frame_index,timestamp,face_detected,detection_confidence,left_eye_ear,right_eye_ear,avg_eye_ear,mouth_aspect_ratio,left_eyebrow_eye_dist,right_eyebrow_eye_dist,mouth_face_width_ratio,smile_ratio,nose_wrinkle,eye_openness_ratio,eye_asymmetry,eyebrow_asymmetry,jaw_asymmetry,inner_mouth_openness,hog_mean,hog_std,hog_min,hog_max,face_brightness,face_contrast,edge_intensity_mean,edge_intensity_std,emotion,emotion_code,actor_id,actor,gender,intensity,video_id
0,0.0,True,1.0,0.2867762050543758,0.26318788575745766,0.27498204540591675,0.4865635305576946,-0.06018518518518523,-0.05879629629629629,0.3765449430710269,0.11051841752551701,0.1613198108826762,0.5651513690118429,0.023588319296918125,0.0013888888888889395,0.025856741102351588,0.5800002124995834,0.11500975314577698,0.11855455761590206,0.0,0.9999999987499999,0.652742775235094,0.3073274794534466,0.27710186903396977,0.39740874664296066,neutral,01,01,01,male,normal,0
10,0.33366666666666667,True,1.0,0.476520360165551,0.41886915786590734,0.4476947590157292,0.48691641688896775,-0.04634259259259249,-0.04500000000000004,0.3777149990092337,0.11051841752551708,0.1613198108826762,0.9194488899679423,0.057651202299643656,0.001342592592592451,0.025660842094615218,0.5650172945916055,0.11288602766774972,0.11866728208314314,0.0,0.9999999987499999,0.6526076361091312,0.3082676094150974,0.2732227598990103,0.3990282300581725,neutral,01,01,01,male,normal,0
20,0.6673333333333333,True,1.0,0.5030385660751402,0.4795573821742664,0.49129797412470333,0.5133040915991134,-0.04828703703703696,-0.045648148148148104,0.3777075545556731,0.1024493427882567,0.1627270799193008,0.9571284978347754,0.02348118390087378,0.0026388888888888573,0.01949042183912627,0.5460478771425662,0.11001558912030912,0.11831218967796257,0.0,0.9999999987499999,0.6515599997264531,0.3083575893104941,0.2752303036579921,0.39854994476439437,neutral,01,01,01,male,normal,0
30,1.0010000000000001,True,1.0,0.43528430052774847,0.383484866444888,0.40938458348631823,0.8324806370934992,-0.050925925925925986,-0.047083333333333366,0.35824881330502567,0.22348797263508116,0.1634004833447456,0.49176469126733413,0.051799434082860474,0.0038425925925926196,0.014831302572096536,0.35457354144608394,0.11129721304198024,0.1179179977057599,0.0,0.9999999987499999,0.6545266143176021,0.30823734278768083,0.2772849730319666,0.4063175855989102,neutral,01,01,01,male,normal,0
40,1.3346666666666667,True,1.0,0.47873895672930183,0.44527685438822107,0.4620079055587615,0.7743132316745814,-0.05152777777777773,-0.04763888888888884,0.3673377492584537,0.2352732579343435,0.1613401458488224,0.596667971900199,0.03346210234108077,0.003888888888888886,0.009127794896111279,0.40845965857555416,0.11033594874525372,0.11881793731769583,0.0,0.9999999987499999,0.6548281014671494,0.3085598065679941,0.27508872220845654,0.4012048146645959,neutral,01,01,01,male,normal,0
50,1.6683333333333334,True,1.0,0.4696016771488456,0.46067076121379896,0.4651362191813223,0.5821658702941191,-0.048981481481481515,-0.04375000000000001,0.3626478602710763,0.19914019186305126,0.1600962747157314,0.7989754173433911,0.008930915935046635,0.005231481481481504,0.012113847234527611,0.47363232270819106,0.12206087079865419,0.11264280647996747,0.0,0.9999999987499999,0.596024587921106,0.2834665223895139,0.2927307822504637,0.35974831170262533,neutral,01,01,01,male,normal,0
60,2.0020000000000002,True,1.0,0.49413381729342926,0.47134566262050936,0.4827397399569693,0.7029201236852344,-0.05018518518518522,-0.04509259259259257,0.3669514505892136,0.16044915866728243,0.16827513866328841,0.6867632945633788,0.02278815467291989,0.0050925925925926485,0.016942019613285442,0.4041177502570003,0.10996542261657351,0.11932071735391793,0.0,0.9999999987499999,0.6517372231627026,0.30838241630788044,0.27515288079216677,0.4012525926261972,neutral,01,01,01,male,normal,0
70,2.3356666666666666,True,1.0,0.5043568552350427,0.48411765302423504,0.49423725412963887,0.5460584655890546,-0.049166666666666636,-0.04222222222222227,0.379183770341893,0.10329642199775976,0.1702536461058784,0.9050995182292172,0.02023920221080766,0.006944444444444364,0.027380697881127392,0.517538194720979,0.11199525777080292,0.11886894264698247,0.0,0.9999999987499999,0.6514716594215811,0.3087452903556449,0.2740372787501615,0.39950289518883497,neutral,01,01,01,male,normal,0
80,2.6693333333333333,True,1.0,0.49673233152648616,0.46873752387163564,0.4827349276990609,0.41758357884863717,-0.04888888888888887,-0.04120370370370374,0.38858995059625756,0.04319830126020361,0.17233559216586827,1.1560199015250054,0.027994807654850518,0.007685185185185128,0.02858274081169877,0.6410143624766185,0.12315330039911154,0.11161821795901818,0.0,0.9126697651464445,0.6066057601634404,0.28213197599202733,0.2891489074284924,0.3482807434036056,neutral,01,01,01,male,normal,0
90,3.003,True,1.0,0.4867404082550319,0.45885872384089293,0.4727995660479624,0.43429426482511224,-0.049259259259259225,-0.0405092592592593,0.38454849254989715,0.05789572588791945,0.16950926939060418,1.0886617769137614,0.027881684414138963,0.008749999999999925,0.04253817228636181,0.6195383234097125,0.11329960750888965,0.11697669185711496,0.0,0.9999999987499999,0.6529068068477392,0.3072090381698779,0.2740120738026248,0.3949020958634203,neutral,01,01,01,male,normal,0
0,0.0,True,1.0,0.4854713990002572,0.4599956206454567,0.47273350982285695,0.5052743086914555,-0.047824074074074074,-0.0467129629629629,0.3827869333470214,0.11535726763649838,0.16548122276236094,0.9355977568840345,0.025475778354800527,0.0011111111111111738,0.0327012541841332,0.5328077357148902,0.11243708833805993,0.11829015389250871,0.0,0.9999999987499999,0.6498982644698506,0.3080373653981448,0.27992362444215946,0.398686393781278,neutral,01,01,01,male,normal,1
10,0.33366666666666667,True,1.0,0.47633482501878166,0.46786558929215044,0.4721002071554661,0.48081230723807955,-0.04699074074074072,-0.045740740740740804,0.38088606788804136,0.08721792694036656,0.1662152145368267,0.9818804553222479,0.008469235726631219,0.0012499999999999178,0.029614883975593146,0.5852734293870941,0.1200441659854663,0.11412379442314625,0.0,0.9999999987499999,0.6067229934395633,0.2816859839954457,0.2846116462064797,0.35316170024780197,neutral,01,01,01,male,normal,1
20,0.6673333333333333,True,1.0,0.5243604220265552,0.4651041986048559,0.4947323103157055,0.48119798619709847,-0.0438425925925926,-0.04425925925925922,0.37667545536053954,0.07253044878060255,0.16843692044531705,1.0281263108051815,0.05925622342169928,0.0004166666666666208,0.04382618664286901,0.5724257868974358,0.12279224883667103,0.11201529183402471,0.0,0.9999999987499999,0.6084190004517432,0.27858043921320536,0.290377529880304,0.3535387600216003,neutral,01,01,01,male,normal,1
30,1.0010000000000001,True,1.0,0.44880846025773696,0.451634340001875,0.450221400129806,0.8381557077992678,-0.047731481481481486,-0.04907407407407405,0.36443592487020865,0.1943269327572142,0.16561394989380004,0.5371572321710308,0.00282587974413806,0.001342592592592562,0.045823687341691156,0.3429479443929874,0.11255700121852148,0.11913943303574356,0.0,0.9999999987499999,0.6499733535289115,0.30809638154317476,0.2827832770487371,0.39670843321421,neutral,01,01,01,male,normal,1
40,1.3346666666666667,True,1.0,0.4253271156977739,0.3846928360889325,0.4050099758933532,0.6341266750233062,-0.05212962962962964,-0.050000000000000044,0.3747051686521475,0.16946157353912725,0.16476865225934556,0.6386893847013576,0.04063427960884142,0.0021296296296295925,0.022880170757876482,0.4580864654200363,0.11100902197621483,0.11915261028908197,0.0,0.9999999987499999,0.6558502851765706,0.307499068675537,0.2793500093819721,0.4021982355104958,neutral,01,01,01,male,normal,1
50,1.6683333333333334,True,1.0,0.4438694767934235,0.4532236385213078,0.4485465576573656,0.5375380758241493,-0.04893518518518514,-0.046157407407407425,0.37243906747656713,0.15670544112499726,0.16272707991930074,0.8344461124352122,0.009354161727884336,0.0027777777777777124,0.010653322910178066,0.5317161570473118,0.1129933982933002,0.11759696992929808,0.0,0.9999999987499999,0.6537306346757453,0.30793329708462963,0.27614249376799926,0.40060372040953,neutral,01,01,01,male,normal,1
60,2.0020000000000002,True,1.0,0.4533900764904421,0.45357941514298344,0.4534847458167128,0.6871829144681633,-0.0503703703703704,-0.04787037037037034,0.3725043644945708,0.18672052795480107,0.16758160415573126,0.65991854027349,0.00018933865254133764,0.0025000000000000577,0.005686429079008911,0.4279571353377085,0.1109253595569426,0.11970891340550398,0.0,0.9999999987499999,0.6557335687712585,0.3085252310156754,0.2765585028197857,0.4011678729388693,neutral,01,01,01,male,normal,1
70,2.3356666666666666,True,1.0,0.3751923329454951,0.34974644363478624,0.36246938829014064,0.5967669879040063,-0.051944444444444404,-0.04939814814814808,0.38572832355576636,0.07993383424249519,0.17174292150899614,0.6073884709394248,0.025445889310708847,0.0025462962962963243,0.011430382125881183,0.46639885734426806,0.10921542089416923,0.12205396723354071,0.0,0.9999999987499999,0.651993136207608,0.3095386544364069,0.27642129159736245,0.39793493615170966,neutral,01,01,01,male,normal,1
80,2.6693333333333333,True,1.0,0.46127722358368123,0.4197122036093861,0.4404947135965337,0.3920480892094879,-0.04749999999999999,-0.045787037037037015,0.3993730302344973,0.027952715826138404,0.16821936268337853,1.1235731679874574,0.041565019974295125,0.0017129629629629717,0.005874216074916276,0.6827299967191058,0.11219964712475927,0.11835452918861956,0.0,0.9999999987499999,0.6513275866518483,0.3082584407213791,0.27482839810854326,0.3953998981390641,neutral,01,01,01,male,normal,1
90,3.003,True,1.0,0.4775521920387537,0.44518897607567764,0.46137058405721565,0.39475229881590945,-0.047361111111111076,-0.044537037037036986,0.39487160210980377,0.014086930581439243,0.17099447946145338,1.1687597144871176,0.032363215963076064,0.00282407407407409,0.009214107018941094,0.6834173798787121,0.11156281802549525,0.11895500421671762,0.0,0.9999999987499999,0.6490861133906689,0.30815354873025463,0.27350775811183886,0.3939348900863954,neutral,01,01,01,male,normal,1
0,0.0,True,1.0,0.49475500131240435,0.5007923083613378,0.4977736548368711,0.47183656410651204,-0.04856481481481478,-0.04069444444444442,0.3790560722344699,0.08104683951871257,0.16607561779133423,1.054970497632956,0.00603730704893346,0.007870370370370361,0.03448125118504424,0.6005443274124334,0.12420465170565882,0.11010158300000117,0.0,0.9999999987499999,0.6036563892822754,0.28733863091628353,0.2895504505971985,0.3646164107802841,neutral,01,01,01,male,normal,2
10,0.33366666666666667,True,1.0,0.5277250905148694,0.5154738567317665,0.5215994736233179,0.4976110935429623,-0.0494444444444444,-0.043749999999999956,0.3842422473882703,0.11708496318657909,0.16188522218583634,1.048207084592025,0.012251233783102888,0.005694444444444446,0.031784802614960056,0.5655673767222232,0.12454900032575479,0.11057676220661196,0.0,0.9241732039198951,0.6014967122630303,0.28425511843830975,0.2946111423626369,0.35847637259006665,neutral,01,01,01,male,normal,2
20,0.6673333333333333,True,1.0,0.5547050821900803,0.4808427441570841,0.5177739131735822,0.5989955287106128,-0.05532407407407408,-0.045416666666666716,0.3690835758232079,0.2167931764467784,0.1479187298124895,0.8644036363478926,0.07386233803299619,0.009907407407407365,0.062063462703570334,0.49341483426045896,0.1114500690593692,0.11825784440322253,0.0,0.9999999987499999,0.6638305938859919,0.30834433004884865,0.2685874412466053,0.3891919713115185,neutral,01,01,01,male,normal,2
30,1.0010000000000001,True,1.0,0.4791712405509367,0.4537385832966415,0.4664549119237891,0.7252286642463324,-0.053749999999999964,-0.0444444444444444,0.3740550405044887,0.21438258882337322,0.15418448130461643,0.6431832260912294,0.025432657254295166,0.009305555555555567,0.05136188049690916,0.4095631415380444,0.11156513151105854,0.1191128908759397,0.0,0.9999999987499999,0.6570413830297744,0.31314632209593046,0.26907490282051616,0.392840308027443,neutral,01,01,01,male,normal,2
40,1.3346666666666667,True,1.0,0.5048379102590693,0.4796737502834719,0.4922558302712706,0.6126194148844999,-0.050833333333333286,-0.0440740740740741,0.37491738450253337,0.15675761846917388,0.16539590783075772,0.8035263302324136,0.0251641599755974,0.006759259259259187,0.03798633144433048,0.4686103419983321,0.12431042735704646,0.11101664478848904,0.0,0.9999999987499999,0.6026188175191952,0.28564117771194103,0.30156944831386273,0.3617436697283801,neutral,01,01,01,male,normal,2
50,1.6683333333333334,True,1.0,0.4687557350539842,0.44392882295243813,0.45634227900321117,0.524425224863484,-0.05384259259259255,-0.047268518518518376,0.38228901752701017,0.13837309967784472,0.16599474496508415,0.870176065848099,0.024826912101546084,0.0065740740740741765,0.029125381248158867,0.5185459607658373,0.12507573346786224,0.1094596860825497,0.0,0.736056854991494,0.5995405506890256,0.2849534376369213,0.3004266326143124,0.3602475375505042,neutral,01,01,01,male,normal,2
60,2.0020000000000002,True,1.0,0.4138953091462441,0.39375918289891915,0.40382724602258163,0.6989632994299293,-0.05384259259259255,-0.045046296296296195,0.36498881568346636,0.174623362636258,0.16736111111111107,0.5777517165092086,0.02013612624732497,0.008796296296296358,0.05093420860901601,0.41763450912762096,0.12330655727448411,0.11041843699106603,0.0,0.7071067807446058,0.6108834802202131,0.28968799964591113,0.2967334154321027,0.3651551556028906,neutral,01,01,01,male,normal,2
70,2.3356666666666666,True,1.0,0.4791712405509372,0.4278893790555082,0.45353030980322273,0.5024600078494326,-0.04902777777777778,-0.04120370370370363,0.39022519267855227,0.08612487943103636,0.1659740609280414,0.9026197164314973,0.05128186149542896,0.00782407407407415,0.04336742222708015,0.5530389892713575,0.1230796829257585,0.11049898641037541,0.0,0.9522952241651103,0.6049741853381977,0.28918481274414504,0.2925881811076378,0.3665604300467987,neutral,01,01,01,male,normal,2
80,2.6693333333333333,True,1.0,0.4345960093157986,0.42768700924125685,0.43114150927852773,0.3656758867391787,-0.049166666666666636,-0.042222222222222106,0.39461982180549066,0.021076964575702187,0.16597268190058667,1.1790263588970056,0.00690900007454176,0.006944444444444531,0.04362722824991204,0.7174030979744063,0.12552603354482628,0.10946638171123521,0.0,0.9999999987499999,0.5994422479304221,0.2870302282175545,0.30099483915619707,0.3582519928216403,neutral,01,01,01,male,normal,2
90,3.003,True,1.0,0.4348600572876824,0.41146184416398773,0.42316095072583504,0.3915027857962155,-0.050416666666666665,-0.043287037037037124,0.39620747170952136,0.027941940211593345,0.16527823938755853,1.0808631919827467,0.023398213123694667,0.007129629629629541,0.049103494718424685,0.6710072364316912,0.12540333301662476,0.10978060775256811,0.0,0.7593987134426304,0.5991288246704932,0.28615819916636986,0.3004901751418197,0.357907925935167,neutral,01,01,01,male,normal,2
0,0.0,True,1.0,0.5454147246346438,0.5653122700667504,0.5553634973506971,0.7841370848715544,-0.05152777777777778,-0.04546296296296298,0.34848629674330656,0.2798830333329921,0.16043378730338242,0.7082479684552458,0.019897545432106645,0.006064814814814801,0.022424528897373303,0.38351471037339835,0.12627726238607892,0.10824748926342985,0.0,0.9999999987499999,0.602585273038903,0.2863950564362116,0.2948202607362769,0.36648301233313574,neutral,01,01,01,male,normal,3
10,0.33366666666666667,True,1.0,0.534619880180535,0.53887336980891,0.5367466249947225,0.7400704628152215,-0.05101851851851846,-0.04347222222222219,0.3536379773444494,0.25165068437405497,0.16597268190058673,0.7252642173462012,0.004253489628375018,0.007546296296296273,0.0395520291112356,0.40355031675247593,0.12250683012842611,0.11164686632886574,0.0,0.9999999987499999,0.6029151070740796,0.28845879336433583,0.2926551740338299,0.36035120550549743,neutral,01,01,01,male,normal,3
20,0.6673333333333333,True,1.0,0.43447761105357996,0.4355681278964958,0.4350228694750379,0.6517245568176666,-0.05245370370370367,-0.04462962962962963,0.3551544180701762,0.1859403924159904,0.16805555555555562,0.6674949791660904,0.001090516842915834,0.007824074074074039,0.04938942674404447,0.47764224342172257,0.11559058387224246,0.11847174858567287,0.0,0.9999999987499999,0.643147522227641,0.3110607604719043,0.27759887105110925,0.3968729893665757,neutral,01,01,01,male,normal,3
30,1.0010000000000001,True,1.0,0.5349462246146927,0.5060815230289386,0.5205138738218156,0.7708541610527002,-0.0526388888888889,-0.04587962962962955,0.36146984376132246,0.2311246530663821,0.16529439491774361,0.6752429968218465,0.02886470158575405,0.006759259259259354,0.03574712167259748,0.39055410117223177,0.12191586742584475,0.11161116283300485,0.0,0.9999999987499999,0.6050996729629352,0.28895719423087396,0.29378436777223,0.3664678518325777,neutral,01,01,01,male,normal,3
40,1.3346666666666667,True,1.0,0.40453125606410306,0.3727562089431536,0.3886437325036283,0.6039684734312466,-0.052222222222222225,-0.04532407407407402,0.38613163788940086,0.12195857644829701,0.17021465526170562,0.6434834757113692,0.03177504712094947,0.006898148148148209,0.036790314475447256,0.5034771479712045,0.10844248879431936,0.117831164509791,0.0,0.9999999987499999,0.6524579439666491,0.30784140738217614,0.2773803123317505,0.4031732683163952,neutral,01,01,01,male,normal,3
50,1.6683333333333334,True,1.0,0.42142438792747394,0.38324013755320335,0.4023322627403386,0.7511979001264163,-0.051620370370370317,-0.045648148148148215,0.39325869989444046,0.16999639734488572,0.17158158900111725,0.5355875764197845,0.03818425037427059,0.005972222222222101,0.031896187098075436,0.3996729154351788,0.10847544069321498,0.11972586538523665,0.0,0.9999999987499999,0.6531564936365171,0.3069139621394301,0.275285676435419,0.39786535794638533,neutral,01,01,01,male,normal,3
60,2.0020000000000002,True,1.0,0.4655558506089327,0.44411454413277734,0.454835197370855,0.6128980245612125,-0.050416666666666665,-0.04569444444444437,0.37299240405409073,0.11202064954936251,0.17430730635602565,0.742105830242285,0.02144130647615533,0.004722222222222294,0.03788564905612958,0.4493534290176321,0.12361766997474039,0.11110370673166024,0.0,0.9999999987499999,0.6038022340811324,0.2897970777682672,0.3022167962134651,0.36487055683327174,neutral,01,01,01,male,normal,3
70,2.3356666666666666,True,1.0,0.4229455897000301,0.4000837702571787,0.41151467997860436,0.3372307512483006,-0.053611111111111054,-0.045787037037037015,0.3809809545475327,0.0,0.17013933730985403,1.2202762602619506,0.022861819442851428,0.007824074074074039,0.03965873884690394,0.7757582839692597,0.12435646681855829,0.11027615853043775,0.0,0.9999999987499999,0.6028095872880401,0.2880177974816845,0.29318907099102415,0.3610632591806781,neutral,01,01,01,male,normal,3
80,2.6693333333333333,True,1.0,0.4758384062067926,0.4549563171524935,0.4653973616796431,0.3275909628856811,-0.049259259259259225,-0.04263888888888884,0.39209273632985525,0.0071024517494927344,0.1708337799314538,1.420666057390759,0.020882089054299058,0.0066203703703703876,0.034613528566547855,0.7912769081511358,0.1248761152406734,0.10933942531005027,0.0,0.9999999987499999,0.5985736347273285,0.2868030424455246,0.2916663319822384,0.3618444599580941,neutral,01,01,01,male,normal,3
90,3.003,True,1.0,0.4640664056020264,0.45714453105847774,0.46060546833025207,0.3240488103540541,-0.05009259259259263,-0.043333333333333335,0.39611457158566693,-0.007025654858568523,0.1708337799314538,1.421407681845821,0.006921874543548645,0.006759259259259298,0.03608212434686433,0.7912769081511356,0.12649929481111427,0.10781136485749555,0.0,0.9999999987499999,0.6024293410567352,0.287057425005975,0.2984496070713485,0.3637565724426903,neutral,01,01,01,male,normal,3
0,0.0,True,1.0,0.4442764579994462,0.45046862882172,0.4473725434105831,0.4302272476004634,-0.055185185185185115,-0.04532407407407402,0.3974576333995866,0.08305132209128217,0.15834104284958606,1.0398517200055213,0.0061921708222738014,0.009861111111111098,0.06849018403161473,0.646355882439832,0.12718301706862808,0.10735944320197423,0.0,0.8701903138677117,0.6009095248177395,0.2886762383096104,0.29763206214846566,0.3667169927395461,calm,02,01,01,male,normal,4
10,0.33366666666666667,True,1.0,0.4501788185467332,0.43264594945606105,0.44141238400139715,0.4180051307685458,-0.05148148148148146,-0.04180555555555565,0.41249627477755635,0.03366025667644115,0.1646000205807205,1.0559975261303962,0.017532869090672143,0.00967592592592581,0.057904976647568336,0.6773070633411663,0.12356091694695254,0.11116681961311085,0.0,0.9999999987499999,0.6096148395139305,0.285523903689868,0.28935195149793286,0.3669128218431446,calm,02,01,01,male,normal,4
20,0.6673333333333333,True,1.0,0.4225060621549854,0.38639585391291564,0.4044509580339505,0.4929952547712965,-0.05444444444444446,-0.044768518518518596,0.39020659415254677,0.09839594243580388,0.15974562616311458,0.8203952352879699,0.03611020824206973,0.009675925925925866,0.06889608323930897,0.557102132865938,0.12387851244024439,0.11012293287522616,0.0,0.9999999987499999,0.5973603684598839,0.29191246403242094,0.29936593471526873,0.3691126885272477,calm,02,01,01,male,normal,4
30,1.0010000000000001,True,1.0,0.477556236654486,0.45658602072431287,0.46707112868939943,0.7766395791759788,-0.06550925925925921,-0.05032407407407408,0.3874678242215467,0.20436602632804407,0.16737752141912057,0.6014001104411468,0.02097021593017312,0.015185185185185135,0.0668105463560279,0.38461107983769843,0.1118359415660007,0.11869826270157234,0.0,0.9999999987499999,0.656201120534151,0.3092749591234681,0.28627336512793483,0.4146886343668885,calm,02,01,01,male,normal,4
40,1.3346666666666667,True,1.0,0.33822570920369954,0.29163002483427136,0.31492786701898545,0.5979421055627968,-0.065,-0.05504629629629626,0.38350633081691093,0.2201760042343113,0.15640812311565694,0.5266862194335155,0.04659568436942818,0.009953703703703742,0.04748314427152115,0.47725827704597307,0.12252658773058231,0.1129823573342557,0.0,0.9999999987499999,0.5963766447594663,0.2869434751039936,0.2994432948714149,0.36509330921348726,calm,02,01,01,male,normal,4
50,1.6683333333333334,True,1.0,0.4161219624460374,0.3737185612726039,0.3949202618593206,0.8425633050705865,-0.062037037037037,-0.05023148148148138,0.3738146524712682,0.2807314354029329,0.16047420378119986,0.4687128664192607,0.0424034011734335,0.011805555555555625,0.05292947848735163,0.3589833483623446,0.12222329770493831,0.11331038464313993,0.0,0.7580659886577827,0.5991086437152986,0.28932722166531993,0.31341886043721323,0.3748996449622488,calm,02,01,01,male,normal,4
60,2.0020000000000002,True,1.0,0.43368141933183796,0.3820382822883604,0.4078598508100992,0.8096108216700393,-0.05624999999999997,-0.04750000000000004,0.39387841590170025,0.1882227333108778,0.16597957692328513,0.5037727262202091,0.05164313704347756,0.008749999999999925,0.04591831920824185,0.3649745778437405,0.11256669289198383,0.11880999445985926,0.0,0.9999999987499999,0.656278000848777,0.30855134028283443,0.28782473584139195,0.4156695529124514,calm,02,01,01,male,normal,4
70,2.3356666666666666,True,1.0,0.4240484383399384,0.42134175391029816,0.42269509612511824,0.5823374071239075,-0.05611111111111111,-0.04824074074074075,0.38970298299641476,0.12772202615522704,0.17153889718267498,0.7258594260890041,0.002706684429640227,0.007870370370370361,0.04602342027863891,0.462744464497729,0.11165559629566214,0.11918804933835671,0.0,0.9999999987499999,0.6565917415638131,0.30721094401660726,0.28469423968954344,0.40912703611964296,calm,02,01,01,male,normal,4
80,2.6693333333333333,True,1.0,0.43754950344665133,0.4083412023738123,0.42294535291023183,0.407387582890071,-0.05291666666666667,-0.04444444444444434,0.40504188896859805,0.05423261445466494,0.164590750096599,1.0381891119748707,0.02920830107283906,0.008472222222222325,0.048717171299638415,0.657886445680614,0.12430097958671503,0.1103386988032774,0.0,0.9999999987499999,0.5910148995066776,0.28460375618361855,0.31039784064372417,0.36624959708795957,calm,02,01,01,male,normal,4
90,3.003,True,1.0,0.4298686317388805,0.42283474249655784,0.4263516871177192,0.35385148776409525,-0.05189814814814814,-0.044490740740740664,0.401442013544761,0.020395425411200038,0.16527777777777775,1.2048887792212934,0.007033889242322677,0.007407407407407474,0.05049712998234012,0.7296475255854933,0.1272890677291031,0.10723368459562767,0.0,0.7308756577168866,0.588987873289941,0.2860951284227017,0.3128794927128552,0.36663973540646394,calm,02,01,01,male,normal,4
100,3.336666666666667,True,1.0,0.45148258807249275,0.4186110191264478,0.4350468035994703,0.36606792196824567,-0.0521759259259259,-0.04300925925925925,0.4042287024675797,0.04059500371336545,0.16598371379942167,1.188431920667466,0.03287156894604493,0.009166666666666656,0.05831948782639046,0.7426154400790089,0.123327533436928,0.11004930665654337,0.0,0.9999999987499999,0.5963984893566802,0.288337925890412,0.29943191267961977,0.3735524540720185,calm,02,01,01,male,normal,4
0,0.0,True,1.0,0.5168909252015499,0.5104616159624529,0.5136762705820014,0.5220542190363707,-0.04935185185185181,-0.044768518518518485,0.39625966002659696,0.09170163114082251,0.16756202664121514,0.9839519571935771,0.006429309239097014,0.004583333333333328,0.012977603558016096,0.5479009125785613,0.12599361927009178,0.10875282882830321,0.0,0.9999999987499999,0.6007592906068677,0.28269405058582964,0.3031538344130888,0.3681766027345256,calm,02,01,01,male,normal,5
10,0.33366666666666667,True,1.0,0.5008053317754171,0.48628911810933495,0.493547224942376,0.49019178568067995,-0.04819444444444443,-0.0427777777777778,0.4005742255116855,0.0839895013123357,0.16758160415573115,1.0068451560383385,0.014516213666082134,0.005416666666666625,0.01710112372766034,0.5622096477981932,0.12428921589889387,0.11035194964653157,0.0,0.9999999987499999,0.6033749421096563,0.28421502772467283,0.303042618059833,0.3701377247581139,calm,02,01,01,male,normal,5
20,0.6673333333333333,True,1.0,0.5181715363372633,0.49494415542157044,0.5065578458794169,0.6113083049333221,-0.049537037037037046,-0.04439814814814802,0.39301971017909443,0.0995153054542625,0.1682025809244582,0.8286454507348289,0.023227380915692875,0.005138888888889026,0.016999885269217398,0.4715041005334977,0.11317473308241816,0.11919386984658166,0.0,0.9999999987499999,0.6490020006596388,0.30719019450925394,0.2784783432349881,0.40366525762976463,calm,02,01,01,male,normal,5
30,1.0010000000000001,True,1.0,0.5020671702850079,0.47345225694085274,0.48775971361293036,0.7439035327004049,-0.053518518518518465,-0.04773148148148143,0.4017200108539976,0.13775991346303754,0.1639675432966848,0.6556760281031865,0.02861491334415517,0.005787037037037035,0.020338188610424947,0.3754569689433403,0.12177720399231479,0.11261155679736956,0.0,0.9999999987499999,0.6021537570731417,0.2855295527294787,0.3098572161806673,0.37514877448029893,calm,02,01,01,male,normal,5
40,1.3346666666666667,True,1.0,0.43710315727104687,0.4243201724437537,0.4307116648574003,0.647469328746733,-0.051296296296296284,-0.04620370370370369,0.3932035463438582,0.16185523150318828,0.1639675432966848,0.6652232711796598,0.012782984827293176,0.005092592592592593,0.01789901066573551,0.45449591787992855,0.1246728144651653,0.10991838478182885,0.0,0.9999999987499999,0.6050401106927147,0.28391964155617305,0.30628589252256355,0.3725681039616481,calm,02,01,01,male,normal,5
50,1.6683333333333334,True,1.0,0.4620990332368841,0.418837319457165,0.44046817634702456,0.8656517153564275,-0.053981481481481464,-0.04856481481481478,0.3705208440016574,0.26117573520832876,0.16250422545588047,0.5088283989198406,0.0432617137797191,0.005416666666666681,0.01717674987538984,0.34954694667404906,0.12092199451311444,0.11352938553405079,0.0,0.9999999987499999,0.6026377455982392,0.2864204131011959,0.3078990623205451,0.3787383382639301,calm,02,01,01,male,normal,5
60,2.0020000000000002,True,1.0,0.4368319051646237,0.38514294213255146,0.4109874236485876,0.5334493015259282,-0.052361111111111025,-0.04643518518518519,0.3825118306832504,0.18019853588842955,0.15699304898955815,0.7704338959165582,0.051688963032072266,0.0059259259259258346,0.02082801012797067,0.5175381947209801,0.10992795389395603,0.11807133917051828,0.0,0.9999999987499999,0.6587241375769057,0.3123766138302816,0.27412587128343513,0.39784357076803134,calm,02,01,01,male,normal,5
70,2.3356666666666666,True,1.0,0.4123656073175048,0.41124520098375983,0.4118054041506323,0.6620849295412582,-0.05203703703703699,-0.0463425925925926,0.37692139704838246,0.17654218939117847,0.166001639071374,0.6219827484005138,0.0011204063337449943,0.005694444444444391,0.023437298895465714,0.4301633781034142,0.12481332025300737,0.11027832475026819,0.0,0.9999999987499999,0.6043890644773535,0.28492941194878135,0.31161270125589885,0.3727454732377449,calm,02,01,01,male,normal,5
80,2.6693333333333333,True,1.0,0.44161746602874,0.4167332621799149,0.42917536410432744,0.6019202826630079,-0.04958333333333337,-0.04425925925925922,0.39835755885991403,0.11897406276363345,0.1673725073290452,0.7130103046296685,0.024884203848825115,0.005324074074074148,0.024718478535016814,0.46309432655054933,0.12320703284917318,0.11223994309610984,0.0,0.7301307393880736,0.6017187337591287,0.28543251604486103,0.3053543577584446,0.36293778981689173,calm,02,01,01,male,normal,5
90,3.003,True,1.0,0.48391323464452857,0.465430995822839,0.4746721152336838,0.4464413228099032,-0.049398148148148135,-0.04296296296296298,0.4016897186208544,0.05579654571635338,0.170167585448421,1.0632351688371855,0.01848223882168959,0.006435185185185155,0.03140212112431679,0.6008225207176133,0.1242729639933497,0.11037025142699529,0.0,0.8139127969542713,0.600151102222139,0.2856297432124232,0.3035665167542501,0.3616403774260956,calm,02,01,01,male,normal,5
100,3.336666666666667,True,1.0,0.4747042189835359,0.44229248412044414,0.45849835155199004,0.412882512244767,-0.04949074074074078,-0.04268518518518516,0.40485526915809217,0.013760331812385682,0.1736467031658684,1.1104814031943808,0.032411734863091735,0.00680555555555562,0.031136050625748913,0.6944282824035525,0.11527775230043315,0.11732366594072538,0.0,0.9999999987499999,0.6519824780146434,0.30615576237988107,0.2845522088963524,0.40688986265540106,calm,02,01,01,male,normal,5
0,0.0,True,1.0,0.45460995426186507,0.43620185320623933,0.4454059037340522,0.41628900413925357,-0.050925925925925875,-0.044768518518518485,0.41646634580725955,0.026001998980511323,0.16876130242820955,1.069943955533975,0.018408101055625736,0.006157407407407389,0.03672636044208356,0.6529833204051784,0.1143213381453549,0.11712261428473615,0.0,0.9999999987499999,0.6523274435633628,0.3015623395837448,0.28568657738566644,0.4020903923904351,calm,02,01,01,male,normal,6
10,0.33366666666666667,True,1.0,0.43024921377836867,0.41744252495242823,0.4238458693653985,0.3595624001795584,-0.050925925925925875,-0.041898148148148184,0.45550869765569807,-0.03585553773208916,0.1687572336412576,1.1787825121696212,0.012806688825940438,0.00902777777777769,0.04514927089198797,0.7479023678254468,0.12506674522405256,0.10877157454429462,0.0,0.9069307638423446,0.602315400074092,0.2857686503311118,0.29772519570058714,0.35733030262216375,calm,02,01,01,male,normal,6
20,0.6673333333333333,True,1.0,0.40514549688757434,0.3785234602666887,0.3918344785771315,0.5046824897220105,-0.049537037037037046,-0.042083333333333306,0.4187038080759807,0.04521683091636416,0.1722505717034359,0.7763980057896639,0.026622036620885636,0.00745370370370374,0.042849778105533816,0.5708249423396541,0.11326840089211958,0.11797983108990011,0.0,0.9999999987499999,0.6463043138505402,0.3043965495874279,0.2907870504151804,0.4110203210138162,calm,02,01,01,male,normal,6
30,1.0010000000000001,True,1.0,0.45007296696871046,0.414643325614585,0.4323581462916477,0.7464042578942565,-0.05481481481481476,-0.047685185185185164,0.39114260717668037,0.1587413014760501,0.17086950399915832,0.5792546622274228,0.03542964135412546,0.007129629629629597,0.048208155624559344,0.38887300008937475,0.11097595238997705,0.1196620129051713,0.0,0.9999999987499999,0.6499579556744574,0.305165621289863,0.29504240825064865,0.41574226828709243,calm,02,01,01,male,normal,6
40,1.3346666666666667,True,1.0,0.4238787580626218,0.40596083727278126,0.41491979766770154,0.6144206872340103,-0.05337962962962961,-0.04541666666666666,0.3801499075132845,0.14277862709486402,0.17223816937956288,0.675302453658553,0.017917920789840558,0.00796296296296295,0.04906999869783892,0.45404174319927876,0.12362501258018858,0.10988853721663434,0.0,0.8824977958596247,0.6079418957895658,0.2858383997910268,0.29642543043125086,0.35366544328875893,calm,02,01,01,male,normal,6
50,1.6683333333333334,True,1.0,0.30297690372869207,0.3055961659013802,0.30428653481503615,0.7952841145183801,-0.06425925925925924,-0.05601851851851858,0.4015887448468357,0.1548371807116303,0.1687572336412576,0.3826136210444873,0.0026192621726881526,0.00824074074074066,0.041790661070322456,0.35599582892943754,0.11151945479589087,0.11722125734533402,0.0,0.9999999987499999,0.6540236087325555,0.30432701913367294,0.29374520819422534,0.4141357031041068,calm,02,01,01,male,normal,6
60,2.0020000000000002,True,1.0,0.4525627561674851,0.40366476471107055,0.42811376043927785,0.8498728115567149,-0.053240740740740644,-0.0463425925925926,0.41086230440895266,0.19243042725066895,0.1694448947031956,0.5037386237301796,0.04889799145641455,0.006898148148148042,0.04146344136932621,0.33704958107754107,0.11191608478714274,0.11813988961264156,0.0,0.9999999987499999,0.6507009482230393,0.3050702123954286,0.29386324877772263,0.4198946798674789,calm,02,01,01,male,normal,6
70,2.3356666666666666,True,1.0,0.48623212091515267,0.4679446659508197,0.47708839343298615,0.6032215383984841,-0.052824074074074134,-0.04638888888888887,0.39771140010457084,0.10274631628750801,0.1791670924928322,0.7909007935950468,0.018287454964332983,0.006435185185185266,0.042886277463376074,0.45624957695874385,0.11559012571828446,0.11668983549034635,0.0,0.9999999987499999,0.6475772322600915,0.3040961761079481,0.29304453407614917,0.41217010778371743,calm,02,01,01,male,normal,6
80,2.6693333333333333,True,1.0,0.47511473921130637,0.4467286325216308,0.4609216858664686,0.47938897644860445,-0.05023148148148143,-0.044120370370370365,0.4196878115596577,0.025900947845203196,0.17500697530741458,0.9614774400551621,0.02838610668967556,0.006111111111111067,0.04279284709463472,0.5874595531935044,0.11065182556134708,0.11787909705942973,0.0,0.9999999987499999,0.6459728575414541,0.30490673253419104,0.2858162760690271,0.4060166411698359,calm,02,01,01,male,normal,6
90,3.003,True,1.0,0.4404803817449778,0.44154644114313707,0.4410134114440574,0.39340768097400736,-0.05018518518518522,-0.04328703703703701,0.42733626166624344,-0.0063359047750076725,0.17502789956175563,1.1210086451596135,0.0010660593981592914,0.006898148148148209,0.05345096913259932,0.6826473588637549,0.11420062702324556,0.11740270809188555,0.0,0.9999999987499999,0.6487238277264031,0.3026520708963158,0.2857498438716598,0.3988349630674931,calm,02,01,01,male,normal,6
100,3.336666666666667,True,1.0,0.4152929220019173,0.3976297035704516,0.40646131278618447,0.3931337662918112,-0.05138888888888882,-0.04254629629629636,0.42894921482556525,-0.018972693635377617,0.17500043596485879,1.0339007931577178,0.017663218431465733,0.008842592592592458,0.04931518216573427,0.6641008613652898,0.12677518073140168,0.10819349019578069,0.0,0.9999999987499999,0.5981677013305323,0.28360124724778973,0.3060286070098586,0.3640512708889438,calm,02,01,01,male,normal,6
0,0.0,True,1.0,0.4411003685124181,0.4429791534496495,0.4420397609810338,0.4562199370868632,-0.054490740740740784,-0.041111111111111154,0.39325753805549435,0.08604885474048433,0.1619116119493367,0.9689181139334349,0.0018787849372314258,0.01337962962962963,0.1069866012252671,0.6166423062205475,0.11650376159588376,0.11445364487121831,0.0,0.9999999987499999,0.6456388176833233,0.31639479584319785,0.27772948550040566,0.383667458103271,calm,02,01,01,male,normal,7
10,0.33366666666666667,True,1.0,0.4378464190248126,0.37418190809951096,0.4060141635621618,0.4244536979150122,-0.055277777777777815,-0.04009259259259257,0.3967043444394584,0.07205682462238557,0.16188522218583634,0.9565570180129694,0.06366451092530162,0.015185185185185246,0.11604656981292244,0.6720474073734626,0.11808495454895591,0.11499590478660073,0.0,0.9999999987499999,0.6494055357377326,0.3068149837652103,0.28673356288147434,0.3977592540725646,calm,02,01,01,male,normal,7
20,0.6673333333333333,True,1.0,0.4298230851235171,0.3673695752843716,0.39859633020394436,0.5747309993810013,-0.05453703703703705,-0.042407407407407394,0.38185037506186187,0.14891743755293022,0.15850718807978417,0.6935354637791279,0.062453509839145493,0.012129629629629657,0.10991955813377151,0.5099038641240036,0.11369760941245445,0.11691624783734894,0.0,0.9999999987499999,0.6427593155387156,0.3185468934185467,0.2776784606833594,0.38891112448811227,calm,02,01,01,male,normal,7
30,1.0010000000000001,True,1.0,0.4317591831947874,0.3736938620395083,0.4027265226171478,0.6891133697271954,-0.05652777777777779,-0.04500000000000004,0.39313149563586264,0.2018959993049511,0.15974562616311458,0.5844125804388011,0.058065321155279126,0.011527777777777748,0.07281944723417787,0.4184867258628568,0.11762215609713868,0.11480734825513542,0.0,0.9999999987499999,0.6467631992015557,0.30790231855486155,0.2907907248001767,0.3971998900917387,calm,02,01,01,male,normal,7
40,1.3346666666666667,True,1.0,0.4491409041331684,0.4252031353514987,0.43717201974233355,0.6167213326060814,-0.05810185185185179,-0.048888888888888926,0.3829473490015658,0.15386631819005114,0.16877893270488467,0.7088647605150519,0.0239377687816697,0.009212962962962867,0.061880799430648704,0.4730834237149888,0.11611544029889438,0.11550923601443382,0.0,0.9999999987499999,0.6500565316751701,0.30492234118888484,0.2866092483541982,0.40417825009405406,calm,02,01,01,male,normal,7
50,1.6683333333333334,True,1.0,0.4078833088843653,0.39590889928512785,0.4018961040847466,0.7886230187121238,-0.05689814814814809,-0.04657407407407399,0.3941144483502385,0.21718379224171577,0.16458518755548332,0.5096175162894317,0.011974409599237457,0.010324074074074097,0.05989336650071014,0.3821318694536261,0.1250439169067249,0.10862256251288378,0.0,0.8287490429578889,0.5988708668623699,0.28758617942865855,0.30952695526932394,0.3621977722899298,calm,02,01,01,male,normal,7
60,2.0020000000000002,True,1.0,0.437400225351037,0.41525890838329627,0.4263295668671666,0.7649523270320434,-0.06013888888888891,-0.04930555555555549,0.38533952195328475,0.19434957035026573,0.16875406896136047,0.5573282828242287,0.022141316967740743,0.010833333333333417,0.06973690318124715,0.3884452705908118,0.11357334297759057,0.11687406560969912,0.0,0.9999999987499999,0.649813245931185,0.3063959581166878,0.2893240188665846,0.404235506394063,calm,02,01,01,male,normal,7
70,2.3356666666666666,True,1.0,0.3616519707323975,0.32411036673337373,0.34288116873288566,0.6355753312146857,-0.05986111111111109,-0.048518518518518516,0.3810723553915361,0.11277112855803212,0.17433356625311971,0.5394815561478529,0.03754160399902379,0.01134259259259257,0.06628048427492186,0.42637050176453795,0.11731327955618573,0.11627562466236041,0.0,0.9999999987499999,0.6491737526260505,0.3076385013640815,0.29251560221873835,0.39885726765386503,calm,02,01,01,male,normal,7
80,2.6693333333333333,True,1.0,0.4421294127496009,0.3961644285384514,0.41914692064402614,0.42420766900803125,-0.05291666666666678,-0.04268518518518516,0.39099624332661637,0.04769850923285533,0.16752559727057034,0.9880701158094591,0.04596498421114947,0.010231481481481619,0.06788755780532811,0.626719879128488,0.1261120552380387,0.10879073189449194,0.0,0.9999999987499999,0.5983594416282139,0.28489760910208284,0.3056359061393725,0.36251789795547806,calm,02,01,01,male,normal,7
90,3.003,True,1.0,0.42356616094901683,0.3883328441797381,0.40594950256437745,0.3350970038660172,-0.05175925925925923,-0.043333333333333335,0.43673495936692663,-0.01851631382273794,0.17434100583818904,1.211438771104887,0.03523331676927871,0.008425925925925892,0.058479615441909764,0.7884994378803151,0.11208295693444073,0.1186257565036883,0.0,0.9999999987499999,0.6495266057594913,0.30322551342967446,0.28750319601403723,0.4010788416783912,calm,02,01,01,male,normal,7
100,3.336666666666667,True,1.0,0.436296951153454,0.40377428065751086,0.42003561590548244,0.3450476320907366,-0.051203703703703696,-0.04236111111111107,0.4403232957323848,-0.042915002219006036,0.17570139218256636,1.2173264698568527,0.03252267049594315,0.008842592592592624,0.05319644120340252,0.7800748607806716,0.11712366373606553,0.11465308727159376,0.0,0.9999999987499999,0.6463253457945678,0.30508394494626934,0.2935479336527499,0.3972901187115693,calm,02,01,01,male,normal,7
0,0.0,True,1.0,0.4549685394466416,0.4446030147346357,0.44978577709063866,0.5231703507308451,-0.05587962962962967,-0.05189814814814814,0.3810089402716404,0.1741988413604079,0.1517558310289195,0.8597310158389299,0.010365524712005914,0.00398148148148153,0.014874479459522997,0.5469794131398563,0.11502024465361355,0.1165998387638822,0.0,0.9999999987499999,0.6560037799807423,0.3142921353006792,0.2770444973884995,0.3949482299865727,calm,02,01,01,male,strong,8
10,0.33366666666666667,True,1.0,0.45696018570865643,0.45364506646983005,0.4553026260892432,0.5231703507308446,-0.054629629629629584,-0.05208333333333337,0.3810089402716405,0.1741988413604078,0.15445145430235066,0.8702760495758344,0.0033151192388263806,0.0025462962962962132,0.01418742998325863,0.5625677371751696,0.12382271272106248,0.11053094543548114,0.0,0.9999999987499999,0.5923071456942153,0.28360677235059695,0.2978152271530606,0.3719952263748362,calm,02,01,01,male,strong,8
20,0.6673333333333333,True,1.0,0.48222878560156524,0.4966397266060346,0.4894342561037999,0.5369098825559205,-0.05486111111111108,-0.052083333333333315,0.3722119505150684,0.18622256459571,0.15655487833868553,0.9115761732190207,0.01441094100446938,0.002777777777777768,0.01642865400255367,0.5490867127348675,0.12483699854251562,0.10990536712119017,0.0,0.9999999987499999,0.5917399135826206,0.2828703291433981,0.29853097801277106,0.37039402903056473,calm,02,01,01,male,strong,8
30,1.0010000000000001,True,1.0,0.4424775207253215,0.4509462077961834,0.44671186426075243,0.8160530683207375,-0.057222222222222174,-0.053333333333333344,0.37924202793698775,0.2767495249836223,0.15394921226403785,0.5474054097731533,0.008468687070861902,0.0038888888888888307,0.003389941231160524,0.3714831606655562,0.11018555752684503,0.11766917670284538,0.0,0.9999999987499999,0.6570115368412991,0.3134257543394351,0.27596063196687526,0.39842792224851264,calm,02,01,01,male,strong,8
40,1.3346666666666667,True,1.0,0.35067130108061845,0.3538040115547726,0.35223765631769555,0.622451082223757,-0.05259259259259258,-0.048101851851851896,0.3733037497132631,0.2369330563172072,0.14970563725525862,0.5658880936623935,0.0031327104741541434,0.004490740740740684,0.0013332169250507779,0.46837210178632416,0.11121911723974282,0.11799165976505718,0.0,0.9999999987499999,0.6582016442905286,0.3122537488144278,0.27364421782141213,0.3951488285754791,calm,02,01,01,male,strong,8
50,1.6683333333333334,True,1.0,0.28201322230249426,0.26588199551873426,0.27394760891061426,0.8813134711374616,-0.06393518518518515,-0.059953703703703676,0.3504414033809642,0.3696691014625348,0.1502926832051381,0.31084014698770634,0.01613122678376,0.003981481481481475,0.0021019053190186976,0.34136290439537675,0.10853954533906529,0.11822620540994362,0.0,0.9999999987499999,0.6586007788818652,0.31235646419597995,0.27635119653790013,0.3971272079447847,calm,02,01,01,male,strong,8
60,2.0020000000000002,True,1.0,0.45220719592663633,0.42512027291070625,0.4386637344186713,0.5537415599414083,-0.054120370370370374,-0.04981481481481481,0.37669741704535264,0.18935493814668944,0.15215555505477868,0.7921813462314199,0.027086923015930076,0.0043055555555555625,0.0056346205968996615,0.5185328223744449,0.11174730397836952,0.1173292798915886,0.0,0.9999999987499999,0.6583330954881953,0.3141563167193184,0.27779268142631236,0.4007968218399765,calm,02,01,01,male,strong,8
70,2.3356666666666666,True,1.0,0.29801900179799035,0.292235036207344,0.29512701900266713,0.6722464137345617,-0.06171296296296297,-0.055555555555555525,0.36946570664047856,0.261408739136723,0.1517035369088439,0.43901613005733164,0.005783965590646367,0.006157407407407445,0.007940912417288353,0.4374658243174106,0.1106484607832606,0.11820505084365979,0.0,0.9999999987499999,0.6587987790584984,0.3135638911503709,0.27631978030039617,0.3960214540521617,calm,02,01,01,male,strong,8
80,2.6693333333333333,True,1.0,0.40811546199427756,0.4083395235000703,0.40822749274717396,0.6519933398104361,-0.05254629629629631,-0.04958333333333326,0.37366655329847154,0.2147912450523111,0.15084068909551682,0.6261221822693221,0.00022406150579273865,0.002962962962963056,0.0007638313560230238,0.43511066278084837,0.1101356808616082,0.12027754235513051,0.0,0.9999999987499999,0.6604524607811874,0.313856779837976,0.27701198805411575,0.4013854513070915,calm,02,01,01,male,strong,8
90,3.003,True,1.0,0.40819867878938865,0.4025303889428454,0.40536453386611704,0.5387601490095448,-0.051712962962963016,-0.04828703703703707,0.4143402156861602,0.11438478674265636,0.15505805006776624,0.7524025943851602,0.005668289846543273,0.0034259259259259434,0.008512532286707616,0.5058000923475541,0.12457639569240912,0.10950694851606704,0.0,0.9999999987499999,0.5946073706982793,0.28624225238296186,0.30516737075587175,0.37645880257147823,calm,02,01,01,male,strong,8
100,3.336666666666667,True,1.0,0.4023660331327669,0.40361920955508956,0.4029926213439282,0.5039337022814294,-0.04972222222222222,-0.04777777777777775,0.4180765838611425,0.06624178183886711,0.16274817662309035,0.7996937285985903,0.0012531764223226438,0.0019444444444444708,0.00898703601713199,0.5323700622380436,0.12298624162263755,0.11146092793317647,0.0,0.9999999987499999,0.5935901543820653,0.28453323768568,0.30235001292830316,0.3711836119039031,calm,02,01,01,male,strong,8
0,0.0,True,1.0,0.4608558959468238,0.4280809125340859,0.44446840424045486,0.4590062472781121,-0.04541666666666655,-0.04328703703703696,0.41421502158595624,0.006735359817540655,0.17049008891602965,0.9683275704331563,0.03277498341273788,0.0021296296296295925,0.015363725828017382,0.5971798574099276,0.11474825438309591,0.11767980682191333,0.0,0.9999999987499999,0.647213409457533,0.30793718814874604,0.2827285479171793,0.4078505121815305,calm,02,01,01,male,strong,9
10,0.33366666666666667,True,1.0,0.44368394164665337,0.4285759814824044,0.4361299615645289,0.475197681120169,-0.04597222222222219,-0.04439814814814813,0.40601696114696184,0.02709821717325993,0.17046547475841353,0.9177863842610785,0.01510796016424898,0.001574074074074061,0.021548257101357483,0.612118277899719,0.11194262760158684,0.11971687914560752,0.0,0.9999999987499999,0.6483963459680747,0.30663045338191064,0.2824770692713839,0.4035613843126718,calm,02,01,01,male,strong,9
20,0.6673333333333333,True,1.0,0.4424917414791179,0.42004044842595695,0.4312660949525374,0.540233111308626,-0.04907407407407405,-0.048101851851851896,0.3865551456480776,0.08515083096954133,0.1670000429641963,0.7982963019572535,0.02245129305316096,0.0009722222222221522,0.027687375848846396,0.5345513013833678,0.11445335249121232,0.11780502949052415,0.0,0.9999999987499999,0.6498791259550696,0.3072690848720572,0.28705624272159175,0.4056479756150007,calm,02,01,01,male,strong,9
30,1.0010000000000001,True,1.0,0.4594129407732321,0.404877986876913,0.4321454638250726,0.8037498871709314,-0.05060185185185179,-0.04759259259259252,0.4035776514930397,0.15654931828596302,0.16274817662309035,0.537661616782497,0.05453495389631907,0.003009259259259267,0.006578452049133439,0.35412183150099513,0.11156292283474864,0.11975303495305586,0.0,0.9999999987499999,0.6544055541122701,0.30668388828616205,0.2872355795658015,0.41722801678179977,calm,02,01,01,male,strong,9
40,1.3346666666666667,True,1.0,0.4450234521161237,0.4012069391068875,0.42311519561150557,0.6399935176197141,-0.0526388888888889,-0.04685185185185187,0.4018890396126001,0.1565493182859619,0.15903209549004216,0.6611241894842469,0.043816513009236224,0.005787037037037035,0.031184768499794437,0.4566428925203672,0.12351873687911386,0.11121368449712225,0.0,0.9999999987499999,0.593346657522384,0.28579777652867705,0.3077618463541034,0.3744233978235931,calm,02,01,01,male,strong,9
50,1.6683333333333334,True,1.0,0.4211357217862526,0.3736486976449624,0.3973922097156075,0.6674446337295865,-0.053379629629629666,-0.04523148148148154,0.39072838562178114,0.2128770774238531,0.15695222218313862,0.5953935197516472,0.04748702414129019,0.008148148148148127,0.03323997685099923,0.4352730656772064,0.12513644961188733,0.1099115226025865,0.0,0.9999999987499999,0.6014159285042141,0.2887391207020268,0.30383594415181714,0.3810259485704626,calm,02,01,01,male,strong,9
60,2.0020000000000002,True,1.0,0.434934080395793,0.3851827083045424,0.41005839435016767,0.7984531109025788,-0.053750000000000075,-0.047361111111111076,0.37871149999887616,0.20323198158714223,0.16389075096782327,0.5135660300535794,0.049751372091250634,0.006388888888888999,0.03516531641404217,0.3699538478206304,0.10897198348692996,0.11975233915670778,0.0,0.9999999987499999,0.6523765624140281,0.3086470206303366,0.2848006497227728,0.418108952395508,calm,02,01,01,male,strong,9
70,2.3356666666666666,True,1.0,0.4172456910951792,0.3665542202236177,0.3918999556593985,0.5100768297154291,-0.05273148148148149,-0.04495370370370366,0.3870748223471365,0.10621415646516286,0.1660181837584221,0.7683155415587858,0.050691470871561506,0.007777777777777828,0.039168502853264536,0.5374838498865693,0.12420919020264239,0.11095832952862925,0.0,0.7200627543622582,0.5966164994747899,0.28356368459322273,0.3002801036968122,0.36282513893971985,calm,02,01,01,male,strong,9
80,2.6693333333333333,True,1.0,0.4593504697547268,0.42560522914991217,0.4424778494523195,0.6366092393498727,-0.05351851851851852,-0.04759259259259263,0.39884720176027216,0.13143434628159378,0.16666666666666669,0.6950540804343228,0.03374524060481465,0.00592592592592589,0.03380931064426496,0.436602928603377,0.12363998486445202,0.11125025874091499,0.0,0.8136459601898244,0.601544404715011,0.28507617687229625,0.30943111718816463,0.3728327096717672,calm,02,01,01,male,strong,9
90,3.003,True,1.0,0.4531278342564401,0.45512985828049163,0.45412884626846584,0.6287427695341347,-0.05111111111111105,-0.0461111111111111,0.3996012424124522,0.0838258206347778,0.175,0.722280824962729,0.0020020240240515297,0.004999999999999949,0.02882466354834813,0.4548759330043354,0.11193399548270325,0.11828409932955287,0.0,0.9999999987499999,0.650313991713873,0.3075819685405367,0.28665475070608337,0.4107233519148066,calm,02,01,01,male,strong,9
100,3.336666666666667,True,1.0,0.396052824303724,0.3738068979032103,0.38492986110346716,0.5981406374719808,-0.05245370370370367,-0.044537037037036986,0.4148577450404321,0.03987292754734135,0.17222620914999,0.6435440713915693,0.022245926400513705,0.007916666666666683,0.02866977414024937,0.4521541378405072,0.1098250072929277,0.11913054872286159,0.0,0.9999999987499999,0.6505194474899334,0.30647857039682574,0.2876901382929336,0.41101871452526817,calm,02,01,01,male,strong,9
110,3.6703333333333332,True,1.0,0.41772822927763903,0.3971893227824342,0.4074587760300366,0.5922451401036066,-0.049861111111111134,-0.042453703703703716,0.4190124101144705,0.02630351806315135,0.1715282225678135,0.6879900710688083,0.020538906495204845,0.007407407407407418,0.03505406698533085,0.46430421225188706,0.11254058758997827,0.11819168958426791,0.0,0.9999999987499999,0.6504387022308924,0.30657953821805844,0.289192518373989,0.4089938835043207,calm,02,01,01,male,strong,9
0,0.0,True,1.0,0.44386947679342464,0.45074322820764806,0.44730635250053635,0.5077343950495491,-0.051620370370370317,-0.045370370370370394,0.39608097134614173,0.09872613237074636,0.16544433521784935,0.8809849339769159,0.006873751414223417,0.006249999999999922,0.020153356710011044,0.5312500000000004,0.12406426554277752,0.1109487624537061,0.0,0.9999999987499999,0.5984929514305722,0.28410440932740266,0.2973747734158845,0.3629710065211791,calm,02,01,01,male,strong,10
10,0.33366666666666667,True,1.0,0.4596423120023092,0.4424917414791179,0.45106702674071353,0.4786495334444535,-0.049120370370370314,-0.04268518518518516,0.4109044917456782,0.06153270814636343,0.16538160750987732,0.9423743161196649,0.0171505705231913,0.006435185185185155,0.023220062036607585,0.5784967231996059,0.12670404987337858,0.10827678197988622,0.0,0.9728884524896503,0.6010682157081583,0.2839110373406949,0.3032705611889385,0.3653092620543832,calm,02,01,01,male,strong,10
20,0.6673333333333333,True,1.0,0.47669353530014813,0.45075771461243525,0.46372562495629166,0.4692858741296562,-0.051990740740740726,-0.046296296296296335,0.3917918236990014,0.10665588048401252,0.16396754329668475,0.9881516800741623,0.025935820687712885,0.005694444444444391,0.012331569254500014,0.5965909090909097,0.12500842396008083,0.10988386512098128,0.0,0.9999999987499999,0.5991129758231417,0.2834445563419072,0.29991321277744676,0.37172765578749095,calm,02,01,01,male,strong,10
30,1.0010000000000001,True,1.0,0.48646584336710114,0.4593367375306315,0.4729012904488663,0.7492304324483298,-0.05240740740740735,-0.046851851851851756,0.3804907022928933,0.19832570270691022,0.16047420378119992,0.6311827042362961,0.027129105836469658,0.005555555555555591,0.011231027414226909,0.39754267299883245,0.12171540078465884,0.11199998017067732,0.0,0.9999999987499999,0.6010103036839737,0.28513082623297886,0.30296260375423906,0.37657755623517153,calm,02,01,01,male,strong,10
40,1.3346666666666667,True,1.0,0.4194309453417118,0.40188828744266275,0.4106596163921873,0.6600697653694977,-0.05532407407407408,-0.04870370370370375,0.3781942482681046,0.20533899663243813,0.1584147461506033,0.6221457760033985,0.017542657899049074,0.006620370370370332,0.02376055214699813,0.4397173495484686,0.12617707030433511,0.10853993184276298,0.0,0.9999999987499999,0.6029914190754427,0.28493958311011014,0.30386165719602404,0.36960230774589053,calm,02,01,01,male,strong,10
50,1.6683333333333334,True,1.0,0.44444517803430633,0.42670879919312193,0.43557698861371413,0.797031023072091,-0.0537037037037037,-0.047731481481481486,0.37651449752523736,0.2508627391374175,0.15559527783110308,0.546499415963532,0.017736378841184397,0.005972222222222212,0.026482321862754874,0.3790106490133981,0.11256169151539597,0.11849359830903614,0.0,0.9999999987499999,0.6600150833927322,0.3128027792411577,0.283433647908615,0.4071183506113805,calm,02,01,01,male,strong,10
60,2.0020000000000002,True,1.0,0.41169754912524836,0.40483472704446405,0.40826613808485623,0.7317868085643362,-0.0522685185185186,-0.04606481481481478,0.41147094399217865,0.14905959644475575,0.16046421948056505,0.5579031123638557,0.006862822080784314,0.006203703703703822,0.02736557729321057,0.3858403669150597,0.1228221078786664,0.11249179364936972,0.0,0.9999999987499999,0.6045841706448205,0.28591301334573904,0.3096740235818518,0.3754143910553428,calm,02,01,01,male,strong,10
70,2.3356666666666666,True,1.0,0.4187709169575167,0.3786145464858431,0.3986927317216799,0.4193077914294302,-0.0506018518518519,-0.044768518518518485,0.4096628191798012,0.0541042311521844,0.1666739907244912,0.9508354957167071,0.04015637047167364,0.0058333333333334125,0.02393311235767724,0.6564040562943438,0.12674664240083364,0.10822692091404985,0.0,0.6824485858191696,0.5993707176620647,0.282992365146986,0.30955046388043495,0.36811261398898776,calm,02,01,01,male,strong,10
80,2.6693333333333333,True,1.0,0.4194309453417118,0.40372170461039575,0.4115763249760538,0.6436549649890304,-0.05587962962962967,-0.04884259259259255,0.41377510282836005,0.1139727410984003,0.17639061901081732,0.6394362622264059,0.015709240731316076,0.007037037037037119,0.03248916955184018,0.4238985138882978,0.12410330152699128,0.11124813850212323,0.0,0.7071067807446058,0.6029725275891606,0.2868747001406219,0.32195513988898755,0.3789564902612234,calm,02,01,01,male,strong,10
90,3.003,True,1.0,0.40994517987305146,0.42006700408238523,0.4150060919777183,0.6207642716247496,-0.05166666666666664,-0.045277777777777806,0.3916362421860939,0.11991057238399311,0.17152955693100014,0.6685405570966695,0.010121824209333774,0.006388888888888833,0.03233826969934657,0.43993823873066673,0.12332029710461004,0.1121154855133468,0.0,0.8084075487840838,0.6012816343256052,0.2855260086803327,0.3121172889069539,0.36864537226983174,calm,02,01,01,male,strong,10
100,3.336666666666667,True,1.0,0.4502436722088122,0.454968539446641,0.4526061058277266,0.5819547670053298,-0.05046296296296299,-0.04384259259259243,0.41862356557553243,0.05290065613932778,0.16945570055431014,0.7777341667923504,0.004724867237828834,0.006620370370370554,0.028853158000991252,0.4624287077002509,0.12568046561275176,0.10946322822592816,0.0,0.7358497850508687,0.5971580571369173,0.2858443422544966,0.31778519918455034,0.3709137985736519,calm,02,01,01,male,strong,10
110,3.6703333333333332,True,1.0,0.44315665669472837,0.43259031043986007,0.4378734835672942,0.5240485554929156,-0.05023148148148143,-0.04277777777777786,0.4355856613937369,0.025553726279355156,0.17084047876316596,0.8355589934895138,0.010566346254868297,0.007453703703703574,0.028690041331657635,0.5126754451054948,0.12416077043122845,0.11032389187304886,0.0,0.9999999987499999,0.5974018864811551,0.28576105368809124,0.31359459471313783,0.36573234312710917,calm,02,01,01,male,strong,10
120,4.0040000000000004,True,1.0,0.42698359153582915,0.4062721143234142,0.4166278529296217,0.5623676770294592,-0.05092592592592593,-0.044351851851851865,0.4223979016021016,0.03269299803540322,0.17500392364463044,0.7408460157780316,0.020711477212414953,0.0065740740740740655,0.04119088180540147,0.5019221647114533,0.1111867802580791,0.11786059461085373,0.0,0.9999999987499999,0.6507823591467838,0.3057244707996853,0.28455469506974296,0.4074709851979124,calm,02,01,01,male,strong,10
0,0.0,True,1.0,0.3387277146657503,0.313576503680173,0.32615210917296167,0.4745301907404021,-0.058981481481481524,-0.054259259259259174,0.396539356020057,0.08369481857452951,0.16336312596803015,0.6873158242346427,0.02515121098557732,0.00472222222222235,0.004302825809455528,0.5794734758510334,0.12477383698603359,0.11015016785559446,0.0,0.9999999987499999,0.5944300938422244,0.28326979283069376,0.2980662030347105,0.3613094777388007,calm,02,01,01,male,strong,11
10,0.33366666666666667,True,1.0,0.4551538852159068,0.42919715174701395,0.44217551848146036,0.48104267622865626,-0.050694444444444486,-0.049490740740740724,0.40413987684679914,0.09589940926145811,0.15799131578156148,0.9192022669341691,0.025956733468892823,0.0012037037037037623,0.024931787986689605,0.583006886497039,0.1231208093007859,0.11114097558412629,0.0,0.9999999987499999,0.6019981740977641,0.2839737105773421,0.29726197348027456,0.3718515427955361,calm,02,01,01,male,strong,11
20,0.6673333333333333,True,1.0,0.2797994748458062,0.2905576744080169,0.28517857462691154,0.6360959552644246,-0.05625000000000002,-0.05375000000000002,0.3931827864249752,0.15544155449973746,0.1585259587597389,0.4483263448961297,0.01075819956221069,0.0025000000000000022,0.012318540693079064,0.4644854324345219,0.12316427322241014,0.11143527194496672,0.0,0.9999999987499999,0.592958319851378,0.2835104034642085,0.2942329840078799,0.35513421984367505,calm,02,01,01,male,strong,11
30,1.0010000000000001,True,1.0,0.4157655820011466,0.42820764936716993,0.4219866156841583,0.699412085612478,-0.051435185185185195,-0.04879629629629623,0.3893094710998397,0.20684625597023312,0.15655487833868553,0.6033447582116384,0.012442067366023324,0.0026388888888889683,0.011281754896550679,0.41352375158364935,0.12310150101526655,0.11116236136684893,0.0,0.9999999987499999,0.5936861519373374,0.28426080393882824,0.30190181835983815,0.36887020405063653,calm,02,01,01,male,strong,11
40,1.3346666666666667,True,1.0,0.40069607738755725,0.41114091239355616,0.4059184948905567,0.6156868187485789,-0.05523148148148149,-0.05189814814814814,0.3881737168665861,0.17176080296621546,0.15882598793788263,0.6592937878962731,0.01044483500599891,0.003333333333333355,0.00594009067903407,0.47134281302661757,0.12416914901837972,0.11031446171882409,0.0,0.720627199232567,0.6015585308967337,0.2839263260693802,0.30428851372179566,0.36874630727540875,calm,02,01,01,male,strong,11
50,1.6683333333333334,True,1.0,0.33256333596323984,0.3296630676891956,0.33111320182621773,0.6877976059073874,-0.06472222222222224,-0.06092592592592594,0.3869679794012041,0.20038760346058584,0.15729842724655874,0.48141080890997234,0.0029002682740442154,0.0037962962962962976,0.008569295798345597,0.40970638011262894,0.11014430141777301,0.11899561621734162,0.0,0.9999999987499999,0.6575812874134029,0.3142742351419571,0.27823373507625554,0.39578760225264664,calm,02,01,01,male,strong,11
60,2.0020000000000002,True,1.0,0.4251202729107057,0.4104867189990359,0.41780349595487076,0.7043318120674776,-0.051203703703703696,-0.04722222222222222,0.4223974061618519,0.11728686797794678,0.15715867746243264,0.5931912896685172,0.014633553911669817,0.003981481481481475,0.009014606649294796,0.39721762684875705,0.10833026988218956,0.11744870152650878,0.0,0.9999999987499999,0.6568560698419992,0.3137274768609943,0.2844531518019512,0.4108730364803297,calm,02,01,01,male,strong,11
70,2.3356666666666666,True,1.0,0.48476570611395664,0.4201697108593898,0.4524677084866732,0.7425760505492999,-0.04995370370370367,-0.04513888888888895,0.42360211877094733,0.1366838780723203,0.16344156659696915,0.609321709408717,0.06459599525456683,0.004814814814814716,0.0007833612074098331,0.3686182707886369,0.12483414140427193,0.11008181963849006,0.0,0.9999999987499999,0.5946629513680473,0.285506515676559,0.3166062337800077,0.3813197247020005,calm,02,01,01,male,strong,11
80,2.6693333333333333,True,1.0,0.45158261713331294,0.44440390389228734,0.44799326051280014,0.6069273545391234,-0.04999999999999993,-0.04685185185185181,0.3930342980838383,0.1269335987623868,0.16690864798421437,0.7381332496588302,0.007178713241025592,0.003148148148148122,0.005297600069205236,0.4444253424281692,0.12277557824170444,0.11237316077226091,0.0,0.9999999987499999,0.5976173211784714,0.2836273873945412,0.30857904380377016,0.3721746247055287,calm,02,01,01,male,strong,11
90,3.003,True,1.0,0.4115165787290287,0.36996805248569176,0.3907423156073602,0.6004776603045548,-0.04935185185185187,-0.04523148148148154,0.40584156465806975,0.05451764489708607,0.17369722256788406,0.6507191548294745,0.041548526243336936,0.00412037037037033,0.00400564575162303,0.4364590546931893,0.11101846028952353,0.11946320299283936,0.0,0.9999999987499999,0.6505219510616748,0.3067454934060925,0.2891068097375334,0.4132433552733592,calm,02,01,01,male,strong,11
100,3.336666666666667,True,1.0,0.4444039038922893,0.4203737155634345,0.43238880972786187,0.5393109737223339,-0.04787037037037034,-0.04458333333333331,0.4298913318712982,-0.0064151927435874955,0.1724988732102362,0.8017430217366182,0.024030188328854785,0.0032870370370370328,0.0007724464352799927,0.49570743183744753,0.11360649053227256,0.11732999871433158,0.0,0.9999999987499999,0.6501647935658639,0.3055936663717704,0.28924545977553623,0.4070595753133284,calm,02,01,01,male,strong,11
110,3.6703333333333332,True,1.0,0.4526558298232973,0.421183852424117,0.43691984112370713,0.5260783706538491,-0.04800925925925931,-0.04638888888888881,0.4210583370884109,0.006570135517500396,0.17113496776474485,0.8305223432407435,0.031471977399180284,0.0016203703703704941,0.00045941996180804545,0.5204498158241001,0.11325240644165546,0.11799518473115164,0.0,0.9999999987499999,0.6497415080485319,0.3049190907528129,0.2825223087004735,0.4021891947082147,calm,02,01,01,male,strong,11
0,0.0,True,1.0,0.5001258879869436,0.459597977378109,0.4798619326825263,0.39693563500045076,-0.046064814814814836,-0.043749999999999956,0.42464373067197203,0.01976013518745124,0.1691564116478075,1.2089162331872303,0.040527910608834594,0.0023148148148148806,0.015275464747100056,0.6753229560564895,0.11626062900744594,0.11781427942140094,0.0,0.9999999987499999,0.6500883353341336,0.30882814546228116,0.2860369311147935,0.40092488376553653,happy,03,01,01,male,normal,12
10,0.33366666666666667,True,1.0,0.4633553671032137,0.4433208925517238,0.45333812982746874,0.3948741038856933,-0.04537037037037045,-0.045787037037037015,0.43768484764856935,0.0,0.16663467665358614,1.148057381748942,0.020034474551489878,0.00041666666666656527,0.039967844067771444,0.678209110861747,0.12177361385791682,0.1117663516752287,0.0,0.9999999987499999,0.5977181956219988,0.28354467520797044,0.29182315614327436,0.3585737240560285,happy,03,01,01,male,normal,12
20,0.6673333333333333,True,1.0,0.4738525840364148,0.4722634566850946,0.4730580203607547,0.458308103970592,-0.050185185185185166,-0.05064814814814811,0.42555727937509846,0.05831842938921009,0.17493645592498255,1.032183407324408,0.0015891273513201631,0.0004629629629629428,0.04559338386465983,0.5898092703603443,0.11436598258019363,0.11724163555880113,0.0,0.9999999987499999,0.6463994682794993,0.31353089958149855,0.2905054771024675,0.4019965119875886,happy,03,01,01,male,normal,12
30,1.0010000000000001,True,1.0,0.516253838598847,0.5149731969581781,0.5156135177785126,0.8279709135099892,-0.05499999999999994,-0.052962962962962934,0.42581683061096254,0.1485695872966251,0.187125477935715,0.6227435159439232,0.001280641640668878,0.002037037037037004,0.018334119663620176,0.3339839950528636,0.11064206298076114,0.11917413101582917,0.0,0.9999999987499999,0.6398287827240271,0.31040798361259525,0.3088163285989293,0.42490217018142085,happy,03,01,01,male,normal,12
40,1.3346666666666667,True,1.0,0.2773546557921108,0.24464667118774394,0.2610006634899274,0.552336667822287,-0.06717592592592597,-0.06124999999999997,0.4234567851370938,0.019710406552501208,0.20494488800911737,0.47253908475600925,0.032707984604366885,0.005925925925926001,0.007160543211924091,0.5090744766923565,0.11104526722441692,0.1192786656255161,0.0,0.9999999987499999,0.6281395258962961,0.31156036653343777,0.30410146005208977,0.4124490114782012,happy,03,01,01,male,normal,12
50,1.6683333333333334,True,1.0,0.5100398334588514,0.5244957277892626,0.517267780624057,0.7402916715503903,-0.05560185185185185,-0.05060185185185179,0.41402786327412333,0.08747071927379525,0.19448367737260402,0.6987351073945555,0.014455894330411168,0.00500000000000006,0.0026896195599341,0.368553387425065,0.11608150809018015,0.11620102559753674,0.0,0.9999999987499999,0.6323176987279285,0.3117409131126594,0.3070374090399681,0.4204443767481749,happy,03,01,01,male,normal,12
60,2.0020000000000002,True,1.0,0.44449913423229037,0.48106458230431903,0.4627818582683047,0.6945532165965882,-0.051296296296296395,-0.04874999999999996,0.4063625111691359,0.07638152219916719,0.19097262172464527,0.6663015118351955,0.03656544807202866,0.0025462962962964353,0.00426940991645361,0.4166247586906456,0.11052104960032032,0.11944597584952805,0.0,0.9999999987499999,0.6372403288971838,0.31071502785251665,0.3015063307957042,0.41788151306969495,happy,03,01,01,male,normal,12
70,2.3356666666666666,True,1.0,0.495521141412869,0.48980465818585417,0.4926628997993616,0.5566131507672653,-0.05078703703703702,-0.04671296296296307,0.4185033503539191,-0.027141645462256066,0.19376929402420967,0.8851082643668207,0.005716483227014846,0.004074074074073952,0.010015659972353897,0.5080163584403963,0.10822327616858972,0.1197949190223582,0.0,0.9999999987499999,0.6356644385019633,0.31131175306294645,0.29461082882625295,0.4107365259316047,happy,03,01,01,male,normal,12
80,2.6693333333333333,True,1.0,0.501017139702656,0.47746706193913335,0.4892421008208947,0.5673688069143503,-0.0474074074074074,-0.043888888888888866,0.47108999591406436,-0.06639422208572163,0.19584735793088187,0.8622999623149011,0.023550077763522692,0.003518518518518532,0.01918348374389266,0.47919598423639187,0.11414453682987993,0.11713238620016393,0.0,0.9999999987499999,0.6320982627504127,0.31326054364403233,0.30497359610913816,0.4218099918818399,happy,03,01,01,male,normal,12
90,3.003,True,1.0,0.4559485318779684,0.4356948731978168,0.4458217025378926,0.6212737400923393,-0.04879629629629628,-0.04481481481481481,0.48019594834951607,-0.04688594361183439,0.18819809300513307,0.7175930250514542,0.02025365868015161,0.003981481481481475,0.019197973845869985,0.4461287341312619,0.11228806191253371,0.11843162793061777,0.0,0.9999999987499999,0.643172387056385,0.30954647764753235,0.3031744558766698,0.4260153141448738,happy,03,01,01,male,normal,12
100,3.336666666666667,True,1.0,0.47470421898353593,0.45364506646983005,0.46417464272668296,0.6075581964902669,-0.046064814814814836,-0.043749999999999956,0.48287524580065144,-0.0350493838360311,0.1854183125512156,0.764000297268838,0.02105915251370588,0.0023148148148148806,0.007480378017754926,0.45592534420270314,0.10713964449055136,0.12123740573189039,0.0,0.9999999987499999,0.647300816068615,0.3087642052157848,0.29597933396394416,0.4202350690456788,happy,03,01,01,male,normal,12
0,0.0,True,1.0,0.41724569109517934,0.38978029366865036,0.40351299238191485,0.5762089100893504,-0.04532407407407407,-0.03930555555555554,0.475927256838172,0.0058761991165912995,0.17014606348251404,0.7002894007996922,0.02746539742652898,0.006018518518518534,0.020399750315644827,0.4629728566936552,0.11523971299186656,0.11833103988389929,0.0,0.9999999987499999,0.648224987682573,0.3096411331028135,0.2955147366902624,0.41271403773456805,happy,03,01,01,male,normal,13
10,0.33366666666666667,True,1.0,0.4173528854244117,0.3953910156055322,0.40637195051497194,0.6331878209777888,-0.04629629629629639,-0.041111111111111154,0.46182952647063374,0.02433061217411611,0.17084047876316608,0.6417873765914187,0.021961869818879487,0.005185185185185237,0.028610128195007863,0.4468281338988311,0.10646628452932445,0.12088721414436703,0.0,0.9999999987499999,0.6468276574457908,0.310138316102399,0.2884196004649893,0.4146890417174696,happy,03,01,01,male,normal,13
20,0.6673333333333333,True,1.0,0.46067076121379885,0.39481203184078434,0.4277413965272916,0.6007692209690145,-0.04717592592592601,-0.045277777777777695,0.46999943782716036,0.012008547122999452,0.1677440548227009,0.7119895320824915,0.06585872937301451,0.0018981481481483153,0.0122478210327927,0.45018790207484094,0.10847485088964301,0.12224595682571257,0.0,0.9999999987499999,0.6410182348173645,0.31272005191051755,0.2941976478743815,0.41958559646137517,happy,03,01,01,male,normal,13
30,1.0010000000000001,True,1.0,0.46236901005578784,0.4533710462828523,0.4578700281693201,0.753118437515085,-0.04893518518518525,-0.04509259259259257,0.45841508176157236,0.07407407407407382,0.17375343558559367,0.6079655009908703,0.008997963772935547,0.003842592592592675,0.0005107346919380221,0.3688367777773518,0.12047085275804398,0.11417498727667239,0.0,0.9999999987499999,0.6033438545105543,0.28992758897059695,0.32419236969666154,0.3963883488163243,happy,03,01,01,male,normal,13
40,1.3346666666666667,True,1.0,0.4275338097135853,0.38136265171415235,0.4044482307138688,0.5473065933439216,-0.04916666666666658,-0.043842592592592544,0.4280887473492898,0.08008611105633946,0.17016758544842098,0.7389792771228646,0.046171157999432944,0.005324074074074037,0.012738455807956024,0.49445776808868763,0.11973715772989552,0.11510982186607466,0.0,0.9999999987499999,0.6000895822704081,0.28558988221496295,0.30785891560178913,0.36958863441825646,happy,03,01,01,male,normal,13
50,1.6683333333333334,True,1.0,0.4092342998155794,0.3970305607026344,0.40313243025910694,0.6624597356899958,-0.04699074074074072,-0.041157407407407365,0.432007590997135,0.07949013820664057,0.17292063758304477,0.6085387662681382,0.012203739112944978,0.005833333333333357,0.016343364843508963,0.41670383478377143,0.12005978007343414,0.11527020032473834,0.0,0.9999999987499999,0.5993361649425396,0.2848223648238326,0.316973259393982,0.3818328529132993,happy,03,01,01,male,normal,13
60,2.0020000000000002,True,1.0,0.44480597387765325,0.37284390793536293,0.4088249409065081,0.6570551270734362,-0.04884259259259266,-0.041481481481481564,0.4343675027242701,0.045990948622502796,0.17847606953301587,0.622207976258308,0.07196206594229032,0.007361111111111096,0.027402214490081154,0.41670383478377143,0.11983383311640913,0.11367620195931477,0.0,0.9999999987499999,0.5970620873114871,0.28905435244227895,0.3159938779258651,0.388104879863406,happy,03,01,01,male,normal,13
70,2.3356666666666666,True,1.0,0.40016028696535005,0.33441260090420777,0.36728644393477894,0.5816970811951406,-0.049768518518518545,-0.04078703703703701,0.40033639841805907,0.03546599658239797,0.17918753095872791,0.631404997219792,0.06574768606114229,0.008981481481481535,0.03067724469310363,0.4533577381014108,0.11054725773701105,0.11974036601456894,0.0,0.9999999987499999,0.628369643857543,0.31619459118444954,0.2873932982049792,0.4046792798194793,happy,03,01,01,male,normal,13
80,2.6693333333333333,True,1.0,0.44810738328057953,0.39514423113980457,0.42162580721019205,0.6090675249856645,-0.04828703703703713,-0.040740740740740744,0.4590963794902791,-0.012422584897933043,0.1806163926619766,0.6922480511830207,0.05296315214077496,0.007546296296296384,0.035990012697362524,0.4629728566936552,0.10972176897399584,0.1198631263969971,0.0,0.9999999987499999,0.6364124409373125,0.3150345271350355,0.29118438793146134,0.41376741893046015,happy,03,01,01,male,normal,13
90,3.003,True,1.0,0.4150191506872575,0.3726004861323245,0.393809818409791,0.6255105505335713,-0.046805555555555545,-0.04009259259259257,0.4787661719211583,-0.01803407998083452,0.17569618140473187,0.6295814164507129,0.04241866455493298,0.006712962962962976,0.029944982383734206,0.4470109022450893,0.1215732314208192,0.11400757506171047,0.0,0.9999999987499999,0.6078706429603091,0.2919311660307193,0.31925330229368615,0.38690085230856774,happy,03,01,01,male,normal,13
100,3.336666666666667,True,1.0,0.43266001297083717,0.4351153638587867,0.43388768841481196,0.5964648707082371,-0.04541666666666677,-0.03995370370370377,0.48240127079746253,-0.011926278956778944,0.17500043596485879,0.7274320915154946,0.0024553508879495145,0.005462962962963003,0.020380018538908976,0.4516599679594484,0.11965592068084731,0.11568937081633604,0.0,0.9999999987499999,0.6042170268810648,0.2936850146629416,0.3114414823381488,0.38605283210625324,happy,03,01,01,male,normal,13
0,0.0,True,1.0,0.4182999735861441,0.387070814685697,0.4026853941359205,0.37936446739967256,-0.04712962962962969,-0.041388888888888864,0.45340921997834177,-0.018356345196758255,0.17431255865192524,1.0614736717334115,0.03122915890044714,0.005740740740740824,0.01676531124772185,0.7083961353277871,0.1130206154784629,0.11773274743644055,0.0,0.9999999987499999,0.6454829814269457,0.3068824858891561,0.28439512901348857,0.4006762824637082,happy,03,01,01,male,normal,14
10,0.33366666666666667,True,1.0,0.45284472951762716,0.4279519118377504,0.4403983206776888,0.378196849310161,-0.045694444444444426,-0.04097222222222219,0.44203696257826774,-0.025208692461266082,0.1750854283673045,1.1644685075536314,0.024892817679876778,0.004722222222222239,0.014466707132399894,0.6944282824035506,0.11624215316620191,0.11669521193121189,0.0,0.9999999987499999,0.6459604128682724,0.3072566153075068,0.2882118959454887,0.39811921669704825,happy,03,01,01,male,normal,14
20,0.6673333333333333,True,1.0,0.4448183979839141,0.4436165642617311,0.44421748112282256,0.6612742171939456,-0.04842592592592593,-0.04185185185185181,0.45141937593190495,0.036737456510774646,0.1743335662531196,0.6717598684065096,0.001201833722183021,0.006574074074074121,0.021399553200079507,0.39626627828506805,0.12103642489325699,0.1130708896692789,0.0,0.9999999987499999,0.5980267900988521,0.28874546098458326,0.31077933922570955,0.38029596231648854,happy,03,01,01,male,normal,14
30,1.0010000000000001,True,1.0,0.46794425755852553,0.4576797330394152,0.4628119952989704,0.654389458774405,-0.052499999999999936,-0.04560185185185184,0.4324209415381207,0.05773673469228749,0.18611111111111112,0.7072424365847261,0.010264524519110307,0.006898148148148098,0.025989486030080132,0.40853417511698364,0.1092621224385803,0.11948767517538893,0.0,0.9999999987499999,0.6443205302433472,0.31042906055446057,0.29948709792214084,0.4223295319180792,happy,03,01,01,male,normal,14
40,1.3346666666666667,True,1.0,0.44006490099608936,0.4551298582804929,0.44759737963829116,0.5748870400384342,-0.05305555555555552,-0.044166666666666576,0.3967138133666214,0.08412189418744603,0.17994423168494716,0.7785831797640924,0.015064957284403546,0.008888888888888946,0.0489137892578247,0.45532137533434225,0.12153518845432403,0.11253461782495908,0.0,0.9999999987499999,0.6097931806550746,0.2898116436520234,0.30465165315613996,0.36494132763981474,happy,03,01,01,male,normal,14
50,1.6683333333333334,True,1.0,0.42013742712344143,0.3913550563363726,0.40574624172990703,0.7313638968693319,-0.05138888888888887,-0.04518518518518527,0.4448023277265643,0.04412572841196186,0.1826426484301614,0.5547802447820296,0.028782370787068856,0.0062037037037036,0.002990455170470619,0.3785543162733274,0.10882960799488836,0.12083151917930021,0.0,0.9999999987499999,0.645091089857818,0.3092621536947507,0.29390965297383415,0.424841426949356,happy,03,01,01,male,normal,14
60,2.0020000000000002,True,1.0,0.48485815912624797,0.444237734526342,0.46454794682629497,0.6531341054757063,-0.04972222222222222,-0.044351851851851865,0.4270418049256908,0.0587783500430317,0.18333499792094693,0.7112596677032266,0.04062042459990595,0.005370370370370359,0.019730349184816802,0.41622366167974434,0.1100545318743352,0.11811477529245282,0.0,0.9999999987499999,0.6423156203418868,0.30898668522523687,0.29816945594948746,0.4221008063485418,happy,03,01,01,male,normal,14
70,2.3356666666666666,True,1.0,0.4822025413571643,0.476520360165551,0.4793614507613576,0.6138121553075057,-0.04944444444444446,-0.04273148148148148,0.4014107583287363,0.04184740928726421,0.18472593936351137,0.7809578983023049,0.005682181191613289,0.006712962962962976,0.017352513061104073,0.44970931080321647,0.11417862443183432,0.11807131994155437,0.0,0.9999999987499999,0.6402894495454431,0.3093762524643025,0.293208995702543,0.4144827797781168,happy,03,01,01,male,normal,14
80,2.6693333333333333,True,1.0,0.4464640818784842,0.4185504253991289,0.43250725363880654,0.5865575019988787,-0.044861111111111074,-0.04106481481481483,0.4641763851418422,-0.02992443149198082,0.18611152104827625,0.737365479368864,0.027913656479355287,0.003796296296296242,0.0216687589508391,0.48254278870686124,0.1099962241829588,0.12040509150140077,0.0,0.9999999987499999,0.6394369190723165,0.3104403794366342,0.29712409443199334,0.42318971998078136,happy,03,01,01,male,normal,14
90,3.003,True,1.0,0.45453352768668764,0.44659280198806023,0.4505631648373739,0.6383165049338647,-0.046759259259259334,-0.042314814814814916,0.48223008913257226,-0.01740044371697218,0.17778464410025674,0.7058616867255474,0.007940725698627416,0.0044444444444444176,0.02431670594411937,0.42265208160073464,0.11061545702459678,0.1190388857640689,0.0,0.9999999987499999,0.6455135499746775,0.30965268843235205,0.3003377642074261,0.42316448932136996,happy,03,01,01,male,normal,14
100,3.336666666666667,True,1.0,0.43007914467431396,0.41740018692091485,0.4237396657976144,0.6349393066628369,-0.0469444444444444,-0.041111111111111154,0.47626474797264123,0.005876199116591302,0.17639061901081732,0.6673703476080857,0.012678957753399112,0.005833333333333246,0.025912242258288015,0.440798049912867,0.1223044539697075,0.11254768997406159,0.0,0.9999999987499999,0.5967978797925421,0.2918769562600805,0.3281489625527124,0.39593499378479197,happy,03,01,01,male,normal,14
0,0.0,True,1.0,0.4687949870327621,0.47009415906483254,0.46944457304879733,0.5040237691569998,-0.04611111111111105,-0.04273148148148154,0.4241931707887382,0.0530493218857703,0.16815767014465036,0.9313937194548632,0.001299172032070417,0.0033796296296295103,0.00639674313876226,0.563053553385261,0.12424293913736947,0.11057648032817696,0.0,0.9539756964086358,0.598413821770896,0.2843005673955926,0.30306330896973327,0.36467594869532477,happy,03,01,01,male,normal,15
10,0.33366666666666667,True,1.0,0.4116975491252466,0.40800016581130105,0.4098488574682738,0.4857850944835913,-0.051435185185185195,-0.04597222222222219,0.4266516635905055,0.06563904950814559,0.1682025809244582,0.8436834767521209,0.0036973833139455348,0.005462962962963003,0.02346691154854785,0.568247974945143,0.12272738357558444,0.11054598939909693,0.0,0.9999999987499999,0.604121219597214,0.2885823516948084,0.28801567603128875,0.35649182008646646,happy,03,01,01,male,normal,15
20,0.6673333333333333,True,1.0,0.44327343568696076,0.46009502137180125,0.451684228529381,0.47791800351002006,-0.05037037037037034,-0.04546296296296298,0.4128947544873446,0.08192880060171753,0.17030069213265495,0.9451082093832671,0.01682158568484049,0.00490740740740736,0.024347847936270765,0.5632251561592513,0.12278782952407306,0.11219008355312303,0.0,0.9999999987499999,0.5963953350402662,0.2847830513670418,0.30231659527565335,0.36226251310545,happy,03,01,01,male,normal,15
30,1.0010000000000001,True,1.0,0.4673942663007212,0.4270588086375274,0.4472265374691243,0.6771651057605379,-0.0499074074074074,-0.043518518518518456,0.39588335859098506,0.12693359876238786,0.17640445937537766,0.6604394314837517,0.0403354576631938,0.006388888888888944,0.018095068468146323,0.4100436436116539,0.10945959390690539,0.12089314577366815,0.0,0.9999999987499999,0.6435005299541692,0.31047330930240397,0.28307488380879875,0.4136524279089286,happy,03,01,01,male,normal,15
40,1.3346666666666667,True,1.0,0.5081519287156333,0.48547139900025654,0.49681166385794495,0.6061591665172126,-0.0528703703703704,-0.04550925925925936,0.3973264720856955,0.10572543602044365,0.17641008171331204,0.819605957148942,0.022680529715376763,0.0073611111111110406,0.021654310391756873,0.4453750220002703,0.12257460900594998,0.11174307747647057,0.0,0.9999999987499999,0.6031225277063951,0.28882091846613,0.30921905108930764,0.37306617356304583,happy,03,01,01,male,normal,15
50,1.6683333333333334,True,1.0,0.5100398334588503,0.4852823787299884,0.4976611060944194,0.5512510815625417,-0.051990740740740726,-0.044398148148148076,0.4065697237875796,0.07578953024746683,0.17782068794340958,0.9027848157391012,0.024757454728861872,0.007592592592592651,0.020552815260075335,0.47873081554584407,0.12053342447615052,0.1127653142046815,0.0,0.9999999987499999,0.6011384544208309,0.2883308827636119,0.3057940782632748,0.36438193973151656,happy,03,01,01,male,normal,15
60,2.0020000000000002,True,1.0,0.516666832648117,0.4955211414128692,0.506093987030493,0.4306916038879976,-0.051712962962963016,-0.04532407407407407,0.4199116020218424,0.006728516867215016,0.18611480051309184,1.1750727956194476,0.021145691235247788,0.006388888888888944,0.023456894158136905,0.651040368082729,0.10959783439489762,0.119499115098219,0.0,0.9999999987499999,0.6376502279271083,0.3093011438220178,0.28404897949335084,0.40555626235635134,happy,03,01,01,male,normal,15
70,2.3356666666666666,True,1.0,0.5243331742906268,0.5118185470807501,0.5180758606856884,0.6196257020693132,-0.05083333333333334,-0.04416666666666674,0.4090860949895216,0.07573203025291579,0.1805623162462901,0.8361109924193153,0.012514627209876616,0.006666666666666599,0.023321403716303712,0.4375,0.12302076443238275,0.11142282352821085,0.0,0.9999999987499999,0.5994185721085309,0.29063715114161237,0.30970369788651375,0.3675366537055494,happy,03,01,01,male,normal,15
80,2.6693333333333333,True,1.0,0.46874807377860095,0.4520181756563681,0.46038312471748455,0.6233741718811839,-0.048379629629629606,-0.041527777777777775,0.4251134706016865,0.053049321885770356,0.17850684503424194,0.7385341669324635,0.016729898122232856,0.006851851851851831,0.018216537243455944,0.41939295381701497,0.11930940237979466,0.11355737389039461,0.0,0.9999999987499999,0.5973090769745398,0.2902843375107631,0.31141282042745116,0.3824576892881236,happy,03,01,01,male,normal,15
90,3.003,True,1.0,0.45155401126980405,0.428152030257538,0.43985302076367105,0.5885050131478593,-0.04842592592592593,-0.04300925925925925,0.4793071556138917,-0.02354020052591426,0.1820387682324514,0.747407432284965,0.023401981012266038,0.005416666666666681,0.015414837657585513,0.46168340071958286,0.11064450640081228,0.11980963482660019,0.0,0.9999999987499999,0.6424371546352917,0.3111230646153007,0.3014616179030407,0.4240484694253966,happy,03,01,01,male,normal,15
100,3.336666666666667,True,1.0,0.4764842567848837,0.4608416137401491,0.4686629352625164,0.6184730642485112,-0.046666666666666634,-0.04078703703703701,0.48927019192706084,-0.02862680049436925,0.18128409229477535,0.7577742061119108,0.015642643044734617,0.0058796296296296235,0.01614934076711083,0.4285932666425702,0.11435098795918328,0.11854898655256382,0.0,0.9999999987499999,0.6435209439478917,0.31034357241282956,0.30570703392426896,0.42759314466606796,happy,03,01,01,male,normal,15
0,0.0,True,1.0,0.3706505603100905,0.39169885260099496,0.38117470645554274,0.3118723137248656,-0.04884259259259255,-0.05185185185185187,0.44672832817950503,0.11004052520507984,0.13724148442222872,1.2222139948973343,0.021048292290904436,0.0030092592592593226,0.06785592039366042,0.8703793961405032,0.12131511634177018,0.11361339941210934,0.0,0.9999999987499999,0.5890590831254376,0.2886543941784469,0.31251909357988866,0.3739131650865471,happy,03,01,01,male,strong,16
10,0.33366666666666667,True,1.0,0.41010608345838195,0.4099050146252963,0.41000554904183917,0.3518649320701448,-0.04851851851851846,-0.04949074074074078,0.4456210442523385,0.07466497796675628,0.1456431736498208,1.165235610805637,0.00020106883308562695,0.0009722222222223187,0.048234537236540545,0.7690774136628629,0.11948793582996167,0.11602718221393354,0.0,0.9999999987499999,0.5946753144226441,0.2889340859079625,0.3105556840824738,0.3737639865205393,happy,03,01,01,male,strong,16
20,0.6673333333333333,True,1.0,0.41254082113750207,0.37839581725435234,0.3954683191959272,0.3648746744781574,-0.048472222222222305,-0.04861111111111116,0.45175914027058717,0.06286214364336327,0.14834981191020566,1.0838469942084215,0.03414500388314973,0.0001388888888888551,0.026101989623103086,0.6986013031231381,0.11646414744931963,0.11214013725446566,0.0,0.9999999987499999,0.5998352656140581,0.29324197055933404,0.30806559984274867,0.36931869331421885,happy,03,01,01,male,strong,16
30,1.0010000000000001,True,1.0,0.348280472787473,0.35667701833403337,0.3524787455607532,0.7933041483186754,-0.060555555555555585,-0.05740740740740741,0.48131033293751324,0.147874276524763,0.16450241968523285,0.4443172852528186,0.008396545546560386,0.0031481481481481777,0.021982259077624255,0.355130745701073,0.11164836711913714,0.11887471351964767,0.0,0.9999999987499999,0.5949373512920794,0.30044986724597533,0.31395763820054196,0.3925146026534225,happy,03,01,01,male,strong,16
40,1.3346666666666667,True,1.0,0.4244556929116431,0.41504303820607297,0.419749365558858,0.6329483655880767,-0.05884259259259261,-0.05407407407407405,0.4239568463737499,0.20194695404353033,0.16275118608084682,0.6631652570409373,0.009412654705570123,0.004768518518518561,0.002775483669880908,0.4426923489644547,0.1191005277351817,0.11344102899403019,0.0,0.9999999987499999,0.5979390981470714,0.296454414140056,0.3227554832205264,0.38715114230333103,happy,03,01,01,male,strong,16
50,1.6683333333333334,True,1.0,0.3772610290301357,0.37509129632409893,0.3761761626771173,0.8206570386077471,-0.05745370370370362,-0.054444444444444406,0.4135887135851489,0.24615384615384636,0.16820258092445825,0.45838413000795547,0.0021697327060367644,0.0030092592592592116,0.0024065409488351276,0.35657697641790126,0.11715624436349457,0.11757367260677028,0.0,0.9999999987499999,0.6104456346835608,0.29466293788099285,0.31227918391456705,0.39240167758948913,happy,03,01,01,male,strong,16
60,2.0020000000000002,True,1.0,0.4680359816491861,0.4541704596673465,0.46110322065826626,0.7573023120334732,-0.053981481481481464,-0.0503703703703704,0.44480430012914224,0.14754943310251342,0.17096235163967652,0.6088760239225114,0.013865521981839601,0.003611111111111065,0.00559779138328391,0.37321143533511447,0.11997762263840754,0.11469317394777202,0.0,0.9999999987499999,0.6025300718646834,0.2921673240203192,0.3299557976491081,0.40629981652559716,happy,03,01,01,male,strong,16
70,2.3356666666666666,True,1.0,0.4530958498410545,0.46105795557117574,0.4570769027061151,0.671804588254744,-0.05430555555555561,-0.05111111111111105,0.37935524005250565,0.1716297688511877,0.17986789790391577,0.6803718085545354,0.007962105730121238,0.0031944444444445552,0.0029239602899752315,0.4254476449563096,0.12022058620366884,0.1152678813671679,0.0,0.7335580335068109,0.597948657197254,0.28866146314675367,0.3161155524254991,0.3783912176897123,happy,03,01,01,male,strong,16
80,2.6693333333333333,True,1.0,0.30203136886687204,0.28005333554799167,0.29104235220743185,0.6633662269076163,-0.06370370370370376,-0.05902777777777779,0.4480899275162567,0.05006255616753275,0.18126515292262457,0.438735558733779,0.021978033318880374,0.004675925925925972,0.00031223040691691914,0.4143215753724747,0.11991451003616319,0.1150907131878746,0.0,0.9999999987499999,0.5964091827981193,0.29304340868499196,0.330126537667197,0.3983718555614856,happy,03,01,01,male,strong,16
90,3.003,True,1.0,0.4531180408799416,0.4351153638587867,0.4441167023693642,0.6744053461711902,-0.04787037037037034,-0.045787037037036904,0.4779249905811694,0.029577741659634293,0.17777949438325955,0.6585308151703622,0.018002677021154934,0.002083333333333437,0.013488841037713995,0.4148246181575189,0.12213818567133619,0.11306561579643164,0.0,0.9999999987499999,0.5970213639283839,0.29357471665397583,0.3404302353234094,0.40843373557253015,happy,03,01,01,male,strong,16
100,3.336666666666667,True,1.0,0.4575376712993524,0.44233192661420195,0.4499347989567772,0.6624432294054713,-0.04870370370370375,-0.04504629629629625,0.485388630739692,0.023233442588047194,0.18055597810614288,0.6792050684261414,0.015205744685150457,0.003657407407407498,0.024553012058362158,0.40594597103118657,0.10765361066196856,0.12172401475213274,0.0,0.9999999987499999,0.6505973458602191,0.31154205189321144,0.3000256297498076,0.4316555507351809,happy,03,01,01,male,strong,16
0,0.0,True,1.0,0.3223856909648155,0.3486476377033805,0.335516664334098,0.6084800706438833,-0.04722222222222222,-0.044490740740740775,0.5198488130808212,-0.08536331060376781,0.19665351742298964,0.5514012381359671,0.026261946738564967,0.002731481481481446,0.02235477997881402,0.44526788254286875,0.11500091988203513,0.11952338081732215,0.0,0.9999999987499999,0.6327052073016707,0.3175049836103314,0.3015624568438024,0.4182144682287979,happy,03,01,01,male,strong,17
10,0.33366666666666667,True,1.0,0.37641599665675035,0.38251380206067936,0.37946489935871486,0.6500628509116309,-0.044537037037036986,-0.04194444444444434,0.5241625641091121,-0.059589094666900204,0.18822727894461444,0.5837357092880533,0.006097805403929013,0.0025925925925926463,0.004631599520541331,0.4231898235261706,0.10970367095447146,0.12224033478560199,0.0,0.9999999987499999,0.6296327498030463,0.3161539650753756,0.2984044767000406,0.42381579109272427,happy,03,01,01,male,strong,17
20,0.6673333333333333,True,1.0,0.40937865017310493,0.3810947595874892,0.39523670488029705,0.676049133659546,-0.04884259259259266,-0.04569444444444437,0.5142855517656643,0.0,0.17639580927478637,0.5846271893594878,0.028283890585615756,0.0031481481481482887,0.0054861033423499505,0.39919354838709714,0.10874242968135195,0.12106745036550598,0.0,0.9999999987499999,0.6333583263617948,0.3138674006085351,0.3078555812769748,0.4359433625986197,happy,03,01,01,male,strong,17
30,1.0010000000000001,True,1.0,0.4010655775397561,0.40015069128646646,0.40060813441311127,0.6746916365634055,-0.05300925925925931,-0.0501388888888889,0.5171929641370671,-0.00543748221520755,0.18556514895392778,0.5937647848336168,0.0009148862532896151,0.002870370370370412,0.012990438714642946,0.4002313206266525,0.11026128906566417,0.12032085220472025,0.0,0.9999999987499999,0.642183796948467,0.31247888494490844,0.308904869976376,0.428098153804091,happy,03,01,01,male,strong,17
40,1.3346666666666667,True,1.0,0.3567326271799678,0.35933426886678527,0.35803344802337655,0.5874982056528263,-0.05791666666666673,-0.05231481481481487,0.4937390488621242,0.022594762918030305,0.18612135926937018,0.6094204962303346,0.0026016416868174796,0.005601851851851858,0.021367390246900018,0.4655143612329051,0.10739235062744255,0.12069833098432628,0.0,0.9999999987499999,0.6385010432454231,0.31254486091472367,0.3065709028667698,0.43186787521187037,happy,03,01,01,male,strong,17
50,1.6683333333333334,True,1.0,0.4464776090511492,0.45224641471660804,0.4493620118838786,0.7343095597211236,-0.05407407407407405,-0.04870370370370375,0.4506090206102795,0.10574711555964228,0.18403814194642587,0.6119517387932925,0.005768805665458843,0.005370370370370303,0.019462735139189783,0.3921965358056358,0.10443628496523595,0.12202227205646435,0.0,0.9999999987499999,0.6446764479698129,0.3116559812293028,0.29868707594879923,0.4335394401133773,happy,03,01,01,male,strong,17
60,2.0020000000000002,True,1.0,0.47847977768662425,0.43176493087606754,0.4551223542813459,0.7172522612530003,-0.05407407407407411,-0.05050925925925931,0.44416539916726794,0.09437529753328912,0.18543682774578074,0.634535962962699,0.04671484681055671,0.0035648148148147984,0.0041934433721003365,0.38646455150388354,0.12202431057236716,0.11302005820333179,0.0,0.9999999987499999,0.5916529715792568,0.28801469502892285,0.3352043579562078,0.3962288898351638,happy,03,01,01,male,strong,17
70,2.3356666666666666,True,1.0,0.4369391742675514,0.4202929100279822,0.42861604214776683,0.6249809273867423,-0.05356481481481473,-0.049490740740740724,0.4008679562780116,0.11805195295082979,0.18681576561865806,0.685806595634776,0.01664626423956922,0.004074074074074008,0.011608795672115965,0.43975170112459516,0.11371826038588427,0.11867542320474037,0.0,0.870813690225846,0.6419361093030963,0.3100137057753406,0.29928618560667003,0.4154732521557966,happy,03,01,01,male,strong,17
80,2.6693333333333333,True,1.0,0.3320524789757351,0.3361518837315391,0.3341021813536371,0.6885372405625,-0.05222222222222217,-0.04916666666666658,0.4622200186518097,0.03623880213486826,0.18750040690060016,0.4852347290332366,0.004099404755804004,0.003055555555555589,0.014907494013755162,0.40612383212589437,0.11922707526004879,0.1156380670736141,0.0,0.9245379713555147,0.5942562887655062,0.29040639562307013,0.33180490721503253,0.4049675988603604,happy,03,01,01,male,strong,17
90,3.003,True,1.0,0.39413819218719925,0.38371438037385286,0.38892628628052606,0.6146410588715304,-0.04638888888888887,-0.04513888888888895,0.5018514860550877,-0.016762061360579082,0.18333333333333335,0.6327697778514626,0.010423811813346395,0.0012499999999999178,0.006448977012760121,0.450343607969993,0.11122269282691175,0.11863242476032182,0.0,0.9999999987499999,0.647069520878664,0.3108947906747506,0.3046281430145178,0.43718826721626664,happy,03,01,01,male,strong,17
100,3.336666666666667,True,1.0,0.3934497907729669,0.39317836995696104,0.39331408036496396,0.5733495124888448,-0.04837962962962972,-0.04638888888888887,0.5134868051466924,-0.03858857493284138,0.18620332423026978,0.6859935725028045,0.00027142081600584067,0.0019907407407408484,0.007771578198308868,0.46551436123290446,0.10803967564381764,0.12059413088976462,0.0,0.9999999987499999,0.6443367072297668,0.3101006714956431,0.2970561949625262,0.42415427000923145,happy,03,01,01,male,strong,17
0,0.0,True,1.0,0.4498038634761103,0.4192723969647982,0.43453813022045423,0.6281392370043849,-0.0462499999999999,-0.04305555555555557,0.4698265690574603,-0.01207960071162275,0.18680923124255766,0.6917863184168844,0.03053146651131211,0.003194444444444333,0.010868500274729706,0.44392634684575505,0.12346230127224649,0.11195909045065608,0.0,0.7570290812827707,0.6076675061665292,0.2871017611683207,0.31624812980577255,0.37444250116185407,happy,03,01,01,male,strong,18
10,0.33366666666666667,True,1.0,0.40159103910905863,0.3758487901063984,0.3887199146077285,0.6471314269594093,-0.048101851851851896,-0.04412037037037031,0.48234785343765674,-0.005883012972358241,0.18404809099924885,0.600681559284109,0.025742249002660256,0.003981481481481586,0.012742143709415678,0.42993008272631705,0.11906073223310361,0.1163018138904125,0.0,0.9999999987499999,0.6035156068599314,0.2913530791623489,0.3210860806270514,0.3927891969542185,happy,03,01,01,male,strong,18
20,0.6673333333333333,True,1.0,0.4614845699971216,0.46944875707447054,0.4654666635357961,0.6964159661704243,-0.04949074074074067,-0.04495370370370361,0.4862386204130642,0.011606932769507042,0.1765138465499164,0.6683744861499755,0.007964187077348917,0.004537037037037062,0.0046587802715891006,0.394102575832458,0.11076602014251824,0.120490513790031,0.0,0.9999999987499999,0.6542327965014132,0.3134518303032615,0.30100481359665715,0.4284792375989624,happy,03,01,01,male,strong,18
30,1.0010000000000001,True,1.0,0.5105044946314868,0.49620801259131053,0.5033562536113987,0.9198189724500586,-0.054675925925925906,-0.051944444444444515,0.43069472758757393,0.1642533879375099,0.19653398903121463,0.547234041357772,0.014296482040176306,0.0027314814814813904,0.008038275184611718,0.32977385765684536,0.11793255098257568,0.11744566102118441,0.0,0.9999999987499999,0.5988526960628001,0.2925965696168882,0.3323749070601809,0.39773378080407085,happy,03,01,01,male,strong,18
40,1.3346666666666667,True,1.0,0.47522025338975493,0.4785459811596319,0.4768831172746934,0.6679341660772449,-0.05342592592592599,-0.047175925925925954,0.44575672035411934,0.06422068179169,0.19166825888152061,0.7139672463162232,0.0033257277698769405,0.006250000000000033,0.017711066924993676,0.4222883745422072,0.11917282285177756,0.1155291840941864,0.0,0.9999999987499999,0.6015233220788315,0.29246246801836684,0.3323169243472815,0.3995426332959797,happy,03,01,01,male,strong,18
50,1.6683333333333334,True,1.0,0.4935849412164155,0.47143506907649035,0.4825100051464529,0.6471496308335348,-0.050879629629629664,-0.04495370370370366,0.4532155924706916,0.019033812671574495,0.1937598441299581,0.7455926452820123,0.022149872139925142,0.005925925925926001,0.01302968561429838,0.44161198547275343,0.1182433877831346,0.11664372797860492,0.0,0.9999999987499999,0.6020148348167392,0.2952702866815722,0.32876761770033586,0.3975307814702292,happy,03,01,01,male,strong,18
60,2.0020000000000002,True,1.0,0.5141345334542718,0.4709971145417516,0.49256582399801174,0.6570551270734375,-0.048518518518518516,-0.04291666666666677,0.4408761242345744,0.006570135517500402,0.2027871836624776,0.7496567695802469,0.043137418912520265,0.005601851851851747,0.021218292708347596,0.41670383478377077,0.11243772834254964,0.11957110088822274,0.0,0.9999999987499999,0.6178321593871923,0.3243511788760205,0.28896057942457204,0.40836805853662594,happy,03,01,01,male,strong,18
70,2.3356666666666666,True,1.0,0.5119013207557466,0.4960998091636489,0.5040005649596977,0.6483329177799252,-0.04717592592592584,-0.043564814814814834,0.44026588296916125,0.006483329177799221,0.2000034331980719,0.7773792617002045,0.015801511592097695,0.0036111111111110095,0.015573288774114381,0.42749999999999916,0.10920556458421457,0.12017519033759026,0.0,0.9999999987499999,0.6220130958320829,0.3202070961359063,0.2927450130228345,0.41674614063650167,happy,03,01,01,male,strong,18
80,2.6693333333333333,True,1.0,0.430079144674314,0.4360344583253779,0.43305680149984593,0.6532456551015275,-0.047222222222222165,-0.04300925925925919,0.3933683595064077,0.029033140226734457,0.20001869114320442,0.6629310093651372,0.005955313651063887,0.004212962962962974,0.010789478383254406,0.46728010276968135,0.11189060713704639,0.11976550029730702,0.0,0.9999999987499999,0.6163163662652561,0.3203157325542631,0.28717920566275995,0.3920373741376703,happy,03,01,01,male,strong,18
90,3.003,True,1.0,0.3521499814061768,0.3079386878178833,0.3300443346120301,0.6214478900264425,-0.04833333333333334,-0.04486111111111113,0.4562748285614116,-0.06214085677596538,0.2006944444444444,0.5310893156270701,0.04421129358829351,0.00347222222222221,0.01740716300625033,0.4499715261402638,0.11296729598794537,0.12002709962526906,0.0,0.9999999987499999,0.6219926532956933,0.31832889336471376,0.29857208466570295,0.41338053678968223,happy,03,01,01,male,strong,18
100,3.336666666666667,True,1.0,0.4219597056924727,0.43528430052774847,0.42862200311011056,0.666114287032637,-0.04648148148148151,-0.04314814814814821,0.49414848520124194,-0.062084114366237765,0.19793555454007014,0.6434661610690086,0.01332459483527576,0.0033333333333332993,0.01587863057963836,0.4017829824461035,0.10755510153828175,0.1216545594777682,0.0,0.9999999987499999,0.6344265767791492,0.3132224212659572,0.29927293644249026,0.42122108963186516,happy,03,01,01,male,strong,18
110,3.6703333333333332,True,1.0,0.4768875937115289,0.45867368723601615,0.46778064047377255,0.6719359562733502,-0.04722222222222222,-0.04328703703703707,0.5031520800508589,-0.0055972529826008284,0.18612135926937018,0.6961684906224526,0.018213906475512742,0.003935185185185153,0.026954868640412744,0.40434088633680815,0.10961621872681954,0.12185059547884712,0.0,0.9999999987499999,0.636659230231155,0.3124904781691379,0.30166368891521866,0.43052783729894584,happy,03,01,01,male,strong,18
0,0.0,True,1.0,0.5914715078221826,0.5754978328962455,0.583484670359214,0.4097973711530282,-0.049490740740740724,-0.04699074074074078,0.40471987156821254,0.04390686119496718,0.18160365887287522,1.4238370263759617,0.015973674925937154,0.0024999999999999467,0.02472856375054128,0.6237910820894994,0.11666963384160098,0.11708427280176327,0.0,0.9999999987499999,0.6459207420546343,0.3136488986793435,0.27388907792323774,0.38789310652720865,happy,03,01,01,male,strong,19
10,0.33366666666666667,True,1.0,0.5474573853448728,0.6043933206760697,0.5759253530104712,0.36124218237700373,-0.046296296296296224,-0.04393518518518513,0.3748785333751013,0.01570148684633428,0.18679894518747414,1.594291533787207,0.056935935331196896,0.0023611111111110916,0.04826091901827485,0.6601286978989386,0.12166661643444952,0.11068440365202135,0.0,0.7071067807446058,0.6174426634560073,0.284247635320652,0.27601645834806915,0.35029760956384354,happy,03,01,01,male,strong,19
20,0.6673333333333333,True,1.0,0.6548354131169718,0.656891375988487,0.6558633945527295,0.5187293845998217,-0.0671296296296297,-0.06180555555555567,0.405384093473003,0.05184616259883346,0.20828603702138762,1.264365223995747,0.0020559628715152156,0.005324074074074037,0.024269355715275654,0.4979571166212559,0.10955218421911785,0.11985929518323789,0.0,0.9999999987499999,0.6328862233877927,0.31910776099933374,0.2996158094696344,0.4183045982943641,happy,03,01,01,male,strong,19
30,1.0010000000000001,True,1.0,0.5381049263014126,0.5449509799343965,0.5415279531179045,0.8011589421725626,-0.06064814814814823,-0.05657407407407411,0.4120696942354946,0.05826305789128983,0.21137440196682647,0.6759307356033531,0.006846053632983851,0.004074074074074119,0.0033193651945502456,0.3783893022132889,0.11148360812684303,0.12171987356732704,0.0,0.9999999987499999,0.6030326001650661,0.2966311997951326,0.32364902889194713,0.39729415653302275,happy,03,01,01,male,strong,19
40,1.3346666666666667,True,1.0,0.5519576786676156,0.5132453365417519,0.5326015076046837,0.5865158099221541,-0.05518518518518517,-0.0503703703703704,0.4318712132098696,-0.05451764489708499,0.21122816978596956,0.9080769837651499,0.03871234212586372,0.004814814814814772,0.010835052534054484,0.47285754364368426,0.11110176335653038,0.121912332164232,0.0,0.9999999987499999,0.6204574024609844,0.3241987130634068,0.29243367640198326,0.406362837819107,happy,03,01,01,male,strong,19
50,1.6683333333333334,True,1.0,0.4630096622696923,0.4389437486943648,0.45097670548202856,0.5321462861753395,-0.053657407407407376,-0.049490740740740724,0.43517517296125857,-0.1023251817124075,0.21414876455956755,0.8474675426625715,0.024065913575327502,0.004166666666666652,0.0012658286500933002,0.5486193249770106,0.1098282608136183,0.12275081989928892,0.0,0.9999999987499999,0.6086823509481918,0.3280316492523186,0.29106888155417515,0.4020243241288067,happy,03,01,01,male,strong,19
60,2.0020000000000002,True,1.0,0.5446501360185079,0.533173848031825,0.5389119920251664,0.7086044557119259,-0.05115740740740743,-0.04518518518518516,0.4612046413732988,-0.10566394054595266,0.21668392014887738,0.7605258302866983,0.011476287986682876,0.005972222222222268,0.011333418414261585,0.3749817415084381,0.11060809521548617,0.12016077796922996,0.0,0.9999999987499999,0.6121754735644258,0.3254519296404706,0.30256264180685266,0.4166246746971109,happy,03,01,01,male,strong,19
70,2.3356666666666666,True,1.0,0.5651494899151326,0.5450285383890178,0.5550890141520752,0.6265349918459531,-0.051157407407407374,-0.044212962962962954,0.4483494893686865,-0.07671351590361157,0.21111689330988623,0.885966500476889,0.020120951526114816,0.00694444444444442,0.011629769253015709,0.43667284115369537,0.11056187581336313,0.12067786353997154,0.0,0.9999999987499999,0.6166532258919192,0.32187172427755617,0.29797820923217716,0.41006586624812436,happy,03,01,01,male,strong,19
80,2.6693333333333333,True,1.0,0.5408618688495976,0.5504700088101523,0.545665938829875,0.5826881848015215,-0.04749999999999993,-0.044490740740740775,0.3961665035878872,-0.014565764472822165,0.20694481311284507,0.9364630226983971,0.009608139960554651,0.003009259259259156,0.008130466822730395,0.5208612557331963,0.1099147061068139,0.12032127337990968,0.0,0.9999999987499999,0.6144860750550221,0.3195238835410343,0.2851507167724952,0.3940217094038771,happy,03,01,01,male,strong,19
90,3.003,True,1.0,0.44546967107715096,0.394424557222675,0.419947114149913,0.6648395223247041,-0.04624999999999996,-0.042037037037036984,0.49485460862738273,-0.09743337827172348,0.20902923774983864,0.6316518498802678,0.051045113854475965,0.004212962962962974,0.014627262151670484,0.4076923198266794,0.11346641181934657,0.11923623652841463,0.0,0.9999999987499999,0.6167751012201755,0.3190589218103948,0.30637742342915025,0.4156964413236847,happy,03,01,01,male,strong,19
100,3.336666666666667,True,1.0,0.4193906248628905,0.4027367104357399,0.41106366764931523,0.6455119222732597,-0.04768518518518522,-0.04379629629629628,0.5073355206522662,-0.09456087031365781,0.20348572033465126,0.6368025956851386,0.01665391442715064,0.0038888888888889417,0.01869656598519844,0.41827207919153636,0.11939000074284273,0.11612795332917254,0.0,0.9999999987499999,0.6010268754064125,0.28760993562770065,0.33190095404970404,0.3930460162140274,happy,03,01,01,male,strong,19
110,3.6703333333333332,True,1.0,0.39961601395343677,0.3913347125836421,0.39547536326853944,0.5927672190802065,-0.047314814814814754,-0.04453703703703715,0.5244994967801443,-0.09148993762415276,0.19378937351945413,0.6671680729615856,0.008281301369794658,0.0027777777777776014,0.030072031208892853,0.4653301868144066,0.1088653309493428,0.11984930386178995,0.0,0.9999999987499999,0.6405649033988596,0.315030168036884,0.30194828660101064,0.4224629174830687,happy,03,01,01,male,strong,19
0,0.0,True,1.0,0.4732578899890278,0.46866984983311033,0.4709638699110691,0.6002032916244334,-0.05101851851851841,-0.0446759259259259,0.3589162916576347,0.15364279978303663,0.17361286891471228,0.7846739204585476,0.004588040155917461,0.006342592592592511,0.05129940655293205,0.4860785653659656,0.11690936374175964,0.11668173430474323,0.0,0.9999999987499999,0.6444462345485069,0.30924993677715207,0.2849746676794194,0.3906690496701046,sad,04,01,01,male,normal,20
10,0.33366666666666667,True,1.0,0.3883139770168722,0.4139309916266845,0.4011224843217783,0.5907864091296036,-0.04888888888888898,-0.042592592592592626,0.3597656074302033,0.13598218729028635,0.17986280783332048,0.6789636290258367,0.025617014609812305,0.006296296296296355,0.058562161465237725,0.4916491136973192,0.11785058682856454,0.11507062981067553,0.0,0.9999999987499999,0.6349365177164615,0.3113601207328555,0.2854222343165009,0.39348471821371606,sad,04,01,01,male,normal,20
20,0.6673333333333333,True,1.0,0.4888900737736218,0.4972016952381662,0.49304588450589404,0.6339098816791645,-0.05185185185185198,-0.04430555555555554,0.3664339068151842,0.1430639719449146,0.18194612173871702,0.7777854530361071,0.008311621464544394,0.00754629629629644,0.058337356783017415,0.4825502329387094,0.12511462242704474,0.1088916038650429,0.0,0.7799532009461831,0.6021793529052246,0.28269330835063616,0.3000094489144779,0.3610009863061492,sad,04,01,01,male,normal,20
30,1.0010000000000001,True,1.0,0.4982964260532888,0.4970327071800606,0.4976645666166747,0.7899513132537489,-0.05212962962962964,-0.04513888888888895,0.34768434263141357,0.1733947229870021,0.18058259679984476,0.6299939733840463,0.0012637188732281812,0.006990740740740686,0.05113895220227264,0.3944582484337449,0.12306663500057681,0.1123938660217783,0.0,0.7735714837523185,0.6004657370057398,0.2801521913043598,0.29621188392442294,0.35660711613366514,sad,04,01,01,male,normal,20
40,1.3346666666666667,True,1.0,0.49935078931165783,0.4900031709010665,0.4946769801063622,0.6732874680772895,-0.050787037037037075,-0.044259259259259276,0.3472926026081636,0.13290988178016153,0.18265935656628304,0.7347188289706532,0.00934761841059134,0.006527777777777799,0.04076291024746709,0.46250122425482915,0.12600211357394006,0.1089180480803431,0.0,0.8965188963752291,0.6028836323826406,0.27848580491668473,0.3100106213189954,0.3698494620480541,sad,04,01,01,male,normal,20
50,1.6683333333333334,True,1.0,0.4861147161111,0.4775521920387537,0.48183345407492684,0.8817105658217498,-0.04796296296296304,-0.04171296296296295,0.3397576491924068,0.1632000663245199,0.19239323451473508,0.5464757628551956,0.008562524072346311,0.006250000000000089,0.036052401669884625,0.36628094646155746,0.11508690430456808,0.116534044542805,0.0,0.9999999987499999,0.6179596868044092,0.3141069589889119,0.27212210318524516,0.3846977583067663,sad,04,01,01,male,normal,20
60,2.0020000000000002,True,1.0,0.48355834057794383,0.5509982064157181,0.517278273496831,0.6447760159327202,-0.045277777777777806,-0.04185185185185192,0.36161467674395154,0.07862382231830617,0.1891617343961022,0.8022604140269494,0.06743986583777423,0.003425925925925888,0.04296899530403939,0.4670566790225783,0.11437754717655114,0.1183625084830205,0.0,0.9999999987499999,0.6200095959477542,0.3154583602530824,0.2735072106815626,0.3859239360892051,sad,04,01,01,male,normal,20
70,2.3356666666666666,True,1.0,0.5595643968904598,0.5413720326420132,0.5504682147662365,0.6990836674886608,-0.04712962962962963,-0.04365740740740737,0.36796699875592376,0.11394696077573042,0.18846829530139975,0.7874139253513103,0.018192364248446613,0.0034722222222222654,0.013421424353530118,0.4528322084022495,0.11972270907576778,0.11446097663707433,0.0,0.9999999987499999,0.6233274448920194,0.31335003909740367,0.2779757494113612,0.38812341271203843,sad,04,01,01,male,normal,20
80,2.6693333333333333,True,1.0,0.5200964472414868,0.49717018387323064,0.5086333155573588,0.7029318193841044,-0.046851851851851756,-0.04768518518518511,0.3563839608479115,0.11430121468510518,0.18421179953432304,0.723588407198601,0.022926263368256206,0.0008333333333333526,0.03414912051295941,0.43176899339213687,0.12450203871394894,0.11080171535551944,0.0,0.9999999987499999,0.5985220097804747,0.27720879046772845,0.301311047454137,0.3567637726831531,sad,04,01,01,male,normal,20
90,3.003,True,1.0,0.527200075638798,0.5243462154876176,0.5257731455632078,0.4452038203999326,-0.04824074074074086,-0.04828703703703707,0.366101528485584,0.044326016116252406,0.18396520674505748,1.1809717739863477,0.0028538601511803874,4.6296296296211015e-05,0.02985829887436149,0.6056206564155915,0.12602765558253484,0.10906332013314615,0.0,0.9999999987499999,0.5967126224630478,0.27514551193776665,0.30357955913542944,0.36120950087075243,sad,04,01,01,male,normal,20
100,3.336666666666667,True,1.0,0.5190177928465289,0.508320765272749,0.513669279059639,0.4388196149101958,-0.046157407407407425,-0.04842592592592598,0.3569792777263077,0.09769673644516808,0.18129940342162687,1.17057046131532,0.010697027573779883,0.0022685185185185586,0.041974994512483384,0.6881054308825398,0.127012139357699,0.10738427437716333,0.0,0.6661346564811416,0.5972709337328682,0.27529468867386775,0.299924306128124,0.35798208818267263,sad,04,01,01,male,normal,20
110,3.6703333333333332,True,1.0,0.3514596899958171,0.33293926504841814,0.34219947752211766,0.47806685013757955,-0.05421296296296302,-0.05726851851851855,0.3383936629159671,0.07932995305688824,0.17922471688916342,0.7157983813846085,0.018520424947398972,0.0030555555555555336,0.044779448361587364,0.6240423447294974,0.1262628282213078,0.10861570803580724,0.0,0.9201124891548856,0.5958742868475515,0.2759979770114874,0.2989126732939625,0.3547220883736789,sad,04,01,01,male,normal,20
0,0.0,True,1.0,0.4549685394466411,0.4385095297558915,0.4467390346012663,0.6514666924350113,-0.05106481481481484,-0.054120370370370374,0.341098745885927,0.18230004804457178,0.16791861623525042,0.6857434766641303,0.016459009690749593,0.0030555555555555336,0.050014256539838944,0.45233738665688855,0.12044336679907257,0.11486933998480706,0.0,0.9999999987499999,0.6418370575026886,0.3117464233332712,0.2906893550337291,0.39956754885828377,sad,04,01,01,male,normal,21
10,0.33366666666666667,True,1.0,0.4803705730037598,0.45705767067253306,0.4687141218381464,0.689737411421879,-0.050370370370370454,-0.0521759259259259,0.3382072122312084,0.19207444327294868,0.16993406946806466,0.679554442134583,0.023312902331226737,0.0018055555555554492,0.046168020840288676,0.4363550950683269,0.11342932392255692,0.11879134372575555,0.0,0.9999999987499999,0.6460033588122749,0.3101706862077103,0.2883148517698243,0.3990559521271439,sad,04,01,01,male,normal,21
20,0.6673333333333333,True,1.0,0.4630316563036512,0.46186920636088546,0.4624504313322683,0.6758714992577239,-0.047407407407407454,-0.05041666666666661,0.33686731905155526,0.20852614968322883,0.16915641164780745,0.6842283360670699,0.0011624499427657087,0.003009259259259156,0.05527644032120183,0.45944434800190065,0.12310753247534224,0.11166869492900898,0.0,0.9999999987499999,0.6028697011929771,0.2784278135808029,0.2982715547795795,0.3590997249386321,sad,04,01,01,male,normal,21
30,1.0010000000000001,True,1.0,0.4152075808429082,0.37540882518415786,0.39530820301353303,0.729903086366099,-0.05152777777777773,-0.05328703703703702,0.34752562308176704,0.22478077062044266,0.1719546902886726,0.541589986941441,0.03979875565875035,0.0017592592592592937,0.04685616704762238,0.4202870372327406,0.12507296636755283,0.10963675939748464,0.0,0.9999999987499999,0.6007837615358643,0.2800486319303806,0.30103825188877636,0.36289105226251245,sad,04,01,01,male,normal,21
40,1.3346666666666667,True,1.0,0.41718031020731533,0.4033740429720536,0.41027717658968443,0.6379811069398732,-0.054444444444444406,-0.05435185185185187,0.35311253602046533,0.19434189466997448,0.16857954014247672,0.6430867185983161,0.013806267235261738,9.259259259253305e-05,0.02137820512341551,0.4803952339539587,0.11385129701489091,0.11838698001816499,0.0,0.9999999987499999,0.6505804863664215,0.3091053260761568,0.28620586568355005,0.4012993458875185,sad,04,01,01,male,normal,21
50,1.6683333333333334,True,1.0,0.5093586777408775,0.4867425180884365,0.498050597914657,0.9188896502695,-0.05652777777777773,-0.05486111111111103,0.3338614730708511,0.3035005223624814,0.169183921998784,0.5420135026753042,0.022616159652441015,0.0016666666666667052,0.013986937516821774,0.34144896320926027,0.11304118165544684,0.11932053497645499,0.0,0.9999999987499999,0.651159557870023,0.30843555570790204,0.28535112221637504,0.40161070548153943,sad,04,01,01,male,normal,21
60,2.0020000000000002,True,1.0,0.5398302146099482,0.5560841575643846,0.5479571860871664,0.9364266471676641,-0.05027777777777781,-0.04726851851851854,0.34057207302066556,0.26280542070001717,0.17449873460787665,0.585157617785151,0.016253942954436384,0.003009259259259267,0.007252558223441058,0.33591924460551514,0.11527184925658081,0.11716697310508474,0.0,0.9999999987499999,0.6460826336393932,0.30880801067646746,0.2849955071664993,0.3956028859887136,sad,04,01,01,male,normal,21
70,2.3356666666666666,True,1.0,0.5235457727737651,0.48303795666531496,0.50329186471954,0.6874301872086221,-0.05129629629629645,-0.04953703703703699,0.34435476329685477,0.19956134735287995,0.17192762329231798,0.732135239453487,0.04050781610845017,0.0017592592592594603,0.019969261147553912,0.43172139654405056,0.12426827033053574,0.11037553609716179,0.0,0.9999999987499999,0.6043305767932173,0.28020248109716045,0.3013627500839249,0.3575675131442773,sad,04,01,01,male,normal,21
80,2.6693333333333333,True,1.0,0.47635782809077853,0.4662164341804904,0.4712871311356345,0.4663703198302244,-0.05064814814814822,-0.04939814814814819,0.3641547225185761,0.07502366842573738,0.1738434263795303,1.0105427191575997,0.010141393910288121,0.0012500000000000289,0.024337383272826828,0.5980853246058061,0.12372863693879385,0.11080831391782589,0.0,0.7668693347876445,0.6047501355776685,0.2796814182207465,0.3009264010792215,0.3599132875694986,sad,04,01,01,male,normal,21
90,3.003,True,1.0,0.520377878528873,0.4846880018661175,0.5025329401974952,0.4794852273661048,-0.04986111111111119,-0.04685185185185198,0.355944931964364,0.1004710872777155,0.17375343558559378,1.048067618178761,0.03568987666275547,0.0030092592592592116,0.002228809506528914,0.5811579653251571,0.12646955114634595,0.1083749346275478,0.0,0.8446524750107979,0.6080211944152661,0.27924885036333735,0.30407403449754616,0.36381399230324846,sad,04,01,01,male,normal,21
100,3.336666666666667,True,1.0,0.48213600750420754,0.4918986109688243,0.4870173092365159,0.5287677511614394,-0.051944444444444515,-0.04763888888888895,0.34369211788678977,0.12010471691108228,0.17723879703089862,0.9210420041063047,0.00976260346461677,0.0043055555555555625,0.007545289366414137,0.5621734186738868,0.12475707902105744,0.110341946041461,0.0,0.9999999987499999,0.6076741402811124,0.27940113959855195,0.3061676177304813,0.3701532324771655,sad,04,01,01,male,normal,21
0,0.0,True,1.0,0.5108674708587929,0.5037839687616456,0.5073257198102192,0.52411381854,-0.0494444444444444,-0.046342592592592546,0.3514113777010256,0.19047619047618988,0.1634004833447456,0.9679686012161506,0.007083502097147365,0.0031018518518518556,0.008535658401658881,0.5621734186738868,0.11195537098611955,0.11938622215004953,0.0,0.9999999987499999,0.6586878086468962,0.308977041938683,0.2755912163420049,0.40348032645626747,sad,04,01,01,male,normal,22
10,0.33366666666666667,True,1.0,0.5557032304829624,0.543231421295431,0.5494673258891967,0.5614720352914129,-0.0506018518518519,-0.04796296296296293,0.3578146322334412,0.21832358674463972,0.1578135086696924,0.9786192211763751,0.012471809187531435,0.0026388888888889683,0.009496373309335086,0.5163096586489035,0.12602921842833215,0.10800828758634194,0.0,0.9999999987499999,0.5975145180181447,0.28630579630100056,0.30531208830211354,0.3755659725569195,sad,04,01,01,male,normal,22
20,0.6673333333333333,True,1.0,0.5599781326711996,0.5275955861814886,0.5437868594263441,0.56657804921923,-0.05046296296296304,-0.04824074074074064,0.35372693389299503,0.19663250077794475,0.1606067934450297,0.9597739626088705,0.03238254648971095,0.002222222222222403,0.008115920295581003,0.53099079042126,0.1122741303062397,0.1169882193987125,0.0,0.9999999987499999,0.6598634526701307,0.3079368427996295,0.28146733699361237,0.40699197325422454,sad,04,01,01,male,normal,22
30,1.0010000000000001,True,1.0,0.5108674708587942,0.45383451160784904,0.48235099123332165,0.6984697679154495,-0.04888888888888887,-0.04810185185185184,0.35074875790396376,0.23809523809523847,0.15916636581052196,0.6905824895941821,0.0570329592509452,0.0007870370370370305,0.004776870798259583,0.4352172994321587,0.11012277666645263,0.11869494503894144,0.0,0.9999999987499999,0.6612268274340987,0.30812262579411037,0.2814337669944815,0.4080271029172613,sad,04,01,01,male,normal,22
40,1.3346666666666667,True,1.0,0.5010101010101006,0.4777257421575869,0.48936792158384373,0.6238433509958876,-0.05032407407407408,-0.048842592592592604,0.35926006041533404,0.21832358674463972,0.15772066016739558,0.7844403900476447,0.023284358852513676,0.0014814814814814725,0.005347314838669299,0.47873081554584407,0.12556245216073111,0.10890102197582939,0.0,0.920349522514564,0.6027916935211585,0.2864794402980101,0.3089951024890161,0.3766524826381155,sad,04,01,01,male,normal,22
50,1.6683333333333334,True,1.0,0.34169700906980255,0.33646231811860694,0.3390796635942047,0.6626020916445212,-0.062083333333333324,-0.06101851851851847,0.3469121118735717,0.25047234122393724,0.1548734271327187,0.5117395007803828,0.0052346909511956086,0.0010648148148148517,0.006980556775226527,0.4527012995892371,0.12193660713906519,0.11158850405833456,0.0,0.9999999987499999,0.6063230415681897,0.2905242935299247,0.2978918349647005,0.3677503276145986,sad,04,01,01,male,normal,22
60,2.0020000000000002,True,1.0,0.4434091207537674,0.4104670727399715,0.42693809674686944,0.6989261561809678,-0.053981481481481464,-0.05282407407407402,0.3538708124886725,0.23809523809523847,0.15913568543959236,0.6108486468437813,0.03294204801379591,0.0011574074074074403,0.007928230993636098,0.4349331090829273,0.12142274869860561,0.11180714915464618,0.0,0.9999999987499999,0.5986763599267833,0.28851492341670143,0.3022740922209531,0.3715486834009762,sad,04,01,01,male,normal,22
70,2.3356666666666666,True,1.0,0.5032152913329077,0.511144246618833,0.5071797689758704,0.6285151819408745,-0.049120370370370425,-0.04837962962962966,0.3666620119177468,0.19154838747038389,0.15844171395132997,0.8069491136390428,0.007928955285925299,0.000740740740740764,0.007541030977616235,0.4662879135626914,0.11693209753241478,0.11583950655959616,0.0,0.9999999987499999,0.6587766652285914,0.3090807737664815,0.2866940611344809,0.4060310767598241,sad,04,01,01,male,normal,22
80,2.6693333333333333,True,1.0,0.49382716049382686,0.4766935353001474,0.48526034789698713,0.5212967458131282,-0.047314814814814754,-0.04652777777777778,0.3653994106904852,0.14557677447749204,0.16050985692787512,0.930871623109922,0.017133625193679447,0.000787037037036975,0.010973591306600214,0.5291221941681362,0.12433739968341245,0.10977823635471297,0.0,0.8535503721909713,0.5980967551082933,0.2872746470288148,0.3075978722141126,0.37618099741976707,sad,04,01,01,male,normal,22
90,3.003,True,1.0,0.5011698527999263,0.4944648317993838,0.497817342299655,0.49284887137626154,-0.04699074074074072,-0.04689814814814813,0.3740069717518292,0.13439380608153692,0.16049702270746352,1.0100811246853811,0.006705021000542544,9.259259259258856e-05,0.007029953333652189,0.5794612801400438,0.12411693639734771,0.11071789388481375,0.0,0.9999999987499999,0.5954404569718512,0.28814510802149085,0.3034384289750046,0.37211868024684885,sad,04,01,01,male,normal,22
100,3.336666666666667,True,1.0,0.5018507148621261,0.469341489375189,0.48559610211865756,0.4972473624997029,-0.049768518518518545,-0.046574074074074046,0.36944154622739533,0.12052730696798454,0.1633140814428776,0.9765684822892302,0.03250922548693708,0.0031944444444444997,0.007032170739202097,0.5794612801400464,0.11621103270028237,0.11508243594873588,0.0,0.9999999987499999,0.6562086376894508,0.3091615026856779,0.28122673292402345,0.40556770586736923,sad,04,01,01,male,normal,22
0,0.0,True,1.0,0.522307416171823,0.5647700331105855,0.5435387246412042,0.5477096022652734,-0.04722222222222233,-0.04337962962962966,0.3402851684242092,0.13692740056631772,0.18359324209445113,0.9923848740156849,0.04246261693876252,0.003842592592592675,0.02347165529770281,0.530228128744703,0.12720432766515652,0.10715654413452297,0.0,0.9999999987499999,0.6071268970166191,0.2769470936072333,0.3037399017960632,0.36775020025199184,sad,04,01,01,male,normal,23
10,0.33366666666666667,True,1.0,0.5046954649714889,0.5333648902768584,0.5190301776241737,0.542121714108432,-0.04935185185185181,-0.044351851851851865,0.34527860092741247,0.12754059714268662,0.18692354984541243,0.9574052544229216,0.028669425305369534,0.004999999999999949,0.030365411885657823,0.5466727352802705,0.12430262102757506,0.1105093857212939,0.0,0.9999999987499999,0.6079285177352192,0.27734754338133694,0.3025014019330925,0.369310371530328,sad,04,01,01,male,normal,23
20,0.6673333333333333,True,1.0,0.5193070186380959,0.5338433050903177,0.5265751618642068,0.6808381232751897,-0.04851851851851863,-0.04490740740740745,0.33996304167045577,0.17014850315803504,0.18421051613193204,0.7734219689859657,0.014536286452221825,0.003611111111111176,0.02645151466670331,0.43105420862933264,0.12361664164028423,0.11127619618109874,0.0,0.9999999987499999,0.6109792349127151,0.27797202462279164,0.29399421760485345,0.3603679436611948,sad,04,01,01,male,normal,23
30,1.0010000000000001,True,1.0,0.5349514536293425,0.5333648902768584,0.5341581719531004,0.7024559426821351,-0.049861111111111134,-0.044629629629629575,0.3442323765082752,0.16763153177641926,0.1869529347588194,0.7604151940313355,0.0015865633524840828,0.005231481481481559,0.02497009316417433,0.43525286240935507,0.1241018565666872,0.11004444253917121,0.0,0.8484129996871512,0.6132539487670069,0.27837804731474003,0.2943945900085446,0.36095428736415247,sad,04,01,01,male,normal,23
40,1.3346666666666667,True,1.0,0.47723805166077954,0.5108674708587936,0.4940527612597866,0.6594624475460427,-0.04643518518518519,-0.043333333333333335,0.3514331017733863,0.15701486846334414,0.1809877306393318,0.7491749728862197,0.03362941919801404,0.0031018518518518556,0.025790396125925062,0.48448870821725315,0.115141430528153,0.11631649112823184,0.0,0.9999999987499999,0.6399988636313901,0.30805357900505703,0.28697329070102756,0.38658921178039574,sad,04,01,01,male,normal,23
50,1.6683333333333334,True,1.0,0.48942897896574955,0.47772574215758756,0.48357736056166856,0.6537588335396047,-0.04995370370370378,-0.04439814814814819,0.35446076863401654,0.14007861632470164,0.1815566001892127,0.7396876887207268,0.011703236808161988,0.005555555555555591,0.023330286791427398,0.46931220874441937,0.12404993633750601,0.11027586943291212,0.0,0.9999999987499999,0.611837518968525,0.2785337885823985,0.2862017450159039,0.3528188279686515,sad,04,01,01,male,normal,23
60,2.0020000000000002,True,1.0,0.4782142413550119,0.4854713990002559,0.4818428201776339,0.6847432964427503,-0.04944444444444451,-0.043194444444444535,0.3617077315318454,0.1521176476476879,0.18216613257776035,0.7036838807781152,0.0072571576452439834,0.006249999999999978,0.0330652704070069,0.44241198471199766,0.11722426555463313,0.11620152352088767,0.0,0.9999999987499999,0.6403481650550845,0.3080754994744841,0.2895688116302616,0.3872645244822791,sad,04,01,01,male,normal,23
70,2.3356666666666666,True,1.0,0.4907720960162449,0.49293333894712726,0.4918527174816861,0.6126194148845,-0.05037037037037034,-0.04444444444444451,0.3728191977100394,0.06718183648678883,0.18275957330591067,0.8028683151911165,0.002161242930882379,0.0059259259259258346,0.04523636035681153,0.4717679963657964,0.12361634124300139,0.11024446661780847,0.0,0.9999999987499999,0.6138466114023734,0.2803831305825837,0.2908808908584949,0.35469087512247693,sad,04,01,01,male,normal,23
80,2.6693333333333333,True,1.0,0.37502809415192107,0.367358513488911,0.37119330382041604,0.38743306911986514,-0.06004629629629632,-0.05467592592592602,0.3702988101371307,-0.014897785793745046,0.18201529665858626,0.9580836882707481,0.007669580663010045,0.005370370370370303,0.03238588935009085,0.6803670498354785,0.1234173486576134,0.1106395238599067,0.0,0.7516853257128006,0.6132981806941527,0.280550816045964,0.2840785551514785,0.3481262282817626,sad,04,01,01,male,normal,23
90,3.003,True,1.0,0.5132873182938108,0.5104616159624537,0.5118744671281322,0.3088374147419047,-0.048240740740740695,-0.04199074074074077,0.3905097522819745,-0.006998474280213738,0.18067763154958041,1.6574237533878644,0.0028257023313571494,0.006249999999999922,0.03198748860885677,0.8714986638707114,0.12660110137723174,0.10751473928009884,0.0,0.8578685451618039,0.6106297159488796,0.279747387832469,0.2920072529920775,0.35158340505549196,sad,04,01,01,male,normal,23
0,0.0,True,1.0,0.4918091625200946,0.49638861345735175,0.49409888798872315,0.6643027221959261,-0.050925925925925986,-0.04532407407407407,0.3463265462552629,0.12625109989906302,0.1834835015461247,0.743785734243907,0.004579450937257146,0.005601851851851913,0.054668325988037086,0.4641705278293759,0.1230691527398633,0.1110267077481908,0.0,0.8854907401553019,0.6018764112988947,0.2834747129443412,0.2956693513182852,0.35783740107956136,sad,04,01,01,male,strong,24
10,0.33366666666666667,True,1.0,0.4750285959907331,0.5038438386646237,0.4894362173276784,0.6919963982056652,-0.04930555555555566,-0.04509259259259252,0.34607886877433913,0.13350668118551853,0.18485599221902047,0.7072814520375802,0.028815242673890573,0.0042129629629631404,0.048038797237113386,0.4434847095159638,0.12381713312852324,0.11036470305637755,0.0,0.9999999987499999,0.6009856409985871,0.2822073114881743,0.29478916973577335,0.3506646154135843,sad,04,01,01,male,strong,24
20,0.6673333333333333,True,1.0,0.4607906187249829,0.4711986411372831,0.465994629931133,0.7153069259474293,-0.050925925925925986,-0.04611111111111116,0.35326103180706603,0.14768227099344186,0.18760413774754542,0.6514610903758826,0.01040802241230021,0.004814814814814827,0.03993419366450984,0.4485893744257859,0.12370433275831093,0.10997261636927963,0.0,0.9999999987499999,0.6003524164900335,0.2816077581029192,0.30185935847814094,0.36380710397393584,sad,04,01,01,male,strong,24
30,1.0010000000000001,True,1.0,0.5168477832221837,0.49883006027942095,0.5078389217508024,0.9261562040526401,-0.05435185185185187,-0.04879629629629628,0.3495622470184035,0.18031721357962688,0.18831156847136002,0.5483296656963691,0.01801772294276277,0.005555555555555591,0.041903191723753265,0.353127006251797,0.12248895296360111,0.11251632027797799,0.0,0.9999999987499999,0.6039146300004377,0.2843231133752463,0.30041574596607157,0.36672877284394584,sad,04,01,01,male,strong,24
40,1.3346666666666667,True,1.0,0.5063066311090921,0.5007923083613378,0.503549469735215,0.6853980290698091,-0.05587962962962967,-0.050787037037036964,0.3550833192735601,0.13213676878360586,0.1868316922029551,0.734681817539816,0.005514322747754319,0.005092592592592704,0.045462875825734,0.455655087223949,0.12473523938789868,0.10950011022713221,0.0,0.7194488348349017,0.6048066231727066,0.2823880659211655,0.2973317390155442,0.3647190249607548,sad,04,01,01,male,strong,24
50,1.6683333333333334,True,1.0,0.37854826318831786,0.3782412100735629,0.37839473663094036,0.8570942615839292,-0.059305555555555556,-0.05263888888888896,0.34217258715184595,0.17763755002857473,0.18750040690060016,0.441485556013009,0.00030705311475498487,0.006666666666666599,0.05039199845880531,0.3785191184436585,0.12383018896215314,0.11138113899527506,0.0,0.9999999987499999,0.6106390184042367,0.28283259775476527,0.29613020064791923,0.3527500247954869,sad,04,01,01,male,strong,24
60,2.0020000000000002,True,1.0,0.3700194952483116,0.3806686368768768,0.3753440660625942,0.6177373474825306,-0.06189814814814815,-0.05675925925925929,0.3394956732661213,0.12180180375038423,0.18484154642045894,0.6076110948969436,0.010649141628565173,0.0051388888888888595,0.03782390848541614,0.4943381120070297,0.12015965460276033,0.11316350961995372,0.0,0.9999999987499999,0.6046589218343587,0.2819290807950628,0.29892805442161674,0.359751764111936,sad,04,01,01,male,strong,24
70,2.3356666666666666,True,1.0,0.3805895595756042,0.35435038743626207,0.36746997350593313,0.7067029947430568,-0.05990740740740741,-0.05314814814814817,0.34307731875319086,0.1283237844204497,0.18621602556979983,0.5199779486423968,0.026239172139342126,0.006759259259259243,0.047956077416141434,0.45598920153247285,0.12279987927228289,0.1116662157278505,0.0,0.9999999987499999,0.6052316949592337,0.2829002126305886,0.3024757357830848,0.35804956082077183,sad,04,01,01,male,strong,24
80,2.6693333333333333,True,1.0,0.4766533626198656,0.5038438386646229,0.49024860064224424,0.630445395094133,-0.05046296296296299,-0.04287037037037045,0.35482465955303705,0.0689619741238509,0.1870031233040835,0.7776226211772779,0.027190476044757328,0.00759259259259254,0.058283844369128,0.48051601953395817,0.12138234574429332,0.1140438510549189,0.0,0.9999999987499999,0.6064258932635554,0.2872457148229857,0.2930576468519467,0.3552994582029312,sad,04,01,01,male,strong,24
90,3.003,True,1.0,0.48235184749880067,0.5046416809494003,0.4934967642241005,0.48906908011683153,-0.0475462962962962,-0.042129629629629683,0.38214836526311424,0.04294210809709384,0.18844764883487858,1.0090532897851798,0.02228983345059965,0.005416666666666514,0.05927302621965125,0.5626497662069061,0.1221548456781505,0.112710051267537,0.0,0.9999999987499999,0.6085084983993597,0.28525802177063486,0.2924977104188926,0.3570910687191442,sad,04,01,01,male,strong,24
100,3.336666666666667,True,1.0,0.39496139792881346,0.40669641750986557,0.40082890771933954,0.48951917031973324,-0.05500000000000005,-0.050462962962962876,0.38422745416615944,0.02154929983571442,0.1855092249813157,0.8188216764984608,0.011735019581052109,0.004537037037037173,0.05139902345938334,0.5572689317774507,0.12434818806843402,0.11045810993879669,0.0,0.9999999987499999,0.6107484437993947,0.28453530218430806,0.2946752170298181,0.3606725888536471,sad,04,01,01,male,strong,24
110,3.6703333333333332,True,1.0,0.48611471611110063,0.4916088032718102,0.4888617596914554,0.5118667006678821,-0.050277777777777866,-0.04550925925925925,0.3825325864558767,0.03644443075753845,0.18197840664028841,0.9550567736748455,0.005494087160709593,0.004768518518518616,0.04496966714162204,0.5407878374635611,0.124411681357436,0.11073123933187815,0.0,0.9999999987499999,0.6083073639533939,0.282665236628842,0.2941142868577005,0.3570760568322145,sad,04,01,01,male,strong,24
0,0.0,True,1.0,0.4260562514257597,0.4425412260034573,0.4342987387146085,0.7005868790151953,-0.04601851851851846,-0.04189814814814824,0.3943316507128641,0.12133067779607597,0.18895713720099233,0.6199070404017498,0.016484974577697598,0.004120370370370219,0.049988576121157036,0.44306765923143426,0.12099740805678012,0.11395169688451125,0.0,0.9999999987499999,0.6057549876903886,0.2916781892116273,0.3067050346505911,0.374670956916785,sad,04,01,01,male,strong,25
10,0.33366666666666667,True,1.0,0.40465524628978594,0.39157911784216576,0.39811718206597585,0.7077262026514914,-0.04749999999999999,-0.041666666666666685,0.39198942237180984,0.1297769260910619,0.18890867939912034,0.5625299453014916,0.013076128447620183,0.0058333333333333015,0.05096854926109951,0.4543377264028621,0.12098506767566669,0.11329412865926262,0.0,0.9262263491710494,0.6048693501463086,0.29208568250878236,0.3072037536250716,0.373760204762458,sad,04,01,01,male,strong,25
20,0.6673333333333333,True,1.0,0.41445305969130497,0.4050471663960458,0.40975011304367537,0.7311930030067101,-0.04722222222222222,-0.04245370370370355,0.3805218551253457,0.13408007214370649,0.19105050873278595,0.5603857139753226,0.009405893295259149,0.004768518518518672,0.05259729742300232,0.43977616153324545,0.10994356594790164,0.11918110638827575,0.0,0.9999999987499999,0.6148346871014031,0.32113369593424407,0.2815659251329419,0.3920471866915046,sad,04,01,01,male,strong,25
30,1.0010000000000001,True,1.0,0.3920544919640688,0.3900034535796153,0.391028972771842,0.9224653586425056,-0.04736111111111113,-0.04273148148148148,0.38073497006562235,0.14120029267800213,0.19240076885751717,0.4238955632407464,0.002051038384453474,0.00462962962962965,0.060034052429770564,0.35929487900753204,0.1169064168751172,0.11701078599588367,0.0,0.7571734546699875,0.5981571353619574,0.28611437898093417,0.3002027408894105,0.3760252275201256,sad,04,01,01,male,strong,25
40,1.3346666666666667,True,1.0,0.2899882130628951,0.29354898500182564,0.29176859903236035,0.7203020814114898,-0.060416666666666674,-0.0562037037037037,0.38845665599636486,0.06599383513470237,0.19241821567656023,0.4050642175857889,0.0035607719389305625,0.004212962962962974,0.06235669935457827,0.4581000905254732,0.12131708899144501,0.11344347469339942,0.0,0.7840417451660217,0.6021731187240521,0.2834847795812497,0.2973651082733573,0.360245657011799,sad,04,01,01,male,strong,25
50,1.6683333333333334,True,1.0,0.4420245923968597,0.4357863514716669,0.4389054719342633,0.8538855300854851,-0.05148148148148152,-0.044259259259259276,0.3665711914231908,0.15235663253754936,0.18704065390021427,0.5140097313633165,0.006238240925192817,0.007222222222222241,0.06026128654332544,0.39168410677606635,0.12190229387736828,0.11348790494763107,0.0,0.9999999987499999,0.5984973106977166,0.2872245339006901,0.307731816919134,0.37167946307368793,sad,04,01,01,male,strong,25
60,2.0020000000000002,True,1.0,0.4720036192879099,0.48118404786226676,0.47659383357508833,0.5666094695992175,-0.04532407407407407,-0.04037037037037039,0.3776070074705779,0.07442353149907535,0.1892282715708587,0.8411328421888177,0.009180428574356858,0.004953703703703682,0.04508660524782468,0.5567459331452319,0.1180914943410654,0.11515475465567897,0.0,0.9999999987499999,0.5989660739920969,0.2858032499216621,0.29450776442023896,0.35889527655465353,sad,04,01,01,male,strong,25
70,2.3356666666666666,True,1.0,0.486302064127349,0.4678927436943083,0.47709740391082867,0.7882758117339425,-0.04273148148148154,-0.039768518518518536,0.3633836810232237,0.14669300062715793,0.18858363100397582,0.6052417146498182,0.01840932043304072,0.0029629629629630005,0.033525185285646464,0.43001323760097787,0.11384428002608006,0.11790997808709679,0.0,0.9999999987499999,0.62233512567527,0.31802940628694143,0.2728757964080845,0.3817515554937187,sad,04,01,01,male,strong,25
80,2.6693333333333333,True,1.0,0.447368815667083,0.44249174147911846,0.44493027857310075,0.7605062691484976,-0.04324074074074086,-0.0399074074074075,0.3613480783031507,0.17044535971465904,0.1900210738067449,0.585044853175593,0.004877074187964514,0.003333333333333355,0.029863772812382002,0.4318076287856719,0.11089428441182242,0.11732671397976784,0.0,0.9999999987499999,0.6200193677470989,0.31851468253556514,0.2761090866979667,0.3815513699574124,sad,04,01,01,male,strong,25
90,3.003,True,1.0,0.512182016549298,0.505648494015975,0.5089152552826365,0.5325632704253657,-0.04625000000000007,-0.04375000000000007,0.375724210502214,0.059058460583702704,0.18851200976596455,0.9555958578896341,0.006533522533322955,0.0025000000000000022,0.03438190463639715,0.5416881446183579,0.12261974023197135,0.11254318806568739,0.0,0.7763793759566087,0.6032365687681323,0.2860093272882552,0.2980055531583665,0.35639751516546636,sad,04,01,01,male,strong,25
100,3.336666666666667,True,1.0,0.5004060199060192,0.49123125094972037,0.49581863542786975,0.5813504273960293,-0.04560185185185189,-0.042083333333333306,0.36618900188561554,0.0687763473810969,0.18624388353869456,0.8528739501383503,0.009174768956298818,0.0035185185185185874,0.03415685669885064,0.5136733184982506,0.12371373063367089,0.11116824537531494,0.0,0.9999999987499999,0.6059653709139906,0.2850384153098799,0.2991094273335535,0.366004009817411,sad,04,01,01,male,strong,25
0,0.0,True,1.0,0.324718089085391,0.29591457003999144,0.31031632956269123,0.6954316020935929,-0.0625,-0.05763888888888896,0.36128144666200845,0.13126703790706779,0.18819809300513307,0.44622120799297255,0.028803519045399573,0.004861111111111038,0.042546074614792984,0.4545919461291419,0.11639383080501645,0.11670728665753523,0.0,0.8814213727311494,0.6353315695028012,0.3131644124899533,0.2889394280434892,0.39344270114749624,sad,04,01,01,male,strong,26
10,0.33366666666666667,True,1.0,0.485370587101112,0.493139516576419,0.4892550518387655,0.7365737497463948,-0.04972222222222222,-0.045277777777777806,0.36414429340117166,0.16861300884522648,0.186846392460444,0.6642309096777043,0.007768929475306996,0.0044444444444444176,0.04524016482823851,0.42955503262357364,0.11303238081787349,0.11884892873387234,0.0,0.9999999987499999,0.6350846375737794,0.3146717042499139,0.2821312968773327,0.3943911984952327,sad,04,01,01,male,strong,26
20,0.6673333333333333,True,1.0,0.4632519766929783,0.46803598164918664,0.46564397917108247,0.6827627533226048,-0.050879629629629664,-0.04740740740740729,0.3544306295900836,0.15865990611377637,0.18681209006022537,0.6819996798376405,0.004784004956208343,0.0034722222222223764,0.03890650901431581,0.47966057922453964,0.12083614065935185,0.11462242770196887,0.0,0.9999999987499999,0.6070034018529287,0.28491849313658496,0.2920664067898292,0.3606491885380865,sad,04,01,01,male,strong,26
30,1.0010000000000001,True,1.0,0.5213516814276129,0.509347861199911,0.515349771313762,0.7552061650515303,-0.051712962962963016,-0.05041666666666672,0.3644034125908561,0.18489972245310482,0.19028419304371916,0.6823961391769067,0.012003820227701856,0.0012962962962962954,0.02875012588770109,0.4211396600751789,0.12330444020026471,0.11213292467761947,0.0,0.9999999987499999,0.6001759664100015,0.2809032682546905,0.30476089998155576,0.36498831903933776,sad,04,01,01,male,strong,26
40,1.3346666666666667,True,1.0,0.36694014806117226,0.361095504011176,0.36401782603617416,0.6962174106842738,-0.055833333333333346,-0.050555555555555576,0.3593161357090158,0.14669300062715807,0.18828563725134137,0.5228507940908876,0.005844644049996239,0.00527777777777777,0.04535438767266058,0.4455692640474039,0.12264808093865964,0.1125123020667524,0.0,0.9999999987499999,0.6033063698604441,0.2806832258482223,0.30026118733565044,0.353727037337325,sad,04,01,01,male,strong,26
50,1.6683333333333334,True,1.0,0.4642391642491294,0.48564782708579546,0.4749434956674624,0.6791274236165016,-0.05004629629629631,-0.046157407407407425,0.3665689711546805,0.1356560205466127,0.1868316922029551,0.6993437154080522,0.021408662836666037,0.003888888888888886,0.04469822748251618,0.4872137476739946,0.12397232173463936,0.11122291700013331,0.0,0.9999999987499999,0.6037552107796244,0.282191347553072,0.30664967966620915,0.36419807309895463,sad,04,01,01,male,strong,26
60,2.0020000000000002,True,1.0,0.48181452352433785,0.4752399269564649,0.47852722524040137,0.5935594230729525,-0.048888888888888926,-0.043981481481481455,0.35908527906677823,0.10914872960249687,0.18683863413534252,0.8061993570298135,0.006574596567872959,0.004907407407407471,0.042991932332929035,0.5231563642071034,0.1228975574069578,0.11189974246148647,0.0,0.9999999987499999,0.6054833467293168,0.2812432799724539,0.29936366293581446,0.3619227566569432,sad,04,01,01,male,strong,26
70,2.3356666666666666,True,1.0,0.47754447066845046,0.4608140918794148,0.4691792812739326,0.7583383643487267,-0.05226851851851838,-0.04486111111111113,0.3532924436764488,0.1893766498485941,0.18349971734954013,0.6186938487239418,0.01673037878903566,0.0074074074074072516,0.04780278665122514,0.43406821100067494,0.11031658379917975,0.11963483978447137,0.0,0.9999999987499999,0.6429627685683648,0.3121779926329176,0.2764761252271516,0.3876829368435971,sad,04,01,01,male,strong,26
80,2.6693333333333333,True,1.0,0.4735072071599094,0.47396772713093505,0.4737374671454222,0.7344199026375505,-0.05458333333333343,-0.048379629629629606,0.364141673507462,0.1451945111378713,0.18832574809705546,0.6450498760233356,0.00046051997102564135,0.006203703703703822,0.04560208767724542,0.44544164249463397,0.12381325748631151,0.11088570354485904,0.0,0.9999999987499999,0.6066230218102866,0.28431804523436155,0.2989571838413497,0.35956249153407366,sad,04,01,01,male,strong,26
90,3.003,True,1.0,0.4787775756370428,0.46666832737880604,0.4727229515079244,0.5455861628055554,-0.04967592592592596,-0.043703703703703634,0.36533856168922196,0.06043652768457124,0.18824349140015098,0.8664496714452066,0.012109248258236782,0.005972222222222323,0.045179125569823494,0.5258583769165407,0.12546359132934715,0.10918952870304209,0.0,0.9999999987499999,0.6060477874743647,0.2822136213606224,0.3013182236926182,0.3637217802737716,sad,04,01,01,male,strong,26
100,3.336666666666667,True,1.0,0.5052739586662226,0.5010785545286606,0.5031762565974416,0.6103899005262912,-0.0474074074074074,-0.04342592592592592,0.3608455235380505,0.07617831626877593,0.18822038822814358,0.824352198756225,0.004195404137562031,0.003981481481481475,0.04933216523414192,0.5014508175225039,0.12473214631525144,0.11054261370857375,0.0,0.7256139122410737,0.6030498835471689,0.2808608418964847,0.29993031918535046,0.3588044618849706,sad,04,01,01,male,strong,26
110,3.6703333333333332,True,1.0,0.45771444868852484,0.5288599108069952,0.49328717974776004,0.5398852227241995,-0.04884259259259255,-0.044398148148148076,0.36955123471297774,0.08223189451429486,0.1847486536019033,0.9136889823705286,0.07114546211847039,0.004444444444444473,0.042303180989906264,0.547437246069034,0.1147457125326615,0.11752028048386827,0.0,0.9999999987499999,0.6363260704203557,0.312674715101139,0.2777026057718472,0.3872871928643526,sad,04,01,01,male,strong,26
0,0.0,True,1.0,0.4826869046761951,0.4859807128444382,0.4843338087603167,0.6434827632489839,-0.05476851851851844,-0.04967592592592596,0.37554764762887183,0.15324563842468614,0.1778395651362625,0.7526756525922864,0.0032938081682430953,0.005092592592592482,0.04477959518832671,0.47308342371498796,0.11400000060426393,0.11775942802869314,0.0,0.9999999987499999,0.6458484328184398,0.3080465194910841,0.27961232460093105,0.39232005379277196,sad,04,01,01,male,strong,27
10,0.33366666666666667,True,1.0,0.4820467063312632,0.48205353138793955,0.48205011885960136,0.6825475183986341,-0.05740740740740741,-0.05300925925925931,0.36538827890456615,0.1969343798921507,0.17708721081845535,0.706251368389073,6.825056676373897e-06,0.0043981481481480955,0.03161285129592369,0.4581228472908513,0.12231026262991126,0.11237196130335982,0.0,0.9999999987499999,0.5954881009669495,0.2862666472483929,0.2943426441268031,0.35514546277080883,sad,04,01,01,male,strong,27
20,0.6673333333333333,True,1.0,0.491898664370199,0.48468222301369057,0.4882904436919448,0.7911968652439884,-0.05425925925925923,-0.050555555555555576,0.3621520427102409,0.22817647147153017,0.1770988427644488,0.6171541687559219,0.007216441356508452,0.0037037037037036535,0.018818351925742466,0.39358128807944265,0.11298208857178112,0.11744572835590812,0.0,0.9999999987499999,0.6442198570365646,0.30724691856788217,0.28433995686457614,0.4024931631598075,sad,04,01,01,male,strong,27
30,1.0010000000000001,True,1.0,0.44914327478687,0.46966024861621064,0.45940176170154035,0.8976946092473544,-0.053888888888888875,-0.05041666666666672,0.35710548020022453,0.26306790360138055,0.18474245908657985,0.5117572913651695,0.020516973829340646,0.0034722222222221544,0.0203525748347799,0.3720765597368289,0.10975272887096266,0.11935686959245558,0.0,0.9999999987499999,0.6391622365508703,0.31112361468565014,0.2859547082363706,0.40297988845457466,sad,04,01,01,male,strong,27
40,1.3346666666666667,True,1.0,0.5213516814276129,0.5192712263569182,0.5203114538922655,0.6958509845106077,-0.055046296296296204,-0.050046296296296255,0.36301406046311757,0.21152784689600065,0.17432700164969128,0.7477340198896187,0.0020804550706946534,0.004999999999999949,0.040146895192997446,0.4721756852217061,0.10976464138589276,0.11790043166612482,0.0,0.9999999987499999,0.6483141065097915,0.3071574576195774,0.28048581144168255,0.3984772005872934,sad,04,01,01,male,strong,27
50,1.6683333333333334,True,1.0,0.5253874633493528,0.5154629103312596,0.5204251868403063,0.6716371154852295,-0.05430555555555555,-0.048101851851851896,0.37257283187259443,0.1416131517710318,0.1778052414767488,0.7748606722907518,0.009924553018093252,0.006203703703703656,0.03335331089479107,0.4581228472908516,0.11581958103829547,0.11613445493714623,0.0,0.9999999987499999,0.646878462510004,0.30940291457591224,0.28431893754920173,0.395015360662087,sad,04,01,01,male,strong,27
60,2.0020000000000002,True,1.0,0.4897124238183202,0.48300100772926835,0.48635671577379425,0.5322626069909587,-0.05314814814814811,-0.04842592592592593,0.36166343394655853,0.15137289090208383,0.17523047393116484,0.9137533040754369,0.006711416089051847,0.004722222222222183,0.04385423836315487,0.5400261357795575,0.1121398941153175,0.11905299379833015,0.0,0.9999999987499999,0.6439435111779087,0.31046771767597797,0.2770720795591638,0.39285592644350975,sad,04,01,01,male,strong,27
70,2.3356666666666666,True,1.0,0.44171604647547635,0.46081409187941497,0.4512650691774457,0.7085383738506578,-0.05212962962962969,-0.04699074074074072,0.35879665408879796,0.16923076923076857,0.17992218303025742,0.6368957361123269,0.019098045403938613,0.0051388888888889706,0.04325618727307928,0.46476340649311776,0.11206274899904962,0.11751541173869992,0.0,0.9999999987499999,0.6480777178449505,0.3092542907913534,0.28293736511125145,0.3941285069590189,sad,04,01,01,male,strong,27
80,2.6693333333333333,True,1.0,0.5051456921326597,0.5062535876286802,0.5056996398806699,0.7362204056595861,-0.05347222222222214,-0.04689814814814819,0.36048642085728144,0.1532845534956594,0.18548619256239374,0.6868862041763285,0.0011078954960205278,0.0065740740740739545,0.04788037858374161,0.42976119470434426,0.11147633593773812,0.11758676112701956,0.0,0.9999999987499999,0.6444576429868824,0.30972733218564014,0.2858310042669863,0.39361376641889545,sad,04,01,01,male,strong,27
90,3.003,True,1.0,0.47002220601281003,0.47984813930964587,0.474935172661228,0.5540587274673365,-0.05083333333333334,-0.045462962962963094,0.3783556412304257,0.10178504398327369,0.1806383565817011,0.8571928373589727,0.009825933296835843,0.005370370370370248,0.05381783396567594,0.5127770020333831,0.1097429790513138,0.11888604005513587,0.0,0.9999999987499999,0.6458385110919369,0.30907473210805786,0.2755613727087647,0.38935248024269015,sad,04,01,01,male,strong,27
100,3.336666666666667,True,1.0,0.5240513073168929,0.5294490573656904,0.5267501823412917,0.5406329057297192,-0.05074074074074075,-0.04467592592592595,0.3669368291571688,0.11214013014133258,0.1806269525721201,0.9743213495862052,0.0053977500487975005,0.006064814814814801,0.06429544327054446,0.5166661751215824,0.11070938693965261,0.11798662472794702,0.0,0.9999999987499999,0.6459475729745023,0.31052485333762614,0.27613926757080165,0.38979484584451585,sad,04,01,01,male,strong,27
110,3.6703333333333332,True,1.0,0.5051211033133813,0.5062535876286801,0.5056873454710307,0.5544542935260469,-0.051620370370370205,-0.04532407407407413,0.3580772801020088,0.15384615384615324,0.18130092563129852,0.9120451430813471,0.0011324843152987762,0.006296296296296078,0.04876665165972632,0.526882195606758,0.11240610180379024,0.11783554547084693,0.0,0.9999999987499999,0.6408333185617997,0.31096317728969136,0.2755471877974746,0.39080675381331414,sad,04,01,01,male,strong,27
0,0.0,True,1.0,0.4581071420313776,0.4308118071309627,0.44445947458117013,0.3944324076278244,-0.05212962962962964,-0.04282407407407407,0.37503022402824,0.13076991122991474,0.14735482759668708,1.1268330542467746,0.027295334900414914,0.009305555555555567,0.05790845232922255,0.6881853805033966,0.12622086536140784,0.10813720510209511,0.0,0.9999999987499999,0.5876224511992297,0.29127250762440804,0.29896168086043357,0.3709630738869484,angry,05,01,01,male,normal,28
10,0.33366666666666667,True,1.0,0.42352874554337866,0.3942588057057721,0.4088937756245754,0.43435752174798253,-0.05050925925925931,-0.04189814814814813,0.38046505576289846,0.1585691121661467,0.14953073322738272,0.9413760672983548,0.029269939837606562,0.00861111111111118,0.058686218183775965,0.6667344270178408,0.12444921688370461,0.11086103998589629,0.0,0.9999999987499999,0.6048794430897358,0.28720441369835154,0.2900238030648022,0.36180298174567554,angry,05,01,01,male,normal,28
20,0.6673333333333333,True,1.0,0.41627671291228047,0.3842658852904258,0.4002712991013532,0.5071264541942977,-0.04986111111111108,-0.04148148148148151,0.36038905148774225,0.2220233951246162,0.1507936431451348,0.7892928791050513,0.03201082762185464,0.00837962962962957,0.05263399487270631,0.6297820768198724,0.12226915547682106,0.11258603642667231,0.0,0.9999999987499999,0.6071592545221214,0.2851598268434221,0.2849241158119035,0.3633466560859643,angry,05,01,01,male,normal,28
30,1.0010000000000001,True,1.0,0.43305602706024504,0.43828523530830005,0.4356706311842725,1.1707949137786193,-0.05124999999999996,-0.042083333333333306,0.3797355244800924,0.4021030821359244,0.15488524959210456,0.3721152407283618,0.005229208248055006,0.009166666666666656,0.04429415593815946,0.28348682589612156,0.12165973164670357,0.11239996413441032,0.0,0.8758697237068934,0.6072486807691828,0.28967484611439304,0.29474197146346276,0.38265672544195634,angry,05,01,01,male,normal,28
40,1.3346666666666667,True,1.0,0.4205512947229208,0.389528242983777,0.4050397688533489,0.8853216676904018,-0.050416666666666665,-0.04314814814814816,0.35300916523845455,0.32539568672798563,0.15768727938291646,0.457505767265364,0.031023051739143825,0.0072685185185185075,0.046430216759734626,0.39379989619121075,0.12350830513041466,0.11173796304750086,0.0,0.9999999987499999,0.6002475418917567,0.28397627614183146,0.30264526027734406,0.3643735404993685,angry,05,01,01,male,normal,28
50,1.6683333333333334,True,1.0,0.4322692272248943,0.39483168483294345,0.4135504560289189,0.8540261850594114,-0.05268518518518517,-0.0461111111111111,0.3247502876501786,0.4594992662587604,0.14382640632460367,0.48423627198286634,0.03743754239195085,0.0065740740740740655,0.04502606196911153,0.4402153026858947,0.10942134010976193,0.11918213918106502,0.0,0.9999999987499999,0.6556556538318452,0.307641127251249,0.2719332328010069,0.39596087541300395,angry,05,01,01,male,normal,28
60,2.0020000000000002,True,1.0,0.49397374193065774,0.44172449650117873,0.4678491192159182,1.1228455188426636,-0.05254629629629637,-0.04486111111111113,0.35391820448776296,0.3919360800006467,0.15700325403233187,0.41666383430744636,0.05224924542947901,0.007685185185185239,0.03631624139401677,0.30524190538551943,0.12434614197304338,0.11046041328808949,0.0,0.7071067807446058,0.5970632838057098,0.2812143625275288,0.3139095465170888,0.37902619479878935,angry,05,01,01,male,normal,28
70,2.3356666666666666,True,1.0,0.5084967170280127,0.4765251799910811,0.4925109485095469,1.0631712572255028,-0.05125000000000002,-0.04666666666666669,0.3601608057593849,0.31894107988989345,0.16808460779645007,0.4632470499577129,0.03197153703693156,0.004583333333333328,0.0015427615053962046,0.30534728446636544,0.11127724008794779,0.11906228321882067,0.0,0.9999999987499999,0.6515039162149234,0.30565730323428486,0.2888817351058234,0.4161793041080545,angry,05,01,01,male,normal,28
80,2.6693333333333333,True,1.0,0.5395676162678799,0.4931993641342151,0.5163834902010475,0.9059366943682479,-0.048009259259259196,-0.045138888888888895,0.3259425282217677,0.28495504312984565,0.17239932999698837,0.5699995302223031,0.046368252133664745,0.002870370370370301,0.0024946178206982726,0.34345199387549613,0.11153780474654205,0.1191384801566362,0.0,0.9999999987499999,0.6452665412336809,0.3059120208667194,0.2856241834570851,0.3988149124972512,angry,05,01,01,male,normal,28
90,3.003,True,1.0,0.5458256650883159,0.5104145552134609,0.5281201101508883,0.7394533569879757,-0.046666666666666745,-0.04500000000000004,0.3428869887176949,0.1964381610207328,0.17457890516660787,0.7142034114255514,0.03541110987485496,0.0016666666666667052,0.02090515289750942,0.43035820697310206,0.11612163416706617,0.11500710115312042,0.0,0.9999999987499999,0.641611922948867,0.30681357075373816,0.28687495458059964,0.39770276263580834,angry,05,01,01,male,normal,28
100,3.336666666666667,True,1.0,0.5062573442967239,0.5037224477467168,0.5049898960217203,0.7065523462753215,-0.04796296296296293,-0.046342592592592546,0.3634609883516737,0.202815202683457,0.17319220837772037,0.7147239672811749,0.0025348965500070486,0.0016203703703703831,0.01725716448546471,0.44304452788979415,0.1125324883580983,0.11771485277095324,0.0,0.9999999987499999,0.6426302098183023,0.3074643455539537,0.28437098304117986,0.3992692228895716,angry,05,01,01,male,normal,28
110,3.6703333333333332,True,1.0,0.530101741155308,0.5032853785952845,0.5166935598752962,0.7037125065029389,-0.04689814814814808,-0.04523148148148143,0.36157151781498076,0.19886040629821575,0.1669758281663555,0.7342395582010852,0.0268163625600234,0.0016666666666666496,0.01643135700258686,0.4407208837620237,0.1110349591021839,0.11784207133201728,0.0,0.9999999987499999,0.6456676817602041,0.30823120089179873,0.28134408365551483,0.3995688544389143,angry,05,01,01,male,normal,28
0,0.0,True,1.0,0.3272184375017801,0.2868561720874366,0.30703730479460833,0.492239092103698,-0.07083333333333336,-0.06101851851851858,0.3884558324339799,0.2575037738465479,0.14666101104415527,0.6237564421842506,0.04036226541434351,0.009814814814814776,0.06392424064166166,0.5667899704967443,0.11439349062010506,0.11672616048334022,0.0,0.9999999987499999,0.6678631993031587,0.30508341937793926,0.27823808993651583,0.39270938316463444,angry,05,01,01,male,normal,29
10,0.33366666666666667,True,1.0,0.36183085463632747,0.3202951068096402,0.3410629807229838,0.550945297619474,-0.07305555555555565,-0.06055555555555553,0.38811032205702134,0.23820549800579552,0.14823868492879447,0.6190505340487517,0.041535747826687286,0.012500000000000122,0.06674334311879189,0.5348171284858843,0.11007928726206759,0.1198532188446842,0.0,0.9999999987499999,0.6601983351778211,0.3064695297519377,0.2733784678799177,0.38143239099710957,angry,05,01,01,male,normal,29
20,0.6673333333333333,True,1.0,0.5707628056120272,0.5529245696032863,0.5618436876076567,0.9288215105965332,-0.055925925925925934,-0.04435185185185181,0.3636953954433815,0.32279724663126036,0.16389633707769244,0.6048995218110464,0.017838236008740904,0.011574074074074125,0.09321986381979151,0.3274844731239179,0.11020915760831902,0.12318470674908023,0.0,0.9999999987499999,0.634739942391019,0.3085611653712003,0.26433918279310503,0.3836950282595727,angry,05,01,01,male,normal,29
30,1.0010000000000001,True,1.0,0.3562138075449578,0.32201863300126005,0.33911622027310895,1.0559060896703654,-0.0728240740740741,-0.06124999999999997,0.38631332646002253,0.2737666942208409,0.17918199577107896,0.3211613453038943,0.03419517454369775,0.011574074074074125,0.06607902304684198,0.28799255911940097,0.11963089692384526,0.11372234171274083,0.0,0.9999999987499999,0.6134821874609218,0.2848378206756027,0.3023367694882335,0.36898846039563576,angry,05,01,01,male,normal,29
40,1.3346666666666667,True,1.0,0.54357976194892,0.528510712828932,0.536045237388926,0.76729914219583,-0.05046296296296304,-0.04722222222222222,0.36671464860737346,0.2403560917245709,0.16583205741762086,0.6986131065582719,0.015069049119987965,0.0032407407407408217,0.029354670073242207,0.39693954531351805,0.10987952614157556,0.11971852568002332,0.0,0.9999999987499999,0.6518017439163166,0.30761033533570115,0.27514207022834813,0.38457883867042125,angry,05,01,01,male,normal,29
50,1.6683333333333334,True,1.0,0.5704194532490424,0.5352985067246114,0.5528589799868269,0.7262988474096909,-0.04379629629629639,-0.04407407407407404,0.35395971306427265,0.17725500336595615,0.17466305112022168,0.7612004093887402,0.035120946524430985,0.00027777777777765467,0.03953731634930641,0.44371651544890905,0.11962952369571837,0.1145583663531366,0.0,0.9999999987499999,0.6098367947491496,0.2799996345467272,0.27850360303727056,0.3417349614645097,angry,05,01,01,male,normal,29
60,2.0020000000000002,True,1.0,0.5711613869529931,0.5718363715619172,0.5714988792574551,0.9892919904388364,-0.04574074074074075,-0.04231481481481475,0.35802931002548916,0.2086707197306399,0.1827896276135042,0.577684732900694,0.0006749846089241229,0.003425925925925999,0.0025440644211977897,0.3339714759983274,0.12244132584054021,0.11307475180677089,0.0,0.7071067807446058,0.6056517756321278,0.2784854999834377,0.29780930809026296,0.36168280688095183,angry,05,01,01,male,normal,29
70,2.3356666666666666,True,1.0,0.5728243493673885,0.5546928829862134,0.5637586161768009,0.9531435978274286,-0.03995370370370366,-0.0402777777777778,0.35076188910564693,0.222173203966325,0.17825047380626402,0.5914729086591128,0.01813146638117502,0.00032407407407414324,0.04870043769402598,0.33181957014217456,0.11879165061217843,0.1135968422248253,0.0,0.9999999987499999,0.6295488210284114,0.27819678703920037,0.26902066366848837,0.3239836835695975,angry,05,01,01,male,normal,29
80,2.6693333333333333,True,1.0,0.5935057621939576,0.5937303465907526,0.593618054392355,0.8020883901423469,-0.04134259259259254,-0.042175925925925895,0.3255168274859643,0.2495583292345367,0.17751963735466736,0.7400905706751415,0.00022458439679506892,0.0008333333333333526,0.04609322160986854,0.3938684653131823,0.12260333163618015,0.11256106318770792,0.0,0.9999999987499999,0.6024458765068527,0.27902952562501726,0.28326015935301774,0.3364234554998689,angry,05,01,01,male,normal,29
90,3.003,True,1.0,0.6074074074074071,0.5844577201375898,0.5959325637724984,0.7360923937779377,-0.04439814814814813,-0.043101851851851836,0.36242818579639247,0.15736125593579298,0.180643722005192,0.8095893515675665,0.022949687269817276,0.0012962962962962954,0.030777022509819296,0.40546302452959315,0.12520561610789635,0.1087869653599727,0.0,0.9999999987499999,0.5990763470153686,0.27633015548931833,0.29422060636691005,0.347370902682887,angry,05,01,01,male,normal,29
100,3.336666666666667,True,1.0,0.5924497537315706,0.5883178826800186,0.5903838182057946,0.7222924672243012,-0.043194444444444424,-0.04324074074074069,0.3521129530093184,0.16861300884522643,0.17884744336491773,0.8173750177328879,0.004131871051551994,4.6296296296266526e-05,0.03742793620145665,0.4344349005779275,0.12408636319861761,0.11006191259879325,0.0,0.9999999987499999,0.5994735265903236,0.2760608816181713,0.29214898636325126,0.3445012159702754,angry,05,01,01,male,normal,29
110,3.6703333333333332,True,1.0,0.5715931376441423,0.5801132778850153,0.5758532077645788,0.6859037943287684,-0.043888888888888866,-0.04250000000000009,0.3598701438646096,0.1519961756343388,0.17824450791172908,0.8395539032235767,0.008520140240872998,0.001388888888888773,0.03033811466248276,0.45363740274624853,0.12225871512415451,0.11242804190857127,0.0,0.9999999987499999,0.597538259960234,0.2800659214672401,0.29327630650503467,0.3528098459577734,angry,05,01,01,male,normal,29
0,0.0,True,1.0,0.44914327478686933,0.41576558200114594,0.4324544283940076,0.659430439325622,-0.048055555555555574,-0.04152777777777772,0.39666057683654277,0.1505221654982404,0.16251173710617217,0.6557999185422266,0.03337769278572339,0.0065277777777778545,0.03220425803047546,0.45452989707973995,0.111827491174479,0.1185456184952977,0.0,0.9999999987499999,0.6542894687640682,0.3091819516773058,0.27357419828717444,0.39809580859063826,angry,05,01,01,male,normal,30
10,0.33366666666666667,True,1.0,0.5188347962738201,0.49902657538028866,0.5089306858270544,0.6063665864630322,-0.0474074074074074,-0.04009259259259257,0.4007806814305232,0.1057254360204436,0.16805600953544347,0.8393118901812738,0.01980822089353146,0.0073148148148148295,0.039101573853812244,0.4730596539684039,0.12469589953514987,0.11041107943250365,0.0,0.8304220330938842,0.5966372935580482,0.2895897306247726,0.29773865016893425,0.3602741349670181,angry,05,01,01,male,normal,30
20,0.6673333333333333,True,1.0,0.5027808877738995,0.49886382956874875,0.5008223586713241,0.7911675437818785,-0.04745370370370372,-0.04018518518518521,0.37387107324317215,0.20147842430356805,0.1673652138389615,0.6330168149685861,0.0039170582051507585,0.0072685185185185075,0.02881801051249265,0.39305316422249226,0.12435055100476428,0.11079988396704282,0.0,0.9999999987499999,0.6059522030921742,0.2857012228715071,0.298469744047261,0.3685014779947986,angry,05,01,01,male,normal,30
30,1.0010000000000001,True,1.0,0.4747042189835371,0.4347037746334159,0.4547039968084765,1.2394094110205482,-0.047546296296296364,-0.0437037037037038,0.3564067048282236,0.39715367177445193,0.1715918156720556,0.36687150570695315,0.04000044435012118,0.003842592592592564,0.023024933158966882,0.2716466765302712,0.1182054465234138,0.1165187817293699,0.0,0.9999999987499999,0.606874810103729,0.2846520522686563,0.3019604612237714,0.37832242996206233,angry,05,01,01,male,normal,30
40,1.3346666666666667,True,1.0,0.4909752685532117,0.4676208631332873,0.4792980658432495,0.8686215994645672,-0.046574074074074046,-0.04162037037037042,0.3697785737164792,0.28190731889884285,0.16458518755548338,0.5517915581867833,0.023354405419924396,0.004953703703703627,0.014064323457434616,0.37865699495306593,0.11570660543900015,0.11641079151263865,0.0,0.9999999987499999,0.6445978176426821,0.3105884358973027,0.2840137035530373,0.40297020783039544,angry,05,01,01,male,normal,30
50,1.6683333333333334,True,1.0,0.4249511649170044,0.43295642810680773,0.42895379651190607,0.8807177427024864,-0.04587962962962955,-0.041527777777777775,0.36983701713873524,0.2960476937969008,0.16805555555555562,0.48705024971525995,0.008005263189803324,0.0043518518518517735,0.02924660811610652,0.39129051945307036,0.11392508305273888,0.11815484066864104,0.0,0.9999999987499999,0.6449702441523485,0.310129273565311,0.28458034412827155,0.4080521413175494,angry,05,01,01,male,normal,30
60,2.0020000000000002,True,1.0,0.4706339521926611,0.4487896669629858,0.4597118095778234,0.8404346261042134,-0.0476388888888889,-0.04166666666666663,0.3747899690708662,0.21006627159206465,0.16810094747546464,0.546992943054704,0.021844285229675298,0.005972222222222268,0.0259950414691548,0.3754171920447637,0.11166957419517587,0.11788909155738839,0.0,0.9999999987499999,0.6504071372611545,0.30949650028632153,0.2800339018691244,0.39551992279804205,angry,05,01,01,male,normal,30
70,2.3356666666666666,True,1.0,0.4782470940932351,0.4601092804404044,0.46917818726681976,0.684459514868539,-0.04652777777777778,-0.04009259259259257,0.3557314683895058,0.1989537671609279,0.16805964133039808,0.6854725182057447,0.018137813652830737,0.00643518518518521,0.024730369292042653,0.4630943265505503,0.1174730672377624,0.11660538910076142,0.0,0.9999999987499999,0.6528192765934497,0.3092566959441175,0.2778285099834969,0.39168887136740504,angry,05,01,01,male,normal,30
80,2.6693333333333333,True,1.0,0.5360554173587481,0.5341667331779235,0.5351110752683358,0.762104507189199,-0.04874999999999996,-0.0413425925925926,0.36816324610895396,0.17523968472090143,0.1666671244297099,0.7021492068613234,0.0018886841808245514,0.007407407407407363,0.03662465165083273,0.4093167267318378,0.11223174164373198,0.11767827230074009,0.0,0.9999999987499999,0.6526694956420068,0.3092716538059954,0.2769411709829888,0.39723591661188057,angry,05,01,01,male,normal,30
90,3.003,True,1.0,0.5484646867649057,0.5423513522623981,0.5454080195136519,0.7577426930769408,-0.04884259259259266,-0.04282407407407418,0.3709895001524634,0.18938774056312005,0.1680669046848667,0.7197799787404502,0.006113334502507617,0.006018518518518479,0.02847325650861411,0.4204456806458459,0.11273187810464481,0.11929381618977428,0.0,0.9999999987499999,0.6505494681466337,0.30957850871503156,0.2752727207713031,0.3986794215989141,angry,05,01,01,male,normal,30
100,3.336666666666667,True,1.0,0.493973741930657,0.5107048488072221,0.5023392953689396,0.7893038330700545,-0.047175925925925954,-0.04175925925925916,0.3700524854828895,0.20491541820087888,0.16600163907137405,0.6364333661158778,0.016731106876565094,0.005416666666666792,0.02057001488159607,0.39131780279085937,0.12367746700090336,0.11172135841424112,0.0,0.9999999987499999,0.6029802864739645,0.2889378608053811,0.2969116407787709,0.3611361455814895,angry,05,01,01,male,normal,30
0,0.0,True,1.0,0.4921801628893375,0.48260829826271606,0.4873942305760268,0.44495207104061074,-0.04837962962962955,-0.036759259259259325,0.3829493319827173,0.05681766593827459,0.17739713502959975,1.09538591299543,0.009571864626621462,0.011620370370370225,0.059289740223340916,0.6310566409415509,0.12169293478962345,0.1133767857592272,0.0,0.9999999987499999,0.6031674064391382,0.3166454615769149,0.2761416720421398,0.38499088774938023,angry,05,01,01,male,normal,31
10,0.33366666666666667,True,1.0,0.46428910889434916,0.49425690359643937,0.47927300624539426,0.5164564499375356,-0.0501388888888889,-0.039583333333333304,0.3848895260001887,0.055424718269874024,0.17806764918330178,0.9280027508676897,0.02996779470209021,0.010555555555555596,0.07653441663068426,0.5521875004296426,0.12139830732571212,0.11419382097119408,0.0,0.7729964873178722,0.5914182626722565,0.27924460166604215,0.2750727108028485,0.32437604013779103,angry,05,01,01,male,normal,31
20,0.6673333333333333,True,1.0,0.5248118191721177,0.5256018663265279,0.5252068427493228,0.6334503216624462,-0.05018518518518522,-0.039490740740740826,0.383863650544377,0.11919629914847128,0.17723879703089862,0.8291208083547169,0.0007900471544102228,0.010694444444444395,0.07048432480757998,0.4743153650461033,0.11463742626013147,0.11794940977149525,0.0,0.9999999987499999,0.6203323636564001,0.3156952376352499,0.27528354581319675,0.3937693169039504,angry,05,01,01,male,normal,31
30,1.0010000000000001,True,1.0,0.5244160641224822,0.5296234463918624,0.5270197552571723,1.1280625964221718,-0.0470370370370371,-0.03875000000000001,0.3409826594823838,0.26559194852530454,0.18274579676306618,0.46719016917030887,0.005207382269380223,0.008287037037037093,0.04869791945849975,0.30241154966682005,0.11052833530641035,0.12007558634438627,0.0,0.9999999987499999,0.609630955983956,0.3196598276440405,0.2644549566706687,0.381465441497571,angry,05,01,01,male,normal,31
40,1.3346666666666667,True,1.0,0.4566201419980836,0.4398002480032191,0.44821019500065135,0.6753908490285774,-0.045694444444444426,-0.03662037037037036,0.3867679995642633,0.11930591132937123,0.1891831094943326,0.6636308378257084,0.0168198939948645,0.009074074074074068,0.05487757013179026,0.513292946985156,0.11572304067301373,0.11721001884548388,0.0,0.9999999987499999,0.6036233103319453,0.3198950649152089,0.27655720562032454,0.39153832311330344,angry,05,01,01,male,normal,31
50,1.6683333333333334,True,1.0,0.4581847054443393,0.4651679066391006,0.46167630604171994,0.6482946675361695,-0.047870370370370396,-0.038472222222222296,0.3758724460916427,0.13647889895952572,0.19397668191048129,0.7121396012654418,0.006983201194761313,0.0093981481481481,0.06580654570273026,0.547327018695864,0.11515719911518893,0.11792766469120956,0.0,0.9999999987499999,0.6137864641403435,0.3173253366815081,0.28291091989397404,0.39567278478690315,angry,05,01,01,male,normal,31
60,2.0020000000000002,True,1.0,0.4311396858231393,0.4554633932113549,0.4433015395172471,0.4557630612362279,-0.0459722222222223,-0.03638888888888886,0.4059794728456903,0.0,0.19048976799342796,0.9726578944656469,0.024323707388215654,0.009583333333333444,0.06910064890765392,0.6434495622412159,0.11627990016124454,0.11682080048741351,0.0,0.9999999987499999,0.6157399461112569,0.3143095522480396,0.2695427497649159,0.3849682337066623,angry,05,01,01,male,normal,31
70,2.3356666666666666,True,1.0,0.459622782001953,0.48829923022365174,0.47396100611280234,0.7000300319137973,-0.046944444444444455,-0.039768518518518536,0.38165274221737666,0.1570564898043491,0.18408746739003493,0.6770581039459841,0.028676448221698736,0.007175925925925919,0.05712643356268082,0.45481589210807527,0.11365997584201484,0.1185706741198643,0.0,0.9999999987499999,0.6418838696259754,0.3113105085262051,0.27958717714307024,0.3962668317488908,angry,05,01,01,male,normal,31
80,2.6693333333333333,True,1.0,0.48997045538106704,0.5174787448673096,0.5037246001241883,0.7653896420033321,-0.046759259259259334,-0.03759259259259268,0.35823374065076086,0.11462724563516147,0.1848712622643976,0.6581283211590617,0.027508289486242565,0.009166666666666656,0.05483495851282336,0.39015971325307597,0.12387377411756811,0.11133266325876359,0.0,0.9999999987499999,0.5962929723451882,0.2825224135133274,0.2992562116101196,0.3558891965590033,angry,05,01,01,male,normal,31
90,3.003,True,1.0,0.5204644986911438,0.5331474006345537,0.5268059496628488,0.608765626686736,-0.04703703703703699,-0.03699074074074077,0.38165126398146465,0.050617106824352935,0.1827896276135042,0.8653674362825634,0.01268290194340993,0.01004629629629622,0.059699446607629304,0.47725827704597346,0.12647213500166976,0.10837191929095084,0.0,0.6970523245177404,0.5981963664840937,0.2842907443773175,0.29896318975909236,0.3542526134464923,angry,05,01,01,male,normal,31
100,3.336666666666667,True,1.0,0.5032336968785984,0.5223920457535332,0.5128128713160658,0.6426274618971087,-0.04680555555555549,-0.038333333333333275,0.379250423052736,0.07293055613228912,0.1792279752178617,0.7979940194310781,0.019158348874934727,0.008472222222222214,0.05799450107233335,0.47727649076102485,0.1133340487452689,0.11872187800548914,0.0,0.9999999987499999,0.6367419106939651,0.31480431651715296,0.2701203266614264,0.3863006588830129,angry,05,01,01,male,normal,31
110,3.6703333333333332,True,1.0,0.4784367923425496,0.5060815230289378,0.4922591576857437,0.6336610331224214,-0.04555555555555546,-0.037546296296296355,0.37711154446591066,0.07352441193879311,0.17370995992350344,0.7768493436626404,0.02764473068638823,0.008009259259259105,0.05393032237617804,0.46620708793856935,0.12415829088558891,0.1108435324189116,0.0,0.9999999987499999,0.6077128944390258,0.2831528961821073,0.2881655856075871,0.34823367735521416,angry,05,01,01,male,normal,31
0,0.0,True,1.0,0.6404124151063093,0.596829538166073,0.6186209766361912,0.8151523722045229,-0.055555555555555525,-0.04699074074074078,0.38628420318323653,0.2645541164114036,0.16812091603764365,0.7589022589275841,0.043582876940236326,0.008564814814814747,0.02576718296420747,0.3667957412506276,0.11204828645435806,0.12072776052817305,0.0,0.9999999987499999,0.6435821429118523,0.3077758389429483,0.2810765317619908,0.40065494280700004,angry,05,01,01,male,strong,32
10,0.33366666666666667,True,1.0,0.5456887037297369,0.5155815537756203,0.5306351287526786,0.9327403678854406,-0.05611111111111111,-0.050879629629629664,0.3679917208548375,0.3007726032697766,0.17227581653246082,0.5688990709768995,0.030107149954116563,0.005231481481481448,0.006329414290815977,0.32688984995510967,0.11377135618452058,0.1178187488983451,0.0,0.9999999987499999,0.6437956255158314,0.3083568077697702,0.2970376618592829,0.4131837470632791,angry,05,01,01,male,strong,32
20,0.6673333333333333,True,1.0,0.5712802476822699,0.5600526905311098,0.5656664691066899,1.0098414674005882,-0.05319444444444443,-0.049120370370370314,0.357135313191747,0.35711463147304584,0.16760208980345767,0.5601537343903694,0.011227557151160084,0.004074074074074119,0.01721187760638659,0.32036981491617134,0.1209720169786797,0.11364385241633009,0.0,0.8094471298209978,0.6048547747067576,0.28348394801197474,0.30873538372055614,0.37436495440573436,angry,05,01,01,male,strong,32
30,1.0010000000000001,True,1.0,0.23009531561221697,0.21056524353846148,0.22033027957533924,1.024354906259395,-0.06620370370370371,-0.05574074074074076,0.40379819396041283,0.21813675325968498,0.18681209006022542,0.2150917404007098,0.019530072073755483,0.010462962962962952,0.05433835678217595,0.3169595116174668,0.11180121954697723,0.11873096774827985,0.0,0.8513379562393243,0.586094494571266,0.32311293114555467,0.27709916701091347,0.385405322373378,angry,05,01,01,male,strong,32
40,1.3346666666666667,True,1.0,0.401826536788384,0.4825848912741942,0.44220571403128905,0.737932651444563,-0.04333333333333328,-0.03347222222222224,0.38964438049972006,0.0971949447539853,0.19351185785999445,0.599249420886358,0.0807583544858102,0.009861111111111043,0.07443072504422918,0.46890730989629975,0.12017534124620284,0.11280958277046975,0.0,0.9999999987499999,0.5591830630533463,0.29112954870575414,0.2918577815872129,0.337389130810172,angry,05,01,01,male,strong,32
50,1.6683333333333334,True,1.0,0.4273402316035495,0.46903981957290336,0.4481900255882264,1.1394475103585011,-0.042037037037037095,-0.03467592592592589,0.34303489308335294,0.3008969255034945,0.18267272197487106,0.39333977345495597,0.04169958796935386,0.007361111111111207,0.05073817126768399,0.3104073885735188,0.11990631971530277,0.11376732787064706,0.0,0.9999999987499999,0.5961251363904937,0.2838673372226028,0.30395710242655033,0.37055999250991595,angry,05,01,01,male,strong,32
60,2.0020000000000002,True,1.0,0.475577151108407,0.4969995926263509,0.48628837186737894,0.7722825411244484,-0.03884259259259254,-0.03300925925925918,0.42384276011924293,0.02563036433771894,0.19348544065059473,0.6296767646195134,0.021422441517943924,0.005833333333333357,0.05641588351163876,0.42824977557581523,0.11644811396846594,0.11746689362909202,0.0,0.9999999987499999,0.5884161424179046,0.3239668092879974,0.2813874815736352,0.4031144180007658,angry,05,01,01,male,strong,32
70,2.3356666666666666,True,1.0,0.5441390779635261,0.5915726140793308,0.5678558460214285,0.9183035809966168,-0.04222222222222216,-0.03481481481481491,0.3914291507871635,0.12307692307692372,0.19204881690341583,0.6183748574792072,0.0474335361158047,0.0074074074074072516,0.056284837843002734,0.34677487461003964,0.12492554639560752,0.10997807841876332,0.0,0.7791757290859244,0.5812455908926072,0.2794488595053639,0.3020463812362681,0.36325849934951787,angry,05,01,01,male,strong,32
80,2.6693333333333333,True,1.0,0.5115003911985834,0.5800558785217909,0.5457781348601871,1.030479255673648,-0.041018518518518454,-0.03393518518518518,0.3226637234177814,0.21209819811695416,0.19648713619111316,0.5296352467604012,0.06855548732320749,0.007083333333333275,0.06667093517386588,0.3216012673065368,0.12208639340272687,0.11210646161138423,0.0,0.9999999987499999,0.5755988510404162,0.2742481406997003,0.278054864376332,0.3309887821170616,angry,05,01,01,male,strong,32
90,3.003,True,1.0,0.5334651034449807,0.578173693778874,0.5558193986119273,0.8099725884259744,-0.04157407407407415,-0.03305555555555556,0.3461099546306698,0.13704940949514852,0.1943790192510498,0.6862200110895792,0.044708590333893294,0.008518518518518592,0.06951841279562483,0.4228561519747331,0.11872936367079466,0.11449697270353924,0.0,0.9999999987499999,0.5906668962741347,0.3159267746605025,0.27439076275455976,0.3756837477719922,angry,05,01,01,male,strong,32
100,3.336666666666667,True,1.0,0.4897246777341873,0.5263520557221096,0.5080383667281485,0.5013981499931872,-0.04490740740740745,-0.034953703703703765,0.34160959035917743,0.03129390175439664,0.1892052886468267,1.013243400948032,0.036627377987922316,0.009953703703703687,0.06474108146872384,0.5925699479694073,0.11517904369369304,0.11545710583817197,0.0,0.8204451728298002,0.6099837658891683,0.3148112289526661,0.27669666639847335,0.38449175156011234,angry,05,01,01,male,strong,32
110,3.6703333333333332,True,1.0,0.5555882555903201,0.5723703503612985,0.5639793029758093,0.4966468929242629,-0.04509259259259257,-0.03606481481481483,0.3595803319874985,0.05260593500893788,0.18968632733483395,1.1355740084370456,0.016782094770978362,0.009027777777777746,0.045873132187400634,0.6195243442443364,0.11464045326951969,0.11875137462926351,0.0,0.9999999987499999,0.6068025982893157,0.31530237399933,0.2715647363806774,0.3766681284857712,angry,05,01,01,male,strong,32
120,4.0040000000000004,True,1.0,0.5350454314221151,0.5671773893728956,0.5511114103975054,0.45517174928564985,-0.042407407407407394,-0.03587962962962954,0.3710283292151745,0.01462290118193805,0.19671558142997747,1.2107768359139688,0.0321319579507805,0.0065277777777778545,0.04230135909310512,0.6986161129061452,0.1172720159803546,0.11483364137292908,0.0,0.9999999987499999,0.5857481917220013,0.3235086109494948,0.27447879486122856,0.3770718911368132,angry,05,01,01,male,strong,32
0,0.0,True,1.0,0.1954774481997983,0.16860331850553623,0.18204038335266726,0.5518051127351999,-0.056481481481481466,-0.04731481481481481,0.47902362004411475,-0.14002128205179273,0.2017562053723504,0.3298997764814563,0.02687412969426206,0.009166666666666656,0.051346942022766254,0.49193738633973977,0.1198738572526643,0.11529841401428863,0.0,0.9999999987499999,0.5407391204841312,0.28787236495435714,0.26924878601851576,0.31505578969337283,angry,05,01,01,male,strong,33
10,0.33366666666666667,True,1.0,0.43348772602889807,0.4645637792442359,0.44902575263656697,0.6089490072683094,-0.043194444444444424,-0.03629629629629627,0.4538954394552198,-0.09523798978934538,0.19680488858513392,0.7373782488797481,0.03107605321533785,0.006898148148148153,0.040222532722231905,0.48170810427016275,0.11863966029043584,0.11656799274596731,0.0,0.7071067807446058,0.5394198591467838,0.2799969250236329,0.25557052046050666,0.3082882162389416,angry,05,01,01,male,strong,33
20,0.6673333333333333,True,1.0,0.3992015753544064,0.3505181638277699,0.3748598695910882,0.9407380596927277,-0.060324074074074086,-0.050648148148148164,0.4108377213496514,0.2482312306464708,0.1646695726155114,0.3984742253476258,0.04868341152663652,0.009675925925925921,0.050398132068491766,0.31581045879853376,0.11106842617235825,0.1208440963759913,0.0,0.9999999987499999,0.6207386169858568,0.31738065300803775,0.2801961242465292,0.4020062279252219,angry,05,01,01,male,strong,33
30,1.0010000000000001,True,1.0,0.33512744126722427,0.28702279643006573,0.311075118848645,0.8894210207163255,-0.06412037037037027,-0.05282407407407408,0.4198703641407748,0.09788380832503633,0.18454283351074247,0.3497501313810979,0.04810464483715854,0.011296296296296193,0.0423737813976843,0.3300429959543973,0.10620431903431,0.12190139720976177,0.0,0.9999999987499999,0.6060602914368872,0.31896274476863173,0.25494056131082654,0.35522242266467624,angry,05,01,01,male,strong,33
40,1.3346666666666667,True,1.0,0.3405654673313007,0.3149131082570792,0.3277392877941899,0.5422755945577401,-0.04921296296296296,-0.040277777777777746,0.4186374626270742,-0.05758678880259165,0.1935141942002285,0.6043777206338816,0.02565235907422153,0.008935185185185213,0.06502653961559302,0.5056222740074539,0.11416928729658214,0.11710826197585533,0.0,0.9999999987499999,0.5820065490024136,0.3236167326957377,0.27606428914348186,0.38161498045270414,angry,05,01,01,male,strong,33
50,1.6683333333333334,True,1.0,0.488749594122515,0.5125243253005015,0.5006369597115082,0.7804062945179211,-0.04476851851851854,-0.041018518518518454,0.3880287375580945,0.06503385787649323,0.19475181868613867,0.6415081006243879,0.023774731177986508,0.0037500000000000866,0.008958069150821325,0.417077986279822,0.1144093887657485,0.11897400667873291,0.0,0.9999999987499999,0.5841761615349265,0.3245270883023255,0.27583756970502543,0.3760993119848593,angry,05,01,01,male,strong,33
60,2.0020000000000002,True,1.0,0.37824121007356476,0.35903041212953657,0.36863581110155064,1.2080185646452943,-0.051435185185185306,-0.04819444444444443,0.31771431835494096,0.2847472330949623,0.1993151252980422,0.30515740559814303,0.01921079794402819,0.0032407407407408773,0.00973920368584085,0.3053571428571423,0.11869813470888889,0.11535809945471472,0.0,0.9999999987499999,0.5568807689716512,0.2863971958640561,0.293811906667893,0.34833003665899276,angry,05,01,01,male,strong,33
70,2.3356666666666666,True,1.0,0.5779955190860431,0.5302244465729111,0.5541099828294771,0.8083705257675808,-0.040138888888888946,-0.038842592592592595,0.3977397996303039,0.09055492890436653,0.19316973218197206,0.6854653468510953,0.04777107251313195,0.001296296296296351,0.016343176221639614,0.37964071893106277,0.11669050872306438,0.11641065149682485,0.0,0.9999999987499999,0.587731053116559,0.3234186516334403,0.2736707286283266,0.38573843939505104,angry,05,01,01,male,strong,33
80,2.6693333333333333,True,1.0,0.31353505867357284,0.29966658334811597,0.3066008210108444,0.9831209720261205,-0.05226851851851849,-0.051805555555555494,0.3772042305000001,0.1612035271984092,0.1850230687103143,0.31186479562018576,0.013868475325456875,0.0004629629629629983,0.0267055426480911,0.33005432319919326,0.12097863192528377,0.11413867243081727,0.0,0.8607359672628131,0.5871512080300869,0.2793987983425149,0.30238161661889407,0.3744681772159507,angry,05,01,01,male,strong,33
90,3.003,True,1.0,0.6371618665516218,0.5982348583634864,0.617698362457554,0.8083470670812092,-0.041435185185185186,-0.0402777777777778,0.32280620575880314,0.13734530160664532,0.18981499124878884,0.7641499395648801,0.038927008188135326,0.0011574074074073848,0.01753600325926538,0.394813243203623,0.12348457202361282,0.1117641905735088,0.0,0.709671351344965,0.5739121149709885,0.27770426537971016,0.2874807362392597,0.3473874435656046,angry,05,01,01,male,strong,33
100,3.336666666666667,True,1.0,0.6097735166722195,0.5473887588319895,0.5785811377521044,0.6592635321596685,-0.03847222222222224,-0.03592592592592586,0.35423626802252506,0.03921024078586651,0.19255297870187246,0.8776173859590591,0.06238475784023001,0.0025462962962963798,0.023301354470641737,0.5090744766923565,0.115956570386683,0.11746657518965307,0.0,0.9999999987499999,0.5835625302308424,0.32475872180855786,0.2683501354525043,0.380761314046908,angry,05,01,01,male,strong,33
110,3.6703333333333332,True,1.0,0.5980585892683916,0.593112968020063,0.5955857786442273,0.7445449252520477,-0.04041666666666671,-0.039583333333333304,0.3541946399301027,0.05538141069868644,0.1883731408123747,0.799932627896975,0.004945621248328647,0.0008333333333334081,0.022111843627156264,0.41894320451552725,0.1227588507559059,0.1123914339948918,0.0,0.9999999987499999,0.5962030188012704,0.2797703025949834,0.28927280445310866,0.3586251565787311,angry,05,01,01,male,strong,33
120,4.0040000000000004,True,1.0,0.6147646463298434,0.5642070946708327,0.5894858705003381,0.7761567199224783,-0.04124999999999995,-0.03949074074074077,0.35575702724801506,0.08702793109793511,0.18565352380921243,0.7594933540731508,0.05055755165901066,0.0017592592592591827,0.01869608732455328,0.41483892270625705,0.12072086538026931,0.11357560852047463,0.0,0.795102662307891,0.5903198775291366,0.2795553811294316,0.28483792731502316,0.3479908018766231,angry,05,01,01,male,strong,33
0,0.0,True,1.0,0.3134479405176264,0.3053423585662594,0.3093951495419429,0.8833901417923394,-0.059444444444444466,-0.04972222222222222,0.4190039529808199,0.18020717990342988,0.17708333333333337,0.3502361356605145,0.008105581951367014,0.009722222222222243,0.04475834212869909,0.34747932702569045,0.11515116343899588,0.11841721162459665,0.0,0.9999999987499999,0.6288161994485294,0.30900436601172393,0.2952037885597244,0.41039426265704504,angry,05,01,01,male,strong,34
10,0.33366666666666667,True,1.0,0.4476720317819615,0.42856096344352496,0.43811649761274324,0.976281835331771,-0.049583333333333424,-0.043564814814814834,0.40253303774656296,0.3008284187980935,0.16736293455812778,0.4487602675346895,0.019111068338436565,0.00601851851851859,0.03157843306255019,0.3337853013457853,0.12024329310072589,0.11540939404451551,0.0,0.7071067807446058,0.5884103325627126,0.27913902947841224,0.2841318556075106,0.33794385002358296,angry,05,01,01,male,strong,34
20,0.6673333333333333,True,1.0,0.33596001067150644,0.31609094175623625,0.32602547621387135,1.169215238259461,-0.05796296296296294,-0.051805555555555605,0.3787862235340296,0.3803471256988604,0.16666712442970985,0.2788412822084029,0.019869068915270183,0.006157407407407334,0.005103725847321398,0.2991647782128651,0.1111970799356742,0.11993406771282124,0.0,0.9999999987499999,0.6312919445981519,0.3102683920758617,0.29411434439693057,0.4235217170180996,angry,05,01,01,male,strong,34
30,1.0010000000000001,True,1.0,0.2852891774608603,0.2940467148950808,0.28966794617797054,1.1052152581230077,-0.053888888888888875,-0.04870370370370375,0.3614235226880819,0.3168194635731501,0.17855598934648143,0.26209188124122984,0.008757537434220475,0.005185185185185126,0.009858158750677855,0.3077802776144741,0.1208497805710798,0.11377383099774215,0.0,0.7797348599073106,0.5819511431525736,0.2741043086563203,0.29165495251520207,0.34695905478046757,angry,05,01,01,male,strong,34
40,1.3346666666666667,True,1.0,0.3122526819889203,0.30761000097701124,0.30993134148296575,0.8865765804169349,-0.049120370370370314,-0.04560185185185189,0.37114856130781954,0.2107346539120339,0.18473254743001202,0.3495821436397663,0.004642681011909067,0.003518518518518421,0.016815682211731204,0.38762539782346045,0.12286908532859395,0.11227091228280149,0.0,0.9999999987499999,0.5648939715339261,0.278707054337852,0.3110714089077167,0.3754527691328469,angry,05,01,01,male,strong,34
50,1.6683333333333334,True,1.0,0.336822618967203,0.33240370803079533,0.33461316349899917,1.3270971295646163,-0.04402777777777772,-0.04263888888888889,0.3450186555994518,0.4794975101529477,0.1611384284585309,0.2521391660373619,0.004418910936407672,0.0013888888888888284,0.017519410667375127,0.29155750621406273,0.11136134930408614,0.12183173799457016,0.0,0.9999999987499999,0.6251093756877751,0.3087678580737339,0.2852140018613691,0.4062762194618139,angry,05,01,01,male,strong,34
60,2.0020000000000002,True,1.0,0.33891876524744313,0.3276296357032134,0.3332742004753283,0.9259311785930434,-0.03930555555555554,-0.037546296296296244,0.39722260877122056,0.25800205363930534,0.18170781687338228,0.35993409465025245,0.011289129544229726,0.0017592592592592937,0.034674940916660235,0.38648430682651636,0.11280647019853476,0.1187429128868166,0.0,0.9999999987499999,0.5993077000331382,0.3189744626881087,0.2829472358508027,0.3942653765725493,angry,05,01,01,male,strong,34
70,2.3356666666666666,True,1.0,0.37965278341539227,0.3688328387959793,0.3742428111056858,0.4956137670544061,-0.04143518518518513,-0.039583333333333304,0.39531414847892604,-0.013760331812385698,0.18831156847135996,0.7551097971509804,0.010819944619412991,0.0018518518518518268,0.013589776375538404,0.609077671365564,0.11455376513530796,0.11786913807569302,0.0,0.9999999987499999,0.5863271939088135,0.318171721408139,0.2632076668212541,0.3702724944597666,angry,05,01,01,male,strong,34
80,2.6693333333333333,True,1.0,0.27904186514522716,0.2648606256040099,0.27195124537461857,0.8794606758026899,-0.04810185185185184,-0.045277777777777806,0.35225600284881825,0.1727163553096772,0.18691008021618244,0.30922502035285065,0.01418123954121725,0.0028240740740740344,0.018170213632269998,0.40170466259913046,0.11068752059452597,0.12135018604790575,0.0,0.9999999987499999,0.6103266708323956,0.3141498678292806,0.2764932847496872,0.3982498849683923,angry,05,01,01,male,strong,34
90,3.003,True,1.0,0.5198997181564928,0.5257910994176284,0.5228454087870607,0.8735031771326502,-0.043194444444444424,-0.03893518518518507,0.3569596504218915,0.19154838747038241,0.18754922856350442,0.5985615421610095,0.005891381261135531,0.0042592592592593514,0.0019834188306713796,0.3753918799134365,0.114617038338621,0.11617914556515695,0.0,0.9999999987499999,0.6095816784213685,0.3116162772196532,0.2825987071157104,0.4019420396373447,angry,05,01,01,male,strong,34
100,3.336666666666667,True,1.0,0.5372425992461007,0.5769843327230535,0.5571134659845771,0.7124824584624577,-0.046157407407407314,-0.039444444444444504,0.37628245708413927,0.058024359024482004,0.18752603985846872,0.7819328874241086,0.039741733476952756,0.00671296296296281,0.04098328573536518,0.44694123287393556,0.11405116428373212,0.11640783209374604,0.0,0.8615129016390045,0.6071588395592612,0.31689003631165874,0.2803083660755915,0.39417631683140236,angry,05,01,01,male,strong,34
110,3.6703333333333332,True,1.0,0.528532863907681,0.5702802586450373,0.5494065612763591,0.7314016875564977,-0.047222222222222165,-0.03870370370370363,0.3774026986408609,0.08027152488912193,0.18614431309646004,0.7511693924467734,0.041747394737356336,0.008518518518518536,0.06045146194407824,0.41188836226621034,0.11740741165080701,0.11683467777319564,0.0,0.9999999987499999,0.5887484478869672,0.28005178798813646,0.27585763666597296,0.34151090544974877,angry,05,01,01,male,strong,34
120,4.0040000000000004,True,1.0,0.5207375182468529,0.5603144652988077,0.5405259917728302,0.719265030747397,-0.04740740740740734,-0.03962962962962957,0.3809882196268515,0.08449103592595705,0.18620332423026978,0.7514976659037116,0.0395769470519548,0.007777777777777772,0.05852203756498905,0.4297784912624748,0.11618162863753526,0.1156075784489865,0.0,0.9999999987499999,0.5991454091636654,0.31627415656584335,0.2717075121470903,0.38048332978521776,angry,05,01,01,male,strong,34
0,0.0,True,1.0,0.3905439544687572,0.37944457696368783,0.38499426571622253,0.8706534814768606,-0.04546296296296293,-0.03967592592592606,0.4241163983870762,0.147162331264177,0.19032628786065006,0.44219000314932355,0.011099377505069397,0.0057870370370368684,0.029048578495855834,0.36643409852072767,0.115775842592912,0.11715786329640655,0.0,0.9999999987499999,0.6042280902048319,0.3154832155545855,0.2843563966399054,0.3918608977981186,angry,05,01,01,male,strong,35
10,0.33366666666666667,True,1.0,0.3958594537163184,0.4009000233237375,0.39837973852002795,0.7899825605883739,-0.04754629629629631,-0.03912037037037036,0.43309964293427294,0.11098418347236373,0.19042246964201737,0.5042892823144315,0.005040569607419054,0.008425925925925948,0.04319055734331889,0.38269343815242435,0.11526976225729203,0.11814061288084442,0.0,0.9999999987499999,0.6035857607965062,0.31504161733842956,0.2797219512760234,0.3865568497566486,angry,05,01,01,male,strong,35
20,0.6673333333333333,True,1.0,0.3634719257288246,0.3671658858986344,0.3653189058137295,0.9112050744780703,-0.04643518518518519,-0.0381481481481481,0.4258079919507852,0.1769844302718433,0.18339324896887868,0.4009184277457857,0.003693960169809829,0.008287037037037093,0.0453932293433543,0.3478284733132344,0.11414443178168046,0.11713248856660835,0.0,0.9999999987499999,0.6027944283650961,0.3185868604880402,0.29500505546841305,0.4160573986118943,angry,05,01,01,male,strong,35
30,1.0010000000000001,True,1.0,0.24827923110397124,0.18544632324523067,0.21686277717460095,1.0704775010373602,-0.05685185185185193,-0.046574074074074046,0.3563649894903131,0.2110204764058419,0.18214728491871637,0.202585086528626,0.06283290785874057,0.010277777777777886,0.04432618696857652,0.29607982961304236,0.10627171538256301,0.1218426466072114,0.0,0.9999999987499999,0.5999766791404062,0.3173498044100291,0.2808148963031715,0.3894343705999867,angry,05,01,01,male,strong,35
40,1.3346666666666667,True,1.0,0.33987780685175684,0.35634170938301907,0.348109758117388,0.9119225767936583,-0.043564814814814834,-0.03467592592592589,0.3759076831081257,0.2312716435320169,0.18168052317185795,0.38173170286160724,0.01646390253126223,0.008888888888888946,0.06338443624521053,0.3768169348933577,0.12413694327965924,0.11086743971078294,0.0,0.9999999987499999,0.5548931465945753,0.28560001728208495,0.31143756583250115,0.3499945227530373,angry,05,01,01,male,strong,35
50,1.6683333333333334,True,1.0,0.34772715150819217,0.3690902171108256,0.3584086843095089,0.8417409748828876,-0.04101851851851851,-0.0338425925925927,0.3676360530180103,0.23586507206127078,0.1786982179516038,0.42579450805442226,0.021363065602633458,0.007175925925925808,0.05524694369952298,0.4422079689045437,0.12184902623467218,0.11185458932141919,0.0,0.9999999987499999,0.591392191829857,0.2799338768043854,0.320766328125326,0.3748946350007013,angry,05,01,01,male,strong,35
60,2.0020000000000002,True,1.0,0.40421287598442696,0.4443973179130129,0.42430509694871993,1.002054927893746,-0.04185185185185192,-0.03361111111111115,0.4271095892913444,0.15440001809197795,0.1816036588728751,0.42343496862051416,0.040184441928585946,0.00824074074074077,0.0424926928987373,0.3237300779087877,0.11182030259202143,0.11919348625094832,0.0,0.9999999987499999,0.6104695898671969,0.3084227211732643,0.2917968936744529,0.41004877835986525,angry,05,01,01,male,strong,35
70,2.3356666666666666,True,1.0,0.4892430744928501,0.523649579977984,0.506446327235417,0.9062811004452557,-0.04222222222222227,-0.03439814814814818,0.41350452650258884,0.18844087273535298,0.1867658595782761,0.5588181492327271,0.03440650548513391,0.007824074074074094,0.05530270863232094,0.36060046538153107,0.12654431309637346,0.10758157302839502,0.0,0.9999999987499999,0.5829662240990146,0.27223441506228613,0.31289416013074484,0.36178438676888386,angry,05,01,01,male,strong,35
80,2.6693333333333333,True,1.0,0.37351813625637176,0.3833307033874144,0.37842441982189307,1.0890701021215503,-0.04375000000000007,-0.034212962962962945,0.3999513637329418,0.20955179225759057,0.18317946839320698,0.3474748035821641,0.009812567131042615,0.009537037037037122,0.05684757284285427,0.31028603513676134,0.1173725488514725,0.11703260641554344,0.0,0.9999999987499999,0.5783420480379652,0.3170717234016949,0.29036995684122896,0.40073311039214776,angry,05,01,01,male,strong,35
90,3.003,True,1.0,0.5810581437696772,0.5909229453518582,0.5859905445607677,1.2945704467039865,-0.0410185185185184,-0.035370370370370385,0.31557053260218454,0.36908043057312184,0.18548432384565994,0.452652496473032,0.009864801582180949,0.005648148148148013,0.0640329968151034,0.2707779832690683,0.11211901662857288,0.11762381462433324,0.0,0.9999999987499999,0.5968595013864921,0.31591443168271677,0.2695040162004064,0.37958650510526554,angry,05,01,01,male,strong,35
100,3.336666666666667,True,1.0,0.5031077992348004,0.5266241111317939,0.5148659551832971,0.6772031083798391,-0.046805555555555545,-0.03939814814814824,0.37563083700019695,0.05030049914887867,0.19066271182100608,0.7602829178015408,0.023516311896993436,0.007407407407407307,0.05545454776016103,0.4482116747237995,0.12388892599120932,0.111486823376476,0.0,0.7272027799536256,0.5856158774994372,0.27578274083164245,0.2906374409598819,0.34924295964553287,angry,05,01,01,male,strong,35
110,3.6703333333333332,True,1.0,0.5034829532980151,0.561277040908659,0.532379997103337,0.6059392202229361,-0.04481481481481481,-0.03615740740740747,0.37863178358194033,0.007182069363876551,0.18442575730281766,0.8786029676498985,0.057794087610643974,0.008657407407407336,0.06763848637242212,0.4815195289721266,0.12297819110341388,0.1106119291016444,0.0,0.9999999987499999,0.579822179223252,0.2831614157542774,0.29334435020889915,0.3523202197106409,angry,05,01,01,male,strong,35
120,4.0040000000000004,True,1.0,0.5321496214392542,0.5771561245918402,0.5546528730155471,0.6075565170272735,-0.04518518518518516,-0.03620370370370368,0.3736760262301669,0.014750585245401142,0.1815128919158103,0.9129239132013927,0.04500650315258603,0.00898148148148148,0.06746702120088349,0.4736284617988325,0.11967805194596556,0.11316878784766396,0.0,0.9999999987499999,0.5802735029402386,0.2836998629366053,0.2876587554861267,0.35023566604275286,angry,05,01,01,male,strong,35
130,4.337666666666666,True,1.0,0.5456430165909849,0.5758787560015517,0.5607608862962683,0.6721531360762831,-0.045277777777777806,-0.036712962962963,0.3625948920776203,0.05318927812218551,0.18214728491871637,0.834275489019852,0.030235739410566786,0.008564814814814803,0.05602611414760201,0.4469366802648154,0.12432334754483489,0.11100217576772715,0.0,0.7293453811967974,0.5840496344631603,0.279821175695809,0.2908315696983069,0.3530520026923558,angry,05,01,01,male,strong,35
0,0.0,True,1.0,0.5537311181511365,0.5554234201779703,0.5545772691645534,0.8178856780933539,-0.05421296296296296,-0.05064814814814811,0.33679101766976866,0.20836663108995693,0.19513927986102844,0.6780620862042454,0.0016923020268337918,0.003564814814814854,0.030326018293218064,0.40974390359485524,0.11860300636418061,0.11562079883217033,0.0,0.9999999987499999,0.6118478895542592,0.3132223676311421,0.289513414640518,0.3999673677240874,fearful,06,01,01,male,normal,36
10,0.33366666666666667,True,1.0,0.5547952733431482,0.5670457462410967,0.5609205097921224,0.7173317674201571,-0.05532407407407408,-0.05138888888888887,0.3541325120143215,0.1678741360317992,0.20001373243870652,0.7819540905171969,0.012250472897948561,0.003935185185185208,0.021184629749431624,0.45674097884397274,0.1134436560912036,0.11651041368370622,0.0,0.9999999987499999,0.6155405654292967,0.30904569993461134,0.2928743021189517,0.4079771392208344,fearful,06,01,01,male,normal,36
20,0.6673333333333333,True,1.0,0.5578350082352311,0.552162263838405,0.5549986360368181,0.7753186555653828,-0.05222222222222228,-0.04884259259259266,0.34797355365073107,0.16277572027792053,0.1986126476545555,0.715832944368014,0.005672744396826079,0.0033796296296296213,0.02353481170711405,0.40686753958769833,0.1156750026702854,0.11709483536802438,0.0,0.9999999987499999,0.6182917382265406,0.3098219722145957,0.2942709860052882,0.3997916375360704,fearful,06,01,01,male,normal,36
30,1.0010000000000001,True,1.0,0.5556175832826775,0.557061896449595,0.5563397398661363,0.8692651372863024,-0.051342592592592606,-0.04782407407407402,0.3389678398987213,0.14221363894199388,0.20139040423879126,0.6400115637939123,0.0014443131669175102,0.0035185185185185874,0.029591045883288227,0.36989582339157956,0.11441706901008475,0.11588391527263961,0.0,0.8358962412669103,0.6078605943627452,0.31324977726244363,0.29208970902554504,0.4005660766441114,fearful,06,01,01,male,normal,36
40,1.3346666666666667,True,1.0,0.5835374211554235,0.6051553201535592,0.5943463706544914,0.7135329794640226,-0.049120370370370314,-0.046527777777777724,0.3439986374874817,0.08720277392832358,0.20428770460881954,0.8329627189775314,0.02161789899813571,0.002592592592592591,0.027428627520699238,0.45051316776552697,0.11447379834991822,0.11907214594976374,0.0,0.9999999987499999,0.6076162276004152,0.31440823724097605,0.28856498997061664,0.3916297290297422,fearful,06,01,01,male,normal,36
50,1.6683333333333334,True,1.0,0.39914228094641385,0.3631242798240682,0.381133280385241,0.8940799367587239,-0.06013888888888891,-0.055046296296296204,0.33547392855002567,0.16763153177641923,0.20069596503773232,0.42628546365434605,0.036018001122345655,0.005092592592592704,0.01782848595996736,0.38209463599912113,0.11471029141112501,0.11674169853458159,0.0,0.9999999987499999,0.6141147599508553,0.3101974007444112,0.2879932861296119,0.38924869006967916,fearful,06,01,01,male,normal,36
60,2.0020000000000002,True,1.0,0.3144521291293757,0.30608659649570785,0.3102693628125418,0.7946290166144443,-0.06652777777777774,-0.06106481481481474,0.3440422059185911,0.1479831312431666,0.19796330488050076,0.3904581337017613,0.00836553263366785,0.005462962962963003,0.022670607667926848,0.40129485097234247,0.11494753718717733,0.11797065039481268,0.0,0.9999999987499999,0.6156688949251575,0.309563158941119,0.28813833472494943,0.38793743826929705,fearful,06,01,01,male,normal,36
70,2.3356666666666666,True,1.0,0.5918815169131277,0.6037617498040186,0.5978216333585732,0.7121023354594131,-0.04749999999999993,-0.04439814814814824,0.33847704373740023,0.10285119129755826,0.20695034306004367,0.839516462156929,0.011880232890890907,0.003101851851851689,0.02274433471708086,0.4521541378405072,0.11543551989948658,0.117330931378296,0.0,0.9999999987499999,0.6085564902914291,0.310265328515779,0.28660430841026596,0.39091561118144635,fearful,06,01,01,male,normal,36
80,2.6693333333333333,True,1.0,0.581972555825529,0.6342409587099955,0.6081067572677623,0.6018598399043487,-0.045277777777777806,-0.04259259259259257,0.36447742053571863,0.03669531740003603,0.20974004696401638,1.0103793557058176,0.05226840288446655,0.002685185185185235,0.01370891378176357,0.5218625721106627,0.11723613165551965,0.11635340942629299,0.0,0.9999999987499999,0.6039695969716012,0.31505391277410794,0.28580713994882984,0.38328354269774567,fearful,06,01,01,male,normal,36
90,3.003,True,1.0,0.5985128852704694,0.608763597674878,0.6036382414726738,0.4631431347213414,-0.0461111111111111,-0.04162037037037031,0.3649845843232232,0.037344105590960235,0.20212108351226893,1.303351375025485,0.010250712404408557,0.004490740740740795,0.00876005189313954,0.6357947117590688,0.11712012603531897,0.11482274623324705,0.0,0.9999999987499999,0.6125090395533214,0.3112659011845956,0.28280030281703483,0.39316416901801166,fearful,06,01,01,male,normal,36
100,3.336666666666667,True,1.0,0.5695710225505584,0.5759072581450874,0.5727391403478228,0.4925028149642789,-0.04777777777777786,-0.044768518518518485,0.3653753689266332,0.06715947476785605,0.19795521143305858,1.162915465547874,0.006336235594529005,0.003009259259259378,0.007419711723533483,0.6143841309981948,0.11597308779521903,0.11679961309771707,0.0,0.9999999987499999,0.613158513702356,0.3103744850659589,0.28433504619657574,0.3913700144979206,fearful,06,01,01,male,normal,36
0,0.0,True,1.0,0.4811170141494227,0.48841117791213345,0.4847640960307781,0.7959530467620375,-0.04777777777777775,-0.0464814814814814,0.4011004311461053,0.17455110674606147,0.18613119697045138,0.6090360455341103,0.007294163762710748,0.001296296296296351,0.018405459515452218,0.40498543922770575,0.11301640168700498,0.1177367924286044,0.0,0.9999999987499999,0.635758705732293,0.3107889649572498,0.29297895742964847,0.40771759082680703,fearful,06,01,01,male,normal,37
10,0.33366666666666667,True,1.0,0.45964231200230804,0.45311348756857084,0.4563778997854394,0.8028107240617686,-0.049861111111111134,-0.04708333333333331,0.4023387191474614,0.2076136996343491,0.18473254743001213,0.5684750914591987,0.0065288244337372014,0.0027777777777778234,0.014559539350933412,0.39798421558282554,0.1117428800751269,0.11733349316604325,0.0,0.9999999987499999,0.6397981732302297,0.31045075374929165,0.29124115167742815,0.4112618139637244,fearful,06,01,01,male,normal,37
20,0.6673333333333333,True,1.0,0.5067690578187614,0.4862891181093356,0.4965290879640485,0.7872781838758571,-0.04958333333333337,-0.046944444444444455,0.38677926108204586,0.18607420321340018,0.18266562172332237,0.6306907750441924,0.020479939709425743,0.002638888888888913,0.010580107892045595,0.40906951590625784,0.11226254377875072,0.11941693469350953,0.0,0.9999999987499999,0.6355121660773685,0.31183292005635055,0.29132627362814717,0.4062193009301795,fearful,06,01,01,male,normal,37
30,1.0010000000000001,True,1.0,0.508109133682731,0.47856081205250933,0.4933349728676202,0.8802298000249373,-0.049120370370370314,-0.04541666666666666,0.3872205547329236,0.2020113655123194,0.1834036489948516,0.5604615668018099,0.029548321630221697,0.0037037037037036535,0.014423182082357232,0.35961585833291676,0.10857766453958986,0.11931423613178388,0.0,0.9999999987499999,0.6377552615890106,0.31323525017619913,0.2914166059522379,0.40911213731408075,fearful,06,01,01,male,normal,37
40,1.3346666666666667,True,1.0,0.526299309903948,0.4960998091636496,0.5111995595337988,0.6768218535130547,-0.05087962962962955,-0.04708333333333331,0.38946278708893534,0.12959490378061075,0.18482792506197768,0.7552941100828959,0.030199500740298424,0.003796296296296242,0.008932260871362972,0.45475466680245824,0.11159990745289682,0.11795504383279638,0.0,0.9999999987499999,0.6390539057107218,0.3112207751114313,0.2887885197459759,0.3963247509446345,fearful,06,01,01,male,normal,37
50,1.6683333333333334,True,1.0,0.5234398429795721,0.5267489711934152,0.5250944070864937,0.8572019193188651,-0.05166666666666675,-0.04703703703703699,0.37647191703248334,0.2255794524523323,0.18086333297338336,0.6125679320733849,0.0033091282138431044,0.004629629629629761,0.011391889609749383,0.3754101583753277,0.11163068370052803,0.11857039240815265,0.0,0.9999999987499999,0.6397177072547768,0.3108245830849165,0.2910585641760706,0.4025123800658201,fearful,06,01,01,male,normal,37
60,2.0020000000000002,True,1.0,0.30210472697880203,0.2784899539105235,0.29029734044466277,0.6987893763107098,-0.05342592592592588,-0.04972222222222228,0.3776727151578024,0.14115370875134284,0.18685496707656818,0.4154289551127705,0.023614773068278527,0.003703703703703598,0.022627347826019936,0.4683892451287799,0.11002720469613951,0.12005982560974694,0.0,0.9999999987499999,0.6419012847404586,0.3111589305017556,0.27927022114102174,0.3931034387023952,fearful,06,01,01,male,normal,37
70,2.3356666666666666,True,1.0,0.51147646803995,0.49143609346716066,0.5014562807535553,0.7544543650141395,-0.05009259259259252,-0.044490740740740775,0.355642837256268,0.19641855032959704,0.1896513317414181,0.6646608516131487,0.020040374572789288,0.005601851851851747,0.035266412672318836,0.4354715619522195,0.113182141457553,0.1174153237434263,0.0,0.9999999987499999,0.6421602165866346,0.3103926188803101,0.28711868450367994,0.397164401631769,fearful,06,01,01,male,normal,37
80,2.6693333333333333,True,1.0,0.4385095297558922,0.42657963603566273,0.43254458289577746,0.750458934284548,-0.04773148148148143,-0.0446759259259259,0.36103590044605127,0.17608171488513175,0.1902781787382358,0.5763734204965458,0.011929893720229456,0.0030555555555555336,0.02659511867698804,0.4176657723449854,0.1092795879170252,0.11979021445129116,0.0,0.9999999987499999,0.6389612635835584,0.3121114856793806,0.2830639883905755,0.39623751922473394,fearful,06,01,01,male,normal,37
90,3.003,True,1.0,0.5056905523858473,0.46873752387163636,0.4872140381287418,0.7766470801336166,-0.04851851851851846,-0.044722222222222274,0.3793382372255363,0.19781405906532737,0.1854170781391736,0.6273300326384026,0.036953028514210895,0.0037962962962961866,0.022979684867013923,0.4037202635966576,0.11043621426202883,0.12063504367801163,0.0,0.9999999987499999,0.6422355839445154,0.3099813417581503,0.28707850757984293,0.4057057090224445,fearful,06,01,01,male,normal,37
100,3.336666666666667,True,1.0,0.5469442168105548,0.5356604322013887,0.5413023245059718,0.7576609106731094,-0.050555555555555576,-0.04685185185185181,0.38320378648828846,0.1675596244757833,0.18548619256239374,0.7144387639387076,0.011283784609166125,0.0037037037037037646,0.020030624707281904,0.4331194472905851,0.11192895542161321,0.11877107509678693,0.0,0.9999999987499999,0.6411008315435549,0.3106266244764069,0.29356755337506,0.4049263686705798,fearful,06,01,01,male,normal,37
0,0.0,True,1.0,0.6035793925894019,0.5871259479690908,0.5953526702792463,0.754649947495899,-0.0497685185185186,-0.043842592592592544,0.3308009806794044,0.17225705323275894,0.19167661779251208,0.7889123589748632,0.016453444620311064,0.005925925925926057,0.01763804029433967,0.4163288249132962,0.11592055683600001,0.11733986133368964,0.0,0.9999999987499999,0.636383919005102,0.30448233495063853,0.28701158932310034,0.3921279371492642,fearful,06,01,01,male,normal,38
10,0.33366666666666667,True,1.0,0.5733817579807595,0.5874294290113808,0.5804055934960701,0.7678899975774873,-0.050138888888888844,-0.04472222222222222,0.33259616353448607,0.16792981999979514,0.19184212876966505,0.7558447112569685,0.014047671030621323,0.005416666666666625,0.027827638505000783,0.3888501557555158,0.11462182050253217,0.11731677305176737,0.0,0.9999999987499999,0.6364150126066052,0.3050394625911998,0.28700596054271177,0.39096260217927764,fearful,06,01,01,male,normal,38
20,0.6673333333333333,True,1.0,0.5520014224748996,0.557443594597156,0.5547225085360278,0.7548352630034958,-0.050925925925925875,-0.044259259259259276,0.33635226558216835,0.16862133400879284,0.19027777777777777,0.7348921489554984,0.005442172122256395,0.006666666666666599,0.029996187683052417,0.4210087122541668,0.1133489838079054,0.11918813126501945,0.0,0.9999999987499999,0.6328651702477867,0.30674018082889887,0.2820803866514462,0.3961339924128069,fearful,06,01,01,male,normal,38
30,1.0010000000000001,True,1.0,0.5942330597289287,0.5470047088020368,0.5706188842654827,0.8849295035649166,-0.05106481481481484,-0.04537037037037045,0.3395088491804576,0.20541970069399074,0.18958373576250787,0.6448184651622063,0.04722835092689193,0.005694444444444391,0.02399965604438969,0.35199796565642155,0.1093570775391893,0.11827856051415275,0.0,0.9999999987499999,0.6368855708533413,0.3042132150135065,0.28866165715692704,0.4002957216252853,fearful,06,01,01,male,normal,38
40,1.3346666666666667,True,1.0,0.5396382069012965,0.5241826498982679,0.5319104283997822,0.7309348250143078,-0.04879629629629628,-0.04365740740740748,0.3503329721777224,0.14769983994917954,0.19237538884161803,0.7277125267487018,0.015455557003028586,0.005138888888888804,0.0090980374056615,0.4328233830665649,0.11125048226009711,0.11715175744630216,0.0,0.9999999987499999,0.6359467344046994,0.3056480903267572,0.28825850216227206,0.39848911302386125,fearful,06,01,01,male,normal,38
50,1.6683333333333334,True,1.0,0.6233196820635217,0.6100663573267124,0.616693019695117,0.797679060709791,-0.04652777777777767,-0.042314814814814805,0.3606920118302626,0.11287911236459376,0.19592097059741986,0.7731091990134116,0.013253324736809291,0.004212962962962863,0.02005101125095182,0.40330188679245216,0.11553935784379682,0.11803848202689358,0.0,0.9999999987499999,0.6170820755333384,0.31135435127167665,0.27642274349953866,0.3880965512409794,fearful,06,01,01,male,normal,38
60,2.0020000000000002,True,1.0,0.5930305667879925,0.5843194325452172,0.5886749996666049,0.7107714737164107,-0.05069444444444454,-0.0459722222222223,0.35142957666591934,0.1236124302115505,0.1953112316702645,0.8282197885469432,0.008711134242775254,0.004722222222222239,0.021680086447719345,0.4285408796863863,0.12259108870545107,0.11121224421805256,0.0,0.8823757097781887,0.6070397003645208,0.2775671417155311,0.2887610885745633,0.3487866740943484,fearful,06,01,01,male,normal,38
70,2.3356666666666666,True,1.0,0.5983719226580678,0.6196148034661255,0.6089933630620967,0.7466322560085359,-0.04814814814814816,-0.04425925925925933,0.36034369110635134,0.11946116096136636,0.19589916232072066,0.8156537012179854,0.021242880808057696,0.0038888888888888307,0.017731472784472853,0.4167302034890198,0.1172328060386298,0.11503940220100033,0.0,0.9999999987499999,0.613768779378939,0.311094958059936,0.28554713170132817,0.3944123127531512,fearful,06,01,01,male,normal,38
80,2.6693333333333333,True,1.0,0.5731488662003225,0.5816272168211779,0.5773880415107502,0.5275194295144046,-0.051342592592592606,-0.04712962962962974,0.35651535684082614,0.0828531210009894,0.1925708079176121,1.094534171077359,0.008478350620855446,0.004212962962962863,0.014676536167353942,0.5300833822097245,0.1141604966034008,0.11727939353324318,0.0,0.9999999987499999,0.6328590066104568,0.3063136454641746,0.2833719093288594,0.38648134666039624,fearful,06,01,01,male,normal,38
90,3.003,True,1.0,0.55524566896691,0.5945168343916023,0.5748812516792561,0.6181232601390964,-0.05175925925925934,-0.04782407407407413,0.3517200829452114,0.13906398398799408,0.1918771224123703,0.9300430654395541,0.039271165424692334,0.003935185185185208,0.01749131862690559,0.46468946798813415,0.12563257542031944,0.10934408907512001,0.0,0.7071067807446058,0.5985221372533388,0.2754259162436819,0.30689258684550424,0.3607673541464144,fearful,06,01,01,male,normal,38
100,3.336666666666667,True,1.0,0.6064497484926661,0.5858025892746739,0.59612616888367,0.7477201885019992,-0.05398148148148141,-0.048611111111111105,0.34775728188587945,0.19471879908906162,0.1875687536705291,0.7972583568700528,0.020647159217992206,0.005370370370370303,0.014729943298698044,0.42392761969009674,0.1160283095072843,0.11510125381881167,0.0,0.8198417679153911,0.6413587208633453,0.30429461142509034,0.2908003016672909,0.39688294185142536,fearful,06,01,01,male,normal,38
0,0.0,True,1.0,0.5494070732110257,0.5765760284923434,0.5629915508516845,0.6915188283589588,-0.04861111111111105,-0.04666666666666669,0.35574147911768683,0.21215321390239145,0.17616669952500277,0.8141377035065235,0.027168955281317686,0.0019444444444443598,0.014795838009899228,0.4479834044453505,0.12122569500871301,0.11370880726049433,0.0,0.9999999987499999,0.6361764837341187,0.3094369585932795,0.2885438087688949,0.3905803636610607,fearful,06,01,01,male,normal,39
10,0.33366666666666667,True,1.0,0.5564992596499537,0.5807562687465047,0.5686277641982291,0.6640205924543872,-0.05189814814814803,-0.04814814814814811,0.36083861645516135,0.1775869026331506,0.1774452968113274,0.8563405572957277,0.02425700909655093,0.00374999999999992,0.018122503111916682,0.45784883720930225,0.11692502740153746,0.11601098494397265,0.0,0.9999999987499999,0.6343451195400035,0.3099032972221674,0.2873203017418007,0.3912308561878471,fearful,06,01,01,male,normal,39
20,0.6673333333333333,True,1.0,0.5529044413704797,0.5699645169322376,0.5614344791513586,0.7257899498920052,-0.04879629629629623,-0.04652777777777778,0.35837131048356885,0.19302924199255514,0.1774207875382545,0.7735495362465379,0.017060075561757926,0.0022685185185184475,0.025655423475131202,0.4188829787234043,0.11377642142594026,0.11700250112455896,0.0,0.9999999987499999,0.6335701256830858,0.3065974283051607,0.28537682243712825,0.39385104331998133,fearful,06,01,01,male,normal,39
30,1.0010000000000001,True,1.0,0.531303288582941,0.5652196816474819,0.5482614851152114,0.7172617178326672,-0.049259259259259225,-0.04689814814814819,0.3540749171672799,0.17931542945816742,0.1795754198305967,0.7643813568802754,0.03391639306454097,0.002361111111111036,0.015218904477441928,0.4285408796863863,0.11793670150909612,0.11415088856498616,0.0,0.9999999987499999,0.6288542048616321,0.30720204013682656,0.2889689886462219,0.3916452309007029,fearful,06,01,01,male,normal,39
40,1.3346666666666667,True,1.0,0.5564564928361725,0.5605888353703216,0.558522664103247,0.6889273999673989,-0.05115740740740732,-0.04870370370370364,0.36062900819549487,0.19136872221316692,0.17849957907496103,0.8107133845012945,0.004132342534149069,0.00245370370370368,0.0024466908343002596,0.43975170112459605,0.11501137233095331,0.11628136316473076,0.0,0.9999999987499999,0.6349715074076506,0.3067883263769154,0.2878865462305888,0.3957753543822955,fearful,06,01,01,male,normal,39
50,1.6683333333333334,True,1.0,0.5349514536293426,0.5169239100873619,0.5259376818583523,0.6854661798189026,-0.048657407407407316,-0.047592592592592575,0.3533058027702871,0.16356379123481302,0.18143553609964508,0.7672700672078423,0.018027543541980662,0.0010648148148147407,0.004254299045240661,0.4352172994321578,0.11290070413856244,0.11833174632935664,0.0,0.9999999987499999,0.6346525786955408,0.30749529833988665,0.2885203915317374,0.39794660481571736,fearful,06,01,01,male,normal,39
60,2.0020000000000002,True,1.0,0.5536151557463356,0.545827517760459,0.5497213367533973,0.5555286068764022,-0.04972222222222211,-0.04712962962962963,0.3533504562313669,0.12343573460894833,0.18265392658968596,0.9895464066996339,0.007787637985876561,0.0025925925925924798,0.006507236044030375,0.5475131819061843,0.11575693085799015,0.11619690156448582,0.0,0.9999999987499999,0.6346573053518283,0.3063674986408182,0.2904473357244047,0.40398360504747177,fearful,06,01,01,male,normal,39
70,2.3356666666666666,True,1.0,0.5410799486320038,0.5143812167856233,0.5277305827088136,0.7251849408275667,-0.05101851851851846,-0.048101851851851896,0.35227038535721533,0.18515360191342187,0.17855598934648134,0.7277186176902376,0.026698731846380497,0.0029166666666665675,0.01204790340872267,0.4194229886292292,0.11804825594026615,0.11503357717517931,0.0,0.9999999987499999,0.6363027492168742,0.3056724959069297,0.2953841009384145,0.3961463786185185,fearful,06,01,01,male,normal,39
80,2.6693333333333333,True,1.0,0.544384988790491,0.5135725389031892,0.5289787638468402,0.7477201885019987,-0.049907407407407345,-0.047314814814814865,0.3467013804761787,0.1791412951619366,0.18546644821245542,0.7074555053898028,0.030812449887301807,0.0025925925925924798,0.01567136603023939,0.4223890900612577,0.11116052138821951,0.11885109185893447,0.0,0.9999999987499999,0.6367028241609144,0.3054635080538287,0.2874894286667747,0.3985338603039987,fearful,06,01,01,male,normal,39
90,3.003,True,1.0,0.5897064431007558,0.5605888353703216,0.5751476392355387,0.7729957713993183,-0.0537037037037037,-0.04953703703703699,0.3516819571865443,0.2318840579710149,0.18069241024054614,0.7440501753255074,0.02911760773043426,0.004166666666666707,0.00734610654854757,0.4049743735262368,0.12042061250148939,0.1127168782445403,0.0,0.9999999987499999,0.641166539475165,0.30395534968067717,0.29613490818540583,0.3954077320153137,fearful,06,01,01,male,normal,39
100,3.336666666666667,True,1.0,0.5718363715619179,0.586394036059372,0.579115203810645,0.788029242598628,-0.05111111111111116,-0.04856481481481478,0.3540099405901537,0.21632175287021216,0.17648618189208873,0.7348904996227524,0.014557664497454104,0.0025462962962963798,0.007262486511624788,0.38652706795242625,0.11491759407428978,0.1150568823536943,0.0,0.9999999987499999,0.6415944412530636,0.30629111630236244,0.29348413008634866,0.3966250361633869,fearful,06,01,01,male,normal,39
0,0.0,True,1.0,0.617948793209382,0.5901382726134363,0.6040435329114091,0.8457044787726712,-0.056805555555555554,-0.05319444444444449,0.35690141228592753,0.31506885997963,0.17640445937537771,0.7142489463790324,0.027810520595945687,0.003611111111111065,0.018705108010584167,0.38214025794996287,0.11507370475954722,0.1192937075488769,0.0,0.9999999987499999,0.6297409616815476,0.308803612465383,0.2858932566481832,0.3795146006822041,fearful,06,01,01,male,strong,40
10,0.33366666666666667,True,1.0,0.5788529355380524,0.6179288944831177,0.5983909150105851,0.7929346252930787,-0.05726851851851844,-0.053379629629629666,0.3622652756014528,0.2692379048077416,0.17988825674602404,0.7546535312282676,0.039075958945065326,0.003888888888888775,0.026521016139362027,0.4071629948239574,0.11022757446100535,0.12129783532716512,0.0,0.9999999987499999,0.6373402031750199,0.3091831935682601,0.28358701604224545,0.3891454602620114,fearful,06,01,01,male,strong,40
20,0.6673333333333333,True,1.0,0.5279420207193172,0.5646283181345995,0.5462851694269584,0.9176544381765341,-0.05648148148148152,-0.05199074074074078,0.35592562198547345,0.30554931042303674,0.1841210342932545,0.5953059743409278,0.03668629741528229,0.00449074074074074,0.036841462974138046,0.3500756834823747,0.11160697785723978,0.11907368237824761,0.0,0.9999999987499999,0.6220534303721489,0.31135551717497584,0.29445051618027573,0.40270516455513483,fearful,06,01,01,male,strong,40
30,1.0010000000000001,True,1.0,0.5511162702266519,0.6030029607323035,0.5770596154794777,1.102727398118516,-0.0558796296296295,-0.05291666666666672,0.3538946405550559,0.31388479609958025,0.18826294450387393,0.5233021474428425,0.051886690505651645,0.0029629629629627785,0.025494177132274604,0.3074388770390225,0.11239054236261524,0.11801193767738749,0.0,0.9999999987499999,0.6308474890737545,0.3075185730582646,0.2881722893240572,0.3925682103305973,fearful,06,01,01,male,strong,40
40,1.3346666666666667,True,1.0,0.4985493505378004,0.4929333389471266,0.4957413447424635,0.9567844134761161,-0.0597685185185185,-0.056203703703703645,0.35094966270506955,0.2623009360440138,0.18894704285044794,0.5181327556762488,0.0056160115906738195,0.003564814814814854,0.015221905491144971,0.34620693594122737,0.11439793872470755,0.11882478769442432,0.0,0.9999999987499999,0.6165172023184274,0.31138383870739406,0.290759603544469,0.4033973317797337,fearful,06,01,01,male,strong,40
50,1.6683333333333334,True,1.0,0.5802794139667318,0.6033067405806573,0.5917930772736946,0.8917566897449216,-0.05449074074074062,-0.052407407407407514,0.34797711056410485,0.27366504505229794,0.18611766999740337,0.6636261707697099,0.02302732661392548,0.002083333333333104,0.016125496177485567,0.37850959227424386,0.11243275695234521,0.12021140493356625,0.0,0.9999999987499999,0.6208466049232193,0.3115208277033049,0.2855849377014774,0.380519380232581,fearful,06,01,01,male,strong,40
60,2.0020000000000002,True,1.0,0.5342388508547655,0.5739324633169711,0.5540856570858683,0.9960308590920294,-0.054629629629629695,-0.04939814814814819,0.3543326910393223,0.27974497576703516,0.1881960660357054,0.5562936650285781,0.039693612462205596,0.005231481481481504,0.03637864570923603,0.3306873701677869,0.11497852529462714,0.11761692686990577,0.0,0.9999999987499999,0.6095244463879302,0.3168909209984604,0.28770085590671113,0.3889418669870998,fearful,06,01,01,male,strong,40
70,2.3356666666666666,True,1.0,0.5046956770640317,0.5458089668615987,0.5252523219628152,0.639856200508865,-0.04759259259259263,-0.043101851851851836,0.38596672607726,0.014191336239469658,0.20845195190820417,0.820891196404899,0.04111328979756701,0.004490740740740795,0.058209258879624505,0.5068507944342296,0.11194473463216616,0.12066599811250478,0.0,0.9999999987499999,0.5550836597451481,0.33136618943292184,0.27249517395033745,0.3784459910392381,fearful,06,01,01,male,strong,40
80,2.6693333333333333,True,1.0,0.5178041395550501,0.6009834102034713,0.5593937748792608,0.882139097263917,-0.05486111111111114,-0.04513888888888884,0.30701803909196246,0.0690363789387874,0.23383013198919658,0.6341332978147121,0.08317927064842123,0.009722222222222299,0.05795184561025588,0.36076167963239464,0.11117666608089362,0.12339775909314123,0.0,0.9999999987499999,0.5153463394029487,0.3341732622109985,0.2714704069963102,0.36375012436763154,fearful,06,01,01,male,strong,40
90,3.003,True,1.0,0.5130567531845331,0.5545865185169881,0.5338216358507606,0.4845871312675394,-0.049027777777777726,-0.04365740740740742,0.37029088795948517,-0.05132853843810387,0.2148423689980867,1.1016009328486251,0.041529765332455004,0.005370370370370303,0.03223587403418913,0.6413861668759048,0.11421449898204548,0.11851985038392573,0.0,0.9999999987499999,0.5706010763758628,0.3220484368069126,0.2769682953002504,0.37868704664449654,fearful,06,01,01,male,strong,40
100,3.336666666666667,True,1.0,0.41502686104939157,0.41855042539912823,0.4167886432242599,0.7470034385893956,-0.06018518518518523,-0.05328703703703702,0.3479679894159258,0.10104576436393523,0.20502528162508316,0.557947422586572,0.003523564349736663,0.006898148148148209,0.045232337771170854,0.45254576808921243,0.10753744865482687,0.123689046253129,0.0,0.9999999987499999,0.6103271323138632,0.31381270841351255,0.2717780255512083,0.3725542386845151,fearful,06,01,01,male,strong,40
110,3.6703333333333332,True,1.0,0.36862269077916204,0.35779802017148654,0.3632103554753243,0.7849359356948756,-0.05953703703703711,-0.05328703703703708,0.360002162319801,0.12058312937476688,0.19938057002093038,0.46272611427044325,0.010824670607675502,0.006250000000000033,0.04487325054191855,0.42820472281032645,0.11167372175250183,0.12060132124859704,0.0,0.9999999987499999,0.6119139595056772,0.31220518910815065,0.28563986903808064,0.3889976179055694,fearful,06,01,01,male,strong,40
120,4.0040000000000004,True,1.0,0.5466662098890748,0.5842076841117468,0.5654369470004108,0.8562283457975712,-0.05481481481481487,-0.049259259259259225,0.3579239605651032,0.18332958625382262,0.19169214051731778,0.660381018422965,0.03754147422267207,0.005555555555555647,0.04104389381008658,0.3880092357168981,0.11221701650785304,0.11865961610999451,0.0,0.9999999987499999,0.6249075139743397,0.3119664665806343,0.29135228297745924,0.394388828856578,fearful,06,01,01,male,strong,40
130,4.337666666666666,True,1.0,0.5096620635804104,0.5227569037579509,0.5162094836691806,0.8075982287100977,-0.05472222222222217,-0.050787037037037075,0.3653082507180934,0.19432693275721552,0.18823498003510292,0.6391909557474816,0.013094840177540479,0.003935185185185097,0.03658230191881339,0.4127464888893279,0.11416670817282933,0.1179213876597111,0.0,0.9999999987499999,0.6250087587769483,0.31217391432380603,0.29168011837668034,0.39803453161010416,fearful,06,01,01,male,strong,40
140,4.671333333333333,True,1.0,0.5480785744607942,0.5951880325715055,0.5716333035161498,0.7911639337697822,-0.0558333333333334,-0.05185185185185193,0.3646129043595997,0.23105303710010383,0.18195492727998092,0.7225219440835725,0.04710945811071132,0.003981481481481475,0.04104399425796163,0.4201482934954708,0.11205677151283157,0.11865049220176847,0.0,0.9999999987499999,0.6365709478009953,0.3081881936471559,0.294578638130883,0.40468113390524985,fearful,06,01,01,male,strong,40
0,0.0,True,1.0,0.5549282262644663,0.5914650100500217,0.573196618157244,0.9309491970116444,-0.05518518518518517,-0.05379629629629634,0.35168301108423194,0.30763067977992975,0.17021465526170568,0.6157120281076675,0.03653678378555547,0.0013888888888888284,0.017475601214189528,0.35431483659673557,0.11001205957332033,0.1197559449558058,0.0,0.9999999987499999,0.627290190458996,0.3137396303562943,0.2698492839469111,0.356287345792627,fearful,06,01,01,male,strong,41
10,0.33366666666666667,True,1.0,0.521597019175625,0.5405797028138759,0.5310883609947504,0.9282741090227108,-0.05768518518518523,-0.056296296296296344,0.353349692895762,0.46405270183594766,0.14530910344663106,0.5721245005463759,0.018982683638250952,0.001388888888888884,0.011049088888956803,0.3336257962115423,0.11197369910020614,0.122052173063746,0.0,0.9999999987499999,0.5979052776032288,0.27810916555680204,0.2669520108072007,0.32066585039142625,fearful,06,01,01,male,strong,41
20,0.6673333333333333,True,1.0,0.5544391403493419,0.5906677741101658,0.5725534572297539,1.0189973213026782,-0.055972222222222257,-0.05597222222222231,0.34705182928418454,0.3740330822625457,0.1747503905710948,0.5618792564614459,0.03622863376082386,5.551115123125783e-17,0.012233961730427073,0.31668175357013156,0.11627750938521277,0.11763577328705492,0.0,0.9999999987499999,0.5968171663118372,0.27663531996735974,0.27460933804379695,0.31773115009178465,fearful,06,01,01,male,strong,41
30,1.0010000000000001,True,1.0,0.5621603461295999,0.5769843327230553,0.5695723394263276,1.026192717027383,-0.05162037037037043,-0.05037037037037034,0.35881543959654266,0.1913931683534027,0.19933005317891384,0.55503447839333,0.014823986593455407,0.0012500000000000844,0.022381738130560696,0.31374534667521436,0.11730715001759771,0.11790885666829583,0.0,0.9999999987499999,0.5751249095497574,0.27441327481584793,0.2851807515281485,0.32988073006763285,fearful,06,01,01,male,strong,41
40,1.3346666666666667,True,1.0,0.373826591623563,0.39249164496737826,0.38315911829547067,0.7799086295368207,-0.058657407407407436,-0.05402777777777773,0.3634348494894031,0.13749718969036598,0.19029221182200778,0.49128718901728874,0.01866505334381524,0.004629629629629706,0.028090057847287072,0.4119053084924449,0.10890531488965952,0.12170618586404253,0.0,0.9999999987499999,0.606155296688988,0.3180970376821578,0.26436538800964254,0.370329330148947,fearful,06,01,01,male,strong,41
50,1.6683333333333334,True,1.0,0.5010787980919995,0.5127140529874862,0.5068964255397428,1.114690696150366,-0.05078703703703702,-0.04652777777777778,0.33423756104721086,0.24933803347652098,0.1909758177139437,0.45474177481729433,0.011635254895486669,0.00425925925925924,0.02906844502309254,0.3135686939247096,0.10998018053339037,0.12307998371539129,0.0,0.9999999987499999,0.6014313035370398,0.3220357414331779,0.2664080476458208,0.3746741061649683,fearful,06,01,01,male,strong,41
60,2.0020000000000002,True,1.0,0.5157819008184299,0.5330095035134931,0.5243957021659615,0.7143680277893114,-0.04777777777777775,-0.04375000000000001,0.3675003000265006,0.06831869856851522,0.19791705215148858,0.7340693896796591,0.017227602695063182,0.004027777777777741,0.0351231812641392,0.44688406040481693,0.1112547555309455,0.12177273063521321,0.0,0.9999999987499999,0.6085813414819052,0.3172754701646588,0.26168704468659604,0.36397624153219577,fearful,06,01,01,male,strong,41
70,2.3356666666666666,True,1.0,0.5140057561431604,0.516901760421947,0.5154537582825537,0.571661758751501,-0.052685185185185224,-0.048009259259259085,0.3590672896273386,0.10038067604658038,0.19654175282197442,0.9016761229722544,0.002896004278786668,0.004675925925926139,0.02540418866404047,0.5379881257211837,0.11371079799515728,0.11932296102145383,0.0,0.9999999987499999,0.5948510811277635,0.3168034713273588,0.27563017795662575,0.3881404794051652,fearful,06,01,01,male,strong,41
80,2.6693333333333333,True,1.0,0.5029013129922176,0.5170720661403283,0.509986689566273,0.6078430926044718,-0.047546296296296364,-0.043101851851851725,0.39360679338761845,0.028262100818134097,0.20286241504005734,0.8390104218855133,0.01417075314811067,0.00444444444444464,0.03889287963546349,0.5251392341861247,0.11117632200506146,0.12137434711476762,0.0,0.9999999987499999,0.5969695173069227,0.3214507326817687,0.26785715615955746,0.37526072797325577,fearful,06,01,01,male,strong,41
90,3.003,True,1.0,0.47350720715991057,0.4783530055899619,0.47593010637493627,0.5882205081545836,-0.04328703703703701,-0.04199074074074066,0.40041401844168306,-0.0069925982641760595,0.20295979823491242,0.8091015185241763,0.00484579843005134,0.001296296296296351,0.04539437800950413,0.5170216911079596,0.11952702054484617,0.1159869181472055,0.0,0.933448049195764,0.5758778297647184,0.28468949321549997,0.30039626699745225,0.3479731031951131,fearful,06,01,01,male,strong,41
100,3.336666666666667,True,1.0,0.43368440659709456,0.41928721174004147,0.42648580916856804,0.6115952484058382,-0.043981481481481455,-0.04199074074074066,0.45147379518633823,0.018711210788999455,0.20007475409596917,0.6973334248103306,0.014397194857053097,0.001990740740740793,0.04003390520049493,0.46610713812929855,0.10785272080598132,0.12295024114851182,0.0,0.9999999987499999,0.6030426050654637,0.3207292810028836,0.2846873165156613,0.3858195187270646,fearful,06,01,01,male,strong,41
110,3.6703333333333332,True,1.0,0.37702190222088733,0.3770030025649056,0.3770124523928965,0.6496515594881616,-0.05078703703703702,-0.04495370370370383,0.4344692193088773,0.04542963492150271,0.1979818029465337,0.5803302507115227,1.8899655981730046e-05,0.0058333333333331905,0.04358401530617489,0.4565937279348147,0.11094261224248969,0.1214312132581319,0.0,0.9999999987499999,0.5987022095791442,0.3228862106663474,0.2863468152179304,0.3991356734139577,fearful,06,01,01,male,strong,41
120,4.0040000000000004,True,1.0,0.4364677356813773,0.45181462847274867,0.444141182077063,0.6757143717382229,-0.04694444444444451,-0.04356481481481478,0.44726548621778844,0.050009524204998254,0.19657474551182116,0.6572913062875134,0.015346892791371358,0.0033796296296297323,0.04124522420446395,0.45699032676931445,0.11329633126290564,0.11859733680452801,0.0,0.9999999987499999,0.6077240040625626,0.31877446047673663,0.2898776056802219,0.4027193058562885,fearful,06,01,01,male,strong,41
0,0.0,True,1.0,0.580639417106192,0.6071943494262834,0.5939168832662377,0.728745920313728,-0.050416666666666665,-0.04731481481481492,0.35026719713245513,0.14257006466125896,0.20002441257256576,0.8149848482315403,0.026554932320091318,0.0031018518518517446,0.01705210081130238,0.44072088376202284,0.11209876169335449,0.12052292038848479,0.0,0.9999999987499999,0.6018083179521808,0.3165265609763417,0.26129117243567856,0.36547654373744026,fearful,06,01,01,male,strong,42
10,0.33366666666666667,True,1.0,0.6269121843620744,0.6239114956192037,0.625411839990639,0.8807814498990794,-0.05611111111111111,-0.05074074074074081,0.3539940531945581,0.2781279679759869,0.17926245206354577,0.7100647272513507,0.0030006887428707385,0.005370370370370303,0.008520616750073774,0.34582316945630537,0.11002385854435723,0.12381273274760611,0.0,0.9999999987499999,0.6281215833989846,0.30965727836009216,0.2750423835766707,0.3822803084292224,fearful,06,01,01,male,strong,42
20,0.6673333333333333,True,1.0,0.6065497677794054,0.617935485401801,0.6122426265906031,0.9084920519957721,-0.0562037037037037,-0.05291666666666667,0.35545356704376485,0.3289213092079039,0.16250751184560672,0.6739108231553933,0.011385717622395597,0.0032870370370370328,0.012677016754660056,0.3398612666923455,0.10496980472226122,0.12327552885392147,0.0,0.9999999987499999,0.6423603727428472,0.313689902591238,0.2669844770721273,0.36887132298156994,fearful,06,01,01,male,strong,42
30,1.0010000000000001,True,1.0,0.5332010105552969,0.5147572173591403,0.5239791139572185,1.055903838463596,-0.05342592592592588,-0.04902777777777778,0.3467161565376805,0.26388971714253673,0.18548619256239374,0.49623753117484626,0.018443793196156633,0.0043981481481480955,0.020418993429344504,0.31006557722016787,0.10599341374709798,0.1256228285688164,0.0,0.9999999987499999,0.6287629227863021,0.309588538614434,0.2626557225408567,0.3722828279738285,fearful,06,01,01,male,strong,42
40,1.3346666666666667,True,1.0,0.3195231026463009,0.3035889163659726,0.31155600950613677,0.7449189075143801,-0.0621296296296297,-0.05754629629629621,0.35269722038990264,0.10076379372640526,0.1938507802408853,0.41824151107363644,0.015934186280328277,0.004583333333333495,0.021570943492865764,0.4260117283500992,0.10952567614828955,0.11972449217012712,0.0,0.9999999987499999,0.6077781653208159,0.31613353764766716,0.267624862765371,0.3780798542513434,fearful,06,01,01,male,strong,42
50,1.6683333333333334,True,1.0,0.3367556407586171,0.299211274493238,0.3179834576259275,0.7670695312579702,-0.06569444444444456,-0.05939814814814809,0.3550557915460859,0.14856102445696232,0.19520495206399283,0.4145431993686994,0.0375443662653791,0.006296296296296466,0.027001663194599654,0.47193249189337894,0.11192996522456598,0.11988773856854132,0.0,0.9999999987499999,0.6119800168895683,0.31739635588473986,0.2712591138528607,0.3779891182699215,fearful,06,01,01,male,strong,42
60,2.0020000000000002,True,1.0,0.5447191688346049,0.555423420177971,0.550071294506288,0.46638681334687027,-0.04912037037037037,-0.04481481481481481,0.3797266851535784,0.0364139735994328,0.1923615077290461,1.1794314906952104,0.010704251343366056,0.0043055555555555625,0.024079246516868318,0.6529833204051784,0.1125767001657384,0.1175105532776555,0.0,0.9999999987499999,0.6075006328468887,0.31824886752537035,0.27009799405926355,0.38196405064423217,fearful,06,01,01,male,strong,42
70,2.3356666666666666,True,1.0,0.6233805357176774,0.6382590104468716,0.6308197730822744,0.8269978989167389,-0.04856481481481484,-0.043379629629629546,0.3582477472351741,0.19139316835340395,0.1937535439444029,0.7627828001843383,0.014878474729194235,0.005185185185185293,0.02047810843324481,0.40658363074304266,0.11014943660187658,0.12105443712609414,0.0,0.9999999987499999,0.6131610019789165,0.3136267621863046,0.2669809161446324,0.3776706511916285,fearful,06,01,01,male,strong,42
80,2.6693333333333333,True,1.0,0.5843854469587118,0.6017836709089431,0.5930845589338274,0.7433475235774676,-0.046342592592592546,-0.04268518518518516,0.36189997316003925,0.11147391527210601,0.20141957250238088,0.797856372857102,0.017398223950231384,0.003657407407407387,0.035005599353058886,0.4538675078362062,0.1155736019116841,0.11703224045714324,0.0,0.9850054329068539,0.6025898994910465,0.31343486306144025,0.28189108846940725,0.3855899800591364,fearful,06,01,01,male,strong,42
90,3.003,True,1.0,0.5871328935967662,0.5968295381660742,0.5919812158814202,0.8208916005473637,-0.04731481481481481,-0.04300925925925925,0.35178909606354253,0.13927124308308322,0.19799220734919576,0.721144199169162,0.009696644569307966,0.0043055555555555625,0.026764274920191546,0.39639022215193126,0.11007998000740593,0.12096019669816004,0.0,0.9999999987499999,0.6035257026716938,0.31336423758643145,0.26869862050309934,0.3628920041471396,fearful,06,01,01,male,strong,42
100,3.336666666666667,True,1.0,0.5812294032582227,0.6028754318333477,0.5920524175457852,0.7951715340473714,-0.049351851851851924,-0.045370370370370394,0.35592562198547345,0.1680521207326695,0.19587228806931048,0.7445593714003781,0.021646028575124987,0.00398148148148153,0.02288564912749957,0.3965766532126437,0.11402776685276142,0.11949935077953042,0.0,0.9999999987499999,0.5998313278514531,0.3147025946312731,0.2805259597065625,0.39184403489687347,fearful,06,01,01,male,strong,42
110,3.6703333333333332,True,1.0,0.5983719226580678,0.6131544008671476,0.6057631617626077,0.8078082949232328,-0.053333333333333344,-0.050185185185185166,0.35697404621241624,0.22095438508287582,0.186112750854354,0.7498848001061617,0.014782478209079741,0.0031481481481481777,0.018653602167319525,0.4049722374529338,0.11392005569757156,0.12023752804336767,0.0,0.9999999987499999,0.632311864941289,0.3077039389811071,0.2833402190569887,0.3792700169021942,fearful,06,01,01,male,strong,42
0,0.0,True,1.0,0.5890640260340472,0.5807404816787511,0.5849022538563992,0.9972899728997285,-0.05370370370370364,-0.05037037037037029,0.3871369439180653,0.31797651309846425,0.17016758544842098,0.5864916621549222,0.008323544355296031,0.003333333333333355,0.014854302422877818,0.3182649303646585,0.1260807272710292,0.10900196319718264,0.0,0.9999999987499999,0.5915502511082558,0.2827820393449671,0.32547245163161725,0.3865412858959251,fearful,06,01,01,male,strong,43
10,0.33366666666666667,True,1.0,0.5967600117916982,0.5828924323821832,0.5898262220869408,0.8372583770969816,-0.05263888888888896,-0.05041666666666672,0.3866952819402929,0.30301704826848047,0.16668909557742045,0.7044733599824226,0.013867579409514996,0.0022222222222222365,0.025367411002071783,0.3796407189310621,0.12122547542801755,0.11370904135650631,0.0,0.9999999987499999,0.5982479561121322,0.28021396562700013,0.3109536885802875,0.3784428425637431,fearful,06,01,01,male,strong,43
20,0.6673333333333333,True,1.0,0.5661946126952899,0.5951880325715054,0.5806913226333976,0.8646778498926959,-0.05282407407407408,-0.050185185185185166,0.38153565755087004,0.28573141864991686,0.1722665162363916,0.6715695593514507,0.02899341987621551,0.002638888888888913,0.027789086155813457,0.3638044351271027,0.12093187910556642,0.11402123747317042,0.0,0.9999999987499999,0.5940545333524035,0.2820487641853682,0.31582951585053975,0.3794420283147294,fearful,06,01,01,male,strong,43
30,1.0010000000000001,True,1.0,0.5837000295730543,0.5631570542786069,0.5734285419258306,1.1288228704498477,-0.054398148148148084,-0.050092592592592466,0.37426507807743586,0.3687384337243366,0.17083333333333328,0.507988061667561,0.020542975294447485,0.004305555555555618,0.016167315141934806,0.28530369631162633,0.12297090764602213,0.11130681025733115,0.0,0.9999999987499999,0.5948824466427196,0.2817707815867657,0.3175341622729696,0.3831138262619194,fearful,06,01,01,male,strong,43
40,1.3346666666666667,True,1.0,0.5654677491934565,0.5532000500516228,0.5593338996225397,0.66937396338067,-0.05069444444444443,-0.04675925925925928,0.38553724198924155,0.21820887054515306,0.1660181837584221,0.8356074933025874,0.012267699141833788,0.003935185185185153,0.02429016565451747,0.478736837748027,0.12263070289685789,0.11185197714509236,0.0,0.9999999987499999,0.6035795110934999,0.2811417446372913,0.29921486947671794,0.36182585375696424,fearful,06,01,01,male,strong,43
50,1.6683333333333334,True,1.0,0.35522060584826115,0.3324151042829893,0.34381785506562523,0.7354257042881434,-0.06037037037037035,-0.054305555555555496,0.37516400678022854,0.2700852063326557,0.16041714226458176,0.46750861856048986,0.022805501565271835,0.006064814814814856,0.03107305363018566,0.45175193134442015,0.12028412771431274,0.1131996248723606,0.0,0.9999999987499999,0.608028934104892,0.28484816217359954,0.29387453789477325,0.3667674783980661,fearful,06,01,01,male,strong,43
60,2.0020000000000002,True,1.0,0.5141737043476338,0.5079900063873821,0.5110818553675079,0.8353775762497777,-0.05101851851851846,-0.047037037037037044,0.3858287853332536,0.2271198455935228,0.16736293455812784,0.6117974313625754,0.006183697960251644,0.003981481481481419,0.028380967219838123,0.3753370605429891,0.12112169321019839,0.11381958273022474,0.0,0.9999999987499999,0.6050669679356118,0.2850379929673979,0.3023588513680734,0.3721879268646207,fearful,06,01,01,male,strong,43
70,2.3356666666666666,True,1.0,0.5736878894154777,0.557104846214362,0.5653963678149199,0.7142723706125154,-0.05074074074074075,-0.04560185185185178,0.3789486589096759,0.2083151380543259,0.1715282225678134,0.7915697023672794,0.0165830432011157,0.0051388888888889706,0.0270841309209736,0.44576895559640045,0.11188944378986405,0.11816512141862473,0.0,0.9999999987499999,0.6384084198679472,0.31078782970643865,0.28232896061168555,0.3938056257799632,fearful,06,01,01,male,strong,43
80,2.6693333333333333,True,1.0,0.5603041426163917,0.5469295434440857,0.5536168430302387,0.8485118089322544,-0.05175925925925934,-0.0476388888888889,0.379764548334362,0.2380744434906568,0.17226651623639172,0.6524562618956311,0.01337459917230599,0.004120370370370441,0.022540783907899316,0.38828037076790933,0.10907923442038357,0.11997268202392042,0.0,0.9999999987499999,0.6369016326765081,0.31081909938982355,0.2839679629809476,0.39733251529889513,fearful,06,01,01,male,strong,43
90,3.003,True,1.0,0.5750914504195052,0.5808896519805151,0.5779905512000101,0.7962823052874904,-0.05069444444444443,-0.048055555555555574,0.3743255860085903,0.24788524772422482,0.1729184315296482,0.7258613526409229,0.0057982015610099635,0.0026388888888888573,0.02260634999666148,0.4050406481834827,0.11164184530087085,0.11791535136130114,0.0,0.9999999987499999,0.6348368033932322,0.3117799917341854,0.29128688078713466,0.4068644151049323,fearful,06,01,01,male,strong,43
100,3.336666666666667,True,1.0,0.5556683012629852,0.5525389715583888,0.554103636410687,0.8518303346163826,-0.05111111111111105,-0.0471759259259259,0.38585313891444906,0.24966266749294425,0.16944489470319554,0.6504859170813925,0.0031293297045963397,0.003935185185185153,0.019057908801294852,0.3701267897026754,0.12041352113875595,0.11356637803728636,0.0,0.9999999987499999,0.5984034433382729,0.2865699470402469,0.29701800498918784,0.36368852013720415,fearful,06,01,01,male,strong,43
110,3.6703333333333332,True,1.0,0.5560980897284266,0.5523832876093121,0.5542406886688693,0.8144999749197274,-0.04999999999999999,-0.047453703703703665,0.3841610497411877,0.2369330563172072,0.16600945204572945,0.6804674103562646,0.0037148021191144576,0.0025462962962963243,0.021686361400981076,0.3890410911073126,0.1193068092891446,0.11506012100520754,0.0,0.9999999987499999,0.6082706768957583,0.2868786874122269,0.29263495164107073,0.36802682832290795,fearful,06,01,01,male,strong,43
0,0.0,True,1.0,0.315232943070718,0.3230914074121367,0.3191621752414273,0.7493326081105703,-0.04124999999999995,-0.039351851851851805,0.4091882551347942,0.046795531813037645,0.18544999298171572,0.4259285820300673,0.007858464341418736,0.0018981481481481488,0.027100296499541463,0.4374331065492122,0.1271648606100983,0.10755822631900605,0.0,0.9332138928725204,0.5909007782722465,0.2774738359906721,0.3226936473904547,0.36290648893804167,disgust,07,01,01,male,normal,44
10,0.33366666666666667,True,1.0,0.29518976761837795,0.2728671512330874,0.2840284594257327,0.4954324117636874,-0.04592592592592598,-0.04249999999999993,0.40109762975979635,-0.027520663624771364,0.18698557924659687,0.5732940612718921,0.02232261638529054,0.0034259259259260544,0.037090017020628745,0.596270643933895,0.1202535000640863,0.11423723499320769,0.0,0.9999999987499999,0.6159170390265482,0.27894193728464334,0.2744744535084479,0.3421903126810529,disgust,07,01,01,male,normal,44
20,0.6673333333333333,True,1.0,0.31178948045761773,0.29106605011101466,0.3014277652843162,0.5465487913655199,-0.04324074074074069,-0.04055555555555562,0.4049278496849314,0.03415929946034493,0.18634708557960422,0.5515111734694659,0.020723430346603067,0.0026851851851850683,0.02668912515585469,0.5647178499038267,0.121778082054869,0.11227172828760973,0.0,0.9999999987499999,0.6050928163140257,0.27707985096261717,0.2841213148444237,0.33556174227669733,disgust,07,01,01,male,normal,44
30,1.0010000000000001,True,1.0,0.18491136950123888,0.1835593364912186,0.18423535299622873,0.8457437064135915,-0.04027777777777786,-0.03888888888888892,0.4176280135578351,0.019815231258335193,0.1841090172164026,0.21783827842773526,0.0013520330100202649,0.0013888888888889395,0.015055080327145781,0.3916005970180907,0.12202758644881623,0.11217046997600007,0.0,0.9999999987499999,0.5975226633309574,0.2816324142380585,0.32182160604607013,0.37664907288864985,disgust,07,01,01,male,normal,44
40,1.3346666666666667,True,1.0,0.17819446986769966,0.18003482458148826,0.17911464722459397,0.7876353601231495,-0.04287037037037039,-0.04189814814814807,0.42876277661485634,0.03872135149082318,0.18126515292262457,0.2274080828425336,0.0018403547137886,0.0009722222222223187,0.01188322407146703,0.41084526015105555,0.12252965724604505,0.1124719921671532,0.0,0.9999999987499999,0.5936187237707583,0.2786706286184848,0.324647281609776,0.3734716863530562,disgust,07,01,01,male,normal,44
50,1.6683333333333334,True,1.0,0.2221532478567886,0.2380673528299958,0.2301103003433922,0.8486249014137756,-0.0350462962962963,-0.034490740740740766,0.40363878951533577,0.18084679841457968,0.18194486376946223,0.27115666763965746,0.015914104973207194,0.0005555555555555314,0.019488257140788022,0.4178454782387358,0.12177054095211536,0.11194002725797365,0.0,0.9999999987499999,0.5893983635954383,0.2775724999143265,0.3303896583574631,0.37312655010085477,disgust,07,01,01,male,normal,44
60,2.0020000000000002,True,1.0,0.2343740368893008,0.2517619880372856,0.2430680124632932,0.8827604076231702,-0.0380092592592593,-0.03814814814814815,0.4100829799235378,0.12894160141783884,0.18752603985846872,0.27534992548856274,0.017387951147984804,0.0001388888888888551,0.015143903007243874,0.38547910469635505,0.11584232559868901,0.1167662552491079,0.0,0.9999999987499999,0.604525003579557,0.3144451023712113,0.2898959433376751,0.39499321398260706,disgust,07,01,01,male,normal,44
70,2.3356666666666666,True,1.0,0.37104974858883455,0.36864865500530947,0.36984920179707204,0.7107514697998357,-0.04240740740740745,-0.041064814814814776,0.3750645378322853,0.15229385199600998,0.1890669289046729,0.520363611630983,0.0024010935835250824,0.001342592592592673,0.02706543884493155,0.45505554180545416,0.12033184342119833,0.11230384753902359,0.0,0.9999999987499999,0.5975326367421969,0.27598081996950874,0.29443948181078816,0.33991335278828355,disgust,07,01,01,male,normal,44
80,2.6693333333333333,True,1.0,0.3321979498535186,0.3173208241766448,0.32475938701508167,0.6767790511921483,-0.04222222222222222,-0.040370370370370334,0.3559462635347259,0.14601540235318172,0.18820093072565577,0.4798602829727324,0.01487712567687377,0.0018518518518518823,0.025904607217300875,0.48611253061259435,0.11473804426646449,0.11655107199155562,0.0,0.9999999987499999,0.6129315203659589,0.3111171010426233,0.27476373696258843,0.3786533935073455,disgust,07,01,01,male,normal,44
90,3.003,True,1.0,0.39872410488719806,0.3948478093088888,0.39678595709804343,0.7475799883130726,-0.044861111111111074,-0.041527777777777886,0.37259985849960403,0.161203527198408,0.1826426484301614,0.5307605384052587,0.0038762955783092634,0.0033333333333331883,0.025778901039646064,0.44107087499316866,0.1161502967873248,0.11645991293791855,0.0,0.9999999987499999,0.6341305766681673,0.3067195079218063,0.2907911855611696,0.39586890160249993,disgust,07,01,01,male,normal,44
100,3.336666666666667,True,1.0,0.45155850165390526,0.4435513122794745,0.44755490696668987,0.7440254302325788,-0.04143518518518513,-0.03972222222222227,0.38288750777321334,0.17165800807686935,0.17986280783332048,0.6015317337026859,0.00800718937443079,0.0017129629629628607,0.025060435213091703,0.4393739123350594,0.12479864057053897,0.11029493702819675,0.0,0.9999999987499999,0.595353594984869,0.27571438659009323,0.3011806086536503,0.353810734622465,disgust,07,01,01,male,normal,44
110,3.6703333333333332,True,1.0,0.4882992986927949,0.5078375694331059,0.4980684340629504,0.741218017432843,-0.04569444444444454,-0.04263888888888889,0.38299806801539465,0.15664954594241468,0.18125000000000002,0.6719594267122321,0.019538270740310948,0.0030555555555556446,0.029252809229625133,0.43906590305790566,0.12324319607683655,0.10979725463230737,0.0,0.9999999987499999,0.5935573385369773,0.2769391564045925,0.3054571109523436,0.35098973499997266,disgust,07,01,01,male,normal,44
0,0.0,True,1.0,0.36218028495176763,0.35330159393084576,0.3577409394413067,0.8406105273814456,-0.04032407407407418,-0.03935185185185197,0.3968123781813946,0.15846901779015884,0.18065060453086212,0.4255727566911303,0.00887869102092187,0.0009722222222222077,0.0004765846418240631,0.3886638848291476,0.12233001616464566,0.11012390230440379,0.0,0.9999999987499999,0.5960585272546518,0.27872147654050133,0.30797337630855304,0.3685841951574596,disgust,07,01,01,male,normal,45
10,0.33366666666666667,True,1.0,0.4416174660287402,0.4281520302575374,0.4348847481431388,0.771022834489077,-0.04162037037037036,-0.040601851851851944,0.41067280639893733,0.09468240451632369,0.18197840664028841,0.5640361461295992,0.013465435771202794,0.0010185185185184187,0.008534924695039485,0.41593597458053555,0.12387413316109636,0.1103007219860061,0.0,0.746248013992894,0.5973110391031413,0.2805704092582728,0.3090066971309248,0.3664582017207892,disgust,07,01,01,male,normal,45
20,0.6673333333333333,True,1.0,0.31601022072922585,0.31582817573692573,0.3159191982330758,0.6082066068641626,-0.041435185185185186,-0.040787037037037066,0.4004209080068401,0.05521935953497996,0.1813324839254194,0.5194274357884991,0.00018204499230012328,0.0006481481481481199,0.026598284887321542,0.523154194633837,0.12416913639775044,0.11083138292507722,0.0,0.9999999987499999,0.5959658123171144,0.2797666795062063,0.2971397862829391,0.3441635221038886,disgust,07,01,01,male,normal,45
30,1.0010000000000001,True,1.0,0.1801059266915444,0.21050050570040751,0.19530321619597596,0.8108826774136785,-0.037314814814814856,-0.03680555555555565,0.4422688438062553,0.0,0.17153889718267493,0.24085261855500265,0.03039457900886311,0.0005092592592592093,0.017287602677255643,0.40039485897851945,0.12026854824496203,0.11355223753514278,0.0,0.9999999987499999,0.5999779377297794,0.28422591528681146,0.3197463727291318,0.37596799238097417,disgust,07,01,01,male,normal,45
40,1.3346666666666667,True,1.0,0.16002017121675446,0.21466089347216272,0.18734053234445858,0.8475204830751107,-0.03462962962962968,-0.03541666666666665,0.4047619064908037,0.048609627685635336,0.17430730635602565,0.22104543322035047,0.05464072225540825,0.000787037037036975,0.010645449067249025,0.41994754511556015,0.11352758638417836,0.11773044769395459,0.0,0.9999999987499999,0.6110805268513655,0.31831839677368917,0.29039269955099983,0.4012380752456914,disgust,07,01,01,male,normal,45
50,1.6683333333333334,True,1.0,0.1575487086364114,0.1929971722286575,0.17527294043253444,0.8577484461848995,-0.034583333333333355,-0.03416666666666662,0.40626875119974687,0.14059059184432632,0.17847906182851891,0.20434072624918745,0.0354484635922461,0.0004166666666667318,0.016410426080775538,0.41779219724111444,0.11297011273309147,0.11858723670027742,0.0,0.9999999987499999,0.588520520903674,0.32496048232526137,0.2917308559729638,0.39748782844043007,disgust,07,01,01,male,normal,45
60,2.0020000000000002,True,1.0,0.247013860126495,0.24680642763974883,0.24691014388312194,0.9466363944314125,-0.03337962962962954,-0.03407407407407409,0.3996786585326537,0.1182284673366269,0.18208025521939505,0.2608289152366955,0.00020743248674617853,0.000694444444444553,0.018893064696145108,0.36290869073962173,0.11889328664844315,0.11548736977818974,0.0,0.9999999987499999,0.568408591178659,0.2803470039243604,0.2993785711612256,0.360036816404669,disgust,07,01,01,male,normal,45
70,2.3356666666666666,True,1.0,0.3260075687941245,0.3303528290524046,0.32818019892326455,0.7902693397672942,-0.03763888888888883,-0.036527777777777826,0.3812962987864439,0.13890833746513712,0.18685496707656818,0.4152763904770768,0.0043452602582800814,0.0011111111111110072,0.03229135832798792,0.4330837268148287,0.11626120160438998,0.11651283068587599,0.0,0.9999999987499999,0.6037243314591462,0.31673091246779234,0.27610950342170376,0.3848200777202933,disgust,07,01,01,male,normal,45
80,2.6693333333333333,True,1.0,0.36764858295659225,0.419508198905342,0.39357839093096714,0.6667992846534897,-0.04013888888888889,-0.03828703703703701,0.35655696796160363,0.10846522890932889,0.18404809099924874,0.5902501697126068,0.05185961594874977,0.0018518518518518823,0.026116084393012773,0.4720203800299188,0.125014676008723,0.10987675212422077,0.0,0.9999999987499999,0.588475904064751,0.27405380453538725,0.3040107498996344,0.34411390693376603,disgust,07,01,01,male,normal,45
90,3.003,True,1.0,0.39425774929047935,0.4340560157993555,0.41415688254491745,0.7147343141023312,-0.04532407407407402,-0.041527777777777775,0.37760117390326786,0.13848883687864735,0.17990352436566084,0.5794557143448146,0.039798266508876134,0.003796296296296242,0.026470455037224765,0.4417810577859078,0.11451929907609099,0.11611152196887144,0.0,0.9999999987499999,0.6375259419392758,0.30607757975610733,0.2893135553627815,0.3975926072785386,disgust,07,01,01,male,normal,45
100,3.336666666666667,True,1.0,0.5013699196168571,0.49867105431666714,0.5000204869667622,0.7586552682698592,-0.04481481481481481,-0.04101851851851851,0.37044298466138925,0.14586111226457818,0.17921818428722594,0.6590878728188061,0.002698865300189923,0.0037962962962962976,0.034074797685296816,0.4074700147954065,0.11539969370180238,0.11556675120205004,0.0,0.9999999987499999,0.6375116592652686,0.3072131729646943,0.28682102776478813,0.3987463722836859,disgust,07,01,01,male,normal,45
110,3.6703333333333332,True,1.0,0.49637912324245154,0.5216062017770642,0.5089926625097578,0.7816272618522125,-0.044861111111111185,-0.0402777777777778,0.372224122200809,0.15185132047305874,0.18131060409212146,0.6511961485370971,0.025227078534612646,0.004583333333333384,0.032961202739722216,0.42080555559210153,0.1149978910885942,0.11596658283684601,0.0,0.9999999987499999,0.6329754456157464,0.3089063545009526,0.28371534834123185,0.39668732666110346,disgust,07,01,01,male,normal,45
0,0.0,True,1.0,0.4301703117675173,0.45364506646983005,0.4419076891186737,0.7224178561457223,-0.04500000000000004,-0.04115740740740742,0.38283196782375994,0.10113210029715863,0.185457809398365,0.6117064872625939,0.02347475470231275,0.0038425925925926196,0.03400892148181027,0.46295187337717264,0.11512408108775417,0.11666074310207507,0.0,0.9999999987499999,0.6298379319384004,0.30919939316411016,0.28341859990269136,0.389797466701272,disgust,07,01,01,male,normal,46
10,0.33366666666666667,True,1.0,0.4361303711769737,0.4528903649730694,0.44451036807502153,0.6881485745385053,-0.04439814814814813,-0.04000000000000015,0.3808887826551088,0.06450949949924532,0.19102055594950887,0.6459511572382818,0.016759993796095718,0.0043981481481479845,0.023653945583901347,0.4822389390661375,0.11708409651165633,0.11436078644791764,0.0,0.9999999987499999,0.6241771355339011,0.30797779418534876,0.29028793145768983,0.39300369679551006,disgust,07,01,01,male,normal,46
20,0.6673333333333333,True,1.0,0.3459401148060018,0.3245073147383217,0.33522371477216173,0.6940180185077899,-0.04185185185185197,-0.03787037037037044,0.3899144018927152,0.06244581706827175,0.19105050873278595,0.483018748551986,0.021432800067680113,0.00398148148148153,0.03305762007759172,0.48733338819326893,0.11816181481688263,0.11541322268359022,0.0,0.9573279699444145,0.616495560888418,0.30889635814868227,0.2883583300970694,0.3881940258795538,disgust,07,01,01,male,normal,46
30,1.0010000000000001,True,1.0,0.4196700986809019,0.43688493710180165,0.42827751789135177,0.7389265419851919,-0.0446759259259259,-0.041157407407407365,0.38250685947156365,0.09236041416873719,0.1882272789446145,0.5795941728398957,0.01721483842089977,0.003518518518518532,0.030142334082179086,0.45794848571143276,0.11688122332113748,0.11654656639330552,0.0,0.9999999987499999,0.6243357682057198,0.3073767425091765,0.2859451399129998,0.387029943246418,disgust,07,01,01,male,normal,46
40,1.3346666666666667,True,1.0,0.3870264821280675,0.3859852865829119,0.3865058843554897,0.715192089726956,-0.044537037037036986,-0.04208333333333336,0.3792319755859768,0.10725166881543341,0.1854170781391736,0.5404224821656638,0.001041195545155582,0.0024537037037036247,0.019186780856643552,0.4516599679594476,0.12659030960357245,0.10788122840400384,0.0,0.9999999987499999,0.5970873977950555,0.27409689466653847,0.3065894303268182,0.348605836699575,disgust,07,01,01,male,normal,46
50,1.6683333333333334,True,1.0,0.36407192866110105,0.3535002933969901,0.35878611102904556,0.8530258164803245,-0.04101851851851851,-0.03773148148148153,0.38631174846375393,0.156381194285269,0.18195492727998097,0.4206040474946413,0.010571635264110979,0.0032870370370369772,0.022103112918734836,0.3951410516269799,0.12368056444582623,0.11103368839203585,0.0,0.9999999987499999,0.5964489351209233,0.2787417348960821,0.3071857714415109,0.34934333191518946,disgust,07,01,01,male,normal,46
60,2.0020000000000002,True,1.0,0.2960251968816203,0.289417647756596,0.29272142231910814,0.6882581620964748,-0.03800925925925924,-0.036481481481481504,0.3716090744743788,0.14957661378207793,0.18473254743001213,0.42530759305122,0.006607549125024315,0.001527777777777739,0.024136548990832497,0.46058833939914895,0.12162920514701853,0.11192348660665603,0.0,0.9999999987499999,0.6058952723198655,0.2803857533285005,0.29092610392479623,0.336114978165215,disgust,07,01,01,male,normal,46
70,2.3356666666666666,True,1.0,0.24015203741724653,0.2837279726591852,0.26194000503821585,0.8180789769269923,-0.03500000000000003,-0.034074074074074145,0.3954426705063223,0.1761776089034866,0.181948218334814,0.3201891411782265,0.043575935241938674,0.0009259259259258856,0.02534434857892633,0.4128141783753675,0.12313634433036247,0.11078033646277437,0.0,0.9999999987499999,0.6106384675041892,0.2826300428310315,0.3063645426288871,0.3531558940845296,disgust,07,01,01,male,normal,46
80,2.6693333333333333,True,1.0,0.24641121879607567,0.25030818612438943,0.24835970246023253,0.70662489581218,-0.036944444444444446,-0.037777777777777743,0.36510917361883694,0.11272700359057862,0.1826426484301613,0.35147318461624966,0.0038969673283137662,0.0008333333333332971,0.022878162939967327,0.42731888161176484,0.12194514955500904,0.11293689600539472,0.0,0.9999999987499999,0.5957429488436,0.2791092425201552,0.3145260373441543,0.3487801253070478,disgust,07,01,01,male,normal,46
90,3.003,True,1.0,0.16786655679516588,0.20068558119773022,0.18427606899644805,0.5563842464861462,-0.04685185185185187,-0.047546296296296364,0.4061093612511235,0.020347862700641213,0.1854232501172056,0.33120288750130256,0.032819024402564345,0.0006944444444444975,0.016921030718068764,0.5436780710881414,0.12414238681100727,0.11086134435260311,0.0,0.9999999987499999,0.5946180021149085,0.2793688495996806,0.3145200426081402,0.34941697539703953,disgust,07,01,01,male,normal,46
100,3.336666666666667,True,1.0,0.3156889718745148,0.319217925542181,0.3174534487083479,0.7020959873907586,-0.0445370370370371,-0.042638888888889004,0.3941118567001272,0.07722567183055362,0.18611152104827625,0.4521510653950882,0.0035289536676662014,0.0018981481481480933,0.02690130745964516,0.46510663720319634,0.1247108409017716,0.10970170551717962,0.0,0.9999999987499999,0.5934044324057748,0.2802973042461985,0.3103721709444631,0.3501145400886193,disgust,07,01,01,male,normal,46
110,3.6703333333333332,True,1.0,0.27640905085002676,0.28941764775659673,0.28291334930331175,0.6777405639742038,-0.052361111111111136,-0.049537037037037046,0.3856318074599225,0.05045559004875995,0.18680596396879406,0.4174360578985206,0.01300859690656997,0.00282407407407409,0.031321029796218744,0.46855684350821253,0.12360761543313932,0.11025425002636287,0.0,0.9999999987499999,0.6042984795793318,0.28235317821744643,0.2888182042388849,0.3357480293605923,disgust,07,01,01,male,normal,46
0,0.0,True,1.0,0.5027808877738988,0.48472576209302687,0.49375332493346286,0.693115670828203,-0.04504629629629642,-0.04055555555555557,0.38206128145827034,0.07941950394906569,0.1840692309509921,0.7123678567871329,0.018055125680871975,0.004490740740740851,0.01723028474372926,0.46874999999999933,0.12731125406035826,0.10756217904057694,0.0,0.8893122085160984,0.6000768545230591,0.2767083678261904,0.30121020954170025,0.350719258053155,disgust,07,01,01,male,normal,47
10,0.33366666666666667,True,1.0,0.4308282167304292,0.44458974010539976,0.43770897841791445,0.693742114600844,-0.04486111111111113,-0.04175925925925933,0.3863441370149562,0.0794858262934917,0.18405430888416377,0.6309390322508495,0.013761523374970552,0.0031018518518518,0.018692720947240133,0.4574744262016093,0.1250121477731107,0.11005288152350545,0.0,0.7674865826808621,0.603381206107443,0.27723336215685584,0.30082648431657555,0.3535568710744767,disgust,07,01,01,male,normal,47
20,0.6673333333333333,True,1.0,0.3122317543728049,0.2844284618849345,0.29833010812886973,0.642240820615524,-0.036944444444444446,-0.03592592592592597,0.4140359710258666,0.02049557967620696,0.17990352436566096,0.4645143979527025,0.027803292487870446,0.0010185185185184742,0.01827743275510909,0.5044214280157713,0.12528746597309412,0.10939157553267134,0.0,0.7655189802780471,0.6017493760160315,0.2775106702361717,0.3073197872871906,0.3535881159639965,disgust,07,01,01,male,normal,47
30,1.0010000000000001,True,1.0,0.31354252113302933,0.3135350586735738,0.31353878990330153,0.8164892192332136,-0.03606481481481488,-0.035787037037037006,0.39261255636678966,0.13607491082263737,0.17918753095872791,0.38400848721279385,7.4624594555428025e-06,0.0002777777777778767,0.012190164667956747,0.41778166564782804,0.12435029129531976,0.1102831221655821,0.0,0.9999999987499999,0.6023232018901311,0.2772300292919083,0.31313591920755846,0.3564134582052062,disgust,07,01,01,male,normal,47
40,1.3346666666666667,True,1.0,0.3015036157675868,0.3005174472779166,0.3010105315227517,0.779797432957476,-0.03703703703703698,-0.03527777777777785,0.38676927041396425,0.15161905299366857,0.1778743110935235,0.386011185470479,0.0009861684896701473,0.0017592592592591272,0.021851724315831687,0.4306581811185676,0.12346344411355835,0.11127506435482121,0.0,0.9999999987499999,0.6029206945903363,0.2777463459394453,0.30520701049376014,0.3563341799896758,disgust,07,01,01,male,normal,47
50,1.6683333333333334,True,1.0,0.28430524423597464,0.29611644430281975,0.2902108442693972,0.8065309905920656,-0.03796296296296292,-0.0352777777777778,0.3899554131507872,0.14399433753401203,0.18058259679984479,0.35982602981734974,0.011811200066845107,0.002685185185185124,0.023860176631019716,0.41521628351231804,0.12681614641098576,0.10814547045446046,0.0,0.7076964655234044,0.6010578626606892,0.2776579162558922,0.31035746530600083,0.3549002984549245,disgust,07,01,01,male,normal,47
60,2.0020000000000002,True,1.0,0.40905742138143614,0.40952543908359496,0.4092914302325156,0.8265381123931911,-0.04069444444444442,-0.03759259259259268,0.3744796471722225,0.14756631713965662,0.1798649287135741,0.4951876073172682,0.00046801770215881833,0.0031018518518517446,0.021394842374934393,0.3832862958553079,0.12531884135372956,0.10952971230111573,0.0,0.9999999987499999,0.6022822350111919,0.27856162858826,0.30581510422798786,0.35299767759904044,disgust,07,01,01,male,normal,47
70,2.3356666666666666,True,1.0,0.3302240622381972,0.32432923071079117,0.32727664647449417,0.7024778533939875,-0.04138888888888892,-0.03828703703703712,0.3546815054475118,0.18731279433126208,0.18403150894573134,0.4658889171996996,0.0058948315274060525,0.0031018518518518,0.02774221536207309,0.47703747405159863,0.12530027294862559,0.10972472566193012,0.0,0.9999999987499999,0.5999316966786715,0.27875167457492683,0.3029579475661384,0.34293742050439696,disgust,07,01,01,male,normal,47
80,2.6693333333333333,True,1.0,0.32158913459161165,0.29592225766661684,0.30875569612911424,0.7104875270445646,-0.040648148148148155,-0.03902777777777777,0.3652117810928606,0.11334320441704751,0.1840277777777778,0.434568777601845,0.025666876924994808,0.0016203703703703831,0.023092771463268394,0.4591131699621158,0.12665690319891665,0.10833192808394113,0.0,0.7071067807446058,0.5982711301239246,0.2786258705687358,0.3069207137650784,0.34642375381194707,disgust,07,01,01,male,normal,47
90,3.003,True,1.0,0.2677456041018857,0.27131668244349333,0.2695311432726895,0.7491099360333894,-0.050277777777777755,-0.04777777777777775,0.3789902811195743,0.12482129119707323,0.18125168372062783,0.35980185324984926,0.0035710783416076364,0.0025000000000000022,0.028002124789755757,0.44497251644847474,0.12638572645686702,0.1086481749424481,0.0,0.7651763756592768,0.5998573076652537,0.27839309308697535,0.30897175875285987,0.3531645321432825,disgust,07,01,01,male,normal,47
100,3.336666666666667,True,1.0,0.4225060621549871,0.44440390389228746,0.4334549830236373,0.6732888712431393,-0.04500000000000004,-0.04231481481481486,0.3753845588745832,0.10244934278825793,0.18402819235573065,0.643787535390745,0.02189784173730036,0.0026851851851851793,0.02935068405249203,0.478844188198447,0.1254813499838838,0.10934349857802965,0.0,0.9188482846402152,0.6017297992790867,0.2770396545309401,0.30371173516079886,0.34681081875756725,disgust,07,01,01,male,normal,47
110,3.6703333333333332,True,1.0,0.39872410488719945,0.3790543057158376,0.3888892053015185,0.6958906644553522,-0.044583333333333364,-0.04069444444444448,0.3762308282314655,0.09422872419409932,0.1847288304216915,0.5588366465670116,0.019669799171361857,0.003888888888888886,0.023200277193070936,0.47056589816641675,0.11698969700926092,0.11545176313865818,0.0,0.9999999987499999,0.6436891905668518,0.30623888679136485,0.287218526283429,0.3988355922907931,disgust,07,01,01,male,normal,47
0,0.0,True,1.0,0.5484984280675915,0.5349462246146909,0.5417223263411413,0.7499951250505769,-0.051435185185185084,-0.04736111111111119,0.35926355207017024,0.122375634645055,0.1939959533898597,0.722301130030158,0.013552203452900646,0.004074074074073897,0.0037047303932463927,0.44790344898656753,0.11390999050177801,0.11865208311960912,0.0,0.9999999987499999,0.6072337151501226,0.31376080470298234,0.2791346404863632,0.37640430128480007,disgust,07,01,01,male,strong,48
10,0.33366666666666667,True,1.0,0.3670533183544146,0.3713051908280447,0.3691792545912297,0.8017873630337189,-0.05884259259259256,-0.05652777777777768,0.36031522326169557,0.2336443282603659,0.16659035525105775,0.4604453395154146,0.0042518724736300695,0.0023148148148148806,0.04158674579890057,0.38806188899433064,0.10676200533721829,0.120941599113848,0.0,0.9999999987499999,0.6488748710343513,0.30636124313481344,0.2736581787473025,0.3796944959587474,disgust,07,01,01,male,strong,48
20,0.6673333333333333,True,1.0,0.5265171150522303,0.5061697639468741,0.5163434394995522,0.588597628703576,-0.04560185185185184,-0.04874999999999996,0.3628010393219337,0.12408712638607598,0.17208112727405114,0.8772434925312759,0.020347351105356237,0.003148148148148122,0.05765493329682263,0.4767992206223704,0.12004933513786857,0.11328053511560596,0.0,0.9999999987499999,0.591446640187325,0.2795989188316227,0.276064215089813,0.32819993754037263,disgust,07,01,01,male,strong,48
30,1.0010000000000001,True,1.0,0.19088281052193765,0.19585280336439187,0.19336780694316474,0.8147612272927309,-0.05421296296296291,-0.05384259259259255,0.4129521951308784,0.09189466931140376,0.18410901721640266,0.23733064420073433,0.004969992842454224,0.00037037037037035425,0.025095334112806914,0.37298834100876815,0.10859744685349972,0.11977438190176908,0.0,0.9999999987499999,0.6228281190679397,0.31324097165668524,0.28204111840970153,0.39298782370439694,disgust,07,01,01,male,strong,48
40,1.3346666666666667,True,1.0,0.1316872427983533,0.1521324662248877,0.14190985451162053,0.7587601602984544,-0.03712962962962968,-0.03541666666666665,0.46558579681316026,-0.030593908661263772,0.18752603985846872,0.18702860526546494,0.020445223426534403,0.0017129629629630272,0.00824011817468897,0.44570693262446914,0.11872966691675568,0.11582018964849405,0.0,0.9999999987499999,0.5366785250037515,0.2943075109765238,0.302327524957797,0.35310193727807865,disgust,07,01,01,male,strong,48
50,1.6683333333333334,True,1.0,0.12929292929292882,0.10400799592204134,0.11665046260748507,0.7804151319323682,-0.03962962962962957,-0.03837962962962965,0.39892430684035873,0.07802519248127555,0.1972237695863106,0.14947232291440776,0.025284933370887483,0.0012499999999999178,0.02506588723800617,0.42080395092952655,0.11876080540764603,0.11611687702669977,0.0,0.9999999987499999,0.5134770108277685,0.2926392449722516,0.3035509767447892,0.34920926026642857,disgust,07,01,01,male,strong,48
60,2.0020000000000002,True,1.0,0.23231307921354788,0.23917650279498023,0.23574479100426404,0.8457617721112279,-0.030046296296296293,-0.029490740740740762,0.4189174450877994,-0.013424254957482135,0.19652933060954056,0.2787366357500262,0.006863423581432354,0.0005555555555555314,0.00669280087285144,0.3852234784674817,0.12234828713305354,0.11113697420360306,0.0,0.8237436311386934,0.46911212960965637,0.29883644427943723,0.28052812377333775,0.32892299369317574,disgust,07,01,01,male,strong,48
70,2.3356666666666666,True,1.0,0.2030819568851278,0.23806735282999444,0.22057465485756111,0.5240503878972333,-0.036712962962963,-0.03560185185185183,0.40155990053931734,-0.04956660635041047,0.19248957256034352,0.42090352369096223,0.03498539594486663,0.0011111111111111738,0.008683997972778483,0.5983545881923689,0.11566311919176767,0.11414060853089009,0.0,0.9999999987499999,0.5258322742221889,0.28997425797153376,0.2835262642500039,0.31769016070454253,disgust,07,01,01,male,strong,48
80,2.6693333333333333,True,1.0,0.17849164644725501,0.18535237103834368,0.18192200874279935,0.6605673139751682,-0.031157407407407467,-0.02935185185185174,0.3900606742584157,-0.007339063480007206,0.18750040690060016,0.27540268023258274,0.006860724591088663,0.0018055555555557268,0.017305948203849012,0.5004544870561332,0.12190815459223832,0.11280806653621037,0.0,0.9999999987499999,0.4802738694071379,0.2985062874397917,0.2804625671563614,0.3153562836780765,disgust,07,01,01,male,strong,48
90,3.003,True,1.0,0.22619786509306444,0.20902337244904826,0.21761061877105636,0.6441839021032711,-0.042870370370370336,-0.04273148148148154,0.30917953591408803,0.0,0.19723614806199735,0.3378082222491964,0.017174492644016187,0.00013888888888879958,0.012257018321113996,0.5213796454541331,0.12107009013206617,0.11167830557746088,0.0,0.9999999987499999,0.4760660734137406,0.3036991353828438,0.2672730246704551,0.3025373713722758,disgust,07,01,01,male,strong,48
100,3.336666666666667,True,1.0,0.31808014521108285,0.2894176477565985,0.3037488964838407,0.6399066750022109,-0.0377777777777778,-0.03990740740740739,0.3941065217012351,0.035547593786165656,0.20070812936930751,0.4746768682836309,0.028662497454484348,0.0021296296296295925,0.004701882206063583,0.47961807900641307,0.1058071850767883,0.11731549443693194,0.0,0.9999999987499999,0.5367322303452632,0.3393645552803964,0.2580753073522197,0.355362095115492,disgust,07,01,01,male,strong,48
110,3.6703333333333332,True,1.0,0.39871607660994335,0.4162684653339647,0.40749227097195406,0.670865179827325,-0.039675925925926,-0.03879629629629644,0.3986870115903377,0.0139763579130692,0.19862071431262093,0.6074130588754646,0.017552388724021373,0.0008796296296295636,0.008846503888925343,0.45750583739919676,0.11972039151163084,0.11346032968433922,0.0,0.9999999987499999,0.5760365243519282,0.27453807710699907,0.3039157088935883,0.33222418905005235,disgust,07,01,01,male,strong,48
120,4.0040000000000004,True,1.0,0.45752707909733303,0.4326943873224382,0.4451107332098856,0.7902042289624622,-0.040231481481481535,-0.04055555555555551,0.3841620058926718,0.10580957439325793,0.19935186884018483,0.5632856885546105,0.024832691774894833,0.0003240740740739767,0.001910865648038871,0.40170466259912996,0.11188494640982628,0.11687245500120874,0.0,0.9999999987499999,0.5988587520398784,0.3155546557115642,0.2844603294153659,0.38173867836771574,disgust,07,01,01,male,strong,48
0,0.0,True,1.0,0.22036235671789026,0.2438606011905563,0.2321114789542233,0.6153379418394646,-0.043333333333333335,-0.040416666666666656,0.44066297854525,0.02508939783552899,0.19374999999999998,0.37720976259055194,0.023498244472666047,0.0029166666666666785,0.02830583961652116,0.5564481260417259,0.11651787392829424,0.11707267617255218,0.0,0.9556895568545511,0.617270602623862,0.3114915646173887,0.29331500111290504,0.3809829780001389,disgust,07,01,01,male,strong,49
10,0.33366666666666667,True,1.0,0.346551473564024,0.41024196733711205,0.37839672045056805,0.7590944955728732,-0.04069444444444453,-0.038564814814814774,0.4071583246845745,0.09484376010640976,0.19375157509440405,0.49848434240719885,0.06369049377308805,0.002129629629629759,0.023638112446608503,0.45741023774448275,0.11779651633846955,0.11545648225149584,0.0,0.9999999987499999,0.5897425431735194,0.28113905226949293,0.3241642433101108,0.37083465100264096,disgust,07,01,01,male,strong,49
20,0.6673333333333333,True,1.0,0.3913077728452952,0.3922465298975636,0.39177715137142943,0.6611160268884935,-0.03888888888888886,-0.039305555555555594,0.35236077979059793,0.1572816777337849,0.19111638833184727,0.5925996881595916,0.0009387570522683686,0.0004166666666667318,0.02057443027955328,0.4473381576211259,0.1206153334187972,0.113687675379272,0.0,0.9999999987499999,0.5919613301492472,0.2808217123308003,0.3252285296693124,0.3526920721305778,disgust,07,01,01,male,strong,49
30,1.0010000000000001,True,1.0,0.2521454993959616,0.23426021530601712,0.24320285735098934,0.8759757130353529,-0.037129629629629735,-0.03662037037037036,0.3905974464305931,0.14357816033903664,0.19032628786065,0.27763653002235017,0.01788528408994447,0.0005092592592593759,0.02564033485938094,0.41779219724111427,0.10911314441297264,0.12010058067006667,0.0,0.9999999987499999,0.6096700500121923,0.3220869668118237,0.2930778113224398,0.40939394559762154,disgust,07,01,01,male,strong,49
40,1.3346666666666667,True,1.0,0.2434695311095729,0.2491326014082433,0.2463010662589081,0.8518451027494593,-0.03375,-0.031990740740740764,0.4132397819955112,0.06867175420889281,0.1909758177139437,0.2891383251062124,0.005663070298670414,0.0017592592592592382,0.031938552388483483,0.41097131665516945,0.12042018865560622,0.113894356106373,0.0,0.9999999987499999,0.5853299774519183,0.2796763322646482,0.3183154416691098,0.3593057822565821,disgust,07,01,01,male,strong,49
50,1.6683333333333334,True,1.0,0.2705617217672601,0.27886710239651447,0.2747144120818873,0.8135162729911524,-0.035740740740740684,-0.03379629629629616,0.3518978345137407,0.1753683210711922,0.19377519997409368,0.33768766674059514,0.008305380629254344,0.0019444444444445264,0.035230207732619825,0.4316947175265413,0.12429736999808393,0.11068754982472728,0.0,0.9999999987499999,0.5835570300698405,0.27812788443888814,0.31955429148223863,0.35380345105191513,disgust,07,01,01,male,strong,49
60,2.0020000000000002,True,1.0,0.255584013523476,0.2611971864877777,0.25839060000562686,0.8576143996115819,-0.034074074074074145,-0.034305555555555534,0.3652604796788404,0.17608171488513163,0.19106208921678966,0.3012899504983281,0.005613172964301694,0.00023148148148138814,0.0310370773812827,0.40328852152768363,0.11915201834368913,0.11355484682717401,0.0,0.9999999987499999,0.5830285650744672,0.27796961428075545,0.3138703094759101,0.3545034467886263,disgust,07,01,01,male,strong,49
70,2.3356666666666666,True,1.0,0.3706952964436387,0.39420813105002533,0.382451713746832,0.899406962510787,-0.03925925925925927,-0.039259259259259216,0.3814321553227917,0.1813022047571549,0.191842128769665,0.42522654336495097,0.023512834606386646,5.551115123125783e-17,0.03164789933961459,0.3642741335867523,0.11871102579542357,0.11534483364126519,0.0,0.9999999987499999,0.5917991778351965,0.28134341441165545,0.31545986847647317,0.35874987747762405,disgust,07,01,01,male,strong,49
80,2.6693333333333333,True,1.0,0.4237125398383182,0.4520036487430154,0.4378580942906668,0.8218627594253218,-0.042314814814814805,-0.041805555555555596,0.3226990426111027,0.17973312022586052,0.19321356755444022,0.5327630304076973,0.028291108904697215,0.0005092592592592093,0.029792268646059956,0.35697680691593714,0.12282832760096406,0.1124850023802942,0.0,0.9999999987499999,0.5935754444121397,0.27941309767438116,0.31011046748937,0.34731401764528635,disgust,07,01,01,male,strong,49
90,3.003,True,1.0,0.47038872985598723,0.46873752387163564,0.4695631268638114,0.9121494000350663,-0.04388888888888881,-0.04240740740740734,0.3556716747989118,0.24735130789210105,0.19245032954841063,0.5147875192876953,0.0016512059843515892,0.0014814814814814725,0.03465823740928903,0.33752296173345575,0.11030384901704537,0.11868732349235317,0.0,0.9999999987499999,0.6275981246014031,0.3101547551331902,0.29289427153991,0.3862724834891073,disgust,07,01,01,male,strong,49
100,3.336666666666667,True,1.0,0.4842498004760318,0.491598015795412,0.4879239081357219,1.0174735684040137,-0.04606481481481478,-0.04476851851851854,0.3729308451963784,0.25797775105623644,0.19111638833184727,0.47954455357603876,0.007348215319380236,0.0012962962962962399,0.025537235213427257,0.3288743993378513,0.11128969674232206,0.11824776999154436,0.0,0.9999999987499999,0.6291925696919394,0.30975711887309415,0.29750347807387073,0.3962819883382124,disgust,07,01,01,male,strong,49
110,3.6703333333333332,True,1.0,0.43903173102661947,0.44899622287344354,0.44401397695003153,0.9684718661113677,-0.0427777777777778,-0.041157407407407476,0.3771864243861075,0.25664269219051494,0.18485599221902047,0.45846863753807066,0.009964491846824075,0.0016203703703703276,0.02635912924166035,0.36567097826067435,0.1119033476513389,0.11831309430178115,0.0,0.9999999987499999,0.6302140049535438,0.31122501185500245,0.2981356098943051,0.4048132737412995,disgust,07,01,01,male,strong,49
120,4.0040000000000004,True,1.0,0.4433587393629326,0.4350807533441265,0.43921974635352956,0.9418855856859238,-0.04342592592592587,-0.04129629629629633,0.3734307825899857,0.22067773673897173,0.184815128325867,0.4663196390606931,0.008277986018806083,0.002129629629629537,0.028935186432717558,0.3545505078042928,0.10994217400545499,0.11950167397663128,0.0,0.9999999987499999,0.6297118414318853,0.31089460658788126,0.2945059527660962,0.3992521610074591,disgust,07,01,01,male,strong,49
0,0.0,True,1.0,0.26778641389272534,0.29309732217892526,0.28044186803582527,0.7330721616004326,-0.035092592592592564,-0.03129629629629632,0.40592782124294846,-0.006901795716351054,0.19100457921116565,0.3825569742323438,0.025310908286199918,0.003796296296296242,0.05863637067285143,0.4443505813309016,0.11863856040147416,0.11689553373597074,0.0,0.9999999987499999,0.5978100570228091,0.32013857952259117,0.2846320287731348,0.3790509985068004,disgust,07,01,01,male,strong,50
10,0.33366666666666667,True,1.0,0.14956236960094932,0.1565836451127428,0.15307300735684606,0.5192612247633532,-0.032824074074074006,-0.029120370370370352,0.40781783957185225,-0.09813659616903447,0.18402819235573065,0.29478998249215926,0.00702127551179349,0.0037037037037036535,0.040278976184521795,0.6128526345738003,0.11842055685449313,0.11564302835876156,0.0,0.8643949967675362,0.578281886481155,0.2832771267605437,0.29853784357693336,0.34162701765874104,disgust,07,01,01,male,strong,50
20,0.6673333333333333,True,1.0,0.19959388957085494,0.1956223001963434,0.19760809488359918,0.5548666906802028,-0.03393518518518529,-0.03699074074074066,0.37087787896982954,-0.038532409075014,0.18685496707656818,0.35613616424037703,0.0039715893745115305,0.003055555555555367,0.0076308781236589995,0.5787919492903068,0.1159377564179281,0.1163444519817908,0.0,0.9999999987499999,0.5862507853922818,0.2820871275870007,0.3016142317906418,0.3484520914759738,disgust,07,01,01,male,strong,50
30,1.0010000000000001,True,1.0,0.20314713516710678,0.18526171309390477,0.19420442413050576,0.7290564162911934,-0.029490740740740706,-0.031851851851851964,0.41300202407179964,-0.04206094709372251,0.18474245908658,0.26637777240676297,0.017885422073202012,0.002361111111111258,0.010217172918437885,0.43439834607986555,0.11526689568350981,0.11635601333599657,0.0,0.9999999987499999,0.5804033514499549,0.2895312332264632,0.3045145318442276,0.3501299129049932,disgust,07,01,01,male,strong,50
40,1.3346666666666667,True,1.0,0.20202673940115323,0.23096516442761086,0.21649595191438203,0.6651106121299122,-0.03023148148148147,-0.026666666666666616,0.4192055035340131,-0.09006087828180416,0.18754922856350442,0.3255036800887717,0.02893842502645763,0.003564814814814854,0.05227764030638881,0.4574744262016085,0.11486861983304972,0.11836983878078722,0.0,0.7750929592784309,0.5450756349961858,0.2948633171537383,0.2808825670172633,0.33370384850217844,disgust,07,01,01,male,strong,50
50,1.6683333333333334,True,1.0,0.27742866148551226,0.2954867420612458,0.28645770177337904,0.5220121365284381,-0.0350462962962963,-0.03268518518518515,0.387066057821028,-0.07456353344497063,0.19583683957687853,0.5487567850020157,0.01805808057573355,0.002361111111111147,0.06304314019646592,0.6273555621454873,0.12203424257155555,0.11250243430401861,0.0,0.9999999987499999,0.563981096782463,0.29717526345646145,0.2883109542442868,0.3327148405627073,disgust,07,01,01,male,strong,50
60,2.0020000000000002,True,1.0,0.2768800465853606,0.3028855466939624,0.2898827966396615,0.7085083362303495,-0.03587962962962965,-0.03365740740740747,0.4162037149991152,-0.05438621042494471,0.1986299329492682,0.4091452165291321,0.02600550010860181,0.002222222222222181,0.06391384614605163,0.4385539905986103,0.11972001824520659,0.11512764769164763,0.0,0.9999999987499999,0.5706285621357917,0.29259134617613464,0.2993345749466794,0.3415327130872705,disgust,07,01,01,male,strong,50
70,2.3356666666666666,True,1.0,0.20672965103454988,0.21259504897737772,0.20966235000596378,0.6447207374903243,-0.04078703703703701,-0.037175925925925835,0.3862809503070332,-0.014622901181939223,0.20152560332726177,0.3251987066867231,0.005865397942827838,0.003611111111111176,0.054123706994130466,0.5227708669115918,0.11646146823356274,0.11647633698400275,0.0,0.9999999987499999,0.5776417547878527,0.2852641389586336,0.29854688507724814,0.34437546673021346,disgust,07,01,01,male,strong,50
80,2.6693333333333333,True,1.0,0.201309179406492,0.2011246134959471,0.20121689645121954,0.673336794637865,-0.03546296296296292,-0.035509259259259296,0.35632788738074517,0.03129390175439666,0.19551425247198922,0.2988354387486552,0.0001845659105449149,4.629629629637755e-05,0.04482430593266852,0.4668439012696066,0.12157647643270773,0.11316544706710972,0.0,0.9999999987499999,0.5700504715479943,0.27995466486691034,0.2919418519197145,0.3270267898193081,disgust,07,01,01,male,strong,50
90,3.003,True,1.0,0.18400154346419842,0.15235360009645085,0.16817757178032464,0.6458204084299853,-0.0531018518518519,-0.049629629629629635,0.3617490484760534,0.030728559956607338,0.19833601578466553,0.2604091936164899,0.031647943367747566,0.0034722222222222654,0.020547768144881226,0.5173456476225318,0.11195439503344945,0.11778051234963463,0.0,0.9999999987499999,0.5962852778376976,0.32106615797321447,0.27439290778841147,0.3689653679962552,disgust,07,01,01,male,strong,50
100,3.336666666666667,True,1.0,0.39853680539935227,0.3855274112933198,0.39203210834633606,0.7797231363987241,-0.042129629629629683,-0.04092592592592592,0.3750549952242047,0.08242732453779637,0.19665351742298964,0.5027837318730838,0.013009394106032468,0.0012037037037037623,0.012963941080380797,0.43924549638006316,0.10950152556331567,0.11926831858277463,0.0,0.9999999987499999,0.6006105182619923,0.31984588586296514,0.27779506197761117,0.3815216614094894,disgust,07,01,01,male,strong,50
110,3.6703333333333332,True,1.0,0.49105606129132834,0.47912397667738543,0.4850900189843569,0.7962823052874891,-0.04175925925925933,-0.04189814814814813,0.3697034903956289,0.11267511260191981,0.1923626975779445,0.6091935181320153,0.011932084613942906,0.00013888888888879958,0.004117680840482843,0.415608281030913,0.11546369365544691,0.1166517311062985,0.0,0.9999999987499999,0.6025953796596764,0.3177367231031736,0.284666727768166,0.3879203268014375,disgust,07,01,01,male,strong,50
0,0.0,True,1.0,0.30476906264898473,0.30247584041285525,0.30362245153092,0.7373400093898114,-0.036990740740740824,-0.03712962962962968,0.4043853639449144,0.05564516874294728,0.17708721081845544,0.4117807899535846,0.0022932222361294885,0.0001388888888888551,0.004524952936122126,0.4598389410966133,0.12241201580652222,0.11276909266504767,0.0,0.9999999987499999,0.5963575546312275,0.2794169216354891,0.31146596942005766,0.3615518315729602,disgust,07,01,01,male,strong,51
10,0.33366666666666667,True,1.0,0.20948164757085336,0.20864389203309708,0.20906276980197522,0.44188695829945485,-0.033009259259259294,-0.03388888888888891,0.4227542127585343,-0.013390513887862202,0.17848290899188046,0.4731136909007824,0.0008377555377562795,0.0008796296296296191,0.003159485675745981,0.7047516193960249,0.11879032121994355,0.11426711772289658,0.0,0.9999999987499999,0.5984198961381428,0.2767862874640303,0.32173504062928376,0.36227165427530583,disgust,07,01,01,male,strong,51
20,0.6673333333333333,True,1.0,0.20554773838462806,0.21167102320234532,0.20860938079348668,0.5570832745518597,-0.03657407407407404,-0.036018518518518616,0.3811004283977091,0.11290923822191754,0.17222931003000191,0.3744671404132542,0.006123284817717262,0.0005555555555554204,0.024223321435437522,0.508140243447133,0.12107513064745323,0.11436995479862426,0.0,0.9999999987499999,0.6059745110622374,0.28363377834358217,0.3174184152377128,0.36591897256120165,disgust,07,01,01,male,strong,51
30,1.0010000000000001,True,1.0,0.25728684081463665,0.2770188206824187,0.2671528307485277,0.6703572757319127,-0.034537037037037144,-0.03587962962962965,0.3507104471885563,0.13892422019671274,0.17994423168494725,0.3985230569129627,0.019731979867782024,0.0013425925925925064,0.015645375262307724,0.5032564738160341,0.11402706714459533,0.11870018816521445,0.0,0.9999999987499999,0.6012717082379826,0.289185412609248,0.29629500044365586,0.3487238856958443,disgust,07,01,01,male,strong,51
40,1.3346666666666667,True,1.0,0.38397258176390275,0.34864763770338,0.36631010973364136,0.7645120350102642,-0.038194444444444475,-0.038657407407407474,0.3793162997923225,0.12738768337659442,0.1890055825791123,0.479142371812006,0.03532494406052278,0.0004629629629629983,0.011488589543885808,0.4340449612317944,0.1182853345677261,0.11594577123355886,0.0,0.9999999987499999,0.5909849040319253,0.2863078561602152,0.2967857739759378,0.34518886651447134,disgust,07,01,01,male,strong,51
50,1.6683333333333334,True,1.0,0.2883983706663514,0.30203136886687343,0.2952148697666124,0.42849255443172785,-0.033009259259259294,-0.03425925925925927,0.3406976798331025,0.008567682668366433,0.19525184725676922,0.6889614923604216,0.01363299820052205,0.0012499999999999734,0.010221614797161303,0.7466083672666849,0.12253886650859373,0.1129690398496761,0.0,0.9999999987499999,0.5804659213451007,0.2824708863837962,0.3101497357726724,0.3477420458484978,disgust,07,01,01,male,strong,51
60,2.0020000000000002,True,1.0,0.15136800664373876,0.1708403591392741,0.1611041828915064,0.6802413492102518,-0.03518518518518521,-0.034212962962963,0.4029688437083384,0.014170721782372008,0.19725355397916716,0.23683385768675416,0.019472352495535333,0.0009722222222222077,0.007009608106590743,0.5043021028568392,0.11718072874446836,0.11754927007233575,0.0,0.9999999987499999,0.560212622814751,0.28931366000773784,0.30187994359710185,0.3448105457640112,disgust,07,01,01,male,strong,51
70,2.3356666666666666,True,1.0,0.25465878530133307,0.24710482426492897,0.25088180478313105,0.6102298350507179,-0.03152777777777793,-0.028888888888888853,0.44684113046763313,-0.07138942630521958,0.19296342464193014,0.41112674335609883,0.0075539610364041,0.0026388888888890794,0.004770681768414988,0.5096674570197889,0.11586497011237981,0.11723234753621267,0.0,0.9999999987499999,0.5234781936759078,0.3063390295341531,0.28052771753865696,0.3336154262545115,disgust,07,01,01,male,strong,51
80,2.6693333333333333,True,1.0,0.23458369696565198,0.24261674180527512,0.23860021938546355,0.7120686123877944,-0.03749999999999998,-0.03703703703703709,0.3835025152639296,-0.01483374424065992,0.19802804055192558,0.33508037741666563,0.008033044839623138,0.0004629629629628873,0.008239078372562247,0.4496462022791292,0.12274531064593669,0.11257558588116924,0.0,0.9999999987499999,0.5561935056522609,0.28142490594793346,0.30244759549863814,0.33335714621619333,disgust,07,01,01,male,strong,51
90,3.003,True,1.0,0.2130601351703419,0.19160475807829425,0.20233244662431807,0.6796976681583328,-0.03236111111111106,-0.03620370370370368,0.36400326622539153,0.04740454631399754,0.1951580456026109,0.29768006586302653,0.021455377092047645,0.0038425925925926196,0.006419990919411495,0.4860749565893367,0.11278928932992399,0.11987694909802857,0.0,0.8444905248703238,0.5684384624240322,0.33043585920853763,0.2686838653455225,0.36108924440333473,disgust,07,01,01,male,strong,51
100,3.336666666666667,True,1.0,0.3801125091505493,0.355226246156887,0.36766937765371815,0.6961206621039525,-0.036666666666666625,-0.04009259259259257,0.370592537114952,0.09079155943722526,0.1958524221220791,0.5281690340040699,0.024886262993662256,0.0034259259259259434,0.002929693255614102,0.4328971955457518,0.11005443833125012,0.11939829275196015,0.0,0.9999999987499999,0.6062133037199255,0.31647401727924906,0.28326238324955566,0.38196030337255993,disgust,07,01,01,male,strong,51
110,3.6703333333333332,True,1.0,0.40093285122622163,0.4262218920132829,0.4135773716197523,0.8569115519776165,-0.038657407407407474,-0.041666666666666796,0.3832064943216756,0.1551305395821541,0.19166706472162018,0.48263717610677676,0.02528904078706129,0.0030092592592593226,0.0021793812681926423,0.3883139872260414,0.11228357507831613,0.11859663594256137,0.0,0.9999999987499999,0.6078514038271559,0.31730192410254904,0.2857437265161691,0.3904968553573152,disgust,07,01,01,male,strong,51
120,4.0040000000000004,True,1.0,0.4817278280529745,0.46083626667091476,0.4712820473619446,0.8170276471700887,-0.041388888888888864,-0.04296296296296298,0.3913033529348899,0.12897924631147814,0.19097262172464533,0.5768250915306335,0.02089156138205972,0.0015740740740741166,0.004098782904437749,0.3851930562871365,0.11761167372628822,0.11381814150669968,0.0,0.9999999987499999,0.5924963177145859,0.28100578155021455,0.3087688297719132,0.3622866980014396,disgust,07,01,01,male,strong,51
0,0.0,True,1.0,0.515481177367351,0.517534515204838,0.5165078462860945,0.7087851644658407,-0.04981481481481481,-0.043240740740740746,0.34776160785147875,0.21204002305935424,0.16977236620060418,0.7287227106049101,0.002053337837486957,0.0065740740740740655,0.04225260105209234,0.4451883319523905,0.10904769707895659,0.11808080370809212,0.0,0.9999999987499999,0.6494487616843613,0.3110058863522894,0.2757695393335016,0.40192740662193943,surprised,08,01,01,male,normal,52
10,0.33366666666666667,True,1.0,0.6037609158291184,0.5586994162492439,0.5812301660391812,0.7670310962895953,-0.04995370370370367,-0.04537037037037034,0.34966023129927826,0.2500475780851308,0.16427992670210864,0.7577661047261318,0.04506149957987449,0.004583333333333328,0.03418986231825646,0.39442966713513755,0.11133359540233448,0.11788364750393948,0.0,0.9999999987499999,0.654220637231455,0.30787843855245267,0.2773465742300556,0.39876571445691655,surprised,08,01,01,male,normal,52
20,0.6673333333333333,True,1.0,0.5105808485419502,0.5227569037579504,0.5166688761499503,0.782598857945113,-0.049907407407407345,-0.04513888888888884,0.345638349520898,0.23931891027944568,0.16883859075034505,0.660196307347776,0.012176055216000181,0.004768518518518505,0.027625700558643777,0.3946630085315078,0.11287629530597665,0.11722280285811613,0.0,0.9999999987499999,0.6451329960421669,0.3097673438157056,0.28167644099123446,0.40369434932078896,surprised,08,01,01,male,normal,52
30,1.0010000000000001,True,1.0,0.5939465646449184,0.5746251870177149,0.5842858758313166,0.8423740676745544,-0.04986111111111102,-0.04305555555555557,0.36021369031905937,0.18787833931763104,0.17514119582942922,0.6936180709412004,0.01932137762720343,0.006805555555555454,0.0339420872521439,0.34541531186150976,0.10854039923303704,0.11982608128994955,0.0,0.9999999987499999,0.6457687458342712,0.3104764583998508,0.28374042907523517,0.40191379211463435,surprised,08,01,01,male,normal,52
40,1.3346666666666667,True,1.0,0.5789283530454374,0.5704194532490436,0.5746739031472405,0.6668193498407615,-0.05064814814814805,-0.043611111111111156,0.3560581448102524,0.16277228217342513,0.17433356625311966,0.861813478094891,0.008508899796393798,0.007037037037036897,0.034829651562099356,0.46297552355164817,0.11335481909464244,0.11821955873601818,0.0,0.9999999987499999,0.6447840060555473,0.3109759807931896,0.28221140966961705,0.4075096616702298,surprised,08,01,01,male,normal,52
50,1.6683333333333334,True,1.0,0.5308319927061641,0.5197923644846127,0.5253121785953885,0.8914882322017139,-0.04587962962962955,-0.04069444444444453,0.34858456696751805,0.18753568356384703,0.17408901778723784,0.589253071011405,0.011039628221551356,0.005185185185185015,0.0380416899945028,0.3521773106803898,0.11910116693960254,0.11174826765542555,0.0,0.9999999987499999,0.6197358001559999,0.28831279868482174,0.28224780408780337,0.34274165661135214,surprised,08,01,01,male,normal,52
60,2.0020000000000002,True,1.0,0.5246318830224703,0.5002986916360761,0.5124652873292732,0.7304242712539354,-0.04666666666666658,-0.042546296296296304,0.37526390457887354,0.1787734295249405,0.17031816306135902,0.7015994778616992,0.024333191386394226,0.004120370370370274,0.017903232631701453,0.40975177859855016,0.10744354573174797,0.1192231228764254,0.0,0.9999999987499999,0.6450667826114821,0.3126500928927917,0.2734595430474056,0.4022254850014901,surprised,08,01,01,male,normal,52
70,2.3356666666666666,True,1.0,0.628107465188045,0.5875731995930352,0.6078403323905401,0.7819811260226829,-0.047870370370370285,-0.04282407407407407,0.3504273340730892,0.17550053420492728,0.17502136100099497,0.7773081883473855,0.04053426559500983,0.0050462962962962155,0.0166416851143261,0.38742007176983884,0.1111560265554134,0.11853427106648634,0.0,0.9462962539709593,0.6449745404177296,0.313743588513183,0.2778466802732619,0.40338819129555364,surprised,08,01,01,male,normal,52
80,2.6693333333333333,True,1.0,0.4791102081632332,0.4518146284727467,0.46546241831798996,0.762744457559715,-0.05421296296296285,-0.04671296296296301,0.3516076205432752,0.19063376245173702,0.17294490231316767,0.610246870632356,0.02729557969048646,0.00749999999999984,0.019971708104043816,0.40050023960422576,0.11025777993964113,0.11921054345869113,0.0,0.9999999987499999,0.6474516418755002,0.31240019410506026,0.2784539577256814,0.4090523016589329,surprised,08,01,01,male,normal,52
90,3.003,True,1.0,0.5221762412325779,0.4505547350239005,0.4863654881282392,0.7943576067201775,-0.05254629629629631,-0.04444444444444445,0.35301991884566736,0.2065199093227137,0.1687721520471924,0.6122752322299692,0.07162150620867741,0.00810185185185186,0.02804218115641491,0.39575148815562267,0.10839344186243478,0.11995903377546546,0.0,0.9999999987499999,0.6525597953634579,0.31059999085307166,0.27849726175191375,0.4098221001984458,surprised,08,01,01,male,normal,52
100,3.336666666666667,True,1.0,0.5651182033211658,0.5646283181346007,0.5648732607278832,0.7625874071361114,-0.05064814814814811,-0.04495370370370366,0.3486479949077833,0.2224060561936918,0.16737250732904532,0.7407324792436037,0.0004898851865651199,0.005694444444444446,0.027971132965423723,0.38893023717452313,0.11010282317827323,0.11935367626096204,0.0,0.9999999987499999,0.6527313894464035,0.3094668932365166,0.27992986063683634,0.40595478927944106,surprised,08,01,01,male,normal,52
0,0.0,True,1.0,0.6027884621979639,0.5591195815490768,0.5809540218735203,0.6589549238053195,-0.0557407407407407,-0.04898148148148146,0.35786473035546923,0.2821815795612753,0.15358403324961156,0.8816293814433297,0.043668880648887076,0.006759259259259243,0.028517928625264415,0.4209385314615867,0.1243652739333376,0.11095520001075211,0.0,0.8732326544574975,0.6063050099727391,0.28690791501564733,0.29939746169759757,0.3737291413158097,surprised,08,01,01,male,normal,53
10,0.33366666666666667,True,1.0,0.5786785801057857,0.5646395117243787,0.5716590459150821,0.6243229489896105,-0.057083333333333375,-0.05171296296296296,0.3516089455429165,0.2798830333329921,0.15703969520009203,0.91564637635096,0.014039068381407005,0.005370370370370414,0.030124195257098547,0.4532600665938105,0.12047894681888882,0.11282351650686755,0.0,0.8682441748515238,0.6070607062356191,0.28854709389287275,0.30134307260441734,0.37710280288126524,surprised,08,01,01,male,normal,53
20,0.6673333333333333,True,1.0,0.5786785801057845,0.5670147804880054,0.572846680296895,0.6734259534961401,-0.056805555555555554,-0.05055555555555552,0.3529807171904414,0.2564512382645635,0.16113431332307035,0.85064538621198,0.011663799617779191,0.006250000000000033,0.030295375399968627,0.43105420862933264,0.11982170219729299,0.1155176590681559,0.0,0.9999999987499999,0.6008938274450406,0.29298538718457434,0.29995940473711213,0.3726306266818379,surprised,08,01,01,male,normal,53
30,1.0010000000000001,True,1.0,0.6414633009070136,0.642175159453982,0.6418192301804978,0.8625903281125539,-0.05652777777777779,-0.05111111111111105,0.35215197214736677,0.2278540489353922,0.181386330732397,0.7440603137585272,0.0007118585469683136,0.005416666666666736,0.017973584231746317,0.3522628908477636,0.11912532855394074,0.11358284558181082,0.0,0.9999999987499999,0.6110281296971913,0.29323936633573555,0.2933026139619802,0.3661484395432345,surprised,08,01,01,male,normal,53
40,1.3346666666666667,True,1.0,0.5715956866833798,0.5872773419712614,0.5794365143273206,0.662826809237753,-0.04976851851851832,-0.0474074074074074,0.36019661092396993,0.10254355992664407,0.19033550738708577,0.874189918470059,0.01568165528788157,0.002361111111110925,0.026633451120021447,0.5004777451523834,0.1126330371848347,0.1193871427618179,0.0,0.9999999987499999,0.6463878386745323,0.315319257210354,0.28418501531807583,0.4024410823578204,surprised,08,01,01,male,normal,53
50,1.6683333333333334,True,1.0,0.5447191688346041,0.5675930155052727,0.5561560921699384,0.579594988002925,-0.046342592592592546,-0.04314814814814805,0.36131828719671183,0.046988758458271815,0.19449191528203494,0.9595598714306546,0.022873846670668607,0.0031944444444444997,0.028450390110043265,0.5327189950953356,0.11940718474909033,0.1141242773526372,0.0,0.9999999987499999,0.6082418097317052,0.28707684681471485,0.28738652671217074,0.3600157757850397,surprised,08,01,01,male,normal,53
60,2.0020000000000002,True,1.0,0.5249825405819648,0.552779375942531,0.5388809582622479,0.7088169223833329,-0.04601851851851846,-0.04472222222222222,0.3598660140582894,0.0787328356524045,0.19727791968317587,0.7602540814774982,0.027796835360566208,0.0012962962962962399,0.024592864317229197,0.44241198471199766,0.11286475508201227,0.11852688383831249,0.0,0.9999999987499999,0.6260895886792217,0.31643726534596406,0.27919658749606235,0.39719616767964755,surprised,08,01,01,male,normal,53
70,2.3356666666666666,True,1.0,0.48583272711103653,0.5108674708587928,0.49835009898491467,0.7010111442322845,-0.04546296296296298,-0.0430555555555554,0.37218619002979053,0.06857205054296152,0.20000953651580117,0.7109018210126816,0.025034743747756272,0.00240740740740758,0.029983376174695566,0.478844188198447,0.1126167966636531,0.1194024624178368,0.0,0.9999999987499999,0.6165041303396358,0.31988590394561295,0.2762014767426301,0.39444095445948363,surprised,08,01,01,male,normal,53
80,2.6693333333333333,True,1.0,0.5408618688495976,0.5470816528716224,0.54397176086061,0.6928953438656281,-0.045648148148148215,-0.04268518518518527,0.37100158836218056,0.06157145915699448,0.1958524221220791,0.7850705964133329,0.006219784022024721,0.002962962962962945,0.027698354477281622,0.4644854324345219,0.1088168765537841,0.1194156248259537,0.0,0.9999999987499999,0.6162941906137456,0.3192646886955954,0.26834462798499065,0.38821285051321547,surprised,08,01,01,male,normal,53
90,3.003,True,1.0,0.5283942795631799,0.5525389715583875,0.5404666255607837,0.6976647284329432,-0.048194444444444484,-0.044583333333333364,0.3662199748337113,0.08526347252652922,0.1930654350942442,0.7746795896859379,0.024144691995207634,0.0036111111111111205,0.025152015562640295,0.4425156466772692,0.12176677914992515,0.11279186841115746,0.0,0.9999999987499999,0.6094044840358019,0.28678265107535794,0.2989825320591894,0.3711439524011461,surprised,08,01,01,male,normal,53
0,0.0,True,1.0,0.550546785088296,0.5305055993727136,0.5405261922305048,0.8015209992926925,-0.052592592592592635,-0.04851851851851857,0.3512379065586459,0.20807500900507558,0.18335996492176562,0.6743755843047103,0.020041185715582444,0.004074074074074063,0.01817427772741784,0.36826933784643673,0.1206980297303767,0.11359987591428382,0.0,0.9999999987499999,0.602718730007628,0.2794847776310869,0.2936370514701252,0.35392454686173624,surprised,08,01,01,male,normal,54
10,0.33366666666666667,True,1.0,0.5541955781322203,0.5181779268519012,0.5361867524920607,0.7789244829928578,-0.05277777777777776,-0.049212962962963014,0.34794112239664454,0.19471879908906162,0.1820048173001131,0.6883680821430506,0.036017651280319085,0.003564814814814743,0.004625173361731696,0.40546786875703766,0.10929133440044876,0.11866086298997476,0.0,0.9999999987499999,0.6438422464141906,0.30787930140003644,0.27534906004005133,0.3891635602094486,surprised,08,01,01,male,normal,54
20,0.6673333333333333,True,1.0,0.5458462929766825,0.5238501934199276,0.534848243198305,0.7531410413611609,-0.051944444444444515,-0.0469444444444444,0.3552693331713826,0.1921151585241651,0.18055724575197146,0.7101568150258647,0.021996099556754967,0.0050000000000001155,0.016658459584297923,0.4038269955817147,0.11321839087993824,0.1193121902043191,0.0,0.9999999987499999,0.6261080988098364,0.3125711913902564,0.2772344529910917,0.39305900902525,surprised,08,01,01,male,normal,54
30,1.0010000000000001,True,1.0,0.5419566023789113,0.553338896668574,0.5476477495237426,0.7107417526899628,-0.0501388888888889,-0.04490740740740734,0.36190065365054624,0.173792913439471,0.1778052414767488,0.7705298689025176,0.011382294289662753,0.005231481481481559,0.03289193362995543,0.4234454455903478,0.12186336361370825,0.11336176817271318,0.0,0.8495756073690606,0.6061535791035165,0.28072873105769647,0.29163634413825706,0.3556974006709665,surprised,08,01,01,male,normal,54
40,1.3346666666666667,True,1.0,0.41090732598542495,0.4009328512262219,0.4059200886058234,0.6418836956425928,-0.054537037037036995,-0.04874999999999996,0.35548443611309094,0.1222197241692142,0.182672721974871,0.6323888445233912,0.009974474759203045,0.005787037037037035,0.028424918618392737,0.4912828723383853,0.11211181366354664,0.11763068006910722,0.0,0.9999999987499999,0.6447630139477667,0.30833527159216806,0.2821015249457256,0.40725700946319804,surprised,08,01,01,male,normal,54
50,1.6683333333333334,True,1.0,0.6154446262294865,0.6033140780599984,0.6093793521447424,0.8619426346114734,-0.04893518518518519,-0.04592592592592598,0.36820202135669566,0.15601199388306175,0.18129208832451157,0.706983652594728,0.012130548169488109,0.0030092592592592116,0.016493363831339383,0.36042143509740127,0.11233957226541363,0.1199813290495619,0.0,0.9999999987499999,0.644967999723327,0.3106268797381684,0.28497663102307036,0.4057621732467686,surprised,08,01,01,male,normal,54
60,2.0020000000000002,True,1.0,0.5114143575309195,0.5010785545286612,0.5062464560297903,0.7936332539615973,-0.04893518518518519,-0.04509259259259257,0.3575260623851063,0.1678741360317979,0.18131060409212146,0.63788463185325,0.010335803002258226,0.0038425925925926196,0.013473811193077242,0.3912949099407321,0.11751506898022589,0.11307857426283535,0.0,0.9999999987499999,0.6132213628889056,0.28387799178968176,0.2852967238126598,0.35097339258186355,surprised,08,01,01,male,normal,54
70,2.3356666666666666,True,1.0,0.3696784726494601,0.3671186729824372,0.3683985728159487,0.6942433607349785,-0.04101851851851862,-0.0413425925925926,0.34968841470294615,0.10252517177679563,0.18767935757500245,0.5306475994612813,0.002559799667022855,0.0003240740740739767,0.00030663180846174706,0.4564358327251396,0.11423423576619952,0.11720757019548714,0.0,0.9999999987499999,0.6217669638480393,0.31411231450176674,0.27737902403288217,0.3913169239543806,surprised,08,01,01,male,normal,54
80,2.6693333333333333,True,1.0,0.44280634107731937,0.42727523481017704,0.43504078794374823,0.7198088320235726,-0.03879629629629627,-0.03898148148148145,0.3983243923572599,0.07609356889987015,0.18829819813198714,0.6043837871796235,0.015531106267142325,0.00018518518518517713,0.005568391956104103,0.4286049621388445,0.11180701796808531,0.11856492811822289,0.0,0.9999999987499999,0.6203445293039092,0.3139182506559055,0.2750828309391701,0.3923754389837452,surprised,08,01,01,male,normal,54
90,3.003,True,1.0,0.4715482744188473,0.4763578280907785,0.4739530512548129,0.7069548096679829,-0.041111111111111154,-0.03935185185185197,0.3907477342533647,0.08478630245440225,0.1882528129298553,0.6704149187094465,0.004809553671931199,0.0017592592592591827,0.014100540007476344,0.4203127793588531,0.1222850493026722,0.112568773183835,0.0,0.9999999987499999,0.6016703519689126,0.27994475857951423,0.30020290576982234,0.3691476980926518,surprised,08,01,01,male,normal,54
100,3.336666666666667,True,1.0,0.4699125955959563,0.492139813650207,0.48102620462308165,0.7311467188607057,-0.042962962962962925,-0.04129629629629644,0.3866064229613697,0.1074954262928829,0.1819951757573897,0.657906535329367,0.022227218054250708,0.0016666666666664831,0.012821371674496403,0.41220569729435347,0.12357452301251008,0.11098015720814904,0.0,0.9999999987499999,0.605393560103729,0.2804449108191209,0.3009318142898763,0.3690725891718729,surprised,08,01,01,male,normal,54
0,0.0,True,1.0,0.52772509051487,0.49139826654845187,0.509561678531661,0.5782008562681925,-0.05564814814814811,-0.04958333333333331,0.3439747167270924,0.15256215934128858,0.17153889718267504,0.8812883499005164,0.036326823966418176,0.006064814814814801,0.023482699152746214,0.5030155526003476,0.10859889309240339,0.12056578361993658,0.0,0.9999999987499999,0.6544771720563225,0.30768579423699055,0.2739988269500335,0.40246753259119616,surprised,08,01,01,male,normal,55
10,0.33366666666666667,True,1.0,0.5098029485272418,0.5009188861271437,0.5053609173271928,0.5753184811285692,-0.052592592592592524,-0.0470370370370371,0.35457187262658574,0.14769983994917948,0.17293828499713923,0.8784020223648219,0.008884062400098092,0.005555555555555425,0.016744112498895177,0.5196505144856574,0.111354323851043,0.11850887799566757,0.0,0.9999999987499999,0.6486113873283688,0.3108673862824716,0.2785063206903566,0.4107023770329158,surprised,08,01,01,male,normal,55
20,0.6673333333333333,True,1.0,0.6229073199288676,0.6038576282098506,0.6133824740693591,0.5952561453947315,-0.05254629629629626,-0.04648148148148146,0.3542522267195673,0.15662919486090593,0.17571007646889375,1.0304513087598743,0.019049691719017048,0.006064814814814801,0.014475561148035708,0.5039217924603667,0.11033117864949538,0.11993949501395493,0.0,0.9999999987499999,0.6506229078975341,0.3100961764774164,0.27833448712855413,0.4114084220288516,surprised,08,01,01,male,normal,55
30,1.0010000000000001,True,1.0,0.6731422908906277,0.6552572881979035,0.6641997895442656,0.9902153830592988,-0.05125000000000002,-0.04476851851851843,0.34320004206056626,0.3246469788383623,0.16875045211166284,0.67076294804894,0.017885002692724195,0.006481481481481588,0.021362439764476108,0.2968852511896458,0.10866788653309815,0.12129154106947428,0.0,0.9999999987499999,0.6551465546765582,0.3084252109713706,0.2799174747236836,0.40770535093618016,surprised,08,01,01,male,normal,55
40,1.3346666666666667,True,1.0,0.6031357694386057,0.5874410621869827,0.5952884158127942,0.6513364140844168,-0.049398148148148135,-0.04402777777777772,0.36048454653140855,0.19378061937847535,0.16875406896136047,0.913949232593714,0.01569470725162303,0.005370370370370414,0.0205800741882884,0.4739909389227119,0.10998417967523676,0.11769566052774552,0.0,0.9999999987499999,0.6533836971429197,0.309770705637333,0.2804922201046369,0.4111252084735003,surprised,08,01,01,male,normal,55
50,1.6683333333333334,True,1.0,0.568201295349739,0.5874410621869813,0.5778211787683601,0.7309812658376976,-0.04902777777777784,-0.043749999999999956,0.35222356284962303,0.20651990932271383,0.17014292463502936,0.790473307282619,0.019239766837242378,0.005277777777777881,0.018337486863577224,0.39359470618680287,0.10864284888980083,0.11845339939593734,0.0,0.9999999987499999,0.6493725222745349,0.31051943402632853,0.2764053916299894,0.4054172135685628,surprised,08,01,01,male,normal,55
60,2.0020000000000002,True,1.0,0.579971995561157,0.5718374587906762,0.5759047271759166,0.6771023866106816,-0.047361111111111076,-0.04199074074074077,0.3539470848264058,0.17321223843529,0.17084047876316608,0.8505430472024738,0.008134536770480816,0.005370370370370303,0.02522793905279163,0.4211807040994152,0.10787433805342508,0.11754388183620332,0.0,0.9999999987499999,0.6478764930816076,0.31054316634060264,0.27644788264409076,0.4056706681790901,surprised,08,01,01,male,normal,55
70,2.3356666666666666,True,1.0,0.6256026600520633,0.6197013551273359,0.6226520075896996,0.8190677224418669,-0.049259259259259225,-0.044490740740740775,0.35075866331564004,0.21679885801130624,0.17222399420151366,0.7601960015386788,0.005901304924727402,0.00476851851851845,0.0173422881615892,0.3686709407294644,0.11080862171514397,0.11805492481058338,0.0,0.9999999987499999,0.6516600266825481,0.30953548681893195,0.28238811183812323,0.4075551422663381,surprised,08,01,01,male,normal,55
80,2.6693333333333333,True,1.0,0.6013643257702065,0.5986819659183502,0.6000231458442784,0.7453338819067522,-0.04958333333333337,-0.044861111111111074,0.35895864782674775,0.23290084661285515,0.1673725073290452,0.8050394063788805,0.0026823598518562752,0.004722222222222294,0.02468371572644898,0.4005827202899746,0.1110821548726362,0.11924431355433762,0.0,0.9999999987499999,0.6530192443930697,0.3087715853131381,0.278385377453644,0.40605358380203865,surprised,08,01,01,male,normal,55
90,3.003,True,1.0,0.6300175639559001,0.6189934541565512,0.6245055090562257,0.7574527051555995,-0.050416666666666665,-0.04555555555555557,0.35328825118795226,0.22875101829789554,0.16738344696828983,0.8244811917701672,0.01102410979934898,0.004861111111111094,0.024280832408844318,0.4031989451542662,0.11068724445332107,0.12040475530094265,0.0,0.9999999987499999,0.6543975449789291,0.30719120621435675,0.2773727368750019,0.4045847597826551,surprised,08,01,01,male,normal,55
0,0.0,True,1.0,0.5571925086835412,0.5649368468184793,0.5610646777510102,0.6660612342475526,-0.047453703703703665,-0.04060185185185189,0.3882127981465999,0.09620132951156049,0.17515731280342142,0.842362006527588,0.0077443381349381335,0.006851851851851776,0.021521445825800716,0.43802979060534925,0.11429061838625656,0.11860718869036893,0.0,0.9999999987499999,0.6447305342058698,0.3142036850351767,0.27563572674002906,0.39921882505152095,surprised,08,01,01,male,strong,56
10,0.33366666666666667,True,1.0,0.5730292233024287,0.5987266189541046,0.5858779211282666,0.6647810941592404,-0.04712962962962958,-0.04018518518518527,0.39909221454149396,0.10113210029715858,0.17722286935101503,0.8813095412546834,0.025697395651675947,0.006944444444444309,0.02009298114107503,0.45283220840224964,0.11242151911584027,0.12069639843018504,0.0,0.9999999987499999,0.6430814723858294,0.31428231857918904,0.2754204094458754,0.3981448700075445,surprised,08,01,01,male,strong,56
20,0.6673333333333333,True,1.0,0.56931518647032,0.5765760284923455,0.5729456074813327,0.6832665985607401,-0.04754629629629625,-0.041481481481481564,0.39507819263510197,0.12353410746567445,0.17292372601051925,0.8385388788039809,0.007260842022025482,0.00606481481481469,0.01634943485001453,0.43282338306656576,0.11088624549476381,0.11782042493259827,0.0,0.9999999987499999,0.6465489487435598,0.3131471463082035,0.2744198177763459,0.3993527201040858,surprised,08,01,01,male,strong,56
30,1.0010000000000001,True,1.0,0.5914298551565926,0.6040574827557649,0.5977436689561788,0.8795212471357882,-0.048379629629629606,-0.04152777777777772,0.39408379706103086,0.1978140590653274,0.1673684047799813,0.6796239100564831,0.012627627599172242,0.006851851851851887,0.020298862232146005,0.3296834092548409,0.11041639411079708,0.11954272651527932,0.0,0.9999999987499999,0.6556291486516481,0.3128254441773066,0.27276382797596455,0.40405180893371284,surprised,08,01,01,male,strong,56
40,1.3346666666666667,True,1.0,0.5091448172546795,0.4931080575529319,0.5011264374038057,0.682403249352446,-0.04583333333333334,-0.04138888888888881,0.3878489497523374,0.17800493088793462,0.1673615669747278,0.7343552919470129,0.016036759701747616,0.004444444444444529,0.021407983654971888,0.44498882061552447,0.1079533531381395,0.11940166617092451,0.0,0.9999999987499999,0.6547867059401886,0.3127525239523419,0.26909711051554774,0.3981882882738237,surprised,08,01,01,male,strong,56
50,1.6683333333333334,True,1.0,0.5699695834988192,0.5765760284923441,0.5732728059955816,0.573821790892473,-0.04810185185185184,-0.04194444444444445,0.38855570214281154,0.1471184911593144,0.1729184315296482,0.999043283288288,0.006606444993524918,0.006157407407407389,0.02263552180316725,0.5105817614481718,0.11284321902395439,0.11774108592499283,0.0,0.9999999987499999,0.6477725917788991,0.3114788118086407,0.2736637314844023,0.39839567085283323,surprised,08,01,01,male,strong,56
60,2.0020000000000002,True,1.0,0.5188923161147699,0.46934148937519027,0.4941169027449801,0.7625449617766804,-0.04574074074074075,-0.04268518518518516,0.38081892711254445,0.19432693275721433,0.18056611902358907,0.6479839583409216,0.04955082673957967,0.003055555555555589,0.026473018775387953,0.41220569729435363,0.11055610968412215,0.11989120904026547,0.0,0.9999999987499999,0.6488653149541066,0.3098427747330098,0.2764754591485465,0.40008694596437505,surprised,08,01,01,male,strong,56
70,2.3356666666666666,True,1.0,0.5907548141646114,0.5759727833529354,0.5833637987587734,0.8699116592118737,-0.04504629629629625,-0.03907407407407404,0.3871368198953865,0.1695282364083831,0.17777949438325966,0.6706011956286364,0.01478203081167595,0.005972222222222212,0.0155382635709089,0.35346374753893167,0.10913756291753333,0.11960145600746333,0.0,0.9999999987499999,0.6473647949023359,0.31307909288186353,0.28218284413534467,0.4058795393677367,surprised,08,01,01,male,strong,56
80,2.6693333333333333,True,1.0,0.5510618000535623,0.5430783598512912,0.5470700799524267,0.7057665590511565,-0.0465740740740741,-0.04018518518518521,0.4120367608058568,0.10376395759073194,0.1736128689147123,0.7751431021156857,0.007983440202271153,0.006388888888888888,0.02023014969052919,0.40129485097234113,0.1115648086609606,0.11831074791722059,0.0,0.9999999987499999,0.65028277761886,0.31190500830331114,0.2799960615847727,0.40843938216790643,surprised,08,01,01,male,strong,56
90,3.003,True,1.0,0.5510618000535623,0.5586238775811647,0.5548428388173635,0.7071893222096525,-0.047037037037037044,-0.0402777777777778,0.41303963446414993,0.11090467901951159,0.16875723364125764,0.7845746837405946,0.007562077527602407,0.006759259259259243,0.027345257259846094,0.40129485097234113,0.11048538856211687,0.119159618036353,0.0,0.9999999987499999,0.6520439505333383,0.3111603409404052,0.2772731664307509,0.40699630171558593,surprised,08,01,01,male,strong,56
100,3.336666666666667,True,1.0,0.5839162729948065,0.5426850142299334,0.56330064361237,0.7336368842483351,-0.04805555555555552,-0.04069444444444442,0.4123148046545171,0.11759915193616408,0.16945164844089433,0.767819415444894,0.0412312587648731,0.007361111111111096,0.030641907804030907,0.38604995497994465,0.10997375256335697,0.12010878921021072,0.0,0.9999999987499999,0.6505756421631154,0.3113477040981627,0.27953719069321614,0.40777435773005105,surprised,08,01,01,male,strong,56
0,0.0,True,1.0,0.5921101686242206,0.6094384898136548,0.6007743292189377,0.7585248194260973,-0.0528703703703704,-0.04787037037037034,0.3553543430993827,0.22122121613198867,0.17433356625311971,0.7920298899032543,0.01732832118943417,0.00500000000000006,0.020606938671069417,0.3917098036751401,0.1101133939744011,0.11950345653324224,0.0,0.9999999987499999,0.6491007618359844,0.3061871100166909,0.2756706971281315,0.39745304786129176,surprised,08,01,01,male,strong,57
10,0.33366666666666667,True,1.0,0.6272852637474498,0.6144928360017213,0.6208890498745856,0.8047253713633058,-0.05101851851851852,-0.04541666666666666,0.3583386560917752,0.24759332103659257,0.16944489470319568,0.7715539635872566,0.012792427745728419,0.005601851851851858,0.02509862179899992,0.3722640714926948,0.10825953268029287,0.1192839547840567,0.0,0.9999999987499999,0.6591600292382579,0.3055054917936949,0.2777685028764062,0.3972128801536067,surprised,08,01,01,male,strong,57
20,0.6673333333333333,True,1.0,0.6110248039203138,0.6085334952706645,0.6097791495954892,0.8586965520212433,-0.05162037037037037,-0.04546296296296293,0.35358416349684085,0.26535979196928744,0.17084047876316608,0.7101218098059905,0.002491308649649304,0.006157407407407445,0.022348330766098608,0.3495503529817636,0.1113287200393712,0.11788825178142759,0.0,0.9999999987499999,0.6486703025507079,0.3069346738924356,0.2840484888769029,0.4014532198340415,surprised,08,01,01,male,strong,57
30,1.0010000000000001,True,1.0,0.668427776937451,0.6711470131069068,0.6697873950221789,0.9204547104717382,-0.05231481481481476,-0.04439814814814813,0.36291645123142785,0.22625476318119858,0.1784739321483694,0.7276701258651923,0.0027192361694557965,0.007916666666666627,0.025195624345058024,0.33546208891258045,0.10845043890453157,0.11958930733798084,0.0,0.9999999987499999,0.6423411232305424,0.31035458221577383,0.28204571459099403,0.4054186482550236,surprised,08,01,01,male,strong,57
40,1.3346666666666667,True,1.0,0.6074774476169127,0.598369461904115,0.6029234547605138,0.6796976681583328,-0.048611111111111105,-0.04250000000000004,0.3534907979441772,0.17381666981799224,0.17573786330129443,0.8870465252502018,0.009107985712797695,0.006111111111111067,0.018915454796052777,0.447039838162851,0.11671446548517539,0.11506961620653547,0.0,0.9999999987499999,0.6106357152704832,0.28569181791044945,0.28848318296901226,0.3656267410085067,surprised,08,01,01,male,strong,57
50,1.6683333333333334,True,1.0,0.36593723504116515,0.34669331974013795,0.35631527739065155,0.8376689648254323,-0.061620370370370325,-0.053472222222222254,0.35286427317035174,0.18961818525599142,0.1750108987956625,0.42536526044617945,0.019243915301027203,0.008148148148148071,0.019764757136971643,0.36273509982131125,0.1101616614379332,0.11945896368922192,0.0,0.9999999987499999,0.6405904068111619,0.3153635048875691,0.27989039915212993,0.39675374804547714,surprised,08,01,01,male,strong,57
60,2.0020000000000002,True,1.0,0.6083770244337988,0.5868096203235008,0.5975933223786498,0.7167669657681934,-0.04787037037037045,-0.03893518518518524,0.38037212116365116,0.11946116096136516,0.18264557246431654,0.8337344645036486,0.021567404110298005,0.008935185185185213,0.02376287741944627,0.4101562500000001,0.11854996010133978,0.11682241580135379,0.0,0.9999999987499999,0.6073670631924646,0.2828508974486342,0.29725415939566235,0.36308473185389706,surprised,08,01,01,male,strong,57
70,2.3356666666666666,True,1.0,0.5576865505654677,0.5876951484233226,0.5726908494943952,0.6072776661434901,-0.044907407407407396,-0.03870370370370374,0.3835811112562777,-0.007403038847039696,0.1889292754835563,0.9430461244051044,0.030008597857854924,0.006203703703703656,0.026611646681835216,0.45844602527694706,0.12048812455739527,0.11465634638942428,0.0,0.9999999987499999,0.6012536381271258,0.28306038184299126,0.3052486596700191,0.36291159941947604,surprised,08,01,01,male,strong,57
80,2.6693333333333333,True,1.0,0.618211340349167,0.6145159211609789,0.6163636307550729,0.7084975926596427,-0.04842592592592587,-0.040787037037037066,0.3978417386092354,0.0566654657816282,0.18334831407780552,0.8699586803693907,0.003695419188188165,0.007638888888888806,0.0288058463414233,0.4016931357749828,0.11109023837601677,0.11859592992056563,0.0,0.9999999987499999,0.6378793924288465,0.3132440519479981,0.2832276569726635,0.3938208690366087,surprised,08,01,01,male,strong,57
90,3.003,True,1.0,0.6048745263055407,0.6031357645239048,0.6040051454147228,0.7090351318703189,-0.04782407407407402,-0.04143518518518524,0.40063767724620386,0.07083183222703521,0.18057625937153515,0.8518691363310248,0.0017387617816359002,0.006388888888888777,0.02874382564007548,0.39038140935416166,0.12082374673466242,0.11396876877741649,0.0,0.9999999987499999,0.6033274629148535,0.2863942048520953,0.29239884022137713,0.36845521800564973,surprised,08,01,01,male,strong,57
100,3.336666666666667,True,1.0,0.623842990378652,0.6195758219113968,0.6217094061450243,0.6720265292824767,-0.04884259259259255,-0.041157407407407476,0.40463034059874836,0.06293338437759569,0.17849316768879106,0.9251262845364512,0.004267168467255167,0.007685185185185073,0.03525181936351529,0.42955503262357436,0.10873431351202877,0.11853028919236538,0.0,0.9999999987499999,0.6384446905480942,0.3133436847245195,0.27804969099760835,0.3956430998746835,surprised,08,01,01,male,strong,57
0,0.0,True,1.0,0.5775118246286828,0.5647700331105855,0.5711409288696341,0.7858475221373555,-0.0562037037037037,-0.047731481481481486,0.34305100079464684,0.2083666310899568,0.18129208832451163,0.7267833934453843,0.01274179151809729,0.008472222222222214,0.03390433098104367,0.38351471037339835,0.11384478782304011,0.11807095858237539,0.0,0.9999999987499999,0.6414371887270535,0.3127153727964881,0.27887170161098596,0.39990992622149457,surprised,08,01,01,male,strong,58
10,0.33366666666666667,True,1.0,0.5706756961415285,0.5871452710996559,0.5789104836205922,0.7349164922595688,-0.051712962962963016,-0.045555555555555516,0.34043342449703695,0.19584007958942504,0.18339324896887868,0.787722808942113,0.016469574958127398,0.0061574074074075,0.023155549924511753,0.4145959943806812,0.12139352040817543,0.11285636619936538,0.0,0.9999999987499999,0.6055946812943928,0.28727555062012594,0.29521382643671307,0.3673235225092275,surprised,08,01,01,male,strong,58
20,0.6673333333333333,True,1.0,0.6042629318452409,0.6078915404027551,0.606077236123998,0.766030822902493,-0.055416666666666725,-0.0490740740740741,0.34586455437483005,0.17550053420492714,0.19040764478510802,0.7911917092677414,0.0036286085575141236,0.006342592592592622,0.022199457370445465,0.3888501557555158,0.12118513891221344,0.11391939270080656,0.0,0.9999999987499999,0.6077889630774186,0.2833173417840533,0.30227747448762615,0.3674821903915036,surprised,08,01,01,male,strong,58
30,1.0010000000000001,True,1.0,0.6499215582136159,0.6395582572912085,0.6447399077524122,0.9722353921683268,-0.06055555555555564,-0.05074074074074081,0.34078977088034684,0.20246897780204753,0.20303195949051062,0.6631520647633304,0.010363300922407337,0.009814814814814832,0.03375650760931205,0.33178146642378925,0.10784504193774919,0.12171107810259253,0.0,0.9999999987499999,0.613156515113858,0.31874274062687996,0.2789716293794522,0.38775079488492903,surprised,08,01,01,male,strong,58
40,1.3346666666666667,True,1.0,0.5561858312845641,0.5874410621869821,0.5718134467357732,0.7274265808773249,-0.05101851851851852,-0.044120370370370254,0.3617636073040533,0.12367565394604998,0.19389210073779603,0.7860771956478797,0.031255230902417996,0.006898148148148264,0.025301648076127843,0.4232335951649129,0.11414455468750896,0.118104256929567,0.0,0.9999999987499999,0.6150654837247399,0.3188683684498542,0.27255769240568317,0.393009395321208,surprised,08,01,01,male,strong,58
50,1.6683333333333334,True,1.0,0.6375434510255914,0.6463833380774336,0.6419633945515125,0.9253067555427426,-0.05259259259259258,-0.04402777777777778,0.35838397406819505,0.14109078978063838,0.19243883260523004,0.6937844025303438,0.008839887051842243,0.008564814814814803,0.025562269148828,0.32798221655748505,0.11271301920697571,0.11963057351012298,0.0,0.9999999987499999,0.6116386235978766,0.3211489523415445,0.2749313042074257,0.3924720938690408,surprised,08,01,01,male,strong,58
60,2.0020000000000002,True,1.0,0.6119617466403082,0.5661038705009689,0.5890328085706386,0.8234354933668957,-0.04912037037037037,-0.03999999999999998,0.3481632589010471,0.15330114639107612,0.1917562082085004,0.7153357042725689,0.04585787613933934,0.00912037037037039,0.025086705660667997,0.4011729242048886,0.11059139884419761,0.12017614484884888,0.0,0.9999999987499999,0.614259461323592,0.32103542479887437,0.2709572670690785,0.3885856570498738,surprised,08,01,01,male,strong,58
70,2.3356666666666666,True,1.0,0.6012368152514103,0.549988140327955,0.5756124777896826,0.791889216491596,-0.05060185185185184,-0.04319444444444437,0.34194926084963034,0.12369871987313931,0.19382716457339644,0.726885106909132,0.051248674923455306,0.007407407407407474,0.025461252884741974,0.3916291499385087,0.1134394104554459,0.11829954853205377,0.0,0.9999999987499999,0.6101355451711935,0.3211215405480352,0.27654119176864556,0.39102205490582675,surprised,08,01,01,male,strong,58
80,2.6693333333333333,True,1.0,0.6131872436618205,0.6143881722409943,0.6137877079514074,0.8070523464938022,-0.050046296296296366,-0.042824074074074125,0.34730909564743684,0.16943810916908397,0.18963202106327764,0.7605302315493868,0.0012009285791737545,0.007222222222222241,0.02511378043287563,0.3733041836333433,0.11303123874609264,0.1190102096013813,0.0,0.9999999987499999,0.6164470793708109,0.3181638698679496,0.26778351523317623,0.3831690839772866,surprised,08,01,01,male,strong,58
90,3.003,True,1.0,0.623006026283171,0.6352483710364216,0.6291271986597964,0.8001211145725896,-0.05300925925925931,-0.0446759259259259,0.35042850914624685,0.15193650380933846,0.18827388599143427,0.7862899593592964,0.012242344753250589,0.008333333333333415,0.024990427099765254,0.39555131629168705,0.1207563136023947,0.11353791839795799,0.0,0.9999999987499999,0.6060302972986069,0.2839289611792734,0.3022125340903586,0.36748947238298046,surprised,08,01,01,male,strong,58
100,3.336666666666667,True,1.0,0.6334881349702131,0.6193052896696094,0.6263967123199112,0.783879012455394,-0.053101851851851734,-0.04560185185185184,0.34752102668910695,0.16792981999979537,0.18615210035902052,0.7990987159584857,0.014182845300603653,0.007499999999999896,0.031612891115245165,0.39233111632386514,0.12286370680795704,0.11210698228071882,0.0,0.9999999987499999,0.606366967138418,0.28337306255028866,0.3042851070843648,0.37283291186034834,surprised,08,01,01,male,strong,58
0,0.0,True,1.0,0.6027884621979618,0.5898672524455045,0.5963278573217332,0.7565368237337601,-0.05305555555555552,-0.04662037037037031,0.3556619235895056,0.2895509347645162,0.16044710209113924,0.7882337496523402,0.012921209752457252,0.00643518518518521,0.02226822367063849,0.3850874066527368,0.12022232771438271,0.11393609682866217,0.0,0.8261828759222436,0.6134861561968536,0.29051029401948847,0.2900344390066763,0.37221911174550204,surprised,08,01,01,male,strong,59
10,0.33366666666666667,True,1.0,0.5941397977361083,0.5925617325914069,0.5933507651637575,0.7487192755006776,-0.05421296296296296,-0.04717592592592584,0.3509465389105837,0.27667991656440455,0.16253004529932308,0.7924876313181288,0.0015780651447013794,0.007037037037037119,0.013095571576496226,0.39187844956464546,0.11833500825375681,0.11523563802908973,0.0,0.9999999987499999,0.6094304891566001,0.2903324039276926,0.2902378732112885,0.36890491002898473,surprised,08,01,01,male,strong,59
20,0.6673333333333333,True,1.0,0.6242778619880093,0.6072599964164136,0.6157689292022115,0.7366422637213073,-0.05893518518518509,-0.05254629629629631,0.35242614458996724,0.2642303772043823,0.17576781605902037,0.8359131148564867,0.01701786557159568,0.006388888888888777,0.006144877338509705,0.3919077473330427,0.11997617538310694,0.11502642878670652,0.0,0.9282993035274106,0.6096545415978892,0.287624299155988,0.29546910490151623,0.36261077259617397,surprised,08,01,01,male,strong,59
30,1.0010000000000001,True,1.0,0.74389135538974,0.7263323001903876,0.7351118277900639,0.9602857030842521,-0.06393518518518515,-0.05569444444444449,0.3456207667598554,0.3092304949837463,0.18616070695444292,0.7655136647656283,0.017559055199352414,0.00824074074074066,0.008323489391230059,0.3164251655755299,0.10455243840795668,0.12223488869057664,0.0,0.9999999987499999,0.6430685999556073,0.3134730044589348,0.2848678152401564,0.404380617044076,surprised,08,01,01,male,strong,59
40,1.3346666666666667,True,1.0,0.6083770244337982,0.6030102945170422,0.6056936594754202,0.6358286212870088,-0.05203703703703699,-0.04624999999999996,0.38607950502021793,0.14775338705417568,0.17796693381460094,0.9526052134133391,0.005366729916755908,0.005787037037037035,0.01671727279688427,0.46684390126960695,0.11499530796415158,0.11792408492822967,0.0,0.9999999987499999,0.6188205337525635,0.28827619550524886,0.29582993754713827,0.3683853445389807,surprised,08,01,01,male,strong,59
50,1.6683333333333334,True,1.0,0.5888219007844128,0.5700757732353438,0.5794488370098783,0.7817618974707891,-0.05152777777777778,-0.04393518518518519,0.40248796204869103,0.14473931471979967,0.1763893214209619,0.7412088500150132,0.018746127549069014,0.007592592592592595,0.021771335633778605,0.37674280128465654,0.12018510452061987,0.11497393869106791,0.0,0.9382577960913662,0.6155136330938626,0.2907335261380488,0.3003190994006346,0.3725876090789577,surprised,08,01,01,male,strong,59
60,2.0020000000000002,True,1.0,0.6113111564767825,0.5918890870714735,0.601600121774128,0.7297820011167178,-0.04930555555555555,-0.04212962962962963,0.3789307871712451,0.16719579319777247,0.17431255865192516,0.8243559321188453,0.019422069405308995,0.007175925925925919,0.025851883014379396,0.3800682836034937,0.11614431534866043,0.11630217895658619,0.0,0.9999999987499999,0.6114255757693702,0.2921082970134057,0.294606098944319,0.364361920956409,surprised,08,01,01,male,strong,59
70,2.3356666666666666,True,1.0,0.5396012241518631,0.5259368300096136,0.5327690270807384,0.7390438284656752,-0.04995370370370361,-0.041666666666666574,0.4013420042864796,0.13494658324038353,0.1778052414767488,0.7208896232674281,0.013664394142249514,0.008287037037037037,0.026272190053706446,0.3614128502796907,0.12049660342012124,0.11414781052818229,0.0,0.9999999987499999,0.6061133332082834,0.29391857444138636,0.3020456566218695,0.3777106495058452,surprised,08,01,01,male,strong,59
80,2.6693333333333333,True,1.0,0.5856599021769932,0.5951880325715055,0.5904239673742493,0.7224610950889787,-0.05138888888888887,-0.042685185185185215,0.40253543793604923,0.14851632781934415,0.17709884276444876,0.8172398090191034,0.00952813039451239,0.008703703703703658,0.02851613622846331,0.387015727835836,0.12108240056948129,0.11302165506650089,0.0,0.9999999987499999,0.6087683621261004,0.29338023988023965,0.30338888812994536,0.3815558374776087,surprised,08,01,01,male,strong,59
90,3.003,True,1.0,0.6125132900915247,0.6141161180887575,0.6133147040901411,0.6892703418142353,-0.05254629629629626,-0.04439814814814813,0.40774847388295954,0.1334144578914123,0.17294490231316761,0.8898028348003911,0.0016028279972328807,0.008148148148148127,0.03507433061216072,0.4027614307461614,0.12138477964333472,0.11387407582640105,0.0,0.9999999987499999,0.6120278047312675,0.2920751320762824,0.29829436416930993,0.3704934255327396,surprised,08,01,01,male,strong,59
0,0.0,True,1.0,0.2695937959599074,0.25653460413738716,0.2630642000486473,0.4869164168889675,-0.05930555555555561,-0.05717592592592596,0.37679444113765365,0.11051841752551701,0.16058826598777404,0.5402656203901096,0.013059191822520244,0.002129629629629648,0.024119006049205968,0.5795798648998187,0.11442158976793954,0.1188020132406297,0.0,0.9999999987499999,0.6510659468709358,0.30775464862055546,0.2755168807325371,0.39627125103754224,neutral,01,01,01,male,normal,60
10,0.33366666666666667,True,1.0,0.49276016381253074,0.4607235048016121,0.4767418343070714,0.4714333155130176,-0.0464814814814814,-0.04481481481481481,0.3797634566429254,0.10298294381152022,0.16140680764793475,1.011260381096056,0.03203665901091862,0.0016666666666665941,0.02366298872200106,0.600081529397187,0.1126363071048538,0.11890433718487489,0.0,0.9999999987499999,0.6526884111613397,0.30819369643214445,0.27319943266183605,0.3985926179365756,neutral,01,01,01,male,normal,60
20,0.6673333333333333,True,1.0,0.47729360579468666,0.4211357217862506,0.4492146637904686,0.5373613143258247,-0.04879629629629628,-0.04587962962962966,0.38478030673114183,0.11613256090693776,0.1627481766230904,0.8359639069925509,0.056157884008436076,0.002916666666666623,0.015885296015221505,0.5194704955695217,0.10886565622267258,0.11873102872005459,0.0,0.9999999987499999,0.6509585049957484,0.3087874014030466,0.273405078807035,0.39879615186571404,neutral,01,01,01,male,normal,60
30,1.0010000000000001,True,1.0,0.435115363858786,0.40087848326395015,0.4179969235613681,0.8642244810937287,-0.051712962962963016,-0.04796296296296293,0.3591260170092254,0.24687146921789418,0.16405685639359968,0.4836670711206509,0.03423688059483587,0.0037500000000000866,0.014771057447828778,0.3519447109457912,0.11102844247056114,0.11833221338213658,0.0,0.9999999987499999,0.6542559884969612,0.3081117105579146,0.2763837891029328,0.40542708338617295,neutral,01,01,01,male,normal,60
40,1.3346666666666667,True,1.0,0.4868562204254123,0.4282076493671707,0.4575319348962915,0.7591380772336133,-0.05157407407407405,-0.04759259259259263,0.36633374695104737,0.2049154182008801,0.16279317378698843,0.602699230373993,0.058648571058241616,0.003981481481481419,0.008409517458776394,0.40539092486482237,0.10829654100615495,0.11941001398363209,0.0,0.9999999987499999,0.6553697249368498,0.3085916976789357,0.2740478558661294,0.40139428392338644,neutral,01,01,01,male,normal,60
50,1.6683333333333334,True,1.0,0.4777257421575863,0.4423491453329266,0.46003744374525646,0.5725674276775365,-0.050138888888888955,-0.04365740740740737,0.36872723976172866,0.180790960451978,0.160844135876963,0.8034642236134052,0.03537659682465971,0.006481481481481588,0.011625752771546045,0.48843333279282225,0.11122531644777618,0.11846925608575426,0.0,0.9999999987499999,0.6531457284319978,0.30670626196228556,0.2675633531568142,0.3931067831714234,neutral,01,01,01,male,normal,60
60,2.0020000000000002,True,1.0,0.4848581591262481,0.469537981954773,0.47719807054051055,0.6969468852722841,-0.05092592592592593,-0.04472222222222222,0.36777673364114893,0.15908570207302203,0.1696622300105387,0.6846979025583538,0.015320177171475102,0.006203703703703711,0.01690258104571336,0.4041177502570003,0.11015140938168953,0.11946841702879593,0.0,0.9999999987499999,0.6516194907181623,0.3084710561639871,0.27449719648243476,0.4004165967490088,neutral,01,01,01,male,normal,60
70,2.3356666666666666,True,1.0,0.4881252272708948,0.475412636761115,0.4817689320160049,0.5408280532350063,-0.0496759259259259,-0.0445370370370371,0.38511803409956524,0.10961464163312022,0.17167182944777287,0.8907987097456678,0.012712590509779798,0.005138888888888804,0.028069227342006866,0.517538194720979,0.11160900276069265,0.1192316811583284,0.0,0.9999999987499999,0.6514447938784889,0.30865777657634186,0.2725659069451308,0.39903915222695147,neutral,01,01,01,male,normal,60
80,2.6693333333333333,True,1.0,0.4697262710486645,0.45277954677039617,0.4612529089095303,0.4324764861322304,-0.04930555555555555,-0.0415740740740741,0.3884141874700166,0.050455590048761094,0.17160293092747084,1.0665386990970451,0.01694672427826832,0.00773148148148145,0.024320523571717524,0.6223311071643794,0.10682782395711908,0.11849579315595249,0.0,0.9999999987499999,0.646789722232643,0.310368484109914,0.26971972715729403,0.3950653961065306,neutral,01,01,01,male,normal,60
90,3.003,True,1.0,0.4782142413550111,0.45075771461243525,0.46448597798372315,0.43205894044321225,-0.0502777777777777,-0.04212962962962974,0.38749957255128903,0.05759773501360482,0.17022675682426716,1.0750523470414632,0.02745652674257587,0.00814814814814796,0.03686896250834462,0.6382586808173785,0.11368624103552737,0.11692730217415742,0.0,0.9999999987499999,0.653325074006165,0.307171268050929,0.27402892626492714,0.39444475338923946,neutral,01,01,01,male,normal,60
0,0.0,True,1.0,0.4600950213718013,0.41935357356255537,0.43972429746717834,0.4913407370623219,-0.046759259259259334,-0.04666666666666669,0.38161339731638755,0.11535726763649838,0.16338133875623884,0.8949477710646319,0.040741447809245934,9.259259259264407e-05,0.03241422982199334,0.5643330277083377,0.11284876703174036,0.11918324841075999,0.0,0.9999999987499999,0.6510484769610969,0.3079965228100081,0.2793747087282769,0.3990466766170806,neutral,01,01,01,male,normal,61
10,0.33366666666666667,True,1.0,0.5001258879869436,0.4844382602624948,0.4922820741247192,0.49592298610314883,-0.04625000000000007,-0.04430555555555554,0.3820644737657691,0.08721792694036656,0.16764578415214113,0.9926583117127942,0.01568762772444876,0.0019444444444445264,0.02937728980088223,0.5674402595451004,0.1197155545577432,0.11346543329441577,0.0,0.9999999987499999,0.6082737807388582,0.2813439658800049,0.2855395137280956,0.3547004732718154,neutral,01,01,01,male,normal,61
20,0.6673333333333333,True,1.0,0.4917815130764603,0.4637029011967243,0.4777422071365923,0.5100681571729998,-0.04458333333333331,-0.04444444444444445,0.378541858580504,0.08703653853672305,0.16849126599315783,0.9366242538731084,0.028078611879735982,0.0001388888888888551,0.045865602978597486,0.5556746169956027,0.12164582338951085,0.11309090009040157,0.0,0.9999999987499999,0.6083893352184624,0.2789117697018661,0.2891849142212598,0.3542828347852136,neutral,01,01,01,male,normal,61
30,1.0010000000000001,True,1.0,0.463133276135766,0.451634340001875,0.4573838080688205,0.8460856760174301,-0.047824074074074074,-0.04879629629629628,0.36745094772641784,0.1927324338248662,0.16695252381865447,0.5405880527628717,0.011498936133890969,0.0009722222222222077,0.045283194570357045,0.3467505452774774,0.11378476114967023,0.12004858381286858,0.0,0.9999999987499999,0.6506516410314126,0.3076902216367438,0.2822859855024271,0.39652299967468024,neutral,01,01,01,male,normal,61
40,1.3346666666666667,True,1.0,0.4251202729107064,0.43638190951245914,0.4307510912115828,0.6151920139842674,-0.051574074074073994,-0.04999999999999988,0.3758752785925138,0.16099182438154624,0.16475059283543336,0.7001896666730765,0.011261636601752723,0.0015740740740741166,0.025546252220308492,0.4689759114119801,0.11001053922687276,0.12070809644622935,0.0,0.9999999987499999,0.6552052590489321,0.3080728140364825,0.27833282482053723,0.402533822421903,neutral,01,01,01,male,normal,61
50,1.6683333333333334,True,1.0,0.47669353530014685,0.4538345116078484,0.46526402345399764,0.5185587312172223,-0.04865740740740737,-0.04699074074074072,0.37637308147633275,0.14808316019825377,0.16279317378698843,0.8972253198049043,0.022859023692298475,0.0016666666666666496,0.011407379292370989,0.5468925852975788,0.11262191862797352,0.11827538515624123,0.0,0.9999999987499999,0.6535237734937727,0.30798222176830914,0.2753021002075637,0.3998654397391663,neutral,01,01,01,male,normal,61
60,2.0020000000000002,True,1.0,0.4533900764904421,0.44522280378550244,0.4493064401379723,0.6758269911448317,-0.05175925925925923,-0.048101851851851785,0.3812593379207528,0.19832570270691022,0.1661559920846454,0.6648246459894417,0.008167272704939665,0.0036574074074074425,0.00403689569167449,0.44018448206164323,0.11147229535542431,0.11999627680618262,0.0,0.9999999987499999,0.6557618682863771,0.3084332719145104,0.2766401269893696,0.4007105227687316,neutral,01,01,01,male,normal,61
70,2.3356666666666666,True,1.0,0.3848791279582654,0.36788916617759554,0.37638414706793044,0.6155774822616528,-0.05291666666666667,-0.04981481481481487,0.3787506594265413,0.08781372238993429,0.17239932999698837,0.6114326107009018,0.01698996178066986,0.0031018518518518,0.00686045627822518,0.4279577709728945,0.10906642648672611,0.1209332961262107,0.0,0.9999999987499999,0.6511703774947479,0.3099331147616733,0.27559063157158115,0.39712470435917285,neutral,01,01,01,male,normal,61
80,2.6693333333333333,True,1.0,0.43636363636363673,0.4197122036093861,0.4280379199865114,0.38826756725474226,-0.04847222222222214,-0.04495370370370366,0.4041229444189912,0.020783279603493268,0.16957451946998714,1.1024302725385142,0.016651432754250628,0.0035185185185184764,0.006198226534305068,0.7034638671179707,0.11176008278702064,0.11812630316579148,0.0,0.9999999987499999,0.6512458752797995,0.3083993371823786,0.2738807747260703,0.3948751640597525,neutral,01,01,01,male,normal,61
90,3.003,True,1.0,0.4686246813143796,0.42903563253243543,0.44883015692340755,0.3951497415586116,-0.048518518518518516,-0.04638888888888887,0.394731169952385,0.028173861162878466,0.1702684334007226,1.1358482866597894,0.03958904878194419,0.002129629629629648,0.010925760418413723,0.6627052795697074,0.11228685919474928,0.11794917868000286,0.0,0.9999999987499999,0.648863664051558,0.3079713131556152,0.27315494944061874,0.3929720927658373,neutral,01,01,01,male,normal,61
0,0.0,True,1.0,0.5072187567745586,0.49143609346716133,0.49932742512086,0.4938334942676383,-0.049398148148148247,-0.04152777777777772,0.38578839384421965,0.07258285056683725,0.16604988980092197,1.0111250672888628,0.015782663307397304,0.007870370370370527,0.03555737441740534,0.5652580302733394,0.12368238150881121,0.11051569409433018,0.0,0.9999999987499999,0.6025845759866446,0.28777266528104434,0.28761879842987964,0.36388590088030637,neutral,01,01,01,male,normal,62
10,0.33366666666666667,True,1.0,0.5297129439756735,0.5059202056060136,0.5178165747908435,0.49767918890970286,-0.04976851851851849,-0.043287037037037124,0.3816503946457797,0.11708496318657916,0.16188522218583634,1.040462583788679,0.023792738369659894,0.006481481481481366,0.03347761425610004,0.5466727352802706,0.12438366336705778,0.1109345845851818,0.0,0.9276654252788636,0.6007944407841261,0.2842311257909688,0.29311057115116057,0.357048960993053,neutral,01,01,01,male,normal,62
20,0.6673333333333333,True,1.0,0.5621873610741243,0.49683220771350517,0.5295097843938147,0.5773153619789207,-0.05583333333333329,-0.04518518518518516,0.3712888464652921,0.20670461204295545,0.14861316461619914,0.9171933041566083,0.06535515336061909,0.010648148148148129,0.06764840748353815,0.4856256840162247,0.110925412739721,0.11729728443984022,0.0,0.9999999987499999,0.6625092571403561,0.3089220007644744,0.267803691712622,0.38848521501376143,neutral,01,01,01,male,normal,62
30,1.0010000000000001,True,1.0,0.48003435462093547,0.44613233947130426,0.46308334704611986,0.7218985294091887,-0.05152777777777778,-0.04430555555555554,0.3668259072994703,0.23296914075386382,0.15626220655445008,0.6414798315562623,0.033902015149631204,0.007222222222222241,0.04930993414880662,0.41463467110278623,0.11090073321155337,0.11989074468938729,0.0,0.9999999987499999,0.6562319352272159,0.31345061509948147,0.2672465527555198,0.3928991835741623,neutral,01,01,01,male,normal,62
40,1.3346666666666667,True,1.0,0.48152427263714903,0.48882908277548065,0.48517667770631484,0.6133218296146122,-0.05101851851851846,-0.04379629629629622,0.3737617215138674,0.1495766137820792,0.1639675432966848,0.7910637682848842,0.007304810138331619,0.007222222222222241,0.04190439622606989,0.4689629596882139,0.1228269100921984,0.11214729637446927,0.0,0.9999999987499999,0.6037587576436826,0.28530888212488126,0.3016183709205369,0.36181733117693576,neutral,01,01,01,male,normal,62
50,1.6683333333333334,True,1.0,0.4182109699830705,0.4110452064374428,0.41462808821025665,0.5233714380613157,-0.05240740740740746,-0.045694444444444426,0.3828629211771305,0.11629056925382324,0.16600163907137394,0.7922252879257825,0.007165763545627701,0.006712962962963032,0.030874278635488334,0.5340817753538365,0.12534558880282468,0.109672955600539,0.0,0.7468974696579258,0.5979973199904962,0.28468001316592445,0.3004047311466817,0.35992594546766543,neutral,01,01,01,male,normal,62
60,2.0020000000000002,True,1.0,0.4652085011087741,0.4323524741794911,0.4487804876441326,0.6721681788745086,-0.05490740740740735,-0.04546296296296293,0.3651542925857229,0.16782276577640137,0.16805600953544336,0.6676610136403353,0.03285602692928302,0.009444444444444422,0.0533564715374156,0.4363414632566003,0.1232959053591779,0.11094669827734621,0.0,0.9999999987499999,0.6107090610619248,0.28981076219901275,0.29599603017478116,0.36544978679171575,neutral,01,01,01,male,normal,62
70,2.3356666666666666,True,1.0,0.48003435462093597,0.46924796835032895,0.47464116148563246,0.49222249557770753,-0.04958333333333337,-0.042037037037036984,0.3852707416892103,0.08681528229299841,0.16458750530379493,0.9642817338702889,0.010786386270607018,0.007546296296296384,0.04486786185379104,0.5527375516944086,0.12138855748848455,0.1123541385864003,0.0,0.9999999987499999,0.6049633921771834,0.289361354417904,0.290869699392253,0.36604966671573685,neutral,01,01,01,male,normal,62
80,2.6693333333333333,True,1.0,0.4706339521926611,0.4387262154618521,0.45468008382725655,0.3910962349805496,-0.0501388888888889,-0.04194444444444434,0.39859289921682195,0.03485606172423663,0.16528193221939325,1.1625785245666433,0.03190773673080899,0.00819444444444456,0.04592382341992095,0.6505441696839471,0.1250550871713355,0.11000408626449648,0.0,0.9999999987499999,0.5986497781456332,0.28666194861588695,0.30000086341383336,0.35729131484342896,neutral,01,01,01,male,normal,62
90,3.003,True,1.0,0.41378537456334885,0.41124520098375866,0.41251528777355373,0.38050419456320733,-0.04958333333333337,-0.04208333333333336,0.39346833569689343,0.028161061128776414,0.16527962420916556,1.0841280954789287,0.002540173579590188,0.007500000000000007,0.0464999555444159,0.6958170528784499,0.12524803079452296,0.10995775803549761,0.0,0.7914620433847732,0.5977868966102066,0.28601142181738737,0.3004063670307313,0.3577546402701533,neutral,01,01,01,male,normal,62
0,0.0,True,1.0,0.5200338821399284,0.5319211380832441,0.5259775101115862,0.7889962536998596,-0.05111111111111111,-0.04518518518518527,0.3521874758688159,0.29185474748352186,0.16182865820145273,0.6666413276933914,0.011887255943315744,0.0059259259259258346,0.023946824062579183,0.3870793179192474,0.1261839911801613,0.10870728674923617,0.0,0.9999999987499999,0.6027888254598714,0.2864967445782161,0.2946225914067923,0.3668542665440625,neutral,01,01,01,male,normal,63
10,0.33366666666666667,True,1.0,0.503479547588314,0.48761373697398175,0.49554664228114786,0.7562469037849211,-0.0507407407407407,-0.04458333333333325,0.3522497347895991,0.25165068437405497,0.16597406092804148,0.65527097010381,0.015865810614332287,0.006157407407407445,0.040096116502201115,0.3949182048792529,0.12271989346389825,0.11175411326868154,0.0,0.9999999987499999,0.6034174694174544,0.28817853315986586,0.2928782200649396,0.3611745662404982,neutral,01,01,01,male,normal,63
20,0.6673333333333333,True,1.0,0.4531088708262917,0.4332490700231458,0.44317897042471877,0.6725201448839293,-0.05189814814814808,-0.044768518518518596,0.3542922013668628,0.20316365719416768,0.16875045211166292,0.6589824465424858,0.01985980080314592,0.007129629629629486,0.049480155322055235,0.46684390126960656,0.11425540426894405,0.11815837428180499,0.0,0.9999999987499999,0.6431686800579607,0.31125654624872917,0.2770437085398803,0.3975400979194234,neutral,01,01,01,male,normal,63
30,1.0010000000000001,True,1.0,0.48752216786841857,0.4798481393096452,0.48368515358903186,0.7861215399779375,-0.05212962962962958,-0.04490740740740734,0.3537867832731667,0.22784551838233252,0.16459492187906868,0.6152803720434965,0.00767402855877336,0.007222222222222241,0.03310275364445857,0.37955561693502377,0.12052296500634904,0.11260743075998489,0.0,0.9999999987499999,0.604634106056485,0.28911015020472924,0.2908822894801574,0.36584227080668075,neutral,01,01,01,male,normal,63
40,1.3346666666666667,True,1.0,0.44600263173188726,0.4140354848468607,0.430019058289374,0.5891559327963988,-0.050509259259259365,-0.043842592592592544,0.383095374168559,0.12195857644829694,0.16745043666383247,0.7298900585593874,0.031967146885026554,0.006666666666666821,0.03981250768514697,0.5295945625775607,0.10796793531267361,0.11842713201492427,0.0,0.9999999987499999,0.651410579012855,0.30810825177423506,0.2765420502072307,0.4029665772140189,neutral,01,01,01,male,normal,63
50,1.6683333333333334,True,1.0,0.4481073832805796,0.3950366845404037,0.42157203391049164,0.7402154506692221,-0.048750000000000016,-0.04398148148148151,0.3836959940546318,0.15956698731732674,0.16950926939060415,0.5695261204414906,0.05307069874017589,0.004768518518518505,0.027074503376394353,0.3902719029591855,0.118892897418246,0.11465995549658788,0.0,0.9999999987499999,0.6026864966455332,0.2875514905782425,0.299743066358086,0.3649419956549626,neutral,01,01,01,male,normal,63
60,2.0020000000000002,True,1.0,0.44074634067038165,0.4355681278964958,0.4381572342834387,0.6008022123409922,-0.0477314814814816,-0.04259259259259257,0.37321531889718773,0.10504694821692898,0.1715282225678134,0.7292869854393239,0.00517821277388586,0.005138888888889026,0.03380797664383982,0.4742927732595656,0.11399178301453676,0.11728104957700362,0.0,0.9999999987499999,0.6518015906128076,0.30948980876021065,0.2813745994625184,0.399541742064904,neutral,01,01,01,male,normal,63
70,2.3356666666666666,True,1.0,0.4326600129708372,0.4023295728299143,0.4174947929003757,0.35534898141482496,-0.05199074074074067,-0.04499999999999987,0.3787889674066414,0.0,0.1694444444444444,1.1748867021881326,0.030330440140922954,0.006990740740740797,0.0415719079867075,0.7194534095839019,0.12334392427671337,0.11089331125479943,0.0,0.9999999987499999,0.6011713501650662,0.28816615524740435,0.2916661091685219,0.36048228677810185,neutral,01,01,01,male,normal,63
80,2.6693333333333333,True,1.0,0.4714816883495521,0.4408245244260258,0.45615310638778894,0.32584825499444453,-0.04930555555555555,-0.043379629629629546,0.39243505922169863,0.0,0.17013933730985403,1.399894274086464,0.0306571639235263,0.005925925925926001,0.037381726032571005,0.7672282915992975,0.12451336888163664,0.10957860697675013,0.0,0.9999999987499999,0.6018559815332383,0.28738487726953554,0.2920512051260926,0.36238131254977013,neutral,01,01,01,male,normal,63
90,3.003,True,1.0,0.4683169885579327,0.4467796376653751,0.4575483131116539,0.32356649446714697,-0.049907407407407456,-0.04259259259259257,0.39488751889273727,-0.007025654858568523,0.1694484967301334,1.4140781599317003,0.021537350892557594,0.007314814814814885,0.036938421115053,0.7924564042679154,0.126943180818961,0.10728835362599179,0.0,0.9999999987499999,0.5996072625378277,0.2869460867018021,0.2979676800334399,0.36092903035103036,neutral,01,01,01,male,normal,63
0,0.0,True,1.0,0.4489321843051536,0.4344267564346441,0.44167947036989885,0.42375172028688735,-0.05388888888888882,-0.045185185185185106,0.40399014722847615,0.06816773539365234,0.15626757713634168,1.0423072030737104,0.014505427870509457,0.008703703703703713,0.0677537144288088,0.6463558824398316,0.12672511967722136,0.1078995547630398,0.0,0.8701903138677117,0.6020069782913166,0.28883411500122325,0.296427984931634,0.36581221720443247,calm,02,01,01,male,normal,64
10,0.33366666666666667,True,1.0,0.4580531324763195,0.44225780338057685,0.4501554679284482,0.42433179660841697,-0.05282407407407402,-0.04375000000000007,0.40223634417333326,0.03416971739929064,0.16528931763555116,1.0608572619974126,0.01579532909574266,0.009074074074073957,0.05875744506321759,0.641461911147149,0.1238306925259757,0.11086623276850621,0.0,0.8491254664072244,0.6085029509225566,0.28577311024616875,0.2891501813278593,0.3667890209208794,calm,02,01,01,male,normal,64
20,0.6673333333333333,True,1.0,0.4364677356813775,0.3931894366252705,0.41482858615332396,0.5031227509855604,-0.05435185185185187,-0.044120370370370365,0.39204892211098996,0.09763890867782846,0.15973941728849342,0.8245077077924261,0.04327829905610697,0.010231481481481508,0.06899454207650713,0.5569615800592556,0.12370477898453877,0.11031805765947625,0.0,0.9999999987499999,0.5989947619047619,0.29209090768659945,0.2986394502562004,0.3693916345955435,calm,02,01,01,male,normal,64
30,1.0010000000000001,True,1.0,0.4574476856764133,0.4025869875348932,0.4300173366056532,0.7761943392244547,-0.06425925925925924,-0.048055555555555574,0.3858071462797669,0.20436602632804407,0.16877215204719234,0.554007308318315,0.054860698141520114,0.016203703703703665,0.06735635867812731,0.38483170012554174,0.11136675762159368,0.11913857767811856,0.0,0.9999999987499999,0.6560568134832059,0.3091207540062664,0.28528112594347244,0.4138967240861215,calm,02,01,01,male,normal,64
40,1.3346666666666667,True,1.0,0.3561568557225086,0.295208931976571,0.3256828938495398,0.6006023976512391,-0.06574074074074066,-0.054490740740740784,0.38880842312082936,0.22317464840646353,0.1565080876317279,0.5422603957679486,0.060947923745937604,0.011249999999999871,0.0549325122839128,0.47937399484546156,0.10940391299206083,0.11855707487630807,0.0,0.9999999987499999,0.6562674388036465,0.31696494009296433,0.2691276158190318,0.39116115472340074,calm,02,01,01,male,normal,64
50,1.6683333333333334,True,1.0,0.3999203671023708,0.37055415375257716,0.38523726042747397,0.835693358392744,-0.06111111111111106,-0.05046296296296293,0.37720423050000035,0.2784424560699785,0.16188522218583634,0.46097920554063704,0.029366213349793613,0.010648148148148129,0.05262037035138005,0.366652955891948,0.12171626271662207,0.11385486006375117,0.0,0.7547319611406232,0.5991009410326631,0.2893174324123437,0.3118232200981065,0.37487212163671285,calm,02,01,01,male,normal,64
60,2.0020000000000002,True,1.0,0.4431100410005642,0.4141934309978701,0.42865173599921713,0.8154104385288625,-0.05675925925925923,-0.04712962962962963,0.3934586571068466,0.20707259825618018,0.16391169789821344,0.5256883107513033,0.028916610002694132,0.009629629629629599,0.04835477781816243,0.3371554456541433,0.11214831348493565,0.11936471363936935,0.0,0.9999999987499999,0.6572900714739021,0.3080941841384773,0.28761250105955005,0.4151845044767337,calm,02,01,01,male,normal,64
70,2.3356666666666666,True,1.0,0.46463375233339127,0.4375401686034694,0.45108696046843033,0.6011897522578055,-0.05578703703703697,-0.04662037037037037,0.38667402884301877,0.14302501985391103,0.17292063758304477,0.7503237684513836,0.027093583729921877,0.0091666666666666,0.04702789888383795,0.44733815762112766,0.11151941523677804,0.11931547810160616,0.0,0.9999999987499999,0.6569407201005403,0.3071219861406255,0.2845982099706209,0.4094520799579448,calm,02,01,01,male,normal,64
80,2.6693333333333333,True,1.0,0.4127092176994375,0.3921401815667384,0.40242469963308797,0.407387582890071,-0.05319444444444443,-0.04476851851851854,0.4038126500436084,0.05423261445466494,0.164590750096599,0.9878177846713551,0.020569036132699114,0.008425925925925892,0.049744124147077906,0.657886445680614,0.12437460665761756,0.11077288044094097,0.0,0.9999999987499999,0.5920716587885153,0.28486891278819,0.30981208274418087,0.3657658163961498,calm,02,01,01,male,normal,64
90,3.003,True,1.0,0.46238991993818623,0.42451224491002465,0.44345108242410547,0.3624052144108534,-0.05291666666666667,-0.04537037037037034,0.4066808219144101,0.03349069062022178,0.1673615669747278,1.223633283381435,0.037877675028161584,0.007546296296296329,0.054001154199289594,0.7222508594911452,0.12693103011742057,0.10765724995795756,0.0,0.9999999987499999,0.5886805384732018,0.2860376084705302,0.31206348556656,0.366035558931711,calm,02,01,01,male,normal,64
100,3.336666666666667,True,1.0,0.43821480564284016,0.4192536234102156,0.4287342145265279,0.36240521441085327,-0.054398148148148084,-0.04324074074074069,0.4066808219144101,0.033490690620221766,0.16597957692328508,1.1830244088057695,0.01896118223262455,0.011157407407407394,0.054559199908603806,0.7222508594911468,0.12342038520770038,0.10994516321452687,0.0,0.9999999987499999,0.5964478991674795,0.28834338392802217,0.29965390491020766,0.3731824769421705,calm,02,01,01,male,normal,64
0,0.0,True,1.0,0.5168909252015499,0.48673943540584275,0.5018151803036963,0.5404489957484138,-0.04990740740740729,-0.0443055555555556,0.39435544317756266,0.10665588048401246,0.16756202664121514,0.9285153349369863,0.030151489795707143,0.005601851851851691,0.01278279463923837,0.5334856688328347,0.12561531136292994,0.10918957562931403,0.0,0.9999999987499999,0.602434338133691,0.2828348297201367,0.3027723274287455,0.3684602865692854,calm,02,01,01,male,normal,65
10,0.33366666666666667,True,1.0,0.485484032071511,0.46879498703276146,0.47713950955213624,0.49014376595015097,-0.049398148148148135,-0.04379629629629633,0.3993103690825895,0.07698283414040502,0.16756202664121514,0.9734684855721754,0.016689045038749517,0.005601851851851802,0.017212331554067387,0.5622096477981932,0.12423085079355557,0.11041765117377413,0.0,0.9999999987499999,0.6027111754858193,0.2839908562058514,0.3025190917881994,0.36935154204886794,calm,02,01,01,male,normal,65
20,0.6673333333333333,True,1.0,0.5015343825425382,0.45262767874061394,0.4770810306415761,0.6020886619929593,-0.04986111111111108,-0.04430555555555549,0.38853753216066766,0.10751583249874347,0.16752559727057023,0.7923767058864746,0.0489067038019243,0.005555555555555591,0.01812368424478133,0.46935429679937535,0.11243967311540704,0.11925016954571109,0.0,0.9999999987499999,0.6491810508265806,0.3073457148117772,0.27790911912294564,0.40308872252813094,calm,02,01,01,male,normal,65
30,1.0010000000000001,True,1.0,0.5024367179782424,0.47523992695646555,0.488838322467354,0.7573203025291606,-0.05212962962962958,-0.047222222222222165,0.4019905919198669,0.15834879052882403,0.1639801058903094,0.6454842433707648,0.027196791021776856,0.004907407407407416,0.01866902976982469,0.37884563953547323,0.12162639188821062,0.11277442499418965,0.0,0.9999999987499999,0.6023789848204907,0.2852023971504749,0.3089510512424284,0.37452280375937186,calm,02,01,01,male,normal,65
40,1.3346666666666667,True,1.0,0.42875126622781595,0.4245186854218407,0.42663497582482834,0.6384378105928066,-0.05208333333333337,-0.04814814814814811,0.3913156184275924,0.14895718564607147,0.16466165602418417,0.6682482909787038,0.004232580805975272,0.003935185185185264,0.01807570802713207,0.4645942664499417,0.12417850044639314,0.11030393492170533,0.0,0.9999999987499999,0.6034593419086385,0.28414794379301533,0.305364038888977,0.3714181415389202,calm,02,01,01,male,normal,65
50,1.6683333333333334,True,1.0,0.47054798868355524,0.42124030618735625,0.44589414743545575,0.8656517153564275,-0.055277777777777815,-0.04935185185185181,0.36937366044036307,0.26117573520832876,0.16389633707769244,0.5150964753207486,0.04930768249619899,0.005925925925926001,0.018017712597035666,0.3508201526984991,0.1206572737298733,0.1138106868122906,0.0,0.9999999987499999,0.6038956813741122,0.28635401420908985,0.3068714049164259,0.3784827085826156,calm,02,01,01,male,normal,65
60,2.0020000000000002,True,1.0,0.46971833338874136,0.4355826647672752,0.45265049907800825,0.5522701274936057,-0.052361111111111025,-0.046944444444444344,0.3789115927125549,0.18166780509658123,0.15839162723834257,0.8196179306896318,0.034135668621466164,0.005416666666666681,0.029407719562361333,0.503976998579254,0.10907620546815149,0.11789297644978051,0.0,0.9999999987499999,0.6585057953728367,0.3128561628161898,0.2738515722754442,0.39800981409576974,calm,02,01,01,male,normal,65
70,2.3356666666666666,True,1.0,0.43603445832537785,0.3974072660199256,0.4167208621726517,0.6030282734239565,-0.05134259259259255,-0.045416666666666716,0.38634023093442055,0.14357816033903673,0.1659947449650842,0.691046971656133,0.03862719230545225,0.0059259259259258346,0.02243273425844844,0.44769908494798694,0.12460248304915299,0.11051649216423609,0.0,0.999910432467157,0.6040856900103792,0.2848853050560116,0.3107362791358823,0.37170843508404916,calm,02,01,01,male,normal,65
80,2.6693333333333333,True,1.0,0.4432734356869609,0.440838692054292,0.44205606387062646,0.6159160609891565,-0.04953703703703699,-0.044120370370370365,0.3972687736504564,0.11897406276363345,0.1673725073290452,0.7177212803327255,0.0024347436326689342,0.005416666666666625,0.02337648027539504,0.45257119531723,0.12223823995628293,0.11261960163206991,0.0,0.9999999987499999,0.602096548908626,0.28555904470862553,0.3044127365440639,0.36325947595889807,calm,02,01,01,male,normal,65
90,3.003,True,1.0,0.47418874879345363,0.4489962228734442,0.4615924858334489,0.435271968499486,-0.04986111111111119,-0.043379629629629546,0.39657093419241696,0.04914360934671591,0.16879520517201455,1.0604691301962257,0.025192525920009423,0.0064814814814816435,0.032056186834754655,0.6358993698572174,0.12386074049088866,0.11083266190392806,0.0,0.8702946894779098,0.5998794589867197,0.2855273413439444,0.3030715397574094,0.36136271921115,calm,02,01,01,male,normal,65
100,3.336666666666667,True,1.0,0.4508092047775419,0.45075771461243475,0.45078345969498834,0.42583496120494707,-0.049490740740740724,-0.04351851851851851,0.4047080757649526,0.027468701683557122,0.17365505086318994,1.058587248025495,5.149016510713755e-05,0.005972222222222212,0.026889643030438618,0.653914176127844,0.1139091096746479,0.11654684114271247,0.0,0.9999999987499999,0.6507388867109344,0.30647934348811545,0.28327598722291647,0.4066167955453771,calm,02,01,01,male,normal,65
0,0.0,True,1.0,0.4332341710056848,0.4129017367495657,0.42306795387762525,0.4103196979746584,-0.05166666666666664,-0.043518518518518456,0.42562670638848593,0.012814573844535488,0.16945570055431014,1.031069080928584,0.02033243425611908,0.008148148148148182,0.03347411373905502,0.6529833204051784,0.11414344798141877,0.11729598635583048,0.0,0.9999999987499999,0.651586087872649,0.30179731642903435,0.28454142120242193,0.4013417956619631,calm,02,01,01,male,normal,66
10,0.33366666666666667,True,1.0,0.4136545793743869,0.388635357178768,0.4011449682765774,0.367669654289109,-0.05171296296296296,-0.04287037037037028,0.4451019172029294,-0.03055332712700215,0.1687613024282096,1.0910472583117936,0.025019222195618862,0.00884259259259268,0.048208913809502145,0.7479023678254468,0.12458120459701427,0.10915294637944296,0.0,0.9277134187070357,0.6018257213744873,0.28575968242718036,0.29643920082729774,0.3567626702064134,calm,02,01,01,male,normal,66
20,0.6673333333333333,True,1.0,0.42958253360166804,0.4089795200530727,0.41928102682737034,0.4953161353733606,-0.04939814814814819,-0.043240740740740746,0.41520107189928335,0.03252961517659816,0.17295240163192807,0.8464917592707204,0.02060301354859534,0.006157407407407445,0.038408652197553926,0.5567459331452316,0.11322763061348828,0.11818028091812013,0.0,0.9999999987499999,0.6449312805825456,0.30467671596614637,0.28977315763206823,0.41070000853102184,calm,02,01,01,male,normal,66
30,1.0010000000000001,True,1.0,0.44914327478686933,0.4105417866697016,0.4298425307282855,0.7481104559056514,-0.055092592592592526,-0.047083333333333255,0.38852122498184455,0.16610264418256349,0.1715437894924943,0.574570943815943,0.03860148811716774,0.008009259259259272,0.04820666460683819,0.3921301065943265,0.11020122196148822,0.12021749486567267,0.0,0.9999999987499999,0.648983975676208,0.30519799340888293,0.29339008128195293,0.4147455284128737,calm,02,01,01,male,normal,66
40,1.3346666666666667,True,1.0,0.4073897453681856,0.40537083742878294,0.4063802913984843,0.60491347486981,-0.05384259259259255,-0.047083333333333366,0.3762124884200593,0.1295198151422369,0.1694665057164012,0.6717990395005597,0.002018907939402681,0.006759259259259187,0.05621379317499401,0.4648350396921646,0.12360910697192229,0.11025257781917426,0.0,0.8824977958596247,0.6079897309783288,0.28577831971537826,0.2959203455982687,0.3533342867526533,calm,02,01,01,male,normal,66
50,1.6683333333333334,True,1.0,0.29857816696309475,0.2620035083608378,0.2802908376619663,0.7890749550771758,-0.06375000000000003,-0.05523148148148144,0.4035408297221137,0.16705546505466795,0.17153489427994736,0.3552144645555913,0.03657465860225695,0.008518518518518592,0.047267182514950754,0.3561412002195019,0.11129319386330111,0.11743609739470988,0.0,0.9999999987499999,0.6538329748461886,0.30420717227976796,0.29288950565710037,0.41356784756864334,calm,02,01,01,male,normal,66
60,2.0020000000000002,True,1.0,0.45724084682027527,0.43327396025078313,0.44525740353552923,0.8305193168632432,-0.05328703703703702,-0.04518518518518522,0.41027979767736644,0.1740766805422097,0.17291666666666666,0.5361192623637039,0.02396688656949214,0.008101851851851805,0.036675709477497896,0.35516652511658137,0.11130975103185156,0.11838992770418703,0.0,0.9999999987499999,0.6518799109565702,0.3054438465861864,0.2942065859334236,0.42087872380830865,calm,02,01,01,male,normal,66
70,2.3356666666666666,True,1.0,0.4308282167304285,0.42006700408238584,0.42544761040640716,0.6106743961620832,-0.05254629629629631,-0.04472222222222211,0.3937957567800517,0.0902058920616602,0.17917049906572252,0.6966848668950684,0.01076121264804264,0.007824074074074205,0.04261387950194814,0.4440278882551293,0.11563095935826426,0.11664937251507651,0.0,0.9999999987499999,0.6476346314150659,0.30424073240284233,0.2925777734233582,0.4122100426660598,calm,02,01,01,male,normal,66
80,2.6693333333333333,True,1.0,0.4758778266980644,0.46848743760609834,0.47218263215208134,0.48312628331320184,-0.050694444444444486,-0.04412037037037042,0.41668157437212383,0.02608781570160398,0.17570139218256636,0.9773482595770391,0.007390389091966043,0.0065740740740740655,0.04279284709463472,0.587120722761238,0.11033638911055564,0.11801307264098927,0.0,0.9999999987499999,0.645873535554847,0.3048633444099495,0.28543712246490965,0.4053137749151192,calm,02,01,01,male,normal,66
90,3.003,True,1.0,0.4542872004427327,0.4265083309643133,0.44039776570352296,0.3791814801416708,-0.05111111111111111,-0.042685185185185104,0.4293805299318401,-0.01887630297584434,0.17362693070286384,1.1614432369929575,0.0277788694784194,0.008425925925926003,0.05670711188346065,0.7033624431762803,0.11364869728657434,0.11793707086748932,0.0,0.9999999987499999,0.6472161138517906,0.3034969729360774,0.28505234281397523,0.3999517975063686,calm,02,01,01,male,normal,66
100,3.336666666666667,True,1.0,0.42892184421284163,0.3886353571787681,0.40877860069580485,0.36555918852646846,-0.04953703703703699,-0.04148148148148145,0.43423340481263817,-0.01887630297584433,0.17222620914999,1.1182282200142455,0.040286487034073504,0.008055555555555538,0.051725555717134074,0.7105663409838973,0.1169669082493378,0.11646057220240266,0.0,0.9999999987499999,0.6489950211256377,0.30406408034726223,0.29052594731230097,0.39574764759280373,calm,02,01,01,male,normal,66
0,0.0,True,1.0,0.4541486380802581,0.43016949343771915,0.44215906575898867,0.4727866423794937,-0.054814814814814816,-0.04106481481481483,0.38930634221556104,0.09378534119989175,0.16398010589030942,0.9352190314295702,0.023979144642538974,0.013749999999999984,0.1065665297832594,0.6022094474772024,0.11583766334806893,0.1146302193910672,0.0,0.9999999987499999,0.6453815812731342,0.31646346249062984,0.27677593181067767,0.38315019547329204,calm,02,01,01,male,normal,67
10,0.33366666666666667,True,1.0,0.4614530514599008,0.40933601306641176,0.4353945322631563,0.43714585451871757,-0.055925925925925934,-0.04162037037037036,0.3985217953277499,0.09793872514199577,0.16189794635882343,0.9959937347284479,0.052117038393489024,0.014305555555555571,0.11326032540911214,0.65040612148487,0.11754679971519202,0.11571071010327408,0.0,0.9999999987499999,0.6494340180369024,0.30687373585062905,0.2859153528031406,0.3975813478369926,calm,02,01,01,male,normal,67
20,0.6673333333333333,True,1.0,0.4032137601284681,0.3605019914282792,0.38185787577837366,0.561341080543383,-0.055462962962962936,-0.042962962962962925,0.38486538215515953,0.14891743755293022,0.15847252867558803,0.6802599863326089,0.04271176870018889,0.012500000000000011,0.10475236771456159,0.4999676226688686,0.1131189288363619,0.1169886810364764,0.0,0.9999999987499999,0.6423844477556647,0.3185104280460439,0.2768007557444664,0.38897039389379945,calm,02,01,01,male,normal,67
30,1.0010000000000001,True,1.0,0.4236930363016345,0.40954589627013915,0.41661946628588686,0.6971018489259019,-0.05624999999999997,-0.04458333333333331,0.38697029797358967,0.19742857692614021,0.1604471020911392,0.5976450455952975,0.014147140031495364,0.011666666666666659,0.07451221675711199,0.4184867258628568,0.11680283885026849,0.1156408044534025,0.0,0.9999999987499999,0.6465168706623273,0.3080110615218147,0.28913558596184186,0.3968204875183391,calm,02,01,01,male,normal,67
40,1.3346666666666667,True,1.0,0.46497213011270405,0.4295297581848373,0.44725094414877065,0.61368416799594,-0.05888888888888888,-0.04879629629629628,0.38267196230558687,0.1601854258104975,0.1673902838797571,0.7287966147298907,0.035442371927866756,0.010092592592592597,0.060599429436898236,0.47343031755074433,0.11568544750295674,0.11593988233758676,0.0,0.9999999987499999,0.6497454827165241,0.30482188746743527,0.2853945516608754,0.40434739761737054,calm,02,01,01,male,normal,67
50,1.6683333333333334,True,1.0,0.4310735554756476,0.3914756568222285,0.41127460614893807,0.7828256623353306,-0.056574074074074,-0.046342592592592546,0.39892750878250194,0.21558722225451857,0.16388888888888886,0.5253719007141654,0.03959789865341906,0.010231481481481453,0.06254211690544433,0.3821318694536261,0.12469345535264513,0.10902469644269745,0.0,0.822611938019487,0.5993090764665241,0.28765057391530696,0.3088317409210357,0.36267252733830196,calm,02,01,01,male,normal,67
60,2.0020000000000002,True,1.0,0.41939062486289047,0.4030202360328327,0.4112054304478616,0.7788088403944474,-0.06074074074074065,-0.04976851851851849,0.38373031999436347,0.19434957035026573,0.1687518084393838,0.5279927616635633,0.016370388830057758,0.010972222222222161,0.0737863177732805,0.3717923950584625,0.11331184673932275,0.11712760919491685,0.0,0.9999999987499999,0.6503716932554271,0.3061201049670534,0.2889319120902656,0.40341254031800594,calm,02,01,01,male,normal,67
70,2.3356666666666666,True,1.0,0.37456108075408295,0.35989223703242246,0.3672266588932527,0.6307750974928014,-0.05935185185185188,-0.04782407407407413,0.3828467155079418,0.11191941555475263,0.17573786330129457,0.5821831907329594,0.014668843721660496,0.011527777777777748,0.06600200791947375,0.43266935062389644,0.11707538915107318,0.11651514796781737,0.0,0.9999999987499999,0.6487509343581183,0.3077614253368921,0.29174643708140174,0.39855444934718803,calm,02,01,01,male,normal,67
80,2.6693333333333333,True,1.0,0.43078223241332864,0.3924669346003398,0.41162458350683423,0.43141668759367985,-0.05314814814814822,-0.042824074074074014,0.3972898828964397,0.047004998256545936,0.16886570107632876,0.9541229983540035,0.03831529781298881,0.010324074074074208,0.06542173772160347,0.6407016328579991,0.1260505642680276,0.1088619725627032,0.0,0.9999999987499999,0.5989779838576055,0.28493752660970384,0.3049800035229824,0.36240213386713954,calm,02,01,01,male,normal,67
90,3.003,True,1.0,0.4368589259308626,0.41783165924645355,0.42734529258865805,0.34973737377734876,-0.0521759259259259,-0.04328703703703701,0.4327574505422048,-0.0186421220589754,0.1722665162363916,1.2219034184797086,0.019027266684409072,0.00888888888888889,0.06052392924429534,0.7800748607806693,0.11152078436316068,0.11770657784737966,0.0,0.9999999987499999,0.6494505692824005,0.3032736706967116,0.28782486966752663,0.4014973268420576,calm,02,01,01,male,normal,67
100,3.336666666666667,True,1.0,0.4514994188400739,0.4501837550656703,0.45084158695287213,0.3383419883147383,-0.050509259259259254,-0.0411111111111111,0.43233401728649645,-0.04985498815978461,0.17639970187254408,1.3325026231550148,0.0013156637744035637,0.009398148148148155,0.052511730837852474,0.7603777228044621,0.11661399158652744,0.11550180902896116,0.0,0.9999999987499999,0.6458146358387105,0.30529569970768305,0.29237850797666115,0.3966747078110348,calm,02,01,01,male,normal,67
0,0.0,True,1.0,0.44698083236192043,0.42820764936717,0.43759424086454524,0.5343729778775465,-0.05518518518518517,-0.05194444444444446,0.3822820303388863,0.1946144187595038,0.15170353690884394,0.8188929062292921,0.018773182994750448,0.0032407407407407107,0.015489543274613006,0.5317981776921382,0.11457742739822478,0.11703500421112699,0.0,0.9999999987499999,0.6552815596629277,0.31446552113594006,0.2759630066195864,0.3946154102297657,calm,02,01,01,male,strong,68
10,0.33366666666666667,True,1.0,0.4410230374041123,0.44440390389228734,0.4427134706481998,0.5285334348911591,-0.054120370370370374,-0.05175925925925928,0.37682498631659217,0.18316116580122926,0.15311498553955635,0.8376262340704478,0.0033808664881750383,0.0023611111111110916,0.018792518408986932,0.5465136438330792,0.12405494003459597,0.1102702404890638,0.0,0.9999999987499999,0.5923660544374001,0.28346034937491266,0.29831762397379463,0.37172683194714734,calm,02,01,01,male,strong,68
20,0.6673333333333333,True,1.0,0.4571322503083995,0.47959698846593146,0.46836461938716545,0.5427206281615655,-0.05435185185185171,-0.05212962962962958,0.37882944384373346,0.183161165801228,0.1551687183881098,0.8629939513700139,0.02246473815753197,0.0022222222222221255,0.012840425930845752,0.5322272978059542,0.12464572268732378,0.11012224908242141,0.0,0.9480173870197014,0.5915477370244973,0.2831212232610838,0.29829109012447824,0.36956473634719955,calm,02,01,01,male,strong,68
30,1.0010000000000001,True,1.0,0.48429358913679266,0.46907402919887153,0.4766838091678321,0.7930057823250634,-0.05740740740740735,-0.05277777777777776,0.3764825207432911,0.2715453487602679,0.15391897899671003,0.6011101303324837,0.015219559937921123,0.004629629629629595,0.0032603265900109147,0.38522861265856156,0.10971784874498411,0.118105401655046,0.0,0.9999999987499999,0.6580377812687574,0.31315918190025044,0.27612278445811017,0.39910080003290654,calm,02,01,01,male,strong,68
40,1.3346666666666667,True,1.0,0.40647325759890074,0.3891590053521744,0.39781613147553757,0.6537987874196735,-0.05407407407407405,-0.049768518518518545,0.3645661675159948,0.2506833137066053,0.1510908484742532,0.6084687508301838,0.017314252246726336,0.004305555555555507,0.00731501149780163,0.4705680096298257,0.1109181286023067,0.11827464885255673,0.0,0.9999999987499999,0.6575949400854091,0.31239976734370095,0.2730231657428898,0.394277070939367,calm,02,01,01,male,strong,68
50,1.6683333333333334,True,1.0,0.28529567262180866,0.2788714324242055,0.2820835525230071,0.8735845391289403,-0.06384259259259256,-0.059166666666666645,0.3523389281535563,0.3664271819362537,0.1489065242717021,0.32290355413601457,0.0064242401976031815,0.004675925925925917,0.0048539426936951265,0.3618835239359531,0.10871558931119282,0.11902862207876005,0.0,0.9999999987499999,0.6582350523490647,0.31235635542390894,0.2756792007817881,0.39641512232458403,calm,02,01,01,male,strong,68
60,2.0020000000000002,True,1.0,0.49293333894712726,0.47523992695646483,0.48408663295179605,0.5446387002220863,-0.05499999999999999,-0.0503703703703704,0.38524557334427045,0.18630335578324736,0.15354379065946355,0.8888215853085742,0.017693411990662433,0.004629629629629595,0.005074874535369701,0.5032343428774545,0.1111006901202924,0.11647884354442303,0.0,0.9999999987499999,0.6565495039656487,0.3143375140028918,0.2768757937702221,0.3995549376171536,calm,02,01,01,male,strong,68
70,2.3356666666666666,True,1.0,0.3326896222268275,0.3035889163659722,0.31813926929639985,0.6726663709291902,-0.05972222222222223,-0.05476851851851855,0.3702981694897963,0.261408739136723,0.14962458471586046,0.47295254088135397,0.029100705860855336,0.004953703703703682,0.000552060020131858,0.4247014866764016,0.11020537878063326,0.11877876221758876,0.0,0.9999999987499999,0.6591173682207256,0.3134142958685078,0.27570448427637695,0.39598791113231135,calm,02,01,01,male,strong,68
80,2.6693333333333333,True,1.0,0.4340873993292069,0.4507577146124359,0.44242255697082145,0.6319884525588512,-0.05375000000000002,-0.050185185185185166,0.37666409544707086,0.22038567493112984,0.14803267393777766,0.7000484821827069,0.016670315283228987,0.003564814814814854,0.0010086916706993805,0.45828226224197727,0.10991564153119128,0.12063669047276213,0.0,0.9999999987499999,0.6597518868406738,0.3142077004663478,0.276288815138409,0.4009026830537513,calm,02,01,01,male,strong,68
90,3.003,True,1.0,0.40183349464527524,0.41927239696479884,0.41055294580503704,0.5121031539840093,-0.05175925925925928,-0.04879629629629628,0.4133018708798254,0.09424191188698135,0.15500342459106678,0.8016997017320787,0.017438902319523608,0.0029629629629630005,0.00427179608956451,0.5471581195224328,0.12436392377002486,0.10992164731703269,0.0,0.9999999987499999,0.5937593052299046,0.28624250990951494,0.30491317818338565,0.37613916207648973,calm,02,01,01,male,strong,68
100,3.336666666666667,True,1.0,0.42611053836354595,0.39614477974851425,0.4111276590560301,0.48379103904520426,-0.050231481481481544,-0.048055555555555574,0.4240459974772065,0.05877835004303167,0.1613836446126335,0.849804204450375,0.0299657586150317,0.00217592592592597,0.010395769522926096,0.5771027988765914,0.12307717647728493,0.11136050787685894,0.0,0.9999999987499999,0.5940152307485493,0.28434914556881974,0.3020944531880382,0.3704699147100404,calm,02,01,01,male,strong,68
0,0.0,True,1.0,0.4600950213718,0.42932584161367643,0.4447104314927382,0.4760285974528091,-0.04870370370370364,-0.046203703703703636,0.4098199395064726,0.0067864000746230965,0.16972562324153376,0.9342094863047053,0.030769179758123544,0.0025000000000000022,0.016285648975270413,0.5961515767012066,0.11406269718177087,0.1183444123270595,0.0,0.9999999987499999,0.6453194643560549,0.3079711426878534,0.2821399216328981,0.4076388381227032,calm,02,01,01,male,strong,69
10,0.33366666666666667,True,1.0,0.44348414743127895,0.4273348987884894,0.4354095231098842,0.485231351476747,-0.046527777777777724,-0.04416666666666669,0.401055936971729,0.03458798586357734,0.16766899214347358,0.8973235587205244,0.01614924864278955,0.002361111111111036,0.02375115471030354,0.599551112506091,0.11153841709132063,0.12041043324506101,0.0,0.9999999987499999,0.6476157906131202,0.3068087628119052,0.28154423530740114,0.40329722579066657,calm,02,01,01,male,strong,69
20,0.6673333333333333,True,1.0,0.4422924841204441,0.4444677419637814,0.4433801130421128,0.5224825872502818,-0.048240740740740695,-0.04708333333333331,0.39321545318378215,0.09856371395071346,0.1670512023117266,0.848602659421687,0.0021752578433373304,0.0011574074074073848,0.028213089897790797,0.536688475958039,0.11361182775127907,0.11797258865781464,0.0,0.9999999987499999,0.6502862725480818,0.30721805383172435,0.28672630202886734,0.4053888232262367,calm,02,01,01,male,strong,69
30,1.0010000000000001,True,1.0,0.4187709169575167,0.38692754914595145,0.4028492330517341,0.7706697856829804,-0.05032407407407408,-0.04726851851851843,0.40402208225892744,0.12834501141606428,0.16409405583688944,0.5227261280195673,0.03184336781156527,0.0030555555555556446,0.00686601200378369,0.3665281553943998,0.1108460193398818,0.11994133268246379,0.0,0.9999999987499999,0.6541930984190552,0.30664681014586015,0.2855018127845102,0.4160745582042691,calm,02,01,01,male,strong,69
40,1.3346666666666667,True,1.0,0.44452160763197,0.41724741215944305,0.43088450989570654,0.6182388970201596,-0.05449074074074073,-0.04810185185185184,0.3997946962300185,0.15107785925956407,0.15834537928752473,0.6969547079171504,0.027274195472526963,0.006388888888888888,0.029215635742666772,0.4769257251395782,0.12296164829416321,0.11148805825376132,0.0,0.9999999987499999,0.5937603109603217,0.28608080558453924,0.30669918433293375,0.37471451707063225,calm,02,01,01,male,strong,69
50,1.6683333333333334,True,1.0,0.44377751232494095,0.4051574012897143,0.4244674568073276,0.7094095416792128,-0.053009259259259256,-0.04532407407407407,0.3817112088134878,0.21710897207969793,0.1583453792875248,0.5983390860554102,0.03862011103522667,0.007685185185185184,0.03480332522980174,0.4176657723449854,0.12435463686599899,0.11045084977998451,0.0,0.9999999987499999,0.6024448498618197,0.28870602130264855,0.3035106480414076,0.38135078060664895,calm,02,01,01,male,strong,69
60,2.0020000000000002,True,1.0,0.45213580417997307,0.3920739045258996,0.4221048543529363,0.7408372220088081,-0.05509259259259258,-0.0476388888888889,0.38908801908898677,0.1851659764946078,0.16527777777777775,0.5697673413444091,0.06006189965407349,0.007453703703703685,0.03033083464879126,0.40428240955919437,0.10877416949030506,0.12072371642633287,0.0,0.9999999987499999,0.6528293143429246,0.3086752951666961,0.28387142039051527,0.41822537443223184,calm,02,01,01,male,strong,69
70,2.3356666666666666,True,1.0,0.41996137703617636,0.373009789239451,0.3964855831378137,0.5152553967273026,-0.05379629629629623,-0.04495370370370366,0.3937321724214401,0.12520224487898757,0.16530731820509487,0.7694933146865273,0.04695158779672537,0.008842592592592569,0.04025607501382556,0.5226692276492524,0.1234679069208931,0.11195290853971208,0.0,0.7540644909264203,0.597202900347639,0.2837315565698409,0.29969459868452236,0.36327359906773815,calm,02,01,01,male,strong,69
80,2.6693333333333333,True,1.0,0.47335757790950034,0.42579696872687284,0.4495772733181866,0.6566826199083627,-0.053796296296296287,-0.04759259259259263,0.3925504414056064,0.13970970105796116,0.16666849771129602,0.6846188092825164,0.0475606091826275,0.006203703703703656,0.03431724401400337,0.42368795034179496,0.12321533845571485,0.11189079606458714,0.0,0.8682061100332639,0.6004420115624376,0.2852036454173826,0.3085963915066694,0.37156262613161256,calm,02,01,01,male,strong,69
90,3.003,True,1.0,0.4264314450330499,0.4224838914770633,0.4244576682550566,0.6388693924397812,-0.050925925925925875,-0.04495370370370377,0.4042808762025615,0.09027502284475138,0.17291710788410072,0.6643887988342864,0.003947553555986638,0.005972222222222101,0.03004622549168239,0.4487235098362613,0.11159519550785917,0.11860379352443566,0.0,0.9999999987499999,0.6492095702343438,0.3080000994446078,0.285872055577423,0.4096798989372145,calm,02,01,01,male,strong,69
100,3.336666666666667,True,1.0,0.41059129793838023,0.382557228922132,0.39657426343025615,0.5937268093860916,-0.05212962962962969,-0.04412037037037042,0.4192363807971329,0.03957869532760971,0.1729184315296481,0.667940637277792,0.02803406901624822,0.008009259259259272,0.028627068709376452,0.46459426644994256,0.10958968887714511,0.11918731480395554,0.0,0.9999999987499999,0.6490341815866971,0.3068640064396989,0.28641437431900685,0.41037707719376293,calm,02,01,01,male,strong,69
110,3.6703333333333332,True,1.0,0.4183336770066946,0.39024380504231665,0.4042887410245056,0.5879331938076552,-0.0501388888888889,-0.0429166666666666,0.42367865927769244,0.013056005305962631,0.17222222222222228,0.6876440134400209,0.028089871964377955,0.0072222222222222965,0.03358948855196624,0.4669518925660843,0.1122501039697746,0.11846760527875923,0.0,0.9999999987499999,0.650159608226103,0.3065630857984032,0.2883397814389947,0.40849723462858295,calm,02,01,01,male,strong,69
0,0.0,True,1.0,0.44386947679342464,0.41740018692091485,0.4306348318571698,0.49764078284612767,-0.051342592592592495,-0.045648148148148215,0.39301971017909443,0.0995153054542625,0.1661380834664296,0.8653527739311583,0.026469289872509794,0.00569444444444428,0.018382598173298122,0.5631524323041948,0.1240572145748166,0.11095664642825538,0.0,0.9999999987499999,0.5989135449179672,0.2839897128809114,0.2975354911734828,0.36379935019554654,calm,02,01,01,male,strong,70
10,0.33366666666666667,True,1.0,0.44216961253152104,0.4174001869209143,0.4297848997262177,0.4548032380673237,-0.04847222222222225,-0.043333333333333446,0.4089119853095035,0.04822970106656977,0.16675636420940662,0.9449908526433961,0.024769425610606743,0.005138888888888804,0.024464500792209694,0.614294896549861,0.1260047612872461,0.10908976992877165,0.0,0.9341928101933852,0.6014898837816376,0.28398128493023544,0.3025820263092847,0.3647642566553401,calm,02,01,01,male,strong,70
20,0.6673333333333333,True,1.0,0.469716395401296,0.4185673697738954,0.4441418825875957,0.5117929994790595,-0.050509259259259254,-0.045046296296296306,0.39314246261034996,0.11373177766201299,0.16398010589030934,0.8678154703946241,0.05114902562740059,0.005462962962962947,0.014080287981563647,0.5468750000000008,0.12451987069133069,0.11043718430789012,0.0,0.9999999987499999,0.598534693228854,0.28336113224310916,0.2983666284505757,0.37051112464253355,calm,02,01,01,male,strong,70
30,1.0010000000000001,True,1.0,0.4788255669462288,0.4253271156977751,0.4520763413220019,0.7618197540555908,-0.052499999999999936,-0.047314814814814754,0.37298971517091073,0.20165817019118515,0.16047420378119992,0.5934164071164443,0.053498451248453704,0.005185185185185182,0.013208012397655877,0.38801620687464294,0.12150705464301176,0.11222597746682664,0.0,0.9999999987499999,0.600466847418655,0.28521757562748035,0.30204721277152313,0.3764523538055384,calm,02,01,01,male,strong,70
40,1.3346666666666667,True,1.0,0.43615029355697865,0.4294849257890868,0.43281760967303273,0.6638012531968391,-0.055925925925925934,-0.0494444444444444,0.38573889364052233,0.20201136551231944,0.1598444580572156,0.6520289131552572,0.006665367767891839,0.0064814814814815325,0.02299884956353959,0.43015972176723727,0.12568663684346426,0.1091074662610085,0.0,0.9999999987499999,0.6040934635572979,0.2845660334719388,0.303284669270105,0.3689689436972566,calm,02,01,01,male,strong,70
50,1.6683333333333334,True,1.0,0.4468783140136982,0.42670879919312193,0.43679355660341007,0.7887992350033947,-0.05319444444444443,-0.04662037037037037,0.37305624741919985,0.25295409620882403,0.15559527783110308,0.5537449039254333,0.020169514820576273,0.0065740740740740655,0.029352848158338798,0.36273509982131125,0.11207000971626817,0.11863798828433093,0.0,0.9999999987499999,0.6591960304668742,0.3129652625419025,0.2820709964944597,0.4061401901635241,calm,02,01,01,male,strong,70
60,2.0020000000000002,True,1.0,0.4451889760756795,0.41351185369264903,0.42935041488416426,0.7127711615678544,-0.05212962962962958,-0.046851851851851756,0.41346956376934063,0.13448512482412392,0.15980292746104677,0.6023678257966263,0.03167712238303044,0.005277777777777826,0.026015972718998786,0.39314170140473575,0.12251138015578886,0.11266113618681292,0.0,0.9999999987499999,0.6049723921834359,0.2860349354587706,0.30915325116162534,0.3761435812932064,calm,02,01,01,male,strong,70
70,2.3356666666666666,True,1.0,0.4269582803001536,0.4062556676831368,0.4166069739916452,0.40279843447311026,-0.050787037037037075,-0.04518518518518527,0.41241509052961656,0.05369701982992851,0.16666849771129602,1.0342815123812423,0.02070261261701678,0.005601851851851802,0.02837254255170672,0.6595116320951642,0.12644431436229944,0.10857998496879308,0.0,0.6721209978238808,0.5989921468665591,0.28257140757951066,0.3092205106768326,0.36770555449285786,calm,02,01,01,male,strong,70
80,2.6693333333333333,True,1.0,0.43493408039579234,0.41124520098375866,0.4230896406897755,0.6480330377067668,-0.056157407407407434,-0.04875000000000007,0.4201146965221271,0.11902647631348738,0.17639061901081732,0.6528828255222728,0.02368887941203368,0.007407407407407363,0.02630454691114353,0.4267015360340417,0.12426979006511832,0.11106213147277982,0.0,0.7027666375543147,0.6020486342818379,0.2871664350802561,0.3207856531681603,0.3773779655449259,calm,02,01,01,male,strong,70
90,3.003,True,1.0,0.4432734356869609,0.42838174650719774,0.43582759109707936,0.6147729155829953,-0.05435185185185176,-0.048194444444444484,0.3966789291894452,0.12573873095216614,0.1722226652187543,0.7089245151338193,0.01489168917976319,0.006157407407407278,0.03287186398790842,0.4369936284314438,0.12302467184291264,0.1122702273103991,0.0,0.8117858643328265,0.602483735822454,0.2850897489197487,0.3116278719137467,0.3690988965544939,calm,02,01,01,male,strong,70
100,3.336666666666667,True,1.0,0.42536326038562317,0.422300423604512,0.42383184199506757,0.6129483596918232,-0.05120370370370375,-0.044861111111111074,0.41661367834850815,0.0666198410472785,0.17084449793611553,0.6914641915481442,0.003062836781111189,0.006342592592592677,0.029632490098626136,0.45449591787992943,0.12539466811001657,0.10979050496184284,0.0,0.6775444892038271,0.5971786150085034,0.28554850942971677,0.3166519525571216,0.3697197958910379,calm,02,01,01,male,strong,70
110,3.6703333333333332,True,1.0,0.4584406621011973,0.455152007319193,0.45679633471019515,0.5354976919060643,-0.049629629629629635,-0.04245370370370366,0.4264907026416497,0.026112010611923177,0.17153889718267493,0.8530313792469627,0.003288654782004352,0.0071759259259259744,0.028443460884378297,0.4991052226866129,0.12365244985141245,0.11089332566813918,0.0,0.9999999987499999,0.5971553347667191,0.2858460366227333,0.31268779339371816,0.3646181583215123,calm,02,01,01,male,strong,70
120,4.0040000000000004,True,1.0,0.4249511649170032,0.39460339817994555,0.40977728154847437,0.5566540163597858,-0.05162037037037043,-0.043981481481481455,0.4203845726217855,0.052995660116487486,0.173618142218734,0.736143582019213,0.030347766737057635,0.007638888888888973,0.035530538697928396,0.5109682379026497,0.1107123969202991,0.11733610420137239,0.0,0.9999999987499999,0.6508312479444903,0.30566864424294116,0.28460591262241064,0.407995740391996,calm,02,01,01,male,strong,70
0,0.0,True,1.0,0.33899544197144277,0.3060865964957076,0.32254101923357514,0.48878690769685285,-0.05749999999999994,-0.05476851851851844,0.39777545607098486,0.09764395500361758,0.16268769208594114,0.6598806435986131,0.03290884547573519,0.0027314814814815014,0.003967756540877746,0.5625716538118419,0.12414208885288715,0.1103449129200623,0.0,0.9999999987499999,0.5950483779605592,0.2830047389340272,0.2981843077248443,0.36179530515639596,calm,02,01,01,male,strong,71
10,0.33366666666666667,True,1.0,0.44698083236192054,0.42919715174701395,0.4380889920544673,0.48416675230312234,-0.051203703703703696,-0.04893518518518519,0.4016596450912293,0.08282903930247165,0.15865873394965355,0.9048308046154165,0.017783680614906594,0.002268518518518503,0.02284050529514742,0.5642303622023692,0.12354901580887205,0.11118004619552949,0.0,0.9999999987499999,0.6011997953321954,0.2842973251675317,0.2965307020176075,0.3702667879852679,calm,02,01,01,male,strong,71
20,0.6673333333333333,True,1.0,0.29624128310330383,0.29106605011101466,0.29365366660715925,0.6517847195871298,-0.05564814814814817,-0.0537037037037037,0.38192694229326185,0.14473931471979853,0.15993273439596586,0.4505378199003697,0.005175232992289169,0.0019444444444444708,0.018184295888860048,0.4518718502288865,0.12220939617700577,0.1121423810283405,0.0,0.9999999987499999,0.595798261156025,0.28308956217907955,0.2948998974092646,0.3570485984512352,calm,02,01,01,male,strong,71
30,1.0010000000000001,True,1.0,0.43237368730834225,0.3934034753598205,0.41288858133408135,0.719412692884725,-0.05305555555555552,-0.04898148148148146,0.3863741419785253,0.2085109612258557,0.15791741485701777,0.5739245156746776,0.03897021194852174,0.004074074074074063,0.009582840292055117,0.39555131629168644,0.1222177927858299,0.11179290392611384,0.0,0.9999999987499999,0.5937222819362121,0.28444956152810014,0.30090611669719175,0.3686788040903004,calm,02,01,01,male,strong,71
40,1.3346666666666667,True,1.0,0.39189519745705026,0.383013598506738,0.3874543979818941,0.6302526184486024,-0.05509259259259258,-0.051203703703703696,0.3867959553965259,0.17176080296621546,0.15876641189498156,0.6147604732458424,0.008881598950312264,0.003888888888888886,0.008101390793955431,0.44769087802159724,0.1240548447380178,0.11061535823145664,0.0,0.9999999987499999,0.6012951801580008,0.2837701843018092,0.30345752608781296,0.3676162473899008,calm,02,01,01,male,strong,71
50,1.6683333333333334,True,1.0,0.3241409761996286,0.3299370909367099,0.32703903356816927,0.6586132884269698,-0.06495370370370379,-0.06009259259259264,0.3871283461754508,0.18607420321340123,0.1572727187278131,0.49655699226668876,0.005796114737081304,0.004861111111111149,0.0068269482048669795,0.44008579859929337,0.10912540342274546,0.1184923398945133,0.0,0.9999999987499999,0.6583097723308072,0.31378743777078905,0.27807855634702067,0.3957453910435707,calm,02,01,01,male,strong,71
60,2.0020000000000002,True,1.0,0.4593367375306301,0.42745974226947575,0.4433982399000529,0.7067599277211059,-0.053333333333333344,-0.048842592592592604,0.430390938161537,0.12844136358337993,0.15856638036956933,0.627367543784998,0.03187699526115434,0.00449074074074074,0.00421241154395375,0.39909001944047284,0.10860234484230687,0.1175218424500701,0.0,0.9999999987499999,0.6566296544477165,0.31377677645406254,0.2841647772984915,0.41052533825071275,calm,02,01,01,male,strong,71
70,2.3356666666666666,True,1.0,0.47541248485781135,0.43710315727104687,0.45625782106442914,0.7303737711198605,-0.05148148148148152,-0.04777777777777781,0.42456062555408114,0.13031874219771963,0.16546231892310256,0.6246908625495444,0.038309327586764474,0.003703703703703709,0.0001412743450366447,0.3730628444997382,0.12421214500002355,0.11043869346595583,0.0,0.9723984578842152,0.5945611458958584,0.28560752011916524,0.3162241278179261,0.3814265267067266,calm,02,01,01,male,strong,71
80,2.6693333333333333,True,1.0,0.4277517934179622,0.4116975491252471,0.4197246712716046,0.5925401374146689,-0.049861111111111134,-0.046157407407407425,0.39583345469120684,0.10572543602044374,0.1676234832514397,0.7083480844064318,0.016054244292715125,0.003703703703703709,0.0023565821771015317,0.4689759114119801,0.12183573890288214,0.11288627355767882,0.0,0.9999999987499999,0.5954305996070303,0.2844282180485782,0.3074320513545516,0.37198604105704314,calm,02,01,01,male,strong,71
90,3.003,True,1.0,0.41927239696479873,0.3701761252931235,0.3947242611289611,0.6140896809125996,-0.04879629629629628,-0.04574074074074069,0.4057236526415694,0.05451764489708607,0.17511157157652368,0.6427795050103443,0.04909627167167524,0.003055555555555589,0.005634549447170827,0.4267844260001572,0.11087032222295204,0.1192816798566503,0.0,0.9999999987499999,0.6503281888614821,0.30675008285194394,0.28846743887618165,0.41246479658207463,calm,02,01,01,male,strong,71
100,3.336666666666667,True,1.0,0.444203785472501,0.42875126622781645,0.43647752585015875,0.5564610191722199,-0.0469444444444444,-0.043101851851851836,0.4292257396486411,-0.006461637140858537,0.17106942091419608,0.7843811350873308,0.015452519244684548,0.003842592592592564,0.0032528240451238193,0.47085994178740986,0.11354829388761346,0.11787221931886299,0.0,0.9999999987499999,0.6502691433526535,0.3055916809036207,0.28943715603504994,0.4077282629185704,calm,02,01,01,male,strong,71
110,3.6703333333333332,True,1.0,0.4695866073312596,0.45357941514298283,0.4615830112371212,0.5054933773731248,-0.04847222222222225,-0.04388888888888881,0.42726950714021,0.006474626176719919,0.17178378612192333,0.9131336470436255,0.016007192188276786,0.004583333333333439,0.0014107173312600107,0.5337700561303715,0.11325380698279479,0.11783226400680609,0.0,0.9999999987499999,0.6506149425785941,0.30472825061370523,0.2827649662791,0.4026697867717742,calm,02,01,01,male,strong,71
0,0.0,True,1.0,0.4436839416466528,0.41059129793837984,0.4271376197925163,0.4195035263825394,-0.04597222222222219,-0.04472222222222222,0.4240087649840086,0.03269299803540322,0.16774405482270097,1.0181979242839916,0.03309264370827297,0.0012499999999999734,0.021447858949131277,0.6517775689548168,0.1159470355846394,0.11828409520981371,0.0,0.9999999987499999,0.6496649363573554,0.30885458014227407,0.2846776651534747,0.40023789242062957,happy,03,01,01,male,normal,72
10,0.33366666666666667,True,1.0,0.4528970778531679,0.42404843833993683,0.4384727580965524,0.3985909202631844,-0.04518518518518527,-0.0445370370370371,0.43333471463927015,0.012724407429197025,0.16656690084057127,1.1000570655423725,0.028848639513231078,0.0006481481481481755,0.03881791968917325,0.6658646981019055,0.12110237594648388,0.11181381466026294,0.0,0.811143546629313,0.5979455511032539,0.28346921270430697,0.2909389745773087,0.35806627463107416,happy,03,01,01,male,normal,72
20,0.6673333333333333,True,1.0,0.5228024033996137,0.4968575181945413,0.5098299607970775,0.42412630917953276,-0.04958333333333337,-0.05037037037037034,0.43439528263909966,0.050937835417741065,0.17292956500309742,1.202071057047457,0.025944885205072377,0.000787037037036975,0.04674880281810752,0.6426787501424084,0.11482387726658073,0.11953419342303599,0.0,0.9999999987499999,0.6461221347132603,0.31345542829814743,0.2893193711728547,0.4008762020661722,happy,03,01,01,male,normal,72
30,1.0010000000000001,True,1.0,0.509521036334507,0.5073623797283585,0.5084417080314327,0.7889083379037841,-0.05523148148148144,-0.05162037037037037,0.43276402936352815,0.1270551732185779,0.1864555499174749,0.644487684567282,0.002158656606148446,0.003611111111111065,0.026874783976353112,0.3591326649708418,0.10967849123062283,0.12006151825284712,0.0,0.9999999987499999,0.639169195850215,0.3109368972964573,0.30720627178656107,0.4236546588886534,happy,03,01,01,male,normal,72
40,1.3346666666666667,True,1.0,0.26119718648777773,0.2459675736068826,0.25358238004733014,0.5559050505842001,-0.06671296296296303,-0.062129629629629535,0.4170588350342471,0.013225164034831937,0.2014631276300051,0.45616131708254964,0.015229612880895138,0.004583333333333495,0.0029829153237458544,0.522442290327587,0.1109394306561912,0.11969587322558649,0.0,0.9999999987499999,0.6290968698260554,0.31151767935314667,0.30439511731522345,0.41319561380868036,happy,03,01,01,male,normal,72
50,1.6683333333333334,True,1.0,0.5273099023059002,0.5134209193831842,0.5203654108445422,0.7213813673905843,-0.05689814814814814,-0.051342592592592606,0.41847051232021465,0.10017012063284188,0.19729802879105024,0.721345787910815,0.013888982922716009,0.005555555555555536,0.002365829266173821,0.3749186462730424,0.11558698474713215,0.11701902290820593,0.0,0.9999999987499999,0.6320737970422545,0.3116436650212954,0.3058135133127342,0.41977417981277115,happy,03,01,01,male,normal,72
60,2.0020000000000002,True,1.0,0.5299541028007155,0.5341356117138251,0.5320448572572702,0.6478414932731053,-0.052222222222222336,-0.04851851851851857,0.408260151236991,0.06200961565701831,0.19097382022690002,0.8212577656445054,0.004181508913109533,0.0037037037037037646,0.0022941030503497977,0.43072769088433327,0.11004622586829328,0.12004239114193657,0.0,0.9999999987499999,0.6369095455604117,0.3107203992640435,0.3004586693096942,0.41716454074397435,happy,03,01,01,male,normal,72
70,2.3356666666666666,True,1.0,0.5144211622996753,0.48904802192562385,0.5017345921126496,0.5656542834532198,-0.052083333333333315,-0.04750000000000004,0.4218713983936136,-0.026926260539137235,0.19376417538869897,0.8869986611780756,0.025373140374051417,0.004583333333333273,0.006715054958369432,0.4685819323492376,0.10828521019292993,0.1203737063142808,0.0,0.9999999987499999,0.6350445736341411,0.3115040617667186,0.29393671046611214,0.41000368605357385,happy,03,01,01,male,normal,72
80,2.6693333333333333,True,1.0,0.5015343825425389,0.48673943540584275,0.4941369089741908,0.5840853089232323,-0.047731481481481375,-0.044768518518518596,0.46649398603490555,-0.05475799771155285,0.1937751999740937,0.8460012628722637,0.014794947136696157,0.0029629629629627785,0.011888236399647827,0.4926282197905713,0.11343871927213561,0.1171674543756935,0.0,0.8323717558333557,0.6323919095216213,0.31320570666348896,0.30475519307488075,0.42171334674977334,happy,03,01,01,male,normal,72
90,3.003,True,1.0,0.45369361754761645,0.4614767761385802,0.4575851968430983,0.6212737400923398,-0.047361111111111076,-0.044351851851851865,0.4784811233208964,-0.04688594361183443,0.18889535132429544,0.7365275036010495,0.007783158590963735,0.0030092592592592116,0.02113640592076482,0.4355258498741865,0.1122892387513983,0.11843051212844331,0.0,0.9999999987499999,0.6436748375522084,0.3100190379403446,0.3031126853504717,0.42673052056156785,happy,03,01,01,male,normal,72
100,3.336666666666667,True,1.0,0.4253632603856225,0.39249164496737826,0.4089274526765004,0.6111926141364376,-0.0469444444444444,-0.04300925925925925,0.4784028562237808,-0.04113555776235531,0.1840294360839854,0.669064781246219,0.03287161541824424,0.003935185185185153,0.008743971965739027,0.45470713853966405,0.10740562503928798,0.12163001056640256,0.0,0.9999999987499999,0.6486711623790141,0.30874962051842575,0.29631147215973563,0.42119752985306524,happy,03,01,01,male,normal,72
0,0.0,True,1.0,0.42684126347511747,0.38976003177657764,0.40830064762584756,0.5806738205676787,-0.04675925925925922,-0.03986111111111107,0.47169931490357464,0.011847364029774772,0.17083735267438857,0.7031497428740363,0.03708123169853983,0.006898148148148153,0.02196657551373068,0.47450359696610617,0.11462213060882506,0.11940898403238119,0.0,0.9999999987499999,0.648091075266044,0.3098346212160214,0.29472363813197994,0.41251732012648,happy,03,01,01,male,normal,73
10,0.33366666666666667,True,1.0,0.42294558970003016,0.4046328685725352,0.4137892291362827,0.6127686601667234,-0.04620370370370369,-0.041712962962962896,0.46953144627693794,0.012003395941009087,0.17083735267438857,0.6752780552185845,0.018312721127494935,0.004490740740740795,0.02904030376582726,0.44765847492903726,0.10584020955165202,0.12080655005848655,0.0,0.9999999987499999,0.6462417814313226,0.3103118987250762,0.28761821941068283,0.4151731642750233,happy,03,01,01,male,normal,73
20,0.6673333333333333,True,1.0,0.44340912075376665,0.38593566709478816,0.4146723939242774,0.6369315872252171,-0.04564814814814805,-0.04398148148148151,0.45922806377112707,0.024491637673849754,0.167025167816194,0.6510469919238759,0.05747345365897849,0.0016666666666665386,0.010917475228598737,0.42221428214859086,0.10792831004798713,0.12148051508767024,0.0,0.9999999987499999,0.640248118473952,0.31316002386105146,0.29410754077634665,0.4203087553438507,happy,03,01,01,male,normal,73
30,1.0010000000000001,True,1.0,0.4203737155634346,0.4273087043107265,0.4238412099370805,0.7407732921088488,-0.0493055555555556,-0.04611111111111105,0.4584150817615726,0.04938271604938252,0.17375343558559367,0.5721604901959688,0.00693498874729187,0.0031944444444445552,0.00016774051727286708,0.3749835215940279,0.11934243013896552,0.11469142366419201,0.0,0.9999999987499999,0.603830348780137,0.289836652757009,0.32308608919830495,0.3966853194770775,happy,03,01,01,male,normal,73
40,1.3346666666666667,True,1.0,0.39340808055566034,0.36430200897465986,0.3788550447651601,0.5695027732554753,-0.04800925925925925,-0.04416666666666663,0.42011051605296945,0.1016969237956202,0.17225810125013313,0.6652382789981747,0.02910607158100048,0.0038425925925926196,0.011985726644609358,0.4961073851059764,0.11970537950152713,0.11514286842768999,0.0,0.9999999987499999,0.5998526430494073,0.2856355031858876,0.3078538413304202,0.3691875381407975,happy,03,01,01,male,normal,73
50,1.6683333333333334,True,1.0,0.44378725595178903,0.41254082113750146,0.42816403854464524,0.6889145311242204,-0.04754629629629631,-0.04273148148148137,0.43028799233371867,0.07949013820664057,0.17292063758304477,0.6215053090053657,0.03124643481428757,0.004814814814814938,0.02019217480133713,0.4007021187394428,0.1200921658924103,0.11523645935814428,0.0,0.9999999987499999,0.5999633600393283,0.28464440466441665,0.3169843855565148,0.38314959920593217,happy,03,01,01,male,normal,73
60,2.0020000000000002,True,1.0,0.46175196635432475,0.4419374224675245,0.4518446944109246,0.6486573317587195,-0.04722222222222222,-0.039722222222222325,0.4322980877334374,0.0463326665541941,0.17777949438325966,0.6965845790809575,0.019814543886800262,0.007499999999999896,0.028456497304018512,0.4367016128039524,0.11964537626287035,0.11404172191721901,0.0,0.9999999987499999,0.59669801960628,0.28937462595822366,0.31535757367232947,0.3877172076300445,happy,03,01,01,male,normal,73
70,2.3356666666666666,True,1.0,0.39163716055941067,0.359334268866786,0.37548571471309833,0.6045912679992824,-0.04902777777777778,-0.041666666666666685,0.40654301737609116,0.042177177553298646,0.18126515292262468,0.6210571250154807,0.03230289169262468,0.007361111111111096,0.03142388561821567,0.45839986091475443,0.1100357868997531,0.11957491901694581,0.0,0.9999999987499999,0.6275090094006353,0.31646999157971256,0.2863243266475484,0.4042263026895995,happy,03,01,01,male,normal,73
80,2.6693333333333333,True,1.0,0.4203591123117643,0.36275426873306343,0.3915566905224139,0.6048733626099618,-0.046944444444444455,-0.03967592592592595,0.46227973137962514,-0.024674080922956275,0.1806163926619766,0.6473366405703335,0.05760484357870088,0.0072685185185185075,0.036289012164227794,0.46072102983810387,0.10921407715272913,0.1203258950014179,0.0,0.9999999987499999,0.6356948527536014,0.3152125055279999,0.2904756140958718,0.41353439541979287,happy,03,01,01,male,normal,73
90,3.003,True,1.0,0.39803106167183305,0.3897600317765782,0.3938955467242056,0.6305299027994219,-0.04555555555555546,-0.039861111111111014,0.47464837708943225,-0.012119195205360716,0.17499999999999993,0.6247055769685008,0.008271029895254856,0.005694444444444446,0.03180274121085235,0.4470109022450893,0.12121275985100802,0.11389000296876477,0.0,0.9999999987499999,0.6081296709699505,0.2919357296548243,0.318802315710804,0.38632250659103057,happy,03,01,01,male,normal,73
100,3.336666666666667,True,1.0,0.4054993204073614,0.3730873297384006,0.389293325072881,0.5841316959770882,-0.04532407407407407,-0.04009259259259257,0.4813383056402407,-0.017862760662337284,0.17430730635602565,0.6664478708379326,0.03241199066896083,0.005231481481481504,0.021126086775342296,0.47193249189337894,0.11940865676554155,0.11561546033481294,0.0,0.9999999987499999,0.6039791348023584,0.2938058228824851,0.3109331332668842,0.3852753901043666,happy,03,01,01,male,normal,73
0,0.0,True,1.0,0.47596685369345415,0.4272752348101777,0.45162104425181593,0.3751827169708231,-0.04768518518518522,-0.04166666666666663,0.4462574466816011,-0.025007785617862918,0.17572223374872628,1.2037362698851002,0.048691618883276444,0.00601851851851859,0.022950256578225393,0.7318807002395968,0.11255122419053762,0.1185035407494722,0.0,0.9999999987499999,0.6441114730892357,0.3076088391819715,0.2835862881479556,0.4009320349101356,happy,03,01,01,male,normal,74
10,0.33366666666666667,True,1.0,0.4198033987514357,0.41129980136342525,0.41555160005743047,0.3808295834494635,-0.046527777777777835,-0.04175925925925922,0.4375802999087317,-0.025388638896630764,0.17716775714279095,1.0911746831573934,0.008503597388010431,0.004768518518518616,0.011683816424882454,0.6969458421889346,0.11564043026922567,0.11712897848084315,0.0,0.9999999987499999,0.6448459757496748,0.3072070016963176,0.28727132301090086,0.39785843439958274,happy,03,01,01,male,normal,74
20,0.6673333333333333,True,1.0,0.47740499680295834,0.46892847887052774,0.473166737836743,0.6487369619401423,-0.048981481481481404,-0.04324074074074069,0.4529701433671078,0.030593908661263772,0.17503530963534358,0.7293660845555477,0.008476517932430594,0.005740740740740713,0.02400471784542441,0.4036520758769966,0.12095472813396929,0.11298978730834036,0.0,0.9999999987499999,0.597430044877326,0.28889732821645486,0.3103283129597128,0.37993435091839023,happy,03,01,01,male,normal,74
30,1.0010000000000001,True,1.0,0.4674192319405595,0.4245352107219542,0.44597722133125683,0.6361670620310205,-0.05185185185185187,-0.04518518518518527,0.43878545001683517,0.05089336496248241,0.18611152104827625,0.7010379001821228,0.042884021218605295,0.006666666666666599,0.026941660427789758,0.42796758054787276,0.10900251576310455,0.12004238989187037,0.0,0.9999999987499999,0.6442015787643183,0.3103025586678168,0.29875514162663674,0.4227356220500946,happy,03,01,01,male,normal,74
40,1.3346666666666667,True,1.0,0.47244464388543606,0.4467796376653759,0.45961214077540596,0.5890644650311255,-0.052870370370370345,-0.04388888888888881,0.39453825026050016,0.08412189418744608,0.1806066769993317,0.7802408192304056,0.025665006220060183,0.008981481481481535,0.04530726441768371,0.4343272564523706,0.12113312608271315,0.11296728733155652,0.0,0.9999999987499999,0.6097543067383204,0.289622386609223,0.30355766578855226,0.36472778685507345,happy,03,01,01,male,normal,74
50,1.6683333333333334,True,1.0,0.4279542702503232,0.40185710291666155,0.41490568658349236,0.7440280493095219,-0.05027777777777781,-0.04499999999999993,0.4418347715343589,0.05043341213553961,0.1840294360839854,0.5576479098718603,0.02609716733366163,0.005277777777777881,0.0073205482664636225,0.3732962027211242,0.10861932433107493,0.1218051793770415,0.0,0.9999999987499999,0.646168005303684,0.30893591376891355,0.2932743424012414,0.42510604200320207,happy,03,01,01,male,normal,74
60,2.0020000000000002,True,1.0,0.4601481896629953,0.42657963603566285,0.4433639128493291,0.6745892961776747,-0.0495370370370371,-0.0430092592592593,0.4330055862948946,0.06486056071115322,0.18333499792094693,0.6572353213451447,0.033568553627332465,0.006527777777777799,0.015907717382777447,0.40021696977692334,0.10951541558037259,0.11893562028948171,0.0,0.9999999987499999,0.6429011694677871,0.30875838338284034,0.29817911337241637,0.42248490656425464,happy,03,01,01,male,normal,74
70,2.3356666666666666,True,1.0,0.45792519191111375,0.4424917414791179,0.4502084666951158,0.5991069374028043,-0.0490740740740741,-0.04342592592592592,0.4017858790147104,0.03482881880937174,0.18403150894573134,0.7514659547205712,0.015433450431995843,0.00564814814814818,0.019503582876842368,0.4601658978405579,0.11341960700935512,0.11831853520563011,0.0,0.9999999987499999,0.6397558749593588,0.309504367471693,0.2916266642354442,0.41336995947388194,happy,03,01,01,male,normal,74
80,2.6693333333333333,True,1.0,0.4162684653339655,0.4009328512262224,0.40860065828009395,0.6025311079042522,-0.04611111111111105,-0.042824074074074125,0.46328039654265746,-0.03012655539521348,0.18611111111111112,0.6781403531201984,0.01533561410774309,0.0032870370370369217,0.02671956560826554,0.4841632601716085,0.11029171433353499,0.12029296359670993,0.0,0.9999999987499999,0.6403316264005602,0.31012326744397245,0.2975962579306158,0.4240914525969546,happy,03,01,01,male,normal,74
90,3.003,True,1.0,0.42909415490360486,0.3991598780706798,0.41412701648714234,0.6499114418549617,-0.04675925925925928,-0.0415740740740741,0.4852665916070432,-0.005800147905657394,0.17778464410025674,0.6372053018564359,0.029934276832925044,0.005185185185185182,0.023815125751464734,0.41511163237930904,0.11025944524574446,0.11952821565754092,0.0,0.9999999987499999,0.645694841889881,0.3095159098886624,0.29980395285771305,0.42295243795491844,happy,03,01,01,male,normal,74
100,3.336666666666667,True,1.0,0.4151858505444202,0.398940853562433,0.4070633520534266,0.6189597515727775,-0.04722222222222222,-0.04101851851851851,0.47938695562406175,-0.005837927917035594,0.17500043596485879,0.6576572241071864,0.016244996981987225,0.006203703703703711,0.024698092240819855,0.4387087907373378,0.1225601024691568,0.11243881540537776,0.0,0.9999999987499999,0.5971321440529336,0.29216431820153227,0.32739244155841,0.39506492000651033,happy,03,01,01,male,normal,74
0,0.0,True,1.0,0.4526539622331857,0.42855114780802894,0.4406025550206073,0.5004572290579795,-0.047083333333333366,-0.04319444444444448,0.4273633354870691,0.05265663735227717,0.16883859075034502,0.8804000210966323,0.02410281442515677,0.003888888888888886,0.008164719138337984,0.5480890754682218,0.12376297104057361,0.11111342370052361,0.0,0.9054184302140593,0.5983686625587735,0.28424066871313064,0.30182661362383795,0.3645820623775907,happy,03,01,01,male,normal,75
10,0.33366666666666667,True,1.0,0.4040534788023085,0.3823183179973317,0.3931858983998201,0.48524182776591246,-0.05060185185185184,-0.04467592592592595,0.42878223704143015,0.05900907921229573,0.16681491616261498,0.8102885528440029,0.02173516080497684,0.00592592592592589,0.0185315391900966,0.5650259321591576,0.12244088829509589,0.11137758826382319,0.0,0.9999999987499999,0.6038747452965563,0.2882837482437694,0.2868161318771939,0.3563768923183948,happy,03,01,01,male,normal,75
20,0.6673333333333333,True,1.0,0.47596685369345415,0.4687375238716363,0.47235218878254526,0.49116087221955707,-0.05055555555555552,-0.04518518518518527,0.4108906688261754,0.08868182415075315,0.17026843340072265,0.9617056559248799,0.0072293298218178426,0.005370370370370248,0.01854531495874619,0.5496896264057447,0.12232391958544925,0.11184723906498857,0.0,0.824877213975115,0.5968850445021759,0.28490616939206176,0.3019644096008469,0.3623808477291586,happy,03,01,01,male,normal,75
30,1.0010000000000001,True,1.0,0.4918986643701995,0.4752399269564649,0.4835692956633322,0.6824375204120522,-0.04999999999999999,-0.04407407407407404,0.39532941930937937,0.12794824986976575,0.17778850629011578,0.7085913086539491,0.016658737413734637,0.005925925925925946,0.017142934868881632,0.3984101442855675,0.10849446459247804,0.12050176333096864,0.0,0.9999999987499999,0.6430873756846488,0.31054293267836747,0.28209581438646525,0.41347057317346053,happy,03,01,01,male,normal,75
40,1.3346666666666667,True,1.0,0.5320769577535878,0.48410509595304513,0.5080910268533164,0.5921155380459265,-0.05240740740740735,-0.044629629629629686,0.3980281220606208,0.10572543602044365,0.1778052414767488,0.8580943991608393,0.04797186180054264,0.007777777777777661,0.02883246925667654,0.45593830051176587,0.1220840488911166,0.11227882767067862,0.0,0.9999999987499999,0.6032486126403687,0.28886621255228834,0.30849398852609955,0.37318211398865364,happy,03,01,01,male,normal,75
50,1.6683333333333334,True,1.0,0.47817246620930015,0.46046331770583526,0.4693178919575677,0.5599853701852854,-0.05356481481481484,-0.04569444444444448,0.4002283129188368,0.0839895013123357,0.17989546661676634,0.8380895590223758,0.01770914850346489,0.007870370370370361,0.02037739317503132,0.46468946798813515,0.12020147024400238,0.11311909235290452,0.0,0.9999999987499999,0.6012513996536114,0.2882616033545135,0.3050359209540386,0.3643753453840052,happy,03,01,01,male,normal,75
60,2.0020000000000002,True,1.0,0.47433673776318663,0.44430649571357855,0.45932161673838257,0.4274585397090621,-0.050787037037036964,-0.0444444444444444,0.4215958071791204,0.006678008042189458,0.18681576561865806,1.0745407427139184,0.03003024204960808,0.006342592592592566,0.02415986654535354,0.651040368082729,0.10900810254802833,0.1192410904622731,0.0,0.9999999987499999,0.639817635882478,0.30864206651661147,0.2842872389374514,0.4062037925399485,happy,03,01,01,male,normal,75
70,2.3356666666666666,True,1.0,0.49183198863693556,0.4687520507849883,0.4802920197109619,0.6105813224453264,-0.05129629629629634,-0.04462962962962963,0.4059203173489524,0.048568968830878065,0.18194821833481395,0.7866143330219031,0.023079937851947285,0.00666666666666671,0.021278078743855348,0.43525286240935507,0.12279693374859663,0.11149871388946518,0.0,0.9999999987499999,0.5987799736613395,0.2905528955988651,0.30867176626558235,0.3664924310588807,happy,03,01,01,male,normal,75
80,2.6693333333333333,True,1.0,0.5243331742906265,0.49563001707355764,0.5099815956820921,0.610112811766736,-0.0494444444444444,-0.042870370370370336,0.4251134706016865,0.03978699141432777,0.17989546661676623,0.8358808171972514,0.028703157217068898,0.0065740740740740655,0.018072812043906584,0.4279571353377085,0.11954071348573789,0.11381713545365278,0.0,0.9999999987499999,0.5955809008837911,0.2909692054376092,0.3101690902039064,0.38083494568689774,happy,03,01,01,male,normal,75
90,3.003,True,1.0,0.47648425678488254,0.4600950213718006,0.46828963907834154,0.5767729129930844,-0.047685185185185275,-0.04388888888888881,0.4761060051800926,-0.035310300788871374,0.18409782819833262,0.8119133692465138,0.01638923541308196,0.003796296296296464,0.01831506501798111,0.47107447262157515,0.11014495833269561,0.11995180554168922,0.0,0.9999999987499999,0.6419194789634604,0.3112028891881272,0.3000773308044859,0.4237229270200345,happy,03,01,01,male,normal,75
100,3.336666666666667,True,1.0,0.43488128526629816,0.41083326405915016,0.42285727466272416,0.6139843983493548,-0.04708333333333342,-0.04162037037037042,0.4923267024427328,-0.03410839390413583,0.18058259679984479,0.6887101297680205,0.024048021207147996,0.005462962962963003,0.0193895258038275,0.4274614396576376,0.11421362257536229,0.11835983771164912,0.0,0.9999999987499999,0.6434320245989021,0.3102229972620805,0.3057794635368292,0.4280369439223348,happy,03,01,01,male,normal,75
0,0.0,True,1.0,0.3706204863514523,0.39915490321284575,0.384887694782149,0.31073629571419004,-0.04722222222222222,-0.05018518518518522,0.4489478003906565,0.11573078857413432,0.13655278865562112,1.2386312770367907,0.028534416861393463,0.0029629629629630005,0.07051014130106008,0.8916311086012241,0.12135352404725971,0.11407451960413256,0.0,0.9520783425517634,0.5895537280537215,0.2884006182275497,0.3116445667032774,0.3739306261745867,happy,03,01,01,male,strong,76
10,0.33366666666666667,True,1.0,0.38104764484753756,0.4011275342623,0.3910875895549188,0.3341201155302902,-0.0476388888888889,-0.04958333333333331,0.4535394280961494,0.06734910395357122,0.14627264791179084,1.1704999830202205,0.020079889414762464,0.0019444444444444153,0.04254694713317338,0.7844678847263429,0.1189654363153002,0.1165628533601065,0.0,0.9999999987499999,0.5927501055734795,0.2890216188177955,0.30955927579758763,0.37382655835683265,happy,03,01,01,male,strong,76
20,0.6673333333333333,True,1.0,0.41474766486292536,0.38574827424364055,0.40024796955328296,0.35266674554673844,-0.04842592592592593,-0.04777777777777781,0.45320703929876055,0.06286214364336327,0.14982789766846852,1.1349183743785638,0.028999390619284804,0.0006481481481481199,0.026079929918897713,0.7227841192452032,0.1160195931149685,0.11260000904975749,0.0,0.9999999987499999,0.5996474385691777,0.2930658338523619,0.3064663644024116,0.36879770566870945,happy,03,01,01,male,strong,76
30,1.0010000000000001,True,1.0,0.3076801076827879,0.3203121954188143,0.3139961515508011,0.8038311903507278,-0.059537037037037,-0.05870370370370365,0.47805105713157453,0.14173138671008884,0.16509527250878564,0.3906244934509175,0.012632087736026365,0.0008333333333333526,0.020286306252757683,0.3499172199336717,0.11036618371925082,0.11990728475901379,0.0,0.9999999987499999,0.5945853131096189,0.300511253362583,0.3123726813218669,0.3920995433151416,happy,03,01,01,male,strong,76
40,1.3346666666666667,True,1.0,0.37090205959475037,0.39700895822523846,0.3839555089099944,0.6463366731349985,-0.05912037037037032,-0.05458333333333337,0.42383834484425104,0.2085840228836667,0.16355065683040718,0.594048774994698,0.026106898630488096,0.004537037037036951,0.004382223325008961,0.4338259485808524,0.11873400503783711,0.1136570933387,0.0,0.9999999987499999,0.5977674450952256,0.2963531614705916,0.32172322193234615,0.3868566381531336,happy,03,01,01,male,strong,76
50,1.6683333333333334,True,1.0,0.41314459934163233,0.4048152537261467,0.4089799265338895,0.8143924810611229,-0.05819444444444449,-0.05486111111111114,0.41809896017570475,0.2307039864291775,0.169606910182345,0.5021902044098,0.00832934561548565,0.003333333333333355,0.0028201152078165207,0.3565769764179006,0.11677494639721682,0.11795238860575791,0.0,0.9999999987499999,0.6107436363139005,0.2949326477421032,0.31033308503227847,0.3920679157805058,happy,03,01,01,male,strong,76
60,2.0020000000000002,True,1.0,0.4763267863305209,0.48873160748196176,0.4825291969062413,0.7518975716953183,-0.05421296296296296,-0.050509259259259254,0.4507356509929597,0.14649639739895176,0.1702536461058784,0.6417485772939433,0.01240482115144087,0.003703703703703709,0.008170160753954912,0.36372182311347934,0.11972527087703458,0.11479072109761938,0.0,0.9999999987499999,0.6002197415528712,0.2923595400183497,0.32781446605178316,0.4032974310345795,happy,03,01,01,male,strong,76
70,2.3356666666666666,True,1.0,0.42663132510418783,0.4706569085439566,0.44864411682407224,0.6860357935331258,-0.053009259259259256,-0.04999999999999993,0.3808637635024453,0.17895248026792782,0.17777820693070223,0.6539660482050476,0.044025583439768756,0.0030092592592593226,0.0044959712792080634,0.41799681061613664,0.11971936655583325,0.11578837201271548,0.0,0.7615786772681256,0.5971038399500426,0.28890103505502396,0.3145940597301475,0.3778713062494963,happy,03,01,01,male,strong,76
80,2.6693333333333333,True,1.0,0.26599497436798475,0.23444303975085032,0.2502190070594175,0.69354934461615,-0.06356481481481485,-0.059166666666666645,0.4461250503673037,0.05673307938680814,0.18195953953629362,0.36078039580284377,0.03155193461713443,0.0043981481481482065,0.006096120182385775,0.39878022257199713,0.11928163649145103,0.11574650394384126,0.0,0.9999999987499999,0.5958237639977866,0.2928769893799848,0.3291364702535397,0.3975936022330489,happy,03,01,01,male,strong,76
90,3.003,True,1.0,0.4504945954809098,0.44355861364457033,0.44702660456274007,0.6625748358410805,-0.04814814814814816,-0.044768518518518485,0.4808327062744469,0.029577741659634293,0.17708721081845535,0.6746809271669353,0.006935981836339478,0.003379629629629677,0.014013544974583032,0.41335519123477815,0.12185646100328837,0.11353711610674264,0.0,0.9999999987499999,0.5972009143970087,0.2939315877617005,0.3395117528385526,0.40815563677426253,happy,03,01,01,male,strong,76
100,3.336666666666667,True,1.0,0.4920980573611607,0.4442377345263419,0.4681678959437513,0.6631327568989872,-0.04856481481481484,-0.04425925925925922,0.4867695297165141,0.0174474640863404,0.18194612173871702,0.7059942237404293,0.04786032283481878,0.004305555555555618,0.0214494764706339,0.4079346491454657,0.10675322137482836,0.12157780100261269,0.0,0.9999999987499999,0.6508995386826606,0.31139581091491497,0.30024916071492597,0.43226634794543645,happy,03,01,01,male,strong,76
0,0.0,True,1.0,0.32946368902416584,0.3486476377033805,0.33905566336377313,0.6410256202348174,-0.047546296296296364,-0.043842592592592655,0.5224903575088035,-0.09077606731986712,0.1953112316702645,0.528926852002533,0.019183948679214635,0.003703703703703709,0.024564488297675158,0.4136810281251567,0.11466168335891318,0.12016636967174467,0.0,0.9999999987499999,0.6313383860341012,0.3179908195749704,0.3002117820310992,0.4178988493022633,happy,03,01,01,male,strong,77
10,0.33366666666666667,True,1.0,0.36647352033816255,0.36579090178583634,0.36613221106199945,0.6458934897182896,-0.046064814814814836,-0.0439814814814814,0.525957063843968,-0.06458651075979271,0.18751464786534006,0.5668615907890483,0.0006826185523262085,0.002083333333333437,0.00220468914628385,0.42218553708364664,0.10924398184802825,0.12311644545667369,0.0,0.9999999987499999,0.6296430309154912,0.3162427271319704,0.2976621844496347,0.4245126493744789,happy,03,01,01,male,strong,77
20,0.6673333333333333,True,1.0,0.39136662600010935,0.3549402858361204,0.3731534559181149,0.6551916612418904,-0.048333333333333284,-0.04592592592592587,0.5066103297824012,-0.005552471705439727,0.17778164011680334,0.5695332800951968,0.036426340163988935,0.0024074074074074137,0.0012457419074471158,0.41949152542372914,0.10915983005115427,0.12163469381492684,0.0,0.9999999987499999,0.6343527326164841,0.3136817345346797,0.30785903791831876,0.43606314968719523,happy,03,01,01,male,strong,77
30,1.0010000000000001,True,1.0,0.41114091239355727,0.4160319836881661,0.41358644804086164,0.685895959907449,-0.05319444444444438,-0.05041666666666672,0.5184350192682821,-0.010883333901679289,0.18556514895392778,0.6029871470545893,0.004891071294608806,0.002777777777777657,0.014053391918603986,0.3867317095290963,0.10956155259727829,0.12095836281141674,0.0,0.9999999987499999,0.6405798328784638,0.3126882382713573,0.3073879121772421,0.42730835920485166,happy,03,01,01,male,strong,77
40,1.3346666666666667,True,1.0,0.3460008815121681,0.309066251843542,0.32753356667785505,0.5841287943519845,-0.05685185185185193,-0.05291666666666661,0.49068366647055245,0.02862680049436925,0.18611766999740337,0.5607214878718849,0.03693462966862615,0.003935185185185319,0.016289032340192088,0.4647791888379846,0.10672860133221798,0.12081348389443017,0.0,0.9999999987499999,0.6392377520930247,0.31233724958144826,0.3065107937626697,0.43296144672115994,happy,03,01,01,male,strong,77
50,1.6683333333333334,True,1.0,0.4534976051502184,0.44644896446074067,0.44997328480547955,0.7290726449605918,-0.05412037037037032,-0.049166666666666636,0.45046179415390514,0.10501680021352477,0.1861258682802443,0.6171858016011583,0.007048640689477748,0.004953703703703682,0.024656606051470215,0.39228561527103967,0.10379140880156587,0.12257126887634552,0.0,0.9999999987499999,0.6450681331282514,0.31153264753595966,0.2976013466196386,0.4337614996540613,happy,03,01,01,male,strong,77
60,2.0020000000000002,True,1.0,0.42820764936717,0.39725801363707075,0.41273283150212037,0.7097179003786948,-0.05407407407407411,-0.050324074074073966,0.44080066188615225,0.09504670977417258,0.1861258682802442,0.5815449085924032,0.030949635730099234,0.003750000000000142,0.007953074883549061,0.40216205638419666,0.12131354308236175,0.11361507929919301,0.0,0.9999999987499999,0.5916057046099689,0.28802341512799023,0.33309778209345825,0.3946411532909809,happy,03,01,01,male,strong,77
70,2.3356666666666666,True,1.0,0.4368319051646237,0.4294675394516305,0.4331497223081271,0.6340027061350092,-0.05365740740740743,-0.048888888888888926,0.4072884932128439,0.11714391600091982,0.18542695320541566,0.6831985386130024,0.007364365712993204,0.004768518518518505,0.018049828540540824,0.44498882061552536,0.11323182285284752,0.1191396370285153,0.0,0.9999999987499999,0.641681115203894,0.30998044727239255,0.2983438015709287,0.415164134045808,happy,03,01,01,male,strong,77
80,2.6693333333333333,True,1.0,0.339022932743749,0.3171210228098948,0.3280719777768219,0.6514742758497591,-0.053472222222222254,-0.04999999999999999,0.47450315492689227,0.029610918516360003,0.1888892927975793,0.5035839325334786,0.021901909933854213,0.0034722222222222654,0.014073580822043902,0.42990759976851334,0.10724574592326436,0.12239523492371282,0.0,0.9999999987499999,0.6427833097692203,0.311334202216516,0.30303184120782606,0.4303457835927629,happy,03,01,01,male,strong,77
90,3.003,True,1.0,0.4104228140434079,0.40062813052734386,0.4055254722853759,0.6297397864278129,-0.047592592592592686,-0.045555555555555516,0.5002531080043384,-0.016868029993602086,0.18333499792094693,0.6439572042695786,0.009794683516064051,0.0020370370370371704,0.007789766292601716,0.4222527598204906,0.12186637192422267,0.1135264780398887,0.0,0.8831620835581214,0.5942621355807948,0.2891171705454747,0.3404669372079948,0.4016077413091529,happy,03,01,01,male,strong,77
100,3.336666666666667,True,1.0,0.4104228140434067,0.35903481552536937,0.38472881478438803,0.595401684504751,-0.047222222222222276,-0.04453703703703693,0.4991402181890542,-0.028084985118148505,0.18549729783568353,0.6461668228305426,0.051387998518037326,0.002685185185185346,0.011606830062254436,0.45675779261472366,0.10790233879806083,0.12024262704085055,0.0,0.9999999987499999,0.6439252550864096,0.31009177676280814,0.2967045715699026,0.4245282569004354,happy,03,01,01,male,strong,77
0,0.0,True,1.0,0.43105717601423615,0.4192723969647983,0.4251647864895172,0.6205906407309342,-0.04421296296296284,-0.04185185185185186,0.46649398603490555,-0.006084221967950316,0.18819444444444444,0.6850970004780549,0.011784779049437866,0.0023611111111109806,0.00917008712175315,0.4526307850192012,0.12284481770173651,0.11263626651158806,0.0,0.7916114715496709,0.6073766643923194,0.28703905661447915,0.3153040831003958,0.37487239102531716,happy,03,01,01,male,strong,78
10,0.33366666666666667,True,1.0,0.3764159966567513,0.35903481552536937,0.3677254060910603,0.6398202787486752,-0.04685185185185198,-0.04314814814814816,0.4788737420457413,-0.01184852368053097,0.1840427019957316,0.5747323401662685,0.01738118113138193,0.00370370370370382,0.01559477691046727,0.4378917509249518,0.11913556145009248,0.11638896777400881,0.0,0.9999999987499999,0.6040883220632003,0.2909713163950713,0.3209840791197508,0.3929491971209388,happy,03,01,01,male,strong,78
20,0.6673333333333333,True,1.0,0.4784797776866242,0.46174638940989265,0.4701130835482584,0.7106620443926425,-0.050000000000000044,-0.045509259259259305,0.47497597985866996,0.04145528592290493,0.1785957222481236,0.6615142700494636,0.016733388276731542,0.00449074074074074,0.003912667435161174,0.37537018765184005,0.11038804084203226,0.12177922341609912,0.0,0.9999999987499999,0.6532861710543592,0.31364475341137893,0.30007008263504586,0.4275587109388102,happy,03,01,01,male,strong,78
30,1.0010000000000001,True,1.0,0.49408619699309847,0.4985800561582689,0.4963331265756837,0.8993419224051687,-0.05500000000000005,-0.050648148148148164,0.4278547114559963,0.15870196841798323,0.19583372291904952,0.5518847884331998,0.004493859165170422,0.0043518518518518845,0.00737136229050241,0.3311976578744253,0.10695913841955862,0.12155352165564928,0.0,0.9999999987499999,0.6436958952174621,0.32136406578022797,0.29831840809806764,0.42496763184261516,happy,03,01,01,male,strong,78
40,1.3346666666666667,True,1.0,0.4766993615715218,0.4785459811596319,0.47762267136557685,0.6813577343298284,-0.052962962962962934,-0.04689814814814819,0.445352081515267,0.07070693469460554,0.19166825888152061,0.7009866437274073,0.0018466195881100544,0.006064814814814745,0.018851109936444795,0.41563168746644064,0.1188902669647697,0.1158199400137378,0.0,0.9999999987499999,0.6008471576364921,0.29237154661834136,0.33201835931181845,0.39962637714473986,happy,03,01,01,male,strong,78
50,1.6683333333333334,True,1.0,0.4935849412164155,0.45421788006522473,0.47390141064082014,0.6433096128322026,-0.0506018518518519,-0.043888888888888866,0.44707611123676466,0.012865378145191439,0.19376417538869908,0.7366614786843393,0.03936706115119076,0.006712962962963032,0.010802187052876408,0.42794050079484985,0.1178430791582672,0.11704813849680146,0.0,0.9999999987499999,0.6011449476978291,0.2954627528181125,0.3280075120060448,0.3969024639170708,happy,03,01,01,male,strong,78
60,2.0020000000000002,True,1.0,0.4880173615965056,0.4617463894098913,0.4748818755031985,0.6176369675281465,-0.047453703703703776,-0.042083333333333306,0.4380293730221752,-0.006570135517501453,0.202089373835838,0.7688689318641821,0.026270972186614283,0.00537037037037047,0.01982011792262238,0.45475466680245824,0.11177631229380396,0.12018962905449869,0.0,0.9999999987499999,0.6169123156215611,0.32438224736189575,0.2873301975645057,0.4072645438893329,happy,03,01,01,male,strong,78
70,2.3356666666666666,True,1.0,0.5131046620129132,0.47964325227320925,0.4963739571430612,0.6661546338210294,-0.0493055555555556,-0.044907407407407396,0.4380109443361941,0.006530927782559081,0.20070394796348626,0.7451332347504441,0.03346140973970391,0.0043981481481482065,0.018442342432729596,0.4195760593606588,0.10864924594774097,0.12036222484122136,0.0,0.9999999987499999,0.6233874160289116,0.3198514886939081,0.2930223074264942,0.41675717597812484,happy,03,01,01,male,strong,78
80,2.6693333333333333,True,1.0,0.508109133682731,0.5030385660751402,0.5055738498789356,0.6387290849881604,-0.048472222222222305,-0.043749999999999956,0.390860019157606,0.029033140226734457,0.20141313311922143,0.7915309663537664,0.005070567607590837,0.00472222222222235,0.009697365944977658,0.4624664942073772,0.11218042541717603,0.11885461450970221,0.0,0.9999999987499999,0.6167011272868522,0.3202540911751532,0.28703498859410814,0.3917979682266798,happy,03,01,01,male,strong,78
90,3.003,True,1.0,0.3801125091505487,0.36315215327838857,0.37163233121446865,0.6429748997171609,-0.048981481481481404,-0.04587962962962966,0.45025365969632536,-0.05673307938680814,0.20139495022008674,0.5779888629835263,0.01696035587216016,0.0031018518518517446,0.011112098172867395,0.4522058823529415,0.11163043249386612,0.12000803959822419,0.0,0.9999999987499999,0.6226689478056847,0.31823739635325177,0.2984072813385085,0.41427637140942236,happy,03,01,01,male,strong,78
100,3.336666666666667,True,1.0,0.4701238874396195,0.4360344583253779,0.4530791728824987,0.6534974162921368,-0.047175925925925954,-0.04439814814814813,0.4965155758874764,-0.05069285065379665,0.19585826525690575,0.6933144058215467,0.03408942911424162,0.0027777777777778234,0.01666483501195142,0.40870769206810265,0.10688607794964325,0.12083195985123768,0.0,0.9999999987499999,0.6347842870820203,0.3134558039640544,0.29850086871337833,0.42103236562178276,happy,03,01,01,male,strong,78
110,3.6703333333333332,True,1.0,0.4909813640293328,0.49160880327181145,0.4912950836505721,0.6575328672948421,-0.04796296296296293,-0.04449074074074072,0.5057714643901035,-0.01113652975326533,0.18611766999740337,0.747179507043976,0.0006274392424786557,0.00347222222222221,0.029236732167332795,0.4110579230427758,0.10919460599117566,0.12144670152525341,0.0,0.9999999987499999,0.6367707589910965,0.3122289867752967,0.301476074804134,0.43030232763215515,happy,03,01,01,male,strong,78
0,0.0,True,1.0,0.5601995064028306,0.5639420547384433,0.5620707805706369,0.3841327646796209,-0.04976851851851849,-0.04675925925925922,0.39832921710299696,0.022161505654593443,0.1815566001892127,1.4632200953735932,0.0037425483356127165,0.003009259259259267,0.024840620520268683,0.6717750114809976,0.11653635828815853,0.11754154793236642,0.0,0.9999999987499999,0.6459139954028486,0.31359717333245046,0.27249617724351544,0.3873469098362089,happy,03,01,01,male,strong,79
10,0.33366666666666667,True,1.0,0.5433821238096114,0.6030869212125957,0.5732345225111035,0.31402973692668706,-0.046157407407407425,-0.04305555555555557,0.3764611267868342,0.0,0.1867335852508942,1.8254147779798637,0.05970479740298429,0.0031018518518518556,0.045196333254195045,0.7874999999999989,0.12091737984140542,0.11133142445464388,0.0,0.7071067807446058,0.6159927948210534,0.2849386625823757,0.2737461778639472,0.3489208686408749,happy,03,01,01,male,strong,79
20,0.6673333333333333,True,1.0,0.6153264533104829,0.6548354131169718,0.6350809332137273,0.5318429940997821,-0.06643518518518521,-0.06129629629629635,0.3953885708126011,0.04556301141284175,0.2075632513971594,1.1941135640767246,0.03950895980648894,0.0051388888888888595,0.025048586994442318,0.49877527404258276,0.10928521540801023,0.12167872812041408,0.0,0.9999999987499999,0.6332649538018332,0.3190623287103885,0.29910673433952467,0.4187653642938732,happy,03,01,01,male,strong,79
30,1.0010000000000001,True,1.0,0.5572779573844686,0.5579937128470009,0.5576358351157348,0.805957419644647,-0.060185185185185286,-0.05773148148148155,0.4034359560480329,0.08208380249404748,0.20792675894473603,0.6918924269741209,0.0007157554625323304,0.0024537037037037357,0.0026609669360774003,0.36503353815534484,0.11086529561127269,0.12228331337961096,0.0,0.9999999987499999,0.6032685196266007,0.29669130453372844,0.322294186525913,0.3970424596280486,happy,03,01,01,male,strong,79
40,1.3346666666666667,True,1.0,0.5280336093349849,0.514204232656045,0.5211189209955149,0.5714130122617374,-0.055000000000000104,-0.05064814814814811,0.434631050017406,-0.05437641417977571,0.2098535077675443,0.9119829437080004,0.013829376678939909,0.0043518518518519955,0.008851920159419744,0.48234121967812266,0.11024061172224371,0.12191269968285634,0.0,0.9999999987499999,0.6198690858061976,0.3240415361135618,0.2916457791715428,0.40521768873958647,happy,03,01,01,male,strong,79
50,1.6683333333333334,True,1.0,0.4735429740420902,0.4409199040080027,0.4572314390250465,0.5367087564341114,-0.055416666666666614,-0.051203703703703696,0.43016971267845117,-0.09632232268669988,0.2140942489071658,0.8519172335903152,0.03262307003408754,0.004212962962962918,0.001123823726607853,0.563025548876957,0.10915790919216153,0.12365585070991261,0.0,0.9999999987499999,0.6090946292266907,0.3278552477992656,0.28981521391160747,0.40123016333965195,happy,03,01,01,male,strong,79
60,2.0020000000000002,True,1.0,0.5274368334663471,0.4895767954779122,0.5085068144721296,0.7085437310429384,-0.05092592592592593,-0.04555555555555557,0.46405058371590074,-0.11185354219673872,0.21737374677619029,0.7176787997596632,0.03786003798843485,0.005370370370370359,0.01595894873764999,0.38519305628713574,0.11031898762123647,0.1205843613705174,0.0,0.9999999987499999,0.6121845545483818,0.3252982537304784,0.30169157987998807,0.415633561184223,happy,03,01,01,male,strong,79
70,2.3356666666666666,True,1.0,0.5234017977262189,0.5259088696597967,0.5246553336930078,0.6356753758075079,-0.04967592592592596,-0.04375000000000001,0.4459260813786962,-0.06486056071115322,0.21111111111111108,0.8253510418372433,0.002507071933577798,0.005925925925925946,0.016214957963989238,0.42520688534198986,0.1102124041865373,0.12083955125591696,0.0,0.9999999987499999,0.6167819868885054,0.32166189059156153,0.29745044240233787,0.41016265436786703,happy,03,01,01,male,strong,79
80,2.6693333333333333,True,1.0,0.5571556566144018,0.5532781723002909,0.5552169144573463,0.5582806687913913,-0.04643518518518519,-0.04370370370370369,0.4071976942750416,-0.028626800494369237,0.20833662920570015,0.9945121611667522,0.003877484314110946,0.0027314814814815014,0.004597255006050694,0.5360564325892311,0.1086096520134666,0.12008105349204594,0.0,0.9999999987499999,0.6158869634494423,0.31909201870526827,0.2851683798221069,0.39405878032730624,happy,03,01,01,male,strong,79
90,3.003,True,1.0,0.4433587393629338,0.4255511772035665,0.43445495828325015,0.6117040545434946,-0.04611111111111116,-0.04157407407407404,0.4934329983697616,-0.12695029563221777,0.2090277777777778,0.7102371727901611,0.017807562159367296,0.004537037037037117,0.010045467936432448,0.457899617105051,0.11347374887594161,0.11922925408092776,0.0,0.9999999987499999,0.6151841382646809,0.31913539261180424,0.30473547096815723,0.41411656744447184,happy,03,01,01,male,strong,79
100,3.336666666666667,True,1.0,0.4397857011621596,0.4025103356042197,0.42114801838318966,0.6628511638341913,-0.04699074074074078,-0.043472222222222245,0.5135002617440254,-0.09938837346736154,0.20348159600640797,0.6353583449218135,0.037275365557939866,0.003518518518518532,0.011896577983090854,0.40605337517136936,0.1192553724997255,0.11626620296375817,0.0,0.9999999987499999,0.6014967128101242,0.28735775860712703,0.3314344952845729,0.3926616631675301,happy,03,01,01,male,strong,79
110,3.6703333333333332,True,1.0,0.4537614625005569,0.44212508382713395,0.4479432731638454,0.5852310159673333,-0.04583333333333328,-0.042453703703703716,0.5209592087942662,-0.09203983591380445,0.19588046757961877,0.7654127360687406,0.011636378673422931,0.003379629629629566,0.03162911965359025,0.4741552624109837,0.1086865050863844,0.12032858108498298,0.0,0.9999999987499999,0.640360370570103,0.3148935839560058,0.3013143855923118,0.42194467183104417,happy,03,01,01,male,strong,79
0,0.0,True,1.0,0.5221210902807303,0.4713821090098344,0.49675159964528237,0.5902359710616875,-0.05319444444444438,-0.04500000000000004,0.36533856168922235,0.15109131921142796,0.1743059932573217,0.8416152589815054,0.05073898127089588,0.008194444444444338,0.04909511247414102,0.5001637934608445,0.11669136204476917,0.11706261752872327,0.0,0.9999999987499999,0.6451774420705783,0.30903026173779524,0.28446297142205235,0.3911971915729972,sad,04,01,01,male,normal,80
10,0.33366666666666667,True,1.0,0.44343640244050536,0.4654309958228376,0.4544336991316715,0.5959529367710384,-0.050925925925925986,-0.04462962962962963,0.36544889875269043,0.1337591759337238,0.1777777777777778,0.7625328630711358,0.021994593382332228,0.006296296296296355,0.054510614191093494,0.47354552998045535,0.1175928476923904,0.11566391281372415,0.0,0.9999999987499999,0.6349619820115546,0.311386816461213,0.2845960895677705,0.392689375032169,sad,04,01,01,male,normal,80
20,0.6673333333333333,True,1.0,0.48029881539923946,0.48003497498696013,0.4801668951930998,0.62873490568877,-0.05097222222222231,-0.04388888888888881,0.3567261709133432,0.13015164541787774,0.18194486376946223,0.7637032568870722,0.00026384041227933697,0.007083333333333497,0.06004688230369917,0.4624404296560415,0.12440906080367876,0.1095232020153081,0.0,0.7762597721222763,0.6019465919180172,0.28225167940286566,0.29896163171264883,0.35964917405970365,sad,04,01,01,male,normal,80
30,1.0010000000000001,True,1.0,0.48172638764136994,0.47613654797842636,0.47893146780989815,0.8143644875386786,-0.05162037037037037,-0.04546296296296298,0.34963508984852715,0.18753568356384823,0.18195953953629374,0.5881045590008627,0.005589839662943574,0.006157407407407389,0.051132350225996256,0.3749576799973463,0.1226535462328719,0.11284451854748168,0.0,0.7610487564434002,0.6003850198829531,0.2800993960502548,0.2951251130150806,0.3563204798809199,sad,04,01,01,male,normal,80
40,1.3346666666666667,True,1.0,0.5018812282295072,0.5058046863390656,0.5038429572842864,0.6885098995103238,-0.051064814814814896,-0.044490740740740775,0.3486476687914178,0.13290988178016144,0.18265935656628304,0.7317875278810447,0.003923458109558409,0.006574074074074121,0.04022119586692681,0.45227567313505346,0.1256800744014404,0.10928949044242346,0.0,0.7534257061974566,0.6021762396833734,0.2783467993805323,0.30899109773248656,0.3689940585187115,sad,04,01,01,male,normal,80
50,1.6683333333333334,True,1.0,0.4934172403083995,0.47650800015337624,0.4849626202308879,0.8898084471131639,-0.04814814814814816,-0.04106481481481483,0.3361698703349128,0.1646989422766473,0.1916861703873071,0.5450191238398205,0.016909240155023264,0.00708333333333333,0.0393878164304786,0.36861190502362123,0.11477912674967897,0.11683719930919288,0.0,0.9999999987499999,0.6188542622283287,0.31398294692350187,0.2720697595815518,0.3855988578244851,sad,04,01,01,male,normal,80
60,2.0020000000000002,True,1.0,0.52631128041828,0.5264220340298118,0.526366657224046,0.6127390518863102,-0.04597222222222225,-0.0436111111111111,0.37197625212422847,0.07659238148578847,0.1891831094943326,0.8590388610023014,0.00011075361153178864,0.002361111111111147,0.037436745361776796,0.50625,0.11373007372035408,0.11818145923276122,0.0,0.9999999987499999,0.6201947541203982,0.3155528088976654,0.27301184864829714,0.38626455440728036,sad,04,01,01,male,normal,80
70,2.3356666666666666,True,1.0,0.528510712828932,0.5360131373389814,0.5322619250839566,0.6897896531691864,-0.04796296296296293,-0.04342592592592587,0.3659735710359485,0.11492903248223067,0.18983468521168206,0.7716293258945238,0.007502424510049344,0.004537037037037062,0.013025755732636061,0.4628889292367955,0.11933946715274961,0.11519176062495054,0.0,0.9999999987499999,0.6229976943668093,0.31336719203308966,0.27665175825408445,0.38762814596376666,sad,04,01,01,male,normal,80
80,2.6693333333333333,True,1.0,0.5291858838933191,0.48611471611110024,0.5076503000022097,0.6942945872233867,-0.045925925925925926,-0.04861111111111105,0.35155474477736237,0.11527531764724872,0.18490294473152574,0.7311742153030427,0.04307116778221887,0.002685185185185124,0.035754309649352285,0.42855953205389935,0.1235816314544976,0.11114379130875654,0.0,0.9999999987499999,0.5984605720491322,0.27700022510229744,0.29953562837973935,0.35583005458610817,sad,04,01,01,male,normal,80
90,3.003,True,1.0,0.49694959545269507,0.4718249564205068,0.4843872759366009,0.447850876775577,-0.04648148148148146,-0.04689814814814808,0.36284919649525954,0.052021160460316136,0.18248708110561565,1.0815816180244584,0.025124639032188256,0.0004166666666666208,0.03009901465146816,0.6056206564155915,0.12628321237804133,0.10876731145746099,0.0,0.8428021476183529,0.5980788178240046,0.27500929200017205,0.30291874512647937,0.36091095405615436,sad,04,01,01,male,normal,80
100,3.336666666666667,True,1.0,0.5199388629935603,0.4467923146405267,0.4833655888170435,0.4765922491052711,-0.045787037037037015,-0.04703703703703699,0.34983988674930905,0.0840599801324518,0.18133516937356897,1.0142120223828406,0.07314654835303358,0.0012499999999999734,0.044826734269811944,0.6265821649670467,0.12660378441632095,0.10804189764471947,0.0,0.7071067807446058,0.5970047184655112,0.27524348954853306,0.29894474053655024,0.35779803049087266,sad,04,01,01,male,normal,80
110,3.6703333333333332,True,1.0,0.3688790237502733,0.326986151193452,0.3479325874718626,0.5052415706913171,-0.053842592592592664,-0.057361111111111196,0.3403561902761344,0.09436900664027022,0.18057275413047255,0.688646001546923,0.04189287255682134,0.003518518518518532,0.045092406318749556,0.6026413550831914,0.12569594234941622,0.10927124003657392,0.0,0.9999999987499999,0.5965619130620999,0.2759947884626322,0.2987400770542889,0.35495336839192226,sad,04,01,01,male,normal,80
0,0.0,True,1.0,0.4062721143234145,0.3999035635724672,0.40308783894794087,0.6691794862768564,-0.04935185185185181,-0.05236111111111108,0.3312767852508815,0.1872566225032024,0.166534376977843,0.6023613204143757,0.006368550750947277,0.003009259259259267,0.052131672880846955,0.4542966044216631,0.1201222191309329,0.11520513159363097,0.0,0.9999999987499999,0.6433055717052446,0.3112944993666862,0.29082526293842603,0.39992648951846865,sad,04,01,01,male,normal,81
10,0.33366666666666667,True,1.0,0.47984813930964504,0.47557658312410994,0.4777123612168775,0.7117831347494903,-0.05064814814814822,-0.05180555555555555,0.3409820306455419,0.2129368952287307,0.1685197903899907,0.6711487500824346,0.004271556185535097,0.0011574074074073293,0.05193805604083793,0.4261207894208011,0.11202011099129135,0.1190057224265373,0.0,0.9999999987499999,0.6473224139734018,0.3100396759621226,0.2881260220484869,0.3992459679126287,sad,04,01,01,male,normal,81
20,0.6673333333333333,True,1.0,0.5024303639897644,0.49029999917251066,0.4963651815811375,0.681554140972023,-0.04763888888888884,-0.05111111111111116,0.34020552279304506,0.21352006034792348,0.16984919444804236,0.7282843016304301,0.012130364817253714,0.003472222222222321,0.05754785921504861,0.43635509506832776,0.12229314501768199,0.11205104559252863,0.0,0.9999999987499999,0.6037038902983068,0.2789053108864544,0.29856273389237314,0.3605480092237333,sad,04,01,01,male,normal,81
30,1.0010000000000001,True,1.0,0.41712318925063036,0.4172688435097743,0.4171960163802023,0.7352818205781135,-0.050925925925925875,-0.05314814814814822,0.3362977399072008,0.207409722242185,0.17331330795029443,0.567396071416784,0.0001456542591439236,0.0022222222222223476,0.048615965489803174,0.4172488963149585,0.12437227110212715,0.11043099251540699,0.0,0.9999999987499999,0.6014101891303396,0.2801229706300046,0.3000142955608737,0.3633603839760813,sad,04,01,01,male,normal,81
40,1.3346666666666667,True,1.0,0.40994517987305146,0.4188691578659071,0.41440716886947926,0.6427234030402622,-0.054166666666666696,-0.05333333333333329,0.35075563872922083,0.1879550338330885,0.16861076454100446,0.6447675110463023,0.008923977992855658,0.0008333333333334081,0.020988248900727483,0.4803952339539588,0.11325615391225226,0.11831408487857441,0.0,0.9999999987499999,0.6509952254495548,0.30867008460976625,0.285452874353456,0.4001757924778301,sad,04,01,01,male,normal,81
50,1.6683333333333334,True,1.0,0.476334825018781,0.47006652425182216,0.4732006746353016,0.9269936409348298,-0.05523148148148144,-0.053611111111111165,0.33796823355275957,0.30073459334489705,0.16921232963351104,0.5104680914079419,0.006268300766958834,0.001620370370370272,0.014360759370361924,0.3456885482496292,0.112677818508501,0.11934487897723749,0.0,0.9999999987499999,0.6512081057579282,0.30850706200174044,0.28465892660840386,0.4011512224673193,sad,04,01,01,male,normal,81
60,2.0020000000000002,True,1.0,0.5823858098523895,0.5646096025817423,0.5734977062170659,0.9116000915902401,-0.05203703703703716,-0.049814814814814756,0.3422144706903369,0.2441293381450617,0.17177573680336888,0.6291110669116193,0.017776207270647215,0.002222222222222403,0.011240986461714822,0.34144896320926144,0.11484612233216691,0.11758429743282417,0.0,0.9999999987499999,0.6463942895204957,0.30868182762969143,0.2841467096672951,0.3950405030985311,sad,04,01,01,male,normal,81
70,2.3356666666666666,True,1.0,0.49181572593899164,0.4747042189835351,0.4832599724612634,0.6936391907276651,-0.05111111111111111,-0.049398148148148135,0.3387249384939706,0.20136382436223327,0.1726204591835017,0.696702232113352,0.017111506955456546,0.0017129629629629717,0.023722511010815888,0.43172139654405056,0.12337389865781302,0.11103168563249904,0.0,0.9999999987499999,0.6016712399178421,0.28063207048594463,0.29952371294910834,0.3570193210242064,sad,04,01,01,male,normal,81
80,2.6693333333333333,True,1.0,0.4923877430430882,0.4496940394539088,0.47104089124849846,0.4703236714172913,-0.050787037037037075,-0.04972222222222222,0.36085146194903606,0.07565963286435438,0.17254486488860252,1.0015249494652179,0.0426937035891794,0.0010648148148148517,0.02470821954836072,0.5980853246058049,0.12319771564922304,0.11139829841891874,0.0,0.9999999987499999,0.6038553952909289,0.2801678203490137,0.3000438323559276,0.35940168415656615,sad,04,01,01,male,normal,81
90,3.003,True,1.0,0.46612909497951993,0.4364204526303935,0.45127477380495673,0.4992729287226283,-0.04939814814814819,-0.04597222222222225,0.351809907804382,0.10135219925896358,0.1744473134619544,0.9038638945626932,0.029708642349126457,0.0034259259259259434,0.0023049605781889845,0.5805606013881027,0.12650429046970904,0.10833438196371853,0.0,0.7574481380669414,0.6068994059029863,0.2791634257146691,0.3037560992278365,0.3641862558666142,sad,04,01,01,male,normal,81
100,3.336666666666667,True,1.0,0.49066886251751374,0.4755675800683276,0.4831182212929207,0.5125259566289181,-0.050925925925925986,-0.0470370370370371,0.3447647066640984,0.12010471691108228,0.17722286935101506,0.9426219590332098,0.015101282449186126,0.003888888888888886,0.008905703391197443,0.5799885264545785,0.12476786505839844,0.11032974970927255,0.0,0.9999999987499999,0.6082166458771008,0.27913773407788267,0.30512035593487047,0.36863998773956264,sad,04,01,01,male,normal,81
0,0.0,True,1.0,0.527309902305899,0.48756237824716514,0.507436140276532,0.5765730107360082,-0.049398148148148024,-0.04629629629629628,0.34831844158562203,0.20017452818513867,0.16201336077128822,0.8800899987128752,0.039747524058733885,0.0031018518518517446,0.01129323686409245,0.5311851620184301,0.11137757649528424,0.1196072852745414,0.0,0.9999999987499999,0.6591281711278261,0.3087941239860429,0.2755792570365214,0.4037489137354301,sad,04,01,01,male,normal,82
10,0.33366666666666667,True,1.0,0.5269116813497187,0.5204957469753607,0.5237037141625397,0.5872233685101415,-0.05092592592592593,-0.0477777777777777,0.36124395592460945,0.2163217528702123,0.1585259587597389,0.8918305064923437,0.0064159343743579456,0.003148148148148233,0.007017404612414706,0.5180353529620846,0.12515708219647698,0.10901769975987323,0.0,0.7570443438730601,0.5978350212975815,0.2860972098291859,0.3049387593362753,0.37645559028071324,sad,04,01,01,male,normal,82
20,0.6673333333333333,True,1.0,0.5659489363750564,0.5273099023058995,0.5466294193404779,0.5567268929790926,-0.05115740740740743,-0.04874999999999996,0.36099648459021766,0.208670719730641,0.16201336077128822,0.9818627880816351,0.03863903406915692,0.002407407407407469,0.008839782979629725,0.5153734142324002,0.11201507573669162,0.11723628543163318,0.0,0.9999999987499999,0.6597870892810249,0.30813813687115427,0.2809988187690734,0.40651736300871494,sad,04,01,01,male,normal,82
30,1.0010000000000001,True,1.0,0.5011804956722283,0.47059337958880954,0.48588693763051893,0.7142515425660166,-0.05125000000000002,-0.04898148148148146,0.3516964629717355,0.24600075771421911,0.1592008741604577,0.6802742572804588,0.030587116083418797,0.0022685185185185586,0.007870886884105944,0.4374658243174097,0.10950882724534591,0.11829923494517297,0.0,0.9999999987499999,0.6608576472932924,0.30838630439479753,0.2805506650164661,0.4077485863703588,sad,04,01,01,male,normal,82
40,1.3346666666666667,True,1.0,0.5010785545286599,0.4867394354058434,0.49390899496725166,0.6031746031746034,-0.04879629629629634,-0.048101851851851785,0.35193188165987416,0.22222222222222265,0.15773372029051352,0.8188491232351801,0.01433911912281649,0.000694444444444553,0.004600773533551805,0.48919517136373686,0.12497630296892544,0.10939918522784399,0.0,0.9609661214712224,0.6034553315623125,0.28627024274872953,0.30793593565591715,0.37764223015583714,sad,04,01,01,male,normal,82
50,1.6683333333333334,True,1.0,0.3237759590392753,0.33037787242883615,0.32707691573405573,0.6686794006250567,-0.05990740740740741,-0.059537037037036944,0.34380781709261615,0.22015420630655683,0.15698381528398375,0.48913861475068077,0.006601913389560843,0.0003703703703704653,0.005251550127319798,0.4527012995892371,0.12122936284924864,0.11167612184972016,0.0,0.9999999987499999,0.6052444361338285,0.29083176211902817,0.29634794933194786,0.3671212059182395,sad,04,01,01,male,normal,82
60,2.0020000000000002,True,1.0,0.39111065107784937,0.3927163572013423,0.3919135041395958,0.6924582851922264,-0.053333333333333455,-0.05291666666666661,0.35489697698491607,0.23598820058997097,0.15702657735393374,0.565974171326148,0.0016057061234929226,0.0004166666666668428,0.00881444634650837,0.43511066278084837,0.12102865378306309,0.11206374756983686,0.0,0.9999999987499999,0.5991584383675346,0.2884478387449372,0.3019729501072032,0.3712257445716225,sad,04,01,01,male,normal,82
70,2.3356666666666666,True,1.0,0.4939066739250072,0.4782826556151728,0.48609466477009,0.6185281016775649,-0.04893518518518514,-0.04884259259259255,0.36327258307661964,0.1777565390298056,0.15910883526207428,0.7858893774619287,0.015624018309834398,9.259259259258856e-05,0.01168518829752948,0.4645517152825644,0.1163206748220436,0.11596161209419205,0.0,0.9999999987499999,0.6593150279721263,0.3091591894085579,0.2861450995018989,0.40654342140641586,sad,04,01,01,male,normal,82
80,2.6693333333333333,True,1.0,0.49417426073149395,0.4856478270857948,0.4899110439086444,0.5210829115198907,-0.0477777777777777,-0.04773148148148154,0.36425394159526686,0.14557677447749195,0.15910883526207428,0.9401786799718216,0.00852643364569916,4.6296296296155504e-05,0.009873920324018674,0.5127974735187316,0.12326430357247654,0.11046560441672182,0.0,0.9999999987499999,0.5972445984722013,0.2873762760683913,0.3059748105041481,0.3751443834722222,sad,04,01,01,male,normal,82
90,3.003,True,1.0,0.517491220751367,0.5015569693421198,0.5095240950467435,0.5164514599104587,-0.04675925925925928,-0.045555555555555516,0.36647979305034056,0.13668903423852644,0.16049702270746352,0.986586609969277,0.015934251409247202,0.0012037037037037623,0.007708928387415542,0.5624230354721579,0.12382012163916122,0.11053384803599792,0.0,0.9999999987499999,0.5947523446331657,0.288273643369555,0.3023587877483558,0.3712549432974854,sad,04,01,01,male,normal,82
100,3.336666666666667,True,1.0,0.501850714862126,0.469341489375189,0.48559610211865745,0.49470330281111274,-0.050046296296296255,-0.04787037037037034,0.35914646472689715,0.13138526797855096,0.16192621871902638,0.9815905803727116,0.032509225486936966,0.0021759259259259145,0.005238522139665122,0.5799885264545798,0.11533710459825382,0.11562921600027332,0.0,0.9999999987499999,0.6569160478488271,0.30878530376838165,0.28088283467840686,0.40550988334929483,sad,04,01,01,male,normal,82
0,0.0,True,1.0,0.5593882315648393,0.514668850125721,0.5370285408452802,0.532539262527083,-0.0506018518518519,-0.04583333333333328,0.350231473166556,0.12530335588872607,0.18426642021493544,1.008429948050955,0.044719381439118355,0.004768518518518616,0.01631267905753087,0.5491156827921001,0.11921328073850403,0.11598128996467542,0.0,0.9999999987499999,0.6371732770764557,0.3087628082513069,0.28460508881847246,0.3844492875462016,sad,04,01,01,male,normal,83
10,0.33366666666666667,True,1.0,0.5140057561431597,0.5437186861376094,0.5288622211403846,0.578722687075977,-0.04796296296296304,-0.04268518518518527,0.33192736714066334,0.1487951902732112,0.18484154642045894,0.9138439410635262,0.029712929994449744,0.00527777777777777,0.030925054699059457,0.5014158370979866,0.12395448539934573,0.11072780828933229,0.0,0.9999999987499999,0.6090402664581457,0.27720041651669536,0.30263916009152486,0.3700527691994713,sad,04,01,01,male,normal,83
20,0.6673333333333333,True,1.0,0.5230661431198047,0.5398302146099467,0.5314481788648757,0.6574036380140834,-0.04925925925925939,-0.04555555555555557,0.34477092955943256,0.1442538215238175,0.18558118286622644,0.8084046818942164,0.01676407149014203,0.00370370370370382,0.0269464251118689,0.45519289961543435,0.12322808667212135,0.11187675598436668,0.0,0.8626379846812471,0.611633737995198,0.27807814637903067,0.2940646625668077,0.36206439396390033,sad,04,01,01,male,normal,83
30,1.0010000000000001,True,1.0,0.540404964023082,0.5555628248343161,0.547983894428699,0.7025133425711184,-0.05074074074074081,-0.04620370370370375,0.3442323765082752,0.16763153177641926,0.18558118286622644,0.7800334331347226,0.015157860811234047,0.004537037037037062,0.024010795377530567,0.4352172994321587,0.12355159207633239,0.11014418908720859,0.0,0.85737574990728,0.6131545893122874,0.2783563684543628,0.2930627358317622,0.3607031265968135,sad,04,01,01,male,normal,83
40,1.3346666666666667,True,1.0,0.5219076766881869,0.5423513522623981,0.5321295144752924,0.6545612193174437,-0.04870370370370375,-0.04291666666666677,0.34548721349772665,0.1516666239881876,0.18303988826881024,0.8129560670126176,0.020443675574211118,0.0057870370370369795,0.02858679343429713,0.46710063282955167,0.12380126347760645,0.11003676387124157,0.0,0.9994344052129954,0.6175612034892082,0.2776358784981585,0.29224536998996725,0.3593372624309765,sad,04,01,01,male,normal,83
50,1.6683333333333334,True,1.0,0.4902555962958903,0.5020671702850095,0.4961613832904499,0.6537002095152767,-0.05023148148148149,-0.04648148148148157,0.3534933315127731,0.14007861632470164,0.18224987636885565,0.7590044734089301,0.011811573989119195,0.00374999999999992,0.0197035366888713,0.45784025734656103,0.12373010968149654,0.11063459695219785,0.0,0.9999999987499999,0.6116688068664966,0.2785675077980042,0.2847593308879544,0.3533636329590108,sad,04,01,01,male,normal,83
60,2.0020000000000002,True,1.0,0.48167044454979757,0.4602805565185726,0.4709755005341851,0.6918306664806386,-0.048750000000000016,-0.04250000000000004,0.35580728782765675,0.13063830779643146,0.18285973512150927,0.6807670190887175,0.02138988803122499,0.006249999999999978,0.03276064892531575,0.4271840993444956,0.1164801381598312,0.11694742373222126,0.0,0.9999999987499999,0.6403340692917793,0.30821070866632383,0.28821805389001287,0.3870081135267917,sad,04,01,01,male,normal,83
70,2.3356666666666666,True,1.0,0.4593929816955791,0.46971833338874136,0.4645556575421602,0.5762981424139453,-0.04972222222222228,-0.04337962962962966,0.3757858613571775,0.04432601611625235,0.1827741836560361,0.806102993142181,0.010325351693162288,0.006342592592592622,0.04382771844375815,0.49632951275668247,0.12301826484181819,0.11091144556505901,0.0,0.9999999987499999,0.6130379098123625,0.2802415813901514,0.28890540530050696,0.3535516267487811,sad,04,01,01,male,normal,83
80,2.6693333333333333,True,1.0,0.3577042750279067,0.33271347732133694,0.3452088761746218,0.354671542181383,-0.060787037037037084,-0.05342592592592599,0.37403467676013563,-0.022112378661963014,0.18409782819833262,0.9733199174972942,0.024990797706569756,0.007361111111111096,0.03288050135011682,0.7354211140574624,0.12331399817918604,0.11075470212421805,0.0,0.9999999987499999,0.6152514582786239,0.28033222256427354,0.28405667758850367,0.3487710363714052,sad,04,01,01,male,normal,83
90,3.003,True,1.0,0.4915482917363117,0.5079365079365072,0.49974239983640945,0.3227951430080844,-0.047499999999999876,-0.042314814814814916,0.39050975228197443,0.006998474280213738,0.18062695257212014,1.5481719928601696,0.016388216200195538,0.0051851851851849595,0.031234655507742445,0.839433408298567,0.12638949981166625,0.10776340923353529,0.0,0.7768319843152205,0.6117500207192251,0.27939264273568787,0.29246812324088667,0.3526488059257631,sad,04,01,01,male,normal,83
0,0.0,True,1.0,0.5001645973611674,0.4947501200275763,0.4974573586943718,0.6459086164777214,-0.05143518518518525,-0.04509259259259263,0.3477468148834201,0.1335939313099251,0.18414755196368424,0.7701667790207132,0.005414477333591072,0.006342592592592622,0.05429074026722041,0.4620504068550661,0.12288277636711342,0.11123295133121551,0.0,0.7071067807446058,0.6025779422315801,0.28352382752289146,0.29439953504977995,0.3571583922847836,sad,04,01,01,male,strong,84
10,0.33366666666666667,True,1.0,0.5111257562407884,0.5426046305247612,0.5268651933827748,0.670551705091296,-0.05087962962962955,-0.04597222222222219,0.3508710981465728,0.13236983023860335,0.18624388353869462,0.785718967504589,0.03147887428397278,0.00490740740740736,0.04576927131775087,0.46656497451313306,0.12327448898874308,0.11062659086498673,0.0,0.9999999987499999,0.6013846283044468,0.28192827226203876,0.2937755660768337,0.35012218602289763,sad,04,01,01,male,strong,84
20,0.6673333333333333,True,1.0,0.45225723927517203,0.4329425137979253,0.44259987653654864,0.7311093909792545,-0.050370370370370454,-0.04597222222222219,0.3515152357612108,0.14768227099344186,0.18620332423026978,0.6053811946577876,0.01931472547724672,0.004398148148148262,0.04154657214763102,0.45063301504245756,0.12332793860528486,0.11073917892389137,0.0,0.9999999987499999,0.6001116204528686,0.28145019882472955,0.3013754022699026,0.3638963498050341,sad,04,01,01,male,strong,84
30,1.0010000000000001,True,1.0,0.520747003047581,0.525773199993662,0.5232601015206215,0.9186840233196369,-0.055694444444444546,-0.05092592592592593,0.3529259205996623,0.17877327541311383,0.18967385838108636,0.5695757063781701,0.005026196946080974,0.004768518518518616,0.04076272978283293,0.3492812308563968,0.12213872930802767,0.11306502853435801,0.0,0.9999999987499999,0.6045683068852541,0.2838738200630076,0.29927335116220755,0.3663175364086713,sad,04,01,01,male,strong,84
40,1.3346666666666667,True,1.0,0.47119729692042733,0.5080915719986253,0.4896444344595263,0.6986370123103898,-0.05574074074074076,-0.05083333333333334,0.35588762541483177,0.13945529431199394,0.18682556675428655,0.7008567050295176,0.03689427507819798,0.004907407407407416,0.045740582472298674,0.4626118282184631,0.12415248524597908,0.11033321548688299,0.0,0.765878182658261,0.6036653623402485,0.2825710535413149,0.295128702573975,0.3632568347524047,sad,04,01,01,male,strong,84
50,1.6683333333333334,True,1.0,0.3874613678810877,0.3874675597928314,0.38746446383695954,0.832259093362267,-0.06027777777777782,-0.05231481481481487,0.3398022920911599,0.16294047847682233,0.1881960660357054,0.46555750117626343,6.191911743669287e-06,0.00796296296296295,0.052664496172146365,0.389893064518843,0.12340002876321676,0.11185752868501068,0.0,0.9999999987499999,0.6108425962181748,0.28274803365990403,0.2956645568151505,0.3533987884936869,sad,04,01,01,male,strong,84
60,2.0020000000000002,True,1.0,0.4018028847461562,0.37093364407754675,0.38636826441185146,0.6031583837462958,-0.06208333333333338,-0.0559722222222222,0.33877085522541023,0.1303523827814582,0.18485599221902047,0.6405751371838148,0.030869240668609466,0.006111111111111178,0.04211969540752411,0.4929691423627306,0.12000280551399674,0.11332982472642868,0.0,0.9999999987499999,0.6044603033791641,0.28202329020378253,0.2985708964596437,0.3603945866617775,sad,04,01,01,male,strong,84
70,2.3356666666666666,True,1.0,0.3736704717716234,0.35877596036102305,0.36622321606632324,0.7184881579149477,-0.060740740740740706,-0.053842592592592664,0.344540929414468,0.15157429510304482,0.18620332423026978,0.5097136425033126,0.01489451141060033,0.006898148148148042,0.04903682303816019,0.43389110597590413,0.1224123364702124,0.11209091829545964,0.0,0.9999999987499999,0.6047113455538465,0.28306177620662554,0.30136382131849765,0.3573812783404881,sad,04,01,01,male,strong,84
80,2.6693333333333333,True,1.0,0.5276221437936601,0.5452571187289017,0.5364396312612809,0.6443105434513658,-0.0508333333333334,-0.04398148148148151,0.3653455786701464,0.08223609543697635,0.18559803753688617,0.8325793155389715,0.017634974935241576,0.006851851851851887,0.0589332781108385,0.46514776884026143,0.1209528360851562,0.11449928062947878,0.0,0.9999999987499999,0.6052227325695904,0.28747193410870064,0.29193029771144813,0.3541860044342765,sad,04,01,01,male,strong,84
90,3.003,True,1.0,0.4810063999713397,0.5046416809494003,0.49282404046037,0.5005082988062136,-0.04782407407407402,-0.042685185185185215,0.3842621323088536,0.035635723159205226,0.18563420824815238,0.9846470910389064,0.023635280978060613,0.005138888888888804,0.05585415126635695,0.5708482484621253,0.12252218366627113,0.11248013352010836,0.0,0.9999999987499999,0.6085560109668867,0.28503165455621443,0.2930614205169327,0.35756543119752077,sad,04,01,01,male,strong,84
100,3.336666666666667,True,1.0,0.3864372760112973,0.37284390793536343,0.37964059197333033,0.5055795496994917,-0.05458333333333343,-0.049537037037037046,0.3840867999760559,0.014415373833284902,0.1855092249813157,0.7509017961643871,0.013593368075933865,0.005046296296296382,0.05064443580709572,0.5257458692839668,0.1239199461209588,0.11093832917642835,0.0,0.9999999987499999,0.6109220067323805,0.28422149897882704,0.294405937802061,0.36130319413855555,sad,04,01,01,male,strong,84
110,3.6703333333333332,True,1.0,0.4707575299124282,0.4588587238408923,0.4648081268766603,0.5258238034976953,-0.0497685185185186,-0.04523148148148143,0.38253258645587696,0.05102220306055379,0.18129208832451157,0.8839617449511251,0.011898806071535872,0.004537037037037173,0.04644222639557142,0.5329631272056722,0.12434751125390145,0.11097510628346978,0.0,0.9999999987499999,0.6077856108693478,0.28253443576339643,0.2934772895681515,0.35683764341466767,sad,04,01,01,male,strong,84
0,0.0,True,1.0,0.4294532184224516,0.4595288182011615,0.44449101831180654,0.6859138024517482,-0.04879629629629639,-0.04342592592592592,0.3939294209270972,0.12133067779607597,0.19032628786065006,0.6480275170480697,0.030075599778709883,0.00537037037037047,0.046466557740401516,0.4640569246772564,0.12073287349927984,0.11439859782088223,0.0,0.9999999987499999,0.6066674313240922,0.29138508645109396,0.3057067680133901,0.3740089365882806,sad,04,01,01,male,strong,85
10,0.33366666666666667,True,1.0,0.4173422084624175,0.40832230478134623,0.41283225662188183,0.7263552159414044,-0.048981481481481515,-0.04263888888888895,0.38889316573025573,0.13778967561543765,0.19099778869268047,0.5683613851203972,0.00901990368107125,0.006342592592592566,0.04837216126876562,0.44527992376236925,0.12071900940003721,0.11391257548496818,0.0,0.9249035348571044,0.6044153734931473,0.2926518973302351,0.3070261177135049,0.37501915080555087,sad,04,01,01,male,strong,85
20,0.6673333333333333,True,1.0,0.43436773912679216,0.45761724334259957,0.44599249123469586,0.7399347646072524,-0.04884259259259266,-0.043240740740740746,0.38011484938326967,0.1329780483487584,0.19036797259896426,0.6027456913332391,0.023249504215807404,0.005601851851851913,0.051235002885189423,0.4452799237623696,0.10960384397365315,0.11981205738399732,0.0,0.9999999987499999,0.6143796378316951,0.32111903576786066,0.2807251587770219,0.39134618857476133,sad,04,01,01,male,strong,85
30,1.0010000000000001,True,1.0,0.3901150399067467,0.4153795835593291,0.4027473117330379,0.9150733760136783,-0.048240740740740806,-0.04324074074074069,0.38913853899169365,0.15229385199601114,0.19313299758825966,0.440125701708775,0.025264543652582405,0.0050000000000001155,0.06291594908311181,0.36222329510875045,0.11525717804175202,0.11799153132784078,0.0,0.9999999987499999,0.5975989562465611,0.286507214999433,0.2990760767173489,0.3758871917170963,sad,04,01,01,male,strong,85
40,1.3346666666666667,True,1.0,0.2670539760028604,0.2712528985102845,0.2691534372565725,0.7281741699553633,-0.06074074074074076,-0.05532407407407414,0.3830651814464148,0.05930228733072806,0.1931033678257058,0.3696278285634211,0.0041989225074240966,0.005416666666666625,0.06314107419565908,0.4469412328739341,0.12070766005482488,0.11409171238923523,0.0,0.801976317837749,0.6023595968543668,0.28330105867690675,0.29628606513363304,0.3594365836389821,sad,04,01,01,male,strong,85
50,1.6683333333333334,True,1.0,0.40191995997358715,0.40210893013628896,0.40201444505493805,0.8362464349508069,-0.052314814814814814,-0.04472222222222222,0.3666845887164725,0.14425408217777722,0.1870214816018747,0.4807368118449282,0.000188970162701807,0.007592592592592595,0.05904088207092102,0.39860658222470285,0.12180468397102506,0.11359266166775638,0.0,0.9999999987499999,0.5983328785264107,0.28696515792035554,0.3066297423352931,0.3712535956633207,sad,04,01,01,male,strong,85
60,2.0020000000000002,True,1.0,0.4795736912909949,0.48118404786226676,0.48037886957663084,0.586234752518143,-0.04560185185185178,-0.040925925925925866,0.37267376624955134,0.09004024132879744,0.1886091167461242,0.8194308977985126,0.0016103565712718426,0.004675925925925917,0.04398874711719095,0.5479267442663857,0.11782938370165906,0.11558788361941577,0.0,0.9999999987499999,0.5993738473592561,0.2857011438249903,0.29363988406093766,0.35861073632655915,sad,04,01,01,male,strong,85
70,2.3356666666666666,True,1.0,0.47616709317344214,0.4811855540150002,0.4786763235942212,0.7826339023415892,-0.042453703703703716,-0.03888888888888892,0.360512630794588,0.1406517626728864,0.1900210738067449,0.6116222695720861,0.005018460841558048,0.0035648148148147984,0.030609726747035767,0.4342345397687883,0.11322282655451661,0.1185068545444253,0.0,0.9999999987499999,0.6218177049179047,0.31794376718675343,0.27188503289283716,0.38129634838620885,sad,04,01,01,male,strong,85
80,2.6693333333333333,True,1.0,0.44678976501814316,0.4520181756563687,0.44940397033725593,0.7411159138584317,-0.04245370370370377,-0.038472222222222296,0.3647308690559848,0.1618415248123949,0.18999497434873844,0.6063882341934184,0.005228410638225545,0.003981481481481475,0.02866417287778896,0.44077315446191073,0.11106940925462033,0.11780960167400295,0.0,0.9999999987499999,0.6196134361478967,0.3182991369280321,0.274919669203838,0.3804295644504464,sad,04,01,01,male,strong,85
90,3.003,True,1.0,0.5154811773673517,0.4838385183571209,0.4996598478622363,0.5577757333748339,-0.04527777777777775,-0.04175925925925922,0.36837032615363396,0.06776714460548586,0.18777486363744889,0.895807791491813,0.03164265901023078,0.003518518518518532,0.03504343108327969,0.5226692276492513,0.12299102497785928,0.11247659998638836,0.0,0.9999999987499999,0.6018378386120073,0.2860079258305611,0.29760137044666524,0.3559023347199662,sad,04,01,01,male,strong,85
100,3.336666666666667,True,1.0,0.5111870250083639,0.5010785545286611,0.5061327897685125,0.5795257899956562,-0.04550925925925925,-0.04157407407407415,0.3662022883162836,0.09141397952252966,0.18625903980083208,0.8733568005184139,0.010108470479702758,0.003935185185185097,0.034354217592919054,0.5136733184982496,0.12339920037564694,0.11100356494762126,0.0,0.9999999987499999,0.6057639517994697,0.2852828073203622,0.2987784334577912,0.3659544478578977,sad,04,01,01,male,strong,85
0,0.0,True,1.0,0.2900666241911174,0.26623209136852233,0.27814935777981986,0.6951602776706038,-0.06129629629629629,-0.05763888888888896,0.3590533169141725,0.13126703790706779,0.18958977209762073,0.400122628858864,0.023834532822595067,0.0036574074074073315,0.041668892671437446,0.4396143431012148,0.11588092124446375,0.11770317983104535,0.0,0.9999999987499999,0.6348992721541742,0.31334998829402805,0.287704296233307,0.3933667221678432,sad,04,01,01,male,strong,86
10,0.33366666666666667,True,1.0,0.4814261418861768,0.4949441554215717,0.48818514865387425,0.7232192917539173,-0.048750000000000016,-0.04495370370370372,0.36428658824029425,0.14601540235318286,0.188214307974696,0.675016767694278,0.013518013535394946,0.0037962962962962976,0.04557954747167448,0.43867382101290275,0.11315295049752094,0.11937425416924136,0.0,0.9999999987499999,0.6355280857421093,0.3143118021621933,0.28227089766312063,0.39453622577680236,sad,04,01,01,male,strong,86
20,0.6673333333333333,True,1.0,0.4476875121259212,0.45091217073391615,0.4492998414299187,0.6611160268884932,-0.05175925925925928,-0.04763888888888884,0.3586596300351401,0.14155350996040522,0.18750651030364252,0.6796081522097174,0.0032246586079949235,0.004120370370370441,0.04007788142208173,0.47794152548097096,0.12028846883297668,0.11519704027220735,0.0,0.9999999987499999,0.6077694223470638,0.2846775759771443,0.2906614082245597,0.3600821329596547,sad,04,01,01,male,strong,86
30,1.0010000000000001,True,1.0,0.4454696710771508,0.4945717116099717,0.4700206913435613,0.7775118164686892,-0.04893518518518519,-0.047546296296296364,0.3592225595479044,0.18649665051135594,0.18889535132429544,0.6045190328788904,0.04910204053282091,0.0013888888888888284,0.025692504139089422,0.4091873432650219,0.11172581028564117,0.11831984984711051,0.0,0.9999999987499999,0.6360659021890006,0.3133502418700838,0.2840422588151969,0.39450795918700204,sad,04,01,01,male,strong,86
40,1.3346666666666667,True,1.0,0.36015336835176526,0.35850627817129294,0.35932982326152907,0.720486214126314,-0.05694444444444441,-0.05152777777777773,0.3627049172042311,0.145463603702334,0.18759153039354048,0.4987324062782584,0.0016470901804723215,0.005416666666666681,0.04954024352361269,0.45489767901897676,0.12240880520388506,0.11310995614057975,0.0,0.9999999987499999,0.602855428788703,0.2807751809050285,0.2995401021430575,0.3530348835879762,sad,04,01,01,male,strong,86
50,1.6683333333333334,True,1.0,0.44456635868491107,0.45932197541409336,0.45194416704950224,0.6618179510658376,-0.05018518518518522,-0.04546296296296293,0.369873429618876,0.1277572707359892,0.18892160269492644,0.6828829080892411,0.014755616729182297,0.004722222222222294,0.0449011699883948,0.49386529582607835,0.1238163744397161,0.11139649564907551,0.0,0.9096219924645962,0.6022928696400436,0.282051867685847,0.3060283805181248,0.3640814615928801,sad,04,01,01,male,strong,86
60,2.0020000000000002,True,1.0,0.49029999917250916,0.4750548903515887,0.48267744476204894,0.6157266123606338,-0.047222222222222276,-0.043240740740740635,0.3545201863949789,0.1182982751270719,0.18753295608809836,0.7839151907232209,0.01524510882092045,0.003981481481481641,0.03921784782534851,0.5146400043618264,0.12230141353065861,0.11288903455585014,0.0,0.9999999987499999,0.6051356538240296,0.28175160201684096,0.29831782899920406,0.3618384124127073,sad,04,01,01,male,strong,86
70,2.3356666666666666,True,1.0,0.4667651741606158,0.4525171599109979,0.4596411670358068,0.7305507752106624,-0.05342592592592588,-0.04569444444444448,0.35064332522263497,0.16644533752082963,0.18357287854176912,0.6291707334144765,0.014248014249617913,0.007731481481481395,0.05642765406556275,0.4407530309244002,0.10942119570157675,0.12029605785279847,0.0,0.9999999987499999,0.6434149825242597,0.31228838587488156,0.2762504275467693,0.388560101157266,sad,04,01,01,male,strong,86
80,2.6693333333333333,True,1.0,0.47327931228053394,0.4888164034989596,0.4810478578897468,0.7265754592259852,-0.05328703703703702,-0.04861111111111105,0.35966517905774126,0.1312516321400887,0.18969959983660586,0.6620755652856801,0.01553709121842567,0.004675925925925972,0.048265565665102095,0.4432828071805271,0.1232293383786163,0.11153426443357481,0.0,0.9999999987499999,0.605218217114971,0.28443313425537264,0.29882439459313326,0.35872162835348953,sad,04,01,01,male,strong,86
90,3.003,True,1.0,0.48870815486547714,0.4916088032718115,0.4901584790686443,0.5393375490760807,-0.04875000000000013,-0.0443055555555556,0.36844519364229744,0.06721238972961746,0.18894704285044794,0.9088157869006465,0.0029006484063343607,0.004444444444444529,0.04401389972677319,0.517355272478612,0.12493884127316285,0.10978957996488628,0.0,0.9999999987499999,0.6063478212925796,0.2821903366634682,0.30117761191513215,0.36394934140097523,sad,04,01,01,male,strong,86
100,3.336666666666667,True,1.0,0.48870815486547536,0.4929333389471278,0.4908207469063016,0.607194827902863,-0.04875000000000007,-0.04342592592592592,0.36645053159155994,0.08335751878684929,0.188214307974696,0.8083414488254196,0.0042251840816524555,0.005324074074074148,0.048313352830970796,0.5014508175225043,0.1240794989725683,0.11110333819031167,0.0,0.7426575556132218,0.6033532872992948,0.28079156175603565,0.29942252200317204,0.3583915127843322,sad,04,01,01,male,strong,86
110,3.6703333333333332,True,1.0,0.48598360419463665,0.5021926819441469,0.49408814306939175,0.5668383034556252,-0.04837962962962966,-0.04453703703703704,0.36215465774213096,0.07628307535290915,0.18335996492176562,0.8716562378676149,0.016209077749510248,0.0038425925925926196,0.04298598334561866,0.5110832291547144,0.11445421622005666,0.11764235339224506,0.0,0.9999999987499999,0.6363254265378027,0.31310094655896303,0.2773041937003114,0.3876716617491561,sad,04,01,01,male,strong,86
0,0.0,True,1.0,0.4639077976902292,0.5105188893705872,0.48721334353040824,0.6410974109905823,-0.055324074074074026,-0.049212962962963014,0.3750446070123802,0.1454072056903909,0.1792279752178617,0.759967729050095,0.046611091680357986,0.006111111111111012,0.04923085707354595,0.47308342371498796,0.11348031823516647,0.11858207409071227,0.0,0.9999999987499999,0.6455276053780888,0.30795846086838186,0.2783978940207523,0.3917552930886405,sad,04,01,01,male,strong,87
10,0.33366666666666667,True,1.0,0.49847616341573264,0.48881640349895816,0.4936462834573454,0.6714432960180978,-0.057268518518518496,-0.053611111111111054,0.3631978065293246,0.19050202447517645,0.17571007646889364,0.7352017458284964,0.00965975991677448,0.0036574074074074425,0.03169180940342565,0.45598920153247285,0.12205056417314622,0.11265397381668339,0.0,0.9999999987499999,0.5963980694465286,0.2862295594187334,0.2941439931135739,0.3554500718345655,sad,04,01,01,male,strong,87
20,0.6673333333333333,True,1.0,0.5250410154521825,0.5508429565942143,0.5379419860231984,0.7744669396306323,-0.05550925925925926,-0.051944444444444404,0.3614617724388388,0.2201380287207727,0.1784876109678226,0.6945964488552087,0.025801941142031826,0.003564814814814854,0.0230396076073284,0.4046325754192263,0.11235910914975863,0.11804186561638964,0.0,0.9999999987499999,0.644175670002376,0.3074006514017446,0.2833696713814054,0.40206457863403944,sad,04,01,01,male,strong,87
30,1.0010000000000001,True,1.0,0.501017139702657,0.4947643501286822,0.49789074491566965,0.9136873705056745,-0.054537037037036995,-0.050046296296296255,0.3510606376191766,0.25194507408769584,0.18403814194642573,0.5449246219088212,0.0062527895739748485,0.00449074074074074,0.01811275803216469,0.3652488685084007,0.1102156510034732,0.11924949468441208,0.0,0.9999999987499999,0.6396690599755527,0.31074006232089146,0.28513708343555105,0.4018544371357051,sad,04,01,01,male,strong,87
40,1.3346666666666667,True,1.0,0.45753767129935125,0.4857915630108258,0.47166461715508856,0.6980054641118023,-0.054814814814814816,-0.05078703703703702,0.36390904305115584,0.21976073134714938,0.17293254978509276,0.6757319840687381,0.028253891711474577,0.004027777777777797,0.036283917790135664,0.46017590938483416,0.10976914220867749,0.11918202584459056,0.0,0.9999999987499999,0.649017119058561,0.30660890051757383,0.2798974648226496,0.39832390687647895,sad,04,01,01,male,strong,87
50,1.6683333333333334,True,1.0,0.49340166846766464,0.525195367841583,0.5092985181546239,0.672108017583307,-0.054120370370370374,-0.04865740740740743,0.37197143541802274,0.15651979932587712,0.17987638103482617,0.7577628964848601,0.031793699373918405,0.005462962962962947,0.029768577536264305,0.4578018705961495,0.11554982206056169,0.11656641688117561,0.0,0.9999999987499999,0.6464485314281962,0.3096638822540271,0.2837497173840232,0.39505308577678916,sad,04,01,01,male,strong,87
60,2.0020000000000002,True,1.0,0.47828610093004437,0.47436828928466473,0.47632719510735455,0.5822497923041686,-0.05342592592592593,-0.04814814814814816,0.3589647072059494,0.1678851337150638,0.17451727489447394,0.8180804895135456,0.003917811645379632,0.00527777777777777,0.04757577725664961,0.48969190737918594,0.11152353562165372,0.11931162680856851,0.0,0.9999999987499999,0.6443717886216987,0.3102034636952332,0.276378985771672,0.3925938084119152,sad,04,01,01,male,strong,87
70,2.3356666666666666,True,1.0,0.45004534346292413,0.46648431549134833,0.4582648294771362,0.7176920855287516,-0.05319444444444438,-0.047546296296296364,0.3541076411658843,0.17908859385222933,0.1806066769993317,0.6385256835311409,0.016438972028424204,0.005648148148148013,0.04676955108145722,0.45259291875373914,0.11122124183802315,0.11798965708134629,0.0,0.9999999987499999,0.6476383438297194,0.30928071383455935,0.2823867616559128,0.3939095769371875,sad,04,01,01,male,strong,87
80,2.6693333333333333,True,1.0,0.49029999917251077,0.4822287856015644,0.48626439238703756,0.7425123572623537,-0.05185185185185187,-0.04689814814814819,0.3570596700851695,0.15459456743256247,0.18340364899485165,0.65489063936915,0.008071213570946367,0.004953703703703682,0.04465718159037898,0.4030606649496686,0.11134102464840413,0.11787663061134872,0.0,0.9999999987499999,0.6448381513152137,0.3095627991072085,0.28527160421903675,0.3931328232343887,sad,04,01,01,male,strong,87
90,3.003,True,1.0,0.4559108635166285,0.48744096512207197,0.47167591431935024,0.5605772663957039,-0.05162037037037037,-0.046527777777777835,0.3747964240925434,0.09562665543469188,0.1806636962479604,0.8414110642624608,0.03153010160544345,0.0050925925925925375,0.051217104924445825,0.5127770020333831,0.10944100246176085,0.11884389364296279,0.0,0.9999999987499999,0.6456442915994522,0.30886760559954535,0.2745485226034642,0.38863910935457174,sad,04,01,01,male,strong,87
100,3.336666666666667,True,1.0,0.5295870183866952,0.5364737021355412,0.5330303602611182,0.5524175967968685,-0.05097222222222225,-0.04435185185185181,0.36963833854961664,0.11909806061770804,0.178533769246012,0.9649047448014598,0.006886683748846045,0.006620370370370443,0.06699151774185136,0.5180759615425967,0.11068177531879007,0.11801252723158259,0.0,0.9999999987499999,0.6455612502501001,0.3105395010486328,0.2750534290309019,0.3885347774538494,sad,04,01,01,male,strong,87
110,3.6703333333333332,True,1.0,0.49341724030839984,0.4734522569408519,0.4834347486246259,0.5608686324718378,-0.05138888888888882,-0.044583333333333364,0.36360364972476067,0.13617595128965856,0.18132112357228442,0.8619393573394389,0.019964983367547928,0.006805555555555454,0.055223615931271286,0.541964792027244,0.11203640993836628,0.11786425434451002,0.0,0.9999999987499999,0.6409874869635355,0.3110137582993259,0.2754074964500527,0.39139962969563197,sad,04,01,01,male,strong,87
0,0.0,True,1.0,0.45683855269300777,0.4211429062336451,0.4389907294633264,0.3922440504143545,-0.05212962962962964,-0.04249999999999998,0.3791447580083597,0.12973836449957443,0.14529072567886725,1.1191775350055408,0.035695646459362684,0.009629629629629655,0.05948045288865308,0.6978501483752952,0.12540633063995243,0.10908076922724705,0.0,0.9999999987499999,0.5866127184154912,0.29138741929154255,0.2969579132395232,0.3701507172984725,angry,05,01,01,male,normal,88
10,0.33366666666666667,True,1.0,0.4250572478204282,0.415927695096422,0.4204924714584251,0.42619302761178796,-0.04939814814814819,-0.04092592592592592,0.3877535483368142,0.1485163278193453,0.14877735319006555,0.9866244734567657,0.009129552724006174,0.00847222222222227,0.060866123929523674,0.6560496968139572,0.12411701909624812,0.11123283391297757,0.0,0.9449746842287577,0.6050768947266406,0.2869897429803601,0.2895474865514087,0.36101917041279014,angry,05,01,01,male,normal,88
20,0.6673333333333333,True,1.0,0.4239617196055863,0.4053704450944794,0.4146660823500329,0.5029097268040202,-0.04986111111111108,-0.04199074074074077,0.36255068309518823,0.2353619235532168,0.15011439729549805,0.824533828337794,0.018591274511106926,0.007870370370370305,0.05722169239628686,0.6232339841944381,0.12216800317947867,0.11286471958025478,0.0,0.9999999987499999,0.6064546435214712,0.28520776609319826,0.28422867864505424,0.3629570180310077,angry,05,01,01,male,normal,88
30,1.0010000000000001,True,1.0,0.423393212969091,0.4221428497873122,0.4227680313782016,1.1300357633967932,-0.05120370370370375,-0.0407407407407408,0.3813919969004208,0.3761995566029902,0.15487884587196019,0.37411916071345935,0.0012503631817787908,0.010462962962962952,0.04410087713562003,0.29970572100428994,0.12076248670500174,0.1133634158204628,0.0,0.9597820390563121,0.6089941670183698,0.2901544022688799,0.2931026272867659,0.3826889895957227,angry,05,01,01,male,normal,88
40,1.3346666666666667,True,1.0,0.43646773568137764,0.4154258593946672,0.42594679753802245,0.9000735695115035,-0.05120370370370375,-0.04388888888888881,0.34522139955645537,0.33102628933882233,0.1577085664964762,0.4732355353676215,0.021041876286710448,0.0073148148148149406,0.05081326703132174,0.3711639554301536,0.12332792404907152,0.11193702234714618,0.0,0.9999999987499999,0.5990812511332658,0.2844299697726194,0.3013271215604356,0.36403476152827985,angry,05,01,01,male,normal,88
50,1.6683333333333334,True,1.0,0.46497213011270255,0.43145781879286094,0.44821497445278174,0.8171985927840536,-0.05240740740740735,-0.045277777777777806,0.3316718684997583,0.440841114212259,0.1431323325861723,0.5484774183540763,0.033514311319841616,0.007129629629629541,0.04524305264641171,0.47148849631844064,0.10896108565383598,0.12007999678036434,0.0,0.9999999987499999,0.6568316704806922,0.30694359475970506,0.27063532381857125,0.395541869155271,angry,05,01,01,male,normal,88
60,2.0020000000000002,True,1.0,0.46238991993818634,0.44207974802253397,0.45223483398036013,1.1310549100650253,-0.051527777777777894,-0.044583333333333364,0.3588101764443659,0.38193663802879557,0.15698381528398375,0.39983455264286044,0.020310171915652375,0.006944444444444531,0.03436710846894674,0.29907365218548726,0.12366688503847124,0.11139152310519047,0.0,0.9999999987499999,0.5989846437637556,0.2810681164149895,0.3120718067427305,0.37770327627738093,angry,05,01,01,male,normal,88
70,2.3356666666666666,True,1.0,0.5085621044503027,0.501850714862126,0.5052064096562143,1.0970947469406966,-0.05157407407407405,-0.04662037037037031,0.3540099405901535,0.32448262930531785,0.16739803204185613,0.4604947850356659,0.006711389588176742,0.004953703703703738,0.0031705601963620176,0.29312460374912125,0.11122318640998527,0.11927262133175462,0.0,0.9999999987499999,0.6520557937393707,0.30518115954441244,0.2880166426963102,0.41556640324017946,angry,05,01,01,male,normal,88
80,2.6693333333333333,True,1.0,0.5547257131209933,0.524751724342815,0.5397387187319042,0.8976482554716537,-0.04828703703703702,-0.04532407407407413,0.3238651660870464,0.2876658070089965,0.17170560184697736,0.6012808641267929,0.02997398877817825,0.0029629629629628895,0.003976574383100973,0.3610168254402713,0.11194037195962239,0.11876031520392111,0.0,0.9999999987499999,0.6451724443683724,0.3058210295283753,0.2852953676605257,0.3989618738283075,angry,05,01,01,male,normal,88
90,3.003,True,1.0,0.5055460690101984,0.5104145552134602,0.5079803121118294,0.7276982109656925,-0.04763888888888895,-0.046018518518518514,0.3583931814083518,0.18938774056312127,0.17245640846689664,0.6980645334248021,0.004868486203261857,0.0016203703703704386,0.0161302786182565,0.42212830336407803,0.1262372836171413,0.10794167989035887,0.0,0.7069369940049381,0.5973497201536865,0.27795347818488747,0.3052735809458967,0.359023834985998,angry,05,01,01,male,normal,88
100,3.336666666666667,True,1.0,0.514668850125721,0.5028994952405222,0.5087841726831216,0.7038703047933217,-0.045648148148148215,-0.04550925925925925,0.35525689014652945,0.18356345196758386,0.17326223627023024,0.7228379563938508,0.011769354885198702,0.0001388888888889661,0.022447262380539592,0.4528322084022495,0.11245221430639539,0.11779154042883933,0.0,0.9999999987499999,0.6420128718362346,0.307774608539709,0.28397717169728554,0.39822241875790476,angry,05,01,01,male,normal,88
110,3.6703333333333332,True,1.0,0.5765549721552159,0.5661946126952903,0.571374792425253,0.689222861447166,-0.04736111111111102,-0.04662037037037031,0.36063599549713465,0.19886040629821586,0.1690323339827047,0.8290131166362261,0.010360359459925639,0.0007407407407407085,0.014388019027686456,0.44998623105617847,0.11067714937774922,0.11833929386222673,0.0,0.9999999987499999,0.6447637121567377,0.30834854269203693,0.28059095164793385,0.39910225626145224,angry,05,01,01,male,normal,88
0,0.0,True,1.0,0.36203266014946717,0.31647259487740786,0.33925262751343754,0.4857675218162747,-0.07134259259259262,-0.061111111111111116,0.3803723013529656,0.24127122295967002,0.14666101104415527,0.6983847463596969,0.0455600652720593,0.010231481481481508,0.06201372769532151,0.5856181352981855,0.11396022222777212,0.11682348690250892,0.0,0.9999999987499999,0.6673996678905938,0.3051324284980745,0.27702889479461096,0.3921189375316951,angry,05,01,01,male,normal,89
10,0.33366666666666667,True,1.0,0.36183085463632725,0.3235295608417459,0.34268020773903657,0.5560769553486147,-0.07111111111111107,-0.05972222222222218,0.38403080357186,0.23989199458373658,0.1475457561154844,0.6162460149498628,0.03830129379458136,0.011388888888888893,0.07491927614623914,0.5110444153593475,0.12132154459903968,0.11410853008285497,0.0,0.9999999987499999,0.5996231275400785,0.28140547591481374,0.3005926547787182,0.3472214797763187,angry,05,01,01,male,normal,89
20,0.6673333333333333,True,1.0,0.5850804183898846,0.5591445178413208,0.5721124681156027,0.9442549075662061,-0.0555092592592592,-0.04365740740740742,0.3618410119748902,0.3374698487508631,0.16320613160906822,0.6058877359612655,0.02593590054856376,0.01185185185185178,0.0900299248300512,0.3221318953034307,0.10962484399865931,0.12370498767421062,0.0,0.9999999987499999,0.6342708428449505,0.3086779314154353,0.26325089662184287,0.3830826102120381,angry,05,01,01,male,normal,89
30,1.0010000000000001,True,1.0,0.38397763742807467,0.34759937033964516,0.3657885038838599,1.0455711375362908,-0.07379629629629636,-0.06069444444444444,0.38362084577265737,0.28192782139508127,0.17919391750124905,0.3498456401022869,0.036378267088429506,0.01310185185185192,0.06628033465961339,0.2920215585685667,0.11876777483120432,0.11445712829504565,0.0,0.9999999987499999,0.6129795844822303,0.28512392276774956,0.30061082772198017,0.3690377630192633,angry,05,01,01,male,normal,89
40,1.3346666666666667,True,1.0,0.5372515248919727,0.5218952198573829,0.5295733723746778,0.7518729037210963,-0.05023148148148149,-0.04717592592592584,0.36556561466467347,0.2403560917245709,0.1650952725087856,0.7043389511096421,0.015356305034589846,0.0030555555555556446,0.02347831231541634,0.417744752661583,0.1092717616465597,0.1199562831514915,0.0,0.9999999987499999,0.6516362463110245,0.30776369867888154,0.27455245150216234,0.3839796640124226,angry,05,01,01,male,normal,89
50,1.6683333333333334,True,1.0,0.5353934015721181,0.512182016549297,0.5237877090607075,0.7284653866542478,-0.04291666666666666,-0.04328703703703701,0.35310105607541714,0.1855134809190762,0.1739728057384306,0.7190289595863988,0.023211385022821163,0.00037037037037035425,0.04380159084786856,0.4344349005779273,0.11873652220851215,0.11548368081454723,0.0,0.9999999987499999,0.6099317322944803,0.27960625992099297,0.27688255740698386,0.3419191861106756,angry,05,01,01,male,normal,89
60,2.0020000000000002,True,1.0,0.5557848427488252,0.5593882315648392,0.5575865371568323,0.9807656225587246,-0.04402777777777783,-0.03995370370370366,0.3612137817629895,0.20687225846801313,0.18004807843986864,0.5685216980812825,0.0036033888160139638,0.004074074074074174,0.000494140254398985,0.3427601990509144,0.1213849235697767,0.11370649170948599,0.0,0.9999999987499999,0.6039350257603041,0.2791793668464456,0.2947874279071184,0.35866669561949677,angry,05,01,01,male,normal,89
70,2.3356666666666666,True,1.0,0.578300326496539,0.5666835616966852,0.5724919440966121,0.9150561141124597,-0.03990740740740728,-0.04175925925925933,0.3548034084289385,0.2051586441855775,0.18030427580931235,0.625635887534492,0.01161676479985374,0.0018518518518520488,0.04262298076732419,0.33364348004163613,0.11824272509161009,0.11549540407066602,0.0,0.9999999987499999,0.6291655537996448,0.2782656065732499,0.267655261410155,0.3237392119070067,angry,05,01,01,male,normal,89
80,2.6693333333333333,True,1.0,0.6259483341362202,0.6151016813842611,0.6205250077602407,0.7903381045645128,-0.0412037037037038,-0.04310185185185189,0.32857042393546493,0.23794871794871708,0.17735581653896917,0.785138669357412,0.010846652751959063,0.0018981481481480933,0.04899316815201185,0.39427121983960356,0.1218206851309441,0.1129025185973919,0.0,0.9999999987499999,0.6036685974546068,0.2789563384131224,0.2826584489239857,0.33652069634185044,angry,05,01,01,male,normal,89
90,3.003,True,1.0,0.6179350768205061,0.5984744851629314,0.6082047809917188,0.7345760907769266,-0.0438425925925926,-0.04305555555555557,0.35694870555488806,0.15277465521151895,0.18206310075424403,0.8279670256466545,0.019460591657574633,0.0007870370370370305,0.029545323279173197,0.4232017681770919,0.1252933411452707,0.10851048269284032,0.0,0.9999999987499999,0.599089902617297,0.2763608450458506,0.29394330283328934,0.3473517795670254,angry,05,01,01,male,normal,89
100,3.336666666666667,True,1.0,0.6071409568128429,0.587899656026894,0.5975203064198684,0.6997213992211123,-0.04416666666666663,-0.042962962962963036,0.356912666659048,0.15913708132034854,0.18027083942767913,0.8539403069350059,0.01924130078594888,0.0012037037037035958,0.03482376459803581,0.44708859278564933,0.1236325990625484,0.11091545645532301,0.0,0.9999999987499999,0.5985823862122974,0.2759420375935167,0.2923205186777311,0.3460650446561305,angry,05,01,01,male,normal,89
110,3.6703333333333332,True,1.0,0.6263278723313548,0.634063157222812,0.6301955147770835,0.7024164532492985,-0.04509259259259263,-0.04310185185185189,0.3650571984749377,0.17142644688072137,0.17824450791172908,0.8971821657392431,0.00773528489145725,0.0019907407407407374,0.03504786186341346,0.4462467950630887,0.12229031116463758,0.11205413839437675,0.0,0.9999999987499999,0.597135707892532,0.2800807281838016,0.2931648247660067,0.35283008114200975,angry,05,01,01,male,normal,89
0,0.0,True,1.0,0.505690552385846,0.47197947052798583,0.48883501145691594,0.6649893302071455,-0.047222222222222165,-0.0413425925925926,0.39515567163420834,0.15174566837848535,0.1625169011643481,0.7351020373584685,0.0337110818578602,0.005879629629629568,0.02830959421006042,0.4284127774017015,0.111492405350495,0.11950025433431008,0.0,0.9999999987499999,0.6540938525410164,0.30938546120877947,0.27288507923049177,0.3982613773316329,angry,05,01,01,male,normal,90
10,0.33366666666666667,True,1.0,0.43941721089988767,0.43238811756624723,0.43590266423306745,0.5870596753097708,-0.048379629629629606,-0.0398148148148148,0.4058033979660447,0.11181086330455471,0.16527777777777775,0.7425184909916644,0.007029093333640435,0.008564814814814803,0.03657129671608544,0.5006123579061074,0.12408575413804857,0.1110963520652228,0.0,0.9999999987499999,0.5978669115927622,0.28884552389827617,0.2967132877289124,0.3608724745502381,angry,05,01,01,male,normal,90
20,0.6673333333333333,True,1.0,0.5103397887752472,0.4820535313879409,0.496196660081594,0.8129059635045288,-0.04648148148148146,-0.040509259259259245,0.3716815870007613,0.2182329505715456,0.16597635928167104,0.6103985975726326,0.028286257387306335,0.005972222222222212,0.03071874115790604,0.3857775895140558,0.12341235806058984,0.11150271658169231,0.0,0.8637558817319552,0.6072691807426095,0.28571530969095066,0.2975813474610462,0.36832009577592995,angry,05,01,01,male,normal,90
30,1.0010000000000001,True,1.0,0.4572408468202753,0.4687375238716357,0.4629891853459555,1.256942252192133,-0.046805555555555545,-0.0415740740740741,0.34550380827532573,0.4080001658113023,0.17157225107354976,0.368345629672718,0.011496677051360371,0.005231481481481448,0.026012734357022182,0.2802508840629417,0.11732524090829333,0.11675412686085844,0.0,0.9999999987499999,0.6099625848386229,0.2839524451973418,0.3018715249150354,0.37812119910621317,angry,05,01,01,male,normal,90
40,1.3346666666666667,True,1.0,0.46880650717061434,0.4507432282076492,0.4597748676891318,0.8488422125854757,-0.047499999999999876,-0.04212962962962957,0.37073393761709966,0.28029385603341905,0.16388888888888892,0.5416493912204372,0.018063278962965112,0.005370370370370303,0.013698982904931408,0.40515749875398205,0.11521715634339483,0.11656882049611121,0.0,0.9999999987499999,0.6445345743531788,0.3104597267604103,0.28289331296770454,0.4023368111004427,angry,05,01,01,male,normal,90
50,1.6683333333333334,True,1.0,0.40876502198353715,0.4009000233237375,0.40483252265363734,0.8690446294213,-0.04509259259259257,-0.03976851851851848,0.3751541929930593,0.2771822346327033,0.16805555555555562,0.46583628613321826,0.007864998659799671,0.005324074074074092,0.025894152748305144,0.38173511766337764,0.11340659112672533,0.1181698953561398,0.0,0.9999999987499999,0.6449549582489246,0.30981473281300514,0.28403001741321654,0.4074879359938988,angry,05,01,01,male,normal,90
60,2.0020000000000002,True,1.0,0.4967323315264866,0.4742239517862579,0.48547814165637226,0.8035448383310775,-0.04805555555555552,-0.04162037037037036,0.37811394863312237,0.19343548533615865,0.1694665057164012,0.6041705683340411,0.02250837974022868,0.006435185185185155,0.024553424336571823,0.3996912723699192,0.1114647657457903,0.11808275787092189,0.0,0.9999999987499999,0.6505240734887705,0.3096859888590457,0.27909059390768814,0.39498961097249263,angry,05,01,01,male,normal,90
70,2.3356666666666666,True,1.0,0.45460995426186473,0.4422924841204448,0.44845121919115477,0.6892716703531336,-0.044629629629629686,-0.03916666666666663,0.3542073244072596,0.2083666310899568,0.16805964133039808,0.6506160610973615,0.012317470141419928,0.005462962962963058,0.02665762402800951,0.4889722256540288,0.11717421032893949,0.11674261766798769,0.0,0.9999999987499999,0.6530931330579107,0.3093272945579317,0.27672412871316476,0.3915506638640716,angry,05,01,01,male,normal,90
80,2.6693333333333333,True,1.0,0.5349462246146913,0.5154738567317672,0.5252100406732292,0.7544491402636877,-0.04949074074074067,-0.042453703703703716,0.3641840892124453,0.18471437747097977,0.1666671244297099,0.6961503601020248,0.01947236788292417,0.007037037037036953,0.037533922873512794,0.42902172930525606,0.11202986537897162,0.11899653986364173,0.0,0.9999999987499999,0.6515916520592612,0.30973994063122945,0.2762351367306676,0.3972938892025773,angry,05,01,01,male,normal,90
90,3.003,True,1.0,0.5154093846557998,0.5293985705234143,0.522403977589607,0.7480000361192388,-0.04856481481481484,-0.04236111111111113,0.3684895236022889,0.1831354211255977,0.16807189805898232,0.6984010058340833,0.01398918586761455,0.006203703703703711,0.02612471181585574,0.4380144355435981,0.1126546771314254,0.11952622553283937,0.0,0.9999999987499999,0.6503681221472964,0.30965662133260535,0.2752332415412457,0.3992500564687614,angry,05,01,01,male,normal,90
100,3.336666666666667,True,1.0,0.5113675830504546,0.5093586777408783,0.5103631303956664,0.7675779640792317,-0.0463425925925926,-0.04152777777777772,0.3742650780774356,0.2031824022562666,0.16737752141912068,0.6649007062206194,0.0020089053095763143,0.004814814814814883,0.02260688835576417,0.39754267299883084,0.12346057074001486,0.11196099875499492,0.0,0.9999999987499999,0.6022084292466987,0.2893723976079862,0.2967631213064074,0.3618557488688789,angry,05,01,01,male,normal,90
0,0.0,True,1.0,0.5128732864580441,0.48583853179413905,0.49935590912609157,0.43422519530751663,-0.049861111111111134,-0.03912037037037036,0.3783486149373342,0.057256144129458474,0.17737433962810661,1.1499929403508002,0.027034754663905036,0.010740740740740773,0.06154031178608682,0.6516362912065187,0.12120330730599138,0.11390006244381604,0.0,0.9999999987499999,0.6025655922994197,0.31677167509719323,0.2752551484363994,0.384880898323827,angry,05,01,01,male,normal,91
10,0.33366666666666667,True,1.0,0.49326489652453687,0.5170858534086905,0.5051753749666137,0.5188025147669638,-0.04995370370370367,-0.03865740740740736,0.38111308467973637,0.06263605309780843,0.17804579664582243,0.973733473889441,0.023820956884153643,0.011296296296296304,0.07285486876322451,0.5521875004296426,0.12103457952770424,0.11457926657151923,0.0,0.7538072264938492,0.5905442370854592,0.2794453758486975,0.27440549041099926,0.3248677454902652,angry,05,01,01,male,normal,91
20,0.6673333333333333,True,1.0,0.5298260900434315,0.5024817536537376,0.5161539218485846,0.6017908282593167,-0.04912037037037037,-0.038472222222222185,0.390737225400629,0.10439342182968173,0.17723879703089862,0.8576965576919187,0.027344336389693913,0.010648148148148184,0.07116667347581182,0.48849954370454235,0.11431047851887019,0.11938862968551256,0.0,0.9999999987499999,0.6202012480539091,0.31566648855705115,0.27420275684301276,0.3931793192352143,angry,05,01,01,male,normal,91
30,1.0010000000000001,True,1.0,0.5042623283350964,0.517364254946798,0.5108132916409472,1.1181606133469917,-0.047407407407407454,-0.03990740740740739,0.3454552645254778,0.2951709957269832,0.18202661368810885,0.4568335582058548,0.01310192661170162,0.007500000000000062,0.047650294374656794,0.30004580837492884,0.10972651613996098,0.12065093057962015,0.0,0.9999999987499999,0.6117194675839086,0.31991873824551365,0.2636730579775892,0.3816353847426245,angry,05,01,01,male,normal,91
40,1.3346666666666667,True,1.0,0.44788151972518303,0.4711283509264726,0.4595049353258278,0.7105112677758544,-0.04550925925925925,-0.037453703703703656,0.3854942200539789,0.11333093156325633,0.18842780990276645,0.6467243464895877,0.023246831201289564,0.008055555555555594,0.05699282683197678,0.4486128358475961,0.12377372519349628,0.11110144409032066,0.0,0.9999999987499999,0.5825307450402035,0.28041810565347364,0.2984740253180994,0.35826932386403765,angry,05,01,01,male,normal,91
50,1.6683333333333334,True,1.0,0.424171601854786,0.43114832445312296,0.4276599631539545,0.6545561543101815,-0.04699074074074072,-0.036388888888888915,0.3793772362562714,0.11353068991575732,0.19050859125259792,0.6533587077867343,0.006976722598336982,0.010601851851851807,0.07070776545102413,0.5235558643173763,0.11451941176506741,0.11806399575598346,0.0,0.9999999987499999,0.6151487562603166,0.31727559308697073,0.2826998246552347,0.39678979001981773,angry,05,01,01,male,normal,91
60,2.0020000000000002,True,1.0,0.4367553221129079,0.4727290513739279,0.45474218674341793,0.4690780484507577,-0.046064814814814836,-0.035462962962962974,0.4036123443239106,0.013359167481954995,0.19185922873339611,0.9694382166151511,0.03597372926101999,0.010601851851851862,0.06907531488757822,0.6251849627300409,0.11563291588486838,0.11713639689232021,0.0,0.9999999987499999,0.6157295294602216,0.31425749649064216,0.2685974181528231,0.38454114936768435,angry,05,01,01,male,normal,91
70,2.3356666666666666,True,1.0,0.5317188241467978,0.49703270718006065,0.5143757656634292,0.6979699207367693,-0.04662037037037037,-0.038564814814814774,0.38163891174016923,0.13524052307537135,0.18410901721640272,0.7369597892133516,0.03468611696673718,0.008055555555555594,0.05661447160349338,0.44023900198473215,0.11311109927929296,0.11829181861775939,0.0,0.9999999987499999,0.6425969950167567,0.31120325723288284,0.27932877800004446,0.39621613181197735,angry,05,01,01,male,normal,91
80,2.6693333333333333,True,1.0,0.5219645122454304,0.5199388629935615,0.520951687619496,0.7411275631471084,-0.04578703703703707,-0.03763888888888889,0.3634603902309174,0.10576392344800084,0.1855980375368861,0.7029177074555665,0.0020256492518688773,0.008148148148148182,0.05406409657056576,0.42080724020363236,0.12392421596829573,0.11144759515861095,0.0,0.8052995484866546,0.5978202439100639,0.28279955176807803,0.29899982885080295,0.3553839220274517,angry,05,01,01,male,normal,91
90,3.003,True,1.0,0.5281847442320802,0.5395912903545844,0.5338880172933322,0.608765626686736,-0.04648148148148146,-0.03712962962962968,0.3810206029223674,0.050617106824352935,0.18070803211393494,0.8770009243114922,0.011406546122504246,0.009351851851851778,0.06076749705143791,0.4903608700574485,0.1260921335345543,0.10881382119656141,0.0,0.6710322642902796,0.5980346604657488,0.28408252750756574,0.29835481779280554,0.3546306437903709,angry,05,01,01,male,normal,91
100,3.336666666666667,True,1.0,0.4945416310705018,0.5292382306714837,0.5118899308709928,0.6430986758396071,-0.04550925925925925,-0.03680555555555559,0.3794746816257686,0.07293055613228912,0.17716775714279095,0.7959741640000847,0.03469659960098187,0.008703703703703658,0.05199125480555052,0.455655087223949,0.12306851637442381,0.11239180596039926,0.0,0.7604456155477268,0.6016066978979091,0.2849439489035494,0.28718374085166704,0.3515609986082974,angry,05,01,01,male,normal,91
110,3.6703333333333332,True,1.0,0.5222725884542027,0.5107047140462059,0.5164886512502043,0.6467435124692802,-0.045879629629629604,-0.037824074074074066,0.3886932004898183,0.08612487943103517,0.17507366264951332,0.7985988901198867,0.011567874407996781,0.008055555555555538,0.05457424807868113,0.4666970955522989,0.12421146900415672,0.11112735368829993,0.0,0.8595340063923852,0.6066393303571429,0.2839015257907677,0.2879692761750543,0.3489794725343488,angry,05,01,01,male,normal,91
0,0.0,True,1.0,0.6106380139122994,0.608144567450269,0.6093912906812842,0.9009140180496441,-0.05546296296296299,-0.046574074074074046,0.3835810043206097,0.278854338920128,0.1653336232044956,0.6764144840375923,0.002493446462030424,0.008888888888888946,0.029157922444528302,0.330738256737317,0.1115365254363782,0.12120071845087078,0.0,0.9999999987499999,0.6444779308754752,0.30757882344937987,0.2803509406284559,0.40040066924074535,angry,05,01,01,male,strong,92
10,0.33366666666666667,True,1.0,0.5456887037297369,0.5397760816474694,0.5427323926886032,0.9775475623767153,-0.055277777777777815,-0.05092592592592593,0.36685059648133933,0.31581123343326545,0.17087798736771292,0.5551979398005512,0.005912622082267505,0.0043518518518518845,0.00662664332120281,0.3205496923847737,0.11365950748191302,0.11889204819501942,0.0,0.9999999987499999,0.6432202474427271,0.308551703151951,0.295610402801633,0.4123552895113287,angry,05,01,01,male,strong,92
20,0.6673333333333333,True,1.0,0.5615405367295119,0.5555845416593431,0.5585625391944276,0.9894408090553706,-0.05342592592592593,-0.04958333333333331,0.37198940067708786,0.3520963521010014,0.1661748170125315,0.5645234500967198,0.005955995070168751,0.0038425925925926196,0.012115823066005237,0.3155214049294101,0.12043265305040879,0.11438196584481498,0.0,0.9999999987499999,0.6047820659982743,0.283853221011647,0.30785745989923635,0.37428307231067043,angry,05,01,01,male,strong,92
30,1.0010000000000001,True,1.0,0.2985987294682725,0.26188414597130244,0.2802414377197875,1.0038679456476851,-0.06638888888888883,-0.055324074074074026,0.40216914550464516,0.20605413477783882,0.18750366207361296,0.2791616556089742,0.036714583496970044,0.011064814814814805,0.050525304322397074,0.3278858133590168,0.11095030856829076,0.11984486771697525,0.0,0.9999999987499999,0.5877332237817002,0.32313063827220584,0.276320826757612,0.3856108222447457,angry,05,01,01,male,strong,92
40,1.3346666666666667,True,1.0,0.411294359464746,0.45867368723601804,0.434984023350382,0.7435095247782935,-0.043101851851851836,-0.033935185185185124,0.39077158765291664,0.08393956166606335,0.19287444354852,0.5850416287270692,0.04737932777127202,0.009166666666666712,0.07155619454314542,0.458641695773934,0.11934395468036911,0.1138562208977542,0.0,0.9999999987499999,0.5599467014383879,0.2909810781870945,0.28996268422920574,0.337060894182223,angry,05,01,01,male,strong,92
50,1.6683333333333334,True,1.0,0.4356266934986153,0.48459540039557547,0.46011104694709537,1.0752655785243372,-0.042314814814814805,-0.035879629629629595,0.34411679042837867,0.2847362580290236,0.1833749434905806,0.4279045624975164,0.048968706896960146,0.00643518518518521,0.04526737704248322,0.32389007520330615,0.11986160362962066,0.11481441572813522,0.0,0.9999999987499999,0.596722170164941,0.2838801772579014,0.3029111750339992,0.37043221289990447,angry,05,01,01,male,strong,92
60,2.0020000000000002,True,1.0,0.48239711908220045,0.513775440632084,0.49808627985714227,0.8178405926618956,-0.03879629629629633,-0.03291666666666665,0.41479529350964783,0.05822948594053917,0.19148927794198772,0.609026116245928,0.03137832154988357,0.005879629629629679,0.06151016938688093,0.38133316921432125,0.11557149995474973,0.1183294669277779,0.0,0.9999999987499999,0.5883907318005327,0.32405410854274547,0.2806828343430224,0.40350439467574195,angry,05,01,01,male,strong,92
70,2.3356666666666666,True,1.0,0.5314464796973603,0.5647945934279923,0.5481205365626762,0.9151429080174235,-0.0414814814814814,-0.03462962962962962,0.3916447031089307,0.11583923670836288,0.191331436941388,0.5989452923261255,0.03334811373063207,0.006851851851851776,0.05561160034311352,0.34677487461003964,0.12450350938711259,0.1106279800622775,0.0,0.828742702222554,0.5800704237945178,0.27959618354636673,0.30030330349983053,0.36264802447695277,angry,05,01,01,male,strong,92
80,2.6693333333333333,True,1.0,0.5112072502404822,0.5703047892906281,0.5407560197655552,1.0168177289379365,-0.04074074074074063,-0.033194444444444415,0.3207343767267121,0.2045914029450343,0.19645568220197762,0.5318121472275797,0.05909753905014592,0.007546296296296218,0.06660701382018808,0.3226418101024299,0.12222310289897598,0.1126360293031931,0.0,0.8898906520639766,0.5763438879536189,0.27386572109090157,0.2770672073948053,0.3303787352629477,angry,05,01,01,male,strong,92
90,3.003,True,1.0,0.5407279171839905,0.6085908942410625,0.5746594057125265,0.7837335389918727,-0.040000000000000036,-0.031759259259259154,0.3518466076202397,0.14277336456132944,0.19164260983568984,0.7332331425444913,0.067862977057072,0.008240740740740882,0.06744003683423729,0.4257262559622999,0.11798265883781975,0.11493521163821122,0.0,0.9999999987499999,0.5897972742456358,0.31603954940030987,0.27325395562777605,0.3755969522589074,angry,05,01,01,male,strong,92
100,3.336666666666667,True,1.0,0.5240438019709075,0.5667836229948352,0.5454137124828713,0.5201991079212336,-0.04490740740740745,-0.035740740740740795,0.34031077450625963,0.039266670936918456,0.18914116362473726,1.0484710645937048,0.042739821023927704,0.009166666666666656,0.06364216737045715,0.5899468433744421,0.11419627473349214,0.11642923271859659,0.0,0.8822435761012613,0.6095063872892906,0.3145344995914338,0.274834739133064,0.3841651685767882,angry,05,01,01,male,strong,92
110,3.6703333333333332,True,1.0,0.5541483555087335,0.5876960400238248,0.5709221977662792,0.499252831025675,-0.04606481481481478,-0.03652777777777788,0.3573330980431271,0.04532739576342841,0.18900558257911224,1.143553250551159,0.03354768451509127,0.0095370370370369,0.04693127638340268,0.6246771677710129,0.11432368601853822,0.11905636193521577,0.0,0.9999999987499999,0.60615612963154,0.3154843288099971,0.2704706363165566,0.37623276681688755,angry,05,01,01,male,strong,92
120,4.0040000000000004,True,1.0,0.5296464686101928,0.561404575396625,0.545525522003409,0.45004740342340205,-0.04467592592592595,-0.03671296296296295,0.3632484690750451,0.022404129909872495,0.19394049355166262,1.2121512486323172,0.031758106786432205,0.007962962962963005,0.042365918800903075,0.7033624431762789,0.11688293092336847,0.1147325565794542,0.0,0.9999999987499999,0.5852636821291017,0.32357106530306917,0.2738761397972528,0.37635587768531004,angry,05,01,01,male,strong,92
0,0.0,True,1.0,0.20103538224276743,0.17662387966053553,0.18882963095165148,0.5486233520564742,-0.05699074074074073,-0.04888888888888898,0.48397103828361787,-0.13921390604324355,0.20165483592406735,0.3441881032658153,0.024411502582231903,0.008101851851851749,0.05137727840130689,0.5132116757610438,0.11952683980821084,0.11582272851095311,0.0,0.9999999987499999,0.5406979633728491,0.2877064241682914,0.2686290604665627,0.31522681069465586,angry,05,01,01,male,strong,93
10,0.33366666666666667,True,1.0,0.42750908404254895,0.4659653941026144,0.44673723907258167,0.619040047069223,-0.04402777777777789,-0.0374537037037036,0.454253908005475,-0.08895216626930944,0.19749591683078943,0.7216612902309147,0.038456310060065446,0.0065740740740742876,0.03980401329233355,0.4617632044148329,0.1181966540794842,0.11717986532858302,0.0,0.9999999987499999,0.5391571528064351,0.28006189023752154,0.25359380170525336,0.3069064669820623,angry,05,01,01,male,strong,93
20,0.6673333333333333,True,1.0,0.373670471771623,0.3482433022241742,0.36095688699789863,0.9416359755002164,-0.060092592592592586,-0.05152777777777773,0.4047459461690319,0.25193241202532746,0.16609006251495897,0.38332954176495954,0.02542716954744878,0.008564814814814858,0.04393420647257274,0.31449201700229196,0.10945417246727457,0.11978986555695625,0.0,0.9999999987499999,0.6197198910658014,0.3171893107540648,0.27905631522913354,0.40144466764846104,angry,05,01,01,male,strong,93
30,1.0010000000000001,True,1.0,0.3372139508816786,0.269291495963421,0.30325272342254983,0.8671273200445327,-0.06282407407407414,-0.05185185185185187,0.4218689824629974,0.09039174126543688,0.18187584849829655,0.34972110370940196,0.0679224549182576,0.010972222222222272,0.04557182217101062,0.3429176045438999,0.10592098759067198,0.12230354188851392,0.0,0.9999999987499999,0.6074739415844463,0.3189395219925623,0.2549438497738509,0.3562727113594857,angry,05,01,01,male,strong,93
40,1.3346666666666667,True,1.0,0.3242135830317448,0.31961724976745665,0.32191541639960075,0.5285158972988613,-0.0500000000000001,-0.04138888888888892,0.41563626943383286,-0.07662600518013375,0.1934720043124247,0.60909315697947,0.004596333264288155,0.00861111111111118,0.0685925452054433,0.5261198413097812,0.11358883078768942,0.11783315599806289,0.0,0.9999999987499999,0.5828225584999625,0.32370342455615764,0.27421421320266903,0.3806216827361218,angry,05,01,01,male,strong,93
50,1.6683333333333334,True,1.0,0.5084800035163993,0.49247637157378293,0.5004781875450911,0.7660774689152028,-0.045416666666666716,-0.04009259259259268,0.38795771447194766,0.05781391147244783,0.19613853102002787,0.6532997090409,0.016003631942616392,0.005324074074074037,0.015056248218695823,0.41389178457460224,0.11439893429401955,0.12009968346337498,0.0,0.9999999987499999,0.5830655458902311,0.3247715274289142,0.27527292269814935,0.37577140458887337,angry,05,01,01,male,strong,93
60,2.0020000000000002,True,1.0,0.3645511551452831,0.3171686714203909,0.340859913282837,1.2266358758683762,-0.05064814814814805,-0.04819444444444443,0.3076672878869425,0.27551202129289826,0.19861264765455555,0.27788190447432576,0.04738248372489218,0.0024537037037036247,0.00515063714490644,0.30159035129965156,0.11794037001459928,0.1153095298592799,0.0,0.9999999987499999,0.5563621998643208,0.28630569028212466,0.2918935709825071,0.34807222209662675,angry,05,01,01,male,strong,93
70,2.3356666666666666,True,1.0,0.5468710855324346,0.5103429606225248,0.5286070230774798,0.7939206357758442,-0.038472222222222296,-0.03763888888888883,0.38981430458942806,0.07085360891186009,0.19248957256034346,0.6658184700803355,0.036528124909909754,0.0008333333333334636,0.016998770598628483,0.4019998666047672,0.11632253782021838,0.11645159469968412,0.0,0.9999999987499999,0.5871917441429698,0.32353397392468747,0.2719800510135961,0.38520996673222563,angry,05,01,01,male,strong,93
80,2.6693333333333333,True,1.0,0.31353505867357284,0.28879159108819763,0.30116332488088526,0.995515158234268,-0.051620370370370317,-0.05087962962962961,0.378053881779292,0.18277412824360267,0.1850230687103143,0.3025200795687076,0.024743467585375212,0.0007407407407407085,0.026180737469268963,0.32521259911773703,0.11977128516421001,0.11407661283710174,0.0,0.9999999987499999,0.5858143446128451,0.2791214166928704,0.3007601327121739,0.37428209326580486,angry,05,01,01,male,strong,93
90,3.003,True,1.0,0.6015586949760008,0.5782793628075615,0.5899190288917812,0.814073859061002,-0.04212962962962974,-0.04046296296296292,0.32113205119094207,0.12975680234413547,0.19048976799342796,0.7246504998603278,0.02327933216843925,0.0016666666666668162,0.01832797347817334,0.4070046530193395,0.12284870419668686,0.11229321329426002,0.0,0.7071067807446058,0.5747677673803896,0.2775552353443119,0.28660268039493375,0.3472358603540075,angry,05,01,01,male,strong,93
100,3.336666666666667,True,1.0,0.6052809136298298,0.5528463826626132,0.5790636481462215,0.6740239733738839,-0.0377777777777778,-0.03541666666666671,0.3571499992719927,0.04698875845827178,0.19113195655552695,0.859114320886347,0.05243453096721662,0.0023611111111110916,0.020119027094268733,0.49725395694939545,0.11511479201845923,0.11617898193544472,0.0,0.9999999987499999,0.5831671397465237,0.32484477980916254,0.2670213294871535,0.3801080869266911,angry,05,01,01,male,strong,93
110,3.6703333333333332,True,1.0,0.5884447713897899,0.578928353045438,0.583686562217614,0.7431497659249154,-0.04069444444444442,-0.039907407407407336,0.3544169095766215,0.06320606175199671,0.186985579246597,0.7854225204406335,0.009516418344351907,0.000787037037037086,0.01764429927594926,0.43266856621011063,0.12249496108734512,0.1126789882032009,0.0,0.9999999987499999,0.5957108334583833,0.27967173139981594,0.2883209130773576,0.35805974115388567,angry,05,01,01,male,strong,93
120,4.0040000000000004,True,1.0,0.6192280669299294,0.6143425143199864,0.6167852906249579,0.7757994013462456,-0.041018518518518454,-0.04050925925925919,0.35553740076810914,0.08702793109793511,0.18569461406255247,0.7950319239157051,0.004885552609942945,0.0005092592592592649,0.020300221197855493,0.41352375158365084,0.12017250734684132,0.11398864294013357,0.0,0.8151243621771239,0.5893460048238045,0.2796315847282799,0.2835520806810801,0.3468619117318071,angry,05,01,01,male,strong,93
0,0.0,True,1.0,0.2921872204269879,0.2855801427589258,0.28888368159295685,0.8777855904406872,-0.060694444444444495,-0.05069444444444443,0.42267293508875914,0.1789910336198009,0.17847264970529494,0.3291050624878958,0.006607077668062122,0.010000000000000064,0.04729300806891039,0.3504555316969865,0.11469368331303761,0.11853935027379875,0.0,0.9999999987499999,0.6278940255555346,0.3093031624518004,0.29399041028648065,0.40963985140422526,angry,05,01,01,male,strong,94
10,0.33366666666666667,True,1.0,0.4497374187053954,0.4287539538703979,0.4392456862878966,0.9495488742730734,-0.05046296296296304,-0.043564814814814834,0.4010668754078037,0.28745826685151166,0.16736111111111107,0.4625835469755687,0.020983464834997523,0.006898148148148209,0.033418955349976714,0.3431824684686189,0.1091707017643977,0.12333599853814424,0.0,0.9999999987499999,0.6352905788643582,0.30527147539917937,0.27086570012356675,0.3815386683190119,angry,05,01,01,male,strong,94
20,0.6673333333333333,True,1.0,0.36924718251063315,0.3592747086773716,0.36426094559400235,1.198817321644768,-0.0589351851851852,-0.05259259259259258,0.37593049267429174,0.4090082626788028,0.165285163379568,0.30385025225881723,0.009972473833261553,0.006342592592592622,0.008860900365953906,0.28480191774800484,0.11111670784951377,0.12064188414954703,0.0,0.9999999987499999,0.6303484836981667,0.3101333735581257,0.29286753529512977,0.422392956888745,angry,05,01,01,male,strong,94
30,1.0010000000000001,True,1.0,0.3232452801332348,0.3056370978069893,0.31444118897011203,1.1144027261334861,-0.05430555555555561,-0.04916666666666669,0.35737577586833114,0.30459484520026353,0.17785028992138466,0.28216118069011925,0.017608182326245503,0.005138888888888915,0.010627047266306311,0.3011743828716358,0.11974111287189824,0.11494007122018769,0.0,0.8027873822425945,0.5828295116874875,0.27435891064537254,0.2908240522069865,0.34859713156636307,angry,05,01,01,male,strong,94
40,1.3346666666666667,True,1.0,0.30526119777764943,0.3074494326525973,0.3063553152151234,0.9019671171940237,-0.049444444444444346,-0.0461111111111111,0.3707956197881143,0.20366161250880846,0.1854183125512155,0.3396524212192791,0.0021882348749478475,0.0033333333333332438,0.016347922815941142,0.3733565446868397,0.12217875352331627,0.11251493331582878,0.0,0.9999999987499999,0.5653071999893706,0.278719679987413,0.3097012138577684,0.3753337121644338,angry,05,01,01,male,strong,94
50,1.6683333333333334,True,1.0,0.3449451985179077,0.35774826506817575,0.35134673179304177,1.3528791575746977,-0.04416666666666674,-0.04217592592592595,0.3358364115823044,0.49685716972749616,0.16048466872759196,0.2597029674275565,0.012803066550268027,0.001990740740740793,0.013382413902376234,0.27770205861034375,0.11057181587989146,0.12176894635793267,0.0,0.9999999987499999,0.6259725938109619,0.3084302388697481,0.28419410815683993,0.4061295482301739,angry,05,01,01,male,strong,94
60,2.0020000000000002,True,1.0,0.33947212680900296,0.27774283659247606,0.3086074817007395,0.9120496024658408,-0.03962962962962957,-0.03800925925925919,0.39579446545035357,0.230757779256823,0.181735946090922,0.338366993271397,0.0617292902165269,0.0016203703703703831,0.03588355646623673,0.39222022223856584,0.11236833465690103,0.11963631676163107,0.0,0.9999999987499999,0.5990492999152787,0.3189847311107579,0.2814359885623276,0.39371025892454103,angry,05,01,01,male,strong,94
70,2.3356666666666666,True,1.0,0.40979382096423744,0.40881088197776316,0.4093023514710003,0.48217106984724956,-0.04212962962962963,-0.04092592592592592,0.3975813006536063,-0.04128099543715709,0.1890346438465569,0.84887372359496,0.00098293898647428,0.0012037037037037068,0.013581834160796866,0.6267085710349962,0.11427307866127102,0.11814128114585881,0.0,0.9999999987499999,0.5857984103719613,0.3184490722077481,0.262070665182779,0.37006579951565277,angry,05,01,01,male,strong,94
80,2.6693333333333333,True,1.0,0.2226079329820743,0.24112228262780463,0.23186510780493946,0.8490200161822083,-0.0470833333333332,-0.044583333333333364,0.35735935222443255,0.13886520143506548,0.1868974260438339,0.2730973397394895,0.018514349645730344,0.0024999999999998357,0.01783505408862631,0.40889849116720894,0.11041016178433062,0.12175916799757956,0.0,0.9999999987499999,0.6089700611729068,0.3144224777445807,0.2754442978743932,0.39870745505361777,angry,05,01,01,male,strong,94
90,3.003,True,1.0,0.5046954649714872,0.519307018638094,0.5120012418047906,0.8656407256648064,-0.04314814814814805,-0.03944444444444439,0.3538672560925499,0.17775653902980434,0.18616070695444292,0.5914708338284073,0.014611553666606825,0.0037037037037036535,0.0006606428431862868,0.38334429303537454,0.114276221987327,0.1166777972776371,0.0,0.9999999987499999,0.6095318126391183,0.3116861676510398,0.28210834383423955,0.40205758216636506,angry,05,01,01,male,strong,94
100,3.336666666666667,True,1.0,0.521745326216591,0.5717075211993613,0.5467264237079761,0.7350608089148181,-0.04805555555555552,-0.04037037037037039,0.37971277070495757,0.07195545285679769,0.18890867939912034,0.7437839387942842,0.049962194982770325,0.007685185185185128,0.044397593039362616,0.4041169754784395,0.11353197866024875,0.11691424750064895,0.0,0.8971355666577093,0.6071276750231343,0.3171024985217892,0.2788140843567349,0.39292446744295434,angry,05,01,01,male,strong,94
110,3.6703333333333332,True,1.0,0.514517396365792,0.5531918869469246,0.5338546416563583,0.7251263578746989,-0.04652777777777778,-0.03888888888888892,0.37877645876895427,0.06515837104072494,0.18544299906649955,0.7362229159908815,0.03867449058113259,0.007638888888888862,0.06090409433410887,0.41650463472013244,0.11768951251187353,0.11655050787328222,0.0,0.9999999987499999,0.5867192261045042,0.2803411506988534,0.27517380322832785,0.34185666260605946,angry,05,01,01,male,strong,94
120,4.0040000000000004,True,1.0,0.526043347980145,0.5506903559027501,0.5383668519414475,0.7391768076320951,-0.04736111111111119,-0.038240740740740686,0.37344456727825515,0.07954116786684143,0.18759153039354048,0.7283329866180065,0.024647007922605102,0.0091203703703705,0.05499698858628962,0.41878353723844813,0.1157029844079556,0.11592238126956343,0.0,0.9999999987499999,0.5986935436205733,0.316627756814043,0.27057930944364333,0.38014301841544107,angry,05,01,01,male,strong,94
0,0.0,True,1.0,0.41991707794997607,0.3781250935645826,0.39902108575727935,0.8718679040264344,-0.046435185185185246,-0.038611111111111096,0.4238066190816138,0.1537748861344135,0.188947042850448,0.45766231778292565,0.041791984385393444,0.00782407407407415,0.026776969401108512,0.36643409852072767,0.11504748676483631,0.11722487218643526,0.0,0.9999999987499999,0.6043173568099115,0.3153619269143632,0.28340492346490204,0.3914185515072815,angry,05,01,01,male,strong,95
10,0.33366666666666667,True,1.0,0.38934855522539097,0.37179777888801135,0.3805731670567012,0.791609338675398,-0.04699074074074072,-0.039074074074074094,0.4330503909463103,0.10503424364494653,0.18903464384655702,0.4807588143079708,0.017550776337379614,0.007916666666666627,0.03877510424421028,0.3913589872227469,0.11505960035409107,0.11818420758140766,0.0,0.9999999987499999,0.6023697552614797,0.31527625103201085,0.2782210154046191,0.3848970054887942,angry,05,01,01,male,strong,95
20,0.6673333333333333,True,1.0,0.3817883566979881,0.36260484731642734,0.3721966020072077,0.9095197610399561,-0.04537037037037045,-0.03634259259259259,0.4193204345256182,0.1727418027255784,0.1820048173001131,0.4092232164165774,0.01918350938156077,0.009027777777777857,0.05023484559254058,0.3605309387028395,0.1142884275657981,0.11731723830813554,0.0,0.9999999987499999,0.6020414163477892,0.31855334074318203,0.2940345769304144,0.4158534196591998,angry,05,01,01,male,strong,95
30,1.0010000000000001,True,1.0,0.24568288030045551,0.21830408994262168,0.2319934851215386,1.0524243774464543,-0.05657407407407411,-0.044999999999999984,0.358435721325301,0.1728480721722217,0.18500121296028993,0.2204372020386254,0.027378790357833832,0.011574074074074125,0.04429938974826513,0.3003071020676961,0.10586092656668536,0.12235553194043043,0.0,0.9999999987499999,0.5998037683667218,0.31750552923118425,0.27986091137918867,0.3888805819892079,angry,05,01,01,male,strong,95
40,1.3346666666666667,True,1.0,0.3594697207592007,0.35283197799129207,0.3561508493752464,0.9091826582749559,-0.04458333333333325,-0.03550925925925924,0.38228422280178664,0.22020806750662125,0.18592003776837343,0.391726399677477,0.006637742767908628,0.009074074074074012,0.06360723269975256,0.3963426225005095,0.12379318859329871,0.11107975686515074,0.0,0.778386221853619,0.5555628249502925,0.28532857483711677,0.3107210667665508,0.34978295179229957,angry,05,01,01,male,strong,95
50,1.6683333333333334,True,1.0,0.3565827303552048,0.4031476129563345,0.37986517165576966,0.8634617325026669,-0.042592592592592626,-0.03546296296296292,0.36619802478339747,0.2377940905488414,0.1786606430210747,0.43993283935671856,0.046564882601129676,0.007129629629629708,0.054442478239159,0.42197616223573325,0.12224815650200302,0.11193004253215924,0.0,0.9999999987499999,0.5906789668914442,0.27999501881000355,0.32052504363654283,0.3739828339492574,angry,05,01,01,male,strong,95
60,2.0020000000000002,True,1.0,0.42960005841353355,0.4521862506502847,0.44089315453190914,1.0237686128757497,-0.0406481481481481,-0.03222222222222226,0.42577077066842645,0.17236354102353402,0.1795495016590325,0.4306570342037028,0.02258619223675118,0.008425925925925837,0.04574732897139338,0.3158295833232399,0.11140002069320576,0.11958638144021928,0.0,0.9999999987499999,0.6103262518132253,0.3083459810110817,0.29096438141456643,0.40976440261723873,angry,05,01,01,male,strong,95
70,2.3356666666666666,True,1.0,0.4676185403723811,0.49853813139656156,0.48307833588447135,0.9124451366407588,-0.04203703703703704,-0.03476851851851859,0.41264730969288327,0.18962457720340242,0.1846899120656761,0.5294327477737057,0.03091959102418046,0.007268518518518452,0.051160476653444274,0.35635433438167535,0.125869367233932,0.1081945307155672,0.0,0.9999999987499999,0.5837576897555897,0.27230983439661866,0.31095544571108463,0.361068430754156,angry,05,01,01,male,strong,95
80,2.6693333333333333,True,1.0,0.2852752652767747,0.3099985232480125,0.2976368942623936,1.10734157138945,-0.043101851851851836,-0.03546296296296292,0.4073911889725094,0.20807205092022946,0.1824285407104931,0.26878508127255635,0.02472325797123781,0.007638888888888917,0.058392343227999154,0.31193598588856425,0.11642801147709755,0.11813368816414711,0.0,0.9999999987499999,0.5774036007606167,0.3172143507201842,0.28872531079792857,0.4000090910485384,angry,05,01,01,male,strong,95
90,3.003,True,1.0,0.5230852002233087,0.5605055427699657,0.5417953714966373,1.2977180939831965,-0.0431481481481481,-0.035092592592592564,0.3122477654210067,0.36630584348659223,0.1834096473589476,0.41749851066163274,0.03742034254665694,0.008055555555555538,0.060093656554890046,0.2702102387045421,0.11205192705228667,0.1176877279097829,0.0,0.9999999987499999,0.5977019398384353,0.3159903327229335,0.2691428851882464,0.37967522399955594,angry,05,01,01,male,strong,95
100,3.336666666666667,True,1.0,0.49738305069348937,0.5416549722991358,0.5195190114963126,0.6628692469665404,-0.046805555555555545,-0.038611111111111096,0.37563083700019734,0.05030049914887749,0.18853507720254264,0.7837428178690817,0.04427192160564647,0.008194444444444449,0.055360481126624,0.46407165029021813,0.12313909042666997,0.1123144789359949,0.0,0.7427327724574162,0.5846996100080657,0.27603420391823,0.2896152477406307,0.3500443323179168,angry,05,01,01,male,strong,95
110,3.6703333333333332,True,1.0,0.5117061995207813,0.5514147118664738,0.5315604556936275,0.6106414489004587,-0.04430555555555549,-0.03587962962962965,0.37512297158402264,0.007237803885425349,0.1844005208652884,0.870495209014673,0.039708512345692504,0.008425925925925837,0.06798124643896841,0.4878960492490889,0.12259503852727435,0.11120789010893677,0.0,0.9999999987499999,0.5806681890490571,0.2829937604289042,0.2921240469723225,0.3521696923939427,angry,05,01,01,male,strong,95
120,4.0040000000000004,True,1.0,0.5258283955192992,0.5693803793274741,0.5476043874233867,0.613432968294544,-0.04518518518518516,-0.036064814814814716,0.3807283839768905,0.014522428945034827,0.1801476303041091,0.8926882246740458,0.04355198380817493,0.009120370370370445,0.06365356047687386,0.4745243852338757,0.12008799465120461,0.11391054312175605,0.0,0.9999999987499999,0.590024820099915,0.2822958841313951,0.29113401253995835,0.3592279070160728,angry,05,01,01,male,strong,95
130,4.337666666666666,True,1.0,0.49326489652453664,0.5322223701928328,0.5127436333586848,0.6542782904041297,-0.04550925925925936,-0.03634259259259259,0.38285787800861587,0.05069461618625243,0.18143553609964513,0.7836782006659233,0.03895747366829616,0.009166666666666767,0.04881472936381572,0.4675511632025863,0.11640918774259358,0.11669196894882909,0.0,0.9999999987499999,0.5996750020555096,0.3200218622705738,0.2686618237964039,0.37907396062137727,angry,05,01,01,male,strong,95
0,0.0,True,1.0,0.5737114518300779,0.5659873102333807,0.5698493810317293,0.8089035258204729,-0.056620370370370376,-0.05217592592592585,0.3434095542728849,0.21400440422623623,0.19513927986102844,0.704471377416398,0.007724141596697209,0.004444444444444529,0.03254207065354173,0.4120804554476778,0.11829207342744728,0.11610310742126317,0.0,0.9999999987499999,0.6123382631490096,0.31291873428068206,0.28882177238628043,0.4003190248356136,fearful,06,01,01,male,normal,96
10,0.33366666666666667,True,1.0,0.5678514510410698,0.5674491593382185,0.5676503051896442,0.7244611691571313,-0.05490740740740746,-0.04953703703703699,0.34911678587558553,0.16183611811506002,0.20001869114320442,0.7835482829950328,0.00040229170285133176,0.00537037037037047,0.026919649105852646,0.45674097884397274,0.11411610614166694,0.11732258713141386,0.0,0.9999999987499999,0.616143006976228,0.3092742525387769,0.2924071192229977,0.4078592497730575,fearful,06,01,01,male,normal,96
20,0.6673333333333333,True,1.0,0.5886157904094093,0.6085334952706625,0.5985746428400358,0.7753186555653838,-0.052037037037037104,-0.04944444444444446,0.34674031474725553,0.14727327072764268,0.1972237695863105,0.7720369406093274,0.019917704861253216,0.0025925925925926463,0.025798483072486687,0.4180616968360396,0.1157984467230373,0.11826858428747725,0.0,0.9999999987499999,0.617570157297294,0.3099947084303458,0.2930427004927467,0.39873501023725944,fearful,06,01,01,male,normal,96
30,1.0010000000000001,True,1.0,0.5791907726967922,0.5819206398458833,0.5805557062713378,0.8616407654571666,-0.05296296296296299,-0.049259259259259114,0.3446454921546364,0.14096627537481668,0.2020893738358381,0.6737792935821791,0.0027298671490910698,0.0037037037037038756,0.03216294178180939,0.369895823391581,0.11336140883720804,0.1162631613882917,0.0,0.8256640665832452,0.6074193763599189,0.3129966505552832,0.2902231925592033,0.39955783939102285,fearful,06,01,01,male,normal,96
40,1.3346666666666667,True,1.0,0.553998584206836,0.5732318735335016,0.5636152288701688,0.719946464337446,-0.05004629629629631,-0.04699074074074072,0.33942812525215343,0.0879865830690447,0.2008042776717041,0.7828571383968861,0.01923328932666557,0.003055555555555589,0.032385179174550714,0.43802979060534913,0.11344704539581107,0.11909479692805951,0.0,0.9999999987499999,0.6065319075286364,0.31404914846260257,0.2875100389002522,0.39118725398342163,fearful,06,01,01,male,normal,96
50,1.6683333333333334,True,1.0,0.36048217684881967,0.33577117044700555,0.3481266736479126,0.9101769686577859,-0.06013888888888891,-0.05458333333333332,0.33547392855002567,0.16763153177641923,0.19930593835407728,0.38248240247309917,0.024711006401814117,0.005555555555555591,0.018118223759122913,0.37533706054298854,0.11425611216940847,0.11718624477443136,0.0,0.9999999987499999,0.614241914039053,0.30988553527365004,0.28732443801705265,0.3890642478809439,fearful,06,01,01,male,normal,96
60,2.0020000000000002,True,1.0,0.3474218435249626,0.29920564017182405,0.32331374184839334,0.7946290166144443,-0.0666666666666666,-0.060555555555555474,0.34456214843233535,0.1479831312431666,0.1979478885049929,0.40687381795581457,0.04821620335313853,0.006111111111111123,0.018026533299390305,0.390390516625974,0.11463988093769835,0.11826964259064583,0.0,0.9999999987499999,0.6148030277501626,0.30968474985758215,0.28603323311273443,0.387388409718969,fearful,06,01,01,male,normal,96
70,2.3356666666666666,True,1.0,0.5992955402767554,0.6123516828045183,0.6058236115406368,0.7379698817777142,-0.05018518518518511,-0.04564814814814805,0.3412342789808473,0.10991040792434004,0.20696803789817347,0.8209327053852836,0.013056142527762993,0.004537037037037062,0.02165395756866772,0.43137609197745463,0.11483984843293289,0.11807548378743829,0.0,0.9999999987499999,0.6084631100174445,0.3103248794891894,0.28548763751652173,0.39140125019883937,fearful,06,01,01,male,normal,96
80,2.6693333333333333,True,1.0,0.5942330597289277,0.605314214243901,0.5997736369864144,0.6021842749087611,-0.04439814814814813,-0.04166666666666674,0.3660608173895519,0.029372078528581518,0.20973131666752298,0.995996843453423,0.011081154514973268,0.0027314814814813904,0.019482983942084475,0.5218625721106616,0.11740706565052426,0.11568792306676245,0.0,0.9999999987499999,0.6038808597345188,0.314922673178387,0.28489639100893366,0.3828248199770502,fearful,06,01,01,male,normal,96
90,3.003,True,1.0,0.5881998240837918,0.5888208720368874,0.5885103480603395,0.4669903183692157,-0.04629629629629628,-0.041898148148148184,0.36063616230307166,0.037660509545904296,0.199336559854055,1.2602195910944918,0.0006210479530955881,0.0043981481481480955,0.013298730091172547,0.6350806451612893,0.11701840816391826,0.1149264074350427,0.0,0.9999999987499999,0.6119995537199255,0.3112536766469204,0.2825870968293554,0.39299038549185383,fearful,06,01,01,male,normal,96
100,3.336666666666667,True,1.0,0.598950556620974,0.6014425439023682,0.6001965502616711,0.4884067498279237,-0.04925925925925917,-0.04509259259259257,0.36724791268357204,0.06660092043108035,0.19659337423165416,1.2288866819984232,0.0024919872813942145,0.004166666666666596,0.011610937878973222,0.5973600141082968,0.11567063941201469,0.11709914555868454,0.0,0.9999999987499999,0.6130636776194853,0.31046240974258066,0.2840908678646662,0.39177102608863584,fearful,06,01,01,male,normal,96
0,0.0,True,1.0,0.5081091336827329,0.4873068566645145,0.49770799517362374,0.8458034881635521,-0.04930555555555555,-0.046712962962962956,0.39846113918202963,0.1903057848367996,0.18612135926937018,0.5884440087310002,0.020802277018218407,0.002592592592592591,0.020494680376752963,0.38437499999999997,0.11284643385223109,0.11838350202170835,0.0,0.9999999987499999,0.6346273544105141,0.3111799928913981,0.29191834958250007,0.407635715591333,fearful,06,01,01,male,normal,97
10,0.33366666666666667,True,1.0,0.4673942663007199,0.46954160813097523,0.46846793721584756,0.7980992451183717,-0.04935185185185187,-0.0463425925925926,0.40333887134861107,0.19264464537339954,0.1847288304216915,0.5869795518305068,0.0021473418302553338,0.003009259259259267,0.014583326298983188,0.3980029316548143,0.11186966860328397,0.1180225268756759,0.0,0.9999999987499999,0.640540182283851,0.3100515492090891,0.2911371646397868,0.41164303100136584,fearful,06,01,01,male,normal,97
20,0.6673333333333333,True,1.0,0.4817278280529744,0.4608292336714853,0.47127853086222987,0.809358043397452,-0.04944444444444446,-0.04708333333333331,0.39490344512015996,0.18459043095029554,0.1840692309509921,0.5822868317758829,0.02089859438148911,0.002361111111111147,0.0072544072703190875,0.39473684210526344,0.11195817936197064,0.12033729634305035,0.0,0.9999999987499999,0.6357219860366021,0.3117420689406038,0.29139552180513,0.4068102415854241,fearful,06,01,01,male,normal,97
30,1.0010000000000001,True,1.0,0.5081091336827325,0.5053365716081571,0.5067228526454448,0.8801923783036814,-0.04939814814814808,-0.045648148148148215,0.38979178741465315,0.20201136551231952,0.1827328542160892,0.5756955696685399,0.0027725620745753243,0.0037499999999998646,0.013484637284785246,0.37807377049180263,0.10863905208734595,0.11925834370130668,0.0,0.9999999987499999,0.6375002457389206,0.3133280921157804,0.29030841096743665,0.4086352228481598,fearful,06,01,01,male,normal,97
40,1.3346666666666667,True,1.0,0.5104076525901179,0.46236901005578984,0.4863883313229539,0.6847794487875034,-0.05101851851851841,-0.047175925925925954,0.39686273609358724,0.13551996080808415,0.18482792506197768,0.7102846503121137,0.04803864253432805,0.003842592592592453,0.011341950072966353,0.4691805196011617,0.11125869095854653,0.11859866479087598,0.0,0.9576795438229229,0.6379691698476265,0.3113382019968594,0.2874216524643396,0.39571064787017135,fearful,06,01,01,male,normal,97
50,1.6683333333333334,True,1.0,0.574854687174585,0.5478877241115442,0.5613712056430646,0.8430066827139876,-0.05148148148148146,-0.04675925925925922,0.38159637405662017,0.20704419161744006,0.18368298104921627,0.6659154869754749,0.026966963063040805,0.004722222222222239,0.01004145040360993,0.3753918799134365,0.11155426145224431,0.11864229537232962,0.0,0.9999999987499999,0.6403202381577631,0.31084197407881586,0.291012857387208,0.40228159088609516,fearful,06,01,01,male,normal,97
60,2.0020000000000002,True,1.0,0.33928762413130753,0.3073506070104305,0.323319115570869,0.6888832431200039,-0.05569444444444438,-0.051574074074074105,0.38273166794326796,0.1392024860089345,0.18754068568996568,0.4693380464685604,0.03193701712087704,0.004120370370370274,0.02594896507868451,0.4804733145486238,0.10932285286567167,0.12038543701385106,0.0,0.9999999987499999,0.6410972815454307,0.31126476937198266,0.27804713335200887,0.3922135996353115,fearful,06,01,01,male,normal,97
70,2.3356666666666666,True,1.0,0.4834077545304582,0.45715869868674397,0.4702832266086011,0.7554547976550533,-0.04837962962962966,-0.044259259259259276,0.3612753700650075,0.20030803265753122,0.18755858459758654,0.6225166986408315,0.02624905584371423,0.004120370370370385,0.03702155356886695,0.44023900198473215,0.11267538772920789,0.1180631879205337,0.0,0.9999999987499999,0.6410655908066352,0.3106449752807087,0.2860964285593509,0.3968299555309497,fearful,06,01,01,male,normal,97
80,2.6693333333333333,True,1.0,0.4628565676903992,0.4614767761385802,0.4621666719144897,0.7679695955629859,-0.048611111111110994,-0.04398148148148151,0.36853454996459667,0.17312749860693963,0.19028419304371916,0.6018033455812568,0.0013797915518189985,0.004629629629629484,0.02631508877654099,0.4231225518292801,0.10844790531923142,0.12006857958070685,0.0,0.9999999987499999,0.6384431689941602,0.31235106194849055,0.2819732974194512,0.3960416665206188,fearful,06,01,01,male,normal,97
90,3.003,True,1.0,0.4649721301127027,0.4527795467703969,0.4588758384415498,0.7710480977540746,-0.048333333333333284,-0.044907407407407396,0.38090497549410796,0.189114354472465,0.18750651030364252,0.5951325731535726,0.01219258334230583,0.003425925925925888,0.021506085959180986,0.4050406481834825,0.10987462064189066,0.12083182952959659,0.0,0.9999999987499999,0.6419945557207257,0.3101714865640358,0.28653318601635736,0.4058034817008622,fearful,06,01,01,male,normal,97
100,3.336666666666667,True,1.0,0.4967323315264859,0.49293333894712854,0.4948328352368072,0.7722748037116577,-0.0498148148148147,-0.046018518518518514,0.3821061733653541,0.1675596244757833,0.18547590930907384,0.6407470926910646,0.003798992579357341,0.0037962962962961866,0.01752709390114777,0.4143215753724747,0.11127701210312908,0.1189023720381753,0.0,0.9999999987499999,0.6408775362801371,0.3105730304740418,0.29247407270822195,0.40444287437887544,fearful,06,01,01,male,normal,97
0,0.0,True,1.0,0.5983719226580674,0.6123872066156019,0.6053795646368346,0.7324452300139191,-0.050277777777777644,-0.04481481481481486,0.33142634151155054,0.17902818130637857,0.19097861416070602,0.8265185434074438,0.014015283957534486,0.005462962962962781,0.0164777791896035,0.4272841932497254,0.11559865987264863,0.11798040636269781,0.0,0.9999999987499999,0.6362754946509853,0.30451993427179047,0.2862504411671527,0.39207164848863346,fearful,06,01,01,male,normal,98
10,0.33366666666666667,True,1.0,0.5644495014633072,0.5574387947269309,0.560944148095119,0.7570554454963137,-0.0506018518518519,-0.04412037037037042,0.3346608115788517,0.16097190442552184,0.19045451944182112,0.7409551723485364,0.007010706736376271,0.006481481481481477,0.026022590397096177,0.4116254977318202,0.1140788698999338,0.11752102161715164,0.0,0.9999999987499999,0.6363230958789766,0.30466229670069667,0.28524951113048347,0.38896188441690926,fearful,06,01,01,male,normal,98
20,0.6673333333333333,True,1.0,0.566321111815268,0.5972112296648547,0.5817661707400614,0.7577125685562001,-0.0506018518518519,-0.04328703703703707,0.34467956098012303,0.1814232214086759,0.19027777777777777,0.7677926893156867,0.03089011784958673,0.0073148148148148295,0.028436164215579963,0.4104314492032645,0.11217788536279287,0.1185359919065043,0.0,0.9999999987499999,0.6328169422690951,0.3066714645378616,0.28136328992893245,0.39572821843986106,fearful,06,01,01,male,normal,98
30,1.0010000000000001,True,1.0,0.593438235083927,0.6011381158114918,0.5972881754477094,0.8861861540586207,-0.05078703703703702,-0.04569444444444454,0.3320284083744665,0.21747293031121048,0.19305555555555554,0.6739985416294364,0.0076998807275647785,0.005092592592592482,0.023706628283837596,0.35972160256590796,0.10882165160748601,0.1186108446946253,0.0,0.9999999987499999,0.6378311909920218,0.3041854533163524,0.2881616923564179,0.400821407183929,fearful,06,01,01,male,normal,98
40,1.3346666666666667,True,1.0,0.5636216440999626,0.5670336030183878,0.5653276235591752,0.7447458156897918,-0.04800925925925925,-0.04402777777777772,0.3405100232897919,0.14257006466125896,0.19307491897578208,0.7590880158696327,0.003411958918425162,0.00398148148148153,0.012479401110704374,0.4312525686917243,0.1107398492785387,0.11763456064235862,0.0,0.9999999987499999,0.6358206228272559,0.3057496801067518,0.2874265086210887,0.39840476368529393,fearful,06,01,01,male,normal,98
50,1.6683333333333334,True,1.0,0.5845435407642446,0.5948774603633993,0.5897105005638219,0.8267128799608799,-0.048101851851851785,-0.04236111111111118,0.35477940354535803,0.13013073110495396,0.1931835552199687,0.7133195996555987,0.01033391959915464,0.005740740740740602,0.0181834617817197,0.37545696894334046,0.11525720212262149,0.11799150780466854,0.0,0.9999999987499999,0.617393992174995,0.3111467373532732,0.27535646580284573,0.3876941091862745,fearful,06,01,01,male,normal,98
60,2.0020000000000002,True,1.0,0.5798569296087352,0.5839648306135063,0.5819108801111208,0.7108246126885677,-0.04870370370370375,-0.045416666666666716,0.3525939198704374,0.1236124302115505,0.19527997896688165,0.8186419965259031,0.004107901004771097,0.0032870370370370328,0.020336180411479537,0.4285088433423047,0.12161801792901511,0.11176530842031386,0.0,0.9999999987499999,0.6065741456660789,0.2778651100002685,0.2880364925794409,0.3489577158671452,fearful,06,01,01,male,normal,98
70,2.3356666666666666,True,1.0,0.5983719226580678,0.6065497677794061,0.602460845218737,0.737894853854004,-0.04925925925925928,-0.04481481481481481,0.35849059469672373,0.12047262920065432,0.19449191528203494,0.8164589332370337,0.008177845121338234,0.004444444444444473,0.015939635538840032,0.4252349015194079,0.11680680234572055,0.11547192644203348,0.0,0.8493456513387393,0.6146916883941076,0.3111112008591989,0.2849033290709907,0.39464894675504403,fearful,06,01,01,male,normal,98
80,2.6693333333333333,True,1.0,0.5678533046225857,0.5819803992797923,0.5749168519511889,0.5122530192674364,-0.0502777777777777,-0.04768518518518522,0.3586823711166154,0.08285312100098945,0.19126323805885817,1.1223298454606805,0.01412709465720663,0.0025925925925924798,0.015381770788770946,0.5466727352802693,0.11438693278176841,0.11770777600120733,0.0,0.9999999987499999,0.6331017470660139,0.3062379571529501,0.2828417123712944,0.3872170315036761,fearful,06,01,01,male,normal,98
90,3.003,True,1.0,0.5803597040722773,0.5942459540039381,0.5873028290381077,0.6762227231109532,-0.052083333333333315,-0.04754629629629631,0.3446017180744094,0.1572476446366137,0.19048976799342796,0.8685050190804432,0.013886249931660766,0.004537037037037006,0.015164136743257181,0.44533691995667224,0.12532941610363466,0.10916913226221236,0.0,0.9999999987499999,0.5977488761520233,0.2756431323716191,0.30530625396212163,0.3594500975762625,fearful,06,01,01,male,normal,98
100,3.336666666666667,True,1.0,0.5873735300278112,0.5867507022069188,0.587062116117365,0.7471372502920844,-0.051481481481481406,-0.047175925925925954,0.34685410109312104,0.18677148843293528,0.18548619256239374,0.7857486906025098,0.0006228278208924021,0.0043055555555554514,0.016404014892739346,0.422360089891025,0.1157211389525868,0.11573976469754967,0.0,0.8999719354322758,0.64100702744379,0.30449530135031255,0.2901048988904122,0.39737044020067624,fearful,06,01,01,male,normal,98
0,0.0,True,1.0,0.5475940506646092,0.5655115819017132,0.5565528162831612,0.6788965403492114,-0.049305555555555436,-0.04749999999999999,0.3611845187098618,0.20058306873954027,0.17334015857267973,0.81979032622096,0.017917531237104045,0.0018055555555554492,0.013286429623905622,0.4607880982486446,0.120641372976354,0.11432856644461098,0.0,0.9999999987499999,0.6364166389524559,0.30977337831162677,0.2871154474039084,0.3898768979222926,fearful,06,01,01,male,normal,99
10,0.33366666666666667,True,1.0,0.5349514536293425,0.5437186861376101,0.5393350698834762,0.7103476105326,-0.04893518518518508,-0.04592592592592587,0.3608666292080811,0.19302924199255492,0.1747531879466892,0.7592551335241304,0.008767232508267608,0.0030092592592592116,0.016093390660694314,0.44075383310740013,0.11683495226710561,0.11708214327672009,0.0,0.9999999987499999,0.6343332639774659,0.30989067870720804,0.2870602738992419,0.39094100113519675,fearful,06,01,01,male,normal,99
20,0.6673333333333333,True,1.0,0.6147462219645389,0.6290720350778091,0.621909128521174,0.7165651806477492,-0.049259259259259225,-0.046018518518518514,0.3553324987236226,0.19471879908906287,0.17811391629475484,0.8679030816973139,0.014325813113270192,0.0032407407407407107,0.023196820047599178,0.4285408796863863,0.11397076496190608,0.11746378108099408,0.0,0.9999999987499999,0.6332962007850015,0.30667792406583944,0.2850198939449116,0.39380496395449965,fearful,06,01,01,male,normal,99
30,1.0010000000000001,True,1.0,0.5583518398528584,0.5541955781322209,0.5562737089925396,0.7107714737164103,-0.05023148148148149,-0.04685185185185181,0.3562072816743633,0.16996709154088135,0.17677773961961185,0.7826337009333699,0.004156261720637544,0.003379629629629677,0.014383730272268858,0.44075383310740013,0.11739577055853026,0.11470712261221341,0.0,0.9999999987499999,0.6295034337719463,0.3072057741621669,0.2874590698377115,0.3911543077705174,fearful,06,01,01,male,normal,99
40,1.3346666666666667,True,1.0,0.540404964023081,0.5294764934775352,0.5349407287503081,0.7103476105326004,-0.04935185185185181,-0.047962962962962985,0.35639823747161054,0.17758690263315072,0.17849957907496103,0.7530689493686383,0.010928470545545799,0.0013888888888888284,0.0017558768997812573,0.43019188153493093,0.1145443410996778,0.11674144554045071,0.0,0.9999999987499999,0.6345745122502124,0.30710006914586574,0.2870445530269675,0.39550743701736224,fearful,06,01,01,male,normal,99
50,1.6683333333333334,True,1.0,0.5389864709717375,0.5495497113144479,0.5442680911430926,0.7071773796746365,-0.04986111111111102,-0.04870370370370364,0.35023464507561736,0.16500805525741585,0.18280590496703844,0.7696344747247198,0.01056324034271039,0.0011574074074073848,0.008059998488220683,0.4255805765780352,0.1121966979971015,0.11867882813690417,0.0,0.9999999987499999,0.6343597282194127,0.30754726197616,0.28753737773905447,0.39789508174052773,fearful,06,01,01,male,normal,99
60,2.0020000000000002,True,1.0,0.5436861238235247,0.5395676162678805,0.5416268700457025,0.5597046566495251,-0.04972222222222222,-0.04745370370370372,0.3506712456206463,0.14769983994918082,0.18334373675797253,0.9677012038598377,0.004118507555644135,0.002268518518518503,0.005871675389230925,0.5624999999999987,0.11539280507943106,0.11672185510107301,0.0,0.9999999987499999,0.6345629715870723,0.30702948954158277,0.28900076780897443,0.40328375688867846,fearful,06,01,01,male,normal,99
70,2.3356666666666666,True,1.0,0.5471265188699551,0.5302467547800099,0.5386866368249825,0.7165651806477489,-0.051064814814814785,-0.04837962962962966,0.3479206812740904,0.17914129516193786,0.1799565268766712,0.751762228159104,0.016879764089945182,0.002685185185185124,0.009095066270537019,0.4285408796863863,0.11755365134883908,0.11553897032097213,0.0,0.9999999987499999,0.6350301016812976,0.3061730193500422,0.294118010507552,0.39443902105169637,fearful,06,01,01,male,normal,99
80,2.6693333333333333,True,1.0,0.5443849887904924,0.5235300380728504,0.5339575134316714,0.7416745812692975,-0.04907407407407405,-0.046435185185185246,0.3484693782664927,0.16996709154088013,0.18546644821245542,0.7199350320431094,0.020854950717641985,0.002638888888888802,0.01422084438662846,0.43409396196772876,0.110931577022397,0.11890468797827052,0.0,0.9999999987499999,0.635708556610144,0.30562463672405227,0.2867690371329428,0.39810206460981185,fearful,06,01,01,male,normal,99
90,3.003,True,1.0,0.5551117998071952,0.5560051429402625,0.5555584713737288,0.7662420340330924,-0.051157407407407374,-0.04944444444444446,0.3558647147809533,0.2068722584680145,0.17932032420492686,0.7250430630248292,0.0008933431330673258,0.0017129629629629162,0.005493405897663592,0.3937250853727302,0.12013787593691704,0.11301818137683571,0.0,0.9999999987499999,0.6419343050345139,0.30371044218735543,0.2960157639214235,0.39610799761007764,fearful,06,01,01,male,normal,99
100,3.336666666666667,True,1.0,0.5772914400573158,0.5761450855192929,0.5767182627883043,0.7659722819408155,-0.05245370370370367,-0.04958333333333331,0.3581874429130498,0.2144586681602088,0.17715612972166692,0.7529231492907542,0.00114635453802292,0.0028703703703703565,0.0044498310003067195,0.39423266256510325,0.11401939519603134,0.11561794509840753,0.0,0.9999999987499999,0.6410100558817278,0.30664466718467787,0.2929631583464152,0.3974838027486457,fearful,06,01,01,male,normal,99
0,0.0,True,1.0,0.6009340812517765,0.6057942503586644,0.6033641658052205,0.8346553554193584,-0.056620370370370376,-0.05425925925925934,0.3573898732124307,0.31658520906998544,0.17918753095872791,0.7228901868149763,0.004860169106887913,0.002361111111111036,0.019436693752733117,0.40967560776912443,0.11456716855337623,0.1196210940004149,0.0,0.9999999987499999,0.6291844807845014,0.30890363942243654,0.28498362297527385,0.379156695944057,fearful,06,01,01,male,strong,100
10,0.33366666666666667,True,1.0,0.573418277403931,0.5746180096160827,0.5740181435100069,0.766445722975709,-0.05648148148148158,-0.053518518518518465,0.378652057462475,0.2528439604448067,0.18059780572044007,0.7489351513129904,0.0011997322121516385,0.0029629629629631116,0.023760395894218116,0.4068882196873939,0.10918881843401118,0.12145190495719789,0.0,0.9999999987499999,0.6381356213579182,0.3085961944907409,0.2828844326051546,0.38770990503454594,fearful,06,01,01,male,strong,100
20,0.6673333333333333,True,1.0,0.5518820662679793,0.5968758876164337,0.5743789769422065,0.9101226154439536,-0.05717592592592591,-0.05273148148148149,0.3529031636717594,0.2927578938840835,0.18410901721640272,0.6311006530279738,0.04499382134845442,0.0044444444444444176,0.03612697113063589,0.3681590317541482,0.11147254885701834,0.11871907323732593,0.0,0.9999999987499999,0.6219271924863696,0.3113448763516272,0.29403145021453814,0.40333127570648525,fearful,06,01,01,male,strong,100
30,1.0010000000000001,True,1.0,0.5508251392914206,0.5768545766124749,0.5638398579519477,1.1354433935670787,-0.05449074074074062,-0.05138888888888893,0.3526545868152222,0.30684113601004676,0.18828563725134137,0.4965812132479836,0.026029437321054227,0.003101851851851689,0.0204115981836468,0.2916487263625983,0.11148989737743552,0.11886317440491832,0.0,0.9999999987499999,0.6296491343177896,0.30792530195434437,0.2867498992622305,0.3921000043182794,fearful,06,01,01,male,strong,100
40,1.3346666666666667,True,1.0,0.4679442575585262,0.4693036725772283,0.4686239650678773,0.9403737518351281,-0.05814814814814817,-0.05509259259259258,0.3547829422376104,0.2730004990646825,0.19032628786065,0.4983379897124556,0.0013594150187021259,0.003055555555555589,0.017856957455852775,0.3552834337205579,0.11355138455792341,0.11915531787275825,0.0,0.9999999987499999,0.6172754661317653,0.31106665825128516,0.28987090666638426,0.4033627524187035,fearful,06,01,01,male,strong,100
50,1.6683333333333334,True,1.0,0.5802794139667318,0.5924343339389045,0.5863568739528182,0.8762157348513765,-0.05421296296296285,-0.051805555555555605,0.35429371369496115,0.2843304346157638,0.18612135926937018,0.6691923582635456,0.012154919972172773,0.002407407407407247,0.013533607600553884,0.38638930122000087,0.11190352106155843,0.12038812562360623,0.0,0.9999999987499999,0.6205423290175445,0.3116890483683552,0.28474626065084835,0.3808091453614713,fearful,06,01,01,male,strong,100
60,2.0020000000000002,True,1.0,0.5291323319932992,0.5443121539314166,0.5367222429623579,0.9785393215707134,-0.05384259259259261,-0.04865740740740748,0.3546927853952323,0.2867892590674624,0.186112750854354,0.5484932808840346,0.0151798219381174,0.005185185185185126,0.03919460721574451,0.3331215081735925,0.1139919755348837,0.1182515301529086,0.0,0.9999999987499999,0.6103211934226815,0.3164555436340925,0.28634233052295255,0.3869003220692017,fearful,06,01,01,male,strong,100
70,2.3356666666666666,True,1.0,0.5046956770640317,0.5459540510008064,0.5253248640324191,0.6262530117917442,-0.04675925925925922,-0.04236111111111107,0.3859667260772601,0.014191336239469658,0.20917372454246264,0.8388380640748311,0.04125837393677467,0.004398148148148151,0.05765364315571607,0.5178603814195043,0.11164144122990972,0.12110408440704946,0.0,0.9999999987499999,0.5557380809354991,0.3311533079105327,0.271452280807244,0.37704645415815824,fearful,06,01,01,male,strong,100
80,2.6693333333333333,True,1.0,0.50868373388611,0.584794917822921,0.5467393258545155,0.8645426804869153,-0.05435185185185187,-0.044907407407407396,0.3016289636179067,0.07034814965878712,0.23244421156544776,0.6324029318559365,0.07611118393681104,0.009444444444444478,0.06211381855502432,0.3750988284940434,0.11091317366708678,0.12348045185161963,0.0,0.9999999987499999,0.5138927832226641,0.33376077467832105,0.27057186352602597,0.3641354066291153,fearful,06,01,01,male,strong,100
90,3.003,True,1.0,0.5141928044214786,0.5690015654896232,0.541597184955551,0.48798646974626336,-0.04819444444444443,-0.04236111111111118,0.3563233613221559,-0.05334056685304906,0.21692321456384075,1.1098610689701365,0.054808761068144585,0.005833333333333246,0.033940763452991476,0.6354988246370187,0.11408181280432607,0.11864757351094399,0.0,0.9999999987499999,0.5703894936802846,0.32197782321180585,0.27699189983729816,0.3788663061068333,fearful,06,01,01,male,strong,100
100,3.336666666666667,True,1.0,0.3897552656646018,0.38402576210432976,0.38689051388446577,0.7470034385893958,-0.06092592592592594,-0.05370370370370375,0.3497504329143443,0.10104576436393523,0.20644558966987073,0.5179233372942039,0.00572950356027202,0.0072222222222221855,0.04308668187644983,0.45254576808921154,0.10732256095003179,0.12387554616328608,0.0,0.9999999987499999,0.6096512036220738,0.31375807037826464,0.27106243538282926,0.3722012289096782,fearful,06,01,01,male,strong,100
110,3.6703333333333332,True,1.0,0.3349311056205118,0.3478491573888116,0.3413901315046617,0.7768760252071095,-0.06023148148148155,-0.05435185185185187,0.35733460134069966,0.12159694050747014,0.1993916667032483,0.4394396537255086,0.012918051768299799,0.005879629629629679,0.047603223814142955,0.42546250606772484,0.1105794871580489,0.12144863889217045,0.0,0.9999999987499999,0.6134579126728817,0.3118917516803674,0.28583955400776656,0.3899266108867282,fearful,06,01,01,male,strong,100
120,4.0040000000000004,True,1.0,0.5264241024373194,0.584354313275154,0.5553892078562367,0.8718749528974024,-0.05435185185185182,-0.04953703703703699,0.3582293650275823,0.18332958625382262,0.19031025283780695,0.6370055774748148,0.05793021083783456,0.004814814814814827,0.03773797890161546,0.3713622230436366,0.11198077637054532,0.11936239296937022,0.0,0.9999999987499999,0.6256529652407838,0.3117008698501415,0.2911771360923567,0.3938536764246964,fearful,06,01,01,male,strong,100
130,4.337666666666666,True,1.0,0.5158437277191802,0.5309930383480654,0.5234183830336228,0.7933706705318939,-0.05416666666666664,-0.049537037037037046,0.36640247316037744,0.1793787071605066,0.18960305135840613,0.6597400212472072,0.015149310628885249,0.004629629629629595,0.030119371562183292,0.40972631175262986,0.114256796901546,0.11783410068530871,0.0,0.9999999987499999,0.6275746596372924,0.3114046734993099,0.2919687281801591,0.3978365369144357,fearful,06,01,01,male,strong,100
140,4.671333333333333,True,1.0,0.5412826557578306,0.5611362024120853,0.551209429084958,0.8370712646560734,-0.056342592592592555,-0.051342592592592606,0.3597571415140354,0.24319388101494135,0.18336703828728795,0.6584976122808764,0.01985354665425465,0.004999999999999949,0.04235063264433693,0.4049107705078789,0.11208650336728157,0.1187829072386371,0.0,0.9999999987499999,0.6365556328781512,0.30832449819604674,0.2941758525692079,0.40513521285397314,fearful,06,01,01,male,strong,100
0,0.0,True,1.0,0.554250873181842,0.5733421090450218,0.5637964911134319,0.9553557090024224,-0.05439814814814814,-0.05398148148148152,0.34875862651107326,0.34220047951679705,0.16742674269242558,0.5901430072597204,0.019091235863179845,0.0004166666666666208,0.015791108204678318,0.3483351790434318,0.10971143518967243,0.12003141502275382,0.0,0.9999999987499999,0.6265348730585985,0.3139128873450722,0.26892155998069617,0.3556960975550824,fearful,06,01,01,male,strong,101
10,0.33366666666666667,True,1.0,0.5470792013905378,0.5322223701928328,0.5396507857916852,0.9205622537532512,-0.05717592592592596,-0.05662037037037043,0.35059738510652444,0.45232397386162765,0.14671562251174702,0.5862186762399385,0.014856831197704978,0.0005555555555555314,0.0071227293964820845,0.339861266692345,0.11138823897470224,0.1230520796248927,0.0,0.9999999987499999,0.59673794185643,0.27869566736885526,0.2665064233159145,0.3212505093880977,fearful,06,01,01,male,strong,101
20,0.6673333333333333,True,1.0,0.5229134875411108,0.5633001208597731,0.5431068042004419,1.0366165158239844,-0.05606481481481479,-0.05462962962962964,0.34696722125983775,0.36667921678522186,0.17544032547007676,0.5239225845912149,0.040386633318662324,0.0014351851851851505,0.009628249349024263,0.31181303375326025,0.11513565889278563,0.1171382726591823,0.0,0.9999999987499999,0.5942427319365247,0.27729642145864686,0.27202379203641114,0.3172256986631039,fearful,06,01,01,male,strong,101
30,1.0010000000000001,True,1.0,0.5489028577238112,0.5830130488429042,0.5659579532833576,1.0350212558977885,-0.050925925925925986,-0.04935185185185187,0.354664124351223,0.19303976162803904,0.19723189304860717,0.5468080486834443,0.03411019111909297,0.0015740740740741166,0.02221850076063255,0.31374534667521436,0.11591907948337374,0.11895387779511449,0.0,0.7924326882966263,0.5754404490311749,0.2744919668764099,0.28398150625577295,0.3302765889947321,fearful,06,01,01,male,strong,101
40,1.3346666666666667,True,1.0,0.31445212912937565,0.3233602163706814,0.3189061727500285,0.80165391932981,-0.05689814814814825,-0.053240740740740755,0.36259801365309074,0.13867479183982853,0.18959782024548774,0.39781028329112017,0.008908087241305762,0.003657407407407498,0.02758252580817963,0.40416424980902504,0.10832211616996981,0.12269227473541408,0.0,0.9999999987499999,0.6055133499259079,0.3180404683281088,0.26280875242382945,0.3701282955080555,fearful,06,01,01,male,strong,101
50,1.6683333333333334,True,1.0,0.4902078324328023,0.5118057138549271,0.5010067731438648,1.0660061191120205,-0.05208333333333337,-0.04722222222222222,0.3464469332580693,0.23398596028111518,0.19027938161454036,0.4699848942341923,0.02159788142212482,0.004861111111111149,0.027704849825736812,0.31831118701369726,0.11003750927579815,0.12287377713095322,0.0,0.9999999987499999,0.600645713121186,0.3221766895818679,0.2658322817479608,0.37404944918025307,fearful,06,01,01,male,strong,101
60,2.0020000000000002,True,1.0,0.5158437277191797,0.5235300380728503,0.5196868828960151,0.6796122152827447,-0.048055555555555574,-0.04319444444444437,0.369894860530033,0.06033460351498597,0.19652777777777775,0.7646814921944942,0.007686310353670511,0.004861111111111205,0.03521765398208604,0.4764795135416774,0.11095131265370473,0.12189307128574485,0.0,0.9999999987499999,0.6096468013768007,0.3172081315094072,0.26171044773324215,0.3646246041270864,fearful,06,01,01,male,strong,101
70,2.3356666666666666,True,1.0,0.5239827416486997,0.5266372018896333,0.5253099717691665,0.5689543807891886,-0.05148148148148157,-0.047361111111111076,0.3587409939105232,0.09990527529428224,0.19515296339244406,0.9232901432985127,0.0026544602409335205,0.004120370370370496,0.022616208534711777,0.5229708627874295,0.11291885007593926,0.12007267759516597,0.0,0.9999999987499999,0.5961936918282938,0.31669027230574776,0.2756544456774418,0.3882145244063816,fearful,06,01,01,male,strong,101
80,2.6693333333333333,True,1.0,0.4795446279585538,0.491982993573477,0.4857638107660154,0.6179530761106867,-0.04819444444444454,-0.04305555555555546,0.37741458006018397,0.044135547347794325,0.2028413530668968,0.7860852701362816,0.01243836561492323,0.005138888888889082,0.04221483171350074,0.5271355367132409,0.11068503054792166,0.12166604611402544,0.0,0.9999999987499999,0.5975330053740245,0.32111941954577017,0.26752795820628156,0.37555721770161005,fearful,06,01,01,male,strong,101
90,3.003,True,1.0,0.4654468938662704,0.478560812052508,0.4720038529593892,0.6036638032378824,-0.043703703703703745,-0.042731481481481426,0.40025130669984815,-0.014019513738433496,0.20295979823491242,0.781898550861744,0.013113918186237583,0.0009722222222223187,0.046150071675169324,0.5050311513622531,0.11920515715980726,0.11631768708209175,0.0,0.9245174431373077,0.5757950498246174,0.2854194351505234,0.2992594168166069,0.3484415755876913,fearful,06,01,01,male,strong,101
100,3.336666666666667,True,1.0,0.46630913966154447,0.42796857078356515,0.4471388552225548,0.6550007975747585,-0.04351851851851851,-0.04162037037037042,0.4455530693697257,0.03776862520031826,0.1986863877656259,0.6826539095496608,0.03834056887797932,0.0018981481481480933,0.04140095726764654,0.439245496380063,0.10711889444812693,0.12328140873855203,0.0,0.9999999987499999,0.603821861322654,0.32066220767348996,0.28469787744109337,0.386510759890039,fearful,06,01,01,male,strong,101
110,3.6703333333333332,True,1.0,0.39600515201939984,0.3701451246705177,0.38307513834495877,0.6756316948551848,-0.05032407407407413,-0.04412037037037042,0.4243762346359061,0.05293922663365072,0.19726090268305613,0.5669881109219828,0.025860027348882153,0.006203703703703711,0.045794703907324076,0.44765847492903804,0.11026315488447674,0.12204851264623612,0.0,0.9999999987499999,0.5984748006702681,0.3229897622513721,0.2855072690058842,0.3991014620776918,fearful,06,01,01,male,strong,101
120,4.0040000000000004,True,1.0,0.44473362631957863,0.4779047634587563,0.4613191948891675,0.6819504653351979,-0.04750000000000004,-0.04314814814814816,0.45035540788564293,0.05574931692684708,0.19726090268305613,0.6764702399057916,0.03317113713917769,0.0043518518518518845,0.039413593521190324,0.43529466610539086,0.11279227617925942,0.11875639567597386,0.0,0.9999999987499999,0.6065567041816727,0.3190578942233501,0.28947242099020937,0.4029295369456522,fearful,06,01,01,male,strong,101
0,0.0,True,1.0,0.6073823175973276,0.6216826060590043,0.614532461828166,0.7352295155678542,-0.05138888888888893,-0.04819444444444443,0.3460736370578112,0.14384925304588403,0.1993193358391783,0.835837583796581,0.014300288461676636,0.0031944444444444997,0.017816126151522525,0.44075383310740013,0.11173508444496051,0.12086015727367276,0.0,0.9999999987499999,0.6018216420552596,0.3164642254848208,0.2606410745920811,0.3653835835352918,fearful,06,01,01,male,strong,102
10,0.33366666666666667,True,1.0,0.6366050978166904,0.619389320185535,0.6279972090011128,0.8647710041266434,-0.054398148148148084,-0.04999999999999999,0.3542211777060304,0.27024093878957534,0.1778743110935234,0.7262005848997503,0.017215777631155338,0.0043981481481480955,0.007559736858116546,0.3620477914810782,0.10971545327740942,0.12393247195178164,0.0,0.9999999987499999,0.627371353408551,0.3098352785269204,0.2741654946318182,0.381551216499345,fearful,06,01,01,male,strong,102
20,0.6673333333333333,True,1.0,0.6354130998097547,0.5871452710996559,0.6112791854547053,0.9177922507222029,-0.05689814814814814,-0.05249999999999988,0.35066250790773357,0.35602335449154887,0.16390564683773734,0.666032192986697,0.048267828710098826,0.004398148148148262,0.01676531124772185,0.34117062037633517,0.10524333873388393,0.12442785499096176,0.0,0.9999999987499999,0.6417550775075656,0.3138319648307367,0.2659338921973245,0.3683552534320196,fearful,06,01,01,male,strong,102
30,1.0010000000000001,True,1.0,0.5013699196168581,0.4742239517862586,0.48779693570155835,1.0373980384912471,-0.05305555555555552,-0.04856481481481484,0.34501560667013165,0.25527350429807527,0.18618037767855122,0.47021193177788534,0.02714596783059947,0.004490740740740684,0.021794655598856412,0.3089688190371401,0.1048886249819286,0.12487966905127666,0.0,0.9999999987499999,0.6298307092055572,0.3095885895131479,0.2623829745629336,0.37275244926232864,fearful,06,01,01,male,strong,102
40,1.3346666666666667,True,1.0,0.33589078032032144,0.33271347732133716,0.3343021288208293,0.7385721177708887,-0.06300925925925932,-0.05703703703703694,0.35609594769535696,0.09990527529428224,0.1952799789668817,0.45263302090227653,0.003177302998984277,0.005972222222222379,0.027847342122346973,0.4260117283501,0.10878225209359196,0.12055850587130788,0.0,0.9999999987499999,0.6081556291891757,0.3161653212361291,0.2670066805487002,0.377503021636007,fearful,06,01,01,male,strong,102
50,1.6683333333333334,True,1.0,0.3114714729578973,0.2934573709541207,0.302464421956009,0.7393139687570973,-0.06495370370370374,-0.058935185185185146,0.3609383842298594,0.13853578310323605,0.19308756342655736,0.4091149832654983,0.018014102003776566,0.00601851851851859,0.025841053728408666,0.47030765682722386,0.11138988399550773,0.12023134687007889,0.0,0.9999999987499999,0.6108037186593387,0.31769952922767863,0.27054959708110754,0.377484780772307,fearful,06,01,01,male,strong,102
60,2.0020000000000002,True,1.0,0.5539799897757312,0.5760083233765856,0.5649941565761584,0.4699880433049782,-0.04828703703703707,-0.04486111111111113,0.3785683898339865,0.0513970022576179,0.19374999999999998,1.202145809078658,0.022028333600854433,0.0034259259259259434,0.02744966394030764,0.6532858053006958,0.11213069395233065,0.11809765015910581,0.0,0.9999999987499999,0.6067347367071828,0.31844466656520226,0.2689418656414397,0.38114609291114193,fearful,06,01,01,male,strong,102
70,2.3356666666666666,True,1.0,0.5909068182117521,0.5967085607861901,0.593807689498971,0.8133121717847733,-0.04851851851851846,-0.04328703703703701,0.35736651153560167,0.1841046816060287,0.19514240760994464,0.7301104177451192,0.005801742574437996,0.005231481481481448,0.02141988687288402,0.4155380854437404,0.10928054088400187,0.12152625486052632,0.0,0.9999999987499999,0.6113562995041767,0.3141155744457954,0.2655795731551683,0.37841607458338056,fearful,06,01,01,male,strong,102
80,2.6693333333333333,True,1.0,0.5942851454242539,0.6318495271558969,0.6130673362900754,0.7304242712539356,-0.04560185185185184,-0.04222222222222222,0.35918275992257537,0.10428450055621531,0.20142676921641706,0.8393304554866571,0.037564381731643004,0.0033796296296296213,0.03285894371877805,0.4629728566936552,0.11561770000606975,0.11747621909545714,0.0,0.9999999987499999,0.604074161641219,0.3129470670516555,0.2820953108712583,0.38598546850121424,fearful,06,01,01,male,strong,102
90,3.003,True,1.0,0.5845706297895079,0.6277739691697315,0.6061722994796197,0.8119182669440618,-0.04837962962962966,-0.043379629629629546,0.3568599573451593,0.11483590101204277,0.19730924259563265,0.7465927595903971,0.04320333938022358,0.0050000000000001155,0.0242924507738206,0.3965463062817358,0.11051046049342228,0.12135455921802034,0.0,0.9999999987499999,0.6024153930322129,0.31329241884406034,0.26838076181193987,0.3624398421244149,fearful,06,01,01,male,strong,102
100,3.336666666666667,True,1.0,0.5756509966473269,0.6026365348399245,0.5891437657436257,0.788888883558006,-0.0493055555555556,-0.04518518518518516,0.3593545342377936,0.15148798453242268,0.19656659489174175,0.7468019616229092,0.026985538192597636,0.004120370370370441,0.027854928312130173,0.4069705314931287,0.11393682933721502,0.1199042670884815,0.0,0.9999999987499999,0.6002095649275335,0.31445494964421417,0.28002463463755656,0.391169090071021,fearful,06,01,01,male,strong,102
110,3.6703333333333332,True,1.0,0.6172749873299483,0.5978287303690634,0.6075518588495059,0.8090303070353982,-0.05453703703703694,-0.05041666666666672,0.3532007160509485,0.2136579913131985,0.186112750854354,0.7509630400322236,0.019446256960884978,0.004120370370370219,0.017612394761854784,0.3838479843515755,0.11420952638174392,0.1201213148088677,0.0,0.9999999987499999,0.6314947259841436,0.30816549112000197,0.282724662587773,0.37983460224831533,fearful,06,01,01,male,strong,102
0,0.0,True,1.0,0.5755507636639668,0.5689860979574592,0.5722684308107131,0.9759406123485459,-0.05185185185185187,-0.04986111111111108,0.38504740017610767,0.3058810539292666,0.17017520715864073,0.5863762851651203,0.0065646657065076,0.001990740740740793,0.01736050680116809,0.3277538254199283,0.12554163698716247,0.1094484865363353,0.0,0.9999999987499999,0.5905099365449304,0.2829159690853154,0.3241417382153336,0.3863450589895794,fearful,06,01,01,male,strong,103
10,0.33366666666666667,True,1.0,0.6000712493979291,0.5984940841426238,0.5992826667702764,0.8376723016091653,-0.05259259259259258,-0.05092592592592593,0.38521044865952847,0.31045806089179884,0.16739028387975716,0.715414208657797,0.0015771652553052684,0.0016666666666666496,0.02561154653262135,0.3688681870214618,0.12015570626578,0.11383911693872842,0.0,0.9999999987499999,0.5985443085906237,0.2802805285747073,0.3098532423475139,0.37950653396743655,fearful,06,01,01,male,strong,103
20,0.6673333333333333,True,1.0,0.5967628972562008,0.5846560712059721,0.5907094842310865,0.8731806271925586,-0.052453703703703725,-0.05046296296296293,0.3825750782263993,0.2909451607268704,0.17158158900111725,0.6765031951411125,0.012106826050228725,0.001990740740740793,0.021796195724007452,0.36699620275594746,0.12073982792975933,0.11439125787400792,0.0,0.9999999987499999,0.5924181218503026,0.28238927506810474,0.31464866071055314,0.3780526373897396,fearful,06,01,01,male,strong,103
30,1.0010000000000001,True,1.0,0.5637551957212202,0.5470708912361337,0.555413043478677,1.129462663553468,-0.05481481481481476,-0.051064814814814674,0.37156823341366385,0.3614178876019606,0.17430730635602554,0.4917498040451022,0.01668430448508651,0.0037500000000000866,0.017079379352581102,0.28530369631162633,0.12176500478353758,0.11313109912571787,0.0,0.9999999987499999,0.5948345005736669,0.28172641557130557,0.31500133125087515,0.3810923190701628,fearful,06,01,01,male,strong,103
40,1.3346666666666667,True,1.0,0.5505467850882949,0.530843380401612,0.5406950827449535,0.6748870163567043,-0.050925925925925875,-0.046018518518518514,0.3835942548739022,0.20533899663243788,0.16598371379942167,0.8011638535644533,0.019703404686682857,0.00490740740740736,0.026022793502501283,0.46656404099982085,0.12206971616043258,0.11263322080172586,0.0,0.9999999987499999,0.6034759430569103,0.2813470856781338,0.29714949992536527,0.3598662039022658,fearful,06,01,01,male,strong,103
50,1.6683333333333334,True,1.0,0.3745290995207627,0.32546076558591636,0.3499949325533395,0.7318870792385963,-0.0597685185185185,-0.05282407407407408,0.3680299488845297,0.26666908544485013,0.15902777777777777,0.47820892386493496,0.04906833393484633,0.00694444444444442,0.03233436932155403,0.4493994414367214,0.12003983655972124,0.11362644074954922,0.0,0.9999999987499999,0.6063059793761255,0.28470594654397674,0.2920425984774379,0.3647405894233351,fearful,06,01,01,male,strong,103
60,2.0020000000000002,True,1.0,0.5043568552350428,0.5187501289872275,0.5115534921111351,0.841168963633178,-0.05148148148148146,-0.04597222222222214,0.3819075275103206,0.23610610742345192,0.16667078648879474,0.6081459424057121,0.014393273752184688,0.005509259259259325,0.02810843827664431,0.3655350115636922,0.1210409997509597,0.1140725309003485,0.0,0.896160460429958,0.6062748268369849,0.28461377472792054,0.30104628257175287,0.37166188411236384,fearful,06,01,01,male,strong,103
70,2.3356666666666666,True,1.0,0.5589140937326679,0.5646283181346006,0.5617712059336342,0.7204250060418349,-0.050509259259259365,-0.045694444444444426,0.3749619527819058,0.2100662715920657,0.17222266521875423,0.7797774941490749,0.005714224401932699,0.004814814814814938,0.02312868639095003,0.44713477745290653,0.11205239034364325,0.11897532960608692,0.0,0.9999999987499999,0.6381128881161839,0.31085740524302974,0.2818797752566235,0.393773642903341,fearful,06,01,01,male,strong,103
80,2.6693333333333333,True,1.0,0.5603041426163917,0.5571133087872489,0.5587087257018203,0.8094674271720679,-0.05231481481481487,-0.04837962962962955,0.37581971009495624,0.23223376415172353,0.1729912164377913,0.6902176751616912,0.0031908338291428695,0.003935185185185319,0.025057532039345822,0.4025081124917028,0.10942890154142226,0.1198129511729384,0.0,0.9999999987499999,0.6350768026976417,0.31172465940472033,0.28325745906142413,0.3975067675570426,fearful,06,01,01,male,strong,103
90,3.003,True,1.0,0.6027884621979629,0.5750396712562701,0.5889140667271164,0.7952956726508642,-0.05194444444444446,-0.04837962962962966,0.3757897048297607,0.25508047264750827,0.17222399420151366,0.7404970088220894,0.027748790941692802,0.0035648148148147984,0.025463814890851835,0.40723177563249824,0.11164307615893238,0.11823689419877706,0.0,0.9999999987499999,0.6349554809658238,0.31164252920495106,0.291247855253792,0.4064156903067095,fearful,06,01,01,male,strong,103
100,3.336666666666667,True,1.0,0.5301598115243079,0.5420361801937856,0.5360979958590468,0.8665156949747163,-0.05087962962962955,-0.04662037037037037,0.38553139868483743,0.24966266749294408,0.16944489470319554,0.6186823839061443,0.011876368669477722,0.004259259259259185,0.02179136149035314,0.35314514016011084,0.11966012925977955,0.11435992199590868,0.0,0.9999999987499999,0.5981891595153687,0.2863790253289775,0.29557394382044294,0.3626594166315049,fearful,06,01,01,male,strong,103
110,3.6703333333333332,True,1.0,0.5628891708673175,0.5675204717034549,0.5652048212853862,0.8289786829975526,-0.050509259259259254,-0.04652777777777778,0.3831475260361896,0.24420337491396243,0.16600945204572945,0.681808631365078,0.004631300836137386,0.003981481481481475,0.02185685947677298,0.38203682788299786,0.11928550219951216,0.1154128374515291,0.0,0.9999999987499999,0.6086341450642758,0.2866248834040294,0.2922330324389771,0.3676883280761314,fearful,06,01,01,male,strong,103
0,0.0,True,1.0,0.33701957536849875,0.34696734298765297,0.3419934591780759,0.7589236980359715,-0.04018518518518538,-0.0383796296296296,0.40957678127246194,0.04658016932257209,0.18616070695444292,0.4506295693007416,0.009947767619154224,0.0018055555555557823,0.028727704738457312,0.4299172214170423,0.12691797496359505,0.1078494388209363,0.0,0.9248582285118321,0.5894943718971964,0.277702678055334,0.321185797995844,0.36218417942033954,disgust,07,01,01,male,normal,104
10,0.33366666666666667,True,1.0,0.2946370553926635,0.29592225766661645,0.29527965652963994,0.5127134696757488,-0.04671296296296301,-0.04254629629629625,0.39834207449111225,-0.0069277598678310895,0.18563420824815233,0.5759155434640351,0.0012852022739529567,0.004166666666666763,0.037693365156992335,0.5952955200519547,0.11938040954578559,0.11531466472453955,0.0,0.9999999987499999,0.6151447071250375,0.27945877006634795,0.2726791569430743,0.34164202874170446,disgust,07,01,01,male,normal,104
20,0.6673333333333333,True,1.0,0.2797698881636868,0.2912361025903496,0.2855029953770182,0.5424372201627141,-0.04287037037037028,-0.03995370370370377,0.4067727395020805,0.020339384759124033,0.1863278419162122,0.5263337115608996,0.01146621442666279,0.002916666666666512,0.025961886168791828,0.5629996165429205,0.12134972427123497,0.11290345702514508,0.0,0.9999999987499999,0.6045884376797594,0.27708120154142746,0.28256207477139583,0.3350246365381163,disgust,07,01,01,male,normal,104
30,1.0010000000000001,True,1.0,0.2179806366433546,0.22106254191356764,0.2195215892784611,0.8453497064148328,-0.04013888888888889,-0.038240740740740686,0.4255688706884072,0.02600199898051031,0.182680657223556,0.259681392934366,0.0030819052702130423,0.0018981481481482043,0.015259059146547023,0.39412259599348337,0.12124975211546597,0.1130108127611232,0.0,0.9999999987499999,0.59769254592462,0.2816034295785949,0.32062865742814334,0.3753920671452994,disgust,07,01,01,male,normal,104
40,1.3346666666666667,True,1.0,0.18491136950124007,0.1668721240829256,0.17589174679208283,0.7933643729786791,-0.04259259259259257,-0.041435185185185186,0.4270803725207099,0.039002998470765424,0.1826539265896859,0.2217036115847992,0.018039245418314476,0.0011574074074073848,0.010670660341701789,0.4199475451155604,0.12189753870717618,0.11265053990640797,0.0,0.9999999987499999,0.5938255730729791,0.2784402120428793,0.32419896179790375,0.373520468119102,disgust,07,01,01,male,normal,104
50,1.6683333333333334,True,1.0,0.2561977665360242,0.2776970329399702,0.2669473997379972,0.8209154328493116,-0.035509259259259296,-0.0345833333333333,0.4011097749938205,0.16693550622884284,0.18333499792094693,0.32518258161069125,0.021499266403946005,0.0009259259259259967,0.019987168695743306,0.42248515589620395,0.1216170080316056,0.11261549425453446,0.0,0.9999999987499999,0.5899410520458184,0.2775929286527148,0.3298919744973771,0.3723855662801732,disgust,07,01,01,male,normal,104
60,2.0020000000000002,True,1.0,0.23346564233776645,0.22170456037688333,0.2275851013573249,0.8550647110734664,-0.0377777777777778,-0.03773148148148153,0.415449263406042,0.1334750404051684,0.18682556675428655,0.2661612605572387,0.01176108196088313,4.6296296296266526e-05,0.01695725258538068,0.4000295534203763,0.11508598085354627,0.11653495651887828,0.0,0.9999999987499999,0.6049360996820603,0.31437201470989323,0.2891745593630584,0.3951384915792667,disgust,07,01,01,male,normal,104
70,2.3356666666666666,True,1.0,0.40765997183368513,0.38627987009029385,0.39696992096198946,0.7091783106920447,-0.042268518518518594,-0.040231481481481424,0.3754157392817082,0.15916135087049596,0.18903464384655697,0.5597603803965892,0.021380101743391278,0.0020370370370371704,0.03014597472345161,0.4662605921616372,0.12086017431808666,0.11224543117491327,0.0,0.9999999987499999,0.5967571915406789,0.27633874377324386,0.29341728356939983,0.33906025857898553,disgust,07,01,01,male,normal,104
80,2.6693333333333333,True,1.0,0.36224183668174365,0.35067130108061806,0.3564565688811808,0.6922655491889959,-0.040138888888888946,-0.03981481481481486,0.34611720137175095,0.14155350996040653,0.18752603985846872,0.5149130551112611,0.011570535601125587,0.0003240740740740877,0.031768367905811674,0.4689667687815397,0.11487041480990143,0.11707337347180045,0.0,0.9999999987499999,0.6122764249215311,0.31150264373460007,0.2738989473296728,0.37850064607293743,disgust,07,01,01,male,normal,104
90,3.003,True,1.0,0.43017031176751613,0.4270588086375274,0.42861456020252175,0.724182388140846,-0.04462962962962963,-0.040092592592592624,0.3695618183373291,0.1773040644650094,0.18194821833481406,0.5918599612769935,0.0031115031299887574,0.004537037037037006,0.026487826936600543,0.4436799861883227,0.11539061462275123,0.11656068390308687,0.0,0.9999999987499999,0.6347725646977541,0.3064904412317592,0.29042388566713595,0.39594884056588786,disgust,07,01,01,male,normal,104
100,3.336666666666667,True,1.0,0.4385095297558929,0.4356368424705016,0.43707318611319723,0.7283824676373745,-0.042453703703703716,-0.04032407407407412,0.38391089680434903,0.16415326995939794,0.1812605229973301,0.6000600035458217,0.0028726872853913066,0.0021296296296295925,0.02285480574012008,0.4369998783632275,0.12399005634638913,0.11017039558947936,0.0,0.9351799349629777,0.5947821390353016,0.27573783313867367,0.3004104753220311,0.35330025977934465,disgust,07,01,01,male,normal,104
110,3.6703333333333332,True,1.0,0.4606274835172215,0.4686246813143796,0.46462608241580056,0.7198236003520144,-0.04583333333333334,-0.04240740740740734,0.3820394321153718,0.1366886577607163,0.18402819235573065,0.6454721437149116,0.007997197797158129,0.003425925925925999,0.025610406123982587,0.442581568424481,0.12367755783575998,0.10930774991784811,0.0,0.9999999987499999,0.5936894670993398,0.2765384464872572,0.3055953678539519,0.3497689648969175,disgust,07,01,01,male,normal,104
0,0.0,True,1.0,0.3552785182568054,0.3462043391831315,0.35074142871996844,0.8543547046078103,-0.04203703703703715,-0.040601851851851944,0.39803618803514157,0.14468910319971034,0.17928968833938855,0.4105337359627177,0.009074179073673916,0.001435185185185206,0.0010120837777539405,0.37337191018025717,0.1218748044435736,0.11062747739757785,0.0,0.9999999987499999,0.5965009977506628,0.27847741717784175,0.3070987800726933,0.3686045521519589,disgust,07,01,01,male,normal,105
10,0.33366666666666667,True,1.0,0.4432734356869621,0.42898355339493477,0.43612849454094843,0.7652197906007238,-0.04092592592592598,-0.0402777777777778,0.41096734703054993,0.09396978470237598,0.18335372349028461,0.5699388592636536,0.014289882292027323,0.0006481481481481755,0.013692948541071467,0.425769557726334,0.12255476464833616,0.11142339028835083,0.0,0.9999999987499999,0.5974656351993923,0.2805475085272563,0.307101823119775,0.3652907492133861,disgust,07,01,01,male,normal,105
20,0.6673333333333333,True,1.0,0.32988737558980996,0.3006628673580152,0.31527512147391257,0.5895498321189014,-0.04162037037037042,-0.04032407407407418,0.4037653210073279,0.05479966243511778,0.1799696690837749,0.5347726422731426,0.029224508231794788,0.0012962962962962399,0.025583632540445895,0.5181869524944215,0.12404738920428614,0.11131048019607127,0.0,0.9999999987499999,0.5965885463951206,0.28010159011976765,0.2962750332474892,0.3437134760601927,disgust,07,01,01,male,normal,105
30,1.0010000000000001,True,1.0,0.15972965575705958,0.1722450455862967,0.16598735067167814,0.8214755518920389,-0.036898148148148235,-0.03578703703703712,0.4403533945687564,0.006413815357367021,0.17014292463502936,0.2020600007990168,0.012515389829237111,0.0011111111111111183,0.018187894936799922,0.4062161299904813,0.11955342624546798,0.11447146616682116,0.0,0.9999999987499999,0.5996224588272809,0.28421345686928134,0.31834839647496294,0.37546342821981693,disgust,07,01,01,male,normal,105
40,1.3346666666666667,True,1.0,0.1407200092823864,0.1621389584672145,0.15142948387480043,0.8547779412352727,-0.03810185185185183,-0.03662037037037025,0.4090947441689296,0.04823573011802536,0.17638888888888893,0.17715651816653552,0.02141894918482809,0.0014814814814815835,0.012589072971969064,0.4042236692150515,0.11277525909989568,0.11845130695470989,0.0,0.9999999987499999,0.6104656099392882,0.3184020624786176,0.2894846235013336,0.4008457644782183,disgust,07,01,01,male,normal,105
50,1.6683333333333334,True,1.0,0.13483198587864353,0.1765617770484494,0.15569688146354646,0.85763907155887,-0.03583333333333327,-0.03361111111111109,0.40449692065925036,0.15464965102875883,0.17571572102484917,0.1815412644162156,0.04172979116980585,0.002222222222222181,0.022931503279526564,0.41784547823873536,0.11232443570927332,0.11791339466492023,0.0,0.9999999987499999,0.5885491694802921,0.3249151125465231,0.2922256222729231,0.398484877379869,disgust,07,01,01,male,normal,105
60,2.0020000000000002,True,1.0,0.2470138601264957,0.24828270947085873,0.24764828479867723,0.9558832913555981,-0.03375,-0.0350462962962963,0.40489522438424647,0.1384188701521363,0.18208025521939505,0.2590779512920156,0.0012688493443630267,0.0012962962962962954,0.023185888359459558,0.3550098210494103,0.11826269134200926,0.11563982956739066,0.0,0.9999999987499999,0.5672302235269109,0.2804281336039458,0.2980374327163368,0.3597069046751588,disgust,07,01,01,male,normal,105
70,2.3356666666666666,True,1.0,0.2867088841047612,0.2893804069329876,0.28804464551887443,0.7816373394161731,-0.03953703703703709,-0.03925925925925933,0.39219181256289426,0.13494658324038353,0.18546644821245542,0.3685144388496372,0.0026715228282264136,0.0002777777777777657,0.034904365395619086,0.43885357330621316,0.11566822332733552,0.11758860772869154,0.0,0.9999999987499999,0.6033074394288966,0.3165234965020267,0.2752870641045545,0.38480713711450876,disgust,07,01,01,male,normal,105
80,2.6693333333333333,True,1.0,0.3935770365585448,0.41063346984377636,0.4021052532011606,0.7048238694933382,-0.039120370370370305,-0.0383796296296296,0.3608200712028803,0.11483968713342153,0.18334373675797253,0.5705045907287639,0.017056433285231543,0.0007407407407407085,0.026479829769411618,0.4364399040334145,0.12451141009050645,0.11027408890932756,0.0,0.85145504289932,0.589092407822504,0.27389973387064726,0.3038274811976844,0.34419779625930774,disgust,07,01,01,male,normal,105
90,3.003,True,1.0,0.42024466035224833,0.40161300308688613,0.41092883171956723,0.7127197140600371,-0.043518518518518456,-0.04129629629629633,0.3797751064237248,0.14529990136657212,0.17919391750124894,0.5765644244336869,0.0186316572653622,0.0022222222222221255,0.028021345578964234,0.4636587257674666,0.11440716649656295,0.11654940387617199,0.0,0.9999999987499999,0.6368801837453733,0.30644535671749085,0.2887903806222058,0.3972853500975898,disgust,07,01,01,male,normal,105
100,3.336666666666667,True,1.0,0.5001959512365959,0.5093586777408795,0.5047773144887377,0.779753708465699,-0.04351851851851851,-0.03986111111111118,0.36796695286392206,0.14704882387758628,0.1792279752178617,0.6473548108953209,0.009162726504283625,0.0036574074074073315,0.029839353147171805,0.4139790323339469,0.11469201008111882,0.11577648410031208,0.0,0.9999999987499999,0.636443449379752,0.30732546572505565,0.2859253766431385,0.39820233045094994,disgust,07,01,01,male,normal,105
110,3.6703333333333332,True,1.0,0.4599621053852272,0.4742120611990581,0.46708708329214266,0.738639965647286,-0.04416666666666663,-0.04060185185185183,0.3816123152341724,0.15610469863416737,0.18131060409212146,0.6323609674746266,0.014249955813830928,0.0035648148148147984,0.03349580958726931,0.4217593568937934,0.12674719456616326,0.10822627425940566,0.0,0.7912071041877039,0.5903962434739521,0.276873086990071,0.30478272548692087,0.3536935437410867,disgust,07,01,01,male,normal,105
0,0.0,True,1.0,0.4151050797399063,0.4538345116078484,0.43446979567387733,0.7169593506473805,-0.04638888888888887,-0.04226851851851854,0.38769626435698,0.10031719157559417,0.18549729783568353,0.605989440379809,0.03872943186794209,0.00412037037037033,0.029271099011956153,0.4648713853714692,0.11485106161335243,0.1174173263026866,0.0,0.9999999987499999,0.6292900446741196,0.30938847157139715,0.2824977344545859,0.39000000617633507,disgust,07,01,01,male,normal,106
10,0.33366666666666667,True,1.0,0.4404803817449773,0.4623910504988517,0.45143571612191447,0.6770256762757935,-0.04481481481481492,-0.04222222222222222,0.3870137601897615,0.0705186659791049,0.19102055594950887,0.6667926076381443,0.02191066875387443,0.002592592592592702,0.024628299486265146,0.4939141065770829,0.11649785618038785,0.11545404488665352,0.0,0.9999999987499999,0.6221002760635505,0.30834446303015656,0.28949449709539504,0.393222951771389,disgust,07,01,01,male,normal,106
20,0.6673333333333333,True,1.0,0.3005648378962373,0.3071940861204971,0.3038794620083672,0.6996943151806773,-0.04092592592592592,-0.03898148148148156,0.38980369269290027,0.06293665417637814,0.191744669646052,0.43430317413669206,0.006629248224259809,0.0019444444444443598,0.031195286688041595,0.47392026342893334,0.1173908008405943,0.11619735938897663,0.0,0.7578578322751243,0.6160644443949455,0.30934147140008744,0.28726051364906274,0.3876744355224427,disgust,07,01,01,male,normal,106
30,1.0010000000000001,True,1.0,0.40531371650382453,0.445146352003989,0.42523003425390676,0.7591975201007655,-0.04569444444444454,-0.04268518518518527,0.3782996604100511,0.09310388635233088,0.18962357202320673,0.5601046144058368,0.03983263550016447,0.003009259259259267,0.028295979272751747,0.43675009027013834,0.11614525947170645,0.11760446037543996,0.0,0.9999999987499999,0.6234797397552772,0.30776350319750767,0.28440617221380865,0.38661603529519784,disgust,07,01,01,male,normal,106
40,1.3346666666666667,True,1.0,0.33004656351526207,0.3367528737850505,0.3333997186501563,0.7220411777776429,-0.04430555555555554,-0.04203703703703715,0.37786296720163154,0.10829932356690611,0.1840294360839854,0.4617461287683357,0.006706310269788407,0.002268518518518392,0.018690950089398434,0.4629518733771734,0.12622255866282553,0.10866250276464312,0.0,0.9999999987499999,0.5967398704169168,0.2742202135801488,0.30581434330237617,0.34827566298329293,disgust,07,01,01,male,normal,106
50,1.6683333333333334,True,1.0,0.34304537090981396,0.3362986162813208,0.3396719935955674,0.8521095418619019,-0.03999999999999998,-0.037916666666666765,0.37916531361351496,0.1371791431847489,0.18195492727998097,0.39862479752704927,0.006746754628493168,0.002083333333333215,0.021817716933692437,0.39228561527104033,0.12338769444688719,0.11153000845593149,0.0,0.9999999987499999,0.5966822619672869,0.278773048700752,0.30733018242976307,0.35033067426318354,disgust,07,01,01,male,normal,106
60,2.0020000000000002,True,1.0,0.28954911322446697,0.28908178557927966,0.2893154494018733,0.6622400632793679,-0.03643518518518524,-0.033981481481481446,0.37884099326586573,0.1471184911593157,0.18264557246431654,0.43687397583468873,0.00046732764518730985,0.002453703703703791,0.027056331269621304,0.49188360007417464,0.12143938113232322,0.11212942124715429,0.0,0.9999999987499999,0.6059759549522935,0.28014604280022265,0.2897728809882376,0.33523924666602745,disgust,07,01,01,male,normal,106
70,2.3356666666666666,True,1.0,0.2736484437705736,0.27320398883445013,0.27342621630251185,0.7935650846725658,-0.03453703703703698,-0.03314814814814815,0.4006402907168006,0.1530249659632067,0.1819511535287631,0.3445542420951278,0.00044445493612349507,0.0013888888888888284,0.02493367879788096,0.4233247922879983,0.12322088851616768,0.11068629036704355,0.0,0.9999999987499999,0.6103793745545094,0.28241714528510836,0.30587575522462435,0.3518478954480988,disgust,07,01,01,male,normal,106
80,2.6693333333333333,True,1.0,0.26176477932240183,0.2720769746628522,0.266920876992627,0.6859108245400762,-0.03768518518518521,-0.037453703703703656,0.36927349678096405,0.11179985666133999,0.18333333333333324,0.38914807500174015,0.010312195340450359,0.00023148148148155467,0.023306223907230104,0.448589374425785,0.12146757461932062,0.1129454667208581,0.0,0.9999999987499999,0.5947307799213435,0.27954058499009515,0.31364879724936756,0.34865574123669973,disgust,07,01,01,male,normal,106
90,3.003,True,1.0,0.1811408974478929,0.1800348245814895,0.1805878610146912,0.5742571489479935,-0.04787037037037045,-0.048750000000000016,0.4043096240101629,0.02050183043957439,0.1840427019957315,0.3144721164473406,0.001106072866403407,0.0008796296296295636,0.015465885166154988,0.5439189530011823,0.12373336158910908,0.11131767651468229,0.0,0.9999999987499999,0.5937447290947628,0.27967478581782335,0.31496849144348094,0.3499320368991032,disgust,07,01,01,male,normal,106
100,3.336666666666667,True,1.0,0.3156889718745148,0.3355061988292943,0.32559758535190453,0.6912292667050686,-0.04537037037037045,-0.044120370370370254,0.4029990940081267,0.07603040819051186,0.18750040690060016,0.4710413766245078,0.0198172269547795,0.0012500000000001954,0.026011558106911616,0.46510663720319634,0.12386062548209147,0.11066075856773153,0.0,0.9999999987499999,0.5939035601271758,0.28024496907156177,0.3086462169419751,0.3483374771847888,disgust,07,01,01,male,normal,106
110,3.6703333333333332,True,1.0,0.2685774320769471,0.25101430699724325,0.2597958695370952,0.66781214871296,-0.05268518518518511,-0.04824074074074075,0.3805900316194931,0.05806628045346888,0.18750162759710248,0.3890253719369832,0.017563125079703867,0.004444444444444362,0.03177608165722773,0.4788441881984479,0.12339055790332977,0.1104971151762866,0.0,0.9999999987499999,0.6040615251022284,0.28234698155181764,0.2885381668742701,0.33547914590050704,disgust,07,01,01,male,normal,106
0,0.0,True,1.0,0.4919257681930052,0.4777680425768337,0.4848469053849195,0.6845909302226453,-0.04592592592592598,-0.04291666666666666,0.3772982982755304,0.07282882236411199,0.18340364899485165,0.7082286428002131,0.014157725616171513,0.0030092592592593226,0.020502783722478594,0.4672400041523711,0.1171744563365621,0.11690545357371378,0.0,0.9999999987499999,0.6413031206857742,0.30897844464808727,0.28491644309787484,0.39361987366790063,disgust,07,01,01,male,normal,107
10,0.33366666666666667,True,1.0,0.4249511649170049,0.41947628699955763,0.42221372595828127,0.7137224591682885,-0.043749999999999956,-0.0415740740740741,0.38480366865423143,0.08739458683693299,0.18335996492176562,0.591565699712313,0.005474877917447274,0.002175925925925859,0.013555079067045492,0.44816898357472335,0.12457783170623923,0.11019904616017669,0.0,0.9999999987499999,0.6028659147408965,0.277302225728461,0.30063172943046773,0.35355158671696774,disgust,07,01,01,male,normal,107
20,0.6673333333333333,True,1.0,0.27264981846248004,0.2790418651452268,0.2758458418038534,0.628719050942898,-0.037592592592592566,-0.03597222222222218,0.4127236226109918,0.02049557967620696,0.18060667699933172,0.4387426170563209,0.006392046682746733,0.0016203703703703831,0.018671423234398635,0.515269946694086,0.12512063689580763,0.10992952308345133,0.0,0.7759689591270069,0.6019056773490647,0.27707540120328006,0.30601475589657684,0.3523328056018764,disgust,07,01,01,male,normal,107
30,1.0010000000000001,True,1.0,0.2675973124126085,0.27320398883445013,0.2704006506235293,0.7951988921793733,-0.03675925925925938,-0.036018518518518505,0.3934960163169813,0.12779337527328138,0.1798649287135741,0.3400415333608575,0.00560667642184165,0.000740740740740875,0.013266316465563623,0.42524130649715686,0.12380282284537059,0.11055322311139205,0.0,0.8883053705604989,0.6021304645217461,0.2772392540887704,0.3112574836924479,0.35491795162439843,disgust,07,01,01,male,normal,107
40,1.3346666666666667,True,1.0,0.2576816929044693,0.2600199898051043,0.2588508413547868,0.7505035064663612,-0.038564814814814885,-0.03601851851851856,0.3896685372322572,0.12986444925791962,0.17856838012461476,0.3449029073475607,0.0023382969006350285,0.0025462962962963243,0.018589840679547314,0.4578681365910082,0.12341462421782615,0.11184142502410636,0.0,0.7992778390258636,0.6033755401457458,0.2775183823679487,0.30449489930692747,0.3554090231331981,disgust,07,01,01,male,normal,107
50,1.6683333333333334,True,1.0,0.28528917746086,0.2732039888344498,0.27924658314765494,0.7874016818021198,-0.03935185185185186,-0.03703703703703709,0.39215714943476904,0.1431340024718462,0.18131060409212146,0.35464311240553303,0.012085188626410226,0.0023148148148147696,0.024860739513562904,0.42276254140826586,0.12613862528439526,0.10893495757435982,0.0,0.7071067807446058,0.6004664653517657,0.27809641407255026,0.309871519122291,0.35498473399753827,disgust,07,01,01,male,normal,107
60,2.0020000000000002,True,1.0,0.32621753778207546,0.33494202862728756,0.3305797832046815,0.8489059028689298,-0.042824074074074014,-0.039629629629629626,0.3772765198662815,0.17562744477986858,0.18126515292262468,0.3894186412033027,0.008724490845212096,0.0031944444444443887,0.024878373920934956,0.38173511766337914,0.12504147080902622,0.10967267893718345,0.0,0.9999999987499999,0.6029038597157614,0.2783372965455945,0.30551844086440366,0.35236714499516564,disgust,07,01,01,male,normal,107
70,2.3356666666666666,True,1.0,0.3145831273709388,0.3352065546821703,0.3248948410265545,0.6989904623230341,-0.042083333333333306,-0.039351851851851805,0.3486577089459292,0.20651990932271513,0.18194821833481406,0.4648058286042913,0.020623427311231513,0.0027314814814815014,0.02617017294061283,0.4624664942073781,0.12486547895406853,0.11004627226950549,0.0,0.9999999987499999,0.5997795252554146,0.2788678182821062,0.3020963683023534,0.3424167898386043,disgust,07,01,01,male,normal,107
80,2.6693333333333333,True,1.0,0.2726498184624793,0.2848063881086166,0.278728103285548,0.7326560782747784,-0.03851851851851851,-0.037916666666666654,0.3705341169879878,0.11958580477367027,0.18125042093162333,0.38043512031167864,0.01215656964613726,0.0006018518518518534,0.022333061488158692,0.4403839395849552,0.12626394946908293,0.10878967246404063,0.0,0.7071067807446058,0.5988698368253551,0.2782523660762391,0.30649356818972073,0.3456265782082708,disgust,07,01,01,male,normal,107
90,3.003,True,1.0,0.2726498184624799,0.2882159772054803,0.28043289783398007,0.6915064271119112,-0.050925925925925986,-0.04782407407407413,0.3784884437540075,0.10298294381152014,0.18194821833481406,0.40553910540674654,0.015566158743000436,0.0031018518518518556,0.028165021368243053,0.47106579731975,0.1258804612437983,0.10923317832654232,0.0,0.8183154320508084,0.6001548203812775,0.2782410107430817,0.30885333262873704,0.3531023014682391,disgust,07,01,01,male,normal,107
100,3.336666666666667,True,1.0,0.43796317329337886,0.46139822563873967,0.44968069946605926,0.701581875295087,-0.044768518518518596,-0.04208333333333336,0.37590684683359926,0.10961464163312028,0.18263930661951863,0.6409525606358096,0.023435052345360807,0.002685185185185235,0.030274225099020096,0.4588951461635257,0.1252747909612568,0.10958009228222022,0.0,0.8184203533659722,0.6011894268254178,0.277014911693523,0.3034900126339287,0.34674270343327485,disgust,07,01,01,male,normal,107
110,3.6703333333333332,True,1.0,0.4301703117675178,0.4450149973229564,0.4375926545452371,0.6969867197297435,-0.04583333333333334,-0.04199074074074083,0.3759422199850896,0.11613256090693892,0.18333333333333335,0.6278349962175945,0.014844685555438608,0.0038425925925925086,0.030211301778070042,0.4727684790369786,0.11678170661418821,0.11549730676850686,0.0,0.9999999987499999,0.6448753315544968,0.3058094909826309,0.28732215901848845,0.3986214561388398,disgust,07,01,01,male,normal,107
0,0.0,True,1.0,0.5522684142996127,0.5571925086835406,0.5547304614915767,0.787094235033989,-0.050138888888888844,-0.047175925925925954,0.3571669353771675,0.12343573460894709,0.19330239254211215,0.7047827779701903,0.004924094383927935,0.0029629629629628895,0.004466172210962212,0.4304890058671029,0.1131141905142695,0.11925132586866305,0.0,0.9999999987499999,0.6074202351253001,0.31368153974896046,0.2781183142508305,0.3763494187560151,disgust,07,01,01,male,strong,108
10,0.33366666666666667,True,1.0,0.3371229850637715,0.37373648840052487,0.35542973673214817,0.8183183796140717,-0.05777777777777776,-0.05615740740740732,0.35563547795051753,0.2461538461538452,0.16665125457711605,0.43434162739907284,0.036613503336753395,0.0016203703703704386,0.040787392317908504,0.38806188899432914,0.10573126381344643,0.11963461358132256,0.0,0.9999999987499999,0.6483586179159164,0.30637175063298056,0.27236074343703504,0.37892747615066386,disgust,07,01,01,male,strong,108
20,0.6673333333333333,True,1.0,0.47838063600954434,0.474943317776937,0.47666197689324064,0.6370950667613444,-0.04611111111111116,-0.04847222222222214,0.3587741493202245,0.12507356050353402,0.17122219800883606,0.7481802979833746,0.003437318232607345,0.0023611111111109806,0.061651539723187515,0.45656279850766746,0.11947403914901909,0.11388712162677761,0.0,0.9999999987499999,0.5912002127491621,0.2794022273650052,0.27449545483479454,0.3273919486037799,disgust,07,01,01,male,strong,108
30,1.0010000000000001,True,1.0,0.20892812480684703,0.16251152982300188,0.18571982731492445,0.8340151837399651,-0.05569444444444438,-0.05532407407407397,0.4091278540204597,0.09257614824382353,0.1854759093090738,0.22268159013856687,0.04641659498384515,0.00037037037037040976,0.02047053950512169,0.38485551836268717,0.10793748584404393,0.12036946112969774,0.0,0.9999999987499999,0.6217574936458959,0.31351904101699346,0.28000584345420954,0.39217907725550943,disgust,07,01,01,male,strong,108
40,1.3346666666666667,True,1.0,0.13168724279835364,0.15451892577802165,0.14310308428818763,0.74652310870579,-0.035462962962962974,-0.03374999999999995,0.46862000280717747,-0.04283147212576928,0.18685496707656818,0.19169277229244563,0.022831682979668005,0.0017129629629630272,0.004387837997517532,0.453012987408479,0.118205299407507,0.11668232609673936,0.0,0.9999999987499999,0.5362511393619949,0.2940939144163001,0.30075451788148433,0.35260135401464904,disgust,07,01,01,male,strong,108
50,1.6683333333333334,True,1.0,0.09876543209876523,0.10447563782681378,0.1016205349627895,0.7771427031759085,-0.0411111111111111,-0.0377777777777778,0.4098081963701849,0.09019951354306037,0.19583372291904963,0.13076174368941787,0.005710205728048548,0.0033333333333332993,0.02015273563469012,0.4233626599566749,0.11123374331698815,0.11942241703127661,0.0,0.9999999987499999,0.5085954701958909,0.34270689125401876,0.2702552306210759,0.37261969929455097,disgust,07,01,01,male,strong,108
60,2.0020000000000002,True,1.0,0.23665496344387457,0.2183582211312853,0.22750659228757994,0.852766900603641,-0.030324074074074114,-0.028750000000000053,0.4206674406441266,0.0,0.19653127163199047,0.2667863775277121,0.018296742312589265,0.001574074074074061,0.008357754246885394,0.389534255116869,0.12212143017637922,0.11206829382671991,0.0,0.9999999987499999,0.46954167585002765,0.2988108371196346,0.2797538391297244,0.3285783516486029,disgust,07,01,01,male,strong,108
70,2.3356666666666666,True,1.0,0.2080546992813912,0.2076005393892086,0.20782761933529992,0.5159293245382202,-0.03638888888888897,-0.03574074074074063,0.41149953004693823,-0.04879848641393237,0.1938507802408853,0.40282187782467094,0.00045415989218258734,0.000648148148148342,0.01177641086609471,0.6104352451962346,0.11657145871502649,0.11388391660101686,0.0,0.9999999987499999,0.5241645208708484,0.2901339272878054,0.28263054829617357,0.31667768748162606,disgust,07,01,01,male,strong,108
80,2.6693333333333333,True,1.0,0.1910195151650454,0.20158573786405398,0.1963026265145497,0.6802880581715908,-0.029722222222222205,-0.02874999999999983,0.3933251978287998,-0.02957774165963428,0.18820457916060043,0.2885580955840265,0.010566222699008587,0.0009722222222223742,0.016571093465413436,0.4651821527694275,0.12182571524963183,0.1127282093718592,0.0,0.9999999987499999,0.47945250097695336,0.2982070689587496,0.2790826147303803,0.3142030477645212,disgust,07,01,01,male,strong,108
90,3.003,True,1.0,0.24720357040271262,0.26127921556131034,0.2542413929820115,0.6558403746705536,-0.04453703703703704,-0.043888888888888755,0.3172226194590566,0.018217788185293113,0.19515296339244417,0.38765742824193133,0.014075645158597716,0.0006481481481482865,0.014805455860678335,0.4875505721236374,0.12108749551701216,0.11233986327503975,0.0,0.9999999987499999,0.4766524698394982,0.30347970732629276,0.2663590181957723,0.3021705304032287,disgust,07,01,01,male,strong,108
100,3.336666666666667,True,1.0,0.3028831238923616,0.2565346041373858,0.2797088640148737,0.6555027299400444,-0.03592592592592592,-0.03865740740740736,0.38232131666093366,0.036413973599432825,0.20001373243870652,0.4267089231504151,0.04634851975497578,0.002731481481481446,0.006939134193181808,0.4919988537798398,0.10541967788071019,0.11750180090947222,0.0,0.9999999987499999,0.53701842988758,0.33929890697759424,0.25744704561686815,0.354941871536021,disgust,07,01,01,male,strong,108
110,3.6703333333333332,True,1.0,0.44567974300949154,0.42241651936578534,0.4340481311876384,0.7178364234689415,-0.04083333333333339,-0.0402777777777778,0.39596599345125727,0.035185919891998575,0.1986172572135668,0.6046616150934535,0.0232632236437062,0.0005555555555555869,0.003559334745222987,0.41955054141052567,0.11863821136532768,0.11325352877187998,0.0,0.9999999987499999,0.5768537544236445,0.27453164808771297,0.3039049310908383,0.3328441645484065,disgust,07,01,01,male,strong,108
120,4.0040000000000004,True,1.0,0.45023631349188364,0.430828216730429,0.4405322651111563,0.7965245894378417,-0.040092592592592624,-0.0408796296296296,0.3831099529675108,0.09243509641947865,0.20005492409898332,0.5530680043689148,0.019408096761454663,0.000787037037036975,0.007506815894877889,0.411747279164109,0.11174167945434317,0.11782074851772621,0.0,0.9999999987499999,0.5982749124102766,0.31573954358629897,0.28354480945307625,0.3812819276319735,disgust,07,01,01,male,strong,108
0,0.0,True,1.0,0.26886137001146315,0.24425363618914994,0.25655750310030656,0.5766734465066216,-0.04365740740740737,-0.040509259259259134,0.44374554376583497,0.006263976107258123,0.19167303544672398,0.4448921736460787,0.02460773382231321,0.003148148148148233,0.03029858252124807,0.5808785757837707,0.11622958131337037,0.11735889773920595,0.0,0.9999999987499999,0.6174231365671268,0.31127153064588253,0.2924739421190314,0.3806694229336471,disgust,07,01,01,male,strong,109
10,0.33366666666666667,True,1.0,0.3636066027422967,0.4107068840933676,0.3871567434178321,0.7750148087468954,-0.04120370370370369,-0.039629629629629626,0.40435841996431987,0.09515872481460755,0.19305911224772535,0.4995475428963963,0.04710028135107086,0.001574074074074061,0.02534206868156079,0.44709990563364926,0.11750734919725656,0.11542111394790867,0.0,0.9999999987499999,0.5894632816564125,0.2811672914653102,0.32242600258748305,0.37075717226904087,disgust,07,01,01,male,strong,109
20,0.6673333333333333,True,1.0,0.4081595808949158,0.4001506912864677,0.40415513609069176,0.6596309448933625,-0.038472222222222296,-0.039861111111111125,0.363721442370526,0.16861300884522654,0.18834073682628705,0.6126988723308432,0.008008889608448089,0.0013888888888888284,0.028072866309518114,0.46684390126960656,0.1198392271034171,0.11383799913049379,0.0,0.9999999987499999,0.5915339740505577,0.28092535751342596,0.32408200702745876,0.35153287278983975,disgust,07,01,01,male,strong,109
30,1.0010000000000001,True,1.0,0.26446795549203217,0.27743553232771245,0.2709517439098723,0.8702177970533733,-0.035740740740740795,-0.034490740740740766,0.3938197794167493,0.12125470177565316,0.18823498003510292,0.3113608395821557,0.012967576835680283,0.0012500000000000289,0.021367510092185415,0.3886638848291476,0.10800040688804927,0.12015455125649599,0.0,0.9999999987499999,0.6108934360228466,0.32203340082593807,0.29235588416845454,0.40917411191367964,disgust,07,01,01,male,strong,109
40,1.3346666666666667,True,1.0,0.22641332251792362,0.23099552419271696,0.2287044233553203,0.8508025634891707,-0.03597222222222218,-0.03532407407407406,0.41140795451120127,0.0754464805453593,0.18959339380643883,0.26881021892716866,0.00458220167479334,0.0006481481481481199,0.029749051743447573,0.41097131665516945,0.1197467449990237,0.11360035019972484,0.0,0.9999999987499999,0.5850041358262055,0.2794902918036519,0.31708490155747465,0.35809701250847203,disgust,07,01,01,male,strong,109
50,1.6683333333333334,True,1.0,0.30376190244234763,0.31372549019607865,0.30874369631921317,0.8767370450667193,-0.03472222222222221,-0.03249999999999992,0.3480515970048775,0.21102053624493464,0.19238054442833313,0.35215085076702546,0.009963587753731018,0.002222222222222292,0.034562372994901516,0.3974760358277419,0.12373799406346489,0.11096968416982816,0.0,0.9999999987499999,0.5831428665841337,0.2783268423554209,0.31937654467736815,0.3544019309390701,disgust,07,01,01,male,strong,109
60,2.0020000000000002,True,1.0,0.24190557310229333,0.24381019548501962,0.24285788429365646,0.8939415744671667,-0.0335185185185185,-0.033981481481481446,0.3702027125433635,0.21208317834539298,0.19174466964605208,0.2716708689137897,0.0019046223827262898,0.0004629629629629428,0.025385203240179365,0.37329620272112407,0.1190393906724286,0.11384038883054383,0.0,0.9999999987499999,0.5817138373005453,0.2784833018636425,0.3129193928727723,0.354092708873339,disgust,07,01,01,male,strong,109
70,2.3356666666666666,True,1.0,0.39152686788066676,0.42635492380170004,0.4089408958411834,0.8940988489411296,-0.03712962962962968,-0.03856481481481483,0.3775100513983122,0.17585839330735534,0.19047174398086422,0.4573777231963638,0.034828055921033274,0.0014351851851851505,0.03238509136893385,0.37205343574722893,0.11793636257519875,0.11580822414816651,0.0,0.9999999987499999,0.5905599126056673,0.2815078087038765,0.3140314234801598,0.3579035193211849,disgust,07,01,01,male,strong,109
80,2.6693333333333333,True,1.0,0.4397857011621596,0.4507577146124359,0.44527170788729775,0.8141624410381304,-0.04124999999999995,-0.0411111111111111,0.32625696956720196,0.1780491380346838,0.19251969308138653,0.546907699794572,0.010972013450276319,0.0001388888888888551,0.0324971125097364,0.36851718648219367,0.12219896605263478,0.11266221493811712,0.0,0.9999999987499999,0.5943912647246398,0.27902892490998854,0.3095025766345648,0.34679734067188756,disgust,07,01,01,male,strong,109
90,3.003,True,1.0,0.4261319802277484,0.4522732576134526,0.43920261892060053,0.8861367713493549,-0.04083333333333322,-0.03990740740740745,0.3539760103411638,0.2254097820426231,0.18968632733483395,0.4956375055419601,0.02614127738570421,0.0009259259259257746,0.03190711558744965,0.3298674744754285,0.10967225664584183,0.11879101037201178,0.0,0.9999999987499999,0.6286747617406337,0.3099188788213037,0.29312464334622856,0.38629203631293885,disgust,07,01,01,male,strong,109
100,3.336666666666667,True,1.0,0.4581071420313784,0.5021816622234494,0.48014440212741394,1.0050323599808657,-0.04453703703703693,-0.043333333333333335,0.37255213191795533,0.2511807579920968,0.19179559324362383,0.4777402412560678,0.044074520192070976,0.0012037037037035958,0.0239350058830091,0.3359670022306626,0.11088438005978485,0.11878842500419493,0.0,0.9999999987499999,0.6286827963685474,0.31013781195027035,0.29733750337101333,0.3960233303822174,disgust,07,01,01,male,strong,109
110,3.6703333333333332,True,1.0,0.4380189621153386,0.42471955607177553,0.43136925909355706,0.9710860394881548,-0.04583333333333328,-0.04212962962962957,0.3759212313256832,0.23527811820413796,0.18556514895392773,0.44421322267275665,0.013299406043563056,0.003703703703703709,0.03304994004833513,0.34605335886581035,0.11145001564841295,0.11825789473994325,0.0,0.9999999987499999,0.6311968199623599,0.3108639791810072,0.2978673854087407,0.40396103719743576,disgust,07,01,01,male,strong,109
120,4.0040000000000004,True,1.0,0.4127092176994365,0.36062191086546974,0.38666556428245313,0.917961264504572,-0.047361111111111076,-0.043564814814814834,0.37691332474083655,0.21120104687671165,0.18482792506197773,0.42122209207938455,0.052087306833966784,0.003796296296296242,0.03015354152749242,0.3601742902450099,0.10954167212949008,0.11939113004245429,0.0,0.9999999987499999,0.6279605187778237,0.311360093363242,0.29368430940210327,0.398344364736865,disgust,07,01,01,male,strong,109
0,0.0,True,1.0,0.2843009006833041,0.3234606949045976,0.30388079779395083,0.7370140717021411,-0.03597222222222224,-0.03222222222222221,0.40204516355379244,0.0,0.1916989064398953,0.412313427194321,0.03915979422129351,0.003750000000000031,0.05701614633063916,0.4483908882876002,0.11808797768608745,0.1174517064478466,0.0,0.9999999987499999,0.5979038210518582,0.3202363333988012,0.2836666918526988,0.37867344698535815,disgust,07,01,01,male,strong,110
10,0.33366666666666667,True,1.0,0.17038098954228934,0.19113739233845795,0.18075919094037363,0.5062375097342251,-0.03203703703703703,-0.02907407407407403,0.4226766055331459,-0.08884126523815677,0.18402819235573065,0.357064001510422,0.02075640279616861,0.0029629629629630005,0.03949990126938503,0.597802309539247,0.11840242535582261,0.1166457356641438,0.0,0.9033506757014418,0.5788850584452531,0.28284219729061505,0.29727889643693306,0.3412404124151615,disgust,07,01,01,male,strong,110
20,0.6673333333333333,True,1.0,0.21212996278441215,0.20545790349534795,0.20879393313988004,0.5356674978539796,-0.03393518518518529,-0.037453703703703656,0.3841142668400455,-0.029759305436332133,0.18753295608809836,0.3897827177798946,0.006672059289064197,0.0035185185185183654,0.0020113772155526573,0.5787919492903068,0.11517946919561538,0.11709519522972581,0.0,0.9999999987499999,0.5855243243703732,0.28193096904712983,0.30020397339510874,0.34858673215525054,disgust,07,01,01,male,strong,110
30,1.0010000000000001,True,1.0,0.16372975574790333,0.1634078504624154,0.16356880310515937,0.7348146212714896,-0.028518518518518554,-0.03162037037037041,0.4082178824434478,-0.028262100818134083,0.18197127929757909,0.22259873221102677,0.0003219052854879223,0.0031018518518518556,0.016726480906668912,0.43439834607986555,0.11438000159280867,0.11739036699452121,0.0,0.9999999987499999,0.580592636132578,0.28949308343838703,0.3034034962925139,0.3504028882813981,disgust,07,01,01,male,strong,110
40,1.3346666666666667,True,1.0,0.2068821989147898,0.2035641328043435,0.20522316585956663,0.5451346506229988,-0.033055555555555616,-0.027870370370370434,0.4155810951351212,-0.1397635791306932,0.18896803849392496,0.3764632566009709,0.0033180661104462994,0.005185185185185182,0.0535790869539084,0.577432539265933,0.11421462488879176,0.1191609917885942,0.0,0.9999999987499999,0.54460891486282,0.29461407692351393,0.2799803747028259,0.3345705395514958,disgust,07,01,01,male,strong,110
50,1.6683333333333334,True,1.0,0.2250968549603234,0.24057579331422063,0.232836324137272,0.501154874566432,-0.035601851851851885,-0.03296296296296297,0.37969955402212685,-0.09100016635489497,0.19792013600303546,0.4645995398901537,0.015478938353897242,0.002638888888888913,0.06399634254367746,0.6497075506717902,0.1214724164289935,0.1126023724828823,0.0,0.9999999987499999,0.5639840451727566,0.2971661149827308,0.2877805953070143,0.33278705822416504,disgust,07,01,01,male,strong,110
60,2.0020000000000002,True,1.0,0.2877730998044713,0.3028855466939624,0.29532932324921685,0.7134368552600274,-0.035787037037037006,-0.033935185185185235,0.4114264723192719,-0.0684995780438997,0.19866641918814604,0.4139529953797771,0.015112446889491093,0.0018518518518517713,0.06660945887251958,0.43883532072169346,0.11856478306488728,0.11565999506359131,0.0,0.9999999987499999,0.5706358378742122,0.292598278807119,0.29784354041914507,0.34063788433867764,disgust,07,01,01,male,strong,110
70,2.3356666666666666,True,1.0,0.20672965103454963,0.22574179861168486,0.21623572482311726,0.6442483350240519,-0.042175925925925895,-0.03824074074074074,0.387961589660834,-0.029245802363877277,0.20294363360366705,0.33564033163554,0.019012147577135236,0.003935185185185153,0.05291742254277008,0.5231541946338361,0.11608746620435344,0.11684909435085332,0.0,0.9999999987499999,0.5766236699210935,0.28558336326454115,0.2975100734742347,0.34399870202825783,disgust,07,01,01,male,strong,110
80,2.6693333333333333,True,1.0,0.22155513028258816,0.20323662879944965,0.2123958795410189,0.6620476852719631,-0.03611111111111104,-0.035462962962962974,0.3647363650517927,0.03076923076923065,0.1954451709893087,0.3208165880887698,0.018318501483138516,0.0006481481481480644,0.041678112577461436,0.5053330743711858,0.12089242775303831,0.11389591276120326,0.0,0.9999999987499999,0.5708983910282862,0.2795919855185691,0.2908832466114608,0.32632902833986394,disgust,07,01,01,male,strong,110
90,3.003,True,1.0,0.18168603027113453,0.1584847388087113,0.17008538453992292,0.6472618731230022,-0.05462962962962975,-0.050277777777777755,0.35616670609906775,0.0,0.1990811232206755,0.2627767702727035,0.023201291462423224,0.0043518518518519955,0.018908087368584812,0.5346104012534436,0.11198060052148133,0.11823997888213972,0.0,0.9999999987499999,0.5956171219894207,0.3211166809466954,0.2733591578786845,0.3679193106723265,disgust,07,01,01,male,strong,110
100,3.336666666666667,True,1.0,0.3358907803203213,0.34192626221517963,0.3389085212677505,0.783489785608692,-0.04273148148148148,-0.040601851851851944,0.3806087823699822,0.08865203223250588,0.1980280405519255,0.43256278191866027,0.006035481894858308,0.002129629629629537,0.011399301019907385,0.4414142979913684,0.109322249426899,0.11927303865949133,0.0,0.9999999987499999,0.5997542976800095,0.3198170548961568,0.27687581395165034,0.3801412045150632,disgust,07,01,01,male,strong,110
110,3.6703333333333332,True,1.0,0.47063395219266096,0.4774670619391353,0.47405050706589813,0.8140112497132077,-0.04375000000000007,-0.042685185185185215,0.3799053350409184,0.12580173859204066,0.19375157509440405,0.5823635818705399,0.006833109746474331,0.0010648148148148517,0.009129530205983206,0.42089197147592616,0.11530483228870278,0.11697175095295462,0.0,0.9999999987499999,0.6021836023002951,0.31773900019373014,0.2838702945716376,0.3881686262247871,disgust,07,01,01,male,strong,110
0,0.0,True,1.0,0.317255183595944,0.30870921175952276,0.3129821976777334,0.7572613304377068,-0.036712962962963,-0.03763888888888883,0.4024823932783048,0.08412189418744502,0.17777820693070223,0.4133080418840688,0.008545971836421251,0.0009259259259258301,0.005847422349085438,0.45390184768916325,0.12236181340818676,0.1128235635571918,0.0,0.9999999987499999,0.5968123331129327,0.27937231459982065,0.31077702148372854,0.36144121635642645,disgust,07,01,01,male,strong,111
10,0.33366666666666667,True,1.0,0.22688064760890655,0.2091013351597421,0.21799099138432432,0.44522099277396426,-0.03310185185185183,-0.03407407407407409,0.41698633599768864,-0.013491545235574609,0.17986789790391572,0.48962424261741155,0.017779312449164447,0.0009722222222222632,0.0004536394143434059,0.7014866191265431,0.11825720494076138,0.11431988560689697,0.0,0.9999999987499999,0.5985625009456907,0.27676333928137237,0.3208563033650488,0.36191449927474356,disgust,07,01,01,male,strong,111
20,0.6673333333333333,True,1.0,0.2099399226926559,0.21590260919800885,0.2129212659453324,0.5736569142865476,-0.03652777777777777,-0.03537037037037044,0.3712848517349064,0.08526347252652926,0.1715295569310002,0.3711648210675554,0.005962686505352949,0.0011574074074073293,0.02454158343473585,0.549896612295966,0.12027973805566877,0.11520615623723013,0.0,0.9999999987499999,0.6047421602625426,0.28397435784235325,0.31567372918272013,0.365577190577451,disgust,07,01,01,male,strong,111
30,1.0010000000000001,True,1.0,0.2883983706663515,0.27180354564401826,0.2801009581551849,0.676474183657124,-0.03412037037037041,-0.03560185185185183,0.34606502317366095,0.1401918825228913,0.17996966908377496,0.4140600852510229,0.016594825022333226,0.001481481481481417,0.01971087171618881,0.4991052226866157,0.11341979313964569,0.11880044357552041,0.0,0.9999999987499999,0.6004489448122999,0.289263802377638,0.2946803606645238,0.34739053756198,disgust,07,01,01,male,strong,111
40,1.3346666666666667,True,1.0,0.40579243427309497,0.39340347535982045,0.3995979548164577,0.7495289664939616,-0.038333333333333386,-0.038425925925925974,0.37795836205289357,0.12738768337659442,0.18828563725134137,0.5331321038673653,0.012388958913274517,9.259259259258856e-05,0.013981047625608346,0.4427215110170712,0.11792761279372965,0.1158171340478069,0.0,0.9999999987499999,0.5892157114720887,0.28663765351525905,0.29552229477148945,0.34462505365208645,disgust,07,01,01,male,strong,111
50,1.6683333333333334,True,1.0,0.2862934662291681,0.2844395104881325,0.2853664883586503,0.5108031547679308,-0.03273148148148147,-0.034444444444444444,0.32644388172362826,0.017600663205484545,0.1938271645733964,0.5586623451617064,0.00185395574103564,0.0017129629629629717,0.00986114507317627,0.6096684144267089,0.122199348158595,0.11299950966387921,0.0,0.7266010299181125,0.5802462829428647,0.2825389303593852,0.30974233404047014,0.347324676222621,disgust,07,01,01,male,strong,111
60,2.0020000000000002,True,1.0,0.16115857823506471,0.160699682809141,0.16092913052210284,0.6520481165408257,-0.03481481481481474,-0.033842592592592535,0.40519030265248124,0.0,0.19380669533390738,0.24680560596639162,0.0004588954259237277,0.0009722222222222077,0.01120987368737918,0.527451989539641,0.10871324148219426,0.12187778474936979,0.0,0.9999999987499999,0.5688821339707759,0.337933711664364,0.272779543219149,0.38400151120308124,disgust,07,01,01,male,strong,111
70,2.3356666666666666,True,1.0,0.24899641378289555,0.27488772609412426,0.2619420699385099,0.6075886915170713,-0.03208333333333335,-0.029907407407407383,0.4521651228094394,-0.0839741145589631,0.19428833038107465,0.43111742136686915,0.02589131231122871,0.00217592592592597,0.009001147426718615,0.5094851537602592,0.11557630959560854,0.11784073643397941,0.0,0.9999999987499999,0.5243543588451005,0.30615785235524473,0.2799177391658501,0.33374703981074083,disgust,07,01,01,male,strong,111
80,2.6693333333333333,True,1.0,0.21932410366548374,0.2303278887635177,0.22482599621450072,0.6834811160591315,-0.03513888888888883,-0.035787037037037006,0.38094983956690437,-0.02228742769758026,0.19802804055192558,0.3289425134535097,0.011003785098033958,0.0006481481481481755,0.00024369542742827782,0.46670355112360107,0.12257523516559964,0.11276074470453622,0.0,0.9999999987499999,0.5563944420893358,0.2813582208154918,0.30172671562104764,0.3331824795061585,disgust,07,01,01,male,strong,111
90,3.003,True,1.0,0.2892576622535629,0.28984566826366265,0.28955166525861276,0.6694211856565773,-0.030879629629629646,-0.0348148148148148,0.34045750566086824,0.06693550051448088,0.1972361480619973,0.4325403370295438,0.0005880060100997286,0.003935185185185153,0.0046780438400006044,0.46468946798813415,0.11240580903204041,0.12039495319872826,0.0,0.9999999987499999,0.5688315706360669,0.3301668544526478,0.2688907937470159,0.3609137008181453,disgust,07,01,01,male,strong,111
100,3.336666666666667,True,1.0,0.3206712067696697,0.33756447108650545,0.32911783892808755,0.6562914050732346,-0.035231481481481364,-0.04018518518518527,0.3695193355598863,0.06104514037519924,0.19586488726564813,0.5014812572341425,0.016893264316835743,0.0049537037037039044,0.008753029638223832,0.4601658978405579,0.10972149919412506,0.11986337334921465,0.0,0.9999999987499999,0.6063988864999125,0.3165816826720672,0.28323383572564753,0.3826620622282761,disgust,07,01,01,male,strong,111
110,3.6703333333333332,True,1.0,0.4000345394356586,0.4092342998155794,0.40463441962561897,0.8577948458978178,-0.03953703703703704,-0.042638888888889004,0.3828114935779613,0.16267757912798983,0.1930571363157205,0.471714678119924,0.009199760379920818,0.0031018518518519667,0.0032293828224103887,0.38829572677627733,0.11126962251894977,0.11858840882719664,0.0,0.9999999987499999,0.609697254667492,0.31704954118247747,0.28561021798246394,0.39035920943185337,disgust,07,01,01,male,strong,111
120,4.0040000000000004,True,1.0,0.47346453769093044,0.46949269284749706,0.47147861526921375,0.8231149360074588,-0.04115740740740742,-0.04277777777777775,0.38713169379018103,0.15161905299366865,0.19097382022690007,0.5727980317744367,0.003971844843433381,0.0016203703703703276,0.002074272669591597,0.38524931516233535,0.11773398088159535,0.11402628106494435,0.0,0.9999999987499999,0.5918132054071629,0.2808952127933306,0.30795788487651937,0.3604807027912692,disgust,07,01,01,male,strong,111
0,0.0,True,1.0,0.5221210902807304,0.4926397254384126,0.5073804078595715,0.7421936555490859,-0.05023148148148138,-0.04291666666666666,0.3454781999297753,0.2206841928925464,0.16905535162798752,0.683622669186257,0.02948136484231778,0.0073148148148147185,0.04613563302223947,0.41497732228434747,0.10871081608576856,0.11855184037405456,0.0,0.9999999987499999,0.649137280388718,0.3107209439232183,0.27440024841213095,0.4007277393137584,surprised,08,01,01,male,normal,112
10,0.33366666666666667,True,1.0,0.5560590255844495,0.5584107906520388,0.5572349081182442,0.780413606908024,-0.050555555555555576,-0.04555555555555563,0.34540519220242344,0.2544101969998315,0.1648964008860521,0.7140251056436505,0.002351765067589273,0.004999999999999949,0.03667618382692381,0.3980962706685943,0.1112219011219028,0.1187936541336759,0.0,0.9999999987499999,0.6533236323748249,0.30842691240359915,0.2772056490991051,0.39909099728129815,surprised,08,01,01,male,normal,112
20,0.6673333333333333,True,1.0,0.5086745731079111,0.5483503208047369,0.528512446956324,0.7999520224385273,-0.050277777777777755,-0.04518518518518516,0.34937504799980307,0.2508280707211339,0.1688150916128354,0.6606801809754008,0.0396757476968258,0.005092592592592593,0.02797730018038008,0.3684917011296063,0.11330152566822396,0.1185923743583106,0.0,0.9999999987499999,0.6451386564782162,0.30946806442496655,0.2811127452771357,0.40301889349918074,surprised,08,01,01,male,normal,112
30,1.0010000000000001,True,1.0,0.6140451307031003,0.6226947197441262,0.6183699252236132,0.8515649537712603,-0.04986111111111102,-0.043611111111111156,0.35695293007895296,0.19759502832463888,0.17376968127308678,0.7261570858277878,0.008649589041025862,0.006249999999999867,0.03585663379786931,0.3554593585147161,0.10778272341876413,0.12003283181126295,0.0,0.9999999987499999,0.6445723490333634,0.31074792493054204,0.28182952757442287,0.4007004703248923,surprised,08,01,01,male,normal,112
40,1.3346666666666667,True,1.0,0.5244360897936124,0.5055097178062058,0.5149729037999091,0.646062623435409,-0.04902777777777778,-0.04305555555555557,0.35715815302088016,0.16138544470614946,0.17432700164969134,0.7970944071358963,0.018926371987406654,0.005972222222222212,0.038230666747927355,0.4605537491486812,0.1129095838205285,0.11848418043588231,0.0,0.9999999987499999,0.6448548326439951,0.3107089304623831,0.28092515460987666,0.4069135481341927,surprised,08,01,01,male,normal,112
50,1.6683333333333334,True,1.0,0.5615311988608809,0.5570849723323344,0.5593080855966077,0.8887615774544146,-0.047453703703703665,-0.04194444444444445,0.3590145382140564,0.2067114368401587,0.17553324518738792,0.6293117296976029,0.004446226528546426,0.005509259259259214,0.037454779244980745,0.33662307016073323,0.11834679339215055,0.11254687816232532,0.0,0.9999999987499999,0.6174291134500676,0.2888840030915902,0.2803799842672158,0.3417623369604725,surprised,08,01,01,male,normal,112
60,2.0020000000000002,True,1.0,0.5413067733896296,0.5172223475805382,0.5292645604850839,0.7458183616425408,-0.04597222222222219,-0.04254629629629636,0.3691117307937489,0.182541177177224,0.17031816306135902,0.7096427061938604,0.024084425809091425,0.0034259259259258323,0.01557654544858922,0.4061828675420404,0.10705356893569576,0.12005046342311429,0.0,0.9999999987499999,0.6456339730345264,0.3125739535970092,0.2724939421554497,0.40212937794573184,surprised,08,01,01,male,normal,112
70,2.3356666666666666,True,1.0,0.5495001242634193,0.5655115819017126,0.557505853082566,0.7480839145308104,-0.0467129629629629,-0.04296296296296309,0.34993856308467813,0.15116515271056416,0.1736326429790066,0.7452450751226581,0.01601145763829326,0.003749999999999809,0.020714446774317264,0.3999569634058468,0.1099777585951267,0.11850823025511634,0.0,0.9999999987499999,0.6444972948241796,0.3139278242662118,0.2774684448976788,0.4037677482758725,surprised,08,01,01,male,normal,112
80,2.6693333333333333,True,1.0,0.48707615419954525,0.4272586028529012,0.45716737852622324,0.7784724855612987,-0.051064814814814785,-0.04546296296296298,0.35051072622305884,0.19063376245173702,0.1715562420152141,0.5872620895478327,0.05981755134664407,0.005601851851851802,0.01974142580559062,0.39240865114096185,0.10897169549799636,0.11975260121912737,0.0,0.9999999987499999,0.64700821847489,0.31272542234519773,0.2770478491031989,0.4078920499639643,surprised,08,01,01,male,normal,112
90,3.003,True,1.0,0.5254276353626688,0.4588587238408929,0.49214317960178083,0.7837241282149946,-0.053148148148148056,-0.04560185185185195,0.3473873510370043,0.1999164523807099,0.17156380203447152,0.6279546104095113,0.06656891152177591,0.007546296296296107,0.02707472849594227,0.38371679034878237,0.10787702255416128,0.11978914908201026,0.0,0.9999999987499999,0.6522166751622525,0.3106356148617537,0.2779038746821597,0.40965527209868735,surprised,08,01,01,male,normal,112
100,3.336666666666667,True,1.0,0.5766456439437329,0.5914565246765261,0.5840510843101294,0.7786263319407293,-0.05046296296296299,-0.04509259259259257,0.34864799490778314,0.20651990932271394,0.16946065300579052,0.7501044600615802,0.014810880732793241,0.005370370370370414,0.026672764776802922,0.38364097292969507,0.10909887195970748,0.11899805151958193,0.0,0.9999999987499999,0.6534399997967937,0.3094375508246373,0.2799729385184865,0.40696494705443853,surprised,08,01,01,male,normal,112
0,0.0,True,1.0,0.576185014089461,0.5493828524350302,0.5627839332622455,0.6177898833047506,-0.05652777777777779,-0.0494444444444444,0.3569807928205258,0.2688459839263125,0.15566587018222125,0.910963336355945,0.026802161654430834,0.007083333333333386,0.030126860163447802,0.4671280607480388,0.12419332303858327,0.11114763282481847,0.0,0.8633993587463513,0.6068923137379951,0.2870676941602932,0.29845440036937576,0.37356435794392323,surprised,08,01,01,male,normal,113
10,0.33366666666666667,True,1.0,0.5980616319869988,0.5512682133575239,0.5746649226722613,0.6567126137526937,-0.05800925925925926,-0.05143518518518525,0.35188167242235463,0.29587634952344877,0.15427797440497376,0.8750630194057303,0.04679341862947495,0.00657407407407401,0.028388625447340502,0.43090486692195495,0.12067806723229464,0.1127795661466884,0.0,0.9999999987499999,0.6072194218468637,0.2885776076767484,0.3014461409813667,0.3774892403509847,surprised,08,01,01,male,normal,113
20,0.6673333333333333,True,1.0,0.6039665016990595,0.5827540685914923,0.593360285145276,0.6574036380140835,-0.05703703703703705,-0.051342592592592606,0.3543336674012267,0.2564512382645635,0.16181309963934307,0.9025813835434912,0.021212433107567263,0.005694444444444446,0.028241456871214057,0.4584460252769458,0.10747991762998298,0.12296678654923378,0.0,0.9999999987499999,0.6660208251660039,0.3117826388992301,0.26776207214625536,0.39935031992221415,surprised,08,01,01,male,normal,113
30,1.0010000000000001,True,1.0,0.6501287168439633,0.6627910736048201,0.6564598952243917,0.8461877661192773,-0.057453703703703674,-0.05203703703703699,0.36132670173915277,0.21552625514111023,0.18140189284711347,0.7757851407318246,0.012662356760856808,0.005416666666666681,0.018548455899511256,0.3522430530469102,0.11865246008344814,0.11407673044735335,0.0,0.9999999987499999,0.6088910044955482,0.29345303755501667,0.290998884314849,0.3657125315537193,surprised,08,01,01,male,normal,113
40,1.3346666666666667,True,1.0,0.5725364777400723,0.6145159211609789,0.5935261994505256,0.6724916426777547,-0.05060185185185179,-0.04800925925925931,0.36352035947710637,0.1016470167337115,0.19309507067744297,0.8825778073422574,0.04197944342090654,0.0025925925925924798,0.024944107532495124,0.4731810446309596,0.1114249232379927,0.11972241922839984,0.0,0.9999999987499999,0.6469985474814925,0.31527545492192677,0.2828071713003897,0.401089077495085,surprised,08,01,01,male,normal,113
50,1.6683333333333334,True,1.0,0.5438010265198803,0.569548382967057,0.5566747047434686,0.5847236307923515,-0.046342592592592546,-0.04273148148148154,0.3582797176157748,0.06320606175199672,0.19587228806931048,0.9520304558054646,0.02574735644717674,0.0036111111111110095,0.037484894044008496,0.5327189950953356,0.11897765088249151,0.11457200810553987,0.0,0.9999999987499999,0.6093974103156887,0.28696321528505114,0.28739478007580477,0.3607148304209102,surprised,08,01,01,male,normal,113
60,2.0020000000000002,True,1.0,0.5051211033133808,0.5186657677892104,0.5118934355512956,0.6712616064346616,-0.04439814814814802,-0.043333333333333335,0.3654887503694971,0.062437598110420274,0.1986664191881459,0.7625841112381893,0.013544664475829582,0.0010648148148146852,0.0243237067652273,0.4630943265505503,0.11300161401369371,0.11951752170711007,0.0,0.9999999987499999,0.6262086431447579,0.3166265404948885,0.2781177069597494,0.3968060654260053,surprised,08,01,01,male,normal,113
70,2.3356666666666666,True,1.0,0.5305656843212194,0.5530345850376891,0.5418001346794543,0.7089963269802599,-0.045648148148148104,-0.04282407407407407,0.3673117399697385,0.0693583363350252,0.20139229841013506,0.764179043052418,0.022468900716469675,0.0028240740740740344,0.03376849803607819,0.45452989707974084,0.11270822168671414,0.11931616691205749,0.0,0.9999999987499999,0.6169298889086885,0.3198909938538598,0.2751271968435309,0.39343215707685286,surprised,08,01,01,male,normal,113
80,2.6693333333333333,True,1.0,0.5280389914879827,0.5181715363372633,0.523105263912623,0.701168336777646,-0.04532407407407413,-0.04240740740740745,0.3752991619260648,0.05333381708897006,0.1958524221220791,0.746048040783835,0.009867455150719406,0.0029166666666666785,0.021255127942199786,0.4422270223635277,0.10818160491378044,0.11983255186385826,0.0,0.9999999987499999,0.6156433527004551,0.31938717474423134,0.2674437194214818,0.38720943306266237,surprised,08,01,01,male,normal,113
90,3.003,True,1.0,0.5273009390578636,0.5093586777408788,0.5183298083993713,0.7081247174420576,-0.04736111111111119,-0.044490740740740775,0.36962099028238343,0.09235718873548988,0.19167661779251202,0.7319753083492437,0.01794226131698473,0.002870370370370412,0.02899915907333868,0.4301597217672366,0.12139793695386165,0.11285161537333713,0.0,0.9999999987499999,0.6103235280752927,0.28690235002341197,0.2983109121153688,0.37029584941133636,surprised,08,01,01,male,normal,113
0,0.0,True,1.0,0.5376042701510833,0.5558427053683576,0.5467234877597205,0.808509581205081,-0.0521759259259259,-0.047546296296296364,0.3482018820788095,0.20988924624357108,0.183367038287288,0.6762115137149406,0.018238435217274307,0.004629629629629539,0.01709498604833931,0.3682693378464383,0.1202669938831385,0.11405611062481684,0.0,0.9999999987499999,0.6028393567192502,0.2794999739914565,0.29289628424465836,0.3541285965385714,surprised,08,01,01,male,normal,114
10,0.33366666666666667,True,1.0,0.5853425939775903,0.5239716897021164,0.5546571418398534,0.748498399925792,-0.05148148148148152,-0.04856481481481484,0.3486610888666963,0.1949080754980067,0.1819951757573897,0.741026489695694,0.06137090427547387,0.0029166666666666785,0.003966478671413865,0.41012808970573145,0.10990143495053381,0.12033339537241824,0.0,0.9999999987499999,0.6434975608446504,0.30793777712833637,0.2749766715212473,0.38802769093231493,surprised,08,01,01,male,normal,114
20,0.6673333333333333,True,1.0,0.5424986870631927,0.5170720661403295,0.5297853766017611,0.7765326406010017,-0.05111111111111122,-0.04717592592592584,0.35262514139878554,0.20184740039780918,0.1798649287135741,0.6822448264270395,0.025426620922863186,0.003935185185185375,0.018577363649842738,0.406867539587699,0.11320411475508767,0.1194852924623762,0.0,0.9999999987499999,0.6265706947388331,0.31256661968504745,0.27646701798879264,0.3926613465309314,surprised,08,01,01,male,normal,114
30,1.0010000000000001,True,1.0,0.5466662098890757,0.5387454002212921,0.5427058050551838,0.7171079223059251,-0.04879629629629628,-0.04398148148148151,0.3582887006692598,0.17526186251716114,0.17710444305856665,0.7567979493380361,0.007920809667783524,0.004814814814814772,0.02918756384622715,0.4232335951649129,0.12150148678308675,0.11374954322525573,0.0,0.8293703939738136,0.605355897226078,0.28099340538704964,0.29024844211163264,0.355239234537608,surprised,08,01,01,male,normal,114
40,1.3346666666666667,True,1.0,0.4147797853646827,0.3989408535624325,0.4068603194635576,0.6421712593481765,-0.05384259259259255,-0.049629629629629635,0.35592562198547356,0.1222197241692142,0.18200481730011298,0.6335698048469707,0.01583893180225021,0.004212962962962918,0.024659293397707515,0.5002536316735213,0.11162242677738629,0.11841738635776582,0.0,0.9999999987499999,0.644288141561312,0.30832827675734586,0.2808489695206326,0.40623953228115334,surprised,08,01,01,male,normal,114
50,1.6683333333333334,True,1.0,0.5396012241518633,0.5173421118338445,0.5284716679928538,0.8389428128827972,-0.0476388888888889,-0.04416666666666663,0.3734334242733547,0.1471184911593145,0.18266562172332237,0.6299257349579117,0.022259112318018803,0.0034722222222222654,0.010922321946138834,0.36874378295713667,0.11255900421804325,0.11977549576964877,0.0,0.9999999987499999,0.644325324879952,0.31094545831806175,0.28445788073039446,0.40555992184524786,surprised,08,01,01,male,normal,114
60,2.0020000000000002,True,1.0,0.4697262710486643,0.4687949870327621,0.4692606290407132,0.7783728791871589,-0.04828703703703713,-0.044259259259259276,0.35958232763508563,0.167874136031798,0.1820266136881089,0.6028738174058091,0.0009312840159022007,0.004027777777777852,0.015126032005148898,0.4099432088522049,0.11742433761374832,0.11317278971033432,0.0,0.9999999987499999,0.6128086641922393,0.28403818667125397,0.28466096131540364,0.350818288920257,surprised,08,01,01,male,normal,114
70,2.3356666666666666,True,1.0,0.3684515156125434,0.3504314605741451,0.35944148809334425,0.6957299009762787,-0.04004629629629625,-0.040370370370370334,0.357974506159527,0.10821619720279489,0.18558118286622644,0.5166394136416448,0.01802005503839832,0.0003240740740740877,0.0015959816707095864,0.4464037943819283,0.11381138948828076,0.11761820758251898,0.0,0.9999999987499999,0.6215367331073055,0.3142798769655217,0.2767769166999336,0.3914282710082304,surprised,08,01,01,male,normal,114
80,2.6693333333333333,True,1.0,0.45587539464140053,0.45277954677039556,0.4543274707058981,0.6975181538159992,-0.03916666666666663,-0.03870370370370374,0.39634843728299285,0.06274091110362591,0.1904224696420173,0.651348596764618,0.0030958478710049753,0.0004629629629628873,0.005164666078976148,0.47169706722801147,0.11218018171403568,0.11821192104516232,0.0,0.9999999987499999,0.620041065269858,0.31390882815810084,0.2745891787613132,0.39194392189753624,surprised,08,01,01,male,normal,114
90,3.003,True,1.0,0.5001959512365964,0.47612990853282966,0.48816292988471305,0.7253473228526287,-0.04185185185185203,-0.03921296296296306,0.3871309757962735,0.09242374384403071,0.1861701327690947,0.6730057649690875,0.024066042703766777,0.0026388888888889683,0.014922616084879815,0.41220569729435347,0.12176026309412656,0.11330447589329282,0.0,0.9999999987499999,0.6010881992406338,0.2801295028381959,0.2992531959481074,0.36907220310741873,surprised,08,01,01,male,normal,114
100,3.336666666666667,True,1.0,0.4866744317115286,0.4761299085328309,0.48140217012217973,0.719638455481762,-0.042407407407407394,-0.04032407407407412,0.3886501939016834,0.09169632005834764,0.18408746739003493,0.6689500351949716,0.010544523178697696,0.0020833333333332704,0.016640336318339777,0.41545577448797816,0.12300525738882769,0.11143994229555636,0.0,0.9999999987499999,0.6043444049494797,0.2809654202997288,0.30031201225200943,0.3682908277924107,surprised,08,01,01,male,normal,114
0,0.0,True,1.0,0.4820467063312646,0.4600950213718013,0.47107086385153296,0.5482729752367094,-0.054537037037036995,-0.04851851851851857,0.35456994169888373,0.12530335588872477,0.17153489427994742,0.8591903761956433,0.021951684959463313,0.006018518518518423,0.025595345567518427,0.51738376589856,0.10830041437308995,0.12020163150848846,0.0,0.9999999987499999,0.6540945166660413,0.30771293247704296,0.2731834754423334,0.4019494432860148,surprised,08,01,01,male,normal,115
10,0.33366666666666667,True,1.0,0.5373337331442836,0.5078375694331071,0.5225856512886953,0.580378621190205,-0.05268518518518511,-0.04662037037037037,0.35401923031808674,0.13331481867194614,0.17084941013020882,0.9004219525126693,0.02949616371117647,0.006064814814814745,0.011288075597555704,0.517538194720979,0.11167928847422572,0.11916585003740146,0.0,0.9999999987499999,0.6486139453124999,0.3105620243909247,0.2778576914585707,0.40970281471460757,surprised,08,01,01,male,normal,115
20,0.6673333333333333,True,1.0,0.626776254244782,0.6387452260485301,0.6327607401466561,0.5795949880029262,-0.051203703703703696,-0.045416666666666605,0.35656911769222915,0.14096627537481543,0.17431649776999453,1.0917291440475008,0.011968971803748119,0.0057870370370370905,0.014104277972353385,0.5023586127294148,0.10961008375588535,0.1194878795211795,0.0,0.9999999987499999,0.6497043057066577,0.3102682112800832,0.2773641617269017,0.4105363167534964,surprised,08,01,01,male,normal,115
30,1.0010000000000001,True,1.0,0.6414185369656561,0.6509191840095886,0.6461688604876223,0.9975574141596152,-0.05180555555555555,-0.04606481481481467,0.3417412287141597,0.3188777473150008,0.1694444444444444,0.6477510480256241,0.009500647043932497,0.0057407407407408795,0.022311591133571545,0.30605146703616287,0.10811520192399157,0.12147116001904969,0.0,0.9999999987499999,0.6551244684045494,0.3083860720613186,0.2792268277777262,0.40765602817097185,surprised,08,01,01,male,normal,115
40,1.3346666666666667,True,1.0,0.6170622639912138,0.5715762463559784,0.5943192551735961,0.6724916426777549,-0.05027777777777781,-0.04555555555555546,0.35767270313273425,0.19547503218021203,0.16736521383896144,0.8837570870131728,0.04548601763523541,0.00472222222222235,0.016528230017933267,0.4601658978405579,0.11003762601858216,0.11764569327481166,0.0,0.9999999987499999,0.6532936118197279,0.3095633187770902,0.27977205541709277,0.4107008259538308,surprised,08,01,01,male,normal,115
50,1.6683333333333334,True,1.0,0.5688727817945373,0.5456887037297362,0.5572807427621367,0.7245586778922062,-0.04819444444444443,-0.04296296296296298,0.35759161569198955,0.2047053726962518,0.17014606348251404,0.7691312791716288,0.02318407806480105,0.005231481481481448,0.0190279850392282,0.40864653787275657,0.10789077701827206,0.11849742987733168,0.0,0.9999999987499999,0.6498678903983469,0.3102039850690952,0.2758650858561261,0.4053700384159774,surprised,08,01,01,male,normal,115
60,2.0020000000000002,True,1.0,0.5841757743704863,0.5986819659183514,0.5914288701444188,0.6892716703531331,-0.049259259259259225,-0.04402777777777778,0.35020160730059474,0.1763102263068864,0.17362209709164386,0.8580490038730495,0.014506191547865144,0.005231481481481448,0.02135528559193126,0.42114467189114596,0.10768412201315046,0.11723162965395471,0.0,0.9999999987499999,0.6477464451327407,0.31054092319805654,0.2761902703729752,0.405770246484275,surprised,08,01,01,male,normal,115
70,2.3356666666666666,True,1.0,0.6523379415775833,0.6467209177848644,0.6495294296812238,0.7906730145422621,-0.04874999999999996,-0.04435185185185192,0.3622096701707536,0.20928306892875473,0.17223329679369823,0.8214893106694057,0.005617023792718889,0.00439814814814804,0.016978453438487157,0.38799260834465726,0.11011782414327595,0.11757063022573562,0.0,0.9999999987499999,0.6531236332501752,0.3092970182195609,0.28240896035080804,0.40826658153213713,surprised,08,01,01,male,normal,115
80,2.6693333333333333,True,1.0,0.6170743146729726,0.61449283600172,0.6157835753373463,0.7654537344275705,-0.049537037037037046,-0.044861111111111074,0.34756763508897615,0.239138619642535,0.16875723364125755,0.8044687061300287,0.0025814786712525795,0.004675925925925972,0.02189213862358611,0.3888501557555158,0.11054143613017899,0.11942710935739531,0.0,0.9999999987499999,0.6532173741137081,0.3083813066551777,0.27730899610282367,0.40537971344653323,surprised,08,01,01,male,normal,115
90,3.003,True,1.0,0.6527071384851774,0.6467863942254782,0.6497467663553278,0.7351966424117875,-0.05097222222222225,-0.04495370370370372,0.358482702994808,0.24238903990346294,0.16737752141912057,0.8837727607458267,0.005920744259699129,0.006018518518518534,0.025400318185695964,0.42091829952856585,0.1098947017191719,0.12018112178099427,0.0,0.9999999987499999,0.6529940861813476,0.3080540310473507,0.27683834266341434,0.40480639406987445,surprised,08,01,01,male,normal,115
0,0.0,True,1.0,0.5667779217198453,0.5639420547384439,0.5653599882291447,0.675244319264006,-0.046712962962962845,-0.0406481481481481,0.3939847756361821,0.08072969828007935,0.17512594867806033,0.8372673002941637,0.0028358669814013693,0.006064814814814745,0.021506127656308698,0.4407208837620238,0.11391061646407966,0.11897219051884496,0.0,0.9999999987499999,0.6442540318392983,0.31417223221746104,0.2747082525204407,0.39853076661719905,surprised,08,01,01,male,strong,116
10,0.33366666666666667,True,1.0,0.5473629391923859,0.5539661063365723,0.5506645227644791,0.6697201305265739,-0.047083333333333255,-0.04148148148148145,0.3973475273098412,0.10918533658596105,0.17583508263484984,0.8222308060704608,0.006603167144186406,0.005601851851851802,0.02098773103796981,0.4423261859671943,0.11221240349521336,0.12089083942222946,0.0,0.9999999987499999,0.643016860634879,0.3142274825128067,0.27495527306185874,0.3978363206427624,surprised,08,01,01,male,strong,116
20,0.6673333333333333,True,1.0,0.5766010435792991,0.5705437578159386,0.5735724006976188,0.6807456610099469,-0.048611111111111105,-0.04222222222222222,0.3857671077808133,0.11831096663853712,0.17502136100099508,0.8425649013269846,0.006057285763360509,0.006388888888888888,0.016884119793008766,0.45681455860158626,0.11035024281583874,0.11848350023974855,0.0,0.9999999987499999,0.6453873827108969,0.31359105600057796,0.27320573775222384,0.3992508055334046,surprised,08,01,01,male,strong,116
30,1.0010000000000001,True,1.0,0.5903734471462792,0.5523832876093114,0.5713783673777952,0.8560456273902635,-0.04782407407407402,-0.041064814814814665,0.38987570037343416,0.19183621228155495,0.1680573714677488,0.6674625149592744,0.037990159536967716,0.006759259259259354,0.02168447301121183,0.3432933549679531,0.10986275193091655,0.11941525655973555,0.0,0.9999999987499999,0.6556005586531488,0.3129144743335546,0.2722431344316925,0.4031607385596827,surprised,08,01,01,male,strong,116
40,1.3346666666666667,True,1.0,0.5119013207557476,0.5093586777408783,0.510629999248313,0.7162482627595702,-0.04523148148148154,-0.04097222222222224,0.3789460131898227,0.1904779181748942,0.1673615669747278,0.7129231940904839,0.0025426430148692836,0.004259259259259296,0.01879578400112371,0.44736380513356855,0.10836046906939968,0.1195115263224905,0.0,0.9999999987499999,0.6548287099605467,0.31295655557687646,0.2688633550806925,0.3985743532852347,surprised,08,01,01,male,strong,116
50,1.6683333333333334,True,1.0,0.5406276645189478,0.5273099023058981,0.5339687834124229,0.5637440342018333,-0.0465740740740741,-0.04023148148148148,0.3841315657614839,0.13350369816595006,0.1729184315296482,0.9471830316899635,0.0133177622130497,0.006342592592592622,0.020865980356759316,0.5354288617972689,0.1124379730530711,0.11796674812185141,0.0,0.9999999987499999,0.6468230483365222,0.31183344802092966,0.27232185790994684,0.39816515831380833,surprised,08,01,01,male,strong,116
60,2.0020000000000002,True,1.0,0.5438835112631519,0.5663995235101378,0.5551415173866449,0.7794952464662913,-0.046851851851851756,-0.04217592592592595,0.37899799149569274,0.18733482849499283,0.1791670924928322,0.7121807604386097,0.02251601224698585,0.004675925925925806,0.023336833222512565,0.39358128807944337,0.10992637079247755,0.12015215563140562,0.0,0.9999999987499999,0.6501771749637355,0.3097298850892061,0.2760255270071683,0.39980795452275075,surprised,08,01,01,male,strong,116
70,2.3356666666666666,True,1.0,0.5799968849185978,0.5981301579058864,0.5890635214122422,0.8743921261907254,-0.04523148148148143,-0.041064814814814776,0.3784980507269156,0.16580180289030447,0.1791670924928322,0.6736834696562142,0.018133272987288618,0.004166666666666652,0.016530326926451015,0.34630968959965774,0.10877335910874679,0.11977382151039315,0.0,0.9999999987499999,0.6469914598886429,0.3131733654752259,0.281619859019824,0.40584076194564744,surprised,08,01,01,male,strong,116
80,2.6693333333333333,True,1.0,0.6062576691453346,0.5924247754074711,0.5993412222764029,0.6987253030070804,-0.04703703703703699,-0.040138888888888835,0.40896703938423,0.09779679074057387,0.1708337799314539,0.8577637301769928,0.01383289373786356,0.006898148148148153,0.023966652021737405,0.40686753958769756,0.11100206005071686,0.11915909601751351,0.0,0.9999999987499999,0.6512196232946303,0.31129691130113185,0.2795435356555819,0.4077968697795782,surprised,08,01,01,male,strong,116
90,3.003,True,1.0,0.5888219007844128,0.5807562687465034,0.5847890847654581,0.700379004035044,-0.047175925925925954,-0.0398148148148148,0.41728173849527583,0.08924228107453004,0.17014606348251404,0.8349609017351378,0.008065632037909332,0.007361111111111152,0.026859776411724687,0.40986843530334005,0.10999437671259299,0.11961301245167602,0.0,0.9999999987499999,0.6515331877985568,0.311248671395658,0.2763740245049514,0.4064219715223068,surprised,08,01,01,male,strong,116
100,3.336666666666667,True,1.0,0.5671808702786038,0.5591103530236845,0.5631456116511442,0.7532584660617165,-0.047824074074074074,-0.04222222222222222,0.4099439279405148,0.14639545924179498,0.16666849771129608,0.7476127212953277,0.008070517254919252,0.005601851851851858,0.03302529783289996,0.37890792217887515,0.10916759712582588,0.11989228311693728,0.0,0.9999999987499999,0.6514638591217736,0.31146627938229304,0.2794343455467932,0.4088787606230434,surprised,08,01,01,male,strong,116
0,0.0,True,1.0,0.6210877880429726,0.6031357645239036,0.612111776283438,0.7572447502275194,-0.05189814814814825,-0.047824074074074074,0.35593060574454644,0.21297508600148912,0.1750353096353437,0.8083407327677411,0.017952023519068994,0.004074074074074174,0.019275011771963436,0.40330967184813443,0.10976075852840125,0.11934948554871352,0.0,0.9999999987499999,0.6489922507049695,0.30611703672285767,0.27521697053778604,0.39719951052300156,surprised,08,01,01,male,strong,117
10,0.33366666666666667,True,1.0,0.6372237532965778,0.6352279895124073,0.6362258714044926,0.8288608140141495,-0.051944444444444404,-0.046157407407407425,0.35478491234793164,0.2580270424778811,0.16945164844089433,0.7675907228902145,0.0019957637841704345,0.0057870370370369795,0.024088967629052778,0.3627963755604354,0.10755866374218288,0.11943873030364473,0.0,0.9999999987499999,0.6578116008512781,0.30595740898558316,0.27673879401009727,0.39629252408653964,surprised,08,01,01,male,strong,117
20,0.6673333333333333,True,1.0,0.6733668339584105,0.6666666666666666,0.6700167503125385,0.8397391607353494,-0.05273148148148149,-0.0461111111111111,0.3554340565039069,0.27207865253796376,0.16944624547227047,0.7978867506021905,0.00670016729174383,0.0066203703703703876,0.017527235484503127,0.35841971246963555,0.11344218593782336,0.11813572503410184,0.0,0.9999999987499999,0.6477278571115946,0.3081516496486446,0.2837753680102383,0.39560544683040433,surprised,08,01,01,male,strong,117
30,1.0010000000000001,True,1.0,0.6782921904996803,0.6741283378506014,0.6762102641751409,0.9304466239888072,-0.05388888888888893,-0.04578703703703707,0.3643886985060459,0.22507100527721333,0.1763958092747863,0.7267587916824719,0.004163852649078814,0.00810185185185186,0.02834584673609645,0.32814801173875363,0.10759461708247384,0.11988405507141033,0.0,0.9999999987499999,0.6422701131468213,0.3104093023603376,0.2811787479868541,0.40510320938761185,surprised,08,01,01,male,strong,117
40,1.3346666666666667,True,1.0,0.5715956866833801,0.5985474260140045,0.5850715563486923,0.7005461328814171,-0.048009259259259085,-0.04291666666666666,0.3509414762920439,0.1671211644151806,0.17573786330129443,0.8351649218906311,0.026951739330624336,0.0050925925925924265,0.018887789314256317,0.4368865565451913,0.11638484482690087,0.1142415129860722,0.0,0.9999999987499999,0.6119199686358919,0.28480276483725464,0.28773855677752286,0.3642480961040646,surprised,08,01,01,male,strong,117
50,1.6683333333333334,True,1.0,0.3725966452853293,0.32963267700064597,0.3511146611429876,0.852085198156775,-0.06157407407407406,-0.05351851851851852,0.35312923096640075,0.18142322140867703,0.1750108987956625,0.4120652041632885,0.04296396828468335,0.008055555555555538,0.02234876823586053,0.34566449812099753,0.10994886576133342,0.11981396630513108,0.0,0.9999999987499999,0.6412094956732693,0.3153074128303265,0.2797254759192669,0.3975062191009427,surprised,08,01,01,male,strong,117
60,2.0020000000000002,True,1.0,0.6083770244337988,0.5875035647532183,0.5979402945935086,0.7316996108883641,-0.04870370370370375,-0.03949074074074077,0.38140788996310115,0.1343938060815358,0.18403150894573134,0.8171936757866293,0.02087345968058052,0.009212962962962978,0.025632396128430216,0.4017857142857136,0.11885317940968959,0.11651391169283298,0.0,0.9999999987499999,0.6095399571234744,0.2827913701752425,0.2974456771046063,0.3636591172909694,surprised,08,01,01,male,strong,117
70,2.3356666666666666,True,1.0,0.5638991764478694,0.597944066828842,0.5809216216383557,0.6108666996258131,-0.04439814814814819,-0.03814814814814815,0.379503163589334,0.0,0.1882528129298553,0.9509793576801612,0.03404489038097269,0.006250000000000033,0.030097014032151873,0.48260888871680524,0.12043940623199155,0.1148734925940945,0.0,0.9999999987499999,0.6017329190348014,0.28304647299351654,0.30566493998357946,0.36366657312035455,surprised,08,01,01,male,strong,117
80,2.6693333333333333,True,1.0,0.6383026182075523,0.6510387416501772,0.6446706799288647,0.7019645562549077,-0.047685185185185164,-0.04032407407407412,0.39267925451644015,0.05011061792315509,0.18195115352876315,0.9183806706257152,0.01273612344262487,0.0073611111111110406,0.028042483556102598,0.40975177859854917,0.11098671697908301,0.11885322148765162,0.0,0.9999999987499999,0.6383447057885655,0.313059706438648,0.28314588079885733,0.3939780034903944,surprised,08,01,01,male,strong,117
90,3.003,True,1.0,0.5991808888005977,0.5767176152538953,0.5879492520272465,0.716590418059552,-0.047314814814814754,-0.04064814814814821,0.39516100847924535,0.07874525673638595,0.17988825674602393,0.8204815989855799,0.02246327354670241,0.006666666666666543,0.028932262551205307,0.39038140935416166,0.12052769233713076,0.11428181575168557,0.0,0.9999999987499999,0.6049230354485544,0.28615544247585606,0.29346427743576725,0.37046514652129264,surprised,08,01,01,male,strong,117
100,3.336666666666667,True,1.0,0.6030744656875447,0.6148137605979701,0.6089441131427574,0.6507265216100829,-0.04884259259259249,-0.040370370370370445,0.40081709540678484,0.056517346836883135,0.17781253580877124,0.9357911394729327,0.011739294910425357,0.008472222222222048,0.03243547753088743,0.4481876887852921,0.10885947951415129,0.11873669191067056,0.0,0.9999999987499999,0.6385241860181573,0.313503131657998,0.2782379934997225,0.3955050274211215,surprised,08,01,01,male,strong,117
0,0.0,True,1.0,0.5596235074139374,0.5547257131209938,0.5571746102674656,0.7909195501307121,-0.05555555555555558,-0.04745370370370372,0.34230614415386934,0.2017120347250982,0.18407793493135677,0.7044643291158799,0.004897794292943569,0.00810185185185186,0.031661114834487185,0.38364097292969507,0.1130827746000947,0.11864050369117643,0.0,0.9999999987499999,0.6413430797866022,0.31268864811007674,0.27791750974608026,0.40013601598686904,surprised,08,01,01,male,strong,118
10,0.33366666666666667,True,1.0,0.5863854529313274,0.5978095971525362,0.5920975250419318,0.7413768119550643,-0.05222222222222228,-0.04583333333333334,0.33944366546992244,0.19763873073197807,0.18201529665858626,0.7986458646859048,0.011424144221208854,0.006388888888888944,0.023835964430556116,0.4004916742858226,0.12047940944772895,0.11366421662155983,0.0,0.9999999987499999,0.6061433199842438,0.28688455254085893,0.29437788386723945,0.3672547965519623,surprised,08,01,01,male,strong,118
20,0.6673333333333333,True,1.0,0.6024272241047338,0.6083169537088724,0.605372088906803,0.7772172180543229,-0.05523148148148155,-0.04930555555555555,0.3487058049351069,0.18230004804457192,0.1918258227334399,0.7788969091836192,0.005889729604138583,0.005925925925926001,0.02517306878601682,0.3922019936983971,0.12114216606380518,0.11413214041370076,0.0,0.9999999987499999,0.6051286412299296,0.28352587998601814,0.3016076354065916,0.3681569447916051,surprised,08,01,01,male,strong,118
30,1.0010000000000001,True,1.0,0.6607174566139105,0.6707948851091222,0.6657561708615163,0.956348237463477,-0.06046296296296305,-0.05115740740740743,0.3400759630576126,0.18627145957788374,0.20299437870417458,0.6961440872493285,0.01007742849521176,0.009305555555555622,0.032968757338088676,0.33729312345288265,0.10681720179572236,0.122769413744942,0.0,0.9999999987499999,0.6125767596960658,0.3186566880394389,0.2773868144349648,0.3875642707600794,surprised,08,01,01,male,strong,118
40,1.3346666666666667,True,1.0,0.5871029677149646,0.592729620550174,0.5899162941325693,0.6892083366455747,-0.05138888888888882,-0.042870370370370336,0.34832044039093074,0.1120434252425527,0.19185922873339617,0.8559331957644815,0.005626652835209356,0.00851851851851848,0.024859663795538167,0.46656497451313306,0.11427743536454855,0.11781408527321645,0.0,0.9999999987499999,0.6151350011020034,0.3189441626870137,0.2721948098139479,0.39263966850721416,surprised,08,01,01,male,strong,118
50,1.6683333333333334,True,1.0,0.5915470863608059,0.5871534670127437,0.5893502766867749,0.9176083878048601,-0.05226851851851849,-0.044259259259259165,0.36175111751432787,0.1398724878835181,0.19174466964605202,0.642267752256104,0.00439361934806215,0.008009259259259327,0.023478240734904954,0.3372931234528822,0.11259106909336655,0.11974535472272516,0.0,0.9999999987499999,0.6115237235753677,0.32120270242509896,0.2740954448876479,0.39166241115610456,surprised,08,01,01,male,strong,118
60,2.0020000000000002,True,1.0,0.6345324839000626,0.6145159211609775,0.62452420253052,0.8231853061849042,-0.05032407407407408,-0.04143518518518513,0.3479162500224526,0.12102722083506036,0.189686327334834,0.7586678210097195,0.02001656273908503,0.008888888888888946,0.02716811720518678,0.3794932555997047,0.11021648556104066,0.12020350121605242,0.0,0.9999999987499999,0.6146767770076781,0.3209601641824914,0.2710545130667654,0.38941166441204617,surprised,08,01,01,male,strong,118
70,2.3356666666666666,True,1.0,0.6364712269577645,0.6456547107472672,0.6410629688525158,0.8184729349823853,-0.05240740740740746,-0.04398148148148151,0.33884128221228177,0.13354906120425217,0.193838579171925,0.783242721234652,0.009183483789502733,0.008425925925925948,0.019176285638122244,0.3872925654499365,0.11332070332016209,0.11857404932746,0.0,0.9999999987499999,0.6111136098658213,0.32099206106450245,0.27654977626143923,0.39164727291499424,surprised,08,01,01,male,strong,118
80,2.6693333333333333,True,1.0,0.6586309031234285,0.6510870403632946,0.6548589717433615,0.7907632747721526,-0.052314814814814925,-0.04287037037037039,0.3475329500546406,0.13716418361306673,0.189651331741418,0.8281352873045982,0.007543862760133968,0.009444444444444533,0.023509787946698436,0.39505283284173803,0.11278972172539524,0.11923912778492371,0.0,0.9999999987499999,0.616942784082383,0.317920886193676,0.26727678602501403,0.38335779759058985,surprised,08,01,01,male,strong,118
90,3.003,True,1.0,0.6537660575008479,0.6509191840095886,0.6523426207552183,0.784137084871554,-0.053750000000000075,-0.045416666666666716,0.35042850914624685,0.15193650380933846,0.18896803849392496,0.8319242047607985,0.0028468734912593385,0.00833333333333336,0.025561599041650666,0.3922019936983979,0.12034319193796739,0.11313683133898539,0.0,0.8836554151428709,0.6054431609128027,0.2841787340646102,0.3019261077474398,0.36788941309213047,surprised,08,01,01,male,strong,118
100,3.336666666666667,True,1.0,0.603204631557154,0.6030029607323031,0.6031037961447285,0.783879012455394,-0.0525462962962962,-0.04523148148148154,0.3491006381965205,0.16792981999979537,0.18615210035902052,0.7693837780598158,0.00020167082485089693,0.007314814814814663,0.02870673819889459,0.39073633531584573,0.12254589576411598,0.1124542989755681,0.0,0.9999999987499999,0.6068905499074629,0.2833756162185823,0.3039808741745567,0.37252600236444794,surprised,08,01,01,male,strong,118
0,0.0,True,1.0,0.6345046390630714,0.6088682683193695,0.6216864536912204,0.7524493567205439,-0.0527777777777777,-0.04638888888888887,0.34887560991728606,0.2698196323434609,0.16182865820145273,0.8262170046908709,0.025636370743701953,0.006388888888888833,0.020954710498067464,0.3814472584721297,0.12007965554316838,0.11408645215907473,0.0,0.8178553596242096,0.6125077573920193,0.29071329889586534,0.28890374839074784,0.3714930755765672,surprised,08,01,01,male,strong,119
10,0.33366666666666667,True,1.0,0.5621460122385461,0.5655115819017131,0.5638287970701297,0.7649933739060064,-0.05291666666666667,-0.04685185185185187,0.3520768060340315,0.2766799165644049,0.16182865820145273,0.7370374911762392,0.003365569663167034,0.006064814814814801,0.012773742312807647,0.3954911771642452,0.11792295419370823,0.11532734033924905,0.0,0.9999999987499999,0.6096364773096739,0.2900844411764762,0.28963332379057416,0.36898280420045193,surprised,08,01,01,male,strong,119
20,0.6673333333333333,True,1.0,0.6246213467982826,0.6085334952706625,0.6165774210344726,0.7619570759569771,-0.05921296296296291,-0.05342592592592593,0.35553290755814765,0.2698412698412701,0.17579212179171347,0.8092023035025752,0.016087851527620156,0.0057870370370369795,0.003306369620005034,0.38669219886540357,0.11944765909888083,0.1157398922677278,0.0,0.9999999987499999,0.6089530942533264,0.2877222148532795,0.294514412318575,0.36199558302832513,surprised,08,01,01,male,strong,119
30,1.0010000000000001,True,1.0,0.74389135538974,0.732052219224555,0.7379717873071475,0.9765173525802506,-0.06347222222222221,-0.05467592592592602,0.34558249725660833,0.3092304949837461,0.18688558749401266,0.7557180477717119,0.01183913616518506,0.008796296296296191,0.011024443184030775,0.3111655535821901,0.10394282525741186,0.1224428910655326,0.0,0.9999999987499999,0.6434054082570528,0.31348815922188517,0.28303611870727535,0.40324494045452647,surprised,08,01,01,male,strong,119
40,1.3346666666666667,True,1.0,0.6134203241846617,0.618735913278085,0.6160781187313733,0.6396090789755415,-0.051620370370370317,-0.04574074074074069,0.38379755299496465,0.1560634813809483,0.17727323036547302,0.9632104030138884,0.005315589093423223,0.0058796296296296235,0.01737543141858164,0.45404174319928003,0.11427878808243949,0.11829692032834042,0.0,0.9999999987499999,0.6180443702793618,0.2883971093124968,0.29443146331852676,0.36816369152464573,surprised,08,01,01,male,strong,119
50,1.6683333333333334,True,1.0,0.6220075195944336,0.5924247754074711,0.6072161475009523,0.7883487262356601,-0.050509259259259254,-0.04273148148148154,0.3992332936688841,0.16051119986008394,0.17569487868612618,0.7702380016523779,0.029582744186962495,0.007777777777777717,0.023054563287041342,0.37890792217887664,0.11956453996028113,0.11561914508744538,0.0,0.9999999987499999,0.6149427490605618,0.2909806602217578,0.29949165342847694,0.3724428113661433,surprised,08,01,01,male,strong,119
60,2.0020000000000002,True,1.0,0.5962782266454142,0.5691074383221657,0.5826928324837899,0.7515395900547889,-0.04981481481481481,-0.042685185185185215,0.37527305946172357,0.16861300884522656,0.17500697530741446,0.7753321850167738,0.027170788323248485,0.007129629629629597,0.028491428386713088,0.3721933817520859,0.1159447764181449,0.11633745609847476,0.0,0.9999999987499999,0.6114715119563451,0.29223239688194474,0.29413929411306083,0.3637021601633883,surprised,08,01,01,male,strong,119
70,2.3356666666666666,True,1.0,0.5765368410473576,0.5586058470890242,0.5675713440681909,0.7191980216021816,-0.052314814814814814,-0.043333333333333224,0.4077949868287499,0.11980077405436997,0.18057076675375175,0.7891725602968055,0.01793099395833342,0.00898148148148159,0.021811693401940176,0.3937010129015744,0.11970775345515496,0.11497481396743012,0.0,0.9999999987499999,0.6080328040825704,0.29353919847296145,0.30216563049042033,0.37843190757165485,surprised,08,01,01,male,strong,119
80,2.6693333333333333,True,1.0,0.6173541855245742,0.59673417264045,0.6070441790825121,0.7169231403786392,-0.05296296296296299,-0.04467592592592595,0.4069387781915402,0.14737789046569238,0.17709884276444876,0.8467353679808757,0.020620012884124184,0.008287037037037037,0.02819022441803321,0.3763714582073171,0.12092331373432022,0.11319184792708513,0.0,0.9999999987499999,0.6081897334636981,0.29338500563222253,0.30184927985396687,0.38010786099687754,surprised,08,01,01,male,strong,119
90,3.003,True,1.0,0.5920169605357644,0.5984940841426237,0.595255522339194,0.7113253082020989,-0.053657407407407376,-0.045277777777777695,0.4005911705758865,0.1562445792150364,0.1736326429790066,0.8368260140268654,0.00647712360685937,0.008379629629629681,0.03504455436356631,0.3947318674083671,0.12097409268049653,0.1144768217671797,0.0,0.9999999987499999,0.612292775758741,0.2923070573441189,0.2973113999826044,0.3703030223620789,surprised,08,01,01,male,strong,119
0,0.0,True,1.0,0.5900412313758029,0.6213558641581618,0.6056985477669823,0.512566245525542,-0.0639351851851852,-0.05888888888888888,0.32962350127815754,0.19209366850065834,0.19390744610831734,1.1816980791350207,0.03131463278235891,0.0050462962962963265,0.010501627638429588,0.5445854354958881,0.10469719804078775,0.11047939553221464,0.0,0.9999999987499999,0.6758626299035241,0.2803075685086157,0.2425795523432941,0.3504830923807185,neutral,01,02,02,female,normal,120
10,0.33366666666666667,True,1.0,0.600934081251776,0.5622239992795602,0.5815790402656682,0.5426275477876719,-0.06347222222222221,-0.05833333333333335,0.32067323366561173,0.2219517553978579,0.1960218023167498,1.0717831091267005,0.038710081972215815,0.0051388888888888595,0.0132107324329408,0.5112893648294531,0.10501007507706624,0.11155678297286574,0.0,0.9999999987499999,0.6782912775969764,0.279439237950108,0.24329926589855608,0.3459074978368981,neutral,01,02,02,female,normal,120
20,0.6673333333333333,True,1.0,0.5989703937540899,0.5977011494252867,0.5983357715896883,1.0403271098881766,-0.06328703703703709,-0.05726851851851866,0.34157176980743426,0.37264135458056796,0.19048976799342796,0.5751419586229976,0.001269244328803154,0.006018518518518423,0.01224096048357491,0.2686472488114515,0.10300498305277583,0.1132426651661581,0.0,0.9999999987499999,0.6779768009000476,0.27927155802414216,0.24998558593950498,0.361872006904558,neutral,01,02,02,female,normal,120
30,1.0010000000000001,True,1.0,0.6668993828699605,0.6477630449049593,0.6573312138874599,0.8645436744071852,-0.06967592592592592,-0.06277777777777782,0.34590178916573144,0.33366727663461165,0.18844764883487858,0.7603215815998998,0.01913633796500125,0.006898148148148098,0.017573965524347777,0.29603821698034566,0.10447018402367574,0.11189239651351857,0.0,0.9999999987499999,0.6777143030571603,0.2812544838992179,0.25322505244542454,0.3659018856660867,neutral,01,02,02,female,normal,120
40,1.3346666666666667,True,1.0,0.5954775570839612,0.5726370910399976,0.5840573240619794,0.9623303149101228,-0.06782407407407404,-0.06240740740740741,0.32233899010975425,0.38323139616326435,0.18912139744269818,0.6069198018733596,0.022840466043963614,0.005416666666666625,0.010887374024378883,0.2764328025752788,0.11865450006675925,0.10754099832396469,0.0,0.9999999987499999,0.6151629626069177,0.2697079696699918,0.28280727196936917,0.33676527022532504,neutral,01,02,02,female,normal,120
50,1.6683333333333334,True,1.0,0.5342169662389199,0.5422521930611359,0.5382345796500279,1.164822342753664,-0.06606481481481474,-0.06199074074074068,0.3225890663660962,0.4511494251334189,0.18839055565185747,0.46207439529158606,0.008035226822216024,0.004074074074074063,0.00859407974093384,0.24599439688995442,0.10285638316479921,0.11371323618889301,0.0,0.9999999987499999,0.6754225557723089,0.28116234636373794,0.2513092405328941,0.3662405780286196,neutral,01,02,02,female,normal,120
60,2.0020000000000002,True,1.0,0.6040646970081671,0.6027619533948217,0.6034133252014944,0.8356110456886833,-0.06509259259259254,-0.05972222222222229,0.34993854571646693,0.265876241810036,0.19247569968256215,0.7221222461273006,0.0013027436133453696,0.005370370370370248,0.004625539638750373,0.327777388678545,0.10359691129001165,0.11236280444821616,0.0,0.9999999987499999,0.6743923428277561,0.2813289612376528,0.25093963729873286,0.355846507555256,neutral,01,02,02,female,normal,120
70,2.3356666666666666,True,1.0,0.5668378450149268,0.5516076624548152,0.5592227537348711,0.7684613112481635,-0.06430555555555556,-0.059027777777777735,0.31218486151814334,0.26460955186131896,0.19527997896688165,0.7277175123189489,0.01523018256011166,0.005277777777777826,0.004861236586448519,0.36306706144120804,0.10487527310337254,0.11168352065812524,0.0,0.9999999987499999,0.6730476205169568,0.2820736444273788,0.2496061939382997,0.3509410142417726,neutral,01,02,02,female,normal,120
80,2.6693333333333333,True,1.0,0.6081103897997484,0.5917893371812849,0.5999498634905167,0.5861891058496497,-0.06328703703703692,-0.059537037037037055,0.33309194886911575,0.22177565613973596,0.19529521528455354,1.0234749460601482,0.016321052618463505,0.0037499999999998646,0.009915789760331369,0.4568283915441044,0.10360200437564308,0.11303433253571325,0.0,0.9999999987499999,0.6749421492112471,0.2800917340510752,0.24370995776116816,0.3444273191508352,neutral,01,02,02,female,normal,120
90,3.003,True,1.0,0.5772914400573158,0.576116394226352,0.5767039171418339,0.5407610085115467,-0.06245370370370368,-0.058796296296296235,0.3422419672766768,0.17758690263314938,0.1953112316702645,1.0664672712428371,0.001175045830963839,0.0036574074074074425,0.0028010667414334247,0.4667053307778156,0.10494439851711262,0.11093371500484225,0.0,0.9999999987499999,0.6744793443627451,0.2802904195114075,0.24542550417587197,0.34746141387770324,neutral,01,02,02,female,normal,120
100,3.336666666666667,True,1.0,0.6256812586284374,0.6540621043871733,0.6398716815078054,0.523292647698921,-0.06314814814814812,-0.058981481481481524,0.33056793575831517,0.1823330727592233,0.2008042776717041,1.2227798046112788,0.028380845758735895,0.004166666666666596,0.013184876411161098,0.5121863152297361,0.10463623382687336,0.11105300773935049,0.0,0.9999999987499999,0.6784968787358694,0.27926625451495796,0.24521068033925222,0.336372928025892,neutral,01,02,02,female,normal,120
0,0.0,True,1.0,0.6080359254003851,0.582120994239508,0.5950784598199466,0.5166447088711746,-0.0637962962962963,-0.06101851851851853,0.3219765649079846,0.20178316727188397,0.19740936522195227,1.151813711825566,0.025914931160877064,0.002777777777777768,0.012378106392738052,0.5281872683500941,0.1037320093497598,0.11223809553075875,0.0,0.9999999987499999,0.6769498128391982,0.2794858284033535,0.24272749900761875,0.34179514234471536,neutral,01,02,02,female,normal,121
10,0.33366666666666667,True,1.0,0.6004323920231649,0.5820114223810936,0.5912219072021292,0.512328916708714,-0.06574074074074071,-0.061018518518518416,0.3249347300336268,0.20810147420904795,0.19597392345146358,1.1539889471791613,0.018420969642071294,0.004722222222222294,0.006205678335831957,0.5272622967768887,0.10394522940835103,0.11288768255648998,0.0,0.9999999987499999,0.6751384430256478,0.2804141361552782,0.24406413033490856,0.34322968185562436,neutral,01,02,02,female,normal,121
20,0.6673333333333333,True,1.0,0.6555728719346455,0.6327086723336336,0.6441407721341396,0.6310811761816401,-0.06634259259259262,-0.0622685185185185,0.3136429381269872,0.23247812256069983,0.1960218023167498,1.0206940033158913,0.022864199601011936,0.004074074074074119,0.014787866068538666,0.43003506201934666,0.10579815598571123,0.11149528095616416,0.0,0.9999999987499999,0.6781209198054222,0.2781263522748465,0.24826860820125168,0.3457391043477893,neutral,01,02,02,female,normal,121
30,1.0010000000000001,True,1.0,0.5348833408740725,0.503482744674064,0.5191830427740682,0.8305129213147555,-0.06625000000000003,-0.062453703703703844,0.3580354356856714,0.3132636457590743,0.190489767993428,0.6251354186665368,0.03140059620000857,0.0037962962962961866,0.00817216570398607,0.3256578947368416,0.10340296747683496,0.11254130872404483,0.0,0.9999999987499999,0.6784079412077332,0.27960066054686583,0.25387835919574386,0.36113135769775506,neutral,01,02,02,female,normal,121
40,1.3346666666666667,True,1.0,0.4301676791574911,0.42960843437196733,0.4298880567647292,0.8282926408637197,-0.07513888888888887,-0.070925925925926,0.34743412024729997,0.3312997303017975,0.18698557924659692,0.5190050418852621,0.0005592447855237714,0.004212962962962863,0.006965780019772051,0.32725561272500714,0.11758862955049214,0.10957823983234215,0.0,0.9999999987499999,0.612476980706345,0.26908841233778363,0.2785105897701058,0.33632785389098013,neutral,01,02,02,female,normal,121
50,1.6683333333333334,True,1.0,0.5867812187526555,0.5534990499672434,0.5701401343599495,0.9519432357288106,-0.06879629629629624,-0.06374999999999997,0.3314754957161547,0.3807605620172829,0.18773422869844486,0.598922407304516,0.033282168785412125,0.005046296296296271,0.009907151692776003,0.2812376411955206,0.11992504399243385,0.10665951609180786,0.0,0.9999999987499999,0.6169524723639456,0.26936994835327094,0.2823167455894523,0.3446241892566483,neutral,01,02,02,female,normal,121
60,2.0020000000000002,True,1.0,0.5897447620578714,0.5632103038575406,0.576477532957706,0.9737966920763238,-0.06648148148148147,-0.06351851851851853,0.3408131713320373,0.36324162323481907,0.18835653446589812,0.591989619238225,0.026534458200330846,0.002962962962962945,0.0033274581739910344,0.2857142857142859,0.10207995653829159,0.11357507815312218,0.0,0.9999999987499999,0.6747308209221188,0.28203461890490783,0.248338475500629,0.3557010148671178,neutral,01,02,02,female,normal,121
70,2.3356666666666666,True,1.0,0.5693621230168088,0.5271931144110524,0.5482776187139307,0.8001235316642485,-0.06518518518518518,-0.060555555555555585,0.2998311867357096,0.27551202129289704,0.19389210073779597,0.6852412121582263,0.04216900860575634,0.004629629629629595,0.0036390379604713586,0.3623867718229435,0.10086450846906574,0.11448957545663258,0.0,0.9999999987499999,0.6768481962628802,0.2810113542669133,0.24444531173584652,0.3500794562712059,neutral,01,02,02,female,normal,121
80,2.6693333333333333,True,1.0,0.5878205973056856,0.5570826940179099,0.5724516456617977,0.6136895925979552,-0.06384259259259262,-0.060324074074073974,0.3313299682064452,0.21792582065363314,0.19111638833184727,0.932803248688668,0.030737903287775703,0.003518518518518643,0.0009546595381195047,0.4298938200279985,0.10395970084813627,0.11151586707404931,0.0,0.9999999987499999,0.676486082417342,0.280862465736209,0.2460432969216645,0.3493836285480094,neutral,01,02,02,female,normal,121
90,3.003,True,1.0,0.6252214435188448,0.5798747486528331,0.6025480960858389,0.5125125125125123,-0.059768518518518554,-0.05638888888888893,0.3342606831406585,0.17617617617617692,0.19383857917192496,1.175674898417487,0.04534669486601173,0.0033796296296296213,0.002298481468253651,0.509765624999999,0.10215707072892628,0.11417514876065915,0.0,0.9999999987499999,0.6805002806122449,0.28042321708714935,0.24222682969625534,0.347452400475227,neutral,01,02,02,female,normal,121
100,3.336666666666667,True,1.0,0.6528592482150569,0.6087787836880011,0.630819015951529,0.5544624455128088,-0.061481481481481526,-0.05777777777777776,0.3283145580606864,0.2038464873208859,0.19589916232072077,1.137712790210886,0.04408046452705583,0.0037037037037037646,0.004701092364093091,0.4797794117647051,0.10172289529116009,0.1148942651439771,0.0,0.9999999987499999,0.6825854381049296,0.2800516539163437,0.24144144034660653,0.34539566561448,neutral,01,02,02,female,normal,121
0,0.0,True,1.0,0.6232027442909149,0.5973115380828936,0.6102571411869042,0.5327849444079634,-0.06435185185185183,-0.06101851851851858,0.32197656490798476,0.23406847403538505,0.19390744610831734,1.1454098836539548,0.025891206208021322,0.0033333333333332438,0.011534872003411984,0.5121863152297373,0.10310061051943262,0.11298711391285157,0.0,0.9999999987499999,0.6745725753113746,0.2792664271667993,0.24342648826223345,0.3435329010182036,neutral,01,02,02,female,normal,122
10,0.33366666666666667,True,1.0,0.6128763953904869,0.5965586804174383,0.6047175379039627,0.5333646060713148,-0.06379629629629624,-0.05976851851851844,0.3227073358715496,0.2261445201846023,0.1953112316702645,1.1337789028751328,0.01631771497304857,0.004027777777777797,0.010651675458194867,0.528969989192351,0.10456182772704999,0.11231680093655111,0.0,0.9999999987499999,0.6761449321369174,0.278926561785278,0.24541559414526531,0.34328797843145675,neutral,01,02,02,female,normal,122
20,0.6673333333333333,True,1.0,0.59635936398466,0.557318232938962,0.5768387984618111,1.1089248910256169,-0.06615740740740733,-0.06046296296296294,0.31964922209470686,0.43215455312027695,0.19600506550650687,0.5201784206758199,0.03904113104569806,0.005694444444444391,0.011659750883340893,0.25643382352941246,0.10555844615732478,0.11189265336690192,0.0,0.9999999987499999,0.671929839381065,0.280047005099754,0.2525982598314378,0.35162223912984475,neutral,01,02,02,female,normal,122
30,1.0010000000000001,True,1.0,0.5858074668170236,0.5681860694271473,0.5769967681220854,0.8636269394453752,-0.06782407407407404,-0.06314814814814818,0.33212171580152855,0.32973122377302133,0.18981499124878884,0.6681088115345675,0.017621397389876226,0.004675925925925861,0.007835016922038054,0.3170288748273501,0.10394301589838711,0.11272082810466193,0.0,0.9999999987499999,0.6760240713863671,0.27955425532593425,0.24868213933937836,0.3536221502230917,neutral,01,02,02,female,normal,122
40,1.3346666666666667,True,1.0,0.631547599017908,0.6164451583156583,0.6239963786667831,0.7774373681376481,-0.06935185185185194,-0.06481481481481477,0.32807217992845467,0.301435444930349,0.19048976799342796,0.8026323460133734,0.015102440702249753,0.004537037037037173,0.0026195273844049592,0.34436506545823947,0.11924620980953006,0.10777206451882938,0.0,0.9999999987499999,0.6124732165756929,0.2682113340148369,0.27910993189802974,0.3336268854114472,neutral,01,02,02,female,normal,122
50,1.6683333333333334,True,1.0,0.5924150741729388,0.5629629629629633,0.5776890185679511,0.9040438293169177,-0.065,-0.0596296296296297,0.33541057661604984,0.3429131766374514,0.19120219738667713,0.6390055435746345,0.029452111209975484,0.005370370370370303,0.01188499569294079,0.3103448275862063,0.10495953801769563,0.11228509635813537,0.0,0.9999999987499999,0.6748129907431722,0.2811358285711699,0.2566037474934242,0.36245484605377604,neutral,01,02,02,female,normal,122
60,2.0020000000000002,True,1.0,0.33763057424286474,0.315315066111586,0.32647282017722534,0.6133295981216397,-0.07888888888888879,-0.07370370370370372,0.3299316128330046,0.20442193802759617,0.19187712241237034,0.53229588328538,0.02231550813127875,0.0051851851851850705,0.004086217599193726,0.4326473092721303,0.10211827613229496,0.11437654183443378,0.0,0.9999999987499999,0.6761678297334559,0.2786734080063677,0.24283451685796606,0.3451282216374235,neutral,01,02,02,female,normal,122
70,2.3356666666666666,True,1.0,0.6025636462725981,0.5576965962238992,0.5801301212482486,0.830860881020751,-0.06685185185185188,-0.061064814814814794,0.3215606295557509,0.28508198263052964,0.1946174021897175,0.6982277472680287,0.04486705004869884,0.0057870370370370905,0.0005753239293988738,0.3094265545740754,0.10377238758635932,0.11287793060240173,0.0,0.9999999987499999,0.6744535646524233,0.2803478878639241,0.25160689556747856,0.3552066338154594,neutral,01,02,02,female,normal,122
80,2.6693333333333333,True,1.0,0.6277284793248954,0.6072524949942812,0.6174904871595883,0.9137619752050455,-0.06486111111111115,-0.06074074074074076,0.3074932174684193,0.3384303611870542,0.1960218023167498,0.6757673266290439,0.02047598433061415,0.004120370370370385,0.006342407200716974,0.31250000000000017,0.10612403761938949,0.1110136576158177,0.0,0.9999999987499999,0.6719880265934498,0.27968726465473626,0.2544589677992275,0.3608674354238709,neutral,01,02,02,female,normal,122
90,3.003,True,1.0,0.6017541256829757,0.5733490378983007,0.5875515817906383,0.5343849156345579,-0.0662962962962963,-0.06097222222222215,0.330867052326582,0.19643816102073292,0.19736182297188892,1.0994913303137446,0.028405087784674987,0.005324074074074148,0.009304959773911648,0.4806143069597214,0.10389349071878717,0.1125973990865633,0.0,0.9999999987499999,0.6760747977003301,0.2776653482682202,0.24541395603924557,0.3467657479173422,neutral,01,02,02,female,normal,122
100,3.336666666666667,True,1.0,0.6461824331822323,0.6299954340295555,0.6380889336058939,0.49855713252614337,-0.0640277777777778,-0.06027777777777771,0.3333333333333335,0.17914129516193786,0.19662713428789932,1.2798712363671454,0.01618699915267685,0.0037500000000000866,0.002648827720999506,0.5096868868843254,0.10517247521828621,0.11191556636196996,0.0,0.9999999987499999,0.6734038757690576,0.27960188715572964,0.24627884536170808,0.34433413709966904,neutral,01,02,02,female,normal,122
110,3.6703333333333332,True,1.0,0.6341951082941082,0.6188011881265871,0.6264981482103477,0.5605610587841349,-0.06472222222222218,-0.06097222222222215,0.3233051043902728,0.21618849043994953,0.19733398804732616,1.117626953197982,0.015393920167521058,0.003750000000000031,0.00365050281833277,0.46601124924412657,0.1063199122555097,0.11116936489290083,0.0,0.9999999987499999,0.6772056209515057,0.27888730068171197,0.24899018889042426,0.3442196588491176,neutral,01,02,02,female,normal,122
0,0.0,True,1.0,0.5916934184437005,0.5621070401250929,0.5769002292843968,0.5381547265271382,-0.06513888888888886,-0.060555555555555474,0.3212191088867586,0.2527696442778984,0.19182582273343995,1.0719969570968817,0.029586378318607554,0.004583333333333384,0.0041143904656537516,0.4943181818181797,0.10405250988628682,0.11177070766175584,0.0,0.9999999987499999,0.6786387196675545,0.27693428338432874,0.2406798083338716,0.34566437132527433,neutral,01,02,02,female,normal,123
10,0.33366666666666667,True,1.0,0.6315145545730586,0.6003142566609254,0.6159144056169921,0.5382329006099902,-0.06527777777777771,-0.06208333333333338,0.3220828926856621,0.2364619252922263,0.19251969308138647,1.144326935270891,0.03120029791213319,0.003194444444444333,0.005655425521217648,0.49517420873542456,0.10494260719276227,0.11110701619644255,0.0,0.9999999987499999,0.6760140266184598,0.27654169663910877,0.2421033654246208,0.3443958625782138,neutral,01,02,02,female,normal,123
20,0.6673333333333333,True,1.0,0.6147774951272312,0.6220557427925503,0.6184166189598908,1.0405463316217807,-0.06754629629629633,-0.06421296296296297,0.32828031710044864,0.448218559834872,0.19113195655552695,0.594319157318094,0.0072782476653190376,0.003333333333333355,0.0005228959761628159,0.2769127082519204,0.10496431449922503,0.11177042687705706,0.0,0.9999999987499999,0.6782056393651211,0.2779818123215217,0.2516794112653537,0.3560297498510651,neutral,01,02,02,female,normal,123
30,1.0010000000000001,True,1.0,0.6052271915123434,0.5975712153964502,0.6013992034543968,1.0410800216002323,-0.07069444444444445,-0.06643518518518515,0.3261401258616428,0.4164164164164164,0.1890842798456326,0.5776685662740823,0.007655976115893193,0.004259259259259296,0.01321306846593045,0.2596056639861757,0.11814753342588834,0.10862517615520766,0.0,0.9999999987499999,0.6165109030487196,0.2650439439496643,0.2784178244832074,0.33765817701007966,neutral,01,02,02,female,normal,123
40,1.3346666666666667,True,1.0,0.6257931001044302,0.5828779599271411,0.6043355300157857,0.8402943060415947,-0.07337962962962963,-0.07120370370370371,0.32270818111748695,0.3474293765364288,0.1946342583266655,0.7191950792367632,0.042915140177289146,0.0021759259259259145,0.00894452934025703,0.32451923076923095,0.1032865128006692,0.11365843484226616,0.0,0.9999999987499999,0.6845185090520582,0.2862155172613831,0.2582100299109367,0.3560390023564945,neutral,01,02,02,female,normal,123
50,1.6683333333333334,True,1.0,0.6089885466224417,0.5975712153964509,0.6032798810094463,0.9407566425707549,-0.07023148148148156,-0.0647685185185185,0.3497691197881935,0.35838348288409694,0.19392357711161792,0.6412709235418163,0.011417331225990868,0.005462962962963058,0.0016277204126385904,0.27678571428571497,0.10510903277825243,0.11248442829488813,0.0,0.9999999987499999,0.6779700902939301,0.2796797189722887,0.25532006078085756,0.3633791223547576,neutral,01,02,02,female,normal,123
60,2.0020000000000002,True,1.0,0.6433581428405978,0.6220663857712214,0.6327122643059095,1.0447029408333186,-0.07083333333333325,-0.06458333333333327,0.3547372952822306,0.38057035701785286,0.19460132869936583,0.6056384447441296,0.02129175706937636,0.006249999999999978,0.007951621722591399,0.2571428571428574,0.10286191229995265,0.11337263666847076,0.0,0.9999999987499999,0.6773571495551346,0.279434534207168,0.2516445764238636,0.3582010696577445,neutral,01,02,02,female,normal,123
70,2.3356666666666666,True,1.0,0.6692645546125766,0.6618130001313328,0.6655387773719548,0.8537370279364247,-0.07125000000000004,-0.06462962962962965,0.3027491597719295,0.33095367304432666,0.2001376631934021,0.7795594610446198,0.007451554481243794,0.0066203703703703876,0.003769032303580385,0.321990944586521,0.10366928906280297,0.11297262565682596,0.0,0.9999999987499999,0.6777046463663591,0.27854004931073945,0.24867203191349294,0.35363202576744046,neutral,01,02,02,female,normal,123
80,2.6693333333333333,True,1.0,0.6389293323109407,0.6081236560269053,0.623526494168923,0.5349065880039326,-0.0673611111111111,-0.06175925925925935,0.33321880302392715,0.1887905604719758,0.20080427767170406,1.1656736113415356,0.03080567628403541,0.005601851851851747,0.0027758548467103827,0.46416806182607856,0.10581448746792453,0.11079406995509919,0.0,0.9999999987499999,0.6775895083658463,0.27635735655428306,0.24702485963606502,0.3483621474961618,neutral,01,02,02,female,normal,123
90,3.003,True,1.0,0.6298985339056417,0.6299958598151912,0.6299471968604164,0.49878280238174627,-0.06717592592592592,-0.06324074074074076,0.33216194070980126,0.17145658831872485,0.20079173919975934,1.2629689593393052,9.732590954958376e-05,0.003935185185185153,0.004343953443026838,0.4921875,0.10540106602284238,0.11221083130263193,0.0,0.9999999987499999,0.676377810366334,0.27615037658765895,0.24345512204758096,0.34322516246796503,neutral,01,02,02,female,normal,123
100,3.336666666666667,True,1.0,0.5369675114641039,0.5238366300206593,0.5304020707423815,0.5235457727737645,-0.06740740740740725,-0.06333333333333335,0.3273674161454432,0.19038028100864196,0.20220561833854575,1.0130958902261633,0.013130881443444653,0.004074074074073897,0.0009944243245111008,0.5113636363636357,0.10560422967112634,0.11133726359995903,0.0,0.9999999987499999,0.6781700577574781,0.27752133666949724,0.24571947401383587,0.3429805341045432,neutral,01,02,02,female,normal,123
0,0.0,True,1.0,0.5571314774450965,0.5517351835093386,0.5544333304772175,0.5256038647342989,-0.06254629629629627,-0.05763888888888885,0.34187451142354264,0.20096618357487853,0.19039362020939674,1.0548501783895603,0.005396293935757912,0.004907407407407416,0.005147105192735014,0.5294117647058822,0.10363688335923082,0.11249542304998253,0.0,0.9999999987499999,0.6784743909907712,0.280476675590549,0.24341113307789164,0.3458141620790422,calm,02,02,02,female,normal,124
10,0.33366666666666667,True,1.0,0.5695091324864962,0.5473181692952758,0.5584136508908859,0.5210727969348649,-0.06217592592592591,-0.058009259259259205,0.3434070626162672,0.1685823754789265,0.19319816707044563,1.0716614917832463,0.02219096319122038,0.004166666666666707,0.008284620566386661,0.5459558823529426,0.10549077548172016,0.11144476604291544,0.0,0.9999999987499999,0.6763172811546493,0.2812468242464238,0.2475333625197154,0.34554524939664305,calm,02,02,02,female,normal,124
20,0.6673333333333333,True,1.0,0.23551771698952687,0.2108271011011443,0.22317240904533558,0.7170068273464395,-0.07268518518518519,-0.06680555555555551,0.35037851797185815,0.23153345466395364,0.19260883806186532,0.31125562621386915,0.02469061588838256,0.005879629629629679,0.007472372571968841,0.3984375000000008,0.10366717365404683,0.11331134384576957,0.0,0.9999999987499999,0.6792839914715888,0.28050687783339334,0.25137847749459796,0.35259019758967586,calm,02,02,02,female,normal,124
30,1.0010000000000001,True,1.0,0.5384152936478122,0.5120086741027785,0.5252119838752953,0.7961626049484192,-0.06259259259259264,-0.058287037037037026,0.36923733413531457,0.27011297194728195,0.18839055565185742,0.6596792924095225,0.02640661954503365,0.004305555555555618,0.004810061107816804,0.3615889020881898,0.10227754749691985,0.11339717449156184,0.0,0.9999999987499999,0.6785563843427997,0.28124630314414556,0.25448788731640004,0.36571216817690655,calm,02,02,02,female,normal,124
40,1.3346666666666667,True,1.0,0.33257565944125717,0.3347786147408875,0.33367713709107233,0.7195333173148867,-0.07351851851851854,-0.06763888888888892,0.3928130768927966,0.2398314277702035,0.18565352380921238,0.4637410514029699,0.002202955299630327,0.0058796296296296235,0.004247338610593041,0.40622796132040667,0.12022644345455455,0.10649870793504303,0.0,0.9999999987499999,0.6085095529852566,0.27078578707160683,0.2969977477925258,0.3505375176605486,calm,02,02,02,female,normal,124
50,1.6683333333333334,True,1.0,0.3017945858574533,0.32507360654568374,0.3134340962015685,1.229492509205277,-0.08129629629629631,-0.07560185185185181,0.3455776634541464,0.4629570559353202,0.18494058066540367,0.25492965093717157,0.023279020688230456,0.005694444444444502,0.008871456914989303,0.23611111111111066,0.11875783118358373,0.10883641770936472,0.0,0.9999999987499999,0.607336085613933,0.26903943513908174,0.282908538237654,0.33827077846858294,calm,02,02,02,female,normal,124
60,2.0020000000000002,True,1.0,0.5452381494129968,0.5182910606938894,0.531764605053443,0.8664326616796446,-0.06685185185185183,-0.06259259259259259,0.36447204712597964,0.31045806089179884,0.18706063994881547,0.6137402576936303,0.026947088719107337,0.00425925925925924,0.00698896787260852,0.30936140531507306,0.11801762732872488,0.1089413242843225,0.0,0.9999999987499999,0.6067364550429547,0.2701835413465795,0.28707908102345286,0.3467297122201754,calm,02,02,02,female,normal,124
70,2.3356666666666666,True,1.0,0.4972263007075905,0.4740740740740736,0.48565018739083204,0.7454431053246153,-0.0646296296296297,-0.06009259259259264,0.36604691797942507,0.2938766088298967,0.18842780990276645,0.6514919568266015,0.023152226633516904,0.004537037037037062,0.008034365935374875,0.35697115384615447,0.10559765989322861,0.11168519020157504,0.0,0.9999999987499999,0.6766647211384553,0.2808443813112256,0.25791143131674055,0.3576754291617281,calm,02,02,02,female,normal,124
80,2.6693333333333333,True,1.0,0.5319669048824539,0.5034827446740652,0.5177248247782595,0.8643279084912225,-0.06462962962962965,-0.06097222222222215,0.33378797391290066,0.33787363695565953,0.19043809459322833,0.5989912158245636,0.02848416020838873,0.003657407407407498,0.008444054362559643,0.32727272727272655,0.10410665930666296,0.11341278088580385,0.0,0.9999999987499999,0.6768493558595314,0.27985348270386873,0.2530255902641527,0.35475157186222256,calm,02,02,02,female,normal,124
90,3.003,True,1.0,0.5930126869031401,0.5481625751426688,0.5705876310229044,0.6927176179037583,-0.06546296296296295,-0.060370370370370297,0.34755306552235293,0.2409452584013064,0.19251969308138642,0.8236944120889649,0.04485011176047138,0.0050925925925926485,0.005251188018864613,0.4041177502570003,0.10393070637655172,0.11256304885393091,0.0,0.9999999987499999,0.678836523922069,0.27912616377371147,0.2469239008889081,0.34509035683747397,calm,02,02,02,female,normal,124
100,3.336666666666667,True,1.0,0.578798489234667,0.5708255423871197,0.5748120158108934,0.5771314778959975,-0.06328703703703698,-0.05856481481481479,0.34573547503140656,0.18225204565136807,0.19527997896688176,0.9959810508108827,0.007972946847547346,0.004722222222222183,0.005374709930312585,0.4744146415084187,0.10592567332119024,0.11085976445152194,0.0,0.9999999987499999,0.6795087892657063,0.280117184042629,0.2505705076038084,0.3431398538254184,calm,02,02,02,female,normal,124
110,3.6703333333333332,True,1.0,0.5924150741729374,0.5667441047764432,0.5795795894746902,0.5009043556021493,-0.06203703703703711,-0.05824074074074076,0.3443055860054608,0.15937865860068348,0.20012355802494244,1.1570663800237144,0.02567096939649416,0.003796296296296353,0.0018003728795645028,0.5625000000000001,0.10478177261058454,0.1122814484513729,0.0,0.9999999987499999,0.6758909659254327,0.2833523270557793,0.24540589445934974,0.33555003615566315,calm,02,02,02,female,normal,124
0,0.0,True,1.0,0.5687616719480127,0.5674641643447526,0.5681129181463827,0.5254247200710799,-0.059166666666666645,-0.05560185185185185,0.34189136140345866,0.13906398398799283,0.19529521528455354,1.0812451269318426,0.001297507603260195,0.0035648148148147984,0.016355948013656568,0.5293393275032071,0.1169687075972718,0.10690567283277103,0.0,0.9999999987499999,0.6252601277854892,0.26770185740877056,0.2572677692897895,0.3192618129314234,calm,02,02,02,female,normal,125
10,0.33366666666666667,True,1.0,0.5660615609744436,0.5723703503612974,0.5692159556678704,0.4902065866750178,-0.060185185185185175,-0.056342592592592555,0.3446983992462635,0.13013073110495396,0.19395819522294136,1.1611756576523355,0.006308789386853753,0.0038425925925926196,0.017592397380118828,0.5445854354958868,0.11574080573771034,0.10823385481385464,0.0,0.9999999987499999,0.6247569297015682,0.26678297019962227,0.2541098432953013,0.31998122041444393,calm,02,02,02,female,normal,125
20,0.6673333333333333,True,1.0,0.4716235038858306,0.46793901390645004,0.4697812588961403,0.5821204181283723,-0.0653240740740742,-0.05912037037037032,0.3645697545129891,0.1454725803634346,0.19048976799342796,0.8070173185241917,0.003684489979380534,0.006203703703703878,0.011875559980138645,0.4645517152825654,0.10386057925570631,0.11109489746907188,0.0,0.9999999987499999,0.6761262572607167,0.2828819124583642,0.25121038236154225,0.3439496960272261,calm,02,02,02,female,normal,125
30,1.0010000000000001,True,1.0,0.4281217597508533,0.42850079005216435,0.42831127490150883,0.8798778311023546,-0.0646296296296297,-0.059444444444444355,0.3771941002592119,0.2862638150635403,0.18704065390021427,0.4867849373644284,0.0003790303013110341,0.005185185185185348,0.013297585954003165,0.3124501872954514,0.10177070166127392,0.11182617232831228,0.0,0.9999999987499999,0.6758140865017882,0.2830350428617777,0.2564462544851789,0.3632852184315961,calm,02,02,02,female,normal,125
40,1.3346666666666667,True,1.0,0.45011315227693627,0.4146328485551129,0.43237300041602456,0.713353912288458,-0.06532407407407409,-0.06134259259259256,0.38078728031174636,0.25377452547075496,0.18075995458352442,0.6061128886627406,0.03548030372182337,0.00398148148148153,0.012614400885235645,0.3790716773817003,0.11806900557979697,0.10835945079112326,0.0,0.9999999987499999,0.6116222041629152,0.2683922780545539,0.2859324994667394,0.3486845190879161,calm,02,02,02,female,normal,125
50,1.6683333333333334,True,1.0,0.5537794441670408,0.5136215931905733,0.5337005186788071,1.2850978828086177,-0.06935185185185178,-0.06365740740740738,0.33280930663433345,0.5076807493563764,0.18216613257776035,0.41529950816850586,0.04015785097646751,0.005694444444444391,0.014833761517635253,0.22221686404839458,0.11995332425029066,0.10698446824545431,0.0,0.9999999987499999,0.6116643543354842,0.2696993018524444,0.2890408496646877,0.35914211550795266,calm,02,02,02,female,normal,125
60,2.0020000000000002,True,1.0,0.5059656562852524,0.49019124150904686,0.4980784488971496,0.9445138469560601,-0.06657407407407395,-0.061342592592592615,0.3776981039404347,0.34536975766678374,0.1835346388292238,0.527338429714224,0.015774414776205503,0.005231481481481337,0.017533821130582078,0.29383292838752423,0.10313319004236321,0.11177048482945405,0.0,0.9999999987499999,0.6784418099114645,0.28366463655890384,0.26190181373178106,0.37761557364288223,calm,02,02,02,female,normal,125
70,2.3356666666666666,True,1.0,0.45162977761751427,0.42831472125769426,0.43997224943760427,0.9176431617877999,-0.06731481481481483,-0.06194444444444447,0.3619547195067816,0.36414411182055534,0.18494058066540367,0.47945897464154535,0.023315056359820008,0.005370370370370359,0.010663333519150704,0.29464285714285743,0.1022248098823918,0.11394742643564407,0.0,0.9999999987499999,0.6793669017138104,0.2815140847224822,0.2525696536863763,0.35700265675454496,calm,02,02,02,female,normal,125
80,2.6693333333333333,True,1.0,0.5837000295730559,0.5514651466976794,0.5675825881353677,0.8277880741150335,-0.06634259259259262,-0.06152777777777779,0.31409189392723846,0.33785042290746375,0.1877151272384318,0.6856617120778833,0.03223488287537646,0.004814814814814827,0.00966599153776911,0.3220545783590086,0.10487641085251294,0.11185291274349562,0.0,0.9999999987499999,0.6755209161008153,0.2819695933350603,0.25016799997908507,0.34457626644038314,calm,02,02,02,female,normal,125
90,3.003,True,1.0,0.45284472951762844,0.45224171539960956,0.452543222458619,0.7898050696170593,-0.06384259259259256,-0.05921296296296291,0.34742319274525957,0.3037534094189462,0.18979609920100676,0.5729809036019947,0.0006030141180188853,0.00462962962962965,0.008338277812269129,0.3466673407427067,0.10371625347497022,0.11191269240850803,0.0,0.9999999987499999,0.6745195693433624,0.2832569305258396,0.2524809293241599,0.35204975085369045,calm,02,02,02,female,normal,125
100,3.336666666666667,True,1.0,0.5383149845269379,0.4738661126344144,0.5060905485806761,0.6529168976900448,-0.061712962962963025,-0.05800925925925926,0.3482022890719979,0.22009433806761183,0.19251969308138642,0.775122454896135,0.06444887189252352,0.0037037037037037646,0.013952856429819036,0.4321641308419609,0.10346573615216771,0.11248360455914362,0.0,0.9999999987499999,0.6744191794217685,0.28281254563424724,0.24291873391767224,0.33855936163387945,calm,02,02,02,female,normal,125
110,3.6703333333333332,True,1.0,0.602340892268285,0.582861545151295,0.59260121870979,0.5559281213589227,-0.06245370370370362,-0.05828703703703697,0.35145477035813316,0.1727685059896116,0.19671558142997747,1.065967336318988,0.019479347116990064,0.004166666666666652,0.01733208351597262,0.48718036300789125,0.10563951175732662,0.11096091767288073,0.0,0.9999999987499999,0.6766173948954582,0.2834747448623118,0.24723811265205478,0.33968241711833624,calm,02,02,02,female,normal,125
0,0.0,True,1.0,0.5593882315648401,0.5473113329741216,0.5533497822694808,0.5077794114238449,-0.05902777777777779,-0.05495370370370378,0.35440563135743064,0.11946116096136525,0.1959891058214574,1.0897444240952068,0.012076898590718477,0.004074074074074008,0.010884098594058098,0.5301555798423453,0.11643441417560516,0.10801777853260644,0.0,0.9999999987499999,0.6150974404996374,0.26644711754880035,0.26333397921937796,0.3156529597017573,calm,02,02,02,female,normal,126
10,0.33366666666666667,True,1.0,0.541812359253275,0.5325369384352727,0.5371746488442739,0.49694959545269535,-0.05773148148148155,-0.05370370370370364,0.353383899046257,0.10541355055057149,0.19527997896688165,1.0809439302489734,0.009275420818002256,0.004027777777777908,0.01268982009698635,0.5462956477975752,0.11810603043776259,0.10636673730752112,0.0,0.9999999987499999,0.6131627781815852,0.2673502929940807,0.2664146291086374,0.31561468068869897,calm,02,02,02,female,normal,126
20,0.6673333333333333,True,1.0,0.4565355784784288,0.44441675039179207,0.4504761644351104,0.7426409043210865,-0.06347222222222221,-0.0584722222222222,0.36337747672975773,0.1819755609766028,0.1939581952229413,0.6065867929089233,0.012118828086636724,0.0050000000000000044,0.011355736721311932,0.38593552667310377,0.11666592404625914,0.1075907593735338,0.0,0.9999999987499999,0.6102209551320529,0.26989962324956585,0.275881690024862,0.3359372709178092,calm,02,02,02,female,normal,126
30,1.0010000000000001,True,1.0,0.4979000146014433,0.46776294877773233,0.4828314816895878,0.78740168180212,-0.06324074074074076,-0.05763888888888885,0.3705262341273533,0.24332780420213856,0.18767935757500243,0.6131958984193877,0.03013706582371095,0.005601851851851913,0.01173808757335531,0.3685533874250657,0.10250771266185134,0.11335734955030383,0.0,0.9999999987499999,0.6783737542282537,0.2840417800263696,0.2535234774895019,0.3609902414322232,calm,02,02,02,female,normal,126
40,1.3346666666666667,True,1.0,0.34353115620718905,0.3003103324264385,0.3219207443168138,0.7793557715385635,-0.0703703703703703,-0.06467592592592586,0.3647379376419939,0.3030170482684803,0.1870031233040835,0.41306006328957395,0.04322082378075054,0.005694444444444446,0.00481354929917457,0.3540898325912052,0.10429369171944652,0.11222681302913218,0.0,0.9999999987499999,0.6800750309811425,0.2825216149181995,0.2599731364383367,0.36879694867125584,calm,02,02,02,female,normal,126
50,1.6683333333333334,True,1.0,0.2819307592113968,0.3062077163099785,0.29406923776068766,0.744470978987507,-0.07384259259259257,-0.06981481481481477,0.3674086108827331,0.30058140519087817,0.18710305224310314,0.39500429977892054,0.024276957098581686,0.004027777777777797,0.005446878794977523,0.3893319728858815,0.11950252510554704,0.10713269829150555,0.0,0.9999999987499999,0.6059374265487445,0.2730036568239612,0.2939611376318044,0.3438085485452264,calm,02,02,02,female,normal,126
60,2.0020000000000002,True,1.0,0.5391592874644513,0.5060411978915259,0.5226002426779885,0.5912071725487816,-0.06467592592592586,-0.06134259259259267,0.3571428571428568,0.2142278879944047,0.1877541409174259,0.8839545035033685,0.03311808957292539,0.0033333333333331883,0.004649500555083186,0.45051576215176925,0.1180855544334713,0.10869254980834989,0.0,0.9999999987499999,0.6068350918726865,0.270471752733559,0.276726446285153,0.32488175880733644,calm,02,02,02,female,normal,126
70,2.3356666666666666,True,1.0,0.45303826656928897,0.4435513122794738,0.4482947894243814,0.7719855170595771,-0.065925925925926,-0.06175925925925935,0.3619547195067816,0.29131528945644447,0.19054863455326018,0.5807036265808401,0.009486954289815164,0.004166666666666652,0.010408373254200787,0.35023584905660365,0.10472092647902853,0.11250766659436212,0.0,0.9999999987499999,0.6775936859040491,0.28197329119122133,0.2567533352143638,0.36157490407553794,calm,02,02,02,female,normal,126
80,2.6693333333333333,True,1.0,0.5223497297857155,0.4991897570326573,0.5107697434091863,0.8508468935792572,-0.06365740740740744,-0.05888888888888899,0.348465787203909,0.29626209801689696,0.18835653446589817,0.6003074669057455,0.0231599727530582,0.00476851851851845,0.007920595923321092,0.3319371213318406,0.1048236704195882,0.11173195520995208,0.0,0.9999999987499999,0.6764926434089261,0.28104280708759455,0.25613214741958645,0.3617865000426093,calm,02,02,02,female,normal,126
90,3.003,True,1.0,0.5175991717180867,0.5121575277040139,0.5148783497110503,0.642103740167339,-0.06143518518518515,-0.055694444444444435,0.3545397087313771,0.20905703168238904,0.19179559324362383,0.8018616268718005,0.005441644014072766,0.005740740740740713,0.009787822235474124,0.44476744186046663,0.1041298908441941,0.11339145123330688,0.0,0.9999999987499999,0.6773244827305922,0.28095864187065234,0.24421154280436091,0.34191367508632975,calm,02,02,02,female,normal,126
100,3.336666666666667,True,1.0,0.5878269366848529,0.5622239992795602,0.5750254679822066,0.5205941551457647,-0.06124999999999997,-0.05722222222222201,0.34593371905838005,0.1607497266590593,0.19315669812580716,1.1045561351360182,0.025602937405292625,0.004027777777777963,0.008187889357672277,0.4971261963684413,0.1053390847515777,0.11141729159527368,0.0,0.9999999987499999,0.6810390531603266,0.28000434834993504,0.24747278426887573,0.34344800912530016,calm,02,02,02,female,normal,126
110,3.6703333333333332,True,1.0,0.5779265650212614,0.5384974738323508,0.5582120194268061,0.5034827446740655,-0.05949074074074073,-0.057268518518518496,0.3566959746094002,0.14808316019825504,0.1945578060004257,1.1087013911234835,0.03942909118891058,0.0022222222222222365,0.0074870149502576965,0.5459558823529412,0.10566699824547593,0.11196044329118578,0.0,0.9999999987499999,0.6784354088197779,0.28224534766342335,0.24598738535079592,0.34005271319297636,calm,02,02,02,female,normal,126
0,0.0,True,1.0,0.5508889336860935,0.5416557895200814,0.5462723616030875,0.48890625713744307,-0.05884259259259261,-0.05537037037037029,0.35562766871073803,0.09628573054069071,0.2008175751955657,1.1173355906744253,0.009233144166012064,0.003472222222222321,0.0034352360738439548,0.5794612801400464,0.10411040084104785,0.11239686886878772,0.0,0.9999999987499999,0.6705198098848915,0.2851759318404322,0.24452389622676615,0.3371642962360776,calm,02,02,02,female,normal,127
10,0.33366666666666667,True,1.0,0.5581358639716915,0.5356719483808395,0.5469039061762655,0.48888888888888954,-0.05912037037037032,-0.056712962962962965,0.35367119069266806,0.10370370370370452,0.196683000268253,1.118667080815087,0.022463915590851924,0.002407407407407358,0.00029161261958852693,0.5795454545454548,0.10593822987528671,0.11170383534611902,0.0,0.9999999987499999,0.6748425889809048,0.2830333047513088,0.2491108450671539,0.34289418499316354,calm,02,02,02,female,normal,127
20,0.6673333333333333,True,1.0,0.572476037375393,0.536541050121482,0.5545085437484375,0.8106241604102109,-0.06305555555555553,-0.058379629629629726,0.3692424019002296,0.26308450519389853,0.19677025910922671,0.6840513407197636,0.03593498725391098,0.004675925925925806,0.004830539773906997,0.3552458603764154,0.10496233973185973,0.11211267000491906,0.0,0.9999999987499999,0.6734395023165517,0.28204407612114074,0.2591664973588406,0.36389232428159163,calm,02,02,02,female,normal,127
30,1.0010000000000001,True,1.0,0.5917318665139081,0.527340178084627,0.5595360222992676,0.894589282836096,-0.06486111111111109,-0.06027777777777782,0.3731024820176395,0.31238380622357786,0.1869688496586256,0.6254669411256341,0.06439168842928111,0.004583333333333273,0.0059759725676092655,0.3035593290306367,0.10297196984411984,0.11327268502967017,0.0,0.9999999987499999,0.6749548518548043,0.2816765360002487,0.255045064531807,0.367871565592554,calm,02,02,02,female,normal,127
40,1.3346666666666667,True,1.0,0.5706567264981666,0.5517351835093399,0.5611959550037533,0.7775171034978505,-0.0664351851851851,-0.06087962962962956,0.38303425825348264,0.3054377396438861,0.18216613257776035,0.7217795627634123,0.018921542988826645,0.005555555555555536,0.00011214118677718715,0.3515447659190731,0.11990108685106954,0.10722084575488447,0.0,0.9999999987499999,0.6041612521492973,0.27152813733632264,0.29761208313995063,0.3521354168006457,calm,02,02,02,female,normal,127
50,1.6683333333333334,True,1.0,0.5223497297857155,0.5202476521586651,0.5212986909721903,0.7301686610430128,-0.06300925925925921,-0.05824074074074076,0.3870879453937434,0.24796784423346854,0.1876968367849136,0.7139428446950034,0.0021020776270503916,0.00476851851851845,0.0016505530960393001,0.3714413451310522,0.10364632370403241,0.11282495857661957,0.0,0.9999999987499999,0.6783013453271933,0.2820657737652805,0.2593779369984517,0.3637081509730489,calm,02,02,02,female,normal,127
60,2.0020000000000002,True,1.0,0.5372844109410435,0.5301107990754492,0.5336976050082464,0.8267948754269125,-0.05925925925925929,-0.05624999999999991,0.3860673917140032,0.24114850533284887,0.19251969308138642,0.6455018298615767,0.007173611865594287,0.003009259259259378,0.002695183124820199,0.33749999999999974,0.10291347872422953,0.11265135531534674,0.0,0.9999999987499999,0.6735139549647984,0.2835879325642002,0.2626458400642603,0.3766883381673498,calm,02,02,02,female,normal,127
70,2.3356666666666666,True,1.0,0.5216196293695429,0.5209796117574745,0.5212996205635088,0.724556193690802,-0.06004629629629632,-0.05624999999999997,0.39026395776111067,0.23239172889032556,0.1904545194418211,0.7194743832194315,0.0006400176120683332,0.003796296296296353,0.00013263738242573597,0.37192019487189204,0.10418359533125165,0.11266773297507007,0.0,0.9999999987499999,0.676782732303859,0.2813281369586358,0.25991642748810984,0.3652998394495887,calm,02,02,02,female,normal,127
80,2.6693333333333333,True,1.0,0.5486029178670223,0.565330600048284,0.5569667589576531,0.7090493332382096,-0.0597685185185185,-0.05675925925925923,0.346921721255431,0.17724908174506449,0.19597392345146344,0.7855119987406245,0.01672768218126164,0.003009259259259267,0.0028504682793729715,0.4179968106161356,0.10360766071004772,0.1140360117241964,0.0,0.9999999987499999,0.6714815450711534,0.2855357910947097,0.25050443961167035,0.34547425579328706,calm,02,02,02,female,normal,127
90,3.003,True,1.0,0.5698101385854143,0.5693893711065838,0.569599754845999,0.7279483050129267,-0.059027777777777846,-0.05537037037037029,0.3654320156663943,0.19653360585473106,0.19733398804732605,0.7824728087468851,0.00042076747883046384,0.0036574074074075535,4.608040855942752e-05,0.3942326625651018,0.11643712009204697,0.108191100815588,0.0,0.9999999987499999,0.6123833416335285,0.26819545747775964,0.2755254183567568,0.33121543196520514,calm,02,02,02,female,normal,127
100,3.336666666666667,True,1.0,0.5084800035163989,0.48711471058241895,0.4977973570494089,0.5725064900252216,-0.056805555555555554,-0.05472222222222223,0.3614175162150129,0.13944220612013705,0.1980280405519255,0.8695051771858143,0.02136529293397993,0.002083333333333326,0.004408427545991591,0.4910034435599197,0.10555903627573705,0.1118920966530832,0.0,0.9999999987499999,0.6725661743916316,0.2838896491829169,0.2501784085534854,0.34420835891970364,calm,02,02,02,female,normal,127
110,3.6703333333333332,True,1.0,0.5593882315648389,0.5365254635011352,0.547956847532987,0.503482744674064,-0.05791666666666667,-0.05532407407407414,0.3601030784907296,0.11846652815860302,0.1980280405519255,1.088332923678872,0.022862768063703687,0.0025925925925925353,0.005253504202439849,0.5302281287447054,0.11465487898277206,0.10850917209203921,0.0,0.9999999987499999,0.6317572005364647,0.2693627210419414,0.254293398759019,0.3216707608331453,calm,02,02,02,female,normal,127
0,0.0,True,1.0,0.5622053181754395,0.5573112717112169,0.5597582949433282,0.5238856140621867,-0.06138888888888877,-0.05740740740740735,0.3309035501526147,0.20634920634920684,0.1897442368927915,1.0684742621638075,0.0048940464642226456,0.003981481481481419,0.004011710644158255,0.5283323436570992,0.10466474808830115,0.11205099798908558,0.0,0.9999999987499999,0.6769416102612921,0.2806421933119908,0.24606018055214737,0.34495060280400525,calm,02,02,02,female,strong,128
10,0.33366666666666667,True,1.0,0.55953522402894,0.5273069679849341,0.543421096006937,0.5302869819062588,-0.06240740740740741,-0.05726851851851861,0.33780921633880745,0.18713450292397585,0.1897442368927915,1.0247679361342497,0.03222825604400581,0.005138888888888804,0.0050325706149972164,0.5127974735187316,0.10443665753542508,0.11226361924341886,0.0,0.9999999987499999,0.6759594702724839,0.2814034355262788,0.2460994290907705,0.3454697809633453,calm,02,02,02,female,strong,128
20,0.6673333333333333,True,1.0,0.5390333355460523,0.521114213949212,0.5300737747476321,0.7996490650705728,-0.06129629629629629,-0.05689814814814814,0.35689517934659154,0.28135800437668335,0.1897442368927915,0.662883004435015,0.01791912159684028,0.004398148148148151,0.004027019319323138,0.3645833333333328,0.10536399103038735,0.11156464038580553,0.0,0.9999999987499999,0.6750740015615623,0.28186050946274516,0.2597848656813277,0.3651571629218252,calm,02,02,02,female,strong,128
30,1.0010000000000001,True,1.0,0.5372844109410458,0.5209796117574764,0.5291320113492611,0.7791957968675655,-0.06324074074074071,-0.057916666666666616,0.3878554443433569,0.24606183058975759,0.18834073682628705,0.6790745194935826,0.01630479918356942,0.005324074074074092,0.002085332272607353,0.3556960758410588,0.10341693754235966,0.11286657953933861,0.0,0.9999999987499999,0.675695168215724,0.2821948451925483,0.25859807184306033,0.3691799111867447,calm,02,02,02,female,strong,128
40,1.3346666666666667,True,1.0,0.5207262321927542,0.5039803194040787,0.5123532757984164,0.6974376474839202,-0.06476851851851856,-0.061574074074074114,0.40054942082021766,0.2434315068769307,0.1842283244587804,0.7346223388524906,0.016745912788675432,0.003194444444444444,0.00013616627925097432,0.39266656485282675,0.11809464557975155,0.10972942595463023,0.0,0.9999999987499999,0.6039126721782463,0.2695707916051658,0.29556980167382046,0.3513720801854055,calm,02,02,02,female,strong,128
50,1.6683333333333334,True,1.0,0.4604321527499289,0.4676088772328884,0.4640205149914086,0.7797974329574772,-0.0671296296296297,-0.0640277777777778,0.3645983046517324,0.3248979707007195,0.1821120974028017,0.5950526321067178,0.007176724482959529,0.003101851851851911,0.0035059587084248166,0.3541474534588156,0.12180662604867447,0.1068492663460935,0.0,0.9999999987499999,0.6011123989986621,0.2688293086062703,0.29676974966196235,0.3453680119306462,calm,02,02,02,female,strong,128
60,2.0020000000000002,True,1.0,0.5151304950641397,0.4750957854406122,0.49511314025237596,1.0072968733487673,-0.0678703703703703,-0.06337962962962967,0.3536274903081734,0.4369890847615984,0.18140189284711347,0.49152653339066565,0.040034709623527454,0.004490740740740629,0.0014455315820987634,0.28163420508840686,0.11971102588727757,0.10743300551313162,0.0,0.9999999987499999,0.5997414029674369,0.26708949622286626,0.28785106109491854,0.3472970501048302,calm,02,02,02,female,strong,128
70,2.3356666666666666,True,1.0,0.5303433565944965,0.48137607743455935,0.5058597170145279,0.5176773217442531,-0.0642592592592593,-0.05972222222222223,0.35736444401563056,0.22183306244725842,0.18700312330408345,0.9771718709061716,0.04896727915993715,0.004537037037037062,0.0016219782355913262,0.4989684303504958,0.10320042166555168,0.11323296632679168,0.0,0.9999999987499999,0.6785499662755727,0.27882074168928,0.24842338396556535,0.3504562841813141,calm,02,02,02,female,strong,128
80,2.6693333333333333,True,1.0,0.5133273782332246,0.48210922787193994,0.49771830305258224,0.761264437225397,-0.0639351851851852,-0.05935185185185193,0.37278499847112734,0.2748861336531546,0.18979609920100676,0.6538047473577392,0.03121815036128467,0.004583333333333273,0.0001597999804196627,0.3541474534588156,0.10505348307377174,0.11185707525528114,0.0,0.9999999987499999,0.6770285886776586,0.2823798026014986,0.26109075194544423,0.36425600151619353,calm,02,02,02,female,strong,128
90,3.003,True,1.0,0.5779203324119732,0.5717190238186312,0.5748196781153021,0.8428129048696869,-0.06217592592592586,-0.05796296296296305,0.34165508735888517,0.28349161345616736,0.1945578060004257,0.682025245216409,0.006201308593342003,0.004212962962962807,0.005987067360601149,0.3374999999999994,0.10389775185922637,0.11377177368045499,0.0,0.9999999987499999,0.6727849295186824,0.28409601835008275,0.2532534800289421,0.3551390437038029,calm,02,02,02,female,strong,128
100,3.336666666666667,True,1.0,0.5477480886482168,0.5444752892782294,0.5461116889632232,0.5160759959939651,-0.059768518518518554,-0.0568055555555555,0.3688326604992249,0.15052216549824032,0.19799220734919584,1.0582001356436064,0.003272799369987367,0.002962962962963056,0.00126594483723884,0.5312499999999982,0.10439616363343827,0.11348261670292746,0.0,0.9999999987499999,0.6712968970244347,0.28462183782337047,0.24817611881426452,0.34251538383943503,calm,02,02,02,female,strong,128
110,3.6703333333333332,True,1.0,0.5779203324119745,0.5536909239520094,0.5658056281819919,0.47409528654145955,-0.05736111111111114,-0.054305555555555496,0.35693731854624206,0.12591210916859547,0.19940352799112815,1.1934428462884799,0.02422940845996513,0.0030555555555556446,0.001342225350035974,0.5799885264545798,0.10589503220743625,0.11208525964246928,0.0,0.9999999987499999,0.6704649337625675,0.28533366375920555,0.24950937589217936,0.3399772322743951,calm,02,02,02,female,strong,128
120,4.0040000000000004,True,1.0,0.5609357013577273,0.539156506698513,0.5500461040281202,0.4993936649372278,-0.05754629629629632,-0.054629629629629695,0.3645681082153182,0.11748831411432602,0.20076893997186585,1.101427876737802,0.021779194659214296,0.002916666666666623,0.005985386612482909,0.5301555798423441,0.1056431581793006,0.1114713715149539,0.0,0.9999999987499999,0.6734656931366296,0.2733029697159172,0.23989058230159516,0.3479536377008271,calm,02,02,02,female,strong,128
0,0.0,True,1.0,0.42067661459684524,0.3917192202290354,0.4061979174129403,0.5210829115198895,-0.06870370370370371,-0.06439814814814804,0.340049576418661,0.17622451647275192,0.19525184725676922,0.7795264600563204,0.028957394367809863,0.0043055555555556735,0.0006727659780834275,0.5624230354721592,0.10402476182666281,0.11281439853540258,0.0,0.9999999987499999,0.6742142799307221,0.28293756855821844,0.24632739815313157,0.3430515392169627,calm,02,02,02,female,strong,129
10,0.33366666666666667,True,1.0,0.5465573772986417,0.5178780161974932,0.5322176967480674,0.5210116139194433,-0.06356481481481485,-0.06013888888888885,0.34210548905699195,0.19154838747038389,0.19175620820850034,1.0215083167615469,0.02867936110114855,0.003425925925925999,0.0016007894951281876,0.5459558823529401,0.10590458448540643,0.11105160320888358,0.0,0.9999999987499999,0.6729143369691627,0.28157352879430786,0.2483716775276641,0.34362748400031906,calm,02,02,02,female,strong,129
20,0.6673333333333333,True,1.0,0.49196636379490044,0.46720215698258466,0.4795842603887426,0.8597449908925314,-0.06407407407407406,-0.060324074074074086,0.35948183466794004,0.3205828779599273,0.18969959983660586,0.5578215232063979,0.02476420681231578,0.0037499999999999756,0.004453825207576909,0.3245953550171465,0.10510129618688764,0.11266089324913472,0.0,0.9999999987499999,0.6755671304459284,0.2805385739141944,0.2573102999146763,0.3621512527099069,calm,02,02,02,female,strong,129
30,1.0010000000000001,True,1.0,0.515581553775621,0.4973240624029427,0.5064528080892818,0.8533333333333337,-0.06523148148148139,-0.060972222222222316,0.3685491671170617,0.34133333333333327,0.1834835015461247,0.5934993844796269,0.01825749137267829,0.004259259259259074,0.0018273428979405466,0.32854800775956333,0.1040478062145396,0.11313046233164094,0.0,0.9999999987499999,0.6746334329200431,0.28240700122889895,0.25721316776507597,0.36714866833719656,calm,02,02,02,female,strong,129
40,1.3346666666666667,True,1.0,0.2873075701218209,0.3219301539278653,0.3046188620248431,0.794236573656525,-0.0794907407407407,-0.07555555555555554,0.36064596338504973,0.3248979707007197,0.1793543579180893,0.383536684318668,0.03462258380604438,0.003935185185185153,0.0007217819821882324,0.357935826417975,0.12254170196483598,0.10473978955015725,0.0,0.9928706136083927,0.6017751878642082,0.2663354492174698,0.2938644743111043,0.33665936629092236,calm,02,02,02,female,strong,129
50,1.6683333333333334,True,1.0,0.5305045932296828,0.49019124150904747,0.5103479173693651,1.23955147808359,-0.07148148148148142,-0.06634259259259256,0.32109270075233437,0.5871559633027533,0.17656181716245095,0.4117198247856468,0.040313351720635326,0.0051388888888888595,0.0025621669455380513,0.22981776708560525,0.12193344604608894,0.10670452007049243,0.0,0.9999999987499999,0.5980616437746973,0.2645612591960186,0.2929250583843675,0.3503260313585068,calm,02,02,02,female,strong,129
60,2.0020000000000002,True,1.0,0.4939436291916191,0.46683143815253236,0.48038753367207576,1.0054913659838904,-0.06638888888888889,-0.0625,0.3617342485023024,0.4152564606573769,0.1806924102405461,0.4777639569306579,0.02711219103908674,0.003888888888888886,0.0027525892007825717,0.2775156661545472,0.10369139350126053,0.11244518092872377,0.0,0.9999999987499999,0.6759891952796744,0.2823726160089452,0.25943740689048805,0.3779965113487896,calm,02,02,02,female,strong,129
70,2.3356666666666666,True,1.0,0.5563190260053275,0.5363984674329497,0.5463587467191386,1.0984643179765123,-0.06875000000000003,-0.06282407407407409,0.36251297045998504,0.44805781391147187,0.182080255219395,0.4973841551135583,0.019920558572377733,0.005925925925925946,0.003114558609701364,0.25938000612597023,0.10495934925165656,0.11194540899506504,0.0,0.9999999987499999,0.6747428568067853,0.2823043936501272,0.2591199939119344,0.36311813717052044,calm,02,02,02,female,strong,129
80,2.6693333333333333,True,1.0,0.5663799454728002,0.5334711632655812,0.5499255543691908,0.806147610672316,-0.0672222222222223,-0.061666666666666814,0.3183192605267506,0.34549183314527787,0.18692354984541248,0.682164838162282,0.032908782207219045,0.00555555555555548,0.003968743592934485,0.3214285714285707,0.10443656060475863,0.1124332886615211,0.0,0.9999999987499999,0.6758998618900687,0.2800826417642177,0.2495099213700929,0.3476804945489685,calm,02,02,02,female,strong,129
90,3.003,True,1.0,0.5651736432149627,0.5571859100530234,0.561179776633993,0.7532956685499053,-0.06560185185185174,-0.06074074074074076,0.34829917621338824,0.2862523540489631,0.1897285547994645,0.7449661534816263,0.007987733161939237,0.004861111111110983,0.008630151260455415,0.3717883302364396,0.10540701935163821,0.11169469015758256,0.0,0.9999999987499999,0.6777602095291243,0.2806429117404965,0.2531443935011797,0.35174370819145623,calm,02,02,02,female,strong,129
100,3.336666666666667,True,1.0,0.5903488601674667,0.5626134651813021,0.5764811626743844,0.6628249680079176,-0.065,-0.06083333333333335,0.34679493892798297,0.2334951591846077,0.1911016173062288,0.8697336257669435,0.02773539498616462,0.004166666666666652,0.0028706753122108926,0.4346590909090898,0.10655442020098682,0.1104282351854277,0.0,0.9999999987499999,0.6769869160085908,0.2814316094901107,0.2514254254496376,0.3444834050829432,calm,02,02,02,female,strong,129
110,3.6703333333333332,True,1.0,0.571836371561916,0.5473181692952747,0.5595772704285953,0.5674405145664866,-0.06222222222222229,-0.05847222222222215,0.3499218842424682,0.20905703168239012,0.19521550446455999,0.9861426106595531,0.024518202266641365,0.003750000000000142,0.0019623220156915235,0.50328947368421,0.10609762485897688,0.1115524512493636,0.0,0.9999999987499999,0.6785746256471338,0.2823972587987731,0.24883978604232615,0.34043737173178573,calm,02,02,02,female,strong,129
120,4.0040000000000004,True,1.0,0.6008581771451829,0.6243218555877427,0.6125900163664628,0.5571859100530222,-0.06273148148148155,-0.05907407407407406,0.3467426676513491,0.1807089438009798,0.1980415244866766,1.099435583911604,0.02346367844255981,0.003657407407407498,0.004386839168301187,0.5024166624816756,0.10447386439074619,0.11188896016528001,0.0,0.9999999987499999,0.6752676844956733,0.28362584744480596,0.24532961688092395,0.3365007157194299,calm,02,02,02,female,strong,129
0,0.0,True,1.0,0.6031714966151469,0.5827518338999694,0.5929616652575582,0.4944497208461992,-0.06203703703703711,-0.058472222222222314,0.34104860824611904,0.16996709154088135,0.19178167016558634,1.1992355142657702,0.020419662715177478,0.0035648148148147984,0.017801127436400953,0.5449218749999994,0.10292489986068364,0.11314719964828629,0.0,0.9999999987499999,0.6759076318417991,0.284467539878253,0.24245926567477094,0.34166444844617166,calm,02,02,02,female,strong,130
10,0.33366666666666667,True,1.0,0.5796909645323685,0.5628461282086904,0.5712685463705294,0.5101580780001322,-0.06333333333333335,-0.05893518518518526,0.34238096573638116,0.19321362938022346,0.19039362020939674,1.1197873188835035,0.01684483632367806,0.0043981481481480955,0.01148401814337492,0.5283323436571004,0.10501925145452141,0.11171880981466707,0.0,0.9999999987499999,0.6778394569702881,0.28242819312562534,0.247290349504175,0.34404624312389587,calm,02,02,02,female,strong,130
20,0.6673333333333333,True,1.0,0.5372844109410447,0.5212242857010778,0.5292543483210612,0.8122605363984664,-0.06388888888888888,-0.05888888888888888,0.3432787241354534,0.29118773946360027,0.1876626898353799,0.6515820043009299,0.016060125239966916,0.0050000000000000044,0.011520758459549096,0.34014634674188554,0.10277194361327986,0.11429074805402499,0.0,0.9999999987499999,0.6778575552564775,0.28077316667046986,0.24944578816336432,0.3550651942392499,calm,02,02,02,female,strong,130
30,1.0010000000000001,True,1.0,0.5131396526366011,0.5114455687653902,0.5122926107009956,1.0697174011072668,-0.06611111111111123,-0.06148148148148147,0.3379921813119081,0.4483221017737122,0.1827896276135042,0.478904624876365,0.0016940838712109496,0.004629629629629761,0.01614442775957162,0.27336441964494684,0.10237182511413365,0.11381536438524249,0.0,0.9999999987499999,0.6758492884263081,0.2820674466915159,0.2522171621181921,0.36597228425035183,calm,02,02,02,female,strong,130
40,1.3346666666666667,True,1.0,0.5711784984917503,0.5424982999108313,0.5568383992012909,0.7929150229651957,-0.06662037037037039,-0.06129629629629624,0.36680184706573565,0.324357364599172,0.1807987811545623,0.7022674348115269,0.02868019858091897,0.005324074074074148,0.013434040155286157,0.3477090885203191,0.12050398250787228,0.10636384087011935,0.0,0.9999999987499999,0.60517299576862,0.26927120746762456,0.2932395452521315,0.3475792512556,calm,02,02,02,female,strong,130
50,1.6683333333333334,True,1.0,0.5614205395221985,0.5332371461842913,0.5473288428532449,0.8121300861201078,-0.06550925925925927,-0.060046296296296264,0.35295575762490583,0.3308498635967553,0.18624388353869456,0.6739423304314072,0.028183393337907203,0.005462962962963003,0.010617044336354735,0.33331525031417886,0.10252495614460075,0.11367744329943856,0.0,0.9999999987499999,0.6749023798972714,0.28266170855818773,0.25240294073480546,0.3609194218156116,calm,02,02,02,female,strong,130
60,2.0020000000000002,True,1.0,0.5459580566098235,0.49717514124293744,0.5215665989263805,0.8256561900708594,-0.06277777777777782,-0.057638888888888906,0.3817086227006542,0.26144630443532796,0.1897442368927915,0.6316994957448555,0.048782915366886115,0.005138888888888915,0.004360899601820896,0.33748516943462525,0.10372006085874685,0.11326293530071208,0.0,0.9999999987499999,0.6757130496964411,0.2834022594549227,0.2622302465202963,0.3769652934644139,calm,02,02,02,female,strong,130
70,2.3356666666666666,True,1.0,0.6034568466656143,0.5724964077070792,0.5879766271863467,1.1199798821181683,-0.06305555555555559,-0.05847222222222226,0.35256758553412154,0.35838348288409694,0.19389210073779606,0.5249885614680261,0.030960438958535064,0.004583333333333328,0.008576313417269926,0.254992828427549,0.10386450346931182,0.11296196045138862,0.0,0.9999999987499999,0.6730313668357967,0.2841455045773464,0.2573792126060321,0.35517103465898303,calm,02,02,02,female,strong,130
80,2.6693333333333333,True,1.0,0.6023408922682875,0.5663818855212924,0.58436138889479,0.7352844830816068,-0.06069444444444444,-0.05648148148148152,0.33110996884816785,0.19179900406117859,0.1973475194038022,0.794741902407226,0.03595900674699504,0.004212962962962918,0.010401735597760737,0.37967053445721793,0.11598107326630816,0.10990011604965869,0.0,0.9999999987499999,0.6102190451727565,0.26898969259496525,0.26548723545137676,0.31611833176620047,calm,02,02,02,female,strong,130
90,3.003,True,1.0,0.5812191238536834,0.5518720258550239,0.5665455748543536,0.7815649544194798,-0.06115740740740744,-0.05615740740740738,0.34572077851060856,0.23752000046327448,0.19662713428789932,0.7248861040285061,0.02934709799865942,0.00500000000000006,0.008737703499820195,0.35346392074086486,0.11636202012485543,0.1082718684772071,0.0,0.9999999987499999,0.6099183603363221,0.26925060493439984,0.27156834934534985,0.32634144592501557,calm,02,02,02,female,strong,130
100,3.336666666666667,True,1.0,0.5585199711895028,0.5313760303273468,0.5449480007584249,0.5572502953411842,-0.05759259259259247,-0.05421296296296296,0.35426788824081673,0.1505907865008165,0.19940352799112815,0.9779232156795411,0.02714394086215599,0.0033796296296295103,0.000469043945030137,0.502358612729417,0.10686262337729979,0.11064777972412396,0.0,0.9999999987499999,0.6714651561562125,0.2736388512224636,0.2413732589333389,0.3470761478413894,calm,02,02,02,female,strong,130
110,3.6703333333333332,True,1.0,0.5887915143595885,0.5667441047764444,0.5777678095680165,0.514369764956176,-0.0587037037037037,-0.05500000000000005,0.33765035767813806,0.14028266316986585,0.2001235580249425,1.123253832031208,0.022047409583144106,0.0037037037037036535,0.00918239985585141,0.5284090909090929,0.11308708879975152,0.11065985673145319,0.0,0.9999999987499999,0.6265707277911163,0.2680763841915299,0.24767707543806014,0.32144305210561464,calm,02,02,02,female,strong,130
120,4.0040000000000004,True,1.0,0.5865864429596679,0.566381885521293,0.5764841642404804,0.5099012746226416,-0.05750000000000005,-0.055555555555555636,0.33948014142757627,0.13906398398799283,0.19876470665850138,1.1305799630862157,0.020204557438374904,0.0019444444444444153,0.011832154424439268,0.5454545454545465,0.1156810493096163,0.10812165520223299,0.0,0.9999999987499999,0.6195188848664466,0.2689605012317814,0.25662751463312145,0.31962104411022446,calm,02,02,02,female,strong,130
0,0.0,True,1.0,0.5825988710098053,0.5776475989186058,0.5801232349642056,0.5363984674329495,-0.06462962962962965,-0.059444444444444466,0.34262229933429633,0.19923371647509505,0.1911016173062288,1.0815154594689846,0.004951272091199499,0.005185185185185182,0.008721327122948961,0.49821428571428544,0.1059845381248378,0.111146845283097,0.0,0.9999999987499999,0.6762944297719088,0.27987566915351914,0.2500654142507209,0.34961763903074955,calm,02,02,02,female,strong,131
10,0.33366666666666667,True,1.0,0.5980288585098888,0.5924559149384312,0.5952423867241601,0.5363354849170726,-0.06374999999999997,-0.05884259259259261,0.3415474425220202,0.19154838747038266,0.1911319565555269,1.109832191722678,0.005572943571457656,0.00490740740740736,0.008528901657988426,0.5303571428571431,0.10644557937828866,0.11104904350718374,0.0,0.9999999987499999,0.6744466717311927,0.27960509282001617,0.25151252846957606,0.3476581762114214,calm,02,02,02,female,strong,131
20,0.6673333333333333,True,1.0,0.6089397312924468,0.5927159208382431,0.600827826065345,0.7141187587897745,-0.06365740740740744,-0.058240740740740704,0.346637960093682,0.25068331370660407,0.1890055825791123,0.8413556130125681,0.016223810454203735,0.005416666666666736,0.009198532339506944,0.3835418172895456,0.105130842374382,0.11229451195211947,0.0,0.9999999987499999,0.6751826212907037,0.27897652681398283,0.25201876293410436,0.3501360068644932,calm,02,02,02,female,strong,131
30,1.0010000000000001,True,1.0,0.5310650056387188,0.5208281941033635,0.5259465998710411,1.1517907861093224,-0.07018518518518524,-0.06458333333333327,0.3352864508100782,0.45136443037959506,0.18559803753688617,0.4566337968787335,0.010236811535355383,0.005601851851851969,0.005384880873152546,0.25083734794026696,0.10526183474347656,0.11166103052063647,0.0,0.9999999987499999,0.6744980799585458,0.2807986592005099,0.25742102062494154,0.36902878109728,calm,02,02,02,female,strong,131
40,1.3346666666666667,True,1.0,0.5420750677168384,0.5247257343595874,0.533400401038213,0.7779845413367433,-0.06787037037037041,-0.063888888888889,0.35470152300193725,0.3302578566003258,0.18488735635236406,0.6856182516450999,0.017349333357251084,0.003981481481481419,0.0029042041274095274,0.3507239555226695,0.1190067375245741,0.1057190690017219,0.0,0.9999999987499999,0.6226409516072055,0.2673058349351448,0.283359815855231,0.3458650792128527,calm,02,02,02,female,strong,131
50,1.6683333333333334,True,1.0,0.22007625006931716,0.22926363325638327,0.2246699416628502,0.7926618569994109,-0.07953703703703702,-0.07268518518518519,0.3542409217657843,0.30090160268029675,0.18769683678491356,0.2834373064364786,0.009187383187066106,0.006851851851851831,0.007253745644246665,0.3437313518864966,0.10492097761985902,0.11232112864805585,0.0,0.9999999987499999,0.6749753610819329,0.27980239306521343,0.2557677131709361,0.35600533734359063,calm,02,02,02,female,strong,131
60,2.0020000000000002,True,1.0,0.5143902573466189,0.5212242857010797,0.5178072715238493,0.8734256404134564,-0.06263888888888891,-0.05787037037037035,0.3703234174380887,0.281738611628786,0.19387754118660183,0.5928464285508417,0.006834028354460786,0.004768518518518561,0.008865223247258329,0.33567166929908304,0.10629125378903242,0.11153891113106168,0.0,0.9999999987499999,0.6695182893548045,0.2826061624091361,0.26336409798600113,0.36749126745331956,calm,02,02,02,female,strong,131
70,2.3356666666666666,True,1.0,0.5833585002680534,0.577675581149285,0.5805170407086692,1.1536295061830892,-0.06361111111111117,-0.05874999999999997,0.3434203312011505,0.3870624566016613,0.193923577111618,0.503209251841498,0.0056829191187683925,0.004861111111111205,0.011205471172496569,0.2590389577196328,0.10617457069442467,0.11199074855024815,0.0,0.9999999987499999,0.6667917509816426,0.28454241513562123,0.26045825010293083,0.353191075009122,calm,02,02,02,female,strong,131
80,2.6693333333333333,True,1.0,0.5745268065315373,0.5684273174000933,0.5714770619658154,0.804015870593169,-0.06361111111111112,-0.05921296296296302,0.3440760164381108,0.2730004990646825,0.19319816707044563,0.7107783351890848,0.00609948913144398,0.0043981481481480955,0.0043412263853202645,0.3395461570469668,0.1054434742182546,0.11217098165467677,0.0,0.9999999987499999,0.6754839792401336,0.281791439744535,0.2570679392790414,0.35355256091989007,calm,02,02,02,female,strong,131
90,3.003,True,1.0,0.6209105205090634,0.5590293682310382,0.5899699443700508,0.8192719261408103,-0.06291666666666662,-0.05833333333333329,0.33749691279967853,0.3014132618331479,0.19178167016558628,0.7201149283231404,0.06188115227802515,0.004583333333333328,0.008060804642693773,0.3289909056875048,0.1066125512531304,0.11088875212773079,0.0,0.9999999987499999,0.6724909098952081,0.2814446860344448,0.2605611363850429,0.3633161124350157,calm,02,02,02,female,strong,131
100,3.336666666666667,True,1.0,0.5988497177579053,0.5828615451512962,0.5908556314546007,0.64722894829938,-0.06310185185185185,-0.0589351851851852,0.348050506255309,0.24833404720210464,0.19389210073779597,0.9129005014486722,0.01598817260660912,0.004166666666666652,0.002068946738039477,0.4185688393370687,0.10687028911881657,0.11046804419942839,0.0,0.9999999987499999,0.6728684423300569,0.2796578479912437,0.25340303340167797,0.34751364250785216,calm,02,02,02,female,strong,131
110,3.6703333333333332,True,1.0,0.5812042777925289,0.5777659824099547,0.5794851301012418,0.5869713842958837,-0.06185185185185188,-0.05851851851851847,0.34702909358387246,0.2031824022562678,0.19525184725676933,0.9872459639516802,0.00343829538257423,0.0033333333333334103,0.003195796354555569,0.46225016352102444,0.10486895946696777,0.11236969709499878,0.0,0.9999999987499999,0.6714920950176946,0.2817300049221511,0.24762359225803274,0.34516529972908006,calm,02,02,02,female,strong,131
120,4.0040000000000004,True,1.0,0.5502096654762673,0.5674708889776843,0.5588402772269758,0.5009771185765632,-0.0630092592592591,-0.0588425925925925,0.3416812440570535,0.1593786586006847,0.19595951857719734,1.1155006017337088,0.01726122350141701,0.004166666666666596,0.009333037378764418,0.5462163026642963,0.10592466989508202,0.11051647865918618,0.0,0.9999999987499999,0.6742431275010006,0.2813844047254295,0.2502892803825688,0.34554525949742815,calm,02,02,02,female,strong,131
0,0.0,True,1.0,0.47429947486798957,0.4592326241284921,0.46676604949824085,0.4582231627654333,-0.05592592592592588,-0.05212962962962958,0.3830342582534826,0.05553413448070639,0.20303195949051062,1.0186435069786743,0.015066850739497484,0.0037962962962962976,0.0020890784512954874,0.5965042589676925,0.10263630176296855,0.11307256725217428,0.0,0.9999999987499999,0.6702527787443102,0.28213846401894854,0.24607417363868245,0.35037186679659527,happy,03,02,02,female,normal,132
10,0.33366666666666667,True,1.0,0.4610682648467474,0.45801093919855324,0.4595396020226503,0.44083172308172097,-0.05643518518518509,-0.0534722222222222,0.3882511753448631,0.05510396538521498,0.19813858172865886,1.0424376875832533,0.0030573256481941646,0.0029629629629628895,0.0009025128799685939,0.5976562500000017,0.10511130215582325,0.11146140970914138,0.0,0.9999999987499999,0.6687370248802647,0.28107590648338854,0.24983344860990317,0.34768916217458995,happy,03,02,02,female,normal,132
20,0.6673333333333333,True,1.0,0.5125931082449218,0.4597273213120411,0.4861602147784814,0.8043040525997526,-0.05949074074074073,-0.055231481481481604,0.4108421223704988,0.15566534570676877,0.1939074461083174,0.6044482968935261,0.05286578693288069,0.004259259259259129,0.006804809773774754,0.3447438765774361,0.10264013715382958,0.1142424867662826,0.0,0.9999999987499999,0.6699314587397459,0.28251035707225236,0.2575556597732299,0.37374609926897473,happy,03,02,02,female,normal,132
30,1.0010000000000001,True,1.0,0.4118932672716016,0.4210375859006832,0.4164654265861424,0.8163149028558153,-0.06324074074074065,-0.05888888888888888,0.4424996854572877,0.21007385394177308,0.18704065390021432,0.5101774145359468,0.009144318629081605,0.0043518518518517735,0.007232506663469174,0.33087103288582215,0.10139945452491272,0.11434977251543729,0.0,0.9999999987499999,0.6759990923869548,0.29109725668892455,0.2722661706918709,0.3809726556045304,happy,03,02,02,female,normal,132
40,1.3346666666666667,True,1.0,0.4061426632094184,0.3831820754847948,0.39466236934710663,0.7122461259595906,-0.06458333333333344,-0.05972222222222223,0.40593954966353074,0.2784089255989576,0.1822967560880148,0.5541095345592626,0.02296058772462356,0.004861111111111205,0.006283441421187236,0.37882582801059983,0.10435075978004266,0.11268213022020675,0.0,0.9999999987499999,0.6755532184514431,0.28847127953210877,0.2740603817695636,0.37590602439620113,happy,03,02,02,female,normal,132
50,1.6683333333333334,True,1.0,0.4216156804785061,0.42910366690336244,0.4253596736909343,0.8002491397716164,-0.06203703703703706,-0.056620370370370376,0.4219924983370288,0.32510121303221895,0.18437610856573247,0.5315340592710015,0.007487986424856319,0.005416666666666681,0.0073148480614035165,0.35156249999999933,0.10187396387446872,0.11442782519703536,0.0,0.9999999987499999,0.6755999697769733,0.29010631155064515,0.2759194446208867,0.38990885807911846,happy,03,02,02,female,normal,132
60,2.0020000000000002,True,1.0,0.47620634821891117,0.444570350310322,0.4603883492646166,0.8819824912168378,-0.06430555555555556,-0.06037037037037041,0.4231236663272623,0.24568719033819175,0.1884087787601568,0.521992617596565,0.031635997908589175,0.003935185185185153,0.005785738977625841,0.3137081601737098,0.1140206557927444,0.11210280488893966,0.0,0.9999999987499999,0.6038888728303821,0.2725247549111663,0.2937709563181723,0.3606352221667499,happy,03,02,02,female,normal,132
70,2.3356666666666666,True,1.0,0.49668041612189073,0.4666558617526251,0.4816681389372579,0.7245153900698418,-0.059814814814814765,-0.055324074074074026,0.3888167185525246,0.20505152549146483,0.19675125936895957,0.6648142269149397,0.030024554369265655,0.00449074074074074,0.004125088920315706,0.38207547169811223,0.10469782769626984,0.11167941898007594,0.0,0.9999999987499999,0.6699704865383652,0.2818315277072105,0.2632994646655918,0.36794201704901675,happy,03,02,02,female,normal,132
80,2.6693333333333333,True,1.0,0.49054159319568524,0.457757028827131,0.4741493110114081,0.5651954168460638,-0.055694444444444435,-0.052870370370370345,0.3951739370717169,0.14129885421151542,0.20221957827971743,0.8389121653839368,0.03278456436855426,0.00282407407407409,0.0007077970107820088,0.4961073851059764,0.10477853370960288,0.11262331155917708,0.0,0.9999999987499999,0.6650733569677872,0.2830971530817305,0.25190053233161114,0.34610694651997814,happy,03,02,02,female,normal,132
90,3.003,True,1.0,0.4771881736782765,0.45529733143042206,0.46624275255434927,0.45822316276543407,-0.055324074074074026,-0.053379629629629666,0.3832456591974335,0.12495180258159042,0.20219241210169514,1.0175014936838112,0.021890842247854425,0.0019444444444443598,0.0037308779621304613,0.6135472377953398,0.1043368412741085,0.1123563936566355,0.0,0.9999999987499999,0.6669214905571603,0.2835958808549363,0.24739654701946825,0.3417255501129799,happy,03,02,02,female,normal,132
100,3.336666666666667,True,1.0,0.5152733299475295,0.503917410071605,0.5095953700095672,0.4795925493052215,-0.05564814814814817,-0.0537037037037037,0.37462526524647194,0.12693359876238786,0.2036880846810863,1.0625589800087811,0.011355919875924547,0.0019444444444444708,0.0005613097723909381,0.5797112715998853,0.10583047552166658,0.11095064710736578,0.0,0.9999999987499999,0.66789571173782,0.28367335736089844,0.24918165669480996,0.3426958313325848,happy,03,02,02,female,normal,132
0,0.0,True,1.0,0.539169337869769,0.5254371211877013,0.5323032295287351,0.4656935720386526,-0.05638888888888882,-0.05287037037037029,0.38026810046275944,0.05641493278328299,0.20226597872646213,1.1430332336314788,0.0137322166820677,0.003518518518518532,0.0023278514306657077,0.5792089768155212,0.10562765853859413,0.110800385825618,0.0,0.9999999987499999,0.672795917781175,0.2726847278963771,0.2395778827671838,0.3429512955194709,happy,03,02,02,female,normal,133
10,0.33366666666666667,True,1.0,0.5357236709625585,0.5209796117574745,0.5283516413600164,0.46549080432929624,-0.058611111111111,-0.054398148148148084,0.37845032120006755,0.09872613237074523,0.19602180231674984,1.1350420597916933,0.014744059205083926,0.004212962962962918,0.011036355121725272,0.6135472377953397,0.10499011985977412,0.11106212038450605,0.0,0.9999999987499999,0.6773043241437199,0.28234112657902605,0.24997405668073064,0.3434167260981869,happy,03,02,02,female,normal,133
20,0.6673333333333333,True,1.0,0.460510890069411,0.44457035031032194,0.45254062018986646,0.8819623192155133,-0.06148148148148147,-0.056666666666666754,0.4128637468121912,0.22365636994556576,0.19120219738667715,0.5131065243154511,0.015940539759089045,0.004814814814814716,0.01074864481657701,0.3100802233328401,0.10271601307069549,0.11384004700203298,0.0,0.9999999987499999,0.6724598060396032,0.28268424998275754,0.26494117458873623,0.3768648978744288,happy,03,02,02,female,normal,133
30,1.0010000000000001,True,1.0,0.45049416645084894,0.42930519203798734,0.43989967924441814,0.8082533961405167,-0.06458333333333338,-0.058148148148148115,0.4311980142405729,0.24491637673849864,0.1884682953013997,0.5442596113359733,0.021188974412861605,0.006435185185185266,0.006007079101878031,0.34123323230437497,0.10423557608847549,0.11278868832965097,0.0,0.9999999987499999,0.6708668278326957,0.2841557677501255,0.27313765847228066,0.38618572822078706,happy,03,02,02,female,normal,133
40,1.3346666666666667,True,1.0,0.23132857515793362,0.21093648120425687,0.22113252818109524,0.6959971464865979,-0.07268518518518524,-0.06944444444444448,0.41391954140770487,0.2592951001168264,0.18561571274232222,0.3177204522998046,0.02039209395367675,0.0032407407407407662,0.001013064807962387,0.4105107142415374,0.12007674245327796,0.10737953347554008,0.0,0.9999999987499999,0.6071763170815201,0.26887024430230977,0.3046998636624986,0.35377757924607234,happy,03,02,02,female,normal,133
50,1.6683333333333334,True,1.0,0.4655413138979609,0.4521475806607049,0.4588444472793329,0.781191420464428,-0.06435185185185188,-0.06018518518518512,0.4196552179967414,0.27088587652672425,0.18698557924659692,0.5873649342008187,0.013393733237256011,0.004166666666666763,0.001386668119458883,0.3447438765774367,0.1176755292228822,0.10965878995472621,0.0,0.9999999987499999,0.6030968598376851,0.2706105091572868,0.30105113228071884,0.3617627856892637,happy,03,02,02,female,normal,133
60,2.0020000000000002,True,1.0,0.4358339208922558,0.42103758590068263,0.4284357533964692,1.0182433716784562,-0.06370370370370376,-0.05861111111111106,0.4067692392133896,0.31329750621004854,0.18767935757500243,0.4207596781997633,0.014796334991573179,0.005092592592592704,0.008705533729449252,0.2815347330912381,0.10373569360871551,0.1145865654829136,0.0,0.9999999987499999,0.6701713272652811,0.28346430295922426,0.26501873545407334,0.3729142995287759,happy,03,02,02,female,normal,133
70,2.3356666666666666,True,1.0,0.4433540750585876,0.4434268837378439,0.44339047939821574,0.6406282028224891,-0.05921296296296297,-0.0558333333333334,0.38547625822798454,0.16355293469125495,0.19812048338974203,0.6921182636741865,7.280867925629764e-05,0.003379629629629566,0.0011111786246046946,0.4329163529892579,0.1053133604485981,0.11161243524557543,0.0,0.9999999987499999,0.6680756042416965,0.2829780380588029,0.26253855265046017,0.3575142193902879,happy,03,02,02,female,normal,133
80,2.6693333333333333,True,1.0,0.45995319879766,0.4597501582218956,0.4598516785097778,0.6748524875276641,-0.058564814814814736,-0.05472222222222223,0.3958724799618944,0.1719271324528151,0.19947429843234002,0.6814106593789908,0.0002030405757644238,0.0038425925925925086,0.0026088051193936643,0.4303582089411444,0.10515777886081587,0.11175903156105431,0.0,0.9999999987499999,0.6678353577290291,0.28067210902287054,0.2615753871561064,0.3581084382831955,happy,03,02,02,female,normal,133
90,3.003,True,1.0,0.43206851312742744,0.44447970210098314,0.43827410761420527,0.5645478618853744,-0.05949074074074068,-0.05601851851851847,0.3812242659674759,0.15834879052882392,0.20223429176912883,0.7763276370413255,0.012411188973555698,0.00347222222222221,0.006616728826939765,0.5076219512195115,0.10518208121104484,0.11088033930436304,0.0,0.9999999987499999,0.6717216845097416,0.28071418429393646,0.253123359206583,0.34076695617165254,happy,03,02,02,female,normal,133
100,3.336666666666667,True,1.0,0.516888105576972,0.5020010076059642,0.509444556591468,0.4973895301954099,-0.05921296296296291,-0.05569444444444438,0.3652330215788185,0.14919759211873035,0.2015115953102048,1.0242365905678033,0.014887097971007734,0.003518518518518532,0.005844372183998131,0.5631524323041935,0.10585618132031265,0.11144019185929732,0.0,0.9999999987499999,0.6747959487388706,0.2801468818621868,0.25062793247251686,0.3399404165030817,happy,03,02,02,female,normal,133
110,3.6703333333333332,True,1.0,0.5018179879523235,0.5103092617157299,0.5060636248340267,0.48336005506355767,-0.05675925925925912,-0.055694444444444546,0.366115639737969,0.14216472207751743,0.19949074418220797,1.0469703061571434,0.008491273763406415,0.0010648148148145742,0.006387373677195397,0.5797906019286396,0.1047409158849248,0.11214981109945246,0.0,0.9999999987499999,0.6716387997777236,0.28160605027990177,0.24647130715715232,0.3384101138170686,happy,03,02,02,female,normal,133
0,0.0,True,1.0,0.46194985376527353,0.4732607402266707,0.4676052969959721,0.4474488568203048,-0.05546296296296288,-0.0528703703703704,0.401151307249726,0.04605460940914903,0.1995259258851056,1.0450474727299663,0.011310886461397163,0.0025925925925924798,0.005421181198381247,0.5797112715998843,0.1038400128817095,0.11264671952485376,0.0,0.9999999987499999,0.6725443932416716,0.28397877081571177,0.2518593352305757,0.34772392017772447,happy,03,02,02,female,normal,134
10,0.33366666666666667,True,1.0,0.49889249331220203,0.504225259660807,0.5015588764865045,0.427961883822311,-0.056805555555555554,-0.053611111111111165,0.40602339409855365,0.006483329177799222,0.2022659787264621,1.171970905462111,0.005332766348604967,0.0031944444444443887,0.004099730340946775,0.614294896549862,0.10598322030312345,0.11149039621072547,0.0,0.9999999987499999,0.6691804469131403,0.2842266509702048,0.25721421509468007,0.35118396302340016,happy,03,02,02,female,normal,134
20,0.6673333333333333,True,1.0,0.502036296800423,0.498947138373574,0.5004917175869985,0.8234160029129114,-0.05935185185185182,-0.055324074074074026,0.4057502862429897,0.1415191595971059,0.19540300757883083,0.6078236466336118,0.003089158426849037,0.004027777777777797,0.004417687158662046,0.3167795825478707,0.10502166799788507,0.11239662220878004,0.0,0.9999999987499999,0.670347130367772,0.283184350443839,0.270823092738692,0.3758525620258013,happy,03,02,02,female,normal,134
30,1.0010000000000001,True,1.0,0.4589095060691028,0.4752573665857327,0.4670834363274178,0.735166144299345,-0.06199074074074079,-0.05912037037037038,0.4139145642520916,0.22177565613973704,0.18786585400642264,0.6353440510683129,0.016347860516629897,0.002870370370370412,0.004713642050502942,0.3785543162733267,0.11871656358730713,0.1090562688003663,0.0,0.9999999987499999,0.6032999634932098,0.27104665301101943,0.30385575172613916,0.3653564595525648,happy,03,02,02,female,normal,134
40,1.3346666666666667,True,1.0,0.4447567763145548,0.4220288328509021,0.43339280458272844,0.7102313774279606,-0.06449074074074079,-0.058981481481481524,0.41240176271138285,0.2536412681409961,0.18846829530139966,0.6102135421730053,0.0227279434636527,0.005509259259259269,0.007012042448820422,0.39212807927493376,0.12049303991121285,0.10709024030185571,0.0,0.9999999987499999,0.604192315207333,0.2703841234751624,0.3058440515169862,0.3608580908143155,happy,03,02,02,female,normal,134
50,1.6683333333333334,True,1.0,0.434577660956384,0.41269965210774456,0.4236386565320643,0.7725873115429455,-0.060833333333333295,-0.0560648148148149,0.4359745212267559,0.17503931277144888,0.1932830519105703,0.5483375797177011,0.02187800884863944,0.004768518518518394,0.007945410695356635,0.3606901568121745,0.10501637760556164,0.11189191224074574,0.0,0.9999999987499999,0.6716789434758279,0.28254590396085494,0.27877291094725914,0.39168164980561493,happy,03,02,02,female,normal,134
60,2.0020000000000002,True,1.0,0.45973612339924336,0.4221876753325453,0.44096189936589436,0.7310275144901139,-0.06365740740740738,-0.05731481481481482,0.40420741518511394,0.19581094138128072,0.1932467336591403,0.6032083480106243,0.03754844806669805,0.006342592592592566,0.009523053657346361,0.3816964285714287,0.10285548090881855,0.11404864569326825,0.0,0.9999999987499999,0.671133503807773,0.28165895473644026,0.2599810637513542,0.3584341438976356,happy,03,02,02,female,normal,134
70,2.3356666666666666,True,1.0,0.46548412141831913,0.4750342705073284,0.47025919596282373,0.6964371613176243,-0.06097222222222226,-0.05537037037037029,0.38499870865441,0.1911672014040076,0.19813858172865886,0.6752356451989391,0.009550149089009252,0.005601851851851969,0.00446611671634129,0.4085341751169851,0.10579155039086491,0.11184276126054392,0.0,0.9999999987499999,0.6713556990530587,0.28249090784352315,0.2636416891921318,0.35947061546052167,happy,03,02,02,female,normal,134
80,2.6693333333333333,True,1.0,0.5399782427628963,0.5103092617157304,0.5251437522393134,0.7018196059864396,-0.05773148148148144,-0.05421296296296291,0.3821886697357678,0.22016530899817224,0.20080427767170406,0.7482603047277367,0.029668981047165865,0.003518518518518532,0.005021054304950222,0.3970346750418296,0.10639903588267681,0.11143610048537599,0.0,0.9999999987499999,0.6663505160814326,0.28438997824236467,0.2647523130394846,0.35904262586945396,happy,03,02,02,female,normal,134
90,3.003,True,1.0,0.48530083176261934,0.46385645947681253,0.47457864561971597,0.5078859570876352,-0.05638888888888893,-0.05412037037037043,0.37163665470829005,0.14813340415056073,0.20295979823491236,0.93441970386637,0.021444372285806812,0.002268518518518503,0.006845383687544613,0.5312500000000004,0.10522477653429911,0.11203657388858007,0.0,0.9999999987499999,0.666503256865246,0.28338215902061437,0.2514365007361818,0.34366036281471896,happy,03,02,02,female,normal,134
100,3.336666666666667,True,1.0,0.5329858207902224,0.5004775631118434,0.516731691951033,0.5039491476143719,-0.057592592592592695,-0.05472222222222223,0.3746473652033647,0.1469672288135005,0.2029282196165526,1.0253647503863672,0.03250825767837895,0.0028703703703704675,0.009380784297484684,0.5468082550189747,0.1067616351745534,0.11091712507749674,0.0,0.9999999987499999,0.6663749695425044,0.28405711922981297,0.25309993736807945,0.3409850612329573,happy,03,02,02,female,normal,134
110,3.6703333333333332,True,1.0,0.5193038218638694,0.5072798415362972,0.5132918317000833,0.4898907627116698,-0.057129629629629586,-0.05495370370370378,0.37676048280262897,0.11897347094426239,0.20367047947650632,1.0477679327099017,0.012023980327572126,0.0021759259259258035,0.004171296748454086,0.5625000000000019,0.10786842872686879,0.11053267957868465,0.0,0.9999999987499999,0.6700698992331307,0.2728363274572757,0.24405598147752572,0.343278364030921,happy,03,02,02,female,normal,134
0,0.0,True,1.0,0.5797286326865326,0.556201451604196,0.5679650421453644,0.4861736993097804,-0.06148148148148147,-0.05777777777777776,0.34704728576090577,0.1595257450860221,0.1924626186247637,1.1682348159756544,0.023527181082336646,0.003703703703703709,0.0016512891536061586,0.5624999999999997,0.1026717108865466,0.11287174908033497,0.0,0.9999999987499999,0.6812887841542866,0.2802827791479508,0.24483280832136234,0.34053819530025337,happy,03,02,02,female,normal,135
10,0.33366666666666667,True,1.0,0.5718363715619172,0.5554319009666835,0.5636341362643004,0.4631185807656392,-0.06027777777777771,-0.0566666666666667,0.35376579877740494,0.16433239962651672,0.19460132869936583,1.21704064503844,0.016404470595233756,0.0036111111111110095,0.0012171226360792398,0.5987903225806452,0.10506457429664075,0.11099168923942489,0.0,0.9999999987499999,0.6782402878729616,0.2811407614408885,0.25086074803014735,0.3453073747022936,happy,03,02,02,female,normal,135
20,0.6673333333333333,True,1.0,0.48427661821414697,0.4597501582218968,0.47201338821802186,0.953249571788133,-0.05986111111111114,-0.05712962962962964,0.4142363412318888,0.21254275067780504,0.19111638833184727,0.49516244453444186,0.02452645999225017,0.0027314814814815014,0.0012783864808203734,0.29644413847486134,0.1038186863896481,0.112666374980763,0.0,0.9999999987499999,0.6760158657134729,0.28130312925978185,0.2701871943786656,0.37777070697476733,happy,03,02,02,female,normal,135
30,1.0010000000000001,True,1.0,0.4201513068530104,0.42930519203798734,0.42472824944549886,0.7631876319878266,-0.06601851851851859,-0.06185185185185188,0.42243834354558335,0.20642722248273937,0.1842283244587804,0.5565187794503903,0.009153885184976951,0.004166666666666707,0.002637960761935333,0.36920088129915857,0.11729123806998865,0.11075992801523687,0.0,0.9999999987499999,0.6073950071903761,0.27194276895291253,0.30025636070221257,0.36068924334839186,happy,03,02,02,female,normal,135
40,1.3346666666666667,True,1.0,0.4356243241220987,0.43688338318040415,0.43625385365125147,0.6800237205466908,-0.06365740740740744,-0.05935185185185193,0.41834768926870813,0.20147757922986576,0.18839055565185742,0.6415274062800844,0.0012590590583054229,0.004305555555555507,0.00016545954990441033,0.41664406289272415,0.1201735412091508,0.10762581556472342,0.0,0.9999999987499999,0.6084501914281338,0.27309318836824853,0.30493979598778553,0.3598673800292157,happy,03,02,02,female,normal,135
50,1.6683333333333334,True,1.0,0.4432101757867977,0.43672046020142175,0.43996531799410976,0.7841440797057182,-0.05888888888888899,-0.05462962962962964,0.4304621917990995,0.1899098943037289,0.1959891058214574,0.5610771405163507,0.006489715585375977,0.0042592592592593514,0.00568969303472556,0.34277343750000044,0.10505820370543303,0.11270107879755734,0.0,0.9999999987499999,0.6724672789115645,0.28381278442161545,0.2766424230791919,0.3867677196236409,happy,03,02,02,female,normal,135
60,2.0020000000000002,True,1.0,0.5200338821399294,0.5061550597854454,0.5130944709626875,0.7237044053151734,-0.06092592592592594,-0.056481481481481466,0.38829007601074345,0.1911672014040075,0.193229756483389,0.7089834844092661,0.01387882235448401,0.004444444444444473,0.0010473781565278571,0.3825410626969898,0.10268065393348114,0.11403912880065506,0.0,0.9999999987499999,0.6767595414806549,0.28103071643888416,0.25954865468621924,0.3561028640743861,happy,03,02,02,female,normal,135
70,2.3356666666666666,True,1.0,0.5036666095040258,0.48755884183632475,0.4956127256701752,0.6770272860094334,-0.05865740740740749,-0.05574074074074076,0.3895962023674804,0.1827858006745587,0.19597392345146344,0.7320424684674667,0.016107767667701,0.002916666666666734,0.010083560385647969,0.4069447637439184,0.10592475823217573,0.11188701855625992,0.0,0.9999999987499999,0.6718146905324631,0.2835115800199987,0.26647093044101955,0.3621804073284656,happy,03,02,02,female,normal,135
80,2.6693333333333333,True,1.0,0.5280040982257093,0.5196206444119428,0.5238123713188261,0.7001237326132852,-0.05879629629629629,-0.05532407407407414,0.3928017506509917,0.18848382377396056,0.19805577793379345,0.7481711402120901,0.008383453813766484,0.0034722222222221544,0.0016136690107149696,0.3790716773817001,0.10569547719639043,0.11125064355180685,0.0,0.9999999987499999,0.6692052201505603,0.2840199402602734,0.2647182632162852,0.3632893147177705,happy,03,02,02,female,normal,135
90,3.003,True,1.0,0.5257428367200426,0.49544412487691925,0.5105934807984809,0.5016507312189126,-0.06041666666666673,-0.05638888888888888,0.3678530351998609,0.1719723284153043,0.19669890365235193,1.0178266451597493,0.030298711843123383,0.004027777777777852,0.00254122941823536,0.5302886629329714,0.10489550547480607,0.11149376968694029,0.0,0.9999999987499999,0.6729251995094913,0.28080653616146617,0.2517893252355715,0.34811430257150827,happy,03,02,02,female,normal,135
100,3.336666666666667,True,1.0,0.5772914400573168,0.5319102902763743,0.5546008651668455,0.5288685405517629,-0.05847222222222215,-0.0558796296296295,0.3580069947660696,0.18363490991380693,0.19736182297188903,1.0486554269010524,0.04538114978094254,0.0025925925925926463,0.00915510922511905,0.5312499999999993,0.10728626887248273,0.11109782933024236,0.0,0.9999999987499999,0.6711063438578555,0.28043139691471713,0.2506220372720287,0.3453060812078511,happy,03,02,02,female,normal,135
110,3.6703333333333332,True,1.0,0.5441490802548443,0.5155910303702788,0.5298700553125615,0.514011374250179,-0.0587037037037037,-0.05652777777777784,0.35814268726482706,0.16154643190719953,0.19942954382907047,1.0308527823640412,0.02855804988456556,0.002175925925925859,0.012376102169446332,0.5471750270289019,0.10666228887689086,0.11084091105940938,0.0,0.9999999987499999,0.673875961775335,0.28078725154669193,0.24890537108191474,0.3423586023073614,happy,03,02,02,female,normal,135
0,0.0,True,1.0,0.5036666095040263,0.4898061324929958,0.4967363709985111,0.46189700484243124,-0.05912037037037038,-0.05638888888888899,0.3790935794352901,0.1469672288135005,0.193229756483389,1.0754266985731262,0.013860477011030492,0.0027314814814813904,0.010546687943443484,0.5795454545454561,0.10371717188774601,0.11242140390250832,0.0,0.9999999987499999,0.6719855239595839,0.2808123653675705,0.24906618070649103,0.34592812988517807,happy,03,02,02,female,strong,136
10,0.33366666666666667,True,1.0,0.48051693869425677,0.4430115014288778,0.46176422006156725,0.43437464714892715,-0.060046296296296375,-0.056805555555555554,0.38644016502535034,0.10852661511614514,0.19603931605314545,1.063055183106139,0.03750543726537897,0.0032407407407408217,0.008960713139593252,0.5981031835724925,0.1072400220747289,0.11097091911216038,0.0,0.9999999987499999,0.6734758254161041,0.27908370280273664,0.25894351646329605,0.3513354079470577,happy,03,02,02,female,strong,136
20,0.6673333333333333,True,1.0,0.4052035973277583,0.385016216515461,0.39510990692160963,1.0067932742082746,-0.06300925925925926,-0.05865740740740738,0.43561873458697364,0.26649826664724097,0.18853507720254264,0.392443927709308,0.020187380812297318,0.0043518518518518845,0.0020641933217913776,0.27793509069640093,0.10562537112554944,0.11301575129327396,0.0,0.9999999987499999,0.6669300217039942,0.284910159019583,0.2818800660348712,0.39177544090980004,happy,03,02,02,female,strong,136
30,1.0010000000000001,True,1.0,0.37529161846324743,0.34074074074074073,0.35801617960199406,0.7936769498760812,-0.06763888888888892,-0.062268518518518556,0.4603374190062885,0.22356395573548382,0.18647968999484862,0.4510855199434632,0.0345508777225067,0.005370370370370359,0.013390434170043378,0.35678099173946615,0.10456497418483723,0.11248337526764533,0.0,0.9999999987499999,0.6742729589804672,0.28741548396896893,0.2889068240645826,0.39482229819601694,happy,03,02,02,female,strong,136
40,1.3346666666666667,True,1.0,0.38973947675248743,0.376476966252042,0.38310822150226476,0.7056507480487575,-0.06481481481481483,-0.05990740740740741,0.43733673598091094,0.2587272380183649,0.17890942989383837,0.5429147812308329,0.013262510500445412,0.004907407407407416,0.011327897965819416,0.4128184219981,0.10576058645045482,0.11187204178988323,0.0,0.9999999987499999,0.6743957972720338,0.2869685666692491,0.2884495796415585,0.39033461316704676,happy,03,02,02,female,strong,136
50,1.6683333333333334,True,1.0,0.4201998459682742,0.4296084343719667,0.42490414017012046,0.8056996102761096,-0.06532407407407403,-0.060740740740740706,0.4471257984488053,0.2725160446522135,0.18559803753688617,0.5273729002109208,0.00940858840369252,0.004583333333333328,0.005646981868336097,0.34773756691099206,0.11849533983667809,0.10999164723816394,0.0,0.9999999987499999,0.6031697592630803,0.2718190598284865,0.3123270198538691,0.37093282589045107,happy,03,02,02,female,strong,136
60,2.0020000000000002,True,1.0,0.40174341146551845,0.36821996504922644,0.38498168825737245,0.9551738692801438,-0.06180555555555556,-0.05685185185185193,0.43900564012029114,0.2694080144123484,0.19045451944182107,0.40304880675547544,0.03352344641629201,0.004953703703703627,0.007798450529817731,0.2959508978971695,0.10136786553117517,0.11520761878897887,0.0,0.9999999987499999,0.674000951091374,0.28398158261990564,0.27559144045088946,0.3902716386362166,happy,03,02,02,female,strong,136
70,2.3356666666666666,True,1.0,0.42528862952698626,0.41296858532302305,0.4191286074250047,0.7294663229704968,-0.05925925925925929,-0.05425925925925923,0.40065267058820364,0.2121972875430824,0.19666787146554268,0.5745688241209681,0.01232004420396321,0.00500000000000006,0.004489376432958102,0.3886160401109455,0.10412159092893834,0.11204694597529782,0.0,0.9999999987499999,0.6739304361588385,0.28220985785446434,0.27345309168060206,0.37566332337972924,happy,03,02,02,female,strong,136
80,2.6693333333333333,True,1.0,0.47187232941431595,0.4663560898983123,0.4691142096563141,0.6889128544787679,-0.058055555555555416,-0.05402777777777773,0.4460638491132513,0.11092160505301392,0.20157216352205917,0.6809485504683264,0.005516239516003663,0.004027777777777686,0.016852380988793877,0.42083979955467704,0.10500430732746295,0.11241284124118034,0.0,0.9999999987499999,0.6686896401841986,0.2849696656216885,0.27221667276429024,0.3717249453626073,happy,03,02,02,female,strong,136
90,3.003,True,1.0,0.4860430380279886,0.4586109172994451,0.47232697766371684,0.6230369264326497,-0.05648148148148158,-0.0531018518518519,0.4552651535810685,0.07499111717098257,0.20294363360366705,0.7581043075057211,0.027432120728543508,0.003379629629629677,0.003816752819051531,0.44789236760967815,0.10359994389066789,0.1132046430843354,0.0,0.9999999987499999,0.6702802880917992,0.28635510572592465,0.26832225013761857,0.36824495649692157,happy,03,02,02,female,strong,136
100,3.336666666666667,True,1.0,0.4475728476583373,0.40460307485218616,0.4260879612552617,0.5213224849601289,-0.05601851851851852,-0.05319444444444438,0.4412381615887353,0.053299653329448006,0.20495642791988491,0.8173212810643478,0.04296977280615116,0.0028240740740741455,0.0021272387445894366,0.5244688250923696,0.10619983083384,0.11094115317999224,0.0,0.9999999987499999,0.6736853457789365,0.28445994577172357,0.266249200303118,0.3549315557007403,happy,03,02,02,female,strong,136
110,3.6703333333333332,True,1.0,0.47723805166078015,0.4490466492264167,0.4631423504435984,0.5272030651340998,-0.05458333333333332,-0.05250000000000005,0.4277050891983022,0.07356321839080433,0.20147410961037118,0.8784894873966508,0.028191402434363466,0.0020833333333332704,0.006514185076155273,0.5101744186046508,0.10600167512287521,0.11147285007503442,0.0,0.9999999987499999,0.6748129291873,0.2836375039888135,0.26365124101177745,0.3533775716984451,happy,03,02,02,female,strong,136
0,0.0,True,1.0,0.463071711072079,0.4513287762534192,0.45720024366274914,0.4906913737044373,-0.057499999999999996,-0.053518518518518465,0.44944440302788585,0.0233662558906874,0.19952592588510557,0.9317470576487836,0.01174293481865979,0.00398148148148153,0.002909886110457494,0.5362431252169145,0.10255980195361525,0.11314195918427325,0.0,0.9999999987499999,0.6714766621336035,0.2874142629237733,0.25992447577677125,0.3576423057373128,happy,03,02,02,female,strong,137
10,0.33366666666666667,True,1.0,0.4534715966826419,0.47416000869403935,0.46381580268834066,0.7035547813639351,-0.057731481481481495,-0.05532407407407397,0.4520355937109087,0.05765861981260783,0.20438179567363077,0.6592461809287568,0.020688412011397428,0.0024074074074075247,0.01153766322598166,0.3794282391245917,0.10415589334389506,0.11319938742984305,0.0,0.9999999987499999,0.6692905803415117,0.28834335319345233,0.2730253634122456,0.37953959427779077,happy,03,02,02,female,strong,137
20,0.6673333333333333,True,1.0,0.447789238311106,0.4590699083046515,0.45342957330787875,0.9053741780632457,-0.0618055555555555,-0.05666666666666664,0.4567889888180598,0.1867288084886809,0.2016069820043474,0.500820085545011,0.011280669993545489,0.0051388888888888595,0.00911071652538666,0.32367095496616916,0.10530709355315729,0.11280684052977538,0.0,0.9999999987499999,0.6667521454128528,0.28587076699311825,0.28338093946146947,0.3866248712363115,happy,03,02,02,female,strong,137
30,1.0010000000000001,True,1.0,0.35317456192806607,0.3409536698149058,0.34706411587148595,0.8383884126874496,-0.06833333333333336,-0.06254629629629627,0.45978986322132326,0.2682767468825804,0.18494058066540367,0.41396578318511557,0.012220892113160242,0.0057870370370370905,0.009112006088400479,0.33775377260981715,0.10309210407117836,0.11450230306023629,0.0,0.9999999987499999,0.6730616668229792,0.2870518418075652,0.28738063971910244,0.39533397786713736,happy,03,02,02,female,strong,137
40,1.3346666666666667,True,1.0,0.245683268901375,0.2259887005649722,0.2358359847331736,0.6730263528232238,-0.07467592592592592,-0.06726851851851856,0.4645711953990877,0.20959551720914565,0.18024247110957492,0.3504112190315941,0.019694568336402818,0.007407407407407363,0.002249305810685433,0.4253732318792672,0.10514306464581262,0.11329656250373092,0.0,0.9999999987499999,0.6742602180168943,0.28547831642655325,0.28694253090351635,0.3862821110880458,happy,03,02,02,female,strong,137
50,1.6683333333333334,True,1.0,0.413219239883197,0.3920824410709656,0.40265084047708133,0.7918535292944381,-0.06518518518518523,-0.05935185185185182,0.46100459824853834,0.22623656127734645,0.1892052886468267,0.5084915651457077,0.02113679881223135,0.0058333333333334125,0.007365429275111621,0.3547124991217919,0.10494937613381698,0.11297119865088724,0.0,0.9999999987499999,0.6748022900175696,0.2906456344570795,0.28743333466079485,0.3950083007792238,happy,03,02,02,female,strong,137
60,2.0020000000000002,True,1.0,0.4173347628007484,0.4139582230035144,0.4156464929021314,0.9877778481228328,-0.061435185185185204,-0.05592592592592599,0.4461825789374965,0.26182063444219683,0.19463425832666556,0.42078944541226915,0.0033765397972339573,0.005509259259259214,0.009374867234514033,0.29241019858118245,0.101525353276244,0.11473724040994182,0.0,0.9999999987499999,0.6683566027113972,0.2860190657237328,0.27769334332254286,0.3933439515582929,happy,03,02,02,female,strong,137
70,2.3356666666666666,True,1.0,0.44009982556476523,0.4216053146359647,0.43085257010036493,0.7390270538333085,-0.0587037037037037,-0.05481481481481476,0.44160251942683054,0.154931782177414,0.1994907441822079,0.5829997262827485,0.018494510928800556,0.0038888888888889417,0.0072412871571828725,0.3903899800218501,0.10331056884650155,0.11397139025643127,0.0,0.9999999987499999,0.6699630357533639,0.28462780941514015,0.27511109200305817,0.3830980501481074,happy,03,02,02,female,strong,137
80,2.6693333333333333,True,1.0,0.4170934470571642,0.3958781465881141,0.4064857968226392,0.6537522744906766,-0.057361111111111085,-0.05370370370370359,0.4572509243295493,0.0974846275757076,0.1993916667032484,0.6217734341946618,0.021215300469050125,0.003657407407407498,0.006368601542149982,0.4243214443384959,0.10538542017704215,0.11188548029037108,0.0,0.9999999987499999,0.6671884825258227,0.2862896351417742,0.2769716111590398,0.3810186228543672,happy,03,02,02,female,strong,137
90,3.003,True,1.0,0.41728741532390873,0.40456404901665116,0.41092573217027994,0.6158315177923019,-0.0562037037037037,-0.05449074074074073,0.4512281691250172,0.06971677559912831,0.20075867947458667,0.6672697325453723,0.012723366307257566,0.0017129629629629717,0.0004741357721739555,0.44615385943297114,0.11299676249942286,0.11109560344568199,0.0,0.9999999987499999,0.6172923963100865,0.2719384314311029,0.28359356766287425,0.35077380411099146,happy,03,02,02,female,strong,137
100,3.336666666666667,True,1.0,0.4627545222832574,0.4477531427360454,0.4552538325096514,0.5684458461485913,-0.05611111111111111,-0.053657407407407376,0.4336283185840706,0.060468631897203126,0.2021573170520266,0.8008745874284187,0.015001379547212035,0.0024537037037037357,0.00943451482016801,0.46672189487620647,0.10456222885002603,0.11282416288454505,0.0,0.9999999987499999,0.664680449992497,0.28582632213028386,0.2673412605040633,0.36394127925779524,happy,03,02,02,female,strong,137
0,0.0,True,1.0,0.46435641970316544,0.4585272665127679,0.46144184310796665,0.47649243489901605,-0.05949074074074073,-0.054305555555555496,0.4070133070624538,0.090147217413328,0.19251969308138642,0.968413786476507,0.005829153190397562,0.005185185185185237,0.004648190376588474,0.547297297297296,0.10370772010861316,0.11327423505488883,0.0,0.9999999987499999,0.6723260357424222,0.2814717272250707,0.25415695324545595,0.35074561714857827,happy,03,02,02,female,strong,138
10,0.33366666666666667,True,1.0,0.4763196066505473,0.4735373766911151,0.4749284916708312,0.6002110112622085,-0.06037037037037041,-0.05500000000000005,0.4364775968061988,0.07802743146408771,0.19603931605314545,0.7912692082607489,0.0027822299594321698,0.005370370370370359,0.0011312083387616883,0.45044422518220695,0.10645525428375266,0.11103976886098522,0.0,0.9999999987499999,0.6697025015787565,0.28307369393620396,0.2705265567855185,0.3717376582283051,happy,03,02,02,female,strong,138
20,0.6673333333333333,True,1.0,0.4564642648052965,0.45816179153809616,0.45731302817169633,0.8766781588591785,-0.05837962962962956,-0.05476851851851844,0.4482591903957039,0.1344202038433366,0.19746385079277742,0.521643003821149,0.001697526732799659,0.0036111111111111205,0.0004745211085411265,0.3074913519273396,0.10552666848312814,0.11260146296660756,0.0,0.9999999987499999,0.6647317093868799,0.2871500570105623,0.2798656609083153,0.38440373546233236,happy,03,02,02,female,strong,138
30,1.0010000000000001,True,1.0,0.45890950606910164,0.427662519866974,0.4432860129680378,0.6877650230945205,-0.06254629629629632,-0.0559722222222222,0.45431462863290667,0.177672630966084,0.19124209545640392,0.6445311960959033,0.031246986202127625,0.006574074074074121,0.0011530013992901377,0.41283656303406313,0.10356077100657857,0.11391146601167275,0.0,0.9999999987499999,0.6717361081620149,0.2832429493271422,0.277485860698123,0.38754069020237475,happy,03,02,02,female,strong,138
40,1.3346666666666667,True,1.0,0.42875127752353626,0.39809516006183565,0.41342321879268595,0.6940604506986666,-0.06291666666666673,-0.05842592592592594,0.45700438798647447,0.23323990731009092,0.1850935668365558,0.5956588051898347,0.030656117461700605,0.004490740740740795,0.0037014526255087225,0.4152650560754999,0.10656661195357835,0.11195861885237664,0.0,0.9999999987499999,0.6727334978835283,0.29061536160911977,0.28799860898361457,0.3962905183108992,happy,03,02,02,female,strong,138
50,1.6683333333333334,True,1.0,0.3944535835187886,0.3766753900895536,0.3855644868041711,0.8015762925634232,-0.061944444444444524,-0.05638888888888893,0.4582633341309871,0.21183832365833236,0.19403684977927682,0.48100784713972067,0.017778193429235034,0.005555555555555591,0.006855155967072412,0.3377913019835527,0.1058769080689396,0.11278013745124212,0.0,0.9999999987499999,0.667419961164153,0.28354438859248077,0.286563261474397,0.39811522666330035,happy,03,02,02,female,strong,138
60,2.0020000000000002,True,1.0,0.4649721301127028,0.42910366690336316,0.447037898508033,0.9918301461682908,-0.06055555555555553,-0.05634259259259261,0.42381035255722876,0.2727465481926923,0.19338762614727917,0.4507202167982712,0.03586846320933962,0.004212962962962918,0.012913148710927507,0.2955696257086368,0.10336423089480785,0.11408983807485333,0.0,0.9999999987499999,0.6675001168905061,0.2842776272289568,0.27770234313068604,0.386944090802128,happy,03,02,02,female,strong,138
70,2.3356666666666666,True,1.0,0.440099825564764,0.39699450062114994,0.418547163092957,0.7334653898827732,-0.05731481481481476,-0.05356481481481473,0.42252557356278986,0.14295709603275814,0.20087835266630083,0.5706433716795439,0.043105324943614076,0.003750000000000031,0.004566097868997676,0.3908720667114859,0.10533313585290636,0.11227460029650499,0.0,0.9999999987499999,0.6676861231133079,0.28598081526809344,0.27327047037604185,0.379261045543293,happy,03,02,02,female,strong,138
80,2.6693333333333333,True,1.0,0.46991259559595566,0.45183757059636215,0.4608750830961589,0.6137502657750988,-0.055555555555555525,-0.053518518518518465,0.4131266820036552,0.1406414458232878,0.19874973631505968,0.7509163071630194,0.018075024999593514,0.0020370370370370594,0.007041739615493016,0.45699987138638626,0.10554566136777581,0.11122162114190927,0.0,0.9999999987499999,0.6709466982105341,0.2848007636377274,0.2656924701098215,0.3603377393115967,happy,03,02,02,female,strong,138
90,3.003,True,1.0,0.4711266438627738,0.4644654952978771,0.4677960695803255,0.5650296670614704,-0.05624999999999997,-0.05282407407407408,0.38383073594611344,0.14468910319971043,0.200804277671704,0.8279141730967434,0.006661148564896691,0.003425925925925888,0.004174417590878233,0.4801377419885842,0.10461358337231015,0.11209876813128285,0.0,0.9999999987499999,0.6685608605551596,0.2846261318819722,0.25519590650111995,0.3462033720001548,happy,03,02,02,female,strong,138
100,3.336666666666667,True,1.0,0.45524311431183984,0.44955270419353366,0.45239790925268675,0.44439877432813557,-0.05365740740740743,-0.05194444444444435,0.3734467052632356,0.1075158324987422,0.20011021438295098,1.0179999032100047,0.005690410118306177,0.0017129629629630827,0.005854291439393287,0.6350806451612909,0.1075503796602362,0.11015249073581282,0.0,0.9999999987499999,0.6680136961034413,0.27296477950633685,0.24389722806956615,0.3497989973988049,happy,03,02,02,female,strong,138
110,3.6703333333333332,True,1.0,0.49610029509344383,0.5027627481631534,0.4994315216282986,0.4769647696476972,-0.056990740740740675,-0.05430555555555566,0.3669781983232861,0.13008130081300887,0.19942954382907044,1.0471035879593291,0.0066624530697095286,0.002685185185185013,0.0020314017340591654,0.5633156518733924,0.1058379511816685,0.11179885272286859,0.0,0.9999999987499999,0.6715127281068678,0.28289871765485114,0.2495071702883863,0.3421289322398152,happy,03,02,02,female,strong,138
0,0.0,True,1.0,0.4961002950934438,0.5207007078137503,0.508400501453597,0.44783773273678334,-0.05912037037037032,-0.054629629629629584,0.3824114565963004,0.13992767499031147,0.19387754118660183,1.135233733760459,0.024600412720306553,0.00449074074074074,0.0017539154715053226,0.615139346239705,0.10323336471631309,0.11337110765808592,0.0,0.9999999987499999,0.6707416584289967,0.28338618640807106,0.2487753935374589,0.34535594465502817,happy,03,02,02,female,strong,139
10,0.33366666666666667,True,1.0,0.47972426272899726,0.4898061324929953,0.4847651976109963,0.4236450379943974,-0.05907407407407406,-0.055740740740740646,0.3905184913352669,0.12980533794931073,0.1959891058214574,1.1442721007802934,0.010081869763998053,0.0033333333333334103,0.003483426415048927,0.6539141761278439,0.10429186291759722,0.11222851252908533,0.0,0.9999999987499999,0.6710275365849465,0.28315034092833025,0.25307260663556425,0.34997147728824246,happy,03,02,02,female,strong,139
20,0.6673333333333333,True,1.0,0.45769787439030146,0.44394894929997386,0.45082341184513763,0.7155587698576853,-0.05851851851851858,-0.053472222222222254,0.42965569596305925,0.16655247229446152,0.1925359403531373,0.6300298882994616,0.013748925090327602,0.0050462962962963265,0.004480452119344935,0.39800293165481304,0.10436349456940529,0.11250111373443235,0.0,0.9999999987499999,0.6738377282397333,0.28450758727068604,0.27375533064695856,0.3860461992338853,happy,03,02,02,female,strong,139
30,1.0010000000000001,True,1.0,0.37467920335403126,0.37685856541646356,0.3757688843852474,0.6967751928154936,-0.06689814814814815,-0.062407407407407356,0.4510993970922342,0.2380543964003059,0.18355334403178752,0.5392971624992269,0.0021793620624322996,0.004490740740740795,0.0005575338328581805,0.4031072857135799,0.11302674042880022,0.11174915292318613,0.0,0.9999999987499999,0.6167126602203381,0.2718432368203988,0.29285392576384217,0.3655706071997916,happy,03,02,02,female,strong,139
40,1.3346666666666667,True,1.0,0.33497256671626685,0.30131826741996254,0.3181454170681147,0.7634831887142403,-0.06462962962962959,-0.05805555555555564,0.4579527395468755,0.2336030652036109,0.18296609697104518,0.41670258333244264,0.03365429929630431,0.0065740740740739545,0.003828639651283022,0.37809321470271395,0.10298966899221755,0.11392748403563123,0.0,0.9999999987499999,0.6754932545205583,0.2895634343390911,0.28566442454123964,0.39601452873559656,happy,03,02,02,female,strong,139
50,1.6683333333333334,True,1.0,0.4110152703609614,0.3979068813908994,0.4044610758759304,0.7199990243408765,-0.061990740740740735,-0.05611111111111111,0.4549972813843085,0.20321716765879785,0.1905698540911311,0.5617522554925606,0.013108388970062002,0.0058796296296296235,0.002296093778066821,0.3813738940677454,0.1047131297418274,0.112514923210629,0.0,0.9999999987499999,0.6711878077793617,0.2841434919144915,0.27813141726637264,0.3894284453819267,happy,03,02,02,female,strong,139
60,2.0020000000000002,True,1.0,0.40329660727548206,0.38252079597952793,0.392908701627505,0.3978699141432783,-0.058009259259259205,-0.05305555555555547,0.3987490094984553,0.13262330471442577,0.19949074418220805,0.9875305662996506,0.020775811295954127,0.004953703703703738,0.0035039179719841607,0.6945503391483678,0.10245720848153521,0.11357087756157791,0.0,0.9999999987499999,0.6744143285908113,0.2809272244148947,0.253147172558873,0.34896226166218486,happy,03,02,02,female,strong,139
70,2.3356666666666666,True,1.0,0.3954796657239094,0.4050524479994386,0.40026605686167405,0.7326167910414848,-0.059259259259259234,-0.05453703703703705,0.4278010053050099,0.2235000501244271,0.19463425832666542,0.5463511917228345,0.009572782275529212,0.004722222222222183,0.008664193957644263,0.391239338765639,0.10353596060141299,0.11292624388300529,0.0,0.9999999987499999,0.6719742945772059,0.28219598197593043,0.26931644033449864,0.37622979236187776,happy,03,02,02,female,strong,139
80,2.6693333333333333,True,1.0,0.44232510682073695,0.42921923411361357,0.43577217046717526,0.7598122610551872,-0.058333333333333404,-0.05490740740740746,0.4107068900410851,0.1802944348266549,0.1980557779337933,0.5735261100709245,0.013105872707123378,0.0034259259259259434,0.0030689211733245358,0.3722081389010411,0.10453214284683184,0.11251388647407438,0.0,0.9999999987499999,0.6733913194731017,0.28244302194423077,0.2703936099534305,0.38060504660199923,happy,03,02,02,female,strong,139
90,3.003,True,1.0,0.4466673810042999,0.4586137907639657,0.4526405858841328,0.6311875626189362,-0.05717592592592585,-0.05421296296296302,0.40571641972801453,0.17389861419093158,0.19807080072715016,0.7171253248496016,0.011946409759665766,0.002962962962962834,0.0010957864943665256,0.43622448979591744,0.10443158429473873,0.11107408433927232,0.0,0.9999999987499999,0.6741310878023085,0.2797767258397209,0.2582987645397734,0.357589366828525,happy,03,02,02,female,strong,139
100,3.336666666666667,True,1.0,0.46386974560009625,0.4509323325320356,0.4574010390660659,0.5794209768100891,-0.057083333333333264,-0.054305555555555496,0.40057804365836475,0.16459478248989612,0.1980280405519255,0.7894105622206073,0.012937413068060677,0.002777777777777768,0.005548908953191505,0.48628706002883915,0.10518892561914073,0.11172971635737694,0.0,0.9999999987499999,0.6732657876197354,0.2791249796008087,0.25809746626879493,0.3520617188369898,happy,03,02,02,female,strong,139
110,3.6703333333333332,True,1.0,0.47972426272899726,0.4794144644564401,0.4795693635927187,0.46214849708597616,-0.05703703703703694,-0.055185185185185226,0.3617882460706224,0.16605896280259053,0.19736182297188892,1.0376953871246748,0.0003097982725571713,0.0018518518518517157,0.001863915707750647,0.6151393462397037,0.10673769719779687,0.11094016124630836,0.0,0.9999999987499999,0.6729881860165942,0.2792050285816475,0.2526146817593745,0.3426842874491814,happy,03,02,02,female,strong,139
0,0.0,True,1.0,0.6451585888820479,0.6229361984088497,0.6340473936454488,0.5649006886470903,-0.06384259259259267,-0.06152777777777779,0.31275659590744753,0.22426811297591148,0.19736182297188898,1.1224050640900465,0.022222390473198184,0.0023148148148148806,0.002247802474715267,0.4797137655497818,0.10546196684176105,0.11112967760748695,0.0,0.9999999987499999,0.672428280288678,0.28138523281455186,0.2428139707324698,0.33823013967534515,sad,04,02,02,female,normal,140
10,0.33366666666666667,True,1.0,0.6581749704268045,0.637388371262004,0.6477816708444042,0.5431362970401146,-0.06402777777777774,-0.06175925925925935,0.31851775244108843,0.20573344584852776,0.19872209579505937,1.1926687175476338,0.020786599164800523,0.002268518518518392,0.006209755501124459,0.4612238244144915,0.1077603437845694,0.11081012329762523,0.0,0.9999999987499999,0.6723913134081758,0.2803938850952841,0.2468564508869127,0.33659473518096694,sad,04,02,02,female,normal,140
20,0.6673333333333333,True,1.0,0.6411805107282246,0.6141918236532775,0.627686167190751,0.6542551649392495,-0.06314814814814806,-0.06050925925925921,0.33564249511770644,0.21029630301618654,0.19940352799112818,0.9593904654142614,0.02698868707494706,0.0026388888888888573,0.014259156322174385,0.40249056340257044,0.10661921089092262,0.11053817171956402,0.0,0.9999999987499999,0.6740746499224689,0.279409388571748,0.2519810080713105,0.34271707772994126,sad,04,02,02,female,normal,140
30,1.0010000000000001,True,1.0,0.5706567264981652,0.5517351835093391,0.5611959550037522,0.919966116350595,-0.06560185185185174,-0.06328703703703703,0.3323974623412608,0.35083453589641317,0.19529521528455354,0.6100180702632345,0.01892154298882609,0.002314814814814714,0.010594495460322798,0.29555084745762644,0.10401784119606734,0.11265178363234919,0.0,0.9999999987499999,0.6756842708255177,0.27883234181962246,0.2503042579663828,0.3510873650026066,sad,04,02,02,female,normal,140
40,1.3346666666666667,True,1.0,0.6071943494262827,0.5814186776439985,0.5943065135351406,0.8065282450353408,-0.06435185185185177,-0.06,0.3195522340144092,0.3044854998558224,0.19251969308138642,0.7368700565584024,0.025775671782284237,0.0043518518518517735,0.009306841953260031,0.34436506545823864,0.10629120404093495,0.11068161335136344,0.0,0.9999999987499999,0.6753083971166592,0.2783050711277082,0.24963915439633438,0.34710661480689303,sad,04,02,02,female,normal,140
50,1.6683333333333334,True,1.0,0.6381666022660843,0.6072580697513961,0.6227123360087402,1.0829771557985732,-0.06416666666666676,-0.06018518518518523,0.30809019034309554,0.45688098760252277,0.19040764478510802,0.5750004353042518,0.03090853251468828,0.00398148148148153,0.011274156219351688,0.27424719681954624,0.10594923524518576,0.11152269268557209,0.0,0.9999999987499999,0.6725709602512879,0.2793747469890406,0.25149373544965953,0.35571809868385096,sad,04,02,02,female,normal,140
60,2.0020000000000002,True,1.0,0.6100325465555316,0.5921583509176357,0.6010954487365836,0.7389265419851919,-0.06064814814814817,-0.05870370370370365,0.3658246658580718,0.2344533590437186,0.19107446757872656,0.8134711836466006,0.01787419563789594,0.0019444444444445264,0.011833356305442584,0.35746786528684704,0.10414619937434041,0.11219401456240835,0.0,0.9999999987499999,0.6711499511210733,0.2792092409804856,0.249423017899772,0.347003127875242,sad,04,02,02,female,normal,140
70,2.3356666666666666,True,1.0,0.6226632204359697,0.6015452065395549,0.6121042134877623,0.746615653562307,-0.06023148148148144,-0.05870370370370376,0.29155601403238435,0.32883692863991054,0.19387754118660183,0.8198384410603315,0.021118013896414767,0.0015277777777776835,0.01078546186002614,0.4017496852574541,0.10769139813491192,0.11001462697529503,0.0,0.9999999987499999,0.6714883630092662,0.27789798066655597,0.2505916477204808,0.3429013592492374,sad,04,02,02,female,normal,140
80,2.6693333333333333,True,1.0,0.6106326432760935,0.6004272742860199,0.6055299587810568,0.7757095407617174,-0.06027777777777771,-0.057361111111110974,0.320737280680493,0.2989508588801829,0.1938637676317847,0.7806142982158621,0.010205368990073516,0.002916666666666734,0.011062368247066346,0.37555247160434474,0.10729963576931349,0.11039675513626017,0.0,0.9999999987499999,0.6718159531156213,0.27847148213888545,0.2501378006014665,0.3389315655178293,sad,04,02,02,female,normal,140
90,3.003,True,1.0,0.584940389970543,0.575748184924414,0.5803442874474785,0.6196933214554918,-0.059027777777777846,-0.05685185185185182,0.3187515318687655,0.2527696442778982,0.19526552289985202,0.9365024074882828,0.009192205046128943,0.0021759259259260255,0.009743680508019879,0.4736842105263149,0.10570959930305676,0.11242974623293608,0.0,0.9999999987499999,0.6708348371926897,0.2804719818132799,0.2446238885850497,0.33638408031595546,sad,04,02,02,female,normal,140
100,3.336666666666667,True,1.0,0.625221443518842,0.6037311832003122,0.6144763133595771,0.5148577223951396,-0.05949074074074073,-0.05800925925925926,0.3121255345551844,0.21587254237779294,0.19592097059741992,1.193487611491982,0.021490260318529852,0.0014814814814814725,0.011076126214494693,0.5261230723578049,0.10731608402085495,0.11020802848922542,0.0,0.9999999987499999,0.6704344546803096,0.2814356357815313,0.24719326474989647,0.3389242255323596,sad,04,02,02,female,normal,140
110,3.6703333333333332,True,1.0,0.5924150741729389,0.5773747887521925,0.5848949314625658,0.5426275477876735,-0.05962962962962959,-0.05782407407407403,0.31613585147594636,0.23839262616806967,0.1952268378891098,1.0778939142460036,0.015040285420746424,0.0018055555555555602,0.016371243354091194,0.494246386001802,0.10690891435774713,0.11008507447179887,0.0,0.9999999987499999,0.6717869709602591,0.2807756390015674,0.24727862975458287,0.3391167501187535,sad,04,02,02,female,normal,140
0,0.0,True,1.0,0.6173066952395062,0.591791361300407,0.6045490282699566,0.5411013720341243,-0.06050925925925921,-0.05768518518518517,0.3142383824535825,0.21136772345083063,0.19940352799112815,1.1172565059247919,0.025515333939099216,0.0028240740740740344,0.028809103281973412,0.5107225811843865,0.10574279597122666,0.11256790071047838,0.0,0.9999999987499999,0.6719488685552345,0.2706064436151192,0.23522834300097029,0.3437376233040684,sad,04,02,02,female,normal,141
10,0.33366666666666667,True,1.0,0.653640955110557,0.6160415362962661,0.6348412457034116,0.5411849631633423,-0.05912037037037038,-0.05819444444444444,0.30911603234293883,0.2282771413268956,0.19665351742298964,1.1730578063230512,0.03759941881429085,0.0009259259259259411,0.01931145144949847,0.5281872683500954,0.1069402816079506,0.10988135334438866,0.0,0.9999999987499999,0.6734816363420368,0.2810595761670868,0.24840373528902226,0.34227064574527744,sad,04,02,02,female,normal,141
20,0.6673333333333333,True,1.0,0.6424665974813512,0.6160928302521088,0.62927971386673,0.6030843979768113,-0.06069444444444444,-0.05921296296296291,0.3127317733716029,0.25962964687981976,0.19660385211087322,1.0434355721650186,0.02637376722924234,0.001481481481481528,0.025214721145366083,0.45392022091779355,0.10679535472010884,0.1110563439800797,0.0,0.9999999987499999,0.6742543334208683,0.2782180508007269,0.24796788929045807,0.3395754054470571,sad,04,02,02,female,normal,141
30,1.0010000000000001,True,1.0,0.6287228349856061,0.6154257650419919,0.6220743000137989,0.9492561381491063,-0.06254629629629621,-0.06055555555555536,0.3277171753705715,0.3699817499768815,0.19242812793720376,0.6553281827882006,0.013297069943614237,0.0019907407407408484,0.020367417130487214,0.29044876878808046,0.10450133979838296,0.11254249649905398,0.0,0.9999999987499999,0.6769929240915115,0.2772534941021028,0.251806412934507,0.35378329978957085,sad,04,02,02,female,normal,141
40,1.3346666666666667,True,1.0,0.6527068657870974,0.618119789265012,0.6354133275260547,0.8461294420144143,-0.06291666666666662,-0.06027777777777782,0.3098438814271275,0.3384303611870529,0.18969959983660586,0.7509646822042981,0.03458707652208537,0.002638888888888802,0.02039260726830462,0.33807068039977733,0.10676342902898617,0.11091539840017867,0.0,0.9999999987499999,0.6769492101449955,0.2777976152453063,0.25021356825146385,0.34747950812631045,sad,04,02,02,female,normal,141
50,1.6683333333333334,True,1.0,0.6283315900144331,0.5867519925206567,0.6075417912675449,1.0316498934115912,-0.06060185185185185,-0.05921296296296302,0.3127453102104742,0.46500899159182607,0.18688558749401266,0.5889030718148464,0.04157959749377638,0.0013888888888888284,0.021442463332482432,0.28768584269385433,0.10627558568678255,0.11189489313537639,0.0,0.9999999987499999,0.6742154530953006,0.2792424353488356,0.25410566092091674,0.35643821156323047,sad,04,02,02,female,normal,141
60,2.0020000000000002,True,1.0,0.613533069173665,0.5854294767070488,0.5994812729403569,0.819640933195165,-0.05731481481481482,-0.057870370370370405,0.3419153593531101,0.3323274425339833,0.18759153039354043,0.7313949909790733,0.0281035924666162,0.0005555555555555869,0.024849597736849454,0.3394506240957493,0.10337871347633522,0.1129015914301764,0.0,0.9999999987499999,0.6780002514677747,0.2795785628756987,0.25024444227120235,0.35028241009385624,sad,04,02,02,female,normal,141
70,2.3356666666666666,True,1.0,0.5764254047801812,0.5653306000482851,0.5708780024142331,0.7393402256928989,-0.05680555555555561,-0.05648148148148152,0.29871328928333946,0.3168316831683173,0.18896803849392502,0.7721451945607511,0.011094804731896168,0.0003240740740740877,0.020378368509202393,0.38835802908220446,0.1158333601624464,0.10599946577070328,0.0,0.9999999987499999,0.634943044952356,0.2689640560174515,0.2531719397426931,0.32391488319116435,sad,04,02,02,female,normal,141
80,2.6693333333333333,True,1.0,0.6036744116219344,0.5478916872135522,0.5757830494177433,0.7502111567249409,-0.0553703703703704,-0.05546296296296288,0.325192112028062,0.28538508224923975,0.18826294450387399,0.7674946503479548,0.05578272440838217,9.259259259247754e-05,0.02179930762596096,0.3912750951659053,0.10669549516830175,0.11063687810376342,0.0,0.9999999987499999,0.6722984923813277,0.28111442382885915,0.24889636766873208,0.3403275576935749,sad,04,02,02,female,normal,141
90,3.003,True,1.0,0.5917021814543629,0.5432324207746093,0.5674673011144862,0.5382526818238801,-0.05564814814814811,-0.05509259259259264,0.3244637863032228,0.2282170453073919,0.19033550738708577,1.054276774231039,0.048469760679753615,0.0005555555555554759,0.01754034406426826,0.5289699891923498,0.11424225115540423,0.10788913786228017,0.0,0.9999999987499999,0.635546575591174,0.26679730236822147,0.24588285491574857,0.31803530749672754,sad,04,02,02,female,normal,141
100,3.336666666666667,True,1.0,0.5761450855192947,0.5347652013990501,0.5554551434591724,0.5642781286376685,-0.05476851851851855,-0.05499999999999999,0.31868717702616484,0.24061509858325272,0.19033550738708577,0.9843641198715297,0.041379884120244514,0.00023148148148144365,0.020496140929581533,0.5161593839434602,0.11647274737580256,0.10583791868605666,0.0,0.9999999987499999,0.634540982666504,0.2672370267924013,0.25248128830505445,0.3208536634074159,sad,04,02,02,female,normal,141
110,3.6703333333333332,True,1.0,0.5670336030183897,0.5432324207746093,0.5551330118964994,0.5580900003752958,-0.0560648148148149,-0.054814814814814816,0.32111190091659897,0.2378787877976195,0.18961592732921567,0.9947015920786829,0.02380118224378036,0.0012500000000000844,0.02436601471629927,0.4995238399697967,0.11640830669817749,0.1060885290329072,0.0,0.9999999987499999,0.6349981373017958,0.268347395749137,0.25474458247547715,0.32210480261242536,sad,04,02,02,female,normal,141
0,0.0,True,1.0,0.5900412313758041,0.5890743391898811,0.5895577852828426,0.5366950640623149,-0.058379629629629726,-0.0553703703703704,0.3155161400089145,0.2096141275157899,0.1980033818393895,1.0984967531104215,0.0009668921859230517,0.0030092592592593226,0.009231674390325918,0.5272622967768886,0.10607393578666827,0.1107179108780202,0.0,0.9999999987499999,0.6731176707401711,0.27253831540896206,0.23820208859913494,0.3461098172009398,sad,04,02,02,female,normal,142
10,0.33366666666666667,True,1.0,0.6276157303424157,0.5685225641126086,0.5980691472275121,0.5418049876925412,-0.05935185185185188,-0.05555555555555558,0.31247481500215846,0.21160988312292148,0.20011021438295104,1.1038457762719958,0.05909316622980709,0.0037962962962962976,0.006392674977414776,0.5272622967768887,0.10635995045126508,0.1109594900206916,0.0,0.959404061693023,0.669549934254952,0.27387858760122535,0.23753996450401332,0.3461739121802382,sad,04,02,02,female,normal,142
20,0.6673333333333333,True,1.0,0.6500440035225519,0.6052497533494867,0.6276468784360193,0.7618550921975096,-0.06384259259259256,-0.058425925925925826,0.3143985001008465,0.2623962550724223,0.2001235580249425,0.8238402353203711,0.04479425017306515,0.005416666666666736,0.007397616354645461,0.36247168300585525,0.10434472732229752,0.11369760376901021,0.0,0.9999999987499999,0.6726627199551696,0.27254364306221934,0.23938374488232292,0.34911212752842646,sad,04,02,02,female,normal,142
30,1.0010000000000001,True,1.0,0.6128454191141567,0.6318495271558956,0.6223474731350261,1.021768287720585,-0.0666666666666666,-0.06333333333333324,0.31304116446238517,0.4271326448668015,0.19246261862476374,0.6090886560233651,0.01900410804173891,0.003333333333333355,0.007119605833149924,0.2771246502116052,0.1046026287044749,0.11227880324443128,0.0,0.9999999987499999,0.6753974381940276,0.2826708546415244,0.25301399637157823,0.34904496781427596,sad,04,02,02,female,normal,142
40,1.3346666666666667,True,1.0,0.641893079926794,0.5717190238186318,0.606806051872713,0.8367467017826169,-0.06208333333333327,-0.06,0.3124654707738192,0.3179436274437855,0.1889571372009924,0.7251968254908742,0.07017405610816219,0.0020833333333332704,0.010504738443856932,0.3380706803997765,0.10464312901579334,0.11258002946837245,0.0,0.9999999987499999,0.6754377462860144,0.2819262749282448,0.25103590334988274,0.34405887272490854,sad,04,02,02,female,normal,142
50,1.6683333333333334,True,1.0,0.6241312554345924,0.5708040985187033,0.5974676769766478,0.9430689030330301,-0.05671296296296302,-0.0559722222222222,0.33163453295249457,0.322158584074001,0.19031786964211186,0.6335355508543601,0.053327156915889073,0.0007407407407408195,0.015151950885020705,0.31111087093008,0.10286527340867233,0.11420675554231477,0.0,0.9999999987499999,0.6756214444449654,0.2835172040004721,0.25235458807637956,0.3477905950931897,sad,04,02,02,female,normal,142
60,2.0020000000000002,True,1.0,0.5906836019435637,0.5318866892043945,0.5612851455739791,0.7416902152398265,-0.05495370370370367,-0.05384259259259255,0.3414942996914211,0.27024093878957534,0.1889292754835563,0.756764932368006,0.058796912739169205,0.0011111111111111183,0.016060943042818222,0.3654371656206052,0.11547020177454266,0.10710883419519215,0.0,0.9999999987499999,0.6317643656681422,0.2707221864025699,0.2638473964891463,0.3241271122134403,sad,04,02,02,female,normal,142
70,2.3356666666666666,True,1.0,0.6398102437615947,0.618119789265012,0.6289650165133034,0.7935457011814863,-0.058981481481481524,-0.056944444444444464,0.30401160295560903,0.34499407749808925,0.1896235720232068,0.7926008742494054,0.02169045449658269,0.0020370370370370594,0.011094498525023068,0.3674639114970114,0.10535040828542142,0.11191844780693647,0.0,0.9999999987499999,0.6751006918783138,0.28248037503042317,0.24994046385052912,0.34228031206653514,sad,04,02,02,female,normal,142
80,2.6693333333333333,True,1.0,0.625221443518842,0.6200013345311117,0.6226113890249769,0.7370131911427172,-0.06337962962962962,-0.05976851851851844,0.3112394274999961,0.30988054627591544,0.19242812793720382,0.8447764524534985,0.0052201089877302875,0.003611111111111176,0.00991731831504377,0.39695796132968114,0.10472687618725217,0.1131774919300277,0.0,0.9999999987499999,0.6752640373727616,0.282570241266507,0.2489235646366964,0.3441436325132401,sad,04,02,02,female,normal,142
90,3.003,True,1.0,0.6311024700373103,0.5914286466028664,0.6112655583200883,0.5587671459375015,-0.06041666666666662,-0.05870370370370381,0.319164216197789,0.24638008190626504,0.1931124547695311,1.093954007074816,0.03967382343444392,0.0017129629629628051,0.018594487929591313,0.48310761289622617,0.11540816835685198,0.10664104601181261,0.0,0.9999999987499999,0.6320710612526261,0.26809214241812723,0.2556143110615096,0.327330275735356,sad,04,02,02,female,normal,142
100,3.336666666666667,True,1.0,0.6571335041532499,0.6061541935066349,0.6316438488299424,0.5743156866529285,-0.060185185185185286,-0.058750000000000024,0.30972077912108187,0.24462762980912708,0.1965665948917417,1.0998199483477777,0.050979310646614984,0.0014351851851852615,0.01827944192013927,0.48008912144063914,0.11502106651110386,0.10794457843830889,0.0,0.9999999987499999,0.6324581700570854,0.2695433959806061,0.25310105567691,0.31984691961855743,sad,04,02,02,female,normal,142
110,3.6703333333333332,True,1.0,0.6202053882897229,0.5721250978932644,0.5961652430914937,0.5427444102106812,-0.05925925925925929,-0.05675925925925929,0.3188357945459606,0.22995474311251518,0.19865758629248406,1.0984272373437722,0.04808029039645856,0.0025000000000000022,0.02307449133273806,0.531179307092144,0.10492431186213527,0.1124875113646736,0.0,0.9999999987499999,0.6739303664825305,0.27216443872893015,0.23918230261686532,0.34861889121103784,sad,04,02,02,female,normal,142
0,0.0,True,1.0,0.6377615453184488,0.6052508425200299,0.6215061939192393,0.49391395842132996,-0.06060185185185185,-0.05601851851851847,0.3185665491959766,0.18106995884773736,0.19870942593845448,1.258328871501679,0.032510702798418833,0.004583333333333384,0.009691179949943082,0.5446750180213232,0.10614883690480857,0.1104737802336774,0.0,0.9999999987499999,0.672172635671456,0.2729462660108342,0.24125135047811797,0.3484186306822918,sad,04,02,02,female,normal,143
10,0.33366666666666667,True,1.0,0.635893384285081,0.5904992613384038,0.6131963228117424,0.5266776213722337,-0.05944444444444452,-0.05624999999999991,0.3185878049903387,0.2221921215164113,0.19805577793379345,1.1642725985092897,0.04539412294667722,0.0031944444444446107,0.00738605939435098,0.5273437499999992,0.10548328231609863,0.11179322268007774,0.0,0.9999999987499999,0.6723506147615296,0.27258681870527285,0.23862000118952242,0.3463287401387015,sad,04,02,02,female,normal,143
20,0.6673333333333333,True,1.0,0.6058884688653084,0.5609983746287106,0.5834434217470095,0.7940183658220157,-0.06120370370370376,-0.05717592592592596,0.3046663079403847,0.2934196332254589,0.1966989036523519,0.734798396184443,0.044890094236597844,0.004027777777777797,0.005574103278088222,0.37967053445721705,0.10780093081460766,0.11042611348264347,0.0,0.9999999987499999,0.6726144272787239,0.27397769272226297,0.24728311300948524,0.35484900175661854,sad,04,02,02,female,normal,143
30,1.0010000000000001,True,1.0,0.6720463673463967,0.6515659048723201,0.6618061361093583,1.0873786407766988,-0.06398148148148147,-0.060416666666666674,0.30076351699020887,0.4314994606256753,0.1932467336591403,0.6086252858862851,0.020480462474076533,0.0035648148148147984,0.0026832762253084057,0.25941464441111534,0.10480570158715871,0.11225911300310155,0.0,0.9999999987499999,0.6747068813306573,0.2830689611186523,0.25407972716343014,0.3516253525649306,sad,04,02,02,female,normal,143
40,1.3346666666666667,True,1.0,0.6285060589061894,0.6176547477298933,0.6230804033180413,0.782458441053914,-0.06273148148148139,-0.058240740740740815,0.32142219980744535,0.29342191539521756,0.1918103108271991,0.7963111784937712,0.010851311176296119,0.004490740740740573,0.0006701835111912806,0.35217924297724873,0.10440243267807943,0.11330883186460414,0.0,0.9999999987499999,0.6764064222564026,0.28287077011267625,0.25205093434414655,0.3442957721767616,sad,04,02,02,female,normal,143
50,1.6683333333333334,True,1.0,0.6066628270270144,0.6072580697513972,0.6069604483892057,0.969612960260904,-0.06124999999999997,-0.05740740740740741,0.3221852217790835,0.37974838830725927,0.19248957256034346,0.6259821942003378,0.0005952427243828273,0.003842592592592564,0.004879383882470541,0.29998681727522264,0.10619108060441236,0.11214510943727941,0.0,0.9999999987499999,0.6753470892419468,0.2847833627775053,0.25984146397867336,0.35542388548231557,sad,04,02,02,female,normal,143
60,2.0020000000000002,True,1.0,0.595477557083962,0.5621070401250929,0.5787922986045275,0.8565020461221591,-0.06060185185185185,-0.057129629629629586,0.3244859955038008,0.3312698706510138,0.19389210073779597,0.6757628907310012,0.033370516958869056,0.0034722222222222654,0.006469322932793544,0.3396035155483914,0.1060245502459859,0.11145109321172744,0.0,0.9999999987499999,0.674974204971051,0.2749735608475405,0.24962435407546069,0.3575513099346851,sad,04,02,02,female,normal,143
70,2.3356666666666666,True,1.0,0.331712761519008,0.3263517840742562,0.3290322727966321,0.7141631892009177,-0.07481481481481478,-0.0705555555555556,0.29910280322772775,0.29611644430281975,0.19387754118660183,0.4607242122977364,0.0053609774447518355,0.004259259259259185,5.315945834559736e-05,0.4123074064123882,0.1144674600816193,0.1085314624336962,0.0,0.9999999987499999,0.6291813730179573,0.2707750488944108,0.2576764315900202,0.3196831892813161,sad,04,02,02,female,normal,143
80,2.6693333333333333,True,1.0,0.608105041394307,0.5609983746287106,0.5845517080115088,0.7044025157232705,-0.06087962962962967,-0.05717592592592591,0.3145006769586618,0.2851153039832288,0.19739274606235463,0.8298546569091955,0.04710666676559638,0.0037037037037037646,0.00752742787089837,0.4158607213930002,0.10785513226014135,0.11020042523148134,0.0,0.9999999987499999,0.6742841495660764,0.2732158213670033,0.24479406711698096,0.34908047639136164,sad,04,02,02,female,normal,143
90,3.003,True,1.0,0.6038687249640473,0.5647182863434953,0.5842935056537713,0.5267589842727541,-0.0587037037037037,-0.056620370370370376,0.31769009095538137,0.22219212151641116,0.19869752321601994,1.1092236166801208,0.03915043862055201,0.002083333333333326,0.011020024328350742,0.528187268350094,0.1066463391836823,0.1110279861985057,0.0,0.9999999987499999,0.671755924744898,0.2730427254573736,0.24369640147682783,0.34866098427168607,sad,04,02,02,female,normal,143
100,3.336666666666667,True,1.0,0.5974742610057633,0.5777003876373369,0.5875873243215501,0.5699100862596909,-0.0593981481481482,-0.057083333333333375,0.31192298926326434,0.23466885904810825,0.19799220734919584,1.0310175911745565,0.019773873368426398,0.002314814814814825,0.007305691333885289,0.49719422537964425,0.11450836287814657,0.10901387264469865,0.0,0.9999999987499999,0.6311023586153212,0.2650637292792331,0.25235779756818116,0.3281943031188885,sad,04,02,02,female,normal,143
110,3.6703333333333332,True,1.0,0.6141874226616649,0.5773405865338965,0.5957640045977808,0.5371625625438309,-0.0589351851851852,-0.05662037037037043,0.32214658477673314,0.21157875972572143,0.19798180294653364,1.1090944271626677,0.0368468361277684,0.0023148148148147696,0.015755213918143454,0.5121863152297361,0.10784803205163021,0.11038011236485477,0.0,0.9999999987499999,0.672875064971301,0.27280777827130226,0.24447627346573783,0.3472119261262867,sad,04,02,02,female,normal,143
0,0.0,True,1.0,0.5830005727949837,0.5703117253968057,0.5766561490958948,0.5296922915716776,-0.05884259259259261,-0.056342592592592666,0.31185547370965566,0.1879243950531985,0.1959891058214574,1.0886625277948982,0.012688847398177994,0.0024999999999999467,0.0061614510826660624,0.5452200469652184,0.10195392695830983,0.1131843665868876,0.0,0.9999999987499999,0.6779283055175195,0.2819743258902268,0.23944818727094758,0.33962728651497004,sad,04,02,02,female,strong,144
10,0.33366666666666667,True,1.0,0.622857388897246,0.6017836709089419,0.6123205299030939,0.5633622717047434,-0.05939814814814809,-0.05675925925925929,0.3122780080720697,0.23046638387921348,0.1939074461083174,1.0869036864151411,0.02107371798830404,0.002638888888888802,0.004023308074701775,0.49524613933031053,0.10251311316614233,0.11267815090391022,0.0,0.9999999987499999,0.677062969961422,0.28191594089207145,0.23958166846758666,0.3388035466651064,sad,04,02,02,female,strong,144
20,0.6673333333333333,True,1.0,0.6052938506404357,0.6017830753381284,0.603538462989282,0.9043063347910477,-0.059259259259259234,-0.05638888888888893,0.337036494147808,0.31730046834773595,0.19253594035313737,0.6674048823607299,0.0035107753023073673,0.002870370370370301,0.002670142679312082,0.335526315789474,0.11637731457078299,0.10825542889094476,0.0,0.9999999987499999,0.6235692397427721,0.26932432320236127,0.2723738111506702,0.3360017369393944,sad,04,02,02,female,strong,144
30,1.0010000000000001,True,1.0,0.6139702967279372,0.5670457462410967,0.590508021484517,0.8337687572609732,-0.058333333333333404,-0.054629629629629584,0.3349757391627119,0.2910161011513576,0.1897442368927915,0.7082395644379913,0.04692455048684052,0.00370370370370382,0.002498566305694146,0.350216125409278,0.1024994764983543,0.11403505145252796,0.0,0.9999999987499999,0.6711492789694002,0.283270362277705,0.24776432909402504,0.34880531962853106,sad,04,02,02,female,strong,144
40,1.3346666666666667,True,1.0,0.5736179972339783,0.551607662454814,0.5626128298443962,0.7502148182307556,-0.061712962962963025,-0.05791666666666673,0.34632248856645226,0.25260671332137885,0.18760413774754542,0.7499356399960422,0.022010334779164364,0.0037962962962962976,0.0026830715235748714,0.37880157200406217,0.10413123977861415,0.11237756269544234,0.0,0.9999999987499999,0.6762438919552196,0.2810502817766771,0.24875901856066246,0.33893357622737796,sad,04,02,02,female,strong,144
50,1.6683333333333334,True,1.0,0.6134488765216534,0.6131544008671476,0.6133016386944005,1.349638837200251,-0.0633333333333333,-0.060555555555555474,0.3074471003498577,0.5637731851595991,0.18760413774754542,0.45441907997154246,0.00029447565450579916,0.0027777777777778234,0.005069877964675865,0.2207278481012653,0.10558560658224968,0.11066843941768466,0.0,0.9999999987499999,0.675439129792542,0.28052346213003915,0.255396670106502,0.3538122070108252,sad,04,02,02,female,strong,144
60,2.0020000000000002,True,1.0,0.6071622894533861,0.5717190238186324,0.5894406566360093,0.6702393907004727,-0.05972222222222223,-0.05694444444444441,0.3372136331179546,0.23380443861644434,0.18961592732921567,0.8794479477250361,0.03544326563475375,0.0027777777777778234,0.0028664350456944886,0.41860465116279005,0.10345265196848465,0.11317104065607687,0.0,0.9999999987499999,0.6754592558038841,0.27992293804911295,0.24471485672439772,0.3324503350960448,sad,04,02,02,female,strong,144
70,2.3356666666666666,True,1.0,0.5871809314922122,0.5326600507061569,0.5599204910991845,0.6937391838204562,-0.05717592592592596,-0.05481481481481487,0.3247995412812361,0.22579130856665697,0.19380669533390743,0.8071051832702811,0.054520880786055326,0.0023611111111110916,0.0017334710314982158,0.43403597178949277,0.10436879627610686,0.11283440011316624,0.0,0.9999999987499999,0.6741034678637081,0.2826432854100851,0.24969306278981315,0.33405023901699155,sad,04,02,02,female,strong,144
80,2.6693333333333333,True,1.0,0.559077019822815,0.5325369384352715,0.5458069791290432,0.7768974404523404,-0.058379629629629726,-0.055925925925925934,0.3322588100720229,0.2457532719798224,0.19520495206399288,0.702547016773865,0.02654008138754349,0.002453703703703791,0.005588548945749869,0.3673469387755106,0.11835482485402249,0.10644839388271385,0.0,0.9999999987499999,0.6119178767288165,0.2671155498444666,0.2760189016274934,0.3270419933051038,sad,04,02,02,female,strong,144
90,3.003,True,1.0,0.6099056027662737,0.5768829215173372,0.5933942621418055,0.6501182176307825,-0.05763888888888902,-0.054768518518518605,0.3303039731411759,0.21404317236952292,0.1924756996825622,0.9127482449335208,0.03302268124893648,0.002870370370370412,0.005286522562415788,0.4807567194835037,0.10435500979225695,0.11233951919769378,0.0,0.9999999987499999,0.6722657053837161,0.282231976058652,0.24666811783700843,0.3335091301474188,sad,04,02,02,female,strong,144
100,3.336666666666667,True,1.0,0.6397076677475957,0.6264375835826805,0.6330726256651381,0.5909745735512517,-0.05967592592592591,-0.05666666666666664,0.32433649308303103,0.23149116292934038,0.19316973218197211,1.0712349633943015,0.013270084164915152,0.003009259259259267,0.016033754846222294,0.4870115925006608,0.1053168635004306,0.1116091297904013,0.0,0.9999999987499999,0.6718312775110045,0.2826380505519441,0.2479233893378175,0.33336327517438685,sad,04,02,02,female,strong,144
110,3.6703333333333332,True,1.0,0.5945451746781917,0.5534990499672441,0.5740221123227178,0.5322996825225651,-0.060370370370370297,-0.05717592592592596,0.32213523111545916,0.22579130856665697,0.19319816707044568,1.0783814666250229,0.041046124710947596,0.003194444444444333,0.0132809858383267,0.5292004084230423,0.10612494096210365,0.11118428122266973,0.0,0.9999999987499999,0.6724342418060975,0.28384957725822757,0.24924911844267775,0.3365340011779324,sad,04,02,02,female,strong,144
0,0.0,True,1.0,0.5719042016324732,0.5445901601896028,0.5582471809110381,0.5316718587746622,-0.057453703703703674,-0.0556018518518519,0.31552576923504605,0.18276220145378966,0.2000858122791084,1.0499844437838477,0.027314041442870418,0.0018518518518517713,0.002241695181530641,0.5458171968283122,0.1066750559835688,0.10961868559366193,0.0,0.9999999987499999,0.66968349141219,0.27587204383567193,0.24021232332007353,0.3404407187701916,sad,04,02,02,female,strong,145
10,0.33366666666666667,True,1.0,0.5609357013577257,0.5428908660675318,0.5519132837126288,0.5150708089993545,-0.05791666666666667,-0.055462962962962936,0.3146804974273647,0.17443075453682005,0.20012355802494236,1.0715289511064496,0.01804483529019396,0.0024537037037037357,0.0037339551009195225,0.5814448167327875,0.10586433775135305,0.11160328590714909,0.0,0.9999999987499999,0.6698203993316076,0.27521520254681164,0.23904839302158729,0.3396322064161995,sad,04,02,02,female,strong,145
20,0.6673333333333333,True,1.0,0.4971711825706602,0.48204928722463597,0.4896102348976481,0.7758108409743769,-0.061481481481481415,-0.05717592592592596,0.32256311123889936,0.258585858585859,0.2001102143829511,0.6310948610652615,0.015121895346024206,0.0043055555555554514,0.006890286855548868,0.3872529210279481,0.10674605050029032,0.11076024618778649,0.0,0.9999999987499999,0.6741335523193653,0.273998139156413,0.24621527189213516,0.34973939330989096,sad,04,02,02,female,strong,145
30,1.0010000000000001,True,1.0,0.5588498562050022,0.5423922955069641,0.5506210758559831,0.8968968968968956,-0.06120370370370365,-0.05958333333333332,0.3252966518905437,0.33633633633633614,0.1980415244866766,0.6139179182813927,0.016457560698038054,0.0016203703703703276,7.43543194324212e-05,0.34151785714285793,0.10564657891822762,0.11163891726492332,0.0,0.9999999987499999,0.6713836420583859,0.2765517862876012,0.24868460940342346,0.35284748995648696,sad,04,02,02,female,strong,145
40,1.3346666666666667,True,1.0,0.5796909645323676,0.5569575025863444,0.5683242335593559,0.7901234567901249,-0.06083333333333335,-0.05754629629629626,0.3203633550570763,0.27983539094650245,0.19315669812580716,0.7192853580985585,0.022733461946023215,0.0032870370370370883,0.003022144604998812,0.36328124999999883,0.11634564469866199,0.10864076622321905,0.0,0.9999999987499999,0.6203503709218062,0.2682619655203629,0.2639195894717753,0.32268004589963606,sad,04,02,02,female,strong,145
50,1.6683333333333334,True,1.0,0.6226334539729639,0.6017836709089436,0.6122085624409537,1.220043572984749,-0.05999999999999994,-0.057314814814814874,0.3024014475123449,0.47058823529411725,0.19315669812580716,0.5017923752864247,0.0208497830640203,0.0026851851851850683,0.0013416629078756186,0.2410714285714286,0.11799897903245476,0.10702088591119566,0.0,0.9999999987499999,0.6168525109887705,0.27112246360548264,0.27220971498287216,0.3383804696543183,sad,04,02,02,female,strong,145
60,2.0020000000000002,True,1.0,0.5695091324864959,0.5645421368555019,0.567025634670999,0.7847358520247691,-0.058379629629629615,-0.055046296296296426,0.3303578959033224,0.2482164149495715,0.19730924259563276,0.7225687894951709,0.004966995630994009,0.0033333333333331883,0.0033115582358159267,0.36788915584835363,0.10502494606682666,0.11239355913936237,0.0,0.9999999987499999,0.6724754582379826,0.27602810595512167,0.24389103560356348,0.3438478462974406,sad,04,02,02,female,strong,145
70,2.3356666666666666,True,1.0,0.5230181305476784,0.4954441248769197,0.5092311277122991,0.7028857847505374,-0.05694444444444452,-0.05398148148148141,0.31684372735538835,0.25100812692930446,0.19661510550733954,0.7244863088147832,0.02757400567075874,0.0029629629629631116,0.00047673544102880483,0.4291938044732655,0.10480079279826993,0.11277166846736698,0.0,0.9999999987499999,0.6729322591536615,0.27437443533651495,0.23761027115673342,0.33804371574101627,sad,04,02,02,female,strong,145
80,2.6693333333333333,True,1.0,0.5517317440418056,0.5177480676054554,0.5347399058236305,0.7272345733875695,-0.058472222222222314,-0.05587962962962961,0.3281055377836149,0.23431283533852218,0.1959595185771973,0.7353059458280848,0.03398367643635014,0.002592592592592702,7.885103306928664e-05,0.42496680076548354,0.10670495873991297,0.11114320090932037,0.0,0.9999999987499999,0.673332442867772,0.27448872010334574,0.24351893320850354,0.34242586953103366,sad,04,02,02,female,strong,145
90,3.003,True,1.0,0.5664487916505216,0.5313760303273466,0.5489124109889341,0.6144104939501059,-0.057962962962962994,-0.05458333333333326,0.324412409174849,0.21010101010100934,0.19593304199252465,0.8933968680448828,0.03507276132317505,0.0033796296296297323,0.00608077675425684,0.473476761503221,0.10631521054763632,0.11065855410309487,0.0,0.9999999987499999,0.6742814274303471,0.27349792261878947,0.2414691331339647,0.3417040429837723,sad,04,02,02,female,strong,145
100,3.336666666666667,True,1.0,0.5664487916505216,0.5314988742186635,0.5489738329345926,0.5079509898833022,-0.05740740740740741,-0.05458333333333337,0.3312881463750365,0.15077465795387684,0.1973212290613243,1.080761419641519,0.03494991743185816,0.0028240740740740344,0.004163117797188978,0.5457328902068503,0.10625542048333916,0.11123100759522696,0.0,0.9999999987499999,0.668890428452631,0.27424516952604766,0.23860998791668164,0.3380969192771293,sad,04,02,02,female,strong,145
110,3.6703333333333332,True,1.0,0.5603099602436817,0.5445901601896052,0.5524500602166434,0.5123289167087137,-0.057083333333333375,-0.053101851851851956,0.3293213330336297,0.17608586279227142,0.19801532628674087,1.0783113000251374,0.015719800054076583,0.003981481481481419,0.0009688579854664594,0.5632803693771808,0.10808549675401953,0.10945353728732983,0.0,0.9999999987499999,0.6710700389687124,0.27192880182540613,0.2412047483007759,0.3408137327935866,sad,04,02,02,female,strong,145
0,0.0,True,1.0,0.6161614408233931,0.5903881124499462,0.6032747766366696,0.5535395167449517,-0.06009259259259264,-0.05699074074074084,0.31438261849047494,0.2348008385744238,0.19675125936895954,1.0898495200201468,0.025773328373446924,0.0031018518518518,0.005858773072085695,0.5283323436571017,0.10660302424860772,0.11020857890293095,0.0,0.9999999987499999,0.6740600060024009,0.27306958224745254,0.2406291187760181,0.3498627651631339,sad,04,02,02,female,strong,146
10,0.33366666666666667,True,1.0,0.6089397312924443,0.607140956812844,0.6080403440526441,0.592559000184728,-0.062083333333333324,-0.059814814814814876,0.3103100115767211,0.27074428894964214,0.19609651669141634,1.026126248800693,0.001798774479600307,0.0022685185185184475,0.0005163950340315311,0.48273936617099844,0.10578190525892148,0.11133971464700512,0.0,0.9999999987499999,0.6757091664243823,0.2830653650868396,0.2481158613833379,0.34317704509248564,sad,04,02,02,female,strong,146
20,0.6673333333333333,True,1.0,0.598034118293286,0.5726492087387217,0.5853416635160038,0.724181729386819,-0.06162037037037027,-0.05870370370370365,0.3179981825021006,0.2715681485200567,0.19328305191057024,0.8082800763444085,0.025384909554564294,0.002916666666666623,0.004595249009841638,0.3963068181818181,0.11511865060680261,0.10819326195791842,0.0,0.9999999987499999,0.6342072374262205,0.26829874507479107,0.25654468745063386,0.32407037324234544,sad,04,02,02,female,strong,146
30,1.0010000000000001,True,1.0,0.6232027442909144,0.5971963433857107,0.6101995438383125,0.864357782834107,-0.06222222222222218,-0.05962962962962959,0.31916620722563643,0.33430823920625224,0.19326449887396505,0.7059571348308503,0.026006400905203675,0.002592592592592591,0.001497964101715846,0.3295314469149548,0.10561503767711032,0.11149801502325608,0.0,0.9999999987499999,0.6733752526244874,0.2840817570629197,0.25519446901068316,0.3494211422431791,sad,04,02,02,female,strong,146
40,1.3346666666666667,True,1.0,0.6226334539729639,0.576895910954909,0.5997646824639364,0.7990782302978721,-0.05861111111111106,-0.0559722222222222,0.3190668196510061,0.3016928012349107,0.18979609920100676,0.7505706697082242,0.04573754301805488,0.0026388888888888573,0.0035792062168686347,0.36791339545550894,0.10526130768037457,0.11183201975809982,0.0,0.9999999987499999,0.6715763063115872,0.2849815775781261,0.25245978718941453,0.3441496198164171,sad,04,02,02,female,strong,146
50,1.6683333333333334,True,1.0,0.5718363715619171,0.5508326714298312,0.5613345214958742,0.8581800655661124,-0.057592592592592584,-0.05592592592592599,0.3459976509637454,0.2834916134561675,0.1932135675544401,0.6540987655377205,0.021003700132085967,0.0016666666666665941,0.00043009991229205004,0.3615889020881889,0.10549300290498484,0.11212440286848747,0.0,0.9999999987499999,0.6707138975590236,0.27573210645267193,0.24921601379087463,0.35690684390527155,sad,04,02,02,female,strong,146
60,2.0020000000000002,True,1.0,0.5718363715619171,0.5422669338487695,0.5570516527053433,0.8502860111341779,-0.05805555555555564,-0.05458333333333326,0.3400063155476179,0.3091787439613528,0.19387754118660183,0.6551344434824986,0.029569437713147684,0.0034722222222223764,0.0004184237067638966,0.357935826417977,0.10561486145412406,0.11098438059199463,0.0,0.9999999987499999,0.6694600218055972,0.27677970148500985,0.2515461248954281,0.35881215705563513,sad,04,02,02,female,strong,146
70,2.3356666666666666,True,1.0,0.5450034440199536,0.5115942202406585,0.528298832130306,0.6919660555159258,-0.05592592592592599,-0.053611111111111165,0.3122529936501077,0.24462762980912708,0.1959330419925247,0.7634750692162342,0.033409223779295116,0.002314814814814825,0.0009646131477613813,0.43953594287043396,0.10524737528311229,0.1120153448464653,0.0,0.9999999987499999,0.6687185531947154,0.2749506074604944,0.24158679175787143,0.3429251632080251,sad,04,02,02,female,strong,146
80,2.6693333333333333,True,1.0,0.5486055151682144,0.5239577309480138,0.5362816230581141,0.7072326257494577,-0.056481481481481355,-0.05342592592592593,0.3345251489213887,0.2121532139023913,0.19802804055192558,0.758281792344936,0.02464778422020064,0.0030555555555554226,0.004466116716341074,0.41306587519613375,0.10627953294702658,0.11189114397186863,0.0,0.9999999987499999,0.6709600689572705,0.27522356646238383,0.24507889638613908,0.3445041948127957,sad,04,02,02,female,strong,146
90,3.003,True,1.0,0.5725262789294182,0.5416557895200814,0.5570910342247498,0.6663907402860488,-0.058379629629629504,-0.054537037037037106,0.3330354232984883,0.2062453044260287,0.19734751940380232,0.8359825557984464,0.030870489409336788,0.0038425925925923976,0.002539105804231486,0.45531630995844874,0.10619541501731933,0.11060139905149521,0.0,0.9999999987499999,0.668814150097539,0.27566473640739314,0.2434681048442471,0.3435808064410125,sad,04,02,02,female,strong,146
100,3.336666666666667,True,1.0,0.5649738980539689,0.5238366300206604,0.5444052640373147,0.5921832843656627,-0.057962962962962994,-0.05509259259259258,0.32841347413763017,0.19996950697510157,0.19668300026825294,0.9193188636191799,0.04113726803330853,0.002870370370370412,0.0010783335780118579,0.502184584126625,0.10591001707785365,0.11121785747025664,0.0,0.9999999987499999,0.6697576433151387,0.27538688848566606,0.24177923396440937,0.3434626582015913,sad,04,02,02,female,strong,146
110,3.6703333333333332,True,1.0,0.562384622742343,0.5238366300206605,0.5431106263815018,0.5330549404351322,-0.0588425925925925,-0.054537037037036995,0.32002578774757856,0.20999134017141521,0.1953112316702645,1.0188642580409462,0.03854799272168252,0.004305555555555507,0.008405603153572328,0.5292772817729076,0.10606886231597176,0.11157980026618936,0.0,0.9999999987499999,0.6672267909663867,0.28694846034649024,0.24954553070464947,0.33859387876664243,sad,04,02,02,female,strong,146
0,0.0,True,1.0,0.5703977037938581,0.5403100095116482,0.5553538566527532,0.5534591194968547,-0.05810185185185196,-0.05569444444444438,0.3211701794726289,0.218029350104821,0.19666787146554268,1.003423445543044,0.03008769428220992,0.00240740740740758,0.009094493669269057,0.5284090909090917,0.10455358971270448,0.1118144651889786,0.0,0.9999999987499999,0.6727466148881428,0.2746387759378188,0.23858908473928375,0.3467399940605071,sad,04,02,02,female,strong,147
10,0.33366666666666667,True,1.0,0.5704464892773717,0.5313615855940833,0.5509040374357275,0.5533812966416831,-0.05791666666666673,-0.05402777777777773,0.3190294182508572,0.20961412751578856,0.19463425832666542,0.9955234135649516,0.03908490368328843,0.003888888888888997,0.0011230438030422985,0.5113636363636369,0.10667380087371986,0.11100160173378862,0.0,0.9999999987499999,0.6714106312212386,0.27456240392804326,0.24039333795606205,0.3468220910941943,sad,04,02,02,female,strong,147
20,0.6673333333333333,True,1.0,0.591129024333407,0.5553000556054829,0.5732145399694449,0.5649006886470906,-0.05634259259259261,-0.05435185185185187,0.31915957435814957,0.20765566016288114,0.19319816707044563,1.0147173680072255,0.03582896872792407,0.0019907407407407374,0.00012692125299536573,0.49625561953425734,0.11887983238073489,0.10657920233135637,0.0,0.9999999987499999,0.6172748798738246,0.2671802390744381,0.2676302293594809,0.31305633749678374,sad,04,02,02,female,strong,147
30,1.0010000000000001,True,1.0,0.5677965007880881,0.5508326714298319,0.55931458610896,0.85611854069885,-0.056712962962962965,-0.054259259259259174,0.3287272953490806,0.2907572402373452,0.1918103108271991,0.6533144179454299,0.016963829358256133,0.002453703703703791,0.0076894709117013285,0.35023584905660315,0.11663294838388899,0.10850799244798927,0.0,0.9999999987499999,0.6157331519873573,0.26804204217238065,0.27118608859952614,0.3252346873369935,sad,04,02,02,female,strong,147
40,1.3346666666666667,True,1.0,0.5588498562050018,0.5273401780846275,0.5430950171448147,0.7915058206461061,-0.05759259259259253,-0.055092592592592526,0.3272588924723812,0.27460406022415834,0.19453270740597647,0.6861541671310595,0.03150967812037431,0.0025000000000000022,0.0025081737731712027,0.3679133954555087,0.11853413832085893,0.10785044601992604,0.0,0.9999999987499999,0.6119404216530362,0.26983620994723245,0.2751164094167796,0.32070452365651414,sad,04,02,02,female,strong,147
50,1.6683333333333334,True,1.0,0.5264572536211688,0.5126819954645239,0.5195696245428463,0.8433084044045748,-0.0526388888888889,-0.05185185185185187,0.3512712065215454,0.2409452584013076,0.1958991623207207,0.61610867605392,0.013775258156644932,0.0007870370370370305,0.0024124852288729235,0.34151785714285654,0.10691636457837723,0.11179521479524394,0.0,0.9999999987499999,0.6700257277442229,0.27651061271614447,0.2538210295917611,0.36106578391548594,sad,04,02,02,female,strong,147
60,2.0020000000000002,True,1.0,0.5573987328647129,0.5364237883493939,0.5469112606070534,0.733952789042431,-0.056157407407407434,-0.05435185185185187,0.360342622252481,0.21283284092020918,0.19661510550733954,0.7451586379562564,0.020974944515319005,0.0018055555555555602,0.0017234101813256258,0.3937250853727308,0.10513481979819547,0.11296741516320191,0.0,0.9999999987499999,0.6697600775075655,0.2764520196142824,0.25063541113601123,0.3541106212219728,sad,04,02,02,female,strong,147
70,2.3356666666666666,True,1.0,0.5480108428654957,0.5115942202406585,0.5298025315530771,0.7275025941194512,-0.055324074074074026,-0.05277777777777781,0.3188638500098758,0.2479919837886845,0.19593304199252465,0.728248305690697,0.03641662262483725,0.0025462962962962132,0.0026024378443435777,0.4242819945567434,0.10714221973501449,0.11106535001166194,0.0,0.9999999987499999,0.6684042633225166,0.27572289302951325,0.2446585786715534,0.3435134643977816,sad,04,02,02,female,strong,147
80,2.6693333333333333,True,1.0,0.5664487916505221,0.5480378121888674,0.5572433019196947,0.7386603807880616,-0.056851851851851876,-0.05407407407407405,0.33324647294724796,0.24358331966570712,0.19248957256034346,0.7543971714378173,0.01841097946165471,0.0027777777777778234,0.0033507246870062646,0.3949185264337137,0.11912783163375006,0.10630193152840359,0.0,0.9999999987499999,0.6114955366834234,0.2684873666289977,0.27622382060565415,0.31865064551067157,sad,04,02,02,female,strong,147
90,3.003,True,1.0,0.5865441017333792,0.5325224621443045,0.5595332819388419,0.6342646970667678,-0.056435185185185255,-0.05314814814814811,0.3363294503351668,0.19818812256437177,0.19455780600042563,0.8821762972564449,0.05402163958907469,0.0032870370370371438,0.003816881845359731,0.47873081554584207,0.10526284966097145,0.11183056835686153,0.0,0.9999999987499999,0.674527641798907,0.273566431828179,0.24094678014033777,0.34306904076252465,sad,04,02,02,female,strong,147
100,3.336666666666667,True,1.0,0.5267635574251306,0.4648183494967727,0.49579095346095164,0.4989646732748982,-0.055648148148148224,-0.05347222222222214,0.337090719918037,0.17931542945816734,0.1952268378891098,0.9936393897525526,0.06194520792835789,0.002175925925926081,0.0005630829398630783,0.5976562499999991,0.10690999944631445,0.11111757419082784,0.0,0.9999999987499999,0.6730649101671919,0.2734231015968165,0.24378649003360406,0.34174918680068606,sad,04,02,02,female,strong,147
0,0.0,True,1.0,0.584007440660704,0.5807836499956234,0.5823955453281637,0.5381547265271367,-0.06453703703703706,-0.06189814814814809,0.31480496547896136,0.22015420630655536,0.20013766319340204,1.0822083624286374,0.003223790665080606,0.0026388888888889683,0.0005975959836018637,0.4943181818181833,0.10493034100671576,0.1126511381044399,0.0,0.9999999987499999,0.6730614773253051,0.2795513150318181,0.24920184880724958,0.34960610744423154,angry,05,02,02,female,normal,148
10,0.33366666666666667,True,1.0,0.5988497177579057,0.6156878480085121,0.6072687828832088,0.5645897262188405,-0.06347222222222226,-0.060972222222222205,0.30981879626494013,0.2324781225606985,0.20018454620440237,1.0755930451483728,0.01683813025060632,0.0025000000000000577,0.0033957726561268642,0.47977941176470623,0.10734886177259162,0.11052140609116404,0.0,0.9999999987499999,0.6716445935718037,0.27943678833023533,0.2533116894219328,0.35212912345268577,angry,05,02,02,female,normal,148
20,0.6673333333333333,True,1.0,0.6581749704268023,0.6402889723119639,0.649231971369383,0.7969348659003826,-0.0643055555555555,-0.06074074074074076,0.33698886878173395,0.27586206896551624,0.19878044349622462,0.8146612717663898,0.017885998114838375,0.003564814814814743,0.0010266334386198777,0.3466876226407687,0.10683608670205488,0.11050112245521171,0.0,0.9999999987499999,0.6718392209618221,0.2809848845719664,0.258456182688469,0.35399106779094597,angry,05,02,02,female,normal,148
30,1.0010000000000001,True,1.0,0.5076749620758957,0.49097909924542427,0.49932703066066,0.8413481659740989,-0.0568981481481482,-0.0559722222222222,0.3839440113099645,0.3053153981991869,0.1847920093949727,0.5934844228043779,0.01669586283047142,0.0009259259259259967,0.005236193934787102,0.3265994620207291,0.10454166688740492,0.11233556638380311,0.0,0.9999999987499999,0.6725259358352716,0.27892505571276,0.2595566632807395,0.36577757010859696,angry,05,02,02,female,normal,148
40,1.3346666666666667,True,1.0,0.43682332423164616,0.4377502271732084,0.43728677570242724,0.9685023958375503,-0.05259259259259258,-0.0526388888888889,0.3265542003056443,0.388839907354733,0.18195492727998097,0.4515082023356963,0.0009269029415622243,4.629629629632204e-05,0.0010439877966010123,0.3242829305924746,0.10694271897695978,0.11108608433788718,0.0,0.9999999987499999,0.6747342148421869,0.2798522633617398,0.26642271579217297,0.3630705266125804,angry,05,02,02,female,normal,148
50,1.6683333333333334,True,1.0,0.44511582099583075,0.44378446488068257,0.4444501429382567,1.3284792524101774,-0.04856481481481478,-0.049768518518518434,0.3121213422078186,0.5147729856701198,0.18055724575197146,0.33455557708704775,0.0013313561151481745,0.0012037037037036513,0.00501177711103019,0.2323619626580424,0.10658018128839593,0.11194570145704417,0.0,0.9999999987499999,0.6715574238445376,0.28056574088529385,0.2695423431431707,0.36831579379648166,angry,05,02,02,female,normal,148
60,2.0020000000000002,True,1.0,0.5219432926949715,0.512735860991457,0.5173395768432143,0.81069395758863,-0.050277777777777644,-0.052083333333333204,0.3656449054880695,0.31276238857053684,0.18409782819833256,0.6381441134482065,0.009207431703514568,0.0018055555555555602,0.005165258473289174,0.35554029947821714,0.10504865108612774,0.11304754808497847,0.0,0.9999999987499999,0.6708115651260504,0.28045782905482486,0.26182736268391377,0.35746819237016064,angry,05,02,02,female,normal,148
70,2.3356666666666666,True,1.0,0.5600526905311108,0.5423728813559329,0.5512127859435219,1.01419211652995,-0.052731481481481435,-0.053333333333333344,0.2640490146449911,0.4193049012112482,0.18969959983660592,0.543499379416882,0.017679809175177974,0.0006018518518519089,0.0002348445397542202,0.2603114313602598,0.10709913951524111,0.11110689239848995,0.0,0.9999999987499999,0.6669086457864395,0.2812975039601333,0.2559038133733657,0.3397550648335304,angry,05,02,02,female,normal,148
80,2.6693333333333333,True,1.0,0.5550775139850905,0.4947505676733833,0.524914040829237,0.8167617491488823,-0.053749999999999964,-0.05305555555555552,0.319657371917772,0.29625830171400425,0.19175620820850034,0.6426770614273144,0.06032694631170721,0.000694444444444442,0.0020046628340088567,0.3644761947648635,0.1223862700476585,0.103642488903712,0.0,0.9999999987499999,0.6043729227081458,0.2633419542386957,0.2799474385108301,0.31924753530836625,angry,05,02,02,female,normal,148
90,3.003,True,1.0,0.4950693744243943,0.48020330963704094,0.4876363420307176,0.5100182149362484,-0.05439814814814814,-0.05291666666666661,0.34835130568889344,0.14571948998178577,0.19455780600042563,0.9561155420530842,0.014866064787353361,0.001481481481481528,0.0006951383430240246,0.5142857142857142,0.10781577895369598,0.11161295921374255,0.0,0.9999999987499999,0.668424762467487,0.2746163997452037,0.2503673286307712,0.34776857051168264,angry,05,02,02,female,normal,148
100,3.336666666666667,True,1.0,0.5943246368385183,0.563700596728505,0.5790126167835117,0.555627298372207,-0.06004629629629632,-0.05814814814814817,0.3172160946437698,0.23809523809523847,0.19799220734919587,1.0420881380015263,0.030624040110013295,0.0018981481481481488,0.002058755494826246,0.4981499560885495,0.10973281249706178,0.1093809710272659,0.0,0.9999999987499999,0.6700467534123025,0.27331875824658136,0.253387142259911,0.34974763594208047,angry,05,02,02,female,normal,148
0,0.0,True,1.0,0.6377311568695735,0.6176547477298953,0.6276929522997343,0.6685260431931361,-0.06199074074074079,-0.0591666666666667,0.29947250674037695,0.211090361752321,0.19116548380802514,0.9389207177354417,0.02007640913967823,0.00282407407407409,0.0052660668109319984,0.3700252521157766,0.1064792118357675,0.11050075582227488,0.0,0.9999999987499999,0.6705302347657814,0.27966331750744194,0.25426015174806615,0.35516964250832705,angry,05,02,02,female,normal,149
10,0.33366666666666667,True,1.0,0.634727724105451,0.6021589166711147,0.6184433203882829,0.804973517113266,-0.06175925925925929,-0.058240740740740704,0.3125736452424317,0.2766906483208419,0.19322975648338905,0.7682778467123945,0.03256880743433632,0.0035185185185185874,0.0033480309466672165,0.35153836260491267,0.10721764618339259,0.11099253835370708,0.0,0.9999999987499999,0.6700831765206083,0.27976220410919467,0.2560862409178576,0.3565757094542078,angry,05,02,02,female,normal,149
20,0.6673333333333333,True,1.0,0.649235074599848,0.6171725655023933,0.6332038200511206,0.9141546950910184,-0.0602314814814815,-0.05773148148148144,0.3101767027253671,0.3470402083215901,0.19321356755444016,0.6926659387644181,0.03206250909745467,0.0025000000000000577,0.005868327764884075,0.3026504184796351,0.10570072472168952,0.11226851771066035,0.0,0.9999999987499999,0.6663498946453582,0.2799030955000052,0.25169729306017447,0.3535380222880223,angry,05,02,02,female,normal,149
30,1.0010000000000001,True,1.0,0.5758435108135694,0.5423728813559316,0.5591081960847506,0.8478188694660546,-0.05444444444444457,-0.053518518518518465,0.38559963943590864,0.30766354073181806,0.18134468499349693,0.6594665632257863,0.03347062945763779,0.0009259259259261077,0.0017012077221844734,0.32699745085021,0.10559713134983977,0.11151497383045927,0.0,0.9999999987499999,0.6745702814563326,0.2799289798623035,0.2629885986117674,0.3746072600195594,angry,05,02,02,female,normal,149
40,1.3346666666666667,True,1.0,0.5298318053535355,0.5120086741027785,0.5209202397281569,0.9636552440290761,-0.05662037037037043,-0.0535648148148149,0.31351043289531105,0.38213914849428854,0.18267272197487106,0.5405670160110075,0.017823131250756963,0.0030555555555555336,0.0016533477866438981,0.2914586838432392,0.10615073931246692,0.11218329516408705,0.0,0.9999999987499999,0.6712559081132451,0.2806336590204812,0.2597785344837452,0.3585996972770116,angry,05,02,02,female,normal,149
50,1.6683333333333334,True,1.0,0.6238007983954107,0.5671844738357058,0.5954926361155582,1.2739515551694551,-0.05546296296296288,-0.05374999999999991,0.30996510988174886,0.5531480248991112,0.179912429878786,0.46743742624997114,0.05661632455970489,0.0017129629629629717,0.002741441601418285,0.23093868258471897,0.10431171962532192,0.1132242046970169,0.0,0.9999999987499999,0.6726498891744198,0.2813183440860809,0.2554380904062217,0.3584497560604552,angry,05,02,02,female,normal,149
60,2.0020000000000002,True,1.0,0.5863758366237511,0.572773893431793,0.5795748650277721,0.7370952182284526,-0.05527777777777787,-0.05504629629629626,0.3575191048510619,0.2962653525484703,0.1847721908661627,0.7862957874299231,0.013601943191958177,0.00023148148148161019,0.00010119095702706494,0.36394845212167815,0.10618856389813085,0.11112351858575396,0.0,0.9999999987499999,0.6731310728353842,0.28227543830593094,0.25960871322230805,0.355448013468586,angry,05,02,02,female,normal,149
70,2.3356666666666666,True,1.0,0.6195949235347905,0.5874294290113796,0.6035121762730851,0.8789167977539951,-0.05638888888888893,-0.054259259259259285,0.27537602285671775,0.39270750537944477,0.18964127434192107,0.6866545022410704,0.03216549452341089,0.002129629629629648,0.0011134883857459622,0.3111702127659577,0.1063348922191161,0.11081170621728222,0.0,0.9999999987499999,0.669171798070791,0.2851954843935171,0.2547953177101063,0.34140669204135793,angry,05,02,02,female,normal,149
80,2.6693333333333333,True,1.0,0.5876994175308443,0.5518720258550227,0.5697857216929335,0.7825121663668243,-0.054490740740740784,-0.05300925925925931,0.3178465667548808,0.30972313291717296,0.1896320210632777,0.7281493453813351,0.03582739167582161,0.0014814814814814725,0.0002816713807086336,0.36385314826359,0.1195191863668733,0.10657917618801252,0.0,0.9999999987499999,0.6110987244272709,0.26490634507841354,0.2701854333482868,0.3178970690511573,angry,05,02,02,female,normal,149
90,3.003,True,1.0,0.6334754185316679,0.5869916847006572,0.6102335516161626,0.5543172406615477,-0.05624999999999997,-0.05560185185185185,0.3142716156789327,0.24451826282934705,0.1937818931663653,1.1008742049730975,0.046483733831010676,0.0006481481481481199,0.004766709791004548,0.4797137655497807,0.1079311509598029,0.11029883895891125,0.0,0.9999999987499999,0.6712875953037465,0.28318609157122876,0.25192822383226937,0.34063565434938897,angry,05,02,02,female,normal,149
100,3.336666666666667,True,1.0,0.6571335041532488,0.6376868205682668,0.6474101623607578,0.5553475263009087,-0.05768518518518512,-0.05694444444444441,0.3238453961931698,0.26970539809557575,0.1923753888416181,1.165774819729666,0.019446683584982027,0.0007407407407407085,0.00380440168809051,0.4829263123940882,0.10753588055724565,0.11033944771073353,0.0,0.9999999987499999,0.671458984101453,0.28163256084266647,0.25369404187476874,0.34408461106457067,angry,05,02,02,female,normal,149
0,0.0,True,1.0,0.6389293323109396,0.6287091186481488,0.6338192254795443,0.575657646928112,-0.06143518518518515,-0.0584722222222222,0.3076945181187843,0.24546746442258718,0.1952952152845536,1.1010350142342422,0.0102202136627908,0.002962962962962945,0.00044771708823056915,0.479713765549783,0.11735455503818132,0.1082564054826616,0.0,0.9999999987499999,0.6181002474505427,0.26221554767113897,0.2613914978998539,0.3245192197063952,angry,05,02,02,female,normal,150
10,0.33366666666666667,True,1.0,0.6107224830674463,0.6012760092330893,0.6059992461502678,0.5649013499480785,-0.06217592592592586,-0.05944444444444452,0.3134381539009332,0.2326064382139141,0.19669890365235196,1.0727523419902727,0.009446473834356928,0.002731481481481335,0.0010132979421569597,0.4963235294117665,0.10689452940146532,0.11061695628212456,0.0,0.9999999987499999,0.6722076147959184,0.28073923265920203,0.25278730832050805,0.35243561196801904,angry,05,02,02,female,normal,150
20,0.6673333333333333,True,1.0,0.6555470000609704,0.6347524109451009,0.6451497055030357,0.5983678597854521,-0.0651388888888888,-0.06166666666666665,0.3035976582700722,0.25641025641025533,0.19739274606235468,1.0781824173082382,0.02079458911586951,0.0034722222222221544,0.005971270798995962,0.4508478960261794,0.10688930511984027,0.11079409655663296,0.0,0.9999999987499999,0.6723276869732268,0.28011871780886255,0.2514775502591607,0.3479407730307418,angry,05,02,02,female,normal,150
30,1.0010000000000001,True,1.0,0.23422613659613412,0.24338823623629952,0.23880718641621682,1.3284223888624398,-0.06902777777777785,-0.06657407407407412,0.2775228692567109,0.5893704964671391,0.1834148803605466,0.17976751101034452,0.0091620996401654,0.0024537037037037357,0.0025905787623145076,0.24559859154929564,0.10396178634602112,0.1132095157886063,0.0,0.9999999987499999,0.6748954969487797,0.2792505825628568,0.25886131760117237,0.3588867919703351,angry,05,02,02,female,normal,150
40,1.3346666666666667,True,1.0,0.5139042061014715,0.5057471264367813,0.5098256662691264,0.9284963935923982,-0.054444444444444406,-0.053472222222222254,0.3283483304799685,0.3521717255845403,0.1861701327690947,0.549087395263417,0.008157079664690148,0.0009722222222221522,0.00012447456362238334,0.31080876935853924,0.10642200517099465,0.11141416491356917,0.0,0.9999999987499999,0.6738047312206131,0.2814458558876526,0.26174685938605874,0.3618950452392307,angry,05,02,02,female,normal,150
50,1.6683333333333334,True,1.0,0.4860440440212757,0.4446375203250579,0.46534078217316677,0.9440802861720119,-0.054259259259259174,-0.053148148148148,0.3753838442944101,0.347088340504416,0.1820152966585862,0.4929038228941277,0.041406523696217834,0.0011111111111111738,0.0016115433599045057,0.31468204452049503,0.10653747115249519,0.11164557520853491,0.0,0.9999999987499999,0.6715625541544743,0.28381233946767503,0.26761016883522526,0.3740240336429478,angry,05,02,02,female,normal,150
60,2.0020000000000002,True,1.0,0.5008286180188978,0.48336017579914575,0.4920943969090218,0.8455690411797134,-0.054259259259259174,-0.05398148148148135,0.3635438167042922,0.30095157472678363,0.18620332423026972,0.5819683230389632,0.017468442219752023,0.0002777777777778212,0.002109437564122457,0.34320474150276825,0.10406832700457021,0.11344795588631602,0.0,0.9999999987499999,0.668762234237445,0.28399138895003007,0.2584806689335757,0.35453468396480914,angry,05,02,02,female,normal,150
70,2.3356666666666666,True,1.0,0.5548877876981493,0.5362891861576582,0.5455884869279037,0.9833332283833548,-0.053796296296296175,-0.0528703703703704,0.2763349934135834,0.4254558323724807,0.189651331741418,0.5548358086351627,0.01859860154049109,0.0009259259259257746,0.0017900136274590095,0.2920502211885653,0.10670849072802233,0.11182340150824291,0.0,0.9999999987499999,0.6697959699426647,0.280610388708132,0.25715555269475,0.3478175927359472,angry,05,02,02,female,normal,150
80,2.6693333333333333,True,1.0,0.5348465474517369,0.4965633590733148,0.5157049532625259,0.8560171568525711,-0.053240740740740755,-0.053287037037036966,0.3139492959531044,0.3292181069958848,0.18963202106327776,0.6024469826734372,0.038283188378422095,4.6296296296211015e-05,0.00799183150493141,0.3574678652868465,0.108003380207734,0.11022811387007127,0.0,0.9999999987499999,0.6697591571472339,0.2810143021830822,0.25960613464773863,0.35292291564861966,angry,05,02,02,female,normal,150
90,3.003,True,1.0,0.5809445264303208,0.5318866892043943,0.5564156078173575,0.6290527681439959,-0.055416666666666614,-0.05421296296296291,0.33041221084635547,0.23587146695491978,0.19169890643989534,0.8845293050041693,0.04905783722592649,0.0012037037037037068,0.018504462204405242,0.4499555119692466,0.10635121123702022,0.11233298239653111,0.0,0.9999999987499999,0.6728081494863573,0.27917691174429005,0.2502256336627363,0.3431709612151664,angry,05,02,02,female,normal,150
100,3.336666666666667,True,1.0,0.5777256479313783,0.5501365771810327,0.5639311125562054,0.5755047863631755,-0.056990740740740675,-0.05499999999999999,0.3142689267494693,0.2548334969382811,0.19099778869268053,0.9798895264101828,0.027589070750345557,0.001990740740740682,0.012587530619668053,0.482926312394087,0.10770852471406932,0.11051624734584521,0.0,0.9999999987499999,0.6742598734962735,0.2787835448484601,0.24915289002796942,0.3409828196970128,angry,05,02,02,female,normal,150
110,3.6703333333333332,True,1.0,0.5708040985187003,0.5517572202159877,0.5612806593673441,0.5654343095633222,-0.05587962962962967,-0.054120370370370374,0.31993444337970267,0.25845088021097384,0.18961592732921573,0.9926540534846816,0.019046878302712567,0.0017592592592592937,0.007881192279534965,0.482926312394087,0.10839613145029772,0.11018826527895534,0.0,0.9999999987499999,0.6750597452574779,0.2794854067959367,0.25146584119585347,0.3426373626796923,angry,05,02,02,female,normal,150
0,0.0,True,1.0,0.6409535569327683,0.6200013345311117,0.63047744573194,0.5535395167449537,-0.06222222222222218,-0.05949074074074073,0.3103405417230495,0.2515723270440257,0.19311245476953115,1.1389926584454417,0.020952222401656617,0.002731481481481446,0.009766712833923512,0.47720340717415466,0.10489702022963875,0.1111500562264906,0.0,0.9999999987499999,0.6775413995363769,0.2819201336228375,0.24884139005114525,0.3486249000696636,angry,05,02,02,female,normal,151
10,0.33366666666666667,True,1.0,0.6257931001044302,0.6347524109451009,0.6302727555247656,0.5702284488221933,-0.06430555555555556,-0.06027777777777765,0.31153611311300716,0.259921518119579,0.1917685417661383,1.105298686564295,0.008959310840670698,0.004027777777777908,0.002836248299677575,0.44663005758083096,0.1054445679349647,0.11080282890402328,0.0,0.9999999987499999,0.6783156847113847,0.2811109416414227,0.25003326965601813,0.3481780106294066,angry,05,02,02,female,normal,151
20,0.6673333333333333,True,1.0,0.6520274859838661,0.6628164543955128,0.6574219701896895,1.060142711518858,-0.06212962962962959,-0.0588425925925925,0.32212449788822045,0.44036697247706375,0.18901971014220048,0.6201259161116208,0.010788968411646782,0.0032870370370370883,0.003832238532910082,0.2600708255831988,0.1038230755404161,0.1135047154000231,0.0,0.9999999987499999,0.6780495262636306,0.2813199560563753,0.25099816868528685,0.35151237383783734,angry,05,02,02,female,normal,151
30,1.0010000000000001,True,1.0,0.5387187399659864,0.48137607743455874,0.5100474087002725,1.1911530879833816,-0.056990740740740786,-0.053518518518518465,0.29592993459952843,0.5155555555555565,0.17996966908377496,0.4281963534710565,0.05734266253142767,0.003472222222222321,0.010253208145596075,0.2439186068285659,0.10486613465488429,0.11169210132227791,0.0,0.9999999987499999,0.6781466980151436,0.2801933434186782,0.25903196134562123,0.35982527286493704,angry,05,02,02,female,normal,151
40,1.3346666666666667,True,1.0,0.506428878093503,0.47502418286600273,0.4907265304797529,0.905050505050505,-0.05384259259259255,-0.05074074074074081,0.3261192081015481,0.3555555555555558,0.18138633073239696,0.5422090013113342,0.03140469522750028,0.0031018518518517446,0.0013234791040371314,0.321924221023571,0.10598440648769632,0.11080361557402241,0.0,0.9999999987499999,0.6740417902395333,0.28373827130249524,0.2616315183162456,0.36427575781237176,angry,05,02,02,female,normal,151
50,1.6683333333333334,True,1.0,0.45339912322817605,0.4363323440917304,0.4448657336599532,0.8754536545274678,-0.05240740740740735,-0.05148148148148157,0.39033822011166674,0.2962962962962964,0.18274579676306618,0.5081545223545529,0.017066779136445664,0.0009259259259257746,0.0007632148868083892,0.33748736318202827,0.10389221576162397,0.1127676511541054,0.0,0.9999999987499999,0.6741071373862043,0.28412967045596665,0.2675207978396339,0.3793629015069307,angry,05,02,02,female,normal,151
60,2.0020000000000002,True,1.0,0.5176850837909817,0.4835952151223241,0.5006401494566529,0.7964846220024708,-0.05462962962962953,-0.05282407407407397,0.3727985181223834,0.28444444444444456,0.18274579676306624,0.6285622291086743,0.03408986866865754,0.0018055555555555602,0.0036020441933077435,0.3615889020881896,0.10527609185837304,0.11232809026893517,0.0,0.9999999987499999,0.6741759459330608,0.2823081641644394,0.26221924678253955,0.3669666924731841,angry,05,02,02,female,normal,151
70,2.3356666666666666,True,1.0,0.5264220340298125,0.49902534113060354,0.512723687580208,0.9551571792099858,-0.05388888888888882,-0.05388888888888893,0.27839425953386393,0.4011406313907504,0.1855092249813157,0.5367950937711464,0.02739669289920893,1.1102230246251565e-16,4.0447676926729474e-05,0.28194237329070604,0.10518796664457482,0.11155997183472809,0.0,0.9999999987499999,0.6753489584193052,0.2792609631360514,0.25593836497442285,0.3554620032847388,angry,05,02,02,female,normal,151
80,2.6693333333333333,True,1.0,0.49885780291642984,0.48226807035358393,0.4905629366350069,0.831854873438956,-0.05398148148148152,-0.05250000000000005,0.3231544880278978,0.3098878695208973,0.18272074584220155,0.5897217799626269,0.016589732562845905,0.0014814814814814725,0.00336376016996527,0.3749771930950619,0.10518186439169223,0.11241632792232904,0.0,0.9999999987499999,0.6741005916898009,0.27931245030357005,0.25073084758782516,0.3548761929748829,angry,05,02,02,female,normal,151
90,3.003,True,1.0,0.5310650056387202,0.49768456190126437,0.5143747837699922,0.7077230537189382,-0.056481481481481355,-0.05601851851851852,0.31949921172243834,0.2880268241879389,0.18482792506197773,0.7268023573162683,0.0333804437374558,0.0004629629629628318,0.004049375885794973,0.40552325581395265,0.10602574381983002,0.11110753883193264,0.0,0.9999999987499999,0.6750041000462685,0.27970953608664045,0.2483617182067489,0.34918251460549277,angry,05,02,02,female,normal,151
100,3.336666666666667,True,1.0,0.5961804603299786,0.5536894201286351,0.5749349402293069,0.5642781286376698,-0.056111111111111056,-0.05560185185185168,0.3188432617971907,0.24061509858325406,0.18619144154760398,1.0188857427761124,0.04249104020134353,0.0005092592592593759,0.0063553130574306215,0.49712619636844013,0.11901862125609693,0.10570569010627583,0.0,0.9999999987499999,0.6208209133731618,0.2616135454673654,0.2652638156564658,0.3230470270302722,angry,05,02,02,female,normal,151
110,3.6703333333333332,True,1.0,0.6484807270127853,0.6004272742860199,0.6244540006494026,0.5646669872465073,-0.05814814814814806,-0.05736111111111114,0.31658516881907517,0.26568928292651406,0.18757973565010289,1.1058801289135662,0.04805345272676531,0.0007870370370369195,0.0006346623936619357,0.5136400140600601,0.10503024429922367,0.11170847517226905,0.0,0.9999999987499999,0.678108075941314,0.2789769564162951,0.24574837142863346,0.3472120093577998,angry,05,02,02,female,normal,151
0,0.0,True,1.0,0.6347277241054505,0.6361391675512236,0.635433445828337,0.5317539932014926,-0.062037037037037,-0.059583333333333266,0.3134381539009332,0.23260643821391544,0.19460132869936592,1.1949763498768087,0.0014114434457730418,0.0024537037037037357,0.002757199405062792,0.4921114769917622,0.10649262631579705,0.11117542858384229,0.0,0.9999999987499999,0.6744133129345489,0.280333071004043,0.25270413885443394,0.35199366757536144,angry,05,02,02,female,strong,152
10,0.33366666666666667,True,1.0,0.6390957518672997,0.6115493513307819,0.6253225515990408,0.5815911908195065,-0.06282407407407409,-0.06092592592592583,0.31449529515242375,0.2658359293873316,0.19182582273343995,1.0751926120440605,0.0275464005365178,0.0018981481481482598,0.0011566535267860162,0.46601124924412535,0.10555905660956584,0.11206221909358295,0.0,0.9999999987499999,0.6769279037474366,0.27844404109756243,0.2514757990618782,0.3526435468446678,angry,05,02,02,female,strong,152
20,0.6673333333333333,True,1.0,0.6193713847678337,0.6211325748523214,0.6202519798100776,0.9824952999714498,-0.06199074074074079,-0.058611111111111114,0.33500116086939585,0.38986354775828425,0.19184212876966508,0.6313027449882981,0.0017611900844877182,0.003379629629629677,0.0004991413079089424,0.28570289791118786,0.10703591647104366,0.11082450953623664,0.0,0.9999999987499999,0.6761246362607543,0.27833090748381034,0.26110960570626274,0.360815725554249,angry,05,02,02,female,strong,152
30,1.0010000000000001,True,1.0,0.6189458644189736,0.632600399421468,0.6257731319202208,0.8802115878386861,-0.06416666666666676,-0.0593981481481482,0.3884436786060068,0.3858811347574026,0.17719359312470764,0.7109348940256219,0.013654535002494361,0.004768518518518561,0.004930819047873097,0.29579094351841795,0.10471876850963381,0.11284783959942221,0.0,0.9999999987499999,0.6776449783897934,0.2784195920094402,0.26356315937959074,0.3753718811794989,angry,05,02,02,female,strong,152
40,1.3346666666666667,True,1.0,0.5229134875411113,0.5137663958870532,0.5183399417140823,1.3813643852796986,-0.0597685185185185,-0.0589351851851852,0.29764095032152676,0.7171723012987345,0.17300312378010296,0.37523766157408844,0.009147091654058137,0.0008333333333332971,0.002946110031841741,0.21783766664836035,0.1157240102586164,0.10965074769859345,0.0,0.9999999987499999,0.6245768806194352,0.26971521177851054,0.29239271094425,0.3622676108901404,angry,05,02,02,female,strong,152
50,1.6683333333333334,True,1.0,0.4896537434974001,0.4869688465608685,0.4883112950291343,2.2139894091395247,-0.05842592592592594,-0.05833333333333335,0.292717681155367,0.9998250369603796,0.16604988980092197,0.22055719553731665,0.002684896936531622,9.259259259258856e-05,0.003589394900246353,0.13253202984874107,0.12182554494292462,0.10575222353377989,0.0,0.9999999987499999,0.6014342328806522,0.2685133494350754,0.3098985973209303,0.36287235543090074,angry,05,02,02,female,strong,152
60,2.0020000000000002,True,1.0,0.4995525904098532,0.5143697649561758,0.5069611776830145,0.5074820928981311,-0.055601851851851736,-0.0562037037037037,0.36867126158834135,0.23259595924497733,0.1799327836822381,0.9989735298596613,0.014817174546322587,0.0006018518518519644,0.004843347194613078,0.5163726808839445,0.10736749800776958,0.11153296994784179,0.0,0.9999999987499999,0.6743059633071978,0.28168322176737326,0.2613824063048829,0.3540875341262108,angry,05,02,02,female,strong,152
70,2.3356666666666666,True,1.0,0.47739984971037136,0.4678362573099415,0.4726180535101564,0.9608799586754603,-0.05425925925925912,-0.05342592592592588,0.32456356504683154,0.36031415073324813,0.18616070695444287,0.4918596222587929,0.009563592400429866,0.0008333333333332416,0.00361170192889285,0.30980999413249666,0.1057641552773283,0.11254783262864188,0.0,0.9999999987499999,0.669841534543505,0.28373223108978646,0.2656089874650085,0.35771315837193235,angry,05,02,02,female,strong,152
80,2.6693333333333333,True,1.0,0.5927366848041685,0.551724137931034,0.5722304113676013,1.1682927874847937,-0.05749999999999994,-0.05666666666666664,0.3040210561382733,0.5079365079365088,0.18413387926676392,0.4898005170429501,0.04101254687313449,0.0008333333333332971,0.004515144014783782,0.2527089941843357,0.10816645674593932,0.11058615058476938,0.0,0.9999999987499999,0.6699353290691277,0.28393583887041507,0.26602002376756945,0.3604090368114685,angry,05,02,02,female,strong,152
90,3.003,True,1.0,0.6046743217064176,0.5383763729049974,0.5715253473057075,0.7952733152929421,-0.056342592592592555,-0.055046296296296204,0.33026017735436825,0.3196492438167325,0.1882528129298553,0.7186527402785844,0.06629794880142015,0.001296296296296351,0.0028898413456079014,0.35346392074086486,0.10822115617043233,0.11087681596371889,0.0,0.9999999987499999,0.6710633799457284,0.27975588369390725,0.2556129037939965,0.3459166607895352,angry,05,02,02,female,strong,152
100,3.336666666666667,True,1.0,0.5418817100385175,0.5383763729049985,0.540129041471758,0.5272471336426622,-0.05828703703703708,-0.05662037037037032,0.33981092861501017,0.218430955366246,0.190356349887814,1.0244323904429729,0.003505337133518971,0.0016666666666667607,0.0003160571037345087,0.5142857142857142,0.1066622990016702,0.11135536470060534,0.0,0.9999999987499999,0.6706789263127126,0.28032963187443316,0.2500070109223849,0.33659618981710093,angry,05,02,02,female,strong,152
110,3.6703333333333332,True,1.0,0.6359582587821776,0.6144294168568727,0.6251938378195252,0.5444747166635756,-0.05870370370370365,-0.05712962962962964,0.32057968107064766,0.24821641494957133,0.19178167016558634,1.1482513672087091,0.02152884192530491,0.0015740740740740056,0.0013755797516505342,0.4963235294117641,0.10827538441447065,0.1099609401262731,0.0,0.9999999987499999,0.6702402836447079,0.2803306719640209,0.25369900291576236,0.3430662751788739,angry,05,02,02,female,strong,152
0,0.0,True,1.0,0.5796909645323677,0.5808929907085715,0.5802919776204696,0.5701504268429476,-0.064074074074074,-0.06189814814814809,0.30874563417150774,0.25992151811957914,0.1938507802408853,1.0177875001053285,0.0012020261762037965,0.0021759259259259145,0.002919296580549151,0.4632352941176461,0.10500748741598877,0.11240987065020148,0.0,0.9999999987499999,0.6761655291960535,0.2777368005961166,0.2472185834388342,0.34787986242204527,angry,05,02,02,female,strong,153
10,0.33366666666666667,True,1.0,0.669264554612576,0.6373883712620021,0.653326462937289,0.5811953064017475,-0.06124999999999997,-0.059074074074073946,0.31486236724134536,0.21587254237779147,0.19178167016558634,1.1241082915519647,0.03187618335057385,0.0021759259259260255,0.005883331210665586,0.43392857142857244,0.10687945249370356,0.1104591785247424,0.0,0.9999999987499999,0.6738700933654712,0.2790100719208181,0.25156232611850443,0.348182894530966,angry,05,02,02,female,strong,153
20,0.6673333333333333,True,1.0,0.6794043224348637,0.6772740753742826,0.6783391989045732,0.842856981613123,-0.06319444444444444,-0.06115740740740738,0.34218072932676424,0.3141393554514288,0.19179559324362389,0.8048093730045597,0.0021302470605810697,0.0020370370370370594,0.004375870994767154,0.3170288748273501,0.10375568644253273,0.11306191720133596,0.0,0.9999999987499999,0.6742932877057073,0.2818359059414267,0.2544174908729668,0.3530875619713151,angry,05,02,02,female,strong,153
30,1.0010000000000001,True,1.0,0.4781724662093,0.4602648851154429,0.4692186756623714,0.868960726003054,-0.05810185185185185,-0.05712962962962964,0.3981000392193904,0.35543230212787197,0.17649958250221667,0.5399768500708079,0.017907581093857095,0.0009722222222222077,0.002348514257472694,0.32417077396432403,0.10291857332202889,0.11432549452363319,0.0,0.9999999987499999,0.6768323684004851,0.2804693007889049,0.26427518452907334,0.3807734279471266,angry,05,02,02,female,strong,153
40,1.3346666666666667,True,1.0,0.4460075480469512,0.3986693694977933,0.42233845877237225,1.4080447231072328,-0.05532407407407408,-0.054814814814814816,0.3150192957561986,0.6369583317020077,0.17785028992138466,0.29994676436155226,0.047338178549157894,0.0005092592592592649,0.009461507650230325,0.2155995741302547,0.10657293147562094,0.11178229487499383,0.0,0.9999999987499999,0.67276484312475,0.28114516925481736,0.27602546252181503,0.38147696155078414,angry,05,02,02,female,strong,153
50,1.6683333333333334,True,1.0,0.49264091311792235,0.46778494236160745,0.48021292773976487,2.158399160531811,-0.0533333333333334,-0.05421296296296285,0.28814095199949186,0.8796738640373163,0.1729912164377912,0.22248569056218706,0.024855970756314905,0.0008796296296294526,0.0002082035554417406,0.14677273255751447,0.10339105287314874,0.11473169290369281,0.0,0.9999999987499999,0.6669193864420768,0.28542762672450056,0.27285908201151804,0.38183591073940965,angry,05,02,02,female,strong,153
60,2.0020000000000002,True,1.0,0.5000142353482712,0.5055097178062046,0.5027619765772379,0.9028115812314511,-0.05847222222222226,-0.05703703703703694,0.37408710178631016,0.37499999999999983,0.18413387926676386,0.5568847221603666,0.005495482457933409,0.001435185185185317,0.00043690026327285577,0.320549692384774,0.10608799654960752,0.11258159731551043,0.0,0.9999999987499999,0.6683518714595214,0.28290230341622036,0.2690376366451,0.3800757214708428,angry,05,02,02,female,strong,153
70,2.3356666666666666,True,1.0,0.5528088134754084,0.5274393509270033,0.5401240822012059,0.859043880981834,-0.061064814814814794,-0.05810185185185185,0.35091267386879055,0.32578295243615946,0.1890055825791123,0.6287502817479794,0.02536946254840511,0.002962962962962945,0.0006024330223853714,0.34112250108570885,0.10692969239230618,0.11144106987936503,0.0,0.9999999987499999,0.6720697282037814,0.2812059352678265,0.26853282265582534,0.37374533829283657,angry,05,02,02,female,strong,153
80,2.6693333333333333,True,1.0,0.6330933137368874,0.6110998858637434,0.6220965998003154,1.2627395717120307,-0.06314814814814812,-0.06064814814814812,0.28316512877581823,0.5398489800132528,0.191744669646052,0.49265629567375696,0.021993427873143956,0.0025000000000000022,0.002545058181267797,0.228712894465552,0.10771906778084317,0.11170629925236437,0.0,0.9999999987499999,0.6630795919070753,0.28100723191930777,0.2570386484559757,0.3491994842690614,angry,05,02,02,female,strong,153
90,3.003,True,1.0,0.5979094345311534,0.5699673228774602,0.5839383787043069,0.8405172952192592,-0.061620370370370325,-0.058981481481481524,0.3282229129653754,0.3424143954603826,0.1951951808140768,0.6947368983668318,0.027942111653693202,0.002638888888888802,0.008058674955652384,0.3546312410274024,0.10738764751832329,0.11151356946048144,0.0,0.9999999987499999,0.6699872074767407,0.2794408331012432,0.2565927586782366,0.34789630589319304,angry,05,02,02,female,strong,153
100,3.336666666666667,True,1.0,0.6588377875622781,0.6351715038374387,0.6470046456998584,0.5457426113944217,-0.06375000000000008,-0.06194444444444447,0.32762603727692813,0.24168601361752975,0.19729802879105024,1.1855490705530636,0.023666283724839365,0.0018055555555556158,0.009205593240631088,0.4821428571428555,0.10923560682971271,0.10970398905372088,0.0,0.9999999987499999,0.6705065783969838,0.2815075861218587,0.25646559380419004,0.3473125404823329,angry,05,02,02,female,strong,153
110,3.6703333333333332,True,1.0,0.6111157317691134,0.5799739302627758,0.5955448310159446,0.5456141400187186,-0.062268518518518556,-0.06092592592592594,0.3257676250314591,0.24939140119087408,0.19936067097489082,1.0915128244211432,0.031141801506337607,0.0013425925925926174,0.016559069415012305,0.5150122464652046,0.1075487148330832,0.11135823701591265,0.0,0.9999999987499999,0.6718391538724865,0.2723755471561512,0.24963392091024583,0.3522272127603481,angry,05,02,02,female,strong,153
0,0.0,True,1.0,0.5998755655401723,0.5974223244170646,0.5986489449786184,0.5482905777111173,-0.0658333333333333,-0.061481481481481415,0.31321395407901337,0.25749301860197377,0.19118344241757562,1.0918461292508912,0.002453241123107741,0.0043518518518518845,0.0057420311365388955,0.47720340717415577,0.10656812817647322,0.11110305773195753,0.0,0.9999999987499999,0.672321996431385,0.278533491805076,0.2476947391031501,0.34199079238326574,angry,05,02,02,female,strong,154
10,0.33366666666666667,True,1.0,0.5849403899705427,0.5826305789128889,0.5837854844417159,0.5814358484560695,-0.06310185185185185,-0.059675925925925966,0.3125668056055363,0.25749301860197377,0.19460132869936583,1.0040410923954646,0.00230981105765371,0.003425925925925888,0.0024850401673669298,0.45000000000000023,0.10628007643408188,0.11120744932778934,0.0,0.9999999987499999,0.672367320998712,0.2775117302736719,0.24787380170411555,0.3405180987122655,angry,05,02,02,female,strong,154
20,0.6673333333333333,True,1.0,0.638166602266083,0.5783879314521796,0.6082772668591313,0.8970907456920234,-0.06620370370370371,-0.06097222222222215,0.31726903115073246,0.3261977573904179,0.19529521528455354,0.6780554473225572,0.05977867081390342,0.005231481481481559,0.00722982777154121,0.30734035719879554,0.10394231312304489,0.11373106378844297,0.0,0.9999999987499999,0.671534101124825,0.277041676355235,0.2489311235216738,0.3444075217927854,angry,05,02,02,female,strong,154
30,1.0010000000000001,True,1.0,0.5677156573363679,0.5777777777777781,0.572746717557073,1.4015376274286657,-0.06291666666666673,-0.0622685185185185,0.30204321545465196,0.6580235261211733,0.18070803211393494,0.40865596923563446,0.010062120441410194,0.000648148148148231,0.0029798511884529385,0.20614885296688754,0.1210947772010033,0.10765535194472148,0.0,0.9999999987499999,0.606700965292367,0.2645739985916242,0.2934920031312612,0.3370221647529339,angry,05,02,02,female,strong,154
40,1.3346666666666667,True,1.0,0.5674491593382192,0.533099376713716,0.5502742680259676,0.9892537824267391,-0.05842592592592594,-0.058379629629629615,0.3275232730662182,0.4405270749869074,0.1821120974028017,0.5562518716644069,0.03434978262450317,4.629629629632204e-05,0.0028206535606974926,0.29003906250000067,0.12286753054075508,0.1056275996467642,0.0,0.9999999987499999,0.6023460661921018,0.26356628103900975,0.3051330773876577,0.3421669484721895,angry,05,02,02,female,strong,154
50,1.6683333333333334,True,1.0,0.6359331609899433,0.6164874551971331,0.6262103080935382,0.838149409559257,-0.060185185185185175,-0.0589351851851852,0.39984660333387856,0.36187558691861893,0.1793917875449851,0.7471344618888802,0.01944570579281024,0.0012499999999999734,0.002245659791763334,0.33233808713914254,0.10667203651061179,0.11371629244778067,0.0,0.9999999987499999,0.6667021898290566,0.27983331970742426,0.2769977145721542,0.3790151547705825,angry,05,02,02,female,strong,154
60,2.0020000000000002,True,1.0,0.5777837442446254,0.5669261387519722,0.5723549414982988,0.6718501888617193,-0.06546296296296289,-0.06620370370370365,0.3638569762844311,0.23094850242121523,0.19103972627181356,0.8519085816854646,0.010857605492653244,0.000740740740740764,0.001677143425034033,0.41015625000000094,0.10891144997808068,0.1119143534157557,0.0,0.9999999987499999,0.6612504175420169,0.28135910511072154,0.2658020496075463,0.3407402297412026,angry,05,02,02,female,strong,154
70,2.3356666666666666,True,1.0,0.5876510243216577,0.5680648144400675,0.5778579193808626,1.1168607523479703,-0.064074074074074,-0.06185185185185188,0.3052078629326342,0.4738025056618757,0.19592097059741986,0.5173947765341695,0.01958620988159021,0.0022222222222221255,0.0015464310972863665,0.25612105678056274,0.10853991575932037,0.11227472165885896,0.0,0.9999999987499999,0.6576090612807622,0.2818542140213366,0.26808975160798537,0.3479353955390802,angry,05,02,02,female,strong,154
80,2.6693333333333333,True,1.0,0.6316663464158051,0.6102592677052013,0.6209628070605032,1.3209439504123615,-0.06097222222222215,-0.060324074074073974,0.29996517613247475,0.575661375661376,0.19449191528203502,0.4700902009253732,0.021407078710603766,0.0006481481481481755,0.002621415869488229,0.2382700972953098,0.10763992700388023,0.112800552552182,0.0,0.9999999987499999,0.6586141081432573,0.27967927501568307,0.2617492340586623,0.3559551732657681,angry,05,02,02,female,strong,154
90,3.003,True,1.0,0.6628606424965435,0.6249643778350933,0.6439125101658184,0.7321951169484874,-0.06282407407407409,-0.06078703703703703,0.32606633133995494,0.2726063187246875,0.19655262161383555,0.8794274849160459,0.03789626466145024,0.0020370370370370594,0.009937948049283177,0.3829512983599655,0.10863469082705564,0.1102990796086275,0.0,0.9999999987499999,0.6629360409398135,0.27967584017520947,0.2569229276160579,0.3391210535510503,angry,05,02,02,female,strong,154
100,3.336666666666667,True,1.0,0.6382044152943386,0.615212077699743,0.6267082464970408,0.5333399083529197,-0.05944444444444441,-0.05828703703703708,0.3458592737803901,0.1999780557383588,0.19657474551182114,1.1750634758093854,0.022992337594595624,0.0011574074074073293,0.009538473550254657,0.4851116275111199,0.10752712560081551,0.11120789686778185,0.0,0.9999999987499999,0.6640294366105817,0.27960938874604524,0.25287928712327556,0.3367473386989011,angry,05,02,02,female,strong,154
110,3.6703333333333332,True,1.0,0.6359582587821777,0.6144303303792498,0.6251942945807137,0.5614037756227914,-0.061203703703703594,-0.058888888888888824,0.3247591728055268,0.24168601361752975,0.19520495206399288,1.1136268078837848,0.021527928402927943,0.0023148148148147696,0.0036334327503716513,0.4686927900162619,0.10679475768475083,0.1115703854156086,0.0,0.9999999987499999,0.6687699042507628,0.27853968101766985,0.249183383535372,0.33633994263931294,angry,05,02,02,female,strong,154
0,0.0,True,1.0,0.6404124151063093,0.6110894305117104,0.6257509228090099,0.5590661008689504,-0.06203703703703711,-0.05916666666666659,0.3202243183612523,0.2548334969382813,0.191842128769665,1.1192789579557982,0.029322984594598922,0.002870370370370523,0.0066472686528377374,0.47971376554978074,0.10520622516364546,0.11171342702043817,0.0,0.9999999987499999,0.6731997464063751,0.2800073670590489,0.2485846918017682,0.3449927852282943,angry,05,02,02,female,strong,155
10,0.33366666666666667,True,1.0,0.65340277375121,0.626437583582681,0.6399201786669455,0.5863362009167351,-0.061203703703703705,-0.057870370370370405,0.3131583150356869,0.25962964687982126,0.193264498873965,1.0913878039023208,0.026965190168529052,0.0033333333333332993,0.010470138119096863,0.4660112492441277,0.1048160675255322,0.11241903519128942,0.0,0.9999999987499999,0.6722845945722038,0.2789522256574076,0.24723188549928565,0.340235632592066,angry,05,02,02,female,strong,155
20,0.6673333333333333,True,1.0,0.6446219211756752,0.6373099718475665,0.6409659465116209,1.257861635220126,-0.06236111111111109,-0.05981481481481482,0.3085368559814459,0.5366876310272534,0.19324673365914027,0.5095679274767385,0.007311949328108636,0.0025462962962962687,0.006183609402469008,0.22499999999999953,0.10468166180401914,0.11321931353447005,0.0,0.9999999987499999,0.6697109883797271,0.2789981137414576,0.25582367837396647,0.34634933172420207,angry,05,02,02,female,strong,155
30,1.0010000000000001,True,1.0,0.2854183150790634,0.2942616881179961,0.28984000159852974,1.9102237024318909,-0.06787037037037036,-0.06671296296296297,0.27110215996297893,0.897790936922156,0.18143553609964508,0.15173092095419854,0.008843373038932678,0.0011574074074073848,0.00037305140824665404,0.16342864050729022,0.10512827521517379,0.11364606796322368,0.0,0.9999999987499999,0.6698344688109619,0.27986237041669615,0.26516608144933407,0.3581634375225483,angry,05,02,02,female,strong,155
40,1.3346666666666667,True,1.0,0.5364237883493944,0.5274471340177275,0.5319354611835609,1.1680865548385215,-0.055277777777777704,-0.05662037037037043,0.30331558141933573,0.6348296493687622,0.1841773797792302,0.4553904494321456,0.008976654331666944,0.0013425925925927285,0.0012787971213899844,0.27717391304347877,0.10783796838693709,0.11142066003560908,0.0,0.9999999987499999,0.6623790783344587,0.28354618503998574,0.2752717788747413,0.36062415725116415,angry,05,02,02,female,strong,155
50,1.6683333333333334,True,1.0,0.5310650056387201,0.5216781918537068,0.5263715987462134,0.8302151771027636,-0.059166666666666534,-0.05962962962962959,0.39566426615283007,0.3502470278402286,0.18554993601276254,0.6340182801561328,0.00938681378501327,0.00046296296296305384,0.0050983920910370175,0.3603515624999999,0.10825911799358127,0.11288355815925022,0.0,0.9999999987499999,0.6655774952246523,0.2822236262439988,0.2803576461218347,0.3669484390343755,angry,05,02,02,female,strong,155
60,2.0020000000000002,True,1.0,0.40713309901066574,0.41359886002325846,0.4103659795169621,0.3031869078380707,-0.06921296296296298,-0.07009259259259254,0.3748198522684726,0.1515934539190359,0.18478168750979096,1.3535082449408888,0.006465761012592719,0.0008796296296295636,0.001988457283268639,0.843750000000001,0.10750037478336226,0.11191677388880643,0.0,0.9999999987499999,0.6673881796781213,0.2823893552369123,0.26387125777757864,0.3386725199203359,angry,05,02,02,female,strong,155
70,2.3356666666666666,True,1.0,0.6133641822340488,0.5773750475245717,0.5953696148793102,1.036448667850835,-0.06402777777777785,-0.06282407407407403,0.32902834365518946,0.3925371711583585,0.19525184725676928,0.5744323219729348,0.035989134709477066,0.0012037037037038179,0.0018220874672246078,0.2743657549964051,0.1061572480197451,0.11285444454561766,0.0,0.9999999987499999,0.6620901920299369,0.2858774331400076,0.26632635177590447,0.3461177932760795,angry,05,02,02,female,strong,155
80,2.6693333333333333,True,1.0,0.7512170493137783,0.7248457164914399,0.7380313829026091,1.661871295682062,-0.06273148148148144,-0.06050925925925921,0.26735262036610985,0.8502415458937196,0.19242812793720382,0.44409659449572936,0.02637133282233839,0.0022222222222222365,0.001530607295539269,0.20309042678136346,0.10723878597533801,0.1126758602429595,0.0,0.9999999987499999,0.6623032071969414,0.2845361041274913,0.26196989229929735,0.3411637815374128,angry,05,02,02,female,strong,155
90,3.003,True,1.0,0.6401109084203729,0.5953630383163736,0.6177369733683733,0.8887769310965334,-0.06115740740740738,-0.05879629629629629,0.3205417292197028,0.3412268574745618,0.19521550446455999,0.6950416372826383,0.04474787010399928,0.0023611111111110916,0.004042498100340845,0.32192422102357054,0.10962113418374897,0.11070420739165218,0.0,0.9999999987499999,0.6605678832783114,0.27941385547829967,0.26170908946343385,0.3464844268189969,angry,05,02,02,female,strong,155
100,3.336666666666667,True,1.0,0.6214359117140779,0.6091044371712383,0.6152701744426581,0.7844341613734649,-0.06064814814814817,-0.05782407407407392,0.31909164143175467,0.3201561141677652,0.1958894256990265,0.7843490311097393,0.01233147454283956,0.0028240740740742565,0.006835242076033373,0.35642856242064763,0.10899082175960031,0.11081021398527695,0.0,0.9999999987499999,0.6613546604032238,0.27970863964341774,0.25664719914064626,0.34297643722778864,angry,05,02,02,female,strong,155
110,3.6703333333333332,True,1.0,0.6363286996937088,0.6174124980879127,0.6268705988908108,0.7078770028005992,-0.06004629629629615,-0.05731481481481482,0.3256502513902204,0.27528550108912214,0.19520495206399288,0.8855642949420593,0.0189162016057961,0.002731481481481335,0.007020828137212992,0.40000000000000036,0.10772935755659037,0.11101200199285043,0.0,0.9999999987499999,0.6650972569496549,0.2803277528683126,0.2548821871474851,0.34054142236764434,angry,05,02,02,female,strong,155
0,0.0,True,1.0,0.6298985339056428,0.6303190593679272,0.630108796636785,0.6764736753187253,-0.06615740740740739,-0.06324074074074076,0.3250749484910693,0.24382430096464994,0.20152560332726174,0.9314609269014125,0.0004205254622844379,0.002916666666666623,0.0071901013426840825,0.41856883933706773,0.10716913034867331,0.11121082982826358,0.0,0.9999999987499999,0.6723626912249274,0.281947323512771,0.2550420314114088,0.339009896914692,fearful,06,02,02,female,normal,156
10,0.33366666666666667,True,1.0,0.6271700548089228,0.6303190593679261,0.6287445570884245,0.6644736584225607,-0.06546296296296295,-0.0637962962962963,0.33113616871586166,0.24722486042309974,0.2008316316205687,0.9462294691727043,0.0031490045590032434,0.0016666666666666496,0.002719991591241848,0.4316491155663513,0.10854015885410231,0.10969959498348471,0.0,0.9999999987499999,0.6729339717605791,0.2814676919503931,0.2561611532100052,0.3373046360146831,fearful,06,02,02,female,normal,156
20,0.6673333333333333,True,1.0,0.628506058906188,0.626542309626951,0.6275241842665695,0.9892537824267397,-0.06291666666666668,-0.06138888888888888,0.32987998784256845,0.39415580393565436,0.20016815745708813,0.6343409501323202,0.001963749279237037,0.0015277777777777946,0.006430218277016091,0.30801375727459046,0.10856268529169516,0.11071465246832057,0.0,0.9999999987499999,0.6700406662274285,0.28240814801733366,0.26610291465490127,0.3535443311304997,fearful,06,02,02,female,normal,156
30,1.0010000000000001,True,1.0,0.6729636355600509,0.6442059227000252,0.6585847791300381,0.8813815806530736,-0.07027777777777794,-0.0674537037037038,0.37351904806215885,0.3235823110806411,0.2002196059955168,0.7472186775698776,0.028757712860025708,0.0028240740740741455,0.006766631861201298,0.30796618164049483,0.10678672037671222,0.11191905743471982,0.0,0.9999999987499999,0.6662082169742898,0.28137391008109,0.2703702136767281,0.3707496703261588,fearful,06,02,02,female,normal,156
40,1.3346666666666667,True,1.0,0.6246811692571093,0.5826305789128884,0.6036558740849989,0.952459833594152,-0.06675925925925924,-0.06263888888888891,0.32166343328116104,0.3632097010893899,0.19879694664620132,0.633786174275796,0.04205059034422087,0.00412037037037033,0.0006282676123416099,0.2960229925060368,0.10815322372005108,0.1109430807218201,0.0,0.9999999987499999,0.6676539966220864,0.2818444988362685,0.27160749508936577,0.3613940207903516,fearful,06,02,02,female,normal,156
50,1.6683333333333334,True,1.0,0.6981091239380687,0.6551448256049105,0.6766269747714896,0.9455717723623284,-0.06745370370370374,-0.06439814814814826,0.3577906437181973,0.3927759669812746,0.1953112316702645,0.715574422321288,0.04296429833315818,0.003055555555555478,0.00458997678784243,0.2946327068617173,0.10798004923739402,0.11179540114836688,0.0,0.9999999987499999,0.6657179600199454,0.283081249092383,0.2774438035311418,0.37418858126678006,fearful,06,02,02,female,normal,156
60,2.0020000000000002,True,1.0,0.6769546483967279,0.6472220712529102,0.6620883598248191,0.7623151900673265,-0.06703703703703706,-0.06208333333333327,0.36370522902240043,0.29479135897448494,0.19740936522195215,0.8685231101932318,0.029732577143817718,0.004953703703703793,0.009428473072527834,0.36126062322726177,0.10546573544507934,0.11282752242922436,0.0,0.9999999987499999,0.6691206888927446,0.282611810976845,0.26936108472338277,0.3629066331317041,fearful,06,02,02,female,normal,156
70,2.3356666666666666,True,1.0,0.6756890713509741,0.6475403819535127,0.6616147266522434,1.019525883344912,-0.06592592592592583,-0.060555555555555585,0.3117698224344059,0.40946429871119394,0.1939235771116179,0.6489435309691054,0.0281486893974614,0.005370370370370248,0.011834351618062858,0.2771128686502301,0.10729186900244123,0.11194662011052021,0.0,0.9999999987499999,0.670898000598677,0.28046846580593093,0.27024469730217965,0.36791913715054886,fearful,06,02,02,female,normal,156
80,2.6693333333333333,True,1.0,0.6985968898208916,0.6110894305117092,0.6548431601663004,0.8037686982217273,-0.06523148148148145,-0.059629629629629644,0.3417245157574466,0.3168703521835653,0.1959595185771973,0.8147159271256613,0.08750745930918247,0.005601851851851802,0.0054256890314097975,0.36778846153846023,0.10696101847572602,0.11123986583056904,0.0,0.9999999987499999,0.6698573081029287,0.2810770164086527,0.26790778914328,0.3649744109294776,fearful,06,02,02,female,normal,156
90,3.003,True,1.0,0.6195135753275774,0.5917893371812855,0.6056514562544315,0.8428129048696861,-0.06541666666666657,-0.05981481481481482,0.3415474425220202,0.2988154844537969,0.19526552289985197,0.7186072410081049,0.02772423814629199,0.005601851851851747,0.008113086778104047,0.34820228992748503,0.10577402016122885,0.11219946494598804,0.0,0.9999999987499999,0.6647755575511455,0.2811509383154516,0.263957355769783,0.36429732815650884,fearful,06,02,02,female,normal,156
100,3.336666666666667,True,1.0,0.6396223824145086,0.5965526278274,0.6180875051209543,0.8122109027992317,-0.06449074074074074,-0.0568055555555555,0.34202657319707447,0.2681677424585366,0.19737689858370364,0.7609938539248319,0.0430697545871086,0.007685185185185239,0.013224648455599943,0.3608287352701654,0.10759881946971149,0.11062305940471709,0.0,0.9999999987499999,0.66273079341893,0.28189948834790945,0.2666260575455728,0.36212478386293356,fearful,06,02,02,female,normal,156
0,0.0,True,1.0,0.5988497177579069,0.582011422381094,0.5904305700695005,0.592592592592593,-0.06615740740740744,-0.061759259259259236,0.3301543688039542,0.2339181286549712,0.20299437870417447,0.9963515869922814,0.016838295376812806,0.0043981481481482065,0.0005370277103982128,0.45888157894736725,0.10729134158081263,0.11109293043424312,0.0,0.9999999987499999,0.6661696497270784,0.2749605470003196,0.24502148078271804,0.34901508846969653,fearful,06,02,02,female,normal,157
10,0.33366666666666667,True,1.0,0.629898533905642,0.5734683387795967,0.6016834363426193,0.5870736975588906,-0.06449074074074074,-0.06041666666666662,0.3243708579992909,0.2379753512608023,0.19947429843234002,1.0248856980724523,0.0564301951260453,0.004074074074074119,0.0033480964370265803,0.4864302773236001,0.10814928274603214,0.11025789682464837,0.0,0.9999999987499999,0.6675428127813626,0.2752772948092476,0.24852855634428636,0.3468513549361935,fearful,06,02,02,female,normal,157
20,0.6673333333333333,True,1.0,0.6581749704268046,0.6413322460449086,0.6497536082358566,0.9803824830180949,-0.06634259259259268,-0.06402777777777774,0.33478181994459877,0.36764343113178544,0.1994907441822079,0.6627552200194341,0.016842724381896046,0.002314814814814936,0.006484105607748358,0.29882812499999983,0.10496686437157349,0.11362762186032367,0.0,0.9999999987499999,0.6684156483843537,0.2880831180691206,0.2609552077641265,0.35551178623014335,fearful,06,02,02,female,normal,157
30,1.0010000000000001,True,1.0,0.6779180132459016,0.6361391675512247,0.6570285903985631,0.8394159271328797,-0.06953703703703712,-0.06680555555555545,0.37751580701150633,0.3027272998724864,0.1980557779337933,0.7827211387836287,0.041778845694676936,0.002731481481481668,0.00028611031000270456,0.35077818533876964,0.1059676687312424,0.11320090146262411,0.0,0.9999999987499999,0.6655108009766407,0.28481085625066216,0.27156252576521706,0.36829491408498305,fearful,06,02,02,female,normal,157
40,1.3346666666666667,True,1.0,0.6428236234174202,0.5974223244170639,0.620122973917242,0.8116571894355351,-0.06851851851851853,-0.06314814814814829,0.3516861883366391,0.2803760025653477,0.2008464467873758,0.7640207984216895,0.04540129900035628,0.005370370370370248,0.001966884191701108,0.3374823506226638,0.10713390250843842,0.1117573708840651,0.0,0.9999999987499999,0.6679706599202182,0.28426230602663755,0.2796785021597951,0.36375532755826856,fearful,06,02,02,female,normal,157
50,1.6683333333333334,True,1.0,0.7420699135789995,0.7113000524584173,0.7266849830187084,0.9445138469560608,-0.07231481481481483,-0.0653240740740742,0.37163221929201823,0.3594664824695098,0.20012355802494236,0.7693746209869109,0.03076986112058222,0.006990740740740631,0.01492696849823797,0.31062338143824014,0.10635157302528919,0.11250211521746167,0.0,0.9999999987499999,0.6630760724055247,0.28571428839816415,0.2803971818344426,0.375155708141851,fearful,06,02,02,female,normal,157
60,2.0020000000000002,True,1.0,0.6167118661860097,0.6224459032425115,0.6195788847142606,0.730133624579782,-0.06814814814814812,-0.06185185185185188,0.3696751056122082,0.2597590779754997,0.20015252972733066,0.8485828673769823,0.005734037056501773,0.006296296296296244,0.015338114639967764,0.37909385510718807,0.10601497446539052,0.11248111089048782,0.0,0.9999999987499999,0.6621644257390457,0.2843498644490248,0.2763479285664172,0.36485847099064106,fearful,06,02,02,female,normal,157
70,2.3356666666666666,True,1.0,0.6186691462410946,0.5964375794900836,0.6075533628655891,0.9576338584589644,-0.067037037037037,-0.0602314814814815,0.2958042162506869,0.39012596240637937,0.20154036748044105,0.6344317898735025,0.02223156675101101,0.006805555555555509,0.006927585594598501,0.29223811035132297,0.10712390928314584,0.11176694982413735,0.0,0.9999999987499999,0.6642142741158964,0.28237316058109113,0.2726384482728371,0.3589527955591151,fearful,06,02,02,female,normal,157
80,2.6693333333333333,True,1.0,0.6064497484926645,0.5536270381420674,0.580038393317366,0.8140538202111189,-0.06564814814814818,-0.058750000000000024,0.3544204843278335,0.2590035794542013,0.1980415244866766,0.712530767519692,0.05282271035059716,0.006898148148148153,0.00984444320143064,0.3579358264179763,0.10496827995928616,0.11345851805981785,0.0,0.9999999987499999,0.6600688118059725,0.2849756073483828,0.2720284815135733,0.3736630894704391,fearful,06,02,02,female,normal,157
90,3.003,True,1.0,0.6262036995563894,0.5867507022069168,0.6064772008816531,0.8278234479133865,-0.06435185185185188,-0.05865740740740727,0.35044703728082544,0.26338459551738264,0.1980557779337933,0.7326166012938397,0.03945299734947261,0.005694444444444613,0.0108794426566303,0.3477090885203197,0.10588087326280288,0.1124380355920844,0.0,0.9999999987499999,0.6576600701061674,0.284347046749132,0.27447287908703427,0.37813480934755156,fearful,06,02,02,female,normal,157
100,3.336666666666667,True,1.0,0.613158459838515,0.5481610863342797,0.5806597730863974,0.8127296090250686,-0.0627314814814815,-0.05564814814814806,0.35267626081146924,0.2633845955173838,0.19802804055192563,0.7144562799710757,0.06499737350423529,0.007083333333333441,0.011362290479068575,0.35465048048169623,0.1069324334380296,0.11229000662288044,0.0,0.9999999987499999,0.659841397699705,0.28440556744219697,0.2738801228118692,0.3731085143672192,fearful,06,02,02,female,normal,157
110,3.6703333333333332,True,1.0,0.6483873645941214,0.60167039797112,0.6250288812826207,0.8114490792062865,-0.0642592592592593,-0.058148148148148227,0.3478795221604623,0.26791621109843333,0.19804152448667672,0.770262604640563,0.0467169666230014,0.006111111111111067,0.00864651990245541,0.36132164988753085,0.10579792284691061,0.11369519921622241,0.0,0.9999999987499999,0.6609551575708409,0.28348864787787514,0.2695863646990103,0.36795283111493066,fearful,06,02,02,female,normal,157
0,0.0,True,1.0,0.6072236737159482,0.6056190518219673,0.6064213627689578,0.6764158026761278,-0.06138888888888894,-0.060462962962962885,0.3294160455055131,0.1966325007779434,0.20501002414986688,0.8965215779550854,0.0016046218939809176,0.0009259259259260522,0.005209697386229073,0.43168604651162745,0.10770163305593235,0.1108671879120269,0.0,0.9999999987499999,0.6665071405202706,0.27447856169782514,0.2488863279630125,0.34829492892042624,fearful,06,02,02,female,normal,158
10,0.33366666666666667,True,1.0,0.621915518718787,0.6081251548926719,0.6150203368057294,0.6883356454606949,-0.060694444444444384,-0.05898148148148158,0.322628876096661,0.22410927991743473,0.20505802554355104,0.8934890134799043,0.013790363826115093,0.0017129629629628051,5.100556955976874e-05,0.43168604651162745,0.10979693620471609,0.10844168951098367,0.0,0.9999999987499999,0.6664927545315001,0.2752065879877627,0.25457922545992895,0.3505187409071453,fearful,06,02,02,female,normal,158
20,0.6673333333333333,True,1.0,0.6211415934955044,0.634752410945102,0.6279470022203032,0.9263877239337269,-0.05995370370370373,-0.057592592592592584,0.3308440034844004,0.32973122377302133,0.20295979823491236,0.6778446928828539,0.01361081744959769,0.002361111111111147,0.0013321930484838074,0.34363858174475176,0.10908723056935937,0.11037060742350066,0.0,0.9999999987499999,0.6617913620838961,0.2761231512705125,0.26192256853215756,0.3636062594007291,fearful,06,02,02,female,normal,158
30,1.0010000000000001,True,1.0,0.6052938506404357,0.5924559149384312,0.5988748827894335,1.0654151231955438,-0.05935185185185188,-0.05726851851851855,0.3221027609989383,0.37935235447114046,0.19397668191048117,0.5621047324663491,0.012837935702004533,0.002083333333333326,0.00657586751388339,0.2727272727272723,0.1058231351604913,0.11316780030302145,0.0,0.9999999987499999,0.6633375008909814,0.27797011102721686,0.2590561613167025,0.36525231925455076,fearful,06,02,02,female,normal,158
40,1.3346666666666667,True,1.0,0.611591979534946,0.5574451086168879,0.584518544075917,0.7931078197018955,-0.05810185185185196,-0.05500000000000005,0.33892392272576205,0.2565313009643656,0.19876470665850152,0.7369975803486836,0.05414687091805814,0.003101851851851911,0.0004327894205123634,0.375420946202257,0.10936631183120595,0.11043963323000641,0.0,0.9999999987499999,0.6619312428018083,0.2771227015412713,0.26515557384307054,0.35992630737044434,fearful,06,02,02,female,normal,158
50,1.6683333333333334,True,1.0,0.6697686319369858,0.6200013345311117,0.6448849832340487,0.8597853041491051,-0.06402777777777768,-0.06300925925925921,0.3731473223015689,0.2773500981126146,0.20158919505281492,0.7500535076861605,0.049767297405874045,0.0010185185185184742,0.005199509121903691,0.32701090843452324,0.107188668015181,0.11170484529678221,0.0,0.9999999987499999,0.6634650502701082,0.2875148083900364,0.2776101991842197,0.3685478222232498,fearful,06,02,02,female,normal,158
60,2.0020000000000002,True,1.0,0.6880129415483293,0.682773636780337,0.6853932891643331,0.7202369036793647,-0.06412037037037033,-0.06268518518518512,0.3938245882014832,0.22006044851578077,0.1966678714655428,0.9516220089014721,0.005239304767992281,0.001435185185185206,0.005154104199042508,0.38717112974105206,0.10615887638465957,0.1128529127924755,0.0,0.9999999987499999,0.6616012966280262,0.2839554950373561,0.27163937273946,0.3665087579787919,fearful,06,02,02,female,normal,158
70,2.3356666666666666,True,1.0,0.6985968898208942,0.6402889723119638,0.6694429310664289,0.9538773259609737,-0.0618981481481482,-0.058333333333333404,0.31286707018731436,0.36814525282964594,0.19453270740597647,0.7018123954167855,0.058307917508930385,0.0035648148148147984,0.006119688510972429,0.2981101374892747,0.10911265757215538,0.110345470291153,0.0,0.9999999987499999,0.6611256176689426,0.2802043365482153,0.2719458910691546,0.36730294145599596,fearful,06,02,02,female,normal,158
80,2.6693333333333333,True,1.0,0.6321701239752802,0.6017836709089425,0.6169768974421113,0.7910339168239441,-0.060324074074073974,-0.05759259259259253,0.3526419135875794,0.26117573520832893,0.19525184725676922,0.7799626341172781,0.030386453066337693,0.002731481481481446,0.008461181965958244,0.36132164988753085,0.10894544242102897,0.1108548299663869,0.0,0.9999999987499999,0.6634108367800245,0.27999135613193754,0.2724261992451823,0.36723624108326375,fearful,06,02,02,female,normal,158
90,3.003,True,1.0,0.6209105205090628,0.6065720548946858,0.6137412877018743,0.8260803479343881,-0.06273148148148155,-0.058657407407407436,0.3451911178591908,0.2906421322820058,0.19387754118660183,0.7429559233996219,0.014338465614377016,0.004074074074074119,0.007817030359742056,0.3541474534588154,0.1071749143600967,0.11171804127042108,0.0,0.9999999987499999,0.6612096943855668,0.28008031603178374,0.26607352396649314,0.3653724897203508,fearful,06,02,02,female,normal,158
100,3.336666666666667,True,1.0,0.6659110178266445,0.6304253632806368,0.6481681905536407,0.8275339268076032,-0.06212962962962959,-0.05884259259259256,0.34192229863179247,0.2988154844537982,0.19592097059741997,0.7832527097155934,0.03548565454600772,0.0032870370370370328,0.002718371574215131,0.33331525031417886,0.10872045214438324,0.11021454667704073,0.0,0.9999999987499999,0.6634852061215112,0.2798092538459845,0.2670494011160547,0.36587748377223844,fearful,06,02,02,female,normal,158
0,0.0,True,1.0,0.639461260760847,0.6001506285879741,0.6198059446744105,0.7757095407617178,-0.06384259259259262,-0.061342592592592615,0.3212457021332261,0.2827913529947679,0.20363751244752276,0.7990180758454823,0.039310632172872895,0.0025000000000000022,0.0038416512694869503,0.3515383626049135,0.11895716834898439,0.10685008614939011,0.0,0.9999999987499999,0.6083349987963936,0.2649772327395133,0.2770393865201601,0.3310437020525838,fearful,06,02,02,female,normal,159
10,0.33366666666666667,True,1.0,0.6727646156516977,0.6287091186481504,0.6507368671499241,0.8155459973479042,-0.06407407407407406,-0.061249999999999916,0.3192145788606129,0.2935779816513763,0.20299437870417447,0.7979155918440807,0.04405549700354727,0.0028240740740741455,0.004908521710292508,0.33747864460519783,0.12037572169738285,0.10561080594763307,0.0,0.9999999987499999,0.6096929744085134,0.26530422054866515,0.28096442656530085,0.33354952834244284,fearful,06,02,02,female,normal,159
20,0.6673333333333333,True,1.0,0.7053620178971529,0.680491860171599,0.692926939034376,0.9037818434086369,-0.0728240740740741,-0.07101851851851848,0.3291377733423811,0.34088357081072074,0.20778581119812384,0.7666971228598528,0.0248701577255539,0.0018055555555556158,0.007972447745291752,0.31626102839098413,0.10554831759893524,0.11241181400428135,0.0,0.9999999987499999,0.6665034319821678,0.28255393631885456,0.265910752093099,0.3617890897509598,fearful,06,02,02,female,normal,159
30,1.0010000000000001,True,1.0,0.7288566366749938,0.6984604778181857,0.7136585572465897,1.035816143369338,-0.07226851851851862,-0.06777777777777777,0.3181160765134783,0.4192422046403974,0.1994907441822079,0.688981883334215,0.03039615885680813,0.004490740740740851,0.008857785882632613,0.2950583426614239,0.10566707157112008,0.11348154428647657,0.0,0.9999999987499999,0.665356922448667,0.2807708020960093,0.2698168254885719,0.36968871387337104,fearful,06,02,02,female,normal,159
40,1.3346666666666667,True,1.0,0.6619565284964876,0.6213558641581614,0.6416561963273244,0.8121300861201083,-0.06967592592592592,-0.0674074074074073,0.34823556986637494,0.31581123343326667,0.20220561833854564,0.7900904144467663,0.04060066433832621,0.002268518518518614,0.0036668407333499027,0.3234296810428672,0.10638393968716402,0.11264077564287588,0.0,0.9999999987499999,0.6662586397293292,0.281381960533556,0.2801937185743423,0.3706494876412932,fearful,06,02,02,female,normal,159
50,1.6683333333333334,True,1.0,0.6358933842850798,0.6153127474168973,0.6256030658509886,0.8744232762324339,-0.07138888888888884,-0.06574074074074071,0.3992310149047837,0.2782154837232429,0.20080427767170406,0.7154464923972296,0.020580636868182456,0.005648148148148124,0.002209979385444906,0.31532945702487425,0.10561903568588459,0.11369394951686054,0.0,0.9999999987499999,0.6621918097473365,0.2835518680962511,0.28633872158970475,0.39190815320080286,fearful,06,02,02,female,normal,159
60,2.0020000000000002,True,1.0,0.6690737337641567,0.6495044310973228,0.6592890824307398,0.7184771562939486,-0.07115740740740739,-0.0668981481481481,0.3750721109119,0.2535647504659075,0.19940352799112826,0.9176201033745973,0.019569302666833877,0.004259259259259296,0.004545518298408601,0.3860059340684454,0.10475634018839039,0.11382173894168693,0.0,0.9999999987499999,0.6636030436158838,0.2807759567992802,0.27794128074072244,0.376131712404756,fearful,06,02,02,female,normal,159
70,2.3356666666666666,True,1.0,0.6526204743454886,0.6304253632806361,0.6415229188130624,0.8929268621878913,-0.06782407407407398,-0.06180555555555556,0.29882387024583745,0.3392263518258436,0.20012355802494236,0.718449568468769,0.022195111064852502,0.006018518518518423,0.012932754210779806,0.3174491820292179,0.10655756163838243,0.11179694641862069,0.0,0.9999999987499999,0.6581017164209434,0.28190330803573993,0.271264140817324,0.3634473984133426,fearful,06,02,02,female,normal,159
80,2.6693333333333333,True,1.0,0.6383305818267532,0.6016703979711207,0.6200004898989369,0.797723984799033,-0.06638888888888883,-0.060555555555555585,0.3567778309805262,0.24833404720210345,0.1987220957950593,0.7772117946975492,0.03666018385563252,0.005833333333333246,0.012511018623228601,0.37192019487189204,0.10573225435158166,0.11206895073095097,0.0,0.9999999987499999,0.6565071888442877,0.28493469363764473,0.27486054189139103,0.3778328524182956,fearful,06,02,02,female,normal,159
90,3.003,True,1.0,0.6716939103491488,0.6203511706437916,0.6460225404964702,0.8264102401115506,-0.06624999999999998,-0.059768518518518554,0.34477685978154293,0.2884639517370498,0.19733398804732605,0.7817213644512303,0.05134273970535719,0.0064814814814814214,0.008026954987726796,0.33962264150943444,0.10551185351943589,0.11278439580663412,0.0,0.9999999987499999,0.6574492577108969,0.28274663155356705,0.2729092652793327,0.3781933168328935,fearful,06,02,02,female,normal,159
100,3.336666666666667,True,1.0,0.6321701239752822,0.5902652685586292,0.6112176962669557,0.8108650312480941,-0.06467592592592597,-0.0589351851851852,0.34373955329840883,0.288463951737051,0.19870942593845456,0.7537847517313225,0.04190485541665301,0.0057407407407407685,0.008403406951820042,0.35695027034157967,0.10714791180968893,0.1115733124937019,0.0,0.9999999987499999,0.656325188098677,0.28444239551179895,0.27190158002769643,0.3735705769398139,fearful,06,02,02,female,normal,159
110,3.6703333333333332,True,1.0,0.6383305818267536,0.6004272742860198,0.6193789280563867,0.7862382231830648,-0.06527777777777777,-0.06069444444444433,0.34072914448529984,0.2830457603459037,0.19870942593845456,0.7877751421812684,0.03790330754073379,0.004583333333333439,0.009449451888271652,0.3717883302364396,0.10689007165981314,0.11199060493623911,0.0,0.9999999987499999,0.6568252357505502,0.2838413997596694,0.26690559939204833,0.3700499729114277,fearful,06,02,02,female,normal,159
0,0.0,True,1.0,0.687140182738353,0.6682751873365805,0.6777076850374668,0.717598267794568,-0.06439814814814804,-0.06106481481481474,0.32136023151861626,0.28538508224923975,0.19669890365235201,0.9444109823736071,0.018864995401772444,0.0033333333333332993,0.003264259757537853,0.39692552729386815,0.10696944432448786,0.11071672575320068,0.0,0.9999999987499999,0.6731322728310074,0.2791877065135179,0.25463177656150615,0.35107719925428027,fearful,06,02,02,female,strong,160
10,0.33366666666666667,True,1.0,0.6232027442909154,0.6318495271558969,0.6275261357234061,0.839506172839506,-0.06120370370370365,-0.05944444444444441,0.31736952082363795,0.329218106995885,0.19669890365235201,0.7474943675528809,0.00864678286498155,0.0017592592592592382,0.001111936141292027,0.3424735352648239,0.1052095124250383,0.11239045277837137,0.0,0.9999999987499999,0.6727268958130128,0.28037030048297484,0.2530387458774954,0.3545144022975973,fearful,06,02,02,female,strong,160
20,0.6673333333333333,True,1.0,0.6807296234171011,0.6736318204176914,0.6771807219173962,1.1110204446782515,-0.0631018518518518,-0.059814814814814876,0.3557214635984673,0.4369890847615975,0.19043809459322833,0.6095123858080811,0.0070978029994096525,0.0032870370370369217,0.004261855042686938,0.26283101418932564,0.1052750676693197,0.11249853090242995,0.0,0.9999999987499999,0.6728556309945853,0.2815504540254165,0.2639838221742887,0.36801486800952377,fearful,06,02,02,female,strong,160
30,1.0010000000000001,True,1.0,0.6668993828699604,0.6170592925645701,0.6419793377172653,0.8187340460062329,-0.060694444444444384,-0.05680555555555544,0.3869531973253895,0.2844753888665724,0.18692354984541243,0.7841121800770675,0.04984009030539027,0.0038888888888889417,0.0020427379038856605,0.34322033898305015,0.10422278883133528,0.1124621977861433,0.0,0.9999999987499999,0.6722335538512278,0.2824318859717598,0.2676618859699306,0.375056175029537,fearful,06,02,02,female,strong,160
40,1.3346666666666667,True,1.0,0.23864668113359536,0.23381555443319052,0.23623111778339295,0.738716855153117,-0.07157407407407412,-0.06921296296296303,0.36132705478861643,0.243776562200529,0.19243883260522998,0.31978574217645045,0.004831126700404836,0.0023611111111110916,0.011315805990863601,0.38249999999999995,0.10337343363050258,0.11424838093840892,0.0,0.9999999987499999,0.6696843535070277,0.28293745651287283,0.2623056126969337,0.35566591384067314,fearful,06,02,02,female,strong,160
50,1.6683333333333334,True,1.0,0.6494608906135948,0.5822367014837311,0.6158487960486629,1.017953092158637,-0.0655555555555557,-0.06217592592592602,0.37100005960935434,0.3584229390681003,0.18829819813198714,0.6049874014751649,0.06722418912986372,0.003379629629629677,0.0017853064631364517,0.293462764607831,0.10440164138179893,0.11330956095911712,0.0,0.9999999987499999,0.6686256536833484,0.2869804250035212,0.2714613631415816,0.37620152056857736,fearful,06,02,02,female,strong,160
60,2.0020000000000002,True,1.0,0.6051553201535592,0.5823578490720792,0.5937565846128192,0.7364801918115601,-0.05986111111111109,-0.058287037037037026,0.37040015502304735,0.2382585118471946,0.18901971014220054,0.8062084917074607,0.022797471081480003,0.001574074074074061,0.0036762723407532537,0.3975184950842938,0.10429846171916914,0.11222238002445917,0.0,0.9999999987499999,0.6679272318146008,0.28468720828137994,0.2686202901512055,0.36843852027397106,fearful,06,02,02,female,strong,160
70,2.3356666666666666,True,1.0,0.6404513919750261,0.5975551777808887,0.6190032848779574,0.8367280041714427,-0.059398148148148144,-0.05703703703703711,0.32843897081287515,0.30350052236248154,0.1904224696420173,0.7397903282691203,0.04289621419413736,0.002361111111111036,0.009344539265582482,0.33144265787721383,0.10254916364035928,0.11382311158808041,0.0,0.9999999987499999,0.6679485665672518,0.28373342738539625,0.2585872379059961,0.35465237328738747,fearful,06,02,02,female,strong,160
80,2.6693333333333333,True,1.0,0.584137817261095,0.5761450855192922,0.5801414513901937,0.8422057730532241,-0.05703703703703705,-0.05467592592592596,0.36116949688068434,0.24061808261582235,0.19105050873278595,0.6888357571891531,0.007992731741802817,0.0023611111111110916,0.003668601514696851,0.3319371213318399,0.10435704391099758,0.11267631039384048,0.0,0.9999999987499999,0.666324097693765,0.28725842091063536,0.2680474670645025,0.37787589400636495,fearful,06,02,02,female,strong,160
90,3.003,True,1.0,0.5768839294968814,0.5203810782956476,0.5486325038962645,0.8196616728035188,-0.058935185185185146,-0.056203703703703756,0.3568210021141424,0.25045217780107526,0.18967385838108636,0.6693401949852757,0.05650285120123377,0.0027314814814813904,0.0002550637379453564,0.36458333333333304,0.10380596249077055,0.11284705487377203,0.0,0.9999999987499999,0.6689352889905963,0.28538656200353857,0.26559083759084323,0.374541096092447,fearful,06,02,02,female,strong,160
100,3.336666666666667,True,1.0,0.6794043224348626,0.6228184277668736,0.6511113751008681,0.8655970596233981,-0.05976851851851844,-0.057037037037037,0.35046637507149975,0.2859561714827289,0.1931444532112036,0.7522107057343196,0.05658589466798902,0.002731481481481446,0.0007937144197419867,0.3419843918930657,0.10369972004167428,0.11344961678402063,0.0,0.9999999987499999,0.6662598763646086,0.2860243168854023,0.2636889659361173,0.3723111949376215,fearful,06,02,02,female,strong,160
110,3.6703333333333332,True,1.0,0.6286798782709745,0.5649286930853268,0.5968042856781506,0.803768698221726,-0.058935185185185146,-0.056481481481481466,0.3484001183755711,0.25504199078189305,0.1910620892167895,0.7425074987350619,0.06375118518564771,0.00245370370370368,0.004771900227141794,0.36778846153846156,0.10501586960565212,0.11206253017389665,0.0,0.9999999987499999,0.6676627012367446,0.28590383737798525,0.26311675511771726,0.3690679596881303,fearful,06,02,02,female,strong,160
0,0.0,True,1.0,0.6277239322710892,0.6134961776352869,0.6206100549531881,0.7778290242673469,-0.06291666666666668,-0.05986111111111114,0.32828517803582624,0.2698412698412701,0.20223429176912874,0.7978746428725174,0.014227754635802392,0.0030555555555555336,0.0032302559341283255,0.39081355496280173,0.10704939917849741,0.11081148615451578,0.0,0.9999999987499999,0.6703636797297045,0.27638620855523366,0.25241121765017355,0.3606740090562572,fearful,06,02,02,female,strong,161
10,0.33366666666666667,True,1.0,0.6697686319369898,0.6625731826148252,0.6661709072759074,0.833721803298483,-0.06282407407407409,-0.06041666666666662,0.3293762477451261,0.2910161011513576,0.20155588760357968,0.7990326085275832,0.007195449322164538,0.002407407407407469,0.0043163259586512185,0.34014634674188626,0.10529712854186185,0.11162774884042707,0.0,0.9999999987499999,0.6728948753094988,0.2843679028158596,0.2577430179892754,0.35006471294920194,fearful,06,02,02,female,strong,161
20,0.6673333333333333,True,1.0,0.6541980784309859,0.621355864158163,0.6377769712945744,0.9844240396556871,-0.06388888888888877,-0.05999999999999994,0.35362921340737147,0.35261707988980706,0.1967330334041851,0.6478681397476272,0.032842214272822856,0.0038888888888888307,0.0039016614824915045,0.3022281549128822,0.10527005271248992,0.11267244240496414,0.0,0.9999999987499999,0.6702926840970762,0.2865911486251005,0.2661671643499501,0.3634801890440791,fearful,06,02,02,female,strong,161
30,1.0010000000000001,True,1.0,0.6685051003148961,0.6180117539653007,0.6432584271400984,0.8551664827361576,-0.06430555555555556,-0.05898148148148136,0.3932837043635833,0.2806015021478017,0.19114832178248242,0.7522025712256093,0.05049334634959535,0.005324074074074203,0.00178645440198245,0.33398437499999967,0.10549153048598607,0.11195574317090148,0.0,0.9999999987499999,0.6697416961393933,0.2853776653049514,0.27188348014491315,0.37137960244148827,fearful,06,02,02,female,strong,161
40,1.3346666666666667,True,1.0,0.633299692518845,0.5823578490720804,0.6078287707954627,0.894984750241057,-0.06425925925925918,-0.05930555555555561,0.33875755350053205,0.32973122377302005,0.1918258227334399,0.6791498633152676,0.050941843446764556,0.004953703703703571,0.003877579962076833,0.3064236894474727,0.10538575328376039,0.1130708544356645,0.0,0.9999999987499999,0.6708941409532563,0.2845425073285142,0.2711353118095319,0.36096734970261235,fearful,06,02,02,female,strong,161
50,1.6683333333333334,True,1.0,0.6089397312924457,0.6029776906153128,0.6059587109538793,0.8881290610077841,-0.06699074074074068,-0.06347222222222226,0.3737024064535234,0.31717630806133235,0.1952268378891098,0.6822867729001927,0.005962040677132907,0.003518518518518421,0.004683755889564507,0.3214157601500868,0.10459439960302956,0.11363574588407573,0.0,0.9999999987499999,0.6667465580060149,0.2883927050018924,0.27588525443293477,0.37061850835955745,fearful,06,02,02,female,strong,161
60,2.0020000000000002,True,1.0,0.6271640749835614,0.6021195260241501,0.6146418005038558,0.7784576750380141,-0.060416666666666674,-0.059120370370370434,0.3611540156156204,0.2522779502438009,0.1939235771116179,0.7895635436747941,0.025044548959411328,0.0012962962962962399,0.004660723899405939,0.34424845392262954,0.10687841341130902,0.11234142448376747,0.0,0.9999999987499999,0.6637518652304671,0.288468234512908,0.2739172751014355,0.3617607502306668,fearful,06,02,02,female,strong,161
70,2.3356666666666666,True,1.0,0.6542413522645776,0.6065720548946847,0.6304067035796311,1.101538341604182,-0.06138888888888888,-0.05763888888888885,0.3169269835227484,0.36991959232976257,0.19739274606235463,0.5722966507562172,0.04766929736989289,0.003750000000000031,0.012646206464123705,0.26865671641791006,0.10559911538370091,0.11304028439394243,0.0,0.9999999987499999,0.6629387460452931,0.28771201906741617,0.2699528467258317,0.36128351896889754,fearful,06,02,02,female,strong,161
80,2.6693333333333333,True,1.0,0.6093484592721237,0.5683012641243298,0.5888248616982268,0.8080808080808082,-0.06097222222222215,-0.05824074074074076,0.3528679857991252,0.26446280991735543,0.19666787146554274,0.7286707663515556,0.04104719514779387,0.0027314814814813904,0.010366213758752392,0.3681818181818173,0.10558952531212873,0.11254252248544368,0.0,0.9999999987499999,0.6609907486822854,0.28672439717320897,0.27032850498705685,0.3604018474478681,fearful,06,02,02,female,strong,161
90,3.003,True,1.0,0.6226334539729645,0.5663818855212913,0.5945076697471279,0.8734606468649486,-0.06287037037037041,-0.05824074074074076,0.34154744252202035,0.2988154844537982,0.1959330419925247,0.6806347508396089,0.05625156845167323,0.00462962962962965,0.008923728903392675,0.34584000816796145,0.10684473585060011,0.11100883635709254,0.0,0.9999999987499999,0.663014416844863,0.28495958706308794,0.27232625259023635,0.36583223119316327,fearful,06,02,02,female,strong,161
100,3.336666666666667,True,1.0,0.6358933842850809,0.6004272742860187,0.6181603292855498,0.8347281621385968,-0.06111111111111106,-0.05745370370370373,0.33564511711446704,0.28595617148272995,0.19802804055192558,0.7405528617865316,0.03546610999906219,0.0036574074074073315,0.00705818719261224,0.3541474534588149,0.10676461123452946,0.11176982108884947,0.0,0.9999999987499999,0.6654693034401261,0.2846953581650412,0.2682668813494341,0.3602852866486458,fearful,06,02,02,female,strong,161
0,0.0,True,1.0,0.625459504693766,0.6288022176011202,0.6271308611474431,0.7527101274263065,-0.06379629629629624,-0.06129629629629624,0.3264946053082722,0.26423037720438264,0.20219241210169514,0.8331638412940603,0.0033427129073542172,0.0025000000000000022,0.007373237723959803,0.3709840702862164,0.10756513886177,0.1104835018326146,0.0,0.9999999987499999,0.668935789761217,0.2766493021527909,0.2514124170487319,0.35739686727148107,fearful,06,02,02,female,strong,162
10,0.33366666666666667,True,1.0,0.5825988710098068,0.5907563217518847,0.5866775963808457,0.7686701882309297,-0.06277777777777782,-0.06097222222222215,0.32828105386379075,0.28024433945919347,0.20152560332726183,0.7632370883682451,0.008157450742077965,0.0018055555555556713,0.0008063971046880826,0.37557825786083265,0.10524984643935305,0.11235268223250942,0.0,0.9999999987499999,0.6700898457117224,0.2765924541483316,0.24999345579848312,0.35662422519973,fearful,06,02,02,female,strong,162
20,0.6673333333333333,True,1.0,0.6536545528948331,0.6360328373998527,0.6448436951473429,1.0729354710723396,-0.06398148148148142,-0.06087962962962962,0.33108754001582597,0.4243699997524923,0.1967330334041851,0.6010088328078643,0.017621715494980372,0.0031018518518518,0.0006129212268954807,0.28583770068674064,0.10543731357913434,0.11285408311563963,0.0,0.9999999987499999,0.6662191198276185,0.27896302662102807,0.25484098105914194,0.366144347411386,fearful,06,02,02,female,strong,162
30,1.0010000000000001,True,1.0,0.6616092736596964,0.6222222222222212,0.6419157479409587,1.0595791389271738,-0.06652777777777769,-0.06129629629629624,0.323812215594527,0.39122922052695636,0.18767935757500243,0.6058214288655209,0.03938705143747512,0.005231481481481448,0.006238539459196284,0.26826923076923087,0.1052846146214817,0.11215035156825336,0.0,0.9999999987499999,0.6726188479688749,0.28460564061934546,0.2676773124557064,0.3612546025677526,fearful,06,02,02,female,strong,162
40,1.3346666666666667,True,1.0,0.6534027737512088,0.6175413207713851,0.6354720472612969,0.9192397951470607,-0.06398148148148136,-0.06018518518518512,0.3391823756981708,0.33491633443318725,0.19181031082719915,0.6913017154132601,0.03586145297982368,0.003796296296296242,0.0013879574243813536,0.28596496818132267,0.10373129074102085,0.11442416917589535,0.0,0.9999999987499999,0.6713857921606142,0.2874399939910897,0.269864423162388,0.35713919057232874,fearful,06,02,02,female,strong,162
50,1.6683333333333334,True,1.0,0.6501287168439622,0.6180117539653006,0.6340702354046315,0.8359587561675657,-0.06300925925925915,-0.06064814814814812,0.4022257338852334,0.24164432795468707,0.1966989036523519,0.7584946395101027,0.032116962878661615,0.002361111111111036,0.0036518112901449914,0.3343496723030253,0.1053070472702142,0.11348043359434969,0.0,0.9999999987499999,0.6619805912599415,0.28944490382776017,0.2850558250714223,0.380537034274797,fearful,06,02,02,female,strong,162
60,2.0020000000000002,True,1.0,0.6187635344252812,0.6085334952706631,0.6136485148479722,0.7428529995275954,-0.06050925925925926,-0.05898148148148158,0.40554539681623053,0.16941436485703523,0.19394049355166262,0.8260699159028926,0.010230039154618065,0.0015277777777776835,0.001319184205288083,0.37661961529595367,0.10633121476518151,0.11269054852687338,0.0,0.9999999987499999,0.6613800253304447,0.29002858800462084,0.2824694304366852,0.37603825658095985,fearful,06,02,02,female,strong,162
70,2.3356666666666666,True,1.0,0.6769977598751239,0.6854045094849202,0.681201134680022,1.090444377047946,-0.06388888888888894,-0.06148148148148147,0.32735210073224186,0.3906069410321,0.19114832178248248,0.6247004881846167,0.00840674960979626,0.002407407407407469,0.005884803385704648,0.2690709907062675,0.10396149718160536,0.11421505274852625,0.0,0.9999999987499999,0.6656457548722614,0.28671916131392056,0.269460794949735,0.36800914831097653,fearful,06,02,02,female,strong,162
80,2.6693333333333333,True,1.0,0.620572244894584,0.6119933918946585,0.6162828183946212,0.8201342054311539,-0.062314814814814656,-0.05842592592592594,0.3530219315797765,0.2733780684770517,0.19178167016558634,0.7514414278948826,0.008578852999925446,0.0038888888888887196,0.004561997071491124,0.36458333333333354,0.10542838829066789,0.1125243005673543,0.0,0.9999999987499999,0.6652808888868047,0.2876675088842313,0.2695738602215003,0.3677120949154908,fearful,06,02,02,female,strong,162
90,3.003,True,1.0,0.6452943177820185,0.5867507022069176,0.6160225099944681,0.8496036123190787,-0.061574074074074,-0.057361111111111196,0.3419284298653335,0.33038348082595886,0.19175620820850034,0.7250704929478496,0.058543615575100905,0.004212962962962807,0.005284898225183489,0.3437313518864971,0.11700677028839003,0.10845668571075383,0.0,0.9999999987499999,0.6115916729191677,0.271051977265513,0.2878871775170495,0.3449339148236838,fearful,06,02,02,female,strong,162
100,3.336666666666667,True,1.0,0.6758832527757562,0.600427274286021,0.6381552635308887,0.8179912032362482,-0.061481481481481526,-0.05819444444444444,0.3389902587889519,0.29101610115135745,0.19106208921678955,0.7801492986796581,0.07545597848973518,0.0032870370370370883,0.00522939289333212,0.34668762264076736,0.11518822137396445,0.11090276131649673,0.0,0.9999999987499999,0.6130496534551321,0.27150416602184607,0.27906152309215787,0.33467127735244145,fearful,06,02,02,female,strong,162
0,0.0,True,1.0,0.6277239322710866,0.5808929907085738,0.6043084614898302,0.7991845056065243,-0.06356481481481485,-0.060972222222222205,0.3214234471646729,0.29357798165137533,0.20221957827971732,0.7561563784713305,0.04683094156251277,0.0025925925925926463,0.004180202847182115,0.3788265306122447,0.11903950366602226,0.10657974212382776,0.0,0.9999999987499999,0.6127512379951982,0.26687228300976834,0.2778730329956704,0.3301697035677262,fearful,06,02,02,female,strong,163
10,0.33366666666666667,True,1.0,0.6460990543630013,0.6200013345311117,0.6330501944470566,0.840294306041596,-0.06268518518518512,-0.059953703703703676,0.32398753535509117,0.2827913529947679,0.19879694664620134,0.7533672308565179,0.026097719831889576,0.002731481481481446,0.0038945624968539667,0.3461538461538453,0.1041617172895064,0.11369784486264474,0.0,0.9999999987499999,0.6725489691345289,0.283425632501555,0.25491514221973427,0.3494351493402291,fearful,06,02,02,female,strong,163
20,0.6673333333333333,True,1.0,0.6640432802228311,0.6024885076614624,0.6332658939421467,1.0946866157996884,-0.06342592592592605,-0.05921296296296297,0.33173247526405436,0.3807605620172829,0.19251969308138642,0.5784905787667227,0.061554772561368654,0.004212962962963085,0.006713972879277282,0.27717391304347877,0.10523818278035045,0.11371196878825311,0.0,0.9999999987499999,0.6665984447763481,0.2855680909287697,0.2695099816874153,0.3641997522101975,fearful,06,02,02,female,strong,163
30,1.0010000000000001,True,1.0,0.6025636462725968,0.5519943015633425,0.5772789739179697,0.9627333239650432,-0.06203703703703706,-0.05759259259259253,0.3482547226980286,0.3132578812075502,0.18976072179864673,0.5996250047109938,0.05056934470925434,0.004444444444444529,0.010000106581619529,0.3035593290306367,0.10559601329149863,0.11168674703256681,0.0,0.9999999987499999,0.6673856981933398,0.28495115950434374,0.2765617011343265,0.37084129993525183,fearful,06,02,02,female,strong,163
40,1.3346666666666667,True,1.0,0.5880741318852291,0.5422669338487695,0.5651705328669993,0.7952956726508624,-0.060416666666666674,-0.05837962962962967,0.35507128780860847,0.3150994073880967,0.1911319565555269,0.7106420320170799,0.045807198036459607,0.002037037037037004,0.0032911742792172084,0.36132164988753085,0.1042456557735713,0.1139557564266948,0.0,0.9999999987499999,0.6653931547462735,0.2855750333956667,0.2729935006140352,0.36191014210979744,fearful,06,02,02,female,strong,163
50,1.6683333333333334,True,1.0,0.5772914400573157,0.5518667206195662,0.564579080338441,0.8608486575132253,-0.056990740740740786,-0.05527777777777776,0.3857378186565284,0.2801062555748294,0.18969959983660586,0.6558401124413292,0.025424719437749488,0.0017129629629630272,0.0006900119931937321,0.32141576015008727,0.10516485742020716,0.11327633416623555,0.0,0.9999999987499999,0.6674125382731219,0.284566849839728,0.27912693093893776,0.3828955982832115,fearful,06,02,02,female,strong,163
60,2.0020000000000002,True,1.0,0.6377311568695733,0.6220663857712214,0.6298987713203974,0.7441746558217007,-0.059675925925925855,-0.05773148148148144,0.37978123501945626,0.21763598424974312,0.19111638833184733,0.8464394297664941,0.01566477109835185,0.0019444444444444153,0.0024484756395075982,0.37194114085988267,0.10658887561940705,0.11193742319798225,0.0,0.9999999987499999,0.6617966410079656,0.2871904116101124,0.2752618995655375,0.37099210174375397,fearful,06,02,02,female,strong,163
70,2.3356666666666666,True,1.0,0.6205722448945852,0.5769843327230535,0.5987782888088193,0.9658052434817489,-0.06092592592592577,-0.05814814814814817,0.3412076870542005,0.3349163344331871,0.18831156847135996,0.6199782956760626,0.043587912171531684,0.0027777777777776014,0.00459163820910711,0.30888912816147773,0.1046574922391798,0.11391263487335924,0.0,0.9999999987499999,0.6662381437027937,0.28612819565638675,0.26811863837672506,0.3678945818048922,fearful,06,02,02,female,strong,163
80,2.6693333333333333,True,1.0,0.6377311568695736,0.5873040673531867,0.6125176121113802,0.79169503852836,-0.06078703703703703,-0.057407407407407296,0.3570717159273898,0.26140873913672186,0.18967385838108636,0.7736787301963605,0.05042708951638686,0.0033796296296297323,0.001999649091617882,0.37146226415094286,0.1049694732711792,0.11345741403188876,0.0,0.9999999987499999,0.6634820530165191,0.285660757238912,0.26608105373478425,0.367728701284979,fearful,06,02,02,female,strong,163
90,3.003,True,1.0,0.6398102437615958,0.5867507022069188,0.6132804729842574,0.7968412918767933,-0.06046296296296294,-0.05736111111111103,0.35137292258340863,0.2681677424585366,0.18756875367052905,0.769639424106403,0.05305954155467696,0.003101851851851911,0.00041990831207563604,0.36778846153846156,0.11765523611029022,0.108282012482192,0.0,0.9999999987499999,0.61369118329363,0.2686400822881967,0.2843006332559256,0.33934944462065386,fearful,06,02,02,female,strong,163
100,3.336666666666667,True,1.0,0.6220358412427631,0.5690133925793818,0.5955246169110724,0.8192257885721438,-0.06027777777777776,-0.055925925925925934,0.34734830972654546,0.2859561714827298,0.19174466964605202,0.7269358767978146,0.05302244866338135,0.004351851851851829,0.001628574441438815,0.35023584905660365,0.11491979638568772,0.11083763491966597,0.0,0.9999999987499999,0.6133125743969463,0.2698220684489451,0.27872059203508825,0.3366458788372171,fearful,06,02,02,female,strong,163
0,0.0,True,1.0,0.6226334539729651,0.6064606631769716,0.6145470585749684,0.5642781286376699,-0.06268518518518518,-0.05865740740740738,0.31550155609675634,0.29039753277289254,0.19253594035313737,1.08908537720337,0.01617279079599354,0.004027777777777797,0.006136715208413473,0.47971376554978185,0.10691266148599486,0.11059943149473174,0.0,0.9999999987499999,0.6730067084880829,0.28099014886180296,0.2491110508987534,0.3427118441237557,disgust,07,02,02,female,normal,164
10,0.33366666666666667,True,1.0,0.6075074286641038,0.6221728557311023,0.6148401421976031,0.5592955221412841,-0.06152777777777785,-0.06004629629629632,0.31811607651347806,0.2712743677084929,0.19322975648338905,1.0993117553376153,0.014665427066998471,0.001481481481481528,0.010696453797530241,0.4795169884648739,0.10607951606969339,0.1117403042709209,0.0,0.9999999987499999,0.6704546049904337,0.28125686411648587,0.24524756588566515,0.3364342726423335,disgust,07,02,02,female,normal,164
20,0.6673333333333333,True,1.0,0.6239980489706914,0.6318495271558948,0.6279237880632931,0.5645897262188418,-0.06009259259259264,-0.05824074074074076,0.31553087201615954,0.2656892829265139,0.1938775411866019,1.1121771419196922,0.007851478185203375,0.0018518518518518823,0.0018612867603400708,0.4971942253796454,0.10682655230565029,0.11222109731876342,0.0,0.9999999987499999,0.6683878356264382,0.28071038335743514,0.2469114128349973,0.33871885679757957,disgust,07,02,02,female,normal,164
30,1.0010000000000001,True,1.0,0.580322470891828,0.5814186776439997,0.5808705742679139,0.9681731747392264,-0.05712962962962964,-0.056388888888888766,0.3313614391685056,0.4047109239814564,0.18900558257911224,0.5999655737460079,0.0010962067521717023,0.000740740740740875,0.005802045357979672,0.31393953709934136,0.10663542608437737,0.11138109884355843,0.0,0.9999999987499999,0.6687254576596264,0.27988280732717796,0.25607193378101406,0.3561242956383619,disgust,07,02,02,female,normal,164
40,1.3346666666666667,True,1.0,0.5064288780935028,0.48153463226471477,0.4939817551791088,0.7573974271704736,-0.052361111111111136,-0.05259259259259258,0.3443330062882803,0.3323274425339835,0.18409782819833262,0.6522094444188339,0.02489424582878802,0.00023148148148144365,0.007533346842503825,0.3908393050206447,0.10656572598777378,0.11178916412337249,0.0,0.9999999987499999,0.6665558926383055,0.2811553999881791,0.2524143692042519,0.33968008502951486,disgust,07,02,02,female,normal,164
50,1.6683333333333334,True,1.0,0.48394025796926654,0.4761299085328309,0.4800350832510487,1.0234372854389762,-0.04902777777777778,-0.050138888888888955,0.35781102422431,0.42894062698545293,0.1820266136881089,0.469042011739049,0.00781034943643566,0.0011111111111111738,0.0024041218995145127,0.30747610684805937,0.10530892160982931,0.11280513398190495,0.0,0.9999999987499999,0.6649853399719262,0.2830352929271339,0.25974149062840785,0.36665970888781213,disgust,07,02,02,female,normal,164
60,2.0020000000000002,True,1.0,0.4834321737688158,0.4672583775586698,0.4753452756637428,0.8122109027992335,-0.04976851851851838,-0.050185185185185166,0.34838429062259046,0.3601109684443204,0.18267272197487106,0.5852485777099217,0.01617379621014603,0.0004166666666667873,0.0051152795908098354,0.3613216498875303,0.10576601139522089,0.11135481296927706,0.0,0.9999999987499999,0.669498346869998,0.2813317616491246,0.2585511543822149,0.3525556580165246,disgust,07,02,02,female,normal,164
70,2.3356666666666666,True,1.0,0.5269085094723321,0.48336017579914514,0.5051343426357386,0.7010123253798358,-0.04759259259259252,-0.04824074074074064,0.33140580373700185,0.3423255679610861,0.18058259679984479,0.7205784040416653,0.043548333673187,0.0006481481481481199,0.0013113191617934261,0.419214281261459,0.10484331377183492,0.11273213799761858,0.0,0.9999999987499999,0.6696205238970588,0.2817520818926404,0.25011069408588205,0.3419131415284494,disgust,07,02,02,female,normal,164
80,2.6693333333333333,True,1.0,0.4757072546615471,0.45154023941441557,0.46362374703798137,0.8812010779617312,-0.0505092592592592,-0.04967592592592596,0.3699935071805018,0.2643487067572347,0.18197127929757909,0.5261270765922913,0.02416701524713155,0.0008333333333332416,0.0015182439857139062,0.33789642341134335,0.10496425989588531,0.11278857864393564,0.0,0.9999999987499999,0.6668007099558574,0.28442007029985855,0.26142668884184944,0.3690436246508855,disgust,07,02,02,female,normal,164
90,3.003,True,1.0,0.4821054541128683,0.4597143435991652,0.47090989885601675,0.8215703230011294,-0.050185185185185166,-0.048611111111111105,0.3616949668416835,0.29128402360949124,0.18333999159310851,0.5731827035034825,0.022391110513703127,0.001574074074074061,0.0027101734225307788,0.3681818181818173,0.11842979089886131,0.10707906211877807,0.0,0.9999999987499999,0.6071417648074855,0.26574765733704514,0.27794051206935827,0.33496583802468266,disgust,07,02,02,female,normal,164
100,3.336666666666667,True,1.0,0.506428878093503,0.4971632935032528,0.5017960857983779,0.843308404404576,-0.052083333333333315,-0.05134259259259255,0.3555829986102833,0.30118157300163423,0.18541666666666662,0.5950327106637513,0.009265584590250231,0.000740740740740764,0.002868591115344175,0.3620477914810784,0.11796488806029418,0.10759101310731796,0.0,0.9534193911232347,0.607618409895208,0.2635140158054804,0.2766186319595546,0.3305914889921508,disgust,07,02,02,female,normal,164
0,0.0,True,1.0,0.5988497177579082,0.5770060337882232,0.5879278757730657,0.5497238806902998,-0.06125000000000003,-0.060324074074074086,0.3194638340080116,0.25047234122393613,0.1959595185771973,1.069496699024231,0.021843683969684946,0.0009259259259259411,0.0009274396321094982,0.4960520570326284,0.10603418723776682,0.11178331926097272,0.0,0.9999999987499999,0.6717667442445729,0.2829752616141165,0.2476640723091608,0.3400877012312143,disgust,07,02,02,female,normal,165
10,0.33366666666666667,True,1.0,0.5900412313758047,0.5756314807359806,0.5828363560558927,0.5818132209947598,-0.05884259259259261,-0.05657407407407411,0.32532432877722406,0.23431283533852232,0.19807080072715016,1.0017585283802652,0.014409750639824082,0.002268518518518503,0.0010775749454405513,0.4843158830168053,0.1085777103908299,0.10966242761223849,0.0,0.9999999987499999,0.6676399352944304,0.2727753019616461,0.24148556959975714,0.3440512333744592,disgust,07,02,02,female,normal,165
20,0.6673333333333333,True,1.0,0.5508251392914209,0.5518720258550239,0.5513485825732224,0.5871495438913122,-0.05791666666666673,-0.0555092592592592,0.3232648244344829,0.2527696442778984,0.19878044349622465,0.9390258211207655,0.0010468865636030777,0.0024074074074075247,0.001182535529334939,0.48511162751111875,0.10845233481769288,0.11013294780004045,0.0,0.9999999987499999,0.6664680073826407,0.27416602577862653,0.24275232879777156,0.339861231599468,disgust,07,02,02,female,normal,165
30,1.0010000000000001,True,1.0,0.5229264071294265,0.49885780291643,0.5108921050229283,1.0243658596485998,-0.055185185185185226,-0.054259259259259285,0.3470555138271995,0.38413719736822477,0.19315669812580716,0.4987398791269611,0.024068604212996503,0.0009259259259259411,0.004918831299933881,0.29779411764705954,0.10538614778881164,0.11256386245093078,0.0,0.9999999987499999,0.6679226722329556,0.2773263289018908,0.25436753459462447,0.36475775355023277,disgust,07,02,02,female,normal,165
40,1.3346666666666667,True,1.0,0.4607746710979176,0.436332344091731,0.44855350759482426,0.7916950385283589,-0.051620370370370317,-0.050925925925925875,0.3490125473459766,0.3659722347914113,0.18685496707656823,0.5665735993857146,0.024442327006186593,0.000694444444444442,0.010901322374406733,0.4143449093426689,0.1071719524144435,0.1112081102553624,0.0,0.9999999987499999,0.66497080483756,0.2853278338928826,0.26119012957990667,0.35377706479876286,disgust,07,02,02,female,normal,165
50,1.6683333333333334,True,1.0,0.45132020804181067,0.42952194848599956,0.4404210782639051,1.1594528980921786,-0.05023148148148149,-0.05069444444444432,0.3386700144578003,0.4637681159420298,0.18756875367052905,0.3798524968013757,0.021798259555811106,0.0004629629629628318,0.007984830433767081,0.27781232229765535,0.10639423487440533,0.11161151401670757,0.0,0.9999999987499999,0.6662993651601266,0.28365907103629556,0.2650578972276859,0.3659180708662803,disgust,07,02,02,female,normal,165
60,2.0020000000000002,True,1.0,0.41179935717828364,0.40566634487417474,0.4087328510262292,0.9332875986325196,-0.04458333333333331,-0.04601851851851846,0.3536340522176021,0.38378898203961587,0.18405430888416383,0.43794951483885197,0.006133012304108898,0.0014351851851851505,2.8385380110174185e-05,0.3360174329562248,0.11580716783625145,0.1097366704726516,0.0,0.9999999987499999,0.6112155381996548,0.26765773484462274,0.28163082613356466,0.33726139242113073,disgust,07,02,02,female,normal,165
70,2.3356666666666666,True,1.0,0.48485815912624947,0.4766935353001482,0.4807758472131988,0.8081277700341604,-0.04425925925925922,-0.0463425925925926,0.29385574290578925,0.3768614050989731,0.18613734526959486,0.5949255365805285,0.00816462382610128,0.0020833333333333814,0.0020441537907891637,0.3753940029967238,0.10724241331424333,0.11079678723775453,0.0,0.9999999987499999,0.6653567444243322,0.2820426795278667,0.2576626681768543,0.34324694241551645,disgust,07,02,02,female,normal,165
80,2.6693333333333333,True,1.0,0.4417923612056359,0.44291055642362964,0.4423514588146328,0.9876913025438089,-0.0465740740740741,-0.04583333333333334,0.35208673017962483,0.2886989553656211,0.1875036620736129,0.44786408230522246,0.0011181952179937227,0.000740740740740764,0.008085386800848774,0.32018031891628335,0.11816886207359709,0.10754424624434179,0.0,0.9999999987499999,0.6007835728900935,0.2681131086555543,0.2830758806234169,0.33944356510535173,disgust,07,02,02,female,normal,165
90,3.003,True,1.0,0.5027042282535157,0.4626062378718291,0.4826552330626724,0.7920648129232417,-0.04754629629629631,-0.04759259259259263,0.3650657464502572,0.22000606782047033,0.1875036620736129,0.6093633061180387,0.0400979903816866,4.629629629632204e-05,0.0027185211347886115,0.38584036691506024,0.11712262830120242,0.10850728480627272,0.0,0.9999999987499999,0.6035077186577755,0.2684997721020569,0.2728092860395432,0.32377407819985166,disgust,07,02,02,female,normal,165
100,3.336666666666667,True,1.0,0.5038600647537826,0.4923540256573852,0.4981070452055839,0.7690662750186034,-0.04893518518518525,-0.04861111111111105,0.3609719615063862,0.22183306244725853,0.19097382022690002,0.647677659761553,0.011506039096397469,0.00032407407407419875,0.005128865730078937,0.39129490994073074,0.11945432613890235,0.10629399220328474,0.0,0.9999999987499999,0.6037878632546768,0.26929762492967574,0.2761915646571871,0.32355704918683637,disgust,07,02,02,female,normal,165
0,0.0,True,1.0,0.6075074286641071,0.5904992613384038,0.5990033450012555,0.5219276241927885,-0.06125000000000003,-0.05967592592592602,0.3176175459865462,0.2038464873208846,0.19737689858370355,1.1476751128620029,0.017008167325703316,0.0015740740740740056,0.0018938416245287033,0.5096868868843281,0.10522825437523116,0.112542320079572,0.0,0.9999999987499999,0.6717470367990946,0.28094872932494874,0.24240076640092725,0.3342599125406748,disgust,07,02,02,female,normal,166
10,0.33366666666666667,True,1.0,0.5278664892055277,0.5313760303273468,0.5296212597664373,0.5285285285285292,-0.0558333333333334,-0.05421296296296296,0.3301307932979499,0.19219219219219277,0.20016815745708813,1.0020674971717238,0.0035095411218191153,0.0016203703703704386,0.0009145290180651635,0.5284090909090905,0.10813548148388487,0.11009852345672996,0.0,0.9999999987499999,0.6699207477131477,0.27052985176340943,0.24017273861000038,0.34372760748582515,disgust,07,02,02,female,normal,166
20,0.6673333333333333,True,1.0,0.5411559343011313,0.5167490639229596,0.5289524991120454,0.5595949727079965,-0.05504629629629626,-0.054907407407407405,0.3202331445507861,0.22219212151640985,0.1973475194038022,0.9452416924911499,0.024406870378171686,0.0001388888888888551,0.0026839103582449076,0.5302281287447054,0.11818910346091105,0.10857994461305319,0.0,0.9999999987499999,0.6094392286289516,0.2659495919840055,0.2602410689197746,0.30645436834448403,disgust,07,02,02,female,normal,166
30,1.0010000000000001,True,1.0,0.4711283509264727,0.46725837755866845,0.4691933642425706,0.957154470516129,-0.04995370370370378,-0.049907407407407456,0.35009691576069274,0.3570338104306194,0.18757973565010294,0.4901960746101579,0.003869973367804258,4.629629629632204e-05,0.0036596201166289484,0.32182025909429207,0.11392805237914946,0.1115156128165272,0.0,0.9999999987499999,0.6089366234618847,0.2705270764547771,0.2733694367427733,0.33016489966727847,disgust,07,02,02,female,normal,166
40,1.3346666666666667,True,1.0,0.37727356393481143,0.3954382985667045,0.38635593125075796,0.9184555349588975,-0.04226851851851848,-0.04388888888888898,0.36359185921884524,0.28885719162207196,0.18126515292262468,0.4206582861608516,0.018164734631893054,0.0016203703703704941,0.0033973656477991397,0.34512094214629235,0.11686467216825579,0.10896005351840246,0.0,0.9999999987499999,0.6118835447929172,0.271488009715119,0.28168932488763754,0.33386021033075675,disgust,07,02,02,female,normal,166
50,1.6683333333333334,True,1.0,0.34755431621913413,0.36478212891324147,0.3561682225661878,0.970621932811095,-0.042407407407407394,-0.043472222222222245,0.3607460484276169,0.3733161280042671,0.17847393214836946,0.36694845905105483,0.017227812694107336,0.0010648148148148517,0.0006627620436989974,0.3292058311906717,0.11532862873657584,0.11006652722351154,0.0,0.9999999987499999,0.6147337607621174,0.26834511481805134,0.28208349489393814,0.338095348064704,disgust,07,02,02,female,normal,166
60,2.0020000000000002,True,1.0,0.43372127748223055,0.4354890887399196,0.4346051831110751,0.6392984876334645,-0.04402777777777772,-0.04365740740740737,0.3431742494151169,0.2884639517370512,0.18197127929757909,0.6798157535455515,0.0017678112576890448,0.00037037037037035425,0.00710520821965861,0.4939024390243893,0.1040915810428242,0.11342662004941771,0.0,0.9999999987499999,0.6716637380733543,0.2799748160524284,0.25007071214708576,0.3354497171295439,disgust,07,02,02,female,normal,166
70,2.3356666666666666,True,1.0,0.3666832103587303,0.364549732857561,0.36561647160814564,0.9044160004371082,-0.040277777777777746,-0.04120370370370363,0.34234006240065423,0.3820198279760947,0.17708333333333331,0.40425696961513463,0.002133477501169323,0.0009259259259258856,0.0026834996223854407,0.339861266692345,0.11818585064114387,0.10823199786712377,0.0,0.9999999987499999,0.6116175888245924,0.26437831027051173,0.28376966216679245,0.3273324715873823,disgust,07,02,02,female,normal,166
80,2.6693333333333333,True,1.0,0.401600882474808,0.3907557390385163,0.39617831075666216,1.0094161958568741,-0.042175925925925895,-0.04157407407407404,0.35304844382180484,0.37664783427495285,0.17777820693070218,0.3924826175593051,0.010845143436291727,0.0006018518518518534,0.01107931174994501,0.31937879145363673,0.1062656803258015,0.1127523487364715,0.0,0.9999999987499999,0.6647491928959084,0.2794076882490691,0.2658994296368408,0.36801224997697907,disgust,07,02,02,female,normal,166
90,3.003,True,1.0,0.4434268837378438,0.4129685853230243,0.428197734530434,0.8564776366886695,-0.04629629629629628,-0.04509259259259252,0.36552208233824796,0.29033140226734555,0.18753295608809842,0.499952031656005,0.030458298414819507,0.0012037037037037623,0.012339683433938483,0.3638705652828073,0.11594299475581275,0.10976685694272714,0.0,0.9999999987499999,0.6079324139265081,0.2628502160174885,0.2755906831450544,0.3314116395921467,disgust,07,02,02,female,normal,166
100,3.336666666666667,True,1.0,0.4586423877416455,0.45529733143042206,0.45696985958603376,0.5813369763090585,-0.047453703703703776,-0.04726851851851854,0.3638082756345496,0.1962012295043076,0.1896090870785938,0.7860670802111391,0.003345056311223449,0.00018518518518523264,0.010616864473780721,0.5490070048790366,0.11968339227980392,0.1053148547644243,0.0,0.9876230893048458,0.6112848646958784,0.2636178277941254,0.27019428053255445,0.31261811189519734,disgust,07,02,02,female,normal,166
110,3.6703333333333332,True,1.0,0.48797826329752025,0.44558275121189206,0.46678050725470616,0.4889222539089011,-0.04583333333333334,-0.0469444444444444,0.36463902514833657,0.20851096122585552,0.19097861416070602,0.9547131543365573,0.042395512085628195,0.0011111111111110628,0.004055838076916693,0.6478964539918072,0.10680459379742406,0.11087575985864177,0.0,0.9999999987499999,0.6687934016966162,0.2835958901250025,0.2521830515949684,0.3312961517973109,disgust,07,02,02,female,normal,166
0,0.0,True,1.0,0.5758982579107267,0.5776475989186058,0.5767729284146663,0.5325315521670619,-0.058333333333333404,-0.0553703703703704,0.32632438026486305,0.24191925917856105,0.19663993831025836,1.0830774741281908,0.0017493410078791571,0.0029629629629630005,0.011247879228325543,0.5451378605322549,0.10455289827185932,0.11232511318949549,0.0,0.9999999987499999,0.6733591494879201,0.28383841034067536,0.24516167444537323,0.3349241752851362,disgust,07,02,02,female,normal,167
10,0.33366666666666667,True,1.0,0.5664487916505224,0.5323993498734196,0.5494240707619711,0.5536626681000328,-0.05759259259259253,-0.05481481481481487,0.32569356219021683,0.27667991656440455,0.19665351742298964,0.9923444407899,0.034049441777102785,0.002777777777777657,0.0038095549748827654,0.5299381116831213,0.10760200460782937,0.10958171445286476,0.0,0.9999999987499999,0.6719448492365695,0.27279035587193223,0.2422774167798116,0.3438591496215912,disgust,07,02,02,female,normal,167
20,0.6673333333333333,True,1.0,0.571836371561916,0.5516076624548165,0.5617220170083663,0.7400703482910558,-0.0558333333333334,-0.053749999999999964,0.3193818951735381,0.33703785078933934,0.19529521528455354,0.7590116511294837,0.020228709107099507,0.002083333333333437,0.00657939782088576,0.38737896298314767,0.10643112603106725,0.1112343058246524,0.0,0.9999999987499999,0.674637326203919,0.2833393534457048,0.2525870786560796,0.33889153410997425,disgust,07,02,02,female,normal,167
30,1.0010000000000001,True,1.0,0.49668041612189057,0.444413634348967,0.4705470252354288,1.0135219925896395,-0.0503703703703704,-0.049861111111111134,0.33986165873124397,0.4287977660956164,0.18482792506197773,0.46426918081287905,0.05226678177292354,0.0005092592592592649,0.00624915481011677,0.33749999999999986,0.10402642417455492,0.11315012398795218,0.0,0.9999999987499999,0.6738655976922019,0.2856504219074395,0.25868492867567455,0.35714518420174296,disgust,07,02,02,female,normal,167
40,1.3346666666666667,True,1.0,0.4030452593664023,0.4050501995021891,0.4040477294342957,0.9583396017259042,-0.043842592592592544,-0.0431481481481481,0.3441770451857652,0.3323274425339833,0.1784876109678226,0.4216122642815066,0.002004940135786837,0.000694444444444442,0.004633128437499137,0.3447580645161298,0.11822268738478689,0.10677371053400052,0.0,0.9999999987499999,0.6157995309686374,0.2693234808287422,0.28542279369006934,0.33333621336783914,disgust,07,02,02,female,normal,167
50,1.6683333333333334,True,1.0,0.44321017578679645,0.43642045263039214,0.4398153142085943,1.0656472463817679,-0.04666666666666669,-0.04597222222222236,0.3639742075879522,0.3922054203163632,0.18264557246431654,0.41272129750432496,0.006789723156404304,0.000694444444444331,0.0007044760396989212,0.31279894398931024,0.11743271254005813,0.10834760213985034,0.0,0.9999999987499999,0.6080677099277211,0.27055717076867003,0.28937432318771805,0.34730181183009906,disgust,07,02,02,female,normal,167
60,2.0020000000000002,True,1.0,0.42610026033853465,0.4128314373863946,0.41946584886246463,1.009100491967607,-0.044305555555555654,-0.04481481481481486,0.35332865428825283,0.37647696625204247,0.18195953953629374,0.41568292969966153,0.013268822952140047,0.0005092592592592093,0.005027222877993405,0.3109488579263898,0.11522796340538011,0.11034470271863961,0.0,0.9999999987499999,0.6088042610169068,0.26758024690238225,0.2789076660412014,0.3329750190799309,disgust,07,02,02,female,normal,167
70,2.3356666666666666,True,1.0,0.40155213354583136,0.4211678815750619,0.41136000756044666,0.7241817293868199,-0.04393518518518519,-0.04476851851851843,0.32625290774379984,0.35386152685946887,0.18263930661951863,0.5680342252058111,0.01961574802923055,0.0008333333333332416,0.005169234821084346,0.4090909090909085,0.11912989419568104,0.10629962006345611,0.0,0.9999999987499999,0.6131670566273385,0.2612671923693003,0.2737151260624405,0.31174050064954334,disgust,07,02,02,female,normal,167
80,2.6693333333333333,True,1.0,0.42817708270972576,0.44342688373784267,0.4358019832237842,0.9346502356274977,-0.04430555555555549,-0.04388888888888892,0.3415697417985724,0.3660713422874369,0.1840315089457314,0.4662728008956196,0.015249801028116905,0.00041666666666656527,0.010481904124234198,0.33914209575207827,0.11896059815711796,0.10648904639867256,0.0,0.9320049784797481,0.6087000741468462,0.263034698057719,0.28047992525752474,0.3375092809774539,disgust,07,02,02,female,normal,167
90,3.003,True,1.0,0.4571541695602147,0.4414733854153793,0.449313777487797,0.8428732232220678,-0.044999999999999984,-0.04439814814814813,0.3557845355885205,0.3085362404632208,0.18474245908657996,0.5330739725841527,0.015680784144835425,0.0006018518518518534,0.004073005240161289,0.37206176974464844,0.11805258235275552,0.10767187499001195,0.0,0.9999999987499999,0.6069567916385304,0.2613709249852741,0.27442623954291395,0.32907652740426596,disgust,07,02,02,female,normal,167
100,3.336666666666667,True,1.0,0.44951768395436886,0.4340988378829084,0.4418082609186386,0.6263898507238559,-0.04500000000000004,-0.045138888888889006,0.3558575547232262,0.20877789364591443,0.1875036620736129,0.7053247437008839,0.01541884607146049,0.0001388888888889661,0.000368665435219246,0.49606289804144704,0.12099318655312674,0.10472106553703106,0.0,0.9999999987499999,0.6034668818777511,0.26015186633011633,0.2708395100991792,0.31243079018163916,disgust,07,02,02,female,normal,167
110,3.6703333333333332,True,1.0,0.4419880373334286,0.42627482619845763,0.43413143176594315,0.662599460603595,-0.04606481481481478,-0.046296296296296335,0.352220171684704,0.22588617975122474,0.18889050451846834,0.6551943633797576,0.015713211134970984,0.00023148148148155467,0.010165091824275267,0.4607880982486446,0.12066179628689933,0.10473956168127227,0.0,0.9999999987499999,0.6082707245241847,0.26055388729559753,0.2739432943396509,0.31789628082453153,disgust,07,02,02,female,normal,167
0,0.0,True,1.0,0.5773289522910612,0.5708255423871192,0.5740772473390903,0.5286053042789648,-0.05532407407407408,-0.053842592592592664,0.328112030406127,0.20820820820820884,0.19245032954841063,1.0860224872736581,0.006503409903941937,0.001481481481481417,0.00508511370009015,0.5462163026642964,0.10666091217203641,0.11084223584642953,0.0,0.9999999987499999,0.6722292633537791,0.2810108240502656,0.24571092802081146,0.33528438241223696,disgust,07,02,02,female,strong,168
10,0.33366666666666667,True,1.0,0.5897064431007559,0.5570826940179099,0.5733945685593329,0.5554855819353336,-0.05796296296296305,-0.056157407407407434,0.3340695491380223,0.23012974108749557,0.19251969308138647,1.0322402366621357,0.03262374908284604,0.0018055555555556158,0.004064308172295517,0.5142857142857142,0.10566545540847516,0.11162105096608058,0.0,0.9999999987499999,0.6701633223054846,0.28057018552247714,0.24336532899242624,0.333553455376747,disgust,07,02,02,female,strong,168
20,0.6673333333333333,True,1.0,0.460510890069412,0.42850079005216324,0.44450584006078764,0.8648620455013722,-0.060185185185185286,-0.05777777777777782,0.3322268931442598,0.3302200537368874,0.19313299758825966,0.5139615530279186,0.032010100017248744,0.002407407407407469,0.005928447456875091,0.35841600846497734,0.11593710330542951,0.10994650035834276,0.0,0.9986183778289507,0.6111439865477442,0.2661255255152502,0.2707632038190503,0.3318909651132013,disgust,07,02,02,female,strong,168
30,1.0010000000000001,True,1.0,0.49823406168405526,0.4677849423616056,0.48300950202283044,1.0483120391367122,-0.05444444444444446,-0.052453703703703725,0.3458065755867208,0.4329984509477722,0.18828563725134143,0.46074974243412303,0.030449119322449647,0.0019907407407407374,0.005544939785081411,0.31012143517961777,0.10535505932349977,0.11259296048241127,0.0,0.9999999987499999,0.6725283376866372,0.2826222532774357,0.2614748128070795,0.36291217319849073,disgust,07,02,02,female,strong,168
40,1.3346666666666667,True,1.0,0.4113197252104503,0.3968253968253966,0.40407256101792344,0.8962979196790304,-0.04879629629629628,-0.047361111111111076,0.3546597600385029,0.41078516150056527,0.18266562172332232,0.4508239416226964,0.014494328385053712,0.001435185185185206,0.009968736761834312,0.3562343455143265,0.11671836612046321,0.1089420209405183,0.0,0.9999999987499999,0.6137312458967963,0.2663102445033805,0.2808444497283443,0.33634328455907747,disgust,07,02,02,female,strong,168
50,1.6683333333333334,True,1.0,0.39643001180854937,0.39865525787763323,0.39754263484309127,0.8965112403242331,-0.045648148148148215,-0.04578703703703696,0.3421830783555899,0.4096128942860721,0.18402819235573065,0.44343296208903704,0.002225246069083864,0.00013888888888874407,0.005741426036624493,0.35883620689655227,0.11593407815876673,0.11064063528072417,0.0,0.9999999987499999,0.6070345358065101,0.2685096173039014,0.283212550557006,0.32965580586132553,disgust,07,02,02,female,strong,168
60,2.0020000000000002,True,1.0,0.40444919906168664,0.39683462869035774,0.4006419138760222,1.2047262920065356,-0.045879629629629604,-0.04685185185185181,0.3543889469329934,0.4517723595024507,0.18125168372062783,0.3325584545919819,0.007614570371328899,0.0009722222222222077,0.009929685956477956,0.2745035024395181,0.11675181751951011,0.10942973026058606,0.0,0.9999999987499999,0.605629289848752,0.27190632524194247,0.28908310249992164,0.34292580257766936,disgust,07,02,02,female,strong,168
70,2.3356666666666666,True,1.0,0.3942266820892122,0.37955658949225424,0.3868916357907332,0.8566726561750165,-0.04254629629629625,-0.04388888888888892,0.34584262731181514,0.3212360409432708,0.18195492727998097,0.45162132000124444,0.014670092596957951,0.001342592592592673,0.008988123655017503,0.36202952848421827,0.10501209477784276,0.11324986146091823,0.0,0.9999999987499999,0.6684369452468487,0.28335734009524954,0.2609231015961658,0.3522871716706094,disgust,07,02,02,female,strong,168
80,2.6693333333333333,True,1.0,0.41874038987979434,0.3946842848210566,0.40671233735042545,0.7434343434343433,-0.04486111111111113,-0.043657407407407534,0.33232149080217427,0.2909090909090912,0.1854429990664996,0.5470723015990778,0.02405610505873773,0.0012037037037035958,0.006913477899816099,0.4035326086956519,0.1161969067330515,0.10984547180978929,0.0,0.9999999987499999,0.6065099494328982,0.2658604215468043,0.27543776268842046,0.31313084370741623,disgust,07,02,02,female,strong,168
90,3.003,True,1.0,0.47159529792593885,0.4706346710946661,0.4711149845103025,0.9087661152270671,-0.048518518518518516,-0.045879629629629715,0.3660421733632894,0.2309159800986804,0.18835653446589817,0.5184116975934873,0.0009606268312727373,0.002638888888888802,0.014820040686248223,0.33358238926433864,0.110993039503192,0.10880463194903854,0.0,0.9999999987499999,0.6293069047384579,0.27151027939716077,0.26848641814303725,0.34387786056529474,disgust,07,02,02,female,strong,168
100,3.336666666666667,True,1.0,0.4346048928500255,0.432823383066565,0.4337141379582953,0.6926316824023891,-0.04662037037037037,-0.04476851851851854,0.36558118564092557,0.1694615735391262,0.18773422869844486,0.6261829323977214,0.0017815097834605331,0.0018518518518518268,0.014598378391203605,0.43552234403809864,0.11635096578147336,0.10915992731076689,0.0,0.9999999987499999,0.6112844013230292,0.2668892472967813,0.27603286954434203,0.3274828578311197,disgust,07,02,02,female,strong,168
110,3.6703333333333332,True,1.0,0.45807725553249407,0.4534623566085325,0.4557698060705133,0.6788558079290927,-0.048703703703703694,-0.0461111111111111,0.3615957448527683,0.19183621228155373,0.1890669289046729,0.6713794015563891,0.004614898923961552,0.002592592592592591,0.0028358991819003097,0.4449888206155256,0.11593859711335917,0.10994492513558266,0.0,0.9999999987499999,0.6055149645873975,0.26730961497263167,0.26863619503928954,0.3158396620694122,disgust,07,02,02,female,strong,168
120,4.0040000000000004,True,1.0,0.4808925116123677,0.47631960665054723,0.4786060591314575,0.7211702343827713,-0.04791666666666666,-0.0461111111111111,0.35200815537317703,0.21783855103037952,0.19172397807097866,0.6636519871637278,0.004572904961820445,0.0018055555555555602,0.0017742057162784047,0.423898513888298,0.11851638788438311,0.10680497540729483,0.0,0.9999999987499999,0.6060234456673294,0.2681507152221165,0.2763137269558097,0.3137322937890383,disgust,07,02,02,female,strong,168
0,0.0,True,1.0,0.5393067563180982,0.525313995400878,0.532310375859488,0.5078725320551624,-0.05356481481481484,-0.051944444444444515,0.3391218947449181,0.23012974108749557,0.19376929402420967,1.0481180655812103,0.013992760917220237,0.0016203703703703276,0.008182220206421016,0.5976562500000001,0.10520610301319334,0.11171354205726813,0.0,0.9999999987499999,0.6705497090242347,0.273868459548634,0.23906486264242863,0.3361839781196376,disgust,07,02,02,female,strong,169
10,0.33366666666666667,True,1.0,0.5622053181754395,0.5237905167593218,0.5429979174673807,0.5171840722982173,-0.0553703703703704,-0.05328703703703708,0.33229300650245186,0.23431283533852232,0.19585826525690575,1.0499122972879928,0.03841480141611775,0.002083333333333326,0.0029853526823150484,0.5632803693771823,0.10572737433455395,0.1112203304567183,0.0,0.9999999987499999,0.6718903275450805,0.2738038238629721,0.23773998033818827,0.33755993309829363,disgust,07,02,02,female,strong,169
20,0.6673333333333333,True,1.0,0.5493584409029435,0.5541079447326354,0.5517331928177894,0.5599869252636872,-0.05546296296296299,-0.05513888888888896,0.3337131250570082,0.24796218864912709,0.19028780153576588,0.9852608479349563,0.004749503829691859,0.0003240740740740322,0.002830246383266815,0.5173837658985588,0.11852530701573957,0.1064376844483252,0.0,0.9999999987499999,0.6189793533507153,0.2622006119833545,0.2637470035709179,0.31551509372369374,disgust,07,02,02,female,strong,169
30,1.0010000000000001,True,1.0,0.5387187399659852,0.49822139944626476,0.518470069706125,1.1830156820695308,-0.05226851851851855,-0.05175925925925934,0.3469957108263814,0.45136443037959506,0.18614431309646015,0.43826136674632205,0.040497340519720426,0.0005092592592592093,0.005157078672200461,0.2667428344164176,0.11367046832292485,0.1121185334678108,0.0,0.9999999987499999,0.6148516869951104,0.2691288725268839,0.2771361195428639,0.343646015308034,disgust,07,02,02,female,strong,169
40,1.3346666666666667,True,1.0,0.43739588112588823,0.42039860655318984,0.42889724383953903,0.9875240166017466,-0.04819444444444432,-0.04592592592592587,0.34702724026950227,0.44745453795743567,0.1791670924928321,0.4343157600515419,0.016997274572698395,0.0022685185185184475,0.00013221900832633722,0.32555789743230706,0.1144137106769576,0.11084553163041587,0.0,0.9999999987499999,0.6171075799069627,0.2690391798007432,0.28302073423326823,0.35028400817271355,disgust,07,02,02,female,strong,169
50,1.6683333333333334,True,1.0,0.3874958300436698,0.3874958300436698,0.3874958300436698,1.00153837744611,-0.04351851851851857,-0.04490740740740734,0.3335074197655079,0.48459540039557514,0.17916836996525629,0.3869006308393009,0.0,0.001388888888888773,0.0021267997280760716,0.3179366002437202,0.11588798337374852,0.10912882495310708,0.0,0.9999999987499999,0.6158042910523585,0.2702681022649638,0.29004865634154964,0.3529769891724639,disgust,07,02,02,female,strong,169
60,2.0020000000000002,True,1.0,0.4275871550975453,0.4280818178562106,0.42783448647687794,1.0426909778587101,-0.04342592592592587,-0.04402777777777789,0.35968350083336553,0.3852911100006882,0.18058259679984479,0.4103176257988603,0.0004946627586652763,0.00060185185185202,0.002016449928340931,0.31109435411716196,0.11264646300432135,0.11230225087085383,0.0,0.9999999987499999,0.6106634650657138,0.2715177309957985,0.2827477922775501,0.35152902035234124,disgust,07,02,02,female,strong,169
70,2.3356666666666666,True,1.0,0.46010731107881303,0.45059493832290864,0.4553511247008608,0.8581174797831015,-0.045787037037037015,-0.043333333333333335,0.362074673351957,0.3105662874261613,0.18270947180724795,0.5306396098771414,0.009512372755904386,0.00245370370370368,0.014168351411066349,0.3590982176380043,0.10504671393490206,0.11321775064916734,0.0,0.9999999987499999,0.6656531169499048,0.283758694883252,0.2620955170992297,0.3591261033027889,disgust,07,02,02,female,strong,169
80,2.6693333333333333,True,1.0,0.4201955204534852,0.4026832582793274,0.4114393893664063,0.7882599580712786,-0.04236111111111113,-0.041805555555555485,0.31911245037076225,0.33542976939203367,0.18488735635236406,0.521959012573872,0.0175122621741578,0.0005555555555556424,0.0024578031446444953,0.39551950025153226,0.1068207336904953,0.11086021033142753,0.0,0.9999999987499999,0.6630140726056046,0.28090687322921054,0.25848741170506584,0.34311182153924447,disgust,07,02,02,female,strong,169
90,3.003,True,1.0,0.38127957968864884,0.36161556444339726,0.3714475720660231,0.9235161957038062,-0.0430092592592593,-0.04305555555555557,0.374347859478589,0.23087013201407947,0.18282301549403876,0.40221013317795157,0.019664015245251576,4.6296296296266526e-05,0.006904470074666777,0.3354302220271745,0.11513642827404078,0.10974800254510506,0.0,0.9999999987499999,0.6132737257090336,0.26855462742962544,0.2858224659455111,0.34726772925772115,disgust,07,02,02,female,strong,169
100,3.336666666666667,True,1.0,0.42030203164957414,0.4104372316288611,0.4153696316392176,0.7552808233893288,-0.04180555555555571,-0.042407407407407394,0.38251646281673524,0.13286626992790948,0.18761755754830256,0.5499538963206334,0.00986480002071305,0.0006018518518516869,0.0025775271958098198,0.3962447812129669,0.11524541659245445,0.11015365166514406,0.0,0.9999999987499999,0.6094230209583833,0.2675703957229051,0.2760196475134891,0.33266625681528145,disgust,07,02,02,female,strong,169
110,3.6703333333333332,True,1.0,0.3969790473604993,0.3942372931021002,0.3956081702312998,0.7776347539329024,-0.04162037037037042,-0.04319444444444448,0.3853374795669487,0.13883533620176589,0.188214307974696,0.5087326257352878,0.0027417542583991206,0.001574074074074061,0.008814131190929745,0.3932863510799269,0.11812024323319376,0.10742043127394446,0.0,0.9999999987499999,0.6090084737723214,0.26706932825838203,0.2813683270517632,0.3304478046527374,disgust,07,02,02,female,strong,169
120,4.0040000000000004,True,1.0,0.36528279003913283,0.37779874324670715,0.37154076664292,0.7360815756868075,-0.04287037037037039,-0.043564814814814834,0.38544122866049635,0.14581926965295555,0.1909722222222222,0.5047548789633141,0.012515953207574315,0.000694444444444442,0.010015904470438021,0.41389178457460224,0.11479107035104594,0.11097094702442467,0.0,0.9999999987499999,0.609160353149072,0.2685529385629321,0.2735720029590731,0.32565602539350486,disgust,07,02,02,female,strong,169
0,0.0,True,1.0,0.548010842865495,0.5326600507061575,0.5403354467858262,0.5707701644984782,-0.05810185185185179,-0.05564814814814811,0.32319746672717387,0.23646192529222745,0.1980280405519255,0.94667780552371,0.015350792159337434,0.00245370370370368,0.00417782908693063,0.5303571428571442,0.10587102391430737,0.11244730973067824,0.0,0.9999999987499999,0.6715170292023059,0.2708966289369232,0.23732508624833387,0.34208776159944587,disgust,07,02,02,female,strong,170
10,0.33366666666666667,True,1.0,0.5243462154876178,0.5091513446748629,0.5167487800812404,0.5707701644984785,-0.05495370370370373,-0.05435185185185187,0.32601684946624954,0.2364619252922276,0.19874973631505974,0.9053535244528673,0.015194870812754946,0.0006018518518518534,0.00559239817053115,0.5303571428571431,0.10795193337960393,0.11113895374919558,0.0,0.9999999987499999,0.6708686757749974,0.27122242343901454,0.23749402246019669,0.33938601585924205,disgust,07,02,02,female,strong,170
20,0.6673333333333333,True,1.0,0.5046954649714881,0.5107536625619485,0.5077245637667183,0.5762060872008062,-0.05231481481481487,-0.052546296296296424,0.3241580655948621,0.23045267489711857,0.1945715304248572,0.881150989280989,0.006058197590460446,0.00023148148148155467,0.0005643749078026595,0.5302886629329726,0.10844029377062912,0.11014480380688406,0.0,0.9999999987499999,0.6698624732158489,0.2715473052920653,0.23943487240873193,0.33861203579267707,disgust,07,02,02,female,strong,170
30,1.0010000000000001,True,1.0,0.48031571083303887,0.4517043363728517,0.4660100236029453,0.9534108472395026,-0.04662037037037042,-0.046712962962962845,0.3292164823416871,0.41206740007808973,0.18478168750979101,0.4887819610530199,0.02861137446018719,9.259259259242203e-05,0.0005614683935634185,0.32415254237288105,0.11489138701569404,0.11138142550886121,0.0,0.9999999987499999,0.6070087758619073,0.2715686868425759,0.2735793215083661,0.32856668022343527,disgust,07,02,02,female,strong,170
40,1.3346666666666667,True,1.0,0.4085479913719194,0.3895016688772868,0.3990248301246031,0.8814475675862706,-0.04439814814814813,-0.043194444444444424,0.362063323967214,0.30116125225864243,0.18476351959133744,0.4526926442343935,0.01904632249463256,0.0012037037037037068,0.006360525804368679,0.3566396504565609,0.11652000388297669,0.11054167174166532,0.0,0.9999999987499999,0.6033222534951481,0.27215183906568535,0.2815082818128589,0.3290845322662758,disgust,07,02,02,female,strong,170
50,1.6683333333333334,True,1.0,0.4117993571782821,0.3811786485286595,0.3964890028534708,0.8651984324037127,-0.04365740740740737,-0.043564814814814834,0.35375974320990133,0.34152569700146584,0.18195115352876315,0.4582636629980207,0.030620708649622574,9.259259259253305e-05,0.005921878171333688,0.35569607584106,0.1182928344175588,0.10951574115039635,0.0,0.9999999987499999,0.6058088905093286,0.26945748019360877,0.2878681530999963,0.33346290669681106,disgust,07,02,02,female,strong,170
60,2.0020000000000002,True,1.0,0.41863157621628494,0.3946409833953253,0.4066362798058051,0.765523327527894,-0.041157407407407365,-0.04018518518518521,0.3528736326578255,0.3291542022066462,0.18264264843016134,0.5311873135453056,0.023990592820959666,0.0009722222222221522,0.00963901571993671,0.3957514881556225,0.11571124089272564,0.11087366407334338,0.0,0.9999999987499999,0.6106768711625274,0.26597337419576683,0.28442608140618847,0.32211207623509275,disgust,07,02,02,female,strong,170
70,2.3356666666666666,True,1.0,0.35902136480675273,0.35660177984605157,0.35781157232640215,0.8163133414943438,-0.04300925925925936,-0.04356481481481489,0.3850954164691582,0.28852454311438,0.1806066769993317,0.438326257992295,0.00241958496070116,0.0005555555555555314,0.006098863096914463,0.3883139872260414,0.11303579290037358,0.11036754583473077,0.0,0.9999999987499999,0.622126689496111,0.27173271049948616,0.2771371022043489,0.3393142347587903,disgust,07,02,02,female,strong,170
80,2.6693333333333333,True,1.0,0.443334014209847,0.44267677808399597,0.44300539614692147,0.7727209261999484,-0.04328703703703701,-0.042314814814814916,0.3326927281362339,0.33703785078933934,0.18063835658170116,0.5733058095443502,0.0006572361258510573,0.0009722222222220966,0.007124265981356985,0.394946808510638,0.1139426439100036,0.10749891221085774,0.0,0.9969581195402115,0.6274773887054821,0.2663498938183114,0.26034471821041605,0.31165880695968956,disgust,07,02,02,female,strong,170
90,3.003,True,1.0,0.43503122845737435,0.42695828030015426,0.43099475437876433,0.8769171330649548,-0.04259259259259257,-0.04115740740740742,0.37198242010657084,0.25576749714394564,0.18070803211393494,0.491488577572175,0.008072948157220095,0.0014351851851851505,0.01324466003543461,0.34847292109446826,0.10971754624991854,0.10974404267002844,0.0,0.9999999987499999,0.6281795745798319,0.27043425387789616,0.25736831892876766,0.33615216314918295,disgust,07,02,02,female,strong,170
100,3.336666666666667,True,1.0,0.4674345857744726,0.42474152025715395,0.4460880530158133,0.7621864362267065,-0.04504629629629625,-0.04277777777777786,0.37902393333587936,0.22289102751729375,0.18494058066540367,0.5852741951486629,0.04269306551731866,0.002268518518518392,0.006051953506294251,0.39672491411599387,0.11559625306744666,0.10978542388592363,0.0,0.9999999987499999,0.6133288968243547,0.26559168059506416,0.2675279590972515,0.3295166594855363,disgust,07,02,02,female,strong,170
110,3.6703333333333332,True,1.0,0.41389415910729116,0.4192937681770305,0.41659396364216084,0.7395629686759391,-0.04393518518518513,-0.043055555555555625,0.3802401945899772,0.2346141189886943,0.1876626898353799,0.5632974895809089,0.005399609069739353,0.0008796296296295081,0.011306045569493184,0.4257018860622655,0.11615249947144794,0.10761502850401099,0.0,0.9999999987499999,0.6157730682429221,0.2678487673651122,0.2638762880811403,0.32204284453321164,disgust,07,02,02,female,strong,170
0,0.0,True,1.0,0.5280040982257107,0.522107361699,0.5250557299623553,0.5506391347099319,-0.050185185185185166,-0.051574074074074105,0.3392958252738088,0.23598820058997097,0.19237538884161803,0.9535387095923475,0.005896736526710744,0.0013888888888889395,0.011335386495206884,0.5464285714285706,0.11476229492238522,0.11031201561950059,0.0,0.9999999987499999,0.6091440687525009,0.2684758428082964,0.25375095138684717,0.30081013582621907,disgust,07,02,02,female,strong,171
10,0.33366666666666667,True,1.0,0.5341754865952147,0.49235402565738534,0.5132647561263001,0.5554855819353336,-0.049120370370370425,-0.04972222222222222,0.3373145262598312,0.23012974108749557,0.19029221182200778,0.9239929402633017,0.0418214609378294,0.0006018518518517979,0.011497064740358968,0.5471750270289019,0.11727006135371106,0.10817194497128128,0.0,0.9999999987499999,0.6084959533188274,0.26712214923536903,0.2577243517374706,0.30149451177551023,disgust,07,02,02,female,strong,171
20,0.6673333333333333,True,1.0,0.4894289789657486,0.47845904849995147,0.48394401373285,0.5283343247696118,-0.05050925925925931,-0.05064814814814811,0.3365166230653792,0.24011708562582404,0.18958494304490606,0.9159806415074037,0.01096993046579714,0.00013888888888879958,0.005797099008928971,0.5632338347187898,0.11803815232741705,0.10679943689649986,0.0,0.9999999987499999,0.611446486110069,0.26794509645621756,0.25865647671087233,0.30198763326906425,disgust,07,02,02,female,strong,171
30,1.0010000000000001,True,1.0,0.23069911281937172,0.2583657530918172,0.24453243295559446,1.093030585753955,-0.054305555555555496,-0.053888888888888875,0.3499806865690297,0.3540358901527124,0.18472387429425177,0.22371966177590527,0.027666640272445475,0.0004166666666666208,0.0012809138002486764,0.2934351407686231,0.11220988882698539,0.11307594758686362,0.0,0.9999999987499999,0.6095608790234844,0.2748621499993483,0.2739166240792202,0.33688929718679383,disgust,07,02,02,female,strong,171
40,1.3346666666666667,True,1.0,0.3960615522137051,0.37944457696368783,0.38775306458869646,0.9105691056910569,-0.043333333333333335,-0.043842592592592655,0.3738547243792847,0.23125564588979247,0.18333374948165368,0.4258359548608006,0.016616975250017263,0.0005092592592593204,0.0013665640460819692,0.34821428571428614,0.11461359049150066,0.1109827096588411,0.0,0.9999999987499999,0.6071431254923845,0.27315605645991375,0.2823892656041218,0.3333665315795387,disgust,07,02,02,female,strong,171
50,1.6683333333333334,True,1.0,0.4247415202571546,0.39524609240168695,0.4099938063294208,0.9318387719578144,-0.04388888888888892,-0.043611111111111156,0.37574712276920386,0.2652057201635654,0.18402943608398534,0.4399836309322207,0.02949542785546766,0.0002777777777777657,0.003738184898316707,0.3374873631820289,0.116604721197963,0.10888882386663358,0.0,0.9999999987499999,0.6088048993425494,0.27347852930815014,0.29120539651738747,0.34275357108119975,disgust,07,02,02,female,strong,171
60,2.0020000000000002,True,1.0,0.3960615522137075,0.38691435099320437,0.39148795160345595,0.9219310438254821,-0.04277777777777775,-0.04254629629629625,0.3881195513386114,0.300227903603225,0.18611766999740342,0.42463908144258466,0.00914720122050311,0.00023148148148149916,0.0006222533724640927,0.34214142625140825,0.11280060141305936,0.11316213670619374,0.0,0.9999999987499999,0.6127187522509003,0.26767165421734707,0.28183169163804783,0.35158055932003834,disgust,07,02,02,female,strong,171
70,2.3356666666666666,True,1.0,0.3970958003348666,0.3789416839702215,0.38801874215254406,0.8209275705132096,-0.04083333333333333,-0.04125000000000001,0.3775585472974678,0.2447903738078215,0.1813106040921214,0.4726589239900555,0.01815411636464509,0.0004166666666666763,0.007138858375816685,0.3765646166363844,0.11419274669015109,0.11141567920106053,0.0,0.9999999987499999,0.6102888377460359,0.2715484727326533,0.2845631814397976,0.3359628231119597,disgust,07,02,02,female,strong,171
80,2.6693333333333333,True,1.0,0.3802760370623947,0.3874958300436698,0.38388593355303224,0.7009523534441309,-0.042453703703703716,-0.043055555555555625,0.33759477230135426,0.2608194803513048,0.18057625937153515,0.5476633777842501,0.007219792981275064,0.0006018518518519089,0.007546931769257733,0.4453750220002703,0.11694848212654496,0.10816783996123662,0.0,0.9999999987499999,0.6128558299804296,0.26412180937449836,0.2743360895785455,0.3138266487394856,disgust,07,02,02,female,strong,171
90,3.003,True,1.0,0.3772735639348115,0.37895366233774824,0.3781136131362799,0.9463083491564164,-0.0408796296296296,-0.041666666666666685,0.37923807085317457,0.18197556097660292,0.17920115530761813,0.3995670264067184,0.0016800984029367583,0.000787037037037086,0.005697505211014832,0.320549692384774,0.11287971056399533,0.1118976683103434,0.0,0.9999999987499999,0.6133186418864421,0.2672965756178733,0.2763052146054751,0.3418178987791774,disgust,07,02,02,female,strong,171
100,3.336666666666667,True,1.0,0.44198803733342856,0.43398665123497526,0.43798734428420194,0.8302162552230049,-0.0438425925925926,-0.042222222222222106,0.38098738858256703,0.1717608029662167,0.1847920093949727,0.5275581410611551,0.0080013860984533,0.0016203703703704941,0.00386458084837916,0.3689202201633319,0.11492982575157976,0.11031030879290855,0.0,0.9999999987499999,0.6111280224902461,0.2656329771530785,0.2715586560463273,0.3319681297867685,disgust,07,02,02,female,strong,171
110,3.6703333333333332,True,1.0,0.44769879702923343,0.4099247100180749,0.4288117535236542,0.8021257901123919,-0.042962962962963036,-0.04296296296296298,0.3806971197095944,0.16472226046950858,0.18544999298171572,0.5345941482115544,0.03777408701115853,5.551115123125783e-17,0.0014434648397426157,0.38336363128010104,0.11745789469133214,0.10779135399473996,0.0,0.9999999987499999,0.6073888305478441,0.26664751083306254,0.27292964113701657,0.3236662249426603,disgust,07,02,02,female,strong,171
120,4.0040000000000004,True,1.0,0.4032792410186982,0.4015144394244882,0.4023968402215932,0.7577052378985206,-0.04333333333333339,-0.04421296296296301,0.37425060069801364,0.18213002660411345,0.18265392658968602,0.5310730612574783,0.001764801594209997,0.0008796296296296191,0.0008382149225082601,0.40067867688863895,0.11339684576405659,0.11137357227434488,0.0,0.9999999987499999,0.6133632748177397,0.26786337858424775,0.2648415074161861,0.3266975453764878,disgust,07,02,02,female,strong,171
0,0.0,True,1.0,0.6101653395732951,0.6118773025557157,0.6110213210645055,0.545742611394421,-0.06467592592592586,-0.05958333333333332,0.33542128068074406,0.2105007215378484,0.19047174398086422,1.1196144634982625,0.0017119629824206006,0.0050925925925925375,0.010716559154571736,0.5142857142857131,0.10540925212532744,0.11135091022932815,0.0,0.9999999987499999,0.6752741275807197,0.28079232845456104,0.2482507114663043,0.3392479897817332,surprised,08,02,02,female,normal,172
10,0.33366666666666667,True,1.0,0.6351020647013045,0.6264375835826798,0.6307698241419921,0.5504378289784553,-0.06499999999999995,-0.059537037037037,0.3305331597409606,0.22014670249125867,0.193923577111618,1.1459419955067824,0.008664481118624723,0.005462962962962947,0.009475626086396734,0.48208060266633807,0.10506394337607296,0.11133505984098035,0.0,0.9999999987499999,0.6770202030499699,0.28037885835503584,0.2484868326232489,0.3401857606597856,surprised,08,02,02,female,normal,172
20,0.6673333333333333,True,1.0,0.3912515600265405,0.38835694133952414,0.3898042506830323,1.3334448031089636,-0.08231481481481495,-0.07888888888888901,0.3375401830406384,0.536398467432951,0.20018454620440232,0.2923287486472577,0.002894618687016348,0.0034259259259259434,0.008005721608757788,0.2133442328901884,0.10307583921899839,0.11401674813010708,0.0,0.9999999987499999,0.670725926792592,0.2840352146901035,0.2599072667287087,0.3555118026471679,surprised,08,02,02,female,normal,172
30,1.0010000000000001,True,1.0,0.6514308537375092,0.6411035221855204,0.6462671879615147,0.8406105273814445,-0.07675925925925925,-0.07560185185185198,0.37033363974706063,0.3238279928755408,0.20925577486501223,0.7688069170090914,0.010327331551988839,0.0011574074074072738,0.000282561516864065,0.31393953709934136,0.10596299600404797,0.11168034230930532,0.0,0.9999999987499999,0.6733380179181047,0.27941143461720536,0.272068010253255,0.37122905926890404,surprised,08,02,02,female,normal,172
40,1.3346666666666667,True,1.0,0.5342169662389211,0.5182910606938894,0.5262540134664053,1.0394188748236164,-0.07662037037037023,-0.0725925925925926,0.30474873868000085,0.43581359537505704,0.20568950057858745,0.5062963798456207,0.015925905545031704,0.00402777777777763,0.010880914580322929,0.2635553677586999,0.10566539672744414,0.11230176850705512,0.0,0.9999999987499999,0.6691471174407264,0.2807871110744711,0.2659801659057526,0.3548046072739612,surprised,08,02,02,female,normal,172
50,1.6683333333333334,True,1.0,0.6363286996937088,0.630771707126511,0.6335502034101099,0.8594488905149144,-0.0681018518518518,-0.0652314814814815,0.36288624643482603,0.33808633395454274,0.1994907441822079,0.7371586727286789,0.005556992567197772,0.002870370370370301,0.007824297321863875,0.30425154049742686,0.10616621422120999,0.11199867044349372,0.0,0.9999999987499999,0.6693286122808498,0.2799385073924922,0.2634241444315604,0.3626110321719239,surprised,08,02,02,female,normal,172
60,2.0020000000000002,True,1.0,0.5352011879914336,0.5036291195764747,0.5194151537839542,0.828574539860878,-0.06412037037037044,-0.06106481481481485,0.341415694498049,0.2937519744580547,0.19673303340418521,0.6268780040853859,0.031572068414958854,0.003055555555555589,0.004872317383095089,0.3068021369296942,0.10631081254999268,0.1115202692917369,0.0,0.9999999987499999,0.6708979705319629,0.282308726887916,0.2638693342322137,0.356576631284848,surprised,08,02,02,female,normal,172
70,2.3356666666666666,True,1.0,0.5930126869031395,0.5629629629629633,0.5779878249330515,1.0342483209628421,-0.0658333333333333,-0.06120370370370365,0.3204307261091433,0.37974838830725927,0.19876470665850138,0.5588482119989993,0.030049723940176132,0.00462962962962965,0.012884810334255627,0.2812391376828013,0.10491973596366326,0.11215254140299098,0.0,0.9999999987499999,0.6710668328268808,0.28076172546589095,0.25811117413993195,0.35420240190036495,surprised,08,02,02,female,normal,172
80,2.6693333333333333,True,1.0,0.6277239322710864,0.6012760092330899,0.6144999707520882,0.8254451155364066,-0.06884259259259268,-0.062222222222222234,0.3271275824696248,0.3174603174603175,0.19873553263911467,0.7444467950516153,0.02644792303799648,0.006620370370370443,0.00344328865063402,0.33531692062390783,0.10570495167278549,0.11175425998493067,0.0,0.9999999987499999,0.6710197993728741,0.27746146450559883,0.25559086708501555,0.35749249426449903,surprised,08,02,02,female,normal,172
90,3.003,True,1.0,0.6153571684160857,0.5917624922154596,0.6035598303157726,0.7357478038400668,-0.06601851851851853,-0.06018518518518512,0.34154744252202063,0.26816774245853536,0.19808659269170656,0.8203352115570454,0.023594676200626052,0.0058333333333334125,0.005534891247553232,0.37489704558779735,0.10671900365038188,0.1102691881284136,0.0,0.9999999987499999,0.6685568545152436,0.2779608459986924,0.2538399048133572,0.3508104921743074,surprised,08,02,02,female,normal,172
100,3.336666666666667,True,1.0,0.6099056027662736,0.6102592677052007,0.6100824352357371,0.7014681116242559,-0.06375000000000003,-0.05828703703703708,0.33687874977691656,0.2182174760420147,0.19947429843234002,0.8697222655254928,0.0003536649389270785,0.005462962962962947,0.004313003094539824,0.39996875366163204,0.10547573738316289,0.11128793495390156,0.0,0.9999999987499999,0.6698646726503101,0.27777077197379724,0.24819360893344114,0.342692195582051,surprised,08,02,02,female,normal,172
0,0.0,True,1.0,0.6305936057618947,0.5904992613384049,0.6105464335501498,0.5606329497088927,-0.06125000000000003,-0.057083333333333264,0.32871886681380064,0.17617617617617565,0.19607667346241126,1.0890305927740684,0.0400943444234898,0.004166666666666763,0.004502825763181055,0.4989684303504959,0.10399619321764582,0.1123330741305934,0.0,0.9999999987499999,0.6728370950958507,0.2838330276707416,0.24486031623243296,0.3388129309990813,surprised,08,02,02,female,normal,173
10,0.33366666666666667,True,1.0,0.5972962761649661,0.5907563217518846,0.5940262989584253,0.5555573157157946,-0.060555555555555585,-0.057083333333333264,0.33182786770920913,0.18251669120732292,0.19879694664620132,1.0692439504519282,0.006539954413081417,0.003472222222222321,0.004453956081692439,0.49814995608854956,0.11935567250989955,0.10622555391214586,0.0,0.9999999987499999,0.6124372163083983,0.2664939425020288,0.26552998592984256,0.31818881686626505,surprised,08,02,02,female,normal,173
20,0.6673333333333333,True,1.0,0.643358142840598,0.6114447583455009,0.6274014505930494,1.2002413201710178,-0.0696296296296296,-0.06833333333333336,0.34627799060766845,0.4329984509477722,0.20433139513433418,0.5227294211997745,0.031913384495097064,0.0012962962962962399,0.012910056305224786,0.23530906976989902,0.1182779031280567,0.10777843193617698,0.0,0.9999999987499999,0.6123639790760055,0.26833979494538457,0.2840513954121886,0.3452333565392092,surprised,08,02,02,female,normal,173
30,1.0010000000000001,True,1.0,0.6886836837607757,0.6827879313527115,0.6857358075567437,0.8961156278229437,-0.08106481481481487,-0.07944444444444443,0.36158680611919064,0.3035230352303511,0.21961265158590787,0.7652313900860043,0.00589575240806417,0.0016203703703704386,0.0004969370771984739,0.2993951612903233,0.10281445618963213,0.11408563071472737,0.0,0.9999999987499999,0.6717173065476192,0.286597815792369,0.2738909963290809,0.3730610258282803,surprised,08,02,02,female,normal,173
40,1.3346666666666667,True,1.0,0.6770713902409523,0.6728282501459176,0.674949820193435,1.1329400235061342,-0.08671296296296299,-0.08421296296296282,0.29941119589958726,0.5054466230936814,0.22313047239097222,0.5957507071774665,0.004243140095034681,0.0025000000000001688,0.005527529397444531,0.2422986197204304,0.10238476062030008,0.11430485721353277,0.0,0.9999999987499999,0.6675464528623951,0.28704137281081865,0.2939076527156802,0.3837751996814139,surprised,08,02,02,female,normal,173
50,1.6683333333333334,True,1.0,0.7420699135789997,0.728669736642411,0.7353698251107053,0.8957190609049916,-0.0872222222222222,-0.08407407407407408,0.34695786339618373,0.3111678572680025,0.22376152545089448,0.8209826687931848,0.013400176936588681,0.003148148148148122,0.005060780042396059,0.30549966096716613,0.10299329797511937,0.11392420335312431,0.0,0.9999999987499999,0.666433745044893,0.28593790812831904,0.29412134374880555,0.39244523129997017,surprised,08,02,02,female,normal,173
60,2.0020000000000002,True,1.0,0.5434467781621609,0.529339731334828,0.5363932547484944,0.76827439473645,-0.08773148148148147,-0.08601851851851855,0.3460050993859547,0.2937519744580547,0.2251223761168925,0.6981792682710708,0.01410704682733288,0.0017129629629629162,0.004803943450091769,0.35348541916313597,0.10122723670280707,0.11582572245378354,0.0,0.9999999987499999,0.6671059068314826,0.2856420740162408,0.28974960297501456,0.384405924447273,surprised,08,02,02,female,normal,173
70,2.3356666666666666,True,1.0,0.6873132485131036,0.6495044310973227,0.6684088398052132,1.022916942277052,-0.08810185185185193,-0.08486111111111116,0.3126819370238411,0.3940745597296838,0.22174292268029913,0.6534341276206742,0.037808817415780904,0.0032407407407407662,0.012325100676904113,0.28633033276239284,0.10285971276467494,0.11404482902567395,0.0,0.9999999987499999,0.6665763825999149,0.2854790388492702,0.29156574239299066,0.3892094739860612,surprised,08,02,02,female,normal,173
80,2.6693333333333333,True,1.0,0.7019039973468049,0.673715381985511,0.6878096896661579,0.8109161793372311,-0.08611111111111108,-0.0826851851851852,0.33871252810037744,0.280701754385965,0.22377618629203644,0.8481883913431234,0.02818861536129391,0.003425925925925888,0.004624153503494695,0.3358875057404996,0.10330721913033454,0.11363961462924192,0.0,0.9999999987499999,0.666389400971326,0.28538454498831217,0.290610404952311,0.38998345613806046,surprised,08,02,02,female,normal,173
90,3.003,True,1.0,0.6666807312858566,0.634672752067435,0.6506767416766458,0.7640899972596649,-0.08175925925925936,-0.07967592592592593,0.33915610766875304,0.25727865965737,0.22513559282408016,0.8515708149697486,0.03200797921842158,0.002083333333333437,0.00041564143956644744,0.3558439009735126,0.10182247105206033,0.11463995826477263,0.0,0.9999999987499999,0.667111285404787,0.28583905599306136,0.28064442035167114,0.37704788167400655,surprised,08,02,02,female,normal,173
100,3.336666666666667,True,1.0,0.6960235330022887,0.689484556912192,0.6927540449572404,0.7047047047047051,-0.08324074074074073,-0.07972222222222225,0.33013079329794964,0.22422422422422483,0.22655194007425355,0.9830416064094925,0.006538976090096682,0.0035185185185184764,0.0007688327239424382,0.4090909090909094,0.10360760368850586,0.11319763269487226,0.0,0.9999999987499999,0.6694335730854842,0.28532621418253357,0.27794017998865905,0.3710520486278221,surprised,08,02,02,female,normal,173
0,0.0,True,1.0,0.6486560318564629,0.6217064645649696,0.6351812482107162,0.5445492250617858,-0.06476851851851839,-0.06203703703703706,0.3268291048460368,0.23220245269475923,0.19529521528455354,1.1664349501895757,0.026949567291493337,0.002731481481481335,0.0065552462971785,0.49625561953425734,0.10675348133242464,0.11092497285922662,0.0,0.9999999987499999,0.6766387189407013,0.28338961707241067,0.24963519434821602,0.342273342894913,surprised,08,02,02,female,normal,174
10,0.33366666666666667,True,1.0,0.6271939599017221,0.6099151227433756,0.6185545413225488,0.5604886789183853,-0.06347222222222221,-0.05856481481481479,0.3279911130321155,0.20017452818513715,0.19529521528455354,1.1035986355981666,0.01727883715834655,0.004907407407407416,0.0043246435430657326,0.4660714285714301,0.11948951781435689,0.10625443023433558,0.0,0.9999999987499999,0.6132797623815152,0.265116435073922,0.2699164861237106,0.32298041929172905,surprised,08,02,02,female,normal,174
20,0.6673333333333333,True,1.0,0.7472720875710854,0.7251512983040118,0.7362116929375486,1.3954460362945658,-0.07800925925925922,-0.07467592592592587,0.3171103052139063,0.5565171692365237,0.20918867833246052,0.5275816289481661,0.022120789267073615,0.003333333333333355,0.005584581348794928,0.20124528170128475,0.10361341780361122,0.1140307808392425,0.0,0.9999999987499999,0.6721455195515706,0.28309044907865416,0.26567298694164315,0.36314975021692536,surprised,08,02,02,female,normal,174
30,1.0010000000000001,True,1.0,0.8043422456561178,0.7587007786259774,0.7815215121410476,1.7777777777777781,-0.08810185185185188,-0.08532407407407416,0.2779670786115556,0.7837514934289133,0.2161431315371077,0.4396058505793392,0.04564146703014038,0.0027777777777777124,0.005401303419415406,0.17540322580645112,0.10279285825371849,0.11377066377053063,0.0,0.9999999987499999,0.6698349361619649,0.2878298218984752,0.28736221356845,0.38145369951343416,surprised,08,02,02,female,normal,174
40,1.3346666666666667,True,1.0,0.7577586004506113,0.7386247509161361,0.7481916756833737,0.8088042469935172,-0.0855092592592594,-0.08319444444444452,0.33432609695442145,0.27746337159012174,0.22166549457101006,0.9250590343269683,0.019133849534475167,0.0023148148148148806,0.0015465264187104714,0.34182860933903625,0.10223248841441004,0.11493941771616785,0.0,0.9999999987499999,0.6688598043592435,0.29044171190865803,0.2907526817889166,0.3783949283838749,surprised,08,02,02,female,normal,174
50,1.6683333333333334,True,1.0,0.6960235330022887,0.66659833447843,0.6813109337403593,0.8525576692498852,-0.08425925925925926,-0.08120370370370367,0.3731376933257744,0.26287194801871466,0.22584347126461743,0.7991376516966933,0.02942519852385872,0.003055555555555589,0.0033182542212852034,0.3093749999999996,0.10236875058968482,0.11448573029179793,0.0,0.9999999987499999,0.6690584785398533,0.2784814331572129,0.29203773824838575,0.4027064314204547,surprised,08,02,02,female,normal,174
60,2.0020000000000002,True,1.0,0.6806223125659682,0.6557060001826653,0.6681641563743168,0.7404626539462674,-0.08625000000000005,-0.08250000000000007,0.3565815828189005,0.2517413723370324,0.22447012004306702,0.9023603726850523,0.02491631238330283,0.0037499999999999756,0.006792067168762507,0.3487279327587038,0.10230404774997769,0.11437710174682919,0.0,0.9999999987499999,0.6647180391609769,0.29090794749601717,0.294320049350378,0.38503354294445924,surprised,08,02,02,female,normal,174
70,2.3356666666666666,True,1.0,0.7161480982154838,0.6609651327383427,0.6885566154769132,0.9296636085626906,-0.08726851851851858,-0.08324074074074073,0.3233296824187159,0.3098878695208973,0.22519522780245585,0.7406513594110221,0.05518296547714108,0.004027777777777852,0.00487585625638527,0.30592105263158004,0.10228982439028383,0.1148883947949302,0.0,0.9999999987499999,0.6665888806929022,0.28975450971317535,0.296300956112572,0.39322550897769487,surprised,08,02,02,female,normal,174
80,2.6693333333333333,True,1.0,0.7131237071587482,0.7286702834858448,0.7208969953222966,0.7933013672068027,-0.0860185185185186,-0.08277777777777778,0.3314754957161547,0.28557042151296247,0.2230675492704921,0.9087303074499413,0.015546576327096662,0.0032407407407408217,0.011332338292762601,0.35997722091221135,0.10111970879478359,0.11509490079022687,0.0,0.9999999987499999,0.6679819552742972,0.2859906280039574,0.2919238486301936,0.3904491849351105,surprised,08,02,02,female,normal,174
90,3.003,True,1.0,0.7118081092263367,0.7103095027447575,0.7110588059855472,0.7142515425660166,-0.08620370370370367,-0.08263888888888898,0.33406954913802245,0.23012974108749412,0.2251223761168925,0.9955299549385651,0.0014986064815792899,0.0035648148148146874,0.003011994176053889,0.38746973010970587,0.10329069169680952,0.11315062838500643,0.0,0.9999999987499999,0.6674476712403712,0.28713246373072415,0.2905991834137352,0.38672135113217454,surprised,08,02,02,female,normal,174
100,3.336666666666667,True,1.0,0.6908562509947245,0.6648424470810496,0.677849349037887,0.652308759426832,-0.08439814814814822,-0.08060185185185181,0.3232648244344832,0.22015420630655536,0.22724588624844294,1.0391541417188648,0.026013803913674916,0.0037962962962964086,0.0005008651286133915,0.4085780649475093,0.10398431956796712,0.1141942750507574,0.0,0.9999999987499999,0.6685055064291342,0.2867342374164284,0.2870776394736772,0.38020971872407616,surprised,08,02,02,female,normal,174
0,0.0,True,1.0,0.5992522470920352,0.5973060546370367,0.598279150864536,0.5656557436830144,-0.06731481481481477,-0.062222222222222234,0.32503699935220925,0.26663184710935284,0.1911319565555269,1.0576736072175434,0.0019461924549984966,0.0050925925925925375,0.0026715178408248073,0.449941895821915,0.10434210930083228,0.11167114255361939,0.0,0.9999999987499999,0.6758662312815752,0.2806886191002387,0.24659906133511067,0.3462995370664045,surprised,08,02,02,female,normal,175
10,0.33366666666666667,True,1.0,0.5980288585098902,0.6121371015315712,0.6050829800207307,0.5654343095633222,-0.06597222222222215,-0.06185185185185177,0.32542283714685444,0.24229770019778807,0.19114832178248242,1.0701207369040422,0.01410824302168101,0.004120370370370385,0.011322947159753257,0.46601124924412657,0.10635311527772123,0.10993106326780121,0.0,0.9999999987499999,0.6765014789822178,0.2804634973719453,0.2498223756383111,0.3459630043695302,surprised,08,02,02,female,normal,175
20,0.6673333333333333,True,1.0,0.7163690541834226,0.7111111111111109,0.7137400826472667,1.3973607706804076,-0.08958333333333335,-0.08611111111111108,0.3057687311499244,0.6209893394965605,0.21064316044617193,0.5107772435172414,0.005257943072311644,0.0034722222222222654,0.007848578434510329,0.2086786844358026,0.10143908978043885,0.11514491154316947,0.0,0.9999999987499999,0.6769610643241672,0.28008920842542717,0.2828025024652999,0.3874985238427035,surprised,08,02,02,female,normal,175
30,1.0010000000000001,True,1.0,0.6873132485131035,0.6592272589253358,0.6732702537192197,1.445744992772589,-0.090324074074074,-0.08523148148148146,0.3035702123971207,0.6096515029763926,0.22176046929338644,0.4656908770806464,0.028085989587767646,0.0050925925925925375,0.010884160223530387,0.20331325301204833,0.10050330903425973,0.11645443875434858,0.0,0.9999999987499999,0.6720604298359969,0.2823085770715372,0.29189696541809296,0.3928644718350461,surprised,08,02,02,female,normal,175
40,1.3346666666666667,True,1.0,0.7309677668011226,0.7130035684049331,0.7219856676030278,0.8494984878530016,-0.08805555555555555,-0.08615740740740746,0.33468314081009526,0.3067467012135931,0.22232142035749353,0.8498963540567964,0.017964198396189568,0.0018981481481480933,0.007176792255957089,0.3228991487418609,0.10317827119368335,0.11475718529233404,0.0,0.9999999987499999,0.669676173922694,0.2855454081205023,0.3014711422170657,0.39756699460349676,surprised,08,02,02,female,normal,175
50,1.6683333333333334,True,1.0,0.6690253819506181,0.6585107494439314,0.6637680656972748,0.9824261171724011,-0.08634259259259258,-0.08583333333333326,0.36373547696663294,0.3756335153894473,0.22027747401285622,0.6756417140127733,0.010514632506686716,0.0005092592592593204,0.0016217493428097546,0.28952205882352944,0.1015623648958733,0.11602564075151929,0.0,0.9999999987499999,0.6708879583708484,0.2848136874330869,0.3044834817791827,0.40833027989814596,surprised,08,02,02,female,normal,175
60,2.0020000000000002,True,1.0,0.7206081808942204,0.7152106483534949,0.7179094146238576,0.8204626269094466,-0.08898148148148144,-0.08699074074074065,0.3480158687544986,0.3114550261203275,0.22791171800860247,0.8750056261893479,0.005397532540725503,0.001990740740740793,0.0005831125698089364,0.32289914874186015,0.1005118542072034,0.11644706349310747,0.0,0.9999999987499999,0.6698630540810075,0.287410870566228,0.3027665326971773,0.4022581361787439,surprised,08,02,02,female,normal,175
70,2.3356666666666666,True,1.0,0.6734643086869221,0.6679622747018646,0.6707132916943934,0.9372954176337218,-0.09009259259259256,-0.0857870370370371,0.3256871544025341,0.37974838830725904,0.2244854143307022,0.7155836666604681,0.005502033985057442,0.0043055555555554514,0.009490406640246583,0.3006324138320321,0.10271107137671635,0.11500999561730083,0.0,0.9999999987499999,0.6687229431069303,0.285305719404302,0.303453736665738,0.40413519559063593,surprised,08,02,02,female,normal,175
80,2.6693333333333333,True,1.0,0.7111840296454471,0.6981172971037541,0.7046506633746006,0.7386603807880621,-0.09055555555555556,-0.08560185185185193,0.3342296932478031,0.27501342542902557,0.2244854143307022,0.953957571980269,0.013066732541692994,0.004953703703703627,0.003928639079335174,0.3829512983599655,0.10248380616420133,0.11504707211310014,0.0,0.9999999987499999,0.6704037044270833,0.28324720527584074,0.29421722162641595,0.39638558195192647,surprised,08,02,02,female,normal,175
90,3.003,True,1.0,0.7303947876408879,0.715456965628958,0.7229258766349229,0.7615211240345658,-0.08777777777777784,-0.08365740740740735,0.3313034050259697,0.28557042151296247,0.2258164442231833,0.9493182182587871,0.014937822011929947,0.004120370370370496,0.0017267228422937167,0.36328125000000105,0.10158281124726343,0.115183662020798,0.0,0.9999999987499999,0.670400892122474,0.2840475096874922,0.29358442625847875,0.3925234594531965,surprised,08,02,02,female,normal,175
100,3.336666666666667,True,1.0,0.6792679189169119,0.678500444092005,0.6788841815044584,0.745709500753625,-0.0862500000000001,-0.0826851851851852,0.33053174117465584,0.2538403746781876,0.22720458733549678,0.9103869279100885,0.0007674748249067997,0.0035648148148149095,0.006186687088534519,0.37098407028621555,0.10319516841760555,0.11440942506141513,0.0,0.9999999987499999,0.6713352347579657,0.2857052830720665,0.2951890563434311,0.3919445105284321,surprised,08,02,02,female,normal,175
0,0.0,True,1.0,0.6315725237291792,0.6287091186481479,0.6301408211886635,0.5397059973300172,-0.06648148148148153,-0.06254629629629632,0.3242806977461516,0.23797535126080088,0.19810315364351713,1.1675631256758994,0.002863405081031223,0.003935185185185208,0.0025888316429804794,0.48041716047555083,0.1045896955312061,0.11229085082334007,0.0,0.9999999987499999,0.6746489042960933,0.2814563930441682,0.25020694982128755,0.34263842358399244,surprised,08,02,02,female,strong,176
10,0.33366666666666667,True,1.0,0.6491598166607597,0.6443043612282634,0.6467320889445116,0.5555625908467486,-0.06634259259259268,-0.062453703703703733,0.32445249639490614,0.22211032784341542,0.20018454620440232,1.1641030184534364,0.004855455432496325,0.0038888888888889417,0.0005961877020701173,0.46583085103278843,0.10722608215918672,0.11012272603850716,0.0,0.9999999987499999,0.671602260083721,0.2835483479071526,0.25541372401300233,0.34465103915007306,surprised,08,02,02,female,strong,176
20,0.6673333333333333,True,1.0,0.7951633086342141,0.7476662969228626,0.7714148027785384,1.9160726322485138,-0.08870370370370362,-0.08490740740740743,0.29612283360411223,0.8012562610546877,0.2169232145638407,0.4026020672678165,0.04749701171135157,0.0037962962962961866,0.008393109888637498,0.1536762058696531,0.10561334350756368,0.1130269911954198,0.0,0.9999999987499999,0.6677495234421894,0.28429773762994553,0.2840135631070611,0.37466886362109636,surprised,08,02,02,female,strong,176
30,1.0010000000000001,True,1.0,0.7330761868849647,0.7184775445882581,0.7257768657366114,0.840610527381446,-0.08763888888888888,-0.08629629629629632,0.3675138430335767,0.2824882491041955,0.22723144927043745,0.863392548743651,0.014598642296706599,0.001342592592592562,0.0029466211110106316,0.32273218055518305,0.10381939322023234,0.11384328227676525,0.0,0.9999999987499999,0.6681230341042668,0.2812521365824451,0.29725495882449915,0.3910917478792725,surprised,08,02,02,female,strong,176
40,1.3346666666666667,True,1.0,0.665581087540846,0.6130203526224027,0.6393007200816243,0.9270721151582756,-0.09314814814814815,-0.089212962962963,0.3202002841144877,0.319665006768632,0.23975173118301293,0.6895911435891682,0.052560734918443264,0.003935185185185153,0.0020953215905697006,0.312239976172842,0.10585911875353321,0.11380575437033401,0.0,0.9999999987499999,0.6566107759275586,0.2888323758590392,0.31358595418677504,0.39961230525584873,surprised,08,02,02,female,strong,176
50,1.6683333333333334,True,1.0,0.7485957186919587,0.757754865388401,0.7531752920401799,1.8100323411954722,-0.09222222222222226,-0.08907407407407414,0.313849571368617,0.7140399478650057,0.22859273950778955,0.41611151077153136,0.009159146696442244,0.003148148148148122,0.0002642204725933857,0.16539005808248836,0.10379148837066426,0.11519946983507506,0.0,0.9999999987499999,0.6599907939894709,0.29131304019906135,0.31657718244668154,0.41173541041862965,surprised,08,02,02,female,strong,176
60,2.0020000000000002,True,1.0,0.7303706824887167,0.7154569656289592,0.722913824058838,0.5846056697868658,-0.08777777777777773,-0.08560185185185187,0.3378508331233879,0.14600752047836463,0.23143995576606902,1.2365836689924616,0.014913716859757509,0.002175925925925859,0.00037804390965339926,0.4173906509089781,0.10219036468514708,0.11596682492561858,0.0,0.9999999987499999,0.6638738030133928,0.2886068547276075,0.3005569927632915,0.3920466796305546,surprised,08,02,02,female,strong,176
70,2.3356666666666666,True,1.0,0.6908562509947246,0.666312303140219,0.6785842770674718,0.8870836732087302,-0.08782407407407417,-0.08462962962962967,0.3259608447501125,0.29030311101427303,0.23278346995270605,0.7649608459289065,0.024543947854505532,0.0031944444444444997,0.0028290505778229475,0.3073403571987968,0.10287057463900182,0.11453514855201609,0.0,0.9999999987499999,0.6636199478775885,0.28980913102706174,0.30542087414835506,0.39752829437754356,surprised,08,02,02,female,strong,176
80,2.6693333333333333,True,1.0,0.657597541690928,0.6456583681468292,0.6516279549188786,0.9678075734266491,-0.08351851851851844,-0.08134259259259258,0.3332028993558798,0.301435444930349,0.23278346995270607,0.6733032193700497,0.011939173544098791,0.002175925925925859,0.0020292523865948387,0.2968852511896465,0.10424548903868508,0.11412297373066475,0.0,0.9999999987499999,0.6582629224971238,0.2791132512869805,0.30130386374446,0.41622232534746506,surprised,08,02,02,female,strong,176
90,3.003,True,1.0,0.642388340870491,0.6110829198705413,0.6267356303705162,0.8181402915051127,-0.08189814814814816,-0.0780555555555556,0.3372706933852114,0.220255653883973,0.23485220195090417,0.7660490955866822,0.03130542099994971,0.003842592592592564,0.006743579171781978,0.3590161728392737,0.10313513199205195,0.11512740623658523,0.0,0.9999999987499999,0.6634685421121574,0.27565255657887505,0.29153045403058625,0.41035456430899686,surprised,08,02,02,female,strong,176
100,3.336666666666667,True,1.0,0.6286673162488685,0.6064960409795317,0.6175816786142001,0.745400784182462,-0.08120370370370356,-0.07726851851851863,0.33279926775541,0.22989822217467268,0.23349153514315454,0.8285229794754632,0.02217127526933682,0.003935185185184931,0.007459015302003375,0.3715138067513175,0.09136521003221844,0.11397635292873666,0.0,0.9999999987499999,0.7036860067698955,0.2953981325878586,0.26624669900301867,0.40763769498588864,surprised,08,02,02,female,strong,176
110,3.6703333333333332,True,1.0,0.7005893590998564,0.6575683683787227,0.6790788637392895,0.7709455815747154,-0.08384259259259264,-0.0794907407407408,0.3353069071311825,0.22025565388397286,0.2376416235842653,0.8808389074002071,0.043020990721133745,0.004351851851851829,0.010390186839859166,0.3673227364887874,0.10577059166204197,0.11372062584548674,0.0,0.9999999987499999,0.6660064209433774,0.27189714257907893,0.28619066465794896,0.39648307727262583,surprised,08,02,02,female,strong,176
0,0.0,True,1.0,0.6402395961975005,0.6146492549035741,0.6274444255505374,0.5283343247696107,-0.06560185185185186,-0.062037037037037,0.3216011543326819,0.19209366850065948,0.203706437423293,1.1875897440964966,0.025590341293926344,0.003564814814814854,0.010505442492974689,0.5121863152297375,0.10831691549315046,0.11163983391282134,0.0,0.9999999987499999,0.6726383011720315,0.2823340905511065,0.2553321939014658,0.34237623279270446,surprised,08,02,02,female,strong,177
10,0.33366666666666667,True,1.0,0.6697695881843756,0.6469104671188328,0.6583400276516043,0.5652846579525338,-0.06763888888888892,-0.06282407407407403,0.3164422190399087,0.21792582065363444,0.20580630659388346,1.1646168322277095,0.022859121065542776,0.004814814814814883,0.00813174176190034,0.46670533077781456,0.1084711405593608,0.11131897599555794,0.0,0.9999999987499999,0.6730019274819302,0.28197582288646633,0.2553966043112639,0.339690585921271,surprised,08,02,02,female,strong,177
20,0.6673333333333333,True,1.0,0.7548427263395728,0.7453041001906877,0.7500734132651303,1.660170686969401,-0.08231481481481479,-0.08069444444444435,0.3064930601501714,0.7126880335536838,0.2154991624962354,0.45180499761405263,0.009538626148885121,0.0016203703703704386,0.00897596451502787,0.18776885310588537,0.10477861355953698,0.11529812111986604,0.0,0.9999999987499999,0.6664316653380102,0.28226583049853815,0.2769035427977519,0.3650491998965321,surprised,08,02,02,female,strong,177
30,1.0010000000000001,True,1.0,0.6730493937019355,0.6786695462554967,0.6758594699787162,0.8406105273814445,-0.08768518518518525,-0.08601851851851855,0.3651775272213704,0.2687083345137457,0.23076228380992309,0.8040102377542923,0.005620152553561186,0.0016666666666667052,0.0024537246302451395,0.32314823607254806,0.10599062044823478,0.11385075790562228,0.0,0.9999999987499999,0.6668612670615122,0.2819985452853699,0.30487069735284705,0.3959181469692775,surprised,08,02,02,female,strong,177
40,1.3346666666666667,True,1.0,0.21175264664416463,0.20774169006594478,0.2097471683550547,0.7519588927397347,-0.09550925925925918,-0.09379629629629627,0.3312976113462431,0.21478879520703198,0.23631297937642792,0.27893435449755577,0.004010956578219843,0.0017129629629629162,0.002952677160881764,0.38091866272296826,0.10624924313323866,0.11344161971898511,0.0,0.9999999987499999,0.6553293929681246,0.27540995931945605,0.29092872554569815,0.3715963049743531,surprised,08,02,02,female,strong,177
50,1.6683333333333334,True,1.0,0.6886836837607768,0.6594327629123604,0.6740582233365686,1.377406839664412,-0.08412037037037035,-0.08263888888888893,0.3224634865066592,0.44844844844844806,0.2306749843958952,0.4893675593340269,0.029250920848416406,0.001481481481481417,0.0030228229956923923,0.2092978486723112,0.1045853682199674,0.11497740432501802,0.0,0.9999999987499999,0.6620225112857644,0.27499279651002223,0.2893920533784946,0.385750733395028,surprised,08,02,02,female,strong,177
60,2.0020000000000002,True,1.0,0.697676266261942,0.669638755452968,0.683657510857455,0.559977883249468,-0.07578703703703704,-0.07032407407407404,0.3319582235933343,0.1632471915227773,0.22033842385347718,1.2208652007652385,0.028037510808973987,0.005462962962963003,0.0005887931108984138,0.4718003854744246,0.10914357317514506,0.11031489151944518,0.0,0.9999999987499999,0.6669378373146134,0.27211724676061505,0.2617558405278868,0.35564099229171825,surprised,08,02,02,female,strong,177
70,2.3356666666666666,True,1.0,0.6196549689917329,0.6328270408141086,0.6262410049029208,0.9368092959277959,-0.06777777777777777,-0.06412037037037033,0.3177707532297942,0.3368570377663384,0.2154651725896297,0.6684829106896352,0.013172071822375675,0.0036574074074074425,0.001752147953410949,0.307866719316271,0.10788101308004783,0.1110363455379203,0.0,0.9999999987499999,0.6655149241571627,0.2738016782380269,0.2609061720752929,0.3556705897849118,surprised,08,02,02,female,strong,177
80,2.6693333333333333,True,1.0,0.6662725903351646,0.6693743420619231,0.6678234661985438,0.9369284997901175,-0.06472222222222235,-0.06046296296296294,0.32473455115469585,0.3069104202505312,0.20651948835949027,0.7127795411796565,0.003101751726758528,0.004259259259259407,0.007141689135915721,0.3103302336330662,0.10621708018818078,0.11212048450960772,0.0,0.9999999987499999,0.6651884575236345,0.27487773462762416,0.25295892906530315,0.3599491379267178,surprised,08,02,02,female,strong,177
90,3.003,True,1.0,0.7045802556696029,0.6969870522907303,0.7007836539801666,0.880952156300809,-0.06879629629629624,-0.06254629629629632,0.32904844531760336,0.2802443394591933,0.21272427560492616,0.7954843506176489,0.007593203378872593,0.006249999999999922,5.567494618964271e-05,0.3272042851872788,0.10760899497077848,0.1095748499413202,0.0,0.9999999987499999,0.6686472472660939,0.2721168862006204,0.25181789841758007,0.35986576725798436,surprised,08,02,02,female,strong,177
100,3.336666666666667,True,1.0,0.6815092840693487,0.6841715395062559,0.6828404117878023,0.7543743317597243,-0.06995370370370363,-0.06324074074074076,0.3328086353428083,0.25929837254736576,0.2099145766448052,0.9051745042742171,0.002662255436907124,0.006712962962962865,0.009115209960887789,0.3632563080250774,0.10718018957546985,0.11085698100707306,0.0,0.9999999987499999,0.6686465487132353,0.28090881696703984,0.25727426821357546,0.349785357849496,surprised,08,02,02,female,strong,177
110,3.6703333333333332,True,1.0,0.6909577690520365,0.6929049183440257,0.6919313436980311,0.7594967766145185,-0.06967592592592586,-0.06310185185185191,0.3250369993522095,0.23431283533852088,0.21057650598031288,0.9110392104392299,0.0019471492919891364,0.0065740740740739545,0.004264993434991438,0.37101063829787256,0.10572785378214554,0.11121987468494243,0.0,0.9999999987499999,0.670751648550045,0.2797537003682613,0.25358375007393896,0.34499745026115225,surprised,08,02,02,female,strong,177
0,0.0,True,1.0,0.6298640151507449,0.6264375835826816,0.6281507993667133,0.5120010212499994,-0.06625000000000003,-0.06259259259259253,0.32570938305229125,0.21596706753310957,0.19807080072715022,1.2268545828934985,0.003426431568063215,0.003657407407407498,0.011626559727729111,0.5272622967768887,0.10425498964917895,0.11243234755057542,0.0,0.9999999987499999,0.678623267385079,0.2815909112848512,0.249000188795267,0.3445927021535062,surprised,08,02,02,female,strong,178
10,0.33366666666666667,True,1.0,0.668505100314895,0.6509234167443234,0.6597142585296092,0.5758197219087956,-0.0681944444444445,-0.06379629629629635,0.3169710230076111,0.2303278887635177,0.1981031536435172,1.1456958374796715,0.01758168357057155,0.004398148148148151,0.00903458859541496,0.45000000000000123,0.1060294453560329,0.11110400647723467,0.0,0.9999999987499999,0.678963023138943,0.28061136341001325,0.2518789249922161,0.34442451112601863,surprised,08,02,02,female,strong,178
20,0.6673333333333333,True,1.0,0.6893884362286763,0.6666666666666666,0.6780275514476715,1.4951499544647928,-0.08129629629629631,-0.07865740740740751,0.31431993591006907,0.6229669804886457,0.20781665168622765,0.45348464842804326,0.022721769562009664,0.002638888888888802,0.005899686538168734,0.18749633799790988,0.10344325245143475,0.11418516913275986,0.0,0.9999999987499999,0.6749238832329807,0.2797609681735913,0.2647076154232066,0.36341199890595055,surprised,08,02,02,female,strong,178
30,1.0010000000000001,True,1.0,0.6934598533855199,0.6849738043613751,0.6892168288734475,1.6338867703234565,-0.08597222222222217,-0.0849537037037037,0.2909689632784992,0.7271554950916873,0.21824056520908894,0.4218265557881988,0.008486049024144737,0.0010185185185184742,0.0010820997724298564,0.19161721843337856,0.10041806526277361,0.1166913345072078,0.0,0.9999999987499999,0.673907294378689,0.2804020580553329,0.28083970182958556,0.37802319548618524,surprised,08,02,02,female,strong,178
40,1.3346666666666667,True,1.0,0.7032033657994059,0.669374342061922,0.686288853930664,0.9122078887500724,-0.07194444444444448,-0.07157407407407401,0.3292510835668241,0.3459448182005486,0.20988259040137844,0.7523382141224763,0.033829023737483865,0.0003703703703704653,0.001359899653724677,0.28119710811200227,0.10612153490465526,0.11238058082972241,0.0,0.9999999987499999,0.6698223018973214,0.28412699307977357,0.2799504518802224,0.3621364577593044,surprised,08,02,02,female,strong,178
50,1.6683333333333334,True,1.0,0.6763828245069458,0.6446283591603078,0.6605055918336268,0.8399727730559327,-0.08078703703703705,-0.08152777777777792,0.3762327027194167,0.2822739309426872,0.22240376580337695,0.7863416684693476,0.03175446534663795,0.000740740740740875,0.0027942156096464124,0.32273218055518305,0.10397730491986024,0.11503178243190772,0.0,0.9999999987499999,0.6693914164181298,0.28387796538378585,0.2901196209791081,0.3850945683642775,surprised,08,02,02,female,strong,178
60,2.0020000000000002,True,1.0,0.2877927929409712,0.2652862220069354,0.2765395074739533,0.924070693503859,-0.0984722222222223,-0.09500000000000014,0.36546719295406843,0.24168002753177872,0.22727677158649046,0.29926228525371845,0.022506570934035797,0.0034722222222221544,0.0013262715108527286,0.3115384615384622,0.10061780845613036,0.11733384737139463,0.0,0.9999999987499999,0.6635840090958258,0.2885251269689824,0.28159884312942335,0.360959037305019,surprised,08,02,02,female,strong,178
70,2.3356666666666666,True,1.0,0.6762034240049,0.6628606424965433,0.6695320332507216,0.8658304715552182,-0.0847222222222222,-0.08393518518518517,0.3105303934129175,0.26308055645784917,0.2286194383400635,0.7732830562640025,0.01334278150835666,0.0007870370370370305,0.0011479666124808898,0.30347443156441867,0.10495389671174388,0.11363959974656516,0.0,0.9999999987499999,0.660977540609994,0.2886753123707036,0.28518680738466146,0.3664461511479491,surprised,08,02,02,female,strong,178
80,2.6693333333333333,True,1.0,0.6340477362085742,0.6064960409795319,0.620271888594053,0.8282926408637205,-0.08291666666666664,-0.07754629629629634,0.34581764962116374,0.21082710110114417,0.23557346939650678,0.748855969488333,0.027551695229042328,0.005370370370370303,0.001930765864450191,0.3374823506226626,0.10455974039394783,0.11349990269668275,0.0,0.9999999987499999,0.6601964576533738,0.2762527294463041,0.2901387540325469,0.39241360292205396,surprised,08,02,02,female,strong,178
90,3.003,True,1.0,0.6140055998663426,0.589064944612223,0.6015352722392828,0.7746183050744377,-0.07921296296296293,-0.0729629629629629,0.34461038371816005,0.19743971612231412,0.23208945811563172,0.7765570065911077,0.024940655254119592,0.006250000000000033,0.004859940260028504,0.36394845212167815,0.10552918304568999,0.11327389168961058,0.0,0.9999999987499999,0.65897807489402,0.27503632841672465,0.27548855761606506,0.37097635541868157,surprised,08,02,02,female,strong,178
100,3.336666666666667,True,1.0,0.6340477362085742,0.593645473137726,0.6138466046731501,0.7416745812692971,-0.07958333333333328,-0.07342592592592578,0.3383784156242621,0.2008701990937673,0.23213383194537146,0.8276495112217773,0.040402263070848266,0.0061574074074075,0.011960614984409196,0.37500000000000044,0.1068158103537771,0.11223132191672612,0.0,0.9999999987499999,0.666474919678809,0.27177799644374895,0.27601589387579584,0.3720371918590524,surprised,08,02,02,female,strong,178
110,3.6703333333333332,True,1.0,0.638530446663198,0.6273195177102814,0.6329249821867398,0.7253926548985256,-0.07833333333333337,-0.07217592592592598,0.3379769897954129,0.15429466826118388,0.23216669598093617,0.8725274207184783,0.011210928952916643,0.006157407407407389,0.008237196097417842,0.39540624439625716,0.10449080624721395,0.11423245783279909,0.0,0.9999999987499999,0.6655539276804472,0.27340395090874214,0.2685946456332175,0.35952536686856773,surprised,08,02,02,female,strong,178
0,0.0,True,1.0,0.6534027737512094,0.6147689657195833,0.6340858697353964,0.5444747166635763,-0.06648148148148147,-0.06287037037037035,0.32718780724444513,0.21618849043994967,0.19944369807999524,1.1645827626688305,0.03863380803162608,0.0036111111111111205,0.0006226556533439962,0.48068007640883204,0.10391693614674646,0.1120669007077706,0.0,0.9999999987499999,0.6756593068008453,0.2798002272248406,0.24640145901181407,0.3454187662520976,surprised,08,02,02,female,strong,179
10,0.33366666666666667,True,1.0,0.6358933842850809,0.6110998858637423,0.6234966350744116,0.5446190624983214,-0.065462962962963,-0.06083333333333335,0.3267871949893334,0.20820820820820873,0.20020169578238006,1.1448307229905919,0.0247934984213386,0.00462962962962965,0.004499799921336482,0.4797137655497807,0.10611120941687614,0.11119738630648156,0.0,0.9999999987499999,0.6745863088047719,0.28012068711285,0.2501234892405823,0.3455695659356641,surprised,08,02,02,female,strong,179
20,0.6673333333333333,True,1.0,0.7764949681333575,0.7025089605734762,0.7395019643534169,1.6049683066330704,-0.09004629629629629,-0.085787037037037,0.3032801292437452,0.6471528024885489,0.2176168403311711,0.460757985872479,0.07398600755988127,0.004259259259259296,0.00546225479715571,0.1878046325301226,0.10175683687148594,0.11634741624782856,0.0,0.9999999987499999,0.6762070867878401,0.2787588687484204,0.27983386314476744,0.37976272619800266,surprised,08,02,02,female,strong,179
30,1.0010000000000001,True,1.0,0.7082379839816231,0.7088174575826695,0.7085277207821463,1.701856567902236,-0.09009259259259261,-0.08671296296296299,0.27949522486394535,0.7469113501650205,0.22238832835480646,0.41632634273962393,0.0005794736010463764,0.0033796296296296213,0.003799233466291448,0.1826036340193956,0.10148476442812435,0.11560014715321054,0.0,0.9999999987499999,0.6733899103625826,0.27983557910416246,0.2889628883024028,0.38455816357023886,surprised,08,02,02,female,strong,179
40,1.3346666666666667,True,1.0,0.6431290189900322,0.614751956287539,0.6289404876387856,0.9019160056343823,-0.08467592592592588,-0.08240740740740743,0.33565175164376343,0.25653130096436577,0.2334915351431545,0.6973382041229067,0.028377062702493183,0.0022685185185184475,0.008196507805898874,0.3107649323555594,0.10596740880614994,0.11353724972198698,0.0,0.9999999987499999,0.6581308965851966,0.27582870971566514,0.29566262991901027,0.3920974524055008,surprised,08,02,02,female,strong,179
50,1.6683333333333334,True,1.0,0.6935699195074326,0.6155275451087084,0.6545487323080705,0.9192701256868671,-0.08611111111111114,-0.08217592592592593,0.3370033419569053,0.2604140970516819,0.23214993590411054,0.7120308971413598,0.07804237439872419,0.003935185185185208,0.0004560179867963357,0.29994727952549927,0.10446468888589636,0.11475549499628059,0.0,0.9999999987499999,0.6597493960631127,0.2753113328762947,0.2966042509868669,0.4009691430103747,surprised,08,02,02,female,strong,179
60,2.0020000000000002,True,1.0,0.7230453721139968,0.6906238344590998,0.7068346032865482,0.6335733235921448,-0.08842592592592591,-0.08500000000000002,0.3414898619078455,0.1390639839879929,0.2327975626215173,1.1156318881594272,0.03242153765489697,0.003425925925925888,0.010907496701692589,0.39782841479054176,0.10269884518478564,0.11633848053412199,0.0,0.9999999987499999,0.6627829727125226,0.28817064050129443,0.2990724001899954,0.3871903990094543,surprised,08,02,02,female,strong,179
70,2.3356666666666666,True,1.0,0.6949772539081691,0.6638138265304683,0.6793955402193187,0.9801792597354172,-0.08898148148148155,-0.08430555555555558,0.31813583828940184,0.3239428298540957,0.2383100450940186,0.6931339685790843,0.031163427377700836,0.004675925925925972,0.000730879291577107,0.29602299250603575,0.1052430944333106,0.11470833326220244,0.0,0.9999999987499999,0.6585972771921268,0.27701870308114257,0.30099248187561384,0.4031339466619669,surprised,08,02,02,female,strong,179
80,2.6693333333333333,True,1.0,0.6335875627506089,0.6083930996652129,0.6209903312079109,0.9523028440910893,-0.08356481481481481,-0.0794907407407407,0.33285534762353747,0.24600075771421784,0.23700683233530612,0.652093328357751,0.02519446308539597,0.004074074074074119,0.015213396835359057,0.30980999413249666,0.10270930072886741,0.11567228972069396,0.0,0.9999999987499999,0.6555851010951257,0.2789577811227439,0.2955086277500787,0.4035076783610398,surprised,08,02,02,female,strong,179
90,3.003,True,1.0,0.627550612168712,0.6177808368220635,0.6226657244953877,0.8334594531179752,-0.0830555555555556,-0.07902777777777775,0.3351000516095138,0.22014670249125867,0.23631297937642792,0.7470858026338206,0.009769775346648468,0.004027777777777852,0.0008056054564613224,0.34012719128820984,0.10294412028889711,0.11496727934793102,0.0,0.9999999987499999,0.6611350291132079,0.27609159833179353,0.2907455318919384,0.4032745172342589,surprised,08,02,02,female,strong,179
100,3.336666666666667,True,1.0,0.6662785142267773,0.6663123031402187,0.666295408683498,0.8062007264031862,-0.08379629629629626,-0.07898148148148149,0.32420448098771226,0.24677988081805585,0.23420017029401485,0.826463418925623,3.378891344141266e-05,0.004814814814814772,0.000860116497858751,0.3558439009735129,0.10505853375433698,0.11320678272779736,0.0,0.9999999987499999,0.6697926062847013,0.2724605989130541,0.29062808144666497,0.399282714658732,surprised,08,02,02,female,strong,179
110,3.6703333333333332,True,1.0,0.6715359463428184,0.6754206605009063,0.6734783034218623,0.7617302533425379,-0.08310185185185182,-0.07819444444444434,0.33327275565477543,0.22211032784341556,0.23352159443923912,0.8841427795030874,0.0038847141580878874,0.004907407407407471,0.0017889815070237468,0.3748970455877982,0.10326379081282934,0.11517755237838004,0.0,0.9999999987499999,0.6675734728813401,0.27294965568510976,0.27973032081163773,0.38720787947273905,surprised,08,02,02,female,strong,179
0,0.0,True,1.0,0.6000455099444131,0.5620940506875213,0.5810697803159672,0.5380183211414427,-0.06282407407407403,-0.05833333333333329,0.32355988498633415,0.1956146102634775,0.1939235771116179,1.0800185746150577,0.037951459256891806,0.00449074074074074,0.012186125051689445,0.4942463860018032,0.10456147231881019,0.11146577214042407,0.0,0.9999999987499999,0.6748425426655037,0.2805514013637592,0.24183302483162566,0.3492602901421895,neutral,01,02,02,female,normal,180
10,0.33366666666666667,True,1.0,0.600934081251776,0.5683012641243309,0.5846176726880534,0.5543172406615475,-0.06476851851851856,-0.06009259259259253,0.322467549540673,0.21191582778543397,0.19397668191048117,1.0546626188107444,0.032632817127445146,0.004675925925926028,0.01209249207865064,0.46410455164702435,0.10454669440023008,0.11199116208460089,0.0,0.9999999987499999,0.6775494329059749,0.27942066925106906,0.24100844264693405,0.3437080678856165,neutral,01,02,02,female,normal,180
20,0.6673333333333333,True,1.0,0.6009340812517765,0.5874294290113796,0.594181755131578,1.042844227472551,-0.06356481481481491,-0.057222222222222285,0.34074731656172574,0.37354297686587196,0.1925359403531373,0.5697703832255404,0.013504652240396875,0.006342592592592622,0.014129746205604619,0.2690615085005607,0.10238868046031835,0.114134542344336,0.0,0.9999999987499999,0.679026880166129,0.2789377138055341,0.24889489866717945,0.3609940675292371,neutral,01,02,02,female,normal,180
30,1.0010000000000001,True,1.0,0.5954775570839588,0.6023631460032685,0.5989203515436137,0.8436527356639693,-0.06671296296296297,-0.06310185185185185,0.35588506890871335,0.318204397615163,0.1890842798456326,0.7099133639058884,0.006885588919309682,0.0036111111111111205,0.01460989360289556,0.3157740981123683,0.10320672131644236,0.11305883611035897,0.0,0.9999999987499999,0.6775966591089561,0.28095810242309405,0.25024450612532034,0.3639073722867611,neutral,01,02,02,female,normal,180
40,1.3346666666666667,True,1.0,0.6403819003471825,0.6072580697513948,0.6238199850492887,0.9637005620095717,-0.06777777777777783,-0.06305555555555559,0.3163824351929945,0.3821391484942888,0.1870031233040835,0.6473172369521694,0.03312383059578761,0.004722222222222239,0.010798719372454076,0.28123677422996696,0.11779853438269265,0.1084779332582472,0.0,0.9999999987499999,0.6134759965626877,0.2699533791635395,0.27982793661381267,0.3352172399426454,neutral,01,02,02,female,normal,180
50,1.6683333333333334,True,1.0,0.6205722448945853,0.6023631460032685,0.6114676954489269,1.2048757774682233,-0.06768518518518518,-0.06402777777777774,0.31532140193605407,0.4685485036013675,0.19187712241237034,0.5074943881217276,0.018209098891316833,0.0036574074074074425,0.007102233795520584,0.2421801093623634,0.1023442167708751,0.11450766276074713,0.0,0.9999999987499999,0.6745955021930646,0.2811051389355557,0.24865704869300737,0.3631996894545223,neutral,01,02,02,female,normal,180
60,2.0020000000000002,True,1.0,0.6486869408852133,0.6073696079328332,0.6280282744090233,0.8660968660968658,-0.06486111111111109,-0.05907407407407406,0.35094648474130413,0.27350427350427386,0.19250423708691936,0.7251247510446291,0.04131733295238005,0.005787037037037035,0.004394815192479551,0.3256578947368421,0.1026103677788113,0.11360035286741742,0.0,0.9999999987499999,0.6735755750815953,0.2808865476120545,0.24728270129794336,0.35288197410734007,neutral,01,02,02,female,normal,180
70,2.3356666666666666,True,1.0,0.6000455099444153,0.5776475989186058,0.5888465544315106,0.7711124684858696,-0.0631944444444445,-0.05777777777777782,0.3170008752087763,0.2681929817692666,0.1945715304248572,0.7636325160034694,0.022397911025809458,0.005416666666666681,0.004450597987623289,0.36746391149701213,0.10446402612873161,0.11240777035078557,0.0,0.9999999987499999,0.6746461735709909,0.2813461146329728,0.24889178090421452,0.35176856205881807,neutral,01,02,02,female,normal,180
80,2.6693333333333333,True,1.0,0.6107224830674466,0.5917893371812849,0.6012559101243657,0.602028442003515,-0.06374999999999997,-0.05870370370370376,0.33532125539861357,0.22177565613973596,0.19458603804955857,0.9987167850798239,0.018933145886161684,0.0050462962962962155,0.006604068912582952,0.4440303025389307,0.10371956671151039,0.11359930859773204,0.0,0.9999999987499999,0.6724850088863671,0.2810854302570419,0.24203223231193388,0.3438381453908222,neutral,01,02,02,female,normal,180
90,3.003,True,1.0,0.5825988710098057,0.5663818855212913,0.5744903782655485,0.5136962035117357,-0.062129629629629646,-0.058518518518518525,0.3405716983581487,0.17120719773019066,0.1959595185771973,1.1183465525698086,0.016216985488514357,0.0036111111111111205,0.0038426611573654933,0.5121863152297373,0.1047851976991918,0.11244780935321058,0.0,0.9999999987499999,0.6742658941467212,0.28070239497933214,0.24236788533745932,0.34602559931981053,neutral,01,02,02,female,normal,180
100,3.336666666666667,True,1.0,0.6366118630948414,0.6084667901525965,0.6225393266237189,0.5391454623990083,-0.06314814814814806,-0.05990740740740741,0.3307087759404497,0.1823330727592233,0.20016815745708813,1.1546778560532387,0.028145072942244886,0.003240740740740655,0.011530769937499807,0.4962556195342562,0.10398109533572643,0.11302333984577999,0.0,0.9999999987499999,0.6756107014837185,0.28044174881302036,0.24347861618580896,0.33599477854014026,neutral,01,02,02,female,normal,180
0,0.0,True,1.0,0.617492890865778,0.6299958598151915,0.6237443753404848,0.5279961856950369,-0.0651388888888888,-0.060740740740740706,0.32514282458409494,0.19996950697510285,0.19739274606235474,1.1813425782980005,0.012502968949413495,0.0043981481481480955,0.008957242577079734,0.5283323436570991,0.10330800526298603,0.11279751703130333,0.0,0.9999999987499999,0.676531401670043,0.2794461028772275,0.24206296799979188,0.3406325352504532,neutral,01,02,02,female,normal,181
10,0.33366666666666667,True,1.0,0.6425760162054943,0.6255320955627711,0.6340540558841328,0.5169816131151431,-0.06370370370370382,-0.0601388888888888,0.3217667406735747,0.20999134017141663,0.1945860380495587,1.2264537844267878,0.017043920642723198,0.0035648148148150205,0.011619813503646971,0.5272622967768887,0.10374345955179881,0.11273564784651623,0.0,0.9999999987499999,0.6752042162568151,0.2803423568390738,0.24389380501233135,0.34267493448419106,neutral,01,02,02,female,normal,181
20,0.6673333333333333,True,1.0,0.6390957518672994,0.6217064645649683,0.6304011082161338,0.631273206895161,-0.06671296296296303,-0.062037037037036946,0.3131080090837593,0.25749301860197377,0.1959891058214574,0.9986185083265035,0.017389287302331136,0.004675925925926083,0.009759449547368734,0.4144736842105256,0.1048046624158487,0.11209024188768044,0.0,0.9999999987499999,0.6764040141916142,0.278330868642243,0.2445919436195426,0.3426676096099354,neutral,01,02,02,female,normal,181
30,1.0010000000000001,True,1.0,0.5670135076359899,0.5415305980885147,0.5542720528622522,0.8448143394236891,-0.06898148148148148,-0.06453703703703711,0.3587740732892393,0.32044681840208883,0.19050859125259784,0.6560874111587198,0.02548290954747523,0.004444444444444362,0.01418531641832379,0.3103448275862063,0.10305381786321656,0.11319822600701232,0.0,0.9999999987499999,0.6767683043608068,0.2796956858007323,0.25208598011679645,0.35895264014745926,neutral,01,02,02,female,normal,181
40,1.3346666666666667,True,1.0,0.41542317226047865,0.42272526905445107,0.41907422065746486,0.8201786993525446,-0.07555555555555554,-0.070925925925926,0.3433577757704952,0.31894107988989345,0.1870031233040835,0.5109547724029961,0.0073020967939724235,0.004629629629629539,0.007492750722507898,0.33331525031417963,0.11722413008174246,0.10996808523925453,0.0,0.9999999987499999,0.6106775653620823,0.26912167079902743,0.2756365309070757,0.33309566334864993,neutral,01,02,02,female,normal,181
50,1.6683333333333334,True,1.0,0.5718385655859417,0.5629629629629621,0.5674007642744519,0.9593737467343463,-0.06958333333333339,-0.06388888888888883,0.3344321318121822,0.3931191115915321,0.18704065390021432,0.5914282793393626,0.008875602622979595,0.0056944444444445574,0.009164284021030235,0.276592309543115,0.11973073666563319,0.1075882662614357,0.0,0.9999999987499999,0.6158166897540266,0.26918797186251764,0.28056414703633376,0.3432998741536976,neutral,01,02,02,female,normal,181
60,2.0020000000000002,True,1.0,0.574295885005068,0.5422669338487695,0.5582814094269187,0.9807277438483623,-0.0647685185185185,-0.06078703703703697,0.3436759293025531,0.375434839441951,0.18839055565185736,0.5692521833187161,0.03202895115629856,0.00398148148148153,0.0061716629965743435,0.2812500000000002,0.10166995489652805,0.11394224930274294,0.0,0.9999999987499999,0.6754182681900885,0.28180743729171015,0.24692027960819168,0.35580951165002056,neutral,01,02,02,female,normal,181
70,2.3356666666666666,True,1.0,0.5890640260340472,0.5423922955069623,0.5657281607705047,0.7446076338766698,-0.06388888888888883,-0.05874999999999997,0.31589880574281004,0.25382277089028965,0.19248957256034346,0.7597668020473275,0.04667173052708484,0.0051388888888888595,0.004380290194744022,0.3707083446164476,0.10067027316352559,0.11532312798525178,0.0,0.9999999987499999,0.6752982798510029,0.28194020488134164,0.2424546792972631,0.34852699251973895,neutral,01,02,02,female,normal,181
80,2.6693333333333333,True,1.0,0.5772629487217493,0.5622239992795591,0.5697434740006542,0.6241643835888012,-0.06291666666666662,-0.059166666666666534,0.3342442025945157,0.2159670675331097,0.19319816707044563,0.9128099727907585,0.015038949442190197,0.0037500000000000866,0.0026701426793121538,0.41888018660017806,0.1033819414040041,0.11256062386067614,0.0,0.9999999987499999,0.6731656215533088,0.28217323737474814,0.24318533975059325,0.34707835075453186,neutral,01,02,02,female,normal,181
90,3.003,True,1.0,0.6226334539729649,0.6141874226616656,0.6184104383173152,0.5124467921539531,-0.060925925925925994,-0.0593055555555555,0.3333713319761184,0.18416056593032767,0.19383857917192496,1.206779801895077,0.008446031311299285,0.0016203703703704941,0.008388502572261357,0.510722581184384,0.10114366948275781,0.11424303077323222,0.0,0.9999999987499999,0.6813899356695803,0.2798596165770105,0.24007402008938178,0.3467903034152018,neutral,01,02,02,female,normal,181
100,3.336666666666667,True,1.0,0.6246213467982826,0.6200013345311127,0.6223113406646976,0.5381547265271379,-0.0622685185185185,-0.05856481481481479,0.3272962422511507,0.2038464873208859,0.19383857917192496,1.1563799591255952,0.004620012267169904,0.003703703703703709,0.003287356577539839,0.49431818181818094,0.10149468582546178,0.11359635914617751,0.0,0.9999999987499999,0.6820642585706157,0.2801922668204101,0.24147650966540402,0.3442511492517689,neutral,01,02,02,female,normal,181
0,0.0,True,1.0,0.612876395390487,0.5974212493342191,0.6051488223623531,0.5333646060713148,-0.06518518518518518,-0.06129629629629624,0.32221969995439453,0.226144520184601,0.1946174021897175,1.1345875138205932,0.015455146056267854,0.0038888888888889417,0.005457721615640228,0.5110667442489885,0.10307053604895652,0.11318300378526,0.0,0.9999999987499999,0.6743319343049721,0.27929641079855666,0.24255375565579024,0.3409138907852068,neutral,01,02,02,female,normal,182
10,0.33366666666666667,True,1.0,0.6099056027662731,0.5973115380828943,0.6036085704245837,0.5495086833287368,-0.06439814814814826,-0.06046296296296283,0.32295314420277066,0.2261445201846023,0.19603931605314545,1.0984513779984844,0.01259406468337887,0.00393518518518543,0.007232064115952022,0.49692227675891915,0.1041555298093601,0.11303129254848548,0.0,0.9999999987499999,0.6749822618187901,0.2789372883081982,0.2444045881446269,0.3418303937892154,neutral,01,02,02,female,normal,182
20,0.6673333333333333,True,1.0,0.5661511007963173,0.5362891861576576,0.5512201434769874,1.1390593554944481,-0.06458333333333333,-0.059537037037037055,0.311326054739928,0.4438829446654999,0.19534560386896538,0.4839257417254707,0.029861914638659615,0.005046296296296271,0.009485447590106083,0.2564250504865133,0.10429331096574987,0.11307279390038044,0.0,0.9999999987499999,0.6710039105407788,0.28068860445637767,0.25056821707662674,0.35111943334706347,neutral,01,02,02,female,normal,182
30,1.0010000000000001,True,1.0,0.5849403899705434,0.5826305789128884,0.5837854844417159,0.8643731104088096,-0.06782407407407404,-0.062453703703703733,0.3299047089757368,0.3378736369556597,0.18985518084013475,0.6753859848388986,0.0023098110576550424,0.005370370370370303,0.0077344178090896646,0.3068021369296935,0.10355874558258543,0.11374593463550414,0.0,0.9999999987499999,0.6758389380283363,0.2792270297264134,0.2466857283236666,0.35169870367878797,neutral,01,02,02,female,normal,182
40,1.3346666666666667,True,1.0,0.6568935807167277,0.6167687558924431,0.6368311683045853,0.8091654064427369,-0.07013888888888892,-0.06620370370370365,0.3278590828038408,0.31730046834773595,0.19047174398086422,0.7870222370284345,0.04012482482428459,0.003935185185185264,0.0060305465476024655,0.31983348822814084,0.11845383472185772,0.10864237425723083,0.0,0.9999999987499999,0.6118115591470964,0.26816288773925673,0.2768967859835117,0.33256847563081293,neutral,01,02,02,female,normal,182
50,1.6683333333333334,True,1.0,0.6257931001044302,0.6071409568128429,0.6164670284586365,0.8879609580532185,-0.0656944444444445,-0.06027777777777782,0.33547214463457353,0.35049383836031245,0.19326449887396505,0.6942501501532116,0.018652143291587375,0.005416666666666681,0.011596890828955868,0.30590615754635664,0.10475158818059412,0.11298612349016234,0.0,0.9999999987499999,0.6751662258418993,0.2804628083548165,0.25568584618216966,0.36181503185110414,neutral,01,02,02,female,normal,182
60,2.0020000000000002,True,1.0,0.29115257345156753,0.27069534294279957,0.2809239581971835,0.6128870623846849,-0.07828703703703704,-0.07277777777777777,0.33086705232658226,0.21215321390239006,0.19260883806186538,0.45836170387434066,0.020457230508767965,0.005509259259259269,0.007791923542595472,0.43269230769230743,0.10189611235524616,0.11440810277996454,0.0,0.9999999987499999,0.6756272201693178,0.2788458940177369,0.24224305471797697,0.34451387381569903,neutral,01,02,02,female,normal,182
70,2.3356666666666666,True,1.0,0.5773289522910624,0.5621070401250928,0.5697179962080776,0.8395061728395055,-0.06569444444444439,-0.060277777777777874,0.31830407162340135,0.2962962962962951,0.19463425832666542,0.67863467195374,0.015221912165969576,0.005416666666666514,0.0010561433715033962,0.31985294117647134,0.10355261108273643,0.11341604946224791,0.0,0.9999999987499999,0.6733167183357718,0.28029392808895254,0.24925351696129777,0.35264801915595073,neutral,01,02,02,female,normal,182
80,2.6693333333333333,True,1.0,0.6131373973509813,0.6171725655023932,0.6151549814266872,0.9217323329058614,-0.06490740740740736,-0.06013888888888902,0.31818999600385517,0.3209441755237044,0.19668300026825294,0.6673900431455456,0.004035168151411916,0.004768518518518339,0.0025722539970287743,0.32141235741172425,0.10518042538978502,0.11156708187337923,0.0,0.9999999987499999,0.6708406343787515,0.2797712181199622,0.25191343065398664,0.3584344612277164,neutral,01,02,02,female,normal,182
90,3.003,True,1.0,0.6140432599581076,0.5733603955989802,0.593701827778544,0.5251113870196895,-0.06555555555555564,-0.06069444444444444,0.33573086478665937,0.19302924199255503,0.19597392345146344,1.13062074533966,0.04068286435912738,0.004861111111111205,0.01030590047721401,0.47971376554977946,0.10416333283227629,0.11352867224072605,0.0,0.9999999987499999,0.6738901079963235,0.2785496047648552,0.24453736835398796,0.3455622658701553,neutral,01,02,02,female,normal,182
100,3.336666666666667,True,1.0,0.6191275970711567,0.6200279312077746,0.6195777641394656,0.4904396249566089,-0.06606481481481485,-0.06185185185185177,0.3386679228097514,0.17622451647275325,0.19800338183938943,1.2633109818446706,0.0009003341366178308,0.004212962962963085,0.006693672255465067,0.5096868868843254,0.10505175251753712,0.11253792548744326,0.0,0.9999999987499999,0.6750222608730992,0.27845593902463434,0.24590413232761393,0.3427881578925623,neutral,01,02,02,female,normal,182
110,3.6703333333333332,True,1.0,0.6446219211756751,0.6244262279306539,0.6345240745531645,0.523621824713106,-0.06606481481481474,-0.06111111111111106,0.32531128849746743,0.19038028100864196,0.19734751940380232,1.2117983716603526,0.02019569324502113,0.004953703703703682,0.004926171508877614,0.4942463860018021,0.1057432796224629,0.11205854783393523,0.0,0.9999999987499999,0.6769370346497975,0.2788280430053479,0.2471067083992745,0.3433310080902579,neutral,01,02,02,female,normal,182
0,0.0,True,1.0,0.6278303049062282,0.5976749103673757,0.612752607636802,0.5282575883768134,-0.06703703703703706,-0.062453703703703733,0.32705784788656833,0.24011708562582434,0.19181031082719915,1.1599504126757894,0.03015539453885241,0.004583333333333328,0.005356965007233017,0.4772727272727262,0.10354439306980628,0.11258055988359991,0.0,0.9999999987499999,0.6785020702108967,0.2771019588948583,0.2399465497297394,0.34561591120512125,neutral,01,02,02,female,normal,183
10,0.33366666666666667,True,1.0,0.6403819003471827,0.6213558641581618,0.6308688822526722,0.5219276241927892,-0.06435185185185188,-0.06027777777777776,0.3210429667675819,0.23646192529222645,0.1931835552199687,1.2087286685167722,0.01902603618902088,0.004074074074074119,0.006905751533415566,0.5272622967768901,0.10452223915728157,0.11184377170509296,0.0,0.9999999987499999,0.6760720869285214,0.27652945626593717,0.2413803530054615,0.34344482240597635,neutral,01,02,02,female,normal,183
20,0.6673333333333333,True,1.0,0.6031714966151469,0.6026365348399244,0.6029040157275356,1.0569215088175279,-0.0637962962962964,-0.05972222222222229,0.32919472588653076,0.4243699997524933,0.19042246964201737,0.5704340489787723,0.0005349617752224978,0.004074074074074119,0.00020828567190860292,0.2642045454545456,0.10431056450402403,0.11288823507312981,0.0,0.9999999987499999,0.6779750452837385,0.2779024730444733,0.24965847477964026,0.3542695788454878,neutral,01,02,02,female,normal,183
30,1.0010000000000001,True,1.0,0.6052271915123439,0.5975651525333928,0.6013961720228684,1.0569598938609897,-0.07115740740740739,-0.0665277777777778,0.3286471770464408,0.40835603749768157,0.18771512723843176,0.5689867472889785,0.0076620389789511245,0.004629629629629595,0.008081569387889408,0.2556725327228713,0.11731604555630504,0.10969648103667871,0.0,0.9999999987499999,0.6176919947353943,0.2651104898286425,0.2775308163610487,0.3388267985056033,neutral,01,02,02,female,normal,183
40,1.3346666666666667,True,1.0,0.6205722448945841,0.6075307356530578,0.614051490273821,0.8324545970440277,-0.07370370370370366,-0.07060185185185186,0.3265926760994284,0.3361639198761531,0.1918958095845533,0.7376396171686279,0.01304150924152625,0.0031018518518518,0.01032343560209835,0.3353169206239086,0.10256850731737777,0.11347037105084866,0.0,0.9999999987499999,0.6830726948201156,0.2870784473081855,0.2565475765504846,0.35397725017505904,neutral,01,02,02,female,normal,183
50,1.6683333333333334,True,1.0,0.596359363984661,0.5776544442285169,0.587006904106589,0.9111961764194341,-0.06976851851851851,-0.06435185185185177,0.35171644610591135,0.35103459255502767,0.19397668191048117,0.6442157235703576,0.01870491975614419,0.005416666666666736,0.0018372116471708174,0.29553698979213044,0.10426051327407211,0.11293446266350936,0.0,0.9999999987499999,0.6791739030612245,0.278896379697099,0.253996287503355,0.36334486859091547,neutral,01,02,02,female,normal,183
60,2.0020000000000002,True,1.0,0.6569172670276002,0.6476538089120215,0.6522855379698109,1.0544942672853233,-0.07162037037037028,-0.06564814814814818,0.3507397306328022,0.384137197368226,0.19597392345146344,0.6185766563236484,0.009263458115578715,0.005972222222222101,0.0036120536733020236,0.24910714285714244,0.10195407224958335,0.11385555324164291,0.0,0.9999999987499999,0.6759054948854542,0.2800573595291627,0.2503567990915525,0.3575112372848363,neutral,01,02,02,female,normal,183
70,2.3356666666666666,True,1.0,0.6246811692571114,0.6110998858637442,0.6178905275604278,0.862925005108196,-0.07194444444444442,-0.06444444444444442,0.3055304968614504,0.3192620492276835,0.2001102143829511,0.7160419780429875,0.013581283393367172,0.007500000000000007,0.002799973168795763,0.3262293564516919,0.1036468230580509,0.11349794515821245,0.0,0.9999999987499999,0.6780127794399011,0.27821491408356075,0.24736797219726975,0.3525139076880655,neutral,01,02,02,female,normal,183
80,2.6693333333333333,True,1.0,0.6461824331822321,0.5954045924519055,0.6207935128170687,0.5256038647342985,-0.06819444444444445,-0.0630555555555557,0.33900469881142903,0.18550724637681082,0.20079173919975943,1.1811053047163003,0.05077784073032665,0.0051388888888887485,0.00011657747518901791,0.47977941176470623,0.10557063078242959,0.11239085902201636,0.0,0.9999999987499999,0.676247646316339,0.27666951143856083,0.24414987415498007,0.346596799825463,neutral,01,02,02,female,normal,183
90,3.003,True,1.0,0.6075778530057969,0.6144303303792498,0.6110040916925233,0.5185967450947325,-0.06689814814814826,-0.06111111111111117,0.33138260643777573,0.1964381610207328,0.20149834358696808,1.1781872861174836,0.006852477373452848,0.0057870370370370905,0.002838806981705885,0.47823376066929185,0.10539789591708323,0.11221380893937134,0.0,0.9999999987499999,0.677050638614821,0.27549701770578755,0.24286849459235543,0.34133378946356835,neutral,01,02,02,female,normal,183
100,3.336666666666667,True,1.0,0.5319489369803923,0.5384974738323508,0.5352232054063715,0.5283343247696118,-0.06685185185185188,-0.06282407407407409,0.32268482603757603,0.19209366850065948,0.2000976324197766,1.0130388663272325,0.006548536851958553,0.004027777777777797,0.0017318107164885409,0.49424638600180326,0.10454936316799887,0.11232840358215346,0.0,0.9999999987499999,0.6768849321369173,0.2779169947801645,0.24360042703097068,0.3415844219175986,neutral,01,02,02,female,normal,183
0,0.0,True,1.0,0.5352011879914328,0.5186563484507657,0.5269287682210992,0.54574261139442,-0.06337962962962962,-0.05837962962962945,0.3408763382091355,0.1949080754980067,0.19040764478510805,0.9655261605370162,0.0165448395406671,0.005000000000000171,0.006299569338652116,0.49821428571428544,0.10332986568759767,0.11243911579911693,0.0,0.9999999987499999,0.6787161397136979,0.2803008947213868,0.242952359935961,0.3450207208069353,calm,02,02,02,female,normal,184
10,0.33366666666666667,True,1.0,0.5564564928361736,0.548037812188866,0.5522471525125199,0.5256129893462994,-0.06125000000000003,-0.058240740740740704,0.34048733423038074,0.17775653902980434,0.1918103108271991,1.0506725741297702,0.008418680647307553,0.0030092592592593226,0.010484899465487883,0.5458811814876825,0.10460928011221378,0.1117623651409537,0.0,0.9999999987499999,0.6759413766287765,0.28136713036244576,0.24648739826675692,0.3445972136053332,calm,02,02,02,female,normal,184
20,0.6673333333333333,True,1.0,0.2471594478850141,0.22591878529818168,0.23653911659159788,0.717006827346439,-0.07166666666666666,-0.06634259259259251,0.35058986298629463,0.23153345466395348,0.19258942778070978,0.3298979975783527,0.02124066258683241,0.005324074074074148,0.004007018161955876,0.3984375000000008,0.10413937466328146,0.11438649269151552,0.0,0.9999999987499999,0.6788402595413164,0.2806777893937102,0.2510603868649925,0.35347979491262727,calm,02,02,02,female,normal,184
30,1.0010000000000001,True,1.0,0.5066957567014242,0.48204928722463475,0.4943725219630295,0.8180549943610931,-0.06333333333333346,-0.05921296296296291,0.37426497576097023,0.2820746639164162,0.18842780990276645,0.6043267572116445,0.024646469476789445,0.004120370370370552,0.007462177420443403,0.34912151283719933,0.10269403253668008,0.1133567795989749,0.0,0.9999999987499999,0.6790056479232318,0.28100791565926314,0.2550403370510678,0.36659743520570015,calm,02,02,02,female,normal,184
40,1.3346666666666667,True,1.0,0.3381056017391808,0.34055144875659227,0.33932852524788654,0.7202369036793645,-0.07300925925925927,-0.06791666666666668,0.3934502844482581,0.2333974453955239,0.18565352380921238,0.47113459962188914,0.002445847017411462,0.005092592592592593,0.005010230979952233,0.3853957581757694,0.1194961591591547,0.10820147956974897,0.0,0.9999999987499999,0.6081165557551146,0.27087836628269424,0.2950952774931114,0.34957338519419684,calm,02,02,02,female,normal,184
50,1.6683333333333334,True,1.0,0.31669514263648024,0.3143473369332954,0.31552123978488783,1.22850224579107,-0.08064814814814814,-0.07523148148148134,0.3449688908559658,0.47016752616695257,0.18426642021493544,0.25683407650729534,0.0023478057031848243,0.005416666666666792,0.006261053447506792,0.24305555555555522,0.11803415294189519,0.1094468961589591,0.0,0.9999999987499999,0.6067661438481642,0.2688325953033455,0.2810909714632177,0.3371681184851124,calm,02,02,02,female,normal,184
60,2.0020000000000002,True,1.0,0.5366245983443891,0.5272078551986865,0.5319162267715378,0.8451352213390999,-0.06685185185185183,-0.06259259259259259,0.367429696167144,0.307959008703865,0.18702148160187476,0.6293859412565094,0.009416743145702622,0.00425925925925924,0.005573986308631149,0.3146043463775378,0.11794967290302555,0.10936386539548996,0.0,0.9999999987499999,0.6064343163202781,0.2705706464763213,0.28559359836893444,0.3443723744098577,calm,02,02,02,female,normal,184
70,2.3356666666666666,True,1.0,0.5595352240289372,0.5037037037037031,0.5316194638663201,0.7452570221136408,-0.06490740740740747,-0.059537037037037055,0.36494978131047257,0.30095157472678385,0.1884087787601568,0.713337074447929,0.055831520325234085,0.005370370370370414,0.008642325845052177,0.3677669452004156,0.1052956539662141,0.11179968154521103,0.0,0.9999999987499999,0.6758170245676396,0.28094896113963985,0.25648056629209687,0.355877963365072,calm,02,02,02,female,normal,184
80,2.6693333333333333,True,1.0,0.5535081565544461,0.5484016529535007,0.5509549047539735,0.8567627159918749,-0.06574074074074077,-0.061064814814814794,0.3357473269371303,0.33491633443318725,0.19045451944182107,0.6430659206687496,0.0051065036009453335,0.004675925925925972,0.009505161718200303,0.3170454545454537,0.1039012557393822,0.11343315427382718,0.0,0.9999999987499999,0.6756576695600114,0.28045378931534565,0.2526932224185542,0.35460340398332457,calm,02,02,02,female,normal,184
90,3.003,True,1.0,0.5714956096955301,0.5238366300206593,0.5476661198580948,0.729058237906391,-0.06435185185185188,-0.05898148148148147,0.34562590153904027,0.25819039800610305,0.19185922873339611,0.7511966690491103,0.04765897967487087,0.005370370370370414,0.004810061107816877,0.37555247160434474,0.10374779942306997,0.1134056506529378,0.0,0.9999999987499999,0.6790409181328783,0.27905198005120363,0.24624071873907474,0.3448362918169486,calm,02,02,02,female,normal,184
100,3.336666666666667,True,1.0,0.59802885850989,0.5530386792786578,0.5755337688942739,0.5923191483669451,-0.06347222222222226,-0.06027777777777776,0.344908126007433,0.19743971612231545,0.19598910582145754,0.9716615957479183,0.044990179231232164,0.0031944444444444997,0.0014952689366083407,0.4622501635210234,0.10563091575248125,0.11165373761213744,0.0,0.9999999987499999,0.6789658355842336,0.2802812485085849,0.2488658034769902,0.3410876996120562,calm,02,02,02,female,normal,184
110,3.6703333333333332,True,1.0,0.5759524313957165,0.544590160189604,0.5602712957926603,0.49694959545269535,-0.06037037037037035,-0.056990740740740675,0.3479345129403725,0.15059078650081642,0.19872209579505937,1.1274207704752877,0.03136227120611246,0.003379629629629677,0.0027183715742149866,0.5462956477975752,0.10470192171508048,0.11269453856322581,0.0,0.9999999987499999,0.6760047299232192,0.28325302528954316,0.24508717188210621,0.33516007023999206,calm,02,02,02,female,normal,184
0,0.0,True,1.0,0.5874550835441935,0.5675792126820683,0.5775171481131309,0.5297076112043657,-0.05962962962962959,-0.05532407407407414,0.3374490350589161,0.14798628730768676,0.19671558142997747,1.090256465826616,0.019875870862125167,0.0043055555555554514,0.012857658749859365,0.5301555798423441,0.11639806075994553,0.10770374570759508,0.0,0.9999999987499999,0.6229723984124901,0.2681892807356532,0.25579747808184883,0.31859234494971506,calm,02,02,02,female,normal,185
10,0.33366666666666667,True,1.0,0.5710355610479458,0.5485510643263996,0.5597933126871727,0.5096712245850696,-0.06041666666666662,-0.056574074074074054,0.34108639177513705,0.14670222391434212,0.19394049355166268,1.0983420010476521,0.022484496721546288,0.003842592592592564,0.01449780425547017,0.5453753224847466,0.11562140896156511,0.10853706822066385,0.0,0.9999999987499999,0.6250587809342487,0.26625406459214135,0.252398624200628,0.31862303505292305,calm,02,02,02,female,normal,185
20,0.6673333333333333,True,1.0,0.4403640498910771,0.43699947497401526,0.4386817624325462,0.5818540737913422,-0.06300925925925926,-0.058796296296296235,0.3658339341933497,0.15260095628112727,0.1918771224123703,0.7539377692659434,0.0033645749170618244,0.004212962962963029,0.011952651386240805,0.478352655409991,0.10359737794616466,0.11202274429658639,0.0,0.9999999987499999,0.6761184647296419,0.28277010279917564,0.24890241466825255,0.3417577753669362,calm,02,02,02,female,normal,185
30,1.0010000000000001,True,1.0,0.45890950606910297,0.42910366690336305,0.44400658648623303,0.8665698528360993,-0.0639351851851852,-0.06023148148148144,0.3779777814281071,0.2935035161744545,0.1856535238092123,0.5123725283462074,0.029805839165739922,0.0037037037037037646,0.01366937097321166,0.3175272547423756,0.102050781629738,0.11309704695744886,0.0,0.9999999987499999,0.676441734662615,0.28293978530242747,0.25618205710214126,0.36351146063763756,calm,02,02,02,female,normal,185
40,1.3346666666666667,True,1.0,0.44342688373784267,0.44424948059476366,0.44383818216630316,0.7142280274967986,-0.06537037037037036,-0.060972222222222205,0.38273477424536706,0.24721831515201506,0.18145361677040917,0.6214236421410844,0.0008225968569209874,0.004398148148148151,0.011851253959175852,0.389874811828235,0.11794290273631215,0.10971900464762978,0.0,0.9999999987499999,0.6114023227025186,0.2687210492515356,0.28505555875479865,0.3480222884495506,calm,02,02,02,female,normal,185
50,1.6683333333333334,True,1.0,0.5454656730893602,0.5136215931905733,0.5295436331399668,1.2742093284989158,-0.06884259259259257,-0.06282407407407403,0.33698845914949765,0.4797833018981831,0.18285973512150927,0.41558605897493817,0.0318440798987869,0.006018518518518534,0.013840824236874778,0.22916114104990698,0.11951465125123477,0.10729688081823119,0.0,0.9999999987499999,0.6113229406371924,0.26991948846451774,0.287540385789364,0.3583433452836699,calm,02,02,02,female,normal,185
60,2.0020000000000002,True,1.0,0.5234398429795732,0.4989368739265902,0.5111883584530817,0.9733112168085577,-0.06638888888888883,-0.06125000000000003,0.3695883244076337,0.35783500617961667,0.18424695923669349,0.5252054529169453,0.024502969052983048,0.005138888888888804,0.009338246421306026,0.28989530096432015,0.10322889152259847,0.11236239545459158,0.0,0.9999999987499999,0.6780177434176796,0.2834417506310417,0.26154355417004604,0.3764550150777099,calm,02,02,02,female,normal,185
70,2.3356666666666666,True,1.0,0.4774645689351766,0.42850079005216374,0.45298267949367016,0.9097505781735993,-0.06749999999999995,-0.06222222222222218,0.3652668289716717,0.3537777903185613,0.18424695923669349,0.49791963903234987,0.04896377888301284,0.00527777777777777,0.009591076547300495,0.30397401005764824,0.10197225668231562,0.11383926703554202,0.0,0.9999999987499999,0.6790077132337311,0.2815526869692292,0.25189256590958853,0.356595778522033,calm,02,02,02,female,normal,185
80,2.6693333333333333,True,1.0,0.5434467781621597,0.5273069679849347,0.5353768730735472,0.8530901869258963,-0.06569444444444444,-0.06087962962962967,0.3050769294100423,0.35681104873922215,0.18629180588200317,0.6275735921928413,0.01613981017722499,0.004814814814814772,0.006379639674554887,0.31053829131843225,0.10444563587875742,0.1119153112559375,0.0,0.9999999987499999,0.6757822204506803,0.28202557554945956,0.24857580289047215,0.3434546399174986,calm,02,02,02,female,normal,185
90,3.003,True,1.0,0.4825958683076565,0.4517723595024507,0.4671841139050536,0.768321122807944,-0.06518518518518523,-0.05958333333333332,0.3484422160565198,0.2937519744580545,0.18773422869844486,0.6080584016715038,0.03082350880520579,0.005601851851851913,0.014991907182321419,0.3534639207408643,0.10405348409898557,0.11211019688921013,0.0,0.9999999987499999,0.6739365429374876,0.28339617859176847,0.25215159736579923,0.35205869868374157,calm,02,02,02,female,normal,185
100,3.336666666666667,True,1.0,0.600045509944416,0.5624692175402883,0.5812573637423522,0.6268217644999914,-0.06421296296296292,-0.05925925925925929,0.35579432952970175,0.21640275202975928,0.1925359403531373,0.9273088406654395,0.03757629240412763,0.004953703703703627,0.008132033058728293,0.44260515504338127,0.10345469794913174,0.11249375682457531,0.0,0.9999999987499999,0.6777404614580209,0.28179115669069865,0.24422104421187982,0.34025446454078684,calm,02,02,02,female,normal,185
110,3.6703333333333332,True,1.0,0.602340892268285,0.5675792126820652,0.5849600524751751,0.5661786161140843,-0.06217592592592591,-0.056712962962962854,0.3531814027426497,0.17132475942805436,0.195328027932124,1.0331722813729625,0.034761679586219785,0.005462962962963058,0.0179413042234281,0.4743626736781927,0.10529476701776123,0.11128811137782635,0.0,0.9999999987499999,0.6776904187534389,0.283296227695671,0.2466723378296085,0.3395785202524973,calm,02,02,02,female,normal,185
0,0.0,True,1.0,0.5609357013577257,0.5474412815661606,0.5541884914619432,0.5077794114238449,-0.0593055555555555,-0.05569444444444438,0.35466399022489536,0.10452851584119459,0.19668300026825294,1.0913961436679056,0.013494419791565182,0.0036111111111111205,0.007451527420081546,0.5293393275032083,0.11621519127682713,0.10860502057848567,0.0,0.9999999987499999,0.6152761292251275,0.26615164774540606,0.2627325347628964,0.31507435668782513,calm,02,02,02,female,normal,186
10,0.33366666666666667,True,1.0,0.5357236709625575,0.5020000555239955,0.5188618632432764,0.48874541507020935,-0.05777777777777776,-0.054305555555555496,0.3605925656047354,0.08884989611895226,0.19666787146554268,1.0616199093524812,0.03372361543856195,0.0034722222222222654,0.011379231822411654,0.5624183013123966,0.11770964939764289,0.10698345487724373,0.0,0.9999999987499999,0.6136506221082183,0.2673464909518681,0.26621049466229885,0.314829825916148,calm,02,02,02,female,normal,186
20,0.6673333333333333,True,1.0,0.4576978743903013,0.4368720512743898,0.44728496283234553,0.7364801918115617,-0.06453703703703706,-0.05898148148148147,0.3660226908045647,0.18049887261151146,0.19536395927035802,0.6073278925969938,0.020825823115911468,0.005555555555555591,0.014041580730810624,0.3860059340684454,0.11636879692683201,0.10826458485114245,0.0,0.9999999987499999,0.6094329644904838,0.26997274790445985,0.2744694124774789,0.33456227486398454,calm,02,02,02,female,normal,186
30,1.0010000000000001,True,1.0,0.512187299279176,0.5055097178062063,0.5088485085426911,0.7881728362639281,-0.06407407407407417,-0.058888888888888935,0.3724747300187483,0.23634063458668608,0.18704065390021432,0.6456052341954828,0.006677581472969596,0.005185185185185237,0.011185186286870707,0.35778617977130917,0.10262505613004003,0.1130827739278976,0.0,0.9996928357458583,0.6792917890281113,0.2834815209028233,0.2536369414728393,0.36034495038061526,calm,02,02,02,female,normal,186
40,1.3346666666666667,True,1.0,0.3117778890088406,0.315315066111586,0.3135464775602133,0.7849752131083115,-0.07138888888888889,-0.06509259259259254,0.36319956085964306,0.2979352003583923,0.1870814394868776,0.39943487682705964,0.0035371771027453702,0.006296296296296355,0.00527439435013896,0.3540898325912052,0.1033155804551788,0.1127905786636602,0.0,0.9999999987499999,0.6794601330063275,0.2825373385151678,0.25758665126285424,0.36745991692217783,calm,02,02,02,female,normal,186
50,1.6683333333333334,True,1.0,0.25553119563897364,0.26422695749296704,0.2598790765659703,0.7736462778203144,-0.07518518518518519,-0.06962962962962971,0.3662598314160277,0.30795900870386467,0.186432225179185,0.33591459561876075,0.0086957618539934,0.00555555555555548,0.013183755400907504,0.37491864627304233,0.10480681169157897,0.11191813019296777,0.0,0.9999999987499999,0.6739976754451781,0.2827107093612822,0.2586722898763962,0.3649108329118387,calm,02,02,02,female,normal,186
60,2.0020000000000002,True,1.0,0.5076749620758969,0.49717514124293744,0.5024250516594172,0.6116511003853492,-0.06412037037037033,-0.06041666666666673,0.35408547055571793,0.20877789364591587,0.1877342286984449,0.8214242586057345,0.010499820832959472,0.003703703703703598,0.0014190999194389042,0.425843387224196,0.11758686173956319,0.1090572993809985,0.0,0.9999999987499999,0.6062917619313349,0.2711271394735767,0.27645730395057266,0.32563840010554274,calm,02,02,02,female,normal,186
70,2.3356666666666666,True,1.0,0.4679023505011706,0.4364349520840287,0.45216865129259964,0.7719855170595771,-0.06509259259259265,-0.06032407407407403,0.36104294502626594,0.29131528945644447,0.18844764883487852,0.585721676508737,0.03146739841714191,0.004768518518518616,0.009657573397687072,0.33962264150943444,0.10415292816499426,0.11201781713127298,0.0,0.9999999987499999,0.6767046965817577,0.28229444479180044,0.2563368675770628,0.3609887862708692,calm,02,02,02,female,normal,186
80,2.6693333333333333,True,1.0,0.5207260879625617,0.5123899757739426,0.5165580318682521,0.8353655608858005,-0.06379629629629635,-0.05898148148148147,0.3481621802572299,0.303753409418946,0.19045451944182107,0.6183616563274491,0.008336112188619071,0.004814814814814883,0.011572974617886233,0.3374823506226633,0.10442823519910369,0.112271453789093,0.0,0.9999999987499999,0.6758926142175621,0.28130401458579596,0.25477014728548947,0.36079529053086656,calm,02,02,02,female,normal,186
90,3.003,True,1.0,0.4651652802082907,0.4750012244612831,0.47008325233478687,0.662653603693813,-0.06124999999999997,-0.05689814814814814,0.3529541354127402,0.21082710110114297,0.19179559324362383,0.7093951496142387,0.009835944252992446,0.004351851851851829,0.005752408489779144,0.4218405300807861,0.10369021027091538,0.11295342374865863,0.0,0.9999999987499999,0.6762687941192103,0.2809343930920395,0.24282733267370493,0.3404864276052146,calm,02,02,02,female,normal,186
100,3.336666666666667,True,1.0,0.5773289522910624,0.5333604203297051,0.5553446863103837,0.5161538986530657,-0.06097222222222215,-0.05736111111111114,0.349022239896552,0.17455757846741524,0.19315669812580716,1.0759284929545019,0.043968531961357304,0.0036111111111110095,0.007146655116649838,0.5136400140600613,0.10495761547906159,0.1117767175923277,0.0,0.9999999987499999,0.6805151257534263,0.28003443137594525,0.24582438745621454,0.3420866203029102,calm,02,02,02,female,normal,186
110,3.6703333333333332,True,1.0,0.5421163194324738,0.5314988742186625,0.5368075968255681,0.5313308009789066,-0.060092592592592586,-0.057083333333333375,0.3478753963781712,0.1593786586006847,0.1973212290613243,1.0103076950114152,0.01061744521381136,0.0030092592592592116,0.007842758640456048,0.5142193095107599,0.10522269821654938,0.11220844537166988,0.0,0.9999999987499999,0.6788287756665166,0.2818442681520527,0.24526855325791286,0.338770835216718,calm,02,02,02,female,normal,186
0,0.0,True,1.0,0.5268969629319973,0.5461250387263122,0.5365110008291547,0.5080060162799458,-0.05833333333333346,-0.05472222222222217,0.3516772041164972,0.08963585434173639,0.19941615374813357,1.0561115097768856,0.01922807579431496,0.003611111111111287,0.002762942849004929,0.5458811814876825,0.11646628759831784,0.10886200840535222,0.0,0.9999999987499999,0.6125873497680321,0.2655367211126603,0.25891631866736087,0.31515458274871866,calm,02,02,02,female,normal,187
10,0.33366666666666667,True,1.0,0.6000455099444134,0.5609976929133305,0.5805216014288719,0.5078798360370615,-0.06087962962962956,-0.05819444444444438,0.3514110336645517,0.1120323167728819,0.19666787146554274,1.1430294338098304,0.039047817031082954,0.0026851851851851793,0.007054670256417571,0.5459558823529401,0.10540759231543581,0.11152344629025739,0.0,0.9999999987499999,0.6755115832817503,0.2825603370515734,0.2480045848735286,0.342324333799235,calm,02,02,02,female,normal,187
20,0.6673333333333333,True,1.0,0.5547071413758485,0.5272078551986884,0.5409574982872685,0.8248442640116529,-0.060416666666666674,-0.05611111111111111,0.36944618642265886,0.2630845051938987,0.19461740218971751,0.6558298601196627,0.02749928617716013,0.0043055555555555625,0.0022022854716300193,0.3394236930361657,0.10444388179228911,0.11276490163766127,0.0,0.9999999987499999,0.671861024972489,0.282625683768935,0.25724977121644876,0.3626607685310408,calm,02,02,02,female,normal,187
30,1.0010000000000001,True,1.0,0.5372844109410447,0.5210727969348662,0.5291786039379555,0.9009499274909581,-0.06185185185185188,-0.05842592592592599,0.3694778026164505,0.2931545614288525,0.18421051613193198,0.5873562867268961,0.016211614006178543,0.003425925925925888,0.002585582965122019,0.30355932903063737,0.10278149533734258,0.1136133614982981,0.0,0.9999999987499999,0.6745709905759179,0.28192541109217717,0.25533972359193885,0.3685666643079443,calm,02,02,02,female,normal,187
40,1.3346666666666667,True,1.0,0.5076749620758982,0.5211142139492126,0.5143945880125554,0.749710815489538,-0.06300925925925921,-0.05939814814814809,0.3797096660729443,0.3054377396438861,0.18214728491871637,0.6861240059297686,0.013439251873314406,0.0036111111111111205,0.0022664680844508693,0.3750000000000011,0.11975935830358214,0.10755640584748444,0.0,0.9999999987499999,0.6044644543442377,0.2707121333004756,0.29607801687667307,0.35250765949230717,calm,02,02,02,female,normal,187
50,1.6683333333333334,True,1.0,0.5168201900999615,0.505671223101645,0.5112457066008033,0.7714944323557104,-0.061990740740740735,-0.05814814814814806,0.3870879453937434,0.26174383557977227,0.18771512723843176,0.6626693403862245,0.011148966998316467,0.003842592592592675,0.0012017522309055355,0.3615889020881898,0.10383838645292792,0.11365845713887367,0.0,0.9999999987499999,0.678087782222264,0.28211723863828186,0.2588328122174049,0.3643930082000526,calm,02,02,02,female,normal,187
60,2.0020000000000002,True,1.0,0.5149580160963175,0.49822139944626476,0.5065897077712911,0.8749504910914307,-0.060370370370370297,-0.056481481481481355,0.38437216168502764,0.2569196655790168,0.19111638833184727,0.5789924263478736,0.01673661665005277,0.0038888888888889417,0.004709724144818822,0.32180743220419017,0.10255727017791476,0.11331251557603172,0.0,0.9999999987499999,0.6731435637301796,0.2837138781444757,0.2618737318656944,0.3751833954857594,calm,02,02,02,female,normal,187
70,2.3356666666666666,True,1.0,0.5469442168105554,0.5293397313348267,0.538141974072691,0.7163934604141311,-0.060277777777777874,-0.056296296296296344,0.38739651400953296,0.23419185288716357,0.1918771224123703,0.7511821419497648,0.01760448547572868,0.00398148148148153,0.003641924497085554,0.38940029491808664,0.10409540072677938,0.11258011898287423,0.0,0.9999999987499999,0.6754861953844037,0.28171953405272093,0.2592200217058246,0.3644259692147164,calm,02,02,02,female,normal,187
80,2.6693333333333333,True,1.0,0.5393067563180982,0.5344210616179372,0.5368639089680177,0.693637547434033,-0.05800925925925926,-0.05518518518518517,0.34717493206177946,0.17724908174506437,0.19874973631505963,0.7739833446935411,0.004885694700160981,0.00282407407407409,0.0002038713981278921,0.4148549954956686,0.10372493773673502,0.11342656116114816,0.0,0.9999999987499999,0.6711313443424245,0.2856976959387926,0.24975494418691221,0.34445647020391634,calm,02,02,02,female,normal,187
90,3.003,True,1.0,0.5603099602436817,0.5466607822874562,0.553485371265569,0.7196159239502508,-0.05819444444444449,-0.054907407407407405,0.3634373466967272,0.19091851043578106,0.1980280405519255,0.7691399715382522,0.013649177956225556,0.0032870370370370883,0.0023743342078491893,0.3903061224489789,0.11606433426533384,0.10859091832492097,0.0,0.9999999987499999,0.6115738511029412,0.26773197921114467,0.27444164623179285,0.3307273899637269,calm,02,02,02,female,normal,187
100,3.336666666666667,True,1.0,0.5247206167146924,0.5091513446748618,0.5169359806947771,0.5675026793487528,-0.05685185185185193,-0.054537037037037106,0.3563656637984245,0.13439380608153573,0.1980415244866766,0.9108961058791751,0.015569272039830606,0.002314814814814825,0.005763732309671168,0.4891415844602372,0.10508145988887109,0.11251018695216429,0.0,0.9999999987499999,0.671442139004039,0.2842088481737318,0.24873502539819572,0.34289142166143277,calm,02,02,02,female,normal,187
110,3.6703333333333332,True,1.0,0.550209665476267,0.5213166820172674,0.5357631737467672,0.5182910606938894,-0.05791666666666667,-0.05481481481481476,0.3591136895661914,0.1332748441784284,0.19801532628674082,1.0337110059924361,0.0288929834589996,0.003101851851851911,0.002435146915909527,0.48214285714285776,0.11412255375354997,0.108191980710541,0.0,0.9999999987499999,0.6296674918717486,0.2695912167672912,0.2527070503032451,0.3203347658688018,calm,02,02,02,female,normal,187
0,0.0,True,1.0,0.6226334539729651,0.6213558641581618,0.6219946590655634,0.5349065880039323,-0.06379629629629624,-0.05972222222222218,0.33493429142729975,0.2045231071779749,0.1897285547994645,1.162809868142792,0.0012775898148033038,0.004074074074074063,0.0034071196028029904,0.5128676470588232,0.10441184535552311,0.11228669641730321,0.0,0.9999999987499999,0.6764762872336434,0.28112274825239847,0.24594475667632096,0.34551636856510165,calm,02,02,02,female,strong,188
10,0.33366666666666667,True,1.0,0.5628342105300967,0.5574451086168872,0.560139659573492,0.5014245014245008,-0.062222222222222234,-0.057222222222222174,0.34669893255824963,0.18233618233618165,0.1904224696420173,1.1170967074448632,0.005389101913209515,0.00500000000000006,0.005736462404220897,0.5284090909090929,0.10427544268622398,0.11241337863076921,0.0,0.9999999987499999,0.6746455602240896,0.2811289659063443,0.24620076711807898,0.3447190454569,calm,02,02,02,female,strong,188
20,0.6673333333333333,True,1.0,0.5749383020717778,0.5822232468803442,0.5785807744760609,0.7577413479052818,-0.06189814814814809,-0.057453703703703674,0.3625880649259951,0.2622950819672133,0.1911016173062288,0.7635597240080714,0.0072849448085664514,0.0044444444444444176,0.003702528510650382,0.38942307692307726,0.10514704312405489,0.1126181985743927,0.0,0.9999999987499999,0.6747710799944978,0.28202358141757466,0.2585309089336113,0.36434198335396983,calm,02,02,02,female,strong,188
30,1.0010000000000001,True,1.0,0.5391592874644501,0.49933484117186433,0.5192470643181573,0.7794522541803552,-0.0627314814814815,-0.05842592592592588,0.3854496462724785,0.2392938650136365,0.18835653446589817,0.6661691739722779,0.03982444629258575,0.004305555555555618,0.0013520713387315077,0.35524586037641426,0.10318573580602616,0.11324634926195215,0.0,0.9999999987499999,0.6747419589163791,0.2823049326281262,0.25765327193096565,0.3665968096979979,calm,02,02,02,female,strong,188
40,1.3346666666666667,True,1.0,0.5458755597252841,0.5273401780846275,0.5366078689049558,0.6970153786882655,-0.06458333333333333,-0.060833333333333295,0.40069747998943556,0.23670887299382723,0.18284095896059616,0.7698651784625105,0.0185353816406566,0.003750000000000031,0.0011645407121094816,0.3926665648528275,0.11859191071173135,0.1102337272973791,0.0,0.9999999987499999,0.6038194564779037,0.2698850852578007,0.29521339225497,0.3510822547201378,calm,02,02,02,female,strong,188
50,1.6683333333333334,True,1.0,0.5215403059467034,0.5121575277040151,0.5168489168253593,0.8007343422601717,-0.06875000000000003,-0.06587962962962962,0.36079276770886626,0.34211405463601247,0.18209575803052955,0.6454686523953616,0.009382778242688294,0.002870370370370412,0.0016558072855444247,0.3477090885203199,0.12133077876538874,0.10685574458003406,0.0,0.9999999987499999,0.6013586429728142,0.2685595131843717,0.2963276751051183,0.3450653354610018,calm,02,02,02,female,strong,188
60,2.0020000000000002,True,1.0,0.5000142353482699,0.4834307992202722,0.4917225172842711,0.9842831171380018,-0.06800925925925927,-0.06337962962962962,0.3575325973200793,0.43337838739658363,0.18003070417674166,0.49957426752787526,0.01658343612799773,0.00462962962962965,0.0029114407452558596,0.28583770068674125,0.11910681994982507,0.10862991151778463,0.0,0.9999999987499999,0.5991129639433899,0.2673617075058426,0.28771568996386554,0.34838393059407025,calm,02,02,02,female,strong,188
70,2.3356666666666666,True,1.0,0.5303433565944965,0.527067752752859,0.5287055546736777,0.5368574408037824,-0.06333333333333341,-0.059537037037037055,0.3565998522633324,0.2386033070239034,0.18625903980083208,0.9848155478335187,0.0032756038416374977,0.003796296296296353,0.0010476972390018925,0.48517084162516433,0.10303559031661687,0.11371854166508712,0.0,0.9999999987499999,0.6760136848723864,0.2800655825227994,0.24802665528477677,0.35183798106377595,calm,02,02,02,female,strong,188
80,2.6693333333333333,True,1.0,0.5084638928308237,0.4671390621757908,0.48780147750330727,0.7416166774486547,-0.06273148148148144,-0.05972222222222218,0.3788211959314476,0.2658625824815931,0.18974423689279155,0.6577541907248706,0.041324830655032896,0.003009259259259267,0.0016146026319963096,0.3608490566037738,0.10477219845971303,0.11229038234879234,0.0,0.9999999987499999,0.6766133673234919,0.28216772585864913,0.2597260592050739,0.36174473391061784,calm,02,02,02,female,strong,188
90,3.003,True,1.0,0.5609357013577261,0.5703117253968057,0.5656237133772659,0.8732943469785577,-0.06097222222222215,-0.05689814814814814,0.33582172372262536,0.280701754385965,0.1952268378891098,0.6476896539342352,0.009376024039079667,0.004074074074074008,0.005011065848782438,0.32142857142857145,0.10311026891770843,0.1139856128152221,0.0,0.9999999987499999,0.6717713987001049,0.2843630473665895,0.25199231005654454,0.35442523958204475,calm,02,02,02,female,strong,188
100,3.336666666666667,True,1.0,0.5825988710098042,0.576895910954909,0.5797473909823566,0.5161389897074734,-0.06111111111111106,-0.056990740740740675,0.3699997812606297,0.15052216549824032,0.19798180294653364,1.1232388998764342,0.005702960054895234,0.004120370370370385,6.33223166516426e-06,0.53118516201843,0.10473704839658718,0.11333630449257773,0.0,0.9999999987499999,0.6706247332057823,0.2846875087781362,0.24691110139860734,0.34171776180628594,calm,02,02,02,female,strong,188
110,3.6703333333333332,True,1.0,0.5891322430739389,0.5699673228774608,0.5795497829756998,0.48067022760313266,-0.059398148148148255,-0.05694444444444441,0.36306650083462966,0.11652611578257732,0.19938057002093038,1.2057118367110673,0.019164920196478086,0.0024537037037038467,0.0003088842179028604,0.5633156518733937,0.10541201341583019,0.11253964058567738,0.0,0.9999999987499999,0.6709087790428672,0.2853825056637908,0.24841739723828793,0.33940154663223443,calm,02,02,02,female,strong,188
120,4.0040000000000004,True,1.0,0.5511162702266537,0.538614968523651,0.5448656193751523,0.49948695496555223,-0.058657407407407436,-0.05435185185185187,0.36226836598375023,0.12487173874138777,0.20148584830677616,1.0908505496659662,0.012501301703002676,0.0043055555555555625,0.006043915306963062,0.5459558823529413,0.10572279103543705,0.11224773820013156,0.0,0.9999999987499999,0.6726037115627502,0.2739467186398936,0.23962256470896662,0.3482328113563217,calm,02,02,02,female,strong,188
0,0.0,True,1.0,0.39827641525053414,0.40659512355220695,0.40243576940137055,0.505747126436781,-0.06763888888888897,-0.06509259259259259,0.3399496542279552,0.16858237547892657,0.19455780600042563,0.7957252713163473,0.008318708301672806,0.0025462962962963798,0.00023644193878696255,0.5625000000000013,0.10380377356931221,0.1130177693230498,0.0,0.9999999987499999,0.6737038658275809,0.2832246766663734,0.2456346040519746,0.34227730802077155,calm,02,02,02,female,strong,189
10,0.33366666666666667,True,1.0,0.5511468205663314,0.5473181692952747,0.549232494930803,0.5166191832858508,-0.06430555555555556,-0.06023148148148155,0.3450141588831812,0.18233618233618296,0.19175620820850034,1.063128340371571,0.0038286512710566933,0.004074074074074008,0.0006531951504905226,0.529411764705881,0.1055788527175144,0.11153227961809661,0.0,0.9999999987499999,0.6733423231089313,0.2815263656658758,0.2472994632033798,0.34367112949281625,calm,02,02,02,female,strong,189
20,0.6673333333333333,True,1.0,0.5614077628560665,0.5273069679849336,0.5443573654205001,0.8812010779617305,-0.06342592592592594,-0.05865740740740738,0.3567723809772854,0.3230928638143967,0.18967385838108636,0.6177447792955841,0.03410079487113293,0.004768518518518561,0.004755308381162249,0.3191714066544984,0.10482317043734038,0.1134247508705828,0.0,0.9999999987499999,0.675570361746261,0.28037848443959107,0.25646480628869595,0.36053093578121265,calm,02,02,02,female,strong,189
30,1.0010000000000001,True,1.0,0.5762309355313258,0.5272166063540948,0.5517237709427103,0.8464765951460573,-0.06638888888888883,-0.061851851851851936,0.37240116057853184,0.3315366664322056,0.1834681159975041,0.6517885717176998,0.04901432917723092,0.004537037037036895,0.003885426881914874,0.3374999999999993,0.10434042433674015,0.11286063678134406,0.0,0.9999999987499999,0.673710443005327,0.2828249413804855,0.25778367931037693,0.36745222954766477,calm,02,02,02,female,strong,189
40,1.3346666666666667,True,1.0,0.3223016173279761,0.31626510727185575,0.31928336229991594,0.7946509153113237,-0.07995370370370375,-0.07587962962962957,0.3603650849299561,0.33229118669066504,0.17937264837066702,0.4017907186010463,0.0060365100561203255,0.004074074074074174,0.0017163408188704801,0.3477090885203184,0.12224054313583715,0.10581378756766718,0.0,0.9999999987499999,0.6031780043189151,0.266014626622709,0.2913780525031101,0.3352339086035819,calm,02,02,02,female,strong,189
50,1.6683333333333334,True,1.0,0.5217852432158867,0.4973153072757313,0.509550275245809,1.2442819531769782,-0.07148148148148142,-0.06495370370370368,0.32328894708980743,0.5736624589322433,0.17793263472483214,0.4095135141555284,0.024469935940155396,0.0065277777777777435,0.001046530087531261,0.23412670619896042,0.12131549953148701,0.10705120992533952,0.0,0.9999999987499999,0.5967831175517082,0.2645357054564403,0.2916529701224705,0.34994041128788506,calm,02,02,02,female,strong,189
60,2.0020000000000002,True,1.0,0.5155650608118241,0.497175141242938,0.506370101027381,0.9991106140674155,-0.06870370370370371,-0.06208333333333338,0.3585905850067119,0.41868759460347804,0.18140189284711347,0.5068208603709353,0.01838991956888608,0.006620370370370332,0.004051137734884788,0.27333636764013497,0.10332426814406555,0.11345631407210185,0.0,0.9999999987499999,0.6752373990064777,0.28274224072052584,0.258596474881914,0.37444271186159506,calm,02,02,02,female,strong,189
70,2.3356666666666666,True,1.0,0.5007817550728478,0.5060411978915259,0.5034114764821869,1.0582308196873045,-0.06921296296296287,-0.06412037037037044,0.3714312352194784,0.4373897707231036,0.18278962761350415,0.4757104661069495,0.005259442818678073,0.0050925925925924265,0.0009324451093790586,0.25534116457755407,0.10468826112564023,0.11219896422441167,0.0,0.9999999987499999,0.675864138577306,0.28180129614290406,0.25841332919919635,0.3633440541063031,calm,02,02,02,female,strong,189
80,2.6693333333333333,True,1.0,0.5574579397800832,0.5333333333333338,0.5453956365567085,0.8048946305738526,-0.0689351851851851,-0.06388888888888883,0.3196839061177304,0.3449321146687723,0.1855499360127625,0.6775988009360514,0.024124606446749408,0.005046296296296271,0.004675111312345164,0.3328862299429626,0.10412470192673655,0.11238362044350533,0.0,0.9999999987499999,0.6758880137367447,0.2800847875899923,0.2486401280611459,0.34650296779614276,calm,02,02,02,female,strong,189
90,3.003,True,1.0,0.5607328623984684,0.5263520557221109,0.5435424590602896,0.7618660895422038,-0.06337962962962967,-0.05902777777777768,0.3526647578330888,0.29128402360949085,0.18971367571775177,0.7134356897114266,0.03438080667635757,0.0043518518518519955,0.005423354987581433,0.3644761947648635,0.1048830794557847,0.11218682267389539,0.0,0.9999999987499999,0.6744402746880003,0.28152593761134087,0.25148661463021743,0.35034815006596176,calm,02,02,02,female,strong,189
100,3.336666666666667,True,1.0,0.5787984892346658,0.5626134651813025,0.5707059772079841,0.6518518518518519,-0.06245370370370379,-0.059166666666666645,0.3518296654056216,0.23703703703703738,0.19107446757872656,0.875514851398612,0.016185024053363306,0.0032870370370371438,0.0028917433790940036,0.4218749999999996,0.10599599131461272,0.11113592292009998,0.0,0.9999999987499999,0.6761886464351364,0.2823429095609493,0.24975496063446903,0.34397157458395866,calm,02,02,02,female,strong,189
110,3.6703333333333332,True,1.0,0.60073143627096,0.5628461282086903,0.5817887822398251,0.5627160087533667,-0.06175925925925929,-0.05800925925925926,0.3517547892927634,0.20731642427755645,0.1945578060004257,1.0338941369887662,0.03788530806226975,0.003750000000000031,0.003926372422606827,0.48848684210526244,0.10583993916542099,0.1121372844025216,0.0,0.9999999987499999,0.6775485347654686,0.2825465878852012,0.24761630203464324,0.33932801172522825,calm,02,02,02,female,strong,189
120,4.0040000000000004,True,1.0,0.6131373973509806,0.5952941802870952,0.6042157888190379,0.5572502953411842,-0.062962962962963,-0.05879629629629629,0.3457285872867582,0.19576802245106145,0.1980415244866766,1.0842807870547622,0.017843217063885364,0.004166666666666707,0.0032664201092549435,0.5023586127294158,0.10449066493320573,0.11255240770222312,0.0,0.9999999987499999,0.6755911825589611,0.28366492313412006,0.24599319913573986,0.3376099670120579,calm,02,02,02,female,strong,189
0,0.0,True,1.0,0.5724760373753918,0.5571859100530222,0.564830973714207,0.49878280238174816,-0.061481481481481526,-0.05768518518518517,0.3404001218595566,0.17145658831872632,0.1917685417661383,1.1324187021225889,0.015290127322369562,0.003796296296296353,0.014412241729473262,0.5449218750000007,0.10307928119018993,0.11351122161073098,0.0,0.9999999987499999,0.6773670841696054,0.28439155517515646,0.24222392135447482,0.34158831252561106,calm,02,02,02,female,strong,190
10,0.33366666666666667,True,1.0,0.6000712493979315,0.5574435945971554,0.5787574219975435,0.49909094547143423,-0.0625,-0.05796296296296288,0.3396566602514012,0.18704355089315572,0.18828563725134137,1.1596231653749147,0.04262765480077613,0.004537037037037117,0.010488469457759329,0.5445854354958881,0.10456814154166315,0.1124804307959386,0.0,0.9999999987499999,0.6801633628607694,0.281175738012793,0.24671267134594896,0.34382242134670166,calm,02,02,02,female,strong,190
20,0.6673333333333333,True,1.0,0.5903488601674656,0.56719239111765,0.5787706256425578,0.7596464051715305,-0.06388888888888883,-0.058657407407407436,0.3483340068235798,0.2962620980168959,0.18835653446589817,0.7618947732818792,0.02315646904981561,0.005231481481481393,0.01159685095294435,0.35999999999999965,0.10244191049059226,0.11375228666848249,0.0,0.9999999987499999,0.6789488639049368,0.28047468120191227,0.2488082217800844,0.3540866484179831,calm,02,02,02,female,strong,190
30,1.0010000000000001,True,1.0,0.5504815793211645,0.5422521930611347,0.5463668861911496,1.075500417635642,-0.06550925925925932,-0.06097222222222226,0.3393904096883598,0.4364349520840284,0.18141829471211002,0.5080117843117824,0.00822938626002978,0.004537037037037062,0.010610173134722312,0.26902173913043514,0.10247794551789484,0.11355216634817566,0.0,0.9999999987499999,0.6747348681503851,0.2825129755146347,0.25165948884678446,0.36421214266155605,calm,02,02,02,female,strong,190
40,1.3346666666666667,True,1.0,0.5796909645323688,0.587570621468927,0.5836307930006479,0.7984531109025791,-0.06629629629629635,-0.06097222222222226,0.3645636317891188,0.3338811126074485,0.18214728491871637,0.7309518680951798,0.007879656936558233,0.005324074074074092,0.009170987806223352,0.3374823506226633,0.1202307133653516,0.10685109244317345,0.0,0.8796424794275477,0.6052470976593762,0.2690406593606278,0.29186573081420825,0.34662206109033167,calm,02,02,02,female,strong,190
50,1.6683333333333334,True,1.0,0.5607759578753224,0.5421268314029418,0.5514513946391322,0.8413499481546225,-0.06578703703703709,-0.06078703703703697,0.3533147857869005,0.33802533780576066,0.1862438835386946,0.6554364160224408,0.018649126472380595,0.0050000000000001155,0.01001085534066572,0.31136822124260727,0.10234179807660501,0.11434332493189975,0.0,0.9999999987499999,0.6769200670346264,0.28168343056913375,0.25225814224690507,0.3617114896418978,calm,02,02,02,female,strong,190
60,2.0020000000000002,True,1.0,0.5059095693801816,0.49035274680448604,0.4981311580923338,0.8198231870482805,-0.06250000000000006,-0.058657407407407325,0.3889983232254456,0.26644253579069044,0.1897285547994645,0.6076080378817076,0.015556822575695572,0.0038425925925927307,0.005835895823868245,0.3281249999999996,0.10332981656094076,0.11361906770827891,0.0,0.9999999987499999,0.675209685577356,0.28338346573481693,0.2610869399156416,0.3762140174165713,calm,02,02,02,female,strong,190
70,2.3356666666666666,True,1.0,0.599026737584254,0.56719239111765,0.583109564350952,1.1204796914336188,-0.06310185185185185,-0.05754629629629632,0.3536719649687982,0.35854341736694695,0.19248957256034352,0.5204106498395178,0.03183434646660399,0.005555555555555536,0.005185929874122983,0.254992828427549,0.10415199526155475,0.11320297397061174,0.0,0.9999999987499999,0.6730698189197554,0.28459163673995297,0.256890390127029,0.35509591576615335,calm,02,02,02,female,strong,190
80,2.6693333333333333,True,1.0,0.606642126068341,0.5960754531324108,0.6013587896003759,0.7186453219179517,-0.06138888888888888,-0.057592592592592695,0.3335979663549518,0.1995613473528784,0.1973475194038022,0.8367949686160115,0.010566672935930166,0.0037962962962961866,0.010789786991318513,0.38991862716097053,0.11522864814022389,0.11034398767773104,0.0,0.9999999987499999,0.6089483760926245,0.2690350260375933,0.2642111381426464,0.3161610244727035,calm,02,02,02,female,strong,190
90,3.003,True,1.0,0.5865864429596667,0.5904992613384044,0.5885428521490355,0.7729957713993189,-0.059444444444444466,-0.05541666666666667,0.34258962534591714,0.2318840579710138,0.19526552289985197,0.7613791354687792,0.0039128183787376924,0.004027777777777797,0.01039084834445048,0.3712265090657173,0.11623784200355756,0.1091058985921782,0.0,0.9999999987499999,0.6080730592940302,0.26884194834786423,0.2698060357520489,0.3260325548048539,calm,02,02,02,female,strong,190
100,3.336666666666667,True,1.0,0.5798329825352645,0.5708255423871205,0.5753292624611925,0.546822875573448,-0.058148148148148227,-0.054398148148148195,0.35224927107258824,0.13668903423852524,0.19874973631505963,1.052130933362746,0.00900744014814403,0.003750000000000031,0.0032700043840313865,0.49993897601734877,0.10667858219237111,0.1111685181581386,0.0,0.9999999987499999,0.6734854071394183,0.2731760854165691,0.24031053002280384,0.3472863819576539,calm,02,02,02,female,strong,190
110,3.6703333333333332,True,1.0,0.5435598460848505,0.5517505097688902,0.5476551779268704,0.5254247200710795,-0.05847222222222215,-0.055046296296296426,0.34060933706197255,0.13906398398799275,0.2001235580249425,1.0423095012598256,0.008190663684039645,0.0034259259259257213,0.008488464837762404,0.5136400140600624,0.11319725816794893,0.11054715866233006,0.0,0.9999999987499999,0.6257824670336886,0.26794814712792997,0.24682319194459254,0.3204555836766268,calm,02,02,02,female,strong,190
120,4.0040000000000004,True,1.0,0.5925701551742668,0.5573143408668467,0.5749422480205568,0.510158078000131,-0.05967592592592602,-0.05546296296296299,0.33860376242393087,0.1468423583289689,0.19876470665850138,1.126988423420415,0.035255814307420086,0.004212962962963029,0.008042233163043247,0.5112893648294519,0.11537774323328698,0.10862079822456346,0.0,0.9999999987499999,0.618980854607468,0.2691014474607017,0.25538971969127366,0.31871598208547725,calm,02,02,02,female,strong,190
0,0.0,True,1.0,0.583186581412689,0.5680648144400675,0.5756256979263783,0.4862298195631526,-0.063888888888889,-0.05824074074074076,0.34659795142007405,0.18233618233618176,0.19248957256034346,1.1838551951493685,0.015121766972621464,0.005648148148148235,0.009136197934082095,0.5625000000000011,0.10575500672147631,0.11085084685604438,0.0,0.9999999987499999,0.6758896869294594,0.2800541918647106,0.2492795790576981,0.3487256227269829,calm,02,02,02,female,strong,191
10,0.33366666666666667,True,1.0,0.5779203324119732,0.5629629629629628,0.570441647687468,0.5165595555166402,-0.06430555555555562,-0.058611111111111114,0.3421036451283355,0.189911601292882,0.19111638833184727,1.104309544940926,0.014957369449010383,0.005694444444444502,0.012905142417284713,0.5459558823529413,0.10595133835434833,0.11134972557953134,0.0,0.9999999987499999,0.6738874946228491,0.279949640699564,0.25047046724592475,0.34844209965274875,calm,02,02,02,female,strong,191
20,0.6673333333333333,True,1.0,0.5948774603633994,0.5630931395226643,0.5789852999430318,0.6988746927578078,-0.06458333333333333,-0.058148148148148115,0.3424785529884405,0.25068331370660407,0.19040764478510805,0.8284536640729053,0.031784320840735125,0.00643518518518521,0.009317542060981855,0.3919077473330427,0.1048916817926239,0.112687135340296,0.0,0.9999999987499999,0.6727428364158163,0.27982384687252515,0.2509548889163093,0.34960061932054154,calm,02,02,02,female,strong,191
30,1.0010000000000001,True,1.0,0.5092454816369335,0.48964485410730374,0.4994451678721186,1.1482446262967565,-0.07004629629629627,-0.06398148148148153,0.3397558889281244,0.45163018442307196,0.18698557924659692,0.43496408033094525,0.019600627529629766,0.006064814814814745,0.006697669927244846,0.2624926174989484,0.10498671957402478,0.11276767285443734,0.0,0.9999999987499999,0.6737004730329631,0.2812079056289889,0.25682356193680445,0.3686268475002294,calm,02,02,02,female,strong,191
40,1.3346666666666667,True,1.0,0.5266241111317963,0.5100182149362475,0.5183211630340219,0.7930461202717038,-0.06763888888888886,-0.06365740740740744,0.3544095670378425,0.32309286381439806,0.18554993601276254,0.6535826224790571,0.016605896195548753,0.003981481481481419,0.005307105809418672,0.3437499999999999,0.11862627148019986,0.10721733314323637,0.0,0.9999999987499999,0.6231172160192201,0.2681927536582474,0.282160536412481,0.3463212827237904,calm,02,02,02,female,strong,191
50,1.6683333333333334,True,1.0,0.25012868644763087,0.2292207021897035,0.23967469431866717,0.7926188558407826,-0.07935185185185184,-0.07287037037037042,0.35292612283074537,0.3009016026802969,0.1870214816018747,0.3023832861816397,0.020907984257927364,0.0064814814814814214,0.010137048469376226,0.3442484539226288,0.10443680234403074,0.11294027514266639,0.0,0.9999999987499999,0.6766899275256977,0.2794653400754204,0.25462423727788686,0.35406470297396225,calm,02,02,02,female,strong,191
60,2.0020000000000002,True,1.0,0.5887137976987045,0.5876960400238256,0.588204918861265,0.88810438749639,-0.06523148148148145,-0.060324074074074086,0.3653970795409869,0.30795900870386467,0.19458603804955857,0.6623150691997409,0.001017757674878883,0.00490740740740736,0.006934995929842296,0.3175272547423756,0.10582469796586166,0.11232141614023482,0.0,0.9999999987499999,0.6710204969565952,0.28228400247117946,0.26218567257785413,0.3677897299886359,calm,02,02,02,female,strong,191
70,2.3356666666666666,True,1.0,0.5609357013577267,0.5422669338487681,0.5516013176032475,1.1342489071904618,-0.06254629629629632,-0.058379629629629615,0.3496637091359076,0.3656460292916617,0.19527997896688176,0.4863141715248073,0.018668767508958628,0.004166666666666707,0.007637169490041461,0.2516447368421045,0.1058148504801278,0.11266939485109949,0.0,0.9999999987499999,0.6688007389596463,0.2846964580418305,0.2593823737497877,0.3530657309614808,calm,02,02,02,female,strong,191
80,2.6693333333333333,True,1.0,0.5998423195576015,0.5927159208382431,0.5962791201979223,0.7956277592595581,-0.06425925925925924,-0.059259259259259234,0.33944674193370306,0.27534517795137514,0.1918258227334399,0.7494448418351349,0.007126398719358384,0.0050000000000000044,0.0009986447452346597,0.33580892614511876,0.10547711775926025,0.11247862421296757,0.0,0.9999999987499999,0.6734993845272484,0.2823406346404421,0.2562533629724673,0.3525382895702023,calm,02,02,02,female,strong,191
90,3.003,True,1.0,0.5938908437258336,0.5629629629629633,0.5784269033443985,0.8052705385577287,-0.06277777777777782,-0.057592592592592695,0.3424785529884404,0.29626209801689696,0.1932135675544401,0.7183013355739848,0.03092788076287023,0.005185185185185126,0.006568298061783447,0.3396035155483914,0.1062166435798155,0.11092505652314422,0.0,0.9999999987499999,0.672436355182698,0.2816386539405807,0.2606130495349323,0.36437595581660165,calm,02,02,02,female,strong,191
100,3.336666666666667,True,1.0,0.5840501873467293,0.5924559149384312,0.5882530511425803,0.6413012512518371,-0.06277777777777771,-0.058101851851851904,0.35315155829558176,0.23860330702390353,0.19250423708691936,0.9172803732946017,0.008405727591701884,0.004675925925925806,0.0063784793996486105,0.4192142812614582,0.10639112822074327,0.11127256273020256,0.0,0.9999999987499999,0.671333922561212,0.28056206572115433,0.2525326993295047,0.3469433859731369,calm,02,02,02,female,strong,191
110,3.6703333333333332,True,1.0,0.5692079102495274,0.5627160087533661,0.5659619595014468,0.5671865837520869,-0.06328703703703714,-0.05856481481481468,0.34894001792071727,0.20147842430356935,0.1945107434791824,0.9978408793759914,0.006491901496161301,0.004722222222222461,0.002757199405062792,0.4743626736781927,0.10459012479513377,0.11245998992132758,0.0,0.9999999987499999,0.6721851619944853,0.2812028459111525,0.2473846297857223,0.34503309626415407,calm,02,02,02,female,strong,191
120,4.0040000000000004,True,1.0,0.5840501873467288,0.5818903214537395,0.5829702544002342,0.5408043821755302,-0.06166666666666665,-0.057870370370370405,0.3367462009194712,0.18541864531732502,0.19594589137013074,1.077968806493543,0.002159865892989221,0.003796296296296242,0.008649678080888958,0.48214285714285665,0.10545557884030826,0.11096417727843663,0.0,0.9999999987499999,0.6736914031550122,0.28122948483863514,0.2492798672182321,0.34529148039518076,calm,02,02,02,female,strong,191
0,0.0,True,1.0,0.48343815555063296,0.4649358163645476,0.4741869859575903,0.46844780153230875,-0.05537037037037035,-0.05212962962962958,0.3870879453937432,0.05510396538521502,0.2016069820043474,1.0122514918556742,0.018502339186085348,0.0032407407407407662,5.270017113506228e-06,0.5789648894566323,0.10265666063273012,0.11305408410268487,0.0,0.9999999987499999,0.6683203491240245,0.2832573938809952,0.24529185108080348,0.3492579940504602,happy,03,02,02,female,normal,192
10,0.33366666666666667,True,1.0,0.46476830234178845,0.4644122726652363,0.4645902875035124,0.4440591435966002,-0.056111111111111056,-0.05185185185185176,0.3831267067807801,0.06244581706827175,0.19950795339897917,1.046235156291621,0.0003560296765521276,0.004259259259259296,0.00018445925872760595,0.5984726858128652,0.1044235446392223,0.11176559007643558,0.0,0.9999999987499999,0.6682693569380878,0.2816000040709162,0.2485489760658107,0.34771314765165545,happy,03,02,02,female,normal,192
20,0.6673333333333333,True,1.0,0.4830379566653152,0.4595542889147315,0.4712961227900233,0.8098683738090656,-0.060462962962962996,-0.05625000000000002,0.4077415145686287,0.163273194563978,0.19113195655552695,0.5819416315436167,0.023483667750583692,0.004212962962962974,0.010789786991318443,0.3447438765774361,0.10228463426579949,0.11406088412774576,0.0,0.9999999987499999,0.669928719511242,0.2824589297786916,0.25712631800558944,0.373396471517895,happy,03,02,02,female,normal,192
30,1.0010000000000001,True,1.0,0.4511372123608822,0.4370012779757922,0.44406924516833723,0.8165812043639661,-0.0625,-0.05842592592592594,0.4415208030201187,0.21615384821399122,0.18565352380921238,0.5438151684059666,0.014135934385090032,0.004074074074074063,0.0005840841098779368,0.33120898910456437,0.10156971637560315,0.11419856639934944,0.0,0.9999999987499999,0.675480954710009,0.29159498577972526,0.27339281992682485,0.3811076215568271,happy,03,02,02,female,normal,192
40,1.3346666666666667,True,1.0,0.4061426632094184,0.39848222548032314,0.4023124443448708,0.7097286067361445,-0.06513888888888897,-0.05958333333333338,0.4012205821416581,0.2693755562175176,0.18091057199066873,0.5668539220857958,0.0076604377290952486,0.005555555555555591,0.0068090828013128,0.3749186462730411,0.1036300729724048,0.11317706289609031,0.0,0.9999999987499999,0.6761739266175221,0.28808109779527014,0.2724950344640465,0.3754556904338938,happy,03,02,02,female,normal,192
50,1.6683333333333334,True,1.0,0.484784702414597,0.42102405463831755,0.45290437852645726,0.8022246296615704,-0.06263888888888886,-0.05564814814814817,0.4262689866876057,0.3332317692440367,0.18647968999484868,0.5645605504751472,0.06376064777627943,0.006990740740740686,0.006832478631892656,0.3548076923076924,0.10113583522299106,0.11474914654764688,0.0,0.9999999987499999,0.674968184242447,0.2902127507723901,0.27460136517182415,0.3897271107316167,happy,03,02,02,female,normal,192
60,2.0020000000000002,True,1.0,0.460510890069412,0.44477913925016666,0.45264501465978935,0.8816111975968626,-0.0637962962962964,-0.059305555555555556,0.42818174281898785,0.2483333890271411,0.1890842798456326,0.5134292938810561,0.015731750819245327,0.004490740740740851,0.0030670125708729097,0.31720428833060604,0.11412460798874811,0.11318149272479976,0.0,0.9999999987499999,0.6049055285942502,0.27256203456710076,0.29312122255319395,0.3610043124872199,happy,03,02,02,female,normal,192
70,2.3356666666666666,True,1.0,0.4744860274363383,0.4597417022438131,0.46711386484007567,0.7105549976201195,-0.05851851851851858,-0.05430555555555555,0.3891962866740777,0.19812393687000168,0.19879694664620132,0.657392976482598,0.014744325192525165,0.004212962962963029,0.0020059508328926427,0.41148321501412727,0.10502427324026678,0.1122245495235263,0.0,0.9999999987499999,0.6692150472610919,0.2818433598327254,0.26230737896144773,0.366736863318396,happy,03,02,02,female,normal,192
80,2.6693333333333333,True,1.0,0.4602684674574259,0.47389362285611264,0.4670810451567693,0.5564309674464861,-0.05689814814814809,-0.052592592592592524,0.40028675498269894,0.13248356367773428,0.20226597872646213,0.8394231674420423,0.01362515539868675,0.0043055555555555625,0.0014722545155408354,0.5089285714285718,0.10432311986956282,0.1130452922216096,0.0,0.9999999987499999,0.6622481957704958,0.28480233630201296,0.25067972085353607,0.34622847320137823,happy,03,02,02,female,normal,192
90,3.003,True,1.0,0.46727142594577525,0.4718754507742899,0.46957343836003257,0.48592367670618286,-0.055833333333333346,-0.05263888888888896,0.38083820859237183,0.12495180258159042,0.20148584830677616,0.9663522500961883,0.00460402482851463,0.0031944444444443887,0.00032183606269209645,0.5624999999999994,0.103470564083273,0.11298616757532325,0.0,0.9999999987499999,0.6650966509259953,0.28383650917934583,0.24490637279196834,0.34031107737236715,happy,03,02,02,female,normal,192
100,3.336666666666667,True,1.0,0.5593882315648393,0.5404349187666713,0.5499115751657553,0.4692117321584291,-0.05560185185185168,-0.05254629629629637,0.3739740132429214,0.11373177766201413,0.20158919505281492,1.171990249766555,0.01895331279816803,0.0030555555555553116,0.0009194129672402839,0.5965042589676935,0.10614101871517335,0.11151116323870895,0.0,0.9999999987499999,0.6667558056582009,0.28380722650889934,0.24783717226692376,0.34113923848576655,happy,03,02,02,female,normal,192
0,0.0,True,1.0,0.526896962931998,0.5115942202406585,0.5192455915863282,0.4513738758431928,-0.057037037037037,-0.053796296296296287,0.37920065980654283,0.06343526161226624,0.20086202052809746,1.1503669560325065,0.015302742691339466,0.0032407407407407107,0.004253814107972379,0.6156471738048973,0.10531807535776982,0.11109469271873258,0.0,0.9999999987499999,0.6714630650854091,0.273302240481502,0.2381826001988086,0.3417357723812117,happy,03,02,02,female,normal,193
10,0.33366666666666667,True,1.0,0.5669932433970183,0.5573182329389614,0.5621557381679898,0.46546216071164487,-0.06101851851851853,-0.0571296296296297,0.37716703012831126,0.10572543602044485,0.19534560386896543,1.2077367090560276,0.009675010458056854,0.0038888888888888307,0.013347546292170595,0.5800002124995832,0.10445663948024911,0.1115640189350048,0.0,0.9999999987499999,0.6773336047544017,0.28219100912446976,0.24859189691352,0.34223846886380255,happy,03,02,02,female,normal,193
20,0.6673333333333333,True,1.0,0.4808196394034548,0.46801240805230876,0.4744160237278818,0.887080110548608,-0.060694444444444495,-0.05768518518518523,0.4102753215264413,0.22497661039192451,0.19184212876966505,0.5348062909836664,0.012807231351146031,0.003009259259259267,0.011174042951850684,0.3019683743941034,0.10267723327761626,0.11437584207942812,0.0,0.9999999987499999,0.6723014831323154,0.28263289120624663,0.2648414947277322,0.3764016928412964,happy,03,02,02,female,normal,193
30,1.0010000000000001,True,1.0,0.45752707909733176,0.43708166728970804,0.4473043731935199,0.8313695825263873,-0.06310185185185191,-0.059305555555555556,0.4246729711227071,0.2667733749145342,0.1905085912525978,0.5380331234085326,0.020445411807623715,0.003796296296296353,0.002618443319991081,0.3193675363741092,0.10375159924168836,0.1132340460832221,0.0,0.9999999987499999,0.6689018809007979,0.28474894562494085,0.2715642894833349,0.3839690739307065,happy,03,02,02,female,normal,193
40,1.3346666666666667,True,1.0,0.24964347214248178,0.23010160693848947,0.23987253954048562,0.6823511912212643,-0.07287037037037042,-0.06874999999999998,0.4147400206556318,0.24003444508711178,0.18702148160187476,0.3515382439813207,0.019541865203992315,0.004120370370370441,0.0037953259278540206,0.40658363074304404,0.11912433708626499,0.10773005528231759,0.0,0.9999999987499999,0.6056087538452882,0.2695458475585492,0.30307288476412547,0.35302119328731313,happy,03,02,02,female,normal,193
50,1.6683333333333334,True,1.0,0.5076749620758959,0.49049526256162185,0.49908511231875885,0.7941054634381838,-0.06560185185185186,-0.06115740740740738,0.4168256206588433,0.26469127084329513,0.1870031233040835,0.6284871913081977,0.01717969951427406,0.004444444444444473,0.0019379274215452745,0.3482004068292604,0.11714591776074527,0.11005139888541636,0.0,0.9999999987499999,0.6043637389487045,0.2703882235401594,0.3001693612330146,0.3627961580073673,happy,03,02,02,female,normal,193
60,2.0020000000000002,True,1.0,0.4296168844819616,0.41397952153990236,0.42179820301093196,1.0201234403185573,-0.06486111111111115,-0.05967592592592591,0.39856814072999236,0.30471219645878994,0.18914116362473726,0.41347761098325087,0.015637362942059252,0.005185185185185237,0.006442341445687882,0.2779010263297874,0.10355037952006949,0.11442152823589322,0.0,0.9999999987499999,0.6697696786996049,0.2833101633551886,0.26335802406067527,0.3698256846051396,happy,03,02,02,female,normal,193
70,2.3356666666666666,True,1.0,0.46435641970316494,0.45198622207163064,0.45817132088739776,0.6534681070144792,-0.060694444444444495,-0.05703703703703694,0.38584025569358493,0.17016230248474232,0.19677025910922671,0.701137998885148,0.012370197631534297,0.0036574074074075535,0.0005241816793397129,0.42389851388829625,0.1051613856368527,0.11175563771625067,0.0,0.9999999987499999,0.6687001006183724,0.28220628968741335,0.2617236470851383,0.3565076133671138,happy,03,02,02,female,normal,193
80,2.6693333333333333,True,1.0,0.47718817367827765,0.46592718518406495,0.47155767943117133,0.6746474448212535,-0.05837962962962956,-0.05370370370370375,0.3969139652993127,0.1719271324528151,0.19883225111080471,0.6989690438331232,0.011260988494212698,0.004675925925925806,0.004576921296154333,0.419474015486368,0.10486442489020491,0.1120343339452292,0.0,0.9999999987499999,0.6691539009275586,0.28007621835069557,0.2604103179355355,0.3567230413892975,happy,03,02,02,female,normal,193
90,3.003,True,1.0,0.48426554301489755,0.4820096299607046,0.4831375864878011,0.5415141266789169,-0.058611111111111114,-0.05462962962962953,0.3770998527898676,0.15271886982194258,0.20084644678737593,0.8921975673116108,0.002255913054192926,0.003981481481481586,0.0051982061186228055,0.5191767711265566,0.10540190433286324,0.11118664604182148,0.0,0.9999999987499999,0.6730685386810975,0.2805294843046408,0.25310425309368706,0.3405375909257,happy,03,02,02,female,normal,193
100,3.336666666666667,True,1.0,0.5153805943329469,0.5115942202406578,0.5134874072868023,0.4793542313319399,-0.057222222222222174,-0.055185185185185115,0.3701920738418944,0.14801561042862219,0.2000976324197766,1.0712065811123008,0.003786374092289102,0.0020370370370370594,0.00909995491847313,0.5962324183405798,0.10572217634973988,0.11207845803581919,0.0,0.9999999987499999,0.6733759921937524,0.28031418869494024,0.2502604480001138,0.34075231323730154,happy,03,02,02,female,normal,193
110,3.6703333333333332,True,1.0,0.5631316886922272,0.5462478826176272,0.5546897856549272,0.4692117321584292,-0.058888888888888824,-0.05694444444444441,0.36718890514831243,0.1279482498697658,0.20021960599551686,1.1821737344530772,0.01688380607459994,0.0019444444444444153,0.004743578805361549,0.5965042589676924,0.10492333633848874,0.11248842128959756,0.0,0.9999999987499999,0.671234554735957,0.2816847738074435,0.24640983386266788,0.3379184912938496,happy,03,02,02,female,normal,193
0,0.0,True,1.0,0.4591534014083388,0.46613055400878967,0.46264197770856424,0.4474488568203048,-0.05652777777777773,-0.05319444444444449,0.3989260419641451,0.04605460940914903,0.20097138254768968,1.033954988724803,0.006977152600450842,0.0033333333333332438,0.0024525868598462555,0.5955067434411077,0.10367088370924102,0.11280239166773982,0.0,0.9999999987499999,0.6729319168292317,0.2828943741912972,0.2519135570790085,0.3473682497759417,happy,03,02,02,female,normal,194
10,0.33366666666666667,True,1.0,0.4676302593811584,0.46530494169340497,0.46646760053728165,0.42131817538988775,-0.0557407407407407,-0.052314814814814814,0.3978215251350992,0.013164159338069302,0.2023006777944926,1.1071623010462641,0.002325317687753403,0.003425925925925888,0.002748994620775826,0.615932363280989,0.1057690624511498,0.11169358469238176,0.0,0.9999999987499999,0.6686515185761805,0.2844425185414021,0.25658861823757495,0.3512887012857538,happy,03,02,02,female,normal,194
20,0.6673333333333333,True,1.0,0.49000132837052673,0.49035274680448604,0.4901770375875064,0.8370465834354404,-0.05962962962962959,-0.05449074074074062,0.41549779512939256,0.15218476088459718,0.19607667346241126,0.5856030563743562,0.00035141843395930517,0.0051388888888889706,0.00168433238620164,0.31569323433527496,0.10433193193490421,0.11320558007085357,0.0,0.9999999987499999,0.6698540213976216,0.2837154451991952,0.2690163911670041,0.37494124281696384,happy,03,02,02,female,normal,194
30,1.0010000000000001,True,1.0,0.4355547721566866,0.44461178764969417,0.4400832799031904,0.732436541498072,-0.0625,-0.05851851851851858,0.4085479217615456,0.21835031809174696,0.18786585400642264,0.6008483397115555,0.00905701549300758,0.003981481481481419,0.0029758214709387824,0.3752457482706959,0.1183372483794011,0.10894437130133114,0.0,0.9999999987499999,0.6026226498490022,0.270673915788339,0.30246528307254755,0.36323557477503443,happy,03,02,02,female,normal,194
40,1.3346666666666667,True,1.0,0.4447567763145548,0.406779661016949,0.4257682186657519,0.6925791786026659,-0.06393518518518515,-0.05912037037037038,0.41533993599697344,0.23925462533546638,0.18916173439610218,0.6147574628575658,0.03797711529760578,0.004814814814814772,0.007655366465902572,0.410703890839145,0.12016185051527636,0.10834455063984752,0.0,0.9999999987499999,0.6030516588119623,0.2705016230357768,0.3038164154037168,0.3597026119371127,happy,03,02,02,female,normal,194
50,1.6683333333333334,True,1.0,0.46238991993818546,0.46778494236160617,0.4650874311498958,0.7913955049409678,-0.06060185185185185,-0.055972222222222257,0.4384016587669915,0.185851285545077,0.19395819522294136,0.5876801526495755,0.0053950224234207145,0.004629629629629595,0.011565328885457771,0.3582620576557934,0.10550083061504621,0.11245638272251021,0.0,0.9999999987499999,0.6727569199632977,0.28226070095240474,0.27840663232344093,0.391896651825189,happy,03,02,02,female,normal,194
60,2.0020000000000002,True,1.0,0.45890950606910147,0.4294667731831065,0.444188139626104,0.7364647548090637,-0.06254629629629632,-0.05759259259259253,0.40272798331164644,0.21040788710562525,0.19460132869936592,0.6031356378232444,0.02944273288599497,0.004953703703703793,0.005329474368759881,0.3820946359991204,0.1025184046703741,0.11451822644701927,0.0,0.9999999987499999,0.6721691019142032,0.28158920086532035,0.2594471930878113,0.35787582706199333,happy,03,02,02,female,normal,194
70,2.3356666666666666,True,1.0,0.46321293640364464,0.4654532581141183,0.4643330972588815,0.6832292207024524,-0.05999999999999994,-0.05592592592592588,0.3847473812839156,0.18446021708586272,0.19879694664620132,0.6796153958132587,0.0022403217104736695,0.004074074074074063,0.004397207631284156,0.40546786875703844,0.10559399029561015,0.11202930238985478,0.0,0.9999999987499999,0.6716784206495098,0.28243865993670325,0.26396330748010605,0.3592433796465209,happy,03,02,02,female,normal,194
80,2.6693333333333333,True,1.0,0.5009653064064089,0.4738936228561125,0.4874294646312607,0.715537254244058,-0.057499999999999996,-0.054537037037036995,0.38221509846560275,0.2201653089981721,0.20152560332726177,0.681207668420024,0.027071683550296433,0.0029629629629630005,0.007854609488515287,0.38942307692307726,0.10549222669345593,0.11212513316698122,0.0,0.9999999987499999,0.665648298835159,0.28406504356631357,0.2622868294926321,0.35733897343357907,happy,03,02,02,female,normal,194
90,3.003,True,1.0,0.5152733299475307,0.5004775631118435,0.5078754465296871,0.47187740508771275,-0.05740740740740735,-0.05453703703703694,0.38006691687791083,0.1457069064926353,0.20011021438295104,1.0762868513174157,0.014795766835687174,0.002870370370370412,0.00601338466349138,0.5789648894566322,0.10486694715572041,0.11220190253352606,0.0,0.9999999987499999,0.6654293993222288,0.2837278056188058,0.2497313930068541,0.3425616762146347,happy,03,02,02,female,normal,194
100,3.336666666666667,True,1.0,0.563131688692226,0.5151808628549382,0.5391562757735822,0.5161290322580638,-0.057037037037037,-0.05458333333333326,0.3657364514469762,0.14336917562723964,0.20223429176912874,1.0446152843113168,0.047950825837287714,0.0024537037037037357,0.008125070868503847,0.5312499999999993,0.1065713417479094,0.11109997524206362,0.0,0.9999999987499999,0.6674023429059124,0.2834186238792528,0.2523990700469089,0.3403869748562985,happy,03,02,02,female,normal,194
110,3.6703333333333332,True,1.0,0.5183500225423799,0.4923839209239791,0.5053669717331795,0.47589388377705033,-0.05740740740740741,-0.05379629629629623,0.3757296848150221,0.1189734709442623,0.20363751244752276,1.0619320587232781,0.02596610161840085,0.003611111111111176,0.008278404937334755,0.5955882352941197,0.10737427651285172,0.11066900207042088,0.0,0.9999999987499999,0.6716793138270933,0.2721454794284778,0.2426484378350359,0.34315273494730664,happy,03,02,02,female,normal,194
0,0.0,True,1.0,0.5742958850050692,0.5708255423871204,0.5725607136960948,0.5014245014245022,-0.060972222222222205,-0.057453703703703674,0.3479757010437849,0.1671415004748345,0.19316973218197206,1.1418682415189145,0.003470342617948874,0.003518518518518532,0.0005014618700266378,0.5454545454545452,0.1028795013644791,0.11268238618427527,0.0,0.9999999987499999,0.6783955309702004,0.28137349577775417,0.24430219134630787,0.33988126151525333,happy,03,02,02,female,normal,195
10,0.33366666666666667,True,1.0,0.5718363715619172,0.571719023818633,0.5717776976902751,0.46625286810652833,-0.062407407407407356,-0.058333333333333126,0.36262655916523945,0.1529892223474542,0.19319816707044563,1.2263253200184856,0.00011734774328420183,0.00407407407407423,0.0036195037443379112,0.5800781250000001,0.10424439311717612,0.11124978433012123,0.0,0.9999999987499999,0.6801593043936323,0.27999763213747886,0.2500887840471948,0.3438088575123501,happy,03,02,02,female,normal,195
20,0.6673333333333333,True,1.0,0.5059095693801828,0.4745180675524622,0.4902138184663225,0.93365307753797,-0.06166666666666665,-0.05791666666666656,0.4157908826049503,0.19184652278177483,0.1911016173062288,0.5250492182374736,0.03139150182772066,0.0037500000000000866,0.002385663294747486,0.29312847982730966,0.10389251349322123,0.11360898300779686,0.0,0.9999999987499999,0.6740567317708334,0.2819792168564181,0.26829346056950404,0.3753860000174286,happy,03,02,02,female,normal,195
30,1.0010000000000001,True,1.0,0.39705418923974356,0.36178043479820815,0.3794173120189759,0.7740746239952385,-0.06504629629629627,-0.06138888888888888,0.41536187903162514,0.2220611478350369,0.18561571274232222,0.490155987882261,0.03527375444153541,0.003657407407407387,0.000209385431114556,0.3599892882787174,0.11680190577518076,0.11093287652591419,0.0,0.9999999987499999,0.6086907450949129,0.2715398279630514,0.2996791555413416,0.36016238757948127,happy,03,02,02,female,normal,195
40,1.3346666666666667,True,1.0,0.44422217166124806,0.4214231260038525,0.4328226488325503,0.6881267268187818,-0.06393518518518515,-0.06037037037037041,0.422538673280651,0.20642722248273937,0.18844764883487858,0.6289868304251087,0.022799045657395545,0.003564814814814743,0.0014916904728111944,0.3992569417155773,0.11935843586113791,0.10852907431322303,0.0,0.9999999987499999,0.607964167119973,0.2729288117457683,0.30285309874146293,0.3602732553726456,happy,03,02,02,female,normal,195
50,1.6683333333333334,True,1.0,0.4412451948867305,0.4351008115390006,0.43817300321286556,0.7790688591126538,-0.058379629629629615,-0.05550925925925926,0.435851928436068,0.17042131293089335,0.19600506550650687,0.5624316747969328,0.006144383347729876,0.0028703703703703565,0.004349844976033167,0.34277343749999983,0.10473891036338548,0.11266016194304947,0.0,0.9999999987499999,0.6733877247930422,0.2841049796885093,0.2763861899107911,0.38679434887129394,happy,03,02,02,female,normal,195
60,2.0020000000000002,True,1.0,0.5044385506809764,0.45908141921131396,0.4817599849461452,0.7182366851513925,-0.0622685185185185,-0.05740740740740746,0.38903118246814383,0.1897122136569605,0.1925359403531373,0.6707537987210972,0.04535713146966247,0.004861111111111038,4.715749758130106e-05,0.38251951977090415,0.10222455554565178,0.1144481534724942,0.0,0.9999999987499999,0.6769877860206582,0.28022651415645167,0.25833584985151953,0.35444249450202986,happy,03,02,02,female,normal,195
70,2.3356666666666666,True,1.0,0.5059095693801805,0.48139472006179923,0.49365214472098984,0.6770272860094334,-0.06000000000000005,-0.05601851851851847,0.3918060608728563,0.1827858006745587,0.19671558142997747,0.7291466015065625,0.02451484931838127,0.003981481481481586,0.003119507527498387,0.40694476374392,0.10614896834314631,0.1115035959081108,0.0,0.9999999987499999,0.6712610326630652,0.28355181390920214,0.26521964873763004,0.361357641113598,happy,03,02,02,female,normal,195
80,2.6693333333333333,True,1.0,0.49580069060800847,0.5043994403615057,0.5001000654847572,0.7054229982549381,-0.060046296296296264,-0.05648148148148141,0.38766843726732186,0.189921576453252,0.19802804055192563,0.7089364349077009,0.008598749753497281,0.003564814814814854,0.0061603318209982995,0.40024038461538514,0.10541999452006007,0.11168244398035364,0.0,0.9999999987499999,0.6689736689206933,0.2839942122821173,0.2636811608126684,0.36319071610810777,happy,03,02,02,female,normal,195
90,3.003,True,1.0,0.4950419679288562,0.4803096753785537,0.48767582165370493,0.47935423133193983,-0.05921296296296302,-0.05504629629629637,0.3719324104372981,0.14801561042862216,0.19740936522195227,1.017360001806269,0.014732292550302506,0.004166666666666652,0.007542433782505508,0.5631913405106104,0.10440380890035174,0.11161346038836774,0.0,0.9999999987499999,0.6701209260891856,0.2819848417271083,0.2507441876281486,0.3478766962713849,happy,03,02,02,female,normal,195
100,3.336666666666667,True,1.0,0.5257428367200425,0.5108855079231491,0.5183141723215958,0.5245344766198456,-0.05819444444444438,-0.05532407407407414,0.3599004178292314,0.18213002660411345,0.19873553263911478,0.9881412860822151,0.014857328796893388,0.0028703703703702454,0.008837189577901425,0.5312500000000004,0.10725398666137323,0.11232266533616998,0.0,0.9999999987499999,0.6708580067104969,0.2802854340527229,0.2493047648796033,0.3437007950166403,happy,03,02,02,female,normal,195
110,3.6703333333333332,True,1.0,0.5954775570839588,0.5449775977193634,0.5702275774016611,0.533099376713716,-0.05986111111111109,-0.056712962962962965,0.3551804816037418,0.16289147621808034,0.19879694664620134,1.069645927775833,0.05049995936459539,0.003148148148148122,0.011418867130830537,0.5156249999999991,0.1059474961105876,0.11203566995985335,0.0,0.9999999987499999,0.6723644277945553,0.2811546262600787,0.24717242117369193,0.34162839789159,happy,03,02,02,female,normal,195
0,0.0,True,1.0,0.5036666095040263,0.4816482542026249,0.4926574318533256,0.47589388377705033,-0.05856481481481485,-0.05657407407407411,0.3767028696672548,0.1609641077481196,0.1925529787018724,1.0352253908859412,0.022018355301401393,0.0019907407407407374,0.005140932716083642,0.5790441176470607,0.1035218682932971,0.11260127257241756,0.0,0.9999999987499999,0.6729587282803747,0.2803774948165293,0.24895686107790804,0.344940821742009,happy,03,02,02,female,strong,196
10,0.33366666666666667,True,1.0,0.4476987970292345,0.4268288889884377,0.4372638430088361,0.4237731526823603,-0.059444444444444355,-0.057129629629629586,0.38343446667788544,0.10936081359544836,0.19607667346241126,1.0318346979771693,0.020869908040796803,0.0023148148148147696,0.006496618154544839,0.6540218168690429,0.10632424385810504,0.11167819144073969,0.0,0.9999999987499999,0.6734253364939726,0.2790189838214901,0.25751711944318584,0.34971439706839874,happy,03,02,02,female,strong,196
20,0.6673333333333333,True,1.0,0.381853927020437,0.3764769662520432,0.3791654466362401,0.9831050705795662,-0.06342592592592594,-0.059444444444444466,0.4394386494868741,0.254653899240697,0.1892052886468267,0.38568150850113314,0.005376960768393835,0.003981481481481475,0.004348328195556593,0.28463201783166486,0.10526944352504149,0.11351531735131187,0.0,0.9999999987499999,0.6654585921243497,0.2849040642079984,0.2796512418405995,0.38937745863477985,happy,03,02,02,female,strong,196
30,1.0010000000000001,True,1.0,0.3588225363605855,0.34059126845598486,0.34970690240828517,0.7980669377576126,-0.06648148148148153,-0.061203703703703705,0.457560676857714,0.23604796750577284,0.1864555499174749,0.4381924445972945,0.018231267904600612,0.005277777777777826,0.0034274450011790984,0.35679218852228,0.10464556205259798,0.11325268040221945,0.0,0.9999999987499999,0.6741041997658439,0.28760089419093054,0.2884670765675747,0.3935439221728656,happy,03,02,02,female,strong,196
40,1.3346666666666667,True,1.0,0.4201998459682742,0.39171922022903416,0.4059595330986542,0.6934594876352116,-0.06634259259259262,-0.0598611111111112,0.4418498677059852,0.25268985482589784,0.17954950165903255,0.5854120396896288,0.02848062573924004,0.0064814814814814214,0.007594493303852965,0.42934057921341795,0.10518928398268078,0.11223976999375261,0.0,0.9999999987499999,0.6749768061677798,0.28675574568505363,0.28804583783901544,0.3896983218742009,happy,03,02,02,female,strong,196
50,1.6683333333333334,True,1.0,0.44905152765550294,0.43695749526302885,0.4430045114592659,0.8227393314395295,-0.06685185185185194,-0.06282407407407409,0.4431165577488065,0.2682845645998466,0.18490427426774558,0.5384506301456992,0.012094032392474086,0.004027777777777852,0.005731930624445089,0.33455318892723557,0.11818589849648259,0.1104966305789375,0.0,0.9999999987499999,0.6033516590542467,0.27145348629730587,0.310542653144459,0.37058320886315377,happy,03,02,02,female,strong,196
60,2.0020000000000002,True,1.0,0.41867638506059496,0.39865525787763323,0.4086658214691141,0.9608336170926361,-0.06101851851851853,-0.055694444444444546,0.44150954148995597,0.2797292787649655,0.19114832178248242,0.4253242332482979,0.02002112718296173,0.005324074074073981,0.012069560701087561,0.29904305256436253,0.10110247021470317,0.11511004391900996,0.0,0.9999999987499999,0.6721890696278512,0.28488475716723183,0.27583195546975203,0.3916409969033919,happy,03,02,02,female,strong,196
70,2.3356666666666666,True,1.0,0.42643144503304853,0.3893123482618745,0.4078718966474615,0.7294663229704968,-0.05879629629629629,-0.054120370370370374,0.40052264458862835,0.22545961801452497,0.19526552289985197,0.5591373909991425,0.03711909677117403,0.004675925925925917,0.008754187711110967,0.3988427780086014,0.10484211300495151,0.11239474554440289,0.0,0.9999999987499999,0.6736147588175895,0.28230581269787935,0.2731883082684639,0.37543496612265126,happy,03,02,02,female,strong,196
80,2.6693333333333333,True,1.0,0.4136470743367147,0.413933790689647,0.4137904325131808,0.6776532874487541,-0.05740740740740741,-0.053379629629629555,0.4455033653237052,0.0934650235627496,0.20157216352205917,0.610622629856972,0.00028671635293225917,0.004027777777777852,0.007078026709559559,0.4076731481115995,0.10520306203314012,0.11290386601957203,0.0,0.9999999987499999,0.6690793938434748,0.2848528236179061,0.2704286996596559,0.3709577295332923,happy,03,02,02,female,strong,196
90,3.003,True,1.0,0.4542479795820546,0.45775702882712976,0.4560025042045922,0.6231383129310725,-0.05638888888888893,-0.05314814814814817,0.4528167329911164,0.06345402222160064,0.2022342917691288,0.7317837705399319,0.0035090492450751687,0.0032407407407407662,0.0017149410389628627,0.44820205945353614,0.10329421947088877,0.1131474079194122,0.0,0.9999999987499999,0.6693577884825805,0.28615875524045736,0.267180687602788,0.36765038612145695,happy,03,02,02,female,strong,196
100,3.336666666666667,True,1.0,0.45158828298042125,0.4328651675472671,0.4422267252638442,0.5178743341088837,-0.05486111111111103,-0.052870370370370345,0.44424278746602286,0.04118109080650766,0.20359367301714426,0.8539267079624484,0.018723115433154136,0.001990740740740682,0.0037057339926054125,0.536756399450149,0.10582901461027147,0.11112362150868667,0.0,0.9999999987499999,0.6710499127697953,0.2851447270452747,0.26327593925170056,0.351121939194047,happy,03,02,02,female,strong,196
110,3.6703333333333332,True,1.0,0.4377452912210981,0.4490466492264167,0.44339597022375743,0.5235980674768846,-0.05453703703703705,-0.05277777777777776,0.43042047951980855,0.07914177388828057,0.20217995971685995,0.8468250701542784,0.011301358005318562,0.0017592592592592937,0.00016157234526361605,0.5106604996003073,0.1061614739845593,0.11132067586251054,0.0,0.9999999987499999,0.6742697128304447,0.2833790585453577,0.26326378444582,0.3526502986161683,happy,03,02,02,female,strong,196
0,0.0,True,1.0,0.4570963633937482,0.4590780263043268,0.4580871948490375,0.4787593463748248,-0.057499999999999996,-0.05347222222222214,0.44793798614038316,0.017513937639949566,0.19960544426833313,0.9568214141774625,0.0019816629105786077,0.004027777777777852,0.007655366465902498,0.5355661890205174,0.10267653624464682,0.11370822573445355,0.0,0.9999999987499999,0.6713673573804522,0.2871796342540686,0.2597358011323668,0.3569533943174513,happy,03,02,02,female,strong,197
10,0.33366666666666667,True,1.0,0.45268497694146415,0.4576111648055794,0.45514807087352177,0.694553673168483,-0.057453703703703674,-0.05342592592592582,0.45523226246519227,0.06830513940029292,0.2030127941587289,0.6553101487422601,0.00492618786411525,0.004027777777777852,0.010763258031745406,0.3794282391245917,0.10411526873328461,0.11357275264998831,0.0,0.9999999987499999,0.6695811394792293,0.28783286588115703,0.27227458256901654,0.3780760468292464,happy,03,02,02,female,strong,197
20,0.6673333333333333,True,1.0,0.4467242805992316,0.45193112992447265,0.4493277052618521,0.893173166966653,-0.06115740740740733,-0.056157407407407434,0.46154632769682435,0.16187163193014584,0.19881421591760176,0.5030689701391666,0.00520684932524107,0.004999999999999893,0.010211361681352681,0.3166217622659746,0.10516262156781762,0.11311009767378165,0.0,0.9999999987499999,0.6667928693430497,0.28541217136154673,0.2821529191273672,0.3849308583551131,happy,03,02,02,female,strong,197
30,1.0010000000000001,True,1.0,0.3438091442871105,0.3206561679472889,0.3322326561171997,0.8128171275739653,-0.06699074074074074,-0.06152777777777785,0.4725058223732137,0.24926391912268275,0.1850230687103143,0.408742194088383,0.023152976339821607,0.005462962962962892,0.011359672624912318,0.3525000000000003,0.10313773603702032,0.1144612018681993,0.0,0.9999999987499999,0.6740377159144908,0.2867008986045422,0.28738846975711485,0.3941806921641358,happy,03,02,02,female,strong,197
40,1.3346666666666667,True,1.0,0.2030964618116979,0.20731642427755645,0.20520644304462718,0.6613380112108784,-0.07430555555555557,-0.06708333333333338,0.4636270933532432,0.20934092394596848,0.18155660018921266,0.31028980576650045,0.00421996246585854,0.0072222222222221855,0.004328620500998548,0.42302254787649524,0.10472467406534032,0.11385087486445895,0.0,0.9999999987499999,0.6738478484440652,0.2856018178487951,0.28673049748524937,0.386091513125649,happy,03,02,02,female,strong,197
50,1.6683333333333334,True,1.0,0.37242949683314286,0.35249042145593884,0.3624599591445409,0.8027784931490728,-0.06467592592592591,-0.060324074074074086,0.4572567649556491,0.22045374462107323,0.1891831094943326,0.4515068131966429,0.01993907537720402,0.004351851851851829,0.007650444041107363,0.35674740771471963,0.1050998559998773,0.11283121706549508,0.0,0.9999999987499999,0.6753040208036339,0.2903140337785779,0.2861335298345769,0.39316591775987975,happy,03,02,02,female,strong,197
60,2.0020000000000002,True,1.0,0.4247415202571552,0.3831637491831659,0.4039526347201606,0.9982701458555092,-0.06101851851851853,-0.05574074074074081,0.4507979987197945,0.28185834009179433,0.193229756483389,0.4046526247401464,0.0415777710739893,0.005277777777777715,0.007817351893421342,0.29801989073634705,0.10150232685697386,0.11508917078672896,0.0,0.9999999987499999,0.6671151659804546,0.28615602542719076,0.2767078819897129,0.3924191785373308,happy,03,02,02,female,strong,197
70,2.3356666666666666,True,1.0,0.420755152981597,0.4137851906062047,0.41727017179390086,0.7393947141044951,-0.05722222222222206,-0.054259259259259174,0.4423454315166772,0.14904698033324848,0.20162552417673177,0.5643402148191853,0.006969962375392269,0.0029629629629628895,0.010321501687701216,0.3813268193491437,0.10339127078214547,0.11389818505498873,0.0,0.9999999987499999,0.6696389394742274,0.2846456731408391,0.2746554296578071,0.38338828240600464,happy,03,02,02,female,strong,197
80,2.6693333333333333,True,1.0,0.4581026570603106,0.427662519866974,0.4428825884636423,0.6737469276267495,-0.05731481481481471,-0.05384259259259255,0.44990014462423983,0.10454693704553059,0.2008042776717041,0.6573426464795633,0.030440137193336603,0.0034722222222221544,0.0016965025616420724,0.4267241379310348,0.10504927948335088,0.11287830684306367,0.0,0.9999999987499999,0.6652554360259728,0.2865122375930818,0.2755277835021115,0.37898782033465006,happy,03,02,02,female,strong,197
90,3.003,True,1.0,0.421764534872324,0.40608675579559367,0.4139256453339588,0.6122082534656855,-0.05662037037037032,-0.05388888888888893,0.44405131405382703,0.07652155476199296,0.20145290248943265,0.6761190215759799,0.015677779076730347,0.0027314814814813904,0.0007767109594534244,0.4439003762938071,0.113189691275544,0.1114132266465779,0.0,0.9999999987499999,0.6187865989520808,0.27144499565298724,0.28373659914731586,0.34958568985081645,happy,03,02,02,female,strong,197
100,3.336666666666667,True,1.0,0.4314418078382588,0.41797859228720463,0.42471020006273175,0.5762864785092614,-0.05472222222222223,-0.05282407407407408,0.42646475852065524,0.07356321839080433,0.20147410961037118,0.7369775552627448,0.013463215551054175,0.0018981481481481488,0.009199100137993585,0.4552520572966131,0.10459362568025253,0.11245673392468537,0.0,0.9999999987499999,0.6654435178680848,0.2855092468605565,0.26672955679730853,0.36322315861726645,happy,03,02,02,female,strong,197
0,0.0,True,1.0,0.43230208152639243,0.43546496278855434,0.4338835221574734,0.4739097361704967,-0.059120370370370434,-0.054629629629629584,0.3991935526665217,0.07898495602841682,0.19253594035313734,0.9155404268828459,0.0031628812621619096,0.004490740740740851,0.0007750325729250327,0.5624999999999987,0.10344047422179893,0.11284500892990235,0.0,0.9999999987499999,0.6723978429574955,0.2815609619099994,0.2544509520128744,0.3520616214969629,happy,03,02,02,female,strong,198
10,0.33366666666666667,True,1.0,0.4550392322376167,0.44351075506137755,0.44927499364949713,0.5801171807051013,-0.05898148148148141,-0.05467592592592596,0.4308946143247947,0.07855753488714984,0.19463425832666542,0.774455590340261,0.011528477176239171,0.0043055555555554514,0.00047316148058595086,0.4570312500000008,0.10593513616828722,0.11170676929291265,0.0,0.9999999987499999,0.6696370240987021,0.2828942148909067,0.26913330085265574,0.37077582326210945,happy,03,02,02,female,strong,198
20,0.6673333333333333,True,1.0,0.4400998255647656,0.42030203164957486,0.43020092860717024,0.876977754985366,-0.058148148148148227,-0.053379629629629666,0.44819834741456555,0.1403124945642416,0.1974835546376815,0.49054941948253744,0.019797793915190764,0.004768518518518561,0.0026143026242263175,0.30778027761447496,0.10520299280441342,0.11324091761952156,0.0,0.9999999987499999,0.6636348357546143,0.2875696208197204,0.2790612044771599,0.3844556561315199,happy,03,02,02,female,strong,198
30,1.0010000000000001,True,1.0,0.44247293006293337,0.420315057470817,0.43139399376687515,0.6790436878699149,-0.06300925925925932,-0.05652777777777779,0.4615203192483534,0.17541191100451833,0.19122174848100942,0.63529637558389,0.02215787259211638,0.0064814814814815325,0.0016645516021794632,0.422185537083646,0.10368908634369,0.1139619791910588,0.0,0.9999999987499999,0.6702680906268758,0.2838269233354876,0.2775690029562519,0.38667371665079064,happy,03,02,02,female,strong,198
40,1.3346666666666667,True,1.0,0.4052035973277566,0.3915360449021241,0.39836982111494035,0.6941489641593455,-0.06263888888888891,-0.05782407407407408,0.4518945596815423,0.21048479440178944,0.18442575730281766,0.5738967306497234,0.013667552425632501,0.004814814814814827,0.0017571261158182685,0.4059997099855395,0.10650085935036635,0.11185096391556726,0.0,0.9999999987499999,0.6728003365252352,0.29062102193902184,0.2873355923189567,0.39477421505405474,happy,03,02,02,female,strong,198
50,1.6683333333333334,True,1.0,0.4123353642472963,0.39848222548032364,0.40540879486381,0.829813040786851,-0.06171296296296297,-0.05560185185185179,0.4528046012693793,0.21320934422419283,0.1954030075788309,0.4885543790434897,0.013853138766972639,0.006111111111111178,0.007115251048467061,0.3284087911056979,0.1054823874504199,0.1119643575923455,0.0,0.9999999987499999,0.666990093764068,0.2837430769578238,0.2859767760205335,0.39757041234183754,happy,03,02,02,female,strong,198
60,2.0020000000000002,True,1.0,0.4724464563920245,0.4375913846915657,0.4550189205417951,1.0042274138767122,-0.06004629629629621,-0.05606481481481479,0.424514104803194,0.2851441185650873,0.1933651375949506,0.4531034646676726,0.03485507170045876,0.003981481481481419,0.007098366276236574,0.29192079504961066,0.10279595059421764,0.11460212878390333,0.0,0.9999999987499999,0.6679993734134277,0.2839930355535564,0.2773131612709867,0.38658128565988337,happy,03,02,02,female,strong,198
70,2.3356666666666666,True,1.0,0.4556457260206221,0.42921923411361407,0.4424324800671181,0.7436564276073524,-0.05782407407407403,-0.053240740740740755,0.4171481474045975,0.15125215476759749,0.1995079533989793,0.5949420507136673,0.02642649190700802,0.004583333333333273,0.0038083404980753205,0.38135593220338965,0.1056548267987089,0.11197192931636799,0.0,0.9999999987499999,0.6674160007206007,0.28596053346862427,0.2729841069991839,0.3788432477397569,happy,03,02,02,female,strong,198
80,2.6693333333333333,True,1.0,0.46696995406463926,0.44291055642362864,0.45494025524413395,0.6054681624379669,-0.05717592592592585,-0.0533333333333334,0.4087114202263081,0.148135856533015,0.19874973631505968,0.7513859249217663,0.024059397641010616,0.003842592592592453,0.009000047877650864,0.4667218948762082,0.10567785200194646,0.11229004796470338,0.0,0.9999999987499999,0.6698566014687126,0.2847618862465562,0.264358990738675,0.3586459347034637,happy,03,02,02,female,strong,198
90,3.003,True,1.0,0.49352921386942744,0.4723927096095396,0.48296096173948355,0.5430475614616886,-0.05648148148148141,-0.052453703703703614,0.39102275268087067,0.1357082273112814,0.20147410961037113,0.8893529701883319,0.021136504259887834,0.004027777777777797,0.007761277725532955,0.5341637758156613,0.10434078061110494,0.11286030740039492,0.0,0.9999999987499999,0.6692829510007129,0.28433777814598543,0.25440001124041406,0.34541955196065954,happy,03,02,02,female,strong,198
100,3.336666666666667,True,1.0,0.5057419337975987,0.47749536624092287,0.49161865001926075,0.458781362007168,-0.05305555555555552,-0.05069444444444443,0.37106830395734075,0.11469534050179173,0.19942954382907044,1.0715750262138584,0.028246567556675817,0.0023611111111110916,0.0033061860663224072,0.6160275145491797,0.10742591712118593,0.1107909723482241,0.0,0.9999999987499999,0.6676953782841261,0.2728615859041627,0.24171790291749148,0.3478904485116984,happy,03,02,02,female,strong,198
110,3.6703333333333332,True,1.0,0.5114728823780483,0.510441107076929,0.5109569947274887,0.4731182795698934,-0.05675925925925929,-0.05476851851851855,0.36989412515690157,0.1290322580645169,0.19941615374813357,1.0799772843103717,0.0010317753011193087,0.0019907407407407374,0.0009986016848754409,0.5795454545454536,0.10588701276044234,0.11209283565077616,0.0,0.9999999987499999,0.6719439662505627,0.2825806755744118,0.24934246499947899,0.34211627848039844,happy,03,02,02,female,strong,198
0,0.0,True,1.0,0.5126499361104959,0.48164559330941875,0.49714776470995736,0.44434170861949185,-0.057638888888888906,-0.05398148148148135,0.3843355288436668,0.13883533620176597,0.1939235771116179,1.1188410969893567,0.031004342801077167,0.0036574074074075535,0.00321079692675576,0.6159323632809905,0.1031673776191095,0.11376658442856141,0.0,0.9999999987499999,0.6695466010701157,0.2838512458226277,0.24836767516324076,0.3460228113528606,happy,03,02,02,female,strong,199
10,0.33366666666666667,True,1.0,0.456874921884107,0.45227450138723857,0.45457471163567276,0.42357745101409133,-0.05981481481481482,-0.05624999999999997,0.3905234896767853,0.13654800100286255,0.19463425832666542,1.073179675989292,0.004600420496868429,0.003564814814814854,0.0008857649945340882,0.6717033225884458,0.10399352748697262,0.1126742290119159,0.0,0.9999999987499999,0.6709122912758854,0.28368438260415707,0.25255050765595083,0.3495501888060521,happy,03,02,02,female,strong,199
20,0.6673333333333333,True,1.0,0.44996215854060906,0.45923262412849275,0.4545973913345509,0.722503311378571,-0.059120370370370434,-0.054074074074074,0.4327470965951444,0.17144146371694935,0.19251969308138642,0.6291976578863802,0.009270465587883692,0.0050462962962964375,0.00476417693331029,0.3817323942222102,0.10386246787707556,0.11296383207326517,0.0,0.9999999987499999,0.674537853782138,0.28373238995893957,0.2722951043961727,0.38570330406145426,happy,03,02,02,female,strong,199
30,1.0010000000000001,True,1.0,0.336843291712361,0.34957834734773313,0.34321081953004706,0.6992277734794301,-0.06671296296296292,-0.06282407407407409,0.4555298622200961,0.2235236325057195,0.1828997844892348,0.4908426589267105,0.012735055635372139,0.0038888888888888307,4.025326922347563e-05,0.40606875052530744,0.11304859011898895,0.1124070695876073,0.0,0.9999999987499999,0.6185382712225515,0.27139706856254153,0.29190214677431137,0.36428398546860485,happy,03,02,02,female,strong,199
40,1.3346666666666667,True,1.0,0.3581106626832293,0.337407016370027,0.3477588395266281,0.7634421215499169,-0.06393518518518515,-0.05851851851851847,0.4575375787980672,0.23925410396595498,0.18298986351867563,0.4555143470740372,0.020703646313202262,0.005416666666666681,0.006768531739794924,0.3864278645044349,0.10329432312707053,0.11515017097214725,0.0,0.9999999987499999,0.6747287418170392,0.2899580447187979,0.2849663792884699,0.39500524726852737,happy,03,02,02,female,strong,199
50,1.6683333333333334,True,1.0,0.37403134554309164,0.3831637491831655,0.37859754736312856,0.7155674779039097,-0.062129629629629646,-0.05611111111111111,0.4568662781191556,0.18465497546504475,0.19054863455326013,0.5290871358102285,0.009132403640073838,0.006018518518518534,0.0028652001860791894,0.390104912969204,0.10561832174535103,0.11302233928543039,0.0,0.9999999987499999,0.6707249604451155,0.2841639704606581,0.277988130337123,0.3885936553623518,happy,03,02,02,female,strong,199
60,2.0020000000000002,True,1.0,0.4023272116144647,0.3817332155273497,0.39203021357090717,0.38760113125412193,-0.058287037037037026,-0.05361111111111111,0.3955145376733558,0.12697278437634996,0.19737689858370364,1.0114269076110654,0.02059399608711504,0.004675925925925917,0.00044092520452094537,0.7176724137931045,0.10256153835835813,0.11397923710868256,0.0,0.9999999987499999,0.6748998322610295,0.2808397970477723,0.25217701021901234,0.34778440575661423,happy,03,02,02,female,strong,199
70,2.3356666666666666,True,1.0,0.4355547721566854,0.41376100139728933,0.42465788677698735,0.7326167910414845,-0.0587037037037037,-0.054768518518518494,0.4276502002266851,0.21108338067307,0.19463425832666542,0.5796453097577736,0.02179377075939609,0.003935185185185208,0.010335196982699505,0.391239338765639,0.10354122259892269,0.11309001222691409,0.0,0.9999999987499999,0.6716597958636579,0.28242880953938193,0.26960723577797074,0.37730131391004484,happy,03,02,02,female,strong,199
80,2.6693333333333333,True,1.0,0.42568966012601844,0.41241271883885666,0.4190511894824376,0.7673233350198145,-0.059074074074073946,-0.05453703703703705,0.41335418015554265,0.17264775037945862,0.1980557779337933,0.5461207425310693,0.013276941287161781,0.004537037037036895,0.004055532640469491,0.36562500000000037,0.1040551761204792,0.11244799694901207,0.0,0.9999999987499999,0.6731574691048294,0.2823333348812211,0.2699737583485358,0.3799465678918612,happy,03,02,02,female,strong,199
90,3.003,True,1.0,0.4557403410639186,0.44166707497861496,0.4487037080212668,0.6010699457655211,-0.057916666666666616,-0.05444444444444446,0.40997284423889063,0.1598590281291274,0.1987220957950593,0.7465083076975325,0.014073266085303626,0.0034722222222221544,0.002658142962983539,0.4667553191489369,0.10412341623922355,0.11170465565832832,0.0,0.9999999987499999,0.6731313856870874,0.2802171046494708,0.2568622111720214,0.35621668752363606,happy,03,02,02,female,strong,199
100,3.336666666666667,True,1.0,0.4614657018914001,0.43546496278855323,0.44846533233997665,0.5968678350846662,-0.05814814814814817,-0.054814814814814816,0.4041138089697816,0.16219234649039863,0.20016815745708808,0.751364550037047,0.026000739102846893,0.003333333333333355,0.0072464899394165914,0.4769021739130425,0.10514783063426938,0.11261746330231072,0.0,0.9999999987499999,0.6732997094384628,0.278990768518757,0.25738247483744897,0.35188941687579195,happy,03,02,02,female,strong,199
110,3.6703333333333332,True,1.0,0.5168881055769708,0.4989731155992271,0.507930610588099,0.4623181727870118,-0.05763888888888896,-0.05449074074074073,0.3629385068707084,0.15892187189553492,0.19944369807999524,1.0986602744298797,0.017914989977743767,0.003148148148148233,0.007315895438708456,0.6152343750000007,0.10616246296114035,0.11166150091180493,0.0,0.9999999987499999,0.672471527220263,0.2792992166862056,0.25113010632344374,0.3426399498390064,happy,03,02,02,female,strong,199
0,0.0,True,1.0,0.6528334834332595,0.6229189630057508,0.6378762232195052,0.5596715502308597,-0.0628703703703703,-0.05939814814814809,0.3157938575877915,0.22219212151641,0.1987355326391147,1.1397331577000596,0.02991452042750875,0.00347222222222221,0.006658792845718962,0.46410455164702447,0.10485572200278839,0.11238204949451158,0.0,0.9999999987499999,0.6722267505127051,0.2813545968817365,0.2417006962445761,0.33656226687474666,sad,04,02,02,female,normal,200
10,0.33366666666666667,True,1.0,0.6692645546125762,0.6453561880078625,0.6573103713102193,0.5482109428300076,-0.06236111111111109,-0.06060185185185191,0.3156083508051577,0.20765566016288114,0.1994295438290705,1.199009942992039,0.023908366604713627,0.0017592592592591827,0.006425136770888091,0.4612238244144927,0.10719977894502271,0.1116941825124386,0.0,0.9999999987499999,0.6710815134334984,0.28111127318320767,0.24511745688152595,0.3357820789580971,sad,04,02,02,female,normal,200
20,0.6673333333333333,True,1.0,0.6390957518672997,0.6550050946868928,0.6470504232770963,0.6914623267929776,-0.06245370370370362,-0.06004629629629632,0.33075929032884527,0.2278682667840486,0.19802804055192558,0.935771043779254,0.01590934281959311,0.0024074074074073026,0.011842220566877854,0.37073863636363613,0.10556188913237238,0.11205955088007571,0.0,0.9999999987499999,0.6726207621720564,0.27965823444367993,0.24888969469290625,0.34120362780352764,sad,04,02,02,female,normal,200
30,1.0010000000000001,True,1.0,0.5752421776824644,0.5662490652049115,0.5707456214436879,0.9124177100160881,-0.06532407407407403,-0.06328703703703703,0.33134726702865547,0.33820790133806405,0.19529521528455354,0.6255310645314243,0.008993112477552967,0.002037037037037004,0.004312799714738401,0.30112636126697734,0.10350435543291968,0.11329204736603901,0.0,0.9999999987499999,0.6752979534626352,0.27905748121758417,0.2486559090221861,0.34990979864795124,sad,04,02,02,female,normal,200
40,1.3346666666666667,True,1.0,0.5961804603299787,0.5715868806118625,0.5838836704709206,0.7736131547030486,-0.06407407407407406,-0.061111111111111005,0.318627229866754,0.3044854998558224,0.19250423708691936,0.7547488908652857,0.024593579718116265,0.002962962962963056,0.014908922215863728,0.3596466622761784,0.10549124162407669,0.11127323839855482,0.0,0.9999999987499999,0.674666508322079,0.27833289709556697,0.2468322256279721,0.3444089655083375,sad,04,02,02,female,normal,200
50,1.6683333333333334,True,1.0,0.6477872214576426,0.6265423096269521,0.6371647655422974,1.0728133608158024,-0.06458333333333333,-0.06148148148148158,0.3109576577258426,0.4525756567356367,0.1911016173062288,0.5939194913249183,0.02124491183069044,0.0031018518518517446,0.005510949921531074,0.2728980582550016,0.10571233074766705,0.11140577483273068,0.0,0.9999999987499999,0.671725572721276,0.2793573352910266,0.2506121880182597,0.35431458015125195,sad,04,02,02,female,normal,200
60,2.0020000000000002,True,1.0,0.6071943494262839,0.5416557895200814,0.5744250694731827,0.7450053819740855,-0.05962962962962959,-0.05814814814814806,0.36502310686721096,0.23634063458668722,0.1889922613380744,0.7710347916562618,0.0655385599062025,0.001481481481481528,0.011939823525829946,0.3466065163994079,0.10480947377589922,0.11343740731051573,0.0,0.9999999987499999,0.6710539371686175,0.27966681311507907,0.24812680672998924,0.3463819447010397,sad,04,02,02,female,normal,200
70,2.3356666666666666,True,1.0,0.589706443100757,0.5917893371812861,0.5907478901410216,0.730253622115842,-0.057870370370370405,-0.05703703703703711,0.29896549708591535,0.3129658380496468,0.19176854176613825,0.8089626292155655,0.002082894080529085,0.0008333333333332971,0.012745193251086105,0.3757550976687297,0.10694849825668096,0.11193481019683141,0.0,0.9999999987499999,0.6711901625806572,0.2777234589820553,0.24851308006407938,0.34149187969317796,sad,04,02,02,female,normal,200
80,2.6693333333333333,True,1.0,0.6100325465555314,0.6003142566609254,0.6051734016082284,0.7827705113121994,-0.06092592592592583,-0.057916666666666616,0.31871708633891827,0.3016928012349105,0.1938637676317847,0.7731172711063736,0.009718289894605991,0.0030092592592592116,0.0074824814132993895,0.36387813121887447,0.10748151577347177,0.11159395471118717,0.0,0.9999999987499999,0.6700479506411939,0.27919971762472,0.24910166434450778,0.33828702810234207,sad,04,02,02,female,normal,200
90,3.003,True,1.0,0.6252214435188442,0.581255209963724,0.6032383267412842,0.6087237060178708,-0.05856481481481479,-0.0568055555555555,0.3150013158123638,0.24677988081805602,0.1938507802408853,0.9909887207901419,0.04396623355512019,0.0017592592592592937,0.015250124721553232,0.4872366588464851,0.10501191231899229,0.11291307075133683,0.0,0.9999999987499999,0.670096946309774,0.2811451679877384,0.24243588921004522,0.3349028587839107,sad,04,02,02,female,normal,200
100,3.336666666666667,True,1.0,0.6141874226616637,0.5842059846079477,0.5991967036348057,0.5265450756054921,-0.059768518518518554,-0.05773148148148144,0.3168871314173503,0.2138758967089819,0.19457153042485725,1.1379779840230564,0.029981438053716003,0.002037037037037115,0.011102656700706051,0.5272622967768887,0.10630886587163381,0.11152212500221244,0.0,0.9999999987499999,0.6714449660332883,0.2806440659091301,0.24541599333477954,0.33726993216559875,sad,04,02,02,female,normal,200
110,3.6703333333333332,True,1.0,0.6439681940429391,0.6184685637146827,0.6312183788788109,0.5261891395293906,-0.06074074074074076,-0.059907407407407354,0.31617428963649735,0.22195175539785675,0.1945448649420196,1.199603586351774,0.025499630328256417,0.0008333333333334081,0.012369941590997422,0.5106436952577902,0.10697302519280982,0.11105690053664427,0.0,0.9999999987499999,0.6693456652426595,0.28144964118466387,0.24552987366481946,0.33867390046779045,sad,04,02,02,female,normal,200
0,0.0,True,1.0,0.6205722448945851,0.5721648686074926,0.5963685567510388,0.5192592937596409,-0.059537037037037055,-0.05740740740740741,0.31543404314831996,0.1926284476850289,0.1986975232160198,1.148498570787432,0.04840737628709246,0.002129629629629648,0.027758054788981617,0.5262096774193564,0.10518379139866507,0.11309041160622524,0.0,0.9999999987499999,0.6702451041744822,0.2715500661342656,0.23425670309896338,0.34335077148659066,sad,04,02,02,female,normal,201
10,0.33366666666666667,True,1.0,0.6734690512950423,0.6163889598473009,0.6449290055711716,0.5355667274554955,-0.061064814814814794,-0.05986111111111114,0.31235874075208164,0.23427425180068442,0.1993916667032483,1.2041991641924095,0.0570800914477414,0.0012037037037036513,0.01931145144949847,0.4931023896025152,0.10587496575062244,0.11125122545569724,0.0,0.9999999987499999,0.6725122904474289,0.2814635811883004,0.24631323571184285,0.34087406308000323,sad,04,02,02,female,normal,201
20,0.6673333333333333,True,1.0,0.6528398941738195,0.634998350952578,0.6439191225631987,0.5863362009167334,-0.06157407407407406,-0.06060185185185185,0.31389764616412263,0.25962964687981976,0.1965933742316542,1.0982080273338652,0.01784154322124154,0.0009722222222222077,0.018103935812095105,0.4508478960261794,0.105767467727062,0.11254471974010345,0.0,0.9999999987499999,0.6734699836028161,0.27806329295842364,0.24519692769155943,0.33718470072162465,sad,04,02,02,female,normal,201
30,1.0010000000000001,True,1.0,0.6528398941738182,0.5890743391898811,0.6209571166818496,0.9655514392785841,-0.06185185185185177,-0.0587037037037037,0.324762942498703,0.3699817499768815,0.191744669646052,0.6431113780388545,0.0637655549839371,0.0031481481481480666,0.02111445172280659,0.292414713832026,0.10399168166935081,0.11318205524281208,0.0,0.9999999987499999,0.6776232144654737,0.2771312399019446,0.2503067949508318,0.3521716842607535,sad,04,02,02,female,normal,201
40,1.3346666666666667,True,1.0,0.6128454191141566,0.5989168610118589,0.6058811400630078,0.796573637772313,-0.06185185185185188,-0.059444444444444466,0.3186871770261648,0.30699167750277223,0.18897974658960054,0.7606090778467219,0.01392855810229765,0.0024074074074074137,0.02254390277613164,0.36385314826359166,0.1059293906809962,0.11188263278099933,0.0,0.9999999987499999,0.6761240312140481,0.27774795361927435,0.2472586304365478,0.34480516612307666,sad,04,02,02,female,normal,201
50,1.6683333333333334,True,1.0,0.6080173418450671,0.5814186776439997,0.5947180097445334,1.0654631617175658,-0.0601388888888888,-0.059166666666666645,0.3118659024093983,0.4480995737157594,0.18549729783568353,0.5581779184048241,0.02659866420106738,0.0009722222222221522,0.019114709239515873,0.26968883345040756,0.10588408579542077,0.11243501032080708,0.0,0.9999999987499999,0.6720339280165192,0.28039698744942687,0.251669958536477,0.3546724534398249,sad,04,02,02,female,normal,201
60,2.0020000000000002,True,1.0,0.5772367897285756,0.5648016481279297,0.5710192189282526,0.8347912185257748,-0.057361111111111196,-0.05648148148148152,0.34234878919306583,0.3399341830817615,0.1876175575483025,0.6840263843894543,0.01243514160064596,0.0008796296296296746,0.01733601382605214,0.3336844482201326,0.10304531103086315,0.11337413977413541,0.0,0.9999999987499999,0.6776888220913365,0.27937697763071645,0.2485359545468396,0.34916884615814037,sad,04,02,02,female,normal,201
70,2.3356666666666666,True,1.0,0.6074994123609894,0.5861583071516218,0.5968288597563056,0.7393402256928989,-0.055694444444444435,-0.05601851851851847,0.2996365632088843,0.3168316831683173,0.188947042850448,0.8072452154175248,0.021341105209367606,0.0003240740740740322,0.016962380920458403,0.38835802908220446,0.11487449192136218,0.1073932636204029,0.0,0.9999999987499999,0.6374532324023359,0.267549997129735,0.2506925173596426,0.32265572556107947,sad,04,02,02,female,normal,201
80,2.6693333333333333,True,1.0,0.6036744116219344,0.5404349187666717,0.572054665194303,0.7499120670350952,-0.054537037037037106,-0.05402777777777773,0.3243549180126168,0.29342191539521756,0.18825281292985535,0.7628289906788918,0.06323949285526265,0.0005092592592593759,0.022671528400746526,0.3912750951659053,0.10583765167414383,0.11111539532720892,0.0,0.9999999987499999,0.6724075680115796,0.28074852829435354,0.24718295311304556,0.33917546138694815,sad,04,02,02,female,normal,201
90,3.003,True,1.0,0.582302331344662,0.54534468960037,0.563823510472516,0.5380183211414443,-0.05592592592592588,-0.05560185185185185,0.32455913603712416,0.2282170453073919,0.18895713720099233,1.0479634025776745,0.03695764174429206,0.0003240740740740322,0.013908720204093623,0.5121863152297361,0.11355430287155958,0.10948651996697013,0.0,0.9999999987499999,0.634123322422719,0.2681426971091441,0.24450804280233182,0.3192186808046766,sad,04,02,02,female,normal,201
100,3.336666666666667,True,1.0,0.5605879895842255,0.5135940055874922,0.5370909975858589,0.5695881275224896,-0.054444444444444406,-0.054907407407407405,0.3156588321631707,0.24287934708112172,0.19241821567656017,0.9429462652636706,0.04699398399673327,0.0004629629629629983,0.021758668920632725,0.4971261963684413,0.11556452278836093,0.10682886775494824,0.0,0.9999999987499999,0.6335946126497475,0.26750847152335594,0.24996540153831243,0.32007370968515486,sad,04,02,02,female,normal,201
110,3.6703333333333332,True,1.0,0.5605879895842241,0.513979942465954,0.537283966025089,0.5525386771358601,-0.05499999999999999,-0.054537037037037106,0.3149667021987642,0.21754037667206272,0.19102055594950887,0.9723915958429453,0.046608047118270046,0.0004629629629628873,0.02215844566289964,0.5146436123967614,0.11574958871084176,0.10698507616198875,0.0,0.9999999987499999,0.6335641628370098,0.26867812439908667,0.25170614582337164,0.31996942391143945,sad,04,02,02,female,normal,201
0,0.0,True,1.0,0.6200800130575497,0.6114120811266086,0.6157460470920791,0.5366950640623149,-0.06124999999999997,-0.056574074074074054,0.3127111395157838,0.1928449973145268,0.20009763241977654,1.1472921745011349,0.008667931930941064,0.004675925925925917,0.00793842479052336,0.5096868868843242,0.10567582325142068,0.11161123538887514,0.0,0.9999999987499999,0.6741629277414091,0.27200001041043576,0.23622355403003056,0.3447742213042094,sad,04,02,02,female,normal,202
10,0.33366666666666667,True,1.0,0.6270431756540232,0.5717776743422297,0.5994104249981265,0.5367705403071672,-0.06018518518518512,-0.05601851851851847,0.3154585286135365,0.20125786163522086,0.19870942593845448,1.1166976948010476,0.05526550131179353,0.004166666666666652,0.00770810261370093,0.5106436952577901,0.10529489351993336,0.11197067867928018,0.0,0.9999999987499999,0.6717523749734269,0.27312270150590107,0.23650552116728024,0.3446556531247883,sad,04,02,02,female,normal,202
20,0.6673333333333333,True,1.0,0.622633453972965,0.5757494510427,0.5991914525078326,0.727937997942848,-0.06092592592592583,-0.056203703703703756,0.3144163140484459,0.2623962550724223,0.19801532628674093,0.82313528652323,0.046884002930264956,0.004722222222222072,0.011052061464809007,0.3931303177420456,0.10406866964919989,0.11411740957323908,0.0,0.9999999987499999,0.6719606587087961,0.27281079207877734,0.23846491402785344,0.3482676393943175,sad,04,02,02,female,normal,202
30,1.0010000000000001,True,1.0,0.6691200469710438,0.6318495271558956,0.6504847870634697,1.0250421548356337,-0.06490740740740741,-0.062129629629629535,0.30695967580144157,0.4100168619342546,0.19313299758825966,0.6345932057474997,0.03727051981514817,0.002777777777777879,0.00975458523980731,0.27238537663167234,0.103673733398102,0.11330534206666308,0.0,0.9999999987499999,0.675459925345138,0.2828987193624761,0.2510061317134591,0.34844900943451274,sad,04,02,02,female,normal,202
40,1.3346666666666667,True,1.0,0.6424972115781242,0.6065720548946847,0.6245346332364045,0.8375679872535485,-0.06162037037037038,-0.060231481481481386,0.31306268406808535,0.30988054627591544,0.18963202106327776,0.745652463729306,0.03592515668343954,0.001388888888888995,0.014301948055093775,0.3398405995318786,0.10448766947372379,0.11238579322263877,0.0,0.9999999987499999,0.6763442644088886,0.28149113401968046,0.25017018190362744,0.34356271124757176,sad,04,02,02,female,normal,202
50,1.6683333333333334,True,1.0,0.6286711927522006,0.6138496755586795,0.6212604341554401,0.9663492990070104,-0.05861111111111106,-0.0564351851851852,0.33103053181229436,0.34850460250530063,0.1931124547695311,0.6428942772492591,0.014821517193521094,0.002175925925925859,0.012556474427119851,0.3047315771991791,0.10256428134154597,0.11447714041681906,0.0,0.9999999987499999,0.6762873108227666,0.28332201837751825,0.2508270027375491,0.34645489026805837,sad,04,02,02,female,normal,202
60,2.0020000000000002,True,1.0,0.6263101340886219,0.5757481849244134,0.6010291595065176,0.7414358468295321,-0.05657407407407411,-0.0557407407407407,0.3405270263459936,0.2856832781489798,0.18893775557162903,0.8106286768795841,0.05056194916420853,0.0008333333333334081,0.015527782550145905,0.352082553892047,0.11436857673847114,0.10846014227677632,0.0,0.9999999987499999,0.6317766394448404,0.2702296990945056,0.2600110079460075,0.32293805563515615,sad,04,02,02,female,normal,202
70,2.3356666666666666,True,1.0,0.6712837563603462,0.6494029443029484,0.6603433503316474,0.7762366743707005,-0.06055555555555553,-0.05874999999999991,0.304015783306409,0.34499407749808925,0.19031786964211192,0.8506984688233025,0.02188081205739778,0.0018055555555556158,0.00879598484057202,0.3624999999999998,0.10464194644745044,0.11291907909676235,0.0,0.9999999987499999,0.6745064455157064,0.28278591567627853,0.24824994171138756,0.34145117846962636,sad,04,02,02,female,normal,202
80,2.6693333333333333,True,1.0,0.6707379716484334,0.6475333514889751,0.6591356615687043,0.7301423681147006,-0.06287037037037035,-0.060185185185185286,0.314172538152927,0.32358582223265153,0.19103972627181362,0.9027495052378037,0.023204620159458345,0.0026851851851850683,0.009738479138456747,0.38419553779336185,0.10487132814814554,0.11338022624213369,0.0,0.9999999987499999,0.6744568663637329,0.28327372348262997,0.24882080165825865,0.34420246657499076,sad,04,02,02,female,normal,202
90,3.003,True,1.0,0.6262929371258179,0.5654225757996776,0.5958577564627477,0.5536626681000336,-0.059444444444444466,-0.058750000000000024,0.3221775838528742,0.2604046273547328,0.19240909594576566,1.0762108243770745,0.06087036132614032,0.000694444444444442,0.015774484234485627,0.48310761289622617,0.11548297337244148,0.1072728142130404,0.0,0.9999999987499999,0.6319585345778937,0.2680502335283395,0.254367116288708,0.3250533432702183,sad,04,02,02,female,normal,202
100,3.336666666666667,True,1.0,0.6415333613522713,0.5776981115367034,0.6096157364444874,0.5630391587136154,-0.0593981481481482,-0.0584722222222222,0.3164431179026608,0.240086786647547,0.19587228806931042,1.0827235140044011,0.06383524981556798,0.0009259259259259967,0.019745605095641855,0.4806143069597249,0.11493497919916561,0.10856399105780869,0.0,0.9999999987499999,0.6315933530599739,0.2699657794718628,0.2511030363202156,0.31803532877233515,sad,04,02,02,female,normal,202
110,3.6703333333333332,True,1.0,0.6471730104643626,0.5667569204843284,0.6069649654743454,0.5585379414034335,-0.059027777777777735,-0.056805555555555665,0.3198603393545456,0.22995474311251518,0.19726902461622614,1.0867031950403043,0.08041608998003424,0.00222222222222207,0.02368350513012049,0.4806143069597226,0.10466668166774956,0.11272726902323872,0.0,0.9999999987499999,0.6738419113739245,0.27197972054934483,0.23787722041466883,0.3465007795498256,sad,04,02,02,female,normal,202
0,0.0,True,1.0,0.6345356269713329,0.5890743391898811,0.6118049830806069,0.5149860372039475,-0.05962962962962959,-0.05592592592592588,0.31660735924176336,0.19104320734985186,0.19801532628674087,1.1880030503396282,0.045461287781451865,0.003703703703703709,0.00978357560626443,0.5443548387096765,0.10626595119952557,0.1107058589508434,0.0,0.9999999987499999,0.6711809241430946,0.2730615374690272,0.23992919866636528,0.3468912403603248,sad,04,02,02,female,normal,203
10,0.33366666666666667,True,1.0,0.6471087925991706,0.620001334531113,0.6335550635651418,0.531598490016978,-0.06055555555555564,-0.05717592592592596,0.3165416908067275,0.20765566016288234,0.1987804434962247,1.191792443851576,0.0271074580680577,0.003379629629629677,0.007462630362739762,0.5273437499999992,0.10510745631846106,0.1119766322238601,0.0,0.9999999987499999,0.6727670002844888,0.2721863529890112,0.23776111572794237,0.34523023056853175,sad,04,02,02,female,normal,203
20,0.6673333333333333,True,1.0,0.5803597040722798,0.560868709319132,0.5706142066957058,0.8033589758786132,-0.061157407407407494,-0.05782407407407403,0.30863324869557046,0.2991016027823514,0.19666787146554268,0.7102854686743739,0.01949099475314775,0.003333333333333466,0.009168540807702415,0.3590168422124673,0.10659790294891984,0.1117584818163213,0.0,0.9999999987499999,0.6720129530171445,0.2743072347830427,0.24430013920641627,0.35352254343016065,sad,04,02,02,female,normal,203
30,1.0010000000000001,True,1.0,0.6720463673463967,0.637148624168253,0.6545974957573248,1.115299021465236,-0.06453703703703706,-0.059212962962962856,0.29761215236107,0.4618035010754504,0.1925529787018724,0.5869255537383511,0.03489774317814365,0.005324074074074203,0.006940647073865279,0.2548828124999992,0.10420667155632685,0.11332089385108919,0.0,0.9999999987499999,0.674165247028499,0.28330100296427346,0.25178578941464774,0.35090919495167705,sad,04,02,02,female,normal,203
40,1.3346666666666667,True,1.0,0.6541980784309859,0.6317305927566097,0.6429643355937977,0.8229858580249731,-0.06277777777777782,-0.05898148148148141,0.3172566984651367,0.3044854998558222,0.19179559324362386,0.7812580609061781,0.022467485674376175,0.0037962962962964086,0.0035335593389434513,0.3380706803997768,0.10400353653924932,0.11367507956878026,0.0,0.9999999987499999,0.674354204509929,0.28404885722014994,0.25006887268797073,0.3431576478399478,sad,04,02,02,female,normal,203
50,1.6683333333333334,True,1.0,0.6500440035225518,0.6327086723336334,0.6413763379280926,0.9695703531249166,-0.060694444444444384,-0.05773148148148155,0.32140164186111714,0.36358888242184406,0.19390744610831734,0.6615057235000456,0.01733533118891839,0.002962962962962834,0.00017487290900907793,0.2906250000000011,0.10546265566146742,0.11266141967840737,0.0,0.9999999987499999,0.6735860351484344,0.28555758569653455,0.25699948230577396,0.35335987935559904,sad,04,02,02,female,normal,203
60,2.0020000000000002,True,1.0,0.619371384767835,0.6167027711023308,0.618037077935083,0.8564538119270105,-0.0597685185185185,-0.05634259259259261,0.32441464603334097,0.347429376536429,0.19322975648338903,0.7216233605692141,0.0026686136655041937,0.003425925925925888,0.003341097441931216,0.35023584905660515,0.10597053692192936,0.11252297730918745,0.0,0.9999999987499999,0.6760920186433949,0.2738644422484406,0.2471405071802258,0.35458345434210586,sad,04,02,02,female,normal,203
70,2.3356666666666666,True,1.0,0.3611252783246305,0.3407863881548737,0.3509558332397521,0.7490004179424257,-0.07435185185185189,-0.07111111111111112,0.2989729879418674,0.3135350586735738,0.19668300026825294,0.46856560401376096,0.020338890169756763,0.0032407407407407662,0.002504416381820744,0.3793604651162779,0.11422357235531257,0.1094863875740869,0.0,0.9999999987499999,0.6290893708967963,0.2707956981296583,0.2556317381424992,0.3181200226063283,sad,04,02,02,female,normal,203
80,2.6693333333333333,True,1.0,0.6083421185622461,0.5621070401250928,0.5852245793436694,0.6977230181472833,-0.06152777777777774,-0.05805555555555564,0.3174805662311334,0.29071792422803494,0.19736182297188892,0.8387634693458451,0.04623507843715324,0.003472222222222099,0.006216454588634948,0.41517857142857245,0.10708648173709157,0.11163227353774553,0.0,0.9999999987499999,0.6746117666519733,0.2731541409625662,0.24335848449114694,0.34917663101076335,sad,04,02,02,female,normal,203
90,3.003,True,1.0,0.6315725237291804,0.6130033915709961,0.6222879576500883,0.531598490016978,-0.061574074074074,-0.05856481481481479,0.3145387003342226,0.22426811297591281,0.19730924259563276,1.1705976772624276,0.01856913215818423,0.0030092592592592116,0.001211868829310346,0.5107225811843826,0.11531947027379082,0.10797918978263389,0.0,0.9999999987499999,0.6318277448557549,0.26700733047499714,0.2547374787770535,0.3295778691014796,sad,04,02,02,female,normal,203
100,3.336666666666667,True,1.0,0.6000544909827824,0.582403597281638,0.5912290441322102,0.581270360260699,-0.05902777777777768,-0.0558333333333334,0.3139519163062096,0.23247812256069983,0.1972980287910503,1.0171326194355494,0.017650893701144366,0.0031944444444442777,0.007814680659414748,0.4829263123940882,0.11434351234522647,0.1097089906306341,0.0,0.9999999987499999,0.6300005223104866,0.2652798767707844,0.25016553272300074,0.32637760982221625,sad,04,02,02,female,normal,203
110,3.6703333333333332,True,1.0,0.6075074286641067,0.5626007576367942,0.5850540931504504,0.5425487354169858,-0.05949074074074073,-0.05768518518518517,0.3188626962136995,0.20551088462764647,0.19866641918814595,1.078343851821526,0.044906671027312495,0.0018055555555555602,0.01813153269561696,0.5284090909090917,0.1070015660176823,0.1113720613104821,0.0,0.9999999987499999,0.6724052967593286,0.27266914937951386,0.24193191111331044,0.3461549543915133,sad,04,02,02,female,normal,203
0,0.0,True,1.0,0.6124314556325787,0.5854294767070477,0.5989304661698132,0.524653408766434,-0.05884259259259261,-0.055925925925925934,0.3152086902928363,0.2030582167122331,0.19739274606235463,1.1415735725000236,0.027001978925531023,0.0029166666666666785,0.0006355433999617759,0.5261230723578049,0.10158239936181447,0.11368563739276707,0.0,0.9999999987499999,0.6763658853306949,0.28271484229486,0.2383781475792987,0.3380145802373975,sad,04,02,02,female,strong,204
10,0.33366666666666667,True,1.0,0.657003383849351,0.6306731989789913,0.6438382914141711,0.5148577223951394,-0.06083333333333335,-0.05726851851851855,0.3215647154184369,0.2158725423777928,0.19255297870187246,1.2505169164386014,0.026330184870359652,0.0035648148148147984,0.009937895405699775,0.5261230723578022,0.10248189928712312,0.11354859804609174,0.0,0.9999999987499999,0.6767482075095663,0.2819978094237918,0.2385529328453539,0.338005969343044,sad,04,02,02,female,strong,204
20,0.6673333333333333,True,1.0,0.5909149879487176,0.5866317678076316,0.5887733778781745,0.8884861298196797,-0.05782407407407408,-0.05495370370370367,0.33932373217874495,0.31730046834773595,0.19114832178248248,0.6626703086492385,0.004283220141085953,0.002870370370370412,0.0008914043670086076,0.33145649358084006,0.11540285172096587,0.11033459444189236,0.0,0.9999999987499999,0.6212062282412965,0.26980563406296676,0.2687737512312098,0.33349262241582006,sad,04,02,02,female,strong,204
30,1.0010000000000001,True,1.0,0.6179145455820579,0.5662490652049115,0.5920818053934847,0.8264102401115506,-0.05986111111111103,-0.0558796296296295,0.34087633820913554,0.3040565977768916,0.19250423708691936,0.7164502285372991,0.05166548037714647,0.00398148148148153,0.002807315198563332,0.33962264150943366,0.10176143877110078,0.11469413769342895,0.0,0.9999999987499999,0.6719865892216261,0.2831764760512149,0.24687067898453266,0.34831157833659504,sad,04,02,02,female,strong,204
40,1.3346666666666667,True,1.0,0.5699645169322349,0.5512591517247697,0.5606118343285023,0.7501653910756124,-0.06106481481481485,-0.05814814814814817,0.3452936130240369,0.25260671332137885,0.18897974658960054,0.7473176462122281,0.01870536520746524,0.0029166666666666785,0.0008530354228175908,0.39083930502064634,0.10353125990750803,0.11360337013953302,0.0,0.9999999987499999,0.6759852029483668,0.28078703361702834,0.2466551288126083,0.3375597427371258,sad,04,02,02,female,strong,204
50,1.6683333333333334,True,1.0,0.5968140224931667,0.597701149425288,0.5972575859592273,1.3486551352931708,-0.06324074074074076,-0.05949074074074068,0.3087360532584308,0.571898063700269,0.18689742604383394,0.4428541962503968,0.0008871269321212294,0.0037500000000000866,0.0015633571953843617,0.2207278481012653,0.10496603058980057,0.1115982263187909,0.0,0.9999999987499999,0.6731997171055922,0.28146785332113705,0.25458188621757166,0.3543260674497542,sad,04,02,02,female,strong,204
60,2.0020000000000002,True,1.0,0.5938853280321424,0.5724964077070798,0.5831908678696112,0.6765573881621858,-0.058750000000000024,-0.056342592592592666,0.3313062682569605,0.23598820058997083,0.19033550738708577,0.8619976340126928,0.021388920325062677,0.002407407407407358,0.0011704313745658141,0.4054885631077851,0.10321676297383879,0.11338622263746272,0.0,0.9999999987499999,0.6752589953559549,0.28024676126146764,0.24345169536605898,0.3308718189567576,sad,04,02,02,female,strong,204
70,2.3356666666666666,True,1.0,0.5839648306135057,0.5622239992795597,0.5730944149465327,0.6875149429337515,-0.05791666666666667,-0.055555555555555636,0.32862135002542703,0.2237655047380428,0.19381653658425443,0.8335737584132127,0.021740831333945998,0.002361111111111036,0.00446608776150403,0.41910673532331677,0.10384700790857967,0.11314655313378343,0.0,0.9999999987499999,0.6719549834621348,0.282629472512709,0.24875592244294278,0.3323664711460279,sad,04,02,02,female,strong,204
80,2.6693333333333333,True,1.0,0.5850263885684576,0.5724964077070792,0.5787613981377684,0.8004409335146748,-0.05879629629629629,-0.056064814814814734,0.3252384544375591,0.27213269704260057,0.19382716457339644,0.7230532246726457,0.012529980861378354,0.002731481481481557,0.005467879101854144,0.3712265090657173,0.10576435558898638,0.111527344504756,0.0,0.9999999987499999,0.6693844388145883,0.2837280538618466,0.2540441693183173,0.34314431841556603,sad,04,02,02,female,strong,204
90,3.003,True,1.0,0.5924150741729386,0.5675792126820652,0.579997143427502,0.6822543741317445,-0.05879629629629629,-0.05532407407407414,0.3272085819045894,0.2379753512608023,0.19246261862476374,0.8501186147258083,0.024835861490873357,0.0034722222222221544,0.004774815561526442,0.44533691995667224,0.10425114664762307,0.1129431091634748,0.0,0.9999999987499999,0.6712585041203981,0.2827988189666199,0.24546935604639125,0.33167428507633173,sad,04,02,02,female,strong,204
100,3.336666666666667,True,1.0,0.6203440827790917,0.5966621996858146,0.6085031412324531,0.5802109129421925,-0.0584722222222222,-0.055416666666666725,0.3207770973789877,0.21747293031121168,0.1917685417661383,1.0487619719987573,0.023681883093277123,0.003055555555555478,0.01219011616615833,0.5005266723301971,0.10536354050268927,0.11224606769556991,0.0,0.9999999987499999,0.6710594362901412,0.2829952718448851,0.24681856391987714,0.33281283938157324,sad,04,02,02,female,strong,204
110,3.6703333333333332,True,1.0,0.6219155187187855,0.5965421724753665,0.609228845597076,0.5279961856950365,-0.06078703703703697,-0.056990740740740786,0.32584653572693184,0.21596706753311085,0.1917685417661383,1.1538508460910708,0.025373346243419026,0.0037962962962961866,0.01197120240497258,0.5462163026642952,0.10539006961287628,0.11171068330691793,0.0,0.9999999987499999,0.6717673484002974,0.2839269946197343,0.24694368550540952,0.3346835851467571,sad,04,02,02,female,strong,204
0,0.0,True,1.0,0.5909149879487162,0.5592958882350775,0.5751054380918968,0.5316806131095578,-0.056990740740740786,-0.05500000000000005,0.31639736396266294,0.19104320734985067,0.20011021438295098,1.0816746443477918,0.03161909971363874,0.0019907407407407374,0.0007700387503844626,0.5448377066694521,0.10588381959412292,0.11072781242095305,0.0,0.9999999987499999,0.6680023377944928,0.2766173296682863,0.2388308654280995,0.33869826449729645,sad,04,02,02,female,strong,205
10,0.33366666666666667,True,1.0,0.547704047432289,0.5502510456084216,0.5489775465203552,0.5266776213722324,-0.05768518518518512,-0.05499999999999994,0.31747750685499443,0.18927477018064554,0.20011021438295098,1.042340749337368,0.0025469981761326865,0.0026851851851851793,0.0013969141694859287,0.5458171968283122,0.10517953515393537,0.11207904741771768,0.0,0.9999999987499999,0.669729669953919,0.27489945805090993,0.2387333996380567,0.33953147808238426,sad,04,02,02,female,strong,205
20,0.6673333333333333,True,1.0,0.4971711825706602,0.4745180675524622,0.4858446250615612,0.7848364929544401,-0.061203703703703594,-0.05875000000000008,0.324403658580316,0.2562562562562566,0.19874973631505968,0.6190392896138744,0.022653115018198,0.0024537037037035136,0.0005399124543478025,0.3793508523806836,0.1056390070018412,0.11249607736598068,0.0,0.9999999987499999,0.6722925473548794,0.27427630930130964,0.24291781051717554,0.34797622184659094,sad,04,02,02,female,strong,205
30,1.0010000000000001,True,1.0,0.5342169662389211,0.5360966104741257,0.5351567883565234,0.8885001272013536,-0.0618981481481482,-0.05995370370370379,0.3361510089234739,0.31173925148859205,0.19733398804732605,0.6023148134398016,0.0018796442352045917,0.0019444444444444153,0.0017229554603627188,0.3359683068576792,0.1047904492587275,0.11244291542500862,0.0,0.9999999987499999,0.6714121817633303,0.2765066327952993,0.24633025804335273,0.3516051821051337,sad,04,02,02,female,strong,205
40,1.3346666666666667,True,1.0,0.5645421368555009,0.5608816704402756,0.5627119036478883,0.7757095407617186,-0.06143518518518515,-0.05828703703703714,0.3251985284262309,0.26663184710935245,0.19385078024088526,0.7254157311193126,0.0036604664152253275,0.003148148148148011,0.0024391808491088665,0.37497425344523905,0.11585241868318175,0.10986245036969323,0.0,0.9999999987499999,0.6208419785414167,0.2684316243969929,0.26223941519407173,0.3210961527673648,sad,04,02,02,female,strong,205
50,1.6683333333333334,True,1.0,0.6398102437615971,0.6065720548946869,0.623191149328142,1.2026143790849668,-0.06092592592592583,-0.05754629629629632,0.3004720685939279,0.4880174291938993,0.1931835552199687,0.5181969883000314,0.03323818886691021,0.0033796296296295103,0.0032844293684649827,0.2527173913043474,0.11779860177617381,0.10812602938711037,0.0,0.9999999987499999,0.6169340429921968,0.27116584585844933,0.27179365338076317,0.3379495553873977,sad,04,02,02,female,strong,205
60,2.0020000000000002,True,1.0,0.5718363715619171,0.5270433893285522,0.5494398804452347,0.7928026550388194,-0.05861111111111106,-0.055787037037037024,0.3335943326276091,0.2616083217849722,0.19593304199252465,0.6930348642920873,0.04479298223336492,0.0028240740740740344,0.0001174978254020026,0.35997722091221135,0.10446451862346572,0.11358755024867706,0.0,0.9999999987499999,0.6760878151494973,0.27457124347892137,0.24131084438006178,0.34308737259409544,sad,04,02,02,female,strong,205
70,2.3356666666666666,True,1.0,0.530000201245605,0.5115942202406585,0.5207972107431318,0.685290454571629,-0.05699074074074073,-0.05472222222222234,0.31636656038711075,0.24233601352295206,0.19525184725676933,0.7599656572900597,0.018405981004946503,0.002268518518518392,0.0016827116130437505,0.42805290204285407,0.10407799395098949,0.1132710139785705,0.0,0.9999999987499999,0.6713489164493922,0.27510528068441314,0.23570651923137095,0.3373425273472197,sad,04,02,02,female,strong,205
80,2.6693333333333333,True,1.0,0.5609357013577265,0.5114620770338898,0.5361988891958082,0.7503109328409867,-0.05893518518518531,-0.05500000000000005,0.3250803078027184,0.24464831804281376,0.19525184725676922,0.7146355806992415,0.04947362432383673,0.003935185185185264,0.0007795787454644821,0.41572978861377297,0.10562603538786144,0.1119990894099754,0.0,0.9999999987499999,0.6737563766444078,0.27439654617678916,0.24156363470511738,0.341188334064803,sad,04,02,02,female,strong,205
90,3.003,True,1.0,0.5655893718691196,0.5402953219203354,0.5529423468947274,0.6140612236457813,-0.05768518518518517,-0.05458333333333326,0.32705310664768394,0.21815332945310562,0.19455780600042563,0.9004677800884721,0.02529404994878426,0.003101851851851911,0.001561920430208621,0.48848684210526244,0.10631879586483876,0.11117043257402494,0.0,0.9999999987499999,0.6726743427449104,0.2740536091138766,0.24021164723548638,0.34014537143256746,sad,04,02,02,female,strong,205
100,3.336666666666667,True,1.0,0.5443431529550683,0.5020010076059643,0.5231720802805163,0.5079509898833022,-0.057592592592592584,-0.053842592592592664,0.3311782983168607,0.1666456745806006,0.1973339880473261,1.0299656673584021,0.042342145349103966,0.00374999999999992,0.0006590908437999302,0.5457328902068503,0.10537156918018162,0.11121539508502648,0.0,0.9999999987499999,0.669927733101053,0.27313967895254737,0.23729880389822652,0.33728150948566976,sad,04,02,02,female,strong,205
110,3.6703333333333332,True,1.0,0.5567349987990825,0.5415305980885159,0.5491327984437993,0.48912248155641863,-0.05657407407407411,-0.05435185185185182,0.32441387473088623,0.14671095769760945,0.20012355802494244,1.1226897538964555,0.015204400710566612,0.002222222222222292,0.002307011583145528,0.5821026962022603,0.10781274617237027,0.11041457777914335,0.0,0.9999999987499999,0.6710055327834259,0.2717006817557216,0.23860087020432819,0.33891373559851085,sad,04,02,02,female,strong,205
0,0.0,True,1.0,0.6187635344252808,0.5757494510427,0.5972564927339904,0.5537027703928428,-0.0597685185185185,-0.05638888888888899,0.31536168397873043,0.22638325771705284,0.19740936522195227,1.0786590291217921,0.043014083382580726,0.0033796296296295103,0.006172954696000458,0.5119633041079644,0.10617353451922379,0.1106224037461136,0.0,0.9999999987499999,0.6746569789009353,0.27288573645240627,0.2397308034458521,0.3488922921813477,sad,04,02,02,female,strong,206
10,0.33366666666666667,True,1.0,0.6067189763168198,0.5924559149384324,0.5995874456276261,0.5699880753496369,-0.06259259259259253,-0.05819444444444444,0.3133527071057256,0.2514309204086862,0.19473027126662731,1.0519298061803006,0.014263061378387398,0.0043981481481480955,0.0005477609662917015,0.49712619636844124,0.10518004624178966,0.11190845102327707,0.0,0.9999999987499999,0.6738710262308047,0.28331577739338737,0.2465538013146438,0.3423834614321888,sad,04,02,02,female,strong,206
20,0.6673333333333333,True,1.0,0.5831865814126871,0.5675792126820653,0.5753828970473762,0.714335470960312,-0.061111111111111116,-0.05782407407407403,0.3142299890201141,0.25749301860197243,0.19465189690688672,0.8054799466612853,0.01560736873062174,0.0032870370370370883,0.0024237513735627944,0.40552325581395343,0.11456146192441463,0.10843223320342411,0.0,0.9999999987499999,0.6344600521380427,0.26781590864844873,0.25457048547567196,0.3219646519610778,sad,04,02,02,female,strong,206
30,1.0010000000000001,True,1.0,0.6106326432760922,0.577777777777777,0.5942052105269346,0.8558511347298795,-0.06148148148148158,-0.05856481481481479,0.315406410517972,0.33740285119158686,0.190489767993428,0.6942857074255974,0.03285486549831529,0.0029166666666667895,0.0008397438439262417,0.3461538461538461,0.10463684859403544,0.11207705188429298,0.0,0.9999999987499999,0.6729514350583983,0.28389911617806696,0.2532775976942391,0.35019245230662455,sad,04,02,02,female,strong,206
40,1.3346666666666667,True,1.0,0.5930126869031396,0.5827518338999707,0.5878822604015551,0.7915579716536845,-0.05870370370370376,-0.05652777777777773,0.32516428961493565,0.2907572402373456,0.191842128769665,0.7426900889815815,0.010260853003168924,0.0021759259259260255,0.0023056236948299693,0.36788915584835313,0.11762775922324394,0.10813581795307324,0.0,0.9999999987499999,0.6114213029899459,0.26615922159510447,0.27271396435821316,0.3209417182652242,sad,04,02,02,female,strong,206
50,1.6683333333333334,True,1.0,0.5752725167966829,0.5416557895200806,0.5584641531583818,0.8508039737921138,-0.057129629629629586,-0.05398148148148152,0.3459593992161484,0.2810691699134666,0.19463425832666542,0.6563957978113975,0.033616727276602254,0.0031481481481480666,0.0010379738606410597,0.35156249999999956,0.10493294186280548,0.11298646373509282,0.0,0.9999999987499999,0.6718940043986346,0.27473157166694884,0.24786147603984574,0.35684023891324307,sad,04,02,02,female,strong,206
60,2.0020000000000002,True,1.0,0.6205722448945851,0.5423922955069641,0.5814822702007746,0.8889321703836399,-0.05842592592592599,-0.05541666666666667,0.33590925534545246,0.31189083820662766,0.1931835552199687,0.6541357030085007,0.07817994938762096,0.0030092592592593226,0.0033833514561476875,0.3355099792443921,0.10510032922124822,0.11181306000583051,0.0,0.9999999987499999,0.6696558587966437,0.27660540355125085,0.2498726488492848,0.35769851396556135,sad,04,02,02,female,strong,206
70,2.3356666666666666,True,1.0,0.5564564928361733,0.5114620770338899,0.5339592849350316,0.6751016905443303,-0.055787037037037024,-0.053611111111111165,0.31068865074779894,0.24462762980912708,0.1973092425956327,0.7909316365427904,0.04499441580228336,0.002175925925925859,0.0051078157362001286,0.4525902892961398,0.10483344728992829,0.11240282832091632,0.0,0.9999999987499999,0.6689972231392558,0.2752450899459405,0.2411046625727434,0.3423810290496219,sad,04,02,02,female,strong,206
80,2.6693333333333333,True,1.0,0.5369675114641056,0.5037592390318005,0.5203633752479531,0.7139818270767978,-0.05731481481481482,-0.05356481481481484,0.33123477953855146,0.22211032784341542,0.1966535174229897,0.7288187955405501,0.033208272432305064,0.0037499999999999756,0.00011905033228077849,0.42496680076548443,0.10578187349846022,0.11236174821555506,0.0,0.9999999987499999,0.6697028673813277,0.2755715809187754,0.24341560475806232,0.34321957987732116,sad,04,02,02,female,strong,206
90,3.003,True,1.0,0.5632391728693085,0.5313760303273468,0.5473076015983276,0.6821960069476317,-0.058009259259259316,-0.05513888888888896,0.33107025220356806,0.22211032784341542,0.196005065506507,0.8022732411571287,0.03186314254196165,0.0028703703703703565,0.0016628980763734671,0.44476744186046485,0.1060874553989888,0.11122004896751293,0.0,0.9999999987499999,0.6669690306825857,0.2756244446139995,0.24209973884666905,0.3423677257930627,sad,04,02,02,female,strong,206
100,3.336666666666667,True,1.0,0.5758982579107275,0.5529236309413419,0.5644109444260347,0.6188002662464447,-0.05740740740740741,-0.05472222222222234,0.33086949578947733,0.20624530442602756,0.1945715304248572,0.912105206175285,0.02297462696938557,0.0026851851851850683,0.007757090833825367,0.4622020911917611,0.11851844719093357,0.10733651050274431,0.0,0.9999999987499999,0.6069633297615922,0.26831952086041794,0.26823287160394804,0.31104116731391007,sad,04,02,02,female,strong,206
110,3.6703333333333332,True,1.0,0.5797442302571257,0.5536270381420691,0.5666856341995974,0.5439914910580717,-0.057638888888888906,-0.05523148148148155,0.3253541562343125,0.19996950697510132,0.19390744610831734,1.0417178274192953,0.026117192115056587,0.002407407407407358,0.005457721615640155,0.5136400140600601,0.11874150632268973,0.10744492255522468,0.0,0.9999999987499999,0.6086444169230193,0.2660626095095336,0.2687384148183347,0.3137603124259493,sad,04,02,02,female,strong,206
0,0.0,True,1.0,0.5887137976987045,0.5403100095116482,0.5645119036051763,0.5316718587746622,-0.057731481481481495,-0.05513888888888885,0.32115660202453916,0.19937694704049783,0.1960050655065069,1.0617675061948928,0.04840378818705626,0.0025925925925926463,0.004401659500059792,0.5458171968283122,0.10409846042950627,0.1125772897989882,0.0,0.9999999987499999,0.6726355283910438,0.27439768130531494,0.23716340388584148,0.34600227939069794,sad,04,02,02,female,strong,207
10,0.33366666666666667,True,1.0,0.5856627392604152,0.5553000556054829,0.570481397432949,0.5482109428300072,-0.05768518518518517,-0.05407407407407411,0.32195997135039567,0.207655660162881,0.19603931605314545,1.0406238782611232,0.030362683654932332,0.003611111111111065,0.0007857074630996792,0.5284090909090905,0.10610240415190232,0.11154790546472891,0.0,0.9999999987499999,0.6729913610209708,0.2740950259866371,0.23855153478456592,0.34505728875490327,sad,04,02,02,female,strong,207
20,0.6673333333333333,True,1.0,0.5920272519206655,0.5402953219203354,0.5661612869205004,0.5649006886470902,-0.05689814814814814,-0.05458333333333332,0.3179582674794696,0.207655660162881,0.19390744610831734,1.0022315396294335,0.05173193000033016,0.002314814814814825,0.003063875729142251,0.4971261963684413,0.11781140348607134,0.10846395675610787,0.0,0.9999999987499999,0.6151997638821154,0.26739455047549304,0.26278577432744477,0.31139668907855184,sad,04,02,02,female,strong,207
30,1.0010000000000001,True,1.0,0.5571314774450952,0.551607662454816,0.5543695699499556,0.8639645286636969,-0.056990740740740675,-0.05430555555555555,0.3257419987107859,0.2934219153952178,0.191842128769665,0.6416577898254745,0.005523814990279208,0.002685185185185124,0.007625799783817236,0.33962264150943394,0.11585136717847566,0.1098635591956323,0.0,0.9999999987499999,0.6152200298087986,0.2681045714844866,0.26883691333864396,0.3226845448628628,sad,04,02,02,female,strong,207
40,1.3346666666666667,True,1.0,0.5480108428654941,0.541522829092369,0.5447668359789315,0.7910421327278258,-0.05615740740740749,-0.05444444444444452,0.3274722981414169,0.26635378079888494,0.19385078024088526,0.6886698109244324,0.006488013773125023,0.0017129629629629717,0.0025081737731710587,0.35642856242064846,0.11716742599994416,0.1086344289280238,0.0,0.9999999987499999,0.6110024558573429,0.2695222072433531,0.2713409566543544,0.31843007763647957,sad,04,02,02,female,strong,207
50,1.6683333333333334,True,1.0,0.5172447968398824,0.4750012244612835,0.49612301065058295,0.8512022162990198,-0.05402777777777773,-0.05236111111111108,0.35309648214528144,0.2389223219227317,0.19450093735393323,0.5828497637232412,0.04224357237859894,0.0016666666666666496,0.0017012077221842624,0.3453779198104038,0.10601539000883646,0.11248071923401652,0.0,0.9999999987499999,0.6682328351731318,0.2774087383413372,0.2516599852658716,0.3592723657951098,sad,04,02,02,female,strong,207
60,2.0020000000000002,True,1.0,0.5280040982257093,0.4970404911280476,0.5125222946768784,0.7424602887845371,-0.0557407407407407,-0.05328703703703708,0.36116660742364404,0.21109165073285793,0.19521550446455993,0.6903026362742116,0.03096360709766166,0.0024537037037036247,0.001027953985255413,0.38602941176470607,0.10491440397274943,0.11317214790680173,0.0,0.9999999987499999,0.671113068266369,0.27586566254941663,0.24913230747989823,0.3528604408513827,sad,04,02,02,female,strong,207
70,2.3356666666666666,True,1.0,0.5535726105751414,0.5254371211877014,0.5395048658814214,0.6735022665842889,-0.05592592592592588,-0.054537037037036995,0.3219038668993297,0.24638008190626634,0.19732122906132424,0.80104387564656,0.028135489387440038,0.001388888888888884,0.0004044382419575213,0.44168453821585135,0.10734285833240678,0.11240735525705053,0.0,0.9999999987499999,0.6705556839298219,0.2744974166019516,0.24360273116659437,0.34227044814306623,sad,04,02,02,female,strong,207
80,2.6693333333333333,True,1.0,0.5743987602237685,0.5325369384352733,0.5534678493295209,0.7615734117453636,-0.056851851851851876,-0.05435185185185187,0.3310702522035679,0.25384037467818776,0.19178167016558628,0.7267426104872684,0.04186182178849518,0.0025000000000000022,0.003816752819051531,0.3749742534452405,0.11835753281860158,0.10715892562747173,0.0,0.9999999987499999,0.6109214732455481,0.2686220178165174,0.2739459038021158,0.316911596215504,sad,04,02,02,female,strong,207
90,3.003,True,1.0,0.5894466131509319,0.5404349187666718,0.5649407659588019,0.6286642664557212,-0.05708333333333332,-0.05402777777777773,0.338393325316026,0.19643816102073167,0.19523895220162935,0.898636674776858,0.04901169438426012,0.003055555555555589,0.0017300859107113342,0.4780777314673229,0.10506525847852054,0.11252531644616254,0.0,0.9999999987499999,0.6738763027476614,0.2737226803836981,0.2394034608942068,0.3425395624615771,sad,04,02,02,female,strong,207
100,3.336666666666667,True,1.0,0.5664487916505216,0.5430367781786714,0.5547427849145965,0.48746769837349985,-0.05574074074074076,-0.052175925925926014,0.3363065406384859,0.17297240910027495,0.19590967732862752,1.1380093219829106,0.02341201347185029,0.003564814814814743,0.0004368685532036822,0.5815405283006446,0.10618268527758214,0.11164227100634505,0.0,0.9999999987499999,0.6713267242834633,0.27386346880075846,0.24139629344003763,0.3399603889776287,sad,04,02,02,female,strong,207
0,0.0,True,1.0,0.6285060589061879,0.6098107504004595,0.6191584046533237,0.5494983856753257,-0.06384259259259262,-0.060231481481481386,0.3187299142685926,0.21815332945310564,0.20013766319340204,1.1267701976819946,0.018695308505728425,0.0036111111111112315,0.0027481713307908745,0.479713765549783,0.1044027779908202,0.11314024627842745,0.0,0.9999999987499999,0.672077743323892,0.2796211297500578,0.24741646616715327,0.34723575638532844,angry,05,02,02,female,normal,208
10,0.33366666666666667,True,1.0,0.6394612607608431,0.6287091186481482,0.6340851897044957,0.5492832765870459,-0.0622685185185185,-0.0584722222222222,0.318664587959332,0.22614452018460113,0.19949074418220797,1.1543864827714467,0.010752142112694929,0.0037962962962962976,0.0008463037350847118,0.4797137655497818,0.10667810573678554,0.11134022198761677,0.0,0.9999999987499999,0.6707156093531162,0.27931226556065386,0.2507142588446271,0.34979157016489515,angry,05,02,02,female,normal,208
20,0.6673333333333333,True,1.0,0.610722483067445,0.573012313764447,0.5918673984159459,0.8122605363984668,-0.06263888888888897,-0.05925925925925918,0.3357863695894978,0.29118773946360044,0.1981204833897421,0.7286669386158585,0.03771016930299809,0.003379629629629788,0.0035758657312713812,0.34014634674188626,0.10601508843888313,0.11248100346915338,0.0,0.9999999987499999,0.6715556252579157,0.2804015800566331,0.25544345390695994,0.3519844457466639,angry,05,02,02,female,normal,208
30,1.0010000000000001,True,1.0,0.5072069626445483,0.490583037083817,0.4988949998641827,0.855472013366749,-0.05699074074074073,-0.05564814814814806,0.38976986217515575,0.32080200501253114,0.18340364899485165,0.5831809715209253,0.016623925560731334,0.001342592592592673,0.004589667344436957,0.3339843750000007,0.10467120615501815,0.11356500241069459,0.0,0.9999999987499999,0.6723931595606993,0.2789289851399729,0.25816550563269264,0.36501869465279246,angry,05,02,02,female,normal,208
40,1.3346666666666667,True,1.0,0.4375270771969895,0.44378446488068257,0.440655771038836,1.0039554551464551,-0.05314814814814811,-0.05226851851851849,0.31503939304173895,0.4277517934179625,0.18264933186801843,0.438919644073804,0.00625738768369305,0.0008796296296296191,0.003630131445052557,0.2967843315751025,0.10590664333763639,0.11224415405773196,0.0,0.9999999987499999,0.6752257109797044,0.2796763981117128,0.2627630382637254,0.3608444872362246,angry,05,02,02,female,normal,208
50,1.6683333333333334,True,1.0,0.4212423201634101,0.4285007900521632,0.4248715551077866,1.303360773828242,-0.05060185185185179,-0.05175925925925923,0.3209717679438389,0.49685716972749583,0.180559358475242,0.32598154220941483,0.007258469888753061,0.0011574074074074403,0.0037821774313000936,0.2393654077729223,0.10611587407223705,0.11255532122293635,0.0,0.9999999987499999,0.670400414236007,0.2814194977073055,0.2674662291741227,0.36728693851330985,angry,05,02,02,female,normal,208
60,2.0020000000000002,True,1.0,0.5299094229403886,0.4669902085745525,0.4984498157574705,0.8181703905190604,-0.05120370370370364,-0.05203703703703705,0.36748823186504437,0.31028213030805774,0.18478168750979096,0.6092249506135831,0.06291921436583608,0.0008333333333334081,0.006685809213392159,0.3494976459719665,0.10478471210076305,0.11362807411895177,0.0,0.9999999987499999,0.6689794521402311,0.2811782289879224,0.259937772231926,0.35633127691186495,angry,05,02,02,female,normal,208
70,2.3356666666666666,True,1.0,0.5537550306337566,0.5210727969348661,0.5374139137843114,1.056780895582597,-0.05157407407407405,-0.05203703703703699,0.2567791812308677,0.4087548747064766,0.189686327334834,0.50853863466943,0.03268223369889056,0.0004629629629629428,0.00027635741984249646,0.2554148371826583,0.10722924612594348,0.11115286746876549,0.0,0.8858973000000934,0.6674996440998275,0.28117549491015364,0.25535136004550263,0.339074195957157,angry,05,02,02,female,normal,208
80,2.6693333333333333,True,1.0,0.540181738368563,0.5094171975446051,0.524799467956584,0.8108650312480951,-0.05351851851851852,-0.05282407407407397,0.32560271398195223,0.304056597776892,0.1918103108271991,0.6472093970420764,0.030764540823957853,0.000694444444444553,0.0009610015608449008,0.35746786528684704,0.10837420944980936,0.11107081336861538,0.0,0.9999999987499999,0.6672015380996148,0.2829735786145313,0.25620798609604284,0.33752641760556107,angry,05,02,02,female,normal,208
90,3.003,True,1.0,0.5015689064382448,0.47261888743628094,0.4870938969372629,0.5142996480800598,-0.05601851851851847,-0.05486111111111103,0.3473342308168968,0.14692378328742037,0.19454486494201956,0.94710136154213,0.028950019001963867,0.0011574074074074403,0.0026183968679791996,0.514219309510761,0.1069604081919412,0.11260226411116947,0.0,0.9999999987499999,0.6667040078844038,0.2750999169992722,0.24755537266419692,0.3461514518450312,angry,05,02,02,female,normal,208
100,3.336666666666667,True,1.0,0.5948956263945804,0.5777827059862279,0.5863391661904042,0.5769980506822617,-0.062268518518518556,-0.05856481481481479,0.3228806677624084,0.24951267056530255,0.19798180294653359,1.016189163025936,0.01711292040835244,0.0037037037037037646,0.004134373454199543,0.48648648648648546,0.1094122448051014,0.11022141121711457,0.0,0.9999999987499999,0.6703853683348339,0.27295037797640864,0.2522473584001363,0.34838112843503527,angry,05,02,02,female,normal,208
0,0.0,True,1.0,0.6179145455820578,0.6029776906153139,0.6104461180986859,0.7070913489029328,-0.06291666666666673,-0.05921296296296291,0.28964721691634643,0.2175439427644121,0.19116548380802514,0.8633200208796302,0.014936854966743907,0.00370370370370382,0.005357796201080893,0.33169627044196787,0.10597618129057351,0.11166783054892541,0.0,0.9999999987499999,0.669640260369773,0.28006330954080066,0.25205863685524665,0.35368912467051467,angry,05,02,02,female,normal,209
10,0.33366666666666667,True,1.0,0.634727724105451,0.5912006784517243,0.6129642012785876,0.8464930945486662,-0.06203703703703711,-0.05791666666666667,0.31134022348603124,0.29625383637208935,0.19321356755444016,0.7241219157321164,0.04352704565372667,0.004120370370370441,0.0006694893345293252,0.32622935645168977,0.10633272849456359,0.11167011295116133,0.0,0.9999999987499999,0.6690791420708909,0.2800264771144683,0.2538756631958481,0.35555735935597027,angry,05,02,02,female,normal,209
20,0.6673333333333333,True,1.0,0.6220353500608746,0.6017836709089431,0.6119095104849088,0.9319000355835126,-0.05898148148148136,-0.05564814814814806,0.302177750678826,0.37103427342676865,0.19257080791761216,0.6566256970918125,0.02025167915193149,0.0033333333333332993,0.009962010232165822,0.3026504184796351,0.10540533858722057,0.11338914238390513,0.0,0.9999999987499999,0.6675875985550471,0.27913442769291247,0.25056169747458534,0.35271044696165627,angry,05,02,02,female,normal,209
30,1.0010000000000001,True,1.0,0.6060523622720845,0.5575711776689996,0.5818117699705421,0.8475463053647201,-0.054398148148148195,-0.05384259259259261,0.3834344666778854,0.31441233908691213,0.18134468499349693,0.6864660565302967,0.048481184603084926,0.0005555555555555869,0.00032538037374002976,0.3270109084345226,0.10489269071410667,0.11251699812736776,0.0,0.9999999987499999,0.6741912343609319,0.2806792193160868,0.2605808598237108,0.3728130950874345,angry,05,02,02,female,normal,209
40,1.3346666666666667,True,1.0,0.5448689874516749,0.5122898505899535,0.5285794190208142,0.9818698576903528,-0.057685185185185284,-0.054490740740740784,0.3087159034420678,0.4147553709209259,0.1861701327690947,0.5383395924427181,0.032579136861721425,0.0031944444444444997,0.0007404707793238562,0.2817779758258672,0.1055683311050263,0.11306903436988093,0.0,0.9999999987499999,0.670884360822454,0.2809408030910387,0.25762339404324475,0.35696114192124573,angry,05,02,02,female,normal,209
50,1.6683333333333334,True,1.0,0.5709758247621336,0.5516076624548147,0.5612917436084741,1.2852565468033699,-0.054074074074074,-0.053009259259259256,0.30911603234293883,0.5326466630960911,0.17990352436566096,0.4367157241910129,0.01936816230731886,0.0010648148148147407,0.0006590056474631685,0.22979259262921578,0.10374501667531705,0.11374368947587402,0.0,0.9999999987499999,0.6713186853491395,0.2820099043704775,0.25312861792964253,0.35632803089773557,angry,05,02,02,female,normal,209
60,2.0020000000000002,True,1.0,0.5520321348718731,0.5332371461842914,0.5426346405280822,0.7491702059878665,-0.056111111111111056,-0.05458333333333326,0.3537818534987711,0.29372078528581635,0.18686435787134403,0.7243142295181859,0.01879498868758167,0.0015277777777777946,0.0032721673745550674,0.374908797339587,0.10536447442041108,0.11224519103577521,0.0,0.9999999987499999,0.672742204835059,0.2821835670504707,0.2571021454143116,0.35348940388884426,angry,05,02,02,female,normal,209
70,2.3356666666666666,True,1.0,0.5992522470920355,0.5767659623628699,0.5880091047274527,0.8612528441928525,-0.05527777777777776,-0.05282407407407408,0.2844704575975537,0.35732830769703483,0.1882528129298553,0.6827369090183059,0.022486284729165584,0.00245370370370368,0.003298655754253991,0.3111702127659577,0.11907559564646485,0.10653941705156232,0.0,0.9999999987499999,0.6070494727734844,0.26697042404853644,0.27348348002209294,0.31950429679658887,angry,05,02,02,female,normal,209
80,2.6693333333333333,True,1.0,0.6014232157601055,0.571592563443783,0.5865078896019442,0.7828242580525395,-0.053611111111111165,-0.05245370370370378,0.31679686254788725,0.3016928012349094,0.1910297419690029,0.7492203819296828,0.029830652316322537,0.0011574074074073848,0.0012678873994520167,0.36325630802507575,0.11902679224975013,0.10730649272523647,0.0,0.9999999987499999,0.606899291372799,0.26527565368218453,0.26799482449985,0.3161860136065647,angry,05,02,02,female,normal,209
90,3.003,True,1.0,0.584940389970543,0.5647182863434934,0.5748293381570182,0.5654343095633209,-0.05569444444444449,-0.05523148148148155,0.3190070971670078,0.226144520184601,0.19378937351945408,1.01661559695759,0.02022210362704957,0.0004629629629629428,0.007338874605834968,0.4829263123940881,0.10760373943402,0.11130506849670681,0.0,0.9999999987499999,0.6693817698094863,0.28444163171799797,0.2502368277134551,0.34084486635719924,angry,05,02,02,female,normal,209
100,3.336666666666667,True,1.0,0.6645740995731976,0.6498376389087054,0.6572058692409515,0.55936772985426,-0.05888888888888888,-0.057916666666666616,0.31319644542990177,0.24677988081805602,0.19239323451473514,1.1749084442396822,0.01473646066449219,0.0009722222222222632,0.0028058192229674737,0.48068007640883204,0.106671091143039,0.11168862737550878,0.0,0.9999999987499999,0.6703718314904086,0.2816915739292809,0.251301352605305,0.34203321413791793,angry,05,02,02,female,normal,209
0,0.0,True,1.0,0.6345356269713317,0.595403521000041,0.6149695739856864,0.5641020966262187,-0.06138888888888888,-0.05842592592592599,0.3048269749074649,0.23073552214638432,0.1959739234514635,1.0901742391380849,0.03913210597129069,0.0029629629629628895,0.0012250272583716785,0.47720340717415455,0.11679180371007374,0.10956108475358779,0.0,0.9999999987499999,0.6184010407913165,0.2622578096867439,0.26000190191040595,0.3239382279892767,angry,05,02,02,female,normal,210
10,0.33366666666666667,True,1.0,0.6391397607527401,0.6244271563161057,0.6317834585344229,0.553459119496855,-0.06263888888888886,-0.06037037037037041,0.31050882535980295,0.2515723270440244,0.19669890365235196,1.1415178398519692,0.014712604436634469,0.0022685185185184475,0.0009112047325126219,0.5113636363636381,0.10660656438839472,0.11175021968602104,0.0,0.9999999987499999,0.6713591578115621,0.28103509911702945,0.25126692358916364,0.35115748110400197,angry,05,02,02,female,normal,210
20,0.6673333333333333,True,1.0,0.6252214435188436,0.6115493513307819,0.6183853974248128,0.6040992448759429,-0.06513888888888886,-0.06092592592592594,0.30097040917308066,0.2416396979503766,0.1966535174229897,1.0236486846657187,0.013672092188061646,0.004212962962962918,0.0012364541521812894,0.4660714285714289,0.10621620724574496,0.11195125967046841,0.0,0.9999999987499999,0.672728191917392,0.28012998459257044,0.24921542812302444,0.34619596810142805,angry,05,02,02,female,normal,210
30,1.0010000000000001,True,1.0,0.2699840036497795,0.26004822362074315,0.26501611363526134,1.3761346793563414,-0.07083333333333347,-0.06773148148148156,0.2708919953140069,0.6020405496792289,0.184815128325867,0.19258007054892123,0.009935780029036334,0.003101851851851911,0.003490685528873024,0.23436784777002764,0.10368894836810262,0.1136272564974071,0.0,0.9999999987499999,0.6738483329816303,0.2796231725903442,0.25727116662534966,0.35661537735813587,angry,05,02,02,female,normal,210
40,1.3346666666666667,True,1.0,0.5299094229403871,0.4821092278719393,0.5060093254061633,0.9671580381141374,-0.05537037037037029,-0.05444444444444452,0.3305352183172278,0.34088357081072096,0.18549729783568353,0.5231919763525219,0.04780019506844779,0.0009259259259257746,0.001120213210315657,0.29553698979213083,0.10615566166903226,0.1123483449538222,0.0,0.9999999987499999,0.6725693168595563,0.2815933728960544,0.25871701419353316,0.36056770550631706,angry,05,02,02,female,normal,210
50,1.6683333333333334,True,1.0,0.4768995052899957,0.46049675660879924,0.4686981309493975,0.8889243190217876,-0.05351851851851841,-0.051805555555555494,0.371497560453998,0.3386243386243387,0.18341488036054654,0.5272643811400886,0.016402748681196455,0.0017129629629629162,0.0007632619859835189,0.3392721912695355,0.10634516314792528,0.11216898588040741,0.0,0.9999999987499999,0.6716582061027537,0.284087231547011,0.26710840761191273,0.3735239353157014,angry,05,02,02,female,normal,210
60,2.0020000000000002,True,1.0,0.5021296374474095,0.4991897570326573,0.5006596972400333,0.8739842733497861,-0.0539351851851852,-0.05305555555555547,0.359911104677841,0.3058810539292666,0.18619144154760398,0.5728474899452329,0.002939880414752183,0.0008796296296297301,0.0011182882088275356,0.32811058139477334,0.10374986938951497,0.1144073239444772,0.0,0.9999999987499999,0.6696008131064926,0.2835846383302132,0.2566107446318175,0.35341632306725795,angry,05,02,02,female,normal,210
70,2.3356666666666666,True,1.0,0.5488716723435321,0.5458256650883172,0.5473486687159246,1.0206021573406463,-0.05374999999999985,-0.0528703703703704,0.2742153092765685,0.41577832211078597,0.1889470428504479,0.5362997371494249,0.0030460072552148665,0.0008796296296294526,0.005117768156140414,0.2916508440249062,0.10672500689163744,0.11214791980852679,0.0,0.9999999987499999,0.6691187285773684,0.2807623623335035,0.2555865519137052,0.3463745749195932,angry,05,02,02,female,normal,210
80,2.6693333333333333,True,1.0,0.540829254052177,0.48153463226471477,0.5111819431584459,0.84816378844108,-0.053009259259259256,-0.05231481481481487,0.3177671841792752,0.3261977573904181,0.188947042850448,0.602692487140951,0.0592946217874622,0.0006944444444443865,0.007297966908812085,0.3574678652868465,0.1074240580671207,0.11216002207611298,0.0,0.9999999987499999,0.6691368963991847,0.28086252493773145,0.2570844739641855,0.3516151450092651,angry,05,02,02,female,normal,210
90,3.003,True,1.0,0.5115541769461668,0.5236193671252081,0.5175867720356875,0.6346636810007128,-0.054768518518518494,-0.05374999999999991,0.32667756020438665,0.23797535126080213,0.190310252837807,0.8155292126052919,0.012065190179041285,0.0010185185185185852,0.010725933938802737,0.46468946798813415,0.1057339104712349,0.1125762468150786,0.0,0.9999999987499999,0.6738382748021085,0.278985318281717,0.24769832949848966,0.34157380436534945,angry,05,02,02,female,normal,210
100,3.336666666666667,True,1.0,0.5576862152405223,0.5506322175611281,0.5541592164008252,0.5702375945649396,-0.056990740740740675,-0.05666666666666664,0.31628221308638027,0.25250118461561344,0.18961592732921573,0.9718040719914629,0.007053997679394186,0.0003240740740740322,0.012069302009649945,0.482926312394087,0.10718433724889909,0.11119617358333125,0.0,0.9999999987499999,0.6734938060380402,0.279097601742755,0.24732541096137656,0.3401428375541357,angry,05,02,02,female,normal,210
110,3.6703333333333332,True,1.0,0.6017300452566682,0.6000479272040081,0.6008889862303382,0.5707701644984798,-0.057453703703703674,-0.056435185185185255,0.31506664091078507,0.2690773632635691,0.19101216832850296,1.052768738811572,0.0016821180526600532,0.0010185185185184187,0.009641149835327318,0.4669463599400072,0.1081257641350942,0.11148371151793877,0.0,0.9999999987499999,0.6747615615230468,0.2793659914342475,0.24893623721111083,0.3408660702891378,angry,05,02,02,female,normal,210
0,0.0,True,1.0,0.6257931001044288,0.6112044788490251,0.6184987894767269,0.5649786536197542,-0.062268518518518445,-0.06083333333333335,0.3153568117009624,0.26583592938733175,0.19102974196900294,1.094729483165559,0.014588621255403722,0.001435185185185095,0.003935706921680398,0.46317191156530646,0.10437436545967343,0.11147021010055778,0.0,0.9999999987499999,0.6778441631965287,0.2816620743707599,0.24754233355182748,0.3478362609558044,angry,05,02,02,female,normal,211
10,0.33366666666666667,True,1.0,0.6240374341890539,0.6221728557311023,0.6231051449600781,0.581276114781862,-0.06259259259259259,-0.06032407407407414,0.3074202807408761,0.2564102564102567,0.19173392622232185,1.0719606897901066,0.0018645784579516267,0.0022685185185184475,0.002904831029158427,0.46317191156530524,0.10453735812608804,0.11182964054077459,0.0,0.9999999987499999,0.6789383297850391,0.2810359085896631,0.24845277000056418,0.34618315165256786,angry,05,02,02,female,normal,211
20,0.6673333333333333,True,1.0,0.6252214435188445,0.6220663857712201,0.6236439146450323,1.0533552427444661,-0.06171296296296297,-0.05819444444444438,0.31733890655514735,0.43615490519888017,0.188340736826287,0.5920546927930583,0.003155057747624368,0.0035185185185185874,0.0044038378159482056,0.26367187499999994,0.10331802131502756,0.11329396327426841,0.0,0.9999999987499999,0.6782041411252001,0.2809704480036941,0.25047928914584505,0.35049175107489355,angry,05,02,02,female,normal,211
30,1.0010000000000001,True,1.0,0.5081672977567626,0.5050930133551126,0.5066301555559376,1.214521452145215,-0.058611111111111114,-0.053935185185185086,0.29864136406067704,0.49284928492849417,0.18137160858411835,0.4171438509061115,0.0030742844016500293,0.004675925925926028,0.014284490618452878,0.22872049423313934,0.10435457083559925,0.11301625979721543,0.0,0.9999999987499999,0.6770484327637305,0.28016976587044434,0.2564565070247948,0.35762104512047405,angry,05,02,02,female,normal,211
40,1.3346666666666667,True,1.0,0.44533551218347905,0.4358001396768514,0.4405678259301652,0.9124177100160863,-0.053518518518518465,-0.0528703703703704,0.33488741440567027,0.3696691014625348,0.1806636962479604,0.48285760030063185,0.00953537250662767,0.0006481481481480644,0.0014191137860263487,0.30112636126697906,0.10512010346691847,0.11213479091061221,0.0,0.9999999987499999,0.6762898548091112,0.2827242662941232,0.25892656956371235,0.36151883288360825,angry,05,02,02,female,normal,211
50,1.6683333333333334,True,1.0,0.47570725466154645,0.4525822820440306,0.4641447683527885,0.8957068291571716,-0.05384259259259255,-0.052453703703703725,0.3909567046848452,0.2849872773536896,0.1820655891830967,0.5181882656734149,0.023124972617515838,0.0013888888888888284,0.003057764785238501,0.323851874782304,0.10378644222439715,0.11353821314119096,0.0,0.9999999987499999,0.6733719601199856,0.2842408331887902,0.2656219618520491,0.37829751744813134,angry,05,02,02,female,normal,211
60,2.0020000000000002,True,1.0,0.45186444303307594,0.42103758590068263,0.4364510144668793,0.7978609465729188,-0.05263888888888879,-0.052222222222222114,0.380142174488209,0.28693601815969255,0.18201529665858626,0.5470264164972395,0.030826857132393304,0.0004166666666666763,0.0003942394163348111,0.36553501156369295,0.10418392445760183,0.11300512099063593,0.0,0.9999999987499999,0.6726992208055098,0.2824088385004105,0.2588266567670886,0.3636983466508763,angry,05,02,02,female,normal,211
70,2.3356666666666666,True,1.0,0.48519740593406696,0.4678362573099409,0.4765168316220039,0.9529434795117161,-0.054351851851851984,-0.053796296296296287,0.28370522619079197,0.40170664204963225,0.18273285421608929,0.5000473185106099,0.017361148624126077,0.0005555555555556979,0.0021134469611900912,0.2764147706070734,0.10498375142181879,0.11260136463450833,0.0,0.9999999987499999,0.674556398911127,0.2791760976645826,0.2534741756697061,0.353055786651291,angry,05,02,02,female,normal,211
80,2.6693333333333333,True,1.0,0.49929173657053905,0.47423026918102407,0.48676100287578156,0.8566138970597283,-0.05509259259259258,-0.05324074074074081,0.32522343226293887,0.32323232323232337,0.1820266136881089,0.5682385080916351,0.02506146738951498,0.0018518518518517713,0.001276959418650635,0.350723955522669,0.10510527296311638,0.11265718318468723,0.0,0.9999999987499999,0.6744871863042091,0.27894396135193694,0.2502145261124314,0.3549892662133675,angry,05,02,02,female,normal,211
90,3.003,True,1.0,0.5609978762201455,0.5416557895200802,0.5513268328701129,0.7310076518318994,-0.05694444444444435,-0.05592592592592588,0.3173349519280332,0.29071792422803344,0.18621602556979983,0.7542011790006468,0.01934208670006532,0.0010185185185184742,0.0030651890652446203,0.3969255272938691,0.10578048414027601,0.11185322773736582,0.0,0.9999999987499999,0.6748927135307249,0.27943969873638547,0.2475750381465016,0.34788448605476907,angry,05,02,02,female,normal,211
100,3.336666666666667,True,1.0,0.6128454191141565,0.6004272742860199,0.6066363467000881,0.5594442762801765,-0.057222222222222174,-0.05754629629629632,0.3196820519457989,0.24677988081805602,0.1868974260438339,1.0843552654317932,0.012418144828136524,0.00032407407407414324,0.0066595586058655135,0.5127974735187327,0.10560965480607194,0.11218449152929078,0.0,0.9999999987499999,0.676816715217337,0.27898690407282195,0.24631128196664703,0.34870678443835934,angry,05,02,02,female,normal,211
110,3.6703333333333332,True,1.0,0.6220506987619902,0.5854294767070489,0.6037400877345196,0.5699880753496382,-0.0555092592592592,-0.05509259259259258,0.3137467879020323,0.2681929817692666,0.18622954539869055,1.059215295625575,0.03662122205494123,0.0004166666666666208,0.005021257229228757,0.48061430695972257,0.10458900354297436,0.11296811814904455,0.0,0.9999999987499999,0.6773419354460535,0.27931077122827525,0.244727173133438,0.34674420633360853,angry,05,02,02,female,normal,211
0,0.0,True,1.0,0.5796909645323676,0.590388112449945,0.5850395384911563,0.5432098765432104,-0.06509259259259259,-0.061620370370370325,0.31636748244206364,0.24691358024691393,0.19392357711161795,1.0770046049496276,0.010697147917577476,0.0034722222222222654,0.003444135640126455,0.49431818181818216,0.10574963763994714,0.11188239146259249,0.0,0.9999999987499999,0.6746575961322029,0.280213491923084,0.2516497214861727,0.35114924709014245,angry,05,02,02,female,strong,212
10,0.33366666666666667,True,1.0,0.6034568466656133,0.5878051850067222,0.5956310158361677,0.5701504268429468,-0.06259259259259264,-0.057870370370370405,0.31153611311300733,0.2599215181195788,0.19253594035313737,1.0446909934529256,0.01565166165889109,0.004722222222222239,0.00013635001504261357,0.4632352941176461,0.10574814302356263,0.11222385451795272,0.0,0.9999999987499999,0.6747162059745773,0.27935046022289295,0.2507639742600071,0.3508692815877166,angry,05,02,02,female,strong,212
20,0.6673333333333333,True,1.0,0.6193713847678323,0.6064606631769716,0.6129160239724019,1.0069218780899498,-0.06199074074074079,-0.05689814814814814,0.33218950480868714,0.4090462143559488,0.19047174398086428,0.6087026583780805,0.012910721590860708,0.0050925925925926485,0.0024224604836458694,0.28123913768280195,0.10577653972294693,0.11236676940963403,0.0,0.9999999987499999,0.6741246050373274,0.27847039621776476,0.25724879357824304,0.35880782654983256,angry,05,02,02,female,strong,212
30,1.0010000000000001,True,1.0,0.644874221583867,0.6224174471659969,0.6336458343749319,0.8939115160289408,-0.0639351851851852,-0.0593981481481482,0.3884168191933906,0.39942082369625875,0.17855598934648134,0.7088462594036179,0.022456774417870085,0.004537037037037006,0.0018715086276197485,0.31669006634081187,0.10421615252242455,0.11381546809026605,0.0,0.9999999987499999,0.6761595813169018,0.2788645005955028,0.26112474024434135,0.3733901795688564,angry,05,02,02,female,strong,212
40,1.3346666666666667,True,1.0,0.5450317394352524,0.5293306865897979,0.5371812130125251,1.328627936548697,-0.060416666666666674,-0.05944444444444441,0.3076959222814807,0.6557289220209098,0.1751115715765238,0.4043127486901494,0.015701052845454533,0.0009722222222222632,0.0010826553964936993,0.21783766664836035,0.1151362637184546,0.11061275556316066,0.0,0.9999999987499999,0.6245879215514331,0.2685152339893933,0.2910955632907633,0.36027418832746566,angry,05,02,02,female,strong,212
50,1.6683333333333334,True,1.0,0.5254371211876996,0.5266241111317945,0.526030616159747,2.186061086038942,-0.058611111111111114,-0.05819444444444449,0.2902084247042539,1.0207530311630568,0.16603840280378723,0.24062942226051612,0.0011869899440949405,0.0004166666666666208,0.00018101578043837422,0.13707346214476998,0.12136644022263944,0.10788011354537917,0.0,0.9999999987499999,0.5999062434192426,0.2685485776504523,0.30616496555704514,0.3620093517151664,angry,05,02,02,female,strong,212
60,2.0020000000000002,True,1.0,0.5151304950641403,0.49894713837357335,0.5070388167188569,0.5159799595501148,-0.05537037037037029,-0.05569444444444438,0.36366228944554657,0.2292964378870734,0.17990352436566096,0.9826715308108986,0.016183356690566975,0.0003240740740740877,0.0011596717217751548,0.500709892398198,0.10616533016211363,0.11250867405500346,0.0,0.9999999987499999,0.6748166881674545,0.2819140198660612,0.2583912951975882,0.35297785990725716,angry,05,02,02,female,strong,212
70,2.3356666666666666,True,1.0,0.47606792448870205,0.46801240805230937,0.4720401662705057,0.9841650074884462,-0.054444444444444406,-0.05379629629629623,0.32750893410730775,0.372968890728009,0.18686435787134403,0.4796351858466654,0.008055516436392685,0.0006481481481481755,0.005255276282616561,0.299345885996682,0.10528086709788999,0.11400716590931953,0.0,0.9999999987499999,0.6703024971785589,0.28327006939397004,0.2644514758874921,0.35621635551764225,angry,05,02,02,female,strong,212
80,2.6693333333333333,True,1.0,0.5596437932403184,0.5670498084291182,0.5633468008347183,1.1193798596995288,-0.057453703703703674,-0.055694444444444435,0.31471666096133744,0.4609053497942385,0.1848279250619778,0.5032668722357891,0.007406015188799797,0.0017592592592592382,0.0008682875516590555,0.26469682630865843,0.1077556023632902,0.11269005590837679,0.0,0.9999999987499999,0.6676733984140532,0.28493295617453185,0.26291509964063453,0.3584834245085136,angry,05,02,02,female,strong,212
90,3.003,True,1.0,0.5867812187526544,0.5390612736692453,0.5629212462109499,0.7936010466359414,-0.05675925925925912,-0.05453703703703694,0.3245235038572599,0.32535584084783775,0.1868745647217282,0.7093252316099651,0.047719945083409154,0.002222222222222181,0.0004887710975693669,0.3712265090657173,0.10814242019937896,0.11112519004337885,0.0,0.9999999987499999,0.6701463259209934,0.2803928094509156,0.2560150626158444,0.34653662060792756,angry,05,02,02,female,strong,212
100,3.336666666666667,True,1.0,0.5690133925793837,0.5527958053810538,0.5609045989802187,0.5210116139194433,-0.058148148148148115,-0.05583333333333318,0.33591032278532434,0.2221961294656451,0.1896863273348339,1.076568322077641,0.016217587198329886,0.002314814814814936,0.0034048466023365903,0.529411764705881,0.10632474861478,0.1125274670707959,0.0,0.9999999987499999,0.6703055693996349,0.28025577483662206,0.24877107249808894,0.33543712136524795,angry,05,02,02,female,strong,212
110,3.6703333333333332,True,1.0,0.5693866179983992,0.5675804608361005,0.5684835394172498,0.5765730107360074,-0.058425925925925826,-0.05699074074074062,0.3204277071121093,0.2642303772043823,0.19039362020939668,0.9859697364112981,0.001806157162298705,0.001435185185185206,0.00468640489771907,0.4843158830168042,0.10805227973024968,0.1113840190570799,0.0,0.9999999987499999,0.6693816678155637,0.28046662140610373,0.25106383134023025,0.3409112937747809,angry,05,02,02,female,strong,212
0,0.0,True,1.0,0.6668993828699594,0.6495044310973215,0.6582019069836405,0.570230607966458,-0.06412037037037033,-0.06217592592592591,0.3097908811667881,0.2515723270440257,0.1938507802408853,1.1542731971735145,0.017394951772637945,0.0019444444444444153,0.0010674458346578003,0.4632352941176461,0.10443239355768097,0.11311291065254765,0.0,0.9999999987499999,0.6736286608315203,0.2788987323790908,0.24571240606618044,0.34704994338967443,angry,05,02,02,female,strong,213
10,0.33366666666666667,True,1.0,0.6106326432760922,0.6217064645649671,0.6161695539205296,0.5923440083443116,-0.06351851851851847,-0.06064814814814817,0.31771059369293486,0.2303278887635177,0.19246261862476374,1.040222480924242,0.011073821288874908,0.002870370370370301,0.001667444653539268,0.43832744377754035,0.10588036727401216,0.1119290273074816,0.0,0.9999999987499999,0.6723176638233418,0.2794052393776313,0.24902607750957795,0.34700711897790865,angry,05,02,02,female,strong,213
20,0.6673333333333333,True,1.0,0.6555728719346466,0.6509234167443223,0.6532481443394844,0.8501844292012682,-0.06263888888888891,-0.06009259259259264,0.33716916344425196,0.3168703521835655,0.19182582273343995,0.7683605132044095,0.004649455190324336,0.0025462962962962687,0.0018969561771829257,0.31754976210470137,0.1037684198860859,0.11372233911900978,0.0,0.9999999987499999,0.6733276143973215,0.2820918237058714,0.25374056782511883,0.35122983042689243,angry,05,02,02,female,strong,213
30,1.0010000000000001,True,1.0,0.4615840618518507,0.44463752032505727,0.453110791088454,0.8688660704539104,-0.05810185185185185,-0.05675925925925929,0.40053180196689053,0.3554323021278718,0.17787431109352345,0.5214967029978984,0.016946541526793424,0.001342592592592562,0.001422766209837496,0.32420608960579017,0.1022764167267912,0.11473439792268515,0.0,0.9999999987499999,0.6745904237788867,0.28169933999117913,0.26263832243203655,0.37960413393269515,angry,05,02,02,female,strong,213
40,1.3346666666666667,True,1.0,0.4453400607183663,0.4524061313016627,0.44887309601001446,1.4325846629856933,-0.054444444444444406,-0.05486111111111114,0.3070790116773673,0.6139510902744479,0.1799565268766712,0.3133309378550126,0.007066070583296391,0.0004166666666667318,0.005880129964949816,0.2155995741302547,0.10563386758242438,0.11283909401355596,0.0,0.9999999987499999,0.6720865877522886,0.2818840728393412,0.27473934192883653,0.3818605088076614,angry,05,02,02,female,strong,213
50,1.6683333333333334,True,1.0,0.469550286972979,0.42850079005216496,0.449025538512572,2.245245605520884,-0.05273148148148149,-0.05490740740740746,0.2776913809098961,0.9261536373055033,0.17369722256788406,0.19998949665393095,0.041049496920814055,0.00217592592592597,0.0009391445775741858,0.14531090357550264,0.1033071697793521,0.11563398972888553,0.0,0.9999999987499999,0.6660834813065851,0.2856527727140975,0.2719446202614575,0.38046806876072975,angry,05,02,02,female,strong,213
60,2.0020000000000002,True,1.0,0.5620895804294262,0.5516076624548145,0.5568486214421204,0.959372962967448,-0.05990740740740741,-0.058009259259259205,0.367304572552507,0.3738604961895087,0.18413387926676386,0.5804297629148577,0.010481917974611732,0.0018981481481482043,0.0026301144972228577,0.2977839295972412,0.1053883235518231,0.1135728322265273,0.0,0.9999999987499999,0.6683930526976416,0.28282858520539217,0.2675493200694467,0.3793110095918698,angry,05,02,02,female,strong,213
70,2.3356666666666666,True,1.0,0.5524349811865669,0.4890353280295609,0.5207351546080639,0.8442383986575624,-0.06138888888888877,-0.059675925925925966,0.3509126738687903,0.3257829524361597,0.18897974658960054,0.6168105542653515,0.06339965315700596,0.0017129629629628051,0.00018152189075014498,0.33729029096876806,0.10695693666073819,0.11226666739918513,0.0,0.9999999987499999,0.6706031450314501,0.28137796285938843,0.2682405153990089,0.3729147689510209,angry,05,02,02,female,strong,213
80,2.6693333333333333,True,1.0,0.6480858099735047,0.626437583582681,0.6372616967780929,1.2081668089355115,-0.06402777777777774,-0.06055555555555553,0.2908658296664924,0.4974634310748505,0.19036797259896426,0.5274616816692471,0.021648226390823755,0.00347222222222221,0.006208129898634953,0.23160972302007687,0.10709716279866094,0.11247220334052456,0.0,0.9999999987499999,0.6632024422347064,0.28142573020307443,0.2550708653879353,0.3483852907994891,angry,05,02,02,female,strong,213
90,3.003,True,1.0,0.6225510669624927,0.6099151227433746,0.6162330948529336,0.832897802727906,-0.06365740740740733,-0.06106481481481474,0.325069868524365,0.3378736369556597,0.19380669533390743,0.739866395174351,0.012635944219118178,0.002592592592592591,0.007731104118514082,0.3417126467221666,0.10636680540589495,0.11231821657028128,0.0,0.9999999987499999,0.6682857707145359,0.28008269598448665,0.25367765886222543,0.344831220405429,angry,05,02,02,female,strong,213
100,3.336666666666667,True,1.0,0.6511990765936447,0.6174124980879134,0.6343057873407791,0.531752483620072,-0.06300925925925926,-0.06194444444444447,0.3343199890351921,0.2354903856031749,0.19590967732862746,1.1928590968161414,0.0337865785057313,0.0010648148148147962,0.009303652240517544,0.4829886760830819,0.10871014260796025,0.11091394726542551,0.0,0.9999999987499999,0.6698997516115821,0.28103692705445205,0.2540941487935873,0.34459633323867134,angry,05,02,02,female,strong,213
110,3.6703333333333332,True,1.0,0.6025627264465068,0.5893973248489427,0.5959800256477248,0.5500978797139768,-0.06148148148148158,-0.060740740740740706,0.32136369223268096,0.2435833196657085,0.19865758629248415,1.0834072401035328,0.013165401597564075,0.000740740740740875,0.012146060755464413,0.4820806026663369,0.10787163284282085,0.11207014556238251,0.0,0.9999999987499999,0.6699428698823279,0.2734126186936918,0.24901291688260352,0.3525727669598601,angry,05,02,02,female,strong,213
0,0.0,True,1.0,0.609905602766275,0.6065720548946858,0.6082388288304804,0.5649006886470915,-0.06495370370370368,-0.06050925925925926,0.31355370215098965,0.2408805657889433,0.19116548380802514,1.0767181578184681,0.0033335478715892375,0.0044444444444444176,0.0010678188934217854,0.46317191156530646,0.10579469251638589,0.11132756430237746,0.0,0.9999999987499999,0.6716750790941377,0.27863494468964567,0.24565953149212727,0.34086905567724857,angry,05,02,02,female,strong,214
10,0.33366666666666667,True,1.0,0.6446219211756751,0.6265423096269521,0.6355821154013136,0.553459119496856,-0.06467592592592586,-0.060370370370370297,0.3104288565066511,0.25157232704402555,0.19389210073779597,1.1483813221455539,0.01807961154872295,0.0043055555555555625,0.004558674540548912,0.4772727272727274,0.10604942470500732,0.11210926252004834,0.0,0.9999999987499999,0.6706115135585485,0.27833247293935903,0.246423297827899,0.3397277448208984,angry,05,02,02,female,strong,214
20,0.6673333333333333,True,1.0,0.5963593639846597,0.5780170978537446,0.5871882309192021,0.9218572013917502,-0.06550925925925938,-0.06185185185185188,0.3155167721866391,0.3456790123456792,0.19460132869936583,0.6369622432115406,0.018342266130915164,0.003657407407407498,0.0006760917262223716,0.3013240850734908,0.10386376138535178,0.11430393799497887,0.0,0.9999999987499999,0.671976501749137,0.27674760121354963,0.24824868969043762,0.3432577737957334,angry,05,02,02,female,strong,214
30,1.0010000000000001,True,1.0,0.5929530178698771,0.5779011060234284,0.5854270619466527,1.4015046530373025,-0.06152777777777785,-0.0597685185185185,0.3021116594200568,0.6409320059621806,0.18282301549403876,0.4177132488842839,0.015051911846448718,0.0017592592592593492,0.002088049326575669,0.2057926829268294,0.11947866727948318,0.10892270695424178,0.0,0.9999999987499999,0.6060431520108044,0.2642253029329876,0.28978877655751484,0.33540243753116833,angry,05,02,02,female,strong,214
40,1.3346666666666667,True,1.0,0.5578193505924998,0.5484016529535009,0.5531105017730003,0.980727743848361,-0.059444444444444355,-0.0584722222222222,0.3322621035516756,0.4367303234324734,0.1834835015461247,0.5639796622889477,0.009417697638998912,0.0009722222222221522,0.003429419475975459,0.2904596329972193,0.12206447700153406,0.10762205632541413,0.0,0.9999999987499999,0.6024387645292492,0.26319957915633235,0.3019835875947601,0.3399667410461775,angry,05,02,02,female,strong,214
50,1.6683333333333334,True,1.0,0.633882834634099,0.5828779599271411,0.6083803972806201,0.8638968762810585,-0.060555555555555585,-0.05972222222222229,0.4055577832266618,0.3692981328973527,0.1793917875449851,0.7042280322850604,0.051004874706957914,0.0008333333333332971,0.001466229521093572,0.3263654825551987,0.10628307320615786,0.11507758503007667,0.0,0.9999999987499999,0.6663108417742098,0.2795464868844391,0.27456849373037656,0.3771257659364698,angry,05,02,02,female,strong,214
60,2.0020000000000002,True,1.0,0.6193893201855338,0.5777012427604507,0.5985452814729922,0.6661344505071874,-0.06509259259259259,-0.06513888888888886,0.36813523829775685,0.22896799591699643,0.191744669646052,0.8985352446751049,0.04168807742508318,4.6296296296266526e-05,0.007700316102819285,0.3989543974578599,0.10805165104994502,0.11291355582797283,0.0,0.9999999987499999,0.6607106130499075,0.28175758501525594,0.26246942173555404,0.3393535980230322,angry,05,02,02,female,strong,214
70,2.3356666666666666,True,1.0,0.5663799454728015,0.5474412815661606,0.556910613519481,1.127546370319196,-0.062962962962963,-0.06097222222222215,0.3006108284916237,0.4954370415038887,0.19592097059741986,0.4939137122687254,0.018938663906640896,0.0019907407407408484,9.729039519129039e-05,0.2731478238987873,0.10837455355951447,0.11394919089375977,0.0,0.9999999987499999,0.6572539286105066,0.28157302280106444,0.2658992877347129,0.3469106645775178,angry,05,02,02,female,strong,214
80,2.6693333333333333,True,1.0,0.6311024700373108,0.5726551640289576,0.6018788170331342,1.2909886394319126,-0.060046296296296264,-0.05731481481481476,0.30386026705104763,0.5363859635385327,0.19453270740597656,0.4662154248684832,0.05844730600835324,0.0027314814814815014,0.0016613554705459904,0.23407050175374175,0.10746517355349099,0.11313557779165904,0.0,0.9999999987499999,0.6570156544805422,0.2800803465319812,0.2602062276930537,0.3554052126819994,angry,05,02,02,female,strong,214
90,3.003,True,1.0,0.6124076259534587,0.5753818076754691,0.5938947168144639,0.741674581269298,-0.060833333333333406,-0.05856481481481468,0.32686065903641837,0.2626764141995434,0.19865758629248406,0.800748376461919,0.037025818277989564,0.002268518518518725,0.009161812840153284,0.3867187499999998,0.10843112407285178,0.1110152520527982,0.0,0.9999999987499999,0.6619836216830483,0.27960016941566723,0.25589753657462366,0.3367854603914231,angry,05,02,02,female,strong,214
100,3.336666666666667,True,1.0,0.6237748854260163,0.6107939071726719,0.6172843962993442,0.499486954965554,-0.06208333333333327,-0.05999999999999994,0.34773413838441714,0.18363490991380693,0.19656659489174175,1.2358368725403726,0.012980978253344433,0.002083333333333326,0.007330904908868934,0.529411764705881,0.1073091526906872,0.11107572606040672,0.0,0.9999999987499999,0.6621318901310524,0.2802417161395128,0.251200683736263,0.335539401208343,angry,05,02,02,female,strong,214
110,3.6703333333333332,True,1.0,0.6633884906756066,0.6275361756242812,0.6454623331499438,0.545742611394421,-0.061064814814814794,-0.058148148148148115,0.3266491414181869,0.24168601361752945,0.19588942569902656,1.1827229900570344,0.035852315051325356,0.0029166666666666785,0.005995198386019794,0.5142857142857142,0.10661244126264526,0.11225493477519706,0.0,0.9999999987499999,0.6660936089435775,0.27964151677925525,0.24834732314050734,0.3354681476980493,angry,05,02,02,female,strong,214
0,0.0,True,1.0,0.6445964814760977,0.641103522185521,0.6428500018308094,0.5480637479718137,-0.06300925925925932,-0.06060185185185185,0.3152842855656987,0.24908370274360703,0.191842128769665,1.17294749782259,0.0034929592905766915,0.002407407407407469,0.004057099456643568,0.4951742087354257,0.10455491472131745,0.1123232362309406,0.0,0.9999999987499999,0.6732855358315201,0.27975442419098984,0.24730034674929396,0.3445981459563061,angry,05,02,02,female,strong,215
10,0.33366666666666667,True,1.0,0.6277239322710879,0.611982028599987,0.6198529804355375,0.603305159767372,-0.06189814814814815,-0.058657407407407436,0.3126502813638739,0.25962964687982126,0.19394049355166262,1.0274286078947943,0.015741903671100954,0.0032407407407407107,0.001911707399107184,0.453754122154806,0.10407935448208307,0.11310143878613589,0.0,0.9999999987499999,0.6707005918148511,0.2795783661691157,0.24520409738607504,0.3383428487058719,angry,05,02,02,female,strong,215
20,0.6673333333333333,True,1.0,0.6409581998182204,0.6375896624515611,0.6392739311348907,1.2461059190031154,-0.06314814814814823,-0.05865740740740727,0.31244365357235265,0.515057113187954,0.19189580958455324,0.5130173297357498,0.003368537366659319,0.004490740740740962,0.004930361352108563,0.22539471550543852,0.10441729576426585,0.11379850401402423,0.0,0.9999999987499999,0.6688544910307873,0.27921278126720017,0.2545856453605931,0.34557107183306257,angry,05,02,02,female,strong,215
30,1.0010000000000001,True,1.0,0.33744681464917237,0.320486986969797,0.32896690080948465,1.8899014641399354,-0.06819444444444445,-0.06777777777777777,0.27555379383768225,0.8882536881457698,0.182774183656036,0.17406563625220128,0.016959827679375372,0.0004166666666666763,0.0024719408438350263,0.1690460366290793,0.1043605722296069,0.11501595440229848,0.0,0.9999999987499999,0.6704858544667868,0.2793109550455769,0.26238384088578387,0.3557745234938874,angry,05,02,02,female,strong,215
40,1.3346666666666667,True,1.0,0.530681320527692,0.5364237883493932,0.5335525544385427,1.1067196662576169,-0.05587962962962967,-0.05694444444444435,0.31319433843213484,0.5208092547094675,0.18565352380921238,0.48210271372763774,0.00574246782170118,0.0010648148148146852,0.005808664797637794,0.27337377223267606,0.10750046551838942,0.11242622742064468,0.0,0.9999999987499999,0.6623888206610768,0.28313923657859486,0.27332039826604065,0.35865384290007557,angry,05,02,02,female,strong,215
50,1.6683333333333334,True,1.0,0.5716697691918512,0.5459540510008064,0.5588119100963288,0.8366336192953245,-0.05879629629629629,-0.059675925925925966,0.39151485940706654,0.36601307189542454,0.18556514895392778,0.667929063820077,0.02571571819104479,0.0008796296296296746,0.004778331097269581,0.3603376451560897,0.10744150380549664,0.11349428903693308,0.0,0.9999999987499999,0.6646199083930446,0.28229854999962667,0.2782585450366545,0.3656837746468986,angry,05,02,02,female,strong,215
60,2.0020000000000002,True,1.0,0.3768585654164631,0.34635880895187915,0.36160868718417116,0.3170328051310953,-0.06703703703703706,-0.06814814814814812,0.37269071272952914,0.15846901779015893,0.18546644821245536,1.1406033739462496,0.03049975646458397,0.0011111111111110628,0.002659849977158539,0.7823747530654078,0.10630282126094381,0.11305487626838802,0.0,0.9999999987499999,0.6649605367615796,0.28296672775311865,0.26035737115988833,0.3376375171831311,angry,05,02,02,female,strong,215
70,2.3356666666666666,True,1.0,0.6171725655023913,0.5925674531198684,0.6048700093111299,1.0263360444646643,-0.06254629629629632,-0.062361111111111145,0.3180106985541516,0.41540517469020166,0.19521550446455999,0.5893488907199292,0.024605112382522942,0.00018518518518517713,0.00013946933682452544,0.2874610861853069,0.1059709941984913,0.11353390327211087,0.0,0.9999999987499999,0.663544690258916,0.28524785004050496,0.26534218345682725,0.344945572043722,angry,05,02,02,female,strong,215
80,2.6693333333333333,True,1.0,0.7365006417110112,0.7129115231856697,0.7247060824483404,1.7576124930852635,-0.06111111111111106,-0.05930555555555561,0.2565287576732293,0.8888888888888885,0.1903455281049834,0.41232415296287056,0.0235891185253414,0.0018055555555554492,0.0017905352969264864,0.18784805762691986,0.1068042408747474,0.11325619090151107,0.0,0.9999999987499999,0.660828162726028,0.28528562701084137,0.2604598326462433,0.3404468678164969,angry,05,02,02,female,strong,215
90,3.003,True,1.0,0.6070648894914571,0.6004892639283079,0.6037770767098825,0.8884861298196809,-0.06004629629629632,-0.05763888888888885,0.32173264427280557,0.34903051518250944,0.19521550446455999,0.6795571213164797,0.006575625563149168,0.002407407407407469,0.001744473414590892,0.321907982004369,0.1091615844177877,0.11098585105272489,0.0,0.9999999987499999,0.6583310993459884,0.2804298597850697,0.26037961343934085,0.34511589695088796,angry,05,02,02,female,strong,215
100,3.336666666666667,True,1.0,0.6690588399359277,0.6429883955234407,0.6560236177296842,0.7846841504857401,-0.061435185185185204,-0.06,0.31988796921555307,0.3282862262236262,0.19520495206399283,0.8360352599496095,0.02607044441248707,0.001435185185185206,0.0064591323797614135,0.35586734693877575,0.10827009815825979,0.11134354336233745,0.0,0.9999999987499999,0.661394535329757,0.27932019960001747,0.2548218610033688,0.34160782600390366,angry,05,02,02,female,strong,215
110,3.6703333333333332,True,1.0,0.6486950059911576,0.6133140512378191,0.6310045286144883,0.7300667648292942,-0.061203703703703594,-0.05754629629629615,0.3227691070627704,0.26187177434094283,0.19590967732862752,0.8643107165164972,0.03538095475333847,0.0036574074074074425,0.005708180713009695,0.39130434782608736,0.10776138105177055,0.11200619404695257,0.0,0.9999999987499999,0.6641486665603741,0.28063065403149884,0.253617739841489,0.3393989416653213,angry,05,02,02,female,strong,215
0,0.0,True,1.0,0.6291327700363858,0.628709118648151,0.6289209443422684,0.6764736753187253,-0.06430555555555556,-0.0618055555555555,0.3243298946655296,0.24382430096464994,0.20015252972733066,0.9297049793488977,0.000423651388234747,0.0025000000000000577,0.004280848844826225,0.4054885631077842,0.10669165642912817,0.11115597049553484,0.0,0.9999999987499999,0.6734384022984193,0.28156380531721525,0.2534193173685987,0.33708038059529594,fearful,06,02,02,female,normal,216
10,0.33366666666666667,True,1.0,0.597561784155106,0.5873019373908404,0.5924318607729732,0.6764158026761278,-0.06296296296296294,-0.060324074074074086,0.3252621195628784,0.2438243009646498,0.20152560332726174,0.8758397696048998,0.010259846764265612,0.0026388888888888573,0.003873419119352132,0.41925014830976653,0.10815814485496558,0.11007625958965483,0.0,0.9999999987499999,0.6719783965070402,0.2819045635486849,0.255088682394177,0.3365444619192356,fearful,06,02,02,female,normal,216
20,0.6673333333333333,True,1.0,0.6136972546385032,0.6169407259682933,0.6153189903033982,0.9710550887021466,-0.06425925925925924,-0.06291666666666662,0.3413132935022252,0.3734827264239028,0.20020169578238,0.6336602294374424,0.003243471329790082,0.0013425925925926174,0.008416072086371287,0.30327508408575066,0.10735486798152793,0.11171579692153623,0.0,0.9999999987499999,0.6685408775854091,0.28279686337500665,0.26350504554482307,0.3530094703186953,fearful,06,02,02,female,normal,216
30,1.0010000000000001,True,1.0,0.676638832635422,0.6555641273212709,0.6661014799783465,0.8812536308748885,-0.07152777777777775,-0.06796296296296295,0.36761648186146,0.32866919403219824,0.20154036748044105,0.7558567211996121,0.02107470531415112,0.0035648148148147984,0.00843321076211542,0.3124501872954514,0.10610789967512246,0.11290084405051945,0.0,0.9999999987499999,0.6671303085374775,0.28145028841847675,0.2694804213327118,0.3696086828369497,fearful,06,02,02,female,normal,216
40,1.3346666666666667,True,1.0,0.6286094332219682,0.6255320955627711,0.6270707643923696,0.9195928886986876,-0.06745370370370363,-0.06365740740740738,0.32749826540154486,0.35673862061587047,0.1966989036523519,0.6819004062544841,0.0030773376591970436,0.003796296296296242,5.79564699322606e-05,0.31034482758620674,0.10728555846620347,0.11178235954564729,0.0,0.9999999987499999,0.6661407388893058,0.28175043416004214,0.2676194055542591,0.3593208905502213,fearful,06,02,02,female,normal,216
50,1.6683333333333334,True,1.0,0.7058762565118643,0.6696879161916587,0.6877820863517614,0.9670909554304867,-0.06763888888888892,-0.06435185185185188,0.35706516441672903,0.3883016714986043,0.19529521528455354,0.71118655643471,0.03618834032020557,0.0032870370370370328,0.007992385159530569,0.29016857493957005,0.10728531381417612,0.11212295169167943,0.0,0.9999999987499999,0.6654923479391757,0.2831432826768218,0.27595865379853535,0.3733110287921392,fearful,06,02,02,female,normal,216
60,2.0020000000000002,True,1.0,0.63661186309484,0.6364731033285437,0.6365424832116918,0.768499589726068,-0.06518518518518523,-0.06078703703703697,0.36077835889218957,0.29718289938138764,0.1959891058214574,0.8282925478705689,0.0001387597662962925,0.004398148148148262,0.00801266586235877,0.3521835597474162,0.10505165210922213,0.11354923802072651,0.0,0.9999999987499999,0.6692012250837835,0.28201830696575453,0.2678847655232536,0.3598689839719148,fearful,06,02,02,female,normal,216
70,2.3356666666666666,True,1.0,0.6762034240048969,0.6479477533914434,0.6620755886981702,1.0171787460370105,-0.06703703703703706,-0.061064814814814905,0.31854193950456416,0.4183385578509876,0.19600506550650687,0.6508940451986993,0.028255670613453465,0.005972222222222157,0.0122168038816429,0.281700508200754,0.10707492467106833,0.11232388598457668,0.0,0.9999999987499999,0.6707199806485094,0.2803499648249092,0.2692939066188479,0.3664007381119178,fearful,06,02,02,female,normal,216
80,2.6693333333333333,True,1.0,0.665234542491395,0.6346463125889834,0.6499404275401892,0.7900784825013749,-0.06342592592592594,-0.058148148148148115,0.34730296421187923,0.29626209801689696,0.19251969308138642,0.8226276780535637,0.030588229902411612,0.005277777777777826,0.008410011596643785,0.3569502703415791,0.10639308009510748,0.11246286285249761,0.0,0.9999999987499999,0.668116081268445,0.2813135778196441,0.265844301165954,0.363125336794832,fearful,06,02,02,female,normal,216
90,3.003,True,1.0,0.6652345424913951,0.6153127474168961,0.6402736449541456,0.8356110456886827,-0.06398148148148142,-0.05972222222222223,0.34469892237623895,0.29626209801689574,0.19663993831025836,0.7662340609995808,0.04992179507449901,0.004259259259259185,0.003350724687006337,0.33750000000000063,0.10550256417051206,0.11279308544459288,0.0,0.9999999987499999,0.6642138902045194,0.28096106546212607,0.2633528218371394,0.36364146962920263,fearful,06,02,02,female,normal,216
100,3.336666666666667,True,1.0,0.6690253819506163,0.6509234167443234,0.6599743993474698,0.8118792437493603,-0.06402777777777774,-0.05898148148148147,0.34356834102021067,0.2757325733488397,0.19873553263911478,0.8128972435600462,0.018101965206292925,0.005046296296296271,0.00856683810575163,0.35023584905660365,0.10696972468412665,0.1115735323429613,0.0,0.9999999987499999,0.6622228745638882,0.2816524703926115,0.26481959808633826,0.361120807724809,fearful,06,02,02,female,normal,216
0,0.0,True,1.0,0.595946916576611,0.5857697046270712,0.5908583106018411,0.5820322023027149,-0.06314814814814818,-0.05962962962962959,0.3283711987984069,0.22809370090241557,0.20221957827971732,1.0151642954877877,0.0101772119495398,0.0035185185185185874,0.0025336668782560278,0.47128378378378255,0.10652075306054505,0.11149077290582954,0.0,0.9999999987499999,0.665476602250275,0.2749129199533436,0.24328542172790504,0.34697962735951227,fearful,06,02,02,female,normal,217
10,0.33366666666666667,True,1.0,0.5974411481070071,0.5828615451512962,0.5901513466291517,0.5765730107360079,-0.06458333333333333,-0.060972222222222205,0.3212647052420523,0.2322024526947605,0.19808659269170656,1.0235500719602029,0.014579602955710924,0.0036111111111111205,0.005016510127798748,0.4999389760173476,0.10698899499070154,0.11086980778827527,0.0,0.9999999987499999,0.6671156909638857,0.27556567710199487,0.2455296988738677,0.34583121748796747,fearful,06,02,02,female,normal,217
20,0.6673333333333333,True,1.0,0.6436741355259418,0.6265423096269532,0.6351082225764475,0.9791732481935153,-0.0667592592592593,-0.06333333333333341,0.34151960007858595,0.3690729935498633,0.20018454620440232,0.6486168037659974,0.01713182589898854,0.003425925925925888,0.004637034657926658,0.2942307692307697,0.10443709812982259,0.11361276229924817,0.0,0.9999999987499999,0.6683695573151136,0.2879146107327915,0.260369141539472,0.3541371068746181,fearful,06,02,02,female,normal,217
30,1.0010000000000001,True,1.0,0.6878548267444444,0.6110998858637442,0.6494773563040943,0.8459229813610832,-0.07050925925925916,-0.06666666666666671,0.3784660406289425,0.3069755451372234,0.19808659269170656,0.7677736278769617,0.07675494088070023,0.003842592592592453,0.0011779849920322662,0.33605891424025375,0.10496095345510552,0.11346529587492239,0.0,0.9999999987499999,0.6645678897183874,0.28545741120179513,0.2703307244933378,0.36745350801247784,fearful,06,02,02,female,normal,217
40,1.3346666666666667,True,1.0,0.6981091239380676,0.6509234167443234,0.6745162703411955,0.8126310367626615,-0.06967592592592597,-0.06351851851851864,0.35218175923722633,0.28809957350971604,0.20013766319340198,0.8300400056442787,0.04718570719374415,0.006157407407407334,0.004046582738306481,0.3379717161542596,0.10633145485475994,0.11269032198673878,0.0,0.9999999987499999,0.6668763702590411,0.28457742452991214,0.27715741533405547,0.36209908823479436,fearful,06,02,02,female,normal,217
50,1.6683333333333334,True,1.0,0.6512733208221997,0.6075245717422828,0.6293989462822412,0.9589978165613736,-0.07208333333333344,-0.06458333333333333,0.3629732284476781,0.3578350061796169,0.19810315364351708,0.6563090503574271,0.04374874907991688,0.007500000000000118,0.011516731233241715,0.31099268917091005,0.10584186482572146,0.11315028330139419,0.0,0.9999999987499999,0.6615508773743872,0.28636157449076877,0.2786877759332583,0.3745210602949205,fearful,06,02,02,female,normal,217
60,2.0020000000000002,True,1.0,0.6366118630948396,0.6223393865570975,0.6294756248259685,0.7105079037111861,-0.06740740740740742,-0.06129629629629624,0.37401179237583215,0.24380173166560343,0.19947429843234002,0.8859516150883575,0.014272476537742107,0.006111111111111178,0.012412392727303791,0.3989907008847962,0.10550385548867797,0.11296066392849992,0.0,0.9999999987499999,0.6629275555065778,0.2839654689212171,0.2749595525048126,0.36496653103735854,fearful,06,02,02,female,normal,217
70,2.3356666666666666,True,1.0,0.6271728227655765,0.6110998858637442,0.6191363543146604,0.9550361831404338,-0.06861111111111107,-0.06240740740740741,0.30185189860390405,0.3733128029275413,0.2001235580249424,0.6482857563351808,0.016072936901832313,0.006203703703703656,0.010193364804725739,0.2869252510182905,0.10735444837997862,0.11188660921373574,0.0,0.9999999987499999,0.6631812313206532,0.28271836527004657,0.2722038216264722,0.35809773243634097,fearful,06,02,02,female,normal,217
80,2.6693333333333333,True,1.0,0.6507444063915118,0.6016703979711199,0.6262074021813158,0.8064065832862918,-0.06624999999999998,-0.058611111111111225,0.35082847553307245,0.25385496704290084,0.1980557779337933,0.7765405381853121,0.04907400842039189,0.007638888888888751,0.014183973079079447,0.36456355503113363,0.10486976175175794,0.11421875493228005,0.0,0.9999999987499999,0.6606525352797369,0.2845530801835575,0.27136997237934657,0.3735226925984905,fearful,06,02,02,female,normal,217
90,3.003,True,1.0,0.6612607749455438,0.5858025892746721,0.623531682110108,0.85055245130746,-0.06541666666666657,-0.06009259259259253,0.34949211685548937,0.28856573894799753,0.19732122906132424,0.7330902181889216,0.0754581856708717,0.005324074074074037,0.01141403771624224,0.34150062974995726,0.10560398678430698,0.11354025226136716,0.0,0.9999999987499999,0.656983642621111,0.28426295377404454,0.27217828244713177,0.3749933032726179,fearful,06,02,02,female,normal,217
100,3.336666666666667,True,1.0,0.6471087925991711,0.6024765729617774,0.6247926827804742,0.826712879960878,-0.06527777777777782,-0.05902777777777768,0.3453916347353311,0.26791621109843317,0.19736182297188892,0.7557553510113945,0.04463221963739372,0.006250000000000144,0.012307593800573781,0.35416666666666596,0.10637245577783022,0.11282061673407827,0.0,0.9999999987499999,0.6590910667548269,0.28470066155767765,0.2720728744898832,0.3719516822899504,fearful,06,02,02,female,normal,217
110,3.6703333333333332,True,1.0,0.6575971264673127,0.6121207337862015,0.6348589301267571,0.8184900795871497,-0.06462962962962948,-0.058240740740740704,0.34385924654528655,0.27024093878957656,0.19804152448667672,0.7756464567621675,0.045476392681111255,0.006388888888888777,0.006129379968899305,0.36132164988753157,0.10664226208494458,0.11474480451670487,0.0,0.9999999987499999,0.6610310679506176,0.2830968429794704,0.2690213590998498,0.3671185391432043,fearful,06,02,02,female,normal,217
0,0.0,True,1.0,0.6321701239752808,0.6084667901525976,0.6203184570639393,0.6765573881621858,-0.061249999999999916,-0.058888888888888824,0.32928687674658474,0.20452310717797362,0.2064130658649438,0.9168748548426688,0.023703333822683192,0.0023611111111110916,0.0025677294322548347,0.4447293917956358,0.10702730469256243,0.11134732696088391,0.0,0.9999999987499999,0.6677180769026361,0.2738756873794492,0.24808430109476978,0.347095207255647,fearful,06,02,02,female,normal,218
10,0.33366666666666667,True,1.0,0.6117694831485412,0.6034140612195386,0.6075917721840398,0.6600322210296609,-0.06152777777777768,-0.058472222222222314,0.32952964462642065,0.19643816102073167,0.2071228032484165,0.9205486532705736,0.008355421929002627,0.003055555555555367,7.304869845838142e-05,0.44260515504338016,0.10927672619722914,0.11000994509743879,0.0,0.9999999987499999,0.6661174810314752,0.27491588583178184,0.25209572520269347,0.3488746708489205,fearful,06,02,02,female,normal,218
20,0.6673333333333333,True,1.0,0.6262378401304199,0.6099151227433743,0.6180764814368971,0.9182931514619359,-0.060833333333333406,-0.058009259259259205,0.33175604438779316,0.32685010475763815,0.2022659787264621,0.6730709909497968,0.016322717387045604,0.002824074074074201,0.00018163701500715552,0.33368644067796527,0.10815964975843831,0.11110842035151097,0.0,0.9999999987499999,0.6605815413196529,0.2761656076938687,0.2590522666628147,0.36073270908041466,fearful,06,02,02,female,normal,218
30,1.0010000000000001,True,1.0,0.6153168519357758,0.5680648144400668,0.5916908331879214,1.0632009926325887,-0.05935185185185188,-0.05638888888888888,0.3238367349904035,0.3785639898009974,0.19534560386896538,0.5565183227705963,0.04725203749570894,0.0029629629629630005,0.005899846996886377,0.28165782593669714,0.10491544690964616,0.11367509870335214,0.0,0.9999999987499999,0.6641041584993373,0.2776164899034013,0.2574932300429976,0.3644517672286088,fearful,06,02,02,female,normal,218
40,1.3346666666666667,True,1.0,0.5669932433970184,0.5326600507061574,0.5498266470515879,0.8000834980145365,-0.05907407407407406,-0.056481481481481466,0.3346863085759928,0.25878758918672023,0.19740936522195227,0.6872115828110709,0.03433319269086099,0.002592592592592591,0.0030586262491062066,0.3550267766364304,0.10846143011774367,0.11132843719442226,0.0,0.9999999987499999,0.6615762310549219,0.2769948480684749,0.26218143253592735,0.3574693615183456,fearful,06,02,02,female,normal,218
50,1.6683333333333334,True,1.0,0.6809416738481352,0.6454244482650284,0.6631830610565819,0.8465976062177508,-0.06458333333333321,-0.06324074074074076,0.3801719377918533,0.2730960020057261,0.20018454620440237,0.7833509759369749,0.03551722558310677,0.001342592592592451,0.0058879268034030255,0.3179496849286091,0.1074939802956647,0.11192291569047742,0.0,0.9999999987499999,0.6636545554471789,0.28737258685357425,0.27723132003183326,0.36746302620940974,fearful,06,02,02,female,normal,218
60,2.0020000000000002,True,1.0,0.6908879082097633,0.682773636780337,0.6868307724950502,0.7384884617155174,-0.06435185185185183,-0.06324074074074065,0.38783187625851084,0.21478807931971525,0.19736182297188903,0.9300494294786058,0.008114271429426334,0.0011111111111111738,0.004693593756543441,0.368553387425065,0.1057318015692726,0.1134212371884654,0.0,0.9999999987499999,0.6606534484027986,0.28414625951648753,0.27111151126046973,0.36538358920305647,fearful,06,02,02,female,normal,218
70,2.3356666666666666,True,1.0,0.6722841414391294,0.6517792853001484,0.662031713369639,0.9173936511177245,-0.06064814814814812,-0.05699074074074062,0.3177344655601208,0.3603864685425846,0.1931444532112036,0.7216440974526471,0.02050485613898101,0.003657407407407498,0.0046265889666960045,0.31340955748738564,0.10862128011614379,0.1113437209938291,0.0,0.9999999987499999,0.6614453383071979,0.28009728883564905,0.2699000749678287,0.3668027412897202,fearful,06,02,02,female,normal,218
80,2.6693333333333333,True,1.0,0.6394612607608435,0.5917893371812855,0.6156252989710644,0.8044827529367857,-0.06337962962962967,-0.05898148148148147,0.3439066093547868,0.28081001753453755,0.19385078024088526,0.7652436260736577,0.04767192357955807,0.0043981481481482065,0.005359407005264704,0.3613419989813516,0.10809019938948854,0.1116889052115892,0.0,0.9999999987499999,0.6612718457461109,0.2803630117541431,0.2706113342035765,0.36564547224858307,fearful,06,02,02,female,normal,218
90,3.003,True,1.0,0.6059370395924714,0.5619770915330534,0.5839570655627624,0.7970473986649099,-0.06157407407407406,-0.05666666666666659,0.3512332345162361,0.2706953429427988,0.19387754118660183,0.7326503625015484,0.04395994805941794,0.004907407407407471,0.004764438964058944,0.37194114085988267,0.10644261917263882,0.11326019413031722,0.0,0.9999999987499999,0.6617097318771259,0.2801180899515902,0.26499734845926787,0.36516342537454116,fearful,06,02,02,female,normal,218
100,3.336666666666667,True,1.0,0.6241240257629606,0.5854281893016255,0.604776107532293,0.8118792437493593,-0.06212962962962959,-0.05824074074074076,0.34204271324420915,0.29105104964599704,0.19589916232072077,0.74490894081657,0.03869583646133501,0.0038888888888888307,0.0013210382661317567,0.3714622641509436,0.10865711123319344,0.11165055652350614,0.0,0.9999999987499999,0.6630440710424794,0.2798768434006157,0.2645464880911336,0.3634454595730406,fearful,06,02,02,female,normal,218
0,0.0,True,1.0,0.6436741355259417,0.6287091186481504,0.636191627087046,0.7757095407617178,-0.06333333333333346,-0.06087962962962962,0.3194638340080116,0.2827913529947679,0.20368808468108626,0.8201415525485604,0.014965016877791282,0.0024537037037038467,0.0007510263270165729,0.33982041718474953,0.11838146682745272,0.10784148097419016,0.0,0.9999999987499999,0.6078250816654788,0.26467733066448285,0.27451099505421495,0.32891286118469937,fearful,06,02,02,female,normal,219
10,0.33366666666666667,True,1.0,0.702714333339182,0.6696879161916592,0.6862011247654206,0.800800800800801,-0.06518518518518523,-0.062222222222222234,0.32420680048328854,0.2882882882882887,0.20367047947650632,0.8568936545508188,0.033026417147522746,0.0029629629629630005,0.0021712494980860183,0.33750000000000013,0.10687694867599848,0.11132064078626663,0.0,0.9999999987499999,0.6704938411223865,0.28376874312142086,0.2588978718756891,0.3497420773068484,fearful,06,02,02,female,normal,219
20,0.6673333333333333,True,1.0,0.6987213252093548,0.6693743420619226,0.6840478336356387,0.9279021469259292,-0.07171296296296309,-0.06990740740740736,0.32544674349907027,0.34394755199717575,0.207833171493756,0.7371982443427233,0.029346983147432226,0.0018055555555557268,0.004937158834418466,0.3006324138320328,0.10536816830525414,0.1135915316775858,0.0,0.9999999987499999,0.6652947671412315,0.2826847841179289,0.2641575320649239,0.3595410951034095,fearful,06,02,02,female,normal,219
30,1.0010000000000001,True,1.0,0.6985968898208935,0.6696879161916595,0.6841424030062765,1.0091094592033243,-0.0724537037037038,-0.06851851851851853,0.3207396684498809,0.406882230241771,0.20015252972733066,0.6779664948799469,0.028908973629234058,0.003935185185185264,0.004855109447897712,0.29075829798881264,0.10520720449789182,0.11407514618599648,0.0,0.9999999987499999,0.6671878602378452,0.27995235843317373,0.2691468607473042,0.36913597001067805,fearful,06,02,02,female,normal,219
40,1.3346666666666667,True,1.0,0.7575446917647635,0.7057487404649607,0.7316467161148621,0.7899837972964914,-0.07324074074074077,-0.06972222222222235,0.3548356111206701,0.29050720076930914,0.20288648318920713,0.9261540788795006,0.051795951299802745,0.003518518518518421,0.0007669121704924688,0.34153957072979096,0.1059506811598773,0.1140550911082203,0.0,0.9999999987499999,0.6662867229235444,0.28108559608149486,0.2784382394184225,0.369677602934675,fearful,06,02,02,female,normal,219
50,1.6683333333333334,True,1.0,0.6358933842850798,0.611204478849027,0.6235489315670534,0.8611431639052756,-0.06981481481481477,-0.06462962962962965,0.4017393736309514,0.2782154837232429,0.2000858122791084,0.7240943872088181,0.024688905436052844,0.005185185185185126,0.007274061814327074,0.320561694991554,0.105692671953557,0.1139603520808212,0.0,0.9999999987499999,0.6625421094766032,0.2830604156073495,0.28532729467145895,0.38950601129001106,fearful,06,02,02,female,normal,219
60,2.0020000000000002,True,1.0,0.6200800130575498,0.6158012724977125,0.6179406427776312,0.699296157515316,-0.07069444444444445,-0.06768518518518524,0.379006581217887,0.24475365513036057,0.19939166670324834,0.8836608583311099,0.004278740559837235,0.0030092592592592116,0.0032933605745350853,0.38302251892023204,0.10492710785098147,0.11416607616149237,0.0,0.9999999987499999,0.6622343757268533,0.2809897382164096,0.27544504833830596,0.3731441212782097,fearful,06,02,02,female,normal,219
70,2.3356666666666666,True,1.0,0.6427933072978711,0.6364731033285449,0.639633205313208,0.8754421293491281,-0.0673611111111111,-0.06189814814814809,0.30414174630946106,0.33258383452155954,0.19874973631505963,0.730640191818003,0.006320203969326199,0.005462962962963003,0.007994343899235047,0.3174491820292179,0.10705042586001852,0.11217752552018508,0.0,0.9999999987499999,0.657739848830157,0.2819581943252903,0.26996558294950423,0.36199261942035027,fearful,06,02,02,female,normal,219
80,2.6693333333333333,True,1.0,0.6534148268309933,0.5854281893016264,0.6194215080663099,0.8122622436571689,-0.06671296296296292,-0.060925925925926105,0.3573491984355746,0.24061808261582115,0.19942954382907044,0.7625880839633719,0.06798663752936684,0.005787037037036813,0.007104789657714227,0.36450423943212434,0.10587920683580271,0.11328364607589314,0.0,0.9999999987499999,0.6580290831488846,0.28444723941676003,0.2737212257641292,0.3778868535186776,fearful,06,02,02,female,normal,219
90,3.003,True,1.0,0.6953163827824154,0.6641545254845758,0.6797354541334956,0.8337687572609728,-0.06675925925925918,-0.06083333333333335,0.3397029765914434,0.2910161011513562,0.19873553263911467,0.8152565663008357,0.0311618572978396,0.0059259259259258346,0.006560115181500307,0.350216125409278,0.1055132844023323,0.1136245471827888,0.0,0.9999999987499999,0.6575939433273309,0.2825981561351387,0.27207263408321003,0.3776959143965601,fearful,06,02,02,female,normal,219
100,3.336666666666667,True,1.0,0.6321701239752822,0.6212495340067898,0.626709828991036,0.802011764729599,-0.06476851851851839,-0.05944444444444452,0.3417566251571398,0.2830457603459035,0.20008581227910852,0.7814222391143268,0.010920589968492322,0.00532407407407387,0.009759641305694542,0.37497719309506095,0.10652187191180977,0.11301720934273318,0.0,0.9999999987499999,0.6556336434964611,0.2844760498191979,0.27036155323667166,0.3723207576409872,fearful,06,02,02,female,normal,219
110,3.6703333333333332,True,1.0,0.6723383787336293,0.6168160440401528,0.6445772113868911,0.8007487803148955,-0.06486111111111104,-0.05884259259259261,0.3336920357174906,0.28024433945919347,0.19870942593845456,0.804968083914421,0.05552233469347656,0.006018518518518423,0.007350484803422692,0.3717648052391809,0.10669551436384013,0.11251514619400499,0.0,0.9999999987499999,0.6557819284041742,0.2841536990875647,0.26624538986038393,0.36955989298833875,fearful,06,02,02,female,normal,219
0,0.0,True,1.0,0.657428100139902,0.6644927838282982,0.6609604419841002,0.7110182589582729,-0.06365740740740744,-0.06101851851851847,0.32341254347151205,0.2827913529947679,0.19669890365235201,0.9295970021254962,0.007064683688396189,0.0026388888888889683,0.004408412163272021,0.38352272727272724,0.10635373719225606,0.11182061441559586,0.0,0.9999999987499999,0.6732823640862593,0.2793366272114752,0.25311626016081895,0.3494062878872269,fearful,06,02,02,female,strong,220
10,0.33366666666666667,True,1.0,0.636605097816692,0.6200013345311127,0.6283032161739024,0.8393924590619959,-0.06282407407407414,-0.0601388888888888,0.3174775068549945,0.32094417552370463,0.19529521528455365,0.7485213971019212,0.01660376328557922,0.002685185185185346,0.0004884457231284541,0.3419117647058834,0.10495227506767543,0.11279973087761551,0.0,0.9999999987499999,0.6738121323842037,0.2800097980202471,0.2526221428436902,0.3529541353943096,fearful,06,02,02,female,strong,220
20,0.6673333333333333,True,1.0,0.6648522091455348,0.6436072900181259,0.6542297495818303,1.120354676374819,-0.06305555555555553,-0.059398148148148144,0.35582349616766856,0.4555980882097161,0.18903464384655697,0.5839487828075574,0.02124491912740889,0.003657407407407387,0.0062445702640257506,0.2553411645775546,0.10469450731495615,0.11354352165060709,0.0,0.9999999987499999,0.6722371537208633,0.28194267181879684,0.2614556222874848,0.366459513843349,fearful,06,02,02,female,strong,220
30,1.0010000000000001,True,1.0,0.6185223959246092,0.5967085607861888,0.6076154783553991,0.8124350634268318,-0.05976851851851844,-0.05652777777777773,0.3887969780097781,0.26850447089670243,0.18625903980083214,0.7478942080521382,0.02181383513842039,0.0032407407407407107,0.0044749638395224604,0.35273820654451193,0.10384936200531228,0.11398321493149195,0.0,0.9999999987499999,0.671923522401148,0.2820822260478789,0.26555625929749876,0.3731397578974362,fearful,06,02,02,female,strong,220
40,1.3346666666666667,True,1.0,0.22807902279911071,0.24229770019778807,0.2351883614984494,0.7378315856982854,-0.07148148148148153,-0.06898148148148148,0.36057035896739936,0.2361061074234506,0.19176854176613825,0.3187561579867398,0.014218677398677354,0.0025000000000000577,0.005893846977374038,0.3712499999999998,0.10298839337233946,0.11459559397470706,0.0,0.9999999987499999,0.6701812819268331,0.2829744197972844,0.2616247161368359,0.35623931784994617,fearful,06,02,02,female,strong,220
50,1.6683333333333334,True,1.0,0.6691464545197463,0.6132698358304751,0.6412081451751107,1.0179530921586377,-0.065,-0.06231481481481482,0.372033215781546,0.37275985663082445,0.18968632733483395,0.6298995013762234,0.055876618689271185,0.0026851851851851793,0.0044525946649277915,0.28520231716130706,0.10398413450440809,0.11386027861750017,0.0,0.9999999987499999,0.6667970325083159,0.2876237573406999,0.2703307142785042,0.3759519766025037,fearful,06,02,02,female,strong,220
60,2.0020000000000002,True,1.0,0.628061437934693,0.5979512497952018,0.6130063438649473,0.765358321279036,-0.060601851851851796,-0.0584722222222222,0.371302926181617,0.25269842165611545,0.18971367571775175,0.8009403266701481,0.03011018813949129,0.0021296296296295925,0.007399259336067363,0.36132164988753085,0.10306018294492207,0.1143645665033779,0.0,0.9999999987499999,0.6662823317764606,0.2857599191556339,0.26562581645014005,0.36714134659689707,fearful,06,02,02,female,strong,220
70,2.3356666666666666,True,1.0,0.6253080944946855,0.5925648101238412,0.6089364523092633,0.8444945414403447,-0.06111111111111106,-0.05782407407407403,0.32752728619891325,0.30631762434342164,0.1890503835011424,0.7210661791498136,0.03274328437084428,0.0032870370370370328,0.008506691128510935,0.342452706567856,0.10193403331522848,0.11470698515003633,0.0,0.9999999987499999,0.6701089847814126,0.28312936741656963,0.257731163076202,0.3537077285055903,fearful,06,02,02,female,strong,220
80,2.6693333333333333,True,1.0,0.6605460748366133,0.5972112296648535,0.6288786522507335,0.8729728537998214,-0.06013888888888891,-0.056805555555555554,0.36179515347769153,0.26338459551738364,0.19035634988781405,0.7203874089708403,0.0633348451717598,0.003333333333333355,0.007521798874373157,0.33942369303616593,0.10400019989107895,0.11300576074015806,0.0,0.9999999987499999,0.6655728434655113,0.2871592531284182,0.26611403705836933,0.37549938822010476,fearful,06,02,02,female,strong,220
90,3.003,True,1.0,0.6295436582328268,0.5513864936163134,0.5904650759245701,0.8353655608858005,-0.05810185185185185,-0.05453703703703705,0.35762525268848455,0.25819039800610427,0.19106208921678955,0.70683435321233,0.07815716461651334,0.0035648148148147984,0.002998524093060287,0.33797171615425836,0.1034751048417058,0.11281325465327544,0.0,0.9999999987499999,0.6663398373411865,0.2860668141324639,0.2643464374217415,0.37171450755389407,fearful,06,02,02,female,strong,220
100,3.336666666666667,True,1.0,0.6314795551113661,0.5815396550238845,0.6065096050676253,0.8576403820244822,-0.06009259259259253,-0.057222222222222285,0.34642027528628216,0.28846395173705014,0.19172397807097866,0.7071840573037661,0.049939900087481615,0.0028703703703702454,0.00222347296833525,0.3583972652964535,0.10371216006044078,0.11377364912784411,0.0,0.9999999987499999,0.6649106034913965,0.2862601457331488,0.26257948960090066,0.3705964668246307,fearful,06,02,02,female,strong,220
110,3.6703333333333332,True,1.0,0.6492350745998482,0.5649286930853268,0.6070818838425875,0.8108175940717101,-0.05995370370370373,-0.05805555555555547,0.34755729187035783,0.25727865965736874,0.19245032954841057,0.7487280595306078,0.08430638151452141,0.0018981481481482598,0.006686015829348275,0.36829088357714757,0.10455039574477974,0.11317232027948428,0.0,0.9999999987499999,0.6681050467139982,0.2852272547878587,0.26211875395113543,0.3673358376945379,fearful,06,02,02,female,strong,220
0,0.0,True,1.0,0.5758982579107275,0.5371130941945894,0.5565056760526584,0.7574473308324965,-0.062129629629629646,-0.0600925925925927,0.3361839552080072,0.25504199078189443,0.20363751244752276,0.7347120432004338,0.03878516371613805,0.0020370370370369484,0.0053715704219406924,0.3902804075193378,0.10657990189836426,0.11126312884049212,0.0,0.9999999987499999,0.6690273147931047,0.2766861644221323,0.2502672691508256,0.35891698717854115,fearful,06,02,02,female,strong,221
10,0.33366666666666667,True,1.0,0.6172749873299498,0.5903881124499468,0.6038315498899482,0.8038647342995165,-0.06259259259259264,-0.06087962962962962,0.33419077545763715,0.2782608695652176,0.2008783526663007,0.7511606419905008,0.026886874880002964,0.0017129629629630272,0.0062059940748697895,0.3569711538461537,0.10536854461943813,0.11190137304951152,0.0,0.9999999987499999,0.6745042668082859,0.2834260348265458,0.2573631430435648,0.3495633244898518,fearful,06,02,02,female,strong,221
20,0.6673333333333333,True,1.0,0.6516756852677615,0.6361391675512259,0.6439074264094937,0.9910281301198955,-0.06412037037037033,-0.06041666666666662,0.35641709450712944,0.3497267759562842,0.19812048338974203,0.6497367802582891,0.015536517716535636,0.003703703703703709,7.064912573472392e-05,0.29775337172055355,0.10507215319396969,0.11336232946298042,0.0,0.9999999987499999,0.6697967483243298,0.2863504441699081,0.2647272338916129,0.361955854587277,fearful,06,02,02,female,strong,221
30,1.0010000000000001,True,1.0,0.6692645546125751,0.632600399421468,0.6509324770170215,0.8542882095139291,-0.06449074074074074,-0.059675925925925855,0.38724744089453617,0.27797159170802965,0.19047174398086422,0.76195886794152,0.036664155191107106,0.004814814814814883,0.004754118399717293,0.33072507439981114,0.10472659341863222,0.11284057785881635,0.0,0.9999999987499999,0.6699736900385153,0.284743292588693,0.26998786621837384,0.369445585838011,fearful,06,02,02,female,strong,221
40,1.3346666666666667,True,1.0,0.6232027442909155,0.6070073374070422,0.6151050408489789,0.8568022840767586,-0.06379629629629624,-0.05884259259259261,0.34736248842466716,0.3059390866126377,0.19114832178248242,0.7179077977269646,0.01619540688387333,0.004953703703703627,0.002499382235759328,0.32136373007930463,0.10475785376206331,0.11382034589883976,0.0,0.9999999987499999,0.6704217673788265,0.2846196320919066,0.2697394892284437,0.35975997182872077,fearful,06,02,02,female,strong,221
50,1.6683333333333334,True,1.0,0.6195135753275774,0.6028392483567089,0.6111764118421432,0.8880936625717307,-0.06513888888888891,-0.06162037037037038,0.3734744566084187,0.31717630806133235,0.19179559324362389,0.6881891377000778,0.01667432697086857,0.003518518518518532,0.008905077119336044,0.32142857142857084,0.10409959696873575,0.1145890785560102,0.0,0.9999999987499999,0.6662373987329308,0.2882649355181223,0.2739981200373142,0.3692848602777762,fearful,06,02,02,female,strong,221
60,2.0020000000000002,True,1.0,0.60691220712714,0.5874294290113808,0.5971708180692604,0.8072894407801626,-0.0618981481481482,-0.05925925925925918,0.3619962672956053,0.2522779502438009,0.19394049355166262,0.7397233110000249,0.01948277811575916,0.002638888888889024,0.0069970558276647365,0.33147321428571447,0.10563869977951329,0.11283457017777758,0.0,0.9999999987499999,0.6627714984040491,0.2884257927148484,0.2720428437877522,0.36093750264351543,fearful,06,02,02,female,strong,221
70,2.3356666666666666,True,1.0,0.6606018204482624,0.6024885076614613,0.6315451640548619,1.1022834676539817,-0.06162037037037038,-0.058935185185185146,0.3170874540200791,0.39484780930889013,0.1959891058214574,0.5729426074029721,0.0581133127868011,0.002685185185185235,0.007185326788604336,0.26865671641791067,0.10552238438843548,0.1136160961365422,0.0,0.9999999987499999,0.6624826124434149,0.287912565042342,0.2689743011362272,0.3590651895035047,fearful,06,02,02,female,strong,221
80,2.6693333333333333,True,1.0,0.6408700815292827,0.5921583509176346,0.6165142162234587,0.8436379699712857,-0.06171296296296297,-0.05842592592592588,0.34641696647377623,0.2786877706396928,0.1966535174229897,0.7307805458832567,0.04871173061164813,0.0032870370370370883,0.007143377075347687,0.3515447659190726,0.10505972394521035,0.11320567819313962,0.0,0.9999999987499999,0.6608673649069001,0.28679130351527826,0.26921817850585966,0.3593970868184196,fearful,06,02,02,female,strong,221
90,3.003,True,1.0,0.6389293323109422,0.6052497533494856,0.6220895428302139,0.8966442035474256,-0.06273148148148144,-0.0591666666666667,0.3323479132454182,0.30674670121359293,0.1973212290613243,0.6937975401714735,0.03367957896145657,0.003564814814814743,0.0125602356977975,0.335526315789474,0.10711948381058205,0.11125865071615469,0.0,0.9999999987499999,0.6621855570978392,0.28518845607211285,0.27187855023175994,0.36478601626271123,fearful,06,02,02,female,strong,221
100,3.336666666666667,True,1.0,0.6394612607608453,0.6008016742590663,0.6201314675099558,0.8357512075250476,-0.06245370370370362,-0.05856481481481485,0.34180983653552593,0.2886989553656222,0.19802804055192558,0.7420048716966651,0.03865958650177903,0.003888888888888775,0.0004491749882649178,0.3579358264179757,0.10690198763139218,0.11214923986161004,0.0,0.9999999987499999,0.6630239406778335,0.284969525851989,0.26655889319316545,0.3576578708019312,fearful,06,02,02,female,strong,221
0,0.0,True,1.0,0.6136972546385042,0.6034129753543489,0.6085551149964266,0.7754058780459872,-0.06351851851851847,-0.0618981481481482,0.32263951856404294,0.2584508802109737,0.200804277671704,0.7848213848081441,0.010284279284155318,0.001620370370370272,0.002254196748402872,0.36385314826359083,0.10722240211001766,0.11098794398018628,0.0,0.9999999987499999,0.6688622552067702,0.27698902783111823,0.25014601100508,0.35680673034542265,fearful,06,02,02,female,strong,222
10,0.33366666666666667,True,1.0,0.595946916576611,0.6099151227433743,0.6029310196599926,0.7992371625499342,-0.061851851851851825,-0.06050925925925926,0.32137487372607787,0.2935779816513763,0.19942954382907055,0.7543831141889916,0.013968206166763308,0.001342592592592562,0.0004569033190029013,0.36788915584835363,0.10483864499435622,0.11307396601893797,0.0,0.9999999987499999,0.6707379359165542,0.27651659872256296,0.24818896991129893,0.3561893159116777,fearful,06,02,02,female,strong,222
20,0.6673333333333333,True,1.0,0.638300447187523,0.6282940565474778,0.6332972518675004,1.0827250501330155,-0.06412037037037038,-0.06157407407407406,0.3290070379248303,0.4443864118489202,0.19742675586761846,0.5849105013222871,0.01000639064004516,0.0025462962962963243,0.0008147203907560556,0.2774442001617299,0.10461645152741285,0.11378300922318747,0.0,0.9999999987499999,0.6662973253442003,0.278754013592907,0.2537597607924835,0.36504824642768047,fearful,06,02,02,female,strong,222
30,1.0010000000000001,True,1.0,0.6717727699789071,0.6630136667624412,0.6673932183706741,1.1069182389937098,-0.06527777777777782,-0.061018518518518416,0.3164877770160758,0.41928721174004147,0.1890503835011424,0.6029291006871436,0.008759103216465891,0.004259259259259407,0.006861116007269373,0.24762306966515618,0.10421290401854004,0.11348317039903977,0.0,0.9999999987499999,0.6725976242215636,0.28423790142252503,0.26520807224681464,0.35940230376834914,fearful,06,02,02,female,strong,222
40,1.3346666666666667,True,1.0,0.6232027442909143,0.5776475989186046,0.6004251716047595,0.857375124609655,-0.0637037037037036,-0.05972222222222218,0.34418956520039234,0.3138447044295928,0.19392357711161795,0.7003062654495843,0.04555514537230965,0.003981481481481419,0.0022821202145919465,0.30185269524478286,0.1035722403720182,0.114734328525906,0.0,0.9999999987499999,0.6700425344669118,0.2877323363921253,0.26920196073525104,0.35704217073378225,fearful,06,02,02,female,strong,222
50,1.6683333333333334,True,1.0,0.6270431756540221,0.627411323605175,0.6272272496295985,0.8362495794374466,-0.06268518518518518,-0.05958333333333332,0.40826140084913753,0.21871142846825548,0.19463425832666542,0.7500479103995968,0.00036814795115291954,0.0031018518518518556,0.003378932046831135,0.3292058311906717,0.10518905971723491,0.11459174671126714,0.0,0.9999999987499999,0.6607690603194403,0.2896854562769843,0.2834013941024699,0.37871234480800753,fearful,06,02,02,female,strong,222
60,2.0020000000000002,True,1.0,0.6300175639559008,0.5827612621692011,0.6063894130625509,0.7301162230693574,-0.06143518518518515,-0.059305555555555556,0.40423809292904106,0.19547811329657908,0.1939235771116179,0.8305381991285337,0.047256301786699706,0.0021296296296295925,0.0011940017215565696,0.3819405393016573,0.10535037816972316,0.11411001981756246,0.0,0.9999999987499999,0.6601929421377927,0.29012742039630596,0.27948155043491263,0.3737224128947729,fearful,06,02,02,female,strong,222
70,2.3356666666666666,True,1.0,0.6859307479495818,0.6326003994214667,0.6592655736855242,1.0600414245886776,-0.0635648148148148,-0.059398148148148144,0.32592933994768597,0.3506159581919228,0.19043809459322839,0.6219243497407053,0.053330348528115024,0.004166666666666652,0.0041596643135240795,0.2769127082519204,0.10407978224263514,0.1142741180083036,0.0,0.9999999987499999,0.6640887038330956,0.2877137665791806,0.26779998401761135,0.36424812974092086,fearful,06,02,02,female,strong,222
80,2.6693333333333333,True,1.0,0.6075074286641053,0.596829538166073,0.6021684834150891,0.8656972168439963,-0.0589351851851852,-0.05560185185185179,0.3533115101130856,0.28856573894799875,0.1917562082085004,0.6955878703299602,0.01067789049803236,0.0033333333333334103,1.5198487890206926e-05,0.33598466571950125,0.11619297698629055,0.11019595639383974,0.0,0.9999999987499999,0.6068939682982568,0.2715700713595147,0.2870713082796812,0.3401513927210346,fearful,06,02,02,female,strong,222
90,3.003,True,1.0,0.6758832527757539,0.6110742001889615,0.6434787264823577,0.8652900688298928,-0.06027777777777776,-0.056712962962962965,0.34296470480372737,0.31465093411996087,0.19176854176613825,0.7436566645824512,0.06480905258679237,0.0035648148148147984,0.005675954650890353,0.3374999999999994,0.11695601701418865,0.10903686943228223,0.0,0.9999999987499999,0.6113836390415541,0.2712765575198781,0.28729317703846147,0.34427598700254475,fearful,06,02,02,female,strong,222
100,3.336666666666667,True,1.0,0.6495879147941608,0.5904986769354988,0.6200432958648299,0.8023598820059008,-0.06171296296296297,-0.05800925925925926,0.3399668808676714,0.28318584070796493,0.19106208921678955,0.7727745488903568,0.059089237858661936,0.003703703703703709,0.004911455688692895,0.3534854191631353,0.11474410558609255,0.1122143430306498,0.0,0.9999999987499999,0.6129865113623575,0.27099584864549925,0.2772160358268055,0.3335754192525845,fearful,06,02,02,female,strong,222
0,0.0,True,1.0,0.6353269465551098,0.6084667901525989,0.6218968683538544,0.7919191919191917,-0.06324074074074071,-0.060925925925925994,0.32337031441553615,0.2909090909090899,0.2008783526663007,0.7853034434570357,0.026860156402510937,0.002314814814814714,0.0035933192480505304,0.3673469387755106,0.11842927732097688,0.10761207661092033,0.0,0.9999999987499999,0.6122284509428771,0.26698574760472676,0.2758795368729258,0.32813519997464446,fearful,06,02,02,female,strong,223
10,0.33366666666666667,True,1.0,0.6200800130575485,0.5908674706403412,0.6054737418489449,0.8565020461221597,-0.06263888888888886,-0.060972222222222205,0.3241652930292082,0.31511036476559834,0.19810315364351713,0.7069145305492807,0.029212542417207277,0.0016666666666666496,0.0011954453320684529,0.3295314469149555,0.10347235751960568,0.11399178307862189,0.0,0.9999999987499999,0.6709276299426019,0.28418694858256577,0.2536416098641471,0.34891839572166494,fearful,06,02,02,female,strong,223
20,0.6673333333333333,True,1.0,0.6679615747787431,0.6132698358304746,0.6406157053046089,1.085044801116505,-0.06476851851851856,-0.06064814814814817,0.3346914035204889,0.3773943471278709,0.19043809459322833,0.5904048428649388,0.05469173894826851,0.004120370370370385,0.0055296211998925,0.27754332761658085,0.10466038106998203,0.11390998068589173,0.0,0.9999999987499999,0.6648985500919119,0.28575792997608396,0.26855020667108886,0.36298980281959065,fearful,06,02,02,female,strong,223
30,1.0010000000000001,True,1.0,0.6025636462725968,0.5575711776690002,0.5800674119707985,0.965844991209018,-0.06259259259259264,-0.05736111111111114,0.33973437249052857,0.31933883050606254,0.1890503835011424,0.6005802351831697,0.044992468603596625,0.005231481481481504,0.008183802541927201,0.2993828401856688,0.10463443419163375,0.11326296154131855,0.0,0.9999999987499999,0.666226857352316,0.2854951456362218,0.2727681657224882,0.3684330082382245,fearful,06,02,02,female,strong,223
40,1.3346666666666667,True,1.0,0.6193713847678312,0.5815396550238845,0.6004555198958579,0.7978574865820037,-0.061342592592592615,-0.05935185185185188,0.3586856391689455,0.3028739106127785,0.19111638833184727,0.7525849290055425,0.03783172974394666,0.0019907407407407374,0.0007713412869774408,0.34422977876847105,0.10434209454595673,0.11436830994196695,0.0,0.9999999987499999,0.6639459032831884,0.28638859687721885,0.27168348453545366,0.36057704956381514,fearful,06,02,02,female,strong,223
50,1.6683333333333334,True,1.0,0.597087965648393,0.5728929895498293,0.584990477599111,0.8665400920867992,-0.05828703703703708,-0.05625000000000002,0.3915912243475488,0.27756362324655287,0.19040764478510802,0.6750876075339328,0.024194976098563692,0.0020370370370370594,0.0007772197361495385,0.31640624999999944,0.10502255271798117,0.11407828158355243,0.0,0.9999999987499999,0.6644298554343613,0.28542340259438354,0.2777364701136717,0.38179718931264606,fearful,06,02,02,female,strong,223
60,2.0020000000000002,True,1.0,0.5894154902617602,0.557571177669,0.57349333396538,0.7523433001973562,-0.056342592592592555,-0.05458333333333326,0.38162298833536235,0.2020071490943573,0.18837314081237455,0.7622761229015267,0.031844312592760216,0.0017592592592592937,0.00010999564381105568,0.3650335381553454,0.10562530379656028,0.11284711035753825,0.0,0.9999999987499999,0.6627297326352416,0.28694632360980804,0.27344800582123774,0.3690881111700164,fearful,06,02,02,female,strong,223
70,2.3356666666666666,True,1.0,0.6179145455820576,0.5768545766124749,0.5973845610972662,0.951344792697559,-0.05949074074074073,-0.056574074074074,0.3360285951974779,0.32502852100557117,0.18971367571775183,0.6279369642665192,0.04105996896958275,0.002916666666666734,0.008362389429292344,0.31917140665449795,0.10438503540037457,0.11416235566148135,0.0,0.9999999987499999,0.6650049270723913,0.28617867150570364,0.26728425000239975,0.36733232948285044,fearful,06,02,02,female,strong,223
80,2.6693333333333333,True,1.0,0.6528334834332595,0.5867507022069188,0.6197920928200892,0.8118792437493593,-0.059537037037037055,-0.056157407407407434,0.3493814057010756,0.27573257334883816,0.1890055825791123,0.7634042840629996,0.0660827812263407,0.0033796296296296213,0.0017320059327140516,0.3613419989813516,0.10463859537241543,0.11376264534716406,0.0,0.9999999987499999,0.6630895976281138,0.28548579726272966,0.2654803559670997,0.3672369990649288,fearful,06,02,02,female,strong,223
90,3.003,True,1.0,0.6371618665516229,0.6119933918946597,0.6245776292231413,0.8037686982217265,-0.05995370370370362,-0.057870370370370294,0.34844559496769184,0.2704990811323122,0.1889797465896006,0.7770613991375491,0.025168474656963147,0.002083333333333326,0.005183019578498598,0.3682908835771468,0.10546580452020511,0.11214998643463195,0.0,0.9999999987499999,0.6689858173191151,0.286169354805717,0.2648238717963313,0.36282406668559675,fearful,06,02,02,female,strong,223
100,3.336666666666667,True,1.0,0.6486560318564633,0.5854281893016252,0.6170421105790442,0.8193236714975836,-0.05939814814814809,-0.056574074074074054,0.34725176257220236,0.27826086956521745,0.1903563498878141,0.7531115382656975,0.06322784255483804,0.0028240740740740344,0.0005877323870734683,0.35023584905660365,0.11468880961196906,0.11193095015735068,0.0,0.9999999987499999,0.6143502444571578,0.2691840982030062,0.2768518871181039,0.33412594557085457,fearful,06,02,02,female,strong,223
0,0.0,True,1.0,0.6226334539729651,0.626327872331355,0.62448066315216,0.5850245367585545,-0.06157407407407406,-0.06037037037037046,0.31326106640027357,0.3091873275982488,0.19182582273343995,1.0674435411072158,0.003694418358389906,0.0012037037037035958,0.006877874347819238,0.4854546017999938,0.1064382474566792,0.11105607102453895,0.0,0.9999999987499999,0.6735414920733918,0.28071310202317873,0.2473136188939802,0.34111038284536915,disgust,07,02,02,female,normal,224
10,0.33366666666666667,True,1.0,0.6486560318564617,0.6073707009181374,0.6280133663872995,0.5476863232039362,-0.06050925925925921,-0.05842592592592594,0.3150528207319163,0.2572092433131337,0.19253594035313737,1.1466661477202031,0.041285330938324316,0.0020833333333332704,0.011678056799449603,0.5112893648294494,0.10543542414231383,0.11217854837982415,0.0,0.9999999987499999,0.6728561404952605,0.28049894693152955,0.2447106185143173,0.3359937786406285,disgust,07,02,02,female,normal,224
20,0.6673333333333333,True,1.0,0.6383004471875227,0.6200013345311117,0.6291508908593172,0.5690296123205394,-0.06245370370370368,-0.0597685185185185,0.31286707018731436,0.26774200205792453,0.19532802793212406,1.1056557993416183,0.018299112656410932,0.0026851851851851793,0.004823545412690573,0.48061430695972257,0.10636623144646226,0.11282648499525409,0.0,0.9999999987499999,0.6688826695443802,0.28082017136273785,0.24599256330600747,0.3376450727838714,disgust,07,02,02,female,normal,224
30,1.0010000000000001,True,1.0,0.589706443100757,0.5662490652049115,0.5779777541528343,0.9523028440910893,-0.056574074074074,-0.055694444444444435,0.3323814536494518,0.4047109239814564,0.19038039609174406,0.6069264181442996,0.023457377895845566,0.0008796296296295636,0.006866947100698164,0.3191714066544984,0.10584194473643846,0.11230516443065823,0.0,0.9999999987499999,0.6684661844503426,0.2795832601473111,0.2533384033627987,0.3533783744267024,disgust,07,02,02,female,normal,224
40,1.3346666666666667,True,1.0,0.5323463738211994,0.4896448541073025,0.510995613964251,0.7484470099123482,-0.05231481481481476,-0.05287037037037029,0.33932221759479836,0.3352418898565728,0.18618037767855122,0.6827412057188851,0.04270151971389691,0.0005555555555555314,0.009440496360912298,0.39898179054190813,0.10549884504252284,0.11313387096839947,0.0,0.9999999987499999,0.6651236663962461,0.2812780853640284,0.25126087820802656,0.3395433862579678,disgust,07,02,02,female,normal,224
50,1.6683333333333334,True,1.0,0.49950774362695777,0.4912536031535086,0.4953806733902332,1.0083867371236972,-0.049537037037037046,-0.051342592592592606,0.3576865669156889,0.4138900786701739,0.18062695257212014,0.4912605998798114,0.00825414047344919,0.0018055555555555602,0.00018301411045163192,0.3204233336072484,0.10534891731676152,0.11427820601743947,0.0,0.9999999987499999,0.6659729693205406,0.28237024162232527,0.25965682446437505,0.36675479349959633,disgust,07,02,02,female,normal,224
60,2.0020000000000002,True,1.0,0.49345213607147126,0.46043215274993143,0.4769421444107014,0.7902171296490179,-0.050000000000000044,-0.048888888888888926,0.3513919087218731,0.34184088232718884,0.18058977894973996,0.6035583468337867,0.033019983321539825,0.0011111111111111183,0.006826594139954767,0.37900516755187036,0.10492236497447237,0.11265856695709095,0.0,0.9999999987499999,0.6701420191670419,0.2808672462713098,0.25638790993037963,0.351121744034377,disgust,07,02,02,female,normal,224
70,2.3356666666666666,True,1.0,0.4511385041111612,0.4439091842533689,0.44752384418226504,0.7007268551035004,-0.04736111111111113,-0.04796296296296304,0.33046329648684336,0.36653397766782536,0.18197840664028841,0.6386566190847128,0.0072293198577922935,0.0006018518518519089,0.0008380916600827071,0.4321641308419617,0.10479833237129955,0.1131113292623218,0.0,0.9999999987499999,0.6704126068317952,0.2814960459223055,0.24991867535272871,0.3412763109308428,disgust,07,02,02,female,normal,224
80,2.6693333333333333,True,1.0,0.48169030136568347,0.4754124848578132,0.4785513931117483,0.8667961659205884,-0.04870370370370358,-0.049259259259259225,0.369873787651268,0.25708887387932894,0.18128409229477535,0.5520921895212799,0.006277816507870293,0.0005555555555556424,0.0022367869728209264,0.35314514016011084,0.10441337087648415,0.11313047053164198,0.0,0.9999999987499999,0.6664335976109194,0.28453149673706335,0.2600939616080372,0.36790026388426356,disgust,07,02,02,female,normal,224
90,3.003,True,1.0,0.47322640937963806,0.46710453011715963,0.47016546974839885,0.858701427227323,-0.05055555555555541,-0.04935185185185176,0.3586561944147582,0.2937519744580545,0.18264557246431648,0.5475307887475218,0.006121879262478425,0.0012037037037036513,0.0012666925649580034,0.35567875724426196,0.1178323805872508,0.10826533537679306,0.0,0.9999999987499999,0.6063509802202132,0.26548281199391466,0.2765316490869836,0.3353401490778333,disgust,07,02,02,female,normal,224
100,3.336666666666667,True,1.0,0.5268551759768708,0.49592018149484646,0.5113876787358587,0.8587014272273235,-0.05250000000000005,-0.05092592592592593,0.35438951779146965,0.2937519744580547,0.1861176699974033,0.5955360763601938,0.03093499448202436,0.0015740740740741166,0.002231542728748703,0.3552458603764149,0.11768184325052566,0.10825309501678519,0.0,0.9999999987499999,0.6063928019489047,0.26393551117088454,0.2744617511139742,0.3309580474967918,disgust,07,02,02,female,normal,224
0,0.0,True,1.0,0.6136972546385071,0.5924559149384317,0.6030765847884694,0.5497238806902998,-0.06074074074074076,-0.05986111111111109,0.31938298401875614,0.23431283533852088,0.19668300026825294,1.097053640877259,0.021241339700075357,0.0008796296296296746,0.0032336476293399496,0.5125871256003841,0.10546686784224661,0.11214898647861765,0.0,0.9999999987499999,0.671027819463723,0.28357003959808674,0.24671736857486964,0.3396634620624991,disgust,07,02,02,female,normal,225
10,0.33366666666666667,True,1.0,0.581176584373452,0.5757481849244147,0.5784623846489334,0.5497238806903001,-0.05986111111111103,-0.05740740740740741,0.32430771002135905,0.2181533294531071,0.19807080072715016,1.052278070806285,0.00542839944903728,0.0024537037037036247,0.0017965827249557115,0.5291221941681387,0.10787959706616691,0.11034926261842877,0.0,0.9999999987499999,0.6681477866459082,0.2728095278262192,0.2394016485116877,0.3426752411675606,disgust,07,02,02,female,normal,225
20,0.6673333333333333,True,1.0,0.5380193884875839,0.5313760303273468,0.5346977094074654,0.5711408879031774,-0.05643518518518531,-0.055046296296296204,0.32226685560600293,0.26095820591233476,0.19669890365235196,0.9361923138973548,0.0066433581602370895,0.001388888888889106,0.0016352082877618432,0.5140202494154902,0.10801147494097028,0.1110810885892472,0.0,0.9999999987499999,0.6655433531615771,0.274107282641246,0.2399429995485769,0.33765003705535673,disgust,07,02,02,female,normal,225
30,1.0010000000000001,True,1.0,0.5059095693801828,0.4761179701560909,0.4910137697681369,1.023472300189652,-0.05435185185185187,-0.053379629629629666,0.3472944675226271,0.3988395303548958,0.19663993831025836,0.4797528664695183,0.029791599224091914,0.0009722222222222077,0.000932197931356949,0.3064087841402913,0.10516003352176068,0.11344887137090574,0.0,0.9999999987499999,0.6680703319843563,0.27691085824472367,0.25300879610877164,0.3638796752051781,disgust,07,02,02,female,normal,225
40,1.3346666666666667,True,1.0,0.4602743266775446,0.4367888844669405,0.44853160557224253,0.7996490650705728,-0.05078703703703702,-0.05115740740740743,0.35206059630842057,0.385016216515461,0.18686435787134414,0.5609105608504119,0.023485442210604113,0.00037037037037040976,0.011899046823771683,0.4066718554659528,0.10703095469195942,0.11202616524200541,0.0,0.9999999987499999,0.6645322479773158,0.28492243947333173,0.2598982668494813,0.35185399641137916,disgust,07,02,02,female,normal,225
50,1.6683333333333334,True,1.0,0.45841214806339264,0.46049675660880046,0.45945445233609655,1.1243091598428518,-0.050787037037036964,-0.05152777777777773,0.345806575586721,0.4481913790512037,0.18757973565010289,0.4086549044929207,0.002084608545407818,0.000740740740740764,0.003713908219303594,0.2891589303947229,0.10641206043285965,0.11295206173531902,0.0,0.9999999987499999,0.6662409365699404,0.28320330008080935,0.26368445348239583,0.364032865846614,disgust,07,02,02,female,normal,225
60,2.0020000000000002,True,1.0,0.39422668208921113,0.3959486559770541,0.39508766903313264,0.9583790422045887,-0.04430555555555549,-0.04574074074074069,0.33910574601849847,0.4096128942860719,0.183367038287288,0.4122457312132999,0.0017219738878429536,0.001435185185185206,0.0015699696425474003,0.33567166929908343,0.10431518011188945,0.11405927544996351,0.0,0.9999999987499999,0.6676115740749424,0.28273844631603345,0.2602284563132862,0.3578282236950356,disgust,07,02,02,female,normal,225
70,2.3356666666666666,True,1.0,0.44969403945390996,0.4197190696111331,0.4347065545325215,0.774061238907246,-0.04685185185185181,-0.047592592592592575,0.2997846507833211,0.3694081330665634,0.18614431309646015,0.5615919421907798,0.029974969842776866,0.000740740740740764,0.0007040080347509074,0.39692552729387,0.1070171376073369,0.11220928288997445,0.0,0.9999999987499999,0.6623607051258003,0.28293521914374575,0.254960949463885,0.341250573930501,disgust,07,02,02,female,normal,225
80,2.6693333333333333,True,1.0,0.43230208152639304,0.443265981418968,0.4377840314726805,1.0093372254142128,-0.045416666666666716,-0.045555555555555516,0.35736232873648904,0.3088161782764152,0.18681209006022537,0.43373415787079717,0.010963899892574958,0.00013888888888879958,0.007744296564081532,0.3193675363741092,0.11788570658748895,0.10873419326070975,0.0,0.9999999987499999,0.6012348852118974,0.26825915476955225,0.28068242080609124,0.3375228908279737,disgust,07,02,02,female,normal,225
90,3.003,True,1.0,0.4875277307338775,0.47235591695615964,0.4799418238450186,0.8059136972142741,-0.04851851851851857,-0.04819444444444437,0.357710982031914,0.24625140748213975,0.18750162759710248,0.5955250860036109,0.015171813777717869,0.00032407407407419875,0.0020582497382794036,0.3768245508356417,0.11655133746457452,0.10929515359356998,0.0,0.9999999987499999,0.6060106223505026,0.26769367276269,0.2722148079883742,0.3244122909757447,disgust,07,02,02,female,normal,225
100,3.336666666666667,True,1.0,0.5091994788103877,0.4751808053885332,0.49219014209946044,0.8353655608858005,-0.048703703703703694,-0.04935185185185187,0.3513883867043575,0.25819039800610427,0.19097262172464527,0.5891913255049136,0.03401867342185455,0.0006481481481481755,0.010254026049121347,0.35839726529645294,0.1191669943113721,0.10732843085021884,0.0,0.9999999987499999,0.6016590765056024,0.26971239648666456,0.2739201024974081,0.3193979076457927,disgust,07,02,02,female,normal,225
0,0.0,True,1.0,0.639095751867302,0.5908674706403423,0.6149816112538222,0.5494232001041193,-0.06050925925925932,-0.059027777777777735,0.3214666838042001,0.21815332945310564,0.19734751940380224,1.1193222476540474,0.04822828122695977,0.0014814814814815835,0.00015050292764788603,0.4963235294117665,0.10482179201618046,0.11308958923707142,0.0,0.9999999987499999,0.6709168396030288,0.2815051278997816,0.24218758911174365,0.3346444586123088,disgust,07,02,02,female,normal,226
10,0.33366666666666667,True,1.0,0.5803597040722797,0.5609983746287108,0.5706790393504952,0.533410807045137,-0.05819444444444455,-0.05578703703703708,0.3272161079836025,0.19393939393939455,0.20015252972733077,1.0698677863536512,0.01936132944356883,0.002407407407407469,0.0008750188995112829,0.5112893648294518,0.10779479563517425,0.11060448998467352,0.0,0.9999999987499999,0.669599583255177,0.27046237529100037,0.2383782107289298,0.34265258619038574,disgust,07,02,02,female,normal,226
20,0.6673333333333333,True,1.0,0.5230181305476789,0.5018713422963856,0.5124447364220323,0.5333411578145056,-0.054907407407407405,-0.05347222222222214,0.3290070379248303,0.21815332945310564,0.19804152448667658,0.9608197846982192,0.021146788251293236,0.0014351851851852615,0.005480538136556724,0.5462163026642977,0.10707088815595608,0.11249721646703677,0.0,0.9999999987499999,0.6687186908200781,0.2716194880701583,0.23350453164180301,0.3363837060242943,disgust,07,02,02,female,normal,226
30,1.0010000000000001,True,1.0,0.47455038471548755,0.4506140556788901,0.46258222019718886,0.9637810336052286,-0.04999999999999999,-0.04999999999999999,0.3531337557701646,0.3463588089518789,0.18619144154760403,0.47996609610255697,0.023936329036597426,0.0,0.005369359710856831,0.31679181754594377,0.11364732801675957,0.112141989239506,0.0,0.9999999987499999,0.6089947367149986,0.2703837852767562,0.2725333152239562,0.3297452185213656,disgust,07,02,02,female,normal,226
40,1.3346666666666667,True,1.0,0.3357502913172432,0.3520498083313482,0.3439000498242957,0.925556836172105,-0.042407407407407505,-0.043749999999999956,0.363071593233464,0.30116125225864243,0.18266562172332237,0.37156016398365005,0.01629951701410498,0.001342592592592451,0.007056283303494357,0.34820040682926084,0.11589381232489283,0.1098187833707055,0.0,0.9999999987499999,0.6108545243566176,0.2720029035527742,0.2802304485091264,0.33335922647211447,disgust,07,02,02,female,normal,226
50,1.6683333333333334,True,1.0,0.34867716343616995,0.3803352480088722,0.36450620572252107,0.9701176257574717,-0.04296296296296298,-0.04337962962962966,0.3620176474616382,0.38057035701785286,0.17916836996525629,0.3757340306418133,0.03165808457270225,0.0004166666666666763,0.0041161594510326065,0.34648258419900924,0.11526261163568807,0.11082544459719852,0.0,0.9999999987499999,0.6144232282991322,0.26853358665178234,0.28119868380007873,0.3375353494345064,disgust,07,02,02,female,normal,226
60,2.0020000000000002,True,1.0,0.42474152025715584,0.4286643390027392,0.4267029296299475,0.6349034330766324,-0.04231481481481475,-0.042407407407407394,0.3382892433914885,0.2936138075943903,0.18195953953629374,0.6720753226395686,0.003922818745583367,9.259259259264407e-05,0.003386589366017759,0.4780777314673249,0.10366295476374397,0.11431954789954415,0.0,0.9999999987499999,0.6729985582905038,0.27933089254652965,0.24936613055750434,0.3351586822296677,disgust,07,02,02,female,normal,226
70,2.3356666666666666,True,1.0,0.3427019735821243,0.35887174583430104,0.35078685970821266,0.8966605229132552,-0.04060185185185178,-0.0429166666666666,0.34534042403438736,0.3864734299516909,0.17777820693070218,0.3912147917123686,0.01616977225217675,0.002314814814814825,0.0006580118863872825,0.34912151283719867,0.11739847700127988,0.10908555473502035,0.0,0.9999999987499999,0.6115156738632953,0.2643118753658499,0.2826402639401589,0.3275658237830306,disgust,07,02,02,female,normal,226
80,2.6693333333333333,True,1.0,0.35657699682908917,0.3656764982971318,0.3611267475631105,1.0009337068160604,-0.04185185185185181,-0.042870370370370336,0.35578379594317056,0.373482726423903,0.17986153529316398,0.36078987559709985,0.009099501468042615,0.0010185185185185297,0.015423362018518962,0.319029850746269,0.10608154381672479,0.11359845426992848,0.0,0.9999999987499999,0.6640302447385205,0.2794084156050648,0.2645535348508162,0.3663523248886917,disgust,07,02,02,female,normal,226
90,3.003,True,1.0,0.4875277307338786,0.465927185184066,0.4767274579589723,0.8635016035010242,-0.047222222222222276,-0.04564814814814805,0.36254882210906353,0.2927124079664489,0.18613734526959486,0.5520863609588038,0.02160054554981261,0.0015740740740742276,0.010422663780145823,0.37220813890104176,0.1160333805257444,0.11036399462640947,0.0,0.9999999987499999,0.6070594244416517,0.2625929481188704,0.2746592006626855,0.3314823801101935,disgust,07,02,02,female,normal,226
100,3.336666666666667,True,1.0,0.45093233253203613,0.4552973314304215,0.4531148319812288,0.5903767838894513,-0.047175925925925954,-0.04754629629629631,0.36711664441482283,0.21599150630101793,0.18822038822814358,0.7675011015779969,0.004364998898385375,0.00037037037037035425,0.010872906612390099,0.5372799862371077,0.11944277134881923,0.10612760826852932,0.0,0.9999999987499999,0.6108644744538441,0.26383583079316186,0.2680093697062941,0.3105214403165729,disgust,07,02,02,female,normal,226
110,3.6703333333333332,True,1.0,0.48797826329752025,0.45574599909711144,0.47186213119731585,0.48297547314463973,-0.04546296296296293,-0.046342592592592546,0.35609383687827595,0.20489868557651333,0.19098660378297827,0.9769898419997082,0.03223226420040881,0.0008796296296296191,0.007436288715053762,0.6675296798703455,0.10694246788964208,0.1114288101542921,0.0,0.9999999987499999,0.6666336830669769,0.2841827066193496,0.2511851774956397,0.329648731741271,disgust,07,02,02,female,normal,226
0,0.0,True,1.0,0.5919362049037259,0.5865065763760668,0.5892213906398964,0.5491505819904782,-0.05847222222222226,-0.05560185185185185,0.3250670811003829,0.25021112741713436,0.1973475194038022,1.0729687083352906,0.005429628527659047,0.002870370370370412,0.01155335449036731,0.5125871256003841,0.10467541424119538,0.11288805531878184,0.0,0.9999999987499999,0.6732059703412616,0.28356967084528995,0.24427972918976584,0.33365055895353735,disgust,07,02,02,female,normal,227
10,0.33366666666666667,True,1.0,0.6023408922682862,0.5624965060268352,0.5824186991475607,0.5541766823734516,-0.05513888888888885,-0.05407407407407405,0.3272528954582426,0.28508198263052964,0.19662713428789932,1.0509621167262992,0.039844386241451035,0.0010648148148147962,0.005490165679720012,0.5299381116831213,0.10711514742061364,0.11074793235645047,0.0,0.9999999987499999,0.6722826304349866,0.27247192271460036,0.24035660153907962,0.34248893222894805,disgust,07,02,02,female,normal,227
20,0.6673333333333333,True,1.0,0.578798489234666,0.5814186776440017,0.5801085834393338,0.7269498868987184,-0.055416666666666614,-0.05379629629629634,0.32485524285233147,0.323063600263717,0.1959891058214574,0.7980035404010688,0.0026201884093356442,0.001620370370370272,0.009377999312421396,0.3999687536616329,0.10614838722118095,0.11218552072771208,0.0,0.9999999987499999,0.6738160701468088,0.2834184983746413,0.2506296499203828,0.3366330005535292,disgust,07,02,02,female,normal,227
30,1.0010000000000001,True,1.0,0.48085196444415146,0.45221151104954227,0.46653173774684686,1.0281525980546566,-0.05222222222222228,-0.050185185185185166,0.3421273465296305,0.4439588619230621,0.18688558749401266,0.45375729111569685,0.02864045339460919,0.002037037037037115,0.008635611508795896,0.32420608960579017,0.10352065268965854,0.11344522027966632,0.0,0.9999999987499999,0.671507452512255,0.2858486541567165,0.2570308565290818,0.3542676253258304,disgust,07,02,02,female,normal,227
40,1.3346666666666667,True,1.0,0.4069247725118636,0.41207780396128796,0.4095012882365758,0.9502306760275955,-0.04268518518518516,-0.04212962962962957,0.3491523977229425,0.33716475095785436,0.17920924427469404,0.43094934584566447,0.005153031449424361,0.0005555555555555869,0.004996643675767899,0.33567166929908343,0.1174729452544943,0.10777495142455183,0.0,0.9999999987499999,0.6146451654255451,0.26927619286369653,0.28240632440891206,0.3311711038213601,disgust,07,02,02,female,normal,227
50,1.6683333333333334,True,1.0,0.41840027331425744,0.43642045263039214,0.4274103629723248,1.060251076124428,-0.045648148148148215,-0.04541666666666677,0.36057867138726085,0.4031814182446086,0.18403814194642587,0.4031218383994974,0.0180201793161347,0.00023148148148144365,0.007457903052758115,0.3010468903369355,0.11716778163518377,0.10968126319396139,0.0,0.9999999987499999,0.6070606708073856,0.2704871614075584,0.28747523827594706,0.34504959173318367,disgust,07,02,02,female,normal,227
60,2.0020000000000002,True,1.0,0.4186763850605943,0.41225445145905215,0.4154654182598232,0.9872355451030668,-0.04379629629629633,-0.045092592592592684,0.3513333559834999,0.3645040913027352,0.18195492727998097,0.42083717540422316,0.00642193360154214,0.001296296296296351,0.007023727425915425,0.32018031891628357,0.1144563490211559,0.1113161492546124,0.0,0.9999999987499999,0.60642355075624,0.2687728265552523,0.27710099025985313,0.332001278218086,disgust,07,02,02,female,normal,227
70,2.3356666666666666,True,1.0,0.4504941664508503,0.4356243241220981,0.4430592452864742,0.7406982653262685,-0.04495370370370366,-0.04467592592592595,0.32420197978273857,0.37032020252735104,0.18055555555555558,0.5981642809590111,0.014869842328752159,0.0002777777777777102,0.009413940208780707,0.41306587519613475,0.1183490320944191,0.10716831396900608,0.0,0.9999999987499999,0.6134474874012105,0.2603277628068534,0.2709099263069948,0.30872003336558934,disgust,07,02,02,female,normal,227
80,2.6693333333333333,True,1.0,0.47487775281550665,0.43642045263039214,0.4556491027229494,0.9196307918913449,-0.04476851851851843,-0.0437499999999999,0.34346168659490467,0.35850013921187923,0.18333999159310863,0.49546960230186016,0.03845730018511451,0.0010185185185185297,0.007378953584879166,0.33411661806057336,0.10727995353879044,0.11161717870635836,0.0,0.9999999987499999,0.6652654445215586,0.2803540635519502,0.2597507344459577,0.3628987316368053,disgust,07,02,02,female,normal,227
90,3.003,True,1.0,0.4350773331331379,0.44198803733342934,0.4385326852332836,0.834277089388784,-0.04495370370370366,-0.04439814814814813,0.35728000853266967,0.2905072007693091,0.1854429990664996,0.5256439267133245,0.00691070420029144,0.0005555555555555314,0.004806182536929832,0.3633665311629395,0.1180845925479445,0.10799019289699487,0.0,0.9999999987499999,0.6047360905768557,0.260990322307558,0.2724538248149422,0.3266582569987699,disgust,07,02,02,female,normal,227
100,3.336666666666667,True,1.0,0.42016454202879444,0.4262748261984571,0.42321968411362576,0.6316224668665333,-0.0439814814814814,-0.04490740740740745,0.35178329529098984,0.1955021921253548,0.18820903826281987,0.6700516626857976,0.006110284169662639,0.0009259259259260522,0.00375337680820301,0.49610738510597546,0.1200268356532756,0.10600714801381539,0.0,0.9999999987499999,0.6020939374343488,0.26043698019684564,0.2680302740936259,0.3101500007102105,disgust,07,02,02,female,normal,227
110,3.6703333333333332,True,1.0,0.42730237128851245,0.45667513281132366,0.44198875204991805,0.6567240785619922,-0.04685185185185187,-0.04648148148148151,0.3544428146826401,0.21640275202975928,0.18819484984356963,0.673020476145365,0.029372761522811208,0.00037037037037035425,0.0069997864960506,0.4735183567420399,0.12051684215858356,0.10563025802611613,0.0,0.9999999987499999,0.6066766500193826,0.2600767162508547,0.27040015159506364,0.31353389032151535,disgust,07,02,02,female,normal,227
0,0.0,True,1.0,0.5953620549793629,0.6004272742860179,0.5978946646326904,0.5444747166635759,-0.05703703703703705,-0.05680555555555561,0.32815411017053603,0.21618849043994953,0.1931566981258072,1.098112816507735,0.005065219306655044,0.00023148148148144365,0.00508511370009015,0.49719422537964425,0.10618791044989764,0.11129545860949938,0.0,0.9999999987499999,0.6732792662221139,0.2806575807409916,0.24494438508810132,0.334577842033748,disgust,07,02,02,female,strong,228
10,0.33366666666666667,True,1.0,0.5551814538108139,0.5403100095116472,0.5477457316612305,0.5396825396825405,-0.05675925925925923,-0.05569444444444438,0.3320486482488491,0.2380952380952386,0.19248957256034352,1.014940620431102,0.014871444299166647,0.0010648148148148517,0.0025024574304038944,0.5294117647058822,0.10534684094301448,0.11158083479635766,0.0,0.9999999987499999,0.670006672598727,0.2803716035072171,0.24248860065565003,0.3321857389332684,disgust,07,02,02,female,strong,228
20,0.6673333333333333,True,1.0,0.47537684637287064,0.4677849423616056,0.47158089436723816,0.8887769310965334,-0.06050925925925926,-0.05819444444444449,0.3321596869826976,0.3412268574745618,0.19312233139743273,0.5305953359808998,0.007591904011265027,0.0023148148148147696,0.003213614676455798,0.3515624999999997,0.10414356465753909,0.1143826779113071,0.0,0.9999999987499999,0.6777518814088135,0.27967906837502576,0.2510076893367648,0.3486111039814074,disgust,07,02,02,female,strong,228
30,1.0010000000000001,True,1.0,0.4757028427414024,0.4765266715611064,0.4761147571512544,1.0421812486857684,-0.053240740740740644,-0.051851851851851816,0.34556866556631655,0.42911877394636005,0.18900558257911235,0.4568444862653726,0.0008238288197039978,0.0013888888888888284,0.011039586319726081,0.30640878414029166,0.10483941808606946,0.11290463118628792,0.0,0.9999999987499999,0.6713350910364145,0.28293846712878046,0.25913082905314816,0.36131595181819226,disgust,07,02,02,female,strong,228
40,1.3346666666666667,True,1.0,0.4290099172022509,0.42103758590068263,0.42502375155146677,0.9340866290018838,-0.048888888888888926,-0.048055555555555574,0.3506999316497328,0.4218455743879483,0.18336703828728795,0.4550153469230418,0.00797233130156827,0.0008333333333333526,0.00932660033036651,0.3360727447492092,0.11674600809561819,0.10926169688091128,0.0,0.9999999987499999,0.6139262426064176,0.26615598966907356,0.28034420310834945,0.33694923906819435,disgust,07,02,02,female,strong,228
50,1.6683333333333334,True,1.0,0.4115891601535411,0.4052610269351696,0.4084250935443553,0.8965112403242331,-0.045787037037037015,-0.045046296296296306,0.3431506931317032,0.3786987135852366,0.18472593936351137,0.45557163722413996,0.006328133218371501,0.0007407407407407085,0.007867624405965178,0.35883620689655227,0.11564595359226426,0.11145575765428271,0.0,0.9999999987499999,0.6053182681510104,0.26868874782994834,0.28220821491007786,0.3297078619377942,disgust,07,02,02,female,strong,228
60,2.0020000000000002,True,1.0,0.43667833649571086,0.428658803783553,0.4326685701396319,1.2143135893385453,-0.04462962962962963,-0.04643518518518519,0.3527300755762648,0.4477781360685884,0.1826426484301614,0.35630711369648177,0.008019532712157884,0.0018055555555555602,0.005596266171640824,0.2745035024395181,0.11591064441486029,0.11066518497436607,0.0,0.9999999987499999,0.6057565705579107,0.27145795196336026,0.28745271526272037,0.341255302745044,disgust,07,02,02,female,strong,228
70,2.3356666666666666,True,1.0,0.38712630806414505,0.3462043391831315,0.36666532362363824,0.8791309762807622,-0.04439814814814813,-0.044768518518518596,0.3523588638332659,0.3408979330136173,0.18333374948165368,0.417077015275752,0.04092196888101357,0.0003703703703704653,0.003980567131923905,0.3687815140225111,0.10535147306326532,0.11377459308600679,0.0,0.9999999987499999,0.6661617216105191,0.283960005431689,0.2593983693316533,0.35034489195960516,disgust,07,02,02,female,strong,228
80,2.6693333333333333,True,1.0,0.424211136580056,0.39525782688220695,0.4097344817311315,0.7170002784237614,-0.04546296296296298,-0.04504629629629636,0.34770955232587875,0.2961522889141625,0.18683863413534252,0.5714565169094262,0.02895330969784904,0.0004166666666666208,0.008317433075126335,0.41576086956521724,0.11554533799875974,0.1108748464411077,0.0,0.9999999987499999,0.6065696939947854,0.26576671150291253,0.2726388783527585,0.3114214738798627,disgust,07,02,02,female,strong,228
90,3.003,True,1.0,0.4565355784784301,0.45699433348223023,0.4567649559803302,0.9169099914486656,-0.04625000000000001,-0.04467592592592584,0.36761082094264247,0.22183306244725723,0.18764683378228275,0.49815680954535957,0.00045875500380010426,0.001574074074074172,0.01471925982452168,0.337231859123679,0.11064612450371705,0.10950591663910467,0.0,0.9999999987499999,0.6294550723414366,0.2713648104360303,0.2668796772514532,0.3426595774665729,disgust,07,02,02,female,strong,228
100,3.336666666666667,True,1.0,0.4346048928500255,0.43058023972534176,0.4325925662876836,0.693561690556389,-0.0463425925925926,-0.04527777777777786,0.36506482777637805,0.1770795805675881,0.18771512723843176,0.6237261546851719,0.0040246531246837525,0.0010648148148147407,0.013890839036680695,0.4355535339560485,0.11650338024679241,0.10934627224993489,0.0,0.9999999987499999,0.6122527950867847,0.26630576031987624,0.2756049152773546,0.3267431492639763,disgust,07,02,02,female,strong,228
110,3.6703333333333332,True,1.0,0.42810900569336063,0.4406369862611337,0.43437299597724716,0.6902693518434552,-0.048240740740740806,-0.045370370370370394,0.35567249219932484,0.18005680422176967,0.19043809459322833,0.6292804320765465,0.012527980567773045,0.002870370370370412,0.0024491536369346248,0.4423261859671943,0.1161884719429189,0.11002768627288428,0.0,0.9999999987499999,0.6065760031825229,0.26702450845023457,0.2680964842945783,0.31579865372613336,disgust,07,02,02,female,strong,228
120,4.0040000000000004,True,1.0,0.4943328422048223,0.46928128449357204,0.4818070633491972,0.6617537967636763,-0.04819444444444443,-0.0471759259259259,0.3547495971520811,0.21054082228884471,0.19242812793720376,0.7280760090920322,0.025051557711250283,0.0010185185185185297,0.004571644045365479,0.47515152081871564,0.10656894381905993,0.11246576000797248,0.0,0.9999999987499999,0.6679866566235869,0.2840887428966146,0.2551947827818906,0.33969817366326727,disgust,07,02,02,female,strong,228
0,0.0,True,1.0,0.5571314774450963,0.5326869542573964,0.5449092158512463,0.5078725320551624,-0.05532407407407414,-0.0534722222222222,0.3362062659013733,0.23012974108749557,0.19584735793088182,1.072925156330489,0.02444452318769985,0.0018518518518519378,0.004262521576654068,0.5800781249999987,0.10522991436777454,0.11186156024269046,0.0,0.9999999987499999,0.6691881343709358,0.2744202432466995,0.23874138376565293,0.3357572376557161,disgust,07,02,02,female,strong,229
10,0.33366666666666667,True,1.0,0.5542440970199389,0.5151826115107718,0.5347133542653554,0.5495701448846702,-0.054537037037037106,-0.052546296296296424,0.33021270714610873,0.242424242424243,0.19517055509459094,0.9729665252787112,0.039061485509167104,0.001990740740740682,0.003987824289226128,0.529339327503207,0.11605129450816815,0.10860485382244033,0.0,0.9999999987499999,0.6174392956166842,0.2602360075790002,0.25680459871708317,0.3158399905821353,disgust,07,02,02,female,strong,229
20,0.6673333333333333,True,1.0,0.5700075754237242,0.5592958882350786,0.5646517318294013,0.5599869252636872,-0.05509259259259258,-0.05407407407407405,0.3347182562950117,0.24796218864912709,0.19028780153576588,1.0083302062160069,0.010711687188645569,0.0010185185185185297,0.00045220801651781793,0.5150122464652045,0.11789108532301815,0.10713972687684462,0.0,0.9999999987499999,0.6178317458076982,0.26225804759313337,0.2623346674239153,0.3159200512868233,disgust,07,02,02,female,strong,229
30,1.0010000000000001,True,1.0,0.5391592874644501,0.529937466934594,0.5345483771995221,1.1736499359579933,-0.05143518518518514,-0.051296296296296284,0.3488391618846859,0.44010667174302387,0.18544999298171577,0.45545810622244554,0.009221820529856095,0.0001388888888888551,0.0004992364460598503,0.2667647503643132,0.11357065739257342,0.11204973336787728,0.0,0.9999999987499999,0.6142395814185049,0.2696208307986436,0.27602586501324383,0.34346933318897976,disgust,07,02,02,female,strong,229
40,1.3346666666666667,True,1.0,0.4123749006385494,0.39703454539255606,0.4047047230155527,0.9646521261346834,-0.048101851851851896,-0.04708333333333331,0.34853757542113495,0.4363206866460205,0.18055597810614282,0.41953437104543156,0.015340355245993365,0.0010185185185185852,0.007894263917359798,0.3306855368427072,0.11392552477237106,0.11134722214117658,0.0,0.9999999987499999,0.6182348672046943,0.2682938129588692,0.2814923152530341,0.3486627082495885,disgust,07,02,02,female,strong,229
50,1.6683333333333334,True,1.0,0.4112238137180156,0.39705418923974395,0.40413900147887977,0.992012022711808,-0.04393518518518513,-0.044768518518518596,0.33371788067188785,0.4559304759032326,0.18056611902358907,0.40739324950327466,0.014169624478271636,0.0008333333333334636,0.002481274124423561,0.32695708806392093,0.11599455216874888,0.10901554473314697,0.0,0.9999999987499999,0.615679581207483,0.2700856826099213,0.2897124426889148,0.3523903312441707,disgust,07,02,02,female,strong,229
60,2.0020000000000002,True,1.0,0.4201513068530091,0.42758715509754475,0.42386923097527696,1.0829135391652547,-0.043240740740740746,-0.0440740740740741,0.3603875964736003,0.39100438425071055,0.1812769376534147,0.39141557995665033,0.007435848244535637,0.0008333333333333526,0.004672182039332359,0.30496666649508475,0.11264040972770288,0.11264709126058024,0.0,0.9999999987499999,0.6089772307829382,0.2719258992740843,0.282310306713245,0.3506648653478947,disgust,07,02,02,female,strong,229
70,2.3356666666666666,True,1.0,0.4524926178003923,0.4203065029202102,0.43639956036030125,0.85791584782339,-0.044629629629629686,-0.04425925925925922,0.36317376113665895,0.3401440290857956,0.18141829471211002,0.5086740867038257,0.03218611488018208,0.0003703703703704653,0.012021240969219546,0.370074586384164,0.10500729909524789,0.11342240631808702,0.0,0.9999999987499999,0.6635572753632702,0.2841595819983419,0.26077461289032094,0.3555203372062559,disgust,07,02,02,female,strong,229
80,2.6693333333333333,True,1.0,0.4365148050237203,0.4096518500060634,0.42308332751489186,0.7788359788359788,-0.04324074074074069,-0.04199074074074066,0.31610195555594367,0.3555555555555556,0.1835346388292238,0.5432251963336587,0.026862955017656898,0.0012500000000000289,0.0031128078154611847,0.37907608695652195,0.10661950078839355,0.11139634342067392,0.0,0.9999999987499999,0.6612219283572803,0.2815704677893969,0.25686260188390336,0.34129982175448315,disgust,07,02,02,female,strong,229
90,3.003,True,1.0,0.38341483765302475,0.3643415264058554,0.37387818202944006,0.9302828530679547,-0.04375000000000001,-0.04444444444444445,0.37293717216848926,0.23980150272748568,0.18349971734954013,0.4018973162801371,0.019073311247169378,0.000694444444444442,0.01611291644582291,0.34414182701573165,0.11508569498821443,0.11032051409474085,0.0,0.9999999987499999,0.6134344928440127,0.2685160727625895,0.2844370637799978,0.3479981469814389,disgust,07,02,02,female,strong,229
100,3.336666666666667,True,1.0,0.4209791676556094,0.407870667883267,0.4144249177694382,0.7636342829455879,-0.04208333333333342,-0.04328703703703701,0.3852437699268567,0.15271886982194258,0.18558118286622644,0.5427007757834881,0.013108499772342408,0.0012037037037035958,0.005013762648632057,0.39031346682549894,0.11513390885919746,0.11009728472717534,0.0,0.9999999987499999,0.6076485471454206,0.26771258465847714,0.2749502772783312,0.33117365674351407,disgust,07,02,02,female,strong,229
110,3.6703333333333332,True,1.0,0.3977205487663679,0.384762716897352,0.39124163283186,0.7632665676630613,-0.040787037037037066,-0.042268518518518594,0.38659109574501016,0.13183005825524044,0.18683863413534252,0.5125884578303328,0.012957831869015946,0.001481481481481528,0.010202888530450795,0.3890410911073139,0.11754796563394107,0.10857406934581647,0.0,0.9999999987499999,0.6090424505739795,0.2672894907223982,0.28004296250775085,0.330419970459211,disgust,07,02,02,female,strong,229
120,4.0040000000000004,True,1.0,0.37179777888801135,0.3661402190923967,0.368968998990204,0.7559465211972901,-0.04351851851851857,-0.044907407407407396,0.38118587343099536,0.15398075240594866,0.18888888888888888,0.48808875845584976,0.005657559795614664,0.0013888888888888284,0.01132297437970116,0.4066497939010972,0.1150396285778718,0.11174098826118462,0.0,0.9999999987499999,0.6091302751491222,0.26791389179300407,0.2724873279306877,0.32516448370914214,disgust,07,02,02,female,strong,229
0,0.0,True,1.0,0.595946916576611,0.5812207778791154,0.5885838472278633,0.5871495438913105,-0.05703703703703711,-0.055972222222222145,0.32136023151861615,0.2527696442778982,0.19662713428789932,1.0024428245776145,0.014726138697495617,0.0010648148148149628,0.0024374586055348193,0.49993897601734877,0.11727845124645538,0.1088651350625689,0.0,0.9999999987499999,0.6103282795930872,0.26471426516327856,0.26128078475631117,0.30945911748590754,disgust,07,02,02,female,strong,230
10,0.33366666666666667,True,1.0,0.5576513306049744,0.5553069917116592,0.5564791611583169,0.5706162914698494,-0.05564814814814806,-0.05444444444444452,0.3271240432697874,0.2282170453073919,0.19666787146554268,0.9752248042636205,0.002344338893315201,0.0012037037037035403,0.004580417480537739,0.5302886629329726,0.10761891915314956,0.11111906814936409,0.0,0.9999999987499999,0.6697863569333985,0.2713914877571803,0.23698697806148747,0.3396441400663511,disgust,07,02,02,female,strong,230
20,0.6673333333333333,True,1.0,0.5278664892055285,0.5254371211877006,0.5266518051966145,0.5432098765432094,-0.05212962962962964,-0.05203703703703705,0.3261146987634593,0.23045267489711857,0.1945715304248572,0.969518095930132,0.002429368017827893,9.259259259258856e-05,0.0016001139254935154,0.5625000000000013,0.10769436184210668,0.11104595217053997,0.0,0.9999999987499999,0.669537928577681,0.2714718665602701,0.23725618170678273,0.33675394549839044,disgust,07,02,02,female,strong,230
30,1.0010000000000001,True,1.0,0.4644682015422871,0.43597594871167095,0.450222075126979,0.9696969696969702,-0.0461111111111111,-0.04722222222222222,0.3291129561050723,0.4040404040404039,0.18685496707656818,0.46429151497469684,0.028492252830616127,0.0011111111111111183,0.00298001715865526,0.3281250000000005,0.11480035426019512,0.11232653808419803,0.0,0.9999999987499999,0.6066162044505303,0.27154312120110147,0.27329025360966686,0.32811587392866454,disgust,07,02,02,female,strong,230
40,1.3346666666666667,True,1.0,0.43282338306656515,0.4056171024529102,0.4192202427597377,0.8736906451697013,-0.04310185185185189,-0.043333333333333335,0.3613506487809928,0.2961663203965089,0.1840480909992488,0.47982686443702327,0.027206280613654932,0.00023148148148144365,0.007830538581786624,0.3622881355932199,0.11608374186356914,0.11048359846147877,0.0,0.9999999987499999,0.6034544677558523,0.27187444717980874,0.28077280748441114,0.3289982478003325,disgust,07,02,02,female,strong,230
50,1.6683333333333334,True,1.0,0.40463806271311914,0.41225445145905215,0.4084462570860856,0.8517902773288665,-0.04393518518518519,-0.043611111111111156,0.36669193176690845,0.33777890307868863,0.18194821833481406,0.4795150496046214,0.0076163887459330115,0.0003240740740740322,0.007328202549039506,0.3689375694378214,0.11799365054280725,0.10914199409917025,0.0,0.9999999987499999,0.6043680377541643,0.26987049802372154,0.2881557454066741,0.33394443532318147,disgust,07,02,02,female,strong,230
60,2.0020000000000002,True,1.0,0.4190218189278683,0.4272586028529012,0.4231402108903847,0.7741249132033227,-0.041157407407407365,-0.03999999999999998,0.3526492125788938,0.32634677713473426,0.18334831407780547,0.5466045642936797,0.008236783925032909,0.0011574074074073848,0.009434577758201326,0.38652706795242703,0.11575639168491533,0.11151203624809547,0.0,0.9999999987499999,0.6111748122686573,0.26623645934752377,0.2843153337868689,0.3233615860064313,disgust,07,02,02,female,strong,230
70,2.3356666666666666,True,1.0,0.38813195915906795,0.361593530134822,0.37486274464694497,0.7944783998026574,-0.04212962962962957,-0.04083333333333333,0.3808930740287502,0.27663477334270525,0.1812706245000569,0.47183503634593227,0.02653842902424597,0.0012962962962962399,0.006475295272855131,0.39334586142393907,0.11323538917921742,0.11204898799363741,0.0,0.9999999987499999,0.6214060787518132,0.2717002120448656,0.2752371618760783,0.33724802391811476,disgust,07,02,02,female,strong,230
80,2.6693333333333333,True,1.0,0.4286588037835524,0.42785686802325995,0.42825783590340616,0.7896956186177772,-0.04300925925925936,-0.042037037037036984,0.3304346318721487,0.34549183314527765,0.1792756451513826,0.5423074736732059,0.0008019357602924715,0.0009722222222223742,0.005655734492609,0.3867187500000006,0.11389056799912411,0.10948526919670147,0.0,0.9999999987499999,0.6265215918085985,0.26650594008501943,0.2577612129024676,0.3098910928417938,disgust,07,02,02,female,strong,230
90,3.003,True,1.0,0.4210903727346703,0.4097459225143784,0.41541814762452434,0.8609237083404468,-0.04250000000000009,-0.0412037037037038,0.37482019913326564,0.26265469068013564,0.18282301549403876,0.48252608634196176,0.011344450220291902,0.0012962962962962954,0.007484308979090642,0.3564000783836562,0.10983884321867454,0.11048820350906453,0.0,0.9999999987499999,0.6281521628260679,0.27017499134066325,0.2570965599923494,0.33562913324242744,disgust,07,02,02,female,strong,230
100,3.336666666666667,True,1.0,0.42116788157506174,0.39989843358708116,0.41053315758107145,0.7621864362267065,-0.04439814814814813,-0.04175925925925933,0.3803025959170057,0.22289102751729375,0.18494058066540367,0.5386256407467235,0.021269447987980583,0.002638888888888802,0.009777413024694589,0.4050406481834833,0.11584382225676848,0.10952416110648154,0.0,0.9999999987499999,0.6151107507221639,0.2652791292940732,0.2664497078925969,0.32771986430567124,disgust,07,02,02,female,strong,230
110,3.6703333333333332,True,1.0,0.4586423877416455,0.42798068082358803,0.44331153428261677,0.689364431253546,-0.042175925925925895,-0.042268518518518594,0.3778496945784167,0.21536724050855505,0.18698557924659692,0.6430728279329635,0.030661706918057474,9.259259259269959e-05,0.00930376013391606,0.4588006588468622,0.11526626710868933,0.10856373777672887,0.0,0.9999999987499999,0.6149066432979442,0.2680890953611488,0.26180705810048394,0.321174020637618,disgust,07,02,02,female,strong,230
0,0.0,True,1.0,0.49640919656528115,0.47702481713834854,0.48671700685181485,0.5506421013042767,-0.049166666666666636,-0.04995370370370378,0.3383604274094676,0.22809370090241557,0.19307491897578208,0.883908087846814,0.019384379426932608,0.0007870370370371416,0.007561880850339763,0.5471043755728727,0.11473887885062248,0.11068117591128801,0.0,0.9999999987499999,0.6083964630383403,0.2689128431954072,0.2539141248927016,0.30077060983784604,disgust,07,02,02,female,strong,231
10,0.33366666666666667,True,1.0,0.5349023500970482,0.5153419991060811,0.5251221746015646,0.5237435486818857,-0.049768518518518656,-0.050416666666666665,0.3363787040805791,0.23012974108749537,0.18960305135840613,1.0026322537492798,0.01956035099096709,0.0006481481481480089,0.005621088203396206,0.5633156518733924,0.11697885828576608,0.10866226405955931,0.0,0.9999999987499999,0.607870280588798,0.2673054207481413,0.2567228031986027,0.30061320867036356,disgust,07,02,02,female,strong,231
20,0.6673333333333333,True,1.0,0.5211806138342303,0.5006233762595927,0.5109019950469116,0.5396145653086094,-0.05023148148148132,-0.050833333333333286,0.33734836763658577,0.24600075771421911,0.18958695516515212,0.9467905944212665,0.020557237574637566,0.0006018518518519644,0.009057890532702674,0.5467475444653527,0.11740120476993779,0.10767630283595302,0.0,0.9999999987499999,0.6114551966802346,0.2679040215161571,0.2569563870682571,0.30124294065411344,disgust,07,02,02,female,strong,231
30,1.0010000000000001,True,1.0,0.24844611217578416,0.2306991128193688,0.2395726124975765,1.0759838191918678,-0.053888888888888875,-0.052083333333333204,0.34946031090731,0.36117649802542934,0.18472222222222218,0.22265447511795367,0.017746999356415355,0.0018055555555556713,0.0009629846881194982,0.29065569050610884,0.11184934270247283,0.11343259500748477,0.0,0.9999999987499999,0.6090138497742847,0.27507536008860084,0.2736823697806126,0.33530539336330134,disgust,07,02,02,female,strong,231
40,1.3346666666666667,True,1.0,0.41094090508653935,0.38856152702863433,0.39975121605758684,0.9322089262606221,-0.04240740740740745,-0.043333333333333335,0.3709293819396119,0.23305223156515464,0.18194486376946223,0.4288214849659426,0.02237937805790502,0.0009259259259258856,0.005488864306481184,0.33398437500000033,0.11473089708381536,0.11137580556602986,0.0,0.9999999987499999,0.6082123479626226,0.2735422239542227,0.2819764445257219,0.33283087244088866,disgust,07,02,02,female,strong,231
50,1.6683333333333334,True,1.0,0.39468428482105483,0.36546339276886514,0.38007383879496,0.9244790591810053,-0.04282407407407396,-0.043287037037037124,0.37763805772974385,0.25600000000000006,0.18333374948165362,0.41112217201725143,0.029220892052189695,0.00046296296296316486,0.0020367975770465567,0.3461408853149015,0.11661281897963771,0.10905499239389117,0.0,0.9999999987499999,0.6081027053477641,0.2734267052113075,0.2906702078080923,0.34226656785069415,disgust,07,02,02,female,strong,231
60,2.0020000000000002,True,1.0,0.4042490615999321,0.40256170168875777,0.4034053816443449,0.9366083051277787,-0.04250000000000004,-0.043055555555555514,0.3832226266314748,0.31919396924158266,0.18472387429425177,0.430708738579154,0.0016873599111743576,0.0005555555555554759,0.0013753486886024116,0.33365579703081333,0.11293951348227707,0.11251666238822514,0.0,0.9999999987499999,0.6125449954122274,0.26763244160540245,0.2812487547287687,0.3507782079584726,disgust,07,02,02,female,strong,231
70,2.3356666666666666,True,1.0,0.36525466449565946,0.3552785182568054,0.3602665913762324,0.828637444412584,-0.04097222222222219,-0.0406481481481481,0.3782860754193797,0.25711498266718685,0.18338368042406805,0.4347698668524727,0.009976146238854067,0.0003240740740740877,0.008798652438941436,0.37007458638416474,0.11362531635300827,0.11165355595363473,0.0,0.9999999987499999,0.6097461073960835,0.27143608097485783,0.28278398841493774,0.3348925740912184,disgust,07,02,02,female,strong,231
80,2.6693333333333333,True,1.0,0.38122911133176884,0.3558342903148677,0.36853170082331826,0.6945867405669913,-0.04194444444444445,-0.04199074074074077,0.33949955036938584,0.2746040602241596,0.18056611902358907,0.5305769305680753,0.02539482101690116,4.629629629632204e-05,0.01312681282361111,0.4447674418604658,0.11648407170542881,0.10936684096489326,0.0,0.9999999987499999,0.6129690633753502,0.26425204923918433,0.27210846869073796,0.312280920012334,disgust,07,02,02,female,strong,231
90,3.003,True,1.0,0.3957149364400948,0.3724661233098335,0.38409052987496417,0.946272917078332,-0.040787037037037066,-0.04046296296296292,0.37804681715185273,0.15285947122034654,0.18059780572044007,0.40589825931071144,0.023248813130261337,0.00032407407407414324,0.004274623525318772,0.3292058311906717,0.11283178420609084,0.11245540247502989,0.0,0.9999999987499999,0.6131164028111245,0.26720367981384746,0.27507815575570765,0.3400986350621603,disgust,07,02,02,female,strong,231
100,3.336666666666667,True,1.0,0.4116285710254703,0.40211335517085356,0.40687096309816195,0.8308122086702436,-0.04310185185185189,-0.04263888888888884,0.3818397966131944,0.16472226046950963,0.18546644821245542,0.48972675034395463,0.009515215854616732,0.00046296296296305384,0.001428096232504331,0.3701267897026761,0.11513776035353444,0.11061119769964141,0.0,0.9999999987499999,0.6112000717865272,0.26580712515589683,0.271226953761654,0.33246903065457,disgust,07,02,02,female,strong,231
110,3.6703333333333332,True,1.0,0.4110745082354905,0.4174683691187092,0.41427143867709987,0.8090568023772714,-0.043935185185185244,-0.04351851851851851,0.37743577094130226,0.1733693147951291,0.1861443130964601,0.5120424640888451,0.006393860883218694,0.0004166666666667318,0.00217419980973589,0.38211391120345783,0.11683588424243671,0.1086407525844767,0.0,0.9999999987499999,0.6070368226743822,0.26667354723226616,0.2720152353792746,0.32400053242493543,disgust,07,02,02,female,strong,231
120,4.0040000000000004,True,1.0,0.3964300118085485,0.40992471001807484,0.4031773609133117,0.7368195878793006,-0.043611111111111156,-0.043981481481481455,0.3773179840089002,0.173369314795129,0.1854429990664996,0.5471859971498976,0.013494698209526368,0.00037037037037029874,0.0037263186656136824,0.4195760593606602,0.11357558090995734,0.11119129755266303,0.0,0.9999999987499999,0.6128708713329082,0.26784033748939823,0.2657213401122331,0.3267607667346192,disgust,07,02,02,female,strong,231
0,0.0,True,1.0,0.6383004471875223,0.5973115380828924,0.6178059926352073,0.5396145653086094,-0.06504629629629627,-0.06000000000000005,0.33050785495810564,0.21425872446077165,0.1925708079176121,1.1449023661581108,0.040988909104629934,0.0050462962962962155,0.009639520844457334,0.5137103028972326,0.10509745972735571,0.11147446189006312,0.0,0.9999999987499999,0.6756162483118249,0.2804843045010797,0.2473544228670701,0.3383432344912745,surprised,08,02,02,female,normal,232
10,0.33366666666666667,True,1.0,0.5980341182932885,0.5973115380828931,0.5976728281880908,0.5349135921107702,-0.06412037037037044,-0.059074074074074,0.33137640441466804,0.21236310084018023,0.1911319565555269,1.1173259326420788,0.000722580210395396,0.0050462962962964375,0.01059894618650504,0.5127974735187316,0.10493433832934626,0.11128615564961836,0.0,0.9999999987499999,0.6771167393129128,0.28037994183085724,0.24815508674415226,0.3404252916110508,surprised,08,02,02,female,normal,232
20,0.6673333333333333,True,1.0,0.3818044070986797,0.37946348115053213,0.38063394412460594,1.2956685499058385,-0.08263888888888898,-0.07958333333333323,0.34346555665859085,0.5273069679849347,0.20086202052809735,0.29377416327058964,0.002340925948147554,0.0030555555555557556,0.007050488097093194,0.22921954029736938,0.1029790812989958,0.11443759956785587,0.0,0.9999999987499999,0.6705426469494047,0.2843962073733259,0.2593116184519826,0.3555438074647529,surprised,08,02,02,female,normal,232
30,1.0010000000000001,True,1.0,0.6773478461387366,0.6693743420619231,0.6733610941003298,0.8142101735599286,-0.07763888888888887,-0.07546296296296295,0.37804424998051817,0.30531539819918674,0.21064316044617196,0.8270113982440532,0.007973504076813409,0.0021759259259259145,0.005528630381207314,0.32811058139477445,0.10576834062442558,0.11169426822598978,0.0,0.9999999987499999,0.6722654286323904,0.2801083689493949,0.2711728879822134,0.369615925949482,surprised,08,02,02,female,normal,232
40,1.3346666666666667,True,1.0,0.5412276518999825,0.5332226508591286,0.5372251513795555,0.9693611513906962,-0.07680555555555552,-0.07226851851851845,0.3167333939818292,0.40382950032964593,0.20430152228090084,0.5542053656769969,0.008005001040853887,0.004537037037037062,0.01617026919885897,0.28120057455515507,0.10542310991985793,0.11269842553491878,0.0,0.9999999987499999,0.6699021620288739,0.2804285573202418,0.2648250826319781,0.3532387213385693,surprised,08,02,02,female,normal,232
50,1.6683333333333334,True,1.0,0.6514308537375093,0.641103522185521,0.6462671879615152,0.8809762582248817,-0.06953703703703695,-0.06578703703703698,0.3588485537662413,0.333918420456205,0.20158919505281486,0.7335807088192225,0.010327331551988284,0.0037499999999999756,0.00568273613049111,0.2998292985777743,0.10573264215810621,0.11274654540415752,0.0,0.9999999987499999,0.6679885325301996,0.2803488903608569,0.26126858268349484,0.3602556305874632,surprised,08,02,02,female,normal,232
60,2.0020000000000002,True,1.0,0.57532755565642,0.5681860694271473,0.5717568125417837,0.8215703230011294,-0.06634259259259262,-0.06231481481481482,0.3444131799473705,0.27634638137310713,0.19737689858370364,0.6959316768565869,0.007141486229272687,0.004027777777777797,0.004494700021138887,0.30681818181818155,0.10623805883217707,0.11193052344424054,0.0,0.9999999987499999,0.6706677118191026,0.28254307494972236,0.2628375964154793,0.3561238068227842,surprised,08,02,02,female,normal,232
70,2.3356666666666666,True,1.0,0.6081050413943059,0.5776475989186058,0.5928763201564559,1.0633612262191166,-0.06819444444444439,-0.06259259259259253,0.3116940203054817,0.4070050939192481,0.19742675586761846,0.5575493120663096,0.030457442475700036,0.005601851851851858,0.013512874303741984,0.2640936341750467,0.10484010643162023,0.11324097891738773,0.0,0.9999999987499999,0.6696461926489345,0.28180990984047977,0.2573371654834123,0.3547381261797519,surprised,08,02,02,female,normal,232
80,2.6693333333333333,True,1.0,0.6291327700363845,0.6155894094802745,0.6223610897583295,0.8264567822977602,-0.06689814814814815,-0.06180555555555556,0.33249455764051283,0.31964924381673226,0.19945861633822345,0.7530473499509645,0.01354336055610994,0.005092592592592593,0.010385266335185103,0.3295314469149568,0.10613474237076873,0.112198429723361,0.0,0.9999999987499999,0.6709185126706932,0.27726117749898743,0.25561604029951307,0.357054689183763,surprised,08,02,02,female,normal,232
90,3.003,True,1.0,0.6120233736557702,0.5639459909532933,0.5879846823045318,0.7354887871055916,-0.06513888888888897,-0.058888888888888935,0.3404258133041128,0.27573257334883816,0.1995446614343497,0.7994475138342481,0.048077382702476856,0.006250000000000033,0.007045407282373555,0.3631815129131785,0.10685571910958214,0.11030955911281135,0.0,0.9999999987499999,0.6677899465723791,0.2781937590647251,0.2537829850420291,0.35042900353806494,surprised,08,02,02,female,normal,232
100,3.336666666666667,True,1.0,0.6209105205090614,0.6098107504004606,0.6153606354547609,0.7072326257494577,-0.06208333333333327,-0.05662037037037043,0.3342296932478033,0.22786826678404984,0.19947429843234002,0.8700965043894298,0.011099770108600748,0.005462962962962836,0.0019207224074835945,0.39996875366163204,0.10564916654986492,0.11214728233532763,0.0,0.9999999987499999,0.66773847999356,0.27831918143342915,0.24636434428461212,0.34138639089344114,surprised,08,02,02,female,normal,232
0,0.0,True,1.0,0.5856627392604158,0.5904992613384049,0.5880810002994104,0.5554855819353319,-0.061111111111111116,-0.057916666666666616,0.33182786770920913,0.18251669120732292,0.19744491779549958,1.0586791438411682,0.004836522077989125,0.0031944444444444997,0.002923525162700145,0.5150787536377127,0.10382459113202944,0.11266093365089237,0.0,0.9999999987499999,0.6735890310186575,0.2836632996266835,0.24412743549167618,0.33804477859087184,surprised,08,02,02,female,normal,233
10,0.33366666666666667,True,1.0,0.6023408922682868,0.5791867689411834,0.5907638306047351,0.5663716814159286,-0.06050925925925932,-0.05731481481481482,0.3329626829301413,0.1730580137659778,0.19879694664620132,1.0430673884114865,0.023154123327103426,0.0031944444444444997,0.0017334710314982872,0.4843749999999998,0.11928986303154303,0.10647853018276768,0.0,0.9999999987499999,0.6115049576158589,0.2665132990189382,0.2642166219834118,0.316949967343425,surprised,08,02,02,female,normal,233
20,0.6673333333333333,True,1.0,0.685907112130667,0.6364731033285449,0.661190107729606,1.175141242937852,-0.07078703703703704,-0.06902777777777769,0.3495603270732372,0.4369114877589449,0.2029135564446335,0.5626473512891363,0.04943400880212212,0.0017592592592593492,0.008252337312525561,0.23832585271566695,0.11804210933673413,0.10821283255704747,0.0,0.9999999987499999,0.6115198911517732,0.26834121724921894,0.2819247529304101,0.3438268087293812,surprised,08,02,02,female,normal,233
30,1.0010000000000001,True,1.0,0.6880129415483287,0.6839170539674178,0.6859649977578732,0.8962350780532594,-0.07995370370370375,-0.07874999999999993,0.356618450615107,0.2938475665748384,0.22030656581295316,0.7653851255720536,0.004095887580910951,0.0012037037037038179,0.0031145586097014338,0.30430327868852525,0.10263441029620969,0.11391362282644893,0.0,0.9999999987499999,0.6707841319105767,0.2873623087291182,0.27364923570496225,0.3731930112103537,surprised,08,02,02,female,normal,233
40,1.3346666666666667,True,1.0,0.7288566366749937,0.6984604778181848,0.7136585572465892,1.085255095575345,-0.08486111111111122,-0.08398148148148149,0.3174099390498631,0.4521239461808203,0.22241988821682007,0.6575952143935754,0.030396158856808908,0.0008796296296297301,0.006187777657808799,0.2646002042115208,0.10222783689331022,0.11510918618447871,0.0,0.9999999987499999,0.6677026169686626,0.28707203709538937,0.29300657040181743,0.383699764784544,surprised,08,02,02,female,normal,233
50,1.6683333333333334,True,1.0,0.7282360465479714,0.6984604778181848,0.713348262183078,0.8800096283724085,-0.08782407407407411,-0.08564814814814814,0.34968868232943845,0.28334142709088506,0.223097645150993,0.8106141560092095,0.029775568729786595,0.00217592592592597,0.010015762321477908,0.295982643814071,0.10295043356026438,0.11379564060174732,0.0,0.9999999987499999,0.6665654537752602,0.2858807326667374,0.29382679556163593,0.39276839086681176,surprised,08,02,02,female,normal,233
60,2.0020000000000002,True,1.0,0.5607759578753222,0.521114213949212,0.5409450859122671,0.7534008231238287,-0.08754629629629623,-0.08671296296296288,0.3449938264211424,0.2937519744580547,0.22373424691106472,0.7180043733816807,0.039661743926110216,0.0008333333333333526,0.005100990164515078,0.3711560630089476,0.10126092888982312,0.11661601712628936,0.0,0.9999999987499999,0.6694841677374076,0.28438934258339515,0.2889386139272817,0.38402982304018196,surprised,08,02,02,female,normal,233
70,2.3356666666666666,True,1.0,0.7015095475886862,0.6693743420619231,0.6854419448253046,1.0328042328042333,-0.08722222222222231,-0.08379629629629631,0.30878064618869994,0.40634920634920624,0.22241988821682002,0.6636707355122055,0.03213520552676308,0.003425925925925999,0.00953574097000915,0.2771246502116052,0.10325791800903099,0.11418606635032615,0.0,0.9999999987499999,0.6639575044939852,0.2865681831077197,0.29074328310642383,0.3867816753130833,surprised,08,02,02,female,normal,233
80,2.6693333333333333,True,1.0,0.6727882468687482,0.6160271764134466,0.6444077116410973,0.8261090164447681,-0.08555555555555555,-0.08226851851851863,0.3378750401481531,0.28056532633973297,0.22379152800427085,0.7800516624480893,0.05676107045530154,0.0032870370370369217,0.005413501268555863,0.34014634674188554,0.1027574620030621,0.11447032556575552,0.0,0.9999999987499999,0.6664161972132603,0.2853415452201174,0.2886140327818547,0.38898725480156254,surprised,08,02,02,female,normal,233
90,3.003,True,1.0,0.6666807312858566,0.6349983509525782,0.6508395411192174,0.748538011695906,-0.08462962962962955,-0.08078703703703694,0.3390532471708676,0.24951267056530238,0.22448541433070224,0.869480949463955,0.031682380333278415,0.0038425925925926196,0.00016605394877130053,0.36387813121887363,0.10105339637401949,0.11482175264693945,0.0,0.9999999987499999,0.6680049533641581,0.28524958805496836,0.2802591864189802,0.37695427720926666,surprised,08,02,02,female,normal,233
100,3.336666666666667,True,1.0,0.6915297651429223,0.6929049183440233,0.6922173417434728,0.714341515677486,-0.0825462962962964,-0.07856481481481492,0.33197027114918204,0.22222222222222265,0.22588907206433517,0.9690285760403684,0.0013751532011010426,0.003981481481481475,0.002579083157434161,0.40058551386401187,0.1032279844500156,0.113543924612066,0.0,0.9999999987499999,0.669044422636242,0.28557883346485385,0.27707213496634164,0.37040651815452386,surprised,08,02,02,female,normal,233
0,0.0,True,1.0,0.6377311568695718,0.6198952361749961,0.628813196522284,0.5079943895098353,-0.06449074074074068,-0.06115740740740744,0.32989733523130255,0.20624530442602743,0.19529521528455354,1.237834923982186,0.017835920694575735,0.0033333333333332438,0.005837020120677162,0.5270181633831186,0.10622668232906005,0.11074353954859524,0.0,0.9999999987499999,0.6768815110028386,0.2832256794947365,0.24941682219807115,0.3425506813840861,surprised,08,02,02,female,normal,234
10,0.33366666666666667,True,1.0,0.6241240257629618,0.6098107504004618,0.6169673880817118,0.5492081204483177,-0.06305555555555564,-0.0585648148148149,0.32516428961493604,0.20999134017141508,0.19529521528455354,1.123376303282046,0.014313275362499933,0.00449074074074074,0.004360899601820823,0.47977941176470623,0.1190855084029392,0.10670703116600523,0.0,0.9999999987499999,0.6125849264940351,0.26558237507300003,0.26711165187633873,0.321327097075139,surprised,08,02,02,female,normal,234
20,0.6673333333333333,True,1.0,0.7495876155368618,0.7088174575826689,0.7292025365597654,1.3327398814075682,-0.07916666666666666,-0.07476851851851851,0.31934214550837486,0.526463745745186,0.20989822065203323,0.5471454308020114,0.04077015795419292,0.004398148148148151,0.00488241749749592,0.2097711908773792,0.10361395569444593,0.11436396026843279,0.0,0.9999999987499999,0.6720921648893934,0.2830269397295,0.2647622440392116,0.3621949323409892,surprised,08,02,02,female,normal,234
30,1.0010000000000001,True,1.0,0.8043422456561178,0.7444712368601256,0.7744067412581217,1.7219269925599479,-0.08800925925925923,-0.08398148148148149,0.2878418074440904,0.7128407442318069,0.2168370286263556,0.449732622000907,0.059871008795992164,0.004027777777777741,0.0068215091420423205,0.1814516129032254,0.10246466530847562,0.11439989467180216,0.0,0.9999999987499999,0.6698747966217736,0.2873161112145089,0.28584608309425696,0.37988245074587007,surprised,08,02,02,female,normal,234
40,1.3346666666666667,True,1.0,0.754091040978176,0.7149322107100515,0.7345116258441138,0.8173739713559663,-0.08638888888888907,-0.08273148148148152,0.3392339996248462,0.29072847831068394,0.22166549457101006,0.898623704184769,0.0391588302681245,0.0036574074074075535,0.003489229887653329,0.3250124787621648,0.10176466326614812,0.11518854454859231,0.0,0.9999999987499999,0.6703522670318126,0.289909253152387,0.29040091306298377,0.3785089454349088,surprised,08,02,02,female,normal,234
50,1.6683333333333334,True,1.0,0.7101774107621219,0.7069454968358696,0.7085614537989957,0.8744621043231067,-0.08384259259259258,-0.08212962962962977,0.3698541353605072,0.2795411644967309,0.2244555045278508,0.8102826300831762,0.0032319139262523278,0.0017129629629628051,0.0033683805970833283,0.31352459016393486,0.10230829469157245,0.11503768172871798,0.0,0.9999999987499999,0.6681169994794794,0.2785330980350591,0.2905619501324733,0.40105147855939677,surprised,08,02,02,female,normal,234
60,2.0020000000000002,True,1.0,0.6949720347967724,0.681686678107359,0.6883293564520656,0.7407063340715387,-0.08490740740740738,-0.0820833333333334,0.35763943191538505,0.2444176236802159,0.22514948647457675,0.9292877957022918,0.013285356689413441,0.002824074074073979,0.006840354205738097,0.3487279327587038,0.10167438856967709,0.11477131327696233,0.0,0.9999999987499999,0.664046947833821,0.29164415747922795,0.293017293870252,0.38310780738553135,surprised,08,02,02,female,normal,234
70,2.3356666666666666,True,1.0,0.6986784301952753,0.6556804512495369,0.6771794407224061,0.9621554201545792,-0.08773148148148158,-0.08388888888888896,0.32319746672717337,0.3180005202205817,0.22588907206433514,0.7038150246179675,0.042997978945738424,0.0038425925925926196,0.0013028971778623654,0.286518706150982,0.10220410086259069,0.11513026164635908,0.0,0.9999999987499999,0.665080215406475,0.2901137144137074,0.29528179288688733,0.3913707332273833,surprised,08,02,02,female,normal,234
80,2.6693333333333333,True,1.0,0.7043678617765847,0.7094096195027063,0.7068887406396456,0.8164477461841599,-0.08666666666666673,-0.0836574074074074,0.32962350127815754,0.2881405027509888,0.2258731972749911,0.8658101439356513,0.005041757726121587,0.0030092592592593226,0.010748644816577148,0.33086222920152386,0.10137609888625669,0.11520037397729362,0.0,0.9999999987499999,0.6671829842483868,0.2867682202084815,0.29136122273915255,0.38903667659072316,surprised,08,02,02,female,normal,234
90,3.003,True,1.0,0.6946384919372417,0.692607588135527,0.6936230400363843,0.7142515425660166,-0.08583333333333332,-0.08134259259259269,0.3320120889072555,0.23012974108749412,0.2258296203099505,0.9711187147660578,0.0020309038017146674,0.004490740740740629,0.0026954114964703427,0.38746973010970764,0.10309996436641515,0.11349243582906438,0.0,0.9999999987499999,0.668486223567552,0.2872590913257235,0.2893213898521759,0.3861210694896425,surprised,08,02,02,female,normal,234
100,3.336666666666667,True,1.0,0.7093269761389736,0.7070132286986801,0.7081701024188268,0.6523087594268324,-0.08643518518518523,-0.0818518518518519,0.32525157394518645,0.22015420630655552,0.22655194007425355,1.0856363527006418,0.0023137474402934455,0.004583333333333328,0.0018223834289141341,0.43665375746264895,0.10353694746539059,0.11443368268305296,0.0,0.9999999987499999,0.6674984723655086,0.28680100637807193,0.2860344931764394,0.3791540899227294,surprised,08,02,02,female,normal,234
0,0.0,True,1.0,0.6277239322710865,0.6213558641581617,0.6245398982146241,0.5494983856753274,-0.06606481481481485,-0.06055555555555553,0.32460742911930307,0.23431283533852232,0.19324673365914027,1.1365636633255465,0.006368068112924785,0.005509259259259325,0.008884097630166602,0.4631719115653053,0.10418041082821843,0.11233197983918362,0.0,0.9999999987499999,0.6757703853494523,0.2807600996802,0.24513295999995383,0.3450818157076322,surprised,08,02,02,female,normal,235
10,0.33366666666666667,True,1.0,0.627723932271088,0.6073696079328345,0.6175467701019612,0.5495086833287367,-0.06523148148148145,-0.059907407407407465,0.3247345511546958,0.24229770019778807,0.191842128769665,1.1238162177184772,0.02035432433825357,0.005324074074073981,0.00689260723534924,0.4795169884648751,0.1053809733226584,0.11069132899375506,0.0,0.9999999987499999,0.6758084234553197,0.2804689186953289,0.24812310266979232,0.3448789860758285,surprised,08,02,02,female,normal,235
20,0.6673333333333333,True,1.0,0.676638832635422,0.6846956562669152,0.6806672444511686,1.4181052277834554,-0.08652777777777781,-0.08537037037037043,0.30873384328592196,0.6150252929013801,0.20991457664480515,0.4799835943874726,0.008056823631493182,0.0011574074074073848,0.008399642994790261,0.20329457955537886,0.10140868084368505,0.1151716937423378,0.0,0.9999999987499999,0.6748973542307548,0.2812826825058403,0.28162409769983043,0.38521112608052777,surprised,08,02,02,female,normal,235
30,1.0010000000000001,True,1.0,0.7309677668011226,0.6871416503931028,0.7090547085971127,1.507445620395891,-0.09092592592592585,-0.08537037037037043,0.29465267667538914,0.6281023418316208,0.2204301631293916,0.4703683496131012,0.04382611640801981,0.005555555555555425,0.01151471191067643,0.2008928571428573,0.10006950180166602,0.11633715828929413,0.0,0.9999999987499999,0.672974381690176,0.2818555810010949,0.2922662815170645,0.3948117532331211,surprised,08,02,02,female,normal,235
40,1.3346666666666667,True,1.0,0.6741297206868712,0.715851433499622,0.6949905770932465,0.8194103232599256,-0.08777777777777779,-0.0863888888888889,0.3399765036561371,0.28595617148272995,0.22234612719338814,0.8481594109387224,0.04172171281275083,0.001388888888888884,0.0008661290581153571,0.3294757895701356,0.10245331645858018,0.11507422506545238,0.0,0.9999999987499999,0.6694437665144183,0.28568877983773816,0.3001917621227733,0.3972581409007792,surprised,08,02,02,female,normal,235
50,1.6683333333333334,True,1.0,0.7050202930846518,0.6715488700081499,0.6882845815464008,0.9616814653377803,-0.08708333333333346,-0.08361111111111114,0.36074064618831336,0.3715452542723902,0.2223735760137619,0.7157095216602186,0.03347142307650186,0.003472222222222321,0.001878295782960575,0.29866916005312416,0.10140844836754609,0.11599605996514295,0.0,0.9999999987499999,0.6711911965645633,0.28496233509292057,0.3046239695074717,0.4085107618900963,surprised,08,02,02,female,normal,235
60,2.0020000000000002,True,1.0,0.6993454926210255,0.6729232887195854,0.6861343906703055,0.8275339268076044,-0.08856481481481482,-0.08587962962962964,0.34394791401483177,0.3141393554514288,0.22512237611689256,0.8291314330969136,0.026422203901440122,0.0026851851851851793,0.001183333774585495,0.31248304716954267,0.10044913707584663,0.11650116863323798,0.0,0.9999999987499999,0.6673961386273259,0.2877995840407148,0.30280561964135766,0.40139322048301673,surprised,08,02,02,female,normal,235
70,2.3356666666666666,True,1.0,0.7170842440793868,0.711400254712238,0.7142422493958124,0.9458921817110314,-0.08541666666666664,-0.08407407407407413,0.3210429667675822,0.39953911514893514,0.2217260628617224,0.7550990093858417,0.005683989367148756,0.0013425925925925064,0.005513925944341129,0.3006324138320328,0.10255906498827688,0.11514556641052458,0.0,0.9999999987499999,0.6675765569899836,0.2857743289573561,0.302807168769007,0.4024714566457934,surprised,08,02,02,female,normal,235
80,2.6693333333333333,True,1.0,0.7111814567758515,0.7171046801450518,0.7141430684604517,0.7451873408420409,-0.08703703703703713,-0.08398148148148143,0.32890497451139483,0.2933184213952717,0.22447012004306702,0.9583403116503428,0.005923223369200259,0.0030555555555557,0.010492942895285823,0.3829787234042557,0.10227491062979041,0.11523281643418079,0.0,0.9999999987499999,0.670382491988983,0.28343895490782384,0.29351601565690205,0.3962743610167681,surprised,08,02,02,female,normal,235
90,3.003,True,1.0,0.680622312565968,0.645127732823678,0.662875022694823,0.7526562259761187,-0.08699074074074076,-0.08324074074074073,0.3262939698514909,0.28024433945919347,0.2251494864745768,0.8807141956942446,0.03549457974228998,0.003750000000000031,0.0009360274604985454,0.3710106382978734,0.10137859133043345,0.11519818058425792,0.0,0.9999999987499999,0.6707111466305273,0.2840222901564871,0.2916480831485135,0.3909476514916084,surprised,08,02,02,female,normal,235
100,3.336666666666667,True,1.0,0.6616738260550092,0.6532990674163287,0.6574864467356689,0.7078770028005992,-0.08763888888888882,-0.08402777777777776,0.33518520845967403,0.25955490102688544,0.22648626208389835,0.9288145315279798,0.008374758638680535,0.003611111111111065,0.001011399367996534,0.40061680838488717,0.10246661071324095,0.11456457207233135,0.0,0.9999999987499999,0.6706594730704784,0.2859262732534395,0.29376508092252246,0.39078201338999063,surprised,08,02,02,female,normal,235
0,0.0,True,1.0,0.6277239322710868,0.6200013345311117,0.6238626334010993,0.5396884086215887,-0.06671296296296292,-0.06310185185185191,0.32395252207367203,0.23012974108749412,0.19876470665850143,1.1559681909687458,0.007722597739975079,0.0036111111111110095,0.005346841479064019,0.49625561953425734,0.1045362417275071,0.11234061489750521,0.0,0.9999999987499999,0.6738104137905163,0.2817203472171777,0.2495166045392082,0.3412432517438042,surprised,08,02,02,female,strong,236
10,0.33366666666666667,True,1.0,0.6627541260112847,0.6484965869892448,0.6556253565002648,0.5400747718483172,-0.06666666666666665,-0.0633333333333333,0.3233464589454358,0.22211032784341556,0.20013766319340198,1.2139529388801011,0.014257539022039856,0.003333333333333355,0.0029480052048786024,0.47918956408651897,0.10705342840999285,0.11080759357461349,0.0,0.9999999987499999,0.6710185854732519,0.28370771233893366,0.254437700889816,0.34357943195326096,surprised,08,02,02,female,strong,236
20,0.6673333333333333,True,1.0,0.766402787061556,0.7351433763242827,0.7507730816929193,1.8621913184823886,-0.08824074074074073,-0.08458333333333334,0.3046909582389861,0.770259974567432,0.2175631936896882,0.4031664599879938,0.03125941073727323,0.003657407407407387,0.007430175028507403,0.1585206546860331,0.10485987273960781,0.11372636525736524,0.0,0.9999999987499999,0.6678399989292593,0.2841022390301873,0.2823237152904953,0.3742861561961809,surprised,08,02,02,female,strong,236
30,1.0010000000000001,True,1.0,0.7224682727356784,0.7211385235192249,0.7218033981274516,0.8681692220888084,-0.08763888888888888,-0.08597222222222223,0.36848760897587574,0.296268163694644,0.22724588624844294,0.8314086467967596,0.0013297492164534574,0.0016666666666666496,0.0001515725589310975,0.2950583426614233,0.10426058972406535,0.11460897168646134,0.0,0.9999999987499999,0.6681433879567451,0.2808953551501451,0.2959921787873433,0.3903915899357609,surprised,08,02,02,female,strong,236
40,1.3346666666666667,True,1.0,0.6368623081154723,0.622891513589422,0.6298769108524471,0.9183348847412032,-0.09240740740740738,-0.08865740740740746,0.32656719591137523,0.31128581405489336,0.23972372613255596,0.6858902142544148,0.013970794526050323,0.00374999999999992,0.006110512231381622,0.2974749654670572,0.10540618492206927,0.11455848648716152,0.0,0.9999999987499999,0.6581750244160165,0.2880579898945488,0.31308158871988934,0.39977232867524654,surprised,08,02,02,female,strong,236
50,1.6683333333333334,True,1.0,0.7493780454815596,0.716195305398249,0.7327866754399044,1.8458203288818666,-0.09277777777777779,-0.08865740740740746,0.3029725575317435,0.7244875627459874,0.22929979561125022,0.39699783558229684,0.03318274008331057,0.00412037037037033,0.0018703104261050775,0.16847439275201098,0.10407413148444383,0.11560528471691776,0.0,0.9999999987499999,0.658855960774935,0.2915872749919898,0.31625176970990765,0.41224023762741624,surprised,08,02,02,female,strong,236
60,2.0020000000000002,True,1.0,0.7407075472782082,0.7432441732980462,0.7419758602881272,0.5895138709327424,-0.0868518518518519,-0.08532407407407405,0.3444778594483881,0.14353982529437367,0.2286488034547767,1.258623243443205,0.002536626019837951,0.00152777777777785,0.0034497874030820002,0.4355394780042096,0.10198329588335353,0.11647656577090329,0.0,0.9999999987499999,0.6632146001838235,0.2890262382356119,0.29947323699218886,0.39121677130625043,surprised,08,02,02,female,strong,236
70,2.3356666666666666,True,1.0,0.6943091439420351,0.6734493833096085,0.6838792636258217,0.886047162544075,-0.08712962962962972,-0.08509259259259255,0.3273095650221662,0.2819093541071247,0.23207597993952744,0.7718316727771286,0.02085976063242667,0.0020370370370371704,0.0037901270215866885,0.29879615637561335,0.10285411354736268,0.1153785354572382,0.0,0.9999999987499999,0.6639310727494123,0.2892594180863651,0.30492533404431554,0.39757640645924963,surprised,08,02,02,female,strong,236
80,2.6693333333333333,True,1.0,0.6767446514070953,0.6080740563054263,0.6424093538562607,0.934650235627499,-0.08398148148148155,-0.08060185185185181,0.3392723652287994,0.2726063187246874,0.23418551046268307,0.6873259422279655,0.06867059510166895,0.0033796296296297323,0.002446549306332269,0.3191854324335269,0.10355925237219499,0.11540828460738199,0.0,0.9999999987499999,0.6583430638818026,0.27920133193849184,0.2999531749027557,0.416421361513413,surprised,08,02,02,female,strong,236
90,3.003,True,1.0,0.6514719479077442,0.5939500387439224,0.6227109933258332,0.8095238095238108,-0.08254629629629634,-0.07814814814814802,0.33232571768436847,0.2222222222222228,0.23554626318558833,0.7692312270495575,0.05752190916382183,0.0043981481481483176,0.007024718389046315,0.35348541916313614,0.10258398427714518,0.1154538753794662,0.0,0.9999999987499999,0.6611146964879703,0.27587400835772613,0.290423645269283,0.40988816584729165,surprised,08,02,02,female,strong,236
100,3.336666666666667,True,1.0,0.669391782294123,0.6232346477151129,0.646313215004618,0.717315342030968,-0.08310185185185182,-0.07986111111111105,0.3388529936451923,0.2105007215378485,0.23345134112478363,0.9010168570696977,0.04615713457901005,0.0032407407407407662,0.002829126015776582,0.37967053445721705,0.09113729799448807,0.1134891525899826,0.0,0.9999999987499999,0.706030119110144,0.2941986793863122,0.26725275534379134,0.40876305113818623,surprised,08,02,02,female,strong,236
110,3.6703333333333332,True,1.0,0.6585323670828559,0.6324093842151479,0.645470875649002,0.7709455815747154,-0.08240740740740748,-0.07768518518518513,0.33630481646002636,0.2045231071779749,0.23414543557396245,0.8372457032966948,0.026122982867707978,0.00472222222222235,0.009984578405260744,0.36788915584835286,0.10523041695513854,0.11405373384189889,0.0,0.9999999987499999,0.6666270442239395,0.27140118844092165,0.2845820106828595,0.3961648611415012,surprised,08,02,02,female,strong,236
0,0.0,True,1.0,0.6553355243468119,0.6199310501948861,0.637633287270849,0.5654343095633222,-0.06435185185185183,-0.059814814814814765,0.3217667406735749,0.2099913401714165,0.2050937402197337,1.1276876490980627,0.03540447415192571,0.004537037037037062,0.009759368396025885,0.4660112492441277,0.12061301652941324,0.10515870388610687,0.0,0.9999999987499999,0.6164323069540315,0.2640681318000559,0.27109027063838353,0.32760341605889604,surprised,08,02,02,female,strong,237
10,0.33366666666666667,True,1.0,0.640142848129102,0.6328562197189899,0.636499533924046,0.5449353454010863,-0.06680555555555556,-0.06231481481481482,0.32026015039582784,0.20810147420904782,0.20575180537213686,1.168027618864704,0.007286628410112184,0.00449074074074074,0.004350402906208837,0.480089121440637,0.10726271043882386,0.11094898905591048,0.0,0.9999999987499999,0.6727389283213285,0.2822407495319112,0.25406721177296576,0.3388685612432337,surprised,08,02,02,female,strong,237
20,0.6673333333333333,True,1.0,0.7232602798660169,0.7301616091611874,0.7267109445136022,1.6790378765306544,-0.08236111111111111,-0.07958333333333334,0.3115471029425955,0.6748971193415637,0.2154991624962354,0.43281390769765316,0.006901329295170511,0.002777777777777768,0.007342953247360595,0.1712341638671409,0.10412921882783178,0.11439573790981689,0.0,0.9999999987499999,0.6654739165197329,0.28279368141073924,0.2768923715310379,0.3663618773462046,surprised,08,02,02,female,strong,237
30,1.0010000000000001,True,1.0,0.705668873462288,0.6890761250181029,0.6973724992401955,0.8403711993139212,-0.0883796296296297,-0.08574074074074084,0.37013559668396645,0.26174383557977227,0.229993838085903,0.8298386472662678,0.016592748444185124,0.0026388888888888573,0.0073203106715545065,0.3227321805551828,0.1053672320397634,0.11409445742810155,0.0,0.9999999987499999,0.6651674069706008,0.28261786618321444,0.30301564887120397,0.39460059388917024,surprised,08,02,02,female,strong,237
40,1.3346666666666667,True,1.0,0.2136511856442557,0.2108271011011431,0.2122391433726994,0.8125209494877984,-0.09620370370370374,-0.09467592592592583,0.31970834598679576,0.2467026712795515,0.23765542817083407,0.261210672175889,0.002824084543112587,0.0015277777777779056,0.0019400946845616548,0.3657213809042179,0.10587351357951819,0.11362481210509025,0.0,0.9999999987499999,0.6559226583992972,0.2751392399455624,0.28991927073931933,0.3724090866844477,surprised,08,02,02,female,strong,237
50,1.6683333333333334,True,1.0,0.6880129415483293,0.6682751873365813,0.6781440644424552,1.3612165967311236,-0.08356481481481476,-0.08263888888888893,0.32444526275285884,0.45639792426211423,0.22928681894000524,0.49818968272277586,0.01973775421174795,0.0009259259259258301,0.0015983163133480402,0.21837757126145751,0.10453893066551842,0.11568029441551535,0.0,0.9999999987499999,0.6606126933429622,0.2756895102633417,0.28932313522856845,0.3862980994836393,surprised,08,02,02,female,strong,237
60,2.0020000000000002,True,1.0,0.6901184626915295,0.6734262861374513,0.6817723744144903,0.5639339284878012,-0.07560185185185192,-0.0696296296296296,0.331002783489114,0.17229211434699665,0.2196446102742584,1.2089578937778669,0.016692176554078286,0.005972222222222323,0.007254346562115644,0.4695150136229613,0.10888108703385804,0.11108967362174423,0.0,0.9999999987499999,0.6666187886404561,0.27216026500571955,0.25993317844204983,0.3538534871180016,surprised,08,02,02,female,strong,237
70,2.3356666666666666,True,1.0,0.6325016774565368,0.63926604867393,0.6358838630652335,0.960324769585235,-0.0677314814814815,-0.06393518518518515,0.31172842546650426,0.3032014043205623,0.2154651725896297,0.6621550158910013,0.00676437121739315,0.003796296296296353,0.0017844058550991514,0.2882710171215058,0.108117507257649,0.1111494288468226,0.0,0.9999999987499999,0.6657577671693677,0.2733810418292721,0.2607017714410067,0.3555811945775507,surprised,08,02,02,female,strong,237
80,2.6693333333333333,True,1.0,0.6769500784930336,0.6693743420619231,0.6731622102774784,0.9120385390100162,-0.06555555555555559,-0.05935185185185182,0.32843874235235376,0.2959548703231512,0.2071393783918461,0.7380852688617422,0.007575736431110425,0.006203703703703767,0.0128715563114262,0.3157279848686139,0.10630424981241914,0.11271598570033786,0.0,0.9999999987499999,0.6666794423394357,0.2738026684021742,0.2519680016720383,0.359178395211995,surprised,08,02,02,female,strong,237
90,3.003,True,1.0,0.6984560111615884,0.6777927700743163,0.6881243906179524,0.8804753579371396,-0.068425925925926,-0.06129629629629635,0.32802225117849226,0.2721326970426004,0.2113368606424551,0.781537364350724,0.020663241087272133,0.007129629629629652,0.0034780395675443384,0.3272556127250064,0.10805480370373644,0.11052300446074642,0.0,0.9999999987499999,0.6675305151201105,0.27235381737774406,0.2510262161283426,0.3597149735652626,surprised,08,02,02,female,strong,237
100,3.336666666666667,True,1.0,0.676086395018082,0.6827504325183739,0.679418413768228,0.7843824797110246,-0.06953703703703701,-0.06277777777777777,0.3257663696722081,0.24011708562582307,0.21131917059170924,0.8661825465792319,0.006664037500291875,0.006759259259259243,0.009406060172635036,0.355867346938775,0.10704658414228886,0.1114997934594279,0.0,0.9999999987499999,0.667957064161602,0.28123245922403567,0.25726237043821604,0.3506980037093998,surprised,08,02,02,female,strong,237
110,3.6703333333333332,True,1.0,0.7245369737685547,0.6852991695713215,0.7049180716699381,0.7596503580349355,-0.06851851851851848,-0.06138888888888888,0.3240385053463929,0.24242424242424157,0.21196434753034096,0.9279506870679572,0.03923780419723322,0.007129629629629597,0.004511993723161539,0.35901684221246816,0.10537130081897306,0.11189877769231411,0.0,0.9999999987499999,0.6724146106723939,0.27944642706507267,0.25392514253054577,0.34610564097098423,surprised,08,02,02,female,strong,237
0,0.0,True,1.0,0.6383004471875227,0.625532095562773,0.6319162713751478,0.5123289167087125,-0.06782407407407415,-0.06328703703703709,0.32468885361550653,0.22410927991743473,0.19669890365235196,1.2334191000474553,0.012768351624749652,0.004537037037037062,0.008761313113600355,0.5106436952577914,0.10365934225494566,0.11230521188030937,0.0,0.9999999987499999,0.67803276226897,0.2816285805002199,0.24820736335153018,0.3445070463626327,surprised,08,02,02,female,strong,238
10,0.33366666666666667,True,1.0,0.6516756852677613,0.6410033480555032,0.6463395166616323,0.586915462628454,-0.06782407407407415,-0.06254629629629632,0.3201292039733003,0.24451826282934705,0.1966678714655428,1.1012480635065438,0.010672337212258132,0.005277777777777826,0.004984147603946328,0.43744660401518043,0.10534409104627798,0.11158343099129771,0.0,0.9999999987499999,0.6806609044164541,0.27952506873290456,0.2513087611418113,0.34429433395222875,surprised,08,02,02,female,strong,238
20,0.6673333333333333,True,1.0,0.7016220373248098,0.6815791243241186,0.6916005808244642,1.5118487242951733,-0.08018518518518519,-0.07953703703703707,0.3151538513484996,0.6229669804886457,0.20786840936191575,0.4574535598109458,0.020042913000691165,0.0006481481481481199,0.005513994273331295,0.18542539125439494,0.1027936706968722,0.11443781148392385,0.0,0.9999999987499999,0.6751418247924169,0.27941740775472285,0.263985263806432,0.362222249880552,surprised,08,02,02,female,strong,238
30,1.0010000000000001,True,1.0,0.7047103371384976,0.6735582862932776,0.6891343117158877,1.6032423433562764,-0.08634259259259258,-0.08462962962962961,0.299783404028046,0.6709220676001799,0.21753092920897316,0.42983789354841573,0.031152050845219992,0.0017129629629629717,0.0005235387600675095,0.18342391304347827,0.10020632084615515,0.11687321610374336,0.0,0.9999999987499999,0.6730450104104142,0.2808631331417596,0.280192487038238,0.37847302544589273,surprised,08,02,02,female,strong,238
40,1.3346666666666667,True,1.0,0.7511334020678678,0.7286697366424095,0.7399015693551387,0.9460179828901297,-0.07212962962962954,-0.06898148148148131,0.3201508891583931,0.37512742099898067,0.2112859526178454,0.7821220978217607,0.0224636654254583,0.003148148148148233,0.002808183097626089,0.3006324138320332,0.10555462561358563,0.11308182912050103,0.0,0.9999999987499999,0.6683519084899586,0.2853160730288919,0.2786668127879506,0.36143192749196434,surprised,08,02,02,female,strong,238
50,1.6683333333333334,True,1.0,0.6913601640562055,0.6874425853424333,0.6894013746993194,0.8681692220888084,-0.07962962962962966,-0.0803240740740741,0.37479044812446144,0.296268163694644,0.22103224139503067,0.7940864029257165,0.003917578713772185,0.000694444444444442,0.0008636023595902516,0.3218074322041904,0.10369011307876211,0.11529072537570731,0.0,0.9999999987499999,0.6690542794227065,0.2842775076801906,0.28892049174112894,0.3857687161577149,surprised,08,02,02,female,strong,238
60,2.0020000000000002,True,1.0,0.28696021278117073,0.2855704215129635,0.28626531714706716,0.9311242546606632,-0.09930555555555548,-0.09643518518518512,0.36813953886160555,0.24688900691760032,0.22655194007425355,0.307440511525922,0.0013897912682072078,0.0028703703703703565,0.002194133827411071,0.3071920654990964,0.1005354589117083,0.11756657929207545,0.0,0.9999999987499999,0.6647017775860344,0.28827135937727477,0.28157217616018526,0.36055706216464284,surprised,08,02,02,female,strong,238
70,2.3356666666666666,True,1.0,0.6762034240048983,0.6518173632477899,0.6640103936263442,0.8575427885773471,-0.08370370370370372,-0.08263888888888887,0.3126694216752127,0.2606098986250714,0.2286194383400635,0.7743175063344994,0.024386060757108363,0.0010648148148148517,0.003015627568631036,0.3003468543383154,0.10481847765932834,0.11376451910470517,0.0,0.9999999987499999,0.6602682784520058,0.2885395768170678,0.2847943447680421,0.3657809366547271,surprised,08,02,02,female,strong,238
80,2.6693333333333333,True,1.0,0.6057954191767114,0.5984435950388698,0.6021195071077906,0.864945488405568,-0.08236111111111111,-0.07759259259259255,0.3370520939878389,0.22391392071136376,0.23415814298856855,0.696135785640933,0.007351824137841634,0.004768518518518561,0.0057288723619262,0.34144896320925955,0.10483651610181956,0.11458230096780805,0.0,0.9999999987499999,0.6592400347091961,0.2768610963647604,0.288770522441201,0.3899243419061714,surprised,08,02,02,female,strong,238
90,3.003,True,1.0,0.6241506562013519,0.607572301294296,0.6158614787478239,0.8105694737560363,-0.07800925925925922,-0.07268518518518513,0.3346848527557093,0.21821747604201355,0.23005221369557508,0.7597886408107997,0.016578354907055948,0.005324074074074092,0.007270234465127182,0.35695027034157967,0.10536799373409256,0.11325575023770337,0.0,0.9999999987499999,0.6602004744944854,0.274485442941808,0.2747811333140822,0.3705817166228807,surprised,08,02,02,female,strong,238
100,3.336666666666667,True,1.0,0.688392315773517,0.6902103179921575,0.6893013168828372,0.7486525488006295,-0.08097222222222217,-0.07601851851851849,0.3368534943068234,0.1949080754980067,0.2307460830058245,0.9207225941955648,0.0018180022186404798,0.004953703703703682,0.00022197060392402772,0.37547514469076865,0.10380152919715058,0.11166311184239763,0.0,0.9999999987499999,0.6637180417792118,0.27594673953048854,0.27438108597473787,0.36915926879822064,surprised,08,02,02,female,strong,238
110,3.6703333333333332,True,1.0,0.6341271564092665,0.6257903363650211,0.6299587463871439,0.7315740509281752,-0.07754629629629622,-0.07291666666666669,0.33589915561396533,0.15564290702744607,0.2322021839149925,0.8611004526307239,0.008336820044245408,0.004629629629629539,0.009585071866856826,0.4068857545074628,0.10447550446521461,0.11441309333815812,0.0,0.9999999987499999,0.6657523652976816,0.2730290248404523,0.267504769721855,0.35859818979985814,surprised,08,02,02,female,strong,238
0,0.0,True,1.0,0.6509200364277395,0.6112044788490251,0.6310622576383823,0.5707701644984803,-0.06643518518518521,-0.06249999999999989,0.3214176157413191,0.22015420630655697,0.19804152448667672,1.1056328744738768,0.03971555757871448,0.003935185185185319,0.002117808311096092,0.46607142857142786,0.10371025640573386,0.11225819599735991,0.0,0.9999999987499999,0.675986210413853,0.27966367796737046,0.24584270310189485,0.3444092538475335,surprised,08,02,02,female,strong,239
10,0.33366666666666667,True,1.0,0.6209105205090628,0.6259701475314075,0.6234403340202351,0.5349065880039339,-0.06578703703703698,-0.06152777777777774,0.33278010116288176,0.204523107177975,0.20020169578238006,1.1655125362106218,0.005059627022344637,0.00425925925925924,0.0036263502328400237,0.5137103028972351,0.10584325956612166,0.11093845161797047,0.0,0.9999999987499999,0.6745006929099764,0.28010631340184083,0.24978450700656105,0.3463463781092975,surprised,08,02,02,female,strong,239
20,0.6673333333333333,True,1.0,0.6766388326354219,0.6555691125283253,0.6661039725818736,1.589540449056867,-0.08875,-0.08555555555555566,0.30739304589116184,0.6409320059621806,0.21969774866802003,0.41905443361136085,0.021069720107096623,0.003194444444444333,0.0011916033583006121,0.1878046325301226,0.10154480985515911,0.11620507223976188,0.0,0.9999999987499999,0.677816900033451,0.2779817809005459,0.2795761923738458,0.38001922803415644,surprised,08,02,02,female,strong,239
30,1.0010000000000001,True,1.0,0.7082379839816232,0.6660003096048158,0.6871191467932195,1.664365049248117,-0.09046296296296302,-0.08611111111111114,0.2809472743476866,0.7106135811628036,0.22516405694307093,0.4128416101405326,0.042237674376807366,0.0043518518518518845,0.004361231375340794,0.18960295474303687,0.10119265513218839,0.11602026515860782,0.0,0.9999999987499999,0.6738465910895608,0.2794725789834366,0.28796593325717196,0.3828624031491783,surprised,08,02,02,female,strong,239
40,1.3346666666666667,True,1.0,0.6473709652892541,0.6392660486739298,0.6433185069815919,0.8862421902165528,-0.08611111111111103,-0.0824537037037037,0.3331946546582494,0.2720786525379636,0.23424805268276497,0.7258946979542887,0.008104916615324309,0.0036574074074073315,0.011990351963892318,0.3157740981123683,0.10521254460891723,0.11423711857515342,0.0,0.9999999987499999,0.6584139230614121,0.27574247880235214,0.2943592172470588,0.3917004828595724,surprised,08,02,02,female,strong,239
50,1.6683333333333334,True,1.0,0.7043678617765845,0.653324523557587,0.6788461926670857,0.8885134075427048,-0.08500000000000002,-0.08199074074074064,0.3398741419535927,0.24509562075452404,0.23286047762022496,0.7640247034026418,0.051043338218997536,0.003009259259259378,0.004204642314303024,0.320028053434099,0.10448533611362008,0.11539898259254408,0.0,0.9999999987499999,0.6600087128523285,0.2748030452982984,0.29618233782160935,0.40034656550664127,surprised,08,02,02,female,strong,239
60,2.0020000000000002,True,1.0,0.7054680080885296,0.698725586157048,0.7020967971227888,0.6333742129237072,-0.0856481481481482,-0.08347222222222217,0.3413092629037225,0.13125988455493667,0.23275724876354,1.1085023400018965,0.006742421931481557,0.0021759259259260255,0.00043771667236122084,0.3847750348290154,0.10191332664200235,0.11604630551192724,0.0,0.9999999987499999,0.6630613623730742,0.2883051969029498,0.2989447824306978,0.3871529018357441,surprised,08,02,02,female,strong,239
70,2.3356666666666666,True,1.0,0.6949772539081691,0.6610816291462257,0.6780294415271975,0.9621991468237661,-0.08787037037037038,-0.0830555555555556,0.3242845393506995,0.3016928012349109,0.23694759420964998,0.7046664339345788,0.03389562476194341,0.004814814814814772,0.0026920478935340384,0.30554130702977594,0.10515012123186318,0.11396070776081083,0.0,0.9999999987499999,0.6591350536151961,0.27642146813211005,0.2997377034383606,0.40209342424216604,surprised,08,02,02,female,strong,239
80,2.6693333333333333,True,1.0,0.633587562750609,0.5990108425954587,0.6162992026730338,0.9360363816258193,-0.082824074074074,-0.07791666666666658,0.33097439107079096,0.2538403746781876,0.23762846032462098,0.6584137270418615,0.03457672015515034,0.004907407407407416,0.004470144574289739,0.31507485613257674,0.1030742933358396,0.11617008589297911,0.0,0.9999999987499999,0.6547190829144157,0.2791544751152788,0.293598549935592,0.4019823352976783,surprised,08,02,02,female,strong,239
90,3.003,True,1.0,0.5999422658241379,0.5942850035465205,0.5971136346853292,0.8334594531179752,-0.08203703703703713,-0.0792592592592592,0.33510005160951367,0.22014670249125867,0.2349252839448723,0.7164279347381863,0.005657262277617425,0.0027777777777779344,0.001966581104738064,0.34012719128820984,0.10262192004594732,0.11508955122546038,0.0,0.9999999987499999,0.6621523753642083,0.2753646883949795,0.2894384720598467,0.40256125587075414,surprised,08,02,02,female,strong,239
100,3.336666666666667,True,1.0,0.6582702120946592,0.6602964627773251,0.6592833374359921,0.791557971653684,-0.08462962962962961,-0.07888888888888895,0.3293966878293286,0.24229770019778807,0.23558804285995727,0.8328933079388358,0.002026250682665931,0.005740740740740657,0.005647097787617714,0.35642856242064797,0.1046580082832555,0.11407928959691209,0.0,0.9999999987499999,0.666660850715286,0.2734340058895183,0.2887548223187921,0.3977390514619571,surprised,08,02,02,female,strong,239
110,3.6703333333333332,True,1.0,0.6609621079852965,0.6180768161898447,0.6395194620875706,0.7684274322932085,-0.08486111111111116,-0.07847222222222211,0.33238809185859686,0.22410927991743615,0.2335376027026164,0.8322444452289536,0.04288529179545186,0.006388888888889055,0.005647097787617646,0.3632563080250766,0.10308641084179929,0.1150054914773242,0.0,0.9999999987499999,0.6663292661752203,0.2735550601688907,0.2795252025160622,0.38772614375860887,surprised,08,02,02,female,strong,239
0,0.0,True,1.0,0.6179350768205069,0.6050579614137949,0.6114965191171509,0.5818374835603958,-0.055787037037037024,-0.05592592592592588,0.35107499889578986,0.17895248026792673,0.1750435911110786,1.0509747762816255,0.012877115406711992,0.0001388888888888551,0.012825636686238278,0.5340473472977465,0.12567516699946424,0.10946931154522602,0.0,0.8411376486616203,0.6224879277101466,0.29386817855111697,0.29618632038465526,0.38108925727009907,neutral,01,03,03,male,normal,240
10,0.33366666666666667,True,1.0,0.6437993654038915,0.6195135753275781,0.6316564703657348,0.5707418179130741,-0.05574074074074076,-0.05467592592592602,0.34869247614204485,0.18005680422176956,0.1750435911110786,1.106728910587621,0.024285790076313374,0.0010648148148147407,0.01662946998224895,0.5644006880832513,0.12413903838190143,0.11120825922547489,0.0,0.6681268666815618,0.6236437255214585,0.29449665683503234,0.2935001581304705,0.3788585361224845,neutral,01,03,03,male,normal,240
20,0.6673333333333333,True,1.0,0.6480560754444065,0.6232027442909149,0.6356294098676607,0.7772172180543218,-0.05689814814814814,-0.05703703703703711,0.33285955627958663,0.24570876040790052,0.17507366264951332,0.8178272368423455,0.02485333115349153,0.0001388888888889661,0.01594617391901823,0.40361432480113063,0.12257366854020794,0.11293127799967148,0.0,0.9049247489621245,0.6251160694668493,0.2946974802821143,0.2921389571249758,0.37641904544430993,neutral,01,03,03,male,normal,240
30,1.0010000000000001,True,1.0,0.5976692442320245,0.5693866179983978,0.5835279311152112,0.9364077069644337,-0.05574074074074076,-0.055833333333333346,0.3479159346129567,0.2897365600685446,0.17297004580526865,0.6231558398924781,0.02828262623362665,9.259259259258856e-05,0.016102052452172506,0.3495330357064386,0.12373499849904919,0.11165763707382598,0.0,0.8782845363652163,0.6281068020880226,0.2958619956489173,0.2940935651789626,0.3734169059312116,neutral,01,03,03,male,normal,240
40,1.3346666666666667,True,1.0,0.6070073374070437,0.5897064431007558,0.5983568902538998,0.9082746110999949,-0.05773148148148144,-0.058981481481481524,0.34306086467490254,0.3480343111760313,0.17364670316586828,0.6587841198481158,0.017300894306287895,0.0012500000000000844,0.011988248258090367,0.337777704736131,0.12269610807906574,0.11279823949211565,0.0,0.9015087928155936,0.6264425512001676,0.2954655407357755,0.2925999764535171,0.3733138072636359,neutral,01,03,03,male,normal,240
50,1.6683333333333334,True,1.0,0.6281786757718157,0.6094324498349694,0.6188055628033926,0.8977661262094888,-0.05703703703703705,-0.06,0.3513789543117489,0.3089488314345618,0.1715918156720557,0.6892725674737673,0.018746225936846383,0.002962962962962945,0.015688750632012412,0.3426291694324923,0.1276131430178242,0.1070259760637751,0.0,0.6775315935483947,0.5658480899781788,0.269709213509214,0.31768913170864266,0.333308387493663,neutral,01,03,03,male,normal,240
60,2.0020000000000002,True,1.0,0.5362812725922567,0.5200186322120098,0.5281499524021332,0.8060777034225216,-0.059166666666666756,-0.06041666666666662,0.35189875493284645,0.285731418649917,0.17366427679865595,0.6552097274985573,0.01626264038024683,0.0012499999999998623,0.017309688155705067,0.3902522491460595,0.12398027990178533,0.11138522328346373,0.0,0.7753701670935605,0.6294189240539966,0.29425693328911734,0.2949389095376246,0.37748897737767995,neutral,01,03,03,male,normal,240
70,2.3356666666666666,True,1.0,0.6280575281834664,0.6246213467982815,0.626339437490874,0.9619410209140112,-0.058981481481481524,-0.06004629629629621,0.3158964141485045,0.39787619311413436,0.17781253580877124,0.6511204157774065,0.0034361813851848666,0.0010648148148146852,0.010612183413933406,0.3397334860987621,0.12219009597942064,0.11334618747237804,0.0,0.809460914204325,0.6272964849768033,0.294963915777956,0.2986155431673446,0.3792342193366789,neutral,01,03,03,male,normal,240
80,2.6693333333333333,True,1.0,0.6237816764132553,0.5942459540039376,0.6090138152085964,0.51584820443054,-0.05907407407407406,-0.059398148148148144,0.3649012847816429,0.1288206022246616,0.1743410058381891,1.1806066396623491,0.029535722409317677,0.0003240740740740877,0.009487505188273914,0.5469794131398577,0.1241445047707757,0.11120215692857317,0.0,0.7593706230291288,0.6264461364623974,0.2936217395018873,0.2916565688341275,0.37801472748525106,neutral,01,03,03,male,normal,240
90,3.003,True,1.0,0.5983323428815653,0.5711613869529945,0.5847468649172799,0.5038869732760469,-0.05782407407407408,-0.059537037037037,0.36117300282051684,0.13661062976866323,0.17433356625311966,1.1604722803519176,0.027170955928570883,0.0017129629629629162,0.00908435063669061,0.5786043399094082,0.1234010255385303,0.11202662480966863,0.0,0.8504840215084143,0.629383931471026,0.2942523383993197,0.29422289570585786,0.3812759657889901,neutral,01,03,03,male,normal,240
100,3.336666666666667,True,1.0,0.6548877673952432,0.6354130998097561,0.6451504336024997,0.5144809929135583,-0.0584722222222222,-0.06004629629629632,0.3654487754697276,0.15712582274105785,0.17504359111107867,1.2539830285059648,0.019474667585487104,0.0015740740740741166,0.014500746008001527,0.5785095428576406,0.12440557082825118,0.11091001630755185,0.0,0.6729880812675109,0.6282003133050096,0.29447821962304876,0.2945898519095018,0.3813512076450235,neutral,01,03,03,male,normal,240
0,0.0,True,1.0,0.6032156232888346,0.591786181818282,0.5975009025535583,0.571026623167602,-0.05388888888888893,-0.05601851851851847,0.35513056111731983,0.17562744477986866,0.17435850949207057,1.0463626008172753,0.011429441470552582,0.002129629629629537,0.019857561308994475,0.5484482507086823,0.12696114301501765,0.10797520981732436,0.0,0.8037803324428765,0.6230849739974115,0.2926496222803422,0.2945091996233913,0.3759645582071046,neutral,01,03,03,male,normal,241
10,0.33366666666666667,True,1.0,0.6080550441813624,0.6010757922090718,0.6045654181952171,0.553038007235761,-0.05555555555555547,-0.056851851851851876,0.3569402079807203,0.17456709643612162,0.17502789956175552,1.0931715547309389,0.0069792519722905455,0.0012962962962964064,0.011255324641595486,0.5628686224060439,0.12465068132018191,0.1106344675801514,0.0,0.9999999987499999,0.6265156995376276,0.2926853556767178,0.29518104629645336,0.38050794750152583,neutral,01,03,03,male,normal,241
20,0.6673333333333333,True,1.0,0.6439090308461943,0.6069122071271401,0.6254106189866673,0.7121489013847006,-0.055277777777777704,-0.05587962962962961,0.34330971020219586,0.21968977905321926,0.17157225107354976,0.8782020414138397,0.03699682371905422,0.0006018518518519089,0.018026609953014645,0.4432982569220347,0.1240550974752387,0.11113058360864835,0.0,0.8828884656848716,0.6223553785342263,0.2940630319592034,0.2910416692443937,0.37082927960832024,neutral,01,03,03,male,normal,241
30,1.0010000000000001,True,1.0,0.5971921837306285,0.5954378589020133,0.5963150213163209,0.9830170666314233,-0.06013888888888885,-0.06231481481481482,0.3582152063320738,0.31063686568933385,0.17160293092747095,0.6066171601269928,0.0017543248286152613,0.00217592592592597,0.020250998239537934,0.32377103814490593,0.12474480341749593,0.11052833026396962,0.0,0.6745867763688308,0.6300672548941453,0.29568344345605474,0.2964558862017432,0.37274140958480934,neutral,01,03,03,male,normal,241
40,1.3346666666666667,True,1.0,0.5951901186581939,0.5890640260340472,0.5921270723461205,0.837040768309746,-0.06296296296296294,-0.06675925925925924,0.34105408044543023,0.3498705895896809,0.17999849379004806,0.7074052958517362,0.006126092624146762,0.0037962962962962976,0.02130776222565079,0.3799734710617535,0.12741379189535323,0.10708545891193992,0.0,0.7195532672717603,0.5655610284660739,0.27251746942866073,0.33106668197811395,0.35000349399428443,neutral,01,03,03,male,normal,241
50,1.6683333333333334,True,1.0,0.6168160440401536,0.6011381158114929,0.6089770799258232,0.9003076064714475,-0.058657407407407325,-0.06282407407407409,0.35157731123728314,0.3098892659932802,0.17715612972166692,0.6764100131426984,0.015677928228660654,0.004166666666666763,0.01470861832408238,0.35073345633574854,0.12633973973377538,0.10852623639908768,0.0,0.7071067807446058,0.5646870439816551,0.27083118275993207,0.3218473348267985,0.34127948901598354,neutral,01,03,03,male,normal,241
60,2.0020000000000002,True,1.0,0.6121201279850464,0.5942459540039388,0.6031830409944926,0.8175188494541805,-0.06101851851851853,-0.0643981481481481,0.35535495218417357,0.2772466179401442,0.1751259486780604,0.7378215699824047,0.01787417398110769,0.003379629629629566,0.022670129178225577,0.36320166528208225,0.12508280054172843,0.11014567980286102,0.0,0.6742990937750221,0.6266460197829131,0.2944894548161714,0.29570358835063976,0.3735200836043294,neutral,01,03,03,male,normal,241
70,2.3356666666666666,True,1.0,0.638135918812533,0.6246213467982825,0.6313786328054077,0.9506100156878223,-0.061435185185185204,-0.06504629629629627,0.32478759275015945,0.4268913076479343,0.17923861692715684,0.6641826010517763,0.013514572014250437,0.003611111111111065,0.014807145234264211,0.3150175941518532,0.12824039240938231,0.10645271027807247,0.0,0.77788319746811,0.5646153721410441,0.2699209787840584,0.32819162239846683,0.3473586168008151,neutral,01,03,03,male,normal,241
80,2.6693333333333333,True,1.0,0.5978223539096417,0.594245954003938,0.5960341539567898,0.528058507140482,-0.06078703703703697,-0.0627314814814815,0.3658185089549459,0.14978521984051393,0.17643213684734227,1.1287274911721552,0.0035763999057036866,0.0019444444444445264,0.014990505189598867,0.5497061154343766,0.12778155450682827,0.10682484800326297,0.0,0.7071067807446058,0.5687335236516482,0.2703060471642124,0.3202226127640447,0.34408148394941,neutral,01,03,03,male,normal,241
90,3.003,True,1.0,0.5928522310044878,0.5887000176819212,0.5907761243432045,0.594869021036062,-0.059444444444444355,-0.06027777777777782,0.3597229101652309,0.1667123581895583,0.17712641173327864,0.9931196674425421,0.004152213322566656,0.0008333333333334636,0.01922438839609999,0.4958856623220943,0.12514749854417265,0.11007216441345412,0.0,0.6600975847937129,0.6275237614967863,0.2935439671966664,0.29436417255155184,0.37845047723045816,neutral,01,03,03,male,normal,241
100,3.336666666666667,True,1.0,0.5928522310044879,0.5886593501206696,0.5907557905625788,0.594869021036062,-0.058611111111111114,-0.06064814814814817,0.35942979762968597,0.18120908498865032,0.17436857329742897,0.993085485496758,0.004192880883818306,0.0020370370370370594,0.01942898387212276,0.5231756694792832,0.12526692729847289,0.10976279309509923,0.0,0.9999999987499999,0.6285135122330181,0.2932003802397932,0.29822112770191506,0.38107335023665023,neutral,01,03,03,male,normal,241
0,0.0,True,1.0,0.5815780885935103,0.5732318735335034,0.5774049810635069,0.6077171241372245,-0.05060185185185184,-0.05115740740740743,0.3411060139054775,0.20510452939631366,0.16666666666666663,0.9501212951391625,0.00834621506000699,0.0005555555555555869,0.006231874529471769,0.5203125000000002,0.12513651986364435,0.11008464546398855,0.0,0.6736002488808135,0.6229088056159964,0.2932957498164656,0.29454574503303876,0.3731648700292853,neutral,01,03,03,male,normal,242
10,0.33366666666666667,True,1.0,0.6028212127006621,0.5942459540039389,0.5985335833523004,0.6122960665115769,-0.050694444444444486,-0.05162037037037037,0.3480661756922175,0.20905703168238893,0.16736111111111107,0.9775231560155446,0.008575258696723265,0.0009259259259258856,0.007188016113692569,0.5212924055876063,0.12644706414373125,0.10857678269396964,0.0,0.6837058168343312,0.6219886573144883,0.2925201440061505,0.2947660516771553,0.3738884081011361,neutral,01,03,03,male,normal,242
20,0.6673333333333333,True,1.0,0.5672657996516719,0.5638757622203493,0.5655707809360107,0.7662420340330912,-0.04837962962962966,-0.050416666666666665,0.33811861402902077,0.2528438714609051,0.1638893544106059,0.7381098345116182,0.003390037431322601,0.002037037037037004,0.01169601205523583,0.42747294983325107,0.1238013110934442,0.11158410792635212,0.0,0.939369248574716,0.624063740003814,0.2932704422557739,0.2923560746659679,0.37256030704613824,neutral,01,03,03,male,normal,242
30,1.0010000000000001,True,1.0,0.5521377641782732,0.5662490652049116,0.5591934146915924,1.0802021539578928,-0.05097222222222231,-0.052731481481481546,0.3347799414242005,0.4011661374790793,0.16527777777777775,0.5176747821161911,0.014111301026638379,0.0017592592592592382,0.010701032410322437,0.3053177150220139,0.12341067428199144,0.1120159954807881,0.0,0.7071067807446058,0.622380446920956,0.29423592151865036,0.29234882524178896,0.36582018730621896,neutral,01,03,03,male,normal,242
40,1.3346666666666667,True,1.0,0.5302144249512687,0.5200186322120098,0.5251165285816393,0.9687798869015594,-0.05055555555555541,-0.05097222222222225,0.34037423461433336,0.3934300908946439,0.16597635928167098,0.5420390489950355,0.010195792739258858,0.0004166666666668428,0.00959509089335486,0.33423350814660713,0.1239495378765012,0.11141943201507858,0.0,0.8620329921973119,0.6285301756874625,0.29481317031856225,0.2951820067113565,0.3719113374285027,neutral,01,03,03,male,normal,242
50,1.6683333333333334,True,1.0,0.5669182251865722,0.5517648746921124,0.5593415499393424,0.9229371627049745,-0.05268518518518517,-0.05425925925925934,0.3550931381826502,0.3099414817280978,0.1666739907244912,0.6060451052810636,0.01515335049445976,0.001574074074074172,0.010948231141933652,0.35178728588341884,0.1225727389788456,0.11293228692127137,0.0,0.8086972699161226,0.6289700229388631,0.29489923914940513,0.28994018360877627,0.3702482910874459,neutral,01,03,03,male,normal,242
60,2.0020000000000002,True,1.0,0.5191995632176257,0.5108584721479523,0.515029017682789,0.7713867950081289,-0.05171296296296296,-0.05319444444444438,0.3616225201661435,0.24283081696345432,0.16597957692328508,0.6676663653250139,0.0083410910696734,0.001481481481481417,0.009949888466457312,0.3975407169112691,0.12270966881774764,0.1124451290793472,0.0,0.7302534036522982,0.6293939980836085,0.2950636530374264,0.2895339200176959,0.36907958204659363,neutral,01,03,03,male,normal,242
70,2.3356666666666666,True,1.0,0.5822367014837305,0.5924789056724515,0.5873578035780911,0.9781160320988989,-0.05291666666666661,-0.052870370370370345,0.31887866050290153,0.4238316555708708,0.1673652138389615,0.6004991067549564,0.010242204188721016,4.6296296296266526e-05,0.0003983947936434984,0.32853357056635324,0.12423115862522598,0.1111053418923829,0.0,0.9222085448504704,0.6249209133731617,0.2949530061106383,0.2950682865384953,0.3716844715544962,neutral,01,03,03,male,normal,242
80,2.6693333333333333,True,1.0,0.5670457462410968,0.5504782766173819,0.5587620114292393,0.5256155594966136,-0.05212962962962964,-0.0535648148148149,0.36497660543421767,0.14199263919253602,0.16389307853674048,1.0630621588987401,0.016567469623714914,0.0014351851851852615,0.0051213239694085375,0.547711107073356,0.1242619260586739,0.1110709300516797,0.0,0.8259234813839489,0.6277067020792693,0.2928143245820629,0.28789409196098403,0.3728714640646028,neutral,01,03,03,male,normal,242
90,3.003,True,1.0,0.5519934687442092,0.5200225513749005,0.5360080100595548,0.5670530122258479,-0.050925925925925875,-0.05106481481481484,0.362465047078263,0.18421938317083736,0.16805600953544336,0.9452520284753757,0.03197091736930868,0.0001388888888889661,0.00802239613686607,0.5364969370067358,0.1242937994671604,0.11103526099559714,0.0,0.9137272832254696,0.6248263750656513,0.2941434691120406,0.2886312057743091,0.37160243988942704,neutral,01,03,03,male,normal,242
100,3.336666666666667,True,1.0,0.5055460690101974,0.5131396526366019,0.5093428608233996,0.5439687962513875,-0.05078703703703713,-0.05148148148148146,0.3618719238907443,0.17176080296621554,0.16528193221939325,0.9363457322063268,0.007593583626404499,0.000694444444444331,0.012866470099502484,0.5482691506143401,0.12552750340446747,0.10963860478666025,0.0,0.7350118383204572,0.6267587550410789,0.29168615544503523,0.29185972881725253,0.3745560443029978,neutral,01,03,03,male,normal,242
0,0.0,True,1.0,0.5521377641782725,0.5622053181754395,0.5571715411768561,0.6004266800575982,-0.04986111111111102,-0.05175925925925923,0.3441279016071725,0.18005680422176967,0.16807779912804377,0.9279593323924368,0.010067553997166967,0.0018981481481482043,0.008928470780787592,0.5207068514435634,0.1271312935044776,0.10777482072633413,0.0,0.6983896528125757,0.6272074779833807,0.2908644792909108,0.29317313083242474,0.3711443641965197,neutral,01,03,03,male,normal,243
10,0.33366666666666667,True,1.0,0.5670336030183872,0.5615417018759248,0.5642876524471561,0.6154767082722213,-0.0496759259259259,-0.051203703703703696,0.35201576589402817,0.16850827253713102,0.16947325859287193,0.9168302307186177,0.005491901142462452,0.0015277777777777946,0.018081851291323777,0.5094395282533389,0.12561896372586911,0.10953380173707221,0.0,0.9040927317228672,0.6252935421590511,0.29264357092162674,0.2921410147396613,0.3725593599897462,neutral,01,03,03,male,normal,243
20,0.6673333333333333,True,1.0,0.562225542798981,0.5554003726844923,0.5588129577417367,0.7472911188461029,-0.04986111111111102,-0.05180555555555555,0.33236526636139313,0.26459294194665955,0.16738344696828994,0.7477848239446542,0.006825170114488688,0.0019444444444445264,0.016964042403920118,0.4456771709854322,0.12388645507654902,0.11148956910269331,0.0,0.9999999987499999,0.6251372196222239,0.2933970951514548,0.29236047220205474,0.36916047569838384,neutral,01,03,03,male,normal,243
30,1.0010000000000001,True,1.0,0.5422591542888803,0.5395264951211333,0.5408928247050068,1.1854136017877364,-0.050416666666666665,-0.051388888888888984,0.32874965627705993,0.45824394770197907,0.16600163907137394,0.4562903815927874,0.002732659167747009,0.0009722222222223187,0.008374499094743389,0.2702606165765478,0.12785505056344937,0.10691521788900575,0.0,0.6788334449086746,0.5722564933786014,0.27000044079380425,0.2978406827843668,0.3250065480336972,neutral,01,03,03,male,normal,243
40,1.3346666666666667,True,1.0,0.542513047388726,0.5386720087934042,0.5405925280910651,0.8492251934440515,-0.05083333333333334,-0.05375000000000002,0.35478518625946576,0.32198364876309366,0.16811047822147207,0.6365714680445126,0.0038410385953218107,0.0029166666666666785,0.009939496026201162,0.37964071893106227,0.12307463017095022,0.11238511101834656,0.0,0.7071067807446058,0.6283078528286314,0.29464779634799254,0.29058663417847835,0.37115042399766823,neutral,01,03,03,male,normal,243
50,1.6683333333333334,True,1.0,0.5515926677522035,0.5401817383685629,0.5458872030603832,0.8286374444125836,-0.050231481481481544,-0.05305555555555558,0.36005992337110687,0.2856833140746518,0.16531516399381246,0.6587768954218085,0.011410929383640633,0.0028240740740740344,0.012496918795977818,0.3797299441182868,0.12409116572651259,0.11126167515809685,0.0,0.9065410770001754,0.6287359239320729,0.2944510717484069,0.28975579957226866,0.36494445193938535,neutral,01,03,03,male,normal,243
60,2.0020000000000002,True,1.0,0.5571859100530228,0.5245996706788951,0.5408927903659589,0.7837631628020665,-0.05148148148148146,-0.0530092592592592,0.36174305772069515,0.2563836597617639,0.16878661712096907,0.6901227514089704,0.032586239374127635,0.001527777777777739,0.019750285687498963,0.41051071424153746,0.12489051622446956,0.1101908924558335,0.0,0.7071067807446058,0.6277821587775737,0.2948051762362345,0.2895923058343302,0.36814657764183084,neutral,01,03,03,male,normal,243
70,2.3356666666666666,True,1.0,0.5828854678991275,0.5335116623022935,0.5581985651007105,1.0152376824918108,-0.05111111111111111,-0.05273148148148149,0.32195158688096437,0.4430004135969119,0.1680923239539124,0.5498205737701359,0.04937380559683402,0.0016203703703703831,0.015481670129422052,0.3038771336277929,0.12485663054055095,0.11040199083597331,0.0,0.7831714142107055,0.6240998976621899,0.29184564028965765,0.29592629096601236,0.3704526627449706,neutral,01,03,03,male,normal,243
80,2.6693333333333333,True,1.0,0.5426376472400718,0.5293399101807194,0.5359887787103956,0.4779827010014904,-0.051296296296296284,-0.0535648148148149,0.3687764890779459,0.10530773431439125,0.16672204687006273,1.1213560189257235,0.013297737059352444,0.002268518518518614,0.022699312914017132,0.5977502640067184,0.12584874529505985,0.10926971711388193,0.0,0.6725671529630415,0.6234102611044419,0.2925856432993638,0.28794783974485627,0.367379478540737,neutral,01,03,03,male,normal,243
90,3.003,True,1.0,0.55280067385798,0.5615417018759243,0.5571711878669522,0.5209922732785581,-0.05046296296296293,-0.052870370370370345,0.36776627028037795,0.1618552315031881,0.16738344696828983,1.0694423246639022,0.008741028017944297,0.0024074074074074137,0.013888575254500267,0.5780674216440126,0.12467204312172869,0.11061039478394824,0.0,0.770325330384291,0.623649894129527,0.29351310103722317,0.2889248657513864,0.37198173537215334,neutral,01,03,03,male,normal,243
100,3.336666666666667,True,1.0,0.5273401780846263,0.5313032885829422,0.5293217333337843,0.543333248839315,-0.04972222222222228,-0.053055555555555634,0.36098257348363594,0.15712582274105794,0.1660181837584221,0.9742119306420829,0.0039631104983158805,0.003333333333333355,0.0182752293768892,0.5496786687150668,0.12552296222478876,0.10964380385946557,0.0,0.6746098247657496,0.6252723220772683,0.29237736076650117,0.2908403446034643,0.37282873208346773,neutral,01,03,03,male,normal,243
0,0.0,True,1.0,0.4840065642126015,0.465023549911284,0.47451505706194275,0.6437110783600598,-0.05453703703703705,-0.053333333333333344,0.36121647737321144,0.17875278135905684,0.17293254978509282,0.7371553372529076,0.018983014301317547,0.0012037037037037068,0.007576153861047982,0.47537100370764585,0.12693415787030948,0.10800693189082804,0.0,0.6840571720937214,0.6288451059095513,0.29153298222336516,0.2883892804236575,0.3643187961988986,calm,02,03,03,male,normal,244
10,0.33366666666666667,True,1.0,0.48376353041577225,0.49063776839149525,0.4872006494036337,0.629841072970117,-0.05541666666666667,-0.054259259259259285,0.3606674596307189,0.20038760346058584,0.17223329679369817,0.7735294986498111,0.006874237975723008,0.0011574074074073848,0.013467929393621226,0.49905649768347543,0.12465399099617012,0.11045839194706648,0.0,0.9999999987499999,0.6288191473698855,0.29166429820154205,0.28864811530405554,0.3654729053578959,calm,02,03,03,male,normal,244
20,0.6673333333333333,True,1.0,0.4840065642126017,0.4755690686409721,0.4797878164267869,0.8947293806202689,-0.05509259259259264,-0.05277777777777781,0.35019884148185404,0.29334142376062705,0.17152955693100014,0.53623791374122,0.008437495571629594,0.002314814814814825,0.00868122839916796,0.36920088129915857,0.12701470580334046,0.10791219708787801,0.0,0.8136415156150004,0.6297714200211335,0.29282798211157807,0.29235761175338526,0.36332380075611515,calm,02,03,03,male,normal,244
30,1.0010000000000001,True,1.0,0.49025800406966236,0.4971632935032528,0.49371064878645754,0.8999624998839222,-0.056111111111111,-0.05402777777777784,0.37212269237668416,0.22145461294330696,0.17430949483188368,0.5485902455381604,0.0069052894335904225,0.0020833333333331594,0.00877832273348439,0.355021455136645,0.1269648707790979,0.10797082642464353,0.0,0.8173847268827652,0.6257700118641206,0.29310760464850494,0.2920591707359869,0.36109866768443494,calm,02,03,03,male,normal,244
40,1.3346666666666667,True,1.0,0.4840065642126017,0.4528896615741531,0.4684481128933774,1.0123305245350571,-0.05731481481481482,-0.05527777777777776,0.3492635850139077,0.36667677970078333,0.17361814221873406,0.4627422581261452,0.031116902638448574,0.0020370370370370594,0.004272121554880597,0.32631128652469515,0.12371325360817129,0.1116817292667919,0.0,0.9117798244102839,0.6256958838144633,0.29424804917994907,0.2896174054799428,0.36226041661943525,calm,02,03,03,male,normal,244
50,1.6683333333333334,True,1.0,0.44508861254549875,0.46793754921654196,0.4565130808810204,1.0870494417463643,-0.058611111111111114,-0.05587962962962967,0.3488124859669841,0.3965230601358519,0.1715282225678135,0.41995613386970143,0.022848936671043207,0.002731481481481446,0.005952076072592176,0.30397502703804563,0.12556454609368053,0.10959617938052861,0.0,0.6937970263512749,0.6257623136989171,0.2941077904904329,0.2951183616423326,0.36658614060108463,calm,02,03,03,male,normal,244
60,2.0020000000000002,True,1.0,0.42969536802921404,0.4211678815750612,0.4254316248021376,0.6700115030995779,-0.05638888888888888,-0.05319444444444449,0.3758630459315041,0.17771132209260299,0.17639278163936423,0.6349616727981899,0.008527486454152855,0.0031944444444443887,0.0029429871005786194,0.4590626979004033,0.1253044020191076,0.10989351484512791,0.0,0.8078013724834052,0.6255550121142207,0.2925319077930378,0.289706890232082,0.36607844811983015,calm,02,03,03,male,normal,244
70,2.3356666666666666,True,1.0,0.4527225158957565,0.43661101721274714,0.44466676655425186,0.797236436460121,-0.0584722222222222,-0.055416666666666725,0.3662399239672125,0.2587395782806668,0.17430949483188374,0.5577602154370359,0.016111498683009373,0.003055555555555478,0.0029635108778034635,0.4061040582363965,0.12544693304777543,0.10973078309792855,0.0,0.7071067807446058,0.630339756926208,0.29109947304399164,0.2926808683946541,0.36797210139357944,calm,02,03,03,male,normal,244
80,2.6693333333333333,True,1.0,0.44498834611140525,0.4604967566087986,0.4527425513601019,0.7854933767867468,-0.05935185185185188,-0.0560648148148149,0.3727890482954292,0.22736859074240146,0.17777820693070223,0.576379845762871,0.015508410497393321,0.0032870370370369772,0.0032752108273554573,0.404965720765773,0.12587157178306826,0.10924342171239183,0.0,0.7071067807446058,0.6255577865130427,0.29302524406750186,0.2950140381298987,0.367043440098739,calm,02,03,03,male,normal,244
90,3.003,True,1.0,0.41451617258048257,0.41395822300351504,0.4142371977919988,0.6734006734006733,-0.05898148148148147,-0.0562037037037037,0.3826086956521738,0.18855218855218903,0.17430949483188374,0.6151422387211183,0.0005579495769675313,0.002777777777777768,0.0015341681962946837,0.4724999999999997,0.13066210031079706,0.10346590411093767,0.0,0.6453234052502758,0.5703190188419118,0.2668794527795161,0.31993661642182347,0.3330920481872394,calm,02,03,03,male,normal,244
100,3.336666666666667,True,1.0,0.4528546326476183,0.4208479895095986,0.4368513110786085,0.6782913444759021,-0.05981481481481482,-0.05509259259259264,0.3774823378391032,0.18992157645325308,0.17500174385291856,0.6440467133133654,0.03200664313801971,0.004722222222222183,0.005489709638053047,0.4616834007195852,0.12469138502692975,0.11058859014572121,0.0,0.6765140176248662,0.628924427927421,0.2911428777824924,0.29037490108939323,0.36697059360583834,calm,02,03,03,male,normal,244
110,3.6703333333333332,True,1.0,0.45272251589575585,0.45310988426700544,0.45291620008138067,0.6647255175863849,-0.0597685185185185,-0.05634259259259272,0.3752579125414887,0.18992157645325328,0.17708376416920632,0.6813582269654958,0.0003873683712495857,0.003425925925925777,0.007040594072899033,0.4711055109383514,0.12591687158693265,0.1091912048669686,0.0,0.7356248046076496,0.6288198534179298,0.29091566337174135,0.2928909907295107,0.36990969879120794,calm,02,03,03,male,normal,244
0,0.0,True,1.0,0.52625060501243,0.4958885257231387,0.5110695653677844,0.6110521775933394,-0.05592592592592582,-0.053518518518518576,0.36886809067324694,0.18748191812522846,0.17431255865192516,0.8363763097623811,0.030362079289291355,0.002407407407407247,0.000772795953400238,0.5241477272727274,0.12641862202812917,0.10860989722502372,0.0,0.6932787687798088,0.6254399142078707,0.29162495928542836,0.29180219072954905,0.36997051283680493,calm,02,03,03,male,normal,245
10,0.33366666666666667,True,1.0,0.48133691245858645,0.4902892894018193,0.4858131009302029,0.6208002265054027,-0.05393518518518514,-0.051851851851851816,0.3631056471610147,0.19045723390786212,0.17084047876316596,0.7825594775712843,0.008952376943232865,0.002083333333333326,0.00044060303697341204,0.5113218546433765,0.12559430428094281,0.10956207602396208,0.0,0.7952976924877155,0.6269982331917142,0.29110978026914336,0.2901338120342049,0.3687206303665908,calm,02,03,03,male,normal,245
20,0.6673333333333333,True,1.0,0.4902580040696635,0.514523836501021,0.5023909202853423,0.6648402485102546,-0.05564814814814817,-0.052222222222222114,0.35336993568798003,0.23845747888047508,0.1729184315296481,0.7556565978234293,0.024265832431357437,0.0034259259259260544,0.0036134890908659113,0.47686652223344733,0.12660220453879115,0.10839584667579516,0.0,0.6905122593147309,0.628254239219125,0.29128500542042374,0.2922891181920207,0.36762965560018646,calm,02,03,03,male,normal,245
30,1.0010000000000001,True,1.0,0.4761232179245123,0.49072443347112293,0.4834238256978176,0.9459852031723399,-0.06009259259259264,-0.058240740740740704,0.35747681144053706,0.3152826020947257,0.17431649776999447,0.5110268364416978,0.014601215546610646,0.0018518518518519378,0.0006260843986745081,0.3579025553806155,0.12546249415045452,0.10971299071710178,0.0,0.6906306075351162,0.6285501723267433,0.2934575900494849,0.2950023738126881,0.3680904823756597,calm,02,03,03,male,normal,245
40,1.3346666666666667,True,1.0,0.4839758922824057,0.47525736658573275,0.47961662943406924,1.0197351817077696,-0.05842592592592594,-0.05810185185185185,0.35172967896740076,0.36414411182055534,0.17639061901081726,0.47033449275609607,0.008718525696672919,0.0003240740740740877,0.002104391815351837,0.32138706844422515,0.12331396356213062,0.11212245163658831,0.0,0.8146892540835722,0.6280133205626001,0.29281523146412153,0.29309772526849526,0.3690390967580343,calm,02,03,03,male,normal,245
50,1.6683333333333334,True,1.0,0.4754542801163681,0.4446060255895643,0.4600301528529662,1.0629592724028545,-0.058101851851851904,-0.056435185185185144,0.36842083117045715,0.28671142458127946,0.17778850629011583,0.43278248263741365,0.030848254526803787,0.0016666666666667607,0.0038765074946777644,0.30344563618585607,0.12469631187310425,0.11058303475540315,0.0,0.6571986463528008,0.6258310797522134,0.29496453413931745,0.3028711580225032,0.37626009385694165,calm,02,03,03,male,normal,245
60,2.0020000000000002,True,1.0,0.4212136510294011,0.4208479895095986,0.4210308202694999,0.6826666666666669,-0.06064814814814817,-0.059814814814814765,0.36438743987674577,0.2417777777777782,0.18195492727998092,0.61674436562915,0.00036566151980249595,0.0008333333333334081,0.0022776547286555812,0.4575058373991967,0.12541778704516762,0.10976409459957032,0.0,0.6975939619415485,0.6253191402029563,0.293417974657849,0.29481428144471833,0.3737705969929894,calm,02,03,03,male,normal,245
70,2.3356666666666666,True,1.0,0.4523623157790031,0.4444088450148834,0.44838558039694326,0.8962731818361352,-0.065462962962963,-0.06481481481481488,0.3484791435787092,0.33792470156106513,0.18265392658968602,0.5002778053431941,0.007953470764119674,0.0006481481481481199,0.00463304609428431,0.3599892882787174,0.12759612306549908,0.1070462666410558,0.0,0.6738315130436922,0.5780657000378276,0.2743825099994338,0.31266876406741995,0.33119155398308847,calm,02,03,03,male,normal,245
80,2.6693333333333333,True,1.0,0.49189861096882315,0.47619047619047566,0.48404454357964943,0.8589246478095638,-0.06365740740740738,-0.06222222222222212,0.352863402247329,0.28388187512349994,0.18265935656628304,0.5635471572670123,0.015708134778347482,0.0014351851851852615,0.00030954448171788675,0.38173239422220956,0.12502246995480182,0.11021415415873852,0.0,0.7071067807446058,0.6249119342111845,0.29482409309106644,0.2991425036814438,0.3746603344233408,calm,02,03,03,male,normal,245
90,3.003,True,1.0,0.3970276073524947,0.3968185640968068,0.39692308572465074,0.7537777777777778,-0.060462962962962996,-0.05879629629629629,0.3590267882146343,0.27022222222222253,0.17640445937537777,0.5265783861323492,0.00020904325568787963,0.0016666666666667052,0.001360804563574989,0.42494738224736656,0.12559791548938262,0.10955793624967196,0.0,0.8844968455350168,0.6264130088050845,0.29349628847572923,0.2944179553918107,0.3712492462643309,calm,02,03,03,male,normal,245
100,3.336666666666667,True,1.0,0.4517043363728511,0.45241786614197743,0.4520611012574143,0.6563488868945446,-0.06106481481481485,-0.05856481481481485,0.37235379272636127,0.19827205958272748,0.17779322663045252,0.688751227104689,0.0007135297691263087,0.0025000000000000022,0.004201889901449117,0.4804687500000003,0.12394387766416619,0.11142572844578445,0.0,0.9999999987499999,0.6266504389021235,0.29193819336591037,0.2918210779027454,0.3718852637817095,calm,02,03,03,male,normal,245
110,3.6703333333333332,True,1.0,0.48376353041577347,0.4680006732119928,0.47588210181388313,0.6920482359181562,-0.06060185185185185,-0.05722222222222223,0.37323459023096967,0.18318923891951247,0.17639580927478637,0.6876429663642152,0.015762857203780678,0.0033796296296296213,0.002127819062737995,0.4526307850191996,0.12572131572269535,0.10941630839772304,0.0,0.8702273899540782,0.6277254519073254,0.29131999726699875,0.2977203157611143,0.3741612343997421,calm,02,03,03,male,normal,245
0,0.0,True,1.0,0.3584074679320173,0.35959987919288977,0.35900367356245355,0.5580563867304987,-0.055787037037037024,-0.0553703703703704,0.4050977828946288,0.16486682429164684,0.16667811036558877,0.643310751563581,0.0011924112608724946,0.0004166666666666208,0.004923859400101771,0.537368693318357,0.1253282489785963,0.10986631776200304,0.0,0.662285809866059,0.6216662440288615,0.29681523786176617,0.2924324705998277,0.3574852947294257,calm,02,03,03,male,normal,246
10,0.33366666666666667,True,1.0,0.3494865620234724,0.35910407909921477,0.3542953205613436,0.49661675536330596,-0.055046296296296315,-0.0559722222222222,0.394316653769001,0.16987659530004873,0.16250187799395585,0.7134179762061282,0.009617517075742377,0.0009259259259258856,0.007664994380378292,0.5624383832159772,0.12375040678285903,0.11164055979544797,0.0,0.7026052092333527,0.6220419706867122,0.2980714735418069,0.2903707063550554,0.35726843325700436,calm,02,03,03,male,normal,246
20,0.6673333333333333,True,1.0,0.3320589348365354,0.3122320432281883,0.32214548903236184,0.5024677137448449,-0.05574074074074076,-0.055509259259259314,0.39882287340113665,0.18035426731078844,0.16388935441060595,0.6411267435104271,0.019826891608347108,0.00023148148148144365,0.007372215444999814,0.5624415020537702,0.12520490807825463,0.11000685780306681,0.0,0.6630306030496732,0.6230589828665841,0.29805629583879417,0.2964314900013467,0.3569351606974432,calm,02,03,03,male,normal,246
30,1.0010000000000001,True,1.0,0.3115318515318664,0.3068538293182609,0.3091928404250637,0.9767693433155828,-0.05574074074074076,-0.05587962962962967,0.3764968143632242,0.32557984534843326,0.1659947449650842,0.3165464216715973,0.004678022213605526,0.0001388888888889106,0.006926116484796628,0.3206036888231009,0.1288700680843108,0.1056895610879896,0.0,0.6653394569171854,0.554808383525285,0.26892680734139557,0.3278372578869676,0.35122429892177337,calm,02,03,03,male,normal,246
40,1.3346666666666667,True,1.0,0.253770770804754,0.28056532633973286,0.2671680485722434,0.7927389548432782,-0.055925925925925934,-0.05615740740740749,0.3960139652438669,0.2684973056626417,0.16598371379942176,0.3370189479651112,0.026794555534978837,0.00023148148148155467,0.008465512421554001,0.3813738940677459,0.12356325331778038,0.11184766515173278,0.0,0.7071067807446058,0.622463721582383,0.29841436285924844,0.30295650032581295,0.3649631457574126,calm,02,03,03,male,normal,246
50,1.6683333333333334,True,1.0,0.24969925943250468,0.2652520862951827,0.2574756728638437,0.7419222376263531,-0.05689814814814814,-0.05638888888888893,0.41761580921741287,0.2432428510999703,0.1639005265351524,0.3470386245431743,0.015552826862678032,0.0005092592592592093,0.004628098462567759,0.40704296640454546,0.12561219249817462,0.10954156684302452,0.0,0.6427348853581566,0.6246273786076931,0.29546304506492754,0.30577013656152535,0.3686343557482303,calm,02,03,03,male,normal,246
60,2.0020000000000002,True,1.0,0.24842756972038055,0.24551342542876886,0.2469704975745747,0.6178962099226732,-0.05486111111111114,-0.05472222222222223,0.3966614729441315,0.1866561467474746,0.1687504521116629,0.3996957638006582,0.0029141442916116866,0.0001388888888889106,0.01178215109963754,0.4692127345648012,0.12539581682550893,0.10978919297144775,0.0,0.6738750397410578,0.6202641125043767,0.2962707116354905,0.30177629802883965,0.36137431405235854,calm,02,03,03,male,normal,246
70,2.3356666666666666,True,1.0,0.20583543074334398,0.2384087461782095,0.22212208846077675,0.8315868445133264,-0.05472222222222223,-0.05430555555555555,0.40301527955350025,0.27088587652672413,0.16250751184560672,0.26710630396127816,0.032573315434865524,0.0004166666666666763,0.007455546573422383,0.36677702808722185,0.12394119778861602,0.11125759890248178,0.0,0.7071067807446058,0.6234012228250676,0.2965690868326007,0.3077467063283306,0.37542458965609776,calm,02,03,03,male,normal,246
80,2.6693333333333333,True,1.0,0.1896181852559912,0.23415614407837843,0.21188716466718482,0.8158245095334999,-0.055694444444444546,-0.05435185185185182,0.38916865002995443,0.24343150687693185,0.1673652138389615,0.2597214991595986,0.04453795882238723,0.0013425925925927285,0.009837123240279336,0.36433409671214667,0.1257487827205781,0.10938474032004322,0.0,0.6015000825708949,0.622095685789941,0.2984886362131758,0.3075138594197312,0.36587362787082706,calm,02,03,03,male,normal,246
90,3.003,True,1.0,0.19775294194199403,0.18152371856578556,0.1896383302538898,0.9243795245956531,-0.056435185185185255,-0.05523148148148144,0.4293786172873529,0.2547969202411094,0.16114946398482816,0.20515202382575748,0.016229223376208468,0.0012037037037038179,0.012077042464931683,0.33173076923076866,0.12479574955541943,0.11047080457521656,0.0,0.618118819737123,0.6240543250112545,0.29807903773077116,0.3126526980676707,0.3865385713372845,calm,02,03,03,male,normal,246
100,3.336666666666667,True,1.0,0.1678741360317986,0.18436836256034164,0.17612124929607012,0.7519414696072867,-0.05435185185185182,-0.05370370370370375,0.4426143937891311,0.17089578854711088,0.1639265918646978,0.23422201915270377,0.016494226528543043,0.0006481481481480644,0.015766056638641276,0.4008546328739519,0.12478045264772039,0.11048808264969615,0.0,0.6676052650732666,0.625095069426208,0.295618693325386,0.30904968903303975,0.37621548115794073,calm,02,03,03,male,normal,246
110,3.6703333333333332,True,1.0,0.20583543074334346,0.23876690616950003,0.22230116845642173,0.5883617996045333,-0.054166666666666696,-0.05402777777777784,0.4227827092989554,0.16205697304079553,0.16528931763555116,0.3778307303530603,0.03293147542615657,0.0001388888888888551,0.01318830213463262,0.5053809771155906,0.1260798027193785,0.10900303260450013,0.0,0.6689630112527228,0.6221080854607468,0.29579422989215,0.304274910479471,0.3629635505084274,calm,02,03,03,male,normal,246
0,0.0,True,1.0,0.48881219812481397,0.44259504504401764,0.4657036215844158,0.707058798034561,-0.06064814814814812,-0.06027777777777782,0.3707235481158092,0.21750565671910393,0.179912429878786,0.6586490725791835,0.046217153080796325,0.00037037037037029874,0.0189099620363355,0.434296720250725,0.1289442712302768,0.10559901840339467,0.0,0.7071067807446058,0.5657617604776286,0.26493571135536503,0.3186658127578816,0.3398365194992594,calm,02,03,03,male,normal,247
10,0.33366666666666667,True,1.0,0.42904430421534956,0.4508364377384251,0.4399403709768873,0.8169226137528522,-0.0597685185185185,-0.059537037037037,0.36772520131265185,0.2790661760749765,0.17921818428722594,0.5385337161323639,0.02179213352307552,0.00023148148148149916,0.023363717552336433,0.39403331824979054,0.12329248692525013,0.1114644546385399,0.0,0.7129871505749299,0.6262600126378677,0.2933267721629467,0.30022713056089545,0.3717472826730943,calm,02,03,03,male,normal,247
20,0.6673333333333333,True,1.0,0.4212515159264423,0.4274295902841187,0.4243405531052805,0.753631905040456,-0.057499999999999996,-0.058379629629629615,0.3764998320082727,0.2624121578213867,0.17988189485538586,0.5630607598579592,0.006178074357676422,0.0008796296296296191,0.022064007704687333,0.4017654467646549,0.12917294261413592,0.10477507730614066,0.0,0.9999999987499999,0.567810135319753,0.26836125144853007,0.32593834019637874,0.33989771137887886,calm,02,03,03,male,normal,247
30,1.0010000000000001,True,1.0,0.38908113754288276,0.3766369126803137,0.3828590251115982,1.1461479843291216,-0.057592592592592584,-0.05814814814814806,0.3626187421876632,0.38651034126196376,0.17718024500444468,0.33403978399499457,0.012444224862569075,0.0005555555555554759,0.028335261544900053,0.27205323753672417,0.12504769272008007,0.11018553587505761,0.0,0.6470329673508209,0.6132282933485894,0.29839222478664473,0.3097380293589422,0.3622091932056604,calm,02,03,03,male,normal,247
40,1.3346666666666667,True,1.0,0.37138998155488967,0.35290922801973207,0.36214960478731084,0.8871701457550861,-0.05777777777777776,-0.05884259259259261,0.3714825405754707,0.31578313788151935,0.1729700458052686,0.40820760991577204,0.0184807535351576,0.0010648148148148517,0.023062673433805126,0.33365579703081333,0.12524645871017145,0.10995954870347362,0.0,0.9999999987499999,0.6205965615543092,0.2950967955125739,0.3059528252783867,0.35988146971833496,calm,02,03,03,male,normal,247
50,1.6683333333333334,True,1.0,0.3204869869697974,0.34277195516920134,0.33162947106949936,0.8479911355243892,-0.058240740740740704,-0.05884259259259256,0.38430329376817246,0.28044737386513025,0.1764239205510335,0.391076577545145,0.022284968199403954,0.0006018518518518534,0.01735812869356089,0.36373251798757655,0.12551698090543492,0.10965065104756272,0.0,0.6608067383286919,0.620093477797369,0.2960274066936293,0.307121525505463,0.3627924529193124,calm,02,03,03,male,normal,247
60,2.0020000000000002,True,1.0,0.3514299914028779,0.3382884357581989,0.3448592135805384,0.6266300150070802,-0.05703703703703711,-0.05768518518518517,0.3790417140717708,0.22650745956074794,0.17780524147674867,0.5503394432464935,0.013141555644679004,0.0006481481481480644,0.021381538196201973,0.47888741304490867,0.12386376740112104,0.11151477433828313,0.0,0.6374621255761108,0.618013982116284,0.29782529026704047,0.2999625170364502,0.36132520198500134,calm,02,03,03,male,normal,247
70,2.3356666666666666,True,1.0,0.3510095571573961,0.3287249953929922,0.3398672762751942,0.984250994649806,-0.058796296296296235,-0.05782407407407408,0.38722899572483493,0.3043074303058374,0.1743410058381891,0.34530549435321434,0.02228456176440391,0.0009722222222221522,0.01738825081607654,0.3414386415068977,0.12382241742103783,0.11156068624113903,0.0,0.6777318194979819,0.6206329062484368,0.2968819770657964,0.30865882863375066,0.3652538114062109,calm,02,03,03,male,normal,247
80,2.6693333333333333,True,1.0,0.3418110694929089,0.368736725120682,0.3552738973067955,1.190055325407239,-0.06050925925925926,-0.06009259259259253,0.32626201263826193,0.43264350574042487,0.1819863721635772,0.2985356140356081,0.026925655627773104,0.0004166666666667318,0.014488274001029495,0.2483169980970104,0.12474758257461023,0.11052519356399146,0.0,0.7071067807446058,0.6136012573545043,0.2990367545762197,0.30628067547578675,0.35788065219347237,calm,02,03,03,male,normal,247
90,3.003,True,1.0,0.3357482720635964,0.3013612634761269,0.3185547677698617,1.0231989358169165,-0.055416666666666725,-0.056157407407407434,0.3914259186317708,0.26216880613176996,0.17434932029289177,0.31133219222470093,0.034387008587469514,0.0007407407407407085,0.023519169931063812,0.3093444144788572,0.12350908106992722,0.11190748260853346,0.0,0.6741052037030111,0.6167485433157638,0.29627167254592585,0.3097160938308714,0.370478902799106,calm,02,03,03,male,normal,247
100,3.336666666666667,True,1.0,0.30593908661263913,0.3159127043787633,0.3109258954957012,0.7562960181158659,-0.05685185185185182,-0.056990740740740786,0.41642078618392925,0.15005275281555247,0.17503530963534358,0.41111666338043157,0.009973617766124154,0.0001388888888889661,0.019732076956653216,0.3839132690681581,0.12948905581767103,0.10493027301233344,0.0,0.7071067807446058,0.5579295438018959,0.2667993792178491,0.3295181281920761,0.3436290295617944,calm,02,03,03,male,normal,247
110,3.6703333333333332,True,1.0,0.30546694949540754,0.2923688845965902,0.2989179170459989,0.5679436922199137,-0.056157407407407434,-0.05689814814814814,0.4096211643843393,0.13580246913580293,0.17571007646889364,0.526316113975353,0.013098064898817319,0.0007407407407407085,0.016588937779245614,0.5257759091291844,0.1261821116647751,0.10888458323651592,0.0,0.7071067807446058,0.6176805682820002,0.29503400585224143,0.30559297571569394,0.3630820249939291,calm,02,03,03,male,normal,247
0,0.0,True,1.0,0.35882253636058553,0.3764486686373541,0.3676356024989698,0.8348294072019073,-0.05805555555555547,-0.053009259259259256,0.367849949731305,0.26669033845733636,0.16745043666383252,0.44037212791913,0.01762613227676857,0.0050462962962962155,0.02398594447597851,0.39759923526863916,0.12401071737076681,0.11135133473622746,0.0,0.7506829049919255,0.6295929922906663,0.2923317251443589,0.2969659007682371,0.3662661917524298,calm,02,03,03,male,strong,248
10,0.33366666666666667,True,1.0,0.3533511659478078,0.35008922391135605,0.35172019492958195,0.8179084085209283,-0.05722222222222223,-0.05486111111111108,0.37386364806424877,0.27258822448542597,0.165285163379568,0.43002393821285956,0.003261942036451748,0.002361111111111147,0.016662781630511058,0.375304222003819,0.13070534145677415,0.10285708358304627,0.0,0.6625951312271379,0.5558572254604967,0.26305929350917995,0.3301547655407507,0.33641517018339495,calm,02,03,03,male,strong,248
20,0.6673333333333333,True,1.0,0.31198564735839013,0.29572152335214913,0.30385358535526963,0.6979211814186195,-0.057731481481481495,-0.056157407407407434,0.38464379863465364,0.23043269548585296,0.16738344696828983,0.4353694850436349,0.016264124006241,0.001574074074074061,0.0032292236693885097,0.435117004296377,0.13161146035592078,0.10225556842651495,0.0,0.6788570019877469,0.5558292452762356,0.26286330285576165,0.3294032102328342,0.33779686619709076,calm,02,03,03,male,strong,248
30,1.0010000000000001,True,1.0,0.33487745914658734,0.3426380965360152,0.33875777784130123,0.956228956228957,-0.05888888888888888,-0.056944444444444464,0.37286254907488287,0.3367003367003365,0.1652893176355511,0.3542642958410788,0.007760637389427838,0.0019444444444444153,0.0018998365218121246,0.3248239436619711,0.12575246962152492,0.109380501711902,0.0,0.6366670511333481,0.6121699825633379,0.2968758591634276,0.3022653764632075,0.3514371171062396,calm,02,03,03,male,strong,248
40,1.3346666666666667,True,1.0,0.2740788994498671,0.28043055703871894,0.277254728244293,0.834975476569276,-0.05768518518518512,-0.05675925925925929,0.37253485276922216,0.30300282383114163,0.1660181837584221,0.3320513428531692,0.006351657588851867,0.0009259259259258301,0.009208737299538089,0.3632465225058115,0.13077868231075448,0.10313394240771376,0.0,0.87543372307532,0.5602318357811875,0.26392115077965456,0.3285271685629275,0.33360930380620735,calm,02,03,03,male,strong,248
50,1.6683333333333334,True,1.0,0.31944706006014345,0.3277318957995208,0.3235894779298321,0.9358306090395025,-0.05736111111111114,-0.05726851851851855,0.36553065264002227,0.3302479634972587,0.16878661712096918,0.3457778307357897,0.008284835739377328,9.259259259258856e-05,0.011042905161782074,0.3394266400781913,0.12432803736530165,0.1109969229086778,0.0,0.7628620069582607,0.629014724514806,0.2906960452745789,0.30036655649512506,0.3686839520145102,calm,02,03,03,male,strong,248
60,2.0020000000000002,True,1.0,0.3070537258605164,0.2968166676093971,0.3019351967349567,0.9332227201889013,-0.05657407407407411,-0.05680555555555561,0.37745676829476316,0.3087963693225198,0.1632995988143311,0.32354034058862124,0.010237058251119258,0.00023148148148149916,0.020424197301950536,0.3496291006834051,0.12369088132437932,0.11170650673724769,0.0,0.7071067807446058,0.6124981702759228,0.297510357149652,0.30736917218944104,0.3594821108762568,calm,02,03,03,male,strong,248
70,2.3356666666666666,True,1.0,0.29992961273448654,0.3068538293182609,0.3033917210263737,1.225457363469648,-0.05662037037037043,-0.057731481481481495,0.34710110718182297,0.46851619330991495,0.1653557715372406,0.24757427722118222,0.006924216583774345,0.0011111111111110628,0.02048495448145664,0.2847769762201226,0.12470230159056167,0.11040384866905781,0.0,0.6751834938589296,0.6241592835180949,0.29166566143326234,0.30071742771744997,0.36840171589824183,calm,02,03,03,male,strong,248
80,2.6693333333333333,True,1.0,0.3010103312005403,0.30077260326977745,0.3008914672351589,0.7461594989251222,-0.0562037037037037,-0.055925925925925934,0.3722534183294841,0.2713165377903612,0.1715282225678135,0.4032535505727759,0.00023772793076287657,0.0002777777777777657,0.00790168394493918,0.41929625380391444,0.12965985891655882,0.10471914226557717,0.0,0.7216347315340449,0.5536135277235894,0.2637863249688669,0.32780505435037643,0.33675716915944093,calm,02,03,03,male,strong,248
90,3.003,True,1.0,0.3220813458719432,0.320486986969797,0.3212841664208701,0.9823217444391148,-0.0555092592592592,-0.05435185185185187,0.37217581935970706,0.3206189026988778,0.17083735267438857,0.32706612496327936,0.001594358902146209,0.0011574074074073293,0.0036261909751515733,0.31280848970986697,0.12342763935482537,0.11199730181427106,0.0,0.6936853790790741,0.6252579340173569,0.2928261848069377,0.303057213050252,0.3723791457124455,calm,02,03,03,male,strong,248
100,3.336666666666667,True,1.0,0.30685382931826083,0.3252108532475714,0.31603234128291613,0.9392841236233043,-0.05800925925925926,-0.05495370370370384,0.3863782450516274,0.25730756290382995,0.17084449793611564,0.33646085708743384,0.018357023929310545,0.0030555555555554226,0.01386030092997124,0.34670540692622426,0.1245792180381981,0.11071493216052337,0.0,0.7071067807446058,0.6263758725677772,0.29121368278184734,0.3069347109385605,0.3751194007834124,calm,02,03,03,male,strong,248
110,3.6703333333333332,True,1.0,0.30685382931826005,0.31077990576573483,0.30881686754199744,0.7916422488959772,-0.056435185185185144,-0.053749999999999964,0.38920634793430803,0.22336468938698717,0.1701406825656586,0.3900964962047855,0.00392607644747478,0.0026851851851851793,0.014724607679281977,0.39937135369256294,0.12468640283982622,0.11059420743049969,0.0,0.6503401133289206,0.6280111189475791,0.2914324221321454,0.3034809625268063,0.37331950182502205,calm,02,03,03,male,strong,248
120,4.0040000000000004,True,1.0,0.2922863817211268,0.29401706873095496,0.2931517252260409,0.7876353601231485,-0.05666666666666664,-0.052175925925926014,0.38659100107616273,0.2194209917813324,0.17363923383335514,0.3721921844395178,0.0017306870098281468,0.004490740740740629,0.017570458136341557,0.40690460109637555,0.1234924038051711,0.1119258860702197,0.0,0.9999999987499999,0.6275635032606793,0.2926925760684973,0.3020659409589747,0.37273722721003755,calm,02,03,03,male,strong,248
0,0.0,True,1.0,0.5058036512174539,0.5133273782332246,0.5095655147253393,0.760356874717005,-0.05685185185185182,-0.06023148148148144,0.37703296472183856,0.1800494578765481,0.18478168750979101,0.670166249124785,0.007523727015770754,0.0033796296296296213,0.014106736259450886,0.41476404033037284,0.12604562971951655,0.1090425467384058,0.0,0.6354341681660468,0.6168977287008554,0.29250170281524723,0.30580284045765455,0.37257088419116363,calm,02,03,03,male,strong,249
10,0.33366666666666667,True,1.0,0.47566952484524244,0.48051693869425505,0.4780932317697487,0.7608551005457169,-0.054629629629629584,-0.05643518518518509,0.378508221913307,0.18686759246479326,0.18270947180724795,0.6283630502402368,0.004847413849012605,0.0018055555555555047,0.01817813866327918,0.41593597458053566,0.12442816340772558,0.11054049948479919,0.0,0.9999999987499999,0.6178266296127827,0.29309181295524633,0.3033909450365027,0.37256695591800615,calm,02,03,03,male,strong,249
20,0.6673333333333333,True,1.0,0.4600947173693445,0.4903183091282871,0.4752065132488158,0.7241802103833213,-0.05574074074074076,-0.05902777777777779,0.3863475875468997,0.1974623900710394,0.17921818428722594,0.6561992532180363,0.030223591758942625,0.0032870370370370328,0.013839638569977953,0.4294556243083028,0.1259652365198661,0.10913540653291921,0.0,0.6530578427673077,0.6255496363389106,0.29220862944399884,0.3072561384664038,0.3781512790697653,calm,02,03,03,male,strong,249
30,1.0010000000000001,True,1.0,0.42848751055004963,0.4522309151220719,0.4403592128360608,0.9274702887173303,-0.055462962962962936,-0.058657407407407436,0.37385645639515475,0.26203281653998445,0.1778743110935234,0.47479603195167286,0.023743404572022286,0.0031944444444444997,0.019248633139526832,0.3344531820670211,0.1266304081889337,0.10836289721430768,0.0,0.688677070828799,0.6253371290313001,0.2927967750665511,0.3100831715127403,0.3749038286930523,calm,02,03,03,male,strong,249
40,1.3346666666666667,True,1.0,0.3956909164512783,0.42116788157506113,0.4084293990131697,0.9004546628013452,-0.059537037037037,-0.0665277777777778,0.37920856403985476,0.25813914223051093,0.18755858459758648,0.453581302741586,0.025476965123782835,0.006990740740740797,0.020225052468737348,0.35589282706732334,0.1231241037127819,0.1123309078363056,0.0,0.9999999987499999,0.6260250216258378,0.29558142727556147,0.3139575066095238,0.38002228457501286,calm,02,03,03,male,strong,249
50,1.6683333333333334,True,1.0,0.3791038340078706,0.42067661459684386,0.3998902243023572,1.0934737325006378,-0.05879629629629629,-0.06685185185185188,0.3701780938122334,0.3103055404182169,0.18414755196368424,0.3657062921738945,0.041572780588973235,0.008055555555555594,0.02254244200713089,0.2994497446553195,0.12353373991948922,0.11188026131486609,0.0,0.6586985874906793,0.6222985395720789,0.29585841154530235,0.3213082975407504,0.3885159385275488,calm,02,03,03,male,strong,249
60,2.0020000000000002,True,1.0,0.3294596581044524,0.3272638074999564,0.3283617328022044,0.5988410639239145,-0.0557407407407407,-0.065,0.37701095686010844,0.1860736618875891,0.18479200939497264,0.5483286844936944,0.0021958506044959525,0.0092592592592593,0.025013435396834077,0.5161730406798033,0.12495346148584753,0.11029238520076626,0.0,0.6565184131734169,0.6250692640962634,0.2938130720623635,0.3139935227240206,0.382092955821678,calm,02,03,03,male,strong,249
70,2.3356666666666666,True,1.0,0.333333333333333,0.3588225363605855,0.34607793484695926,0.8962590265654448,-0.05796296296296288,-0.06555555555555548,0.38556682384386115,0.2791207580776713,0.18135772660683638,0.3861360662365264,0.025489203027252494,0.007592592592592595,0.026539002787617567,0.35967370356101336,0.12266151065926054,0.11283586120122052,0.0,0.7071067807446058,0.6225688283829156,0.2958207060572003,0.3130673336420382,0.37761201270821504,calm,02,03,03,male,strong,249
80,2.6693333333333333,True,1.0,0.35906110387055,0.36517298650456276,0.3621170451875564,0.9445257326525203,-0.0589351851851852,-0.06555555555555548,0.32979549623642535,0.380294119119218,0.18547590930907384,0.3833850499452458,0.006111882634012744,0.0066203703703702765,0.029710300046476457,0.3476224308567278,0.12502044309554222,0.11021645330391197,0.0,0.6519682422986569,0.6216110828472012,0.29589347593637777,0.3143579216304263,0.37585154864245096,calm,02,03,03,male,strong,249
90,3.003,True,1.0,0.31710775324155893,0.3455840579539258,0.33134590559774235,0.9644864646638094,-0.05694444444444435,-0.06495370370370368,0.37626242134854143,0.30355504900725705,0.17723879703089862,0.3435464547584288,0.028476304712366896,0.008009259259259327,0.037199109356758756,0.3335182180088313,0.12341768665805962,0.1120082692945366,0.0,0.6786870649451928,0.6190345714379502,0.2974193120969314,0.3173037804848784,0.38420934935583356,calm,02,03,03,male,strong,249
100,3.336666666666667,True,1.0,0.3182005377282876,0.34442354647844725,0.3313120421033674,0.8095077170549874,-0.05717592592592596,-0.06555555555555553,0.39830472502732345,0.2177406507857702,0.17867900448569995,0.40927595268478756,0.02622300875015965,0.00837962962962957,0.03622182564211035,0.39388684298941834,0.12355672128157398,0.1118548809687258,0.0,0.6618948595865259,0.6202710154921345,0.2955924446953727,0.31566704735434736,0.3816557024792044,calm,02,03,03,male,strong,249
110,3.6703333333333332,True,1.0,0.3362271196936036,0.3556027392126667,0.3459149294531352,0.816247600317146,-0.05874999999999991,-0.06666666666666665,0.37838530347211746,0.24988342159992893,0.17998365812071404,0.4237867643576935,0.019375619519063136,0.007916666666666738,0.036072187141129516,0.39270641859460104,0.1249018547712032,0.11035082439842907,0.0,0.6944657426528206,0.6237118933354593,0.29454531647895343,0.31476336178245234,0.37808324351562855,calm,02,03,03,male,strong,249
0,0.0,True,1.0,0.30725954480995943,0.2953020929257903,0.30128081886787483,0.7445091736961988,-0.06217592592592597,-0.055138888888888904,0.40772105349756016,0.17660595167229695,0.17378680346184097,0.40467039159790685,0.011957451884169135,0.007037037037037064,0.02831065188298182,0.4130747627985424,0.12751073044145475,0.10732563250729518,0.0,0.7247581492064372,0.6194915503154387,0.29379491322976403,0.3110122414582788,0.3733351595653468,calm,02,03,03,male,strong,250
10,0.33366666666666667,True,1.0,0.3007036146739589,0.3063753035279761,0.30353945910096747,0.707513566271552,-0.0633333333333333,-0.05722222222222223,0.40139502865592813,0.17347144235987852,0.17811391629475487,0.42902281111096807,0.005671688854017198,0.006111111111111067,0.038863111998557104,0.4173429204140816,0.12579358185117964,0.10933321789654242,0.0,0.6760580826986397,0.6171317352409714,0.2939813601837512,0.3069693696951688,0.3708548974151265,calm,02,03,03,male,strong,250
20,0.6673333333333333,True,1.0,0.2625722782484992,0.27182251143252883,0.267197394840514,0.5899683314608652,-0.06564814814814812,-0.06180555555555556,0.39539947047526086,0.18795155042927017,0.17939178754498503,0.4529012501041985,0.009250233184029621,0.003842592592592564,0.033172801616646166,0.501194547183459,0.1254864810663366,0.10968555438264883,0.0,0.6369823149757232,0.6218978254661239,0.2933674932690978,0.30808423438474764,0.3739281632551906,calm,02,03,03,male,strong,250
30,1.0010000000000001,True,1.0,0.25861485119132616,0.2700097620678692,0.2643123066295977,1.1296613951731103,-0.07101851851851859,-0.06759259259259254,0.38275906636438284,0.35275984465518817,0.18482792506197773,0.23397480675091517,0.01139491087654304,0.0034259259259260544,0.03669435664777852,0.2767605821444769,0.12473729523486794,0.11053680359051908,0.0,0.6820266808923083,0.6182091252360319,0.29454894617862415,0.31815118770144324,0.37895246554070594,calm,02,03,03,male,strong,250
40,1.3346666666666667,True,1.0,0.24313313478200954,0.25116734951061254,0.24715024214631104,0.7436185402183617,-0.07611111111111113,-0.07273148148148151,0.4128532140846799,0.2180515058937182,0.19260883806186532,0.33236159237468177,0.008034214728602995,0.0033796296296296213,0.035674626463235846,0.39148451165782555,0.1238522324697021,0.11152758529882548,0.0,0.8459928069894195,0.6194818964538942,0.29387885763828386,0.31439341873693316,0.3701848566435529,calm,02,03,03,male,strong,250
50,1.6683333333333334,True,1.0,0.21104565490996513,0.22117921839982166,0.21611243665489338,0.7192983496955617,-0.0740277777777778,-0.07004629629629638,0.41807357784008814,0.21419782167633825,0.1885120097659645,0.30044895382613007,0.010133563489856529,0.003981481481481419,0.0374791259676579,0.3923547204074826,0.12408953398209067,0.11126349503124387,0.0,0.670601450826147,0.6203079846157212,0.293495285579535,0.315611252184,0.3693874121804449,calm,02,03,03,male,strong,250
60,2.0020000000000002,True,1.0,0.2794901873713859,0.2700097620678686,0.27474997471962725,0.9394974971755801,-0.07069444444444445,-0.06750000000000006,0.40016634284107944,0.29263524461163637,0.18143553609964508,0.29244354087755486,0.009480425303517337,0.0031944444444443887,0.03694443665765508,0.34702038455903633,0.12425636120074898,0.11107715548872132,0.0,0.9999999987499999,0.6210051052295918,0.29577007220767626,0.3235145116095633,0.38414895449120023,calm,02,03,03,male,strong,250
70,2.3356666666666666,True,1.0,0.3083436327316709,0.28483971916415535,0.29659167594791314,1.4118067118272841,-0.07092592592592595,-0.06726851851851867,0.3577958538827593,0.5548301079525393,0.17798536684420838,0.21007951971275032,0.023503913567515577,0.003657407407407276,0.03921002915813186,0.23432380108989828,0.12337697127060915,0.11188296019853873,0.0,0.9999999987499999,0.6130310011660914,0.299029451880554,0.3193929114899356,0.3815855560768284,calm,02,03,03,male,strong,250
80,2.6693333333333333,True,1.0,0.23963758990743586,0.25407902845993285,0.24685830918368434,0.7504760460024585,-0.06828703703703703,-0.06518518518518518,0.3896206543204463,0.24775735342763694,0.18647968999484862,0.32893562759080475,0.014441438552496993,0.0031018518518518556,0.03575342049944142,0.42445273930706523,0.12349847356172985,0.11191918869476855,0.0,0.9999999987499999,0.6144411227694203,0.29640250385344385,0.31037253112466273,0.36929077547870814,calm,02,03,03,male,strong,250
90,3.003,True,1.0,0.2969943982646427,0.29339086226277233,0.2951926302637075,1.0118910518631197,-0.0656944444444445,-0.06314814814814812,0.36078678062497355,0.3348632305130492,0.18342694291325293,0.29172372828101534,0.0036035360018703555,0.0025462962962963798,0.039245435398053176,0.3012012185842709,0.12297104814997799,0.11249844037578971,0.0,0.819186809900124,0.6087681993109744,0.2965227608764519,0.3106545304055438,0.36812384186369246,calm,02,03,03,male,strong,250
100,3.336666666666667,True,1.0,0.3022115552392433,0.2826695572479246,0.29244055624358395,0.9213926662959099,-0.06462962962962965,-0.06194444444444447,0.4035123353445015,0.23012137162792473,0.18137160858411835,0.31738971552619805,0.019541997991318727,0.0026851851851851793,0.034890650004567814,0.36094769661829784,0.12433000299314058,0.11065089349485441,0.0,0.6657912699173008,0.6072400641115822,0.29681639026259704,0.3160628857944616,0.3777040403036664,calm,02,03,03,male,strong,250
110,3.6703333333333332,True,1.0,0.28929073173406994,0.3158380101944735,0.3025643709642717,0.8391643082454197,-0.06601851851851864,-0.062222222222222234,0.4103191449527332,0.20962194709171977,0.1807599545835244,0.36055438486998254,0.026547278460403556,0.0037962962962964086,0.04135756489261435,0.37373207926434937,0.12419284140559625,0.11114817098836065,0.0,0.6833538210781999,0.6098495367834634,0.2960645309522738,0.31741605725399524,0.3767512242267282,calm,02,03,03,male,strong,250
120,4.0040000000000004,True,1.0,0.31687693977992515,0.31577404950720767,0.3163254946435664,0.7921944114505738,-0.06379629629629624,-0.06111111111111106,0.40182797937957815,0.19464489739292118,0.18077894688297066,0.39930286060002385,0.0011028902727174827,0.0026851851851851793,0.03825191952867273,0.3935340053832405,0.12537172139493447,0.1098167074954628,0.0,0.7071067807446058,0.6106334343737495,0.29420769285494225,0.3141671717815248,0.37186911481872587,calm,02,03,03,male,strong,250
0,0.0,True,1.0,0.2677455272135606,0.2383315283836363,0.2530385277985985,0.736210183505388,-0.06393518518518515,-0.05652777777777768,0.4019032412771076,0.23230777543294515,0.16984919444804242,0.3437041940846049,0.029413998829924293,0.007407407407407474,0.05099633906507888,0.4048116001484807,0.12492097331722753,0.11032918107187362,0.0,0.6504110841423871,0.6228480291178972,0.2944882170723192,0.30772998654335276,0.37100890648508705,calm,02,03,03,male,strong,251
10,0.33366666666666667,True,1.0,0.2826821199220807,0.26469851961840407,0.2736903197702424,0.7532094248781875,-0.06560185185185186,-0.05782407407407403,0.3983454755534042,0.23361507215287852,0.16719500405018178,0.36336550065674605,0.017983600303676628,0.007777777777777828,0.056617276502255905,0.3934361984747143,0.12941362815990368,0.10502328607265932,0.0,0.6837465189043465,0.6216212385188451,0.29374370841049935,0.31159872585022363,0.3707726818552613,calm,02,03,03,male,strong,251
20,0.6673333333333333,True,1.0,0.26610857908627356,0.2503020632931602,0.25820532118971684,0.7285357165588121,-0.06597222222222227,-0.05833333333333335,0.4041161304909496,0.22365115407971212,0.17147700922234532,0.3544168327248687,0.015806515793113374,0.007638888888888917,0.05535249907849866,0.3999368025799436,0.1266309707206718,0.1083622398487659,0.0,0.6056328216855749,0.6227010721397934,0.2941988177342193,0.30803855094743066,0.3741830997814741,calm,02,03,03,male,strong,251
30,1.0010000000000001,True,1.0,0.26125658658665396,0.26343802189400106,0.2623473042403275,0.9342627706151932,-0.06995370370370363,-0.06374999999999997,0.39339915071370474,0.2797756873699099,0.17821668909393687,0.28080676282067524,0.0021814353073471016,0.006203703703703656,0.060620893853236664,0.336062297973479,0.12466109920453501,0.11062272874800369,0.0,0.6946751323404448,0.6224222902442227,0.2936766850733463,0.3112345687262407,0.37489916767221,calm,02,03,03,male,strong,251
40,1.3346666666666667,True,1.0,0.26568624934768287,0.23740284939217693,0.25154454936992987,0.7549560881306309,-0.07087962962962963,-0.06611111111111112,0.40844471926881337,0.24503601779316722,0.1767777396196119,0.33319096742803517,0.02828339995550594,0.004768518518518505,0.05246079616878283,0.3945594650503286,0.12830537476902648,0.10637437932302207,0.0,0.9999999987499999,0.6209176172812875,0.29214260008214893,0.3128562734935278,0.3711241897953526,calm,02,03,03,male,strong,251
50,1.6683333333333334,True,1.0,0.2279664914764286,0.23520113810303064,0.23158381478972961,0.7546211564079992,-0.06912037037037033,-0.06444444444444453,0.4005108949725537,0.25508359505873496,0.17467327532724206,0.3068875194171203,0.0072346466266020315,0.004675925925925806,0.059022431985141045,0.405313367539637,0.12653597030641345,0.10847315792075282,0.0,0.6569305119159217,0.6240997665159814,0.29267228720261984,0.3128593524579934,0.3729965526104912,calm,02,03,03,male,strong,251
60,2.0020000000000002,True,1.0,0.22688588151552044,0.20871254645307422,0.21779921398429733,0.9492381414402769,-0.06939814814814815,-0.06361111111111117,0.39699426399786153,0.29548035604034517,0.17323801598776395,0.2294463364628723,0.018173335062446228,0.0057870370370369795,0.053198008278952706,0.3374019202321045,0.12497703289832587,0.11026567470654393,0.0,0.6823362035991403,0.6207222211853493,0.29360600103370654,0.31678370700689873,0.3861395364831292,calm,02,03,03,male,strong,251
70,2.3356666666666666,True,1.0,0.28218275719525543,0.2757536246999105,0.27896819094758296,1.2775814692241576,-0.06847222222222227,-0.06333333333333324,0.36648115852105756,0.4633064217089529,0.17256918245564737,0.21835647875903613,0.006429132495344936,0.005138888888889026,0.052716686388699655,0.2596199445782916,0.12706947178941483,0.1078477033130658,0.0,0.6982292907546049,0.6174892206335659,0.296426057120323,0.3195662817601315,0.38172760799645405,calm,02,03,03,male,strong,251
80,2.6693333333333333,True,1.0,0.26125658658665263,0.25003168040129276,0.2556441334939727,0.9101674437865482,-0.07393518518518516,-0.06754629629629622,0.35858338609287077,0.3582257037451984,0.18309323293737137,0.28087593688302276,0.011224906185359873,0.006388888888888944,0.051303980609105446,0.340601293717658,0.125590756154202,0.1095661432156194,0.0,0.6969922177691653,0.619148030188638,0.29546284415905427,0.3093660694415659,0.36909605550007263,calm,02,03,03,male,strong,251
90,3.003,True,1.0,0.2820533061043024,0.28483971916415585,0.28344651263422915,1.2062101225868893,-0.07287037037037036,-0.06569444444444439,0.3424750796039658,0.4806602718844626,0.1807789468829707,0.23498933338939135,0.002786413059853443,0.0071759259259259744,0.04699571530254042,0.26525254146620103,0.1245694703505116,0.11072589953153991,0.0,0.785066064916769,0.6147010941017033,0.29582198170594753,0.30901290797215686,0.36996724215165405,calm,02,03,03,male,strong,251
100,3.336666666666667,True,1.0,0.302533454669028,0.2932102156718163,0.29787183517042215,0.9273038877111732,-0.07249999999999995,-0.06499999999999989,0.37671516693186563,0.3193443744354144,0.17802479854392464,0.3212235375240874,0.009323238997211658,0.007500000000000062,0.04392796122966385,0.3446045783017328,0.12812690706124133,0.10658927459109094,0.0,0.6679673171052288,0.6201994635823079,0.29355853497885587,0.3149675012787128,0.3724903553132186,calm,02,03,03,male,strong,251
110,3.6703333333333332,True,1.0,0.2785832882502088,0.27134820605981125,0.27496574715501,0.8106263909456477,-0.07111111111111107,-0.062222222222222234,0.3876900836270615,0.2466450172598968,0.1772917355194735,0.3392015732848826,0.007235082190397535,0.008888888888888835,0.052268543896839506,0.3911931396659607,0.12600035533764578,0.10909485884024796,0.0,0.7071067807446058,0.6251940211944154,0.2916030843473208,0.31300860262580216,0.3722090535836848,calm,02,03,03,male,strong,251
0,0.0,True,1.0,0.30077260326977817,0.29636871028478284,0.2985706567772805,0.765716342784603,-0.05111111111111105,-0.052962962962963045,0.4253369545427767,0.07174158589276147,0.17802479854392464,0.38992331767596716,0.004403892984995328,0.0018518518518519933,0.03185191930709689,0.4154803254287569,0.12224042012195391,0.11312362048248892,0.0,0.6496462898252576,0.6247100961400186,0.29627616945624496,0.30344182634991407,0.38181691400175943,happy,03,03,03,male,normal,252
10,0.33366666666666667,True,1.0,0.33188317024500685,0.3302903453150418,0.33108675778002433,0.7724137931034475,-0.05055555555555552,-0.05476851851851844,0.4126503100976245,0.1103448275862065,0.17994423168494725,0.42863910605449623,0.001592824929965042,0.004212962962962918,0.03279954225794679,0.39285714285714374,0.12349376123753375,0.1117540368764297,0.0,0.7071067807446058,0.6246999783663466,0.295595557956619,0.30678528723181314,0.3763805775247027,happy,03,03,03,male,normal,252
20,0.6673333333333333,True,1.0,0.3123838695717514,0.30665457386038963,0.3095192217160705,0.7649076505375245,-0.04953703703703699,-0.050138888888888844,0.4137039737684716,0.09252915127470031,0.1820048173001131,0.40464913836142397,0.00572929571136177,0.0006018518518518534,0.022810754880691828,0.4267162220916267,0.12433952774307615,0.11098405115604844,0.0,0.7071067807446058,0.6233837668817526,0.2968502620884067,0.3108280776856131,0.38100191180563575,happy,03,03,03,male,normal,252
30,1.0010000000000001,True,1.0,0.25592080604793915,0.24357161556385154,0.24974621080589535,0.9360869632008954,-0.05115740740740743,-0.05291666666666667,0.4193015713978786,0.12761757902890541,0.1807244969510921,0.26679808674175165,0.012349190484087613,0.0017592592592592382,0.0312615938952673,0.33696038314285215,0.12560051699450092,0.10938091219938087,0.0,0.7071067807446058,0.5648594655596613,0.2731954173693422,0.3274496609057542,0.35838280538281136,happy,03,03,03,male,normal,252
40,1.3346666666666667,True,1.0,0.2706953429427993,0.28729757095740277,0.278996456950101,0.7711802725661391,-0.04749999999999999,-0.051064814814814785,0.43850650573770955,0.07479227762025761,0.17729173551947355,0.3617785190766447,0.016602228014603482,0.0035648148148147984,0.039251789389863095,0.38865782623392664,0.12452528727244189,0.1107755866611434,0.0,0.7000429404922042,0.6251796607861895,0.29550195951490305,0.30999638692914955,0.39128284432033983,happy,03,03,03,male,normal,252
50,1.6683333333333334,True,1.0,0.29064213228200725,0.266078599069203,0.2783603656756051,0.9186159757264202,-0.04893518518518519,-0.05189814814814808,0.42956742209549237,0.10592531363470739,0.1815343270956281,0.3030214725532987,0.024563533212804245,0.0029629629629628895,0.03511514528208124,0.3480578523148223,0.12199858145857843,0.1135522958469571,0.0,0.7430123265292773,0.6224297075627125,0.29702250657467666,0.3150192945316194,0.3970044999871011,happy,03,03,03,male,normal,252
60,2.0020000000000002,True,1.0,0.2450533995762433,0.26225790839045104,0.25365565398334716,0.6084533651940653,-0.04972222222222206,-0.05060185185185173,0.41638077454099826,0.048648570219993865,0.18357287854176912,0.41688594145985874,0.017204508814207736,0.0008796296296296746,0.02885054954881006,0.5063566038677462,0.12067050219107078,0.11479679317461455,0.0,0.9999999987499999,0.6248098505808574,0.29591379959938036,0.29963867070500566,0.3796971898051191,happy,03,03,03,male,normal,252
70,2.3356666666666666,True,1.0,0.2556567127793104,0.25999446420253786,0.25782558849092413,0.7560111514084116,-0.04995370370370367,-0.05162037037037043,0.4073452664581343,0.11765942973401677,0.18284095896059616,0.34103410777818255,0.004337751423227454,0.0016666666666667607,0.025896724874702844,0.3965854415035518,0.12484926029077195,0.11041032549210014,0.0,0.730730592867763,0.6221921859368748,0.2953657203569028,0.3073898163528229,0.37700191494157465,happy,03,03,03,male,normal,252
80,2.6693333333333333,True,1.0,0.3061808980848583,0.2909772390476243,0.2985790685662413,0.9008832854420987,-0.04935185185185187,-0.05212962962962969,0.40336648338473746,0.1688950002131495,0.18282301549403876,0.33142924659737344,0.01520365903723403,0.0027777777777778234,0.03163894881931345,0.3439884809762843,0.12307048697560437,0.1122200029322685,0.0,0.9999999987499999,0.6184960204081634,0.29669439085078675,0.310297638933921,0.37789336511537286,happy,03,03,03,male,normal,252
90,3.003,True,1.0,0.29663449472983755,0.28800350577010553,0.29231900024997154,0.8926707532054232,-0.05032407407407408,-0.05074074074074064,0.420602784853865,0.1547121930794794,0.17999849379004806,0.32746564083152224,0.008630988959732022,0.00041666666666656527,0.025799517835121286,0.35472234030828853,0.12237734038890034,0.11314399820326294,0.0,0.848264682687988,0.6232337608324581,0.2959593539287442,0.31081165401322514,0.3858366062162893,happy,03,03,03,male,normal,252
100,3.336666666666667,True,1.0,0.28675508565653646,0.2909772390476245,0.2888661623520805,0.8467436880601057,-0.05023148148148149,-0.051296296296296284,0.4252923446864572,0.11760329000834761,0.18063835658170116,0.34114947229648024,0.004222153391088057,0.0010648148148147962,0.021840930396249802,0.35183674145947,0.12336511579588634,0.11206616784246155,0.0,0.9999999987499999,0.6215018198060474,0.295321931133566,0.31354663534634286,0.39070656608599624,happy,03,03,03,male,normal,252
110,3.6703333333333332,True,1.0,0.2910510496459967,0.29581190260319,0.29343147612459336,0.8233293386684719,-0.05064814814814811,-0.051712962962963016,0.4266752134352499,0.10584296100751375,0.18067763154958041,0.35639623458474706,0.004760852957193307,0.0010648148148149073,0.019535717871854437,0.38592890758897924,0.1250402341128719,0.11019399994337316,0.0,0.6792051360920697,0.6224133424541692,0.295165073680732,0.313431808784532,0.3898175570667522,happy,03,03,03,male,normal,252
0,0.0,True,1.0,0.26610205618010696,0.25934293177169115,0.2627224939758991,0.9340194198120606,-0.048240740740740806,-0.05189814814814808,0.43775034068861157,0.09098694068761454,0.18317946839320695,0.2812816183508936,0.006759124408415806,0.003657407407407276,0.04807032979617606,0.3276309176507761,0.12405132085456695,0.11130609850611875,0.0,0.8140823579320386,0.6179015803587059,0.2993473445702854,0.3136581604763575,0.3857127081266898,happy,03,03,03,male,normal,253
10,0.33366666666666667,True,1.0,0.2417616683747645,0.26018939759515686,0.25097553298496067,0.7930548326865844,-0.047407407407407454,-0.05328703703703708,0.42412520719231217,0.14777062946437972,0.17663785196966358,0.3164668099111708,0.018427729220392347,0.0058796296296296235,0.050479905893539755,0.38828876173010196,0.12106583393622995,0.11437979574885598,0.0,0.9999999987499999,0.626018617626738,0.29536927027456994,0.30019855963089254,0.370861847983369,happy,03,03,03,male,normal,253
20,0.6673333333333333,True,1.0,0.2821805765172954,0.28277297819013364,0.2824767773537145,0.5493938955162838,-0.04921296296296296,-0.05430555555555566,0.39812569669074266,0.17195528443721297,0.17893714627720234,0.5141607499811436,0.0005924016728382497,0.005092592592592704,0.04251075291110542,0.5426755047736085,0.12591204468800354,0.10919677089188172,0.0,0.6792564606184254,0.6240062326493098,0.29542178193359386,0.29977917436906515,0.3718629762124792,happy,03,03,03,male,normal,253
30,1.0010000000000001,True,1.0,0.3005062836130521,0.27106172246436094,0.28578400303870655,0.9299037510642854,-0.04925925925925939,-0.05314814814814811,0.43434982471945766,0.1626326835703842,0.1800480784398686,0.30732643320518227,0.02944456114869115,0.0038888888888887196,0.038236023503937226,0.3409729518764423,0.12080379574853709,0.11482256181895155,0.0,0.8795653740332338,0.6248646026222989,0.2941778862679948,0.30507783252408743,0.38483899310709346,happy,03,03,03,male,normal,253
40,1.3346666666666667,True,1.0,0.2734234506888202,0.24503002958082987,0.25922674013482505,0.7205710271694177,-0.0503703703703704,-0.05282407407407408,0.4158087985675193,0.21947643345872747,0.1718281931565517,0.35975182231949043,0.028393421107990313,0.00245370370370368,0.037212459023426986,0.41484755141559754,0.12458474480344853,0.11070871299325774,0.0,0.7071067807446058,0.559445821461397,0.27016818494564226,0.32384687220054237,0.34507561118908747,happy,03,03,03,male,normal,253
50,1.6683333333333334,True,1.0,0.23895306530927396,0.2172557354053904,0.22810440035733218,0.8399462959561249,-0.04967592592592596,-0.05421296296296302,0.4328052255135927,0.16659648041210776,0.1754184624345187,0.27157021997183417,0.021697329903883567,0.004537037037037062,0.04847532189853222,0.3604850936422795,0.12387083429270927,0.11150692436837167,0.0,0.8629336250832024,0.6229848525660265,0.2959380032558577,0.30969661747959315,0.3920718201210277,happy,03,03,03,male,normal,253
60,2.0020000000000002,True,1.0,0.2697632475605665,0.266618930694641,0.26819108912760375,0.8001145748594825,-0.04935185185185187,-0.0535648148148149,0.42832696695396144,0.15262923904766743,0.17885654365021367,0.33519085585299324,0.003144316865925534,0.004212962962963029,0.043381536075159,0.38670805245544115,0.12157963776586046,0.1138334990374906,0.0,0.9574415251942776,0.6204491271274135,0.2967812233572532,0.30311085168271207,0.377954560417036,happy,03,03,03,male,normal,253
70,2.3356666666666666,True,1.0,0.2855906301320331,0.26182774789237273,0.2737091890122029,0.7323551681065817,-0.047870370370370285,-0.051342592592592606,0.4158074756679481,0.1035276268423813,0.1808865322466692,0.3737383184170679,0.023762882239660388,0.003472222222222321,0.048274724727488706,0.3984966926779116,0.12183537957008196,0.1133918434451282,0.0,0.7727716544474398,0.6166040892372574,0.29911855017614813,0.30497297666105044,0.3751970725560207,happy,03,03,03,male,normal,253
80,2.6693333333333333,True,1.0,0.2550804726475074,0.24354083887941863,0.249310655763463,0.8610236399008433,-0.04777777777777775,-0.05175925925925923,0.4344640590374315,0.10321838103129068,0.1789094298938384,0.28955146433862605,0.011539633768088753,0.003981481481481475,0.037812013530288624,0.3487451183176685,0.12322065931242458,0.11188493640209397,0.0,0.9999999987499999,0.6170795637161115,0.2968793514753264,0.3111975971038941,0.3899932768390809,happy,03,03,03,male,normal,253
90,3.003,True,1.0,0.28063514366137354,0.28643233687381187,0.2835337402675927,0.7952675961782202,-0.05009259259259252,-0.05314814814814811,0.44717383382002046,0.08947013663627613,0.17880705526121804,0.35652620782005623,0.005797193212438323,0.003055555555555589,0.04333304264150206,0.38384241480234693,0.1233083479162531,0.11178828744268729,0.0,0.6670385132287617,0.6222783523409363,0.2936064956687729,0.31278569165083786,0.3911852806688123,happy,03,03,03,male,normal,253
100,3.336666666666667,True,1.0,0.2695005761841539,0.26607859906920295,0.2677895876266784,0.8384184937670632,-0.04879629629629634,-0.0521759259259259,0.44593677128970666,0.09489008221738467,0.17952442970375948,0.3193984741718711,0.003421977114950958,0.003379629629629566,0.04075622367179625,0.3634286695458627,0.12221899453072607,0.11331502612565482,0.0,0.9090203556612931,0.6188054202384079,0.29570770876130476,0.3119725704833134,0.3891540999524657,happy,03,03,03,male,normal,253
0,0.0,True,1.0,0.35910407909921466,0.3350263015137195,0.3470651903064671,0.7976611234695142,-0.051712962962962905,-0.05152777777777773,0.4246811976824013,0.13898640787726332,0.17710444305856654,0.43510355474874984,0.024077777585495175,0.00018518518518517713,0.015048654693852359,0.37530596639460306,0.1269420739046802,0.10799762795364343,0.0,0.6774692768677474,0.6264574056810224,0.2952548125569142,0.30866044134872234,0.3841355417304216,happy,03,03,03,male,normal,254
10,0.33366666666666667,True,1.0,0.34742130402040733,0.3294609203568527,0.33844111218863004,0.8287690400925753,-0.05111111111111105,-0.05236111111111108,0.42634235388409814,0.12611702784017406,0.17643213684734213,0.40836601732953903,0.017960383663554624,0.0012500000000000289,0.008835645921052012,0.3831521739130432,0.12366905454598161,0.11173067044474802,0.0,0.7071067807446058,0.62665739891269,0.29659532119875387,0.306607066850598,0.38315090803712565,happy,03,03,03,male,normal,254
20,0.6673333333333333,True,1.0,0.28056532633973286,0.2597830223552851,0.270174174347509,0.5568654913038479,-0.051805555555555494,-0.05287037037037029,0.39960780601865187,0.09711939265079879,0.18333499792094693,0.4851695401611648,0.020782303984447748,0.0010648148148147962,0.018333520866203833,0.5774081933849179,0.12220090203731601,0.11333453715115371,0.0,0.9999999987499999,0.6225941201089812,0.2977096346541738,0.295621602854076,0.37343506970551055,happy,03,03,03,male,normal,254
30,1.0010000000000001,True,1.0,0.30651340996168613,0.3073455783797857,0.3069294941707359,1.010334667778395,-0.051574074074074105,-0.05268518518518517,0.40163444302247026,0.23659136163110958,0.17711822764352933,0.3037899262089433,0.000832168418099577,0.0011111111111110628,0.007331376105842404,0.3346434159648815,0.12097789570488748,0.11430624928517448,0.0,0.78940864749171,0.6241673086578382,0.29949950984141077,0.3076885871150252,0.3882155110928656,happy,03,03,03,male,normal,254
40,1.3346666666666667,True,1.0,0.27172216689071843,0.29266753200226764,0.28219484944649303,0.8350677450916881,-0.050462962962962876,-0.052453703703703725,0.41949776828482666,0.16699198416279445,0.17923861692715684,0.3379304866044237,0.020945365111549208,0.0019907407407408484,0.02284187074362304,0.3776298054219649,0.12259806152694952,0.11273592653839423,0.0,0.9999999987499999,0.6245160405412163,0.2962598915467534,0.3125055919644647,0.3887324678301975,happy,03,03,03,male,normal,254
50,1.6683333333333334,True,1.0,0.22197390388905736,0.2470431176856335,0.23450851078734541,0.858377639838049,-0.0523148148148147,-0.05421296296296302,0.4265974593383988,0.15866572279765712,0.1799836581207141,0.2731996966179016,0.025069213796576145,0.0018981481481483153,0.02940163049598332,0.36301996693980476,0.12320429600056447,0.112242947294662,0.0,0.658208730488193,0.6235127544142658,0.29680177235338057,0.3151699942597531,0.3923179954509659,happy,03,03,03,male,normal,254
60,2.0020000000000002,True,1.0,0.20731642427755645,0.2303024118508308,0.21880941806419363,0.7789842212225719,-0.04976851851851838,-0.05236111111111108,0.4292778778077868,0.1297882870950541,0.1764619717587119,0.2808906934222423,0.022985987573274358,0.002592592592592702,0.026572763432630694,0.4007236713460605,0.12402888552910667,0.11133109774344536,0.0,0.6450271023192614,0.6244215240393033,0.29579664672437433,0.3083754401858081,0.38462430005487325,happy,03,03,03,male,normal,254
70,2.3356666666666666,True,1.0,0.24094525840130732,0.24500616695188476,0.24297571267659604,0.8021895129269169,-0.04986111111111102,-0.05148148148148152,0.41388191138644187,0.12954081178458146,0.1806163926619766,0.3028906620706873,0.004060908550577447,0.0016203703703704941,0.020652441665604346,0.38959558019512885,0.12131356623717407,0.1142838414506921,0.0,0.8380961882682293,0.6218779611063174,0.29893808059079574,0.3056527618740932,0.3831459212841385,happy,03,03,03,male,normal,254
80,2.6693333333333333,True,1.0,0.2713278680658152,0.2749163293371631,0.2731220987014892,0.7952944536962482,-0.05060185185185184,-0.052314814814814814,0.43476827647229405,0.08771329911428188,0.1792756451513826,0.34342261213078246,0.003588461271347876,0.0017129629629629717,0.023747792333915024,0.3890514801538099,0.12303387732234917,0.1120902980018674,0.0,0.9696366322269118,0.6219226237448104,0.29635310403997833,0.30608629214692984,0.38504869239199474,happy,03,03,03,male,normal,254
90,3.003,True,1.0,0.3068587016434354,0.3085222392271421,0.30769047043528874,0.7340019017465004,-0.05060185185185179,-0.05212962962962958,0.44334806698966206,0.07454706814612867,0.1771802450044448,0.41919574009708044,0.0016635375837066868,0.0015277777777777946,0.02560941916310478,0.4133813401512629,0.12469931780366751,0.11057964509693063,0.0,0.7281466351743489,0.6231041013045843,0.29522107333498476,0.3093616629702747,0.3824531052765441,happy,03,03,03,male,normal,254
100,3.336666666666667,True,1.0,0.2521120147008638,0.2720051759628649,0.2620585953318644,0.742811710742252,-0.04939814814814808,-0.051574074074074105,0.44454337280422573,0.07313179839515287,0.17856838012461476,0.3527927623408134,0.01989316126200108,0.0021759259259260255,0.022049691704350248,0.4007236713460599,0.12209935539891384,0.11344392967924392,0.0,0.9999999987499999,0.6245984757105967,0.29499733837633585,0.3116672901741889,0.38479628712955016,happy,03,03,03,male,normal,254
0,0.0,True,1.0,0.30675567537385895,0.3291473094734092,0.3179514924236341,0.8499594784685145,-0.051481481481481406,-0.052592592592592635,0.3983405703699541,0.20605078265903412,0.17502789956175552,0.37407841253388896,0.02239163409955025,0.0011111111111112293,0.017307763457495323,0.37530596639460184,0.12264253126936005,0.1128564898180851,0.0,0.8294488075680906,0.6255352279583708,0.2944587718610793,0.30067204059168534,0.37670397609992634,happy,03,03,03,male,normal,255
10,0.33366666666666667,True,1.0,0.31669514263648135,0.33079917105656814,0.3237471568465248,0.7887323943661962,-0.049907407407407345,-0.048703703703703694,0.4090877024221036,0.150234741784037,0.17779322663045252,0.4104651452875587,0.01410402842008679,0.0012037037037036513,0.008986854261495394,0.4199429487250923,0.12297035175951734,0.11215998601537898,0.0,0.9999999987499999,0.623897969984869,0.2966076618242661,0.30695994435668594,0.3792112313281208,happy,03,03,03,male,normal,255
20,0.6673333333333333,True,1.0,0.361616311439472,0.367172848760044,0.364394580099758,0.7564410584907773,-0.05124999999999996,-0.05319444444444438,0.4080731054298218,0.1197698342610394,0.18057625937153515,0.48172237084378305,0.005556537320572041,0.0019444444444444153,0.016386931763130892,0.4125000000000009,0.12083430607073782,0.11445802877488366,0.0,0.7542905914337742,0.6208334959218063,0.2986081634878625,0.30164711221721635,0.3745409503581719,happy,03,03,03,male,normal,255
30,1.0010000000000001,True,1.0,0.30685382931826083,0.27743014380015424,0.29214198655920753,0.9589459180113343,-0.050416666666666554,-0.05226851851851849,0.3982278901559199,0.23014054771083572,0.17926245206354585,0.3046490746475596,0.02942368551810659,0.0018518518518519378,0.020554783175920098,0.32999071914153405,0.12175102962907744,0.11381768120274383,0.0,0.6815849628985439,0.6213961906481343,0.29803313468543147,0.302818056884064,0.38098269325534845,happy,03,03,03,male,normal,255
40,1.3346666666666667,True,1.0,0.24094525840130732,0.24624002128325612,0.24359263984228172,0.7909784719845656,-0.0492129629629629,-0.05180555555555555,0.41783723524584093,0.16427399313465943,0.1799327836822381,0.30796367849444445,0.0052947628819488,0.0025925925925926463,0.015166361999614228,0.39835918331343484,0.12266827193739177,0.11282851071484057,0.0,0.693435487016885,0.6238805887042317,0.2964105972931082,0.3101727990192321,0.38815788189464495,happy,03,03,03,male,normal,255
50,1.6683333333333334,True,1.0,0.2760015809932688,0.27902095736677457,0.27751126918002167,0.8344338290321528,-0.04921296296296285,-0.05208333333333337,0.4171042252795371,0.13906768383960674,0.17926245206354585,0.3325743270762438,0.0030193763735057444,0.002870370370370523,0.02427162571575914,0.3834134303534726,0.12115794074416943,0.11411539453259097,0.0,0.8250636262069987,0.6231884778755252,0.29710454293455,0.3065030720904031,0.3868681407827211,happy,03,03,03,male,normal,255
60,2.0020000000000002,True,1.0,0.2706953429427999,0.30571993513057627,0.2882076390366881,0.8035314675667662,-0.04962962962962958,-0.05305555555555569,0.41512996892679044,0.17042131293089344,0.17856838012461476,0.3586762319457522,0.03502459218777637,0.00342592592592611,0.027999047096620447,0.39228114418403204,0.12245092475363953,0.11306435688129492,0.0,0.8372430905258935,0.6221029419736644,0.2949452380926753,0.3029413040927592,0.372309156600289,happy,03,03,03,male,normal,255
70,2.3356666666666666,True,1.0,0.2951326342793141,0.31765575325636997,0.30639419376784205,0.8300514787131307,-0.05171296296296296,-0.05416666666666675,0.39925577864969497,0.21373128838743174,0.18066369624796044,0.3691267368655977,0.02252311897705589,0.002453703703703791,0.02790869160949074,0.3930863765710038,0.12241207281162218,0.11243062932217951,0.0,0.7337423401154219,0.618782971782463,0.29358282186090146,0.30944457427224553,0.3741532688527164,happy,03,03,03,male,normal,255
80,2.6693333333333333,True,1.0,0.24730338661784024,0.2702518032035133,0.25877759491067676,0.8121849011173194,-0.05078703703703702,-0.05324074074074081,0.4352434239489147,0.1240497377369962,0.18001417588245403,0.31861906636614085,0.022948416585673037,0.002453703703703791,0.031287376315253204,0.38371361178552954,0.12147715217708822,0.11394285989609824,0.0,0.7071067807446058,0.6164571225130678,0.2943123336303159,0.3148028429197186,0.38503637155418885,happy,03,03,03,male,normal,255
90,3.003,True,1.0,0.2806092727159054,0.26828415631365676,0.2744467145147811,0.7997411053412865,-0.05148148148148152,-0.05342592592592593,0.42916572181958235,0.11421554572510816,0.18141829471211002,0.3431694490652222,0.012325116402248648,0.0019444444444444153,0.03344524829379713,0.39467057858859383,0.1235887574656865,0.11181948308957168,0.0,0.7885632173881219,0.6158784485981893,0.29377786491478153,0.31316622222757506,0.38154033680578253,happy,03,03,03,male,normal,255
100,3.336666666666667,True,1.0,0.24759070964554533,0.2434746222347641,0.24553266594015472,0.7840691212010499,-0.05078703703703702,-0.05268518518518517,0.43685735307161105,0.10791927607992463,0.17796693381460102,0.3131518118760292,0.004116087410781233,0.0018981481481481488,0.03335192680199047,0.3922591247781952,0.12304433942219295,0.11241827389829108,0.0,0.7955569969225836,0.6193031697131978,0.29449730123664875,0.3151477497124643,0.3883866604630454,happy,03,03,03,male,normal,255
0,0.0,True,1.0,0.22314494721365843,0.18334160517936487,0.20324327619651167,0.8341515776284472,-0.0588425925925925,-0.0537037037037037,0.4756314996839587,0.16020976289565214,0.16539590783075772,0.2436526905269986,0.03980334203429356,0.005138888888888804,0.03522458683815515,0.35867589550881457,0.1269189225687206,0.10802483448120796,0.0,0.658024679976858,0.621678420938688,0.29703387431025413,0.3194187278402164,0.38870795310891537,happy,03,03,03,male,strong,256
10,0.33366666666666667,True,1.0,0.21150668959539287,0.22652340599972035,0.2190150477975566,0.9821839593374404,-0.05523148148148149,-0.05435185185185187,0.43178500854460966,0.19521309495358738,0.1771182276435293,0.2229878076458297,0.015016716404327474,0.0008796296296296191,0.004219155867826133,0.319368242617665,0.12228195591934962,0.1132470795504832,0.0,0.6580353765292565,0.6171314343706232,0.29657461327023815,0.30979376426144734,0.39432181627842217,happy,03,03,03,male,strong,256
20,0.6673333333333333,True,1.0,0.2717155854556169,0.2751443309495059,0.27342995820256144,0.6494058875129868,-0.05509259259259264,-0.061203703703703594,0.4083124037405034,0.21441439679453259,0.18754922856350442,0.42104631858160263,0.003428745493888996,0.006111111111110956,0.009899349494479893,0.46695483387903836,0.12224563181522369,0.11328628898600061,0.0,0.696068905538195,0.6143145056850866,0.29510808445187986,0.30839162595835373,0.38260064084460654,happy,03,03,03,male,strong,256
30,1.0010000000000001,True,1.0,0.23454994031567591,0.2347268210932781,0.234638380704477,1.0152763542436545,-0.07050925925925933,-0.07939814814814816,0.4381358846964576,0.2593282394399307,0.1888953513242955,0.23110789463748954,0.00017688077760219523,0.008888888888888835,0.03840307625006288,0.3035416196040693,0.12577484312962878,0.109354774043462,0.0,0.9999999987499999,0.5735930993178522,0.27512589737893306,0.3447060049619947,0.37134352785513863,happy,03,03,03,male,strong,256
40,1.3346666666666667,True,1.0,0.19807629280604644,0.19777873722960673,0.19792751501782657,0.8010819687497486,-0.07050925925925927,-0.08231481481481479,0.42944128568318535,0.26659360281788436,0.18222768801216802,0.24707523416952293,0.0002975555764397064,0.011805555555555514,0.048516647049721355,0.38131680175660804,0.12412012564210113,0.1110579498884611,0.0,0.7071067807446058,0.6187242087616297,0.29869884978401345,0.3194436260024642,0.39042136822418433,happy,03,03,03,male,strong,256
50,1.6683333333333334,True,1.0,0.21146903320895566,0.19371233115351477,0.20259068218123522,1.0635174263912601,-0.07273148148148145,-0.08078703703703705,0.4073604326463938,0.3521736404565865,0.18548619256239374,0.19049117311473523,0.017756702055440887,0.008055555555555594,0.025928873580491563,0.3062022563594141,0.11997482040617295,0.11552366117345834,0.0,0.6860954062068501,0.6167203425667143,0.30172307557896744,0.3164128840987335,0.387219732024421,happy,03,03,03,male,strong,256
60,2.0020000000000002,True,1.0,0.1801501496565381,0.1931545326141425,0.1866523411353403,0.8973170348955509,-0.06939814814814815,-0.08087962962962958,0.4283759669975937,0.2832439994291778,0.18041001412442012,0.20801158774063272,0.013004382957604393,0.011481481481481426,0.06869056844390933,0.33537301486317633,0.12405997214951715,0.11112514176925099,0.0,0.7071067807446058,0.6145081320262481,0.2978636045603623,0.3232653750436247,0.39328627810777733,happy,03,03,03,male,strong,256
70,2.3356666666666666,True,1.0,0.21146903320895533,0.2164817398454574,0.21397538652720638,1.0569707366756007,-0.06513888888888891,-0.06884259259259251,0.4332971385096031,0.3065038712510835,0.1767039238266158,0.20244211036551948,0.005012706636502079,0.003703703703703598,0.04954888837432908,0.30085600521019723,0.1229752010726333,0.11249390068594207,0.0,0.7343256830222217,0.6127877700142557,0.2980893893556682,0.32125523769106246,0.39324349003311737,happy,03,03,03,male,strong,256
80,2.6693333333333333,True,1.0,0.23505675453462072,0.19751537468430538,0.21628606460946304,0.7539516257881211,-0.06736111111111115,-0.06643518518518521,0.42460127234790596,0.20595986972872565,0.18987647787454723,0.2868699492270141,0.03754137985031533,0.0009259259259259411,0.03046586677298123,0.40276131154211486,0.12182113971291379,0.11323902086491983,0.0,0.7071067807446058,0.6162747989430146,0.2975444053296416,0.318416794545684,0.3863343610323884,happy,03,03,03,male,strong,256
90,3.003,True,1.0,0.20940725929491066,0.22597765633120986,0.21769245781306026,0.9184479742521919,-0.06722222222222218,-0.06462962962962954,0.4035932915619824,0.2542513432975353,0.18688558749401266,0.23702208934622268,0.0165703970362992,0.0025925925925926463,0.025845503007309648,0.3291250276279395,0.12436694125510529,0.11095333115005533,0.0,0.7071067807446058,0.6119980817561401,0.29909172185110844,0.3194582306515394,0.3820470961421439,happy,03,03,03,male,strong,256
100,3.336666666666667,True,1.0,0.26001127568745086,0.2506521772130925,0.2553317264502717,0.9657943308651137,-0.06314814814814812,-0.062222222222222234,0.45249810044086264,0.194204039098748,0.18229675608801468,0.26437484492330515,0.00935909847435834,0.0009259259259258856,0.02468710964903384,0.31857491113815634,0.12281185398636255,0.11267220726827355,0.0,0.7071067807446058,0.6144175377807373,0.30191968062549857,0.3265919968621576,0.4041790334832801,happy,03,03,03,male,strong,256
110,3.6703333333333332,True,1.0,0.21054082228884458,0.2252400283884469,0.21789042533864572,0.9207838109376054,-0.061481481481481526,-0.06120370370370376,0.45886540413400656,0.1461909262378122,0.18553554424467675,0.23663581260923203,0.014699206099602319,0.0002777777777777657,0.026822603572680334,0.33264286218325034,0.11962789652170107,0.11604716344372083,0.0,0.8170890689317122,0.6216737858502777,0.2959769836867012,0.31844835470971805,0.40932444940707463,happy,03,03,03,male,strong,256
120,4.0040000000000004,True,1.0,0.280988545766527,0.27491632933716353,0.2779524375518453,0.8699299179314471,-0.06069444444444444,-0.06138888888888888,0.45237920998632114,0.11559722722504202,0.18827388599143427,0.3195112983500686,0.006072216429363453,0.000694444444444442,0.025181162948390953,0.37103303692639944,0.12450830396631984,0.11079467502495563,0.0,0.6715983865181389,0.6195976844097014,0.29394856755225546,0.3279157804382742,0.4108906961672351,happy,03,03,03,male,strong,256
0,0.0,True,1.0,0.20244606318206457,0.1733247846947468,0.18788542393840568,0.8939592706391488,-0.04342592592592587,-0.05365740740740749,0.39540069322097204,0.13803175095449985,0.175577256461631,0.21017224174438545,0.02912127848731777,0.010231481481481619,0.10618135867286722,0.33489426070615175,0.12076552621249813,0.11386325905736314,0.0,0.8396274521103454,0.5967851448079231,0.300217470649083,0.2890517636529508,0.3584574699908295,happy,03,03,03,male,strong,257
10,0.33366666666666667,True,1.0,0.25797750789844326,0.2527278708488429,0.2553526893736431,1.1071172636467803,-0.04518518518518522,-0.05449074074074073,0.40908890481178856,0.21816034332300904,0.17990452959556283,0.2306464705757781,0.005249637049600353,0.009305555555555511,0.08946924435928309,0.2808880539451456,0.11942566199323763,0.11625527526506585,0.0,0.9300718737619517,0.5929817971329157,0.3003911443501498,0.2943704016117991,0.3663351713605805,happy,03,03,03,male,strong,257
20,0.6673333333333333,True,1.0,0.24687061602058355,0.23849741831379986,0.2426840171671917,1.0941776865311141,-0.05166666666666658,-0.05796296296296305,0.3933727524844169,0.2883367756270385,0.17952442970375948,0.22179580168242694,0.008373197706783686,0.006296296296296466,0.05781004372293753,0.27696299910894356,0.11751018103878338,0.11786826216791617,0.0,0.8531023519400519,0.5992628337663191,0.29495281676124063,0.2893757163304177,0.34655662712946056,happy,03,03,03,male,strong,257
30,1.0010000000000001,True,1.0,0.22301092287704086,0.25045832145615954,0.23673462216660018,1.0187945378315346,-0.06810185185185186,-0.07865740740740745,0.45481106328925713,0.25721740439845847,0.18974423689279155,0.23236738456654943,0.02744739857911868,0.010555555555555596,0.023415642846916225,0.30050502538871054,0.12273002999539277,0.11276132984235848,0.0,0.6830454661546372,0.6468244314835309,0.3168278068677002,0.31193551730783853,0.4339185155916704,happy,03,03,03,male,strong,257
40,1.3346666666666667,True,1.0,0.23186877830573532,0.21882443905898966,0.2253466086823625,0.7464286772405981,-0.06425925925925935,-0.07310185185185186,0.44667956834510064,0.20853241740981432,0.18680923124255766,0.3018997200314237,0.013044339246745668,0.008842592592592513,0.022201167219696696,0.41589231475138677,0.12120909234986575,0.11422797273073401,0.0,0.751772944505621,0.6088573584590086,0.2986464597722101,0.3201539004419796,0.38248149346087523,happy,03,03,03,male,strong,257
50,1.6683333333333334,True,1.0,0.2029616315474251,0.20864658802023636,0.20580410978383074,0.9508024228737747,-0.06712962962962954,-0.07310185185185186,0.417061402120142,0.32854571316904674,0.1902922118220079,0.21645307671997024,0.005684956472811253,0.005972222222222323,0.010705259648580528,0.33525531735727726,0.12223216372325155,0.1133008204816521,0.0,0.7551119423149708,0.6090029230051397,0.29925904001307274,0.3295352202194109,0.3902378473613995,happy,03,03,03,male,strong,257
60,2.0020000000000002,True,1.0,0.20220058468290272,0.18973815619985043,0.19596937044137658,1.018705336448506,-0.06384259259259256,-0.06685185185185177,0.42782247454431227,0.3547166128333455,0.17501569405074077,0.19237100605026874,0.01246242848305229,0.0030092592592592116,0.01497325000014768,0.32931384059120095,0.12178679515771114,0.11344402320232504,0.0,0.7071067807446058,0.6115460670752676,0.2969675018810274,0.32894729181973786,0.3927955112850746,happy,03,03,03,male,strong,257
70,2.3356666666666666,True,1.0,0.254738827571287,0.25757100276213235,0.2561549151667097,1.3640152989791041,-0.0692592592592593,-0.07384259259259263,0.39908958933583366,0.49143609346716094,0.17652897382588306,0.187794752271788,0.002832175190845332,0.004583333333333328,0.01718680104213824,0.23375540141939907,0.12179425669993127,0.11326793439609174,0.0,0.9999999987499999,0.6042746367453231,0.30149655739694947,0.3200691814428695,0.38014855966959066,happy,03,03,03,male,strong,257
80,2.6693333333333333,True,1.0,0.17533255875207995,0.15744740271903085,0.1663899807355554,0.7848104954455966,-0.06777777777777777,-0.0710648148148148,0.42203024631769065,0.2769824631975667,0.18057625937153507,0.21201294032272486,0.017885156033049104,0.0032870370370370328,0.004868595891562734,0.3970452394629871,0.12562940659118066,0.10952182417241274,0.0,0.8293680723815119,0.6146287724542943,0.29458595735343407,0.3299192313317444,0.3922792333671027,happy,03,03,03,male,strong,257
90,3.003,True,1.0,0.198088740254272,0.17213738144152257,0.1851130608478973,1.0605430243267655,-0.07041666666666668,-0.06916666666666665,0.36478232472078237,0.4161519036819481,0.1875101722501092,0.174545545632538,0.02595135881274943,0.0012500000000000289,0.0052469715019404055,0.2921972771840853,0.12149466140670619,0.1139241900212098,0.0,0.9999999987499999,0.6064277077002675,0.2961585547338238,0.320279110129726,0.36750799799763084,happy,03,03,03,male,strong,257
100,3.336666666666667,True,1.0,0.18796768909114062,0.18675712551964926,0.18736240730539494,1.087503749748465,-0.06407407407407417,-0.061712962962962914,0.40033755378324687,0.3261492192138161,0.18265392658968596,0.17228667703328018,0.001210563571491352,0.002361111111111258,0.009530559974601548,0.28762475865092896,0.12313191158463718,0.11232234915448021,0.0,0.9999999987499999,0.6009210265434299,0.2984319901509021,0.325444067071039,0.38166011824370955,happy,03,03,03,male,strong,257
110,3.6703333333333332,True,1.0,0.1858683599184854,0.17555560978019014,0.18071198484933776,0.8779452646300488,-0.06050925925925926,-0.059768518518518554,0.45498617704155747,0.1533618930347384,0.18472222222222223,0.20583513816830792,0.010312750138295274,0.0007407407407407085,0.008216231862376909,0.3593557479811674,0.12304753042432226,0.11241478117687412,0.0,0.6928988495633485,0.6515156049763656,0.3119677765125309,0.3145810426831489,0.4302970353147346,happy,03,03,03,male,strong,257
120,4.0040000000000004,True,1.0,0.21566043137890256,0.21882443905898985,0.2172424352189462,1.0351810923557165,-0.061620370370370436,-0.05995370370370373,0.433983125821443,0.24753867791842482,0.18334373675797253,0.20985935390741833,0.0031640076800872885,0.0016666666666667052,0.007270012456074518,0.3058939799190021,0.12244329454954128,0.11307261998345713,0.0,0.6425672205388482,0.6085507991321529,0.2932011517588861,0.3271810939570587,0.40755494398434056,happy,03,03,03,male,strong,257
130,4.337666666666666,True,1.0,0.262806877735761,0.2626953390665421,0.26275110840115157,1.0239234141307065,-0.06083333333333335,-0.058842592592592446,0.4388952643884167,0.23064644109240326,0.18194612173871696,0.2566120715426971,0.00011153866921892464,0.001990740740740904,0.003915419589488774,0.30923760232572084,0.12335145012357375,0.11208120949865859,0.0,0.6725378603284509,0.6107559695440676,0.2942450038294382,0.32542928411127864,0.4046948462139033,happy,03,03,03,male,strong,257
0,0.0,True,1.0,0.4446175581050485,0.41862158424198914,0.4316195711735188,0.8819620804635291,-0.07208333333333328,-0.06541666666666662,0.47573779243045755,0.07435502861779253,0.20430152228090084,0.4893856331631336,0.025995973863059352,0.006666666666666654,0.021303178624626513,0.3406525360400276,0.12469815841437176,0.11058095251218344,0.0,0.7105167610948494,0.6007267700361395,0.3011380610766828,0.33300772613361473,0.41618906825525404,happy,03,03,03,male,strong,258
10,0.33366666666666667,True,1.0,0.40545808966861435,0.4014338445270331,0.40344596709782377,0.865117812708858,-0.0741666666666666,-0.0668981481481481,0.4608862126129424,0.09851777636035286,0.20778581119812384,0.46634800621496075,0.004024245141581229,0.0072685185185185075,0.025964110433628455,0.35788712244396126,0.12232186294081028,0.11303555046552331,0.0,0.9999999987499999,0.6066852802370949,0.29983902038789567,0.33279719145066994,0.4168086328209967,happy,03,03,03,male,strong,258
20,0.6673333333333333,True,1.0,0.37429248121230574,0.3240636168493125,0.3491780490308091,0.771723894756688,-0.08199074074074086,-0.07175925925925936,0.435417619287496,0.1380975863313507,0.21396913110426488,0.45246499609928403,0.05022886436299323,0.010231481481481508,0.021907782566280204,0.4070249493527404,0.12021593018857309,0.1152727372413573,0.0,0.9999999987499999,0.6031204796606141,0.3005097316752583,0.32960568864953754,0.4055443333980314,happy,03,03,03,male,strong,258
30,1.0010000000000001,True,1.0,0.4214184709057767,0.40501885659334025,0.4132186637495585,1.230769679017016,-0.08004629629629634,-0.06986111111111104,0.3985955253159814,0.2282023141731473,0.22172606286172244,0.335740042019548,0.016399614312436472,0.010185185185185297,0.01799131730857418,0.2714636980401882,0.11968429686664711,0.11598899453577165,0.0,0.6433073491554027,0.5723973735040891,0.30537674079885724,0.327287965118367,0.406907332788666,happy,03,03,03,male,strong,258
40,1.3346666666666667,True,1.0,0.39865304489199405,0.3861724015116114,0.39241272320180276,0.9060267503825851,-0.07726851851851857,-0.06884259259259251,0.44877470662516594,0.11181202533080956,0.21468606113307648,0.43311383801427483,0.012480643380382628,0.008425925925926059,0.018091856788940035,0.3548894334716311,0.1196327487540761,0.11587786349171816,0.0,0.7636651318449278,0.593261159369998,0.2997909418747757,0.3232524205196212,0.4097061642335443,happy,03,03,03,male,strong,258
50,1.6683333333333334,True,1.0,0.3373850224138888,0.33801941443029776,0.33770221842209325,1.0791759636755167,-0.08074074074074067,-0.07180555555555546,0.44018136626477655,0.19664041423446396,0.2160626373800082,0.3129260007533234,0.0006343920164089689,0.008935185185185213,0.019134462906100044,0.3015896069020888,0.11893097734027114,0.11643449876704474,0.0,0.7544291206223517,0.5845486331329406,0.29994249235197096,0.3285103388717965,0.41357067979802037,happy,03,03,03,male,strong,258
60,2.0020000000000002,True,1.0,0.3740871017863122,0.31659873803452165,0.34534291991041693,0.5448609301143643,-0.08273148148148152,-0.07254629629629633,0.42889418393307027,0.040470541868957204,0.21887587059453498,0.6338184678389965,0.05748836375179056,0.010185185185185186,0.03257435246212634,0.5409402695450855,0.12353273362402784,0.11188137241560779,0.0,0.9999999987499999,0.5830043972432722,0.299059550149513,0.3300072991688277,0.4075360354919759,happy,03,03,03,male,strong,258
70,2.3356666666666666,True,1.0,0.3121373538891907,0.2968956913111443,0.3045165226001675,0.8390092157350816,-0.0822222222222222,-0.07162037037037039,0.45771402832098895,0.08599634103430631,0.2146984988792585,0.36294776849783617,0.015241662578046433,0.010601851851851807,0.026004370392129057,0.36955389297443286,0.12159332986637954,0.11398613907757625,0.0,0.7415171519150803,0.5822772194190176,0.29872227791601147,0.33070605158126803,0.4116806198206312,happy,03,03,03,male,strong,258
80,2.6693333333333333,True,1.0,0.4056402197173384,0.36120823950218317,0.38342422960976075,1.0286155953656353,-0.08236111111111111,-0.06976851851851856,0.38749724696369586,0.2248096939433644,0.21881834869718422,0.37275755037864017,0.04443198021515521,0.012592592592592544,0.01667505820234047,0.31136248411069034,0.11986090376966145,0.11580648305357202,0.0,0.7369297747709479,0.5837556689394507,0.2983891776717834,0.31860361165671724,0.39843538741071066,happy,03,03,03,male,strong,258
90,3.003,True,1.0,0.4517043363728505,0.40501885659333964,0.4283615964830951,1.1298717297443845,-0.07921296296296293,-0.06819444444444445,0.3735506434321599,0.3347624202610376,0.21401761847716905,0.37912409453770923,0.046685479779510874,0.011018518518518483,0.024407940259801517,0.2896741749123467,0.12184410725854529,0.11371803417380107,0.0,0.9999999987499999,0.590411151358981,0.299321457068832,0.32794079617019595,0.40217483163715223,happy,03,03,03,male,strong,258
100,3.336666666666667,True,1.0,0.3316666322034822,0.30854553782229366,0.32010608501288795,1.0500929440963356,-0.07657407407407402,-0.06490740740740736,0.45897015210508063,0.21424822220579604,0.20565055049708245,0.30483595458148455,0.023121094381188534,0.011666666666666659,0.02165754440943436,0.29908747141091835,0.12293720648576877,0.11253542123042772,0.0,0.9999999987499999,0.5999615057272909,0.29708453401608315,0.34252751743778354,0.4210910999106714,happy,03,03,03,male,strong,258
110,3.6703333333333332,True,1.0,0.3318831702450061,0.2930877919207514,0.31248548108287877,1.0423748669375612,-0.07564814814814808,-0.0652314814814815,0.4662976750292056,0.20842222318762046,0.20354570111552805,0.29978224820495103,0.03879537832425467,0.010416666666666574,0.01474125200883807,0.2987195026207607,0.12144720251548992,0.11380749920746312,0.0,0.9999999987499999,0.6047510550704658,0.29483156730365256,0.34423515041468766,0.4220703876625907,happy,03,03,03,male,strong,258
120,4.0040000000000004,True,1.0,0.3557898238735856,0.3351107020965592,0.3454502629850724,1.030353448164892,-0.07467592592592581,-0.06347222222222221,0.46371563440215235,0.17343217235870506,0.2056627927461448,0.33527355452668756,0.02067912177702641,0.011203703703703605,0.019253640851387397,0.3056649917635765,0.12362071648794923,0.1117841501524766,0.0,0.7457631362598467,0.6079635049332233,0.2945747640850798,0.3456601804714836,0.4236730532202697,happy,03,03,03,male,strong,258
0,0.0,True,1.0,0.30141962417835466,0.28969974540790105,0.2955596847931279,0.9013528115716881,-0.0531018518518519,-0.05421296296296296,0.46165394391516296,0.10438573223452279,0.17652897382588306,0.32790676525184487,0.011719878770453607,0.0011111111111110628,0.017859605402800748,0.34372454921973733,0.12669890498764258,0.10828280216921005,0.0,0.6314034859082354,0.6256911480529713,0.2944076560741291,0.31578619201782965,0.4022182722153211,happy,03,03,03,male,strong,259
10,0.33366666666666667,True,1.0,0.29601119637698114,0.29965421265039793,0.29783270451368954,0.9372773497553145,-0.05212962962962958,-0.05458333333333337,0.4648145049609432,0.10350103469073371,0.17878358615153647,0.31776368498763113,0.003643016273416788,0.002453703703703791,0.026544677659369856,0.3352798786221378,0.12477849829413705,0.11049028977255064,0.0,0.7042674801107448,0.6185268037761978,0.2993765274956476,0.32096246551368396,0.4046981995620092,happy,03,03,03,male,strong,259
20,0.6673333333333333,True,1.0,0.1957680224510618,0.20247897746614166,0.19912349995860174,0.8346128495542922,-0.05638888888888888,-0.05782407407407414,0.4487383428244936,0.09021799108145181,0.18056231624629018,0.23858187669281578,0.006710955015079845,0.0014351851851852615,0.026025935324306054,0.3726682152445057,0.1207985611326266,0.11482806886036567,0.0,0.7071067807446058,0.6251326518888806,0.297812946351968,0.3065118793032719,0.39836597464136936,happy,03,03,03,male,strong,259
30,1.0010000000000001,True,1.0,0.27854248616616756,0.26286391432556167,0.2707032002458646,1.225511293823393,-0.07787037037037037,-0.08013888888888893,0.3964144504073041,0.31249795047435996,0.2070638586595504,0.22089000861127545,0.015678571840605893,0.0022685185185185586,0.027846529536217825,0.2667195014653252,0.12079114059760873,0.11483587472194677,0.0,0.7039055515717257,0.6281450659560699,0.2978779359382605,0.3227096963187577,0.4082147581276487,happy,03,03,03,male,strong,259
40,1.3346666666666667,True,1.0,0.2676916412181769,0.25897453624138794,0.26333308872978245,0.7933941425040245,-0.07254629629629633,-0.07481481481481478,0.4357169367444505,0.1865215041410097,0.19518619083212763,0.33190702404063527,0.008717104976788959,0.0022685185185184475,0.028470851077799893,0.39287569441080195,0.12271102086252182,0.11278201598237085,0.0,0.7482187887101962,0.6210274500268858,0.2992271000361299,0.31336693698760093,0.3800290568094492,happy,03,03,03,male,strong,259
50,1.6683333333333334,True,1.0,0.24007573896236106,0.22573303198292563,0.23290438547264336,0.7936347377068639,-0.06384259259259267,-0.06138888888888888,0.45388679187892633,0.16509387966060407,0.18500121296028996,0.2934654626454477,0.014342706979435432,0.002453703703703791,0.03502059685182175,0.38624559154118904,0.1231746841310289,0.11227544237079162,0.0,0.7401647081582226,0.6286994333827282,0.29368077628941286,0.31197642724718305,0.3970913002092291,happy,03,03,03,male,strong,259
60,2.0020000000000002,True,1.0,0.2377947893350435,0.2271709290495555,0.2324828591922995,0.45205930658533294,-0.05601851851851847,-0.05824074074074076,0.40111861481552785,0.11252142946124712,0.1863880229335427,0.5142751311733362,0.010623860285488007,0.002222222222222292,0.04691344844345057,0.6473506774702145,0.12819369504869882,0.10650894009661493,0.0,0.9999999987499999,0.5630046665775686,0.26640241335065445,0.3393854216280064,0.35934158377110764,happy,03,03,03,male,strong,259
70,2.3356666666666666,True,1.0,0.24730338661783913,0.2435677181624096,0.24543555239012438,0.8089826436188776,-0.0559722222222222,-0.055694444444444435,0.45093812122959825,0.14395859869012953,0.1850230687103143,0.30338790866043885,0.003735668455429525,0.0002777777777777657,0.029216111331703744,0.3758726510314539,0.12360817960728326,0.11179801297192693,0.0,0.7760198381336145,0.6270805017710209,0.2944616566620918,0.3263414505759233,0.4123997691627464,happy,03,03,03,male,strong,259
80,2.6693333333333333,True,1.0,0.2850899400178036,0.27706231550740207,0.2810761277626028,0.8971141398380982,-0.05500000000000005,-0.056435185185185255,0.38865016450965667,0.1855374918163619,0.18282301549403876,0.3133114453121077,0.00802762451040151,0.001435185185185206,0.028855210096221235,0.34763384448971507,0.12233660234689521,0.11301959807323146,0.0,0.9999999987499999,0.6252362604807549,0.29596434718851866,0.31312803631141034,0.38820288877487735,happy,03,03,03,male,strong,259
90,3.003,True,1.0,0.28174164433049326,0.2725936464153614,0.2771676453729273,0.9966293631175847,-0.055694444444444435,-0.05583333333333329,0.4461362130147887,0.16232033649542393,0.18206558918309676,0.2781050364660252,0.009147997915131878,0.0001388888888888551,0.02359256147415265,0.3167080379899199,0.1235650581992553,0.111845671184226,0.0,0.658685943672817,0.6208137619266456,0.29555427594062106,0.3255993394043568,0.4072264137501452,happy,03,03,03,male,strong,259
100,3.336666666666667,True,1.0,0.276749524983622,0.3066564484267064,0.2917029867051642,0.9154284480519245,-0.05564814814814811,-0.05657407407407411,0.4593689775731399,0.13454819695476816,0.18006629842695698,0.3186518698713396,0.029906923443084432,0.0009259259259259967,0.022991435824394585,0.3340292023158005,0.12359721327093985,0.11181013657998651,0.0,0.6925137968699049,0.6188226137251776,0.2952222651197448,0.3265487555166804,0.4102454448205808,happy,03,03,03,male,strong,259
110,3.6703333333333332,True,1.0,0.266549688356858,0.27442374305914663,0.2704867157080023,0.8939026850033621,-0.053379629629629666,-0.05375000000000002,0.4617663546841051,0.10350103469073368,0.18075995458352442,0.3025907856032281,0.007874054702288635,0.00037037037037035425,0.02401331914733306,0.34473079346051416,0.1215170514886861,0.11406745358473369,0.0,0.9999999987499999,0.6179170295305623,0.29706114217467955,0.3187915588587832,0.40463072191458915,happy,03,03,03,male,strong,259
0,0.0,True,1.0,0.36712690393516734,0.35154384976247716,0.3593353768488222,0.5134137837720366,-0.04898148148148157,-0.05171296296296285,0.34766158197906394,0.19067192544440684,0.16396754329668484,0.6998942922973266,0.01558305417269018,0.0027314814814812793,0.02451373192479343,0.6113033160064397,0.12891376424954515,0.10563625872795608,0.0,0.6531351180138044,0.6254528406753327,0.29253590008925306,0.29723764934492675,0.3658057059516641,sad,04,03,03,male,normal,260
10,0.33366666666666667,True,1.0,0.3357482720635971,0.34567152106619176,0.3407098965648944,0.5480435636492619,-0.05004629629629631,-0.05254629629629626,0.35556820096664726,0.25227795024380084,0.1695745194699872,0.6216839666836096,0.00992324900259467,0.0024999999999999467,0.024286662336964415,0.5794429502258708,0.12693575900616832,0.10800505014193795,0.0,0.9999999987499999,0.6268302835743672,0.2934533764930926,0.2994510094559858,0.3725600673559589,sad,04,03,03,male,normal,260
20,0.6673333333333333,True,1.0,0.33675285400071603,0.3071702753634759,0.32196156468209597,0.5296582458428711,-0.050555555555555576,-0.05263888888888879,0.35896787485860454,0.2216534488852302,0.16955967165893665,0.6078666143859287,0.02958257863724012,0.002083333333333215,0.02195411001279296,0.5777340083336152,0.12537576811819887,0.10981208740090076,0.0,0.6864100557577457,0.6289533215317378,0.293107093305439,0.2973644014863622,0.3693204636841001,sad,04,03,03,male,normal,260
30,1.0010000000000001,True,1.0,0.3826870287172999,0.38127957968864934,0.38198330420297466,0.9204005295405424,-0.05083333333333334,-0.05523148148148144,0.36787088700892717,0.2814564249273652,0.16749280406255157,0.415018561966341,0.001407449028650587,0.0043981481481480955,0.023425325404947427,0.35524324192666445,0.12540750419288502,0.10977584280149338,0.0,0.6350607593495063,0.6299046303130628,0.2930309580593081,0.2993677413332321,0.36680927840234384,sad,04,03,03,male,normal,260
40,1.3346666666666667,True,1.0,0.35793945621951045,0.34616753551151663,0.35205349586551354,0.7934544201949124,-0.05921296296296302,-0.064537037037037,0.35442900897933693,0.2883931690912471,0.1779493563569561,0.4436971890320196,0.011771920707993822,0.005324074074073981,0.0304450730472728,0.4023866107036278,0.12610813125571405,0.10897025741914558,0.0,0.6591350588775327,0.6292590481583259,0.29338268959230396,0.30513884770645605,0.37406382776886893,sad,04,03,03,male,normal,260
50,1.6683333333333334,True,1.0,0.3739415344551952,0.3588225363605866,0.3663820354078909,0.9091375888031007,-0.056064814814814845,-0.06296296296296294,0.3688096808744502,0.2751367425493755,0.17722286935101503,0.4029995458555847,0.015118998094608593,0.006898148148148098,0.02483043528717349,0.36880351819411944,0.1229794563651921,0.11248924874242217,0.0,0.6963873279799964,0.6296292244944852,0.29494778975042363,0.30487079830321157,0.37573013534691446,sad,04,03,03,male,normal,260
60,2.0020000000000002,True,1.0,0.35347207601487574,0.3678769096768537,0.3606744928458647,1.141251740899271,-0.057222222222222174,-0.06384259259259256,0.3460996085058403,0.35823729135746013,0.17590449211917383,0.31603412281471255,0.014404833661977978,0.0066203703703703876,0.029185694021725026,0.2908253472813047,0.12494773095925046,0.11029887714189954,0.0,0.6778498381741457,0.6274370558379602,0.2952878656997269,0.30493879517272754,0.37188796330072466,sad,04,03,03,male,normal,260
70,2.3356666666666666,True,1.0,0.32906855032057325,0.3357502913172434,0.33240942081890834,0.7741831695636894,-0.05703703703703705,-0.06324074074074076,0.35437183223552354,0.29350504783561737,0.17657953274154514,0.42936792465566787,0.006681740996670127,0.006203703703703711,0.023781776011105062,0.40947606342120524,0.1263680259054141,0.10866876183847937,0.0,0.6247602026082533,0.6311783715204832,0.2937567382973941,0.30477028793637706,0.3737152546916493,sad,04,03,03,male,normal,260
80,2.6693333333333333,True,1.0,0.29842671885206157,0.32719753296247384,0.3128121259072677,0.9815403259345852,-0.05421296296296291,-0.05888888888888877,0.3452713646372992,0.3641481232222142,0.16903233398270473,0.31869513421103707,0.02877081411041227,0.004675925925925861,0.024406364793933606,0.34372636464128825,0.12430185318974757,0.11102624493425203,0.0,0.6922609690667166,0.6262331745823329,0.2952022083014401,0.3010801098459152,0.3699553443503997,sad,04,03,03,male,normal,260
90,3.003,True,1.0,0.298191217363481,0.3124933843796169,0.3053423008715489,0.8445986971525667,-0.055972222222222257,-0.06087962962962962,0.3547720224995666,0.3147063481409262,0.16836216667395595,0.36152352815717453,0.014302167016135903,0.00490740740740736,0.02732421642040348,0.3750100846663783,0.12507577200511824,0.11015366098310451,0.0,0.7001957354426585,0.6286200600630877,0.294226286121079,0.29919006025077605,0.3708204406327133,sad,04,03,03,male,normal,260
100,3.336666666666667,True,1.0,0.36357116287781566,0.3651653924321458,0.3643682776549807,0.9656080185434672,-0.05587962962962967,-0.06087962962962962,0.3477641790883598,0.37285922161694846,0.16760208980345773,0.3773459526616167,0.00159422955433014,0.004999999999999949,0.023239267083794826,0.3521712241705081,0.12638668048306478,0.10864706515739816,0.0,0.6452088097895016,0.6269791271664916,0.29435583377532515,0.3005701845470766,0.3665830892024108,sad,04,03,03,male,normal,260
0,0.0,True,1.0,0.2749711349985447,0.2919553419282344,0.28346323846338956,0.6651106121299111,-0.05513888888888879,-0.05689814814814814,0.3700086580281994,0.18704951643144052,0.17016086012648826,0.42618961913063386,0.016984206929689716,0.0017592592592593492,0.01611963525688741,0.44528192596622235,0.12814314378782604,0.10656975401638354,0.0,0.6535769443044955,0.6266502299357243,0.291515098985743,0.2967992151742203,0.361477384744802,sad,04,03,03,male,normal,261
10,0.33366666666666667,True,1.0,0.36844947418911517,0.3588225363605861,0.3636360052748506,0.6369015164528843,-0.05226851851851855,-0.05518518518518517,0.3593730392478224,0.13444648358545658,0.1660278340644976,0.5709454223002327,0.00962693782852908,0.002916666666666623,0.01308060718810035,0.4505131677655279,0.12464300438079608,0.11064311650200821,0.0,0.7071067807446058,0.6295659524356617,0.29078618496872793,0.29375362034718583,0.36111947958971136,sad,04,03,03,male,normal,261
20,0.6673333333333333,True,1.0,0.2911525734515676,0.312513682496047,0.3018331279738073,0.7390562127199773,-0.0530092592592592,-0.05583333333333329,0.361024197760975,0.20603477006872245,0.17018372513671265,0.4084034783537765,0.02136110904447941,0.00282407407407409,0.013419900468787205,0.44382249197732854,0.12466170729037628,0.11062204349057081,0.0,0.6869108321024981,0.6282559224627351,0.29294076840132943,0.29053295705882853,0.35949834096116606,sad,04,03,03,male,normal,261
30,1.0010000000000001,True,1.0,0.3601136084435401,0.36181473527698416,0.36096417186026214,0.9134601469873834,-0.060972222222222316,-0.06458333333333333,0.37519038209504396,0.24532940203688353,0.1799327836822381,0.3951613795639929,0.0017011268334440333,0.0036111111111110095,0.012890770994995087,0.3537610195262961,0.12392297610283497,0.11144897381480864,0.0,0.7071067807446058,0.6285757076658788,0.2949809305525804,0.30072928961451284,0.3713242038368609,sad,04,03,03,male,normal,261
40,1.3346666666666667,True,1.0,0.3601136084435401,0.3613234327255247,0.3607185205845324,0.781191046123816,-0.057638888888888795,-0.06175925925925935,0.36605508097910583,0.2650335921526744,0.1778618719629574,0.46175455079058836,0.0012098242819845728,0.004120370370370552,0.01855032355635559,0.3933458614239385,0.12340742161309202,0.11184937243265829,0.0,0.7035624164332628,0.628233552928984,0.2958907498664181,0.3001036171695061,0.36881696531186187,sad,04,03,03,male,normal,261
50,1.6683333333333334,True,1.0,0.3403388925678642,0.33697271272753004,0.3386558026476971,0.8947299758866861,-0.05828703703703714,-0.06194444444444447,0.36621260918611676,0.27513674254937565,0.17714536291050473,0.37850056639947255,0.0033661798403341603,0.0036574074074073315,0.01609040085926445,0.35758280783374785,0.12306647287898652,0.11239404354060027,0.0,0.8041559776371316,0.6254461683188901,0.29572895481550626,0.2995729153319681,0.3634290784321888,sad,04,03,03,male,normal,261
60,2.0020000000000002,True,1.0,0.2991532275641557,0.31175936688030614,0.3054562972222309,0.9990838410577152,-0.05407407407407411,-0.05819444444444438,0.35692144946087245,0.2924378101648117,0.16893074810776748,0.30573640035940214,0.012606139316150455,0.004120370370370274,0.013567244135388191,0.3305301330146353,0.12555483953673607,0.10960729920742128,0.0,0.8610712269695404,0.6208956490721289,0.29690268646609763,0.2982258850503268,0.36039604470565406,sad,04,03,03,male,normal,261
70,2.3356666666666666,True,1.0,0.25534397066033954,0.22587980861762968,0.2406118896389846,0.7949014434378949,-0.05157407407407416,-0.05402777777777773,0.3564217184197994,0.2838361032318054,0.1682193626833785,0.30269399008555636,0.02946416204270985,0.002453703703703569,0.017072006018269664,0.39328635107992566,0.1244466657254264,0.11086390377512557,0.0,0.6713118201075409,0.6249536346960659,0.295861519861674,0.293389720776681,0.3597463115416912,sad,04,03,03,male,normal,261
80,2.6693333333333333,True,1.0,0.22100969607129947,0.21721064640490742,0.21911017123810345,0.9342079194311006,-0.053935185185185086,-0.05597222222222237,0.3477899944113673,0.321022399720167,0.16409405583688944,0.23454111946678183,0.0037990496663920514,0.0020370370370372815,0.016421484515592954,0.35282603013010516,0.12355658258299472,0.11185503417718423,0.0,0.6953898264601575,0.6275858594844188,0.2941621703437821,0.29197650441238987,0.3586971332555199,sad,04,03,03,male,normal,261
90,3.003,True,1.0,0.22436492067311917,0.2194241787851428,0.22189454972913097,0.7179728864931674,-0.058750000000000024,-0.05999999999999994,0.3676432975684507,0.1932551706309819,0.17099447946145332,0.30905700466342423,0.004940741887976358,0.0012499999999999178,0.015877973274708974,0.4450700538005077,0.12527643346099446,0.10992539738334582,0.0,0.6204874804527788,0.6313608183976716,0.2922187890830837,0.293770536221502,0.3628604405757685,sad,04,03,03,male,normal,261
100,3.336666666666667,True,1.0,0.21629487681843532,0.19255742176777801,0.20442614929310665,0.529834495505091,-0.06398148148148153,-0.0678703703703703,0.37784817407961,0.12894160141783992,0.17236569352316886,0.3858301998593491,0.023737455050657302,0.003888888888888775,0.020373746708897064,0.5930107352297835,0.12589872777569266,0.10921212439654446,0.0,0.6784255353817484,0.6309133981248749,0.29114763006092303,0.297454261282091,0.37135407542539645,sad,04,03,03,male,normal,261
0,0.0,True,1.0,0.5612676140380454,0.5645072685798104,0.5628874413089279,0.8277174102871561,-0.05124999999999991,-0.05430555555555555,0.32737652063036204,0.3277973900797077,0.16882638968335384,0.680047845210418,0.0032396545417650024,0.0030555555555556446,0.01718099805596233,0.38373998686727556,0.1281295927889352,0.10658604609729745,0.0,0.6712274344330985,0.6295880415447429,0.2887546458100399,0.29815203879378055,0.3680770951469204,sad,04,03,03,male,normal,262
10,0.33366666666666667,True,1.0,0.5416549722991371,0.5434467781621597,0.5425508752306484,0.725701908787927,-0.05268518518518511,-0.05412037037037043,0.33794416580439063,0.2795249229416761,0.16882638968335384,0.7476222243053228,0.001791805863022633,0.001435185185185317,0.018022319307729056,0.4353222136034529,0.12483312685158232,0.1104285661007202,0.0,0.6982284442282946,0.6329501251907013,0.29053355245869894,0.29616895079845584,0.36865408343079026,sad,04,03,03,male,normal,262
20,0.6673333333333333,True,1.0,0.5273401780846269,0.5320056730432215,0.5296729255639242,0.8313950641848671,-0.051481481481481406,-0.055277777777777815,0.3329363493831786,0.33864302536346413,0.1688385907503451,0.6370893313917333,0.004665494958594696,0.0037962962962964086,0.016854691569162444,0.376742801284655,0.1267232506029696,0.10825430950935291,0.0,0.6388884265194912,0.6312760042376326,0.29072081668734756,0.2991212060066651,0.36871894585250886,sad,04,03,03,male,normal,262
30,1.0010000000000001,True,1.0,0.5056611354603187,0.5118479025631435,0.5087545190117311,0.9292790729948087,-0.054074074074074,-0.05652777777777773,0.34093821231191457,0.35209635210100115,0.1682025809244583,0.5474722651099377,0.006186767102824842,0.0024537037037037357,0.01576673246916841,0.33594833160456405,0.12564691222566493,0.10950174071195572,0.0,0.6607765587986212,0.6313945137586284,0.29153381059502054,0.2948022414174836,0.3655167598948637,sad,04,03,03,male,normal,262
40,1.3346666666666667,True,1.0,0.45799945513287105,0.4481854711323024,0.4530924631325867,0.782415076079761,-0.052083333333333204,-0.05675925925925934,0.35660558949676757,0.3057093065610256,0.17304413168756042,0.5790947503245676,0.009813984000568654,0.004675925925926139,0.030899573956940676,0.3901502836592754,0.12455909541443404,0.11073757049925681,0.0,0.6482258288158691,0.6299673361688426,0.293769508783586,0.2949453674972281,0.36568861818690923,sad,04,03,03,male,normal,262
50,1.6683333333333334,True,1.0,0.4565133231607031,0.47244645639202365,0.46447988977636334,0.8397377231036676,-0.052685185185185224,-0.05615740740740732,0.370477141438634,0.28889357967684437,0.16962445256901035,0.5531249543722382,0.015933133231320562,0.003472222222222099,0.022379688705193714,0.37005513842527354,0.12614264630191732,0.10893030136196734,0.0,0.6478232374394639,0.6311106242418844,0.29354007045988506,0.29731003915845633,0.3664212988715974,sad,04,03,03,male,normal,262
60,2.0020000000000002,True,1.0,0.4801514779247208,0.5039038053758302,0.4920276416502755,1.0570987569330876,-0.0539351851851852,-0.057083333333333375,0.3511208988725788,0.34737435532751787,0.17167182944777293,0.46545096985807916,0.023752327451109445,0.0031481481481481777,0.019497640145522327,0.316959870755868,0.12463516072170935,0.11065195200432992,0.0,0.6916959882360081,0.6294405231858369,0.29353854955559283,0.2998063276574874,0.36758713683189426,sad,04,03,03,male,normal,262
70,2.3356666666666666,True,1.0,0.37412347616467406,0.39643001180854937,0.3852767439866117,0.7300117726682676,-0.05717592592592596,-0.06083333333333335,0.3480973459381031,0.3064304724601594,0.1765618171624511,0.5277678503435443,0.022306535643875303,0.003657407407407387,0.022463145949530253,0.41792954911729985,0.12513717788373574,0.11008389746814284,0.0,0.6667403949786445,0.6308940905971765,0.29200939236780876,0.2978416410165739,0.3682228942556106,sad,04,03,03,male,normal,262
80,2.6693333333333333,True,1.0,0.4038568572116113,0.4047138106405777,0.4042853339260945,1.0348078582504965,-0.05569444444444438,-0.059675925925925966,0.34177372588834604,0.4137094837516903,0.16970359565456014,0.3906863778649707,0.0008569534289664116,0.003981481481481586,0.028748802025887196,0.3225293445077157,0.1263098284651205,0.10873640146558418,0.0,0.7474168644257059,0.6302149200617747,0.2921209886153681,0.3014643806530684,0.3707394781992966,sad,04,03,03,male,normal,262
90,3.003,True,1.0,0.39721992613015034,0.4047138106405773,0.40096686838536383,0.8398432672930609,-0.05652777777777784,-0.060972222222222205,0.3491179652958421,0.332900423855538,0.17041892190712368,0.47743059211242994,0.007493884510426985,0.004444444444444362,0.027585238184251,0.3892958497771527,0.12444250947894629,0.1108685690577445,0.0,0.8334000551008364,0.6298742098245549,0.29157876116366455,0.2982888225751788,0.36972344032183097,sad,04,03,03,male,normal,262
100,3.336666666666667,True,1.0,0.35937804813109664,0.3515438497624767,0.3554609489467867,0.8945547428298979,-0.055925925925925934,-0.05949074074074079,0.34287399533327345,0.3517167866147098,0.1711349677647449,0.39736075605870286,0.007834198368619927,0.003564814814814854,0.025092227354336395,0.37005513842527343,0.12462224900707114,0.11066649367736882,0.0,0.7203034547475421,0.6302369822382079,0.29202549582134246,0.3004575044757327,0.3688567667305914,sad,04,03,03,male,normal,262
0,0.0,True,1.0,0.5423914771748206,0.5404049640230808,0.5413982205989507,0.710601980497025,-0.05078703703703702,-0.053055555555555634,0.3391812682663184,0.2946343782358209,0.16885169461806016,0.7618867318949406,0.0019865131517398105,0.002268518518518614,0.01697681057496419,0.4549914863105573,0.12700511811343812,0.10792348096588938,0.0,0.6728341831071973,0.6255004006055547,0.2909683265397936,0.2948770632736884,0.3650281289416327,sad,04,03,03,male,normal,263
10,0.33366666666666667,True,1.0,0.5334635098930358,0.5242057596667788,0.5288346347799073,0.8541872618548589,-0.050740740740740586,-0.05245370370370367,0.34106728338881337,0.3371135286073418,0.1688516946180601,0.6191085472657931,0.009257750226256967,0.0017129629629630827,0.015386473128093561,0.39621606393215814,0.12414112479771174,0.1112059301672651,0.0,0.6670206807126499,0.6252781030146434,0.29315098926693123,0.29431318509313315,0.36764059047806824,sad,04,03,03,male,normal,263
20,0.6673333333333333,True,1.0,0.48203937040385236,0.4649085019858604,0.4734739361948564,0.6193875254174017,-0.0505092592592592,-0.05356481481481479,0.35717762911970746,0.2447903738078215,0.16888060990057635,0.7644227834194514,0.01713086841799194,0.003055555555555589,0.011914453635782118,0.4844042470937517,0.12580780092364838,0.10931685596171874,0.0,0.7071067807446058,0.6358448847116972,0.2891508232518489,0.2991561223556968,0.37378247287714655,sad,04,03,03,male,normal,263
30,1.0010000000000001,True,1.0,0.48153346818217935,0.47386359179208254,0.4776985299871309,1.0489330832109858,-0.05314814814814817,-0.055277777777777815,0.34065388354397264,0.39704482258198015,0.17096235163967657,0.45541373194637347,0.007669876390096808,0.002129629629629648,0.0197655961102346,0.3136777810727438,0.1250141871072259,0.11022354917395692,0.0,0.6606159828982413,0.6269992636116947,0.2933284900346729,0.2973790566402505,0.36318738484628044,sad,04,03,03,male,normal,263
40,1.3346666666666667,True,1.0,0.3984290562770744,0.3819188504490541,0.39017395336306426,0.8847736006031849,-0.054259259259259174,-0.05740740740740724,0.35575423402211376,0.33523358726210106,0.17236569352316886,0.44098733630509246,0.01651020582802032,0.0031481481481480666,0.01760950482159941,0.3631269935894159,0.12390646210474654,0.1111249680494593,0.0,0.7071067807446058,0.6291736942276911,0.2928722008500139,0.2928718011915717,0.363748910427894,sad,04,03,03,male,normal,263
50,1.6683333333333334,True,1.0,0.30009467370295045,0.2919553419282344,0.29602500781559243,0.8611753902296795,-0.05180555555555555,-0.05606481481481479,0.3764753247730627,0.2555035963757668,0.1702841154920451,0.34374531735822267,0.008139331774716041,0.00425925925925924,0.016317519278937466,0.37187517269007886,0.1255879210572953,0.10956939287599612,0.0,0.6626984071344372,0.6277667582345439,0.2940212753155304,0.2971224256552963,0.36431317273163616,sad,04,03,03,male,normal,263
60,2.0020000000000002,True,1.0,0.34402621169878045,0.35268826445586127,0.3483572380773209,1.0096693508649397,-0.05365740740740749,-0.05638888888888882,0.3504491285004855,0.3460718029094974,0.1717056018469773,0.3450211079289457,0.008662052757080818,0.002731481481481335,0.021581794233722244,0.3306047824828108,0.12477203084869445,0.11049759313445369,0.0,0.6889287687836131,0.6254684367418843,0.29499108452130884,0.2976455798960057,0.365294057155119,sad,04,03,03,male,normal,263
70,2.3356666666666666,True,1.0,0.4279423197050058,0.4439089140277433,0.43592561686637454,0.756595966627917,-0.05305555555555558,-0.05796296296296294,0.348439044813467,0.3343353866047399,0.1745574900212845,0.5761669848826415,0.015966594322737504,0.00490740740740736,0.021537335790200677,0.42322859993449663,0.12444024624529276,0.11069913702092427,0.0,0.6858773148524887,0.6288982571153461,0.2933093574124188,0.2953619057617341,0.36469587419022276,sad,04,03,03,male,normal,263
80,2.6693333333333333,True,1.0,0.34443828139258736,0.33763057424286425,0.3410344278177258,0.9939260177336842,-0.05523148148148149,-0.058148148148148115,0.3366213309108522,0.39894597505077245,0.16762348325143964,0.3431185236455936,0.006807707149723119,0.002916666666666623,0.020358155691845854,0.3411341382178682,0.1251929167634436,0.11002050428423102,0.0,0.6679996431449873,0.6273877292010555,0.2935739043107783,0.29819926469012664,0.3668121661711077,sad,04,03,03,male,normal,263
90,3.003,True,1.0,0.32408357890604667,0.3361869641898518,0.3301352715479492,0.9805384149132769,-0.055555555555555525,-0.0601388888888888,0.33061723771556306,0.3904420634409425,0.16762348325143964,0.33668774881925234,0.012103385283805113,0.004583333333333273,0.021735956926633503,0.35273074262041715,0.125517723753941,0.10964980070325389,0.0,0.875267204141332,0.6293005288521659,0.29195717074834127,0.296291973178402,0.3633746869412543,sad,04,03,03,male,normal,263
100,3.336666666666667,True,1.0,0.3248579905324288,0.3064296661745326,0.3156438283534807,0.615949359022372,-0.05773148148148155,-0.058935185185185146,0.3562847141000892,0.22887734410249208,0.17033652800298382,0.5124509405358698,0.01842832435789621,0.0012037037037035958,0.018914383651644686,0.5142192686603531,0.12469062966894527,0.11058944182576871,0.0,0.6747600742489354,0.6309798277045191,0.2912254737667717,0.29415518867029156,0.3698202659406215,sad,04,03,03,male,normal,263
0,0.0,True,1.0,0.313782903684381,0.3055378166587482,0.3096603601715646,0.628135350038109,-0.04828703703703713,-0.05513888888888885,0.4354649012856065,0.005699600535677066,0.17935435791808924,0.49298349496295263,0.008245087025632813,0.00685185185185172,0.04577055816426766,0.4720918873690178,0.12376268469521817,0.11162694857262036,0.0,0.6431958140813921,0.6137276262301795,0.29640239510757826,0.3068588426282107,0.37362336989890277,sad,04,03,03,male,strong,264
10,0.33366666666666667,True,1.0,0.2588671346850983,0.26872648699389834,0.26379681083949835,0.6307636274700147,-0.045787037037037015,-0.05254629629629637,0.43408113048047603,0.017170347324641195,0.1772387970308986,0.4182181713577623,0.009859352308800029,0.006759259259259354,0.05342706215771031,0.4682392847990165,0.12316939441197405,0.11228124531934727,0.0,0.72935441595167,0.6147812977769233,0.2946483213734863,0.30669821221973326,0.3768968028201858,sad,04,03,03,male,strong,264
20,0.6673333333333333,True,1.0,0.10555691933965505,0.13131667796821966,0.11843679865393736,0.5274368334663476,-0.05587962962962978,-0.060972222222222205,0.45957315092501194,-0.06576723302999073,0.16888060990057635,0.22455162616452734,0.02575975862856461,0.0050925925925924265,0.04248096886325126,0.513292946985155,0.12255915862454987,0.11294702478389067,0.0,0.7071067807446058,0.6167438263508528,0.29611264700551304,0.31344046770906336,0.38880194128959283,sad,04,03,03,male,strong,264
30,1.0010000000000001,True,1.0,0.09122534062510283,0.0933565652464764,0.09229095293578962,0.7376078769556369,-0.05166666666666675,-0.05583333333333329,0.45430867442363776,-0.0054921626870605466,0.1674777716962633,0.1251219730959305,0.0021312246213735647,0.004166666666666541,0.03169981070614837,0.3924540845250392,0.12264015587332219,0.11285907113600413,0.0,0.6658964234573924,0.6113738305869223,0.2976435951412729,0.32131782689374017,0.3896597800072654,sad,04,03,03,male,strong,264
40,1.3346666666666667,True,1.0,0.21005877342740173,0.23812023655985404,0.2240895049936279,0.683193846998112,-0.04675925925925928,-0.058842592592592446,0.4387558412256543,0.06240436386797861,0.18640971608603982,0.3280028149818029,0.028061463132452308,0.012083333333333168,0.04554214936187488,0.4502302621208387,0.1232004666693692,0.11224715044399251,0.0,0.7071067807446058,0.6072598393107244,0.29735369726558275,0.317870201932906,0.3853996365709319,sad,04,03,03,male,strong,264
50,1.6683333333333334,True,1.0,0.2772549836830082,0.2717232747089068,0.27448912919595747,1.0632577934548046,-0.04694444444444451,-0.05703703703703705,0.38312354608571647,0.2394254735529594,0.1841338792667638,0.2581585866434799,0.005531708974101435,0.010092592592592542,0.04048388610861384,0.31405572933102227,0.12237657978495073,0.11280754671246289,0.0,0.7974252306718969,0.6083728996051545,0.29720861107640456,0.3169251682246611,0.3852064581023783,sad,04,03,03,male,strong,264
60,2.0020000000000002,True,1.0,0.25566846157767137,0.26407789525440334,0.25987317841603735,0.47615818813063776,-0.04930555555555555,-0.06120370370370376,0.403388797053307,0.09970997631956932,0.18561571274232222,0.5457706806141053,0.00840943367673197,0.011898148148148213,0.0555380391678739,0.6523121414672185,0.12024261665955742,0.11374731395995948,0.0,0.8459142331917893,0.6175911276229242,0.29252218443244465,0.3056133141703384,0.3836252987783983,sad,04,03,03,male,strong,264
70,2.3356666666666666,True,1.0,0.2750741309591883,0.23256087341215467,0.2538175021856715,0.6653966330315005,-0.04888888888888898,-0.058240740740740704,0.4025483886351194,0.10623103649596514,0.18266562172332237,0.38145294037527167,0.04251325754703364,0.009351851851851722,0.07121579588579917,0.4783302107717601,0.12085392713388703,0.11460367410595837,0.0,0.9999999987499999,0.6166322415216087,0.29543770632365923,0.30565246447213035,0.3798174154485432,sad,04,03,03,male,strong,264
80,2.6693333333333333,True,1.0,0.27507413095918964,0.238260505571089,0.25666731826513933,0.8576153606447179,-0.05148148148148146,-0.06129629629629629,0.3576246039504088,0.16768769997861227,0.18414755196368424,0.29928022519581277,0.03681362538810065,0.009814814814814832,0.08414038463907808,0.37555788309434013,0.1219077811640683,0.11364977193826578,0.0,0.9999999987499999,0.5921433798519408,0.30042245439945314,0.2956462464694132,0.36398609264895065,sad,04,03,03,male,strong,264
90,3.003,True,1.0,0.28879159108819735,0.23390673631177156,0.26134916369998445,0.944795593074393,-0.05032407407407419,-0.05902777777777768,0.3892718410018594,0.18957260152577046,0.17639061901081732,0.27661979545178284,0.054884854776425795,0.008703703703703491,0.06618284172029638,0.3392498363347733,0.11929903094537816,0.1155638319176867,0.0,0.8211284604425786,0.6136410786814726,0.297660417112485,0.2885041301885178,0.3600306010222111,sad,04,03,03,male,strong,264
100,3.336666666666667,True,1.0,0.2433105534637529,0.21639021710632228,0.2298503852850376,0.9035937432003361,-0.04861111111111116,-0.05925925925925918,0.38864242540762156,0.16715850766436724,0.17923861692715679,0.25437359102438734,0.02692033635743063,0.010648148148148018,0.07521404540039082,0.3567682118210926,0.1242348374928679,0.11110122827208392,0.0,0.7071067807446058,0.5998333237513757,0.2978516480249714,0.30404101250108656,0.36177782193728436,sad,04,03,03,male,strong,264
110,3.6703333333333332,True,1.0,0.23910406835730796,0.23219123128868022,0.23564764982299408,0.8670225235965844,-0.046203703703703636,-0.056712962962962965,0.3914039451815744,0.16751542639325923,0.1772078013091835,0.2717895364995595,0.006912837068627747,0.01050925925925933,0.06888302388877288,0.3784922506717944,0.12313577119134779,0.11231811796605784,0.0,0.7488546360352081,0.6118425744282088,0.2984905610403006,0.29860776284826207,0.3640027755513427,sad,04,03,03,male,strong,264
0,0.0,True,1.0,0.3560090710520556,0.35919508208783724,0.3576020765699464,0.3649966349731138,-0.04814814814814816,-0.05666666666666664,0.39405231670317353,0.058238628702070985,0.17947682584865957,0.979740749106599,0.003186011035781644,0.00851851851851848,0.0439812276923558,0.7589591919877128,0.13045790300502952,0.10372325349042258,0.0,0.6725802712830067,0.5641956325811573,0.2664158252638133,0.3101855509729243,0.33135303436743524,sad,04,03,03,male,strong,265
10,0.33366666666666667,True,1.0,0.37083464288473594,0.36925371252688843,0.3700441777058122,0.5256270783442339,-0.050046296296296366,-0.05810185185185179,0.43362112123090274,0.029090355177354327,0.1808409744942716,0.7040051644056848,0.0015809303578475098,0.008055555555555427,0.03375586155278886,0.5155028433908787,0.12804846088585403,0.10668350123339893,0.0,0.7605144117290142,0.5653818483487145,0.2694227862139522,0.320353605557861,0.3362166347937524,sad,04,03,03,male,strong,265
20,0.6673333333333333,True,1.0,0.34305949343314307,0.3503958483240305,0.3467276708785868,0.27403416473723574,-0.0503703703703704,-0.058379629629629615,0.3874151652488879,0.06503658816468576,0.18216613257776035,1.2652716905246284,0.007336354890887409,0.008009259259259216,0.036888986643803696,1.0245308030199187,0.12199072545566973,0.11356073561253958,0.0,0.7903824816022562,0.6081737676164217,0.29635159197043043,0.3001727989098083,0.37256886149541873,sad,04,03,03,male,strong,265
30,1.0010000000000001,True,1.0,0.4394748714971596,0.4296863910452694,0.4345806312712145,0.8744875600899483,-0.05685185185185182,-0.06273148148148144,0.4176721661527752,0.1971845533300709,0.18492201578443426,0.4969546178867476,0.00978848045189018,0.0058796296296296235,0.03892195775203328,0.35889925511357,0.12270214948854091,0.11279166760595238,0.0,0.7345101773566973,0.6173175343262306,0.29553583407019574,0.3189241931508577,0.39008779491301054,sad,04,03,03,male,strong,265
40,1.3346666666666667,True,1.0,0.3500710252743638,0.34117113863527926,0.34562108195482155,0.712799803572445,-0.054120370370370374,-0.062129629629629646,0.41003082341704883,0.16552929427330623,0.18846829530139972,0.48487819472258675,0.008899886639084531,0.008009259259259272,0.03689762373174521,0.4380759794787085,0.12201281958402492,0.11353699673383337,0.0,0.6872314390341527,0.6132860207442352,0.297293640569242,0.308655604850442,0.378084208822923,sad,04,03,03,male,strong,265
50,1.6683333333333334,True,1.0,0.3791038340078719,0.3406152214603616,0.3598595277341168,0.7482697677075584,-0.04935185185185181,-0.05819444444444455,0.4215784750062267,0.1263027593054257,0.18567365916957204,0.4809221797595843,0.03848861254751029,0.008842592592592735,0.04717687342121189,0.42218479366268064,0.12422755268783278,0.11093777073566667,0.0,0.7282820724901855,0.5635052394160789,0.27337612501539854,0.31555188850444404,0.33544702811981253,sad,04,03,03,male,strong,265
60,2.0020000000000002,True,1.0,0.3247021957624506,0.28749445424997283,0.3060983250062117,0.7234617844074609,-0.05018518518518511,-0.05819444444444438,0.39407913392843014,0.1095407212302326,0.18702148160187476,0.42310227243988613,0.03720774151247774,0.008009259259259272,0.05993667963890285,0.4367078645182126,0.12044269345234396,0.1147040693323902,0.0,0.6542518295601789,0.6103632818205408,0.30002853282478514,0.2906787034588994,0.35978107069135773,sad,04,03,03,male,strong,265
70,2.3356666666666666,True,1.0,0.29946130082340033,0.2884331424082821,0.2939472216158412,0.6192666019254993,-0.048842592592592604,-0.058240740740740815,0.40496595242117284,0.07384615384615456,0.18428670713176193,0.47466990905349105,0.011028158415118228,0.009398148148148211,0.05819894094814903,0.4952871549299521,0.12396493201315865,0.11140230429077062,0.0,0.9561892168447258,0.6093508574992498,0.2991692571134423,0.30556618103897626,0.3702606218057309,sad,04,03,03,male,strong,265
80,2.6693333333333333,True,1.0,0.35424056891669853,0.35587148805388497,0.3550560284852917,0.7617991878450728,-0.045231481481481484,-0.05462962962962975,0.3897556856866725,0.14794266626683344,0.18232144680689658,0.4660756195995046,0.0016309191371864373,0.009398148148148266,0.05656300563847112,0.417092641352275,0.12116823906939413,0.11427130726101582,0.0,0.8498768390175336,0.6010203544308348,0.2980439176861195,0.2921507449947064,0.3702307074188469,sad,04,03,03,male,strong,265
90,3.003,True,1.0,0.34709174112017327,0.3324115307354875,0.3397516359278304,0.7279433214679558,-0.046435185185185246,-0.055972222222222145,0.4433053541924885,0.06136585119893644,0.18091057199066873,0.46672814477189534,0.014680210384685755,0.0095370370370369,0.05779002700102239,0.4191797511338867,0.12137163901225345,0.11338511046688399,0.0,0.9999999987499999,0.6059305693918192,0.298335441002574,0.30770461433536994,0.3776269560761837,sad,04,03,03,male,strong,265
100,3.336666666666667,True,1.0,0.32537220319575705,0.35770020553653187,0.34153620436614446,0.6891840614875213,-0.04745370370370372,-0.05722222222222223,0.4175121006745945,0.11837476989911307,0.17902538370630094,0.49556602285459045,0.03232800234077482,0.00976851851851851,0.05964431144394034,0.44681658095419663,0.12238957994681952,0.11313075837443955,0.0,0.9999999987499999,0.6104347431941526,0.295437266490208,0.3039567634325577,0.3727701512327116,sad,04,03,03,male,strong,265
110,3.6703333333333332,True,1.0,0.35144091816112194,0.34847154093110183,0.3499562295461119,0.7871963054748075,-0.048518518518518516,-0.058287037037037026,0.40597688334893994,0.16564027536021403,0.17890942989383837,0.4445603048594484,0.0029693772300201093,0.00976851851851851,0.051524212892784256,0.3884250417493722,0.12151000219658367,0.11374044681247952,0.0,0.812294957439831,0.6098630548782012,0.2975240577395754,0.30397528355468384,0.37664214448716227,sad,04,03,03,male,strong,265
0,0.0,True,1.0,0.42936989490520405,0.43455549611296473,0.4319626955090844,0.662386716583032,-0.0532407407407407,-0.0598611111111112,0.37710357503364533,0.20918619068196537,0.16746364915329026,0.6521306733585993,0.005185601207760682,0.006620370370370499,0.03623707040443192,0.4543377264028616,0.12760776289883718,0.1072102449341118,0.0,0.7699250504093599,0.6196197972470239,0.29438885123746045,0.2957818729073348,0.3680596787285015,sad,04,03,03,male,strong,266
10,0.33366666666666667,True,1.0,0.4448599607610516,0.43376236137999497,0.43931116107052326,0.5973094454820064,-0.05217592592592596,-0.05995370370370362,0.3754071311054785,0.12886979710406202,0.17088736323246206,0.735483365269765,0.011097599381056644,0.007777777777777661,0.045471095582170676,0.4775490214905089,0.12493178195462203,0.11031694170906393,0.0,0.7628620069582607,0.6192313706810849,0.2924585252426949,0.2995393263439395,0.3717538099419935,sad,04,03,03,male,strong,266
20,0.6673333333333333,True,1.0,0.41071764864875565,0.3971732493258621,0.4039454489873089,0.4262471652139972,-0.051064814814814896,-0.05976851851851844,0.37305787929519835,0.07551269937075623,0.17504359111107867,0.9476789101565245,0.01354439932289353,0.008703703703703547,0.0401151118711767,0.6374055550890603,0.1241166015703279,0.11123329980192413,0.0,0.8198370955123194,0.6171728803943453,0.29249828271315215,0.2978303940919145,0.37237938816257354,sad,04,03,03,male,strong,266
30,1.0010000000000001,True,1.0,0.41798852497087585,0.4052035973277565,0.4115960611493162,1.1555971035744916,-0.05643518518518509,-0.0618981481481482,0.36633472376656123,0.3338726530106317,0.1806163926619766,0.356176092754272,0.012784927643119337,0.005462962962963114,0.03535380077808443,0.28177694213236143,0.12280027803532621,0.11268482366634618,0.0,0.7071067807446058,0.6219147620610744,0.29425500190698584,0.3036182653836241,0.3759493919980024,sad,04,03,03,male,strong,266
40,1.3346666666666667,True,1.0,0.321236040943271,0.31144399523611677,0.3163400180896939,0.6983371567964614,-0.051990740740740726,-0.058425925925925826,0.40231632044345544,0.15223713531511152,0.1861443130964601,0.45299038582003304,0.009792045707154251,0.006435185185185099,0.026281501073789754,0.44537326612275735,0.12129536538696116,0.11363448559048338,0.0,0.9999999987499999,0.6188419795730793,0.29775461225655625,0.301621014586688,0.37553689341937563,sad,04,03,03,male,strong,266
50,1.6683333333333334,True,1.0,0.23961801095922342,0.2563475925926866,0.247982801775955,0.8396451845511842,-0.04833333333333334,-0.056342592592592555,0.4333791231740996,0.11644339179375233,0.18199517575738963,0.2953423735866589,0.016729581633463164,0.008009259259259216,0.03660490393224729,0.37313909521479594,0.12140206538061764,0.11418982569185326,0.0,0.7558802129507307,0.6175967272612171,0.2963986126778071,0.30907919156124075,0.38333990117888767,sad,04,03,03,male,strong,266
60,2.0020000000000002,True,1.0,0.24368868394252927,0.21148224403699695,0.2275854639897631,0.7130244547499214,-0.04499999999999993,-0.052453703703703725,0.4108315526958116,0.10431849935257931,0.18058259679984479,0.31918325167344225,0.03220643990553232,0.007453703703703796,0.03750769867465879,0.44109179542809673,0.12424790803197829,0.11108661089509331,0.0,0.7544181929122145,0.6156913115949504,0.29696314089118864,0.30755848662920016,0.37764506278493487,sad,04,03,03,male,strong,266
70,2.3356666666666666,True,1.0,0.26976324756056663,0.23885242979544982,0.2543078386780082,0.6965743968674397,-0.04620370370370375,-0.0530092592592592,0.4054769807740289,0.158105780294806,0.1785559893464813,0.3650835285098826,0.03091081776511681,0.006805555555555454,0.03360609583811797,0.4552442415285358,0.12258943101813925,0.11291416728177446,0.0,0.7071067807446058,0.6146896702978065,0.2985744255825203,0.3030858620010555,0.3765491533410792,sad,04,03,03,male,strong,266
80,2.6693333333333333,True,1.0,0.27881423519156046,0.2855591658468079,0.28218670051918415,0.5986969492021023,-0.04629629629629628,-0.05435185185185182,0.40016632126178375,0.11434965589672016,0.18132112357228442,0.47133478948783875,0.00674493065524745,0.008055555555555538,0.04503676158477589,0.5124741414068034,0.12656743312834542,0.10843644517321736,0.0,0.660966849042626,0.5695964329716261,0.27230771441345925,0.30650147233768477,0.32823812170270933,sad,04,03,03,male,strong,266
90,3.003,True,1.0,0.21242499703728288,0.19289960985002272,0.2026623034436528,0.4456724853351237,-0.04736111111111102,-0.05638888888888888,0.39181089856877516,0.091307354955614,0.17923861692715684,0.45473371166555354,0.019525387187260157,0.009027777777777857,0.0362833032405927,0.701295477474944,0.12613804422229,0.10893563039968902,0.0,0.6148659057889542,0.6093922847498375,0.29622413238060186,0.29800096601531906,0.3722442000040904,sad,04,03,03,male,strong,266
100,3.336666666666667,True,1.0,0.09378025888069079,0.08273437272724683,0.08825731580396881,0.8987307070280969,-0.054120370370370374,-0.06106481481481485,0.4088970119972135,0.16202871151930015,0.1667124367491528,0.09820218126942183,0.011045886153443957,0.006944444444444475,0.04046573536285634,0.3578209086882963,0.12247684293376074,0.11303628052555478,0.0,0.7937419815616398,0.6140000009925846,0.2954967686828546,0.3098317903077959,0.3776611357103049,sad,04,03,03,male,strong,266
0,0.0,True,1.0,0.27407889944986824,0.3013059480453038,0.287692423747586,0.4706773897978505,-0.042685185185185215,-0.04888888888888887,0.42057918306807146,0.060243081779334996,0.16678381299687864,0.6112306007967495,0.027227048595435566,0.006203703703703656,0.036488190912507205,0.5953383535876787,0.12557980961569065,0.10957868947691478,0.0,0.7017427565864027,0.6072060919367749,0.29954401687809545,0.30807307487634783,0.3792476428115548,sad,04,03,03,male,strong,267
10,0.33366666666666667,True,1.0,0.27789075411362657,0.27036258543665675,0.27412666977514166,0.5341083886236045,-0.0438425925925926,-0.05129629629629645,0.42992228376595754,0.05330682544551273,0.16952052119611374,0.5132416483507498,0.007528168676969815,0.007453703703703851,0.03700473868254236,0.5437394519729462,0.127325720201691,0.10754505449242886,0.0,0.9999999987499999,0.5619206323623199,0.27285515959608314,0.3218035886648373,0.33760301575487006,sad,04,03,03,male,strong,267
20,0.6673333333333333,True,1.0,0.21330794617550805,0.22229090511739605,0.21779942564645205,0.6511910353093106,-0.04185185185185181,-0.05004629629629631,0.4307894636222743,0.0650646816708957,0.17646197175871176,0.33446318182651125,0.008982958941887997,0.008194444444444504,0.03965741487704429,0.4630610074129453,0.12102260751011885,0.114258909264009,0.0,0.9999999987499999,0.6100421244122649,0.2991629129732193,0.3020978774535509,0.38076978228818376,sad,04,03,03,male,strong,267
30,1.0010000000000001,True,1.0,0.2883326679957759,0.2736014125083338,0.2809670402520549,1.0392924011536497,-0.04379629629629633,-0.05092592592592593,0.37456066138431066,0.2833224499470677,0.1750980647391359,0.2703445536022124,0.014731255487442085,0.007129629629629597,0.04262010752633471,0.32233873363698734,0.12138985082905572,0.11420281032306577,0.0,0.6913729046198586,0.6073526626197354,0.2994183015322273,0.3043496285391793,0.3819035160754187,sad,04,03,03,male,strong,267
40,1.3346666666666667,True,1.0,0.2890235305306073,0.2961464720003918,0.2925850012654996,0.7477194899890104,-0.04356481481481478,-0.05009259259259269,0.40787841080216714,0.14308671337350623,0.1785444523317762,0.39130316272724125,0.007122941469784483,0.00652777777777791,0.038300445247017936,0.41719298819594103,0.12246032143963441,0.11305417923732315,0.0,0.6969060746674881,0.6093614183720363,0.2981402586571184,0.3020472368756565,0.3802790507225173,sad,04,03,03,male,strong,267
50,1.6683333333333334,True,1.0,0.2496795262388462,0.250702014897378,0.2501907705681121,0.6617816487677307,-0.043611111111111156,-0.04958333333333337,0.42620466972061133,0.03538837749010134,0.17790175989010215,0.3780563740834751,0.0010224886585317727,0.005972222222222212,0.04234507527755768,0.4402527815967133,0.12229467533428409,0.11323334382952904,0.0,0.9999999987499999,0.611002098730117,0.29686837461100357,0.3038165316145787,0.38072688657479486,sad,04,03,03,male,strong,267
60,2.0020000000000002,True,1.0,0.2686833840908816,0.2559566052262039,0.2623199946585427,0.9589304880046733,-0.04412037037037031,-0.051851851851851816,0.42332132389712857,0.1634540523121379,0.17716775714279095,0.2735547549482693,0.012726778864677712,0.007731481481481506,0.0356516839460113,0.3327482707485747,0.12336849694548527,0.1120624456798563,0.0,0.6725148404605327,0.6100040663921819,0.2964485458835169,0.30159013563328346,0.3841982690594122,sad,04,03,03,male,strong,267
70,2.3356666666666666,True,1.0,0.2491170308420291,0.23824432686394345,0.24368067885298628,0.7571383424791881,-0.04472222222222222,-0.05282407407407408,0.40115133064222896,0.14715042454401114,0.18202661368810885,0.32184432511378785,0.010872703978085652,0.00810185185185186,0.03741493164781666,0.43604881215680713,0.12275797171942256,0.11273091035618787,0.0,0.6833977811093694,0.6104425344200181,0.2992813271503805,0.3039699350890708,0.37125231496813,sad,04,03,03,male,strong,267
80,2.6693333333333333,True,1.0,0.25009875268157017,0.23210861021179902,0.2411036814466846,0.8173089652300582,-0.044907407407407396,-0.05319444444444449,0.3833245679940775,0.21021881622261962,0.18066369624796044,0.29499698608936475,0.017990142469771153,0.008287037037037093,0.05798404255191317,0.4119612244777243,0.12246002298719634,0.1128858564765614,0.0,0.8327328192442913,0.599730113904937,0.29800743227877136,0.30031540500529563,0.3754684446601593,sad,04,03,03,male,strong,267
90,3.003,True,1.0,0.21529011986267152,0.18694714571923482,0.20111863279095316,0.5358818051589544,-0.04731481481481481,-0.05462962962962964,0.4356403772586616,0.029045937585138362,0.18278962761350415,0.37530408917559144,0.0283429741434367,0.0073148148148148295,0.04746349653554017,0.535493016555708,0.12330457698329476,0.1121327742688718,0.0,0.7215145652654529,0.6039825865033513,0.2995040948891294,0.304362729689929,0.3731800472709779,sad,04,03,03,male,strong,267
100,3.336666666666667,True,1.0,0.22643347349165055,0.20885535195939564,0.2176444127255231,0.6355153327361492,-0.04550925925925914,-0.05416666666666664,0.435063918927301,0.07363157092357966,0.1765138465499164,0.3424691766105411,0.01757812153225491,0.008657407407407502,0.04982791412533951,0.4567890411617606,0.12292496073573685,0.1122097317668423,0.0,0.7528915440401581,0.6093513478281937,0.2959094287051643,0.31111071773515603,0.3774167224757393,sad,04,03,03,male,strong,267
110,3.6703333333333332,True,1.0,0.21208317834539175,0.19340955167574017,0.20274636501056598,0.6950528573258464,-0.04587962962962955,-0.053379629629629666,0.4419682239775052,0.08390992907830959,0.1771935931247076,0.2916992036988589,0.018673626669651583,0.007500000000000118,0.04328895581725792,0.41531816477616607,0.12266272635843259,0.11283453962537034,0.0,0.7759036150824316,0.6147740762867647,0.29402671195521074,0.3160278749134591,0.38058010331515524,sad,04,03,03,male,strong,267
0,0.0,True,1.0,0.4821882240050854,0.4799747963170882,0.4810815101610868,0.5147670638535433,-0.04430555555555554,-0.047222222222222276,0.3367855637462221,0.1059234860100962,0.17861067320152169,0.9345615598630443,0.0022134276879971493,0.002916666666666734,0.03489096358271781,0.6146158553922846,0.12742965321667507,0.10742188441737531,0.0,0.7094897292194351,0.6169277438709859,0.2936650529889685,0.28903977314273643,0.3743451766692206,angry,05,03,03,male,normal,268
10,0.33366666666666667,True,1.0,0.5326592470574952,0.5051380438538539,0.5188986454556745,0.496058501569822,-0.048611111111111105,-0.05055555555555552,0.3429661872164768,0.06760506756115194,0.17925010926358442,1.0460432465396174,0.027521203203641376,0.0019444444444444153,0.020870770426492994,0.6480592534362012,0.12564381529291252,0.10933117351261105,0.0,0.9672267357872688,0.6161777098808273,0.29264306842844534,0.2878861446549344,0.37759905429247875,angry,05,03,03,male,normal,268
20,0.6673333333333333,True,1.0,0.5037582836152137,0.48428857565181554,0.49402342963351464,0.4204715201150166,-0.0467129629629629,-0.04842592592592598,0.3420142972219586,0.07502366842573732,0.18067763154958041,1.1749272090970122,0.019469707963398142,0.0017129629629630827,0.031191543493775647,0.7461256889994788,0.12816305299876496,0.10654580994464764,0.0,0.7230807827498444,0.617216729684061,0.29287123185494374,0.2939815314503925,0.379852914346265,angry,05,03,03,male,normal,268
30,1.0010000000000001,True,1.0,0.4891731579618071,0.45799607548209653,0.47358461672195185,0.8043423264952957,-0.04680555555555549,-0.04782407407407413,0.3816812542966517,0.10532643019834266,0.18571638821074302,0.5887849005602737,0.03117708247971057,0.0010185185185186407,0.03217748101792607,0.42233115849998154,0.12471355611510973,0.11056358664374094,0.0,0.7683696863413055,0.6125124669477165,0.2944566449536073,0.29680649821563954,0.37789926093677784,angry,05,03,03,male,normal,268
40,1.3346666666666667,True,1.0,0.5335936864527379,0.5497592782833425,0.5416764823680402,0.6713195635641649,-0.04907407407407399,-0.05203703703703705,0.35277935638607544,0.10705648040830233,0.18214728491871626,0.8068832069963453,0.01616559183060462,0.002962962962963056,0.031617874513762446,0.47079617508007454,0.12388533364935832,0.11114852217514586,0.0,0.7071067807446058,0.6177196784416892,0.2922084249515426,0.2915008026484894,0.3774174840764401,angry,05,03,03,male,normal,268
50,1.6683333333333334,True,1.0,0.5163809868897449,0.5090441701208137,0.5127125785052793,0.8853564185183398,-0.049259259259259225,-0.0493055555555556,0.3474103837087394,0.22481473389887321,0.18292105714933535,0.5791030231229511,0.007336816768931165,4.629629629637755e-05,0.028715010008563593,0.3884162745149416,0.12748253221063666,0.10735912514473953,0.0,0.6641926622566408,0.6151088174957483,0.29336146273404945,0.2976838141317287,0.37762267899631524,angry,05,03,03,male,normal,268
60,2.0020000000000002,True,1.0,0.5824652906101286,0.536227464785268,0.5593463776976983,0.6851927505001324,-0.051944444444444515,-0.05268518518518511,0.37387516121634295,0.03355524039824306,0.1877342286984449,0.8163343486769571,0.04623782582486069,0.0007407407407405975,0.031918800941904114,0.4315112339024925,0.1251881298304687,0.11002595112062157,0.0,0.7676058866915653,0.6160895447241396,0.29238418237177277,0.2972676700349489,0.37737031314032593,angry,05,03,03,male,normal,268
70,2.3356666666666666,True,1.0,0.5870704193967341,0.5733278642252722,0.5801991418110031,0.8405977145747517,-0.04930555555555571,-0.05083333333333334,0.37481596127449535,0.1219419772796697,0.18565352380921235,0.690222126174253,0.013742555171461945,0.001527777777777628,0.029583038530227236,0.3928516599523134,0.12323417024005952,0.11204022986328174,0.0,0.6823389012135098,0.6163451926708183,0.294085813374872,0.2953014721594225,0.37763572128583417,angry,05,03,03,male,normal,268
80,2.6693333333333333,True,1.0,0.5675792126820672,0.5376712781369299,0.5526252454094986,0.899622128551036,-0.04819444444444437,-0.049861111111111134,0.3205569028829296,0.29185474748352314,0.18282301549403865,0.6142859628181634,0.029907934545137294,0.0016666666666667607,0.03637549091444308,0.3949534684761109,0.12630849227699778,0.10873795358219528,0.0,0.7795038786579553,0.6175770897890406,0.293677301412085,0.2931775404771096,0.3749033551064919,angry,05,03,03,male,normal,268
90,3.003,True,1.0,0.5478307474679028,0.5472991393331867,0.5475649434005447,0.9346338081724804,-0.0476388888888889,-0.048657407407407316,0.3294954250776993,0.2526389822264928,0.1863278419162122,0.5858604071590521,0.0005316081347160884,0.0010185185185184187,0.02703749425655647,0.3700551384252741,0.12358150265995933,0.1114862416411646,0.0,0.8377194154861507,0.6129647730732919,0.29457088684146493,0.28974592616604633,0.3739500636311257,angry,05,03,03,male,normal,268
100,3.336666666666667,True,1.0,0.6118718191098583,0.5756420943893414,0.5937569567495999,0.47508906371734905,-0.050879629629629664,-0.052453703703703725,0.3559792218339751,0.050358979175000734,0.18426642021493544,1.2497803087777486,0.03622972472051689,0.001574074074074061,0.02983864026501179,0.616263988315708,0.12529800682024905,0.10990080644485159,0.0,0.9594505512690336,0.6141579145642632,0.29293417712763953,0.2875859156447289,0.3768995551845413,angry,05,03,03,male,normal,268
110,3.6703333333333332,True,1.0,0.5973115380828943,0.5624977562607403,0.5799046471718172,0.574444023706039,-0.04999999999999999,-0.052222222222222114,0.3463368534722023,0.11763905910206905,0.18218581582877835,1.0095059278892813,0.034813781822154,0.0022222222222221255,0.029989684988231152,0.5525299517543811,0.12723640334546266,0.10765071032907371,0.0,0.8799814630769885,0.6125808884960234,0.2937772274139129,0.2902715637055653,0.37666533875260594,angry,05,03,03,male,normal,268
0,0.0,True,1.0,0.5921393519084294,0.5459125617060726,0.569025956807251,0.5988386469106867,-0.04787037037037034,-0.05032407407407408,0.3393977019698913,0.1794919365384947,0.18134468499349682,0.9502158214783989,0.04622679020235676,0.0024537037037037357,0.030436241041978333,0.5362321069547387,0.12766049992598094,0.10714744294349376,0.0,0.7162721268002279,0.6130714742381328,0.29103515755962084,0.29381033440711746,0.3815731101293441,angry,05,03,03,male,normal,269
10,0.33366666666666667,True,1.0,0.5537666547730917,0.5150033761134072,0.5343850154432495,0.550757574744124,-0.046944444444444455,-0.049490740740740724,0.3316111438914235,0.16826649763695198,0.1799442316849471,0.9702726570606295,0.03876327865968454,0.0025462962962962687,0.02471456288894075,0.5962706439338947,0.12442556247675485,0.11088758800068732,0.0,0.7488046989919104,0.6153724263846164,0.29280216807596854,0.2902850856424706,0.38157704022268885,angry,05,03,03,male,normal,269
20,0.6673333333333333,True,1.0,0.5777256479313783,0.5051380438538541,0.5414318458926162,0.5711373656144432,-0.04847222222222225,-0.05111111111111111,0.3390471928795396,0.1727685059896104,0.17926245206354585,0.9479888350679541,0.07258760407752418,0.0026388888888888573,0.021060728903176586,0.5647095085850327,0.1280487199086121,0.1066831903371643,0.0,0.6880501616907756,0.6168666575458309,0.29186355909028533,0.2943323295824615,0.3814092575861291,angry,05,03,03,male,normal,269
30,1.0010000000000001,True,1.0,0.5650794416739859,0.5499464204162897,0.5575129310451379,0.8627483484305217,-0.04847222222222214,-0.0490740740740741,0.3791701981333818,0.1393461714573802,0.1833537234902846,0.646205735495575,0.015133021257696222,0.0006018518518519644,0.02350500940290543,0.37332941810953485,0.12292898158233917,0.11254440571257547,0.0,0.6992550763289637,0.6146361857477367,0.2934908367379939,0.29807632235109266,0.3822138474479697,angry,05,03,03,male,normal,269
40,1.3346666666666667,True,1.0,0.5457744441399512,0.5413993876315062,0.5435869158857287,0.9448140671789358,-0.05212962962962975,-0.051666666666666694,0.34973084309315505,0.3124686247661187,0.18681209006022542,0.5753374497363196,0.004375056508445052,0.00046296296296305384,0.021828694692130404,0.3723775072333792,0.12332402111177723,0.11211138919385814,0.0,0.6591806717330911,0.6179566242825256,0.2938654373750454,0.2967968247893211,0.38423171120085003,angry,05,03,03,male,normal,269
50,1.6683333333333334,True,1.0,0.5555320086995179,0.5184216782963,0.536976843497909,0.8240086849896421,-0.0564351851851852,-0.053749999999999964,0.35492489696312296,0.26016260162601657,0.19583372291904952,0.6516640580125183,0.03711033040321787,0.002685185185185235,0.02135344198872552,0.4143929801400563,0.12566260857651176,0.10948372744920888,0.0,0.652571358652948,0.6134656707683074,0.2958741348611044,0.30121923901307607,0.38772428494217326,angry,05,03,03,male,normal,269
60,2.0020000000000002,True,1.0,0.5750734938280628,0.5823104666216325,0.5786919802248477,0.8075639412463783,-0.04981481481481487,-0.050138888888888844,0.3801916254460872,0.1682129216803754,0.18333499792094693,0.7165896725548516,0.007236972793569718,0.0003240740740739767,0.034602466806522084,0.3940333182497917,0.1263343625027822,0.10870789585641807,0.0,0.693802907324931,0.6131325221416691,0.29258178103173027,0.2956931124686989,0.3804202486922015,angry,05,03,03,male,normal,269
70,2.3356666666666666,True,1.0,0.5882775448703257,0.567281046437855,0.5777792956540904,0.9971716412388613,-0.047824074074074074,-0.04888888888888898,0.35541770774124204,0.1733693147951291,0.18750651030364252,0.5794180979076698,0.020996498432470645,0.0010648148148149073,0.0352237160259119,0.33413921745501834,0.1221290308049155,0.1134119817500613,0.0,0.8221324836290244,0.6102506748402486,0.29513836632877316,0.29086472761950855,0.37274931272967676,angry,05,03,03,male,normal,269
80,2.6693333333333333,True,1.0,0.5720173158082547,0.5362577972246708,0.5541375565164628,0.8889254711225901,-0.048657407407407316,-0.04800925925925925,0.3622165479093658,0.2437275985663084,0.18682025786964923,0.6233790959062784,0.03575951858358384,0.0006481481481480644,0.035527633695427066,0.38137389406774475,0.12736624147067915,0.1074970618403407,0.0,0.8870326527888165,0.6104432488229667,0.29464721713145503,0.29724227504519357,0.37690620144728565,angry,05,03,03,male,normal,269
90,3.003,True,1.0,0.6436741355259405,0.6512372892016541,0.6474557123637974,1.0740383826915156,-0.04916666666666669,-0.05106481481481484,0.30722343395921764,0.285115303983229,0.1882045791606005,0.6028236260433153,0.007563153675713585,0.0018981481481481488,0.03155992473106682,0.31621089802987024,0.12509537817138902,0.11013139484515581,0.0,0.7574664849792578,0.6083627875603367,0.29427418176155146,0.2874551173883666,0.36894913963288106,angry,05,03,03,male,normal,269
100,3.336666666666667,True,1.0,0.6295590828104229,0.5888030743090858,0.6091810785597545,0.592524196033793,-0.050416666666666665,-0.05101851851851846,0.3353890288023738,0.05317524836200696,0.18751464786534006,1.0281117338961994,0.04075600850133709,0.0006018518518517979,0.029275249217619034,0.5198634954600101,0.1239623299073477,0.1112340531791362,0.0,0.7071067807446058,0.6107342121614271,0.29249702659133886,0.28255420327645947,0.36667701135481595,angry,05,03,03,male,normal,269
110,3.6703333333333332,True,1.0,0.650514603660346,0.6210102762863763,0.6357624399733611,0.5774611663756336,-0.050879629629629664,-0.04958333333333326,0.33535031847133767,0.07597340930674235,0.18891473730410496,1.1009613754006153,0.029504327373969685,0.0012962962962964064,0.030562785131224582,0.5482691506143401,0.12775739467756797,0.10703189186420554,0.0,0.7690409858398554,0.6093826997126977,0.29264590450776423,0.2876946759855752,0.36959596340289447,angry,05,03,03,male,normal,269
120,4.0040000000000004,True,1.0,0.5242057596667812,0.5146594254133446,0.5194325925400629,0.563024637216243,-0.05291666666666661,-0.05277777777777776,0.34527346494084066,0.10370370370370334,0.18542695320541566,0.9225752448565808,0.00954633425343654,0.0001388888888888551,0.026723814053206667,0.5624383832159805,0.12535727116331952,0.10983320234340949,0.0,0.7210295844885865,0.6143675341621023,0.29134149318977987,0.28716367678249116,0.36999923927110584,angry,05,03,03,male,normal,269
0,0.0,True,1.0,0.5894065358008922,0.5698048658396923,0.5796057008202922,0.6302862770027376,-0.04907407407407405,-0.049120370370370425,0.31977077104777435,0.26663184710935267,0.1736128689147123,0.9195911793868465,0.01960166996119994,4.629629629637755e-05,0.00758094651586277,0.5191767711265576,0.12923571647232474,0.10524213680254413,0.0,0.7071067807446058,0.5713582015696904,0.26560394547390526,0.3061957993440845,0.330676950431895,angry,05,03,03,male,normal,270
10,0.33366666666666667,True,1.0,0.5693866179983966,0.5518653331225928,0.5606259755604948,0.5823754789272034,-0.04851851851851857,-0.049629629629629635,0.3331768594631809,0.22988505747126475,0.17014068256565848,0.9626538132979542,0.017521284875803844,0.0011111111111110628,0.015038016181595304,0.5476973684210527,0.12654994033354544,0.10845685949836929,0.0,0.6613351865213111,0.6202408952487245,0.2913578115272388,0.2923868904598687,0.366664490559931,angry,05,03,03,male,normal,270
20,0.6673333333333333,True,1.0,0.5600293923505444,0.550611532283501,0.5553204623170227,0.5977633146274877,-0.051018518518518574,-0.05185185185185187,0.3371372764687193,0.21455938697318053,0.1701608601264882,0.9289972280468326,0.009417860067043371,0.0008333333333332971,0.00017687016353073461,0.5047551941508186,0.12936524477216974,0.10508287784379083,0.0,0.6672893622736034,0.5756333094331483,0.2670905046697998,0.3057108544029363,0.3331249291760149,angry,05,03,03,male,normal,270
30,1.0010000000000001,True,1.0,0.581980399279794,0.5753275556564208,0.5786539774681074,0.8813609449633413,-0.05018518518518522,-0.050787037037036964,0.34197433123047977,0.27634638137310696,0.17639580927478637,0.656545971063167,0.00665284362337315,0.0006018518518517424,0.0023923916968118875,0.3721912240843815,0.12333296955180167,0.11210154500125459,0.0,0.8383879467207456,0.620214506701118,0.29535071840270094,0.2878569089451695,0.37103973582213257,angry,05,03,03,male,normal,270
40,1.3346666666666667,True,1.0,0.5354114498509753,0.5319102902763743,0.5336608700636748,0.8451352213390982,-0.05009259259259252,-0.04819444444444443,0.3586939006609773,0.2793116590569938,0.17502789956175563,0.6314502775284893,0.003501159574601065,0.0018981481481480933,0.010880324367660656,0.41028920136378827,0.12537442679031488,0.1098136188156951,0.0,0.9562950238946072,0.6142945372055071,0.29401870970127647,0.2950799178740119,0.37669212256947543,angry,05,03,03,male,normal,270
50,1.6683333333333334,True,1.0,0.5731488662003229,0.5795479242716752,0.5763483952359991,0.7222222222222231,-0.049675925925925846,-0.04814814814814816,0.3698982553481982,0.11111111111111185,0.17920924427469395,0.7980208549421517,0.006399058071352326,0.0015277777777776835,0.013484737749119461,0.43311944729058444,0.12532791869416954,0.1098666945269433,0.0,0.6909294517998497,0.61058505073123,0.29447550581356174,0.2945652726755027,0.37722635521778675,angry,05,03,03,male,normal,270
60,2.0020000000000002,True,1.0,0.5646994532529306,0.5384417226948454,0.5515705879738879,0.5038876416462896,-0.0501388888888889,-0.048333333333333395,0.36810802423929595,0.034992197336548854,0.18264933186801838,1.0946301166899226,0.026257730558085224,0.0018055555555555047,0.0033435450416786426,0.5943994174276002,0.12375519839383152,0.11146445484193757,0.0,0.707188412459509,0.6140959531937775,0.2962490617679593,0.28833156508948443,0.37711611633012887,angry,05,03,03,male,normal,270
70,2.3356666666666666,True,1.0,0.5696754788176717,0.5639010288026953,0.5667882538101835,0.8538459150595834,-0.052870370370370456,-0.049259259259259225,0.36602528934282963,0.1609641077481207,0.18542695320541566,0.6638062486609562,0.00577445001497634,0.0036111111111112315,0.006987958311467349,0.39683825955527496,0.12407795168493214,0.11093345654494688,0.0,0.6919062632871494,0.6170704291794843,0.29659139219123387,0.2984019036970564,0.37875104246755054,angry,05,03,03,male,normal,270
80,2.6693333333333333,True,1.0,0.5782695434073366,0.5899723259533886,0.5841209346803626,0.764241001285906,-0.04740740740740734,-0.04615740740740726,0.3285314020274128,0.22609336757768922,0.1812605229973301,0.7643150965435318,0.011702782546051949,0.0012500000000000844,0.004626550017992439,0.4595158694795585,0.12417184831786555,0.11117162342808833,0.0,0.9606309033266612,0.6132765006471339,0.29458714767009564,0.2910763578771484,0.37217433700546343,angry,05,03,03,male,normal,270
90,3.003,True,1.0,0.5441017615978568,0.5464128892970103,0.5452573254474335,0.582930213798451,-0.04662037037037042,-0.04777777777777792,0.3593359941511193,0.02843294441550323,0.17918199577107888,0.9353732445852551,0.0023111276991534258,0.0011574074074074958,0.0077048497169663055,0.5081597432931084,0.12370111869983146,0.11169517000595708,0.0,0.8818890502159553,0.6142573173331832,0.29540061405695184,0.2881203617870289,0.37602829981856994,angry,05,03,03,male,normal,270
100,3.336666666666667,True,1.0,0.5440749082880784,0.5495053234791233,0.5467901158836008,0.5826286384701195,-0.047361111111111076,-0.046805555555555545,0.3429732471073474,0.08215703230011252,0.17851496546228487,0.9384882235095338,0.005430415191044924,0.0005555555555555314,0.009630087530053202,0.5342139295761551,0.12411967125857838,0.11122987447969276,0.0,0.9569525835693308,0.6148932650716535,0.29451193175373874,0.2913043381584316,0.37523452521715245,angry,05,03,03,male,normal,270
110,3.6703333333333332,True,1.0,0.5435598460848493,0.5453446896003711,0.5444522678426102,0.49674024200572237,-0.04828703703703707,-0.0471759259259259,0.3400435115206558,0.06772746741875549,0.17713545686623575,1.0960502528328242,0.0017848435155217723,0.0011111111111111738,0.0023311326822295633,0.6135472377953413,0.12475615587582103,0.11051551629317578,0.0,0.7592014282301435,0.6153145044345862,0.29477023441306305,0.2878106658563919,0.3689881652684904,angry,05,03,03,male,normal,270
0,0.0,True,1.0,0.6141874226616649,0.5703802808325047,0.5922838517470848,0.43620230696718665,-0.04874999999999996,-0.050138888888888844,0.34486865938752803,0.09023178098093419,0.17222931003000191,1.3578191639221187,0.043807141829160234,0.001388888888888884,0.026896371598013474,0.6408938132859855,0.12815701670672294,0.1065530705310109,0.0,0.6853396159234753,0.6139307961622149,0.29262727163405566,0.2904699485815549,0.3802016916073608,angry,05,03,03,male,normal,271
10,0.33366666666666667,True,1.0,0.5917021814543642,0.512176949928908,0.5519395656916362,0.4676891376346428,-0.048055555555555574,-0.05138888888888887,0.35355956742622835,0.051153499428788926,0.1791683699652562,1.1801419389021806,0.0795252315254561,0.0033333333333332993,0.054673904443268515,0.6009153377673622,0.12596808790235578,0.10913211535044037,0.0,0.6807146698133022,0.6126779875934749,0.29693693706130914,0.2874237171959503,0.3626462576633658,angry,05,03,03,male,normal,271
20,0.6673333333333333,True,1.0,0.573617997233981,0.5177042456397226,0.5456611214368519,0.5226425792059735,-0.0497685185185186,-0.05148148148148152,0.3513233378193041,0.05973058048068255,0.17989546661676628,1.0440426079823986,0.055913751594258376,0.0017129629629629162,0.04232025997126595,0.5471750270289054,0.12849790402062455,0.10614172804948029,0.0,0.6500161628294118,0.6135795807776236,0.29555172914652544,0.2908261043068197,0.36207693567662486,angry,05,03,03,male,normal,271
30,1.0010000000000001,True,1.0,0.5986324479333162,0.5600526905311117,0.5793425692322139,1.0401918045764216,-0.06740740740740736,-0.06560185185185197,0.329298955474474,0.3119524308811593,0.1945107434791823,0.5569574444668204,0.03857975740220443,0.0018055555555553937,0.029222472740543154,0.3290949446321971,0.12429212449801712,0.11103713594291093,0.0,0.6308128069686828,0.6193894668101615,0.2990657499057496,0.2833010281593251,0.36420873059140246,angry,05,03,03,male,normal,271
40,1.3346666666666667,True,1.0,0.44130155839593477,0.4278628654762622,0.4345822119360985,0.9383212422190272,-0.05032407407407419,-0.05222222222222228,0.361654831730823,0.27011297194728195,0.1813106040921214,0.463148645029456,0.01343869291967259,0.0018981481481480933,0.03350025258980758,0.3327194344770859,0.12324579073350088,0.11219738337727532,0.0,0.7071067807446058,0.6210740939266332,0.2987519313428659,0.28407282520064725,0.35702060989216744,angry,05,03,03,male,normal,271
50,1.6683333333333334,True,1.0,0.5436861238235247,0.4946429405102887,0.5191645321669067,0.8208790578002352,-0.047685185185185275,-0.04726851851851854,0.38740734568136187,0.14129885421151642,0.18072449695109213,0.6324494786822151,0.04904318331323598,0.0004166666666667318,0.02074196455252569,0.3692165780182034,0.1267867439279482,0.10817993961454024,0.0,0.6833842882118732,0.6196954395430048,0.29963473339533114,0.28764726635391236,0.36202173371195134,angry,05,03,03,male,normal,271
60,2.0020000000000002,True,1.0,0.5981871757395425,0.5564222269997116,0.5773047013696271,0.44396322027769736,-0.049907407407407456,-0.04912037037037037,0.3667001552406797,0.007150111254362232,0.18227289916618855,1.3003435307287958,0.04176494873983094,0.000787037037037086,0.02487456022234515,0.6193826981327764,0.12682429623232172,0.1081359128862468,0.0,0.7808489815695235,0.6109168066367173,0.29335992487625057,0.29015711921865617,0.3759859248875067,angry,05,03,03,male,normal,271
70,2.3356666666666666,True,1.0,0.5692089574475859,0.5305748280461844,0.5498918927468852,0.7990156901663168,-0.04833333333333334,-0.0476388888888889,0.36653289524007326,0.2068462559702321,0.1843297576792548,0.6882116327808583,0.03863412940140154,0.000694444444444442,0.02012269891670703,0.4052596404141625,0.12486218225792677,0.11039571192883309,0.0,0.6959508146970258,0.6167344348286189,0.29398519509833365,0.2915871764774409,0.37224325642577066,angry,05,03,03,male,normal,271
80,2.6693333333333333,True,1.0,0.6086964356142963,0.5882976040317333,0.5984970198230148,0.9661566619916291,-0.04870370370370364,-0.04800925925925925,0.3119647984264594,0.3248132578621727,0.18287934372030076,0.6194616705217112,0.02039883158256306,0.0006944444444443865,0.011621448880005204,0.3625278586614959,0.1274880062175875,0.10735262475324509,0.0,0.6941416279760103,0.6138276657147235,0.2945118229865976,0.2917751895547181,0.3709877252303562,angry,05,03,03,male,normal,271
90,3.003,True,1.0,0.5888845149670086,0.5815829971342675,0.585233756050638,0.7165644601179232,-0.04907407407407405,-0.04791666666666666,0.3442031922651257,0.15670544112499843,0.1828059049670385,0.8167217167794333,0.007301517832741022,0.0011574074074073848,0.010872441473608281,0.4588006588468622,0.12491405271459942,0.10999113286781509,0.0,0.8477455396095294,0.609956916696366,0.295582828437064,0.28852488787848923,0.3721316648782599,angry,05,03,03,male,normal,271
100,3.336666666666667,True,1.0,0.6123383212629331,0.6138328207299549,0.613085570996444,0.5665756594037578,-0.04902777777777784,-0.048101851851851896,0.3388227396645696,0.09178172598379138,0.18074180452164612,1.0820894982351192,0.001494499467021848,0.0009259259259259411,0.014901940665422275,0.5342777632205166,0.1243599555179597,0.11078932839482046,0.0,0.87543372307532,0.6083452063325331,0.2942323526395776,0.28710570968042015,0.37309117525383,angry,05,03,03,male,normal,271
110,3.6703333333333332,True,1.0,0.6093295042777024,0.5727629744397851,0.5910462393587437,0.6850105550675175,-0.052314814814814814,-0.048888888888888815,0.34335122982497546,0.13690588288291805,0.1795495016590325,0.8628279301484452,0.036566529837917305,0.003425925925925999,0.006923107770410831,0.4545919461291428,0.12765973341413975,0.10714835619484983,0.0,0.7411076120420207,0.6094367586722189,0.2932353951755593,0.29373412586653563,0.3773816162599042,angry,05,03,03,male,normal,271
0,0.0,True,1.0,0.5962173697387899,0.5881602318779572,0.5921888008083735,0.5476075679888837,-0.04842592592592587,-0.04824074074074075,0.347708117417214,0.0222003068103601,0.18263888888888885,1.0814109143582815,0.00805713786083273,0.00018518518518512161,0.020229304660936864,0.5320945945945953,0.12501744173419335,0.11021985770608751,0.0,0.9558564338143573,0.6074517132321678,0.2962803109135,0.28430184891300214,0.37388313932032735,angry,05,03,03,male,strong,272
10,0.33366666666666667,True,1.0,0.5770712631160855,0.5355847578272628,0.5563280104716741,0.6588890418780367,-0.04777777777777775,-0.047083333333333255,0.35971917578991763,0.06445653670545988,0.18472593936351137,0.8443424842610343,0.041486505288822695,0.0006944444444444975,0.028714904791269695,0.48913043478260876,0.12489567524288142,0.11035781837239973,0.0,0.8696915094213215,0.6031603366346541,0.2955783076882216,0.28887308972813114,0.3760679796028943,angry,05,03,03,male,strong,272
20,0.6673333333333333,True,1.0,0.5564600508841454,0.5020450305857389,0.5292525407349422,0.7052312834724795,-0.04898148148148157,-0.048333333333333395,0.36454574067126155,0.1269335987623879,0.1847370903386176,0.7504666244086085,0.0544150202984065,0.0006481481481481755,0.027616776825266785,0.46165418758981686,0.12496174980869484,0.1099369408348254,0.0,0.9999999987499999,0.6087354465458059,0.2952055782728866,0.2903284426841164,0.3767434664963057,angry,05,03,03,male,strong,272
30,1.0010000000000001,True,1.0,0.5750245013378134,0.526127747089712,0.5505761242137627,1.012363801744811,-0.048611111111111105,-0.046296296296296224,0.4182792214324695,0.1913434433658759,0.18285973512150927,0.5438520453465875,0.04889675424810136,0.0023148148148148806,0.027817561235330992,0.3086599769926618,0.12112831781393821,0.11381253271586084,0.0,0.9999999987499999,0.6051863160967512,0.29943557321320485,0.29717802479659117,0.3788951465367765,angry,05,03,03,male,strong,272
40,1.3346666666666667,True,1.0,0.6432385129269996,0.5537639772037711,0.5985012450653854,1.3619507941134972,-0.04847222222222225,-0.04425925925925922,0.3259605549168468,0.36460393533864754,0.1760436409683424,0.43944410301177866,0.0894745357232285,0.004212962962963029,0.03834913712864317,0.21052110964418946,0.12445341799692206,0.1106843284833632,0.0,0.7071067807446058,0.6224663915019132,0.3018430427682144,0.27257049647237047,0.3568430704663724,angry,05,03,03,male,strong,272
50,1.6683333333333334,True,1.0,0.6246954322826358,0.5683318172249046,0.5965136247537701,1.4467333303823418,-0.04777777777777781,-0.044907407407407396,0.2932831508526388,0.5713285925487896,0.18192224472284857,0.4123176070023381,0.05636361505773124,0.002870370370370412,0.04206498091852953,0.23205075777698062,0.12493413351919459,0.11031427855065751,0.0,0.7071067807446058,0.617125428976278,0.2984401814374773,0.27231845319206255,0.35287559591328593,angry,05,03,03,male,strong,272
60,2.0020000000000002,True,1.0,0.5226930152141651,0.47566245375861005,0.4991777344863876,0.8274824972431019,-0.04356481481481489,-0.04134259259259265,0.41817790450068393,0.11560021739105693,0.1796582479208983,0.6032486924490642,0.047030561455555064,0.0022222222222222365,0.03610169948153264,0.36425509339763634,0.12536460921672216,0.10947732473510986,0.0,0.6899046777855453,0.6005138332989447,0.2950535353692692,0.2959919610485506,0.3781158672662365,angry,05,03,03,male,strong,272
70,2.3356666666666666,True,1.0,0.6317327489612802,0.5635975044686228,0.5976651267149515,0.8020424063774427,-0.04976851851851849,-0.046527777777777835,0.3574522454492853,0.06556680957748155,0.18848974903696677,0.7451789605669419,0.0681352444926574,0.003240740740740655,0.03672105956539237,0.36832240377565895,0.12422961866389283,0.11110706375816716,0.0,0.7515129358103936,0.5994918331551371,0.29421340881311253,0.2835381083551607,0.3541826492971452,angry,05,03,03,male,strong,272
80,2.6693333333333333,True,1.0,0.5663349392063999,0.48794003970026645,0.5271374894533332,0.9078977236542749,-0.04472222222222211,-0.042314814814814805,0.4109239610298273,0.16781919969063003,0.18075995458352442,0.5806132956602342,0.07839489950613343,0.0024074074074073026,0.03879439351604905,0.33915666345983486,0.12440766534277113,0.11056356849959739,0.0,0.9147639968762683,0.6159711781665792,0.29719783921344944,0.2877525819185034,0.36233250114325777,angry,05,03,03,male,strong,272
90,3.003,True,1.0,0.6174396244443323,0.5366101604683892,0.5770248924563608,1.1567105673307634,-0.04689814814814819,-0.04453703703703693,0.3246857391881027,0.3168223659139098,0.1904224696420173,0.49884984952450906,0.08082946397594315,0.002361111111111258,0.048889255704260455,0.2803499827593884,0.1238346819409091,0.11154707221119657,0.0,0.9236849007017046,0.6081506027879902,0.29082437211216455,0.2741017088046458,0.3467565185613287,angry,05,03,03,male,strong,272
100,3.336666666666667,True,1.0,0.6825673695795608,0.6087310020022922,0.6456491857909266,0.9288146182828749,-0.04759259259259263,-0.046111111111111214,0.32268356908774354,0.1415228801729512,0.19036797259896426,0.6951324549397768,0.07383636757726852,0.001481481481481417,0.0547528456499512,0.3142617855179104,0.12473429495799024,0.1105401892152487,0.0,0.9999999987499999,0.6114778351184225,0.291158859317764,0.27661227793214355,0.3492672234666794,angry,05,03,03,male,strong,272
110,3.6703333333333332,True,1.0,0.6791278409476573,0.5762103860062623,0.6276691134769599,0.444309380341678,-0.048935185185185026,-0.046805555555555545,0.3350398965792026,0.053583242219686425,0.1820048173001131,1.4126848120880917,0.10291745494139504,0.0021296296296294814,0.05692949832801036,0.658987088593499,0.12781613057005234,0.10696174333304818,0.0,0.8886244754531721,0.6098736324764281,0.29344222491555383,0.2821751344105995,0.35984416065867436,angry,05,03,03,male,strong,272
120,4.0040000000000004,True,1.0,0.6411452443949498,0.5593383618345155,0.6002418031147326,0.5755178537787765,-0.049537037037036935,-0.047546296296296364,0.3238790439032593,0.1476998399491807,0.18542695320541566,1.0429594827921007,0.08180688256043434,0.001990740740740571,0.056894792516020615,0.5477111070733571,0.12725202813220712,0.10763224009096552,0.0,0.8150560642595223,0.6079554421065302,0.2902074830300027,0.28613627398443947,0.36559109228858483,angry,05,03,03,male,strong,272
130,4.337666666666666,True,1.0,0.6154257650419925,0.5424041493364761,0.5789149571892342,0.6018764798594586,-0.04712962962962952,-0.04791666666666666,0.3210953612232306,0.1503209718964314,0.1819649902339408,0.9618501080560816,0.07302161570551646,0.0007870370370371416,0.06610448239484656,0.488713522240374,0.12566375535988875,0.1094824111857755,0.0,0.9999999987499999,0.6116867928030588,0.2876096503333248,0.28626900705453046,0.36586035673385825,angry,05,03,03,male,strong,272
0,0.0,True,1.0,0.5948685657233808,0.552983735543851,0.573926150633616,0.7298961987006051,-0.046064814814814725,-0.04759259259259252,0.37536358890525945,0.10132500901268146,0.1833836804240681,0.7863120148527226,0.04188483017952971,0.0015277777777777946,0.053400627796685016,0.437678093068406,0.12657026418161513,0.10843314067034378,0.0,0.9603765989132338,0.6098170629501802,0.29181929964750375,0.29681810406494213,0.37422520661301106,angry,05,03,03,male,strong,273
10,0.33366666666666667,True,1.0,0.5743680285150135,0.5492294846364321,0.5617987565757228,0.6543913987165024,-0.046805555555555434,-0.048194444444444484,0.3745995428201777,0.12266470101844128,0.1812706245000569,0.8585057164223319,0.025138543878581388,0.0013888888888890505,0.0361520048277698,0.4690839145080398,0.12426692550030859,0.11106533661349917,0.0,0.8059172769151028,0.6148509368903812,0.29285541335905146,0.28892931091111684,0.3732958181770021,angry,05,03,03,male,strong,273
20,0.6673333333333333,True,1.0,0.5920960929609089,0.5572575554782631,0.574676824219586,0.732563246605018,-0.046574074074074046,-0.04736111111111102,0.36423512560712973,0.14086930581439233,0.18543147910168942,0.7844740053269954,0.03483853748264587,0.000787037037036975,0.030351775502787757,0.4330941089632129,0.1256974206910216,0.10944375816942388,0.0,0.6851606492680704,0.6097861784088635,0.2937110262192088,0.29413139910189634,0.37443822591695686,angry,05,03,03,male,strong,273
30,1.0010000000000001,True,1.0,0.6308203165538283,0.5304757080869907,0.5806480123204095,1.0819243056710706,-0.05856481481481479,-0.05351851851851841,0.401645259057527,0.23814749757436401,0.19105050873278595,0.5366808096249015,0.10034460846683757,0.005046296296296382,0.038760560521017284,0.3011705188093573,0.12385454587017564,0.11152501619707529,0.0,0.6920851570047921,0.597602346133766,0.30036723083431793,0.3052806743650253,0.3847973029608841,angry,05,03,03,male,strong,273
40,1.3346666666666667,True,1.0,0.622937934698063,0.49955367010642476,0.5612458024022439,1.0463029214005835,-0.05717592592592591,-0.05041666666666661,0.37374024881774776,0.32083013786902664,0.18541520872586661,0.5364085208239302,0.12338426459163826,0.006759259259259298,0.030622066424354152,0.3077543134000877,0.12436052245673868,0.11096052552419618,0.0,0.9999999987499999,0.6078134469256453,0.2994397949722454,0.2851151419778127,0.36131505700274236,angry,05,03,03,male,strong,273
50,1.6683333333333334,True,1.0,0.5023095671744873,0.4557079790322689,0.4790087731033781,1.025255740582707,-0.047824074074074074,-0.045370370370370394,0.3495485298063841,0.3045948452002646,0.1766810389869815,0.4672090622298122,0.046601588142218375,0.00245370370370368,0.029736564369314288,0.3273617888966562,0.12670285612737564,0.10827817887190382,0.0,0.8033966392684943,0.6191507643057224,0.29561622348456096,0.2821077791943507,0.3636503781716553,angry,05,03,03,male,strong,273
60,2.0020000000000002,True,1.0,0.5583264254253459,0.49397709420763114,0.5261517598164885,0.968411091336965,-0.047222222222222054,-0.04560185185185173,0.3836579211544444,0.22862471220100994,0.18494058066540367,0.5433144710167416,0.0643493312177148,0.0016203703703703276,0.033766205984179176,0.32837873034579634,0.12236852447324309,0.11247802540030581,0.0,0.9999999987499999,0.6029802148359344,0.29732916947061927,0.28869346264439594,0.372667698413915,angry,05,03,03,male,strong,273
70,2.3356666666666666,True,1.0,0.5298885535606815,0.4841360285759255,0.5070122910683035,0.9646251640508131,-0.0471759259259259,-0.045231481481481484,0.37167130062747233,0.2687083345137468,0.17041892190712357,0.5256054993829664,0.045752524984756016,0.0019444444444444153,0.02278504538052348,0.345524558738255,0.12103360507392137,0.11273642175302387,0.0,0.818516519405107,0.5960866764127526,0.2965035383970825,0.2966927566938668,0.38240476155019587,angry,05,03,03,male,strong,273
80,2.6693333333333333,True,1.0,0.4227038519026736,0.3798624411944828,0.4012831465485782,1.1226734108740142,-0.045370370370370394,-0.04245370370370383,0.3868470318716242,0.24802719241628865,0.16972562324153365,0.3574353348550178,0.04284141070819081,0.0029166666666665675,0.020273771883915322,0.28872262176188823,0.12250904664860864,0.11300137724409316,0.0,0.7857062342102913,0.5997633701605642,0.2980695010676442,0.30095781115771153,0.39326095372388903,angry,05,03,03,male,strong,273
90,3.003,True,1.0,0.6174215037136646,0.5635975044686223,0.5905095040911434,1.1249016720223581,-0.04814814814814816,-0.04587962962962966,0.34478843476847143,0.3495912039589777,0.187890625,0.5249432183966091,0.05382399924504222,0.002268518518518503,0.02990504823194044,0.2966144723415742,0.12432953681362105,0.11099524334913202,0.0,0.8314778003073555,0.6051852151720063,0.29484016340401165,0.27986568779394194,0.362953745095895,angry,05,03,03,male,strong,273
100,3.336666666666667,True,1.0,0.6592584390530243,0.6177369750954634,0.6384977070742439,1.232945126954782,-0.05078703703703702,-0.0467129629629629,0.30932776711697596,0.30815616771539306,0.18916173439610218,0.5178638473970469,0.041521463957560845,0.004074074074074119,0.03560675435003312,0.25403343737701667,0.12373202366828027,0.11114788457904094,0.0,0.8344691039362823,0.5996174710587361,0.2924292234365659,0.28187849610863064,0.36184211193528515,angry,05,03,03,male,strong,273
110,3.6703333333333332,True,1.0,0.6448094047036511,0.6160271536952816,0.6304182791994664,0.5119428153857268,-0.05194444444444435,-0.04921296296296307,0.3394786341023408,0.07519315081744415,0.18634708557960422,1.2314232376217125,0.028782251008369508,0.0027314814814812793,0.030915006684551116,0.5484405921095744,0.126835648829987,0.10812259688201611,0.0,0.6894881048574094,0.6009134291294643,0.2945246912353096,0.2857466963681832,0.3670361668553117,angry,05,03,03,male,strong,273
120,4.0040000000000004,True,1.0,0.6452849471564245,0.5630826630218305,0.6041838050891275,0.45595036650324505,-0.05222222222222206,-0.04958333333333331,0.33892271122035506,0.07593835235473746,0.1870814394868776,1.325108716816499,0.08220228413459396,0.0026388888888887463,0.03690976406850157,0.6566344816002639,0.12718235660984628,0.10771455768772879,0.0,0.8795335163320214,0.603258083491209,0.29455868827202364,0.2834219757726097,0.3642518493275496,angry,05,03,03,male,strong,273
130,4.337666666666666,True,1.0,0.6946384919372405,0.605253805867188,0.6499461489022142,0.5255410719142054,-0.05351851851851841,-0.050740740740740864,0.33514033501624163,0.13138526797855105,0.18490427426774553,1.2367180866280951,0.08938468607005245,0.002777777777777546,0.045401528075932826,0.579790601928641,0.12494934435356295,0.11012418067042318,0.0,0.9999999987499999,0.6096709452687326,0.2925735754837134,0.2838438563989656,0.37189682103086236,angry,05,03,03,male,strong,273
0,0.0,True,1.0,0.5823051469031353,0.5459125617060717,0.5641088543046036,0.5654268032903129,-0.04666666666666669,-0.04893518518518525,0.34194858795960703,0.07439826359083153,0.17847393214836946,0.9976691076934451,0.036392585197063565,0.0022685185185185586,0.039413859866672715,0.503976998579254,0.1256691930400408,0.10947616951332861,0.0,0.7498476609411666,0.6146920784485669,0.2934826998311509,0.2842180610865177,0.3732236569328706,angry,05,03,03,male,strong,274
10,0.33366666666666667,True,1.0,0.5574579397800845,0.5364203989457595,0.546939169362922,0.6896734849034287,-0.047175925925925954,-0.049120370370370425,0.3399120799234082,0.14233682318976715,0.17639580927478637,0.793040737878312,0.021037540834324964,0.0019444444444444708,0.04220470003822642,0.44206189779512994,0.1270486311081569,0.10787225363493338,0.0,0.8419813993400168,0.6127682146999425,0.2940834002672108,0.28950417409035734,0.3761780050025195,angry,05,03,03,male,strong,274
20,0.6673333333333333,True,1.0,0.5870070135698044,0.5159510173776873,0.5514790154737459,0.3591334533393713,-0.046157407407407425,-0.04837962962962966,0.36069206738029974,0.07882997928144751,0.17641656880366086,1.5355824146869808,0.07105599619211711,0.0022222222222222365,0.04142268861940238,0.789755943967808,0.1265647028212903,0.10843963191789163,0.0,0.6559904981486102,0.6119068528192527,0.2949969958114042,0.28482638069063276,0.36296373149798056,angry,05,03,03,male,strong,274
30,1.0010000000000001,True,1.0,0.6383762427289247,0.5678533046225851,0.603114773675755,1.3455708191336366,-0.06004629629629632,-0.05759259259259253,0.31556457921332703,0.43174508475558426,0.19098660378297827,0.448222245235727,0.07052293810633958,0.002453703703703791,0.03750072213884284,0.23602007154300347,0.12581288617842487,0.1091365726707062,0.0,0.9999999987499999,0.5878957496670543,0.27327825437219677,0.29651239340192936,0.3330244233272597,angry,05,03,03,male,strong,274
40,1.3346666666666667,True,1.0,0.5689954600944686,0.49656956225310667,0.5327825111737876,1.0803759510989888,-0.05175925925925928,-0.048472222222222194,0.38285221728710855,0.25973193228918834,0.17989546661676628,0.4931454746209653,0.07242589784136189,0.0032870370370370883,0.040607287649079865,0.299197087059768,0.12554893444089635,0.10961406310969408,0.0,0.6728151875560517,0.612587947022559,0.29957513259589064,0.29702854077967167,0.3745633620600329,angry,05,03,03,male,strong,274
50,1.6683333333333334,True,1.0,0.5262405379798539,0.4995536701064225,0.5128971040431383,0.9846237475700281,-0.04777777777777775,-0.04662037037037031,0.3725871991350945,0.23574758339572274,0.17804579664582248,0.5209066969072469,0.02668686787343144,0.0011574074074074403,0.026493699754928175,0.33392620990831723,0.1244780578694192,0.11065661720833314,0.0,0.6806639203075563,0.6037105129317353,0.3022371113811432,0.29416763014157415,0.3689514599362741,angry,05,03,03,male,strong,274
60,2.0020000000000002,True,1.0,0.4860670029810721,0.45100061633254934,0.4685338096568107,0.7501376239082232,-0.04337962962962971,-0.042453703703703605,0.45898283308914006,-0.027986264913005036,0.18019336335274247,0.624597133544303,0.03506638664852274,0.0009259259259261077,0.01938580231456756,0.3720543494939558,0.12327967908178222,0.11181990252350912,0.0,0.7071067807446058,0.6174145732433599,0.30000724165831927,0.28198866350445934,0.3724038927532017,angry,05,03,03,male,strong,274
70,2.3356666666666666,True,1.0,0.5306671752029369,0.4786615774398037,0.5046643763213703,0.6359382273900436,-0.04615740740740737,-0.0429166666666666,0.3883286732906847,0.04838298703032686,0.1817359460909219,0.7935745243568156,0.05200559776313324,0.0032407407407407662,0.03484579464069196,0.5055448877370954,0.12546253134770477,0.10919074665752296,0.0,0.7071067807446058,0.6066760763758628,0.2963138900698692,0.2835630619724079,0.36422547568941754,angry,05,03,03,male,strong,274
80,2.6693333333333333,True,1.0,0.5814694502565437,0.5242464833407726,0.5528579667986582,0.9929545432717649,-0.0467129629629629,-0.04439814814814813,0.3872714276411604,0.20518752331143197,0.1831211493414412,0.5567807414194436,0.05722296691577111,0.0023148148148147696,0.039420695716182466,0.30114897592774237,0.12466821727861017,0.11061470684607647,0.0,0.7729853914092246,0.6087059297937926,0.29498305226849303,0.294790704717052,0.3794017263912192,angry,05,03,03,male,strong,274
90,3.003,True,1.0,0.7005177225671707,0.620143532335359,0.6603306274512648,1.2781598538065233,-0.05138888888888904,-0.04773148148148165,0.2848940952582317,0.444444444444444,0.18784189206887697,0.5166260115937109,0.08037419023181169,0.003657407407407387,0.053990101347415005,0.22194263886286042,0.12376315917472562,0.11162642250426816,0.0,0.9999999987499999,0.6071340258837911,0.29413650110855666,0.2691359395100501,0.3455963945777554,angry,05,03,03,male,strong,274
100,3.336666666666667,True,1.0,0.6679845608087623,0.5821456068238221,0.6250650838162922,0.5910319148913968,-0.04949074074074067,-0.04916666666666669,0.3444124253567172,0.05171017986071806,0.18754068568996568,1.0575826246728979,0.08583895398494024,0.0003240740740739767,0.05960069593525635,0.4640166217182847,0.12851892086567104,0.10611627938400325,0.0,0.7071067807446058,0.6064592059011104,0.2863845669296871,0.2820026473767821,0.36272238910777216,angry,05,03,03,male,strong,274
110,3.6703333333333332,True,1.0,0.6052497533494868,0.535991396523333,0.5706205749364099,0.5155128614903732,-0.05194444444444446,-0.05194444444444435,0.3443335095519581,0.058847396463725804,0.18616070695444292,1.1068988139048899,0.06925835682615378,1.1102230246251565e-16,0.06192455412987291,0.5305099276950584,0.12612151299980492,0.10895476918932226,0.0,0.7750383339341756,0.6068318864264456,0.2873163270816722,0.28570340554311396,0.3674093176510825,angry,05,03,03,male,strong,274
120,4.0040000000000004,True,1.0,0.6754249280341095,0.6141066698241185,0.644765798929114,0.6227469544192697,-0.05120370370370375,-0.05032407407407408,0.35016490226322106,0.12585166039967474,0.18546644821245542,1.035357610910161,0.06131825820999093,0.0008796296296296746,0.05756709963618906,0.4704878944870513,0.12388805107842947,0.11148779561056651,0.0,0.9999999987499999,0.6257261218080983,0.2908450016543034,0.2714368039630756,0.35138947447192626,angry,05,03,03,male,strong,274
0,0.0,True,1.0,0.6607474817720583,0.5968753891285131,0.6288114354502857,0.6375323237738946,-0.048194444444444484,-0.05152777777777773,0.3463255965009714,0.1110455827055955,0.17919391750124894,0.9863208687647628,0.06387209264354521,0.0033333333333332438,0.04930330333803774,0.4855769928776836,0.1266003300150301,0.1083980360095001,0.0,0.8032911145431126,0.612560786103504,0.2919884748671504,0.2876299268808061,0.3760162689889898,angry,05,03,03,male,strong,275
10,0.33366666666666667,True,1.0,0.6329953184589713,0.5550246675769166,0.5940099930179439,0.7047389945755272,-0.04796296296296282,-0.050000000000000044,0.3594892067532,0.11264424451510222,0.1806066769993317,0.8428794171886618,0.07797065088205468,0.002037037037037226,0.05338850358123851,0.4535234182827436,0.12572587234225896,0.10941107254033712,0.0,0.6992550763289637,0.6142643498883928,0.2960438260333825,0.2925708314254658,0.36833343386043205,angry,05,03,03,male,strong,275
20,0.6673333333333333,True,1.0,0.5484016529535009,0.4982224309710646,0.5233120419622828,0.6977602657284355,-0.04791666666666672,-0.04972222222222217,0.3838169857408984,0.1576641121669649,0.181386330732397,0.7499883092597206,0.05017922198243624,0.0018055555555554492,0.04695503896626686,0.44074526859593255,0.12582061519509197,0.10930210685379936,0.0,0.6711318211379477,0.6113030263277187,0.2956855580108384,0.2990506427834866,0.3740425022890776,angry,05,03,03,male,strong,275
30,1.0010000000000001,True,1.0,0.6164451583156583,0.5868835570117816,0.60166435766372,1.6544826820010958,-0.062129629629629646,-0.058657407407407436,0.3051882519318202,0.6200779524878534,0.19138087590063388,0.3636570900434009,0.02956160130387664,0.00347222222222221,0.023602324498204246,0.22286501461806305,0.12151905594117456,0.11406531818582243,0.0,0.9999999987499999,0.5971145863579808,0.29862906242946724,0.3032822262776482,0.39199633807549117,angry,05,03,03,male,strong,275
40,1.3346666666666667,True,1.0,0.5697683877755062,0.520281736377114,0.5450250620763101,1.0089725092509874,-0.05296296296296288,-0.049861111111111134,0.3928258960642385,0.3035987218670178,0.18821640480856738,0.5401783072176173,0.049486651398392256,0.0031018518518517446,0.019464029123228917,0.3406837352604653,0.12452838913796928,0.1107720996867969,0.0,0.8359319333687668,0.5993307793976966,0.2968617509776591,0.303787863216971,0.3893191043873763,angry,05,03,03,male,strong,275
50,1.6683333333333334,True,1.0,0.5198858025731666,0.5118477875211146,0.5158667950471406,1.02788093138464,-0.048981481481481515,-0.045416666666666716,0.38480772522125706,0.283142149304678,0.18727708666033402,0.5018740783061572,0.008038015052052039,0.0035648148148147984,0.010634627177759924,0.31942261262271887,0.12419010317178888,0.11115123051301475,0.0,0.7821068951664344,0.5959511341333409,0.29691894417181325,0.30458844368412175,0.3846457449889733,angry,05,03,03,male,strong,275
60,2.0020000000000002,True,1.0,0.4932974090975797,0.4572305569667671,0.47526398303217343,0.7462124022541348,-0.04745370370370383,-0.04402777777777772,0.4826520737860262,-0.02070538714904986,0.18970504164147736,0.6369017475406614,0.036066852130812566,0.00342592592592611,0.01480185515241389,0.37328677635061597,0.12409294645781183,0.1112596890602716,0.0,0.7071067807446058,0.59222780794349,0.29754287803473256,0.2979589710087329,0.38522730201172045,angry,05,03,03,male,strong,275
70,2.3356666666666666,True,1.0,0.583318032147583,0.5422062615460362,0.5627621468468096,0.27178550570461096,-0.05125000000000002,-0.04833333333333345,0.3770558457712589,-0.04666666666666648,0.18989597697750604,2.0706113278110037,0.041111770601546804,0.0029166666666665675,0.0011615473182908505,1.009692705523739,0.1253966770833323,0.1096145391777784,0.0,0.8291770993351592,0.5752970283972965,0.2973583928838666,0.2897993945011588,0.3679312326912285,angry,05,03,03,male,strong,275
80,2.6693333333333333,True,1.0,0.47921775586176424,0.4469094135130725,0.4630635846874184,0.9011592345111422,-0.04620370370370375,-0.044351851851851753,0.4432386897241583,0.1407191954630518,0.1866126090194014,0.5138532314309796,0.03230834234869173,0.0018518518518519933,0.007244417271301408,0.3479255184077876,0.12120745540469273,0.11439637461020999,0.0,0.7651518996067013,0.5987510008769134,0.29225329043947407,0.3132396588608675,0.402063231807071,angry,05,03,03,male,strong,275
90,3.003,True,1.0,0.46403357369810877,0.4450950457259079,0.45456430971200834,0.9370822481804278,-0.047083333333333255,-0.04467592592592595,0.3987857701006379,0.19357657475612752,0.18075995458352442,0.4850847517330043,0.018938527972200858,0.0024074074074073026,0.018623913700978923,0.3608239689491268,0.12335577337210936,0.11207645134385096,0.0,0.7071067807446058,0.5925839312443727,0.29139223397574754,0.304535398067145,0.39214730608896775,angry,05,03,03,male,strong,275
100,3.336666666666667,True,1.0,0.6336937469604813,0.6484881971060268,0.641090972033254,1.3635491524084524,-0.05046296296296293,-0.05310185185185201,0.2780065718097816,0.451552930447351,0.20091329138676758,0.4701634487476214,0.014794450145545479,0.0026388888888890794,0.014344480475500129,0.2414145520970248,0.13030412723042234,0.1039163711725263,0.0,0.7421980467475647,0.5353716009919594,0.2578768516852482,0.2920836792421946,0.3432471474166527,angry,05,03,03,male,strong,275
110,3.6703333333333332,True,1.0,0.668286559744544,0.6359031080969371,0.6520948339207405,0.5345204182393553,-0.0499074074074074,-0.04879629629629634,0.35031466992679455,0.07937322862336336,0.18985518084013478,1.2199624404782534,0.03238345164760692,0.0011111111111110628,0.006200484452993333,0.552696172388837,0.12303254078468126,0.11226160398931631,0.0,0.9999999987499999,0.5941265851575005,0.2884390635847464,0.28528008418899764,0.3777453814749303,angry,05,03,03,male,strong,275
120,4.0040000000000004,True,1.0,0.6219537033466552,0.6044554328017665,0.6132045680742109,0.43764995691667125,-0.05032407407407402,-0.050138888888888844,0.3452069120517843,0.0800111097518363,0.18912139744269818,1.4011301917961008,0.017498270544888728,0.00018518518518517713,0.01217046287422488,0.6804561041193709,0.12591600827841698,0.1091922004067164,0.0,0.679631752053251,0.5978483085343512,0.28875615156896467,0.2883627133859595,0.3781472692145114,angry,05,03,03,male,strong,275
130,4.337666666666666,True,1.0,0.6322057816347778,0.6366416109491502,0.634423696291964,0.6034106258389514,-0.049861111111111134,-0.05009259259259258,0.3380802518001448,0.14704882387758741,0.19185922873339611,1.0513962948695073,0.004435829314372364,0.00023148148148144365,0.018179009739995634,0.5395840865983315,0.12508000381988413,0.11014885571180265,0.0,0.8255380001456493,0.6009893406503227,0.287117311265737,0.28772838378518484,0.37716508714868513,angry,05,03,03,male,strong,275
0,0.0,True,1.0,0.6454244482650283,0.5896360241907593,0.6175302362278938,0.7195632150363445,-0.05425925925925934,-0.054166666666666696,0.33369261433045994,0.21111303475462898,0.17917049906572244,0.8582015079755057,0.05578842407426898,9.259259259264407e-05,0.04186051379174038,0.44222702236352857,0.12965068851202946,0.10473049574783375,0.0,0.6865228153393309,0.6268645952990571,0.29209411603299407,0.2921225679613778,0.3603048419778647,fearful,06,03,03,male,normal,276
10,0.33366666666666667,True,1.0,0.6199617801396529,0.5692089574475859,0.5945853687936193,0.6543976130201336,-0.05388888888888893,-0.053240740740740755,0.3692094377181934,0.09951530545426136,0.1812706245000568,0.9085995379010131,0.050752822692066935,0.0006481481481481755,0.04669932047728448,0.46436155541316526,0.12458636729699317,0.1107068871125862,0.0,0.7071067807446058,0.6160864337453732,0.2945352919281351,0.29190131036379074,0.3612330148858862,fearful,06,03,03,male,normal,276
20,0.6673333333333333,True,1.0,0.6454244482650308,0.6128502486111062,0.6291373484380685,0.7778101878046969,-0.0537037037037037,-0.0539351851851852,0.33564187940609125,0.24098394939076775,0.17987171536233565,0.8088571714569015,0.03257419965392461,0.00023148148148149916,0.034855326846284417,0.41649306518260976,0.12542116921785923,0.10958651438355001,0.0,0.7071067807446058,0.5894776408141382,0.26865832016111707,0.28991399284693986,0.32447609377449205,fearful,06,03,03,male,normal,276
30,1.0010000000000001,True,1.0,0.6564599357888737,0.5839038991824398,0.6201819174856568,0.8211273349667617,-0.054537037037037106,-0.053379629629629666,0.35886711046574543,0.12959490378061084,0.17986789790391566,0.7552810521290965,0.07255603660643395,0.0011574074074074403,0.03929592508276288,0.3653927169788151,0.12340374704170741,0.11202362691153808,0.0,0.7071067807446058,0.6286952784082382,0.2938844026187533,0.28841314652601185,0.36141398412444314,fearful,06,03,03,male,normal,276
40,1.3346666666666667,True,1.0,0.6999508089826383,0.600192415431384,0.6500716122070112,0.7085128409985751,-0.05333333333333329,-0.051574074074074105,0.3603788706529497,0.10329642199776087,0.17856838012461476,0.9175156392237053,0.09975839355125427,0.0017592592592591827,0.052644162674203944,0.3983281109370359,0.12238247263658907,0.11313844687673602,0.0,0.7008551773634626,0.6309160833005077,0.2949590678238654,0.2782159011768488,0.3562621169927548,fearful,06,03,03,male,normal,276
50,1.6683333333333334,True,1.0,0.6477138050595401,0.577033511680161,0.6123736583698506,0.6070367762042277,-0.0534722222222222,-0.05032407407407419,0.35570740451777744,0.05180071589084027,0.18893775557162903,1.008791694959561,0.07068029337937909,0.003148148148148011,0.06053760252759402,0.48000226396159523,0.12143273184609488,0.11382293930204866,0.0,0.7140503491674174,0.6169795696559874,0.30138225419458464,0.273038924350367,0.35169451782417654,fearful,06,03,03,male,normal,276
60,2.0020000000000002,True,1.0,0.6750028680420124,0.5676795881774935,0.621341228109753,0.8045903270156879,-0.05592592592592599,-0.0531944444444446,0.3466490187011874,0.0892779163089963,0.19036797259896426,0.7722454611334622,0.10732327986451884,0.0027314814814813904,0.06848306220277259,0.36455921175490225,0.12664716112771304,0.10834331704823194,0.0,0.6964102438082623,0.6045634391490972,0.29685136061395606,0.290949288867504,0.3588590306297138,fearful,06,03,03,male,normal,276
70,2.3356666666666666,True,1.0,0.6712450943963664,0.5353279489818104,0.6032865216890884,0.6853229064994877,-0.051990740740740726,-0.049259259259259225,0.3597075580192969,0.04371584699453535,0.18781873949702144,0.8802952826581747,0.13591714541455602,0.0027314814814815014,0.061585975641711845,0.4310983137008077,0.1236463435971388,0.1117558029153437,0.0,0.7349627604394919,0.6016977081692053,0.2983278275488549,0.27614739688889284,0.347544644204936,fearful,06,03,03,male,normal,276
80,2.6693333333333333,True,1.0,0.6860259863017409,0.5905615904833136,0.6382937883925273,1.0367358239250055,-0.0537037037037037,-0.04962962962962958,0.3051584167171115,0.22437971952535093,0.1932135675544401,0.6156764082637696,0.09546439581842736,0.004074074074074119,0.05763591599775029,0.30151509865423076,0.12122166688562361,0.11438131511232345,0.0,0.9999999987499999,0.6034435005408414,0.2977643718983728,0.2687987881908657,0.35226666935493534,fearful,06,03,03,male,normal,276
90,3.003,True,1.0,0.6491742344234817,0.5930166579198415,0.6210954461716616,0.762866171396338,-0.05199074074074067,-0.04893518518518514,0.3586744446241545,0.07333535594015764,0.1855355442446767,0.8141604248027127,0.05615757650364017,0.0030555555555555336,0.053881266423322624,0.38980640653990256,0.1233075649876917,0.11212948848129421,0.0,0.7071067807446058,0.6250912404961985,0.2947562089113305,0.27658740157227174,0.359318503633211,fearful,06,03,03,male,normal,276
100,3.336666666666667,True,1.0,0.7089267585765028,0.6226035390271699,0.6657651488018363,0.5514735301068445,-0.05162037037037026,-0.04930555555555555,0.35206864237725716,0.007448902583829589,0.1855092249813157,1.2072476963179875,0.08632321954933286,0.002314814814814714,0.05750477461445255,0.5014574468715698,0.12408896014114608,0.1112641350182128,0.0,0.7498173159796586,0.6256392745144934,0.29266514613484473,0.27598400140812374,0.3540739308449703,fearful,06,03,03,male,normal,276
110,3.6703333333333332,True,1.0,0.6869725134541099,0.5870004183072197,0.6369864658806648,0.6266042176960394,-0.05166666666666664,-0.050972222222222086,0.34647044082252787,0.04469335738123512,0.18681209006022537,1.0165690684668545,0.0999720951468902,0.000694444444444553,0.07179828930017923,0.4419714030047812,0.12196300055223729,0.11359051133928445,0.0,0.9275032127655632,0.6275525639552696,0.2931927142891274,0.27757270164338727,0.35890042347399703,fearful,06,03,03,male,normal,276
0,0.0,True,1.0,0.5146688501257222,0.46077059195948583,0.48771972104260397,0.5375091333660643,-0.05370370370370364,-0.05407407407407416,0.36108988774266315,0.04239315122720222,0.18194821833481406,0.9073701092078897,0.053898258166236335,0.0003703703703705208,0.0396978157340995,0.5330187997975281,0.12731800062857118,0.10755419325566516,0.0,0.6493407180039461,0.6172404428177523,0.2953434141783467,0.28711718910493617,0.3558310615003626,fearful,06,03,03,male,normal,277
10,0.33366666666666667,True,1.0,0.6277567320135533,0.5507761306754421,0.5892664313444977,0.6200813374765521,-0.05467592592592596,-0.052685185185185224,0.36027111629360364,0.06333465580559537,0.1847288304216915,0.9503050579502086,0.07698060133811124,0.0019907407407407374,0.04026470071551873,0.4745702685802482,0.12304711608416032,0.11241523470426923,0.0,0.7071067807446058,0.6220430298994597,0.29564400140444785,0.28701244648684343,0.3578755407418528,fearful,06,03,03,male,normal,277
20,0.6673333333333333,True,1.0,0.566651911519607,0.5326701255257786,0.5496610185226929,0.7419039710114417,-0.054398148148148195,-0.05287037037037029,0.33489794650559807,0.1361873391558391,0.18264055980567517,0.7408789277314921,0.033981785993828395,0.0015277777777779056,0.045468001109204285,0.41352375158364935,0.12348801271325519,0.11193073075087728,0.0,0.677379984238088,0.6164687075845964,0.29361951044701734,0.28669307007751105,0.37198004213398544,fearful,06,03,03,male,normal,277
30,1.0010000000000001,True,1.0,0.6741183078815606,0.5983233469354102,0.6362208274084854,0.9615100513351668,-0.06921296296296303,-0.06148148148148136,0.357026695439134,0.19349176732719048,0.19791666666666663,0.6616892111788327,0.07579496094615035,0.007731481481481672,0.03789651786484906,0.3217487586493344,0.1246670692308936,0.11061600074101875,0.0,0.7752121473803097,0.617485253320078,0.29693293283443645,0.29366021552113725,0.3623616310337083,fearful,06,03,03,male,normal,277
40,1.3346666666666667,True,1.0,0.6138496755586791,0.5658094085008568,0.5898295420297679,0.8002763790862156,-0.060324074074074197,-0.05652777777777773,0.35477659977448867,0.1285574913335928,0.18960305135840613,0.7370323021444872,0.04804026705782227,0.003796296296296464,0.03870359336536365,0.39318722716819243,0.12165556763468517,0.11391971134812258,0.0,0.7071067807446058,0.6181080377307173,0.2971504632292173,0.286878418290581,0.36067417471258106,fearful,06,03,03,male,normal,277
50,1.6683333333333334,True,1.0,0.5816086678837754,0.5421813219239677,0.5618949949038716,0.7220411777776433,-0.062407407407407356,-0.05666666666666664,0.35786118139280876,0.1516190529936698,0.1937818931663653,0.7782035321493955,0.03942734595980768,0.005740740740740713,0.0484916117083239,0.43872223798675786,0.12048480146594925,0.11432703375718314,0.0,0.9999999987499999,0.6220582171462335,0.29401692696450527,0.2847509342503221,0.36898627865115263,fearful,06,03,03,male,normal,277
60,2.0020000000000002,True,1.0,0.6501661102241805,0.5881602318779567,0.6191631710510686,0.8163835711179591,-0.06425925925925935,-0.06,0.36925316882836906,0.12653153265989267,0.1965526216138355,0.758421890096568,0.06200587834622373,0.0042592592592593514,0.04707758568917137,0.3781811514747982,0.12503965671912823,0.11019465512532609,0.0,0.7720529818520968,0.6107232738173395,0.3010010791348971,0.2965481243869878,0.3682020308989778,fearful,06,03,03,male,normal,277
70,2.3356666666666666,True,1.0,0.6195135753275778,0.5470232167909519,0.5832683960592648,0.9111338183457899,-0.05976851851851839,-0.05421296296296296,0.3553228932631259,0.13217435337861794,0.19310336782570575,0.6401566754686139,0.07249035853662589,0.005555555555555425,0.04675000007903435,0.3535978797772033,0.12316259375596528,0.11228870499553636,0.0,0.9597771959509139,0.6072192540453683,0.29539769399309035,0.2913999375784207,0.36896221296937864,fearful,06,03,03,male,normal,277
80,2.6693333333333333,True,1.0,0.6169079087806161,0.5769283281893612,0.5969181184849887,0.6893852852868219,-0.05601851851851869,-0.05078703703703713,0.34588464461523344,0.07659238148578838,0.19448367737260402,0.8658701182411199,0.03997958059125484,0.005231481481481559,0.042814581500078545,0.4505131677655261,0.12285665358234514,0.1126233565507125,0.0,0.6753332041260581,0.619095100227591,0.2959804620101822,0.2794343680008563,0.3569501519431228,fearful,06,03,03,male,normal,277
90,3.003,True,1.0,0.66093955896822,0.597957408688294,0.629448483828257,0.728566206620842,-0.05495370370370356,-0.04962962962962958,0.3571036962513776,0.02185560319249346,0.18900558257911235,0.8639550916692907,0.06298215027992604,0.005324074074073981,0.042828453357734685,0.4049743735262368,0.12452408194964255,0.11077694157669908,0.0,0.8864184712452938,0.612129919303659,0.29517223068665766,0.2890159676290122,0.367591725593132,fearful,06,03,03,male,normal,277
100,3.336666666666667,True,1.0,0.6936474806409625,0.6048480688189448,0.6492477747299537,0.6168689651271093,-0.053611111111111,-0.04893518518518514,0.3597460710582834,0.0,0.187579735650103,1.0524889586497068,0.08879941182201767,0.004675925925925861,0.04939807515331104,0.4559383005117639,0.12166536900479055,0.11357423941985716,0.0,0.9999999987499999,0.6184104187378077,0.2966485083659118,0.27594731710388726,0.35443913577179803,fearful,06,03,03,male,normal,277
110,3.6703333333333332,True,1.0,0.6490214770641894,0.5623563070420626,0.605688892053126,0.7254182342840199,-0.05467592592592607,-0.05064814814814822,0.351585967131986,0.07394435414908569,0.1903455281049834,0.834951292134164,0.08666517002212681,0.004027777777777852,0.05764500136339594,0.4362419476757902,0.1238469689515941,0.11153343019877827,0.0,0.6616713244657558,0.6144595240439927,0.2907648424549296,0.2880346500440523,0.3594125751486412,fearful,06,03,03,male,normal,277
0,0.0,True,1.0,0.6460866935388744,0.5853409112336893,0.6157138023862818,0.6435282392198995,-0.056203703703703756,-0.05495370370370367,0.3726553335685167,0.06154392425938506,0.18200481730011303,0.9567782186725247,0.060745782305185125,0.0012500000000000844,0.0289345594758255,0.4800611581833405,0.1243032319979354,0.11102470123962739,0.0,0.6894881048574094,0.6215403444580957,0.29375251414262965,0.29472229227240987,0.36615793773540417,fearful,06,03,03,male,normal,278
10,0.33366666666666667,True,1.0,0.6144397480242413,0.5786689041989661,0.5965543261116037,0.7919427927776846,-0.055509259259259314,-0.055462962962962936,0.3458291228031407,0.16850827253712986,0.18197840664028836,0.7532795696255163,0.03577084382527518,4.629629629637755e-05,0.037234732544836065,0.4063193006918669,0.12246503773423016,0.11304907033239617,0.0,0.6910036743524306,0.6205806914171919,0.29064086839329967,0.2938250988369928,0.3641945978985646,fearful,06,03,03,male,normal,278
20,0.6673333333333333,True,1.0,0.6213558641581618,0.5214443057727387,0.5714000849654503,0.5563493154255442,-0.057499999999999996,-0.05587962962962961,0.3761291297377024,0.054196434346519884,0.18474865360190323,1.0270527330987977,0.0999115583854231,0.0016203703703703831,0.039069947143600514,0.5120978681496028,0.12394235318769714,0.11108493579941256,0.0,0.9999999987499999,0.623362452488808,0.29366059181005394,0.2912675962660933,0.3634740945821064,fearful,06,03,03,male,normal,278
30,1.0010000000000001,True,1.0,0.6486950059911588,0.6041524251991718,0.6264237155951653,1.0475770365618873,-0.05490740740740746,-0.05356481481481484,0.340709305589413,0.26923790480774157,0.18891473730410502,0.5979738899690537,0.04454258079198703,0.0013425925925926174,0.035344734128286384,0.313556352865305,0.12549198031221123,0.10967926261616662,0.0,0.6557992336918493,0.6097425824470414,0.29274660146222026,0.29584252974344977,0.3615876938733379,fearful,06,03,03,male,normal,278
40,1.3346666666666667,True,1.0,0.6394294159399986,0.5811735227764512,0.6103014693582249,0.7377191562328063,-0.055000000000000104,-0.053518518518518465,0.37665550362749833,0.16385760120343598,0.18541707813917366,0.8272815802625418,0.0582558931635474,0.001481481481481639,0.021603654154927588,0.42847710096307096,0.12443696538678466,0.11070282502306372,0.0,0.7071067807446058,0.5803206537224266,0.2686278990673133,0.2951251280410828,0.3241827939115646,fearful,06,03,03,male,normal,278
50,1.6683333333333334,True,1.0,0.6608190059901526,0.6140055998663415,0.637412302928247,0.6035718443628769,-0.054166666666666585,-0.05143518518518514,0.37512134093073496,-0.0068587709586690315,0.18820457916060043,1.0560669933189009,0.04681340612381113,0.002731481481481446,0.03360184134173752,0.46078809824864647,0.1249995157012833,0.11024018706833003,0.0,0.7452789048988885,0.6144933075026886,0.29442351863525207,0.29101950882668737,0.36536496742861235,fearful,06,03,03,male,normal,278
60,2.0020000000000002,True,1.0,0.6545561543101818,0.6034635433360113,0.6290098488230965,0.8470395660222102,-0.056111111111111056,-0.05199074074074078,0.37097051129562847,0.1527188698219437,0.1889292754835563,0.7425979541628676,0.051092610974170505,0.004120370370370274,0.03221003324886887,0.3872292333603612,0.1250508104885493,0.11018199747038195,0.0,0.6680206764788355,0.6103644123196154,0.29642876208418256,0.2896773654128549,0.36169292368100053,fearful,06,03,03,male,normal,278
70,2.3356666666666666,True,1.0,0.7405304750422598,0.6729064453323602,0.70671846018731,1.1912946210235553,-0.05925925925925918,-0.05407407407407405,0.3016082788125431,0.3969795037756198,0.19167661779251202,0.5932356679157171,0.06762402970989956,0.005185185185185126,0.03161724528521831,0.2611937304449829,0.12132635437822127,0.1137689837370476,0.0,0.9999999987499999,0.6222409590945754,0.29513009462695183,0.2831642211428824,0.3579629446189543,fearful,06,03,03,male,normal,278
80,2.6693333333333333,True,1.0,0.6868333609580297,0.6374467840634296,0.6621400725107296,0.9313480955189989,-0.0568981481481482,-0.053981481481481464,0.354913788039532,0.11637806429074884,0.1875101722501092,0.7109480071913911,0.04938657689460013,0.002916666666666734,0.029280201587990877,0.33386833775997043,0.12504080088537098,0.11019335680738172,0.0,0.6877461149960576,0.61114785955007,0.2957670719764175,0.29576791501479505,0.3669635338066265,fearful,06,03,03,male,normal,278
90,3.003,True,1.0,0.6873132485131034,0.6367706423776793,0.6620419454453914,0.7416102808265912,-0.05745370370370373,-0.05231481481481487,0.35491118702934155,0.10900068305794913,0.1875101722501092,0.8927086942585076,0.05054260613542405,0.0051388888888888595,0.03540777695121611,0.408335554900453,0.1253436028698824,0.10984880058485162,0.0,0.7531218804889337,0.6056567689028736,0.29579273405874995,0.2874470252675548,0.3719674212512127,fearful,06,03,03,male,normal,278
100,3.336666666666667,True,1.0,0.6690253819506177,0.6307871516396513,0.6499062667951345,0.7458240495125021,-0.05699074074074073,-0.052361111111111136,0.3489139926798457,0.13421436020094632,0.18683863413534252,0.8713935508246711,0.0382382303109664,0.004629629629629595,0.02918811542491411,0.4278592923679806,0.12281344603981988,0.11267047191775116,0.0,0.7762410981713792,0.620332306696116,0.2957507665811346,0.2858025269188742,0.3603752004672249,fearful,06,03,03,male,normal,278
0,0.0,True,1.0,0.3970276073524957,0.3897394767524875,0.3933835420524916,0.5865297974157876,-0.06212962962962959,-0.056944444444444464,0.35721241779257357,0.10725166881543348,0.18403150894573128,0.6706966019215291,0.0072881306000082136,0.005185185185185126,0.02817268832471371,0.5491155501609828,0.12419664662907573,0.11114391902527092,0.0,0.6942805998259532,0.6201865290334885,0.29131203676552536,0.29023801513306696,0.3647346648533552,fearful,06,03,03,male,normal,279
10,0.33366666666666667,True,1.0,0.6457478835334132,0.5823104666216335,0.6140291750775233,0.5483766332304588,-0.05564814814814806,-0.054027777777777786,0.35371969271505393,0.057717533003521025,0.1826388888888889,1.1197216253732563,0.06343741691177962,0.001620370370370272,0.03301596643098447,0.5039217924603677,0.1252798794432981,0.10992147004599503,0.0,0.9999999987499999,0.6261200216258379,0.29184279024087295,0.29554615289191755,0.3699640659730455,fearful,06,03,03,male,normal,279
20,0.6673333333333333,True,1.0,0.6501401667152277,0.6074017186545808,0.6287709426849042,0.7773028418605911,-0.05615740740740732,-0.054907407407407405,0.3512334136575963,0.1978140590653274,0.18194821833481406,0.8089137319758751,0.04273844806064686,0.0012499999999999178,0.03842708782608711,0.3927879111463307,0.12359951025750707,0.11180759739075397,0.0,0.6408732601217492,0.6206383852994323,0.29159255829283703,0.294868403330767,0.36673372428795864,fearful,06,03,03,male,normal,279
30,1.0010000000000001,True,1.0,0.6454244482650284,0.570452402744448,0.6079384255047382,0.8480715888562338,-0.05703703703703705,-0.05472222222222217,0.34011437316492327,0.1967150454473214,0.18333999159310857,0.7168480037453497,0.07497204552058045,0.0023148148148148806,0.03671493499774873,0.3530870203197228,0.12376683857046566,0.11162234292842647,0.0,0.682985125176271,0.6243753721801221,0.2930444333431113,0.2923822762116232,0.3627573460506724,fearful,06,03,03,male,normal,279
40,1.3346666666666667,True,1.0,0.6291225982312949,0.5589191614582767,0.5940208798447858,0.638690292969497,-0.05490740740740735,-0.05314814814814822,0.3726018005694192,0.12495180258158937,0.18613119697045144,0.9300609174486945,0.07020343677301821,0.0017592592592591272,0.031143188606277336,0.4646391755095126,0.1262662535671156,0.10878699821579359,0.0,0.7071067807446058,0.6211216698085483,0.2938472944681797,0.29341021667858536,0.3632745056226218,fearful,06,03,03,male,normal,279
50,1.6683333333333334,True,1.0,0.6599910221721843,0.611219669127774,0.6356053456499792,0.9646521261346827,-0.055833333333333235,-0.05291666666666667,0.3377837845867098,0.23729721554432542,0.1882045791606005,0.6588959153563689,0.04877135304441027,0.0029166666666665675,0.02710234894428561,0.34815878012921775,0.12265200174675654,0.11284619726754105,0.0,0.7021740362024503,0.6237987187453107,0.2949367980857757,0.2872921058594245,0.3575185157706871,fearful,06,03,03,male,normal,279
60,2.0020000000000002,True,1.0,0.6352939704223586,0.5832332312691748,0.6092636008457667,0.8565523808120358,-0.05578703703703697,-0.053101851851851845,0.3205917217013053,0.25845088021097384,0.18822038822814363,0.7112975394081185,0.052060739153183766,0.002685185185185124,0.020294324518202712,0.3606662881017339,0.12601601013254005,0.10907677553310798,0.0,0.7071067807446058,0.5861965596941902,0.2679920114863022,0.29070324642699236,0.32709335183447535,fearful,06,03,03,male,normal,279
70,2.3356666666666666,True,1.0,0.6531792542607806,0.6219532763497516,0.6375662653052661,0.9979293465497977,-0.05675925925925912,-0.053611111111111054,0.3310777203971325,0.21050072153784716,0.18406135556647346,0.6388891833971643,0.03122597791102899,0.0031481481481480666,0.02210475898004841,0.32557047147579704,0.12472180317079501,0.11055428342800837,0.0,0.8257660851990953,0.6233318190713785,0.2949106335997072,0.2983150137287753,0.36937342994903194,fearful,06,03,03,male,normal,279
80,2.6693333333333333,True,1.0,0.6739360194136176,0.5967625071287257,0.6353492632711717,0.692532238837144,-0.056805555555555554,-0.054444444444444406,0.3485252199069565,0.11287911236459254,0.18264557246431654,0.9174291500681755,0.07717351228489189,0.002361111111111147,0.026243159931353986,0.4284127774017007,0.12246937541955387,0.11304437117457616,0.0,0.9999999987499999,0.6260723682519883,0.29456534412126506,0.2854028727601064,0.3596579665876213,fearful,06,03,03,male,normal,279
90,3.003,True,1.0,0.6460866935388769,0.6004026792889987,0.6232446864139378,0.6486364177807743,-0.054629629629629584,-0.05314814814814817,0.33676243443873316,0.1312598845549366,0.1826388888888889,0.960853676002789,0.045684014249878224,0.001481481481481417,0.03536556421798621,0.4687079661336964,0.1224427621876371,0.11256658436430264,0.0,0.9235606104538366,0.6188637817548895,0.2943992097223764,0.28367567912304514,0.3593235101374452,fearful,06,03,03,male,normal,279
0,0.0,True,1.0,0.6729225882193555,0.6620655602772781,0.6674940742483169,0.8059564346690962,-0.06162037037037038,-0.06185185185185188,0.38721443950470613,0.20475738966945392,0.19168099612422096,0.8282011849962732,0.010857027942077324,0.00023148148148149916,0.015400418844305586,0.3886143248827048,0.1283094654928534,0.1063694450294966,0.0,0.9999999987499999,0.5685994015965762,0.26588834237442655,0.32615336057452826,0.34954425703414294,fearful,06,03,03,male,strong,280
10,0.33366666666666667,True,1.0,0.6807964184879465,0.6484712509267527,0.6646338347073496,0.8348294072019061,-0.06425925925925918,-0.0635648148148148,0.3689722853744036,0.19830820039135186,0.19028780153576583,0.7961313161391855,0.032325167561193746,0.0006944444444443865,0.024986684767794524,0.37186382534159207,0.1233252799612754,0.11211000442850405,0.0,0.8122396481073,0.6106236885457308,0.2957285974502958,0.2964095127259616,0.36614609376621904,fearful,06,03,03,male,strong,280
20,0.6673333333333333,True,1.0,0.5732472240101764,0.5363180546013613,0.5547826393057689,0.7512282475468481,-0.06087962962962962,-0.06046296296296283,0.4346607356394024,0.023083619466335248,0.19168099612422107,0.7385007700621261,0.03692916940881508,0.0004166666666667873,0.03331721444902823,0.3851910916438197,0.123841568265091,0.11153942684018844,0.0,0.7071067807446058,0.6037982360209709,0.2964176448268392,0.31705780998021155,0.3871026613797627,fearful,06,03,03,male,strong,280
30,1.0010000000000001,True,1.0,0.6076361588734988,0.5558485170126364,0.5817423379430675,0.9553458333188288,-0.06041666666666656,-0.06231481481481471,0.40339993257040496,0.20085605091149056,0.19028780153576583,0.6089337679132598,0.05178764186086238,0.0018981481481481488,0.04059125474488021,0.33674047706108046,0.12421373290857289,0.11112482318304075,0.0,0.6823257073521256,0.6051018630889856,0.2957014675716775,0.31433596583013684,0.39010798319193046,fearful,06,03,03,male,strong,280
40,1.3346666666666667,True,1.0,0.5954395552794441,0.5455734834749576,0.5705065193772009,0.7339817196894016,-0.06421296296296303,-0.06273148148148144,0.3819985216713535,0.14405874925563095,0.2055689168717284,0.7772761964952228,0.049866071804486545,0.0014814814814815835,0.036587206735340626,0.4249199187400623,0.12134079161282817,0.11425493451363139,0.0,0.8822548621192204,0.6012085928121249,0.2974168105475365,0.3039470376887681,0.3821182502057837,fearful,06,03,03,male,strong,280
50,1.6683333333333334,True,1.0,0.6536049795642962,0.5958448476985869,0.6247249136314416,0.5765719670263388,-0.06254629629629621,-0.05837962962962967,0.3962411062035669,-0.01919508668663178,0.20418497639253097,1.083515934452122,0.057760131865709274,0.004166666666666541,0.033596008928090663,0.4790571001263736,0.12223282588461576,0.11296329559298232,0.0,0.9029815721921914,0.6050687046615522,0.29541476916250187,0.29607915539712226,0.37361264872474886,fearful,06,03,03,male,strong,280
60,2.0020000000000002,True,1.0,0.6376067645334944,0.578522201594901,0.6080644830641977,0.7706697856829807,-0.06180555555555556,-0.05587962962962956,0.37070805762936765,0.155365013819445,0.20625147963484405,0.7890078141902508,0.05908456293859343,0.005925925925926001,0.034196370239255154,0.39598484188948696,0.12205147551999193,0.11349544084900465,0.0,0.8335950547312928,0.5980277912180496,0.29554877421873693,0.29794005967872256,0.37125215310581283,fearful,06,03,03,male,strong,280
70,2.3356666666666666,True,1.0,0.6721249885360423,0.6057954191767121,0.6389602038563772,0.8283722514618695,-0.06342592592592583,-0.061064814814814905,0.37959298263456265,0.09704114619019573,0.20486706971089577,0.7713442872196316,0.06632956935933021,0.002361111111110925,0.03910861240605381,0.3703323044187527,0.12462774937332785,0.11048799893619446,0.0,0.7071067807446058,0.5837674890268608,0.29466992306900347,0.3087540727031661,0.37581094669023296,fearful,06,03,03,male,strong,280
80,2.6693333333333333,True,1.0,0.623619547510093,0.5776536352652498,0.6006365913876714,0.749855363102766,-0.06305555555555553,-0.061157407407407494,0.3939699584916425,0.10615489583400652,0.20279621290136177,0.8010032613520903,0.04596591224484314,0.0018981481481480378,0.03305371227901733,0.41522739926870034,0.1219553079244505,0.1135987704122963,0.0,0.7612457460653527,0.5965878241218362,0.2907875509300971,0.3001848719680362,0.37031896871667025,fearful,06,03,03,male,strong,280
90,3.003,True,1.0,0.6334483809923064,0.5875573118090706,0.6105028464006885,0.772634686568744,-0.06416666666666665,-0.0616666666666667,0.39233982056942246,0.11211512798806829,0.20000953651580117,0.7901571816713537,0.04589106918323582,0.0024999999999999467,0.029039238261026494,0.39296473693320333,0.12260889525532648,0.11289303155773346,0.0,0.6895305687210742,0.5922859031425071,0.29483888924122353,0.3071819925888379,0.3809153308220311,fearful,06,03,03,male,strong,280
0,0.0,True,1.0,0.4745974459095152,0.4542479795820553,0.4644227127457853,0.639650244074704,-0.05800925925925926,-0.057037037037037164,0.44987197887484925,-0.005608509741837686,0.18819809300513313,0.726057274343111,0.020349466327459875,0.0009722222222220966,0.027385378273200003,0.47477396054098003,0.12609254593438352,0.10898829125342495,0.0,0.6884837606626175,0.6004277003223164,0.298716113011611,0.3119907724514585,0.3898885837499748,fearful,06,03,03,male,strong,281
10,0.33366666666666667,True,1.0,0.3616163114394726,0.3328959960234175,0.347256153731445,0.6720002119524136,-0.06041666666666673,-0.06060185185185185,0.41503841155975346,0.09161722874899532,0.18750651030364252,0.5167500657812818,0.028720315416055076,0.00018518518518512161,0.018926581613853678,0.45137243249406506,0.1221875559767744,0.11318071826523957,0.0,0.7071067807446058,0.5978251477309673,0.3037337945973618,0.3030958523734415,0.3830852857298389,fearful,06,03,03,male,strong,281
20,0.6673333333333333,True,1.0,0.5058036512174539,0.5043672433384161,0.5050854472779349,0.8603040395981694,-0.06138888888888894,-0.06166666666666665,0.3816421740777773,0.19484491486306554,0.1902813863914834,0.5871010991809943,0.00143640787903776,0.0002777777777777102,0.022802268633174045,0.3781211295390476,0.12201068870057938,0.11353928664940326,0.0,0.7669020244994755,0.5860866102222139,0.3045131971334488,0.3026671856419445,0.3777591221882237,fearful,06,03,03,male,strong,281
30,1.0010000000000001,True,1.0,0.5504782766173817,0.5252931929372177,0.5378857347772996,0.8643108175585843,-0.06328703703703698,-0.06162037037037038,0.4254969553613682,0.08873322497890289,0.19654175282197442,0.6223290555319712,0.025185083680164033,0.0016666666666665941,0.02849062677273027,0.3412694845579873,0.12278445077362818,0.11270206927198312,0.0,0.9696366322269118,0.5844703940404288,0.29820805972829295,0.31799689714521234,0.39194094132848434,fearful,06,03,03,male,strong,281
40,1.3346666666666667,True,1.0,0.45922420899799693,0.442130368783093,0.4506772888905449,0.8984972694666957,-0.059675925925925966,-0.06101851851851847,0.39260930345304673,0.18340385130214581,0.19652777777777775,0.5015900484127738,0.017093840214903955,0.0013425925925925064,0.024637357608346833,0.35882913064119776,0.12165182140876898,0.11392371183221785,0.0,0.9999999987499999,0.5858355527054572,0.2985418525413459,0.31948796172564276,0.38902904482745415,fearful,06,03,03,male,strong,281
50,1.6683333333333334,True,1.0,0.5012969489498816,0.44572514569563426,0.47351104732275795,0.829394356116386,-0.05907407407407406,-0.06023148148148161,0.3977831688778727,0.1147704787045375,0.20208484347588665,0.5709118272035985,0.055571803254247376,0.0011574074074075513,0.03334578880453482,0.36616091664216205,0.12089728821090809,0.11472411896718876,0.0,0.9288832503560669,0.5799913559877076,0.30102529251567645,0.3064519509125068,0.37924734457062237,fearful,06,03,03,male,strong,281
60,2.0020000000000002,True,1.0,0.5057306677357021,0.46901785315040917,0.48737426044305565,0.6359785872582028,-0.05796296296296288,-0.05847222222222215,0.4116738617049307,-0.024454992403991196,0.20486706971089566,0.7663375311804094,0.03671281458529291,0.0005092592592592649,0.03843788564663687,0.48704459621744073,0.12266643177069936,0.11283051132976622,0.0,0.6926435691789786,0.587336069576268,0.29766293300761315,0.2981135495802109,0.3731599236873456,fearful,06,03,03,male,strong,281
70,2.3356666666666666,True,1.0,0.49495841379854477,0.46188035475573824,0.4784193842771415,0.7528583438355461,-0.05615740740740749,-0.058518518518518525,0.40526214915104397,0.0555174907648202,0.204196932878333,0.6354706542000511,0.03307805904280653,0.002361111111111036,0.043035805384859,0.40591345881185303,0.12423876944894156,0.11109683134977061,0.0,0.710844695231907,0.574012199020233,0.301582278429556,0.3051586908729577,0.3772829858799374,fearful,06,03,03,male,strong,281
80,2.6693333333333333,True,1.0,0.5633024062131312,0.526067492925502,0.5446849495693167,0.8668550978256432,-0.060555555555555474,-0.060833333333333184,0.3611774684289745,0.15373993704376243,0.2062592475436328,0.6283460187701094,0.03723491328762918,0.0002777777777777102,0.03966623413733519,0.3812484002075846,0.1222561665698056,0.1122612302626813,0.0,0.9999999987499999,0.5702288750343888,0.2989940627797822,0.2998977485802617,0.3696011490808261,fearful,06,03,03,male,strong,281
90,3.003,True,1.0,0.5530386792786584,0.5153014042506144,0.5341700417646364,0.8647058739614146,-0.06212962962962976,-0.062129629629629535,0.4043713354719203,0.12169411811814937,0.20208673113820888,0.6177476733417824,0.037737275028043915,2.220446049250313e-16,0.028654700449748192,0.3587279240336266,0.1218293966216785,0.11373379396113292,0.0,0.9087695681963402,0.5859600036108192,0.2966635790301932,0.31420501972004966,0.3870235039100777,fearful,06,03,03,male,strong,281
100,3.336666666666667,True,1.0,0.518421180149213,0.48317845209322824,0.5007998161212206,0.8214340081960864,-0.06148148148148158,-0.06421296296296308,0.4294284855410312,0.09822977392637228,0.20208371087002966,0.6096653061893604,0.03524272805598477,0.0027314814814815014,0.04279214576819617,0.3900565297364126,0.12213905036776478,0.11340119110967946,0.0,0.9999999987499999,0.588604176154837,0.29451179737264704,0.3187023963813109,0.3866123992634451,fearful,06,03,03,male,strong,281
110,3.6703333333333332,True,1.0,0.5591427064880885,0.5198929559587258,0.5395178312234071,0.8651465066573312,-0.061111111111111005,-0.06240740740740747,0.3928668480578495,0.1691273548959704,0.1986126476545555,0.6236144133644411,0.03924975052936275,0.001296296296296462,0.04289661623979582,0.3852911972345985,0.12246478457448022,0.11304934457724926,0.0,0.7861935983638293,0.593147350713723,0.2931607061384913,0.313732113766804,0.37772037527171926,fearful,06,03,03,male,strong,281
0,0.0,True,1.0,0.6266547370782167,0.5894065358008922,0.6080306364395545,0.7659974635006592,-0.061203703703703816,-0.05712962962962964,0.3564832583108095,0.15174566837848535,0.18056611902358907,0.7937763052906391,0.03724820127732453,0.004074074074074174,0.012399713612355487,0.39266656485282614,0.11989571677846134,0.11577044038928572,0.0,0.7368059391780589,0.619138176919205,0.2930586137717136,0.29040782878751115,0.3598789954899913,fearful,06,03,03,male,strong,282
10,0.33366666666666667,True,1.0,0.6040939464150309,0.6017541256829756,0.6029240360490032,0.4977917173222653,-0.0636574074074075,-0.05787037037037035,0.36552910053190363,0.13509744861308365,0.18681209006022537,1.21119740459377,0.0023398207320552977,0.005787037037037146,0.007616254978905822,0.5945660766218173,0.12353776938690192,0.1118758119749399,0.0,0.6882517508946218,0.6176808741152711,0.2946382702058662,0.2985604053474534,0.3829602708933044,fearful,06,03,03,male,strong,282
20,0.6673333333333333,True,1.0,0.6224459032425115,0.6000544909827816,0.6112501971126465,0.8387437746239724,-0.06064814814814801,-0.05791666666666673,0.3836725625495872,0.15304912777416302,0.18265392658968602,0.728768684318025,0.022391412259729848,0.0027314814814812793,0.023224911390201823,0.37620641336790606,0.1193228069843304,0.11619699460549357,0.0,0.9999999987499999,0.61959789886267,0.29425689273488875,0.2933766083081295,0.3687114215905699,fearful,06,03,03,male,strong,282
30,1.0010000000000001,True,1.0,0.6263278723313548,0.593206830783176,0.6097673515572655,1.317585292965647,-0.06462962962962959,-0.06481481481481483,0.3245618385009593,0.3762421060817002,0.19171482531582354,0.46279155878006883,0.03312104154817874,0.00018518518518523264,0.03119269529339931,0.25681441804832567,0.1205493998011532,0.11508961715867674,0.0,0.6863426255381774,0.6126568542885904,0.29690984905406276,0.3029055166051083,0.3666605550589434,fearful,06,03,03,male,strong,282
40,1.3346666666666667,True,1.0,0.5723773115890435,0.5183863741741095,0.5453818428815764,0.6798942581134465,-0.06162037037037027,-0.05842592592592594,0.38712753040695647,0.1465636503040126,0.19167661779251208,0.8021568595017823,0.05399093741493399,0.003194444444444333,0.040304030534476606,0.4303582089411452,0.12137636884745644,0.1142171390618566,0.0,0.7341392424808485,0.6081395066073304,0.29732619498777985,0.2861596024744989,0.36362274986782933,fearful,06,03,03,male,strong,282
50,1.6683333333333334,True,1.0,0.6922814222123578,0.5996216225295903,0.645951522370974,0.36024351312721775,-0.07500000000000007,-0.06638888888888894,0.3723879320341719,0.020783279603493268,0.20763925632428706,1.7930968881675886,0.0926597996827675,0.008611111111111125,0.019880059468054292,0.8014042374788856,0.11964895923107116,0.11602544688297145,0.0,0.9999999987499999,0.6062876293720613,0.29712409267498296,0.29733384238704347,0.3744574878662789,fearful,06,03,03,male,strong,282
60,2.0020000000000002,True,1.0,0.6334754185316667,0.5720195695268482,0.6027474940292574,0.8643076629699302,-0.06597222222222221,-0.062268518518518445,0.3553092167924525,0.20159207254761674,0.2069743044572451,0.6973760847590997,0.061455849004818486,0.0037037037037037646,0.02677990993270128,0.3471379009623761,0.12020247188073835,0.1154519100030769,0.0,0.8431887642184337,0.5999040048363096,0.2995602894228067,0.30281303780804925,0.37932380321944537,fearful,06,03,03,male,strong,282
70,2.3356666666666666,True,1.0,0.6607633028601078,0.6033413073711581,0.6320523051156329,0.7962158704172175,-0.06004629629629621,-0.05717592592592596,0.37151075988107524,0.10288156438003536,0.19029742384669843,0.7938202799002703,0.05742199548894966,0.0028703703703702454,0.038960563518441856,0.3891678659188535,0.12251031496773666,0.113000002197668,0.0,0.9999999987499999,0.6072223239920969,0.2982397407220393,0.2960421409830959,0.373925312615591,fearful,06,03,03,male,strong,282
80,2.6693333333333333,True,1.0,0.6122413735914637,0.5756716624948942,0.593956518043179,0.7952492425615336,-0.06268518518518523,-0.06101851851851858,0.3848750755078682,0.14573806532033873,0.18751993709107473,0.7468809604018211,0.03656971109656948,0.0016666666666666496,0.027840969847145125,0.37816910948941895,0.11919575709194777,0.11649098360365022,0.0,0.7643660061179023,0.6100402539922218,0.2992762076352464,0.2930093599828105,0.37504680041303534,fearful,06,03,03,male,strong,282
90,3.003,True,1.0,0.6417310349849786,0.6037386298786726,0.6227348324318256,0.7041722384112321,-0.06393518518518515,-0.06074074074074076,0.37218752477281514,0.16564728911227036,0.19029221182200778,0.8843501610299956,0.03799240510630608,0.0031944444444443887,0.023781366252090482,0.45252070200112343,0.12831347270336657,0.10636461109580268,0.0,0.7071067807446058,0.5636731284466913,0.26542673158450775,0.31927592884380585,0.34487360652399524,fearful,06,03,03,male,strong,282
0,0.0,True,1.0,0.51153029434452,0.4970457089967832,0.5042880016706516,1.3409224719992132,-0.05712962962962964,-0.05370370370370364,0.36317229402832235,0.3386809092122814,0.18546644821245536,0.37607543478542543,0.014484585347736834,0.003425925925925999,0.0036453312157806064,0.2617624999069995,0.12237639401715625,0.11314502179749575,0.0,0.7429676968559492,0.6015137623877677,0.2981844269877368,0.3110667348514858,0.3810096075974226,fearful,06,03,03,male,strong,283
10,0.33366666666666667,True,1.0,0.6262737049728037,0.5943246368385166,0.6102991709056601,0.9770690504741609,-0.05671296296296302,-0.053009259259259256,0.39680773833948807,0.13323668870102154,0.18472883042169155,0.6246223545915087,0.031949068134287106,0.0037037037037037646,0.0059338838619405745,0.3143917273841609,0.1220991796595232,0.1134441188271477,0.0,0.7071067807446058,0.6079014377313426,0.2992081544853007,0.30747450037611435,0.3845010703649106,fearful,06,03,03,male,strong,283
20,0.6673333333333333,True,1.0,0.625612458976619,0.6112240966293889,0.618418277803004,1.0286180532905194,-0.05592592592592588,-0.05495370370370367,0.3874838722735892,0.25384148784859306,0.18615210035902052,0.6012127395826875,0.014388362347230066,0.0009722222222222077,0.00984552419782075,0.3284336816391695,0.12321025568318769,0.11223640525501517,0.0,0.7456484846288861,0.6087387750412665,0.2984957706194076,0.3112688970032064,0.38711345068419567,fearful,06,03,03,male,strong,283
30,1.0010000000000001,True,1.0,0.6213558641581619,0.5787380649274882,0.600046964542825,1.0889860559631146,-0.05740740740740735,-0.057314814814814874,0.36711071443822085,0.2272391789445104,0.19242812793720376,0.5510143690610758,0.04261779923067366,9.259259259247754e-05,0.02516904669891008,0.2941216344771847,0.12034147890430448,0.11530700856819147,0.0,0.8803297176377172,0.5979120001750701,0.2984391490995154,0.2893944073582067,0.3637336501431044,fearful,06,03,03,male,strong,283
40,1.3346666666666667,True,1.0,0.5318866892043933,0.5020450305857389,0.5169658598950662,0.6944762281203579,-0.05865740740740755,-0.05814814814814817,0.3980835189777708,0.11985473511410555,0.19652816598686876,0.7443967683303799,0.0298416586186544,0.0005092592592593759,0.03597072769980016,0.4326329425378956,0.11953375562584806,0.11614413043963479,0.0,0.9638401593080892,0.597086924644858,0.29619691225329214,0.29330986312698765,0.37261267367397843,fearful,06,03,03,male,strong,283
50,1.6683333333333334,True,1.0,0.5606401450422812,0.5056560928979877,0.5331481189701345,0.5736574255049205,-0.05879629629629629,-0.057453703703703785,0.4159099926390429,-0.024403964271247934,0.19861149524808663,0.9293841503069002,0.05498405214429347,0.0013425925925925064,0.03146133385169813,0.5029656072885393,0.1189077710737463,0.11662167808849996,0.0,0.8651455336895902,0.5953762369400886,0.2972686472662934,0.2926720804949328,0.37354667238116973,fearful,06,03,03,male,strong,283
60,2.0020000000000002,True,1.0,0.5207522736150949,0.506555270672364,0.5136537721437295,0.6749444717875579,-0.058657407407407325,-0.05740740740740735,0.39166346828179527,0.08906338868434253,0.204170029800638,0.7610311568051551,0.014197002942730852,0.0012499999999999734,0.02207169595111629,0.46997584022396804,0.1216303668809733,0.11377929369875524,0.0,0.9999999987499999,0.5895142192189377,0.3001462369361054,0.30407468974160395,0.3826422428220594,fearful,06,03,03,male,strong,283
70,2.3356666666666666,True,1.0,0.5525957937401259,0.5110086226719911,0.5318022082060585,1.0117252522981965,-0.06087962962962956,-0.05972222222222223,0.35491193678482025,0.1755128905239853,0.20209692421007702,0.5256389587964093,0.04158717106813481,0.0011574074074073293,0.04332352976185729,0.329047732064452,0.12081231987374019,0.11398088172362573,0.0,0.9999999987499999,0.5774870016834859,0.3012073421200333,0.29964479608944644,0.3744427777640722,fearful,06,03,03,male,strong,283
80,2.6693333333333333,True,1.0,0.5433925385614515,0.5222536083463332,0.5328230734538923,0.8340059678818021,-0.058657407407407325,-0.05842592592592588,0.4029711721660991,0.1306287898089699,0.19791820860144968,0.6388720152772404,0.021138930215118368,0.00023148148148144365,0.028778879288351822,0.38022831206107854,0.12706577903332916,0.10785205407927202,0.0,0.9999999987499999,0.5572379820053021,0.26588800423924386,0.3293880452680691,0.35701063125781574,fearful,06,03,03,male,strong,283
90,3.003,True,1.0,0.5877329473544015,0.5633024062131313,0.5755176767837664,0.9146610414425281,-0.06291666666666679,-0.060555555555555585,0.3745228101860818,0.2119826404659458,0.19930708674523126,0.6292141577125744,0.02443054114127019,0.0023611111111112026,0.027249047760146042,0.3530418640497829,0.1235748788773218,0.11183482052043367,0.0,0.7550444650701295,0.5861904149784913,0.29512423306583485,0.3132202331838471,0.3851238614138244,fearful,06,03,03,male,strong,283
100,3.336666666666667,True,1.0,0.5368805151064544,0.5351453248553371,0.5360129199808957,0.8024010091951846,-0.06115740740740738,-0.06064814814814812,0.407410873561096,0.16403218854059445,0.19722260906438244,0.6680112734635285,0.0017351902511173467,0.0005092592592592649,0.024265675329765722,0.41136944004164955,0.12202927639831038,0.11351930880476813,0.0,0.9999999987499999,0.5948899435555474,0.2938526849466602,0.3079369616125529,0.3869840589019632,fearful,06,03,03,male,strong,283
0,0.0,True,1.0,0.15845900068187846,0.14613117473063292,0.1522950877062557,0.8118843835245239,-0.03555555555555545,-0.04004629629629625,0.3767701204052694,0.21641692460873868,0.1597241328765551,0.18758223559507034,0.012327825951245541,0.004490740740740795,0.043709114637966014,0.4033099027906214,0.1240938231413388,0.11125871124848605,0.0,0.6976698690934585,0.6196786609253078,0.2955711076117081,0.2920315614263174,0.3594514021718503,disgust,07,03,03,male,normal,284
10,0.33366666666666667,True,1.0,0.1778783883850865,0.1815895345006531,0.1797339614428698,0.5766016068583003,-0.03564814814814821,-0.04101851851851851,0.37649012140658755,0.19890435780140286,0.16112294939183067,0.3117125573447099,0.0037111461155666103,0.005370370370370303,0.03997209919806901,0.5507237156461872,0.12158474004846773,0.113324811788865,0.0,0.9999999987499999,0.6169662371511104,0.29756172794674757,0.2894921707850207,0.3632326823934727,disgust,07,03,03,male,normal,284
20,0.6673333333333333,True,1.0,0.09651697825484086,0.10497079557919052,0.10074388691701569,0.78756590133653,-0.037175925925925946,-0.04078703703703712,0.3988141053662478,0.13963751393147023,0.16115845901633363,0.1279180405678425,0.00845381732434966,0.003611111111111176,0.0315531209573001,0.4173755167639706,0.12539892122002316,0.10961197188221557,0.0,0.6542292877426427,0.6145278481001776,0.29682915568720086,0.2982592877329905,0.361948837297519,disgust,07,03,03,male,normal,284
30,1.0010000000000001,True,1.0,0.10913107151634181,0.11388045422154451,0.11150576286894316,0.9076009088049497,-0.03560185185185183,-0.04087962962962949,0.3999107977967906,0.20734455356162093,0.15419091386249625,0.12285770296965028,0.004749382705202698,0.005277777777777659,0.04107042511323799,0.3697278612750397,0.12255993952917599,0.11294617741505349,0.0,0.7071067807446058,0.6132775154905712,0.2953422475255601,0.2977197228451599,0.37509382789014617,disgust,07,03,03,male,normal,284
40,1.3346666666666667,True,1.0,0.13184467121926596,0.1217700200021492,0.12680734561070758,0.7705440394545545,-0.03444444444444439,-0.038564814814814774,0.3722825093811231,0.22685226537490263,0.1549103693224905,0.1645685893572946,0.010074651217116759,0.004120370370370385,0.04793779087674159,0.4219123468846895,0.12205419249294581,0.11349251898247031,0.0,0.735552341206469,0.6126490006627652,0.2990780306137866,0.2905182927694093,0.35924050848095096,disgust,07,03,03,male,normal,284
50,1.6683333333333334,True,1.0,0.16629492626288014,0.16729554552375756,0.16679523589331885,0.5766016068583003,-0.040138888888889,-0.04342592592592581,0.37606959923419203,0.21262189971873982,0.16597268190058667,0.289272929366478,0.0010006192608774112,0.0032870370370368107,0.04919038560500432,0.5907299649023956,0.12323520648655564,0.11220900878438261,0.0,0.755385162490711,0.6148979645139306,0.2933205746693229,0.2910504650423662,0.36634279732753355,disgust,07,03,03,male,normal,284
60,2.0020000000000002,True,1.0,0.158459000681876,0.16027859647361967,0.15936879857774783,1.2201821289927288,-0.03592592592592586,-0.03930555555555548,0.3750205281108422,0.29789367431673797,0.15902777777777777,0.13061066441721136,0.0018195957917436778,0.0033796296296296213,0.04419536753807771,0.28765494719332296,0.1230051482882134,0.11212182378863612,0.0,0.7944561087741631,0.6129344970800821,0.2956163011016547,0.30200817891185416,0.3784699836774703,disgust,07,03,03,male,normal,284
70,2.3356666666666666,True,1.0,0.12846394311494133,0.11153261120720125,0.11999827716107128,0.7871700980943073,-0.03652777777777777,-0.03930555555555554,0.3578539451490327,0.19305300386778024,0.16249999999999998,0.15244262637971143,0.016931331907740085,0.002777777777777768,0.04978220373051978,0.4295707781057323,0.11929920537881575,0.11556365184494606,0.0,0.9999999987499999,0.6095879005039515,0.2958802614535387,0.28564320729892784,0.3677130724128443,disgust,07,03,03,male,normal,284
80,2.6693333333333333,True,1.0,0.12664802036228523,0.13672393867894878,0.131685979520617,0.7518615870704483,-0.03606481481481477,-0.03999999999999998,0.36965325186239023,0.25040325934326363,0.16111300529448044,0.17514657190257313,0.010075918316663546,0.003935185185185208,0.05345289754186981,0.4386842693099651,0.12350826735348541,0.11190838067540668,0.0,0.7071067807446058,0.6173233411724066,0.294829623931943,0.2932873021760622,0.3695255484876735,disgust,07,03,03,male,normal,284
90,3.003,True,1.0,0.14733246899988633,0.15118249913029846,0.1492574840650924,0.8741935715408718,-0.03527777777777774,-0.04087962962962949,0.34960152404231104,0.30352459272862725,0.16253004529932302,0.1707373388733665,0.00385003013041213,0.005601851851851747,0.05525297356943616,0.3719377782431012,0.12413053294069691,0.11121775290880014,0.0,0.7402115344584081,0.6175313710874976,0.2946710437463803,0.29151280767223353,0.36774486186573985,disgust,07,03,03,male,normal,284
100,3.336666666666667,True,1.0,0.12176958169392707,0.1133927430688395,0.11758116238138328,0.9189208347633531,-0.04277777777777769,-0.04879629629629628,0.3488832357610808,0.28871851503454804,0.16319444444444442,0.1279557040532916,0.008376838625087576,0.00601851851851859,0.04716212878456794,0.3459082041943727,0.12207055529988098,0.11347491924934436,0.0,0.7786301365280331,0.6192527076768207,0.29496223648679276,0.293643278605653,0.3663101282875034,disgust,07,03,03,male,normal,284
110,3.6703333333333332,True,1.0,0.19017262644419608,0.17654303120123993,0.183357828822718,0.904945947677543,-0.037361111111111234,-0.04083333333333333,0.3622411722891232,0.24022785695413973,0.163211273696376,0.20261743731024853,0.01362959524295615,0.003472222222222099,0.052328976119082056,0.35273074262041826,0.12472048842625762,0.11055576663875039,0.0,0.6981500700935442,0.6151092203834657,0.2952857385017318,0.2922621628584225,0.3625901562653469,disgust,07,03,03,male,normal,284
120,4.0040000000000004,True,1.0,0.18772010651040258,0.1871468809881818,0.1874334937492922,0.8761310162629784,-0.03685185185185197,-0.040925925925925866,0.3512524912053404,0.2772466179401444,0.15972652116233096,0.2139331792507074,0.0005732255222207772,0.004074074074073897,0.04852388870959192,0.39382576437422134,0.12271465423075022,0.11277806261388065,0.0,0.7485498827092785,0.6163518333739746,0.29550922581068173,0.28885726107999227,0.36075661224123096,disgust,07,03,03,male,normal,284
0,0.0,True,1.0,0.26221185869221636,0.23826050557108922,0.2502361821316528,0.6231764111114496,-0.03824074074074074,-0.0440740740740741,0.3433244549381982,0.23720914932291332,0.16536822867081513,0.40154950936822326,0.023951353121127145,0.005833333333333357,0.049223487989117,0.5436753865889749,0.1247169010079861,0.11055981355526294,0.0,0.9416926230143484,0.6183363745498199,0.30035364374655327,0.2791725195662877,0.3516838318304391,disgust,07,03,03,male,normal,285
10,0.33366666666666667,True,1.0,0.23271549791141982,0.1992341827859276,0.2159748403486737,0.6558314065857481,-0.034999999999999976,-0.03787037037037028,0.3390438388272968,0.2514626723072325,0.1590354536296491,0.3293145741114117,0.03348131512549221,0.002870370370370301,0.06213576714609975,0.5145266846057366,0.12667398222990778,0.1083119568502839,0.0,0.7280986956503049,0.6193133235247223,0.2980541823059882,0.2845121759710605,0.3592384689955256,disgust,07,03,03,male,normal,285
20,0.6673333333333333,True,1.0,0.1277749555169536,0.11741295160338454,0.12259395356016906,0.8805336017714064,-0.04027777777777769,-0.0465740740740741,0.3596995475867094,0.24513419372756018,0.16181309963934307,0.13922688846120312,0.010362003913569048,0.006296296296296411,0.05078971782298511,0.3423965077133111,0.12143206421943861,0.11365614680471844,0.0,0.9999999987499999,0.6211334212200506,0.2982625364572908,0.2909095992482684,0.37067613593895776,disgust,07,03,03,male,normal,285
30,1.0010000000000001,True,1.0,0.22390703987743982,0.21904786912220348,0.22147745449982165,0.9278657563676304,-0.04064814814814821,-0.04958333333333331,0.38212890420869305,0.2551941743970341,0.17296078283869332,0.23869557959208693,0.004859170755236342,0.008935185185185102,0.05873659234771754,0.3608896362080099,0.12328413457876097,0.11215524923703106,0.0,0.6824966099058636,0.6175668778683349,0.2975690939888155,0.29146219221019776,0.368720012857147,disgust,07,03,03,male,normal,285
40,1.3346666666666667,True,1.0,0.2510181484002127,0.22673067190933793,0.2388744101547753,0.8025242160443082,-0.0411111111111111,-0.04981481481481487,0.3608320382415524,0.24318217810889792,0.17230902777777785,0.2976538344627183,0.02428747649087476,0.008703703703703769,0.06257683402353975,0.39467099259570415,0.12311644769074766,0.11233929890343379,0.0,0.9999999987499999,0.6166168374224691,0.2980624554924474,0.29159863491548255,0.3660676687742881,disgust,07,03,03,male,normal,285
50,1.6683333333333334,True,1.0,0.24714162262485234,0.2127746287675136,0.22995812569618296,0.9813101245231376,-0.04504629629629625,-0.04967592592592601,0.3580058053670579,0.27699561823026214,0.1841935344958589,0.23433787133086992,0.03436699385733874,0.004629629629629761,0.04356376716863419,0.346849559210407,0.12201899532968584,0.11353035959001453,0.0,0.7678857804183937,0.6152743248002326,0.2975977429730442,0.2934604425465299,0.36831513359911555,disgust,07,03,03,male,normal,285
60,2.0020000000000002,True,1.0,0.31771123520864103,0.30038242243871105,0.30904682882367607,0.8932454713350164,-0.04185185185185192,-0.04481481481481486,0.3825218989681791,0.155365013819445,0.18055597810614288,0.3459819710720553,0.01732881276992998,0.002962962962962945,0.06255421373921405,0.3585973292365535,0.1227881613661926,0.11252884630631715,0.0,0.6934400764755727,0.6081366364436399,0.303722800693776,0.2873607109243676,0.350069586128371,disgust,07,03,03,male,normal,285
70,2.3356666666666666,True,1.0,0.31903849589933797,0.28317605697742704,0.30110727643838253,0.7515891011873034,-0.04083333333333339,-0.044212962962962954,0.3668986246963939,0.12029422215540869,0.18265392658968602,0.4006275183643777,0.03586243892191093,0.003379629629629566,0.06129362069717099,0.3937002178049714,0.12160355919808685,0.11330461760289506,0.0,0.9059071871497079,0.6241464588647959,0.2931346585264179,0.27790073045301006,0.35294291498878444,disgust,07,03,03,male,normal,285
80,2.6693333333333333,True,1.0,0.45270780874916206,0.41862158424198787,0.43566469649557493,1.0941116451125104,-0.06824074074074093,-0.07097222222222227,0.29525408903227823,0.40481525372614596,0.21041811700201488,0.3981903477965216,0.03408622450717419,0.002731481481481335,0.06346248966023069,0.30033791163159335,0.12196405732632999,0.11358937666185019,0.0,0.8737727072498415,0.5956773433279562,0.3043287157134762,0.31137834741270415,0.3719236280813942,disgust,07,03,03,male,normal,285
90,3.003,True,1.0,0.4453400607183663,0.3830808529409367,0.4142104568296515,1.1430622892014723,-0.05842592592592594,-0.0628240740740742,0.3225168497110135,0.34082182895289376,0.2013892677274334,0.36236910336619826,0.062259207777429604,0.004398148148148262,0.06669645125501833,0.28996082841020365,0.1223709648316081,0.11315089366163707,0.0,0.6732133760622834,0.6005994074426645,0.3034570917121911,0.29686282801203434,0.3534982076077373,disgust,07,03,03,male,normal,285
100,3.336666666666667,True,1.0,0.419982680342833,0.368256500825474,0.39411959058415347,1.115263830903545,-0.0526388888888889,-0.05689814814814809,0.3372352459300386,0.3662708422511964,0.18891473730410502,0.35338686655412516,0.05172617951735897,0.004259259259259185,0.058187331122147835,0.2851270823286109,0.12426446128329156,0.11106809367357309,0.0,0.776228002658431,0.619784045751113,0.29295147161083057,0.3009585219829768,0.377594825844965,disgust,07,03,03,male,normal,285
110,3.6703333333333332,True,1.0,0.4040404040404039,0.37049934985268673,0.38726987694654535,1.0176352812955183,-0.047361111111111076,-0.05129629629629617,0.3528872625657453,0.2979352003583923,0.1826990322656853,0.3805586186570936,0.03354105418771719,0.003935185185185097,0.052317713806049874,0.3136271688443838,0.12551524173673836,0.10947875554051897,0.0,0.7395387809858046,0.6053236201980792,0.30210106793215386,0.29628454699787815,0.36444031611305516,disgust,07,03,03,male,normal,285
0,0.0,True,1.0,0.25944184659459935,0.2464731705159147,0.252957508555257,0.9344602885484365,-0.041759259259259274,-0.04444444444444451,0.3492608503395506,0.27724661794014316,0.1722505717034359,0.2706990459147214,0.012968676078684654,0.002685185185185235,0.04275135913986147,0.3780190105973683,0.12495138486019841,0.11029473782525795,0.0,0.7101754196831621,0.6214258846741822,0.2912681016209773,0.28997017609665166,0.35759304824938476,disgust,07,03,03,male,normal,286
10,0.33366666666666667,True,1.0,0.22507100527721477,0.21186271600675294,0.21846686064198384,0.6612830752989639,-0.041296296296296164,-0.044351851851851753,0.3452544769756361,0.16887586456074563,0.17153489427994736,0.3303681415757022,0.013208289270461832,0.003055555555555589,0.04811428938572662,0.5140621976930373,0.12388127231796967,0.11132431985627066,0.0,0.9999999987499999,0.6190618218928197,0.2926787141537418,0.2860798084093167,0.35620959590947454,disgust,07,03,03,male,normal,286
20,0.6673333333333333,True,1.0,0.19550219212535697,0.20054616437603293,0.19802417825069496,0.5376714283438779,-0.03921296296296295,-0.0438425925925926,0.35106188180898434,0.24678169192724403,0.1722226652187543,0.36829961164320013,0.00504397225067596,0.00462962962962965,0.042749070061703434,0.6384216127926577,0.12372777109082694,0.11166564570677988,0.0,0.8010664052219568,0.6167254225440176,0.2944926098470854,0.29169163422145095,0.3641437647339546,disgust,07,03,03,male,normal,286
30,1.0010000000000001,True,1.0,0.1557569616325221,0.15861447128906694,0.15718571646079452,0.9783796487797226,-0.03532407407407401,-0.04009259259259257,0.35340448026116683,0.29479135897448516,0.16527823938755865,0.16065922533941027,0.0028575096565448543,0.004768518518518561,0.046957155622743205,0.3814409500916295,0.12419457112075938,0.11114623823789188,0.0,0.7538342871265498,0.6190213355576606,0.29334111477352925,0.2995792650856739,0.3686417957974657,disgust,07,03,03,male,normal,286
40,1.3346666666666667,True,1.0,0.2189208869658819,0.1920734865989389,0.2054971867824104,0.7518615870704484,-0.03819444444444442,-0.04236111111111107,0.36529786283266863,0.2225806749717901,0.17083511971881044,0.2733178424277654,0.026847400366943025,0.004166666666666652,0.042778219628025894,0.4406309045776744,0.12170382851417606,0.11386815136309947,0.0,0.9999999987499999,0.6206089687203006,0.29525868725107224,0.28914128242248577,0.3615881520258068,disgust,07,03,03,male,normal,286
50,1.6683333333333334,True,1.0,0.17210760199627703,0.18796765710756003,0.18003762955191854,0.7633739659158701,-0.039120370370370305,-0.04263888888888895,0.41509267341392286,0.17834760124089513,0.16805964133039814,0.23584460250215045,0.015860055111282995,0.003518518518518643,0.03783448620205949,0.43622837651648544,0.12223116756967907,0.11330189514998819,0.0,0.9999999987499999,0.6212426819008855,0.29529420994626665,0.29929070851853473,0.3693494543255955,disgust,07,03,03,male,normal,286
60,2.0020000000000002,True,1.0,0.19926286159459353,0.19887750174847468,0.19907018167153412,0.8115004297636179,-0.03810185185185189,-0.0433796296296296,0.3717278140577997,0.2543495096627695,0.16736521383896144,0.24531124614378985,0.00038535984611884344,0.005277777777777715,0.04051112014012294,0.3910971820722729,0.12344772456726737,0.11197516273413818,0.0,0.6912877389779444,0.6166325672300169,0.2931841684206298,0.29701277967033984,0.3664659532879964,disgust,07,03,03,male,normal,286
70,2.3356666666666666,True,1.0,0.14777929572854653,0.13248443611769925,0.14013186592312288,0.6965368401510567,-0.03592592592592592,-0.04259259259259274,0.34487889038006053,0.24211082516593524,0.16458333333333341,0.2011837103874258,0.015294859610847283,0.006666666666666821,0.047784498827964005,0.46638982915385946,0.12194692783396442,0.11343994276320579,0.0,0.7455781644754713,0.6247093539759655,0.2962043540698337,0.2903001506505649,0.3664442596282796,disgust,07,03,03,male,normal,286
80,2.6693333333333333,True,1.0,0.16496583177118843,0.16428907451323532,0.1646274531422119,1.1075252869106411,-0.03662037037037025,-0.04101851851851862,0.35134370028891354,0.3689157928491433,0.15975278994936187,0.14864441930840952,0.0006767572579531034,0.004398148148148373,0.04279419406434551,0.2935067597042019,0.12491848621477718,0.11033199704664172,0.0,0.8645360842172654,0.6033854096404188,0.2984494162619165,0.30072359276672816,0.3611921590727876,disgust,07,03,03,male,normal,286
90,3.003,True,1.0,0.12903602683957863,0.11451229617959026,0.12177416150958445,0.591126440710636,-0.0432407407407408,-0.04995370370370372,0.34612055096164496,0.2572427517388061,0.16042094699714263,0.20600357744646117,0.014523730659988368,0.006712962962962921,0.06520575638136812,0.5495570414459665,0.12245643249828135,0.1127208588273406,0.0,0.7086646862747396,0.6190344307879403,0.2953775897007199,0.2879855343655862,0.3625739854428902,disgust,07,03,03,male,normal,286
100,3.336666666666667,True,1.0,0.1979758336270535,0.18067990735055886,0.18932787048880617,0.6787242800704726,-0.03685185185185169,-0.042175925925926006,0.32203506028913453,0.31467077417115447,0.16460002058072054,0.278946659266629,0.01729592627649465,0.005324074074074314,0.06504103655280315,0.47048789448705125,0.12413369942071538,0.11121421868763841,0.0,0.6999913173497904,0.6192740877913665,0.29556305790162246,0.28408714231799215,0.35773362012088356,disgust,07,03,03,male,normal,286
0,0.0,True,1.0,0.25595093727119095,0.24158295015615766,0.2487669437136743,0.5723508840962772,-0.045787037037037015,-0.04828703703703707,0.37861720110798947,0.16996187842666685,0.17118310864109157,0.4346406210352395,0.014367987115033287,0.0025000000000000577,0.036992672304645875,0.6055404466713266,0.12789538776180806,0.10686696196669512,0.0,0.7005993539239028,0.5639911699132778,0.2647565768134116,0.2911706202070631,0.3306027633132018,disgust,07,03,03,male,normal,287
10,0.33366666666666667,True,1.0,0.2047155892781263,0.17709831697554526,0.19090695312683578,0.7115473614141066,-0.04356481481481478,-0.04541666666666666,0.3551160749065293,0.2756157053662905,0.16912979901843322,0.26829830799658,0.027617272302581042,0.0018518518518518823,0.02350755253552841,0.48550300972805194,0.12625675791680263,0.10879801859776428,0.0,0.7402653629116069,0.610849134184924,0.2966824888086871,0.2868096850774249,0.3671464060929682,disgust,07,03,03,male,normal,287
20,0.6673333333333333,True,1.0,0.16301004621104373,0.19716931719963462,0.18008968170533918,0.7185233501223102,-0.03898148148148145,-0.0431481481481481,0.36598621671501963,0.20707259825618007,0.16713475933442978,0.2506385932686579,0.034159270988590895,0.004166666666666652,0.03868312595374207,0.43399227017956715,0.12289385470395638,0.11258276176219222,0.0,0.8061448365843653,0.6131767966952407,0.29715944950998174,0.2935600153008917,0.37002387209553167,disgust,07,03,03,male,normal,287
30,1.0010000000000001,True,1.0,0.17208563951439793,0.176993013465439,0.17453932648991846,0.9029029549772998,-0.03773148148148148,-0.0433796296296296,0.3646002822307959,0.2983733352808735,0.165028211448836,0.1933090655288714,0.004907373951041072,0.005648148148148124,0.03284178219203697,0.3746161953326547,0.12234929184831252,0.11317432815902738,0.0,0.6597640466534715,0.6113236519451529,0.29782729681855036,0.298667812029053,0.3721076125455375,disgust,07,03,03,male,normal,287
40,1.3346666666666667,True,1.0,0.11909290839452626,0.1383827077627466,0.12873780807863644,0.7567630899521351,-0.03810185185185183,-0.042083333333333306,0.38433778092661375,0.23215874396553837,0.16351017127871084,0.17011639413700666,0.019289799368220353,0.003981481481481475,0.032820814072107525,0.458982084533788,0.12547141547716636,0.10970278787919911,0.0,0.9999999987499999,0.6112098563409739,0.29851126114938475,0.29926148107073547,0.3744348448209513,disgust,07,03,03,male,normal,287
50,1.6683333333333334,True,1.0,0.1459759747956093,0.16393597896132928,0.1549559768784693,0.8565573461086028,-0.03958333333333325,-0.0430092592592593,0.39915197907792455,0.22661175120191057,0.16346350455845138,0.18090554891910582,0.017960004165719967,0.0034259259259260544,0.03102682974996248,0.3828541898987311,0.12486399207387795,0.11022094767382905,0.0,0.7071067807446058,0.6143480940188576,0.29756966743949703,0.30339674912921366,0.38212420416536885,disgust,07,03,03,male,normal,287
60,2.0020000000000002,True,1.0,0.16243237666179053,0.18425036250721996,0.17334136958450524,0.9866315737016389,-0.039120370370370305,-0.04351851851851857,0.3834379173453552,0.2761869396630794,0.16550104642032623,0.1756900693276661,0.021817985845429433,0.004398148148148262,0.030896706235394554,0.35341778166372845,0.12242599562688654,0.11309134964639542,0.0,0.6951296922950716,0.6077843541557248,0.29739113712712756,0.297907240337695,0.3745623735136809,disgust,07,03,03,male,normal,287
70,2.3356666666666666,True,1.0,0.17326938762024627,0.16566597075219552,0.1694676791862209,0.7354052935463669,-0.040231481481481424,-0.043749999999999956,0.3649486525920691,0.2772616975487771,0.16959026572786806,0.23044120116268388,0.007603416868050744,0.003518518518518532,0.02598241308947939,0.47865168996979196,0.12498555337122737,0.11025601670147826,0.0,0.6857041987809565,0.6128234292388831,0.29706523373826044,0.29796408192932317,0.37831545156652024,disgust,07,03,03,male,normal,287
80,2.6693333333333333,True,1.0,0.22096831060660907,0.2489586724685918,0.23496349153760043,1.08353549304429,-0.03958333333333336,-0.04208333333333336,0.3280602806152266,0.4023391466844637,0.16954572253075872,0.21684891085334868,0.027990361861982727,0.0025000000000000022,0.025368864503964212,0.31460116073082955,0.12296519869031663,0.11216563549403173,0.0,0.859518976355083,0.6078487642244398,0.2982589727988035,0.2925467476102185,0.3699197603480949,disgust,07,03,03,male,normal,287
90,3.003,True,1.0,0.20681517912290254,0.19541979880139815,0.20111748896215034,0.791498490823586,-0.04060185185185183,-0.04328703703703707,0.3571017444648645,0.2684899577722749,0.17026843340072254,0.2540971224757226,0.01139538032150439,0.002685185185185235,0.017656900652006962,0.42329860829119015,0.1230891854792846,0.11236916920659486,0.0,0.708008907992482,0.6095920816607894,0.29829866430921625,0.2921957011842289,0.3704108290410021,disgust,07,03,03,male,normal,287
100,3.336666666666667,True,1.0,0.19556504870932642,0.19437170846172136,0.1949683785855239,0.7872305246997543,-0.04083333333333328,-0.042314814814814916,0.36417707764629936,0.2740005394841298,0.1682751386632883,0.24766364167584057,0.0011933402476050625,0.001481481481481639,0.024862726189093045,0.4432037584017788,0.1256593278677783,0.10948749284863825,0.0,0.6743338458753884,0.6047752056682049,0.2993200992464884,0.29522540795377505,0.37084974182950575,disgust,07,03,03,male,normal,287
110,3.6703333333333332,True,1.0,0.16592010406796834,0.17537192574102203,0.17064601490449519,0.7946464031389976,-0.03935185185185186,-0.04296296296296298,0.37349744923210787,0.23286979917749792,0.16752559727057026,0.21474458857475784,0.009451821673053695,0.0036111111111111205,0.020267845785457577,0.4377002466500687,0.12368618840597972,0.11171170291360219,0.0,0.7893786985638905,0.6104540466030163,0.29892565643384705,0.29660585887673513,0.37578394332695264,disgust,07,03,03,male,normal,287
0,0.0,True,1.0,0.5914112532168011,0.5081620435744311,0.5497866483956161,0.4936532200973824,-0.048981481481481515,-0.046064814814814725,0.3695423326620195,0.1265315326598938,0.1806269525721201,1.1137102443840239,0.08324920964237004,0.0029166666666667895,0.06041539557810185,0.6273628602458381,0.12743381011252847,0.10741695308915473,0.0,0.7133370096641843,0.6171347821784964,0.2889567016866891,0.28061517529038893,0.36630074414969177,disgust,07,03,03,male,strong,288
10,0.33366666666666667,True,1.0,0.5361152949895626,0.464077947818511,0.5000966214040368,0.5393429628386045,-0.04574074074074075,-0.04337962962962971,0.3576906330514806,0.1596822712470395,0.17919391750124905,0.9272330518080534,0.07203734717105154,0.002361111111111036,0.0693039557475441,0.6230635290131011,0.1256007942875754,0.10955463588914034,0.0,0.6934648766584122,0.6093645828253177,0.29364782040535037,0.2886844301824488,0.37215398622379803,disgust,07,03,03,male,strong,288
20,0.6673333333333333,True,1.0,0.5072289530285761,0.4123443984616519,0.459786675745114,0.6242931694801118,-0.04296296296296287,-0.0427777777777778,0.35362104005087774,0.1736871776637583,0.17500043596485867,0.7364916007778962,0.09488455456692418,0.0001851851851850661,0.07498124012088205,0.5521324948392273,0.12448161598386721,0.11082465904431323,0.0,0.948510759312266,0.6089206268444878,0.2939437945661701,0.2864757397745991,0.3707689835852982,disgust,07,03,03,male,strong,288
30,1.0010000000000001,True,1.0,0.16644815231990642,0.13023946679515766,0.14834380955753204,0.8606998751075577,-0.04643518518518519,-0.04731481481481481,0.36598064751227843,0.2112079584658157,0.16462087726121413,0.17235253988969637,0.03620868552474876,0.0008796296296296191,0.07520318724074201,0.36953772973802057,0.12501631307163555,0.11022113788378345,0.0,0.7951297830636348,0.615537586659664,0.2895961520694232,0.2985486802935116,0.36935682398780756,disgust,07,03,03,male,strong,288
40,1.3346666666666667,True,1.0,0.4773662551440333,0.394553300344222,0.43595977774412764,0.6062108426036645,-0.04328703703703696,-0.043703703703703745,0.3499019886586607,0.18419736254252964,0.16954572253075872,0.7191553616423096,0.08281295479981132,0.0004166666666667873,0.07501855367966148,0.492837361872222,0.12476707714058632,0.11015782467469104,0.0,0.7071067807446058,0.6213361535708034,0.29031152798504734,0.2858792778025829,0.3596809924211536,disgust,07,03,03,male,strong,288
50,1.6683333333333334,True,1.0,0.4166378956497231,0.32020879116496076,0.36842334340734195,0.5889485980715541,-0.03810185185185189,-0.03990740740740739,0.3544811508889911,0.16850827253713102,0.16683183750799316,0.625561117920482,0.09642910448476233,0.0018055555555555047,0.1042321559415868,0.4904515170522353,0.12500611962509459,0.11005972868889972,0.0,0.7071067807446058,0.6126641558263931,0.28902199075839724,0.2885213593765756,0.35576552985816706,disgust,07,03,03,male,strong,288
60,2.0020000000000002,True,1.0,0.37641599665675,0.2956760270343772,0.3360460118455636,1.0395308752933095,-0.039722222222222325,-0.042870370370370336,0.31668934403355004,0.382910256447112,0.1715918156720556,0.32326698497603196,0.08073996962237284,0.003148148148148011,0.083290808304973,0.26938321752606365,0.1258568012415202,0.10926043818354977,0.0,0.7071067807446058,0.6307060876303646,0.29076414982979465,0.27668157016792827,0.3342349769530976,disgust,07,03,03,male,strong,288
70,2.3356666666666666,True,1.0,0.5533039710793701,0.4199314204698834,0.48661769577462677,0.7284699539181382,-0.04509259259259257,-0.04587962962962966,0.36245087024868927,0.1889721750374609,0.17712641173327864,0.6679996795438325,0.13337255060948672,0.000787037037037086,0.0933690565723295,0.417218110496414,0.12586643435796616,0.10924934083320104,0.0,0.9999999987499999,0.6263213365424295,0.2856391194546729,0.28472651505904223,0.35047800198690926,disgust,07,03,03,male,strong,288
80,2.6693333333333333,True,1.0,0.4187599602520605,0.3447887892790956,0.3817743747655781,0.663892567566027,-0.04120370370370363,-0.04351851851851862,0.3453316971300437,0.19125403850710884,0.17435850949207057,0.5750544491938584,0.0739711709729649,0.0023148148148149916,0.09543562184229508,0.4243886572655481,0.12359483905209959,0.11164223923770726,0.0,0.9999999987499999,0.6174284563043968,0.2864048266570562,0.2900349859221546,0.3587012464636438,disgust,07,03,03,male,strong,288
90,3.003,True,1.0,0.3660412545224403,0.29492604294933594,0.3304836487358881,0.7454147882182477,-0.04240740740740756,-0.04282407407407407,0.3312532619378664,0.18178558143890694,0.17435850949207057,0.44335536933180186,0.07111521157310435,0.00041666666666650976,0.08734129385976691,0.39342328247655883,0.12568406733126844,0.10945909276748139,0.0,0.8466723711321125,0.616189537314926,0.2877619135122534,0.29424780796643496,0.36393781293565475,disgust,07,03,03,male,strong,288
100,3.336666666666667,True,1.0,0.42735042735042833,0.36804521342552254,0.3976978203879754,0.940120297078006,-0.041435185185185186,-0.043611111111111156,0.3291751214908257,0.2228656141180141,0.17363923383335508,0.4230286502951405,0.059305213924905786,0.00217592592592597,0.0891900916711286,0.30741647060885297,0.12430304205678688,0.11050891214417759,0.0,0.7071067807446058,0.6152101514121274,0.2988406143152929,0.2828307328754522,0.3403586011563764,disgust,07,03,03,male,strong,288
110,3.6703333333333332,True,1.0,0.4275338097135866,0.31730878212664543,0.372421295920116,0.8791549833413089,-0.04268518518518516,-0.04472222222222211,0.3380384556063649,0.23424262246189675,0.1715437894924943,0.4236127906648437,0.1102250275869412,0.0020370370370369484,0.09012789313028803,0.3232245044832481,0.12151685634243516,0.11306107955079724,0.0,0.9999999987499999,0.6357675349827431,0.2908152775069713,0.2734945718010912,0.3435278490654911,disgust,07,03,03,male,strong,288
120,4.0040000000000004,True,1.0,0.41877091695751806,0.3492011985066898,0.3839860577321039,0.8896703573031314,-0.039583333333333304,-0.04347222222222219,0.3452272691223065,0.2511807579920968,0.17015009905848222,0.4316048686797721,0.06956971845082827,0.003888888888888886,0.08455951131167981,0.3492192112979837,0.1286085173615253,0.10600767440600271,0.0,0.7371401798371444,0.5973835719131402,0.268866652757449,0.2810588134236828,0.31699744126619317,disgust,07,03,03,male,strong,288
0,0.0,True,1.0,0.2105110269596415,0.1825669792275986,0.19653900309362005,0.7781722119620598,-0.03916666666666668,-0.041759259259259385,0.35107701507094613,0.2878218114271919,0.16536822867081508,0.25256492081370086,0.027944047732042898,0.002592592592592702,0.05030978426454326,0.4226269741417582,0.12319920718314431,0.11224853281781812,0.0,0.7365960306739439,0.6183204128291941,0.2999853861625698,0.29244785910598814,0.36218123315072837,disgust,07,03,03,male,strong,289
10,0.33366666666666667,True,1.0,0.19354306172514232,0.17946977360045666,0.1865064176627995,0.8787026604560515,-0.035601851851851885,-0.040879629629629544,0.3523757705128701,0.29974957031950655,0.16395591040729382,0.2122520234159774,0.014073288124685668,0.005277777777777659,0.057214472912519236,0.37588437541756337,0.12730540803631085,0.10756909804987536,0.0,0.7071067807446058,0.5710556106661415,0.2690003316466457,0.3083517963134531,0.33872623351746245,disgust,07,03,03,male,strong,289
20,0.6673333333333333,True,1.0,0.13976721481852936,0.14470303223192518,0.14223512352522727,0.5769705432632178,-0.038055555555555565,-0.04319444444444448,0.3644844099180417,0.21779530061558927,0.16253802514839602,0.24652059829740502,0.004935817413395827,0.005138888888888915,0.0465701559485631,0.5637629051854601,0.1237868176745595,0.11160018611112457,0.0,0.6952912845895022,0.6155669930315876,0.29532516048650304,0.2880328800160388,0.36470049747515015,disgust,07,03,03,male,strong,289
30,1.0010000000000001,True,1.0,0.1556840873804015,0.13309356711789208,0.14438882724914678,0.9321558604581369,-0.03583333333333333,-0.04185185185185192,0.383601034760684,0.26590990031049583,0.1611684003091872,0.15489773049131764,0.022590520262509406,0.00601851851851859,0.039404446377460926,0.365516491887749,0.12481779546326971,0.11044589492663405,0.0,0.697543317996157,0.6182037594959859,0.2928514610011576,0.29554175823144524,0.368731151394676,disgust,07,03,03,male,strong,289
40,1.3346666666666667,True,1.0,0.18046419587751233,0.1812089092848181,0.1808365525811652,0.8120108560804118,-0.036527777777777715,-0.04259259259259257,0.35084540868131037,0.3039525609115781,0.16458379689082928,0.22270213658726914,0.0007447134073057526,0.006064814814814856,0.04759570646778449,0.3726876168214073,0.1246154346325319,0.11050188810315181,0.0,0.6638771350516269,0.6059422907366071,0.30137125344669313,0.294236518196903,0.35772304721666975,disgust,07,03,03,male,strong,289
50,1.6683333333333334,True,1.0,0.1277749555169547,0.12339675206208203,0.12558585378951836,0.8823313304454631,-0.03759259259259262,-0.043055555555555625,0.36725921732798084,0.29630519929644256,0.16183572978066985,0.14233412036509432,0.0043782034548726645,0.005462962962963003,0.049854835808693085,0.3878445248709034,0.12359671198449174,0.11164016575295363,0.0,0.7987778177104262,0.6179901814163165,0.2949176834545321,0.3020628505787622,0.37335242216621817,disgust,07,03,03,male,strong,289
60,2.0020000000000002,True,1.0,0.12846394311494375,0.10792010848622917,0.11819202580058646,0.8978138724870844,-0.03708333333333347,-0.04412037037037042,0.3921780960887111,0.20801599184408334,0.1631963144470284,0.13164424099749775,0.020543834628714577,0.007037037037036953,0.05228593733529432,0.3676858321226756,0.12188815782313947,0.11367081750602978,0.0,0.8126881862828099,0.6221098063522285,0.2938605730146428,0.296468393726318,0.366255397958742,disgust,07,03,03,male,strong,289
70,2.3356666666666666,True,1.0,0.15359252838857074,0.14997778600005687,0.1517851571943138,0.8107730172690631,-0.03819444444444453,-0.045046296296296306,0.38212177689206905,0.27205681094060047,0.16112815795980312,0.18721042013160924,0.003614742388513864,0.006851851851851776,0.052893259084937326,0.3972620351617354,0.12529450917054372,0.109904793991524,0.0,0.6721350586315078,0.6149020905862345,0.2939188603612355,0.30224871092457184,0.3704632684066708,disgust,07,03,03,male,strong,289
80,2.6693333333333333,True,1.0,0.17544375452574693,0.1943717084617207,0.1849077314937338,0.6663461442494535,-0.04060185185185183,-0.04981481481481481,0.35435593060240256,0.24766457502584027,0.17502136100099508,0.2774950122987606,0.018927953935973768,0.009212962962962978,0.06098069657808197,0.4797527360231352,0.12519060351879904,0.11002313648017849,0.0,0.7652810657535374,0.61594946098752,0.2935474837812138,0.3045931613364084,0.37000796302355143,disgust,07,03,03,male,strong,289
90,3.003,True,1.0,0.18594745666408166,0.1780532658035631,0.18200036123382238,0.9300516146966862,-0.03944444444444439,-0.046388888888889035,0.3445052991961201,0.3316856799294464,0.17017520715864085,0.19568845250935604,0.007894190860518568,0.006944444444444642,0.06482735661619116,0.33329358533549625,0.12409396753260778,0.1112585501987913,0.0,0.6896137249898815,0.6118179218327956,0.29298812217022246,0.29863275138801,0.3681908435089049,disgust,07,03,03,male,strong,289
100,3.336666666666667,True,1.0,0.17668524002648733,0.17476766444002553,0.17572645223325645,1.005361634015461,-0.038842592592592484,-0.045787037037037015,0.3538125593760078,0.33681900238436757,0.1646208772612142,0.17478929599829351,0.0019175755864618005,0.006944444444444531,0.05565227017609681,0.33950939267125724,0.12601632701743345,0.10907640943710158,0.0,0.7572167054339877,0.6123958596172845,0.2924628083144741,0.30668755169092465,0.37319550881523117,disgust,07,03,03,male,strong,289
110,3.6703333333333332,True,1.0,0.21935109509932,0.2063918762333731,0.21287148566634656,0.7590417689496217,-0.038425925925925974,-0.0476388888888889,0.3407766588388202,0.2520347211555955,0.16600945204572945,0.2804476569990643,0.012959218865946892,0.009212962962962923,0.07804471504851403,0.3923919562193832,0.12437072749373122,0.1106051175035343,0.0,0.6608248009451367,0.5931403401985795,0.30025903268371934,0.30083175691261826,0.3549153905631766,disgust,07,03,03,male,strong,289
120,4.0040000000000004,True,1.0,0.18143198862627352,0.1696118161362258,0.17552190238124965,0.9298870757765352,-0.037685185185185044,-0.04856481481481484,0.35867311220703224,0.3092443905125241,0.16466165602418412,0.1887561478738414,0.011820172490047715,0.010879629629629795,0.0677136077178555,0.3515595990311612,0.12303687888864326,0.11157591346511893,0.0,0.7071067807446058,0.602861717327556,0.3013449341767649,0.2976488238018602,0.3568394995059005,disgust,07,03,03,male,strong,289
0,0.0,True,1.0,0.3375186965915154,0.2799063650760523,0.30871253083378386,0.6458088019133996,-0.03921296296296295,-0.046250000000000124,0.35252871942786473,0.2472819736133891,0.16409405583688944,0.47802465670819544,0.05761233151546308,0.007037037037037175,0.07868229708902062,0.47505506621624755,0.13006667457079626,0.10421342493837316,0.0,0.6358972271279906,0.6125447305015757,0.29701240119011296,0.2898018733408191,0.35419840393733915,disgust,07,03,03,male,strong,290
10,0.33366666666666667,True,1.0,0.3486643393992213,0.3376549326575617,0.3431596360283915,0.8764573465127382,-0.041157407407407365,-0.051018518518518574,0.3212977210967632,0.3383218255175128,0.16552178956651334,0.3915303321875962,0.011009406741659622,0.00986111111111121,0.06967564817920757,0.34102191642279894,0.12325976621482618,0.11201207013258087,0.0,0.7176452851172176,0.6278605651948279,0.298046755858315,0.26954351489657985,0.33824958374606395,disgust,07,03,03,male,strong,290
20,0.6673333333333333,True,1.0,0.2889014709734606,0.23677952195614904,0.2628404964648048,0.7388922993458976,-0.04486111111111113,-0.04879629629629623,0.3404022301339739,0.19944673840653093,0.16413496548686754,0.35572233828594996,0.05212194901731154,0.003935185185185097,0.07012824429670067,0.3626599846865446,0.1261360504075472,0.10893793902194784,0.0,0.7071067807446058,0.6115652416435324,0.2955332935197533,0.2921157876922882,0.3627501805288178,disgust,07,03,03,male,strong,290
30,1.0010000000000001,True,1.0,0.24914840476605507,0.2211373111436627,0.2351428579548589,1.0120031469179744,-0.06791666666666674,-0.06916666666666671,0.35491978107310856,0.29271240796644904,0.2000244125725657,0.23235388019392972,0.028011093622392375,0.0012499999999999734,0.07766413396404591,0.31047612603322805,0.12230332284288017,0.1130556104057327,0.0,0.81867330709146,0.5966610992131228,0.3055834529191633,0.2976923641776272,0.36543098616960307,disgust,07,03,03,male,strong,290
40,1.3346666666666667,True,1.0,0.3837102216298043,0.33747072357700464,0.3605904726034045,1.0375003214807936,-0.06263888888888891,-0.06606481481481496,0.3255896216736032,0.2662696312635402,0.19663993831025836,0.3475569743330241,0.046239498052799644,0.0034259259259260544,0.0932171108303523,0.24811035112723134,0.12313895156667098,0.11231463118108134,0.0,0.8907574061474977,0.5901858752563526,0.30136273048040996,0.3029829677675964,0.36569957460712027,disgust,07,03,03,male,strong,290
50,1.6683333333333334,True,1.0,0.5042227390799874,0.42586409894106614,0.46504341901052676,0.8878845924361708,-0.07106481481481486,-0.07550925925925922,0.3452376090425939,0.22134947570948513,0.20638349432189496,0.5237656143289346,0.07835864013892124,0.004444444444444362,0.07855212921850378,0.3494785470049009,0.12298384088614728,0.11231495315993976,0.0,0.7875649722016175,0.5869743164844063,0.3015804927050658,0.3127284176811305,0.37560453400540955,disgust,07,03,03,male,strong,290
60,2.0020000000000002,True,1.0,0.4835235504460387,0.42162608392536355,0.45257481718570114,0.5374105167098148,-0.06509259259259254,-0.06888888888888889,0.36822778621760055,0.0422607917443177,0.2118185226278855,0.8421398597788843,0.061897466520675126,0.003796296296296353,0.07384691532182655,0.5609072962689847,0.12102467271203665,0.11442334734248924,0.0,0.8674658458774358,0.6120564755355269,0.3001468197400965,0.2714170541708148,0.353839328853751,disgust,07,03,03,male,strong,290
70,2.3356666666666666,True,1.0,0.29132457197727596,0.25497272967171536,0.2731486508244957,0.4760285974528102,-0.04569444444444448,-0.05092592592592593,0.3846839282942007,0.11536880126859372,0.185457809398365,0.573807229830501,0.0363518423055606,0.005231481481481448,0.054312412438697076,0.6472102860839625,0.12070580193131102,0.1147596758543565,0.0,0.9999999987499999,0.5980662771905638,0.30173727690481233,0.28830734146204257,0.36507060442643435,disgust,07,03,03,male,strong,290
80,2.6693333333333333,True,1.0,0.1557219976180575,0.1220189394672396,0.13887046854264856,0.6290083519780365,-0.0406481481481481,-0.04833333333333334,0.3931022084228889,0.10476999945864074,0.17853376924601208,0.22077682769385165,0.033703058150817894,0.007685185185185239,0.05849902317779365,0.505313790510303,0.12261053197407248,0.11289125395265553,0.0,0.7669325949071074,0.5958433796487346,0.2985741550223992,0.29183139995129825,0.3668461889781571,disgust,07,03,03,male,strong,290
90,3.003,True,1.0,0.12689786063892408,0.1348066788387337,0.1308522697388289,0.7668290712171948,-0.03902777777777777,-0.04685185185185187,0.38736120987161426,0.13631478882862957,0.17104935053030823,0.17064072640220318,0.007908818199809625,0.007824074074074094,0.05007321468941748,0.41263036221078164,0.12285364590134738,0.1122878068344081,0.0,0.7071067807446058,0.5937399629539315,0.29677339310268824,0.29641808103236633,0.3676347378537979,disgust,07,03,03,male,strong,290
100,3.336666666666667,True,1.0,0.1901726264441986,0.16096796738858635,0.17557029691639248,0.6932645866880655,-0.04032407407407412,-0.04740740740740734,0.3767997087856047,0.18323280201482467,0.1722860019949691,0.2532515006357744,0.02920465905561226,0.007083333333333219,0.04909485677976486,0.45321447216940874,0.12388885064258427,0.11131588614825787,0.0,0.7120766584360836,0.5538253666622899,0.26382943339210696,0.3112076805507469,0.33932166517794393,disgust,07,03,03,male,strong,290
110,3.6703333333333332,True,1.0,0.13228787399681802,0.11181353739028452,0.12205070569355127,0.6246274174620768,-0.04125000000000001,-0.046064814814814725,0.38465290214614073,0.1658276742611,0.16898899814526575,0.1953976118907098,0.0204743366065335,0.004814814814814716,0.0376660627142612,0.5324761831728929,0.12388985316232656,0.11148579305701091,0.0,0.777366592069597,0.5957268756174345,0.29647893872029074,0.2961493902336278,0.3727248241720432,disgust,07,03,03,male,strong,290
0,0.0,True,1.0,0.1355417373435802,0.1252315203368307,0.13038662884020544,0.7186854967213118,-0.035879629629629706,-0.04263888888888889,0.382965210860885,0.14620073434024772,0.1604285561915648,0.18142376524228943,0.0103102170067495,0.006759259259259187,0.06128410789225072,0.42810600456263964,0.12579169936583595,0.10933538375775147,0.0,0.6601809124079164,0.615639186963848,0.3002922295002774,0.29377987241153586,0.3558267108254919,disgust,07,03,03,male,strong,291
10,0.33366666666666667,True,1.0,0.12526152974565158,0.10418839742293001,0.1147249635842908,0.5119021756012826,-0.035462962962962974,-0.04180555555555554,0.37460153455039163,0.14792313474386554,0.16182252924949747,0.22411501465008296,0.021073132322721566,0.006342592592592566,0.0500485374508372,0.5963008678827655,0.12069236605754972,0.11444133301526546,0.0,0.7071067807446058,0.6053777096619898,0.3014133616066269,0.29488404891673436,0.3672764240007594,disgust,07,03,03,male,strong,291
20,0.6673333333333333,True,1.0,0.10675312781390277,0.11731881142049619,0.11203596961719947,0.6851927505001326,-0.03675925925925927,-0.04263888888888895,0.3821528687492301,0.18119829815051364,0.15497192006927754,0.16351015029774135,0.01056568360659342,0.005879629629629679,0.038952104000539105,0.4774343484610628,0.12182836910545439,0.1133993754646632,0.0,0.8243745322062825,0.6047731721047794,0.2992028969152103,0.28773805008940667,0.3688307342646367,disgust,07,03,03,male,strong,291
30,1.0010000000000001,True,1.0,0.04832461119424406,0.0877294682681884,0.06802703973121624,0.8958234428278055,-0.036944444444444446,-0.04166666666666663,0.3924806829362244,0.21736148706196373,0.1584277490561768,0.07593799902855673,0.039404857073944345,0.004722222222222183,0.02237318462145131,0.36514451605062054,0.12214036238740111,0.11339977797997712,0.0,0.7788728818785658,0.5891230321894382,0.30309083578889257,0.2998003650992235,0.3855541493341565,disgust,07,03,03,male,strong,291
40,1.3346666666666667,True,1.0,0.14565236333627718,0.15815049102010167,0.15190142717818944,0.790961547670768,-0.03833333333333333,-0.040879629629629544,0.38985157376071233,0.18146273565649026,0.16754335757825695,0.1920465383247901,0.012498127683824495,0.0025462962962962132,0.028926046242190757,0.4360162790340934,0.1156508018187785,0.1179292944502191,0.0,0.9999999987499999,0.5992765339417017,0.30293142994275124,0.27760834345635604,0.37008475014801895,disgust,07,03,03,male,strong,291
50,1.6683333333333334,True,1.0,0.14872333377313257,0.15982492548937263,0.1542741296312526,0.7949704013100516,-0.03953703703703709,-0.04166666666666663,0.4105946323816855,0.18294021264066745,0.16660033424830914,0.19406273413075556,0.011101591716240061,0.002129629629629537,0.004248557959859167,0.4155266639462698,0.12308234845315995,0.11237665802647773,0.0,0.857778849648578,0.5987317202740472,0.3011047441335831,0.29244426397351947,0.3732829086923533,disgust,07,03,03,male,strong,291
60,2.0020000000000002,True,1.0,0.11535726763649852,0.10956260116778047,0.1124599344021395,0.5479831141070219,-0.03921296296296295,-0.041435185185185075,0.3761736447428217,0.15068045829132257,0.16532393237587528,0.20522518213978377,0.005794666468718054,0.0022222222222221255,0.008614705375450265,0.6207055443525935,0.1227980212612588,0.11268728297562036,0.0,0.686915315663231,0.5958667981489472,0.29796768197175244,0.2989503388433977,0.38101655808166524,disgust,07,03,03,male,strong,291
70,2.3356666666666666,True,1.0,0.13327512642202302,0.1223756346450576,0.1278253805335403,0.6764199928341736,-0.0401851851851851,-0.04157407407407404,0.38514776948207013,0.23872194848596756,0.16319865192012611,0.18897339210503952,0.01089949177696542,0.0013888888888889395,0.004152701354536014,0.4852646028289042,0.12146787410488565,0.11328200913018788,0.0,0.7175205885438309,0.5970346171828106,0.2987777905163535,0.30017649813770536,0.38002646676099805,disgust,07,03,03,male,strong,291
80,2.6693333333333333,True,1.0,0.11469534050179166,0.10684197393269754,0.1107686572172446,0.7459334371791357,-0.03935185185185175,-0.040879629629629655,0.3756496222070542,0.26441200186861363,0.16599474496508426,0.14849670452652405,0.00785336656909412,0.0015277777777779056,0.007404369901428283,0.4717591316013791,0.12180473462798191,0.11342476139229452,0.0,0.7723922380914962,0.5897831269226441,0.3010393992645882,0.3030649361565604,0.3860311859169413,disgust,07,03,03,male,strong,291
90,3.003,True,1.0,0.07728625429895297,0.07936507936507917,0.07832566683201607,0.5136157709118779,-0.03773148148148148,-0.03930555555555548,0.3880199918606696,0.13164159338069287,0.1653557715372406,0.15249856267644585,0.0020788250661261942,0.0015740740740740056,0.004585804643377716,0.6636807651803003,0.12300750374770775,0.11245857811552681,0.0,0.7934140220286766,0.5925653908282064,0.29795884097190767,0.2984940663111943,0.38315469351323295,disgust,07,03,03,male,strong,291
100,3.336666666666667,True,1.0,0.12315070206942445,0.10916179337231938,0.11615624772087191,0.656990277382989,-0.04078703703703701,-0.040509259259259245,0.3961661242515676,0.16101723536197385,0.1626056034563097,0.176800558120222,0.013988908697105076,0.0002777777777777657,0.004243791560830595,0.5183508257490564,0.1211853584639176,0.1140862777386405,0.0,0.9999999987499999,0.5916650322863521,0.29987612289045185,0.2980045981615967,0.3818702566412779,disgust,07,03,03,male,strong,291
110,3.6703333333333332,True,1.0,0.12047262920065306,0.0927552315979873,0.10661393039932018,0.7448798009228321,-0.037916666666666654,-0.04009259259259257,0.38981290795947815,0.16987659530004873,0.1625793263410684,0.14312903943325636,0.027717397602665755,0.0021759259259259145,0.012834539278940231,0.46412487062310237,0.12150530022021853,0.11391284317644894,0.0,0.8077098446472994,0.5934390277986195,0.30167900737806735,0.2970502958379268,0.38166670097083755,disgust,07,03,03,male,strong,291
0,0.0,True,1.0,0.4821882240050889,0.5169355554185742,0.4995618897118315,0.6497959414014394,-0.04680555555555549,-0.049305555555555436,0.35515092832314,0.2093786922293531,0.16809232395391244,0.7687981070402004,0.034747331413485294,0.0024999999999999467,0.016959887258746628,0.5129815563550945,0.12839317915441723,0.10626838343357649,0.0,0.6569376226660456,0.624454715354892,0.29282299748074264,0.29408135716841166,0.36566089235198795,surprised,08,03,03,male,normal,292
10,0.33366666666666667,True,1.0,0.49723855149976104,0.5169355554185754,0.5070870534591683,0.6624234733144037,-0.047314814814814754,-0.04986111111111108,0.3578266055463453,0.23039094005441926,0.16395591040729382,0.7655028450637216,0.01969700391881435,0.0025462962962963243,0.019480998576008074,0.4895766863197246,0.12371845318320052,0.11167596926852393,0.0,0.9999999987499999,0.6280006135344763,0.2933222622997522,0.28828573940374114,0.364657852781239,surprised,08,03,03,male,normal,292
20,0.6673333333333333,True,1.0,0.3682199650492265,0.38193353883055703,0.37507675193989176,0.6525743371161252,-0.04694444444444451,-0.04791666666666655,0.3625413145205901,0.19151638154495026,0.16738344696828983,0.5747647901654261,0.013713573781330535,0.0009722222222220411,0.01772976621852895,0.5140468380423361,0.12343513359198394,0.11164827661091932,0.0,0.9999999987499999,0.6235372353707109,0.295508250437738,0.28657354301037363,0.3634441106460202,surprised,08,03,03,male,normal,292
30,1.0010000000000001,True,1.0,0.3764769662520426,0.36989927227069036,0.37318811926136647,0.9018879771065218,-0.04712962962962969,-0.04717592592592601,0.36179913241767564,0.27195460469650923,0.1638893544106059,0.41378544645715937,0.006577693981352217,4.629629629632204e-05,0.01545271165511584,0.3663569905423105,0.12577643405492947,0.10935294420953365,0.0,0.6936224572544031,0.6268183740449306,0.29551839737704827,0.2919104037637783,0.3574093469892613,surprised,08,03,03,male,normal,292
40,1.3346666666666667,True,1.0,0.4064054716373063,0.41162857102546985,0.40901702133138806,0.6695663831361865,-0.04611111111111099,-0.04689814814814808,0.37572132577575207,0.19812393687000157,0.163211273696376,0.6108685137619819,0.005223099388163566,0.000787037037037086,0.012745892266067049,0.471074472621575,0.12347774912004647,0.11194205305713763,0.0,0.7071067807446058,0.6260659655580982,0.2931247250452426,0.28713739833599417,0.358988906906508,surprised,08,03,03,male,normal,292
50,1.6683333333333334,True,1.0,0.4141526352005053,0.42106962746905074,0.417611131334778,0.6339836564315322,-0.046805555555555545,-0.04819444444444454,0.37459503227927443,0.15159345391903598,0.1645833333333333,0.6587096167200304,0.006916992268545419,0.001388888888888995,0.017855532268752514,0.4895766863197246,0.12428012876863759,0.11105056219455038,0.0,0.7486717534820407,0.6285394345785189,0.2927733197269357,0.2903270977938588,0.36487957483095007,surprised,08,03,03,male,normal,292
60,2.0020000000000002,True,1.0,0.429291887606963,0.41848262151405907,0.423887254560511,0.6994862912239529,-0.04268518518518516,-0.04625000000000001,0.3813319413762231,0.13448512482412286,0.16736521383896155,0.6059979443182483,0.010809266092903946,0.003564814814814854,0.019345877473817802,0.44382249197732926,0.12472348822432512,0.1105523824060362,0.0,0.6394849344711637,0.6250224208745999,0.2954514786219393,0.2932540921153991,0.3632488741252614,surprised,08,03,03,male,normal,292
70,2.3356666666666666,True,1.0,0.46865764537727556,0.4716235038858292,0.47014057463155234,0.8276927048975633,-0.044351851851851865,-0.04689814814814813,0.3874304818434943,0.18686759246479326,0.16667399072449116,0.5680134328231609,0.0029658585085536315,0.0025462962962962687,0.020499233648080803,0.3913879362912451,0.1254190496707699,0.10976265189220137,0.0,0.6574543526355846,0.6202488009031738,0.29524023086645046,0.2958326271944892,0.3630390579465053,surprised,08,03,03,male,normal,292
80,2.6693333333333333,True,1.0,0.4455724492293003,0.43226923555942315,0.4389208423943617,0.716006470836333,-0.04453703703703693,-0.04828703703703702,0.3878440668792823,0.13919327684302726,0.16667078648879474,0.6130123962171449,0.013303213669877134,0.0037500000000000866,0.020108241030308956,0.4389696543142212,0.12512511437947907,0.11009760906615174,0.0,0.6846016278718386,0.6208782414528311,0.2951421641857131,0.29711721651868256,0.36290556760692155,surprised,08,03,03,male,normal,292
90,3.003,True,1.0,0.42926340111503586,0.4392203043525761,0.434241852733806,0.7344681453922608,-0.04449074074074072,-0.04828703703703702,0.38272066706962565,0.160172222112679,0.1701837251367127,0.5912330649845794,0.009956903237540227,0.0037962962962962976,0.0266976441060463,0.429727862994674,0.12622781099154978,0.10883160158264775,0.0,0.9999999987499999,0.6210450304574954,0.29519019395700236,0.29971606661772965,0.36246957152446746,surprised,08,03,03,male,normal,292
0,0.0,True,1.0,0.5323993498734185,0.5119815666107191,0.5221904582420689,0.6660375989438884,-0.04694444444444451,-0.04958333333333326,0.36214525391190905,0.19118548163729443,0.16818670474647227,0.7840254950622718,0.020417783262699385,0.0026388888888887463,0.02874612721582819,0.4826489821818769,0.12930469742167716,0.10515737252187632,0.0,0.6581927933573918,0.5682769704522433,0.26995450437132784,0.303176890975974,0.3233496237184614,surprised,08,03,03,male,normal,293
10,0.33366666666666667,True,1.0,0.36647193043355025,0.36228975965869253,0.3643808450461214,0.658280472348281,-0.04995370370370372,-0.0533333333333334,0.3656776711137743,0.1889588055657719,0.16827513866328836,0.5535343373414484,0.004182170774857719,0.003379629629629677,0.0297205853509721,0.4922159986420991,0.12749993353781802,0.10733845871252191,0.0,0.8382208460857269,0.6194203980185825,0.2949533139099884,0.29476475555408027,0.3638756626532306,surprised,08,03,03,male,normal,293
20,0.6673333333333333,True,1.0,0.3919473930609165,0.38401966625142236,0.38798352965616945,0.5772410837993577,-0.04416666666666669,-0.04666666666666669,0.39369528543642407,0.14412195972321049,0.16785681316299406,0.6721342963021462,0.007927726809494162,0.0025000000000000022,0.018428961005061806,0.5187038418017436,0.12447053983690046,0.11083709885740965,0.0,0.6774773463633489,0.6217323231870875,0.29657619275872876,0.2903490093361156,0.36996743248241326,surprised,08,03,03,male,normal,293
30,1.0010000000000001,True,1.0,0.42047152011501693,0.4743490509099234,0.4474102855124702,0.8556315713382897,-0.04578703703703707,-0.0470370370370371,0.3749665340473284,0.21037840231331703,0.1649463625466204,0.5229006274425775,0.05387753079490648,0.0012500000000000289,0.026485751201910934,0.39548048302763,0.12446203204785464,0.1108466524037158,0.0,0.6462478921279541,0.6240091991953032,0.29579847742167137,0.2925089230305002,0.3586394354244879,surprised,08,03,03,male,normal,293
40,1.3346666666666667,True,1.0,0.467139062175789,0.47592942428674,0.47153424323126447,0.9206945799546854,-0.0465740740740741,-0.04657407407407399,0.38248833399318044,0.18665260344126974,0.1760848287337796,0.512150558390897,0.008790362110951022,1.1102230246251565e-16,0.021247596551293352,0.3469761058250039,0.12524716898569982,0.10995873967858358,0.0,0.6916313441972461,0.6177106142144357,0.2989276893150323,0.2985465210478526,0.36000597569434517,surprised,08,03,03,male,normal,293
50,1.6683333333333334,True,1.0,0.4380272833335591,0.4508072599585695,0.4444172716460643,0.5688766492528853,-0.0431481481481481,-0.043564814814814834,0.38609368108327713,0.039675492104495794,0.17716775714279095,0.7812190432314713,0.012779976625010403,0.0004166666666667318,0.018520460030507002,0.5497224629043016,0.12517979628752893,0.110035432347246,0.0,0.798734163413438,0.615982297239208,0.2996200947100815,0.2937677625403989,0.36401219948640406,surprised,08,03,03,male,normal,293
60,2.0020000000000002,True,1.0,0.44508861254549753,0.45238736355804515,0.44873798805177134,0.733722899386037,-0.042129629629629683,-0.044120370370370365,0.3955555571390691,0.06548124966165048,0.1778125358087713,0.6115905451871072,0.007298751012547622,0.001990740740740682,0.02065653652052667,0.4120302917144362,0.12544414794742956,0.10956020978687782,0.0,0.9999999987499999,0.5680803360172194,0.2759324796151279,0.30515712214417173,0.3171620504367359,surprised,08,03,03,male,normal,293
70,2.3356666666666666,True,1.0,0.3884306862431809,0.38843068624317995,0.38843068624318045,0.7035235447028454,-0.04199074074074077,-0.04439814814814824,0.42227265525433727,0.012341917379408736,0.1736128689147122,0.5521218005678061,9.43689570931383e-16,0.002407407407407469,0.011461412380040866,0.4148246181575189,0.1280047405268467,0.10673595539082778,0.0,0.7071067807446058,0.5716356471338536,0.27656217715562,0.31084665330728495,0.3293766789990525,surprised,08,03,03,male,normal,293
80,2.6693333333333333,True,1.0,0.4000293691147438,0.39809516006183615,0.39906226458828997,0.7330666553983426,-0.041666666666666685,-0.04277777777777764,0.4276643471857413,0.01832344574979905,0.17230902777777785,0.5443737778134823,0.0019342090529076428,0.0011111111111109517,0.0003856729978507499,0.413771882913791,0.12742126398771977,0.10743183538583553,0.0,0.9999999987499999,0.5714110082939425,0.27837512294237543,0.3095047344416521,0.3307524781572092,surprised,08,03,03,male,normal,293
90,3.003,True,1.0,0.39643001180854825,0.4065339818249488,0.40148199681674857,0.7315896117090612,-0.042314814814814916,-0.044629629629629686,0.414355481877631,0.049590281489580244,0.17366427679865595,0.5487803413157404,0.010103970016400565,0.0023148148148147696,0.002574361019421041,0.4207824380122662,0.1278007303551637,0.1069801434446764,0.0,0.7071067807446058,0.5748609639480793,0.27723497328540836,0.31014417519431625,0.3282620043763548,surprised,08,03,03,male,normal,293
100,3.336666666666667,True,1.0,0.412143222943521,0.4134849126372366,0.41281406779037877,0.7658217921839591,-0.043935185185185244,-0.0440740740740741,0.39793354459961733,0.10849142055939479,0.17502789956175563,0.5390471673744381,0.0013416896937155642,0.0001388888888888551,0.008816444792627144,0.4128365630340626,0.12619247228874883,0.10887257555683517,0.0,0.6437035923153236,0.6177850182963811,0.29737615121091276,0.2980896311957245,0.36336683735912606,surprised,08,03,03,male,normal,293
0,0.0,True,1.0,0.5065247169873327,0.501918719948774,0.5042217184680533,0.5932825122157331,-0.04754629629629631,-0.05115740740740743,0.3665045977600811,0.19027181761576406,0.1621239871909906,0.8498846807146492,0.004605997038558685,0.0036111111111111205,0.034541746287843705,0.5297466914799999,0.13084808565663372,0.10323059745681674,0.0,0.6596871827907157,0.5617367594694128,0.2657561872530013,0.3039661599328938,0.32067716055494017,surprised,08,03,03,male,normal,294
10,0.33366666666666667,True,1.0,0.16447248605198625,0.15099386968247444,0.15773317786723035,0.5855856897855717,-0.06078703703703703,-0.0640277777777778,0.3673888688023278,0.1808476870474259,0.1654812227623609,0.2693596865814612,0.013478616369511809,0.0032407407407407662,0.03524012962143536,0.5297466914800008,0.1230645226774291,0.11239617888762281,0.0,0.7071067807446058,0.6234776346866872,0.2950859568131975,0.2902418960850138,0.3688069642124423,surprised,08,03,03,male,normal,294
20,0.6673333333333333,True,1.0,0.4880327373839671,0.49419370706550375,0.4911132222247354,0.5065326268786087,-0.049490740740740724,-0.05157407407407405,0.3892498197216207,0.133239682094558,0.16113431332307035,0.9695589112415289,0.006160969681536677,0.002083333333333326,0.021392268488589883,0.5794429502258717,0.1282789177586838,0.1058677721816075,0.0,0.6445013765346382,0.5618702668020333,0.26380807966867653,0.30031088656341387,0.32108625375602007,surprised,08,03,03,male,normal,294
30,1.0010000000000001,True,1.0,0.4679375492165425,0.4591244180315456,0.46353098362404405,0.9893489149551115,-0.05004629629629631,-0.05180555555555555,0.35432691775394204,0.3054924187632138,0.16249999999999998,0.4685212432310347,0.008813131184996936,0.0017592592592592382,0.02505169921736435,0.31463898788942485,0.1301113143214437,0.10415768649785001,0.0,0.6770546568607784,0.5647232428752752,0.26564786692560094,0.3144378052240488,0.3253191530653091,surprised,08,03,03,male,normal,294
40,1.3346666666666667,True,1.0,0.4597057065688445,0.4439422962180854,0.45182400139346496,0.7177651575237857,-0.04819444444444443,-0.049861111111111134,0.37916313554234266,0.2098651785522711,0.16458379689082928,0.6294872308265983,0.01576341035075912,0.0016666666666667052,0.017363030669315088,0.42610616833482245,0.12820209252686077,0.10614044162086833,0.0,0.7071067807446058,0.5748314315726291,0.27236219812443635,0.3058392270750767,0.32047222916235124,surprised,08,03,03,male,normal,294
50,1.6683333333333334,True,1.0,0.4979104412637454,0.4970457089967832,0.4974780751302643,0.8462611785099367,-0.046805555555555656,-0.048888888888888926,0.3609458438967216,0.2256597311331331,0.16597222222222224,0.5878540665261334,0.0008647322669622093,0.0020833333333332704,0.015505937992566263,0.3749835215940274,0.12462897373558136,0.11065892045450068,0.0,0.7071067807446058,0.6284201927489746,0.2950496702953199,0.28967663663837934,0.3570771710203179,surprised,08,03,03,male,normal,294
60,2.0020000000000002,True,1.0,0.5184288301644654,0.5206543836094482,0.5195416068869567,0.7153047077091786,-0.048240740740740695,-0.05087962962962961,0.3713937448918479,0.21310364323096945,0.16328604938601882,0.726322085242289,0.002225553444982764,0.002638888888888913,0.0197852704524438,0.4324646474496202,0.1259151073205067,0.1091932393468392,0.0,0.6933544334961748,0.6262802518116621,0.29282084370086725,0.28746567803893386,0.3565518326032411,surprised,08,03,03,male,normal,294
70,2.3356666666666666,True,1.0,0.518883693189195,0.5010376426234838,0.5099606679063394,0.8691881369981166,-0.0476388888888889,-0.05162037037037037,0.35722000512284974,0.2848707330686265,0.16331408144287765,0.5867091901041954,0.017846050565711202,0.003981481481481475,0.02865367219694343,0.36907537957591546,0.12328563396126976,0.11215360105184337,0.0,0.9999999987499999,0.6242288444283965,0.2951592134482648,0.2861793407715382,0.3590659634194821,surprised,08,03,03,male,normal,294
80,2.6693333333333333,True,1.0,0.5236573071454426,0.5309754376888455,0.527316372417144,0.779025432041394,-0.049120370370370314,-0.053657407407407376,0.3603781396224182,0.23351231359579233,0.1654443352178494,0.6768923718386703,0.007318130543402912,0.004537037037037062,0.03330089396011872,0.4001830839640683,0.12519773547510718,0.110015020803453,0.0,0.7071067807446058,0.6240254665538092,0.29544385485782143,0.2912658095774696,0.360823680743684,surprised,08,03,03,male,normal,294
90,3.003,True,1.0,0.5003397419304362,0.5139206191577798,0.507130180544108,0.7727444162276538,-0.04805555555555546,-0.053472222222222254,0.3729676603237312,0.21361537623697052,0.16478763567354418,0.65627155615021,0.01358087722734358,0.005416666666666792,0.03573853252523793,0.3928705335936063,0.12362489725315438,0.11160895394933659,0.0,0.9999999987499999,0.624184997741284,0.29633054534278835,0.29106023199910036,0.3626289100396171,surprised,08,03,03,male,normal,294
0,0.0,True,1.0,0.4938898355168395,0.4913708695674291,0.4926303525421343,0.592230279129644,-0.04652777777777767,-0.05125000000000007,0.3648968054179484,0.15488583620826402,0.16413496548686748,0.831822299369961,0.0025189659494104233,0.004722222222222405,0.04252386271268776,0.5264279543270665,0.12511590447386892,0.1101080751726502,0.0,0.6704645924763238,0.6266269632931297,0.2952141943849962,0.2895512091975878,0.36420658547876433,surprised,08,03,03,male,normal,295
10,0.33366666666666667,True,1.0,0.4674086164602928,0.4808700686973646,0.4741393425788287,0.5753368974220356,-0.04662037037037031,-0.05134259259259266,0.375593548726105,0.17084858699645428,0.16284190668334,0.8241073094796248,0.013461452237071792,0.00472222222222235,0.04449424067587506,0.5524960451650458,0.1273400081842973,0.1075281362545316,0.0,0.63912269481535,0.6244373600612121,0.294355330373921,0.29397809867776825,0.3644647988626426,surprised,08,03,03,male,normal,295
20,0.6673333333333333,True,1.0,0.25258789291458017,0.26286391432556155,0.25772590362007086,0.5346097874367843,-0.058379629629629615,-0.060324074074074086,0.38685575840043485,0.13332328817233577,0.16808891140508248,0.4820822769739247,0.010276021410981384,0.0019444444444444708,0.03724191811049505,0.5699127002262164,0.12321478208549538,0.11189140874445683,0.0,0.7071067807446058,0.623994639215061,0.2962176258340574,0.2885625992447927,0.36851842341435154,surprised,08,03,03,male,normal,295
30,1.0010000000000001,True,1.0,0.3281830875357855,0.3297936645685398,0.3289883760521627,0.8270856315567257,-0.0475462962962962,-0.05087962962962961,0.3787074495999583,0.1926820590682947,0.15530268385031573,0.39776821588950434,0.0016105770327543012,0.0033333333333334103,0.022321168299706394,0.36528934576862976,0.12471304376429714,0.11056416456322825,0.0,0.6937344357217352,0.6285792307704333,0.29896364996673314,0.28456328539100734,0.3575323088032109,surprised,08,03,03,male,normal,295
40,1.3346666666666667,True,1.0,0.2982173357766368,0.32603227520955397,0.3121248054930954,0.7560835728631662,-0.04402777777777772,-0.04694444444444451,0.4002969646567586,0.17851696910871823,0.15953342650055174,0.412817863918309,0.027814939432917185,0.0029166666666667895,0.014184503110912546,0.40726371089670155,0.1264874624662289,0.10852971763401233,0.0,0.6669589833160271,0.6343254564872824,0.297689327831494,0.286202688701966,0.36256725610979806,surprised,08,03,03,male,normal,295
50,1.6683333333333334,True,1.0,0.2896965796291316,0.3309311593937044,0.310313869511418,0.939883748039576,-0.045925925925925815,-0.05027777777777781,0.40373310524136535,0.22810312459672308,0.15714098421747955,0.33016196966771205,0.04123457976457279,0.0043518518518519955,0.02556515870556206,0.32293775805982833,0.12446690506804794,0.11084118058457461,0.0,0.7484771552137953,0.637581780876413,0.2981988975278254,0.2921573477354756,0.37061862115607347,surprised,08,03,03,male,normal,295
60,2.0020000000000002,True,1.0,0.3726409434284407,0.4100036834211249,0.3913223134247828,0.904866635348092,-0.0398148148148148,-0.04365740740740737,0.3918965064605433,0.18613693021734665,0.16267505284587305,0.43246407607265297,0.037362739992684246,0.003842592592592564,0.021061191012031792,0.3417196547373239,0.12211806702199038,0.11342378708660714,0.0,0.6871696703818633,0.6286237731420694,0.3000739838800862,0.28522504970268864,0.3625324279708733,surprised,08,03,03,male,normal,295
70,2.3356666666666666,True,1.0,0.35898387307698887,0.37553982753474463,0.3672618503058668,0.6362794967854505,-0.042222222222222106,-0.04578703703703707,0.4051572018260974,0.13340780569180388,0.16292200312285168,0.577202082043051,0.01655595445775576,0.003564814814814965,0.025108323284919916,0.4532658640776121,0.12922041606126614,0.10526092268266744,0.0,0.739308510597787,0.5656972754648735,0.27588263782031713,0.3137383497436494,0.3238042897535407,surprised,08,03,03,male,normal,295
80,2.6693333333333333,True,1.0,0.3671269039351667,0.3633158418638123,0.3652213728994895,0.8073846476656397,-0.04166666666666663,-0.04509259259259257,0.39309853006517675,0.1627189024670469,0.16342055940607153,0.4523511488055168,0.0038110620713543986,0.0034259259259259434,0.02663827786869039,0.38396610204029247,0.12314118921839817,0.11146078032377955,0.0,0.7106001136982883,0.6251547386532738,0.2971860999938413,0.29994218988989485,0.36691987315653973,surprised,08,03,03,male,normal,295
90,3.003,True,1.0,0.3433612305013037,0.3714321995379995,0.3573967150196516,0.746659698632449,-0.04365740740740737,-0.04699074074074078,0.3971116143114998,0.16091047133403,0.1681445121901066,0.4786607817111927,0.028070969036695814,0.0033333333333334103,0.014627568046211868,0.40876534503486145,0.12425435676604708,0.11107939770814225,0.0,0.8712109913883669,0.6235575978203782,0.2963297429547384,0.29482073855828744,0.3605783888190227,surprised,08,03,03,male,normal,295
100,3.336666666666667,True,1.0,0.3900690270523351,0.4033281996206736,0.39669861333650436,0.731813018119972,-0.04421296296296284,-0.047592592592592575,0.3938150881634528,0.15680916489235283,0.16602783406449753,0.5420764642252789,0.013259172568338529,0.0033796296296297323,0.01364261142581394,0.42223145986780913,0.1274694911140354,0.10737460875850477,0.0,0.6779493272733665,0.6248671469759779,0.29400314843754854,0.3003856335542612,0.3654828927681706,surprised,08,03,03,male,normal,295
0,0.0,True,1.0,0.46490850198586114,0.47983148523706903,0.4723699936114651,0.7206556208765331,-0.04504629629629636,-0.04814814814814811,0.36449353860634964,0.15933847696011608,0.17361506614418631,0.6554725723736418,0.014922983251207889,0.0031018518518517446,0.010867397533515741,0.4654326846456097,0.12431956460672117,0.11100641254653028,0.0,0.8521530427045632,0.6263453187056073,0.2944094400967066,0.28696556217601793,0.35222075813973164,surprised,08,03,03,male,strong,296
10,0.33366666666666667,True,1.0,0.5108584721479539,0.4913444400919148,0.5011014561199343,0.6944444444444451,-0.04893518518518519,-0.048842592592592604,0.3642055129394319,0.16666666666666713,0.17291666666666666,0.7215860968127047,0.019514032056039077,9.259259259258856e-05,0.016934847954279582,0.49540387564087546,0.12742426488081773,0.10742827602830633,0.0,0.6485661257732541,0.6187175680897358,0.2924051634885477,0.29386536599051216,0.35457927326114047,surprised,08,03,03,male,strong,296
20,0.6673333333333333,True,1.0,0.4970087638442945,0.4637810550799367,0.4803949094621156,0.6017585692810025,-0.047824074074074074,-0.04981481481481487,0.36700493800972683,0.12307692307692257,0.17916709249283208,0.7983183522190711,0.033227708764357766,0.001990740740740793,0.012209846253263917,0.5501405692025122,0.12323584966252624,0.11220830240378966,0.0,0.6813271086804117,0.6228872722526511,0.2941427803663947,0.28484053894146694,0.35563366469002516,surprised,08,03,03,male,strong,296
30,1.0010000000000001,True,1.0,0.4894397086728042,0.45938680556156775,0.47441325711718596,0.9327488077468787,-0.04569444444444437,-0.04509259259259257,0.3576497710350246,0.21857923497267792,0.17022675682426708,0.5086184545903254,0.03005290311123643,0.0006018518518517979,0.020400393071620188,0.35150819785125953,0.12309173607909149,0.11236637521682345,0.0,0.701008306506239,0.6287327626128577,0.2948758945292669,0.27908372741054793,0.351797749265108,surprised,08,03,03,male,strong,296
40,1.3346666666666667,True,1.0,0.49818266204577094,0.4728064495198021,0.48549455578278655,0.7696424604769364,-0.04800925925925925,-0.04856481481481484,0.37148551266415447,0.15392044248934383,0.17031816306135897,0.6308053163827948,0.025376212525968833,0.0005555555555555869,0.01940683226000153,0.3992569417155779,0.1276150519820189,0.10720156845134121,0.0,0.8529842484538653,0.6151091969444028,0.30402012722787836,0.2849851165595923,0.3387951287910076,surprised,08,03,03,male,strong,296
50,1.6683333333333334,True,1.0,0.5068085309736853,0.4576346357420849,0.4822215833578851,0.653676413180648,-0.04736111111111113,-0.047407407407407454,0.3743322566130838,0.09236041416873719,0.17101187951141814,0.7377068739737743,0.04917389523160037,4.629629629632204e-05,0.0297071334934416,0.4646391755095118,0.12582085597940912,0.10930182967913699,0.0,0.7071067807446058,0.6109331817727092,0.3051470156721048,0.27980659749614023,0.3412151734509426,surprised,08,03,03,male,strong,296
60,2.0020000000000002,True,1.0,0.5104076525901179,0.45843317857827065,0.48442041558419424,0.7651448548893477,-0.043518518518518456,-0.04518518518518522,0.3635287503353961,0.1298644492579197,0.16829553989107088,0.6331094203779875,0.05197447401184724,0.0016666666666667607,0.039677206073321064,0.3929425768163782,0.12573379140161847,0.10940197196680812,0.0,0.6593155850666456,0.6117694614173794,0.30262680560002614,0.27699297727254113,0.33814260694299175,surprised,08,03,03,male,strong,296
70,2.3356666666666666,True,1.0,0.5551849454827402,0.5207262321927524,0.5379555888377463,0.9306380079407909,-0.04694444444444451,-0.048750000000000016,0.35423248400025026,0.22507100527721333,0.16710599851791194,0.5780503098385943,0.03445871328998784,0.0018055555555555047,0.03742806175830386,0.36419922129787413,0.12786512326635555,0.10690317124864678,0.0,0.6600638158613941,0.6129418283407112,0.3039502873390796,0.2779271748181869,0.34076085122111033,surprised,08,03,03,male,strong,296
80,2.6693333333333333,True,1.0,0.578331657626669,0.5064877549377295,0.5424097062821993,0.8139128235320731,-0.04736111111111102,-0.04962962962962958,0.3658182006205552,0.13806753187340076,0.16918392199878407,0.6664223619531473,0.07184390268893959,0.0022685185185185586,0.036850002387697936,0.38209463599912097,0.12585426229168342,0.10926336272334047,0.0,0.7071067807446058,0.6309245844978616,0.2964244497644268,0.2757121931528498,0.3550515915169213,surprised,08,03,03,male,strong,296
90,3.003,True,1.0,0.559225707318782,0.4903183091282871,0.5247720082235345,0.6856399537791642,-0.04560185185185173,-0.048101851851851896,0.37598415694819237,0.0714208285186627,0.16851979038999076,0.7653754792600036,0.06890739819049485,0.0025000000000001688,0.03127835082439657,0.4355911513680842,0.12641033203978586,0.10861954577442587,0.0,0.8377985573042999,0.6329022237801372,0.2952322588388327,0.27670518995174753,0.3575279786513058,surprised,08,03,03,male,strong,296
0,0.0,True,1.0,0.5632096194542632,0.5542421639221168,0.55872589168819,0.7294887647878575,-0.048055555555555574,-0.05125000000000002,0.35200435359567694,0.20735322637650574,0.17439132410786198,0.7659143206279166,0.008967455532146396,0.003194444444444444,0.03042203002866065,0.4525207020011242,0.12664194083506572,0.10834941897485505,0.0,0.6484874262879192,0.6214220109528187,0.29084301292124204,0.2948132750249068,0.3634038132302866,surprised,08,03,03,male,strong,297
10,0.33366666666666667,True,1.0,0.5629625570441942,0.5355847578272626,0.5492736574357284,0.6959472848576314,-0.047638888888888786,-0.05078703703703702,0.35232446851031335,0.19878969486955006,0.173029581607051,0.7892460670323505,0.02737779921693162,0.003148148148148233,0.029244599406482233,0.4709813944670333,0.12486062776959356,0.11039747009518104,0.0,0.7321863608629448,0.6220296959096139,0.2907972040071834,0.2932619664284113,0.3634634045557137,surprised,08,03,03,male,strong,297
20,0.6673333333333333,True,1.0,0.5628392828987798,0.5421813219239677,0.5525103024113738,0.7151920897269571,-0.04708333333333331,-0.05203703703703705,0.3499381051481865,0.2216534488852302,0.1730031237801029,0.772534135021416,0.020657960974812095,0.004953703703703738,0.03604993005062477,0.46156658146171853,0.12429938777626362,0.11068528390765493,0.0,0.7071067807446058,0.6208586301473715,0.29112831931523336,0.29423787978510024,0.36307604428469814,surprised,08,03,03,male,strong,297
30,1.0010000000000001,True,1.0,0.48319583980731673,0.4842264030937457,0.4837111214505312,0.9971947561004051,-0.04833333333333334,-0.050879629629629664,0.3576899872824848,0.24571804673358066,0.17433356625311971,0.4850718663444591,0.001030563286428976,0.0025462962962963243,0.029259916244830483,0.3259510247769707,0.12213189867552382,0.1134088933718024,0.0,0.7607330188745108,0.6213566865027261,0.2932261783924131,0.28879719316448865,0.3577720366158428,surprised,08,03,03,male,strong,297
40,1.3346666666666667,True,1.0,0.46710453011716024,0.4210052688857019,0.44405489950143107,0.8813314854330913,-0.04796296296296293,-0.05046296296296299,0.35497338796779204,0.18781675769472422,0.1722293100300018,0.5038454960941512,0.046099261231458355,0.0025000000000000577,0.035386362871863974,0.35961585833291737,0.12383779085382411,0.11154362073521383,0.0,0.6733465920668786,0.627613928938763,0.29174943190357777,0.2832641977944729,0.35591385540785897,surprised,08,03,03,male,strong,297
50,1.6683333333333334,True,1.0,0.5164145060194109,0.49031830912828667,0.5033664075738488,0.9303278727675052,-0.049351851851851924,-0.051157407407407374,0.3717404625614988,0.1527188698219437,0.17230902777777776,0.5410634490359327,0.02609619689112419,0.0018055555555554492,0.028997067959522636,0.31898488674587727,0.12438660463487901,0.11093128665021468,0.0,0.7071067807446058,0.6189427500296995,0.3025719600804251,0.2842190520816758,0.342668601187945,surprised,08,03,03,male,strong,297
60,2.0020000000000002,True,1.0,0.5631653644330115,0.4934601231876558,0.5283127438103337,1.1172645069327942,-0.04629629629629617,-0.046574074074074046,0.3585905850067123,0.22770728829311887,0.17580557530590998,0.47286272904229365,0.06970524124535565,0.0002777777777778767,0.030842560379131665,0.2958501194603276,0.1259661445175407,0.10913435850381416,0.0,0.6805746595462349,0.6105089019435899,0.30650170529867987,0.2767413003021471,0.3363531650078413,surprised,08,03,03,male,strong,297
70,2.3356666666666666,True,1.0,0.5854628232901937,0.5292465747234085,0.5573546990068011,0.6783752635694493,-0.045231481481481484,-0.04504629629629636,0.36230959536775525,0.07214691625439983,0.1752108801960155,0.8216023327179314,0.0562162485667852,0.00018518518518512161,0.048793013075056665,0.42091829952856585,0.1255312906628211,0.10963426852541878,0.0,0.7077403440084332,0.6165658106992797,0.2948086503791535,0.2831592321122661,0.3586617367885581,surprised,08,03,03,male,strong,297
80,2.6693333333333333,True,1.0,0.6121428832514964,0.5201205984090796,0.5661317408302879,0.9369343168012809,-0.047870370370370285,-0.04671296296296301,0.3412848706705906,0.17170339480365576,0.17467327532724194,0.604238451595067,0.0920222848424167,0.0011574074074072738,0.04925068768139557,0.3503215495564684,0.12581603022778895,0.10930738450930706,0.0,0.7071067807446058,0.617606497528699,0.2944789992586272,0.2786137277162224,0.3529763054846589,surprised,08,03,03,male,strong,297
90,3.003,True,1.0,0.5850099860146278,0.5292161544342937,0.5571130702244608,0.7728116231685068,-0.0475462962962962,-0.048750000000000016,0.3577239256032956,0.08172056822446214,0.17594439017383295,0.7208911635416562,0.05579383158033413,0.0012037037037038179,0.03776240958661457,0.41498942376389203,0.12632490064056742,0.108191891591654,0.0,0.765809577370559,0.627257625636192,0.2948415070274661,0.2740637136220848,0.3517172881641044,surprised,08,03,03,male,strong,297
100,3.336666666666667,True,1.0,0.5436467923064506,0.5070309203244263,0.5253388563154384,0.7056187429038553,-0.0476388888888889,-0.04759259259259252,0.36912313192847307,0.04319830126020361,0.1732873337180959,0.7445080811678764,0.03661587198202432,4.629629629637755e-05,0.040093723563087366,0.43810099857093204,0.12670661771855093,0.10827377705186655,0.0,0.6744439254723998,0.6297229510710534,0.29555173547714775,0.273587337236409,0.35327514814663885,surprised,08,03,03,male,strong,297
0,0.0,True,1.0,0.5333596156243643,0.5304382014254017,0.531898908524883,0.7130302609201485,-0.04689814814814819,-0.0498148148148147,0.35587326195829866,0.2035084961941897,0.17157225107354976,0.745969614022384,0.002921414198962635,0.002916666666666512,0.03360232945255181,0.45139534816495597,0.1281873822657808,0.10651653767713999,0.0,0.6531410582764271,0.5775700120829582,0.2699934494682616,0.29951547463394507,0.32227263616858987,surprised,08,03,03,male,strong,298
10,0.33366666666666667,True,1.0,0.5768545766124737,0.5266430757983906,0.5517488262054322,0.6839895200189261,-0.045648148148148215,-0.04953703703703699,0.35484866718667724,0.18897217503746197,0.1681445121901066,0.8066626900806393,0.0502115008140831,0.003888888888888775,0.03152119660961749,0.4705606350098676,0.1257755204814441,0.10935399498145086,0.0,0.6297713158132766,0.6245164363792393,0.2958113689983922,0.2899028235505734,0.3609298742564286,surprised,08,03,03,male,strong,298
20,0.6673333333333333,True,1.0,0.5353934015721176,0.5268969629319973,0.5311451822520574,0.6966305720403573,-0.046527777777777724,-0.05009259259259263,0.3558556727823544,0.18130220475715605,0.1702684334007226,0.7624488553472314,0.008496438640120285,0.0035648148148149095,0.04118327727627792,0.48197429169172845,0.12501060330370228,0.110227613746695,0.0,0.6823773257122535,0.6235826500600241,0.2949927286887523,0.29128455589818314,0.364824704178506,surprised,08,03,03,male,strong,298
30,1.0010000000000001,True,1.0,0.46529506066028736,0.4448197949214645,0.45505742779087593,0.9220990998585303,-0.0465740740740741,-0.04907407407407399,0.3551097890489763,0.28512764006001934,0.16552178956651328,0.49350165059340306,0.020475265738822856,0.002499999999999891,0.027891044795566516,0.3422702056307826,0.1263075203021693,0.1087390826047269,0.0,0.6423498551988839,0.5706466995157438,0.2729802154803813,0.29279332492725046,0.3117631215510449,surprised,08,03,03,male,strong,298
40,1.3346666666666667,True,1.0,0.4671390621757915,0.47360807507766706,0.4703735686267293,0.778057603902633,-0.04685185185185181,-0.04777777777777786,0.3903030321017173,0.14996901786603375,0.16947183578695307,0.6045485144896706,0.00646901290187557,0.0009259259259260522,0.006751221133954533,0.39425871709000754,0.12321675328622868,0.11205938395440876,0.0,0.9999999987499999,0.6246850634159914,0.2985955474189272,0.287656109884441,0.3634931583883671,surprised,08,03,03,male,strong,298
50,1.6683333333333334,True,1.0,0.5186563484507651,0.5139645931018981,0.5163104707763316,0.6268795577471303,-0.04726851851851843,-0.04986111111111108,0.39169082061012195,0.05995172499114346,0.17393117740503056,0.8236198874179913,0.0046917553488670105,0.0025925925925926463,0.012640408203268802,0.4705606350098676,0.12294260686862514,0.11252952139994267,0.0,0.6792952377923884,0.6236366734662615,0.29910871302522324,0.2917893144372899,0.3731715571079843,surprised,08,03,03,male,strong,298
60,2.0020000000000002,True,1.0,0.5500248155380958,0.523383154860097,0.5367039851990965,0.7486130179201533,-0.04435185185185181,-0.0468055555555556,0.3990610134090777,0.10502247921303398,0.17367438083230521,0.7169311411257625,0.02664166067799878,0.002453703703703791,0.022987184450991967,0.4078354065081772,0.12084798712297494,0.11477605054280075,0.0,0.7877682503273697,0.6285283206407564,0.29689325172721015,0.28993177164426537,0.3656294663475918,surprised,08,03,03,male,strong,298
70,2.3356666666666666,True,1.0,0.5742958850050692,0.5622053181754386,0.568250601590254,0.8745753982078294,-0.04439814814814819,-0.0474074074074074,0.3735167071547224,0.15514106515402934,0.17222399420151355,0.6497445534767009,0.012090566829630611,0.0030092592592592116,0.017766516518069864,0.35413977275453185,0.12264209207095315,0.11285696709803801,0.0,0.705606644537728,0.6251291644079507,0.29884657983212437,0.28544824301297744,0.3642356134866216,surprised,08,03,03,male,strong,298
80,2.6693333333333333,True,1.0,0.575550763663967,0.5803287294070938,0.5779397465355304,0.9694637004810236,-0.0431481481481481,-0.04527777777777786,0.39408399299355584,0.1480944329652558,0.17084941013020882,0.5961437712920774,0.004777965743126833,0.002129629629629759,0.011301853365127174,0.3292584896348494,0.1231514089968072,0.11230097164470969,0.0,0.6860566140888357,0.6201769915153562,0.3016028678252781,0.2922651237548516,0.36634076313834374,surprised,08,03,03,male,strong,298
90,3.003,True,1.0,0.5513620283774174,0.5517317440418041,0.5515468862096108,0.8230280918190004,-0.04490740740740745,-0.04791666666666672,0.4005585359937862,0.12408762786862354,0.1715282225678134,0.6701434515930308,0.000369715664386705,0.003009259259259267,0.020697027361785848,0.3841953049452575,0.1229043337885688,0.11257132186379305,0.0,0.8597525469747056,0.6243097842027437,0.29809281956538136,0.29456881142694974,0.3704704545465758,surprised,08,03,03,male,strong,298
100,3.336666666666667,True,1.0,0.5574579397800831,0.5298956373816832,0.5436767885808831,0.8428309053641806,-0.04513888888888884,-0.04717592592592584,0.39524502955294033,0.13168724279835456,0.1729171078841008,0.6450603378692724,0.02756230239839985,0.002037037037037004,0.01911057319870259,0.3779150912612651,0.12448645787995391,0.1108192202421929,0.0,0.703529805775264,0.622392139863758,0.2976252249125768,0.2956603800926765,0.3688128215489266,surprised,08,03,03,male,strong,298
0,0.0,True,1.0,0.5728714680148345,0.5402232543758524,0.5565473611953434,0.8206034169865696,-0.048842592592592604,-0.05222222222222228,0.34974964446358403,0.28573141864991686,0.16875406896136058,0.6782172114748239,0.03264821363898207,0.003379629629629677,0.023379596040834505,0.4021620563841965,0.12668114333618954,0.1083035811679305,0.0,0.6551801100082355,0.6196197165506829,0.29166082392592896,0.2972253614738224,0.36539802555582257,surprised,08,03,03,male,strong,299
10,0.33366666666666667,True,1.0,0.5427880590175675,0.5286077673544274,0.5356979131859975,0.815415005737086,-0.04930555555555549,-0.05162037037037037,0.35001550303841694,0.2693238302453716,0.16944624547227047,0.6569635209273085,0.014180291663140165,0.0023148148148148806,0.02380020864885797,0.40210121221454675,0.12797373173789953,0.10677313218199815,0.0,0.6781348706254832,0.6204168562268657,0.2904063525109738,0.30014785297333213,0.36770236879642965,surprised,08,03,03,male,strong,299
20,0.6673333333333333,True,1.0,0.5635792805481393,0.5459891646654692,0.5547842226068043,0.8430066827139877,-0.050277777777777755,-0.05282407407407402,0.34162233484801163,0.29577741659634416,0.17084047876316608,0.658101808660311,0.01759011588267012,0.0025462962962962687,0.023417725963285653,0.3947176226404621,0.12763762463418,0.10717469173528853,0.0,0.6377549645758085,0.6201787046928146,0.2906990698132096,0.3001849206954186,0.36553229144592064,surprised,08,03,03,male,strong,299
30,1.0010000000000001,True,1.0,0.47509578544061404,0.45799268425702816,0.4665442348488211,1.0905773649758277,-0.04976851851851849,-0.05226851851851849,0.3416312859103342,0.33609695031864334,0.1715348942799473,0.427795633608407,0.017103101183585878,0.0025000000000000022,0.018909677744404798,0.30818258393442155,0.12550538463092492,0.10966392387352146,0.0,0.6771897238054392,0.6210796313681722,0.2953517145987436,0.29045558108296077,0.3551973166686633,surprised,08,03,03,male,strong,299
40,1.3346666666666667,True,1.0,0.4521959371465361,0.4736049923559885,0.46290046475126234,0.8006412066922215,-0.051064814814814785,-0.05217592592592585,0.3784029079494331,0.18318923891951255,0.17086191325973663,0.5781621791160297,0.02140905520945241,0.0011111111111110628,0.020064752487416872,0.3813386016697423,0.12661673252103856,0.10837887624653873,0.0,0.6479095536480491,0.62770108563738,0.29164321645807295,0.2931751589678074,0.367243316969917,surprised,08,03,03,male,strong,299
50,1.6683333333333334,True,1.0,0.5388927783889378,0.4887273078561931,0.5138100431225654,1.1595507173015502,-0.051296296296296284,-0.052222222222222114,0.33687278222997474,0.309178743961353,0.17577953531399634,0.44311131497402634,0.05016547053274467,0.0009259259259258301,0.0221661185016914,0.2927708010728476,0.12537523546247242,0.1098126955468879,0.0,0.7027000485528676,0.6174628366659163,0.29406229704372,0.2938374764607878,0.3608385159620971,surprised,08,03,03,male,strong,299
60,2.0020000000000002,True,1.0,0.563306712225059,0.5412244047166412,0.5522655584708501,0.7161961778739959,-0.048888888888888926,-0.05171296296296285,0.35415509275781676,0.1973063549396156,0.17304413168756044,0.77110933502917,0.022082307508417776,0.0028240740740739234,0.028885509757256587,0.4291065151403044,0.124493421245821,0.11081139759449286,0.0,0.7997544965228203,0.6206705410054647,0.29194703594394616,0.2889767860853163,0.3631272216811903,surprised,08,03,03,male,strong,299
70,2.3356666666666666,True,1.0,0.5691322490018763,0.5242521461551769,0.5466921975785266,1.130817513342457,-0.05199074074074067,-0.05171296296296285,0.3286076275525762,0.3611341974656899,0.17663785196966364,0.4834486476625396,0.04488010284669941,0.0002777777777778212,0.030880947378787663,0.31364600521427877,0.12773784385928383,0.10705522414654636,0.0,0.6641787638603411,0.6145204580347764,0.2921065542782631,0.2958933598150391,0.3604031552131026,surprised,08,03,03,male,strong,299
80,2.6693333333333333,True,1.0,0.5793854392585248,0.517549096863141,0.5484672680608329,0.8050012190048336,-0.050694444444444486,-0.05249999999999999,0.35306584320283296,0.20489868557651456,0.17388555239833817,0.6813247671088802,0.061836342395383825,0.0018055555555555047,0.021430837671949653,0.4126896706847554,0.1258196831620952,0.10930317973265923,0.0,0.9068433742211609,0.6255676664884704,0.29437055344428015,0.287744137265605,0.36227988563867947,surprised,08,03,03,male,strong,299
90,3.003,True,1.0,0.5958869223254625,0.532921742922205,0.5644043326238337,0.8082085008527432,-0.05148148148148152,-0.0525462962962962,0.35585484766768205,0.21644074876320055,0.17517429935995182,0.698340010069591,0.06296517940325752,0.0010648148148146852,0.024670794150863807,0.4132926536259152,0.12512959310104074,0.1100925188228496,0.0,0.9999999987499999,0.6229003515234219,0.290858266681243,0.29304057794325583,0.3617897821068375,surprised,08,03,03,male,strong,299
0,0.0,True,1.0,0.6591192663809505,0.6351020647013046,0.6471106655411276,0.5861543031135975,-0.05587962962962956,-0.05638888888888882,0.3473590353224078,0.18779185433653423,0.1750435911110786,1.1039937130952302,0.02401720167964594,0.0005092592592592649,0.014670855885109826,0.5358892757688033,0.12611118873656424,0.1089667189839176,0.0,0.7734071364988945,0.6212185465279862,0.29369603907305186,0.29584450637278076,0.38005060803414636,neutral,01,03,03,male,normal,300
10,0.33366666666666667,True,1.0,0.6330656785690397,0.6200800130575498,0.6265728458132948,0.5763061476869256,-0.05569444444444438,-0.055787037037037024,0.3444319952800941,0.18938774056312124,0.1764239205510335,1.0872222139710304,0.012985665511489941,9.259259259264407e-05,0.015225479866029817,0.5496786687150659,0.12428268418019427,0.11104770228782693,0.0,0.6614350357249248,0.6234234230801696,0.29408873155160037,0.29247684733267054,0.3790064697660692,neutral,01,03,03,male,normal,300
20,0.6673333333333333,True,1.0,0.6281786757718174,0.6383004471875231,0.6332395614796702,0.7783022593052398,-0.05703703703703694,-0.05837962962962967,0.3220375423147388,0.26737621924834204,0.1743685732974289,0.8136165016981174,0.010121771415705694,0.0013425925925927285,0.013325791564204744,0.4120126824378411,0.12223364213883917,0.11329922550276184,0.0,0.9326671519359988,0.6252196089842187,0.2940941105195237,0.2918210336092001,0.3757772519280607,neutral,01,03,03,male,normal,300
30,1.0010000000000001,True,1.0,0.5974205755891525,0.5749383020717778,0.5861794388304651,0.9274374070154848,-0.05601851851851852,-0.057638888888888906,0.3504885657246358,0.2942369823186302,0.17159181567205564,0.6320420487640284,0.02248227351737475,0.0016203703703703831,0.013698568448355394,0.34055055360810926,0.12332689422649294,0.11193815695831948,0.0,0.9999999987499999,0.6286108331848365,0.2948497534819569,0.29347945252358654,0.3736950838990078,neutral,01,03,03,male,normal,300
40,1.3346666666666667,True,1.0,0.5924343339389039,0.5645421368555001,0.5784882353972021,0.9225174074412307,-0.05689814814814825,-0.058657407407407436,0.3383122695818354,0.3611764980254305,0.1736743808323051,0.627075685218498,0.027892197083403736,0.0017592592592591827,0.017920102849111365,0.34833517904343164,0.12229616124405661,0.11323173899235452,0.0,0.8301914595358745,0.6264748595297494,0.2949294064968927,0.29238509598369045,0.3736327001139534,neutral,01,03,03,male,normal,300
50,1.6683333333333334,True,1.0,0.5669182251865714,0.5638757622203505,0.565396993703461,0.8904480943841027,-0.05574074074074076,-0.058379629629629615,0.3533690104070186,0.30643047246015964,0.1708976314465118,0.6349578344535959,0.0030424629662209046,0.0026388888888888573,0.014978195257149829,0.3426291694324923,0.1276914264949216,0.10711058477337894,0.0,0.6662981374494287,0.5665210817999075,0.26922029320077445,0.3167177350515246,0.33460398511764944,neutral,01,03,03,male,normal,300
60,2.0020000000000002,True,1.0,0.5209707098604992,0.5208075585905879,0.5208891342255435,0.8282185448013518,-0.06050925925925932,-0.061574074074074114,0.3486631910668881,0.280988545766527,0.17435850949207063,0.6289271563588071,0.00016315126991128803,0.0010648148148147962,0.016102210526856585,0.37206176974464794,0.12281537370541737,0.11266837068047754,0.0,0.8425969974299435,0.6283226571331658,0.2952273088423077,0.2927151261564508,0.3761377260895152,neutral,01,03,03,male,normal,300
70,2.3356666666666666,True,1.0,0.611999150605161,0.6094324498349684,0.6107158002200647,0.9355970839212758,-0.059444444444444466,-0.06138888888888888,0.3235684380908129,0.4031987652976007,0.17780524147674873,0.6527551343580847,0.0025667007701926092,0.0019444444444444153,0.016238896627439388,0.3494976459719665,0.1222468688519555,0.11328495410237474,0.0,0.8849136233047289,0.6256050017194378,0.2949461728844396,0.29722415112484346,0.3791384991828619,neutral,01,03,03,male,normal,300
80,2.6693333333333333,True,1.0,0.613148024407726,0.5890640260340467,0.6011060252208864,0.49232119864451207,-0.05962962962962959,-0.05944444444444441,0.3703202269251323,0.12653153265989261,0.17504359111107867,1.2209631169161255,0.02408399837367925,0.00018518518518517713,0.011975543718258815,0.5810863488192527,0.12402825415671781,0.11133180112215238,0.0,0.7249386640052312,0.6266951967114971,0.29299808433099445,0.2919931370391516,0.3779317043587471,neutral,01,03,03,male,normal,300
90,3.003,True,1.0,0.5927296205501738,0.5890640260340473,0.5908968232921106,0.5231703507308438,-0.058518518518518525,-0.060555555555555585,0.35760319233439675,0.14516570113367228,0.1757222337487262,1.1294539579061698,0.003665594516126469,0.0020370370370370594,0.011612710881235656,0.562567737175172,0.12403872521905948,0.11132013482030761,0.0,0.8352701985861408,0.6279737728216287,0.29296846264913423,0.294176426473495,0.37974196979217706,neutral,01,03,03,male,normal,300
100,3.336666666666667,True,1.0,0.6081445674502695,0.5865412656787375,0.5973429165645034,0.5045656218713156,-0.059814814814814765,-0.06060185185185191,0.3595555094151278,0.12959490378061078,0.1757222337487262,1.1838755766774174,0.021603301771531913,0.0007870370370371416,0.011523557587742508,0.5946381102944001,0.12419287905194114,0.11114812892313963,0.0,0.7071067807446058,0.6276210109903336,0.2935604737566186,0.29357396625920984,0.38094031872861744,neutral,01,03,03,male,normal,300
0,0.0,True,1.0,0.6136325552320708,0.5988044591450861,0.6062185071885784,0.5525120990278971,-0.05435185185185187,-0.0559722222222222,0.35658839782986546,0.1671343806888547,0.1743795115575407,1.0972040399751855,0.014828096086984766,0.0016203703703703276,0.020138301825715018,0.5794429502258697,0.1271497377508729,0.10775306009880754,0.0,0.8524339185569416,0.6224075630486569,0.2924420210351566,0.29393261766049517,0.375237582416774,neutral,01,03,03,male,normal,301
10,0.33366666666666667,True,1.0,0.617512140897383,0.6246213467982819,0.6210667438478324,0.5622233160748236,-0.054675925925925906,-0.05560185185185179,0.3511087065939194,0.17746644995780578,0.17503530963534358,1.104662019682545,0.007109205900898807,0.0009259259259258856,0.011817967989715628,0.5480890754682218,0.12531902827476205,0.10987683524157354,0.0,0.7067546806880572,0.624263891173657,0.29184180364195317,0.29306954131060503,0.37683838423234933,neutral,01,03,03,male,normal,301
20,0.6673333333333333,True,1.0,0.6290031067130896,0.6038711041755424,0.616437105444316,0.712148901384701,-0.056574074074074054,-0.056944444444444464,0.3424256029910338,0.2196897790532194,0.1729801903900013,0.865601427237642,0.025132002537547216,0.00037037037037040976,0.015637576843609335,0.43291635298925873,0.12405715579894383,0.11129959508188915,0.0,0.9999999987499999,0.6218666736460209,0.2932467909057316,0.2898619895766137,0.36994123590438033,neutral,01,03,03,male,normal,301
30,1.0010000000000001,True,1.0,0.6121201279850451,0.593505762193958,0.6028129450895016,0.983319381011075,-0.059444444444444466,-0.06217592592592597,0.36012340503598084,0.31063686568933385,0.17436857329742902,0.6130388119368433,0.018614365791087106,0.0027314814814815014,0.02073986757173477,0.31544153224746563,0.1247716152241656,0.11049806244876953,0.0,0.6764377934117988,0.6295559636041916,0.2944335995224931,0.2953509015937134,0.3722866304853141,neutral,01,03,03,male,normal,301
40,1.3346666666666667,True,1.0,0.6257126888457935,0.59241507417294,0.6090638815093667,0.8299911887740751,-0.06398148148148142,-0.06712962962962954,0.344952591234173,0.33184031933242425,0.1785957222481236,0.7338196956150518,0.033297614672853415,0.003148148148148122,0.02046515922980475,0.36979917665149215,0.12708790237191225,0.10782598407342026,0.0,0.6804476036263504,0.5631747485322254,0.2725915895793889,0.3283753557127902,0.34820778059248525,neutral,01,03,03,male,normal,301
50,1.6683333333333334,True,1.0,0.6121201279850466,0.5906614120790669,0.6013907700320567,0.8916840243386227,-0.059444444444444466,-0.06291666666666662,0.3540555060969492,0.31422863934827583,0.1771453629105048,0.6744438092609302,0.021458715905979697,0.0034722222222221544,0.012190016841651684,0.34270197354223775,0.1262604718391339,0.10861844720822823,0.0,0.7071067807446058,0.5634913634203681,0.269470705607968,0.3207962240786378,0.3397359561922277,neutral,01,03,03,male,normal,301
60,2.0020000000000002,True,1.0,0.5547257131209946,0.5518293987643033,0.5532775559426489,0.8324416610160488,-0.05967592592592602,-0.0638425925925925,0.348156699398441,0.27487827493682426,0.1758350826348499,0.6646442409758035,0.002896314356691354,0.004166666666666485,0.020268661268355928,0.3719117192478108,0.12480586681796059,0.1104593743345886,0.0,0.6428313601484016,0.6280633710984393,0.29392103671884456,0.2943333617554955,0.37393286667236597,neutral,01,03,03,male,normal,301
70,2.3356666666666666,True,1.0,0.6271751275559101,0.6069098159339057,0.6170424717449079,0.965339426390433,-0.061435185185185204,-0.06384259259259256,0.3271720841368999,0.41824023910430086,0.17852394024248935,0.639197421006758,0.0202653116220044,0.002407407407407358,0.01546583022916183,0.32043185917949657,0.12932865052918968,0.10512791219892081,0.0,0.6620216841261577,0.564168593437375,0.26914261212933477,0.3279558705238183,0.34595333789495686,neutral,01,03,03,male,normal,301
80,2.6693333333333333,True,1.0,0.6329953184589714,0.6069098159339048,0.6199525671964381,0.5383159465310612,-0.059444444444444355,-0.062083333333333324,0.36766223251591484,0.16275100644555265,0.17645116259097532,1.151651871343303,0.026085502525066584,0.0026388888888889683,0.014749211475752408,0.534960292216514,0.12829742695210686,0.10620472711117698,0.0,0.6883294807180406,0.5668358892775861,0.26913065832331456,0.3199345200635799,0.34415236590380777,neutral,01,03,03,male,normal,301
90,3.003,True,1.0,0.6038349434444362,0.6151379508846869,0.6094864471645616,0.5997340453763339,-0.05944444444444441,-0.061620370370370325,0.3570573952086082,0.18269106938853177,0.17434100583818915,1.016261210887416,0.0113030074402507,0.0021759259259259145,0.01546854982444529,0.5231756694792832,0.12543596320304154,0.10974332283034072,0.0,0.7071067807446058,0.6258535111466462,0.292308971240221,0.29463184882051285,0.37754595685975917,neutral,01,03,03,male,normal,301
100,3.336666666666667,True,1.0,0.5676944628076301,0.573617997233979,0.5706562300208046,0.5851314321351646,-0.05837962962962967,-0.060694444444444495,0.35459112354795924,0.18269106938853188,0.17572961454399938,0.9752616227408267,0.005923534426348853,0.002314814814814825,0.018992524094084674,0.5344840537354891,0.1244825597607685,0.11082359895719046,0.0,0.6920398958667972,0.6276923403892807,0.29312554271818614,0.29603836700981523,0.38065630778444753,neutral,01,03,03,male,normal,301
0,0.0,True,1.0,0.5776251518376199,0.5600560506784936,0.5688406012580567,0.6071409568128424,-0.0505092592592592,-0.050416666666666665,0.3519840697864842,0.20731642427755514,0.1659722222222222,0.9369168639917794,0.017569101159126244,9.259259259253305e-05,0.008988141679627281,0.5076219512195124,0.1257316088854813,0.10940448024547185,0.0,0.6886725180750994,0.6204495548531912,0.2933611649299384,0.29313845856352067,0.37144449758343795,neutral,01,03,03,male,normal,302
10,0.33366666666666667,True,1.0,0.5663449636870407,0.5732318735335035,0.5697884186102721,0.5975056894553659,-0.05064814814814822,-0.05087962962962955,0.34690294384669623,0.21659581242757042,0.1673615669747278,0.9536117038979856,0.006886909846462785,0.00023148148148133263,0.009669418516430476,0.506249999999999,0.1254393496884831,0.10973945197726075,0.0,0.67501223228813,0.6237543705998024,0.29225551704205727,0.29365411472880426,0.3739245078049962,neutral,01,03,03,male,normal,302
20,0.6673333333333333,True,1.0,0.5657114015238526,0.5751633389462109,0.5704373702350317,0.7883595546484289,-0.04898148148148146,-0.050648148148148164,0.3353170275703767,0.27049908113231097,0.1659740609280414,0.7235751337971921,0.00945193742235828,0.0016666666666667052,0.004329398342860827,0.4085341751169843,0.12422256937637906,0.11111494511471753,0.0,0.9455017871226612,0.6238435335540466,0.29281929152374453,0.29239459997196626,0.37190665941818,neutral,01,03,03,male,normal,302
30,1.0010000000000001,True,1.0,0.5517648746921118,0.5815396550238838,0.5666522648579978,1.1063151246959002,-0.05157407407407405,-0.05212962962962964,0.32968351117688705,0.41280385406881315,0.16527823938755853,0.5121978830523148,0.029774780331772055,0.0005555555555555869,0.009598265595827209,0.28547819964822946,0.1241689106307549,0.11117490455637533,0.0,0.7683273760604941,0.6217204210434174,0.2932499466985539,0.29143191044590805,0.3642350455837334,neutral,01,03,03,male,normal,302
40,1.3346666666666667,True,1.0,0.5422591542888803,0.5504782766173819,0.5463687154531311,0.96016175801417,-0.049861111111111134,-0.051157407407407374,0.3370726241653056,0.3733367196227924,0.16528193221939325,0.5690381968379414,0.008219122328501638,0.0012962962962962399,0.008903964883893051,0.34852031289085816,0.12280399328481956,0.11268077477356402,0.0,0.803537273780927,0.6284683419696003,0.2948021092650067,0.2938995217011832,0.3709873356491314,neutral,01,03,03,male,normal,302
50,1.6683333333333334,True,1.0,0.5362891861576571,0.5286303782935761,0.5324597822256165,0.922254013575917,-0.051574074074074105,-0.05319444444444443,0.3617068249560802,0.31919396924158283,0.1646000205807205,0.5773461263248665,0.007658807864081019,0.0016203703703703276,0.015538759022199025,0.3550878970660682,0.12276994380303011,0.11271787200183019,0.0,0.7071067807446058,0.6291349205307123,0.2942833496471856,0.2892657607337617,0.36799577784771514,neutral,01,03,03,male,normal,302
60,2.0020000000000002,True,1.0,0.5125213866795233,0.5203810782956482,0.5164512324875857,0.7452979810482204,-0.051944444444444404,-0.05296296296296299,0.36841851342387866,0.22494494695092143,0.16597957692328508,0.692945970095378,0.007859691616124875,0.0010185185185185852,0.010589943890387915,0.41767342709421645,0.12236350237453399,0.11315896366093509,0.0,0.7910283798755612,0.6288415065948254,0.29430352582502683,0.28867993618944543,0.3691369481428622,neutral,01,03,03,male,normal,302
70,2.3356666666666666,True,1.0,0.5771278698882092,0.562089580429426,0.5696087251588176,0.9605105496573696,-0.0526388888888889,-0.05324074074074081,0.32282267307635254,0.4001951427097059,0.16736111111111113,0.5930270368836726,0.01503828945878316,0.0006018518518519089,0.004251751402547476,0.31873599335492253,0.12569080259688634,0.10945135866237592,0.0,0.9449085154690862,0.624049440518395,0.29369428466843583,0.2952695716271217,0.3707515091266106,neutral,01,03,03,male,normal,302
80,2.6693333333333333,True,1.0,0.5519934687442112,0.5352484544146958,0.5436209615794535,0.5114230366223146,-0.05212962962962964,-0.0537037037037037,0.3648982125230314,0.1561919031117895,0.16458379689082928,1.0629575178501727,0.016745014329515362,0.001574074074074061,0.008376772928295922,0.5934602951767022,0.12375095793779359,0.11163994885228858,0.0,0.7541179787500282,0.6279104024969363,0.29202830448734296,0.28765066988281934,0.3720210180970142,neutral,01,03,03,male,normal,302
90,3.003,True,1.0,0.5662490652049103,0.5335116623022943,0.5498803637536023,0.5720654560503179,-0.050787037037037075,-0.05097222222222225,0.3603234445183174,0.1930530038677813,0.16458379689082922,0.9612193114230546,0.03273740290261595,0.00018518518518517713,0.004165919265445178,0.536656023502752,0.12458350930906824,0.11071010332681384,0.0,0.8674016522767526,0.6259945180806697,0.2925609200188178,0.28825834177860815,0.3701406683104958,neutral,01,03,03,male,normal,302
100,3.336666666666667,True,1.0,0.55176487469211,0.5533388966685747,0.5525518856803424,0.5528563657922282,-0.050277777777777866,-0.05185185185185193,0.3561692526752428,0.17456709643612153,0.16736521383896144,0.9994492600054456,0.0015740219764647234,0.001574074074074061,0.008376772928295922,0.5630535533852621,0.12513475327316534,0.11008665356742288,0.0,0.7651853866543767,0.6247108925210709,0.29183016743381135,0.28990816454530416,0.37252032049411965,neutral,01,03,03,male,normal,302
0,0.0,True,1.0,0.5574435945971548,0.5557815082272514,0.5566125514122031,0.6161891157323902,-0.04898148148148146,-0.05097222222222225,0.34333554183888404,0.18779185433653434,0.16739803204185613,0.9033144812216042,0.0016620863699033928,0.001990740740740793,0.01632235932947245,0.5217153208003688,0.12687420795644164,0.10807734788621766,0.0,0.7004914564911032,0.6274549458220788,0.29075326400080914,0.29290238997059526,0.37117660573240796,neutral,01,03,03,male,normal,303
10,0.33366666666666667,True,1.0,0.5517648746921112,0.5376042701510826,0.544684572421597,0.6114785139022642,-0.0499074074074074,-0.05189814814814808,0.34810393059748757,0.16403977357893396,0.1694809115276026,0.8907664947139202,0.014160604541028632,0.001990740740740682,0.013240867503921937,0.5355661890205166,0.1250594329040293,0.11017221070741391,0.0,0.9188236287465205,0.6254298252660438,0.29206989811972944,0.2909084124934172,0.3706108443436412,neutral,01,03,03,male,normal,303
20,0.6673333333333333,True,1.0,0.5815389483471007,0.5399991851440089,0.5607690667455548,0.742595585685286,-0.04999999999999993,-0.0508333333333334,0.341632317028231,0.24999181754331984,0.16739028387975718,0.7551473205002464,0.04153976320309183,0.0008333333333334636,0.013398310233767731,0.42512287002278526,0.12353948188293548,0.1115328036549804,0.0,0.7071067807446058,0.6239776577584158,0.29275586470464016,0.291790122642699,0.36919518366810655,neutral,01,03,03,male,normal,303
30,1.0010000000000001,True,1.0,0.5426384659436259,0.5245996706788951,0.5336190683112605,1.1800572335138189,-0.049444444444444346,-0.05069444444444443,0.32388416757795563,0.46233466464223716,0.16459492187906868,0.45219761648536316,0.018038795264730734,0.0012500000000000844,0.009337188159912966,0.2739109014868184,0.1264548105340559,0.10856776069981358,0.0,0.7071067807446058,0.5721232511598389,0.2707055640124354,0.2961907329907897,0.3235245645112382,neutral,01,03,03,male,normal,303
40,1.3346666666666667,True,1.0,0.5484016529535009,0.5408369816159946,0.5446193172847478,0.8357953450091784,-0.05060185185185179,-0.05250000000000005,0.36051221896555763,0.33118697632822885,0.16670374140048083,0.6516180313001946,0.007564671337506268,0.0018981481481482598,0.01152503033350961,0.3686602744021523,0.12229217805213169,0.11323604089448706,0.0,0.7071067807446058,0.6288374053449506,0.29468380577902753,0.2885194805571554,0.3696007510533634,neutral,01,03,03,male,normal,303
50,1.6683333333333334,True,1.0,0.5270677527528608,0.550024815538094,0.5385462841454773,0.8209275705132101,-0.051574074074074105,-0.05388888888888893,0.3592522951759805,0.2879886750680253,0.16673257160503394,0.6560216802181469,0.02295706278523324,0.002314814814814825,0.013725599207631788,0.3851930562871366,0.12418131820400959,0.11116104524273934,0.0,0.877338006147567,0.6262002772202632,0.2940121967397515,0.28911591394528857,0.3657171495577495,neutral,01,03,03,male,normal,303
60,2.0020000000000002,True,1.0,0.5571859100530228,0.5464208560491916,0.5518033830511071,0.7840497683061198,-0.05009259259259252,-0.052453703703703725,0.3621326339397888,0.2563836597617641,0.16670374140048083,0.7037861693948798,0.01076505400383121,0.0023611111111112026,0.013975782469335457,0.39000766615816046,0.12442328631276142,0.11089014200398485,0.0,0.6653367076109302,0.6280855225293243,0.29455422000840675,0.28925798038527906,0.3680606482104869,neutral,01,03,03,male,normal,303
70,2.3356666666666666,True,1.0,0.5830130488429036,0.5615417018759243,0.5722773753594139,1.0130406166580863,-0.05111111111111111,-0.054259259259259285,0.32575367128900623,0.43513965548967054,0.16810094747546458,0.564910592871682,0.021471346966979277,0.0031481481481481777,0.019117574654516654,0.2991323782842927,0.1256319309890231,0.10951892843990374,0.0,0.6727880284605778,0.6234385126316151,0.29131180197220635,0.29547690058174025,0.36914524279585026,neutral,01,03,03,male,normal,303
80,2.6693333333333333,True,1.0,0.5426376472400718,0.5293399101807199,0.5359887787103959,0.48528424136021436,-0.05046296296296293,-0.05273148148148149,0.3620891027825746,0.10698944274322338,0.16532393237587528,1.1044842033362974,0.013297737059351888,0.0022685185185185586,0.022803270249944052,0.5794734758510358,0.12523948845884822,0.10996748747277929,0.0,0.6613802198513252,0.6237295700780312,0.29166487049472495,0.28770820418810095,0.36669412243491095,neutral,01,03,03,male,normal,303
90,3.003,True,1.0,0.5519934687442118,0.5464208560491909,0.5492071623967014,0.5336341647008204,-0.051018518518518574,-0.053750000000000075,0.3601008596360338,0.16578265301735404,0.1660181837584221,1.0291829098022838,0.005572612695020962,0.0027314814814815014,0.013559510376829509,0.5780674216440126,0.12465747554044694,0.11062681213158204,0.0,0.7149983519130156,0.6222843902092087,0.2926909429496287,0.28902781301035274,0.3711489115506923,neutral,01,03,03,male,normal,303
100,3.336666666666667,True,1.0,0.5279995558145354,0.5199669857737602,0.5239832707941479,0.5715925634437837,-0.049398148148148135,-0.052361111111111136,0.36189962127066466,0.1714099884447905,0.16602783406449753,0.9167076416061206,0.008032570040775178,0.0029629629629630005,0.019603425074762048,0.5487899970534413,0.12574920148542337,0.10938425890562224,0.0,0.7282086402977702,0.6237996172062574,0.29152114125438366,0.2899414927139673,0.371581764477994,neutral,01,03,03,male,normal,303
0,0.0,True,1.0,0.4684298660851554,0.49066886251751185,0.47954936430133366,0.6100673327658581,-0.05347222222222231,-0.052407407407407514,0.36405154670278017,0.17732998291199095,0.17223329679369817,0.7860597323367635,0.02223899643235644,0.0010648148148147962,0.009752128621298966,0.5106604996003081,0.12683165127142376,0.10812728613280971,0.0,0.7650824368578879,0.6278891786558374,0.2908035173399642,0.2873057458888289,0.362876284353776,calm,02,03,03,male,normal,304
10,0.33366666666666667,True,1.0,0.47612321792451123,0.47326327667680507,0.47469324730065815,0.6441533297055622,-0.05537037037037029,-0.05305555555555552,0.3618719238907442,0.20038760346058604,0.17153178084657764,0.7369258612970875,0.002859941247706166,0.0023148148148147696,0.011301623995379149,0.4879681055399427,0.12553828374531867,0.10962626092715448,0.0,0.7718510240423674,0.6292660767900911,0.2914577014673367,0.2883031247720359,0.3662498391661422,calm,02,03,03,male,normal,304
20,0.6673333333333333,True,1.0,0.49982739743509297,0.4919829935734763,0.49590519550428463,0.9021594746491134,-0.05527777777777776,-0.0528703703703704,0.3472642535839764,0.280988545766527,0.17152955693100014,0.5496868452189813,0.007844403861616667,0.002407407407407358,0.010242521079788118,0.36920088129915857,0.1267038384701374,0.10827702936233698,0.0,0.9215436904186283,0.6296697482196003,0.29252928967498365,0.2908139259993524,0.3615104344744664,calm,02,03,03,male,normal,304
30,1.0010000000000001,True,1.0,0.45971434359916474,0.48281095618502895,0.4712626498920969,0.9078016933581299,-0.05601851851851852,-0.053287037037036966,0.3730967740450102,0.23040746090480096,0.17291710788410072,0.519125105560012,0.023096612585864207,0.002731481481481557,0.009255602261862794,0.35608603058174176,0.12695736649122444,0.10797965023299026,0.0,0.8129269866368737,0.6256131089935975,0.29272774275952296,0.2912986978935603,0.3611343824359398,calm,02,03,03,male,normal,304
40,1.3346666666666667,True,1.0,0.44508861254549753,0.4523623157790031,0.44872546416225034,0.9982492195562773,-0.055833333333333346,-0.05500000000000005,0.34902341300868206,0.3742922374803691,0.17361814221873406,0.44951246178956117,0.0072737032335055685,0.0008333333333332971,0.003319722536814176,0.33116367116062967,0.1233550987253236,0.1120771938835983,0.0,0.9326367472096498,0.6268293209549446,0.2935460686725331,0.28958178005656665,0.3634850693357902,calm,02,03,03,male,normal,304
50,1.6683333333333334,True,1.0,0.46842986608515663,0.4522950860932305,0.46036247608919356,1.1014839227502633,-0.05828703703703697,-0.0553703703703704,0.34784669182490346,0.4112090994001427,0.1694444444444445,0.4179475220480094,0.01613477999192614,0.0029166666666665675,0.0020853493538574523,0.30749135192733906,0.1267351808849278,0.10824034227941859,0.0,0.7001707339462552,0.6257920829191052,0.29274788799856394,0.2952559566643244,0.3646070802000772,calm,02,03,03,male,normal,304
60,2.0020000000000002,True,1.0,0.4291778339358112,0.43704215360242493,0.4331099937691181,0.6612929873322102,-0.05722222222222223,-0.05500000000000005,0.37289521433562134,0.1790878875019497,0.17708376416920632,0.6549441806669861,0.007864319666613717,0.002222222222222181,0.0020947469258678774,0.4687178168065502,0.12541473908009068,0.10976757714378292,0.0,0.6562655212615877,0.6254891226803221,0.2915385160368045,0.28799091333980503,0.36497864642169126,calm,02,03,03,male,normal,304
70,2.3356666666666666,True,1.0,0.4216944603242832,0.4126835875141936,0.4171890239192384,0.8253194601506935,-0.05874999999999997,-0.05513888888888896,0.3651879502851877,0.27272550143097307,0.17430599325732177,0.5054879280843138,0.00901087281008961,0.0036111111111110095,0.0038377871815166035,0.38278997802470505,0.1256778145514807,0.10946627197484506,0.0,0.720693889176763,0.627921413463823,0.2916290698074681,0.29149495226517463,0.365478850319688,calm,02,03,03,male,normal,304
80,2.6693333333333333,True,1.0,0.42169446032428215,0.39006904017781807,0.4058817502510501,0.7794522541803548,-0.05949074074074068,-0.05462962962962964,0.37676680020631553,0.21194599472636377,0.17847264970529494,0.520726892602115,0.03162542014646408,0.004861111111111038,0.0024080502802764393,0.4144535037724842,0.12540932929003265,0.10977375778230725,0.0,0.6413756901577659,0.6242757270798944,0.29260754658519833,0.29445850045835675,0.36770557243807794,calm,02,03,03,male,normal,304
90,3.003,True,1.0,0.42250389302457125,0.4212136510294022,0.42185877202698674,0.6734006734006733,-0.05912037037037032,-0.0553703703703704,0.3826086956521737,0.18855218855218903,0.17430599325732177,0.6264602764600754,0.001290241995169028,0.00374999999999992,0.002147794483055823,0.4729230909989485,0.1304986020334141,0.10367204366874475,0.0,0.6552642177460624,0.5692196831779587,0.2666301419520575,0.3179432148576438,0.3325353755036317,calm,02,03,03,male,normal,304
100,3.336666666666667,True,1.0,0.4287278169428077,0.42103758590068263,0.42488270142174517,0.6974783169603543,-0.059814814814814765,-0.0553703703703704,0.3733878597432199,0.19145299145299186,0.1736128689147123,0.6091697635467801,0.007690231042125073,0.004444444444444362,0.006404255428025475,0.46320712088213556,0.125060535234282,0.11017095941055259,0.0,0.6759843463745024,0.6305010890762555,0.2906533753817797,0.29118995438399536,0.3677200456621528,calm,02,03,03,male,normal,304
110,3.6703333333333332,True,1.0,0.45272251589575635,0.4367888844669398,0.4447557001813481,0.6598728163433746,-0.06023148148148144,-0.055046296296296315,0.38121557438579323,0.1818016942986853,0.17708505667053603,0.6740021549090649,0.01593363142881654,0.005185185185185126,0.008350795152918282,0.45963696447164043,0.12628620874833477,0.10876383245629682,0.0,0.6703820409861017,0.6291727438553547,0.2903652275689489,0.2930294512056181,0.3693013559987395,calm,02,03,03,male,normal,304
0,0.0,True,1.0,0.5067257886947031,0.5050930133551144,0.5059094010249088,0.6249397270840971,-0.05523148148148144,-0.053842592592592664,0.36886809067324694,0.18748191812522846,0.17430599325732166,0.8095331103135798,0.0016327753395887212,0.001388888888888773,0.00047976828466645067,0.5125000000000002,0.12577092619385552,0.10935927896145767,0.0,0.7005562417007508,0.6239974684561326,0.29184514935656125,0.2901846320242991,0.3690528574011484,calm,02,03,03,male,normal,305
10,0.33366666666666667,True,1.0,0.5360966104741257,0.5054037534831184,0.520750181978622,0.639985275895279,-0.05569444444444438,-0.05291666666666661,0.3602622498654779,0.2062013689357574,0.17500043596485867,0.8136908794505336,0.030692856991007322,0.002777777777777768,0.003612930579245568,0.49996094207703984,0.12515825691274093,0.11005993138723827,0.0,0.6926034645563015,0.6271060441207733,0.29114007759915267,0.2898436322671112,0.3691223708346141,calm,02,03,03,male,normal,305
20,0.6673333333333333,True,1.0,0.5047927291722144,0.4835142473439889,0.4941534882581017,0.6503385787649344,-0.05481481481481487,-0.05203703703703705,0.35545339551970134,0.23845747888047508,0.17014292463502936,0.7598403422361232,0.021278481828225504,0.0027777777777778234,0.00026962564856547515,0.5,0.12582505819691892,0.10929699218256035,0.0,0.9999999987499999,0.6271744359462534,0.29060888493299153,0.29077095620085874,0.36607892995289854,calm,02,03,03,male,normal,305
30,1.0010000000000001,True,1.0,0.47545428011636826,0.4752472742068258,0.475350777161597,0.9379496659646468,-0.05921296296296302,-0.058379629629629615,0.36160036428706954,0.30549983148120874,0.17708505667053598,0.5067977466282438,0.00020700590954247922,0.0008333333333334081,0.0028361258106667647,0.3497093521573582,0.12619030648519222,0.10887508585408195,0.0,0.6899674467539221,0.627784779677496,0.2924806033831915,0.2930521794890513,0.3665196268831626,calm,02,03,03,male,normal,305
40,1.3346666666666667,True,1.0,0.4523623157790031,0.4446175581050473,0.4484899369420252,1.0361481056702613,-0.057870370370370405,-0.05745370370370373,0.34615816612608813,0.37740521577612335,0.17500043596485873,0.4328434656085261,0.007744757673955827,0.0004166666666666763,0.00403713725118277,0.32138706844422515,0.12286274477343408,0.11261671153526426,0.0,0.8455071611854633,0.6276252569152662,0.29279701452589896,0.2926547946954849,0.36799367170103947,calm,02,03,03,male,normal,305
50,1.6683333333333334,True,1.0,0.4684298660851554,0.42141847090577755,0.44492416849546645,1.0578097393304213,-0.05819444444444449,-0.05800925925925926,0.3631378094904062,0.31028213030805774,0.17778164011680328,0.42060887884913706,0.04701139517937786,0.00018518518518523264,0.0005866656239332111,0.2999915628559405,0.1255343256676937,0.10963079334639522,0.0,0.7494955011636837,0.6242418806272511,0.29423786835781385,0.30322871559763653,0.37486545652437403,calm,02,03,03,male,normal,305
60,2.0020000000000002,True,1.0,0.4223087255598326,0.4212136510294011,0.42176118829461684,0.6490299823633155,-0.05925925925925929,-0.059814814814814765,0.3628077846377483,0.2257495590828927,0.18126515292262463,0.6498331352256734,0.0010950745304315057,0.0005555555555554759,0.006196529495198003,0.5013586956521733,0.12466440253548472,0.11061900610148451,0.0,0.6455465943049481,0.6254402369307098,0.2934661098717912,0.29382287562871956,0.37441679641639286,calm,02,03,03,male,normal,305
70,2.3356666666666666,True,1.0,0.4523623157790032,0.4204251695895194,0.43639374268426134,0.8601644576943072,-0.0637962962962963,-0.06412037037037033,0.3582481345335605,0.32254749749622813,0.18264933186801843,0.5073375664161083,0.03193714618948379,0.0003240740740740322,0.0021240327983739005,0.3749835215940274,0.1274134589424204,0.10744109200401115,0.0,0.6616228637332946,0.5781140751456835,0.2738428632224859,0.3113952092300538,0.3312342426999149,calm,02,03,03,male,normal,305
80,2.6693333333333333,True,1.0,0.4533819784427672,0.4289173363204161,0.4411496573815916,0.8527048873590816,-0.06268518518518518,-0.060972222222222205,0.35648325831080935,0.28181338413147183,0.18404809099924885,0.5173532647946694,0.024464642122351055,0.0017129629629629717,0.0012130581825123496,0.3912393387656383,0.12459476628767212,0.11052519186395887,0.0,0.6958213955556923,0.6255403777370323,0.29363597060523927,0.2982782905288383,0.37557659456545756,calm,02,03,03,male,normal,305
90,3.003,True,1.0,0.46077467109791614,0.4443998616980562,0.4525872663979862,0.7138842429724204,-0.06050925925925932,-0.059305555555555556,0.3669669046916147,0.24494538135583546,0.17779322663045252,0.6339785068144039,0.01637480939985997,0.0012037037037037623,0.0004523302815645295,0.45217837990875126,0.1255744868243982,0.10958478922470007,0.0,0.7765899986510636,0.625423084077381,0.29317822163208096,0.2927239330794996,0.3709480727989116,calm,02,03,03,male,normal,305
100,3.336666666666667,True,1.0,0.4298424268603013,0.41289148857902563,0.4213669577196635,0.6698791175897384,-0.05981481481481482,-0.057777777777777706,0.3735810648937657,0.20505152549146471,0.17571007646889375,0.6290193956721098,0.01695093828127564,0.002037037037037115,0.0016531686905028294,0.47063225612625964,0.12488606280594142,0.1103686961381493,0.0,0.9056081451833933,0.6258108573273059,0.29185118940525995,0.291254684457658,0.37062872664160557,calm,02,03,03,male,normal,305
110,3.6703333333333332,True,1.0,0.48376353041577347,0.475408855351945,0.47958619288385923,0.6731991103163038,-0.061435185185185204,-0.05810185185185185,0.37723585579420654,0.17502069350439312,0.17917731201720288,0.7123987324619678,0.008354675063828476,0.003333333333333355,0.0003895713357360325,0.449971526140263,0.12584553939700382,0.1092734093196724,0.0,0.7773625185648853,0.6273269760794943,0.29097156990534917,0.29709783160739206,0.3729144314781006,calm,02,03,03,male,normal,305
0,0.0,True,1.0,0.36753002028126525,0.3751126517517401,0.37132133601650263,0.558010789910191,-0.056296296296296344,-0.05615740740740749,0.40495351783302636,0.16486682429164676,0.1666959609671985,0.6654375555645884,0.007582631470474832,0.0001388888888888551,0.009192631098949949,0.5118684377070548,0.12544069609558794,0.10973791292751524,0.0,0.6643905844480389,0.6213116462366196,0.2970120437071853,0.29145216453370226,0.3566874059202009,calm,02,03,03,male,normal,306
10,0.33366666666666667,True,1.0,0.3428617976116478,0.34313720356937727,0.34299950059051254,0.5151269566475845,-0.05537037037037035,-0.055046296296296315,0.39782128237140524,0.1802944348266549,0.16250187799395585,0.6658543028358151,0.00027540595772945764,0.0003240740740740322,0.004671359917927231,0.5343749999999994,0.12364940348790127,0.11175241736712034,0.0,0.7360136853639225,0.6231942349127151,0.29800172205207437,0.29047445934974037,0.3569082020410887,calm,02,03,03,male,normal,306
20,0.6673333333333333,True,1.0,0.34850460250530024,0.36551665194027216,0.3570106272227862,0.51154889001321,-0.05574074074074076,-0.05523148148148155,0.4017192388858324,0.1854364726297889,0.16042094699714274,0.6979012841051554,0.01701204943497192,0.0005092592592592093,0.009045819818929164,0.5343749999999994,0.12426403573354342,0.11106856978334373,0.0,0.7071067807446058,0.6225378018551171,0.29812398551924874,0.294596734394466,0.3561817648772966,calm,02,03,03,male,normal,306
30,1.0010000000000001,True,1.0,0.2952804037080144,0.3068538293182609,0.30106711651313767,0.9624375135504967,-0.055277777777777815,-0.05532407407407414,0.3809993111169185,0.3274561281284827,0.16667811036558883,0.3128173125780196,0.01157342561024649,4.629629629632204e-05,0.007607539662522295,0.3283787303457967,0.1287715954542579,0.10580951741323043,0.0,0.6683345558073113,0.554570257540516,0.2678620743642087,0.32552464165008155,0.3493208480351161,calm,02,03,03,male,normal,306
40,1.3346666666666667,True,1.0,0.22157776278178254,0.23380443861644423,0.22769110069911339,0.8244082450533029,-0.055046296296296315,-0.05574074074074076,0.3931496336731767,0.2898310236515521,0.16598371379942176,0.2761873162542082,0.012226675834661693,0.000694444444444442,0.005228378061962807,0.3603515624999999,0.12336715793827766,0.11206391976229507,0.0,0.7071067807446058,0.6224569515853217,0.29792055668252715,0.30267352406071935,0.36536423779283683,calm,02,03,03,male,normal,306
50,1.6683333333333334,True,1.0,0.22891927640699794,0.2608390959268534,0.24487918616692567,0.7606368808167676,-0.0557407407407407,-0.05532407407407414,0.4206803357230765,0.2474693732285996,0.16320613160906822,0.321939669693607,0.03191981951985545,0.00041666666666656527,0.00854954414581077,0.39407489786612826,0.12622846548385558,0.10883084246776326,0.0,0.6895980161441608,0.6231127003301321,0.29490653822005525,0.3061102640859108,0.36768810973389604,calm,02,03,03,male,normal,306
60,2.0020000000000002,True,1.0,0.21365799131319807,0.2611082299085893,0.23738311061089368,0.6050086190703886,-0.05662037037037043,-0.05504629629629637,0.407557928969045,0.17646084722886274,0.16666666666666669,0.39236318810736776,0.047450238595391214,0.001574074074074061,0.007940040457179776,0.48227205064949996,0.12599956541730067,0.10909577116163655,0.0,0.6651719165535904,0.6201908050798445,0.2954333325980491,0.30164587943016763,0.3616397853448072,calm,02,03,03,male,normal,306
70,2.3356666666666666,True,1.0,0.26921534861427265,0.2656890760473369,0.26745221233080474,0.844520958822955,-0.05638888888888893,-0.0556018518518519,0.4040088736710947,0.2772956170739282,0.16250187799395585,0.3166910300291,0.003526272566935773,0.0007870370370370305,0.007812334414009669,0.36130313283523685,0.12419641144833539,0.1111441818263295,0.0,0.6642755001257165,0.623718291644783,0.2964689195264476,0.3075385468380739,0.3745478151591573,calm,02,03,03,male,normal,306
80,2.6693333333333333,True,1.0,0.18632067729028526,0.234578013078807,0.2104493451845461,0.8172430649605326,-0.05625000000000008,-0.05550925925925926,0.39689805983337056,0.24647013070238222,0.16669596096719855,0.2575113258314519,0.04825733578852173,0.0007407407407408195,0.010643357391532333,0.38425655569175304,0.12617252423442912,0.10889569274776704,0.0,0.6344377146090174,0.6218148123155512,0.2975285735585977,0.30746998491456695,0.3658381873978792,calm,02,03,03,male,normal,306
90,3.003,True,1.0,0.19775294194199403,0.20313932951260097,0.2004461357272975,0.9362305441417512,-0.055046296296296315,-0.05476851851851844,0.4291564268004775,0.2547969202411094,0.16116840030918725,0.21409912011688084,0.005386387570606943,0.0002777777777778767,0.016020814423580255,0.32753164556961967,0.12429904020053292,0.11102939419680023,0.0,0.6573545918277388,0.6236747706817102,0.29697325162845783,0.31100858681991206,0.3872010961471265,calm,02,03,03,male,normal,306
100,3.336666666666667,True,1.0,0.17120245458192335,0.15945141633377544,0.16532693545784938,0.7175581083215138,-0.053518518518518465,-0.05370370370370375,0.4428762669737059,0.16514568050129658,0.16322436191491413,0.23040215634184139,0.01175103824814791,0.00018518518518528815,0.014827482839262888,0.41100451402411614,0.12417025047711475,0.11117340809232004,0.0,0.9999999987499999,0.6253491715670644,0.2952981838189951,0.3081406314068416,0.37456862517699785,calm,02,03,03,male,normal,306
110,3.6703333333333332,True,1.0,0.21450252232172576,0.23113050114749778,0.22281651173461176,0.6274788027776593,-0.05518518518518517,-0.05560185185185185,0.42634860009790304,0.16573978349863502,0.16529439491774364,0.355098069844384,0.016627978825772022,0.0004166666666666763,0.010739024810497905,0.47793997719490544,0.12603335130512883,0.10905673812079827,0.0,0.6464062458650474,0.6204084073707609,0.29581781007334124,0.301580123635165,0.35972660931208195,calm,02,03,03,male,normal,306
0,0.0,True,1.0,0.4888208035566492,0.4731544597923464,0.48098763167449776,0.6830823387518418,-0.060092592592592586,-0.059953703703703676,0.3739798804022633,0.20085770831793404,0.18128409229477535,0.7041429771898065,0.015666343764302815,0.0001388888888889106,0.021266749331012705,0.4428082404050004,0.12427542404933435,0.11105582716725713,0.0,0.7037341941625715,0.6242829098045468,0.29263883157066056,0.2929501641320582,0.36723711310764745,calm,02,03,03,male,normal,307
10,0.33366666666666667,True,1.0,0.4586109172994451,0.44259504504401825,0.4506029811717317,0.8104739959198684,-0.05884259259259261,-0.05861111111111106,0.3646173626986694,0.2884213676773509,0.17989546661676634,0.5559746314381231,0.016015872255426833,0.00023148148148155467,0.02057999271450595,0.4007094419843761,0.12362541869819789,0.11160837636363596,0.0,0.7151187621066876,0.6257013734712635,0.29328896845468755,0.2989747112622122,0.37071000995911124,calm,02,03,03,male,normal,307
20,0.6673333333333333,True,1.0,0.42108164457768915,0.39931272403298945,0.4101971843053393,0.759001967064061,-0.05833333333333329,-0.058796296296296346,0.37269480501000934,0.2710174480813734,0.18058977894973996,0.5404428474567023,0.0217689205446997,0.00046296296296305384,0.023284136554643838,0.40210121221454687,0.129637528486238,0.10474678505296832,0.0,0.7137530010572304,0.5674564870635754,0.26753105342979133,0.3246156493590091,0.3390321207973456,calm,02,03,03,male,normal,307
30,1.0010000000000001,True,1.0,0.43160673285506646,0.413484912637236,0.42254582274615127,1.1892163468923955,-0.058287037037037026,-0.05824074074074076,0.3558784666989531,0.4174917121864156,0.1758198956575523,0.3553145092987733,0.01812182021783043,4.6296296296266526e-05,0.024018629345266388,0.2688168445359156,0.1235962425567052,0.11181120961794198,0.0,0.7071067807446058,0.6133202755164565,0.29922636200854064,0.3074847734286008,0.36334418851896705,calm,02,03,03,male,normal,307
40,1.3346666666666667,True,1.0,0.3094916512957416,0.34286179761164787,0.3261767244536947,0.9006034014481608,-0.05722222222222223,-0.05703703703703705,0.369264463153182,0.32922071821690324,0.1729700458052686,0.36217576341506813,0.03337014631590629,0.00018518518518517713,0.023198061774780628,0.337038099687643,0.12404391248750925,0.11131435462310903,0.0,0.7071067807446058,0.6193040096507353,0.2954168060861604,0.3042375573215313,0.3587604302230669,calm,02,03,03,male,normal,307
50,1.6683333333333334,True,1.0,0.3498705895896809,0.3681333727009732,0.35900198114532705,0.8616932962312669,-0.058657407407407436,-0.0591666666666667,0.38484005014788814,0.3002434434512964,0.17435850949207057,0.4166238529595985,0.018262783111292258,0.0005092592592592649,0.02031710399629731,0.3667370752102186,0.12675735670599553,0.10821437192817984,0.0,0.6470761082175064,0.6197330095163066,0.2948367370227372,0.30833187797173883,0.36175438802789117,calm,02,03,03,male,normal,307
60,2.0020000000000002,True,1.0,0.3666730186159036,0.35268826445586177,0.3596806415358827,0.6264058753397705,-0.05810185185185185,-0.05888888888888888,0.3802599091122826,0.22650745956074794,0.17849957907496103,0.5741974264541937,0.013984754160041857,0.0007870370370370305,0.020261165022055688,0.49101191385573534,0.12280737987594419,0.1123384053793867,0.0,0.7071067807446058,0.6202242145608243,0.2972906313283738,0.2983004966921635,0.3620181453138813,calm,02,03,03,male,normal,307
70,2.3356666666666666,True,1.0,0.30522570187599624,0.2767910787210465,0.2910083902985214,0.9573041632737291,-0.057268518518518496,-0.05703703703703705,0.3908524347543783,0.2871831720689844,0.17503530963534364,0.3039873861023951,0.028434623154949712,0.00023148148148144365,0.013696631894182939,0.34524784285882426,0.12285257010754137,0.11245852498023344,0.0,0.7071067807446058,0.6195961997377076,0.296582099162233,0.30773339412929945,0.3641797347144123,calm,02,03,03,male,normal,307
80,2.6693333333333333,True,1.0,0.3415879083655219,0.3382884357581989,0.3399381720618604,1.2268186376866494,-0.05986111111111114,-0.060462962962962885,0.3195875328052897,0.47174293390983985,0.17989546661676623,0.27708918141549005,0.003299472607322995,0.0006018518518517424,0.01684212551598271,0.25234479724084874,0.12452417306624991,0.11077683915273143,0.0,0.5952180632812226,0.6129510359847065,0.29923204776888485,0.30450825184700686,0.3569437952302199,calm,02,03,03,male,normal,307
90,3.003,True,1.0,0.3357482720635964,0.3169068932035162,0.3263275826335563,1.0084473958701157,-0.05625000000000002,-0.057870370370370405,0.39647008117562627,0.26469127084329513,0.17504359111107867,0.32359405554515025,0.018841378860080193,0.0016203703703703831,0.019299934231031716,0.30231385960433843,0.12365097652348554,0.11175067684512804,0.0,0.6614758445075237,0.6172011276932649,0.2963659618540158,0.3088364342665973,0.36916483820919405,calm,02,03,03,male,normal,307
100,3.336666666666667,True,1.0,0.31053446215047453,0.322325377234558,0.31642991969251627,0.7682700944156267,-0.05680555555555561,-0.05703703703703705,0.41642078618392925,0.1620569730407966,0.17641008171331193,0.4118732747669998,0.011790915084083475,0.00023148148148144365,0.018899730982141708,0.39581633414190365,0.12472142758574895,0.11055470714339313,0.0,0.6552962035641308,0.6178985373993348,0.2953753774308061,0.30681751320934386,0.3638548822472589,calm,02,03,03,male,normal,307
110,3.6703333333333332,True,1.0,0.3155522582129837,0.3061544809429724,0.31085336957797804,0.5758977679775945,-0.05731481481481482,-0.056574074074074054,0.40055067534097266,0.1439636789260868,0.176410081713312,0.5397717908677012,0.009397777270011343,0.000740740740740764,0.016692720356809368,0.5140084095465771,0.12547717635126554,0.10969619859267572,0.0,0.6276583871551698,0.6180275985941253,0.2950541748575718,0.3040774021739695,0.36270919870870905,calm,02,03,03,male,normal,307
0,0.0,True,1.0,0.37518093200185754,0.36979944490621086,0.3724901884540342,0.8348294072019082,-0.057037037037037,-0.05254629629629626,0.36843696499309064,0.26669033845733664,0.16745043666383252,0.446187191347879,0.005381487095646675,0.00449074074074074,0.02749933260409377,0.39759923526863916,0.12374461442180898,0.11164698012893598,0.0,0.7847716195301729,0.6308897431081808,0.29175510907467456,0.2965549432033855,0.3658219744645423,calm,02,03,03,male,strong,308
10,0.33366666666666667,True,1.0,0.34352819376237476,0.33370902462129515,0.33861860919183495,0.8065736371683988,-0.05740740740740735,-0.054398148148148084,0.37945706366872317,0.27547039687536695,0.165285163379568,0.41982355185895714,0.009819169141079609,0.003009259259259267,0.012802797119995124,0.39500222026055815,0.1307613962488291,0.10334038427530064,0.0,0.9999999987499999,0.5568605249990621,0.26252667286132614,0.3281859782886441,0.3344721150019312,calm,02,03,03,male,strong,308
20,0.6673333333333333,True,1.0,0.3312821554124072,0.32147785241549093,0.32638000391394906,0.7058220520395672,-0.05842592592592599,-0.05736111111111114,0.3863523001935421,0.21566784923431154,0.16600163907137394,0.4624111742766189,0.009804302996916259,0.0010648148148148517,0.006797370478257281,0.4166666666666669,0.13047792273137165,0.10369806869356805,0.0,0.7071067807446058,0.5546365818045969,0.26251761974220583,0.3272082094627611,0.3372993145937698,calm,02,03,03,male,strong,308
30,1.0010000000000001,True,1.0,0.31966569438181874,0.3168223659139098,0.3182440301478643,0.9562589653611447,-0.0564351851851852,-0.0562037037037037,0.37286254907488287,0.3232323232323231,0.16530039514109188,0.33280109434338734,0.0028433284679089676,0.00023148148148149916,0.001283591161659043,0.3327360366881914,0.1254428608585412,0.10973543835153438,0.0,0.6549014205514199,0.6117761336253251,0.2973087240459687,0.30181273225108507,0.3522964789035732,calm,02,03,03,male,strong,308
40,1.3346666666666667,True,1.0,0.32606118525799827,0.33314157756586543,0.32960138141193185,0.8213906007518875,-0.05601851851851858,-0.0564351851851852,0.369588843014898,0.2961888659305107,0.16534423631747944,0.4012724045176803,0.007080392307867167,0.0004166666666666208,0.005952564942451322,0.3875759702982758,0.12648758404149008,0.10852957594155005,0.0,0.6369009146615175,0.6139410651760705,0.2961456563528464,0.30475766442647273,0.35637416985132975,calm,02,03,03,male,strong,308
50,1.6683333333333334,True,1.0,0.27294440009147863,0.27640033692898963,0.27467236851023413,0.9214908492662095,-0.05578703703703697,-0.056203703703703756,0.36909484307968854,0.3252209376976487,0.16743813444332603,0.29807389702128667,0.003455936837510998,0.0004166666666667873,0.009158771949525434,0.34772567020972944,0.12515012997699432,0.11006917251075275,0.0,0.6409811592409239,0.6278728456460709,0.289504792964469,0.3005283403087145,0.3678850555133194,calm,02,03,03,male,strong,308
60,2.0020000000000002,True,1.0,0.3123464855123445,0.31312109316855624,0.3127337893404504,0.9392518253737475,-0.05611111111111111,-0.05768518518518523,0.3746837568780257,0.31740393683596857,0.16471724715858302,0.33296053400376113,0.0007746076562117343,0.0015740740740741166,0.022272828599174174,0.3417351312922639,0.1227192205989689,0.11277309371333381,0.0,0.7311658597365407,0.6109365897530887,0.2978028745201981,0.30430989602673914,0.35881250321796476,calm,02,03,03,male,strong,308
70,2.3356666666666666,True,1.0,0.3201679061366414,0.34419885334272904,0.33218337973968526,1.1860212974371143,-0.05777777777777776,-0.058148148148148115,0.34862425228689375,0.44280913681570966,0.1660181837584221,0.280082137190541,0.024030947206087616,0.00037037037037035425,0.017462052336954498,0.28478880655634164,0.12558313801749532,0.10957487493119508,0.0,0.7028197422543677,0.6247642372183249,0.29092534018431304,0.30087763622330005,0.36669547247215867,calm,02,03,03,male,strong,308
80,2.6693333333333333,True,1.0,0.3207282345892081,0.306611677630707,0.31366995610995757,0.7617809785522546,-0.056851851851851876,-0.05689814814814814,0.37572201696534,0.2806015021478017,0.1694484967301335,0.41175871404150755,0.014116556958501114,4.6296296296266526e-05,0.008599640736794497,0.4045264806129127,0.1238209313218821,0.111562335655862,0.0,0.6761875784199886,0.6279832009991498,0.29068183405287845,0.297172106509709,0.36926415521701983,calm,02,03,03,male,strong,308
90,3.003,True,1.0,0.2913200572904265,0.28926399534166014,0.29029202631604334,0.9613480834966932,-0.05583333333333329,-0.05291666666666667,0.3706084448011953,0.3181826900631218,0.1694484967301335,0.30196349407612033,0.002056061948766341,0.002916666666666623,0.006970534394218728,0.3330339787456499,0.12294079391180979,0.11253150208988687,0.0,0.663499202253419,0.6241216426883254,0.29290903864447143,0.30153752081671886,0.3728508416131739,calm,02,03,03,male,strong,308
100,3.336666666666667,True,1.0,0.31669514263648135,0.3357482720635968,0.3262217073500391,0.9530597359597082,-0.056944444444444464,-0.05560185185185185,0.3811704318912306,0.2741353179337925,0.1715317808465777,0.3422888356746513,0.019053129427115456,0.0013425925925926174,0.0066225051312827216,0.3401058699048957,0.12444987927089417,0.11086029640860535,0.0,0.7959244075890587,0.6251480232796244,0.2912705199287164,0.3059878172089037,0.3733079588905818,calm,02,03,03,male,strong,308
110,3.6703333333333332,True,1.0,0.30714586486081374,0.32628434638538517,0.31671510562309946,0.7966313648122614,-0.05675925925925929,-0.0537037037037037,0.38663051507249657,0.21835031809174704,0.1729184315296482,0.39756795879828094,0.019138481524571427,0.003055555555555589,0.015640312073565563,0.3903096970583848,0.12439134342402743,0.11092597284417045,0.0,0.7071067807446058,0.6293103275450805,0.2908573179326507,0.30355408688607693,0.3741865638716931,calm,02,03,03,male,strong,308
120,4.0040000000000004,True,1.0,0.30685382931825883,0.33487745914658734,0.3208656442324231,0.8145768503923944,-0.05782407407407403,-0.05425925925925923,0.39091185971706804,0.2290201423311674,0.17293828499713923,0.39390469306592385,0.02802362982832851,0.0035648148148147984,0.019983984652592084,0.3878445248709027,0.12481701487051634,0.11044677708889165,0.0,0.6870169538701528,0.6262087779252327,0.29142084654827044,0.30233976411461627,0.37096668174511804,calm,02,03,03,male,strong,308
0,0.0,True,1.0,0.49049407681727203,0.498901670564794,0.494697873691033,0.7602458379913386,-0.057083333333333375,-0.059953703703703676,0.37597114473540544,0.1800494578765481,0.18339324896887868,0.6507077697368059,0.00840759374752198,0.002870370370370301,0.014377902413929394,0.40610405823639506,0.12570278409714708,0.10943759793030783,0.0,0.6596665929687622,0.6156024864086259,0.2929304585220563,0.3036457924659339,0.3705233717177528,calm,02,03,03,male,strong,309
10,0.33366666666666667,True,1.0,0.4751856881614407,0.4825958683076559,0.4788907782345483,0.7603568747170049,-0.054629629629629584,-0.05546296296296288,0.3782017855356894,0.18004945787654808,0.18132112357228442,0.6298236974746698,0.007410180146215195,0.0008333333333332971,0.01295832035810214,0.42570738158359067,0.12442883700184375,0.11088391358943973,0.0,0.7027000485528676,0.6181318437687574,0.29255205163716963,0.30276097711053934,0.37250976059360213,calm,02,03,03,male,strong,309
20,0.6673333333333333,True,1.0,0.467202156982584,0.45867811885230986,0.4629401379174469,0.7185523259194414,-0.05643518518518509,-0.05819444444444438,0.3893735600574339,0.17633505012909512,0.17923861692715684,0.6442678163000591,0.008524038130274136,0.0017592592592592937,0.014317611938214344,0.4298401720524159,0.12570492255489868,0.10943514159534197,0.0,0.6687967600245793,0.6247805291100816,0.2915224314338872,0.3055006820513039,0.37717050173830696,calm,02,03,03,male,strong,309
30,1.0010000000000001,True,1.0,0.4130177669270614,0.4206766145968445,0.416847190761953,0.93513446532467,-0.05449074074074062,-0.057129629629629586,0.37108219486636806,0.27101744808137324,0.17920115530761804,0.44576176605492507,0.007658847669783142,0.0026388888888889683,0.014106736259450949,0.34357035085531257,0.12682597149440367,0.10813394807000112,0.0,0.6870488955013833,0.6240986777757977,0.2915442601382472,0.3085277125469179,0.3723935828421197,calm,02,03,03,male,strong,309
40,1.3346666666666667,True,1.0,0.32521085324757076,0.35882253636058586,0.3420166948040783,0.8945088313729215,-0.06050925925925932,-0.06685185185185194,0.3818783654543409,0.2498593659379298,0.1882528129298553,0.38235138973322363,0.0336116831130151,0.006342592592592622,0.019852400850837264,0.3393686060233294,0.12221398469748898,0.11332042937882775,0.0,0.6979719999240495,0.6258710138742997,0.2950437378510093,0.3126427913265473,0.3796956060127279,calm,02,03,03,male,strong,309
50,1.6683333333333334,True,1.0,0.38539517841351006,0.39709580033486647,0.39124548937418824,1.108237058980082,-0.05907407407407411,-0.06666666666666665,0.36883006173410565,0.33099502944142706,0.18621602556979983,0.35303411504236654,0.011700621921356402,0.00759259259259254,0.021868302162072854,0.29511042667860127,0.12491602100564235,0.11033478810715727,0.0,0.6701825800356814,0.6217723307682449,0.2947673453742476,0.322637945336123,0.38720714737877643,calm,02,03,03,male,strong,309
60,2.0020000000000002,True,1.0,0.31698562246276607,0.35268826445586166,0.33483694345931386,0.6182539855525201,-0.057638888888888906,-0.06629629629629641,0.3720336446011046,0.18793956940475098,0.18616070695444292,0.5415847714432077,0.035702641993095585,0.008657407407407502,0.028049144552430516,0.5012305481021931,0.12417152306400946,0.11117198671586312,0.0,0.647256944855611,0.6230457055947378,0.29255621313476227,0.31141378035871353,0.38130728877881725,calm,02,03,03,male,strong,309
70,2.3356666666666666,True,1.0,0.3143718594879387,0.3375140224555499,0.3259429409717443,0.8703085097847103,-0.057083333333333375,-0.06532407407407403,0.383574412356562,0.2661383972368494,0.18063835658170116,0.3745142524831492,0.02314216296761118,0.00824074074074066,0.03291307894996336,0.37039831256450095,0.12288249136984446,0.11259516457267445,0.0,0.6646432243821383,0.620750346419818,0.2952696109448099,0.3116281710577671,0.37690685950437586,calm,02,03,03,male,strong,309
80,2.6693333333333333,True,1.0,0.3441576618740446,0.36517298650456276,0.3546653241893037,0.9493822414459278,-0.058888888888888935,-0.06629629629629635,0.3336088591230119,0.3838914099545168,0.18339324896887868,0.37357484552180104,0.02101532463051814,0.007407407407407418,0.027636674160040394,0.35819425564339763,0.1240402427376811,0.11131844389923952,0.0,0.6527999166551882,0.6209265113858045,0.2950892629300105,0.3122419660322538,0.37392133630489605,calm,02,03,03,male,strong,309
90,3.003,True,1.0,0.33956540724003853,0.3494466822997286,0.34450604476988356,0.9644864646638094,-0.05814814814814817,-0.06662037037037033,0.3764235082830138,0.30355504900725705,0.17867900448569995,0.3571911658604435,0.009881275059690053,0.008472222222222159,0.04047031341113433,0.3354775212790368,0.12393076328289733,0.11144031444068932,0.0,0.6530518928363177,0.6186396938619197,0.295964250390527,0.31645455053957666,0.38326844291406326,calm,02,03,03,male,strong,309
100,3.336666666666667,True,1.0,0.31820053772828766,0.3482315138030361,0.3332160257656619,0.8477428429050744,-0.057453703703703785,-0.0666666666666666,0.3931059491229679,0.2401931553689297,0.1793543579180893,0.39306262335850073,0.030030976074748417,0.009212962962962812,0.036575332847084883,0.3717793783992826,0.12276859740505994,0.11271933845347085,0.0,0.9999999987499999,0.6200198038590437,0.2950206254045739,0.3149411247835922,0.38083165540520514,calm,02,03,03,male,strong,309
110,3.6703333333333332,True,1.0,0.34842204453124437,0.3806054002969113,0.36451372241407787,0.8233475694881914,-0.0588425925925925,-0.06666666666666665,0.38195912226832096,0.24806410081327124,0.17927564515138253,0.44272156246318495,0.03218335576566694,0.00782407407407415,0.0369374696446541,0.38485551836268783,0.124369479983397,0.11095048543910155,0.0,0.6811811395169823,0.6222871916188351,0.2946095601170924,0.31273384053980463,0.3762539579351531,calm,02,03,03,male,strong,309
0,0.0,True,1.0,0.316809707268699,0.31178445211142986,0.31429707969006443,0.7499774223158224,-0.06374999999999997,-0.05699074074074073,0.4124372548774826,0.18097010594208018,0.17446349453695598,0.4190753885891128,0.005025255157269148,0.006759259259259243,0.030852169985681858,0.4150630383533055,0.12654352916790665,0.10846433974547787,0.0,0.722550144762713,0.6191415982955681,0.29330320961325546,0.3093898374885948,0.37205089817814224,calm,02,03,03,male,strong,310
10,0.33366666666666667,True,1.0,0.27604000265739104,0.2812785812939067,0.27865929197564887,0.7057419452718511,-0.06203703703703706,-0.05546296296296299,0.40192415338231724,0.17910402098669426,0.17601072234641735,0.394845869432218,0.005238578636515667,0.0065740740740740655,0.037520041519963576,0.4170799110955427,0.12564426744126106,0.10950477537387188,0.0,0.7071067807446058,0.6161168963210285,0.29369184030335577,0.3061608769597064,0.3704628122711821,calm,02,03,03,male,strong,310
20,0.6673333333333333,True,1.0,0.24215987177121853,0.25193029875507245,0.2470450852631455,0.5783536727754204,-0.06532407407407409,-0.06185185185185188,0.39446500987567323,0.1756925971253348,0.1780676491833017,0.42715227185749227,0.009770426983853914,0.00347222222222221,0.03411873516715987,0.5120499322973504,0.12475139093986524,0.11052089498834566,0.0,0.6514741459730828,0.6213982095728917,0.29394933773144116,0.3071120078480109,0.3735225891026241,calm,02,03,03,male,strong,310
30,1.0010000000000001,True,1.0,0.2734894285769499,0.2689370581072448,0.27121324334209734,1.1436619502279013,-0.07041666666666668,-0.06759259259259259,0.37237484883137983,0.3678829283895834,0.18482792506197773,0.23714458917519446,0.004552370469705136,0.00282407407407409,0.03896162743872221,0.280001272660627,0.12444272762823567,0.11086832420032999,0.0,0.6749810640767342,0.6173665315891982,0.2940611804679261,0.31688783454763264,0.37766587857527784,calm,02,03,03,male,strong,310
40,1.3346666666666667,True,1.0,0.24167734622086232,0.23818581678905315,0.23993158150495775,0.7385333002739086,-0.07694444444444443,-0.07245370370370369,0.407571121928504,0.22599013926295242,0.193264498873965,0.3248757793534448,0.003491529431809165,0.00449074074074074,0.03439381688690099,0.3977802703097384,0.12374893212687547,0.11164219438812374,0.0,0.8905097000605837,0.620264815371461,0.2932889126431224,0.31422453358772845,0.37037242110820656,calm,02,03,03,male,strong,310
50,1.6683333333333334,True,1.0,0.23074025884083824,0.23578440744079432,0.2332623331408163,0.7493911261016917,-0.07504629629629628,-0.07092592592592589,0.41636559839735204,0.22205563239978268,0.18848974903696677,0.31126914239596,0.005044148599956083,0.004120370370370385,0.03324321866073404,0.3801406130517341,0.12453209930729282,0.110767928627565,0.0,0.9999999987499999,0.6201304882187251,0.2931625606710697,0.31614821249115366,0.36895899479098987,calm,02,03,03,male,strong,310
60,2.0020000000000002,True,1.0,0.2630366560539631,0.2546351546299052,0.2588359053419341,0.9584005878025018,-0.0703703703703703,-0.06712962962962965,0.3967270477097907,0.29461682283474844,0.18145361677040908,0.27007068718041377,0.008401501424057878,0.003240740740740655,0.03388867015893204,0.3375516529611965,0.12529232996685186,0.10990727829481553,0.0,0.665453356236848,0.6189737009334985,0.29429894360569364,0.32316346953210534,0.3839336526618389,calm,02,03,03,male,strong,310
70,2.3356666666666666,True,1.0,0.29267849723197004,0.25857983816742364,0.2756291676996968,1.3773334488740905,-0.07097222222222221,-0.06736111111111115,0.3641008021961041,0.519591505887462,0.1793203242049268,0.2001179655696386,0.0340986590645464,0.003611111111111065,0.03528100540374428,0.23478554623519382,0.12330092139931974,0.11213679392773489,0.0,0.8335241227319715,0.6107208400156938,0.29896397403646807,0.3183933995085401,0.3796725352085521,calm,02,03,03,male,strong,310
80,2.6693333333333333,True,1.0,0.2431331347820086,0.24049857974838112,0.24181585726519486,0.7488458582491146,-0.06777777777777771,-0.0641666666666667,0.3890981867390295,0.24088022051609992,0.1871487162724751,0.322918067318403,0.0026345550336274726,0.0036111111111110095,0.04018016653275211,0.41815042164815547,0.12426818592306506,0.11106392635695174,0.0,0.6476336194841001,0.6142342580782314,0.2959369468804878,0.30980592794380596,0.3681855199373319,calm,02,03,03,male,strong,310
90,3.003,True,1.0,0.28618676369531215,0.3169856224627651,0.30158619307903867,1.0135626517553158,-0.06504629629629621,-0.06421296296296297,0.3558657498981339,0.34000682392471576,0.1820387682324514,0.29755061767197455,0.030798858767452975,0.0008333333333332416,0.035163725731671,0.3031666894562709,0.12417502358437044,0.11116807675018187,0.0,0.6037208889920569,0.6086666041651035,0.2960833408887013,0.31192230933604315,0.3675857818742833,calm,02,03,03,male,strong,310
100,3.336666666666667,True,1.0,0.3101889267471794,0.28870274988897654,0.299445838318078,0.9272940278687073,-0.06490740740740747,-0.06180555555555556,0.40445766577464876,0.2285933339514236,0.1828059049670385,0.3229243684512067,0.021486176858202866,0.003101851851851911,0.03641399634234315,0.34691871022114995,0.12496055877905385,0.1102843439489784,0.0,0.6469674572483936,0.6081272689700881,0.29557090235805117,0.3166165319040885,0.3776876341283534,calm,02,03,03,male,strong,310
110,3.6703333333333332,True,1.0,0.28148360763109076,0.28599449929117093,0.2837390534611308,0.8461144309585888,-0.06523148148148156,-0.0616666666666667,0.40042216463255265,0.22046193525288374,0.18069241024054608,0.3353435931114828,0.004510891660080174,0.003564814814814854,0.03515742723126534,0.37095651910809957,0.12433771013279507,0.11098608745889324,0.0,0.6683032280927016,0.6104567976721939,0.29562702480182695,0.3177150663472241,0.37760115937273175,calm,02,03,03,male,strong,310
120,4.0040000000000004,True,1.0,0.3021683135986714,0.3008748778154393,0.3015215957070554,0.7587223031992979,-0.06486111111111115,-0.06217592592592602,0.405551476204868,0.18046842154059767,0.1828230154940387,0.39740705451208147,0.0012934357832320997,0.002685185185185124,0.03763271941790786,0.4063666977119972,0.12552831612928114,0.10963767427501261,0.0,0.7156672646375201,0.6106913118684973,0.29370168790259166,0.31369888433536425,0.3711378912959604,calm,02,03,03,male,strong,310
0,0.0,True,1.0,0.2874326425476072,0.27738283340986664,0.2824077379787369,0.7460137538081967,-0.06527777777777771,-0.05689814814814809,0.3964347794383853,0.23540124745950985,0.16984919444804247,0.37855567211344626,0.010049809137740562,0.008379629629629626,0.047359568682422824,0.4048116001484814,0.1249504033183688,0.11029584979062731,0.0,0.6514788926041118,0.6223805125018758,0.2940337260210492,0.3058805506871277,0.3693622237991357,calm,02,03,03,male,strong,311
10,0.33366666666666667,True,1.0,0.2808515386444278,0.27785940834506495,0.2793554734947464,0.77292851464355,-0.0660648148148148,-0.05851851851851847,0.3957318862925206,0.2422921153112429,0.17059745458929246,0.3614247219532019,0.0029921302993628496,0.007546296296296329,0.05490966080568113,0.38744328983622484,0.12789459665886405,0.10686790872970264,0.0,0.7142854186601062,0.6210299695268733,0.29334122103816856,0.30873091469798675,0.3704903212725098,calm,02,03,03,male,strong,311
20,0.6673333333333333,True,1.0,0.26612470710823466,0.232456653883924,0.24929068049607933,0.7477041173977946,-0.06574074074074082,-0.05745370370370373,0.39783172670549616,0.23209352971430888,0.1713795435394593,0.3334081954285285,0.03366805322431066,0.008287037037037093,0.05763033075736357,0.38932072983793176,0.1267592161317744,0.10821219384338908,0.0,0.6302137155969916,0.622002791296206,0.2934611027515948,0.30663970509067673,0.3724955275154231,calm,02,03,03,male,strong,311
30,1.0010000000000001,True,1.0,0.2744237430591471,0.251881290987275,0.2631525170232111,0.9495704150233111,-0.06967592592592592,-0.0639351851851851,0.393244642913374,0.2993400745373249,0.17883137454304238,0.2771279652986566,0.022542452071872054,0.005740740740740824,0.060235096910615946,0.34168963420719944,0.12433845289451036,0.11098525533701017,0.0,0.7195086962683117,0.6228477998152386,0.29323706699244434,0.3099792776860475,0.3748711399523399,calm,02,03,03,male,strong,311
40,1.3346666666666667,True,1.0,0.24624002128325698,0.2211698343026322,0.2337049277929446,0.7692554776628528,-0.07134259259259257,-0.06643518518518515,0.4041867269494908,0.2398002995285589,0.17816359721662406,0.30380664756913456,0.02507018698062477,0.004907407407407416,0.057024395773962136,0.3799213961249433,0.12798681085052385,0.10675745416263274,0.0,0.671727273712434,0.6202941150053772,0.2911276426538965,0.3109651684841274,0.37009872590364545,calm,02,03,03,male,strong,311
50,1.6683333333333334,True,1.0,0.2317694154148604,0.2233051926548464,0.2275373040348534,0.7594147725766291,-0.06856481481481475,-0.062407407407407356,0.4055236996737334,0.24662992657327007,0.17536626361993243,0.29962190920100074,0.00846422276001399,0.006157407407407389,0.06089876702819386,0.3947943824893539,0.12722792858868562,0.10766072616218451,0.0,0.6324612618301995,0.6202978919771034,0.2927543505920576,0.31272337777471587,0.37148126187227665,calm,02,03,03,male,strong,311
60,2.0020000000000002,True,1.0,0.2424289841047857,0.25254909911261186,0.24748904160869878,0.9337635537691478,-0.06925925925925924,-0.06476851851851845,0.39772248512328234,0.2883427952096055,0.17453694649463622,0.26504465783624376,0.01012011500782617,0.004490740740740795,0.05315197964274561,0.341829611573939,0.1248626739933522,0.1103951557533572,0.0,0.6618150257176638,0.6196252778064352,0.2932870091420123,0.31601947064254793,0.3858139453661679,calm,02,03,03,male,strong,311
70,2.3356666666666666,True,1.0,0.28339644754316345,0.284660038239028,0.28402824289109574,1.3001094660087535,-0.06787037037037041,-0.06472222222222224,0.3628290196769756,0.4937702786540764,0.17462434901753102,0.2184648680107244,0.0012635906958645693,0.0031481481481481777,0.05243967380940324,0.2593046191364146,0.12764334031514266,0.10716788438717822,0.0,0.6354474876720464,0.6169235861922895,0.29621608823451967,0.31887291924682115,0.3803974585286258,calm,02,03,03,male,strong,311
80,2.6693333333333333,True,1.0,0.26419437241627486,0.25479073293039745,0.25949255267333615,0.9135537121751677,-0.07171296296296298,-0.06657407407407412,0.3461939953152881,0.36348899221723746,0.18511870879413211,0.2840473955882522,0.009403639485877413,0.0051388888888888595,0.05226439118077369,0.3464114792965166,0.12492964367028567,0.11031936322733306,0.0,0.6824889452468744,0.6183127072547769,0.2958963686119533,0.3073083944117287,0.36841911278094314,calm,02,03,03,male,strong,311
90,3.003,True,1.0,0.30607337770262555,0.3021791434338333,0.30412626056822945,1.2069857916528932,-0.07245370370370369,-0.06541666666666657,0.34023562287747094,0.46495968437303137,0.18284095896059616,0.2519716989806045,0.0038942342687922626,0.007037037037037119,0.04892477165354772,0.26844311116944974,0.12418446293245987,0.11115753207301234,0.0,0.7984195845066323,0.6140429051464336,0.2950708450249313,0.30792418946853023,0.3694697944878058,calm,02,03,03,male,strong,311
100,3.336666666666667,True,1.0,0.2961464720003925,0.28522413933022533,0.2906853056653089,0.9202880870548327,-0.07240740740740742,-0.0643055555555555,0.3800663274388053,0.31707697848905514,0.17937264837066702,0.31586337990702396,0.010922332670167179,0.008101851851851916,0.045817796162920095,0.35508817423885114,0.12753421656539438,0.1072977230697514,0.0,0.6506148582809476,0.6199782996401686,0.2933031695747386,0.3135191649225605,0.37272602369609276,calm,02,03,03,male,strong,311
110,3.6703333333333332,True,1.0,0.29461166816888923,0.2973405987912115,0.29597613348005036,0.7948905621604849,-0.07050925925925922,-0.0631944444444445,0.38300791337049556,0.24310573214972106,0.17798536684420838,0.3723482798381673,0.0027289306223222676,0.0073148148148147185,0.05057109989641126,0.39756824587064543,0.12647566201849939,0.1085434691161466,0.0,0.7465481613708539,0.6235365114170669,0.2915731227747303,0.31221840517267085,0.3714123930717575,calm,02,03,03,male,strong,311
0,0.0,True,1.0,0.2855906301320345,0.29070329496635305,0.2881469625491938,0.7606238608808146,-0.05092592592592582,-0.05208333333333337,0.4251431457337202,0.08314187055725936,0.17876096754884938,0.378829770361812,0.005112664834318548,0.0011574074074075513,0.03432298520796363,0.4067539064568147,0.12240215286169477,0.11311715495459916,0.0,0.6580061895291777,0.6252048193417993,0.2959197890216575,0.30325409458369773,0.38201344281071115,happy,03,03,03,male,normal,312
10,0.33366666666666667,True,1.0,0.34651600753295714,0.35323780398229176,0.3498769057576244,0.777540794902752,-0.05023148148148143,-0.05412037037037043,0.40888407760036494,0.11107725641467857,0.1806924102405461,0.44997884104767,0.006721796449334627,0.003888888888888997,0.03874341049699715,0.38392857142857156,0.12312480783786856,0.1121604008446615,0.0,0.64778778816205,0.6237850313093987,0.2942865199555688,0.30488366850862497,0.3759428636149405,happy,03,03,03,male,normal,312
20,0.6673333333333333,True,1.0,0.3382134379790877,0.33899953976773206,0.3386064888734099,0.7422750800899409,-0.05009259259259263,-0.05138888888888893,0.41979213482197525,0.07909488558335415,0.18268065722355614,0.456173860548277,0.0007861017886443555,0.0012962962962962954,0.02089673325227123,0.4244969911695019,0.1231001371288922,0.11184731631288872,0.0,0.7628195760481766,0.6246690636567127,0.29648746820077165,0.31002972489805597,0.3818172498421628,happy,03,03,03,male,normal,312
30,1.0010000000000001,True,1.0,0.21082710110114455,0.2450300295808298,0.22792856534098718,0.9124206845465683,-0.04986111111111108,-0.05291666666666672,0.42434092877820223,0.11404009213981915,0.18138633073239696,0.24980644257780865,0.03420292847968526,0.0030555555555556446,0.02641182366425766,0.3480724698667869,0.12176401809385858,0.11380378582381397,0.0,0.7110373023417912,0.6229374847438977,0.2977727203313718,0.30605321076448994,0.38535553993683525,happy,03,03,03,male,normal,312
40,1.3346666666666667,True,1.0,0.2859980663749169,0.2622571261079195,0.27412759624141825,0.7648043915403158,-0.04810185185185173,-0.05148148148148152,0.43601628996992015,0.07527791370124247,0.17453694649463622,0.35842837629282615,0.023740940266997412,0.003379629629629788,0.03705125824301407,0.3844946583267974,0.12415596983104286,0.1111893561711599,0.0,0.6698305001409665,0.6247617273393733,0.29481776639016444,0.3084112676213327,0.3906314259586944,happy,03,03,03,male,normal,312
50,1.6683333333333334,True,1.0,0.2850899400178028,0.27469622921195735,0.27989308461488005,0.9377859980036877,-0.04842592592592598,-0.051203703703703696,0.42617403158647543,0.1127003355261156,0.18021749556061167,0.29846157354737923,0.010393710805845446,0.0027777777777777124,0.034490437115423926,0.32830061584347386,0.12350047728170015,0.11191697762843665,0.0,0.8529350694029697,0.6210156446563,0.29657725560898285,0.3156210967704871,0.39398742758025534,happy,03,03,03,male,normal,312
60,2.0020000000000002,True,1.0,0.270959436211428,0.2682841563136566,0.2696217962625423,0.6284699052612734,-0.04972222222222217,-0.05120370370370381,0.41922597095910114,0.06039800355811375,0.18285973512150927,0.4290130585496414,0.0026752798977713876,0.001481481481481639,0.02885054954881006,0.47609924983157026,0.12109266741672424,0.11435138705026454,0.0,0.7071067807446058,0.6250300852294043,0.29559554556553097,0.299053921941051,0.3810859466988413,happy,03,03,03,male,normal,312
70,2.3356666666666666,True,1.0,0.24755885090432198,0.25999446420253786,0.25377665755342993,0.7067299303113803,-0.05097222222222214,-0.05143518518518514,0.42387227240919634,0.10174306707273148,0.1841773797792302,0.3590857648290312,0.01243561329821588,0.0004629629629629983,0.027081081078330595,0.4395479442023639,0.125951698472434,0.10915103033185812,0.0,0.6833070666347315,0.6218085298025461,0.2939102234154815,0.30718109021334816,0.37659990119046627,happy,03,03,03,male,normal,312
80,2.6693333333333333,True,1.0,0.28573397310628806,0.2909772390476239,0.288355606076956,0.9074018255113734,-0.04865740740740743,-0.051574074074074105,0.39940667475689645,0.17009113177259358,0.18140189284711347,0.3177816023396811,0.0052432659413358396,0.0029166666666666785,0.03228238507741913,0.3439360173157574,0.1231197917010066,0.11233563398012757,0.0,0.6867927243632681,0.6175526687862646,0.29737968514562674,0.3085057385843799,0.37734864856488276,happy,03,03,03,male,normal,312
90,3.003,True,1.0,0.2861224943515529,0.2744237430591464,0.28027311870534966,0.874135268793052,-0.05064814814814805,-0.05069444444444443,0.42593823857964597,0.14764092403379953,0.1786106732015217,0.3206290018389627,0.011698751292406495,4.629629629637755e-05,0.027322402282037056,0.35824295738665607,0.12207641427559329,0.11346861613518203,0.0,0.7852107661072023,0.623005994569703,0.29533090785837457,0.3087688816538233,0.3850581034941999,happy,03,03,03,male,normal,312
100,3.336666666666667,True,1.0,0.27106341570147063,0.2733066490309472,0.27218503236620895,0.8350881705542071,-0.049490740740740724,-0.051435185185185084,0.4274889993803105,0.11760329000834761,0.1793045814278234,0.3259356819598738,0.0022432333294765683,0.0019444444444443598,0.02281160745392452,0.36466290815134683,0.12397428156511986,0.11139189953016007,0.0,0.6616366615646413,0.6207115883775386,0.29385013251053155,0.31282040927032334,0.3890822039947443,happy,03,03,03,male,normal,312
110,3.6703333333333332,True,1.0,0.2910510496459961,0.3078284345791456,0.29943974211257085,0.8117053414068767,-0.05138888888888882,-0.051435185185185306,0.4256545335259535,0.11760329000834856,0.17999849379004804,0.3689020224920181,0.01677738493314951,4.629629629648857e-05,0.016657833281906086,0.3922591247781958,0.12400961270669922,0.1113525649762852,0.0,0.7025106161337489,0.6226451408297695,0.29431873487980964,0.31226605386660505,0.38925086519047647,happy,03,03,03,male,normal,312
0,0.0,True,1.0,0.2800160501072549,0.23906581227510576,0.2595409311911803,0.9185363618304981,-0.04634259259259266,-0.05064814814814811,0.44085950490827325,0.07922509988254958,0.1831211493414412,0.2825592344259036,0.04095023783214913,0.0043055555555554514,0.04552807750365339,0.33152792134373094,0.12760199087062507,0.1072171147559623,0.0,0.9999999987499999,0.5683783020864596,0.27196910946536945,0.32618484019275035,0.3484239768537867,happy,03,03,03,male,normal,313
10,0.33366666666666667,True,1.0,0.27321042802459566,0.28835567028179837,0.280783049153197,0.7954675413453617,-0.04800925925925931,-0.0531018518518519,0.42352781775390425,0.14807451512642425,0.17661755042349955,0.35297863779370947,0.015145242257202707,0.005092592592592593,0.05280875450510522,0.3816267797233991,0.12094573153334445,0.11450678515356039,0.0,0.9999999987499999,0.6241042866052672,0.2961553165905806,0.2992584119992276,0.3720356292847645,happy,03,03,03,male,normal,313
20,0.6673333333333333,True,1.0,0.29356064509568264,0.28277297819013364,0.28816681164290814,0.5743026908749204,-0.049675925925925846,-0.054490740740740784,0.39773210992334496,0.15921785596038254,0.17827318887922394,0.5017681724665105,0.010787666905548998,0.004814814814814938,0.04337209850219169,0.5437394519729454,0.12500892553464515,0.11005654164863679,0.0,0.9999999987499999,0.6229766196478592,0.29436310281327654,0.29710634981611983,0.37049517400693216,happy,03,03,03,male,normal,313
30,1.0010000000000001,True,1.0,0.2642609612792679,0.26453932471446207,0.264400142996865,0.9106538069757262,-0.04944444444444446,-0.05259259259259258,0.4383346126928116,0.15551953020731307,0.17933691644693356,0.2903410066169225,0.0002783634351941622,0.003148148148148122,0.03695029311633549,0.3452836357621142,0.12146737725064745,0.11412034890382201,0.0,0.8161471622863253,0.623276491651348,0.2934687648346239,0.30320710627912467,0.3829220500910715,happy,03,03,03,male,normal,313
40,1.3346666666666667,True,1.0,0.26738099649411706,0.2542342669755882,0.26080763173485266,0.7327445927114478,-0.05055555555555552,-0.05342592592592599,0.4142978838165798,0.23166956865087893,0.17178378612192344,0.35593252318623086,0.013146729518528855,0.0028703703703704675,0.03914560995521878,0.4109984640635883,0.12414706305179382,0.11119930083301255,0.0,0.9999999987499999,0.5587091085105917,0.27023256766250553,0.32113130326520367,0.3437721997135776,happy,03,03,03,male,normal,313
50,1.6683333333333334,True,1.0,0.22673117830426562,0.23318068833353822,0.2299559333189019,0.8399462959561249,-0.0501388888888889,-0.05273148148148149,0.43562967210533937,0.15510706796989343,0.1760848287337796,0.27377456680982115,0.006449510029272604,0.002592592592592591,0.04648508598383795,0.35293357010592535,0.12414808784799353,0.11119815670307542,0.0,0.771315820685772,0.6208514667429472,0.29488226243713317,0.3088830886631813,0.3886812825571084,happy,03,03,03,male,normal,313
60,2.0020000000000002,True,1.0,0.27321042802459566,0.2618277478923731,0.2675190879584844,0.7813072367188288,-0.04967592592592596,-0.0535648148148149,0.42834969683095137,0.14180373094332532,0.17747066249385265,0.34239934738343814,0.011382680132222545,0.0038888888888889417,0.041329083459705575,0.39023950607118946,0.12216963659762471,0.11336823921993065,0.0,0.741702379841597,0.6206147729404261,0.29593383769986703,0.3016355746880108,0.37682626679039843,happy,03,03,03,male,normal,313
70,2.3356666666666666,True,1.0,0.27978348787186363,0.26003902793036304,0.26991125790111337,0.7515971205139744,-0.04782407407407413,-0.05189814814814808,0.4127552042528109,0.12295675337678262,0.18155660018921266,0.35911693982613513,0.01974445994150059,0.004074074074073952,0.04533624814615036,0.4130747627985428,0.12322568824935023,0.11221946143927657,0.0,0.7285167642839736,0.6167732017963437,0.2971104782901408,0.30508751049332794,0.37392197714035574,happy,03,03,03,male,normal,313
80,2.6693333333333333,True,1.0,0.269500576184154,0.247531230991203,0.2585159035876785,0.8278879237480997,-0.04842592592592582,-0.05097222222222231,0.44321704060902073,0.10192022123198476,0.17960218385210258,0.3122595416264784,0.021969345192951018,0.002546296296296491,0.035578646031437976,0.3756055263746738,0.12410309704655953,0.1112483666122327,0.0,0.8002690380929051,0.6172248787718213,0.29601938483208645,0.3101404253865997,0.38889909711288406,happy,03,03,03,male,normal,313
90,3.003,True,1.0,0.2588671346850971,0.2625639151320557,0.2607155249085764,0.7997061032970416,-0.04800925925925925,-0.05106481481481495,0.44785499390441647,0.09430619727422136,0.17742078753825455,0.3260141742493825,0.003696780446958592,0.0030555555555557,0.04473347615076928,0.3786770918667552,0.12396725018915318,0.11139972464495315,0.0,0.6294116952922346,0.6205354611063175,0.29370279541864913,0.311894725139487,0.3894760148428988,happy,03,03,03,male,normal,313
100,3.336666666666667,True,1.0,0.29470210678941144,0.2864323368738113,0.2905672218316114,0.8440393717967993,-0.049259259259259225,-0.052314814814814814,0.44993605091198186,0.09430619727422136,0.17885654365021367,0.34425790021269864,0.008269769915600134,0.003055555555555589,0.04061082673520107,0.3661028348544225,0.12199684615455939,0.11338625732783052,0.0,0.7794744069820791,0.6182188853588311,0.2944509209350791,0.3118327897990036,0.3874602965715482,happy,03,03,03,male,normal,313
0,0.0,True,1.0,0.35971916916175084,0.3358188533333952,0.347769011247573,0.7925641101179668,-0.05134259259259255,-0.05351851851851852,0.42750807901584015,0.13209401835299397,0.17711090471635116,0.4387897544285854,0.023900315828355667,0.00217592592592597,0.012869785124719558,0.38352272727272724,0.12669205298415892,0.10829081900824408,0.0,0.6791070060195814,0.6269232836259503,0.29475763547998884,0.3075308760027291,0.38251107396336126,happy,03,03,03,male,normal,314
10,0.33366666666666667,True,1.0,0.3068538293182602,0.3113166739603006,0.3090852516392804,0.8168168168168166,-0.05180555555555555,-0.052361111111111136,0.42501569442039994,0.12012012012011966,0.17710444305856654,0.3784021646907368,0.004462844642040387,0.0005555555555555869,0.011176965195713564,0.388786764705882,0.12167821083184828,0.11305605265124996,0.0,0.9999999987499999,0.6264851938900562,0.29613309696815665,0.30567191170627134,0.38339606879973037,happy,03,03,03,male,normal,314
20,0.6673333333333333,True,1.0,0.23007969982405785,0.24313313478200915,0.2366064173030335,0.540394340473421,-0.05240740740740735,-0.05388888888888893,0.4025202938410237,0.10292302516153157,0.1840294360839854,0.43784029472949454,0.013053434957951304,0.0014814814814815835,0.015185862736426595,0.5778064317287673,0.12264319924258503,0.1128557639186921,0.0,0.7071067807446058,0.6232029488826781,0.2965498045558144,0.2946621065829149,0.3734747401330682,happy,03,03,03,male,normal,314
30,1.0010000000000001,True,1.0,0.2914300048757747,0.3416208870620642,0.31652544596891946,1.0560102611275481,-0.05162037037037037,-0.052962962962963045,0.3965539822116736,0.2575634783237922,0.1784876109678226,0.29973709311399255,0.05019088218628953,0.001342592592592673,0.007910868007640424,0.29522150010463866,0.12162270031880411,0.11395480041405553,0.0,0.6734813263278968,0.6204127507252901,0.29796812208105317,0.30878569524650973,0.38690204910123616,happy,03,03,03,male,normal,314
40,1.3346666666666667,True,1.0,0.261108229908589,0.27953442963706054,0.27032132977282475,0.8294234353973701,-0.05124999999999996,-0.052824074074074245,0.4214664837870977,0.15403080784690365,0.1792279752178617,0.32591474780709084,0.018426199728471537,0.0015740740740742831,0.018944368742341518,0.3776663781557676,0.12185745498367942,0.11336811959162972,0.0,0.9999999987499999,0.6238928369003852,0.2958920015050379,0.31088141415898896,0.3887911551826484,happy,03,03,03,male,normal,314
50,1.6683333333333334,True,1.0,0.24332780420213856,0.25338108511172935,0.24835444465693396,0.8589117056394391,-0.05208333333333326,-0.05314814814814817,0.4256315988298717,0.15288427701085283,0.1792756451513826,0.28915014549957735,0.01005328090959079,0.0010648148148149073,0.027205725319081143,0.36224449380323315,0.12311619946228022,0.11233957094589773,0.0,0.7545913647081736,0.6228612838572929,0.2963127628172611,0.31392740667002933,0.39135446360968035,happy,03,03,03,male,normal,314
60,2.0020000000000002,True,1.0,0.2330522315651561,0.25696983060797945,0.24501103108656777,0.7993144891062731,-0.051064814814814785,-0.052083333333333315,0.43240812493841413,0.12340667328706675,0.17647364491622908,0.3065264478822581,0.023917599042823368,0.0010185185185185297,0.02635985666623643,0.38074666838335236,0.12348694334750328,0.11193191052157936,0.0,0.9999999987499999,0.6251852419483418,0.2946812188900484,0.30774857348401896,0.38359095175980806,happy,03,03,03,male,normal,314
70,2.3356666666666666,True,1.0,0.21082710110114344,0.24357161556385046,0.22719935833249694,0.8320076937758416,-0.05032407407407408,-0.05199074074074067,0.40511044140700153,0.15125215476759749,0.18062695257212014,0.2730736266408958,0.032744514462707014,0.0016666666666665941,0.01956349332398484,0.3834670236220884,0.12160835817058986,0.11397010569892171,0.0,0.8351179157860549,0.6230314151207358,0.2983806809236588,0.30511038568870663,0.3823489444537991,happy,03,03,03,male,normal,314
80,2.6693333333333333,True,1.0,0.2412426904026782,0.2507331888519991,0.24598793962733864,0.7836825908145703,-0.0495833333333332,-0.051574074074074105,0.435173496822437,0.09940840566285268,0.1792756451513826,0.31388720702811,0.009490498449320872,0.001990740740740904,0.021365188051588227,0.3945339388699014,0.12268355203944277,0.11264288651151513,0.0,0.7071067807446058,0.6234933993050344,0.2953256987340063,0.3049060173086825,0.38463913783717346,happy,03,03,03,male,normal,314
90,3.003,True,1.0,0.260414097051682,0.27769855331619814,0.26905632518394007,0.7291835266819395,-0.04953703703703699,-0.050694444444444486,0.44502800767269113,0.06835831541884406,0.17716775714279095,0.36898299994275513,0.017284456264516135,0.0011574074074074958,0.02424659938037814,0.4130699834716146,0.12387507855309783,0.1115022093222376,0.0,0.7472910978992636,0.6244421660461059,0.2945977202510555,0.3091368722745765,0.3833921221576682,happy,03,03,03,male,normal,314
100,3.336666666666667,True,1.0,0.2666666666666669,0.2940211803299795,0.28034392349832316,0.7651758174866004,-0.04999999999999993,-0.05175925925925928,0.4461742388210373,0.07313179839515287,0.17858162448846265,0.36637844151841936,0.027354513663312596,0.0017592592592593492,0.019792571029233735,0.3972766962048951,0.12213914209040591,0.11340109232081336,0.0,0.7071067807446058,0.6236853901091687,0.2949577214549461,0.31158931447142213,0.38529942509857595,happy,03,03,03,male,normal,314
0,0.0,True,1.0,0.3067556753738589,0.3291473094734092,0.3179514924236341,0.8431872892449949,-0.05203703703703699,-0.05203703703703705,0.39556528272554525,0.20755379427569132,0.17502136100099497,0.3770828812046415,0.022391634099550306,5.551115123125783e-17,0.015243877047496447,0.3807692307692306,0.12309839718004201,0.11235907787987705,0.0,0.7139374588552929,0.6240885809011104,0.2945322433113577,0.30029780659087074,0.3767828737878783,happy,03,03,03,male,normal,315
10,0.33366666666666667,True,1.0,0.3214778524154902,0.3374892010015588,0.32948352670852454,0.8184782240211338,-0.05078703703703702,-0.05055555555555552,0.4004777551748959,0.17264775037945748,0.17847906182851891,0.40255625261450695,0.01601134858606862,0.00023148148148149916,0.010106594670471791,0.3958163341419041,0.1229138722255631,0.11239152030816726,0.0,0.7071067807446058,0.6239691675263855,0.29607732446278795,0.3054488861932866,0.37918613078899965,happy,03,03,03,male,normal,315
20,0.6673333333333333,True,1.0,0.3221503219837169,0.3412030593747631,0.33167669067924,0.7386877164065002,-0.050740740740740586,-0.05111111111111105,0.40975069405498754,0.11267605633802774,0.18268065722355614,0.4490079952767458,0.01905273739104618,0.0003703703703704653,0.016609886681105544,0.43853939192020375,0.12092068348015696,0.11420006231971605,0.0,0.9999999987499999,0.6211166325670894,0.29774311861685715,0.3020086768947622,0.3748596846842931,happy,03,03,03,male,normal,315
30,1.0010000000000001,True,1.0,0.306611677630708,0.29416498868378027,0.3003883331572441,0.9262643106569155,-0.050694444444444375,-0.052592592592592635,0.40830123730603013,0.2127658637120152,0.1806163926619766,0.3243008822656741,0.012446688946927742,0.0018981481481482598,0.017870465691183206,0.3498827649276242,0.12260254501698394,0.11289992792527216,0.0,0.7245892972893038,0.6210891322779111,0.2964965951399878,0.30327270410923685,0.38032947558307023,happy,03,03,03,male,normal,315
40,1.3346666666666667,True,1.0,0.2710634157014706,0.26423332560983986,0.2676483706556552,0.8205273804854949,-0.051157407407407485,-0.0524074074074074,0.41014307665500577,0.17399439897270413,0.18131060409212146,0.32619066349411924,0.006830090091630714,0.0012499999999999178,0.01640839795730369,0.40043731387550735,0.12285756992137975,0.11262235694244425,0.0,0.6743982075348357,0.6240607205616622,0.2956362505434988,0.30905318461418496,0.385147908549314,happy,03,03,03,male,normal,315
50,1.6683333333333334,True,1.0,0.29105104964599743,0.28072032148227327,0.28588568556413535,0.8167858382347098,-0.04962962962962958,-0.05212962962962958,0.4213198460327875,0.13812817334876296,0.1778743110935235,0.3500130293419508,0.010330728163724157,0.0025000000000000022,0.023379857928816014,0.38078574370825746,0.12223869976392171,0.11312547945797473,0.0,0.8640767496383939,0.6234059741552872,0.2952744150296814,0.30611680147358045,0.3855480377297792,happy,03,03,03,male,normal,315
60,2.0020000000000002,True,1.0,0.28638694671589554,0.30571993513057627,0.29605344092323593,0.7965156047539671,-0.049537037037036935,-0.05222222222222228,0.4083125634128798,0.1776576430583271,0.17925010926358442,0.37168567590672985,0.01933298841468073,0.002685185185185346,0.031146606693161116,0.39831444508896463,0.12353284629574611,0.1118812480107405,0.0,0.7262805088251386,0.6208967595241222,0.2942270675761278,0.3024589653871246,0.37113920193666816,happy,03,03,03,male,normal,315
70,2.3356666666666666,True,1.0,0.30033186580434784,0.3135541552554364,0.30694301052989215,0.8554388683701218,-0.051435185185185195,-0.05444444444444457,0.38977216722646485,0.23612838592338745,0.18070803211393494,0.3588134954806466,0.013222289451088554,0.003009259259259378,0.027838117578205986,0.3863598084568535,0.12451921251567513,0.11078241505264994,0.0,0.6599377044106177,0.6179991942558274,0.2928665371946228,0.31032373623965964,0.37247360230668713,happy,03,03,03,male,normal,315
80,2.6693333333333333,True,1.0,0.24678169192724414,0.25551378514247214,0.25114773853485817,0.8060026486755272,-0.05111111111111111,-0.052870370370370345,0.43515481218541313,0.1248383942261847,0.18070803211393494,0.31159666652157963,0.008732093215227998,0.0017592592592592382,0.03030955568400198,0.39038671724178636,0.12262098136795657,0.11287990387399377,0.0,0.6934527262950654,0.6153688330722914,0.2937175032319472,0.31467388123073586,0.38461959962162073,happy,03,03,03,male,normal,315
90,3.003,True,1.0,0.2857339731062886,0.290810081707634,0.28827202740696134,0.7826370701885648,-0.04958333333333326,-0.05356481481481473,0.43505835015721495,0.10769713580404516,0.17939178754498505,0.3683342361198231,0.005076108601345386,0.003981481481481475,0.03131554402611257,0.39350324157878364,0.1224206788492426,0.1130971050039399,0.0,0.7295604611874236,0.6156966999612346,0.29399769173002693,0.3115577286512703,0.3817832243858455,happy,03,03,03,male,normal,315
100,3.336666666666667,True,1.0,0.255656712779311,0.2584262705066789,0.25704149164299495,0.794656953646457,-0.05078703703703702,-0.05240740740740746,0.4390587219876041,0.1134894492965325,0.1793543579180893,0.3234622065074796,0.002769557727367866,0.0016203703703704386,0.029620305212775675,0.39467057858859383,0.12380766103291563,0.11157706233717495,0.0,0.6616973910038033,0.6181747865708783,0.29372235431170396,0.31443712320189443,0.3866417539816707,happy,03,03,03,male,normal,315
0,0.0,True,1.0,0.2194097513735395,0.18393845483842652,0.201674103105983,0.8161048492054328,-0.056620370370370376,-0.05171296296296296,0.47277965818425155,0.14477182530576096,0.16678381299687864,0.2471178835689247,0.03547129653511297,0.004907407407407416,0.03448860998721735,0.36808979011107495,0.12623806184730035,0.10881971104391235,0.0,0.6764213143887512,0.6224419303580807,0.2976809142848735,0.31845386116611274,0.3895867933799112,happy,03,03,03,male,strong,316
10,0.33366666666666667,True,1.0,0.2224588548278768,0.24124269040267785,0.2318507726152773,0.9631066228992566,-0.05532407407407408,-0.05458333333333337,0.4349836309201701,0.18790556006119644,0.17712641173327862,0.2407321963141868,0.01878383557480104,0.0007407407407407085,0.0012145890842709635,0.3301393305066136,0.12161221602062253,0.11396598915776708,0.0,0.6458232039950309,0.6172943547731593,0.2960583391993822,0.3078800022822451,0.39414738684228723,happy,03,03,03,male,strong,316
20,0.6673333333333333,True,1.0,0.28148148148148167,0.2843368719926575,0.2829091767370696,0.6662460323971402,-0.0559722222222222,-0.06083333333333335,0.40279475383525304,0.21590135297430177,0.1861701327690947,0.4246316870648639,0.002855390511175837,0.004861111111111149,0.014784499824542755,0.4583084691819972,0.12161534174205098,0.11396265363269735,0.0,0.6932766351672471,0.6132171313916192,0.2945903367130341,0.30581831523650416,0.3832721484929971,happy,03,03,03,male,strong,316
30,1.0010000000000001,True,1.0,0.2342419692348892,0.25349556494185443,0.24386876708837182,1.0072705671689537,-0.06921296296296298,-0.07805555555555554,0.4416181889719852,0.25156594340485916,0.18958695516515217,0.2421085009698955,0.01925359570696522,0.008842592592592569,0.037940978801152145,0.2972293563505984,0.12542305076902602,0.10975807991328301,0.0,0.7711026255383848,0.5713252616984293,0.275229099846145,0.34347656288900485,0.3715576240478767,happy,03,03,03,male,strong,316
40,1.3346666666666667,True,1.0,0.18176024645053876,0.21137647273987076,0.19656835959520474,0.8008672177536943,-0.06944444444444442,-0.08208333333333329,0.43774148514211014,0.26830872414412726,0.18224987636885565,0.24544438233662236,0.029616226289332,0.012638888888888866,0.05451557552667368,0.3943094019629748,0.12285240506527355,0.11245870527571869,0.0,0.6681421182799641,0.6184222364727142,0.29803256985180965,0.3174911031194873,0.3900236511372728,happy,03,03,03,male,strong,316
50,1.6683333333333334,True,1.0,0.2160363863584556,0.23968591538345985,0.2278611508709577,1.0853987400054206,-0.07291666666666669,-0.08157407407407408,0.4037823299821268,0.3615276499091507,0.18757973565010294,0.2099331263917072,0.02364952902500425,0.008657407407407391,0.026378857050760596,0.2943372356153611,0.12056809395589635,0.11507003298028867,0.0,0.6163077480854345,0.6164486854272959,0.30092926302202705,0.31556326904564885,0.3875931150788262,happy,03,03,03,male,strong,316
60,2.0020000000000002,True,1.0,0.18290246037373106,0.1958694793825734,0.18938596987815223,0.8713293533427116,-0.0698611111111111,-0.08050925925925917,0.4250520309435201,0.2915564529287867,0.18179470951116813,0.21735290926628853,0.01296701900884234,0.010648148148148073,0.06706105226085159,0.3446175406505471,0.12405970731622934,0.11129675103579194,0.0,0.6841587612375396,0.6136906731833358,0.2968832683370321,0.3218977677998661,0.3934076721960617,happy,03,03,03,male,strong,316
70,2.3356666666666666,True,1.0,0.20849408946603157,0.21289467929944003,0.2106943843827358,1.0589606911061578,-0.06513888888888891,-0.06912037037037033,0.4353131426577237,0.31845429240665196,0.17735240166427146,0.19896336677299223,0.004400589833408464,0.003981481481481419,0.04318280691493149,0.2949136738697038,0.12259852549712279,0.11290429272752295,0.0,0.6319134697762598,0.6141153017456983,0.2983624387864069,0.3209413960302354,0.3943348344907747,happy,03,03,03,male,strong,316
80,2.6693333333333333,True,1.0,0.23505675453462063,0.22652355883203065,0.23079015668332564,0.744981940186852,-0.06625000000000003,-0.06615740740740744,0.43011091105053323,0.1917031880619141,0.18916173439610223,0.309792955015044,0.00853319570258998,9.259259259258856e-05,0.031138486889342645,0.419615338537463,0.12253687250280906,0.11297120273506275,0.0,0.7071067807446058,0.6152216018126001,0.2975385180358877,0.3177691798184683,0.3858480770783066,happy,03,03,03,male,strong,316
90,3.003,True,1.0,0.2257059319136976,0.22597765633120986,0.22584179412245373,0.9328698165974576,-0.06601851851851842,-0.06416666666666665,0.3988913310799143,0.27713958149646506,0.1868745647217282,0.24209358058789746,0.0002717244175122757,0.0018518518518517713,0.022635913995868343,0.3201675558083633,0.12389999501887526,0.11147452177391923,0.0,0.6291469398668437,0.6118513152761105,0.29909402940966107,0.31845316019024333,0.3822309645731619,happy,03,03,03,male,strong,316
100,3.336666666666667,True,1.0,0.22926363325638424,0.2461691416845926,0.23771638747048843,0.9955692796702178,-0.06314814814814812,-0.06143518518518515,0.4434049007204434,0.1978814893720877,0.18232144680689652,0.23877432974753093,0.01690550842820837,0.0017129629629629717,0.02142703613272686,0.31000862085298847,0.12271614381559919,0.11277644176590516,0.0,0.6487242811602777,0.6129754077646684,0.30113169708318444,0.3239772289810765,0.40098450532450075,happy,03,03,03,male,strong,316
110,3.6703333333333332,True,1.0,0.20659284399552064,0.23118509515258495,0.2188889695740528,0.8927241235752511,-0.06245370370370362,-0.06115740740740738,0.46253527359965313,0.13974405418074776,0.18485599221902047,0.245192175044435,0.024592251157064315,0.0012962962962962399,0.026417468053903125,0.34877602119038903,0.1200728207930542,0.11542179832643334,0.0,0.9999999987499999,0.6213607294949229,0.29549645535428276,0.3179926567163842,0.40859607710397544,happy,03,03,03,male,strong,316
120,4.0040000000000004,True,1.0,0.28573397310628934,0.28969974540790144,0.2877168592570954,0.8652651780927848,-0.06097222222222226,-0.061064814814814794,0.4558443300498543,0.12045248448750816,0.18689742604383394,0.3325187081852527,0.003965772301612103,9.259259259253305e-05,0.02756393381583541,0.3639313143063662,0.12307586336905953,0.11238376050998122,0.0,0.6647988442088884,0.6190429801451831,0.2950171464632663,0.32573886924314627,0.4108037722927436,happy,03,03,03,male,strong,316
0,0.0,True,1.0,0.20494531461443985,0.19018181550909194,0.1975635650617659,0.8763538449500056,-0.042638888888889004,-0.053009259259259256,0.3947148656308667,0.13889229338810855,0.17488786175803353,0.22543812205563674,0.01476349910534791,0.010370370370370252,0.10416297615687085,0.33641845981524765,0.12093846790094892,0.1140142489403509,0.0,0.8035757767406114,0.596037515138868,0.30059187281947064,0.2880829242026567,0.358016267232292,happy,03,03,03,male,strong,317
10,0.33366666666666667,True,1.0,0.25797750789844326,0.25555259597163854,0.2567650519350409,1.1118677575651956,-0.04407407407407404,-0.053148148148148056,0.4105526447556314,0.2168570927956615,0.17847763165473998,0.2309312867362153,0.002424911926804718,0.009074074074074012,0.08896171254772647,0.2725059634791828,0.11897316070844598,0.11671831390299574,0.0,0.8504355900403416,0.5911697016931774,0.3002232604650574,0.2927882110806158,0.36539070918179223,happy,03,03,03,male,strong,317
20,0.6673333333333333,True,1.0,0.2609102957700486,0.2348960594227499,0.24790317759639924,1.1064231746988638,-0.05162037037037037,-0.05740740740740741,0.392423163350848,0.2883367756270385,0.18093545187037785,0.2240581933434929,0.026014236347298686,0.005787037037037035,0.06090875835356009,0.28241439443821825,0.11740104624716474,0.11813834331804432,0.0,0.8305399876995313,0.5979479048728866,0.2945342506755296,0.28836591516412513,0.3465370762664392,happy,03,03,03,male,strong,317
30,1.0010000000000001,True,1.0,0.26712064474119745,0.2579610481823203,0.2625408464617589,1.006912947757233,-0.06805555555555554,-0.07717592592592593,0.4560883733418388,0.25144028131377427,0.18972855479946454,0.2607383756922923,0.009159596558877159,0.00912037037037039,0.02001754371831134,0.3094325457233902,0.12335409132755949,0.11207830264291715,0.0,0.6737884271002993,0.6468247188328456,0.31547656665125695,0.3104637457018135,0.43193522352664215,happy,03,03,03,male,strong,317
40,1.3346666666666667,True,1.0,0.2009580520057501,0.21980290766306693,0.2103804798344085,0.7731205081498954,-0.06472222222222235,-0.07337962962962963,0.44244504885234176,0.22086305214969407,0.18750040690060016,0.27211861232067996,0.018844855657316834,0.00865740740740728,0.023602602033960696,0.4027482965393781,0.12108727915961816,0.11419037043731642,0.0,0.7316076319552601,0.6076139690876351,0.2981256883166001,0.3186002967257839,0.3817863638620592,happy,03,03,03,male,strong,317
50,1.6683333333333334,True,1.0,0.18854191110810556,0.2055577421256538,0.1970498266168797,0.934437825074081,-0.06837962962962968,-0.07495370370370369,0.4188445151191505,0.33276189127102973,0.19029742384669857,0.21087526781277058,0.01701583101754825,0.00657407407407401,0.014729495480837454,0.3534170916563837,0.12258672944635467,0.11291710027276246,0.0,0.7071067807446058,0.6087870325317628,0.298536919402216,0.33021026860510316,0.3898906678845247,happy,03,03,03,male,strong,317
60,2.0020000000000002,True,1.0,0.20549879908847857,0.16106604808004063,0.1832824235842596,1.029268611098459,-0.06328703703703703,-0.06666666666666665,0.4258977227429936,0.36013149037277115,0.1750108987956625,0.17807054602457606,0.04443275100843794,0.0033796296296296213,0.012308873882269054,0.3194238874881734,0.12348624424724466,0.11193268178758432,0.0,0.6749334603453467,0.6107665006783964,0.2956851811799059,0.32904790580424464,0.3912033991151344,happy,03,03,03,male,strong,317
70,2.3356666666666666,True,1.0,0.23615623288718532,0.2566826666897993,0.24641944978849228,1.3764129971659889,-0.06958333333333327,-0.0732870370370371,0.39530961044224616,0.4959028148958044,0.1779017598901022,0.17903016775914335,0.020526433802613958,0.00370370370370382,0.019190848262966863,0.2337554014193998,0.12278275043673466,0.11270392169567074,0.0,0.6269380898747713,0.6031594266456584,0.30055695746910893,0.3190589946490325,0.3786346386860401,happy,03,03,03,male,strong,317
80,2.6693333333333333,True,1.0,0.17824462569975777,0.17251395991682955,0.17537929280829367,0.8065480224840981,-0.06805555555555554,-0.07074074074074072,0.41668968341536455,0.29806219113087856,0.180566119023589,0.21744432807378367,0.005730665782928218,0.0026851851851851793,0.006460046252057028,0.3834134303534726,0.1263441365045684,0.10869653601470224,0.0,0.8298467809568381,0.6121047525025635,0.29402073771099957,0.3285275027669056,0.39019782339407727,happy,03,03,03,male,strong,317
90,3.003,True,1.0,0.16904316697727093,0.15764130104736235,0.16334223401231662,1.0333717966863312,-0.06861111111111107,-0.06712962962962965,0.370646387872108,0.3974506910332048,0.18680923124255766,0.15806724601551844,0.011401865929908578,0.001481481481481417,0.006075939930100317,0.3039680121864966,0.12217996617098766,0.11335710668814017,0.0,0.7812612809194711,0.6048192337638181,0.29567190931869786,0.3189462841872173,0.36642975983546944,happy,03,03,03,male,strong,317
100,3.336666666666667,True,1.0,0.16220579320173847,0.18637992831541164,0.17429286075857506,1.0539681275348047,-0.0646296296296297,-0.061712962962962914,0.40971194330841587,0.30780245506889453,0.18336703828728795,0.16536824615962542,0.024174135113673167,0.0029166666666667895,0.007835715149246568,0.29780419878492076,0.12347147685722781,0.11194897129086703,0.0,0.7543203676958555,0.6008860148278061,0.2974941524638354,0.3246202720059538,0.3809763227891386,happy,03,03,03,male,strong,317
110,3.6703333333333332,True,1.0,0.17109051482515425,0.17234937065143277,0.1717199427382935,0.8779452646300488,-0.06171296296296297,-0.059305555555555556,0.456320623608443,0.17451525759125405,0.18263930661951863,0.19559299384188072,0.001258855826278521,0.0024074074074074137,0.006526118177798636,0.35258314418706177,0.1228463900166516,0.11263455167246719,0.0,0.6836953059486607,0.6512687642713336,0.31184647996035414,0.31331661329413557,0.43006408439185634,happy,03,03,03,male,strong,317
120,4.0040000000000004,True,1.0,0.21533693203193033,0.21951558463536142,0.21742625833364587,1.0047888602879733,-0.06023148148148155,-0.05884259259259267,0.43987082806631567,0.2263492102471756,0.18265392658968596,0.21638999687091606,0.004178652603431088,0.001388888888888884,0.005914391946494916,0.31524123032588053,0.12139933473163167,0.11419272873816742,0.0,0.7726236595529847,0.6085533820325005,0.2925199211380034,0.32537423873411087,0.40743676703628706,happy,03,03,03,male,strong,317
130,4.337666666666666,True,1.0,0.23343899466997617,0.22345357464109233,0.22844628465553424,1.0351155705476378,-0.05842592592592594,-0.058009259259259316,0.4377008344770349,0.23064644109240334,0.181253788349418,0.22069640449391806,0.009985420028883835,0.0004166666666666208,0.005441828869677023,0.3057008078484,0.12264933457966648,0.11284909612955753,0.0,0.7071067807446058,0.6097645881868373,0.2937984095904336,0.3245722769769218,0.40588687577513866,happy,03,03,03,male,strong,317
0,0.0,True,1.0,0.42876450445204206,0.4137121841994217,0.4212383443257319,0.8675066637090184,-0.07032407407407393,-0.064351851851852,0.47705593876473,0.06872535953075373,0.20291355644463352,0.4855736122241764,0.015052320252620377,0.0059722222222219346,0.019175299305614155,0.3515485984473336,0.12398027914296156,0.11138522412786668,0.0,0.751156503926098,0.60261869951887,0.30019165888133764,0.3322179794602316,0.4158671209687259,happy,03,03,03,male,strong,318
10,0.33366666666666667,True,1.0,0.4445790677092822,0.419917077949975,0.4322480728296286,0.8696522210562191,-0.07467592592592592,-0.06736111111111115,0.46541798637230475,0.10320744071275732,0.20570396587329837,0.49703555325213816,0.024661989759307168,0.007314814814814774,0.027817837620482778,0.36183926810507916,0.12262686771909836,0.11287350921977676,0.0,0.783062767574755,0.6055752841136456,0.29939502858641803,0.3312520570702416,0.41530461214199754,happy,03,03,03,male,strong,318
20,0.6673333333333333,True,1.0,0.3902587156367984,0.3176557532563697,0.35395723444658406,0.7923473153974319,-0.08050925925925934,-0.07259259259259265,0.4356673595332256,0.14547301328368512,0.21466331596207835,0.44671980022932667,0.07260296238042874,0.007916666666666683,0.02121205722765404,0.4008989948166075,0.11982841012059307,0.11584010487598678,0.0,0.7096131450447392,0.6012405507046569,0.30015170334786506,0.32767970994294043,0.4033673259524361,happy,03,03,03,male,strong,318
30,1.0010000000000001,True,1.0,0.4139582230035132,0.40418223033024975,0.4090702266668815,1.1864453831339627,-0.0813888888888889,-0.07217592592592598,0.4153881406683998,0.17720929733661342,0.22172606286172244,0.34478639512788506,0.009775992673263456,0.009212962962962923,0.019910087752603167,0.2714636980401882,0.11974386208767206,0.11592750002542193,0.0,0.7387068831071752,0.5712008238139005,0.3047575745007545,0.3263375308478516,0.4050942821580706,happy,03,03,03,male,strong,318
40,1.3346666666666667,True,1.0,0.4138941591072924,0.4177568595360344,0.4158255093216634,0.8948499129491032,-0.07699074074074086,-0.06893518518518515,0.44711334007495257,0.11181202533080956,0.21467433345522335,0.4646874333945591,0.0038627004287420386,0.008055555555555705,0.02115608271552621,0.36739776598562085,0.11989669598809964,0.11576942627798836,0.0,0.8826037470008372,0.5931439433429623,0.29832874185905683,0.3210637830003967,0.40762357912924924,happy,03,03,03,male,strong,318
50,1.6683333333333334,True,1.0,0.33151617010984413,0.3506598868808478,0.341088028495346,1.0874479797346333,-0.0806944444444444,-0.07134259259259246,0.4364274543922682,0.2038090496049963,0.2132860371472434,0.31365916793424975,0.019143716771003683,0.009351851851851944,0.0224333265357518,0.2994249894158837,0.12017712142146048,0.11547829777314773,0.0,0.7369386052022697,0.5846528195653262,0.2987638790754602,0.3285880912907397,0.41319078781881124,happy,03,03,03,male,strong,318
60,2.0020000000000002,True,1.0,0.39006904017782035,0.34247673701665626,0.3662728885972383,0.5328918101751423,-0.08203703703703707,-0.0730555555555556,0.4273646256884085,0.040470541868957204,0.21820979943258187,0.6873306768907887,0.047592303161164085,0.00898148148148148,0.026848791880906674,0.5409714324836961,0.12408116903377026,0.11127282355353636,0.0,0.718417792414525,0.582683964070003,0.297416298667293,0.32973992774268934,0.40617134417580597,happy,03,03,03,male,strong,318
70,2.3356666666666666,True,1.0,0.3680180285016252,0.32084146684114295,0.34442974767138407,0.8299496958604607,-0.08277777777777784,-0.07129629629629619,0.4638777271186639,0.09040563061924765,0.21678072543703453,0.4150007517194066,0.04717656166048223,0.011481481481481648,0.026959380320593238,0.37681048709804676,0.12212397438911267,0.11341742656844464,0.0,0.6912062248309717,0.5811458889180673,0.2976697821711012,0.32852908746583503,0.4095591810475857,happy,03,03,03,male,strong,318
80,2.6693333333333333,True,1.0,0.43661101721274775,0.3593146782239815,0.39796284771836465,1.0774003713619227,-0.0825462962962964,-0.07027777777777777,0.36560710332204654,0.27932379271604213,0.21809788729698323,0.36937322308076326,0.07729633898876626,0.012268518518518623,0.014385911544598928,0.310046537978881,0.1198431729925154,0.11582483177940564,0.0,0.8017937873088627,0.5842914417954683,0.29848123035601604,0.3173589892923874,0.39799503330274005,happy,03,03,03,male,strong,318
90,3.003,True,1.0,0.4048608788867737,0.37081999388008285,0.38784043638342824,1.0827460336338541,-0.07944444444444448,-0.0681018518518518,0.38794991575350796,0.3182805316906629,0.2119355505636399,0.3582007454525407,0.034040885006690835,0.011342592592592682,0.022661070658925583,0.29314727881658187,0.12200853260055036,0.1135416035766779,0.0,0.7494700697604217,0.5909140580607244,0.2989638760151004,0.3279521909802893,0.4027397305352772,happy,03,03,03,male,strong,318
100,3.336666666666667,True,1.0,0.33738502241388746,0.31250297201353766,0.3249439972137126,1.0671959697719622,-0.07620370370370372,-0.06472222222222224,0.4555437852434384,0.2155394864052498,0.20566279274614474,0.30448390587826757,0.024882050400349798,0.011481481481481481,0.02427216007099852,0.296067953466942,0.12214939495762492,0.11322190218290036,0.0,0.9999999987499999,0.5993414365589986,0.296167481197316,0.34142486862635313,0.4181710971925764,happy,03,03,03,male,strong,318
110,3.6703333333333332,True,1.0,0.3618147352769833,0.32183304942951846,0.3418238923532509,1.0370517254995995,-0.0766203703703704,-0.06402777777777774,0.46494440174415397,0.2146875950497315,0.20421187750114683,0.3296112276256783,0.039981685847464865,0.012592592592592655,0.018214542862885062,0.3082314011979454,0.12270965957826584,0.11278349709278934,0.0,0.6808067302368701,0.6034605052646058,0.29425254881389423,0.3439426885139917,0.4201430788480587,happy,03,03,03,male,strong,318
120,4.0040000000000004,True,1.0,0.3619789486924602,0.33416718035895093,0.3480730645257056,1.0255139549568009,-0.0758333333333332,-0.0643981481481481,0.4646361082141832,0.15692506763232666,0.20502528162508307,0.3394132891544786,0.02781176833350929,0.011435185185185104,0.019876195076467918,0.3048126392800668,0.12355676991071947,0.11185482725186162,0.0,0.6702911195226273,0.6071941704963235,0.2936166430086985,0.3454042867451565,0.4225160163284864,happy,03,03,03,male,strong,318
0,0.0,True,1.0,0.2715923204301578,0.28494628777503195,0.27826930410259487,0.9075343682335845,-0.05282407407407402,-0.05421296296296296,0.4629148349478296,0.09838700847065017,0.17654496410821927,0.3066212298320067,0.013353967344874151,0.0013888888888889395,0.017125236101163174,0.3328826172281226,0.12552776064109453,0.10963831027093093,0.0,0.6197123031428019,0.6256061511479593,0.29450496156097017,0.3135713406202898,0.4013626488608483,happy,03,03,03,male,strong,319
10,0.33366666666666667,True,1.0,0.281222325547164,0.28724833584504744,0.28423533069610574,0.9360005581684652,-0.05236111111111108,-0.054398148148148195,0.4667665528896198,0.09792003979471191,0.1780676491833017,0.3036700440139566,0.006026010297883466,0.002037037037037115,0.02584473371407576,0.32877758323951883,0.12386289639500421,0.11151574179061809,0.0,0.6894889348933707,0.6175737016134579,0.29900997880662566,0.3191179870145803,0.4034285548265854,happy,03,03,03,male,strong,319
20,0.6673333333333333,True,1.0,0.21054082228884397,0.20247897746614227,0.20650989987749313,0.851783457623663,-0.056851851851851876,-0.05662037037037032,0.4541492351783479,0.10085804436967727,0.17986789790391577,0.2424441306404589,0.008061844822701697,0.00023148148148155467,0.02501952380091228,0.37095964237165946,0.12065712418631033,0.1149766765615001,0.0,0.691758422869699,0.6252504658113245,0.29716381186350127,0.30508341511425857,0.3971156856765258,happy,03,03,03,male,strong,319
30,1.0010000000000001,True,1.0,0.2790859842169559,0.28437757828062693,0.2817317812487914,1.2127671033327214,-0.07731481481481478,-0.0791203703703704,0.3975367264234398,0.2997429320876504,0.2063834943218949,0.23230493346544753,0.0052915940636710235,0.0018055555555556158,0.02716423566079627,0.27536729599215304,0.12087482713133478,0.11474778401352884,0.0,0.6720134320476578,0.6275721769020108,0.29868975091063327,0.32191304967822193,0.4069371783962712,happy,03,03,03,male,strong,319
40,1.3346666666666667,True,1.0,0.29918477547913874,0.2894176108072236,0.29430119314318115,0.7969629837919212,-0.07319444444444445,-0.07513888888888892,0.43263158089990555,0.19327495121676855,0.1972690246162261,0.369278371930032,0.00976716467191513,0.0019444444444444708,0.027157818256398094,0.3828541898987305,0.12242489925793609,0.11292394725803034,0.0,0.7367477542576911,0.6187118406581382,0.29960632708779383,0.31032669295515025,0.3797017022991601,happy,03,03,03,male,strong,319
50,1.6683333333333334,True,1.0,0.23610610742345198,0.19995102977322673,0.21802856859833936,0.793387525791969,-0.06384259259259256,-0.06152777777777785,0.4610524652742812,0.1573619290139917,0.18428670713176193,0.2748071547768546,0.03615507765022524,0.002314814814814714,0.03136173104513715,0.3809700111154116,0.12315156330371303,0.11230080242892729,0.0,0.8271151762080423,0.6274978100224465,0.293806767343031,0.3108273827810592,0.39578643405804687,happy,03,03,03,male,strong,319
60,2.0020000000000002,True,1.0,0.23866895407551564,0.2415829501561569,0.24012595211583626,0.44865429637943915,-0.05805555555555553,-0.05884259259259256,0.40705233053719464,0.11769300240112153,0.18426642021493542,0.5352137582401645,0.0029139960806412735,0.0007870370370370305,0.04865310608436717,0.6769633290737622,0.12727693789880062,0.10742557843591206,0.0,0.9999999987499999,0.5627395250209458,0.2657944348800203,0.3353188055921781,0.35821296558531174,happy,03,03,03,male,strong,319
70,2.3356666666666666,True,1.0,0.2520014210607542,0.2580578197027894,0.2550296203817718,0.7837998140141721,-0.05546296296296299,-0.05499999999999999,0.4531783514365651,0.12681030179907835,0.18359324209445113,0.32537596440047195,0.006056398642035221,0.0004629629629629983,0.03367078338881623,0.3918285072945721,0.12384496903641347,0.11153565086889704,0.0,0.7438248890286886,0.6249858040950755,0.29475579288406256,0.32567654372596283,0.41213070266520013,happy,03,03,03,male,strong,319
80,2.6693333333333333,True,1.0,0.29577741659634416,0.2970693187802339,0.29642336768828903,0.9423596255594897,-0.0537037037037037,-0.056203703703703756,0.3824966100791179,0.20264657404478914,0.1828997844892348,0.31455440115263755,0.0012919021838897482,0.0025000000000000577,0.028812355764555674,0.3303971371494736,0.12238880632639783,0.11296306435538662,0.0,0.9999999987499999,0.6253890870332509,0.29527566839337843,0.3120102998066006,0.3880613400563671,happy,03,03,03,male,strong,319
90,3.003,True,1.0,0.27700531426149416,0.2558317469558129,0.2664185306086535,0.996808380313575,-0.05453703703703705,-0.05449074074074073,0.4446561916041589,0.1511258305302223,0.18414755196368424,0.26727155978047035,0.021173567305681262,4.629629629632204e-05,0.023280696987973755,0.31764533837589937,0.12357537523431635,0.11183427205564812,0.0,0.66702133759296,0.6215698778026837,0.29468758881871165,0.3247558635239202,0.4066550757126152,happy,03,03,03,male,strong,319
100,3.336666666666667,True,1.0,0.276749524983622,0.29394941396691865,0.2853494694752703,0.9249548977381647,-0.05546296296296288,-0.05666666666666664,0.45897611807795585,0.12899451155146044,0.18147253647354078,0.30850095520662535,0.017199888983296663,0.0012037037037037623,0.02178949008016176,0.32871435073393074,0.12261857417438514,0.11288251874201857,0.0,0.9999999987499999,0.6183723190916992,0.29512422149464484,0.32477712040657625,0.41001901208119856,happy,03,03,03,male,strong,319
110,3.6703333333333332,True,1.0,0.2560043370513896,0.25999446420253863,0.25799940062696414,0.8764929460911502,-0.05361111111111111,-0.05421296296296296,0.4662345268320628,0.10814383445506316,0.18075995458352442,0.2943542235879371,0.003990127151149048,0.0006018518518518534,0.0269679577876533,0.3489816354779907,0.12118346695378994,0.11425515813092423,0.0,0.7071067807446058,0.6171925484178046,0.2972383040437306,0.3178016041881704,0.40541764340743347,happy,03,03,03,male,strong,319
0,0.0,True,1.0,0.32518864558688426,0.33749961923486976,0.331344132410877,0.5073095087683908,-0.049768518518518545,-0.05199074074074067,0.345057595889226,0.17895248026792687,0.16742674269242563,0.653139999711991,0.012310973647985501,0.0022222222222221255,0.02329765515830677,0.6290198479231103,0.12932067653334547,0.10513772107089718,0.0,0.6855479690441262,0.6263042973204906,0.2918275863551153,0.2965881408102302,0.36529008009432223,sad,04,03,03,male,normal,320
10,0.33366666666666667,True,1.0,0.3047162249174846,0.32683031816034264,0.31577327153891366,0.5528880352870444,-0.0499074074074074,-0.053009259259259256,0.35965660553448336,0.25507299208269624,0.16746364915329037,0.5711342105187224,0.022114093242858013,0.0031018518518518556,0.024131197847554457,0.5933188016661636,0.12650014427725598,0.10851493569340556,0.0,0.7523783850856087,0.6266642755617874,0.2927763194367455,0.29803939865902235,0.3724021820285232,sad,04,03,03,male,normal,320
20,0.6673333333333333,True,1.0,0.3310660095045812,0.3152694345116095,0.32316772200809535,0.520992273278558,-0.04944444444444446,-0.052731481481481546,0.3635155443484234,0.21815270333038506,0.16889642085184187,0.6202927348124179,0.015796574992971713,0.0032870370370370883,0.02392436718179221,0.5780674216440137,0.1246997582154575,0.11057914844794844,0.0,0.6677522000207138,0.6289719554618722,0.2932422583997547,0.2965539740145223,0.3689415456145575,sad,04,03,03,male,normal,320
30,1.0010000000000001,True,1.0,0.3605090239809481,0.3660832180412736,0.36329612101111086,0.9047197005075588,-0.05106481481481484,-0.05499999999999999,0.3678202328201587,0.27399831217559456,0.16681491616261498,0.40155654929067786,0.005574194060325499,0.003935185185185153,0.02207358103797758,0.36061951366861955,0.12617131401322731,0.10889709496065977,0.0,0.6835875830776457,0.6298560716708559,0.292428655675212,0.2992140310428541,0.36545560817718825,sad,04,03,03,male,normal,320
40,1.3346666666666667,True,1.0,0.3426490732561376,0.3584074679320173,0.35052827059407743,0.7824150760797611,-0.059537037037037055,-0.06513888888888886,0.35739165182737176,0.29149026904655934,0.17727323036547304,0.44800807309385715,0.015758394675879694,0.005601851851851802,0.02910779925610278,0.4125171324229391,0.12553456596990764,0.1096305181852603,0.0,0.646412835161817,0.6282827244960485,0.29371875524904495,0.3034997480189015,0.37337646902291916,sad,04,03,03,male,normal,320
50,1.6683333333333334,True,1.0,0.35918096060404137,0.3688757983908327,0.36402837949743705,0.9508382122981535,-0.056851851851851876,-0.06291666666666662,0.36191284967422793,0.2933903722217194,0.176528973825883,0.3828499683637967,0.00969483778679131,0.006064814814814745,0.026617674244874275,0.3417196547373239,0.12314183192457266,0.11231147314839171,0.0,0.6643535842154936,0.6287990806166216,0.29395896841172164,0.30419574177053155,0.37502587921731123,sad,04,03,03,male,normal,320
60,2.0020000000000002,True,1.0,0.3813830359811879,0.39158114845370023,0.38648209221744406,1.138459757470448,-0.05763888888888885,-0.06384259259259256,0.3437093565542563,0.35460812893002,0.1765795327415452,0.33947804450828495,0.010198112472512344,0.006203703703703711,0.027592544549284028,0.3004367759051022,0.1241740662040145,0.11116914613751624,0.0,0.7029304838309506,0.625175997289541,0.2948309202104745,0.30334739769760843,0.37131716568275996,sad,04,03,03,male,normal,320
70,2.3356666666666666,True,1.0,0.32949851465407975,0.32160390817484447,0.3255512114144621,0.7677303550479502,-0.05703703703703705,-0.06250000000000006,0.35797382036002534,0.29120052172925004,0.17867900448569995,0.42404368835218076,0.007894606479235289,0.005462962962963003,0.02503655706391492,0.4096756077691236,0.1260091184503914,0.10908473696154063,0.0,0.9999999987499999,0.6303257342937175,0.2937428567638607,0.30446127715495636,0.3736695820863768,sad,04,03,03,male,normal,320
80,2.6693333333333333,True,1.0,0.32775128746239196,0.321603908174844,0.324677597818618,1.013103410490615,-0.05550925925925937,-0.06009259259259253,0.3353132583100656,0.4004793222735647,0.16898899814526575,0.32047823988805507,0.006147379287547938,0.004583333333333162,0.026663458025208236,0.33695503689918593,0.12485160306988737,0.11040767627971662,0.0,0.7015722726760858,0.6269471250609618,0.2946481243536173,0.30120719135106244,0.3701945859174686,sad,04,03,03,male,normal,320
90,3.003,True,1.0,0.31306762326083776,0.3107124426529722,0.311890032956905,0.86390357815924,-0.054907407407407405,-0.06009259259259253,0.3544666721222809,0.3237362946964342,0.1696824644659166,0.36102412449947685,0.002355180607865548,0.005185185185185126,0.03078357241162822,0.38554664826977775,0.12676588909997785,0.10820437667461394,0.0,0.6884096207972199,0.6268062955807324,0.2926262181243697,0.2989177189318149,0.3697459126929778,sad,04,03,03,male,normal,320
100,3.336666666666667,True,1.0,0.3279654090545842,0.3301417845212331,0.3290535967879087,0.9726356369296418,-0.056620370370370376,-0.061481481481481415,0.35112939633557777,0.3698564977045972,0.1697256232415337,0.33831126918878424,0.0021763754666488944,0.004861111111111038,0.02550197855416148,0.3468110424247838,0.12583886973429995,0.1092810900141131,0.0,0.6038716224501747,0.626489396289766,0.2940856492834292,0.2988851203427202,0.36491084548245634,sad,04,03,03,male,normal,320
0,0.0,True,1.0,0.30522570187599685,0.31223204322818876,0.3087288725520928,0.6568888219142551,-0.05560185185185185,-0.05782407407407414,0.3658767210149284,0.19566901078297005,0.17086950399915837,0.4699864912488825,0.007006341352191914,0.002222222222222292,0.015356109081078321,0.4672400041523702,0.1275937623596691,0.10722690696740826,0.0,0.6352292111510796,0.6255564674307224,0.2911911743267729,0.295225661936541,0.360480802960383,sad,04,03,03,male,normal,321
10,0.33366666666666667,True,1.0,0.3979068813909,0.37519226010318113,0.38654957074704055,0.6510526963972778,-0.053240740740740755,-0.05509259259259258,0.3602946993369683,0.1627510064455525,0.16604988980092203,0.5937300818905829,0.022714621287718895,0.0018518518518518268,0.01373563213761402,0.4407208837620246,0.12515422674442475,0.11006451425634427,0.0,0.6952804575095237,0.6295681478450754,0.2899561744987855,0.2933689285450894,0.36092892085481476,sad,04,03,03,male,normal,321
20,0.6673333333333333,True,1.0,0.2859980663749175,0.2873369077512597,0.2866674870630886,0.724850307599614,-0.0521759259259259,-0.055092592592592526,0.3588485537662418,0.20603477006872245,0.17016758544842098,0.3954850871380678,0.0013388413763422147,0.002916666666666623,0.0148698921968769,0.44150458230489753,0.12403182306580361,0.11132782508179336,0.0,0.6841533645903968,0.6272884185471064,0.29326055387850625,0.2890961339356116,0.35908910339384936,sad,04,03,03,male,normal,321
30,1.0010000000000001,True,1.0,0.36627084225119594,0.36784527288600893,0.36705805756860244,0.9188057980784098,-0.0615277777777779,-0.06541666666666657,0.378620428466564,0.24993502223128217,0.17852394024248935,0.3994947118708519,0.0015744306348129955,0.003888888888888664,0.011391492932938322,0.3486214834987877,0.12372329152603022,0.11167060895525854,0.0,0.6587842187181986,0.629018935277236,0.2938509541191961,0.2998454502846106,0.37056508125845034,sad,04,03,03,male,normal,321
40,1.3346666666666667,True,1.0,0.34532453348188064,0.33763057424286474,0.34147755386237266,0.7754429776212735,-0.05925925925925929,-0.06342592592592605,0.36786423100380394,0.2629773528701768,0.18065060453086212,0.4403644932215124,0.007693959239015891,0.004166666666666763,0.018812944156876576,0.4031868766684064,0.12371066842415246,0.11151387510465723,0.0,0.690171545072565,0.6286165403817777,0.2952394709199991,0.30002124195890817,0.36802010591985634,sad,04,03,03,male,normal,321
50,1.6683333333333334,True,1.0,0.34035658527452306,0.3312821554124072,0.3358193703434651,0.903054404697041,-0.056990740740740675,-0.06250000000000006,0.3636355586497949,0.2847135335872938,0.17577953531399623,0.37187058564442377,0.009074429862115874,0.00550925925925938,0.016789518514547574,0.3576764590735241,0.12380584294679611,0.11157907968196847,0.0,0.678155175187551,0.6252140772402712,0.29525422908520105,0.29909318418309105,0.36271481441901243,sad,04,03,03,male,normal,321
60,2.0020000000000002,True,1.0,0.2749711349985435,0.28002634526555586,0.27749874013204967,0.9896843855954974,-0.0539351851851852,-0.056990740740740786,0.35897122837951945,0.28262100818134184,0.17104935053030826,0.280391147087844,0.005055210267012389,0.003055555555555589,0.016750905490060853,0.3385323791166075,0.12472321803275957,0.11055268723167237,0.0,0.875582707933995,0.6209616927317803,0.2964536994824304,0.2964479089320129,0.3595286747530625,sad,04,03,03,male,normal,321
70,2.3356666666666666,True,1.0,0.23662193327707437,0.22587980861762968,0.23125087094735203,0.7613792408961136,-0.05046296296296304,-0.05282407407407408,0.3624832875600505,0.25344955015897874,0.16818670474647227,0.30372626219120286,0.010742124659444685,0.002361111111111036,0.014855997112106905,0.40947606342120607,0.12456700443804848,0.1107286736840828,0.0,0.6743878346522519,0.624942429948542,0.2955390571015844,0.2931250674517212,0.3600252753704156,sad,04,03,03,male,normal,321
80,2.6693333333333333,True,1.0,0.22346678690617539,0.21860245762246644,0.2210346222643209,0.9342079194311006,-0.05444444444444446,-0.05601851851851852,0.34729392825817706,0.3064304724601594,0.16405685639359968,0.23660110096146814,0.004864329283708946,0.001574074074074061,0.020936550074383158,0.3615783700175509,0.12432649410540879,0.11099865149614249,0.0,0.6948561668118682,0.6263725416025786,0.2932774789730712,0.291377610931964,0.35709919391286765,sad,04,03,03,male,normal,321
90,3.003,True,1.0,0.20974476515465412,0.21276188569023055,0.21125332542244235,0.7051807445446822,-0.05824074074074076,-0.05995370370370362,0.36591243384805494,0.1866200928312576,0.17097797008486287,0.2995733038043224,0.0030171205355764286,0.0017129629629628607,0.017616615566753296,0.45252070200112343,0.12597684552572846,0.1091220058562972,0.0,0.6592909744154227,0.6306276833702231,0.2916724629111353,0.2939315451714645,0.3619358694679721,sad,04,03,03,male,normal,321
100,3.336666666666667,True,1.0,0.2078925310382923,0.200169074972226,0.20403080300525916,0.5266625887711014,-0.06740740740740736,-0.06953703703703695,0.38140499316098225,0.13491545235574723,0.1730295816070509,0.38740325847206747,0.007723456066066309,0.0021296296296295925,0.01975153911273096,0.5643047999126625,0.12561993394530918,0.10953268903014458,0.0,0.9999999987499999,0.6310169652157739,0.2905542525360952,0.29704709052294453,0.37142252108320545,sad,04,03,03,male,normal,321
0,0.0,True,1.0,0.5509591820627225,0.5031547608171582,0.5270569714399403,0.8160056017601905,-0.050925925925925875,-0.05319444444444443,0.3358331427661858,0.33864302536346413,0.1667440107808776,0.6458987172429154,0.04780442124556439,0.0022685185185185586,0.017841522440948197,0.39305316422249303,0.1280820740859592,0.1066431435618827,0.0,0.6986389960243362,0.629446074742397,0.2890374899115253,0.2975255940737807,0.3671322990467781,sad,04,03,03,male,normal,322
10,0.33366666666666667,True,1.0,0.5427880590175682,0.5382757565958802,0.5405319078067242,0.7482462962863601,-0.05115740740740743,-0.054120370370370374,0.3355425819366508,0.30522570187599757,0.1681445121901067,0.72239837402397,0.004512302421687986,0.002962962962962945,0.01831727196236759,0.41352375158365007,0.12534457253104142,0.10984769413919898,0.0,0.6942073953538196,0.6311373795377526,0.2899655627160415,0.29488772086753073,0.36790620120577205,sad,04,03,03,male,normal,322
20,0.6673333333333333,True,1.0,0.5573182329389619,0.5470844723487048,0.5522013526438334,0.8242882188483682,-0.05203703703703694,-0.05486111111111108,0.33539749532760244,0.3357482720635972,0.1702267568242672,0.6699129503698675,0.010233760590257046,0.0028240740740741455,0.021458528570643176,0.3857775895140566,0.12675501986081927,0.10821710914109144,0.0,0.6426694425769253,0.630710602248712,0.2905488026246283,0.29763191291934804,0.3679904670855878,sad,04,03,03,male,normal,322
30,1.0010000000000001,True,1.0,0.5268802422593685,0.5183312583367963,0.5226057502980823,0.9298878550522423,-0.05458333333333326,-0.05870370370370359,0.3357509612005356,0.3580984861688,0.17164160640527323,0.5620094374377238,0.008548983922572195,0.00412037037037033,0.020060602869445405,0.33345481830316465,0.12516875209802317,0.11004799529683705,0.0,0.6645166748435709,0.633256030076093,0.2913519309718014,0.2950594548934008,0.3673186127020415,sad,04,03,03,male,normal,322
40,1.3346666666666667,True,1.0,0.457838552813997,0.4655470936105952,0.4616928232122961,0.7693178776227844,-0.05263888888888879,-0.0562962962962964,0.3588115353808461,0.2991142697220567,0.1716882721035376,0.6001327106019438,0.007708540796598218,0.003657407407407609,0.031160213369108358,0.3974760358277426,0.12343248064199404,0.11199196619766422,0.0,0.9999999987499999,0.6297025579763155,0.2941931283962557,0.29332241916503404,0.36471411792038927,sad,04,03,03,male,normal,322
50,1.6683333333333334,True,1.0,0.48677647247259886,0.478915402223871,0.48284593734823494,0.848913470886052,-0.05314814814814811,-0.057222222222222285,0.36616885704269125,0.27822584371473735,0.1730930638915411,0.5687810994968254,0.007861070248727842,0.004074074074074174,0.022134280697552945,0.36283951569274825,0.1271627820056276,0.10773766585329324,0.0,0.64691874679172,0.6303355504623724,0.2930071819510044,0.297414845036107,0.3647391304454955,sad,04,03,03,male,normal,322
60,2.0020000000000002,True,1.0,0.4812361652316443,0.47355549407847425,0.4773958296550593,1.071565911025098,-0.054259259259259174,-0.057453703703703785,0.3511208988725787,0.3618482867994977,0.17241747326453355,0.44551233362618403,0.00768067115317006,0.0031944444444446107,0.020549558125823927,0.312680612481571,0.12480104934298096,0.11046481726456664,0.0,0.9999999987499999,0.6285768684348739,0.29251390523234977,0.2987482912275526,0.36659918423921845,sad,04,03,03,male,normal,322
70,2.3356666666666666,True,1.0,0.42013254318412996,0.4424685035152997,0.4313005233497148,0.746999466125072,-0.05717592592592596,-0.0618981481481482,0.35396050601714885,0.30151413671197824,0.1758680555555556,0.5773772846010322,0.022335960331169746,0.004722222222222239,0.020863199897008886,0.41263591947587097,0.12491456126827771,0.11033644073293003,0.0,0.7117559025803136,0.6318936237854517,0.29107379883115714,0.2982415486745056,0.3687036776199606,sad,04,03,03,male,normal,322
80,2.6693333333333333,True,1.0,0.40242142982712964,0.39827641525053326,0.4003489225388315,1.058273785121082,-0.05814814814814806,-0.06087962962962962,0.33844216976277347,0.41713800222486214,0.1710694209141962,0.3783037321415136,0.004145014576596384,0.002731481481481557,0.024861485272715367,0.3179912676683723,0.12639742780834984,0.10863456178421749,0.0,0.7858700054711609,0.6303797721744949,0.2914920447740723,0.3029051450022513,0.37146283678929026,sad,04,03,03,male,normal,322
90,3.003,True,1.0,0.4103362510504943,0.39772054876636753,0.4040283999084309,0.8316497395025647,-0.05717592592592585,-0.06078703703703697,0.35399097099720817,0.33681900238436757,0.17037593875452697,0.4858155792246057,0.012615702284126784,0.0036111111111111205,0.02489486139127114,0.39895287421144815,0.12496171033001464,0.11028303913953993,0.0,0.8654762397148983,0.6296295040906987,0.29058853144319813,0.29913917363742726,0.36849517589462444,sad,04,03,03,male,normal,322
100,3.336666666666667,True,1.0,0.38889919583340454,0.38969113806525824,0.3892951669493314,0.8655216248863625,-0.056203703703703756,-0.061342592592592504,0.34898619445524703,0.3604914613640586,0.1718517242323985,0.4497809826536031,0.0007919422318536928,0.0051388888888887485,0.029679357967936866,0.3763297546668278,0.12488189653181575,0.1103734102451883,0.0,0.7520368817870161,0.6294984311458959,0.2909714564909571,0.2995274917060578,0.36685152371706986,sad,04,03,03,male,normal,322
0,0.0,True,1.0,0.5339838355910591,0.5245996706788951,0.5292917531349771,0.7017263619856311,-0.0499074074074074,-0.0521759259259259,0.34988190871070923,0.28499806824611074,0.16885169461806016,0.7542708693988258,0.009384164912163984,0.002268518518518503,0.013554573302062401,0.43547156195221864,0.12698995755964074,0.10794131947391711,0.0,0.6639350413255047,0.6268338355263982,0.29062925598630185,0.2948546710781562,0.36495703655676537,sad,04,03,03,male,normal,323
10,0.33366666666666667,True,1.0,0.5056522335633415,0.5111289721145873,0.5083906028389644,0.8463002194662375,-0.049166666666666636,-0.050648148148148,0.3380808214372129,0.32485328882410985,0.16675636420940673,0.6007213411330639,0.005476738551245752,0.0014814814814813615,0.01757725614176035,0.3932863510799263,0.12420438893826566,0.1111352668549957,0.0,0.6705293271416211,0.6271078121951906,0.2916544940337469,0.294586627138917,0.3665550981337238,sad,04,03,03,male,normal,323
20,0.6673333333333333,True,1.0,0.5122888789944356,0.5031547608171582,0.5077218199057969,0.6293855213566387,-0.05115740740740743,-0.05282407407407402,0.3502866379523783,0.24880554677148173,0.16817173440589367,0.8066944705232557,0.009134118177277495,0.0016666666666665941,0.014997157490739058,0.48452854886416535,0.12526321348378888,0.10994046169730282,0.0,0.7071067807446058,0.6338891650410163,0.28934412381472696,0.29705204486428044,0.37209742089713804,sad,04,03,03,male,normal,323
30,1.0010000000000001,True,1.0,0.4745180675524615,0.46710992336909496,0.47081399546077823,1.0661677175743232,-0.051805555555555494,-0.05458333333333332,0.34415201017832403,0.40716713658718445,0.16885169461806016,0.4415946831816895,0.0074081441833665496,0.0027777777777778234,0.014409924910761655,0.30496666649508525,0.12471115179936301,0.11056629860603939,0.0,0.6560370465032626,0.6260261641140831,0.29248802218473136,0.29518417986856005,0.36229032509636694,sad,04,03,03,male,normal,323
40,1.3346666666666667,True,1.0,0.34402621169878106,0.3374996192348699,0.34076291546682547,0.86162037881826,-0.05282407407407408,-0.05560185185185168,0.3523006264482481,0.3302297687797856,0.17233559216586827,0.3954907797494214,0.006526592463911185,0.0027777777777776014,0.02053103071605965,0.3857498388893364,0.12356595369536592,0.1118446818482484,0.0,0.6868800727682481,0.6289140288302821,0.2923258722934368,0.29243302801774707,0.3637043402646581,sad,04,03,03,male,normal,323
50,1.6683333333333334,True,1.0,0.2951326342793141,0.3020420543355111,0.2985873443074126,0.8545371531192111,-0.05236111111111108,-0.055555555555555525,0.3805291231805235,0.2536025767698211,0.17096235163967646,0.34941411642257597,0.0069094200561970465,0.003194444444444444,0.015671070603245768,0.36326130087233477,0.12595904511188527,0.10914255231223893,0.0,0.6922642989162445,0.6266480862188625,0.29260764425714747,0.2964134119716058,0.362986226463191,sad,04,03,03,male,normal,323
60,2.0020000000000002,True,1.0,0.3359676181267241,0.3576175685343146,0.34679259333051937,0.9918440987733947,-0.0531018518518519,-0.0564351851851852,0.35783985211856445,0.3469662444528666,0.1682556418455323,0.3496442573579808,0.02164995040759049,0.0033333333333332993,0.020859132564450884,0.33206855291309034,0.12427198162262683,0.11105967924543304,0.0,0.7422024020306985,0.6255362011601516,0.29454696778318745,0.29619406253326536,0.3654655326397846,sad,04,03,03,male,normal,323
70,2.3356666666666666,True,1.0,0.4337721799680269,0.4328304571844469,0.4333013185762369,0.756595966627917,-0.05384259259259255,-0.05708333333333332,0.3496138929422011,0.3343353866047399,0.1758858410117414,0.5726984251679579,0.0009417227835800124,0.0032407407407407662,0.020886375989765667,0.42322859993449663,0.12408622291627101,0.11126718767334366,0.0,0.9999999987499999,0.628473951713498,0.2933271683630404,0.2950868098788326,0.3656475733001102,sad,04,03,03,male,normal,323
80,2.6693333333333333,True,1.0,0.3290685503205725,0.34203423062029586,0.33555139047043414,1.011174306380136,-0.05499999999999999,-0.05958333333333332,0.3367494509228922,0.42234222460490406,0.1696824644659166,0.3318432720780472,0.012965680299723392,0.004583333333333328,0.021632767437151767,0.3369550368991865,0.12475620049190346,0.11051546592842452,0.0,0.6689211943915291,0.6263499987807624,0.2926106232940532,0.29662174554526816,0.3656880209235902,sad,04,03,03,male,normal,323
90,3.003,True,1.0,0.32928353248732595,0.34336971654395254,0.3363266245156392,0.9485035184997076,-0.05685185185185193,-0.06069444444444444,0.34287243411113105,0.37755498119902553,0.16968246446591653,0.35458658608628335,0.014086184056626594,0.0038425925925925086,0.02040822660230387,0.35260834347288145,0.1248480106128335,0.11041173858151826,0.0,0.8342175262432695,0.6295762540484944,0.2917828515930122,0.29559852447124724,0.36447856174917515,sad,04,03,03,male,normal,323
100,3.336666666666667,True,1.0,0.33010414107324404,0.3206252872056175,0.3253647141394308,0.586421515010647,-0.057453703703703785,-0.05800925925925926,0.3636546439586783,0.2021651580005736,0.16756202664121514,0.5548307928871326,0.009478853867626535,0.0005555555555554759,0.017283032626973803,0.5237366087351988,0.12503367859520637,0.11020143822776442,0.0,0.6701879681264207,0.6313985265590611,0.2905438730534234,0.2942349913144933,0.3686793764127637,sad,04,03,03,male,normal,323
0,0.0,True,1.0,0.2996261235460172,0.2954562355667249,0.29754117955637105,0.6133324575838542,-0.04583333333333328,-0.05356481481481473,0.43745063791456473,0.005663966994122349,0.17794935635695605,0.4851221810900029,0.004169887979292297,0.00773148148148145,0.04714591583859689,0.4804631892005567,0.12375939437337907,0.11163059649990567,0.0,0.6212958044907821,0.6123760990489946,0.296591175062163,0.3053283579751589,0.3718789624025122,sad,04,03,03,male,strong,324
10,0.33366666666666667,True,1.0,0.2895311290256907,0.2515705107787694,0.27055081990223007,0.6246309399685757,-0.04606481481481489,-0.053333333333333455,0.4402514522150498,-0.005663966994121447,0.1772078013091835,0.43313707757710673,0.03796061824692132,0.007268518518518563,0.04517800691060926,0.46792245381341563,0.12241607491224467,0.11310208827924247,0.0,0.7304200124886863,0.6143044931253752,0.2942730428242854,0.30593601237631923,0.37598304337288196,sad,04,03,03,male,strong,324
20,0.6673333333333333,True,1.0,0.14041544961744085,0.10652413605499858,0.12346979283621971,0.5317768584203427,-0.05578703703703708,-0.06166666666666665,0.4558224067705452,-0.049731300056120205,0.16954572253075884,0.2321834635734056,0.033891313562442266,0.005879629629629568,0.043176056986066816,0.5210292424341175,0.1218585479024417,0.11336694482144581,0.0,0.6944924493227709,0.6162954796762454,0.29542537467151325,0.31259235072827113,0.3884470425219009,sad,04,03,03,male,strong,324
30,1.0010000000000001,True,1.0,0.09050355903705734,0.07382567480286827,0.0821646169199628,0.7316324810787319,-0.05083333333333334,-0.055694444444444435,0.46447783619216515,-0.01089534084101019,0.16750874600721058,0.11230312902294581,0.016677884234189075,0.004861111111111094,0.030263546911628494,0.40068174044622545,0.12428222775870276,0.11104821310496221,0.0,0.6968063383866133,0.6103893308182647,0.2964646954857495,0.3216089740468054,0.38814762183108426,sad,04,03,03,male,strong,324
40,1.3346666666666667,True,1.0,0.2217472957724691,0.24689998782093203,0.23432364179670057,0.6826868729340665,-0.04620370370370375,-0.058611111111111,0.43043519451414886,0.05105811589198266,0.18571638821074302,0.3432373626720246,0.025152692048462932,0.012407407407407256,0.05015151044226827,0.4505646102309206,0.12321454054204621,0.11223170126771283,0.0,0.6901018479796349,0.6072320960415416,0.29598130585001725,0.31589934362351724,0.3847994314996669,sad,04,03,03,male,strong,324
50,1.6683333333333334,True,1.0,0.261960097909998,0.2812843050237416,0.2716222014668698,1.0806628031052607,-0.04689814814814819,-0.056712962962962965,0.3843983323789933,0.24692176086380072,0.1841338792667638,0.25134778460623364,0.019324207113743552,0.009814814814814776,0.04174210606692365,0.3128390220714582,0.1229605427176706,0.11234045912878847,0.0,0.8332974337792679,0.6061950285426672,0.2968993613994216,0.31512735247817864,0.3843948257238241,sad,04,03,03,male,strong,324
60,2.0020000000000002,True,1.0,0.22553537399284268,0.24061867787145547,0.23307702593214907,0.4848933783165614,-0.04944444444444451,-0.060370370370370297,0.3945812612670394,0.0950385716251009,0.18492201578443426,0.48067685877942706,0.015083303878612786,0.010925925925925783,0.055296304004614986,0.6166983231303204,0.12255551180745873,0.11295098182721867,0.0,0.9316265292662056,0.616051515489008,0.29213260282254044,0.3053803675652031,0.3829848875108899,sad,04,03,03,male,strong,324
70,2.3356666666666666,True,1.0,0.2380438167394342,0.2325608734121553,0.23530234507579476,0.6920689169243981,-0.047592592592592575,-0.05740740740740741,0.3999655470920184,0.1253010336195139,0.18128409229477535,0.33999842981172246,0.0054829433272788886,0.009814814814814832,0.07234602574381002,0.4471803808428889,0.12125612900149238,0.11434478103350064,0.0,0.7356410813805546,0.6162467180778562,0.29507706779035875,0.3039854999935325,0.3786345470683995,sad,04,03,03,male,strong,324
80,2.6693333333333333,True,1.0,0.25622626357589223,0.20946140903537705,0.23284383630563465,0.8401605063215577,-0.05226851851851849,-0.06180555555555556,0.36795027233148825,0.16410256410256358,0.18410901721640272,0.2771420872007967,0.04676485454051518,0.009537037037037066,0.07694552535066099,0.37516414867445996,0.12319618122496849,0.11225185389077746,0.0,0.7505877398396495,0.5908181395839586,0.2995874865212343,0.29472766653193055,0.36296370509881426,sad,04,03,03,male,strong,324
90,3.003,True,1.0,0.31095145045691786,0.25908929720551827,0.28502037383121803,0.9615196554686941,-0.05120370370370375,-0.059814814814814876,0.3883231718473632,0.19003572526559148,0.17709410391571503,0.29642698639611736,0.05186215325139959,0.008611111111111125,0.06388304164597132,0.32915141988347024,0.12023022986951935,0.11542300288652757,0.0,0.7457230530470669,0.613094696073742,0.2962216278722502,0.28588653100063616,0.3585449495365942,sad,04,03,03,male,strong,324
100,3.336666666666667,True,1.0,0.21370103499852383,0.2181883432062953,0.21594468910240955,0.9107381078255498,-0.04953703703703716,-0.05842592592592588,0.3894493577309677,0.1813066349164234,0.17920924427469395,0.23710953483432512,0.004487308207771462,0.008888888888888724,0.07103640116195178,0.359048845915128,0.12441344027070338,0.11090118867933019,0.0,0.6595557230652286,0.6010679454281713,0.29671456852160716,0.3038467622398814,0.36160171455876394,sad,04,03,03,male,strong,324
110,3.6703333333333332,True,1.0,0.25469207834887975,0.23219123128868052,0.24344165481878013,0.8883634537802177,-0.04837962962962972,-0.05754629629629637,0.3934636205951633,0.1793913188142274,0.17788760713328214,0.274033847050858,0.022500847060199225,0.009166666666666656,0.06662347496694161,0.3673318788053378,0.12245499593245718,0.11305994755605597,0.0,0.7944724649045992,0.6102311130467812,0.2980710479380815,0.297311773472143,0.36333206734607376,sad,04,03,03,male,strong,324
0,0.0,True,1.0,0.39226185714677997,0.35764242555538045,0.37495214135108024,0.34966753436853104,-0.04750000000000004,-0.05699074074074062,0.40060558001774305,0.05782789309315141,0.17888256222401588,1.0723104220362092,0.03461943159139952,0.009490740740740577,0.04026683347564561,0.8269014207823603,0.13032029916636004,0.10389608941764494,0.0,0.6543054658571487,0.5650861348367472,0.26611664057100703,0.3104812987266257,0.33218652271312765,sad,04,03,03,male,strong,325
10,0.33366666666666667,True,1.0,0.32906855032057186,0.343773801839044,0.3364211760798079,0.49741395761309676,-0.05120370370370375,-0.05819444444444438,0.4343868475103341,0.011532299066628846,0.17941177516942536,0.6763404422629536,0.014705251518472129,0.006990740740740631,0.03669742201789037,0.5398805842289539,0.12471998819580642,0.11055633095796491,0.0,0.7071067807446058,0.6138091883628451,0.29596606092336547,0.3075988185804256,0.37807167140901576,sad,04,03,03,male,strong,325
20,0.6673333333333333,True,1.0,0.3677962278982875,0.3715026350254159,0.3696494314618517,0.2890906299800321,-0.04949074074074078,-0.05805555555555558,0.3840835853865302,0.05240798535389434,0.18285973512150927,1.2786627898918201,0.0037064071271284416,0.008564814814814803,0.036292251345372124,0.9605148205433064,0.12250207043529074,0.11300893995257046,0.0,0.8531652521218465,0.6075092864098763,0.294990742088608,0.29971344131006866,0.3716708525830813,sad,04,03,03,male,strong,325
30,1.0010000000000001,True,1.0,0.46241175856233213,0.44996215854060884,0.4561869585514705,0.8677659699302955,-0.057083333333333375,-0.06421296296296286,0.4119611143489847,0.19847576462281277,0.18494058066540367,0.5257027520773998,0.012449600021723295,0.007129629629629486,0.04290436194056866,0.36819191080469843,0.12231714299215028,0.11320907340186191,0.0,0.853964270817606,0.6149785586891006,0.2947118326167715,0.3175065412603275,0.38816288002762206,sad,04,03,03,male,strong,325
40,1.3346666666666667,True,1.0,0.34862197044248466,0.34859674854849754,0.3486093594954911,0.7147906511262411,-0.051203703703703696,-0.061574074074074,0.4056010956663604,0.1475481040521403,0.18643222517918506,0.48770833662445634,2.5221893987126265e-05,0.010370370370370308,0.04200486751877724,0.4380759794787078,0.12285094843525621,0.1126295797690018,0.0,0.7381116947912969,0.6125014302048946,0.29611055123836694,0.3075668858853358,0.37675132578150944,sad,04,03,03,male,strong,325
50,1.6683333333333334,True,1.0,0.34862197044248705,0.3406152214603616,0.3446185959514243,0.770341291201293,-0.05175925925925928,-0.05930555555555567,0.40879557360164254,0.1401660379407397,0.18559803753688617,0.447358333101963,0.008006748982125445,0.007546296296296384,0.048384174799566304,0.4029375086332706,0.12081726879162219,0.11464231934067472,0.0,0.9999999987499999,0.608235884009854,0.29795535553723346,0.3054171313967588,0.37555429092001086,sad,04,03,03,male,strong,325
60,2.0020000000000002,True,1.0,0.336214136502757,0.32352949678280746,0.3298718166427822,0.7378511025477676,-0.0499074074074074,-0.058333333333333404,0.39196270044864706,0.11622582663390961,0.18282301549403876,0.44707098153509456,0.012684639719949542,0.008425925925926003,0.052872721376693514,0.42657704141036484,0.12115982660936814,0.11444681815666187,0.0,0.698646668461289,0.6105722680556598,0.29914227957692,0.28869262661244816,0.3588454540413001,sad,04,03,03,male,strong,325
70,2.3356666666666666,True,1.0,0.34044081642531776,0.2661085790862739,0.30327469775579585,0.6169388549022358,-0.04851851851851857,-0.05634259259259261,0.4058213530008834,0.0796992898352951,0.18565352380921238,0.49157983055525784,0.07433223733904387,0.007824074074074039,0.05657963250722041,0.4799385343559732,0.12297776101486342,0.11232161020199363,0.0,0.9476602319085938,0.6095125589532688,0.29784877845546964,0.30455167682368434,0.36989225103981577,sad,04,03,03,male,strong,325
80,2.6693333333333333,True,1.0,0.3477399665650844,0.3345112525879253,0.34112560957650484,0.7617991878450732,-0.046435185185185246,-0.05449074074074067,0.3899027685805218,0.1479426662668335,0.18437610856573247,0.4477894109357851,0.013228713977159079,0.008055555555555427,0.06128957428548781,0.417092641352275,0.12197319063121405,0.11341170393612778,0.0,0.9999999987499999,0.6002754971129077,0.2974730106879948,0.2925733085446061,0.3699767129258558,sad,04,03,03,male,strong,325
90,3.003,True,1.0,0.33203688244351004,0.31223112439381373,0.3221340034186619,0.706299984953073,-0.045648148148148326,-0.05592592592592599,0.44160811447713294,0.06136585119893644,0.18021749556061167,0.45608666328948694,0.01980575804969631,0.010277777777777664,0.05770029537890482,0.4320247866815206,0.12293972581056238,0.11253266898036458,0.0,0.9999999987499999,0.6041864933004453,0.29797948574543764,0.3080497200755358,0.37641847740860607,sad,04,03,03,male,strong,325
100,3.336666666666667,True,1.0,0.36002617191588115,0.36228773383171586,0.3611569528737985,0.7030988885492137,-0.047916666666666774,-0.05777777777777776,0.41450461406376543,0.12466966894315352,0.18032245423965948,0.5136645196794664,0.002261561915834709,0.009861111111110987,0.05798049585398019,0.4485474726585456,0.1237717566536394,0.1116168895155786,0.0,0.70754290501228,0.6107335271217862,0.2940640776456274,0.3032836402026308,0.3717019386450441,sad,04,03,03,male,strong,325
110,3.6703333333333332,True,1.0,0.33461090470085214,0.3730698404999097,0.3538403726003809,0.7747607236462484,-0.047870370370370396,-0.057361111111111085,0.4114325186187476,0.14481528342356031,0.17962979334546672,0.4567092287991906,0.03845893579905757,0.009490740740740689,0.055589023301245405,0.4090748713167879,0.12184658220282556,0.11371538231763946,0.0,0.6851085882106875,0.6083855746282889,0.29679171748085614,0.30225900005420064,0.3755725826479523,sad,04,03,03,male,strong,325
0,0.0,True,1.0,0.4140414395556381,0.4061426632094176,0.41009205138252786,0.6758608658323367,-0.0534722222222222,-0.06115740740740744,0.3754960705140635,0.20918619068196537,0.16747777169626324,0.6067699316744593,0.007898776346220493,0.007685185185185239,0.03873663675296738,0.4532658640776113,0.12757422088046194,0.10725015588609724,0.0,0.8205323986412096,0.6180855570822078,0.29362017951444264,0.29516470640375375,0.3668606438977653,sad,04,03,03,male,strong,326
10,0.33366666666666667,True,1.0,0.43160673285506584,0.4174683691187087,0.4245375509868873,0.6169295240012911,-0.05236111111111108,-0.05935185185185182,0.3701748556298538,0.150699071696577,0.17019313924806523,0.6881459461259287,0.014138363736357129,0.006990740740740742,0.04260020929600772,0.47931864518356,0.12459956797247651,0.11069202966550852,0.0,0.663858885243528,0.6192423326987045,0.2910820863559351,0.2978986268211773,0.37093898794126534,sad,04,03,03,male,strong,326
20,0.6673333333333333,True,1.0,0.4036948007956166,0.38777568193687023,0.3957352413662434,0.4141026881400143,-0.051990740740740726,-0.059259259259259234,0.3734379054656901,0.07579900447118267,0.17572961454399938,0.9556451882592933,0.01591911885874636,0.0072685185185185075,0.03529674462000455,0.6812902319887336,0.12362649471464478,0.1117777597498838,0.0,0.9999999987499999,0.6179770444115146,0.29217934347679764,0.29711053753205235,0.37236105415166504,sad,04,03,03,male,strong,326
30,1.0010000000000001,True,1.0,0.41781372924925125,0.38973947675248743,0.40377660300086937,1.1225167784120214,-0.0558796296296295,-0.06287037037037035,0.3671295177532605,0.3183634013499123,0.1833749434905806,0.35970651910617824,0.02807425249676382,0.006990740740740853,0.03624378268860651,0.2886321795306263,0.1231957118746634,0.11225236899981866,0.0,0.6044354666705288,0.6211074854004102,0.29409305714001727,0.3029222411820417,0.3743502422799127,sad,04,03,03,male,strong,326
40,1.3346666666666667,True,1.0,0.33106600950458204,0.30535722638845614,0.3182116179465191,0.6815038240106068,-0.050555555555555576,-0.057083333333333375,0.4114398690641803,0.14856747756285854,0.18404809099924888,0.46692565285087306,0.0257087831161259,0.006527777777777799,0.033928819465088335,0.455458110824641,0.12166906078127122,0.1137379157141782,0.0,0.7807157233740951,0.6194710642616422,0.2969091217841657,0.30172165131510864,0.37476330124879825,sad,04,03,03,male,strong,326
50,1.6683333333333334,True,1.0,0.24037209759582687,0.2388524297954499,0.23961226369563837,0.8396451845511842,-0.04800925925925925,-0.05504629629629626,0.43597114618572114,0.12808773097312756,0.18406923095099204,0.2853732363435377,0.0015196678003769615,0.007037037037037008,0.029989479435418638,0.36547700389326265,0.12145595130777538,0.11413250922538555,0.0,0.7136679399206736,0.6172086080760429,0.29612395242913064,0.3084175312515695,0.3820919642403571,sad,04,03,03,male,strong,326
60,2.0020000000000002,True,1.0,0.2706122023583204,0.2337215661593293,0.25216688425882483,0.7130244547499214,-0.04736111111111119,-0.05398148148148141,0.4197379980679143,0.11659126398229441,0.18057625937153515,0.3536581144994069,0.036890636198991106,0.006620370370370221,0.04128672312449208,0.4219761622357321,0.12590269234543766,0.1088580816272311,0.0,0.7204154447000043,0.573870944190176,0.27338593513425535,0.30950743695788097,0.33309997635666405,sad,04,03,03,male,strong,326
70,2.3356666666666666,True,1.0,0.2740788994498671,0.24975128474123356,0.2619150920955503,0.6882061109552882,-0.04574074074074075,-0.05277777777777787,0.40904359837837767,0.15002857261499467,0.18134468499349687,0.38057652776722667,0.02432761470863351,0.007037037037037119,0.03491926041943568,0.45545811082464,0.12337360950424354,0.11205681705476456,0.0,0.6737394239445958,0.6138883414928471,0.29758524268997544,0.30322318160931405,0.3750482476204705,sad,04,03,03,male,strong,326
80,2.6693333333333333,True,1.0,0.2580948056962655,0.25195797044372753,0.2550263880699965,0.5924213471264269,-0.04675925925925917,-0.05513888888888885,0.40741263306372044,0.10676601636914194,0.18131060409212146,0.4304814289812755,0.006136835252537942,0.008379629629629681,0.044638115361502445,0.5236737993787264,0.1267739683275617,0.10819491080977468,0.0,0.7071067807446058,0.5706906639687125,0.27167730152807895,0.30531393807003526,0.3269979431912046,sad,04,03,03,male,strong,326
90,3.003,True,1.0,0.22376103321085183,0.20787502667610366,0.21581802994347776,0.42959488577716726,-0.047962962962962874,-0.056712962962962965,0.4000702543074629,0.09065331745821119,0.17923861692715684,0.5023756964728475,0.01588600653474817,0.008750000000000091,0.03878052168962993,0.7056166974198347,0.126024056369525,0.10906747905245585,0.0,0.6826976130820313,0.6106745365880728,0.2957811732410818,0.29816333571541076,0.3736036640432747,sad,04,03,03,male,strong,326
100,3.336666666666667,True,1.0,0.12248493843616877,0.11437355548465683,0.11842924696041279,0.8862858174120741,-0.053749999999999964,-0.06078703703703703,0.406283621175989,0.16202871151930015,0.16672204687006273,0.13362421538711108,0.008111382951511939,0.007037037037037064,0.04205376192592125,0.3550881742388513,0.12204969471267961,0.11349735587509602,0.0,0.7583500833204133,0.6131899204056622,0.2951363307197788,0.30923052472619916,0.37776230105296954,sad,04,03,03,male,strong,326
0,0.0,True,1.0,0.2927578938840848,0.29328121007817576,0.2930195519811303,0.48226019214671195,-0.04129629629629644,-0.04921296296296296,0.42558007161288647,0.06614746651748028,0.1688806099005763,0.6075963903982948,0.0005233161940909614,0.007916666666666516,0.04071604106495673,0.5699127002262177,0.12890279896916673,0.10564963884882227,0.0,0.8120954804932023,0.5626072463985595,0.27103487605502125,0.32169371561359933,0.3409236300200692,sad,04,03,03,male,strong,327
10,0.33366666666666667,True,1.0,0.30949165129574285,0.317967952512929,0.3137298019043359,0.5304543988078297,-0.043055555555555625,-0.051805555555555605,0.42210338927642854,0.04812491241082506,0.16883859075034505,0.5914359511570236,0.008476301217186122,0.00874999999999998,0.039162641431445176,0.5308895730370556,0.12774509167421452,0.1070465754891598,0.0,0.6950513256938229,0.5616454700161314,0.27307795057252393,0.3208497165867849,0.33781274092586183,sad,04,03,03,male,strong,327
20,0.6673333333333333,True,1.0,0.21365118564425561,0.2437741665284827,0.22871267608636914,0.6468516346271518,-0.041018518518518565,-0.049814814814814756,0.4263394460845192,0.08377844501442408,0.17435850949207057,0.3535782609843757,0.030122980884227074,0.008796296296296191,0.03616296945513396,0.47415526241098394,0.1216967787976352,0.11387568572961386,0.0,0.8735315228277616,0.6100269841061425,0.2976103741737636,0.30205141228877497,0.38075536972162544,sad,04,03,03,male,strong,327
30,1.0010000000000001,True,1.0,0.27297757621639357,0.2843775782806268,0.27867757724851017,1.0284884615340604,-0.04300925925925925,-0.05124999999999996,0.38524191589508944,0.256881757436866,0.1750980647391359,0.2709583895893627,0.01140000206423325,0.008240740740740715,0.036099409434395914,0.31933140442656005,0.1223539605997013,0.11316928070693562,0.0,0.7903226303193553,0.6057632012726967,0.2980249865940249,0.30334045181083835,0.3795667055782038,sad,04,03,03,male,strong,327
40,1.3346666666666667,True,1.0,0.25860000100106995,0.2395289869589995,0.24906449398003472,0.7228754702564784,-0.04402777777777778,-0.05037037037037034,0.4055845153054526,0.11820206756941808,0.17856838012461476,0.34454688840342845,0.019071014042070455,0.006342592592592566,0.039220929176059904,0.4315312127691683,0.12207023470090904,0.11347526413352761,0.0,0.6929670228898998,0.6086734942883404,0.2976051948077366,0.3011648135553882,0.38074572894551095,sad,04,03,03,male,strong,327
50,1.6683333333333334,True,1.0,0.23895306530927574,0.2314622178749925,0.23520764159213411,0.6868155671903429,-0.043657407407407534,-0.050370370370370454,0.4202505132981067,0.053197426607176725,0.1792896883393885,0.3424611392463518,0.007490847434283243,0.006712962962962921,0.04296483094701894,0.44109179542809734,0.12261984199020899,0.11288114156246529,0.0,0.6976909106089146,0.6105484169996124,0.2962495818730644,0.3023293701804124,0.3791830495762002,sad,04,03,03,male,strong,327
60,2.0020000000000002,True,1.0,0.24398913164876065,0.2614814270238436,0.25273527933630213,0.9837850658169107,-0.0439814814814814,-0.05115740740740743,0.4152600556343766,0.19022785176058493,0.1765138465499164,0.2569009106947939,0.017492295375082928,0.00717592592592603,0.03665684372497379,0.3335626418636459,0.12078111000405113,0.1146804137094649,0.0,0.7071067807446058,0.611307198082358,0.2966455032069009,0.2990593753337926,0.385505387586253,sad,04,03,03,male,strong,327
70,2.3356666666666666,True,1.0,0.24387240661880544,0.22848713556853745,0.23617977109367144,0.7644713656331694,-0.04504629629629636,-0.05268518518518511,0.39983092875596343,0.15881881629976655,0.1813716085841183,0.3089452158853024,0.01538527105026799,0.007638888888888751,0.044247143693053895,0.4074559431709175,0.12333888725252952,0.1120950340639514,0.0,0.7071067807446058,0.6100651292157487,0.2987946882163522,0.3033491030176744,0.3697412967399067,sad,04,03,03,male,strong,327
80,2.6693333333333333,True,1.0,0.2552979343669056,0.2437741665284828,0.24953605044769422,0.8238879154332334,-0.04416666666666669,-0.05314814814814822,0.37831177271078,0.21218875911017696,0.1793045814278234,0.3028762114036812,0.011523767838422821,0.008981481481481535,0.059850511836792956,0.39462463710029483,0.12321354965494878,0.11223278911028382,0.0,0.7714523646685332,0.5996711597920419,0.29769117644791854,0.2999517800437532,0.37536264345859355,sad,04,03,03,male,strong,327
90,3.003,True,1.0,0.21529011986267207,0.184623866385746,0.19995699312420903,0.5376104262674791,-0.04592592592592587,-0.054444444444444406,0.43758666752247494,0.03499619812932182,0.182080255219395,0.3719365982398633,0.030666253476926086,0.008518518518518536,0.05584093848723528,0.5359315953221064,0.12387536057779945,0.11133089806745211,0.0,0.9999999987499999,0.6044633129892583,0.2993048991660495,0.30472226007691827,0.3725140230844557,sad,04,03,03,male,strong,327
100,3.336666666666667,True,1.0,0.24176166837476393,0.2061865640942901,0.223974116234527,0.6277752461233715,-0.04518518518518522,-0.05458333333333326,0.43462662017313364,0.06269560589243864,0.18070803211393494,0.3567743672876697,0.035575104280473835,0.009398148148148044,0.04420345470070492,0.47853227857981145,0.12356455712122183,0.11184622476302927,0.0,0.7365815024059132,0.6079671050295118,0.2947918413248378,0.31000835695652906,0.3753297448084834,sad,04,03,03,male,strong,327
110,3.6703333333333332,True,1.0,0.18442494116083766,0.16503942827714121,0.17473218471898944,0.6907844444227315,-0.045370370370370394,-0.053518518518518465,0.4450420795790915,0.08339462693948331,0.1793045814278234,0.25294748040397474,0.019385512883696443,0.008148148148148071,0.04090759361736778,0.4125012388768311,0.12250645490236185,0.11300418699018663,0.0,0.7368904610081642,0.6140700409382502,0.2936725527994104,0.31622093646449034,0.3799829920124338,sad,04,03,03,male,strong,327
0,0.0,True,1.0,0.5182674820992357,0.4832898392967752,0.5007786606980055,0.525233497337196,-0.046805555555555656,-0.04925925925925917,0.34123780997495384,0.1200378694811798,0.1778876071332822,0.9534400666309926,0.03497764280246046,0.0024537037037035136,0.03063871466289911,0.5973050162279849,0.12709100122665956,0.10782233153612557,0.0,0.7170588719589328,0.6161979454594337,0.29376103825789995,0.2881769473231364,0.37462869945440164,angry,05,03,03,male,normal,328
10,0.33366666666666667,True,1.0,0.5094171975446034,0.497394289870347,0.5034057437074752,0.5359289904240352,-0.0476388888888889,-0.05037037037037034,0.3438421330176291,0.0892779163089964,0.17994423168494725,0.9393142612217579,0.012022907674256345,0.002731481481481446,0.025237167872592465,0.5960524562176417,0.12409453909652719,0.11125791269229313,0.0,0.9573206392322109,0.6176684548272433,0.2915821555953839,0.28659541619087064,0.3769686075988256,angry,05,03,03,male,normal,328
20,0.6673333333333333,True,1.0,0.5185589496197883,0.49386915529111736,0.5062140524554528,0.4315910938678762,-0.04787037037037045,-0.04944444444444451,0.34528967320917314,0.07439826359083025,0.18275957330591067,1.1729019890536043,0.024689794328670966,0.001574074074074061,0.027453826982796532,0.7208428701948039,0.12676958690463483,0.10820004439294617,0.0,0.69675884903079,0.6163385108730993,0.2933634691567195,0.2912673134121212,0.3787562712516709,angry,05,03,03,male,normal,328
30,1.0010000000000001,True,1.0,0.5187865250104661,0.45627762369585195,0.48753207435315904,0.8253299774864261,-0.04643518518518519,-0.04879629629629628,0.37731289615115493,0.11303383720866651,0.18571638821074302,0.5907117003528172,0.06250890131461412,0.0023611111111110916,0.035553255096256675,0.4129076461965365,0.12531233995893562,0.10988446307128534,0.0,0.8126257910958928,0.6135905832098464,0.2935086839434894,0.2957783503714983,0.37658002995445816,angry,05,03,03,male,normal,328
40,1.3346666666666667,True,1.0,0.5394114619214755,0.5330328960109163,0.5362221789661958,0.6518850288034262,-0.04902777777777767,-0.05148148148148152,0.3565626032677411,0.09205226893647449,0.18075995458352434,0.8225717040172921,0.006378565910559186,0.0024537037037038467,0.037258091690383945,0.49072890601341596,0.12399812547392955,0.11136535659331832,0.0,0.6968558134612253,0.6168496633418993,0.29206994103669187,0.2903087825042439,0.3768174358132164,angry,05,03,03,male,normal,328
50,1.6683333333333334,True,1.0,0.553983751713228,0.5472991393331864,0.5506414455232072,0.8639035781592391,-0.04949074074074078,-0.05087962962962961,0.34998222510837457,0.2230183363464329,0.1856946140625524,0.6373876199199051,0.006684612380041588,0.0013888888888888284,0.030094438467228556,0.3855466482697783,0.1283788094811002,0.10628574244486458,0.0,0.601222156845011,0.6146914013339712,0.2918713857761482,0.29777749603943965,0.3761183639840817,angry,05,03,03,male,normal,328
60,2.0020000000000002,True,1.0,0.5663818855212918,0.5132325915905779,0.5398072385559348,0.6837775948170102,-0.051481481481481406,-0.052638888888888846,0.37543826612777736,0.026788749946662232,0.18702148160187476,0.7894485614147622,0.05314929393071388,0.0011574074074074403,0.032017259145141225,0.4337286573894797,0.1250972625088276,0.11012925443872781,0.0,0.7690670840467707,0.6156149241024533,0.29214199972134713,0.2961729559026259,0.3770166343257491,angry,05,03,03,male,normal,328
70,2.3356666666666666,True,1.0,0.5731017359949887,0.5291976582277077,0.5511496971113482,0.8517944135194361,-0.04907407407407416,-0.04986111111111108,0.36524906069182694,0.13043102618585162,0.18567365916957204,0.6470454470746211,0.043904077767281,0.0007870370370369195,0.030048844950017584,0.3911948480097369,0.12458590538769841,0.11070740692984636,0.0,0.6693074291831218,0.6160190503154386,0.2929893311348123,0.29556457759446964,0.3773160114379658,angry,05,03,03,male,normal,328
80,2.6693333333333333,True,1.0,0.5874097478016674,0.5435393792049776,0.5654745635033225,0.9089037314524417,-0.04930555555555566,-0.05018518518518522,0.32042722639604376,0.30290891821387894,0.18282301549403865,0.6221501177024388,0.0438703685966898,0.0008796296296295636,0.0256175569484617,0.38519305628713524,0.12685333678674895,0.108101844187504,0.0,0.7232607515229484,0.617497976424945,0.29224638363847044,0.292977046339741,0.3742033387521155,angry,05,03,03,male,normal,328
90,3.003,True,1.0,0.5970070721675726,0.5630386780287088,0.5800228750981407,0.9486693247859125,-0.048009259259259196,-0.04907407407407405,0.32462055625681535,0.24866220068180772,0.18490427426774558,0.611406798917036,0.03396839413886388,0.0010648148148148517,0.026409499391972853,0.3689656704915895,0.12467130966190237,0.11061122148095517,0.0,0.7250901224702945,0.612344235686462,0.29388237816109586,0.2899823885458909,0.37318747667294344,angry,05,03,03,male,normal,328
100,3.336666666666667,True,1.0,0.5681800091372489,0.5529837355438506,0.5605818723405498,0.47430576093653903,-0.050555555555555576,-0.05249999999999999,0.35402768665189516,0.04306243971551759,0.1836144344140014,1.1818997754394855,0.015196273593398257,0.0019444444444444153,0.0262639023813339,0.6026900874155092,0.12567087140414365,0.10947424286533611,0.0,0.9090968765872489,0.6127528359312475,0.29269589308364347,0.28688399724630187,0.375666917395129,angry,05,03,03,male,normal,328
110,3.6703333333333332,True,1.0,0.5821204181283717,0.5490417411865988,0.5655810796574852,0.5754597854508501,-0.0499074074074074,-0.05245370370370367,0.34645829186603694,0.1105618933098163,0.18359324209445113,0.9828333689979304,0.03307867694177291,0.0025462962962962687,0.02760832817104595,0.5672046148394486,0.1265158683134948,0.1084966028749453,0.0,0.8655893128398285,0.6128075725290116,0.29261266309284634,0.2894918726277904,0.3756345707303477,angry,05,03,03,male,normal,328
0,0.0,True,1.0,0.5537415599414073,0.5313858426896816,0.5425637013155444,0.6046172008185681,-0.04773148148148154,-0.05009259259259263,0.3357933566797561,0.18886819117680867,0.17999849379004795,0.8973672938530168,0.022355717251725693,0.0023611111111110916,0.03149757785070727,0.5644946320002417,0.1271299005881538,0.10777646379009435,0.0,0.7395431437053378,0.6119267819002601,0.2908871305959334,0.29241030868963636,0.38102919271881397,angry,05,03,03,male,normal,329
10,0.33366666666666667,True,1.0,0.538880576845029,0.5243462154876173,0.5316133961663232,0.5369229711599369,-0.046805555555555434,-0.04856481481481484,0.3432372742715202,0.16403977357893287,0.1785559893464813,0.9901111047975034,0.014534361357411707,0.0017592592592594047,0.023739599940886816,0.6099333329901713,0.1252183624774977,0.1099915427147876,0.0,0.8423505904202095,0.6143835992053072,0.2920594005778434,0.2894849520760014,0.3813461081970943,angry,05,03,03,male,normal,329
20,0.6673333333333333,True,1.0,0.5373614955635533,0.5402418553045205,0.5388016754340369,0.5646675484705945,-0.04833333333333334,-0.05009259259259269,0.33458206394511936,0.167874136031798,0.18134468499349693,0.9541927403007034,0.002880359740967231,0.0017592592592593492,0.022846104923409695,0.563148923633812,0.126834362885017,0.1081241053704866,0.0,0.6918264127225335,0.6168350909035489,0.29172180223862787,0.291448920478312,0.3807281662078511,angry,05,03,03,male,normal,329
30,1.0010000000000001,True,1.0,0.5650794416739859,0.5175849600513619,0.541332200862674,0.8251952824049498,-0.04847222222222225,-0.04856481481481484,0.3840613683320174,0.130962499323301,0.18265935656628304,0.6560049631949119,0.04749448162262404,9.259259259258856e-05,0.024584557538640136,0.4020350382315258,0.1240797907263961,0.11127436049491117,0.0,0.6309806092548829,0.6129589088291566,0.29209401505995486,0.29731812775203853,0.3803865680623648,angry,05,03,03,male,normal,329
40,1.3346666666666667,True,1.0,0.5549905052470987,0.530475708086992,0.5427331066670453,0.9593247149736758,-0.052407407407407514,-0.0524074074074074,0.3450365252370546,0.30988926599328054,0.18542036988635696,0.5657449434959446,0.024514797160106738,1.1102230246251565e-16,0.026305603818569535,0.3723775072333792,0.12309850957098847,0.11235895474556833,0.0,0.7071067807446058,0.6173908812587534,0.2939942688876748,0.29544329890383314,0.38347889683093056,angry,05,03,03,male,normal,329
50,1.6683333333333334,True,1.0,0.5304757080869901,0.507812956606123,0.5191443323465565,0.8160703094287609,-0.05749999999999994,-0.05393518518518525,0.34911754869857264,0.2622950819672133,0.19514045277274678,0.6361514765926861,0.02266275148086705,0.0035648148148146874,0.021266615399995067,0.41180958293377073,0.12673633831865166,0.10823898706179223,0.0,0.6582617385804169,0.6125369055200206,0.2940516497910785,0.30069713193615466,0.38492251792235177,angry,05,03,03,male,normal,329
60,2.0020000000000002,True,1.0,0.5849421624259246,0.5534072322977235,0.569174697361824,0.7945883633725047,-0.04787037037037034,-0.048842592592592604,0.384282492970856,0.16547380912212178,0.18333999159310857,0.7163139099420636,0.03153493012820108,0.0009722222222222632,0.03297445996150796,0.3939467975959646,0.1242174298191755,0.11112069068968969,0.0,0.6887992074895621,0.6119400021727441,0.2938296259064408,0.29302056337801957,0.3799978461026573,angry,05,03,03,male,normal,329
70,2.3356666666666666,True,1.0,0.5558485170126365,0.53558475782726,0.5457166374199482,0.9886290903879079,-0.04629629629629628,-0.047361111111111076,0.35785715614174785,0.16472226046950952,0.18472593936351137,0.5519933033791528,0.020263759185376484,0.0010648148148147962,0.03397482272933598,0.33413921745501834,0.12253545366254419,0.11297274169351584,0.0,0.7702812624161887,0.6085570738139006,0.29526552222664043,0.2901110590510875,0.37212893067383523,angry,05,03,03,male,normal,329
80,2.6693333333333333,True,1.0,0.5047273602023928,0.4662884253479343,0.4855078927751636,0.910510300762992,-0.0476388888888889,-0.047407407407407454,0.3548622309129881,0.25290944729747483,0.18543147910168936,0.5332261396365492,0.03843893485445854,0.00023148148148144365,0.03764720753270458,0.3753208266319878,0.12624612933938853,0.10881035151759719,0.0,0.8673655187459575,0.61085749188738,0.29448144120750636,0.29498356098830825,0.3765888210131436,angry,05,03,03,male,normal,329
90,3.003,True,1.0,0.6571953656475313,0.606292137028555,0.6317437513380432,1.1404439572404286,-0.05004629629629631,-0.05148148148148152,0.3062277123817159,0.318479165851004,0.18820093072565583,0.5539454589830922,0.05090322861897634,0.001435185185185206,0.04053785730871427,0.2893636999357002,0.12546711736819452,0.1097077036022118,0.0,0.7817670602215373,0.6061853250362647,0.29358024500228663,0.28534708319046187,0.3670860444436806,angry,05,03,03,male,normal,329
100,3.336666666666667,True,1.0,0.6389293323109406,0.6128502486111069,0.6258897904610238,0.6282787109028568,-0.04912037037037037,-0.05069444444444454,0.33117782712956745,0.06895741948933767,0.18613734526959475,0.9961976740571075,0.026079083699833694,0.001574074074074172,0.035271638786465144,0.4801829268292681,0.12423771403150122,0.111098011604901,0.0,0.6824777235132217,0.6118635316157713,0.29195606955314063,0.28230338899795904,0.36563540088858987,angry,05,03,03,male,normal,329
110,3.6703333333333332,True,1.0,0.6690253819506161,0.6158372973548004,0.6424313396527083,0.5925241960337927,-0.049768518518518545,-0.04898148148148146,0.33465760759261914,0.09875403267229858,0.18821430797469593,1.0842280263877515,0.0531880845958157,0.000787037037037086,0.027651936690499763,0.5336538461538474,0.12725298082211214,0.10763111372960903,0.0,0.7419397454221145,0.6107049292842137,0.2916439860571557,0.2861471664517673,0.3686265881465913,angry,05,03,03,male,normal,329
120,4.0040000000000004,True,1.0,0.5183351647826572,0.4983651000930933,0.5083501324378752,0.5723076798296852,-0.05398148148148152,-0.05231481481481487,0.3395708412039595,0.10541355055057149,0.1868316922029551,0.8882462185186064,0.01997006468956386,0.0016666666666666496,0.027944998136030207,0.5482691506143401,0.1253237188487845,0.1098714852202476,0.0,0.6792135128361685,0.6150541775772809,0.29061088886227426,0.2851574675532435,0.3691577256988922,angry,05,03,03,male,normal,329
0,0.0,True,1.0,0.5670882497382702,0.558468632742948,0.5627784412406092,0.6243693547603735,-0.04935185185185187,-0.04828703703703707,0.31897930664185714,0.2401170856258242,0.1715282225678135,0.901355002371309,0.00861961699532221,0.0010648148148147962,0.011479421431734216,0.5191767711265576,0.1254378062139404,0.1097412162440754,0.0,0.7177165509054171,0.6193371470306872,0.29213720973548823,0.28855475236720074,0.3657451082018139,angry,05,03,03,male,normal,330
10,0.33366666666666667,True,1.0,0.5693866179983966,0.582598871009805,0.5759927445041009,0.5823070979099654,-0.04935185185185187,-0.04888888888888887,0.33426302218097775,0.23752000046327557,0.17014068256565848,0.9891563172962717,0.013212253011408381,0.0004629629629629983,0.011610011689382365,0.5476973684210527,0.12627271349575958,0.10877949989352127,0.0,0.6750995432538973,0.6216481979119773,0.29139569260740705,0.2928265987521742,0.36740063283204155,angry,05,03,03,male,normal,330
20,0.6673333333333333,True,1.0,0.5600293923505444,0.5596623004695377,0.5598458464100411,0.602898550724638,-0.051296296296296395,-0.05074074074074075,0.3351644396308207,0.21642512077294732,0.17086191325973663,0.9285904664012695,0.0003670918810066981,0.0005555555555556424,0.0016529178531856832,0.5048076923076921,0.12838526167043385,0.10537780894881439,0.0,0.7071067807446058,0.5756823675563976,0.2668382904987875,0.3053108123979609,0.33360493997304946,angry,05,03,03,male,normal,330
30,1.0010000000000001,True,1.0,0.552237064518613,0.537126339199143,0.544681701858878,0.9191489674556915,-0.05092592592592582,-0.051064814814814896,0.33541756786181764,0.3063695259431551,0.17639970187254408,0.5925934980557271,0.015110725319469998,0.00013888888888907713,0.0058378729629115075,0.36560893355417595,0.12364744654861479,0.11175458260092333,0.0,0.7294580946829935,0.6197472831007403,0.2953583249849921,0.28684430839572483,0.3709174513744634,angry,05,03,03,male,normal,330
40,1.3346666666666667,True,1.0,0.5383529810627131,0.53304871295924,0.5357008470109765,0.8737813118024977,-0.050462962962962876,-0.049722222222222334,0.3586939006609773,0.2936353338804293,0.1778125358087713,0.6130834337780641,0.005304268103473175,0.000740740740740542,0.011631448073137712,0.39683825955527363,0.12484513759631684,0.11041498715719114,0.0,0.8975952024193882,0.6133152879354867,0.2936337901597065,0.293165007475081,0.37738566375981464,angry,05,03,03,male,normal,330
50,1.6683333333333334,True,1.0,0.5731488662003216,0.5654225757996787,0.5692857210000002,0.7195488676944806,-0.049120370370370314,-0.047731481481481486,0.3662959608217245,0.09170163114082373,0.1771182276435293,0.7911703381926772,0.007726290400642877,0.0013888888888888284,0.012022830565924132,0.43056754128955294,0.12540284236185967,0.10978116823007324,0.0,0.7620120391980154,0.6106388097113846,0.29433162292552434,0.2934838238255245,0.3767541140576965,angry,05,03,03,male,normal,330
60,2.0020000000000002,True,1.0,0.5497387046584995,0.5351453248553371,0.5424420147569182,0.48357282344580704,-0.05138888888888887,-0.048333333333333395,0.3623121922643252,0.021331176096802504,0.18335996492176557,1.1217380060600295,0.014593379803162443,0.003055555555555478,0.003883651067742113,0.6285904514100588,0.12444385958597406,0.11086705363544029,0.0,0.8176900594352877,0.6133912238098365,0.2955385085187875,0.2871639669055006,0.37515779774652813,angry,05,03,03,male,normal,330
70,2.3356666666666666,True,1.0,0.5748719672006737,0.5660691145838291,0.5704705408922515,0.8606211264848093,-0.0535648148148149,-0.04972222222222222,0.3652343463199644,0.17634929065542904,0.1854429990664996,0.6628590948287868,0.008802852616844548,0.003842592592592675,0.007192624882925367,0.3876253978234611,0.12565918643615748,0.10948765517073002,0.0,0.6552122050924888,0.6166228071697429,0.2957067810101964,0.2992191827456152,0.37757999812522564,angry,05,03,03,male,normal,330
80,2.6693333333333333,True,1.0,0.5882518077927207,0.5995063463940612,0.5938790770933909,0.7726265769572535,-0.04731481481481492,-0.04587962962962955,0.33054867374522656,0.24722486042309835,0.1812605229973301,0.7686495582797537,0.011254538601340514,0.0014351851851853725,0.0014531626391160737,0.45041572321401535,0.12389197620572268,0.11148343375642378,0.0,0.9999999987499999,0.6147192079253577,0.2946387364178359,0.29014192886982315,0.3724690493450017,angry,05,03,03,male,normal,330
90,3.003,True,1.0,0.567853304622586,0.5698048658396934,0.5688290852311397,0.592568105279847,-0.04574074074074075,-0.04699074074074089,0.35256445281416227,0.028894885799188166,0.17848761096782254,0.9599387482431302,0.0019515612171073782,0.0012500000000001399,0.011243085684310615,0.5217153208003686,0.12402823669907759,0.11133182057148339,0.0,0.8481408571212761,0.6152585588610444,0.2940871200939563,0.2878046757047827,0.374089755477106,angry,05,03,03,male,normal,330
100,3.336666666666667,True,1.0,0.567853304622586,0.5724907679272244,0.5701720362749052,0.5631478233580209,-0.046296296296296335,-0.04712962962962963,0.34383712605051486,0.06665935191278592,0.1791875309587279,1.0124731245075214,0.004637463304638434,0.0008333333333332971,0.015116519169003473,0.5628686224060451,0.12477104423394114,0.11049870719155404,0.0,0.7485523242162899,0.6141175228372598,0.2935540487599035,0.29005243022832494,0.37348673888001577,angry,05,03,03,male,normal,330
110,3.6703333333333332,True,1.0,0.567281046437856,0.5509726876139941,0.5591268670259251,0.5226212379315817,-0.048703703703703805,-0.04648148148148157,0.3429193859404217,0.09700813022023641,0.17718024500444474,1.0698510248814697,0.016308358823861946,0.0022222222222222365,0.0017543527366310086,0.5782727805924277,0.12493222959121719,0.11031643476760773,0.0,0.7495181150790057,0.6138999606014282,0.2946657326356842,0.2873744685031747,0.36926465436634376,angry,05,03,03,male,normal,330
0,0.0,True,1.0,0.6262929371258167,0.5797442302571276,0.6030185836914721,0.37916735981205996,-0.05055555555555563,-0.051805555555555494,0.34282969575018324,0.09100016635489502,0.17222399420151366,1.5903757749358156,0.04654870686868906,0.0012499999999998623,0.02887502828039535,0.7435766604728784,0.12827650445039612,0.1064091921626291,0.0,0.6776161319418,0.6124518555078281,0.29211808425082086,0.2896621046229894,0.37899039115913713,angry,05,03,03,male,normal,331
10,0.33366666666666667,True,1.0,0.5917021814543642,0.5152287932284972,0.5534654873414306,0.48258460651151425,-0.0503703703703704,-0.05189814814814819,0.3542564884548253,0.0511534994287889,0.18055597810614277,1.146877624925289,0.07647338822586691,0.0015277777777777946,0.05813010317400883,0.5970131934406074,0.12553496131380024,0.10963006548634746,0.0,0.684128949977548,0.6127498353482017,0.29629418328362805,0.28670078421577694,0.3621736058398472,angry,05,03,03,male,normal,331
20,0.6673333333333333,True,1.0,0.5573569201016848,0.5232381965428623,0.5402975583222736,0.5240896156126142,-0.050370370370370565,-0.05189814814814819,0.3582605753529579,0.06551120195157663,0.1764165688036608,1.0309258993630577,0.034118723558822506,0.001527777777777628,0.03960540883963522,0.5475800129326066,0.1278716591410387,0.10689535331081575,0.0,0.7242222232806725,0.6121524841811725,0.295053688663515,0.28831737972633414,0.3611149475225341,angry,05,03,03,male,normal,331
30,1.0010000000000001,True,1.0,0.6143730870914993,0.5663449636870408,0.5903590253892701,1.0067346986715633,-0.06791666666666668,-0.06601851851851848,0.3389233648909787,0.2830457603459024,0.19593304199252465,0.5864097325425242,0.0480281234044585,0.0018981481481482043,0.03193326115176644,0.33386833775997216,0.12317681274546066,0.11227310707505178,0.0,0.6798335261428833,0.6207139733080732,0.29959513928013953,0.2818451388273168,0.3633936304241486,angry,05,03,03,male,normal,331
40,1.3346666666666667,True,1.0,0.4884652489534019,0.45187004757394506,0.47016764826367347,0.992518660923577,-0.050787037037037075,-0.05212962962962964,0.3484987328803917,0.30367038093602594,0.17925010926358437,0.47371164570967794,0.03659520137945682,0.001342592592592562,0.02906362397040015,0.3274138344889555,0.12315455502753622,0.11212773697340248,0.0,0.9999999987499999,0.6216035733277687,0.29825371050246613,0.28271056012615303,0.3574370373085381,angry,05,03,03,male,normal,331
50,1.6683333333333334,True,1.0,0.5286410452137533,0.488784669361114,0.5087128572874337,0.8069462081106478,-0.04819444444444454,-0.0490740740740741,0.3831584095340911,0.1479336373065363,0.17798536684420832,0.6304173093253812,0.03985637585263935,0.0008796296296295636,0.019133317230701115,0.3749835215940274,0.12764749016679328,0.10716294147274001,0.0,0.6741027628368252,0.6194006545586985,0.29857606403205,0.2866627520352746,0.3616187592213239,angry,05,03,03,male,normal,331
60,2.0020000000000002,True,1.0,0.5836954997342441,0.5279850964937789,0.5558402981140115,0.42626472701791257,-0.04995370370370372,-0.048842592592592604,0.3674146958786875,0.00709319931647959,0.18361443441400138,1.3039791070741207,0.05571040324046517,0.0011111111111111183,0.02708850678844928,0.658586470171618,0.12597403333305274,0.10912525233092053,0.0,0.713014073482591,0.6125480393094739,0.2931750102610893,0.28862004423770693,0.3762120783455979,angry,05,03,03,male,normal,331
70,2.3356666666666666,True,1.0,0.5733454921158304,0.5291149758732745,0.5512302339945525,0.8145541774348634,-0.04976851851851849,-0.04851851851851857,0.3682136517281936,0.21426248555598823,0.1815566001892127,0.6767262992014208,0.04423051624255592,0.0012499999999999178,0.02207662969097915,0.410466004888374,0.1256210023414399,0.10953146370451516,0.0,0.7009301206188239,0.6167064662271159,0.2929754996970515,0.2920126285993978,0.3718046046206162,angry,05,03,03,male,normal,331
80,2.6693333333333333,True,1.0,0.5888845149670076,0.5728333375132658,0.5808589262401367,1.0184210994623166,-0.048888888888888926,-0.048101851851851896,0.3062462959381873,0.34794525208941507,0.18359324209445113,0.5703524078073458,0.01605117745374174,0.0007870370370370305,0.01727294508887268,0.3597258528612697,0.12723744297110207,0.107649481544991,0.0,0.6982926480382144,0.6135029905634128,0.29391236032341955,0.2898306367897447,0.36879705730518725,angry,05,03,03,male,normal,331
90,3.003,True,1.0,0.5981871757395412,0.5815829971342675,0.5898850864369043,0.7220524838182675,-0.04962962962962947,-0.04791666666666666,0.3416411427346119,0.165424931798377,0.18285973512150927,0.8169559687926671,0.016604178605273634,0.0017129629629628051,0.013733569896792724,0.4588006588468614,0.12641281734154375,0.10861665333760112,0.0,0.8588299012822688,0.6089354570734543,0.2942368104836744,0.28820702872687093,0.3697651444646752,angry,05,03,03,male,normal,331
100,3.336666666666667,True,1.0,0.6134422326262738,0.6040939464150309,0.6087680895206524,0.5611704483037708,-0.05097222222222231,-0.048842592592592604,0.34308651608810525,0.08333060584777288,0.18075995458352442,1.0848185098854604,0.009348286211242951,0.0021296296296297035,0.01624337364943173,0.5342777632205166,0.1253549718218889,0.10983582662229802,0.0,0.71070032835065,0.6066875737013555,0.2939006202354786,0.286370926843049,0.370581503552172,angry,05,03,03,male,normal,331
110,3.6703333333333332,True,1.0,0.6039023340374868,0.596662199685815,0.600282266861651,0.6836854878639066,-0.05152777777777784,-0.04828703703703707,0.3516011166076352,0.12629542361962148,0.17957541983059666,0.8780093734871586,0.007240134351671812,0.0032407407407407662,0.008657176394095285,0.46656404099982085,0.1275332733594421,0.10729884415415458,0.0,0.7955698489976719,0.6077194837309925,0.2928122158846825,0.29254245921448935,0.37533209922183686,angry,05,03,03,male,normal,331
0,0.0,True,1.0,0.6121052102400204,0.5712343370369093,0.5916697736384648,0.5330993767137148,-0.04856481481481484,-0.048055555555555574,0.34953858379952757,0.029616632039650755,0.18333374948165373,1.1098676897463409,0.04087087320311111,0.0005092592592592649,0.02130551217304024,0.5625000000000021,0.12497824917447552,0.11026429614227949,0.0,0.9061348443547608,0.6077974616174595,0.2952650737946202,0.2834921968407352,0.37363791101497057,angry,05,03,03,male,strong,332
10,0.33366666666666667,True,1.0,0.5823053451296796,0.5643021521459727,0.5733037486378261,0.6540066129969947,-0.04782407407407413,-0.0471759259259259,0.36138744325992905,0.07108236103875815,0.18541666666666667,0.8766023725825239,0.018003192983706895,0.000648148148148231,0.02815587361517829,0.4768665222334456,0.12436672541750136,0.11095357307965374,0.0,0.8588046546285498,0.6013464073207407,0.2957638989523182,0.2878635372326327,0.37674915764147127,angry,05,03,03,male,strong,332
20,0.6673333333333333,True,1.0,0.5502096654762668,0.5065552706723642,0.5283824680743154,0.7309268495761804,-0.045787037037037015,-0.04601851851851857,0.3581962654990839,0.1433102736794214,0.18333374948165368,0.7228937729961514,0.04365439480390265,0.00023148148148155467,0.032674074517784576,0.44158512733255917,0.1254370366718814,0.10974209585002055,0.0,0.6916754036879479,0.6068988906343789,0.2947350914583964,0.28918090498988336,0.3758769695090821,angry,05,03,03,male,strong,332
30,1.0010000000000001,True,1.0,0.5758982579107269,0.5201205984090798,0.5480094281599033,1.005312081932301,-0.04777777777777775,-0.04615740740740748,0.4224943186743675,0.1532451874476897,0.18141829471211002,0.5451137393142431,0.05577765950164715,0.001620370370370272,0.02520298892883905,0.30868176177203116,0.12121552795167813,0.11422114342622133,0.0,0.9999999987499999,0.6059280470313125,0.29749672350803963,0.2954129670446912,0.37765263995557796,angry,05,03,03,male,strong,332
40,1.3346666666666667,True,1.0,0.6125132900915256,0.544861817147138,0.5786875536193318,1.3028275138097134,-0.04782407407407402,-0.043703703703703745,0.3233701976395381,0.3092304949837452,0.17738264465120823,0.4441781797554614,0.06765147294438756,0.004120370370370274,0.038636884427798134,0.21117708267011004,0.12331602824724115,0.11195012728906903,0.0,0.7071067807446058,0.6218825760069653,0.301234950551594,0.2707077309393239,0.356537886050702,angry,05,03,03,male,strong,332
50,1.6683333333333334,True,1.0,0.6302592390576942,0.5732560983275652,0.6017576686926297,1.5902218940702628,-0.0476388888888889,-0.04467592592592584,0.3108581154881751,0.560723142127911,0.18531766320774326,0.37841113302269846,0.05700314073012902,0.002962962962963056,0.044211170404434515,0.2172614135253158,0.12556632673087498,0.10959413926869402,0.0,0.6957651790210541,0.6154227658407114,0.2981927329902677,0.2720460120751642,0.35175422388174865,angry,05,03,03,male,strong,332
60,2.0020000000000002,True,1.0,0.5205975385859549,0.484136028575924,0.5023667835809394,0.8277889828944525,-0.044351851851851976,-0.04152777777777783,0.41819636934340915,0.12172950923635262,0.1775806817928317,0.6068778323484814,0.036461510010030895,0.0028240740740741455,0.033636036993037806,0.36514451605061937,0.12490476684075896,0.1094808533626265,0.0,0.6597528075016509,0.6009232341530363,0.29456418028395115,0.2949163187480218,0.3763187501049956,angry,05,03,03,male,strong,332
70,2.3356666666666666,True,1.0,0.5924618873022917,0.5411743190051481,0.5668181031537198,0.7751632422076153,-0.04874999999999985,-0.045648148148148104,0.3640167811106334,0.0501740551660809,0.1877748636374488,0.7312241761354139,0.05128756829714354,0.0031018518518517446,0.03993889879821493,0.38533900401753163,0.12424010777746693,0.11109533468957043,0.0,0.7709295257595523,0.5985519468177897,0.2941764142542304,0.2825316782969802,0.35363553019093774,angry,05,03,03,male,strong,332
80,2.6693333333333333,True,1.0,0.5491902791092055,0.4968224883983482,0.5230063837537768,0.8952815268389609,-0.0443055555555556,-0.04458333333333331,0.40479212989951074,0.16781919969063003,0.18216613257776035,0.5841809174823428,0.05236779071085729,0.0002777777777777102,0.0427106642885673,0.34393601731575796,0.12453521967025533,0.11076442042537696,0.0,0.9005138718224336,0.6139499517619549,0.29691412958475666,0.28529988163487036,0.36091572204712385,angry,05,03,03,male,strong,332
90,3.003,True,1.0,0.6101293943479004,0.5532859092917722,0.5817076518198363,1.176104370418109,-0.04643518518518519,-0.04500000000000004,0.3196735851333382,0.3463457779030403,0.1891213974426982,0.4946054673812983,0.05684348505612813,0.0014351851851851505,0.04644318237946985,0.2651584358312575,0.12321350549418306,0.11206295501417576,0.0,0.9509983149689114,0.6072882838057099,0.2905959753514551,0.2726546426160885,0.34665615749834805,angry,05,03,03,male,strong,332
100,3.336666666666667,True,1.0,0.6936474806409627,0.5989908485234975,0.6463191645822302,0.9518147978044563,-0.049537037037037046,-0.0470370370370371,0.3281388558638575,0.15586962574429533,0.18965133174141804,0.6790387857733348,0.09465663211746522,0.0024999999999999467,0.05108987522401166,0.3136197126449778,0.12507531053706478,0.10998109163379367,0.0,0.922376354560847,0.6100146201371174,0.2909495616285636,0.27536494340842504,0.3489903804197768,angry,05,03,03,male,strong,332
110,3.6703333333333332,True,1.0,0.6414816394947944,0.576210386006263,0.6088460127505286,0.46699031836921445,-0.048240740740740695,-0.046805555555555545,0.33952594688952586,0.06778891718262774,0.1820266136881089,1.303765814410652,0.06527125348853147,0.0014351851851851505,0.05945194153672495,0.5987903225806478,0.1274806854288067,0.10736131804995373,0.0,0.8080252802605838,0.6098060235734919,0.2928495142835413,0.2813346433260924,0.35894430309868747,angry,05,03,03,male,strong,332
120,4.0040000000000004,True,1.0,0.6736275957023179,0.5721587224143335,0.6228931590583258,0.5758581188677796,-0.04902777777777778,-0.04731481481481481,0.3170349212226515,0.15166662398818906,0.18335996492176562,1.081678174969598,0.10146887328798437,0.0017129629629629717,0.06303958324737907,0.5309397397574276,0.126508109100447,0.10832992271241587,0.0,0.9999999987499999,0.6090149435242846,0.2894259867352483,0.2849403994146006,0.36490471412372216,angry,05,03,03,male,strong,332
130,4.337666666666666,True,1.0,0.6869725134541099,0.549613368222725,0.6182929408384175,0.5810593817058842,-0.04907407407407416,-0.049861111111111134,0.31273828772689327,0.12081829461733919,0.18333999159310857,1.0640787504767968,0.13735914523138493,0.000787037037036975,0.07003465168729303,0.5465136438330791,0.12427690412079495,0.11088248249684092,0.0,0.9999999987499999,0.6104940430078283,0.28792896604462487,0.2842990062461589,0.36624914272334785,angry,05,03,03,male,strong,332
0,0.0,True,1.0,0.5617341115172086,0.5188489045624605,0.5402915080398345,0.7368248330212018,-0.044490740740740775,-0.04541666666666666,0.382610218987404,0.10712411110289762,0.18197840664028841,0.7332699494186128,0.04288520695474818,0.0009259259259258856,0.05142988153415791,0.43087914669333494,0.12629667663101415,0.10875167696443078,0.0,0.9659533063421941,0.6099124000146934,0.2914308336690317,0.2959853162555478,0.37474102075550686,angry,05,03,03,male,strong,333
10,0.33366666666666667,True,1.0,0.6017541256829756,0.5492294846364321,0.5754918051597038,0.673027532994983,-0.04805555555555546,-0.04875000000000013,0.3760293501567318,0.12360915757600711,0.18334831407780552,0.8550791415601622,0.05252464104654353,0.000694444444444664,0.037843798230627446,0.45960668174861175,0.12335404032533334,0.11173786560734303,0.0,0.7923049299968432,0.6144754360572354,0.2925808197991244,0.28860512717582176,0.37337607369678544,angry,05,03,03,male,strong,333
20,0.6673333333333333,True,1.0,0.5920960929609078,0.5725865449930686,0.5823413189769882,0.7261750867140504,-0.04861111111111105,-0.04861111111111116,0.36429839418516163,0.1326588411270059,0.18403814194642587,0.8019296305138868,0.019509547967839214,1.1102230246251565e-16,0.028815516655030328,0.4330941089632129,0.12558189354849988,0.10957630119367652,0.0,0.7450012407748036,0.6081335106151836,0.29303709112189985,0.2924850243162749,0.3749850207163329,angry,05,03,03,male,strong,333
30,1.0010000000000001,True,1.0,0.6241240257629594,0.5583559067195203,0.5912399662412399,1.0950282201638424,-0.05768518518518517,-0.05462962962962975,0.40442247416171434,0.2446853044076027,0.19105050873278595,0.5399312596279722,0.06576811904343915,0.0030555555555554226,0.035921848756821396,0.29768984145885774,0.12367295653389945,0.11172635137930277,0.0,0.7131746344306308,0.5965031710496698,0.3001974995101147,0.30377157074231637,0.3832497386788409,angry,05,03,03,male,strong,333
40,1.3346666666666667,True,1.0,0.6224566024683097,0.520425762460689,0.5714411824644994,1.0685177632358023,-0.05856481481481479,-0.05231481481481487,0.36756959061605643,0.33741742042638156,0.1828683885054718,0.5347980184568937,0.10203084000762075,0.006249999999999922,0.028472227724655342,0.3037307604288424,0.12349797472924984,0.11191973913517328,0.0,0.8111227705144988,0.607900167105905,0.29940377227426845,0.28359243403866535,0.3606769461120861,angry,05,03,03,male,strong,333
50,1.6683333333333334,True,1.0,0.541124829480119,0.4784273620651674,0.5097760957726432,1.0367488088492116,-0.04754629629629625,-0.04490740740740751,0.34570800085992176,0.32300198945883823,0.17876096754884935,0.49170646874288987,0.06269746741495158,0.0026388888888887463,0.029191180194594143,0.32732916225860154,0.12674127420184997,0.10823320740144969,0.0,0.8239391041691745,0.6180667527401585,0.2951497541013498,0.2799969492902316,0.3623834472678338,angry,05,03,03,male,strong,333
60,2.0020000000000002,True,1.0,0.5543830234441933,0.5086475902695539,0.5315153068568736,0.989243052052357,-0.04699074074074061,-0.04439814814814813,0.3799464704314093,0.23036483086916731,0.18284095896059616,0.5372949607825424,0.04573543317463946,0.0025925925925924798,0.02875558269731764,0.3171009757656528,0.12452783549149991,0.11077272208539807,0.0,0.7383293630061036,0.6017610491931148,0.2964439950698276,0.2886381552574152,0.37182578849244846,angry,05,03,03,male,strong,333
70,2.3356666666666666,True,1.0,0.5584686327429491,0.48999413285578153,0.5242313827993653,0.9938095918965789,-0.045787037037037126,-0.043611111111110934,0.36591005768435997,0.27293913922507346,0.17046547475841345,0.5274968032849492,0.06847449988716758,0.002175925925926192,0.023191788667349254,0.32481375010037866,0.12283587794843329,0.11264601572563002,0.0,0.7002629501838891,0.5951525302855518,0.29489359246278485,0.29522157807052163,0.38142602069292975,angry,05,03,03,male,strong,333
80,2.6693333333333333,True,1.0,0.42113021565014164,0.38775623412610566,0.4044432248881237,1.1145008142058501,-0.04370370370370369,-0.04240740740740756,0.3905934208773925,0.24622165735442467,0.16959026572786806,0.3628918164374013,0.03337398152403598,0.0012962962962961289,0.023719594319757727,0.28872262176188823,0.12261353471622938,0.11288799260451288,0.0,0.8823005725670858,0.5981175920758929,0.2977342225848248,0.2996432638098573,0.3913838312242217,angry,05,03,03,male,strong,333
90,3.003,True,1.0,0.6174215037136644,0.5573934909719638,0.5874074973428141,1.1850758075520007,-0.04981481481481487,-0.04759259259259263,0.33333270018010047,0.37422421577999027,0.18922827157085864,0.49567082004333196,0.060028012741700665,0.0022222222222222365,0.022765089355209576,0.28612438023062947,0.12406275516659718,0.11129335357875757,0.0,0.6891922590423785,0.6026810392125601,0.29458322910830564,0.2780023233032557,0.3613838671839171,angry,05,03,03,male,strong,333
100,3.336666666666667,True,1.0,0.6409948480385209,0.6177369750954634,0.6293659115669922,1.1434773028088892,-0.050416666666666665,-0.04782407407407396,0.3084628016375299,0.2942369823186288,0.19066271182100608,0.5503965054846208,0.023257872943057478,0.002592592592592702,0.035524647293213425,0.27920570707149767,0.12482776637450399,0.11043462551311672,0.0,0.7946126437973213,0.5979409878248175,0.2916401096674941,0.2822100010412776,0.3610568928025805,angry,05,03,03,male,strong,333
110,3.6703333333333332,True,1.0,0.6174215037136633,0.5995064222441783,0.6084639629789208,0.4965630944776098,-0.05148148148148135,-0.04902777777777778,0.3434804861945094,0.06015452065395532,0.18771512723843176,1.2253507555148293,0.01791508146948506,0.002453703703703569,0.028561354952899538,0.5823674694960305,0.12631882656642962,0.10872594826149715,0.0,0.7071067807446058,0.6000758349042742,0.29494887759232463,0.2844500053032974,0.36691309652994725,angry,05,03,03,male,strong,333
120,4.0040000000000004,True,1.0,0.659911317163018,0.599530082415642,0.62972069978933,0.470856265860869,-0.050694444444444375,-0.04847222222222214,0.3378598357832198,0.08348405926702467,0.18567365916957204,1.3373947538703947,0.060381234747376,0.0022222222222222365,0.0402266543915939,0.6354810472413301,0.1261611862207526,0.10890882820965578,0.0,0.8785378070628521,0.6039809745851465,0.2938990308306424,0.2827834349045186,0.36536779777901124,angry,05,03,03,male,strong,333
130,4.337666666666666,True,1.0,0.653589898868792,0.6108320799312172,0.6322109894000046,0.5210829115198897,-0.052870370370370345,-0.051064814814814785,0.3345539951666445,0.14557677447749082,0.1855980375368861,1.213263715664706,0.0427578189375748,0.0018055555555555602,0.03937715969668493,0.5624230354721569,0.1257215389109327,0.1094160519504681,0.0,0.6607678815740046,0.6096819656143707,0.29268443503941827,0.28356709509338573,0.37057520950828243,angry,05,03,03,male,strong,333
0,0.0,True,1.0,0.5751418663731754,0.536466278388042,0.5558040723806087,0.5654268032903129,-0.04601851851851857,-0.048194444444444484,0.34106675660361896,0.07439826359083153,0.17847264970529494,0.9829814737226676,0.038675587985133486,0.0021759259259259145,0.04530600362418004,0.5032894736842111,0.12524829540258312,0.1099574566329708,0.0,0.8147536576967824,0.614544276132328,0.29327265090699495,0.28296085916395575,0.3731966756440939,angry,05,03,03,male,strong,334
10,0.33366666666666667,True,1.0,0.5554319009666843,0.5193356752317947,0.5373837880992395,0.7011683367776449,-0.04685185185185192,-0.04949074074074067,0.333040893965554,0.14476321781291998,0.1784876109678226,0.7664119440545346,0.036096225734889575,0.0026388888888887463,0.043408726780520955,0.44062208004559944,0.126846401968285,0.10810998140036168,0.0,0.726257079803415,0.6123143854338611,0.2937289991588903,0.28778016239923715,0.3767550414049716,angry,05,03,03,male,strong,334
20,0.6673333333333333,True,1.0,0.557318232938962,0.501372304646487,0.5293452687927245,0.3795021370143021,-0.045740740740740804,-0.048981481481481404,0.3545698609186526,0.08011074191875227,0.17779322663045252,1.394841338595085,0.05594592829247502,0.0032407407407405997,0.03740954905965543,0.7595106717940798,0.12625716642766488,0.10879754453262737,0.0,0.6216540358999719,0.6108172496654912,0.29393758994658825,0.2830117412885506,0.3631500012221863,angry,05,03,03,male,strong,334
30,1.0010000000000001,True,1.0,0.6259483341362213,0.5769646757110274,0.6014565049236243,1.3753598207938256,-0.06148148148148158,-0.05805555555555564,0.3119324332844782,0.4276128201322097,0.19029221182200778,0.43730847435726145,0.04898365842519392,0.0034259259259259434,0.035815216010029294,0.2403500917878691,0.1262940670441234,0.10875470748453492,0.0,0.6862713959604346,0.5871775928730868,0.2720672141026507,0.29447528424119823,0.3327851149035738,angry,05,03,03,male,strong,334
40,1.3346666666666667,True,1.0,0.5865441017333785,0.5023199459107682,0.5444320238220733,1.0972439100535374,-0.05125000000000013,-0.0473148148148147,0.3787844395884985,0.27767067240353305,0.179888256746024,0.49618140400114785,0.08422415582261022,0.00393518518518543,0.03378511727516442,0.2989294164874149,0.12429932487557697,0.11102907549843939,0.0,0.6622216871178296,0.613083184727016,0.2996236224999716,0.29500754961193826,0.37273324579797373,angry,05,03,03,male,strong,334
50,1.6683333333333334,True,1.0,0.544167881299833,0.49955367010642304,0.5218607757031279,0.9832656127880082,-0.04763888888888873,-0.04634259259259249,0.3806646527552375,0.2457864018051536,0.17943261096045243,0.530742424952108,0.044614211193409914,0.0012962962962962399,0.0229117993929819,0.3283787303457967,0.12501725514698395,0.11022006934284442,0.0,0.7071067807446058,0.603311632676508,0.3023381965872884,0.2941427366933955,0.3674309562564257,angry,05,03,03,male,strong,334
60,2.0020000000000002,True,1.0,0.49384446198784343,0.4720746146278122,0.4829595383078278,0.7565128441170178,-0.043657407407407534,-0.04138888888888881,0.4591081916325681,-0.027812020680488467,0.18019336335274247,0.6384022982075416,0.021769847360031236,0.002268518518518725,0.025973866720465793,0.37684887984726567,0.12441552807041578,0.11089884645607165,0.0,0.6715035965672695,0.6147684735847464,0.29957629428643345,0.28025837307459567,0.3707180947869795,angry,05,03,03,male,strong,334
70,2.3356666666666666,True,1.0,0.551752228621961,0.482483995604265,0.517118112113113,0.62288975646329,-0.046527777777777835,-0.04407407407407404,0.3818401635603474,0.04152273992686984,0.18373281708503184,0.8301920311697875,0.06926823301769602,0.002453703703703791,0.04007956866059756,0.5043854614390189,0.1266823920588056,0.10830212053705766,0.0,0.8479565723602028,0.6041568947891658,0.2956381461947309,0.28221920933239153,0.3631083389242137,angry,05,03,03,male,strong,334
80,2.6693333333333333,True,1.0,0.5814694502565437,0.48931319172216536,0.5353913209893546,0.9938782075245274,-0.04587962962962966,-0.043194444444444424,0.3852520922508067,0.1987253455166024,0.18306614579044347,0.5386890636458008,0.09215625853437837,0.002685185185185235,0.044396892337292146,0.3011066453062986,0.12399134600467994,0.11103024808997844,0.0,0.9999999987499999,0.6082822122911664,0.29465721396460526,0.2930592997575292,0.3789538951756629,angry,05,03,03,male,strong,334
90,3.003,True,1.0,0.6938711172838165,0.6061055996049562,0.6499883584443864,1.117661079109489,-0.05018518518518522,-0.04814814814814805,0.28457904428054703,0.42125203391750243,0.19124209545640397,0.58156123586434,0.0877655176788602,0.0020370370370371704,0.05961865616359157,0.25102890112932574,0.12469653629302943,0.11058278169334569,0.0,0.7071067807446058,0.6064340411242622,0.2934687356269354,0.2676039821296711,0.3459597119188394,angry,05,03,03,male,strong,334
100,3.336666666666667,True,1.0,0.6528579220284324,0.5645664139205491,0.6087121679744907,0.5815668541746238,-0.050833333333333286,-0.05009259259259258,0.34940921423944515,0.05086698542704239,0.1861701327690947,1.0466761707704133,0.08829150810788333,0.0007407407407407085,0.06006095636111622,0.47858890041837937,0.12787057449042089,0.10689665079065601,0.0,0.70142008984795,0.6074709850190076,0.2861358240091946,0.2804906573277341,0.3626937642978594,angry,05,03,03,male,strong,334
110,3.6703333333333332,True,1.0,0.645311430639935,0.572158722414334,0.6087350765271344,0.513124791985501,-0.05175925925925917,-0.05212962962962958,0.33495744246690046,0.045250952636239475,0.18613734526959475,1.186329497297677,0.07315270822560105,0.00037037037037040976,0.06630660050712676,0.5464484918355923,0.1261616736856257,0.10890826352158617,0.0,0.7798930649276699,0.6050373732070954,0.2870409403622412,0.28388924171612223,0.3656010494653655,angry,05,03,03,male,strong,334
120,4.0040000000000004,True,1.0,0.645311430639935,0.5652689726681615,0.6052902016540482,0.598838646910685,-0.05259259259259258,-0.05120370370370375,0.34634174308504434,0.13461895240387006,0.18615210035902052,1.010773444193433,0.08004245797177356,0.0013888888888888284,0.060949838948637765,0.5082610469639822,0.12409114129873491,0.11126170240208047,0.0,0.7071067807446058,0.6238548685020884,0.2906234931990423,0.2708253000574735,0.3506898639914367,angry,05,03,03,male,strong,334
0,0.0,True,1.0,0.6052497533494867,0.5770335116801611,0.591141632514824,0.6417233234680217,-0.04935185185185176,-0.05199074074074084,0.3510448293218096,0.12380751023807161,0.17920924427469392,0.921178350383398,0.02821624166932557,0.0026388888888890794,0.04928272793576902,0.47457026858025003,0.12617064008907836,0.10889787578320198,0.0,0.8032922861358619,0.6125325319893583,0.2914173695280725,0.28627295590583396,0.37586806893361346,angry,05,03,03,male,strong,335
10,0.33366666666666667,True,1.0,0.6179947848559612,0.5550246675769166,0.5865097262164389,0.7047389945755269,-0.04722222222222222,-0.05055555555555569,0.35848651201774495,0.11264424451510217,0.1820152966585862,0.8322368007601184,0.06297011727904456,0.003333333333333466,0.05212824438312892,0.44012418834363015,0.12558560628016707,0.10957204600561753,0.0,0.7071067807446058,0.6138714494157038,0.2957406285860192,0.29131712940141197,0.36796432733299084,angry,05,03,03,male,strong,335
20,0.6673333333333333,True,1.0,0.5723703503612999,0.5244814007906216,0.5484258755759608,0.6968317340745775,-0.04828703703703696,-0.04962962962962969,0.36988518066248116,0.1636025649447641,0.1827741836560361,0.7870276980199443,0.04788894957067835,0.0013425925925927285,0.047169333185561234,0.44711595338336874,0.1250641034463408,0.11016690882400192,0.0,0.680034563458061,0.6110876927177122,0.2955593252934118,0.2981084308616771,0.37433805530270303,angry,05,03,03,male,strong,335
30,1.0010000000000001,True,1.0,0.6207670688092328,0.5999999999999996,0.6103835344046162,1.6049606003214105,-0.062453703703703733,-0.05768518518518506,0.31393351997085606,0.5293356107343512,0.19281905681094835,0.38031060343934947,0.02076706880923318,0.004768518518518672,0.023051154937213263,0.21015638967942654,0.12661269516097667,0.108383592829096,0.0,0.9999999987499999,0.5624801578990971,0.27060450817000414,0.30688367589754456,0.3436219531860813,angry,05,03,03,male,strong,335
40,1.3346666666666667,True,1.0,0.5002440810494413,0.49619436615502444,0.49821922360223286,1.0150914888470133,-0.05138888888888893,-0.04972222222222217,0.3854016972297021,0.3028134868202332,0.18686754851706588,0.49081213770015225,0.004049714894416856,0.0016666666666667607,0.024583841954997285,0.3467986647824063,0.12328188764547912,0.11215771907785915,0.0,0.9108357720287936,0.6004681303146259,0.29602455792596005,0.30118933627506356,0.38910894121512696,angry,05,03,03,male,strong,335
50,1.6683333333333334,True,1.0,0.5139283130644746,0.4990462879884226,0.5064873005264486,1.0332626490602363,-0.047037037037037044,-0.04546296296296287,0.38434647853081033,0.2810904091589021,0.188719110918855,0.49018253102161813,0.014882025076052019,0.001574074074074172,0.01018898194810218,0.32959207740875524,0.12411838782382843,0.11123130662908677,0.0,0.6806544114838232,0.5958636350321379,0.29686642452711376,0.30306307043618,0.38438521391425856,angry,05,03,03,male,strong,335
60,2.0020000000000002,True,1.0,0.5073770623333951,0.4415431352961391,0.4744600988147671,0.7486620606793823,-0.04851851851851863,-0.046712962962962956,0.4730866931821327,-0.010532643019834163,0.1903259711325373,0.6337440131321902,0.06583392703725599,0.0018055555555556713,0.014596182446016443,0.3736843053215737,0.12377531608370683,0.11161294234419586,0.0,0.7296736017425,0.5933370692183123,0.29755707377560764,0.2967529167750863,0.3849500739597713,angry,05,03,03,male,strong,335
70,2.3356666666666666,True,1.0,0.5836471696856115,0.5557337694065109,0.5696904695460612,0.29376173060643457,-0.0526388888888889,-0.04995370370370367,0.3805233078184312,-0.046003811784966674,0.19392656904419986,1.9392943674794059,0.02791340027910061,0.002685185185185235,0.0008421913928826503,0.9449926107571843,0.1249440071316141,0.11030309538791086,0.0,0.6870629527305413,0.5753906511823481,0.29668305434684294,0.2888826035910555,0.3683821337622828,angry,05,03,03,male,strong,335
80,2.6693333333333333,True,1.0,0.47229847456326607,0.4660747481189576,0.46918661134111184,0.9048362031301463,-0.047361111111111076,-0.045370370370370394,0.43981455416627946,0.1299898977248322,0.1865569990429278,0.518532094226591,0.006223726444308464,0.001990740740740682,0.011381294633367537,0.3479255184077871,0.12000765055596763,0.11565440578545251,0.0,0.7849846038040275,0.597697534670118,0.2913609533894388,0.3115058010233496,0.4020970850201185,angry,05,03,03,male,strong,335
90,3.003,True,1.0,0.4234093919801363,0.4273682614851862,0.4253888267326612,0.9386206779653312,-0.04763888888888901,-0.04314814814814816,0.39741828868894447,0.20014903115789187,0.17871828314399812,0.45320632361816915,0.003958869505049922,0.004490740740740851,0.014985161368842224,0.3600848272327724,0.12290933703480916,0.11256585912127245,0.0,0.7084000548780424,0.5917374302533513,0.2915477848945632,0.3031826367830931,0.391438542246866,angry,05,03,03,male,strong,335
100,3.336666666666667,True,1.0,0.658905942916502,0.6759343289310149,0.6674201359237584,1.269903462866269,-0.04953703703703716,-0.05254629629629637,0.27666464763138837,0.4381923728111305,0.19887061842024992,0.5255676163110384,0.017028386014512953,0.0030092592592592116,0.013990183551235113,0.2539040934336391,0.12977315156023114,0.10457871152891031,0.0,0.7120851951752097,0.5356381966771083,0.25660601156829216,0.29031292845340084,0.34218610134684013,angry,05,03,03,male,strong,335
110,3.6703333333333332,True,1.0,0.6410469274833314,0.5999039860843958,0.6204754567838635,0.55524298424627,-0.04972222222222222,-0.04962962962962969,0.34526503354947435,0.07293055613228913,0.18981499124878884,1.117484550707372,0.041142941398935595,9.259259259253305e-05,0.00982003572831869,0.5377690959918008,0.12390342085883244,0.11147071395408022,0.0,0.7071067807446058,0.5932023066570378,0.28785585813622816,0.28413812425055474,0.37782789348813,angry,05,03,03,male,strong,335
120,4.0040000000000004,True,1.0,0.6755771148727061,0.6237955685776774,0.6496863417251917,0.43764995691667125,-0.050694444444444486,-0.04976851851851838,0.3501380314884685,0.0800111097518363,0.18842780990276645,1.4844885312050704,0.051781546295028735,0.0009259259259261077,0.012064205386064107,0.6861157206538162,0.1246910564068772,0.11058896067144937,0.0,0.6894882332788392,0.5977194967830882,0.28855867196529505,0.28608717383086674,0.37734416049002556,angry,05,03,03,male,strong,335
130,4.337666666666666,True,1.0,0.6457055595554376,0.6162623665743577,0.6309839630648977,0.603451938518327,-0.050277777777777755,-0.04972222222222228,0.33005835470409134,0.1507289117184597,0.1918771224123703,1.0456242209017852,0.02944319298107989,0.0005555555555554759,0.02432287683456104,0.553050014584687,0.1250859582663935,0.11014209374731682,0.0,0.7131412481416384,0.5994142182107218,0.2863067315981021,0.28606995915125316,0.37542928591564034,angry,05,03,03,male,strong,335
0,0.0,True,1.0,0.6274113236051745,0.6142134445259707,0.6208123840655726,0.7176400163643939,-0.053009259259259256,-0.05189814814814814,0.32636718299490963,0.20725347035686495,0.17986153529316393,0.8650749260202132,0.013197879079203778,0.0011111111111111183,0.03977965283607557,0.4504076323325943,0.12937621725734771,0.10506936841623651,0.0,0.692144964204587,0.6256997216386555,0.2928735447342566,0.29095436686009557,0.3596186259003053,fearful,06,03,03,male,normal,336
10,0.33366666666666667,True,1.0,0.6173091273959067,0.556408229783651,0.5868586785897789,0.6739588698154053,-0.05458333333333343,-0.05375000000000002,0.3636209247275256,0.09318038816557658,0.18126052299732998,0.8707633430961702,0.0609008976122557,0.0008333333333334081,0.04065723746769451,0.46662166512469494,0.12432810730519768,0.11099684456919374,0.0,0.6703775359700712,0.615732261045043,0.2943004147218082,0.28956880327244333,0.36015731545580587,fearful,06,03,03,male,normal,336
20,0.6673333333333333,True,1.0,0.6678776781594631,0.6023528157392725,0.6351152469493677,0.7790020788616839,-0.054537037037037106,-0.0539351851851852,0.3362587377813813,0.24902865124391507,0.17987171536233565,0.8152933916138315,0.06552486242019062,0.0006018518518519089,0.03615466257233993,0.41630890389887504,0.1258425989997247,0.10910231024067768,0.0,0.7071067807446058,0.5878999720513205,0.2686655626759644,0.28849289134318545,0.32285695484908417,fearful,06,03,03,male,normal,336
30,1.0010000000000001,True,1.0,0.6989209580531959,0.6226894439420683,0.6608052009976321,0.7987870696671235,-0.055555555555555525,-0.05347222222222214,0.35700291626262237,0.1451657011336722,0.17778464410025663,0.8272607633383546,0.07623151411112761,0.0020833333333333814,0.040242780669912485,0.3901502836592746,0.12283541163605508,0.11264652421853094,0.0,0.6540207949806156,0.6295562346188476,0.29317582846490764,0.28618125141913253,0.36089286721716796,fearful,06,03,03,male,normal,336
40,1.3346666666666667,True,1.0,0.7022294265462433,0.6034635433360118,0.6528464849411275,0.7292951217556183,-0.053101851851851845,-0.05189814814814814,0.35201278605074854,0.10415756902716351,0.1799327836822381,0.8951746219960207,0.0987658832102315,0.0012037037037037068,0.056986083000625694,0.40219769288508683,0.12204551425924708,0.11350185117228906,0.0,0.708518632224694,0.6295545542904663,0.2950031711459584,0.2760565561708634,0.3538202233178881,fearful,06,03,03,male,normal,336
50,1.6683333333333334,True,1.0,0.6627841800505734,0.5600865598153197,0.6114353699329466,0.6065719191802007,-0.053611111111111,-0.05124999999999996,0.35540914766784076,0.05915548331926859,0.18892160269492644,1.0080179292825144,0.10269762023525364,0.002361111111111036,0.06513785497477352,0.49371661436049913,0.12315291044977533,0.11229932510175648,0.0,0.6825029654602015,0.6156046942527011,0.3006259520745234,0.27165430505702365,0.35070941250148574,fearful,06,03,03,male,normal,336
60,2.0020000000000002,True,1.0,0.6784921367827662,0.582145606823822,0.6303188718032942,0.7843507085978568,-0.054861111111111194,-0.05037037037037029,0.35512601167178753,0.09422872419409817,0.18689742604383394,0.8036186681466542,0.09634652995894422,0.004490740740740906,0.0687693694190735,0.3851098649295501,0.12696475534700305,0.107970962163511,0.0,0.6898564954599593,0.6060356813428498,0.2955806183542058,0.28868181624451966,0.3573407308926993,fearful,06,03,03,male,normal,336
70,2.3356666666666666,True,1.0,0.6448829933965923,0.5577655921447683,0.6013242927706803,0.7114723562892538,-0.0507407407407407,-0.048009259259259196,0.3559286961182062,0.05184616259883346,0.18706063994881547,0.845182932906824,0.08711740125182399,0.0027314814814815014,0.059231585528198516,0.4221283033640778,0.12515654631040585,0.11006187662411122,0.0,0.7071067807446058,0.6013357867834634,0.2978203088751077,0.27619274820878326,0.3465896026269991,fearful,06,03,03,male,normal,336
80,2.6693333333333333,True,1.0,0.6925116549007952,0.591247169595703,0.6418794122482492,1.019343273646536,-0.05337962962962961,-0.04879629629629623,0.3059559537018116,0.21571760082951721,0.19045451944182107,0.6296989727042875,0.10126448530509224,0.004583333333333384,0.054962969902029604,0.31608062209424836,0.12215933404057382,0.11337934060708305,0.0,0.7385133708165061,0.6027734998921443,0.29580793578031134,0.268073460836373,0.3511998443729528,fearful,06,03,03,male,normal,336
90,3.003,True,1.0,0.6901189238237635,0.6048480688189448,0.6474834963213542,0.74161028082659,-0.05217592592592579,-0.04893518518518514,0.36357978789923584,0.05086698542704239,0.18691008021618238,0.8730778322000563,0.08527085500481868,0.003240740740740655,0.05504356614058391,0.3973252304460369,0.12331026008417229,0.11195648074489116,0.0,0.6823156463137783,0.6255057056416317,0.2935831406414634,0.2761582389621467,0.3582338604016982,fearful,06,03,03,male,normal,336
100,3.336666666666667,True,1.0,0.6855034494441492,0.6048480688189452,0.6451757591315472,0.5424076019046257,-0.05226851851851855,-0.05087962962962972,0.35570805933893906,0.007326446632050294,0.1875687536705291,1.189466660987159,0.08065538062520405,0.0013888888888888284,0.06365035754359494,0.5166531270798005,0.12213657477173462,0.11323573166396925,0.0,0.9999999987499999,0.6253195063025211,0.2920808539681393,0.2730501539252192,0.35324226800242126,fearful,06,03,03,male,normal,336
110,3.6703333333333332,True,1.0,0.686862786702634,0.592068154332456,0.639465470517545,0.6053144457121038,-0.0527777777777777,-0.05083333333333334,0.3501415987496625,0.05159555021124824,0.18474245908658,1.056418651574167,0.09479463237017804,0.0019444444444443598,0.07194852024478093,0.46830245312645546,0.12165711691997169,0.11391805683336678,0.0,0.772512724826406,0.6270171285936249,0.29324220943116414,0.2756354381961972,0.35759498122986605,fearful,06,03,03,male,normal,336
0,0.0,True,1.0,0.4898049484145794,0.46070421936106604,0.4752545838878227,0.5458360570638235,-0.05472222222222234,-0.05351851851851852,0.3564027354721528,0.05743126413561579,0.18125168372062783,0.8706910760793732,0.029100729053513352,0.0012037037037038179,0.03930830550489198,0.533310449217325,0.12693296901477494,0.10800832906774097,0.0,0.6470573959054112,0.616872490128864,0.2954220809936932,0.28651736037124087,0.3552742833439727,fearful,06,03,03,male,normal,337
10,0.33366666666666667,True,1.0,0.5904992613384038,0.5563546626400437,0.5734269619892238,0.6014460013171994,-0.05439814814814814,-0.0535648148148149,0.36518505331037115,0.055905431652276835,0.18403150894573134,0.9534138737864873,0.03414459869836006,0.0008333333333332416,0.029053483528681256,0.4988802475265493,0.12331857729463892,0.11211737717403844,0.0,0.6703138431636003,0.622133655188638,0.2947405392100114,0.28529098024608784,0.35701371058477793,fearful,06,03,03,male,normal,337
20,0.6673333333333333,True,1.0,0.586750702206918,0.5364662783880431,0.5616084902974805,0.7210180479618965,-0.054398148148148195,-0.05356481481481473,0.3377368264086016,0.13504260316632846,0.1826426484301614,0.7789104473667208,0.05028442381887499,0.0008333333333334636,0.04626845483949827,0.42346264501148545,0.12307983756633449,0.11237940805574761,0.0,0.683162054837897,0.6166183796174719,0.2931706513418494,0.2863170751954832,0.37177216477611313,fearful,06,03,03,male,normal,337
30,1.0010000000000001,True,1.0,0.6505914301197214,0.563239172869309,0.6069153014945152,0.9416858343041336,-0.06759259259259243,-0.06041666666666673,0.35535508879264405,0.18816110913573925,0.19444483681291014,0.6444987058162559,0.0873522572504124,0.007175925925925697,0.04094832733892858,0.3385828799475982,0.12433407250299437,0.11099016256123667,0.0,0.7645557128081205,0.6187247868287942,0.2972408093060011,0.2923375404686204,0.361673218576356,fearful,06,03,03,male,normal,337
40,1.3346666666666667,True,1.0,0.6505150001890314,0.5597468312296129,0.6051309157093221,0.8212240795632525,-0.06129629629629624,-0.05648148148148152,0.3494314992740954,0.13920248600893337,0.1896090870785938,0.736864554715865,0.09076816895941853,0.004814814814814716,0.04387791470329497,0.3630735912951293,0.12277688187772745,0.112541152913214,0.0,0.7071067807446058,0.6180602440429297,0.29669209861909146,0.28720659710977053,0.35931309101206643,fearful,06,03,03,male,normal,337
50,1.6683333333333334,True,1.0,0.593505762193958,0.5534012641154918,0.5734535131547249,0.7221782224304721,-0.06078703703703686,-0.05569444444444449,0.3578611813928087,0.1516190529936698,0.1944585692104391,0.7940609330821164,0.040104498078466166,0.005092592592592371,0.047538945274632635,0.42739183013151455,0.12039746804929882,0.11491744672663044,0.0,0.9999999987499999,0.6222063040685024,0.2930344281478013,0.2831158644246592,0.36837574889023145,fearful,06,03,03,male,normal,337
60,2.0020000000000002,True,1.0,0.6631163146322915,0.6119812319080772,0.6375487732701843,0.8291047694635524,-0.0641666666666667,-0.060509259259259374,0.36449077325612883,0.12855749133359276,0.19794788850499279,0.7689604459550888,0.0511350827242143,0.0036574074074073315,0.04790173035077988,0.3686602744021524,0.12543088495894206,0.10957539377808843,0.0,0.6760741719387265,0.6101606681344413,0.29963209746406294,0.2955613679994417,0.3669030180577601,fearful,06,03,03,male,normal,337
70,2.3356666666666666,True,1.0,0.6064497484926664,0.547023216790952,0.5767364826418092,0.9185563247600824,-0.05814814814814834,-0.053472222222222254,0.35097507800010286,0.14060194313228191,0.19380669533390738,0.6278727467174612,0.05942653170171441,0.004675925925926083,0.044809595442086424,0.34478058437813186,0.12328463563514629,0.11215469846022544,0.0,0.6866210673086928,0.6073021548463134,0.29452530692699097,0.2901019501500357,0.36751344502953087,fearful,06,03,03,male,normal,337
80,2.6693333333333333,True,1.0,0.659911317163018,0.5762103860062623,0.6180608515846402,0.674305419014727,-0.056064814814814734,-0.05032407407407402,0.3453946116650493,0.05363354849170714,0.19385078024088526,0.9165888841405583,0.0837009311567557,0.005740740740740713,0.046295108984123146,0.46075044887733513,0.1227224434863977,0.11276958648015248,0.0,0.6963370738335745,0.6189504172059449,0.2963617578864566,0.2792016187082536,0.3573361181194709,fearful,06,03,03,male,normal,337
90,3.003,True,1.0,0.6604140593914224,0.5580224517059822,0.6092182555487022,0.7431693989071033,-0.05439814814814792,-0.05060185185185179,0.3563743455237308,0.0291438979963569,0.1917562082085004,0.8197569173927396,0.1023916076854402,0.003796296296296131,0.04006807678883299,0.40855902302845143,0.12508401431859364,0.11014430140716933,0.0,0.850151076983717,0.6125462601056049,0.29451434866025145,0.28934352957295595,0.3665422037508013,fearful,06,03,03,male,normal,337
100,3.336666666666667,True,1.0,0.697001550798012,0.6139990888103346,0.6555003198041733,0.5971963433857115,-0.05439814814814825,-0.04912037037037037,0.3618758118524844,-0.014565764472822174,0.18896803849392502,1.0976294933219393,0.08300246198767736,0.005277777777777881,0.048420135009376704,0.4808019625749698,0.12199917388847963,0.11355165934827652,0.0,0.6919291942945776,0.6187238729788792,0.29539886566764006,0.2766346261833008,0.35582243832717786,fearful,06,03,03,male,normal,337
110,3.6703333333333332,True,1.0,0.6380526154804507,0.5665859563981298,0.6023192859392903,0.7656217331968196,-0.05467592592592607,-0.0500462962962962,0.33893345551821813,0.12237563464505509,0.18757973565010289,0.7867060975716205,0.07146665908232086,0.004629629629629872,0.051821313286797656,0.41630890389887343,0.12346154447347794,0.11195992500241495,0.0,0.6815805037295966,0.6140805751519358,0.2901223453842959,0.2870157595408603,0.3609869507878996,fearful,06,03,03,male,normal,337
0,0.0,True,1.0,0.6367918855546267,0.5806335640602759,0.6087127248074513,0.6305421357426592,-0.05513888888888879,-0.05398148148148152,0.37186442217800936,0.0684911174051461,0.18197840664028836,0.9653799330801313,0.05615832149435085,0.0011574074074072738,0.031451412860981895,0.4689128340946816,0.12507593084465377,0.11015348062536956,0.0,0.698646344926419,0.6191347482977566,0.2932198597550901,0.293866405428933,0.3661041666810152,fearful,06,03,03,male,normal,338
10,0.33366666666666667,True,1.0,0.6037617498040188,0.5795045453174641,0.5916331475607415,0.7907093074887047,-0.055787037037037024,-0.055462962962962936,0.3460107736675627,0.16099182438154633,0.18195953953629368,0.7482309136334442,0.024257204486554662,0.0003240740740740877,0.03949571999729082,0.39607293049200926,0.12289975551604376,0.1125763201762233,0.0,0.6610991269206663,0.6210169145470688,0.2900036436286622,0.2937256940643872,0.3643828728553443,fearful,06,03,03,male,normal,338
20,0.6673333333333333,True,1.0,0.5966621996858157,0.5445944004054445,0.57062830004563,0.5615772500028002,-0.05828703703703714,-0.056388888888888766,0.37369007466098536,0.0615439242593851,0.1868255667542866,1.0161171949946062,0.052067799280371196,0.0018981481481483709,0.0384872115598648,0.49854293385858206,0.12377755051603363,0.11161046437816655,0.0,0.7071067807446058,0.6231013253895308,0.292805444985072,0.29099624396876883,0.36339588333832495,fearful,06,03,03,male,normal,338
30,1.0010000000000001,True,1.0,0.677554127180994,0.6187742457106609,0.6481641864458274,1.0287694214225271,-0.054537037037036995,-0.05305555555555558,0.3485475737120881,0.25698501128808965,0.18682556675428658,0.630038347708256,0.058779881470333084,0.001481481481481417,0.037601331998620535,0.31443886361800116,0.12600254043212006,0.10909233508997218,0.0,0.6610278599572774,0.6091614162383703,0.29270978975342454,0.2955050464313887,0.36174208763773036,fearful,06,03,03,male,normal,338
40,1.3346666666666667,True,1.0,0.6358113350580323,0.5718216487653484,0.6038164919116904,0.7432191542638862,-0.054675925925925906,-0.052314814814814814,0.37229433906421106,0.16512398174862936,0.18680596396879412,0.8124339751573468,0.06398968629268398,0.0023611111111110916,0.02642942971551364,0.42739189038153347,0.12476238321179185,0.11033594862111067,0.0,0.6363686547713465,0.5793040995226215,0.2680377669360421,0.2938104533762064,0.3237093784418636,fearful,06,03,03,male,normal,338
50,1.6683333333333334,True,1.0,0.6472589240272367,0.600192415431384,0.6237256697293103,0.6269677146820896,-0.05421296296296296,-0.051851851851851816,0.36793018777559905,0.006965763761874348,0.186112750854354,0.9948290081341379,0.04706650859585271,0.002361111111111147,0.0340894332072695,0.4521541378405092,0.12519406917339088,0.11001919293594434,0.0,0.7801488467724148,0.614480816193665,0.2933577975839733,0.29067377114799625,0.36455890349211323,fearful,06,03,03,male,normal,338
60,2.0020000000000002,True,1.0,0.6361396225741643,0.588803074309086,0.6124713484416251,0.840656962167568,-0.05564814814814806,-0.05250000000000005,0.37227504174617193,0.1515359048093424,0.19100457921116565,0.7285627503309028,0.04733654826507838,0.003148148148148011,0.038190423924522626,0.377929184818673,0.1248323352075979,0.11042946100129952,0.0,0.665849396864755,0.6092975885666767,0.29606811430012586,0.2891186228911805,0.36117096191715,fearful,06,03,03,male,normal,338
70,2.3356666666666666,True,1.0,0.7327738321200835,0.6772262917542408,0.7050000619371621,1.2550551377102173,-0.05995370370370373,-0.05467592592592602,0.3005759849427887,0.40087145969498894,0.19169214051731778,0.5617283581846436,0.05554754036584275,0.005277777777777715,0.030690576914551897,0.24996948800867383,0.12310102487262867,0.11235619896497209,0.0,0.6483202414483402,0.6216209108487146,0.294210512660718,0.2831119222677915,0.35772300178482025,fearful,06,03,03,male,normal,338
80,2.6693333333333333,True,1.0,0.6895678697495682,0.6180621372458502,0.6538150034977093,0.9448140671789363,-0.05768518518518517,-0.053611111111111276,0.3550860055719422,0.138067531873402,0.1875146478653401,0.692003883314202,0.07150573250371794,0.004074074074073897,0.03156407600266239,0.3201443606665963,0.12516855130649207,0.11004822367654798,0.0,0.6892229711140633,0.6099017413996849,0.2956768858317017,0.2944829284230771,0.3651217409791188,fearful,06,03,03,male,normal,338
90,3.003,True,1.0,0.6690253819506178,0.5939088393466055,0.6314671106486116,0.7335391660334238,-0.05819444444444449,-0.0522685185185186,0.35456293416955154,0.08800242712818883,0.18891473730410502,0.8608498903517835,0.07511654260401224,0.00592592592592589,0.03892229194377409,0.41614467670700095,0.12472438490966757,0.11055137077027533,0.0,0.9189262189798775,0.6051978017691452,0.29500724614432033,0.284754989347999,0.3715632997900497,fearful,06,03,03,male,normal,338
100,3.336666666666667,True,1.0,0.6571953656475327,0.6128502486111062,0.6350228071293194,0.7396306894543824,-0.056712962962962965,-0.05254629629629637,0.35247786987217866,0.1330998374683555,0.18613119697045138,0.8585674123362416,0.04434511703642652,0.004166666666666596,0.03304363216462144,0.4053909248648222,0.12272975515092646,0.11259254426127681,0.0,0.7930684453966312,0.6215580560427296,0.2950188213969101,0.2879850118181991,0.3611913104050633,fearful,06,03,03,male,normal,338
0,0.0,True,1.0,0.3811786485286599,0.37427535617721885,0.3777270023529394,0.6062514645570554,-0.061620370370370325,-0.05689814814814814,0.3538718305806336,0.1298644492579197,0.18402943608398534,0.6230533440919891,0.006903292351441048,0.004722222222222183,0.02974370919691872,0.5376336890718303,0.12406295832598865,0.11129312710883082,0.0,0.7342070343993798,0.6211442789615845,0.29059470989128927,0.289757737080999,0.3646471925151718,fearful,06,03,03,male,normal,339
10,0.33366666666666667,True,1.0,0.6739360194136145,0.5979574086882951,0.6359467140509547,0.5498294475613483,-0.058287037037037026,-0.055462962962962936,0.36326246526815376,0.04933853680954153,0.1826388888888889,1.1566254169753207,0.07597861072531942,0.00282407407407409,0.030382179348198708,0.5054059076405115,0.12578822126456024,0.10933938522635223,0.0,0.7071067807446058,0.6255633081982793,0.2914486878317301,0.294006972386551,0.36983389950906764,fearful,06,03,03,male,normal,339
20,0.6673333333333333,True,1.0,0.6364731033285449,0.6120233736557692,0.624248238492157,0.7902948643376804,-0.05643518518518509,-0.055972222222222257,0.34327331281008566,0.20112036976336797,0.18125000000000002,0.7898928193280347,0.0244497296727757,0.0004629629629628318,0.038457415455218844,0.38219681200839895,0.123967463853026,0.11139948687580295,0.0,0.7071067807446058,0.6215584727641056,0.2914770990997284,0.29482396780687936,0.3665997797595999,fearful,06,03,03,male,normal,339
30,1.0010000000000001,True,1.0,0.6468824958579193,0.5881602318779579,0.6175213638679387,0.8062883712314618,-0.05625000000000002,-0.054537037037037106,0.3516434732288027,0.16850827253712986,0.18264557246431648,0.7658815206832077,0.0587222639799615,0.0017129629629629162,0.034466948106262545,0.3684570914379496,0.1252234805424888,0.10998571585213532,0.0,0.6773497091319526,0.6234831533003827,0.292975940170536,0.2912544158428231,0.36088598763327706,fearful,06,03,03,male,normal,339
40,1.3346666666666667,True,1.0,0.6271640749835629,0.5651377932644704,0.5961509341240167,0.6397912271817482,-0.0539351851851852,-0.05226851851851855,0.36123967943314894,0.11373177766201303,0.18473709033861765,0.9317897914137319,0.06202628171909241,0.0016666666666666496,0.035052534773317635,0.4754823883314367,0.12482876863747427,0.11008791212423069,0.0,0.7071067807446058,0.6202616031881504,0.2939563967426156,0.2924390231442746,0.3647658481482499,fearful,06,03,03,male,normal,339
50,1.6683333333333334,True,1.0,0.67123825055573,0.5845958728626021,0.6279170617091661,0.9258620997491543,-0.05499999999999999,-0.05291666666666667,0.34820309344171313,0.19412438656221828,0.18820093072565583,0.6781971763173898,0.08664237769312799,0.002083333333333326,0.02790464628104689,0.35418349123773885,0.12333457304313586,0.11209978083219381,0.0,0.6522369210553746,0.6224331242184374,0.2943492716145413,0.28606056667343444,0.35643575186385484,fearful,06,03,03,male,normal,339
60,2.0020000000000002,True,1.0,0.6456566295032331,0.5689178549960404,0.6072872422496367,0.8647470969423707,-0.05578703703703697,-0.05342592592592599,0.3163917863776991,0.2690773632635677,0.18685496707656823,0.702271501571873,0.07673877450719269,0.0023611111111109806,0.02412997373777198,0.37127412010472544,0.12702731780275742,0.10789735076624085,0.0,0.7071067807446058,0.5851820261307649,0.266840372973789,0.2892440662007066,0.3260270442964357,fearful,06,03,03,male,normal,339
70,2.3356666666666666,True,1.0,0.6722881208951518,0.6048174846394666,0.6385528027673092,0.9980892300365298,-0.05666666666666664,-0.05370370370370359,0.33027696197148393,0.20272904483430743,0.18683169220295504,0.6397752661292,0.06747063625568517,0.002962962962963056,0.016907414146240366,0.31639402989315263,0.12454835601876321,0.11074964913499964,0.0,0.7281893048789803,0.6238226297159488,0.2942987999103869,0.2981048114711453,0.36961163629414817,fearful,06,03,03,male,normal,339
80,2.6693333333333333,True,1.0,0.6411452443949509,0.6089109193163929,0.6250280818556719,0.7042368977444516,-0.055277777777777704,-0.053796296296296287,0.3396318612034529,0.11482123332789933,0.1840277777777778,0.8875253254374036,0.03223432507855806,0.001481481481481417,0.026858296736538386,0.41632882491329537,0.1231160105981456,0.11217005731048278,0.0,0.9999999987499999,0.625922643244798,0.2947387906638131,0.28553861891650345,0.35975831510831147,fearful,06,03,03,male,normal,339
90,3.003,True,1.0,0.6602932023111545,0.6073973188409842,0.6338452605760694,0.64809572289744,-0.055648148148148224,-0.054629629629629584,0.33656825901724674,0.1388652014350667,0.1847288304216915,0.9780117939096078,0.05289588347017027,0.0010185185185186407,0.0326656586501144,0.4687079661336964,0.12278669306116967,0.1126996263408493,0.0,0.8223453267328398,0.6205750151310525,0.2930945988088416,0.2827376727599898,0.35914664460784407,fearful,06,03,03,male,normal,339
0,0.0,True,1.0,0.658908427614436,0.6477516348900643,0.6533300312522501,0.8254400034686917,-0.06370370370370365,-0.06310185185185191,0.38287526996636834,0.21959222680640736,0.1923805444283331,0.7914930564387535,0.011156792724371756,0.0006018518518517424,0.019048444137186194,0.38226980260221094,0.12784953465279733,0.10692181377051208,0.0,0.6131409590250533,0.5670726229710634,0.26590034138190805,0.32440130633323716,0.3483689843217398,fearful,06,03,03,male,strong,340
10,0.33366666666666667,True,1.0,0.6642560122789478,0.6334377095028491,0.6488468608908984,0.8309567271755941,-0.06277777777777771,-0.06212962962962959,0.3696464987579456,0.1837752866835205,0.18889898634705438,0.7808431410096605,0.03081830277609876,0.0006481481481481199,0.02421708940744028,0.37186382534159207,0.12256770811149732,0.11293774700537046,0.0,0.8423478603755771,0.6119181884941477,0.2947639954478901,0.2953944884901794,0.3652516280891165,fearful,06,03,03,male,strong,340
20,0.6673333333333333,True,1.0,0.5879055313648206,0.5750307027168736,0.5814681170408471,0.7690227270924178,-0.06027777777777776,-0.05990740740740741,0.43693640326439676,0.04587140693149031,0.1909758177139438,0.7561130465406503,0.012874828647946979,0.00037037037037035425,0.036767776988562914,0.3821500266294138,0.12368591834267237,0.11171200192476316,0.0,0.6894610332436849,0.6048181682282288,0.29630791296610975,0.31654162420512144,0.3870385845649019,fearful,06,03,03,male,strong,340
30,1.0010000000000001,True,1.0,0.613269228892078,0.5600139726788828,0.5866416007854804,0.9577888608300972,-0.062037037037037,-0.0631018518518518,0.4061696509269342,0.1987613583669298,0.193759844129958,0.612495743870992,0.05325525621319527,0.0010648148148147962,0.04722083129313728,0.3467986647824055,0.12447338390493509,0.11083390487466953,0.0,0.6896847237349073,0.6049977261295143,0.29525919975285586,0.31315382711937867,0.3902098515070342,fearful,06,03,03,male,strong,340
40,1.3346666666666667,True,1.0,0.5747168029646819,0.5383529810627148,0.5565348920136983,0.7517986501950644,-0.06347222222222232,-0.061851851851851825,0.38060015271192954,0.1514943697704605,0.20625591847568883,0.7402712040907465,0.036363821901967075,0.0016203703703704941,0.03884343921292356,0.39774626578552646,0.12058291261176099,0.11505450428302094,0.0,0.8289834133738645,0.6024447305093913,0.2962788786177977,0.3028789914377637,0.3816025098100699,fearful,06,03,03,male,strong,340
50,1.6683333333333334,True,1.0,0.6406890750900275,0.5880037561260917,0.6143464156080596,0.5724784028097553,-0.06314814814814795,-0.05837962962962967,0.40020743395330455,-0.019058804792109797,0.20418497639253097,1.0731346590418325,0.0526853189639358,0.004768518518518283,0.03488031619248976,0.48891100796331705,0.12299893691714518,0.11246794782266692,0.0,0.8667662495330252,0.6035210599317853,0.29452933105132106,0.2943151750318237,0.37194583987287455,fearful,06,03,03,male,strong,340
60,2.0020000000000002,True,1.0,0.6371217703440912,0.5639579888417596,0.6005398795929254,0.7648830072992222,-0.060416666666666674,-0.05583333333333329,0.3726597780845325,0.14078985665096513,0.20625147963484405,0.7851395231192452,0.0731637815023316,0.004583333333333384,0.032316451840003944,0.39792026320435797,0.12138066649121049,0.11421257186575251,0.0,0.9653212408356316,0.5953669386348289,0.2951212095891369,0.295244108037137,0.37049012284001126,fearful,06,03,03,male,strong,340
70,2.3356666666666666,True,1.0,0.6594327629123604,0.6184553820576532,0.6389440724850068,0.8453497064148328,-0.06347222222222193,-0.060555555555555585,0.3780100961706195,0.10400799592204228,0.20347559683427643,0.7558340266004211,0.04097738085470726,0.0029166666666663454,0.03826722992383293,0.3732595629354938,0.1243450577473618,0.11080604873590602,0.0,0.9999999987499999,0.5841280942142482,0.2944721859374584,0.3082426828354468,0.3758061573631076,fearful,06,03,03,male,strong,340
80,2.6693333333333333,True,1.0,0.6457070154836462,0.5813619887915037,0.6135345021375749,0.7311902805579039,-0.06324074074074071,-0.060833333333333406,0.3907914192102726,0.10077802963507779,0.20141957250238088,0.8390900678677556,0.06434502669214248,0.0024074074074073026,0.030806496163401816,0.42952442838487426,0.12272606840764737,0.11276564150266753,0.0,0.8224361082157126,0.5965215564585209,0.2901105076395091,0.301052437356741,0.37089768820805574,fearful,06,03,03,male,strong,340
90,3.003,True,1.0,0.605871456373033,0.5661928915051745,0.5860321739391037,0.7672847520914285,-0.06444444444444453,-0.06236111111111109,0.3982313624366388,0.09896783297110966,0.20208673113820888,0.7637740387017008,0.03967856486785848,0.002083333333333437,0.021239626547057276,0.39296473693320333,0.12199768850346822,0.11355325521398354,0.0,0.6882374342833948,0.590059608663778,0.2938884888525372,0.3055008789175284,0.3801217776729311,fearful,06,03,03,male,strong,340
0,0.0,True,1.0,0.4587570999931127,0.43670422059269226,0.4477306602929025,0.6546132115364179,-0.056064814814814845,-0.05694444444444452,0.4371646676122704,0.017223309178897004,0.1889086793991204,0.6839621510877405,0.022052879400420444,0.0008796296296296746,0.03446764987814025,0.46505052132606667,0.12616703295791604,0.10890205491717517,0.0,0.6817824103585013,0.5994109302939926,0.2979033546090726,0.31139231656301875,0.3898293000168064,fearful,06,03,03,male,strong,341
10,0.33366666666666667,True,1.0,0.3525451228904807,0.35268826445586055,0.3526166936731706,0.6611521962634047,-0.060277777777777874,-0.05962962962962948,0.40988226140599354,0.09353820311016688,0.1868202578696493,0.5333366442190374,0.00014314156537986733,0.0006481481481483975,0.02028415191149433,0.48082863113050106,0.12284036365974814,0.1126411240454665,0.0,0.6984982358895729,0.5970428303039966,0.3019263130753714,0.30103315082115006,0.37993444594257797,fearful,06,03,03,male,strong,341
20,0.6673333333333333,True,1.0,0.49072443347112404,0.48797826329752025,0.48935134838432215,0.8796692948724513,-0.06203703703703706,-0.06259259259259253,0.38574259189498195,0.19985952314183655,0.18958373576250787,0.5562901322539355,0.0027461701736037902,0.0005555555555554759,0.024849838653923907,0.36667051608572504,0.12085977688424564,0.11443113302714791,0.0,0.9999999987499999,0.5854969415344263,0.3043757869245943,0.3020423542123853,0.3784310681215888,fearful,06,03,03,male,strong,341
30,1.0010000000000001,True,1.0,0.5281566082295536,0.5076326235854283,0.5178946159074909,0.88640268975419,-0.06314814814814818,-0.06152777777777774,0.4213927610990828,0.10174306707273148,0.19792283433372315,0.5842656186559059,0.020523984644125304,0.0016203703703704386,0.031341501080196045,0.33666443238856725,0.12310532465091895,0.11235148780812476,0.0,0.816282606641453,0.5844389302830508,0.29675277196238614,0.31691522563337293,0.39179356101612794,fearful,06,03,03,male,strong,341
40,1.3346666666666667,True,1.0,0.47441224705102697,0.4644654952978782,0.4694388711744526,0.9096212000013164,-0.06129629629629624,-0.06189814814814826,0.3995985460984238,0.1868585466467816,0.19930593835407728,0.5160817175036962,0.009946751753148797,0.00060185185185202,0.025345104628993094,0.34908013844900715,0.12058149428832322,0.11472433529810096,0.0,0.9999999987499999,0.5849950434236195,0.2985567543534711,0.31706502456105207,0.38810863192917844,fearful,06,03,03,male,strong,341
50,1.6683333333333334,True,1.0,0.45726825611218846,0.40973429966886926,0.43350127789052884,0.8344745519037237,-0.05912037037037032,-0.06083333333333335,0.3905450485090716,0.1090582766409875,0.20416704035095481,0.519490111353981,0.0475339564433192,0.0017129629629630272,0.036073044354215836,0.37474226896312823,0.1209513871776438,0.11466708206590759,0.0,0.9498821693653885,0.5802797685480442,0.3008864729046923,0.30425290163408886,0.37874188133661824,fearful,06,03,03,male,strong,341
60,2.0020000000000002,True,1.0,0.48910846111453066,0.45943553218391225,0.4742719966492215,0.6111292851567545,-0.057962962962962994,-0.058101851851851904,0.41509017933855286,-0.018323445749799064,0.2055555555555556,0.7760583695928936,0.029672928930618403,0.0001388888888889106,0.04183312898841616,0.49512196846190243,0.12255822279432964,0.11294804024711469,0.0,0.6695899140914278,0.5848789288762379,0.2965891083061505,0.297158120572298,0.37181358110816676,fearful,06,03,03,male,strong,341
70,2.3356666666666666,True,1.0,0.5177042456397228,0.451634418116591,0.4846693318781569,0.7651909219730824,-0.05833333333333335,-0.060277777777777874,0.4048135989375554,0.0555174907648202,0.20695366095743606,0.6333966046387655,0.06606982752313184,0.0019444444444445264,0.03781843164080103,0.40938692893007794,0.1242297730244565,0.11110689116617374,0.0,0.8376685125125084,0.5724815526366795,0.3017736584837374,0.3048075138064968,0.37670110081858876,fearful,06,03,03,male,strong,341
80,2.6693333333333333,True,1.0,0.55524298424627,0.5351453248553354,0.5451941545508028,0.868377751081762,-0.0596296296296297,-0.06194444444444436,0.3579972039398944,0.14696722881350172,0.20417600856869392,0.6278306346191384,0.020097659390934663,0.0023148148148146586,0.03458400777381157,0.3720803911630176,0.12222987994134143,0.11330328423857047,0.0,0.9440170731178105,0.5697585089739021,0.29889986060413226,0.2988478763539068,0.36954990069835497,fearful,06,03,03,male,strong,341
90,3.003,True,1.0,0.5214574810734193,0.514013111049351,0.5177352960613851,0.8729831878257536,-0.062453703703703733,-0.06337962962962962,0.4025866108445975,0.13514492570346878,0.20000152587308548,0.5930644521927775,0.007444370024068281,0.0009259259259258856,0.028927352396373042,0.36659041473910353,0.12177289653559917,0.11379428561887112,0.0,0.6476198976273955,0.5845040083220788,0.2965470233209671,0.31288246515733253,0.3864661765328069,fearful,06,03,03,male,strong,341
100,3.336666666666667,True,1.0,0.527340178084627,0.4983651000930939,0.5128526390888605,0.8004375566858486,-0.06185185185185205,-0.06305555555555559,0.43330138464223195,0.06852932743506493,0.2006959650377324,0.6407153622479788,0.028975077991533038,0.0012037037037035403,0.043463653774113674,0.3876376414366544,0.12321118080539026,0.1122353896714222,0.0,0.8345453780175544,0.5886220096163465,0.2931244303339867,0.31844285513801873,0.38672720144381034,fearful,06,03,03,male,strong,341
110,3.6703333333333332,True,1.0,0.5303673134951535,0.5183863741741083,0.5243768438346309,0.8591305740952911,-0.06092592592592594,-0.06407407407407412,0.393199458487948,0.15551046405829846,0.20070394796348626,0.6103575633853175,0.01198093932104527,0.0031481481481481777,0.04318672072734286,0.38392818219924707,0.12167784769880614,0.11389591366433284,0.0,0.7071067807446058,0.5915034913340336,0.29321050314654307,0.3129672871928883,0.3766213385677129,fearful,06,03,03,male,strong,341
0,0.0,True,1.0,0.6106380139122995,0.5747168029646843,0.5926774084384919,0.7949828559384603,-0.06046296296296294,-0.05717592592592596,0.3543506154783009,0.1589882565492328,0.18126515292262468,0.7455222512174163,0.035921210947615245,0.0032870370370369772,0.013187587632445007,0.39884277800860213,0.12025880774029661,0.11539322740366748,0.0,0.7488147645710421,0.6177992013914941,0.2928657736294174,0.2886903134904198,0.3583600874674358,fearful,06,03,03,male,strong,342
10,0.33366666666666667,True,1.0,0.5796909645323676,0.5867738666403313,0.5832324155863494,0.48082327023485877,-0.062962962962963,-0.058379629629629615,0.35468407802353874,0.1384188202191265,0.1854203698863569,1.2129870821382434,0.007082902107963696,0.004583333333333384,0.003877642407864854,0.6136363636363619,0.12330174302819032,0.11213589049178348,0.0,0.7599817569436227,0.6170321895398785,0.2936780945159672,0.2975854395759697,0.38133283512233157,fearful,06,03,03,male,strong,342
20,0.6673333333333333,True,1.0,0.622172349195545,0.6000544909827811,0.611113420089163,0.8839144597540208,-0.06134259259259256,-0.059675925925925966,0.3757671140597686,0.19031744962921499,0.18265935656628304,0.6913716744256294,0.022117858212763908,0.0016666666666665941,0.022241614462296784,0.3646387517936824,0.12059689664920675,0.11503984652538521,0.0,0.6953162603597145,0.6178676814632104,0.29472688588975193,0.2933093944067961,0.3686231210883785,fearful,06,03,03,male,strong,342
30,1.0010000000000001,True,1.0,0.6063437040225043,0.607035963695455,0.6066898338589797,1.3150854517119748,-0.06310185185185191,-0.0653240740740742,0.31763029104336077,0.36864865500530947,0.19380669533390738,0.4613311120347293,0.0006922596729507235,0.002222222222222292,0.02880849941333126,0.2616554478402045,0.12071530057156062,0.11491559501710599,0.0,0.6928699431653924,0.6128522420687025,0.29637218407808374,0.30209327260995933,0.36616277693177834,fearful,06,03,03,male,strong,342
40,1.3346666666666667,True,1.0,0.567033603018386,0.495630998628,0.5313323008231929,0.6952690668074243,-0.06189814814814809,-0.0589351851851852,0.3780496600662177,0.13629411224271246,0.19375630030079025,0.7642110460386143,0.07140260439038604,0.0029629629629628895,0.04239673119409472,0.419474015486368,0.12010867796305473,0.11554948397852523,0.0,0.9999999987499999,0.6079987640759429,0.2967489457060544,0.28499982931669054,0.36308263615146324,fearful,06,03,03,male,strong,342
50,1.6683333333333334,True,1.0,0.7087931473980433,0.6507079533953977,0.6797505503967205,0.37736166365286955,-0.0740277777777778,-0.06620370370370365,0.367989689495344,0.027952715826138404,0.2069459191141064,1.8013238117956116,0.05808519400264567,0.00782407407407415,0.021368832555596746,0.7301066839101401,0.12012827967058778,0.1155291053934946,0.0,0.68976661742362,0.6058701488251551,0.2963220946813777,0.29623441123737104,0.37396133264804315,fearful,06,03,03,male,strong,342
60,2.0020000000000002,True,1.0,0.6376851033906367,0.5922829853672369,0.6149840443789367,0.864573287899758,-0.06583333333333324,-0.06162037037037038,0.353444482582546,0.20159207254761674,0.2027962129013618,0.7113151111490741,0.04540211802339977,0.004212962962962863,0.025097842905179146,0.34703124895048293,0.12099026929036148,0.11462605509585144,0.0,0.851867724170524,0.6015168107242899,0.29791688153073875,0.30169719658279376,0.37849865801713206,fearful,06,03,03,male,strong,342
70,2.3356666666666666,True,1.0,0.6744726871199878,0.6179002177458368,0.6461864524329123,0.77760126517552,-0.061620370370370325,-0.05925925925925912,0.374915849298893,0.10219163148147843,0.19306978193111085,0.8309997441774419,0.05657246937415095,0.0023611111111112026,0.03123669621464544,0.4075183161382427,0.12343850136416253,0.11198533007219812,0.0,0.8971151748370023,0.607366007574905,0.29678389638980984,0.29608016594498726,0.37320209985055736,fearful,06,03,03,male,strong,342
80,2.6693333333333333,True,1.0,0.62284109890305,0.5709858135988677,0.5969134562509588,0.833102204219682,-0.06300925925925932,-0.06087962962962973,0.37244290007302633,0.19113066305731782,0.1868316922029551,0.7164948708904842,0.051855285304182264,0.0021296296296295925,0.02795391556544202,0.38111326896881853,0.11922693382614714,0.11645907444348372,0.0,0.779299883568419,0.6096119076615021,0.29850518426319433,0.2913665291303023,0.37429488291137863,fearful,06,03,03,male,strong,342
90,3.003,True,1.0,0.6411030888927205,0.5954395552794435,0.618271322086082,0.7170223931636971,-0.06504629629629627,-0.060972222222222205,0.3717188002962751,0.1722704647072334,0.18960305135840616,0.8622761687513014,0.04566353361327702,0.004074074074074063,0.02503698422767647,0.4341697882082943,0.12660592462096842,0.10839150160865615,0.0,0.9999999987499999,0.5642373830782313,0.26614118684610655,0.3178734496963265,0.34632893666144976,fearful,06,03,03,male,strong,342
0,0.0,True,1.0,0.5108549426557775,0.49743653445853603,0.5041457385571567,1.3580585704274224,-0.05768518518518517,-0.05421296296296302,0.3702394714384197,0.33607977697478325,0.18478168750979096,0.37122532822607696,0.013418408197241438,0.0034722222222221544,0.0018496146917985315,0.25647454106713974,0.12241246068314837,0.1131060000160799,0.0,0.7871934071274356,0.6002851821978791,0.298232342094206,0.3098695932264336,0.38028598499412475,fearful,06,03,03,male,strong,343
10,0.33366666666666667,True,1.0,0.6167275599566991,0.608778783688,0.6127531718223496,0.9689455746193524,-0.05671296296296302,-0.05203703703703699,0.40009953979089075,0.13212541654660465,0.18542695320541572,0.632391733728768,0.007948776268699165,0.004675925925926028,0.007365368544474165,0.32168224502612547,0.12185276598914305,0.11370875599791098,0.0,0.9999999987499999,0.606730155015131,0.29883550088710226,0.3065466851485454,0.3846577240158608,fearful,06,03,03,male,strong,343
20,0.6673333333333333,True,1.0,0.6441033382063379,0.6198811829068928,0.6319922605566153,1.0528336009157437,-0.05833333333333346,-0.055046296296296315,0.378817457619746,0.27980333239857075,0.1847635195913375,0.6002774417599467,0.02422215529944516,0.0032870370370371438,0.0065269230203505715,0.31424067890585505,0.12244115513780866,0.11290632112958354,0.0,0.7071067807446058,0.6087091160292243,0.2976619637412392,0.3100927617718748,0.38648692515408645,fearful,06,03,03,male,strong,343
30,1.0010000000000001,True,1.0,0.6225067240492975,0.5779258132430529,0.6002162686461752,1.1306699461371708,-0.058379629629629615,-0.058611111111111114,0.36308106830458337,0.24399243206965757,0.19383857917192496,0.5308501129766104,0.0445809108062446,0.00023148148148149916,0.02820414106901153,0.28678239091255947,0.12034195870332703,0.11530650781787853,0.0,0.9320030864758034,0.5993347019667242,0.2979258244386844,0.290241594167094,0.36277466796204666,fearful,06,03,03,male,strong,343
40,1.3346666666666667,True,1.0,0.5459891646654669,0.5047273602023924,0.5253582624339297,0.6986652287686983,-0.059398148148148144,-0.058287037037037026,0.3974356667912628,0.1141778514863337,0.19791705215148866,0.7519456254604249,0.04126180446307448,0.0011111111111111183,0.041182464352215425,0.43509026495054043,0.11891635676631407,0.11677618705423153,0.0,0.9999999987499999,0.5990915684945853,0.29549037478427115,0.29246562890521544,0.37295988421677784,fearful,06,03,03,male,strong,343
50,1.6683333333333334,True,1.0,0.5220813717003958,0.5040985548446545,0.5130899632725252,0.570102571617906,-0.058240740740740815,-0.057453703703703785,0.410248820918727,-0.030963007824740995,0.20000152587308548,0.8999958758586485,0.017982816855741324,0.0007870370370370305,0.026710161397563284,0.5029021183368945,0.12080528864671213,0.11482099113317694,0.0,0.6903969183873199,0.5932037969093887,0.29597786003265963,0.29111831621570733,0.37090351342243805,fearful,06,03,03,male,strong,343
60,2.0020000000000002,True,1.0,0.5153014042506144,0.48385474717319876,0.4995780757119066,0.6942223657796505,-0.05888888888888888,-0.057083333333333375,0.3965307540712369,0.09462215930060959,0.20208371087002966,0.7196225594818636,0.031446657077415674,0.0018055555555555047,0.01640464592043612,0.45308052211389194,0.12244448912873634,0.11307132639186604,0.0,0.7014749961070392,0.5862912475693403,0.2983759774683246,0.3025860631417955,0.38140214900316116,fearful,06,03,03,male,strong,343
70,2.3356666666666666,True,1.0,0.5957476659618649,0.5455221674021231,0.570634916681994,0.9772273739913389,-0.05999999999999994,-0.05949074074074068,0.35922249007685947,0.1673896371490579,0.20070812936930757,0.5839325952887721,0.05022549855974179,0.0005092592592592649,0.029910894035439003,0.32401170407302543,0.12054540007652065,0.11509380648120926,0.0,0.6865003842178763,0.5898927634100516,0.2998761984588502,0.2934816697725796,0.37169686893022574,fearful,06,03,03,male,strong,343
80,2.6693333333333333,True,1.0,0.5377437904077293,0.4936478224126813,0.5156958064102053,0.810478004250041,-0.05814814814814806,-0.05833333333333346,0.40313024267805325,0.124572364431187,0.19861149524808666,0.6362859987636478,0.04409596799504806,0.00018518518518539917,0.024099012199513558,0.39178200119870216,0.12663784149235577,0.10800197672996939,0.0,0.7544291206223517,0.55807475283082,0.26548575450532697,0.3293876926672804,0.35855639896443575,fearful,06,03,03,male,strong,343
90,3.003,True,1.0,0.5828101630918856,0.5644698773146201,0.5736400202032528,0.9228836550617077,-0.06157407407407406,-0.06046296296296294,0.3759190153444601,0.2173614870619646,0.19583372291904957,0.6215734963524703,0.01834028577726554,0.0011111111111111183,0.023982531961172494,0.3479026782793324,0.12301694273923623,0.11227869620650162,0.0,0.7236751882421091,0.5854562247242647,0.29477489813538166,0.3110739442063488,0.3848681413455572,fearful,06,03,03,male,strong,343
100,3.336666666666667,True,1.0,0.5509608199686733,0.5544013418363847,0.552681080902529,0.8314362376621424,-0.06138888888888894,-0.06305555555555564,0.39913382279703774,0.17983631599093988,0.19723189304860717,0.6647305660582877,0.003440521867711377,0.0016666666666667052,0.024749404274518588,0.3988555789941918,0.12259786707325038,0.1129050076789807,0.0,0.7071067807446058,0.593032357403899,0.2933688466383451,0.30848835473688,0.3861352467394111,fearful,06,03,03,male,strong,343
0,0.0,True,1.0,0.17723746816369207,0.1511824991302986,0.16420998364699535,0.8093922744626273,-0.03523148148148153,-0.039953703703703713,0.36579894618103687,0.2231861828654102,0.16112815795980318,0.20288059180700463,0.026054969033393466,0.004722222222222183,0.04252014638747111,0.3784653673235097,0.12417709804282838,0.11116575953131602,0.0,0.6954963670737885,0.6178490357080332,0.2956845612973957,0.2917922242178895,0.3600536639487997,disgust,07,03,03,male,normal,344
10,0.33366666666666667,True,1.0,0.1741231875104072,0.16140231308742986,0.16776275029891852,0.6182388970201596,-0.034861111111111065,-0.0406481481481481,0.378432087726712,0.21974961346845795,0.1590397711335247,0.2713558643875623,0.01272087442297734,0.005787037037037035,0.03907909227050647,0.5128213247233985,0.12286540450262437,0.1126138097508168,0.0,0.690198379100452,0.6163224478932199,0.2972195410994037,0.2889372351478556,0.363086244382474,disgust,07,03,03,male,normal,344
20,0.6673333333333333,True,1.0,0.11583606957256186,0.10308017796200866,0.10945812376728525,0.7999298040030187,-0.03532407407407401,-0.03967592592592595,0.4005597978855436,0.15861510559645528,0.1625567997186387,0.13683466126594301,0.012755891610553197,0.00435185185185194,0.028211246416279156,0.4018429373820304,0.12465658057761161,0.11062782059310981,0.0,0.7071067807446058,0.614392668231355,0.2966775202702635,0.29639096840181994,0.3611705247736626,disgust,07,03,03,male,normal,344
30,1.0010000000000001,True,1.0,0.09681332552873051,0.13148104855670123,0.11414718704271587,0.9013604401305197,-0.03620370370370363,-0.040648148148148155,0.39955333241854846,0.21240182216091927,0.15490101146767418,0.12663878062608008,0.03466772302797072,0.004444444444444529,0.046251250275681714,0.3698113634597345,0.12255982825270387,0.11294629816266706,0.0,0.7453563413353762,0.6140800113013957,0.2948998701533763,0.2961547426555903,0.37448093594017645,disgust,07,03,03,male,normal,344
40,1.3346666666666667,True,1.0,0.11366617741218009,0.0897387612825819,0.101702469347381,0.7898918588686029,-0.03541666666666665,-0.038842592592592484,0.36819928769533905,0.22145461294330684,0.15419091386249625,0.1287549279126056,0.023927416129598186,0.0034259259259258323,0.04323275369795589,0.40563034968964934,0.12199568745843262,0.11355540503029467,0.0,0.6872739928073863,0.6123612757524886,0.2980478144322857,0.2897117226863829,0.35825795003434097,disgust,07,03,03,male,normal,344
50,1.6683333333333334,True,1.0,0.14409097986999825,0.11194632706055323,0.12801865346527574,0.5581860932379179,-0.039629629629629626,-0.0434722222222223,0.3698257965685984,0.19528791000723417,0.16320192432621883,0.22934762262289082,0.03214465280944502,0.003842592592592675,0.04746713270668907,0.5909201963939462,0.12504550474545365,0.11018801891959341,0.0,0.705703758685504,0.6143834708883554,0.291720248723724,0.29183351433557914,0.364875589089984,disgust,07,03,03,male,normal,344
60,2.0020000000000002,True,1.0,0.1642295695735528,0.1337919875263945,0.14901077854997366,1.2465405346832386,-0.03527777777777774,-0.03833333333333333,0.36276429641216673,0.3292082056852478,0.16111537299237588,0.1195394569241498,0.030437582047158296,0.003055555555555589,0.044857847734784406,0.2779702037358551,0.12209092236026657,0.11345300545737035,0.0,0.7474851912286294,0.6143836837703831,0.2954674634704859,0.300252443129089,0.37800122289226323,disgust,07,03,03,male,normal,344
70,2.3356666666666666,True,1.0,0.15649513649906158,0.14360710559454085,0.1500511210468012,0.7598479285743595,-0.034490740740740655,-0.03902777777777772,0.36795406855149004,0.19682682858205625,0.16181309963934307,0.19747519918667128,0.01288803090452073,0.004537037037037062,0.0412299455817557,0.4583096265656761,0.11988609242465742,0.11578040686053996,0.0,0.9146341077882555,0.6103409040256728,0.29541525835237986,0.2836697980117635,0.3668670369914134,disgust,07,03,03,male,normal,344
80,2.6693333333333333,True,1.0,0.15456909772350863,0.12589234848361902,0.14023072310356383,0.7967320822915589,-0.0375462962962963,-0.04106481481481483,0.35667780240457236,0.2605307664956385,0.1583641691464469,0.17600737590512555,0.02867674923988961,0.003518518518518532,0.04733803683766878,0.4103606540860094,0.12293852397128192,0.11253398195126724,0.0,0.7071067807446058,0.6164213328690851,0.29454916638250667,0.29273809328308936,0.3677446321151718,disgust,07,03,03,male,normal,344
90,3.003,True,1.0,0.17242147858654067,0.16096796738858668,0.16669472298756366,0.8995225593375283,-0.03532407407407412,-0.04092592592592592,0.33566117293245085,0.3022977662304228,0.16182865820145267,0.1853146663829414,0.011453511197953986,0.005601851851851802,0.051790699677828546,0.3527992610923198,0.12459925135942171,0.11069238605664906,0.0,0.6837464146235077,0.6162261555090787,0.2934654194309814,0.2900815304896443,0.36691298438431874,disgust,07,03,03,male,normal,344
100,3.336666666666667,True,1.0,0.12351555571978931,0.095465053214023,0.10949030446690616,0.9381547873466424,-0.043611111111111045,-0.04819444444444437,0.36000475329507114,0.30281282754580935,0.16180602707109706,0.11670814448069343,0.02805050250576631,0.004583333333333328,0.048859369865106146,0.34617165352466833,0.12232122182408073,0.11320466625185774,0.0,0.9038222277683,0.618826285779937,0.2939066942973092,0.2927153017196985,0.3651674453459152,disgust,07,03,03,male,normal,344
110,3.6703333333333332,True,1.0,0.1694997698838658,0.19107804970863518,0.1802889097962505,0.8911819765963527,-0.03699074074074071,-0.041759259259259385,0.3702607988687536,0.2364919671575258,0.16389075096782327,0.20230313732871824,0.02157827982476937,0.004768518518518672,0.048720162205497616,0.37788783630758027,0.12471529969397492,0.11056161988953807,0.0,0.6684556799974889,0.6149075857296044,0.29489814170432777,0.2926489734100884,0.3618683192113,disgust,07,03,03,male,normal,344
120,4.0040000000000004,True,1.0,0.17642351776983198,0.1826155950086339,0.17951955638923295,0.8711052314871747,-0.03712962962962968,-0.04180555555555554,0.36048096865084267,0.27817255113238193,0.16250751184560666,0.20608251437401226,0.006192077238801913,0.004675925925925861,0.05456361822606878,0.39744738899933557,0.12400691326692653,0.11135557117745189,0.0,0.6902270765431269,0.615768178114996,0.2947930119808045,0.288927734385922,0.35884037079213205,disgust,07,03,03,male,normal,344
0,0.0,True,1.0,0.23581467955453933,0.2294051947574153,0.23260993715597733,0.622147868720429,-0.039074074074074094,-0.045231481481481484,0.36367703679670066,0.2260693873475337,0.1639265918646978,0.37388207667477186,0.0064094847971240265,0.006157407407407389,0.053973045508868944,0.5281754115154927,0.1241470871563766,0.1111992739225429,0.0,0.9383367578882397,0.619650752035189,0.29990535915409394,0.27947062678076073,0.35199155514189107,disgust,07,03,03,male,normal,345
10,0.33366666666666667,True,1.0,0.2165302930288064,0.1813446474466936,0.19893747023775,0.6787655265693823,-0.03569444444444442,-0.04106481481481489,0.32423721762728486,0.26025620527955945,0.1583376699824147,0.29308717436376014,0.03518564558211279,0.00537037037037047,0.0572061276819217,0.5145266846057366,0.12504694040137485,0.11018638966187094,0.0,0.7426929960889596,0.6191167249946854,0.29751884626859476,0.28230069312098716,0.3582893565136587,disgust,07,03,03,male,normal,345
20,0.6673333333333333,True,1.0,0.1277749555169539,0.11909998717691504,0.12343747134693447,0.9233304655162721,-0.0398148148148148,-0.046296296296296335,0.36449048351619695,0.2838361032318052,0.16184374386358774,0.13368720729681058,0.00867496834003885,0.0064814814814815325,0.05531453887713614,0.3299737647614509,0.12248615799328018,0.11302618665666779,0.0,0.6175515435083452,0.6198470479363619,0.29726455689675907,0.28898387525859737,0.36932846689295906,disgust,07,03,03,male,normal,345
30,1.0010000000000001,True,1.0,0.224974208250135,0.24115077827347084,0.23306249326180292,0.9239815765489995,-0.041296296296296275,-0.05138888888888882,0.3809641870571244,0.25095697330790817,0.17509806473913594,0.25223716487105025,0.016176570023335834,0.010092592592592542,0.051781107147119323,0.3599267836977378,0.123440469044748,0.11198316111057334,0.0,0.731821662883338,0.6149986621132828,0.29594520862146717,0.29066312685948886,0.36828360909151864,disgust,07,03,03,male,normal,345
40,1.3346666666666667,True,1.0,0.2510181484002127,0.23090176355279426,0.2409599559765035,0.8108606709888265,-0.0411111111111111,-0.0507407407407407,0.3651286084429795,0.2412606877470349,0.17369722256788414,0.2971656717332932,0.020116384847418428,0.009629629629629599,0.05981930335884229,0.37777515232469544,0.12353140532436657,0.1118828390275946,0.0,0.7409555662972022,0.6159837343531163,0.2962798313936793,0.29048480635178814,0.36532492777246234,disgust,07,03,03,male,normal,345
50,1.6683333333333334,True,1.0,0.22499785544075934,0.2242766230366645,0.22463723923871193,0.9744101008304409,-0.04550925925925925,-0.049629629629629635,0.3538748451382752,0.26487040902238634,0.1841935344958589,0.2305366488373477,0.0007212324040948292,0.004120370370370385,0.047032150982082126,0.3602217024904522,0.12372396522020455,0.11166986254325603,0.0,0.8257480356042121,0.6142982001472465,0.29673664035057445,0.29454542093228514,0.36744645809533466,disgust,07,03,03,male,normal,345
60,2.0020000000000002,True,1.0,0.3071657667826327,0.27233824514188326,0.289752005962258,0.8851226216218758,-0.041296296296296386,-0.044398148148148076,0.3741693035696009,0.1518433483529135,0.1798628078333204,0.327358039309089,0.034827521640749426,0.003101851851851689,0.07071954026285565,0.34354542265815924,0.12333660911966812,0.11209754065643733,0.0,0.8083227802917904,0.6048498332770608,0.30294994570275235,0.28522079690144747,0.3479138730002319,disgust,07,03,03,male,normal,345
70,2.3356666666666666,True,1.0,0.3295599812877585,0.27676993311980974,0.3031649572037841,0.7081603061269474,-0.04162037037037036,-0.044212962962962954,0.3699358785750128,0.09891735286346927,0.18404809099924885,0.42810216074075985,0.052790048167948744,0.002592592592592591,0.06480546736650246,0.40604654139285884,0.12370981406846872,0.11168553923193097,0.0,0.8151103391015604,0.6217429062718839,0.2927019967479547,0.2778713994858716,0.352153943910572,disgust,07,03,03,male,normal,345
80,2.6693333333333333,True,1.0,0.4612772235836838,0.3949097855251028,0.4280935045543933,1.14039715350177,-0.06796296296296311,-0.06967592592592586,0.27901606062607365,0.438142742126279,0.20972222222222225,0.3753898396184736,0.06636743805858097,0.0017129629629627496,0.059476409805481856,0.26869033382218077,0.1216857618635556,0.11321632982634132,0.0,0.9059420523707838,0.5961527395411289,0.3042718109275422,0.3090925937401337,0.3705528035469595,disgust,07,03,03,male,normal,345
90,3.003,True,1.0,0.4209244837279046,0.36670886906084454,0.39381667639437457,1.1579883125801933,-0.057361111111111196,-0.062222222222222234,0.3198093854038356,0.36133143001884294,0.20000038146936272,0.3400869180768194,0.05421561466706004,0.004861111111111038,0.0676536810900681,0.28996082841020254,0.12256405224658677,0.1129417144687744,0.0,0.6673030177093143,0.5994428285064026,0.30249817403688284,0.2962140034146416,0.35346786250051415,disgust,07,03,03,male,normal,345
100,3.336666666666667,True,1.0,0.3809696052729719,0.36374087517736076,0.3723552402251663,1.1054501707683961,-0.051712962962963016,-0.05708333333333332,0.33818502995056227,0.3631662377489023,0.19098660378297827,0.33683584305418574,0.017228730095611156,0.005370370370370303,0.05665222638444938,0.2938691462244856,0.1236916034062836,0.11170570718195635,0.0,0.7990372295557634,0.6195364396305397,0.29282984371591514,0.3008152502691494,0.37753143285673224,disgust,07,03,03,male,normal,345
110,3.6703333333333332,True,1.0,0.40382950032964593,0.37698838046481203,0.39040894039722895,0.9938580196217804,-0.04759259259259263,-0.051203703703703696,0.3564728858896725,0.30238810882142647,0.18339324896887868,0.39282164322203866,0.026841119864833896,0.003611111111111065,0.05677840033661112,0.31816979249882615,0.12450166494031091,0.11080213534686752,0.0,0.8022181959976211,0.6045467987194877,0.3019381516504601,0.2946289508349003,0.3642769451514478,disgust,07,03,03,male,normal,345
0,0.0,True,1.0,0.25944184659459935,0.24098605146038635,0.25021394902749283,0.9484758662320889,-0.042037037037037095,-0.045648148148148215,0.3531186695140696,0.2871563206780734,0.17014292463502947,0.2638063422968174,0.018455795134213,0.0036111111111111205,0.047015064233464736,0.36739454838274144,0.1243715541499624,0.11094816036643587,0.0,0.654658104430653,0.6207083610866221,0.291203489617869,0.28855547327498376,0.3572743967371359,disgust,07,03,03,male,normal,346
10,0.33366666666666667,True,1.0,0.21415736062884896,0.22488227599071076,0.21951981830977985,0.6570982621972333,-0.04009259259259268,-0.043564814814814834,0.35125249120534047,0.1605111998600829,0.17222620914999004,0.3340745683541151,0.010724915361861792,0.0034722222222221544,0.04587262633490894,0.5140621976930373,0.12412243551265999,0.11122678981588516,0.0,0.7939043077085308,0.6195511887645683,0.29144040460160286,0.28541547292209246,0.35524655999627414,disgust,07,03,03,male,normal,346
20,0.6673333333333333,True,1.0,0.20233577913568287,0.1900976623645542,0.19621672075011853,0.5369364625051086,-0.03921296296296295,-0.04310185185185189,0.3495545783734113,0.23919599218501958,0.17083333333333334,0.3654375041595385,0.012238116771128682,0.0038888888888889417,0.04271400840893161,0.6401320078100052,0.12449247753972109,0.11081245781198418,0.0,0.8386323338508276,0.6159653670687025,0.29422726214379036,0.29114422106416776,0.36295398902642045,disgust,07,03,03,male,normal,346
30,1.0010000000000001,True,1.0,0.17475194819278303,0.1606867328057255,0.16771934049925427,0.9640075651998804,-0.03634259259259254,-0.04041666666666677,0.3541352594516627,0.2804112926830469,0.1680573714677489,0.17398135300367565,0.014065215387057517,0.00407407407407423,0.049858182538098206,0.37039831256449973,0.12533986174254186,0.10985306927312392,0.0,0.8691654476925199,0.6170737303202531,0.2909731437730779,0.29847181098802716,0.36703168391654417,disgust,07,03,03,male,normal,346
40,1.3346666666666667,True,1.0,0.21434670501196895,0.18379914580025927,0.1990729254061141,0.7550958602284664,-0.039398148148148016,-0.04328703703703707,0.37387604760780613,0.2263394416360789,0.16945570055431025,0.2636392753443005,0.03054755921170968,0.0038888888888890527,0.04338649950727513,0.43072164095834764,0.12270802427541021,0.11278527629325381,0.0,0.7504360574952635,0.6197954262173619,0.295759520059304,0.2879702537314984,0.3616626732426816,disgust,07,03,03,male,normal,346
50,1.6683333333333334,True,1.0,0.19960802328747312,0.1720568534355811,0.18583243836152713,0.7648390566757797,-0.03939814814814824,-0.04296296296296298,0.41985194183413826,0.1759222265165387,0.16875406896136058,0.24296933680297492,0.027551169851892016,0.003564814814814743,0.03580309402006448,0.43837078720954237,0.1240700501453071,0.11128522106464254,0.0,0.6857389166763928,0.6214546134000475,0.2943653732714117,0.29992434085107084,0.3680371146972407,disgust,07,03,03,male,normal,346
60,2.0020000000000002,True,1.0,0.18356345196758275,0.18572219216680744,0.1846428220671951,0.7697442017184116,-0.03851851851851851,-0.04277777777777786,0.3679176077225286,0.23348396431023663,0.16666712442970985,0.23987556080966915,0.0021587401992246846,0.0042592592592593514,0.04055530849487404,0.4030447028963188,0.12251398652441668,0.11299602150474204,0.0,0.7071067807446058,0.6173742687856393,0.2935046426097121,0.295225471159566,0.36613008826387433,disgust,07,03,03,male,normal,346
70,2.3356666666666666,True,1.0,0.13985986728985875,0.13153364626195743,0.1356967567759081,0.7083291673970908,-0.037962962962962865,-0.0439351851851853,0.3679588204735553,0.2618168364558881,0.16458750530379504,0.19157301862149098,0.008326221027901315,0.005972222222222434,0.04658793812562396,0.48491020636384047,0.1222617562136484,0.1132688868914344,0.0,0.8126697478991741,0.623357811351103,0.2953123187533737,0.29015538834542265,0.36566080555993624,disgust,07,03,03,male,normal,346
80,2.6693333333333333,True,1.0,0.22884833878062827,0.19816658576032903,0.21350746227047865,1.11561376031801,-0.03648148148148156,-0.040601851851851944,0.34339747707181445,0.38389140995451704,0.15974562616311463,0.1913811660136009,0.03068175302029924,0.004120370370370385,0.04069690654266148,0.28599271043133334,0.12414270261056902,0.11103271234771421,0.0,0.9999999987499999,0.6015097431238121,0.29813273217738834,0.2978394555353179,0.35953120026518703,disgust,07,03,03,male,normal,346
90,3.003,True,1.0,0.1819894450820543,0.1330935671178922,0.15754150609997325,0.5648561563122527,-0.04569444444444448,-0.051296296296296284,0.3467302755855105,0.25143085199085996,0.16319631444702845,0.27890553079655955,0.048895877964162116,0.005601851851851802,0.06148037268553761,0.5187522862607876,0.12327069853116217,0.11217001673296179,0.0,0.7983281935336658,0.618122851648472,0.29470122255539327,0.28775862995980145,0.36289447586414536,disgust,07,03,03,male,normal,346
100,3.336666666666667,True,1.0,0.20818948044027166,0.1943717084617199,0.20128059445099578,0.6864231457143988,-0.03749999999999998,-0.04333333333333328,0.3196716262794684,0.2937601193841371,0.1652819322193933,0.2932310713991322,0.013817771978551774,0.0058333333333333015,0.06602556799894246,0.48379498447044955,0.12345318186701233,0.11196914600421626,0.0,0.9999999987499999,0.61961385957508,0.2951207757068837,0.28355942075994045,0.35806594933134106,disgust,07,03,03,male,normal,346
0,0.0,True,1.0,0.25595093727119095,0.2288757769427669,0.24241335710697892,0.5766679907789204,-0.04523148148148137,-0.04847222222222236,0.3779376179241621,0.17124386047917806,0.1712348004330319,0.42036901819285116,0.027075160328424053,0.0032407407407409883,0.0371818915756004,0.5922724801476632,0.127830511679168,0.10694455598339127,0.0,0.6976803288953328,0.5624439121351666,0.264773073121879,0.2893582253393564,0.3299311335540112,disgust,07,03,03,male,normal,347
10,0.33366666666666667,True,1.0,0.22026892633816988,0.23654510925549355,0.2284070177968317,0.7033711996859231,-0.04393518518518519,-0.046111111111111214,0.34610163688178275,0.2541198351440505,0.16910408453449605,0.32473183135565187,0.01627618291732366,0.0021759259259260255,0.028073407553971835,0.4705606350098668,0.12814414804728905,0.10656854644658992,0.0,0.7071067807446058,0.5643049128870298,0.2665033552148494,0.2921544773590296,0.32983534315609775,disgust,07,03,03,male,normal,347
20,0.6673333333333333,True,1.0,0.20471558927812658,0.20129342976427958,0.20300450952120308,0.7584536399329432,-0.03986111111111107,-0.04379629629629633,0.3691761362434114,0.213467107493327,0.16710599851791194,0.2676557917754224,0.0034221595138470007,0.003935185185185264,0.03236228180705233,0.4020506408115666,0.12343378528926414,0.11199052825696768,0.0,0.7356324562564263,0.6130569803546418,0.29639181942280096,0.29331482785295593,0.3689457467147944,disgust,07,03,03,male,normal,347
30,1.0010000000000001,True,1.0,0.14768437616788554,0.160799867098028,0.15424212163295675,0.8978520238231295,-0.037314814814814745,-0.0430092592592593,0.363889692294153,0.30370647744239804,0.16422790406474835,0.17179013639261048,0.013115490930142443,0.0056944444444445574,0.03700064983268034,0.3817817473902174,0.12319596898884214,0.11225208681826898,0.0,0.6643540432907842,0.6113842745457557,0.2975839894443469,0.2989052820921236,0.37280352091616126,disgust,07,03,03,male,normal,347
40,1.3346666666666667,True,1.0,0.15196534508570306,0.16393597896132975,0.1579506620235164,0.7640739579477319,-0.03902777777777777,-0.043379629629629546,0.378518064867864,0.25449312449329226,0.16569270632325064,0.20672169281592156,0.01197063387562669,0.0043518518518517735,0.03391149946970161,0.42726087845028066,0.12406736522641418,0.11128821436209863,0.0,0.7071067807446058,0.6129381651097938,0.2977873151423309,0.298738919086043,0.37642068488832736,disgust,07,03,03,male,normal,347
50,1.6683333333333334,True,1.0,0.14919094921944534,0.15032233317954755,0.14975664119949644,0.8450370829962152,-0.039351851851851805,-0.042962962962962925,0.4066878788816134,0.2234952046503279,0.16628267487457976,0.17721901702646012,0.0011313839601022058,0.0036111111111111205,0.03326825873101135,0.3827364841673564,0.12561776826079304,0.10953517274163717,0.0,0.9999999987499999,0.6129314477353442,0.2972314342602514,0.3032888352585596,0.3819200204259984,disgust,07,03,03,male,normal,347
60,2.0020000000000002,True,1.0,0.17412824624188283,0.18679215434283047,0.18046020029235665,0.9882568169396246,-0.03990740740740728,-0.04375000000000001,0.38333411027114833,0.2700551808951679,0.16409405583688944,0.1826045590570224,0.01266390810094764,0.0038425925925927307,0.029160148757310288,0.3459415057150411,0.1240549281492726,0.11130207802257812,0.0,0.6493330499726826,0.6065560603772759,0.2957667695405314,0.297306608310553,0.3736159248425686,disgust,07,03,03,male,normal,347
70,2.3356666666666666,True,1.0,0.16342094773512886,0.16218454877080207,0.16280274825296548,0.7225201491642219,-0.039814814814814914,-0.04296296296296298,0.37342169039754514,0.26569824185184354,0.1647505928354333,0.22532623960907971,0.0012363989643267848,0.0031481481481480666,0.024888974479046692,0.4788401656897612,0.12606590240249388,0.10901910851800145,0.0,0.6483104057131284,0.6119174802889905,0.2954817389277243,0.2987435645090524,0.3766213606170953,disgust,07,03,03,male,normal,347
80,2.6693333333333333,True,1.0,0.2059658876230403,0.206161894317582,0.20606389097031114,1.1099399009382045,-0.04018518518518527,-0.04263888888888889,0.33021636823257117,0.4006160653150612,0.16815767014465036,0.1856531968948323,0.0001960066945417005,0.0024537037037036247,0.02605761809666385,0.31357906142266917,0.12293100148223043,0.11254219939443277,0.0,0.7991281178454975,0.6080509174372873,0.2973787070014137,0.2930504158291796,0.36913883448681983,disgust,07,03,03,male,normal,347
90,3.003,True,1.0,0.1951806324431976,0.19107804970863762,0.19312934107591762,0.7994853074854418,-0.04032407407407412,-0.04370370370370369,0.3687587884912901,0.25496028776670654,0.16888060990057624,0.24156709231261814,0.00410258273455999,0.003379629629629566,0.02034261074112219,0.4173036279366584,0.12249415067234441,0.11301752439821174,0.0,0.6817885131769251,0.6076526887551896,0.2971856990230625,0.2911114847139003,0.3693168430632815,disgust,07,03,03,male,normal,347
100,3.336666666666667,True,1.0,0.19122949525263394,0.17537192574102436,0.18330071049682917,0.8220073008235813,-0.041296296296296275,-0.04379629629629628,0.35952671707605344,0.2761568068094248,0.16758160415573115,0.22299158451899084,0.015857569511609576,0.0025000000000000022,0.012976549330111541,0.4084773239046789,0.12469189179738886,0.11058801874672868,0.0,0.6786468462921109,0.6051550171318527,0.2988593220077352,0.29372413001026104,0.37056047134091324,disgust,07,03,03,male,normal,347
110,3.6703333333333332,True,1.0,0.18396590726396164,0.18363540929766548,0.18380065828081354,0.7869778593487763,-0.04046296296296287,-0.04314814814814805,0.37063702448217084,0.23466699290904922,0.1702841154920451,0.23355251497533677,0.0003304979662961671,0.0026851851851851793,0.019706892576950047,0.43554108240064066,0.12303066279897658,0.11226366212554709,0.0,0.6844036280673855,0.6094337232002176,0.2989007306798837,0.29492538461838086,0.3749197495135786,disgust,07,03,03,male,normal,347
0,0.0,True,1.0,0.608756540805852,0.5286155278578188,0.5686860343318354,0.5181618033101327,-0.04773148148148143,-0.04560185185185173,0.3718427622591977,0.14662292966669185,0.18059780572044004,1.0975066681853867,0.08014101294803311,0.0021296296296297035,0.06469517522775789,0.5785569772414022,0.12738566614805572,0.10747404259069365,0.0,0.6968060281164061,0.6156544016981793,0.2894338411257489,0.2793845136608337,0.36593587324891264,disgust,07,03,03,male,strong,348
10,0.33366666666666667,True,1.0,0.5361152949895611,0.45119417864088973,0.4936547368152254,0.5343160449823072,-0.04629629629629628,-0.044259259259259276,0.36095575989383366,0.14399433753401203,0.17919391750124905,0.9239002673624966,0.08492111634867139,0.002037037037037004,0.06639586892426534,0.6238505028318421,0.12436848794635397,0.11095159744729723,0.0,0.7527470612023958,0.607911703611132,0.2932771359117451,0.2863140186368538,0.37160010338663024,disgust,07,03,03,male,strong,348
20,0.6673333333333333,True,1.0,0.5485003675226967,0.4152653512011857,0.4818828593619412,0.6439307927191551,-0.044166666666666576,-0.044629629629629686,0.35034418125810696,0.18969505438009795,0.17847222222222214,0.7483457303339589,0.13323501632151102,0.00046296296296310935,0.07548980448416441,0.524574038987929,0.12332759897223536,0.11159645719797068,0.0,0.91575550443056,0.6097996649909964,0.2924706808777379,0.28590292828382385,0.370306157901342,disgust,07,03,03,male,strong,348
30,1.0010000000000001,True,1.0,0.21986846016450207,0.1581504910201015,0.1890094755923018,0.8522578843348149,-0.0461111111111111,-0.04865740740740743,0.3706521851323553,0.216107582690268,0.16600163907137394,0.2217749803978912,0.06171796914440056,0.0025462962962963243,0.07448261049791732,0.3512094692740776,0.12541309791998656,0.109769452219238,0.0,0.6956591001959173,0.6132696052092712,0.2884420296727865,0.2977317168339292,0.36788310397089374,disgust,07,03,03,male,strong,348
40,1.3346666666666667,True,1.0,0.49355976163611137,0.394553300344222,0.4440565309901667,0.6055871734130077,-0.04162037037037036,-0.04453703703703704,0.35201367645850107,0.16946157353912736,0.17087798736771292,0.733266077099229,0.09900646129188939,0.0029166666666666785,0.06905493897967731,0.4796747024096506,0.12463290701311892,0.11065449046312319,0.0,0.9999999987499999,0.6207351757421719,0.28978388208600897,0.2840233828988566,0.35916040188884146,disgust,07,03,03,male,strong,348
50,1.6683333333333334,True,1.0,0.4444820336938928,0.3068916722373842,0.37568685296563853,0.5314368664729252,-0.03893518518518513,-0.039537037037036926,0.34568811954229406,0.12421378486018941,0.16762348325143964,0.7069265921632827,0.13759036145650855,0.0006018518518517979,0.10848440618720685,0.5267078728998981,0.12619415644511106,0.1086954861172351,0.0,0.7696659580450562,0.6129899451811975,0.288066543762141,0.2889229361488311,0.35574609830429815,disgust,07,03,03,male,strong,348
60,2.0020000000000002,True,1.0,0.3998585968345422,0.3255730079042357,0.36271580236938894,0.9420138724858916,-0.03842592592592586,-0.04212962962962974,0.2961644613567769,0.36669168979089956,0.17093378850645188,0.38504295208754613,0.07428558893030651,0.0037037037037038756,0.08351214574581138,0.3076649732901414,0.1262221465426753,0.10883817112113559,0.0,0.6748690632690497,0.6286181690254228,0.2899255491991563,0.2746586750469727,0.33303922073145764,disgust,07,03,03,male,strong,348
70,2.3356666666666666,True,1.0,0.5267489711934132,0.4222455877220674,0.47449727945774034,0.7435586036456284,-0.04518518518518522,-0.04513888888888884,0.35579665255198206,0.1744358538807332,0.17571007646889364,0.6381437550870979,0.10450338347134586,4.629629629637755e-05,0.09786206588876543,0.40875171941657135,0.1256853148848427,0.10945766027482602,0.0,0.6771335176320628,0.6253059178358844,0.28545370695710753,0.28390559036704965,0.35018157888413914,disgust,07,03,03,male,strong,348
80,2.6693333333333333,True,1.0,0.41025641025640996,0.34659718803291467,0.3784267991446623,0.673683208133564,-0.041018518518518565,-0.044768518518518485,0.3481447166482675,0.2042869816401056,0.1743335662531196,0.5617281157906427,0.0636592222234953,0.00374999999999992,0.09275292832702706,0.42697949773129573,0.12528510557038308,0.10991551342989762,0.0,0.8930133992941901,0.6173330531743948,0.2859407807845963,0.28972145423219525,0.3582780793511135,disgust,07,03,03,male,strong,348
90,3.003,True,1.0,0.3198309133513646,0.2806100235579587,0.30022046845466166,0.7425958571485956,-0.040277777777777746,-0.04249999999999998,0.33524047553922137,0.1998820488700729,0.17430949483188363,0.40428513782374453,0.03922088979340588,0.0022222222222222365,0.09571379465270632,0.37490652499995536,0.1259865547583598,0.10911079593939732,0.0,0.8337482301950334,0.6155676828543917,0.2872949180985394,0.29343394409692575,0.36305346204062794,disgust,07,03,03,male,strong,348
100,3.336666666666667,True,1.0,0.34837228741508275,0.30125889692461905,0.3248155921698509,0.9960425876966145,-0.04273148148148154,-0.04337962962962966,0.3284634414738632,0.2749943793807332,0.1701752071586408,0.32610612857528415,0.0471133904904637,0.0006481481481481199,0.08857343667408019,0.3054558703964611,0.12474325020332169,0.11053008323139231,0.0,0.7071067807446058,0.6151704544708508,0.2980220606163456,0.2815162483486827,0.33880189805118677,disgust,07,03,03,male,strong,348
110,3.6703333333333332,True,1.0,0.40975328542741185,0.3157040978524223,0.36272869163991706,0.8644282231189302,-0.04268518518518516,-0.0432407407407408,0.32670516949061307,0.21947456188099104,0.17295240163192796,0.41961690044219196,0.09404918757498953,0.0005555555555556424,0.08670628462441406,0.318309344554854,0.12252249981732519,0.11298679041686276,0.0,0.7071067807446058,0.6345154342752727,0.29042808032597917,0.27302172367524846,0.34290827588878103,disgust,07,03,03,male,strong,348
120,4.0040000000000004,True,1.0,0.3519164149322457,0.26409404349294774,0.3080052292125967,0.871845906625833,-0.041898148148148184,-0.044490740740740775,0.33574183362116455,0.24728197361339016,0.17083511971881038,0.3532794348999361,0.08782237143929794,0.002592592592592591,0.09223834667984773,0.32322450448324813,0.12505538823173193,0.11017680175401802,0.0,0.6733714403620772,0.6349212213088361,0.28959357162105337,0.27586060224857273,0.3466920863570358,disgust,07,03,03,male,strong,348
0,0.0,True,1.0,0.22283987150474519,0.22940519475741555,0.22612253313108038,0.7745651817097088,-0.03814814814814815,-0.041527777777777886,0.3631487415499982,0.30924439051252506,0.16187343965237772,0.29193480222278634,0.006565323252670369,0.0033796296296297323,0.05548466601397715,0.42477942149621106,0.12285984639321419,0.11261987353242242,0.0,0.7614073789085196,0.6174589640621874,0.2998451557365762,0.290636182174294,0.36081864428808913,disgust,07,03,03,male,strong,349
10,0.33366666666666667,True,1.0,0.22623057363462504,0.2284871355685365,0.22735885460158078,0.8411652989948398,-0.03597222222222218,-0.04185185185185181,0.36289019620243324,0.2848173562589367,0.1597909913851683,0.2702903399287463,0.002256561933911466,0.0058796296296296235,0.0543962806875006,0.3539772844857842,0.12342251485684423,0.11200294905303207,0.0,0.9999999987499999,0.6186701882237271,0.29583224523673796,0.2886145822915771,0.36671927529031045,disgust,07,03,03,male,strong,349
20,0.6673333333333333,True,1.0,0.12596877205942716,0.1206045209719005,0.12328664651566383,0.5489123054102153,-0.036759259259259325,-0.043055555555555514,0.3660854324728972,0.2037439908984546,0.16323230782131176,0.2246017174337689,0.005364251087526667,0.006296296296296189,0.04171737739685654,0.5810624888282955,0.12344475209330297,0.11197843966904178,0.0,0.7021154376802046,0.615332427103654,0.2946759294300691,0.28728188604928506,0.36514319628170727,disgust,07,03,03,male,strong,349
30,1.0010000000000001,True,1.0,0.18284724155578871,0.16353729782258097,0.17319226968918483,0.9450460513406729,-0.03574074074074085,-0.04078703703703712,0.38170484709649966,0.26590990031049583,0.160464219480565,0.18326331234704243,0.01930994373320774,0.005046296296296271,0.03929301104073671,0.3605309387028391,0.12406739163911515,0.11128818491727419,0.0,0.6648709173181769,0.6173106590214211,0.2925487483881783,0.2931295960496377,0.3670338365458873,disgust,07,03,03,male,strong,349
40,1.3346666666666667,True,1.0,0.1811231818347937,0.18539553879891876,0.18325936031685625,0.8026142853341122,-0.03574074074074063,-0.04236111111111107,0.35164581942931733,0.2840289940755772,0.16458518755548332,0.22832805703248735,0.0042723569641250625,0.006620370370370443,0.04161304847534812,0.37943856163194695,0.12512958328713167,0.11009252997817251,0.0,0.744373121120003,0.6064851313181523,0.29952478779488517,0.2942599280950397,0.35775279235834223,disgust,07,03,03,male,strong,349
50,1.6683333333333334,True,1.0,0.11294334073616388,0.11588204138893948,0.11441269106255168,0.8828760474422213,-0.038564814814814774,-0.04412037037037031,0.36725921732798084,0.29630519929644256,0.16395591040729388,0.12959088809127453,0.0029387006527756,0.005555555555555536,0.05010952024742474,0.3876052324975182,0.12444307462296193,0.11086793471904868,0.0,0.65814965622447,0.6182329785429799,0.29392461153282795,0.3023869099751197,0.37381690599295725,disgust,07,03,03,male,strong,349
60,2.0020000000000002,True,1.0,0.14155204223436357,0.13248443611769964,0.13701823917603162,0.8916558111047511,-0.036111111111111094,-0.04203703703703704,0.39647823571980795,0.20651387461772483,0.1618055555555556,0.15366718577908176,0.009067606116663934,0.005925925925925946,0.05096241146418177,0.36897421175802003,0.12191129908974987,0.11364599827690412,0.0,0.7810507480646036,0.6212773789515806,0.29331899011903845,0.29509362192858846,0.3659254470669901,disgust,07,03,03,male,strong,349
70,2.3356666666666666,True,1.0,0.15196211128499176,0.14497825108585335,0.14847018118542255,0.8292070758340215,-0.03851851851851851,-0.044768518518518596,0.37362684791779643,0.26466960291030184,0.16111537299237583,0.17905078901562715,0.006983860199138409,0.006250000000000089,0.054581874726701854,0.3789132448171094,0.12534975158320147,0.10984178416511012,0.0,0.6475851106234266,0.6159063844834809,0.29312776816248776,0.3037772031837844,0.37216807869565904,disgust,07,03,03,male,strong,349
80,2.6693333333333333,True,1.0,0.1611435863815418,0.16745245278766002,0.1642980195846009,0.6717913752126147,-0.03953703703703704,-0.04851851851851863,0.3549479727563698,0.24214012310833266,0.17362209709164386,0.24456702727480295,0.006308866406118219,0.00898148148148159,0.0655126443257186,0.5026965442819852,0.12496002269152268,0.1102849513725344,0.0,0.8060679412733427,0.6164378997536515,0.2930130228007007,0.30376637008342167,0.36996305177066563,disgust,07,03,03,male,strong,349
90,3.003,True,1.0,0.19245419916925954,0.19888322987868276,0.19566871452397117,0.9180969516490931,-0.03893518518518524,-0.04662037037037037,0.3296605251751148,0.3208267759441885,0.16947325859287193,0.21312423940904002,0.006429030709423217,0.007685185185185128,0.062044441470547024,0.3406451159943663,0.12276914350290118,0.11271874366549023,0.0,0.7900224272676231,0.6126931304865697,0.29308662838724536,0.29781907806156954,0.3684250285189802,disgust,07,03,03,male,strong,349
100,3.336666666666667,True,1.0,0.16798194564464616,0.1534588892890201,0.16072041746683313,0.995476988110008,-0.03879629629629622,-0.04601851851851846,0.35885266518928977,0.32641151871657603,0.16326175104347274,0.1614506607249391,0.014523056355626063,0.007222222222222241,0.061948855312153536,0.3460007363832702,0.12495883797122304,0.11028629372410052,0.0,0.7022745348542113,0.6116891036258254,0.29262149271193655,0.3049413062271838,0.3733904058001708,disgust,07,03,03,male,strong,349
110,3.6703333333333332,True,1.0,0.18668669467729057,0.19995376164064205,0.19332022815896632,0.7521808095134526,-0.0377777777777778,-0.046805555555555656,0.34636549019308926,0.24998300059189785,0.16530039514109193,0.257012975755145,0.013267066963351476,0.009027777777777857,0.07832839857344155,0.3819774426491608,0.12506749778507054,0.11016305536930278,0.0,0.7446042609230328,0.5934901489189427,0.299694336437232,0.30064140686690766,0.3547187345055792,disgust,07,03,03,male,strong,349
120,4.0040000000000004,True,1.0,0.21370103499852305,0.18588145357682695,0.199791244287675,0.9832479588374525,-0.03675925925925927,-0.04652777777777778,0.3440868070676511,0.3344217458163192,0.16253802514839602,0.20319517827822298,0.027819581421696105,0.00976851851851851,0.05512497885319171,0.3347028955321937,0.12401911046630586,0.11117074283248395,0.0,0.7071067807446058,0.602804177889906,0.2999665535664131,0.2968890378493463,0.3558666093911122,disgust,07,03,03,male,strong,349
0,0.0,True,1.0,0.3736337772464581,0.3253362428261925,0.34948501003632526,0.6623240267888083,-0.040740740740740744,-0.048472222222222194,0.3429717212126381,0.2689757411769148,0.16679890790460347,0.5276647017182176,0.048297534420265575,0.00773148148148145,0.06775536954578493,0.4492462169168553,0.13014841616463965,0.10411132282853114,0.0,0.6366708392128066,0.6125320851856368,0.29726051796081365,0.288949782403841,0.35395898981112606,disgust,07,03,03,male,strong,350
10,0.33366666666666667,True,1.0,0.3183537726770983,0.2864985578415442,0.30242616525932126,0.9234765534182698,-0.04027777777777786,-0.048564814814814894,0.3211013293491409,0.34586777878096064,0.1654443352178494,0.32748656599876175,0.03185521483555409,0.008287037037037037,0.07423593495886002,0.3452588431875114,0.12388377361055944,0.11149254865850979,0.0,0.78940864749171,0.6275335456291892,0.2975449710162494,0.2692009477256864,0.3382942434277887,disgust,07,03,03,male,strong,350
20,0.6673333333333333,True,1.0,0.2776970329399713,0.22282490361200571,0.2502609682759885,0.725787749865116,-0.045046296296296195,-0.04907407407407394,0.3496027189789416,0.18818206370319387,0.16821936268337853,0.344812885478569,0.05487212932796556,0.004027777777777741,0.06961483606065406,0.35247744090691047,0.12503508762536397,0.11019983953287672,0.0,0.9999999987499999,0.6126659240414916,0.29505313860537136,0.29012521204464947,0.3626636708743364,disgust,07,03,03,male,strong,350
30,1.0010000000000001,True,1.0,0.3359976396452131,0.2563536109802133,0.29617562531271324,1.0370242606099092,-0.07185185185185183,-0.07277777777777777,0.33999359118633954,0.270255666279255,0.20015252972733072,0.2856014430544974,0.07964402866499981,0.0009259259259259411,0.08400405657914195,0.28635918020098555,0.12199084142474567,0.11356061103462714,0.0,0.800509774643537,0.5944045450992896,0.3045870895694686,0.2947609267031424,0.36334709942070537,disgust,07,03,03,male,strong,350
40,1.3346666666666667,True,1.0,0.40135161781677026,0.3508464470207387,0.3760990324187545,1.0885810399577767,-0.06310185185185196,-0.06652777777777785,0.32544699055016163,0.290699454487803,0.19659337423165416,0.3454947483132192,0.05050517079603156,0.003425925925925888,0.08821909122832786,0.2634109588930648,0.1218383089547791,0.11338869584702052,0.0,0.9284973234882713,0.5884232673538166,0.3011243212181719,0.3007150628308894,0.36414862912807594,disgust,07,03,03,male,strong,350
50,1.6683333333333334,True,1.0,0.470302588010362,0.4014444964563947,0.4358735422333784,0.8860491472310276,-0.0700925925925927,-0.07379629629629636,0.35001099531514684,0.21366894054933303,0.20641306586494385,0.49192930617394875,0.06885809155396733,0.0037037037037036535,0.07942060442817603,0.34045128852912965,0.12455147393538518,0.1107461426456879,0.0,0.7928948792833567,0.5865429365418042,0.300784588822006,0.3129651594150211,0.3760538697600542,disgust,07,03,03,male,strong,350
60,2.0020000000000002,True,1.0,0.5026706700865398,0.4406819199713355,0.4716762950289376,0.5361036562829052,-0.06870370370370366,-0.07078703703703698,0.36581436179843074,0.04328814975263988,0.21112881859473503,0.8798229400249251,0.06198875011520427,0.002083333333333326,0.06857612486724556,0.5627549007096093,0.12209527211607482,0.11344832434588613,0.0,0.8916713296865256,0.6122911068099115,0.29915335041913416,0.27021465284652446,0.3535472466066723,disgust,07,03,03,male,strong,350
70,2.3356666666666666,True,1.0,0.26599047480058635,0.2281477615260029,0.24706911816329463,0.4819743153017903,-0.04430555555555549,-0.049398148148148135,0.39324623496851596,0.12012753636465262,0.18404809099924888,0.5126188477670044,0.03784271327458344,0.0050925925925926485,0.045688321438565604,0.6595102424336516,0.12132001359264176,0.11394307428084843,0.0,0.7071067807446058,0.5957203679206057,0.300868486512167,0.28643686920473527,0.36361510261816954,disgust,07,03,03,male,strong,350
80,2.6693333333333333,True,1.0,0.14470303223192493,0.13086003637383897,0.13778153430288195,0.6147299382455247,-0.04069444444444448,-0.04814814814814816,0.39543803012392603,0.11750404775365429,0.17712641173327864,0.22413343767853333,0.01384299585808596,0.007453703703703685,0.05887523594043746,0.5154618897403984,0.1232446869195506,0.11202866137162863,0.0,0.7071067807446058,0.5973012729544944,0.29724047147191784,0.29161467944279945,0.36639991415245265,disgust,07,03,03,male,strong,350
90,3.003,True,1.0,0.13906031564189497,0.1484022516269856,0.14373128363444027,0.754944001068708,-0.03888888888888886,-0.047314814814814754,0.3886148234368853,0.1300099949025515,0.1731111344508975,0.19038668223202318,0.009341935985090616,0.008425925925925892,0.04689572375779144,0.4179579697267252,0.12322464121549802,0.11222061115211737,0.0,0.8165328112216211,0.5936535771886879,0.2965054650576131,0.29546918118233156,0.36735236861926557,disgust,07,03,03,male,strong,350
100,3.336666666666667,True,1.0,0.17457788709141386,0.1343623572133877,0.1544701221524008,0.6849023530627015,-0.04009259259259268,-0.04777777777777775,0.37254542548397623,0.1846317727781564,0.17299121643779125,0.22553597817506602,0.04021552987802615,0.007685185185185073,0.05061445004801295,0.464401950643215,0.12449252247909508,0.11081240732425354,0.0,0.850916164096595,0.5540572285945629,0.26273558089861787,0.31156418495191934,0.33988796341207916,disgust,07,03,03,male,strong,350
110,3.6703333333333332,True,1.0,0.13010826816074364,0.13611777044824575,0.1331130193044947,0.6359682658978182,-0.039861111111111236,-0.04615740740740748,0.38697077056052476,0.1720524865593659,0.16831684520001683,0.2093076438595163,0.006009502287502105,0.006296296296296244,0.03732370790472356,0.5072104935573238,0.12371848164137728,0.11167593774154391,0.0,0.7159215316344634,0.5942709901460586,0.29521540114880346,0.2950032981609984,0.3724418602019642,disgust,07,03,03,male,strong,350
0,0.0,True,1.0,0.16068673280572546,0.1301082681607434,0.1453975004832344,0.7196395618242586,-0.03513888888888883,-0.04300925925925936,0.38536996117457933,0.15304912777416196,0.15834537928752473,0.20204211691010615,0.030578464644982067,0.007870370370370527,0.06317745459310167,0.43847059545484307,0.12535539894693898,0.10983533914746037,0.0,0.6628942864579996,0.6157488185743047,0.2994644244023678,0.29337906721952794,0.3551378866716779,disgust,07,03,03,male,strong,351
10,0.33366666666666667,True,1.0,0.07034825874134377,0.08160591080216331,0.07597708477175355,0.4938469926835588,-0.03518518518518515,-0.041851851851851696,0.37811490639774015,0.15320996386625657,0.1618357297806698,0.15384741812214944,0.011257652060819537,0.006666666666666543,0.04612838351755343,0.6464067684183027,0.12165949375046403,0.11358053290608108,0.0,0.7071067807446058,0.6051508247283288,0.30081608920248665,0.29290105203518035,0.36608767188765867,disgust,07,03,03,male,strong,351
20,0.6673333333333333,True,1.0,0.11020617263284975,0.11539381835969567,0.1127999954962727,0.6999272931669013,-0.03759259259259251,-0.043472222222222356,0.3756511195858151,0.20171336555981614,0.1556658701822213,0.1611595898566781,0.005187645726845921,0.005879629629629846,0.04712856474704652,0.4555257939904796,0.12211089009873803,0.11343151365081564,0.0,0.7799918160193606,0.603576796538928,0.2981640275284803,0.2865528713493505,0.36862575867034547,disgust,07,03,03,male,strong,351
30,1.0010000000000001,True,1.0,0.06369268323621151,0.09140227602736856,0.07754747963179004,0.887708590276933,-0.035925925925925806,-0.040509259259259245,0.3932816814235349,0.19873372543682524,0.1570265773539337,0.08735691023064002,0.027709592791157048,0.004583333333333439,0.017452973684424687,0.3789626060510307,0.12274959038712464,0.11274003649975445,0.0,0.7725168525995553,0.588793297186062,0.3018755912379498,0.29886052744810904,0.383328542563422,disgust,07,03,03,male,strong,351
40,1.3346666666666667,True,1.0,0.12055697865145769,0.14412937959042282,0.13234317912094026,0.7710808812257357,-0.037685185185185155,-0.04138888888888892,0.3942064923680369,0.17342462104202316,0.16756202664121514,0.17163332971057868,0.023572400938965135,0.0037037037037037646,0.029649641286278977,0.44327752034292567,0.1159740314463386,0.11906043007123213,0.0,0.9999999987499999,0.5978566304803172,0.30162161122540465,0.2766061498436727,0.3694496915688929,disgust,07,03,03,male,strong,351
50,1.6683333333333334,True,1.0,0.13619858001078028,0.11298975907132208,0.12459416954105118,0.8004304833559484,-0.04060185185185189,-0.04259259259259268,0.4115810178246903,0.17503333471749488,0.16788726310803975,0.15565895119169848,0.023208820939458197,0.001990740740740793,0.006873993601317322,0.4176421632595123,0.12353129663917398,0.11188295902677446,0.0,0.9999999987499999,0.5975288968399861,0.3007994713983042,0.2919059188277683,0.37276377884575174,disgust,07,03,03,male,strong,351
60,2.0020000000000002,True,1.0,0.1307992553427305,0.11025236079033424,0.12052580806653237,0.5458587846586209,-0.03935185185185186,-0.04023148148148159,0.3871705335834419,0.15304912777416194,0.1632243619149141,0.22080034516969255,0.020546894552396278,0.0008796296296297301,0.003208340808643823,0.6327418389118222,0.12283906216141806,0.11264254337210598,0.0,0.7145884359259358,0.5933202738282813,0.2973315649098745,0.2961395775526109,0.3797084648348506,disgust,07,03,03,male,strong,351
70,2.3356666666666666,True,1.0,0.1161325609069379,0.1066484913555923,0.1113905261312651,0.663333518191149,-0.03939814814814813,-0.04097222222222219,0.38175591121256475,0.23215204096035938,0.16180602707109706,0.16792536948082626,0.009484069551345592,0.001574074074074061,0.004489481240730921,0.5062179669077967,0.12308410005913521,0.11237473952260797,0.0,0.7775121051889751,0.5946313477891156,0.29776329663921314,0.2996282723315268,0.3790547530606851,disgust,07,03,03,male,strong,351
80,2.6693333333333333,True,1.0,0.10352209580872004,0.10868407693153705,0.10610308637012855,0.7192278859803062,-0.038842592592592706,-0.04060185185185189,0.37753655715843504,0.25103710518599814,0.1653682286708152,0.14752359917957053,0.005161981122817003,0.0017592592592591827,0.004457604840770354,0.4885444946107492,0.12258960353620682,0.1129139799792641,0.0,0.7611378191768662,0.5899323347698455,0.300469433475166,0.30237959791943025,0.3860141531749305,disgust,07,03,03,male,strong,351
90,3.003,True,1.0,0.0942565765161993,0.09275523159798742,0.09350590405709336,0.5190896679895224,-0.03953703703703704,-0.040740740740740744,0.3926364793571519,0.12972112142230643,0.16742674269242563,0.180134396469977,0.0015013449182118832,0.0012037037037037068,0.004124317310160684,0.6466193075663254,0.12249630728776643,0.11284648210408581,0.0,0.7115295626383443,0.5933038886726566,0.2969102786195171,0.2979882020735917,0.3838320757911105,disgust,07,03,03,male,strong,351
100,3.336666666666667,True,1.0,0.09178172598379138,0.09351252279263851,0.09264712438821494,0.6617850223957452,-0.03925925925925933,-0.04032407407407407,0.3935264884725566,0.1492169587711668,0.16475059283543336,0.1399958011331545,0.0017307968088471348,0.0010648148148147407,0.00016102356396233613,0.5183508257490564,0.12153740178202789,0.11387859232610235,0.0,0.8547026318158225,0.5899403356264381,0.299195923439896,0.29638467519123135,0.38062282221411287,disgust,07,03,03,male,strong,351
110,3.6703333333333332,True,1.0,0.09023178098093287,0.09275523159798742,0.09149350628946015,0.7692513413573228,-0.039999999999999925,-0.041944444444444395,0.3797370063732665,0.18567262660019723,0.1640080193198935,0.11893837731634291,0.002523450617054543,0.0019444444444444708,0.01143554461220809,0.43674231271125574,0.12278852357782909,0.11269763195227563,0.0,0.7948376807189018,0.5955548815932623,0.2996105708270134,0.29691070713167117,0.3793809435715383,disgust,07,03,03,male,strong,351
0,0.0,True,1.0,0.5427880590175694,0.5522684142996135,0.5475282366585914,0.6633288987474361,-0.0476388888888889,-0.04856481481481478,0.35905381975678463,0.20903030163057806,0.1653073182050949,0.8254249704671227,0.00948035528204405,0.0009259259259258856,0.011802361193633062,0.5016797731005316,0.12871370572141014,0.10587993072520903,0.0,0.6698918598813836,0.6228306517372574,0.29308105454040667,0.29258970196277195,0.36468475909406173,surprised,08,03,03,male,normal,352
10,0.33366666666666667,True,1.0,0.5430344090756529,0.5320056730432219,0.5375200410594374,0.6880711858983218,-0.04648148148148146,-0.04879629629629628,0.3520520730613939,0.23416992637315823,0.1611684003091872,0.781198300518383,0.011028736032431041,0.002314814814814825,0.018163266208453443,0.4671062113399937,0.1237087323978082,0.11168673734548312,0.0,0.7242587323873378,0.6268057758337711,0.2934302138739518,0.28709692317547625,0.36505251952382906,surprised,08,03,03,male,normal,352
20,0.6673333333333333,True,1.0,0.4069484012071504,0.4116285710254716,0.409288486116311,0.6584656361532074,-0.047407407407407454,-0.048101851851851785,0.35828994403683795,0.20038760346058604,0.16530731820509484,0.621579113083861,0.0046801698183212,0.000694444444444331,0.01691930039764537,0.5013212156813167,0.1249013357279074,0.1103514118795569,0.0,0.6957430047370614,0.6227142711459583,0.2945343860447209,0.28594800333647163,0.36160320010185976,surprised,08,03,03,male,normal,352
30,1.0010000000000001,True,1.0,0.3984674329501922,0.399199427275843,0.39883343011301764,0.9221504386897168,-0.047592592592592575,-0.047731481481481486,0.3629976979906316,0.27663477334270525,0.16041666666666665,0.4325036494909875,0.0007319943256507977,0.0001388888888889106,0.015722404535244178,0.3637733720094127,0.1259852671209999,0.10911228271480622,0.0,0.677693271588234,0.6290515141447205,0.29396858167480877,0.2910919460818696,0.35632319409346763,surprised,08,03,03,male,normal,352
40,1.3346666666666667,True,1.0,0.4299835069004907,0.43469209520013014,0.4323378010503104,0.688843154033741,-0.04712962962962958,-0.048611111111111216,0.37265927244518304,0.19286387884825346,0.16597957692328508,0.6276287983971655,0.004708588299639438,0.001481481481481639,0.012710268390679779,0.4724701024472765,0.1236936230043187,0.1117034708427058,0.0,0.9999999987499999,0.6257852212916417,0.2932886887922834,0.28691539379353986,0.3583214223524045,surprised,08,03,03,male,normal,352
50,1.6683333333333334,True,1.0,0.422185933449471,0.4053747548938987,0.41378034417168486,0.6243870155634452,-0.04712962962962963,-0.048888888888888926,0.3792419379751802,0.14248051915962104,0.1659740609280414,0.6626985088700004,0.016811178555572293,0.0017592592592592937,0.019703370467179116,0.4889842206658812,0.12451878081486671,0.11078290028169704,0.0,0.7673129517471281,0.6270688886882878,0.2928262176530202,0.2898749436088763,0.3636904557173336,surprised,08,03,03,male,normal,352
60,2.0020000000000002,True,1.0,0.46865764537727556,0.4414884563798571,0.4550730508785663,0.7077858048104501,-0.043333333333333224,-0.04574074074074069,0.38432874880062073,0.14682453693662234,0.1659795769232852,0.6429530626153742,0.027169188997418436,0.002407407407407469,0.017306665430434902,0.4459278844135666,0.125472415431515,0.10970164418274958,0.0,0.6761178687383941,0.6249363295161816,0.2948146237634345,0.29240094006893896,0.36183231538426536,surprised,08,03,03,male,normal,352
70,2.3356666666666666,True,1.0,0.4605773411466322,0.4650235499112833,0.4628004455289577,0.8210186488685056,-0.04388888888888881,-0.04675925925925928,0.3806852043693225,0.1816699554148066,0.16528193221939325,0.5636905399978068,0.004446208764651127,0.0028703703703704675,0.022448272133610992,0.3886143248827041,0.12650396597783833,0.10851048042807786,0.0,0.6390757490739254,0.6196824195615747,0.29438331677462676,0.29746306528288496,0.3627237049036634,surprised,08,03,03,male,normal,352
80,2.6693333333333333,True,1.0,0.45987873896615455,0.45653557847842824,0.4582071587222914,0.716006470836333,-0.04375000000000001,-0.04689814814814819,0.38809036106094563,0.12593677428654848,0.16945164844089433,0.6399483487727164,0.0033431604877263155,0.0031481481481481777,0.01696875746376263,0.437796753255774,0.12786219043653685,0.1067283190152417,0.0,0.7071067807446058,0.5681226271524236,0.26996428582795967,0.30359963818270114,0.3194501304253341,surprised,08,03,03,male,normal,352
90,3.003,True,1.0,0.45955428891473205,0.4468551482399148,0.4532047185773234,0.7478096644514629,-0.044583333333333475,-0.04879629629629628,0.3831207944775659,0.160172222112679,0.16812091603764365,0.6060428744388593,0.012699140674817255,0.004212962962962807,0.023821339646160213,0.42319192008863726,0.12658543822718255,0.10841542602264667,0.0,0.6757445654027917,0.6210981123152386,0.29490324507363097,0.298977951237005,0.36151514820738084,surprised,08,03,03,male,normal,352
0,0.0,True,1.0,0.5122888789944343,0.49805688929096603,0.5051728841427001,0.6570586982371757,-0.046527777777777835,-0.049537037037037046,0.3655683598349598,0.18162261137535063,0.16686841833475677,0.7688398091342975,0.014231989703468284,0.0030092592592592116,0.03018336392643749,0.49450696945236233,0.12680262842219664,0.10816132024020148,0.0,0.6849602266978166,0.6195708663309074,0.2944494507423444,0.29052670341454967,0.36000857123889096,surprised,08,03,03,male,normal,353
10,0.33366666666666667,True,1.0,0.3498705895896809,0.35039584832403103,0.350133218956856,0.6560444192573827,-0.0505092592592592,-0.05384259259259261,0.3665607216547184,0.17428030862118415,0.1696244525690103,0.5337035247600971,0.0005252587343501092,0.0033333333333334103,0.02851742213441472,0.48240751213354893,0.13011871598839617,0.1037819330394908,0.0,0.6878088697886336,0.5675439758559675,0.26648234207766514,0.306452051444566,0.325827521304838,surprised,08,03,03,male,normal,353
20,0.6673333333333333,True,1.0,0.40527008121543756,0.44095987558569155,0.42311497840056456,0.5772410837993577,-0.04361111111111099,-0.04643518518518519,0.39457065238398503,0.15722395606168407,0.1672264869684028,0.7329952601704185,0.03568979437025399,0.002824074074074201,0.02594265110883242,0.506138463134849,0.12816278558670027,0.10654613161153878,0.0,0.7071067807446058,0.5721631582085959,0.270024754907534,0.29609285066783836,0.3289889982087141,surprised,08,03,03,male,normal,353
30,1.0010000000000001,True,1.0,0.4427496541047545,0.4475289491172173,0.4451393016109859,0.8480399396034843,-0.04546296296296293,-0.04828703703703707,0.378982491475894,0.20171336555981503,0.16497272510062608,0.524903699487454,0.004779295012462825,0.0028240740740741455,0.029348025077900117,0.395338866282595,0.1242922565167545,0.11103698816400137,0.0,0.7071067807446058,0.6232533554906338,0.29654576715058323,0.29093718709565114,0.3581026474932917,surprised,08,03,03,male,normal,353
40,1.3346666666666667,True,1.0,0.4668310875943002,0.47182495642050737,0.46932802200740376,0.8831270146870244,-0.04486111111111113,-0.046990740740740666,0.3874571747659976,0.16461752866551102,0.17603456113755614,0.531438869157152,0.004993868826207171,0.002129629629629537,0.019209221583119898,0.3551307457010736,0.1254913295100561,0.10968000724127808,0.0,0.6806313786493652,0.617353128196591,0.29856570871215343,0.2978239112623054,0.3594410096405587,surprised,08,03,03,male,normal,353
50,1.6683333333333334,True,1.0,0.4603904373341972,0.45891782800622916,0.45965413267021316,0.5653266952691796,-0.04458333333333331,-0.04518518518518516,0.39641255657367375,0.038532409075013985,0.17853376924601208,0.8130769986924984,0.0014726093279680552,0.0006018518518518534,0.018875826458881927,0.5386763390476573,0.1262488978785611,0.10880713926534841,0.0,0.6942900722372278,0.6149858485269107,0.2982451266020605,0.29309416134508604,0.36167372953716076,surprised,08,03,03,male,normal,353
60,2.0020000000000002,True,1.0,0.42917783393581,0.44401999753214316,0.4365989157339766,0.757917551828195,-0.04249999999999998,-0.04351851851851851,0.38846075065372865,0.07974585509468164,0.1778125358087713,0.5760506729008236,0.014842163596333169,0.0010185185185185297,0.021999650081244337,0.4146631362338441,0.12540163041734087,0.10960887241274984,0.0,0.7415635944564039,0.567378139802796,0.2760609288500201,0.30461797379101774,0.3182183710636866,surprised,08,03,03,male,normal,353
70,2.3356666666666666,True,1.0,0.39698407459852925,0.3953408317993705,0.3961624531989499,0.7008757863454602,-0.04175925925925922,-0.04328703703703701,0.4151946019393255,0.012515639041883181,0.17292372601051914,0.5652391777787601,0.0016432427991587284,0.0015277777777777946,0.011799001247819041,0.42338401697404865,0.12770191865394387,0.1070980753454235,0.0,0.6728534225803926,0.5713605252804247,0.276747504834897,0.30993545162048686,0.3296501870547319,surprised,08,03,03,male,normal,353
80,2.6693333333333333,True,1.0,0.42509578364777423,0.4139582230035138,0.419527003325644,0.7547580517270088,-0.042592592592592626,-0.042685185185185215,0.42085221682505525,0.024741958242777414,0.17302958160705104,0.5558430312412014,0.011137560644260414,9.259259259258856e-05,0.0018224446647985173,0.40699106287452147,0.12622672382271619,0.10883286251611057,0.0,0.7071067807446058,0.5717709575783438,0.2776911326462614,0.30946690761187245,0.3318771275459442,surprised,08,03,03,male,normal,353
90,3.003,True,1.0,0.3969840745985282,0.39191799409783445,0.3944510343481813,0.7293380256058082,-0.042037037037037095,-0.04342592592592587,0.40745300493160297,0.06286214364336225,0.17504359111107867,0.5408343189298809,0.005066080500693737,0.001388888888888773,0.004460337899198186,0.41694743616607066,0.12826880734959567,0.10641847035143523,0.0,0.685477053623412,0.5735092971407314,0.2764071655640367,0.3109063357235346,0.3272249661655116,surprised,08,03,03,male,normal,353
100,3.336666666666667,True,1.0,0.412143222943521,0.43644653739909123,0.4242948801713061,0.7658217921839591,-0.04337962962962971,-0.04481481481481486,0.39679994728488377,0.10849142055939479,0.17433356625311971,0.55403866082383,0.024303314455570213,0.0014351851851851505,0.006840074350416723,0.4128365630340626,0.12800753969085144,0.10673259836255107,0.0,0.5967811686518872,0.617226560913428,0.2966610137186406,0.29972747124871807,0.3617235150235366,surprised,08,03,03,male,normal,353
0,0.0,True,1.0,0.5174830479305672,0.501918719948774,0.5097008839396706,0.5896638977208485,-0.04722222222222211,-0.051805555555555605,0.36921589603701904,0.19627319233806984,0.16277020803881775,0.8643922171761769,0.015564327981793191,0.004583333333333495,0.03655956562484362,0.513180797576828,0.13045955078688057,0.10353733351874429,0.0,0.7071067807446058,0.5609728358687225,0.2657402438672526,0.3023505037024499,0.3199698761763181,surprised,08,03,03,male,normal,354
10,0.33366666666666667,True,1.0,0.16598396684019287,0.17435823339332038,0.17017110011675662,0.5621650472633821,-0.06106481481481485,-0.06407407407407417,0.36405098764343413,0.168234164861203,0.16615599208464527,0.3027066534021442,0.008374266553127507,0.0030092592592593226,0.03242311283992713,0.5521786900996648,0.12341456619107158,0.11201170752334198,0.0,0.6905653700287314,0.6225473666888631,0.2946738868931582,0.28822207281894624,0.367582899255132,surprised,08,03,03,male,normal,354
20,0.6673333333333333,True,1.0,0.49694959545269507,0.47239053534044806,0.48467006539657154,0.5317681420632038,-0.048055555555555574,-0.04999999999999993,0.3802402348315466,0.1499235234669848,0.16184374386358774,0.9114311803563547,0.02455906011224701,0.0019444444444443598,0.02335962421417543,0.5502419744382158,0.12837303906273143,0.10629271194452751,0.0,0.6444882710204958,0.5603770622155112,0.2630305627098542,0.29918865620406493,0.3213266067296027,surprised,08,03,03,male,normal,354
30,1.0010000000000001,True,1.0,0.46760887723288724,0.4576346357420855,0.4626217564874864,1.0059528277408352,-0.049490740740740724,-0.0524074074074074,0.34853811092841736,0.3105662874261611,0.16250046950052366,0.45988414538924305,0.009974241490801727,0.0029166666666666785,0.02382835672483604,0.3063249578075806,0.12989323950614987,0.10442951738667328,0.0,0.6987841455632747,0.5638384629320479,0.26517202818044766,0.3113893952413627,0.32444068487174627,surprised,08,03,03,male,normal,354
40,1.3346666666666667,True,1.0,0.44440884501488453,0.42100526888570133,0.43270705695029293,0.7150956453716657,-0.04898148148148146,-0.04972222222222217,0.37556836337397376,0.2268522653749018,0.16458333333333336,0.6051037504576001,0.0234035761291832,0.0007407407407407085,0.017424769383853202,0.434296720250725,0.12872031423694402,0.10587189652363602,0.0,0.9999999987499999,0.5734677255198956,0.27207828137939033,0.30505913188625744,0.31874051183104385,surprised,08,03,03,male,normal,354
50,1.6683333333333334,True,1.0,0.5058036512174551,0.4961799174633472,0.5009917843404011,0.8598994281348509,-0.04712962962962963,-0.049398148148148135,0.3581460769999885,0.24362746525501555,0.16597635928167104,0.5826167199890668,0.009623733754107855,0.002268518518518503,0.01594950764587593,0.3656089335541766,0.1265235924070066,0.10848759530610778,0.0,0.626380635533571,0.6274580545577607,0.2940457436533643,0.29072693018025664,0.35657308607989824,surprised,08,03,03,male,normal,354
60,2.0020000000000002,True,1.0,0.5037582836152155,0.5143453055852235,0.5090517946002195,0.7237451632626888,-0.04791666666666666,-0.04953703703703699,0.3736145356886715,0.2184768016045811,0.16328604938601882,0.7033577845347967,0.010587021970008048,0.0016203703703703276,0.02346786934157618,0.435117004296377,0.12497014832535511,0.1102734773100047,0.0,0.6682119652551926,0.624680204011292,0.2926500245012506,0.2849165497874059,0.3561209545751238,surprised,08,03,03,male,normal,354
70,2.3356666666666666,True,1.0,0.5384758096154815,0.5326692893427348,0.5355725494791082,0.8761618461426204,-0.048333333333333284,-0.05203703703703705,0.35337231643328676,0.28715632067807456,0.16329959881433115,0.6112712529505975,0.00580652027274664,0.0037037037037037646,0.027127462365427443,0.37016517145445105,0.12442504719656644,0.11088816618765698,0.0,0.9207643310440184,0.6243524959671368,0.2945424048895008,0.2864912543665437,0.3578238703008953,surprised,08,03,03,male,normal,354
80,2.6693333333333333,True,1.0,0.4847615505037544,0.514005756143159,0.4993836533234567,0.7994990482420258,-0.04791666666666666,-0.05296296296296299,0.36135636994269815,0.24964203306752233,0.161941766413216,0.6246206977000458,0.029244205639404608,0.0050462962962963265,0.034909970228787904,0.40304470289631794,0.1256926234183124,0.10944926764874537,0.0,0.6609361026355586,0.6254950949676746,0.2946963617205496,0.2915998430246552,0.3592342267365708,surprised,08,03,03,male,normal,354
90,3.003,True,1.0,0.5384758096154826,0.5278664892055274,0.5331711494105049,0.7848170508129088,-0.04879629629629623,-0.05342592592592588,0.3651423730681267,0.23094965124705424,0.16268769208594114,0.6793572449251064,0.010609320409955214,0.00462962962962965,0.03440740142910525,0.40483116369606337,0.12428995082150246,0.11103956905151047,0.0,0.7563427187758422,0.6233122624205932,0.29555304192836274,0.29064070985385493,0.3613967985847931,surprised,08,03,03,male,normal,354
0,0.0,True,1.0,0.4936028254808599,0.4739715943083023,0.4837872098945811,0.5876221416254127,-0.047453703703703665,-0.05189814814814825,0.3683812357225521,0.15368067116375728,0.1662152145368267,0.8232964274565704,0.01963123117255755,0.004444444444444584,0.039260397316805376,0.5396813521367938,0.12490503077945485,0.1103472294912072,0.0,0.7036588665805318,0.6250323994441527,0.2957547011477672,0.28887868230003116,0.3642320974074699,surprised,08,03,03,male,normal,355
10,0.33366666666666667,True,1.0,0.4425578558005752,0.45445705084300153,0.4485074533217884,0.578811346125308,-0.04699074074074061,-0.051990740740740726,0.37295920484413586,0.16484330782227127,0.16295056600972768,0.7748767475347487,0.011899195042426314,0.0050000000000001155,0.04643019114139668,0.5519542239593186,0.1256448807728489,0.10915554869494491,0.0,0.7071067807446058,0.6239705108918567,0.29386175893364963,0.2912305727151608,0.3626103056384305,surprised,08,03,03,male,normal,355
20,0.6673333333333333,True,1.0,0.30495410766912345,0.28941761080722367,0.29718585923817353,0.5391598842303249,-0.061620370370370325,-0.06217592592592602,0.38361324321444684,0.1343127233668606,0.17089102304242398,0.5512017268540291,0.015536496861899785,0.0005555555555556979,0.03830552014483289,0.5692968856764956,0.12222226849832583,0.11331149479741778,0.0,0.6866461072241965,0.6222494841686675,0.29692908360710923,0.2860300918275409,0.36811439548748637,surprised,08,03,03,male,normal,355
30,1.0010000000000001,True,1.0,0.3113370084863231,0.3136735281689367,0.3125052683276299,0.8563119159343187,-0.045694444444444426,-0.05092592592592593,0.3690233678312445,0.20323871704328672,0.15456645704750363,0.3649432671816281,0.002336519682613558,0.005231481481481504,0.030379104977397358,0.3378649267999849,0.12532330669448538,0.10987195533787522,0.0,0.6988345889964583,0.6279423273918943,0.2982908502029116,0.2832191197593599,0.3567365805548752,surprised,08,03,03,male,normal,355
40,1.3346666666666667,True,1.0,0.26845439059208814,0.2938683445625158,0.281161367577302,0.753233135501267,-0.04421296296296301,-0.047592592592592686,0.39952575504248933,0.18456479141049698,0.15894218114262007,0.3732727018045916,0.025413953970427672,0.003379629629629677,0.015060521537816434,0.40755965321725734,0.12580242983248274,0.10932303700074504,0.0,0.6916082013468433,0.6342846097579656,0.2973804907236329,0.28518816468717917,0.36347376782849156,surprised,08,03,03,male,normal,355
50,1.6683333333333334,True,1.0,0.2800897730727591,0.3082148400674689,0.29415230657011404,0.9111498063424851,-0.04509259259259246,-0.04912037037037037,0.41011961610951575,0.22092999656234794,0.15634430627211382,0.3228363815944745,0.02812506699470979,0.004027777777777908,0.024981066966530966,0.3321358520336149,0.12582381884694652,0.1092984189342314,0.0,0.7143005810382804,0.6348036822932298,0.29742642607101016,0.2930809439318692,0.36799979013068507,surprised,08,03,03,male,normal,355
60,2.0020000000000002,True,1.0,0.378719961331057,0.4132805753374946,0.3960002683342758,0.8962058617746138,-0.04120370370370363,-0.04569444444444459,0.39113121752827484,0.18041990225904028,0.16133479817043328,0.4418630643077245,0.03456061400643762,0.004490740740740962,0.02585801072752811,0.34904802467762075,0.1229752138537883,0.11249388671396426,0.0,0.6820759130378519,0.6276612218168518,0.2986126225156785,0.2852826909025183,0.36135506994440997,surprised,08,03,03,male,normal,355
70,2.3356666666666666,True,1.0,0.38889919583340454,0.3985292200286286,0.3937142079310166,0.654007512961939,-0.04231481481481475,-0.046157407407407425,0.40055353494175194,0.14715042454401123,0.1629800601300662,0.6020025766186105,0.009630024195224074,0.003842592592592675,0.021197331515778624,0.45502050078422684,0.13046761455099481,0.10371103762211095,0.0,0.706798733807886,0.5638296763392858,0.2749319711273498,0.312779783807798,0.3224315540292872,surprised,08,03,03,male,normal,355
80,2.6693333333333333,True,1.0,0.3367528540007168,0.36145857325508607,0.34910571362790144,0.8063604806812914,-0.04157407407407404,-0.04504629629629636,0.3942642672708228,0.15601199388306275,0.16478763567354418,0.43294000883195954,0.024705719254369263,0.003472222222222321,0.021348070487860298,0.38396610204029247,0.12359687879655328,0.11181050631365486,0.0,0.8499232203078175,0.6255859253467012,0.29625847573219405,0.29938778311720465,0.3667223933440337,surprised,08,03,03,male,normal,355
90,3.003,True,1.0,0.3587055186378759,0.36167142691688814,0.36018847277738203,0.7710134323820524,-0.04074074074074069,-0.04305555555555557,0.39381508816345323,0.15680916489235266,0.1653557715372406,0.46716238349386047,0.0029659082790122193,0.0023148148148148806,0.010587212529152438,0.4007640671530473,0.12379780511379693,0.11158799764974742,0.0,0.8085161390496671,0.6236779036380177,0.29565414603950585,0.29409759151387305,0.3596519991803133,surprised,08,03,03,male,normal,355
100,3.336666666666667,True,1.0,0.3686513159433374,0.4046871862777406,0.38666925111053896,0.7264749259812858,-0.0429166666666666,-0.046805555555555545,0.39566426615283046,0.15566534570676877,0.16672204687006273,0.532254090653226,0.0360358703344032,0.0038888888888889417,0.01231502511495578,0.442302576501773,0.12649169162630605,0.10852478850621879,0.0,0.6889996206120023,0.6247276911545869,0.2929783130982924,0.29874343345728466,0.36410213222513566,surprised,08,03,03,male,normal,355
0,0.0,True,1.0,0.4963068588834012,0.4961799174633465,0.4962433881733739,0.6911365264343227,-0.04546296296296293,-0.0475462962962962,0.37372570686221235,0.1355087240406871,0.17293254978509282,0.7180106522998693,0.00012694142005470477,0.0020833333333332704,0.01216614362764094,0.47464099424549877,0.12417991051851628,0.11116261779026262,0.0,0.7892641460926234,0.6260819277476616,0.2942134658194286,0.28627058483286105,0.35191646294780354,surprised,08,03,03,male,strong,356
10,0.33366666666666667,True,1.0,0.5262506050124299,0.5298859112538664,0.5280682581331482,0.7028423772609828,-0.0474074074074074,-0.048611111111111105,0.36818691160454625,0.1653746770025845,0.17500043596485873,0.7513324113879709,0.0036353062414364867,0.0012037037037037068,0.016452567682183335,0.4746698629133402,0.1267065060599272,0.10827390771915417,0.0,0.7071067807446058,0.6197038978638332,0.29182813257643264,0.29293658734711076,0.3549298048883479,surprised,08,03,03,male,strong,356
20,0.6673333333333333,True,1.0,0.48092319929483596,0.4744008138712662,0.4776620065830511,0.6153846153846151,-0.048564814814814894,-0.04962962962962958,0.366935623815257,0.13675213675213618,0.17708376416920624,0.7762007606974584,0.006522385423569754,0.0010648148148146852,0.01481283387728584,0.5254701011099435,0.12233257006073833,0.11319240289197219,0.0,0.6625727451410329,0.6243356010060274,0.29374845686980067,0.28263428827581466,0.3538006714186651,surprised,08,03,03,male,strong,356
30,1.0010000000000001,True,1.0,0.4959251939026219,0.4433673447673081,0.469646269334965,0.9183620603871947,-0.045925925925925815,-0.046574074074074046,0.35655176889007706,0.21857923497267792,0.17022675682426708,0.5113955482187008,0.052557849135313806,0.000648148148148231,0.02163052798069126,0.3570148055994191,0.12329035036930766,0.11214841628906831,0.0,0.6933935741362101,0.6288901607596165,0.29466599672919697,0.2797775490431238,0.35232166676543325,surprised,08,03,03,male,strong,356
40,1.3346666666666667,True,1.0,0.4894289789657491,0.4738936228561118,0.48166130091093046,0.7577191485538729,-0.04615740740740748,-0.04648148148148151,0.37729035604696504,0.15153590480934223,0.17031816306135897,0.6356725995775531,0.0155353561096373,0.0003240740740740322,0.022502618039869252,0.3992569417155779,0.12662739663061923,0.1083664163534163,0.0,0.6774314078634066,0.6154761939463286,0.30323965467322245,0.283550639486733,0.33844258575443414,surprised,08,03,03,male,strong,356
50,1.6683333333333334,True,1.0,0.5062535876286817,0.48336042177252686,0.49480700470060424,0.6202558913199384,-0.04523148148148143,-0.0461111111111111,0.37941755312616077,0.07753198641499201,0.17236569352316897,0.7977465617418448,0.022893165856154807,0.0008796296296296746,0.0326684152541695,0.48632679607712775,0.12628298318033956,0.10876757756695646,0.0,0.6672231565015253,0.6101489361994799,0.30463891496711076,0.27911283796208813,0.34120414141669886,surprised,08,03,03,male,strong,356
60,2.0020000000000002,True,1.0,0.5514924378676644,0.5031547608171577,0.527323599342411,0.7657030451865084,-0.046203703703703636,-0.047083333333333255,0.36555168505360214,0.122739233375827,0.17041892190712357,0.6886789894037402,0.04833767705050673,0.0008796296296296191,0.03830791305699007,0.38373998686727634,0.1254250275541574,0.10975582095453237,0.0,0.6657733316270837,0.6095153447394583,0.3024764208953201,0.27399630004811937,0.33733892685431266,surprised,08,03,03,male,strong,356
70,2.3356666666666666,True,1.0,0.5825528913354805,0.5214338321734956,0.5519933617544881,0.9616142428491314,-0.04615740740740748,-0.04791666666666672,0.3464570670387462,0.24418056150079817,0.165028211448836,0.5740278556180775,0.0611190591619849,0.0017592592592592382,0.03176675629991567,0.3496026679631825,0.1284291787713094,0.10622487378745354,0.0,0.668413390063005,0.6140316357011556,0.30220184812081563,0.27949192286419,0.3407682704270437,surprised,08,03,03,male,strong,356
80,2.6693333333333333,True,1.0,0.5631748429234038,0.5269463098106424,0.5450605763670231,0.8429782566670353,-0.04717592592592584,-0.04851851851851857,0.3692164103002163,0.15260095628112716,0.16927183493293418,0.6465891285524752,0.03622853311276142,0.0013425925925927285,0.03491728270223353,0.3604722767268112,0.128789226262022,0.10578805683714403,0.0,0.9999999987499999,0.5860362204881954,0.2730605610879244,0.2825578433274128,0.32645373545802586,surprised,08,03,03,male,strong,356
90,3.003,True,1.0,0.5343219829994287,0.49774141379499737,0.5160316983972131,0.6976043715708697,-0.04791666666666661,-0.04907407407407399,0.37065543319643646,0.07993383424249523,0.16924163410015464,0.739719702781119,0.03658056920443131,0.0011574074074073848,0.028173250018410364,0.43409396196772887,0.1248376468916778,0.11042345624484112,0.0,0.8706669388191406,0.6313234257374825,0.29589547483926126,0.27467866441570143,0.3578818002053378,surprised,08,03,03,male,strong,356
0,0.0,True,1.0,0.5339838355910586,0.5162569185431953,0.5251203770671269,0.7243386241741039,-0.048518518518518516,-0.052268518518518436,0.3547004356485673,0.19878969486955006,0.17369722256788414,0.7249653125509812,0.017726917047863222,0.00374999999999992,0.027242423588791424,0.4635373262236232,0.12693781044745595,0.10800263908604418,0.0,0.6462520995656686,0.6217727394238947,0.28988238896930063,0.2943336220608135,0.3620554826089944,surprised,08,03,03,male,strong,357
10,0.33366666666666667,True,1.0,0.5036205141446405,0.5245161313717465,0.5140683227581935,0.700895559403758,-0.04819444444444437,-0.05236111111111108,0.3496315080116598,0.20735322637650586,0.17230902777777785,0.7334449703112745,0.020895617227105978,0.004166666666666707,0.031007165686411098,0.4480509099128721,0.12465792276971766,0.11062630817745157,0.0,0.9999999987499999,0.6205918891931773,0.2905430107084158,0.29209611475266095,0.3618706259812204,surprised,08,03,03,male,strong,357
20,0.6673333333333333,True,1.0,0.572495712019492,0.5595667071681719,0.566031209593832,0.7270849645682209,-0.0476388888888889,-0.05138888888888882,0.3450471602775957,0.21073465391203405,0.17232186774333408,0.7784938998566273,0.012929004851320092,0.00374999999999992,0.03734535351372019,0.46142068201374403,0.12530505359628102,0.10989277189046548,0.0,0.7639671381373493,0.6201965446334785,0.29044160349445913,0.2934416070870154,0.362004810236438,surprised,08,03,03,male,strong,357
30,1.0010000000000001,True,1.0,0.5210727969348655,0.47637163357810597,0.49872221525648575,0.9990838410577162,-0.04879629629629628,-0.05143518518518514,0.35079578692011454,0.2353767740350928,0.17436857329742902,0.4991795430586641,0.044701163356759555,0.0026388888888888573,0.03638718823024499,0.3385323791166075,0.12222120693728725,0.11314437854930245,0.0,0.6978037637445131,0.6210115843993848,0.2932452863539773,0.2868044110173304,0.35640618194016077,surprised,08,03,03,male,strong,357
40,1.3346666666666667,True,1.0,0.47612990853283027,0.4422836937943658,0.459206801163598,0.8525540750014663,-0.04912037037037037,-0.051018518518518574,0.3561697910188656,0.173369314795129,0.17084449793611553,0.5386248387385965,0.0338462147384645,0.0018981481481482043,0.033080192210551286,0.38128662424176246,0.12316272871569342,0.11228855696651872,0.0,0.7071067807446058,0.6270647541829232,0.29134018214490737,0.28194971489958925,0.35656564347107117,surprised,08,03,03,male,strong,357
50,1.6683333333333334,True,1.0,0.5325318359287108,0.4971711825706603,0.5148515092496855,0.9232542775600537,-0.050509259259259254,-0.05083333333333323,0.3752780951805994,0.1446891031997105,0.17093378850645183,0.5576486584067807,0.0353606533580505,0.0003240740740739767,0.03304950956458007,0.31099268917091005,0.12520601651604263,0.11000559621620827,0.0,0.7071067807446058,0.6171524342705833,0.30126068959993973,0.28372645382715467,0.3419530816041975,surprised,08,03,03,male,strong,357
60,2.0020000000000002,True,1.0,0.557122828257699,0.4894763524148646,0.5232995903362818,1.1074831198828146,-0.04773148148148143,-0.04574074074074075,0.36166862314168835,0.23305223156515464,0.1758198956575524,0.4725124753067599,0.0676464758428344,0.001990740740740682,0.031233204344564468,0.29592297593951383,0.126845843022591,0.10811063721305338,0.0,0.7071067807446058,0.6093448656728316,0.3062962021631768,0.2760938346736332,0.33626082481753733,surprised,08,03,03,male,strong,357
70,2.3356666666666666,True,1.0,0.5595643968904609,0.4861355042418104,0.5228499505661357,0.6641981089781142,-0.0461111111111111,-0.045555555555555516,0.35935795200662446,0.05771753300351986,0.17586805555555554,0.7871897608539623,0.07342889264865049,0.0005555555555555869,0.04767674399389994,0.44206189779513083,0.125921906530447,0.1091853984119548,0.0,0.6696394487556494,0.6178193738667344,0.2938978798791011,0.28294588762049927,0.3582080736005003,surprised,08,03,03,male,strong,357
80,2.6693333333333333,True,1.0,0.5687751702259903,0.5242521461551785,0.5465136581905844,0.9292163372905818,-0.0465740740740741,-0.04643518518518519,0.3380941696103688,0.1732122384352899,0.1753414637393277,0.5881446938224465,0.04452302407081188,0.0001388888888889106,0.0413097787364835,0.34690331653411455,0.12622821184822175,0.10883113664899356,0.0,0.7071067807446058,0.6168949216249,0.2945056770940296,0.2778511660970522,0.3522554357660383,surprised,08,03,03,male,strong,357
90,3.003,True,1.0,0.585868103769657,0.545955442292107,0.565911773030882,0.7479384244842886,-0.04782407407407402,-0.047453703703703665,0.36926054924954727,0.06471029831147324,0.1746483770430772,0.7566288273277096,0.039912661477550015,0.00037037037037035425,0.04070443047419189,0.40428240955919437,0.12583669791214136,0.10928359085049494,0.0,0.7676907337523378,0.6261194122727215,0.2948340902562559,0.27311857966361147,0.35036987484442633,surprised,08,03,03,male,strong,357
100,3.336666666666667,True,1.0,0.5461549699366833,0.49453224336378054,0.5203436066502319,0.6999702363238676,-0.048240740740740695,-0.04879629629629634,0.37679549100835835,0.04285249711119762,0.17406052941788544,0.7433796176577362,0.05162272657290279,0.0005555555555556424,0.03767281214452949,0.43810099857093204,0.12689811860196182,0.1080492724001147,0.0,0.760059181015891,0.627255241151148,0.29502018646879863,0.27221282101905925,0.3527385393702992,surprised,08,03,03,male,strong,357
0,0.0,True,1.0,0.5573182329389621,0.5391093032287951,0.5482137680838786,0.7127020038154901,-0.04620370370370369,-0.04972222222222222,0.35770298570394293,0.2035084961941897,0.17089763144651174,0.7692047519846801,0.018208929710166966,0.003518518518518532,0.03492581211727663,0.4629728566936552,0.12814711238793322,0.10656498185374028,0.0,0.6651126191747884,0.5778331585524834,0.27024802617260696,0.29806314539006085,0.3217594776119406,surprised,08,03,03,male,strong,358
10,0.33366666666666667,True,1.0,0.5450317394352497,0.5267131868775876,0.5358724631564187,0.6892225218053734,-0.04689814814814819,-0.05111111111111111,0.35227412050040097,0.19051325941630157,0.16815767014465036,0.7775028328336338,0.018318552557662127,0.004212962962962918,0.036394464527722305,0.4826489821818769,0.12539960244854825,0.10978486906873965,0.0,0.7071067807446058,0.6259926949607968,0.2948106719636434,0.28911067223506426,0.3603571560518951,surprised,08,03,03,male,strong,358
20,0.6673333333333333,True,1.0,0.5121409969887171,0.5039369509079877,0.5080389739483524,0.7111259760068637,-0.0472685185185186,-0.05050925925925931,0.35717040239136194,0.19580638113772844,0.1688806099005763,0.7144148731580702,0.008204046080729333,0.0032407407407407107,0.04058964327103076,0.47214985510065816,0.12437674995992277,0.1109423356519233,0.0,0.6855071202931914,0.6243897700877227,0.2943889009755124,0.2909444125580127,0.36552424797485256,surprised,08,03,03,male,strong,358
30,1.0010000000000001,True,1.0,0.47339004924781936,0.46574694567893726,0.4695684974633783,0.9340878324436179,-0.047222222222222276,-0.04981481481481487,0.35623643943513794,0.2917222245291575,0.164156810782357,0.5027027236132227,0.0076431035688820925,0.002592592592592591,0.025713424050791526,0.33704958107754096,0.1260092359077394,0.10908460128050679,0.0,0.669316745658228,0.5687329584490045,0.2723522153252451,0.28955462494859086,0.3096765567890172,surprised,08,03,03,male,strong,358
40,1.3346666666666667,True,1.0,0.4592139232036398,0.45919829979882654,0.45920611150123314,0.7877085087154501,-0.04712962962962958,-0.04763888888888884,0.3880707971612039,0.1560002807049159,0.17231060207789073,0.582964518499464,1.5623404813258635e-05,0.0005092592592592649,0.012325604230656855,0.3744918364202202,0.12318502532607692,0.11226409624468792,0.0,0.6640030644065341,0.6267917981958409,0.2977612532504703,0.2866676387074898,0.36416272728292154,surprised,08,03,03,male,strong,358
50,1.6683333333333334,True,1.0,0.5186563484507657,0.49205255114569985,0.5053544497982327,0.6185693781025614,-0.047453703703703665,-0.05009259259259258,0.38992633371518215,0.07382152887613473,0.17390792769536725,0.8169729503073507,0.026603797305065846,0.002638888888888913,0.012915170548591192,0.4804436531259274,0.12345331788642569,0.11196899603481231,0.0,0.6847960981533694,0.6226923571459834,0.29813355371394784,0.29190284122971977,0.371672639572932,surprised,08,03,03,male,strong,358
60,2.0020000000000002,True,1.0,0.5418817100385162,0.5391693378697692,0.5405255239541427,0.7673841067302369,-0.044675925925925786,-0.04759259259259252,0.39381159614754246,0.11902647631348844,0.17576781605902037,0.7043741448559304,0.0027123721687469793,0.002916666666666734,0.022992166065846833,0.3989528742114475,0.12154850139771312,0.1140339404651801,0.0,0.8524818500925893,0.6266959634635104,0.29602001577856335,0.28836288035044094,0.3650205535239726,surprised,08,03,03,male,strong,358
70,2.3356666666666666,True,1.0,0.5588498562050014,0.5622053181754386,0.56052758719022,0.8340180049074679,-0.04546296296296304,-0.0474074074074074,0.3844190518531998,0.12303091529487933,0.1708337799314538,0.6720809189873653,0.0033554619704372346,0.0019444444444443598,0.013525280819884907,0.3687897460574866,0.12329989605844452,0.1121379213388615,0.0,0.729722459401252,0.6244290127300921,0.297513085976913,0.2849875669461328,0.3629910880033874,surprised,08,03,03,male,strong,358
80,2.6693333333333333,True,1.0,0.5742958850050692,0.5637605810468848,0.569028233025977,0.9697273895144435,-0.044120370370370254,-0.04592592592592598,0.391705116193863,0.14140131778786666,0.17084941013020882,0.5867919573880426,0.010535303958184472,0.0018055555555557268,0.007716989569769886,0.32057434249993855,0.12294991934156654,0.11252153173541757,0.0,0.7071067807446058,0.6206471476793842,0.3009624166963759,0.29110580584616674,0.36473822692625807,surprised,08,03,03,male,strong,358
90,3.003,True,1.0,0.5488476103233992,0.5419282870642773,0.5453879486938382,0.8161266372214846,-0.04402777777777772,-0.04791666666666672,0.39645371426890813,0.12500536839626283,0.17153178084657758,0.6682638745264089,0.006919323259121923,0.003888888888888997,0.02096523667541435,0.39130744809995305,0.12345513935041776,0.11196698771637288,0.0,0.8292294771324219,0.6239061922816002,0.29759060029313683,0.2942317551287438,0.3710813698535108,surprised,08,03,03,male,strong,358
100,3.336666666666667,True,1.0,0.5408292540521767,0.5025203724126054,0.5216748132323911,0.8555050543170251,-0.044953703703703496,-0.047314814814814754,0.3897698621751555,0.13366750208855535,0.1715282225678135,0.6097857757823061,0.03830888163957136,0.002361111111111258,0.013693487376922166,0.3870193299721053,0.12503599890407888,0.11019880556781499,0.0,0.879270700519444,0.6218256867278161,0.2969897667492624,0.2952822611461119,0.3669501821019098,surprised,08,03,03,male,strong,358
0,0.0,True,1.0,0.5430344090756523,0.5245996706788956,0.5338170398772739,0.8352555840723593,-0.0490740740740741,-0.051342592592592606,0.3497496444635838,0.285731418649917,0.1680628190866036,0.639106220966047,0.01843473839675669,0.002268518518518503,0.022665506814203023,0.3951072748801014,0.12603747654852207,0.10905197052729565,0.0,0.6541861239174465,0.6206924285964386,0.29089692658816774,0.29651385990512563,0.3656125343577257,surprised,08,03,03,male,strong,359
10,0.33366666666666667,True,1.0,0.5423914771748187,0.5380607383061108,0.5402261077404648,0.8299701653477238,-0.04930555555555549,-0.05162037037037037,0.3497431814102439,0.2693238302453716,0.1694484967301335,0.6508982253767301,0.0043307388687079396,0.0023148148148148806,0.026293410174961507,0.39504957642356353,0.12771608169497464,0.10708118530953131,0.0,0.6804352480912317,0.6195446838579182,0.29021627208397605,0.2987213837179519,0.3656140166519291,surprised,08,03,03,male,strong,359
20,0.6673333333333333,True,1.0,0.5431846408603164,0.5438743996118824,0.5435295202360995,0.8299701653477238,-0.0495833333333332,-0.05222222222222217,0.3488870965645381,0.28388187512349977,0.16875723364125764,0.654878383499945,0.0006897587515660719,0.0026388888888889683,0.024567495438453567,0.40490658265689844,0.12692877158652602,0.1080132617515892,0.0,0.663532056562828,0.6211883935918117,0.2895873976565079,0.2994050369800266,0.3658391403350843,surprised,08,03,03,male,strong,359
30,1.0010000000000001,True,1.0,0.47504579760919996,0.46789811086638483,0.4714719542377924,1.0902125321764937,-0.050277777777777755,-0.05203703703703699,0.341745610681606,0.3285181926437552,0.17084449793611553,0.4324587548966702,0.007147686742815129,0.0017592592592592382,0.018841244915822637,0.30047801933606033,0.12609805688943695,0.10898191510239587,0.0,0.6827875952234911,0.6220154333217662,0.29373914374224663,0.2904812287806245,0.3549837555132804,surprised,08,03,03,male,strong,359
40,1.3346666666666667,True,1.0,0.4672583775586696,0.4728064495198016,0.47003241353923564,0.8195143592131907,-0.04972222222222211,-0.05134259259259255,0.37141537809515884,0.20136946761598734,0.17086191325973663,0.5735499424201793,0.005548071961131995,0.0016203703703704386,0.027446860581192306,0.38128662424176263,0.1268523259028719,0.10810303040982022,0.0,0.650486258928723,0.6272424145204957,0.2901982100277027,0.2919073192888236,0.36545772400434023,surprised,08,03,03,male,strong,359
50,1.6683333333333334,True,1.0,0.513920243328562,0.493502960979839,0.5037116021542005,1.1056729021248746,-0.051064814814814785,-0.05148148148148146,0.34884192293387484,0.2763463813731068,0.17715612972166692,0.4555701791969135,0.02041728234872303,0.0004166666666666763,0.02010918184098873,0.30397502703804563,0.12631080260670002,0.1087352698787639,0.0,0.6751427779980911,0.6182162472020057,0.2928016707036668,0.2946257190221826,0.3593777289907133,surprised,08,03,03,male,strong,359
60,2.0020000000000002,True,1.0,0.563306712225059,0.5319489369803918,0.5476278246027254,0.6725041647592438,-0.05083333333333334,-0.052222222222222225,0.35200960293027866,0.18269106938853283,0.17305956225436844,0.8143114248203592,0.03135777524466721,0.001388888888888884,0.030407309973462717,0.45439402598544404,0.12566878134230344,0.10947664210434577,0.0,0.7911102328973958,0.6202359832761228,0.29082260250817366,0.28825887976632875,0.36200575956254477,surprised,08,03,03,male,strong,359
70,2.3356666666666666,True,1.0,0.597434877923944,0.5412244047166419,0.569329641320293,1.1681339033993647,-0.053009259259259256,-0.05245370370370367,0.3246552313025604,0.40793779422920823,0.17386405185153883,0.4873838860968741,0.0562104732073021,0.0005555555555555869,0.026932430359330743,0.3016793988670923,0.1283032065482746,0.10637699450717361,0.0,0.6643286350852994,0.6149345448413741,0.2914029162663919,0.2960407319069801,0.35892461912335333,surprised,08,03,03,male,strong,359
80,2.6693333333333333,True,1.0,0.5072301792286328,0.4888271012722329,0.4980286402504328,0.8276056433494391,-0.05212962962962958,-0.051944444444444515,0.35292163520244557,0.20323198158714234,0.17317062174662054,0.6017704739600848,0.018403077956399894,0.0001851851851850661,0.019102899863280644,0.40604475389338895,0.12544530811259094,0.10973264073743733,0.0,0.9206486743049866,0.6261708858152636,0.2937573354875265,0.28742505607265506,0.36193117070879804,surprised,08,03,03,male,strong,359
90,3.003,True,1.0,0.5849264600124098,0.5557327572325214,0.5703296086224656,0.8022876345075264,-0.051203703703703696,-0.051620370370370317,0.35540348012722683,0.20769328493981618,0.1738048018928137,0.7108792209823287,0.02919370277988842,0.0004166666666666208,0.02379871748184968,0.41213416603039865,0.12599013130267134,0.10910666608863097,0.0,0.7277502116897692,0.6227288630842963,0.2899806751861324,0.29286315740151203,0.3600795982859222,surprised,08,03,03,male,strong,359
0,0.0,True,1.0,0.7048606112824988,0.7212658296922994,0.713063220487399,0.6056636772852044,-0.06810185185185186,-0.07023148148148145,0.4226006486748684,0.2181527033303852,0.18059780572044007,1.1773253824360026,0.01640521840980058,0.0021296296296295925,0.015739348043056874,0.37978028010025616,0.09803522954797803,0.11675830495502171,0.0,0.9999999987499999,0.6637310167426346,0.3153922814379674,0.2666627607921443,0.4134922545686436,neutral,01,04,04,female,normal,360
10,0.33366666666666667,True,1.0,0.6986167707363659,0.6717698711619405,0.6851933209491532,0.6246604391948637,-0.06847222222222232,-0.06976851851851862,0.4164668329663553,0.21988917881086853,0.18131060409212146,1.096905259171385,0.02684689957442532,0.0012962962962962954,0.025104705717692265,0.37046627764425627,0.09753166512808202,0.11603557503188143,0.0,0.9999999987499999,0.6610099661817852,0.3154362851639034,0.2665070052573794,0.41093919598491013,neutral,01,04,04,female,normal,360
20,0.6673333333333333,True,1.0,0.6624020484143129,0.648656031856463,0.6555290401353879,0.6328259829021821,-0.07194444444444448,-0.07337962962962968,0.3989571523642853,0.25010143497083465,0.18063835658170116,1.035875671743262,0.013746016557849905,0.001435185185185206,0.024973224081998372,0.3538413898829364,0.09673539548918161,0.1158810765302758,0.0,0.9999999987499999,0.6619902425266982,0.3147272384413174,0.26490249352841155,0.4113713256088683,neutral,01,04,04,female,normal,360
30,1.0010000000000001,True,1.0,0.49549256349054915,0.5236933733431969,0.509592968416873,0.984826052123509,-0.08518518518518514,-0.08509259259259255,0.4112642810721732,0.3922946233918204,0.18334831407780552,0.5174446465120156,0.028200809852647724,9.259259259258856e-05,0.017260553859083913,0.2542390778140268,0.10901680070056113,0.11433906950244918,0.0,0.9999999987499999,0.648186226451518,0.29181085000752494,0.30268753544361143,0.39674886086800526,neutral,01,04,04,female,normal,360
40,1.3346666666666667,True,1.0,0.5199388629935623,0.5388938004408124,0.5294163317171874,0.9975499547555564,-0.08625,-0.08824074074074073,0.3894739771759415,0.43061947588312227,0.18688558749401266,0.5307166114271618,0.018954937447250075,0.0019907407407407374,0.025819472030827843,0.23202449308032588,0.10834213641891194,0.11414704283575623,0.0,0.9999999987499999,0.6462755832098465,0.2933596858838573,0.298051401604599,0.39106935349243666,neutral,01,04,04,female,normal,360
50,1.6683333333333334,True,1.0,0.4525331336176654,0.48482065758386866,0.46867689560076703,0.6456566295032341,-0.0868518518518519,-0.0881481481481482,0.40297020814462553,0.2784424560699774,0.1890503835011424,0.725891866023842,0.03228752396620327,0.0012962962962962954,0.027128111330382988,0.37646420204920117,0.09618866858178081,0.11682556448536703,0.0,0.9999999987499999,0.6645655402942428,0.3144026716559887,0.2654572019465342,0.4099710689734382,neutral,01,04,04,female,normal,360
60,2.0020000000000002,True,1.0,0.25433736734379436,0.29757706726547645,0.2759572173046354,0.8290829549742249,-0.09009259259259272,-0.09060185185185188,0.39290215447417576,0.3537822797620071,0.1890055825791123,0.33284632816171517,0.043239699921682084,0.0005092592592591538,0.024933019543640154,0.28110472549695525,0.09673582615687709,0.1170259296421649,0.0,0.9999999987499999,0.6681436161730318,0.3144149361739119,0.26664733526311263,0.407791605375912,neutral,01,04,04,female,normal,360
70,2.3356666666666666,True,1.0,0.6327054601693922,0.6478548276255568,0.6402801438974746,0.527660709134915,-0.07597222222222227,-0.07851851851851849,0.43274392961147645,0.18892603480734335,0.18698557924659687,1.2134315343418234,0.015149367456164575,0.0025462962962962132,0.04730010780356795,0.4488809639996866,0.09600047951947885,0.11632697289463141,0.0,0.9999999987499999,0.6665286747667817,0.31388078191440116,0.27301056310540417,0.4196931732695671,neutral,01,04,04,female,normal,360
80,2.6693333333333333,True,1.0,0.6274113236051752,0.6369439502460204,0.6321776369255978,0.5276607091349158,-0.07374999999999993,-0.0766666666666666,0.4351566470538098,0.1889260348073443,0.18622954539869055,1.1980760097943135,0.009532626640845199,0.0029166666666666785,0.044193329783176784,0.45250903105625606,0.0967236457338651,0.1163830264127885,0.0,0.9999999987499999,0.6681567095744548,0.31327380479928013,0.2732474728049884,0.42131453476917924,neutral,01,04,04,female,normal,360
90,3.003,True,1.0,0.6382590104468702,0.6520518656216412,0.6451554380342557,0.5293707510813592,-0.07365740740740728,-0.07587962962962963,0.4337938773211938,0.18256140406256874,0.18414755196368418,1.2187213530713212,0.013792855174771024,0.0022222222222223476,0.04108157165417951,0.4378403119332276,0.09701971935584307,0.11564313509516873,0.0,0.9999999987499999,0.6656162319380878,0.31502257778882303,0.2716065088826998,0.42150836906430966,neutral,01,04,04,female,normal,360
0,0.0,True,1.0,0.652356269151978,0.6523568002614817,0.6523565347067298,0.582875360517818,-0.0673611111111111,-0.06717592592592592,0.4196028779953397,0.22746355532402607,0.17222620914999,1.1192041710721583,5.311095037097147e-07,0.00018518518518517713,0.0009291042349853982,0.39786585365853605,0.09810257994267131,0.11588257884480668,0.0,0.9999999987499999,0.6666316800079406,0.3142136840023219,0.2668185066812057,0.4167952408194303,neutral,01,04,04,female,normal,361
10,0.33366666666666667,True,1.0,0.6833995490457132,0.6958201950044254,0.6896098720250693,0.6071005105283152,-0.06680555555555551,-0.06624999999999998,0.4141339950786699,0.23125564588979147,0.17153178084657758,1.1359072510496693,0.012420645958712173,0.0005555555555555314,0.0001423219955863557,0.3883580290822054,0.09854429217728303,0.11649263682974567,0.0,0.9999999987499999,0.6642854278117498,0.31459585168786264,0.26802570663979863,0.413958127464914,neutral,01,04,04,female,normal,361
20,0.6673333333333333,True,1.0,0.5013402474620515,0.5200929672070284,0.5107166073345399,0.7659543261009226,-0.0778240740740741,-0.07560185185185186,0.4141549926208707,0.2673614157144722,0.17638932142096184,0.6667716206191224,0.01875271974497683,0.0022222222222222365,0.00381446118482156,0.30778301886792453,0.09598812102478223,0.11747793386646947,0.0,0.9999999987499999,0.6664296410361018,0.31437181800426234,0.26487685708875136,0.4071190450343889,neutral,01,04,04,female,normal,361
30,1.0010000000000001,True,1.0,0.6216657248917636,0.6382590104468707,0.6299623676693171,0.9375484621446286,-0.08180555555555558,-0.07921296296296293,0.4226023162410327,0.36381195497481095,0.179888256746024,0.671925125052509,0.016593285555107085,0.0025925925925926463,0.015371809138988952,0.2686472488114515,0.10785234486423866,0.11377573503057427,0.0,0.9999999987499999,0.6468707340279862,0.2916205455236039,0.3052871493637932,0.4033019655200542,neutral,01,04,04,female,normal,361
40,1.3346666666666667,True,1.0,0.5333648902768591,0.5457039862775357,0.5395344382771974,1.0258657749223197,-0.08731481481481479,-0.08407407407407402,0.37470877650117357,0.5126258588839788,0.1786606430210747,0.5259308298086578,0.01233909600067662,0.0032407407407407662,0.029437850803146797,0.23553002905440468,0.10829668746662917,0.11502135946544564,0.0,0.9999999987499999,0.6466517708098865,0.28978979299017366,0.2988213487415448,0.3920923873012805,neutral,01,04,04,female,normal,361
50,1.6683333333333334,True,1.0,0.644333065871999,0.6350636805189289,0.639698373195464,0.642453923776863,-0.08231481481481484,-0.07856481481481481,0.3935850615418505,0.29112129144275256,0.18143553609964508,0.9957108977322457,0.009269385353070092,0.003750000000000031,0.0349383168258736,0.3430177897371577,0.10801490958847035,0.11429016261712785,0.0,0.9999999987499999,0.6461427126319278,0.2888177341623861,0.2942310807992364,0.394237083083302,neutral,01,04,04,female,normal,361
60,2.0020000000000002,True,1.0,0.33033774037980446,0.3571283040593148,0.3437330222195596,0.8394189750165538,-0.09291666666666665,-0.0875925925925925,0.3880247482582038,0.3371135286073418,0.1841773797792302,0.4094892210564825,0.026790563679510326,0.005324074074074148,0.03833262034352206,0.27632030537478025,0.10747289633265567,0.11430103532142978,0.0,0.9999999987499999,0.6442857942630177,0.29007879380116347,0.2926187876518739,0.38761348003013807,neutral,01,04,04,female,normal,361
70,2.3356666666666666,True,1.0,0.5841378172610956,0.617935485401801,0.6010366513314482,0.6351711445055577,-0.07499999999999996,-0.07245370370370374,0.42667395140607306,0.23466699290904924,0.18135772660683638,0.9462593767532039,0.033797668140705395,0.0025462962962962132,0.04097369569777208,0.36045891564234683,0.10847153647691694,0.11301711375307556,0.0,0.9999999987499999,0.6416901967271285,0.2901583002272067,0.2959681230146209,0.39638572480368306,neutral,01,04,04,female,normal,361
80,2.6693333333333333,True,1.0,0.5756981007114758,0.6165156120195836,0.5961068563655296,0.5965715114994152,-0.0759259259259259,-0.07287037037037031,0.4235991129166784,0.22180935803902208,0.1779017598901022,0.9992211241654538,0.040817511308107846,0.003055555555555589,0.04356599209025763,0.3819071416239168,0.10858252776336463,0.11391839437257181,0.0,0.9999999987499999,0.6443640999837436,0.287824546980306,0.2938568337815226,0.3974316269933883,neutral,01,04,04,female,normal,361
90,3.003,True,1.0,0.5923026907243886,0.6388348503649007,0.6155687705446447,0.601063453564654,-0.07578703703703699,-0.07226851851851845,0.41979264610835354,0.22317464840646342,0.1772387970308986,1.0241327548596837,0.04653215964051216,0.003518518518518532,0.05470469361734016,0.38976630607430207,0.11127068540326415,0.11248612410036199,0.0,0.9999999987499999,0.6392938374568577,0.2884749888353668,0.29780856376593734,0.3999620973761971,neutral,01,04,04,female,normal,361
100,3.336666666666667,True,1.0,0.5830970145385062,0.6429889916605116,0.6130430030995089,0.5793407693521408,-0.07671296296296293,-0.07194444444444442,0.4245852998825493,0.22020806750662253,0.1786790044856999,1.0581734197388806,0.059891977122005446,0.004768518518518505,0.06507633177036475,0.38604018635096676,0.11131694282323022,0.11277871998196883,0.0,0.9999999987499999,0.6380972069530939,0.2884324483381981,0.2989844583441295,0.40115907321077504,neutral,01,04,04,female,normal,361
0,0.0,True,1.0,0.6968929826695549,0.7401851796369688,0.7185390811532619,0.6274372376357841,-0.06365740740740738,-0.06328703703703698,0.3980306857154242,0.24647109690033775,0.17222620914999012,1.145196743280259,0.04329219696741393,0.00037037037037040976,0.002709326077881327,0.34818306055646037,0.09653516240485376,0.11555436475868403,0.0,0.9999999987499999,0.6631894589007478,0.3152366338680192,0.2627513733119293,0.40952223866792986,neutral,01,04,04,female,normal,362
10,0.33366666666666667,True,1.0,0.681437716637244,0.7123498556472279,0.696893786142236,0.6475957840788681,-0.06407407407407406,-0.06351851851851847,0.39482096617427614,0.2710634157014695,0.17500043596485879,1.0761246494732648,0.030912139009983908,0.0005555555555555869,0.000792471793876633,0.353932188242925,0.09664438390804522,0.11579257208271186,0.0,0.9999999987499999,0.6652822429909464,0.31404995841368116,0.2641353880554697,0.4079511722676892,neutral,01,04,04,female,normal,362
20,0.6673333333333333,True,1.0,0.6817731156502681,0.692957248686203,0.6873651821682356,0.6122960665115769,-0.06314814814814806,-0.06287037037037041,0.40082348605567564,0.2389223219227302,0.1736128689147123,1.1226026423529856,0.011184133035934907,0.00027777777777765467,0.003188755681955601,0.3703919723911939,0.09734352885897872,0.11503995015777341,0.0,0.9999999987499999,0.6655926669886706,0.31400342750280774,0.2648066340808187,0.4094716165852189,neutral,01,04,04,female,normal,362
30,1.0010000000000001,True,1.0,0.5853207413824266,0.5982051863122284,0.5917629638473275,0.9999999999999988,-0.07185185185185183,-0.07027777777777772,0.37452236421655044,0.3968253968253966,0.178493167688791,0.5917629638473283,0.012884444929801786,0.0015740740740741166,0.0017871317238404125,0.23268489154939603,0.09586075247157408,0.11562116194052786,0.0,0.9999999987499999,0.6659190916132077,0.3144681364024789,0.2670466331006116,0.414730807009966,neutral,01,04,04,female,normal,362
40,1.3346666666666667,True,1.0,0.6504996733429929,0.6664450510855643,0.6584723622142785,0.8323000360203059,-0.08129629629629637,-0.07912037037037034,0.38779801226636235,0.34679168167512836,0.18759153039354048,0.7911478237617349,0.01594537774257143,0.0021759259259260255,0.009073612484168323,0.2836781708423869,0.09481178139105906,0.11615530623828074,0.0,0.9999999987499999,0.6668161753295068,0.31421257667073066,0.268382286398361,0.41301978024016534,neutral,01,04,04,female,normal,362
50,1.6683333333333334,True,1.0,0.6391951084141297,0.666330983530245,0.6527630459721874,0.6653866351346485,-0.0856944444444444,-0.08134259259259258,0.37491334499896667,0.25345789273112695,0.1918771224123703,0.9810281894827861,0.02713587511611526,0.004351851851851829,0.025470648061555797,0.3489960392581014,0.09638274729579518,0.1155167125211383,0.0,0.9999999987499999,0.6692879724780538,0.31366039986600924,0.2701524020616499,0.4126400670966649,neutral,01,04,04,female,normal,362
60,2.0020000000000002,True,1.0,0.6714028033000027,0.6862719668813321,0.6788373850906674,0.8228576691494198,-0.08124999999999993,-0.07842592592592601,0.37586715357908274,0.3243768340923001,0.19250423708691936,0.8249754611783289,0.014869163581329392,0.0028240740740739234,0.024995961107367685,0.27313806259717505,0.09625260403318998,0.11595425373887769,0.0,0.9999999987499999,0.667891667495123,0.313980270926078,0.2715515387610416,0.41593902042914793,neutral,01,04,04,female,normal,362
70,2.3356666666666666,True,1.0,0.6600257786422697,0.6985322560532867,0.6792790173477783,0.6161891157323892,-0.07856481481481487,-0.0763888888888889,0.3942022998517696,0.2629085960711464,0.184887356352364,1.1023872379511308,0.03850647741101698,0.00217592592592597,0.016337384142196685,0.3847750348290154,0.09607463349073188,0.11626573652645857,0.0,0.9999999987499999,0.6692405925182573,0.3135891653229751,0.267449554322931,0.4146420799558231,neutral,01,04,04,female,normal,362
80,2.6693333333333333,True,1.0,0.616014542726297,0.6080212965133341,0.6120179196198156,0.6197208293319056,-0.07472222222222225,-0.07212962962962965,0.3910243218467547,0.2644154676475303,0.18145361677040903,0.9875703553156439,0.007993246212962823,0.002592592592592591,0.020762496724177553,0.35989182933976627,0.09796207316335472,0.11600138142538229,0.0,0.9999999987499999,0.6684961000572103,0.31331132106202636,0.26530429903968544,0.4136191374985565,neutral,01,04,04,female,normal,362
90,3.003,True,1.0,0.6476344643059638,0.6703567937500416,0.6589956290280028,0.5901879348242183,-0.07305555555555548,-0.07018518518518513,0.4028770540398483,0.2432361652815943,0.1800853638813106,1.1165860739330062,0.022722329444077816,0.0028703703703703565,0.023685287479892715,0.4004729990990551,0.09756302901381697,0.11501961598223404,0.0,0.9999999987499999,0.666687127233706,0.3128674321597354,0.26623205857913723,0.41358608667495683,neutral,01,04,04,female,normal,362
0,0.0,True,1.0,0.6825396825396827,0.7148619216814239,0.6987008021105533,0.6650333031703703,-0.06949074074074074,-0.07078703703703704,0.3917428835503384,0.29463437823582067,0.17920115530761813,1.0506252826432632,0.03232223914174126,0.0012962962962962954,0.022455910793466673,0.3330536122520043,0.09574766596424827,0.11538506627850911,0.0,0.9999999987499999,0.6672379408169519,0.3132110119716323,0.26420151244164425,0.41380799338346785,neutral,01,04,04,female,normal,363
10,0.33366666666666667,True,1.0,0.3770031139810423,0.3935835744552868,0.3852933442181645,0.6457001982843215,-0.07861111111111113,-0.07967592592592604,0.39450386520599523,0.2700852063326545,0.1778052414767488,0.5967062504269328,0.016580460474244496,0.0010648148148149073,0.03226495085949829,0.3398546736215415,0.09743768786437051,0.11578587765419569,0.0,0.9999999987499999,0.667091844362745,0.3140198360583102,0.2616175365701285,0.40678315446909447,neutral,01,04,04,female,normal,363
20,0.6673333333333333,True,1.0,0.639493678461708,0.6443721562680926,0.6419329173649003,0.6505954070797351,-0.06995370370370374,-0.07027777777777783,0.3936239696131745,0.29463437823582067,0.17989546661676634,0.9866852891665541,0.004878477806384618,0.0003240740740740877,0.027142147935264333,0.3428128457735684,0.09725424800803564,0.1156108811050397,0.0,0.9999999987499999,0.6674835575792817,0.3137918303782165,0.2659425943179332,0.4168516685027478,neutral,01,04,04,female,normal,363
30,1.0010000000000001,True,1.0,0.36219240843128275,0.3859652219661388,0.3740788151987108,1.0860538088020857,-0.09407407407407409,-0.09189814814814817,0.3652675486260835,0.42942241273218473,0.19168617038730712,0.34443856479939855,0.023772813534856052,0.0021759259259259145,0.02040585329774135,0.21193294192668202,0.0950931640867088,0.11788073028345672,0.0,0.9999999987499999,0.6691488919083257,0.3139266662931075,0.2700835188222084,0.4116115327480687,neutral,01,04,04,female,normal,363
40,1.3346666666666667,True,1.0,0.3165066896979765,0.3621802849517681,0.3393434873248723,0.8854109810419674,-0.09143518518518517,-0.09226851851851847,0.3740879905430448,0.4036948007956171,0.1841210342932545,0.38326098793751895,0.04567359525379161,0.0008333333333332971,0.02572598259631798,0.28659588001866504,0.10685467835147973,0.11454702065332698,0.0,0.9999999987499999,0.6434854222392082,0.29470338912282174,0.2820415165903291,0.3761969967721985,neutral,01,04,04,female,normal,363
50,1.6683333333333334,True,1.0,0.5644782714166414,0.5886666208120475,0.5765724461143444,0.6981005646325237,-0.08199074074074075,-0.08333333333333331,0.3828589894649758,0.3022977662304228,0.18962357202320673,0.8259160289002904,0.02418834939540604,0.001342592592592562,0.022665587634070436,0.32553004027160565,0.0970907829596553,0.116240940690468,0.0,0.9999999987499999,0.667504759919593,0.31279108159092306,0.26802557636194335,0.4135996676741468,neutral,01,04,04,female,normal,363
60,2.0020000000000002,True,1.0,0.6985322560532858,0.7025473768200735,0.7005398164366796,0.908119841247421,-0.08027777777777778,-0.08189814814814816,0.3593085978803131,0.40433584025263863,0.18965133174141804,0.7714178070092564,0.004015120766787672,0.0016203703703703831,0.03220706406015691,0.25620690274240976,0.09542813844756565,0.1161426334001499,0.0,0.9999999987499999,0.6668092379998873,0.31331711280712826,0.2704018366280029,0.414920607929003,neutral,01,04,04,female,normal,363
70,2.3356666666666666,True,1.0,0.3099985232480135,0.3026756558266306,0.3063370895373221,0.7535378833048515,-0.09120370370370379,-0.09231481481481474,0.38136801417496,0.345807285343496,0.18966219313384594,0.4065317700999915,0.007322867421382939,0.0011111111111109517,0.02657197836394905,0.3104360880574249,0.0966351171478662,0.11547078820844764,0.0,0.9999999987499999,0.6692579015590611,0.31267218292530435,0.26579616758079744,0.40839526173148577,neutral,01,04,04,female,normal,363
80,2.6693333333333333,True,1.0,0.6622803805406191,0.6708890684674362,0.6665847245040277,0.7750317325364687,-0.07675925925925925,-0.07925925925925925,0.3863950425328089,0.3567754258578033,0.18627501398540364,0.860074106027216,0.008608687926817127,0.0025000000000000022,0.04246982157326872,0.2981489326691513,0.09665829028472267,0.11512087482173193,0.0,0.9999999987499999,0.6683303860528587,0.3128244296853764,0.26986045576077816,0.4200282898318515,neutral,01,04,04,female,normal,363
90,3.003,True,1.0,0.6654462858030552,0.6586778022094477,0.6620620440062515,0.7778557619690101,-0.07537037037037037,-0.07750000000000001,0.3762373109426833,0.3574519134800986,0.184887356352364,0.8511372883969562,0.006768483593607488,0.002129629629629648,0.043456601194819054,0.30409997860260185,0.09668207138905238,0.11559640918011937,0.0,0.9999999987499999,0.6670964497048819,0.31288587375136334,0.2687606686328156,0.41576648731725935,neutral,01,04,04,female,normal,363
0,0.0,True,1.0,0.5850099860146276,0.5801586386810688,0.5825843123478482,0.5559962055839567,-0.06337962962962962,-0.06754629629629633,0.41923409324486405,0.1347993377657583,0.17758068179283168,1.047820662257877,0.004851347333558853,0.004166666666666707,0.07272876965280475,0.42046517397705263,0.1094693407598426,0.1135708641692449,0.0,0.9999999987499999,0.6310809892159989,0.29066127757755134,0.2844625426489084,0.39206404357483926,calm,02,04,04,female,normal,364
10,0.33366666666666667,True,1.0,0.6157860181010774,0.5765895466714684,0.5961877823862729,0.5445341403501638,-0.06416666666666665,-0.0687962962962963,0.41799879161957215,0.14204416484568763,0.17704554867349084,1.0948584086993942,0.039196471429608915,0.00462962962962965,0.07556701825708516,0.430847010824741,0.10888772308170178,0.11412861830743262,0.0,0.9999999987499999,0.6298044640746924,0.2916760476135947,0.28008964363486644,0.3893353508871212,calm,02,04,04,female,normal,364
20,0.6673333333333333,True,1.0,0.5839216517122082,0.577653655838202,0.5807876537752051,0.7553232177444765,-0.06925925925925919,-0.07324074074074077,0.41939536027666924,0.23485668753297198,0.17722429370632797,0.7689259910605366,0.006267995874006171,0.003981481481481586,0.07893112636221963,0.3088202184790149,0.10732261572815534,0.11527153166543957,0.0,0.9999999987499999,0.6304003683035715,0.2934682553326818,0.2839205688617762,0.3912094534687284,calm,02,04,04,female,normal,364
30,1.0010000000000001,True,1.0,0.48816760254657005,0.46015219431044874,0.47415989842850936,0.978702284688162,-0.0817592592592592,-0.08550925925925928,0.4386407670448004,0.3498349834983485,0.17716775714279093,0.4844781767108964,0.02801540823612131,0.0037500000000000866,0.04353644187810232,0.2561293759427695,0.10648909833286077,0.11636988308994024,0.0,0.9999999987499999,0.6380662293042215,0.295123117137742,0.29858260498081873,0.4058534469886549,calm,02,04,04,female,normal,364
40,1.3346666666666667,True,1.0,0.4210240546383176,0.43114832445312296,0.4260861895457203,0.8427657765202228,-0.08407407407407397,-0.08462962962962967,0.41276220828428994,0.35710414259331447,0.1701393373098541,0.5055807929280527,0.010124269814805353,0.0005555555555556979,0.020219564436634863,0.27700207793051357,0.10608947997345967,0.1164074400468169,0.0,0.9999999987499999,0.6423901413377852,0.2873013972825444,0.3079773755642051,0.41010886175720096,calm,02,04,04,female,normal,364
50,1.6683333333333334,True,1.0,0.4031476129563345,0.46714107888579925,0.4351443459210669,0.9460791298918348,-0.08055555555555549,-0.07902777777777775,0.4262622436262613,0.3698977214370536,0.1632411880825221,0.45994497941289214,0.06399346592946475,0.001527777777777739,0.05537735826528159,0.26701145184493463,0.10646138166125951,0.11688525917245053,0.0,0.9999999987499999,0.6299542537405587,0.292346051713597,0.30745394762994704,0.40340392474673914,calm,02,04,04,female,normal,364
60,2.0020000000000002,True,1.0,0.5034902876986548,0.534610913011688,0.5190506003551714,0.8679328636248345,-0.08490740740740738,-0.07962962962962966,0.4198644225552205,0.357838109698261,0.18586422057692653,0.5980308179453059,0.031120625313033168,0.005277777777777715,0.05885897510874822,0.28765298443183684,0.10927976550062721,0.11458765354320628,0.0,0.9999999987499999,0.6374489829447404,0.2899257860758516,0.3107932881495364,0.4004915711126284,calm,02,04,04,female,normal,364
70,2.3356666666666666,True,1.0,0.43386411802063707,0.44773013341525847,0.44079712571794777,0.7198968282278854,-0.08449074074074076,-0.07837962962962963,0.4088273110138347,0.21846023504032305,0.1872497898511781,0.6123059700138201,0.0138660153946214,0.006111111111111123,0.0661034785749585,0.3288290495947161,0.09629930900012705,0.11819412462186013,0.0,0.9999999987499999,0.6590468407753728,0.3142951996107734,0.2687641835220582,0.4169913494219953,calm,02,04,04,female,normal,364
80,2.6693333333333333,True,1.0,0.1811738716756487,0.20900101059209036,0.19508744113386953,0.8002992431208741,-0.08004629629629628,-0.07430555555555562,0.4900278530463367,0.17929543191090935,0.17204118736786617,0.24376811900146242,0.027827138916441674,0.005740740740740657,0.07228167429073779,0.30968561246776377,0.09891438599227582,0.11796863830290094,0.0,0.9999999987499999,0.6578700378041841,0.3142170791388927,0.2831991203624025,0.4368361596803565,calm,02,04,04,female,normal,364
90,3.003,True,1.0,0.4172992759099666,0.44122414712635816,0.4292617115181624,0.7496800230576733,-0.06592592592592589,-0.05805555555555558,0.5065584950588862,0.09470566087049251,0.17216885741458945,0.5725932375353412,0.02392487121639153,0.007870370370370305,0.06922123956819362,0.3313822428333827,0.10893128746708991,0.11491898060464557,0.0,0.9999999987499999,0.6344598118700606,0.2876857657654073,0.3117766360952927,0.42196831690489855,calm,02,04,04,female,normal,364
100,3.336666666666667,True,1.0,0.194904062023677,0.22343518600376525,0.20916962401372113,0.7507902974072516,-0.07546296296296306,-0.06805555555555554,0.49488979039003245,0.11316580445697295,0.17264741755975124,0.2785992636506611,0.028531123980088252,0.007407407407407529,0.07366513953169099,0.3440090231704971,0.10812193015692126,0.11551598055676467,0.0,0.9999999987499999,0.6311451845738296,0.2880305685494223,0.30930995149499896,0.4137030249459262,calm,02,04,04,female,normal,364
110,3.6703333333333332,True,1.0,0.48005706524635583,0.5387454002212921,0.509401232733824,0.7854693908979047,-0.06398148148148153,-0.05842592592592594,0.4892571619344512,0.1306083337332231,0.17439132410786198,0.6485309785929468,0.05868833497493631,0.005555555555555591,0.04893121770004829,0.32356206407986854,0.10302369902997247,0.11389671187543532,0.0,0.9999999987499999,0.648444267996261,0.2904991465607243,0.2782597425692176,0.39310197912749945,calm,02,04,04,female,normal,364
0,0.0,True,1.0,0.5614045753966244,0.5747544416554202,0.5680795085260223,0.6536026849553908,-0.06791666666666663,-0.06953703703703706,0.4311706660416424,0.23822722347863767,0.17014606348251404,0.869151124378864,0.013349866258795862,0.0016203703703704386,0.019079098341606923,0.36377823026124106,0.10794701693286486,0.1151843011740784,0.0,0.9999999987499999,0.6415345332742471,0.2891706944596369,0.285674323653896,0.39109143938553875,calm,02,04,04,female,normal,365
10,0.33366666666666667,True,1.0,0.6019624952364283,0.6041267793863738,0.6030446373114011,0.6351519303821735,-0.06972222222222224,-0.0702314814814814,0.43214529992786704,0.23642502102959106,0.1729276967647946,0.9494494284990155,0.0021642841499455168,0.0005092592592591538,0.024465626032903913,0.3595694272118115,0.10945527095849882,0.1132484592330349,0.0,0.9999999987499999,0.6398829909307474,0.2913783213562944,0.2888487215759847,0.3938439937987334,calm,02,04,04,female,normal,365
20,0.6673333333333333,True,1.0,0.584794917822923,0.5675469102630012,0.5761709140429621,0.9422764216065542,-0.07481481481481483,-0.07555555555555554,0.44158203449930006,0.3073141815327912,0.1778125358087713,0.6114669759650859,0.01724800755992184,0.0007407407407407085,0.026254115230172497,0.2668699554444772,0.10699465389833508,0.11574073545610669,0.0,0.9999999987499999,0.6417128858652836,0.2924930406681346,0.2980134931453021,0.4063577753402788,calm,02,04,04,female,normal,365
30,1.0010000000000001,True,1.0,0.5603144652988071,0.5612604087900448,0.5607874370444259,0.9352026153525221,-0.08638888888888896,-0.08625,0.4747834838970281,0.27931642541668583,0.1847370903386176,0.5996427168170809,0.0009459434912376663,0.0001388888888889661,0.00926902747794829,0.26327938594537803,0.10541128910568004,0.11636887125786768,0.0,0.9999999987499999,0.6398534032753727,0.2931223741819185,0.31321468686385406,0.4165536782488591,calm,02,04,04,female,normal,365
40,1.3346666666666667,True,1.0,0.46735811550990536,0.47109897543197815,0.4692285454709417,0.8017704453821962,-0.07731481481481478,-0.07504629629629628,0.4448875784730223,0.277850397056918,0.17945429462263346,0.5852405113876017,0.0037408599220727923,0.002268518518518503,0.029186920641312297,0.30092985984646214,0.10826533012673004,0.11438657330380315,0.0,0.9999999987499999,0.6451074839467037,0.287362260301187,0.30641530503575526,0.4143804769342559,calm,02,04,04,female,normal,365
50,1.6683333333333334,True,1.0,0.4880310272834029,0.5433535594976286,0.5156922933905158,0.9866969172591152,-0.07499999999999996,-0.07013888888888886,0.45085552088906683,0.32868537050485197,0.16741626159698852,0.5226450841896069,0.05532253221422573,0.004861111111111094,0.05262666799097724,0.24091217707312515,0.10628955886174521,0.1168786350303511,0.0,0.9999999987499999,0.6335786572597789,0.290294484858764,0.30256578436691395,0.4198184587735181,calm,02,04,04,female,normal,365
60,2.0020000000000002,True,1.0,0.4915482917363116,0.5027648060585862,0.49715654889744887,0.8878563536417108,-0.07037037037037036,-0.06527777777777771,0.4329474249226235,0.330870166460318,0.1719826402558779,0.5599515584455382,0.011216514322274607,0.0050925925925926485,0.05212870299649214,0.27486177886868424,0.10795382838744254,0.11468060339906733,0.0,0.9999999987499999,0.6448284437915791,0.28766355379041725,0.30431139794560524,0.40812684300155944,calm,02,04,04,female,normal,365
70,2.3356666666666666,True,1.0,0.4607906187249827,0.49856405419587974,0.4796773364604312,0.682865898772615,-0.07907407407407413,-0.07305555555555548,0.4047661891173904,0.24125271607098545,0.18168052317185795,0.7024473433548293,0.03777343547089701,0.006018518518518645,0.06256221083490118,0.36041425854647635,0.10926933544490472,0.11393065449447762,0.0,0.9999999987499999,0.6404813696806847,0.28833487725300555,0.30026076695473486,0.39940664669898385,calm,02,04,04,female,normal,365
80,2.6693333333333333,True,1.0,0.4102338770378793,0.42393403155321163,0.41708395429554546,0.8166815968451099,-0.07416666666666666,-0.06847222222222221,0.46489859482477564,0.22851202677612614,0.169302931652159,0.5107057094304143,0.013700154515332352,0.005694444444444446,0.0546804298105137,0.3112872543402715,0.10790858140135899,0.11604412738193118,0.0,0.9999999987499999,0.6385811077946804,0.28923436285371623,0.3049179495513481,0.4114889709957878,calm,02,04,04,female,normal,365
90,3.003,True,1.0,0.48792460498696816,0.5047338588112801,0.49632923189912415,0.7551094085361196,-0.06708333333333327,-0.0618981481481482,0.4830023262856211,0.17642766933627754,0.16515021579497474,0.6572944612904832,0.01680925382431192,0.0051851851851850705,0.05483995629290717,0.3289753922735277,0.10936436881138069,0.11517051756849492,0.0,0.9999999987499999,0.6373154020670768,0.2893054163590207,0.31017986570955464,0.41586934036728956,calm,02,04,04,female,normal,365
100,3.336666666666667,True,1.0,0.41023387703787945,0.4466472997019025,0.42844058836989096,0.7614823260072948,-0.07111111111111107,-0.06537037037037041,0.48617940332981524,0.17530707821035596,0.16373398638979433,0.5626402264860795,0.03641342266402303,0.005740740740740657,0.05808878418573649,0.3158821890021328,0.10980835209224267,0.1149131978552829,0.0,0.9999999987499999,0.633988290073842,0.2905192007703248,0.3119554647736708,0.4160311637083867,calm,02,04,04,female,normal,365
110,3.6703333333333332,True,1.0,0.5100152124653907,0.5247943834685254,0.517404797966958,0.7837457067488508,-0.0665277777777778,-0.06041666666666673,0.4738470535253788,0.1984757646228127,0.1658105407648229,0.6601692277374848,0.014779171003134639,0.006111111111111067,0.06224504944937858,0.32069269303878833,0.1091574172034035,0.11520142188626403,0.0,0.9999999987499999,0.6350483629701881,0.2910195616722869,0.3095454176864927,0.4162786537179797,calm,02,04,04,female,normal,365
0,0.0,True,1.0,0.5870058664433107,0.6189934541565525,0.6029996602999316,0.6642855110682868,-0.07009259259259254,-0.07037037037037036,0.4074134153333685,0.28157824127395603,0.16459075009659904,0.9077417018025925,0.03198758771324184,0.0002777777777778212,0.008102009378790258,0.36682040171803587,0.10889725697592137,0.11461926984718637,0.0,0.9999999987499999,0.6433270806134955,0.28927753805305995,0.2846030351333935,0.3895011555326271,calm,02,04,04,female,normal,366
10,0.33366666666666667,True,1.0,0.5612756663041669,0.5863924434144147,0.5738340548592908,0.6732609288074283,-0.07171296296296287,-0.0728240740740741,0.4117596857016279,0.2936353338804293,0.16389633707769244,0.8523204456194184,0.025116777110247734,0.0011111111111112293,0.012518912759430604,0.34770111211788884,0.11134637893673822,0.11308710462662801,0.0,0.9999999987499999,0.6457730674066502,0.28796997420295467,0.28960445588967476,0.3925632230337137,calm,02,04,04,female,normal,366
20,0.6673333333333333,True,1.0,0.5656535185663728,0.5647700331105843,0.5652117758384785,0.6983163303835299,-0.07157407407407407,-0.07143518518518527,0.40555109911810877,0.30549241876321404,0.16528931763555116,0.8093921783671483,0.0008834854557885352,0.00013888888888879958,0.012160418631799143,0.32810247176458507,0.1100711193602783,0.11432872787601939,0.0,0.9999999987499999,0.6468479308520283,0.28747029827720244,0.28733268941416523,0.3903806849490742,calm,02,04,04,female,normal,366
30,1.0010000000000001,True,1.0,0.5334836932594207,0.5229134875411099,0.5281985904002653,0.9470761383413868,-0.08273148148148152,-0.08143518518518517,0.4010225332932616,0.42982686278570587,0.17299121643779125,0.5577150231292901,0.010570205718310799,0.001296296296296351,0.004898882707855203,0.2509615384615383,0.10877347689651766,0.11589326103645332,0.0,0.9999999987499999,0.6487016485578606,0.2862779904304636,0.29716070299421776,0.3987101226830676,calm,02,04,04,female,normal,366
40,1.3346666666666667,True,1.0,0.5458256650883172,0.5498199215864625,0.5478227933373898,0.9101164572800365,-0.08805555555555555,-0.08648148148148144,0.42021080475714945,0.3927766595324933,0.1732146732386538,0.6019260380969339,0.003994256498145332,0.0015740740740741166,0.027090049980943453,0.2488652464438165,0.093502879228773,0.11704886452297264,0.0,0.9999999987499999,0.6879551441826731,0.3118291243045757,0.28423140959347953,0.4280538787813836,calm,02,04,04,female,normal,366
50,1.6683333333333334,True,1.0,0.3078156104624782,0.324089186498683,0.3159523984805806,0.9420439223761901,-0.08847222222222223,-0.08412037037037035,0.4429446107715397,0.32031232671595805,0.1711585941460241,0.33539030503336775,0.01627357603620483,0.0043518518518518845,0.0371637628388838,0.24555831785322363,0.10670646091571712,0.11698772880357311,0.0,0.9999999987499999,0.6379342783675971,0.291096553038722,0.2978259639711305,0.40154653504482907,calm,02,04,04,female,normal,366
60,2.0020000000000002,True,1.0,0.5294291898271215,0.5564568711155322,0.5429430304713269,0.7931345303697532,-0.08032407407407405,-0.07476851851851846,0.436894196620863,0.2903570033982468,0.1782731888792239,0.6845535147968037,0.02702768128841071,0.005555555555555591,0.05119176177918485,0.2977027275226862,0.10772621862083279,0.11555581971930784,0.0,0.9999999987499999,0.6433533593046594,0.28841705420413843,0.3013753275688081,0.4037064967978631,calm,02,04,04,female,normal,366
70,2.3356666666666666,True,1.0,0.5320992629827752,0.5696557501892789,0.5508775065860271,0.7953031857044042,-0.08101851851851849,-0.07425925925925925,0.38863687382390877,0.3296620121510785,0.18113310427484242,0.6926635231545213,0.03755648720650373,0.006759259259259243,0.05413598899809849,0.2959122902841731,0.10853136395047891,0.11496578898148188,0.0,0.9999999987499999,0.6394730604663741,0.28956830904799374,0.2996382461073029,0.39540990514538604,calm,02,04,04,female,normal,366
80,2.6693333333333333,True,1.0,0.5409611969575326,0.552904441370481,0.5469328191640068,0.8422653041893584,-0.07847222222222222,-0.07296296296296295,0.4604652830633964,0.27608836691124067,0.17427823754810923,0.6493593128478734,0.011943244412948362,0.005509259259259269,0.05467891043717458,0.29066433115926743,0.10739977677530477,0.11667858987772778,0.0,0.9999999987499999,0.6430180921118447,0.2902606923604615,0.31061783528644643,0.41757980077594176,calm,02,04,04,female,normal,366
90,3.003,True,1.0,0.519045230300001,0.5468710855324352,0.5329581579162181,0.7551094085361187,-0.07578703703703699,-0.07143518518518516,0.4882251296880079,0.18818951395869388,0.17144363680242963,0.7058025656830701,0.027825855232434193,0.004351851851851829,0.05350801666049752,0.3122136915513377,0.10846142636301773,0.11552757433144024,0.0,0.9999999987499999,0.63855392846201,0.2896316437582215,0.30865145034999425,0.4107061708630202,calm,02,04,04,female,normal,366
100,3.336666666666667,True,1.0,0.5157819008184306,0.5260456634748643,0.5209137821466474,0.7743935733567427,-0.07814814814814819,-0.07337962962962968,0.47295746796147803,0.21726180002944873,0.17598774736527675,0.672673173007695,0.010263762656433695,0.004768518518518505,0.06559325549038163,0.3040635437328704,0.11026504757630222,0.11464135580499198,0.0,0.9999999987499999,0.6369153950486445,0.2900080038826909,0.31062212472644357,0.4131504578302705,calm,02,04,04,female,normal,366
0,0.0,True,1.0,0.6949494949494951,0.6906784644203529,0.692813979684924,0.5863642992831164,-0.0660648148148148,-0.06717592592592597,0.41750410115138475,0.2359536713939548,0.17013888888888895,1.1815418853636757,0.004271030529142239,0.0011111111111111738,0.021383959898103627,0.3985752371402391,0.10765560346549986,0.11479476013418013,0.0,0.9999999987499999,0.6440766134656989,0.2914507822259173,0.28985309182042757,0.4083990229487453,calm,02,04,04,female,normal,367
10,0.33366666666666667,True,1.0,0.7140351633949852,0.6871591529412607,0.700597158168123,0.5738720363193855,-0.06638888888888878,-0.06759259259259259,0.42890273953825664,0.20295474455197815,0.17291666666666672,1.2208247027708616,0.026876010453724453,0.0012037037037038179,0.009726996305513548,0.37042682926829296,0.10869484166401087,0.11330792322215243,0.0,0.9999999987499999,0.6433715598505028,0.2901365431308703,0.29388292191332427,0.4026541276008236,calm,02,04,04,female,normal,367
20,0.6673333333333333,True,1.0,0.7795456921569054,0.7699233529230151,0.7747345225399602,0.5510941362807812,-0.06634259259259262,-0.06699074074074068,0.43649619458982003,0.19286387884825257,0.17639278163936423,1.4058115874149582,0.009622339233890331,0.0006481481481480644,0.02018601733189701,0.39371107297309005,0.10957061494885001,0.11397574275629982,0.0,0.9999999987499999,0.6420592548269308,0.29061005201443846,0.30080210676296437,0.4119849720059452,calm,02,04,04,female,normal,367
30,1.0010000000000001,True,1.0,0.7461321797507839,0.7158789124390199,0.7310055460949019,0.908245066944649,-0.07523148148148151,-0.07513888888888887,0.4199174946188673,0.333380367874542,0.18611111111111106,0.8048549589749122,0.03025326731176403,9.259259259264407e-05,0.014514680282321713,0.24650360955633935,0.10424447373604735,0.11822378568657008,0.0,0.9999999987499999,0.6417042550301371,0.2942946207216746,0.3102687580874028,0.40399832402739666,calm,02,04,04,female,normal,367
40,1.3346666666666667,True,1.0,0.6741183078815622,0.6712382505557318,0.672678279218647,0.8402923867252099,-0.05291666666666667,-0.054259259259259285,0.43718674810093755,0.2845683204854429,0.15624999999999994,0.8005288276384496,0.0028800573258304096,0.0013425925925926174,0.005753226332689328,0.28166573662262456,0.10523277791674877,0.1178310150224345,0.0,0.9999999987499999,0.6357021942683323,0.2945906843376085,0.32419589935793197,0.4186068794628043,calm,02,04,04,female,normal,367
50,1.6683333333333334,True,1.0,0.6571373961198665,0.6579942380954288,0.6575658171076477,0.9086839537959485,-0.07490740740740742,-0.07625000000000004,0.4498415987376301,0.29627060848181214,0.18475567380152816,0.7236463396989938,0.0008568419755622392,0.0013425925925926174,0.001763904770555132,0.2612371113023643,0.1063313772346397,0.11765306456861804,0.0,0.9999999987499999,0.64102024947479,0.29415800080115706,0.32519918345281806,0.4208477192962257,calm,02,04,04,female,normal,367
60,2.0020000000000002,True,1.0,0.4368319051646237,0.44919841574705643,0.4430151604558401,0.836613496796581,-0.07421296296296298,-0.07328703703703704,0.44082747140718315,0.31030554041821723,0.16820258092445825,0.5295338434679322,0.01236651058243271,0.0009259259259259411,0.022605195918663838,0.29427877801043095,0.10306232332535163,0.11989306530178387,0.0,0.9999999987499999,0.6448972039049995,0.290131709298416,0.29583655943712484,0.392200577356741,calm,02,04,04,female,normal,367
70,2.3356666666666666,True,1.0,0.6022439426045377,0.6143717360368024,0.60830783932067,0.7953371200413558,-0.08199074074074075,-0.07921296296296304,0.4211832471122731,0.2718772814490467,0.18927664755212048,0.7648427616317459,0.012127793432264666,0.0027777777777777124,0.04172617038538207,0.310173927286835,0.10568266015492338,0.1180748778624087,0.0,0.9999999987499999,0.6436200670346264,0.29093366310718166,0.30517244050381936,0.39585751090030213,calm,02,04,04,female,normal,367
80,2.6693333333333333,True,1.0,0.5063066311090905,0.5401812449937184,0.5232439380514045,0.7791759236740894,-0.07634259259259257,-0.07277777777777777,0.478441805406433,0.18216960292258602,0.18176491043657356,0.6715350438244096,0.03387461388462798,0.0035648148148147984,0.0454828468669896,0.32510597678808384,0.10926073508352775,0.11559893142500977,0.0,0.9999999987499999,0.6428296366046419,0.29098650810903887,0.31133073728562133,0.41465797235961094,calm,02,04,04,female,normal,367
90,3.003,True,1.0,0.5207470030475799,0.5640227776479284,0.5423848903477542,0.7703933750530818,-0.07689814814814816,-0.07157407407407407,0.47045526731921655,0.17674304035277377,0.18053852750901522,0.7040362857616509,0.04327577460034848,0.005324074074074092,0.06261629848668365,0.33059971878670913,0.105747470676532,0.11424352538186008,0.0,0.9999999987499999,0.6428961375565851,0.2911903097252791,0.3033208646521533,0.4062975752679996,calm,02,04,04,female,normal,367
100,3.336666666666667,True,1.0,0.4947242354507343,0.5366597534165439,0.5156919944336391,0.7618139989857622,-0.0766666666666666,-0.07092592592592589,0.4681246341991392,0.18982175650938451,0.17929792040396966,0.6769263824505765,0.04193551796580963,0.005740740740740713,0.06834060124038058,0.3104700821726475,0.0948492902485112,0.11447227490704487,0.0,0.9999999987499999,0.6778770265528087,0.3138155710771432,0.2883008228352862,0.4332624800242695,calm,02,04,04,female,normal,367
0,0.0,True,1.0,0.5953293803635535,0.613533069173665,0.6044312247686092,0.6733050712767954,-0.07148148148148148,-0.07314814814814813,0.39369239763826064,0.35898387307698937,0.16192621871902638,0.8977078156004678,0.018203688810111474,0.0016666666666666496,0.02576360510170101,0.3505952139333531,0.10775532885230898,0.11470115524928472,0.0,0.9999999987499999,0.6472393644957984,0.288043758767382,0.28536913179377305,0.3957780202187632,calm,02,04,04,female,strong,368
10,0.33366666666666667,True,1.0,0.47590090888996806,0.5089651768719391,0.4924330428809536,0.684924436881545,-0.0805555555555556,-0.07722222222222225,0.39419323921611155,0.3571116652359868,0.16049702270746352,0.7189596638178029,0.03306426798197104,0.003333333333333355,0.02878971086622763,0.33278965048202014,0.10924800157773716,0.1137837945667123,0.0,0.9999999987499999,0.643608668615884,0.28701136609972155,0.28736960666716266,0.39259640315491956,calm,02,04,04,female,strong,368
20,0.6673333333333333,True,1.0,0.5736802201650965,0.5809125823214925,0.5772964012432944,0.7984183090565801,-0.0788888888888889,-0.07273148148148145,0.3967069538992322,0.3981900452488683,0.1581650641039736,0.7230500537061008,0.0072323621563959994,0.006157407407407445,0.06358700669291592,0.28997378817274355,0.11028262688039513,0.1129500947805598,0.0,0.9999999987499999,0.6439237975346388,0.28681038699366374,0.292622947225174,0.3972643342636967,calm,02,04,04,female,strong,368
30,1.0010000000000001,True,1.0,0.4875638342779416,0.49898511098192166,0.4932744726299316,0.9097696640458633,-0.0854166666666667,-0.0767592592592593,0.42155945868237826,0.3543055199832344,0.16573817706754712,0.5421970990286445,0.011421276703980077,0.008657407407407391,0.09837764103183193,0.26351388634861367,0.11102350639297634,0.11507184642058162,0.0,0.9999999987499999,0.6345908438375351,0.289651876619314,0.3083647296168654,0.41044802033377126,calm,02,04,04,female,strong,368
40,1.3346666666666667,True,1.0,0.43070184483319923,0.39249626727693676,0.41159905605506797,0.7405988742551762,-0.08342592592592596,-0.0775925925925926,0.41649589667061493,0.33507095257512115,0.16487015181357903,0.5557651656829955,0.03820557755626247,0.005833333333333357,0.10697886033532544,0.32419493492994306,0.10520769991837343,0.11490672074077564,0.0,0.9999999987499999,0.6440221324076505,0.2862489497094276,0.299800387247964,0.4115283313706639,calm,02,04,04,female,strong,368
50,1.6683333333333334,True,1.0,0.4943963940512183,0.46041723510610033,0.4774068145786593,1.2583484309084279,-0.08925925925925926,-0.08115740740740734,0.3879462141118229,0.5633488519252301,0.16618914542886587,0.3793915920680327,0.03397915894511799,0.008101851851851916,0.09011529669949521,0.19867311299424398,0.10941963144449086,0.11643448422782134,0.0,0.9999999987499999,0.6424212860612996,0.2880949899909263,0.30053196933520193,0.39770499388723274,calm,02,04,04,female,strong,368
60,2.0020000000000002,True,1.0,0.322633792285383,0.33520218253115447,0.3289179874082687,0.5972190656781144,-0.08763888888888888,-0.08287037037037043,0.4272725043150632,0.24323483079356556,0.16528690145547453,0.5507493084380982,0.012568390245771444,0.00476851851851845,0.11041465083367391,0.41015330335090056,0.10794810277135321,0.11551362129911104,0.0,0.9999999987499999,0.636993422462735,0.2864369571838547,0.304871173790071,0.40680721820653065,calm,02,04,04,female,strong,368
70,2.3356666666666666,True,1.0,0.4773186748366623,0.46807466303323614,0.4726966689349492,0.7939608494270358,-0.08504629629629629,-0.0762962962962963,0.405169018432324,0.34709943995130144,0.1670353689499674,0.5953652113653616,0.009244011803426155,0.00874999999999998,0.09463021993988571,0.30432472007761735,0.10989560985896366,0.11482975295577585,0.0,0.9999999987499999,0.6501735444021358,0.28468317176519664,0.302996380852276,0.41201540817800136,calm,02,04,04,female,strong,368
80,2.6693333333333333,True,1.0,0.4514825880724929,0.4599460831807871,0.45571433562664,0.8008132780899415,-0.08587962962962964,-0.0793518518518519,0.39562104707110674,0.3919929547512583,0.16572624788827267,0.5690644100127639,0.008463495108294194,0.0065277777777777435,0.07716494493482262,0.3093769689406304,0.09460208738052912,0.11795259045890051,0.0,0.9999999987499999,0.6921669369232069,0.3067713579820327,0.27965126134772034,0.4390784678156769,calm,02,04,04,female,strong,368
90,3.003,True,1.0,0.5229134875411108,0.5216062017770636,0.5222598446590871,0.8286985912064987,-0.07976851851851852,-0.07944444444444443,0.4412769459802636,0.3809183531290522,0.16199405225159344,0.6302168848854096,0.0013072857640471502,0.0003240740740740877,0.006670329073430874,0.29031063290731507,0.10862554884826184,0.11619600386744329,0.0,0.9999999987499999,0.650722667481055,0.2843714085859931,0.31010875827026885,0.44333795104404927,calm,02,04,04,female,strong,368
100,3.336666666666667,True,1.0,0.5357898703138205,0.5141687692224468,0.5249793197681336,0.7760621391059124,-0.07837962962962958,-0.08148148148148149,0.44392164983753957,0.34160557636175515,0.16530039514109193,0.6764655731987559,0.021621101091373718,0.003101851851851911,0.043255867454449086,0.30894219210552953,0.11042659632561828,0.11564478213254406,0.0,0.9999999987499999,0.641064421463898,0.2871195978063349,0.3093931991832942,0.4313629039201909,calm,02,04,04,female,strong,368
110,3.6703333333333332,True,1.0,0.5134167126179802,0.5221238459670303,0.5177702792925052,0.7582554818390692,-0.07666666666666655,-0.08398148148148149,0.4422307534348389,0.2821117861924367,0.16968246446591653,0.6828440963416547,0.008707133349050156,0.0073148148148149406,0.08086553664662018,0.32510918135489875,0.11171258997415383,0.11423634318600678,0.0,0.9999999987499999,0.6348669473726992,0.2904610317710859,0.3068515901242371,0.41909208131686254,calm,02,04,04,female,strong,368
0,0.0,True,1.0,0.46885726334899486,0.5009082488102782,0.4848827560796365,0.696174019949731,-0.06949074074074074,-0.06898148148148153,0.4717806967139098,0.1678191996906291,0.16389633707769238,0.6964964824666233,0.03205098546128332,0.0005092592592592093,0.005175166125819286,0.3219079820043687,0.10931969605448803,0.11669170006806864,0.0,0.9999999987499999,0.6395378915394283,0.29114840077252707,0.2952934528930747,0.39801329921607087,calm,02,04,04,female,strong,369
10,0.33366666666666667,True,1.0,0.5140057561431602,0.5519956446424168,0.5330007003927886,0.7217047879467733,-0.06907407407407412,-0.06444444444444447,0.48256759610947475,0.17403763426879215,0.15999712152599788,0.7385300877789078,0.03798988849925655,0.00462962962962965,0.05408448904373958,0.31069073030072764,0.11066877314670254,0.11408479250344532,0.0,0.9999999987499999,0.6375531742071829,0.28899786523811904,0.30581741336653456,0.4060728309355012,calm,02,04,04,female,strong,369
20,0.6673333333333333,True,1.0,0.5177384287937187,0.5179365038280171,0.5178374663108679,0.7292706257347333,-0.06958333333333333,-0.06328703703703698,0.4800877083636492,0.1785712308550227,0.15796572002870096,0.7100758594097376,0.00019807503429847273,0.006296296296296355,0.07561808749494606,0.2982306774981881,0.09433309679509849,0.11456591350145767,0.0,0.9999999987499999,0.68305905413728,0.31106174883236654,0.28651366190784117,0.43230588149009846,calm,02,04,04,female,strong,369
30,1.0010000000000001,True,1.0,0.4546346750441052,0.4572849566542175,0.45595981584916134,0.9453074320435316,-0.0855555555555555,-0.07666666666666666,0.4868132237379566,0.24989865549208587,0.1746483770430772,0.4823402423309883,0.0026502816101122706,0.008888888888888835,0.10243259120740028,0.2485328010826357,0.09287277781943978,0.11509262807584458,0.0,0.9999999987499999,0.6715211314916593,0.3145319788127792,0.2976638344659207,0.4449940398194838,calm,02,04,04,female,strong,369
40,1.3346666666666667,True,1.0,0.3646402827345867,0.3522531270127809,0.3584467048736838,0.7161045646444802,-0.07643518518518522,-0.06587962962962973,0.43945568241296873,0.26853210275039513,0.1624577973747488,0.5005507890480205,0.01238715572180582,0.010555555555555485,0.09440903428160437,0.3277249524940441,0.10878679975789371,0.11637294045830525,0.0,0.9999999987499999,0.6434804882030938,0.2874319472202505,0.30225337459649404,0.42590560663976323,calm,02,04,04,female,strong,369
50,1.6683333333333334,True,1.0,0.4385515835896712,0.4338146813526279,0.4361831324711496,1.1589056740376102,-0.0832870370370371,-0.07361111111111102,0.4237180989246279,0.4487179487179492,0.16029486718059455,0.37637500811562513,0.004736902237043317,0.009675925925926088,0.10181073593700923,0.20786698009677748,0.11134868008956388,0.11508878376394306,0.0,0.9999999987499999,0.646696984848627,0.289581879439269,0.3048889001726957,0.40253559427376506,calm,02,04,04,female,strong,369
60,2.0020000000000002,True,1.0,0.43655076694497286,0.47412089852412437,0.4553358327345486,0.5617990854306215,-0.08476851851851863,-0.07611111111111107,0.41400847017978476,0.2509272545814616,0.16798402999872128,0.8104958597174141,0.03757013157915151,0.008657407407407558,0.14146022777843556,0.4036860008934867,0.09627303373330556,0.11277180816330895,0.0,0.9999999987499999,0.6690349177405337,0.30792138452841866,0.27535993401894737,0.4009857799342001,calm,02,04,04,female,strong,369
70,2.3356666666666666,True,1.0,0.4439086298916126,0.4982770576378173,0.47109284376471494,0.7436562338011544,-0.08263888888888893,-0.07324074074074066,0.417975736942595,0.2642617255095891,0.17380783667495184,0.6334820073473357,0.054368427746204706,0.009398148148148266,0.12830094085675764,0.3138721914352527,0.09460488182981315,0.11266303096572117,0.0,0.9999999987499999,0.6801367952806122,0.30893252233361207,0.2782005629372603,0.41839496277921095,calm,02,04,04,female,strong,369
80,2.6693333333333333,True,1.0,0.526888397088093,0.6091261970488209,0.5680072970684569,0.8261317618181518,-0.08134259259259263,-0.07902777777777786,0.4541596025839254,0.2600725086071797,0.18695293475881936,0.6875504893049816,0.08223779996072789,0.0023148148148147696,0.07491080856510599,0.3078064060593534,0.10750563018600237,0.11543143953489167,0.0,0.9999999987499999,0.6306420927589786,0.2928869829369704,0.3210124237967072,0.4235340899344095,calm,02,04,04,female,strong,369
90,3.003,True,1.0,0.5865441017333799,0.6259494605546666,0.6062467811440233,0.7668959081890176,-0.07893518518518511,-0.07953703703703696,0.48337771054337436,0.10955655831271653,0.19375984412995803,0.7905202970447992,0.03940535882128671,0.0006018518518518534,0.006696903259472744,0.3129028645329173,0.09428620275649337,0.11772072315595539,0.0,0.9999999987499999,0.6545265823282438,0.3190968544363547,0.27787907124078515,0.42697174751739636,calm,02,04,04,female,strong,369
100,3.336666666666667,True,1.0,0.4400649009960891,0.4394172108998887,0.4397410559479889,0.7640068788393313,-0.07787037037037031,-0.08162037037037034,0.47114183988832864,0.09228355976282807,0.1904224696420173,0.5755721160731399,0.0006476900962003596,0.003750000000000031,0.0421456022705112,0.33243172424381257,0.10792441527262875,0.11635733720962702,0.0,0.9999999987499999,0.633656673098927,0.2920854845923417,0.3020618206821138,0.41590683211563756,calm,02,04,04,female,strong,369
110,3.6703333333333332,True,1.0,0.4848065660485534,0.4894311852526401,0.48711887565059675,0.7879295904503435,-0.07444444444444448,-0.07722222222222219,0.4575869969115352,0.1372253884656567,0.18650464509470796,0.6182264018948477,0.004624619204086744,0.0027777777777777124,0.06428735861205308,0.31297709085032,0.09607057204037775,0.11643283826358922,0.0,0.9999999987499999,0.6568665954897586,0.3186226932170197,0.2775647932861241,0.4308489002238304,calm,02,04,04,female,strong,369
0,0.0,True,1.0,0.5792049264198023,0.5606996666531782,0.5699522965364903,0.5776702684617692,-0.06541666666666662,-0.07023148148148145,0.42681125902009914,0.17391687344229695,0.17289470786811584,0.986639485625891,0.018505259766624094,0.004814814814814827,0.0724356988626246,0.38269199880831267,0.10496151361806517,0.11446780972006222,0.0,0.9999999987499999,0.6420014984431273,0.29427310456642713,0.27290488736301943,0.3853434715180508,calm,02,04,04,female,strong,370
10,0.33366666666666667,True,1.0,0.6143288071301867,0.606723995149369,0.6105264011397779,0.5723422021795312,-0.06666666666666671,-0.07212962962962971,0.4302493178640518,0.19195086686631885,0.17207178361195175,1.0667156795616988,0.007604811980817638,0.005462962962963003,0.07202654663812627,0.4070829530871178,0.10747487915821183,0.11346268432393022,0.0,0.9999999987499999,0.6423591545211834,0.29208795015748995,0.2771284883348349,0.3862049633534525,calm,02,04,04,female,strong,370
20,0.6673333333333333,True,1.0,0.5387372166576522,0.5690015654896233,0.5538693910736378,0.5403795096369348,-0.07750000000000001,-0.0773611111111111,0.46416992358785447,0.21212080408381356,0.1696244525690103,1.0249637175283837,0.030264348831971155,0.0001388888888889106,0.02076789901629884,0.4042715635565526,0.09207927192919618,0.11961424797471662,0.0,0.9999999987499999,0.692865352813,0.30686469310159825,0.269066895547037,0.4294867994553839,calm,02,04,04,female,strong,370
30,1.0010000000000001,True,1.0,0.48682217907133957,0.5161078871802025,0.5014650331257711,0.8954626279664123,-0.08407407407407402,-0.08439814814814811,0.44504126072600136,0.31644355350091646,0.1715638020344715,0.5600066574130443,0.02928570810886294,0.0003240740740740877,0.09780150841999517,0.24860314524981258,0.0979781576950066,0.1148322309011289,0.0,0.9999999987499999,0.6563667135526084,0.3122153220971372,0.3115457799074512,0.43993694131937866,calm,02,04,04,female,strong,370
40,1.3346666666666667,True,1.0,0.4545335276866875,0.4261964348739179,0.44036498128030266,0.8196290462918882,-0.08416666666666667,-0.08018518518518519,0.44904729692337225,0.32663084607461296,0.16653034993358343,0.5372735181513795,0.028337092812769582,0.003981481481481475,0.054007859487034245,0.2863381539457599,0.10573401328283846,0.1170563803866874,0.0,0.9999999987499999,0.6413058078387605,0.29382886004987663,0.3200388936943425,0.4267637363593031,calm,02,04,04,female,strong,370
50,1.6683333333333334,True,1.0,0.480975255231621,0.47597939451017296,0.478477324870897,0.864871595233137,-0.08532407407407405,-0.08171296296296293,0.48344406893339165,0.26413737890839956,0.17430949483188363,0.5532351016128787,0.004995860721448031,0.0036111111111111205,0.033050145190095345,0.2764589287677153,0.10365034760678327,0.11970381335905206,0.0,0.9999999987499999,0.6383737971438576,0.2935405341337372,0.3010401973892955,0.40439576757731627,calm,02,04,04,female,strong,370
60,2.0020000000000002,True,1.0,0.5322392955156874,0.5422978559133218,0.5372685757145046,0.7060885073350862,-0.0829166666666667,-0.07893518518518516,0.42981557348867955,0.1728414352018209,0.1924012633037443,0.7609082574396508,0.01005856039763442,0.00398148148148153,0.04768692655605847,0.3517694196572036,0.10472336810779714,0.11972484015021409,0.0,0.9999999987499999,0.6347780948785764,0.2899222530276731,0.3025441021109018,0.4060654395975628,calm,02,04,04,female,strong,370
70,2.3356666666666666,True,1.0,0.374661552911245,0.41458339176362996,0.39462247233743747,0.7051807445446806,-0.0888888888888889,-0.0856481481481482,0.42385740248110315,0.15897267167107135,0.19663993831025836,0.559604718918178,0.03992183885238498,0.0032407407407407107,0.04378995862985278,0.34685057717366813,0.09588890756732991,0.11723435432393595,0.0,0.9999999987499999,0.6595425745219964,0.3147575492016178,0.27890018367953645,0.4179520911601445,calm,02,04,04,female,strong,370
80,2.6693333333333333,True,1.0,0.49805688929096675,0.5582835404874582,0.5281702148892125,0.8561337990467326,-0.0804629629629629,-0.07458333333333345,0.4522718329112403,0.2638172218294953,0.18202661368810885,0.6169248492201882,0.060226651196491454,0.005879629629629457,0.08156345638712302,0.27841552933765906,0.1070050251959344,0.11473915942155545,0.0,0.9999999987499999,0.6286958319577831,0.2924849535610722,0.3003650363237254,0.40786101631922983,calm,02,04,04,female,strong,370
90,3.003,True,1.0,0.3325656527115353,0.3171718883973619,0.3248687705544486,0.7702050050146664,-0.07541666666666669,-0.06731481481481488,0.4973690109474378,0.14109987365915866,0.16808891140508248,0.4217951953561538,0.015393764314173441,0.008101851851851805,0.07529250300125186,0.3114484078507216,0.0960157759908283,0.11745533229386204,0.0,0.9999999987499999,0.6645896164403262,0.31426079928386236,0.2824457460649608,0.4391308637872462,calm,02,04,04,female,strong,370
100,3.336666666666667,True,1.0,0.3925870940360582,0.4232871588969816,0.4079371264665199,0.7801849135617288,-0.0658333333333333,-0.05995370370370379,0.49562874998676404,0.15684806295974713,0.16808891140508253,0.5228723593284961,0.030700064860923415,0.0058796296296295125,0.04909926999358083,0.33868794000884384,0.10915476815195271,0.11602786588713906,0.0,0.9999999987499999,0.6448234654408639,0.2924091612484031,0.3056679340062476,0.4129009197296588,calm,02,04,04,female,strong,370
110,3.6703333333333332,True,1.0,0.4345081060774237,0.43367975137125725,0.4340939287243405,0.7944724441211303,-0.06425925925925918,-0.06504629629629627,0.4931232257605084,0.1777104604466226,0.1680555555555555,0.54639268100047,0.0008283547061664343,0.000787037037037086,0.03277035627039509,0.3135686939247108,0.0951255353663238,0.11930064743069917,0.0,0.9999999987499999,0.6657561160792441,0.3153703012456256,0.2765440738118329,0.44253813529459635,calm,02,04,04,female,strong,370
0,0.0,True,1.0,0.6667807916867539,0.6452703379820157,0.6560255648343848,0.8077394115283192,-0.07231481481481478,-0.07351851851851843,0.43697147437030887,0.22860848096779052,0.18621602556979983,0.8121747626417318,0.02151045370473814,0.0012037037037036513,0.029731665944549502,0.2922094884960791,0.09497776491328815,0.11732597670424157,0.0,0.9999999987499999,0.6605087636538989,0.3167241284348259,0.26997988688417257,0.41566597701801644,calm,02,04,04,female,strong,371
10,0.33366666666666667,True,1.0,0.36739519669161635,0.38776078896705685,0.3775779928293366,0.8405977145747516,-0.0813888888888889,-0.08310185185185187,0.4330091310177308,0.24388395455933937,0.1848031563834302,0.449177991187317,0.02036559227544049,0.0017129629629629717,0.031540124550044187,0.2919170357070224,0.09641133999788983,0.11647841882844052,0.0,0.9999999987499999,0.6619685244175795,0.31601871715503266,0.2705388135655507,0.41774301143706616,calm,02,04,04,female,strong,371
20,0.6673333333333333,True,1.0,0.536398467432951,0.5661217233133685,0.5512600953731598,0.9487300896479038,-0.08254629629629628,-0.0819907407407407,0.4344367014682548,0.360773359904316,0.17718024500444474,0.5810505025488814,0.029723255880417465,0.0005555555555555869,0.0063161033318767995,0.25351317081005137,0.10746406118620698,0.11694566616919397,0.0,0.9999999987499999,0.6431433001716312,0.28778734658169086,0.29905922730300266,0.4091207512144402,calm,02,04,04,female,strong,371
30,1.0010000000000001,True,1.0,0.5653391144958511,0.5489411278654349,0.557140121180643,0.8682218360339916,-0.08847222222222229,-0.08407407407407402,0.43528663049764005,0.34865385916668706,0.17642289548917,0.6417024982067262,0.01639798663041614,0.004398148148148262,0.07399314410218835,0.25850782055229155,0.10712023554180554,0.11758518748013257,0.0,0.9999999987499999,0.6366470167129351,0.2860543978097913,0.303416709854936,0.3973174183350361,calm,02,04,04,female,strong,371
40,1.3346666666666667,True,1.0,0.6321364332361383,0.715471483220696,0.6738039582284172,1.0281060843634573,-0.09189814814814806,-0.08560185185185193,0.39549044374085357,0.29122186899483715,0.21272427560492627,0.6553836889756341,0.08333504998455765,0.006296296296296133,0.06520164743357834,0.21918969180046988,0.09792422591051286,0.11603333250076002,0.0,0.9999999987499999,0.632649746429822,0.3208823701469848,0.30574553328181336,0.433805199702132,calm,02,04,04,female,strong,371
50,1.6683333333333334,True,1.0,0.5185350774611462,0.5633067122250602,0.5409208948431032,0.8043040525997516,-0.0813888888888889,-0.08120370370370367,0.4438914571144009,0.1556653457067677,0.201392298410135,0.6725328476148851,0.04477163476391399,0.00018518518518523264,0.02196633209943703,0.30887641634857443,0.10625683033320145,0.11820492052900175,0.0,0.9999999987499999,0.6232693162264906,0.2903935739318415,0.3127790950306492,0.40551061322721355,calm,02,04,04,female,strong,371
60,2.0020000000000002,True,1.0,0.5670457462410974,0.5710355610479463,0.5690406536445218,0.8500974816241967,-0.06435185185185177,-0.06763888888888892,0.4472963560304201,0.15442303198118507,0.18333374948165368,0.6693828248465251,0.0039898148068489014,0.0032870370370371438,0.02968584133080362,0.29955884093198054,0.10246425107951658,0.12008771357579835,0.0,0.9999999987499999,0.6325343113182773,0.2915475500501839,0.3235343195793213,0.4205519281786442,calm,02,04,04,female,strong,371
70,2.3356666666666666,True,1.0,0.60567145583113,0.6212389050036944,0.6134551804174122,0.9074937232664776,-0.08407407407407408,-0.08490740740740738,0.46991711184684837,0.25483656249317854,0.1988142159176017,0.675988345362116,0.015567449172564363,0.0008333333333332971,0.002850488660252466,0.2773890254908421,0.09184702271686658,0.12042715991709506,0.0,0.9999999987499999,0.6680343494272709,0.31249602622171174,0.2950308812294792,0.4520844340318222,calm,02,04,04,female,strong,371
80,2.6693333333333333,True,1.0,0.5647616409399736,0.597701149425288,0.5812313951826308,0.7154112438597676,-0.0860185185185185,-0.08189814814814811,0.43870993665484065,0.21197370188437498,0.20242283150048473,0.8124437519975038,0.03293950848531435,0.004120370370370385,0.021676179120562414,0.3457395039802124,0.09514947047654046,0.11783528629580772,0.0,0.9999999987499999,0.6686292897784114,0.31259786741008794,0.28664225449023445,0.42604832355648736,calm,02,04,04,female,strong,371
90,3.003,True,1.0,0.466969954064639,0.48149211721013907,0.474231035637389,0.8486611962600015,-0.08745370370370359,-0.0855555555555556,0.47708278242324287,0.18517814559152523,0.19523895220162935,0.558799009224525,0.014522163145500089,0.0018981481481479823,0.04337920916812056,0.29834880278819104,0.09586065838877177,0.11998782317073992,0.0,0.9999999987499999,0.6613655665625625,0.3140623479375535,0.2950457264294688,0.4437526311718349,calm,02,04,04,female,strong,371
100,3.336666666666667,True,1.0,0.38147839372757125,0.4454696710771511,0.41347403240236114,0.7815581267972804,-0.08615740740740735,-0.08217592592592593,0.49168412524130617,0.137621007997652,0.19204881690341588,0.5290381076283115,0.06399127734957982,0.003981481481481419,0.06076561287438383,0.3020083700041517,0.09775298388406695,0.11845124599791468,0.0,0.9999999987499999,0.6618603628170018,0.31289271612854835,0.289831165718139,0.4414329542238649,calm,02,04,04,female,strong,371
110,3.6703333333333332,True,1.0,0.5307974045185574,0.6198032163179469,0.5753003104182521,0.7830873522992734,-0.08060185185185181,-0.07625000000000004,0.4784084913011766,0.16572467785875925,0.1914334904400386,0.7346566238479982,0.08900581179938949,0.0043518518518517735,0.06915274652377781,0.31111841123560746,0.09786697787510115,0.11979705215734865,0.0,0.9999999987499999,0.6612674921452956,0.3130451184484744,0.2900557252249714,0.44474147393905394,calm,02,04,04,female,strong,371
120,4.0040000000000004,True,1.0,0.42945321842245143,0.49055158070255644,0.46000239956250394,0.8288061385358252,-0.08564814814814803,-0.08009259259259266,0.4635891041056129,0.1943494057590364,0.18927664755212054,0.5550180894836849,0.06109836228010501,0.005555555555555369,0.07865616697946556,0.2937627082193019,0.09783822595156239,0.11805853287411372,0.0,0.9999999987499999,0.6596712689841562,0.3130431569490781,0.2863173953838375,0.44048638894253017,calm,02,04,04,female,strong,371
0,0.0,True,1.0,0.2614764894706891,0.2769325571530619,0.2692045233118755,0.7085393162230453,-0.07449074074074075,-0.06921296296296298,0.4536119459687416,0.16715850766436727,0.17049008891602965,0.3799429575015016,0.015456067682372843,0.00527777777777777,0.04441903225572222,0.3346267362554189,0.09614603577143127,0.11637053082109,0.0,0.9999999987499999,0.6656957855407788,0.3130445121978971,0.26592462584792875,0.4067334959655071,happy,03,04,04,female,normal,372
10,0.33366666666666667,True,1.0,0.582775071518198,0.6275017064484991,0.6051383889833486,0.7225896450273048,-0.060046296296296264,-0.0566666666666667,0.45460763047993,0.16108929592681373,0.16982269038353523,0.8374578755006681,0.04472663493030116,0.003379629629629566,0.043762232554291125,0.32545208142595405,0.09777353171366791,0.1153373531428169,0.0,0.9999999987499999,0.6628605143072855,0.31416222851706016,0.2657737876889744,0.4087556846234924,happy,03,04,04,female,normal,372
20,0.6673333333333333,True,1.0,0.5884666729650575,0.5900154780859013,0.5892410755254793,0.7046824437961994,-0.06064814814814817,-0.05625000000000008,0.4582000472856994,0.14715042454401223,0.16843692044531705,0.836179588001618,0.0015488051208437659,0.0043981481481480955,0.04719398343699873,0.33135409645571273,0.09719756768357404,0.1163155759675618,0.0,0.9999999987499999,0.6619171482421093,0.31406722831347983,0.2642409920375886,0.4046522783981753,happy,03,04,04,female,normal,372
30,1.0010000000000001,True,1.0,0.5840192632812139,0.6390654655516134,0.6115423644164136,0.931431467328155,-0.06921296296296287,-0.06388888888888888,0.4791270411721949,0.19604251520423474,0.1779326347248322,0.656561846864209,0.05504620227039947,0.005324074074073981,0.034455471694992516,0.27661082993837666,0.10664562073902104,0.11573364890646154,0.0,0.9956009854665563,0.6420107366852992,0.29192795535907473,0.3102954939392355,0.4103632325717821,happy,03,04,04,female,normal,372
40,1.3346666666666667,True,1.0,0.45625104392955773,0.5009188861271425,0.47858496502835013,0.816712007101432,-0.06708333333333333,-0.0637962962962963,0.45291934249419147,0.2203035881592223,0.1786106732015217,0.5859898726441914,0.044667842197584795,0.0032870370370370328,0.02483210945677165,0.3139957361780224,0.10741338039929534,0.11568209633730417,0.0,0.9999999987499999,0.6434590837272408,0.29141507971778474,0.30666387109757914,0.4048063403768693,happy,03,04,04,female,normal,372
50,1.6683333333333334,True,1.0,0.4724446438854359,0.4515826171333142,0.46201363050937505,0.9751861828910886,-0.06805555555555548,-0.06546296296296295,0.4608225636352485,0.2279108757846561,0.17856838012461462,0.47376966431134715,0.020862026752121676,0.0025925925925925353,0.02074542217682713,0.2642031282995589,0.10619820453643776,0.11679864320644977,0.0,0.9999999987499999,0.6429476903964711,0.29128288962091115,0.3079206004014482,0.4086795621196766,happy,03,04,04,female,normal,372
60,2.0020000000000002,True,1.0,0.5182747566833223,0.5447501745960625,0.5315124656396923,0.8595407856513418,-0.07523148148148145,-0.07208333333333333,0.45931715024509406,0.24003444508711164,0.1899696745290374,0.6183679407800566,0.026475417912740107,0.003148148148148122,0.035660788418626535,0.3090603415857584,0.10687878024622356,0.11601208595521406,0.0,0.9999999987499999,0.641259735198767,0.2908931928125603,0.31232248602961693,0.40668418698839665,happy,03,04,04,female,normal,372
70,2.3356666666666666,True,1.0,0.48426313931849896,0.5057955037376258,0.4950293215280624,0.8696725103332621,-0.07671296296296298,-0.07041666666666668,0.4606348079606842,0.25194507408769545,0.18495996866272457,0.5692134862792951,0.02153236441912687,0.0062962962962963,0.03632776681646183,0.296523783703601,0.10817542803575426,0.11546588376622183,0.0,0.9999999987499999,0.6423181933007578,0.2895815671482727,0.3134766313244927,0.41316287147461117,happy,03,04,04,female,normal,372
80,2.6693333333333333,True,1.0,0.28594492136918803,0.31959629501421827,0.30277060819170315,0.8213354855307344,-0.07680555555555557,-0.07254629629629633,0.4909560914986418,0.1406370002302747,0.18017007482484174,0.3686320797354292,0.033651373645030236,0.00425925925925924,0.04154835974385599,0.31323623859116223,0.10752779686942837,0.11606923125881351,0.0,0.9999999987499999,0.6388621637248649,0.28986729429765484,0.30613159325430095,0.4086544959112851,happy,03,04,04,female,normal,372
90,3.003,True,1.0,0.5073332748002517,0.5435797619489208,0.5254565183745863,0.812986433559292,-0.066388888888889,-0.06175925925925918,0.4920867635439272,0.12945176963642058,0.17945429462263346,0.6463287659968857,0.03624648714866907,0.004629629629629817,0.03922658531583378,0.3227907714418044,0.1085732601135359,0.11476032780531042,0.0,0.9999999987499999,0.6376558886601515,0.2907485127120019,0.31083886517442494,0.41468456766188133,happy,03,04,04,female,normal,372
100,3.336666666666667,True,1.0,0.210228065753433,0.2544825884359702,0.2323553270947016,0.8145435681826008,-0.07782407407407405,-0.07231481481481478,0.48374635666437865,0.13165184216552306,0.18149229494664496,0.2852583166461309,0.04425452268253721,0.005509259259259269,0.03424719655377182,0.30328895324973487,0.09761938493746525,0.11645362984079595,0.0,0.9999999987499999,0.6576440927308425,0.31322829631961,0.27835170143787774,0.43251074529595057,happy,03,04,04,female,normal,372
0,0.0,True,1.0,0.48863824384131527,0.5079365079365086,0.4982873758889119,0.7947358890693208,-0.07143518518518516,-0.06759259259259254,0.4839521542967614,0.13241270737600824,0.18070803211393494,0.626984867227317,0.019298264095193307,0.0038425925925926196,0.014432923396198153,0.3100655772201691,0.10557917133936719,0.11555897567049311,0.0,0.9999999987499999,0.6390990327146483,0.2927214630035399,0.30388241143507966,0.4131308139735706,happy,03,04,04,female,normal,373
10,0.33366666666666667,True,1.0,0.5750548346708634,0.5968295381660742,0.5859421864184688,0.7787899691162264,-0.07046296296296295,-0.06763888888888892,0.4862377539118705,0.13179029081008067,0.1868643578713441,0.752375107095175,0.021774703495210823,0.0028240740740740344,0.018047896728271354,0.32348949692547135,0.09832491711373373,0.11635082610739414,0.0,0.9999999987499999,0.6568043875128177,0.31565504832207397,0.2780232810691219,0.4243992505167743,happy,03,04,04,female,normal,373
20,0.6673333333333333,True,1.0,0.630017563955902,0.6527248929644686,0.6413712284601853,0.7731243048200638,-0.06967592592592603,-0.06597222222222221,0.4850400672590106,0.1328756078278512,0.18477219086616276,0.8295835798480782,0.022707329008566535,0.00370370370370382,0.010075356197949605,0.31677958254787025,0.09786753494828783,0.11624516257494934,0.0,0.9999999987499999,0.6557481120573229,0.31499790131739347,0.27629049212856704,0.41893716984768126,happy,03,04,04,female,normal,373
30,1.0010000000000001,True,1.0,0.6383721888167901,0.6618031533951428,0.6500876711059664,0.997835879124475,-0.08106481481481487,-0.07972222222222225,0.4797638255202618,0.17644243707056023,0.19726902461622614,0.6514975906422296,0.023430964578352698,0.0013425925925926174,0.011916358800080374,0.2686336727457747,0.09487042813605993,0.11822132735189211,0.0,0.9999999987499999,0.6557369985181571,0.31889567342802405,0.2943925813385188,0.43785431347670967,happy,03,04,04,female,normal,373
40,1.3346666666666667,True,1.0,0.7013833695119566,0.7458615856327853,0.723622477572371,0.7929007795204734,-0.08097222222222217,-0.07995370370370375,0.45950706698734656,0.1470703058787971,0.20145290248943265,0.912626770287702,0.044478216120828695,0.0010185185185184187,0.01024742001591939,0.32701090843452296,0.09530825135055435,0.11754492632748531,0.0,0.9999999987499999,0.654418944124525,0.31792839149285107,0.29741379743275875,0.43448899136081764,happy,03,04,04,female,normal,373
50,1.6683333333333334,True,1.0,0.6996807290844339,0.7383102427717686,0.7189954859281013,0.8951322111216581,-0.07652777777777775,-0.07328703703703704,0.4670706433975922,0.161616161616161,0.2014631276300051,0.8032282572282298,0.03862951368733469,0.0032407407407407107,0.020325659750499936,0.2737816514408505,0.09543925760253365,0.11808571623774354,0.0,0.9999999987499999,0.654073228135004,0.31740812567322385,0.2875418040662052,0.4316932935116163,happy,03,04,04,female,normal,373
60,2.0020000000000002,True,1.0,0.5931797961564407,0.6543298326018744,0.6237548143791576,0.8502724247796342,-0.06282407407407409,-0.060046296296296264,0.45345185670501464,0.19323671497584477,0.1862295453986906,0.7335940766758567,0.06115003644543371,0.0027777777777778234,0.02037561392313108,0.2901580370436443,0.09730202392743592,0.11655558506895995,0.0,0.9999999987499999,0.6550586562124849,0.3151438910478908,0.27831071569697335,0.4177370425257483,happy,03,04,04,female,normal,373
70,2.3356666666666666,True,1.0,0.6022557038975478,0.6372034839569841,0.619729593927266,0.8883740930977932,-0.06523148148148145,-0.06064814814814806,0.46609011835986736,0.20642722248273837,0.18757973565010294,0.6975998047919724,0.03494778005943633,0.004583333333333384,0.02507562459322623,0.28552298110626556,0.09836370627175134,0.11631803535945433,0.0,0.9999999987499999,0.6578702002832383,0.3147478672083796,0.2856823175760577,0.4324070068193788,happy,03,04,04,female,normal,373
80,2.6693333333333333,True,1.0,0.5103429606225235,0.5458256650883172,0.5280843128554203,0.7767676407789845,-0.06458333333333327,-0.05972222222222223,0.5165688505396102,0.07876065124272763,0.18209575803052955,0.6798484966827775,0.03548270446579371,0.004861111111111038,0.022171017866198475,0.32879797461071397,0.09700565766718039,0.11729067522350951,0.0,0.9999999987499999,0.6563970228482017,0.3139215201932829,0.28073404710191485,0.43184377949716934,happy,03,04,04,female,normal,373
90,3.003,True,1.0,0.4751147392113059,0.517491220751367,0.49630297998133643,0.7693317288694687,-0.06245370370370368,-0.057499999999999996,0.51835675698853,0.07349883890963223,0.17858162448846265,0.6451092049858033,0.04237648154006107,0.004953703703703682,0.02662155335880524,0.3254348129159486,0.09721442128131924,0.11646519058739652,0.0,0.9999999987499999,0.6548319105063901,0.31516160390054176,0.27960271889772337,0.43228725274172963,happy,03,04,04,female,normal,373
100,3.336666666666667,True,1.0,0.4593929816955788,0.49181572593898976,0.4756043538172843,0.7514718100366615,-0.061388888888888826,-0.055833333333333346,0.5137652652120701,0.06258629281264623,0.17862647713442123,0.6328971326204257,0.03242274424341096,0.00555555555555548,0.024676955666979576,0.33528519425390185,0.09847629035479862,0.11605869356510633,0.0,0.9999999987499999,0.6522835687478116,0.3160977948861712,0.2780392579817299,0.4271568629824059,happy,03,04,04,female,normal,373
0,0.0,True,1.0,0.6117288277000822,0.6038711041755428,0.6077999659378125,0.5709637110784851,-0.059444444444444466,-0.05962962962962959,0.44477596658187474,0.09731540789423851,0.17917347976387143,1.0645159300750444,0.007857723524539395,0.00018518518518512161,0.00021464540358173898,0.40905748371470235,0.1082203301977928,0.11325768123350798,0.0,0.9999999987499999,0.6385862707739346,0.2896123087388987,0.2793720075627078,0.37493273426371476,happy,03,04,04,female,normal,374
10,0.33366666666666667,True,1.0,0.7734320067881469,0.7910967297305648,0.7822643682593559,0.5508625631903253,-0.06129629629629635,-0.06199074074074068,0.46030894490259594,0.11892651737372405,0.18958977209762073,1.420071757515822,0.017664722942417832,0.000694444444444331,0.017073526182503646,0.4224522190028016,0.1018990904447266,0.11752694186771051,0.0,0.9999999987499999,0.6253190677755477,0.31976117533917225,0.2756240148834232,0.4016174999802457,happy,03,04,04,female,normal,374
20,0.6673333333333333,True,1.0,0.7219245181700376,0.7417896101448053,0.7318570641574214,0.8471797207094665,-0.06861111111111112,-0.06694444444444442,0.49004328295314875,0.15884135025367335,0.1896030513584062,0.8638746257341138,0.019865091974767712,0.0016666666666667052,0.011472902103962354,0.26597974342752534,0.10443786591340996,0.11659146813657027,0.0,0.9999999987499999,0.6141870198157388,0.323462664399383,0.29094854351318955,0.41741354472526276,happy,03,04,04,female,normal,374
30,1.0010000000000001,True,1.0,0.6679845608087623,0.6936589499204994,0.6808217553646309,0.9072834424409083,-0.08162037037037034,-0.08203703703703702,0.46482108983629633,0.23613525574866853,0.1986249395741951,0.75039587797721,0.025674389111737028,0.0004166666666666763,0.018347196951527353,0.2777270472771712,0.11052892441891728,0.11815569744272897,0.0,0.9999999987499999,0.5881139167620173,0.2947895868186924,0.3341542448160548,0.40038129806135664,happy,03,04,04,female,normal,374
40,1.3346666666666667,True,1.0,0.3928871109081189,0.41289148857902563,0.40288929974357224,0.8219451359887666,-0.08064814814814814,-0.07759259259259266,0.4768374195951864,0.1631579570733101,0.1924007688575171,0.49016568394058657,0.020004377670906737,0.003055555555555478,0.023025411752673933,0.3156680283104389,0.1031401334343366,0.11918845028511366,0.0,0.9999999987499999,0.6048658081670167,0.3244530307776375,0.2770595698987136,0.3912499207162282,happy,03,04,04,female,normal,374
50,1.6683333333333334,True,1.0,0.5150700398839749,0.5506903559027506,0.5328801978933628,0.8646371460120019,-0.06611111111111118,-0.0621296296296297,0.48426596935641625,0.15762405375996194,0.1850230687103143,0.6163050018741225,0.03562031601877569,0.003981481481481475,0.02636083107070702,0.29365350346095703,0.09808123707821773,0.11914293161954241,0.0,0.9999999987499999,0.6533006374971866,0.3136938028639232,0.2827360990204927,0.4169621843933141,happy,03,04,04,female,normal,374
60,2.0020000000000002,True,1.0,0.5351535908400333,0.5661146521249257,0.5506341214824795,0.7936907383647989,-0.06865740740740744,-0.06189814814814826,0.4407466553490462,0.18555250463744064,0.19628317820436608,0.6937640756863602,0.0309610612848924,0.006759259259259187,0.04124162848681118,0.33005544815810356,0.11166529632234627,0.11411574174023997,0.0,0.9999999987499999,0.629631732341374,0.282991404275733,0.3082371880579427,0.391130912399987,happy,03,04,04,female,normal,374
70,2.3356666666666666,True,1.0,0.6344132987201255,0.683721127708145,0.6590672132141353,0.7940361657484839,-0.0625,-0.058750000000000024,0.45334595596238203,0.15503130688874034,0.19821865666655708,0.8300216559945698,0.04930782898801944,0.0037499999999999756,0.043399582248105556,0.3284421709053092,0.1109737399513205,0.11528521934486906,0.0,0.9999999987499999,0.623328759972739,0.28357849009195835,0.31375383256650935,0.3976927775736305,happy,03,04,04,female,normal,374
80,2.6693333333333333,True,1.0,0.526888397088093,0.5482714763937983,0.5375799367409456,0.7617198262371603,-0.06634259259259262,-0.06050925925925932,0.497762035250259,0.06153394799075975,0.19265002891296656,0.7057449710828072,0.021383079305705266,0.0058333333333333015,0.045210321240626135,0.33853712563727717,0.11262940474935493,0.11433672084992719,0.0,0.971825672596073,0.6184616254314226,0.2851650027936563,0.3174182362504865,0.40386054501703034,happy,03,04,04,female,normal,374
90,3.003,True,1.0,0.5497962007685401,0.5925925925925929,0.5711943966805665,0.7381442543127884,-0.06259259259259264,-0.05851851851851847,0.5137042796386138,0.04951407289366107,0.18985518084013475,0.7738248903831785,0.042796391824052815,0.004074074074074174,0.039698717728734775,0.3353969338006042,0.10909187393193359,0.1127568763492681,0.0,0.9999999987499999,0.6283777722417093,0.2903329828926789,0.30080290859198544,0.39745141644272947,happy,03,04,04,female,normal,374
100,3.336666666666667,True,1.0,0.5071152636661275,0.5725047080979278,0.5398099858820276,0.763297914817338,-0.06097222222222226,-0.05666666666666681,0.5010411392742601,0.06726701518518952,0.18567365916957204,0.7072074682808579,0.06538944443180028,0.0043055555555554514,0.03845974132407682,0.33853712563727684,0.10755453311102835,0.11488946130583884,0.0,0.9999999987499999,0.6297791215939501,0.2894667258925748,0.2989592895417285,0.39736609270605394,happy,03,04,04,female,normal,374
0,0.0,True,1.0,0.47947817311438073,0.5076807493563777,0.4935794612353792,0.7390270538333081,-0.06365740740740733,-0.06041666666666656,0.4961789398138976,0.09534263518610124,0.17363923383335514,0.6678773918697555,0.028202576241997013,0.0032407407407407662,0.015753862367470017,0.3360174329562244,0.10149607562588914,0.11608363324645826,0.0,0.9999999987499999,0.6218383900044392,0.3232309376602855,0.27253515381897614,0.39867511706451836,happy,03,04,04,female,normal,375
10,0.33366666666666667,True,1.0,0.5624349895193443,0.5555628248343161,0.5589989071768302,0.7344716606073914,-0.06212962962962959,-0.059166666666666645,0.4983510290574961,0.11252149036216896,0.17295240163192807,0.7610898243705561,0.00687216468502827,0.002962962962962945,0.021979583329618475,0.3269570880639209,0.1019627222174488,0.1153440880944634,0.0,0.9999999987499999,0.6247211244497799,0.32107984622636115,0.2745841725488332,0.3995707434231875,happy,03,04,04,female,normal,375
20,0.6673333333333333,True,1.0,0.5378141646452047,0.5662490652049122,0.5520316149250585,0.7333921602682277,-0.07467592592592598,-0.0715277777777778,0.5067978971860672,0.11457482514405688,0.18757973565010294,0.7527100026855492,0.028434900559707543,0.0031481481481481777,0.020171825524515727,0.31674288605752815,0.10344535779386756,0.11567520393999924,0.0,0.9999999987499999,0.6262570483662215,0.32021992857282283,0.28354583598636823,0.4082693247008716,happy,03,04,04,female,normal,375
30,1.0010000000000001,True,1.0,0.6117301907467699,0.6328260999398808,0.6222781453433254,0.8407801856011643,-0.08356481481481487,-0.08134259259259258,0.4752008632742256,0.16215046436593905,0.20494488800911737,0.7401198981614817,0.021095909193110884,0.002222222222222292,0.0234242988590115,0.281612578079625,0.10177982248395798,0.1181151399099391,0.0,0.9999999987499999,0.6131260061602766,0.32507395329615685,0.3002401698449981,0.4092715046597253,happy,03,04,04,female,normal,375
40,1.3346666666666667,True,1.0,0.31959629501421766,0.36507936507936495,0.3423378300467913,0.7312597782905736,-0.08208333333333334,-0.0798611111111111,0.4916943819527701,0.08699926896452725,0.20154036748044116,0.46814803741435895,0.04548307006514729,0.0022222222222222365,0.026256600386944294,0.3494356204098217,0.09761825329931485,0.11888325388767434,0.0,0.9999999987499999,0.6499363724083383,0.31379303079058807,0.29225845372414166,0.4159575829457289,happy,03,04,04,female,normal,375
50,1.6683333333333334,True,1.0,0.21467434988577525,0.24066845622929237,0.2276714030575338,0.8640679681836626,-0.0818518518518519,-0.0765277777777777,0.4649441132522977,0.12776866132695663,0.2008316316205687,0.26348784058749064,0.02599410634351712,0.005324074074074203,0.02465441278378198,0.30101855259908317,0.11129266240426496,0.11662262013981171,0.0,0.9999999987499999,0.6351714942695829,0.2856058593721095,0.31532175024420406,0.4046963112870233,happy,03,04,04,female,normal,375
60,2.0020000000000002,True,1.0,0.41530480442004286,0.38986354775828536,0.4025841760891641,0.7547540178984352,-0.07273148148148145,-0.06921296296296292,0.46040717522687646,0.13390246015998686,0.19870942593845448,0.5333978575034741,0.025441256661757505,0.003518518518518532,0.025890433843695167,0.345120942146293,0.10971329339048617,0.11533480991799135,0.0,0.9999999987499999,0.6307998785764305,0.28371811992002943,0.3122239293162172,0.399396845245222,happy,03,04,04,female,normal,375
70,2.3356666666666666,True,1.0,0.5411975251808604,0.5879242811247596,0.56456090315281,0.8299955574865304,-0.06504629629629638,-0.060740740740740706,0.495409339181754,0.11369464634711937,0.18829819813198714,0.6801974999269463,0.04672675594389919,0.0043055555555556735,0.022393299524642914,0.3008168258193426,0.10018465732097233,0.11721730978050314,0.0,0.9999999987499999,0.653539247566214,0.3113310572086728,0.28815363107499137,0.4235524994900487,happy,03,04,04,female,normal,375
80,2.6693333333333333,True,1.0,0.47182495642050676,0.5450317394352497,0.5084283479278783,0.8123900380272718,-0.06773148148148139,-0.06300925925925926,0.5163873718342787,0.08780312311992106,0.18693783475525294,0.6258426668580227,0.07320678301474298,0.004722222222222128,0.028175510311373515,0.3066651239626178,0.10170707495743989,0.11769315018897859,0.0,0.9999999987499999,0.6537735558520282,0.31200990719658733,0.2899077737548984,0.4299118545185146,happy,03,04,04,female,normal,375
90,3.003,True,1.0,0.486877031048498,0.5465017622618824,0.5166893966551902,0.8123279586563915,-0.06444444444444453,-0.061342592592592615,0.5147076939200284,0.1056856785858529,0.1862295453986906,0.6360600926623354,0.05962473121338441,0.003101851851851911,0.02798238286521099,0.3108637875927522,0.10000148200622765,0.116559200125498,0.0,0.9999999987499999,0.6475106761298269,0.3148346009579367,0.289198283089231,0.42748866738558433,happy,03,04,04,female,normal,375
100,3.336666666666667,True,1.0,0.5103429606225254,0.5614054224147468,0.535874191518636,0.7686503230326659,-0.0643981481481481,-0.06060185185185174,0.515817543668524,0.07795570827285815,0.1820517601238657,0.6971625139040794,0.0510624617922214,0.003796296296296353,0.02251394504815648,0.32079796084946927,0.09981517012481571,0.11639187022777849,0.0,0.9999999987499999,0.6487532463766756,0.3143318448452225,0.28253928544239937,0.42642853502083566,happy,03,04,04,female,normal,375
0,0.0,True,1.0,0.7456443136489087,0.7507006074081262,0.7481724605285174,0.8889184252601694,-0.07467592592592592,-0.07115740740740745,0.4509727813839494,0.21900161030595844,0.19166825888152061,0.841666050863488,0.005056293759217456,0.0035185185185184764,0.0004857005787981684,0.2934685093753574,0.09811950170462837,0.11553892747270277,0.0,0.9999999987499999,0.652839533969838,0.3164713312615192,0.2844245969999557,0.4251805959843412,happy,03,04,04,female,strong,376
10,0.33366666666666667,True,1.0,0.7334860181712198,0.7527713671043919,0.7431286926378058,0.8447894241016886,-0.07245370370370358,-0.070462962962963,0.46201262721632214,0.18912529550827445,0.18820903826281982,0.8796614534184253,0.01928534893317202,0.001990740740740571,0.006742484976278076,0.29383292838752484,0.09809168566376515,0.11638393926074268,0.0,0.9999999987499999,0.6529645076311775,0.31533321651915047,0.282386980718828,0.42301387134689683,happy,03,04,04,female,strong,376
20,0.6673333333333333,True,1.0,0.566651911519606,0.5921127871172661,0.579382349318436,0.7873339887085802,-0.07430555555555557,-0.07194444444444448,0.4588215808938999,0.19047619047619083,0.18542325011720553,0.7358787473010843,0.025460875597660082,0.0023611111111110916,0.006322466586386118,0.3179366002437202,0.10954496392071038,0.11433415225527355,0.0,0.9999999987499999,0.6400212343687476,0.28832968952018356,0.3038478309284851,0.4018190329606094,happy,03,04,04,female,strong,376
30,1.0010000000000001,True,1.0,0.5566866506874234,0.5566866506874223,0.5566866506874228,1.005387638727436,-0.08180555555555558,-0.07884259259259263,0.47365640986186786,0.2084291187739466,0.19097861416070602,0.5537034962873085,1.1102230246251565e-15,0.002962962962962945,0.006419352312898961,0.2746546508825311,0.10720887274450105,0.11554233601533025,0.0,0.9999999987499999,0.6356743553749623,0.2943304803324119,0.3209029552372919,0.41615801104418165,happy,03,04,04,female,strong,376
40,1.3346666666666667,True,1.0,0.6368640892565206,0.6480790905426611,0.6424715898995909,0.77417334165553,-0.07425925925925919,-0.07032407407407404,0.4591543919492803,0.14592589714873894,0.19517798222610216,0.8298807971425344,0.011215001286140502,0.003935185185185153,0.003920641490913639,0.31347128414886416,0.09862163294210795,0.11789071634588469,0.0,0.9999999987499999,0.6332459096920018,0.32254773717035207,0.28282210453768647,0.40881492661831503,happy,03,04,04,female,strong,376
50,1.6683333333333334,True,1.0,0.69755611048241,0.7420907109360749,0.7198234107092425,1.133584494375217,-0.07587962962962957,-0.07180555555555557,0.44594740195103094,0.28983102365155194,0.1937818931663654,0.634997580048921,0.044534600453664974,0.004074074074074008,0.02185163034884593,0.23010893548801095,0.09826380714667661,0.11770454471604921,0.0,0.9999999987499999,0.650142975252601,0.3139178864171728,0.2845525769578685,0.42115730382635075,happy,03,04,04,female,strong,376
60,2.0020000000000002,True,1.0,0.7522853999634853,0.75334970830548,0.7528175541344826,0.8758478588113099,-0.059537037037037055,-0.05712962962962975,0.4472421353460022,0.15686274509803969,0.18966219313384594,0.8595300502945769,0.0010643083419946686,0.0024074074074073026,0.02728204506905785,0.3022281549128822,0.1104929748401021,0.11525121876301084,0.0,0.9999999987499999,0.627959498440001,0.28794334821251166,0.3090423213539366,0.40482170935344813,happy,03,04,04,female,strong,376
70,2.3356666666666666,True,1.0,0.6409184514260262,0.6814236963594426,0.6611710738927343,0.6452115473603908,-0.0702314814814815,-0.06555555555555553,0.4450887554591158,0.1250920346923213,0.19523895220162935,1.0247353392815661,0.04050524493341634,0.004675925925925972,0.022144065095918923,0.37937584718004036,0.09811383259289923,0.11782958667354493,0.0,0.9999999987499999,0.6495250136773458,0.3144730185348675,0.2741069597376647,0.40476395844254975,happy,03,04,04,female,strong,376
80,2.6693333333333333,True,1.0,0.7193798359383222,0.7077635727740473,0.7135717043561848,0.8530937049982334,-0.07310185185185192,-0.06907407407407401,0.48981594355639896,0.15403080784690276,0.19446955443027228,0.8364517287789182,0.011616263164274887,0.004027777777777908,0.023400798073068795,0.30468749999999994,0.09887805777765439,0.11751371505967022,0.0,0.9999999987499999,0.6463045429421768,0.31636836417184244,0.289199925160861,0.42850803807080945,happy,03,04,04,female,strong,376
90,3.003,True,1.0,0.24260171483890589,0.26004140833488093,0.2513215615868934,0.7633059231084944,-0.08143518518518517,-0.0791203703703704,0.5253789114763399,0.07632812799382029,0.1896090870785938,0.329254043468455,0.017439693495975045,0.0023148148148147696,0.009519192619978956,0.32173548763261617,0.09866780581664417,0.11769030390012172,0.0,0.9999999987499999,0.646998307557398,0.3160394012364564,0.2835579106153169,0.41212719729571134,happy,03,04,04,female,strong,376
100,3.336666666666667,True,1.0,0.5806394171061922,0.6277567320135535,0.6041980745598728,0.7880188359021458,-0.07467592592592592,-0.07050925925925922,0.524379656327322,0.09300446052969043,0.19454486494201956,0.7667304980954803,0.047117314907361374,0.004166666666666707,0.024110768802561414,0.32142643014767347,0.0979071590594567,0.11800137222472014,0.0,0.9999999987499999,0.653127069913903,0.31299328539526206,0.28730229010435293,0.4255201321294522,happy,03,04,04,female,strong,376
110,3.6703333333333332,True,1.0,0.6160324670219678,0.656459935788874,0.6362462014054209,0.8083853843016363,-0.07509259259259271,-0.07092592592592589,0.5138944386225718,0.10103584031378798,0.19521550446455993,0.7870580217813731,0.04042746876690617,0.004166666666666818,0.019742812210483292,0.30591376256427044,0.09719092599021113,0.11778599156590445,0.0,0.9999999987499999,0.6560597026388679,0.314258159486818,0.2872966096521872,0.4304582345632984,happy,03,04,04,female,strong,376
0,0.0,True,1.0,0.6906426025325335,0.7270874671685316,0.7088650348505325,0.620800226505403,-0.05986111111111114,-0.05967592592592591,0.4265342523229059,0.17634929065542912,0.1715437894924943,1.1418569204474398,0.03644486463599805,0.00018518518518523264,0.014197889976888766,0.39692552729386815,0.11060559218288962,0.11397901675540385,0.0,0.9999999987499999,0.6041157031797093,0.2955946025147659,0.27834617748474466,0.37400878606691007,happy,03,04,04,female,strong,377
10,0.33366666666666667,True,1.0,0.6793822092582034,0.7005793191920802,0.6899807642251418,0.6450949949924559,-0.059953703703703676,-0.059074074074074,0.41895441429691516,0.19352849849773723,0.17292063758304477,1.0695800922051966,0.0211971099338768,0.0008796296296296746,0.0017360918510311613,0.36318050217556325,0.11249390702856188,0.1124550668463178,0.0,0.9999999987499999,0.6027236404483669,0.2952937098053786,0.28005601996994356,0.37174288626915364,happy,03,04,04,female,strong,377
20,0.6673333333333333,True,1.0,0.7548663338214526,0.7544084569436139,0.7546373953825333,0.6439195100612422,-0.05972222222222229,-0.05833333333333335,0.4243817568962083,0.181977252843395,0.1756983525809436,1.17194367244869,0.00045787687783871434,0.0013888888888889395,0.011096131735075667,0.36749138397625924,0.11376977027323919,0.11133536948283358,0.0,0.9999999987499999,0.5993499218202907,0.2946037688505624,0.28323163435776383,0.37058379222345755,happy,03,04,04,female,strong,377
30,1.0010000000000001,True,1.0,0.44464467128359947,0.4205951929043609,0.4326199320939802,1.0840665182373665,-0.08810185185185193,-0.08342592592592596,0.45498329863012327,0.30250430953519414,0.19375039377480144,0.39907138982338164,0.024049478379238542,0.004675925925925972,0.0021391318649047176,0.2419851102417428,0.09986081679946425,0.11926367412534838,0.0,0.9999999987499999,0.6190379519776662,0.3230391070029052,0.2791232721766252,0.4041421262011725,happy,03,04,04,female,strong,377
40,1.3346666666666667,True,1.0,0.7631813174970592,0.7937447884904911,0.7784630529937752,0.7707252133940034,-0.06699074074074074,-0.06250000000000006,0.45566387081496107,0.20511235517743656,0.19319816707044574,1.0100396866033448,0.03056347099343193,0.004490740740740684,0.012758035546688725,0.3175403225806444,0.09948291971428753,0.11781346255753668,0.0,0.9999999987499999,0.6553288384650736,0.30899162299298677,0.28604142113676856,0.423952480976704,happy,03,04,04,female,strong,377
50,1.6683333333333334,True,1.0,0.790762390303589,0.8225608260274299,0.8066616081655094,0.9497012866593698,-0.07587962962962969,-0.07092592592592584,0.4595624705336491,0.2374253216648427,0.2070067400833494,0.8493845585941966,0.03179843572384089,0.004953703703703849,0.012480898461934098,0.2668269230769234,0.10038318725899885,0.11737242813114218,0.0,0.9999999987499999,0.6547301064644608,0.30784010959759933,0.29925448835343593,0.43301903783552154,happy,03,04,04,female,strong,377
60,2.0020000000000002,True,1.0,0.75413648146053,0.7961849492165551,0.7751607153385426,0.8078311380875528,-0.0721296296296296,-0.06763888888888897,0.4546403713668217,0.22370708439347634,0.2035681893519942,0.9595578565758759,0.04204846775602511,0.004490740740740629,0.02550504354191666,0.3201923076923079,0.09926550052833068,0.11686101166119482,0.0,0.9999999987499999,0.6552313755502202,0.30728354402076713,0.2898535718916902,0.4225286359945185,happy,03,04,04,female,strong,377
70,2.3356666666666666,True,1.0,0.7330514317805913,0.7548511949174469,0.7439513133490191,0.894114476686423,-0.06680555555555562,-0.06310185185185185,0.4437674724312522,0.2299151511479376,0.1987220957950593,0.8320537612880325,0.02179976313685561,0.0037037037037037646,0.023225035341303574,0.289638233184863,0.10670120619686906,0.11485599144262235,0.0,0.9999999987499999,0.6385057939738394,0.28635332809329467,0.30067445988050795,0.40114655394015564,happy,03,04,04,female,strong,377
80,2.6693333333333333,True,1.0,0.6983193189250935,0.7361181893141628,0.7172187541196282,0.8077239838933918,-0.06152777777777779,-0.06083333333333335,0.5012128506548119,0.10656168509491698,0.18901971014220054,0.8879503003767324,0.03779887038906937,0.000694444444444442,0.02605324238457671,0.322971736035132,0.1007587495155009,0.11623349701520157,0.0,0.9999999987499999,0.6560408902858019,0.31019936997314673,0.2924758598039938,0.4318524943694889,happy,03,04,04,female,strong,377
90,3.003,True,1.0,0.474349050909924,0.5237887388861517,0.49906889489803785,0.8048713133449743,-0.06527777777777777,-0.0631944444444445,0.5116778332043684,0.10474041767485513,0.18618037767855122,0.6200604824937187,0.04943968797622772,0.0020833333333332704,0.01994160102070838,0.3109376038657723,0.09836281558330026,0.11762181835051375,0.0,0.9999999987499999,0.6566593398922069,0.30978666287404116,0.2879793819824075,0.43505057511046435,happy,03,04,04,female,strong,377
100,3.336666666666667,True,1.0,0.6025342998635917,0.6307487985490207,0.6166415492063062,0.8204959307603525,-0.06199074074074068,-0.06004629629629632,0.5090884863580666,0.11086501753962365,0.1827741836560361,0.7515473582359699,0.028214498685428913,0.0019444444444443598,0.01679012134648433,0.30670940872213076,0.10063532194104945,0.11715631928178295,0.0,0.9999999987499999,0.6583590247114471,0.31005227520582995,0.28808249331718994,0.4362012896545797,happy,03,04,04,female,strong,377
0,0.0,True,1.0,0.5865441017333785,0.6220531496095197,0.6042986256714491,0.5438990673928416,-0.06124999999999997,-0.061435185185185204,0.4406399389895414,0.13929122457621498,0.1778052414767488,1.1110492036107553,0.035509047876141286,0.00018518518518523264,0.007224602653261954,0.4390243902439017,0.0978326359818114,0.11479038299324937,0.0,0.9999999987499999,0.6627854156428196,0.3113755447875073,0.2704893660757689,0.4048803358984922,happy,03,04,04,female,strong,378
10,0.33366666666666667,True,1.0,0.6094324498349695,0.609071823863173,0.6092521368490713,0.5398708865668579,-0.061759259259259236,-0.06018518518518512,0.4425410627950369,0.13825961729151184,0.17920115530761813,1.1285145245068169,0.0003606259717964244,0.0015740740740741166,0.004020197308999498,0.466463414634147,0.09802157247954459,0.11529199369260065,0.0,0.9999999987499999,0.6617049949823679,0.3105137417554156,0.26890758704476997,0.40220481804886254,happy,03,04,04,female,strong,378
20,0.6673333333333333,True,1.0,0.5654677491934579,0.5786798923347236,0.5720738207640907,0.6008918772567079,-0.06189814814814815,-0.05999999999999994,0.46634513270260025,0.1314450981499044,0.17782068794340958,0.9520411947916784,0.01321214314126573,0.0018981481481482043,0.013768382857079918,0.42238909006125946,0.09894712746334057,0.11532761241589502,0.0,0.9999999987499999,0.6635140100884105,0.31096292687662785,0.2718804488265203,0.40402333259398526,happy,03,04,04,female,strong,378
30,1.0010000000000001,True,1.0,0.6647056280607079,0.6733051751033402,0.669005401582024,0.9015146200428733,-0.07527777777777772,-0.07041666666666668,0.4549656742272297,0.2095069187423582,0.19864952113169732,0.7420904627705407,0.008599547042632327,0.004861111111111038,0.015439380876409498,0.24600211688036527,0.09644171422299581,0.11743077951024344,0.0,0.9999999987499999,0.6639036080682273,0.3133701557890081,0.2929660876280992,0.43281541734217605,happy,03,04,04,female,strong,378
40,1.3346666666666667,True,1.0,0.18786372143259047,0.20593453784404117,0.19689912963831582,0.8091639756962988,-0.08097222222222222,-0.07699074074074075,0.46758490777513023,0.16550480244350488,0.18611766999740337,0.24333649983475958,0.018070816411450696,0.003981481481481475,0.006892447338330663,0.30718090937022907,0.09723619449469727,0.11807178443196016,0.0,0.9999999987499999,0.6629358967102467,0.3118906125642467,0.28489215563145537,0.4146658111567912,happy,03,04,04,female,strong,378
50,1.6683333333333334,True,1.0,0.36387017216424083,0.4128788581189718,0.3883745151416063,0.9457102227515499,-0.06916666666666671,-0.06587962962962968,0.5030587858115396,0.13671663083768812,0.18542695320541566,0.4106696806254544,0.04900868595473096,0.0032870370370370328,0.009405959378425425,0.2780969861836597,0.09865504675535094,0.11705173854489562,0.0,0.9999999987499999,0.6546333963819904,0.31430730481360203,0.29478390347638933,0.4334463624382641,happy,03,04,04,female,strong,378
60,2.0020000000000002,True,1.0,0.4723259833379338,0.4745180675524616,0.47342202544519774,0.8110652567396092,-0.062453703703703733,-0.05949074074074079,0.450883084796437,0.19642986686662436,0.19098660378297833,0.5837039886880383,0.002192084214527823,0.002962962962962945,0.008720125674712672,0.31640625000000006,0.0994037983106872,0.11625277923841736,0.0,0.9999999987499999,0.6528800203362595,0.3133543107480566,0.2844149692356422,0.40998049120000324,happy,03,04,04,female,strong,378
70,2.3356666666666666,True,1.0,0.7407115952742004,0.7649305073997102,0.7528210513369553,0.8492036272307615,-0.06342592592592594,-0.05750000000000005,0.452046783430016,0.24712144541284975,0.1916861703873071,0.8865023973012125,0.02421891212550986,0.00592592592592589,0.012081604993721625,0.29418062890040153,0.09806833020763764,0.11689360361952658,0.0,0.9999999987499999,0.6566190589517057,0.31033404058138564,0.28853951658878285,0.424330699535958,happy,03,04,04,female,strong,378
80,2.6693333333333333,True,1.0,0.668463264375717,0.6833250942520299,0.6758941793138735,0.8083853843016358,-0.05833333333333329,-0.05462962962962964,0.5083651066153491,0.07858343135516777,0.18685496707656818,0.8361039084072242,0.014861829876312904,0.0037037037037036535,0.012384924998825726,0.3136938484662633,0.09962326612115303,0.11639259659451985,0.0,0.9999999987499999,0.6520660653245673,0.3140383994360841,0.28876733544036826,0.4258191532996974,happy,03,04,04,female,strong,378
90,3.003,True,1.0,0.5699619639559864,0.6045129030868507,0.5872374335214186,0.7855352043279493,-0.05736111111111114,-0.05560185185185185,0.5076421370012589,0.07968932930034178,0.18195492727998097,0.7475634831971905,0.03455093913086427,0.0017592592592592937,0.016455898513861034,0.31825435527600904,0.0982204426092376,0.11611132942171391,0.0,0.9999999987499999,0.6550175384294343,0.3141281344623262,0.28534298004633857,0.4261056530409964,happy,03,04,04,female,strong,378
100,3.336666666666667,True,1.0,0.5935622930619113,0.6246213467982827,0.609091819930097,0.8358770602694365,-0.058888888888888935,-0.05708333333333332,0.49457886921714833,0.13538428919429624,0.17849316768879112,0.7286858904032638,0.03105905373637141,0.0018055555555556158,0.010548544059171954,0.30929001467514133,0.09829005692789824,0.11670722627850562,0.0,0.9999999987499999,0.6533963404267958,0.3144290021377094,0.28070085320963734,0.4255709002283544,happy,03,04,04,female,strong,378
0,0.0,True,1.0,0.5501007778455986,0.5634961963821652,0.5567984871138819,0.7679125647750029,-0.06421296296296297,-0.06300925925925926,0.4810738279815526,0.16797438585908622,0.17986153529316404,0.7250805790331389,0.013395418536566561,0.0012037037037037068,0.0006019699243974315,0.33433675919299677,0.10766631781603415,0.11495057140946457,0.0,0.9999999987499999,0.6359339222954807,0.28977562656486344,0.30106954323892926,0.400798604137732,happy,03,04,04,female,strong,379
10,0.33366666666666667,True,1.0,0.5478916872135536,0.553689420128635,0.5507905536710943,0.7858623706158774,-0.06574074074074077,-0.06384259259259256,0.4774043644287531,0.16926266444034319,0.18333499792094693,0.7008740642963244,0.005797732915081344,0.0018981481481482043,0.0004859221476061064,0.3201923076923079,0.1091313899631102,0.114396369357495,0.0,0.9999999987499999,0.6376961981902136,0.28725030258465,0.3040901880755512,0.3998399288149739,happy,03,04,04,female,strong,379
20,0.6673333333333333,True,1.0,0.5630971229109716,0.6138328207299548,0.5884649718204632,0.9253175362048536,-0.08069444444444446,-0.07689814814814816,0.4678218537123849,0.24057579331422185,0.19930593835407728,0.6359600340376392,0.05073569781898324,0.0037962962962962976,0.002657020218210887,0.2774921956417443,0.09813755845672534,0.11732366947569728,0.0,0.9999999987499999,0.6601594101625025,0.3157225974951499,0.2947775500810404,0.43007595620063577,happy,03,04,04,female,strong,379
30,1.0010000000000001,True,1.0,0.7265169153266902,0.7388888066235775,0.7327028609751338,0.8830252173150295,-0.07708333333333328,-0.07412037037037039,0.48014012661931144,0.20283370618941104,0.2007404372956028,0.8297643675488982,0.012371891296887316,0.0029629629629628895,0.009519192619979092,0.28154192840595044,0.09644491858429921,0.11823658332184883,0.0,0.9999999987499999,0.6614073131830858,0.31240254203622536,0.297721687111501,0.42526044457343737,happy,03,04,04,female,strong,379
40,1.3346666666666667,True,1.0,0.6099056027662725,0.616816044040152,0.6133608234032122,0.877231663054333,-0.07486111111111116,-0.07300925925925933,0.48412806118422025,0.192969258051419,0.19380669533390738,0.6992005068166612,0.0069104412738795196,0.0018518518518518268,0.016622264346927845,0.2852796282121572,0.1080711437281569,0.1163848837935736,0.0,0.9999999987499999,0.6372208323251176,0.28703035324027504,0.31201949892332836,0.398724919704846,happy,03,04,04,female,strong,379
50,1.6683333333333334,True,1.0,0.6262567814992387,0.661081629146226,0.6436692053227324,0.8723558478010776,-0.06601851851851859,-0.060740740740740706,0.5214270936615583,0.09153468674138608,0.1958582652569057,0.7378516541675177,0.034824847646987345,0.005277777777777881,0.01176542334132963,0.2918996814031118,0.10087562503790873,0.11694947389062507,0.0,0.9999999987499999,0.6507413676173595,0.3126558268630524,0.29341036708867485,0.4143334016178218,happy,03,04,04,female,strong,379
60,2.0020000000000002,True,1.0,0.5495602086135235,0.5801829234791885,0.564871566046356,0.8568640602815852,-0.06550925925925927,-0.061435185185185204,0.4561916717574449,0.1862500417703561,0.193095070677443,0.6592312505915189,0.030622714865665035,0.004074074074074063,0.018948619666629436,0.2934392607239843,0.10017675689243329,0.11673546509479737,0.0,0.9999999987499999,0.646607636070053,0.31283002008838523,0.2855061209335687,0.4086155916450204,happy,03,04,04,female,strong,379
70,2.3356666666666666,True,1.0,0.7441424306319333,0.738665392986676,0.7414039118093046,0.7956180450716934,-0.06634259259259256,-0.062361111111111145,0.4535919019713067,0.20511235517743648,0.19864222379929886,0.931859095456409,0.00547703764525731,0.003981481481481419,0.021212841119431836,0.2992247859283904,0.09953429313975147,0.11777006310619773,0.0,0.9999999987499999,0.6526633257599914,0.30984193464400045,0.29000349924034347,0.42036329141560824,happy,03,04,04,female,strong,379
80,2.6693333333333333,True,1.0,0.6416749424144776,0.6873132485131035,0.6644940954637906,0.8315811686445569,-0.0626388888888888,-0.057268518518518496,0.5129522615586694,0.08869201403169825,0.19103972627181356,0.7990730436415349,0.04563830609862585,0.005370370370370303,0.012481724320746086,0.3011489759277427,0.09992870660322171,0.11662159805946536,0.0,0.9999999987499999,0.6510229373702606,0.3133928353158379,0.2902106377665148,0.4229872156900363,happy,03,04,04,female,strong,379
90,3.003,True,1.0,0.5564568711155337,0.5596231644119055,0.5580400177637196,0.7756892598161804,-0.06300925925925926,-0.06013888888888885,0.5129597296935663,0.06744227643022056,0.186846392460444,0.7194118143339532,0.003166293296371858,0.002870370370370412,0.007924304254274499,0.31921089977736183,0.09769164125492409,0.11720859689119831,0.0,0.9999999987499999,0.6547042752178996,0.3141243149344072,0.28181873421237835,0.4239901014938741,happy,03,04,04,female,strong,379
100,3.336666666666667,True,1.0,0.5019331516170089,0.5641788259000897,0.5330559887585493,0.8021273470088759,-0.05939814814814809,-0.05648148148148158,0.511793554169032,0.09165986011524568,0.17992218303025748,0.6645528178864731,0.06224567428308081,0.002916666666666512,0.019715134057685053,0.3136777810727433,0.09655413518953557,0.11798604572760396,0.0,0.9999999987499999,0.6550895719928597,0.3154769883145574,0.2782400579704343,0.42506133142257035,happy,03,04,04,female,strong,379
110,3.6703333333333332,True,1.0,0.5441649597849681,0.5450317394352497,0.544598349610109,0.8168104174928802,-0.06111111111111106,-0.05773148148148144,0.5028442703985649,0.11667213580121776,0.17577953531399623,0.6667377618440524,0.0008667796502815905,0.0033796296296296213,0.01582226385981183,0.31465193013912857,0.10900599323792787,0.11484812114629327,0.0,0.9999999987499999,0.6398968502166491,0.29252471799675805,0.3080078236957404,0.41021849120775994,happy,03,04,04,female,strong,379
0,0.0,True,1.0,0.5350605473228223,0.5495001242634198,0.542280335793121,0.6483135747348132,-0.07430555555555562,-0.06532407407407409,0.3688539438128297,0.2702563901282182,0.17408901778723776,0.8364476033298174,0.014439576940597498,0.008981481481481535,0.08085213813154082,0.3579463222255457,0.10952151288294003,0.11301594634469467,0.0,0.9999999987499999,0.6208680673832033,0.2865649521316755,0.27278075321784157,0.3721518921681983,sad,04,04,04,female,normal,380
10,0.33366666666666667,True,1.0,0.5189287430681826,0.5554003726844917,0.5371645578763371,0.6498210578129385,-0.07175925925925936,-0.06523148148148145,0.36765674014780325,0.27827022137861374,0.17588584101174146,0.8266345810402601,0.03647162961630912,0.00652777777777791,0.05536141022168299,0.37363706226647925,0.11148551269565625,0.11176297312504323,0.0,0.9999999987499999,0.6196686311321404,0.2873700338395834,0.2792874584520351,0.3766753998624914,sad,04,04,04,female,normal,380
20,0.6673333333333333,True,1.0,0.5540626455476513,0.5671773893728936,0.5606200174602725,0.714195748202571,-0.07560185185185186,-0.07171296296296298,0.36675507319026973,0.32535584084783803,0.18125378834941805,0.7849668929998459,0.013114743825242359,0.003888888888888886,0.016276737864339093,0.325758848169154,0.10927362828302803,0.114260508309384,0.0,0.9999999987499999,0.6240126557497999,0.28988012759830795,0.27199125634431826,0.3722677659880049,sad,04,04,04,female,normal,380
30,1.0010000000000001,True,1.0,0.6988141750565207,0.6789115244184375,0.6888628497374791,1.203477859166943,-0.0762962962962962,-0.07472222222222213,0.3520626841470024,0.4953273352515635,0.18985518084013478,0.572393454927634,0.019902650638083164,0.001574074074074061,0.04133368430690312,0.21424390286248904,0.10293727981964558,0.11546945695113604,0.0,0.9999999987499999,0.6266762992618923,0.3181163868492659,0.2728619940916681,0.39379898005582203,sad,04,04,04,female,normal,380
40,1.3346666666666667,True,1.0,0.7015253841815974,0.692515147285011,0.6970202657333042,0.8519028892110571,-0.08129629629629637,-0.08254629629629634,0.35159425781784764,0.36133143001884294,0.19733398804732605,0.8181921608210663,0.009010236896586421,0.0012499999999999734,0.04570587489832204,0.2887704890322487,0.10324971306897636,0.11552049044064701,0.0,0.9999999987499999,0.6289559453547043,0.31758528838303984,0.2761234406949025,0.3992217844623008,sad,04,04,04,female,normal,380
50,1.6683333333333334,True,1.0,0.645311430639935,0.623566882268809,0.634439156454372,0.9890078707489073,-0.07953703703703702,-0.07777777777777778,0.38576331945639547,0.3394025294212115,0.201434723180158,0.6414905029764375,0.02174454837112605,0.0017592592592592382,0.018925282888200525,0.2522275281137986,0.11180681699214626,0.11497565079166408,0.0,0.9999999987499999,0.6049415247505252,0.2888891388526666,0.29669094439767485,0.3786238077223775,sad,04,04,04,female,normal,380
60,2.0020000000000002,True,1.0,0.6371639325882472,0.6352839512704027,0.636223941929325,0.8888217664732765,-0.07217592592592592,-0.07027777777777766,0.3624992059181229,0.30948482422111406,0.19791820860144962,0.715805987125827,0.0018799813178445035,0.0018981481481482598,0.003610404782058419,0.28180210741941736,0.11385043823740516,0.11227567200520698,0.0,0.9999999987499999,0.6069982708395858,0.2863502364410917,0.29253935731746217,0.3742529610554516,sad,04,04,04,female,normal,380
70,2.3356666666666666,True,1.0,0.6171312892505793,0.6358379378715582,0.6264846135610687,0.9460179828901292,-0.06472222222222224,-0.06185185185185188,0.3522788668857607,0.3098878695208971,0.1951451443491232,0.6622333030574418,0.018706648620978927,0.0028703703703703565,0.011269178852130132,0.27153895442893283,0.10642950945754222,0.11411039394042051,0.0,0.9999999987499999,0.6053473582558023,0.3171939055541305,0.26565966713736433,0.37831821636935237,sad,04,04,04,female,normal,380
80,2.6693333333333333,True,1.0,0.6423724580683323,0.6789243151647073,0.6606483866165198,0.6512622121103301,-0.06180555555555556,-0.05754629629629626,0.38795673615131593,0.21460296583348215,0.19309507067744297,1.0144122817686214,0.036551857096374984,0.004259259259259296,0.013023633086274898,0.38416414653019165,0.10514404813339596,0.11529593067602127,0.0,0.9999999987499999,0.6075591393354217,0.31643178251095594,0.2628299246724716,0.37546923212717703,sad,04,04,04,female,normal,380
90,3.003,True,1.0,0.6569000260370739,0.6789227843387471,0.6679114051879105,0.633740704367131,-0.06074074074074082,-0.05671296296296302,0.370403482743381,0.2086707197306399,0.18820457916060043,1.0539190564615906,0.022022758301673218,0.004027777777777797,0.013962649004263826,0.3841463414634151,0.10587943795009223,0.11428805367417809,0.0,0.9999999987499999,0.6075889236319528,0.3153011385186784,0.25759764325103207,0.37083935778928356,sad,04,04,04,female,normal,380
100,3.336666666666667,True,1.0,0.6936492057466721,0.7037986819817548,0.6987239438642134,0.6447153430101136,-0.059444444444444466,-0.05509259259259258,0.36577992910702345,0.23587146695491992,0.18541666666666662,1.0837712355377473,0.010149476235082666,0.0043518518518518845,0.00802318313107994,0.3849198561484548,0.11579737827691576,0.11026656789531973,0.0,0.9999999987499999,0.6122479914543942,0.2857097903762072,0.28430487239146274,0.3635121759347915,sad,04,04,04,female,normal,380
0,0.0,True,1.0,0.6522899578971065,0.6546577305387871,0.6534738442179469,0.6764995083579145,-0.059259259259259345,-0.0564351851851852,0.3656413334060304,0.28318584070796365,0.17570139218256625,0.965963516816356,0.0023677726416805323,0.0028240740740741455,0.005830548133095405,0.3531976744186056,0.1149934192604635,0.11041669505935099,0.0,0.9999999987499999,0.6141009126306772,0.2858873130309189,0.2865796461242223,0.36992788219587364,sad,04,04,04,female,normal,381
10,0.33366666666666667,True,1.0,0.34943448750009704,0.3887391247676163,0.3690868061338567,0.6862159123379856,-0.06879629629629636,-0.06745370370370368,0.3713292789628771,0.2962962962962965,0.17569835258094366,0.5378581281747783,0.03930463726751926,0.001342592592592673,0.00020056200996063558,0.35864601440579874,0.11341668445744638,0.11203565819609373,0.0,0.9999999987499999,0.6161407754508053,0.2854568969510034,0.283989115892502,0.3667382944227002,sad,04,04,04,female,normal,381
20,0.6673333333333333,True,1.0,0.6552035152506982,0.6477620818241878,0.651482798537443,1.2114885009889378,-0.06745370370370368,-0.06240740740740741,0.35956778569018033,0.4361358603560175,0.17851496546228493,0.5377540092255417,0.00744143342651038,0.005046296296296271,0.004250691700743056,0.20424828300651937,0.10385256335456713,0.11596877049562931,0.0,0.9999999987499999,0.6337259866368423,0.3156275927986395,0.27208003930863534,0.38996167611519905,sad,04,04,04,female,normal,381
30,1.0010000000000001,True,1.0,0.37408710178631005,0.3690902171108257,0.3715886594485679,1.1644492151460595,-0.08847222222222223,-0.08495370370370375,0.4038768085638551,0.41177865365835226,0.18826294450387393,0.3191110909907382,0.00499688467548437,0.0035185185185184764,0.017262583008759335,0.23448147984410733,0.1019138137167615,0.11637376697109565,0.0,0.9999999987499999,0.6387238112354316,0.31639205367843115,0.28733382571885646,0.4067261722480741,sad,04,04,04,female,normal,381
40,1.3346666666666667,True,1.0,0.5974108218893488,0.6138208405010624,0.6056158311952056,1.151761948499972,-0.08458333333333329,-0.0794907407407408,0.3428856038232261,0.5006163722487792,0.1931835552199687,0.5258168426070557,0.01641001861171365,0.005092592592592482,0.027284624812227713,0.23002507837117067,0.10181067025080205,0.1161363792849623,0.0,0.9999999987499999,0.6312623278608319,0.31704087832354355,0.28598354150467203,0.39783244273220686,sad,04,04,04,female,normal,381
50,1.6683333333333334,True,1.0,0.7085128409985751,0.7482896609878398,0.7284012509932074,0.9520562816352326,-0.07439814814814816,-0.0717592592592593,0.40218981587061853,0.2770812425062127,0.1902841930437191,0.7650821333189675,0.039776819989264633,0.0026388888888888573,0.003929566694596151,0.24391860682856534,0.1027650368635311,0.11578743546469278,0.0,0.9999999987499999,0.6262341520201831,0.31917864036825544,0.2872828353148396,0.3927822927444294,sad,04,04,04,female,normal,381
60,2.0020000000000002,True,1.0,0.658674608709181,0.6607338871866327,0.6597042479479069,0.8965456971038069,-0.07444444444444454,-0.07023148148148145,0.377159149520833,0.3114550261203265,0.19167024913148814,0.7358289154462617,0.002059278477451687,0.004212962962963085,0.013128203254441737,0.26690063696923394,0.1033411776720277,0.1152735182525062,0.0,0.9999999987499999,0.6304847641712935,0.3163312910225538,0.28449933893585466,0.3951047122553844,sad,04,04,04,female,normal,381
70,2.3356666666666666,True,1.0,0.72164050926025,0.7272187964343246,0.7244296528472873,1.008531957000166,-0.0652314814814815,-0.06356481481481485,0.35585928444387904,0.36817953129293,0.18958333333333333,0.7183011384211081,0.005578287174074603,0.0016666666666666496,0.0042021763276900125,0.258918251232013,0.11478594044150962,0.11284889106955344,0.0,0.9999999987499999,0.6054439645467562,0.283922825573542,0.2957950380704955,0.36737920558573633,sad,04,04,04,female,normal,381
80,2.6693333333333333,True,1.0,0.7206944411940382,0.735425784965656,0.7280601130798472,0.8616407654571654,-0.05912037037037032,-0.056481481481481466,0.36148620081527655,0.3132583897218133,0.18275957330591067,0.8449694376908414,0.014731343771617778,0.0026388888888888573,0.015630677149933457,0.2987492924857573,0.11658318397229052,0.1118461679791657,0.0,0.9999999987499999,0.6080701302239646,0.2831033963077781,0.28977279791079763,0.3629284346323122,sad,04,04,04,female,normal,381
90,3.003,True,1.0,0.6772463797229502,0.7078759493130057,0.6925611645179779,0.8885902676042297,-0.059537037037036944,-0.05509259259259264,0.36474956427747146,0.3349091917608518,0.1746011916098895,0.7793931463881828,0.030629569590055472,0.0044444444444443065,0.037381852005271686,0.28106477382855155,0.10504116316820059,0.11389399018840307,0.0,0.9999999987499999,0.6324636889755901,0.3163204646831874,0.2668861796093373,0.3854485133150955,sad,04,04,04,female,normal,381
100,3.336666666666667,True,1.0,0.6769560973191885,0.732797170268917,0.7048766337940527,0.8759048392612429,-0.057129629629629586,-0.054166666666666696,0.3682406596627902,0.3518550579243827,0.17235020083408983,0.8047411113615504,0.05584107294972851,0.0029629629629628895,0.02921270614586249,0.28175947282731706,0.10372466214130426,0.11426356237451617,0.0,0.9999999987499999,0.633933048610069,0.3153813277884571,0.26252460119148174,0.38640291265761023,sad,04,04,04,female,normal,381
0,0.0,True,1.0,0.5841757743704863,0.60616234306165,0.5951690587160681,0.658364727826874,-0.05814814814814817,-0.05444444444444446,0.3784076949922039,0.26791621109843317,0.17506276776130897,0.9040111560663314,0.021986568691163666,0.003703703703703709,0.01825151804702418,0.36698520858110295,0.11302437923076115,0.11377897125745863,0.0,0.9999999987499999,0.6164611507571778,0.2840705913552377,0.28006493061293036,0.36892846111641914,sad,04,04,04,female,normal,382
10,0.33366666666666667,True,1.0,0.3730297587934343,0.40467155827136103,0.38885065853239764,0.6460592495917801,-0.06574074074074071,-0.06212962962962959,0.3840078733139921,0.26290859607114764,0.1750627677613089,0.6018808008369161,0.031641799477926724,0.0036111111111111205,0.019989360193346743,0.4081469541838294,0.11475129235916957,0.11220699376843593,0.0,0.9999999987499999,0.613232498851103,0.28452948827634483,0.2856852684504124,0.3750884971599104,sad,04,04,04,female,normal,382
20,0.6673333333333333,True,1.0,0.6452213496128288,0.6853739968411936,0.6652976732270113,0.8710521294074103,-0.05759259259259264,-0.055555555555555636,0.378877101551993,0.2979770089535237,0.17165627413460116,0.7637862887490134,0.04015264722836476,0.002037037037037004,0.027718400533498836,0.2883131201732381,0.10199767660461062,0.114816451368314,0.0,0.9999999987499999,0.6380355769964235,0.31501108784649223,0.26276175538071606,0.38289705872804053,sad,04,04,04,female,normal,382
30,1.0010000000000001,True,1.0,0.6571494538441235,0.656459935788875,0.6568046948164992,1.2076447458193864,-0.07694444444444437,-0.06833333333333325,0.3596110761631046,0.4924705530003205,0.1828409589605961,0.5438724402107653,0.000689518055248528,0.008611111111111125,0.031409250279156184,0.20884952740976262,0.11294869849650925,0.11402131404586047,0.0,0.9999999987499999,0.6253799136998549,0.28658800389467354,0.3090958863868406,0.3927777308618749,sad,04,04,04,female,normal,382
40,1.3346666666666667,True,1.0,0.6278714349992928,0.654769831175612,0.6413206330874524,0.8534477481469884,-0.06907407407407412,-0.06449074074074074,0.39172346338434433,0.2795251332026989,0.18285973512150927,0.7514468630093548,0.026898396176319284,0.004583333333333384,0.031175835078580388,0.29292947405720066,0.10385586857580677,0.11481002384528081,0.0,0.9999999987499999,0.6357600750925371,0.31563353266790334,0.2734671432206111,0.3978580830726597,sad,04,04,04,female,normal,382
50,1.6683333333333334,True,1.0,0.6436498262197826,0.6707948851091228,0.6572223556644528,1.149079483183082,-0.06060185185185191,-0.05625000000000002,0.39615241257046957,0.344587584813689,0.17800465517998548,0.5719555220356658,0.027145058889340157,0.0043518518518518845,0.03936466332515689,0.23494911375652439,0.11382957873233657,0.11314192659892083,0.0,0.9999999987499999,0.616609113192152,0.2869598910801344,0.29882059756790696,0.384527894159438,sad,04,04,04,female,normal,382
60,2.0020000000000002,True,1.0,0.6181404685365559,0.659003831417625,0.6385721499770904,0.820491279027805,-0.07027777777777777,-0.06347222222222226,0.39737777936684754,0.2374066161107189,0.189834685211682,0.7782802405087481,0.040863362881069065,0.006805555555555509,0.04310064266563366,0.2908562158387764,0.11301326261917341,0.11395732105022606,0.0,0.9999999987499999,0.6102323456804597,0.28584764562445314,0.29080330434687707,0.37802615471986695,sad,04,04,04,female,normal,382
70,2.3356666666666666,True,1.0,0.6968382857872398,0.7325872409981905,0.7147127633927152,1.045757194111975,-0.07435185185185189,-0.06898148148148148,0.35761596024438524,0.3538955869344085,0.1959458913701308,0.6834404462305682,0.03574895521095067,0.005370370370370414,0.037085224938735166,0.2442169060747906,0.10382690862266081,0.11516754731218098,0.0,0.9999999987499999,0.6298689996936274,0.3169984473856392,0.2741572673461188,0.39108673170202035,sad,04,04,04,female,normal,382
80,2.6693333333333333,True,1.0,0.6633200174208181,0.7037651020011958,0.683542559711007,0.6267515699159781,-0.06300925925925926,-0.056296296296296344,0.37867211429765324,0.23685351993741652,0.1841210342932545,1.0906116434660742,0.040445084580377655,0.006712962962962921,0.034047244692211154,0.4143100432804319,0.11413942720911174,0.11198187338745808,0.0,0.9999999987499999,0.6107904716574128,0.28206330869504753,0.2837303753397501,0.3674440301843287,sad,04,04,04,female,normal,382
90,3.003,True,1.0,0.6765178127078545,0.7051764749186344,0.6908471438132444,0.6424214020104745,-0.06092592592592594,-0.05402777777777784,0.36761416644258516,0.2349437922913603,0.18069241024054614,1.0753800257139945,0.02865866221077995,0.006898148148148098,0.035456889013107784,0.38708543858794614,0.11445571820973036,0.11233901001185935,0.0,0.9969953275760389,0.6130814576455582,0.281553106477757,0.2807037175782475,0.36151328863116183,sad,04,04,04,female,normal,382
100,3.336666666666667,True,1.0,0.6625712970431644,0.6932352664838756,0.67790328176352,0.6755467816115663,-0.06319444444444439,-0.05550925925925926,0.37474794128956446,0.26081496560854006,0.17861067320152157,1.0034882856614786,0.030663969440711147,0.007685185185185128,0.03222748948317114,0.37667916772548204,0.11633403502689611,0.11056518820798365,0.0,0.8468244037390766,0.6151401873014831,0.2834052811138398,0.2868072442462094,0.3674282454573955,sad,04,04,04,female,normal,382
0,0.0,True,1.0,0.49063776839149714,0.4851892741727374,0.4879135212821173,0.5833856468358029,-0.05888888888888888,-0.055833333333333346,0.42733895003372907,0.1944444444444438,0.16811047822147215,0.8363481753939059,0.0054484942187597585,0.0030555555555555336,0.014555849345640793,0.38908707317513685,0.0973503496127718,0.11519967934378807,0.0,0.9999999987499999,0.6593071320559474,0.3140488053724123,0.2592707245781838,0.3974688421037237,sad,04,04,04,female,normal,383
10,0.33366666666666667,True,1.0,0.5754895514252213,0.6091905293264426,0.5923400403758319,0.6919417034704449,-0.05986111111111109,-0.057268518518518496,0.37019590679520775,0.32172326084946234,0.16679890790460358,0.8560548343956444,0.033700977901221285,0.002592592592592591,0.023402144470793564,0.3561251437558845,0.09697182375974282,0.11518816863076445,0.0,0.9999999987499999,0.6598150659248075,0.3137373541811362,0.2573821080037272,0.3943583772340318,sad,04,04,04,female,normal,383
20,0.6673333333333333,True,1.0,0.3290260734122404,0.36038646854258477,0.3447062709774126,0.6748870163567052,-0.06814814814814812,-0.06328703703703703,0.40668486924651004,0.2346731390085007,0.1646876008887789,0.5107614498768507,0.03136039513034439,0.004861111111111094,0.01830258970792338,0.36930490277493977,0.09699375791475143,0.11615801051387988,0.0,0.9999999987499999,0.6621304740646258,0.31421276689758365,0.2621078840456923,0.3987615920077252,sad,04,04,04,female,normal,383
30,1.0010000000000001,True,1.0,0.3524423096437092,0.38632441194396594,0.3693833607938376,0.9637198392742896,-0.09060185185185182,-0.08597222222222217,0.3661811100045804,0.4416273033563633,0.18359324209445113,0.3832891528641711,0.03388210230025673,0.00462962962962965,0.02247044768362921,0.2645614376348774,0.10888363223937478,0.11512973582007931,0.0,0.9999999987499999,0.6479193490521208,0.2887148456449862,0.286003029950114,0.37860609911938853,sad,04,04,04,female,normal,383
40,1.3346666666666667,True,1.0,0.6683366590206014,0.6859437563244697,0.6771402076725355,0.8806650825678968,-0.08222222222222225,-0.07717592592592598,0.37613047800798866,0.3378399065669062,0.19405847419334724,0.7688963955492466,0.017607097303868335,0.005046296296296271,0.022907701497442003,0.2860757692688762,0.09506103564686887,0.11725851841084237,0.0,0.9999999987499999,0.6569691978979091,0.3157998193353737,0.27322570169753035,0.40073705761102113,sad,04,04,04,female,normal,383
50,1.6683333333333334,True,1.0,0.6527071384851777,0.6986409484528717,0.6756740434690247,1.1742174722716687,-0.0627314814814815,-0.06046296296296305,0.39855990504907957,0.38378898203961587,0.1730930638915411,0.5754249612398032,0.04593380996769403,0.0022685185185184475,0.01617003004048391,0.22387261743007916,0.09594198622524605,0.11505807398773293,0.0,0.9999999987499999,0.6607346450064402,0.3156562950749156,0.2719030307474194,0.4113553102018855,sad,04,04,04,female,normal,383
60,2.0020000000000002,True,1.0,0.628061437934693,0.646383338077435,0.637222388006064,0.7677311479097494,-0.06541666666666662,-0.06162037037037038,0.4190291996891178,0.2843294441550334,0.1743493202928917,0.8300072098689588,0.01832190014274193,0.003796296296296242,0.011670864414622601,0.2916508440249062,0.09696349022309189,0.11601917986696136,0.0,0.9999999987499999,0.6596647104544943,0.3146319818143553,0.26501173706801096,0.40198562887511496,sad,04,04,04,female,normal,383
70,2.3356666666666666,True,1.0,0.665907609048284,0.6780291943462351,0.6719684016972596,1.0935472071863794,-0.0705555555555556,-0.06773148148148145,0.3502161163706144,0.49543704150389006,0.17778850629011583,0.614485042146637,0.012121585297951043,0.0028240740740741455,0.004625618079476313,0.23726803354959983,0.09715288008836807,0.11651653193496155,0.0,0.9999999987499999,0.6613460539059374,0.31287125899851725,0.2642218783091593,0.40239810440800705,sad,04,04,04,female,normal,383
80,2.6693333333333333,True,1.0,0.6704688620823049,0.6599324193084198,0.6652006406953623,0.6492218891852914,-0.06342592592592589,-0.06319444444444444,0.3970103223983656,0.27261209656294344,0.17644121757180897,1.0246121576863692,0.010536442773885102,0.00023148148148144365,0.01505350401406012,0.3836941990285517,0.09832723333607954,0.1163488686897349,0.0,0.9999999987499999,0.6578847514005602,0.31349467127044767,0.2647609619109667,0.3990824299521891,sad,04,04,04,female,normal,383
90,3.003,True,1.0,0.650105994541801,0.6391951084141297,0.6446505514779654,0.6562914050732346,-0.060324074074074086,-0.05884259259259261,0.3847676467493548,0.2747031316883978,0.17639580927478637,0.9822626755351607,0.010910886127671215,0.0014814814814814725,0.016749739917639034,0.36698520858110295,0.09818826317960681,0.11431980457167827,0.0,0.9999999987499999,0.65536522220607,0.3125279347184783,0.25998751926768526,0.3940071942832282,sad,04,04,04,female,normal,383
100,3.336666666666667,True,1.0,0.632691842176292,0.6462256953009605,0.6394587687386263,0.6740680327979272,-0.058148148148148115,-0.05671296296296291,0.38299171297955803,0.29105104964599726,0.17222266521875434,0.9486561261247705,0.013533853124668482,0.001435185185185206,0.003754587583207505,0.35864601440579874,0.09852229506734755,0.11601964268391235,0.0,0.9999999987499999,0.6613257954744397,0.31045241388595096,0.2553580113198395,0.3900290048717489,sad,04,04,04,female,normal,383
0,0.0,True,1.0,0.5837000295730546,0.5813143826378179,0.5825072061054362,0.5828276259705378,-0.05782407407407403,-0.05351851851851852,0.42269239622066,0.20121429944220912,0.17016086012648832,0.9994502321941791,0.002385646935236685,0.004305555555555507,0.0047338367512759025,0.4292322946980941,0.10945305864480671,0.11392152387867109,0.0,0.9999999987499999,0.6441415467827756,0.2891821272585724,0.28403529688657103,0.3769292415853074,sad,04,04,04,female,strong,384
10,0.33366666666666667,True,1.0,0.5309029701530806,0.5229042819255973,0.5269036260393389,0.579124579124579,-0.056712962962962854,-0.052083333333333315,0.43346995658875337,0.16161616161616207,0.16746364915329026,0.909827772870254,0.007998688227483286,0.004629629629629539,0.010926961062231353,0.44537502200026935,0.11117821199864535,0.11274663041239039,0.0,0.9999999987499999,0.6474890698076106,0.28701518001288856,0.2885666107716806,0.3826033471214377,sad,04,04,04,female,strong,384
20,0.6673333333333333,True,1.0,0.4655413138979609,0.49878280238174627,0.4821620581398536,0.816494506808898,-0.06555555555555553,-0.059120370370370434,0.44425414479922437,0.19753086419753121,0.17158158900111725,0.590527007982314,0.033241488483785386,0.006435185185185099,0.015053504014060191,0.30887641634857343,0.10941122493199189,0.11462846635455341,0.0,0.9999999987499999,0.6461216699883079,0.2894438709480874,0.29523776650639827,0.39300983569618675,sad,04,04,04,female,strong,384
30,1.0010000000000001,True,1.0,0.27488772609412554,0.2788039982586125,0.27684586217636903,0.9918926353777751,-0.08037037037037031,-0.07546296296296295,0.4547013606402571,0.22542412950676285,0.1764619717587119,0.27910869816159967,0.003916272164486978,0.00490740740740736,0.011599154520274504,0.27758999578024646,0.10720166314646569,0.11637051586666683,0.0,0.9999999987499999,0.6437817214307598,0.2901972340301751,0.3030552599110741,0.3993964207914526,sad,04,04,04,female,strong,384
40,1.3346666666666667,True,1.0,0.19047619047619063,0.20456398664192332,0.19752008855905698,0.7707340606291216,-0.08787037037037043,-0.08861111111111103,0.4226512442729497,0.2614463044353292,0.19248957256034346,0.2562752817720663,0.014087796165732691,0.0007407407407405975,0.018283042535334217,0.32334137169961547,0.10876930994559085,0.11556793045084544,0.0,0.9999999987499999,0.6393162654280462,0.28925752848212744,0.3085765884166439,0.389275755516384,sad,04,04,04,female,strong,384
50,1.6683333333333334,True,1.0,0.24747604832078096,0.24549068201466667,0.24648336516772382,0.9018004509907852,-0.08629629629629632,-0.08069444444444446,0.45096002825724957,0.19323671497584466,0.19105050873278595,0.2733236215361379,0.001985366306114289,0.005601851851851858,0.016935371159345052,0.2976548210303815,0.09428439217377861,0.1193295837505409,0.0,0.9999999987499999,0.6569401709355617,0.3139723822484168,0.29127824688991594,0.41672400131078513,sad,04,04,04,female,strong,384
60,2.0020000000000002,True,1.0,0.5064288780935016,0.5280530388413971,0.5172409584674493,0.9963004220901748,-0.07671296296296298,-0.0698611111111111,0.4315095261454736,0.2961888659305094,0.18827388599143427,0.5191616373927763,0.021624160747895527,0.006851851851851887,0.017990655606483472,0.2888430067190953,0.10839574623468476,0.11673727455542586,0.0,0.9999999987499999,0.6384649999374751,0.2888984363067864,0.31410318709089974,0.3984112767647976,sad,04,04,04,female,strong,384
70,2.3356666666666666,True,1.0,0.585005505148493,0.6323105530162222,0.6086580290823576,0.8917174650109507,-0.07314814814814813,-0.06532407407407403,0.3630505575589165,0.3740330822625452,0.1877963965902051,0.682568249434122,0.047305047867729155,0.007824074074074094,0.03675659890574725,0.28617668232126925,0.11138522569139066,0.11355330323482801,0.0,0.9999999987499999,0.639270159868635,0.28455175609751304,0.3066483502456311,0.3871166049695241,sad,04,04,04,female,strong,384
80,2.6693333333333333,True,1.0,0.6027037348255511,0.6131480244077251,0.607925879616638,0.6496114242683217,-0.0681944444444445,-0.05972222222222218,0.4357933806696404,0.12593677428654843,0.19187712241237034,0.9358300314705279,0.010444289582174027,0.008472222222222325,0.029291077738865117,0.4022771775939396,0.10891208209174197,0.1167463031087806,0.0,0.9999999987499999,0.6270338702903037,0.2838594349872192,0.302881795936512,0.3867187317730176,sad,04,04,04,female,strong,384
90,3.003,True,1.0,0.540287250336454,0.58179835380401,0.561042802070232,0.4621359735971777,-0.061990740740740735,-0.054768518518518494,0.38988029321404805,0.06704012325445563,0.18829819813198714,1.2140210546761434,0.04151110346755604,0.007222222222222241,0.02514967189657159,0.511807485930861,0.11171033903672638,0.11373712310757883,0.0,0.9999999987499999,0.6272479035989397,0.28279218738528483,0.29432139022581266,0.3719857333996602,sad,04,04,04,female,strong,384
100,3.336666666666667,True,1.0,0.3290260734122412,0.3603864685425844,0.3447062709774128,0.5007662741881155,-0.07231481481481483,-0.06662037037037033,0.41140587222193725,0.06435100128926008,0.18548619256239374,0.6883576006317113,0.031360395130343166,0.005694444444444502,0.017957119750079936,0.46931899363217927,0.11147630620542197,0.1141335626481153,0.0,0.9999999987499999,0.6339541591792968,0.2833765344387516,0.29677339897483546,0.38465019536016826,sad,04,04,04,female,strong,384
0,0.0,True,1.0,0.5557815082272494,0.56140350877193,0.5585925084995897,0.9108913523304124,-0.06282407407407403,-0.05685185185185182,0.387392354217545,0.313585547523585,0.17089763144651185,0.6132372506012863,0.00562200054468065,0.005972222222222212,0.020569898542775838,0.29553698979213017,0.1017985213631422,0.11466122575000816,0.0,0.9999999987499999,0.6492564404902587,0.3110719360163696,0.27287110692603334,0.40730442495286756,sad,04,04,04,female,strong,385
10,0.33366666666666667,True,1.0,0.5537550306337554,0.5604512274415163,0.5571031290376358,0.903642965249862,-0.06472222222222229,-0.05740740740740735,0.38856079948843214,0.31848357024997814,0.17230902777777785,0.6165080130774813,0.006696196807760901,0.0073148148148149406,0.015567991047253387,0.2955244254562571,0.10076207942692417,0.1150774832407348,0.0,0.9999999987499999,0.6500962562837634,0.3105061419476917,0.2714118280742002,0.4032449566438525,sad,04,04,04,female,strong,385
20,0.6673333333333333,True,1.0,0.5751418663731757,0.5925925925925927,0.5838672294828842,0.9584541062801941,-0.06731481481481477,-0.06046296296296294,0.373320658506674,0.3864734299516909,0.17293254978509282,0.6091759904382908,0.017450726219417012,0.006851851851851831,0.003828429555335157,0.2726548977888374,0.11388039764760824,0.11190529901561974,0.0,0.9601646644093803,0.6336050314969738,0.28529168946111066,0.2957162709856356,0.3885004433982977,sad,04,04,04,female,strong,385
30,1.0010000000000001,True,1.0,0.607259996416415,0.5715931376441435,0.5894265670302793,1.0846216308820156,-0.08180555555555552,-0.07537037037037037,0.4381397046126172,0.3397531906000976,0.18346811599750418,0.5434398044882776,0.03566685877227149,0.006435185185185155,0.007664168315023944,0.25752420660960135,0.110732386833289,0.11518673260927995,0.0,0.9999999987499999,0.6359397291260254,0.2875156660718747,0.3306261743932027,0.4244740289671011,sad,04,04,04,female,strong,385
40,1.3346666666666667,True,1.0,0.6271728227655755,0.6736275957023163,0.6504002092339459,0.7531247542239184,-0.08398148148148149,-0.08347222222222223,0.38864317114359037,0.36878177829171527,0.19215366579153975,0.8636022194014479,0.04645477293674083,0.0005092592592592649,0.04286153826959411,0.33302470363436554,0.09669671105791831,0.11738331328040655,0.0,0.9999999987499999,0.6733577742737721,0.305831672617829,0.29285219951297264,0.4276219798497043,sad,04,04,04,female,strong,385
50,1.6683333333333334,True,1.0,0.6194853948326755,0.6004266800575964,0.6099560374451359,1.0771134150134318,-0.08912037037037035,-0.0803240740740741,0.42875659824672463,0.3019396277374698,0.19683189869663298,0.5662876619520422,0.019058714775079144,0.008796296296296247,0.036910383834106594,0.2616554478402045,0.09833261720142329,0.11797050449739545,0.0,0.9999999987499999,0.6477504819271459,0.31203270176430203,0.30036056040529613,0.4192381879153039,sad,04,04,04,female,strong,385
60,2.0020000000000002,True,1.0,0.18677148843293653,0.19231748862329695,0.18954448852811673,0.545024125278957,-0.09574074074074068,-0.08870370370370378,0.4378594508485835,0.15566534570676877,0.199336559854055,0.3477726576435549,0.005546000190360417,0.007037037037036897,0.020766267725192647,0.4825573084017143,0.10062358490133279,0.11684073534626262,0.0,0.9999999987499999,0.6465428835440427,0.3108967776039512,0.291857740776597,0.4074603203703858,sad,04,04,04,female,strong,385
70,2.3356666666666666,True,1.0,0.4052610269351691,0.4126835875141936,0.40897230722468136,1.0198395862105152,-0.08300925925925928,-0.07884259259259263,0.36989722699514405,0.41719195196397973,0.19028419304371916,0.40101630957896683,0.0074225605790245175,0.004166666666666652,0.0017070260808566826,0.23862769720801297,0.10975684846774066,0.11496239143599905,0.0,0.9999999987499999,0.6305067741471588,0.2842508584629564,0.3081148904360443,0.38827858979026314,sad,04,04,04,female,strong,385
80,2.6693333333333333,True,1.0,0.21856918150394827,0.2023357791356805,0.2104524803198144,0.7644633728134161,-0.0894907407407407,-0.08439814814814822,0.441632764696708,0.19745166605945635,0.19792283433372324,0.27529439317059323,0.016233402368267785,0.005092592592592482,0.0016301557733603086,0.35657697641790065,0.10890553367406322,0.11675241175381876,0.0,0.9999999987499999,0.6169822946834983,0.28395193880899927,0.3083855584829679,0.3832048991368318,sad,04,04,04,female,strong,385
90,3.003,True,1.0,0.3192334562110395,0.3277318957995212,0.32348267600528036,0.5418181058484448,-0.06870370370370371,-0.061990740740740846,0.4472986162926014,0.06929638701846409,0.19175620820850034,0.5970318682848956,0.008498439588481732,0.006712962962962865,0.021638020798330035,0.48452854886416535,0.1047468490061822,0.11483031121684203,0.0,0.9999999987499999,0.6255206794436524,0.3122710479851444,0.28941400161520764,0.4006231410602313,sad,04,04,04,female,strong,385
100,3.336666666666667,True,1.0,0.44857669880828577,0.4896537434974001,0.46911522115284293,0.5532251925582784,-0.06333333333333335,-0.05675925925925934,0.4397823601026012,0.13498596623515502,0.18206558918309676,0.8479643144657136,0.04107704468911433,0.00657407407407401,0.028075874592105594,0.475703965400688,0.10112206368192696,0.11575308082990644,0.0,0.9999999987499999,0.646479680809824,0.3104113438222357,0.2861300592466434,0.4047225438906546,sad,04,04,04,female,strong,385
110,3.6703333333333332,True,1.0,0.48595836673587395,0.5212153796233978,0.5035868731796359,0.6012527967487827,-0.0665277777777778,-0.06092592592592594,0.41682856182866357,0.21178765665413954,0.17850684503424194,0.8375626290683952,0.035257012887523864,0.005601851851851858,0.020839814450442938,0.4369936284314447,0.11384955617929067,0.11278448125106805,0.0,0.9999999987499999,0.6328728613711111,0.2818420798610173,0.3088623916868164,0.3931258871091354,sad,04,04,04,female,strong,385
0,0.0,True,1.0,0.5486514547986397,0.5384266393322048,0.5435390470654222,0.5870196454233838,-0.06083333333333335,-0.05504629629629626,0.4457374839037018,0.1800494578765481,0.17222266521875423,0.9259299093361663,0.010224815466434944,0.0057870370370370905,0.0043065014924337786,0.4351106627808475,0.11157611182070075,0.11453610820063397,0.0,0.9999999987499999,0.6466585005408413,0.2913003919274727,0.2922402938488644,0.39313411377282514,sad,04,04,04,female,strong,386
10,0.33366666666666667,True,1.0,0.4988259708279056,0.5059608786621549,0.5023934247450302,0.5966219529343078,-0.05972222222222223,-0.05560185185185179,0.43550812467718863,0.16949487299270155,0.17084449793611553,0.842063256764451,0.007134907834249304,0.004120370370370441,0.002988895864644556,0.4224867389050448,0.10987307585084746,0.11199579155030086,0.0,0.9999999987499999,0.6376032696437951,0.2911534243007738,0.29178965059307643,0.38774698369084265,sad,04,04,04,female,strong,386
20,0.6673333333333333,True,1.0,0.5076981253926701,0.5078375694331064,0.5077678474128883,0.8065726545658588,-0.06416666666666676,-0.056435185185185144,0.4277622363649884,0.2597319322891885,0.16944489470319554,0.6295376424411468,0.00013944404043630954,0.007731481481481617,0.002803723806454795,0.3531451401601115,0.1086283423884066,0.1137072785460935,0.0,0.9999999987499999,0.6381734932879402,0.29141002875105,0.29233844285128036,0.39159984601679854,sad,04,04,04,female,strong,386
30,1.0010000000000001,True,1.0,0.5938663881657545,0.6023631460032685,0.5981147670845115,1.0197136796931945,-0.08097222222222217,-0.08032407407407405,0.4236585920033998,0.39272756582778484,0.19310336782570575,0.586551675235414,0.008496757837513913,0.0006481481481481199,0.011457684253223698,0.24324324324324328,0.10816861549232706,0.11497622504121774,0.0,0.9999999987499999,0.6304808663230917,0.29019586712824336,0.32714232272061594,0.4130247337950938,sad,04,04,04,female,strong,386
40,1.3346666666666667,True,1.0,0.34948656202347156,0.3752501416398336,0.3623683518316526,0.7957784950702772,-0.07874999999999999,-0.08138888888888884,0.45123917707531774,0.2758532879742623,0.181492294946645,0.45536333800984524,0.025763579616362053,0.0026388888888888573,0.020095371927395658,0.3280805287187337,0.10991365287944416,0.11613241460097004,0.0,0.9999999987499999,0.6324734930612871,0.287022309641505,0.32543696673395983,0.4068490907583698,sad,04,04,04,female,strong,386
50,1.6683333333333334,True,1.0,0.6031357694386045,0.6127390518863083,0.6079374106624564,0.8735247061910568,-0.07837962962962963,-0.07134259259259262,0.4915823175592487,0.12978828709505408,0.19114832178248242,0.6959590339617581,0.00960328244770381,0.007037037037037008,0.023048373491110406,0.306603157513312,0.10865492144216098,0.11665950911345967,0.0,0.9999999987499999,0.6357258058145134,0.2890251973761005,0.32848996228683136,0.4103617793574428,sad,04,04,04,female,strong,386
60,2.0020000000000002,True,1.0,0.6392186043880788,0.6548872342251797,0.6470529193066292,0.6135937483638897,-0.07796296296296296,-0.06662037037037033,0.44361706422573216,0.14335061641749053,0.19013346128454986,1.0545298432911945,0.015668629837100934,0.011342592592592626,0.04523348890121985,0.41115523846116203,0.09883160784335851,0.11592073737106416,0.0,0.9999999987499999,0.657010756154024,0.311503221690957,0.28816237169029024,0.40863132829711485,sad,04,04,04,female,strong,386
70,2.3356666666666666,True,1.0,0.503490287698654,0.5285219225585349,0.5160061051285945,0.8114653819694765,-0.0784259259259259,-0.06800925925925932,0.38747889879532105,0.27271933683087846,0.1934598085672169,0.6358941694791906,0.025031634859880914,0.010416666666666574,0.04889756319662397,0.2952076258096549,0.09892299325563816,0.1158427618242479,0.0,0.9999999987499999,0.6526286439419517,0.3124173190499055,0.28912497723147396,0.41276420707872213,sad,04,04,04,female,strong,386
80,2.6693333333333333,True,1.0,0.17694779346720488,0.19312330425410743,0.18503554886065615,0.834473431507682,-0.08546296296296296,-0.07754629629629628,0.4317396239011735,0.22204105661809673,0.19253594035313742,0.22173929315681604,0.016175510786902547,0.007916666666666683,0.031063472021580916,0.3360174329562244,0.10956204192286886,0.11630048939104749,0.0,0.9999999987499999,0.6179806189507053,0.28734934056113126,0.3087534277375133,0.3902347551348653,sad,04,04,04,female,strong,386
90,3.003,True,1.0,0.6677807109048022,0.6750231387785507,0.6714019248416765,0.35842293906810047,-0.06361111111111112,-0.05814814814814817,0.41056757266530974,0.08602150537634384,0.18333999159310851,1.873211370308277,0.007242427873748514,0.005462962962962947,0.0021859734012376684,0.6761841465163172,0.09994864801947345,0.11462706454162028,0.0,0.9999999987499999,0.6469860746407938,0.3160169486587819,0.27464782864683907,0.39082314650058014,sad,04,04,04,female,strong,386
100,3.336666666666667,True,1.0,0.6372034839569841,0.6505150001890313,0.6438592420730077,0.49143416706440995,-0.061203703703703705,-0.05722222222222212,0.40464060357899057,0.16619763679548272,0.17778464410025674,1.3101637721266135,0.013311516232047182,0.003981481481481586,0.00046994294146466225,0.4971261963684413,0.11263123607945627,0.11180748630809798,0.0,0.9999999987499999,0.6332650702312174,0.2862823608957826,0.297329250527524,0.38156931868193383,sad,04,04,04,female,strong,386
110,3.6703333333333332,True,1.0,0.3457519032437867,0.3788177178556541,0.3622848105497204,0.5098017565487772,-0.07259259259259254,-0.06782407407407409,0.4041380321209608,0.1747891736738661,0.17778164011680328,0.7106386078429634,0.03306581461186742,0.00476851851851845,0.0010935273699365174,0.48214285714285776,0.11102070182673149,0.11357472011183083,0.0,0.9999999987499999,0.6377633940216713,0.2859776220923593,0.29892075471840035,0.39394831850691725,sad,04,04,04,female,strong,386
0,0.0,True,1.0,0.17493265850410847,0.20415153899319413,0.1895420987486513,0.684773662551441,-0.07916666666666666,-0.0721296296296296,0.4462473453684095,0.19753086419753121,0.17363923383335503,0.2767952523793403,0.029218880489085663,0.007037037037037064,0.012187809571454567,0.37909385510718746,0.10760055956571869,0.11632979420838004,0.0,0.9999999987499999,0.6434581929099764,0.2882930128961334,0.2932932787552504,0.3816397132836658,sad,04,04,04,female,strong,387
10,0.33366666666666667,True,1.0,0.2257913085666571,0.24363485977183402,0.23471308416924558,0.5970090269060807,-0.0822222222222222,-0.0762962962962963,0.44362469041769476,0.15255705548823636,0.17362209709164375,0.39314830026208264,0.017843551205176916,0.00592592592592589,0.00560992935911371,0.43802979060535,0.11074966960896178,0.11299913374217485,0.0,0.9999999987499999,0.6393524937865771,0.2878215489073674,0.2970827186608065,0.3830909209184324,sad,04,04,04,female,strong,387
20,0.6673333333333333,True,1.0,0.29119290492619476,0.28442727788398586,0.2878100914050903,0.9427609427609425,-0.07620370370370366,-0.07097222222222221,0.4325224595216631,0.3097643097643097,0.1750156940507407,0.3052842755261137,0.006765627042208899,0.005231481481481448,0.006776206319203992,0.3056911289627667,0.109056959006565,0.11479972641356587,0.0,0.9999999987499999,0.635385790910114,0.28960628419980317,0.3001511357222612,0.3920575438471581,sad,04,04,04,female,strong,387
30,1.0010000000000001,True,1.0,0.20670736634049788,0.23336215034264457,0.2200347583415712,1.0106565955213873,-0.08476851851851852,-0.08893518518518523,0.4182941153923305,0.3875455726507864,0.1849220157844342,0.21771466125747446,0.026654784002146686,0.004166666666666707,0.021245969370342892,0.2710074163535524,0.10754859086957774,0.11719352277069642,0.0,0.9999999987499999,0.6386961131405687,0.2885410677224489,0.30903985981265447,0.40274940451188695,sad,04,04,04,female,strong,387
40,1.3346666666666667,True,1.0,0.1651282492287187,0.19602724598203472,0.1805777476053767,0.7060032739112939,-0.08111111111111119,-0.08347222222222217,0.4583750427333933,0.18604058956403738,0.17742078753825455,0.2557746603708604,0.030898996753316033,0.0023611111111109806,0.02597647891969289,0.3720252264127632,0.10997872939993879,0.115081728371101,0.0,0.9999999987499999,0.636055079273897,0.2886698439158656,0.3114313535978549,0.3957700026633235,sad,04,04,04,female,strong,387
50,1.6683333333333334,True,1.0,0.5158437277191802,0.5704194532490431,0.5431315904841116,0.9184326329117708,-0.07777777777777778,-0.070462962962963,0.47074342036647254,0.10398380137703106,0.19408088240735,0.5913679142281605,0.054575725529862895,0.007314814814814774,0.04367631438470239,0.29492391436874915,0.10793588394686976,0.11781124657358141,0.0,0.9999999987499999,0.6213056365046018,0.29114170127324485,0.32331339053817915,0.41921702193868027,sad,04,04,04,female,strong,387
60,2.0020000000000002,True,1.0,0.49856405419587974,0.5199388629935615,0.5092514585947207,1.0068059144319892,-0.07731481481481478,-0.06865740740740744,0.41815625581119414,0.24117865059012775,0.19207384286026846,0.5058089660528321,0.021374808797681777,0.008657407407407336,0.04714783514255662,0.28021698365691006,0.09593014984977025,0.11801060340373103,0.0,0.9999999987499999,0.6527876552183374,0.3139818172457553,0.281679840599625,0.4069505912612535,sad,04,04,04,female,strong,387
70,2.3356666666666666,True,1.0,0.6074893111156632,0.618867984149691,0.613178647632677,0.9038582785385965,-0.0755555555555556,-0.06453703703703706,0.3708691898580065,0.30375484834123656,0.19276682045388732,0.6784013182067604,0.011378673034027842,0.011018518518518539,0.044764595299027876,0.27631701619665994,0.09876008388696011,0.11614583005834607,0.0,0.9999999987499999,0.651434971394808,0.3149858763535988,0.2814778830083097,0.4026792958518345,sad,04,04,04,female,strong,387
80,2.6693333333333333,True,1.0,0.1759672381214592,0.18594745666408094,0.18095734739277008,0.7635937058968417,-0.08694444444444444,-0.07990740740740743,0.4274256504376385,0.17407668054220962,0.19479725633815054,0.23698119300267864,0.009980218542621738,0.007037037037037008,0.035228409148926935,0.35683533596913175,0.10978671722195471,0.11592418917910029,0.0,0.9999999987499999,0.6217040260088411,0.28577167958559213,0.3036957104527928,0.38513370531168595,sad,04,04,04,female,strong,387
90,3.003,True,1.0,0.5734419948884497,0.6084402845876884,0.590941139738069,0.5788818708121195,-0.06282407407407409,-0.05587962962962972,0.4061747843730592,0.11991057238399305,0.18437610856573253,1.0208320030976812,0.03499828969923868,0.006944444444444364,0.040366526448159426,0.4447036749295174,0.1111471122353888,0.11412076285584702,0.0,0.9948883075090621,0.6211021886957907,0.2851661459508629,0.2923173186042089,0.37846993834830744,sad,04,04,04,female,strong,387
100,3.336666666666667,True,1.0,0.2869777070001277,0.29480908277830753,0.2908933948892176,0.5560327520280152,-0.07314814814814818,-0.06444444444444447,0.4187397176595365,0.11805195295082868,0.18437610856573253,0.5231587416896645,0.007831375778179828,0.008703703703703713,0.036472969939996866,0.46966627246644493,0.10868480889845199,0.11348555120151615,0.0,0.9999999987499999,0.6321352508816026,0.2855757352234501,0.2926222201490444,0.3889363563163591,sad,04,04,04,female,strong,387
110,3.6703333333333332,True,1.0,0.5062849774547773,0.536398467432951,0.5213417224438641,0.6311207025740384,-0.06370370370370365,-0.05476851851851855,0.4300104832679225,0.1476668045323045,0.18079878115456227,0.8260570764317531,0.030113489978173757,0.008935185185185102,0.027931686468646678,0.42091829952856585,0.11214554562631006,0.11397861819929092,0.0,0.9999999987499999,0.6258514372545892,0.2842697554580983,0.28992459984092833,0.38439342636067625,sad,04,04,04,female,strong,387
0,0.0,True,1.0,0.6693764055423326,0.6509782485375956,0.660177327039964,0.6106202589039562,-0.061435185185185204,-0.06333333333333324,0.40387133595982233,0.23209743609792932,0.17365677025457935,1.081158571818369,0.018398157004737015,0.0018981481481480378,0.035779142706227035,0.3860401863509677,0.11115024519953168,0.11327988491812228,0.0,0.9986572772471102,0.6331716325280112,0.288568394069458,0.28282054434797427,0.39648918077478446,angry,05,04,04,female,normal,388
10,0.33366666666666667,True,1.0,0.6410837006910692,0.6342954840982022,0.6376895923946357,0.6470164426258987,-0.06050925925925926,-0.06245370370370368,0.39774103277785866,0.2636350265808314,0.17100482937214287,0.9855848327541565,0.006788216592866991,0.0019444444444444153,0.03754160571564986,0.3555206151173967,0.11155370582481385,0.1128825941052361,0.0,0.9999999987499999,0.631495234961172,0.28844599565096674,0.28622447255000355,0.39480868869104313,angry,05,04,04,female,normal,388
20,0.6673333333333333,True,1.0,0.6085972233084133,0.628964078710017,0.6187806510092151,0.6778023679658243,-0.0621296296296297,-0.0641666666666667,0.39414304176258835,0.2718636789538787,0.17161932530120347,0.9129219375055575,0.020366855401603767,0.002037037037037004,0.0418827709486928,0.32368478117621063,0.11010143830069116,0.11312672092095738,0.0,0.98620778551387,0.628106253868735,0.28936329015844436,0.2827223015504726,0.3936999389397303,angry,05,04,04,female,normal,388
30,1.0010000000000001,True,1.0,0.611375645241468,0.6445582538065379,0.627966949524003,1.1586153803753367,-0.06740740740740747,-0.06921296296296292,0.42434875377079556,0.41333735047522885,0.16751093333732997,0.5419977674735954,0.03318260856506983,0.0018055555555554492,0.031138135483144553,0.22215537260155224,0.10968008124229643,0.11370297018334956,0.0,0.9999999987499999,0.6355219814722765,0.2958904285912599,0.30197053940217305,0.4111906124570976,angry,05,04,04,female,normal,388
40,1.3346666666666667,True,1.0,0.4841839669422588,0.5393283728828283,0.5117561699125436,0.8256732169371511,-0.0673611111111111,-0.07097222222222227,0.4092344875964575,0.34836641910442456,0.1646695726155114,0.6198047355961379,0.05514440594056952,0.003611111111111176,0.01854987908283014,0.2761095106174113,0.11147758146816295,0.11261993726869043,0.0,0.9999999987499999,0.6345263368472389,0.2908700158553023,0.2879436192889385,0.3942066481328065,angry,05,04,04,female,normal,388
50,1.6683333333333334,True,1.0,0.5489700040595953,0.5909547497164717,0.5699623768880335,1.1408104666279257,-0.06731481481481483,-0.06814814814814818,0.405595990030202,0.45459212757017453,0.16620991037142197,0.49961180543229206,0.04198474565687638,0.0008333333333333526,0.022056716372990032,0.2168195044048734,0.09985624138338345,0.114208210654883,0.0,0.9999999987499999,0.6617816435871223,0.29251836548022225,0.25446908270991603,0.36006536682855184,angry,05,04,04,female,normal,388
60,2.0020000000000002,True,1.0,0.5586994162492445,0.5947833631009048,0.5767413896750746,0.890286668968312,-0.06537037037037036,-0.06763888888888892,0.4097163468783077,0.37320781086782046,0.16747221505921597,0.6478153720345132,0.03608394685166039,0.0022685185185185586,0.0179758821303204,0.27634269832612635,0.10813651601140277,0.11300100989252952,0.0,0.9999999987499999,0.6385146135641758,0.29321311876556605,0.27088399420383497,0.37125385759646135,angry,05,04,04,female,normal,388
70,2.3356666666666666,True,1.0,0.5058046863390651,0.5230191134271945,0.5144118998831297,1.0082213038192114,-0.06532407407407403,-0.06583333333333341,0.3684350947647571,0.4238228790471034,0.17417971123952572,0.5102172488663969,0.01721442708812948,0.0005092592592593759,0.008017467585878575,0.2193731015386754,0.10810874874337023,0.11285888901475173,0.0,0.9999999987499999,0.6374158493397358,0.29505720239664596,0.27110781877476386,0.3702203069486555,angry,05,04,04,female,normal,388
80,2.6693333333333333,True,1.0,0.5914430467042975,0.6461518431014486,0.618797444902873,0.8513782640647664,-0.06472222222222207,-0.06388888888888894,0.40618170986215435,0.3604914613640586,0.1726204591835017,0.7268184672093058,0.054708796397151094,0.0008333333333331305,0.018841735384357083,0.2878095244965838,0.09895639177104233,0.11515433469561423,0.0,0.9999999987499999,0.6525784897943553,0.31499852910574755,0.268854351588822,0.4110125857480267,angry,05,04,04,female,normal,388
90,3.003,True,1.0,0.5975480966436766,0.6665797837095649,0.6320639401766208,0.8166185344646216,-0.06305555555555553,-0.06277777777777788,0.38845857213526575,0.3701816547065436,0.17252142835376424,0.7740014627405003,0.06903168706588836,0.00027777777777765467,0.016783595642145932,0.304081488943639,0.10075451479959541,0.11541472801070381,0.0,0.9999999987499999,0.6534283163890557,0.3143605532961865,0.2670972954202495,0.4080298524442214,angry,05,04,04,female,normal,388
100,3.336666666666667,True,1.0,0.5823754789272025,0.6073364077515617,0.5948559433393821,0.8375409319637714,-0.062962962962963,-0.0631018518518518,0.3796006319702579,0.3798100139818129,0.17245640846689675,0.7102410409299412,0.024960928824359185,0.00013888888888879958,0.018855646121380774,0.28353975747926036,0.10271725622703158,0.11533532175095641,0.0,0.9999999987499999,0.6530879437947054,0.31380533777449837,0.26728141216459983,0.40680458781794704,angry,05,04,04,female,normal,388
110,3.6703333333333332,True,1.0,0.5974205755891525,0.6398219910017315,0.6186212832954421,0.8305554055193225,-0.061481481481481526,-0.06180555555555556,0.37596551372668996,0.39157298715226635,0.17451727489447394,0.7448284355077261,0.042401415412579024,0.0003240740740740322,0.017168618396335277,0.2870316442497671,0.10109230058444602,0.11561440351299712,0.0,0.9999999987499999,0.6551954438103367,0.3134302165354521,0.26577930881096484,0.4047695731394646,angry,05,04,04,female,normal,388
0,0.0,True,1.0,0.6869725134541106,0.6947694576245725,0.6908709855393416,0.6589683145498733,-0.06342592592592594,-0.06175925925925935,0.3763387621620797,0.32152397444410663,0.17430949483188374,1.0484130576312465,0.00779694417046195,0.0016666666666665941,0.005655849867183349,0.33554657042647146,0.09872117126253807,0.11666983412990196,0.0,0.9999999987499999,0.6642676558045093,0.3110795564005252,0.26128695002428326,0.40315010103555254,angry,05,04,04,female,normal,389
10,0.33366666666666667,True,1.0,0.6754240910932904,0.697677826420359,0.6865509587568247,0.6410987327471948,-0.06212962962962959,-0.06162037037037038,0.3947000537490746,0.2905072007693089,0.17500174385291856,1.0708973886360078,0.022253735327068647,0.0005092592592592093,0.009378793927925932,0.34064820622725156,0.10082487858453065,0.11699322641831852,0.0,0.9999999987499999,0.6631943716939902,0.3111613665629508,0.26450464161647524,0.4032166589408592,angry,05,04,04,female,normal,389
20,0.6673333333333333,True,1.0,0.6872871978201213,0.687143648033863,0.6872154229269921,0.6357855192331581,-0.06287037037037041,-0.06180555555555556,0.39687879861434383,0.27332523640665396,0.17569835258094374,1.0808919079438384,0.00014354978625830128,0.0010648148148148517,0.005008172800111517,0.35369021444954357,0.10254056030105071,0.11696768866164582,0.0,0.9999999987499999,0.6614015146214736,0.311822984917555,0.2648810361865953,0.4013502913968141,angry,05,04,04,female,normal,389
30,1.0010000000000001,True,1.0,0.6430656880398555,0.6873014788288891,0.6651835834343723,1.1969415162768882,-0.0683333333333333,-0.06814814814814812,0.43483271706119847,0.41690388695478214,0.17293254978509282,0.5557360776518471,0.04423579078903361,0.00018518518518517713,0.0018485796944166988,0.2341134160361035,0.10959902747747956,0.11527824753140667,0.0,0.9999999987499999,0.6423076074961235,0.28915686691022724,0.30851869463430526,0.4155911871036151,angry,05,04,04,female,normal,389
40,1.3346666666666667,True,1.0,0.6440598137697278,0.6927176179037583,0.668388715836743,1.0230047758942349,-0.07041666666666663,-0.06884259259259262,0.3561777238957301,0.6005969108509708,0.17644121757180892,0.6533583533395405,0.048657804134030536,0.0015740740740740056,0.02356205248348779,0.23421946310128597,0.11316390615954239,0.11313612641912067,0.0,0.9999999987499999,0.6382078207611169,0.2856371788748019,0.29851793305493435,0.39360567234283134,angry,05,04,04,female,normal,389
50,1.6683333333333334,True,1.0,0.6178881701392924,0.65508822037204,0.6364881952556662,1.3293883222584122,-0.07069444444444445,-0.06722222222222224,0.39994773025414077,0.5201079443853893,0.17647364491622897,0.47878274887684996,0.03720005023274753,0.00347222222222221,0.024274877152952637,0.21395857577758234,0.1010106910225785,0.11732102672391632,0.0,0.9999999987499999,0.6618042522634054,0.3122683356339035,0.2897677530660167,0.43659818543526774,angry,05,04,04,female,normal,389
60,2.0020000000000002,True,1.0,0.603171496615148,0.6167027711023308,0.6099371338587394,0.871206132557661,-0.07064814814814813,-0.06819444444444439,0.4155453425912614,0.35250461979237435,0.17585113601326996,0.7001065661327522,0.013531274487182832,0.0024537037037037357,0.026849949810280153,0.2873694724195557,0.1115414800015727,0.11390272718274182,0.0,0.9999999987499999,0.6372141287139855,0.28571627303986913,0.29511475635828405,0.3873643408061312,angry,05,04,04,female,normal,389
70,2.3356666666666666,True,1.0,0.6750231387785516,0.704649909669257,0.6898365242239043,1.1111282440994652,-0.07500000000000001,-0.07263888888888886,0.3019176656516975,0.450008085041337,0.18706063994881547,0.6208432985906098,0.029626770890705423,0.002361111111111147,0.030805875868093902,0.17786681448302896,0.09867374421086768,0.1157263512337698,0.0,0.9999999987499999,0.6628156081416943,0.3101103303069241,0.2713794177018106,0.40748432500315673,angry,05,04,04,female,normal,389
80,2.6693333333333333,True,1.0,0.7088979807333728,0.7257011819892305,0.7172995813613017,0.7717607609851111,-0.0653703703703703,-0.06212962962962959,0.38877365684010656,0.32634237329454563,0.17950020431936686,0.9294325620360736,0.016803201255857658,0.0032407407407407107,0.021297257600522833,0.3187950270891367,0.10120282576796163,0.11568247724192017,0.0,0.9999999987499999,0.659533096121261,0.3113998915700375,0.26788708272955125,0.4017253794571371,angry,05,04,04,female,normal,389
90,3.003,True,1.0,0.7269654309110244,0.7531448050553102,0.7400551179831674,0.8306576042525607,-0.06527777777777782,-0.06125000000000008,0.37528684788162153,0.3765457107073625,0.17878358615153658,0.8909267960642834,0.02617937414428584,0.004027777777777741,0.02775106236056742,0.29665313258192927,0.0982017889048945,0.11530388148057659,0.0,0.9999999987499999,0.6594787726340536,0.31147332871437383,0.2637549210878194,0.3992059740228635,angry,05,04,04,female,normal,389
100,3.336666666666667,True,1.0,0.7374417266142328,0.7383750967627793,0.7379084116885061,0.8421554411468469,-0.0621296296296297,-0.05824074074074076,0.36510728200892706,0.381267524903473,0.17672766911184792,0.8762140284739154,0.0009333701485465529,0.0038888888888889417,0.02374591185201352,0.30244449069947343,0.0995650891044811,0.11496038099297792,0.0,0.9999999987499999,0.6576441340911364,0.31255480352179005,0.26369307159445066,0.3973830158294845,angry,05,04,04,female,normal,389
0,0.0,True,1.0,0.6354130998097552,0.6827715512289582,0.6590923255193567,0.7168361264813632,-0.06263888888888886,-0.06175925925925935,0.36345543676832437,0.33395317965290766,0.17223329679369823,0.9194463018410558,0.04735845141920292,0.0008796296296295081,0.010260063046860859,0.3331352368246845,0.1111694108375076,0.11342916457696339,0.0,0.9999999987499999,0.6357138863123375,0.28652500769879646,0.28528668296342274,0.3948647399247504,angry,05,04,04,female,normal,390
10,0.33366666666666667,True,1.0,0.6433429760338525,0.6659232989307213,0.6546331374822869,0.6767383573569998,-0.06231481481481477,-0.06092592592592594,0.3958401376797939,0.25565671277931135,0.17363923383335514,0.9673356480619115,0.022580322896868843,0.0013888888888888284,0.017102901802752445,0.31564467149308145,0.09809804267935648,0.11555714776185504,0.0,0.9999999987499999,0.6587234429553072,0.3135235900626943,0.2619052501176393,0.39863189602819227,angry,05,04,04,female,normal,390
20,0.6673333333333333,True,1.0,0.6663217959801663,0.6827878074697481,0.6745548017249572,0.7307226277607036,-0.061435185185185204,-0.059537037037037055,0.39800039782806945,0.26842872040189025,0.16949891706985054,0.9231338624234582,0.016466011489581822,0.0018981481481481488,0.014521503616317115,0.3106201266464948,0.09806347802750703,0.11607991426652126,0.0,0.9999999987499999,0.657881268132253,0.3140057954290428,0.2629803006576995,0.3988007996762179,angry,05,04,04,female,normal,390
30,1.0010000000000001,True,1.0,0.5103478318866678,0.5170614288234646,0.5137046303550662,1.3942616167286201,-0.08046296296296301,-0.07782407407407405,0.33732655226464225,0.6012158787586044,0.17640445937537771,0.3684420658157256,0.006713596936796851,0.0026388888888889683,0.011376995109773323,0.16218508680622104,0.10912447652827517,0.11456937709212724,0.0,0.9999999987499999,0.6424910582045318,0.2896094694902355,0.29727131886361347,0.38255387212574904,angry,05,04,04,female,normal,390
40,1.3346666666666667,True,1.0,0.46806278341483043,0.48275449042127844,0.47540863691805446,0.9317665547556084,-0.07847222222222217,-0.07699074074074075,0.40733943684893426,0.33681900238436757,0.17436857329742897,0.5102229034639998,0.014691707006448007,0.001481481481481417,0.018781909481029466,0.26139323993886404,0.11111711120352673,0.11448329382755042,0.0,0.9999999987499999,0.6402536488032713,0.28818465478148597,0.29565776292019186,0.38222151791923714,angry,05,04,04,female,normal,390
50,1.6683333333333334,True,1.0,0.7065034869946952,0.7203065134099619,0.7134050002023286,0.9778758564842405,-0.07518518518518519,-0.0719907407407408,0.4532422268645044,0.2444421847586385,0.180692410240546,0.7295455711190533,0.01380302641526665,0.0031944444444443887,0.022293666840323783,0.2603507745231515,0.09873144682714732,0.11731256134497577,0.0,0.9999999987499999,0.6642568343587434,0.31284277190761856,0.2810360375457572,0.42167778009879336,angry,05,04,04,female,normal,390
60,2.0020000000000002,True,1.0,0.5888208720368859,0.6119991506051617,0.6004100113210238,0.9050122704953139,-0.06939814814814815,-0.06583333333333324,0.3887736568401067,0.40051109449785116,0.17245640846689675,0.6634274814775926,0.023178278568275812,0.0035648148148149095,0.024516556083579177,0.24027304578456263,0.11268721505507419,0.11260026925530839,0.0,0.9999999987499999,0.6379788238967463,0.287442449346737,0.2977075921621158,0.39124609114656694,angry,05,04,04,female,normal,390
70,2.3356666666666666,True,1.0,0.6769546483967287,0.7078802633872496,0.6924174558919891,1.0258286196042852,-0.06796296296296295,-0.06555555555555548,0.3829571273258968,0.4374258754836495,0.17527226657871633,0.674983562224156,0.030925614990520933,0.002407407407407469,0.032938085956043126,0.2334456470191496,0.09956468085617975,0.11693253551772327,0.0,0.9999999987499999,0.6637409829478667,0.31004472308182573,0.27144550798239103,0.40688268522000076,angry,05,04,04,female,normal,390
80,2.6693333333333333,True,1.0,0.6677047193497281,0.6918851134105649,0.6797949163801464,0.8251747674633743,-0.06444444444444447,-0.062222222222222234,0.39834570089356314,0.3618482867994977,0.17323801598776395,0.8238193206875044,0.02418039406083683,0.0022222222222222365,0.03416665780859646,0.2980666037557655,0.09984635797889399,0.11669210913654013,0.0,0.9999999987499999,0.6651734748352466,0.3094789855428909,0.2705925125713651,0.40744242106810363,angry,05,04,04,female,normal,390
90,3.003,True,1.0,0.439220304352576,0.4544639535972692,0.4468421289749226,0.8214977303415457,-0.07754629629629634,-0.07236111111111115,0.3854088148888651,0.3657677764280737,0.17334015857267973,0.5439359263830754,0.015243649244693236,0.005185185185185182,0.04095853362626424,0.3014230326966628,0.10050468548940295,0.11628953383279107,0.0,0.9999999987499999,0.6655749301048545,0.3098883820733509,0.2670232857174781,0.4049134113398605,angry,05,04,04,female,normal,390
100,3.336666666666667,True,1.0,0.6835178603766063,0.7037651020011958,0.6936414811889011,0.8119056724443392,-0.06486111111111104,-0.06064814814814823,0.3800159150484048,0.39057864905242695,0.1740605294178855,0.8543375231024195,0.020247241624589463,0.004212962962962807,0.046915798212298396,0.2966531325819297,0.09994894417775126,0.11561975786807778,0.0,0.9999999987499999,0.6672735126003526,0.3092534766911811,0.2677429495854313,0.40962719014359716,angry,05,04,04,female,normal,390
0,0.0,True,1.0,0.5966964375640278,0.646581256059813,0.6216388468119204,0.8388496774879205,-0.061712962962963025,-0.060416666666666674,0.3611877572192261,0.4515826171333142,0.16907926860578032,0.7410610786351194,0.04988481849578519,0.001296296296296351,0.005911161481541759,0.259554648590587,0.1038617983129397,0.11596049972609787,0.0,0.9999999987499999,0.6437355644445278,0.3131483038708408,0.27906414719340605,0.411803790557908,angry,05,04,04,female,normal,391
10,0.33366666666666667,True,1.0,0.7238371696933973,0.7478157330868065,0.7358264513901018,0.8428373846937207,-0.06055555555555553,-0.05972222222222218,0.36221273314804875,0.41321779338380044,0.17185172423239845,0.8730348994396996,0.023978563393409202,0.0008333333333333526,0.004081984719637888,0.2595546485905882,0.10632897433511293,0.11116069741567774,0.0,0.9999999987499999,0.6526837533372725,0.2880432863892472,0.26443182707085156,0.36314441981946893,angry,05,04,04,female,normal,391
20,0.6673333333333333,True,1.0,0.7431693989071054,0.7671996178938102,0.7551845084004578,1.000986810824463,-0.07106481481481486,-0.0696296296296296,0.36892161447821886,0.4765844061293419,0.18170781687338222,0.7544400188234747,0.024030218986704766,0.0014351851851852615,0.0076961636239446865,0.22374227757880802,0.10891758827299669,0.11122531012040685,0.0,0.9999999987499999,0.6505655254132903,0.2881377283625663,0.2768234119102871,0.3745209032276373,angry,05,04,04,female,normal,391
30,1.0010000000000001,True,1.0,0.7586102131007878,0.8054826634489524,0.7820464382748701,1.3487136120152707,-0.08263888888888898,-0.08425925925925926,0.3581083689825217,0.6414894997520245,0.2021545820564473,0.5798461818045442,0.04687245034816456,0.001620370370370272,0.02500279439178555,0.15991751710706972,0.09704114282582765,0.11546026715005099,0.0,0.9999999987499999,0.6334553123046093,0.3211696882424967,0.2793190497724052,0.4042816050642411,angry,05,04,04,female,normal,391
40,1.3346666666666667,True,1.0,0.7181613075129296,0.7387621248676356,0.7284617161902827,1.2469980139666763,-0.07972222222222214,-0.0798611111111111,0.3744397004241483,0.5091449179544311,0.1929556145017598,0.5841723146559473,0.02060081735470598,0.0001388888888889661,0.046811541611059916,0.1980542697992609,0.09732228394662179,0.1140600811221263,0.0,0.9999999987499999,0.6451309455891732,0.3180648137909895,0.2730878915929603,0.40327447662190957,angry,05,04,04,female,normal,391
50,1.6683333333333334,True,1.0,0.598930931401251,0.6509782485375952,0.6249545899694231,1.0677865226319774,-0.06745370370370368,-0.07000000000000006,0.41005469383202364,0.3719537235562727,0.17503307104051855,0.585280462642456,0.05204731713634425,0.0025462962962963798,0.03145436562684449,0.22796737636443,0.11260086132661015,0.11166759340426745,0.0,0.9999999987499999,0.6237134475899735,0.29010418122420956,0.29329017408280594,0.391090704684315,angry,05,04,04,female,normal,391
60,2.0020000000000002,True,1.0,0.6198846303426782,0.6735131712499719,0.6466989007963251,0.6811276428689665,-0.06532407407407403,-0.06671296296296297,0.41361515282169203,0.23575103680534443,0.17929792040396977,0.9494533184299719,0.05362854090729374,0.0013888888888889395,0.022527708309596738,0.3308487889591734,0.11138447633310135,0.11338613522949283,0.0,0.9999999987499999,0.6244692344359619,0.2866352461682571,0.2770112324029914,0.3772972712135991,angry,05,04,04,female,normal,391
70,2.3356666666666666,True,1.0,0.5576965962238994,0.6051553201535604,0.58142595818873,0.93717272304756,-0.06893518518518527,-0.06837962962962962,0.3968702952172386,0.3676050132123951,0.17871828314399812,0.6204042690209877,0.047458723929660995,0.0005555555555556424,0.006062786548414297,0.23563580533467404,0.10277503381788769,0.11561388968926858,0.0,0.9999999987499999,0.6377026750543967,0.3142984567838262,0.28389506103283607,0.41017836291330223,angry,05,04,04,female,normal,391
80,2.6693333333333333,True,1.0,0.6075189945386236,0.6764332242429968,0.6419761093908102,0.9064832816199082,-0.0677314814814815,-0.06611111111111112,0.3896898659246675,0.3434592104504397,0.18088653224666923,0.7082051289943074,0.06891422970437322,0.0016203703703703831,0.007802887989998167,0.27255396174517815,0.11354494953793003,0.113427567120185,0.0,0.9999999987499999,0.6183829166197728,0.28927849067498185,0.28794131878547746,0.38199490484390486,angry,05,04,04,female,normal,391
90,3.003,True,1.0,0.636864058812375,0.6607231393806546,0.6487935990965148,0.816331120781562,-0.06537037037037036,-0.06541666666666673,0.38834623998402457,0.31316017295512244,0.18237332826978161,0.7947676899483564,0.023859080568279678,4.629629629637755e-05,0.0068999625623150625,0.2916061973687674,0.11200701539226326,0.11260213934899826,0.0,0.9910645038436151,0.6214239326511855,0.2882472864294233,0.281423226570836,0.37897610368738494,angry,05,04,04,female,normal,391
100,3.336666666666667,True,1.0,0.3361869641898521,0.39593670118221813,0.3660618326860351,0.7951291711338119,-0.0795833333333334,-0.0793518518518519,0.38528605485342426,0.32366068055049285,0.18096117153927227,0.4603803331275727,0.05974973699236602,0.00023148148148149916,0.011691960277994443,0.3247519342758833,0.11139732737804703,0.11337350961841904,0.0,0.9999999987499999,0.6220096380349015,0.2895470406095754,0.27625880592820723,0.3671402126887486,angry,05,04,04,female,normal,391
110,3.6703333333333332,True,1.0,0.6265423096269528,0.671791736564998,0.6491670230959754,0.8133233459146725,-0.065462962962963,-0.06532407407407409,0.38506906948933073,0.35460812893002136,0.18173594609092195,0.7981659771070692,0.045249426938045234,0.0001388888888889106,0.007908787319670808,0.3070995638510912,0.11226095355793478,0.1125184230985581,0.0,0.9999999987499999,0.6232130278205033,0.2891581876561021,0.2819081006729618,0.37965207575426235,angry,05,04,04,female,normal,391
0,0.0,True,1.0,0.6850570653007574,0.7038703047933212,0.6944636850470394,0.6705411448249555,-0.06569444444444444,-0.06435185185185188,0.38125661397169186,0.3040565977768917,0.17015503129913073,1.03567646878452,0.01881323949256386,0.001342592592592562,0.0017344625926412841,0.34008718196136817,0.11392012001158233,0.11455745428587426,0.0,0.9999999987499999,0.6448565664859695,0.28994686089166805,0.2910422767074601,0.3912564568492096,angry,05,04,04,female,strong,392
10,0.33366666666666667,True,1.0,0.6326679803024348,0.6383762427289243,0.6355221115156795,0.5876898120851427,-0.06523148148148145,-0.06328703703703703,0.4004557858252281,0.2570888738793279,0.17224392771241923,1.081390383918391,0.005708262426489585,0.0019444444444444153,0.005947559318399565,0.3937110729730909,0.10127362355472529,0.11627775559798145,0.0,0.9999999987499999,0.6544690724571078,0.3153729140506415,0.2656756270545778,0.40312032808145754,angry,05,04,04,female,strong,392
20,0.6673333333333333,True,1.0,0.670193991650207,0.6629001883239167,0.6665470899870618,0.7098085370150411,-0.06805555555555548,-0.06666666666666654,0.3745492021218979,0.3394482701746057,0.17164160640527318,0.9390519488397439,0.00729380332629026,0.0013888888888889395,0.009648170036527261,0.3208698955803611,0.11197190149513875,0.11331161612287627,0.0,0.9999999987499999,0.6408472503845289,0.28672236527017964,0.2889857813163094,0.39112559483792236,angry,05,04,04,female,strong,392
30,1.0010000000000001,True,1.0,0.49206349206349337,0.500125887986943,0.4960946900252182,1.2366972760976644,-0.093287037037037,-0.09152777777777776,0.45082764280046095,0.4572889484280049,0.18820457916060043,0.40114480690910864,0.00806239592344965,0.0017592592592592382,0.0064976194512535255,0.22288447779820045,0.10696075364042602,0.11593651251733243,0.0,0.9999999987499999,0.6435262795743297,0.29368559675555816,0.31350988443231015,0.4152910746415355,angry,05,04,04,female,strong,392
40,1.3346666666666667,True,1.0,0.37667539008955303,0.43294251379792464,0.40480895194373884,1.0514730459500525,-0.08962962962962967,-0.08726851851851852,0.3706919667927768,0.6171484548866547,0.18125673478866933,0.38499222923776993,0.056267123708371614,0.002361111111111147,0.02114688726323774,0.2220016265051823,0.10235682757811454,0.11614845182296357,0.0,0.9999999987499999,0.6703759463160264,0.3061776129191782,0.28676370978578913,0.419892951496132,angry,05,04,04,female,strong,392
50,1.6683333333333334,True,1.0,0.7365303652821162,0.7825369691116433,0.7595336671968798,2.071771915636285,-0.08958333333333324,-0.08833333333333332,0.3457050297426367,0.9014247696352831,0.20703880212757164,0.366610658955482,0.04600660382952704,0.0012499999999999178,0.005586103092043162,0.13397842296354692,0.09838503135081733,0.11646370084724983,0.0,0.9999999987499999,0.6429782601243622,0.31418334298056044,0.2858222316098602,0.4180917450863637,angry,05,04,04,female,strong,392
60,2.0020000000000002,True,1.0,0.4444056071838138,0.47572436259711065,0.4600649848904622,0.4717532000217588,-0.08439814814814811,-0.08078703703703705,0.39931366952405095,0.12480754415067717,0.1931835552199687,0.9752238773774985,0.03131875541329687,0.003611111111111065,0.004984224938565212,0.46391417741279434,0.1063362870896294,0.11453045198546473,0.0,0.9999999987499999,0.6372981051873875,0.30804242682793803,0.2801574824273701,0.38880554903681075,angry,05,04,04,female,strong,392
70,2.3356666666666666,True,1.0,0.40559874005653684,0.41870029809550297,0.41214951907601993,1.0780956215018893,-0.08425925925925914,-0.08152777777777775,0.3545373809400173,0.4042305413162231,0.19950795339897917,0.3822940292641729,0.013101558038966121,0.0027314814814813904,0.0009738891544517675,0.2252430182715743,0.10208172411809356,0.11817718915466979,0.0,0.9999999987499999,0.6602713623965212,0.2808108076450147,0.24405965289926745,0.34184128582555934,angry,05,04,04,female,strong,392
80,2.6693333333333333,True,1.0,0.8452940037373154,0.8632616712444836,0.8542778374908995,0.9438576110037532,-0.0633333333333333,-0.062962962962963,0.3981025937255063,0.2958255422102252,0.19169214051731778,0.9050918565803698,0.01796766750716816,0.00037037037037029874,0.004096933920590531,0.25229862590489976,0.11290847410038662,0.11389399052233946,0.0,0.9999999987499999,0.6184677101621899,0.28331901738177023,0.2895993360825391,0.376321245885044,angry,05,04,04,female,strong,392
90,3.003,True,1.0,0.2811127713994911,0.32056404783070336,0.3008384096150972,0.9116831038025188,-0.08449074074074076,-0.08231481481481479,0.36720882279577266,0.4017403981875358,0.18403814194642587,0.3299813371119164,0.03945127643121227,0.00217592592592597,0.009767332809527397,0.2579609241131894,0.10291332099554876,0.11745371342278517,0.0,0.9999999987499999,0.6523534477228392,0.3098173399797251,0.26992326146660905,0.3941720475728701,angry,05,04,04,female,strong,392
100,3.336666666666667,True,1.0,0.7013833695119582,0.7344557994533017,0.71791958448263,0.9409965623288525,-0.06384259259259256,-0.061851851851851825,0.36740767064321617,0.4463920899994002,0.1758198956575524,0.7629353955405171,0.03307242994134352,0.0019907407407407374,0.01968668453421521,0.2689828196608129,0.1125017198567076,0.11295439809721382,0.0,0.9999999987499999,0.640060159993685,0.2871385621853443,0.29415184182672927,0.3884591559460291,angry,05,04,04,female,strong,392
110,3.6703333333333332,True,1.0,0.7082075508434126,0.7228357752039213,0.7155216630236669,0.8743027454515674,-0.06490740740740747,-0.06097222222222226,0.3712500046992117,0.4214537872453381,0.17180554700306785,0.8183911885740541,0.014628224360508701,0.003935185185185208,0.03319936193046952,0.2763899667159113,0.1006905985541931,0.11596442083658512,0.0,0.9999999987499999,0.6616122685245974,0.3117397603843266,0.26776135175358495,0.4069476907799724,angry,05,04,04,female,strong,392
0,0.0,True,1.0,0.7302719404285124,0.7299651040035149,0.7301185222160136,0.7310076518318999,-0.06157407407407406,-0.05916666666666659,0.35780774276663224,0.3903926411062179,0.16389075096782327,0.998783693147865,0.0003068364249975142,0.002407407407407469,0.0060741931367664466,0.30679311278602633,0.11144046015949992,0.11316287872826768,0.0,0.9999999987499999,0.6414482930359643,0.28975515034709104,0.2904658395010389,0.3937253473011103,angry,05,04,04,female,strong,393
10,0.33366666666666667,True,1.0,0.7177875332549404,0.7454873790675821,0.7316374561612613,0.769178492183197,-0.062962962962963,-0.060787037037037084,0.3443257285913552,0.41874224389529174,0.16529439491774361,0.951193336262717,0.027699845812641732,0.0021759259259259145,0.004403146628885883,0.28747754169429807,0.11381947417095586,0.1129835912870275,0.0,0.9999999987499999,0.6419192414700254,0.2877498466188186,0.292395268762118,0.3913982269179809,angry,05,04,04,female,strong,393
20,0.6673333333333333,True,1.0,0.7025310174309752,0.7022290292780735,0.7023800233545243,0.8644240570846072,-0.0643981481481482,-0.062453703703703733,0.3561130043113365,0.42405708460754316,0.16459492187906868,0.8125410411683828,0.0003019881529017221,0.0019444444444444708,0.004354085716313445,0.2653301886792454,0.11384940305429289,0.11244628131834002,0.0,0.9999999987499999,0.645365118000325,0.2858536263452277,0.29379139763486256,0.3908990535453726,angry,05,04,04,female,strong,393
30,1.0010000000000001,True,1.0,0.3720233032656356,0.3787311612890095,0.37537723227732256,1.2249799652977988,-0.08634259259259253,-0.0811574074074074,0.4414672649233198,0.45755519809069617,0.1683621666739559,0.30643540540360303,0.006707858023373925,0.005185185185185126,0.028051477012129015,0.2258838034340128,0.10914654270733681,0.11619967829267541,0.0,0.9999999987499999,0.6404266784526311,0.28789839141930135,0.30194358963183876,0.40083789085244254,angry,05,04,04,female,strong,393
40,1.3346666666666667,True,1.0,0.3653182521000666,0.3721150670456779,0.36871665957287225,1.0888545392900648,-0.09157407407407403,-0.08194444444444438,0.34546729549118155,0.6613759983771242,0.17265291129250557,0.3386280226312655,0.006796814945611351,0.009629629629629655,0.07152048619442895,0.1988940007376085,0.09998182100601885,0.11819906294055432,0.0,0.9999999987499999,0.6785647266562875,0.30406990875246326,0.2817876231244691,0.4333491226307783,angry,05,04,04,female,strong,393
50,1.6683333333333334,True,1.0,0.799296312735904,0.8061862883093899,0.8027413005226469,1.484401836050305,-0.08439814814814811,-0.07685185185185178,0.39945773888022024,0.5455260372192741,0.1912775534207082,0.5407843624463442,0.006889975573485918,0.007546296296296329,0.04669270943032253,0.18115304447140262,0.10087062291094312,0.11873218614310566,0.0,0.9999999987499999,0.6576749901210485,0.31233509338521387,0.2920791507615845,0.4354981506955173,angry,05,04,04,female,strong,393
60,2.0020000000000002,True,1.0,0.8889223319375029,0.8737714210856807,0.8813468765115918,0.4846162990327638,-0.07680555555555563,-0.06898148148148148,0.3966063529274878,0.16335639023836024,0.18188911094851345,1.8186488532693903,0.015150910851822186,0.00782407407407415,0.03709081999750111,0.4444274769484953,0.09796598339992219,0.11811395212216118,0.0,0.9999999987499999,0.6662751291297768,0.3077809383023501,0.2632062703501385,0.41803773513229353,angry,05,04,04,female,strong,393
70,2.3356666666666666,True,1.0,0.8812669212259997,0.9166234034617571,0.8989451623438784,1.0240415014048116,-0.08180555555555552,-0.07791666666666669,0.39847566744686985,0.4541003104388407,0.1917955932436238,0.8778405573511209,0.03535648223575738,0.0038888888888888307,0.027689767121274828,0.2063632798906248,0.11249771935965788,0.11396587140375349,0.0,0.9999999987499999,0.635211591964911,0.28665050001511977,0.32415148220401196,0.4279776954177176,angry,05,04,04,female,strong,393
80,2.6693333333333333,True,1.0,0.9045095257622771,0.9138319655524074,0.9091707456573422,1.1496605009359049,-0.0668981481481481,-0.06421296296296303,0.38892125555273,0.43470577560036855,0.18492201578443426,0.7908167192986216,0.009322439790130366,0.0026851851851850683,0.027888585715326878,0.2055053570052527,0.10229593395175628,0.1171816905282753,0.0,0.9999999987499999,0.6554910364223814,0.31136329011600133,0.27972432726032137,0.41522913118697397,angry,05,04,04,female,strong,393
90,3.003,True,1.0,0.8464873246364876,0.8600127763486775,0.8532500504925825,0.8120397052179419,-0.06685185185185183,-0.06310185185185185,0.40040362792746303,0.32760134302892047,0.18021749556061167,1.0507491752063778,0.013525451712189884,0.0037499999999999756,0.030348575783006336,0.27848043733066186,0.1011165394419093,0.11559320476853775,0.0,0.9999999987499999,0.6566407440398034,0.3104469934348652,0.27586673881367985,0.4181013861233952,angry,05,04,04,female,strong,393
100,3.336666666666667,True,1.0,0.8210817984636978,0.8888856753224458,0.8549837368930717,0.792134514414664,-0.06425925925925918,-0.06092592592592594,0.3987419732654054,0.33118697632822885,0.17672766911184792,1.0793416033952885,0.067803876858748,0.0033333333333332438,0.03591777905665323,0.30890093591384016,0.10246750419346769,0.11670565276228677,0.0,0.9999999987499999,0.6555229128057473,0.31162506278833063,0.27260719902645736,0.4151943407338288,angry,05,04,04,female,strong,393
110,3.6703333333333332,True,1.0,0.8116113586813376,0.8595363616490269,0.8355738601651823,0.8314110994829631,-0.06412037037037027,-0.06129629629629629,0.3804353396058448,0.3852911100006882,0.17536626361993243,1.0050068620503239,0.04792500296768931,0.002824074074073979,0.0390545817921551,0.2783893824828632,0.10187914493466366,0.1157475835688717,0.0,0.9999999987499999,0.6577073991862369,0.3108731000288074,0.2687099252342644,0.41132326268980707,angry,05,04,04,female,strong,393
0,0.0,True,1.0,0.7129730314995659,0.7255272532582561,0.719250142378911,0.8625900997112251,-0.05837962962962967,-0.05601851851851852,0.3532262620884723,0.3635524843354277,0.17434100583818904,0.8338261042176337,0.012554221758690143,0.002361111111111147,0.01352700519587966,0.2873643717407679,0.11198826054375038,0.1136312741628271,0.0,0.9999999987499999,0.6416853938294068,0.2856470935825802,0.28326911395970183,0.3901410836015498,angry,05,04,04,female,strong,394
10,0.33366666666666667,True,1.0,0.7055778549671755,0.7533104623860142,0.7294441586765948,0.9554374975530114,-0.058333333333333404,-0.05745370370370373,0.3565860147074068,0.40228947265389925,0.17502136100099502,0.7634661194947735,0.04773260741883867,0.0008796296296296746,0.01196048601893124,0.2571780380282793,0.11111256592154652,0.11348484910637986,0.0,0.9999999987499999,0.6424392368040965,0.2856778035245981,0.2861259020657641,0.3903342360117573,angry,05,04,04,female,strong,394
20,0.6673333333333333,True,1.0,0.7217889910876653,0.7432778897901134,0.7325334404388893,1.0631969800339534,-0.06097222222222226,-0.06009259259259253,0.3578077427666325,0.44022999954530906,0.17223329679369823,0.6889912727324486,0.02148889870244819,0.0008796296296297301,0.0035058273703058806,0.22851562499999975,0.09880561864288909,0.11822101780729914,0.0,0.9999999987499999,0.6603173723317453,0.31230336266375613,0.2619097713854455,0.39747679773932343,angry,05,04,04,female,strong,394
30,1.0010000000000001,True,1.0,0.6568045387784706,0.642472081886542,0.6496383103325063,1.513611559585141,-0.07490740740740742,-0.07166666666666666,0.35055330398777657,0.7238876503996298,0.18195492727998092,0.42919750858044636,0.014332456891928524,0.0032407407407407662,0.009739502217909299,0.1589644200811685,0.11057205028606047,0.11500981985688571,0.0,0.9999999987499999,0.6358303117809624,0.28798816324687965,0.3084389140370533,0.406924946366135,angry,05,04,04,female,strong,394
40,1.3346666666666667,True,1.0,0.6004266800575975,0.612739051886309,0.6065828659719532,0.8285714285714283,-0.07560185185185192,-0.07300925925925933,0.3989024621716135,0.35804629666893156,0.17714536291050478,0.7320827692764955,0.012312371828711477,0.002592592592592591,0.00913826174950554,0.278502732105266,0.11573853498662039,0.11339405357303951,0.0,0.9999999987499999,0.6316060539684624,0.28322588904463963,0.3098857078030808,0.3974789270057309,angry,05,04,04,female,strong,394
50,1.6683333333333334,True,1.0,0.5875485251294178,0.6100663573267119,0.5988074412280648,1.226052594139905,-0.06222222222222229,-0.05907407407407406,0.44942795746122755,0.39408833383068415,0.1695205211961138,0.48840273581259996,0.022517832197294085,0.003148148148148233,0.004020931071371307,0.2410714285714286,0.10167315089899277,0.11948941587739648,0.0,0.9999999987499999,0.6380710402676696,0.31355191291732787,0.29629837499350514,0.4258375764672189,angry,05,04,04,female,strong,394
60,2.0020000000000002,True,1.0,0.6749312969416499,0.6878548267444452,0.6813930618430475,0.756712717923786,-0.06745370370370368,-0.06467592592592591,0.42585681938766756,0.24993502223128095,0.186846392460444,0.9004646620881499,0.01292352980279532,0.002777777777777768,0.007196335322170161,0.32185927968758327,0.10481425405153766,0.11706976622326637,0.0,0.9999999987499999,0.6458353596516732,0.30913676177899757,0.274512974271854,0.393661145132394,angry,05,04,04,female,strong,394
70,2.3356666666666666,True,1.0,0.42960843437196733,0.49049407681727203,0.4600512555946197,1.2643924733895069,-0.08296296296296296,-0.08087962962962958,0.3022267975711087,0.5039245364958177,0.19933655985405505,0.36385162461568765,0.0608856424453047,0.0020833333333333814,0.0032861709828380607,0.17934782608695676,0.10890629595485474,0.11477679315184743,0.0,0.9999999987499999,0.6310146445218712,0.2852708554078393,0.2675943881112394,0.35660367150404687,angry,05,04,04,female,strong,394
80,2.6693333333333333,True,1.0,0.7465073567307994,0.7887601597228271,0.7676337582268132,0.7900448221363204,-0.06499999999999995,-0.06324074074074065,0.4024337282865593,0.2892128366749029,0.1888892927975793,0.9716331741167462,0.042252802992027716,0.0017592592592592937,0.008273684048681382,0.3013392857142855,0.11401384480773807,0.11413079940810669,0.0,0.9999999987499999,0.6159798933635955,0.2815182649082847,0.29228550913494145,0.3793427395417141,angry,05,04,04,female,strong,394
90,3.003,True,1.0,0.7086904307717943,0.7527713671043925,0.7307308989380934,0.7554342429938968,-0.06458333333333338,-0.061944444444444524,0.3693363178313585,0.3467916816751259,0.18129208832451146,0.9672991470999508,0.04408093633259824,0.0026388888888888573,0.020915110164499907,0.30116795422961373,0.11097530771744744,0.11260848402527279,0.0,0.9999999987499999,0.6401084488092111,0.283902661324442,0.27756060679042033,0.37918684643330675,angry,05,04,04,female,strong,394
100,3.336666666666667,True,1.0,0.7169143033245384,0.7814324140958528,0.7491733587101956,0.7820980221482148,-0.06527777777777771,-0.06212962962962959,0.3654950378163204,0.33621705534996577,0.17791676915953553,0.9579021267083838,0.06451811077131442,0.003148148148148122,0.023392542249558987,0.2951476740113816,0.1024047567617379,0.11412011845225842,0.0,0.8731071436124909,0.6538043329988246,0.31136687884064657,0.27103405144617004,0.4036411974323789,angry,05,04,04,female,strong,394
110,3.6703333333333332,True,1.0,0.703709605387572,0.767065292627995,0.7353874490077835,0.7142391424974681,-0.06833333333333341,-0.06365740740740727,0.36069108277663525,0.3566740070437275,0.17243649951858503,1.029609559672642,0.06335568724042306,0.004675925925926139,0.04106296250764382,0.315250853908044,0.11257825077813564,0.11287812220318748,0.0,0.9999999987499999,0.639083534046431,0.2836318128281244,0.29106635275878767,0.3862489452061502,angry,05,04,04,female,strong,394
0,0.0,True,1.0,0.6668993828699601,0.6885781308794383,0.6777387568746992,0.7973977350254663,-0.06245370370370368,-0.060787037037037084,0.3554749926948733,0.3737801882931874,0.17014292463502945,0.8499381514459086,0.02167874800947822,0.0016666666666665941,0.004189562892572674,0.29296875000000006,0.10595200149423033,0.11388669842282007,0.0,0.9999999987499999,0.6418250612198004,0.2884110663492248,0.27326270078531667,0.38711778267863106,angry,05,04,04,female,strong,395
10,0.33366666666666667,True,1.0,0.6828817085219061,0.7006120283106981,0.6917468684163022,0.8633683231415162,-0.06268518518518529,-0.06050925925925926,0.3498291062705187,0.3978265802710909,0.17014292463502945,0.8012187265560781,0.017730319788792026,0.0021759259259260255,0.009027819983226519,0.2874342777963125,0.10741217987251729,0.11385719956900893,0.0,0.9999999987499999,0.639357471644908,0.28872549667314046,0.27605570655223327,0.38716234883709644,angry,05,04,04,female,strong,395
20,0.6673333333333333,True,1.0,0.7126818118206791,0.7302852616434065,0.7214835367320428,1.0496282159747516,-0.0591666666666667,-0.0566666666666667,0.35348471597473163,0.4655417428704253,0.1652819322193933,0.6873705620251712,0.017603449822727324,0.0025000000000000022,0.0064290103278554665,0.2273779119300907,0.1087869649517332,0.11439133690084377,0.0,0.9999999987499999,0.6408163204735019,0.2890015804265308,0.27370507795273,0.38182453429801544,angry,05,04,04,female,strong,395
30,1.0010000000000001,True,1.0,0.7832556006952538,0.8069499687961048,0.7951027847456793,1.388265767192932,-0.05763888888888885,-0.056342592592592555,0.3490983091116602,0.7111176614743037,0.15776273891551026,0.5727309593993476,0.023694368100851015,0.0012962962962962954,0.00019209344747403504,0.18093787609932535,0.10661743507457418,0.11641608239431803,0.0,0.9999999987499999,0.63581946466868,0.29168421816716844,0.2949692617502575,0.40347337708879416,angry,05,04,04,female,strong,395
40,1.3346666666666667,True,1.0,0.7098657998312261,0.7144428289394485,0.7121543143853373,1.0071317591692441,-0.05833333333333335,-0.05949074074074079,0.39160348134872813,0.5183055179688336,0.15316879019227786,0.7071113664142358,0.004577029108222441,0.0011574074074074403,0.0013211426229007086,0.228507323664302,0.10833176974161444,0.11398986634415326,0.0,0.9999999987499999,0.64334382431879,0.28820083885805414,0.28706346778490777,0.40431158878730444,angry,05,04,04,female,strong,395
50,1.6683333333333334,True,1.0,0.6715481709386624,0.6975341129454901,0.6845411419420762,1.0812288706658346,-0.05425925925925934,-0.05143518518518525,0.4570022977823878,0.33945557567415713,0.16473345770569378,0.6331140062145464,0.02598594200682769,0.00282407407407409,0.005737352881316204,0.24854651162790675,0.11095556506493089,0.11480593841919472,0.0,0.9999999987499999,0.628857364555197,0.29085228457800333,0.3026575930104929,0.40347966472580116,angry,05,04,04,female,strong,395
60,2.0020000000000002,True,1.0,0.8803099319343609,0.8800008304644362,0.8801553811993985,0.41258779675570767,-0.062453703703703733,-0.05703703703703694,0.40338226265879795,0.11373177766201299,0.17641008171331204,2.13325597150547,0.00030910146992468857,0.005416666666666792,0.004025118038822541,0.4857729170755653,0.1011650674119948,0.11799801644801845,0.0,0.9999999987499999,0.6497025707626802,0.31091428530156895,0.26758358937186755,0.3966258394850106,angry,05,04,04,female,strong,395
70,2.3356666666666666,True,1.0,0.5657114015238526,0.6078915404027537,0.5868014709633032,1.0698271842215392,-0.07240740740740736,-0.06944444444444448,0.36033401669678855,0.5427057021471253,0.17431649776999447,0.5485011781508335,0.04218013887890115,0.0029629629629628895,0.027988588309299074,0.21504410179817804,0.11324478018191556,0.11322356851578433,0.0,0.9999999987499999,0.6318601622992946,0.28483584211761975,0.3045073285957232,0.38740248266491073,angry,05,04,04,female,strong,395
80,2.6693333333333333,True,1.0,0.8578114813072631,0.9049342016191808,0.881372841463222,1.2476867019917761,-0.06074074074074082,-0.058611111111111114,0.3681954289403958,0.4678362573099424,0.1833537234902846,0.7064055744572899,0.047122720311917665,0.0021296296296297035,0.014108976531869117,0.2042688359920664,0.11528491005629063,0.11250856767323326,0.0,0.9999999987499999,0.613755956593575,0.286546203213808,0.29619546693568727,0.3845716992076516,angry,05,04,04,female,strong,395
90,3.003,True,1.0,0.7409887035698296,0.7971840882966617,0.7690863959332457,0.8362703112212965,-0.05972222222222223,-0.05726851851851861,0.38889839052255276,0.31358554752358475,0.18334373675797253,0.9196624412148091,0.056195384726832054,0.0024537037037036247,0.007423163836548189,0.29127994890437425,0.10362755140784714,0.1186043862898829,0.0,0.9999999987499999,0.6299505832332933,0.3160095486196729,0.26115580559589874,0.39012164301211405,angry,05,04,04,female,strong,395
100,3.336666666666667,True,1.0,0.7431993984642972,0.7917518980371389,0.767475648250718,0.8720277392832383,-0.06055555555555553,-0.05768518518518523,0.36843591691068783,0.35673862061587047,0.17989546661676634,0.8801046270403546,0.04855249957284169,0.002870370370370301,0.02204221466926777,0.28636363636363626,0.11271666441977111,0.11307738269547367,0.0,0.9999999987499999,0.6291728109681373,0.28536715338582247,0.2921070476880822,0.38355161869150306,angry,05,04,04,female,strong,395
110,3.6703333333333332,True,1.0,0.7148261682702968,0.7638364665133398,0.7393313173918183,0.8871473754733682,-0.06222222222222218,-0.0593981481481482,0.37320493452576087,0.39602795739238694,0.17504359111107873,0.8333804932887532,0.04901029824304304,0.002824074074073979,0.025810306032793846,0.27177890061577337,0.11206456199702343,0.11389108308813443,0.0,0.9999999987499999,0.6334420842008679,0.286680618455527,0.28910382450979655,0.3928750741741418,angry,05,04,04,female,strong,395
0,0.0,True,1.0,0.7022294265462427,0.729965104003515,0.7160972652748788,0.8889587303876292,-0.06782407407407415,-0.06398148148148147,0.3582568844531606,0.37974838830725954,0.17778464410025674,0.8055461303165622,0.027735677457272345,0.003842592592592675,0.006454537023757255,0.2658534817146637,0.09978305187559354,0.1170721742791832,0.0,0.9999999987499999,0.6596352496936275,0.3106962257314585,0.2647991008523876,0.4018841593734673,fearful,06,04,04,female,normal,396
10,0.33366666666666667,True,1.0,0.6888765627851747,0.6926040264636915,0.6907402946244331,0.8254451155364072,-0.06768518518518524,-0.0641666666666667,0.36591427965935486,0.36507936507936517,0.17986789790391572,0.8368094760310775,0.0037274636785167292,0.003518518518518532,0.007302739936624614,0.292050221188565,0.10041974704984893,0.11487987795590489,0.0,0.9999999987499999,0.6555586298112995,0.3113160276260177,0.2671879742545719,0.4002913297547417,fearful,06,04,04,female,normal,396
20,0.6673333333333333,True,1.0,0.7504268679907585,0.7393502186952309,0.7448885433429947,1.078290924798016,-0.0743981481481481,-0.07078703703703698,0.36883222033521373,0.4201588198364697,0.18750040690060016,0.6908047969359719,0.011076649295527652,0.0036111111111111205,0.000502154896617768,0.23205227582351137,0.10020957054447807,0.11638034846308581,0.0,0.9999999987499999,0.6561547132368573,0.3119153704346445,0.27735498109505846,0.40962509101143757,fearful,06,04,04,female,normal,396
30,1.0010000000000001,True,1.0,0.7699416090930197,0.7785272341533078,0.7742344216231638,1.0299791276006884,-0.05624999999999997,-0.05472222222222217,0.42577358453639874,0.32522093769764765,0.16948091152760256,0.7516991372696301,0.008585625060288149,0.0015277777777777946,0.004181409885327517,0.2456301064831887,0.09841503570247233,0.11643834744889606,0.0,0.9999999987499999,0.6558190250084408,0.31263132623750206,0.27565564868811226,0.40748361278004197,fearful,06,04,04,female,normal,396
40,1.3346666666666667,True,1.0,0.5239716897021144,0.5302144249512674,0.5270930573266909,1.6353277241784663,-0.07550925925925922,-0.0741666666666666,0.32438098450351105,0.6310114036063149,0.18406923095099204,0.32231646876254405,0.006242735249152975,0.0013425925925926174,0.0062992287471817935,0.16543588831432812,0.09910199595669644,0.1178110766293539,0.0,0.9999999987499999,0.65451154727516,0.31318790385256295,0.2710990414927743,0.39839308071257584,fearful,06,04,04,female,normal,396
50,1.6683333333333334,True,1.0,0.8158079260278498,0.8196197732069982,0.817713849617424,0.9763205828779598,-0.07953703703703702,-0.07504629629629628,0.395780974296542,0.30601092896174864,0.2021139115208346,0.8375464616417273,0.0038118471791483977,0.00449074074074074,0.007881343643095116,0.251865671641791,0.10113717658229138,0.1178603848444787,0.0,0.9999999987499999,0.6495353542119974,0.31589943878998566,0.2838302542832589,0.4002933329278041,fearful,06,04,04,female,normal,396
60,2.0020000000000002,True,1.0,0.8529779983043231,0.8655595995719968,0.85926879893816,0.9653143353129492,-0.07578703703703699,-0.07263888888888892,0.33636606822683984,0.35335617228907984,0.2007324558209925,0.8901440365117858,0.012581601267673714,0.0031481481481480666,0.013298990323688524,0.2417197056472725,0.11232956835497758,0.11446498448741582,0.0,0.9999999987499999,0.6241336234571954,0.2840568493923731,0.3089987484546278,0.3951733522553168,fearful,06,04,04,female,normal,396
70,2.3356666666666666,True,1.0,0.7961586418701334,0.822967656214595,0.8095631490423643,0.9667838408341634,-0.05935185185185182,-0.05824074074074076,0.3675691205848046,0.39761247401593497,0.1778052414767488,0.8373776172591534,0.02680901434446159,0.0011111111111110628,0.0063508624277416785,0.26358790361545986,0.11344680162583444,0.11302114805020005,0.0,0.9999999987499999,0.6282360637536265,0.2825091574799165,0.29839060676048534,0.38962988808300214,fearful,06,04,04,female,normal,396
80,2.6693333333333333,True,1.0,0.8961066419331111,0.8632080807566863,0.8796573613448987,0.9428825113754871,-0.0633333333333333,-0.05949074074074073,0.37191126610359615,0.4096128942860719,0.18195953953629374,0.9329448268816071,0.032898561176424757,0.003842592592592564,0.00888329543834215,0.23111492982953338,0.10357134237521556,0.11556241557688036,0.0,0.9999999987499999,0.6477315104948229,0.31125846867500984,0.2791927925652061,0.406302626435456,fearful,06,04,04,female,normal,396
90,3.003,True,1.0,0.8958006639666461,0.9189581228239004,0.9073793933952733,0.9346502356274983,-0.06671296296296292,-0.06541666666666662,0.3703804886885063,0.4283813579959368,0.18611275085435405,0.9708224090759298,0.023157458857254287,0.0012962962962962954,0.006530907916706065,0.23496684532669324,0.09989713964207236,0.11615762215930582,0.0,0.9999999987499999,0.6529963025444552,0.3114415793363918,0.28036024919210173,0.4122487219390706,fearful,06,04,04,female,normal,396
0,0.0,True,1.0,0.6537094238146752,0.6563590612935508,0.655034242554113,0.755068802987305,-0.06324074074074076,-0.06060185185185185,0.3667758060245123,0.2595549010268865,0.18404809099924888,0.8675159667073757,0.0026496374788755883,0.002638888888888913,0.006362987634407816,0.32878571046013877,0.10310436184653239,0.11515496379119128,0.0,0.9999999987499999,0.6329175849871198,0.31252706794030854,0.25840200251310785,0.38229749829209175,fearful,06,04,04,female,normal,397
10,0.33366666666666667,True,1.0,0.6825479378314746,0.6679845608087626,0.6752662493201186,0.6348928630387208,-0.06314814814814823,-0.060046296296296264,0.40517005048155463,0.1731525990105596,0.18403441091295167,1.0635908649030372,0.014563377022712043,0.0031018518518519667,0.00485835788557721,0.38620693680615065,0.10224678294998965,0.11591708456482877,0.0,0.9999999987499999,0.6370078290847588,0.31338856817232635,0.26013854552208865,0.3856339036205001,fearful,06,04,04,female,normal,397
20,0.6673333333333333,True,1.0,0.7039163574427524,0.7336980069095025,0.7188071821761275,0.9525483483839918,-0.07115740740740739,-0.06717592592592586,0.36245354823094417,0.3174603174603175,0.1902781787382358,0.7546149057899175,0.029781649466750104,0.00398148148148153,0.0007781880721632197,0.26298234506500534,0.11412578766367844,0.11216575836023854,0.0,0.9999999987499999,0.6291852428393233,0.2849599112739231,0.3014514258760676,0.3880091879906395,fearful,06,04,04,female,normal,397
30,1.0010000000000001,True,1.0,0.7358446141580445,0.7357786290773739,0.7358116216177092,1.0139309137082024,-0.08657407407407403,-0.08231481481481484,0.4367504119525271,0.28310302588262054,0.20349621824753747,0.7257019306440313,6.598508067057196e-05,0.004259259259259185,0.008865984570952962,0.24836999622443062,0.09935547787786209,0.11759738260388429,0.0,0.9999999987499999,0.6506604266237745,0.3171564571678621,0.305059265031382,0.4228773958470931,fearful,06,04,04,female,normal,397
40,1.3346666666666667,True,1.0,0.871918093338606,0.8418108726917609,0.8568644830151835,1.9128098996901763,-0.08212962962962961,-0.07833333333333325,0.294692523481456,0.8017826865778387,0.2076756292107354,0.4479611294117478,0.030107220646845123,0.003796296296296353,0.006175674675355209,0.1420362841103412,0.109579416391466,0.11628411914854073,0.0,0.9999999987499999,0.6185957660876851,0.2859059926146441,0.32805976900851064,0.4046132352980461,fearful,06,04,04,female,normal,397
50,1.6683333333333334,True,1.0,0.8773171810515178,0.8397653566966443,0.858541268874081,1.017953092158637,-0.07296296296296295,-0.07064814814814818,0.4012347375429006,0.28673835125448044,0.19931933583917824,0.8433996374562676,0.037551824354873475,0.0023148148148147696,0.005005193682658116,0.261435457397865,0.10400230159014973,0.11730544504544665,0.0,0.9999999987499999,0.6238659563591061,0.31565063522976994,0.28535577906173965,0.401050912379653,fearful,06,04,04,female,normal,397
60,2.0020000000000002,True,1.0,0.8327444007845485,0.8397653566966421,0.8362548787405952,0.9213146685735281,-0.059675925925925966,-0.05907407407407411,0.3396224721612166,0.29313024647721736,0.19103972627181362,0.9076756370712832,0.007020955912093618,0.0006018518518518534,0.011307614405052646,0.24611415384373503,0.10353821630435912,0.11409906700955716,0.0,0.9999999987499999,0.6309228912033564,0.3120553185886992,0.2697693248315639,0.3941374736837039,fearful,06,04,04,female,normal,397
70,2.3356666666666666,True,1.0,0.8524288087220548,0.8377549327679941,0.8450918707450245,0.9522609976034278,-0.06430555555555562,-0.06078703703703703,0.3622894126361806,0.372968890728009,0.18613119697045138,0.8874582418810413,0.014673875954060778,0.0035185185185185874,0.007224648601959038,0.2630285683681108,0.1137348762086526,0.11357312348139997,0.0,0.9999999987499999,0.6228527699751776,0.28292947425519105,0.3035277604354534,0.392086276956964,fearful,06,04,04,female,normal,397
80,2.6693333333333333,True,1.0,0.8244914936753909,0.8478884767647994,0.8361899852200951,0.8730615292895574,-0.0616666666666667,-0.0589351851851852,0.36353948294680655,0.36507936507936495,0.180559358475242,0.9577675308870086,0.02339698308940852,0.0027314814814815014,0.0048574758463444745,0.28634866113438145,0.11592419383093623,0.11099481894919146,0.0,0.9999999987499999,0.6181466298238046,0.2840155226440324,0.3014499689971444,0.3875503381867788,fearful,06,04,04,female,normal,397
90,3.003,True,1.0,0.7975978774753856,0.7976000006764284,0.7975989390759071,0.6359385706469699,-0.0631944444444445,-0.05967592592592591,0.4058084077905803,0.18064960521248113,0.18403441091295167,1.2542075223782583,2.1232010428695602e-06,0.0035185185185185874,0.008086175036936162,0.34588960458115015,0.10220278923699265,0.11726293775101038,0.0,0.9999999987499999,0.6439255717286915,0.3153335419725443,0.2797469247561384,0.4087579905571826,fearful,06,04,04,female,normal,397
0,0.0,True,1.0,0.7357789272427536,0.7624987153671526,0.7491388213049531,0.8138159548865436,-0.06740740740740742,-0.06412037037037044,0.35349485039455414,0.406882230241771,0.1777794943832596,0.9205260929166629,0.026719788124399013,0.0032870370370369772,0.0013787111084258958,0.28194237329070687,0.11321928538432773,0.11291209956386988,0.0,0.9999999987499999,0.639584732815001,0.28404611938918817,0.29473407699918625,0.38844600225647474,fearful,06,04,04,female,normal,398
10,0.33366666666666667,True,1.0,0.7251262964829052,0.7332067952319354,0.7291665458574204,0.913278332251727,-0.06680555555555556,-0.06541666666666673,0.353731106095197,0.4158468341346059,0.17777777777777776,0.7984056120762537,0.008080498749030274,0.0013888888888888284,0.007052860670088261,0.2611475403970255,0.11474307080545165,0.1115342120635571,0.0,0.9999999987499999,0.6356943902092087,0.2846254643424427,0.29715009045898055,0.3889803869476431,fearful,06,04,04,female,normal,398
20,0.6673333333333333,True,1.0,0.42771019398377963,0.42118385242411693,0.4244470232039483,0.9765176634748617,-0.0829166666666667,-0.07962962962962966,0.36056844575302394,0.4322107541264828,0.18055555555555552,0.4346537078434268,0.006526341559662696,0.0032870370370370328,0.002192703062977554,0.24950392020574197,0.10053169418179847,0.11577354666401786,0.0,0.9999999987499999,0.6611651441592262,0.31001150644312775,0.269316826563897,0.3978957439819215,fearful,06,04,04,female,normal,398
30,1.0010000000000001,True,1.0,0.8286376298413758,0.8185889324231804,0.823613281132278,1.3074747832535316,-0.07837962962962963,-0.07430555555555557,0.3477128172073481,0.5866721476202708,0.19166825888152061,0.6299267042709548,0.010048697418195363,0.004074074074074063,0.00011584281538778941,0.16586107176220935,0.11003881137907474,0.11535507362263564,0.0,0.9999999987499999,0.633065975663703,0.28824442361980435,0.31304421718833897,0.39924512129387735,fearful,06,04,04,female,normal,398
40,1.3346666666666667,True,1.0,0.866155846224615,0.8513784414476168,0.8587671438361159,0.9604747703221005,-0.07624999999999998,-0.07222222222222219,0.40257842592602056,0.33688294182939454,0.19166706472162018,0.8941069254199395,0.014777404776998182,0.004027777777777797,0.0026161607331617923,0.2350746268656714,0.11193882087057522,0.11501290766752988,0.0,0.9999999987499999,0.6312183675970388,0.2887567719835109,0.33342481032716875,0.4075032968198368,fearful,06,04,04,female,normal,398
50,1.6683333333333334,True,1.0,0.9127357069551774,0.8858835561059943,0.8993096315305859,0.8301772143367108,-0.0775925925925926,-0.07083333333333336,0.40446393818618276,0.34352160593243225,0.18682025786964923,1.0832742889108442,0.02685215084918302,0.006759259259259243,0.00399981240549667,0.2817779758258676,0.10147004785601885,0.11918333635958432,0.0,0.9999999987499999,0.6530827232299169,0.3122218011289763,0.29724054673052025,0.42294228945742407,fearful,06,04,04,female,normal,398
60,2.0020000000000002,True,1.0,0.9000789763086618,0.8804717350660554,0.8902753556873586,0.8960725577858913,-0.07953703703703713,-0.0740277777777778,0.37743845958091027,0.33412875036084067,0.19794133618182042,0.993530432275644,0.019607241242606488,0.005509259259259325,0.0030012154822600676,0.22881355932203365,0.0976062137517698,0.11760419587989102,0.0,0.9999999987499999,0.6499956961690927,0.31290421293975756,0.2999415793350933,0.4226940450724314,fearful,06,04,04,female,normal,398
70,2.3356666666666666,True,1.0,0.8904809016811475,0.8555880209659997,0.8730344613235737,0.8307731397592636,-0.07902777777777781,-0.07185185185185194,0.3990563726732563,0.3652537079976069,0.19450093735393323,1.050869869934115,0.034892880715147734,0.007175925925925863,0.0016278931626076362,0.2812499999999997,0.10074600812605047,0.11787210337496332,0.0,0.9999999987499999,0.6499467895830207,0.31318315090463245,0.30055014911619393,0.425528961983389,fearful,06,04,04,female,normal,398
80,2.6693333333333333,True,1.0,0.8861634029930747,0.8531649842220771,0.869664193607576,0.9116831038025182,-0.07347222222222227,-0.06824074074074077,0.37219215671263756,0.448095059516867,0.1854759093090738,0.9539106187010744,0.03299841877099763,0.005231481481481504,0.001495767520085843,0.267474523895172,0.10174333622130619,0.11766180447409569,0.0,0.9999999987499999,0.6524963424119649,0.311331555764178,0.2970684069247584,0.42498134493749645,fearful,06,04,04,female,normal,398
90,3.003,True,1.0,0.8401202130083416,0.809949699626438,0.8250349563173898,0.8730460225567357,-0.07490740740740742,-0.06787037037037036,0.3702851778855808,0.42084798950960006,0.1833836804240681,0.9450074051093613,0.030170513381903574,0.007037037037037064,0.0037978231359360503,0.251699406197175,0.09989041929246872,0.11763023146941078,0.0,0.9999999987499999,0.6572035595253727,0.31070991129431924,0.2887804830179134,0.42099787903116054,fearful,06,04,04,female,normal,398
100,3.336666666666667,True,1.0,0.8357298268672361,0.805999595023635,0.8208647109454356,0.8807679240146083,-0.07314814814814813,-0.06754629629629633,0.36042982569513016,0.45639792426211584,0.18409782819833262,0.9319875174425866,0.029730231843601018,0.005601851851851802,0.005167744823329992,0.27613636363636296,0.11419193775345458,0.11192832601027966,0.0,0.9999999987499999,0.6320077669114521,0.286210002271252,0.3148538249558175,0.4106074882909761,fearful,06,04,04,female,normal,398
0,0.0,True,1.0,0.6830679253848515,0.667939834039367,0.6755038797121092,0.8317442536348814,-0.06203703703703711,-0.05930555555555561,0.3574185078538236,0.334308239206252,0.17917347976387138,0.8121533473300575,0.01512809134548454,0.0027314814814815014,0.004867657305143311,0.30942655457407575,0.11279984196319963,0.11400158004847781,0.0,0.9999999987499999,0.6383565024916216,0.2850067975027541,0.28812200166491797,0.38838748706726917,fearful,06,04,04,female,normal,399
10,0.33366666666666667,True,1.0,0.7038155528906316,0.7128092881238202,0.7083124205072259,0.8022606031740127,-0.06439814814814815,-0.06129629629629629,0.36809903871769717,0.35393850140029937,0.18055597810614282,0.8828956796643183,0.008993735233188582,0.0031018518518518556,0.004771479974001065,0.30882352941176483,0.09922337936893626,0.11657035958224772,0.0,0.9999999987499999,0.6560451548744499,0.31270852759987566,0.26401378020071387,0.39343298663654064,fearful,06,04,04,female,normal,399
20,0.6673333333333333,True,1.0,0.7341901185790877,0.7456443136489093,0.7399172161139984,0.9288098107790413,-0.06615740740740744,-0.06328703703703703,0.36397491723866376,0.39234207524287057,0.18125168372062783,0.7966294148996889,0.011454195069821593,0.002870370370370412,0.002492053344837608,0.2618534482758622,0.10018767905355609,0.11656275756094345,0.0,0.9999999987499999,0.6557824531687676,0.31218756976099615,0.2666560150771279,0.39509615702471923,fearful,06,04,04,female,normal,399
30,1.0010000000000001,True,1.0,0.8328649227294055,0.8092943850350479,0.8210796538822267,1.2236304793222774,-0.06152777777777774,-0.05999999999999994,0.34773644326225106,0.5196239021779544,0.18194612173871696,0.6710192887128732,0.023570537694357574,0.0015277777777777946,0.0002776851250882071,0.1772260273972601,0.10052626159621107,0.11676142366625658,0.0,0.9999999987499999,0.6546638174097764,0.3137357755398794,0.2741377056895775,0.39895590624904853,fearful,06,04,04,female,normal,399
40,1.3346666666666667,True,1.0,0.7461344553933085,0.7481254523990326,0.7471299538961705,0.9707059313081392,-0.07337962962962968,-0.06833333333333336,0.3852559708396481,0.3185005822421295,0.19098660378297827,0.7696769225354645,0.0019909970057241377,0.0050462962962963265,0.008106736156753636,0.22904034387908867,0.0994430385816044,0.1175233485618035,0.0,0.9999999987499999,0.6514772059136155,0.3152676958633595,0.2793072739809141,0.4008104366733237,fearful,06,04,04,female,normal,399
50,1.6683333333333334,True,1.0,0.8651146413384426,0.8318089103872687,0.8484617758628556,0.6462385295011622,-0.07671296296296298,-0.07217592592592592,0.39672410540911357,0.19091851043578106,0.1958395666117919,1.3129235369450836,0.03330573095117395,0.004537037037037062,0.007365102954399805,0.34514225188428016,0.1007546417619314,0.11802625563167349,0.0,0.9999999987499999,0.6478345115546218,0.3153029959336124,0.2868982572848712,0.40576241091583626,fearful,06,04,04,female,normal,399
60,2.0020000000000002,True,1.0,0.7961586418701345,0.8002054236249132,0.7981820327475239,0.9465641579822152,-0.06120370370370376,-0.05856481481481479,0.3484404239296536,0.34871718384104905,0.18819809300513307,0.843241343987716,0.004046781754778683,0.0026388888888889683,0.009963068897749203,0.21709469245225377,0.1130959841281433,0.11303560140363691,0.0,0.9999999987499999,0.6204607937081082,0.2863590467310926,0.3005965442120486,0.38460683157514136,fearful,06,04,04,female,normal,399
70,2.3356666666666666,True,1.0,0.8482795284031716,0.8377549327679918,0.8430172305855816,0.984126984126983,-0.0703240740740741,-0.06532407407407409,0.36341849090553213,0.38095238095238076,0.18819606603570535,0.8566142826918017,0.010524595635179712,0.0050000000000000044,0.01041098251777298,0.24495967741935534,0.11173664864913002,0.11471215303582268,0.0,0.9999999987499999,0.6178729777848639,0.2858921978721072,0.31024308132801054,0.3956257723438093,fearful,06,04,04,female,normal,399
80,2.6693333333333333,True,1.0,0.8324417774221338,0.8320560252359548,0.8322489013290443,0.9929929929929932,-0.06504629629629627,-0.06143518518518515,0.3624454983009173,0.4324324324324334,0.18472387429425177,0.8381216254311644,0.0003857521861789781,0.0036111111111111205,0.011023987625139564,0.23588709677419362,0.11375676665581416,0.11304672768809725,0.0,0.9999999987499999,0.6182468668951956,0.28628420339989696,0.30357259662316416,0.39299740999822685,fearful,06,04,04,female,normal,399
90,3.003,True,1.0,0.8757824920130819,0.8769424615022002,0.876362476757641,0.9125306206639319,-0.06472222222222224,-0.06162037037037038,0.36802264528016837,0.40904621435595,0.18194486376946217,0.9603650079380613,0.0011599694891183399,0.0031018518518518556,0.004666320199998251,0.25214331482686553,0.10321320449274186,0.11555311063983016,0.0,0.9999999987499999,0.6440982113392232,0.3141436397592325,0.2794175447941392,0.40531742180160557,fearful,06,04,04,female,normal,399
100,3.336666666666667,True,1.0,0.8769556870894769,0.8999702202199757,0.8884629536547264,0.9205622537532512,-0.0637962962962963,-0.06180555555555545,0.3624092498937794,0.42058194060818016,0.18334831407780552,0.9651307665856906,0.023014533130498838,0.0019907407407408484,0.003973454070500879,0.2424454950258328,0.10199023095941834,0.11548485665204443,0.0,0.9999999987499999,0.6412562403164391,0.3140412938738455,0.27803783281403505,0.40495756600456884,fearful,06,04,04,female,normal,399
0,0.0,True,1.0,0.6220506987619889,0.6237250448510548,0.6228878718065218,0.672321426519987,-0.06439814814814826,-0.05736111111111114,0.39397830347167184,0.2838468720821664,0.1687662752568252,0.926473331410336,0.0016743460890659145,0.007037037037037119,5.481477429727064e-05,0.38810635367556673,0.1093567313301292,0.11384676989171329,0.0,0.9999999987499999,0.6421240152936174,0.29036566659836305,0.2868714018240782,0.3761223929215346,fearful,06,04,04,female,strong,400
10,0.33366666666666667,True,1.0,0.633059767449762,0.6236017739141194,0.6283307706819408,0.6963461615320246,-0.06356481481481463,-0.0568055555555555,0.3959782673291798,0.3111111111111114,0.16739803204185613,0.9023253166206248,0.009457993535642584,0.006759259259259132,0.0003809942700587194,0.3715936074535077,0.11190237512579454,0.11151656420078199,0.0,0.9999999987499999,0.6402238600440177,0.2891147502718575,0.2895872351071635,0.3765106307027727,fearful,06,04,04,female,strong,400
20,0.6673333333333333,True,1.0,0.6972369963715048,0.6894415713212503,0.6933392838463776,1.1958034355207312,-0.07407407407407407,-0.0625,0.362684403279751,0.46054591773433545,0.17778850629011578,0.5798104130253249,0.007795425050254545,0.01157407407407407,0.010106860646843064,0.2280405405405406,0.11081675247968906,0.11293334722214426,0.0,0.9999999987499999,0.6401593583449005,0.2880834770036582,0.3049348177073196,0.38699999741772934,fearful,06,04,04,female,strong,400
30,1.0010000000000001,True,1.0,0.8165224354821404,0.7964780153523189,0.8065002254172297,0.9819250852058435,-0.07597222222222227,-0.06578703703703698,0.4657468208239894,0.1988507416830892,0.18611766999740337,0.8213459840962928,0.02004442012982155,0.010185185185185297,0.005550208118199602,0.2566154539780975,0.0982240998258812,0.11854400698851532,0.0,0.9999999987499999,0.6445318655665391,0.31774753205295464,0.300781173554635,0.42526848404566575,fearful,06,04,04,female,strong,400
40,1.3346666666666667,True,1.0,0.8459451437464631,0.8412918698917262,0.8436185068190947,0.8723506597829825,-0.07111111111111118,-0.06481481481481488,0.4023190632960556,0.32175500644630173,0.19030343754396392,0.9670635281332445,0.004653273854736906,0.0062962962962963,0.019633177746432855,0.2694090056690837,0.10178858853947548,0.11631963875693069,0.0,0.9999999987499999,0.6410354953778387,0.3163625734157148,0.29481034021294455,0.41027736518275687,fearful,06,04,04,female,strong,400
50,1.6683333333333334,True,1.0,0.8447284910254665,0.8383119513783531,0.8415202212019098,0.945325967297483,-0.07375000000000004,-0.06768518518518513,0.4548636395534122,0.1890651934594968,0.19514045277274678,0.8901905271973697,0.006416539647113417,0.006064814814814912,0.0069469710225238904,0.25534834594682093,0.11079022048145055,0.11446727094927857,0.0,0.9999999987499999,0.6167676494972989,0.28800472086675993,0.3371928815992571,0.4149595240987062,fearful,06,04,04,female,strong,400
60,2.0020000000000002,True,1.0,0.8722848876893713,0.8698098007632099,0.8710473442262906,0.8406903488540495,-0.07601851851851843,-0.07125000000000004,0.4131330431704432,0.27562446167097343,0.19861725721356674,1.0361096037484205,0.002475086926161385,0.004768518518518394,0.010300113187048114,0.27662758333301346,0.1100332322803243,0.11585479125420461,0.0,0.9999999987499999,0.6125408771789967,0.286210561409092,0.33187829958651816,0.40887446661385163,fearful,06,04,04,female,strong,400
70,2.3356666666666666,True,1.0,0.9146902107432384,0.8859826555060833,0.9003364331246608,0.9667531844191208,-0.0764351851851851,-0.07004629629629616,0.40048463134284396,0.34119533298604027,0.19031025283780695,0.9312991647042085,0.02870755523715507,0.006388888888888944,0.009023505509714178,0.2651049943634593,0.10174262331332733,0.11766242092959324,0.0,0.9999999987499999,0.6402276294814802,0.31431939601973785,0.2943680816362502,0.4197835205463032,fearful,06,04,04,female,strong,400
80,2.6693333333333333,True,1.0,0.9090178050164156,0.9029255691242356,0.9059716870703256,0.8465237312365776,-0.0780555555555556,-0.07092592592592589,0.4067213462579985,0.29835223710396613,0.18547590930907384,1.070225976709369,0.006092235892179998,0.007129629629629708,0.016487077688137886,0.2877225312409394,0.1012846899249554,0.11740955026801503,0.0,0.9999999987499999,0.6450378046531112,0.3140046606666869,0.2990639233359217,0.42921886942667586,fearful,06,04,04,female,strong,400
90,3.003,True,1.0,0.909018973493413,0.9002577178272312,0.9046383456603221,0.8332529694454636,-0.0750925925925926,-0.06898148148148142,0.4127733946864994,0.2846947645605334,0.18472387429425172,1.0856707132557428,0.0087612556661818,0.006111111111111178,0.006498762215623611,0.2817433943817986,0.10175124142545913,0.11765496830025562,0.0,0.9999999987499999,0.6325830843274809,0.3165918248144436,0.2992672965077198,0.42207188704168164,fearful,06,04,04,female,strong,400
100,3.336666666666667,True,1.0,0.8949640339098451,0.8875336808310577,0.8912488573704513,0.8815700734369117,-0.0743981481481481,-0.06773148148148145,0.40156926844148416,0.3540732262164643,0.17848761096782254,1.010979029603178,0.007430353078787477,0.006666666666666654,0.010412058476053643,0.2771246502116052,0.11238916657220022,0.11423981744623785,0.0,0.9999999987499999,0.6289898001231743,0.2874608496362028,0.3200640829054552,0.41684678653145907,fearful,06,04,04,female,strong,400
110,3.6703333333333332,True,1.0,0.8984082296235087,0.858444283364521,0.8784262564940148,0.8810260620900711,-0.07125000000000004,-0.06513888888888891,0.3926712991971033,0.38824877312443823,0.17292769676479455,0.997049116129563,0.03996394625898769,0.006111111111111123,0.0075488471113180754,0.27700207793051396,0.11087078764569552,0.113217356827284,0.0,0.9999999987499999,0.6399029618097238,0.2868037019084738,0.3119780054328664,0.4152723112572518,fearful,06,04,04,female,strong,400
0,0.0,True,1.0,0.7778364828957907,0.7785261585047202,0.7781813207002555,0.7953216374269003,-0.06583333333333341,-0.06046296296296294,0.37745728454713984,0.3898635477582845,0.1687613024282096,0.9784485723510569,0.0006896756089295186,0.00537037037037047,0.002199882708558982,0.2867647058823532,0.11022368570298431,0.11300761395779105,0.0,0.9999999987499999,0.6449102240583734,0.28791632090146674,0.29098571582619814,0.3906703761734279,fearful,06,04,04,female,strong,401
10,0.33366666666666667,True,1.0,0.7733405144667403,0.7785261585047211,0.7759333364857307,0.8809269484723469,-0.06453703703703706,-0.061574074074074114,0.36631141423799457,0.4164164164164164,0.17015009905848222,0.8808146212705945,0.005185644037980719,0.002962962962962945,0.0018727849493369272,0.2658951853390675,0.11265693558614301,0.11195190104200575,0.0,0.9999999987499999,0.6454243035417292,0.2866076727154117,0.29393047519797993,0.38935355707355046,fearful,06,04,04,female,strong,401
20,0.6673333333333333,True,1.0,0.7435521271385179,0.7458615856327844,0.7447068563856512,0.7265352735427826,-0.060555555555555585,-0.05791666666666667,0.3781730449392295,0.3323274425339835,0.16876130242820955,1.0250112878267548,0.0023094584942664476,0.002638888888888913,0.0048236074305461835,0.3231151579912201,0.11257053783046667,0.1120387758564724,0.0,0.9999999987499999,0.6475269503895307,0.28676038305931195,0.29306416081480346,0.38719165676421674,fearful,06,04,04,female,strong,401
30,1.0010000000000001,True,1.0,0.7500506673379067,0.7681999146204943,0.7591252909792006,1.0246368069418044,-0.08143518518518511,-0.08444444444444449,0.4733238922756551,0.24072239649255317,0.18959339380643883,0.7408725568281446,0.0181492472825876,0.003009259259259378,0.009178718549027968,0.2578058751701085,0.09510075584817898,0.12059100204196582,0.0,0.9999999987499999,0.6604159527248399,0.31510276416592464,0.30127883471820305,0.43347376134494986,fearful,06,04,04,female,strong,401
40,1.3346666666666667,True,1.0,0.8722954131599904,0.851378441447618,0.8618369273038042,1.0589350813263332,-0.07097222222222216,-0.06601851851851848,0.38579529823927305,0.44738120066981896,0.18826294450387393,0.8138713529297185,0.02091697171237239,0.004953703703703682,0.017163090675418238,0.20003137294412687,0.10226910205435895,0.11817639843829628,0.0,0.9999999987499999,0.6560344953606443,0.31337269445570665,0.28624390943059985,0.4111951034472389,fearful,06,04,04,female,strong,401
50,1.6683333333333334,True,1.0,0.9531568513133276,0.9145605893477092,0.9338587203305184,0.5137501031765139,-0.07037037037037042,-0.06629629629629624,0.41224306978993375,0.13883533620176597,0.1916861703873071,1.8177295042015083,0.038596261965618384,0.004074074074074174,0.013790650531148353,0.4568283915441023,0.10386198828598472,0.11775373224338827,0.0,0.9999999987499999,0.649590537277411,0.31133480540613256,0.2815129860016933,0.41440307134408716,fearful,06,04,04,female,strong,401
60,2.0020000000000002,True,1.0,0.8491105332538444,0.866064554225248,0.8575875437395462,1.1086888218985549,-0.06259259259259264,-0.060925925925925994,0.3348605215658043,0.39224652989756303,0.1896513317414181,0.773515098917463,0.016954020971403527,0.0016666666666666496,0.01779328028166782,0.19097660257918295,0.11058273597538706,0.1141681905539928,0.0,0.9999999987499999,0.6219220020820828,0.2860973913121455,0.3020229483919856,0.3938057809045496,fearful,06,04,04,female,strong,401
70,2.3356666666666666,True,1.0,0.9193505587261134,0.9270773581258273,0.9232139584259703,0.9175981630980994,-0.06768518518518518,-0.0665277777777778,0.39976341967369033,0.4014336917562722,0.18334373675797258,1.0061201030622273,0.0077267993997138795,0.0011574074074073848,0.007361077451311784,0.27245041463021424,0.1033995025972838,0.11702593429800659,0.0,0.9999999987499999,0.6495700412743222,0.31123159064567985,0.28675916447305255,0.4248758146327727,fearful,06,04,04,female,strong,401
80,2.6693333333333333,True,1.0,0.9342766902464374,0.8982667920573817,0.9162717411519096,1.0512077294685997,-0.07180555555555557,-0.06893518518518521,0.370815333145501,0.5101449275362329,0.18403150894573134,0.8716371802318251,0.036009898189055756,0.0028703703703703565,0.004149573127654864,0.22334558823529435,0.10168812120021116,0.11722295364576732,0.0,0.9999999987499999,0.6539158699026486,0.3117871029534964,0.28661680897744257,0.43130289406076516,fearful,06,04,04,female,strong,401
90,3.003,True,1.0,0.8765644146932864,0.8549876490543598,0.865776031873823,0.9930338596324427,-0.06958333333333333,-0.06787037037037036,0.3639096996444704,0.4804804804804797,0.18057076675375175,0.8718494575746668,0.02157676563892663,0.0017129629629629717,0.0005276043438323348,0.24547999735912238,0.11240895482717861,0.1138862574342049,0.0,0.9999999987499999,0.6361425151466836,0.28694018660982956,0.30646123763429595,0.4127026944235832,fearful,06,04,04,female,strong,401
100,3.336666666666667,True,1.0,0.9012115334165149,0.9048879244077257,0.9030497289121203,0.9948131511958053,-0.0643981481481482,-0.061990740740740735,0.3620165863278725,0.4647699910916185,0.17569835258094374,0.9077581330992844,0.003676390991210754,0.002407407407407469,0.005160274307835571,0.23974390555527783,0.1125935263026481,0.11319999447996286,0.0,0.9999999987499999,0.6416825770464436,0.2867670740730325,0.3031585018275288,0.413557225817491,fearful,06,04,04,female,strong,401
0,0.0,True,1.0,0.7943293645644042,0.7803345266864196,0.7873319456254119,0.9368844407647788,-0.06319444444444444,-0.05995370370370373,0.3643718222971581,0.452289040369203,0.16667811036558877,0.8403725276755719,0.013994837877984612,0.0032407407407407107,0.003931901594243822,0.25274393392434347,0.10957414814072321,0.11262710186985868,0.0,0.9999999987499999,0.6435534835653011,0.29193781584349854,0.2866521855091582,0.3975892797525877,fearful,06,04,04,female,strong,402
10,0.33366666666666667,True,1.0,0.740322254508386,0.7584544496773935,0.7493883520928897,0.8888193040157115,-0.06189814814814809,-0.05884259259259261,0.3615865246150667,0.4443864118489205,0.1673684047799813,0.8431278986708899,0.018132195169007548,0.003055555555555478,0.008928432880818054,0.27671982298058084,0.11050612245330318,0.11188323764018324,0.0,0.9999999987499999,0.6401719586975416,0.2919993406107348,0.2876136282275595,0.3959898993780995,fearful,06,04,04,female,strong,402
20,0.6673333333333333,True,1.0,0.7609789693747498,0.7787933727272134,0.7698861710509817,0.8809269484723476,-0.06231481481481482,-0.06027777777777776,0.3623539323980492,0.4324324324324321,0.1694484967301334,0.8739500731429247,0.017814403352463537,0.0020370370370370594,0.011840216326288427,0.2665160286454721,0.11193832461535562,0.11113815383228987,0.0,0.9999999987499999,0.6423561620507579,0.2906738948285152,0.28908342862724523,0.39533065504878084,fearful,06,04,04,female,strong,402
30,1.0010000000000001,True,1.0,0.8125140628064922,0.8143560608999532,0.8134350618532227,1.2260839465842364,-0.07569444444444445,-0.06694444444444442,0.37646662948918813,0.5517241379310337,0.18333999159310851,0.6634415727564025,0.0018419980934609725,0.008750000000000036,0.0059748972120241845,0.1757769049825036,0.10807318109754588,0.11322996867803535,0.0,0.9999999987499999,0.6408605270623874,0.29212153583636985,0.3115958868776534,0.4195993709068229,fearful,06,04,04,female,strong,402
40,1.3346666666666667,True,1.0,0.848356736183913,0.8462983603690435,0.8473275482764783,1.0224717927881464,-0.07916666666666672,-0.07217592592592587,0.4012961118036686,0.425977917577606,0.18823498003510292,0.8287050598881825,0.002058375814869562,0.006990740740740853,0.01815504255195808,0.2191637218887705,0.11281587085049634,0.11415273905111348,0.0,0.9999999987499999,0.6320924519338986,0.2858165365876432,0.33366972056330585,0.4255973452402143,fearful,06,04,04,female,strong,402
50,1.6683333333333334,True,1.0,0.7840651172466188,0.7867219555675063,0.7853935364070626,1.2026013539673037,-0.08013888888888887,-0.07208333333333333,0.4281728664616478,0.44094521766083045,0.18750040690060016,0.6530788725757711,0.002656838320887589,0.008055555555555538,0.0194195255181374,0.21278613235045554,0.10262445990520415,0.11721960084442003,0.0,0.9999999987499999,0.6509752060746173,0.3123533053017878,0.3099657922963421,0.44947772414016246,fearful,06,04,04,female,strong,402
60,2.0020000000000002,True,1.0,0.8587621058250821,0.8286374444125832,0.8436997751188327,0.8755486921200969,-0.07518518518518524,-0.06569444444444439,0.43301923680027643,0.3136183297847045,0.18958494304490606,0.9636240482249552,0.03012466141249881,0.009490740740740855,0.00743891491246444,0.26906150850056126,0.10185302972881635,0.11724230950471987,0.0,0.9999999987499999,0.6496183120670144,0.31314632586903196,0.30730437421616136,0.44247600413732946,fearful,06,04,04,female,strong,402
70,2.3356666666666666,True,1.0,0.8225608260274305,0.8130919502836523,0.8178263881555414,1.2202299312056706,-0.07240740740740736,-0.062453703703703733,0.37721458205480124,0.4594582164600348,0.18683863413534252,0.6702231827303835,0.009468875743778193,0.009953703703703631,0.013403898554708403,0.22255952711091515,0.1003204013187466,0.11595668467859752,0.0,0.9999999987499999,0.6465115475721538,0.3139454776228569,0.2884923795863512,0.4145153223504897,fearful,06,04,04,female,strong,402
80,2.6693333333333333,True,1.0,0.890564133025352,0.8589549632085302,0.874759548116941,0.6471646221612822,-0.06759259259259259,-0.06250000000000011,0.41727335701766305,0.24096555080473303,0.18063835658170116,1.3516801106889602,0.031609169816821825,0.005092592592592482,0.0075392344358159915,0.37344299141384946,0.10212508727332034,0.11536561826148965,0.0,0.9999999987499999,0.6540008806725814,0.31117145325179013,0.2880288745335499,0.42114800614518944,fearful,06,04,04,female,strong,402
90,3.003,True,1.0,0.909741438686841,0.8875770473189915,0.8986592430029162,0.942544780363065,-0.06888888888888889,-0.06351851851851847,0.3705362050774681,0.448095059516867,0.17571007646889364,0.9534393078456769,0.022164391367849534,0.005370370370370414,0.012879468938232897,0.26792004258852925,0.10197913481332699,0.11466688995724876,0.0,0.9999999987499999,0.6556139884782037,0.3111842943599546,0.2913454501383891,0.42889711421757754,fearful,06,04,04,female,strong,402
100,3.336666666666667,True,1.0,0.9205477337968159,0.8877637219371184,0.9041557278669672,0.9734866884774959,-0.06601851851851859,-0.06217592592592591,0.3754836409657041,0.46354661329331037,0.17570530016452998,0.9287807820783248,0.03278401185969748,0.003842592592592675,0.011923596204731842,0.24999003567228922,0.1008311960626839,0.11485116348004894,0.0,0.9999999987499999,0.6550441763658589,0.31172054022360807,0.2866293884999828,0.42451733115625,fearful,06,04,04,female,strong,402
0,0.0,True,1.0,0.6247391405653709,0.6714284920680553,0.6480838163167131,0.9041709865634413,-0.06277777777777782,-0.06305555555555559,0.3620443647416612,0.36320970108938966,0.1750108987956625,0.7167713031579787,0.046689351502684384,0.0002777777777777657,0.0047165817186867855,0.2817594728273178,0.11057700195237047,0.11249268595688926,0.0,0.9999999987499999,0.6327316574989371,0.2883922847307055,0.2816663603483798,0.3878317020685709,fearful,06,04,04,female,strong,403
10,0.33366666666666667,True,1.0,0.7873473963259375,0.7716521414540861,0.7794997688900118,0.8966442035474261,-0.05337962962962972,-0.05175925925925923,0.3717501684629149,0.36966910146253507,0.1687613024282096,0.8693523761220432,0.015695254871851416,0.0016203703703704941,0.0004911546438566242,0.26644736842105204,0.10942346242037727,0.11378263300739733,0.0,0.9999999987499999,0.6299622441867372,0.28833727941553194,0.28388353734961247,0.38863092865694193,fearful,06,04,04,female,strong,403
20,0.6673333333333333,True,1.0,0.7572902798993477,0.7564574178898629,0.7568738488946053,1.2390750169549263,-0.07319444444444445,-0.06388888888888888,0.37022394717350937,0.4783649375875739,0.1799442316849471,0.6108377931423808,0.0008328620094848471,0.009305555555555567,0.01701927828549311,0.1797930401694597,0.10852627071243125,0.11497059694802005,0.0,0.9999999987499999,0.6361154212700705,0.2914874528821449,0.31424317031472426,0.39686372110461715,fearful,06,04,04,female,strong,403
30,1.0010000000000001,True,1.0,0.8953438061127471,0.8594489297791387,0.8773963679459429,1.7400828016950556,-0.07800925925925917,-0.06958333333333339,0.30390158232080366,0.7943262411347521,0.18827388599143427,0.5042267914442062,0.03589487633360844,0.008425925925925781,0.017282321931255923,0.14061448732524692,0.10947322797562968,0.11440284021519316,0.0,0.9999999987499999,0.6327846873593187,0.2880648396519706,0.3244830064681155,0.4077660810030289,fearful,06,04,04,female,strong,403
40,1.3346666666666667,True,1.0,0.8893144431812967,0.8547624108054909,0.8720384269933938,0.7257369394362926,-0.07597222222222227,-0.0678703703703703,0.41147087148251754,0.2231861828654102,0.19452133353920625,1.2015902451799396,0.03455203237580584,0.008101851851851971,0.01071694497591273,0.3294341222850472,0.0988903464130672,0.11766540218247584,0.0,0.9999999987499999,0.6514869222923545,0.3110031898532723,0.29708349965211717,0.41994026149117125,fearful,06,04,04,female,strong,403
50,1.6683333333333334,True,1.0,0.876154282869416,0.8874594475317431,0.8818068652005795,0.9448588232050852,-0.07842592592592595,-0.07078703703703704,0.45639810156584554,0.19891219891219925,0.19377519997409368,0.933268382052437,0.011305164662327116,0.007638888888888917,0.008562060084235474,0.2667647503643132,0.10161149842118286,0.11663782599857304,0.0,0.9999999987499999,0.6442699990543092,0.31572003474809557,0.30509270956016593,0.4197760534822645,fearful,06,04,04,female,strong,403
60,2.0020000000000002,True,1.0,0.7471448687604125,0.740525245985795,0.7438350573731038,0.8329782190047832,-0.06439814814814815,-0.056296296296296344,0.4146060321241156,0.28675080210601217,0.186846392460444,0.892982601948242,0.006619622774617473,0.008101851851851805,0.03104684559955859,0.2863181598344826,0.11413717637790398,0.11266263608543009,0.0,0.9999999987499999,0.6159955404427395,0.28308563893054317,0.31871246998941144,0.39728974514652454,fearful,06,04,04,female,strong,403
70,2.3356666666666666,True,1.0,0.8524288087220546,0.82784315717115,0.8401359829466023,0.8957783240261813,-0.06875000000000003,-0.061111111111111116,0.3951410176708432,0.34673862959025914,0.18475567380152816,0.9378838049691938,0.02458565155090464,0.007638888888888917,0.011194235836829741,0.26358790361545986,0.10226991046586133,0.11720440312085958,0.0,0.9999999987499999,0.6456686172359569,0.3118405136165179,0.27881296057655364,0.3942669671080953,fearful,06,04,04,female,strong,403
80,2.6693333333333333,True,1.0,0.8892706065385554,0.9023010914808929,0.8957858490097241,0.843652735663967,-0.06666666666666671,-0.06037037037037046,0.3835965015704852,0.36260501123588285,0.1806924102405461,1.0617945170351728,0.013030484942337495,0.006296296296296244,0.015129784568885708,0.29811013748927484,0.10289152192508093,0.11633199696819567,0.0,0.9999999987499999,0.651571928427621,0.30967604969869117,0.2847173750646052,0.40323654451250845,fearful,06,04,04,female,strong,403
90,3.003,True,1.0,0.8812140028618128,0.8591741787850492,0.870194090823431,0.8645436744071856,-0.06504629629629627,-0.058518518518518525,0.37421339158252315,0.40950074859702335,0.17791676915953553,1.0065357211943282,0.022039824076763637,0.0065277777777777435,0.02470967213837768,0.25895438564863515,0.10217409281125424,0.11432668280107022,0.0,0.9999999987499999,0.6554186668104742,0.30890447656950043,0.2837395942899385,0.41060192636195947,fearful,06,04,04,female,strong,403
100,3.336666666666667,True,1.0,0.8662911985007075,0.8583996849586946,0.862345441729701,0.8453509046680966,-0.0641666666666667,-0.057870370370370294,0.3745196155121964,0.39191492338929534,0.1744175713554425,1.0201035297504968,0.007891513542012896,0.006296296296296411,0.02417934172723714,0.2869252510182909,0.10042876666161103,0.11503772742586235,0.0,0.9999999987499999,0.6579351545461936,0.30834250891574017,0.2779505366820559,0.4070545999631552,fearful,06,04,04,female,strong,403
0,0.0,True,1.0,0.5699645169322376,0.6007214010090488,0.5853429589706431,0.9753373422276234,-0.05217592592592596,-0.051064814814814785,0.3754551910366082,0.432591501711477,0.16389307853674048,0.6001441077132842,0.03075688407681121,0.0011111111111111738,0.003594355570667038,0.29938284018566813,0.10987820100744068,0.11334356022918458,0.0,0.9999999987499999,0.6403188136504602,0.2891347042597491,0.2749047155712126,0.3745108172982248,disgust,07,04,04,female,normal,404
10,0.33366666666666667,True,1.0,0.5441250912790496,0.5863924434144167,0.5652587673467331,0.9823758553697906,-0.051666666666666694,-0.049583333333333424,0.37750317862602,0.4132051200557758,0.16389075096782327,0.5753996947878526,0.04226735213536703,0.0020833333333332704,0.004562875797249423,0.28614345776873307,0.11349831849298922,0.1121230068613611,0.0,0.9999999987499999,0.6361065665797567,0.2836110127418757,0.29215710601786116,0.3870248287908657,disgust,07,04,04,female,normal,404
20,0.6673333333333333,True,1.0,0.574295885005068,0.6057942503586637,0.5900450676818658,1.1743502508336363,-0.052824074074074134,-0.050555555555555576,0.37939946118395174,0.494449720846198,0.16389075096782327,0.5024438554536949,0.031498365353595736,0.0022685185185185586,0.010254496272369266,0.2603721652908593,0.10984816426709647,0.11337267091220135,0.0,0.9999999987499999,0.6343736632778112,0.28541942407541954,0.2967345798259052,0.39473625824055164,disgust,07,04,04,female,normal,404
30,1.0010000000000001,True,1.0,0.6443330658720018,0.6542244477988982,0.64927875683545,1.2620626424648038,-0.055092592592592526,-0.050138888888888844,0.4334469362477942,0.45458070398545636,0.16042094699714274,0.5144584230521323,0.009891381926896425,0.004953703703703682,0.010370189445411375,0.254241125224691,0.0992619247175903,0.1168640489749972,0.0,0.9999999987499999,0.6561696397152611,0.31502814795705525,0.2863435746667588,0.4270703495604265,disgust,07,04,04,female,normal,404
40,1.3346666666666667,True,1.0,0.5917631081189242,0.6157251413288479,0.603744124723886,1.143782416334003,-0.05550925925925926,-0.047731481481481375,0.36400938180240794,0.4591095195458902,0.16741626159698852,0.5278487552370127,0.02396203320992374,0.007777777777777883,0.01808873727197592,0.2236053250257322,0.10059734245640145,0.11571650847066557,0.0,0.9999999987499999,0.6547030720022383,0.31345924565038036,0.27469076285147614,0.40591470337838076,disgust,07,04,04,female,normal,404
50,1.6683333333333334,True,1.0,0.6099056027662736,0.6168160440401528,0.6133608234032132,1.7770036436781707,-0.060046296296296375,-0.05115740740740743,0.3478764756814406,0.7375306998654821,0.16945570055431025,0.3451657657457779,0.0069104412738791865,0.008888888888888946,0.01536435707343878,0.15416086780916358,0.10612070588661,0.11751933148881455,0.0,0.9999999987499999,0.6395832466033289,0.29276612312237693,0.29406200853188413,0.39669080086270336,disgust,07,04,04,female,normal,404
60,2.0020000000000002,True,1.0,0.6164493426361037,0.6168160440401521,0.6166326933381279,1.1244389416780467,-0.061481481481481415,-0.051435185185185195,0.3844479289514674,0.5014245014245008,0.17015009905848222,0.5483914425961639,0.00036670140404837515,0.01004629629629622,0.012231997711084599,0.23563508442873593,0.10587995455494777,0.11328294722478538,0.0,0.9999999987499999,0.6413204560496073,0.2899728849068156,0.2894955370465072,0.39200255386081156,disgust,07,04,04,female,normal,404
70,2.3356666666666666,True,1.0,0.6652345424913965,0.6717159976301463,0.6684752700607715,1.0291146386294787,-0.0591666666666667,-0.050138888888888844,0.37473175224233946,0.4443904121354563,0.17361111111111116,0.6495634645242361,0.00648145513874987,0.009027777777777857,0.01244092197799384,0.24715909090909077,0.11234877789913486,0.11293795277784906,0.0,0.9999999987499999,0.6326128302571028,0.28463161623840466,0.305832054378251,0.39447453184494724,disgust,07,04,04,female,normal,404
80,2.6693333333333333,True,1.0,0.6801860250081155,0.6868627867026331,0.6835244058553743,1.161578435250969,-0.06023148148148144,-0.05194444444444446,0.33333333333333337,0.5191715060538148,0.1736128689147122,0.5884444692774389,0.006676761694517586,0.008287037037036982,0.008138815614203557,0.20509840538233892,0.10573947930501149,0.11290899690652596,0.0,0.9612518187333147,0.6438492901301145,0.2883472355503421,0.2755505789728357,0.36498979906966555,disgust,07,04,04,female,normal,404
90,3.003,True,1.0,0.6908562509947248,0.6889760826732886,0.6899161668340067,1.0636277302943973,-0.057361111111111085,-0.04944444444444446,0.38470400216721,0.44064577397910715,0.1715282225678134,0.6486443961394722,0.0018801683214362264,0.007916666666666627,0.010308862019884475,0.27321428571428563,0.10641393956312277,0.11227356114666683,0.0,0.9999999987499999,0.6414498138317827,0.2882093671401802,0.2864698834464523,0.38361017332089886,disgust,07,04,04,female,normal,404
100,3.336666666666667,True,1.0,0.6501287168439632,0.6412043959774918,0.6456665564107276,1.2158146945763881,-0.055972222222222145,-0.049768518518518545,0.37486839047073706,0.49878280238174627,0.1694444444444444,0.5310567138980743,0.008924320866471436,0.0062037037037036,0.012958884398985647,0.253696307679235,0.10991163881625336,0.11531114744673995,0.0,0.9999999987499999,0.6415863086875375,0.2892416781466401,0.28769794466695175,0.38918135442556456,disgust,07,04,04,female,normal,404
110,3.6703333333333332,True,1.0,0.6358933842850814,0.6659684303271308,0.650930907306106,1.1371915452174035,-0.05166666666666664,-0.04837962962962966,0.3758671337840731,0.49069137370443777,0.16458379689082922,0.5724021692244149,0.03007504604204947,0.0032870370370369772,0.018252210627730477,0.2710717685175371,0.10613368532704012,0.11270769207289941,0.0,0.9999999987499999,0.6430957157394208,0.28809397525248054,0.2794582018283259,0.3864012468126993,disgust,07,04,04,female,normal,404
0,0.0,True,1.0,0.6122886849876036,0.6415333613522699,0.6269110231699367,0.7776798147094667,-0.05527777777777776,-0.05106481481481484,0.36133583373817046,0.3729688907280102,0.16946065300579052,0.8061299924624434,0.029244676364666322,0.004212962962962918,0.003066342385873398,0.32207579800176717,0.10681007407605314,0.11223678112113546,0.0,0.9999999987499999,0.648217156112445,0.2841366538672463,0.2653786957398571,0.3609081025682714,disgust,07,04,04,female,normal,405
10,0.33366666666666667,True,1.0,0.5615417018759242,0.6090718238631725,0.5853067628695483,0.7707994030495419,-0.05444444444444446,-0.050462962962962876,0.3657168371058921,0.3696691014625348,0.1680669046848667,0.7593503063882481,0.047530121987248264,0.003981481481481586,0.005458242515235878,0.32400972059811,0.1143836542954935,0.11035985167048074,0.0,0.9999999987499999,0.6274997500953506,0.2805055360325492,0.29193458832602326,0.37768006067828935,disgust,07,04,04,female,normal,405
20,0.6673333333333333,True,1.0,0.4800281713673923,0.5139202433285621,0.4969742073479772,1.3730203011207955,-0.04763888888888884,-0.04671296296296301,0.3560786932385743,0.5815144804746896,0.1576466323661037,0.36195692586795514,0.033892071961169834,0.0009259259259258301,0.007343655811164831,0.22530736407072563,0.1136130684674286,0.11268506303832872,0.0,0.9999999987499999,0.6236184396571127,0.28484819004287976,0.305423397738674,0.40058288838170686,disgust,07,04,04,female,normal,405
30,1.0010000000000001,True,1.0,0.44183497823023304,0.5002959277074651,0.47106545296884905,1.3546408736970164,-0.048888888888888926,-0.04782407407407413,0.4008014288717515,0.49523599207595626,0.15625781230469726,0.34774194557059346,0.05846094947723207,0.0010648148148147962,0.016999724847727306,0.24216988500578843,0.1082020019758498,0.11593503420340057,0.0,0.9999999987499999,0.6245303620588861,0.28759039375174733,0.3128098303159379,0.4083247776416328,disgust,07,04,04,female,normal,405
40,1.3346666666666667,True,1.0,0.4573434132418751,0.48797826329751953,0.4726608382696973,1.2411285212322303,-0.04532407407407413,-0.04490740740740751,0.4077606293857003,0.451319462266265,0.1590858172173243,0.38083150147933525,0.030634850055644425,0.0004166666666666208,0.012538601442590327,0.2556818181818182,0.11011176549808231,0.11445615921226618,0.0,0.9999999987499999,0.6236633931150585,0.28977749895744825,0.31559162470438157,0.4025035910550086,disgust,07,04,04,female,normal,405
50,1.6683333333333334,True,1.0,0.5231904419692615,0.5268551759768697,0.5250228089730655,1.6982745620754207,-0.04583333333333339,-0.04444444444444451,0.37036700331556377,0.6604401074737748,0.16117928768829698,0.30915072315011755,0.00366473400760825,0.001388888888888884,0.014581077856922354,0.18750000000000006,0.11034526018803513,0.11555764110139233,0.0,0.9999999987499999,0.6272524461815977,0.29106790115169584,0.31473435415161394,0.4143927287747825,disgust,07,04,04,female,normal,405
60,2.0020000000000002,True,1.0,0.49375983026787795,0.5399991851440077,0.5168795077059428,1.047949262495365,-0.04652777777777778,-0.041759259259259274,0.38974232377619683,0.37969176177368363,0.1666671244297099,0.4932295161648906,0.046239354876129735,0.004768518518518505,0.015643612525949223,0.28532608695652145,0.10270514060140469,0.11435078302710061,0.0,0.9999999987499999,0.6487105215367397,0.2910079180539642,0.27658370107106506,0.37585379394268464,disgust,07,04,04,female,normal,405
70,2.3356666666666666,True,1.0,0.40598948568314447,0.4097938209642391,0.4078916533236918,1.1452282304625587,-0.04222222222222227,-0.04092592592592598,0.36348766922132203,0.41932671590950493,0.16042427606411208,0.35616625793353346,0.0038043352810946396,0.0012962962962962954,0.013035777086352757,0.2393094707522329,0.10906639792847132,0.11395788080413023,0.0,0.9999999987499999,0.6390633910517332,0.2834794790998484,0.2998544754204483,0.3928860176137402,disgust,07,04,04,female,normal,405
80,2.6693333333333333,True,1.0,0.4192639335791043,0.47628523779057624,0.4477745856848403,1.1418135310058657,-0.04699074074074072,-0.04550925925925925,0.3772506159891981,0.4937429384357893,0.16041714226458176,0.3921608682377228,0.057021304211471946,0.0014814814814814725,0.01499624820296803,0.25879152282115,0.1121118694781875,0.11283594241300246,0.0,0.9760142329108475,0.6302364028267557,0.2826083140637095,0.30163525514461265,0.3952568464678266,disgust,07,04,04,female,normal,405
90,3.003,True,1.0,0.4630474712020878,0.5195931463782096,0.4913203087901487,1.0272240209366152,-0.04555555555555557,-0.04532407407407407,0.40776234988644433,0.3780293643593904,0.15972269988794818,0.47829908449976327,0.05654567517612186,0.00023148148148149916,0.015514344469457897,0.2997481292010175,0.11084893284121639,0.11239437615212078,0.0,0.9969079057469903,0.6303489771064675,0.2811141418562655,0.29887528743395103,0.3936538593109799,disgust,07,04,04,female,normal,405
100,3.336666666666667,True,1.0,0.5018179879523247,0.5670336030183866,0.5344257954853556,1.0557511510037711,-0.04787037037037034,-0.04652777777777778,0.40592384148688776,0.3922946233918213,0.16041666666666665,0.5062043218965401,0.06521561506606188,0.001342592592592562,0.019450637421527597,0.28412398747257034,0.10106689705325678,0.11497569337509225,0.0,0.9999999987499999,0.6565448754423645,0.31067508546624234,0.27970892013107423,0.4182359816019566,disgust,07,04,04,female,normal,405
110,3.6703333333333332,True,1.0,0.522263075019716,0.5573112717112175,0.5397871733654668,1.0933993645332556,-0.048009259259259196,-0.04592592592592598,0.38065603919429825,0.46304895696438386,0.16042427606411208,0.49367796513754897,0.0350481966915015,0.002083333333333215,0.015002703808307972,0.276517948042893,0.10827786443800462,0.11269664793830451,0.0,0.9999999987499999,0.6468290612182374,0.2859119403229438,0.27928032430794125,0.3865483591910229,disgust,07,04,04,female,normal,405
0,0.0,True,1.0,0.5600526905311112,0.5751418663731744,0.5675972784521428,1.1524282596274673,-0.059768518518518554,-0.05814814814814817,0.3931251283004922,0.4358429445403391,0.17500392364463038,0.49252287394932825,0.015089175842063263,0.0016203703703703831,0.004882786754855441,0.25960863406258844,0.11081112427102469,0.11477949165861175,0.0,0.9999999987499999,0.6370228252863646,0.28610560984147393,0.30229171411936806,0.4058180889624743,disgust,07,04,04,female,normal,406
10,0.33366666666666667,True,1.0,0.5441490802548457,0.544149080254845,0.5441490802548453,1.1161389840861013,-0.05703703703703694,-0.05537037037037029,0.39430032148966565,0.4552672171930147,0.16944624547227047,0.487528065960707,6.661338147750939e-16,0.0016666666666666496,0.002515883233400396,0.28155761878149566,0.09993265138096816,0.11710730364628134,0.0,0.9999999987499999,0.6586379422784739,0.31120352379407157,0.28400233987297535,0.42416811526302195,disgust,07,04,04,female,normal,406
20,0.6673333333333333,True,1.0,0.22293854220480402,0.25836575309181586,0.24065214764830994,0.9956841186829936,-0.07231481481481489,-0.06870370370370382,0.40551329333662106,0.3982222222222217,0.1708337799314539,0.2416952757734292,0.03542721088701184,0.003611111111111065,0.01047269781843142,0.29762599651444804,0.1017367958163203,0.11652855204783215,0.0,0.9999999987499999,0.6600443507168493,0.310616319535714,0.2830859790244719,0.4154899752785159,disgust,07,04,04,female,normal,406
30,1.0010000000000001,True,1.0,0.5536894201286331,0.5867507022069175,0.5702200611677752,1.3486865554700544,-0.06967592592592592,-0.06412037037037044,0.3802245388621732,0.582375478927203,0.18333374948165368,0.42279657853417085,0.033061282078284404,0.00555555555555548,0.008052074089052058,0.1984749260376695,0.10916138004802813,0.11336383470205082,0.0,0.9999999987499999,0.6370036093812524,0.2903618503527933,0.31990355743263144,0.4000905243063904,disgust,07,04,04,female,normal,406
40,1.3346666666666667,True,1.0,0.6114163942296381,0.6262678225961947,0.6188421084129164,1.019194740297179,-0.06884259259259257,-0.0669907407407408,0.40285150525624647,0.42946232390478134,0.1847486536019033,0.6071873057669754,0.014851428366556618,0.0018518518518517713,0.00276952694737026,0.24948421517524766,0.09980438211441899,0.11640112092468573,0.0,0.9999999987499999,0.6521062452559148,0.31274167567204975,0.28898238531954645,0.41610547834939016,disgust,07,04,04,female,normal,406
50,1.6683333333333334,True,1.0,0.6252214435188446,0.6196148034661269,0.6224181234924857,1.066399746419193,-0.057361111111111085,-0.05407407407407405,0.4397076295329838,0.3159398241136643,0.16737250732904527,0.583663045290915,0.005606640052717715,0.0032870370370370328,0.008501297348903277,0.2708072150697753,0.10215731471478504,0.1177888007844766,0.0,0.9999999987499999,0.6585815953256302,0.31172297382416675,0.27928475430280225,0.41221643353534704,disgust,07,04,04,female,normal,406
60,2.0020000000000002,True,1.0,0.7014883178728696,0.7347460189950711,0.7181171684339703,0.832406480198614,-0.06305555555555553,-0.060555555555555585,0.4124558137511199,0.3033207799273373,0.17916836996525623,0.8627001176908499,0.0332577011222015,0.0024999999999999467,0.017441673660149405,0.29553741629405045,0.10145796508126807,0.11595275179557994,0.0,0.9999999987499999,0.660778164289153,0.3100811179732753,0.2724590533941791,0.4053542688178607,disgust,07,04,04,female,normal,406
70,2.3356666666666666,True,1.0,0.5268969629319974,0.5711613869529943,0.5490291749424958,0.9430689030330315,-0.05055555555555563,-0.04833333333333334,0.37160997108635857,0.4007338484822936,0.17292063758304477,0.5821729177759409,0.04426442402099695,0.002222222222222292,0.012967366399092376,0.26456143763487805,0.11113009100983418,0.11211638851956772,0.0,0.971907877677521,0.6361460352578532,0.2816351894580915,0.29331133406939003,0.3795180874186356,disgust,07,04,04,female,normal,406
80,2.6693333333333333,True,1.0,0.4735492535206033,0.5235025173380211,0.4985258854293122,1.0476926052764919,-0.04777777777777786,-0.04597222222222225,0.3817474139672257,0.4023212249034799,0.16528931763555124,0.4758322077664645,0.049953263817417826,0.0018055555555556158,0.015002383648393687,0.28858135215371533,0.11290973160375681,0.11152623836793576,0.0,0.9956091004041236,0.6326289647108844,0.2818336402092913,0.2981771883124432,0.38913411645415336,disgust,07,04,04,female,normal,406
90,3.003,True,1.0,0.5150033761134071,0.5801836285081516,0.5475935023107794,1.0005801134733703,-0.047453703703703665,-0.0476388888888889,0.3902114869933374,0.38069707342513787,0.1666959609671985,0.5472760201178566,0.06518025239474456,0.00018518518518523264,0.018895224786581944,0.3054406888689568,0.11197601490317197,0.11110017930381136,0.0,0.9874878850924892,0.6365622876181724,0.28123863414172884,0.2964567278181763,0.3876024264216446,disgust,07,04,04,female,normal,406
100,3.336666666666667,True,1.0,0.5710726667764513,0.6094348509672513,0.5902537588718513,0.9854767345277943,-0.04736111111111119,-0.046944444444444455,0.3916834887382722,0.36576777642807345,0.16389633707769238,0.5989525051087888,0.03836218419079995,0.0004166666666667318,0.018335808102946757,0.3101218612475173,0.11121906884806686,0.11185792989045015,0.0,0.9999999987499999,0.6380985233312075,0.2816286053666614,0.2936031660196649,0.38659605114045265,disgust,07,04,04,female,normal,406
110,3.6703333333333332,True,1.0,0.5506627191447256,0.6106933987133947,0.5806780589290601,0.9638270316121126,-0.04629629629629639,-0.04532407407407402,0.38802647404792356,0.3688368448582613,0.16252300393064564,0.6024712317497556,0.06003067956866903,0.0009722222222223742,0.02057141994987081,0.3197484966646629,0.10850529138647372,0.11230818392857726,0.0,0.9999999987499999,0.6455582203506403,0.2858622792746207,0.27606740304482835,0.37357541933318916,disgust,07,04,04,female,normal,406
0,0.0,True,1.0,0.5404049640230819,0.5990246307787126,0.5697147974008973,0.6737658836587875,-0.05148148148148152,-0.049166666666666636,0.40759528876868184,0.22219938716406862,0.1659887698413517,0.8455678911896577,0.058619666755630684,0.0023148148148148806,0.010707042892369364,0.37162021911714754,0.11230226794719755,0.11315270051532465,0.0,0.9999999987499999,0.6380768068086611,0.2814045562847928,0.28642364283520994,0.38468281288486966,disgust,07,04,04,female,normal,407
10,0.33366666666666667,True,1.0,0.47487775281550415,0.4417923612056341,0.4583350570105691,0.6476559857510824,-0.05236111111111108,-0.04972222222222228,0.42707449983454604,0.17224893238060643,0.16598371379942176,0.7076828858132778,0.03308539160987006,0.002638888888888802,0.005597375811694191,0.39551950025153226,0.10996176943562468,0.11443390492864093,0.0,0.9999999987499999,0.6377993623855792,0.28259218864542834,0.28571959696221694,0.3861675282029417,disgust,07,04,04,female,normal,407
20,0.6673333333333333,True,1.0,0.4079769921206074,0.43226922722489447,0.4201231096727509,0.5924334486531123,-0.046157407407407314,-0.04481481481481481,0.4531772282346104,0.14480575271876328,0.16458518755548332,0.7091481931479289,0.024292235104287074,0.0013425925925925064,0.002407847228731351,0.42496680076548443,0.10003686862042534,0.11766773596109098,0.0,0.9999999987499999,0.6610776933898559,0.31566030077998963,0.2724378495165453,0.4049690338543693,disgust,07,04,04,female,normal,407
30,1.0010000000000001,True,1.0,0.4177069893995773,0.45959797737810887,0.4386524833888431,1.1201687569929701,-0.047870370370370285,-0.04578703703703707,0.4127947209349134,0.3927759669812748,0.15903977113352463,0.39159499910208256,0.04189098797853158,0.002083333333333215,0.0021463582405991393,0.2337599964465232,0.10795041776571006,0.11418434796884383,0.0,0.9999999987499999,0.6428678257865645,0.29442530941756817,0.2990746334849478,0.393925511821497,disgust,07,04,04,female,normal,407
40,1.3346666666666667,True,1.0,0.2590889634259492,0.2798353909465011,0.26946217718622517,0.80282538006602,-0.05523148148148144,-0.054120370370370374,0.4175513241478791,0.23653483149723414,0.1631949119470993,0.33564232506459385,0.02074642752055189,0.0011111111111110628,0.00030016867398683175,0.3319371213318406,0.10665853235030653,0.11522678310945081,0.0,0.9999999987499999,0.6412587417388831,0.29450414476221676,0.2901430858936664,0.3831525233185356,disgust,07,04,04,female,normal,407
50,1.6683333333333334,True,1.0,0.4503662452867493,0.4503662452867504,0.45036624528674984,1.010841362425445,-0.04513888888888884,-0.04263888888888884,0.45588860095397893,0.2888118178358416,0.15763937286735855,0.44553602773646567,1.1102230246251565e-15,0.0025000000000000022,0.004164084086829151,0.2779010263297874,0.10825468051223176,0.11439665207766435,0.0,0.9999999987499999,0.6395746162371198,0.29596283150881986,0.29757612424900803,0.39000608624982935,disgust,07,04,04,female,normal,407
60,2.0020000000000002,True,1.0,0.28111277139949103,0.3021169652452788,0.2916148683223849,0.8794062418443822,-0.052268518518518436,-0.05115740740740732,0.4137618278173324,0.3099414817280978,0.16250187799395585,0.3316042739369008,0.021004193845787777,0.0011111111111111183,0.006188874421640066,0.3139395370993409,0.10817399423076293,0.11397256243795613,0.0,0.9999999987499999,0.6429928208705358,0.2925018934055179,0.2913327869412521,0.38396954590062177,disgust,07,04,04,female,normal,407
70,2.3356666666666666,True,1.0,0.47193162731501564,0.4917815130764603,0.48185657019573797,0.9820105820105819,-0.05527777777777776,-0.04893518518518508,0.3546274072260788,0.38941798941798966,0.1722505717034359,0.49068368408940993,0.01984988576144464,0.006342592592592677,0.0038278913395115733,0.2817779758258676,0.1075129240826596,0.11443000141747812,0.0,0.9962831032514461,0.634220480942377,0.2866925751777613,0.28398407505519363,0.3785888960943493,disgust,07,04,04,female,normal,407
80,2.6693333333333333,True,1.0,0.6091261970488222,0.6037599227815114,0.6064430599151668,0.9357027235844243,-0.06486111111111115,-0.05754629629629632,0.44123752978362574,0.2539682539682542,0.18752603985846872,0.6481150953499925,0.005366274267310844,0.0073148148148148295,0.01070239742415363,0.3056812597893175,0.11022125058615023,0.11665995228517402,0.0,0.9999999987499999,0.625753600338573,0.29133208098865226,0.31720493203519934,0.4115089664420994,disgust,07,04,04,female,normal,407
90,3.003,True,1.0,0.5806928532017,0.5865412656787369,0.5836170594402185,0.9579956514141249,-0.05486111111111114,-0.05023148148148149,0.4277751216222826,0.27767067240353305,0.17644121757180897,0.609206376436808,0.005848412477036824,0.00462962962962965,0.0078877664151988,0.31825435527600965,0.11127822238748533,0.11465950499181951,0.0,0.9999999987499999,0.6284936584399385,0.2884856658166016,0.30464359458555246,0.40104358171841886,disgust,07,04,04,female,normal,407
100,3.336666666666667,True,1.0,0.540961196957533,0.5518293987643033,0.5463952978609181,0.9305969740235119,-0.05097222222222225,-0.04726851851851854,0.43082508643396694,0.2846947645605334,0.16946650571640118,0.5871449328902645,0.010868201806770283,0.003703703703703709,0.002830416674483813,0.3361050296025293,0.10901937528548766,0.11450312401564713,0.0,0.9999999987499999,0.6339461037149235,0.2874601768464567,0.2980798518495069,0.3980793631134125,disgust,07,04,04,female,normal,407
110,3.6703333333333332,True,1.0,0.5475940506646101,0.5865441017333792,0.5670690761989947,0.9444825949839308,-0.05041666666666672,-0.04606481481481489,0.4335545611266246,0.3124698635420487,0.16667399072449116,0.6004018276362654,0.03895005106876914,0.004351851851851829,0.009294123182376964,0.3239039025117495,0.11038708778130595,0.11368901570011411,0.0,0.9999999987499999,0.6343514421706183,0.28782924154021505,0.29843639029965363,0.4013281791215193,disgust,07,04,04,female,normal,407
0,0.0,True,1.0,0.5747168029646843,0.5957313081705844,0.5852240555676343,1.0745843884976276,-0.053749999999999964,-0.05203703703703705,0.3730446492326801,0.4551919956488045,0.16879520517201455,0.5446050229576049,0.02101450520590009,0.0017129629629629162,0.008985984646915359,0.2826097886920223,0.11009871165562837,0.11628512543444469,0.0,0.9962542482442276,0.6316546557060324,0.30993946924716975,0.2787998960642919,0.408654333582843,disgust,07,04,04,female,strong,408
10,0.33366666666666667,True,1.0,0.5773289522910625,0.5943246368385178,0.5858267945647901,1.084286751096866,-0.05310185185185179,-0.051157407407407374,0.3664863350971601,0.4668314381525336,0.17295240163192807,0.5402876996995186,0.01699568454745526,0.0019444444444444153,0.003475734612692099,0.2737816514408507,0.10872389200206002,0.11643171552434861,0.0,0.9999999987499999,0.6301511342740221,0.30965364468768014,0.2789858816628157,0.4059728502776559,disgust,07,04,04,female,strong,408
20,0.6673333333333333,True,1.0,0.5797748424750327,0.6187856856954587,0.5992802640852457,1.1647766060452187,-0.05171296296296296,-0.05064814814814811,0.368535230916735,0.46291199872529215,0.17224392771241934,0.5145023182771414,0.03901084322042592,0.0010648148148148517,0.0006276926726885746,0.2680491231203996,0.10825646822455355,0.11522467914738856,0.0,0.9999999987499999,0.630782620970263,0.30943382147176157,0.2814867165957356,0.40487550974224545,disgust,07,04,04,female,strong,408
30,1.0010000000000001,True,1.0,0.6211460928687211,0.6219532763497524,0.6215496846092368,1.2902595124729794,-0.05421296296296296,-0.049444444444444346,0.43191911245287984,0.4342841743905489,0.17431255865192524,0.48172455122453767,0.0008071834810312595,0.004768518518518616,0.009065188477469484,0.245813975426832,0.10680530627788888,0.1160797325334755,0.0,0.9999999987499999,0.6295803764396383,0.31218608388232233,0.30324868636971797,0.4260095675645104,disgust,07,04,04,female,strong,408
40,1.3346666666666667,True,1.0,0.646632052441109,0.6399165543798403,0.6432743034104746,1.0775005352473856,-0.058518518518518525,-0.05046296296296299,0.36364192817809754,0.4617859436774506,0.17988825674602404,0.5970060175077165,0.006715498061268699,0.008055555555555538,0.012120758609977487,0.25276689521439827,0.10743922916343715,0.11565808980967449,0.0,0.9999999987499999,0.6279240523709484,0.3111131841992355,0.2858007059023028,0.40408901575057893,disgust,07,04,04,female,strong,408
50,1.6683333333333334,True,1.0,0.7025668491239481,0.7000182648746172,0.7012925569992826,1.996000794955498,-0.06504629629629627,-0.05546296296296288,0.3517549875751312,0.8395792696718601,0.18403441091295167,0.3513488365193353,0.0025485842493309097,0.009583333333333388,0.0032059750490816786,0.15199154848698232,0.10166911705527742,0.11510748965460692,0.0,0.9999999987499999,0.6232129361041292,0.3144722213991922,0.29409617255095133,0.41444555358508284,disgust,07,04,04,female,strong,408
60,2.0020000000000002,True,1.0,0.7816175622234572,0.7552502933507904,0.7684339277871238,0.6052641712409622,-0.06870370370370377,-0.06,0.39047901194072515,0.2303909400544203,0.19517798222610205,1.2695843638185582,0.026367268872666827,0.008703703703703769,0.0033973898688399477,0.414843861582172,0.10593318275025997,0.11523453940072197,0.0,0.9999999987499999,0.6302651466367797,0.30978375758320853,0.27912912675013724,0.39851619278062295,disgust,07,04,04,female,strong,408
70,2.3356666666666666,True,1.0,0.7794211407490457,0.7741690743723958,0.7767951075607207,1.152641442322037,-0.07092592592592589,-0.06287037037037041,0.3476348516658009,0.5032028171994607,0.19523895220162935,0.673926061512971,0.005252066376649878,0.008055555555555483,0.002270928277599797,0.19063785000495329,0.11725159644479836,0.11182881112839807,0.0,0.9999999987499999,0.609617779815051,0.281815415645782,0.3192132212386296,0.38231139724693963,disgust,07,04,04,female,strong,408
80,2.6693333333333333,True,1.0,0.7988714859607589,0.7646339808969658,0.7817527334288623,0.7236423111349998,-0.06912037037037044,-0.059629629629629644,0.2973884520821552,0.4360408797864754,0.20567577615342936,1.080302687390845,0.03423750506379308,0.0094907407407408,0.0012780007668801313,0.37587559404133136,0.11163680542165082,0.11280041228029222,0.0,0.9999999987499999,0.6169900772809124,0.28335124587366467,0.2855548527165202,0.3611374555021189,disgust,07,04,04,female,strong,408
90,3.003,True,1.0,0.7271505651353014,0.7324661414279832,0.7298083532816423,1.083672548247949,-0.06124999999999997,-0.055694444444444435,0.3701399221778324,0.4138900786701739,0.19665351742298964,0.6734583749136911,0.005315576292681756,0.005555555555555536,0.002011391167587981,0.27342915573169985,0.11280258881623055,0.11214542850237784,0.0,0.9999999987499999,0.6147767978285065,0.28598069929011855,0.29860636005137514,0.3762436323217336,disgust,07,04,04,female,strong,408
100,3.336666666666667,True,1.0,0.7240420751570744,0.7352374332685733,0.7296397542128239,1.0901154548143404,-0.06046296296296294,-0.05537037037037024,0.3742346615856478,0.44797935360512153,0.1918103108271991,0.6693233739513309,0.011195358111498854,0.005092592592592704,0.000518706194735424,0.27738902549084266,0.11287484765412942,0.11104803582170426,0.0,0.9999999987499999,0.6131919190332383,0.28462619075128925,0.291495555011767,0.37380440835646594,disgust,07,04,04,female,strong,408
110,3.6703333333333332,True,1.0,0.6971508171693722,0.6818357845412442,0.6894933008553081,1.1298152863771325,-0.05453703703703694,-0.04999999999999993,0.3711054938110952,0.489586624096757,0.18199517575738963,0.6102708196365784,0.015315032628128056,0.004537037037037006,0.0034351418347990763,0.2853117203652485,0.11155584699178507,0.11152206399153548,0.0,0.9999999987499999,0.6163279973551921,0.28472604227985066,0.28331538292035297,0.371692137913603,disgust,07,04,04,female,strong,408
0,0.0,True,1.0,0.6885665858077729,0.6888765627851763,0.6887215742964745,0.7139260537824056,-0.060185185185185175,-0.059166666666666645,0.36258814148042995,0.3331654917651227,0.17708333333333337,0.9646959522594857,0.00030997697740342556,0.0010185185185185297,0.003507376523729938,0.33749999999999947,0.1133959749261428,0.11188646899160969,0.0,0.9999999987499999,0.6306884504348613,0.2833339039907555,0.2914427257679695,0.3883768112407855,disgust,07,04,04,female,strong,409
10,0.33366666666666667,True,1.0,0.6437220666667385,0.66741984648599,0.6555709565763642,0.7521007080704686,-0.05560185185185185,-0.054861111111111194,0.36075129040264664,0.3599451125551839,0.1715282225678135,0.8716531570063887,0.023697779819251474,0.000740740740740653,0.0020241175630819454,0.3230457681632508,0.1140844591175699,0.11049683014000304,0.0,0.9999999987499999,0.6294642156940902,0.28359134899193966,0.28971560050867196,0.38253656289515775,disgust,07,04,04,female,strong,409
20,0.6673333333333333,True,1.0,0.6571335041532482,0.6589970293081587,0.6580652667307034,1.2344353921219566,-0.0533333333333334,-0.051018518518518574,0.3518332896382306,0.5349069592061745,0.16597268190058667,0.5330900838799748,0.0018635251549105059,0.002314814814814825,0.0019035631274784445,0.2099940939991579,0.11350598555335084,0.11177486442292672,0.0,0.9999999987499999,0.625954086736257,0.2849478096114236,0.28937100027811935,0.38096475656301,disgust,07,04,04,female,strong,409
30,1.0010000000000001,True,1.0,0.6446219211756762,0.6478500358313197,0.6462359785034979,1.3449275362318842,-0.05476851851851855,-0.05129629629629634,0.37332065850667423,0.5410628019323664,0.16736293455812784,0.48049873401660936,0.0032281146556435436,0.00347222222222221,0.005411473479523606,0.2136714541588733,0.11207170450456899,0.11321290616579519,0.0,0.9977576482978684,0.6254052380796069,0.28696293611088275,0.30214298745967805,0.39508859640145805,disgust,07,04,04,female,strong,409
40,1.3346666666666667,True,1.0,0.6723739283797027,0.6868627867026331,0.6796183575411678,0.9029489057607395,-0.062453703703703733,-0.0557407407407407,0.3311509190166811,0.5122198923889519,0.17223816937956293,0.7526653537152089,0.014488858322930454,0.006712962962963032,0.0073088291742084595,0.2838510603193671,0.10365576992625554,0.1159805503476473,0.0,0.9999999987499999,0.6485297815766932,0.31082775824100645,0.27798851178276507,0.3986114054434058,disgust,07,04,04,female,strong,409
50,1.6683333333333334,True,1.0,0.7524193123592188,0.7533909954696711,0.7529051539144449,1.8276230972405134,-0.07203703703703712,-0.06305555555555553,0.33954570727967087,0.8460759029676344,0.17571007646889375,0.4119586555079323,0.0009716831104523704,0.00898148148148159,0.009582249489122513,0.1625080409882112,0.10198993518477817,0.11712323391806385,0.0,0.9999999987499999,0.6470848876269257,0.31316252688075225,0.28811737223220585,0.41388532971393593,disgust,07,04,04,female,strong,409
60,2.0020000000000002,True,1.0,0.7154728580100197,0.7096842243468214,0.7125785411784206,0.814176174934047,-0.06717592592592597,-0.05865740740740738,0.3461351300628184,0.3821391484942888,0.1861258682802443,0.8752141896514517,0.0057886336631982616,0.008518518518518592,0.006169431574748427,0.3105996617492171,0.11395747542988913,0.11199704753883837,0.0,0.908985360927566,0.6204387214026236,0.2824331051534229,0.3078771330470724,0.38101159190363937,disgust,07,04,04,female,strong,409
70,2.3356666666666666,True,1.0,0.5443431529550679,0.5365820998125661,0.540462626383817,1.1473609241210405,-0.055833333333333346,-0.0493055555555556,0.3526044200434973,0.476705423619751,0.17570530016452998,0.4710484861577882,0.00776105314250175,0.0065277777777777435,0.002397206862661091,0.23017760170728374,0.11558255259029154,0.11220277101407815,0.0,0.9999999987499999,0.6156188902201506,0.28651723885572833,0.3119048921790394,0.3814739590231532,disgust,07,04,04,female,strong,409
80,2.6693333333333333,True,1.0,0.5900412313758041,0.6093484592721237,0.5996948453239639,1.2307692307692313,-0.0539351851851852,-0.04884259259259266,0.3333116905953961,0.5470085470085475,0.17639061901081726,0.48725206182572045,0.019307227896319556,0.0050925925925925375,5.9077634061638104e-05,0.25038550524055425,0.10740168821235936,0.11700295146327375,0.0,0.9999999987499999,0.6121071778945953,0.3182396129710717,0.27456410590775776,0.37902376282887096,disgust,07,04,04,female,strong,409
90,3.003,True,1.0,0.6358379378715573,0.6208940224037379,0.6283659801376476,1.0924323354616672,-0.051574074074074105,-0.0475000000000001,0.3883019008365022,0.45153869865748947,0.18264933186801843,0.5751989937867383,0.014943915467819369,0.004074074074074008,0.008787136391148405,0.2924999999999997,0.10660596178417239,0.11527542227746228,0.0,0.9999999987499999,0.5947541613364096,0.3193290845571211,0.2806995106796834,0.3953816361553197,disgust,07,04,04,female,strong,409
100,3.336666666666667,True,1.0,0.6134422326262723,0.6181197892650125,0.6157810109456424,1.172378211699302,-0.05106481481481484,-0.04703703703703699,0.35986150452268995,0.5227569037579516,0.1764619717587119,0.5252409203793539,0.0046775566387402545,0.004027777777777852,0.013286712401005981,0.26635949754766725,0.11550115458370104,0.11380337035401715,0.0,0.9999999987499999,0.6078470347279538,0.2847624913861736,0.29991890064164656,0.388477520613478,disgust,07,04,04,female,strong,409
110,3.6703333333333332,True,1.0,0.45098293377771115,0.4901912415090481,0.47058708764337964,1.0624380767452044,-0.0585648148148149,-0.05356481481481479,0.36069872468386743,0.49943406886221814,0.17161493459470595,0.4429313086039146,0.03920830773133693,0.0050000000000001155,0.012563045654894996,0.28696389009453294,0.11377094656276766,0.11133416746015148,0.0,0.9999999987499999,0.6197899938412865,0.2844915201954138,0.3010060065048744,0.3813783306556232,disgust,07,04,04,female,strong,409
120,4.0040000000000004,True,1.0,0.5951300362754376,0.6263101340886198,0.6107200851820287,1.0312651351961966,-0.05194444444444446,-0.04898148148148146,0.36234841205475243,0.44422065568682984,0.17226651623639166,0.5922047244095382,0.031180097813182206,0.0029629629629630005,0.007726445601777777,0.27733971345275005,0.11145166209326211,0.11145537593222031,0.0,0.9999999987499999,0.6239201360622374,0.28495440776951514,0.2922209624179579,0.3731237590085659,disgust,07,04,04,female,strong,409
0,0.0,True,1.0,0.5302467547800079,0.5514147118664731,0.5408307333232405,0.8482941927238764,-0.05717592592592585,-0.05263888888888896,0.3753665469934745,0.3925371711583585,0.16114946398482816,0.6375509085906041,0.021167957086465128,0.004537037037036895,0.010515805926877765,0.3128954722693027,0.10500850187998577,0.11291624244715434,0.0,0.9999999987499999,0.6494742460030888,0.2888607660288716,0.26277682330431545,0.3715533982789949,disgust,07,04,04,female,strong,410
10,0.33366666666666667,True,1.0,0.45258228204403,0.4841785977981665,0.46838043992109823,1.075928326956932,-0.05032407407407408,-0.04953703703703699,0.37596641149031834,0.475575704215138,0.1535040345359924,0.4353268040128912,0.03159631575413652,0.000787037037037086,0.004821402702894565,0.2445570911461306,0.1064048887333852,0.11262098656372804,0.0,0.9999999987499999,0.64894639508147,0.2906530954518512,0.2700267547252244,0.3780830942072001,disgust,07,04,04,female,strong,410
20,0.6673333333333333,True,1.0,0.4760679244887006,0.5103478318866658,0.4932078781876832,1.062438076745205,-0.0498148148148147,-0.048055555555555574,0.37122328277939715,0.4835790190570687,0.1513909047154909,0.4642227052880417,0.03427990739796516,0.0017592592592591272,0.005800363434281645,0.26065206899908316,0.110768964038361,0.11331698039546845,0.0,0.9999999987499999,0.6374005520254977,0.290941935211675,0.2874221152224155,0.37904555708813986,disgust,07,04,04,female,strong,410
30,1.0010000000000001,True,1.0,0.3021169652452792,0.3328911640486451,0.3175040646469621,1.3972597042889632,-0.05393518518518525,-0.05365740740740743,0.33899441501675115,0.6209893394965605,0.1506944444444444,0.22723339381531327,0.030774198803365904,0.0002777777777778212,0.0021560005726422413,0.21562628590732894,0.1084373691672739,0.11620780609635492,0.0,0.9999999987499999,0.6374599873543167,0.2871465953403963,0.29279565320462536,0.4017135315268256,disgust,07,04,04,female,strong,410
40,1.3346666666666667,True,1.0,0.43468499065590993,0.44373024826642105,0.4392076194611655,1.136328134902891,-0.04824074074074086,-0.04777777777777781,0.3768651167907089,0.4358001396768508,0.15555996964262095,0.3865147803444113,0.009045257610511115,0.00046296296296305384,0.0034468973517405585,0.2633836679380926,0.108577176432466,0.11492252327147544,0.0,0.9999999987499999,0.6380064923547544,0.2912208860900813,0.2815818181661361,0.3853403219257501,disgust,07,04,04,female,strong,410
50,1.6683333333333334,True,1.0,0.44333401420984814,0.4361358603560175,0.4397349372829328,1.2731954946107,-0.049490740740740835,-0.047314814814814865,0.374174019311146,0.5578843772988804,0.15278227211863188,0.3453789611605473,0.007198153853830658,0.00217592592592597,0.012386481487180502,0.22354125020388466,0.10207176539942722,0.11574248109893753,0.0,0.9999999987499999,0.6471147757931297,0.2929350039995599,0.28132113543035997,0.38349818154664794,disgust,07,04,04,female,strong,410
60,2.0020000000000002,True,1.0,0.5072524135990094,0.5356494124806919,0.5214509130398506,0.8493730822665835,-0.06236111111111109,-0.054537037037036995,0.38967677674603,0.393779653664811,0.16945164844089433,0.6139244625557706,0.028396998881682456,0.007824074074074094,0.017892975398636355,0.30680213692969394,0.0981763559423682,0.11631252403670347,0.0,0.9999999987499999,0.6562838019192052,0.3146650077458821,0.2659931358706116,0.39982472119826135,disgust,07,04,04,female,strong,410
70,2.3356666666666666,True,1.0,0.5186657677892097,0.5655115819017138,0.5420886748454617,1.2431117264074152,-0.06944444444444442,-0.0633333333333333,0.3263246215283332,0.6763064787475137,0.1826426484301614,0.43607397736653525,0.0468458141125041,0.006111111111111123,0.006330005819232826,0.20066877580609574,0.10002667814601646,0.1173521492489385,0.0,0.9999999987499999,0.6556607903864672,0.31549931233595085,0.2751051997204998,0.4041022836618646,disgust,07,04,04,female,strong,410
80,2.6693333333333333,True,1.0,0.6663178496179588,0.6694936378243854,0.6679057437211722,1.1446707450427531,-0.06810185185185186,-0.05856481481481479,0.3478080492423717,0.5296051133317443,0.18333333333333335,0.583491581848915,0.0031757882064266107,0.009537037037037066,0.007940025314213024,0.2619582397149281,0.10923258348929846,0.1142997476001979,0.0,0.9999999987499999,0.6276409909823304,0.28599483243634455,0.2991336707565962,0.38808872196228067,disgust,07,04,04,female,strong,410
90,3.003,True,1.0,0.6332708849196773,0.6530574624222165,0.6431641736709469,1.1498108369622757,-0.05305555555555558,-0.05032407407407413,0.3591802007784675,0.5091855026062837,0.1680669046848667,0.5593652042540703,0.019786577502539204,0.002731481481481446,0.01010193499123677,0.25871693676980956,0.11212304775292656,0.11450101665631,0.0,0.9999999987499999,0.6260985409163665,0.28614875770251735,0.2944745936542562,0.3907402557514553,disgust,07,04,04,female,strong,410
100,3.336666666666667,True,1.0,0.6147121518284037,0.6383762427289243,0.6265441972786641,1.0010092585741035,-0.05148148148148152,-0.04875000000000007,0.364262575758763,0.4439229679981442,0.16323230782131187,0.6259124897317638,0.023664090900520685,0.002731481481481446,0.00925177794333787,0.28166573662262456,0.10907904643500972,0.11209146247743329,0.0,0.9999999987499999,0.6331970187762604,0.2916329459397509,0.2768260963482532,0.3725928517507256,disgust,07,04,04,female,strong,410
110,3.6703333333333332,True,1.0,0.47280644951980233,0.49899965942650576,0.4859030544731541,0.904977979937699,-0.04847222222222225,-0.0465740740740741,0.36498095209169074,0.3959078941926745,0.16189794635882349,0.5369225166192495,0.02619320990670343,0.0018981481481481488,0.024181792567086618,0.29182675342555336,0.10558500608250387,0.11389295541908429,0.0,0.9999999987499999,0.6404555995054272,0.2896829422293968,0.2581865028794359,0.3593495232015467,disgust,07,04,04,female,strong,410
0,0.0,True,1.0,0.5954632921465931,0.6172845006063686,0.6063738963764809,0.7757575757575751,-0.052685185185185224,-0.05185185185185187,0.3716149192152867,0.37171717171717145,0.1569449305644051,0.781653850797808,0.021821208459775532,0.0008333333333333526,0.0011185815047740893,0.31709137928496345,0.1111774482426938,0.11392409809775741,0.0,0.9999999987499999,0.6344846817711459,0.2892110149570915,0.2773306160984654,0.3804164152840072,disgust,07,04,04,female,strong,411
10,0.33366666666666667,True,1.0,0.5699645169322349,0.5747544416554194,0.5723594792938271,0.768722966812157,-0.053101851851851845,-0.05185185185185198,0.37127850607574847,0.36031415073324835,0.15834104284958606,0.744558838494658,0.004789924723184513,0.0012499999999998623,0.0027215642143731114,0.33073721396797795,0.11185770637897832,0.11291931080981497,0.0,0.9999999987499999,0.6369429692892783,0.2874894978731188,0.2807810912292404,0.38100311951888033,disgust,07,04,04,female,strong,411
20,0.6673333333333333,True,1.0,0.49595088002791493,0.5059608786621536,0.5009558793450343,0.8319218180556605,-0.04796296296296293,-0.04689814814814819,0.3704203436517295,0.3599451125551839,0.1555634027348577,0.6021670167466595,0.010009998634238626,0.0010648148148147407,0.00047783258699398486,0.30529899047428793,0.1105625544812826,0.11284505836060163,0.0,0.9999999987499999,0.6304811639265082,0.2865108987368272,0.2805085939936048,0.3763569987492561,disgust,07,04,04,female,strong,411
30,1.0010000000000001,True,1.0,0.1402826631698658,0.15865023417386726,0.14946644867186654,1.3808073065041384,-0.0553703703703704,-0.05476851851851855,0.3672531333968578,0.5634210902486937,0.1569444444444444,0.10824569653406492,0.018367571004001465,0.0006018518518518534,0.002401018180937226,0.220123283587739,0.10831648993942516,0.11632048502856263,0.0,0.9660057812912525,0.6119222289618973,0.29213676346867834,0.3030818048551072,0.39083460364863587,disgust,07,04,04,female,strong,411
40,1.3346666666666667,True,1.0,0.32094758065233553,0.3357502913172432,0.32834893598478937,1.0782409068186851,-0.041666666666666574,-0.041296296296296275,0.39485738784894425,0.40068605852904815,0.15694881946988615,0.3045227962585581,0.014802710664907681,0.00037037037037029874,0.005427543454371062,0.27364074320756376,0.11469968303228317,0.11377691676618192,0.0,0.9999999987499999,0.5889121902667318,0.2936261019184126,0.3026008499618112,0.37768762666647326,disgust,07,04,04,female,strong,411
50,1.6683333333333334,True,1.0,0.3237440440044712,0.33314157756586543,0.32844281078516835,1.0863889144642958,-0.0438425925925926,-0.04273148148148148,0.4255161194910326,0.3780871089581703,0.15417112051913853,0.30232525977782576,0.009397533561394222,0.0011111111111111183,0.018793969485999915,0.2929592276951898,0.10748327199376262,0.1174158054358836,0.0,0.9999999987499999,0.6294620427233393,0.28883414576685673,0.30617519026762324,0.3987642371213612,disgust,07,04,04,female,strong,411
60,2.0020000000000002,True,1.0,0.3885615270286339,0.3813706780866985,0.38496610255766617,0.940794140095236,-0.04675925925925917,-0.04379629629629628,0.3937791632424586,0.34345083776392626,0.1597241328765551,0.40919270874571595,0.0071908489419353905,0.0029629629629628895,0.014756037588510925,0.294631113470912,0.11153476534105534,0.11440996889777381,0.0,0.9999999987499999,0.6297811885144683,0.284300270591864,0.29333090548163854,0.38238461300118937,disgust,07,04,04,female,strong,411
70,2.3356666666666666,True,1.0,0.2606189836042156,0.29119290492619476,0.2759059442652052,1.102963951643175,-0.045879629629629715,-0.04268518518518516,0.3829126422020681,0.4289173363204161,0.15625439446945363,0.25014955733971694,0.03057392132197917,0.0031944444444445552,0.01002454856509322,0.26561689413936546,0.10956551122400214,0.1143144620877856,0.0,0.9999999987499999,0.62780953125,0.28789601726492664,0.3044843693112783,0.39575111081583514,disgust,07,04,04,female,strong,411
80,2.6693333333333333,True,1.0,0.3746253571524594,0.3972276212731687,0.38592648921281403,0.9382871657116105,-0.046296296296296335,-0.04467592592592595,0.41270100765965967,0.4264941662325498,0.15556781659926694,0.41130956845191613,0.02260226412070926,0.0016203703703703831,0.0020313014861971374,0.3153409090909093,0.1091241251204451,0.11473588283145617,0.0,0.9999999987499999,0.6287633796799971,0.28483043502870425,0.30215654697901523,0.4015355077419014,disgust,07,04,04,female,strong,411
90,3.003,True,1.0,0.12573945811908852,0.1427852107564805,0.13426233443778451,0.8955066315300928,-0.0537962962962964,-0.050185185185185166,0.4128840812921731,0.3339184204562059,0.15555604601585937,0.14992891142344683,0.017045752637391998,0.0036111111111112315,0.02470422921588786,0.3217048722678089,0.10686765835468912,0.1150328547269388,0.0,0.9999999987499999,0.6308914330341512,0.28824302240154237,0.2952005178429751,0.3942613128776189,disgust,07,04,04,female,strong,411
100,3.336666666666667,True,1.0,0.3093817672126403,0.29119290492619476,0.30028733606941754,0.9648071175732512,-0.04523148148148154,-0.041944444444444506,0.41699116651502616,0.34756676650750234,0.15417903816140746,0.31124079683897937,0.018188862286445562,0.0032870370370370328,0.03216866655812412,0.31463898788942485,0.1071248205309514,0.11495925731685037,0.0,0.9999999987499999,0.6360270703750249,0.289954367278366,0.2833984435810257,0.3900206503530037,disgust,07,04,04,female,strong,411
110,3.6703333333333332,True,1.0,0.22250530619429862,0.21387589670898138,0.21819060145164,0.9837463841811086,-0.05027777777777781,-0.04657407407407416,0.40844467252875505,0.3449359835603402,0.1562543944694537,0.22179558162571186,0.008629409485317235,0.0037037037037036535,0.01988372660455418,0.3203217495554738,0.10369315902850151,0.11611132337648684,0.0,0.9999999987499999,0.6407192904818177,0.2947360042413716,0.27432598412880715,0.37882991284995016,disgust,07,04,04,female,strong,411
0,0.0,True,1.0,0.7009981761284658,0.7333460372318075,0.7171721066801366,0.6686206325344477,-0.07611111111111107,-0.07310185185185186,0.3700424079846468,0.3038936372269708,0.1889034290576577,1.0726143821820926,0.032347861103341646,0.0030092592592592116,0.008081194281844176,0.35864601440579963,0.10300309835857485,0.11557570999649426,0.0,0.9999999987499999,0.6377746281872124,0.3130974545538859,0.2731679397306066,0.39984512945474615,surprised,08,04,04,female,normal,412
10,0.33366666666666667,True,1.0,0.6628606424965435,0.6907210472327853,0.6767908448646645,0.6929533756446414,-0.07569444444444456,-0.0728240740740741,0.3722293131117107,0.30881617827641644,0.19029221182200778,0.9766758755378869,0.02786040473624174,0.0028703703703704675,0.0004866307489437232,0.3423913043478258,0.10553605149143537,0.11427225618801912,0.0,0.9999999987499999,0.6367305610369147,0.31301129252081117,0.2769494638221748,0.4008925881486472,surprised,08,04,04,female,normal,412
20,0.6673333333333333,True,1.0,0.7365562226096627,0.7214287562579453,0.728992489433804,0.69300518249325,-0.07407407407407413,-0.06967592592592597,0.3722761368421271,0.30881617827641505,0.1916989064398953,1.0519293474993667,0.015127466351717356,0.004398148148148151,0.0009739568289332881,0.33013836154623266,0.10604612088084137,0.1144667756803629,0.0,0.9999999987499999,0.6389689059764531,0.3113926654433224,0.2788750762828209,0.3973040422201459,surprised,08,04,04,female,normal,412
30,1.0010000000000001,True,1.0,0.8074665272872341,0.8095630706734608,0.8085147989803474,1.090930372236478,-0.07638888888888895,-0.07212962962962954,0.4009588069239878,0.3566410403328108,0.19791705215148866,0.7411241079692736,0.002096543386226668,0.004259259259259407,0.0044603482653010834,0.23111907201625415,0.10253607619656943,0.11648196398460704,0.0,0.9999999987499999,0.6346567395864596,0.3137717665689648,0.2862809479185995,0.403751241611176,surprised,08,04,04,female,normal,412
40,1.3346666666666667,True,1.0,0.7863423268814218,0.7941516186776558,0.7902469727795388,1.0951001472439421,-0.07138888888888884,-0.06814814814814824,0.3610450405913227,0.45232397386162926,0.18891473730410502,0.7216207346591701,0.007809291796234019,0.0032407407407405997,0.006816936708972584,0.2364130434782602,0.1032976068269876,0.11431694429003925,0.0,0.9999999987499999,0.6420438738854918,0.31162660682679705,0.2776983229102215,0.40498761469206995,surprised,08,04,04,female,normal,412
50,1.6683333333333334,True,1.0,0.8711747120142354,0.8946967065924789,0.8829357093033572,0.6370915405193919,-0.07249999999999995,-0.07166666666666666,0.39311553772682806,0.23703703703703738,0.19168617038730715,1.3858851564463401,0.023521994578243555,0.0008333333333332971,0.009530851017999512,0.37932801064921706,0.10388461712079312,0.11511549519409908,0.0,0.9999999987499999,0.6388613830610369,0.31404881521505484,0.2748993931415533,0.4005319133051624,surprised,08,04,04,female,normal,412
60,2.0020000000000002,True,1.0,0.8717176914798099,0.9160565310933455,0.8938871112865777,0.9459123054213929,-0.07379629629629625,-0.06935185185185189,0.35308179101738096,0.37336825642229027,0.18959339380643883,0.9449999816720446,0.044338839613535574,0.004444444444444362,0.010484244999537247,0.2374794256867333,0.10111909327924211,0.11592014668198165,0.0,0.9999999987499999,0.6378710234562576,0.316362876121582,0.2727653455294166,0.4029204635202933,surprised,08,04,04,female,normal,412
70,2.3356666666666666,True,1.0,0.8673542962633755,0.8944961247969028,0.8809252105301391,0.866423993264011,-0.06972222222222219,-0.06745370370370368,0.3934026641400908,0.3510345925550284,0.18682025786964923,1.0167368602195546,0.027141828533527312,0.002268518518518503,0.013773269992956126,0.27153895442893317,0.11194307524102123,0.11249647657096574,0.0,0.9999999987499999,0.63315264838748,0.28793282980538126,0.30259370672614144,0.3986918809156514,surprised,08,04,04,female,normal,412
80,2.6693333333333333,True,1.0,0.8519010354612896,0.8796084657668216,0.8657547506140556,0.8653306618815214,-0.07004629629629627,-0.0662962962962963,0.3817034797097022,0.35538573685820535,0.18612135926937012,1.0004900886461277,0.02770743030553202,0.0037499999999999756,0.01191304478490238,0.28180210741941664,0.11158223232948078,0.1128543962980875,0.0,0.9965708253533991,0.635055004493985,0.2880615487880738,0.302782103345194,0.39492724814058006,surprised,08,04,04,female,normal,412
90,3.003,True,1.0,0.7799511528315275,0.819802061735403,0.7998766072834653,0.8347281621385968,-0.06935185185185183,-0.06648148148148147,0.3866909310450112,0.34778453288440103,0.1847259393635113,0.9582480184137542,0.03985090890387555,0.0028703703703703565,0.01257584878726094,0.2714509800488996,0.1000710248323584,0.11617196576885351,0.0,0.9999999987499999,0.6404755994741645,0.31820781249560554,0.26947027048500327,0.4025018514072233,surprised,08,04,04,female,normal,412
0,0.0,True,1.0,0.6164493426361037,0.656350209037398,0.6363997758367509,0.6432827284370268,-0.07138888888888884,-0.06694444444444447,0.3924438509137663,0.31422863934827694,0.17388555239833806,0.9893002683019342,0.03990086640129431,0.004444444444444362,0.027412741612915882,0.36427115035971896,0.09941108041778708,0.11558912188993836,0.0,0.9999999987499999,0.6679766794608468,0.3057570607189454,0.26820566037633575,0.4098375845127066,surprised,08,04,04,female,normal,413
10,0.33366666666666667,True,1.0,0.6358379378715588,0.6768417835586316,0.6563398607150952,0.6727553670467644,-0.07037037037037036,-0.06773148148148145,0.3895102795389867,0.314228639348276,0.1731499136738212,0.9755995906747955,0.041003845687072715,0.002638888888888913,0.03560500608368968,0.33278965048202014,0.11536810221940483,0.11054341162606152,0.0,0.9999999987499999,0.6400477063872424,0.28380764426348676,0.2968319227699573,0.38951597512775243,surprised,08,04,04,female,normal,413
20,0.6673333333333333,True,1.0,0.7047654234742403,0.7352868622635709,0.7200261428689056,0.6679876748790486,-0.06842592592592589,-0.06449074074074068,0.3862132136994972,0.31150862905388466,0.17455749002128457,1.0779033355657042,0.030521438789330557,0.003935185185185208,0.036255298906787324,0.337993236566826,0.10117571405233515,0.1145477836443332,0.0,0.9999999987499999,0.6674540932075955,0.3061434957259284,0.27207522073084084,0.4091287513726571,surprised,08,04,04,female,normal,413
30,1.0010000000000001,True,1.0,0.8152639752744545,0.8158473902642954,0.815555682769375,1.1525181517186305,-0.06814814814814812,-0.06365740740740744,0.38959931563830935,0.4506172816434017,0.1785444523317762,0.7076293605903053,0.0005834149898409358,0.004490740740740684,0.023818348185918794,0.21670314930574575,0.11039459606318647,0.11368172500265324,0.0,0.9999999987499999,0.6370095400191327,0.28574132513392553,0.2987607256035213,0.3986577534892072,surprised,08,04,04,female,normal,413
40,1.3346666666666667,True,1.0,0.6980879971289428,0.6960884529415771,0.6970882250352599,1.155406578050949,-0.07097222222222221,-0.0675,0.3690687174007519,0.46678617588891924,0.17989546661676628,0.6033272081687256,0.0019995441873656983,0.00347222222222221,0.009672351493465141,0.21742789115769237,0.1103464088816559,0.11356085390221923,0.0,0.9999999987499999,0.6421829508834784,0.2859963822945645,0.29174723261872626,0.39394421183540124,surprised,08,04,04,female,normal,413
50,1.6683333333333334,True,1.0,0.7554478910074779,0.7957038227099454,0.7755758568587117,0.641218147594511,-0.0702314814814815,-0.06731481481481477,0.397380525211368,0.23315118397085638,0.1826894273605715,1.2095351009141506,0.04025593170246755,0.002916666666666734,0.018702651434359556,0.34514225188427927,0.11108552807367324,0.11317513348853965,0.0,0.9999999987499999,0.6460039663599814,0.28421477720990995,0.29494442806438226,0.39858445675096277,surprised,08,04,04,female,normal,413
60,2.0020000000000002,True,1.0,0.34353115620718994,0.38018683909669215,0.3618589976519411,0.850065670384309,-0.07870370370370372,-0.07574074074074083,0.3899909978384906,0.2833414270908854,0.184815128325867,0.4256835798207767,0.03665568288950222,0.0029629629629628895,0.022043752313948204,0.2670113181677769,0.10829007902909636,0.11452961447132877,0.0,0.9999999987499999,0.6447135881618272,0.28765629991789665,0.28710072379312895,0.3762649195384508,surprised,08,04,04,female,normal,413
70,2.3356666666666666,True,1.0,0.7542452946949308,0.8004165101336866,0.7773309024143087,0.8938397285284935,-0.06495370370370374,-0.06282407407407403,0.41353620883531883,0.32815608068259466,0.17858162448846265,0.8696535604811497,0.0461712154387558,0.0021296296296297035,0.021956037990877315,0.27420483674964874,0.11195712506008135,0.1124824941188771,0.0,0.9999999987499999,0.6387894965955131,0.28602351136387816,0.29661129716122275,0.3947079378351309,surprised,08,04,04,female,normal,413
80,2.6693333333333333,True,1.0,0.755543736278578,0.8145410412885923,0.7850423887835851,0.8573888451656757,-0.0647685185185185,-0.061851851851851825,0.4047446168500753,0.32853581118584957,0.1779493563569561,0.9156200167636763,0.05899730501001432,0.0029166666666666785,0.02564200628120276,0.29241471383202583,0.11311953261997729,0.1118257238642916,0.0,0.9999999987499999,0.6418200798444378,0.28426835185514254,0.2969132100913841,0.3937094609101495,surprised,08,04,04,female,normal,413
90,3.003,True,1.0,0.7741762314094256,0.7996490650705733,0.7869126482399995,0.8233356105456089,-0.06481481481481477,-0.06152777777777779,0.41314216960865546,0.3068810014399386,0.1800480784398686,0.955761706600456,0.02547283366114772,0.0032870370370369772,0.031077868133272474,0.2879009969010861,0.11271815367327925,0.11223029452969131,0.0,0.9999999987499999,0.6394707291510354,0.28486945532060953,0.29535736549258135,0.3921626330685627,surprised,08,04,04,female,normal,413
0,0.0,True,1.0,0.6659684303271307,0.6589199995025946,0.6624442149148626,0.7442448869085887,-0.0668981481481482,-0.06453703703703695,0.38242620422313145,0.3493164208317877,0.17503530963534358,0.8900890373147122,0.0070484308245361005,0.002361111111111258,0.003098465183976644,0.3105996617492184,0.09840632469236246,0.11463184481886829,0.0,0.9999999987499999,0.6684137952446605,0.30917284730212363,0.26478794680158424,0.4065728819487652,surprised,08,04,04,female,normal,414
10,0.33366666666666667,True,1.0,0.652289957897105,0.6777621060870855,0.6650260319920953,0.765523327527894,-0.0675,-0.06444444444444447,0.37814788682935385,0.34446369998369947,0.1736642767986559,0.8687207927936895,0.02547214818998056,0.0030555555555555336,0.0010138559849062559,0.315614310205566,0.09795858631509528,0.11534551507556322,0.0,0.9999999987499999,0.6687803447550895,0.30820592006086056,0.2640655214510111,0.4049846284357451,surprised,08,04,04,female,normal,414
20,0.6673333333333333,True,1.0,0.7577586004506114,0.7671573637377187,0.762457982094165,1.0783584442714587,-0.06504629629629638,-0.06347222222222221,0.38087494364954677,0.41006710271557667,0.1764239205510335,0.7070543066125692,0.009398763287107315,0.001574074074074172,0.008788844756483607,0.23017760170728374,0.09773412790286233,0.11503999687740177,0.0,0.9999999987499999,0.6684417038143383,0.3092076662847636,0.2699803961252414,0.4097377027770499,surprised,08,04,04,female,normal,414
30,1.0010000000000001,True,1.0,0.8123117588695141,0.8122624855789249,0.8122871222242195,1.2453923237365272,-0.06796296296296295,-0.06611111111111101,0.36507896583846955,0.5028945953292568,0.18199517575738963,0.6522339239952353,4.9273290589235685e-05,0.0018518518518519378,0.015457397734772315,0.18922543061819913,0.0972276302873499,0.11579791208063114,0.0,0.9999999987499999,0.6664354253107492,0.31093320241604466,0.2720202304952455,0.4135246770420021,surprised,08,04,04,female,normal,414
40,1.3346666666666667,True,1.0,0.35351258043944045,0.3671269039351662,0.36031974218730334,0.9455940949266571,-0.07884259259259263,-0.07527777777777783,0.39084446057813,0.34719692192196644,0.18131060409212132,0.3810511763139243,0.013614323495725777,0.0035648148148147984,0.013579348745316898,0.23063357176650326,0.09639443098839691,0.11649241266209413,0.0,0.9999999987499999,0.6682881155196452,0.3091855821108297,0.2651631835586377,0.40432200896333603,surprised,08,04,04,female,normal,414
50,1.6683333333333334,True,1.0,0.8439083470087478,0.8543461110049657,0.8491272290068568,1.0397052340756323,-0.06546296296296295,-0.06310185185185191,0.4004843959294006,0.3537777903185611,0.18266562172332237,0.8166999656992088,0.010437763996217875,0.002361111111111036,0.008166854492976256,0.22698088705846586,0.09748329724246174,0.1160762126154566,0.0,0.9999999987499999,0.6661780222948555,0.3100253217894315,0.27786392948034316,0.41869927160878195,surprised,08,04,04,female,normal,414
60,2.0020000000000002,True,1.0,0.896332602244085,0.8946079483186594,0.8954702752813721,0.6702384979031355,-0.06606481481481491,-0.06597222222222227,0.4006738566237539,0.25498203724575835,0.18825281292985535,1.33604721018396,0.0017246539254255344,9.259259259264407e-05,0.010163268462105477,0.3423913043478266,0.09847602220901258,0.1154004218950067,0.0,0.9999999987499999,0.6657892321459834,0.3090378933051787,0.27385468235900695,0.41926445345932795,surprised,08,04,04,female,normal,414
70,2.3356666666666666,True,1.0,0.9236797594081678,0.9376255156784126,0.9306526375432902,1.0414108975611882,-0.07337962962962968,-0.07240740740740742,0.34208134113591404,0.40118222378974067,0.19519518081407686,0.893645956387363,0.013945756270244747,0.0009722222222222632,0.009081302009418249,0.2035214832022721,0.09661517552395071,0.11728810714234546,0.0,0.9999999987499999,0.6653143305134553,0.3104936640935847,0.2725250007151599,0.4187755969206628,surprised,08,04,04,female,normal,414
80,2.6693333333333333,True,1.0,0.8811668488897093,0.8941661417569972,0.8876664953233533,1.013190503645968,-0.07148148148148142,-0.0706018518518518,0.37354634676952564,0.4208479895095999,0.19031025283780695,0.8761101610497568,0.012999292867287848,0.0008796296296296191,0.007721738983476509,0.23415102026969592,0.09764009223018214,0.11610855572622765,0.0,0.9999999987499999,0.6690781300879727,0.30938386792286054,0.2768785790983931,0.4260504802177011,surprised,08,04,04,female,normal,414
90,3.003,True,1.0,0.8528276700552446,0.8549805563925063,0.8539041132238754,0.9906601612106621,-0.07268518518518519,-0.07111111111111118,0.3682477254035242,0.4245686405188561,0.18753295608809836,0.8619546305166239,0.002152886337261628,0.0015740740740740056,0.017189187383752923,0.25941464441111595,0.09815432985081739,0.11501346036568265,0.0,0.9999999987499999,0.6677100471985669,0.3094453807240723,0.2746709473067269,0.4226617014904108,surprised,08,04,04,female,normal,414
100,3.336666666666667,True,1.0,0.8189032060146584,0.8560458189523361,0.8374745124834972,0.9743332786628323,-0.07180555555555557,-0.06986111111111104,0.3694946551611014,0.4321639542456119,0.18616070695444292,0.8595359830394391,0.03714261293767773,0.0019444444444445264,0.01922399308765518,0.25454377584010657,0.09738421252116877,0.11550142742632474,0.0,0.9999999987499999,0.6679194229410514,0.3084301808254723,0.2713653758506448,0.417079449088741,surprised,08,04,04,female,normal,414
0,0.0,True,1.0,0.3960279573923875,0.41253931601637195,0.4042836367043797,0.7254011351356873,-0.07995370370370375,-0.07893518518518522,0.3910293872310297,0.34780480669564434,0.17847264970529486,0.5573242405097119,0.01651135862398445,0.0010185185185185297,0.00856864553510744,0.3098673210827721,0.09832268786273583,0.11586043876224827,0.0,0.9999999987499999,0.6696585038702982,0.31025998993292403,0.26324258223618974,0.40436122347235176,surprised,08,04,04,female,normal,415
10,0.33366666666666667,True,1.0,0.6885781308794393,0.6698642889996121,0.6792212099395257,0.727448641221756,-0.06828703703703709,-0.06750000000000006,0.3830413182697083,0.3408979330136185,0.1763893214209619,0.9337033179397628,0.018713841879827164,0.0007870370370370305,0.012955585782521416,0.3397504475639419,0.09820766537975772,0.11579353493056631,0.0,0.9999999987499999,0.6708143691460959,0.30978257522627545,0.2671050466176446,0.41100674590665753,surprised,08,04,04,female,normal,415
20,0.6673333333333333,True,1.0,0.7809772878081099,0.7582076680157414,0.7695924779119256,1.105203353410119,-0.08097222222222217,-0.07856481481481481,0.37562610798227947,0.45136443037959506,0.19027777777777777,0.6963356341051067,0.02276961979236858,0.002407407407407358,0.005910208742083942,0.22224976545228853,0.0949967932122468,0.11876323271525634,0.0,0.9999999987499999,0.670216847629677,0.31015325069887284,0.2721884469712914,0.41190314663600386,surprised,08,04,04,female,normal,415
30,1.0010000000000001,True,1.0,0.8830914153383073,0.8565291747320055,0.8698102950351564,1.0090492269977063,-0.07694444444444443,-0.07680555555555557,0.3675433006870869,0.4484484484484484,0.1854183125512156,0.8620097729257103,0.026562240606301746,0.0001388888888888551,0.0023045011196252364,0.22320538899311596,0.10836495937524261,0.11429219325370754,0.0,0.9999999987499999,0.6499536377363446,0.2878509777243466,0.30284185653526124,0.4099370202400209,surprised,08,04,04,female,normal,415
40,1.3346666666666667,True,1.0,0.39336471939880585,0.43528430052774914,0.4143245099632775,0.9439528023598814,-0.0920833333333333,-0.09148148148148144,0.37039114561573727,0.4090462143559488,0.18611111111111112,0.4389250277423474,0.041919581128943284,0.0006018518518518534,0.007683241038731016,0.24431913612686507,0.10551981686372115,0.11561317627195965,0.0,0.9999999987499999,0.6496779520558222,0.287024028876212,0.27987377751176123,0.3811638251898073,surprised,08,04,04,female,normal,415
50,1.6683333333333334,True,1.0,0.8717412431403293,0.8707995764508719,0.8712704097956006,1.0906990573258306,-0.07884259259259258,-0.07824074074074072,0.39490825601782614,0.43323996265172704,0.1910121683285029,0.7988183394343221,0.0009416666894573877,0.0006018518518518534,0.008401472395376692,0.2238518111901315,0.10579581114537448,0.11536067190662451,0.0,0.9999999987499999,0.6494529162758854,0.2892590857978897,0.30029806463288405,0.40921709311146975,surprised,08,04,04,female,normal,415
60,2.0020000000000002,True,1.0,0.8518978440031731,0.8707995764508704,0.8613487102270218,0.9168926257187298,-0.07597222222222222,-0.07490740740740742,0.38267181578453213,0.3438196257156038,0.19243883260522998,0.9394215702758341,0.018901732447697217,0.0010648148148147962,0.016736058767232317,0.24600783419085528,0.10884674617999399,0.11333024248950571,0.0,0.9999999987499999,0.644667003270058,0.2878211412001362,0.29733705351454714,0.40165301370015755,surprised,08,04,04,female,normal,415
70,2.3356666666666666,True,1.0,0.8616219538955255,0.8827860201481139,0.8722039870218197,1.0438398816918224,-0.07527777777777772,-0.07500000000000001,0.37661948459308586,0.4283813579959368,0.19517798222610205,0.8355725838029673,0.021164066252588376,0.0002777777777777102,0.017825996229394448,0.22713792608406014,0.09725574522999829,0.1167574932846775,0.0,0.9999999987499999,0.6660215333946079,0.3112567802337754,0.27818666142617887,0.42626028536876853,surprised,08,04,04,female,normal,415
80,2.6693333333333333,True,1.0,0.8470145772242196,0.8830914153383073,0.8650529962812634,0.8262147755908227,-0.07314814814814813,-0.07138888888888889,0.38187796644769534,0.3518299496045344,0.19381653658425443,1.0470074148246353,0.036076838114087684,0.0017592592592592382,0.018823518394736373,0.30258476050761296,0.0978366283573825,0.11610720228627133,0.0,0.9999999987499999,0.665041973203344,0.3095324778388989,0.2731208552761589,0.41759069793497994,surprised,08,04,04,female,normal,415
90,3.003,True,1.0,0.5275726656415717,0.5455436901050356,0.5365581778733036,0.8490200161822083,-0.08148148148148143,-0.07953703703703696,0.3747116582036895,0.3548777370007241,0.19031786964211192,0.6319735314204333,0.01797102446346388,0.0019444444444444708,0.021266331834606533,0.2783893824828632,0.09835930285793772,0.11566475613797703,0.0,0.9999999987499999,0.6670827215104793,0.3089167871160788,0.2673502542018337,0.4092388352442049,surprised,08,04,04,female,normal,415
100,3.336666666666667,True,1.0,0.7518154970463343,0.8134714459817288,0.7826434715140316,0.8649454884055656,-0.07296296296296301,-0.07189814814814804,0.37704916527271487,0.36289497494600215,0.19032628786065006,0.9048471632088064,0.0616559489353945,0.0010648148148149628,0.021383876172694327,0.2934166553987068,0.09809959540848963,0.11572058461745184,0.0,0.9999999987499999,0.6681156017172494,0.3088552728500964,0.27041652481922535,0.41216056171430304,surprised,08,04,04,female,normal,415
0,0.0,True,1.0,0.6117288277000811,0.656788901163654,0.6342588644318675,0.5972157201896638,-0.060925925925925994,-0.05907407407407406,0.4222214411325054,0.15970681914371432,0.1743059932573217,1.0620264051831045,0.04506007346357288,0.0018518518518519378,0.01053552868576632,0.3930966852575846,0.10813741332229418,0.11417426068973828,0.0,0.9999999987499999,0.6432271208092614,0.28489369152229543,0.28657388735419576,0.39281515865445027,surprised,08,04,04,female,strong,416
10,0.33366666666666667,True,1.0,0.6563590612935516,0.7025310174309768,0.6794450393622642,0.606423364391708,-0.06069444444444444,-0.0602314814814815,0.4269674115534658,0.17915590008613302,0.1729171078841008,1.1204136899372321,0.046171956137425196,0.0004629629629629428,0.009841317096032857,0.3834913909825331,0.09895983746901268,0.11548180261236644,0.0,0.9999999987499999,0.6622895679834433,0.3118499195592145,0.26418809454815406,0.3994532838103573,surprised,08,04,04,female,strong,416
20,0.6673333333333333,True,1.0,0.745519387293551,0.7902940892983518,0.7679067382959515,0.5971100108993573,-0.05819444444444438,-0.05805555555555553,0.4321971062219585,0.16961966566621534,0.1736115505636799,1.2860389614626337,0.044774702004800715,0.0001388888888888551,0.008760887074777736,0.38349139098253404,0.09872657778180459,0.11518614136933022,0.0,0.9999999987499999,0.6620802435427294,0.3108546355546783,0.26347576301364906,0.3972343744471661,surprised,08,04,04,female,strong,416
30,1.0010000000000001,True,1.0,0.8517866943639867,0.8225608260274299,0.8371737601957083,0.9594868794625688,-0.07055555555555543,-0.064537037037037,0.4706064350034028,0.17834760124089521,0.18335996492176557,0.8725223638958243,0.029225868336556826,0.006018518518518423,0.012165544622237045,0.25270295382025576,0.09802490735490167,0.11725543650382232,0.0,0.9999999987499999,0.6571168077777987,0.3141785443254161,0.2862207557432031,0.4268187704586057,surprised,08,04,04,female,strong,416
40,1.3346666666666667,True,1.0,0.8208877874735263,0.8700631345991459,0.8454754610363361,0.973189926998531,-0.08055555555555549,-0.07583333333333336,0.41393148411559905,0.338489596699699,0.19515296339244412,0.868767172348273,0.04917534712561955,0.004722222222222128,0.02151191067796303,0.22010138203151777,0.10688715340756419,0.11551061573761419,0.0,0.9999999987499999,0.6342630850934123,0.290296392058318,0.3074788531789894,0.4065997333525373,surprised,08,04,04,female,strong,416
50,1.6683333333333334,True,1.0,0.8278000872975874,0.8456843542621736,0.8367422207798805,1.6992734526640914,-0.08578703703703705,-0.08592592592592585,0.37234310562068645,0.6685505026450104,0.19513888888888892,0.49241175366333806,0.017884266964586226,0.00013888888888879958,0.011659705973069841,0.1562161026137675,0.10556313710494208,0.11655850912074803,0.0,0.9999999987499999,0.6352443555703531,0.2899903951395533,0.3140486817333272,0.41838014413101327,surprised,08,04,04,female,strong,416
60,2.0020000000000002,True,1.0,0.8379253224253761,0.9005334784197236,0.8692294004225498,0.9172449361261956,-0.07925925925925925,-0.08092592592592601,0.4125474893991363,0.2821869488536156,0.20277928274864848,0.9476524385008545,0.06260815599434755,0.0016666666666667607,0.01371596621740709,0.28594819768611696,0.09730716678770257,0.11736576715968106,0.0,0.9999999987499999,0.6512459054481168,0.3152970279979184,0.28427468293576985,0.41528684229729995,surprised,08,04,04,female,strong,416
70,2.3356666666666666,True,1.0,0.8756812742965384,0.9196479918570086,0.8976646330767735,1.2641462272485253,-0.07671296296296293,-0.07634259259259263,0.2977351849865289,0.44435776216059797,0.20834651650997263,0.7100955678446974,0.043966717560470214,0.00037037037037029874,0.02125477173377281,0.13273812870206564,0.09954412891261413,0.11530945520930501,0.0,0.9999999987499999,0.6534689572469613,0.3144073376066144,0.2738457689582389,0.4051422057957023,surprised,08,04,04,female,strong,416
80,2.6693333333333333,True,1.0,0.8704506176168817,0.9051851193843705,0.8878178685006262,0.9766638925617448,-0.0728240740740741,-0.07064814814814813,0.3888327473829455,0.35304868615268353,0.19793555454007014,0.9090311162952082,0.03473450176748882,0.00217592592592597,0.01900918224046741,0.2356358053346742,0.1082160775519561,0.11426655884930638,0.0,0.9999999987499999,0.6328227100371399,0.2871728839226358,0.29325614624490615,0.40184231841049556,surprised,08,04,04,female,strong,416
90,3.003,True,1.0,0.8762004441148667,0.9093738906076021,0.8927871673612344,0.888078492963121,-0.0729166666666668,-0.06861111111111112,0.3994919242796881,0.2984399200016267,0.19586488726564827,1.005302092591391,0.03317344649273535,0.0043055555555556735,0.023622108451678368,0.2587056256540897,0.09854646354030502,0.11567016357966536,0.0,0.9999999987499999,0.651539884234944,0.31460429946302926,0.26999446367211677,0.41054572232191133,surprised,08,04,04,female,strong,416
100,3.336666666666667,True,1.0,0.763816232198948,0.8066724523995301,0.785244342299239,0.8289786829975526,-0.07435185185185178,-0.07291666666666669,0.39599067266567883,0.3034041930749227,0.1889034290576577,0.9472431057694125,0.04285622020058211,0.001435185185185095,0.019550770386922524,0.2717377824613524,0.09916377403140997,0.11431105983797933,0.0,0.9999999987499999,0.6618136990186699,0.31144901070525743,0.26799639571316847,0.40995929986556934,surprised,08,04,04,female,strong,416
0,0.0,True,1.0,0.6568045387784697,0.6708048476138935,0.6638046931961816,0.6234940528649641,-0.06240740740740741,-0.06083333333333335,0.4391144700010979,0.2056203791363183,0.16944489470319554,1.064652806463814,0.014000308835423803,0.001574074074074061,0.010083714436171462,0.35904255319149025,0.09986979434070309,0.11601703291144473,0.0,0.9999999987499999,0.6701185655668517,0.30928106783408876,0.2697165388665069,0.4113522296984237,surprised,08,04,04,female,strong,417
10,0.33366666666666667,True,1.0,0.6760569206936603,0.676056920693661,0.6760569206936606,0.6533715203848023,-0.06361111111111112,-0.060370370370370297,0.44152548259814617,0.23521374733852873,0.17083735267438846,1.0347205220936135,6.661338147750939e-16,0.0032407407407408217,0.008510189060059131,0.3493230059701198,0.10065824090517546,0.1153336303301444,0.0,0.9999999987499999,0.6718139610219088,0.3069844087335807,0.2723995222031059,0.40923258816036784,surprised,08,04,04,female,strong,417
20,0.6673333333333333,True,1.0,0.8437829734226585,0.8737687290364748,0.8587758512295667,1.5237222110917414,-0.08907407407407408,-0.08601851851851855,0.3550353682503127,0.6586471900090374,0.19861111111111113,0.5636039462956026,0.029985755613816334,0.0030555555555555336,0.013122842088291916,0.18162815401253787,0.09857246414829714,0.11793183114013583,0.0,0.9999999987499999,0.6679716643766882,0.306009644590939,0.2921179026872145,0.4290315299839127,surprised,08,04,04,female,strong,417
30,1.0010000000000001,True,1.0,0.8267472504231757,0.8745606839782598,0.8506539672007177,1.0323531703361482,-0.08490740740740738,-0.08388888888888885,0.43559405119709615,0.3397531906000964,0.19723189304860722,0.8239951129551268,0.04781343355508416,0.0010185185185185297,0.015354307167190981,0.2424131709180893,0.10613986213914027,0.11652511948802355,0.0,0.9999999987499999,0.634360076053859,0.28751762100133393,0.31987687940755827,0.42202520791324116,surprised,08,04,04,female,strong,417
40,1.3346666666666667,True,1.0,0.8386857225828747,0.8711472977983702,0.8549165101906224,1.0148890064823495,-0.07888888888888884,-0.07976851851851852,0.38885948440874835,0.4551919956488033,0.19583489167154802,0.84237439240159,0.03246157521549553,0.0008796296296296746,0.012340113274387152,0.22526613454507627,0.10867073254601341,0.11349903041358414,0.0,0.9999999987499999,0.6343113774806798,0.28755209950712657,0.3190917406594143,0.41863612345201184,surprised,08,04,04,female,strong,417
50,1.6683333333333334,True,1.0,0.8278000872975867,0.8303333668680598,0.8290667270828233,1.0613714025696372,-0.08421296296296293,-0.0817592592592592,0.4319482043924449,0.338278688256523,0.19376417538869897,0.7811278173461317,0.0025332795704731126,0.0024537037037037357,0.01384712880415971,0.23200831085914264,0.10319361244262429,0.11606410795047331,0.0,0.9999999987499999,0.6532629465770683,0.29107450868508844,0.3117311107510341,0.4132794515887496,surprised,08,04,04,female,strong,417
60,2.0020000000000002,True,1.0,0.847427221023058,0.8448937922774538,0.8461605066502559,0.8655174734490232,-0.08249999999999996,-0.0765277777777778,0.4059947275577454,0.347566766507501,0.1966038521108732,0.9776353830019963,0.0025334287456042492,0.005972222222222157,0.02331119858302296,0.25867263715823896,0.11102280505228135,0.11457475169506139,0.0,0.9999999987499999,0.6344784309270584,0.28607113287103464,0.3231215907180677,0.41610449516738773,surprised,08,04,04,female,strong,417
70,2.3356666666666666,True,1.0,0.853821962318893,0.8741926694444668,0.8640073158816799,1.1100158055102345,-0.06870370370370377,-0.06472222222222218,0.3739611759575354,0.47950838131065887,0.17978050883927021,0.7783738858425774,0.020370707125573873,0.003981481481481586,0.04965093419165377,0.21201498751985107,0.10042431636201822,0.11553737243929046,0.0,0.9999999987499999,0.6643013702277786,0.30657914871441583,0.27731494823701647,0.4196326638710444,surprised,08,04,04,female,strong,417
80,2.6693333333333333,True,1.0,0.8550963925064923,0.8874569735162675,0.8712766830113798,0.9572134744936647,-0.06578703703703709,-0.06050925925925932,0.39422459569168955,0.40681462555155107,0.17968754717692614,0.9102219162473213,0.032360581009775236,0.00527777777777777,0.03847607200486393,0.24733543434697217,0.09948177162879547,0.11536325747456475,0.0,0.9999999987499999,0.6668434752416592,0.30604251566942275,0.2769091474838786,0.42348000021914156,surprised,08,04,04,female,strong,417
90,3.003,True,1.0,0.8488432113699533,0.8599347719709285,0.8543889916704409,0.9285899112650351,-0.0639351851851852,-0.059953703703703676,0.3901590519456353,0.3843606740851707,0.17613854719692096,0.9200929078655303,0.011091560600975159,0.00398148148148153,0.04456333387249967,0.253818034554364,0.09998792536859835,0.11442642614125344,0.0,0.9999999987499999,0.6680409326074179,0.3060351180971705,0.27409420115484734,0.41946126103276277,surprised,08,04,04,female,strong,417
100,3.336666666666667,True,1.0,0.7364704020216977,0.7804290002674769,0.7584497011445872,0.9052688889730394,-0.06611111111111118,-0.06115740740740744,0.38866705536140794,0.37923889188790366,0.17490374358428257,0.8378170402000585,0.04395859824577919,0.004953703703703738,0.046430481024736826,0.25833383370754015,0.09891483520798543,0.11385917647377286,0.0,0.9999999987499999,0.6727657939034989,0.30557557057347745,0.2707394776718801,0.4164881400099564,surprised,08,04,04,female,strong,417
0,0.0,True,1.0,0.6592658938814507,0.6504996733429937,0.6548827836122222,0.873195664233105,-0.06898148148148148,-0.06777777777777788,0.38295876086980685,0.3982803837261025,0.17500697530741446,0.7499840075218206,0.008766220538456992,0.0012037037037035958,0.001738331082359689,0.2861702764143347,0.09662491207838783,0.11597321675281329,0.0,0.9999999987499999,0.6723899417579533,0.3082926211367583,0.2651022497224518,0.4138192349618516,surprised,08,04,04,female,strong,418
10,0.33366666666666667,True,1.0,0.7054245708623686,0.7154471677128466,0.7104358692876076,0.8809100912981338,-0.0687037037037036,-0.06754629629629633,0.3734555156569349,0.38628884441109246,0.17777949438325955,0.8064794311082183,0.010022596850477905,0.0011574074074072738,0.004295518966635072,0.27626198676003705,0.09833938283525147,0.1158462688319402,0.0,0.9999999987499999,0.6706872656562625,0.3080163352187821,0.268564995907235,0.4106618383311498,surprised,08,04,04,female,strong,418
20,0.6673333333333333,True,1.0,0.7681999146204943,0.7802377378955768,0.7742188262580356,1.5395452871221726,-0.09194444444444433,-0.08921296296296294,0.3459080011561092,0.6860888802734313,0.19930593835407734,0.502887984351055,0.012037823275082515,0.0027314814814813904,0.007685275227244067,0.17153716445299114,0.09708851830116562,0.11738451207592122,0.0,0.9999999987499999,0.6658015884556947,0.30897445624391745,0.2857367595681735,0.4189736926764684,surprised,08,04,04,female,strong,418
30,1.0010000000000001,True,1.0,0.8692215036697043,0.9020019121260989,0.8856117078979016,1.2155544207687903,-0.08736111111111106,-0.0860185185185186,0.38341643364590894,0.49377016336149443,0.2007130709184253,0.7285660705653861,0.03278040845639463,0.001342592592592451,0.009021517974400078,0.18279442673750707,0.09138195835101381,0.11790692541102209,0.0,0.9999999987499999,0.6807483281672044,0.3120649865858777,0.2877848527265966,0.42885351448029246,surprised,08,04,04,female,strong,418
40,1.3346666666666667,True,1.0,0.8138168615128768,0.8239438002036437,0.8188803308582602,0.8130519095824674,-0.07986111111111105,-0.07916666666666666,0.4239187358041326,0.25492841992329723,0.19655922022996586,1.0071685721503143,0.010126938690766862,0.0006944444444443865,0.011693374408795396,0.2669370211688204,0.10374154769703248,0.11590383073784521,0.0,0.9999999987499999,0.6433297040691277,0.29080105731428285,0.30836700235878345,0.4203687411499865,surprised,08,04,04,female,strong,418
50,1.6683333333333334,True,1.0,0.8359781065467745,0.8293552453172853,0.8326666759320299,1.012815317523451,-0.08685185185185185,-0.08810185185185182,0.46536733027501453,0.22507007056076725,0.20141957250238088,0.8221308085743382,0.006622861229489185,0.0012499999999999734,0.013115571435724883,0.23611111111111116,0.09354532227720914,0.11879242910581048,0.0,0.9999999987499999,0.6777143220335009,0.31547257503329124,0.30792755253067017,0.4491544848317119,surprised,08,04,04,female,strong,418
60,2.0020000000000002,True,1.0,0.8513798641768228,0.8285569308522254,0.839968397514524,0.8055240230092998,-0.08814814814814814,-0.08569444444444446,0.45096579761814864,0.21735496172689933,0.20489834951687996,1.0427602076677316,0.022822933324597394,0.00245370370370368,0.008556674366112571,0.294631113470913,0.09236613750153591,0.11891318445928373,0.0,0.9999999987499999,0.679485407397334,0.31228615362416967,0.30434242164656133,0.4424887260109233,surprised,08,04,04,female,strong,418
70,2.3356666666666666,True,1.0,0.8026996667763081,0.829629629629629,0.8161646482029685,0.9636493610551831,-0.0858796296296297,-0.08694444444444438,0.4252113595181395,0.393553859202714,0.18958695516515212,0.8469518905811126,0.026929962853320943,0.0010648148148146852,0.003676688002107375,0.2776113565055327,0.09459021504093325,0.11747658451420764,0.0,0.9999999987499999,0.6824694661302022,0.3072543295143322,0.2983132129765107,0.4466927935175706,surprised,08,04,04,female,strong,418
80,2.6693333333333333,True,1.0,0.567177389372895,0.5974205755891525,0.5822989824810237,0.9419035533869079,-0.08837962962962964,-0.08944444444444444,0.4357904300830455,0.31174702643248203,0.19028780153576583,0.6182150819870954,0.030243186216257545,0.0010648148148147962,0.014150315626470242,0.25351317081005076,0.09613858695196283,0.11621285982849365,0.0,0.9999999987499999,0.6842031587478742,0.30759781181929735,0.28266388493110317,0.4289456735962077,surprised,08,04,04,female,strong,418
90,3.003,True,1.0,0.8401202130083449,0.887714710057489,0.863917461532917,0.8822375535307477,-0.08277777777777773,-0.08287037037037032,0.43947694805093873,0.3208020050125322,0.1958430727437406,0.9792345135111139,0.04759449704914409,9.259259259258856e-05,0.015424624811557052,0.272717368237729,0.09402254451469222,0.11712086951365851,0.0,0.9999999987499999,0.6794773808976715,0.31005311122441315,0.283457445650673,0.43466818621008885,surprised,08,04,04,female,strong,418
100,3.336666666666667,True,1.0,0.8349499840552991,0.8422482505229193,0.8385991172891092,0.8684526882110195,-0.0769907407407408,-0.07648148148148154,0.4333345191226713,0.318884971452484,0.18958977209762073,0.9656244130196573,0.007298266467620218,0.0005092592592592649,0.010476121462038484,0.27246093750000105,0.10734274157704675,0.11525279037811001,0.0,0.9999999987499999,0.6476981166685425,0.2855588647173943,0.30854142410260216,0.42019655581974075,surprised,08,04,04,female,strong,418
0,0.0,True,1.0,0.7069454968358694,0.7219494021375292,0.7144474494866992,0.965555725834012,-0.07425925925925919,-0.07296296296296295,0.3776222980252261,0.413793103448277,0.18682025786964923,0.7399339368730743,0.015003905301659848,0.0012962962962962399,0.005544600757115924,0.259404304840997,0.09691387172784509,0.11622467013259348,0.0,0.9999999987499999,0.6652373218896934,0.30994478065309,0.2704207647794114,0.4111447641244773,surprised,08,04,04,female,strong,419
10,0.33366666666666667,True,1.0,0.6929049183440243,0.7207100252085238,0.706807471776274,0.9189164329200672,-0.07467592592592598,-0.07180555555555568,0.38151646201159184,0.3992014011865867,0.18683169220295504,0.7691749178216691,0.02780510686449944,0.002870370370370301,0.007635277351636594,0.26741803278688536,0.09960777130684226,0.11541966862008479,0.0,0.9999999987499999,0.6646251256283762,0.3084909640018118,0.27329391219062227,0.4080984496058399,surprised,08,04,04,female,strong,419
20,0.6673333333333333,True,1.0,0.7762023774184101,0.7964780153523178,0.786340196385364,0.9411089709649932,-0.06888888888888894,-0.06587962962962957,0.38227983243875713,0.41078516150056377,0.1840480909992488,0.8355463826671075,0.02027563793390763,0.003009259259259378,0.008714218803594366,0.2504934140540004,0.10081464897839612,0.11519693701758402,0.0,0.9999999987499999,0.6637130393563675,0.3072410812985257,0.27480578091192104,0.4047498137182675,surprised,08,04,04,female,strong,419
30,1.0010000000000001,True,1.0,0.890717016081261,0.927437555697824,0.9090772858895425,1.241489177651029,-0.08560185185185182,-0.08513888888888888,0.37150899620226924,0.5107392186539048,0.21045292205187743,0.7322474510889982,0.036720539616563075,0.0004629629629629428,0.02332987691736164,0.1855588375647079,0.09224251662493364,0.12044128216331322,0.0,0.9999999987499999,0.662804886931335,0.3106825519416566,0.2867248990781466,0.4223117066391721,surprised,08,04,04,female,strong,419
40,1.3346666666666667,True,1.0,0.839228668232616,0.8389880095977138,0.8391083389151649,0.9831649831649827,-0.08162037037037029,-0.08180555555555552,0.43671547899775226,0.2828282828282828,0.19935186884018483,0.85347663238974,0.00024065863490219108,0.00018518518518523264,0.007615047328067386,0.26198630136986295,0.10413814978622933,0.11847836727900841,0.0,0.9999999987499999,0.6471256429603092,0.2905617820743291,0.32292065275489457,0.41122063939105874,surprised,08,04,04,female,strong,419
50,1.6683333333333334,True,1.0,0.8727985368439697,0.9020786194408892,0.8874385781424294,1.1711964812145088,-0.08717592592592593,-0.08509259259259261,0.4398535594954962,0.34869918552641654,0.20285150821982148,0.7577196417309692,0.0292800825969195,0.002083333333333326,0.01744870821611517,0.22119019488329367,0.09551606435082888,0.11770030512714487,0.0,0.9999999987499999,0.658019131652661,0.31394196172963856,0.29952295746611235,0.437853442695966,surprised,08,04,04,female,strong,419
60,2.0020000000000002,True,1.0,0.78085279922007,0.8000748834108343,0.7904638413154521,0.8339450269162745,-0.08231481481481479,-0.08050925925925928,0.42244145989892357,0.21517619971859656,0.21206798423256434,0.9478608490998439,0.01922208419076432,0.0018055555555555047,0.027356123292739523,0.2830472882046827,0.09737479773636416,0.11828009325254808,0.0,0.9999999987499999,0.6584708999771783,0.3094369893401446,0.2917547731896381,0.42733480405822877,surprised,08,04,04,female,strong,419
70,2.3356666666666666,True,1.0,0.9239428904211986,0.9311684826112905,0.9275556865162445,0.9744668181343181,-0.09009259259259261,-0.08712962962962967,0.38281696012092653,0.4419932930629586,0.2112859526178454,0.9518596931726335,0.00722559219009189,0.002962962962962945,0.02519369215078356,0.24651648766007114,0.09816138578629868,0.11762811753499014,0.0,0.9999999987499999,0.6607095158922945,0.30820874525007463,0.2960668217994109,0.428005556906684,surprised,08,04,04,female,strong,419
80,2.6693333333333333,True,1.0,0.704548037238211,0.7543223881619431,0.729435212700077,0.9502190171936997,-0.08625,-0.08356481481481481,0.4153581058915189,0.3098128510346566,0.2070166909043381,0.7676495623654558,0.04977435092373206,0.0026851851851851793,0.02242894442515065,0.25268380784565336,0.09915724620140509,0.11662661905632817,0.0,0.9999999987499999,0.659708690046331,0.3087769468061006,0.28494754053049226,0.4208129404848125,surprised,08,04,04,female,strong,419
90,3.003,True,1.0,0.848086805775105,0.8719267998052618,0.8600068027901834,0.8538470513886562,-0.07217592592592587,-0.06888888888888894,0.41776193958538527,0.2822739309426872,0.19171482531582354,1.0072141156797452,0.023839994030156797,0.0032870370370369217,0.026880292422729133,0.29072240836639274,0.11034778099670228,0.11389456798566684,0.0,0.9999999987499999,0.6402845996601766,0.2839739675472613,0.29958397190865876,0.40626332474204285,surprised,08,04,04,female,strong,419
100,3.336666666666667,True,1.0,0.8194223758329828,0.8685886993656271,0.844005537599305,0.8379088535259755,-0.06754629629629622,-0.06435185185185188,0.4138728755341154,0.28398527838507104,0.18405430888416377,1.0072760707178043,0.049166323532644274,0.003194444444444333,0.022198767801276588,0.2864666339900043,0.10895850928164806,0.1140610407173663,0.0,0.9999999987499999,0.646368684989621,0.28430730883924415,0.29462102922146827,0.4076604079224332,surprised,08,04,04,female,strong,419
0,0.0,True,1.0,0.6741230950240926,0.7212658296922994,0.697694462358196,0.609199214502277,-0.06726851851851856,-0.07041666666666663,0.42972865268819477,0.2214546129433057,0.17989546661676634,1.1452648751824486,0.04714273466820673,0.0031481481481480666,0.015095195744501355,0.35855813919947704,0.09759868093730469,0.11630729018542521,0.0,0.9999999987499999,0.6632427261295144,0.3156212798584177,0.2663239214064324,0.413952379106097,neutral,01,04,04,female,normal,420
10,0.33366666666666667,True,1.0,0.6860509536101622,0.6986798242605392,0.6923653889353507,0.6197274654934941,-0.06875000000000003,-0.06935185185185183,0.4211726955066246,0.23222707128718428,0.1806163926619766,1.1172094630080893,0.012628870650376989,0.0006018518518517979,0.026204555177350947,0.3456637438728332,0.09727113534195618,0.1165813642910872,0.0,0.9999999987499999,0.6608799064000601,0.31559434459427466,0.26592396999175566,0.41065745649238944,neutral,01,04,04,female,normal,420
20,0.6673333333333333,True,1.0,0.6624020484143129,0.6560653268134274,0.6592336876138702,0.6393980631068037,-0.07111111111111118,-0.07231481481481478,0.3965800167378697,0.2451617046733842,0.18062695257212014,1.0310223406225008,0.006336721600885498,0.0012037037037035958,0.023668166119324534,0.3667343107933758,0.09651186727895435,0.11672204548646477,0.0,0.9999999987499999,0.6616576936321403,0.3149267700941235,0.26432115542585793,0.4112952823713054,neutral,01,04,04,female,normal,420
30,1.0010000000000001,True,1.0,0.5196367153058729,0.5399778895373546,0.5298073024216137,0.9909855383152685,-0.08495370370370364,-0.08500000000000002,0.4076361468173151,0.40201884894930373,0.18334831407780552,0.534626674090841,0.02034117423148174,4.629629629637755e-05,0.014104403754768569,0.2563535297380228,0.10831530764290562,0.11450575504014099,0.0,0.9999999987499999,0.6473446510322879,0.29190189057878,0.30083195929136486,0.3957063901221845,neutral,01,04,04,female,normal,420
40,1.3346666666666667,True,1.0,0.5356762794542493,0.5531918869469251,0.5444340832005872,0.9992873290647607,-0.08500000000000002,-0.08675925925925931,0.38734830569756096,0.4388258706132569,0.1855092249813157,0.5448223622630405,0.017515607492675778,0.0017592592592592937,0.02720991427604361,0.23047802146216784,0.10818131788597968,0.1146323526213025,0.0,0.9999999987499999,0.64654925768745,0.29291869612491644,0.2971525386764332,0.3907199487827126,neutral,01,04,04,female,normal,420
50,1.6683333333333334,True,1.0,0.4375328361525847,0.47709418213966687,0.4573135091461258,0.6245328076341489,-0.08754629629629629,-0.09013888888888894,0.4085000515592468,0.2683272630405904,0.18976072179864673,0.7322489764445167,0.039561345987082164,0.0025925925925926463,0.028796896902656306,0.36871595835693816,0.0962272925756302,0.11711954806782547,0.0,0.9999999987499999,0.6643365934420644,0.31450664054687394,0.2648650606804881,0.40930345510655525,neutral,01,04,04,female,normal,420
60,2.0020000000000002,True,1.0,0.3020054406312505,0.3382949128286864,0.3201501767299685,0.8103833807153046,-0.09083333333333338,-0.09111111111111114,0.39007682640113917,0.3222159050113882,0.19039362020939674,0.39506014603530015,0.03628947219743589,0.0002777777777777657,0.035528970376489256,0.2760983994942245,0.10813110661063204,0.11451346489707727,0.0,0.9999999987499999,0.642029470733606,0.29471217523150645,0.2829386944013751,0.3730387559697644,neutral,01,04,04,female,normal,420
70,2.3356666666666666,True,1.0,0.6481061197960158,0.6322970442252696,0.6402015820106427,0.5553741741362908,-0.07657407407407407,-0.07912037037037034,0.4221814602281929,0.20061031800874846,0.1890346438465569,1.1527392014694853,0.01580907557074629,0.0025462962962962687,0.041515752030282176,0.4131835558627205,0.09615437822098237,0.11619979449087563,0.0,0.9999999987499999,0.6655464077037065,0.3144669472362673,0.27234400270457926,0.4194441918290536,neutral,01,04,04,female,normal,420
80,2.6693333333333333,True,1.0,0.6538233011496154,0.662007063271904,0.6579151822107596,0.5243330049971114,-0.07444444444444437,-0.07652777777777775,0.43938734520279615,0.18752124962663672,0.18693783475525289,1.254765913914544,0.008183762122288551,0.0020833333333333814,0.04141159812045131,0.4378403119332256,0.09653841261731316,0.1167000913351055,0.0,0.9999999987499999,0.6655132888858669,0.3140967811630998,0.2725395377469382,0.42020573821077856,neutral,01,04,04,female,normal,420
90,3.003,True,1.0,0.6693817325000734,0.6783374588075078,0.6738595956537906,0.537678745462818,-0.07495370370370369,-0.07685185185185178,0.43649962493040073,0.18752124962663574,0.18627501398540364,1.2532754945962243,0.008955726307434464,0.0018981481481480933,0.04747623177280196,0.45459190767013874,0.09676477492824036,0.11602087277326194,0.0,0.9999999987499999,0.6667087104373,0.3144391632243427,0.27111425655032184,0.42166326744688676,neutral,01,04,04,female,normal,420
0,0.0,True,1.0,0.6526914872983041,0.6796977938646936,0.6661946405814989,0.5829302137984504,-0.06550925925925927,-0.06620370370370376,0.4223995400354169,0.22746355532402607,0.17222931003000191,1.142837727076259,0.027006306566389582,0.0006944444444444975,0.002711532752867187,0.3978284147905408,0.09807239697721717,0.11623640185940509,0.0,0.9999999987499999,0.6657183126062927,0.31455534517719985,0.2668362337207001,0.4173302227945573,neutral,01,04,04,female,normal,421
10,0.33366666666666667,True,1.0,0.6995758027299103,0.7161718602077459,0.7078738314688281,0.6021426574787409,-0.06731481481481483,-0.06749999999999984,0.4161427401085805,0.23653483149723312,0.1715282225678134,1.1755915690026,0.016596057477835657,0.0001851851851850106,0.0031006656797170234,0.3749663729069577,0.09803293465819797,0.1165969458583132,0.0,0.9999999987499999,0.6651109099968113,0.31411655529613597,0.26690663844269913,0.41341292311241484,neutral,01,04,04,female,normal,421
20,0.6673333333333333,True,1.0,0.501169852799925,0.5435257310686759,0.5223477919343005,0.7371273712737126,-0.07726851851851857,-0.07578703703703699,0.4127443332264811,0.2601626016260154,0.17569487868612613,0.7086262324402828,0.04235587826875087,0.0014814814814815835,0.003041512722408747,0.33146281691976337,0.09593716370034501,0.11800490153866958,0.0,0.9999999987499999,0.6663058984296844,0.31452372022257136,0.264127536568876,0.4067197069142749,neutral,01,04,04,female,normal,421
30,1.0010000000000001,True,1.0,0.652356800261481,0.6382590104468707,0.6453079053541759,1.0013964825322177,-0.08254629629629628,-0.07949074074074075,0.4177234348042622,0.39490452948298227,0.18058259679984476,0.6444080008373851,0.014097789814610295,0.0030555555555555336,0.017275909365681505,0.24599439688995337,0.10788613654814612,0.11474428700384948,0.0,0.9999999987499999,0.6466527055666017,0.2914800407072266,0.3040957430880537,0.40278097938748303,neutral,01,04,04,female,normal,421
40,1.3346666666666667,True,1.0,0.5155516592312562,0.5108624194962613,0.5132070393637588,1.00414498710483,-0.08791666666666659,-0.08310185185185182,0.38105748245481,0.47101701837241683,0.17933691644693356,0.5110885837745873,0.00468923973499491,0.004814814814814772,0.0233691578227108,0.22701764147629913,0.107824001104684,0.11529946438676741,0.0,0.9999999987499999,0.6474660305528461,0.28935621629047,0.2976042013886082,0.3910912383490161,neutral,01,04,04,female,normal,421
50,1.6683333333333334,True,1.0,0.6153222637705322,0.661593568533821,0.6384579161521766,0.6468406963363567,-0.08194444444444454,-0.07833333333333342,0.39169692300391107,0.28542285892292774,0.181492294946645,0.9870404255148767,0.04627130476328878,0.0036111111111111205,0.03687366459217464,0.3467238496922158,0.10759291342579251,0.11435479460895426,0.0,0.9661023925980627,0.6473845350405788,0.28878818476940377,0.29424589780413707,0.3950538535306855,neutral,01,04,04,female,normal,421
60,2.0020000000000002,True,1.0,0.3622999190038208,0.3929330387108345,0.37761647885732763,0.846300219466236,-0.09305555555555556,-0.0891203703703704,0.38796543816176954,0.33996274411825445,0.1848712622643976,0.4461968343757389,0.030633119707013712,0.003935185185185153,0.03545699650342949,0.27638996671591204,0.10718250354133234,0.11457338720734996,0.0,0.9999999987499999,0.6426051487626301,0.29056921576895545,0.2909433078019651,0.38637329399416515,neutral,01,04,04,female,normal,421
70,2.3356666666666666,True,1.0,0.5624316150991331,0.6163906442714575,0.5894111296852953,0.634144872917895,-0.07537037037037031,-0.07212962962962965,0.4315989951038344,0.24117865059012789,0.18065060453086212,0.9294581646197563,0.053959029172324424,0.003240740740740655,0.041261651837991166,0.3724884530938875,0.10839761182386315,0.11392725624410811,0.0,0.9999999987499999,0.6438876348898934,0.2897813596789885,0.29587275210100156,0.39734771777793865,neutral,01,04,04,female,normal,421
80,2.6693333333333333,True,1.0,0.5765718092288192,0.6299872184035863,0.6032795138162028,0.5758607045961488,-0.07638888888888878,-0.07250000000000001,0.4272549642536106,0.21919864974047665,0.17790175989010215,1.0476136138500418,0.05341540917476706,0.003888888888888775,0.043943357154203624,0.3945880174611071,0.1090847655623274,0.11394029874006954,0.0,0.9999999987499999,0.6427836825042518,0.28832650791943437,0.2930032844242424,0.39610580127252126,neutral,01,04,04,female,normal,421
90,3.003,True,1.0,0.6073823175973276,0.6458523907461162,0.6266173541717219,0.5698471540933612,-0.07620370370370366,-0.07245370370370374,0.42247134728047187,0.20122852844524067,0.17722286935101503,1.0996235563704504,0.038470073148788586,0.00374999999999992,0.054347663339842645,0.39574599703484875,0.11114638044663118,0.11260895017216405,0.0,0.9999999987499999,0.6392013127125851,0.2882872384910514,0.29656642737304606,0.39913793673910036,neutral,01,04,04,female,normal,421
100,3.336666666666667,True,1.0,0.5991808888006006,0.6348905797671193,0.6170357342838599,0.5837481789135234,-0.07694444444444437,-0.07240740740740736,0.4199383507722024,0.22188332875797134,0.17727323036547302,1.0570238273501626,0.03570969096651866,0.004537037037037006,0.06116993089040527,0.39256373976489556,0.11132641875667265,0.11260029298210526,0.0,0.9999999987499999,0.6381278928133755,0.28865029665336844,0.29840647221556127,0.4002853024086238,neutral,01,04,04,female,normal,421
0,0.0,True,1.0,0.6780291943462359,0.6903263399267581,0.684177767136497,0.6274372376357841,-0.0634722222222221,-0.06300925925925921,0.4020066370885445,0.24647109690033775,0.1729184315296482,1.0904321995846378,0.012297145580522195,0.0004629629629628873,0.005850693068892848,0.36157471673170904,0.09628811900853046,0.11559560106481852,0.0,0.9999999987499999,0.664733882623362,0.3145719535840273,0.26285178857216424,0.4090450609465603,neutral,01,04,04,female,normal,422
10,0.33366666666666667,True,1.0,0.6934148113750866,0.7059977288978082,0.6997062701364474,0.6423735715271215,-0.0633333333333333,-0.0633333333333333,0.39936631170259224,0.26140873913672147,0.1729171078841008,1.0892513346603414,0.01258291752272156,0.0,0.0029984266666927334,0.3662477344199344,0.09657883938453618,0.11502201848421595,0.0,0.9999999987499999,0.6660760356095564,0.3136455575014109,0.2640813453188735,0.40666984668428113,neutral,01,04,04,female,normal,422
20,0.6673333333333333,True,1.0,0.6968929826695549,0.7088170316859576,0.7028550071777562,0.6517803298139088,-0.06310185185185174,-0.06254629629629621,0.40544257937961653,0.2592308129941673,0.17222266521875434,1.0783617961874208,0.01192404901640265,0.0005555555555555314,0.0017415235281057326,0.3579545454545451,0.09709039009273036,0.11492258698692479,0.0,0.9999999987499999,0.6654797412636929,0.3139262386085407,0.26424737732085474,0.4088840179857918,neutral,01,04,04,female,normal,422
30,1.0010000000000001,True,1.0,0.5958646760788866,0.5916017453547127,0.5937332107167996,1.0342483209628401,-0.07296296296296301,-0.07055555555555554,0.36911661090576686,0.39590789419267425,0.17711822764352925,0.5740722016972286,0.004262930724173941,0.002407407407407469,0.0009191731394002324,0.2285067993672768,0.09561820302197199,0.11565721878161277,0.0,0.9999999987499999,0.6660601432213511,0.3145264392206659,0.2666668166229981,0.41463234041222036,neutral,01,04,04,female,normal,422
40,1.3346666666666667,True,1.0,0.6631163146322917,0.6703514590327374,0.6667338868325146,0.8396025326203249,-0.0813888888888889,-0.07898148148148137,0.38273200013694375,0.3498154104059539,0.18757973565010294,0.7941065693926593,0.007235144400445703,0.0024074074074075247,0.013311387331689982,0.28184371322356133,0.09499174700604665,0.11666324549219721,0.0,0.9999999987499999,0.6671146528220664,0.31441801953507387,0.2677736196737772,0.413016123101303,neutral,01,04,04,female,normal,422
50,1.6683333333333334,True,1.0,0.6282618749965124,0.634733007567077,0.6314974412817946,0.6487536681846002,-0.08513888888888882,-0.08143518518518522,0.3793859275638195,0.2610837932938028,0.19118344241757562,0.9734009567127482,0.006471132570564531,0.003703703703703598,0.025003741869740064,0.357540199210046,0.09633960574670813,0.11604627118213512,0.0,0.9999999987499999,0.6680913258584682,0.3134445330131273,0.26897156783261233,0.41152229290880954,neutral,01,04,04,female,normal,422
60,2.0020000000000002,True,1.0,0.6600257786422697,0.6860509536101623,0.673038366126216,0.8396265535180781,-0.08236111111111105,-0.07949074074074075,0.37592243193979896,0.33266348420960523,0.1925529787018724,0.8015925214682063,0.026025174967892584,0.002870370370370301,0.01975040848884011,0.26798510025791816,0.09569168958491744,0.11658111868958991,0.0,0.9999999987499999,0.6698991666744823,0.31372077320588176,0.2707887872346805,0.4151063848479393,neutral,01,04,04,female,normal,422
70,2.3356666666666666,True,1.0,0.6433429760338536,0.6509191840095886,0.6471310800217212,0.6008251610093035,-0.07935185185185178,-0.0786574074074074,0.406644553662111,0.2564256321217192,0.184815128325867,1.0770705390144282,0.007576207975734994,0.0006944444444443865,0.018170465101190383,0.37358975012493495,0.09582049610896316,0.11647527298048431,0.0,0.9999999987499999,0.6692922128304447,0.31332869503796207,0.2669439980472044,0.41364435586791476,neutral,01,04,04,female,normal,422
80,2.6693333333333333,True,1.0,0.6246954322826355,0.6507109275600841,0.6377031799213597,0.6351091364514695,-0.07712962962962971,-0.0737037037037036,0.3925751452427477,0.2493060123533857,0.18208025521939492,1.0040844058461886,0.02601549527744862,0.00342592592592611,0.018694638376106718,0.3644350384686145,0.09721985874025545,0.11497890181488059,0.0,0.9999999987499999,0.668332850413603,0.31356742403961313,0.26522530743403905,0.41261832376768726,neutral,01,04,04,female,normal,422
90,3.003,True,1.0,0.6322970442252674,0.65508822037204,0.6436926322986537,0.5674469749709357,-0.0735648148148148,-0.07111111111111112,0.4105081724156761,0.2180448173509163,0.18145361677040903,1.1343661358519417,0.022791176146772507,0.00245370370370368,0.02122267956106033,0.4107225878624319,0.09671983103177612,0.11523462645188515,0.0,0.9999999987499999,0.6659835306700805,0.313548648004645,0.2657456804674484,0.41415207783247854,neutral,01,04,04,female,normal,422
0,0.0,True,1.0,0.6858263532749026,0.6912184341179143,0.6885223936964084,0.634752293551143,-0.06884259259259257,-0.07023148148148156,0.401961417863668,0.2803760025653479,0.17782068794340958,1.0847103676371876,0.005392080843011682,0.001388888888888995,0.025124739669681134,0.3277485630257733,0.09543952441178491,0.11547520205780111,0.0,0.9999999987499999,0.6672855655777937,0.313321636796358,0.2640198934467174,0.41344604868353574,neutral,01,04,04,female,normal,423
10,0.33366666666666667,True,1.0,0.37676767165815633,0.3946409833953253,0.3857043275267408,0.645700198284321,-0.07888888888888895,-0.07981481481481473,0.39531502065305196,0.2850899400178018,0.1778052414767488,0.5973427428884011,0.01787331173716894,0.0009259259259257746,0.0278405771855816,0.3529260072223693,0.09695030417338953,0.11603019888653134,0.0,0.9999999987499999,0.6677677549066501,0.31334980378302923,0.2608031962312822,0.40580502870340596,neutral,01,04,04,female,normal,423
20,0.6673333333333333,True,1.0,0.6464646464646454,0.6547449632951995,0.6506048048799224,0.6567404005906714,-0.06722222222222218,-0.06898148148148159,0.38866953668583526,0.30522570187599607,0.17850684503424205,0.9906575022562483,0.00828031683055408,0.0017592592592594047,0.025124739669681134,0.31457149297962317,0.09717260287180922,0.11584409257386977,0.0,0.9999999987499999,0.6675760246520482,0.3134502768675252,0.26527605311258134,0.4157238563408856,neutral,01,04,04,female,normal,423
30,1.0010000000000001,True,1.0,0.36219240843128275,0.4104816471748887,0.38633702780308576,1.102064906632696,-0.0922222222222222,-0.0911111111111112,0.36196212803786276,0.42942241273218595,0.19099179685822754,0.3505574176964941,0.04828923874360597,0.0011111111111110072,0.028436836371517532,0.20066877580609574,0.09498407517411733,0.11780703690364333,0.0,0.9999999987499999,0.6697698351762579,0.31363386383506076,0.26981011898103296,0.4106484859377179,neutral,01,04,04,female,normal,423
40,1.3346666666666667,True,1.0,0.3452695354858026,0.3715231403032744,0.3583963378945385,0.9088337541194064,-0.09157407407407403,-0.09277777777777768,0.37153143162009805,0.40723590663835696,0.1847920093949727,0.3943475209520562,0.0262536048174718,0.0012037037037036513,0.0217173771699308,0.262309451652938,0.10610985724117422,0.11407415478562563,0.0,0.9999999987499999,0.6425144499284089,0.29493842323175806,0.28018116729168396,0.37517892456186364,neutral,01,04,04,female,normal,423
50,1.6683333333333334,True,1.0,0.5897233121605924,0.6323716287740886,0.6110474704673405,0.6613848592342131,-0.08263888888888898,-0.08527777777777779,0.38746498194823964,0.28433043461576374,0.1910297419690029,0.9238909266457114,0.04264831661349622,0.002638888888888802,0.021863788807930686,0.34064820622725356,0.09656072678000929,0.1161907510495465,0.0,0.9999999987499999,0.6680216220316253,0.3126428391972195,0.26783360298556175,0.4141769093830827,neutral,01,04,04,female,normal,423
60,2.0020000000000002,True,1.0,0.6706827622823713,0.7025473768200735,0.6866150695512224,0.9165710717901558,-0.08078703703703705,-0.0824537037037037,0.3568790666124803,0.408098708596063,0.19178167016558628,0.7491127427905769,0.031864614537702174,0.0016666666666666496,0.03237792675222108,0.25620690274240904,0.09552100484462597,0.11704700858687539,0.0,0.9999999987499999,0.6666567944912339,0.3131016727910445,0.26996926877084115,0.4146347533983165,neutral,01,04,04,female,normal,423
70,2.3356666666666666,True,1.0,0.30821484006746996,0.3692471825106327,0.33873101128905136,0.7531568350664628,-0.09226851851851858,-0.09226851851851858,0.3908940317270457,0.3387277146657504,0.1896320210632777,0.4497483067509569,0.061032342443162746,0.0,0.02595752591919541,0.3154546718803813,0.09661618527057067,0.11598048707399189,0.0,0.9999999987499999,0.6679724860725539,0.31318507453128563,0.2649208000288486,0.40774388580519605,neutral,01,04,04,female,normal,423
80,2.6693333333333333,True,1.0,0.6391887364885488,0.6478548276255562,0.6435217820570525,0.7355612046590785,-0.0767592592592593,-0.07796296296296301,0.39056785387501697,0.33720269129098634,0.18692354984541237,0.8748718366071455,0.008666091137007448,0.0012037037037037068,0.041204213795416125,0.32347730659747626,0.09697653671953747,0.1155145359542352,0.0,0.9999999987499999,0.6669695911098814,0.3129206835914665,0.26903908537422644,0.4181840203248034,neutral,01,04,04,female,normal,423
90,3.003,True,1.0,0.665565603186903,0.6532866901449389,0.659426146665921,0.795208513050495,-0.07611111111111113,-0.07819444444444446,0.37737104777965846,0.35048636347065865,0.18695293475881936,0.8292493551613275,0.012278913041964157,0.002083333333333326,0.04036296256620048,0.2891524382596526,0.09647050365506228,0.116101690611594,0.0,0.9999999987499999,0.6678865634925846,0.31284831380094646,0.2681989782707139,0.415503097874847,neutral,01,04,04,female,normal,423
0,0.0,True,1.0,0.5595643968904602,0.5539749195959125,0.5567696582431864,0.5552201135618055,-0.06305555555555553,-0.06773148148148139,0.4226898231792249,0.1347993377657583,0.17622558830844515,1.0027908655387867,0.005589477294547729,0.004675925925925861,0.06717211117522873,0.4210529042468057,0.10914443411268447,0.11405031435434065,0.0,0.9999999987499999,0.6315954067564526,0.2903304170831856,0.28332584499638397,0.39152402368053135,calm,02,04,04,female,normal,424
10,0.33366666666666667,True,1.0,0.6190311904228993,0.5915470863608066,0.6052891383918529,0.5478594388291443,-0.06412037037037044,-0.06949074074074074,0.42857740825343404,0.13282660709046323,0.17777133506120846,1.1048256094399764,0.027484104062092785,0.005370370370370303,0.07149221768785863,0.4136521493492788,0.10882361950930913,0.11418974381142041,0.0,0.9999999987499999,0.632548920239971,0.29117401187957553,0.2805743045755229,0.39071374601557446,calm,02,04,04,female,normal,424
20,0.6673333333333333,True,1.0,0.573989417075432,0.5858369850515249,0.5799132010634784,0.7686775757720531,-0.06759259259259254,-0.0712962962962963,0.4230974870172313,0.2214363053882308,0.17718683679444822,0.7544297106378037,0.011847567976092876,0.0037037037037037646,0.07485143514826596,0.321960458108393,0.10741848231518313,0.11551254222641733,0.0,0.9999999987499999,0.6304853373302446,0.2931623039615221,0.2832942820278205,0.3908705331346136,calm,02,04,04,female,normal,424
30,1.0010000000000001,True,1.0,0.4707268864520763,0.4821965548690976,0.47646172066058695,0.9831858729353383,-0.0817592592592592,-0.08537037037037037,0.4329735878809536,0.35806853099842306,0.17643213684734219,0.48461001503011086,0.01146966841702135,0.003611111111111176,0.043834657082138635,0.25612937594276897,0.10582349694509723,0.11632217956320784,0.0,0.9999999987499999,0.6366418732883778,0.29557962921984743,0.29728610216820184,0.40420034706924035,calm,02,04,04,female,normal,424
40,1.3346666666666667,True,1.0,0.39722762127316824,0.4236401373287436,0.41043387930095593,0.8220564593533192,-0.0858796296296297,-0.0851851851851852,0.4145433575906199,0.35426804455930155,0.1736128689147123,0.49927699567476036,0.026412516055575375,0.0006944444444444975,0.02020100715865462,0.283302712773986,0.10600656860864933,0.11680961076117832,0.0,0.9999999987499999,0.6404039866649786,0.28785071144799496,0.3072688206321421,0.410400871270512,calm,02,04,04,female,normal,424
50,1.6683333333333334,True,1.0,0.4031476129563345,0.48319593451342374,0.44317177373487915,0.9671184661891822,-0.08444444444444438,-0.08166666666666672,0.42166644879850274,0.38653551674486886,0.16672204687006278,0.4582393876534547,0.08004832155708924,0.002777777777777657,0.05580235689787233,0.2632031948175073,0.10560609853452523,0.11765858043158434,0.0,0.9999999987499999,0.6311904162211759,0.29211988523800486,0.3060287772069355,0.40276741054076204,calm,02,04,04,female,normal,424
60,2.0020000000000002,True,1.0,0.5140057561431604,0.5331599497315516,0.523582852937356,0.8683125745623169,-0.08361111111111108,-0.07879629629629636,0.41663931618827726,0.35783810969826085,0.18445181754004797,0.6029889100722444,0.01915419358839121,0.004814814814814716,0.059455502497351785,0.2789675984055779,0.10871636523682843,0.11462476861284959,0.0,0.9999999987499999,0.6375022138933699,0.28984745912393245,0.3098677731247061,0.3997176631503543,calm,02,04,04,female,normal,424
70,2.3356666666666666,True,1.0,0.4442764579994468,0.4559280866831475,0.4501022723412972,0.724337187842843,-0.08398148148148149,-0.07722222222222219,0.4104046989326739,0.22950231894757123,0.18597912006470885,0.6213988179755785,0.011651628683700677,0.006759259259259298,0.06964468379885556,0.3225240392326991,0.09644605958238806,0.11871807524517941,0.0,0.9999999987499999,0.6581430932451104,0.31425545874052413,0.26856477913497934,0.4174042308647956,calm,02,04,04,female,normal,424
80,2.6693333333333333,True,1.0,0.1709609149584446,0.18132737864979914,0.17614414680412188,0.8081818067350313,-0.08018518518518519,-0.07361111111111113,0.4839871442853223,0.17522071538821643,0.1706564769175438,0.21795114086485756,0.01036646369135455,0.0065740740740740655,0.06907077898974731,0.3020131273032078,0.09786076626754675,0.11803984948737224,0.0,0.9999999987499999,0.6563147509081758,0.3146478413034804,0.2823960699331763,0.43731323646663045,calm,02,04,04,female,normal,424
90,3.003,True,1.0,0.38147384240837445,0.4345960093157997,0.4080349258620871,0.7523465571459025,-0.06569444444444439,-0.057870370370370405,0.5032697573611365,0.11181472833378894,0.1708548569322678,0.5423496950793608,0.05312216690742527,0.007824074074073983,0.07707374010599556,0.32359281964991987,0.10872748227190132,0.11544236651323356,0.0,0.9999999987499999,0.6328670754239196,0.288183988900565,0.31149938843341596,0.42219991233884,calm,02,04,04,female,normal,424
100,3.336666666666667,True,1.0,0.20014495381500658,0.2098012771524333,0.20497311548371994,0.7391977824672765,-0.07606481481481481,-0.06865740740740739,0.488614820142343,0.10921544171324901,0.1727335677531237,0.2772913019294587,0.00965632333742672,0.007407407407407418,0.07268321062305869,0.3498066823699276,0.10809352914706008,0.11620025082375791,0.0,0.9999999987499999,0.6320883326142956,0.28794911099061654,0.3085265163566298,0.4127616250740339,calm,02,04,04,female,normal,424
110,3.6703333333333332,True,1.0,0.4861147161111,0.5214500094539749,0.5037823627825375,0.7906532259596185,-0.06351851851851847,-0.05777777777777776,0.4854844971901177,0.14342215092835658,0.17378680346184106,0.6371723357874056,0.035335293342874885,0.005740740740740713,0.0493386015568393,0.3235620640798691,0.10264436648075659,0.11457174809934191,0.0,0.9999999987499999,0.6471726752888656,0.29062058736729357,0.2773994998895824,0.39235695807366466,calm,02,04,04,female,normal,424
0,0.0,True,1.0,0.5978223539096411,0.610693398713396,0.6042578763115185,0.6628205008819594,-0.06884259259259262,-0.07032407407407398,0.43373994050694165,0.2434690401848306,0.1701406825656586,0.9116463288439078,0.012871044803754894,0.0014814814814813615,0.021558684377580305,0.3581768206582578,0.1076226159755574,0.11482568720514813,0.0,0.9999999987499999,0.6410622254214187,0.28936063194249995,0.2848361937792427,0.3902885036001674,calm,02,04,04,female,normal,425
10,0.33366666666666667,True,1.0,0.6236017739141188,0.5913924166806456,0.6074970952973822,0.6393345566773903,-0.0690277777777778,-0.0703703703703703,0.4297134999238424,0.23109976026404785,0.17362209709164386,0.9502021890612846,0.03220935723347318,0.0013425925925925064,0.02344713773234451,0.35944081260692534,0.10908379749205632,0.11360631577548397,0.0,0.9999999987499999,0.6408078820903362,0.2914735005690957,0.2879981979222719,0.39365231307604714,calm,02,04,04,female,normal,425
20,0.6673333333333333,True,1.0,0.6007206710229454,0.5671539999699595,0.5839373354964524,0.9564802452431037,-0.07541666666666663,-0.07638888888888878,0.4425513073063835,0.3143099983759233,0.17782969776269256,0.6105064254077052,0.03356667105298583,0.0009722222222221522,0.031229098257637394,0.25452867003346047,0.1066881988583431,0.11585895771739822,0.0,0.9999999987499999,0.6398010459887079,0.29289502158851527,0.2968760839163517,0.40559638343085297,calm,02,04,04,female,normal,425
30,1.0010000000000001,True,1.0,0.5659873102333813,0.5768473713644743,0.5714173407989278,0.9603568830228907,-0.0869907407407407,-0.08666666666666656,0.4686182650493156,0.2954867420612471,0.1826426484301614,0.5950052016082731,0.010860061131092946,0.00032407407407414324,0.0028480762910988483,0.2527226652398361,0.10527860715402644,0.1169785484052078,0.0,0.9999999987499999,0.6398098794595963,0.2931052760149408,0.31251875126706685,0.4157367775510849,calm,02,04,04,female,normal,425
40,1.3346666666666667,True,1.0,0.443868618863156,0.45599377688845283,0.4499311978758044,0.8026422444795497,-0.07708333333333334,-0.07407407407407407,0.44619500387010114,0.27168385245444043,0.17880705526121798,0.5605625681558156,0.012125158025296845,0.003009259259259267,0.0271561996716944,0.291917035707022,0.10790173576140964,0.11522672051975477,0.0,0.9999999987499999,0.6455721838891807,0.2875580288660331,0.30564631300513784,0.4134044785027223,calm,02,04,04,female,normal,425
50,1.6683333333333334,True,1.0,0.46909405681128225,0.5070001482059228,0.4880471025086025,0.9866969172591152,-0.07481481481481478,-0.07027777777777772,0.45085552088906683,0.32868537050485197,0.1687952051720146,0.49462716865916495,0.03790609139464052,0.004537037037037062,0.05234958056519319,0.25739349853269433,0.10645325345102416,0.11672956129261307,0.0,0.9999999987499999,0.6335759416500977,0.2900294616597786,0.3016387391227851,0.4188351059247926,calm,02,04,04,female,normal,425
60,2.0020000000000002,True,1.0,0.5001959512365971,0.5125243253005024,0.5063601382685498,0.9028893287745176,-0.07268518518518519,-0.06638888888888894,0.42612725324458245,0.3433346180996995,0.17195469028867266,0.5608219325792976,0.0123283740639053,0.006296296296296244,0.050476759512427076,0.2749681255341013,0.10769865759952267,0.11508593727337486,0.0,0.9999999987499999,0.6407819002601041,0.2885416342796921,0.3028376770597256,0.40650914168296215,calm,02,04,04,female,normal,425
70,2.3356666666666666,True,1.0,0.4764673728063937,0.5145673387102285,0.49551735575831113,0.7094380189930255,-0.0793981481481481,-0.07310185185185175,0.4054796344757836,0.24082822957192096,0.1810151288010644,0.698464619166657,0.038099965903834854,0.006296296296296355,0.06306276197676411,0.3463044818190411,0.10867211064719029,0.11416718519210015,0.0,0.9999999987499999,0.6401458263930572,0.2884522842252817,0.2993981067641757,0.39876963214865674,calm,02,04,04,female,normal,425
80,2.6693333333333333,True,1.0,0.41862021019506385,0.4312797525360323,0.42494998136554807,0.8342298826936326,-0.0740277777777778,-0.06847222222222221,0.4596839388168675,0.24249078990792783,0.16921232963351104,0.509391943613232,0.012659542340968444,0.005555555555555591,0.055832992452279954,0.2987867141694668,0.10727708605759609,0.11646469121161061,0.0,0.9999999987499999,0.637874933395233,0.2895723886157293,0.3046778413064402,0.41232177448201296,calm,02,04,04,female,normal,425
90,3.003,True,1.0,0.4489321843051536,0.4736954309178021,0.46131380761147783,0.7551094085361196,-0.06777777777777771,-0.062083333333333324,0.48600924303400117,0.17642766933627754,0.16376613466631762,0.6109231356364586,0.024763246612648504,0.005694444444444391,0.05514067250929356,0.3289753922735277,0.10912478580665229,0.11572727552424852,0.0,0.9999999987499999,0.6369631560592987,0.28953013400871797,0.30972595604066194,0.41615348998062396,calm,02,04,04,female,normal,425
100,3.336666666666667,True,1.0,0.3976593464304077,0.4129255379502956,0.40529244219035165,0.7475296976478367,-0.07083333333333325,-0.0652314814814815,0.487671268734404,0.16894509261295315,0.16511833699705675,0.542175706818923,0.015266191519887895,0.005601851851851747,0.05682548525672841,0.3376056368741424,0.10985261224953118,0.1152021211062718,0.0,0.9999999987499999,0.634573465980142,0.2904093187497082,0.31151220154652454,0.4158169148120908,calm,02,04,04,female,normal,425
110,3.6703333333333332,True,1.0,0.5090130646082963,0.5555966941209614,0.5323048793646288,0.7786469416219585,-0.06745370370370374,-0.06171296296296297,0.4791697171001809,0.20913513231977202,0.16650276319312307,0.6836280359052236,0.04658362951266504,0.0057407407407407685,0.0597824223326637,0.3117537907779549,0.10915257608142778,0.11553628159531647,0.0,0.9999999987499999,0.6368210968059098,0.2905447561013046,0.30992547275821286,0.41794363081386143,calm,02,04,04,female,normal,425
0,0.0,True,1.0,0.6030029607323028,0.6129896726432823,0.6079963166877925,0.6788701535076599,-0.07004629629629622,-0.07055555555555548,0.4085660204157985,0.2960181510828768,0.16458750530379498,0.8956003052223334,0.009986711910979551,0.0005092592592592649,0.012131611301425338,0.34697508432349194,0.10878657282358088,0.11489027425321235,0.0,0.9999999987499999,0.6431139815848214,0.289189745140583,0.2837586916019082,0.3884366954156625,calm,02,04,04,female,normal,426
10,0.33366666666666667,True,1.0,0.5644782714166421,0.5816489501509967,0.5730636107838194,0.679078444978271,-0.06967592592592592,-0.07125000000000004,0.40688425828798175,0.30339630089147707,0.16389307853674054,0.8438842596486127,0.017170678734354627,0.0015740740740741166,0.014393187102981979,0.34704961413871677,0.11115036809172898,0.11327976433747725,0.0,0.9999999987499999,0.6468769100765306,0.2876515633755354,0.2890848755213587,0.3924076392029623,calm,02,04,04,female,normal,426
20,0.6673333333333333,True,1.0,0.5492081204483192,0.5817983538040087,0.5655032371261639,0.6931632616705337,-0.07199074074074069,-0.07254629629629628,0.40709652388048,0.31045806089179867,0.16527962420916562,0.8158297884444896,0.032590233355689446,0.0005555555555555869,0.014393187102981903,0.3287631368620084,0.11022456233842974,0.11434753665861133,0.0,0.9999999987499999,0.6462688593718737,0.28745289420389897,0.2873518653765181,0.3904275362507451,calm,02,04,04,female,normal,426
30,1.0010000000000001,True,1.0,0.5235457727737626,0.5137754406320821,0.5186606067029224,0.9471766848816028,-0.0834259259259259,-0.0820833333333334,0.40239100209036344,0.42258652094717625,0.17366427679865595,0.547585909769047,0.009770332141680438,0.0013425925925925064,0.0034408978162082174,0.2509615384615389,0.10840475505684431,0.11590995822498695,0.0,0.9999999987499999,0.6488098719565951,0.2863427985788206,0.2968148371465938,0.3986784904592673,calm,02,04,04,female,normal,426
40,1.3346666666666667,True,1.0,0.5917029004813442,0.5803081674916238,0.586005533986484,0.917171193028541,-0.09027777777777779,-0.0885185185185185,0.42034363730917157,0.3958212540116034,0.1738855523983381,0.6389271037301849,0.01139473298972038,0.0017592592592592937,0.025742605134155324,0.2488652464438165,0.0926946529649434,0.11768995888187897,0.0,0.9999999987499999,0.6880680509703883,0.31154657339995406,0.2836365668231466,0.42806419153481284,calm,02,04,04,female,normal,426
50,1.6683333333333334,True,1.0,0.28167409898683293,0.2706533866948147,0.2761637428408238,0.9355786564632141,-0.08847222222222223,-0.08490740740740743,0.44662553197944754,0.3180074444505198,0.1732622362702303,0.29517960989491876,0.011020712292018231,0.0035648148148147984,0.03957285732691991,0.26344109780337865,0.10621014221004685,0.11743850809408246,0.0,0.9999999987499999,0.6409908254317352,0.29023186457565475,0.2969508207374072,0.40187664279982693,calm,02,04,04,female,normal,426
60,2.0020000000000002,True,1.0,0.5578875426831117,0.5528502464779748,0.5553688945805433,0.8179248680479272,-0.08050925925925922,-0.0737962962962963,0.4313074005914919,0.3080706243866181,0.1776103237721841,0.6789974437456532,0.005037296205136932,0.006712962962962921,0.04511216738744298,0.2750481822607562,0.10742963433810171,0.11566700207003106,0.0,0.9999999987499999,0.6431266437903286,0.2889098073136208,0.3012392793234705,0.4032387727790278,calm,02,04,04,female,normal,426
70,2.3356666666666666,True,1.0,0.5122035942603642,0.5571925086835412,0.5346980514719527,0.7866283902705654,-0.08027777777777778,-0.0743981481481481,0.4003157005891727,0.2982232272568442,0.18116469180289468,0.679733986321089,0.044988914423176984,0.005879629629629679,0.0543235802626175,0.29044739737735936,0.1083182174488366,0.11516663304047475,0.0,0.9999999987499999,0.6416336292954683,0.2892830567590429,0.2986292914088606,0.3953926540215665,calm,02,04,04,female,normal,426
80,2.6693333333333333,True,1.0,0.5501855628922225,0.5807210158670587,0.5654532893796407,0.8341181514040236,-0.07874999999999999,-0.0729629629629629,0.46709880028854,0.2672037495119816,0.17348754283049003,0.6779055082638418,0.030535452974836175,0.0057870370370370905,0.05416623074290871,0.2906643311592668,0.1073068915771529,0.11708989837800314,0.0,0.9999999987499999,0.6421951686455831,0.29028031017222716,0.3103575935877146,0.41654159560919024,calm,02,04,04,female,normal,426
90,3.003,True,1.0,0.48391308149849876,0.5160871066788183,0.5000000940886585,0.7311526286908241,-0.07601851851851843,-0.07078703703703704,0.4876026881467326,0.1764276693362755,0.17213561912529418,0.6838518723292303,0.03217402518031953,0.005231481481481393,0.05776625935863725,0.3310885535088836,0.10852508044449403,0.115797306744889,0.0,0.9999999987499999,0.6407646676873874,0.2891288618214938,0.3082543885692127,0.4105665678008663,calm,02,04,04,female,normal,426
100,3.336666666666667,True,1.0,0.4839130814984994,0.5331639679350552,0.5085385247167773,0.7717460429774214,-0.07824074074074067,-0.07259259259259254,0.47239010382931323,0.22253343306194137,0.17262045918350175,0.6589454255635948,0.049250886436555785,0.005648148148148124,0.0669792801716042,0.30406354373287103,0.10963974488007237,0.11440991120973368,0.0,0.9999999987499999,0.6370096585352891,0.2898815083274511,0.30992998957081697,0.4123527515136636,calm,02,04,04,female,normal,426
0,0.0,True,1.0,0.6948255808586551,0.6875336165666917,0.6911795987126734,0.5818612620309042,-0.06592592592592589,-0.0666666666666666,0.42417537971973723,0.2340755774438277,0.17013933730985414,1.187876979986963,0.0072919642919634375,0.0007407407407407085,0.016102794658240698,0.3984627731908092,0.10761739747938892,0.11499637219906847,0.0,0.9999999987499999,0.6436149108862295,0.29175130809896604,0.28937958322719287,0.4078793755910838,calm,02,04,04,female,normal,427
10,0.33366666666666667,True,1.0,0.74474591220385,0.7400946840425736,0.7424202981232118,0.5877489397280629,-0.06745370370370368,-0.06754629629629627,0.4284501089533349,0.2238842799844996,0.1729171078841008,1.263158889689723,0.004651228161276388,9.259259259258856e-05,0.01942000121631881,0.3749663729069568,0.1085944579321066,0.11357201117852393,0.0,0.9999999987499999,0.6428478993394234,0.29021838737667993,0.29382742507558957,0.4024302374001639,calm,02,04,04,female,normal,427
20,0.6673333333333333,True,1.0,0.748272827339672,0.723563887715881,0.7359183575277766,0.5648687989139678,-0.06662037037037033,-0.06805555555555554,0.43373205816523663,0.20663987019455632,0.17639278163936423,1.3028128991062586,0.02470893962379106,0.001435185185185206,0.01787497441172547,0.39782841479054193,0.10942384089427708,0.11411666241676635,0.0,0.9999999987499999,0.6419949195146808,0.29045016470609647,0.2999545611199645,0.41114170498444136,calm,02,04,04,female,normal,427
30,1.0010000000000001,True,1.0,0.7619047619047625,0.7163690541834216,0.739136908044092,0.9010726117217593,-0.07685185185185184,-0.07708333333333334,0.4233877299088707,0.3166732790279782,0.1868092312425576,0.8202856223004688,0.04553570772134097,0.00023148148148149916,0.012811955391442533,0.246503609556339,0.10365550814189567,0.11825818193967602,0.0,0.9999999987499999,0.6408661281153086,0.2947251505057236,0.3093665230192274,0.40376809864186863,calm,02,04,04,female,normal,427
40,1.3346666666666667,True,1.0,0.673171193339932,0.6825479378314736,0.6778595655857028,0.8467369645573619,-0.05518518518518517,-0.05759259259259264,0.4337907815879324,0.28675080210601356,0.15972652116233096,0.800555064866052,0.009376744491541578,0.002407407407407469,0.008190009293676012,0.2902747985422366,0.10504672794736389,0.11815826058488835,0.0,0.9999999987499999,0.636779196061237,0.2943295293695939,0.3238222668639542,0.41825621378074757,calm,02,04,04,female,normal,427
50,1.6683333333333334,True,1.0,0.668566921490609,0.6579942380954288,0.6632805797930189,0.9218106995884773,-0.07620370370370366,-0.07671296296296298,0.4483095425596219,0.28971193415637864,0.18546644821245542,0.7195409861147483,0.010572683395180249,0.0005092592592593204,0.001995351814461653,0.25753937681885664,0.1062052331411727,0.11792861310178634,0.0,0.9999999987499999,0.640208637415904,0.29462224458824177,0.32434877261758727,0.42015123486946576,calm,02,04,04,female,normal,427
60,2.0020000000000002,True,1.0,0.3952843874806303,0.4323881175662485,0.41383625252343936,0.8098128115390831,-0.07476851851851846,-0.0722222222222223,0.43819913976725794,0.2968139951826426,0.1674777716962632,0.5110270504821062,0.037103730085618236,0.0025462962962961577,0.021540656457463253,0.304017908825649,0.10289432137431338,0.12019589083284186,0.0,0.9999999987499999,0.6439498926445579,0.2903053862252917,0.29467731299972094,0.3908793708595434,calm,02,04,04,female,normal,427
70,2.3356666666666666,True,1.0,0.5663820657843442,0.5986317204856709,0.5825068931350076,0.799734617849323,-0.08027777777777789,-0.07796296296296301,0.41820176190399483,0.26637076103023744,0.1899696745290374,0.7283752386529265,0.03224965470132668,0.0023148148148148806,0.04782587843803436,0.3136224200784692,0.10572323824843255,0.1180385459665707,0.0,0.9999999987499999,0.6429723517453857,0.2910038582295534,0.3043635750729405,0.39555211690357683,calm,02,04,04,female,normal,427
80,2.6693333333333333,True,1.0,0.5280389914879837,0.5750659333822075,0.5515524624350956,0.8093061151121304,-0.07587962962962957,-0.07245370370370363,0.46690796451637634,0.19263526127607916,0.1811331042748424,0.6815127825380107,0.04702694189422374,0.0034259259259259434,0.04782196410886669,0.3035634238150221,0.10940139438753714,0.11579535387440054,0.0,0.9999999987499999,0.6433882394207684,0.2906453673175648,0.31119976497886925,0.41457744340310604,calm,02,04,04,female,normal,427
90,3.003,True,1.0,0.5052551229152198,0.542094865201127,0.5236749940581734,0.7572954585920642,-0.07657407407407402,-0.07222222222222224,0.4782697675406014,0.16786020966999154,0.17991625686276083,0.6915068459961066,0.03683974228590725,0.0043518518518517735,0.06373996045467872,0.3258600706959958,0.10552493797437427,0.113948612406578,0.0,0.9999999987499999,0.6430460527726717,0.2913893804963528,0.30218092176836947,0.4053387092127851,calm,02,04,04,female,normal,427
100,3.336666666666667,True,1.0,0.5180221777668492,0.5560508630823546,0.5370365204246019,0.7971581947115947,-0.07703703703703701,-0.0700925925925926,0.4518229421253157,0.21713589570218791,0.17981318257036952,0.6736887659028549,0.038028685315505406,0.00694444444444442,0.0882326127474279,0.3087863340109533,0.1070240220890086,0.11422213872606447,0.0,0.9999999987499999,0.6402773719722263,0.2912292329362515,0.308663101793901,0.4134002779546264,calm,02,04,04,female,normal,427
0,0.0,True,1.0,0.56715399996996,0.5863924434144153,0.5767732216921877,0.7034630694514432,-0.0721296296296296,-0.0728240740740741,0.3939452042161195,0.35898387307698937,0.15982966103635318,0.8199054744152418,0.019238443444455355,0.0006944444444444975,0.021659043990093912,0.3355649297848372,0.10762380463410869,0.11482457310056089,0.0,0.9999999987499999,0.6456154113364095,0.28845052853392655,0.2848594551966333,0.39543505407609286,calm,02,04,04,female,strong,428
10,0.33366666666666667,True,1.0,0.48281095618502895,0.4958947938078279,0.48935287499642843,0.684924436881545,-0.07976851851851852,-0.07740740740740742,0.393167970197463,0.3571116652359868,0.16047420378119986,0.7144625722867296,0.013083837622798966,0.0023611111111110916,0.027275259861439836,0.33631640564873616,0.1095316025882637,0.11367853683403344,0.0,0.9999999987499999,0.6441825049003976,0.2868007455380556,0.2872221517977816,0.39152758813521266,calm,02,04,04,female,strong,428
20,0.6673333333333333,True,1.0,0.5765963282987342,0.5771695992599642,0.5768829637793492,0.774385576522817,-0.07898148148148149,-0.0722222222222223,0.39913603512493817,0.3861675536055622,0.15882598793788263,0.7449557187902396,0.0005732709612300546,0.006759259259259187,0.06388430668968068,0.2953155301549098,0.10917816900100492,0.1131794565208887,0.0,0.9999999987499999,0.6455026341005151,0.28625111709320095,0.29255003311237493,0.3973987424745759,calm,02,04,04,female,strong,428
30,1.0010000000000001,True,1.0,0.5101307646998546,0.5075058168737993,0.5088182907868269,0.898539799651807,-0.08634259259259258,-0.07726851851851851,0.4243458395952258,0.3696527155192881,0.16716357154864311,0.5662724021618175,0.0026249478260553794,0.009074074074074068,0.10025865000210855,0.2637135988743716,0.11036538929435336,0.11471096709232324,0.0,0.9999999987499999,0.6355756762157988,0.2899124278484938,0.30840114162106563,0.4116145319104048,calm,02,04,04,female,strong,428
40,1.3346666666666667,True,1.0,0.4258790037432126,0.39249626727693676,0.40918763551007464,0.7411623921328546,-0.08430555555555563,-0.0784259259259259,0.41944995490325526,0.3288773312191502,0.16623343781538502,0.5520890426355134,0.03338273646627582,0.0058796296296297346,0.10244111154159,0.3161561287880652,0.10490048879595576,0.115187247748472,0.0,0.9999999987499999,0.6439885038077731,0.2859763167988882,0.29847573699307967,0.4107782632167097,calm,02,04,04,female,strong,428
50,1.6683333333333334,True,1.0,0.49587338500829564,0.45257034534150303,0.47422186517489934,1.2373450760880502,-0.08898148148148155,-0.08064814814814825,0.3903312301846767,0.5531886003141778,0.16561203894116572,0.3832575684336852,0.04330303966679261,0.008333333333333304,0.09327107034935692,0.20091292587372245,0.10875505254906323,0.11640261001272942,0.0,0.9964839171483828,0.6413080054287341,0.2881160103859518,0.299033864474786,0.3967520902091206,calm,02,04,04,female,strong,428
60,2.0020000000000002,True,1.0,0.3324171457272072,0.3522433187903625,0.3423302322587849,0.602387442612683,-0.08398148148148149,-0.0795833333333334,0.4243529690644445,0.2316699935320732,0.16186701562843742,0.5682891243117977,0.019826173063155317,0.0043981481481480955,0.11041465083367391,0.410414470297336,0.10724045718975801,0.11633476645779207,0.0,0.9999999987499999,0.6354570158063226,0.28692391478075296,0.30296737362596965,0.40620453340048446,calm,02,04,04,female,strong,428
70,2.3356666666666666,True,1.0,0.43956777843732386,0.43779840869887227,0.4386830935680981,0.7820856670007471,-0.08175925925925925,-0.0750925925925926,0.39415620124861445,0.3331521339356197,0.16833833245693836,0.5609143755957351,0.0017693697384515983,0.006666666666666654,0.09504904893955578,0.32247663344242633,0.10980426842000729,0.11508276940778897,0.0,0.9999999987499999,0.6499228303821528,0.28480360388695597,0.30180948302621613,0.41202253492066604,calm,02,04,04,female,strong,428
80,2.6693333333333333,True,1.0,0.49636580804514824,0.4571141791465512,0.47673999359584973,0.7980168306966144,-0.0868518518518519,-0.07907407407407413,0.3973559142475659,0.38319547175947577,0.16441183047457383,0.5974059383931641,0.03925162889859701,0.007777777777777772,0.0712223589974891,0.29974469508507157,0.09435037711921816,0.11847608520473234,0.0,0.9999999987499999,0.6910791501444327,0.3070495325180062,0.27836186531845225,0.4379536802834174,calm,02,04,04,female,strong,428
90,3.003,True,1.0,0.5310023863643665,0.5126797918331523,0.5218410890987594,0.8090021587580012,-0.08018518518518514,-0.07888888888888884,0.4444025062460136,0.37134525320039463,0.16268769208594117,0.6450428882660856,0.01832259453121421,0.0012962962962962954,0.009642745010972687,0.3043032786885242,0.10822355228120774,0.11607916293031048,0.0,0.9999999987499999,0.6507342478397609,0.28480891216967524,0.30939382278050714,0.4429116523032806,calm,02,04,04,female,strong,428
100,3.336666666666667,True,1.0,0.5145673387102272,0.513219342614067,0.5138933406621471,0.7778770481603811,-0.07754629629629628,-0.08148148148148149,0.4449163241171599,0.33581975847764134,0.16599474496508415,0.660635690277101,0.0013479960961602089,0.003935185185185208,0.047099287645497014,0.30894219210552953,0.11089242145374033,0.11552847081944703,0.0,0.9999999987499999,0.642375277392207,0.28679289853819084,0.3095068907083685,0.43131000612211384,calm,02,04,04,female,strong,428
110,3.6703333333333332,True,1.0,0.5134167126179802,0.49935390529102347,0.5063853089545018,0.7738220385353902,-0.07611111111111102,-0.08333333333333331,0.4391245070430788,0.3024297699053867,0.16962445256901024,0.6543950465832367,0.014062807326956694,0.0072222222222222965,0.08340311135572123,0.31579715497286237,0.11127211393928074,0.11483146550506877,0.0,0.9999999987499999,0.634670527867397,0.2902817046335118,0.306254122210762,0.4190072273053912,calm,02,04,04,female,strong,428
0,0.0,True,1.0,0.5011698527999264,0.5395583967605849,0.5203641247802557,0.7210349127162762,-0.06930555555555556,-0.06921296296296298,0.4703587067698311,0.1926813033485001,0.16458379689082922,0.7216906083228962,0.038388543960658494,9.259259259258856e-05,0.0026143734662675807,0.3108087693585386,0.10868501798973387,0.1164680039198941,0.0,0.9999999987499999,0.6389757510738671,0.2912472400609728,0.2944799987031078,0.397810082730839,calm,02,04,04,female,strong,429
10,0.33366666666666667,True,1.0,0.5255756428502708,0.5519956446424175,0.5387856437463441,0.7212941370871861,-0.07032407407407404,-0.06518518518518507,0.4816593043328783,0.18604022973560533,0.15997470820647106,0.7469707793856899,0.026420001792146652,0.0051388888888889706,0.05309529981415636,0.30683311237232663,0.11046529999684505,0.11527774465211038,0.0,0.9999999987499999,0.6388019591742947,0.2884397863547738,0.30430381701706216,0.4050250498918227,calm,02,04,04,female,strong,429
20,0.6673333333333333,True,1.0,0.47350720715991007,0.5141089123415028,0.4938080597507064,0.702472784014901,-0.06939814814814821,-0.06291666666666673,0.4762226792271037,0.17214164321491215,0.15799131578156145,0.7029568561053771,0.04060170518159273,0.006481481481481477,0.07908241947811269,0.30875161794741735,0.09389877468257597,0.11442372987407712,0.0,0.9999999987499999,0.6802503938294067,0.3119761981099255,0.28460805492444613,0.4301000032687518,calm,02,04,04,female,strong,429
30,1.0010000000000001,True,1.0,0.44498980661855353,0.47386397074550224,0.45942688868202786,0.9519067166675114,-0.08476851851851852,-0.07504629629629622,0.47504187765528755,0.2664360015063532,0.17398029864685885,0.4826385617809436,0.02887416412694871,0.009722222222222299,0.10310552982802482,0.2578884166527496,0.09242247781553564,0.11479257685756623,0.0,0.9999999987499999,0.672956324717387,0.31419230318030983,0.298549395500329,0.44631620945845457,calm,02,04,04,female,strong,429
40,1.3346666666666667,True,1.0,0.33623470667845984,0.3577076958568355,0.3469712012676477,0.7187378211738147,-0.07527777777777778,-0.06643518518518526,0.4285231329481501,0.2612186196801805,0.1631405976472271,0.48275072084141585,0.021472989178375645,0.008842592592592513,0.09651861836007308,0.3424003392794322,0.10730096309069614,0.11660619520107526,0.0,0.9999999987499999,0.643355004095388,0.287303847849768,0.3014721883542884,0.4257396788051321,calm,02,04,04,female,strong,429
50,1.6683333333333334,True,1.0,0.4385515835896712,0.4382722254582737,0.4384119045239725,1.1813940738874815,-0.08356481481481487,-0.07444444444444437,0.4190838660535268,0.4589051397665476,0.15892312179785328,0.3710970913213907,0.0002793581313975113,0.0091203703703705,0.09996203435566944,0.20992437612544712,0.11117611459674533,0.11475851343924438,0.0,0.9742111595818601,0.6474628253879677,0.289355948156468,0.30404731755082876,0.40289032800448327,calm,02,04,04,female,strong,429
60,2.0020000000000002,True,1.0,0.44933661002338254,0.47935580082513385,0.4643462054242582,0.5370790465811216,-0.08361111111111108,-0.07518518518518524,0.4157343842129187,0.2393307266548568,0.16656690084057127,0.8645770271250423,0.030019190801751305,0.008425925925925837,0.1441787167507154,0.41333123530529786,0.09632492716622915,0.1127274862098399,0.0,0.9999999987499999,0.6696431918236044,0.30806701828970906,0.2743191122128679,0.40042346399439327,calm,02,04,04,female,strong,429
70,2.3356666666666666,True,1.0,0.47270572170425834,0.486801704932318,0.4797537133182882,0.7479499068845286,-0.08217592592592593,-0.07328703703703704,0.4250291689869044,0.25464068536918977,0.17169577145063233,0.6414249255229261,0.01409598322805966,0.00888888888888889,0.12334302498232713,0.2996962978382215,0.094532189286108,0.11255489084816934,0.0,0.9999999987499999,0.6797879023093613,0.30896191354264185,0.2775064909437609,0.4178336202972349,calm,02,04,04,female,strong,429
80,2.6693333333333333,True,1.0,0.5351661382180748,0.6053117854709078,0.5702389618444913,0.8472056089379018,-0.0803240740740741,-0.07620370370370377,0.45178585877753946,0.26908697822134076,0.18556514895392778,0.6730821371206107,0.07014564725283301,0.00412037037037033,0.0740717888266125,0.2907574209694681,0.10721000682819372,0.11570605943816004,0.0,0.9999999987499999,0.6307528042076206,0.2931032118206486,0.3193261135319539,0.42222533644923294,calm,02,04,04,female,strong,429
90,3.003,True,1.0,0.6069122071271412,0.6564609118014549,0.6316865594642981,0.7668959081890176,-0.08078703703703705,-0.08111111111111108,0.4849822195967397,0.10955655831271653,0.19515296339244412,0.8236926976908653,0.049548704674313715,0.0003240740740740322,0.007627170451247215,0.3129028645329173,0.09390120666169152,0.11899262062422213,0.0,0.9999999987499999,0.657383096394808,0.3180902214388571,0.2770517791404701,0.426217516865203,calm,02,04,04,female,strong,429
100,3.336666666666667,True,1.0,0.4337212774822293,0.4364677356813785,0.4350945065818039,0.7640068788393314,-0.07837962962962963,-0.0813888888888889,0.4691141036701093,0.10458803439787182,0.19045451944182107,0.5694902999339396,0.0027464581991492043,0.003009259259259267,0.044619898131785095,0.31467643185191896,0.10721332589261888,0.11684993854539169,0.0,0.9999999987499999,0.634196112484056,0.29188157237760903,0.30102129029625824,0.4156845776105014,calm,02,04,04,female,strong,429
110,3.6703333333333332,True,1.0,0.47717150942272085,0.4699398757090368,0.4735556925658788,0.770540070056725,-0.07319444444444445,-0.07731481481481473,0.4528485179275399,0.1449640614515934,0.18650464509470796,0.614576335440955,0.007231633713684071,0.004120370370370274,0.06541739674524953,0.3233891582912404,0.09606239161873727,0.11627585135066129,0.0,0.9999999987499999,0.657646470908676,0.31773536402064806,0.2769161540581607,0.43030101861120396,calm,02,04,04,female,strong,429
0,0.0,True,1.0,0.5582835404874589,0.5461672179950829,0.5522253792412709,0.5757320219608346,-0.06578703703703703,-0.07037037037037036,0.4316611274303578,0.166666666666666,0.17289470786811584,0.9591708610552796,0.01211632249237593,0.004583333333333328,0.07032483165688612,0.402524231175925,0.10481344602410257,0.11476952680518139,0.0,0.9999999987499999,0.642231591839861,0.2941516152279359,0.2717128771453802,0.3845492077025155,calm,02,04,04,female,strong,430
10,0.33366666666666667,True,1.0,0.595235068974689,0.5973512072519611,0.5962931381133251,0.5772931327420336,-0.06750000000000006,-0.07157407407407412,0.42661080348010694,0.19333333333333375,0.17141114807394464,1.032912231747925,0.002116138277272084,0.004074074074074063,0.0689796436700639,0.3940594071846838,0.10720617119600284,0.11438480244994494,0.0,0.9999999987499999,0.6424759387192377,0.29181172897136304,0.2760868303552258,0.38585849455725885,calm,02,04,04,female,strong,430
20,0.6673333333333333,True,1.0,0.5861213769407325,0.6056714558311308,0.5958964163859317,0.5402272610320873,-0.0794907407407408,-0.07879629629629631,0.46518836900995764,0.20550618173340804,0.16823704975223627,1.103047660437369,0.01955007889039828,0.0006944444444444975,0.017777675931396297,0.3907408523661504,0.09156791123123809,0.1200061593008459,0.0,0.9999999987499999,0.6909949821960034,0.30767814651745784,0.26749831493214954,0.4276859023178467,calm,02,04,04,female,strong,430
30,1.0010000000000001,True,1.0,0.4759294242867394,0.5280959868006495,0.5020127055436945,0.9020240569408873,-0.07490740740740737,-0.0757870370370371,0.451386211255898,0.31922490934232145,0.1604471020911392,0.5565402626247175,0.05216656251391011,0.0008796296296297301,0.08642392524513562,0.24896396013192634,0.09789100546779739,0.11573258583925476,0.0,0.9999999987499999,0.6570799708164515,0.31199842625952967,0.31082042289531747,0.4396902284860953,calm,02,04,04,female,strong,430
40,1.3346666666666667,True,1.0,0.5027283402114486,0.4539210912893488,0.4783247157503987,0.8224244263128304,-0.0794907407407408,-0.07870370370370366,0.45241224675985764,0.3214420493057071,0.16253760791109262,0.5816032457776923,0.04880724892209981,0.0007870370370371416,0.053210606226756274,0.2780406411772911,0.10601518844616821,0.11826069973097368,0.0,0.9999999987499999,0.6420228099677372,0.2935845079051035,0.31934047037357716,0.42603774246080733,calm,02,04,04,female,strong,430
50,1.6683333333333334,True,1.0,0.48210545411286837,0.5087698939048925,0.4954376740088804,0.8586278146550804,-0.07490740740740748,-0.0737962962962963,0.4817640673916468,0.25383291377118,0.16319444444444442,0.5770109767616867,0.026664439792024097,0.0011111111111111738,0.03465611928213711,0.2803488371265694,0.10289799162169712,0.12003413229782905,0.0,0.9999999987499999,0.6389093649725515,0.2934468910946266,0.29913892184282037,0.4032701022219429,calm,02,04,04,female,strong,430
60,2.0020000000000002,True,1.0,0.5052739586662245,0.552268414299614,0.5287711864829192,0.6989691285944827,-0.08305555555555555,-0.07976851851851852,0.42746088392770054,0.1677762019912165,0.1924012633037443,0.7565014889086663,0.046994455633389554,0.0032870370370370328,0.042710834568309534,0.3540803368513113,0.10449374886448091,0.11960714748761289,0.0,0.9999999987499999,0.6353417132790616,0.28989647712799915,0.30199503949112716,0.4059865881964401,calm,02,04,04,female,strong,430
70,2.3356666666666666,True,1.0,0.3766552311930066,0.4214490789406772,0.3990521550668419,0.705180744544681,-0.08736111111111111,-0.08444444444444443,0.4248056570880667,0.15897267167107146,0.19668300026825294,0.5658863463784745,0.04479384774767059,0.0029166666666666785,0.04479272328258243,0.33311710540636835,0.09586464801666889,0.11757871229106588,0.0,0.9999999987499999,0.6596642321069054,0.31484221955641684,0.2782079530001587,0.4174413174939761,calm,02,04,04,female,strong,430
80,2.6693333333333333,True,1.0,0.5130017557851861,0.5483625791262106,0.5306821674556983,0.8532181518348699,-0.08124999999999999,-0.07569444444444451,0.45661501714748265,0.2566587959001134,0.1806383565817011,0.6219771184127426,0.03536082334102442,0.00555555555555548,0.08037582352555099,0.2820904921394976,0.10682870950593805,0.11473740889502018,0.0,0.9999999987499999,0.6281502843402985,0.2923391254497118,0.29947948567026206,0.40621350866226025,calm,02,04,04,female,strong,430
90,3.003,True,1.0,0.2940408689730518,0.3121459517765506,0.3030934103748012,0.7754423859786459,-0.07384259259259263,-0.06782407407407409,0.4976158812179355,0.1533147320376732,0.16732637177635887,0.39086515756071627,0.018105082803498762,0.006018518518518534,0.07065224429319569,0.31378811660845124,0.09563669526050918,0.11760230820640512,0.0,0.9999999987499999,0.6642800796256003,0.31413592369927396,0.2812673565196244,0.43808948033350725,calm,02,04,04,female,strong,430
100,3.336666666666667,True,1.0,0.44076539136916676,0.49216981642158164,0.4664676038953742,0.7779386910032481,-0.06736111111111115,-0.06282407407407414,0.4990415369178706,0.16227436693262612,0.16805305023707928,0.5996200077075567,0.05140442505241488,0.004537037037037006,0.04714934070338807,0.33078956041957214,0.10874373205783684,0.11624941231346544,0.0,0.9999999987499999,0.6461678656697054,0.29212205363156596,0.3046494447440185,0.41217815293000304,calm,02,04,04,female,strong,430
110,3.6703333333333332,True,1.0,0.4261105383635467,0.4259154068884031,0.42601297262597493,0.7827233286768132,-0.06402777777777768,-0.064537037037037,0.5003667782599256,0.16929990959403213,0.1680573714677488,0.5442701872015826,0.00019513147514355067,0.0005092592592593204,0.030606714398169914,0.31188948429490293,0.09480566186096659,0.11955500171548415,0.0,0.9999999987499999,0.666345141845801,0.31493527666695903,0.27579100049300576,0.4421036919435063,calm,02,04,04,female,strong,430
0,0.0,True,1.0,0.6394995492024026,0.636997972683105,0.6382487609427538,0.8197071625368261,-0.07180555555555562,-0.07435185185185184,0.43008770077655456,0.24573942393083578,0.1868745647217282,0.7786302110225614,0.0025015765192976103,0.0025462962962962132,0.0309178431652907,0.31316923970059474,0.10666036112117003,0.1153903175402658,0.0,0.9884895063533834,0.637968147102591,0.2879192867337392,0.29342915283565535,0.4081831232884725,calm,02,04,04,female,strong,431
10,0.33366666666666667,True,1.0,0.40111121668428984,0.4447483926373747,0.4229298046608323,0.8405977145747516,-0.08069444444444451,-0.08361111111111114,0.4312377981585662,0.24388395455933937,0.1855092249813157,0.5031298531126598,0.04363717595308486,0.002916666666666623,0.03350774085960777,0.2851942416317938,0.09639998395339336,0.11697744855070949,0.0,0.9999999987499999,0.6614751004933224,0.31632886497917,0.26951471277503347,0.41776016774049246,calm,02,04,04,female,strong,431
20,0.6673333333333333,True,1.0,0.5517241379310353,0.5821020992919949,0.566913118611515,0.9416254634724266,-0.0830555555555555,-0.0827314814814814,0.43627742582564494,0.3580829227289508,0.1757795353139963,0.6020579737944989,0.030377961360959604,0.0003240740740740877,0.007274038346124369,0.24600211688036527,0.10710047525878016,0.11760318608256916,0.0,0.9999999987499999,0.6425101871608019,0.28794574535715795,0.2974837161865282,0.4080093494779782,calm,02,04,04,female,strong,431
30,1.0010000000000001,True,1.0,0.5497592782833421,0.5589982403870941,0.5543787593352181,0.8455256719287213,-0.08787037037037038,-0.08388888888888885,0.42908828135286753,0.3434307508475653,0.17718683679444816,0.655661652555894,0.009238962103751969,0.00398148148148153,0.07523781038935011,0.26976345686102915,0.10682182591326413,0.11785634766983605,0.0,0.9999999987499999,0.6362491629620599,0.286070986108749,0.30202556106788064,0.39621738886743524,calm,02,04,04,female,strong,431
40,1.3346666666666667,True,1.0,0.6035052495106196,0.6796165894782109,0.6415609194944152,0.9964993169152135,-0.08754629629629629,-0.08578703703703705,0.4070846461107384,0.27916834846049876,0.20365362200342008,0.6438147107621168,0.07611133996759134,0.0017592592592592382,0.06640701677922585,0.24448676704040737,0.09802944381568263,0.11594445401482234,0.0,0.9999999987499999,0.632229830596301,0.32065948998565336,0.305062472429311,0.4329970483698466,calm,02,04,04,female,strong,431
50,1.6683333333333334,True,1.0,0.5615417018759262,0.580182923479188,0.5708623126775572,0.7912988406760713,-0.08268518518518508,-0.08180555555555552,0.4418725779834384,0.14269323356453706,0.20347222222222222,0.7214244269457325,0.01864122160326176,0.0008796296296295636,0.026039922135836228,0.30430327868852464,0.10645672583841757,0.11850820476230865,0.0,0.9999999987499999,0.6241907785536089,0.29014006528378755,0.3123439674907743,0.4050109806173613,calm,02,04,04,female,strong,431
60,2.0020000000000002,True,1.0,0.6081445674502695,0.5797442302571264,0.5939443988536979,0.8500974816241967,-0.0642592592592593,-0.06736111111111115,0.45098939440873537,0.15442303198118507,0.18194444444444446,0.6986779889277019,0.028400337193143055,0.0031018518518518556,0.0242100716554752,0.29955884093198054,0.1020757965799127,0.12089179168281222,0.0,0.9999999987499999,0.6319607754117271,0.291743300220687,0.3225133860578807,0.4202918836146592,calm,02,04,04,female,strong,431
70,2.3356666666666666,True,1.0,0.5935057621939579,0.6065720548946857,0.6000389085443218,0.9259519672263927,-0.08486111111111111,-0.08402777777777787,0.4718426831145415,0.2469135802469137,0.1973768985837036,0.648023795814901,0.013066292700727788,0.0008333333333332416,0.00034717471472679463,0.2849919847131429,0.09204906117316745,0.12058919794181565,0.0,0.9999999987499999,0.6680703851775086,0.3123897748325336,0.29415808857415493,0.45127310054563985,calm,02,04,04,female,strong,431
80,2.6693333333333333,True,1.0,0.594799383748867,0.6283524904214565,0.6115759370851617,0.7180109997226676,-0.08638888888888879,-0.08300925925925923,0.4457598533276258,0.19581094138127958,0.20170724078207228,0.851764022168718,0.03355310667258948,0.003379629629629566,0.02585561394921389,0.3277602477398323,0.09510697074129563,0.11819242124588578,0.0,0.9999999987499999,0.6677706796312275,0.31224599591362445,0.2863961007757365,0.4250691806008497,calm,02,04,04,female,strong,431
90,3.003,True,1.0,0.5140057561431584,0.5437161939882581,0.5288609750657083,0.8296257506907344,-0.08851851851851855,-0.08611111111111114,0.4842182791238674,0.177685181371486,0.19737689858370355,0.6374693343659913,0.029710437845099746,0.0024074074074074137,0.043293431076822764,0.30260656056219093,0.09578965171677997,0.12051969964501906,0.0,0.9999999987499999,0.6608708097145108,0.3140338709678989,0.2943877276711707,0.4437137370885059,calm,02,04,04,female,strong,431
100,3.336666666666667,True,1.0,0.42945321842245143,0.5014230868639682,0.4654381526432098,0.777180122738635,-0.08592592592592585,-0.08412037037037029,0.48946448592319564,0.12152309634464636,0.1934598085672169,0.5988806700345014,0.07196986844151676,0.0018055555555555602,0.062305540690686965,0.30649586326505573,0.097610281295514,0.11840807647520897,0.0,0.9999999987499999,0.6600271240527461,0.313435015394698,0.2898426306392475,0.44065545747884993,calm,02,04,04,female,strong,431
110,3.6703333333333332,True,1.0,0.5363752872226399,0.5898424922521839,0.5631088897374119,0.800516946734119,-0.08092592592592585,-0.0766203703703704,0.4753336125502119,0.1787107841113697,0.19002107380674496,0.7034315663581335,0.05346720502954394,0.0043055555555554514,0.06979394813519639,0.3063132232411534,0.09751935652509895,0.11896439187470854,0.0,0.9999999987499999,0.6606975148340587,0.31317201088982116,0.28999201244502704,0.44430160309102584,calm,02,04,04,female,strong,431
120,4.0040000000000004,True,1.0,0.4337225276424112,0.4625103137779107,0.44811642071016095,0.8217544269602889,-0.08537037037037032,-0.08013888888888893,0.46428975506826714,0.18345192889194248,0.18938303121371422,0.5453167102096015,0.028787786135499482,0.005231481481481393,0.07277992910463144,0.2983151838510191,0.09727565083708586,0.11803927970438614,0.0,0.9999999987499999,0.6600079419580334,0.31327351019327415,0.28675029572357336,0.4399021392212251,calm,02,04,04,female,strong,431
0,0.0,True,1.0,0.2395967412424793,0.25283318266721266,0.246214961954846,0.6839427445247354,-0.07412037037037039,-0.06921296296296298,0.4616969691114421,0.1454573178712216,0.17185172423239856,0.3599935285897918,0.013236441424733375,0.004907407407407416,0.04344053590756897,0.3511645105900528,0.0960804883155888,0.11707739403123935,0.0,0.9999999987499999,0.665418454459909,0.31326368923243314,0.26545904766036243,0.40643008959434834,happy,03,04,04,female,normal,432
10,0.33366666666666667,True,1.0,0.566361078644461,0.6289900738642568,0.5976755762543589,0.7018643994689064,-0.060185185185185175,-0.055694444444444546,0.45336016915962507,0.1492688004563671,0.16915641164780754,0.8515541986552015,0.06262899521979581,0.004490740740740629,0.042758578705291886,0.3272172738358302,0.09776635254922791,0.11616638317576503,0.0,0.9999999987499999,0.6624195547046943,0.31384560264520517,0.2646814457200406,0.40633212859312684,happy,03,04,04,female,normal,432
20,0.6673333333333333,True,1.0,0.5991808888005997,0.621198178938653,0.6101895338696264,0.7092066484162496,-0.06148148148148136,-0.058101851851851904,0.4641161234776859,0.14545731787122168,0.17046547475841353,0.8603832680252769,0.022017290138053314,0.003379629629629455,0.0467759618810173,0.3254520814259547,0.09716513679287851,0.11683290808044901,0.0,0.9999999987499999,0.6625168681535114,0.31372127955696466,0.2645007754914771,0.4048841305387791,happy,03,04,04,female,normal,432
30,1.0010000000000001,True,1.0,0.5562747235380535,0.6179428081361299,0.5871087658370917,0.9256943160841714,-0.06962962962962965,-0.06467592592592591,0.47493416897060037,0.2097296878451293,0.17656181716245103,0.6342361140561515,0.06166808459807638,0.004953703703703738,0.037353692933155096,0.28024198113203924,0.10695474746394243,0.11577761356113646,0.0,0.9999999987499999,0.6432735202205883,0.29137612014419595,0.3095900292593359,0.41042839838927175,happy,03,04,04,female,normal,432
40,1.3346666666666667,True,1.0,0.46621643418049025,0.5009188861271425,0.48356766015381636,0.8295063393355347,-0.06754629629629627,-0.0637962962962963,0.45199541443188085,0.2203035881592223,0.17788760713328214,0.5829583659856921,0.03470245194665228,0.0037499999999999756,0.021680116500043634,0.29041476876342237,0.10667517159399156,0.11554163634545346,0.0,0.9999999987499999,0.6433744778614571,0.2910753501001424,0.3058325637513386,0.4045059076926865,happy,03,04,04,female,normal,432
50,1.6683333333333334,True,1.0,0.425843449799233,0.4442037854725005,0.4350236176358667,0.9632455072056244,-0.06754629629629627,-0.06444444444444453,0.46192370893648704,0.22177565613973704,0.1792756451513825,0.45162278399602446,0.018360335673267503,0.0031018518518517446,0.021067802532560388,0.26674283441641733,0.1059257748639607,0.117208429170396,0.0,0.9999999987499999,0.6421079813253426,0.2916055690846912,0.3070405940125027,0.4091536133322393,happy,03,04,04,female,normal,432
60,2.0020000000000002,True,1.0,0.5190452303000008,0.5447501745960625,0.5318977024480316,0.8654535729332548,-0.07495370370370374,-0.07087962962962957,0.45661449051725406,0.2417434835717878,0.19202458231349862,0.6145883720201042,0.025704944296061627,0.004074074074074174,0.03865071414281763,0.3091343053854617,0.10701949832226715,0.11637446702804231,0.0,0.9999999987499999,0.6412319353366347,0.29082986827554835,0.3120384465459927,0.40667345972654695,happy,03,04,04,female,normal,432
70,2.3356666666666666,True,1.0,0.46022046989312637,0.4813284163332349,0.4707744431131806,0.863400790364473,-0.07518518518518513,-0.06990740740740742,0.4619295575317036,0.2376769744999965,0.18779639659020517,0.5452559788767967,0.02110794644010855,0.005277777777777715,0.03694103800161003,0.29659270672323373,0.10782347018652137,0.11546508098376174,0.0,0.9999999987499999,0.642481971819978,0.28916092330004856,0.3114425135948395,0.41182080391080267,happy,03,04,04,female,normal,432
80,2.6693333333333333,True,1.0,0.2855591658468071,0.2983814486281012,0.2919703072374541,0.840284921870893,-0.07740740740740737,-0.07231481481481489,0.4857196624643182,0.14777062946437972,0.17749688421866752,0.34746584121417134,0.012822282781294103,0.005092592592592482,0.03902292209824094,0.3059369211876672,0.10726510204224413,0.11614812732471694,0.0,0.9999999987499999,0.639154308817277,0.2900671909892016,0.3059537112903676,0.4085745274489027,happy,03,04,04,female,normal,432
90,3.003,True,1.0,0.5073332748002517,0.5612604087900455,0.5342968417951486,0.812986433559292,-0.06694444444444442,-0.062453703703703733,0.49149846021422317,0.14122011233064055,0.17883137454304232,0.657202653992604,0.05392713398979376,0.004490740740740684,0.035349267243360044,0.31478379014780516,0.10840175447366752,0.11492234454876704,0.0,0.9999999987499999,0.6351968029008479,0.29164019478381414,0.30879879503094093,0.41401625620290405,happy,03,04,04,female,normal,432
100,3.336666666666667,True,1.0,0.24637233735739708,0.23967891100649497,0.243025624181946,0.8091522937980672,-0.07768518518518525,-0.07268518518518513,0.48915691809755046,0.13078046924936676,0.1800853638813106,0.30034596211945697,0.006693426350902115,0.0050000000000001155,0.038802134658739086,0.2951849792951206,0.09726445498742495,0.11707615431721378,0.0,0.9999999987499999,0.6568043423306823,0.3135279823729593,0.2776514315579246,0.4320805675277082,happy,03,04,04,female,normal,432
0,0.0,True,1.0,0.48949088596809337,0.5081038598368114,0.4987973729024524,0.7827023634172502,-0.07143518518518516,-0.06814814814814812,0.48369778163859506,0.13241270737600824,0.17932032420492677,0.6372759253271206,0.01861297386871802,0.0032870370370370328,0.017342664134878033,0.32155896442415266,0.10559078590268642,0.11587766008261387,0.0,0.9999999987499999,0.6383540957164117,0.29322329004182296,0.3034281748814113,0.4125821876477131,happy,03,04,04,female,normal,433
10,0.33366666666666667,True,1.0,0.5688727817945374,0.6017836709089431,0.5853282263517403,0.761777691227843,-0.07291666666666663,-0.06981481481481477,0.4895062234297129,0.13091031722109897,0.18618037767855122,0.7683714462789016,0.03291088911440576,0.0031018518518518556,0.017515473065328,0.3178966050488326,0.09769333246843862,0.11671851997396412,0.0,0.9999999987499999,0.6558948582792492,0.3160487319052401,0.27726284885592145,0.4236859874873925,happy,03,04,04,female,normal,433
20,0.6673333333333333,True,1.0,0.6052874413106071,0.6228184277668735,0.6140529345387402,0.7732138757302071,-0.06805555555555554,-0.0658333333333333,0.4818682341823948,0.12079600711622847,0.18409782819833262,0.7941566412770871,0.017530986456266384,0.0022222222222222365,0.010029629523095527,0.3178966050488314,0.09805859510985263,0.11608403914438857,0.0,0.9999999987499999,0.6547565168176646,0.3154982201990101,0.2766413401710786,0.418011729298727,happy,03,04,04,female,normal,433
30,1.0010000000000001,True,1.0,0.671238250555731,0.6952768331345415,0.6832575418451363,0.9924562807672603,-0.08287037037037043,-0.08050925925925928,0.47302847056463204,0.1899098943037289,0.19938057002093043,0.6884510230686587,0.02403858257881042,0.002361111111111147,0.015115712835723818,0.2711080332551578,0.09495334787836014,0.11815473796013667,0.0,0.9999999987499999,0.6547332901129201,0.3194022738347944,0.29418060510326527,0.4376398907950157,happy,03,04,04,female,normal,433
40,1.3346666666666667,True,1.0,0.7210414114378306,0.7213497762345779,0.7211955938362042,0.769048409465623,-0.07254629629629628,-0.0715277777777778,0.46795369602739134,0.1323771852358856,0.1910297419690029,0.9377765885210405,0.00030836479674722916,0.0010185185185184742,0.007239728607257556,0.32316197484547127,0.0952375309376993,0.11792579478986638,0.0,0.9999999987499999,0.6550882880261479,0.3176888643605547,0.29682956702995406,0.4336671060679867,happy,03,04,04,female,normal,433
50,1.6683333333333334,True,1.0,0.7346621072024981,0.7507006074081262,0.7426813573053122,0.8826728826728827,-0.07685185185185184,-0.0737500000000001,0.46707064339759197,0.16161616161616107,0.20005492409898332,0.8414004461724796,0.016038500205628026,0.0031018518518517446,0.019838686989931114,0.285211267605634,0.09560719530585252,0.11827239902841812,0.0,0.9999999987499999,0.6535715844931723,0.3175146560765157,0.2868868605471027,0.4301470902363246,happy,03,04,04,female,normal,433
60,2.0020000000000002,True,1.0,0.6643817892937267,0.6833995490457141,0.6738906691697204,0.8507250639841204,-0.06458333333333333,-0.05986111111111103,0.4594335719975643,0.18411214071298063,0.1862295453986906,0.7921368462024051,0.019017759751987384,0.004722222222222294,0.012871295541893514,0.3026071092976186,0.09673776417045016,0.1166982663086389,0.0,0.9999999987499999,0.6560931344334608,0.3150127003693421,0.277785356396601,0.41723988206478246,happy,03,04,04,female,normal,433
70,2.3356666666666666,True,1.0,0.6224566024683101,0.6527248929644678,0.6375907477163889,0.8696643277756436,-0.06328703703703686,-0.05986111111111109,0.46966336512679574,0.19256231268749283,0.18691008021618244,0.7331457981577403,0.030268290496157646,0.003425925925925777,0.023928549997738153,0.3056812597893175,0.09760928378060742,0.11662557132151687,0.0,0.9999999987499999,0.6578730437409339,0.31441172788671934,0.28451356618830886,0.43155261383933635,happy,03,04,04,female,normal,433
80,2.6693333333333333,True,1.0,0.47589093493137247,0.5397059973300186,0.5077984661306956,0.7816832848298535,-0.0652314814814815,-0.06004629629629632,0.5109722645261976,0.06793634986833276,0.18414755196368424,0.6496217534461242,0.0638150623986461,0.005185185185185182,0.026111831787094905,0.3207234129470685,0.09697609076893207,0.11731512235441477,0.0,0.9999999987499999,0.6572827339529562,0.3135360839399875,0.2802611507306727,0.43167321859250435,happy,03,04,04,female,normal,433
90,3.003,True,1.0,0.44367711167408075,0.49222039114278476,0.46794875140843273,0.7744557376240762,-0.06134259259259267,-0.057268518518518496,0.5117366326163091,0.07396561877858193,0.17926245206354585,0.6042291749868562,0.048543279468704015,0.004074074074074174,0.02580939695598212,0.3253347603536951,0.09681410077084508,0.11663494445465863,0.0,0.9999999987499999,0.6543654422081332,0.31522277050559844,0.278746983788863,0.43140564277222027,happy,03,04,04,female,normal,433
100,3.336666666666667,True,1.0,0.44040633055737394,0.5080934070157993,0.4742498687865866,0.763381522660477,-0.060833333333333295,-0.05675925925925934,0.5137652652120701,0.0739656187785819,0.17719359312470767,0.6212488181974439,0.06768707645842537,0.004074074074073952,0.0240818654738079,0.3383638007036144,0.09819964646413308,0.11662005592338838,0.0,0.9999999987499999,0.6505176245888981,0.31656132719550373,0.2778958299666042,0.42623941360505846,happy,03,04,04,female,normal,433
0,0.0,True,1.0,0.5843194325452179,0.611733211074505,0.5980263218098614,0.5839274382331089,-0.06013888888888891,-0.06009259259259264,0.4449253249036485,0.10377689713784514,0.18056231624629018,1.024144923929956,0.02741377852928706,4.6296296296266526e-05,0.0008656717244967074,0.3998750585632494,0.10816264480919402,0.11348078446085827,0.0,0.9999999987499999,0.637379521800908,0.28926726078185216,0.27786552270443204,0.3729202532471834,happy,03,04,04,female,normal,434
10,0.33366666666666667,True,1.0,0.7816653661047963,0.810751422233438,0.7962083941691172,0.5712443751741942,-0.06222222222222218,-0.06291666666666662,0.4540797445103285,0.12694319448315383,0.1923626975779445,1.393813976595083,0.02908605612864168,0.000694444444444442,0.014908399782148175,0.37565785917573163,0.10185554501851742,0.11707750768044307,0.0,0.9999999987499999,0.6258280687040442,0.3195353749444903,0.2752350250058977,0.40086657954542015,happy,03,04,04,female,normal,434
20,0.6673333333333333,True,1.0,0.7840122666623353,0.7678528118135749,0.775932539237955,0.8471538680195905,-0.06893518518518521,-0.06662037037037033,0.48832365700236136,0.15884135025367344,0.18891473730410502,0.9159286978785436,0.016159454848760357,0.0023148148148148806,0.012217604449983469,0.26598786036127176,0.10445083908083615,0.11755630216665051,0.0,0.9999999987499999,0.612412054564013,0.32369560010047116,0.2901206837102192,0.41686139663600474,happy,03,04,04,female,normal,434
30,1.0010000000000001,True,1.0,0.6975164126467358,0.7238797361156153,0.7106980743811755,0.8949375628825293,-0.0824537037037037,-0.08000000000000002,0.46516273338496666,0.2112789130382824,0.20001869114320453,0.7941314610731818,0.026363323468879485,0.00245370370370368,0.014324687131865509,0.2815583588881659,0.11053983938888774,0.11846756422932984,0.0,0.9999999987499999,0.5881303855682899,0.29459535435774625,0.33322623118922956,0.3991547100423129,happy,03,04,04,female,normal,434
40,1.3346666666666667,True,1.0,0.431729443541648,0.42059519290435965,0.4261623182230038,0.8274824972431022,-0.07879629629629636,-0.07620370370370383,0.4733228897921157,0.1642739931346595,0.19033550738708577,0.5150106735101173,0.011134250637288345,0.0025925925925925353,0.025332575953798793,0.29814680428431173,0.10290289760519779,0.11875332281986208,0.0,0.9999999987499999,0.6025566387336185,0.32490554485268947,0.27621602721764976,0.3903386254261039,happy,03,04,04,female,normal,434
50,1.6683333333333334,True,1.0,0.5256476703770137,0.5514651466976794,0.5385564085373465,0.8541934142425363,-0.06731481481481488,-0.062453703703703733,0.48663391566437125,0.16369646783905903,0.1836364552134917,0.6304853204878854,0.025817476320665778,0.004861111111111149,0.027014983454879946,0.29010530209342356,0.0980417688730357,0.11917541180201034,0.0,0.9999999987499999,0.6536426787042943,0.31343590521560166,0.2822731613672881,0.41695126151517636,happy,03,04,04,female,normal,434
60,2.0020000000000002,True,1.0,0.5735964455906559,0.5866317678076318,0.5801141066991439,0.7819880579780369,-0.06986111111111115,-0.06189814814814826,0.4410879095143254,0.17940403382348352,0.19697603671470826,0.7418452248479696,0.013035322216975898,0.007962962962962894,0.0387464016710813,0.3354620889125813,0.11073990536623489,0.11484820559080956,0.0,0.9999999987499999,0.628690032286352,0.2833911963046491,0.30660043313801594,0.390607883773939,happy,03,04,04,female,normal,434
70,2.3356666666666666,True,1.0,0.6673510638332504,0.7114076126990528,0.6893793382661516,0.7844426021731534,-0.06412037037037038,-0.05777777777777776,0.460317579443653,0.14703188640317616,0.19687685628289095,0.8788142514906169,0.04405654886580246,0.006342592592592622,0.042652552990662465,0.3284421709053092,0.11094075374618712,0.11548205862412754,0.0,0.9999999987499999,0.6236635110372274,0.2835829910484476,0.31358048497875535,0.397577068178402,happy,03,04,04,female,normal,434
80,2.6693333333333333,True,1.0,0.48273973989664437,0.5481481481481479,0.5154439440223961,0.7554093080682073,-0.06574074074074082,-0.06115740740740738,0.5025049790337387,0.05547651448890371,0.191331436941388,0.6823372951817742,0.06540840825150357,0.004583333333333439,0.043508266099497185,0.33853712563727717,0.11285381704233646,0.11461499190882189,0.0,0.9999999987499999,0.6188648150588361,0.2849905046831766,0.31730338675527786,0.402739248051245,happy,03,04,04,female,normal,434
90,3.003,True,1.0,0.5472290522674327,0.6074074074074076,0.5773182298374202,0.7443278491047911,-0.06125000000000003,-0.05800925925925915,0.5078501838373182,0.0554765144889046,0.1877541409174259,0.7756235784161043,0.06017835513997494,0.0032407407407408773,0.03985293100138166,0.3353969338006047,0.10946461149152972,0.1137430460877452,0.0,0.9999999987499999,0.6283680686180723,0.29038376821097467,0.30085141304857255,0.3971562800375871,happy,03,04,04,female,normal,434
100,3.336666666666667,True,1.0,0.550951490937784,0.6023631460032672,0.5766573184705256,0.7634582468769391,-0.06175925925925935,-0.05736111111111114,0.5098676737797954,0.06078270006859333,0.18565352380921235,0.755322666078262,0.051411655065483286,0.0043981481481482065,0.04042804912664348,0.3336425867003913,0.10761867124631166,0.11466334882480024,0.0,0.9999999987499999,0.6300404635838711,0.28942274728641826,0.2983194564600469,0.39728009569697825,happy,03,04,04,female,normal,434
0,0.0,True,1.0,0.4976764085423562,0.5333648902768597,0.515520649409608,0.7341112918708375,-0.06356481481481474,-0.060462962962962996,0.5013502671159499,0.09470844771350667,0.17226651623639172,0.7022377330497604,0.03568848173450356,0.0031018518518517446,0.01321079706252828,0.3360174329562244,0.10176058061552051,0.11618027114400975,0.0,0.9999999987499999,0.621237451253939,0.3236029104209601,0.2721234015246257,0.3981574181374678,happy,03,04,04,female,normal,435
10,0.33366666666666667,True,1.0,0.524794383468524,0.5547257131209938,0.5397600482947589,0.713041830000454,-0.0618055555555555,-0.059953703703703676,0.5033227630855422,0.11104277708797461,0.1750353096353437,0.75698230536407,0.029931329652469807,0.0018518518518518268,0.02342633280151851,0.3519254205684049,0.10235777690508144,0.11581908575426517,0.0,0.9999999987499999,0.6250781589276335,0.32103665367320333,0.27452669276542163,0.39911662963070677,happy,03,04,04,female,normal,435
20,0.6673333333333333,True,1.0,0.5313145602311337,0.5672933725669165,0.5493039663990251,0.7403359429088411,-0.0750925925925926,-0.07120370370370377,0.5112247358870373,0.10819889412153955,0.18894704285044794,0.7419658219493768,0.03597881233578282,0.0038888888888888307,0.022774522389846993,0.3205496923847734,0.10295688516778152,0.11643789137223136,0.0,0.9999999987499999,0.6253720992772109,0.32042459572045767,0.2823833611568808,0.4072503349976199,happy,03,04,04,female,normal,435
30,1.0010000000000001,True,1.0,0.5975090749258661,0.6349700822759325,0.6162395786008994,0.8279730378307254,-0.07750000000000007,-0.07828703703703704,0.4715834884293508,0.1400200614946512,0.1986863877656259,0.7442749346227941,0.03746100735006641,0.000787037037036975,0.012895743383389082,0.30746558756070985,0.10159468872971583,0.11795181163364643,0.0,0.9999999987499999,0.6131985379542443,0.32531547990598436,0.2997022523860696,0.40873512596459455,happy,03,04,04,female,normal,435
40,1.3346666666666667,True,1.0,0.34482824119424327,0.3742924812123046,0.35956036120327395,0.7312597782905736,-0.09027777777777785,-0.08763888888888893,0.4889750575214811,0.09859917149313076,0.207833171493756,0.4916999018376188,0.029464240018061305,0.002638888888888913,0.031707314700253404,0.35123127876355476,0.09709853141477653,0.11914832219305613,0.0,0.9999999987499999,0.6495095422231393,0.3136591154758197,0.29170541426514995,0.41496673498296077,happy,03,04,04,female,normal,435
50,1.6683333333333334,True,1.0,0.19914257992519876,0.22540957328022973,0.21227607660271425,0.8765594487989297,-0.08083333333333331,-0.0759259259259259,0.46417244888128817,0.1217295092363517,0.2008464467873758,0.24216962910339623,0.026266993355030965,0.004907407407407416,0.019803723743134705,0.28936065445528025,0.11030844394388059,0.11690390770902025,0.0,0.9999999987499999,0.6348078495226215,0.2860055661333327,0.3134164675895997,0.4044914707272254,happy,03,04,04,female,normal,435
60,2.0020000000000002,True,1.0,0.412790721798952,0.38967406436074065,0.4012323930798463,0.7669264758159581,-0.07351851851851848,-0.06953703703703706,0.46243807646183677,0.14607541108362204,0.1973092425956327,0.5231693072702466,0.02311665743821134,0.003981481481481419,0.023113447163028936,0.3307250743998109,0.1098785389568814,0.11567257083939388,0.0,0.9999999987499999,0.6291260118656837,0.28336985923156294,0.31061163749721415,0.3978424002127667,happy,03,04,04,female,normal,435
70,2.3356666666666666,True,1.0,0.5530222047040032,0.5670336030183885,0.5600279038611958,0.8574800450678737,-0.0660648148148148,-0.061435185185185204,0.49294096687426114,0.12004383012425754,0.18896803849392496,0.653108963972295,0.014011398314385248,0.004629629629629595,0.020880434811192367,0.3026464071979245,0.09990471383373457,0.1169683700236376,0.0,0.9999999987499999,0.6537171895164317,0.31107329445203746,0.28778698849395895,0.4230904988123913,happy,03,04,04,female,normal,435
80,2.6693333333333333,True,1.0,0.42672505425269874,0.4751856881614401,0.4509553712070694,0.7869292967458765,-0.06462962962962954,-0.06194444444444447,0.5236632930008014,0.07543882024183719,0.18621602556979983,0.5730570371085023,0.048460633908741335,0.0026851851851850683,0.02504860206989695,0.3185012611443708,0.10107341100644261,0.11726699706352524,0.0,0.9999999987499999,0.6538310498418117,0.31180882945139404,0.28940349008784794,0.42939577856667527,happy,03,04,04,female,normal,435
90,3.003,True,1.0,0.49025580351834114,0.5364237883493932,0.5133397959338671,0.8063978903085327,-0.0643055555555555,-0.06037037037037041,0.5091114885657682,0.09515330070421409,0.1862295453986906,0.6365837536324161,0.046167984831052056,0.003935185185185097,0.032011178111487334,0.32285355402128313,0.1003776847456057,0.1172147073852272,0.0,0.9999999987499999,0.6480742886920394,0.3144594798676592,0.28918283289016583,0.42773948856446,happy,03,04,04,female,normal,435
100,3.336666666666667,True,1.0,0.5169707945767653,0.5920718838009528,0.554521339188859,0.773656003766302,-0.06453703703703706,-0.06111111111111117,0.5123034841653689,0.07844514562086098,0.18066369624796044,0.7167543927654482,0.07510108922418746,0.003425925925925888,0.02312154355929397,0.31908372505331495,0.10011720598626514,0.11629610765301011,0.0,0.9999999987499999,0.6491194224799295,0.3140438516634757,0.2825724665693525,0.42523410813477536,happy,03,04,04,female,normal,435
0,0.0,True,1.0,0.7716521414540862,0.765453900105593,0.7685530207798397,0.8634224529988087,-0.0750925925925926,-0.07074074074074072,0.46341284347647127,0.19680952972766996,0.19098220953209083,0.890123968991689,0.0061982413484932275,0.0043518518518518845,0.0059868009060635935,0.28989530096432015,0.09800963589367628,0.11579678577490865,0.0,0.9999999987499999,0.6534375148340587,0.31607180531614343,0.28449892556404943,0.42480220829200765,happy,03,04,04,female,strong,436
10,0.33366666666666667,True,1.0,0.7221052374586511,0.7356819630359049,0.728893600247278,0.8254277314116119,-0.07384259259259257,-0.07120370370370377,0.4585181679942804,0.20317460317460337,0.18821430797469593,0.8830495663148544,0.013576725577253868,0.002638888888888802,0.010726878577991001,0.29421975251766563,0.09804654344348815,0.11642197143570202,0.0,0.9999999987499999,0.6513646854679371,0.3157262966743457,0.28124099862377727,0.42229793253048903,happy,03,04,04,female,strong,436
20,0.6673333333333333,True,1.0,0.5596686259607355,0.5815396550238833,0.5706041404923095,0.8057553956834539,-0.07263888888888886,-0.07055555555555543,0.4568542203329777,0.19184652278177503,0.1861176699974033,0.7081604957895621,0.02187102906314775,0.002083333333333437,0.009372195832433658,0.3129028645329169,0.10940114413405755,0.11463808748358881,0.0,0.9999999987499999,0.6395433619619723,0.2885920420342553,0.30241443625393644,0.4005465022479088,happy,03,04,04,female,strong,436
30,1.0010000000000001,True,1.0,0.5609771974793653,0.5661217233133673,0.5635494603963662,1.0054585975478956,-0.08268518518518514,-0.07967592592592593,0.4765745463905166,0.1961685823754792,0.193759844129958,0.5604899712138781,0.005144525834002045,0.0030092592592592116,0.009121359854270664,0.2677830945102587,0.10661083717495508,0.11609437197327487,0.0,0.9999999987499999,0.6349316378270059,0.2943456159828834,0.3196066554352467,0.41470525026210076,happy,03,04,04,female,strong,436
40,1.3346666666666667,True,1.0,0.6091261970488223,0.6746852177344562,0.6419057073916392,0.7852764850258347,-0.07300925925925927,-0.0703703703703703,0.45558954648199207,0.14803763362730776,0.19448367737260414,0.8174263710067942,0.0655590206856339,0.0026388888888889683,0.004533788842366383,0.3047315771991787,0.09862294013417391,0.11772790330509397,0.0,0.9999999987499999,0.6314302040894483,0.32232148909313885,0.28144396664719523,0.4067887744459906,happy,03,04,04,female,strong,436
50,1.6683333333333334,True,1.0,0.7155202135381442,0.7681999146204952,0.7418600640793197,1.13365396381774,-0.0756944444444444,-0.07212962962962965,0.44712628395541265,0.28983102365155194,0.1937818931663654,0.6543972744390193,0.05267970108235098,0.003564814814814743,0.02325280009108954,0.23648635777256205,0.09771772357860942,0.11848033607027625,0.0,0.9999999987499999,0.6507653046374801,0.3139470718219249,0.2840023389141418,0.42156928595448545,happy,03,04,04,female,strong,436
60,2.0020000000000002,True,1.0,0.7529223829124347,0.760978969374751,0.7569506761435929,0.8822280341458402,-0.06046296296296294,-0.05611111111111111,0.44111062932450434,0.17776236508908763,0.18967385838108636,0.8579988924025307,0.008056586462316218,0.004351851851851829,0.028097314094234743,0.2854477611940297,0.1100276040730683,0.11553078944533758,0.0,0.9965420245134349,0.6259818274497299,0.2879986586839772,0.3082263682877421,0.40303046820559757,happy,03,04,04,female,strong,436
70,2.3356666666666666,True,1.0,0.5678514510410689,0.6415333613522707,0.6046924061966699,0.6898232074250675,-0.07101851851851848,-0.06625000000000009,0.44324715426843714,0.13929122457621598,0.19593304199252465,0.8765904070607177,0.07368191031120175,0.004768518518518394,0.021943839423910944,0.3358875057404991,0.09819867076641917,0.11759699296432741,0.0,0.9952621181599101,0.6503495231139331,0.3143948228655505,0.27401788740590216,0.4047785600080442,happy,03,04,04,female,strong,436
80,2.6693333333333333,True,1.0,0.6745189563003405,0.6900500193614675,0.682284487830904,0.8828603526903783,-0.07111111111111124,-0.0675,0.48199748605801096,0.1610623616394604,0.19308084616518592,0.7728113350562738,0.015531063061126948,0.0036111111111112315,0.02186094868406042,0.2888513513513512,0.09875665630090978,0.11729134016788716,0.0,0.9999999987499999,0.6464372793570553,0.3160642722715344,0.28840526917987036,0.4279921603399364,happy,03,04,04,female,strong,436
90,3.003,True,1.0,0.25963525369316953,0.25228201406588535,0.25595863387952744,0.778961925929782,-0.08092592592592596,-0.07847222222222222,0.5191451656984796,0.08777035785124353,0.19031025283780695,0.32858940258730995,0.0073532396272841805,0.0024537037037037357,0.005244458278171755,0.31721424308606244,0.09887656322341819,0.11735273680129579,0.0,0.9999999987499999,0.6463077424719887,0.316138752261758,0.2831887332857652,0.4115793650471804,happy,03,04,04,female,strong,436
100,3.336666666666667,True,1.0,0.553022204704003,0.5839648306135065,0.5684935176587547,0.7927634561385083,-0.07328703703703704,-0.0693981481481481,0.5201098483040177,0.09357870775360624,0.1959458913701307,0.7171035865197978,0.030942625909503474,0.0038888888888889417,0.028893842697494142,0.32297173603513263,0.09777560424430598,0.11891419845288746,0.0,0.9999999987499999,0.6497920678505777,0.3133965402164951,0.2858320749180078,0.42392748816861014,happy,03,04,04,female,strong,436
110,3.6703333333333332,True,1.0,0.5335122920736987,0.6094348509672519,0.5714735715204753,0.803324050239586,-0.07134259259259262,-0.06888888888888883,0.5138099146300682,0.10040325077172219,0.19452133353920625,0.7113861104370486,0.07592255889355326,0.002453703703703791,0.019647795689084892,0.305913762564271,0.09710329333795195,0.11704719812699972,0.0,0.9999999987499999,0.6558282603197529,0.31442019334957294,0.2877159829027361,0.42958138361016895,happy,03,04,04,female,strong,436
0,0.0,True,1.0,0.6917187283359664,0.696573900156271,0.6941463142461186,0.6349070426602601,-0.059027777777777846,-0.058472222222222314,0.42811345691862235,0.17634929065542912,0.17154957113331215,1.0933038501788326,0.0048551718203045935,0.0005555555555555314,0.012034378372860886,0.38810635367556495,0.11037249509350763,0.11387061831142903,0.0,0.9999999987499999,0.603855425443615,0.29568406543305975,0.2780567970059184,0.3738584630506355,happy,03,04,04,female,strong,437
10,0.33366666666666667,True,1.0,0.6791278409476572,0.6695368435722934,0.6743323422599753,0.649029982363316,-0.06060185185185185,-0.05870370370370376,0.42837568122111763,0.18342151675485066,0.17152955693100008,1.0389848860364288,0.009590997375363841,0.0018981481481480933,0.008718434357338609,0.37969891953273854,0.11234525523112983,0.11260357367771873,0.0,0.9999999987499999,0.6023511328359469,0.29593545632202495,0.2796041295208695,0.37141553887949547,happy,03,04,04,female,strong,437
20,0.6673333333333333,True,1.0,0.7240488898139439,0.7420299557719597,0.7330394227929518,0.6579177602799647,-0.057870370370370405,-0.057592592592592584,0.42723455473923727,0.181977252843395,0.17362209709164375,1.114180931186628,0.01798106595801585,0.0002777777777778212,0.010531691601285675,0.3835692846238282,0.11334644145384605,0.11210672250457777,0.0,0.9759086350759654,0.6000766346225991,0.2942062685871351,0.2821663265683429,0.3706280213972832,happy,03,04,04,female,strong,437
30,1.0010000000000001,True,1.0,0.44483060817832126,0.412907561265572,0.4288690847219466,1.076367980765117,-0.08810185185185188,-0.08185185185185179,0.4552412959183672,0.30037533700519753,0.193759844129958,0.39844095363845056,0.031923046912749276,0.006250000000000089,0.0037344582093727327,0.24200063752735956,0.09996529557610974,0.11933587191496652,0.0,0.9999999987499999,0.618877984013918,0.3227858410217299,0.2795062154816385,0.40457576461434264,happy,03,04,04,female,strong,437
40,1.3346666666666667,True,1.0,0.7395044486932455,0.782007344631136,0.7607558966621908,0.7531184375150863,-0.06740740740740742,-0.06388888888888894,0.45881487676860727,0.18518518518518562,0.19527997896688176,1.010141112960007,0.04250289593789047,0.0035185185185184764,0.013324523974587806,0.33195309999961564,0.09925296258749133,0.11719723953606552,0.0,0.9999999987499999,0.65520723049376,0.3088101001842157,0.28574452339871775,0.42354888691191483,happy,03,04,04,female,strong,437
50,1.6683333333333334,True,1.0,0.7566203367033553,0.8005594986861867,0.778589917694771,0.9685095846693961,-0.07481481481481483,-0.0698611111111111,0.4551493077391858,0.23906249241839547,0.20630326016873798,0.803905227185279,0.04393916198283143,0.004953703703703738,0.01222084458814111,0.2563291139240514,0.10048866890624392,0.11776846111595043,0.0,0.9999999987499999,0.6557797004895708,0.3070719183091117,0.29833116069229904,0.4321673353398098,happy,03,04,04,female,strong,437
60,2.0020000000000002,True,1.0,0.7626252440497991,0.784049984537415,0.773337614293607,0.8069016261996258,-0.06967592592592592,-0.06745370370370363,0.4472489465741636,0.23323599303465645,0.20423989572152706,0.9584038365815425,0.02142474048761589,0.002222222222222292,0.02325462195625762,0.31677958254787086,0.09913957289094935,0.11680486625677135,0.0,0.9999999987499999,0.6538938491412191,0.3076635603497885,0.2890848196484329,0.4214164083653778,happy,03,04,04,female,strong,437
70,2.3356666666666666,True,1.0,0.7404618226216414,0.757754865388401,0.7491083440050212,0.9015012789114054,-0.0660648148148148,-0.06231481481481488,0.4389991971297758,0.2446853044076027,0.19941615374813357,0.8309564961567176,0.01729304276675958,0.00374999999999992,0.02202869817099354,0.2746952856424088,0.10603112803877203,0.11596877986556867,0.0,0.9999999987499999,0.6383677884278711,0.28638865642728384,0.29906865881120065,0.40102282048248156,happy,03,04,04,female,strong,437
80,2.6693333333333333,True,1.0,0.69894654896514,0.7253657760038594,0.7121561624844996,0.8144786240831707,-0.06263888888888886,-0.060555555555555585,0.5011332901288419,0.10040325077172134,0.18832574809705546,0.8743705990886479,0.02641922703871946,0.0020833333333332704,0.025315342776832492,0.3017241650065279,0.10072993863656153,0.1162584659060558,0.0,0.9999999987499999,0.656729424160289,0.3094049076495707,0.2910010651466618,0.42976065321011153,happy,03,04,04,female,strong,437
90,3.003,True,1.0,0.49564212436698873,0.5412244047166413,0.518433264541815,0.8144786240831707,-0.065462962962963,-0.06328703703703698,0.5043246887207326,0.10040325077172134,0.18616070695444292,0.6365216338555192,0.045582280349652615,0.0021759259259260255,0.018548455904338255,0.301724165006529,0.09854459750467182,0.11779348810238224,0.0,0.9999999987499999,0.6563075005314626,0.30980779027368055,0.2876746212794446,0.43474159535217494,happy,03,04,04,female,strong,437
100,3.336666666666667,True,1.0,0.6123383212629323,0.6340032667107298,0.6231707939868311,0.8421784314574037,-0.06171296296296286,-0.06004629629629632,0.5057191586548412,0.12348824927240738,0.1826990322656853,0.7399510254714357,0.021664945447797512,0.0016666666666665386,0.018457455043598282,0.2936387412412446,0.0999594877905092,0.11675850412318614,0.0,0.9999999987499999,0.6567905357846263,0.3102228542939743,0.2868312739381934,0.4346779847292359,happy,03,04,04,female,strong,437
0,0.0,True,1.0,0.57915936865988,0.6057942503586636,0.5924768095092718,0.5530384691660498,-0.06152777777777779,-0.06037037037037035,0.44702764527116795,0.13825961729151193,0.1778052414767488,1.0713121103540821,0.026634881698783586,0.0011574074074074403,0.002181739968854358,0.42923229469809326,0.09802877994156839,0.11478901925541514,0.0,0.9999999987499999,0.6626137979566828,0.31135690429701535,0.2699337381545699,0.4045345550761535,happy,03,04,04,female,strong,438
10,0.33366666666666667,True,1.0,0.6045129030868507,0.6216657248917643,0.6130893139893074,0.5530384691660493,-0.06124999999999997,-0.060046296296296264,0.4424734567062116,0.1250920346923202,0.17849957907496108,1.1085834859079722,0.01715282180491362,0.0012037037037037068,0.005107496559251462,0.4285714285714288,0.0977820321529676,0.11549522357698733,0.0,0.9999999987499999,0.6622379319540316,0.310169473697747,0.268732211163025,0.4016402856422204,happy,03,04,04,female,strong,438
20,0.6673333333333333,True,1.0,0.6038711041755435,0.6251930033838693,0.6145320537797063,0.6138586680158515,-0.06240740740740741,-0.06078703703703703,0.4553960730595203,0.14707030587879727,0.18057625937153515,1.0010969719887337,0.021321899208325834,0.0016203703703703831,0.00907636872799812,0.398981790541909,0.09803122393440972,0.11528378730428054,0.0,0.9999999987499999,0.6628022636710936,0.3111848859167971,0.27118848516634203,0.4031429049521891,happy,03,04,04,female,strong,438
30,1.0010000000000001,True,1.0,0.6607504027270868,0.670609931518012,0.6656801671225494,0.9079992797734461,-0.07634259259259257,-0.07129629629629636,0.4567746377102708,0.21101391713044906,0.1986249395741951,0.7331285188779473,0.00985952879092511,0.0050462962962962155,0.01086958878534011,0.25352112676056365,0.09605283948234754,0.11791076368871307,0.0,0.9999999987499999,0.6645043229166668,0.3134211362905812,0.2924277667268471,0.4320936850245658,happy,03,04,04,female,strong,438
40,1.3346666666666667,True,1.0,0.206662705338883,0.25836575309181586,0.23251422921534942,0.8334659382964864,-0.08074074074074078,-0.0767592592592593,0.46775948545841917,0.1715959284728064,0.1875036620736129,0.27897268326355745,0.05170304775293286,0.003981481481481475,0.004768402088269333,0.28989530096432015,0.09700196659206335,0.11826428994416932,0.0,0.9999999987499999,0.6623301741243373,0.3121380779082227,0.2841405372992679,0.4147519346351844,happy,03,04,04,female,strong,438
50,1.6683333333333334,True,1.0,0.40319618259167095,0.4128788581189718,0.40803752035532137,0.9522175856012239,-0.0697222222222223,-0.06476851851851856,0.49029261254068984,0.14515511975628356,0.18543147910168942,0.42851290138449727,0.009682675527300844,0.004953703703703738,0.01044825462446643,0.26753048780487737,0.09895933361692069,0.1185753830250534,0.0,0.9999999987499999,0.6542126993531787,0.31440115320103357,0.2937017635669497,0.4331099068242335,happy,03,04,04,female,strong,438
60,2.0020000000000002,True,1.0,0.46355331415813555,0.4745180675524616,0.4690356908552986,0.7984241851439846,-0.062361111111111145,-0.05875000000000008,0.4493589508389658,0.183756972230068,0.1896030513584062,0.5874517575776022,0.010964753394326066,0.003611111111111065,0.009449911992757926,0.3124875445903615,0.09913110398587957,0.11615782421714423,0.0,0.9999999987499999,0.6523582530902986,0.3132702733044657,0.28372627511554294,0.40892359473657974,happy,03,04,04,female,strong,438
70,2.3356666666666666,True,1.0,0.7518154970463349,0.7361181893141627,0.7439668431802489,0.8617863184805156,-0.06574074074074082,-0.05944444444444441,0.4519207345340411,0.2597943400494061,0.19307491897578208,0.8632845836912291,0.01569730773217215,0.006296296296296411,0.014128984285658518,0.289885383146629,0.09802699216192147,0.11757821462590641,0.0,0.9999999987499999,0.6564973924413514,0.310169229947452,0.28784961284784566,0.42418342078562943,happy,03,04,04,female,strong,438
80,2.6693333333333333,True,1.0,0.6420118673299496,0.6791278409476572,0.6605698541388034,0.7921695142173938,-0.05902777777777768,-0.05541666666666656,0.5161574694809765,0.07809141726689434,0.1854429990664996,0.8338743694162464,0.037115973617707576,0.0036111111111111205,0.015972760813967885,0.31022133313214195,0.09946814720716453,0.11668857413367897,0.0,0.9999999987499999,0.6517136668261055,0.31414448430542685,0.2882438780983619,0.4255469689060386,happy,03,04,04,female,strong,438
90,3.003,True,1.0,0.5904857582927938,0.6477138050595399,0.6190997816761669,0.7922851240601356,-0.058657407407407436,-0.05634259259259261,0.5093474903250069,0.08487673113121859,0.18334373675797258,0.7814103318052155,0.05722804676674609,0.002314814814814825,0.012884637188866972,0.3226542476066072,0.09836005477036809,0.116811452903668,0.0,0.9999999987499999,0.6550037671552996,0.3143533167451011,0.2849835697667407,0.4268231150766958,happy,03,04,04,female,strong,438
100,3.336666666666667,True,1.0,0.5856599021769922,0.6015121421909991,0.5935860221839957,0.8357033445491868,-0.05722222222222212,-0.05652777777777773,0.49480750054257194,0.11770100262957219,0.17987171536233565,0.7102831717207028,0.01585224001400698,0.0006944444444443865,0.009509755035806542,0.3172042883306064,0.09845187332986673,0.11706003774460055,0.0,0.9999999987499999,0.6529290875725291,0.31460593952315075,0.28105306918608614,0.4254768780591936,happy,03,04,04,female,strong,438
0,0.0,True,1.0,0.5326869542573952,0.549675292011799,0.5411811231345971,0.7746879170802319,-0.06430555555555556,-0.06199074074074079,0.48589444438455315,0.16684961157567646,0.17986153529316404,0.6985795327417618,0.01698833775440378,0.0023148148148147696,0.0008886093371567433,0.33748736318202827,0.10779725863959583,0.11515914546407294,0.0,0.9999999987499999,0.6357266647049444,0.28953857269122074,0.29986771958820146,0.39938064828482317,happy,03,04,04,female,strong,439
10,0.33366666666666667,True,1.0,0.5638757622203506,0.5689954600944693,0.56643561115741,0.7754854449307373,-0.06578703703703703,-0.0649074074074073,0.482226987655385,0.17299290694608788,0.18264055980567517,0.7304271342036618,0.0051196978741187005,0.0008796296296297301,0.0019435186299983766,0.3201923076923079,0.10956805849340809,0.1139782003526046,0.0,0.9999999987499999,0.6355575997117597,0.2875753314572128,0.3029095914126596,0.39923417341737166,happy,03,04,04,female,strong,439
20,0.6673333333333333,True,1.0,0.6157814829189387,0.6432869829974674,0.6295342329582031,0.9121606916248888,-0.08194444444444443,-0.07736111111111116,0.47149503728171305,0.2432428510999703,0.20000610342249553,0.6901571606169242,0.0275055000785287,0.004583333333333273,0.0020996860302312007,0.2699999999999994,0.09772532724394795,0.11799064415886429,0.0,0.9999999987499999,0.6596098092127476,0.3155425269724613,0.2932062416198243,0.42867093162700515,happy,03,04,04,female,strong,439
30,1.0010000000000001,True,1.0,0.6980143390099798,0.7073080744989951,0.7026612067544875,0.8826719162890548,-0.07745370370370369,-0.07564814814814813,0.48014289034009355,0.20277598076910727,0.20213769135755244,0.7960615873093917,0.009293735489015353,0.0018055555555555602,0.011590938086030884,0.2736486486486486,0.09659424627585848,0.11843678245305123,0.0,0.9999999987499999,0.6622019070753301,0.3120457248182879,0.29818390271838974,0.4248184786106747,happy,03,04,04,female,strong,439
40,1.3346666666666667,True,1.0,0.5797442302571246,0.6166971096408663,0.5982206699489955,0.888925471431445,-0.07439814814814821,-0.07226851851851851,0.48412806118422025,0.20466436459998982,0.19517798222610205,0.6729705573468101,0.0369528793837417,0.0021296296296297035,0.016567449657909402,0.288919403226584,0.1077434021536926,0.11652496997336119,0.0,0.9999999987499999,0.6378939552305297,0.2870918400088459,0.3109104272864497,0.39881964828192257,happy,03,04,04,female,strong,439
50,1.6683333333333334,True,1.0,0.6523769488273202,0.6789243151647074,0.6656506319960138,0.8777752761710967,-0.06504629629629632,-0.059583333333333266,0.5187365832060815,0.09209223721248079,0.19586488726564813,0.7583383242458342,0.02654736633738719,0.005462962962963058,0.00612271943758146,0.29264643620948033,0.10066895301191824,0.11728996980572678,0.0,0.9999999987499999,0.650664409920218,0.31246342147860556,0.2926677868219527,0.41388311246460513,happy,03,04,04,female,strong,439
60,2.0020000000000002,True,1.0,0.529339910180721,0.5653094945608934,0.5473247023708072,0.8753007555249832,-0.06587962962962968,-0.06231481481481488,0.4503269875897339,0.2125661777518359,0.1937692940242097,0.6252990174132042,0.03596958438017239,0.0035648148148147984,0.018011819764208233,0.28962888227575867,0.10015503874038924,0.117080004878206,0.0,0.9999999987499999,0.6461267879339235,0.31308528811892705,0.28530679857624835,0.4074035821646198,happy,03,04,04,female,strong,439
70,2.3356666666666666,True,1.0,0.730199110912044,0.7653685406952103,0.7477838258036271,0.7884852596386439,-0.064537037037037,-0.060555555555555585,0.4513305881229407,0.2127658637120152,0.19727791968317587,0.9483802222838383,0.035169429783166284,0.003981481481481419,0.016043477498076737,0.2946428571428568,0.09979756901909016,0.11803228513947618,0.0,0.9999999987499999,0.6512456094781662,0.31016669646668366,0.2890260451064291,0.4190198902811936,happy,03,04,04,female,strong,439
80,2.6693333333333333,True,1.0,0.6380052741108074,0.6866535062894614,0.6623293902001344,0.8335539625384892,-0.06333333333333335,-0.059398148148148144,0.522836635355129,0.0811816568291489,0.19036797259896426,0.7945848978788238,0.048648232178653994,0.003935185185185208,0.016913860485283063,0.3006050400951498,0.09987203714404268,0.11715900126070165,0.0,0.9999999987499999,0.6519107798900811,0.31295739577368037,0.2893989671089729,0.42249640209013717,happy,03,04,04,female,strong,439
90,3.003,True,1.0,0.514005756143159,0.5541955781322209,0.53410066713769,0.7705160245362769,-0.06203703703703706,-0.058425925925925826,0.5210555697370899,0.06139958452522776,0.18615210035902052,0.6931726922345712,0.04018982198906185,0.0036111111111112315,0.012523331109168184,0.3353933124775567,0.09791944492204667,0.11782959730058622,0.0,0.9999999987499999,0.6553147227562901,0.31379136547135655,0.2811242943085244,0.4231545486472029,happy,03,04,04,female,strong,439
100,3.336666666666667,True,1.0,0.521392976367062,0.5379626977971959,0.5296778370821289,0.8016539237142201,-0.058148148148148004,-0.0559722222222222,0.5120957980468835,0.08588040148310776,0.17855598934648143,0.660731297400788,0.0165697214301338,0.0021759259259258035,0.019594765992929142,0.32265424760660777,0.09765239555549733,0.11901539825180588,0.0,0.9999999987499999,0.6561913035448554,0.31498146695567164,0.27830118635043605,0.4233560712720815,happy,03,04,04,female,strong,439
110,3.6703333333333332,True,1.0,0.5247943834685254,0.5364237883493926,0.5306090859089589,0.8116286514722062,-0.060416666666666674,-0.05805555555555558,0.506371642701513,0.11591327335172048,0.1750527438652865,0.6537584459918853,0.011629404880867278,0.0023611111111110916,0.01648403856444644,0.31460116073082833,0.1089089633185897,0.115436333292758,0.0,0.9999999987499999,0.6400530578325081,0.2920335178455621,0.3073215482814035,0.408901365950256,happy,03,04,04,female,strong,439
0,0.0,True,1.0,0.5151943401158087,0.5402872503364536,0.5277407952261312,0.6483135747348132,-0.0735648148148148,-0.06504629629629632,0.3696910155169784,0.2852706340242303,0.17484091873342036,0.8140208932722082,0.02509291022064497,0.00851851851851848,0.08335083133695075,0.370296729403702,0.10989372888497934,0.1129917791667095,0.0,0.9999999987499999,0.6201499435555472,0.2864868741239575,0.27240237082747165,0.3719373006008324,sad,04,04,04,female,normal,440
10,0.33366666666666667,True,1.0,0.583494711998804,0.5963912477543342,0.5899429798765691,0.6294123030851853,-0.07263888888888886,-0.06532407407407403,0.37079884052651896,0.2759121962921881,0.17594439017383295,0.9372917831203017,0.01289653575553018,0.0073148148148148295,0.05611806495375878,0.38248346625340934,0.11138067727202383,0.11237721421895434,0.0,0.9999999987499999,0.6188730175429547,0.2871682986841748,0.27747003524386454,0.37584119832726737,sad,04,04,04,female,normal,440
20,0.6673333333333333,True,1.0,0.5544565565597669,0.5821020992919929,0.5682793279258799,0.6858823943077239,-0.07449074074074075,-0.07050925925925927,0.3735463467695257,0.3117392514885919,0.18125168372062783,0.828537563643774,0.02764554273222597,0.003981481481481475,0.01401753179791651,0.33545255935660423,0.10991444849315556,0.11464565972967208,0.0,0.9999999987499999,0.6234099911136329,0.29003745091944194,0.2714986313414786,0.3716781672734246,sad,04,04,04,female,normal,440
30,1.0010000000000001,True,1.0,0.6832874519489963,0.6582977063980663,0.6707925791735313,1.176298310830368,-0.07680555555555557,-0.07453703703703701,0.3532873760108101,0.4748462109997858,0.1870814394868776,0.570257198363235,0.02498974555093003,0.0022685185185185586,0.04492838714086994,0.21725391295528793,0.10275709297798216,0.11529983093248103,0.0,0.9999999987499999,0.6267963484456283,0.3183845548221066,0.27332161717119136,0.39414821512896714,sad,04,04,04,female,normal,440
40,1.3346666666666667,True,1.0,0.6394995492024043,0.6178632730169952,0.6286814111096997,0.849434396799854,-0.08041666666666669,-0.08194444444444443,0.3463450546130951,0.35904014591394506,0.20009763241977646,0.7401176753357108,0.021636276185409087,0.001527777777777739,0.04519456881173844,0.2924261187926423,0.10293773813162686,0.11563392703381985,0.0,0.9999999987499999,0.6291051228460133,0.31755344368038235,0.2751206280917075,0.39862414528715207,sad,04,04,04,female,normal,440
50,1.6683333333333334,True,1.0,0.6274113236051758,0.6339691892413611,0.6306902564232685,0.9833979718630292,-0.07884259259259258,-0.07916666666666666,0.3840321192601718,0.33520061627227915,0.20281539869930082,0.6413377640269458,0.006557865636185323,0.0003240740740740877,0.013202643518878643,0.24758710436771258,0.11144298975077388,0.11598724251559413,0.0,0.9999999987499999,0.6029256596388556,0.28945517513743024,0.29633068372441645,0.3784808234957267,sad,04,04,04,female,normal,440
60,2.0020000000000002,True,1.0,0.6563590612935516,0.6380374243231973,0.6471982428083745,0.8809136034851907,-0.0728240740740741,-0.06995370370370363,0.36692240609730886,0.3067467012135931,0.19792013600303546,0.7346898041395211,0.01832163697035427,0.0028703703703704675,0.0044078994571220345,0.29129464285714324,0.11365621814464529,0.1126415413404326,0.0,0.9999999987499999,0.6066201742181248,0.2863767726878915,0.2916606829986568,0.3737612424124064,sad,04,04,04,female,normal,440
70,2.3356666666666666,True,1.0,0.6463380992575176,0.6500197911513728,0.6481789452044452,0.9546031887371709,-0.06500000000000006,-0.06115740740740738,0.3494173675126471,0.3209441755237044,0.19306187851855738,0.6790035407925995,0.0036816918938551435,0.003842592592592675,0.006555099359261969,0.2817779758258683,0.10626551470161606,0.1139291664973217,0.0,0.9999999987499999,0.605224789236007,0.31714528571813433,0.26494138088176916,0.3772646024064554,sad,04,04,04,female,normal,440
80,2.6693333333333333,True,1.0,0.6616421435825081,0.6568809540159624,0.6592615487992353,0.6512622121103301,-0.06356481481481491,-0.058657407407407325,0.385170937855052,0.21460296583348215,0.19308084616518592,1.0122828202529737,0.004761189566545698,0.004907407407407582,0.017408917059363024,0.3714042558854426,0.10497549657307263,0.11544941579671712,0.0,0.9999999987499999,0.6084406636091936,0.31653558123131875,0.26268763823887586,0.3757443220185745,sad,04,04,04,female,normal,440
90,3.003,True,1.0,0.6660133531803683,0.6888670480237118,0.67744020060204,0.6492560149640122,-0.06,-0.05625000000000008,0.37062222755578084,0.2086707197306399,0.18960305135840613,1.0434099723197636,0.02285369484334354,0.00374999999999992,0.009567289899541384,0.38908707317513685,0.10614351526342805,0.1142097750132918,0.0,0.9999999987499999,0.6084586103972839,0.3153315666261286,0.257277696293919,0.3714125728312826,sad,04,04,04,female,normal,440
100,3.336666666666667,True,1.0,0.6835425507668407,0.6641996188624927,0.6738710848146667,0.660744453054427,-0.059444444444444466,-0.05638888888888882,0.36571683710589187,0.2438243009646512,0.18472222222222218,1.0198664274812437,0.019342931904347993,0.0030555555555556446,0.004172119024906681,0.3749663729069568,0.11581598172100087,0.11076424979079927,0.0,0.9999999987499999,0.6111984742568903,0.285907068842667,0.28345641954417505,0.3615890874786087,sad,04,04,04,female,normal,440
0,0.0,True,1.0,0.6522899578971065,0.6550012153490603,0.6536455866230835,0.6887476113723141,-0.05953703703703711,-0.0564351851851852,0.3591698053811451,0.28828828828828723,0.17708721081845535,0.9490349960280942,0.0027112574519537747,0.003101851851851911,0.004671790408917092,0.3539321882429266,0.11495806140365816,0.11079794688748013,0.0,0.9421815492786172,0.6131449499643608,0.2860569160240923,0.28535953322924035,0.3693089147293666,sad,04,04,04,female,normal,441
10,0.33366666666666667,True,1.0,0.35578784181828116,0.3786125946199537,0.3672002182191174,0.6983817938905504,-0.06842592592592595,-0.06740740740740736,0.3636579398354504,0.30948482422111406,0.1763893214209619,0.525787214717491,0.022824752801672565,0.0010185185185185852,0.0021336410989187273,0.35864601440579874,0.11353966594520265,0.11225099185756517,0.0,0.8774770790979205,0.6172432874634228,0.28547272427485815,0.28284800833507656,0.36609593178464606,sad,04,04,04,female,normal,441
20,0.6673333333333333,True,1.0,0.6550012153490602,0.6579942380954307,0.6564977267222454,1.2006191941194577,-0.06624999999999998,-0.061712962962963025,0.36253978155872185,0.4322107541264828,0.17849957907496108,0.5467992931794875,0.0029930227463704773,0.004537037037036951,0.009648883282739268,0.21041693680136045,0.10379571821120152,0.11667465584606,0.0,0.9999999987499999,0.6338091684955232,0.31521212035598384,0.27149324850953216,0.39019988850380305,sad,04,04,04,female,normal,441
30,1.0010000000000001,True,1.0,0.327485380116959,0.3528508213587382,0.3401681007378486,1.1644492151460595,-0.08921296296296294,-0.08388888888888896,0.40347892360781523,0.41177865365835226,0.1882528129298553,0.292127897303946,0.025365441241779196,0.005324074074073981,0.01999879966027439,0.20613430430274438,0.10161511956527439,0.11663467126448945,0.0,0.9999999987499999,0.637597865990146,0.316100410925807,0.28636047985913965,0.4054504235530235,sad,04,04,04,female,normal,441
40,1.3346666666666667,True,1.0,0.5707556080739198,0.5978095971525362,0.584282602613228,1.186945935197509,-0.08407407407407408,-0.08027777777777773,0.3417607282419815,0.4930284413053151,0.1918103108271991,0.4922571326014127,0.027053989078616447,0.003796296296296353,0.023652142567381653,0.21569431436977513,0.10170494178839977,0.11671969769020402,0.0,0.9999999987499999,0.6321313029743147,0.316538959990686,0.28512023534990394,0.3970163605657539,sad,04,04,04,female,normal,441
50,1.6683333333333334,True,1.0,0.7022294265462425,0.7299651040035157,0.7160972652748792,0.9525372058402497,-0.07523148148148151,-0.07268518518518524,0.40336236540228293,0.2843294441550336,0.19166825888152056,0.7517787871007068,0.027735677457273122,0.0025462962962962687,0.00561068482916049,0.24391860682856534,0.10240073839399672,0.11627371042862858,0.0,0.9999999987499999,0.6273105649447279,0.31892169125192327,0.2869789514315757,0.3922682619555168,sad,04,04,04,female,normal,441
60,2.0020000000000002,True,1.0,0.6723757389684457,0.6869725134541101,0.679674126211278,0.9117209749031993,-0.07402777777777786,-0.07074074074074083,0.3771961298534013,0.3038936372269696,0.19167024913148814,0.7454847973454175,0.014596774485664432,0.0032870370370370328,0.009147000919670826,0.2624884651158193,0.10346801660796942,0.11515968284161142,0.0,0.9999999987499999,0.6298729513524159,0.31619513037058145,0.28257486553040545,0.39291857917627887,sad,04,04,04,female,normal,441
70,2.3356666666666666,True,1.0,0.72164050926025,0.7013819938194369,0.7115112515398434,1.0154007150848459,-0.06550925925925921,-0.06435185185185194,0.36016296205202497,0.36489553859989615,0.1881960660357054,0.7007196675850186,0.02025851544081314,0.0011574074074072738,0.006127619479696402,0.2548729685250389,0.1146830363090788,0.11261561892867385,0.0,0.9999999987499999,0.6050213757846888,0.28367418421609775,0.2948688332555119,0.3663090563376601,sad,04,04,04,female,normal,441
80,2.6693333333333333,True,1.0,0.7193741805902205,0.7671567880109774,0.743265484300599,0.85414839776766,-0.060324074074074086,-0.05662037037037032,0.3676053649612402,0.3105344621504746,0.1820387682324514,0.8701830808828342,0.047782607420756906,0.0037037037037037646,0.01973987563969074,0.28860283789331687,0.11649521959514411,0.11176745474757081,0.0,0.9999999987499999,0.6084117065341762,0.2829399060733364,0.28939095479026966,0.3624369452797613,sad,04,04,04,female,normal,441
90,3.003,True,1.0,0.6772524011835461,0.7200693483874242,0.6986608747854852,0.9096365198488965,-0.058796296296296235,-0.05425925925925934,0.3612958788409659,0.3605653516616304,0.17596563653248487,0.7680659906899326,0.042816947203878075,0.004537037037036895,0.037090127815743994,0.27631701619665994,0.10475659524090979,0.11382150420371737,0.0,0.9999999987499999,0.6316530181916518,0.31658272120994874,0.2666875633015552,0.38471922014531285,sad,04,04,04,female,normal,441
100,3.336666666666667,True,1.0,0.6731541415073458,0.731731286949054,0.7024427142281999,0.8757723212829994,-0.05874999999999997,-0.054675925925925906,0.3682406596627901,0.3518550579243827,0.17236569352316886,0.8020837118934371,0.05857714544170822,0.004074074074074063,0.02921270614586249,0.28349420433143746,0.10415111469816266,0.1147084664170358,0.0,0.9999999987499999,0.6347881425070029,0.3152566228631301,0.26283668660749243,0.3859663713858091,sad,04,04,04,female,normal,441
0,0.0,True,1.0,0.593559423072954,0.618831581981666,0.60619550252731,0.6736729456321525,-0.05888888888888888,-0.05467592592592596,0.378236362196591,0.26791621109843317,0.17505274386528655,0.8998364955245102,0.02527215890871204,0.004212962962962918,0.019957539857324787,0.38416414653019165,0.11264596751250634,0.11348407295295553,0.0,0.9999999987499999,0.6162988037480617,0.2842033587443928,0.27954438549893856,0.36889967689540193,sad,04,04,04,female,normal,442
10,0.33366666666666667,True,1.0,0.36322593365655176,0.3962206452778718,0.3797232894672118,0.6731209888911726,-0.06634259259259262,-0.06217592592592597,0.3771393915457116,0.27534517795137514,0.1750527438652865,0.564123383067771,0.03299471162132006,0.004166666666666652,0.0193150268397488,0.36079952496340933,0.11422250173183342,0.11291409386914145,0.0,0.9999999987499999,0.6145304566123324,0.28398944790867764,0.2846545053883866,0.37501801644513716,sad,04,04,04,female,normal,442
20,0.6673333333333333,True,1.0,0.6109648601192719,0.6542707033008801,0.632617781710076,0.878800441768609,-0.05754629629629632,-0.05481481481481487,0.38336435015153186,0.2954448752784687,0.171614934594706,0.71986511572174,0.04330584318160824,0.002731481481481446,0.027458017683734327,0.2914449780102555,0.10227673657187446,0.11506574006360439,0.0,0.9999999987499999,0.6374377138433499,0.3149701774842539,0.26238546558248727,0.3823635307535226,sad,04,04,04,female,normal,442
30,1.0010000000000001,True,1.0,0.6571494538441235,0.6731759737566811,0.6651627138004024,1.223363859921018,-0.07611111111111102,-0.06787037037037036,0.36104909456361184,0.5083566998712982,0.18351676318766283,0.5437161711180075,0.016026519912557657,0.00824074074074066,0.0289345344086068,0.21538049559167002,0.11295808220716513,0.11434573935172802,0.0,0.9999999987499999,0.6248941704025359,0.2865529480715621,0.30852754631548773,0.3927924288572843,sad,04,04,04,female,normal,442
40,1.3346666666666667,True,1.0,0.6526204743454888,0.6897605726975856,0.6711905235215372,0.845784400436169,-0.07087962962962957,-0.06671296296296297,0.4030212128076794,0.27948810836149685,0.18143553609964513,0.7935716515644009,0.03714009835209686,0.004166666666666596,0.033219698587278454,0.2879663877563119,0.10301986676745754,0.11489940937190816,0.0,0.9999999987499999,0.634732992275035,0.3157279409084676,0.27181494118357563,0.39582444346661194,sad,04,04,04,female,normal,442
50,1.6683333333333334,True,1.0,0.6380052741108083,0.6744396915902753,0.6562224828505419,1.156315165433528,-0.060185185185185286,-0.0562962962962964,0.39491444954093635,0.35398154462272774,0.17668103898698145,0.5675117843883934,0.03643441747946696,0.003888888888888886,0.03970299514678191,0.23494911375652439,0.11343412285726646,0.11353840020195481,0.0,0.9999999987499999,0.6159866553027461,0.28714153154024247,0.2985526481913344,0.3843110704103471,sad,04,04,04,female,normal,442
60,2.0020000000000002,True,1.0,0.612640612155619,0.6588098615534437,0.6357252368545314,0.8000000000000007,-0.07217592592592592,-0.0637962962962964,0.40226486052129984,0.23552425689826625,0.18910243610228725,0.7946565460681636,0.04616924939782463,0.008379629629629515,0.0417736166952816,0.2932392626797947,0.11246201577104166,0.11466763930974763,0.0,0.9999999987499999,0.6114316072522759,0.2851051703790384,0.2903549958798591,0.3787050548984709,sad,04,04,04,female,normal,442
70,2.3356666666666666,True,1.0,0.7129730314995667,0.7353878246845819,0.7241804280920743,1.0459529065814037,-0.07587962962962963,-0.07013888888888892,0.35727914899330765,0.3699817499768815,0.19316973218197206,0.6923642771441673,0.02241479318501516,0.005740740740740713,0.038181074818393695,0.25275557463317117,0.10383795912667455,0.11581746389139447,0.0,0.9999999987499999,0.6296855221854366,0.3171193562282753,0.2739022383156913,0.3907012350760966,sad,04,04,04,female,normal,442
80,2.6693333333333333,True,1.0,0.6673993006265626,0.6884681476705639,0.6779337241485632,0.6265747226101347,-0.06268518518518529,-0.0559722222222222,0.3750480643703494,0.23685351993741652,0.1834535609125692,1.0819678797837253,0.02106884704400125,0.006712962962963087,0.03314789941357272,0.41226860860548875,0.11423674792787979,0.11239228655208912,0.0,0.9999999987499999,0.6102798538946829,0.28238221793298335,0.28383693465230053,0.3673804913439125,sad,04,04,04,female,normal,442
90,3.003,True,1.0,0.687342636288588,0.7070181618710101,0.6971803990797991,0.6523562691519786,-0.06046296296296305,-0.05328703703703702,0.36848072820696287,0.2329008466128564,0.18074180452164612,1.0687111200542136,0.019675525582422027,0.00717592592592603,0.034477806740405216,0.3911608450435291,0.11388679547685927,0.11308433297603343,0.0,0.9999999987499999,0.6149173377241521,0.2817594935872897,0.2796152942978845,0.36108943901397544,sad,04,04,04,female,normal,442
100,3.336666666666667,True,1.0,0.652620474345488,0.6742336886572219,0.663427081501355,0.646027749136944,-0.06310185185185191,-0.05495370370370373,0.37377087276257537,0.25359200925189634,0.17998365812071399,1.0269327941217006,0.021613214311733908,0.008148148148148182,0.0338630392676949,0.42093853146158744,0.11599834093850268,0.11126033140151124,0.0,0.9999999987499999,0.6130270775106916,0.2830587816300898,0.2852564075766493,0.36769296351811875,sad,04,04,04,female,normal,442
0,0.0,True,1.0,0.5028946683270789,0.533205221875341,0.5180499451012099,0.5925925925925927,-0.05884259259259256,-0.0566666666666667,0.4194039379646872,0.19753086419753013,0.1673980320418562,0.8742092823582917,0.030310553548262176,0.002175925925925859,0.012493235816183165,0.41586072139299823,0.10881047134700923,0.11470166050228685,0.0,0.9999999987499999,0.640247216628839,0.2840075762033375,0.2806739698579311,0.3902506547144048,sad,04,04,04,female,normal,443
10,0.33366666666666667,True,1.0,0.5941397977361083,0.6257892265083779,0.609964512122243,0.6980507230717076,-0.05856481481481479,-0.05777777777777782,0.36663452264434315,0.3246469788383623,0.16471724715858307,0.8738111600803888,0.03164942877226962,0.000787037037036975,0.02650560587791739,0.353932188242925,0.0970039724242574,0.11532641534990298,0.0,0.9999999987499999,0.660451483015081,0.313632771627059,0.257322515546492,0.3938897345579316,sad,04,04,04,female,normal,443
20,0.6673333333333333,True,1.0,0.3391737129577561,0.36038646854258477,0.34978009075017047,0.6657071233528917,-0.06856481481481486,-0.06412037037037038,0.4002348559207959,0.23662193327707437,0.16815767014465047,0.525426390194644,0.021212755584828658,0.004444444444444473,0.02110454623735242,0.36510032489365396,0.09630793975791284,0.11574380992246501,0.0,0.9999999987499999,0.6615045012379952,0.3143806260226967,0.26115998818764286,0.3984606021707677,sad,04,04,04,female,normal,443
30,1.0010000000000001,True,1.0,0.3189234015621686,0.3250147785789447,0.32196909007055663,0.9409965623288525,-0.09050925925925929,-0.08527777777777784,0.3682993012816625,0.430449515356564,0.18428670713176193,0.34215756248218604,0.0060913770167760894,0.005231481481481448,0.02589323865981278,0.2689828196608125,0.10843154151056975,0.11588490039811526,0.0,0.9999999987499999,0.6483152251760078,0.2888227086161416,0.284862527562434,0.378791743915767,sad,04,04,04,female,normal,443
40,1.3346666666666667,True,1.0,0.6377024952720087,0.6984126984126983,0.6680575968423534,0.8730254338867081,-0.08305555555555555,-0.07833333333333325,0.37754790186122994,0.3504863634706589,0.19468952053705738,0.7652212305753361,0.060710203140689534,0.004722222222222294,0.02782835706702026,0.29594101309582993,0.09497066037419304,0.11765603342505228,0.0,0.9999999987499999,0.6581583577571654,0.3152342535833319,0.27321389550052466,0.3999322465882969,sad,04,04,04,female,normal,443
50,1.6683333333333334,True,1.0,0.6491397640048865,0.6948245478062733,0.6719821559055799,1.1844482323175007,-0.06324074074074071,-0.06009259259259264,0.3960334494410793,0.40224137646839286,0.17373806664523814,0.5673377168968999,0.04568478380138685,0.0031481481481480666,0.0203909717392772,0.21776973900210453,0.09626759027032775,0.1152826440403405,0.0,0.9999999987499999,0.6607764107283539,0.31554725219026414,0.2707394858496077,0.40992128313527987,sad,04,04,04,female,normal,443
60,2.0020000000000002,True,1.0,0.6124107248631964,0.6453737619688971,0.6288922434160467,0.773917462161749,-0.06546296296296289,-0.06138888888888888,0.41429343020770626,0.2866205473588416,0.1743493202928917,0.8126089333342992,0.0329630371057007,0.004074074074074008,0.011355011365499474,0.3020669455972244,0.09613960012808229,0.11604796435269181,0.0,0.9999999987499999,0.6598277418623699,0.31433980943378237,0.26424788789312875,0.40139680686183227,sad,04,04,04,female,normal,443
70,2.3356666666666666,True,1.0,0.6824295719433129,0.7144428289394492,0.6984362004413811,1.1148343763846875,-0.0692592592592593,-0.06791666666666668,0.3399141837784385,0.4877212023811154,0.17779880505291804,0.626493239925333,0.03201325699613633,0.0013425925925926174,0.007659578307921924,0.22850679936727586,0.11011819597877594,0.11511390874560369,0.0,0.9999999987499999,0.6418917716227117,0.2878975609403502,0.2858246325920061,0.3850709560881739,sad,04,04,04,female,normal,443
80,2.6693333333333333,True,1.0,0.6507109275600841,0.6521108961582608,0.6514109118591724,0.6494842992460274,-0.06333333333333335,-0.06245370370370368,0.3911166893647939,0.27150571581743677,0.17715612972166692,1.0029663728828881,0.001399968598176704,0.0008796296296296746,0.019992275325423817,0.392593231569859,0.09792765981077088,0.11570157224543998,0.0,0.9999999987499999,0.6574859732408589,0.3132002492632502,0.2641044893788516,0.3974504796702075,sad,04,04,04,female,normal,443
90,3.003,True,1.0,0.6390966709677594,0.6564174126708339,0.6477570418192966,0.6687648822086857,-0.061064814814814794,-0.05907407407407406,0.3741367471666625,0.27207865253796376,0.1757053001645301,0.9685871059496907,0.017320741703074516,0.0019907407407407374,0.014604874577731283,0.3668910615772791,0.09797970002861908,0.11483091491716296,0.0,0.9999999987499999,0.6545820263339711,0.3125761677702581,0.2592488355732656,0.39309903916604927,sad,04,04,04,female,normal,443
100,3.336666666666667,True,1.0,0.6628959058265564,0.6734259534961401,0.6681609296613482,0.686132487220019,-0.05833333333333335,-0.05703703703703711,0.37627689299901773,0.2884639517370514,0.17430599325732177,0.9738074527975121,0.010530047669583653,0.0012962962962962399,0.003280343641416992,0.3579252982503639,0.09832918436862649,0.11634721983189636,0.0,0.9999999987499999,0.6615747269298344,0.31041462718983087,0.2550228283492442,0.3903418293478112,sad,04,04,04,female,normal,443
0,0.0,True,1.0,0.5857368753476061,0.6165156120195824,0.6011262436835942,0.5824874389946426,-0.05805555555555547,-0.05361111111111111,0.4216946929497282,0.20801257358446026,0.17086191325973674,1.0319986379811412,0.03077873667197628,0.004444444444444362,0.0015174128749796975,0.4425654656441024,0.10923081958257999,0.11413462972656338,0.0,0.9999999987499999,0.6439699545443177,0.2892879948507858,0.28391009394149264,0.3770351759051671,sad,04,04,04,female,strong,444
10,0.33366666666666667,True,1.0,0.5621460122385461,0.5554152242648824,0.5587806182517143,0.5614538556013742,-0.05513888888888885,-0.05138888888888882,0.4394769480509385,0.14703425229741077,0.16886570107632864,0.9952387229636235,0.0067307879736636655,0.003750000000000031,0.012085133666759491,0.4559383005117639,0.1106660543520097,0.11291241743798162,0.0,0.9999999987499999,0.6472814437571904,0.28699973010961444,0.28689987499445846,0.38114343051573757,sad,04,04,04,female,strong,444
20,0.6673333333333333,True,1.0,0.47470421898353526,0.475950702521603,0.47532746075256915,0.8153717627401843,-0.06402777777777774,-0.058935185185185146,0.4380325554912836,0.18713450292397704,0.17021465526170562,0.5829579615992059,0.001246483538067722,0.005092592592592593,0.012258596153964194,0.3139528843608455,0.10955107631259284,0.11432829558430246,0.0,0.9999999987499999,0.644801854780975,0.2898045804605928,0.2955628689435733,0.39232670195776226,sad,04,04,04,female,strong,444
30,1.0010000000000001,True,1.0,0.2592242750457267,0.278768123146638,0.26899619909618233,0.9848384276083577,-0.08037037037037031,-0.07518518518518513,0.456854220332978,0.21742605915267812,0.17782969776269256,0.2731373914292005,0.01954384810091131,0.005185185185185182,0.0058123138192051,0.27789361141138313,0.10713308806940644,0.11610593046939242,0.0,0.9999999987499999,0.6439260916944903,0.2900873666559983,0.3027048017208965,0.39870094340101353,sad,04,04,04,female,strong,444
40,1.3346666666666667,True,1.0,0.1908938016665965,0.1924682255557733,0.1916810136111849,0.7574787129877141,-0.0889814814814815,-0.08842592592592591,0.42374966737455994,0.26850447089670243,0.191842128769665,0.25305135355571884,0.001574423889176807,0.0005555555555555869,0.01862550373557656,0.3190572728887278,0.1084576426393238,0.11602479491743006,0.0,0.9999999987499999,0.6415320987926422,0.2885458263981004,0.30769633442669464,0.3886244419096872,sad,04,04,04,female,strong,444
50,1.6683333333333334,True,1.0,0.21035582180862433,0.2251181567459421,0.21773698927728322,0.9018004509907852,-0.08564814814814808,-0.07972222222222225,0.45345185670501487,0.18035426731078835,0.19106208921678955,0.24144697315028077,0.014762334937317767,0.0059259259259258346,0.02209257169975308,0.2976548210303815,0.09483611678260312,0.12016671211183884,0.0,0.9999999987499999,0.6561650517238145,0.31423143159166,0.2900788708875323,0.4158128294127525,sad,04,04,04,female,strong,444
60,2.0020000000000002,True,1.0,0.5221937589971779,0.5058046863390644,0.5139992226681211,0.9754242693709293,-0.0767592592592592,-0.06995370370370368,0.43374299883540524,0.2939634784405531,0.18826294450387393,0.526949388905004,0.016389072658113513,0.006805555555555509,0.015624080035190606,0.28543164622535644,0.10793445068285891,0.11651166309911494,0.0,0.9999999987499999,0.638550895491009,0.2888846783404029,0.31332399364632135,0.3968821922892534,sad,04,04,04,female,strong,444
70,2.3356666666666666,True,1.0,0.6059230569737778,0.6216826060590035,0.6138028315163906,0.8741492383028618,-0.07361111111111107,-0.06560185185185186,0.3652700423884503,0.36538137803249476,0.18777486363744877,0.7021716711760487,0.0157595490852257,0.008009259259259216,0.03594999978265074,0.2913750448172347,0.11156717854212812,0.11404473525767767,0.0,0.9999999987499999,0.638196334651048,0.28456439612402146,0.30646589410603264,0.3870413045198834,sad,04,04,04,female,strong,444
80,2.6693333333333333,True,1.0,0.6027037348255511,0.6284736949058101,0.6155887148656806,0.6411327906115282,-0.06708333333333344,-0.0589351851851852,0.43009670792518734,0.12688215280159965,0.19118344241757562,0.9601579015768589,0.025769960080259002,0.008148148148148238,0.028049116213987015,0.40058272028997544,0.10870918830405275,0.11693525256889166,0.0,0.9999999987499999,0.6266865698466886,0.2839301699767589,0.3019669843043289,0.3855252541382958,sad,04,04,04,female,strong,444
90,3.003,True,1.0,0.5692714347561175,0.5714196523386137,0.5703455435473657,0.4686291884823533,-0.06291666666666668,-0.055324074074074026,0.39686466913815166,0.05854248159328954,0.18829819813198714,1.2170508315848163,0.0021482175824961702,0.007592592592592651,0.024600492585924453,0.49287407295521,0.1114416854963999,0.11383312262527555,0.0,0.9999999987499999,0.6282910196656787,0.28224812649195613,0.29370414265082984,0.3713548058764914,sad,04,04,04,female,strong,444
100,3.336666666666667,True,1.0,0.3230689076587067,0.32223695163165755,0.3226529296451821,0.4471865480124709,-0.0700925925925926,-0.06458333333333333,0.4061542262074634,0.050455590048759914,0.18549729783568353,0.721517521220661,0.0008319560270491633,0.005509259259259269,0.010984951065536092,0.5118074859308585,0.10728916929963025,0.11513730960251185,0.0,0.9999999987499999,0.6342690278611445,0.2855967358468035,0.28603488261707904,0.38323926041845807,sad,04,04,04,female,strong,444
0,0.0,True,1.0,0.5427292884974589,0.5769980506822614,0.5598636695898602,0.9186428524526709,-0.0643981481481482,-0.05847222222222215,0.38413987218047235,0.31624065165171583,0.17228600199496916,0.6094464982719765,0.03426876218480246,0.005925925925926057,0.02061022713521978,0.2863181598344833,0.10153035428446999,0.11406666061397297,0.0,0.9766666596243282,0.6487661659273084,0.31134946411190967,0.2718957701601395,0.40681915152202724,sad,04,04,04,female,strong,445
10,0.33366666666666667,True,1.0,0.5486953582548517,0.5769843327230546,0.5628398454889532,0.896297919679028,-0.06351851851851847,-0.05759259259259253,0.38940787660813986,0.321159308082259,0.1729912164377913,0.6279606737127215,0.028288974468202888,0.005925925925925946,0.01322355932137974,0.3004494032358498,0.10056763482998683,0.11541264476497161,0.0,0.9999999987499999,0.6491836804878203,0.31043753579518285,0.27045744236480673,0.40266860990475745,sad,04,04,04,female,strong,445
20,0.6673333333333333,True,1.0,0.5819206398458818,0.5822296203465182,0.5820751300961999,0.9267686143092673,-0.06731481481481477,-0.06078703703703703,0.37862809040443296,0.3874196666374803,0.17223329679369817,0.6280695322532347,0.00030898050063632443,0.0065277777777777435,0.003522215646570684,0.28633033276239284,0.11338341154219161,0.11257818105962027,0.0,0.9999999987499999,0.6321098916207109,0.2852328481965938,0.2942822374382157,0.3865468350809537,sad,04,04,04,female,strong,445
30,1.0010000000000001,True,1.0,0.5751633389462111,0.5758787560015529,0.575521047473882,1.1144297300289798,-0.08083333333333331,-0.07587962962962957,0.4300567348701176,0.3648103500805648,0.18206558918309682,0.5164265022424662,0.0007154170553418382,0.004953703703703738,0.010174762024660599,0.24803144902072352,0.11018170494933398,0.1152185962200877,0.0,0.9999999987499999,0.6353546440216712,0.28759344578436935,0.32993408485073045,0.4243480514443602,sad,04,04,04,female,strong,445
40,1.3346666666666667,True,1.0,0.6351066652002068,0.6410533963104104,0.6380800307553085,0.7511013101105224,-0.0805555555555556,-0.0817592592592592,0.38143012005980775,0.3600356829389173,0.1900756703099937,0.8495259190287084,0.005946731110203607,0.0012037037037035958,0.03694691283693426,0.3500265508564325,0.11188820492524812,0.11539283358207893,0.0,0.9999999987499999,0.6278582286664667,0.2820884084411066,0.31414934964266833,0.4057369882302609,sad,04,04,04,female,strong,445
50,1.6683333333333334,True,1.0,0.6345658631504052,0.6132641165065209,0.623914989828463,1.1018978911947568,-0.09101851851851844,-0.08162037037037034,0.4287132042013211,0.3081585247753233,0.1988706184202498,0.5662185169915968,0.02130174664388429,0.0093981481481481,0.03445408637282653,0.25023887257619226,0.09813629834414651,0.1179724821183326,0.0,0.9999999987499999,0.6473174444934224,0.31219083045953944,0.2987413446497811,0.4182413741877362,sad,04,04,04,female,strong,445
60,2.0020000000000002,True,1.0,0.15594541910331322,0.17494332308440444,0.16544437109385884,0.5547687710940592,-0.09305555555555561,-0.08754629629629646,0.4488888468723918,0.13237718523588665,0.19795521143305858,0.2982222138560289,0.01899790398109122,0.005509259259259158,0.021594616947750812,0.473518356742039,0.10034267680837546,0.11756922355874716,0.0,0.9999999987499999,0.6466848546293517,0.3105037031332311,0.29055847347847213,0.4061677629704418,sad,04,04,04,female,strong,445
70,2.3356666666666666,True,1.0,0.37429248121230446,0.41289148857902563,0.39359198489566505,1.0064237953436599,-0.08458333333333334,-0.07999999999999996,0.3623058011136652,0.42456864051885485,0.19167303544672398,0.3910797684997766,0.03859900736672117,0.004583333333333384,0.000847025921399368,0.23729552241986415,0.10981809396220653,0.11572995811960413,0.0,0.9999999987499999,0.6300381385835584,0.284592870893424,0.3078958153478776,0.38864689994774254,sad,04,04,04,female,strong,445
80,2.6693333333333333,True,1.0,0.23377177099045374,0.2212212161319891,0.22749649356122142,0.7651701481218234,-0.08995370370370359,-0.08458333333333329,0.43977498995896525,0.20403640658584557,0.19792283433372324,0.29731490978788355,0.012550554858464624,0.005370370370370303,0.0019433536462825848,0.35662397884870467,0.1091034310392438,0.11673082796897842,0.0,0.9999999987499999,0.6159213812634429,0.2842959294352768,0.30805485143457645,0.3820888484560047,sad,04,04,04,female,strong,445
90,3.003,True,1.0,0.29255656558068005,0.3277095159845016,0.31013304078259085,0.5167674942220957,-0.07004629629629627,-0.06263888888888891,0.44871450578067695,0.05669704392419787,0.1931124547695311,0.6001403808291825,0.03515295040382155,0.007407407407407363,0.020941159707496763,0.5097685060713294,0.10493799442826685,0.11498751224089007,0.0,0.9999999987499999,0.6235597949023359,0.31261053512687065,0.2887099512154943,0.40035918561137684,sad,04,04,04,female,strong,445
100,3.336666666666667,True,1.0,0.42587460357343215,0.467937549216542,0.4469060763949871,0.5617861863991425,-0.06361111111111101,-0.05597222222222231,0.44355195008614373,0.1467825101685926,0.1827896276135042,0.7955091940930452,0.04206294564310986,0.007638888888888695,0.024805308057432862,0.4750350995112178,0.10148608088791325,0.11723551634793257,0.0,0.9999999987499999,0.6468912351659414,0.3101199181115848,0.28548675923733713,0.40371794541780637,sad,04,04,04,female,strong,445
110,3.6703333333333332,True,1.0,0.4703708765197037,0.5057471264367819,0.48805900147824277,0.6058881915992085,-0.06657407407407412,-0.060601851851851796,0.42282642446401275,0.21541008431309885,0.17849957907496095,0.8055265117315423,0.03537624991707816,0.005972222222222323,0.023797829895973115,0.43802979060535,0.11397504598474785,0.1126576652797556,0.0,0.9999999987499999,0.6335497244210184,0.28126442776129923,0.30828252393200367,0.391595803859015,sad,04,04,04,female,strong,445
0,0.0,True,1.0,0.5325318359287095,0.547228859336992,0.5398803476328506,0.5601538689492596,-0.06060185185185191,-0.05504629629629626,0.4488024242843744,0.1800494578765481,0.1715282225678134,0.9638072279060785,0.014697023408282495,0.005555555555555647,0.0001303190072915508,0.4687499999999999,0.11147896756798739,0.11479674450134938,0.0,0.9999999987499999,0.6462392284257453,0.29130991086028885,0.29126922188256404,0.39203005354534337,sad,04,04,04,female,strong,446
10,0.33366666666666667,True,1.0,0.46725691499921146,0.5150764744526786,0.491166694725945,0.6144660045128837,-0.060462962962962996,-0.05486111111111108,0.4310398976236309,0.17751240130372242,0.17015009905848213,0.7993390864891152,0.04781955945346711,0.005601851851851913,0.00265574749494227,0.41249999999999964,0.1096549279094905,0.11220938867693382,0.0,0.9999999987499999,0.6373587466783588,0.29118023250442965,0.2909409506033674,0.3862914744184264,sad,04,04,04,female,strong,446
20,0.6673333333333333,True,1.0,0.5299094229403885,0.530101741155308,0.5300055820478482,0.8061594672641441,-0.06314814814814812,-0.05662037037037032,0.4279839835377385,0.23911509622241572,0.1687518084393838,0.657445088186489,0.00019231821491949574,0.006527777777777799,0.0010900834866874544,0.3527542372881357,0.10837863409604138,0.11444581896488042,0.0,0.9999999987499999,0.6380632591552245,0.29141146516100935,0.29139080549447677,0.39074014623584835,sad,04,04,04,female,strong,446
30,1.0010000000000001,True,1.0,0.6157645750474534,0.632481303303431,0.6241229391754421,0.9921841281829483,-0.0724999999999999,-0.07523148148148145,0.4251906137131426,0.3927275658277846,0.18754068568996568,0.6290394307339296,0.016716728255977586,0.002731481481481557,0.010691564842830757,0.27342915573169957,0.10802787494623729,0.11609730238757347,0.0,0.9999999987499999,0.6312369145705157,0.28945271018680185,0.32512671129097337,0.41124870255214013,sad,04,04,04,female,strong,446
40,1.3346666666666667,True,1.0,0.33314157756586504,0.37525014163983317,0.3541958596028491,0.832192507369408,-0.07476851851851851,-0.07759259259259255,0.4404295543104884,0.28602198878561447,0.17598774736527675,0.42561769838865243,0.042108564073968124,0.0028240740740740344,0.02236979687441844,0.31789660504883244,0.10912229262035873,0.11654984413776152,0.0,0.9999999987499999,0.6331563724005227,0.28709820289246857,0.32408879091702925,0.40599992877224333,sad,04,04,04,female,strong,446
50,1.6683333333333334,True,1.0,0.5772346310005804,0.5975480966436746,0.5873913638221275,0.8804146444065339,-0.0771296296296296,-0.0712962962962963,0.4951543516631185,0.1349362045064538,0.19048976799342796,0.6671758217039583,0.02031346564309422,0.0058333333333333015,0.026786232136444234,0.2935809774148195,0.10899632084783385,0.11683084740099486,0.0,0.9999999987499999,0.6357410215101665,0.2888860199870979,0.3281505391196021,0.4095127664610028,sad,04,04,04,female,strong,446
60,2.0020000000000002,True,1.0,0.6446929864947402,0.6707948851091228,0.6577439358019315,0.5958284893462304,-0.07717592592592587,-0.06587962962962962,0.446285199705813,0.12937326307354263,0.19079671543897028,1.1039148808134995,0.026101898614382613,0.011296296296296249,0.0484416324786392,0.4082806187144816,0.09858458751675238,0.1159667159929932,0.0,0.9999999987499999,0.6556206972007553,0.31185302275679977,0.2868809108055521,0.40766197379942665,sad,04,04,04,female,strong,446
70,2.3356666666666666,True,1.0,0.5448437434055848,0.5496744626914644,0.5472591030485245,0.8280865566885354,-0.07898148148148143,-0.06800925925925927,0.3880588972494037,0.26595609669751424,0.1928190568109484,0.6608718601072071,0.004830719285879526,0.010972222222222161,0.04273274158197842,0.3058174049562988,0.09891293873241222,0.11601568239076573,0.0,0.9999999987499999,0.6537781479544943,0.312318626640944,0.2881483869421982,0.41186840220370674,sad,04,04,04,female,strong,446
80,2.6693333333333333,True,1.0,0.19051019152928267,0.18793257904620583,0.18922138528774424,0.8351929496031727,-0.0863888888888889,-0.07898148148148149,0.43861862382710465,0.21873229218190096,0.191842128769665,0.22656008456207571,0.0025776124830768354,0.007407407407407418,0.03059110790861959,0.33072507439981114,0.10934710280339383,0.11666601869847085,0.0,0.9999999987499999,0.6163627565244848,0.2874015426800255,0.3074594514761893,0.38875963730508334,sad,04,04,04,female,strong,446
90,3.003,True,1.0,0.6443721562680925,0.6505150001890323,0.6474435782285624,0.4301075268817198,-0.0621296296296297,-0.056666666666666754,0.4091282667834459,0.1003584229390677,0.1840381419464258,1.5053063193814096,0.006142843920939778,0.005462962962962947,0.007149137819317238,0.5822050099501995,0.11249239431654662,0.11330049486449834,0.0,0.9999999987499999,0.6249369027220263,0.2838922313081677,0.2990720595450343,0.3818149157511859,sad,04,04,04,female,strong,446
100,3.336666666666667,True,1.0,0.6646152895819252,0.6505329668290427,0.6575741282054839,0.4731383826120923,-0.061990740740740624,-0.05740740740740746,0.40921959339627806,0.15052216549823907,0.17778464410025674,1.3898135352603664,0.014082322752882459,0.004583333333333162,0.0060467854967285175,0.5112893648294519,0.11243249871517837,0.11200733265177716,0.0,0.9999999987499999,0.6328419754229817,0.2863699557310152,0.2963518218866256,0.3814678998945909,sad,04,04,04,female,strong,446
110,3.6703333333333332,True,1.0,0.3715231403032744,0.3878891604271137,0.37970615036519406,0.5389332854944224,-0.07212962962962965,-0.06763888888888892,0.4040330421694863,0.20392070261951148,0.17778164011680328,0.7045513064142032,0.01636602012383931,0.00449074074074074,0.005597375811694119,0.45608108108108075,0.11166835742487893,0.11377834139439597,0.0,0.9999999987499999,0.6380451877704206,0.28553977048518214,0.2985163314716372,0.3929136318204859,sad,04,04,04,female,strong,446
0,0.0,True,1.0,0.16153180013185786,0.17642351776983245,0.16897765895084516,0.6978818777571583,-0.07939814814814816,-0.07370370370370366,0.4464325204779961,0.20409753028747094,0.1743335662531196,0.24212931204619165,0.014891717637974589,0.005694444444444502,0.010465821502509244,0.3825410626969884,0.10772264215443006,0.11605270293785915,0.0,0.9999999987499999,0.6424139941757953,0.2884401628919406,0.29218735216024894,0.38091257902901926,sad,04,04,04,female,strong,447
10,0.33366666666666667,True,1.0,0.22615522092565107,0.2448000994867811,0.23547766020621608,0.5613533625059703,-0.08111111111111108,-0.07569444444444445,0.44317844293739556,0.15370389687663522,0.17431649776999442,0.4194820516528243,0.018644878561130035,0.005416666666666625,0.006143651871687898,0.4559791891907538,0.11004552200598111,0.11318111498335656,0.0,0.9999999987499999,0.6394454395039265,0.28728734405619955,0.2953373230513438,0.38243446722518554,sad,04,04,04,female,strong,447
20,0.6673333333333333,True,1.0,0.274923101831648,0.2887891141865465,0.2818561080090972,0.9363005544775064,-0.07601851851851849,-0.07101851851851854,0.4290815059712161,0.3053153981991869,0.17432131212675442,0.30103165768857665,0.013866012354898538,0.004999999999999949,0.009546060883023035,0.3101214351796183,0.10930224781778076,0.11489832030734864,0.0,0.9999999987499999,0.6343865008112621,0.2894218951094803,0.2999096907887273,0.3914188489273456,sad,04,04,04,female,strong,447
30,1.0010000000000001,True,1.0,0.19089380166659592,0.233994802569884,0.21244430211823995,1.0105066466630446,-0.08546296296296302,-0.08777777777777779,0.4201905779115009,0.3875455726507864,0.18211209740280165,0.2102354327106964,0.043101000903288084,0.0023148148148147696,0.0194655047568843,0.27104763108427127,0.10732037123850752,0.11756471852601706,0.0,0.9999999987499999,0.639429106705182,0.28851936881171036,0.30809635741651703,0.4029856593694668,sad,04,04,04,female,strong,447
40,1.3346666666666667,True,1.0,0.16657641955218722,0.19269262302047935,0.17963452128633328,0.7121027973055523,-0.08532407407407411,-0.08791666666666664,0.458171162227724,0.1842351129903947,0.18368298104921627,0.2522592552171297,0.026116203468292132,0.0025925925925925353,0.0320304590234683,0.3652591556020738,0.1097679147145422,0.1162701754956622,0.0,0.9999999987499999,0.6356060040969513,0.2886678332046762,0.31076072154776996,0.39570402310426,sad,04,04,04,female,strong,447
50,1.6683333333333334,True,1.0,0.5147778453154266,0.5385980220536464,0.5266879336845365,0.8880425549857491,-0.07916666666666666,-0.06999999999999995,0.4797943368137767,0.08991084982522757,0.1948211460242426,0.5930886202778746,0.02382017673821979,0.009166666666666712,0.044395790155462515,0.2989011547696235,0.09622213066461241,0.11777265275453272,0.0,0.9999999987499999,0.650432188523847,0.316665391885705,0.293844018592111,0.42680099521678994,sad,04,04,04,female,strong,447
60,2.0020000000000002,True,1.0,0.5431861956899606,0.5633067122250596,0.5532464539575102,1.0360434726442274,-0.0797222222222222,-0.06990740740740736,0.4109344869278202,0.25894354836790945,0.19348544065059473,0.5339992660206571,0.020120516535098942,0.009814814814814832,0.046521692448527226,0.2765634520559059,0.09578159377217647,0.11845332564148658,0.0,0.9999999987499999,0.6514646771990046,0.3142884919562723,0.2809646600716959,0.40572629810812955,sad,04,04,04,female,strong,447
70,2.3356666666666666,True,1.0,0.6274578923647797,0.6546524281260436,0.6410551602454116,0.9036458988583117,-0.07407407407407407,-0.06365740740740738,0.37215695675769134,0.28817767663142957,0.19068791969091642,0.7094096936148733,0.02719453576126396,0.010416666666666685,0.03917302968733701,0.280119724556017,0.09887333847028935,0.1167042704413578,0.0,0.9999999987499999,0.6523630143229167,0.31472955119714696,0.28089863749290966,0.4026554039835195,sad,04,04,04,female,strong,447
80,2.6693333333333333,True,1.0,0.18650924799203072,0.21632113287358215,0.20141519043280642,0.7769784564813187,-0.08657407407407408,-0.07888888888888895,0.4297193440545338,0.17407668054220962,0.19338762614727917,0.2592287968252684,0.029811884881551426,0.007685185185185128,0.03757222359071926,0.35068825179732016,0.11014365685075754,0.11656989086354781,0.0,0.9999999987499999,0.6204935960009004,0.2861675759539347,0.3033758850159447,0.38443955607456737,sad,04,04,04,female,strong,447
90,3.003,True,1.0,0.5874921858403777,0.597701149425288,0.5925966676328328,0.5141106870690434,-0.06388888888888894,-0.05486111111111114,0.41513435373905194,0.09027502284475138,0.1844005208652884,1.152663584978635,0.010208963584910302,0.009027777777777801,0.044684458752357735,0.4892541750097405,0.11075978896739055,0.114662993891905,0.0,0.9999999987499999,0.622043896339786,0.2844788113285543,0.2918160191185241,0.37841496834390204,sad,04,04,04,female,strong,447
100,3.336666666666667,True,1.0,0.2624341906029672,0.2680141095067131,0.2652241500548401,0.5453776535663715,-0.07328703703703704,-0.06444444444444447,0.414068435865267,0.1117677608463688,0.1850230687103143,0.48631282987204905,0.0055799189037459285,0.008842592592592569,0.039455992641070366,0.4674674122549724,0.10836117178446483,0.113459272742528,0.0,0.9999999987499999,0.63104596945028,0.28596957846345894,0.29098679301424013,0.38834592774289833,sad,04,04,04,female,strong,447
110,3.6703333333333332,True,1.0,0.5256476703770144,0.536398467432951,0.5310230689049827,0.6359068060973292,-0.06361111111111112,-0.05476851851851855,0.4260647543272892,0.1487866356685082,0.18081945712122888,0.83506429529189,0.010750797055936623,0.008842592592592569,0.032703272733073954,0.4328233830665666,0.11186354863420546,0.11325048173176346,0.0,0.9999999987499999,0.625616995407538,0.2843623354693632,0.2896897921056919,0.3832171207732944,sad,04,04,04,female,strong,447
0,0.0,True,1.0,0.6676490936235202,0.6815350012639354,0.6745920474437278,0.6112196691277744,-0.06046296296296294,-0.06351851851851859,0.40435043042157914,0.23209743609792932,0.17227384825771833,1.1036818373439903,0.013885907640415196,0.0030555555555556446,0.03406329962218737,0.38566160489132056,0.11102076292229729,0.11390966323198753,0.0,0.9999999987499999,0.633244682357318,0.28868778818878343,0.28262646036255606,0.39635168364836393,angry,05,04,04,female,normal,448
10,0.33366666666666667,True,1.0,0.630425363280636,0.6342954840982022,0.6323604236894191,0.6355708989180995,-0.06078703703703703,-0.062453703703703733,0.4067175374191214,0.24506135516586405,0.17173531452876376,0.9949486749092109,0.003870120817566214,0.0016666666666667052,0.038354198636462764,0.3562143465684508,0.1108856884851095,0.11337093753103664,0.0,0.9821121698625683,0.6309191479013481,0.28822509468950136,0.284801657626287,0.39521455325046717,angry,05,04,04,female,normal,448
20,0.6673333333333333,True,1.0,0.6011742249116678,0.6237581173069292,0.6124661711092985,0.6723799941074347,-0.06231481481481482,-0.06374999999999992,0.39833850911084695,0.2551110153027713,0.1708910230424241,0.9108929124554486,0.022583892395261373,0.001435185185185095,0.0384189381930998,0.3523138731075178,0.1100289483146586,0.11336540999165527,0.0,0.9999999987499999,0.6284970813637956,0.2889852551001632,0.28185087963890176,0.3934166546329686,angry,05,04,04,female,normal,448
30,1.0010000000000001,True,1.0,0.6069122071271413,0.6482366842570446,0.627574445692093,1.1324081890170807,-0.06680555555555551,-0.06907407407407407,0.4266206506272788,0.4156584376005982,0.16889287955047735,0.554194549084656,0.04132447712990328,0.0022685185185185586,0.03409754925967987,0.23789862748430163,0.11003619742635345,0.11386146296457973,0.0,0.9999999987499999,0.6312354521965036,0.2963324500410925,0.30051157725032357,0.4091148820667042,angry,05,04,04,female,normal,448
40,1.3346666666666667,True,1.0,0.5039452436240986,0.5664023806207036,0.5351738121224011,0.8567181454171175,-0.06777777777777771,-0.07175925925925924,0.3987901251138915,0.3843606740851696,0.16601471155340566,0.6246789740420831,0.062457136996604934,0.00398148148148153,0.021223158604707932,0.26209155412647783,0.11103388834437238,0.1127198704057393,0.0,0.9999999987499999,0.6332648547231392,0.2911729990169197,0.28650491772415365,0.39364266543667664,angry,05,04,04,female,normal,448
50,1.6683333333333334,True,1.0,0.5268077419561868,0.5749738959581839,0.5508908189571854,1.1621567743080414,-0.06750000000000006,-0.06791666666666668,0.4001508609146293,0.45585135402051874,0.16551937677996115,0.47402453019747764,0.048166154001997086,0.0004166666666666208,0.019912323861966535,0.22387988294452016,0.09963113626787624,0.11457104764174414,0.0,0.9999999987499999,0.6616829183626575,0.2921553470850527,0.253359877050498,0.35994318613852894,angry,05,04,04,female,normal,448
60,2.0020000000000002,True,1.0,0.49539086523741266,0.550636895572387,0.5230138804048998,0.8835150195000175,-0.06537037037037041,-0.0672685185185185,0.4149402250905389,0.37026256313661765,0.16609006251495903,0.5919694276401483,0.05524603033497438,0.0018981481481480933,0.02146343294754485,0.2851942416317928,0.10972109754889814,0.11466468544386747,0.0,0.9352428476844448,0.6379343542495122,0.2934090952763174,0.26935858838663235,0.37008657760550084,angry,05,04,04,female,normal,448
70,2.3356666666666666,True,1.0,0.5199388629935616,0.5498183830586237,0.5348786230260927,1.0082213038192114,-0.06606481481481485,-0.06754629629629622,0.3674466332527031,0.4398161952375601,0.174810807157605,0.5305170809225472,0.029879520065062115,0.0014814814814813615,0.0064410735181208885,0.2280917174385078,0.10767100357252372,0.11361246969061994,0.0,0.9999999987499999,0.6380232626722565,0.2953555822666788,0.27056145663650877,0.3702905595544236,angry,05,04,04,female,normal,448
80,2.6693333333333333,True,1.0,0.5953293803635535,0.6189330372631945,0.607131208813374,0.8582663668006051,-0.06425925925925918,-0.06375000000000008,0.4032620344842495,0.3779443500749227,0.17267525539914652,0.7073925208983803,0.023603656899640946,0.0005092592592590983,0.024292507991414292,0.2783510239606381,0.09905943102099125,0.11654635526177899,0.0,0.9999999987499999,0.651630702937425,0.3153801372868213,0.26820255205287497,0.41063489268347203,angry,05,04,04,female,normal,448
90,3.003,True,1.0,0.5615333279778777,0.5921101686242206,0.5768217483010492,0.8218362908763355,-0.06231481481481477,-0.06231481481481477,0.3830765391447151,0.365082354354448,0.17386405185153883,0.701869404776438,0.030576840646342918,0.0,0.01897776905333375,0.29386536660857765,0.10096672050714177,0.11588860528420981,0.0,0.9999999987499999,0.6535820926339285,0.3144417942142136,0.2664265649499922,0.40799150901709713,angry,05,04,04,female,normal,448
100,3.336666666666667,True,1.0,0.5769980506822615,0.635145390843573,0.6060717207629173,0.8592350608420072,-0.06282407407407414,-0.06240740740740741,0.3721066038920826,0.3902349881901277,0.17245640846689675,0.7053619531877545,0.05814734016131151,0.0004166666666667318,0.019225723121793166,0.27828761862485996,0.1020542099437767,0.11559325891942797,0.0,0.9999999987499999,0.6537537281553247,0.3137641090314961,0.267079318636719,0.4069761244884175,angry,05,04,04,female,normal,448
110,3.6703333333333332,True,1.0,0.6235959060267522,0.6563521725598865,0.6399740392933193,0.8451848525090953,-0.06254629629629627,-0.06231481481481488,0.37410166858618976,0.3987690656476338,0.17455749002128462,0.7572000816075113,0.03275626653313435,0.00023148148148138814,0.017049401431913146,0.2816146526542918,0.10108240121221801,0.11578771804351785,0.0,0.9999999987499999,0.6517875916929272,0.31437604007170394,0.264741214396861,0.4040765264732471,angry,05,04,04,female,normal,448
0,0.0,True,1.0,0.6427030424752993,0.6794043224348624,0.6610536824550808,0.6687648822086849,-0.061388888888888826,-0.06041666666666662,0.37935154521145803,0.31872070725875695,0.17222931003000191,0.9884694906106062,0.03670127995956307,0.0009722222222222077,0.010766158555459805,0.3277485630257733,0.09872822118183718,0.11682706082580448,0.0,0.9999999987499999,0.6638891466352165,0.31123549108593873,0.2607789111739795,0.4023471771940252,angry,05,04,04,female,normal,449
10,0.33366666666666667,True,1.0,0.6904245262727551,0.6833005189447043,0.6868625226087297,0.6321320809127927,-0.06189814814814809,-0.06111111111111106,0.3911934071389807,0.285733973106289,0.17430730635602565,1.0865807057552066,0.007124007328050741,0.0007870370370370305,0.00594152099022368,0.3353963129775696,0.10027527793511956,0.11648740755702694,0.0,0.9999999987499999,0.6629442624237195,0.31113468594695765,0.263610730091052,0.40252467611868026,angry,05,04,04,female,normal,449
20,0.6673333333333333,True,1.0,0.7022294265462427,0.7260561486389434,0.714142787592593,0.6375151182429264,-0.06254629629629632,-0.06157407407407406,0.38378671804867703,0.2881671934571649,0.17570139218256636,1.1201974151779526,0.02382672209270076,0.0009722222222222632,0.010029629523095529,0.34793356132698283,0.10227978912863672,0.1171957824907363,0.0,0.9999999987499999,0.6615280716583508,0.3118019328247996,0.26470935575571275,0.40093716488608433,angry,05,04,04,female,normal,449
30,1.0010000000000001,True,1.0,0.6542861189986094,0.6701805795705674,0.6622333492845884,1.2426105477130047,-0.06759259259259259,-0.06763888888888892,0.4296547319767933,0.4369536032091611,0.17293828499713917,0.5329371704621478,0.01589446057195798,4.629629629632204e-05,0.0010007147629518894,0.21634202081187842,0.10912545496488853,0.11572664454047189,0.0,0.9999999987499999,0.6420825556472589,0.28918738179070225,0.30720078353724206,0.4146519864592804,angry,05,04,04,female,normal,449
40,1.3346666666666667,True,1.0,0.6446219211756766,0.6776585392536767,0.6611402302146767,1.004742447197791,-0.07097222222222227,-0.06944444444444453,0.36127182572747757,0.5739326871420869,0.17781253580877124,0.6580196069734937,0.03303661807800007,0.001527777777777739,0.025427942001943215,0.23260146370280244,0.11300912399784284,0.11396142523600261,0.0,0.9999999987499999,0.6386248320031138,0.28540747997384264,0.29725069899962553,0.3926295491149856,angry,05,04,04,female,normal,449
50,1.6683333333333334,True,1.0,0.6398123183857466,0.6744396915902745,0.6571260049880105,1.304347701097298,-0.0703703703703703,-0.0671296296296296,0.40213094463986554,0.5159169852459149,0.17785028992138455,0.5037966521006596,0.03462737320452791,0.0032407407407407107,0.02187178276603727,0.21658782333533222,0.1003949759473168,0.117848342444291,0.0,0.9999999987499999,0.6626660592361944,0.3119068894251687,0.2887031900580563,0.43544440042085075,angry,05,04,04,female,normal,449
60,2.0020000000000002,True,1.0,0.6226051315607147,0.6427030424753015,0.6326540870180082,0.8640745843498364,-0.07194444444444437,-0.06814814814814807,0.41101195840319477,0.34132242433184434,0.1758350826348498,0.7321753219880225,0.020097910914586792,0.0037962962962962976,0.027803242750800608,0.2920010600358791,0.1123384584052162,0.11495454408829599,0.0,0.9999999987499999,0.638709858388668,0.2855182644972674,0.29485660761236826,0.3881432413232628,angry,05,04,04,female,normal,449
70,2.3356666666666666,True,1.0,0.6716853859833304,0.6893314333720987,0.6805084096777145,1.096443790574279,-0.07495370370370374,-0.07101851851851854,0.306222311302201,0.45350896975244276,0.18495996866272457,0.6206505208272355,0.017646047388768293,0.003935185185185208,0.02869268941117459,0.19130818450546871,0.09893817660866236,0.11648586635749823,0.0,0.9999999987499999,0.6634332608433999,0.3098782346373574,0.27103896166568175,0.40756549013947047,angry,05,04,04,female,normal,449
80,2.6693333333333333,True,1.0,0.697546983811927,0.7220528283391595,0.7097999060755433,0.7603949290159421,-0.06564814814814807,-0.06166666666666665,0.3943029197198904,0.3288439248993584,0.17943261096045243,0.9334621773374057,0.02450584452723248,0.003981481481481419,0.02299282824810303,0.32661854479167485,0.10069651763484429,0.11677788579395255,0.0,0.9999999987499999,0.6592526520217462,0.3113133088043379,0.26686318004579124,0.40080628293331244,angry,05,04,04,female,normal,449
90,3.003,True,1.0,0.6716939103491486,0.7079795161464147,0.6898367132477816,0.8451848525090965,-0.06412037037037044,-0.06157407407407406,0.3688363238448926,0.38313106307321687,0.17670392382661576,0.8161962571854743,0.03628560579726614,0.0025462962962963798,0.028901651632596725,0.29665313258193,0.09803970340610474,0.11544172982288176,0.0,0.9999999987499999,0.6601113346510479,0.31103738763003697,0.26387894234329257,0.3989439685058733,angry,05,04,04,female,normal,449
100,3.336666666666667,True,1.0,0.7287605985330982,0.7794429601718689,0.7541017793524836,0.8437539897472869,-0.06361111111111112,-0.06087962962962967,0.36441556174240647,0.3740330822625455,0.17529446487000813,0.8937460308523636,0.05068236163877071,0.002731481481481446,0.023722741667765637,0.2784489513961443,0.0999339236227307,0.11579738644881461,0.0,0.9999999987499999,0.6577315453056222,0.31271306523382497,0.2635111742131672,0.3972466655875285,angry,05,04,04,female,normal,449
0,0.0,True,1.0,0.6504996733429922,0.7133998045950133,0.6819497389690028,0.7107399205801777,-0.06240740740740741,-0.061342592592592615,0.36755923488865083,0.339216780276903,0.17084047876316608,0.9594926628186673,0.0629001312520211,0.0010648148148147962,0.014026950464800533,0.33316245835481656,0.11087196995391811,0.11405449336194627,0.0,0.9999999987499999,0.6358425742250025,0.286535576793428,0.284600332375336,0.39411007721947333,angry,05,04,04,female,normal,450
10,0.33366666666666667,True,1.0,0.6508665299478552,0.6372034839569829,0.644035006952419,0.6803389181308311,-0.06324074074074076,-0.06111111111111117,0.40044867329098316,0.25141080410689287,0.17085521526842085,0.9466384911829624,0.013663045990872313,0.0021296296296295925,0.008513577311459812,0.30875974719266563,0.09947427977232906,0.1174969065264616,0.0,0.9999999987499999,0.6584207434848939,0.3134981061440764,0.261885759727036,0.39764915141832125,angry,05,04,04,female,normal,450
20,0.6673333333333333,True,1.0,0.6458750380893856,0.6701805795705665,0.658027808829976,0.7394435414908597,-0.061481481481481415,-0.06060185185185191,0.3999999999999999,0.26619967493670865,0.17158158900111736,0.8898959445953994,0.024305541481180915,0.0008796296296295081,0.014059857757438532,0.30440772411356504,0.09735168503048129,0.11552884491695797,0.0,0.9999999987499999,0.6579765208817903,0.31387426602932217,0.26229969246948787,0.39837360474633415,angry,05,04,04,female,normal,450
30,1.0010000000000001,True,1.0,0.517699512038442,0.516901760421947,0.5173006362301945,1.4256592482090058,-0.07976851851851863,-0.07615740740740745,0.33489411211456505,0.6247657106749291,0.176410081713312,0.36285012486683405,0.0007977516164949794,0.003611111111111176,0.014361067003464801,0.15970681914371399,0.10882627302814966,0.11452042590113048,0.0,0.9999999987499999,0.6410956352619173,0.28941427622513266,0.29626653060843183,0.38154402659320147,angry,05,04,04,female,normal,450
40,1.3346666666666667,True,1.0,0.45858903440734017,0.4912416827652909,0.4749153585863155,0.9505625433760767,-0.0784259259259259,-0.07606481481481486,0.4018492614094111,0.3434592104504409,0.1736972225678841,0.4996150562587673,0.03265264835795073,0.002361111111111036,0.02186419778324213,0.24410727776144092,0.11027968037818857,0.11446095109686429,0.0,0.9999999987499999,0.6401905653745874,0.2878359640065657,0.2948663590186086,0.3821542254645582,angry,05,04,04,female,normal,450
50,1.6683333333333334,True,1.0,0.6875313507398388,0.7046499096692563,0.6960906302045475,0.9644295016751689,-0.07462962962962966,-0.07124999999999992,0.45265670316972406,0.2378324167000343,0.18001417588245391,0.7217641403497826,0.017118558929417493,0.0033796296296297323,0.018727931322396803,0.24886945575556219,0.09842418999373699,0.1175704659584749,0.0,0.9999999987499999,0.6653288039747149,0.31265519450589735,0.2800912135174776,0.42132416397557376,angry,05,04,04,female,normal,450
60,2.0020000000000002,True,1.0,0.5871519520759289,0.6016641409388415,0.5944080465073851,0.9054737290508943,-0.06902777777777774,-0.06583333333333324,0.3869635522864907,0.38567735025719,0.1738236762938153,0.6564608419180045,0.014512188862912612,0.0031944444444444997,0.02762013815796601,0.2509542818173738,0.11182786451331903,0.11345376940138273,0.0,0.9999999987499999,0.6390470695778312,0.2872706652136083,0.29706963896344,0.3920337873755295,angry,05,04,04,female,normal,450
70,2.3356666666666666,True,1.0,0.652620474345488,0.6885781308794393,0.6705993026124637,1.0189714191762533,-0.06884259259259262,-0.06587962962962962,0.3856697697962633,0.41202764607563946,0.17462434901753096,0.6581139470571048,0.03595765653395133,0.0029629629629630005,0.03759325910789395,0.24165293172422392,0.09915205526467913,0.1180920539703197,0.0,0.9999999987499999,0.6642345264277586,0.3100311138082956,0.2710665443548995,0.4069617277528899,angry,05,04,04,female,normal,450
80,2.6693333333333333,True,1.0,0.6633595376729857,0.6780697155332187,0.6707146266031022,0.8111941332338465,-0.06476851851851845,-0.061435185185185204,0.3985001167782887,0.34737435532751765,0.17393117740503056,0.8268238133445085,0.014710177860232987,0.0033333333333332438,0.027782891514102376,0.31570389859618964,0.10069323854303243,0.1182398854605659,0.0,0.9999999987499999,0.6650148279155411,0.3098718790637557,0.27003388653620314,0.40706949217435173,angry,05,04,04,female,normal,450
90,3.003,True,1.0,0.41833442564190865,0.43160673285506584,0.42497057924848725,0.7851197775917343,-0.07601851851851849,-0.07134259259259257,0.3882304871590529,0.36274890350494604,0.1726204591835018,0.5412812049545309,0.013272307213157197,0.004675925925925917,0.0374948249186499,0.3023593964812754,0.1004302648537304,0.11651743789422885,0.0,0.9999999987499999,0.6660572369650987,0.30970740832342475,0.26626005754947185,0.40414017844445194,angry,05,04,04,female,normal,450
100,3.336666666666667,True,1.0,0.6626663330009221,0.6927176179037583,0.6776919754523403,0.8240842125703773,-0.06532407407407398,-0.06115740740740744,0.37796677547914953,0.3886241299293587,0.17403291316335887,0.822357673056945,0.03005128490283615,0.004166666666666541,0.03913571267758763,0.2965086390978745,0.1000658106767724,0.11634033317404048,0.0,0.9999999987499999,0.6678831848520658,0.3090332036182475,0.26715275148812945,0.4089944237503613,angry,05,04,04,female,normal,450
0,0.0,True,1.0,0.5967021962745306,0.658777991325333,0.6277400937999318,0.8465130773948486,-0.06097222222222215,-0.060972222222222205,0.3567497151940802,0.4394328086611126,0.16977236620060412,0.7415598300404377,0.06207579505080241,5.551115123125783e-17,0.005307137258260374,0.260265758549455,0.10348707519066459,0.11580252186995255,0.0,0.9999999987499999,0.6437009283322703,0.3132215850535914,0.2779752156612019,0.4113047975275319,angry,05,04,04,female,normal,451
10,0.33366666666666667,True,1.0,0.713003568404934,0.7398263517430765,0.7264149600740053,0.8295058341560178,-0.060324074074073974,-0.06004629629629621,0.35550698326824154,0.4145260610970198,0.16910408453449605,0.8757201337988147,0.026822783338142586,0.0002777777777777657,0.0004186609313122627,0.26528592336588375,0.09935999610369715,0.11313460995923122,0.0,0.9999999987499999,0.6462047477741096,0.3137197392976292,0.2643059945815034,0.39920260840075406,angry,05,04,04,female,normal,451
20,0.6673333333333333,True,1.0,0.7232655833428522,0.742480319704503,0.7328729515236776,1.0312756235675826,-0.07166666666666671,-0.06907407407407407,0.35178502758007274,0.49867606695304195,0.18098773063933174,0.7106470227507032,0.01921473636165083,0.0025925925925926463,0.002863570771234653,0.21997364903042343,0.10103602271238793,0.11483704068737965,0.0,0.9999999987499999,0.6403526165075405,0.3141658471401568,0.2723335473767146,0.4074975808622652,angry,05,04,04,female,normal,451
30,1.0010000000000001,True,1.0,0.7719855170595786,0.8263708911515102,0.7991782041055444,1.380347149560301,-0.0826851851851852,-0.08305555555555555,0.3531264520710952,0.6649832496465679,0.20437051827854238,0.5789689965746055,0.05438537409193156,0.00037037037037035425,0.014962832492413432,0.16655708589568988,0.09767797068599253,0.1168944742246614,0.0,0.9999999987499999,0.633430934741084,0.3210406032119126,0.27853735639447375,0.4037566097258553,angry,05,04,04,female,normal,451
40,1.3346666666666667,True,1.0,0.6926186414427755,0.7137515101629334,0.7031850758028544,1.2419876025152212,-0.08041666666666664,-0.07999999999999996,0.3759201107615996,0.49953053997687913,0.1930010797254088,0.566177210125764,0.02113286872015785,0.0004166666666666763,0.04046543503826868,0.19141692951208447,0.09717289485409095,0.11435410579155504,0.0,0.9999999987499999,0.6434186669746025,0.31844059541469877,0.2730825049818026,0.4030869020168032,angry,05,04,04,female,normal,451
50,1.6683333333333334,True,1.0,0.6160730661665097,0.6601117485429031,0.6380924073547064,1.0737731958686343,-0.06875000000000003,-0.07,0.4036872192455758,0.4004700555909523,0.17778863343897278,0.59425250118906,0.04403868237639341,0.0012499999999999734,0.0313505527619918,0.2382975102578067,0.11227312852075325,0.11233680561244677,0.0,0.9999999987499999,0.6260527220341261,0.2899739998044221,0.29094125821667527,0.3883684361904939,angry,05,04,04,female,normal,451
60,2.0020000000000002,True,1.0,0.6244262279306547,0.669221809401706,0.6468240186661803,0.6912705949505272,-0.06537037037037036,-0.06694444444444447,0.4142211327992029,0.22775925863954838,0.17941404837784833,0.935703071114246,0.04479558147105123,0.0015740740740741166,0.02272819971231705,0.3353850902403088,0.11168747147149165,0.11325603689998083,0.0,0.9999999987499999,0.6241859888564801,0.2865729466307657,0.27700445791202216,0.37781633706004486,angry,05,04,04,female,normal,451
70,2.3356666666666666,True,1.0,0.5725047080979291,0.5974108218893496,0.5849577649936393,0.9536808560035058,-0.06944444444444453,-0.06893518518518527,0.39288107590725085,0.4106779932648769,0.18075995458352442,0.6133684673560112,0.024906113791420492,0.0005092592592592649,0.00036673258190650176,0.22701764147629805,0.10278920008079047,0.1154363697657126,0.0,0.9999999987499999,0.6365909911230118,0.3142139438027958,0.28312056140211667,0.40909653621877456,angry,05,04,04,female,normal,451
80,2.6693333333333333,True,1.0,0.6265423096269528,0.6836114509210045,0.6550768802739786,0.9512607479384597,-0.06759259259259259,-0.06675925925925924,0.3848961164641899,0.3640279857271456,0.18294316141040504,0.6886407135936589,0.05706914129405172,0.0008333333333333526,0.004347941734738846,0.2552725696172346,0.11238553433064008,0.11256337260176735,0.0,0.9075226003505396,0.6166941273618823,0.28922490319769806,0.2859698200527839,0.38008672545521177,angry,05,04,04,female,normal,451
90,3.003,True,1.0,0.6255320955627698,0.6620119993373748,0.6437720474500723,0.8175188494541802,-0.06532407407407409,-0.06486111111111115,0.3911550964372343,0.3210223997201671,0.18237332826978161,0.7874705860053127,0.03647990377460497,0.0004629629629629428,0.00955843329896404,0.3033106275772403,0.1121309091293215,0.11298577053501026,0.0,0.9999999987499999,0.6211488777464111,0.2885490963323959,0.2816576705761583,0.3790239769387935,angry,05,04,04,female,normal,451
100,3.336666666666667,True,1.0,0.3796527834153945,0.39487280015453935,0.3872627917849669,0.7640145898076808,-0.08050925925925922,-0.07958333333333334,0.38822469535121046,0.31572444243965286,0.1795754198305967,0.5068787912577029,0.01522001673914486,0.0009259259259258856,0.012139371202109544,0.31588463427788727,0.11161377202673564,0.11383188882958378,0.0,0.9746557427506337,0.6213280843743747,0.2897735456051912,0.27603140202930193,0.366393665292114,angry,05,04,04,female,normal,451
110,3.6703333333333332,True,1.0,0.6558379215813112,0.7027243227460489,0.6792811221636801,0.8286936427986833,-0.06662037037037033,-0.0652314814814815,0.3781289726789128,0.3537822797620057,0.18098773063933174,0.8197011381306079,0.046886401164737745,0.0013888888888888284,0.006768340581522739,0.2985620571917932,0.11215102538947265,0.11279702425968077,0.0,0.9999999987499999,0.6224196729941976,0.2890747717420901,0.2805766779833508,0.37797189054949254,angry,05,04,04,female,normal,451
0,0.0,True,1.0,0.6619329944291992,0.6694936378243854,0.6657133161267923,0.6183447449945614,-0.06453703703703711,-0.062083333333333324,0.38592468039446476,0.30141326183314776,0.1687662752568252,1.076605439790141,0.007560643395186251,0.002453703703703791,0.0003472282502360342,0.3515277437259736,0.10209519416769205,0.11832667370773056,0.0,0.9999999987499999,0.6554912929859444,0.316249055237916,0.262599053013238,0.40370064029815145,angry,05,04,04,female,strong,452
10,0.33366666666666667,True,1.0,0.6685629618314042,0.6526914872983051,0.6606272245648546,0.6230405839506177,-0.065,-0.06282407407407398,0.3873903709825911,0.2735042735042725,0.170167585448421,1.0603277564615534,0.015871474533099117,0.0021759259259260255,0.0009156937437133606,0.34295552999184653,0.1009394890874694,0.1167312587311337,0.0,0.9999999987499999,0.6543712914931598,0.31526567449617793,0.26508436213831343,0.40255552767990294,angry,05,04,04,female,strong,452
20,0.6673333333333333,True,1.0,0.6359728672779766,0.6475403819535122,0.6417566246157445,0.7160108990085714,-0.06689814814814815,-0.0653703703703703,0.37386240887361993,0.3424143954603826,0.17165627413460116,0.8962944914726249,0.011567514675535517,0.00152777777777785,0.007323677560750353,0.3329886098785346,0.11224649691525442,0.11537507646058805,0.0,0.9999999987499999,0.6415861629182924,0.2864821687587109,0.2889390651356698,0.3907885757566291,angry,05,04,04,female,strong,452
30,1.0010000000000001,True,1.0,0.4837493615861911,0.5137754406320828,0.49876240110913694,1.2151202717422513,-0.09134259259259264,-0.09078703703703689,0.449688953442349,0.44121091763639336,0.18611766999740337,0.4104634024367041,0.030026079045891718,0.0005555555555557534,0.006213413572867693,0.22521056750724408,0.10635412271887061,0.11681988798824905,0.0,0.9999999987499999,0.643198008711297,0.29395791338781874,0.31250575353827403,0.41444763882662117,angry,05,04,04,female,strong,452
40,1.3346666666666667,True,1.0,0.34610463966807087,0.4110316075529975,0.37856812361053416,1.071379493481551,-0.08837962962962964,-0.08689814814814806,0.3640600839819168,0.6365956474084731,0.18194612173871702,0.35334643411956723,0.06492696788492663,0.0014814814814815835,0.018497687327812165,0.2220016265051823,0.10162414956296684,0.11679004768487339,0.0,0.9999999987499999,0.6697396294611594,0.30614433213044523,0.28543306142108743,0.41942459622083045,angry,05,04,04,female,strong,452
50,1.6683333333333334,True,1.0,0.6943523722481028,0.752681587406672,0.7235169798273874,2.0953394696209124,-0.08828703703703705,-0.08694444444444444,0.33885991981624897,0.8933278191633919,0.2056757761534294,0.34529821554799695,0.05832921515856926,0.0013425925925926174,0.0014204496431124074,0.1273955279978151,0.09778824315294758,0.11598380846200286,0.0,0.9999999987499999,0.6429429558932949,0.314230903543859,0.28426438326374254,0.41711221969500467,angry,05,04,04,female,strong,452
60,2.0020000000000002,True,1.0,0.421081644577689,0.46023872658122106,0.440660185579455,0.4681073206773047,-0.08398148148148149,-0.08060185185185187,0.40217717629312416,0.12384298631147224,0.19047174398086422,0.9413657213090869,0.03915708200353207,0.0033796296296296213,0.0007001475017654185,0.48041716047554855,0.10606199548727537,0.11495036948453324,0.0,0.9999999987499999,0.6393093597595289,0.3076818813285371,0.2795563700725217,0.38761259116506425,angry,05,04,04,female,strong,452
70,2.3356666666666666,True,1.0,0.40011798887445155,0.4181767543961918,0.40914737163532167,1.0710962259661585,-0.08523148148148146,-0.08189814814814816,0.35587537082404924,0.39366417826202244,0.20020169578237992,0.38198936913091946,0.01805876552174024,0.0033333333333332993,0.0028875364941352427,0.21948421959371953,0.10223258868600368,0.11820798701251961,0.0,0.9999999987499999,0.6582036218080982,0.28112296227122946,0.24254160496680013,0.3401604977253176,angry,05,04,04,female,strong,452
80,2.6693333333333333,True,1.0,0.8591270692367444,0.8892680427808518,0.8741975560087981,0.9586100822878133,-0.0643981481481481,-0.06435185185185194,0.39782599721445305,0.3030795832586065,0.19447622372529053,0.9119427931765992,0.030140973544107386,4.6296296296155504e-05,0.004005049963421938,0.25642505048651276,0.11296566610481432,0.11383726491143169,0.0,0.9999999987499999,0.6175961008700356,0.28403345480577863,0.28860863438708356,0.37513879906716924,angry,05,04,04,female,strong,452
90,3.003,True,1.0,0.3012594333747593,0.32640013264904,0.3138297830118997,0.9119683306746516,-0.085787037037037,-0.08287037037037037,0.3649776995821097,0.4096128942860719,0.18264557246431654,0.3441235539174219,0.025140699274280698,0.002916666666666623,0.004929497359051905,0.2674866796963831,0.10329805894312931,0.1180875147470573,0.0,0.9999999987499999,0.6534129535798694,0.30937764871754764,0.26934192106517096,0.3945306877061371,angry,05,04,04,female,strong,452
100,3.336666666666667,True,1.0,0.7047624234964176,0.7354891380374969,0.7201257807669572,0.9250606169459159,-0.06518518518518518,-0.062453703703703733,0.3633892663601552,0.4463920899994002,0.17511157157652368,0.7784633434557507,0.030726714541079336,0.002731481481481446,0.02252087585001589,0.26400244247665666,0.11206657617299398,0.11304958040674619,0.0,0.9999999987499999,0.6392454825367647,0.28738468239257425,0.29378653853125514,0.38850519629650865,angry,05,04,04,female,strong,452
110,3.6703333333333332,True,1.0,0.7410546339883235,0.7555555555555564,0.74830509477194,0.8741492383028624,-0.06384259259259262,-0.06125000000000008,0.3674778969252437,0.413039818645429,0.17390792769536725,0.8560381477020497,0.014500921567232927,0.0025925925925925353,0.0323745469781409,0.26131229949891904,0.0998165232654152,0.11622690470681468,0.0,0.9999999987499999,0.6608216663227792,0.3120182215892545,0.26648660807870267,0.40644225837075226,angry,05,04,04,female,strong,452
0,0.0,True,1.0,0.6968929826695566,0.7317312869490539,0.7143121348093052,0.7175396353695168,-0.060601851851851796,-0.05893518518518509,0.3632222515690172,0.36692367717759383,0.16389307853674048,0.9955019898537737,0.0348383042794973,0.0016666666666667052,0.007437649687705718,0.3068181818181816,0.11177991836052324,0.11333302685728733,0.0,0.9999999987499999,0.64038788606849,0.28989888520667006,0.28972185084195906,0.39271033961187074,angry,05,04,04,female,strong,453
10,0.33366666666666667,True,1.0,0.6888750095190712,0.7177875332549395,0.7033312713870054,0.7242409045583074,-0.062037037037037,-0.06027777777777782,0.35989082763742947,0.38677887819523327,0.16460604611541985,0.9711288978022387,0.02891252373586828,0.0017592592592591827,0.006181154285655938,0.31957615915211,0.11264796191211471,0.11213096765582052,0.0,0.9999999987499999,0.6400721016375299,0.28808426399205866,0.29073549340860705,0.38966475674020457,angry,05,04,04,female,strong,453
20,0.6673333333333333,True,1.0,0.6412043959774908,0.6732859569655564,0.6572451764715236,0.8804599990906181,-0.06412037037037038,-0.062037037037037,0.3508144601069635,0.44022999954530906,0.16597635928167098,0.7464793143928836,0.03208156098806558,0.0020833333333333814,0.003615267951346362,0.2653301886792454,0.1129619684094218,0.11266335101122152,0.0,0.9999999987499999,0.6450604852878652,0.2861890104016813,0.2928244390188259,0.39056741358948627,angry,05,04,04,female,strong,453
30,1.0010000000000001,True,1.0,0.3466958981160867,0.33878218615982714,0.3427390421379569,1.235914311542331,-0.08638888888888885,-0.08249999999999996,0.4397402197333819,0.46326909594355753,0.16838618210931688,0.27731618522180845,0.007913711956259561,0.003888888888888886,0.025549459567873467,0.2118729033614541,0.10939299256650382,0.11629580427839448,0.0,0.9999999987499999,0.641745249451343,0.2871931420265581,0.30195736962599873,0.4012789689315258,angry,05,04,04,female,strong,453
40,1.3346666666666667,True,1.0,0.36770147579756435,0.3879749453902472,0.37783821059390577,1.0599479606780666,-0.09189814814814812,-0.08171296296296293,0.35918264432059094,0.6267607559509851,0.1712787778829778,0.3564686424342911,0.020273469592682836,0.010185185185185186,0.07517363715563452,0.20319925394097596,0.09958761066860018,0.11853139167779754,0.0,0.9999999987499999,0.6793476379848815,0.3037903256657586,0.2808013413150496,0.4335318788214486,angry,05,04,04,female,strong,453
50,1.6683333333333334,True,1.0,0.778646522467209,0.823946665696567,0.801296594081888,1.48292971633465,-0.08226851851851852,-0.07444444444444442,0.3992626222446871,0.5170370749340568,0.19185269430186394,0.540346980207834,0.04530014322935805,0.007824074074074094,0.048043407858472977,0.176040302962695,0.10139601622465236,0.12035951895836032,0.0,0.9999999987499999,0.6594563310089661,0.3117302659156947,0.29212623698320833,0.43614094891775074,angry,05,04,04,female,strong,453
60,2.0020000000000002,True,1.0,0.8889223319375029,0.8873322497890325,0.8881272908632677,0.47657688821464506,-0.0765277777777778,-0.06916666666666671,0.4046849783154928,0.1534325707794429,0.18254894625349125,1.863555100605854,0.0015900821484704508,0.007361111111111096,0.039077600974548085,0.4530955725020881,0.09786203831031719,0.11803879489256211,0.0,0.9999999987499999,0.6660007909413765,0.3076799254598849,0.2625674341305485,0.4171318737214261,angry,05,04,04,female,strong,453
70,2.3356666666666666,True,1.0,0.8355144860178975,0.8598616420765254,0.8476880640472114,1.0298987742893246,-0.08208333333333334,-0.07976851851851852,0.401698543178794,0.4361567865160975,0.1924756996825621,0.8230790104902819,0.024347156058627917,0.002314814814814825,0.027641810455433315,0.21913029596976197,0.11221266103330367,0.11507734419764205,0.0,0.9999999987499999,0.6349502231595763,0.2868978136877332,0.32396077665188155,0.42801532904787715,angry,05,04,04,female,strong,453
80,2.6693333333333333,True,1.0,0.869657114926808,0.900476318174478,0.885066716550643,1.1238381724875124,-0.06916666666666665,-0.06462962962962959,0.38064679550988095,0.41202764607563963,0.1863094152695318,0.7875392901022655,0.03081920324767007,0.004537037037037062,0.03223937780452955,0.21375153756883694,0.10139136698369429,0.11747972402158972,0.0,0.9999999987499999,0.6549397011695304,0.31150489408047183,0.2788654005603685,0.41411014846065586,angry,05,04,04,female,strong,453
90,3.003,True,1.0,0.8079047507208134,0.8875770473189906,0.847740899019902,0.7992171248907278,-0.06486111111111126,-0.060555555555555585,0.399436791117082,0.33523358726210106,0.17885654365021367,1.0607141321400095,0.0796722965981772,0.0043055555555556735,0.030877989821494867,0.2861766823212693,0.10150658410212589,0.11705511669329766,0.0,0.9999999987499999,0.65609727398772,0.31046024881349404,0.27512023119259366,0.41759855491333797,angry,05,04,04,female,strong,453
100,3.336666666666667,True,1.0,0.806047785637533,0.8686302252305628,0.8373390054340479,0.8332335191286955,-0.0637037037037037,-0.05856481481481485,0.3927085087873608,0.3580744960015237,0.17809035584183266,1.004927173728735,0.06258243959302978,0.0051388888888888595,0.029454194663255898,0.27848043733066297,0.10195358067396225,0.11601094154324867,0.0,0.9999999987499999,0.6555426027754853,0.31163041958226706,0.2720483945723188,0.4145497450929417,angry,05,04,04,female,strong,453
110,3.6703333333333332,True,1.0,0.8248003424526757,0.858674324470581,0.8417373334616284,0.8218362908763358,-0.06412037037037022,-0.0593055555555555,0.3802400578057042,0.36508235435444936,0.17603456113755614,1.0242153368088331,0.03387398201790526,0.004814814814814716,0.033342829979094976,0.28353975747926036,0.10179069475713783,0.11582537604312514,0.0,0.9999999987499999,0.6582742956244998,0.31044979949064233,0.2680824226444564,0.4094874064041917,angry,05,04,04,female,strong,453
0,0.0,True,1.0,0.7179208386396644,0.7435969723033975,0.7307589054715309,0.8624327634715252,-0.058981481481481524,-0.05648148148148152,0.3519026502395259,0.3635524843354277,0.17574697989839705,0.8473227553763479,0.025676133663733114,0.0025000000000000022,0.013734354297074385,0.2764147706070734,0.11145708389836116,0.11398531251409307,0.0,0.9999999987499999,0.6423049825711534,0.28546431350238294,0.2831421459964917,0.39070599095614655,angry,05,04,04,female,strong,454
10,0.33366666666666667,True,1.0,0.695939724808029,0.7284391499655474,0.7121894373867882,0.9726095516732622,-0.06,-0.058009259259259316,0.35672256063778907,0.3940745597296836,0.17502136100099502,0.7322459831507399,0.03249942515751836,0.001990740740740682,0.006294292531681267,0.25274393392434347,0.11064584715441557,0.11410702755514193,0.0,0.9999999987499999,0.6418748047187627,0.28576410932100993,0.28537822342740826,0.38939960397625106,angry,05,04,04,female,strong,454
20,0.6673333333333333,True,1.0,0.7745133844231081,0.790875319052972,0.78269435173804,1.0965811554222353,-0.063425925925926,-0.06199074074074068,0.3575993315469067,0.47345490517137034,0.17361814221873412,0.7137587107601405,0.016361934629863906,0.001435185185185317,0.010169966029472259,0.21303723534560493,0.09851422955585294,0.11781888690572298,0.0,0.9999999987499999,0.6603129616768583,0.3123886756651847,0.2613426546958058,0.3973706087405361,angry,05,04,04,female,strong,454
30,1.0010000000000001,True,1.0,0.6583396465038085,0.6436781609195407,0.6510089037116746,1.5578063751019087,-0.07597222222222222,-0.07166666666666666,0.3452450777955729,0.7621386408407643,0.17986789790391572,0.4179010396392086,0.01466148558426783,0.0043055555555555625,0.01327756650493247,0.16330346457600411,0.11022251168041584,0.1155099079492132,0.0,0.9999999987499999,0.6354656230460936,0.287614067039744,0.30693404716337386,0.40481073741757606,angry,05,04,04,female,strong,454
40,1.3346666666666667,True,1.0,0.571178498491749,0.6128544326619694,0.5920164655768592,0.8342007247302673,-0.07634259259259263,-0.07374999999999998,0.3906099533751111,0.3810717567231146,0.17783956513626245,0.7096810731832958,0.04167593417022042,0.0025925925925926463,0.009903528515253912,0.2859129131104151,0.11522385454528923,0.113749634122137,0.0,0.9999999987499999,0.6300317683245172,0.28312770054002334,0.3083475255560874,0.3966741019361048,angry,05,04,04,female,strong,454
50,1.6683333333333334,True,1.0,0.6129819537164947,0.626654737078216,0.6198183453973554,1.2140373993983653,-0.0622685185185185,-0.05944444444444452,0.4449421490921126,0.40050044934026385,0.17092084426523377,0.5105430406876392,0.013672783361721286,0.002824074074073979,0.005243598664619965,0.2377537343960515,0.10139440581708031,0.11940735611608222,0.0,0.9999999987499999,0.6372824270802071,0.31386485467734654,0.2953070906725622,0.4252886248950694,angry,05,04,04,female,strong,454
60,2.0020000000000002,True,1.0,0.6628606424965443,0.6985968898208926,0.6807287661587185,0.7367812780192248,-0.06671296296296292,-0.06421296296296286,0.420306352851987,0.22511539976729647,0.18683863413534252,0.9239224536063148,0.035736247324348325,0.0025000000000000577,0.003753240598888095,0.33382922941719073,0.10410033386570301,0.11721845700425564,0.0,0.9999999987499999,0.6445877977909915,0.3098319089771583,0.27219904575088183,0.3923823226225464,angry,05,04,04,female,strong,454
70,2.3356666666666666,True,1.0,0.4671390621757903,0.48281095618502895,0.47497500918040964,1.1584098514919638,-0.08333333333333331,-0.07986111111111116,0.29921254662905983,0.49512679136350024,0.19793555454007014,0.41002328197457033,0.01567189400923863,0.0034722222222221544,0.0010721152828134656,0.19052419354838718,0.10890531898740845,0.11510922176932853,0.0,0.9999999987499999,0.6289114756605767,0.2855435077677561,0.2667254821628058,0.3553138669898741,angry,05,04,04,female,strong,454
80,2.6693333333333333,True,1.0,0.7503721674528466,0.772508986935583,0.7614405771942148,0.7698283414040535,-0.0640277777777778,-0.06254629629629627,0.40443988860217,0.27293913922507346,0.18888888888888888,0.9891043707295308,0.02213681948273638,0.001481481481481528,0.005992545382485656,0.30681818181818155,0.11421182533361608,0.11493162671913774,0.0,0.9999999987499999,0.6152371742290667,0.2815977998859054,0.2910759681909954,0.3785280754307574,angry,05,04,04,female,strong,454
90,3.003,True,1.0,0.7374049351204288,0.7405252459857945,0.7389650905531117,0.7562431127065441,-0.06504629629629632,-0.0625,0.3681243145309816,0.3394482701746057,0.18201529665858615,0.9771528204844133,0.003120310865365683,0.0025462962962963243,0.017860257408249338,0.31053829131843275,0.11146967441894075,0.11397299989516055,0.0,0.9999999987499999,0.6390630145730167,0.2843627835467989,0.27584382916142514,0.3783166989886214,angry,05,04,04,female,strong,454
100,3.336666666666667,True,1.0,0.6942857511138514,0.7378948538540032,0.7160903024839274,0.813269099599329,-0.06481481481481471,-0.06138888888888894,0.3608172747956393,0.36667921678522186,0.1779017598901022,0.8805084354449487,0.04360910274015184,0.003425925925925777,0.025361497658287054,0.29836636274064693,0.11157366341842231,0.11201565617710631,0.0,0.9999999987499999,0.6292079015512456,0.28549857219975117,0.28531504891309367,0.3887159172850231,angry,05,04,04,female,strong,454
110,3.6703333333333332,True,1.0,0.6720720397937576,0.7201746991940456,0.6961233694939016,0.6984071911898037,-0.06680555555555562,-0.062222222222222234,0.3595529308605836,0.37252618513455993,0.17174292150899612,0.996729956786368,0.04810265940028802,0.004583333333333384,0.03940199674167377,0.3263676482729237,0.11211855453159449,0.1124910797022269,0.0,0.9999999987499999,0.6389311192992823,0.2838132030896566,0.2899727088113901,0.386519374527911,angry,05,04,04,female,strong,454
0,0.0,True,1.0,0.6995758027299112,0.6991294804751365,0.6993526416025238,0.821741519482418,-0.06287037037037041,-0.06101851851851864,0.3521537176633733,0.3773054295284205,0.170146063482514,0.8510615869124124,0.00044632225477470033,0.0018518518518517713,0.004208441018092524,0.2876955486984613,0.10605172043744303,0.11479400235030325,0.0,0.9999999987499999,0.6431826162965186,0.288195172167705,0.2733709638912189,0.38791059315429505,angry,05,04,04,female,strong,455
10,0.33366666666666667,True,1.0,0.6640170740684943,0.6814012997792043,0.6727091869238493,0.8716781856139293,-0.06194444444444447,-0.06097222222222226,0.3533087951342168,0.40228947265389886,0.17153178084657764,0.771740302816062,0.017384225710709966,0.0009722222222222077,0.009074283603169206,0.2818902034427666,0.10777248366949883,0.11418557629054217,0.0,0.9999999987499999,0.6408109777661064,0.28872603352269166,0.2770963198804763,0.3879998332761063,angry,05,04,04,female,strong,455
20,0.6673333333333333,True,1.0,0.6522899578971051,0.7005793191920808,0.676434638544593,1.049134119679868,-0.058240740740740704,-0.05648148148148152,0.3524506142691575,0.4738025056618754,0.16528516337956806,0.6447551612857655,0.04828936129497574,0.0017592592592591827,0.006756343638241013,0.23588709677419362,0.1087228322795881,0.11445229330508686,0.0,0.9999999987499999,0.6430353446691178,0.2887387303028239,0.27282044131396094,0.3819292770411096,angry,05,04,04,female,strong,455
30,1.0010000000000001,True,1.0,0.7836110894712517,0.789971671928155,0.7867913806997033,1.4573246187429785,-0.05796296296296305,-0.056620370370370376,0.3419129038468328,0.7636207553489185,0.15708487050752512,0.539887524427024,0.0063605824569032965,0.001342592592592673,0.002327370682736263,0.17780805768170446,0.10720966705153705,0.1166901398160127,0.0,0.9999999987499999,0.6360071408485269,0.29152637646802054,0.29515751787247124,0.40348667919144804,angry,05,04,04,female,strong,455
40,1.3346666666666667,True,1.0,0.7257050849812279,0.7610100098342917,0.7433575474077598,1.0126545473446598,-0.05740740740740741,-0.05824074074074076,0.38870638217290254,0.5514951182362803,0.15247612660356952,0.7340682460341098,0.0353049248530638,0.0008333333333333526,0.006774258548661382,0.2354732957213411,0.10849868477356886,0.11399825136635984,0.0,0.9999999987499999,0.6435362821534865,0.28827817031703734,0.28674726565736847,0.4043671340113678,angry,05,04,04,female,strong,455
50,1.6683333333333334,True,1.0,0.7001086454233703,0.6946384919372414,0.6973735686803058,1.1015922571200674,-0.05425925925925934,-0.05101851851851846,0.45231974558447885,0.3545280289983534,0.16266940163569674,0.633059613639147,0.0054701534861288925,0.0032407407407408773,0.00544328686099322,0.24595323889798953,0.11019414035330014,0.11504121219971744,0.0,0.9999999987499999,0.6280098025147558,0.2907994303590696,0.30125797237558105,0.40168875682128735,angry,05,04,04,female,strong,455
60,2.0020000000000002,True,1.0,0.8799106877596286,0.8944954271609535,0.887203057460291,0.41540082418256175,-0.06143518518518515,-0.05773148148148144,0.4019471841033936,0.11450720197747703,0.17711090471635124,2.1357758719091517,0.014584739401324986,0.003703703703703709,0.007447428080358498,0.503931303042089,0.1025730049316423,0.11951756572798987,0.0,0.9999999987499999,0.6519052728669593,0.3101616430129363,0.26743619121553286,0.39658306994793885,angry,05,04,04,female,strong,455
70,2.3356666666666666,True,1.0,0.5747544416554194,0.6031746031746021,0.5889645224150108,1.0890984501235736,-0.07240740740740736,-0.0687037037037036,0.35679279060224384,0.5524816977909806,0.17501569405074077,0.5407817101825684,0.028420161519182696,0.0037037037037037646,0.02286091746556246,0.20729531981796906,0.11270910582617577,0.11442477860916268,0.0,0.9999999987499999,0.6328876196103442,0.28439708922647333,0.3030876517010279,0.3874943637155818,angry,05,04,04,female,strong,455
80,2.6693333333333333,True,1.0,0.8529779983043222,0.8622321939331845,0.8576050961187534,1.2923821689163706,-0.06050925925925926,-0.058148148148148115,0.35546183742869086,0.48459540039557614,0.18334373675797258,0.66358474818469,0.009254195628862316,0.002361111111111147,0.012638923194636493,0.18982498161202543,0.11525848723990557,0.11321079981993241,0.0,0.9999999987499999,0.6133660252929297,0.2864971184971493,0.29443062432250705,0.38388506800689975,angry,05,04,04,female,strong,455
90,3.003,True,1.0,0.7681743610892128,0.8107514222334381,0.7894628916613254,0.8215703230011288,-0.0597685185185185,-0.05717592592592596,0.3900418618232499,0.32115930808225923,0.18264557246431648,0.9609194363027653,0.042577061144225326,0.0025925925925925353,0.0077167035636072955,0.30681818181818155,0.10414623838065977,0.11814918911901777,0.0,0.9999999987499999,0.629863047336122,0.3165196441082581,0.26110535700948934,0.39030060838038744,angry,05,04,04,female,strong,455
100,3.336666666666667,True,1.0,0.7511789516791558,0.7907299335657186,0.7709544426224373,0.8725762879562724,-0.060370370370370297,-0.057592592592592584,0.3661809258150636,0.3490305151825092,0.17989546661676634,0.8835381539282354,0.03955098188656281,0.0027777777777777124,0.019278354395728035,0.28694025640157494,0.11282578477835091,0.11279973074910407,0.0,0.9999999987499999,0.6293167919511555,0.2850778813955587,0.29198152516368714,0.3827024406865741,angry,05,04,04,female,strong,455
110,3.6703333333333332,True,1.0,0.7256336823031416,0.748289660987839,0.7369616716454903,0.9033474653242101,-0.06129629629629629,-0.058148148148148227,0.36656756079078195,0.387070814685697,0.1764619717587119,0.8158119659759003,0.022655978684697375,0.0031481481481480666,0.02458487005752383,0.2817594728273177,0.11167548907111174,0.11343593022346109,0.0,0.9999999987499999,0.6335022966061424,0.28639689614848346,0.28800064919672635,0.3922210191149817,angry,05,04,04,female,strong,455
0,0.0,True,1.0,0.669850506839934,0.6698642889996124,0.6698573979197732,0.8571893588576415,-0.0671296296296296,-0.06388888888888888,0.3659142796593551,0.36507936507936495,0.17847906182851891,0.7814579019185193,1.3782159678399353e-05,0.0032407407407407107,0.006088921796186494,0.28123474245258834,0.09903680106076027,0.11590996525304832,0.0,0.9999999987499999,0.6604381280402787,0.3105836388839136,0.2647690483383063,0.4018406485307631,fearful,06,04,04,female,normal,456
10,0.33366666666666667,True,1.0,0.691958406579701,0.7210180479618953,0.7064882272707982,0.8497418679049776,-0.06763888888888892,-0.06560185185185186,0.368053492519037,0.3775811209439526,0.1784739321483694,0.831415108464211,0.0290596413821943,0.0020370370370370594,0.0036622896423962464,0.2811889847047808,0.10060506992811306,0.11554501979415564,0.0,0.9999999987499999,0.6544524947947928,0.31184602092356756,0.26636858560202636,0.39820476223702295,fearful,06,04,04,female,normal,456
20,0.6673333333333333,True,1.0,0.7213497762345791,0.7272187964343246,0.7242842863344519,1.0456656822072947,-0.07495370370370369,-0.0719907407407408,0.3679275332141898,0.4277101939837778,0.18819444444444444,0.6926537789837004,0.005869020199745556,0.0029629629629628895,0.004709514307857309,0.23008021417325328,0.10012388992433698,0.11694384142022815,0.0,0.9999999987499999,0.6554952143748124,0.3121128487947382,0.27679203380162964,0.4098367161352094,fearful,06,04,04,female,normal,456
30,1.0010000000000001,True,1.0,0.7461344553933086,0.7456443136489078,0.7458893845211082,1.0434450161751074,-0.05532407407407408,-0.05430555555555555,0.4270806144205418,0.31167006529357905,0.1701837251367127,0.7148334344010471,0.0004901417444007627,0.0010185185185185297,0.0044256704347877835,0.24246019566551108,0.09820781522217771,0.11628596279481099,0.0,0.9999999987499999,0.6549264984978366,0.3129786376571087,0.27515986812895843,0.40729854044188823,fearful,06,04,04,female,normal,456
40,1.3346666666666667,True,1.0,0.5062307315465208,0.5210727969348661,0.5136517642406935,1.6511353035461687,-0.07592592592592595,-0.07444444444444442,0.3235414901752981,0.6460481230268124,0.18268942736057145,0.31109005006283597,0.014842065388345316,0.001481481481481528,0.003755461704996816,0.1715275468659733,0.09856548095797964,0.11761413840315833,0.0,0.9999999987499999,0.6541660773450004,0.3130558762819486,0.2705215248418759,0.39691395775698946,fearful,06,04,04,female,normal,456
50,1.6683333333333334,True,1.0,0.8279005168569653,0.846631538518604,0.8372660276877846,0.9844240396556877,-0.07925925925925925,-0.0763888888888889,0.39269363938096313,0.3085399449035815,0.20487451771692236,0.850513593695484,0.018731021661638647,0.0028703703703703565,0.005790953855206032,0.26025202228609295,0.10130055389758261,0.11884748300011284,0.0,0.9999999987499999,0.6486758215942627,0.3160918957782302,0.2827440194252383,0.3999981067846825,fearful,06,04,04,female,normal,456
60,2.0020000000000002,True,1.0,0.8380386456826384,0.851142562511389,0.8445906040970137,0.9825503675284298,-0.07583333333333331,-0.07240740740740748,0.33549902256575814,0.3705930587422071,0.20144343430390388,0.8595901360472248,0.013103916828750561,0.0034259259259258323,0.009276342938772303,0.2199116496502857,0.11270902373750931,0.11425823609953387,0.0,0.9506644107012078,0.6234599605232718,0.2843858804088985,0.30917542936326653,0.39514098462020936,fearful,06,04,04,female,normal,456
70,2.3356666666666666,True,1.0,0.7683893527180041,0.7901386201710747,0.7792639864445394,0.9664314514766897,-0.059166666666666756,-0.05726851851851855,0.36644448144585173,0.4052610269351693,0.17919391750124905,0.8063313598226115,0.021749267453070598,0.0018981481481482043,0.007684085224161099,0.2545333005188373,0.11309116825892844,0.11253365998741494,0.0,0.9999999987499999,0.6279959839951605,0.2827999946923695,0.2975262255557277,0.3894793807276939,fearful,06,04,04,female,normal,456
80,2.6693333333333333,True,1.0,0.8728125553636888,0.8805772517999118,0.8766949035818004,0.9347958723758857,-0.06375000000000008,-0.05981481481481482,0.37408373824493585,0.4060825814372122,0.18057076675375175,0.9378463571448862,0.0077646964362229065,0.003935185185185264,0.005898410416204574,0.24950392020574197,0.10310806566288272,0.11597595289769694,0.0,0.9999999987499999,0.6477717606652036,0.311476652594375,0.27930241163358777,0.4077000269848325,fearful,06,04,04,female,normal,456
90,3.003,True,1.0,0.9104829998945679,0.9340883953201156,0.9222856976073417,0.9277611033560159,-0.06624999999999998,-0.06490740740740747,0.36587072179020325,0.4402934049825161,0.18472593936351142,0.9940982589926783,0.023605395425547626,0.0013425925925925064,0.00016151202480371436,0.24846013843410142,0.10029745579837888,0.11630461683675739,0.0,0.9999999987499999,0.6535529244510305,0.3112091137447604,0.2799727897862009,0.4114469228273759,fearful,06,04,04,female,normal,456
0,0.0,True,1.0,0.624685694270008,0.6495622791139916,0.6371239866919998,0.739063929792081,-0.06407407407407406,-0.059675925925925966,0.36700966987026,0.2515962314185799,0.18543682774578085,0.8620688427741836,0.024876584843983585,0.0043981481481480955,0.0037371179503053235,0.3470744680851071,0.10306808075338543,0.11568257297372357,0.0,0.9999999987499999,0.6339711083417742,0.312063344935927,0.25779333961601747,0.3821491153443508,fearful,06,04,04,female,normal,457
10,0.33366666666666667,True,1.0,0.6684934535007145,0.6822213971679582,0.6753574253343364,0.6259959297595123,-0.06291666666666673,-0.05981481481481482,0.3988313567417644,0.18197556097660175,0.18473254743001208,1.0788527420518328,0.013727943667243614,0.003101851851851911,0.007560325423799922,0.39313031774204465,0.10255066081571303,0.116305429254015,0.0,0.9999999987499999,0.6365164922140731,0.31351236399127913,0.2589584004179303,0.3833283212213072,fearful,06,04,04,female,normal,457
20,0.6673333333333333,True,1.0,0.7009981761284657,0.7128092881238203,0.706903732126143,0.9365601922475517,-0.07194444444444448,-0.06703703703703706,0.3636579398354504,0.32535584084783775,0.1902781787382358,0.754787292880471,0.011811111995354562,0.004907407407407416,0.0037871376601488287,0.25736847136318936,0.11391884096738504,0.11288340123155322,0.0,0.9999999987499999,0.6290672608965462,0.28500414042587807,0.300463350042598,0.38787443829263507,fearful,06,04,04,female,normal,457
30,1.0010000000000001,True,1.0,0.7635853235059968,0.7523964793518599,0.7579909014289283,1.0292672288538478,-0.08532407407407405,-0.08249999999999996,0.42891942402415945,0.28070175438596506,0.20487451771692236,0.7364374189519254,0.011188844154136901,0.00282407407407409,0.005879938266890383,0.25600460375462547,0.09972818724948933,0.11905497667121528,0.0,0.9999999987499999,0.6500054545880852,0.3173207794941349,0.30485797012348603,0.4219730870986299,fearful,06,04,04,female,normal,457
40,1.3346666666666667,True,1.0,0.8346091298511232,0.8273490324957339,0.8309790811734286,1.8159013973016027,-0.08199074074074075,-0.07856481481481475,0.2892322943225337,0.7895075898711303,0.2083699512089982,0.4576124465834151,0.00726009735538935,0.003425925925925999,0.009010673756460292,0.14713840602133063,0.10971421895624678,0.11713692290225455,0.0,0.9999999987499999,0.6191485814091262,0.28614231136111234,0.3277764093009437,0.4047325017942442,fearful,06,04,04,female,normal,457
50,1.6683333333333334,True,1.0,0.8914249353437618,0.8727985368439712,0.8821117360938665,1.0097777777777777,-0.07199074074074074,-0.07106481481481486,0.4032191760601489,0.28444444444444456,0.20000953651580117,0.873570161184507,0.01862639849979053,0.0009259259259258856,0.0010434599263185267,0.2697341682536849,0.10480610073272323,0.11821068859548117,0.0,0.9999999987499999,0.6231620850605867,0.31603716191755543,0.2842956961759553,0.399216423686052,fearful,06,04,04,female,normal,457
60,2.0020000000000002,True,1.0,0.7999077865227188,0.8378976359038534,0.8189027112132861,0.9732697973124711,-0.05958333333333338,-0.05847222222222226,0.33285940837767786,0.3158243038344772,0.1896738583810864,0.841393325339546,0.03798984938113459,0.0011111111111111183,0.014961316753180583,0.2276063711675081,0.10469195281703424,0.11636336749105852,0.0,0.9999999987499999,0.6301913238889306,0.3117295913988714,0.2695502420143338,0.39293048915705914,fearful,06,04,04,female,normal,457
70,2.3356666666666666,True,1.0,0.8391986652483395,0.8475104299558864,0.8433545476021129,0.9360789212741432,-0.0652314814814815,-0.06004629629629632,0.3611814298327018,0.36489553859989593,0.1861258682802443,0.9009438503905007,0.00831176470754691,0.005185185185185182,0.0073975975282382506,0.26747452389517234,0.11385210625794541,0.11311925764140443,0.0,0.9999999987499999,0.6208493908188275,0.28310530601012135,0.302311424089217,0.3910946838174118,fearful,06,04,04,female,normal,457
80,2.6693333333333333,True,1.0,0.8240911052753046,0.8324533963136479,0.8282722507944762,0.8808139856987458,-0.061944444444444524,-0.05912037037037038,0.36028581966604384,0.3763281129880591,0.18195115352876315,0.9403486595837957,0.008362291038343295,0.0028240740740741455,0.006504881979449793,0.27671982298058195,0.11553944051374203,0.11139527025241053,0.0,0.9999999987499999,0.6182237636070054,0.2842338831244896,0.3009010937047179,0.38729238039249797,fearful,06,04,04,female,normal,457
90,3.003,True,1.0,0.8270256402636414,0.8160887038804687,0.8215571720720551,0.62664741690432,-0.06384259259259256,-0.059583333333333266,0.40120603914462977,0.17486338797814152,0.18472387429425177,1.3110357593598683,0.010936936383172724,0.004259259259259296,0.006711940303290628,0.35316745819065176,0.10210941623666683,0.1181532629736903,0.0,0.9999999987499999,0.6442142972814126,0.314983238604751,0.27912294066995247,0.40818470428662373,fearful,06,04,04,female,normal,457
0,0.0,True,1.0,0.753051335443286,0.7481254523990327,0.7505883939211593,0.8071326690875332,-0.06703703703703706,-0.06481481481481483,0.35520297480281227,0.3954950078528913,0.17777777777777776,0.9299442615421607,0.004925883044253232,0.0022222222222222365,0.0050385055657198655,0.2812500000000001,0.11323213132748107,0.11323621832692382,0.0,0.9999999987499999,0.6399247259997749,0.28412071933829247,0.2941107899589107,0.3885885169134612,fearful,06,04,04,female,normal,458
10,0.33366666666666667,True,1.0,0.7507552949590677,0.7481254523990327,0.7494403736790503,0.8804753579371419,-0.06624999999999992,-0.06499999999999995,0.3581951584659653,0.4001951427097064,0.17708505667053598,0.851176999927525,0.002629842560034956,0.0012499999999999734,0.002593239533166973,0.26589518533906786,0.11486951487615064,0.1119158574704374,0.0,0.9999999987499999,0.6372951980636005,0.28415835159227476,0.29591056013077366,0.3887315232305853,fearful,06,04,04,female,normal,458
20,0.6673333333333333,True,1.0,0.42790288186926345,0.44480303702712154,0.4363529594481925,0.975892682731507,-0.08180555555555558,-0.07731481481481478,0.36080537098616433,0.42393535478721783,0.17916836996525623,0.44713211521050455,0.016900155157858088,0.004490740740740795,0.0005635397132261647,0.2403036877823437,0.0999580502600172,0.11659644816673784,0.0,0.9999999987499999,0.6611439603966587,0.30957587363876415,0.2675346452403135,0.3965235527914532,fearful,06,04,04,female,normal,458
30,1.0010000000000001,True,1.0,0.8000748834108352,0.7812023718717573,0.7906386276412962,1.2599480410284964,-0.07884259259259263,-0.07277777777777777,0.35951321341917536,0.5492081204483192,0.19097382022690002,0.6275168514059496,0.018872511539077874,0.006064814814814856,0.005905271584871198,0.1735511073164214,0.1103805473379266,0.11535889945908011,0.0,0.9999999987499999,0.6350012221607394,0.28818996924292895,0.3132401129327572,0.39860021067544893,fearful,06,04,04,female,normal,458
40,1.3346666666666667,True,1.0,0.8652657832897909,0.8398749986856189,0.8525703909877049,0.9308463909241732,-0.07750000000000007,-0.07231481481481483,0.4090834275555722,0.31028213030805774,0.19027938161454036,0.9159087893559393,0.02539078460417199,0.005185185185185237,0.005938728328251292,0.23911688033464562,0.11110605479517965,0.11482634475933552,0.0,0.9999999987499999,0.6313552668801894,0.28860986789277576,0.33152881283211827,0.40650107558714227,fearful,06,04,04,female,normal,458
50,1.6683333333333334,True,1.0,0.9152807056457445,0.8714823187271317,0.8933815121864381,0.829234082907595,-0.07893518518518516,-0.07055555555555554,0.39538744802442477,0.33458693483590096,0.18751993709107473,1.0773574441777876,0.04379838691861282,0.008379629629629626,0.004579060467133648,0.2768586965140921,0.10153088738732907,0.11929132882066584,0.0,0.9999999987499999,0.6524673784591961,0.3119328576191501,0.29606213341415766,0.4221980378011863,fearful,06,04,04,female,normal,458
60,2.0020000000000002,True,1.0,0.8861634029930753,0.8491702161680528,0.867666809580564,0.9107351920039098,-0.08162037037037034,-0.07421296296296293,0.37654108097636807,0.34152569700146607,0.19794133618182042,0.9527103127215479,0.036993186825022506,0.007407407407407418,0.001159184045316879,0.23496684532669226,0.09797939845213889,0.11826403094613443,0.0,0.9999999987499999,0.6491420392532014,0.31288733450272016,0.2983998353948079,0.42096801928523575,fearful,06,04,04,female,normal,458
70,2.3356666666666666,True,1.0,0.9575097308949291,0.9265498958625261,0.9420298133787276,0.8236646247905858,-0.07712962962962966,-0.07083333333333336,0.3918268579732166,0.36118607248985324,0.19239323451473514,1.1437055629507409,0.03095983503240296,0.0062962962962963,0.0014019978237483437,0.286128486287181,0.1017314718044362,0.11912031678130647,0.0,0.9999999987499999,0.6509808364830307,0.31261472129481116,0.29982893531647525,0.4256345770726676,fearful,06,04,04,female,normal,458
80,2.6693333333333333,True,1.0,0.9052328344986769,0.8528088729283404,0.8790208537135087,0.9116831038025182,-0.07439814814814805,-0.0696296296296296,0.3675343546845378,0.4326435057404234,0.18685496707656812,0.9641736805774076,0.052423961570336464,0.00476851851851845,0.0019900755513145804,0.2579609241131904,0.10092753749280838,0.11771670689708769,0.0,0.9999999987499999,0.652814849979054,0.3110119941321535,0.2961586913650506,0.4244029152917866,fearful,06,04,04,female,normal,458
90,3.003,True,1.0,0.8398749986856177,0.8109257613639604,0.8254003800247891,0.9043503669871668,-0.0733333333333333,-0.06791666666666663,0.3649495688351709,0.4283556322694444,0.1847486536019033,0.9126997789303734,0.028949237321657217,0.005416666666666681,0.0013753303918270377,0.2670113181677769,0.11280606750469352,0.11315668781577545,0.0,0.9999999987499999,0.6329808004920718,0.2844935193564693,0.31582346936390954,0.4021238989010133,fearful,06,04,04,female,normal,458
100,3.336666666666667,True,1.0,0.8647222766408275,0.8208877874735275,0.8428050320571775,0.8725762879562742,-0.07347222222222222,-0.06777777777777777,0.3626361444884865,0.4283556322694431,0.18340364899485165,0.9658811999477706,0.04383448916729993,0.005694444444444446,0.007695087987820989,0.2665299666838523,0.11395218055026994,0.11268079340215768,0.0,0.9999999987499999,0.6340956571925646,0.2853897483722669,0.3146789566913015,0.40964985465651915,fearful,06,04,04,female,normal,458
0,0.0,True,1.0,0.6830679253848515,0.6825479378314738,0.6828079316081627,0.8481141692150882,-0.06203703703703711,-0.05935185185185182,0.3573770491803276,0.3425076452599392,0.17916836996525623,0.8050896405139499,0.0005199875533776765,0.0026851851851852904,0.002048593276309764,0.2926997347245805,0.11211173054129688,0.11417886246103585,0.0,0.9999999987499999,0.6384935568289816,0.285294080065757,0.2873781589997459,0.3882780202443058,fearful,06,04,04,female,normal,459
10,0.33366666666666667,True,1.0,0.7009981761284674,0.7128092881238202,0.7069037321261438,0.8394435126843836,-0.06324074074074071,-0.06046296296296294,0.34953877314472587,0.3538615268594691,0.17778464410025668,0.8421099471786943,0.011811111995352785,0.002777777777777768,0.004698318476673396,0.2984207946263008,0.09900393858033596,0.11610224848078853,0.0,0.9999999987499999,0.6558983899653611,0.31305636708815093,0.2640758183354285,0.39333917537009977,fearful,06,04,04,female,normal,459
20,0.6673333333333333,True,1.0,0.7336980069095024,0.7187574635379432,0.7262277352237227,0.9211366849790462,-0.06615740740740744,-0.06175925925925918,0.36070283587892027,0.37974838830725954,0.18055597810614288,0.7884038786711038,0.014940543371559145,0.004398148148148262,0.001415823261926913,0.2565664547163004,0.099532847171597,0.11630623405772846,0.0,0.9999999987499999,0.6578822883215787,0.3112985346279245,0.2663236399417139,0.39469561362482275,fearful,06,04,04,female,normal,459
30,1.0010000000000001,True,1.0,0.8088698878307383,0.810751422233439,0.8098106550320887,1.2598281879589117,-0.06351851851851847,-0.06282407407407403,0.33554923086087013,0.560865762156744,0.18125042093162325,0.6427945197385122,0.0018815344027006686,0.000694444444444442,0.002443442960911694,0.17722076628581607,0.10033226172333883,0.11660183827772529,0.0,0.9999999987499999,0.6542769555400285,0.313355487501345,0.27391385821028774,0.39815879914466495,fearful,06,04,04,female,normal,459
40,1.3346666666666667,True,1.0,0.7605264117619996,0.7507552949590677,0.7556408533605337,0.9858720489502446,-0.07435185185185189,-0.06986111111111115,0.38399493927536665,0.3185005822421295,0.19238649301055735,0.7664694968937796,0.009771116802931967,0.00449074074074074,0.008378774527667967,0.22551691220886672,0.09943701472283425,0.11833619573084414,0.0,0.9999999987499999,0.6500243254567453,0.3154299830862716,0.27817788571948576,0.3994422768330795,fearful,06,04,04,female,normal,459
50,1.6683333333333334,True,1.0,0.817482108050787,0.8188237397062017,0.8181529238784944,0.6611373209908006,-0.07629629629629636,-0.07273148148148145,0.39536077126636193,0.19832570270691138,0.19514514434912314,1.2374931771396378,0.0013416316554146768,0.0035648148148149095,0.0060249524502381455,0.32497461235007574,0.10107436334933988,0.11855879413274971,0.0,0.9999999987499999,0.6486656336675295,0.3149804459050563,0.28662671537516293,0.40512485620083766,fearful,06,04,04,female,normal,459
60,2.0020000000000002,True,1.0,0.7825519927641836,0.8079122596767983,0.7952321262204909,0.98900656519336,-0.062453703703703733,-0.058611111111111114,0.34612721823111114,0.36876534993274124,0.18958695516515212,0.8040716353232858,0.025360266912614615,0.0038425925925926196,0.012440037809190469,0.2199237304815045,0.1125748859323369,0.11372223975765447,0.0,0.9999999987499999,0.6194633634703882,0.2867718530154945,0.29838412548549886,0.38369270878178924,fearful,06,04,04,female,normal,459
70,2.3356666666666666,True,1.0,0.8722820271329479,0.89035800529573,0.8813200162143389,1.0090090090090078,-0.07138888888888895,-0.06754629629629633,0.361266833945717,0.4164164164164162,0.1868120900602253,0.8734510874981405,0.018075978162782058,0.0038425925925926196,0.010551537484455439,0.25,0.10077327100754571,0.11703768205339832,0.0,0.9999999987499999,0.6448347932845013,0.3153301757122366,0.2827138529299582,0.40365274121590466,fearful,06,04,04,female,normal,459
80,2.6693333333333333,True,1.0,0.8475118462212975,0.848279528403174,0.8478956873122357,0.9513075000190561,-0.0656944444444445,-0.06162037037037038,0.36982812352299815,0.40545808966861707,0.1819511535287631,0.8912950726187391,0.0007676821818765056,0.004074074074074119,0.010825619845923643,0.23974390555527783,0.10257294911123574,0.1171020954367611,0.0,0.9999999987499999,0.644952041183661,0.3137380117199215,0.27816260070248955,0.4020781789552588,fearful,06,04,04,female,normal,459
90,3.003,True,1.0,0.8208894308083379,0.8430064095560773,0.8319479201822075,0.9206782154912885,-0.06546296296296295,-0.06166666666666665,0.36358185871954357,0.41269841269841395,0.18263930661951858,0.903625073542407,0.022116978747739435,0.0037962962962962976,0.004984427339027962,0.261841134627899,0.11337450892360226,0.11376551859952305,0.0,0.9999999987499999,0.6192301329516182,0.2859921412130777,0.30388831095575636,0.3962239476161985,fearful,06,04,04,female,normal,459
100,3.336666666666667,True,1.0,0.878012897875843,0.914815010541072,0.8964139542084575,0.9124877089478867,-0.06388888888888894,-0.06324074074074071,0.3656715856654799,0.42477876106194673,0.18125673478866933,0.9823846890409489,0.036802112665228925,0.000648148148148231,0.0006536922177138545,0.2618534482758622,0.10191110798543582,0.11538969386079552,0.0,0.9999999987499999,0.6419102009241197,0.31377938563653157,0.2781343186337821,0.4050650724571728,fearful,06,04,04,female,normal,459
0,0.0,True,1.0,0.6642584880788661,0.6236017739141186,0.6439301309964924,0.6628791295250571,-0.06282407407407398,-0.055138888888888904,0.3932675043233564,0.27868777063969297,0.1666890955774204,0.9714140969528768,0.040656714164747476,0.007685185185185073,0.0031156299621935765,0.39692552729387,0.10897080429262745,0.11438290720690864,0.0,0.9999999987499999,0.6408435167738971,0.2904813750333968,0.2862904716886913,0.37592797665657324,fearful,06,04,04,female,strong,460
10,0.33366666666666667,True,1.0,0.633059767449762,0.6226947197441249,0.6278772435969435,0.7021978099482598,-0.06328703703703692,-0.05759259259259253,0.39397830347167184,0.31372549019607854,0.16807779912804377,0.8941600709965296,0.010365047705637065,0.005694444444444391,0.00070451126993881,0.3715936074535077,0.1114298800295497,0.11181844006741795,0.0,0.9999999987499999,0.6388073941373424,0.2894465057793286,0.2887152034260367,0.3756030701483669,fearful,06,04,04,female,strong,460
20,0.6673333333333333,True,1.0,0.6840684612405916,0.7050862431956698,0.6945773522181307,1.185185185185184,-0.07245370370370369,-0.06240740740740747,0.36602805412877254,0.4484484484484478,0.17571007646889364,0.5860496409340483,0.021017781955078196,0.01004629629629622,0.008450301264625634,0.2208530080797345,0.11015750577213623,0.1130721257622649,0.0,0.9999999987499999,0.6405015929809423,0.28754273215093895,0.30334944311921724,0.3865177665451527,fearful,06,04,04,female,strong,460
30,1.0010000000000001,True,1.0,0.8465380900461239,0.796232801029595,0.8213854455378595,0.987002010630081,-0.0753240740740741,-0.06578703703703698,0.47148672591300866,0.2035641328043417,0.18820457916060043,0.8322024035325973,0.050305289016528865,0.009537037037037122,0.015295329069784399,0.26718089557340574,0.09824216139684903,0.11868966699369522,0.0,0.9999999987499999,0.6458983938653585,0.31675819264938515,0.3012991050347802,0.42553460114930913,fearful,06,04,04,female,strong,460
40,1.3346666666666667,True,1.0,0.8397213779399487,0.8533703639284286,0.8465458709341886,0.8444991867424538,-0.07273148148148156,-0.06611111111111112,0.411788556713574,0.30259891107117787,0.19102055594950887,1.0024235478540005,0.013648985988479856,0.006620370370370443,0.014616904432109478,0.26459631097636677,0.10147827648834878,0.11740466028121348,0.0,0.9999999987499999,0.6392229330872974,0.3166608189752993,0.29327035219805697,0.4093018395385368,fearful,06,04,04,female,strong,460
50,1.6683333333333334,True,1.0,0.820517304842626,0.8379253224253773,0.8292213136340016,0.9461606964658076,-0.0737962962962963,-0.06722222222222218,0.44834948936868657,0.19178378975902985,0.19583372291904952,0.8764064251785036,0.017408017582751345,0.006574074074074121,0.008506652427380818,0.2660396114517982,0.11095768355125289,0.11463781849344346,0.0,0.9999999987499999,0.6152569292091837,0.2880815316665462,0.33547437174714934,0.413215255372682,fearful,06,04,04,female,strong,460
60,2.0020000000000002,True,1.0,0.8386580109363999,0.8211470735836602,0.8299025422600301,0.8341455062747013,-0.07513888888888892,-0.06967592592592592,0.41637455284895625,0.2803156704445456,0.1993151252980422,0.9949134006204502,0.017510937352739675,0.005462962962963003,0.010883050228592938,0.2771128686502304,0.10998880141675318,0.11622528262266524,0.0,0.9999999987499999,0.6129318321078432,0.28549483088459043,0.3304355589572954,0.4073270513976571,fearful,06,04,04,female,strong,460
70,2.3356666666666666,True,1.0,0.9195772238453841,0.900257717827229,0.9099174708363065,0.9525372058402497,-0.07611111111111113,-0.07120370370370377,0.39929075459419605,0.35541180519379173,0.1930654350942442,0.955256619119305,0.01931950601815513,0.00490740740740736,0.007174767807327876,0.2686472488114515,0.10197674169530685,0.11729725872211932,0.0,0.9999999987499999,0.6400480847573404,0.3143840535202532,0.2943687388126458,0.4197530633299237,fearful,06,04,04,female,strong,460
80,2.6693333333333333,True,1.0,0.9092004324458148,0.9032262075724662,0.9062133200091405,0.8394159271328792,-0.0769907407407408,-0.07013888888888892,0.41390198612257484,0.31648763168487193,0.18615210035902052,1.0795760370004122,0.005974224873348644,0.006851851851851887,0.018565760465916466,0.2877225312409394,0.10060699303167765,0.11734312110336038,0.0,0.9999999987499999,0.644538676079807,0.3143578494414974,0.298519427767301,0.42871002227877686,fearful,06,04,04,female,strong,460
90,3.003,True,1.0,0.9052423922187411,0.8714069986913975,0.8883246954550693,0.8535951068259623,-0.07587962962962957,-0.06916666666666671,0.40697300504492856,0.2938481174796552,0.18333999159310846,1.0406862555225354,0.03383539352734366,0.006712962962962865,0.008759027180814635,0.28772253124093805,0.10112849434099318,0.11770608517404513,0.0,0.9999999987499999,0.6308550561161965,0.3166878521121344,0.2974892058987132,0.4205914455962553,fearful,06,04,04,female,strong,460
100,3.336666666666667,True,1.0,0.8944961247969011,0.8446441650382953,0.8695701449175982,0.8675047086686878,-0.07393518518518516,-0.06819444444444445,0.4030280726044994,0.3626299936456437,0.17778164011680328,1.002380893415645,0.04985195975860579,0.005740740740740713,0.007024454797647383,0.2771128686502297,0.11220653870921184,0.11425256835842001,0.0,0.9999999987499999,0.6285972751053546,0.28755137749028065,0.3190959126917753,0.4155924041642613,fearful,06,04,04,female,strong,460
110,3.6703333333333332,True,1.0,0.8945549059689989,0.8874883858628653,0.8910216459159321,0.8885380056961377,-0.07203703703703707,-0.06592592592592594,0.39683838755855644,0.3702079004956356,0.17501569405074077,1.0027951986340173,0.0070665201061336225,0.006111111111111123,0.014747093720526959,0.2718630531556701,0.11048538938812007,0.11426239959682634,0.0,0.9999999987499999,0.6396344631133704,0.2871629167511806,0.3112662838826687,0.4158699729374869,fearful,06,04,04,female,strong,460
0,0.0,True,1.0,0.7907466469111012,0.8245563382149613,0.8076514925630313,0.7883116078713087,-0.06555555555555559,-0.061990740740740624,0.3808336017279381,0.3786987135852366,0.17083735267438852,1.0245332993940637,0.033809691303860134,0.003564814814814965,0.0004551075623572808,0.2874342777963125,0.11027038878390244,0.11346688901258908,0.0,0.9999999987499999,0.6454333406331283,0.28769457287979505,0.29022457712248095,0.3903093291720277,fearful,06,04,04,female,strong,461
10,0.33366666666666667,True,1.0,0.7610585624698573,0.7453604622982895,0.7532095123840734,0.8808808808808797,-0.06490740740740741,-0.06199074074074068,0.3651315789473688,0.4164164164164159,0.17084941013020874,0.8550639805360117,0.015698100171567808,0.002916666666666734,0.0006245411398468182,0.2665299666838527,0.11144540305457298,0.1116324320840174,0.0,0.9999999987499999,0.6448665674238446,0.2866308070019423,0.2924780500666261,0.38885615127197865,fearful,06,04,04,female,strong,461
20,0.6673333333333333,True,1.0,0.7733405144667402,0.7657013863319476,0.7695209503993439,0.726570048309179,-0.060092592592592586,-0.058611111111111114,0.37943347322658255,0.34009661835748817,0.16876130242820955,1.0591146059352667,0.0076391281347926165,0.0014814814814814725,0.005324210351208053,0.323838004376132,0.11231646228514708,0.11297009061103602,0.0,0.9999999987499999,0.645841628307573,0.28741577114965394,0.2918757970732954,0.3868621535527839,fearful,06,04,04,female,strong,461
30,1.0010000000000001,True,1.0,0.7765572455013543,0.7821039227914841,0.7793305841464192,1.0244732359958928,-0.08300925925925928,-0.08379629629629631,0.4736990015774049,0.2591802649675842,0.1930654350942442,0.7607134640162954,0.005546677290129809,0.0007870370370370305,0.003154909534007571,0.2577881165949993,0.09485679018038441,0.1210980626919486,0.0,0.9999999987499999,0.66017731598108,0.3155352757457142,0.3013670298281829,0.43379787902597006,fearful,06,04,04,female,strong,461
40,1.3346666666666667,True,1.0,0.8873191466889375,0.9122176811171703,0.899768413903054,1.0789422875239658,-0.07074074074074072,-0.06745370370370368,0.37410781958849715,0.4855083543451791,0.18897974658960054,0.8339356277970225,0.024898534428232755,0.0032870370370370328,0.021935974420667963,0.20139365097581455,0.10209018572811594,0.11881303044453605,0.0,0.9999999987499999,0.657760013716424,0.3131096508452702,0.2861561897860903,0.41047825967814183,fearful,06,04,04,female,strong,461
50,1.6683333333333334,True,1.0,0.9174215221640034,0.8908776468074677,0.9041495844857356,0.5099157560520544,-0.07018518518518524,-0.06620370370370371,0.41534296033159024,0.14468910319970923,0.19378937351945408,1.773135216463945,0.026543875356535684,0.00398148148148153,0.01328186882570047,0.44082743882451314,0.10367347065771444,0.1184034517752532,0.0,0.9999999987499999,0.6505842719978616,0.3109301140441028,0.28064296099756286,0.41388802926490437,fearful,06,04,04,female,strong,461
60,2.0020000000000002,True,1.0,0.8070533820168586,0.8093226360757381,0.8081880090462983,1.094517116138551,-0.06384259259259262,-0.06027777777777776,0.34464990147449354,0.3812980184010452,0.1889571372009924,0.7383968666452473,0.002269254058879455,0.003564814814814854,0.017272717079789203,0.2050388448319549,0.11036107301350667,0.11438247590187886,0.0,0.9999999987499999,0.6232434558745373,0.28555598035752183,0.30081516320137497,0.393700065296002,fearful,06,04,04,female,strong,461
70,2.3356666666666666,True,1.0,0.8915653819640925,0.895366092473814,0.8934657372189533,0.8746924816509267,-0.06694444444444447,-0.06472222222222224,0.40763894649374693,0.3879684394419429,0.18265392658968602,1.0214626922739671,0.0038007105097215277,0.0022222222222222365,0.004444914758328287,0.2726548977888374,0.10339795740519622,0.11735244665219614,0.0,0.9999999987499999,0.6504170501716312,0.31111872495349313,0.28589833902790174,0.4255623171399359,fearful,06,04,04,female,strong,461
80,2.6693333333333333,True,1.0,0.9198712130828904,0.8976970771247671,0.9087841451038288,1.054117776976444,-0.07226851851851851,-0.06902777777777774,0.3644621948093413,0.48770894788593994,0.1812605229973301,0.8621277099704363,0.022174135958123342,0.0032407407407407662,0.0014735905431345038,0.22667111618466165,0.10133956313706723,0.11719974361325619,0.0,0.9999999987499999,0.6532782560055272,0.3117141075493889,0.2856025198033833,0.4303079286216772,fearful,06,04,04,female,strong,461
90,3.003,True,1.0,0.886163402993076,0.9119383427772683,0.8990508728851722,1.0020202020202023,-0.06856481481481486,-0.06731481481481477,0.36055775236930193,0.4686868686868683,0.18195115352876315,0.8972382703188712,0.025774939784192208,0.0012500000000000844,0.003429251959754025,0.2540322580645158,0.11234871295455276,0.1141127661689151,0.0,0.9999999987499999,0.6359870044267707,0.2867025442962044,0.30513225993097376,0.4116394289574892,fearful,06,04,04,female,strong,461
100,3.336666666666667,True,1.0,0.876154282869416,0.8657882981453765,0.8709712905073963,0.9535786884520291,-0.06342592592592589,-0.06273148148148139,0.3653465622249266,0.4525252525252522,0.17639970187254408,0.9133711785455989,0.01036598472403949,0.0006944444444444975,0.003471130342786256,0.24787009108533198,0.11207620515181321,0.11421373383525951,0.0,0.9999999987499999,0.6435857670021133,0.28653735505018774,0.30158740834682696,0.4130681781004868,fearful,06,04,04,female,strong,461
0,0.0,True,1.0,0.7902940892983509,0.778514952904671,0.7844045211015109,0.9127958485242292,-0.06324074074074071,-0.05972222222222223,0.367571332414116,0.45639792426211395,0.1673725073290452,0.8593427789682697,0.01177913639367989,0.0035185185185184764,0.0015642601660532524,0.2664473684210527,0.10931263766374409,0.1130495873985427,0.0,0.9999999987499999,0.6414325330991772,0.29271953190649397,0.2847449449657885,0.38846546323418635,fearful,06,04,04,female,strong,462
10,0.33366666666666667,True,1.0,0.7307610105521117,0.7424868196621196,0.7366239151071157,0.8965669637076104,-0.06138888888888888,-0.05861111111111117,0.3597725313978892,0.4401328730928263,0.16806281908660348,0.8216050166079334,0.011725809110007868,0.0027777777777777124,0.0064238733336481595,0.2665299666838531,0.10946682023929276,0.11256229091472017,0.0,0.9999999987499999,0.6393858064241322,0.29211639739609785,0.2853875345384168,0.38641571485223253,fearful,06,04,04,female,strong,462
20,0.6673333333333333,True,1.0,0.7609789693747498,0.7657013863319492,0.7633401778533495,0.8968271254653538,-0.062962962962963,-0.06083333333333335,0.3650785387870104,0.44038396200730356,0.16805964133039802,0.8511564338079768,0.004722416957199327,0.002129629629629648,0.004361860480207114,0.2711916765661413,0.11112694445509942,0.11330274291117173,0.0,0.9999999987499999,0.6414741268147884,0.2906012861627376,0.286624486906616,0.3868701109490609,fearful,06,04,04,female,strong,462
30,1.0010000000000001,True,1.0,0.8254115836501352,0.827523680971923,0.8264676323110292,1.2365977946555986,-0.07458333333333333,-0.06722222222222224,0.37448065361023786,0.5641837977902499,0.18403150894573134,0.6683398885902156,0.0021120973217877426,0.007361111111111096,0.0068963629781139514,0.1757769049825036,0.10728293358928394,0.1154735725921956,0.0,0.9999999987499999,0.6397899881280638,0.2918379730113593,0.30855516476513567,0.4108615921789949,fearful,06,04,04,female,strong,462
40,1.3346666666666667,True,1.0,0.8521074807133432,0.8466352447844204,0.8493713627488818,1.0223782012647122,-0.07949074074074075,-0.07185185185185189,0.4000180524316903,0.425977917577606,0.1882272789446145,0.8307800006868145,0.005472235928922764,0.007638888888888862,0.019071297353824766,0.21918378478387887,0.11178270365192647,0.11516464610668559,0.0,0.9999999987499999,0.6305877876150461,0.28563541565245215,0.33242401057362736,0.41756755546722024,fearful,06,04,04,female,strong,462
50,1.6683333333333334,True,1.0,0.801013201283066,0.8602393981201789,0.8306262997016225,1.2297231051751465,-0.07814814814814824,-0.06884259259259257,0.42861974092113747,0.46111169062990376,0.18680555555555556,0.6754579922960123,0.05922619683711294,0.009305555555555678,0.011789787141738839,0.2078648943068869,0.10287477943345992,0.11941755968987476,0.0,0.9999999987499999,0.6503092952180872,0.3120504540555939,0.30693555711507015,0.439566242361827,fearful,06,04,04,female,strong,462
60,2.0020000000000002,True,1.0,0.8204907916369547,0.801712142144183,0.8111014668905688,0.8690604515466491,-0.07490740740740737,-0.06611111111111112,0.4295332107717989,0.3094381910810038,0.19029221182200778,0.9333084544890613,0.01877864949277175,0.008796296296296247,0.010148518463782792,0.28165782593669714,0.10068594501321032,0.11856790111367907,0.0,0.9999999987499999,0.647425810777436,0.31318424759992647,0.3049762273003517,0.4330932903359709,fearful,06,04,04,female,strong,462
70,2.3356666666666666,True,1.0,0.8517582136505194,0.8148108207157202,0.8332845171831198,1.250443764859984,-0.07166666666666671,-0.061851851851851936,0.37750724937334046,0.47452242027839653,0.1861373452695948,0.6663910370063105,0.036947392934799206,0.009814814814814776,0.01031640868524282,0.21007106554055727,0.10075458523442098,0.11834870639157563,0.0,0.9999999987499999,0.645583820285927,0.31365704413714807,0.2871875548166471,0.4071664917896974,fearful,06,04,04,female,strong,462
80,2.6693333333333333,True,1.0,0.8907297961520652,0.8451046488142275,0.8679172224831464,0.6472109688338278,-0.06763888888888892,-0.06152777777777774,0.41417206704179477,0.2547350108507178,0.18063835658170116,1.341011299680221,0.045625147337837624,0.006111111111111178,0.012376512770464313,0.3615295392757654,0.10148798259865914,0.11674531447906043,0.0,0.9999999987499999,0.6541018110134679,0.31068521022868417,0.2858553841208229,0.411679945222096,fearful,06,04,04,female,strong,462
90,3.003,True,1.0,0.8907421613844274,0.8859826555060856,0.8883624084452565,0.9752972038586016,-0.0673611111111111,-0.0631018518518518,0.3653542599179231,0.4483221017737122,0.1777932266304524,0.910863278322339,0.004759505878341841,0.004259259259259296,0.008206442757571911,0.2540322580645161,0.10155714183831831,0.11701125544653035,0.0,0.9999999987499999,0.6538552013930573,0.31113150956206376,0.2896085840573028,0.42129433949421347,fearful,06,04,04,female,strong,462
100,3.336666666666667,True,1.0,0.9127966114133363,0.9007668304282407,0.9067817209207885,0.9994964752953662,-0.0681018518518518,-0.060277777777777874,0.36352295361745973,0.475950702521603,0.17639061901081718,0.9072385379376359,0.012029780985095662,0.007824074074073928,0.009166403644091724,0.24107142857142844,0.1006727492558934,0.11581553068051122,0.0,0.9999999987499999,0.6534535241831108,0.3115647564807177,0.28539210162662076,0.41646940685616324,fearful,06,04,04,female,strong,462
0,0.0,True,1.0,0.635085618756485,0.6411452443949506,0.6381154315757178,0.9209105754700205,-0.06231481481481488,-0.06203703703703706,0.36054410880676324,0.3715231403032741,0.173618142218734,0.6929179103519711,0.006059625638465627,0.0002777777777778212,0.0078124218406872906,0.26639548723289314,0.11040633599477859,0.11282917474805161,0.0,0.9999999987499999,0.6338414362776361,0.2882745169824374,0.2810326183229272,0.38710896974195214,fearful,06,04,04,female,strong,463
10,0.33366666666666667,True,1.0,0.7600736522277358,0.7672797970475286,0.7636767246376321,0.8967551622418887,-0.0528703703703704,-0.05171296296296285,0.3729308747748899,0.3775811209439528,0.17015009905848222,0.8516000317505167,0.007206144819792759,0.0011574074074075513,0.0007909937514520995,0.2664473684210527,0.10919235000457878,0.1140044402749408,0.0,0.9999999987499999,0.6293549930597239,0.2881845727947737,0.282872657628797,0.3880723761138429,fearful,06,04,04,female,strong,463
20,0.6673333333333333,True,1.0,0.8123117588695147,0.7984933682027434,0.805402563536129,1.24044890380729,-0.07296296296296295,-0.06324074074074065,0.37120382815175085,0.4867460922363639,0.1799565268766711,0.6492831434363155,0.013818390666771263,0.009722222222222299,0.01573330232513664,0.1797930401694597,0.10888319122174574,0.11562553330452666,0.0,0.9999999987499999,0.6354961099830557,0.29160158524519986,0.3142227914501109,0.39603309335682957,fearful,06,04,04,female,strong,463
30,1.0010000000000001,True,1.0,0.9056082704410487,0.8732659292118449,0.8894370998264468,1.758373518388964,-0.07689814814814816,-0.06875000000000003,0.29959628246182274,0.793164533704379,0.1875687536705291,0.5058294443841239,0.032342341229203875,0.008148148148148127,0.01909664298195696,0.14104181801443721,0.1092263416479095,0.11463857894650425,0.0,0.9999999987499999,0.6334696934086134,0.2878661289223326,0.3235756509993438,0.40636438218822774,fearful,06,04,04,female,strong,463
40,1.3346666666666667,True,1.0,0.8717176914798104,0.8541172294386582,0.8629174604592342,0.7125582610728362,-0.07435185185185184,-0.06624999999999986,0.4093624046291574,0.216443372365116,0.19312233139743268,1.211013200745179,0.017600462041152176,0.008101851851851971,0.015435714967595065,0.34674519239347074,0.09956733088558203,0.11854842737290736,0.0,0.9999999987499999,0.6519340351609393,0.31087298345572956,0.2969327033181834,0.42003879316201026,fearful,06,04,04,female,strong,463
50,1.6683333333333334,True,1.0,0.8865394407051318,0.8692287633454443,0.8778841020252881,0.9515127585797685,-0.07810185185185187,-0.06967592592592586,0.453410910000609,0.2128325508607201,0.19306187851855733,0.9226193701654839,0.0173106773596875,0.008425925925926003,0.005956362928382442,0.2738411838750414,0.10129236792370348,0.11675200776772049,0.0,0.9999999987499999,0.6437641865261731,0.31555018967985765,0.3042350875134694,0.41927588191917403,fearful,06,04,04,female,strong,463
60,2.0020000000000002,True,1.0,0.7023280790590195,0.6983987754192863,0.7003634272391529,0.8210186488685042,-0.06509259259259259,-0.056157407407407434,0.41988067740953705,0.2758691915558157,0.18753295608809836,0.8530420450307267,0.003929303639733206,0.008935185185185157,0.027962453483344443,0.29548674206124703,0.11312744049291971,0.11317258928685131,0.0,0.9999999987499999,0.6163831192320678,0.2834124267656606,0.31705440075459357,0.39706339773710386,fearful,06,04,04,female,strong,463
70,2.3356666666666666,True,1.0,0.8279005168569649,0.800316676738054,0.8141085967975095,0.9033456816695234,-0.06703703703703706,-0.06023148148148144,0.38427921104594887,0.35539958447581,0.1868316922029551,0.9012149095492548,0.027583840118910907,0.00680555555555562,0.010457457040029901,0.2771128686502304,0.11330113901666722,0.1135033765960493,0.0,0.9999999987499999,0.6180126457536139,0.2817091371767316,0.3074046155283963,0.3902848533753067,fearful,06,04,04,female,strong,463
80,2.6693333333333333,True,1.0,0.8480868057751048,0.8053964128568696,0.8267416093159872,0.8577948458978161,-0.06587962962962968,-0.059768518518518554,0.3822812488365444,0.36972177074542967,0.1834681159975041,0.9637987605890463,0.042690392918235176,0.006111111111111123,0.018680165463305053,0.29144497801025665,0.11499594043139458,0.11212629567048595,0.0,0.9999999987499999,0.6184305090864471,0.28455024120569755,0.31170761762550236,0.3978429523220981,fearful,06,04,04,female,strong,463
90,3.003,True,1.0,0.8953187488642181,0.8600049643645217,0.8776618566143699,0.863650147498313,-0.06476851851851845,-0.05842592592592594,0.37508415370061865,0.40150200999381597,0.1765138465499164,1.0162238253031552,0.035313784499696466,0.006342592592592511,0.021487173763373096,0.27852111043188604,0.10215223548769345,0.1148449749434035,0.0,0.9999999987499999,0.655983098403424,0.3087529076993549,0.28346885883475353,0.41034760451291946,fearful,06,04,04,female,strong,463
100,3.336666666666667,True,1.0,0.8817279110422139,0.8891241609919724,0.8854260360170931,0.8541483977676606,-0.06393518518518515,-0.057361111111111196,0.36786824921280337,0.3881680776880932,0.17167182944777293,1.0366185060244537,0.0073962499497585155,0.0065740740740739545,0.02550065815645089,0.27846213934115444,0.10071255802849262,0.11528620213379011,0.0,0.9999999987499999,0.6585906747855391,0.3078768371650243,0.27736668477710585,0.40649646996351674,fearful,06,04,04,female,strong,463
0,0.0,True,1.0,0.5290632645601628,0.5849264600124104,0.5569948622862866,0.9511918470022936,-0.050416666666666665,-0.05027777777777781,0.3775031786260203,0.4132051200557755,0.16390052653515236,0.5855757322160305,0.055863195452247605,0.0001388888888888551,0.0015132722272624163,0.29552442545625673,0.10945281190176245,0.11375440065704827,0.0,0.9999999987499999,0.6399931872905412,0.28928939818851346,0.2737054031028511,0.37371829572079934,disgust,07,04,04,female,normal,464
10,0.33366666666666667,True,1.0,0.569548382967057,0.6057942503586644,0.5876713166628607,0.966783840834164,-0.05106481481481484,-0.04916666666666669,0.3762833695457788,0.4132051200557758,0.16388888888888886,0.6078621630206437,0.0362458673916074,0.0018981481481481488,0.0015050401033729923,0.29075829798881264,0.11289429233921833,0.11273116572343492,0.0,0.9999999987499999,0.6357162071625525,0.2835322091711334,0.290537177636433,0.38572182143187383,disgust,07,04,04,female,normal,464
20,0.6673333333333333,True,1.0,0.589064026034046,0.6330622616724512,0.6110631438532486,1.189801386909299,-0.05351851851851852,-0.0506018518518519,0.37948424117229973,0.5099012746226413,0.16389075096782327,0.5135841583111478,0.043998235638405214,0.002916666666666623,0.009182655260726797,0.2633004591780535,0.10996939287474347,0.11409309387956017,0.0,0.9999999987499999,0.6352261437465611,0.2852809156386436,0.29633276421322213,0.39567938873585645,disgust,07,04,04,female,normal,464
30,1.0010000000000001,True,1.0,0.6341486813620664,0.6266547370782165,0.6304017092201415,1.2717948717948717,-0.05481481481481476,-0.05027777777777781,0.42868150483549916,0.45128205128205184,0.16111537299237594,0.4956787632980952,0.007493944283849863,0.004537037037036951,0.010153060265010738,0.24821688210730294,0.09888339169908547,0.11653237617770759,0.0,0.9999999987499999,0.656899621692427,0.31491109598824724,0.286178756106515,0.42706626365114997,disgust,07,04,04,female,normal,464
40,1.3346666666666667,True,1.0,0.620617178438034,0.6184514826402276,0.6195343305391308,1.1394173666982628,-0.05624999999999991,-0.048333333333333395,0.3597522401703009,0.4719833870804542,0.1680923239539124,0.543729057188571,0.002165695797806344,0.007916666666666516,0.012827874561129195,0.2427273008999972,0.10045429364491706,0.11633306654940787,0.0,0.9999999987499999,0.6555775203362596,0.31302148894083065,0.2741629247602177,0.4050124177518227,disgust,07,04,04,female,normal,464
50,1.6683333333333334,True,1.0,0.6582193755888184,0.662599460603595,0.6604094180962067,1.7755907835005333,-0.05958333333333343,-0.05152777777777778,0.3437207448427432,0.7693785133610194,0.1680628190866036,0.3719378497754003,0.004380085014776602,0.008055555555555649,0.014134751092027022,0.16098698530178912,0.1073437212565955,0.11425572931445507,0.0,0.9999999987499999,0.6386088695165567,0.2964888869406355,0.2927739102232441,0.38244015147704913,disgust,07,04,04,female,normal,464
60,2.0020000000000002,True,1.0,0.5983239583358712,0.5834733111443398,0.5908986347401055,1.1245363878627288,-0.06175925925925918,-0.05097222222222214,0.3845463581220031,0.48622981956315225,0.17015009905848222,0.5254597726829948,0.014850647191531396,0.01078703703703704,0.01116578520211237,0.2432151386617998,0.10755344894727518,0.11670032113812534,0.0,0.9999999987499999,0.6408996161589636,0.28966334458824755,0.28724791787235976,0.38923762819638474,disgust,07,04,04,female,normal,464
70,2.3356666666666666,True,1.0,0.6165579665987652,0.6398102437615959,0.6281841051801805,0.9793210372680148,-0.059537037037036944,-0.0499074074074074,0.3929953624838875,0.42184557438794706,0.1715317808465777,0.6414485968080585,0.023252277162830737,0.009629629629629544,0.01123219778732347,0.2596056639861757,0.10222129363582723,0.11773328190384819,0.0,0.9999999987499999,0.6523452357192877,0.31384932531848503,0.2797915134880469,0.40672990551197064,disgust,07,04,04,female,normal,464
80,2.6693333333333333,True,1.0,0.6652345424913965,0.6847434020331177,0.6749889722622571,1.1909649009904055,-0.06018518518518512,-0.051712962962963016,0.3310347888501282,0.5243615889122903,0.17500043596485867,0.5667580729717028,0.019508859541721213,0.008472222222222103,0.010545879741770799,0.19366615680758917,0.10548057446220668,0.11298240362808551,0.0,0.9999999987499999,0.6427794900694652,0.2883427619999836,0.2749833144323437,0.3641936209353597,disgust,07,04,04,female,normal,464
90,3.003,True,1.0,0.6647056280607088,0.6733051751033402,0.6690054015820245,1.085447470797759,-0.05629629629629623,-0.049583333333333424,0.3715977076902162,0.46405270183594766,0.1715282225678134,0.6163406517409205,0.008599547042631439,0.00671296296296281,0.011528042228771613,0.26126315019428004,0.1075907157040247,0.11352080085142631,0.0,0.9999999987499999,0.6414771924785538,0.288122571319107,0.28595806641620397,0.38335882800493054,disgust,07,04,04,female,normal,464
100,3.336666666666667,True,1.0,0.6267762542447817,0.6543298326018739,0.6405530434233278,1.1994998072837266,-0.054166666666666696,-0.048194444444444484,0.377575892796916,0.49069137370443633,0.16666712442970985,0.5340167956123839,0.027553578357092268,0.005972222222222212,0.013054453303774105,0.25699089023059507,0.10915557393828489,0.11569823618242588,0.0,0.9999999987499999,0.6411551257768733,0.289450268507821,0.2858126835402313,0.387590893672554,disgust,07,04,04,female,normal,464
110,3.6703333333333332,True,1.0,0.6383004471875238,0.6412043959774909,0.6397524215825073,1.1527685929613478,-0.052638888888888846,-0.04902777777777789,0.37757589279691584,0.49069137370443777,0.16249999999999998,0.5549703778266954,0.002903948789967137,0.003611111111110954,0.013010326380683671,0.274972133732057,0.10621103595784824,0.11364516065143312,0.0,0.9999999987499999,0.6435787101090437,0.28806818645829496,0.27931012985240256,0.3864277672959855,disgust,07,04,04,female,normal,464
0,0.0,True,1.0,0.6257931001044302,0.6239172360162111,0.6248551680603207,0.7367367367367361,-0.053657407407407376,-0.05032407407407408,0.35916980538114524,0.3523523523523521,0.17014606348251404,0.8481390120818763,0.001875864088219159,0.0033333333333332993,0.007145828868645063,0.33016304347826125,0.10693299432088577,0.11228947249744065,0.0,0.9999999987499999,0.6480168431513231,0.2843053315393525,0.26456212397182793,0.36025559775482613,disgust,07,04,04,female,normal,465
10,0.33366666666666667,True,1.0,0.5942459540039368,0.6216826060590035,0.6079642800314702,0.7847847847847862,-0.055138888888888904,-0.05097222222222225,0.35912821421949537,0.3843843843843845,0.1680669046848667,0.7746891782543848,0.027436652055066735,0.004166666666666652,0.008231017827929678,0.32207579800176717,0.11439488798321315,0.11034820720759385,0.0,0.9999999987499999,0.6260922619985495,0.28048808315076124,0.2914169869664132,0.3772514926814315,disgust,07,04,04,female,normal,465
20,0.6673333333333333,True,1.0,0.4875588418363256,0.4983649973708464,0.492961919603586,1.4477753007992584,-0.04777777777777781,-0.04657407407407416,0.3517698582080226,0.6087237060178692,0.15765098790489415,0.3404961524978645,0.0108061555345208,0.0012037037037036513,0.011639571060435306,0.21762643120467798,0.11287771226279886,0.11257866181071245,0.0,0.9999999987499999,0.6236340266106443,0.28448200726709794,0.3046247119583326,0.4001249138184327,disgust,07,04,04,female,normal,465
30,1.0010000000000001,True,1.0,0.4580244371030419,0.475567580068327,0.4667960085856845,1.300371440578562,-0.04865740740740743,-0.047037037037037044,0.40300923612406586,0.5056605014857954,0.15488524959210456,0.35897128621803426,0.017543142965285086,0.0016203703703703831,0.014037484929951107,0.25022724352806613,0.10826507855226604,0.11620450098194773,0.0,0.9999999987499999,0.6237062599492922,0.2877791055467856,0.31218577775303186,0.40798789410866715,disgust,07,04,04,female,normal,465
40,1.3346666666666667,True,1.0,0.4392762552871337,0.44012446465034816,0.4397003599687409,1.2270504343737427,-0.045138888888888895,-0.04500000000000004,0.40870266416636514,0.451319462266265,0.15909684711265742,0.3583392724954728,0.0008482093632144472,0.0001388888888888551,0.019885064788139895,0.2586152842755218,0.11007619581965757,0.11614251534930209,0.0,0.9999999987499999,0.622827389651173,0.2899748414301942,0.31402254383894085,0.40187077153931183,disgust,07,04,04,female,normal,465
50,1.6683333333333334,True,1.0,0.48554068139292816,0.5006496942289058,0.493095187810917,1.7288664652810535,-0.0443055555555556,-0.04157407407407404,0.3628760353511499,0.6723278397523067,0.1590858172173243,0.28521299806156913,0.015109012835977653,0.002731481481481557,0.007744880261671185,0.1874974569202286,0.11086856420990493,0.11653644005418541,0.0,0.9999999987499999,0.6260355835459184,0.29141164095398203,0.31298961925904584,0.41238781416783565,disgust,07,04,04,female,normal,465
60,2.0020000000000002,True,1.0,0.49375983026787795,0.530481994265803,0.5121209122668404,1.0631712572255039,-0.04597222222222225,-0.042037037037036984,0.38726741958767424,0.36450409130273637,0.16805964133039808,0.48169183354645284,0.03672216399792505,0.003935185185185264,0.013325903514273171,0.2732054650488525,0.10282313040031263,0.1157358495339453,0.0,0.9999999987499999,0.6481734608843537,0.2914035146412143,0.2758847691466225,0.3757434460725388,disgust,07,04,04,female,normal,465
70,2.3356666666666666,True,1.0,0.40598948568314447,0.4206009786243397,0.4132952321537421,1.1464520678346082,-0.0427777777777778,-0.041157407407407476,0.3630630362151693,0.42778031461639254,0.16111537299237588,0.36049935601264554,0.014611492941195237,0.0016203703703703276,0.014184190884104143,0.24913643956122003,0.10889954589152735,0.11445075165376975,0.0,0.9999999987499999,0.6387307392410089,0.28376071165614214,0.2977806179817451,0.39088396987765806,disgust,07,04,04,female,normal,465
80,2.6693333333333333,True,1.0,0.44586271248631426,0.45973838216084795,0.4528005473235811,1.1517907861093224,-0.0459722222222223,-0.0459722222222223,0.37276389790980585,0.49805730248782887,0.1597241328765551,0.3931274262517008,0.013875669674533686,0.0,0.01527179304050216,0.25879152282115,0.11126161512001868,0.1140091315359845,0.0,0.9999999987499999,0.6311258093002825,0.28209904011201314,0.3012805783305372,0.3946599108608345,disgust,07,04,04,female,normal,465
90,3.003,True,1.0,0.4835279777319094,0.5290672518886627,0.506297614810286,1.0424092543346972,-0.04555555555555563,-0.044861111111111185,0.39954303834420757,0.3763222182714774,0.1611115846590412,0.48569946276371384,0.04553927415675324,0.000694444444444442,0.012168333544918492,0.2980898516352711,0.11076295576493618,0.1129861105418826,0.0,0.9999999987499999,0.6310938064210058,0.28093385916372804,0.2983884650713248,0.3942665869087274,disgust,07,04,04,female,normal,465
100,3.336666666666667,True,1.0,0.5059058138096219,0.5352484544146958,0.5205771341121588,1.040399273015865,-0.04685185185185187,-0.0462037037037038,0.4028713102350422,0.36842977093386065,0.16042427606411208,0.5003628391657099,0.029342640605073966,0.0006481481481480644,0.011630278195044844,0.2920144201149444,0.10103876346027134,0.11599017074742048,0.0,0.9999999987499999,0.6565711621054671,0.3105664959581816,0.2793860468747582,0.4182029482416529,disgust,07,04,04,female,normal,465
110,3.6703333333333332,True,1.0,0.5517317440418052,0.5670457462410967,0.559388745141451,1.1277595781291199,-0.048657407407407316,-0.045648148148148215,0.3804839807853018,0.4800043538007327,0.15835694254147833,0.4960177293013469,0.015314002199291465,0.0030092592592591005,0.01355764897923903,0.26908728089714323,0.1079310744539621,0.11353336687304114,0.0,0.9999999987499999,0.645103309917717,0.2864102324343211,0.2778917174727659,0.3852483731171339,disgust,07,04,04,female,normal,465
0,0.0,True,1.0,0.5537794441670397,0.5441250912790491,0.5489522677230444,1.1535619197919234,-0.06037037037037041,-0.05731481481481476,0.3927851650728926,0.4288772540646985,0.17639278163936417,0.4758758574676798,0.009654352887990658,0.0030555555555556446,0.004357570849631993,0.2671277997540959,0.11004722400420139,0.1140180245791428,0.0,0.9999999987499999,0.6351444254029738,0.286501157168183,0.30159519233704996,0.4056795555029668,disgust,07,04,04,female,normal,466
10,0.33366666666666667,True,1.0,0.5113895860257777,0.528198493794423,0.5197940399101003,1.1161695544214698,-0.05624999999999997,-0.05486111111111114,0.3955888412112441,0.4552672171930147,0.1694444444444445,0.4656945155429532,0.016808907768645298,0.0013888888888888284,0.0010745700947017837,0.27415709857037823,0.10063447938874646,0.1178057236212925,0.0,0.9999999987499999,0.6574090360362894,0.3115114947857963,0.2827322413963025,0.4221169859010898,disgust,07,04,04,female,normal,466
20,0.6673333333333333,True,1.0,0.20263051346758518,0.22615522092565107,0.21439286719661813,0.9875879117372672,-0.07157407407407412,-0.06796296296296295,0.4087980840795824,0.38796843944194254,0.17013933730985414,0.21708737485403132,0.023524707458065897,0.003611111111111176,0.01044575171732644,0.2976548210303815,0.10114305821452878,0.11736936881038594,0.0,0.9999999987499999,0.6611373763646082,0.3103064012158074,0.28275696081544166,0.4151431816566088,disgust,07,04,04,female,normal,466
30,1.0010000000000001,True,1.0,0.5634751593785654,0.5968295381660729,0.5801523487723191,1.3333612016508904,-0.07023148148148145,-0.06439814814814826,0.3827328947329012,0.582375478927203,0.18264055980567517,0.43510516734250865,0.033354378787507466,0.0058333333333331905,0.00865947612557542,0.20042684531352944,0.10940381948213718,0.11363398275832962,0.0,0.9999999987499999,0.6336836494363371,0.2909332730438675,0.3175042709359868,0.39791081465205935,disgust,07,04,04,female,normal,466
40,1.3346666666666667,True,1.0,0.6138496755586775,0.6586746087091818,0.6362621421339296,0.9813645133795033,-0.06837962962962968,-0.06740740740740747,0.41105011490162247,0.4195131299037837,0.18195953953629374,0.6483443546810632,0.04482493315050429,0.0009722222222222077,0.0030338708004540153,0.2689859889969861,0.09993723644533059,0.11694058407419179,0.0,0.9999999987499999,0.6518726461209483,0.3127532093396488,0.28849187609641563,0.41519165154701,disgust,07,04,04,female,normal,466
50,1.6683333333333334,True,1.0,0.6220358412427642,0.6508665299478561,0.6364511855953101,1.0482397067211595,-0.05685185185185182,-0.053796296296296287,0.4376811998251998,0.2984811955204616,0.16945164844089428,0.6071618748216446,0.028830688705091867,0.0030555555555555336,0.009876801897670548,0.2847451719360027,0.1026712923584456,0.11750331150008202,0.0,0.9999999987499999,0.6593447892907164,0.31130266336468604,0.27857525898802776,0.41085102430851533,disgust,07,04,04,female,normal,466
60,2.0020000000000002,True,1.0,0.6830679253848521,0.6892232849820772,0.6861456051834647,0.8054778704639483,-0.0637962962962963,-0.0598611111111112,0.4222214411325053,0.29858231405129104,0.1784739321483694,0.8518491076461862,0.00615535959722513,0.003935185185185097,0.010714885886393787,0.3200431034482761,0.10206495982281046,0.11754511738677724,0.0,0.9999999987499999,0.6597115611166341,0.3103842064368728,0.271527739701667,0.4049072903862278,disgust,07,04,04,female,normal,466
70,2.3356666666666666,True,1.0,0.5170207427457044,0.5736179972339795,0.545319369989842,0.9502681388565002,-0.05027777777777781,-0.04828703703703713,0.37366550454867187,0.381648846214562,0.17431649776999442,0.573858417105354,0.05659725448827513,0.001990740740740682,0.012675868594071556,0.2694090056690837,0.1106270102459319,0.11328751959808901,0.0,0.9999999987499999,0.6380165474783663,0.2816601583762685,0.2924349710606715,0.38065248016847275,disgust,07,04,04,female,normal,466
80,2.6693333333333333,True,1.0,0.4392762552871343,0.48213600750420693,0.4607061313956706,1.0740826620135424,-0.04800925925925931,-0.04583333333333334,0.37546508449842064,0.39889347681306053,0.1673902838797572,0.42892986516699017,0.04285975221707261,0.00217592592592597,0.013965201581741388,0.28445983367315375,0.11218302904344978,0.11208734711078851,0.0,0.9999999987499999,0.6318629396602391,0.28218459180678473,0.29711322950309604,0.38951317532143764,disgust,07,04,04,female,normal,466
90,3.003,True,1.0,0.5150033761134071,0.5958186603775799,0.5554110182454934,0.9923218020346686,-0.0468055555555556,-0.04611111111111116,0.39197388574087677,0.36274890350494626,0.16670374140048083,0.5597085714600566,0.08081528426417284,0.000694444444444442,0.019099638191015417,0.3054406888689568,0.11197815121583281,0.11144047424717911,0.0,0.9898763543817939,0.6366719345394407,0.2813093003674727,0.2957645407783901,0.3873416549036786,disgust,07,04,04,female,normal,466
100,3.336666666666667,True,1.0,0.5587596996606065,0.611074200188962,0.5849169499247842,1.0089757377903161,-0.04796296296296293,-0.04726851851851854,0.3867611670010714,0.3838914099545168,0.16390564683773728,0.5797135927230203,0.05231450052835551,0.0006944444444443865,0.020631167496727516,0.3054406888689568,0.11143549456398875,0.11283056296446137,0.0,0.9999999987499999,0.638013012267407,0.28128999548393485,0.2931606117536495,0.3856803586988538,disgust,07,04,04,female,normal,466
110,3.6703333333333332,True,1.0,0.5530355235793162,0.5938663881657525,0.5734509558725344,1.0018776262104165,-0.04708333333333342,-0.0463425925925926,0.37915970600355825,0.3697994449062105,0.16460604611541996,0.5723762472285182,0.040830864586436366,0.0007407407407408195,0.028515600517085377,0.3089688190371401,0.11339179619992461,0.11307633377551991,0.0,0.9999999987499999,0.6387025243378601,0.28188400860937984,0.29380602489710034,0.3848748610342096,disgust,07,04,04,female,normal,466
0,0.0,True,1.0,0.5711613869529942,0.5886779023335704,0.5799196446432824,0.6684444444444447,-0.05277777777777776,-0.04953703703703699,0.41242768828976356,0.21333333333333385,0.16738344696828988,0.8675659577442718,0.017516515380576192,0.0032407407407407662,0.006511646975298652,0.3835692846238282,0.11221585550069171,0.11290140344238143,0.0,0.9999999987499999,0.6395549911292643,0.2810194537582304,0.2861382145840661,0.38468323372676694,disgust,07,04,04,female,normal,467
10,0.33366666666666667,True,1.0,0.4358339208922559,0.42758715509754475,0.43171053799490033,0.6242578456318917,-0.051574074074074105,-0.0490740740740741,0.4323134708574531,0.14927905004240835,0.16528931763555116,0.6915580493152002,0.008246765794711175,0.0025000000000000022,0.003102238946211127,0.4041177502569994,0.11017595374069564,0.11439437267509003,0.0,0.9999999987499999,0.6372504793010955,0.2830152444219706,0.2851637245871323,0.38658307222290267,disgust,07,04,04,female,normal,467
20,0.6673333333333333,True,1.0,0.43372127748222916,0.4476288517465841,0.44067506461440664,0.5968048712149183,-0.04597222222222219,-0.04458333333333331,0.4513291645982688,0.14588563518586947,0.16458518755548332,0.7383905290808409,0.01390757426435496,0.001388888888888884,0.0010291663091359523,0.42499999999999893,0.09869666455011228,0.11717935014637346,0.0,0.9999999987499999,0.6609948254458032,0.3156379178208587,0.27221565445771195,0.40477051059952357,disgust,07,04,04,female,normal,467
30,1.0010000000000001,True,1.0,0.4513202080418106,0.48118404786226665,0.46625212795203863,1.125462842372363,-0.049212962962963014,-0.04703703703703699,0.4028326141424208,0.3998245325352864,0.1611115846590412,0.4142758964562756,0.02986383982045604,0.0021759259259260255,0.0004477720925866424,0.23683561848652182,0.10750507142592965,0.11427077377706671,0.0,0.9999999987499999,0.6427759991105819,0.29444810959099454,0.29834200232614694,0.39339908772749077,disgust,07,04,04,female,normal,467
40,1.3346666666666667,True,1.0,0.20702068498776935,0.22246830749230115,0.21474449624003525,0.8171601139532323,-0.05314814814814811,-0.053101851851851734,0.4160835135424848,0.23653483149723414,0.16250046950052371,0.26279365888424344,0.0154476225045318,4.629629629637755e-05,0.005059543485562585,0.33596830685767803,0.10689468947844855,0.1155036418163828,0.0,0.9999999987499999,0.6397878217380701,0.2946549409679051,0.28989134012058615,0.3822653934466396,disgust,07,04,04,female,normal,467
50,1.6683333333333334,True,1.0,0.4268930998123874,0.433801205897969,0.4303471528551782,1.0118278671523004,-0.04481481481481475,-0.04305555555555557,0.45552154261953404,0.2825158272525182,0.15694881946988626,0.4253165650263735,0.006908106085581622,0.0017592592592591827,0.00022659238307995663,0.28519083446586607,0.10845619867934118,0.11470498973523831,0.0,0.9999999987499999,0.6370358917551396,0.29640172189868363,0.29716863852483616,0.3897387998061713,disgust,07,04,04,female,normal,467
60,2.0020000000000002,True,1.0,0.2913245719772773,0.30761000097701124,0.29946728647714427,0.8794062418443822,-0.05291666666666661,-0.05115740740740732,0.41243675711667194,0.3243573645991721,0.16250187799395585,0.340533501159908,0.016285428999733953,0.0017592592592592937,0.003114570491759334,0.32314823607254767,0.108053857346678,0.11458635944856733,0.0,0.9999999987499999,0.6422558339742147,0.29278562817697446,0.29038679974373066,0.38316547516977156,disgust,07,04,04,female,normal,467
70,2.3356666666666666,True,1.0,0.4663689028648904,0.4590437604457691,0.46270633165532976,0.9968847352024911,-0.05462962962962953,-0.04773148148148143,0.36265260207400685,0.3987538940809967,0.17016758544842112,0.4641522889417532,0.0073251424191213,0.006898148148148098,0.004174739841902847,0.27238537663167206,0.10713004189236008,0.11495439156842056,0.0,0.9969682460866667,0.6351439615690025,0.2862764257474314,0.2838947759693343,0.37861401908600534,disgust,07,04,04,female,normal,467
80,2.6693333333333333,True,1.0,0.5948540623197458,0.6041267793863738,0.5994904208530598,0.922254025283525,-0.06694444444444436,-0.059398148148148144,0.4428755430235964,0.26062834687777214,0.1875146478653401,0.6500274375801839,0.009272717066628022,0.007546296296296218,0.006973572702903576,0.31825435527600965,0.10954749882614614,0.11598613050138033,0.0,0.9999999987499999,0.6251707266422194,0.2911318428550939,0.3160661646021273,0.4100017410983303,disgust,07,04,04,female,normal,467
90,3.003,True,1.0,0.5651182033211658,0.6147646463298434,0.5899414248255046,0.9422125141104375,-0.054166666666666696,-0.049490740740740724,0.43758158567063615,0.2594412019054397,0.17574697989839716,0.626123529448641,0.0496464430086776,0.004675925925925972,0.010697707413969394,0.3273617888966568,0.1106297479185863,0.11462237106204304,0.0,0.9999999987499999,0.6294902043786265,0.28855665745984144,0.3042016427396204,0.4011047690042154,disgust,07,04,04,female,normal,467
100,3.336666666666667,True,1.0,0.5793258997291817,0.5736179972339794,0.5764719484815806,0.9444825949839308,-0.051435185185185195,-0.04828703703703707,0.43064013585006494,0.29858231405129104,0.17085521526842073,0.6103574079005537,0.005707902495202255,0.003148148148148122,0.007406925920588161,0.33116367116062967,0.10899985211256956,0.11468794960235515,0.0,0.9999999987499999,0.6333983416647909,0.2875156388642893,0.2977060277508965,0.39786953849927426,disgust,07,04,04,female,normal,467
110,3.6703333333333332,True,1.0,0.5756981007114766,0.5707769168886608,0.5732375088000687,0.9590866693231306,-0.051203703703703696,-0.046574074074074046,0.4252243577844132,0.3243858635038781,0.1666707864887947,0.5976910399605778,0.004921183822815811,0.00462962962962965,0.013580616043319312,0.322934248472673,0.10932658816558563,0.11437653021741118,0.0,0.9999999987499999,0.6352005847886029,0.2875945654909045,0.29755175204248463,0.40041733204197694,disgust,07,04,04,female,normal,467
0,0.0,True,1.0,0.5730688952667045,0.6059327972735484,0.5895008462701264,1.0828144151321106,-0.05268518518518511,-0.051574074074074105,0.36921392740411674,0.46619753506815614,0.1701608601264882,0.5444154030755154,0.03286390200684397,0.0011111111111110072,0.0055828646363284325,0.27378165144085104,0.10940214805168282,0.11628719154319128,0.0,0.9999999987499999,0.6320430622952307,0.30990485127359596,0.27792269653443274,0.4091302574899217,disgust,07,04,04,female,strong,468
10,0.33366666666666667,True,1.0,0.5558846358913351,0.5798747486528325,0.5678796922720838,1.0987226435692659,-0.05166666666666653,-0.05083333333333334,0.3666326375139105,0.45904172361601214,0.17158158900111736,0.5168544542117498,0.02399011276149743,0.000833333333333186,0.004477540865718827,0.2623364031218046,0.10880933401793011,0.11618801123789899,0.0,0.9999999987499999,0.6299497653905312,0.3097282568162904,0.2783736871136536,0.4062066342623891,disgust,07,04,04,female,strong,468
20,0.6673333333333333,True,1.0,0.6577187024619472,0.6481689032161156,0.6529438028390314,1.15441595413873,-0.05384259259259261,-0.051388888888888984,0.37168116083901576,0.4662064430175645,0.17223329679369823,0.5656053179949079,0.009549799245831547,0.0024537037037036247,0.005801378871716883,0.25993174773000455,0.10819141653665697,0.11528576228233968,0.0,0.9999999987499999,0.6317061150632127,0.3093574974596436,0.2810395531500996,0.40462734809437834,disgust,07,04,04,female,strong,468
30,1.0010000000000001,True,1.0,0.622525270945279,0.6502129938153727,0.6363691323803258,1.2943189426196946,-0.055138888888888904,-0.0507407407407407,0.4335867753939095,0.42508848299849905,0.1736326429790067,0.4916633075710984,0.02768772287009369,0.0043981481481482065,0.005254332384832425,0.2434343041690948,0.10716108415639797,0.11657143532748719,0.0,0.9999999987499999,0.6288000382965686,0.31232657354678683,0.3017739211563551,0.42546162127623616,disgust,07,04,04,female,strong,468
40,1.3346666666666667,True,1.0,0.6038728269002086,0.6155258876020808,0.6096993572511447,1.0530636619487268,-0.05754629629629626,-0.05032407407407402,0.3657477320603914,0.45783855281399577,0.18058259679984479,0.5789767316848415,0.01165306070187222,0.007222222222222241,0.009749818597391956,0.26246621020335237,0.1063569858020021,0.11534011311105358,0.0,0.9999999987499999,0.6283953868813149,0.3112325070213685,0.28430937188389677,0.4038775648745946,disgust,07,04,04,female,strong,468
50,1.6683333333333334,True,1.0,0.7069939178127588,0.6877196524039292,0.697356785108344,1.9448279429789863,-0.06388888888888883,-0.055416666666666725,0.35518838130669517,0.8077309601888532,0.18474865360190323,0.35856991238009933,0.019274265408829594,0.008472222222222103,0.005197644943294899,0.1542338709677419,0.10155062613449516,0.11537728466570386,0.0,0.9999999987499999,0.6238004784726391,0.3146758836955887,0.2934680776007379,0.4144873909818571,disgust,07,04,04,female,strong,468
60,2.0020000000000002,True,1.0,0.784868549487691,0.7714140091148294,0.7781412793012602,0.6104847045242409,-0.06949074074074074,-0.061342592592592615,0.39777045341874195,0.23407557744382784,0.1958582652569057,1.2746286246560041,0.013454540372861645,0.008148148148148127,0.001134729461012473,0.41892767587984425,0.10679145442369538,0.1159282496565209,0.0,0.9999999987499999,0.6288396704619348,0.31019434083753367,0.2788819252565012,0.3992344520862951,disgust,07,04,04,female,strong,468
70,2.3356666666666666,True,1.0,0.7685641376687488,0.7485154091778118,0.7585397734232803,1.1348463875564552,-0.07129629629629619,-0.06356481481481485,0.3530527331504552,0.49548076049137957,0.19589916232072066,0.6684074441621688,0.020048728490936973,0.007731481481481339,0.0023028395870873953,0.20646039629698063,0.11630620473956645,0.11179384115834325,0.0,0.9999999987499999,0.609140825478629,0.28183496943951797,0.31924826025697134,0.38330008834947055,disgust,07,04,04,female,strong,468
80,2.6693333333333333,True,1.0,0.793944263198595,0.753025382723801,0.773484822961198,0.9834667301546067,-0.06726851851851856,-0.05935185185185182,0.30099348605296894,0.43604087978647604,0.20436425022962895,0.7864880419895869,0.04091888047479397,0.007916666666666738,0.0035243956837243146,0.2554004534118819,0.11082924587789834,0.11241378901521404,0.0,0.9999999987499999,0.6165545160329757,0.28329801575116925,0.2847461835082813,0.3611962275078363,disgust,07,04,04,female,strong,468
90,3.003,True,1.0,0.7682007964596809,0.7539648084280325,0.7610828024438567,1.089605290319506,-0.062499999999999944,-0.05722222222222223,0.3732066372316687,0.4253433401964226,0.19662713428789932,0.6984940411042643,0.014235988031648383,0.005277777777777715,0.0003509568080855969,0.27000739727426293,0.11286781508008667,0.11241923942124893,0.0,0.9999999987499999,0.6132720957523634,0.2862231039194143,0.2979985209067482,0.37561846530976783,disgust,07,04,04,female,strong,468
100,3.336666666666667,True,1.0,0.7439162420659958,0.734701720450797,0.7393089812583964,1.0900830937724602,-0.06124999999999997,-0.05537037037037024,0.3740069717518291,0.4479793536051203,0.19248957256034346,0.678213418299942,0.009214521615198867,0.0058796296296297346,0.0054004880831128735,0.29312847982731055,0.11311936195560039,0.11114232019689606,0.0,0.9999999987499999,0.6111136834499424,0.28473823469970266,0.29135338092347474,0.3745027927594454,disgust,07,04,04,female,strong,468
110,3.6703333333333332,True,1.0,0.7022814076264129,0.7111840296454477,0.7067327186359302,1.1109891985464355,-0.053888888888888875,-0.050185185185185166,0.3809881166043256,0.4666154633895026,0.18130092563129846,0.6361292437051459,0.0089026220190348,0.003703703703703709,0.007408817441807083,0.2778201356593465,0.11170171209987866,0.11188796678653677,0.0,0.9999999987499999,0.6166054535095288,0.28439916183226494,0.28244763449681726,0.3718190242697813,disgust,07,04,04,female,strong,468
0,0.0,True,1.0,0.6888765627851748,0.7009981761284679,0.6949373694568214,0.7297910771997923,-0.06055555555555553,-0.058518518518518525,0.36261814112633206,0.3331654917651227,0.17638888888888893,0.9522415266068961,0.012121613343293092,0.002037037037037004,0.002436569899218973,0.3423913043478258,0.11311414067472247,0.11217138785141684,0.0,0.9999999987499999,0.6299648948251175,0.28382934163368423,0.29065243727300083,0.388525238398314,disgust,07,04,04,female,strong,469
10,0.33366666666666667,True,1.0,0.6550012153490599,0.6674180492425893,0.6612096322958245,0.745709500753625,-0.05560185185185185,-0.054398148148148195,0.36379531613192095,0.3490305151825092,0.1715282225678135,0.8866852730555215,0.012416833893529433,0.0012037037037036513,0.0009634193721230446,0.3111479299174727,0.11386924624095877,0.11140477473499001,0.0,0.9999999987499999,0.6297078382993823,0.28346308182850044,0.2884286582751649,0.3813457562199426,disgust,07,04,04,female,strong,469
20,0.6673333333333333,True,1.0,0.6744726871199861,0.6736135988146384,0.6740431429673123,1.2181421868178859,-0.05337962962962972,-0.05180555555555566,0.3506259884812895,0.5102880658436224,0.1680573714677488,0.5533369997866125,0.0008590883053476439,0.001574074074074061,0.003800233853223704,0.22084662785292652,0.11274505053608147,0.1120333468671538,0.0,0.9436943254761845,0.6244019577596663,0.2856484578375059,0.28821829101281493,0.3803996358783271,disgust,07,04,04,female,strong,469
30,1.0010000000000001,True,1.0,0.6331582965508913,0.6433996460677628,0.6382789713093271,1.3449275362318842,-0.05495370370370373,-0.05236111111111119,0.37332065850667423,0.5410628019323664,0.16736156697472784,0.47458242478818496,0.0102413495168715,0.0025925925925925353,0.005393688270783203,0.22012788443691525,0.11134513883861233,0.11342476487634355,0.0,0.9999999987499999,0.6251549869088261,0.2866365804505221,0.3012522469102921,0.3943406398197485,disgust,07,04,04,female,strong,469
40,1.3346666666666667,True,1.0,0.6861189868662847,0.7053213777793114,0.6957201823227981,0.9549862400471979,-0.0635648148148148,-0.05722222222222223,0.330143607178197,0.5122198923889515,0.17086950399915843,0.728513305373294,0.019202390913026668,0.006342592592592566,0.004130449307192647,0.25825473122161224,0.1025867020883881,0.11578103307468605,0.0,0.9999999987499999,0.6485497726043543,0.31083583061035364,0.27675456554455075,0.39699088812603184,disgust,07,04,04,female,strong,469
50,1.6683333333333334,True,1.0,0.7959674348282467,0.7852719813237794,0.7906197080760131,1.8091305218850353,-0.0729629629629629,-0.06458333333333338,0.34200828200388844,0.812389540236858,0.17778164011680334,0.4370164001501792,0.010695453504467323,0.008379629629629515,0.009310293492988685,0.16250804098821156,0.10170385456331715,0.11688375818446076,0.0,0.9999999987499999,0.6472850787736969,0.31282685259093,0.2869595945464143,0.4124002384490675,disgust,07,04,04,female,strong,469
60,2.0020000000000002,True,1.0,0.7235638877158802,0.7182777540668108,0.7209208208913456,0.7900164320583506,-0.0667592592592593,-0.05925925925925929,0.34935382455195146,0.3703202025273513,0.1861443130964601,0.9125390202492628,0.00528613364906938,0.007500000000000007,0.006651959306037049,0.3170913792849629,0.11343276910946623,0.11235901302583529,0.0,0.9999999987499999,0.6194626317949055,0.28254185558984113,0.30716612249624364,0.38039860575764656,disgust,07,04,04,female,strong,469
70,2.3356666666666666,True,1.0,0.5508251392914202,0.5571289055951626,0.5539770224432914,1.1370270020510134,-0.0555092592592592,-0.04884259259259266,0.35693563076022666,0.45639792426211456,0.17639061901081718,0.4872153620309862,0.0063037663037424085,0.006666666666666543,0.00046252897395744776,0.22974631104660814,0.11594071533808077,0.1126812253712462,0.0,0.9999999987499999,0.6162196565891982,0.2863016063133157,0.311265731241816,0.38176101673347956,disgust,07,04,04,female,strong,469
80,2.6693333333333333,True,1.0,0.6200800130575497,0.6235668822688091,0.6218234476631794,1.2665421705139315,-0.054120370370370374,-0.04888888888888887,0.3270416661063067,0.5804984948188855,0.17640445937537771,0.49096150301166747,0.0034868692112594024,0.005231481481481504,0.0003191138735490968,0.2421874999999999,0.10687524190134333,0.11667037418661709,0.0,0.9999999987499999,0.6114319021905638,0.31854798433502013,0.27426711618801825,0.37905869704847606,disgust,07,04,04,female,strong,469
90,3.003,True,1.0,0.6058682008450545,0.5894060618533703,0.5976371313492124,1.1074984567076012,-0.051944444444444404,-0.047083333333333366,0.3872460861149448,0.4517304189435346,0.18265392658968602,0.5396279586031053,0.01646213899168425,0.004861111111111038,0.0012615726763549656,0.28864341003044847,0.10735015404941518,0.11688735500662413,0.0,0.9999999987499999,0.593429199617347,0.3189965487441217,0.2796430073201295,0.3942161486177223,disgust,07,04,04,female,strong,469
100,3.336666666666667,True,1.0,0.6286673162488682,0.6202575998678632,0.6244624580583658,1.1934437312807582,-0.051851851851851816,-0.048703703703703694,0.36334520311332874,0.5181490659290341,0.17577953531399634,0.5232441561264196,0.008409716381004961,0.003148148148148122,0.010133948975693339,0.25298926860242926,0.11337994861808225,0.11342465275288162,0.0,0.9999999987499999,0.60854151176877,0.2844854111264608,0.2989049960387204,0.38758916450304776,disgust,07,04,04,female,strong,469
110,3.6703333333333332,True,1.0,0.44332351278815885,0.4669902085745537,0.4551568606813563,1.062994029443377,-0.0585648148148149,-0.053055555555555634,0.3617809549915454,0.5076807493563764,0.17369722256788406,0.42818383553827977,0.023666695786394853,0.005509259259259269,0.012344685009463986,0.2942117279569663,0.11300579564484874,0.11177033318926526,0.0,0.9999999987499999,0.6206854126963285,0.2842460480020712,0.3008633561942583,0.3822238721644069,disgust,07,04,04,female,strong,469
120,4.0040000000000004,True,1.0,0.6246811692571098,0.6134950736269675,0.6190881214420387,0.9960516148459916,-0.053240740740740755,-0.04995370370370378,0.37393631433643865,0.4214064524348428,0.17086191325973668,0.6215422094745175,0.011186095630142279,0.0032870370370369772,0.008032910759885473,0.2859910232587999,0.11169836470935217,0.11172090659954716,0.0,0.9999999987499999,0.624014911691239,0.2855272944181504,0.29252707796561567,0.3727927800765427,disgust,07,04,04,female,strong,469
0,0.0,True,1.0,0.5397059973300165,0.5612770409086584,0.5504915191193374,0.8713070707884913,-0.05717592592592585,-0.05291666666666678,0.3708310535590974,0.39602795739238694,0.16393543451705941,0.6317996692270256,0.021571043578641924,0.004259259259259074,0.012095382858934179,0.29657539903203806,0.10439868229456487,0.11229893489286415,0.0,0.9999999987499999,0.6498160596347914,0.28857239590335826,0.2616797478552936,0.3701232286104042,disgust,07,04,04,female,strong,470
10,0.33366666666666667,True,1.0,0.43699947497401465,0.4829240895683652,0.4599617822711899,1.085411404294252,-0.049629629629629635,-0.049027777777777726,0.3739011817452442,0.4797833018981834,0.15490101146767413,0.42376722821542745,0.045924614594350543,0.0006018518518519089,0.0045344715774169354,0.2531326130218251,0.10602576996805449,0.11331474290132205,0.0,0.9999999987499999,0.6479413394732894,0.2906548697988975,0.26857605509180965,0.3776863358619493,disgust,07,04,04,female,strong,470
20,0.6673333333333333,True,1.0,0.5010785545286599,0.526788989848325,0.5139337721884925,1.0879829821161453,-0.04888888888888876,-0.04828703703703707,0.3679163217389551,0.5039231575772569,0.15208784819568388,0.4723729880304585,0.025710435319665104,0.0006018518518516869,0.005237256982668849,0.2662984155169002,0.11121716794378125,0.11304577365964831,0.0,0.9999999987499999,0.6373276460427921,0.2911631724338596,0.28713407508023797,0.37964887674265585,disgust,07,04,04,female,strong,470
30,1.0010000000000001,True,1.0,0.3117392514885919,0.33314157756586543,0.32244041452722866,1.3388423713131536,-0.05458333333333332,-0.053379629629629666,0.34832216414130696,0.6191533797589505,0.1506944444444444,0.2408352330610623,0.021402326077273548,0.0012037037037036513,0.0014829557722150998,0.21239281552706046,0.108811745175805,0.1161857531573375,0.0,0.9999999987499999,0.6377490749112146,0.2868179813570619,0.2916295836669322,0.4010487480550585,disgust,07,04,04,female,strong,470
40,1.3346666666666667,True,1.0,0.39663709567397326,0.4201955204534853,0.4084163080637293,1.1517907861093233,-0.04759259259259263,-0.046712962962962956,0.3769105070839199,0.4513644303795954,0.15625781230469726,0.3545924424724162,0.023558424779512033,0.0008796296296296746,0.002960885028460316,0.2598477742324705,0.10816093193498655,0.11531436337171357,0.0,0.9999999987499999,0.6375861507571778,0.2911490030767817,0.28040304871121075,0.38578624830574726,disgust,07,04,04,female,strong,470
50,1.6683333333333334,True,1.0,0.45303826656928886,0.46107889991307044,0.45705858324117965,1.300389358122192,-0.04972222222222222,-0.04861111111111116,0.37447062983913126,0.5787093178879681,0.1527777777777778,0.3514782556365951,0.008040633343781578,0.0011111111111110628,0.01560999867934811,0.22081629855431525,0.10263434260652078,0.11623159048020593,0.0,0.9999999987499999,0.6455972047021934,0.2933438980818026,0.2803630758860151,0.382512904472387,disgust,07,04,04,female,strong,470
60,2.0020000000000002,True,1.0,0.5740698522666483,0.6090052255033032,0.5915375388849757,0.8727746199277806,-0.06268518518518518,-0.05601851851851852,0.37013173715077724,0.38787878787878777,0.16945570055431025,0.6777666597751475,0.034935373236654854,0.006666666666666654,0.012787191214490717,0.30206694559722486,0.09828722490200342,0.11719831577305696,0.0,0.9999999987499999,0.6560301324279711,0.3145647995656127,0.26553072980934467,0.39814517024768076,disgust,07,04,04,female,strong,470
70,2.3356666666666666,True,1.0,0.5461508538261709,0.5807479370045304,0.5634493954153507,1.1970819593085125,-0.07009259259259254,-0.0642592592592593,0.3309863442865196,0.6257473878203587,0.18125673478866933,0.47068572960603633,0.03459708317835952,0.005833333333333246,0.011123107769998114,0.1966074210675295,0.10985941459844767,0.11469839713963244,0.0,0.9999999987499999,0.6300667694499674,0.28741144957486375,0.29375934277202914,0.39166923399986053,disgust,07,04,04,female,strong,470
80,2.6693333333333333,True,1.0,0.6817731156502681,0.6567889011636531,0.6692810084069606,1.134431512365126,-0.06824074074074082,-0.05907407407407406,0.3486851997685946,0.524867724867726,0.18333499792094693,0.5899703958431182,0.02498421448661503,0.009166666666666767,0.006827287110740792,0.2690615085005607,0.10928538487786627,0.11441590010568023,0.0,0.9999999987499999,0.6274290152232769,0.2858937050707249,0.29906938557268703,0.3888305907488249,disgust,07,04,04,female,strong,470
90,3.003,True,1.0,0.632691842176292,0.6682282747945818,0.650460058485437,1.1725588417230919,-0.0533333333333334,-0.050833333333333286,0.35070289235083585,0.5108841438602932,0.1694665057164013,0.5547355367936817,0.03553643261828976,0.0025000000000001132,0.014146176113234077,0.25073219913764266,0.11152120643008188,0.11442318549629056,0.0,0.9999999987499999,0.625465851410877,0.28619089076217563,0.2928621713615125,0.38926277498849593,disgust,07,04,04,female,strong,470
100,3.336666666666667,True,1.0,0.6141098712725812,0.6368353912539982,0.6254726312632897,1.0257109830578686,-0.05046296296296304,-0.04814814814814816,0.3625863163806865,0.4394328086611139,0.16391867961350406,0.6097942223438215,0.02272551998141703,0.0023148148148148806,0.007929883582850891,0.2785004363625692,0.10903841272104176,0.1128085753519401,0.0,0.9999999987499999,0.6338526759766407,0.29144345700550467,0.2757949292365712,0.37170098908583576,disgust,07,04,04,female,strong,470
110,3.6703333333333332,True,1.0,0.49232814377173184,0.5131126780997396,0.5027204109357357,0.8809136034851901,-0.048333333333333284,-0.04555555555555563,0.37390118174524445,0.3696691014625348,0.16048513825490027,0.5706807216358164,0.020784534328007753,0.002777777777777657,0.021142451672686222,0.30186792255192696,0.10604570841466229,0.11446715780251618,0.0,0.9999999987499999,0.6396691736772835,0.28962845906288587,0.25821007576737304,0.3595975000566935,disgust,07,04,04,female,strong,470
0,0.0,True,1.0,0.5793845651131273,0.5954632921465943,0.5874239286298608,0.7664627923265293,-0.05208333333333337,-0.05185185185185187,0.36826565135019557,0.36692367717759383,0.15903209549004216,0.7664089301018618,0.016078727033467022,0.00023148148148149916,0.004194643239998494,0.32383800437613286,0.1104139361875405,0.11416468796409812,0.0,0.9999999987499999,0.6361123663215287,0.28920606881113897,0.27679100769304077,0.3806031223097083,disgust,07,04,04,female,strong,471
10,0.33366666666666667,True,1.0,0.6123447870446443,0.6119241176860558,0.61213445236535,0.7754058780459872,-0.0526388888888889,-0.051064814814814785,0.3693137252607775,0.3715231403032741,0.1576393728673585,0.7894374671338847,0.0004206693585885324,0.0015740740740741166,0.0011128332980538658,0.317069608590135,0.11162839297610304,0.11331426679527348,0.0,0.9999999987499999,0.6379095690229217,0.2869000394261357,0.2798975065053482,0.380673653263046,disgust,07,04,04,female,strong,471
20,0.6673333333333333,True,1.0,0.4809752552316207,0.5221937589971786,0.5015845071143996,0.8246555148667227,-0.04791666666666666,-0.046574074074074046,0.3724886719203869,0.35673862061587047,0.1569488194698862,0.6082351940561066,0.04121850376555786,0.0013425925925926174,0.0018855791961369162,0.2926312587428024,0.11052395407868416,0.11254480587661247,0.0,0.9999999987499999,0.6313977953134379,0.28648398334477715,0.27968030765453317,0.375359984244297,disgust,07,04,04,female,strong,471
30,1.0010000000000001,True,1.0,0.14007861632470145,0.1566247379916261,0.14835167715816377,1.4092574674346758,-0.055416666666666725,-0.05462962962962964,0.3615856381590907,0.5684956600457914,0.15486160377078145,0.10526939227663905,0.01654612166692465,0.000787037037037086,0.003991753058453493,0.21123905406808,0.10836772777447079,0.11676328468185122,0.0,0.9999999987499999,0.6137171573004202,0.2919826260170907,0.30232956682105433,0.38878356570485384,disgust,07,04,04,female,strong,471
40,1.3346666666666667,True,1.0,0.3205603570418544,0.3368432917123609,0.32870182437710765,1.0962076775972072,-0.042824074074074125,-0.0412499999999999,0.38836641985800163,0.3777363275057876,0.1590450479235388,0.29985360538396677,0.016282934670506455,0.0015740740740742276,0.00041050115544495353,0.273640743207564,0.11422104677939889,0.11492246229234439,0.0,0.9481619455247104,0.5892128178146259,0.29390306735724336,0.30068780061087563,0.3780030620082979,disgust,07,04,04,female,strong,471
50,1.6683333333333334,True,1.0,0.3237440440044712,0.33339351518560384,0.3285687795950375,1.0430010486147296,-0.0438425925925926,-0.04185185185185192,0.4280499865069744,0.345262067940834,0.15416716154551766,0.3150224825098966,0.00964947118113263,0.001990740740740682,0.018499373622326273,0.292371455492374,0.10699085805033429,0.11754094402926397,0.0,0.9999999987499999,0.6308751639093138,0.2891841912957039,0.305338451538653,0.3984525383651961,disgust,07,04,04,female,strong,471
60,2.0020000000000002,True,1.0,0.3724661233098327,0.3813706780866985,0.3769184006982656,0.9420003088521404,-0.04703703703703699,-0.044629629629629686,0.3843808321356488,0.35703381043061916,0.1611115846590412,0.4001255595739173,0.008904554776865803,0.0024074074074073026,0.016248697686165107,0.29938284018566813,0.11160866563583496,0.11533331826940785,0.0,0.9999999987499999,0.6305097644839186,0.2837234077950858,0.29201310419875837,0.38107503265091713,disgust,07,04,04,female,strong,471
70,2.3356666666666666,True,1.0,0.316529883724881,0.2905863338309171,0.303558108777899,1.1427131971241125,-0.04597222222222225,-0.04268518518518516,0.36958175846012253,0.4364529572349039,0.15626757713634168,0.26564680406410757,0.025943549893963913,0.0032870370370370883,0.008794691350631522,0.25038550524055453,0.10971481170415562,0.11483672485399805,0.0,0.9999999987499999,0.6280780951286764,0.2877563038794108,0.30456800467354583,0.3954639062061868,disgust,07,04,04,female,strong,471
80,2.6693333333333333,True,1.0,0.36478212891324197,0.3564828890197387,0.36063250896649035,0.9762169425980447,-0.046157407407407425,-0.04388888888888892,0.4040093978558481,0.42982686278570587,0.15489263817098572,0.3694184081734177,0.008299239893503285,0.002268518518518503,0.005105788205997977,0.2854477611940297,0.10942093614884073,0.11478529574808369,0.0,0.9578074105927743,0.6287023515968888,0.2847745265021804,0.3019261626380131,0.4009182546869,disgust,07,04,04,female,strong,471
90,3.003,True,1.0,0.15941047683722184,0.19303395650967728,0.17622221667344956,0.8817996484480128,-0.05444444444444446,-0.05245370370370367,0.4309853525175344,0.33062379231129085,0.15486308174038899,0.19984382731792263,0.033623479672455436,0.001990740740740793,0.017600539863246712,0.32552018404136424,0.10757738974926567,0.1156943856209471,0.0,0.9999999987499999,0.6309931657897534,0.2880293509972947,0.29431150730363836,0.39312368621037647,disgust,07,04,04,female,strong,471
100,3.336666666666667,True,1.0,0.3632259336565526,0.3396494192831399,0.35143767646984625,0.9439573901134235,-0.04634259259259266,-0.04300925925925925,0.41879013750538113,0.35217326453598174,0.1541745845376634,0.3723024790638255,0.023576514373412683,0.0033333333333334103,0.030797339055662877,0.3109488579263898,0.10600439051709627,0.11582885331356454,0.0,0.9999999987499999,0.6350788146195978,0.29025802004514833,0.2821439735779701,0.3884074648742199,disgust,07,04,04,female,strong,471
110,3.6703333333333332,True,1.0,0.22249053664337948,0.20999134017141585,0.21624093840739766,0.9917534817242285,-0.0495370370370371,-0.046296296296296335,0.4037166556484559,0.36260501123588307,0.15694638891525287,0.21803900101409132,0.012499196471963625,0.0032407407407407662,0.021360714718366203,0.3120213200542429,0.10386874446213952,0.11742372033366455,0.0,0.9999999987499999,0.6420595980892356,0.2940567367981693,0.27392641329668593,0.3773601215981123,disgust,07,04,04,female,strong,471
0,0.0,True,1.0,0.7009981761284658,0.7056178987393408,0.7033080374339034,0.6837351752059732,-0.07694444444444437,-0.07314814814814818,0.3700851229108646,0.3114550261203277,0.18960305135840613,1.0286263789515202,0.0046197226108749545,0.0037962962962961866,0.0068552668055941535,0.33747363590200286,0.10278919698886589,0.11576598807475168,0.0,0.9999999987499999,0.6375051961565876,0.3132241428605398,0.27244749466938367,0.39959924331409147,surprised,08,04,04,female,normal,472
10,0.33366666666666667,True,1.0,0.6414816394947959,0.6645602908024696,0.6530209651486327,0.6895741948933796,-0.07611111111111113,-0.07240740740740748,0.3670387912767745,0.31413935545142857,0.19167024913148814,0.946991592760517,0.023078651307673725,0.0037037037037036535,0.004175421399886615,0.33749999999999947,0.10483888726055605,0.11458013144154518,0.0,0.9999999987499999,0.6368854617159365,0.31280496953392917,0.27636978530444545,0.40076864586236194,surprised,08,04,04,female,normal,472
20,0.6673333333333333,True,1.0,0.7485883805782827,0.7654539001055931,0.7570211403419379,0.6722464137345608,-0.07407407407407413,-0.07037037037037042,0.3754303064269694,0.30622166584587374,0.19168099612422096,1.12610662530191,0.016865519527310413,0.003703703703703709,0.0007496736809659855,0.33747363590200286,0.10537459142001335,0.11475369308353159,0.0,0.9999999987499999,0.63714808188119,0.31153156285576666,0.2777538010465665,0.39651031818516785,surprised,08,04,04,female,normal,472
30,1.0010000000000001,True,1.0,0.7796655438352904,0.7812023718717555,0.7804339578535229,1.096826958406195,-0.07712962962962966,-0.07259259259259265,0.40266469256499016,0.34708834050441584,0.19652816598686876,0.7115379065696704,0.0015368280364650433,0.004537037037037006,0.0026165597744612712,0.2207222530832197,0.1023361695053563,0.11682083381803778,0.0,0.9999999987499999,0.6343233834393133,0.31366993428317275,0.285536773504125,0.40317371486793285,surprised,08,04,04,female,normal,472
40,1.3346666666666667,True,1.0,0.8427781153651263,0.8510208092551544,0.8468994623101403,1.07270560190764,-0.07449074074074064,-0.07032407407407398,0.37273587194683944,0.4367303234324749,0.18752603985846872,0.7894984987531168,0.008242693890028185,0.004166666666666652,0.006519152216721132,0.2334656423377653,0.10326326885100477,0.11484671730955952,0.0,0.9999999987499999,0.6416551121542367,0.3114867544023888,0.27602592443483964,0.40315428911564416,surprised,08,04,04,female,normal,472
50,1.6683333333333334,True,1.0,0.8577931417548429,0.851142562511389,0.8544678521331159,0.6667187479656533,-0.07277777777777772,-0.07148148148148148,0.39430556815535145,0.251851851851852,0.19029742384669843,1.2816016569810553,0.0066505792434539135,0.0012962962962962399,0.01146642007669653,0.34997265945392814,0.10375234536937454,0.1152347245346844,0.0,0.9999999987499999,0.638611150233531,0.3143431188997034,0.2752511406567676,0.4015405516886813,surprised,08,04,04,female,normal,472
60,2.0020000000000002,True,1.0,0.8711747120142347,0.9130379812566558,0.8921063466354453,0.9615793515898183,-0.07407407407407401,-0.07013888888888886,0.35236472493318527,0.3812980184010455,0.18959782024548774,0.9277511472771223,0.04186326924242112,0.003935185185185153,0.008565932770845327,0.25449007844225213,0.101120698096269,0.11558956680293159,0.0,0.9999999987499999,0.637783566418755,0.31616806616555315,0.27214693916670707,0.4027177493513283,surprised,08,04,04,female,normal,472
70,2.3356666666666666,True,1.0,0.9300507648514372,0.9244036860936895,0.9272272254725633,0.8884716252351494,-0.07101851851851848,-0.06708333333333327,0.383960508782652,0.352324954834628,0.18542325011720553,1.043620526684976,0.0056470787577477255,0.003935185185185208,0.008138712606892303,0.27155172413793127,0.10157276649690364,0.11585220081552337,0.0,0.9999999987499999,0.6402871348852042,0.3180481902668574,0.2747320150088941,0.4091217100885057,surprised,08,04,04,female,normal,472
80,2.6693333333333333,True,1.0,0.8278864391770874,0.8677077352280534,0.8477970872025704,0.8578779470996847,-0.06981481481481477,-0.06657407407407406,0.3861708055796956,0.35232495483462817,0.18542325011720553,0.9882490744386242,0.03982129605096607,0.0032407407407407107,0.013308550077917593,0.2812358127352578,0.11145992091785926,0.11331197315008334,0.0,0.9999999987499999,0.6350186031990921,0.2880638923686238,0.30159910931110234,0.3945805331512548,surprised,08,04,04,female,normal,472
90,3.003,True,1.0,0.7414293624329154,0.8066724523995313,0.7740509074162234,0.8508039737921145,-0.06972222222222219,-0.06680555555555551,0.3901856768004442,0.3418408823271886,0.18403441091295167,0.9097876023853116,0.06524308996661599,0.0029166666666666785,0.018574704733343123,0.29129464285714324,0.09966545784916087,0.11652009334504654,0.0,0.9999999987499999,0.6418694384472539,0.31812158159734144,0.27002462040247915,0.40306272622902517,surprised,08,04,04,female,normal,472
0,0.0,True,1.0,0.6106518384446601,0.6466610970300222,0.6286564677373412,0.6622400632793679,-0.07337962962962963,-0.06921296296296303,0.3885408983180904,0.3089488314345616,0.17460119160988954,0.9492878830439175,0.03600925858536208,0.004166666666666596,0.03338043709076441,0.32792240004945,0.09909976194313005,0.11602046862208468,0.0,0.9999999987499999,0.6659729688047095,0.30638738622991285,0.2677017841933435,0.40903507723338867,surprised,08,04,04,female,normal,473
10,0.33366666666666667,True,1.0,0.6607016342370731,0.6767383573569998,0.6687199957970364,0.6477972576334798,-0.0698611111111111,-0.06504629629629638,0.38862604962855923,0.30894883143456164,0.1752722665787164,1.0322982814715689,0.016036723119926766,0.004814814814814716,0.028928905200589182,0.3641225038306306,0.10062745685716101,0.11569032184337896,0.0,0.9999999987499999,0.6653091779602467,0.30625378732888897,0.27026197201428886,0.4083735067263939,surprised,08,04,04,female,normal,473
20,0.6673333333333333,True,1.0,0.6946384919372421,0.7199683859664132,0.7073034389518277,0.6919024488331927,-0.06944444444444436,-0.06527777777777782,0.38941318587737705,0.3236606805504931,0.17460119160988954,1.0222589039027203,0.025329894029171074,0.004166666666666541,0.03631588610062569,0.3257182345770701,0.10102519790122194,0.11517786715908743,0.0,0.9999999987499999,0.6667655000828456,0.306466753873357,0.27132248605758225,0.4084911795191679,surprised,08,04,04,female,normal,473
30,1.0010000000000001,True,1.0,0.8231193801284445,0.8160941604025319,0.8196067702654882,1.163221367973931,-0.06597222222222221,-0.06217592592592602,0.38598436517301976,0.44738120066981835,0.1785444523317762,0.7046008548596887,0.007025219725912635,0.0037962962962961866,0.023908439744179673,0.2178546584942529,0.11045968489742128,0.11361848200049343,0.0,0.9999999987499999,0.6373147705253975,0.28603206531083974,0.29863457408532607,0.39919600256691484,surprised,08,04,04,female,normal,473
40,1.3346666666666667,True,1.0,0.7046702321566309,0.7521221215428271,0.728396176849729,1.166915819912897,-0.07134259259259262,-0.06925925925925924,0.3649825077214767,0.4954807604913793,0.179193917501249,0.6242062747114863,0.047451889386196155,0.0020833333333333814,0.014045168898833425,0.20981921207039342,0.10994811303863679,0.11394652224381735,0.0,0.9999999987499999,0.6415159569218312,0.28623040715539494,0.29033261978376507,0.39362766393084514,surprised,08,04,04,female,normal,473
50,1.6683333333333334,True,1.0,0.7559061195350477,0.7526779971099722,0.7542920583225099,0.6307595506592899,-0.06967592592592592,-0.06768518518518518,0.4050539285980151,0.236534831497234,0.1833836804240681,1.195847225038606,0.0032281224250755303,0.0019907407407407374,0.020171825524515585,0.35867532050196843,0.1105554852227538,0.11419457919251409,0.0,0.9999999987499999,0.6457973019754778,0.2841179193881054,0.29330552782340263,0.398728483922156,surprised,08,04,04,female,normal,473
60,2.0020000000000002,True,1.0,0.33341628317015964,0.3645734006400359,0.3489948419050978,0.8492162423100263,-0.07879629629629631,-0.07532407407407404,0.3903810861172784,0.275609395601652,0.1841210342932545,0.4109611009744312,0.03115711746987626,0.0034722222222222654,0.022082956233054216,0.2670113181677769,0.10843297408264838,0.11571903697689323,0.0,0.9999999987499999,0.645467385532338,0.28734610537166677,0.28719832299278036,0.3757258029529395,surprised,08,04,04,female,normal,473
70,2.3356666666666666,True,1.0,0.7683893527180055,0.8148110305338656,0.7916001916259355,0.8998145400559645,-0.06398148148148153,-0.062037037037037,0.41180369986653786,0.3374174204263816,0.1785957222481236,0.8797370529005916,0.04642167781586015,0.0019444444444445264,0.024089346302833187,0.265507014359836,0.11163424601164583,0.11280294523081061,0.0,0.9999999987499999,0.6387601021580507,0.2859998912368845,0.295387055910536,0.3947466727889041,surprised,08,04,04,female,normal,473
80,2.6693333333333333,True,1.0,0.7497317343235272,0.7997327252687674,0.7747322297961473,0.8436918171757344,-0.06546296296296306,-0.0627314814814815,0.4095969942418411,0.30929930205751655,0.17933691644693361,0.9182644823907029,0.05000099094524013,0.002731481481481557,0.026381358952150245,0.2948428877864775,0.11308467370557064,0.11237076841105013,0.0,0.9999999987499999,0.6398044472710959,0.28442845529253713,0.295709228271668,0.3918291753953872,surprised,08,04,04,female,normal,473
90,3.003,True,1.0,0.7756709426790839,0.829346473026204,0.8025087078526439,0.8705137090517643,-0.06449074074074074,-0.062361111111111034,0.40174956148603214,0.3209683282296714,0.17935435791808924,0.9218794598040311,0.05367553034712014,0.0021296296296297035,0.028586752985290884,0.2784689605694301,0.11262019236849834,0.11215885832692658,0.0,0.9999999987499999,0.6402557426329907,0.28457173757232,0.29467237696337056,0.3920369865224632,surprised,08,04,04,female,normal,473
0,0.0,True,1.0,0.6634642374794459,0.7006120283106972,0.6820381328950715,0.7594315767655786,-0.06694444444444458,-0.06467592592592591,0.38221351436513784,0.34931642083178793,0.17502789956175552,0.8980903003794944,0.037147790831251304,0.0022685185185186696,0.006337674070186461,0.2931644121287382,0.09817220427470803,0.1151637564026892,0.0,0.9999999987499999,0.6672288472185749,0.3092927125282325,0.2640223573885147,0.40617753565504466,surprised,08,04,04,female,normal,474
10,0.33366666666666667,True,1.0,0.682547937831473,0.6898627857640063,0.6862053617977397,0.7746183050744377,-0.06731481481481488,-0.06527777777777782,0.38105349489473317,0.3493164208317877,0.17573786330129443,0.8858625690904608,0.0073148479325332305,0.0020370370370370594,0.004344380555618367,0.311284524062972,0.09779860869529701,0.11548118729149529,0.0,0.9999999987499999,0.6677807815001,0.30822361349705,0.2634618532942785,0.40481270673278097,surprised,08,04,04,female,normal,474
20,0.6673333333333333,True,1.0,0.7420299557719602,0.7790829155388724,0.7605564356554163,1.097487856029334,-0.0642592592592593,-0.062222222222222234,0.37668492548819854,0.42506998463649137,0.17644121757180886,0.6929975866950167,0.03705295976691225,0.0020370370370370594,0.008288804710625883,0.22227068793542676,0.09763573439150176,0.11545402506369143,0.0,0.9999999987499999,0.6694444885610494,0.30873126737061507,0.2695660088351869,0.4091490278832573,surprised,08,04,04,female,normal,474
30,1.0010000000000001,True,1.0,0.7993361412021078,0.8117845677326412,0.8055603544673745,1.2753989178545269,-0.06740740740740742,-0.06629629629629624,0.3600472344769144,0.5246362349068971,0.18129208832451152,0.6316144252517372,0.012448426530533352,0.0011111111111111738,0.014709947670678307,0.19264358422692876,0.10976909394431965,0.11428581475484592,0.0,0.9999999987499999,0.642447392597664,0.28655812240055056,0.2967576663471607,0.3939968050794769,surprised,08,04,04,female,normal,474
40,1.3346666666666667,True,1.0,0.3828114852333173,0.39846671430904707,0.39063909977118216,1.0001125286284682,-0.08050925925925934,-0.07708333333333334,0.3825263220809174,0.3711999715037177,0.18200481730011303,0.39059514663504497,0.01565522907572975,0.003425925925925999,0.012825613260103652,0.2151810181326653,0.0964826919155798,0.11658285740981983,0.0,0.9999999987499999,0.666942284234006,0.3098263758791635,0.26425141464971924,0.40379568518646464,surprised,08,04,04,female,normal,474
50,1.6683333333333334,True,1.0,0.8291278942523714,0.8278431571711495,0.8284855257117605,1.0027867178583447,-0.06486111111111115,-0.06324074074074076,0.40492061819305114,0.3366063583507359,0.1812769376534146,0.8261831862723112,0.0012847370812218983,0.0016203703703703831,0.009553130527771458,0.25869188294927975,0.0980006143199381,0.11727574107391736,0.0,0.9999999987499999,0.6660150599145909,0.3099067941363073,0.27710768231278693,0.4177321475516911,surprised,08,04,04,female,normal,474
60,2.0020000000000002,True,1.0,0.8821797345782713,0.9003908747240812,0.8912853046511762,0.6609233954832121,-0.0672222222222223,-0.0665277777777778,0.3989564671717801,0.24966266749294408,0.18892160269492647,1.348545551182286,0.018211140145809934,0.0006944444444444975,0.008850102244398916,0.3631521320234147,0.0981872730719481,0.116139379940083,0.0,0.9999999987499999,0.6658756241559124,0.3091077734739487,0.2730845395358804,0.41860766230055585,surprised,08,04,04,female,normal,474
70,2.3356666666666666,True,1.0,0.8669958378620144,0.9236210634868277,0.8953084506744211,1.057403726701354,-0.0719907407407408,-0.07027777777777783,0.34332145741336906,0.4093007268496312,0.19242812793720382,0.8467044592961662,0.05662522562481331,0.0017129629629629717,0.01155078364480056,0.19119781633645325,0.0963362179167172,0.11719265096808226,0.0,0.9999999987499999,0.665888024123712,0.31012772797794336,0.2725156650272699,0.4180735243984331,surprised,08,04,04,female,normal,474
80,2.6693333333333333,True,1.0,0.8901857798935802,0.9413691584282275,0.9157774691609039,1.0214784373078072,-0.0702314814814815,-0.06976851851851862,0.37050164391791623,0.4164489013639524,0.1896090870785938,0.896521586470795,0.051183378534647384,0.0004629629629628873,0.008288804710625885,0.23567109577675344,0.09766795984442064,0.11592087817165414,0.0,0.9999999987499999,0.6683649725749674,0.30954491236629084,0.27679354730865435,0.42616230460895044,surprised,08,04,04,female,normal,474
90,3.003,True,1.0,0.8334928744276857,0.8478884767647994,0.8406906755962426,0.991027803920839,-0.07101851851851848,-0.06921296296296292,0.37220905301984547,0.4168609016492427,0.1861701327690947,0.8483018057315725,0.014395602337113678,0.0018055555555555602,0.012664085477713206,0.25000000000000033,0.0983724153669917,0.11515834456809375,0.0,0.9999999987499999,0.6673972471410439,0.3093565405368229,0.27413171636462996,0.4222326595598952,surprised,08,04,04,female,normal,474
100,3.336666666666667,True,1.0,0.8179065454352418,0.8389718115417188,0.8284391784884804,0.9592106322833391,-0.07203703703703701,-0.06884259259259268,0.3696155653491719,0.4088438760551946,0.18615210035902052,0.8636676352475725,0.021065266106477076,0.003194444444444333,0.016048553149961557,0.2495145279619383,0.09787444768387957,0.11591107287071757,0.0,0.9999999987499999,0.6663526734600091,0.3091386222504234,0.270762610361228,0.41615451001537984,surprised,08,04,04,female,normal,474
0,0.0,True,1.0,0.3891072675686164,0.39722762127317046,0.39316744442089346,0.7128856860750703,-0.0786574074074074,-0.07754629629629622,0.3826454357536299,0.33366727663461165,0.17916666666666664,0.5515154141830967,0.00812035370455405,0.0011111111111111738,0.012736214249160039,0.32311515799122037,0.09796035037504336,0.1160028362818847,0.0,0.9999999987499999,0.6697069996670544,0.31021879888007775,0.2627798662438068,0.403467477710065,surprised,08,04,04,female,normal,475
10,0.33366666666666667,True,1.0,0.6579942380954308,0.6631163146322916,0.6605552763638611,0.7272988582687345,-0.0686574074074075,-0.06768518518518524,0.38322205894817557,0.3408979330136185,0.1770837641692063,0.9082308721565299,0.005122076536860809,0.0009722222222222632,0.010116764045359078,0.32810247176458424,0.09801143887276667,0.11579525972025255,0.0,0.9999999987499999,0.6708123066883003,0.30944406881315534,0.26651269161161234,0.409820992778197,surprised,08,04,04,female,normal,475
20,0.6673333333333333,True,1.0,0.7635361100133714,0.7583975649164945,0.760966837464933,1.1306450458634012,-0.0799537037037037,-0.07819444444444434,0.3697059369301458,0.4553431185436953,0.18958333333333333,0.6730377851554918,0.005138545096876945,0.0017592592592593492,0.010752159423809315,0.21872330200758944,0.09437338595757827,0.11893927985999468,0.0,0.9999999987499999,0.6699577397208885,0.3100013275312171,0.27165482005763103,0.4119949687560109,surprised,08,04,04,female,normal,475
30,1.0010000000000001,True,1.0,0.8256567979728586,0.8529974727177663,0.8393271353453124,1.0157842952968845,-0.07717592592592598,-0.07652777777777786,0.3684611616695129,0.45232397386162765,0.18681209006022537,0.8262848118753414,0.027340674744907645,0.0006481481481481199,0.0016907523199496822,0.21971807631468943,0.10790836615584459,0.11472338197893282,0.0,0.9999999987499999,0.6490445598708233,0.28787920444220577,0.3024194229268378,0.4102767278801175,surprised,08,04,04,female,normal,475
40,1.3346666666666667,True,1.0,0.444403903892288,0.46065577752703807,0.45252984070966307,0.9199661163505949,-0.09296296296296297,-0.09189814814814817,0.37503918245928325,0.39761247401593525,0.18333374948165368,0.4918983782846259,0.016251873634750058,0.0010648148148147962,0.002928988977627181,0.2574152542372886,0.10576975041699897,0.11587885923579619,0.0,0.9999999987499999,0.6477142858158889,0.28770869498536883,0.2794481671691521,0.38050266021695955,surprised,08,04,04,female,normal,475
50,1.6683333333333334,True,1.0,0.8295168676808587,0.8707995764508719,0.8501582220658653,1.1244389416780474,-0.07763888888888892,-0.0762962962962963,0.3830798115849119,0.44064577397910715,0.1896090870785938,0.7560732651229053,0.041282708770013166,0.0013425925925926174,0.009995249684038322,0.22043282091720437,0.10531535302711215,0.11629198827997299,0.0,0.9999999987499999,0.6498306541522859,0.289170805587063,0.2994548027737742,0.40884064165201794,surprised,08,04,04,female,normal,475
60,2.0020000000000002,True,1.0,0.8173611953995262,0.8559624507467793,0.8366618230731528,0.9091011028017584,-0.0767592592592593,-0.07625000000000004,0.38595153485337413,0.3408979330136173,0.1931124547695311,0.9203176857828519,0.038601255347253116,0.0005092592592592649,0.016086828642056718,0.2443084001537663,0.10811324714332651,0.11302327248654308,0.0,0.9999999987499999,0.6456265447897911,0.28764492877149195,0.2964531740767521,0.40036370851395375,surprised,08,04,04,female,normal,475
70,2.3356666666666666,True,1.0,0.8529469751157427,0.8832815040396466,0.8681142395776946,1.0428442274725496,-0.07537037037037031,-0.07421296296296304,0.37693921376359346,0.4202358489741058,0.19447622372529053,0.8324486214798036,0.03033452892390387,0.0011574074074072738,0.017861007384865953,0.24391860682856617,0.09692340604586092,0.11670748769430504,0.0,0.9999999987499999,0.6657049294561576,0.3112203000193683,0.2779518283608589,0.42548499905363946,surprised,08,04,04,female,normal,475
80,2.6693333333333333,True,1.0,0.8616386315384469,0.9005334784197252,0.881086054979086,0.8559015060741489,-0.07185185185185189,-0.07064814814814818,0.3803569250672211,0.3438196257156036,0.19313299758825966,1.0294245876730064,0.03889484688127831,0.0012037037037037068,0.02395613356161507,0.2734916253719511,0.09825441419232858,0.11575386975514357,0.0,0.9999999987499999,0.6650556860791192,0.30933271552605957,0.2727324742251481,0.4166254961425384,surprised,08,04,04,female,normal,475
90,3.003,True,1.0,0.5341754865952133,0.5554152242648812,0.5447953554300473,0.8399668248742025,-0.08041666666666664,-0.07944444444444448,0.3745024442110805,0.34981541040595265,0.19170646807078165,0.648591514922793,0.021239737669667913,0.0009722222222221522,0.02027917226194822,0.28172147806082604,0.09829926288810582,0.11637250094712559,0.0,0.9999999987499999,0.6674182905662265,0.30866655834903184,0.26678171154424424,0.4086207112263761,surprised,08,04,04,female,normal,475
100,3.336666666666667,True,1.0,0.7655628519962173,0.783986773961125,0.7747748129786711,0.8720962066950007,-0.07347222222222227,-0.07236111111111104,0.37773676189240923,0.3671269039351665,0.18963202106327776,0.8884052092312725,0.01842392196490772,0.0011111111111112293,0.023958816152915008,0.27681826617913313,0.09818318067038513,0.11647045588600806,0.0,0.9999999987499999,0.6681167723651961,0.3090488060440388,0.27054684079055796,0.41230603440602576,surprised,08,04,04,female,normal,475
0,0.0,True,1.0,0.6414816394947943,0.6814377166372441,0.6614596780660191,0.5923676278910633,-0.05981481481481482,-0.05805555555555558,0.4281297581514967,0.16531189615564607,0.17292063758304482,1.116637113376597,0.03995607714244975,0.0017592592592592382,0.01630470748194148,0.39313031774204465,0.09726132342400583,0.11576961388663388,0.0,0.9999999987499999,0.6630494467708958,0.3122648066865259,0.2630302751406985,0.3982513170052516,surprised,08,04,04,female,strong,476
10,0.33366666666666667,True,1.0,0.6425760162054942,0.6995758027299113,0.6710759094677028,0.606193149142857,-0.06092592592592583,-0.06,0.4271961257479732,0.1790878875019486,0.1729171078841008,1.1070331468057475,0.05699978652441706,0.0009259259259258301,0.008107527133065817,0.39627443734861684,0.0984272146448988,0.11560697076119278,0.0,0.9999999987499999,0.6624449732783739,0.3117796660930546,0.26380640011735573,0.3992387464551601,surprised,08,04,04,female,strong,476
20,0.6673333333333333,True,1.0,0.7485883805782824,0.7785272341533084,0.7635578073657954,0.6063657859907752,-0.060740740740740706,-0.05981481481481482,0.4241214015137448,0.17224893238060743,0.17361286891471228,1.2592362976386857,0.029938853575026014,0.0009259259259258856,0.011414704598326612,0.38349139098253404,0.09896863187889628,0.11481241344377506,0.0,0.9999999987499999,0.661800671463898,0.31106023220186413,0.26333711016120753,0.3963204152224622,surprised,08,04,04,female,strong,476
30,1.0010000000000001,True,1.0,0.8364084476641831,0.808967915190806,0.8226881814274946,0.9537695037936109,-0.06851851851851853,-0.06254629629629627,0.4747442002699602,0.17118494682793933,0.18195953953629368,0.8625649888733689,0.027440532473377077,0.005972222222222268,0.01390965535756474,0.2536963076792347,0.09805436048710837,0.11755539177798753,0.0,0.9999999987499999,0.6550901952812376,0.3145681081240386,0.28596886985055603,0.4258204746157998,surprised,08,04,04,female,strong,476
40,1.3346666666666667,True,1.0,0.8103501012564942,0.8380429404479164,0.8241965208522053,0.9731575905116349,-0.08249999999999996,-0.07657407407407413,0.41634712387018064,0.338489596699699,0.1951580456026109,0.8469301672084645,0.02769283919142218,0.0059259259259258346,0.025465923534879083,0.22058530732867018,0.10672363739730799,0.11631872988660694,0.0,0.9999999987499999,0.6356296281168718,0.2902614363615503,0.306414263731337,0.4067522665814001,surprised,08,04,04,female,strong,476
50,1.6683333333333334,True,1.0,0.8867190320117025,0.9173274414360617,0.9020232367238821,1.6842113268683727,-0.0874537037037037,-0.0835648148148147,0.37304993199613967,0.6626874566932258,0.19861149524808666,0.5355760422304644,0.030608409424359162,0.003888888888888997,0.013793009069740623,0.15650500454098687,0.1060515384574031,0.11693183010850015,0.0,0.9999999987499999,0.6339885117718962,0.29006999633773056,0.3142519302533285,0.4185891378057504,surprised,08,04,04,female,strong,476
60,2.0020000000000002,True,1.0,0.8692215036697045,0.8719267998052618,0.8705741517374832,0.9685889564282574,-0.07995370370370375,-0.08064814814814819,0.4019846152046113,0.31071732096546867,0.2013949502200868,0.8988066051752118,0.002705296135557256,0.000694444444444442,0.020772886503223936,0.26188441984318933,0.09672617704637812,0.11784504522200567,0.0,0.9999999987499999,0.6512543796581133,0.31507585912569636,0.28320707135142464,0.413780747723685,surprised,08,04,04,female,strong,476
70,2.3356666666666666,True,1.0,0.8762949907374246,0.91923292299776,0.8977639568675924,1.224905956769294,-0.07796296296296296,-0.07546296296296306,0.2959437329383155,0.424608528286794,0.20764476777723623,0.7329248028440134,0.04293793226033549,0.002499999999999891,0.019623033886485588,0.1640402643593663,0.10963986375472237,0.11457620024798008,0.0,0.9999999987499999,0.6308844482480492,0.2848389487191799,0.2981931286931706,0.405567317787091,surprised,08,04,04,female,strong,476
80,2.6693333333333333,True,1.0,0.8761980652284008,0.9238453369156521,0.9000217010720264,0.9616428290210064,-0.07273148148148145,-0.06962962962962971,0.3898880647854832,0.35304868615268353,0.19655262161383555,0.9359209822094624,0.04764727168725125,0.0031018518518517446,0.02102498290144815,0.24655119480125662,0.10856118872303738,0.11477174718845153,0.0,0.9999999987499999,0.6327986160401661,0.28713258922907087,0.29211142910361654,0.4006353881855287,surprised,08,04,04,female,strong,476
90,3.003,True,1.0,0.8681851857938422,0.8666627456296592,0.8674239657117506,0.8949196699717727,-0.0717592592592593,-0.06851851851851859,0.38956502559953965,0.2982541337798791,0.1958524221220792,0.9692757850982431,0.0015224401641830143,0.0032407407407407107,0.016935371159345056,0.25362852420670157,0.10867276585698948,0.11433331848273735,0.0,0.9999999987499999,0.6298635285520457,0.2856909025202377,0.2929186635621185,0.40721966432257917,surprised,08,04,04,female,strong,476
100,3.336666666666667,True,1.0,0.7564994886031471,0.7934703546272621,0.7749849216152046,0.8371449980776,-0.07430555555555557,-0.07134259259259262,0.4014753446037748,0.3084068245501073,0.18822038822814358,0.92574753883122,0.036970866024115034,0.002962962962962945,0.021728840083576114,0.2664343952823114,0.09873385336650665,0.11484860742706719,0.0,0.9999999987499999,0.660285200080032,0.31184180725653615,0.26711582395830225,0.4086380598674187,surprised,08,04,04,female,strong,476
0,0.0,True,1.0,0.6873014788288891,0.716171860207746,0.7017366695183176,0.6148155875065391,-0.06342592592592605,-0.06305555555555564,0.43267623500811603,0.20716612187720373,0.17084449793611553,1.1413774858316421,0.02887038137885689,0.00037037037037040976,0.014514209543780488,0.36684782608695654,0.09954155514383727,0.11662595955353386,0.0,0.9999999987499999,0.6703947898456258,0.30926369640963963,0.26870526297343933,0.411248601690936,surprised,08,04,04,female,strong,477
10,0.33366666666666667,True,1.0,0.6648783780967189,0.690733530014892,0.6778059540558055,0.6498970109171405,-0.06444444444444447,-0.06087962962962956,0.4333508169004124,0.22545961801452497,0.17014292463502936,1.0429436397919105,0.025855151918173114,0.0035648148148149095,0.01261541001134204,0.344365065458239,0.10044351464973754,0.11617850017157016,0.0,0.9999999987499999,0.6718560618387981,0.3071269441363087,0.27230118001487585,0.40996072208514067,surprised,08,04,04,female,strong,477
20,0.6673333333333333,True,1.0,0.8256583817949794,0.8306805794850868,0.828169480640033,1.497101722184398,-0.08865740740740735,-0.08523148148148152,0.36479290381120894,0.639376218323587,0.19722376958631055,0.5531818368571935,0.005022197690107366,0.0034259259259258323,0.01293573959593423,0.18163750701230535,0.09829824568158434,0.1176757856900289,0.0,0.9999999987499999,0.6665239235069028,0.3067553798767863,0.29136203526877674,0.4288399234405042,surprised,08,04,04,female,strong,477
30,1.0010000000000001,True,1.0,0.8135531559720247,0.8305675076165923,0.8220603317943085,1.0587586066163046,-0.08490740740740738,-0.08407407407407413,0.43397527933962377,0.3333048579075736,0.19584735793088182,0.7764379214082971,0.01701435164456755,0.0008333333333332416,0.017301951231876025,0.23642795281769663,0.10577073430903469,0.11653376195393426,0.0,0.9999999987499999,0.634120008136067,0.28752725926163436,0.3191049743867192,0.42185544012137244,surprised,08,04,04,female,strong,477
40,1.3346666666666667,True,1.0,0.8946079483186601,0.9025237181098619,0.898565833214261,1.0019542371531254,-0.08245370370370375,-0.08203703703703702,0.379859834025348,0.4477781360685882,0.19653127163199052,0.8968132474466857,0.007915769791201788,0.0004166666666667318,0.011669621345817642,0.2320666108575755,0.10852443557403355,0.11497232919332077,0.0,0.9999999987499999,0.635138719323667,0.2873582508320273,0.3181330586853188,0.4184141744236969,surprised,08,04,04,female,strong,477
50,1.6683333333333334,True,1.0,0.8407467017771599,0.8446441650382954,0.8426954334077277,1.0481068997466882,-0.08421296296296288,-0.08189814814814816,0.4321184994135981,0.31174702643248203,0.19446366956824931,0.8040166834236036,0.003897463261135492,0.002314814814814714,0.011317455467730329,0.235285213997306,0.10301140400375437,0.11671658533021938,0.0,0.9999999987499999,0.6528490474939975,0.29118863055691235,0.310548445234375,0.4125734078614097,surprised,08,04,04,female,strong,477
60,2.0020000000000002,True,1.0,0.8542146904296427,0.8732659292118439,0.8637403098207432,0.8371496636587785,-0.08143518518518517,-0.07643518518518516,0.4028938203547439,0.31919396924158266,0.1959458913701307,1.0317633122442524,0.019051238782201163,0.0050000000000000044,0.02721249841313754,0.2674380664325878,0.11042574082402884,0.11531563934962773,0.0,0.9999999987499999,0.6339089466177096,0.2861722660537854,0.3221593361067075,0.41671390435735045,surprised,08,04,04,female,strong,477
70,2.3356666666666666,True,1.0,0.8606554793006268,0.8874766266306757,0.8740660529656512,1.1100158055102338,-0.06615740740740744,-0.06541666666666673,0.3727120825399325,0.4795083813106586,0.18057275413047244,0.787435682110738,0.026821147330048922,0.0007407407407407085,0.04535669101976913,0.2193665609764819,0.10018350431554858,0.11558152647611346,0.0,0.9999999987499999,0.6655752377591663,0.306176386500488,0.27687474527085776,0.41978401003673754,surprised,08,04,04,female,strong,477
80,2.6693333333333333,True,1.0,0.8828995552706055,0.8733896960492358,0.8781446256599206,0.9616163484581879,-0.06569444444444444,-0.06009259259259253,0.3973113508870918,0.4097507645674036,0.17764081977601442,0.9131964395862215,0.00950985922136971,0.005601851851851913,0.04222158562503137,0.25183751438844587,0.09932380974563132,0.11533421405557305,0.0,0.9999999987499999,0.6669605979032239,0.3062117866241035,0.27709916373948046,0.4234600317613932,surprised,08,04,04,female,strong,477
90,3.003,True,1.0,0.834151061755467,0.8885884377409043,0.8613697497481857,0.9236298341155196,-0.06731481481481483,-0.06185185185185177,0.4008643977321401,0.3764299427231776,0.1789951235954597,0.9325919518104837,0.0544373759854373,0.005462962962963058,0.04543653480739907,0.25830931876375557,0.09961726886625617,0.11425007711158172,0.0,0.9999999987499999,0.6678148847273285,0.3056624115795037,0.2729202006283226,0.41841137204013273,surprised,08,04,04,female,strong,477
100,3.336666666666667,True,1.0,0.7187160558858164,0.7503355788347544,0.7345258173602854,0.8882581385401033,-0.06699074074074068,-0.06291666666666673,0.39735027102811976,0.3794089642753098,0.17484091873342025,0.826928328028061,0.031619522948937995,0.004074074074073952,0.05111393547029128,0.26734124340214427,0.098572927537467,0.11432208271134398,0.0,0.9999999987499999,0.6720575992193752,0.30568746213606385,0.2695607285665076,0.4149883260521777,surprised,08,04,04,female,strong,477
0,0.0,True,1.0,0.6282940565474778,0.6522340057339482,0.6402640311407131,0.8652405603703022,-0.06824074074074071,-0.06726851851851862,0.3863002908815815,0.38706245660166233,0.17639061901081718,0.7399838385601057,0.023939949186470355,0.0009722222222220966,0.006839518284126754,0.27630233584832303,0.09647312865659143,0.11609950941060687,0.0,0.9999999987499999,0.6720346453815901,0.3084292662260245,0.26468894880438687,0.4136158483497112,surprised,08,04,04,female,strong,478
10,0.33366666666666667,True,1.0,0.6790084165626518,0.7025310174309761,0.6907697169968139,0.8728113223844712,-0.06800925925925927,-0.06717592592592597,0.3769647246852231,0.39039219331485897,0.17639580927478624,0.7914307471512515,0.02352260086832436,0.0008333333333332971,0.0020041079782965356,0.27626198676003705,0.09854810421044363,0.11599772096959093,0.0,0.9999999987499999,0.6705897507518633,0.3078850375582302,0.2682181429749988,0.41052254334475213,surprised,08,04,04,female,strong,478
20,0.6673333333333333,True,1.0,0.7521221215428261,0.7955312460612094,0.7738266838020178,1.485151869755236,-0.0918518518518518,-0.08898148148148144,0.35746713051561774,0.653777461960902,0.19930555555555557,0.5210421234089347,0.0434091245183833,0.0028703703703703565,0.006331586151072807,0.17730646855207233,0.09708007890526427,0.11787736925888467,0.0,0.9999999987499999,0.6662713273590687,0.30904751659054236,0.2857572634594382,0.41968661177673483,surprised,08,04,04,female,strong,478
30,1.0010000000000001,True,1.0,0.8580171071121683,0.8588770547759341,0.8584470809440512,1.2211410912147027,-0.08736111111111106,-0.08731481481481485,0.3758048208584363,0.5023554363885787,0.20070812936930757,0.702987629455766,0.0008599476637658476,4.6296296296211015e-05,0.003762717143227184,0.1851218896827011,0.09172133140945961,0.11796656573655345,0.0,0.9999999987499999,0.6807282709177422,0.31218128406195417,0.28769602501391844,0.42960232352488187,surprised,08,04,04,female,strong,478
40,1.3346666666666667,True,1.0,0.8183062051567137,0.8267797164265351,0.8225429607916244,0.8067988380527742,-0.0792592592592592,-0.07912037037037034,0.4287215871406135,0.2529678001572719,0.19516390952681315,1.0195143101306998,0.008473511269821432,0.0001388888888888551,0.010965809286432598,0.27698948970668796,0.10364969874792178,0.11631403416048211,0.0,0.9999999987499999,0.6440228893588685,0.29064445378887666,0.3082912004425203,0.42079717062551647,surprised,08,04,04,female,strong,478
50,1.6683333333333334,True,1.0,0.8098287210911267,0.8276056929394664,0.8187172070152966,0.9940864673506475,-0.07560185185185186,-0.08435185185185184,0.46318134063367106,0.23279240058211398,0.19028419304371916,0.8235875186967088,0.017776971848339707,0.00874999999999998,0.001853385194971825,0.23496835443038017,0.09339943895646817,0.11938687188361267,0.0,0.9999999987499999,0.6781645240674394,0.3148398695076246,0.30727375622209724,0.44842005416011144,surprised,08,04,04,female,strong,478
60,2.0020000000000002,True,1.0,0.7941516186776573,0.8000748834108345,0.7971132510442459,0.7723702624033411,-0.08712962962962972,-0.08606481481481482,0.44957569139878095,0.21240182216091824,0.20560046097837112,1.032035138903346,0.00592326473317728,0.0010648148148149073,0.004352248835335707,0.309375,0.0927219458094981,0.11927659179627567,0.0,0.9999999987499999,0.679158330519708,0.31266953411453585,0.304180875299198,0.44179335346396625,surprised,08,04,04,female,strong,478
70,2.3356666666666666,True,1.0,0.8303335526763564,0.8313561182127895,0.830844835444573,0.9754532265631018,-0.0885185185185185,-0.08689814814814817,0.4290726667257169,0.4008592887825732,0.19583489167154802,0.8517526138818157,0.0010225655364330954,0.0016203703703703276,0.004752340790752067,0.2619785240746848,0.0949227997289973,0.11785641506680565,0.0,0.9999999987499999,0.6838304691642282,0.30661933597192575,0.297216944900282,0.4453938188865415,surprised,08,04,04,female,strong,478
80,2.6693333333333333,True,1.0,0.5517351835093393,0.5978223539096417,0.5747787687094905,0.9217605407875337,-0.08949074074074076,-0.08939814814814812,0.4393063868188721,0.3094381910810038,0.19167661779251202,0.6235662553079253,0.04608717040030241,9.259259259264407e-05,0.01047612092756708,0.2651700101944753,0.09570145443635379,0.11624577590058555,0.0,0.9999999987499999,0.6850777283022584,0.30696795616505795,0.2819548492035604,0.42863244222740454,surprised,08,04,04,female,strong,478
90,3.003,True,1.0,0.8405014146059454,0.8293552453172853,0.8349283299616154,0.8756536911909664,-0.0810185185185186,-0.08162037037037034,0.4401802274031456,0.318407960199006,0.1951580456026109,0.9534914754096897,0.01114616928866008,0.0006018518518517424,0.012006744299058045,0.272717368237729,0.1068445744260794,0.1158792937604073,0.0,0.9999999987499999,0.6450262653811525,0.2841781192748025,0.31593128807615173,0.43246622076863983,surprised,08,04,04,female,strong,478
100,3.336666666666667,True,1.0,0.8213354919584467,0.8417832648582398,0.8315593784083433,0.8888057843363628,-0.07791666666666663,-0.07629629629629636,0.4283463698579544,0.3213374758754545,0.1902813863914834,0.9355917716368563,0.02044777289979316,0.001620370370370272,0.013462184319770412,0.2682692307692318,0.10781935038811546,0.11530381339601845,0.0,0.9999999987499999,0.6451139219906713,0.286146264955964,0.3087953690373176,0.41922218152226665,surprised,08,04,04,female,strong,478
0,0.0,True,1.0,0.7014883178728671,0.7181652574777334,0.7098267876753003,0.9655172413793105,-0.07407407407407401,-0.07203703703703707,0.3776222980252264,0.4137931034482768,0.18682025786964923,0.7351777443779894,0.01667693960486627,0.0020370370370369484,0.004381652771322977,0.25892857142857123,0.09672738507854664,0.11588776300353486,0.0,0.9999999987499999,0.6652795237391832,0.3099158914156732,0.26974823341194154,0.41053472861730866,surprised,08,04,04,female,strong,479
10,0.33366666666666667,True,1.0,0.6927331639757642,0.7203221567031324,0.7065276603394484,0.926768614309266,-0.07384259259259263,-0.07152777777777791,0.3759483609096407,0.4026125947409108,0.18820903826281982,0.76235605029205,0.027588992727368145,0.002314814814814714,0.006528749419164389,0.2679200425885299,0.09922639548437996,0.11541803391666182,0.0,0.9999999987499999,0.6647322470159939,0.3084549793838113,0.2724036462329858,0.4077855152984642,surprised,08,04,04,female,strong,479
20,0.6673333333333333,True,1.0,0.8010129273082202,0.809828721091126,0.8054208241996731,0.950119102407846,-0.06847222222222221,-0.06643518518518515,0.37135055482374213,0.3907587104395818,0.18544299906649955,0.8477051162938727,0.008815793782905867,0.0020370370370370594,0.00946575229418751,0.2721662183506086,0.10025286470970084,0.11585074368302307,0.0,0.9999999987499999,0.6641524116756078,0.3073023185804247,0.2745748038150572,0.40493304143285036,surprised,08,04,04,female,strong,479
30,1.0010000000000001,True,1.0,0.8674838997766399,0.8838431674029505,0.8756635335897952,1.229703633598123,-0.08384259259259264,-0.08236111111111111,0.3720444996075732,0.5136215931905745,0.20698130803404025,0.7120931496539507,0.01635926762631068,0.001481481481481528,0.01871959755070224,0.19264358422692876,0.10243562526280492,0.120587048312195,0.0,0.9999999987499999,0.6418060850199454,0.28727102103737595,0.3076848096639071,0.4009181994824866,surprised,08,04,04,female,strong,479
40,1.3346666666666667,True,1.0,0.768063896033272,0.7698066197355994,0.7689352578844357,0.977099236641221,-0.0811574074074074,-0.08268518518518525,0.43045024523625847,0.2714164546225616,0.19795521143305858,0.7869571779911025,0.00174272370232742,0.00152777777777785,0.00864746421178621,0.2581863404419725,0.10423776975484993,0.11871214346358867,0.0,0.9999999987499999,0.647531472979817,0.2906079232285458,0.3214405857463945,0.41034416232589704,surprised,08,04,04,female,strong,479
50,1.6683333333333334,True,1.0,0.8801974795970072,0.8886627654768368,0.884430122536922,1.1793156458029732,-0.08749999999999991,-0.08611111111111114,0.4352321191362457,0.35770562192988486,0.20213769135755233,0.7499519960449016,0.008465285879829532,0.001388888888888773,0.016715798937203985,0.2340760196256938,0.0958739396207649,0.11870004068169276,0.0,0.9999999987499999,0.6583630855467186,0.31414052771650985,0.2994387123798761,0.43806758573541416,surprised,08,04,04,female,strong,479
60,2.0020000000000002,True,1.0,0.7937432168618408,0.8292730599770443,0.8115081384194425,0.8338420892792684,-0.08444444444444454,-0.08282407407407416,0.4237830468726976,0.22862471220101005,0.21201293354226655,0.9732156110287857,0.03552984311520346,0.0016203703703703831,0.029440188588160377,0.28170050820075365,0.09709251449244599,0.11818996331583509,0.0,0.9999999987499999,0.6588836313275309,0.309709913941876,0.2915376328524981,0.42693092981085007,surprised,08,04,04,female,strong,479
70,2.3356666666666666,True,1.0,0.88205737149067,0.9308463909241721,0.906451881207421,0.9813546782090532,-0.09101851851851844,-0.08782407407407417,0.37754265241917784,0.43742587548364975,0.2140774994815291,0.9236740816904977,0.04878901943350211,0.0031944444444442777,0.02559879557383624,0.24402515334345812,0.09828056259275626,0.11817520256327932,0.0,0.9999999987499999,0.66090344080601,0.3082375010121457,0.2952591600084814,0.42757879873864957,surprised,08,04,04,female,strong,479
80,2.6693333333333333,True,1.0,0.7327760253804868,0.7565426464830279,0.7446593359317574,0.928614221558297,-0.08458333333333329,-0.0826851851851852,0.41516712801817685,0.2978936743167378,0.20496871162709115,0.8019038677677722,0.02376662110254113,0.0018981481481480933,0.02457759231522913,0.2606061640547457,0.09919577425859834,0.11757019095347365,0.0,0.9999999987499999,0.660783949579832,0.30828354417896625,0.2841666973603366,0.42037942694054614,surprised,08,04,04,female,strong,479
90,3.003,True,1.0,0.8475498159422332,0.871708199458015,0.8596290077001241,0.8737920920861596,-0.07162037037037033,-0.06861111111111118,0.4164163830363806,0.2773500981126146,0.1924007688575171,0.9837912422024541,0.02415838351578181,0.003009259259259156,0.023834991022760498,0.28610924985957475,0.1100868066239405,0.11448016548633395,0.0,0.9999999987499999,0.6409015983268307,0.28383925349891836,0.298873119885278,0.4066496627845785,surprised,08,04,04,female,strong,479
100,3.336666666666667,True,1.0,0.84754981594223,0.8713696250044505,0.8594597204733403,0.8295689142743808,-0.06773148148148145,-0.06523148148148139,0.4093580005421588,0.2788543389201282,0.18544999298171572,1.0360317336927998,0.023819809062220476,0.0025000000000000577,0.02306388496263421,0.2817249846467106,0.10885415875238663,0.11466020111214754,0.0,0.9999999987499999,0.6462889410060899,0.28409238410823096,0.29391295302337367,0.4058651627429356,surprised,08,04,04,female,strong,479
0,0.0,True,1.0,0.5001220405247206,0.5137001780182824,0.5069111092715015,0.6565546536550355,-0.06990740740740742,-0.0699537037037038,0.38022572561540924,0.19952898445419703,0.20000038146936272,0.7720775512739582,0.013578137493561737,4.629629629637755e-05,0.008430046480773456,0.397034675041829,0.0988036730607651,0.11757626344532149,0.0,0.9999999987499999,0.6494407001550621,0.32284506058086565,0.3025413557842252,0.44554061656729615,neutral,01,05,05,male,normal,480
10,0.33366666666666667,True,1.0,0.4999363760649897,0.5058208589111799,0.5028786174880848,0.6393197523099958,-0.06949074074074069,-0.07004629629629627,0.3827517061763661,0.2045693757429651,0.20000038146936272,0.7865838896281232,0.005884482846190198,0.0005555555555555869,0.008249086177916554,0.42747294983325107,0.0993952221093533,0.11675069791310327,0.0,0.9999999987499999,0.6500686366968663,0.32228807155397854,0.3044695504084626,0.44724894504877877,neutral,01,05,05,male,normal,480
20,0.6673333333333333,True,1.0,0.4923638972988663,0.5265502882292973,0.5094570927640818,0.6392792991967662,-0.06791666666666668,-0.06884259259259257,0.3824907346106204,0.19178378975902996,0.20069786576314122,0.7969241197144944,0.034186390930430965,0.0009259259259258856,0.013343873667567348,0.42749999999999916,0.09861774396472235,0.11773225603717186,0.0,0.9999999987499999,0.6482172173322454,0.323158593961248,0.30362859537383835,0.44638855053514803,neutral,01,05,05,male,normal,480
30,1.0010000000000001,True,1.0,0.45127483318665434,0.47268554857716244,0.4619801908819084,0.9012680339931559,-0.0686574074074075,-0.06976851851851856,0.3726725977146157,0.29389175021515956,0.19930900071578367,0.5125891227219722,0.021410715390508095,0.0011111111111110628,0.0077551951456034515,0.30197840832537703,0.09795249320051357,0.11731593637264097,0.0,0.9999999987499999,0.6503694247855393,0.3231869290498497,0.3037738274222526,0.4427041574378485,neutral,01,05,05,male,normal,480
40,1.3346666666666667,True,1.0,0.45842300896392696,0.47908198112524286,0.46875249504458494,0.9147290703867194,-0.0759259259259259,-0.07666666666666666,0.37029810404264313,0.35129731774668876,0.2027871836624777,0.5124495440452229,0.020658972161315903,0.000740740740740764,0.004971109368379642,0.2934685093753574,0.0981796958548124,0.11663685236835734,0.0,0.9999999987499999,0.6517967271908764,0.3218096173730922,0.3040383419157457,0.44458477735770735,neutral,01,05,05,male,normal,480
50,1.6683333333333334,True,1.0,0.46500795345310764,0.4665904449397558,0.46579919919643176,1.0445965422795789,-0.07532407407407399,-0.07648148148148148,0.3598681644732745,0.3934089797960241,0.2000015258730856,0.4459130203321733,0.0015824914866481854,0.0011574074074074958,0.006023530596908155,0.2705968080187564,0.09720363613328098,0.11793715688087332,0.0,0.9999999987499999,0.6537520451305522,0.3211636505438258,0.30092429325559994,0.444202283250202,neutral,01,05,05,male,normal,480
60,2.0020000000000002,True,1.0,0.4300388595323529,0.47268554857716133,0.45136220405475713,0.7322178513284676,-0.07550925925925922,-0.0757870370370371,0.3630714537094138,0.23729282218978157,0.20347259718188102,0.6164315759795364,0.04264668904480845,0.0002777777777778767,0.006036351927746526,0.3338473403207395,0.09757688947241706,0.11665267595122654,0.0,0.9999999987499999,0.6509471539865946,0.3210975825901254,0.299342551216305,0.44457719185580263,neutral,01,05,05,male,normal,480
70,2.3356666666666666,True,1.0,0.45762766188581466,0.4584230089639253,0.45802533542487,0.8193240090935633,-0.07791666666666658,-0.07768518518518519,0.35958351908154773,0.31406040230658483,0.20486260077730523,0.5590283335302157,0.0007953470781106309,0.00023148148148138814,0.0054198695236518215,0.3285335705663537,0.09988498091609063,0.11649562299341189,0.0,0.9999999987499999,0.6535769527420343,0.32022611803074064,0.3023911735803744,0.44233665265652233,neutral,01,05,05,male,normal,480
80,2.6693333333333333,True,1.0,0.5000511972631881,0.4994738818535421,0.49976253955836514,0.7692513413573223,-0.07708333333333345,-0.0755555555555556,0.368151682515621,0.2652466094288526,0.20486706971089572,0.6496739266993649,0.000577315409646062,0.00152777777777785,0.004027277436332902,0.33986126669234434,0.09812088562436543,0.11846874370623779,0.0,0.9999999987499999,0.6521176767034939,0.321399533417586,0.3034520554647093,0.4454105495085709,neutral,01,05,05,male,normal,480
90,3.003,True,1.0,0.48605284244481156,0.48561354093765086,0.4858331916912312,0.5963927970426698,-0.07472222222222219,-0.07365740740740734,0.38685295328913816,0.15861510559645522,0.20764219578406493,0.8146194824959825,0.0004393015071607054,0.0010648148148148517,0.006106682249788247,0.43137609197745463,0.09798053675933878,0.11680420550953376,0.0,0.9999999987499999,0.6522820947285165,0.32092231403457006,0.3055645173472948,0.4478917710503629,neutral,01,05,05,male,normal,480
100,3.336666666666667,True,1.0,0.47870085761015496,0.4856135409376503,0.48215719927390266,0.6003340057751694,-0.07518518518518519,-0.0743981481481481,0.38330597848987624,0.1660498313846218,0.20833662920570012,0.8031482385398554,0.006912683327495339,0.000787037037037086,0.005447048014091476,0.4552846601573112,0.09909624688725237,0.11716728827461471,0.0,0.9999999987499999,0.6497187976675044,0.3217935575429535,0.305665010977325,0.44663662668939935,neutral,01,05,05,male,normal,480
0,0.0,True,1.0,0.5053475873163744,0.499861262565912,0.5026044249411432,0.6272366595694093,-0.06893518518518521,-0.06870370370370377,0.3776812750419605,0.20907888652313678,0.19652777777777775,0.8012995051758858,0.005486324750462401,0.00023148148148144365,0.007669568126873284,0.4453124999999998,0.10059813418399206,0.1178367614890202,0.0,0.9999999987499999,0.6497872963560425,0.32339872644518697,0.299228604066893,0.44434954139212846,neutral,01,05,05,male,normal,481
10,0.33366666666666667,True,1.0,0.4932974090975786,0.4994746354338438,0.49638602226571116,0.6220336606848621,-0.06884259259259262,-0.0692592592592593,0.3818999543793632,0.20734455356162104,0.1965281659868687,0.7980050817815675,0.006177226336265218,0.0004166666666666763,0.007984146218421652,0.44579956307070057,0.09917812770137027,0.1183924412900235,0.0,0.9999999987499999,0.6497051270039266,0.3233001677124858,0.2984262317193762,0.44290888285136915,neutral,01,05,05,male,normal,481
20,0.6673333333333333,True,1.0,0.49356637313402923,0.46569382018540584,0.47963009665971756,0.6316494393552485,-0.06717592592592597,-0.06768518518518524,0.3760429336917251,0.21711458721456087,0.1972237695863105,0.7593295691820711,0.027872552948623397,0.0005092592592592649,0.010031631240352156,0.4218460351258945,0.09984508543013147,0.11911700829311733,0.0,0.9999999987499999,0.6492105702593537,0.3233930796303407,0.29936892461276093,0.4415096830978064,neutral,01,05,05,male,normal,481
30,1.0010000000000001,True,1.0,0.4588761899240622,0.48792113869666404,0.47339866431036315,0.959532718314288,-0.0793981481481481,-0.08032407407407405,0.37872143572659217,0.33064978806776135,0.20416816139971555,0.49336375433037066,0.02904494877260183,0.0009259259259259411,0.001292232830491851,0.2736486486486483,0.10907799127397207,0.11560669984525668,0.0,0.9999999987499999,0.619690634871136,0.30178665738054933,0.3311921812783619,0.4200013461763425,neutral,01,05,05,male,normal,481
40,1.3346666666666667,True,1.0,0.47971781305114714,0.5018452124430095,0.4907815127470783,1.0171085692472617,-0.08324074074074073,-0.08287037037037032,0.3447586916951224,0.4082247324679134,0.20694776243640653,0.4825261801798546,0.022127399391862368,0.00037037037037040976,0.0014785596126094195,0.27761135650553215,0.10974251311933439,0.11414455005223939,0.0,0.9999999987499999,0.6202225508093862,0.3021089498930516,0.329808789805219,0.4207633897130158,neutral,01,05,05,male,normal,481
50,1.6683333333333334,True,1.0,0.485484524322494,0.48772196474341817,0.4866032445329561,1.1526930779557993,-0.08995370370370376,-0.08861111111111103,0.3536082065649249,0.45134535844962653,0.21458475550701855,0.422144674795744,0.002237440420924164,0.0013425925925927285,0.00024599812001979145,0.24426759926697972,0.10903311840164476,0.11498817561400035,0.0,0.9999999987499999,0.617702304101328,0.3035073568381568,0.3341104895475255,0.4241810681069442,neutral,01,05,05,male,normal,481
60,2.0020000000000002,True,1.0,0.4442730758456527,0.4510602671372793,0.447666671491466,0.8477931252690942,-0.08865740740740746,-0.08694444444444449,0.3679699760609586,0.3162402927591068,0.21666701879228198,0.5280376286955313,0.0067871912916266375,0.0017129629629629717,0.00046487944751815553,0.31249999999999967,0.09734907113993822,0.11635266508220314,0.0,0.9999999987499999,0.6523317643307323,0.3228655455956181,0.3043457603365315,0.4499928764150197,neutral,01,05,05,male,normal,481
70,2.3356666666666666,True,1.0,0.47204014308600595,0.4799803462554261,0.47601024467071607,0.7880407611049632,-0.08773148148148147,-0.08861111111111103,0.36869926705061207,0.3005103618985255,0.21458368887763832,0.6040426690660914,0.007940203169420179,0.0008796296296295636,0.001566071373376423,0.33367127646102435,0.11127623434814296,0.11499327122612867,0.0,0.9999999987499999,0.6207009566873625,0.30160910862201,0.3352025869716885,0.42626937187120106,neutral,01,05,05,male,normal,481
80,2.6693333333333333,True,1.0,0.5077343950495489,0.5214574810734196,0.5145959380614842,0.8339116562363682,-0.08615740740740746,-0.08606481481481482,0.3612417450120045,0.31441233908691213,0.2145847555070186,0.6170868751061377,0.013723086023870734,9.259259259264407e-05,0.0007617952875911667,0.3227321805551828,0.10981351504076498,0.11540459690486961,0.0,0.9999999987499999,0.6187413284610719,0.30273849962678134,0.3348869708485197,0.4239070835948572,neutral,01,05,05,male,normal,481
90,3.003,True,1.0,0.5221633108512372,0.5077293266739503,0.5149463187625938,0.6086148606116748,-0.08412037037037035,-0.08407407407407408,0.3834436625758139,0.18776415912487776,0.21528096733328264,0.8460955393778233,0.014433984177286918,4.6296296296266526e-05,0.003966922173500489,0.40747076480875805,0.11012791778825907,0.11410717379120329,0.0,0.9999999987499999,0.6210124144814176,0.3018505401379161,0.33696021105296037,0.4311461101818961,neutral,01,05,05,male,normal,481
100,3.336666666666667,True,1.0,0.5141265496439077,0.5433925385614522,0.52875954410268,0.617580552493227,-0.0849537037037037,-0.08374999999999999,0.3838232123648161,0.1929806721778726,0.2152777777777778,0.8561790716498945,0.029265988917544505,0.0012037037037037068,0.0012761133198276266,0.4101280897057323,0.11014767781696976,0.11475412954865655,0.0,0.9999999987499999,0.6205727489198805,0.3020823095230241,0.3359803876564302,0.42859269930498084,neutral,01,05,05,male,normal,481
0,0.0,True,1.0,0.43684336892455855,0.4796358826615187,0.4582396257930386,0.6666097158151483,-0.06865740740740744,-0.07037037037037053,0.3774374588531388,0.2156678492343127,0.19791820860144974,0.6874181622640931,0.042792513736960136,0.0017129629629630827,0.01063317514959078,0.3975426729988302,0.10000851888741101,0.11785360099168837,0.0,0.9999999987499999,0.6440729801373675,0.3264260057885568,0.2973366773176295,0.44440087734523476,neutral,01,05,05,male,normal,482
10,0.33366666666666667,True,1.0,0.5139283130644741,0.5136668161979,0.513797564631187,0.627236659569409,-0.06592592592592589,-0.06814814814814818,0.3807003943024799,0.2090788865231356,0.19861149524808674,0.8191446669968291,0.00026149686657406246,0.002222222222222292,0.010409170036346563,0.4453124999999998,0.09948684656913874,0.11829430449576096,0.0,0.9999999987499999,0.6430783208595937,0.3263437151887471,0.2980436694994622,0.44501600160547256,neutral,01,05,05,male,normal,482
20,0.6673333333333333,True,1.0,0.532758865683771,0.541732587226615,0.537245726455193,0.8753414910677411,-0.06662037037037033,-0.06828703703703709,0.3650472709896698,0.2895360316608675,0.19791705215148872,0.6137555821784032,0.008973721542844038,0.0016666666666667607,0.014012490954920132,0.32019230769230766,0.09855658120231969,0.11954951802845987,0.0,0.9999999987499999,0.6428498676970789,0.32759290276815894,0.29750030315154075,0.4426342996910926,neutral,01,05,05,male,normal,482
30,1.0010000000000001,True,1.0,0.47306556021704715,0.508119022850166,0.49059229153360656,0.8684862305147297,-0.07296296296296295,-0.07287037037037042,0.3655050956022667,0.29174582494588974,0.2013892677274334,0.5648820606434313,0.035053462633118815,9.259259259253305e-05,0.010936433406852476,0.3076053068405643,0.09683121841577803,0.1171098089761414,0.0,0.9999999987499999,0.647291883698792,0.32601598323022474,0.29815660659982635,0.4457120151085317,neutral,01,05,05,male,normal,482
40,1.3346666666666667,True,1.0,0.4790948840345474,0.46594897416294384,0.47252192909874563,0.7539352950958458,-0.0692592592592593,-0.06865740740740744,0.36668789894444614,0.2692626053913734,0.20000610342249553,0.6267406926991993,0.013145909871603578,0.0006018518518518534,0.004635799665248181,0.361607142857142,0.09834376560445987,0.11844475144843299,0.0,0.9999999987499999,0.6459771344240821,0.3255436913773021,0.2960144351945354,0.4444043480680706,neutral,01,05,05,male,normal,482
50,1.6683333333333334,True,1.0,0.4439063644379826,0.45701572088821235,0.4504610426630975,0.8130149608364647,-0.07157407407407407,-0.07166666666666677,0.3597312737971806,0.28248824910419534,0.2000034331980719,0.5540624273379223,0.013109356450229759,9.259259259269959e-05,0.013424744151416894,0.33368644067796593,0.09610674634738996,0.11883271080400216,0.0,0.9999999987499999,0.6478867190001001,0.32516161918340414,0.2936250340270917,0.4436236526755332,neutral,01,05,05,male,normal,482
60,2.0020000000000002,True,1.0,0.4648687091874951,0.4873862024858895,0.4761274558366923,0.7328641846721825,-0.07430555555555557,-0.07374999999999998,0.3641487136640477,0.27141645462256175,0.20347372205671144,0.6496803443187347,0.022517493298394364,0.0005555555555555869,0.014671667080637114,0.3650335381553454,0.09678450563553442,0.11665950387604508,0.0,0.9999999987499999,0.6499130054756277,0.3242234853830449,0.29816168446906344,0.4448205388203645,neutral,01,05,05,male,normal,482
70,2.3356666666666666,True,1.0,0.5072532816326051,0.530116890070503,0.518685085851554,0.77948717948718,-0.07435185185185189,-0.07231481481481478,0.3613689524910399,0.27350427350427364,0.20625924754363292,0.6654183667174537,0.02286360843789792,0.002037037037037115,0.015218253226632244,0.335984665719502,0.09691451535455915,0.11687799187374566,0.0,0.9999999987499999,0.6499663400907237,0.3247088570339383,0.29920971797179,0.4460771014822974,neutral,01,05,05,male,normal,482
80,2.6693333333333333,True,1.0,0.5139283130644735,0.543036778178672,0.5284825456215727,0.5968678350846652,-0.07435185185185172,-0.0728240740740741,0.38310240412291335,0.1621923464903976,0.20695771609312438,0.8854264119402713,0.029108465114198512,0.001527777777777628,0.014878085333354623,0.42798913043478265,0.09687190278208037,0.11756333829972616,0.0,0.9999999987499999,0.6471789142532013,0.3257159836495735,0.2989959237742392,0.44541449765825714,neutral,01,05,05,male,normal,482
90,3.003,True,1.0,0.5214574810734195,0.5351799294591668,0.5283187052662932,0.5839380621811248,-0.07319444444444445,-0.07254629629629633,0.3828565143922992,0.14921695877116578,0.20765689245881772,0.9047512732650408,0.013722448385747321,0.0006481481481481199,0.01720805406265089,0.42496680076548443,0.09664849543446188,0.11611775452423724,0.0,0.9999999987499999,0.6473530806853992,0.3260313072421746,0.30130328274864926,0.44639361298303504,neutral,01,05,05,male,normal,482
0,0.0,True,1.0,0.5120469598733285,0.5740314857287386,0.5430392228010336,0.6217712139381039,-0.06837962962962962,-0.07166666666666671,0.3866433798172022,0.1966827309396043,0.2020848434758867,0.8733746603699992,0.061984525855410144,0.0032870370370370883,0.01003253944194958,0.43622448979591827,0.10120637045227643,0.11715226669621434,0.0,0.9999999987499999,0.6481883194762279,0.3220581970054543,0.30640585955944427,0.44729802041752315,neutral,01,05,05,male,normal,483
10,0.33366666666666667,True,1.0,0.5120469598733297,0.5240988262897723,0.518072893081551,0.6090820054903875,-0.06810185185185197,-0.06981481481481489,0.38460091084792175,0.1966827309396043,0.20139040423879126,0.8505798700528631,0.012051866416442625,0.0017129629629629162,0.009631261454162177,0.45703124999999917,0.10023038241993254,0.11734069056329845,0.0,0.9999999987499999,0.6492052555787942,0.322338757908461,0.30628045043752233,0.4487693118190854,neutral,01,05,05,male,normal,483
20,0.6673333333333333,True,1.0,0.5251741564491815,0.5197911793800581,0.5224826679146198,0.9480659471417987,-0.07101851851851854,-0.07064814814814824,0.3676033813374958,0.3226057736801954,0.2013892677274334,0.5511037175101429,0.005382977069123385,0.00037037037037029874,0.008521509821471967,0.2812499999999996,0.09988002121042218,0.11892762574334637,0.0,0.9999999987499999,0.6506590427420968,0.32249158634801756,0.3057066814501039,0.44287499508377914,neutral,01,05,05,male,normal,483
30,1.0010000000000001,True,1.0,0.49935919321786415,0.4861748359132268,0.4927670145655455,0.8672893299379211,-0.07194444444444442,-0.07148148148148142,0.36014516124183704,0.32522093769764765,0.20139040423879123,0.5681691190652799,0.01318435730463735,0.0004629629629629983,0.010673521750292384,0.3255578974323071,0.09623503754610252,0.11776210644249135,0.0,0.9999999987499999,0.6525495753066851,0.32158541752283526,0.303103455127404,0.44461782875000516,neutral,01,05,05,male,normal,483
40,1.3346666666666667,True,1.0,0.47858073955047986,0.4923646401519912,0.48547268985123554,0.7565557062408158,-0.07388888888888895,-0.07291666666666663,0.3742629029921933,0.26740330996442657,0.20277777777777778,0.6416879627588281,0.013783900601511356,0.0009722222222223187,0.007810418184794362,0.35883620689655227,0.09855192802153849,0.11762549499106782,0.0,0.9999999987499999,0.6507094317258153,0.32143917407632383,0.3012376895421872,0.44487199618703654,neutral,01,05,05,male,normal,483
50,1.6683333333333334,True,1.0,0.47133481394237414,0.49236389729886526,0.4818493556206197,0.8477839789054539,-0.0749999999999999,-0.07458333333333333,0.35615966618962613,0.3350114110190909,0.20277815402154262,0.5683633656803938,0.02102908335649112,0.00041666666666656527,0.0018965357516708811,0.3356854838709683,0.11127868183639919,0.1153217916170022,0.0,0.9999999987499999,0.6177763029977617,0.30081559952389003,0.3319573737717277,0.4202621467882492,neutral,01,05,05,male,normal,483
60,2.0020000000000002,True,1.0,0.46426320340973415,0.47229847456326546,0.4682808389864998,0.7242549174691004,-0.07611111111111107,-0.0765277777777778,0.37284812457142413,0.23043269548585413,0.2027837975942453,0.6465690845743943,0.00803527115353131,0.0004166666666667318,0.003479741952053037,0.3477090885203204,0.11088370500730733,0.11370847482122483,0.0,0.9999999987499999,0.6185600939438276,0.30012516718308746,0.33414299834042405,0.42548982134943947,neutral,01,05,05,male,normal,483
70,2.3356666666666666,True,1.0,0.52145748107342,0.5142939368502909,0.5178757089618555,0.8594204894061335,-0.07708333333333328,-0.07750000000000007,0.3400038213858319,0.3366063583507359,0.20486260077730523,0.602587109971874,0.007163544223129148,0.0004166666666667873,0.002465643357508762,0.3187500000000008,0.11060492947168614,0.11481237997984742,0.0,0.9999999987499999,0.6176021521030287,0.30118343285315885,0.331392617495763,0.4216205885332807,neutral,01,05,05,male,normal,483
80,2.6693333333333333,True,1.0,0.49077226424161563,0.5054612588378978,0.4981167615397567,0.7957398282865578,-0.07643518518518522,-0.07578703703703704,0.37103395205673256,0.2917712703717377,0.20486446284481513,0.6259794267334039,0.014688994596282201,0.0006481481481481755,0.007690774175143386,0.3374999999999993,0.09798445258519704,0.11598247851641037,0.0,0.9999999987499999,0.6525913578712735,0.3213921343107614,0.3041317243352479,0.4443484568413666,neutral,01,05,05,male,normal,483
90,3.003,True,1.0,0.5004168210490065,0.5275420945456383,0.5139794577973225,0.6214620513529371,-0.07578703703703704,-0.0762962962962963,0.38600551537291694,0.1902309511057474,0.20625332916347222,0.8270488224958827,0.02712527349663174,0.0005092592592592649,0.008159944534196996,0.41374164379816136,0.1111866822946306,0.1142490905891326,0.0,0.9999999987499999,0.6187503184398759,0.2998543911714344,0.3364298433458319,0.4261329800587005,neutral,01,05,05,male,normal,483
100,3.336666666666667,True,1.0,0.47875970626224584,0.4985168691922043,0.48863828772722506,0.609432942713129,-0.07374999999999998,-0.07430555555555557,0.37956338750525265,0.20098320451177693,0.204170029800638,0.8017917205982675,0.01975716292995844,0.0005555555555555869,0.007910809778027945,0.4308510638297883,0.0983284000305327,0.11618401723499104,0.0,0.9999999987499999,0.6505625313875549,0.3216850606468928,0.30122678074057946,0.4437435806207784,neutral,01,05,05,male,normal,483
0,0.0,True,1.0,0.39924871000751067,0.4021570279929902,0.40070286900025043,0.6338752904041591,-0.06907407407407412,-0.07083333333333341,0.3930021251805902,0.26099159845905556,0.1791670924928322,0.632147797944233,0.002908317985479525,0.0017592592592592937,0.021705030601161815,0.41955054141052567,0.11600118391721312,0.11211030956976792,0.0,0.9999999987499999,0.6235528578853416,0.29501534087328835,0.314009103185271,0.39909441049599925,calm,02,05,05,male,normal,484
10,0.33366666666666667,True,1.0,0.3757638727241791,0.40105174384152403,0.3884078082828516,0.6173230118814008,-0.06949074074074074,-0.07134259259259251,0.39765945995669055,0.25925925925925924,0.1763893214209619,0.6291808353281862,0.02528787111734493,0.0018518518518517713,0.021401016418934743,0.4499715261402631,0.11417782704590898,0.11346412715055744,0.0,0.9999999987499999,0.6228580280315251,0.2953737464517139,0.31120582279630066,0.3973049022337673,calm,02,05,05,male,normal,484
20,0.6673333333333333,True,1.0,0.3825454733604336,0.3828536547505539,0.38269956405549377,0.6041328986833575,-0.07199074074074074,-0.07374999999999998,0.4028843624131366,0.24159201423245596,0.1750108987956625,0.6334691669491037,0.0003081813901202879,0.0017592592592592382,0.032105558439417474,0.43863898355602904,0.09723908970549787,0.11855249923327267,0.0,0.9999999987499999,0.6867697397005675,0.31418441075924575,0.28159458544407157,0.41893721990486843,calm,02,05,05,male,normal,484
30,1.0010000000000001,True,1.0,0.36983687823137396,0.38542843185295467,0.3776326550421643,0.9772350604992452,-0.0734259259259259,-0.07578703703703699,0.40063038145448415,0.37392240412052236,0.1771561297216669,0.3864297038721074,0.015591553621580712,0.0023611111111110916,0.0332909160010932,0.28492792692102276,0.09374851834205436,0.11619821267213619,0.0,0.9999999987499999,0.6891458062365572,0.3141123667595879,0.295985440341476,0.4441172240134565,calm,02,05,05,male,normal,484
40,1.3346666666666667,True,1.0,0.35465773232020736,0.3946223029797734,0.3746400176499904,0.941389555597257,-0.06898148148148142,-0.07453703703703707,0.36077927698333634,0.38297103955843814,0.17500392364463038,0.3979649183725042,0.039964570659566045,0.005555555555555647,0.03303169961693191,0.30544468601541347,0.10909461347430911,0.1137635227919166,0.0,0.9984759740491563,0.6246719510147809,0.301686223963625,0.3189746154630117,0.39773353034557374,calm,02,05,05,male,normal,484
50,1.6683333333333334,True,1.0,0.3174711044001489,0.3388807112225597,0.3281759078113543,0.8686734210354571,-0.06856481481481486,-0.07231481481481478,0.3808582329443353,0.3765290478237792,0.17847906182851886,0.3777897422257599,0.021409606822410776,0.00374999999999992,0.034134626280747996,0.32266942383390695,0.10934450953656337,0.11452587361268403,0.0,0.9999999987499999,0.6254982487135479,0.29913617884517857,0.3151685158053681,0.4053733993729892,calm,02,05,05,male,normal,484
60,2.0020000000000002,True,1.0,0.16725530664931595,0.16093109906589909,0.16409320285760753,0.9696404095097314,-0.07481481481481483,-0.08083333333333331,0.40933141436143883,0.3956776764105849,0.17713545686623575,0.1692309862999379,0.006324207583416869,0.006018518518518479,0.03638605621836534,0.2956355410800322,0.09457272914377836,0.1171658981844437,0.0,0.9999999987499999,0.6878986753920318,0.3135339291784691,0.29896435919746983,0.4500981060229908,calm,02,05,05,male,normal,484
70,2.3356666666666666,True,1.0,0.28375442435989046,0.30896461615565873,0.29635952025777457,0.6322700172340098,-0.06842592592592595,-0.07365740740740745,0.37082725336767786,0.34226814278980267,0.17363923383335508,0.4687230331658899,0.025210191795768278,0.005231481481481504,0.03712376501637195,0.4216145307064954,0.110071293758428,0.11499319725603083,0.0,0.9999999987499999,0.6196747509785164,0.30212136139532514,0.3205191791672815,0.3947124549618297,calm,02,05,05,male,normal,484
80,2.6693333333333333,True,1.0,0.3266614323590981,0.3437270151966182,0.3351942237778581,0.8480435854238061,-0.06574074074074082,-0.07277777777777772,0.36718977791242696,0.3905181895282085,0.1764619717587119,0.39525589196025374,0.017065582837520077,0.007037037037036897,0.04220822760099191,0.3340272927063978,0.11073727583207858,0.11617023839745388,0.0,0.9999999987499999,0.6203212003864045,0.3035616704988785,0.3223623538901,0.3994236473098371,calm,02,05,05,male,normal,484
90,3.003,True,1.0,0.3354813205821303,0.35588664179930085,0.3456839811907156,0.8941201694416762,-0.06597222222222221,-0.07157407407407401,0.38598398031545605,0.37120950363093824,0.178533769246012,0.3866191514352867,0.020405321217170536,0.005601851851851802,0.040146469280389355,0.3021343585368047,0.11140275024550787,0.11470473420184808,0.0,0.9999999987499999,0.6247612065294869,0.3002152935155335,0.32813325971358936,0.42478628224537596,calm,02,05,05,male,normal,484
100,3.336666666666667,True,1.0,0.3580068145339819,0.3803719767110183,0.3691893956225001,0.750929327481187,-0.06615740740740739,-0.07148148148148148,0.37714765800074773,0.3363704839912117,0.1799696690837749,0.4916433306192178,0.02236516217703638,0.005324074074074092,0.044916537311108326,0.3589801614721649,0.11137239654096008,0.1139009146660465,0.0,0.9999999987499999,0.6231209582114096,0.30037706489755445,0.32089373136355426,0.405933636410984,calm,02,05,05,male,normal,484
110,3.6703333333333332,True,1.0,0.366638449622722,0.3980444772641116,0.3823414634434168,0.695333222921072,-0.06611111111111106,-0.07092592592592589,0.37650877300236646,0.3730959662105529,0.17716775714279093,0.5498679637903865,0.031406027641389556,0.004814814814814827,0.04504541560753354,0.3959227443858292,0.11149350805240056,0.11527949628288398,0.0,0.8876662935825983,0.6219331601546869,0.3002715338038593,0.3253593106452755,0.4111296446168105,calm,02,05,05,male,normal,484
120,4.0040000000000004,True,1.0,0.3314344334780819,0.3354739523719548,0.3334541929250183,0.6268658757036704,-0.06384259259259256,-0.06930555555555556,0.40380607975499044,0.3370505278662014,0.1792624520635458,0.531938658410316,0.00403951889387294,0.005462962962963003,0.04062540149396354,0.43588442534479965,0.1129300197099931,0.11387262730644085,0.0,0.9999999987499999,0.6208520292179371,0.30038541812718617,0.3366303206085706,0.41899438804513645,calm,02,05,05,male,normal,484
0,0.0,True,1.0,0.3805134329321886,0.36695554821446336,0.373734490573326,0.8744469613236459,-0.06277777777777777,-0.07412037037037028,0.38287493914328463,0.25152782554699116,0.18706063994881547,0.4273952647826759,0.013557884717725233,0.011342592592592515,0.08685174001699549,0.319117478631236,0.115625383294428,0.11434557421364804,0.0,0.9999999987499999,0.6179624563262806,0.2988457127078684,0.32027322438374584,0.4070806161389601,calm,02,05,05,male,normal,485
10,0.33366666666666667,True,1.0,0.3880741728036149,0.3721186247761049,0.3800963987898599,0.832231928097136,-0.06231481481481482,-0.0732870370370371,0.38115295200906546,0.23767284694299437,0.1877342286984449,0.45671931820608547,0.01595554802750998,0.010972222222222272,0.09193027776982204,0.33308300439210403,0.11520754058466272,0.11443406093240335,0.0,0.9999999987499999,0.617211239042492,0.29920159982718064,0.3209136531093169,0.40581883865575025,calm,02,05,05,male,normal,485
20,0.6673333333333333,True,1.0,0.350061186283945,0.37760558291792634,0.36383338460093567,0.8339515811593546,-0.061620370370370325,-0.07388888888888895,0.38859664928180565,0.23456226728150573,0.1877541409174259,0.4362763892061175,0.02754439663398134,0.012268518518518623,0.08571171953464608,0.34372456552533726,0.11388052426294464,0.1149288395703602,0.0,0.9999999987499999,0.619726331868685,0.2986143742982708,0.3213881335213992,0.4079425021310152,calm,02,05,05,male,normal,485
30,1.0010000000000001,True,1.0,0.33289793237214044,0.3491207858593922,0.34100935911576635,0.9071972881209447,-0.06175925925925929,-0.07212962962962965,0.4067649366500139,0.28014840361471094,0.18629180588200323,0.37589327435280434,0.016222853487251776,0.010370370370370363,0.08364623678605589,0.2970055794954113,0.1113179705705011,0.11361923519417487,0.0,0.9999999987499999,0.6191365067042441,0.3006543107040877,0.3301152045864566,0.42545226772260214,calm,02,05,05,male,normal,485
40,1.3346666666666667,True,1.0,0.29350269775473714,0.33264273840010966,0.31307271807742343,0.8653515019013895,-0.06175925925925929,-0.07194444444444442,0.36263798672487657,0.2762888225561689,0.18837314081237463,0.36178676224577627,0.03914004064537252,0.01018518518518513,0.09412471428753552,0.3065271586854211,0.11239718346352469,0.11288977908771743,0.0,0.9999999987499999,0.6190155590595614,0.29937881566329094,0.3195106925207395,0.40230671275840857,calm,02,05,05,male,normal,485
50,1.6683333333333334,True,1.0,0.14073265543464772,0.19246499252433782,0.16659882397949277,0.8847720612916234,-0.07111111111111112,-0.08291666666666664,0.3723235523091678,0.3014488131318371,0.1850230687103143,0.1882957557862819,0.051732337089690106,0.011805555555555514,0.09327196401555045,0.31163424454129457,0.11295685392058004,0.11501148371274121,0.0,0.9999999987499999,0.6191113050298245,0.29865230539921783,0.31721710709993484,0.4005497184193862,calm,02,05,05,male,normal,485
60,2.0020000000000002,True,1.0,0.2823706664174888,0.28097455757003087,0.2816726119937598,0.9813435678936193,-0.06486111111111115,-0.0759259259259259,0.39606929273961405,0.3333329642627066,0.1785239402424893,0.2870275214605513,0.0013961088474579442,0.01106481481481475,0.10186644451959377,0.3066884102457763,0.11169618356674273,0.11475155459560595,0.0,0.9999999987499999,0.6232514780443428,0.30105689813983,0.32037953312152856,0.4069536709397389,calm,02,05,05,male,normal,485
70,2.3356666666666666,True,1.0,0.2773457352077971,0.2913435556994092,0.28434464545360316,0.6747459686338723,-0.06296296296296294,-0.07578703703703704,0.36441673834012017,0.270584731567342,0.1767039238266158,0.4214099211727088,0.013997820491612079,0.012824074074074099,0.10350660658874479,0.39901056359902215,0.11296201299086356,0.11434185613512028,0.0,0.9999999987499999,0.6250847185202207,0.2971196481672956,0.3136166259957963,0.39409033293495893,calm,02,05,05,male,normal,485
80,2.6693333333333333,True,1.0,0.2773457352077971,0.31571603853500935,0.2965308868714032,0.8517646845112273,-0.06435185185185194,-0.07620370370370372,0.36791842735176583,0.30302377763700766,0.1775518942656909,0.3481370996750859,0.03837030332721225,0.01185185185185178,0.0998131330279829,0.3305171464908028,0.11286101287198481,0.11410810804701448,0.0,0.9999999987499999,0.6246498436718437,0.29750172295415006,0.31108704985693525,0.3925203878980126,calm,02,05,05,male,normal,485
90,3.003,True,1.0,0.29602292825319554,0.2986510539438872,0.2973369910985414,0.8592583659755583,-0.06569444444444439,-0.07750000000000001,0.3571371365950495,0.3299670869963906,0.17824451319604645,0.34603909938189553,0.0026281256906916517,0.011805555555555625,0.10439733255275467,0.3226581072251003,0.11118527100163587,0.11206166701706252,0.0,0.9999999987499999,0.6252591510823079,0.29741945132891817,0.3116856543260822,0.3936961128871001,calm,02,05,05,male,normal,485
100,3.336666666666667,True,1.0,0.2968329634549201,0.28183600482709503,0.2893344841410076,0.8718277232689019,-0.06620370370370376,-0.07773148148148151,0.3755992503012899,0.2970385751683662,0.17943261096045243,0.33187116722573734,0.014996958627825074,0.011527777777777748,0.10392299492215097,0.3268984599043457,0.11197176258220744,0.11280621265942498,0.0,0.9999999987499999,0.6213721379254826,0.2983652970641616,0.31161528133522065,0.3943844570685506,calm,02,05,05,male,normal,485
110,3.6703333333333332,True,1.0,0.2786199971861455,0.3104976519070504,0.294558824546598,0.8508296614988295,-0.06550925925925927,-0.07712962962962955,0.37753257356926495,0.3126860022616846,0.17876096754884935,0.34620187550549236,0.031877654720904924,0.011620370370370281,0.10576544002195785,0.3396017514334619,0.115391501688238,0.11391455197898463,0.0,0.9999999987499999,0.6163505593565551,0.29649008984134506,0.31502720686195607,0.39927152109854885,calm,02,05,05,male,normal,485
120,4.0040000000000004,True,1.0,0.2842704691221373,0.29865105394388763,0.2914607615330125,0.8464615590499871,-0.0625,-0.07611111111111113,0.3746895840812402,0.2970385751683662,0.17943261096045238,0.34432840855777186,0.014380584821750308,0.01361111111111113,0.10283028729513877,0.344539211069006,0.11536879066154561,0.11292981125664758,0.0,0.9999999987499999,0.6150959413765507,0.2967121977276739,0.3159997834243643,0.39977077046399223,calm,02,05,05,male,normal,485
0,0.0,True,1.0,0.3314998125156851,0.3524855242865547,0.3419926684011199,0.5443115475482583,-0.0631944444444445,-0.0736574074074074,0.40871988064101383,0.18818951395869396,0.18176491043657364,0.6283031656071913,0.02098571177086961,0.010462962962962896,0.07593709326330891,0.48619678599127647,0.11248201887179103,0.11514547220330462,0.0,0.9999999987499999,0.6206009018920068,0.297772601701393,0.3156718330825884,0.40044593467514694,calm,02,05,05,male,normal,486
10,0.33366666666666667,True,1.0,0.2924194341965666,0.3152108285501431,0.3038151313733548,0.5468585348591359,-0.06412037037037038,-0.07416666666666677,0.40499785527216614,0.19470546142788672,0.18242854071049305,0.5555643955554499,0.022791394353576522,0.010046296296296386,0.08061704329218916,0.5024802252479194,0.11439014285510253,0.11492005495762751,0.0,0.9999999987499999,0.6221140184667617,0.29816135741855915,0.31789517846720117,0.3986202327097068,calm,02,05,05,male,normal,486
20,0.6673333333333333,True,1.0,0.2251431941460109,0.24191479104615518,0.23352899259608303,0.5567836604730887,-0.0685648148148148,-0.07819444444444451,0.4138990327426226,0.18982374750456635,0.18035079953159605,0.41942501042084784,0.016771596900144292,0.00962962962962971,0.0873803113830925,0.4979926350680618,0.11202090092085472,0.11476707871840629,0.0,0.9999999987499999,0.6226665138477266,0.2982184366421163,0.31279857154314245,0.39399084525328315,calm,02,05,05,male,normal,486
30,1.0010000000000001,True,1.0,0.24704720445472272,0.2834025882708283,0.2652248963627755,1.0577124095130581,-0.0641666666666667,-0.0746296296296296,0.3539248586044897,0.4199508627911028,0.1756961599608825,0.25075331817736524,0.03635538381610559,0.010462962962962896,0.08060215030927112,0.2697919477252003,0.10979413352478719,0.11608140723834934,0.0,0.9999999987499999,0.6239997764574581,0.2997654993646748,0.31781800438353347,0.40877647599885136,calm,02,05,05,male,normal,486
40,1.3346666666666667,True,1.0,0.3513553760263827,0.3858187295360828,0.36858705278123277,0.8743053009682995,-0.06337962962962967,-0.07240740740740742,0.37107590429009774,0.30752797511010355,0.17680406411151134,0.42157705365965403,0.03446335350970009,0.009027777777777746,0.07894809246934167,0.32172478112060865,0.11283808126362167,0.11512801418332376,0.0,0.9999999987499999,0.6247939310411665,0.29819607005511917,0.3147410597399021,0.40083981598641966,calm,02,05,05,male,normal,486
50,1.6683333333333334,True,1.0,0.33631609270709284,0.3443758803355765,0.34034598652133463,0.8825909439782806,-0.061435185185185204,-0.0690277777777778,0.35159588604825703,0.3717234590169906,0.17519215524607723,0.3856214352112252,0.008059787628483639,0.007592592592592595,0.07659810353969103,0.3161290925172602,0.10911474884669099,0.1170462487288223,0.0,0.9999999987499999,0.6267185823626326,0.29818276107318464,0.30539811118101173,0.39570761992108083,calm,02,05,05,male,normal,486
60,2.0020000000000002,True,1.0,0.3341437957132531,0.35410245977894755,0.3441231277461003,0.9736939415409431,-0.06203703703703706,-0.07064814814814807,0.38181995500029053,0.4853223567839111,0.174810807157605,0.3534202207333239,0.019958664065694465,0.008611111111111014,0.07457286766807017,0.2991475932684006,0.10736289683605135,0.1163855913538685,0.0,0.9999999987499999,0.6266255499387254,0.3045889155249268,0.32975291989027017,0.42355224707592665,calm,02,05,05,male,normal,486
70,2.3356666666666666,True,1.0,0.29486279979425073,0.3098227145558175,0.3023427571750341,0.6609770421272194,-0.06111111111111117,-0.0706944444444444,0.35436551293389434,0.3958281785984267,0.1749364559249825,0.45741794026915944,0.014959914761566773,0.009583333333333222,0.0786613062892835,0.419020212094833,0.11168591502942085,0.11558863623604945,0.0,0.9999999987499999,0.6240533169205182,0.3031196355002817,0.3204233190919164,0.39793006387847046,calm,02,05,05,male,normal,486
80,2.6693333333333333,True,1.0,0.31621276151498123,0.3252176738240626,0.32071521766952193,0.8200786013417273,-0.06347222222222221,-0.0712037037037036,0.3617391601315894,0.40867918098038497,0.17292956500309736,0.3910786321516024,0.009004912309081348,0.007731481481481395,0.07554096020916838,0.3495792874777322,0.11079970092765502,0.11545249686371005,0.0,0.9999999987499999,0.621193299507303,0.30396122597557296,0.3158681139984572,0.39724026532109175,calm,02,05,05,male,normal,486
90,3.003,True,1.0,0.3327404434233512,0.34160926631927907,0.33717485487131515,0.8906832982712896,-0.06208333333333338,-0.07,0.3788414018335786,0.43170080200714067,0.17406052941788538,0.37855751368160995,0.008868822895927886,0.007916666666666627,0.07100438221712521,0.30550674555761065,0.11022797426416024,0.11434424765615309,0.0,0.9999999987499999,0.6236140939266331,0.3035527647738988,0.32305226587665936,0.404971043564442,calm,02,05,05,male,normal,486
100,3.336666666666667,True,1.0,0.36362202878882616,0.3855628480801376,0.37459243843448187,0.6933163472850019,-0.06374999999999997,-0.0705555555555556,0.3513168500682555,0.34496279741586205,0.17742078753825447,0.5402907920769073,0.02194081929131142,0.00680555555555562,0.07388752543288359,0.402751620001855,0.11115623231279888,0.11242989644846052,0.0,0.9999999987499999,0.6253975195546968,0.2973795926035777,0.3119045277688209,0.3942606035267636,calm,02,05,05,male,normal,486
110,3.6703333333333332,True,1.0,0.3839894077429569,0.3813271185434685,0.3826582631432127,0.574801564944659,-0.06324074074074076,-0.07138888888888889,0.36764119051002747,0.31190117161743214,0.176138547196921,0.6657223753036485,0.00266228919948841,0.008148148148148127,0.07115162562083353,0.47916869240670035,0.11139485634381315,0.11619754867307937,0.0,0.9999999987499999,0.6215371744244572,0.29842478002886835,0.311891835962964,0.3968047417528643,calm,02,05,05,male,normal,486
120,4.0040000000000004,True,1.0,0.37259063880636417,0.38848621158685687,0.3805384251966105,0.5787393602280724,-0.06398148148148142,-0.07027777777777777,0.3716514566614416,0.31311622090516666,0.17685928965238837,0.6575298853816441,0.015895572780492695,0.006296296296296355,0.08139267329025476,0.4680120925939403,0.1115147188264928,0.11426289161576506,0.0,0.9999999987499999,0.62236041371236,0.2986204257930903,0.3141010358124486,0.3992106987308818,calm,02,05,05,male,normal,486
0,0.0,True,1.0,0.3016354949281718,0.3252176738240626,0.3134265843761172,0.5629802497415345,-0.06453703703703706,-0.07296296296296301,0.4054242046588861,0.17289473724029686,0.18370748545629167,0.556727495360649,0.02358217889589076,0.008425925925925948,0.07125865865603973,0.4998054600795302,0.11378244887609383,0.11335751772122404,0.0,0.9999999987499999,0.619603781848677,0.29803164680072797,0.31187471352690194,0.3960066344179826,calm,02,05,05,male,normal,487
10,0.33366666666666667,True,1.0,0.33769392647587093,0.3746971066475865,0.3561955165617287,0.5179274721527866,-0.06240740740740741,-0.07180555555555562,0.3906699419469271,0.21457501109502627,0.1830144607295566,0.6877324253165942,0.037003180171715555,0.009398148148148211,0.07118308686824325,0.519692424205834,0.11374888885917975,0.11339119357070515,0.0,0.9887416466143075,0.6187034684733269,0.29873135411162777,0.3207534497280692,0.4006152752900313,calm,02,05,05,male,normal,487
20,0.6673333333333333,True,1.0,0.34491067842005196,0.3757373347212292,0.36032400657064056,0.5766494454873047,-0.06398148148148147,-0.07203703703703701,0.3932580796534797,0.20762584476062362,0.18224987636885553,0.6248579780843183,0.030826656301177258,0.008055555555555538,0.06879194156255997,0.46057564023383635,0.11054009331907026,0.11387535775596301,0.0,0.9999999987499999,0.6210935298728866,0.2989826409465472,0.31337170093179095,0.3951304954843785,calm,02,05,05,male,normal,487
30,1.0010000000000001,True,1.0,0.16215501613640695,0.1658270506290592,0.16399103338273308,0.9240815541243507,-0.07018518518518513,-0.08060185185185187,0.3864659546007352,0.3235482378559404,0.18077894688297066,0.17746381004015294,0.003672034492652243,0.01041666666666674,0.06798413967407302,0.29284360315101626,0.11003589498984712,0.11369430662515558,0.0,0.9999999987499999,0.623353888367847,0.3006702913605567,0.3219105404768929,0.41339768394704435,calm,02,05,05,male,normal,487
40,1.3346666666666667,True,1.0,0.31594596522486806,0.354416644580222,0.33518130490254505,0.8888090046222707,-0.0625,-0.07134259259259257,0.39320477844946516,0.3154310627191134,0.18026828964910632,0.37711285907256487,0.03847067935535392,0.008842592592592569,0.07021494059056486,0.31460972046973223,0.11219770957454098,0.11426123871093344,0.0,0.9999999987499999,0.6211349881827731,0.3004237669386469,0.32563615732412904,0.4190670021450894,calm,02,05,05,male,normal,487
50,1.6683333333333334,True,1.0,0.3395767835591589,0.34755674375114215,0.3435667636551505,0.9397747745973165,-0.06351851851851847,-0.07134259259259257,0.373313934842621,0.35275984465518817,0.18145361677040917,0.36558415158819857,0.00797996019198327,0.007824074074074094,0.06151831724568851,0.2817470133358332,0.11102281156083994,0.11687954289024516,0.0,0.9999999987499999,0.6227506032647434,0.2996368232430252,0.3215988936004183,0.41919383014396344,calm,02,05,05,male,normal,487
60,2.0020000000000002,True,1.0,0.26309517994464016,0.3000720873337043,0.2815836336391722,0.8693720688656847,-0.06319444444444444,-0.0725925925925926,0.3716059992420383,0.3428787165386933,0.18309323293737137,0.32389312208588567,0.03697690738906412,0.009398148148148155,0.058755737307479176,0.3295334478967009,0.11231429307561146,0.11514373609449677,0.0,0.9999999987499999,0.6219169466145834,0.30124365750335547,0.31693917151171275,0.39967535985891117,calm,02,05,05,male,normal,487
70,2.3356666666666666,True,1.0,0.2908238862274309,0.30012962237757834,0.29547675430250464,0.9023368364981051,-0.06574074074074077,-0.07245370370370369,0.3937654692478676,0.37712448869878595,0.18359324209445113,0.3274572668996043,0.009305736150147459,0.006712962962962921,0.05273005322450781,0.3135482460773587,0.11093233067491201,0.11663919731143069,0.0,0.9999999987499999,0.6269885597832884,0.3008866230107015,0.32389078095952106,0.4267458309527752,calm,02,05,05,male,normal,487
80,2.6693333333333333,True,1.0,0.28969778158485515,0.29815661494164897,0.2939271982632521,0.8771268766222089,-0.06699074074074074,-0.07490740740740737,0.3749280762073048,0.367659283945627,0.18068046227075424,0.3351022595444316,0.008458833356793816,0.007916666666666627,0.062037204455994574,0.3200336552190258,0.11270855527682616,0.11475784051024197,0.0,0.9999999987499999,0.619196078298507,0.29770179149308446,0.318987205897004,0.4010594208114247,calm,02,05,05,male,normal,487
90,3.003,True,1.0,0.29849781830951705,0.3365212012874778,0.31750950979849746,0.8326357629954825,-0.0658333333333333,-0.07268518518518513,0.36008511592534875,0.34825374930660935,0.18275957330591067,0.3813306176715594,0.03802338297796076,0.006851851851851831,0.056999780718903985,0.3273409527884546,0.11107988751735652,0.11501742215607828,0.0,0.9999999987499999,0.6271315761070053,0.2988918019807032,0.3144376956243011,0.39881601095212055,calm,02,05,05,male,normal,487
100,3.336666666666667,True,1.0,0.31936772817415965,0.35168405067585295,0.3355258894250063,0.8526863446498357,-0.06648148148148136,-0.07384259259259257,0.3879645865524728,0.32062097447571575,0.18370748545629167,0.3934927438796893,0.032316322501693306,0.007361111111111207,0.06550153639431366,0.3224915766240476,0.11392893968882706,0.11504656718054683,0.0,0.9999999987499999,0.6232759412983944,0.29997377621049043,0.3235549248683343,0.40799742395147653,calm,02,05,05,male,normal,487
110,3.6703333333333332,True,1.0,0.18308258579836875,0.2011000501860204,0.1920913179921946,0.7601315274202378,-0.07069444444444445,-0.07837962962962969,0.3972903384088636,0.28263008421105384,0.18091057199066873,0.2527079999485367,0.018017464387651644,0.007685185185185239,0.0650272923900892,0.3679694826395457,0.11377502011869867,0.11519878782271256,0.0,0.9999999987499999,0.6240296431072428,0.2986552467613536,0.31501120034374364,0.3950401224593298,calm,02,05,05,male,normal,487
120,4.0040000000000004,True,1.0,0.30751346847111755,0.32788011636091147,0.3176967924160145,0.7974348941197604,-0.06481481481481477,-0.07319444444444445,0.40839504790666253,0.29077046499257864,0.18091057199066873,0.39839840814427935,0.02036664788979392,0.008379629629629681,0.06043715163704822,0.3566137710066203,0.11339040699037947,0.11441767297255395,0.0,0.9999999987499999,0.6249403970259979,0.2988308417120456,0.32020534192720945,0.4056329685509346,calm,02,05,05,male,normal,487
0,0.0,True,1.0,0.2499150969656543,0.2824788260491045,0.2661969615073794,0.8180728129107283,-0.059814814814814765,-0.07574074074074078,0.38482571926871445,0.27598131030146433,0.17410563249751884,0.32539519380951243,0.032563729083450205,0.01592592592592601,0.12137370615951655,0.34610095073486846,0.11415339192681674,0.11515522969322572,0.0,0.9999999987499999,0.6147589485012755,0.3017127101401788,0.3161832909437558,0.39990164580108584,calm,02,05,05,male,strong,488
10,0.33366666666666667,True,1.0,0.27390673835092955,0.30867339881235656,0.2912900685816431,0.8389305357515926,-0.060833333333333295,-0.07597222222222222,0.38019654707368433,0.27934158544817134,0.17406049153850714,0.34721595670692584,0.03476666046142701,0.015138888888888924,0.11946952938988527,0.33436952060553954,0.11581182052821463,0.1139897270928734,0.0,0.9999999987499999,0.6171862627003928,0.30080794329041505,0.32050784798728993,0.4009361603338255,calm,02,05,05,male,strong,488
20,0.6673333333333333,True,1.0,0.2706692418195806,0.2983971402873079,0.2845331910534442,0.7774780514729995,-0.05990740740740741,-0.07472222222222225,0.3900380046806044,0.256481296785856,0.17259241604072098,0.3659694193480722,0.02772789846772733,0.014814814814814836,0.1191073779585042,0.3633761298851171,0.1146610381343862,0.11364834562261117,0.0,0.9999999987499999,0.6186180393719988,0.30055286384758206,0.3177678598609855,0.3946420370950563,calm,02,05,05,male,strong,488
30,1.0010000000000001,True,1.0,0.21485898529417685,0.22591637400683456,0.2203876796505057,0.8666211637020066,-0.06504629629629638,-0.07898148148148143,0.399492950867723,0.28627680265530575,0.1710851176721931,0.2543068284982335,0.011057388712657712,0.01393518518518505,0.11283523752255867,0.3340527645122229,0.11331054136877075,0.11549083593869733,0.0,0.9999999987499999,0.618022578961272,0.3028947555032139,0.32289206883029614,0.40919276670869076,calm,02,05,05,male,strong,488
40,1.3346666666666667,True,1.0,0.26743982463665755,0.26525995362321025,0.2663498891299339,0.8195744857696416,-0.065462962962963,-0.07736111111111116,0.4250730238508261,0.2601577653056124,0.17716775714279084,0.32498557941296996,0.0021798710134472987,0.011898148148148158,0.12071869704246917,0.32565893453157146,0.11236209050084145,0.11476555717625911,0.0,0.9999999987499999,0.6242959703099991,0.3010038874099352,0.33296649553511937,0.41866838654824945,calm,02,05,05,male,strong,488
50,1.6683333333333334,True,1.0,0.2630765675093382,0.27344686068528995,0.2682617140973141,0.8387488379116345,-0.06314814814814823,-0.07412037037037039,0.440573316054793,0.27043604578036473,0.17210326102556203,0.31983557171327676,0.010370293175951728,0.010972222222222161,0.10608407451531329,0.3358751386679432,0.11132106523306741,0.1169218566562011,0.0,0.9999999987499999,0.6185171735569228,0.30361702670183277,0.3287437167963223,0.42092027185662867,calm,02,05,05,male,strong,488
60,2.0020000000000002,True,1.0,0.2669090430608304,0.3104319768072255,0.288670509934028,0.7728479471048628,-0.06342592592592594,-0.07481481481481483,0.4410444265758276,0.27088007027675254,0.17281992025934173,0.3735152703910335,0.0435229337463951,0.011388888888888893,0.10492170036656656,0.37872897375369985,0.11050327442901736,0.11540654748631689,0.0,0.9999999987499999,0.615301606353479,0.3024676699057325,0.33602905161910757,0.42043211800591473,calm,02,05,05,male,strong,488
70,2.3356666666666666,True,1.0,0.2736295187030333,0.31490373920324766,0.2942666289531405,1.1199529906141508,-0.06351851851851847,-0.07527777777777778,0.3657758085119962,0.4643311987283249,0.176659014927338,0.2627490898450773,0.04127422050021434,0.011759259259259303,0.10972039227867617,0.2486709876823203,0.11341547048110955,0.11588207311536337,0.0,0.9999999987499999,0.6176711661539617,0.3014894425792944,0.3304205804590569,0.417260021203952,calm,02,05,05,male,strong,488
80,2.6693333333333333,True,1.0,0.2737536869350005,0.30637499844953114,0.29006434269226583,0.9189434439674461,-0.06564814814814807,-0.07685185185185178,0.42473016205712094,0.3926752589971352,0.17373056328947056,0.31564983089703774,0.032621311514530626,0.011203703703703716,0.09541796710254451,0.30831502700401714,0.11228489571658087,0.11746547514270168,0.0,0.9999999987499999,0.6179732843606193,0.3012782261559925,0.33900513762901635,0.43348850754212537,calm,02,05,05,male,strong,488
90,3.003,True,1.0,0.27238531203430016,0.28031149996860794,0.27634840600145405,0.6797014616719713,-0.06398148148148147,-0.0737962962962963,0.3658463270870588,0.3559611594598271,0.17350919317495253,0.40657321130614504,0.007926187934307771,0.009814814814814832,0.09967316267569526,0.3980156143290894,0.11354437087705435,0.11559107105896728,0.0,0.9999999987499999,0.6105324289559574,0.29979004112631974,0.31996749067652663,0.3930922752473089,calm,02,05,05,male,strong,488
100,3.336666666666667,True,1.0,0.3027441778103969,0.3344795921136716,0.3186118849620343,0.8338321753608904,-0.06416666666666665,-0.0750925925925926,0.3763554206821006,0.3596623989297098,0.17746692607361889,0.38210552959789074,0.0317354143032747,0.01092592592592595,0.10144107904330692,0.3288688100901581,0.11660939870619112,0.11451251185217481,0.0,0.9999999987499999,0.6115872567933424,0.3006014035744178,0.32987177976376847,0.4064076114592185,calm,02,05,05,male,strong,488
110,3.6703333333333332,True,1.0,0.2879362995926473,0.3269288237120768,0.3074325616523621,0.7882373410454231,-0.06087962962962962,-0.07138888888888884,0.36713216704269774,0.3282757591067573,0.17998917912111947,0.39002537134896526,0.038992524119429495,0.010509259259259218,0.09833295508866383,0.34695170227554867,0.11539782296295287,0.11457522445802264,0.0,0.9999999987499999,0.6130466240558724,0.30092517886541575,0.32730873764332197,0.4036586595580652,calm,02,05,05,male,strong,488
120,4.0040000000000004,True,1.0,0.3143575907043035,0.3522453627347617,0.3333014767195326,0.7978944745787039,-0.06370370370370376,-0.07337962962962963,0.4066739471203847,0.3168642524795253,0.1758420033901172,0.4177262624804101,0.03788777203045818,0.009675925925925866,0.09610124076014298,0.3462172985816105,0.11225411213003109,0.11286336622264642,0.0,0.9999999987499999,0.6117690871426695,0.3015083405400924,0.33064534439693855,0.41544281677303385,calm,02,05,05,male,strong,488
130,4.337666666666666,True,1.0,0.336681588651868,0.36756908571819313,0.3521253371850306,0.8270677364995646,-0.06513888888888891,-0.07587962962962963,0.39738994609423123,0.3181047985516152,0.17929792040396972,0.4257515093931076,0.030887497066325154,0.010740740740740717,0.09738099745268591,0.34885160675359494,0.1148360972513549,0.11347145410614139,0.0,0.9999999987499999,0.61108446061237,0.3014675196147403,0.3315093278987336,0.41476047956581036,calm,02,05,05,male,strong,488
140,4.671333333333333,True,1.0,0.24268151777790703,0.2725342425194534,0.2576078801486802,0.8190666253768452,-0.06990740740740736,-0.07898148148148143,0.40190991567330087,0.3095776114687531,0.17784170484874168,0.31451395059609116,0.029852724741546377,0.009074074074074068,0.08962339079557119,0.3524870943078443,0.11382138959975302,0.1141559613111742,0.0,0.9999999987499999,0.6110131821869372,0.3007672503854944,0.3240678486203065,0.4049340875823935,calm,02,05,05,male,strong,488
0,0.0,True,1.0,0.29523194299711697,0.31048338949022947,0.3028576662436732,0.8468785119263837,-0.06587962962962962,-0.07990740740740743,0.3895295179017904,0.3092913681762732,0.17665108111481395,0.35761642547142536,0.015251446493112497,0.014027777777777806,0.10491432986388387,0.341183601598904,0.11879369557540702,0.11309042783220956,0.0,0.9999999987499999,0.6135088586606517,0.3010129028463408,0.32312575751053935,0.4049419494034862,calm,02,05,05,male,strong,489
10,0.33366666666666667,True,1.0,0.18511461262750936,0.18300388272788354,0.18405924767769644,0.8015034568310682,-0.07226851851851851,-0.08587962962962958,0.39876564153386873,0.2824876201130764,0.17539639797924397,0.2296424876386907,0.002110729899625824,0.013611111111111074,0.10374560791041257,0.3561355049302698,0.11749520680939105,0.11276180149763211,0.0,0.9999999987499999,0.6139320057397959,0.2994270022255743,0.318963055837712,0.3909028150330873,calm,02,05,05,male,strong,489
20,0.6673333333333333,True,1.0,0.22406024880060452,0.23840741157065357,0.23123383018562904,0.7786187743214715,-0.06773148148148145,-0.08143518518518522,0.39539163518103454,0.2709575131696853,0.17393026220618163,0.2969795204169564,0.014347162770049049,0.013703703703703773,0.10881524582996946,0.35362349412703303,0.11584390291777949,0.11495585891478477,0.0,0.9999999987499999,0.6143795142588285,0.2995481989280525,0.3195760880441672,0.395443394914915,calm,02,05,05,male,strong,489
30,1.0010000000000001,True,1.0,0.20029041139603362,0.23876400913557666,0.21952721026580513,0.8801838910289631,-0.06828703703703703,-0.0812962962962962,0.4287931910498267,0.33528363086673135,0.1745507179937302,0.24941062032977088,0.038473597739543036,0.013009259259259165,0.10192690005658085,0.31847194694767056,0.10953662305422132,0.11384117822488271,0.0,0.9999999987499999,0.6103303141569127,0.3036783168991837,0.33076116774226344,0.4174222336865611,calm,02,05,05,male,strong,489
40,1.3346666666666667,True,1.0,0.2536626405960765,0.29389375117688693,0.2737781958864817,0.8087667848133685,-0.06388888888888894,-0.07634259259259257,0.4040066804149578,0.30511761714166713,0.175564101986283,0.3385131548764814,0.040231110580810414,0.012453703703703634,0.11502889614137381,0.3459135306478762,0.11380919447311612,0.11466765598870447,0.0,0.9999999987499999,0.6176192575623999,0.30405118962096844,0.3305983649596435,0.4182967104724329,calm,02,05,05,male,strong,489
50,1.6683333333333334,True,1.0,0.17686424037589812,0.19970268232854416,0.18828346135222113,0.9947395065243027,-0.06976851851851851,-0.08037037037037037,0.3750972568206576,0.3972508522891025,0.17522928600577403,0.1892791631550839,0.022838441952646032,0.010601851851851862,0.10338133690356141,0.2763760629015954,0.1128916413590418,0.1142446926870324,0.0,0.9999999987499999,0.6127795601678171,0.3021089825885379,0.3217075532101239,0.4042698726810288,calm,02,05,05,male,strong,489
60,2.0020000000000002,True,1.0,0.1639363137283219,0.16416510074088167,0.1640507072346018,1.04404976341004,-0.09337962962962959,-0.09430555555555553,0.3962066812953181,0.41433371963236637,0.18901359580270594,0.15712920301689923,0.00022878701255976686,0.0009259259259259411,0.09463931846116852,0.28261742687333863,0.11234802753220274,0.11724270731475002,0.0,0.9999999987499999,0.6118029717746474,0.30494667426249666,0.34098381238795983,0.4200612926290785,calm,02,05,05,male,strong,489
70,2.3356666666666666,True,1.0,0.25589206584851254,0.26703724558110864,0.2614646557148106,1.0127055069600488,-0.09097222222222223,-0.08962962962962961,0.38835709973898597,0.39234153630915286,0.19204943977201241,0.2581842933783171,0.0111451797325961,0.0013425925925926174,0.10339607164201355,0.2923711535023492,0.11571129236592058,0.11442526107012438,0.0,0.9999999987499999,0.6120695567367571,0.3015652945048725,0.34647897311607895,0.42945976042818096,calm,02,05,05,male,strong,489
80,2.6693333333333333,True,1.0,0.2745272979132175,0.3165868624714923,0.29555708019235494,0.7714565091981684,-0.09013888888888877,-0.09467592592592589,0.3476315749298612,0.38116659498310085,0.1986957408274271,0.38311567362306553,0.04205956455827481,0.004537037037037117,0.12292447761708752,0.36206056644377194,0.11372208596901585,0.11508561653880141,0.0,0.9999999987499999,0.6069427389627725,0.30129552140969823,0.3353311189971653,0.4066941217871891,calm,02,05,05,male,strong,489
90,3.003,True,1.0,0.30751619798510926,0.3381373879996966,0.3228267929924029,0.8234946476468507,-0.07828703703703699,-0.08277777777777778,0.35848188023275473,0.35080982680215883,0.17777133506120849,0.39202051150530937,0.03062119001458735,0.004490740740740795,0.1166112336614091,0.3291956708093411,0.11239946353376488,0.11288750891983908,0.0,0.9999999987499999,0.6070973010063401,0.30132945493109986,0.3328014286829105,0.40948453937841783,calm,02,05,05,male,strong,489
100,3.336666666666667,True,1.0,0.29466124282662065,0.3449259162007612,0.3197935795136909,0.8829189166010857,-0.09277777777777779,-0.10032407407407407,0.36351225266743,0.37663190601932806,0.19814885430822515,0.36220039405745097,0.050264673374140534,0.007546296296296273,0.12617828510882756,0.3243720567104377,0.11450517207569728,0.11245814384423673,0.0,0.9999999987499999,0.60992537958152,0.3018820565565066,0.33569847814313925,0.4130460276911641,calm,02,05,05,male,strong,489
110,3.6703333333333332,True,1.0,0.28115969163092536,0.307256281085079,0.29420798635800216,0.8588830144913405,-0.08708333333333329,-0.10337962962962965,0.374404877809962,0.34074836023055904,0.19838896972214015,0.3425472170179568,0.026096589454153662,0.016296296296296364,0.11871788156322954,0.315929286778114,0.11223883843957479,0.11505181262767583,0.0,0.9999999987499999,0.6097716641656662,0.30528627553186605,0.34035284950543876,0.4121427959703014,calm,02,05,05,male,strong,489
120,4.0040000000000004,True,1.0,0.29761470348246694,0.31944049455555534,0.30852759901901117,0.8218021613743528,-0.08819444444444435,-0.10296296296296292,0.3776557338154393,0.34074836023055904,0.19953129324038563,0.3754280695770385,0.021825791073088407,0.01476851851851857,0.1179195718432396,0.3379727882437295,0.11250750374063354,0.11412327657063419,0.0,0.9999999987499999,0.6112329241462211,0.3051578151982651,0.3396521644358504,0.4122677618155261,calm,02,05,05,male,strong,489
130,4.337666666666666,True,1.0,0.28944388314410185,0.33374561961748866,0.3115947513807953,0.8476146681183497,-0.08800925925925923,-0.1044444444444444,0.3700501030867498,0.3528917110335275,0.20037795252989848,0.3676136847330824,0.04430173647338681,0.016435185185185164,0.11248289637005068,0.3334044593817236,0.11463431520768863,0.1138427769052061,0.0,0.9999999987499999,0.6106040624687374,0.3011560475523371,0.33337815428106765,0.40610199669153463,calm,02,05,05,male,strong,489
0,0.0,True,1.0,0.34412591671426146,0.3680420610621172,0.3560839888881893,0.8605671378257885,-0.06129629629629624,-0.07398148148148154,0.36484904769900034,0.3170296161869695,0.17727323036547307,0.41377827857548777,0.023916144347855717,0.0126851851851853,0.1371627983293543,0.3200025408953529,0.10041126200130848,0.11864013323134331,0.0,0.9999999987499999,0.6857604229035364,0.3082615131598134,0.29064482178420054,0.4259610490486601,calm,02,05,05,male,strong,490
10,0.33366666666666667,True,1.0,0.357071901875149,0.3780339968108321,0.36755294934299054,0.8415253370805127,-0.05907407407407411,-0.07365740740740745,0.3643920069054701,0.3144330235810022,0.17729173551947355,0.43676991428224227,0.02096209493568313,0.014583333333333337,0.130543846079519,0.31846080802094434,0.09776190195975448,0.11779871931072719,0.0,0.9999999987499999,0.6848659195631376,0.3085603356893484,0.28818763325821534,0.4215056283746419,calm,02,05,05,male,strong,490
20,0.6673333333333333,True,1.0,0.17460434405756342,0.1969847266372092,0.18579453534738632,0.7697483179143099,-0.06578703703703709,-0.0794907407407407,0.3740469550976169,0.2858431259490585,0.1793543579180893,0.2413704986726186,0.02238038257964578,0.013703703703703607,0.12266591535479444,0.357270045796808,0.0994557122934391,0.11832048178229934,0.0,0.9999999987499999,0.6814760091223989,0.31048072848519964,0.28451155125012617,0.4143346888991778,calm,02,05,05,male,strong,490
30,1.0010000000000001,True,1.0,0.2896682350488651,0.3359398048315963,0.31280401994023066,0.993366229385136,-0.062083333333333324,-0.0771296296296296,0.36543853905151547,0.3889804931019278,0.1740329131633588,0.3148929475223322,0.046271569782731226,0.01504629629629628,0.11301223896498518,0.27717626296551395,0.11297226396801073,0.11231427623993405,0.0,0.9999999987499999,0.6111601056516357,0.29632139087300013,0.3154517984178121,0.3913744644010358,calm,02,05,05,male,strong,490
40,1.3346666666666667,True,1.0,0.31798998842847276,0.3570996727342815,0.33754483058137713,0.9573142084231444,-0.0627314814814815,-0.07615740740740745,0.36459264117314427,0.42602625434973146,0.16854921526360497,0.3525956552314935,0.039109684305808745,0.013425925925925952,0.11322917947336546,0.2913227907082169,0.11388583268818742,0.11442516000215411,0.0,0.9999999987499999,0.6158405105870473,0.29771078958947805,0.32485218312097036,0.3966958250689665,calm,02,05,05,male,strong,490
50,1.6683333333333334,True,1.0,0.30687816913750154,0.35010330509264526,0.3284907371150734,0.8474914631090049,-0.0616666666666667,-0.07587962962962963,0.36363636363636354,0.35867960208812844,0.1674777716962632,0.3876035941530454,0.04322513595514371,0.014212962962962927,0.12446315129606927,0.31775409081168604,0.11133827746263672,0.11173927566663341,0.0,0.9999999987499999,0.6142797589426395,0.2999740492097685,0.31038827220235077,0.38703239695707087,calm,02,05,05,male,strong,490
60,2.0020000000000002,True,1.0,0.2213306533124203,0.2075716544374636,0.21445115387494196,0.8818439983888205,-0.06949074074074074,-0.08421296296296299,0.3606378952846573,0.3552039041382443,0.1635101712787109,0.24318491055873429,0.013758998874956713,0.014722222222222248,0.11246967538189279,0.3082221492051002,0.11282228509916194,0.11364457176161083,0.0,0.9999999987499999,0.6153243983765382,0.3008145339736627,0.3209063410886684,0.38806838910971775,calm,02,05,05,male,strong,490
70,2.3356666666666666,True,1.0,0.18874525629270986,0.21819931744771537,0.20347228687021263,1.0019737661574288,-0.06810185185185186,-0.07967592592592593,0.378272434783637,0.3859759487380412,0.15820379181767716,0.20307147127267533,0.029454061155005512,0.01157407407407407,0.09473824865784439,0.27293703525492985,0.11390769577049144,0.11539826973517679,0.0,0.9999999987499999,0.6059579792307549,0.30374813485055313,0.33913628098981663,0.4138417862050807,calm,02,05,05,male,strong,490
80,2.6693333333333333,True,1.0,0.21751917282144806,0.23854169274429785,0.22803043278287294,0.7542019321876864,-0.06458333333333338,-0.07861111111111108,0.3691341182754226,0.3302732637299295,0.1563910496172675,0.30234665684484957,0.021022519922849786,0.014027777777777695,0.11318917625925064,0.3452872989028527,0.11161656329172555,0.11349391139574959,0.0,0.9999999987499999,0.6119874562246773,0.30237712140932455,0.3150262649936609,0.3901045006539223,calm,02,05,05,male,strong,490
90,3.003,True,1.0,0.1802392063626319,0.22301245266689337,0.20162582951476266,0.9337088725554364,-0.06425925925925918,-0.07666666666666666,0.35789886268499593,0.4394785395927177,0.1509375202186839,0.21594078779924164,0.042773246304261464,0.012407407407407478,0.1131186391038409,0.27678013502892973,0.11153905309451134,0.11407224291084575,0.0,0.9999999987499999,0.6136373200452057,0.3041438802360394,0.331685056565941,0.40913645380885044,calm,02,05,05,male,strong,490
100,3.336666666666667,True,1.0,0.19807723346074174,0.2311088129434539,0.21459302320209783,0.8832092541430172,-0.06481481481481477,-0.07754629629629628,0.3328670778481291,0.4456224262991338,0.14745058146991147,0.242969627181181,0.03303157948271215,0.01273148148148151,0.1203119878089897,0.32945351821814706,0.11069528636132975,0.11305240874314887,0.0,0.9999999987499999,0.6178555846088435,0.3023829507868955,0.31953762350189285,0.39258228219345115,calm,02,05,05,male,strong,490
110,3.6703333333333332,True,1.0,0.20179410315956495,0.24671695337291405,0.2242555282662395,0.8573477153182238,-0.06509259259259254,-0.07870370370370366,0.34768576559487924,0.41246776693963927,0.14705998660578554,0.2615689343535511,0.0449228502133491,0.01361111111111113,0.11826767366463754,0.319126718720159,0.11421582885598135,0.1135937178057566,0.0,0.9999999987499999,0.6147643516938025,0.3033007191661166,0.3272625727677868,0.40126503845282807,calm,02,05,05,male,strong,490
120,4.0040000000000004,True,1.0,0.15987471049224317,0.17198043691980527,0.16592757370602423,0.6677983201082742,-0.06814814814814818,-0.08240740740740732,0.36891262910057976,0.36766268981256284,0.1478923142773125,0.24846958836182964,0.012105726427562108,0.014259259259259138,0.11990398260309439,0.39986936286835567,0.11529306690860304,0.11283840172629854,0.0,0.9999999987499999,0.6141891670418167,0.30310675414069194,0.32587497385476866,0.3951815822397298,calm,02,05,05,male,strong,490
130,4.337666666666666,True,1.0,0.1727221730442156,0.20869355443901175,0.1907078637416137,0.7575630460658836,-0.06412037037037033,-0.07874999999999999,0.36263406163162226,0.3755605270282749,0.15058682413000976,0.25173860410956245,0.03597138139479614,0.014629629629629659,0.11942510835168481,0.351168654130621,0.11427580807622033,0.11286014435912704,0.0,0.9999999987499999,0.6146895725868472,0.3024171185673705,0.325298142184732,0.3973581633995809,calm,02,05,05,male,strong,490
140,4.671333333333333,True,1.0,0.19456186239611026,0.24507301032835951,0.21981743636223489,0.6349961445770931,-0.06314814814814806,-0.07874999999999999,0.3752554549613293,0.3264970377310555,0.15118019893263265,0.3461712929117595,0.050511147932249256,0.015601851851851922,0.1275419595797412,0.4220003177424036,0.11483596896570666,0.11279798123425165,0.0,0.9999999987499999,0.6134713572069452,0.3026235710506357,0.3269405927237934,0.39982867158389784,calm,02,05,05,male,strong,490
0,0.0,True,1.0,0.31088960129661763,0.3443525731708878,0.3276210872337527,0.846169199340015,-0.06296296296296294,-0.07805555555555554,0.35037806720095616,0.3674279466492792,0.16463203979248564,0.3871815323569881,0.033462971874270164,0.015092592592592602,0.11734855427683086,0.3376562110002753,0.11523031975552693,0.11290247823012925,0.0,0.9999999987499999,0.618224047236082,0.2993861471978629,0.31061722776952816,0.38937136263182304,calm,02,05,05,male,strong,491
10,0.33366666666666667,True,1.0,0.3239152538556594,0.36926465178621926,0.3465899528209393,0.8323010297174879,-0.06138888888888888,-0.07694444444444443,0.34978974511157795,0.37318512246919877,0.16321254909363014,0.4164237943314621,0.045349397930559865,0.015555555555555545,0.12022793462733566,0.35078998647150983,0.11728594761565576,0.11314794712644133,0.0,0.9999999987499999,0.6180781253438876,0.2994285706899624,0.3114433221036465,0.3885115625176077,calm,02,05,05,male,strong,491
20,0.6673333333333333,True,1.0,0.3239152538556597,0.35572237970564774,0.33981881678065373,0.7870990994604814,-0.06055555555555553,-0.07541666666666663,0.3591191198499699,0.3519192649047288,0.16466957261551146,0.43173574587187713,0.031807125849988016,0.014861111111111103,0.11602766895965917,0.3539963089134985,0.11711166631716356,0.11214535847205102,0.0,0.9999999987499999,0.6170185360316001,0.29966231607811267,0.3128012462710914,0.38810563685538374,calm,02,05,05,male,strong,491
30,1.0010000000000001,True,1.0,0.16834166706023215,0.20264798448267174,0.18549482577145193,1.0772123732813195,-0.0736574074074074,-0.08740740740740743,0.34486787633866317,0.4489129546574398,0.1671644280062849,0.17219893715703638,0.034306317422439586,0.01375000000000004,0.10784380550150466,0.2627325343817134,0.11390740548087253,0.11523334084914244,0.0,0.9999999987499999,0.6134699939819678,0.30080898942543427,0.31025544135440714,0.3892245440631199,calm,02,05,05,male,strong,491
40,1.3346666666666667,True,1.0,0.2720192988302763,0.3034886385776604,0.28775396870396835,0.9072156353614985,-0.06699074074074063,-0.08013888888888887,0.34511380011344417,0.3788342095980435,0.16198433607365376,0.31718365236210566,0.031469339747384084,0.013148148148148242,0.11418504642423837,0.30087171776119837,0.1154222774599117,0.11270622896399247,0.0,0.9999999987499999,0.6153674433054471,0.303200866063446,0.32394704900166743,0.39331286144464545,calm,02,05,05,male,strong,491
50,1.6683333333333334,True,1.0,0.15354829577454698,0.16929164954264297,0.16141997265859498,0.9047474260541419,-0.0710648148148148,-0.08333333333333331,0.34032457368024993,0.44238163915362044,0.16650276319312307,0.17841440385477844,0.01574335376809599,0.012268518518518512,0.11226630527841315,0.3118905483325775,0.11470250264951305,0.11394140559957604,0.0,0.9999999987499999,0.6145553207142233,0.29963874551801806,0.31128296812355294,0.38135289955994245,calm,02,05,05,male,strong,491
60,2.0020000000000002,True,1.0,0.20654588701362403,0.21576769108000135,0.21115678904681268,1.142542441344508,-0.0842592592592592,-0.09810185185185183,0.351042225581618,0.49726844121572633,0.18359881871779,0.18481308125265788,0.00922180406637732,0.013842592592592629,0.1203534285910074,0.2302285640256017,0.10825918779643168,0.11848298107848623,0.0,0.9999999987499999,0.6124632601712561,0.3059060420234907,0.3191914028469431,0.4077594450330166,calm,02,05,05,male,strong,491
70,2.3356666666666666,True,1.0,0.22930724526930815,0.26454752829449746,0.2469273867819028,0.9184601093545559,-0.08370370370370361,-0.09986111111111112,0.349753644963152,0.3857163997190007,0.1857112352769931,0.2688493319055849,0.035240283025189306,0.01615740740740751,0.12466682639159375,0.29993176256721915,0.11512384138097004,0.11334771820514866,0.0,0.9999999987499999,0.6109022323460634,0.3049270451923181,0.3278384352283707,0.3967549508884771,calm,02,05,05,male,strong,491
80,2.6693333333333333,True,1.0,0.19794141856699324,0.25133774038570156,0.22463957947634738,1.1909060674170693,-0.08300925925925928,-0.0995833333333333,0.3477820608272605,0.5346499999126899,0.1813316788026546,0.18862913341567178,0.05339632181870832,0.01657407407407402,0.1214608314114538,0.2375415719213629,0.11273864443256988,0.11372754616884645,0.0,0.9999999987499999,0.6108511721016532,0.3047162171533569,0.33268392334763197,0.4029688960950915,calm,02,05,05,male,strong,491
90,3.003,True,1.0,0.1415207958712513,0.13651089093031585,0.13901584340078357,0.9473761643105265,-0.08810185185185182,-0.10296296296296292,0.32620523533298784,0.4286052602851473,0.17991625686276083,0.14673774645993481,0.00500990494093545,0.014861111111111103,0.1250204063113472,0.28746780441865966,0.11139998730193719,0.11553489246495044,0.0,0.9999999987499999,0.6138105404661865,0.30415167482825145,0.3173282250668447,0.38895521996112703,calm,02,05,05,male,strong,491
100,3.336666666666667,True,1.0,0.22515758691343996,0.24757428921951455,0.23636593806647727,0.9388532341887695,-0.08101851851851849,-0.09652777777777777,0.34225217852638345,0.4460225708872619,0.17742436035913284,0.25176026396789575,0.022416702306074593,0.015509259259259278,0.13400143537093787,0.3024685810662225,0.11442582351938696,0.11304561602813645,0.0,0.9999999987499999,0.6113205422012555,0.3040919887366923,0.3277111208136411,0.398908745898702,calm,02,05,05,male,strong,491
110,3.6703333333333332,True,1.0,0.24806460316975323,0.26711166359801736,0.2575881333838853,0.8752196875202155,-0.07824074074074072,-0.09310185185185188,0.35746115289152247,0.3966026098414935,0.17360590269965048,0.29431254467517404,0.019047060428264123,0.014861111111111158,0.13018513905732482,0.3132172966693316,0.11493290097484386,0.1121909121527373,0.0,0.9999999987499999,0.6124578163374724,0.3039112903768389,0.32856043026781445,0.40062215696604214,calm,02,05,05,male,strong,491
120,4.0040000000000004,True,1.0,0.25766918003088257,0.27396686452332386,0.2658180222771032,0.8475104951938344,-0.07842592592592584,-0.09166666666666667,0.369675433156045,0.37185434465613965,0.1751341667079848,0.313645699710548,0.01629768449244129,0.01324074074074083,0.1219233768599936,0.3336375498242181,0.11235766913527408,0.1132660194154579,0.0,0.9999999987499999,0.614846325741234,0.30436865068688645,0.32823365263483495,0.40084083510689583,calm,02,05,05,male,strong,491
0,0.0,True,1.0,0.40976174061206944,0.44301150142887796,0.4263866210204737,0.6203597578596922,-0.06370370370370365,-0.06624999999999998,0.402098234296745,0.21323402564833266,0.19944369807999512,0.6873215349937484,0.03324976081680853,0.0025462962962963243,0.0021445197997924347,0.44722686224941544,0.11755838688330203,0.11064865929075617,0.0,0.9999999987499999,0.5778690429843812,0.28017815959833775,0.33290561813909647,0.3762896668684068,happy,03,05,05,male,normal,492
10,0.33366666666666667,True,1.0,0.3811316620662165,0.400185110728044,0.39065838639713024,0.6330857660684884,-0.06481481481481477,-0.06578703703703698,0.4034437739510802,0.20258744514191665,0.20076893997186585,0.6170702412457463,0.01905344866182751,0.0009722222222222077,0.006835607939363879,0.4405695887144278,0.11278973650299244,0.11467805252432911,0.0,0.9999999987499999,0.6087707845325631,0.3040150579854532,0.3278011956996503,0.42579877519274695,happy,03,05,05,male,normal,492
20,0.6673333333333333,True,1.0,0.43015591581718593,0.40732233171011056,0.41873912376364825,0.5909734841224942,-0.06481481481481477,-0.0660648148148148,0.4196618589982094,0.17236726620239454,0.20216826132333857,0.7085582264074203,0.022833584107075366,0.0012500000000000289,0.002526623497519187,0.5043367293454246,0.11238131096438154,0.11557392949600986,0.0,0.9999999987499999,0.6103175579685,0.3043568701583579,0.3271330385635827,0.42710901677921576,happy,03,05,05,male,normal,492
30,1.0010000000000001,True,1.0,0.38112400395736956,0.38542843185295556,0.38327621790516253,0.9588669041018854,-0.08041666666666669,-0.07097222222222227,0.4695109189257375,0.27473152870334905,0.20909930442083857,0.3997178505854835,0.004304427895585994,0.009444444444444422,0.009063976063929705,0.30969101123595494,0.10811695723092524,0.1200496881893204,0.0,0.9999999987499999,0.6058700159516932,0.30827336668165806,0.34950613827542304,0.4613759253186281,happy,03,05,05,male,normal,492
40,1.3346666666666667,True,1.0,0.32487916785780246,0.3102476000608194,0.31756338395931094,0.8195959321582906,-0.09004629629629635,-0.08245370370370375,0.4329152929284461,0.22509322717317357,0.22085544307558078,0.387463348095265,0.014631567796983047,0.007592592592592595,0.014502313469318065,0.3485806098638207,0.09742703920646041,0.11887985328065634,0.0,0.9808809568120003,0.6508869509366246,0.3300186076325616,0.31637418613600193,0.4707480852775663,happy,03,05,05,male,normal,492
50,1.6683333333333334,True,1.0,0.3444382813925874,0.3299782729391894,0.3372082771658884,0.7603776193055624,-0.07921296296296299,-0.07435185185185184,0.4136009374400231,0.3126201823932871,0.20220561833854567,0.44347475333881337,0.01446000845339801,0.004861111111111149,0.02510251806732074,0.3812484002075852,0.10575017472007849,0.11929892525184645,0.0,0.9999999987499999,0.6229330367537639,0.30682926488547857,0.33749010021086284,0.43895623524332067,happy,03,05,05,male,normal,492
60,2.0020000000000002,True,1.0,0.36031131621224366,0.3386566656714844,0.349483990941864,0.9411983506706146,-0.07773148148148157,-0.07194444444444448,0.4311297316675159,0.29400822502087,0.20071877255469697,0.3713181081255111,0.021654650540759268,0.0057870370370370905,0.0207032158563192,0.3095050348140847,0.1080329740797988,0.11916986574475473,0.0,0.9999999987499999,0.6008456599358494,0.3085797248993755,0.34079273135701443,0.45593372516873254,happy,03,05,05,male,normal,492
70,2.3356666666666666,True,1.0,0.3339216337959678,0.3326005200760033,0.33326107693598556,0.6875811497548977,-0.08226851851851846,-0.07810185185185181,0.3938520719137953,0.21394986286737522,0.21260373444601247,0.4846861742134485,0.0013211137199644618,0.004166666666666652,0.03504736316663176,0.41370544811669463,0.11074396802461457,0.11730630727608408,0.0,0.9999999987499999,0.6067307850718412,0.3062249883614335,0.33352354194115647,0.436064443644677,happy,03,05,05,male,normal,492
80,2.6693333333333333,True,1.0,0.36727678778444456,0.37625832801856685,0.37176755790150573,0.7300576893868388,-0.08611111111111103,-0.08787037037037038,0.39999137086551095,0.21373128838743155,0.22934271321594613,0.5092303845381672,0.008981540234122287,0.0017592592592593492,0.04393429493681067,0.38900350056928046,0.108685056899795,0.11841467328697862,0.0,0.9999999987499999,0.6069495987457483,0.3074168090644761,0.3372849275497233,0.44509984113124984,happy,03,05,05,male,normal,492
90,3.003,True,1.0,0.3700311115743533,0.3810035781580281,0.3755173448661907,0.8166867629796435,-0.0880555555555555,-0.0913888888888888,0.4245249994797754,0.22440802895764003,0.2308531855944235,0.4598058422009109,0.01097246658367479,0.0033333333333332993,0.05212006139019732,0.3465280642984135,0.10837296541144079,0.11918090725025764,0.0,0.9999999987499999,0.6092949184752026,0.3076432349437566,0.3435817736549022,0.45572699964675395,happy,03,05,05,male,normal,492
100,3.336666666666667,True,1.0,0.3806646429654608,0.38359177362776575,0.3821282082966133,0.7827679804646958,-0.08611111111111103,-0.08967592592592588,0.4569823700700349,0.17045321701201363,0.22946609817721134,0.4881755741589739,0.002927130662304933,0.003564814814814854,0.048920970259395305,0.3702384014312428,0.11055776412995959,0.11909247014957056,0.0,0.9999999987499999,0.6096537022387081,0.30756000181430404,0.3502861273504685,0.4584161450047413,happy,03,05,05,male,normal,492
110,3.6703333333333332,True,1.0,0.3700311115743533,0.35252094889022184,0.3612760302322876,0.7823523635190432,-0.0855555555555555,-0.09310185185185188,0.4600269054188511,0.17045321701201363,0.22809943667679963,0.4617817329869852,0.01751016268413147,0.007546296296296384,0.04675319709342755,0.36802708701196507,0.10938060632269181,0.11969798149246948,0.0,0.9999999987499999,0.6089829917592037,0.307118283348966,0.3466441181133326,0.45753067282313026,happy,03,05,05,male,normal,492
0,0.0,True,1.0,0.3289845667478712,0.3530858552082015,0.34103521097803635,0.7684264331535788,-0.06490740740740741,-0.06319444444444444,0.45844120379134823,0.11689950239478444,0.20696803789817336,0.4438098382150221,0.024101288460330328,0.0017129629629629717,0.02195969897030259,0.37934096681164203,0.11138119109808241,0.11719018001944614,0.0,0.9999999987499999,0.609855188286252,0.30585179601302825,0.3356252787465516,0.43667715058397916,happy,03,05,05,male,normal,493
10,0.33366666666666667,True,1.0,0.3628946209110394,0.39294028795442365,0.3779174544327315,0.6864269920612879,-0.06388888888888883,-0.06041666666666662,0.4322739449067465,0.12421439228080182,0.20422047016405517,0.5505573918325593,0.03004566704338424,0.00347222222222221,0.025028106821657705,0.4225111798046439,0.1117886862938859,0.11499327901119523,0.0,0.9999999987499999,0.6117943423932073,0.3046372928887088,0.3304525745816084,0.42412718555533263,happy,03,05,05,male,normal,493
20,0.6673333333333333,True,1.0,0.11963215462563515,0.13461895240387023,0.1271255535147527,0.5441063942614937,-0.07504629629629622,-0.07541666666666663,0.4308356018406487,0.16681909284785731,0.20627996053698627,0.23364098429186453,0.014986797778235084,0.00037037037037040976,0.020076793598597032,0.5441733835346506,0.11039195417154123,0.11534798381304696,0.0,0.9999999987499999,0.6069988050923495,0.3043029938332961,0.31943129423402394,0.40610126629338406,happy,03,05,05,male,normal,493
30,1.0010000000000001,True,1.0,0.3715875087149788,0.3646238628778666,0.36810568579642267,0.9138911704694942,-0.0652314814814815,-0.06421296296296303,0.47461590108119756,0.19349176732719003,0.2041801188701787,0.40278941048015093,0.006963645837112231,0.0010185185185184742,0.011498088285225859,0.32611555770139916,0.10783442933123026,0.1179041166084247,0.0,0.9999999987499999,0.6049860527335934,0.30662314195470197,0.3301851735689882,0.43633479774367745,happy,03,05,05,male,normal,493
40,1.3346666666666667,True,1.0,0.3771844481768539,0.3936470968646291,0.38541577252074155,0.8106669271157249,-0.06189814814814815,-0.06263888888888891,0.4132411976215182,0.22096261712606058,0.20279621290136177,0.4754304876998176,0.016462648687775194,0.000740740740740764,0.010012470489632113,0.36567097826067374,0.11235830427884227,0.11608968746576392,0.0,0.9999999987499999,0.6090213772540266,0.3040743736192438,0.3299023582183852,0.43394567889363006,happy,03,05,05,male,normal,493
50,1.6683333333333334,True,1.0,0.42182049507329306,0.4377742376855378,0.42979736637941546,0.6969770419964341,-0.06421296296296297,-0.06412037037037033,0.39055055483938844,0.27591219629218783,0.19861725721356668,0.6166592878702228,0.015953742612244748,9.259259259264407e-05,0.012422896888538218,0.40349837467773453,0.1089423331141414,0.11688119146552618,0.0,0.9999999987499999,0.6133448718628077,0.30411554614381076,0.3046773474269438,0.40763157235943037,happy,03,05,05,male,normal,493
60,2.0020000000000002,True,1.0,0.40699167416492166,0.4221881782375361,0.4145899262012289,0.7736915506061268,-0.06300925925925921,-0.06263888888888891,0.3913399449063932,0.2448302385747632,0.20140252662755678,0.5358594466702268,0.01519650407261447,0.00037037037037029874,0.012633611740359192,0.3838778664207326,0.1087690348880457,0.11655312123415233,0.0,0.9999999987499999,0.6154249460409164,0.30583074444561653,0.3137589586925817,0.417798288788651,happy,03,05,05,male,normal,493
70,2.3356666666666666,True,1.0,0.385571493793583,0.4518362453516164,0.4187038695725997,0.8341149404162517,-0.06347222222222221,-0.06305555555555553,0.43105730891243116,0.25251278962398416,0.20420403171054263,0.5019738279279019,0.06626475155803335,0.0004166666666666763,0.02096033129260378,0.3530150763584786,0.11126655344470884,0.11500263841671197,0.0,0.9999999987499999,0.6150603995582608,0.3052009043369233,0.3289367607347366,0.4385221103254798,happy,03,05,05,male,normal,493
80,2.6693333333333333,True,1.0,0.4026884298959276,0.41608371091144636,0.409386070403687,0.7293056980283262,-0.06365740740740738,-0.06189814814814815,0.45941585400482154,0.1436041906860844,0.20491473227156956,0.5613367227356922,0.013395281015518734,0.0017592592592592382,0.020150810779501274,0.3965727179780809,0.1117093212139801,0.1170403328989016,0.0,0.9999999987499999,0.6144213537758855,0.30553054073922414,0.3316065412953837,0.44171643245950926,happy,03,05,05,male,normal,493
90,3.003,True,1.0,0.36211405344942077,0.40175758183094845,0.3819358176401846,0.7691892795577859,-0.06402777777777785,-0.06240740740740747,0.46602531358116883,0.14618091586309975,0.20349621824753736,0.496543344779536,0.03964352838152768,0.0016203703703703831,0.02064291392224772,0.38423933650609265,0.10959437756995695,0.11708645098982329,0.0,0.9999999987499999,0.6146676588604191,0.3064444003876536,0.3343082468252962,0.44411322914081763,happy,03,05,05,male,normal,493
0,0.0,True,1.0,0.2671869923646901,0.2685786657095784,0.26788282903713423,0.7665038465088763,-0.056759259259259176,-0.059768518518518554,0.4716369265676373,0.07450074786722362,0.20487935877564542,0.34948660761095357,0.0013916733448882668,0.003009259259259378,0.03435018382342997,0.3827074007042098,0.1099269319766012,0.11807229059703218,0.0,0.9999999987499999,0.606200414024985,0.30808851014354244,0.33636592518726655,0.4522954619251703,happy,03,05,05,male,normal,494
10,0.33366666666666667,True,1.0,0.2818521402670705,0.27386752792400687,0.2778598340955387,0.8320770468840458,-0.05777777777777776,-0.06143518518518526,0.44173941728651717,0.1310456219434895,0.2048849444704979,0.3339352228691629,0.007984612343063635,0.003657407407407498,0.034305301480737856,0.36231972397689044,0.11079462666609283,0.11595134885953971,0.0,0.9999999987499999,0.6050452003770258,0.3085614474728976,0.3360142753731257,0.44487670941576735,happy,03,05,05,male,normal,494
20,0.6673333333333333,True,1.0,0.36158192090395586,0.3873469889824417,0.3744644549431988,0.6540199570821946,-0.05805555555555558,-0.06078703703703714,0.4121660717184564,0.11720359161462042,0.20834248840561403,0.5725581473290388,0.02576506807848583,0.002731481481481557,0.038409718912558066,0.44724840508023217,0.11085173210651625,0.1168789192914303,0.0,0.9999999987499999,0.6017221214657739,0.30688173929569174,0.3199956951736622,0.42075839076142646,happy,03,05,05,male,normal,494
30,1.0010000000000001,True,1.0,0.3409536698149053,0.31586185516814447,0.3284077624915249,1.023198935816917,-0.07995370370370375,-0.07740740740740742,0.3971557056104826,0.21101391713044929,0.22571607802300306,0.32096179051371454,0.025091814646760857,0.0025462962962963243,0.022879418707273325,0.2812221949807784,0.10596014049343962,0.11782593121259549,0.0,0.9999999987499999,0.5976021758859793,0.3115582645796866,0.3400150698203011,0.441059709890358,happy,03,05,05,male,normal,494
40,1.3346666666666667,True,1.0,0.3367528540007168,0.34193209946497277,0.3393424767328448,0.8107425478741941,-0.0889814814814815,-0.09532407407407412,0.3736746018826318,0.24993502223128217,0.24098013731422283,0.41855762673689334,0.005179245464255966,0.006342592592592622,0.02684019031960967,0.3565769764179018,0.0960788860398403,0.11740371365936218,0.0,0.9999999987499999,0.6456855212084834,0.33118623738019604,0.3046202156810079,0.45086002360442035,happy,03,05,05,male,normal,494
50,1.6683333333333334,True,1.0,0.39344262295081983,0.40740476244446966,0.4004236926976448,0.8560952737177827,-0.07847222222222217,-0.07814814814814808,0.3831975402450961,0.23703703703703724,0.23613728297171552,0.46773262858783987,0.013962139493649828,0.0003240740740740877,0.027271366336202776,0.3377998733039889,0.10722780507510588,0.1160184617575508,0.0,0.9999999987499999,0.5965496900010003,0.3102602965328465,0.3346025937531174,0.43214952112276306,happy,03,05,05,male,normal,494
60,2.0020000000000002,True,1.0,0.37037037037037024,0.3772414915769055,0.3738059309736379,0.7914334016073583,-0.08171296296296293,-0.08226851851851852,0.3875553357716812,0.1945816821334607,0.23406037588764872,0.472315080731314,0.006871121206535269,0.0005555555555555869,0.02995838007268741,0.3599433847344379,0.10578975003068718,0.11716872658654603,0.0,0.9999999987499999,0.5996940677442852,0.30951338577181114,0.33506874927794433,0.4349890431656161,happy,03,05,05,male,normal,494
70,2.3356666666666666,True,1.0,0.40000000000000097,0.3798356503269015,0.3899178251634512,0.7917664182271795,-0.08226851851851852,-0.08574074074074062,0.44364582482521037,0.13189096672007375,0.23820597500537224,0.4924657275014322,0.02016434967309949,0.003472222222222099,0.03473841865948886,0.35065656038654014,0.10801804913695069,0.11676096195994543,0.0,0.9999999987499999,0.6017769933363971,0.3101118621376098,0.34335852228447417,0.4488449037459172,happy,03,05,05,male,normal,494
80,2.6693333333333333,True,1.0,0.4067796610169485,0.41686357620343323,0.41182161861019084,0.785128164249684,-0.0819907407407407,-0.08689814814814811,0.4637703563950133,0.10896247828250352,0.23334150754143612,0.5245278890278411,0.010083915186484715,0.004907407407407416,0.032065333997367176,0.3437682947737186,0.10740877057955926,0.11699644988168299,0.0,0.9999999987499999,0.6033697683917316,0.3100278700744048,0.34542306282666624,0.4519675552373511,happy,03,05,05,male,normal,494
90,3.003,True,1.0,0.37037037037037024,0.3608261308008194,0.3655982505855948,0.7799382711268918,-0.08023148148148151,-0.08550925925925923,0.4668335529259647,0.09200587773970288,0.23125296925880895,0.46875280277932907,0.00954423956955086,0.005277777777777715,0.03668263692571966,0.3679560759049847,0.10703368825880082,0.11701450749703057,0.0,0.9999999987499999,0.6045101275744673,0.3098154669433371,0.3457882853511911,0.45281134045689553,happy,03,05,05,male,normal,494
100,3.336666666666667,True,1.0,0.31097463641633294,0.3214414795309959,0.3162080579736644,0.7703422908870199,-0.07583333333333342,-0.0828240740740741,0.46953970373903126,0.09618716996479769,0.22986642166154797,0.4104773445705062,0.01046684311466295,0.006990740740740686,0.03952124016576389,0.3670470514687595,0.10888868249347933,0.11693117500258535,0.0,0.9999999987499999,0.603971949381315,0.3092620986054569,0.34515949027784765,0.45162372707992493,happy,03,05,05,male,normal,494
0,0.0,True,1.0,0.3281068486958126,0.3342665034724099,0.33118667608411123,0.772800515318119,-0.0553703703703704,-0.05805555555555553,0.4888606061787793,0.13054062758751966,0.19723189304860717,0.42855390171133634,0.006159654776597301,0.002685185185185124,0.012570452338528203,0.3803077319279848,0.1102254608043157,0.11746972408428066,0.0,0.9999999987499999,0.6168828658807273,0.3080315798401399,0.3357813055016901,0.4531465594931116,happy,03,05,05,male,normal,495
10,0.33366666666666667,True,1.0,0.3268454708877282,0.30945292362360205,0.31814919725566515,0.811839400311404,-0.05560185185185185,-0.05768518518518512,0.4719314448735279,0.1569512032030212,0.1972469785909827,0.3918868647341211,0.017392547264126146,0.0020833333333332704,0.005057294335932752,0.36023669744819176,0.10792509296568303,0.11926757605716871,0.0,0.9999999987499999,0.6175789498064851,0.30892723335918904,0.33599541575303077,0.45646584470552504,happy,03,05,05,male,normal,495
20,0.6673333333333333,True,1.0,0.2875457293405678,0.30105911370493615,0.294302421522752,0.7214899902154899,-0.0589351851851852,-0.0625,0.42213215938187004,0.1863521598019568,0.19792013600303546,0.4079092232933844,0.01351338436436833,0.0035648148148147984,0.014005930723577802,0.38754527346155104,0.1097013970059905,0.11616905077501627,0.0,0.9999999987499999,0.6187195645523835,0.3100027650134637,0.32856215261158656,0.4210927275616253,happy,03,05,05,male,normal,495
30,1.0010000000000001,True,1.0,0.3268454708877281,0.3591255155304056,0.34298549320906685,0.9186953038855515,-0.05819444444444449,-0.06263888888888897,0.4034756254767328,0.2579591465909911,0.19934383176905957,0.3733397697347923,0.03228004464267753,0.004444444444444473,0.020758326840310398,0.3170727396874992,0.10670920179785828,0.11616808514603877,0.0,0.9999999987499999,0.6120140439144408,0.3087528886932514,0.32330664242424334,0.4352028953206285,happy,03,05,05,male,normal,495
40,1.3346666666666667,True,1.0,0.3381056017391808,0.3605579877439966,0.3493317947415887,0.8495006252583284,-0.06115740740740738,-0.06268518518518518,0.40439722624994345,0.24353181985448427,0.196831898696633,0.41122017377604503,0.022452386004815805,0.0015277777777777946,0.014972671233525183,0.3359670022306628,0.10221537725059389,0.1190259079958769,0.0,0.9999999987499999,0.6177232443133504,0.31104586839838694,0.30840636220246237,0.41757853649715093,happy,03,05,05,male,normal,495
50,1.6683333333333334,True,1.0,0.3496412260390051,0.3655536691836269,0.357597447611316,0.8500206273578426,-0.059629629629629644,-0.06245370370370368,0.4002952641809515,0.2410421309155944,0.2025192959020785,0.4206926703918378,0.015912443144621813,0.0028240740740740344,0.02444425046756085,0.3387808805452817,0.11245353447801416,0.1156684864796809,0.0,0.9999999987499999,0.6076113711109443,0.3070482931976267,0.32332814616486855,0.43334118136092004,happy,03,05,05,male,normal,495
60,2.0020000000000002,True,1.0,0.3790479239414002,0.39812221831638894,0.38858507112889457,1.0103007495989735,-0.05842592592592588,-0.06180555555555556,0.43695203222804335,0.2845040347223166,0.2000034331980719,0.38462316422425563,0.019074294374988754,0.003379629629629677,0.012646852113349646,0.3105511202719294,0.1060957976970856,0.11754181895317026,0.0,0.9999999987499999,0.6063943248549419,0.30992479441333426,0.3417212072493687,0.4680838717336744,happy,03,05,05,male,normal,495
70,2.3356666666666666,True,1.0,0.3790479239414002,0.39876481237978456,0.3889063681605924,0.9050226371848434,-0.05805555555555547,-0.060555555555555585,0.40965893448108304,0.28514411856508737,0.20000152587308548,0.4297200447607825,0.019716888438384372,0.0025000000000001132,0.005380923410626903,0.33161867135041584,0.10798164624310519,0.11744531085648768,0.0,0.9999999987499999,0.6094538772149485,0.3057426881243316,0.33177466235157715,0.4447888747411634,happy,03,05,05,male,normal,495
80,2.6693333333333333,True,1.0,0.39345281552775124,0.4209957525160681,0.4072242840219097,0.7802988977991958,-0.059814814814814876,-0.06240740740740747,0.4085229691036631,0.19197064851339507,0.20347822149384773,0.5218824288621587,0.027542936988316835,0.002592592592592591,0.014727602166472831,0.3852234784674817,0.11085537656002152,0.11752569745982722,0.0,0.9999999987499999,0.6120957939503927,0.3055286551654267,0.33212952933659395,0.441397588463883,happy,03,05,05,male,normal,495
90,3.003,True,1.0,0.3873508186041048,0.36289462091104,0.3751227197575724,0.7908951345620054,-0.056712962962962965,-0.059259259259259234,0.47241289502269207,0.13893702328248517,0.20070394796348626,0.47430146344915103,0.024456197693064785,0.0025462962962962687,0.008853106012321,0.3810163092404911,0.11107154904362035,0.11650663213504442,0.0,0.9999999987499999,0.6104837107890032,0.3066141877426071,0.3374698528876274,0.44942951362416905,happy,03,05,05,male,normal,495
100,3.336666666666667,True,1.0,0.3936470968646301,0.413306360525708,0.40347672869516904,0.7699812295923246,-0.05754629629629632,-0.05884259259259256,0.47622728095225103,0.12298311305988477,0.20000953651580117,0.5240085253880726,0.019659263661077897,0.0012962962962962399,0.007146102036326144,0.37500000000000044,0.1092427377003781,0.11773867994511922,0.0,0.9999999987499999,0.6120755923228667,0.3072548127463731,0.3398074644210098,0.45515025055236796,happy,03,05,05,male,normal,495
110,3.6703333333333332,True,1.0,0.3882807747063699,0.38977530755614764,0.3890280411312588,0.7612231393471972,-0.05740740740740746,-0.05902777777777779,0.4815815194408587,0.1268705232245333,0.2006978657631411,0.5110565102696141,0.001494532849777741,0.0016203703703703276,0.008030746311301741,0.3906250000000001,0.10969174403146918,0.1176448115376037,0.0,0.9999999987499999,0.6128166844784788,0.3080827383343304,0.341481354091031,0.4571096449877217,happy,03,05,05,male,normal,495
0,0.0,True,1.0,0.3878031905159405,0.348908097726102,0.36835564412102123,0.7823908290550255,-0.08087962962962969,-0.06981481481481489,0.48313416255124236,0.14801561042862202,0.2076480745787882,0.47080772222997874,0.03889509278983849,0.011064814814814805,0.004348328465579915,0.37270051143630534,0.10942553829255292,0.1183762805752308,0.0,0.9999999987499999,0.6162620308435875,0.3088183839392422,0.36877650111895427,0.4603407245233234,happy,03,05,05,male,strong,496
10,0.33366666666666667,True,1.0,0.37363083682784565,0.3562314262673526,0.36493113154759915,0.8349105619763345,-0.08490740740740743,-0.07916666666666666,0.474230773819249,0.19802365893028454,0.21875000000000006,0.43709008864825344,0.017399410560493045,0.0057407407407407685,0.009509293200830387,0.3535978797919464,0.10691677126953009,0.11793188350175005,0.0,0.9999999987499999,0.6159352612607543,0.3092295413852328,0.36639236975432626,0.46148391233921415,happy,03,05,05,male,strong,496
20,0.6673333333333333,True,1.0,0.40109856570834723,0.39215257780882135,0.39662557175858426,0.8219201993224986,-0.08388888888888901,-0.07282407407407404,0.49564594988137284,0.18493204484756226,0.21180699638057285,0.48255970845529667,0.008945987899525887,0.011064814814814972,0.008077194684046734,0.35881154878161614,0.10746582192217194,0.11759390371721554,0.0,0.9999999987499999,0.6139384007587411,0.3097453032228538,0.3677914049380337,0.46306084558733585,happy,03,05,05,male,strong,496
30,1.0010000000000001,True,1.0,0.4025622320629749,0.39068212012930614,0.39662217609614053,0.9394147453401495,-0.07699074074074075,-0.06898148148148153,0.49529713531729924,0.196959649289584,0.20903361760483896,0.422201352558639,0.01188011193366878,0.008009259259259216,0.00996968341941025,0.31449311967889215,0.1054846123888664,0.11792917405671773,0.0,0.9999999987499999,0.6116378112026061,0.31038515985803916,0.37785566838244083,0.47494381739944835,happy,03,05,05,male,strong,496
40,1.3346666666666667,True,1.0,0.18793257904620606,0.14990462056920273,0.1689185998077044,0.8187524013390343,-0.08157407407407413,-0.07861111111111113,0.44916247576692453,0.21910275528791076,0.20625924754363287,0.2063121885584034,0.038027958477003326,0.0029629629629630005,0.007487594165612579,0.34887596876117927,0.09538817898156239,0.118126980752879,0.0,0.9999999987499999,0.6422099251653787,0.3294974392423152,0.3176142284391754,0.4616643086575389,happy,03,05,05,male,strong,496
50,1.6683333333333334,True,1.0,0.34977027110018466,0.34950013291485355,0.3496352020075191,0.7329940945095399,-0.07171296296296298,-0.0710648148148148,0.42059853325413876,0.2364399772159875,0.20349059443298603,0.47699593301835064,0.00027013818533111467,0.0006481481481481755,0.01669337242044844,0.37335654468683904,0.09638500629206771,0.11780123376120982,0.0,0.9999999987499999,0.646701548134879,0.32616672566127186,0.3185479978119207,0.46255633867792717,happy,03,05,05,male,strong,496
60,2.0020000000000002,True,1.0,0.3872711653115212,0.3740000402227385,0.3806356027671298,1.0957606600600993,-0.08032407407407405,-0.07421296296296298,0.41297573255895353,0.3632616899257058,0.208333699543949,0.3473711154644419,0.013271125088782754,0.006111111111111067,0.012812800684115496,0.26923620443492285,0.1102564658145695,0.11921175887839583,0.0,0.9999999987499999,0.6035166229538691,0.3046744453511647,0.35957239624290077,0.45795574548583495,happy,03,05,05,male,strong,496
70,2.3356666666666666,True,1.0,0.37260671156649355,0.3388212087924668,0.3557139601794802,0.6819743949600294,-0.08374999999999999,-0.07472222222222225,0.4095253657131637,0.17654703405847294,0.21878487445219447,0.5215943044318088,0.033785502774026754,0.009027777777777746,0.010143577356928751,0.41213416603039804,0.10982228549643347,0.11913305785721935,0.0,0.9999999987499999,0.6017049068924445,0.3022761269639183,0.34135020251297254,0.4337306465994489,happy,03,05,05,male,strong,496
80,2.6693333333333333,True,1.0,0.3952211028762516,0.3793704587444999,0.38729578081037574,0.8377903423784226,-0.08333333333333337,-0.07462962962962966,0.39336802008693006,0.25007785617863015,0.22432732307520278,0.4622824604433523,0.01585064413175169,0.008703703703703713,0.010724998173423641,0.33580906101431407,0.11031585876918756,0.11754702691909673,0.0,0.9999999987499999,0.59656238736901,0.3030884901339124,0.35146769098300906,0.44253396293858627,happy,03,05,05,male,strong,496
90,3.003,True,1.0,0.36141788760196036,0.3637667308331477,0.36259230921755403,0.7848058959164811,-0.09337962962962965,-0.08944444444444444,0.3986128738431973,0.23668749241925627,0.2319474048133706,0.4620152716795352,0.0023488432311873364,0.003935185185185208,0.0033877905019756784,0.34965840374160906,0.09709234635106047,0.1181901014440114,0.0,0.9999999987499999,0.6449790405459059,0.3249758633977015,0.3113332743197161,0.45155338320262367,happy,03,05,05,male,strong,496
100,3.336666666666667,True,1.0,0.36972177074542983,0.35772913470530937,0.3637254527253696,0.826368993065769,-0.08726851851851858,-0.08124999999999993,0.45129251585364016,0.20934092394596934,0.22361964070629242,0.4401489598199644,0.011992636040120463,0.006018518518518645,0.012391155316430806,0.36023669744819176,0.09606918959927789,0.11805892987525514,0.0,0.9999999987499999,0.6463031797953558,0.3255782533042433,0.31637276682407334,0.4684211191674247,happy,03,05,05,male,strong,496
110,3.6703333333333332,True,1.0,0.42904430421534956,0.41251953083321985,0.42078191752428473,0.8210082694285937,-0.0895833333333334,-0.08976851851851847,0.44956922646672187,0.20803903658775985,0.22916966291838617,0.512518488781046,0.01652477338212971,0.0001851851851850661,0.013976315281059592,0.33927743663584936,0.09794894679016587,0.11973004170651276,0.0,0.9999999987499999,0.6465011714920342,0.32695668331400374,0.31812074902208015,0.4701151780200142,happy,03,05,05,male,strong,496
120,4.0040000000000004,True,1.0,0.35827568419855155,0.37046282612897163,0.3643692551637616,0.9225601839223136,-0.08907407407407403,-0.09657407407407403,0.4414130802240661,0.2220924668810538,0.22987737428436752,0.3949544555615075,0.012187141930420087,0.007500000000000007,0.024134922534446806,0.31249246506805456,0.0984714465347333,0.11993777166486658,0.0,0.9999999987499999,0.6467474609453157,0.3281313861863887,0.317697333693198,0.47139385168286446,happy,03,05,05,male,strong,496
0,0.0,True,1.0,0.27466159786089783,0.2978524569966958,0.28625702742879683,0.6930891650997111,-0.06370370370370376,-0.0662962962962963,0.4915206647997484,-0.005021717832658334,0.22500033908394598,0.4130161627726709,0.023190859135797992,0.0025925925925925353,0.021447851165313683,0.42385670993464536,0.11156735241338103,0.11733815148655279,0.0,0.9494154157764304,0.580210231256565,0.3116029640944423,0.32587939694058665,0.4435455655631125,happy,03,05,05,male,strong,497
10,0.33366666666666667,True,1.0,0.30004567490963857,0.29893950714275086,0.29949259102619474,0.7132853140291777,-0.06796296296296295,-0.06967592592592597,0.4915206647997481,0.015065153497975008,0.22916666666666674,0.41987769148706133,0.0011061677668877112,0.0017129629629630272,0.020586364786606817,0.4200119025188079,0.11307178828469273,0.11752159839025939,0.0,0.9999999987499999,0.5790080376681923,0.31213284057670393,0.3294493392133937,0.44467784408036337,happy,03,05,05,male,strong,497
20,0.6673333333333333,True,1.0,0.3103080602292869,0.31790437827144863,0.31410621925036775,0.8373462425102973,-0.08513888888888888,-0.09157407407407414,0.4753513350051036,0.09818596994850745,0.24514386847712308,0.3751210709547132,0.007596318042161709,0.006435185185185266,0.018263958029355914,0.3402039568033152,0.10774799447306826,0.12038095265481978,0.0,0.9999999987499999,0.5925786879595588,0.30990366616873843,0.3487929632357622,0.45388716491509495,happy,03,05,05,male,strong,497
30,1.0010000000000001,True,1.0,0.4237948354481413,0.4185129413195961,0.4211538883838687,1.0099109278686191,-0.08416666666666661,-0.0767592592592593,0.4888932718072771,0.2322758387624937,0.22152915536949758,0.4170208250669184,0.005281894128545184,0.007407407407407307,0.004075236914689674,0.29812028368125626,0.10854417022107654,0.11998156142335564,0.0,0.9999999987499999,0.5998510452149609,0.3063294028066783,0.3693651151716984,0.48078355868517164,happy,03,05,05,male,strong,497
40,1.3346666666666667,True,1.0,0.43750383747664107,0.4275849264988021,0.4325443819877216,1.040475385001988,-0.08296296296296285,-0.07564814814814819,0.38417705161556265,0.30825927260011293,0.22222771531839292,0.41571803448948974,0.00991891097783898,0.007314814814814663,0.008658233584559928,0.27193030966197307,0.11037320354966988,0.1179786421943611,0.0,0.9999999987499999,0.597930872403649,0.30502229471855846,0.34599933280403666,0.4475677224135564,happy,03,05,05,male,strong,497
50,1.6683333333333334,True,1.0,0.4299308210382628,0.4305367142030973,0.43023376762068005,1.332842106698969,-0.08634259259259264,-0.07828703703703699,0.3554154563016628,0.5136907439465364,0.2159725754800724,0.32279424956511454,0.0006058931648345034,0.008055555555555649,0.008149512933614026,0.22289595530553027,0.09683514715499729,0.12015790234964939,0.0,0.9999999987499999,0.642456058642207,0.32608221153360933,0.31069683018536093,0.45496997863820243,happy,03,05,05,male,strong,497
60,2.0020000000000002,True,1.0,0.40277929874871476,0.3797051614948321,0.3912422301217734,0.9313881309830498,-0.0801851851851853,-0.07402777777777775,0.4657079868966451,0.2857142857142855,0.2055648343394821,0.42006357726378796,0.023074137253882687,0.006157407407407556,0.015411970186441696,0.3069721120611304,0.09438549575608972,0.11844810939355081,0.0,0.9999999987499999,0.6432849691751701,0.3274876271674,0.32356152644777797,0.48163611251513977,happy,03,05,05,male,strong,497
70,2.3356666666666666,True,1.0,0.37033195298921406,0.334628429812074,0.352480191400644,0.8889285394756725,-0.08703703703703713,-0.0825925925925926,0.40811234277787733,0.26177663670739054,0.22436303083752912,0.39652252768096713,0.03570352317714004,0.004444444444444529,0.023706703182710002,0.33157929903511063,0.09674859090707336,0.1187928526946354,0.0,0.9999999987499999,0.6496224069080757,0.3247072953321256,0.3181256440106442,0.46789956595618626,happy,03,05,05,male,strong,497
80,2.6693333333333333,True,1.0,0.3630908292063438,0.36754827666980183,0.36531955293807283,0.737055979796239,-0.08546296296296296,-0.08333333333333337,0.4242065954763862,0.15788393840570658,0.22848858425269544,0.4956469562041493,0.004457447463458053,0.0021296296296295925,0.026500363415055544,0.39271628615936155,0.11092329310377878,0.1174615985046911,0.0,0.9999999987499999,0.6097501072225766,0.30094936168036535,0.35070454109145455,0.45656597200421767,happy,03,05,05,male,strong,497
90,3.003,True,1.0,0.32556771444470595,0.31807460102209817,0.32182115773340203,0.7624682215282972,-0.08499999999999996,-0.09125,0.4801156338247026,0.1720885568173093,0.22715891475609848,0.4220781255490769,0.007493113422607778,0.006250000000000033,0.036580941661987346,0.38858610962249446,0.09507015892042213,0.11966363162323,0.0,0.9999999987499999,0.6502959662146109,0.3253970150676443,0.31823717197901163,0.47552913699625743,happy,03,05,05,male,strong,497
100,3.336666666666667,True,1.0,0.3166951426364814,0.31325763636221016,0.3149763894993458,0.7410553100837847,-0.08018518518518525,-0.08717592592592593,0.4877585525262307,0.1644983336947372,0.2222802361949851,0.4250376256850979,0.0034375062742712514,0.006990740740740686,0.03335054507547052,0.3941230804092043,0.09824696233766476,0.1193260638263512,0.0,0.9999999987499999,0.6486680497511506,0.32727296591302346,0.3173986496654683,0.4752064855263463,happy,03,05,05,male,strong,497
110,3.6703333333333332,True,1.0,0.32147785241549015,0.2941514842536697,0.30781466833457993,0.7597681905646196,-0.07884259259259263,-0.08796296296296297,0.47791079465583014,0.16870871021319103,0.22369843877941056,0.4051428740466593,0.027326368161820436,0.009120370370370334,0.034723827133929144,0.392541565650399,0.09911816202453876,0.11892423205287457,0.0,0.9999999987499999,0.6484626661602141,0.32716187619795384,0.3158422052754338,0.47260195297122115,happy,03,05,05,male,strong,497
0,0.0,True,1.0,0.3235604280577138,0.31079088507250396,0.3171756565651089,0.7450307371421878,-0.08277777777777773,-0.08731481481481473,0.49687426143435126,0.07448422228103628,0.24239919825316664,0.4257215719471403,0.012769542985209825,0.004537037037037006,0.026690452852595123,0.3826354763504992,0.10865295178367428,0.11682453952986604,0.0,0.9999999987499999,0.5904722012633178,0.3067818608691487,0.3463619714804897,0.45071489071451015,happy,03,05,05,male,strong,498
10,0.33366666666666667,True,1.0,0.34372732831917024,0.3222764686301728,0.33300189847467154,0.7327905051595497,-0.08703703703703697,-0.09259259259259256,0.5068794697584289,0.05859687774804272,0.2479474387852668,0.454429876110591,0.02145085968899746,0.005555555555555591,0.02462583126305208,0.38256020532479484,0.09775815634001009,0.11972684738922806,0.0,0.9999999987499999,0.6297196473276812,0.33094084111347755,0.31947696198089703,0.4682813532622556,happy,03,05,05,male,strong,498
20,0.6673333333333333,True,1.0,0.37839302991807977,0.39519779376620917,0.3867954118421445,0.7600780880470676,-0.08759259259259256,-0.09296296296296297,0.46310489222096557,0.09098384329229249,0.2507054001001397,0.5088890443296036,0.0168047638481294,0.005370370370370414,0.018641753840790073,0.37337626130964435,0.09816260753730012,0.11762709796583698,0.0,0.9999999987499999,0.6305012167445103,0.331305378974558,0.3215888318711693,0.47002647343669884,happy,03,05,05,male,strong,498
30,1.0010000000000001,True,1.0,0.4016887553966032,0.4008890986678452,0.4012889270322242,0.9271108698926533,-0.08768518518518514,-0.08625,0.445790376547671,0.1600226445209781,0.25000762927811954,0.43283812116094367,0.0007996567287579803,0.0014351851851851505,0.01239394034017468,0.3156031512789903,0.1081524054131543,0.11969984705116501,0.0,0.994838058114793,0.5900861021517982,0.306905893611187,0.3555453445437309,0.45465902197865404,happy,03,05,05,male,strong,498
40,1.3346666666666667,True,1.0,0.3964421802107476,0.39605364163177753,0.39624791092126255,0.7901681264703851,-0.08648148148148144,-0.08347222222222228,0.44954285587644616,0.11365431956080932,0.24861878300958445,0.5014729114565387,0.0003885385789700879,0.003009259259259156,0.012326064988150798,0.3631923587881213,0.11032681771225117,0.11946603239997966,0.0,0.9999999987499999,0.5906953481470714,0.30552349794699135,0.35427223143521847,0.45091044590518836,happy,03,05,05,male,strong,498
50,1.6683333333333334,True,1.0,0.35295072047218146,0.3399155538948988,0.34643313718354013,0.822131644892366,-0.08666666666666678,-0.08712962962962961,0.4701749880970633,0.16954788820917913,0.24513920011611698,0.42138401962242356,0.013035166577282653,0.0004629629629628318,0.019190607010931622,0.3515277437259736,0.11087860690665723,0.11831169994573552,0.0,0.9999999987499999,0.5962630711112571,0.30352739059776407,0.3620950187198621,0.45163170383400975,happy,03,05,05,male,strong,498
60,2.0020000000000002,True,1.0,0.37293424774879724,0.40340053045085295,0.38816738909982507,0.6751618153364985,-0.08944444444444449,-0.08953703703703703,0.41694264802829983,0.15989895998834494,0.24444569288763424,0.574924973958078,0.030466282702055703,9.259259259253305e-05,0.01993422058906143,0.40610405823639567,0.10913814037481422,0.11799721504536786,0.0,0.9999999987499999,0.5950727497717837,0.300448499701808,0.34255497843954597,0.43703989323792264,happy,03,05,05,male,strong,498
70,2.3356666666666666,True,1.0,0.35253022933203937,0.38661263495988246,0.3695714321459609,0.807679188657367,-0.08865740740740746,-0.0919444444444445,0.4029398378798739,0.20191979716434197,0.24236142590540885,0.457572062442654,0.03408240562784309,0.0032870370370370328,0.016298076553111086,0.3412456251380366,0.10978686046774905,0.11690598731161492,0.0,0.9999999987499999,0.5990844204244198,0.30112639000994745,0.34069881665905166,0.4432162427540286,happy,03,05,05,male,strong,498
80,2.6693333333333333,True,1.0,0.3442747628830459,0.3887610439959389,0.3665179034394924,0.8513232050157139,-0.08555555555555555,-0.0876851851851852,0.45741832090595497,0.17776745974922617,0.2402777777777778,0.43052732649608344,0.04448628111289299,0.002129629629629648,0.017673275928869008,0.3416942063232027,0.10998300118388812,0.11721013562744519,0.0,0.9999999987499999,0.5975196883440875,0.3033874896384113,0.3514589748071766,0.45803337983528686,happy,03,05,05,male,strong,498
90,3.003,True,1.0,0.3411488751442541,0.3372195531706953,0.3391842141574747,0.7877015724256458,-0.08226851851851852,-0.08629629629629626,0.4845216375822356,0.12620469433653847,0.23613728297171552,0.4305998947202706,0.00392932197355883,0.004027777777777741,0.02138359398104111,0.36859493136601484,0.09790369931607201,0.11992601332473349,0.0,0.9999999987499999,0.6394096964879702,0.32722021439296783,0.3241846564922094,0.4752478492502905,happy,03,05,05,male,strong,498
100,3.336666666666667,True,1.0,0.3301440727202458,0.34161205460864197,0.3358780636644439,0.7771192700361964,-0.07921296296296287,-0.08486111111111116,0.49143078547942043,0.11601374877287317,0.23128991684629402,0.4322091558079617,0.01146798188839615,0.005648148148148291,0.01925984396407305,0.3660258636433557,0.10847677249678854,0.11940597141246007,0.0,0.9999999987499999,0.6031396445765805,0.3065816874911655,0.34716560102291594,0.46233569921093,happy,03,05,05,male,strong,498
0,0.0,True,1.0,0.4163935886750114,0.42981845529309054,0.423106021984051,0.6676922516307396,-0.08078703703703699,-0.07435185185185178,0.46044812276400704,0.09153468674138698,0.22986111111111118,0.6336841875140486,0.013424866618079123,0.00643518518518521,0.01519122373689253,0.41763307781076586,0.11310275843259399,0.11781565823010574,0.0,0.9999999987499999,0.5973423843678096,0.30529499559339046,0.35737002241806,0.45965092024604737,happy,03,05,05,male,strong,499
10,0.33366666666666667,True,1.0,0.4024604924296718,0.3915578911129853,0.39700919177132854,0.6431751646950679,-0.07791666666666669,-0.06708333333333338,0.46055322093701057,0.05995428216152861,0.2229166666666667,0.6172644927289012,0.010902601316686522,0.010833333333333306,0.006068956504499468,0.4293405792134174,0.099273625990216,0.12007065326322451,0.0,0.9999999987499999,0.6349602394395257,0.3283786955638565,0.3231094957950389,0.46652879470111563,happy,03,05,05,male,strong,499
20,0.6673333333333333,True,1.0,0.4507433761199574,0.44882688176017416,0.4497851289400658,0.4941730896780943,-0.0761574074074074,-0.06486111111111115,0.4240835055562595,0.10001122053009108,0.2201444339688936,0.9101773008988754,0.0019164943597832496,0.011296296296296249,0.008954349162914165,0.5763848335376279,0.10819185611659998,0.11998219178621514,0.0,0.9999999987499999,0.6074178000966013,0.30403155072043697,0.35964536192380936,0.44415054163170026,happy,03,05,05,male,strong,499
30,1.0010000000000001,True,1.0,0.45830447293566806,0.4399244543600867,0.4491144636478774,1.0308431056531377,-0.08754629629629623,-0.08129629629629637,0.41149754329214394,0.2251219499300895,0.23959479705363726,0.43567683693564635,0.01838001857558136,0.006249999999999867,0.013338012796439003,0.2717891991536704,0.10915067767928238,0.11846905861034161,0.0,0.9999999987499999,0.5905702078018708,0.30480625464615935,0.35968498013080885,0.46247008856953564,happy,03,05,05,male,strong,499
40,1.3346666666666667,True,1.0,0.389052588892131,0.37677783345339017,0.3829152111727606,0.7888203588485342,-0.087824074074074,-0.08370370370370372,0.418615691958686,0.14499878160754479,0.24169223693970482,0.48542764759737433,0.012274755438740848,0.004120370370370274,0.018647430087103168,0.3651445160506194,0.10944246720830406,0.11755304703442057,0.0,0.9999999987499999,0.5929119190645008,0.30220326904274736,0.3567220490175625,0.4534960505688493,happy,03,05,05,male,strong,499
50,1.6683333333333334,True,1.0,0.3618153108532313,0.38367077651313486,0.3727430436831831,0.9370973574390722,-0.08541666666666664,-0.07773148148148146,0.4479664188262796,0.2724061957062575,0.22987305967706853,0.39776341350681693,0.02185546565990354,0.007685185185185184,0.007819306202563754,0.31416202622059675,0.10772227200106224,0.11913137542295206,0.0,0.9999999987499999,0.5983723776072929,0.30306794011440885,0.36491861505317513,0.4633555642233878,happy,03,05,05,male,strong,499
60,2.0020000000000002,True,1.0,0.3872739369090358,0.39039230607321834,0.38883312149112703,0.8527138694204718,-0.09435185185185185,-0.09013888888888894,0.4096883961437808,0.22816239533699056,0.24375281699093373,0.4559948365275082,0.003118369164182566,0.004212962962962918,0.00744076688189897,0.33270471603056606,0.11059743061925774,0.11728214089862815,0.0,0.9999999987499999,0.5962641052905537,0.3001253402486292,0.35378323022214625,0.4490745009114494,happy,03,05,05,male,strong,499
70,2.3356666666666666,True,1.0,0.3872739369090358,0.38733512499266787,0.3873045309508518,0.7478356987892142,-0.09277777777777779,-0.09305555555555556,0.421815704537519,0.1752469191801554,0.2451401337954304,0.5179005650277441,6.118808363209105e-05,0.0002777777777777657,0.017759896436402637,0.3694140965317508,0.10892760581156763,0.11786876278279552,0.0,0.9999999987499999,0.5982620944393381,0.3014580793882132,0.3524584139227282,0.4527032159599145,happy,03,05,05,male,strong,499
80,2.6693333333333333,True,1.0,0.33882712821878164,0.3663893342365408,0.3526082312276612,0.7846665872906177,-0.08953703703703708,-0.09037037037037038,0.4735484233746822,0.14640522875817025,0.2423661477708105,0.4493733222988191,0.02756220601775916,0.0008333333333332971,0.017151397284605803,0.35234148199163373,0.10929195428777431,0.11801630869756549,0.0,0.9999999987499999,0.5967831874703006,0.304220325025532,0.35881719309460136,0.4608035175609847,happy,03,05,05,male,strong,499
90,3.003,True,1.0,0.33014407272024576,0.3543521333733825,0.34224810304681413,0.7705418979035339,-0.08782407407407411,-0.08949074074074082,0.48042370995088884,0.13866244713179074,0.24029333594685423,0.44416546845537147,0.024208060653136743,0.0016666666666667052,0.018613448884830894,0.3758518270667738,0.09603509709413346,0.118247892949323,0.0,0.9999999987499999,0.6406595429499925,0.3279213189698286,0.3293483644803785,0.4802942880381178,happy,03,05,05,male,strong,499
100,3.336666666666667,True,1.0,0.32961362946266753,0.28458329944146,0.3070984644520638,0.750083711466892,-0.08564814814814814,-0.08162037037037029,0.4857659382777682,0.13347752372044275,0.23267168158699345,0.4094189218580556,0.04503033002120754,0.004027777777777852,0.01773285581670566,0.40132275440140636,0.09690396039167688,0.11882658836127474,0.0,0.9999999987499999,0.6426711469353367,0.3274032642114861,0.3282224068508888,0.4797864619885988,happy,03,05,05,male,strong,499
0,0.0,True,1.0,0.5698541124658869,0.5666556846580311,0.568254898561959,0.5389538871472438,-0.06499999999999995,-0.07000000000000006,0.38594061485588754,0.12483257483250758,0.19032628786065,1.0543664534452277,0.0031984278078558415,0.0050000000000001155,0.033919581080085394,0.4806210668027792,0.10699622738321277,0.11524438940786409,0.0,0.9999999987499999,0.6261146328531412,0.30473264468821104,0.3058811952335622,0.40905573446744475,sad,04,05,05,male,normal,500
10,0.33366666666666667,True,1.0,0.5271360129624277,0.5274095749360469,0.5272727939492373,0.70702005854889,-0.06569444444444444,-0.06888888888888883,0.3797018461344508,0.20672345163603664,0.19308756342655736,0.745767800465843,0.000273561973619163,0.0031944444444443887,0.03275599083406201,0.3718573781339885,0.09632028197536993,0.11622634778068118,0.0,0.9999999987499999,0.6579441482139732,0.32581428125582385,0.2829638775646767,0.43553596724908505,sad,04,05,05,male,normal,500
20,0.6673333333333333,True,1.0,0.5557291483635985,0.5686942044292105,0.5622116763964045,0.7307636776275003,-0.06680555555555556,-0.07203703703703701,0.37358331485134116,0.2299429823967848,0.1917339262223218,0.7693481403203875,0.012965056065611935,0.005231481481481448,0.02990351676376409,0.36487522370003833,0.10698400580943182,0.11525573506235165,0.0,0.9999999987499999,0.631478014526123,0.30495136912132137,0.30189077520508245,0.4076033615825112,sad,04,05,05,male,normal,500
30,1.0010000000000001,True,1.0,0.5429112643890773,0.5434175962466314,0.5431644303178544,0.8264826759011764,-0.07226851851851851,-0.07648148148148148,0.37215784679463754,0.2640239343076967,0.19662713428789932,0.6572000190150402,0.0005063318575541098,0.004212962962962974,0.028802839470359182,0.32418653623688537,0.10558075197281055,0.11654255350088953,0.0,0.9999999987499999,0.6308822335809324,0.3053617834426013,0.30231473780037127,0.40784650399355427,sad,04,05,05,male,normal,500
40,1.3346666666666667,True,1.0,0.4845452762850718,0.5051380438538542,0.494841660069463,0.7392987374470846,-0.08037037037037031,-0.08620370370370367,0.37420616290263886,0.22821233427719725,0.20707749108711784,0.6693392467816589,0.020592767568782366,0.005833333333333357,0.04008877275652645,0.3491672437545524,0.10797100540150727,0.11794070884221665,0.0,0.9999999987499999,0.6347920848417493,0.30515090969250586,0.31018692825426813,0.4145776511313551,sad,04,05,05,male,normal,500
50,1.6683333333333334,True,1.0,0.5534804013020196,0.5208497314403143,0.5371650663711669,0.8761212001417594,-0.08157407407407408,-0.08708333333333335,0.37468504367095934,0.28962047215424935,0.20783317149375594,0.6131173019032661,0.032630669861705264,0.005509259259259269,0.04010665626296284,0.30426125326877806,0.10662890920616082,0.11673245186450229,0.0,0.9999999987499999,0.6295262563228416,0.3063319488230293,0.30829707605019596,0.4107771215057464,sad,04,05,05,male,normal,500
60,2.0020000000000002,True,1.0,0.5557291483635991,0.5694934814555913,0.5626113149095953,0.7252636411777402,-0.08375000000000005,-0.08842592592592602,0.376438180184935,0.2147880793197152,0.21194958957367083,0.7757335167057081,0.013764333091992209,0.004675925925925972,0.03356260642717115,0.34557080940857815,0.10458991106460674,0.11645509341203018,0.0,0.9999999987499999,0.6321119381189976,0.30470000901031485,0.3105520230681508,0.41557492861798473,sad,04,05,05,male,normal,500
70,2.3356666666666666,True,1.0,0.5714742183617116,0.5739305271359127,0.5727023727488122,0.8196119767704281,-0.08467592592592593,-0.08865740740740746,0.36904473688366046,0.25944120190543984,0.2126162940053337,0.6987481747222261,0.0024563087742011103,0.00398148148148153,0.03285749945917656,0.30970114352171024,0.10802184787308108,0.11643063885382944,0.0,0.9999999987499999,0.6279675055256478,0.30582306011285204,0.3159152158597835,0.41885047743282733,sad,04,05,05,male,normal,500
80,2.6693333333333333,True,1.0,0.5766385086137559,0.5731438252857676,0.5748911669497617,0.609353229827705,-0.08083333333333337,-0.08671296296296305,0.3820154397738169,0.17871171385189152,0.20774505067366336,0.943444850718708,0.0034946833279883016,0.005879629629629679,0.03411537430347438,0.41604896524928053,0.10769017504603878,0.11755066659896347,0.0,0.9999999987499999,0.630811637279912,0.3060198898963654,0.31431474581883434,0.4203439990082919,sad,04,05,05,male,normal,500
90,3.003,True,1.0,0.5400203020440095,0.5725805705470114,0.5563004362955104,0.622582425075958,-0.07842592592592601,-0.08310185185185176,0.38336541889143777,0.1787117138518926,0.20563904953861192,0.8935370063291446,0.032560268503001866,0.00467592592592575,0.03281749357368486,0.41915290737731153,0.10542999226583674,0.11618806673588618,0.0,0.9999999987499999,0.6295752737735719,0.3062111871075897,0.31441352200670214,0.42091452377136845,sad,04,05,05,male,normal,500
0,0.0,True,1.0,0.5647182863434947,0.554990505247098,0.5598543957952964,0.8999187887606166,-0.06486111111111109,-0.06916666666666665,0.3575922976778498,0.3233583612419489,0.18752603985846877,0.6221165762816635,0.009727781096396715,0.0043055555555555625,0.019614255056394834,0.3178966050488314,0.10574885935852552,0.11639003697781172,0.0,0.9999999987499999,0.6313866357480493,0.3057514702979707,0.3062069998270707,0.40412265339244785,sad,04,05,05,male,normal,501
10,0.33366666666666667,True,1.0,0.555610575812455,0.5756397579280852,0.5656251668702701,0.9190684075565936,-0.06430555555555556,-0.06768518518518513,0.35521880371774267,0.33914520981761026,0.18615210035902058,0.6154331518956498,0.020029182115630206,0.003379629629629566,0.02312040186323148,0.2944563472189847,0.10717597462052843,0.11424645592124806,0.0,0.9999999987499999,0.6280514195521959,0.3067756136108528,0.3070206065639298,0.40640934500513665,sad,04,05,05,male,normal,501
20,0.6673333333333333,True,1.0,0.5412543928303905,0.5644698773146214,0.5528621350725059,0.8086363708896586,-0.06481481481481483,-0.0692592592592593,0.36050147966857743,0.31345936928434676,0.18753295608809842,0.6836968444348468,0.02321548448423094,0.004444444444444473,0.022296245853358498,0.3409302273272193,0.10685095417663179,0.11620178696209688,0.0,0.9999999987499999,0.6288302682870024,0.3058002140008047,0.3046012183321543,0.40687253401562284,sad,04,05,05,male,normal,501
30,1.0010000000000001,True,1.0,0.5413729653815359,0.5555503650574496,0.5484616652194927,1.005566177224138,-0.06481481481481483,-0.06916666666666665,0.3511703267955329,0.37330321688149637,0.18756875367052916,0.5454257289495548,0.014177399675913693,0.004351851851851829,0.02547620105980354,0.28146721482255554,0.10552156521231482,0.11528152349057505,0.0,0.9999999987499999,0.6286982626253627,0.3065203292052554,0.3046230316091399,0.404887249146835,sad,04,05,05,male,normal,501
40,1.3346666666666667,True,1.0,0.5624807189321391,0.5619053585696105,0.5621930387508749,1.0358701988242451,-0.06685185185185188,-0.07078703703703698,0.352159874265907,0.3954518230145526,0.18757973565010294,0.5427253717589201,0.0005753603625285875,0.003935185185185097,0.028602217148301502,0.2747107098461686,0.10743127298219936,0.11517027153079758,0.0,0.9999999987499999,0.6280005858046344,0.3066784697637002,0.30727949611208794,0.40817743958799085,sad,04,05,05,male,normal,501
50,1.6683333333333334,True,1.0,0.5556105758124543,0.5905117533337845,0.5730611645731194,0.9988582512255356,-0.0723611111111111,-0.07745370370370369,0.35226423068537444,0.3637641053269608,0.19662713428789932,0.5737162043463222,0.03490117752133015,0.005092592592592593,0.032525652131515925,0.2826154124930896,0.10541259752572764,0.11636768602748447,0.0,0.9999999987499999,0.6307319601434324,0.3068636307353848,0.30910821687742385,0.40999493796548475,sad,04,05,05,male,normal,501
60,2.0020000000000002,True,1.0,0.4985237828700972,0.5222536083463325,0.5103886956082149,0.8497325245795438,-0.07069444444444445,-0.0737962962962963,0.35558004311011887,0.30427362074603226,0.19453270740597647,0.6006462985052388,0.02372982547623531,0.0031018518518518556,0.02972040738137322,0.3202630742794679,0.10455017009541598,0.11317252873812823,0.0,0.9999999987499999,0.6311316010857468,0.3058559195593523,0.3082484093919594,0.40666291693912987,sad,04,05,05,male,normal,501
70,2.3356666666666666,True,1.0,0.5412543928303898,0.5501098786908345,0.5456821357606121,0.7947154978505987,-0.07129629629629625,-0.07347222222222216,0.36247443447996075,0.313459369284347,0.19176854176613825,0.6866383469763374,0.008855485860444712,0.0021759259259259145,0.027484066422542055,0.3370934565717046,0.10740890672679823,0.11502561743971766,0.0,0.9999999987499999,0.6325000233687226,0.30491611806039154,0.30967413577062,0.411452370143994,sad,04,05,05,male,normal,501
80,2.6693333333333333,True,1.0,0.5609235088813371,0.5627374504206508,0.561830479650994,0.8280073577086831,-0.06925925925925919,-0.07013888888888886,0.35522644296407285,0.30670306919724166,0.19175620820850034,0.6785331971031375,0.0018139415393136904,0.0008796296296296746,0.02630400758685223,0.34093022732721856,0.10599051477344237,0.11534709794513395,0.0,0.9999999987499999,0.6293574160679897,0.30699780616568223,0.30740845425307634,0.4077434153754777,sad,04,05,05,male,normal,501
90,3.003,True,1.0,0.5201851898240043,0.532681131963746,0.5264331608938752,0.7108967404638631,-0.06861111111111112,-0.07245370370370369,0.36418509759066997,0.28559631423684956,0.18964127434192107,0.7405198686807529,0.0124959421397417,0.003842592592592564,0.025084899758698757,0.37530688079052016,0.10592582185258632,0.11573621035009538,0.0,0.9999999987499999,0.6331132794602216,0.30625641906029394,0.30735614215897034,0.41298288781889486,sad,04,05,05,male,normal,501
100,3.336666666666667,True,1.0,0.5108607211624561,0.5414114381300502,0.5261360796462531,0.747774175585392,-0.06865740740740744,-0.07143518518518516,0.3669852586999109,0.2906591794880899,0.18826294450387393,0.7036029015502836,0.03055071696759415,0.0027777777777777124,0.023173081125435924,0.3648752237000376,0.10807716485195729,0.11605141888164312,0.0,0.9999999987499999,0.6339404127823005,0.30595322838632844,0.30984645460945726,0.4150822030634358,sad,04,05,05,male,normal,501
0,0.0,True,1.0,0.5495075615355085,0.544572120291765,0.5470398409136368,0.6355336958008793,-0.06587962962962962,-0.07208333333333333,0.38495641940246295,0.1361499127337836,0.19793054364727788,0.860756627898816,0.004935441243743455,0.006203703703703711,0.02570930656534561,0.41365989386073115,0.09891188382618811,0.12036882416048783,0.0,0.9999999987499999,0.6525218615571229,0.3241863861050062,0.28435538109468755,0.43518047322762216,sad,04,05,05,male,normal,502
10,0.33366666666666667,True,1.0,0.5484203450324371,0.5674747445636489,0.557947544798043,0.7319237528158016,-0.06685185185185188,-0.07120370370370377,0.3819877524847145,0.19601145611544069,0.1986299329492682,0.7623028254672013,0.019054399531211796,0.0043518518518518845,0.0270242654095889,0.39206875317243084,0.09666483643599802,0.11965977113215193,0.0,0.9999999987499999,0.6534341522077581,0.3246064493531954,0.2827777480436986,0.4336348572688555,sad,04,05,05,male,normal,502
20,0.6673333333333333,True,1.0,0.5260699265904235,0.5398981349301348,0.5329840307602791,0.5839274382331092,-0.06745370370370368,-0.07203703703703712,0.3835099177579103,0.11674900928007688,0.20003089666134244,0.912757298018092,0.013828208339711323,0.004583333333333439,0.02850295051880387,0.43736334530355275,0.09682483384216746,0.1198486999397264,0.0,0.9999999987499999,0.6510435776654412,0.3241995800876863,0.2835897186241141,0.4348551806700859,sad,04,05,05,male,normal,502
30,1.0010000000000001,True,1.0,0.49206707145514045,0.49682248839834714,0.4944447799267438,0.8349458162510109,-0.07018518518518518,-0.07375000000000004,0.37487841501432984,0.22522205825214842,0.20215731705202666,0.5921878645333534,0.004755416943206692,0.003564814814814854,0.023570464148025105,0.3217048722678093,0.09586804446315764,0.11854419453801766,0.0,0.9999999987499999,0.6512594259578832,0.3252864598441257,0.2866401714157007,0.43473112451796814,sad,04,05,05,male,normal,502
40,1.3346666666666667,True,1.0,0.5343612858480052,0.5384767104849947,0.5364189981665,0.6907586808109324,-0.07162037037037033,-0.07305555555555554,0.38932172491984024,0.16621261779115934,0.2021471270254088,0.7765649756826194,0.00411542463698944,0.001435185185185206,0.026427082136893192,0.3856730285717603,0.09583393663546706,0.11857176981486163,0.0,0.9999999987499999,0.6519929707195379,0.32365163176554035,0.28480360085740486,0.43400119632395656,sad,04,05,05,male,normal,502
50,1.6683333333333334,True,1.0,0.5201851898240043,0.5313488196474667,0.5257670047357355,0.8938621727434778,-0.08101851851851855,-0.08333333333333331,0.37028935703406446,0.2333974453955251,0.21394916252147167,0.5881969511272976,0.011163629823462418,0.0023148148148147696,0.028752338574918324,0.3105358477221715,0.09514609765992689,0.11832205361049151,0.0,0.9999999987499999,0.6528882204131654,0.3238665734893038,0.28948173190360404,0.43765106080930744,sad,04,05,05,male,normal,502
60,2.0020000000000002,True,1.0,0.5623623673773025,0.540676653084891,0.5515195102310968,0.7486103302627999,-0.08467592592592593,-0.08898148148148155,0.37778435302550484,0.20042964439128724,0.21883926750014496,0.7367244184801534,0.021685714292411506,0.004305555555555618,0.023933809458486312,0.3618835239359533,0.09660700080109616,0.11680653993724044,0.0,0.9999999987499999,0.6503082219762906,0.3243710300913312,0.29158779435829313,0.4409776539519773,sad,04,05,05,male,normal,502
70,2.3356666666666666,True,1.0,0.5427982967418379,0.5201197346829748,0.5314590157124064,0.5927859886404416,-0.08171296296296304,-0.08624999999999994,0.39564609189136546,0.12604346230633054,0.21678072543703453,0.8965444964907334,0.022678562058863094,0.004537037037036895,0.03309876685794742,0.44304452788979504,0.09533386726070034,0.11945364625381608,0.0,0.9999999987499999,0.6511376452768607,0.3241073147193982,0.28826382432329206,0.4395671664748906,sad,04,05,05,male,normal,502
80,2.6693333333333333,True,1.0,0.5624735547487894,0.5642653545289987,0.5633694546388941,0.6010215231182884,-0.07874999999999993,-0.08328703703703705,0.3874540540450286,0.14050370347929464,0.21468606113307653,0.9373532111062454,0.00179179978020938,0.004537037037037117,0.031135841010259565,0.4324521014428562,0.0959085236266451,0.11640279973510347,0.0,0.9999999987499999,0.6513838820059273,0.3242368206599412,0.2904821482265641,0.44092170910373923,sad,04,05,05,male,normal,502
90,3.003,True,1.0,0.5287585556017341,0.5258214436995534,0.5272899996506437,0.6050623938348768,-0.07648148148148143,-0.08087962962962963,0.3881402252652996,0.15438453774229735,0.21189774860577812,0.8714638440982709,0.0029371119021807113,0.0043981481481482065,0.030340967836835275,0.44457258777810793,0.0965605080776554,0.11717063006748726,0.0,0.9999999987499999,0.6511734505989896,0.3238293870017372,0.2882546959958327,0.43966713646009525,sad,04,05,05,male,normal,502
0,0.0,True,1.0,0.5467923122183936,0.5555503650574501,0.5511713386379219,0.839598897745683,-0.06865740740740739,-0.07388888888888884,0.3711263471993695,0.29110331218540925,0.1937818931663653,0.6564698216229357,0.008758052839056507,0.005231481481481448,0.022635913995868284,0.3269570880639222,0.11086725230130869,0.1168641974794451,0.0,0.9999999987499999,0.6257403332504878,0.30355017212129315,0.30394269250955125,0.40707819086465574,sad,04,05,05,male,normal,503
10,0.33366666666666667,True,1.0,0.534244249008438,0.546145052188668,0.5401946505985531,0.7520995185946882,-0.06782407407407404,-0.07180555555555551,0.37059290638997,0.24163658923467937,0.19242812793720376,0.7182488982414412,0.011900803180230013,0.003981481481481475,0.02622338952711768,0.36320166528208153,0.1094410378705738,0.11722979070898801,0.0,0.9999999987499999,0.6258308972651561,0.303584543469877,0.3037231503888731,0.4102542955901051,sad,04,05,05,male,normal,503
20,0.6673333333333333,True,1.0,0.5570824624455704,0.5627374504206514,0.5599099564331109,0.738681465126353,-0.06796296296296295,-0.07152777777777775,0.3728748933363118,0.22821233427719737,0.1951705550945909,0.757985658049965,0.005654987975081016,0.0035648148148147984,0.02546832102923693,0.3799734710617535,0.10954067994221998,0.11746153384334664,0.0,0.9999999987499999,0.6277290033435249,0.3032577469463913,0.3055434404242472,0.4117591559738959,sad,04,05,05,male,normal,503
30,1.0010000000000001,True,1.0,0.5714795957965428,0.5671866637064658,0.5693331297515043,0.7880858669629989,-0.07041666666666668,-0.07287037037037031,0.3760663182697949,0.2135629628169063,0.1972690246162261,0.7224252503670833,0.004292932090077084,0.0024537037037036247,0.026056842028832784,0.3433889731431558,0.10751851807733545,0.1159135793038984,0.0,0.9999999987499999,0.626025957343875,0.3041099678976402,0.3049349516358325,0.4098898906088857,sad,04,05,05,male,normal,503
40,1.3346666666666667,True,1.0,0.5484203450324384,0.5680057236120828,0.5582130343222607,0.7111733662111875,-0.06907407407407401,-0.07231481481481489,0.3786837244764815,0.20395612738337554,0.19657474551182108,0.7849183628686337,0.019585378579644375,0.0032407407407408773,0.02253811120492673,0.37513147519429935,0.1083149879000461,0.1168122102698988,0.0,0.9999999987499999,0.6275489127760479,0.3026802738182897,0.30530365658478836,0.4107249548892355,sad,04,05,05,male,normal,503
50,1.6683333333333334,True,1.0,0.5188683951359258,0.5304757080869917,0.5246720516114587,0.6668026093002889,-0.07726851851851857,-0.08166666666666661,0.38385105048609147,0.1893969056942144,0.2070638586595503,0.7868476282089308,0.011607312951065984,0.00439814814814804,0.02558151723066161,0.40956974974652094,0.10883681081417176,0.11583378540580185,0.0,0.9999999987499999,0.6287886328281312,0.3031392489392753,0.3098350841027495,0.41649724461410853,sad,04,05,05,male,normal,503
60,2.0020000000000002,True,1.0,0.5049785177315043,0.5313033778583276,0.5181409477949159,0.7040131169690997,-0.0755555555555556,-0.07999999999999996,0.37148832073520327,0.21641692460873868,0.20287407340637148,0.7359819516227252,0.026324860126823335,0.004444444444444362,0.02894785695955388,0.38019861424382734,0.10858217773950235,0.11574376878100627,0.0,0.9999999987499999,0.6284405899859944,0.30366915663218513,0.30839762388043174,0.4176874538934069,sad,04,05,05,male,normal,503
70,2.3356666666666666,True,1.0,0.5439092093930191,0.5687387115397262,0.5563239604663727,0.7747480441139591,-0.07398148148148148,-0.07824074074074078,0.37563119850639726,0.2402583331690196,0.2000858122791084,0.7180708163033993,0.024829502146707094,0.004259259259259296,0.027060256915831114,0.34930065156157014,0.10800098290734442,0.11546418183893335,0.0,0.9999999987499999,0.6281421503054347,0.3036928049440613,0.30631740246216294,0.41305662542724675,sad,04,05,05,male,normal,503
80,2.6693333333333333,True,1.0,0.5227315792877973,0.5199508506876241,0.5213412149877108,0.7986995510748554,-0.07384259259259257,-0.07768518518518508,0.3646851277889704,0.24768597262294337,0.20284135306689666,0.6527375835958744,0.002780728600173199,0.0038425925925925086,0.03227519523143683,0.33962179623006883,0.097989238624488,0.11760968012950815,0.0,0.9999999987499999,0.6556860922806622,0.32596969767456635,0.28682527476751746,0.4405236754365288,sad,04,05,05,male,normal,503
90,3.003,True,1.0,0.5483033081928705,0.5627374504206514,0.5555203793067609,0.762690987697201,-0.07240740740740736,-0.07513888888888892,0.362077468398113,0.2563271151097514,0.19800338183938943,0.7283688784419075,0.014434142227780833,0.002731481481481557,0.02410375767147931,0.36966399839660713,0.10788802076857318,0.11589897525999644,0.0,0.9999999987499999,0.6297425722789115,0.30346334514773854,0.3090463494694323,0.4174653238608574,sad,04,05,05,male,normal,503
100,3.336666666666667,True,1.0,0.5484144955643567,0.5398981349301347,0.5441563152472457,0.689996759297351,-0.07074074074074077,-0.0746296296296296,0.37067762525746806,0.24346904018483076,0.19450093735393315,0.7886360449016891,0.008516360634222009,0.0038888888888888307,0.02803084590756719,0.3988936635157291,0.1076779306186049,0.11493969339106164,0.0,0.9999999987499999,0.6317003471075932,0.3027299175448818,0.3091641639261556,0.4174229962252879,sad,04,05,05,male,normal,503
110,3.6703333333333332,True,1.0,0.5246646619218125,0.5315190171566686,0.5280918395392405,0.7121263589545531,-0.0705555555555556,-0.07500000000000001,0.3747599569549465,0.25506084419216163,0.1965836719936872,0.7415704149956098,0.006854355234856113,0.0044444444444444176,0.026345523885232293,0.3941426360415837,0.1089210307324949,0.11591906763464126,0.0,0.9999999987499999,0.6311171321262881,0.3031493415222981,0.3091023308605051,0.41782253016712706,sad,04,05,05,male,normal,503
0,0.0,True,1.0,0.48456073503317715,0.4850949268516088,0.484827830942393,0.6579606435728333,-0.062037037037037,-0.06634259259259256,0.3921004283385721,0.22954918306599542,0.19724697859098275,0.7368644852520342,0.000534191818431673,0.0043055555555555625,0.03531464352833267,0.4471225695813518,0.11515615433718558,0.11481811583000288,0.0,0.9999999987499999,0.6133567177808623,0.30326663835152684,0.322703660575963,0.4034768442457793,sad,04,05,05,male,strong,504
10,0.33366666666666667,True,1.0,0.49077856458958247,0.5098405928191566,0.5003095787043695,0.8488047921592733,-0.06717592592592586,-0.07050925925925927,0.38766881999802655,0.29308636974519153,0.20005492409898346,0.5894283153510864,0.019062028229574146,0.0033333333333334103,0.028233689531838458,0.34013652284504103,0.11299390164481872,0.11580064836833313,0.0,0.9999999987499999,0.6150376052530389,0.3028439103961157,0.3230320435358157,0.40042862400247425,sad,04,05,05,male,strong,504
20,0.6673333333333333,True,1.0,0.47591307434317975,0.4891579062608839,0.4825354903020318,0.8673272747861058,-0.07189814814814816,-0.07513888888888876,0.3839914159094687,0.3077085175131881,0.20560046097837117,0.5563476490705672,0.013244831917704147,0.0032407407407405997,0.03331912509380181,0.3271010486126461,0.11419618348220949,0.11494716849452545,0.0,0.9999999987499999,0.61594917575624,0.30192346065952247,0.3255866133503013,0.4047351245140605,sad,04,05,05,male,strong,504
30,1.0010000000000001,True,1.0,0.516689100951415,0.5065369857858074,0.5116130433686112,0.9235766083403271,-0.07907407407407419,-0.08129629629629626,0.3864287303555462,0.3180298905745684,0.20638349432189484,0.5539475975771876,0.010152115165607545,0.00222222222222207,0.03113140335730728,0.3125994183612714,0.11066746533291716,0.11508367839011101,0.0,0.9999999987499999,0.6142304963235294,0.3021603281158747,0.3259646711816056,0.4048802645926645,sad,04,05,05,male,strong,504
40,1.3346666666666667,True,1.0,0.4970631614293009,0.49024033364907466,0.4936517475391878,0.8490063076378057,-0.08361111111111119,-0.08685185185185185,0.3668117206699885,0.2934914377658339,0.2175309292089731,0.5814465017494127,0.006822827780226248,0.003240740740740655,0.04079251954914372,0.34705116575675704,0.11092197045931856,0.1145061111459157,0.0,0.9999999987499999,0.6151978441454707,0.3026799205648938,0.32739580666843976,0.40657108987228313,sad,04,05,05,male,strong,504
50,1.6683333333333334,True,1.0,0.4892366946742507,0.44981847755371024,0.4695275861139805,0.8719401174670114,-0.09101851851851839,-0.09865740740740747,0.3782760695919561,0.233401326274838,0.23145610800244748,0.5384860458972338,0.039418217120540444,0.007638888888889084,0.04074532190304738,0.3386781832294698,0.10156217265332645,0.1179798106932587,0.0,0.9999999987499999,0.6429854747680321,0.3251521411010615,0.30367216274180797,0.4422875726037716,sad,04,05,05,male,strong,504
60,2.0020000000000002,True,1.0,0.42659793236152593,0.44306177672486197,0.43482985454319395,0.738641519115327,-0.09074074074074073,-0.09569444444444442,0.365492709404253,0.23053491052026448,0.22863378767413842,0.5886886172659112,0.016463844363336033,0.004953703703703682,0.04388915595672539,0.3728938518506226,0.1109985921933062,0.1152612913744822,0.0,0.9999999987499999,0.6154483723802021,0.30421070193788535,0.3370609589132398,0.4194299653264015,sad,04,05,05,male,strong,504
70,2.3356666666666666,True,1.0,0.49840164834213385,0.48030695732120954,0.4893543028316717,0.7547100833193505,-0.09171296296296294,-0.09662037037037036,0.373817393894065,0.22719131471438353,0.2341715013219383,0.6484003773732604,0.018094691020924314,0.004907407407407416,0.03872605269306517,0.3692941777955886,0.09832166664078305,0.11862381377929931,0.0,0.9999999987499999,0.6419327508425244,0.32605100710313206,0.3076652177481482,0.4465826580613246,sad,04,05,05,male,strong,504
80,2.6693333333333333,True,1.0,0.4645181598260261,0.4601455959934589,0.4623318779097425,0.7728858330001571,-0.08759259259259261,-0.09458333333333335,0.3953545542362538,0.23015548680628126,0.23006846336009462,0.598189096202063,0.004372563832567233,0.006990740740740742,0.027328597471346038,0.3767702016848346,0.10044305083888327,0.11748348247984121,0.0,0.9999999987499999,0.6436073559970864,0.3254020194801089,0.30757023220826674,0.4449209424084888,sad,04,05,05,male,strong,504
90,3.003,True,1.0,0.5108607211624577,0.5000087554015241,0.5054347382819909,0.7651682860951489,-0.0879166666666667,-0.09370370370370368,0.37952703124010306,0.26114575188508726,0.22445550452785082,0.6605536944838041,0.010851965760933613,0.0057870370370369795,0.03647284198940225,0.37790369917020983,0.11036297045173278,0.11487925759544791,0.0,0.9999999987499999,0.6155819343127876,0.30307106622877683,0.33367388603128734,0.41735572966201206,sad,04,05,05,male,strong,504
100,3.336666666666667,True,1.0,0.5122354113986414,0.5000087554015245,0.5061220834000829,0.7623846531471291,-0.08611111111111114,-0.09175925925925921,0.37498779128511445,0.2710494604357635,0.22308225571936532,0.6638670929573509,0.01222665599711692,0.005648148148148069,0.040408771651906684,0.38242529793855684,0.11089249914831191,0.1136998984856302,0.0,0.9999999987499999,0.6136990492134355,0.30305276981669343,0.33302246812945574,0.41441847179228064,sad,04,05,05,male,strong,504
0,0.0,True,1.0,0.5232233048955338,0.5053427977696284,0.5142830513325811,0.6522491099386614,-0.05768518518518523,-0.06087962962962967,0.40214728878101247,0.2270461456497293,0.1773743396281067,0.7884764325411577,0.017880507125905387,0.003194444444444444,0.0478326241960505,0.42710820088722895,0.11405439718255382,0.11308389354555942,0.0,0.9999999987499999,0.612140551955157,0.30484589538594853,0.31091491443348673,0.39493355201786434,sad,04,05,05,male,strong,505
10,0.33366666666666667,True,1.0,0.4861250593680129,0.4774581896387101,0.48179162450336155,0.9015144924095014,-0.05833333333333335,-0.06129629629629624,0.38471706099097164,0.34230347125972205,0.17806764918330176,0.5344247137011235,0.008666869729302806,0.0029629629629628895,0.0485354286330509,0.3241337830350546,0.1125376566972414,0.11409354266901976,0.0,0.9999999987499999,0.6134309758278312,0.30508738397974894,0.3129442518766529,0.3955662128278965,sad,04,05,05,male,strong,505
20,0.6673333333333333,True,1.0,0.4984295600708104,0.48394133034848097,0.4911854452096457,0.6235317927666743,-0.06004629629629632,-0.062453703703703733,0.39609447641326756,0.16797135917759418,0.17871828314399812,0.7877472342351713,0.014488229722329438,0.0024074074074074137,0.04037225811991949,0.4307098970721707,0.11338529474406848,0.11341930848513487,0.0,0.9999999987499999,0.6153297822644682,0.3042432377853359,0.3188730151149379,0.4031833958769694,sad,04,05,05,male,strong,505
30,1.0010000000000001,True,1.0,0.48921913209945894,0.46450859436073766,0.47686386323009833,0.8972141302887907,-0.060324074074074086,-0.0631018518518518,0.39635497889010196,0.28840996879830477,0.1809354518703778,0.5314939289649928,0.024710537738721283,0.0027777777777777124,0.0448831898522003,0.31259751762526206,0.1102286260811374,0.11317126685786995,0.0,0.9999999987499999,0.6108092359443776,0.3058790782104403,0.3158263921515221,0.39853051918691096,sad,04,05,05,male,strong,505
40,1.3346666666666667,True,1.0,0.41361504478676797,0.4003319567100345,0.4069735007484012,0.7449403227134178,-0.06185185185185177,-0.06398148148148136,0.3905563600957791,0.26438037640222894,0.18440052086528835,0.546316917395497,0.013283088076733451,0.0021296296296295925,0.046257281559137095,0.3930415478499803,0.10982533080379815,0.11356268032758009,0.0,0.9999999987499999,0.6101938470466312,0.3049739311381381,0.3145296895292905,0.39585355257219185,sad,04,05,05,male,strong,505
50,1.6683333333333334,True,1.0,0.4405521773827312,0.4367783106289344,0.43866524400583284,0.8432925742743514,-0.06166666666666665,-0.06467592592592586,0.39476333674616393,0.28475433199548,0.18714871627247504,0.5201815566599787,0.0037738667537968174,0.0030092592592592116,0.043622594508553436,0.33838702260730863,0.11027841010905788,0.11193761781028695,0.0,0.9999999987499999,0.6096399308551546,0.3056526580332067,0.3166205335132856,0.4018750540850559,sad,04,05,05,male,strong,505
60,2.0020000000000002,True,1.0,0.44068821975221917,0.4372769135018613,0.43898256662704027,0.7704301560445145,-0.06314814814814818,-0.06384259259259256,0.38404383502327316,0.26869580921811287,0.18578662325189146,0.5697889201025464,0.0034113062503578484,0.0006944444444443865,0.04259101219637426,0.3611508794584697,0.11057606999308968,0.11283181463857117,0.0,0.9999999987499999,0.6075602114283213,0.30602946004180015,0.31153471460978316,0.39459209873970064,sad,04,05,05,male,strong,505
70,2.3356666666666666,True,1.0,0.4219932976165188,0.44153393555073156,0.43176361658362516,0.814144447147323,-0.0631944444444445,-0.06490740740740736,0.39091882401081507,0.27505238312749136,0.18306614579044345,0.5303280248320549,0.019540637934212735,0.0017129629629628607,0.043622594508553436,0.34552180502221475,0.11144023193088343,0.11450205050609512,0.0,0.9999999987499999,0.6076059989620848,0.3053903456259264,0.30993867582133167,0.39946209216666945,sad,04,05,05,male,strong,505
80,2.6693333333333333,True,1.0,0.42100796202478197,0.4348604945906565,0.4279342283077192,0.8030908621875334,-0.06180555555555556,-0.06268518518518518,0.3791631563507016,0.3165178164145503,0.18581167143284727,0.532859043050337,0.013852532565874542,0.0008796296296296191,0.046719824315619385,0.37078048119147367,0.11201737524757821,0.11225289764805897,0.0,0.9999999987499999,0.6070902153830283,0.30597777869805814,0.311499686321123,0.39467427819972434,sad,04,05,05,male,strong,505
90,3.003,True,1.0,0.4478573279013373,0.4527950850028035,0.45032620645207044,0.788097857650492,-0.061574074074074114,-0.06416666666666676,0.38693238631739113,0.31694765857381674,0.18445181754004802,0.5714089970940924,0.004937757101466211,0.0025925925925926463,0.04280731188763835,0.3676263366171196,0.10952775540508082,0.1138497099045858,0.0,0.9999999987499999,0.6104458800082533,0.3048878051455025,0.31219887312743605,0.4001286126511088,sad,04,05,05,male,strong,505
0,0.0,True,1.0,0.5340057215924133,0.5320452111507706,0.533025466371592,0.7908198992798636,-0.06541666666666673,-0.07013888888888886,0.380294124232912,0.2383492794375264,0.19864952113169732,0.6740162543418238,0.0019605104416426933,0.004722222222222128,0.03930887761461044,0.34943562040982235,0.11474203323784218,0.11473488384170391,0.0,0.9999999987499999,0.6142725314735268,0.30158459120507747,0.3208492696355978,0.40413625698541517,sad,04,05,05,male,strong,506
10,0.33366666666666667,True,1.0,0.5409088361439865,0.5532859092917721,0.5470973727178794,0.790618875919881,-0.06495370370370368,-0.06999999999999995,0.37392083246529073,0.24840693471996098,0.2007324558209925,0.691986226715539,0.012377073147785578,0.005046296296296271,0.043047851074890155,0.3459082041943729,0.11367639921870676,0.11529610652497037,0.0,0.9999999987499999,0.6120023319640356,0.3018694912711038,0.3201917449701153,0.4029341116669295,sad,04,05,05,male,strong,506
20,0.6673333333333333,True,1.0,0.5419643434652007,0.5525458540739808,0.5472550987695908,0.7585072881599701,-0.06523148148148145,-0.0702777777777776,0.3589409342742153,0.26581951698226963,0.1958524221220791,0.7214895721004252,0.010581510608780098,0.00504629629629616,0.041851618191426354,0.36636788470988046,0.11588428498384727,0.11374868879760885,0.0,0.9999999987499999,0.6153206231711434,0.3012048358603037,0.3190600193514597,0.40578260375891867,sad,04,05,05,male,strong,506
30,1.0010000000000001,True,1.0,0.5071313046495349,0.4957681378897903,0.5014497212696626,1.0439770744355146,-0.06819444444444445,-0.0731944444444444,0.3533008719792757,0.3793750404256401,0.19589916232072066,0.4803263726272915,0.011363166759744636,0.004999999999999949,0.03491288708806927,0.27290378816983335,0.09805493690844742,0.11723032542419713,0.0,0.9999999987499999,0.6473295766197104,0.3228976857987977,0.2939882129913005,0.43459051669776866,sad,04,05,05,male,strong,506
40,1.3346666666666667,True,1.0,0.5130239150997984,0.4878601117352569,0.5004420134175276,0.7806171593119203,-0.06611111111111112,-0.07203703703703701,0.36664245052435757,0.2531560363960275,0.19729802879105024,0.6410850792194284,0.025163803364541493,0.00592592592592589,0.04416035917524661,0.36823588932898027,0.11290317471199286,0.11456637172876788,0.0,0.9999999987499999,0.6149736186740322,0.3004705642414575,0.31925994582157985,0.4012544087662817,sad,04,05,05,male,strong,506
50,1.6683333333333334,True,1.0,0.524183471890286,0.5236921324086916,0.5239378021494888,0.8788374279109713,-0.06629629629629635,-0.07328703703703704,0.37870640203884426,0.28852807510858436,0.19666787146554268,0.5961714709794599,0.0004913394815944105,0.006990740740740686,0.03875828562950013,0.32401170407302543,0.1165020826028968,0.11311585414576637,0.0,0.9999999987499999,0.6158719494438399,0.30096263801779893,0.3227723141069192,0.40157430850295867,sad,04,05,05,male,strong,506
60,2.0020000000000002,True,1.0,0.5240798535389444,0.5265572503962275,0.5253185519675859,0.8292350640470971,-0.06601851851851842,-0.06981481481481483,0.36717088407755905,0.29112343857058814,0.19728758777933098,0.6334977556348848,0.0024773968572830984,0.0037962962962964086,0.0382733841347696,0.3454836725791495,0.11458086183546848,0.1143972990074936,0.0,0.9999999987499999,0.6140514788259053,0.3016197875757115,0.3237846395546154,0.4037948368544106,sad,04,05,05,male,strong,506
70,2.3356666666666666,True,1.0,0.5239258435918197,0.5150163105372251,0.5194710770645223,0.8938458869366718,-0.06777777777777777,-0.0719907407407408,0.3684294461481074,0.31700107755464146,0.19730924259563276,0.581164029120074,0.008909533054594632,0.004212962962963029,0.037375566336270254,0.322790771441805,0.1007656830681364,0.11850014267214988,0.0,0.9999999987499999,0.646135338221226,0.32213373561913383,0.29477266491954357,0.43085806641649377,sad,04,05,05,male,strong,506
80,2.6693333333333333,True,1.0,0.5319249492745368,0.5237304642887303,0.5278277067816335,0.8185084459079586,-0.06574074074074071,-0.06958333333333333,0.371825051256443,0.30664471535226306,0.19590967732862746,0.6448653149768326,0.00819448498580655,0.0038425925925926196,0.03962608411607289,0.3456301414642019,0.11631009835496098,0.1139838081502181,0.0,0.9999999987499999,0.611304305261167,0.3014665459064988,0.32239322446785107,0.3990428306858588,sad,04,05,05,male,strong,506
90,3.003,True,1.0,0.5350016292633827,0.5430414337747457,0.5390215315190642,0.7961383286304028,-0.0642592592592593,-0.06912037037037028,0.37051735070107505,0.30772698441147994,0.19450093735393315,0.6770450713588217,0.008039804511362991,0.004861111111110983,0.03850719289829571,0.3565958937243992,0.11276581049320077,0.11302837209935215,0.0,0.9999999987499999,0.6139490591080182,0.30144709881873916,0.32224939703295313,0.3996255242405341,sad,04,05,05,male,strong,506
0,0.0,True,1.0,0.4931969619160713,0.5004996625669778,0.49684831224152454,0.662580764898371,-0.059907407407407354,-0.06486111111111109,0.37969146524876446,0.254466824812408,0.18687456472172814,0.749868300685929,0.007302700650906435,0.004953703703703738,0.039867688988232355,0.43376435234113164,0.11311107546184199,0.11519107924135581,0.0,0.9999999987499999,0.6173233440016631,0.3028236343758243,0.31602712504583547,0.4014953482182771,sad,04,05,05,male,strong,507
10,0.33366666666666667,True,1.0,0.5181882835891689,0.5104690868482082,0.5143286852186886,0.7255030134243682,-0.06060185185185185,-0.06509259259259259,0.38051117419957553,0.24776446229742827,0.18618037767855117,0.70892701436354,0.0077191967409606654,0.00449074074074074,0.03755875016966674,0.3877713454431303,0.11271135837045342,0.11442255979629268,0.0,0.9999999987499999,0.6188928457007803,0.30243256922210665,0.3162692950107392,0.39869587366789133,sad,04,05,05,male,strong,507
20,0.6673333333333333,True,1.0,0.5044412419130214,0.5201197346829765,0.512280488297999,0.7731851507899195,-0.061388888888888826,-0.06671296296296286,0.38138361134569654,0.2532343064273956,0.18757973565010289,0.6625586223101039,0.015678492769955032,0.005324074074074037,0.03449218305648817,0.36991381146278873,0.11324050559500495,0.11356386966765115,0.0,0.9999999987499999,0.6169715625000001,0.30333955839435267,0.3175953434725722,0.3996535781922344,sad,04,05,05,male,strong,507
30,1.0010000000000001,True,1.0,0.5130239150997989,0.5370890942264471,0.525056504663123,1.1139119125851114,-0.06759259259259265,-0.07263888888888892,0.35592832911339023,0.4139704045520102,0.19179559324362383,0.47136268023617595,0.024065179126648184,0.005046296296296271,0.03569170433713832,0.26158783473964153,0.11122725479943842,0.11635799125190083,0.0,0.9999999987499999,0.6152280574026486,0.30340782493543605,0.31759959657269005,0.40219698865365733,sad,04,05,05,male,strong,507
40,1.3346666666666667,True,1.0,0.48364382360639774,0.46759669771401136,0.4756202606602046,0.756241011160408,-0.06476851851851856,-0.06865740740740728,0.3789235133009726,0.24953612692621419,0.19045451944182107,0.6289268284067177,0.016047125892386382,0.0038888888888887196,0.038018262551673676,0.38410290639938016,0.11185536686948468,0.11443002080112726,0.0,0.9999999987499999,0.6148738425917243,0.30292973359213615,0.31953962407570174,0.39959471139712915,sad,04,05,05,male,strong,507
50,1.6683333333333334,True,1.0,0.4971869066727383,0.49634276317381426,0.4967648349232763,0.8421562057453994,-0.06611111111111112,-0.06986111111111121,0.3757823911156381,0.2911234385705883,0.1890842798456326,0.589872557530566,0.0008441434989240326,0.0037500000000000866,0.041667333608071525,0.3316224981179642,0.11133733269658208,0.11426913544756069,0.0,0.9999999987499999,0.6121433844553446,0.302528675318695,0.3175137749249817,0.39646503837468794,sad,04,05,05,male,strong,507
60,2.0020000000000002,True,1.0,0.49942309752900466,0.5037358381225411,0.5015794678257729,0.8034842868626328,-0.06467592592592591,-0.06912037037037033,0.3673230376950256,0.2893386986946544,0.1904224696420173,0.624255478329628,0.004312740593536424,0.0044444444444444176,0.03630057414504546,0.3533039075094455,0.11009508531235984,0.1124572723411843,0.0,0.9999999987499999,0.6128471688597315,0.302345736213985,0.31794346937565493,0.3994208212174193,sad,04,05,05,male,strong,507
70,2.3356666666666666,True,1.0,0.5105001595237225,0.5073706965313802,0.5089354280275513,0.8187033471584596,-0.06532407407407415,-0.06833333333333336,0.37281442230603196,0.29210311891849317,0.1904224696420173,0.6216359439520492,0.003129462992342291,0.0030092592592592116,0.0380102532116732,0.35819425564339763,0.11151984826861112,0.11257808349172432,0.0,0.9999999987499999,0.6115722995370023,0.30307241194567114,0.3191018943163444,0.3982824133211875,sad,04,05,05,male,strong,507
80,2.6693333333333333,True,1.0,0.5053394910200234,0.504564938450766,0.5049522147353946,0.7508718268791025,-0.06361111111111117,-0.06773148148148145,0.38061080498974853,0.2604703321588349,0.1883731408123746,0.6724878956161672,0.0007745525692574029,0.004120370370370274,0.038713128463396175,0.38410290639938016,0.11254276179645165,0.11257553860824139,0.0,0.9999999987499999,0.6108226536864746,0.30282941302705413,0.3204106841741848,0.39929911798120515,sad,04,05,05,male,strong,507
90,3.003,True,1.0,0.5130239150997985,0.5065875074165481,0.5098057112581733,0.6835342891035489,-0.0625,-0.0672685185185184,0.3838224800687445,0.21476766139373168,0.1890503835011424,0.7458378012415156,0.006436407683250378,0.004768518518518394,0.039628048006386606,0.4278514343830776,0.1112461820961665,0.11284851974786288,0.0,0.9999999987499999,0.6112189550898484,0.30296654378951754,0.3175604017908258,0.39655599357394034,sad,04,05,05,male,strong,507
0,0.0,True,1.0,0.5539910446711684,0.5656547439751451,0.5598228943231568,0.7692437452886085,-0.06407407407407412,-0.06189814814814826,0.37566257168913175,0.22807224869697834,0.20295979823491242,0.7277574861699003,0.011663699303976705,0.002175925925925859,0.013027728138537916,0.373211435335114,0.11345637985595437,0.11828327395239385,0.0,0.9999999987499999,0.6112076425335758,0.2999170131146725,0.31305155824930553,0.4098015073781804,angry,05,05,05,male,normal,508
10,0.33366666666666667,True,1.0,0.5548830916764602,0.5655579457343614,0.5602205187054108,0.7777316139338775,-0.06430555555555556,-0.06134259259259267,0.37786295735868897,0.20738598360741753,0.20295979823491242,0.7203262779453383,0.01067485405790114,0.0029629629629628895,0.012127362609461945,0.37646202322478944,0.11493440405079876,0.11684761783235673,0.0,0.9999999987499999,0.611778871642407,0.30007453640494564,0.3150204768952439,0.41020452436431637,angry,05,05,05,male,normal,508
20,0.6673333333333333,True,1.0,0.5456962758090779,0.5525153925478916,0.5491058341784847,0.8489262891378299,-0.0628703703703703,-0.060462962962962996,0.3749920021743674,0.24806410081327016,0.203012794158729,0.6468239247675519,0.006819116738813746,0.0024074074074073026,0.01153741357541334,0.35502145513664624,0.11137026357314704,0.11913530033322349,0.0,0.9999999987499999,0.6095368183601565,0.29993501047416177,0.31071962115568796,0.40914670204522086,angry,05,05,05,male,normal,508
30,1.0010000000000001,True,1.0,0.5456962758090779,0.5433871752923267,0.5445417255507023,1.0015100921002598,-0.06453703703703706,-0.06310185185185185,0.3980294048735378,0.2808849337548017,0.20299437870417447,0.5437206572813936,0.0023091005167511502,0.001435185185185206,0.008992058039678735,0.2891130963967661,0.10991622444194711,0.11759722761501934,0.0,0.9999999987499999,0.6104904791135204,0.30159045667916345,0.3192311014397742,0.42433495085130857,angry,05,05,05,male,normal,508
40,1.3346666666666667,True,1.0,0.5716082213405296,0.5784840258470069,0.5750461235937683,0.8851792521837921,-0.0672685185185185,-0.06625000000000003,0.3845109744795139,0.2275514103495114,0.20575180537213697,0.6496380503441465,0.00687580450647729,0.0010185185185184742,0.007977966581457848,0.32260218701626187,0.11358019994415178,0.11703031049684295,0.0,0.9999999987499999,0.6067605571681797,0.3012854918901958,0.31458655327651147,0.4118570776859002,angry,05,05,05,male,normal,508
50,1.6683333333333334,True,1.0,0.5710990472064202,0.5650405762083757,0.5680698117073979,0.8895962600083981,-0.06782407407407404,-0.06657407407407417,0.3905433947139618,0.20671121153951916,0.20710696353861546,0.6385703686546919,0.006058470998044574,0.0012499999999998623,0.0029154994853898275,0.3250883486400745,0.10866564747847925,0.11713847327230822,0.0,0.9999999987499999,0.6065093592358819,0.3013289268916841,0.3106862854990723,0.4127039677256824,angry,05,05,05,male,normal,508
60,2.0020000000000002,True,1.0,0.5716082213405297,0.5656547439751457,0.5686314826578377,0.958507265545661,-0.06726851851851856,-0.06643518518518515,0.3800542567122781,0.26831412593322923,0.20365362200341997,0.5932469195568653,0.005953477365383986,0.0008333333333334081,0.011667641236348019,0.3160467434643702,0.11055237938280389,0.11781076134437637,0.0,0.9999999987499999,0.6085277258325205,0.3015073077486337,0.3148759451720928,0.4147899933502375,angry,05,05,05,male,normal,508
70,2.3356666666666666,True,1.0,0.612102387985339,0.6146588515719702,0.6133806197786547,0.8656992675689623,-0.06759259259259259,-0.06476851851851856,0.3908011403029673,0.2132598816019972,0.20504128214762396,0.7085377598864518,0.002556463586631197,0.0028240740740740344,0.008389408470346247,0.3263654825551987,0.11250993883924656,0.11838191141975668,0.0,0.9999999987499999,0.608004695550095,0.3013016934782325,0.3146596272154824,0.41152594017778965,angry,05,05,05,male,normal,508
80,2.6693333333333333,True,1.0,0.5686091984041625,0.5655579457343604,0.5670835720692614,0.667302151892268,-0.06740740740740742,-0.06587962962962968,0.37568668891353235,0.13731059174869467,0.20575180537213697,0.8498152905114769,0.003051252669802107,0.001527777777777739,0.00996187792586565,0.4011729242048878,0.11147905242298675,0.11871296630737381,0.0,0.9999999987499999,0.608740363129627,0.30060801311424035,0.3089714504081322,0.4078371725182763,angry,05,05,05,male,normal,508
90,3.003,True,1.0,0.5867237430189184,0.5963624044218019,0.5915430737203602,0.7685631484571573,-0.06694444444444442,-0.0643981481481482,0.3889277853387584,0.17636155186138722,0.20648106434160166,0.7696740012942932,0.009638661402883497,0.0025462962962962132,0.010187502883951784,0.3610612149836557,0.11288080546121397,0.1168929399718516,0.0,0.9999999987499999,0.6074900816029537,0.3011308034745225,0.31111971385779175,0.4090476007405495,angry,05,05,05,male,normal,508
100,3.336666666666667,True,1.0,0.5741635099174095,0.5774405951555444,0.5758020525364769,0.7762557960853251,-0.06680555555555556,-0.06444444444444447,0.3841415190706044,0.1781267773686861,0.2057191718812778,0.7417684421040837,0.003277085238134858,0.0023611111111110916,0.009503446249284248,0.3610612149836557,0.11390478316412922,0.11720310409469309,0.0,0.9999999987499999,0.6088522953556422,0.3004464199445536,0.3115153749363068,0.408185971081446,angry,05,05,05,male,normal,508
110,3.6703333333333332,True,1.0,0.5867202112776949,0.6060302512796348,0.5963752312786649,0.7687264578330045,-0.06564814814814823,-0.06379629629629635,0.3884943890187318,0.16376429815700147,0.20370643742329309,0.7757964165300257,0.01931004000193992,0.0018518518518518823,0.012918255647772178,0.36907537957591546,0.11229803152878783,0.11826118344017031,0.0,0.9999999987499999,0.6088915997883528,0.3004819640247604,0.30972405046877616,0.40735202902203277,angry,05,05,05,male,normal,508
0,0.0,True,1.0,0.7167880993310537,0.668739272363027,0.6927636858470403,0.7325730312687128,-0.054120370370370374,-0.05842592592592594,0.3474109443664495,0.30977167241652914,0.2049147322715695,0.9456581887095566,0.0480488269680267,0.0043055555555555625,0.03272817069557186,0.4073509234028274,0.11484642053547782,0.1146303949744627,0.0,0.9999999987499999,0.6047247540578732,0.30249180445910456,0.3138719999968966,0.41424923788782964,angry,05,05,05,male,normal,509
10,0.33366666666666667,True,1.0,0.659867302836111,0.6223037236006747,0.6410855132183928,0.7411434251202565,-0.05611111111111111,-0.059675925925925966,0.320911626559497,0.26441546764753165,0.20212108351226898,0.8649952107641938,0.037563579235436295,0.003564814814814854,0.03351810875611549,0.36921851366015646,0.11257364085630023,0.1158808847940603,0.0,0.9999999987499999,0.6059659043382978,0.3011626872535871,0.31503550661234925,0.41715201630148824,angry,05,05,05,male,normal,509
20,0.6673333333333333,True,1.0,0.646673777070317,0.6260863210086474,0.6363800490394822,0.6690091950345523,-0.049768518518518434,-0.05305555555555552,0.3378966033239076,0.26129826204061113,0.19520495206399283,0.9512276569033034,0.020587456061669673,0.0032870370370370883,0.031852515902074274,0.4536826963715923,0.11421617261634655,0.11575320953101849,0.0,0.9999999987499999,0.6028094402604791,0.3000827265808181,0.322980912585166,0.41992569513741795,angry,05,05,05,male,normal,509
30,1.0010000000000001,True,1.0,0.5976404491557624,0.5410621224193086,0.5693512857875356,1.1316559550155472,-0.05467592592592596,-0.056203703703703756,0.37016928233935853,0.38140101191568165,0.19864222379929886,0.5031134093927987,0.0565783267364538,0.0015277777777777946,0.03105044999592099,0.2832536429347736,0.1098351964008639,0.11751089320344266,0.0,0.9999999987499999,0.605664086923832,0.30485403385696025,0.340118011305426,0.4450814323846809,angry,05,05,05,male,normal,509
40,1.3346666666666667,True,1.0,0.6712127478741092,0.6472454565290062,0.6592291022015577,1.4322886070336667,-0.06449074074074079,-0.06449074074074068,0.28907478938883846,0.5136577457397374,0.20769179289336967,0.4602627563776064,0.023967291345103003,1.1102230246251565e-16,0.028552291706823475,0.21456831044234143,0.10858410593286225,0.11770067392857238,0.0,0.9999999987499999,0.6031541898947077,0.30440897470142286,0.31845308258301447,0.41829478407898585,angry,05,05,05,male,normal,509
50,1.6683333333333334,True,1.0,0.686786739343522,0.668994040596821,0.6778903899701715,1.4298708802081943,-0.067962962962963,-0.0692592592592593,0.3032578041749466,0.4953273352515637,0.21390636642410646,0.47409203121296395,0.017792698746700975,0.0012962962962962954,0.029608575320611626,0.22191877436895288,0.11024923870642953,0.11793305513393484,0.0,0.9999999987499999,0.6039172377153986,0.30374834297501396,0.31868163993348386,0.41855235129176593,angry,05,05,05,male,normal,509
60,2.0020000000000002,True,1.0,0.6601333588952379,0.6215500246856325,0.6408416917904352,1.0951195012566022,-0.06287037037037035,-0.06560185185185186,0.38840698031919557,0.37120950363093824,0.21042573109859153,0.5851796913990638,0.03858333420960547,0.0027314814814815014,0.02745491605627981,0.27243195304345746,0.11016221266704364,0.11687882355542377,0.0,0.9999999987499999,0.6040623955988644,0.30277295776287677,0.33231227057305446,0.4405936177635415,angry,05,05,05,male,normal,509
70,2.3356666666666666,True,1.0,0.6853032118154552,0.6503705903618565,0.6678369010886558,0.9772163432672777,-0.07268518518518519,-0.0742592592592593,0.36259324831789325,0.3798431529065055,0.22500847694534892,0.6834074211814489,0.034932621453598656,0.0015740740740741166,0.024506163863052134,0.28925477142882056,0.10855529382045682,0.11788896825447649,0.0,0.9999999987499999,0.601389281212485,0.3022714295225467,0.3281966671716471,0.43381048332740996,angry,05,05,05,male,normal,509
80,2.6693333333333333,True,1.0,0.7354940272532565,0.6943537772532165,0.7149239022532365,0.9116445110450774,-0.07101851851851848,-0.07305555555555565,0.31523293631636046,0.24358331966570712,0.22709542805138178,0.7842134665338716,0.04114025000004007,0.0020370370370371704,0.020958003491293124,0.2914038721096871,0.11155159204477078,0.11653857083980569,0.0,0.9999999987499999,0.5968578351340535,0.3023943627362587,0.3197644838357627,0.41942597449029145,angry,05,05,05,male,normal,509
90,3.003,True,1.0,0.7252457649299218,0.7110636183182046,0.7181546916240632,0.8789356979581182,-0.06814814814814829,-0.06787037037037036,0.35735656974478336,0.29293186501085056,0.21875871913426811,0.8170730729135588,0.014182146611717128,0.0002777777777779322,0.0197236415617794,0.33182607074547615,0.11020508516867945,0.1171640712546187,0.0,0.9999999987499999,0.5990174718402985,0.30253145957205774,0.31691710012758867,0.417796296539446,angry,05,05,05,male,normal,509
100,3.336666666666667,True,1.0,0.7134362794790858,0.672999487139539,0.6932178833093124,0.8519542517159179,-0.06518518518518507,-0.06532407407407403,0.3553415516180358,0.3002279036032238,0.21529053571627524,0.8136797039431459,0.04043679233954678,0.0001388888888889661,0.02604750142751625,0.34270197354223886,0.11067331109238128,0.1175351791584814,0.0,0.9999999987499999,0.6039383729194803,0.3021397437751006,0.31344941817725885,0.4177006878733864,angry,05,05,05,male,normal,509
110,3.6703333333333332,True,1.0,0.7378640198555863,0.7212435088126887,0.7295537643341374,0.9002252099723721,-0.06402777777777774,-0.06398148148148142,0.34655570065561236,0.3285358111858494,0.21389459599619023,0.8104125015078476,0.016620511042897523,4.629629629632204e-05,0.023754040156306815,0.33365183010158916,0.11102225816139906,0.11688006855775225,0.0,0.9999999987499999,0.6034586370642007,0.3023272531138333,0.3136321933144813,0.4164467593551092,angry,05,05,05,male,normal,509
0,0.0,True,1.0,0.49331734194811766,0.5210145066758999,0.5071659243120088,0.6734407679327326,-0.05740740740740746,-0.06398148148148147,0.36282525306094215,0.2286084809677916,0.21057650598031283,0.7530965579480149,0.02769716472778222,0.00657407407407401,0.04575539620326685,0.4532658640776113,0.11176303358759682,0.11551407172425948,0.0,0.9999999987499999,0.6034021605517207,0.303859190794528,0.31784438062568543,0.4135633738609417,angry,05,05,05,male,normal,510
10,0.33366666666666667,True,1.0,0.5565644409674826,0.5493224888686776,0.5529434649180801,0.7286916679156742,-0.057962962962962994,-0.06462962962962965,0.3572936641936203,0.24026767981604352,0.20923790886862742,0.7588167798044151,0.00724195209880496,0.006666666666666654,0.046258804360574494,0.43057888272854705,0.11087157498752662,0.11620613733873517,0.0,0.9999999987499999,0.6005741724658613,0.3036661154410438,0.3132903920583207,0.40872997450210513,angry,05,05,05,male,normal,510
20,0.6673333333333333,True,1.0,0.5642427377508843,0.548183570527745,0.5562131541393147,0.9262953017074519,-0.06009259259259253,-0.06518518518518518,0.347755372307568,0.3013539597538399,0.20923790886862745,0.600470663204315,0.01605916722313927,0.0050925925925926485,0.04618780044981,0.3321721518539188,0.11095620801527592,0.11596115061028871,0.0,0.9999999987499999,0.5987104491718562,0.30522112518975564,0.31442838219238023,0.40563182778293366,angry,05,05,05,male,normal,510
30,1.0010000000000001,True,1.0,0.4933173419481187,0.5530570454906638,0.5231871937193913,0.9558569119412942,-0.05935185185185182,-0.06495370370370368,0.3575937850391287,0.29993803573206645,0.20785042411314042,0.5473488627673635,0.0597397035425451,0.005601851851851858,0.04080208717516166,0.32874976325606536,0.1092395087605135,0.11495797107307565,0.0,0.9999999987499999,0.6020512614420769,0.3043318501066228,0.31650779656120703,0.4098096911398106,angry,05,05,05,male,normal,510
40,1.3346666666666667,True,1.0,0.513023915099799,0.5001512156516927,0.5065875653757459,0.8413812161557829,-0.05888888888888877,-0.06550925925925927,0.3522639069821978,0.26855539329805755,0.20796931812307035,0.6020904147234379,0.012872699448106317,0.006620370370370499,0.046552330264828044,0.36829061214059544,0.10981161882697955,0.1160648664888647,0.0,0.9999999987499999,0.6035583060255353,0.3027869769486948,0.309303239121294,0.40354427157514855,angry,05,05,05,male,normal,510
50,1.6683333333333334,True,1.0,0.4636674406605664,0.4737447025778589,0.4687060716192126,0.8676642112064956,-0.058101851851851904,-0.06486111111111109,0.359851132151565,0.28416502599355137,0.206539805863785,0.5401929289759136,0.010077261917292468,0.006759259259259187,0.045227522712360364,0.36802729555893765,0.11057183722856655,0.11649137868151489,0.0,0.9999999987499999,0.6020227618781889,0.30336470348971833,0.3123584933066975,0.40438128388629846,angry,05,05,05,male,normal,510
60,2.0020000000000002,True,1.0,0.2936582371590773,0.31172993044183805,0.3026940838004577,0.956982190725037,-0.06578703703703698,-0.07171296296296298,0.3593336979152608,0.2826168014477883,0.20864108941863152,0.31630064460356155,0.01807169328276076,0.005925925925926001,0.05052443012557226,0.32413378303505597,0.11052938887551436,0.11636804863186907,0.0,0.9999999987499999,0.6026941198666966,0.3034921417094014,0.31122399414815566,0.40318169554559447,angry,05,05,05,male,normal,510
70,2.3356666666666666,True,1.0,0.5322528639336632,0.5350731436320751,0.5336630037828691,0.8343327102718173,-0.060555555555555585,-0.06560185185185186,0.37646039149576227,0.18867176802427638,0.2072759807309623,0.6396285285387013,0.0028202796984119205,0.005046296296296271,0.048226298980695165,0.34235280070046437,0.10879926126181792,0.11701438206988703,0.0,0.9999999987499999,0.6021758000465811,0.302917741996507,0.3108708034,0.40450221099276995,angry,05,05,05,male,normal,510
80,2.6693333333333333,True,1.0,0.5319296528374928,0.5426449061221694,0.5372872794798311,0.8935686013935565,-0.06055555555555553,-0.06615740740740744,0.339614018385534,0.27343072085583314,0.20723327916304796,0.6012826308376433,0.010715253284676596,0.005601851851851913,0.04322582305737597,0.3207309555735748,0.1103226342980349,0.11656408070038726,0.0,0.9999999987499999,0.6037418312246773,0.3032225544987663,0.3121842462814032,0.40485615677270526,angry,05,05,05,male,normal,510
90,3.003,True,1.0,0.5400582923944444,0.5219499679482765,0.5310041301713604,0.8575468158574109,-0.0625,-0.06712962962962954,0.35334332311700006,0.2691700329376491,0.20591193113232592,0.6192129926346241,0.018108324446167834,0.004629629629629539,0.046794201862663296,0.3533527668122872,0.10974187709803619,0.11613081104136022,0.0,0.9999999987499999,0.6050512243100366,0.3030481107293426,0.3133268429677987,0.40717301912102694,angry,05,05,05,male,normal,510
100,3.336666666666667,True,1.0,0.5268329370462417,0.526590220297035,0.5267115786716383,0.8610708426147269,-0.060324074074074086,-0.06624999999999998,0.35244951217889026,0.23575103680534462,0.20651948835949022,0.611693663987305,0.00024271674920672837,0.00592592592592589,0.05162289512937237,0.3447263377641557,0.10884819074334003,0.11664265231440732,0.0,0.9999999987499999,0.603470424083696,0.303853614767312,0.3106386301560282,0.4080791852257733,angry,05,05,05,male,normal,510
110,3.6703333333333332,True,1.0,0.5183017781865856,0.5210145066759002,0.519658142431243,0.8072474985121504,-0.06124999999999997,-0.06851851851851853,0.35781315451466184,0.24587694371768057,0.2066051777252706,0.6437407900167328,0.0027127284893145864,0.007268518518518563,0.0516938170947655,0.3807349864328341,0.10989235313906409,0.11631647982637461,0.0,0.9999999987499999,0.6058600836272009,0.3032702204394493,0.31304111494492276,0.40926603101704634,angry,05,05,05,male,normal,510
120,4.0040000000000004,True,1.0,0.5319296528374916,0.5265902202970345,0.529259936567263,0.7976026442328717,-0.0625,-0.06708333333333338,0.3564462965046725,0.2401033156545988,0.20454896181055968,0.6635634176919025,0.005339432540457101,0.004583333333333384,0.046042481039437026,0.3681986422804556,0.11090237240850141,0.11634062161197688,0.0,0.9999999987499999,0.6055388462416217,0.30317432793398413,0.31321708024970335,0.40923453160853757,angry,05,05,05,male,normal,510
0,0.0,True,1.0,0.5175988892987894,0.5159960847417441,0.5167974870202667,0.7270913969697336,-0.06847222222222227,-0.06361111111111112,0.3985250429657996,0.19963455549182438,0.20779212108840836,0.7107737612824201,0.001602804557045312,0.004861111111111149,0.024581893871748767,0.3710666031353079,0.11613458732871536,0.1148282235167998,0.0,0.9999999987499999,0.6061458560455432,0.3011298973707559,0.31761106421391755,0.4161008738933341,angry,05,05,05,male,normal,511
10,0.33366666666666667,True,1.0,0.5400917762252818,0.5369701982992878,0.5385309872622848,0.6761193279880496,-0.06777777777777777,-0.06439814814814815,0.3997802828365957,0.16872368941450977,0.2055808478480645,0.7965028730428533,0.00312157792599399,0.0033796296296296213,0.02600894391145214,0.394670992595706,0.11530769839553524,0.11483195654091313,0.0,0.9999999987499999,0.6079918808304572,0.3013977972038393,0.31716565721983264,0.4154701168030235,angry,05,05,05,male,normal,511
20,0.6673333333333333,True,1.0,0.5362510147762175,0.5224474131752904,0.529349213975754,0.8905532751612091,-0.06925925925925924,-0.06541666666666668,0.39445084147704257,0.28426550153485874,0.20506192065609932,0.5944048814821667,0.013803601600927085,0.003842592592592564,0.02797356293334526,0.3150252870281192,0.11265322010201116,0.1169494921306006,0.0,0.9999999987499999,0.6092984876763206,0.3032077739294928,0.32029371629969755,0.42615610909784124,angry,05,05,05,male,normal,511
30,1.0010000000000001,True,1.0,0.5004019345203273,0.4907785645895824,0.4955902495549549,0.7994687351337527,-0.07009259259259265,-0.06504629629629627,0.3856750384709626,0.22175666712523398,0.20499047399371606,0.6198994754585889,0.009623369930744918,0.005046296296296382,0.02365841710067445,0.3359214720619315,0.11199963061903663,0.1170884392550706,0.0,0.9999999987499999,0.6104887171665542,0.3029458243067909,0.318405208979593,0.4232845562097683,angry,05,05,05,male,normal,511
40,1.3346666666666667,True,1.0,0.5004019345203273,0.49077856458958247,0.4955902495549549,0.7844152473782846,-0.06916666666666671,-0.06476851851851845,0.40377088910233255,0.21693045781865541,0.20568213703690852,0.6317957882783942,0.009623369930744863,0.004398148148148262,0.027770203973689005,0.3511084043898804,0.11355442937921315,0.1165660118569474,0.0,0.9999999987499999,0.6105723643598064,0.30204721636128107,0.32142536457801085,0.4227139842322542,angry,05,05,05,male,normal,511
50,1.6683333333333334,True,1.0,0.5286929807996613,0.5054612588378973,0.5170771198187794,1.0595904083690462,-0.06851851851851848,-0.06458333333333327,0.33838837896906737,0.3843606740851692,0.20416434611805995,0.4879971692219074,0.02323172196176404,0.003935185185185208,0.023773244325726122,0.27260268292037626,0.11037920105629012,0.11732527545185832,0.0,0.9999999987499999,0.6080942990242972,0.30311444772587776,0.31502950804153845,0.41639465169194123,angry,05,05,05,male,normal,511
60,2.0020000000000002,True,1.0,0.4687122379561446,0.4431253064271219,0.45591877219163324,1.0516729823696542,-0.06513888888888891,-0.061481481481481526,0.3922319552186152,0.33370298006266125,0.20142906986608008,0.43351762366695623,0.025586931529022694,0.003657407407407387,0.024277794948133948,0.2685683482889981,0.11362349947991343,0.11779972622187967,0.0,0.9999999987499999,0.6118787970344388,0.3050479243869995,0.3275224174876811,0.427561561275145,angry,05,05,05,male,normal,511
70,2.3356666666666666,True,1.0,0.5567132763798944,0.5437555493291472,0.5502344128545208,0.7927413595680883,-0.0725925925925926,-0.06814814814814824,0.4125528300555887,0.1890716412577659,0.2077230826436538,0.694090709679014,0.01295772705074727,0.004444444444444362,0.018964803078447896,0.34065449088923966,0.11365344628231291,0.11809393369318616,0.0,0.9999999987499999,0.6110787617937801,0.3020118672714923,0.3227566660493005,0.4253559729653951,angry,05,05,05,male,normal,511
80,2.6693333333333333,True,1.0,0.5317231898959612,0.5432823994391393,0.5375027946675502,0.8480360060265446,-0.07069444444444445,-0.06671296296296297,0.3987513719439615,0.2209626171260607,0.20844897416251043,0.6338207232332135,0.011559209543178017,0.003981481481481475,0.017085122001061527,0.3177651362958468,0.11133980033261036,0.11884357938262748,0.0,0.9999999987499999,0.6107365392485118,0.30203302788370295,0.31860233917235115,0.41894850408647366,angry,05,05,05,male,normal,511
90,3.003,True,1.0,0.5254587876063593,0.5316548272073859,0.5285568074068726,1.101137389191628,-0.0715277777777778,-0.06611111111111123,0.32248778567640596,0.4823325174990688,0.21052429110251802,0.4800098630697656,0.006196039601026548,0.00541666666666657,0.024071296020597013,0.2649933213561697,0.11195732814073252,0.11680311916657872,0.0,0.9999999987499999,0.6110445393157262,0.30240086753655165,0.31619222014798837,0.4157441456887292,angry,05,05,05,male,normal,511
100,3.336666666666667,True,1.0,0.5566686365125794,0.5438554429443602,0.5502620397284698,0.9904459344354609,-0.07203703703703701,-0.06787037037037041,0.33579404930640133,0.31277070175717936,0.21111746438265386,0.5555699918563558,0.012813193568219194,0.004166666666666596,0.020786860966733083,0.2708297005098219,0.11177306216518715,0.11583379003044805,0.0,0.9999999987499999,0.6063642016963036,0.30274271015244575,0.311702243442176,0.41165030688940374,angry,05,05,05,male,normal,511
110,3.6703333333333332,True,1.0,0.5486413668951945,0.5519883410523152,0.5503148539737548,0.7357771097383017,-0.07037037037037036,-0.067037037037037,0.3790959505804013,0.15462962436300862,0.21121609849038908,0.7479369046551185,0.003346974157120708,0.003333333333333355,0.021211360186031814,0.36149461967060936,0.11143372253041683,0.11697747457903152,0.0,0.9999999987499999,0.6082098409285588,0.30162785168498896,0.3111858686392522,0.41087867589402705,angry,05,05,05,male,normal,511
120,4.0040000000000004,True,1.0,0.5701142556686923,0.5783873327063058,0.574250794187499,0.7183523134815939,-0.07060185185185186,-0.06550925925925927,0.37450091073346403,0.16957080206042693,0.2090093605261339,0.7993999370647434,0.008273077037613485,0.005092592592592593,0.021702671993337995,0.3948667628966516,0.11186909870857716,0.11541135645107863,0.0,0.736335309145343,0.6106609859334359,0.3016366860781657,0.3131032853011212,0.4120226010426634,angry,05,05,05,male,normal,511
130,4.337666666666666,True,1.0,0.5700289497200434,0.5789146015914524,0.5744717756557478,0.6965095813012983,-0.0706018518518518,-0.06583333333333324,0.3819168330536124,0.17397643960095863,0.2104253327194166,0.8247866089400442,0.008885651871408995,0.004768518518518561,0.019144127166050573,0.3993664345038023,0.11341835612776367,0.11587924882139146,0.0,0.9999999987499999,0.6118969120695154,0.3010791881782569,0.3159162717586506,0.41299032475163955,angry,05,05,05,male,normal,511
0,0.0,True,1.0,0.7410933600941856,0.7144196099332388,0.7277564850137122,0.7857223911488808,-0.0553703703703704,-0.05703703703703711,0.3465433156472692,0.33458693483590074,0.19306978193111093,0.9262259714268661,0.026673750160946752,0.0016666666666667052,0.014026504850744935,0.37674280128465487,0.10997635183155519,0.11786472869747354,0.0,0.9999999987499999,0.616408651695053,0.30391021790805034,0.3110310040783568,0.42261828130060686,angry,05,05,05,male,strong,512
10,0.33366666666666667,True,1.0,0.7537251131287015,0.7265396632238278,0.7401323881762647,0.7586529368910856,-0.05629629629629623,-0.056620370370370376,0.35320501838747215,0.31489480543806314,0.1930654350942443,0.9755875871373846,0.027185449904873704,0.00032407407407414324,0.014264225664335281,0.37335305917574396,0.11245493185553178,0.11665122445763447,0.0,0.9999999987499999,0.6180121138064602,0.3036177610502412,0.3155735275652581,0.4242450057782287,angry,05,05,05,male,strong,512
20,0.6673333333333333,True,1.0,0.7404526721369298,0.7441579612499614,0.7423053166934456,0.9632722952684183,-0.05421296296296291,-0.05550925925925926,0.335359991993671,0.38378898203961587,0.19236111111111115,0.7706079790103382,0.0037052891130315846,0.001296296296296351,0.00855323621748546,0.30800186129900564,0.10839487426523706,0.1190009897897623,0.0,0.9999999987499999,0.6151174940992021,0.3042731443472652,0.30669857444849796,0.41541515547139446,angry,05,05,05,male,strong,512
30,1.0010000000000001,True,1.0,0.7290448210686815,0.6927278758721916,0.7108863484704366,1.029358584127536,-0.08180555555555552,-0.08777777777777773,0.4294008549264594,0.27483500389141446,0.23194576016863183,0.6906109876889693,0.03631694519648987,0.005972222222222212,0.019825763905004762,0.2750421962726263,0.10392447072011152,0.1208926689451384,0.0,0.9999999987499999,0.6082607546221614,0.31014020338930504,0.33959051294410475,0.46338800626693966,angry,05,05,05,male,strong,512
40,1.3346666666666667,True,1.0,0.7389517890070244,0.7053792710887582,0.7221655300478913,1.030154988983814,-0.07287037037037042,-0.07708333333333334,0.3546774193814526,0.4020763826943772,0.21673567235461483,0.7010260958501635,0.03357251791826621,0.004212962962962918,0.03273863158043997,0.28535541376147583,0.1074924989491977,0.12123936050320232,0.0,0.9999999987499999,0.6056344192677071,0.30423882332222124,0.3049023205229371,0.4237993118669166,angry,05,05,05,male,strong,512
50,1.6683333333333334,True,1.0,0.7253029114502638,0.7085049993226977,0.7169039553864808,1.0636225100660144,-0.06106481481481474,-0.06398148148148147,0.39978105380867857,0.30651314853497597,0.20073245582099256,0.6740210446862258,0.016797912127566095,0.002916666666666734,0.016487812794338665,0.2656972207289251,0.10796810004742528,0.11874829649242184,0.0,0.9999999987499999,0.6057885016662916,0.3081726718025956,0.3178358800637475,0.42763722751494093,angry,05,05,05,male,strong,512
60,2.0020000000000002,True,1.0,0.7098240398489539,0.6954294964315708,0.7026267681402624,0.9745137086841879,-0.0622685185185185,-0.0640277777777778,0.38121597837318494,0.3094381910810036,0.20573511843828604,0.72100244653199,0.01439454341738311,0.0017592592592592937,0.017155628754079506,0.2812175040777063,0.10401648539163441,0.11696755552360569,0.0,0.9999999987499999,0.6019404160257853,0.3092137428772048,0.3144048552512587,0.42374733788303803,angry,05,05,05,male,strong,512
70,2.3356666666666666,True,1.0,0.7918423742529287,0.7547311246990857,0.7732867494760072,1.2521739130434788,-0.05865740740740738,-0.05972222222222229,0.32485875706214684,0.448309178743961,0.20160698200434732,0.6175553902065333,0.03711124955384304,0.0010648148148149073,0.009630568409698243,0.23611111111111044,0.10840109244162516,0.11558418835359797,0.0,0.9999999987499999,0.5944958025632129,0.3102829974190983,0.3130281888167857,0.41274544758245335,angry,05,05,05,male,strong,512
80,2.6693333333333333,True,1.0,0.7754663378770934,0.7562277515214842,0.7658470446992889,0.7947572344897158,-0.058287037037037026,-0.06092592592592594,0.3717564092204704,0.21548821548821587,0.20147410961037113,0.9636238733844441,0.019238586355609155,0.002638888888888913,0.012568234918580811,0.3530970055731369,0.10847408012766166,0.11699064453159536,0.0,0.9999999987499999,0.6034468968993848,0.3075340489534116,0.30944082501165854,0.41474161103136126,angry,05,05,05,male,strong,512
90,3.003,True,1.0,0.7513798657517047,0.7187648182899705,0.7350723420208376,0.7868549614152279,-0.05888888888888877,-0.059444444444444355,0.36885409119213025,0.2577507109008423,0.20006445799670566,0.9341903884023878,0.03261504746173416,0.0005555555555555869,0.018584813843161165,0.36892022016333176,0.10845261866623858,0.11830595104231567,0.0,0.9999999987499999,0.6063107943489896,0.30677543136861196,0.3088041168741738,0.41845143961521686,angry,05,05,05,male,strong,512
100,3.336666666666667,True,1.0,0.76514750479954,0.7591709165543826,0.7621592106769612,0.7794143031872729,-0.058750000000000024,-0.05874999999999997,0.36927736622009166,0.2529678001572728,0.20008581227910846,0.9778614628449207,0.005976588245157344,5.551115123125783e-17,0.012481585336873284,0.3655528100780863,0.10965598818773055,0.11767814004640154,0.0,0.9999999987499999,0.6100655180431547,0.30637914659941595,0.312123449549358,0.42303455673330775,angry,05,05,05,male,strong,512
0,0.0,True,1.0,0.7001249520169759,0.6889002611802229,0.6945126065985994,0.8953112531829237,-0.05865740740740727,-0.057453703703703674,0.3467348752489053,0.29601815108287804,0.19583956661179183,0.7757219672259625,0.011224690836753037,0.0012037037037035958,0.006143883046924849,0.32659946202072865,0.11613828349423833,0.11515585218445848,0.0,0.9999999987499999,0.611246529291404,0.30348802263485986,0.3153673940237806,0.41807903703871946,angry,05,05,05,male,strong,513
10,0.33366666666666667,True,1.0,0.7651247555398544,0.7215960423452501,0.7433603989425522,0.8103783726063211,-0.058287037037037026,-0.057453703703703785,0.3502425922571529,0.27011297194728195,0.1965374827750097,0.9173003921017449,0.043528713194604274,0.0008333333333332416,0.005757409809482985,0.35567875724426196,0.11409286788895905,0.1168570955762335,0.0,0.9999999987499999,0.6106737783003826,0.30363107919509075,0.3151171457122308,0.4158096776155238,angry,05,05,05,male,strong,513
20,0.6673333333333333,True,1.0,0.7237160180417982,0.7094179331085974,0.7165669755751978,0.6394682045371494,-0.05574074074074076,-0.056944444444444464,0.35041951471803395,0.20603477006872267,0.1944636695682494,1.1205670125442013,0.014298084933200839,0.0012037037037037068,0.005267105295746823,0.4255473319912893,0.11177247924258847,0.11762967586987852,0.0,0.9999999987499999,0.6141358240874475,0.3035678641275275,0.31515369022370876,0.421625057263918,angry,05,05,05,male,strong,513
30,1.0010000000000001,True,1.0,0.7266025006618215,0.7094466237627187,0.7180245622122701,0.9876034744340026,-0.058379629629629615,-0.060833333333333295,0.4033870810988465,0.27775661133756147,0.2014074511395789,0.7270372986726998,0.017155876899102807,0.00245370370370368,0.0036571854655050623,0.2823519455131546,0.10743977631669842,0.11565758153692861,0.0,0.9999999987499999,0.6078136611597764,0.3060316199258801,0.32803369538012667,0.4358378269565603,angry,05,05,05,male,strong,513
40,1.3346666666666667,True,1.0,0.7799238688491675,0.7669270799333215,0.7734254743912445,1.1224053396168698,-0.06060185185185174,-0.061388888888888826,0.35896211745138334,0.36717127299504976,0.19791820860144968,0.689078577134399,0.012996788915845991,0.000787037037037086,0.013765508897495695,0.25028050741682534,0.10837692896110389,0.11527677482419237,0.0,0.9999999987499999,0.6014263316264005,0.30512943259347935,0.3117161300330349,0.41443868866499717,angry,05,05,05,male,strong,513
50,1.6683333333333334,True,1.0,0.7138219262002385,0.7162743635981923,0.7150481448992154,1.1823815043782795,-0.05921296296296297,-0.06328703703703714,0.3619815070173097,0.3780871089581705,0.19514866295738678,0.6047524781565341,0.002452437397953755,0.004074074074074174,0.011521996914606099,0.23575205026674934,0.1072001175265834,0.11718766182712897,0.0,0.9999999987499999,0.5996519219093888,0.3067889246391382,0.3074614507199143,0.4134561723875762,angry,05,05,05,male,strong,513
60,2.0020000000000002,True,1.0,0.7671623826064491,0.7317859138796491,0.7494741482430491,0.7734656754379386,-0.06125000000000003,-0.06245370370370379,0.3673524179538734,0.18318923891951128,0.19930708674523134,0.9689817816656112,0.0353764687268,0.0012037037037037623,0.017347979524999134,0.33598466571950314,0.11027727148091385,0.11693331363619901,0.0,0.9999999987499999,0.6006789282509879,0.3054012741618632,0.31260664411268874,0.4132141515586316,angry,05,05,05,male,strong,513
70,2.3356666666666666,True,1.0,0.7642623637345147,0.7430160909837641,0.7536392273591395,0.9859201927342314,-0.06115740740740744,-0.062268518518518556,0.3342694531142392,0.29128402360949085,0.20071307091842525,0.7644018581961365,0.02124627275075064,0.0011111111111111183,0.006217708715213839,0.2731379041363135,0.10977203098081426,0.116266289288116,0.0,0.9999999987499999,0.604125407061262,0.3056625222205736,0.31488045769493217,0.41861167311825587,angry,05,05,05,male,strong,513
80,2.6693333333333333,True,1.0,0.7151811154772502,0.7166154250368745,0.7158982702570623,0.7695629169349155,-0.05958333333333332,-0.06124999999999997,0.3720327667849813,0.2056203791363182,0.19791820860144968,0.9302660698730214,0.0014343095596243138,0.0016666666666666496,0.010693131598803782,0.3393758201351747,0.11074720657651616,0.11681498437135651,0.0,0.9999999987499999,0.6107326218768758,0.30372925351640023,0.315832331636561,0.4197063819715044,angry,05,05,05,male,strong,513
90,3.003,True,1.0,0.7125343820801618,0.6959859265185095,0.7042601542993356,0.7375973541835061,-0.05898148148148141,-0.060787037037037084,0.3769787873780595,0.21069958847736656,0.19515296339244417,0.9548029833687872,0.016548455561652298,0.0018055555555556713,0.00792887138438596,0.36153419633921635,0.11184263753882213,0.11609529129976301,0.0,0.9999999987499999,0.6141158578040591,0.3027983638898862,0.31594948018970903,0.42330672806111164,angry,05,05,05,male,strong,513
100,3.336666666666667,True,1.0,0.6991394366994625,0.6928225464924084,0.6959809915959354,0.7217791933486118,-0.05865740740740738,-0.05990740740740741,0.371427093449669,0.20716612187720362,0.193759844129958,0.9642574876216802,0.006316890207054171,0.0012500000000000289,0.008502215308718015,0.36503353815534484,0.11009440604087548,0.11645291929036826,0.0,0.9999999987499999,0.6149433144117022,0.30326351145966557,0.3139641345890616,0.42139193505717215,angry,05,05,05,male,strong,513
0,0.0,True,1.0,0.6870421668889772,0.6179261991733638,0.6524841830311705,0.6779784852380204,-0.056574074074074054,-0.05791666666666673,0.3522298598296716,0.17254489290874986,0.21827412292867565,0.9623965910984631,0.06911596771561346,0.001342592592592673,0.03555399221899233,0.42025495206858465,0.11253656008556759,0.11492651145235613,0.0,0.9999999987499999,0.5761035275672769,0.30495583457105296,0.30786960584111256,0.40107580637313106,angry,05,05,05,male,strong,514
10,0.33366666666666667,True,1.0,0.683948498549964,0.6351749235844841,0.659561711067224,0.7124824584624575,-0.05226851851851849,-0.055509259259259314,0.33427201070715257,0.174073077073446,0.21486189948591272,0.9257234381469028,0.04877357496547985,0.0032407407407408217,0.035206042740045775,0.41903756576758344,0.09894822646872098,0.1200218945657087,0.0,0.9999999987499999,0.631969246604892,0.32656483192193675,0.2943916315643475,0.42870628534464056,angry,05,05,05,male,strong,514
20,0.6673333333333333,True,1.0,0.6237816190362564,0.5930272039759678,0.608404411506112,0.7582594522960385,-0.05277777777777781,-0.05486111111111103,0.34188617733736054,0.18561221522332164,0.20996799734218943,0.8023697029609592,0.030754415060288642,0.002083333333333215,0.028114812654715847,0.3990671513486928,0.11365955629468455,0.11415031120965771,0.0,0.9999999987499999,0.5786257795618247,0.30511304358435115,0.3094801172212219,0.40399272042201906,angry,05,05,05,male,strong,514
30,1.0010000000000001,True,1.0,0.6530334017896642,0.6267015966319998,0.639867499210832,0.8872914123105095,-0.054814814814814816,-0.061990740740740846,0.3446546915224581,0.1686787584613772,0.2226917350770979,0.721146953901667,0.026331805157664423,0.00717592592592603,0.03789632030113206,0.34450317093456834,0.10791914553104756,0.11750274462823315,0.0,0.9999999987499999,0.5610541797109468,0.30779101179151674,0.2927286497853011,0.3894101080091231,angry,05,05,05,male,strong,514
40,1.3346666666666667,True,1.0,0.6145551406587652,0.5796788019128901,0.5971169712858276,0.7905043419562184,-0.05486111111111114,-0.059120370370370434,0.3764290657750611,0.1273122126762648,0.21544923797498275,0.7553620386298885,0.034876338745875035,0.004259259259259296,0.035534504645774886,0.3413236794318771,0.11034421468210458,0.11605219080898815,0.0,0.9999999987499999,0.5684174408747875,0.30627231777494673,0.3075569710519824,0.4044127861353362,angry,05,05,05,male,strong,514
50,1.6683333333333334,True,1.0,0.583938703184489,0.5526391895003105,0.5682889463423998,1.0913575799584267,-0.04768518518518522,-0.05175925925925934,0.3528222612201512,0.4226399594406386,0.20158919505281486,0.5207174594087189,0.03129951368417849,0.004074074074074119,0.03600161230363709,0.27660009464306734,0.11337352128906074,0.11393384534077035,0.0,0.9999999987499999,0.5733309845891482,0.3053765667442948,0.31604791464735976,0.4117732090325009,angry,05,05,05,male,strong,514
60,2.0020000000000002,True,1.0,0.6406917413879393,0.6100266671238949,0.6253592042559171,0.5897008447370683,-0.05023148148148149,-0.05523148148148149,0.37634453542822016,0.08317197909009331,0.2147553479741702,1.060468557637471,0.030665074264044412,0.0050000000000000044,0.047474608818531695,0.4415347395449538,0.11195483199902483,0.11299175531966875,0.0,0.9999999987499999,0.5688498606708307,0.3053406703979482,0.3101109930746776,0.4011738895135114,angry,05,05,05,male,strong,514
70,2.3356666666666666,True,1.0,0.6406484523047287,0.6117704452869624,0.6262094487958456,0.7168373961420866,-0.05138888888888893,-0.0568981481481482,0.36230899829082114,0.0927424052038513,0.21480543376759595,0.8735725175137523,0.028878007017766216,0.005509259259259269,0.04773060899499727,0.3783546370131846,0.1127441018554749,0.1155502818061535,0.0,0.9999999987499999,0.56480092951243,0.3052593126324526,0.3073540896329931,0.40258423108866115,angry,05,05,05,male,strong,514
80,2.6693333333333333,True,1.0,0.6499416036868785,0.6067231347592412,0.6283323692230598,0.7165590886084225,-0.05333333333333329,-0.05888888888888888,0.34458713537741936,0.09813659616903554,0.2175803760799613,0.876874467454315,0.043218468927637255,0.005555555555555591,0.03318356124706425,0.38227804139142413,0.11403275229814294,0.11576945650555451,0.0,0.9999999987499999,0.5635921616849865,0.30647526543292,0.3014591094852531,0.3983939504463113,angry,05,05,05,male,strong,514
90,3.003,True,1.0,0.6665216326624466,0.6362842477642825,0.6514029402133645,0.662807768570368,-0.055462962962962936,-0.05930555555555561,0.3593243098183995,0.09446301740367168,0.21617560314847029,0.9827931582914259,0.030237384898164077,0.003842592592592675,0.03717483102820256,0.4202549520685846,0.11276537327512831,0.11420262316851043,0.0,0.9943894661100194,0.5665030874068377,0.30541101278800414,0.3055700062697695,0.40368282066665895,angry,05,05,05,male,strong,514
100,3.336666666666667,True,1.0,0.6406090312663789,0.5977460817894107,0.6191775565278947,0.6708287694019066,-0.05587962962962972,-0.058240740740740815,0.35195628399798595,0.11617703915758823,0.21482354702989837,0.9230038793356123,0.042862949476968226,0.0023611111111110916,0.03997659611920373,0.4093209905553526,0.11255540579541211,0.11523918132359232,0.0,0.9999999987499999,0.5681304341111445,0.3054362388072179,0.3033914228509247,0.4030451816570119,angry,05,05,05,male,strong,514
0,0.0,True,1.0,0.700502264125479,0.6906185737665272,0.6955604189460032,0.8014132176687354,-0.0534722222222222,-0.05370370370370364,0.338917214385384,0.3263423732945469,0.19521550446455993,0.8679173285528633,0.009883690358951758,0.00023148148148144365,0.0172091098341756,0.38921008802792345,0.11101194220168423,0.11623607500114712,0.0,0.9999999987499999,0.6054080555190826,0.3041510595185448,0.31282664967414003,0.4247767660463817,angry,05,05,05,male,strong,515
10,0.33366666666666667,True,1.0,0.7005022641254784,0.6792888236895278,0.6898955439075032,0.7835698667054196,-0.052638888888888846,-0.053611111111111165,0.33410222327045686,0.33872771466575047,0.1938271645733964,0.880451856588389,0.021213440435950637,0.0009722222222223187,0.01526508781621873,0.4039990000775682,0.11165377708668402,0.11660417741440347,0.0,0.9999999987499999,0.6087999602731717,0.30322072974852965,0.31415818837910675,0.4241864292148795,angry,05,05,05,male,strong,515
20,0.6673333333333333,True,1.0,0.7007563425974422,0.69692141721778,0.6988388799076111,0.8069497107673886,-0.05435185185185182,-0.05601851851851858,0.3292363760218458,0.3498705895896807,0.19521550446455993,0.8660253180375181,0.003834925379662235,0.0016666666666667607,0.019868965394851053,0.362490306979485,0.11211431760905802,0.11616143901929084,0.0,0.9999999987499999,0.6087814244447779,0.3028561622566444,0.31545352701331797,0.42281523189197223,angry,05,05,05,male,strong,515
30,1.0010000000000001,True,1.0,0.7961593399334473,0.7641878267529928,0.7801735833432201,1.3206250567175373,-0.05916666666666681,-0.06333333333333335,0.3335250148133253,0.5043473041824807,0.21321197890506977,0.5907608517457412,0.03197151318045455,0.004166666666666541,0.02582241489439007,0.2277325889031748,0.0953735986470869,0.12257110378299114,0.0,0.9999999987499999,0.6368389467505753,0.3299303758978435,0.2845584572358265,0.4261798154284073,angry,05,05,05,male,strong,515
40,1.3346666666666667,True,1.0,0.6917075453305591,0.6677070311837265,0.6797072882571429,1.0097631686087152,-0.05675925925925923,-0.06083333333333335,0.3666722430999791,0.3231151264696479,0.21043443258590488,0.6731353542966574,0.024000514146832574,0.004074074074074119,0.018909738483575474,0.27032141495632106,0.11148176329121419,0.11709451087424311,0.0,0.9999999987499999,0.5667237000503326,0.3090662846930252,0.31190309118038145,0.41607524327825846,angry,05,05,05,male,strong,515
50,1.6683333333333334,True,1.0,0.6689101965138031,0.6565282402738952,0.6627192183938492,1.2437267739252083,-0.053101851851851845,-0.05541666666666667,0.38267960083346086,0.4123992745507821,0.2097280427126453,0.5328495231330462,0.012381956239907899,0.002314814814814825,0.018193143857295434,0.2641885549766495,0.11144043875125732,0.11954871746257445,0.0,0.9999999987499999,0.5682251893882553,0.3097318783174139,0.33273801227621336,0.4388874760818419,angry,05,05,05,male,strong,515
60,2.0020000000000002,True,1.0,0.6522541700284428,0.6474954103383888,0.6498747901834158,1.2747991571174129,-0.051157407407407485,-0.0535648148148149,0.3692158540226424,0.34821718242752203,0.20417600856869406,0.5097860212371951,0.004758759690054015,0.0024074074074074137,0.008359544163030648,0.23283810832817295,0.1100225383881265,0.11635719896932907,0.0,0.9999999987499999,0.5634078368065977,0.3099779517537304,0.31028246440544294,0.4169913462583997,angry,05,05,05,male,strong,515
70,2.3356666666666666,True,1.0,0.7812944402533641,0.7711019090830247,0.7761981746681944,1.302287765591495,-0.055555555555555636,-0.057499999999999996,0.2880653690739298,0.4026810854131597,0.21043443258590488,0.5960266195971269,0.01019253117033947,0.0019444444444443598,0.004475418439834549,0.2224289955645781,0.0961183892776444,0.11737137455726242,0.0,0.9999999987499999,0.6303928708983594,0.3282074087434995,0.29262792101007923,0.4295196245198095,angry,05,05,05,male,strong,515
80,2.6693333333333333,True,1.0,0.7402651658845707,0.7034684725157596,0.7218668192001652,0.9339678098888047,-0.05740740740740741,-0.05972222222222218,0.357827710979212,0.2746870168355722,0.21181456055111783,0.7729033180341712,0.036796693368811084,0.0023148148148147696,0.014383668904315257,0.31570042473512766,0.09719085390259989,0.11746210421141728,0.0,0.9999999987499999,0.6279063266087686,0.33038091936852393,0.2894811191627006,0.4305695867606788,angry,05,05,05,male,strong,515
90,3.003,True,1.0,0.7295562961492469,0.6865569755174243,0.7080566358333356,0.9052976729778414,-0.057870370370370294,-0.059074074074074,0.36407336196335577,0.29046502583635464,0.20764035862658015,0.7821257658868039,0.042999320631822546,0.0012037037037037068,0.012812800684115378,0.3470675467322345,0.09697495578969674,0.11876865575658996,0.0,0.9999999987499999,0.6325698039997248,0.3290014554309253,0.29187277994224403,0.4359565475166862,angry,05,05,05,male,strong,515
100,3.336666666666667,True,1.0,0.7147608827268206,0.723945199481973,0.7193530411043968,0.8860444098234691,-0.05814814814814817,-0.05773148148148144,0.36731268389922356,0.3134764581582386,0.20833479817193346,0.8118701874635347,0.00918431675515241,0.0004166666666667318,0.004371288388054724,0.33884893527477655,0.11141740037033475,0.11633980909600691,0.0,0.9999999987499999,0.5811873149728641,0.30889935317286576,0.3038257746109709,0.40857563318882195,angry,05,05,05,male,strong,515
0,0.0,True,1.0,0.6608724709993505,0.6835587968410259,0.6722156339201882,0.9925495907902664,-0.06324074074074065,-0.06685185185185188,0.34149080116796127,0.3910043842507108,0.17988189485538586,0.6772615093065236,0.022686325841675403,0.0036111111111112315,0.01925224671405692,0.27314782389878733,0.09319603143022386,0.11680502126700827,0.0,0.9999999987499999,0.6525874036567751,0.33054130466376447,0.2837588474014199,0.4347680635965327,fearful,06,05,05,male,normal,516
10,0.33366666666666667,True,1.0,0.6750201643307454,0.6877196524039293,0.6813699083673374,0.9445703275026446,-0.06134259259259256,-0.06393518518518515,0.3485318132483203,0.39842905627707464,0.17987171536233565,0.7213543433751678,0.012699488073183884,0.002592592592592591,0.011941160444411595,0.2816401846885905,0.10765027236259389,0.11513119762759318,0.0,0.9999999987499999,0.6256387279052247,0.3075490169709758,0.3124294607591402,0.4117662412407999,fearful,06,05,05,male,normal,516
20,0.6673333333333333,True,1.0,0.69035244392688,0.6841715395062539,0.687261991716567,1.058835403084503,-0.06060185185185185,-0.06481481481481477,0.34365620650632944,0.43246849398082393,0.17988189485538586,0.649073491228663,0.006180904420626132,0.004212962962962918,0.016448328802576656,0.26181455130115106,0.10604006456094513,0.11530154784090632,0.0,0.9999999987499999,0.6231564536986669,0.30830425084552604,0.3089607901912416,0.41225820941628705,fearful,06,05,05,male,normal,516
30,1.0010000000000001,True,1.0,0.6522454466546407,0.6841715395062546,0.6682084930804477,1.182918491904745,-0.06069444444444444,-0.06481481481481471,0.33333333333333326,0.4824930117850855,0.17918753095872791,0.5648812641389119,0.03192609285161396,0.004120370370370274,0.011658692097968956,0.2445908864933844,0.1051741164352754,0.11641973781692525,0.0,0.9999999987499999,0.6242411843721865,0.30797380975502203,0.3064828281883614,0.410672557490577,fearful,06,05,05,male,normal,516
40,1.3346666666666667,True,1.0,0.6629724567742376,0.6216690691025792,0.6423207629384085,0.9100813243881821,-0.06129629629629635,-0.06449074074074063,0.3491483772719847,0.3596141105203544,0.18058259679984479,0.7057839181242618,0.04130338767165831,0.0031944444444442777,0.014125920166316952,0.29981695960692983,0.1065496314036422,0.11499661830582032,0.0,0.9999999987499999,0.6258339558479642,0.3072805455238141,0.3099932037458188,0.41181208503338934,fearful,06,05,05,male,normal,516
50,1.6683333333333334,True,1.0,0.6491595394770676,0.6317027450652271,0.6404311422711473,0.7700774840567188,-0.05912037037037032,-0.06300925925925921,0.34832113509864276,0.28135800437668335,0.18056231624629018,0.8316450688798185,0.01745679441184056,0.003888888888888886,0.012861918429460772,0.3358678556702163,0.1066182651867473,0.1149329878780496,0.0,0.9999999987499999,0.6212941437825129,0.30734801573901993,0.3088836672310013,0.41247334960839527,fearful,06,05,05,male,normal,516
60,2.0020000000000002,True,1.0,0.6766491509325551,0.6986690091266881,0.6876590800296216,0.8573751246096544,-0.059814814814814876,-0.0635648148148148,0.33366326784211914,0.3597731977607527,0.18195492727998097,0.8020515877955976,0.02201985819413299,0.00374999999999992,0.01705001826627215,0.34196714096646824,0.09222954391460693,0.11511327153427849,0.0,0.9999999987499999,0.6518520742359443,0.33020872863469636,0.2827332797132871,0.4345499551932842,fearful,06,05,05,male,normal,516
70,2.3356666666666666,True,1.0,0.6351704081875693,0.6376067645334961,0.6363885863605327,0.9523738814076304,-0.061111111111111116,-0.06310185185185185,0.3564362744604816,0.36073458127200037,0.18403441091295172,0.6682129768404987,0.00243635634592676,0.0019907407407407374,0.013475149946405423,0.29015803704364307,0.0953179956736901,0.1157402642067007,0.0,0.9999999987499999,0.6503657182873148,0.33016923440062446,0.287094188698586,0.4354079632021319,fearful,06,05,05,male,normal,516
80,2.6693333333333333,True,1.0,0.6937260889746668,0.6857588187939282,0.6897424538842976,0.953606824311163,-0.06203703703703706,-0.0641666666666667,0.3420330272768169,0.3947918369429068,0.18334373675797258,0.723298571591633,0.007967270180738617,0.002129629629629648,0.012251395524264313,0.29919012302689085,0.10705828993196034,0.11368838548133382,0.0,0.9999999987499999,0.6198345907581783,0.3068092511100575,0.3121730961127356,0.4084914611992363,fearful,06,05,05,male,normal,516
90,3.003,True,1.0,0.6658230339211777,0.6881809251117237,0.6770019795164507,0.9157517091086086,-0.061111111111111116,-0.06476851851851856,0.34819969708346055,0.3706023223970243,0.18265935656628304,0.739285521154466,0.022357891190545987,0.0036574074074074425,0.017379569923956197,0.30517818487323956,0.10513292269906334,0.11547118688388415,0.0,0.9999999987499999,0.6196632357943177,0.30728877651482744,0.30813348781443034,0.40770735783385026,fearful,06,05,05,male,normal,516
0,0.0,True,1.0,0.6917298443663085,0.699137625872721,0.6954337351195148,0.8417416427099417,-0.0589351851851852,-0.06449074074074074,0.33031491007995073,0.34291317663745113,0.18264557246431654,0.8261843062446138,0.007407781506412525,0.005555555555555536,0.008640225023298533,0.3234296810428657,0.10812844036758902,0.11682193932694344,0.0,0.9999999987499999,0.629207271080307,0.3066896294749058,0.31322000241707687,0.42202308497451435,fearful,06,05,05,male,normal,517
10,0.33366666666666667,True,1.0,0.7338335764770584,0.6917676061527136,0.712800591314886,0.7593257690328585,-0.06217592592592597,-0.06490740740740736,0.362668297970544,0.2793116590569936,0.18472263524161484,0.9387283039567709,0.04206597032434478,0.0027314814814813904,0.0068115838041228945,0.34163569158164253,0.0959905443212248,0.11796148340255203,0.0,0.9999999987499999,0.652402515576543,0.3298158887125,0.28717852842102076,0.4387090423373697,fearful,06,05,05,male,normal,517
20,0.6673333333333333,True,1.0,0.7087692183645619,0.722188126269719,0.7154786723171405,0.932548551587098,-0.0618055555555555,-0.06393518518518515,0.3461986850486578,0.36092712392373294,0.18194821833481406,0.767229407090357,0.013418907905157096,0.002129629629629648,0.011740648282560821,0.29977995183260314,0.09584253102767243,0.1185648230041449,0.0,0.9999999987499999,0.6524573238435999,0.3300969516799039,0.28698317107447935,0.44149518649422975,fearful,06,05,05,male,normal,517
30,1.0010000000000001,True,1.0,0.7087492163542325,0.7161747739944097,0.7124619951743211,1.1766271635600671,-0.06268518518518518,-0.06476851851851845,0.33677077934608574,0.4813474760018461,0.17988825674602404,0.6055121088813361,0.007425557640177161,0.0020833333333332704,0.007637508196234417,0.23412670619896042,0.10453555818683316,0.11435822679184886,0.0,0.9999999987499999,0.6244811466305272,0.3071594528479894,0.3127685001044348,0.41839505424987383,fearful,06,05,05,male,normal,517
40,1.3346666666666667,True,1.0,0.6946157758432442,0.690372001752158,0.692493888797701,0.9181155932291757,-0.06365740740740744,-0.06574074074074071,0.3473153599518318,0.385016216515461,0.18057625937153515,0.7542556666117356,0.004243774091086228,0.0020833333333332704,0.011339270844780482,0.2993951612903226,0.10532459412586953,0.11513102258114181,0.0,0.9999999987499999,0.6246062311408939,0.307268769240428,0.31162127572736875,0.41546472415324737,fearful,06,05,05,male,normal,517
50,1.6683333333333334,True,1.0,0.68038465225763,0.6900826318188581,0.6852336420382441,1.3167969436431033,-0.06527777777777782,-0.06787037037037036,0.32625718058210207,0.5394107961911512,0.18126515292262468,0.5203791255335459,0.009697979561228087,0.0025925925925925353,0.009374669949168149,0.2168674698795182,0.1077913446402083,0.11664407101395573,0.0,0.9999999987499999,0.6255643483565302,0.3083692881544191,0.31622822818612406,0.42784994181045544,fearful,06,05,05,male,normal,517
60,2.0020000000000002,True,1.0,0.6526215623253317,0.6615328601722287,0.6570772112487802,1.1635536991773965,-0.06351851851851853,-0.06555555555555553,0.3363014395488058,0.4210111888689655,0.18125378834941805,0.5647158457003896,0.008911297846896926,0.002037037037037004,0.009063823820729938,0.23683561848652235,0.10530489535608295,0.11662862868881281,0.0,0.9999999987499999,0.6276508061271383,0.3085016095917254,0.3149290212765015,0.4247695419466238,fearful,06,05,05,male,normal,517
70,2.3356666666666666,True,1.0,0.7029774916668292,0.7248861584930023,0.7139318250799158,0.9035844246875169,-0.06097222222222226,-0.06314814814814812,0.3430140794321802,0.3614178876019608,0.18263930661951863,0.790110813748048,0.021908666826173095,0.002175925925925859,0.005231426557728987,0.2999868172752222,0.10622492601655924,0.11661107514521679,0.0,0.9999999987499999,0.6285857185217837,0.3080976162637976,0.31215921912093386,0.4200999515226489,fearful,06,05,05,male,normal,517
80,2.6693333333333333,True,1.0,0.6807468618749252,0.6755758297379377,0.6781613458064315,0.9184555349588975,-0.06027777777777776,-0.06412037037037033,0.34875907547519747,0.3777363275057876,0.17917049906572252,0.7383714507603032,0.005171032136987441,0.003842592592592564,0.0030625505120314683,0.2998169596069309,0.10843258576862817,0.11637609514308009,0.0,0.9999999987499999,0.6293879077021434,0.30805107353121547,0.3144795743704192,0.4204205111670513,fearful,06,05,05,male,normal,517
90,3.003,True,1.0,0.6946202034527592,0.7041084465515305,0.6993643250021448,0.8814192343604101,-0.06018518518518512,-0.06337962962962956,0.3457040981467787,0.3585434173669467,0.18055597810614288,0.7934525339801882,0.009488243098771276,0.003194444444444444,0.007417353881102708,0.3150748561325761,0.1062139231447416,0.11514141199607544,0.0,0.9999999987499999,0.6297333015002876,0.30826924429353786,0.3135455736883274,0.4200631555474786,fearful,06,05,05,male,normal,517
100,3.336666666666667,True,1.0,0.7194654393282556,0.6927460073153361,0.7061057233217958,0.9259141118706404,-0.0621296296296297,-0.06421296296296297,0.3383406879512085,0.3718835367349296,0.18125378834941805,0.7626039113878911,0.026719432012919486,0.0020833333333332704,0.0064157477981265955,0.30606447893330235,0.10592886463612647,0.11622623456228692,0.0,0.9999999987499999,0.6312242578906563,0.3074485709374014,0.3141698151669551,0.42203311621273487,fearful,06,05,05,male,normal,517
0,0.0,True,1.0,0.6738375318950229,0.7065734653527694,0.6902054986238961,0.8601644576943062,-0.05981481481481482,-0.06416666666666665,0.3520889653092284,0.3368829418293934,0.17849957907496095,0.8024110883097988,0.0327359334577465,0.004351851851851829,0.00420836061933822,0.3093614053150724,0.10777793673060253,0.11501169575718986,0.0,0.9999999987499999,0.6302765297603415,0.30255116739988236,0.31306268231804324,0.4174068009425809,fearful,06,05,05,male,normal,518
10,0.33366666666666667,True,1.0,0.677033283213911,0.6967239496637272,0.6868786164388191,0.8601644576943062,-0.06152777777777779,-0.0641666666666666,0.3529461548583866,0.351218386162559,0.17920115530761807,0.7985433602778887,0.019690666449816208,0.002638888888888802,0.005164104711623923,0.3093614053150724,0.11000907815532454,0.11488700492812562,0.0,0.9999999987499999,0.6289114047572155,0.30274126904929244,0.3151340406081916,0.4176088461400995,fearful,06,05,05,male,normal,518
20,0.6673333333333333,True,1.0,0.7004922091440978,0.7063209581357425,0.7034065836399201,0.8597449908925326,-0.06171296296296297,-0.06555555555555553,0.3482840044584589,0.36429872495446264,0.17920115530761807,0.8181572339371098,0.00582874899164465,0.003842592592592564,0.003282446400865762,0.31461864406779616,0.1089229282801929,0.11376056238662599,0.0,0.9999999987499999,0.628631188561362,0.30346857526619253,0.3140308378967843,0.41951538907591746,fearful,06,05,05,male,normal,518
30,1.0010000000000001,True,1.0,0.6637802552995735,0.6955177804750309,0.6796490178873023,1.0573948270289388,-0.060833333333333295,-0.06518518518518512,0.3447676063195609,0.4112090994001427,0.17780524147674873,0.6427580318290148,0.03173752517545736,0.004351851851851829,0.0008062508593074916,0.26562499999999994,0.10615893676495762,0.11683433504976487,0.0,0.9999999987499999,0.6284493019629728,0.3035523710557726,0.3095189146026689,0.41308563251921687,fearful,06,05,05,male,normal,518
40,1.3346666666666667,True,1.0,0.6839374295897351,0.6819016189131658,0.6829195242514505,0.8527551942186095,-0.06050925925925932,-0.0647685185185185,0.34921365006882277,0.34688346883468835,0.18196499023394067,0.8008388912567322,0.0020358106765693273,0.004259259259259185,0.0036069123589793847,0.3146186440677969,0.10942565833833015,0.11511228683148968,0.0,0.9999999987499999,0.6276507394520308,0.3028358949820454,0.3145191402043077,0.4163589517125457,fearful,06,05,05,male,normal,518
50,1.6683333333333334,True,1.0,0.6862962009834327,0.6906447928494245,0.6884704969164286,0.7868444004968652,-0.06087962962962962,-0.06435185185185183,0.346468664968855,0.2986932436307453,0.179888256746024,0.8749766745263525,0.004348591865991791,0.00347222222222221,0.0020900163333866066,0.32289914874186015,0.1093435464069143,0.11419360076907925,0.0,0.9999999987499999,0.628974923109869,0.3024451851086979,0.31615081110330034,0.41868572811121807,fearful,06,05,05,male,normal,518
60,2.0020000000000002,True,1.0,0.6735823122064885,0.6939739188959259,0.6837781155512072,0.8306415362601245,-0.060694444444444495,-0.06467592592592591,0.35151121046469025,0.3205828779599273,0.18058259679984476,0.8231927801610376,0.020391606689437403,0.003981481481481419,7.06377057677895e-05,0.31626102839098413,0.106287327645318,0.11440948569938947,0.0,0.9999999987499999,0.6306405438816152,0.3026902923232885,0.31334808836418554,0.41915302561199336,fearful,06,05,05,male,normal,518
70,2.3356666666666666,True,1.0,0.7139523063805989,0.7075548071023844,0.7107535567414917,0.8960220418539099,-0.061759259259259236,-0.06490740740740736,0.35224847810157356,0.36852519463346267,0.1805825967998447,0.7932322236972101,0.006397499278214536,0.003148148148148122,0.002152852523597821,0.29077026415032187,0.10809898901681451,0.11303690948085138,0.0,0.9999999987499999,0.6293123796628025,0.30365483064083476,0.3166769189371592,0.41963857813406186,fearful,06,05,05,male,normal,518
80,2.6693333333333333,True,1.0,0.7143612827331474,0.7208978435741149,0.7176295631536311,0.8888304161929844,-0.06203703703703706,-0.06560185185185186,0.3437167718792051,0.3629231381918352,0.18198637216357713,0.8073863698627277,0.006536560840967542,0.0035648148148147984,8.79441008037417e-06,0.2999868172752222,0.10916441259809681,0.11403119189262076,0.0,0.9999999987499999,0.6292078582214136,0.3041783847369712,0.3154814988944031,0.4181934860548239,fearful,06,05,05,male,normal,518
90,3.003,True,1.0,0.6872877820070663,0.7342293767676455,0.7107585793873559,0.8816075537314122,-0.06138888888888894,-0.06453703703703706,0.35438762600279566,0.33962125779946567,0.1791875309587278,0.8062074518067178,0.04694159476057924,0.003148148148148122,0.0009051151315374876,0.31393953709933964,0.107944307416487,0.1153521224143691,0.0,0.9999999987499999,0.6279197257184124,0.3040378728113017,0.312776544605621,0.4138409364460759,fearful,06,05,05,male,normal,518
0,0.0,True,1.0,0.6630654129548075,0.6473121488765706,0.6551887809156891,0.9030725821077575,-0.059629629629629644,-0.06268518518518518,0.3430026333717715,0.3687384337243369,0.17638932142096195,0.725510655396589,0.01575326407823685,0.0030555555555555336,0.009943024618250411,0.30980999413249666,0.10543509839594968,0.11651093529075779,0.0,0.9999999987499999,0.6302300012505002,0.3067993156569746,0.30366946178550897,0.41175632838188875,fearful,06,05,05,male,normal,519
10,0.33366666666666667,True,1.0,0.6774438213042463,0.7017263384265142,0.6895850798653802,0.9243693368862756,-0.058379629629629615,-0.06240740740740747,0.338370784219726,0.38635099074876617,0.17569618140473198,0.7460060090139264,0.02428251712226792,0.004027777777777852,0.01562977789316443,0.3151806788512346,0.10946326879038107,0.11639346050499659,0.0,0.9999999987499999,0.6291649118788141,0.30657931834808033,0.3084004078667244,0.4126125237526903,fearful,06,05,05,male,normal,519
20,0.6673333333333333,True,1.0,0.7193796318806227,0.7017252044155844,0.7105524181481035,0.9342267170676972,-0.05796296296296294,-0.06259259259259248,0.3321342589313528,0.3891072675686164,0.17639580927478637,0.7605781392961539,0.017654427465038314,0.004629629629629539,0.015775556531730812,0.30970114352171063,0.1069795474843554,0.11690114566956115,0.0,0.9999999987499999,0.6284323579822554,0.30796828515122404,0.30883884895895114,0.4094626137471994,fearful,06,05,05,male,normal,519
30,1.0010000000000001,True,1.0,0.717004616126482,0.6857588187939281,0.7013817174602051,1.1517907861093217,-0.05856481481481479,-0.061111111111111116,0.3302188406526912,0.45136443037959484,0.17500697530741458,0.6089488871754473,0.03124579733255395,0.0025462962962963243,0.01600153561192917,0.24323621618450172,0.10528380580124545,0.1181084830995265,0.0,0.9999999987499999,0.6253307341452206,0.310124796677269,0.3032390150346535,0.4085589375084202,fearful,06,05,05,male,normal,519
40,1.3346666666666667,True,1.0,0.6565251259277887,0.6710791257995405,0.6638021258636646,0.888560264016625,-0.05717592592592596,-0.060324074074074086,0.3600319927630441,0.34394465683060993,0.17709022658152102,0.7470535795321642,0.014553999871751877,0.003148148148148122,0.01439972054683226,0.30887641634857443,0.10796620515965354,0.11615465522323197,0.0,0.9999999987499999,0.6245982397802871,0.30825383432248393,0.30618857696801877,0.40811404226880255,fearful,06,05,05,male,normal,519
50,1.6683333333333334,True,1.0,0.677443821304245,0.6961314939698375,0.6867876576370413,1.0415333176792136,-0.05754629629629632,-0.06037037037037046,0.36776627028037795,0.3870451188119727,0.17639580927478637,0.6594005645132593,0.01868767266559257,0.0028240740740741455,0.011051414846775949,0.2522891062009596,0.10662562434136137,0.11608079100489997,0.0,0.9999999987499999,0.6258684337797619,0.3094550154591607,0.3093165429574272,0.40831216267300785,fearful,06,05,05,male,normal,519
60,2.0020000000000002,True,1.0,0.6799609310430831,0.6874536537280255,0.6837072923855543,0.8732120678741674,-0.05717592592592591,-0.0602314814814815,0.3472669595523313,0.3330046021554031,0.17709410391571503,0.7829796650085677,0.007492722684942388,0.003055555555555589,0.017486375784066855,0.3050847457627117,0.10521656360063304,0.11621755856090478,0.0,0.9999999987499999,0.6272786457864395,0.30816961223746125,0.304674050556583,0.4065511303616886,fearful,06,05,05,male,normal,519
70,2.3356666666666666,True,1.0,0.6914510178748211,0.6877196524039284,0.6895853351393748,0.9411317624332466,-0.058287037037037026,-0.061620370370370325,0.34168124405705336,0.38706245660166133,0.17570139218256636,0.7327192245180295,0.0037313654708927,0.0033333333333332993,0.01572422122680723,0.29075829798881303,0.10830252146537542,0.11633349076687435,0.0,0.9999999987499999,0.6271396730567227,0.3078131401638876,0.30792693857587333,0.4095958161152167,fearful,06,05,05,male,normal,519
80,2.6693333333333333,True,1.0,0.6912651216695511,0.6896200844384145,0.6904426030539828,0.9012728796247363,-0.059444444444444466,-0.06166666666666676,0.35043167773804407,0.3767455961280897,0.17570139218256636,0.7660749798013038,0.0016450372311366257,0.002222222222222292,0.009093137202908805,0.3047315771991784,0.10706890078194256,0.11351067339529997,0.0,0.9999999987499999,0.6268381120651385,0.30827538028141915,0.30772398931727957,0.4057366121833558,fearful,06,05,05,male,normal,519
90,3.003,True,1.0,0.6951472138473639,0.7181538383966414,0.7066505261220026,0.8451352213390987,-0.05935185185185182,-0.06203703703703706,0.3634789292350167,0.32228268352730055,0.17639278163936423,0.8361390086219931,0.023006624549277488,0.002685185185185235,0.010695642236870351,0.3055413070297771,0.10754722657668994,0.11784324767581053,0.0,0.9999999987499999,0.6249818818152262,0.3093369581862264,0.30568058480468013,0.40463616837228933,fearful,06,05,05,male,normal,519
0,0.0,True,1.0,0.8191554890882894,0.7772586916118658,0.7982070903500775,1.0536744329292966,-0.05986111111111109,-0.05833333333333335,0.34826559436592747,0.4740922719312908,0.17570139218256636,0.757546226238972,0.04189679747642361,0.001527777777777739,0.005613644473746438,0.2812136848886975,0.10551195761473929,0.11611363796520867,0.0,0.9999999987499999,0.6228191535598615,0.3087020313744097,0.31967412667904666,0.4241102191269734,fearful,06,05,05,male,strong,520
10,0.33366666666666667,True,1.0,0.8216035356750094,0.8026352860882099,0.8121194108816097,1.1137727511331226,-0.06361111111111112,-0.06152777777777779,0.34718066130983655,0.4891428202465698,0.17987638103482617,0.7291607826240866,0.018968249586799546,0.002083333333333326,0.007485925258679056,0.2663825808079746,0.1071721964520791,0.11474918028873872,0.0,0.9999999987499999,0.6206846055375275,0.3092056508624476,0.32329790914052026,0.4280755455144141,fearful,06,05,05,male,strong,520
20,0.6673333333333333,True,1.0,0.7520129128404965,0.762267554676672,0.7571402337585842,1.1101402102202929,-0.06185185185185188,-0.062037037037037,0.351147668476769,0.46620644301756475,0.18264557246431654,0.6820221687207777,0.010254641836175415,0.00018518518518512161,0.003899823359316104,0.2628088418758392,0.10548769702613464,0.11498159967994621,0.0,0.9999999987499999,0.6206235434720764,0.30849336319126774,0.3219275757676136,0.43351862782612205,fearful,06,05,05,male,strong,520
30,1.0010000000000001,True,1.0,0.7374422815434818,0.7374242820247049,0.7374332817840934,1.2025055934975644,-0.06361111111111106,-0.06162037037037038,0.37370195279084273,0.44407089298448493,0.18265935656628304,0.6132472778269759,1.799951877690109e-05,0.001990740740740682,0.010527402632894754,0.23121435385012615,0.10261111744162678,0.11804106449887851,0.0,0.9999999987499999,0.6197983631343162,0.30838919268968296,0.3150513877607848,0.42810472995621046,fearful,06,05,05,male,strong,520
40,1.3346666666666667,True,1.0,0.7251991288931597,0.7187497913798019,0.7219744601364808,0.9024274822091135,-0.0589351851851852,-0.06138888888888888,0.35824027495328176,0.3509300331741716,0.18333707863421062,0.80003598557206,0.006449337513357856,0.00245370370370368,0.013867664258644774,0.3214157601500862,0.10711628309719065,0.11661260389535358,0.0,0.9999999987499999,0.6159194549304097,0.3084640076983863,0.3178664194272339,0.4254979030790399,fearful,06,05,05,male,strong,520
50,1.6683333333333334,True,1.0,0.7501270036014914,0.762267554676672,0.7561972791390816,1.1321798606063986,-0.05967592592592591,-0.06259259259259264,0.3602238397351626,0.42993082103826213,0.17849316768879112,0.6679126748766404,0.012140551075180528,0.002916666666666734,0.00923770533119723,0.2634426891638432,0.10754235080531528,0.11671054844207296,0.0,0.9999999987499999,0.6175598752938676,0.30801157481305264,0.32111964858668274,0.4278495059332646,fearful,06,05,05,male,strong,520
60,2.0020000000000002,True,1.0,0.6774349868475017,0.6803930306894684,0.6789140087684851,0.8324514991181654,-0.06046296296296305,-0.062222222222222234,0.3641185951083825,0.324514991181658,0.18278962761350415,0.8155598368045153,0.00295804384196674,0.0017592592592591827,0.013323192432963428,0.3336864406779664,0.10197675560312765,0.115166369871003,0.0,0.9999999987499999,0.6177025362332433,0.30916091581180777,0.3041705230954499,0.40879023388785485,fearful,06,05,05,male,strong,520
70,2.3356666666666666,True,1.0,0.7365303652821162,0.7452980407881528,0.7409142030351346,1.0384878337542542,-0.058009259259259316,-0.058981481481481524,0.3401861055079745,0.4289406269854526,0.18127062450005688,0.7134548705849,0.00876767550603652,0.0009722222222222077,0.011703093477200447,0.27755254994219697,0.10746417384309533,0.11661928111201891,0.0,0.9999999987499999,0.6116727173603816,0.3090271240389624,0.31453639148307716,0.4173180426009571,fearful,06,05,05,male,strong,520
80,2.6693333333333333,True,1.0,0.7364902885908897,0.7073169553676563,0.7219036219792729,1.0205677098726418,-0.05972222222222218,-0.059444444444444466,0.35132189950574855,0.4288772540646994,0.17777820693070223,0.7073549505787915,0.029173333223233455,0.0002777777777777102,0.005853090544512722,0.28565595410164185,0.10732744592255691,0.11510163015018161,0.0,0.9999999987499999,0.6154048515968887,0.30822152075694825,0.32094082072616054,0.42550404332497116,fearful,06,05,05,male,strong,520
90,3.003,True,1.0,0.7639980389223008,0.749774468429291,0.7568862536757959,1.1036678139314005,-0.06018518518518512,-0.06000000000000005,0.3495201406455194,0.4622939073588132,0.17778164011680334,0.6857917247578997,0.014223570493009818,0.0001851851851850661,0.004219712540551165,0.27395045628928066,0.10674666354339164,0.11547558957061312,0.0,0.9999999987499999,0.6176091419380253,0.30832391815436305,0.31920144813281665,0.4241209649554502,fearful,06,05,05,male,strong,520
0,0.0,True,1.0,0.748221323461198,0.7154761102869839,0.7318487168740909,1.0342369873367718,-0.05837962962962956,-0.05754629629629632,0.3585799196363886,0.45061728164340237,0.17223329679369823,0.7076218756773043,0.03274521317421408,0.0008333333333332416,0.014229826095824287,0.27357868079943903,0.11028984983651688,0.11593964714765166,0.0,0.9999999987499999,0.6229691106129951,0.30941484573594685,0.3151858895445759,0.41905553427985676,fearful,06,05,05,male,strong,521
10,0.33366666666666667,True,1.0,0.7886232067704856,0.7413579512846122,0.7649905790275489,1.0876689136450586,-0.059074074074074,-0.058611111111111114,0.35256450496565744,0.4692808627811918,0.17083735267438857,0.7033303695918535,0.04726525548587335,0.0004629629629628873,0.012873962722971994,0.2700073972742631,0.10921614983582612,0.11646189733175448,0.0,0.9999999987499999,0.6204690275016256,0.3102253906682378,0.3162436690604565,0.4199578120265721,fearful,06,05,05,male,strong,521
20,0.6673333333333333,True,1.0,0.7200195234179692,0.7065734653527693,0.7132964943853692,0.9825605568334385,-0.057453703703703674,-0.059537037037037,0.3606144300304996,0.37563351538944867,0.1736326429790067,0.7259567763275131,0.013446058065199828,0.002083333333333326,0.015475169644192035,0.27294059074384214,0.10797773091223797,0.118257204142734,0.0,0.9999999987499999,0.6276516455644758,0.3079278895000864,0.31058561494551384,0.41683264990517416,fearful,06,05,05,male,strong,521
30,1.0010000000000001,True,1.0,0.6918191187832293,0.7003909266431895,0.6961050227132094,1.026386555068374,-0.056157407407407434,-0.05777777777777782,0.3923238564436687,0.3486991855264153,0.17156380203447152,0.6782094126971856,0.008571807859960145,0.0016203703703703831,0.008690919317999085,0.25992498895109484,0.10507045344999555,0.11403416470442526,0.0,0.9999999987499999,0.615698105906425,0.31190642711035604,0.31950402474920925,0.42021252282534227,fearful,06,05,05,male,strong,521
40,1.3346666666666667,True,1.0,0.7056327188824523,0.6893533507065879,0.6974930347945201,1.2309534165444416,-0.05819444444444449,-0.05935185185185182,0.35521126942968684,0.4908719243472925,0.17361506614418631,0.5666282943123365,0.016279368175864395,0.0011574074074073293,0.013178219145648548,0.2346561043722095,0.10540653992122581,0.11472434761435461,0.0,0.9999999987499999,0.6138167961715937,0.3116361958432867,0.31269995709660575,0.4154169929976744,fearful,06,05,05,male,strong,521
50,1.6683333333333334,True,1.0,0.6914545983194965,0.714671617001465,0.7030631076604807,1.2986101194813222,-0.05712962962962964,-0.060046296296296264,0.351577311237283,0.5017254782748342,0.17292769676479455,0.541396603270958,0.02321701868196846,0.002916666666666623,0.014289171954196283,0.23038934252028642,0.10534722514660498,0.11544086164514011,0.0,0.9999999987499999,0.6134096841080182,0.312252479426484,0.3138325490766731,0.4181030659404982,fearful,06,05,05,male,strong,521
60,2.0020000000000002,True,1.0,0.6922754356863327,0.6578674880939055,0.675071461890119,0.6753244241700999,-0.0553703703703704,-0.05842592592592594,0.37778606122035824,0.20671834625323035,0.1743073063560256,0.9996254210999526,0.03440794759242716,0.0030555555555555336,0.014301074393472467,0.3793508523806836,0.10685258187185101,0.11504685921893369,0.0,0.9999999987499999,0.6166274188503525,0.309915056554791,0.3209565793457296,0.42613389107003996,fearful,06,05,05,male,strong,521
70,2.3356666666666666,True,1.0,0.6773508651236753,0.6738983060385739,0.6756245855811246,0.8602778408431804,-0.056157407407407434,-0.05712962962962964,0.36178524383150085,0.2795411644967309,0.17569618140473187,0.7853562576003673,0.0034525590851013366,0.0009722222222222077,0.015616441967933553,0.31869398449584263,0.10599511853011884,0.11517757215089522,0.0,0.9999999987499999,0.6144156048200531,0.3105746904313447,0.3120738744803692,0.41177582526495343,fearful,06,05,05,male,strong,521
80,2.6693333333333333,True,1.0,0.6671242168241664,0.6734493833096066,0.6702868000668865,0.9304986071496424,-0.057222222222222174,-0.05777777777777782,0.3740575522237422,0.34024496252356384,0.1743059932573217,0.720352287382942,0.006325166485440126,0.0005555555555556424,0.007967654769239779,0.30259644526114504,0.10625377226248092,0.11527003970456888,0.0,0.9999999987499999,0.6150664289153162,0.31003582593828993,0.313453117128109,0.41313627397988356,fearful,06,05,05,male,strong,521
90,3.003,True,1.0,0.6810094450522418,0.707414864617034,0.6942121548346378,0.9095937567410044,-0.05689814814814814,-0.05856481481481485,0.3793288072474161,0.3445305770887167,0.17222266521875434,0.7632112134563674,0.026405419564792143,0.0016666666666667052,0.003938737675815772,0.3068070392674457,0.10620789349573731,0.11464952569929612,0.0,0.9999999987499999,0.6190075643226042,0.3080183175745452,0.31473768650941547,0.41961832209387273,fearful,06,05,05,male,strong,521
100,3.336666666666667,True,1.0,0.6535256926334495,0.6507093385455189,0.6521175155894843,0.8885804700661395,-0.058009259259259316,-0.056851851851851876,0.3798363593453786,0.347088340504416,0.1708337799314539,0.7338868426187055,0.0028163540879305726,0.0011574074074074403,0.005282107010563564,0.32555789743230645,0.10636161826586732,0.11450692792656858,0.0,0.9999999987499999,0.6225789370044893,0.30760356823179474,0.31640700335431915,0.41839380128359593,fearful,06,05,05,male,strong,521
0,0.0,True,1.0,0.7341151546342242,0.7314986358596911,0.7328068952469576,1.0198025492452851,-0.054166666666666696,-0.05430555555555566,0.34751785302297206,0.4480950595168673,0.1673684047799813,0.7185772341805564,0.002616518774533061,0.0001388888888889661,0.002471100557475397,0.28165782593669714,0.10667531202105386,0.1160351309369524,0.0,0.9999999987499999,0.6254798248440001,0.31481349197205666,0.31231900979140353,0.4216653085316135,fearful,06,05,05,male,strong,522
10,0.33366666666666667,True,1.0,0.7170273067899448,0.700390926643189,0.7087091167165669,1.1620442904543926,-0.05629629629629623,-0.05703703703703705,0.3426048147931165,0.4867460922363643,0.17085521526842073,0.6098813294280214,0.016636380146755725,0.0007407407407408195,0.011300160875667866,0.2435901815039459,0.11924980515431788,0.11038804114745321,0.0,0.9999999987499999,0.5680171474527311,0.28600694979575086,0.3292630441937703,0.3884071383021365,fearful,06,05,05,male,strong,522
20,0.6673333333333333,True,1.0,0.7309730728227466,0.7006619311801374,0.715817502001442,1.2026995200186874,-0.05759259259259264,-0.05981481481481471,0.33801787774873815,0.5300792166874179,0.1694557005543102,0.595175677787183,0.030311141642609174,0.00222222222222207,0.009036116539719325,0.24457079223011807,0.12009264599686494,0.10999138092523233,0.0,0.9999999987499999,0.5637524472132602,0.28678107714053747,0.3307099702423332,0.3940455734018439,fearful,06,05,05,male,strong,522
30,1.0010000000000001,True,1.0,0.6635272966510941,0.6955683644802008,0.6795478305656475,1.4010042816701573,-0.056990740740740786,-0.05884259259259256,0.33146631132232385,0.610889962779709,0.16974854687787144,0.48504336457526653,0.03204106782910665,0.0018518518518517713,0.0028854209529167,0.20962059034231062,0.09995776074934434,0.11724847714593772,0.0,0.9999999987499999,0.6216439651094814,0.3143886317128849,0.31199701827853715,0.4259910852611887,fearful,06,05,05,male,strong,522
40,1.3346666666666667,True,1.0,0.6448962315573931,0.6670936539642913,0.6559949427608422,1.0624380767452044,-0.05324074074074081,-0.058333333333333404,0.33365178154246816,0.43601386964161915,0.17370995992350355,0.6174429899674652,0.02219742240689826,0.005092592592592593,0.013411977953171639,0.26193054994820464,0.11554559049459721,0.11342280386479514,0.0,0.9999999987499999,0.5534285539528311,0.284617910832267,0.30135054695181224,0.36882037364445003,fearful,06,05,05,male,strong,522
50,1.6683333333333334,True,1.0,0.6451612903225818,0.6679857518853336,0.6565735211039577,1.09594201176558,-0.05384259259259261,-0.05925925925925929,0.36086018542261955,0.385016216515461,0.17153889718267493,0.5990951291722153,0.022824461562751752,0.005416666666666681,0.01587860088473512,0.2508156117449812,0.12178813895334754,0.10881365953270195,0.0,0.9999999987499999,0.5536284478713359,0.2840359337196508,0.32376979953108737,0.37980429931139575,fearful,06,05,05,male,strong,522
60,2.0020000000000002,True,1.0,0.6705100872427674,0.6789954036720329,0.6747527454574002,1.0342483209628421,-0.053518518518518576,-0.05814814814814817,0.3288212003067842,0.41206740007808973,0.17293254978509287,0.6524088381688001,0.008485316429265533,0.004629629629629595,0.012112483395105613,0.27245041463021363,0.12054656874410347,0.10809274112628733,0.0,0.9999999987499999,0.5516936235978767,0.28324227227154875,0.3290893018910247,0.3831005847752985,fearful,06,05,05,male,strong,522
70,2.3356666666666666,True,1.0,0.6450978296273694,0.6496956291796988,0.6473967294035341,0.9037421250181026,-0.054814814814814816,-0.056574074074074054,0.355766408838053,0.3259259259259258,0.17430949483188374,0.7163511708503865,0.004597799552329418,0.0017592592592592382,0.009995043098590145,0.3139395370993409,0.10661032486152112,0.11527138717687813,0.0,0.9999999987499999,0.6109645808010704,0.3133032788104397,0.3065328323410337,0.4246594688199555,fearful,06,05,05,male,strong,522
80,2.6693333333333333,True,1.0,0.663065412954808,0.6844417732136563,0.6737535930842322,0.8668503213957763,-0.05546296296296305,-0.05861111111111117,0.3586464536522414,0.30853994490358133,0.17362693070286384,0.7772432869372125,0.02137636025884826,0.003148148148148122,0.0098457333866851,0.31507485613257563,0.12245665362822064,0.10788432381771226,0.0,0.9999999987499999,0.5541220876241122,0.2818863829006035,0.32900602435006054,0.3805585661360346,fearful,06,05,05,male,strong,522
90,3.003,True,1.0,0.6729225882193528,0.680755749199278,0.6768391687093154,0.808080808080808,-0.05550925925925926,-0.05856481481481485,0.36432727357215017,0.27915518824609764,0.17223329679369812,0.8375884712777779,0.007833160979925147,0.003055555555555589,0.005035176606760461,0.34820228992748503,0.12103212542707419,0.10807891735825946,0.0,0.9999999987499999,0.5560384669023859,0.2838436455330227,0.32771006913923656,0.38082515729823757,fearful,06,05,05,male,strong,522
0,0.0,True,1.0,0.661255027468633,0.67182374647539,0.6665393869720115,0.5311016006966319,-0.054814814814814816,-0.05819444444444449,0.37607338848141497,0.16771629495683155,0.17708721081845535,1.2550129506251335,0.010568719006757044,0.003379629629629677,0.009972475316141233,0.5039769985792519,0.1221940915309937,0.10923317730092125,0.0,0.9999999987499999,0.5554528605113921,0.27877330909654296,0.34417188861866616,0.3882978500482692,fearful,06,05,05,male,strong,523
10,0.33366666666666667,True,1.0,0.6344136919843384,0.6314136492171681,0.6329136706007532,0.8164237196958619,-0.05726851851851855,-0.0593981481481482,0.39573519304586696,0.23043269548585427,0.1791670924928321,0.7752269505796932,0.0030000427671702523,0.002129629629629648,0.007862153263458588,0.3175272547423756,0.10602680452033625,0.11744194424045691,0.0,0.9999999987499999,0.6131534281994047,0.3125678124251474,0.3181383542528347,0.42030302516206103,fearful,06,05,05,male,strong,523
20,0.6673333333333333,True,1.0,0.6633562288534577,0.6852991695713229,0.6743276992123903,0.7515045881275906,-0.058518518518518525,-0.05962962962962959,0.38010818468819363,0.2254513764382765,0.17917049906572247,0.8973035026872023,0.021942940717865178,0.0011111111111110628,0.0096082192414363,0.3379893911240368,0.10722237723353309,0.11635143043590525,0.0,0.9999999987499999,0.6097056443358594,0.3102148551268807,0.3193362449920837,0.4209533438752766,fearful,06,05,05,male,strong,523
30,1.0010000000000001,True,1.0,0.6159072205925032,0.6150598593176746,0.6154835399550889,1.285254640302331,-0.058657407407407436,-0.05944444444444441,0.35994380526846026,0.46929706878992766,0.1764995825022167,0.47888062073855525,0.0008473612748286508,0.000787037037036975,0.014703611298887474,0.22147534587384515,0.10230598752806952,0.11652070984899426,0.0,0.9999999987499999,0.6078101339832809,0.31143913518715327,0.3124920562058289,0.4185071382085171,fearful,06,05,05,male,strong,523
40,1.3346666666666667,True,1.0,0.5925692565665861,0.5845426054540448,0.5885559310103154,0.9162827953290309,-0.05791666666666667,-0.060231481481481386,0.37721763272553543,0.3213374758754542,0.18056611902358904,0.6423300033686314,0.008026651112541305,0.002314814814814714,0.012802436362735278,0.302196208496094,0.10719262139598822,0.11522720091152737,0.0,0.9999999987499999,0.6104460254961359,0.3094224249365932,0.3191851590525235,0.41720386526206016,fearful,06,05,05,male,strong,523
50,1.6683333333333334,True,1.0,0.5928051395091948,0.5804756243508398,0.5866403819300172,1.0481194367604867,-0.0562037037037037,-0.05814814814814806,0.38695647501647457,0.2918739635157548,0.17709410391571495,0.5597075689610311,0.012329515158355009,0.0019444444444443598,0.008684289896167404,0.2637466077187813,0.0941046933494382,0.11705487449068942,0.0,0.9999999987499999,0.6394038056628901,0.3344788454986616,0.2913689552707676,0.4404954936888787,fearful,06,05,05,male,strong,523
60,2.0020000000000002,True,1.0,0.5780170978537433,0.5821533773661395,0.5800852376099415,0.9468101415998532,-0.05750000000000005,-0.05912037037037038,0.3523743117489424,0.32044681840208883,0.17708333333333337,0.6126732405186897,0.004136279512396146,0.0016203703703703276,0.010808665136075212,0.2682591861190489,0.09604989329646993,0.11742743427744845,0.0,0.9999999987499999,0.6365517368822529,0.3354350554150469,0.29034265461327446,0.43808202709148225,fearful,06,05,05,male,strong,523
70,2.3356666666666666,True,1.0,0.5975098322303253,0.6439125067949877,0.6207111695126565,0.9215209047723734,-0.05388888888888893,-0.055416666666666725,0.39346361221016807,0.2764473460994561,0.1798649287135741,0.673572532427769,0.046402674564662405,0.0015277777777777946,0.006493404545043329,0.31338273932074356,0.12231583083795361,0.10786747851996528,0.0,0.9999999987499999,0.5479208228760254,0.27459650121407875,0.33423096284763154,0.3787483825118946,fearful,06,05,05,male,strong,523
80,2.6693333333333333,True,1.0,0.6059454029012874,0.6224489765741268,0.6141971897377071,0.8621137762197011,-0.05439814814814814,-0.05523148148148155,0.3955682089747852,0.2547061835198051,0.1784726497052948,0.7124317076000246,0.01650357367283939,0.0008333333333334081,0.004439809348062862,0.33237429253973316,0.12219965468262067,0.10639955010975843,0.0,0.8715162448475405,0.5487764304393633,0.2745256237440665,0.33430932537856034,0.3769042728195453,fearful,06,05,05,male,strong,523
90,3.003,True,1.0,0.6160101321692182,0.6176999305750174,0.6168550313721177,0.8624081501281144,-0.05458333333333343,-0.05481481481481476,0.3906996862241104,0.2852153646084411,0.17708333333333326,0.7152704102813514,0.0016897984057991922,0.00023148148148133263,0.001833735892021075,0.32915653443970827,0.10560965898350733,0.1142042320908387,0.0,0.9999999987499999,0.6182605398018582,0.3082012048092677,0.3179018486023158,0.4211087518035037,fearful,06,05,05,male,strong,523
0,0.0,True,1.0,0.37355701224353577,0.3455222412505845,0.35953962674706014,1.167991240182877,-0.056666666666666754,-0.05824074074074065,0.33502796979294835,0.5319121933950313,0.17572223374872628,0.3078273315566696,0.028034770992951263,0.0015740740740738945,0.024332256828365772,0.2871487036052234,0.11112809773247422,0.11612502890026541,0.0,0.9999999987499999,0.6110533220006752,0.30323352890805394,0.3191885343431164,0.40332203056279725,disgust,07,05,05,male,normal,524
10,0.33366666666666667,True,1.0,0.31682115570623615,0.3488975632169882,0.33285935946161216,1.0969168735114831,-0.055555555555555525,-0.05657407407407411,0.3401946971019474,0.4749967804101837,0.17642392055103365,0.3034499400087199,0.03207640751075208,0.0010185185185185852,0.026819205715591,0.2935067597042018,0.1127163365021994,0.11408414476291412,0.0,0.9999999987499999,0.6114934727484744,0.30292191658856654,0.3206540994658777,0.4014113027385919,disgust,07,05,05,male,normal,524
20,0.6673333333333333,True,1.0,0.3590427996948437,0.39162538934795865,0.3753340945214012,0.7937867187639963,-0.056342592592592555,-0.05828703703703708,0.37106514989534106,0.32276429957789593,0.17919391750124905,0.4728399778542946,0.032582589653114946,0.0019444444444445264,0.031671068647976156,0.36214004028584634,0.11016015118106183,0.11424294475653383,0.0,0.9999999987499999,0.6143399123086736,0.30237895324979547,0.3266807625062773,0.4045357160850955,disgust,07,05,05,male,normal,524
30,1.0010000000000001,True,1.0,0.32878418418936184,0.32855554208378723,0.32866986313657454,1.121546423163278,-0.05703703703703711,-0.05745370370370373,0.35844031545898014,0.49827287912244006,0.17362209709164386,0.2930506097193677,0.00022864210557460574,0.0004166666666666208,0.026553509064789323,0.2718516754197402,0.11069959517799553,0.11538348425023046,0.0,0.9999999987499999,0.6169376221738695,0.3028416190563699,0.3262577959645783,0.4118530550584748,disgust,07,05,05,male,normal,524
40,1.3346666666666667,True,1.0,0.34285683528292243,0.335477902920203,0.33916736910156275,0.9291373677127867,-0.057453703703703674,-0.05861111111111117,0.3598484373874685,0.40873783220203536,0.17363923383335514,0.36503468796704946,0.007378932362719415,0.0011574074074074958,0.027356844873818103,0.3190977709303397,0.11189798249895745,0.1133846135321897,0.0,0.9999999987499999,0.614795811426133,0.3017695891642434,0.31701973881554874,0.39745536153170175,disgust,07,05,05,male,normal,524
50,1.6683333333333334,True,1.0,0.15717937296121817,0.14901730255483814,0.15309833775802817,1.0704385778413474,-0.06305555555555559,-0.0643981481481481,0.35954806757463265,0.4791520443298351,0.17643213684734227,0.14302393516755268,0.008162070406380034,0.0013425925925925064,0.02690271034627395,0.28727843706716155,0.1096403863481314,0.11556909082453787,0.0,0.9999999987499999,0.6130934666522859,0.30429187171207767,0.32029722077196865,0.4010558355594947,disgust,07,05,05,male,normal,524
60,2.0020000000000002,True,1.0,0.3179653605803427,0.3194650182520724,0.3187151894162076,1.2639784990265603,-0.06231481481481477,-0.06398148148148147,0.3518588784684443,0.5676722064636109,0.1820266136881089,0.2521523820711054,0.001499657671729715,0.0016666666666667052,0.032399532683252186,0.2548630956779993,0.10869787636661697,0.11447599475613233,0.0,0.9999999987499999,0.6141123914878451,0.30355668532580043,0.32911370981504556,0.41781272742284137,disgust,07,05,05,male,normal,524
70,2.3356666666666666,True,1.0,0.3340396937053427,0.3317242952380055,0.3328819944716741,1.2427892583927533,-0.060925925925925994,-0.06236111111111109,0.3495621616732082,0.5495565994292864,0.18132112357228442,0.2678507174274875,0.002315398467337193,0.001435185185185095,0.03612255480932514,0.25431076157769017,0.11066893797746868,0.11408463260755336,0.0,0.9999999987499999,0.612629086861307,0.3032520627603204,0.3273101291924633,0.41316204293766845,disgust,07,05,05,male,normal,524
80,2.6693333333333333,True,1.0,0.19969309311945038,0.19702596832857425,0.1983595307240123,1.2754657446845026,-0.06666666666666671,-0.06861111111111112,0.35184951487767613,0.5452326698545035,0.17920924427469404,0.15551929289412492,0.0026671247908761353,0.0019444444444444153,0.027506638377627218,0.24458896642016723,0.10756053864997102,0.11521503518346773,0.0,0.9999999987499999,0.6131709330998024,0.30572664049101395,0.3188292495296481,0.40802847574044643,disgust,07,05,05,male,normal,524
90,3.003,True,1.0,0.34487778852186585,0.3777287106433786,0.3613032495826222,1.0623466680898679,-0.05851851851851847,-0.06000000000000005,0.32011154651907175,0.5463289834661799,0.17919391750124905,0.3400991977809434,0.03285092212151275,0.0014814814814815835,0.028914207734109416,0.2825421229050798,0.1082553056576545,0.11489460604672112,0.0,0.9999999987499999,0.6135800579294218,0.3040268898162003,0.31788362672111564,0.4019387042439954,disgust,07,05,05,male,normal,524
100,3.336666666666667,True,1.0,0.3318593940603387,0.35974022588127846,0.3457998099708086,1.094586964570938,-0.05972222222222212,-0.05995370370370373,0.3468291124379137,0.5107839316321513,0.1806163926619766,0.31591807792664245,0.027880831820939755,0.00023148148148161019,0.029123428336602107,0.2910510250390476,0.11096159406205235,0.11194328229409238,0.0,0.9999999987499999,0.609587789350115,0.3044743487595291,0.3241194839588725,0.4048461074863774,disgust,07,05,05,male,normal,524
110,3.6703333333333332,True,1.0,0.34468865312300423,0.3475892992140754,0.34613897616853984,1.0596580972476233,-0.05944444444444441,-0.05874999999999997,0.34788466123593503,0.4863643562177957,0.18132112357228442,0.32665156531867023,0.0029006460910711573,0.000694444444444442,0.029976294567832303,0.30642631728690106,0.11005992993373227,0.11299862644242147,0.0,0.9999999987499999,0.6081649544114521,0.30390910145443334,0.3203608484875476,0.39919363524542006,disgust,07,05,05,male,normal,524
120,4.0040000000000004,True,1.0,0.34079032020820765,0.36142560707636673,0.3511079636422872,1.022931949614747,-0.05958333333333338,-0.059537037037036944,0.35284566411968893,0.4825213754940692,0.18131060409212146,0.3432368729655186,0.020635286868159075,4.629629629643306e-05,0.029284690968463634,0.32265687197194654,0.10824427942124686,0.11085424184155254,0.0,0.9467554449241581,0.6112210776419944,0.30425825808404655,0.3224892267405901,0.40247523986222206,disgust,07,05,05,male,normal,524
0,0.0,True,1.0,0.5281518525159425,0.524780212691809,0.5264660326038757,0.6733822169376346,-0.06532407407407403,-0.06370370370370365,0.3694883441264156,0.2626024473203229,0.19516390952681315,0.7818234865157339,0.0033716398241335765,0.0016203703703703831,0.01509361173626757,0.4274729498332503,0.11224945049126063,0.11684896546569508,0.0,0.9999999987499999,0.5999752211665917,0.301745297914047,0.30878877724129833,0.40816808528677045,disgust,07,05,05,male,normal,525
10,0.33366666666666667,True,1.0,0.5230109173197128,0.5207960087239714,0.5219034630218421,0.7777027714824329,-0.06578703703703698,-0.06620370370370371,0.3601468442579578,0.3541325120143217,0.19653127163199047,0.6710834552215956,0.0022149085957414716,0.0004166666666667318,0.01549639010610952,0.37165178571428575,0.11127985554762537,0.11712385677146647,0.0,0.9999999987499999,0.5999548984203056,0.30283236859071283,0.3093014843859435,0.40514266401259935,disgust,07,05,05,male,normal,525
20,0.6673333333333333,True,1.0,0.3648302029164423,0.4130632399484951,0.38894672143246867,0.7056950093395628,-0.06939814814814821,-0.07180555555555557,0.35846312588818346,0.283386066891909,0.19423177563420363,0.5511541335632675,0.048233037032052783,0.002407407407407358,0.0146260851873544,0.4119053084924442,0.11267283640112126,0.11512436850346476,0.0,0.9999999987499999,0.5955105066401561,0.30403788465310866,0.3059157470848235,0.3961637545136004,disgust,07,05,05,male,normal,525
30,1.0010000000000001,True,1.0,0.5142299653343723,0.5294911503317903,0.5218605578330813,1.1757607122272224,-0.06958333333333339,-0.07101851851851865,0.3326864643617854,0.47614888698131497,0.19097262172464527,0.4438492904262213,0.01526118499741802,0.0014351851851852615,0.020139027083500547,0.2575175316417646,0.10586316560767514,0.11612212616057224,0.0,0.9999999987499999,0.6140254101875126,0.3060563611026897,0.30882244448725366,0.4004529338779787,disgust,07,05,05,male,normal,525
40,1.3346666666666667,True,1.0,0.5165462449278536,0.508376231350257,0.5124612381390553,1.0783553784945208,-0.06912037037037039,-0.07134259259259257,0.34076531693574225,0.43715846994535495,0.19321356755444016,0.4752248176797675,0.008170013577596613,0.002222222222222181,0.01203714425339509,0.2815663274068507,0.10587820998709128,0.11741377366638761,0.0,0.9999999987499999,0.6115711965958258,0.306810717426041,0.30588008802060807,0.39798156089551706,disgust,07,05,05,male,normal,525
50,1.6683333333333334,True,1.0,0.2752588745668682,0.30632065643038553,0.2907897654986269,1.023225925225547,-0.07171296296296298,-0.07277777777777772,0.37403062014184185,0.4442832988957665,0.1951451443491232,0.2841892081990875,0.031061781863517324,0.0010648148148147407,0.0036430241021347806,0.31112509098137114,0.09575928098816967,0.11685214884470228,0.0,0.9999999987499999,0.6406149220703906,0.3301797898606131,0.2951333030481279,0.43461225839914647,disgust,07,05,05,male,normal,525
60,2.0020000000000002,True,1.0,0.24513419372756043,0.262106108940666,0.2536201513341132,1.2741830810387837,-0.07842592592592595,-0.07796296296296301,0.33606778963574213,0.5481481481481486,0.19866641918814595,0.19904529820577133,0.016971915213105565,0.0004629629629629428,0.00808851873804487,0.2618637729452805,0.1070467784905173,0.11683958513377772,0.0,0.9999999987499999,0.5981567263780513,0.30740245131842203,0.30694462441201875,0.4059618786080879,disgust,07,05,05,male,normal,525
70,2.3356666666666666,True,1.0,0.29008115601845874,0.3010133912057504,0.29554727361210453,1.0752688172043008,-0.08467592592592599,-0.08375000000000005,0.34922571775256317,0.473118279569892,0.19793054364727783,0.2748589644592573,0.010932235187291639,0.0009259259259259411,0.0018576667441817024,0.29250000000000054,0.10507430003017705,0.11502871844419317,0.0,0.9999999987499999,0.6073872525494574,0.3075283963253255,0.31161014247927893,0.3982322871830751,disgust,07,05,05,male,normal,525
80,2.6693333333333333,True,1.0,0.4440077991079676,0.4445861597418705,0.4442969794249191,1.091464245318856,-0.07689814814814816,-0.07606481481481486,0.3557714221033243,0.4897468624660924,0.19791705215148858,0.4070650791635633,0.0005783606339028746,0.0008333333333332971,0.007808615058347122,0.29594320254365863,0.11033733461008532,0.11340179071011736,0.0,0.9999999987499999,0.6058594377829257,0.30449124940383254,0.32176876966786394,0.40948749170617293,disgust,07,05,05,male,normal,525
90,3.003,True,1.0,0.46565605160069645,0.4875811744484575,0.476618613024577,1.1898767563040082,-0.07509259259259266,-0.07490740740740737,0.31470245647115247,0.6187359132780835,0.19930900071578367,0.40056132746474377,0.021925122847761047,0.00018518518518528815,0.005385269156653068,0.24750000000000041,0.11011177796853724,0.11528542567494555,0.0,0.9999999987499999,0.6057383836034415,0.3036499927655085,0.31987722317562534,0.4012518445169977,disgust,07,05,05,male,normal,525
100,3.336666666666667,True,1.0,0.4932974090975791,0.49388580456758924,0.4935916068325842,0.959435626102292,-0.07449074074074075,-0.07398148148148159,0.3537738189267625,0.4232804232804226,0.19653127163199058,0.5144603696214622,0.0005883954700101612,0.0005092592592591538,0.008413939821884962,0.3146820445204945,0.11106888599817553,0.11601756357830466,0.0,0.9999999987499999,0.6073572119785415,0.3041513638509759,0.31813531371529064,0.4036756637058949,disgust,07,05,05,male,normal,525
110,3.6703333333333332,True,1.0,0.5087250972502286,0.5133349763497356,0.511030036799982,1.0117434507678404,-0.0743981481481481,-0.07393518518518521,0.34258058217760756,0.4336043360433599,0.19792630356198262,0.5050984381585539,0.004609879099506942,0.0004629629629628873,0.005316103867301061,0.29732142857142885,0.11275768826578125,0.1153720066480858,0.0,0.9999999987499999,0.6102387560571104,0.3036510925408549,0.3203660902333593,0.40414677786041153,disgust,07,05,05,male,normal,525
120,4.0040000000000004,True,1.0,0.5079822517375105,0.5219555369807409,0.5149688943591257,0.9972899728997292,-0.07300925925925922,-0.07194444444444442,0.3416000296609599,0.43360433604336013,0.2000137324387066,0.5163682663546667,0.013973285243230382,0.0010648148148147962,0.007031480046519341,0.30197840832537703,0.10925206822120731,0.11394721274164442,0.0,0.9999999987499999,0.6103721289844064,0.30481737357123834,0.3204350768352834,0.40554921652201104,disgust,07,05,05,male,normal,525
0,0.0,True,1.0,0.43980049200898474,0.4733780483234798,0.4565892701662323,1.0378033943354952,-0.05986111111111114,-0.06254629629629627,0.33594872190644526,0.45115890490466704,0.18056231624629018,0.43995738755372454,0.03357755631449505,0.002685185185185124,0.015325243566303777,0.28528817014831853,0.11014045976477846,0.11591733232359483,0.0,0.9999999987499999,0.6194795395814576,0.30660420198365596,0.31353785983450727,0.40398936171161104,disgust,07,05,05,male,normal,526
10,0.33366666666666667,True,1.0,0.39030559010052224,0.39859865070632317,0.3944521204034227,0.9028907109760751,-0.05736111111111103,-0.06050925925925926,0.3514105480828848,0.3582756841985527,0.1812605229973301,0.4368769283017631,0.008293060605800928,0.003148148148148233,0.01764960424528002,0.33072507439981114,0.11028626078537862,0.115943061197141,0.0,0.9999999987499999,0.619192798846101,0.3049193290843317,0.3127786346021143,0.4010977676073617,disgust,07,05,05,male,normal,526
20,0.6673333333333333,True,1.0,0.32464589770724606,0.34889756321698817,0.3367717304621171,0.9029432412434336,-0.057731481481481495,-0.06101851851851853,0.35783701636343423,0.3738604961895096,0.18195492727998097,0.372971096165859,0.024251665509742115,0.0032870370370370328,0.02015457827907525,0.3163940298931514,0.11122070956739412,0.1160363314072037,0.0,0.9999999987499999,0.6205724561152587,0.30522836830135147,0.31686747320594716,0.40325151348650945,disgust,07,05,05,male,normal,526
30,1.0010000000000001,True,1.0,0.33725501829342464,0.3551300791746515,0.34619254873403804,1.2145390144177743,-0.058148148148148115,-0.06069444444444444,0.3385461731193126,0.5923326407930174,0.1826388888888889,0.28504028658148606,0.017875060881226867,0.0025462962962963243,0.02451389625361933,0.24035009178786934,0.11108240960327674,0.11633262082329625,0.0,0.9999999987499999,0.620016673685099,0.30544185731575846,0.3235627638648126,0.41298455506182846,disgust,07,05,05,male,normal,526
40,1.3346666666666667,True,1.0,0.3186345220394388,0.32345646607791634,0.32104549405867755,1.1149721578580891,-0.057592592592592695,-0.05995370370370373,0.3441958013127593,0.5280145627691286,0.18127062450005693,0.2879403685518212,0.004821944038477521,0.002361111111111036,0.016624681298510163,0.27409704886793207,0.1098708923750361,0.11468740249692501,0.0,0.9999999987499999,0.6178428451380552,0.305729082399638,0.32104925168411436,0.4079080318129015,disgust,07,05,05,male,normal,526
50,1.6683333333333334,True,1.0,0.24567222004595707,0.2515178227806718,0.24859502141331444,1.0832673336457082,-0.05833333333333335,-0.06162037037037038,0.35145138490227007,0.5270567080256112,0.18264557246431654,0.22948630840429235,0.005845602734714739,0.0032870370370370328,0.019432358783798467,0.26993168218832475,0.10890610234994068,0.11411108020395108,0.0,0.9999999987499999,0.6167670860609868,0.305385422311463,0.32251776113780833,0.4072373804320153,disgust,07,05,05,male,normal,526
60,2.0020000000000002,True,1.0,0.28970743071613964,0.3344925240129071,0.31209997736452333,1.3071851352366457,-0.06055555555555553,-0.06245370370370362,0.3514617223317903,0.6030282734239564,0.1861258682802443,0.23875728766455293,0.04478509329676744,0.0018981481481480933,0.017996980691361325,0.23580348585948493,0.10811005820168294,0.1145333365233996,0.0,0.9999999987499999,0.6168140287521258,0.3065390152565444,0.33130869953324554,0.43058183914491005,disgust,07,05,05,male,normal,526
70,2.3356666666666666,True,1.0,0.3186345220394388,0.3613820691891173,0.34000829561427803,1.1715495882425173,-0.05962962962962959,-0.061759259259259125,0.3532738878043237,0.5570824624455714,0.18473254743001213,0.29022100218936225,0.04274754714967849,0.002129629629629537,0.019192897799242756,0.2685831258181232,0.1082709323033933,0.11354538889865468,0.0,0.9999999987499999,0.6165070596910639,0.3051165570087296,0.322913221326827,0.41040767534413913,disgust,07,05,05,male,normal,526
80,2.6693333333333333,True,1.0,0.3532782273986159,0.38539152948116917,0.36933487843989254,1.1828971982365966,-0.05805555555555547,-0.0618981481481482,0.31571943411692643,0.639330013537264,0.18403441091295172,0.31222905844267645,0.03211330208255325,0.0038425925925927307,0.02042937525314202,0.2435901815039459,0.10996868812304166,0.11308742364836742,0.0,0.9999999987499999,0.6142587906803346,0.3049189674596106,0.3190239977783395,0.40125039551712993,disgust,07,05,05,male,normal,526
90,3.003,True,1.0,0.3186345220394387,0.32799373924909825,0.3233141306442685,1.0863396943028139,-0.059444444444444466,-0.06273148148148144,0.3532738878043238,0.4999457996306411,0.18612135926937018,0.29761789276397893,0.009359217209659543,0.0032870370370369772,0.018089637307810633,0.28965014544833506,0.10930914852559342,0.11372505354336979,0.0,0.9999999987499999,0.6124471786214486,0.3052522148704507,0.31837513962125874,0.40311980538213976,disgust,07,05,05,male,normal,526
100,3.336666666666667,True,1.0,0.3620390005272938,0.3470205496687825,0.3545297750980382,1.0577914324016935,-0.058379629629629615,-0.060694444444444384,0.3517836044691331,0.4856616339269089,0.18750651030364252,0.33516037683637284,0.015018450858511334,0.0023148148148147696,0.02346293043077466,0.29746738423347335,0.10965716254580025,0.11389247692346427,0.0,0.9848652649074358,0.614051137642557,0.3058790977103567,0.3186581254904108,0.3983166325744496,disgust,07,05,05,male,normal,526
110,3.6703333333333332,True,1.0,0.34626180151649144,0.36381084625744,0.3550363238869657,1.0519385238231158,-0.059305555555555556,-0.06120370370370376,0.3493028792080618,0.47518131386224205,0.18681576561865806,0.3375067229182162,0.01754904474094854,0.0018981481481482043,0.019838399643977624,0.30920503755296147,0.11020056873758968,0.1138698208043804,0.0,0.9999999987499999,0.6133037035361019,0.3059261577253289,0.3203274278199233,0.4000673695292737,disgust,07,05,05,male,normal,526
0,0.0,True,1.0,0.38567247400077953,0.39951628942206446,0.392594381711422,0.6464077210111879,-0.05638888888888893,-0.058657407407407436,0.3732367731337726,0.21541008431309885,0.1847486536019033,0.607347915178487,0.013843815421284933,0.002268518518518503,0.023302619579033262,0.42175917628627274,0.11267346550244012,0.11445987361446144,0.0,0.9999999987499999,0.6108139258125125,0.3049951549683155,0.32232006316383155,0.4041564290403992,disgust,07,05,05,male,normal,527
10,0.33366666666666667,True,1.0,0.3430081901953517,0.33323827470152,0.3381232324484359,0.8598398170681426,-0.054490740740740784,-0.057314814814814874,0.36268628807829506,0.34790561782218643,0.1847288304216915,0.39323979389714575,0.009769915493831716,0.00282407407407409,0.020990812524852957,0.3484508962126369,0.11153982640472528,0.1147376132031938,0.0,0.9999999987499999,0.6108134108721613,0.3050131138622569,0.3153892669560664,0.39585572640850336,disgust,07,05,05,male,normal,527
20,0.6673333333333333,True,1.0,0.17303590145474887,0.1610660480800407,0.16705097476739478,0.9029526402033505,-0.06134259259259256,-0.06435185185185183,0.35343943876349143,0.4090082626788039,0.18404809099924885,0.18500524538006097,0.011969853374708156,0.003009259259259267,0.01804290833257209,0.3430101635322464,0.11151533299215267,0.11640971927151822,0.0,0.9999999987499999,0.6112430617715836,0.3054610497975633,0.31535636325472277,0.3955978920273307,disgust,07,05,05,male,normal,527
30,1.0010000000000001,True,1.0,0.19312248728106074,0.22628626755897804,0.2097043774200194,1.2522328613667475,-0.06912037037037039,-0.07041666666666663,0.34281454642829456,0.5313686380516791,0.1861373452695948,0.16746436217233424,0.033163780277917304,0.0012962962962962399,0.01026393614212452,0.261835775421953,0.10913469455704895,0.11604674711750418,0.0,0.9999999987499999,0.6145327010804321,0.3046516507296188,0.31953693605453865,0.4133750347020255,disgust,07,05,05,male,normal,527
40,1.3346666666666667,True,1.0,0.3347786147408885,0.333299167239215,0.33403889099005174,0.9875481576396947,-0.06152777777777779,-0.06337962962962962,0.35485290235263495,0.3949045294829834,0.1889292754835563,0.33825073583087506,0.0014794475016735031,0.0018518518518518268,0.012610312547559047,0.3374019729302502,0.1110918338425728,0.11500588360607757,0.0,0.9999999987499999,0.6122197627644808,0.30349331118580974,0.3114176149914013,0.3960024528326153,disgust,07,05,05,male,normal,527
50,1.6683333333333334,True,1.0,0.3101225361438368,0.3050774476811438,0.3075999919124903,1.0057667806360915,-0.06037037037037035,-0.06203703703703711,0.36040094858358745,0.39950374904281105,0.18683863413534252,0.30583630105375964,0.00504508846269297,0.0016666666666667607,0.009457649111750397,0.31618396309642743,0.11273463099832984,0.11473222461292981,0.0,0.9999999987499999,0.6136771117196879,0.302834089142225,0.3157376655420868,0.3990375740450127,disgust,07,05,05,male,normal,527
60,2.0020000000000002,True,1.0,0.40000465764060983,0.40679359020888944,0.40339912392474964,0.9960516148459923,-0.05851851851851847,-0.060694444444444495,0.3285005481568127,0.45205419443010375,0.18823498003510292,0.40499821285578913,0.006788932568279615,0.0021759259259260255,0.01152932451157181,0.31191809727600617,0.11095502330018513,0.11414073737945274,0.0,0.9999999987499999,0.6119100290819453,0.3046060323263495,0.3138693169235801,0.40041836902650385,disgust,07,05,05,male,normal,527
70,2.3356666666666666,True,1.0,0.3872739369090358,0.4143054040912839,0.40078967050015984,0.989378789766801,-0.06129629629629624,-0.06254629629629638,0.34901579971505564,0.38709677419354915,0.18751993709107473,0.40509224034874136,0.027031467182248137,0.0012500000000001399,0.013969984914429544,0.3182226363338139,0.11131584613757871,0.11429006678835064,0.0,0.9999999987499999,0.6118120950880352,0.3033626743376277,0.31236664306140105,0.39774992456911806,disgust,07,05,05,male,normal,527
80,2.6693333333333333,True,1.0,0.3789355178551369,0.35701115238635095,0.3679733351207439,1.0096545824564183,-0.0587037037037037,-0.060324074074074086,0.3499304072087269,0.426494166232551,0.1875146478653401,0.36445467738629067,0.021924365468785956,0.0016203703703703831,0.013752220288827591,0.3250373617451268,0.11052413896911886,0.11472420746108448,0.0,0.9999999987499999,0.6109381277667318,0.3040538785156828,0.31448204141268316,0.3975719293987254,disgust,07,05,05,male,normal,527
90,3.003,True,1.0,0.2022005846829027,0.19006681926668423,0.19613370197479346,0.9653172564138203,-0.06671296296296292,-0.06703703703703706,0.3569447523296069,0.3846128866334244,0.186815765618658,0.20318056128348463,0.012133765416218467,0.00032407407407414324,0.006828283371151102,0.33539331247755577,0.09685353045467857,0.11627495912458942,0.0,0.9999999987499999,0.6454177085052771,0.3293483256044997,0.2898034536659899,0.42743980787991687,disgust,07,05,05,male,normal,527
100,3.336666666666667,True,1.0,0.37232251148531237,0.42129755828270465,0.3968100348840085,0.9786292973589709,-0.058796296296296346,-0.061481481481481526,0.3597852534495965,0.37736166365286955,0.1882045791606005,0.40547532753707727,0.048975046797392285,0.0026851851851851793,0.016780024118716406,0.337704093010196,0.11080500732795616,0.11511687632081068,0.0,0.9999999987499999,0.6102493052533514,0.30535796434212126,0.3139142216768986,0.39549193578030883,disgust,07,05,05,male,normal,527
110,3.6703333333333332,True,1.0,0.3922879437656888,0.40028098954376296,0.3962844666547259,0.9784713945285315,-0.05777777777777782,-0.059953703703703676,0.3610660002984339,0.3913380215659388,0.18680923124255772,0.4050036300199377,0.007993045778074137,0.002175925925925859,0.012056016404762546,0.32973127712583983,0.11226616788506243,0.11552097573280401,0.0,0.9999999987499999,0.6102910636051295,0.3054078602753292,0.31601610135335795,0.3955731645301111,disgust,07,05,05,male,normal,527
0,0.0,True,1.0,0.3024867266055759,0.2938237506532634,0.2981552386294196,0.7547720293394142,-0.05189814814814814,-0.056435185185185144,0.3775145723462137,0.4205462873483391,0.1670512023117266,0.39502687836798717,0.008662975952312524,0.004537037037037006,0.09494319507116299,0.38991193987984596,0.10852968562598495,0.11644926990867419,0.0,0.9999999987499999,0.6146296438575429,0.3049970556724687,0.31797382401792273,0.4023160590978948,disgust,07,05,05,male,strong,528
10,0.33366666666666667,True,1.0,0.21855699423730132,0.2253700549344904,0.22196352458589585,0.8777509829258562,-0.06421296296296297,-0.07111111111111118,0.37753177085234996,0.4432132088943433,0.16670374140048083,0.25287755742068496,0.006813060697189066,0.006898148148148209,0.08408089905954841,0.3470871231672428,0.10755298148952708,0.1181609116184669,0.0,0.9999999987499999,0.6131176364217562,0.3054488866956361,0.3198381572559992,0.4073851670273644,disgust,07,05,05,male,strong,528
20,0.6673333333333333,True,1.0,0.2403092071843426,0.213301618548686,0.2268054128665143,0.8520204640471529,-0.05282407407407408,-0.058796296296296346,0.3755404284175958,0.37615038178229915,0.16530039514109188,0.2661971424831438,0.027007588635656582,0.005972222222222268,0.10981997920518075,0.34621757434987255,0.10784849208194647,0.11293905078481847,0.0,0.9999999987499999,0.6128675128488897,0.30236995548822976,0.32173640012318383,0.4069774763057401,disgust,07,05,05,male,strong,528
30,1.0010000000000001,True,1.0,0.2879966516548983,0.3095394609491476,0.29876805630202297,1.1506552761275357,-0.052407407407407514,-0.06055555555555553,0.3833640239734144,0.5602798773951267,0.15954937266510608,0.2596503596694135,0.021542809294249288,0.008148148148148016,0.10364639557726124,0.2594573759322904,0.12425467469318033,0.1095245089401075,0.0,0.9999999987499999,0.5420041470259979,0.2712634935890228,0.3707939302993348,0.3896641380840777,disgust,07,05,05,male,strong,528
40,1.3346666666666667,True,1.0,0.2591854177238406,0.2483804561115755,0.25378293691770804,0.9071067291387419,-0.05203703703703705,-0.05768518518518523,0.3592135708513468,0.5229122711152525,0.16336312596803018,0.27977186009706245,0.01080496161226513,0.00564814814814818,0.10967569708859849,0.3254029659761178,0.1082991502947239,0.11666370116516384,0.0,0.9999999987499999,0.615832205608806,0.30489571760025197,0.3184531498085428,0.40414766739421487,disgust,07,05,05,male,strong,528
50,1.6683333333333334,True,1.0,0.2612996180840563,0.27474041543238925,0.26802001675822273,1.0213012666313965,-0.0526388888888889,-0.059259259259259234,0.35313040058113,0.5808439202949873,0.16563928499426245,0.2624299269129912,0.013440797348332978,0.006620370370370332,0.10324580291241248,0.3067496736219039,0.10842355941089192,0.11539813367750476,0.0,0.9999999987499999,0.6173194531171844,0.306617845414085,0.324344735124983,0.4085260408352558,disgust,07,05,05,male,strong,528
60,2.0020000000000002,True,1.0,0.3083849120080465,0.30167055234097245,0.3050277321745095,1.6717721541714585,-0.07254629629629628,-0.08712962962962967,0.31645997833773076,0.8170465612550091,0.18314989462345735,0.18245771794523238,0.006714359667074066,0.014583333333333393,0.11157118492826942,0.16747116976398826,0.10549554763627844,0.11480857097704791,0.0,0.9999999987499999,0.627450565171381,0.3076128112200851,0.3317012322964857,0.41495383132963365,disgust,07,05,05,male,strong,528
70,2.3356666666666666,True,1.0,0.2555646732461391,0.25882039774119303,0.25719253549366605,1.2139936901048103,-0.06541666666666662,-0.07731481481481484,0.38145668657545184,0.6232326726080616,0.1691040845344961,0.21185656695749489,0.0032557244950539577,0.011898148148148213,0.10974150519907562,0.2567532334645117,0.10420225880507322,0.11631171779234577,0.0,0.9999999987499999,0.6301397993885054,0.3110032209222202,0.33933763039931364,0.4387292845588385,disgust,07,05,05,male,strong,528
80,2.6693333333333333,True,1.0,0.25490917656953765,0.2863943877627188,0.27065178216612823,1.086377612381712,-0.0656944444444445,-0.0733333333333333,0.36323596114388346,0.6127003239179619,0.18176491043657356,0.2491323266251472,0.03148521119318115,0.007638888888888806,0.09592470037151536,0.28309898629068525,0.10746328452001927,0.11497481633786465,0.0,0.9999999987499999,0.6180379204572453,0.3045196484669117,0.3280105005982996,0.41427327046180523,disgust,07,05,05,male,strong,528
90,3.003,True,1.0,0.31625716659947106,0.29998943723540605,0.30812330191743853,1.0516613811433233,-0.0671296296296296,-0.07291666666666669,0.34011922241936293,0.5935374522796052,0.18600988466164986,0.29298717956388154,0.01626772936406501,0.0057870370370370905,0.09133023337541757,0.2879113728437451,0.10956730785567026,0.11547350420719074,0.0,0.9999999987499999,0.608739126595951,0.3062314086841723,0.33343654877957296,0.4132206825543642,disgust,07,05,05,male,strong,528
100,3.336666666666667,True,1.0,0.305397606646984,0.2835792907686457,0.2944884487078149,1.0889176992984102,-0.06652777777777769,-0.07037037037037042,0.3423999624886812,0.6396227485059962,0.18162844381198257,0.2704414198589607,0.021818315878338324,0.0038425925925927307,0.07954506205054997,0.29036600095882154,0.10849252767576949,0.11450436320230252,0.0,0.9999999987499999,0.610329679176358,0.30580646126904737,0.332502613718573,0.4136927639062001,disgust,07,05,05,male,strong,528
110,3.6703333333333332,True,1.0,0.3028228151810566,0.31680946760783335,0.30981614139444497,1.0131333285824162,-0.06592592592592594,-0.07,0.37054079539945656,0.5440462539889225,0.1803507995315961,0.30579996990913527,0.013986652426776769,0.004074074074074063,0.07874937700332435,0.3086239666678502,0.1074992939207063,0.11394228378086431,0.0,0.9999999987499999,0.6115242826818227,0.30759365054414767,0.335597951114722,0.4236924880948386,disgust,07,05,05,male,strong,528
120,4.0040000000000004,True,1.0,0.31586387777444364,0.3061612029927541,0.3110125403835989,1.0442601855920421,-0.06226851851851839,-0.06569444444444444,0.3551981265397015,0.5828057066370027,0.17547412405506005,0.2978305068743674,0.009702674781689513,0.0034259259259260544,0.07182284198347585,0.3094322430587055,0.10574146877186874,0.113915075968212,0.0,0.9999999987499999,0.6138650704656863,0.3086797008892841,0.33388924268157827,0.42767011820641565,disgust,07,05,05,male,strong,528
0,0.0,True,1.0,0.257397602919872,0.2522282356729252,0.2548129192963986,0.636048175514164,-0.05379629629629623,-0.059768518518518554,0.40334696866061304,0.226190225749693,0.16497272510062605,0.40061889823112024,0.005169367246946832,0.005972222222222323,0.10136778135500694,0.42567888802417697,0.10730299720549417,0.11561982764538632,0.0,0.9999999987499999,0.6162663399265957,0.3061277693597324,0.3231936700894546,0.40991197489051,disgust,07,05,05,male,strong,529
10,0.33366666666666667,True,1.0,0.15960504668828526,0.15576358715042163,0.15768431691935345,0.7547288537067935,-0.06916666666666665,-0.07472222222222219,0.40442770326748784,0.4291684308016119,0.1635605563813625,0.2089284332312179,0.003841459537863634,0.005555555555555536,0.0901452006447122,0.37403122041896025,0.10995820811726872,0.11476981178570587,0.0,0.9999999987499999,0.6181365491978041,0.3057346673539754,0.3196812608684453,0.4038891382590846,disgust,07,05,05,male,strong,529
20,0.6673333333333333,True,1.0,0.3273804181507845,0.3248039939891052,0.3260922060699448,0.9348939275125888,-0.058888888888888935,-0.06259259259259264,0.39018577840909097,0.545882593147366,0.16690864798421437,0.34880128801088384,0.0025764241616793027,0.003703703703703709,0.08662730294463085,0.3168960876919521,0.10857032541282574,0.11409712660432206,0.0,0.9999999987499999,0.6198680931904011,0.30595764916235374,0.3226272629858759,0.4192050761628709,disgust,07,05,05,male,strong,529
30,1.0010000000000001,True,1.0,0.2824426865928852,0.29316720774813876,0.28780494717051197,1.0870839028651975,-0.0584722222222222,-0.0631944444444445,0.38452949840091655,0.6300877009220828,0.16364309841976685,0.26474952523163325,0.010724521155253575,0.004722222222222294,0.0859790096109241,0.28297426408176474,0.12450367034891587,0.10818990075942751,0.0,0.9999999987499999,0.5421060814950981,0.2680733733231039,0.35984365436141413,0.39141710532947854,disgust,07,05,05,male,strong,529
40,1.3346666666666667,True,1.0,0.40677237549935047,0.4286122465105038,0.4176923110049271,1.058917361750582,-0.05458333333333332,-0.061064814814814794,0.3538155730863084,0.6285216424181881,0.16439506110015953,0.39445222648385525,0.02183987101115331,0.006481481481481477,0.09307285672767047,0.27792205739687087,0.1272181099530545,0.10660537784065308,0.0,0.9999999987499999,0.5408593383368973,0.2670031692608877,0.3551200131119655,0.36556268111340173,disgust,07,05,05,male,strong,529
50,1.6683333333333334,True,1.0,0.4221588222403946,0.42239811610787187,0.42227846917413325,1.0278831273856073,-0.05490740740740746,-0.06064814814814812,0.3565537317671717,0.657353091912655,0.17434826682641616,0.4108234272199672,0.00023929386747728598,0.005740740740740657,0.09973670961479762,0.30851935933387475,0.1098148643627,0.114241835615549,0.0,0.9999999987499999,0.6019442997902287,0.30758728446427086,0.33252258951941377,0.4115532699887103,disgust,07,05,05,male,strong,529
60,2.0020000000000002,True,1.0,0.41546548545382705,0.4298744481332608,0.42266996679354396,1.0944503162898527,-0.055416666666666725,-0.05981481481481482,0.3773658667868519,0.5893012462539978,0.17427823754810928,0.3861938367621657,0.014408962679433757,0.0043981481481480955,0.08186661282948406,0.2765164690242366,0.10697266115839041,0.11460321085617527,0.0,0.9999999987499999,0.6063416026254251,0.30734489052203046,0.335802060015993,0.4266543683345158,disgust,07,05,05,male,strong,529
70,2.3356666666666666,True,1.0,0.3549397767674532,0.3545852631236003,0.35476251994552677,1.105329850855192,-0.05865740740740738,-0.06347222222222226,0.36070110774119357,0.5830052173993027,0.17362118026355866,0.3209562463829666,0.00035451364385291617,0.004814814814814883,0.09064601853877051,0.27677058027999196,0.10946768928349315,0.11340458019857604,0.0,0.9999999987499999,0.604917889851253,0.308572162963657,0.33606968480659377,0.41517585532448276,disgust,07,05,05,male,strong,529
80,2.6693333333333333,True,1.0,0.3622544166384516,0.3525915177128842,0.3574229671756679,0.8507083990487841,-0.055694444444444435,-0.06032407407407403,0.3495125661448409,0.469605124639997,0.1793357872357157,0.42014745308183016,0.009662898925567376,0.004629629629629595,0.08821318551832968,0.34282218659692537,0.10912996068757097,0.11322594068892505,0.0,0.9999999987499999,0.6018410271530488,0.3084894417695949,0.3257686045456659,0.40152911273074093,disgust,07,05,05,male,strong,529
90,3.003,True,1.0,0.35145028110272364,0.3455342331528154,0.34849225712776954,0.9196317750458919,-0.05884259259259256,-0.06416666666666676,0.37918112615264127,0.4440048801728059,0.17933578723571572,0.3789476033604634,0.005916047949908243,0.005324074074074203,0.08661593419824148,0.3221106791124856,0.10705795503508636,0.11419033471405964,0.0,0.9999999987499999,0.6060335473095488,0.30824365092459927,0.32745353986797815,0.4062813922944332,disgust,07,05,05,male,strong,529
100,3.336666666666667,True,1.0,0.3973044430154159,0.3637300232171208,0.38051723311626834,0.8290778565780452,-0.05925925925925918,-0.06384259259259267,0.3919763035963351,0.3932702832506496,0.17864469975378658,0.45896441461701054,0.03357441979829512,0.004583333333333495,0.0930196919087128,0.35921738701638184,0.11033609594850405,0.11373850434552878,0.0,0.9999999987499999,0.6030771559405012,0.30977118887693417,0.3258298268892809,0.40356224474482744,disgust,07,05,05,male,strong,529
110,3.6703333333333332,True,1.0,0.3785887647974327,0.3454675880549132,0.3620281764261729,0.8597669483597074,-0.05666666666666659,-0.06194444444444441,0.3894863880882298,0.420520912792979,0.17738264465120815,0.4210771036463574,0.03312117674251952,0.005277777777777826,0.08818754733118601,0.35613550493026885,0.11050226119378956,0.11374469507917209,0.0,0.9999999987499999,0.6037634849095889,0.31022647992126723,0.3270509186347652,0.40655983852271516,disgust,07,05,05,male,strong,529
0,0.0,True,1.0,0.3333682677594881,0.34036029718269173,0.3368642824710899,0.6708141082971696,-0.04717592592592579,-0.049814814814814756,0.37574728373457766,0.2356000256215044,0.17113496776474496,0.5021723280778996,0.0069920294232036495,0.0026388888888889683,0.06469967047144604,0.44590245621274854,0.11100829235450299,0.11607554231660996,0.0,0.9999999987499999,0.5928651848317452,0.30707901643526847,0.31494640933403883,0.4067550610272969,disgust,07,05,05,male,strong,530
10,0.33366666666666667,True,1.0,0.21958346938393664,0.24945053723344313,0.23451700330868988,0.7252805224559336,-0.06388888888888877,-0.06620370370370376,0.41373077557587595,0.23270982054471054,0.1696622300105387,0.3233466169952725,0.02986706784950649,0.0023148148148149916,0.04985533632722049,0.3952732146889998,0.10975535167788042,0.1144655763326758,0.0,0.9999999987499999,0.6082856720657013,0.30477239852023874,0.33525063658298104,0.4139330114129383,disgust,07,05,05,male,strong,530
20,0.6673333333333333,True,1.0,0.28024528908429874,0.2815024345153502,0.28087386179982443,0.6681127739232947,-0.04879629629629623,-0.0500462962962962,0.3942184096023955,0.29517663349115836,0.16771812787708928,0.4203988798933984,0.0012571454310514318,0.0012499999999999734,0.050255593185357585,0.4504778863142368,0.11038821150724971,0.11335226642875393,0.0,0.9999999987499999,0.603909825266044,0.3046951976592354,0.3240086130175003,0.40326094404319995,disgust,07,05,05,male,strong,530
30,1.0010000000000001,True,1.0,0.3282640332553676,0.339465150647772,0.3338645919515698,1.0385103886356497,-0.048842592592592604,-0.051851851851851816,0.38324698041615946,0.4469635627530357,0.16769310684882457,0.3214841137893543,0.01120111739240437,0.0030092592592592116,0.05115110077454121,0.30811980318591325,0.1229365954609567,0.10751444920251979,0.0,0.9999999987499999,0.548105552877401,0.26889307553648667,0.329080597385635,0.3601006048225139,disgust,07,05,05,male,strong,530
40,1.3346666666666667,True,1.0,0.37017775924020035,0.37443614822249455,0.3723069537313475,1.0681666975347976,-0.04870370370370375,-0.05078703703703702,0.38309792885040705,0.4678517574261488,0.1695326723072839,0.3485476139544398,0.004258388982294192,0.0020833333333332704,0.056835523606458285,0.3098436839980559,0.12367360788781062,0.10666584271967648,0.0,0.9999999987499999,0.5501318994941726,0.2701213696697573,0.33614223486475764,0.36361237053966444,disgust,07,05,05,male,strong,530
50,1.6683333333333334,True,1.0,0.34251623353334226,0.3420817632361105,0.3422989983847264,1.0211314195747325,-0.04597222222222219,-0.04708333333333331,0.34481509243477687,0.4943844993473302,0.17086191325973674,0.3352154206823668,0.00043447029723175934,0.0011111111111111183,0.052764335724120676,0.3175363080510521,0.11186099914264314,0.11442451498102961,0.0,0.9999999987499999,0.5947676697085085,0.30709180257192015,0.31074301557341505,0.39746932496754034,disgust,07,05,05,male,strong,530
60,2.0020000000000002,True,1.0,0.3555440473206134,0.33511070209655996,0.34532737470858665,0.9718087588262453,-0.04893518518518519,-0.05078703703703702,0.36938230382435705,0.4914397474760416,0.16875723364125755,0.35534499105119666,0.020433345224053434,0.0018518518518518268,0.04855299594789852,0.3269467236075021,0.10877389030966134,0.11506797242700877,0.0,0.9999999987499999,0.6111605794583458,0.3041254812497492,0.3259800260348138,0.4081178818404815,disgust,07,05,05,male,strong,530
70,2.3356666666666666,True,1.0,0.37894209620172464,0.3624194544369975,0.37068077531936106,0.9882892521147671,-0.050416666666666665,-0.05314814814814822,0.36535097965551727,0.4315345284075309,0.1736467031658684,0.3750731625646729,0.01652264176472712,0.002731481481481557,0.05252665965891655,0.3167817465213937,0.12269179206043301,0.10797032647463128,0.0,0.9999999987499999,0.5489888993956957,0.27175768265202316,0.33605461710815426,0.35936164739635557,disgust,07,05,05,male,strong,530
80,2.6693333333333333,True,1.0,0.3082452762221757,0.284409042040778,0.29632715913147684,0.9478965198545648,-0.051574074074074105,-0.0539351851851852,0.3589213564890311,0.43814079071809015,0.1723820699947536,0.3126155154329949,0.023836234181397686,0.0023611111111110916,0.05503601471654045,0.3272135705161606,0.12434407269614607,0.10660080049788521,0.0,0.9999999987499999,0.5498881575989771,0.2722946186676406,0.34258521334254033,0.3617856365680888,disgust,07,05,05,male,strong,530
90,3.003,True,1.0,0.32523667110027826,0.34490735854439675,0.3350720148223375,0.9707530869224105,-0.04847222222222214,-0.05009259259259269,0.3317626642281304,0.5295731439042292,0.17519215524607723,0.3451670866014139,0.019670687444118484,0.0016203703703705497,0.05295639563687542,0.3277471551243034,0.10804140109004129,0.11105198157549571,0.0,0.9999999987499999,0.5873727036752201,0.31012408556255505,0.3148780283819322,0.40113606200414814,disgust,07,05,05,male,strong,530
100,3.336666666666667,True,1.0,0.3432023108578544,0.3236685126143629,0.3334354117361087,1.0364911744070349,-0.04837962962962966,-0.04986111111111119,0.35765530977258414,0.46114117494118534,0.17592400860252871,0.3216963346811548,0.019533798243491496,0.001481481481481528,0.05067508150436092,0.3181520583182224,0.10856717585021303,0.11258731127229311,0.0,0.9999999987499999,0.5893204997545893,0.31089888446531566,0.3188587078936668,0.4058643378967643,disgust,07,05,05,male,strong,530
110,3.6703333333333332,True,1.0,0.33257067656491296,0.35092656627397156,0.3417486214194423,1.000688272162557,-0.04893518518518514,-0.04981481481481481,0.36930758430080307,0.45128205128205073,0.17317062174662048,0.34151356713804565,0.018355889709058604,0.0008796296296296746,0.047877104385521736,0.32248958605548395,0.12345726486037155,0.10602144738835649,0.0,0.9999999987499999,0.5487182516287765,0.27260823938672235,0.34327594872338696,0.3600653791519086,disgust,07,05,05,male,strong,530
120,4.0040000000000004,True,1.0,0.353291856947408,0.33677017502733697,0.3450310159873725,0.9411685033719236,-0.050185185185185166,-0.0521759259259259,0.3698332399207693,0.4289659988539352,0.17462434901753107,0.3665985578047185,0.01652168192007103,0.0019907407407407374,0.046526803700062576,0.33349889778030134,0.12226559438791117,0.10774774186476614,0.0,0.9999999987499999,0.5518303028867797,0.2728881619044522,0.3369810119598948,0.35630103128817,disgust,07,05,05,male,strong,530
0,0.0,True,1.0,0.30894883143456164,0.30345972632294543,0.30620427887875357,0.9165102356466813,-0.052083333333333315,-0.051712962962963016,0.38051638492013234,0.42432766850506337,0.17311113445089762,0.33409804601112675,0.00548910511161621,0.00037037037037029874,0.01723752363288866,0.3484784800576004,0.121855378577765,0.1066151144633543,0.0,0.9999999987499999,0.5596038942608293,0.2718624654406739,0.33445037178207326,0.36180924382568924,disgust,07,05,05,male,strong,531
10,0.33366666666666667,True,1.0,0.1903323214827305,0.1713774818961859,0.1808549016894582,1.058906112697348,-0.06782407407407409,-0.0675,0.39008853550873474,0.4826965567907234,0.16959026572786806,0.17079408601086182,0.018954839586544592,0.0003240740740740877,0.02946914809670051,0.3061778852027344,0.10656355583586961,0.11314641540343862,0.0,0.9999999987499999,0.6139085211819103,0.30799582899642897,0.3258448135480027,0.4213128249198396,disgust,07,05,05,male,strong,531
20,0.6673333333333333,True,1.0,0.2352178956665901,0.21118142699011086,0.22319966132835048,1.1915004132835831,-0.05472222222222223,-0.05740740740740741,0.3773062329736299,0.6400991817346251,0.15234847971646578,0.18732654965116477,0.02403646867647924,0.0026851851851851793,0.07871824011370636,0.27014792827701134,0.10675423079966363,0.1164543681250477,0.0,0.9999999987499999,0.6227555262964561,0.30624355509362006,0.32247700633865284,0.42241649851173146,disgust,07,05,05,male,strong,531
30,1.0010000000000001,True,1.0,0.12904250099251327,0.12744212481957565,0.12824231290604446,1.0123953703486046,-0.062222222222222234,-0.06824074074074077,0.3774967355289413,0.6064950031457429,0.13595701737682295,0.12667216451403365,0.0016003761729376231,0.006018518518518534,0.11517792878105769,0.2890203536683232,0.10278377894266075,0.11394619070510778,0.0,0.9999999987499999,0.6349780213569802,0.3085632026514257,0.31878114164628146,0.41252511452021245,disgust,07,05,05,male,strong,531
40,1.3346666666666667,True,1.0,0.1957396320421986,0.1948477659935516,0.1952936990178751,1.016838397669373,-0.05268518518518511,-0.059537037037037,0.37535930751884916,0.5906247204715198,0.15162767094493468,0.19205972105842453,0.0008918660486469943,0.006851851851851887,0.13128451072828987,0.29481461915368534,0.10678409853116279,0.11659050517750918,0.0,0.9999999987499999,0.6213440125972264,0.30675233531987856,0.3221551678662206,0.41596390637057756,disgust,07,05,05,male,strong,531
50,1.6683333333333334,True,1.0,0.19490805348045406,0.2032550214985484,0.19908153748950125,1.191751281887809,-0.057037037037037,-0.060138888888888964,0.3468421851858092,0.7370268735134086,0.14455500227124843,0.1670495685762079,0.008346968018094342,0.0031018518518519667,0.07780457137622461,0.26010639369917354,0.10607575910464451,0.11739772942520708,0.0,0.9999999987499999,0.6230635315845088,0.3074839610906592,0.3201670537169881,0.41234740835067096,disgust,07,05,05,male,strong,531
60,2.0020000000000002,True,1.0,0.11095861684499687,0.09587486540781603,0.10341674112640645,1.0697316035318618,-0.06606481481481474,-0.06592592592592594,0.35804563218406893,0.6606584706403925,0.1433134484770049,0.09667540978032457,0.01508375143718084,0.00013888888888879958,0.04417340397476351,0.28362617551300773,0.1051382240914994,0.11313277599885754,0.0,0.9999999987499999,0.6296752859893956,0.30959578798481413,0.32555230987203637,0.4088604302369594,disgust,07,05,05,male,strong,531
70,2.3356666666666666,True,1.0,0.2522520173041976,0.26361916006948144,0.2579355886868395,1.0212281431339145,-0.055555555555555525,-0.05958333333333332,0.3953206714406993,0.5092011064339866,0.16244977879611777,0.25257391349918584,0.011367142765283833,0.004027777777777797,0.08320920544665278,0.2994170728075451,0.10803671690833387,0.11608907436239203,0.0,0.9999999987499999,0.6160831576067927,0.30683345258563827,0.3325365334175978,0.43182077038301026,disgust,07,05,05,male,strong,531
80,2.6693333333333333,True,1.0,0.1637322943957199,0.16280615577809335,0.1632692250869066,0.9056864741649762,-0.0721296296296296,-0.07629629629629636,0.3597215678515314,0.5648873238423148,0.15961439243048822,0.1802712414772865,0.000926138617626554,0.004166666666666763,0.09048163187745685,0.3220117798349171,0.10714519257390366,0.11427532513399608,0.0,0.9999999987499999,0.6164898577946805,0.30710094901319185,0.3196299075086446,0.40013033173163054,disgust,07,05,05,male,strong,531
90,3.003,True,1.0,0.2484246916925607,0.23385971851524584,0.24114220510390327,0.9142834455553251,-0.05981481481481482,-0.0621296296296297,0.3521228461948353,0.5570860145311556,0.16801808958087866,0.26374994130779245,0.014564973177314866,0.0023148148148148806,0.08479473344829057,0.3258719184607691,0.10779546006165008,0.1124826803731296,0.0,0.9999999987499999,0.6145573601393682,0.3079421492195068,0.32784565261284576,0.4074673102495441,disgust,07,05,05,male,strong,531
100,3.336666666666667,True,1.0,0.2895660573507625,0.276661708507909,0.28311388292933576,1.0083613764105313,-0.057361111111111196,-0.060694444444444495,0.3301605359341402,0.6413569874896977,0.1715464030598653,0.2807662902928091,0.012904348842853519,0.0033333333333332993,0.08854617026601727,0.297780153303257,0.10946331531608441,0.1145787242023083,0.0,0.9999999987499999,0.6051318618775636,0.30823048476349496,0.3218421475571531,0.39898781148847695,disgust,07,05,05,male,strong,531
110,3.6703333333333332,True,1.0,0.3113009435413906,0.30620604589461103,0.30875349471800084,0.9789421830251446,-0.05606481481481479,-0.06013888888888885,0.3637711901428831,0.5257212186119761,0.1756961599608825,0.31539502543846387,0.0050948976467795615,0.004074074074074063,0.09237858695193003,0.3153177035292579,0.10873031399296355,0.11377734717827949,0.0,0.9999999987499999,0.604075732191314,0.3084630304375701,0.3262871339624086,0.40488952371744436,disgust,07,05,05,male,strong,531
120,4.0040000000000004,True,1.0,0.30692606524118254,0.3062060458946107,0.3065660555678966,0.8929069105048674,-0.056342592592592555,-0.06125000000000003,0.3772508842572552,0.4371452530148685,0.17718683679444822,0.34333484483232196,0.000720019346571843,0.004907407407407471,0.09195660883859097,0.3362327853795806,0.1095990749695597,0.1132776084352189,0.0,0.9999999987499999,0.6054236531018656,0.30835115161223503,0.3252004702125329,0.4021629151508839,disgust,07,05,05,male,strong,531
130,4.337666666666666,True,1.0,0.2845674477366755,0.27799712754311395,0.2812822876398947,0.8810063398756309,-0.057314814814814874,-0.06166666666666665,0.38212963902581104,0.4440048801728059,0.17434826682641616,0.3192738518540088,0.006570320193561574,0.0043518518518517735,0.08389321077051792,0.33623278537958046,0.10913204741219702,0.11555567254338796,0.0,0.9999999987499999,0.6085621511729692,0.3080931835880819,0.32024186927662396,0.4007525240973604,disgust,07,05,05,male,strong,531
0,0.0,True,1.0,0.601812405215139,0.6394294159400001,0.6206209105775695,0.8749156179177361,-0.07611111111111107,-0.08379629629629631,0.3695829299923444,0.2846947645605332,0.21042573109859153,0.7093494479554752,0.03761701072486112,0.007685185185185239,0.010868770313376854,0.31249999999999994,0.11042091679621237,0.11793398666075067,0.0,0.9999999987499999,0.6178236558685976,0.3080593805291776,0.32338998370923594,0.4188064015116665,surprised,08,05,05,male,normal,532
10,0.33366666666666667,True,1.0,0.5835425592043623,0.6160071033116924,0.5997748312580273,0.847176535444823,-0.07592592592592595,-0.0828240740740741,0.3683272161854182,0.2985823140512909,0.2097353180985255,0.7079691258718661,0.03246454410733013,0.006898148148148153,0.01300152795490485,0.3415676121275337,0.10859116204583606,0.11736996351538342,0.0,0.9999999987499999,0.6180445018007203,0.30835287695384084,0.3233094361595705,0.41680371357211565,surprised,08,05,05,male,normal,532
20,0.6673333333333333,True,1.0,0.6158717646978425,0.612901290229977,0.6143865274639098,0.8204721621471869,-0.0799537037037037,-0.08527777777777784,0.3772176327255352,0.2803156704445454,0.21181456055111783,0.7488206861961676,0.0029704744678655803,0.005324074074074148,0.015570168457056279,0.3374851694346255,0.11007309618548175,0.11793604061826744,0.0,0.9999999987499999,0.6185609345847715,0.30790764914026997,0.3254181014523673,0.4201047534953323,surprised,08,05,05,male,normal,532
30,1.0010000000000001,True,1.0,0.6973448510609508,0.6921049417812783,0.6947248964211146,1.157648693876626,-0.07694444444444443,-0.08277777777777773,0.3724343768395249,0.39965546942291125,0.21389780617713006,0.6001172031686787,0.005239909279672439,0.0058333333333333015,0.011644632672676696,0.24135978283491433,0.1081662855773236,0.11727528141948239,0.0,0.9999999987499999,0.6151355577621673,0.308886987347264,0.3323879794633047,0.4338939970824003,surprised,08,05,05,male,normal,532
40,1.3346666666666667,True,1.0,0.6831718656884767,0.6526034261102757,0.6678876458993761,1.0578989832423875,-0.07916666666666666,-0.08458333333333329,0.3617413765826354,0.3525933298955196,0.2208347152570755,0.6313340465195897,0.03056843957820099,0.005416666666666625,0.012608093572211399,0.2553196241046233,0.10518069244629526,0.11820031929194623,0.0,0.9999999987499999,0.6188828979482419,0.3084654301380266,0.3348372879692597,0.433510881044894,surprised,08,05,05,male,normal,532
50,1.6683333333333334,True,1.0,0.6913507794619934,0.6640248634828054,0.6776878214723994,0.8927216148552498,-0.08120370370370378,-0.08393518518518517,0.38975033585790325,0.24942838813095425,0.22361145230116525,0.7591255887562249,0.027325915979187987,0.0027314814814813904,0.0164506210030217,0.30640878414029105,0.09850522796559448,0.11911295135440442,0.0,0.9999999987499999,0.6455376922175119,0.33029964076911467,0.2998893298537448,0.4500161463157964,surprised,08,05,05,male,normal,532
60,2.0020000000000002,True,1.0,0.7269783239889153,0.7094070858410993,0.7181927049150073,0.9580067392526366,-0.08819444444444452,-0.07712962962962955,0.4008425414692196,0.26823434300592686,0.22430589568929535,0.7496739589486461,0.017571238147815915,0.011064814814814972,0.008362380162125163,0.29249177378454205,0.09209218756124773,0.11735303303473482,0.0,0.9999999987499999,0.6431056505102041,0.33263656688219945,0.3111819475039163,0.47210406598823457,surprised,08,05,05,male,normal,532
70,2.3356666666666666,True,1.0,0.7378365526750033,0.6896601022157801,0.7137483274453917,0.8380581102746614,-0.08449074074074076,-0.07337962962962963,0.4080591700612361,0.26029647480111145,0.218753138928372,0.8516692562183679,0.04817645045922314,0.011111111111111127,0.0024470254866326194,0.3327194344770871,0.09282489457470801,0.11661106453600248,0.0,0.9999999987499999,0.6431813924241572,0.33168395238515264,0.30877443301114693,0.4649299186852857,surprised,08,05,05,male,normal,532
80,2.6693333333333333,True,1.0,0.7351029500533741,0.6603959680687147,0.6977494590610445,0.8675105595350692,-0.09231481481481485,-0.08249999999999996,0.3762327027194164,0.2685044708967016,0.22986243876022253,0.804312352618502,0.07470698198465942,0.009814814814814887,0.0065155090393744395,0.3214157601500866,0.09716398213309994,0.11829238488875532,0.0,0.9999999987499999,0.6426129402385954,0.3321761000478435,0.30945536111639455,0.46360738266951845,surprised,08,05,05,male,normal,532
90,3.003,True,1.0,0.6702043293919091,0.6506512380743311,0.66042778373312,0.8553273459044489,-0.09009259259259267,-0.08999999999999997,0.3999331202909741,0.2462216573544248,0.23472222222222222,0.7721345364385185,0.019553091317577986,9.259259259269959e-05,0.0016539476796314033,0.32420608960578956,0.09430943719396977,0.11882977059179435,0.0,0.9999999987499999,0.6417443249721764,0.3325168302540477,0.30927792996756404,0.46483929455769346,surprised,08,05,05,male,normal,532
100,3.336666666666667,True,1.0,0.6189153334859697,0.5443189023699855,0.5816171179279777,0.8409576974723847,-0.07819444444444451,-0.0683333333333333,0.398113010611272,0.23287187353237768,0.21319587588304287,0.6916128120072018,0.07459643111598424,0.00986111111111121,0.010556667595488716,0.32919350492648225,0.1064270477891088,0.1185348580419932,0.0,0.9999999987499999,0.6116220540325505,0.30871179514784747,0.34073167040936925,0.45554665648608134,surprised,08,05,05,male,normal,532
110,3.6703333333333332,True,1.0,0.706038240977873,0.6924025590797633,0.6992204000288182,0.8596678503119012,-0.08606481481481476,-0.08324074074074084,0.39182213939142563,0.22482778859214284,0.23264413603120704,0.8133611135686067,0.013635681898109708,0.0028240740740739234,0.006173848608025869,0.33783781460073153,0.10713033179592565,0.11886523783986921,0.0,0.9999999987499999,0.6115514829134778,0.30889432270333467,0.3425027278118125,0.458314989037241,surprised,08,05,05,male,normal,532
0,0.0,True,1.0,0.5418921284609091,0.57569838931816,0.5587952588895345,0.9018055057531095,-0.07995370370370364,-0.08680555555555564,0.37256939990597815,0.2937699753589675,0.21876255544325338,0.6196405492366975,0.033806260857250914,0.006851851851851998,0.007464421355010791,0.31570469961289416,0.1122808776343544,0.11567150362793768,0.0,0.9999999987499999,0.6131502556335034,0.3090448261426263,0.3323402371607368,0.4211863438710398,surprised,08,05,05,male,normal,533
10,0.33366666666666667,True,1.0,0.5336799541432451,0.5625422080150689,0.548111081079157,0.8687611562592401,-0.0918518518518519,-0.08976851851851853,0.38203862751054146,0.2739939031279143,0.22778313689918467,0.6309111280242362,0.02886225387182384,0.0020833333333333814,0.004622138278377135,0.3201923076923073,0.11003192998547116,0.1165119523365344,0.0,0.9999999987499999,0.6113217864020608,0.3078090270720509,0.33665461308207256,0.44254633534634025,surprised,08,05,05,male,normal,533
20,0.6673333333333333,True,1.0,0.5333558764450853,0.5602733544255936,0.5468146154353395,0.9161536546236355,-0.08907407407407403,-0.09300925925925924,0.3755792415365058,0.2939896055881816,0.22709542805138166,0.5968590668996197,0.026917477980508253,0.003935185185185208,0.005721980873468841,0.31099268917091005,0.09712005637051278,0.11960958982092239,0.0,0.9999999987499999,0.6448813781606393,0.3304205858010486,0.30742510295562075,0.45324349911282963,surprised,08,05,05,male,normal,533
30,1.0010000000000001,True,1.0,0.6140930905967189,0.6103155800950402,0.6122043353458795,1.0505050505050515,-0.08777777777777773,-0.08143518518518522,0.3802238586364562,0.33670033670033667,0.220845770335711,0.5827714346080962,0.003777510501678738,0.006342592592592511,0.004401722071340079,0.2680560931495906,0.09233283529013148,0.11634789710852671,0.0,0.9999999987499999,0.6437164071331657,0.3325254686893284,0.31220296302883954,0.46274734305036336,surprised,08,05,05,male,normal,533
40,1.3346666666666667,True,1.0,0.6582271981561015,0.6525639321451553,0.6553955651506285,1.0752688172043015,-0.07324074074074077,-0.06560185185185186,0.3583625818966733,0.35842293906810047,0.20000152587308548,0.6095178755900843,0.005663266010946244,0.007638888888888917,0.00476223750310578,0.27032901763920547,0.09357330374559515,0.11812700609475972,0.0,0.9999999987499999,0.6423204323057349,0.33246161078724773,0.3147759437826401,0.4667792104780717,surprised,08,05,05,male,normal,533
50,1.6683333333333334,True,1.0,0.6697928609844045,0.6015978504737055,0.635695355729055,1.2839506172839497,-0.08023148148148146,-0.06824074074074071,0.3589697546512701,0.4373897707231033,0.21180699638057293,0.4951088828274374,0.06819501051069898,0.011990740740740746,0.0034145111248904455,0.22897263927968106,0.09414344571776007,0.11975940751698158,0.0,0.9999999987499999,0.6381765939969738,0.3342413130725215,0.31372761956926576,0.46399069158249595,surprised,08,05,05,male,normal,533
60,2.0020000000000002,True,1.0,0.7370417105602513,0.699201450008824,0.7181215802845377,0.9729357733315693,-0.09282407407407411,-0.09078703703703711,0.39647788674001766,0.3113306914135365,0.23336602844781618,0.7380976216194768,0.037840260551427196,0.002037037037037004,0.011624679110721512,0.28499198471314374,0.09733354916896488,0.12070530689472515,0.0,0.9999999987499999,0.6453854308442126,0.3308105566427793,0.31537660922062377,0.4715641268751361,surprised,08,05,05,male,normal,533
70,2.3356666666666666,True,1.0,0.6802240305354518,0.6224286642486746,0.6513263473920632,0.8560210533618522,-0.08726851851851858,-0.08166666666666672,0.3928609967832253,0.28310302588262054,0.22781127021823394,0.7608765518489395,0.05779536628677717,0.005601851851851858,0.0112871344162812,0.32879691095488217,0.09768567463414145,0.12089421706840613,0.0,0.9999999987499999,0.6448357796946904,0.3309407849483543,0.3133739781157199,0.4676560458366606,surprised,08,05,05,male,normal,533
80,2.6693333333333333,True,1.0,0.6663723960279513,0.6224286642486744,0.6444005301383129,0.8407177303589193,-0.09203703703703708,-0.08416666666666667,0.37354705062560434,0.2962681636946438,0.22847355794210186,0.7664885690744329,0.04394373177927691,0.007870370370370416,0.00885287544034443,0.3411305151031754,0.0971016694270952,0.11994262385149898,0.0,0.9999999987499999,0.6436397053743372,0.33166872280691917,0.31144662606156154,0.4603109601875605,surprised,08,05,05,male,normal,533
90,3.003,True,1.0,0.7036654762835263,0.6462955103527622,0.6749804933181442,0.8688885707984081,-0.08875000000000005,-0.08671296296296299,0.39573165779242286,0.25284983793417054,0.2326441360312071,0.7768320541929965,0.057369965930764044,0.0020370370370370594,0.00953381813219211,0.3273792258707695,0.09618072809945555,0.11877283945891723,0.0,0.9999999987499999,0.6429535241831107,0.3316620571612003,0.314119080305987,0.4651511642274753,surprised,08,05,05,male,normal,533
100,3.336666666666667,True,1.0,0.6525222015801485,0.6328959979851763,0.6427090997826623,0.9079638975529591,-0.09023148148148152,-0.08324074074074067,0.39127726247946576,0.2697484265393025,0.2312513196752885,0.7078575497493003,0.019626203594972247,0.006990740740740853,0.00834217520943132,0.3019683743941034,0.09575230674721345,0.11669471449284227,0.0,0.9999999987499999,0.6422863406612644,0.33150337678290304,0.31518491869189746,0.46731950830126473,surprised,08,05,05,male,normal,533
0,0.0,True,1.0,0.6700115766010367,0.6828168538265895,0.6764142152138131,0.651384238558179,-0.07555555555555554,-0.08041666666666669,0.3791365260730757,0.21032838542610566,0.21184157324108985,1.0384258248419356,0.012805277225552802,0.004861111111111149,0.009757734774545524,0.42236008989102586,0.11205407145975613,0.11784746358318415,0.0,0.9999999987499999,0.610905262354942,0.3072201424118161,0.3143134860278094,0.4275461275947654,surprised,08,05,05,male,normal,534
10,0.33366666666666667,True,1.0,0.6976042053458223,0.6993755853142971,0.6984898953300598,0.6339836564315322,-0.07509259259259254,-0.07893518518518527,0.37464181691032594,0.220499569336778,0.2104529220518775,1.101747479204133,0.0017713799684747622,0.0038425925925927307,0.020362403854804437,0.40350244188983997,0.10810656567108251,0.11813943949119037,0.0,0.9999999987499999,0.6101189138467887,0.30739694965957093,0.30983130822399385,0.4230083982778258,surprised,08,05,05,male,normal,534
20,0.6673333333333333,True,1.0,0.6735823122064876,0.6781421019541022,0.6758622070802949,0.5882309935279618,-0.07328703703703698,-0.0773611111111111,0.39419996342070984,0.21566784923431281,0.20487451771692236,1.1489741521893602,0.004559789747614618,0.004074074074074119,0.02051680349763479,0.43802979060534913,0.10976787972167559,0.11594202644758161,0.0,0.9999999987499999,0.622736395042392,0.3048969871330954,0.32538396602562714,0.4268482246757223,surprised,08,05,05,male,normal,534
30,1.0010000000000001,True,1.0,0.7117774637237584,0.6998083478480196,0.7057929057858889,1.1337745310287355,-0.06870370370370366,-0.07356481481481486,0.37133678933958486,0.3989110496366453,0.20075867947458673,0.6225161056894483,0.01196911587573879,0.004861111111111205,0.015778745240768385,0.2502986106711143,0.10830957345444114,0.11762986486550184,0.0,0.9999999987499999,0.6190022692280037,0.30869858431500175,0.31997586963761027,0.4166755582251922,surprised,08,05,05,male,normal,534
40,1.3346666666666667,True,1.0,0.6633562288534577,0.6718237464753914,0.6675899876644246,0.777517103497851,-0.06500000000000006,-0.07134259259259257,0.3782118161375274,0.29155420602370963,0.1958582652569058,0.8586177521511844,0.008467517621933762,0.006342592592592511,0.010860944825637644,0.3615889020881896,0.10803416447702886,0.11576276084320485,0.0,0.9999999987499999,0.6248983351074805,0.30495118661749965,0.3151686268789191,0.4093051659813254,surprised,08,05,05,male,normal,534
50,1.6683333333333334,True,1.0,0.6671413515017462,0.6693967359076284,0.6682690437046873,0.9025968816891504,-0.0656944444444445,-0.0708333333333333,0.3825927599222161,0.27350427350427375,0.1951705550945909,0.7403848354251634,0.0022553844058821326,0.005138888888888804,0.013546744819627438,0.2982846215100165,0.10777207233465802,0.11518271649491077,0.0,0.9999999987499999,0.621472803027461,0.30648280826807905,0.3150095657652593,0.41222649525149374,surprised,08,05,05,male,normal,534
60,2.0020000000000002,True,1.0,0.6390243041366428,0.6578674880939043,0.6484458961152735,0.8093974524015983,-0.06300925925925921,-0.06861111111111101,0.36900315574403203,0.2697860144658177,0.19306978193111085,0.8011464505988269,0.018843183957261478,0.005601851851851802,0.008151620860959606,0.3458231694563047,0.10596100990077768,0.11537420252007721,0.0,0.9999999987499999,0.6262071873671343,0.3040386674248726,0.3112574049755777,0.4182685227089617,surprised,08,05,05,male,normal,534
70,2.3356666666666666,True,1.0,0.6249543159738361,0.655518270564862,0.640236293269349,0.6527129826070872,-0.06509259259259259,-0.06893518518518521,0.38066797303216804,0.20825300430264895,0.19376417538869897,0.9808848764001853,0.0305639545910259,0.0038425925925926196,0.008960040473264003,0.41876303280421356,0.10729358405711918,0.11595763221592065,0.0,0.9999999987499999,0.6238791642281913,0.3041413609285768,0.31338992315065783,0.42330977169638095,surprised,08,05,05,male,normal,534
80,2.6693333333333333,True,1.0,0.6248544950849786,0.6371217703440931,0.6309881327145359,0.6196741084364875,-0.06453703703703706,-0.06884259259259251,0.3793161185949791,0.21342663071276266,0.1965467991215126,1.0182580232480505,0.01226727525911453,0.0043055555555554514,0.01074612128583327,0.43802979060535,0.10968593573507776,0.11618364929951962,0.0,0.9999999987499999,0.6251785387905163,0.30382077526297036,0.31550472376112876,0.4224993256763367,surprised,08,05,05,male,normal,534
90,3.003,True,1.0,0.6066681626879095,0.6160525727561593,0.6113603677220344,0.6383350189201135,-0.06527777777777771,-0.06995370370370368,0.3763807206392355,0.2150911476796027,0.19724117659584234,0.957742172372569,0.00938441006824986,0.004675925925925972,0.009478413309092154,0.4285408796863872,0.10787000305652734,0.11607998914507464,0.0,0.9999999987499999,0.624841462710084,0.3036806594655112,0.31362655533608264,0.4221938242382175,surprised,08,05,05,male,normal,534
0,0.0,True,1.0,0.5304932390543357,0.5137678420739826,0.5221305405641592,0.8549544030128121,-0.09037037037037038,-0.08657407407407419,0.40387803255117927,0.2011588596587602,0.22569579660385555,0.6107115639432934,0.016725396980353024,0.0037962962962961866,0.005256293502156935,0.322934248472673,0.10871773000549387,0.11902666682494928,0.0,0.9999999987499999,0.6150418063475389,0.3122680291102246,0.347368662357813,0.43827138542103916,surprised,08,05,05,male,normal,535
10,0.33366666666666667,True,1.0,0.5925697390010749,0.5834091394637715,0.5879894392324232,0.6432626851798287,-0.08782407407407417,-0.08500000000000002,0.3923936745790759,0.19691714852443776,0.22014200801357783,0.9140736013127305,0.009160599537303415,0.0028240740740741455,0.003968640496093463,0.4152760356147895,0.10975835813793935,0.11774458440732062,0.0,0.9999999987499999,0.6165061694834184,0.31058572424411696,0.34693497037140225,0.4410857347922148,surprised,08,05,05,male,normal,535
20,0.6673333333333333,True,1.0,0.5784337115448609,0.5530326500264331,0.5657331807856469,0.6859826958966226,-0.08662037037037046,-0.07870370370370378,0.4143672964750001,0.1808405260129893,0.2111143636174088,0.8247047398858918,0.025401061518427803,0.007916666666666683,0.0009660409985482415,0.39031346682549817,0.10836028479192436,0.11806824015142019,0.0,0.9999999987499999,0.6198315159266832,0.3096768715537812,0.34567313100068353,0.4402101354972064,surprised,08,05,05,male,normal,535
30,1.0010000000000001,True,1.0,0.6300752301563767,0.6033262419375524,0.6167007360469645,1.0601343686106977,-0.08236111111111116,-0.07513888888888892,0.3628693202964439,0.34872841072720284,0.21666701879228198,0.5817194068098638,0.02674898821882432,0.007222222222222241,0.008277242218808968,0.2603792967185106,0.105457772294419,0.1195574810797102,0.0,0.9999999987499999,0.6128098423041092,0.3130427387164544,0.34601155000017564,0.4389008748329992,surprised,08,05,05,male,normal,535
40,1.3346666666666667,True,1.0,0.6583271373165103,0.6219444857053176,0.6401358115109139,0.8250637457367981,-0.08111111111111108,-0.07287037037037036,0.39344892303877993,0.19644374898495143,0.21805870448037062,0.7758622467882892,0.036382651611192696,0.008240740740740715,0.001112498755194114,0.3407676722489788,0.10956281447552767,0.11662693703490377,0.0,0.9999999987499999,0.6081982043520534,0.3088284647327616,0.3475736504545255,0.45533613637931214,surprised,08,05,05,male,normal,535
50,1.6683333333333334,True,1.0,0.6160525727561588,0.6016418165188236,0.6088471946374912,0.7133121797015807,-0.08162037037037034,-0.07291666666666669,0.37655988451733796,0.2263394416360778,0.22014755301501807,0.8535494163189626,0.01441075623733512,0.008703703703703658,0.004678571075367806,0.4020841397243863,0.10847866433934358,0.11649680042153371,0.0,0.9999999987499999,0.6065348773884555,0.30914368101761563,0.3464432658608546,0.4519625190603109,surprised,08,05,05,male,normal,535
60,2.0020000000000002,True,1.0,0.6335724840631218,0.5986269085648224,0.6160996963139721,0.7827866055051281,-0.07208333333333333,-0.06430555555555556,0.399287299144663,0.1732102040768625,0.20694444444444438,0.7870595791766342,0.034945575498299464,0.007777777777777772,0.004234211307588975,0.3610612149836561,0.09463049441188685,0.11889517124544827,0.0,0.9999999987499999,0.6418986333986719,0.33267761518206307,0.3115427038409969,0.46034190791664076,surprised,08,05,05,male,normal,535
70,2.3356666666666666,True,1.0,0.6780016366414623,0.6207933474467774,0.6493974920441199,0.8168765783295558,-0.08837962962962964,-0.08236111111111111,0.39793354459961733,0.1978372963141896,0.22778615134956806,0.7949762660255033,0.0572082891946849,0.006018518518518534,0.001223377813765358,0.32519531250000017,0.09748974747285219,0.11818536640382599,0.0,0.9999999987499999,0.6426911411674046,0.3321220108308158,0.3167341363326336,0.4641891653409793,surprised,08,05,05,male,normal,535
80,2.6693333333333333,True,1.0,0.6177015939359732,0.5659391850161383,0.5918203894760558,0.8392402376859857,-0.08277777777777773,-0.06851851851851853,0.3929164093920562,0.22947975249226218,0.2180555555555555,0.7051859085163339,0.05176240891983497,0.014259259259259194,0.004053604874174295,0.32669336352606343,0.09648989725381167,0.11884286883960404,0.0,0.9999999987499999,0.6428036401904512,0.33188088209749755,0.3170051813691611,0.46234444828299087,surprised,08,05,05,male,normal,535
90,3.003,True,1.0,0.6198313906821814,0.5585126384464063,0.5891720145642938,0.8714947271909361,-0.08824074074074079,-0.07671296296296293,0.4195915618906297,0.18761344821471554,0.23055853375779983,0.6760477099653316,0.0613187522357751,0.011527777777777859,0.002804091873725888,0.32929867986870454,0.09564737677539888,0.11840092664162195,0.0,0.9999999987499999,0.6442861469978616,0.3312981540111217,0.32144628080040205,0.4742075516458746,surprised,08,05,05,male,normal,535
100,3.336666666666667,True,1.0,0.6086873820914337,0.5551647625362727,0.5819260723138532,0.8163744939210724,-0.08296296296296285,-0.0703240740740741,0.43058985363227265,0.15970421864674503,0.22223080512532098,0.7128175569509085,0.05352261955516102,0.012638888888888755,0.0008497502944421476,0.3679422487746172,0.09891073794069226,0.1190968048784403,0.0,0.9999999987499999,0.6435489994200806,0.3314206671956086,0.32270022054022796,0.47547956431586363,surprised,08,05,05,male,normal,535
110,3.6703333333333332,True,1.0,0.582153811192881,0.5362701583182689,0.559211984755575,0.8195739288580852,-0.08958333333333329,-0.08166666666666661,0.43472604629627215,0.15805558332394534,0.23264413603120704,0.682320368016985,0.04588365287461216,0.007916666666666683,0.009240112099556245,0.3547124991217919,0.0971043267273206,0.11866290647094589,0.0,0.9999999987499999,0.6444195634972739,0.3312051152379062,0.32355860136490944,0.4769505315996523,surprised,08,05,05,male,normal,535
0,0.0,True,1.0,0.7393445241857901,0.7563146436367554,0.7478295839112727,1.0075217889162147,-0.07296296296296306,-0.08157407407407419,0.3896560181124138,0.33804081519021,0.2131948023049951,0.74224656194851,0.01697011945096527,0.008611111111111125,0.006810033131946442,0.2738411838750414,0.10851143154861194,0.11776767777529487,0.0,0.9999999987499999,0.6145964639293218,0.310242101827874,0.33195663619487936,0.4360315082331697,surprised,08,05,05,male,strong,536
10,0.33366666666666667,True,1.0,0.7266228214889349,0.7459003913324819,0.7362616064107084,1.0807586414075783,-0.07564814814814824,-0.08444444444444449,0.37614281688174467,0.381026792730711,0.21250897556871717,0.6812451718653875,0.019277569843547004,0.008796296296296247,0.005080905988892504,0.2671277997540959,0.0983662107345252,0.11761897902934111,0.0,0.9999999987499999,0.649782471308836,0.32976244270638705,0.30268820018597925,0.4583125830667387,surprised,08,05,05,male,strong,536
20,0.6673333333333333,True,1.0,0.7290448210686812,0.7088901936757793,0.7189675073722303,1.0207506968488698,-0.07458333333333339,-0.08231481481481484,0.3886668771184423,0.3380408151902101,0.2138892455875566,0.7043517183889605,0.020154627392901858,0.00773148148148145,0.002601505582175873,0.2779010263297874,0.09820167733460847,0.11807952449785711,0.0,0.9999999987499999,0.6501736536333285,0.32921403471053845,0.3044342092994382,0.4630168402353128,surprised,08,05,05,male,strong,536
30,1.0010000000000001,True,1.0,0.8086994515482177,0.7908553766798556,0.7997774141140366,1.1352613671722123,-0.07430555555555562,-0.08226851851851841,0.38579658778252973,0.3672904423204213,0.2131948023049951,0.7044874750791332,0.017844074868362036,0.007962962962962783,0.0006042666763893076,0.2517456356163955,0.09768773243328957,0.12041884337102998,0.0,0.9999999987499999,0.6511982558023209,0.3294557909835055,0.3027386550261962,0.4633281047313363,surprised,08,05,05,male,strong,536
40,1.3346666666666667,True,1.0,0.7676167031385274,0.7747644466144122,0.7711905748764698,0.8955371199379968,-0.07171296296296292,-0.08125000000000004,0.3634692853074427,0.3218336524777175,0.21389031567999045,0.8611486422024179,0.007147743475884871,0.009537037037037122,0.013733431034779852,0.32519531250000017,0.10053978372328397,0.1191724398878033,0.0,0.9999999987499999,0.6482745984565702,0.33063543062493395,0.29945550209373745,0.45866165895512906,surprised,08,05,05,male,strong,536
50,1.6683333333333334,True,1.0,0.8053142169969764,0.7968982421372999,0.8011062295671381,0.99303170679893,-0.07078703703703709,-0.07824074074074078,0.3704643567389339,0.37062696348311797,0.21250035903002756,0.8067277450279307,0.00841597485967649,0.007453703703703685,0.005112318280059224,0.2931246037491209,0.09935504010196486,0.11968534874254615,0.0,0.9999999987499999,0.649153310003689,0.3297817469474412,0.29907477017946654,0.45718512122494065,surprised,08,05,05,male,strong,536
60,2.0020000000000002,True,1.0,0.7705432836910059,0.7903543276517712,0.7804488056713885,1.3783015652873134,-0.0723611111111111,-0.08060185185185181,0.36044004738403357,0.5328485432811773,0.21041992990714237,0.5662395119668172,0.019811043960765273,0.008240740740740715,0.005903998564248197,0.20901728167979805,0.09520527910250312,0.12003327257192051,0.0,0.9999999987499999,0.6451813994269583,0.33143911130959447,0.2984075620629962,0.45797555384616495,surprised,08,05,05,male,strong,536
70,2.3356666666666666,True,1.0,0.7926069330498238,0.7553350373857415,0.7739709852177826,0.8324064801986129,-0.07120370370370377,-0.07777777777777772,0.3599197762898587,0.2751048934224688,0.21319587588304276,0.9297993271665935,0.03727189566408229,0.0065740740740739545,0.00687600399199977,0.3241378114192813,0.10140586606386806,0.11939762373267765,0.0,0.9999999987499999,0.6503792078393856,0.32840164533505106,0.30227254748284615,0.4561589765577505,surprised,08,05,05,male,strong,536
80,2.6693333333333333,True,1.0,0.7423552630131668,0.7535248081574716,0.7479400355853192,1.0517364412906252,-0.07180555555555557,-0.07717592592592587,0.340790066640589,0.39254951681974026,0.2124999999999999,0.7111477802057462,0.011169545144304793,0.005370370370370303,0.006731631159894501,0.2697341682536849,0.09867142403554593,0.11961413371893113,0.0,0.9999999987499999,0.6472166692223764,0.33034011258309853,0.3009100651275699,0.4560560803319737,surprised,08,05,05,male,strong,536
90,3.003,True,1.0,0.7414215982746957,0.7640938996458757,0.7527577489602857,1.1225342645123477,-0.06995370370370363,-0.07412037037037028,0.35643107525567674,0.40496489289369497,0.2145847555070186,0.6705877697972091,0.022672301371180037,0.004166666666666652,0.0021356311615955406,0.2705696202531645,0.11096401055082308,0.11855344816225467,0.0,0.9999999987499999,0.603801367398522,0.3076221039307114,0.32731654233524404,0.45081570387815517,surprised,08,05,05,male,strong,536
100,3.336666666666667,True,1.0,0.7420010753137624,0.735044779054322,0.7385229271840421,1.0893557773846698,-0.07023148148148156,-0.07398148148148143,0.3744799045503956,0.363109837025133,0.21319444444444446,0.6779446554706776,0.0069562962594403865,0.0037499999999998646,0.0002473284861785304,0.2641711490659079,0.11306474709124205,0.11752837257120644,0.0,0.9999999987499999,0.6056573521986919,0.307612449078308,0.3318468082908227,0.4510648107758141,surprised,08,05,05,male,strong,536
110,3.6703333333333332,True,1.0,0.7425139830115086,0.7724447056659475,0.757479344338728,1.0605464194459417,-0.06902777777777774,-0.0737962962962963,0.38199025785071444,0.3645538203031679,0.21319587588304287,0.7142349740188231,0.029930722654438857,0.004768518518518561,0.005986900522997633,0.2742119717727055,0.09834293121691165,0.11812330576184599,0.0,0.9999999987499999,0.6511453923678846,0.3278627246424071,0.3031508139278122,0.4544361910322218,surprised,08,05,05,male,strong,536
120,4.0040000000000004,True,1.0,0.7415798633355785,0.7338743158233513,0.7377270895794649,1.0235042373016532,-0.0698611111111111,-0.07462962962962955,0.38362767796901576,0.3568699925122331,0.21459613255719906,0.72078557439527,0.007705547512227184,0.00476851851851845,0.0027226422074791545,0.28864341003044824,0.10912397095700255,0.11736276929254315,0.0,0.9999999987499999,0.6078284756011781,0.3077213923260627,0.3217421394716745,0.43483035168956724,surprised,08,05,05,male,strong,536
0,0.0,True,1.0,0.6975942420700222,0.6835807427880215,0.6905874924290218,1.0992366412213737,-0.06685185185185188,-0.07560185185185186,0.3848682016758917,0.3799830364715856,0.20417600856869406,0.628242788251402,0.014013499282000685,0.00874999999999998,0.008696036749349514,0.26388888888888856,0.1130572323086638,0.11491281241270428,0.0,0.9999999987499999,0.6145164903617698,0.3111442823190571,0.32352701236133663,0.4257935633360283,surprised,08,05,05,male,strong,537
10,0.33366666666666667,True,1.0,0.6601066426421196,0.668896258186213,0.6645014504141663,1.1118863668321193,-0.06819444444444445,-0.07810185185185192,0.38284135993524876,0.37288872058394207,0.2034755968342765,0.5976343178911353,0.00878961554409341,0.009907407407407476,0.012239115335765903,0.26753048780487837,0.09884347653372409,0.12026669443895228,0.0,0.9999999987499999,0.6493638209346237,0.331336343036165,0.2928595484084425,0.4496772258069645,surprised,08,05,05,male,strong,537
20,0.6673333333333333,True,1.0,0.6867048293393019,0.6931148232907339,0.6899098263150178,1.1666860675363917,-0.07111111111111101,-0.0788888888888889,0.3831612905685785,0.39340897979602346,0.20972222222222225,0.5913414460942793,0.006409993951432047,0.007777777777777883,0.001400498826352707,0.24881303863934381,0.09837926125423618,0.12033047703953811,0.0,0.9999999987499999,0.6502806863292192,0.3316920508029606,0.29829214483260486,0.4545465144510145,surprised,08,05,05,male,strong,537
30,1.0010000000000001,True,1.0,0.6997416837259368,0.6924025590797641,0.6960721214028505,1.2210198010512674,-0.08416666666666667,-0.09305555555555556,0.3829957608769925,0.4341064604645784,0.22501220670013103,0.5700743925721351,0.007339124646172701,0.00888888888888889,0.002196330523648536,0.2374814474865946,0.09499522015551413,0.11828225763451546,0.0,0.9999999987499999,0.6459596721735569,0.33365208823668674,0.3129171112452534,0.47616860041238523,surprised,08,05,05,male,strong,537
40,1.3346666666666667,True,1.0,0.7516423812418697,0.7193595382784785,0.735500959760174,1.0896057347670247,-0.0831944444444444,-0.08537037037037037,0.35678258043886873,0.3870967741935482,0.22569478248505678,0.6750156834641073,0.03228284296339112,0.00217592592592597,0.011274090342298131,0.2590460526315796,0.1067817615154947,0.11789264856253048,0.0,0.9999999987499999,0.6006883229229192,0.31043980940607496,0.3363439102841833,0.4566914320339232,surprised,08,05,05,male,strong,537
50,1.6683333333333334,True,1.0,0.7237160180417971,0.7322391803502772,0.7279775991960371,0.9422125141104382,-0.0733333333333333,-0.08078703703703699,0.37380964188694443,0.3413700025071573,0.21320017014117348,0.7726256956832456,0.008523162308480159,0.007453703703703685,0.009395316158560627,0.3019683743941034,0.11098832786987314,0.11723775503303974,0.0,0.9999999987499999,0.6039952605886104,0.3088192897256081,0.32367183255980503,0.4430263029428042,surprised,08,05,05,male,strong,537
60,2.0020000000000002,True,1.0,0.7298138030937915,0.7005358397320798,0.7151748214129356,1.3748895918678052,-0.06435185185185183,-0.06847222222222221,0.36656458965979843,0.5207831059034135,0.19791705215148858,0.520168910756944,0.029277963361711734,0.004120370370370385,0.008263413825935163,0.2161417538707313,0.11191590093998045,0.11684281359390035,0.0,0.9999999987499999,0.5963690869316477,0.311226866266267,0.31628002034868036,0.43475084838940925,surprised,08,05,05,male,strong,537
70,2.3356666666666666,True,1.0,0.7151654292579985,0.7138649959469828,0.7145152126024907,0.7515045881275918,-0.06050925925925921,-0.06611111111111123,0.3726853158910734,0.25277881600655355,0.19861149524808674,0.9507795745901408,0.001300433311015703,0.005601851851852024,0.008422271837296076,0.35841600846497734,0.11149233781866844,0.11805672499230352,0.0,0.9999999987499999,0.6046603144773534,0.3064468577968245,0.3120066152343864,0.4303491923784316,surprised,08,05,05,male,strong,537
80,2.6693333333333333,True,1.0,0.6917075453305581,0.7081225334505923,0.6999150393905752,1.1178492011589376,-0.06185185185185188,-0.06583333333333335,0.35219748263150097,0.42993082103826186,0.20208371087002966,0.6261265282159111,0.01641498812003417,0.003981481481481475,0.008192486902867483,0.2671277997540961,0.11060071948162147,0.11531316366058776,0.0,0.8387157354069747,0.5955042772186999,0.30775194625002006,0.3188871905323768,0.4298117667028289,surprised,08,05,05,male,strong,537
90,3.003,True,1.0,0.7514824672318489,0.7681961656710966,0.7598393164514727,1.0984538208943178,-0.055648148148148,-0.05949074074074073,0.31443362859679413,0.40382950032964593,0.2006978657631411,0.691735330150558,0.01671369843924775,0.0038425925925927307,0.001866842908415365,0.25684636399136407,0.11163218159765982,0.11464775963772851,0.0,0.9999999987499999,0.59599630491259,0.30856593235654634,0.3135348321104402,0.4157936104529297,surprised,08,05,05,male,strong,537
100,3.336666666666667,True,1.0,0.7019670077269755,0.7112410315251598,0.7066040196260677,0.9621119406888743,-0.05935185185185193,-0.06375000000000003,0.3769909921933083,0.31167006529357905,0.20069786576314122,0.7344301528158331,0.009274023798184317,0.0043981481481480955,0.0010119819599552677,0.2931338028169017,0.11272748697355024,0.11638785824557994,0.0,0.9999999987499999,0.6056330557222889,0.30672326786240905,0.31316470897115933,0.4272486637568638,surprised,08,05,05,male,strong,537
110,3.6703333333333332,True,1.0,0.7015652601957184,0.6976712895747218,0.6996182748852201,0.8739409593922373,-0.06009259259259264,-0.06379629629629624,0.3751801513411826,0.2730960020057248,0.1972257037743489,0.8005326531116633,0.003893970620996612,0.003703703703703598,0.0011187010639586727,0.32518275294573906,0.1102992182566578,0.11527150306852163,0.0,0.9999999987499999,0.6076643815729416,0.30578812689808854,0.30957987130961173,0.425129321908632,surprised,08,05,05,male,strong,537
120,4.0040000000000004,True,1.0,0.7029652584125012,0.708504999322699,0.7057351288676001,0.7351055937578176,-0.060324074074074086,-0.06481481481481488,0.3854137807710815,0.2205316781273457,0.19722841160573593,0.9600459238242531,0.00553974091019771,0.004490740740740795,0.004503393944344595,0.36863047859891607,0.11336325184878174,0.11576870473785522,0.0,0.9999999987499999,0.6092934011651536,0.3061081647682229,0.310034021429814,0.42412963972564915,surprised,08,05,05,male,strong,537
0,0.0,True,1.0,0.5368805151064545,0.5477021243870207,0.5422913197467376,0.8438850517550187,-0.06069444444444444,-0.06467592592592591,0.3979903867357013,0.20122659303274004,0.19375354394440278,0.6426127807560285,0.010821609280566191,0.003981481481481475,0.006087940218761234,0.3388869944009644,0.11238013210705092,0.1163963825851519,0.0,0.9999999987499999,0.6157133016018908,0.3080116316145426,0.30300932514313145,0.4129499154885806,surprised,08,05,05,male,strong,538
10,0.33366666666666667,True,1.0,0.583631050320219,0.6060933579707664,0.5948622041454927,0.8517516676127307,-0.06060185185185185,-0.06300925925925926,0.39056640088996586,0.2462094664193051,0.1923611111111111,0.6983986374957837,0.022462307650547353,0.0024074074074074137,0.0013698968007775092,0.32669336352606376,0.11972326049996916,0.10952702250172004,0.0,0.9999999987499999,0.5737328203703356,0.2804804841912586,0.31531467024574683,0.37393518370117995,surprised,08,05,05,male,strong,538
20,0.6673333333333333,True,1.0,0.6492803971354401,0.6519656387952928,0.6506230179653665,0.8423531465658639,-0.058148148148148115,-0.06097222222222226,0.3876095922932722,0.2339776590651829,0.19305911224772535,0.7723874726625646,0.002685241659852733,0.0028240740740741455,0.0037744395225894297,0.3249238123219445,0.11030443126228023,0.11592577453576758,0.0,0.9999999987499999,0.6178717848623825,0.309258172717468,0.3140638113325687,0.40761269011787143,surprised,08,05,05,male,strong,538
30,1.0010000000000001,True,1.0,0.600477660304555,0.6109580532300938,0.6057178567673244,1.0482277519801548,-0.058750000000000024,-0.06268518518518518,0.381808176961883,0.3062921444725354,0.19583683957687853,0.5778494755773189,0.010480392925538817,0.003935185185185153,0.003904530093081795,0.2730784879074303,0.11996883422614393,0.1118430408661756,0.0,0.9999999987499999,0.5676922665863221,0.2810074106676032,0.3219506859021245,0.38592674937202603,surprised,08,05,05,male,strong,538
40,1.3346666666666667,True,1.0,0.6050639789857482,0.6070825465396597,0.6060732627627039,0.890384526266903,-0.05750000000000005,-0.06013888888888891,0.3739908299243243,0.21917157569646872,0.1937563003007902,0.6806871019016636,0.002018567553911499,0.0026388888888888573,0.0033397179795816054,0.314938709168219,0.12333704109888675,0.10969182648189658,0.0,0.9999999987499999,0.5525704596760579,0.277685039713942,0.3372334215858516,0.3832364456742405,surprised,08,05,05,male,strong,538
50,1.6683333333333334,True,1.0,0.6517433508580202,0.6260777729485416,0.6389105619032809,0.9591878841815809,-0.05694444444444441,-0.05935185185185182,0.3963605006942201,0.2851557274602002,0.19515296339244406,0.6660953213023808,0.025665577909478543,0.0024074074074074137,0.00620822294858866,0.3218111686515684,0.11255858696722988,0.11573100115695002,0.0,0.998157937882219,0.6076481094781662,0.3093682219823762,0.3091113879114406,0.42324015956808314,surprised,08,05,05,male,strong,538
60,2.0020000000000002,True,1.0,0.6689935538646233,0.6586871833402533,0.6638403686024383,1.1982425253175817,-0.05740740740740741,-0.06078703703703703,0.38266619182476447,0.3904307778174908,0.19653398903121463,0.5540116917704071,0.010306370524370001,0.0033796296296296213,0.004959558965843039,0.2464838411659477,0.1100137187793736,0.11521376112881598,0.0,0.9999999987499999,0.6018265293617447,0.30928744321375334,0.30825671753189415,0.42351910891283867,surprised,08,05,05,male,strong,538
70,2.3356666666666666,True,1.0,0.693183223783207,0.6967139489161221,0.6949485863496645,1.2679950398089095,-0.058564814814814736,-0.06259259259259259,0.31695297427343316,0.47954975695537616,0.1972469785909828,0.5480688524257913,0.003530725132915191,0.004027777777777852,0.0025849141840439097,0.2321833250985202,0.11070927979056597,0.11798672526816509,0.0,0.9999999987499999,0.5994350006174345,0.3096459991049298,0.3013515365013591,0.41159548364965853,surprised,08,05,05,male,strong,538
80,2.6693333333333333,True,1.0,0.6596717598259813,0.6600621742267128,0.6598669670263471,1.1225342645123488,-0.05791666666666673,-0.06092592592592588,0.3615955912697133,0.433383481868691,0.19724117659584228,0.5878368152200738,0.0003904144007315091,0.003009259259259156,0.0004387184800506204,0.26375329334748054,0.11341167007412357,0.11539152942202022,0.0,0.9999999987499999,0.5959733275263229,0.30960188740486344,0.3095400959878051,0.42000744076256746,surprised,08,05,05,male,strong,538
90,3.003,True,1.0,0.658923550270306,0.6582544864144868,0.6585890183423964,1.0521344962920076,-0.05712962962962964,-0.06106481481481468,0.37603363673316736,0.3484248544955192,0.1972361480619973,0.6259551613063096,0.0006690638558192186,0.003935185185185042,0.0019763763876754926,0.27789361141138286,0.11276612731037051,0.11503299012873135,0.0,0.9999999987499999,0.5986277981036164,0.3089950150668367,0.30881983966290816,0.4221063740570366,surprised,08,05,05,male,strong,538
100,3.336666666666667,True,1.0,0.6549300828658734,0.6232028947056634,0.6390664887857684,1.0799654092600857,-0.05782407407407397,-0.06101851851851847,0.37690747028997956,0.3690927458846358,0.19653127163199052,0.5917471831098837,0.03172718816021003,0.0031944444444444997,0.002080056143018587,0.27768283452405085,0.11211113859621341,0.11567143505980393,0.0,0.9999999987499999,0.5965356281887756,0.308967791132764,0.3072532751949323,0.41982708038026617,surprised,08,05,05,male,strong,538
0,0.0,True,1.0,0.6394060617451578,0.6710668192874243,0.655236440516291,0.8874766266306751,-0.05819444444444449,-0.06199074074074079,0.36996378967036225,0.3099124727916643,0.18889252403601006,0.7383140252424573,0.03166075754226649,0.0037962962962962976,0.004574795627434656,0.32182025909429274,0.10974348900734082,0.11596511344316604,0.0,0.9999999987499999,0.6198097959418143,0.308234581847875,0.3056100753994032,0.40122618069258964,surprised,08,05,05,male,strong,539
10,0.33366666666666667,True,1.0,0.6527130671943084,0.6637708531113085,0.6582419601528084,0.7739174621617482,-0.058240740740740815,-0.06361111111111112,0.36254582857744005,0.2436274652550157,0.18889898634705438,0.8505325080974028,0.011057785917000018,0.005370370370370303,0.005261726136065431,0.35463124102740146,0.12522851334489113,0.10663780855066421,0.0,0.9656805105026895,0.5585842961794092,0.2782663223303551,0.3322151887919679,0.3831233488166352,surprised,08,05,05,male,strong,539
20,0.6673333333333333,True,1.0,0.6658233516126897,0.6756827579393402,0.670753054776015,0.886576580416935,-0.05981481481481482,-0.06407407407407406,0.35451819926211664,0.2834017759506659,0.1902781787382358,0.7565652754560429,0.0098594063266505,0.00425925925925924,0.0014851158220861472,0.30473157719917804,0.09923596919239441,0.11769824891614113,0.0,0.9999999987499999,0.6569662524306598,0.32748355919471533,0.2813859888848468,0.42973718473561767,surprised,08,05,05,male,strong,539
30,1.0010000000000001,True,1.0,0.6380963305288454,0.6345186714354182,0.6363075009821317,1.4399625528809745,-0.06740740740740742,-0.07143518518518521,0.3353069351247089,0.5055097178062058,0.20694481311284502,0.4418917003841892,0.003577659093427221,0.004027777777777797,0.004683316161326929,0.1977562094546191,0.09150825194630482,0.11957461528502818,0.0,0.9999999987499999,0.6510794027142106,0.3296348032145642,0.28487194753489786,0.4349670083048894,surprised,08,05,05,male,strong,539
40,1.3346666666666667,True,1.0,0.6713828991729737,0.6833982434610943,0.6773905713170341,0.9832908507098327,-0.07273148148148151,-0.0827314814814814,0.33838911012445144,0.3054050059369659,0.22361145230116525,0.6889015298251064,0.012015344288120677,0.009999999999999898,0.014377408416248488,0.2998198165219109,0.11106764969164881,0.11781126054111128,0.0,0.9999999987499999,0.6042915107527386,0.3072771369094716,0.33008146724048243,0.4412097409647076,surprised,08,05,05,male,strong,539
50,1.6683333333333334,True,1.0,0.631662877380712,0.6406664227592125,0.6361646500699623,1.1218854732929182,-0.07287037037037036,-0.08175925925925925,0.38779401423076826,0.37175582117005607,0.22152812217651086,0.5670495475823522,0.009003545378500455,0.00888888888888889,0.011605815342754951,0.2561231963825104,0.11219285653648917,0.11706616401055119,0.0,0.9999999987499999,0.6040655958555298,0.3082548619550417,0.3354715966298834,0.4469278563740467,surprised,08,05,05,male,strong,539
60,2.0020000000000002,True,1.0,0.6617285319108013,0.6633221812074879,0.6625253565591446,0.9932335107266113,-0.07092592592592595,-0.08013888888888887,0.38857890349549185,0.30055089937700863,0.21875871913426817,0.6670388679037487,0.0015936492966865945,0.009212962962962923,0.006666547724749809,0.2815267766926313,0.09632684627918005,0.1204076490908277,0.0,0.9999999987499999,0.6447471725721539,0.33134719982680577,0.2982198744231796,0.45283691184669383,surprised,08,05,05,male,strong,539
70,2.3356666666666666,True,1.0,0.6944033389640323,0.7132997919393719,0.7038515654517021,0.9805503142729151,-0.06976851851851851,-0.07814814814814813,0.33005045612902445,0.37354297686587346,0.21875558028596664,0.7178127987992263,0.018896452975339595,0.008379629629629626,0.004770065004490566,0.26973182888048614,0.11079326275747574,0.11660803282205452,0.0,0.9999999987499999,0.6008730294227067,0.30868776870591785,0.3225061990853032,0.4279755592278787,surprised,08,05,05,male,strong,539
80,2.6693333333333333,True,1.0,0.6298106091296624,0.6368418351816016,0.633326222155632,1.019318664192273,-0.06782407407407398,-0.07643518518518516,0.38352050210141786,0.2978528564198201,0.21736251511017093,0.6213230900245424,0.007031226051939288,0.00861111111111118,0.006609770113151608,0.28519844409300527,0.1132579053513669,0.11750449445609094,0.0,0.9999999987499999,0.6038220986519608,0.3056622803622321,0.3283963744989861,0.4429463998178782,surprised,08,05,05,male,strong,539
90,3.003,True,1.0,0.6298106091296624,0.626698381114407,0.6282544951220347,1.002348439197011,-0.06699074074074068,-0.07495370370370374,0.38903818878969765,0.27987651224332144,0.21666701879228198,0.6267825344501301,0.003112228015255347,0.00796296296296306,0.0030560788118535335,0.2924962501183177,0.10834507450363318,0.11678430503864098,0.0,0.9999999987499999,0.6053339820068652,0.305925297561399,0.32580359135175857,0.4459290911416925,surprised,08,05,05,male,strong,539
100,3.336666666666667,True,1.0,0.5994098369988278,0.6190604678841777,0.6092351524415027,0.9583301228189286,-0.06620370370370376,-0.0756944444444444,0.3868714969950431,0.2756840079342125,0.2159725754800724,0.6357257670764195,0.019650630885349907,0.009490740740740633,0.002303296378692484,0.3085234419056222,0.10978071611346737,0.1160940964583074,0.0,0.9999999987499999,0.604935657012805,0.3078140906459517,0.322052715181066,0.43654115344070277,surprised,08,05,05,male,strong,539
0,0.0,True,1.0,0.493761876223608,0.4989027549484558,0.4963323155860319,0.6262790976213698,-0.06777777777777783,-0.06930555555555556,0.38424190971428307,0.19809564195178694,0.19999999999999996,0.7925097891197704,0.005140878724847808,0.001527777777777739,0.0012794969601782884,0.4361957495804353,0.0980737657438917,0.11753920290111802,0.0,0.9999999987499999,0.6489550380464686,0.32310005831912847,0.3024191293195633,0.44541488871129026,neutral,01,05,05,male,normal,540
10,0.33366666666666667,True,1.0,0.47870085761015496,0.49219420974877964,0.4854475336794673,0.6483739437993294,-0.06796296296296295,-0.0692592592592593,0.3774745908728774,0.20098320451177681,0.19930593835407728,0.7487153645238286,0.013493352138624681,0.001296296296296351,0.00965408095971411,0.4274729498332503,0.09877298335025526,0.11776393863887025,0.0,0.9999999987499999,0.6496741805550345,0.3226351389499747,0.30363979679107417,0.4473340070635075,neutral,01,05,05,male,normal,540
20,0.6673333333333333,True,1.0,0.47870085761015546,0.4998206591335525,0.489260758371854,0.6565546536550352,-0.06925925925925941,-0.0692592592592593,0.38008006456233456,0.19952898445419695,0.20000038146936283,0.7451942586167698,0.02111980152339704,1.1102230246251565e-16,0.011452140255482142,0.40806341601521406,0.09876181648757035,0.11825761256827406,0.0,0.9999999987499999,0.6475671954953857,0.3231523792836528,0.30362586272648157,0.44639953997888,neutral,01,05,05,male,normal,540
30,1.0010000000000001,True,1.0,0.4717532000217584,0.4795121019607292,0.4756326509912438,0.901297981703841,-0.07000000000000006,-0.0699999999999999,0.37369522989521287,0.29389175021515973,0.20000610342249553,0.5277196450524536,0.007758901938970775,1.6653345369377348e-16,0.006398729619937295,0.2934685093753574,0.09805610055366842,0.11803914915326921,0.0,0.9999999987499999,0.6491323865718164,0.3235735880633195,0.30302375615913485,0.4426343552276913,neutral,01,05,05,male,normal,540
40,1.3346666666666667,True,1.0,0.4431839222043918,0.4588342028057342,0.451009062505063,0.9360731585731371,-0.07532407407407415,-0.07518518518518513,0.359594022000072,0.3527114991274691,0.20208484347588665,0.4818096303418627,0.015650280601342437,0.00013888888888902162,0.01135518577168061,0.2856844269494585,0.09926159619889657,0.1178384268675335,0.0,0.9999999987499999,0.6524296427008304,0.3215339414613526,0.3046867057125765,0.4444069919159248,neutral,01,05,05,male,normal,540
50,1.6683333333333334,True,1.0,0.46513901149952147,0.48636236719731313,0.4757506893484173,1.0232259252255462,-0.07569444444444445,-0.07763888888888887,0.36269968780645945,0.39043077781749186,0.20138926772743349,0.46495175466117045,0.021223355697791657,0.0019444444444444153,0.002578752744672817,0.2664400707973372,0.09804892886177248,0.11852830455392024,0.0,0.9999999987499999,0.6526168507871899,0.32119706289144195,0.3001829402979821,0.4424923143261321,neutral,01,05,05,male,normal,540
60,2.0020000000000002,True,1.0,0.42993082103826163,0.4373644271232006,0.4336476240807311,0.7322178513284682,-0.07513888888888887,-0.07472222222222213,0.36411930795273284,0.23729282218978173,0.20347259718188102,0.5922385302324452,0.007433606084938982,0.0004166666666667318,0.00485767332344648,0.36505334195507005,0.09799663177344793,0.11695371784153294,0.0,0.9999999987499999,0.6507743272934173,0.3208087952324095,0.29923512889017406,0.4439228752261441,neutral,01,05,05,male,normal,540
70,2.3356666666666666,True,1.0,0.4444194522969113,0.4584230089639253,0.4514212306304183,0.8000158005255478,-0.07754629629629622,-0.07685185185185184,0.358152410222648,0.3050907713868617,0.2034755968342765,0.5642653936758122,0.014003556667013972,0.0006944444444443865,0.00423205346413433,0.3432203389830506,0.0995611976697501,0.11742326557301083,0.0,0.9999999987499999,0.6524067867381328,0.3205682945621486,0.3017535280478341,0.44158425327656237,neutral,01,05,05,male,normal,540
80,2.6693333333333333,True,1.0,0.49236464015199016,0.5054612588378978,0.498912949494944,0.7559896454870647,-0.07726851851851851,-0.07578703703703704,0.3689177401518394,0.2652466094288526,0.20694481311284507,0.6599468028077385,0.013096618685907668,0.0014814814814814725,0.011381689898107925,0.3458231694563049,0.09876256553337961,0.11921970751828372,0.0,0.9999999987499999,0.6506776216580382,0.3217768434582248,0.3022003696918406,0.44313751571158716,neutral,01,05,05,male,normal,540
90,3.003,True,1.0,0.49388580456758874,0.5073770623333951,0.5006314334504919,0.5921691254305127,-0.07500000000000001,-0.07250000000000006,0.38747331394719553,0.15749178867832833,0.20486111111111105,0.8454196815589262,0.013491257765806342,0.0024999999999999467,0.006084093939150686,0.43137609197745547,0.09825741320235222,0.11706067060229848,0.0,0.9999999987499999,0.6510937708442753,0.32122198274462066,0.30426753690499025,0.4461190164724168,neutral,01,05,05,male,normal,540
100,3.336666666666667,True,1.0,0.4788798692404318,0.4846823540004215,0.48178111162042664,0.5963927970426698,-0.07513888888888892,-0.0737962962962963,0.38347160903037625,0.17130431404417154,0.20834248840561392,0.807825168260637,0.005802484759989679,0.0013425925925926174,0.011977528781407619,0.44333000371172293,0.09950555830294308,0.11730812119507947,0.0,0.9999999987499999,0.6502539977084583,0.321480022887595,0.30537474415280724,0.4463807809600219,neutral,01,05,05,male,normal,540
0,0.0,True,1.0,0.4787008576101544,0.5053475873163754,0.49202422246326494,0.6220763708804561,-0.06740740740740747,-0.0693981481481481,0.38084038905291956,0.20734455356162104,0.1965281659868687,0.7909386138021578,0.026646729706221006,0.0019907407407406263,0.008865831020419549,0.42236008989102675,0.1005308390176073,0.11869944019874874,0.0,0.9999999987499999,0.6489519337188001,0.3238963459002118,0.2991024326234828,0.4443125600954904,neutral,01,05,05,male,normal,541
10,0.33366666666666667,True,1.0,0.5220794653247198,0.5640520955648519,0.5430657804447858,0.6220763708804561,-0.06842592592592595,-0.0704629629629629,0.38302675396054886,0.20734455356162104,0.19722260906438244,0.8729889220453068,0.04197263024013209,0.0020370370370369484,0.007373013467144537,0.4340641581704947,0.0994454397106454,0.11929125417495604,0.0,0.9999999987499999,0.6496230001062926,0.32347503929484467,0.29846116156521557,0.4431806037094056,neutral,01,05,05,male,normal,541
20,0.6673333333333333,True,1.0,0.5409481335355772,0.5278906706992602,0.5344194021174187,0.6354081226548223,-0.06745370370370363,-0.0675,0.38072777244354633,0.21394986286737525,0.19722260906438244,0.8410647945206321,0.013057462836317035,4.629629629637755e-05,0.005236064207317865,0.42520688534198986,0.09999520429600132,0.11931081159044381,0.0,0.9999999987499999,0.6484380310718036,0.323883270574301,0.2988960818512728,0.44205290213803766,neutral,01,05,05,male,normal,541
30,1.0010000000000001,True,1.0,0.4656938201854058,0.4797893573976662,0.472741588791536,0.9404823006168223,-0.07981481481481473,-0.07939814814814822,0.3759612441376768,0.32001546134539566,0.2048614835286752,0.5026586768102759,0.014095537212260423,0.00041666666666650976,0.0018384284058581212,0.28124141732403424,0.10917594444715244,0.1161720541858755,0.0,0.9999999987499999,0.6205157846419818,0.30127618532635725,0.33167232128675955,0.4215426827644449,neutral,01,05,05,male,normal,541
40,1.3346666666666667,True,1.0,0.48592367670618203,0.5163817659786107,0.5011527213423964,1.0175348752047166,-0.08444444444444449,-0.08333333333333337,0.34362731590841994,0.415599793670321,0.2083336995439489,0.4925165058756046,0.030458089272428712,0.0011111111111111183,0.0004548273546134239,0.28554986009867167,0.11007610873809019,0.11548457582187781,0.0,0.9999999987499999,0.6203470791128952,0.30200176093794545,0.3294169257490851,0.4208551901521145,neutral,01,05,05,male,normal,541
50,1.6683333333333334,True,1.0,0.45762766188581466,0.48772196474341817,0.4726748133146164,1.1851735103775614,-0.08930555555555547,-0.08916666666666656,0.34712533499701903,0.4585081557041151,0.21388888888888885,0.3988233023905809,0.030094302857603505,0.0001388888888889106,0.0020900534418634223,0.23465610437220968,0.10978849524587324,0.11608673987258908,0.0,0.9999999987499999,0.6181088040372399,0.30335685969060283,0.33391511092466897,0.4240450843322149,neutral,01,05,05,male,normal,541
60,2.0020000000000002,True,1.0,0.451682676024692,0.45183624535161643,0.4517594606881542,0.861283423123487,-0.08777777777777779,-0.08648148148148149,0.36901137242669396,0.3162402927591068,0.21666666666666667,0.5245189313522675,0.00015356932692445202,0.0012962962962962954,0.0014841039879526557,0.31639402989315246,0.09855444000872517,0.11599233797334442,0.0,0.9999999987499999,0.6522062303749623,0.32268256624329694,0.30446773280232153,0.4493634259182655,neutral,01,05,05,male,normal,541
70,2.3356666666666666,True,1.0,0.46542319546208605,0.4656938201854047,0.4655585078237454,0.7763844124494902,-0.08805555555555561,-0.08851851851851855,0.37424839470839316,0.2960653462016724,0.21805870448037062,0.5996494782203443,0.0002706247233186798,0.0004629629629629428,0.0006407675034726016,0.3436229652576328,0.11201050157729248,0.1169151977062183,0.0,0.9999999987499999,0.6211799927783614,0.3016675196552624,0.33523090430923436,0.4250607512161239,neutral,01,05,05,male,normal,541
80,2.6693333333333333,True,1.0,0.48752251314417194,0.5078583233935294,0.4976904182688507,0.8208790578002346,-0.08578703703703705,-0.08615740740740735,0.37108904542387666,0.31624029275910703,0.21389780617713006,0.6062895788845503,0.02033581024935749,0.00037037037037029874,0.002279400230769299,0.32316197484547193,0.09778201577541627,0.11794366911539036,0.0,0.9999999987499999,0.652912687973627,0.3223164825907121,0.3025465062963906,0.44456582516521514,neutral,01,05,05,male,normal,541
90,3.003,True,1.0,0.4799812565753133,0.4856135409376498,0.48279739875648153,0.5914113021884541,-0.08435185185185184,-0.08458333333333334,0.38626892534945406,0.1735533851594837,0.21527919536383625,0.8163479408830058,0.0056322843623364816,0.00023148148148149916,0.0009337884184719537,0.4285088433423056,0.11080712154617633,0.11361554096849795,0.0,0.9999999987499999,0.6205465235469187,0.3018398766811702,0.3366486363833983,0.4296679848408254,neutral,01,05,05,male,normal,541
100,3.336666666666667,True,1.0,0.49243491993745947,0.5417325872266157,0.5170837535820376,0.6175381509691911,-0.08509259259259255,-0.08541666666666659,0.3827600934425091,0.1929806721778726,0.21527813217516756,0.8373308641263767,0.04929766728915619,0.0003240740740740322,0.0015638731509934325,0.3989817905419098,0.11019517738943146,0.11454230707417438,0.0,0.9999999987499999,0.6198307157003428,0.30213729786233545,0.33636782106900154,0.429089429504087,neutral,01,05,05,male,normal,541
0,0.0,True,1.0,0.4358308347174092,0.44485574584957854,0.44034329028349384,0.6535802925260655,-0.06870370370370371,-0.07064814814814818,0.37839876688320934,0.2156678492343127,0.1979201360030356,0.673740159118908,0.009024911132169355,0.0019444444444444708,0.010701882860261618,0.4274729498332504,0.0996752796486066,0.11861840323643368,0.0,0.9999999987499999,0.6442885239955357,0.3263391778785359,0.29706365314261135,0.44503841660357046,neutral,01,05,05,male,normal,542
10,0.33366666666666667,True,1.0,0.5139283130644741,0.5406937893633548,0.5273110512139144,0.6547368383448703,-0.06620370370370371,-0.06787037037037041,0.3692119642578062,0.2137916206840386,0.19791666666666674,0.8053786198236844,0.026765476298880708,0.0016666666666667052,0.011181250981236849,0.42474489795918413,0.09931341990097045,0.1190816339071769,0.0,0.9999999987499999,0.6430823476421819,0.3264301035867964,0.29785106551285107,0.4447576534064946,neutral,01,05,05,male,normal,542
20,0.6673333333333333,True,1.0,0.499474635433842,0.5221799601681522,0.5108272978009971,0.9162393162393152,-0.06657407407407406,-0.06782407407407415,0.3597576262925781,0.28717948717948616,0.19861149524808674,0.5575260619656411,0.02270532473431014,0.0012500000000000844,0.008556064839866904,0.30260710929761775,0.09844011042196246,0.12012220220221294,0.0,0.9999999987499999,0.6424666437121723,0.3277491228054164,0.2969310816258005,0.4417511412886789,neutral,01,05,05,male,normal,542
30,1.0010000000000001,True,1.0,0.4651390114995227,0.4936901538348193,0.47941458266717096,0.8481772069828262,-0.07273148148148151,-0.07319444444444434,0.365248086855393,0.2961888659305107,0.20417264553320494,0.5652292689785497,0.028551142335296598,0.0004629629629628318,0.012584641768843401,0.3124999999999993,0.09735353566449914,0.11781344976154706,0.0,0.9999999987499999,0.6460887921418568,0.32630273889591127,0.29678158231799734,0.44344653239646953,neutral,01,05,05,male,normal,542
40,1.3346666666666667,True,1.0,0.44390636443798315,0.4516929003604047,0.44779963239919396,0.7559528368722308,-0.06990740740740736,-0.06865740740740739,0.3742074024423053,0.26524660942885286,0.1972237695863105,0.5923645107966966,0.007786535922421567,0.0012499999999999734,0.00707934091879225,0.36513157894736775,0.09797223449526835,0.11859170586267369,0.0,0.9999999987499999,0.6454724490499325,0.3260389180075944,0.2957155126544815,0.44419939979388323,neutral,01,05,05,male,normal,542
50,1.6683333333333334,True,1.0,0.49329740909757747,0.4863514010937347,0.48982440509565606,0.7993485281784832,-0.07273148148148145,-0.07273148148148151,0.36190857467225773,0.2894056847545222,0.2006978657631411,0.6127795171048156,0.006946008003842763,5.551115123125783e-17,0.011051687681423254,0.33942369303616593,0.09613382181692841,0.11865034431458125,0.0,0.9999999987499999,0.6476998234371873,0.3249275970817082,0.2931775855301239,0.44288324614565483,neutral,01,05,05,male,normal,542
60,2.0020000000000002,True,1.0,0.4437154076627243,0.4518947029896433,0.4478050553261838,0.7164567775526561,-0.07273148148148151,-0.073888888888889,0.3749737341205304,0.2520729684908793,0.20278379759424525,0.6250273140772575,0.008179295326918967,0.0011574074074074958,0.009839355804282092,0.3754366007566581,0.09836362791229471,0.11938959656372114,0.0,0.9999999987499999,0.648696322958871,0.3249055670581076,0.29741905179673794,0.44446420248495483,neutral,01,05,05,male,normal,542
70,2.3356666666666666,True,1.0,0.4932974090975797,0.4927133736770488,0.49300539138731425,0.7676767676767684,-0.07384259259259263,-0.0721296296296296,0.36630506237094307,0.2693602693602696,0.2041801188701787,0.6422043914124219,0.0005840354205308707,0.0017129629629630272,0.009971040675839886,0.3552631578947367,0.09751962448576686,0.1181607148492213,0.0,0.9999999987499999,0.649116125012505,0.3251742760254527,0.2986106068431977,0.4449165116916405,neutral,01,05,05,male,normal,542
80,2.6693333333333333,True,1.0,0.5213402122140431,0.5251437403943162,0.5232419763041797,0.5968678350846652,-0.07208333333333333,-0.07268518518518519,0.38298412879061006,0.14921695877116578,0.20695771609312438,0.8766462951215293,0.0038035281802730747,0.0006018518518518534,0.016326518583206776,0.44021739130434806,0.09725027830643171,0.11789869897505674,0.0,0.9999999987499999,0.6469958122155112,0.3254701147385172,0.2990696599567837,0.4447571726571697,neutral,01,05,05,male,normal,542
90,3.003,True,1.0,0.5138127374149494,0.5197106531017113,0.5167616952583303,0.6054248049610199,-0.07259259259259254,-0.07180555555555562,0.3850323971591172,0.16101723536197282,0.20834651650997263,0.8535522347677872,0.005897915686761901,0.0007870370370369195,0.011524779509993036,0.4308510638297883,0.09826923751153101,0.11737582675085151,0.0,0.9999999987499999,0.6471367596648033,0.3258067001032237,0.3017358132354699,0.4452181605398967,neutral,01,05,05,male,normal,542
0,0.0,True,1.0,0.49082276245079964,0.5058208589111794,0.4983218106809896,0.634756136765117,-0.06750000000000006,-0.06865740740740739,0.38451475387384043,0.20310911117304725,0.20138888888888895,0.7850602488391332,0.014998096460379806,0.0011574074074073293,0.008703910781254022,0.4274729498332504,0.10010626365315142,0.11597744466729443,0.0,0.9999999987499999,0.6492834062843889,0.3218502989722054,0.3066936183521228,0.4478631074106909,neutral,01,05,05,male,normal,543
10,0.33366666666666667,True,1.0,0.5271967114861191,0.5375180275354932,0.5323573695108061,0.6214620513529383,-0.06907407407407418,-0.06986111111111121,0.38609805260800667,0.19023095110574748,0.20000038146936283,0.8566208803125644,0.01032131604937403,0.0007870370370370305,0.0028321086257752518,0.4596066817486119,0.09989503606485627,0.11730192281668536,0.0,0.9999999987499999,0.6483961132656187,0.3221640541153869,0.3055141672765108,0.4470276867546584,neutral,01,05,05,male,normal,543
20,0.6673333333333333,True,1.0,0.5246039410620268,0.5327588656837715,0.5286814033728992,0.9488194026299146,-0.06967592592592597,-0.07004629629629633,0.3653017346627425,0.32068743102605896,0.20138888888888884,0.5571991908128279,0.008154924621744719,0.00037037037037035425,0.009467777649630933,0.2772539300254721,0.09812566022994884,0.1181427032905048,0.0,0.9999999987499999,0.6510579771049044,0.322502411813649,0.3053489062531791,0.44312991876865854,neutral,01,05,05,male,normal,543
30,1.0010000000000001,True,1.0,0.4854845243224935,0.4939584270959671,0.4897214757092303,0.8739072064183236,-0.07245370370370374,-0.0706018518518518,0.35551681458652823,0.32771520240687124,0.19930593835407734,0.5603815509387269,0.008473902773473596,0.0018518518518519378,0.008582591123732287,0.31640625000000006,0.09630956725967652,0.11786291769251876,0.0,0.9999999987499999,0.6524168152182748,0.321420729523482,0.3022985452657694,0.4441015766890475,neutral,01,05,05,male,normal,543
40,1.3346666666666667,True,1.0,0.4581566094658294,0.47229847456326657,0.46522754201454797,0.7677984743266473,-0.07314814814814824,-0.07291666666666663,0.36988632902771656,0.2846149516900505,0.20069444444444445,0.6059240250803423,0.014141865097437145,0.00023148148148161019,0.003980542646503088,0.3685344827586207,0.09755458016705199,0.11732269961338307,0.0,0.9999999987499999,0.6512075037593162,0.3211388821285608,0.30101323962414067,0.4449410587191385,neutral,01,05,05,male,normal,543
50,1.6683333333333334,True,1.0,0.5059138809386217,0.5060276798407011,0.5059707803896614,0.8074220240658041,-0.07342592592592595,-0.07379629629629625,0.36289429096674786,0.3027832590246768,0.20208333333333334,0.626649713915192,0.00011379890207940946,0.00037037037037029874,0.0039011367301081128,0.35625000000000007,0.1106914380087869,0.11637773862069185,0.0,0.9999999987499999,0.6191006985294117,0.30033754574357624,0.33204029374093835,0.42082097476127833,neutral,01,05,05,male,normal,543
60,2.0020000000000002,True,1.0,0.5000519517145128,0.4994738818535415,0.4997629167840272,0.7240287635938133,-0.07643518518518516,-0.0763888888888889,0.37093695239231267,0.23695486808524835,0.20347822149384784,0.6902528489384694,0.0005780698609712531,4.6296296296266526e-05,0.003676512894800639,0.34772727272727355,0.11237951950315232,0.1159048908568983,0.0,0.9999999987499999,0.6185930819202681,0.30028663351473556,0.33328824912342353,0.4249350380044161,neutral,01,05,05,male,normal,543
70,2.3356666666666666,True,1.0,0.49992920379477346,0.5214574810734196,0.5106933424340965,0.8455306147085813,-0.0766203703703704,-0.07773148148148151,0.34069778472839013,0.32961362946266753,0.20347822149384784,0.6039915451318234,0.021528277278646146,0.0011111111111111183,0.004594119261680517,0.33368644067796704,0.11019374446070947,0.11470989433891936,0.0,0.9999999987499999,0.6166288273668842,0.30103099982121784,0.33031253245251163,0.42151155244797317,neutral,01,05,05,male,normal,543
80,2.6693333333333333,True,1.0,0.5138127374149516,0.528151852515942,0.5209822949654468,0.7692151673436716,-0.07731481481481478,-0.0765277777777778,0.368151682515621,0.2785089399002951,0.20486706971089572,0.6772907205724419,0.014339115100990396,0.000787037037036975,0.0051622300084382235,0.3491379310344825,0.11112113162198413,0.11497757571462822,0.0,0.9999999987499999,0.6185165793426746,0.30054847629345677,0.3337376092461038,0.419316217390907,neutral,01,05,05,male,normal,543
90,3.003,True,1.0,0.48561354093765136,0.49947463543384313,0.49254408818574724,0.6126574337471666,-0.07356481481481475,-0.07490740740740742,0.38324294755467886,0.1850735997777903,0.20347559683427643,0.8039469711045926,0.013861094496191773,0.001342592592592673,0.012961254924820859,0.4340939619677296,0.09956128226958917,0.11644562150175683,0.0,0.9999999987499999,0.650940581943715,0.3209067666166173,0.3035214613869523,0.4458558316093364,neutral,01,05,05,male,normal,543
100,3.336666666666667,True,1.0,0.5117110261796135,0.5460404053494742,0.5288757157645438,0.6308106079572214,-0.07421296296296304,-0.0756944444444444,0.37924110701276476,0.19952898445419695,0.204170029800638,0.8384065028285156,0.034329379169860674,0.0014814814814813615,0.006109957457679244,0.41374164379816225,0.11186302657459357,0.11574691194068783,0.0,0.9999999987499999,0.6189873538008954,0.30023721619020266,0.3336735665206043,0.4237727147317836,neutral,01,05,05,male,normal,543
0,0.0,True,1.0,0.3957703958531276,0.4016887553966032,0.39872957562486544,0.6252515193276728,-0.06981481481481483,-0.071388888888889,0.39972922664785665,0.25739389270920937,0.1791670924928322,0.637710686498796,0.005918359543475582,0.001574074074074172,0.018492040558354707,0.4415045823048991,0.1162650437074267,0.11352742077972101,0.0,0.9999999987499999,0.6246545291632277,0.29518197757405096,0.31311494767754516,0.3998089423100634,calm,02,05,05,male,normal,544
10,0.33366666666666667,True,1.0,0.3959422620031658,0.4016887553966042,0.398815508699885,0.6217579443493239,-0.06972222222222219,-0.0716666666666666,0.3942144315848719,0.26107226107226106,0.17986789790391577,0.6414321076624917,0.005746493393438412,0.0019444444444444153,0.027848719248407587,0.43909447217828734,0.11453955555342143,0.11343536682907021,0.0,0.9999999987499999,0.6221574383503402,0.29584689331585273,0.3111737894091284,0.3981574567046723,calm,02,05,05,male,normal,544
20,0.6673333333333333,True,1.0,0.3502546480497829,0.3676290809964703,0.3589418645231266,0.6211602509981093,-0.0702314814814815,-0.07277777777777777,0.4006611323854365,0.24345901847270437,0.17569618140473192,0.5778571052258448,0.01737443294668739,0.0025462962962962687,0.03553829548857551,0.4303582089411452,0.0959857862309219,0.11877013406109203,0.0,0.9999999987499999,0.6864595817076831,0.31439103651954187,0.28103843867512657,0.418659532478386,calm,02,05,05,male,normal,544
30,1.0010000000000001,True,1.0,0.3487498100978098,0.35896444454936066,0.3538571273235852,1.0167763554685147,-0.07287037037037036,-0.07509259259259254,0.39539816906134145,0.4041120216185221,0.17647364491622902,0.3480186428612744,0.010214634451550852,0.002222222222222181,0.033493190792429454,0.28555178410279264,0.09417537694065993,0.11716074119851164,0.0,0.9999999987499999,0.6882355693371097,0.31421099551244486,0.2953658012459647,0.4417212748939995,calm,02,05,05,male,normal,544
40,1.3346666666666667,True,1.0,0.35410178227388855,0.39541034434877476,0.37475606331133166,0.9476694289960046,-0.06898148148148142,-0.07453703703703707,0.3611064380136735,0.38010441107271165,0.17292769676479455,0.3954501979750068,0.0413085620748862,0.005555555555555647,0.03611354979916284,0.28533504045113695,0.10870899558341714,0.11329434385128548,0.0,0.9999999987499999,0.6240881834139906,0.3020653374059711,0.31842182610144093,0.3975534127640944,calm,02,05,05,male,normal,544
50,1.6683333333333334,True,1.0,0.3449251560744381,0.3793704587444999,0.362147807409469,0.8877872239037777,-0.06754629629629627,-0.07249999999999995,0.375631527010363,0.37924628608924327,0.1763958092747863,0.40792185070768733,0.03444530267006185,0.004953703703703682,0.03648708993496654,0.3098641303645416,0.10935939271595271,0.11616350628474596,0.0,0.9999999987499999,0.6261348292051195,0.2990257525305929,0.3144074381185298,0.40630850610016495,calm,02,05,05,male,normal,544
60,2.0020000000000002,True,1.0,0.14434276580884797,0.14888924690294614,0.14661600635589705,0.9814382534734056,-0.07523148148148145,-0.08018518518518519,0.40933141436143883,0.3956776764105849,0.1778502899213846,0.149388925729162,0.004546481094098165,0.004953703703703738,0.036432628645806896,0.2920817138561241,0.09638856523329381,0.11860423408659539,0.0,0.9999999987499999,0.6866521606533239,0.3140002703774868,0.29862038933535673,0.44888066390090026,calm,02,05,05,male,normal,544
70,2.3356666666666666,True,1.0,0.2601350410776471,0.2924380509740727,0.2762865460258599,0.6454439156632875,-0.06935185185185183,-0.07435185185185184,0.3737931094405432,0.3486991855264153,0.17362693070286378,0.42805662788212245,0.032303009896425594,0.0050000000000000044,0.03993346907889467,0.41283030967559836,0.11001309402772398,0.1155446065815343,0.0,0.9999999987499999,0.6198761706401312,0.30256955847309996,0.3197073677619121,0.3950260774803072,calm,02,05,05,male,normal,544
80,2.6693333333333333,True,1.0,0.31271589897078134,0.3233940272586081,0.3180549631146947,0.8616895339926499,-0.06541666666666668,-0.07143518518518521,0.3719275336914022,0.38479988507075935,0.17574697989839716,0.369106215832729,0.010678128287826771,0.006018518518518534,0.04176285996394655,0.3239238871934379,0.11125923890145592,0.11599938880187956,0.0,0.9999999987499999,0.6198265538402861,0.30374456070273925,0.32222934950203497,0.39811524922144714,calm,02,05,05,male,normal,544
90,3.003,True,1.0,0.3317471074856629,0.3473402349677227,0.3395436712266928,0.8881541788393055,-0.06657407407407417,-0.07217592592592592,0.3887106569771712,0.3686055917700478,0.17922797521786166,0.3823026219056126,0.015593127482059821,0.005601851851851747,0.04190956625792862,0.3010456911548568,0.11308335299379649,0.11505282029155356,0.0,0.9999999987499999,0.6241997339482668,0.3004089654437514,0.32840112248147507,0.4250224909616441,calm,02,05,05,male,normal,544
100,3.336666666666667,True,1.0,0.36365864209585635,0.3896245780230917,0.37664161005947405,0.7694394763718793,-0.06560185185185191,-0.07194444444444442,0.37400428142315423,0.33882872971406963,0.1799696690837749,0.4895012819402558,0.02596593592723534,0.006342592592592511,0.04134943264777418,0.3624209473978459,0.11166831240586382,0.11477867707142417,0.0,0.9999999987499999,0.6235526962816377,0.3003053013724022,0.32040646998522293,0.4058072805064127,calm,02,05,05,male,normal,544
110,3.6703333333333332,True,1.0,0.3525234122474984,0.37207037534383947,0.36229689379566893,0.6688538442120192,-0.06532407407407409,-0.07120370370370371,0.3785155375087832,0.35353467347302364,0.17718024500444474,0.5416682537311168,0.019546963096341075,0.0058796296296296235,0.04648490143277901,0.4004912900744162,0.11154538039750819,0.11621710888634354,0.0,0.9999999987499999,0.6227724525435174,0.30014553477030204,0.3252167621083175,0.41107999332741774,calm,02,05,05,male,normal,544
120,4.0040000000000004,True,1.0,0.3305393570466125,0.3704448632636817,0.35049211015514714,0.6148462690211788,-0.06245370370370368,-0.06805555555555548,0.4010011646046183,0.3490880467185657,0.17864313382044175,0.5700483646312478,0.039905506217069175,0.005601851851851802,0.043786056151353905,0.45321447216941024,0.1132627244894073,0.11387680948073205,0.0,0.9999999987499999,0.6220718266056422,0.2996122079237575,0.3370352251321308,0.41787591855037093,calm,02,05,05,male,normal,544
0,0.0,True,1.0,0.3548740050430437,0.37076859869679946,0.36282130186992156,0.8588686174284074,-0.06296296296296305,-0.07384259259259257,0.3837318776125518,0.2568327004487201,0.18702148160187476,0.42244098166756594,0.01589459365375573,0.010879629629629517,0.08596763401818722,0.3238591553055851,0.11499483708306549,0.11464780483323035,0.0,0.9999999987499999,0.618410274773972,0.29866410702325813,0.31991977517459874,0.4074917011916202,calm,02,05,05,male,normal,545
10,0.33366666666666667,True,1.0,0.3776041053718758,0.365335772500611,0.37146993893624336,0.8608908050066788,-0.061990740740740735,-0.07268518518518519,0.3777708812225557,0.2549262150314113,0.18842780990276645,0.43149483857405296,0.012268332871264775,0.01069444444444445,0.08624193160179376,0.33262470768628716,0.11530499658381209,0.11433586258011645,0.0,0.9999999987499999,0.6174770773231167,0.2990422385849179,0.32108294917759705,0.4054861777979474,calm,02,05,05,male,normal,545
20,0.6673333333333333,True,1.0,0.32602909155118615,0.36573500617452614,0.3458820488628561,0.8278987449808545,-0.059768518518518554,-0.07194444444444453,0.392308777646486,0.23303629029917441,0.1863671460066204,0.4177830332027557,0.03970591462334,0.012175925925925979,0.0840925325332042,0.34063722523289836,0.11410784006528546,0.11569544715446162,0.0,0.9999999987499999,0.6187531393338587,0.2985612942629154,0.3200434861193462,0.4055289697253921,calm,02,05,05,male,normal,545
30,1.0010000000000001,True,1.0,0.33414379571325314,0.3442574178283307,0.3392006067707919,0.9071972881209447,-0.06046296296296305,-0.07203703703703701,0.40914400343067997,0.28014840361471094,0.18767935757500245,0.37389949376212284,0.010113622115077547,0.011574074074073959,0.07895388904307178,0.31057391097438947,0.11162994760212641,0.11448363904580114,0.0,0.9999999987499999,0.6171673916754202,0.3012610655362952,0.3288506845604816,0.424605661355785,calm,02,05,05,male,normal,545
40,1.3346666666666667,True,1.0,0.29768624137932537,0.31073685702977905,0.3042115492045522,0.8777298774495284,-0.06111111111111117,-0.07175925925925919,0.3582592935223607,0.28024098164740374,0.18696884965862565,0.3465890327084657,0.013050615650453679,0.010648148148148018,0.0892444646895377,0.3147262129879413,0.112269776200976,0.11419042892283653,0.0,0.9999999987499999,0.6194121241856116,0.2993499844064393,0.31828250370367767,0.40230816228581934,calm,02,05,05,male,normal,545
50,1.6683333333333334,True,1.0,0.1595367209622467,0.18777003608203058,0.17365337852213864,0.8906215574383782,-0.0715277777777778,-0.08240740740740743,0.3753945937132596,0.299471037313637,0.1836144344140014,0.19497998568730315,0.028233315119783886,0.010879629629629628,0.09373128390691421,0.3034666310335506,0.11261725195083722,0.11401497803511308,0.0,0.9999999987499999,0.6176576847457732,0.2988439590397137,0.31604322454512984,0.3991279937454194,calm,02,05,05,male,normal,545
60,2.0020000000000002,True,1.0,0.25644055819559153,0.25423596324768877,0.2553382607216401,0.9876302394856822,-0.06490740740740747,-0.07624999999999998,0.3896847411929113,0.33546835796750907,0.17855598934648134,0.2585362927471823,0.0022045949479027604,0.011342592592592515,0.1028128924018269,0.28968886337827493,0.11169668707937912,0.1149169732834391,0.0,0.9999999987499999,0.6220928086000025,0.3010521736130425,0.31907116892372417,0.40507283386626813,calm,02,05,05,male,normal,545
70,2.3356666666666666,True,1.0,0.23718069377414505,0.25667649841566703,0.24692859609490603,0.648008344311075,-0.06212962962962959,-0.07421296296296293,0.35491504784467304,0.24272864983810505,0.17601072234641735,0.3810577414052071,0.01949580464152198,0.012083333333333335,0.10616069462562955,0.401677702288286,0.1137503597647024,0.11555336198906203,0.0,0.9999999987499999,0.624618909493485,0.29662982125654663,0.31339720793790843,0.39367378959947624,calm,02,05,05,male,normal,545
80,2.6693333333333333,True,1.0,0.28427046912213666,0.3173309882153445,0.3008007286687406,0.8426587910335582,-0.064074074074074,-0.07620370370370372,0.36628657719519636,0.29792434585383387,0.17824451319604645,0.3569662262702976,0.03306051909320784,0.012129629629629712,0.10479501670726599,0.35130616325769587,0.11294487624275576,0.1153540422309196,0.0,0.9999999987499999,0.6232256509009854,0.2975298923758119,0.31014776663282717,0.3909798518841937,calm,02,05,05,male,normal,545
90,3.003,True,1.0,0.31495767271750746,0.32452751499830595,0.3197425938579067,0.8781664656921055,-0.06643518518518515,-0.07916666666666666,0.3544415793344293,0.3322544974787434,0.17813833020330178,0.3641024866577083,0.00956984228079849,0.01273148148148151,0.10405352646547127,0.32137670984374916,0.11206742597088298,0.11237260062710072,0.0,0.9999999987499999,0.6246658185696152,0.29755991704151835,0.31149536686435597,0.39306865549470044,calm,02,05,05,male,normal,545
100,3.336666666666667,True,1.0,0.2773476353502004,0.2996030159587852,0.2884753256544928,0.8776103137778899,-0.06467592592592591,-0.07717592592592593,0.373124419928541,0.28655005143222695,0.17950020431936686,0.32870548707737907,0.022255380608584785,0.012500000000000011,0.10392299492215097,0.3390030325701334,0.11159806651823456,0.11233106890830044,0.0,0.9999999987499999,0.6227586788152761,0.29781829611001,0.3114350067538652,0.39406560993540657,calm,02,05,05,male,normal,545
110,3.6703333333333332,True,1.0,0.28626623752226027,0.30824221447552863,0.29725422599889445,0.8397950817637266,-0.06402777777777785,-0.0754629629629629,0.3806546677824963,0.2965275497783029,0.17883137454304232,0.35396042731591737,0.02197597695326836,0.011435185185185048,0.10510257284527155,0.3277762839859542,0.11480578624199914,0.11400457629853643,0.0,0.9999999987499999,0.616860841828919,0.2961069048717631,0.3155428407474553,0.3999382049239021,calm,02,05,05,male,normal,545
120,4.0040000000000004,True,1.0,0.30279839502479833,0.3021607828929909,0.3024795889588946,0.8541671401358562,-0.06337962962962967,-0.07712962962962955,0.3823703133817107,0.303408667922626,0.17809035584183258,0.35412224931854075,0.0006376121318074079,0.013749999999999873,0.10514252849392591,0.32718022993350643,0.1164503605248314,0.11384050699707758,0.0,0.9999999987499999,0.6135361680844212,0.2968481551165751,0.3149733091001546,0.39790225161050236,calm,02,05,05,male,normal,545
0,0.0,True,1.0,0.34012300931861744,0.3560644180183482,0.34809371366848285,0.538456609507902,-0.06388888888888888,-0.07226851851851851,0.4020833956061268,0.19590947976781212,0.18370748545629167,0.646465671554496,0.015941408699730764,0.008379629629629626,0.08106513139626648,0.4840553601014295,0.11216999631938936,0.11495331409467742,0.0,0.9999999987499999,0.6207616739273835,0.2975499295699929,0.31453134094346846,0.39891413905383094,calm,02,05,05,male,normal,546
10,0.33366666666666667,True,1.0,0.3016354949281718,0.32570590465650084,0.3136706997923363,0.5416128975594412,-0.06462962962962959,-0.07356481481481492,0.4052076509083055,0.19868135530506797,0.18101512880106438,0.5791418579686083,0.024070409728329023,0.008935185185185324,0.08235584985882556,0.5142177495227995,0.1144767553683961,0.11483377680052068,0.0,0.9999999987499999,0.6216930660545468,0.29829336460941186,0.3173247762724171,0.3986896194456555,calm,02,05,05,male,normal,546
20,0.6673333333333333,True,1.0,0.21991129711459947,0.2454974955071829,0.23270439631089118,0.5870130875649252,-0.06800925925925927,-0.07847222222222228,0.40569202097115004,0.20389924970528814,0.18035079953159605,0.3964211382001827,0.025586198392583415,0.010462962962963007,0.09139932166000274,0.46770722475887305,0.11248226612447945,0.11448147603863633,0.0,0.9999999987499999,0.6211700005470939,0.2985243796290093,0.31214575040107023,0.3934775010506497,calm,02,05,05,male,normal,546
30,1.0010000000000001,True,1.0,0.251797510321681,0.2676463525863376,0.25972193145400935,1.0401199753774577,-0.06398148148148136,-0.07435185185185184,0.36272232317734365,0.38218623481781433,0.17566185181091723,0.24970382033068514,0.015848842264656604,0.010370370370370474,0.08259984036649597,0.26979267187130895,0.11045442228356313,0.11790260672863594,0.0,0.9999999987499999,0.6241828255364646,0.2998343932534131,0.317714362168311,0.40867903981784265,calm,02,05,05,male,normal,546
40,1.3346666666666667,True,1.0,0.3599263436203998,0.38717523185914005,0.3735507877397699,0.857633531929391,-0.06277777777777771,-0.0712962962962963,0.37741752398213246,0.3014488131318382,0.176138547196921,0.4355599143837165,0.02724888823874022,0.008518518518518592,0.08310967139768552,0.3251440886604643,0.11350997129458165,0.11496386603230088,0.0,0.9999999987499999,0.6245012132431098,0.2979839626868961,0.31375371871645463,0.39930120049094103,calm,02,05,05,male,normal,546
50,1.6683333333333334,True,1.0,0.3651117306532363,0.38132711854346824,0.3732194245983523,0.8539576256442606,-0.06259259259259253,-0.07,0.36695035906195944,0.3403111481199504,0.17590449211917378,0.43704677303722217,0.016215387890231914,0.007407407407407474,0.07278097664686493,0.3333088608678839,0.10956198571647115,0.11841101074829466,0.0,0.9999999987499999,0.626815147551208,0.2980501554740544,0.30519464313028055,0.3959178173057379,calm,02,05,05,male,normal,546
60,2.0020000000000002,True,1.0,0.3328979323721403,0.35249185712754477,0.34269489474984255,1.0233222830948445,-0.0633333333333333,-0.07148148148148142,0.3823598479351415,0.4977665197783703,0.174725681170289,0.33488462081899234,0.019593924755404446,0.008148148148148127,0.07238881917474946,0.28028685551104765,0.1071319879361434,0.11610694557159315,0.0,0.9999999987499999,0.6259783324189051,0.3045055046886367,0.3286195471909354,0.422511461001627,calm,02,05,05,male,normal,546
70,2.3356666666666666,True,1.0,0.34761122272928807,0.3717004174509732,0.35965582009013064,0.6785925503884626,-0.061805555555555614,-0.07152777777777775,0.350701094931793,0.3987578924000441,0.17424452592634593,0.5300026059588253,0.024089194721685137,0.009722222222222132,0.08295513630620867,0.39669183350901177,0.11192763333777683,0.11584901027218354,0.0,0.9999999987499999,0.6232403206204357,0.3032866199605918,0.31959409331954153,0.39765210253253663,calm,02,05,05,male,normal,546
80,2.6693333333333333,True,1.0,0.2945516399787308,0.31334988195384206,0.3039507609662864,0.8311773509513546,-0.06240740740740747,-0.07199074074074074,0.3596202211664846,0.38765995952147114,0.17085485693226768,0.3656870108628302,0.018798241975111263,0.009583333333333277,0.07505084405136585,0.3384105460780636,0.11129598494780552,0.11629225284909005,0.0,0.9999999987499999,0.6210889985916243,0.3040865623852049,0.31545486461848077,0.3963195633514889,calm,02,05,05,male,normal,546
90,3.003,True,1.0,0.3341437957132535,0.35410245977894755,0.34412312774610054,0.8551682161858539,-0.06388888888888894,-0.07120370370370371,0.38436101682357304,0.4011867994926572,0.17334015857267962,0.4024040197388629,0.019958664065694076,0.007314814814814774,0.07495857560163502,0.31687352945983416,0.11149070671481055,0.11478534346510688,0.0,0.9999999987499999,0.6241582317458234,0.3033072736259242,0.3230473668930143,0.4038127322105357,calm,02,05,05,male,normal,546
100,3.336666666666667,True,1.0,0.39008296928260594,0.4105688525241197,0.4003259109033628,0.6776448384200043,-0.064537037037037,-0.07208333333333328,0.36423461675959395,0.32427539521592047,0.17605926338780814,0.590760658395572,0.020485883241513736,0.007546296296296273,0.07282999860176181,0.3923919562193832,0.11303392268285399,0.11410392113676346,0.0,0.9999999987499999,0.624310406936212,0.29800158329440396,0.3114334208906896,0.39380922455091927,calm,02,05,05,male,normal,546
110,3.6703333333333332,True,1.0,0.36897118814194163,0.393522927138959,0.3812470576404503,0.589476350825001,-0.06467592592592591,-0.07356481481481486,0.36743710101967064,0.30630991017274434,0.17683124758779706,0.6467554756130188,0.024551738997017347,0.008888888888888946,0.07656851996435288,0.4442230781223946,0.11114410904824709,0.11512097889513952,0.0,0.9999999987499999,0.6223883821497349,0.2981179814178066,0.31183284997630306,0.3965977994003329,calm,02,05,05,male,normal,546
120,4.0040000000000004,True,1.0,0.37384915804934254,0.3739037243053204,0.37387644117733143,0.579710617378612,-0.0633333333333333,-0.0719907407407408,0.36434559081171525,0.31413336749533877,0.17890942989383835,0.6449363354219039,5.456625597782816e-05,0.008657407407407502,0.07689933405314243,0.4832815691489848,0.11194351826481265,0.11451028523283846,0.0,0.9999999987499999,0.6223088225055647,0.29860473447504193,0.3139609051159109,0.39836069426004794,calm,02,05,05,male,normal,546
0,0.0,True,1.0,0.3072855647967786,0.3318975964041566,0.3195915806004676,0.5629802497415345,-0.06537037037037036,-0.07379629629629636,0.4043686218031218,0.17289473724029686,0.18368298104921627,0.5676781392370209,0.024612031607378015,0.008425925925926003,0.07083662701012383,0.4840161319773904,0.1132799896275337,0.11369218310253511,0.0,0.9999999987499999,0.6200650898171769,0.2974297302106579,0.3108387105457487,0.39509600646044035,calm,02,05,05,male,normal,547
10,0.33366666666666667,True,1.0,0.3362438457567689,0.36621704360422247,0.3512304446804957,0.5316139638214035,-0.0639351851851852,-0.07296296296296301,0.3979057386285695,0.2223596239636537,0.1829431614104051,0.6606870183690136,0.02997319784745356,0.009027777777777801,0.07703527389408277,0.5041699121521329,0.11275025412141222,0.11354837274884126,0.0,0.9999999987499999,0.61910429725015,0.29887168426938693,0.32019219111189967,0.4006104148508755,calm,02,05,05,male,normal,547
20,0.6673333333333333,True,1.0,0.3363160927070923,0.36225069645485675,0.3492833945809745,0.5773447184555532,-0.06375000000000003,-0.07152777777777775,0.39375782532170156,0.20762584476062362,0.18224987636885553,0.6049824020480132,0.025934603747764462,0.007777777777777717,0.06965469175159149,0.47597209011842384,0.11122327717229388,0.11487876838469058,0.0,0.9999999987499999,0.6195697227953681,0.2992225044202336,0.3128080429691498,0.39538050107345335,calm,02,05,05,male,normal,547
30,1.0010000000000001,True,1.0,0.15152671279785285,0.18497664157851143,0.16825167718818212,0.9209762411457002,-0.06944444444444448,-0.07907407407407413,0.39069831140046946,0.324500228139936,0.1808409744942716,0.18268840136296674,0.03344992878065858,0.009629629629629655,0.07010039833409516,0.2918736872213321,0.11147647911404848,0.11562597934851793,0.0,0.9999999987499999,0.6227069020889606,0.30108393050116444,0.3213511798319783,0.4122795213652126,calm,02,05,05,male,normal,547
40,1.3346666666666667,True,1.0,0.3148761039342087,0.3341808379008866,0.32452847091754766,0.8911072194873716,-0.0635648148148148,-0.07222222222222219,0.3911878374875428,0.3223283473515886,0.18096117153927233,0.3641856600648344,0.019304733966677923,0.008657407407407391,0.07041347994102362,0.3221091406690823,0.11137567539800863,0.11456484536099426,0.0,0.9999999987499999,0.6206140523318703,0.3004472718072515,0.3236873823459947,0.4178872674507958,calm,02,05,05,male,normal,547
50,1.6683333333333334,True,1.0,0.30770152484384516,0.36141917438030635,0.33456034961207576,0.9495643373299852,-0.06393518518518504,-0.07268518518518513,0.3753265656057029,0.35826107895748344,0.18145361677040917,0.3523303650522544,0.05371764953646119,0.008750000000000091,0.0643108882706652,0.2781338569665872,0.11088480991979696,0.116520982315911,0.0,0.9999999987499999,0.623452347095088,0.2996095631611129,0.32095926543975567,0.41956374220164894,calm,02,05,05,male,normal,547
60,2.0020000000000002,True,1.0,0.26694156599129604,0.27837063682135543,0.27265610140632573,0.8503442555351612,-0.06347222222222215,-0.07101851851851848,0.3743448258070922,0.3275798397460456,0.18098773063933177,0.32064202190056607,0.011429070830059396,0.007546296296296329,0.06288502680944934,0.3327872841916943,0.11262566327479846,0.11583032439001636,0.0,0.9999999987499999,0.6209943645426921,0.30132134079854683,0.31544707937226807,0.3984739638228404,calm,02,05,05,male,normal,547
70,2.3356666666666666,True,1.0,0.2773245769054291,0.2909223929091292,0.2841234849072791,0.921243869658007,-0.06643518518518515,-0.0729629629629629,0.382506986220482,0.4154548772035018,0.1843297576792548,0.308412890728656,0.01359781600370008,0.0065277777777777435,0.05159019824934531,0.312301834439199,0.11057137690380456,0.11843812931551223,0.0,0.9999999987499999,0.6266249728875926,0.3008489802787955,0.32282268715041734,0.42590774487632194,calm,02,05,05,male,normal,547
80,2.6693333333333333,True,1.0,0.2956681412784424,0.31651378943148983,0.3060909653549661,0.8869868374216993,-0.06657407407407406,-0.0753240740740741,0.37100426186468255,0.37841510608465606,0.18337428602077885,0.34509076396749455,0.020845648153047458,0.008750000000000036,0.06325573345983708,0.3202136235482218,0.11275665508935295,0.1147105798274808,0.0,0.9999999987499999,0.6185438234121774,0.2976967475034609,0.317413650523863,0.3992716323942454,calm,02,05,05,male,normal,547
90,3.003,True,1.0,0.3088505627233031,0.340587894415738,0.3247192285695205,0.8803546438852738,-0.06662037037037039,-0.0748611111111111,0.35090613890996475,0.36383391515000923,0.18001417588245403,0.3688504750045225,0.03173733169243492,0.008240740740740715,0.05955421565283054,0.3074324703671287,0.1121955086451122,0.11476252170477405,0.0,0.9999999987499999,0.6269845535714286,0.2985286581222702,0.31399129119991975,0.39693996158245376,calm,02,05,05,male,normal,547
100,3.336666666666667,True,1.0,0.3016660446877766,0.3500844479370628,0.3258752463124197,0.8411893522965259,-0.06476851851851856,-0.07217592592592592,0.3902387489999052,0.3162979582634979,0.18098773063933177,0.3873982063880739,0.0484184032492862,0.007407407407407363,0.06293059018861366,0.31215569267688914,0.11390626127592157,0.11572940573083314,0.0,0.9999999987499999,0.6231315012020433,0.29984409520623134,0.32324686792576507,0.4060451373271786,calm,02,05,05,male,normal,547
110,3.6703333333333332,True,1.0,0.18163583821243767,0.20868986019112123,0.19516284920177945,0.7706169823195521,-0.07027777777777772,-0.07824074074074078,0.3980523598210027,0.2880815025841959,0.18160365887287522,0.25325531837403914,0.027054021978683562,0.00796296296296306,0.06236513461207609,0.3732284105244359,0.11343632872485337,0.11487079460865561,0.0,0.9999999987499999,0.6233077221748075,0.2988379559317704,0.3150466757179615,0.39476544631758437,calm,02,05,05,male,normal,547
120,4.0040000000000004,True,1.0,0.3003351494152096,0.3500844479370628,0.3252097986761362,0.809269835457598,-0.06587962962962968,-0.07384259259259257,0.4036339371507485,0.29077046499257864,0.18157971088822122,0.4018558266072623,0.04974929852185317,0.007962962962962894,0.06232349061275862,0.34326786094847656,0.113114664352024,0.11469028291247371,0.0,0.9999999987499999,0.6253444598698854,0.29846367445384303,0.32063362758707953,0.40529448903200854,calm,02,05,05,male,normal,547
0,0.0,True,1.0,0.24991509696565392,0.2792869947501348,0.26460104585789435,0.8162607385569562,-0.06064814814814812,-0.07587962962962969,0.3786765926177054,0.2793415854481712,0.1747062896057181,0.3241624071319109,0.029371897784480877,0.015231481481481568,0.12680765754813858,0.3510926727589421,0.11359633418512664,0.11570478241427755,0.0,0.9999999987499999,0.6139868960865598,0.30170832613537313,0.31525498747645303,0.39846252672659166,calm,02,05,05,male,strong,548
10,0.33366666666666667,True,1.0,0.25798089087642256,0.2898973478739251,0.27393911937517385,0.8103065358725553,-0.060462962962962996,-0.07550925925925922,0.38226161235927564,0.28320401577291376,0.1719462052629841,0.33806850524806686,0.03191645699750256,0.015046296296296224,0.12414559916971689,0.3436558783367657,0.11611661577264186,0.11418090488837561,0.0,0.9999999987499999,0.6172917922794117,0.30086357675172704,0.3197809719315138,0.400689192963174,calm,02,05,05,male,strong,548
20,0.6673333333333333,True,1.0,0.2589329813677622,0.28515588610479553,0.27204443373627885,0.7568190057840719,-0.060601851851851796,-0.07620370370370372,0.3931335340133071,0.24190697994909655,0.1739728057384306,0.35945771929239295,0.026222904737033315,0.015601851851851922,0.12028617969185323,0.3609136566776925,0.11510990023975545,0.11386494976829786,0.0,0.9999999987499999,0.6181294060592987,0.300479407048288,0.31685629749962674,0.3935514368177734,calm,02,05,05,male,strong,548
30,1.0010000000000001,True,1.0,0.2018813570069287,0.2300017207480644,0.21594153887749656,0.8493830251555039,-0.06500000000000006,-0.07902777777777775,0.3996405007803405,0.2959709577422684,0.17250752215417542,0.25423340528610433,0.028120363741135718,0.014027777777777695,0.11924541114827672,0.33689076132886364,0.1130270070323373,0.11461055806496066,0.0,0.9999999987499999,0.6184494359384379,0.3021652447859675,0.32188862021931813,0.4077899137430963,calm,02,05,05,male,strong,548
40,1.3346666666666667,True,1.0,0.2713994993787782,0.2770880580716923,0.27424377872523525,0.8410846725807891,-0.06578703703703709,-0.0786574074074074,0.42557495129688916,0.27099767219334625,0.17788760713328208,0.326059655663138,0.00568855869291407,0.01287037037037031,0.11755974073868863,0.33586572617160554,0.1125093313750504,0.11528416473829757,0.0,0.9999999987499999,0.6222927885529211,0.3010066634879733,0.3315071048920411,0.41819623065878064,calm,02,05,05,male,strong,548
50,1.6683333333333334,True,1.0,0.24773612998124636,0.2734468606852902,0.2605914953332683,0.8374229779814605,-0.06375000000000003,-0.07439814814814816,0.4384855113177683,0.28388577442315593,0.17355261601362748,0.3111826426848267,0.025710730704043866,0.010648148148148129,0.10484595332924175,0.3336169874959163,0.11230175522087071,0.11777333877420466,0.0,0.9999999987499999,0.6188086512730092,0.3035151985450198,0.3280659746895171,0.4212297040665717,calm,02,05,05,male,strong,548
60,2.0020000000000002,True,1.0,0.27023509024074405,0.308057497991696,0.28914629411622006,0.7852924871821493,-0.06342592592592594,-0.07592592592592595,0.4369951249227558,0.2667885450432274,0.1722281725002556,0.3682020378849649,0.03782240775095197,0.012500000000000011,0.11267199959958293,0.3556232955440609,0.11160263815616306,0.11599799780536531,0.0,0.9999999987499999,0.6147594254498675,0.3035059350091585,0.33474232465525333,0.42079099642511586,calm,02,05,05,male,strong,548
70,2.3356666666666666,True,1.0,0.2770937427416674,0.29938196835740294,0.2882378555495352,1.111822743111728,-0.06351851851851847,-0.07550925925925922,0.3672084205700246,0.47259183284085143,0.176659014927338,0.25924802971994065,0.022288225615735513,0.011990740740740746,0.10661914502322449,0.2515911599798457,0.11396331689301041,0.11600216380373508,0.0,0.9999999987499999,0.6169709855582858,0.30163949148789265,0.3302306457317577,0.41604776163783874,calm,02,05,05,male,strong,548
80,2.6693333333333333,True,1.0,0.25904836022394506,0.29029429233356396,0.2746713262787545,0.8971420092129432,-0.06374999999999992,-0.07425925925925919,0.4168732583636191,0.38635692342470596,0.17035377962229675,0.306162595729657,0.0312459321096189,0.010509259259259274,0.09447965240341705,0.31307452451687734,0.11327854302049528,0.11780848411062855,0.0,0.9999999987499999,0.6182790938093988,0.3009557396726683,0.3379897595269107,0.43280185985233377,calm,02,05,05,male,strong,548
90,3.003,True,1.0,0.273753686935,0.2955855614386198,0.2846696241868099,0.6692927874106094,-0.06287037037037041,-0.07532407407407404,0.3573387610073437,0.3510080209295164,0.1742462395010341,0.4253289883612115,0.021831874503619786,0.012453703703703634,0.09963660466778222,0.4130748588296223,0.11255483300970084,0.11606342055053173,0.0,0.9999999987499999,0.6117810499590461,0.2996312009305874,0.3194837493309002,0.3936513107358801,calm,02,05,05,male,strong,548
100,3.336666666666667,True,1.0,0.3027441778103969,0.3356160605965033,0.31918011920345013,0.8330625462523092,-0.06333333333333335,-0.07421296296296298,0.373036679027451,0.35291794452450737,0.17746692607361889,0.38314064248758123,0.032871882786106366,0.010879629629629628,0.10148770379145597,0.32856889670401784,0.11644029450050007,0.11584149812064,0.0,0.9999999987499999,0.6112497031234368,0.3007451696478326,0.32936451304702785,0.4060457563080725,calm,02,05,05,male,strong,548
110,3.6703333333333332,True,1.0,0.32800937960232257,0.36756908571819424,0.3477892326602584,0.8247206975055369,-0.06189814814814809,-0.07245370370370369,0.3599787178226964,0.3460099185591919,0.17995229771861782,0.4217054740013039,0.03955970611587167,0.010555555555555596,0.09708623522348929,0.3365723625840574,0.11407322484461568,0.11356929035685372,0.0,0.9999999987499999,0.61160088321266,0.30095056248039287,0.32621049803709357,0.40280832720347054,calm,02,05,05,male,strong,548
120,4.0040000000000004,True,1.0,0.3160331378174083,0.3618925968181317,0.33896286731777003,0.8190666253768444,-0.06347222222222226,-0.07467592592592592,0.4006720815849593,0.32104344893055875,0.17661091071959426,0.41384040908981806,0.04585945900072336,0.01120370370370366,0.09676488680118753,0.3417161911080926,0.11349230599990624,0.11348024069030391,0.0,0.9999999987499999,0.6126640411711559,0.30126307175435574,0.330375902435136,0.41501182119269275,calm,02,05,05,male,strong,548
130,4.337666666666666,True,1.0,0.3665259402034968,0.39324346438624047,0.37988470229486865,0.8322100662425057,-0.06444444444444447,-0.07569444444444445,0.39587646590541614,0.3200826290179414,0.17937449674215328,0.45647693737961875,0.026717524182743646,0.011249999999999982,0.09586530489328636,0.32956473250741425,0.11656923273053131,0.11455339898021727,0.0,0.9999999987499999,0.6107227847701581,0.30135380404125106,0.3309008419772136,0.41357608775578236,calm,02,05,05,male,strong,548
140,4.671333333333333,True,1.0,0.2390878927628352,0.268678650011144,0.25388327138698963,0.8241387209796951,-0.070462962962963,-0.08055555555555555,0.4000244965661335,0.3114946804753788,0.17795363840888465,0.3080589043130819,0.029590757248308786,0.010092592592592542,0.09045183017198474,0.34493018205040293,0.11355964964845472,0.11441633714328198,0.0,0.9999999987499999,0.6103381000447055,0.30097865942683183,0.3232260078596769,0.40471900733785543,calm,02,05,05,male,strong,548
0,0.0,True,1.0,0.2711934742601037,0.28351385134505463,0.27735366280257917,0.8736833164892891,-0.06513888888888886,-0.07884259259259258,0.38881276301737616,0.32816470948861903,0.17393026220618163,0.3174533123936325,0.012320377084950929,0.013703703703703718,0.10541302749531577,0.33913921697997623,0.11726374342808606,0.11317095884002126,0.0,0.9999999987499999,0.6145704892347564,0.30046033708926306,0.32232139813643396,0.4041397046851303,calm,02,05,05,male,strong,549
10,0.33366666666666667,True,1.0,0.18260058514974337,0.203987869097249,0.1932942271234962,0.8072067670636184,-0.07277777777777789,-0.08689814814814817,0.394642665850148,0.28476823532819073,0.17401621573196444,0.23946061283237743,0.021387283947505636,0.014120370370370283,0.10661018013165528,0.3564741176326437,0.11672424897368255,0.11355966361875885,0.0,0.9999999987499999,0.6132669689829057,0.29951603346903116,0.3176705753567069,0.3904570859877871,calm,02,05,05,male,strong,549
20,0.6673333333333333,True,1.0,0.22362712757092362,0.2670346671431521,0.24533089735703786,0.7914534566272242,-0.06722222222222218,-0.08148148148148149,0.38897972809868175,0.2812840367045306,0.1747062896057181,0.30997514168743984,0.04340753957222848,0.014259259259259305,0.10881524582996946,0.3511354722452178,0.11547747921371558,0.11482725849795282,0.0,0.9676802790777042,0.6145879314147534,0.2993942332073682,0.3194749891220694,0.3953219558072863,calm,02,05,05,male,strong,549
30,1.0010000000000001,True,1.0,0.22378659496294853,0.24105715420136858,0.23242187458215857,0.8864367632939808,-0.06865740740740744,-0.08055555555555555,0.42867239210039004,0.3286425463275939,0.17735581653896912,0.2621979189113092,0.017270559238420052,0.011898148148148102,0.10354273375419315,0.3130190462361632,0.11238641209070835,0.11639031896381635,0.0,0.9999999987499999,0.6102584748586936,0.30439851462388584,0.3389474599126318,0.4303051675594588,calm,02,05,05,male,strong,549
40,1.3346666666666667,True,1.0,0.25807742186756893,0.28515588610479553,0.27161665398618223,0.7945380970866651,-0.06513888888888891,-0.07722222222222219,0.41061823586682816,0.305300582329996,0.1762563239004262,0.34185478957160104,0.027078464237226596,0.01208333333333328,0.10935002972102656,0.3459135306478762,0.114796209348441,0.11517799235841407,0.0,0.9999999987499999,0.617564448857668,0.3036058076270593,0.3297642180387628,0.4172283536216241,calm,02,05,05,male,strong,549
50,1.6683333333333334,True,1.0,0.17087502704077848,0.1959009381298707,0.18338798258532457,1.0018663994347403,-0.06750000000000006,-0.07916666666666677,0.37338212608319093,0.3875179638271336,0.1745385168889579,0.183046344990503,0.025025911089092218,0.011666666666666714,0.10193424679435228,0.2867285028332889,0.11398680755850964,0.11581469405478749,0.0,0.9999999987499999,0.6133699877763605,0.30186258782508,0.32117354026399947,0.40349517401614465,calm,02,05,05,male,strong,549
60,2.0020000000000002,True,1.0,0.17087502704077714,0.17106540534015527,0.1709702161904662,1.0702003067219916,-0.09166666666666673,-0.09083333333333327,0.38769198033150043,0.42471162714269345,0.18559411455991415,0.15975534216967807,0.00019037829937812445,0.0008333333333334636,0.09741345478585582,0.2709020173868111,0.11260451915562164,0.11699638445148744,0.0,0.9999999987499999,0.612038977997449,0.30482786124509365,0.33986372029353434,0.41932317401712826,calm,02,05,05,male,strong,549
70,2.3356666666666666,True,1.0,0.3095338542869393,0.2925132983738365,0.3010235763303879,0.985617309243119,-0.09092592592592597,-0.08861111111111108,0.3919581743168558,0.3963801859417786,0.18989597697750607,0.3054162842995845,0.01702055591310281,0.0023148148148148806,0.10652322968080004,0.30958586833712787,0.11595591998281053,0.11367566287742971,0.0,0.9999999987499999,0.6134519986432072,0.3018594469369004,0.34747333243605727,0.4300373915306891,calm,02,05,05,male,strong,549
80,2.6693333333333333,True,1.0,0.3001473092578442,0.3381373879996962,0.3191423486287702,0.7619150429086561,-0.09189814814814817,-0.09750000000000003,0.35198496706227106,0.3829428375583476,0.20087698349985253,0.4188686804376841,0.03799007874185201,0.005601851851851858,0.12403747735316324,0.35320043072886154,0.11459278384574405,0.11571016113520195,0.0,0.9999999987499999,0.6062532354660614,0.3019017106995794,0.33486631102018555,0.40612994990870477,calm,02,05,05,male,strong,549
90,3.003,True,1.0,0.2966511704233614,0.32369902821426605,0.3101750993188137,0.8190617487424479,-0.08449074074074064,-0.0865277777777777,0.3621073767045802,0.33583834463937656,0.18479274337373963,0.37869562312614796,0.027047857790904628,0.0020370370370370594,0.11112197566180106,0.33688801704816324,0.11380952113427886,0.11349832308363812,0.0,0.9999999987499999,0.6100410672941051,0.30048497328782137,0.3333979050282965,0.4096127371740468,calm,02,05,05,male,strong,549
100,3.336666666666667,True,1.0,0.29120073369603583,0.3171721540062285,0.30418644385113214,0.8908619956780286,-0.09166666666666667,-0.09675925925925916,0.36436205539066774,0.3858800614599059,0.19676650621951658,0.3414518133300973,0.025971420310192672,0.005092592592592482,0.12038936105745063,0.3262718502050645,0.11481047513463934,0.11383260878730384,0.0,0.9999999987499999,0.6126441529893207,0.30133718495801715,0.33537340812297173,0.4119018815143143,calm,02,05,05,male,strong,549
110,3.6703333333333332,True,1.0,0.27365185589791724,0.30725628108507963,0.29045406849149846,0.8711498929506155,-0.08791666666666659,-0.10541666666666666,0.3698367815942717,0.34595584807522967,0.1997281145604009,0.3334145717538003,0.03360442518716239,0.01750000000000007,0.11017685078934725,0.30880730031529874,0.11207173969740729,0.11471743442844141,0.0,0.9999999987499999,0.6109010787518132,0.3051494259431926,0.34009428821063425,0.4119510170584752,calm,02,05,05,male,strong,549
120,4.0040000000000004,True,1.0,0.31144287159861855,0.32327603762012186,0.3173594546093702,0.8269028552067497,-0.09004629629629624,-0.10180555555555548,0.37862406156457257,0.34393209149582665,0.1996077517540482,0.38379291184092135,0.011833166021503305,0.011759259259259247,0.12496159432497664,0.34077893552001043,0.11354668102097143,0.1145955819839305,0.0,0.9999999987499999,0.6107416842440101,0.3050482209083259,0.3396275013768033,0.4107876565510986,calm,02,05,05,male,strong,549
130,4.337666666666666,True,1.0,0.2855710067023885,0.3422736667554576,0.31392233672892306,0.8568666306027698,-0.08777777777777773,-0.10476851851851848,0.36867733673842124,0.34514310135576565,0.20046017770232882,0.36636079118647885,0.05670266005306912,0.01699074074074075,0.11774947356586506,0.3283229234927768,0.11599247685177283,0.11447356358985127,0.0,0.9999999987499999,0.6120216057829382,0.30074829548895554,0.3330838683926078,0.4040655727121351,calm,02,05,05,male,strong,549
0,0.0,True,1.0,0.31534282279831727,0.34853136801321977,0.33193709540576855,0.8280741739633237,-0.05981481481481482,-0.07384259259259257,0.3666861175465777,0.30111937459883414,0.17663785196966353,0.40085430247999787,0.0331885452149025,0.01402777777777775,0.1302181320778335,0.3358600082523331,0.09922381133848071,0.11722192115924628,0.0,0.9999999987499999,0.6855603742903411,0.3084508765908559,0.2897504155536926,0.425547896853144,calm,02,05,05,male,strong,550
10,0.33366666666666667,True,1.0,0.36017267416006965,0.39951795150781133,0.3798453128339405,0.8230240499019624,-0.06013888888888891,-0.07361111111111113,0.37372940268930854,0.3075200817938016,0.17727323036547296,0.461523952889575,0.03934527734774168,0.013472222222222219,0.12555682335083762,0.3173353197048457,0.09835855958117852,0.11730098679610852,0.0,0.9999999987499999,0.6828925985394156,0.309116081298355,0.2868935405561906,0.41916940926709684,calm,02,05,05,male,strong,550
20,0.6673333333333333,True,1.0,0.17919148707763924,0.19214241811533916,0.1856669525964892,0.8028644921568362,-0.06657407407407412,-0.08055555555555555,0.3693683508883038,0.28291436266194964,0.17729173551947355,0.23125565323945094,0.012950931037699925,0.013981481481481428,0.1256189678785434,0.3462371990008771,0.09935174674443613,0.11776242926187687,0.0,0.9999999987499999,0.6808062635991897,0.3105772110829937,0.2837837802926043,0.4140795209388214,calm,02,05,05,male,strong,550
30,1.0010000000000001,True,1.0,0.3130700976749005,0.35074259187874796,0.33190634477682424,1.0169410758882669,-0.06370370370370365,-0.07791666666666669,0.3586973750751376,0.3995924206758176,0.17677773961961185,0.3263771644654182,0.03767249420384744,0.014212962962963038,0.10961273713540409,0.26735559399691317,0.11369653520016239,0.11243152002198839,0.0,0.9999999987499999,0.6092206135579232,0.2964206157637918,0.3145471136435159,0.39128256112213206,calm,02,05,05,male,strong,550
40,1.3346666666666667,True,1.0,0.34862106041772845,0.3793851335728351,0.36400309699528177,0.9945989885144126,-0.06351851851851847,-0.07634259259259257,0.35859821306193457,0.4440676338828771,0.16851979038999076,0.3659797578710357,0.030764073155106653,0.012824074074074099,0.11631512528699375,0.278702676529058,0.11383343272739276,0.11447728911144457,0.0,0.9999999987499999,0.6155347635616747,0.29750832645795733,0.3236796048494311,0.39492693504193843,calm,02,05,05,male,strong,550
50,1.6683333333333334,True,1.0,0.3104432863193489,0.3402775746062868,0.3253604304628179,0.8282373178187884,-0.061759259259259236,-0.07583333333333331,0.36429694403458995,0.34853682970572153,0.16678381299687858,0.3928347871594022,0.029834288286937904,0.014074074074074072,0.12326856907864159,0.3193829222788859,0.11164745767248598,0.11211217034960808,0.0,0.9999999987499999,0.6145123826640032,0.30010760744808906,0.3103279674340392,0.387332881847345,calm,02,05,05,male,strong,550
60,2.0020000000000002,True,1.0,0.16119821731506834,0.1676059511939361,0.1644020842545022,0.8702233845714736,-0.07148148148148153,-0.08587962962962964,0.36264756428691064,0.3505231585597225,0.16494636254662035,0.18891940525760423,0.006407733878867755,0.014398148148148104,0.10754300781050996,0.30058592145683916,0.11396179507829216,0.11517955169726404,0.0,0.9999999987499999,0.6159713450692778,0.3006625611768336,0.32055126310503307,0.3883686239167084,calm,02,05,05,male,strong,550
70,2.3356666666666666,True,1.0,0.18441034483532492,0.20228179314541817,0.19334606899037154,0.9869230226621042,-0.06810185185185186,-0.08046296296296296,0.37687248118737177,0.3906367406670752,0.1576156143431406,0.19590795285010595,0.01787144831009324,0.0123611111111111,0.09610758145548028,0.27278956745511423,0.114351607799704,0.11479255054364922,0.0,0.9999999987499999,0.6074839012870774,0.3036779845955888,0.33856450660815673,0.4136114396801223,calm,02,05,05,male,strong,550
80,2.6693333333333333,True,1.0,0.20664095857403608,0.22336910388963183,0.21500503123183395,0.7608491972225558,-0.06416666666666665,-0.0768981481481481,0.36651859385396807,0.32061118600566946,0.15642617021622574,0.28258560568467406,0.016728145315595744,0.012731481481481455,0.10902267124679106,0.34257505896233253,0.11054958224215317,0.11319489127585494,0.0,0.9999999987499999,0.6121953181506978,0.3024713600264239,0.31381157589374475,0.3897107233608092,calm,02,05,05,male,strong,550
90,3.003,True,1.0,0.18770480136910656,0.2204087363752973,0.20405676887220192,0.943280119538862,-0.06560185185185174,-0.07847222222222222,0.36143160480970155,0.43153653065788344,0.15240599121270776,0.21632679905515068,0.03270393500619073,0.012870370370370476,0.11015534440900944,0.28411469571037457,0.11266164580809261,0.11397111132801055,0.0,0.9999999987499999,0.6124556605376525,0.3043348536904906,0.331468506034472,0.4081119913229877,calm,02,05,05,male,strong,550
100,3.336666666666667,True,1.0,0.22172040016175687,0.2533431452538203,0.23753177270778858,0.8998871124409882,-0.06550925925925927,-0.07745370370370364,0.33149524507484746,0.4535533036689928,0.14602207141260096,0.26395730022566044,0.03162274509206342,0.011944444444444369,0.11492155829875857,0.2995100208790605,0.1113767804133174,0.11305716306479123,0.0,0.9999999987499999,0.6180380704234818,0.3021919400218559,0.31971670964063137,0.3919003264263476,calm,02,05,05,male,strong,550
110,3.6703333333333332,True,1.0,0.17481898171773846,0.22367294093115148,0.19924596132444497,0.8773042308758118,-0.06634259259259256,-0.08013888888888887,0.34683140516832534,0.4226485870971378,0.14709370439751815,0.2271115928912573,0.04885395921341301,0.013796296296296306,0.11653677988511763,0.30508623327976886,0.11419293588695133,0.11395161067217335,0.0,0.9999999987499999,0.6140585053630827,0.30351734153330245,0.3268051871723276,0.40124861606507123,calm,02,05,05,male,strong,550
120,4.0040000000000004,True,1.0,0.1435484093968481,0.16015520809975228,0.15185180874830018,0.7720648545451521,-0.06995370370370368,-0.08453703703703708,0.3582958658045008,0.38864233659734104,0.14709370439751815,0.1966827111146782,0.016606798702904185,0.014583333333333393,0.11969252827710622,0.3421466748134398,0.1158601654168565,0.11242562963425778,0.0,0.9999999987499999,0.6141204714932849,0.30312628499158073,0.3259650899739573,0.3968859857814446,calm,02,05,05,male,strong,550
130,4.337666666666666,True,1.0,0.21459630632062224,0.2256508230977818,0.22012356470920202,0.7630722091787222,-0.06273148148148155,-0.07768518518518508,0.3674401436474903,0.3845990997174633,0.14775192965254083,0.28847016319217833,0.011054516777159573,0.014953703703703525,0.11819673373055357,0.3455069375344972,0.11454337132130996,0.11343151378768221,0.0,0.9999999987499999,0.6141882962950805,0.30280137481571845,0.32565030069024853,0.3988799732289272,calm,02,05,05,male,strong,550
140,4.671333333333333,True,1.0,0.19223513510593526,0.22199801335658054,0.2071165742312579,0.7012248590138789,-0.06347222222222215,-0.0786574074074074,0.37371119280436454,0.3407483602305599,0.15266214946521708,0.2953639928318037,0.029762878250645275,0.015185185185185246,0.11496133311250299,0.3688028589942976,0.11454524618073084,0.1134296205199125,0.0,0.9999999987499999,0.6133069106627026,0.3026199269515429,0.3266931616680249,0.39976502423098276,calm,02,05,05,male,strong,550
0,0.0,True,1.0,0.31947381412801956,0.3693115666609464,0.34439269039448295,0.8330433190984816,-0.06384259259259262,-0.07814814814814813,0.3680674714365641,0.35753545809721315,0.16321254909363017,0.4134151039914518,0.04983775253292683,0.014305555555555516,0.11792089484986684,0.34370032564498754,0.11499838247941965,0.1138102982976446,0.0,0.9999999987499999,0.6172350331069927,0.2993207588294455,0.3092114223354003,0.3883078196628839,calm,02,05,05,male,strong,551
10,0.33366666666666667,True,1.0,0.3651412885674559,0.3982882626088693,0.3817147755881626,0.828215403077354,-0.06384259259259262,-0.07777777777777778,0.3591326141683499,0.36000197307106735,0.16463203979248564,0.4608882836154051,0.03314697404141337,0.013935185185185162,0.11805812860624672,0.33800361698669934,0.11774062615685521,0.1135170301635201,0.0,0.9999999987499999,0.6184824218515531,0.29932540574216393,0.3110017825412152,0.3877700871235364,calm,02,05,05,male,strong,551
20,0.6673333333333333,True,1.0,0.34927569365567607,0.36525202897396253,0.3572638613148193,0.797290285919061,-0.06259259259259259,-0.0753240740740741,0.36310397657944343,0.34481702331059866,0.1645597302358541,0.4480975971041592,0.01597633531828646,0.01273148148148151,0.1148155611590669,0.36027719860636526,0.11763965577942094,0.11278015266644532,0.0,0.9930463277604702,0.6172391806566377,0.2993179846490116,0.3122126510341365,0.3877346278718767,calm,02,05,05,male,strong,551
30,1.0010000000000001,True,1.0,0.14111764031435248,0.18992400610674046,0.16552082321054645,1.0484681593047656,-0.07129629629629636,-0.08634259259259258,0.34517138161591715,0.4276460283856694,0.16722648696840284,0.15786919396799093,0.04880636579238798,0.015046296296296224,0.1096817077032197,0.27309586687487997,0.11377019269151264,0.11503805990467175,0.0,0.9999999987499999,0.6134965886276385,0.3009923572017931,0.31041073463863195,0.3894775740223579,calm,02,05,05,male,strong,551
40,1.3346666666666667,True,1.0,0.23576136247209784,0.28122803372113403,0.25849469809661596,0.8752111111432139,-0.06472222222222218,-0.07754629629629628,0.3504319052637664,0.37623280215493154,0.1598718209816876,0.29535125274971236,0.045466671249036195,0.012824074074074099,0.11352564633797721,0.31760091536650575,0.11536820728721504,0.11360322471937741,0.0,0.9999999987499999,0.6154002563134628,0.3031017471565012,0.32301738204458236,0.3926235381719972,calm,02,05,05,male,strong,551
50,1.6683333333333334,True,1.0,0.1636709693495106,0.1827122906963274,0.17319163002291899,0.9326965778543376,-0.07055555555555554,-0.08268518518518514,0.33888747120181867,0.45599338189680894,0.1650573343148105,0.1856891449321549,0.019041321346816825,0.012129629629629601,0.11296036354871378,0.30493975651716665,0.115365934108645,0.11444097563505863,0.0,0.9999999987499999,0.6137175423685098,0.3001175554837385,0.3103552313936143,0.3805541812376077,calm,02,05,05,male,strong,551
60,2.0020000000000002,True,1.0,0.210277787118734,0.21251952938383187,0.21139865825128293,1.1391828309517114,-0.08500000000000008,-0.09810185185185183,0.34709782396449873,0.5213162982971902,0.18303186052628423,0.18557043918461572,0.002241742265097879,0.013101851851851753,0.12054367548762121,0.22696395521001175,0.10728444642437748,0.11872615681725468,0.0,0.9999999987499999,0.6130848845319378,0.3062029518309799,0.3183772824164582,0.4086748721661219,calm,02,05,05,male,strong,551
70,2.3356666666666666,True,1.0,0.22930724526930815,0.26576617433364946,0.2475367098014788,0.9123014881972729,-0.0842592592592592,-0.1016203703703703,0.353405817549571,0.3703590250373095,0.18644251125840447,0.27133213417268076,0.03645892906434131,0.017361111111111105,0.12036547677803235,0.292500929793496,0.11524413051385092,0.11389648918572502,0.0,0.9999999987499999,0.6125321368391107,0.30436526944137116,0.32807836948520264,0.39686320375767686,calm,02,05,05,male,strong,551
80,2.6693333333333333,True,1.0,0.2098641208499023,0.23907553565462164,0.22446982825226197,1.2022288905518097,-0.08277777777777773,-0.09773148148148147,0.3505736882908875,0.5272351229564308,0.18344780530289137,0.18671139083110272,0.029211414804719338,0.014953703703703747,0.11764108693496621,0.2328901487950802,0.11337922352262626,0.11442875495216175,0.0,0.9999999987499999,0.6102349422816001,0.3043344370004751,0.33173072529791586,0.401645743195214,calm,02,05,05,male,strong,551
90,3.003,True,1.0,0.16766413951663067,0.14267717411556471,0.1551706568160977,0.9165654926030309,-0.08768518518518514,-0.10217592592592589,0.32991531596696666,0.4128003368452118,0.18044088259701313,0.16929576562544985,0.024986965401065958,0.014490740740740748,0.12462829579159578,0.28801716818726397,0.11208983687191015,0.1153622505884557,0.0,0.9999999987499999,0.6122076162496249,0.3049514069511704,0.3161835745060187,0.3890331913571965,calm,02,05,05,male,strong,551
100,3.336666666666667,True,1.0,0.21158453508976072,0.23542710897418695,0.22350582203197383,0.9190282487662983,-0.0815277777777777,-0.0968518518518518,0.34891494932945677,0.4173423283990473,0.17677671660941235,0.24319798910643672,0.023842573884426232,0.015324074074074101,0.13390449430237378,0.29693134984848374,0.11435862066424082,0.11226827928381501,0.0,0.9999999987499999,0.610531386070053,0.30406668627695077,0.3264491526483372,0.39724452482403916,calm,02,05,05,male,strong,551
110,3.6703333333333332,True,1.0,0.2375340866745011,0.24758939376487443,0.24256174021968777,0.8729049419492293,-0.0773611111111111,-0.09324074074074068,0.3607564068072246,0.3834161263700691,0.17291701528300427,0.2778787569675552,0.010055307090373333,0.015879629629629577,0.13066235625753603,0.3085030985499109,0.11451600770929365,0.11345913895288409,0.0,0.9999999987499999,0.6127644493109744,0.30358615838309383,0.32754991135669687,0.399038639120137,calm,02,05,05,male,strong,551
120,4.0040000000000004,True,1.0,0.2576691800308834,0.29154655616423203,0.2746078680975577,0.8501062717830515,-0.07787037037037031,-0.09337962962962965,0.3627048901721928,0.38459909971746215,0.1744457854417146,0.32302769337483267,0.033877376133348625,0.015509259259259334,0.12782572278652143,0.3254029659761182,0.11240118832255228,0.1125477411660712,0.0,0.9999999987499999,0.6141950586719062,0.30407199982990235,0.3277047441599227,0.39951068901507036,calm,02,05,05,male,strong,551
0,0.0,True,1.0,0.389043033606104,0.421730543480325,0.4053867885432145,0.6216067909205323,-0.06388888888888883,-0.06601851851851842,0.4001224072138814,0.2136626638317585,0.19801532628674082,0.6521595234551422,0.03268750987422103,0.0021296296296295925,0.00191843465243312,0.4588951461635249,0.11673072119393528,0.11049169730701555,0.0,0.9999999987499999,0.5772165300807822,0.2800501801175022,0.3318108003671876,0.37570318363469046,happy,03,05,05,male,normal,552
10,0.33366666666666667,True,1.0,0.386797591126085,0.393117237607745,0.389957414366915,0.6330857660684884,-0.06513888888888891,-0.06634259259259256,0.4022618035611159,0.21524916046328638,0.19867601971628515,0.6159630104915811,0.006319646481659946,0.0012037037037036513,0.006061376056181056,0.4517742799230609,0.11174626967036969,0.1145365617301663,0.0,0.9999999987499999,0.6085126424710509,0.3039241726656337,0.32742043867086934,0.42518363550293586,happy,03,05,05,male,normal,552
20,0.6673333333333333,True,1.0,0.4007626069741224,0.429229931725419,0.41499626934977074,0.6150306446308981,-0.0647685185185185,-0.06574074074074066,0.4213842020420799,0.17834760124089422,0.2000858122791084,0.6747570596239556,0.028467324751296597,0.0009722222222221522,0.008576526118130263,0.47289316667504,0.11095212592540918,0.11497508693574994,0.0,0.9235255309561194,0.6103635923431873,0.303943644037375,0.3266437152124545,0.4265316997558948,happy,03,05,05,male,normal,552
30,1.0010000000000001,True,1.0,0.4159127666277717,0.41510599206416904,0.4155093793459704,0.976699890759411,-0.07731481481481489,-0.07050925925925927,0.45716040507660116,0.2743484224965706,0.2035355805984914,0.42542175265618226,0.0008067745636026746,0.00680555555555562,0.006830709145585958,0.30336472758885813,0.1082763918213083,0.11990590915206163,0.0,0.9999999987499999,0.6051644147893532,0.30857583233580776,0.34902422405280065,0.46103739517943904,happy,03,05,05,male,normal,552
40,1.3346666666666667,True,1.0,0.3105662874261613,0.29954275655642487,0.3050545219912931,0.8081313155748757,-0.08921296296296294,-0.08092592592592596,0.4354951337151925,0.21354998475403653,0.21737830947474363,0.37748137723667874,0.011023530869736453,0.008287037037036982,0.013128710171554632,0.35352577528864876,0.09731833393630868,0.11928871388010039,0.0,0.9999999987499999,0.650148980295243,0.3303495813453399,0.315560781322532,0.47069303507169996,happy,03,05,05,male,normal,552
50,1.6683333333333334,True,1.0,0.3228283147516171,0.3101211406973879,0.31647472772450247,0.7851000873531095,-0.08384259259259264,-0.08212962962962961,0.40958882269152214,0.3126201823932871,0.21057650598031288,0.4031011240763798,0.01270717405422922,0.0017129629629630272,0.033391088679013775,0.3789853428827277,0.10592650050903037,0.11978032100337448,0.0,0.9999999987499999,0.6229334107940051,0.30694395782717326,0.3370230653534631,0.43980279695680535,happy,03,05,05,male,normal,552
60,2.0020000000000002,True,1.0,0.3603113162122445,0.33332851646459094,0.3468199163384177,0.9176872279984045,-0.08189814814814816,-0.07472222222222219,0.4306870886513883,0.2822478960200344,0.20490616872228276,0.3779282371564407,0.026982799747653552,0.0071759259259259744,0.022031452898069872,0.3246373393560623,0.10854221485133726,0.12030048819802251,0.0,0.9999999987499999,0.6011673125187574,0.3082851190959645,0.34042311425573407,0.45577988071840936,happy,03,05,05,male,normal,552
70,2.3356666666666666,True,1.0,0.3739523916164476,0.36082613080081916,0.36738926120863336,0.6945524293770078,-0.08583333333333326,-0.08717592592592593,0.39294230063275715,0.2249766103919245,0.22372162946149882,0.5289582840249659,0.013126260815628454,0.001342592592592673,0.03810203632601734,0.3956401967844694,0.11177084273892264,0.1181161221736607,0.0,0.9999999987499999,0.606742859886142,0.3062289731120342,0.3337128940991358,0.4362649212972161,happy,03,05,05,male,normal,552
80,2.6693333333333333,True,1.0,0.3834018346288173,0.374744711712772,0.37907327317079464,0.7605370958616153,-0.08629629629629632,-0.08782407407407405,0.39754794798619963,0.21524916046328527,0.2279117180086024,0.49842838072394235,0.008657122916045257,0.001527777777777739,0.04288356550879603,0.37606563526149384,0.1089606549957195,0.11848316336659093,0.0,0.9999999987499999,0.6076265275016256,0.3075125315424042,0.3363527255488848,0.444929645734022,happy,03,05,05,male,normal,552
90,3.003,True,1.0,0.3721397340966327,0.36154989623678796,0.3668448151667103,0.8009110657284507,-0.08634259259259258,-0.0916203703703703,0.4292650970277345,0.21741936731387912,0.22807903268592053,0.4580343946591059,0.010589837859844742,0.005277777777777715,0.04890179575258951,0.35160200582641316,0.10965484572626517,0.1183250226699177,0.0,0.9999999987499999,0.6092038757846889,0.30748090575171627,0.34327339569621407,0.454632122680066,happy,03,05,05,male,normal,552
100,3.336666666666667,True,1.0,0.36030639146429344,0.3614282561821557,0.36086732382322456,0.7883787443560212,-0.08606481481481482,-0.09004629629629635,0.4560030768720701,0.1773070460277481,0.22946609817721134,0.4577334516013559,0.001121864717862242,0.00398148148148153,0.04867814277354211,0.36021525801483295,0.11222066733116726,0.11817348801880055,0.0,0.9999999987499999,0.6091560777514131,0.30739833695264335,0.3496072283991213,0.4573801347560986,happy,03,05,05,male,normal,552
110,3.6703333333333332,True,1.0,0.36502239476503867,0.3354887640780819,0.35025557942156027,0.7944161357110822,-0.08467592592592593,-0.09439814814814818,0.4495378421240932,0.17308158355798248,0.2267337182960348,0.4408968595634659,0.029533630686956747,0.009722222222222243,0.04979410202566277,0.3626751286624958,0.10972272397781313,0.11858384341257727,0.0,0.9999999987499999,0.6090581228116246,0.3072163836080074,0.3470911023841621,0.4577173241330952,happy,03,05,05,male,normal,552
0,0.0,True,1.0,0.31225678283250624,0.34952022608307337,0.33088850445778983,0.7684264331535788,-0.06333333333333335,-0.062129629629629646,0.4571337194428966,0.12803278833714488,0.20627996053698625,0.43060531259946644,0.03726344325056713,0.0012037037037037068,0.022450073255946983,0.37934096681164137,0.11112873853063499,0.11759173203744928,0.0,0.9999999987499999,0.6092438116105817,0.3061176002807326,0.33418787372475794,0.4355454596748027,happy,03,05,05,male,normal,553
10,0.33366666666666667,True,1.0,0.36881401164015976,0.40765186696391614,0.38823293930203795,0.6853249185901976,-0.06277777777777777,-0.05972222222222229,0.4337560801086606,0.11810948892507325,0.20284135306689666,0.5664947075041187,0.03883785532375639,0.003055555555555478,0.027162990618094674,0.4225111798046439,0.11166974243658098,0.11560426059498849,0.0,0.9999999987499999,0.6118668028617696,0.30439512848698846,0.32956646932761774,0.42402143653710106,happy,03,05,05,male,normal,553
20,0.6673333333333333,True,1.0,0.13641388476415134,0.13520764344625483,0.1358107641052031,0.5892544791557637,-0.0766203703703704,-0.07560185185185181,0.42917565614461484,0.16568232250115472,0.20419693287833293,0.23047896776242044,0.0012062413178965115,0.0010185185185185852,0.026967019943577003,0.5106101584949727,0.1106377280343614,0.1167556145380075,0.0,0.9999999987499999,0.6068927235112794,0.3042039773621422,0.31866854593947364,0.4060784819351089,happy,03,05,05,male,normal,553
30,1.0010000000000001,True,1.0,0.3507922721756885,0.35578982387358565,0.35329104802463707,0.8869753305727055,-0.06500000000000006,-0.06439814814814826,0.4760973491972577,0.19233842869842246,0.2055648343394821,0.3983098918845046,0.0049975516978971735,0.0006018518518517979,0.011225014300547441,0.3272730158879408,0.1084947643440437,0.11826730172773732,0.0,0.9999999987499999,0.6040389961140706,0.30656190985180337,0.3282558431590294,0.4337544206983332,happy,03,05,05,male,normal,553
40,1.3346666666666667,True,1.0,0.3780565580989613,0.38731893250873667,0.38268774530384897,0.8354613501419599,-0.061342592592592615,-0.06152777777777779,0.41334225925946877,0.22096261712606058,0.2028018559715217,0.45805559435971926,0.009262374409775342,0.00018518518518517713,0.009051741995721639,0.34673710627502335,0.11206069325860009,0.1162131711776001,0.0,0.9999999987499999,0.6084798969431522,0.3041691347274189,0.3289782718239772,0.432886337694905,happy,03,05,05,male,normal,553
50,1.6683333333333334,True,1.0,0.42709355708058566,0.4302330099458411,0.42866328351321337,0.698332023721573,-0.06296296296296289,-0.06254629629629627,0.389736839753329,0.26997274701143825,0.19792630356198251,0.6138387886449307,0.0031394528652554654,0.0004166666666666208,0.010868770313376791,0.4243149171276399,0.11021936958687538,0.11763750592942364,0.0,0.9999999987499999,0.6122968464495173,0.3042451952835451,0.30313911743402416,0.40640644204098725,happy,03,05,05,male,normal,553
60,2.0020000000000002,True,1.0,0.41136728922758875,0.42290475535261934,0.41713602229010405,0.7848207381915373,-0.06296296296296305,-0.06180555555555556,0.3892021681131499,0.2483520059374088,0.20071307091842525,0.5315048417952242,0.011537466125030593,0.0011574074074074958,0.010926238336409823,0.37473805163123186,0.10939060312122781,0.11613411607516368,0.0,0.9999999987499999,0.6146514929174796,0.3057759781756073,0.31212355310736767,0.4150228631252581,happy,03,05,05,male,normal,553
70,2.3356666666666666,True,1.0,0.4265540336547941,0.44400779910796767,0.4352809163813809,0.8395742122849833,-0.06370370370370365,-0.06180555555555556,0.4287326646388663,0.2541654826787342,0.20559266817864785,0.5184543665255288,0.017453765453173564,0.0018981481481480933,0.016690627679117487,0.3608361324431956,0.1115760109491169,0.1156947285937698,0.0,0.9999999987499999,0.613422774523872,0.305463485178496,0.3280227709061448,0.4360482618698399,happy,03,05,05,male,normal,553
80,2.6693333333333333,True,1.0,0.38850639795726116,0.42321806517243704,0.40586223156484913,0.741175744770972,-0.06518518518518529,-0.06398148148148158,0.4632247346429565,0.13617101956160377,0.20627996053698633,0.5475924359751723,0.03471166721517588,0.0012037037037037068,0.021100438758748463,0.38734190857029865,0.11173140289978814,0.1183145686612508,0.0,0.9999999987499999,0.6131466182332308,0.3059072288881469,0.3316164212278968,0.4406077450581318,happy,03,05,05,male,normal,553
90,3.003,True,1.0,0.3917908335193059,0.40207737768633944,0.39693410560282266,0.778545845556723,-0.06449074074074079,-0.06189814814814815,0.4589228697333561,0.14795908857482096,0.2035175873255552,0.5098403746782346,0.010286544167033562,0.0025925925925926463,0.022397265401704593,0.38423933650609265,0.10966230845541076,0.11718552236421122,0.0,0.9999999987499999,0.6147499140515581,0.3062037099028779,0.3346039888715585,0.44451557015783094,happy,03,05,05,male,normal,553
0,0.0,True,1.0,0.28675508565653635,0.2727563311311837,0.27975570839386,0.7771439285271596,-0.05837962962962967,-0.0622685185185185,0.47346830805955115,0.08514371184825548,0.20626331633148562,0.3599792755558832,0.013998754525352652,0.0038888888888888307,0.029771589530786402,0.3774676529779244,0.10946370363382786,0.11850187242006695,0.0,0.9999999987499999,0.6062091099564827,0.3083082966204477,0.3352247336620891,0.4514720950369941,happy,03,05,05,male,normal,554
10,0.33366666666666667,True,1.0,0.2818521402670705,0.3158618551681448,0.29885699771760765,0.8374445820589573,-0.05611111111111111,-0.06120370370370376,0.4356897847553567,0.13189096672007466,0.20558561729579652,0.3568677905621314,0.034009714901074295,0.0050925925925926485,0.031161020809105863,0.34692437950721866,0.11073239465097948,0.11682902513135207,0.0,0.9999999987499999,0.604470378307573,0.3086464566708608,0.3348123375718723,0.4432095326876888,happy,03,05,05,male,normal,554
20,0.6673333333333333,True,1.0,0.3257829524361589,0.3407822777786378,0.3332826151073983,0.6634782873503011,-0.056435185185185144,-0.05949074074074068,0.40538518998867745,0.1251563904188319,0.2076480745787882,0.5023263329963846,0.014999325342478886,0.0030555555555555336,0.03702852875188918,0.4472484050802329,0.10945976783486763,0.1170496470657433,0.0,0.9999999987499999,0.6025720370491947,0.30649700641392397,0.31997388806714666,0.421974149577017,happy,03,05,05,male,normal,554
30,1.0010000000000001,True,1.0,0.4067796610169485,0.3580504844987566,0.3824150727578526,1.0437046855789396,-0.08513888888888888,-0.0859259259259259,0.3937637206472231,0.24476650563607094,0.23546332963052743,0.3664016057815513,0.04872917651819192,0.0007870370370370305,0.027379524361967562,0.2849279269210215,0.10653502313663141,0.11891942549444917,0.0,0.9999999987499999,0.5968263658275811,0.31192695013120464,0.33877724097458456,0.44014268331842593,happy,03,05,05,male,normal,554
40,1.3346666666666667,True,1.0,0.39171922022903377,0.34695355072149536,0.3693363854752646,0.8117061123874352,-0.08976851851851858,-0.09597222222222224,0.3739646586194022,0.22994298239678354,0.240279047870158,0.45501244827262893,0.04476566950753841,0.006203703703703656,0.03003655906287924,0.35774317684461415,0.09736720299766882,0.1192488287557091,0.0,0.9999999987499999,0.646279379118835,0.3309689877765286,0.30458816206551215,0.4508991920597841,happy,03,05,05,male,normal,554
50,1.6683333333333334,True,1.0,0.379047923941401,0.3621108441554931,0.37057938404844704,0.8688912679170233,-0.07787037037037037,-0.07694444444444454,0.37648952670207825,0.2338972343774878,0.22918797249443762,0.42649684457852827,0.016937079785907916,0.0009259259259258301,0.026117107607373756,0.3377998733039889,0.10664519962601011,0.11704357687889932,0.0,0.9999999987499999,0.596133071509854,0.3102104337806643,0.333212658274063,0.43080579420247944,happy,03,05,05,male,normal,554
60,2.0020000000000002,True,1.0,0.3932756407662001,0.4086234346195831,0.4009495376928916,0.7855435132741185,-0.08537037037037037,-0.08888888888888885,0.3925596557499598,0.18665614674747463,0.24099786617697813,0.5104103476352921,0.01534779385338303,0.0035185185185184764,0.03225355524182456,0.35949361482751924,0.10627509613177726,0.11689178581665698,0.0,0.9999999987499999,0.59903042575624,0.30972075593261905,0.3351759301557896,0.4344384755283781,happy,03,05,05,male,normal,554
70,2.3356666666666666,True,1.0,0.37055057452560924,0.3798356503269008,0.375193112426255,0.8315745762899798,-0.08384259259259258,-0.08712962962962967,0.4397601197168783,0.1500721500721495,0.23890932769477186,0.45118396247773307,0.009285075801291565,0.0032870370370370883,0.03135021179681909,0.33606043426334226,0.10718727411118874,0.11638376954387131,0.0,0.9999999987499999,0.6026003751422444,0.3097228131057582,0.34314772935600385,0.44868394736250283,happy,03,05,05,male,normal,554
80,2.6693333333333333,True,1.0,0.376476966252042,0.38367944457165537,0.38007820541184867,0.7960162220235228,-0.08212962962962961,-0.0866203703703704,0.4693376118191671,0.10896247828250347,0.2347381486072916,0.4774754520023049,0.007202478319613348,0.004490740740740795,0.03444840838737785,0.34756938876040167,0.10774334237002568,0.11636140924902028,0.0,0.9999999987499999,0.6032402238239045,0.30988293540408635,0.34524931152495836,0.451384176501609,happy,03,05,05,male,normal,554
90,3.003,True,1.0,0.36158192090395525,0.3649353785789711,0.36325864974146316,0.7801357765824476,-0.0796296296296296,-0.08694444444444449,0.46267342438525505,0.0866394588535258,0.23125131967528856,0.4656351633209231,0.0033534576750158807,0.007314814814814885,0.03647764055538235,0.36805702561449016,0.10946653531461024,0.11849925665125967,0.0,0.9999999987499999,0.6054141890662516,0.3092693601191499,0.3465681090486662,0.4516525537677103,happy,03,05,05,male,normal,554
100,3.336666666666667,True,1.0,0.35249042145593795,0.3664366790188414,0.3594635502373897,0.7797243517165218,-0.07754629629629628,-0.08439814814814811,0.46948093046918,0.09200587773970288,0.22916699958545897,0.46101362545116076,0.013946257562903464,0.006851851851851831,0.035809997118659696,0.3602710679431091,0.10900908672578039,0.1164923000840588,0.0,0.9999999987499999,0.6039136344068876,0.3089772402514402,0.34490232332091386,0.4505137719587742,happy,03,05,05,male,normal,554
0,0.0,True,1.0,0.32170908399922155,0.338095896310824,0.32990249015502277,0.7760139564175973,-0.05648148148148152,-0.057222222222222174,0.48331666831008463,0.12224877395619643,0.19655922022996586,0.4251244290476291,0.01638681231160244,0.000740740740740653,0.005598407971283028,0.3855174268859018,0.10908335818887141,0.11820914244095145,0.0,0.9999999987499999,0.6157661789715887,0.3081110179184068,0.3337707976648535,0.45157571089535303,happy,03,05,05,male,normal,555
10,0.33366666666666667,True,1.0,0.32684547088772825,0.3339216337959681,0.3303835523418482,0.7950713325195183,-0.05560185185185185,-0.05800925925925926,0.476754712315593,0.1450426068891124,0.19722841160573593,0.4155395105177403,0.007076162908239869,0.0024074074074074137,0.008326895947723208,0.3727005114363063,0.10650731183188968,0.1194238053469347,0.0,0.9999999987499999,0.6173318454256702,0.309036766159463,0.3353501966701141,0.4563963327619519,happy,03,05,05,male,normal,555
20,0.6673333333333333,True,1.0,0.30250681882385966,0.3159127043787633,0.3092097616013115,0.7435071309408463,-0.058611111111111114,-0.059953703703703676,0.4190589726014267,0.1767052527630338,0.19583372291904952,0.415880021500308,0.01340588555490363,0.001342592592592562,0.009390841208660409,0.39033877775981285,0.10873025320027502,0.11593381417527789,0.0,0.9999999987499999,0.6184860511001276,0.30996747935279434,0.3274049656530557,0.41963060293968424,happy,03,05,05,male,normal,555
30,1.0010000000000001,True,1.0,0.312195356685046,0.3241026413291653,0.31814899900710564,0.9131364307443781,-0.05958333333333338,-0.061712962962963025,0.3995068292692921,0.2536412681409963,0.20141313311922143,0.348413433409676,0.011907284644119276,0.002129629629629648,0.01845737208771225,0.3215048890321392,0.10712586843018164,0.11758005566611857,0.0,0.9999999987499999,0.6121821637873901,0.30885179409971103,0.32323027436076307,0.43477561808788606,happy,03,05,05,male,normal,555
40,1.3346666666666667,True,1.0,0.3448695129230824,0.3764343567959484,0.3606519348595154,0.8581906476468347,-0.06268518518518512,-0.06467592592592591,0.3979203634776985,0.24602304458572638,0.1989339083032496,0.4202468715412196,0.03156484387286601,0.001990740740740793,0.009404771029955473,0.33370783249920016,0.10379616414066327,0.11973661824480959,0.0,0.9999999987499999,0.6103478724693001,0.3081508645381572,0.3023511554449062,0.4225975955286722,happy,03,05,05,male,normal,555
50,1.6683333333333334,True,1.0,0.31780205115780963,0.30806539387454945,0.31293372251617957,0.8440159981937799,-0.05754629629629632,-0.060324074074074086,0.3996586769019808,0.23934782038331087,0.20046675576268413,0.3707675247695154,0.009736657283260175,0.002777777777777768,0.025297867204890318,0.34935542155558796,0.11293149517318991,0.11536714231947293,0.0,0.9999999987499999,0.6070465262276785,0.307097291961896,0.32300531546982875,0.43116351659352214,happy,03,05,05,male,normal,555
60,2.0020000000000002,True,1.0,0.3792251739301598,0.41138217586075904,0.3953036748954594,0.981065473966712,-0.05703703703703711,-0.059537037037037,0.43955060295942827,0.2769824631975667,0.19930900071578367,0.40293302066491055,0.03215700193059923,0.002499999999999891,0.01409225343685598,0.3110021733640399,0.10784035784482446,0.11966304987342483,0.0,0.9999999987499999,0.6069973633594064,0.3098830302002531,0.34251942568424926,0.4681083732826468,happy,03,05,05,male,normal,555
70,2.3356666666666666,True,1.0,0.3934528155277511,0.4278628654762618,0.41065784050200643,0.930386603878295,-0.058611111111111114,-0.06185185185185177,0.40243934284855676,0.2891658607594673,0.20000152587308548,0.4413840857017811,0.03441004994851071,0.003240740740740655,0.012769258719996563,0.32796412627564264,0.10825678940545405,0.11912662122854852,0.0,0.9999999987499999,0.6083965927777362,0.30550551308977475,0.3308155103845719,0.4432152181887505,happy,03,05,05,male,normal,555
80,2.6693333333333333,True,1.0,0.35532262687975097,0.39155423005141293,0.37343842846558195,0.7793716846474912,-0.05833333333333329,-0.06175925925925929,0.4069687369683168,0.1979356659422202,0.2027837975942452,0.4791531894496368,0.036231603171661964,0.003425925925925999,0.008754603973901808,0.36744537192342835,0.10977385038591242,0.11675513874906558,0.0,0.9999999987499999,0.6117042516381553,0.305585665451851,0.3315284781984788,0.4409548200825323,happy,03,05,05,male,normal,555
90,3.003,True,1.0,0.387350818604105,0.3915542300514133,0.3894525243277591,0.8004998114150322,-0.05699074074074073,-0.06027777777777782,0.4692649501455625,0.14062428263361107,0.20348572033465115,0.48651170028301366,0.004203411447308347,0.0032870370370370883,0.01131958683566123,0.3727005114363058,0.1120311519114668,0.11673231331963652,0.0,0.9999999987499999,0.6109696481092437,0.30662557327333373,0.33796852955467627,0.44990710642494985,happy,03,05,05,male,normal,555
100,3.336666666666667,True,1.0,0.39414787886595026,0.4278628654762612,0.4110053721711057,0.7764088743126806,-0.058796296296296346,-0.06074074074074082,0.47599487892709197,0.13826459405568323,0.20140252662755678,0.5293671746538833,0.033714986610310915,0.0019444444444444708,0.009601144877639215,0.36986301369863056,0.10891658220286554,0.11820175364092078,0.0,0.9999999987499999,0.6112456172234519,0.30743676907164164,0.3392800711291266,0.4548750647585497,happy,03,05,05,male,normal,555
110,3.6703333333333332,True,1.0,0.35920408814174626,0.36289462091103963,0.361049354526393,0.7612463696793614,-0.05796296296296294,-0.05962962962962959,0.4815815194408589,0.1268705232245333,0.19930900071578367,0.47428712819802044,0.0036905327692933754,0.0016666666666666496,0.007993532641354122,0.3830526801128839,0.11129408301227421,0.11792095191348655,0.0,0.9999999987499999,0.6134959307004052,0.307947551019527,0.3428023943511112,0.4572205702536297,happy,03,05,05,male,normal,555
0,0.0,True,1.0,0.3730179579264734,0.3638546767541759,0.36843631734032467,0.7668558463854253,-0.07981481481481484,-0.07277777777777772,0.483468452353771,0.15232068181628328,0.2097400469640164,0.48045055544265475,0.009163281172297533,0.007037037037037119,0.005415838009803766,0.3778169126544073,0.10886928765710799,0.11888805843406969,0.0,0.9999999987499999,0.6169666679875075,0.3087529276746732,0.36811838304803524,0.4604221664746684,happy,03,05,05,male,strong,556
10,0.33366666666666667,True,1.0,0.36672726502449576,0.3777370040956261,0.37223213456006093,0.8238982444569227,-0.06837962962962962,-0.06296296296296294,0.47851728424733503,0.1818947589911835,0.19445856921043916,0.45179381927852014,0.011009739071130342,0.005416666666666681,0.010941742383088421,0.35818050286920844,0.10656158081521037,0.1187352789266708,0.0,0.9999999987499999,0.6166956278527036,0.3092709302155775,0.3671274229281811,0.46229275494589805,happy,03,05,05,male,strong,556
20,0.6673333333333333,True,1.0,0.4158532863555255,0.4189728567267453,0.4174130715411354,0.8217033904106102,-0.07967592592592604,-0.07101851851851854,0.49429104740045265,0.1694763242721885,0.2083336995439489,0.5079850909858745,0.003119570371219793,0.008657407407407502,0.008187693185026258,0.35156249999999983,0.10705544759393423,0.11941229308717484,0.0,0.9999999987499999,0.6125250021258503,0.30949703166187625,0.3663751067244562,0.46113568459782284,happy,03,05,05,male,strong,556
30,1.0010000000000001,True,1.0,0.41633754436273024,0.39068212012930614,0.4035098322460182,0.9650972342447791,-0.07856481481481475,-0.06870370370370371,0.502480057066984,0.20824322320185273,0.20556149402551802,0.41810277548021174,0.025655424233424096,0.009861111111111043,0.008893704911441395,0.30195251272843154,0.10552521543502594,0.11837666279558269,0.0,0.9999999987499999,0.6112696092030562,0.3107157834032178,0.3777438799893587,0.4736365299468967,happy,03,05,05,male,strong,556
40,1.3346666666666667,True,1.0,0.1397672148185307,0.11681260220861445,0.12828990851357258,0.8461668954675623,-0.09916666666666674,-0.08736111111111106,0.4444602970243067,0.2318265467034419,0.21670926971223467,0.15161300826202148,0.022954612609916242,0.01180555555555568,0.003556784617258275,0.3470170600696143,0.09609787560415349,0.12027407735336314,0.0,0.9999999987499999,0.641843232628989,0.32906703508387347,0.3164678739005781,0.4590755047154877,happy,03,05,05,male,strong,556
50,1.6683333333333334,True,1.0,0.32961362946266826,0.3238653219213011,0.3267394756919847,0.733527993158933,-0.08379629629629637,-0.07851851851851865,0.4181452079283661,0.23070638494514834,0.21944444444444444,0.44543559174188224,0.005748307541367181,0.005277777777777715,0.012219181470754367,0.38241137017010873,0.09815104429662959,0.120041507033281,0.0,0.9999999987499999,0.6458418144445277,0.3265991142163699,0.3166532917450933,0.4601434279026493,happy,03,05,05,male,strong,556
60,2.0020000000000002,True,1.0,0.37293424774879724,0.39384069848572156,0.3833874731172594,1.1348188780245667,-0.08129629629629631,-0.07444444444444459,0.40723553450447214,0.3681861406571845,0.2069444444444445,0.33784023207706965,0.02090645073692432,0.00685185185185172,0.015061236278430657,0.25751520708459863,0.11113435432004427,0.12030932785546974,0.0,0.9999999987499999,0.6037787823176146,0.30468771216007384,0.3592960361537469,0.4564245037156307,happy,03,05,05,male,strong,556
70,2.3356666666666666,True,1.0,0.40159563679361016,0.37130303159454586,0.386449334194078,0.7110911087883115,-0.08620370370370367,-0.07791666666666669,0.4030956634926958,0.19002403243513508,0.22297449995749155,0.5434596627886149,0.030292605199064293,0.008287037037036982,0.013144484897875786,0.397984215582825,0.1105223785794607,0.11992230496169963,0.0,0.9999999987499999,0.6043647600759054,0.3016591733191513,0.34273952434090477,0.4341973385809097,happy,03,05,05,male,strong,556
80,2.6693333333333333,True,1.0,0.409479207563646,0.38451635085400143,0.39699777920882373,0.8567553304101037,-0.08708333333333329,-0.07967592592592593,0.3892138017193681,0.25828653343245783,0.22918297911876379,0.4633735736651823,0.024962856709644543,0.007407407407407363,0.013364679038292535,0.33947308876440074,0.10970534734738867,0.11811701400078616,0.0,0.9999999987499999,0.5967350460418542,0.30278689378598045,0.3507133890437298,0.4417082553286211,happy,03,05,05,male,strong,556
90,3.003,True,1.0,0.3549328999156127,0.33987440123304336,0.34740365057432804,0.8131807925069087,-0.09083333333333338,-0.08624999999999988,0.38243282968402814,0.2452352261085479,0.22777911756995028,0.42721576035181197,0.015058498682569366,0.004583333333333495,0.008035082013472727,0.3229795985334726,0.09915333497196249,0.11905504241340333,0.0,0.9999999987499999,0.6447526266209609,0.32507221542205544,0.31267896936359935,0.45142858318474904,happy,03,05,05,male,strong,556
100,3.336666666666667,True,1.0,0.3543535998230586,0.34386317362739394,0.34910838672522626,0.8321438947312304,-0.0899537037037037,-0.08666666666666673,0.4477834827605391,0.21633307652783948,0.22778615134956812,0.41952886866757927,0.010490426195664648,0.0032870370370369772,0.015693793955914685,0.34521871789643843,0.09753638389322576,0.12006636865263318,0.0,0.9999999987499999,0.6459391942323804,0.32554319636262163,0.31598246243449357,0.46762230922700276,happy,03,05,05,male,strong,556
110,3.6703333333333332,True,1.0,0.4279423197050058,0.43335281062730435,0.4306475651661551,0.8217909570158465,-0.09046296296296302,-0.0905555555555555,0.45644152431066165,0.21090291469842198,0.22916966291838617,0.5240354149551089,0.005410490922298561,9.259259259247754e-05,0.017120263906741824,0.3343049645810471,0.09791381422870064,0.11975877440668109,0.0,0.9999999987499999,0.6462900283707234,0.32686602308505014,0.3176509801529108,0.4688189419119438,happy,03,05,05,male,strong,556
120,4.0040000000000004,True,1.0,0.348397682720814,0.38424189521358587,0.36631978896719997,0.9171613085963743,-0.08837962962962964,-0.094212962962963,0.44787927486297624,0.21508993081238953,0.22988799451118624,0.3994060647061274,0.035844212492771865,0.005833333333333357,0.022047449323042253,0.3193751431214801,0.09948730209725154,0.11909648011871435,0.0,0.9999999987499999,0.6465538924163415,0.32804975292582594,0.3177041578784797,0.4706382985852679,happy,03,05,05,male,strong,556
0,0.0,True,1.0,0.27791017720632866,0.2978524569966957,0.2878813171015122,0.7031667504823403,-0.06384259259259267,-0.06657407407407406,0.49149587418239515,0.0,0.2256957966038556,0.40940689659179524,0.019942279790367057,0.0027314814814813904,0.02195706036970796,0.4180472863847061,0.11057671987943364,0.11843314099626212,0.0,0.9999999987499999,0.5805509658550921,0.31143494927286575,0.3253237483523024,0.44333046926794495,happy,03,05,05,male,strong,557
10,0.33366666666666667,True,1.0,0.28217518095539235,0.2865972005398136,0.28438619074760296,0.7214363097608331,-0.06805555555555554,-0.07064814814814807,0.4888594552101106,0.015237309014769659,0.22639192190394358,0.3941944519563775,0.004422019584421233,0.0025925925925925353,0.020236141492724808,0.41209614154782365,0.11237081728693792,0.11722086474300848,0.0,0.9999999987499999,0.5802297008959834,0.31211612010175155,0.3296440293941177,0.44516015757387645,happy,03,05,05,male,strong,557
20,0.6673333333333333,True,1.0,0.31530625021153924,0.3208155812159565,0.31806091571374784,0.8422424764946359,-0.0859259259259259,-0.09120370370370368,0.4720584357399969,0.09876009503373613,0.24513920011611698,0.3776358051157653,0.0055093310044172505,0.00527777777777777,0.02286381588364955,0.3471468946972605,0.10700133393470551,0.11914139180478682,0.0,0.9999999987499999,0.5942344441057674,0.3097191009391394,0.34863438625885756,0.45504852254141537,happy,03,05,05,male,strong,557
30,1.0010000000000001,True,1.0,0.42972850749356273,0.4164280518094594,0.42307827965151107,1.0055716905061602,-0.08273148148148146,-0.07412037037037034,0.48735071106339467,0.2234459490967517,0.21875,0.42073407957472647,0.013300455684103318,0.008611111111111125,0.0070493415520495595,0.295435470949509,0.10834189682719243,0.12048092487028439,0.0,0.9999999987499999,0.5982191916532237,0.30649285667921194,0.3671472473437044,0.47923765758005277,happy,03,05,05,male,strong,557
40,1.3346666666666667,True,1.0,0.4444598902934888,0.4128006769190275,0.42863028360625816,1.0446075843327456,-0.0827314814814814,-0.07249999999999995,0.38958579683805494,0.31210102054559186,0.2208502613033359,0.4103266049710432,0.031659213374461315,0.010231481481481453,0.008217545293371861,0.28229894873675404,0.1099471841922174,0.11805343226353622,0.0,0.9999999987499999,0.5963535155546594,0.3057589881131773,0.3448274364114173,0.4471688477025706,happy,03,05,05,male,strong,557
50,1.6683333333333334,True,1.0,0.39490452948298227,0.41510599206416815,0.40500526077357524,1.292482692243176,-0.08976851851851853,-0.08550925925925923,0.36796065737027384,0.48467268970447214,0.2215308773471006,0.31335449457405573,0.02020146258118588,0.004259259259259296,0.015800683372418068,0.22851170237031943,0.09705519217610827,0.12077158867381264,0.0,0.9999999987499999,0.6422703548997725,0.32592910905563044,0.31013657932240574,0.455081314715749,happy,03,05,05,male,strong,557
60,2.0020000000000002,True,1.0,0.39507608419750545,0.37046282612897136,0.3827694551632384,0.9783753234616749,-0.08486111111111111,-0.0755555555555556,0.46832653465954305,0.3050624589086124,0.2118232049867015,0.39122967023424965,0.024613258068534094,0.009305555555555511,0.016779715571315607,0.29634928585126435,0.09597350948297159,0.1197385696682812,0.0,0.9999999987499999,0.642653922623737,0.32787599997985084,0.3233621248233123,0.4804358014448089,happy,03,05,05,male,strong,557
70,2.3356666666666666,True,1.0,0.4365711153007299,0.45156504421265464,0.44406807975669227,0.9010246862938008,-0.09046296296296291,-0.09393518518518523,0.40363397697731257,0.28612795174993844,0.2326716815869935,0.4928478503550048,0.014993928911924748,0.003472222222222321,0.02830100441685776,0.3040452702306269,0.09899504510817843,0.12014196472992866,0.0,0.9999999987499999,0.6490443124906211,0.3248084379428828,0.3178467620719786,0.4660883289632852,happy,03,05,05,male,strong,557
80,2.6693333333333333,True,1.0,0.34014402908579555,0.36227851213016915,0.35121127060798235,0.7252159640846121,-0.08782407407407405,-0.09120370370370373,0.4270396748541685,0.14618883185713577,0.2347430238152739,0.4842850792057385,0.0221344830443736,0.003379629629629677,0.023592561474152705,0.39005676054113064,0.11134973792843467,0.11835231945216944,0.0,0.9999999987499999,0.6083543550545218,0.3012344507758948,0.34914896630058223,0.45526198379867466,happy,03,05,05,male,strong,557
90,3.003,True,1.0,0.34839768272081484,0.3519979266866624,0.3501978047037386,0.7867282483778515,-0.08402777777777781,-0.09074074074074073,0.4743257261219571,0.16771747473387616,0.22714917456231332,0.44513185515558723,0.0036002439658475716,0.006712962962962921,0.038355869102698975,0.35451306489970724,0.10790330665641193,0.11896742792814845,0.0,0.9999999987499999,0.6215180957773736,0.3052937560022451,0.3524831438521097,0.4510315956356315,happy,03,05,05,male,strong,557
100,3.336666666666667,True,1.0,0.2913152894564448,0.2887538755665967,0.29003458251152076,0.7665380448562116,-0.0836574074074074,-0.09087962962962964,0.4857010598974505,0.17079395418276117,0.2222994564203281,0.378369455316371,0.0025614138898480965,0.007222222222222241,0.03800894970298582,0.3743956958848355,0.09844976246536584,0.11931857916938321,0.0,0.9999999987499999,0.6486931110022133,0.3272265104371358,0.31717674700299975,0.47419463993099914,happy,03,05,05,male,strong,557
110,3.6703333333333332,True,1.0,0.31101262339552566,0.2773694653781475,0.2941910443868366,0.7467814882082079,-0.08087962962962969,-0.08736111111111106,0.4835129639495638,0.15540883315246068,0.223687865758821,0.3939452825654592,0.03364315801737816,0.006481481481481366,0.04083670709901425,0.3863984599712094,0.09903790699069051,0.11978896330180093,0.0,0.9999999987499999,0.6481021689300721,0.3272707471788749,0.31535694505880213,0.4724642565552265,happy,03,05,05,male,strong,557
0,0.0,True,1.0,0.3349876982983961,0.3124083611867962,0.32369802974259615,0.7650310854771762,-0.08162037037037029,-0.08703703703703702,0.4982523707125934,0.08441545191850858,0.24169823451328784,0.42311748618775996,0.022579337111599873,0.005416666666666736,0.025834596193207573,0.3799298975501976,0.10773543263963661,0.11636873266171376,0.0,0.9999999987499999,0.5904787254667492,0.3068659412607398,0.3455331409525816,0.44957970705650585,happy,03,05,05,male,strong,558
10,0.33366666666666667,True,1.0,0.3487829015817904,0.35963001820902935,0.3542064598954099,0.7351020543379777,-0.08560185185185182,-0.09106481481481477,0.5006746961346321,0.07448422228103628,0.24586436619982224,0.4818466467413196,0.010847116627238917,0.005462962962962947,0.018214792292291317,0.38780355641761716,0.09676249680723312,0.11910188411887045,0.0,0.9999999987499999,0.6308302251447454,0.330689737550515,0.32014603733340263,0.4685739281182824,happy,03,05,05,male,strong,558
20,0.6673333333333333,True,1.0,0.3717378707727562,0.39368700893694925,0.3827124398548527,0.7513749933859885,-0.08662037037037024,-0.09217592592592588,0.4644492121539946,0.08994205427975017,0.2507093561914857,0.5093494503060334,0.021949138164193027,0.005555555555555647,0.021391248982575634,0.37231242031991857,0.09785238811854442,0.11852998617991646,0.0,0.9999999987499999,0.6315064741834233,0.33080794516537687,0.32111018698262145,0.47086944988025237,happy,03,05,05,male,strong,558
30,1.0010000000000001,True,1.0,0.3890725950312055,0.39584329277284686,0.39245794390202615,0.9553401376780348,-0.08620370370370373,-0.08504629629629629,0.4416668729039816,0.1777338982811753,0.2493132060844949,0.41080441240111576,0.006770697741641352,0.0011574074074074403,0.01252046006329242,0.30762604506643937,0.10793014355001802,0.12005908645944198,0.0,0.9999999987499999,0.5898364655158939,0.3071660388914175,0.3552568282933144,0.4547513939050714,happy,03,05,05,male,strong,558
40,1.3346666666666667,True,1.0,0.36070459354057866,0.36582352153253767,0.36326405753655816,0.7841110230215703,-0.08856481481481482,-0.08907407407407414,0.45067905269628267,0.11434952419064617,0.2513916202815951,0.46328140642216814,0.00511892799195901,0.0005092592592593204,0.010839943973751067,0.3596432841852722,0.11048994413505993,0.12042773551747749,0.0,0.9999999987499999,0.5910759580082033,0.3052649122585385,0.3536519186611979,0.4502145025394574,happy,03,05,05,male,strong,558
50,1.6683333333333334,True,1.0,0.3300084359708603,0.3493663770525713,0.3396874065117158,0.7822027333879855,-0.08898148148148144,-0.0881481481481482,0.4783659536073655,0.15745219315261974,0.24514666945105465,0.4342702882671023,0.01935794108171096,0.0008333333333332416,0.020383459912968267,0.35794499455873957,0.11260006224169257,0.11813503005086863,0.0,0.9999999987499999,0.5952945148450005,0.30376630651499964,0.36217532711801653,0.45102387863059945,happy,03,05,05,male,strong,558
60,2.0020000000000002,True,1.0,0.3811240039573705,0.4025634337382087,0.39184371884778957,0.6367341071826039,-0.09087962962962964,-0.09277777777777779,0.41443953597226224,0.16215046436593905,0.24236237028584875,0.6153961511212337,0.021439429780838182,0.0018981481481481488,0.02131480282954741,0.4142515971078716,0.10941151356211395,0.11887104262966004,0.0,0.9999999987499999,0.5934196606142458,0.3009945548591065,0.34086795326504715,0.43572733317614554,happy,03,05,05,male,strong,558
70,2.3356666666666666,True,1.0,0.35863883444140343,0.36953802622594306,0.3640884303336732,0.7946975373552155,-0.08851851851851861,-0.09222222222222232,0.39159663795733174,0.1986667112217121,0.2423639442450712,0.45814717325710325,0.01089919178453963,0.003703703703703709,0.01788279288981596,0.3518959596234494,0.11009108461181763,0.11856375947103782,0.0,0.9999999987499999,0.5989682396630527,0.30130112937349646,0.3403088096087281,0.44256137413860586,happy,03,05,05,male,strong,558
80,2.6693333333333333,True,1.0,0.35308585520820174,0.38023749087427017,0.366661673041236,0.8459426260069187,-0.08532407407407405,-0.08763888888888888,0.45885002623952925,0.16060573364115752,0.24097348865441312,0.4334356276287668,0.02715163566606843,0.002314814814814825,0.01830477395576894,0.3346179715268594,0.11118212127253049,0.11786498960923832,0.0,0.9999999987499999,0.5969311843643708,0.30331895165526535,0.35034619023558616,0.45729105656251445,happy,03,05,05,male,strong,558
90,3.003,True,1.0,0.33555627063369287,0.3365388274072163,0.3360475490204546,0.7978979027626564,-0.08550925925925928,-0.08856481481481482,0.4897677503290535,0.13128634364836642,0.23615020627746455,0.4211661013983335,0.0009825567735234353,0.0030555555555555336,0.02085378608393751,0.3633166301313371,0.09905001614262819,0.12120203207667406,0.0,0.9999999987499999,0.6394958715048519,0.3267333476972544,0.3237757676596497,0.4746040852085808,happy,03,05,05,male,strong,558
100,3.336666666666667,True,1.0,0.3389987512237712,0.3580068145339816,0.34850278287887637,0.7727398420656204,-0.08074074074074078,-0.08587962962962964,0.4942159217055759,0.11535995742328582,0.23129750356683484,0.4509962653760537,0.019008063310210377,0.0051388888888888595,0.02024512579282399,0.3660258636433557,0.10970087877793051,0.11972321789669267,0.0,0.9999999987499999,0.6021004959171168,0.30677201331420156,0.3465642477426071,0.4613195422625631,happy,03,05,05,male,strong,558
0,0.0,True,1.0,0.3949225760779052,0.36214805327570204,0.3785353146768036,0.6876766944472158,-0.08513888888888893,-0.07643518518518516,0.4690088739999525,0.09521677307730729,0.23472222222222228,0.5504553487610725,0.032774522802203165,0.008703703703703769,0.011781841144327634,0.3983740994052238,0.1124047364523527,0.1179984180814265,0.0,0.9999999987499999,0.5976178717893408,0.3052558548140853,0.3571452525594176,0.4595425895613555,happy,03,05,05,male,strong,559
10,0.33366666666666667,True,1.0,0.3883265299247276,0.3896656750815988,0.3889961025031632,0.6552214374593543,-0.08263888888888893,-0.07708333333333339,0.44662525379186474,0.06107718875983791,0.2340359277309161,0.5936864703504057,0.0013391451568711688,0.005555555555555536,0.013580521696478382,0.4198147137748051,0.10891292719389244,0.11884808169610998,0.0,0.9999999987499999,0.6013601774069003,0.3043725084110912,0.35620518811177176,0.4567005079012425,happy,03,05,05,male,strong,559
20,0.6673333333333333,True,1.0,0.4372235488301811,0.4315232106004572,0.43437337971531914,0.5144791467355547,-0.08805555555555561,-0.08087962962962963,0.4260431572909288,0.1052343709231822,0.23820245183763983,0.8442973490208139,0.0057003382297239336,0.0071759259259259744,0.016632236493052198,0.5501855229222813,0.10698068842845103,0.11819672298046305,0.0,0.9999999987499999,0.5991282040941377,0.30140064055882504,0.3493156569627349,0.448446134476882,happy,03,05,05,male,strong,559
30,1.0010000000000001,True,1.0,0.4792177558617642,0.45891530328603686,0.4690665295739005,1.0130154988523195,-0.08620370370370367,-0.08347222222222223,0.41123347989785597,0.22643875856698914,0.23820245183763994,0.46303983513117253,0.020302452575727326,0.002731481481481446,0.01519195672944283,0.2848019177480044,0.10899154823942062,0.11989354560626726,0.0,0.9999999987499999,0.5927633084561951,0.30452315619714865,0.35934353956335885,0.46376732447130925,happy,03,05,05,male,strong,559
40,1.3346666666666667,True,1.0,0.40292567519997363,0.3900337018921823,0.39647968854607796,0.7926834764782019,-0.08787037037037032,-0.08282407407407405,0.40899477385214694,0.17155090162587985,0.24098773555796713,0.5001740294973599,0.012891973307791349,0.005046296296296271,0.022769788576550442,0.3538732082171157,0.10853483388480953,0.11806927811152626,0.0,0.9999999987499999,0.5922835264652736,0.30220748039814477,0.3560398114669046,0.4532226453312225,happy,03,05,05,male,strong,559
50,1.6683333333333334,True,1.0,0.38097235100168525,0.36396570302908937,0.3724690270153873,0.9097347145088646,-0.08416666666666661,-0.07314814814814813,0.4521663450658165,0.25991837656057554,0.2263942808875606,0.4094259799863424,0.01700664797259588,0.011018518518518483,0.002466358822361458,0.32833352686920964,0.10892758866228992,0.12011038357033287,0.0,0.9999999987499999,0.5965709033691602,0.3031040073372013,0.36338155421203533,0.4622688326517774,happy,03,05,05,male,strong,559
60,2.0020000000000002,True,1.0,0.3872739369090358,0.4171096420332651,0.4021917894711504,0.8346900376575279,-0.0926851851851852,-0.09217592592592594,0.4092905065922206,0.20866577246654747,0.24514168991971694,0.4818456808228603,0.02983570512422934,0.0005092592592592649,0.007723213269441671,0.33748910388387743,0.11187450119742745,0.11834037130535224,0.0,0.9999999987499999,0.5963252088179022,0.3004814774524802,0.35332967857722974,0.4482831412190817,happy,03,05,05,male,strong,559
70,2.3356666666666666,True,1.0,0.3808007962871615,0.38167824046840526,0.38123951837778336,0.7584824612580522,-0.09083333333333327,-0.0938888888888888,0.42263748791175,0.17500820370182663,0.2451388888888889,0.5026345866263576,0.0008774441812437472,0.0030555555555555336,0.014951960320887943,0.3723775072333792,0.11055468208354627,0.11861444297767677,0.0,0.9999999987499999,0.596849096857493,0.30101019491754083,0.3518534874946899,0.45136940640606427,happy,03,05,05,male,strong,559
80,2.6693333333333333,True,1.0,0.3587862385693144,0.35980103537592373,0.35929363697261907,0.7606275365490465,-0.08634259259259269,-0.08652777777777776,0.47855516491792155,0.1335620323899063,0.23821013868187513,0.4723647510879344,0.0010147968066093194,0.0001851851851850661,0.022188730870381066,0.3808513110528974,0.11010413149367493,0.11855164359430909,0.0,0.9999999987499999,0.597681681696116,0.3041786803750174,0.3585783266552469,0.46027090454887304,happy,03,05,05,male,strong,559
90,3.003,True,1.0,0.35846451497046655,0.379405887244023,0.36893520110724476,0.7752243759631811,-0.08824074074074079,-0.09180555555555558,0.47842477779126485,0.13433822510630994,0.2395989365956195,0.47590763725516183,0.02094137227355647,0.0035648148148147984,0.021826045665381093,0.37585182706677434,0.09815414062045091,0.1186019395213611,0.0,0.9999999987499999,0.6411585431750826,0.32732984615846256,0.329662708366397,0.47893913242447844,happy,03,05,05,male,strong,559
100,3.336666666666667,True,1.0,0.3247744082685037,0.2825872572753607,0.3036808327719322,0.7658234815645546,-0.08453703703703702,-0.07944444444444443,0.486732303450111,0.14795521197510172,0.2285286495839769,0.3965415530893899,0.04218715099314296,0.005092592592592593,0.02321489919946067,0.3981136499180485,0.09703349951508042,0.11967981993004706,0.0,0.9999999987499999,0.6428310365943253,0.32748319931128805,0.3277855074893439,0.4792996190395332,happy,03,05,05,male,strong,559
0,0.0,True,1.0,0.5484203450324379,0.5550730823584217,0.5517467136954297,0.5428051714658565,-0.06453703703703706,-0.06837962962962962,0.3817152040659048,0.1257600949328125,0.19099778869268047,1.016472839058306,0.006652737325983815,0.003842592592592564,0.029666924172973733,0.4670566790225783,0.10544644587410916,0.1143549463344395,0.0,0.9999999987499999,0.6264536266694178,0.3049389578388799,0.306115427083867,0.4092989092314187,sad,04,05,05,male,normal,560
10,0.33366666666666667,True,1.0,0.5128998345577315,0.5093974742174289,0.5111486543875802,0.7075866658558188,-0.06657407407407412,-0.07037037037037025,0.3807225925440811,0.20021527764084984,0.19170646807078162,0.7223831073319494,0.0035023603403026016,0.003796296296296131,0.03202502638392657,0.3718573781339885,0.09597577979458266,0.11601938841625012,0.0,0.9999999987499999,0.6573191341536614,0.3258661448931462,0.2818474028027465,0.43463346639631506,sad,04,05,05,male,normal,560
20,0.6673333333333333,True,1.0,0.5749385464737136,0.579782014635943,0.5773602805548284,0.7578030649070342,-0.0681018518518518,-0.07166666666666666,0.3733403065212167,0.2299429823967848,0.19171482531582354,0.7618869694406128,0.0048434681622294695,0.003564814814814854,0.032559858414306815,0.3432243952874167,0.1065635169662645,0.11580925162960679,0.0,0.9999999987499999,0.631817262592537,0.30471845437378337,0.30184267195895603,0.40841904827286196,sad,04,05,05,male,normal,560
30,1.0010000000000001,True,1.0,0.535655954972143,0.5333099373214821,0.5344829461468126,0.818925152969383,-0.07254629629629633,-0.07550925925925928,0.3727076381601159,0.25240211489060593,0.19799220734919576,0.6526639757110931,0.002346017650660892,0.002962962962962945,0.028848121713004205,0.32841814149531895,0.09635799397810751,0.11749948602142744,0.0,0.9999999987499999,0.658007176143895,0.3257489614784546,0.2813638848217792,0.4348662619246677,sad,04,05,05,male,normal,560
40,1.3346666666666667,True,1.0,0.49878145468976803,0.5171300301036715,0.5079557423967198,0.7445554241795651,-0.08069444444444451,-0.08560185185185193,0.3710761647424547,0.22994298239678457,0.2077329311375843,0.6822269046746151,0.0183485754139035,0.004907407407407416,0.04406315760621072,0.3493312791136685,0.10852474992495587,0.11807854696710081,0.0,0.9999999987499999,0.6339316690348015,0.3052083737639172,0.31011831271431073,0.41474055552635963,sad,04,05,05,male,normal,560
50,1.6683333333333334,True,1.0,0.5272545855135706,0.5486032283890052,0.5379289069512879,0.8772279109262053,-0.08143518518518522,-0.08689814814814817,0.3674344228990233,0.28766269310161485,0.20849476980860548,0.6132145366684986,0.021348642875434587,0.005462962962962947,0.039764587874944864,0.31097600332708897,0.106998417245823,0.1180193534087956,0.0,0.9999999987499999,0.6307174857990072,0.3057049542917937,0.3093078699682499,0.4117301753012184,sad,04,05,05,male,normal,560
60,2.0020000000000002,True,1.0,0.5412543928303905,0.5470232167909521,0.5441388048106712,0.7223693145540833,-0.08481481481481479,-0.08800925925925929,0.3863069560438927,0.21004495842606688,0.21054751919608725,0.7532695448817157,0.005768823960561664,0.0031944444444444997,0.03356816421050627,0.34945902212595026,0.10563923794650996,0.11779068278037963,0.0,0.9999999987499999,0.6319244649578581,0.3049675798750711,0.31064272278181665,0.4160965464986171,sad,04,05,05,male,normal,560
70,2.3356666666666666,True,1.0,0.5484203450324384,0.5617150829992613,0.5550677140158499,0.799168329576627,-0.08342592592592596,-0.08833333333333337,0.3732288185758033,0.25048424536884056,0.21194958957367083,0.6945566953459059,0.0132947379668229,0.004907407407407416,0.03443285511766619,0.31494606056054186,0.10836008367035797,0.11790695048076998,0.0,0.9999999987499999,0.628632361147584,0.30566670934749973,0.3160737127980598,0.4187649744977384,sad,04,05,05,male,normal,560
80,2.6693333333333333,True,1.0,0.5130184071088757,0.5542421639221178,0.5336302855154967,0.6051751076212664,-0.0796296296296296,-0.08597222222222228,0.38538644474223255,0.17739365897251086,0.2070067400833494,0.881778313078693,0.041223756813242085,0.006342592592592677,0.03143404498506131,0.4175288934610353,0.10620783729845262,0.11629946326347047,0.0,0.9999999987499999,0.6307880496651785,0.3057112665995321,0.3143476804233178,0.41979574500509476,sad,04,05,05,male,normal,560
90,3.003,True,1.0,0.5344783226875736,0.5589191614582774,0.5466987420729255,0.6358119828760187,-0.07773148148148151,-0.08370370370370361,0.3841229920580177,0.19194961858166235,0.20705096229385256,0.8598434077948637,0.0244408387707038,0.005972222222222101,0.028724888519360937,0.4120126824378409,0.10621527030452577,0.11661987012523446,0.0,0.9999999987499999,0.6288003807069703,0.3061132426136751,0.3136600225879786,0.41993950857363493,sad,04,05,05,male,normal,560
0,0.0,True,1.0,0.5698541124658861,0.6075778530057976,0.5887159827358419,0.8858619355916305,-0.06481481481481483,-0.06865740740740744,0.35823770509658703,0.3092993020575164,0.18613734526959475,0.6645685507896475,0.037723740539911454,0.0038425925925926196,0.02296935911251049,0.33068553684270596,0.10512179832037931,0.11564617547043254,0.0,0.9999999987499999,0.6301914668992596,0.3061040904490212,0.30552832869978575,0.4050309140581474,sad,04,05,05,male,normal,561
10,0.33366666666666667,True,1.0,0.5469090265317426,0.5531049839996307,0.5500070052656867,0.89216090653591,-0.06319444444444444,-0.06791666666666668,0.3558784666989531,0.332578143606128,0.18683863413534257,0.6164885742430237,0.006195957467888147,0.004722222222222239,0.022463307280948457,0.3227866788954335,0.10741997855473266,0.11484951097584895,0.0,0.9999999987499999,0.6271094716871124,0.3070761141191289,0.30557948522794354,0.40449607077349214,sad,04,05,05,male,normal,561
20,0.6673333333333333,True,1.0,0.5187516808225798,0.5414114381300513,0.5300815594763155,0.8290230203505103,-0.0647685185185185,-0.06893518518518521,0.36155434819143367,0.3159232029431749,0.18615210035902058,0.6394051147725638,0.022659757307471495,0.004166666666666707,0.023430797283776485,0.3433889731431558,0.10720792127608099,0.11636475050351658,0.0,0.9999999987499999,0.6287568432372949,0.30605858962742705,0.30480512630393164,0.4065980407021214,sad,04,05,05,male,normal,561
30,1.0010000000000001,True,1.0,0.550250376953011,0.5762110898752921,0.5632307334141515,0.9539032206316503,-0.06509259259259259,-0.06944444444444453,0.36041338969872305,0.3505078924476887,0.18826294450387399,0.5904485080165622,0.025960712922281082,0.00435185185185194,0.027430812046669136,0.2979939228345288,0.1057107064580302,0.11626093305866163,0.0,0.9999999987499999,0.6293170319455907,0.3065694898537635,0.3052037917635252,0.4044452106570124,sad,04,05,05,male,normal,561
40,1.3346666666666667,True,1.0,0.5535926385073592,0.5476046951111175,0.5505986668092384,0.9975624892338608,-0.06509259259259254,-0.06916666666666665,0.3533014202754097,0.3703319529892143,0.1875687536705291,0.5519440363401238,0.005987943396241646,0.004074074074074119,0.028835197954909852,0.29054317440962546,0.10710958393884773,0.11563438431158851,0.0,0.9999999987499999,0.6289677270908364,0.3066556965330673,0.3067085731056549,0.4076177488854247,sad,04,05,05,male,normal,561
50,1.6683333333333334,True,1.0,0.5469031931834283,0.5539240439052466,0.5504136185443375,0.9757105705957421,-0.07263888888888886,-0.0781944444444444,0.35919914448505164,0.3552539518555929,0.19801532628674082,0.5641156661941974,0.00702085072181835,0.005555555555555536,0.028737511605623284,0.290543174409626,0.10500385422550143,0.11706260103562612,0.0,0.9999999987499999,0.6286049351928272,0.3070078175920425,0.3083109657931596,0.4091481913722239,sad,04,05,05,male,normal,561
60,2.0020000000000002,True,1.0,0.5392885961404307,0.5419282870642771,0.5406084416023539,0.8722902931957046,-0.07023148148148145,-0.07439814814814805,0.3635787333589969,0.3045000927970465,0.19316973218197206,0.6197574887848311,0.002639690923846416,0.004166666666666596,0.030738626768027126,0.3139957361780224,0.10491106392251916,0.11418081964621712,0.0,0.9999999987499999,0.6312462914775285,0.30572389280533785,0.30768567836801086,0.4069247593785033,sad,04,05,05,male,normal,561
70,2.3356666666666666,True,1.0,0.518868395135927,0.5249574147147056,0.5219129049253163,0.788296735995087,-0.06949074074074074,-0.07217592592592592,0.3663330701107748,0.2972097774720022,0.191744669646052,0.6620767042330733,0.0060890195787786094,0.0026851851851851793,0.028496862189991062,0.3456885482496297,0.10663610001415946,0.11391735891704284,0.0,0.9999999987499999,0.6306841563031463,0.3053170042360074,0.3082764072054248,0.41087419537445025,sad,04,05,05,male,normal,561
80,2.6693333333333333,True,1.0,0.5328828774855221,0.5619053585696105,0.5473941180275663,0.8355205711756925,-0.06953703703703706,-0.07199074074074063,0.35114391928834066,0.3167875425748275,0.19175620820850034,0.6551533701406148,0.029022481084088447,0.002453703703703569,0.02499268164302925,0.3300521601456191,0.10532587664665094,0.11529521301710839,0.0,0.9999999987499999,0.6285957371151586,0.30696208475322223,0.3066888562990555,0.4080663549835944,sad,04,05,05,male,normal,561
90,3.003,True,1.0,0.5429172075158731,0.5501098786908344,0.5465135431033538,0.7008352263715205,-0.06717592592592586,-0.07124999999999998,0.37258149066086776,0.26095266599379374,0.18965133174141804,0.779803187024222,0.0071926711749612515,0.004074074074074119,0.025522871080349226,0.37530688079052016,0.1055435824393829,0.11608489275951231,0.0,0.9999999987499999,0.632734409083946,0.30636896495784505,0.30729447808236443,0.4125271340419734,sad,04,05,05,male,normal,561
100,3.336666666666667,True,1.0,0.5500093959352367,0.5390341059452871,0.5445217509402619,0.6978539318585412,-0.06870370370370366,-0.07101851851851843,0.3651754347327138,0.2789827285817625,0.19034552810498334,0.78028040838013,0.010975289989949566,0.0023148148148147696,0.02233707346656019,0.4067389302996602,0.10698053176342734,0.11641028914956457,0.0,0.9999999987499999,0.6336677334683875,0.3059250114540465,0.3089750317699401,0.4146726209741136,sad,04,05,05,male,normal,561
0,0.0,True,1.0,0.6046454396111346,0.575518141908279,0.5900817907597068,0.6348216645831727,-0.06722222222222218,-0.07222222222222224,0.39468705433321005,0.13323668870102154,0.19794133618182047,0.9295237130055378,0.029127297702855603,0.00500000000000006,0.02413046033591624,0.39403325892607377,0.09815770293025787,0.11955895792341124,0.0,0.9999999987499999,0.6516851562656313,0.3246197694330855,0.28416661175398583,0.4344788652880143,sad,04,05,05,male,normal,562
10,0.33366666666666667,True,1.0,0.5397956190493096,0.5584365590458108,0.5491160890475602,0.7395543941324044,-0.06694444444444442,-0.07074074074074072,0.3847945745038757,0.19458168213346078,0.1986299329492682,0.742495877793744,0.018640939996501182,0.0037962962962962976,0.02638385349075266,0.37533706054298854,0.0968367155780128,0.1190415478085205,0.0,0.9999999987499999,0.652534671962535,0.3247224414960247,0.28280207132952756,0.4328995400150352,sad,04,05,05,male,normal,562
20,0.6673333333333333,True,1.0,0.5397956190493091,0.539562409068292,0.5396790140588006,0.5794209768100891,-0.0666666666666666,-0.07124999999999998,0.3788700271687908,0.1250920346923213,0.19796330488050076,0.9314109009824229,0.00023320998101705737,0.004583333333333384,0.028092283058994822,0.4474066228129553,0.0971781148527792,0.11924330348001422,0.0,0.9999999987499999,0.6514338117825255,0.32388760629478935,0.28371492579823027,0.43460776385661476,sad,04,05,05,male,normal,562
30,1.0010000000000001,True,1.0,0.5188748761838654,0.5199278509739852,0.5194013635789253,0.8618017162077818,-0.06921296296296292,-0.0730555555555556,0.3748374760237739,0.2187322921819001,0.20215731705202666,0.6026924219465082,0.0010529747901197872,0.003842592592592675,0.029057289131257255,0.3201443606665961,0.09533925871195184,0.11686951030440004,0.0,0.9999999987499999,0.6521734803608944,0.325004725773525,0.28683970121607255,0.4347510496240425,sad,04,05,05,male,normal,562
40,1.3346666666666667,True,1.0,0.5537459945028946,0.5370890942264471,0.5454175443646709,0.7112116214129799,-0.07347222222222222,-0.0748611111111111,0.3783272515834568,0.17113407139490186,0.20425072840303024,0.7668850282298225,0.016656900276447506,0.001388888888888884,0.023688108009967238,0.3960729304920079,0.09454455249035089,0.1173510985759849,0.0,0.9999999987499999,0.6521589999280963,0.32399011582434983,0.28470473952054726,0.43429127320222694,sad,04,05,05,male,normal,562
50,1.6683333333333334,True,1.0,0.5271360129624264,0.5321764894188019,0.5296562511906142,0.8419240607423435,-0.08106481481481481,-0.08407407407407402,0.37681405001143686,0.22355838004972678,0.21325491435249727,0.6291021671522302,0.005040476456375509,0.0030092592592592116,0.028296445542550668,0.33386833775997043,0.094389423710174,0.11763797593444096,0.0,0.9999999987499999,0.6520813117278161,0.3240417640901088,0.2888302794717402,0.4367357315588444,sad,04,05,05,male,normal,562
60,2.0020000000000002,True,1.0,0.5201851898240043,0.5013952513764859,0.510790220600245,0.7294507413547857,-0.0848148148148149,-0.08856481481481476,0.37692815293681564,0.1922192870689436,0.21816888821553931,0.700239497531486,0.018789938447518417,0.0037499999999998646,0.02740716935550249,0.3684570914379505,0.0983359837836009,0.11909284387521979,0.0,0.9999999987499999,0.6494474047118848,0.3246149591889139,0.2913427714615246,0.43980822661180885,sad,04,05,05,male,normal,562
70,2.3356666666666666,True,1.0,0.535303362094693,0.540839546319903,0.538071454207298,0.6096420469412986,-0.08083333333333337,-0.08509259259259261,0.3941119518439296,0.12062519563953897,0.21678072543703453,0.8826022694906211,0.005536184225210072,0.00425925925925924,0.03293121518601233,0.43397478359787645,0.09590532348153456,0.11963404435399207,0.0,0.9999999987499999,0.6507343537962059,0.32433512829103195,0.28804411618168313,0.4391713264330572,sad,04,05,05,male,normal,562
80,2.6693333333333333,True,1.0,0.528514131038106,0.5060857986024077,0.5172999648202568,0.6086747436342899,-0.0799999999999999,-0.08416666666666661,0.39350601973841776,0.14573828832039798,0.21607428970609985,0.8498791353351539,0.022428332435698306,0.004166666666666707,0.03260563281770922,0.4353222136034521,0.09759663748476986,0.11906112602645523,0.0,0.9999999987499999,0.650811707393895,0.32424605815102586,0.2896755027677882,0.4398942105349222,sad,04,05,05,male,normal,562
90,3.003,True,1.0,0.5645977958346085,0.5539240439052485,0.5592609198699285,0.6050623938348768,-0.07708333333333328,-0.08189814814814816,0.38978386522353314,0.15438453774229735,0.21190962994774012,0.924302891021438,0.010673751929359931,0.004814814814814883,0.033857167628387495,0.4310983137008068,0.09871154829661252,0.1191020961054188,0.0,0.9999999987499999,0.650881854171356,0.3241182305319795,0.2888843524146997,0.43927708910647356,sad,04,05,05,male,normal,562
0,0.0,True,1.0,0.5354147698897028,0.5563323251872457,0.5458735475384743,0.8395988977456835,-0.06814814814814818,-0.07314814814814807,0.36969591088799897,0.2775636232465532,0.19381653658425438,0.6501599144593215,0.02091755529754291,0.004999999999999893,0.024748998198448946,0.32695708806392154,0.11011455577320468,0.1162701221811491,0.0,0.9999999987499999,0.625560168755002,0.3034922387025043,0.30325338966718496,0.4064178838499732,sad,04,05,05,male,normal,563
10,0.33366666666666667,True,1.0,0.5484203450324383,0.5658181586971575,0.5571192518647978,0.7657784434350466,-0.06907407407407412,-0.0728240740740741,0.37221797700070813,0.24163658923467937,0.19379764094220966,0.7275201550016637,0.017397813664719153,0.0037499999999999756,0.02993918771879896,0.35671387717067915,0.10915922120161249,0.117816114863147,0.0,0.9999999987499999,0.6254850595003626,0.30375894469006803,0.30319554005559385,0.40942193417529593,sad,04,05,05,male,normal,563
20,0.6673333333333333,True,1.0,0.5354206309540692,0.5511265276678178,0.5432735793109436,0.7396850940117072,-0.0675,-0.07194444444444448,0.3716647173997263,0.23515765586921691,0.19380669533390738,0.7344660365730514,0.015705896713748557,0.004444444444444473,0.023671024206917645,0.3696639983966065,0.11085882022331937,0.11719777369668284,0.0,0.9999999987499999,0.6277433399375375,0.3031460967321885,0.30407364784923835,0.40889003815892294,sad,04,05,05,male,normal,563
30,1.0010000000000001,True,1.0,0.5764214265617349,0.5899723259533883,0.5831968762575617,0.7889704225307578,-0.07027777777777777,-0.07236111111111099,0.3811387368425723,0.22995474311251504,0.19588046757961872,0.7391872491073338,0.013550899391653437,0.002083333333333215,0.02273344183963385,0.3376739284798286,0.10790842744347687,0.11735034855470776,0.0,0.9999999987499999,0.6280407694327732,0.30383855168912544,0.30454380129672165,0.4095145816487529,sad,04,05,05,male,normal,563
40,1.3346666666666667,True,1.0,0.5484203450324384,0.5445721202917644,0.5464962326621015,0.6922159306186969,-0.06935185185185178,-0.07236111111111104,0.3825839196719168,0.19581094138128063,0.1945107434791823,0.7894880896104884,0.0038482247406740333,0.003009259259259267,0.024315793424932047,0.38373998686727634,0.10795365536372983,0.11665729948466372,0.0,0.9999999987499999,0.6282442586331407,0.30287875767215144,0.3047345079743425,0.409702096496955,sad,04,05,05,male,normal,563
50,1.6683333333333334,True,1.0,0.5213402122140426,0.523113187128162,0.5222266996711022,0.6924885002108049,-0.07726851851851851,-0.08148148148148143,0.3838438639320418,0.19581094138128052,0.20707749108711782,0.7541305011016469,0.0017729749141194295,0.004212962962962918,0.02819241827386305,0.3941426360415836,0.10943820303662541,0.11641702873042735,0.0,0.9999999987499999,0.6292664029283589,0.30294564357969095,0.30991686427355236,0.41663984083477873,sad,04,05,05,male,normal,563
60,2.0020000000000002,True,1.0,0.5002042064476369,0.5274095749360476,0.5138068906918423,0.7047226000365294,-0.0746296296296296,-0.07768518518518519,0.36959436738162044,0.20986517855227219,0.20216826132333857,0.7290909794367443,0.02720536848841071,0.003055555555555589,0.03162851911215024,0.38019861424382656,0.09598656127457705,0.11812611975182308,0.0,0.9999999987499999,0.6542826461600265,0.325382149926258,0.2840406377537206,0.43987875508276886,sad,04,05,05,male,normal,563
70,2.3356666666666666,True,1.0,0.542917207515875,0.5389551917906313,0.5409361996532531,0.7394147057943014,-0.07356481481481486,-0.07749999999999996,0.3743883262056463,0.22172007553383305,0.20079173919975934,0.731573493757016,0.003962015725243684,0.003935185185185097,0.027017156795812413,0.36979917665149215,0.10737160698902337,0.11588539019941434,0.0,0.9999999987499999,0.6287230404505552,0.303950611347965,0.30580495068579,0.4130538159949084,sad,04,05,05,male,normal,563
80,2.6693333333333333,True,1.0,0.5227315792877973,0.5438743996118824,0.5333029894498399,0.7789297506142688,-0.07328703703703704,-0.07500000000000001,0.3675036125437905,0.23213160170486719,0.20076893997186585,0.6846612149931028,0.0211428203240851,0.0017129629629629717,0.03233487328298608,0.33572321031770913,0.09722768083290906,0.11807879521028175,0.0,0.9999999987499999,0.655311234837685,0.32612712006067895,0.2858721498943651,0.43992048636609044,sad,04,05,05,male,normal,563
90,3.003,True,1.0,0.5484144955643568,0.5762060220281051,0.562310258796231,0.725983562851428,-0.07268518518518519,-0.07685185185185184,0.3746017106370769,0.24859523620460058,0.19729802879105024,0.7745495732543292,0.027791526463748273,0.004166666666666652,0.024027328296363167,0.3870032142480674,0.10948931165034484,0.11554746106704446,0.0,0.9999999987499999,0.6297750740530588,0.30313027443258617,0.30922196065366075,0.4166837711315442,sad,04,05,05,male,normal,563
100,3.336666666666667,True,1.0,0.534244249008438,0.5476106007799759,0.540927424894207,0.6899967592973514,-0.07050925925925933,-0.07527777777777783,0.37124937516759665,0.2434690401848309,0.19522683788910974,0.7839564716869872,0.013366351771537888,0.004768518518518505,0.03148866981179267,0.40845965857555483,0.10694558512211035,0.11512601721198047,0.0,0.9999999987499999,0.6314562226218613,0.3028455925988427,0.30891079606894567,0.4182223188733899,sad,04,05,05,male,normal,563
110,3.6703333333333332,True,1.0,0.5187516808225798,0.5384767104849952,0.5286141956537875,0.7037252687030143,-0.06976851851851856,-0.0746296296296296,0.3711070069521728,0.256995097972877,0.19518619083212763,0.7511655743555131,0.019725029662415405,0.004861111111111038,0.025040748920645024,0.38969247769580295,0.10979795667310792,0.11738349608335337,0.0,0.9999999987499999,0.6310617917792116,0.30302995033162505,0.30892379582960994,0.4174023449307174,sad,04,05,05,male,normal,563
0,0.0,True,1.0,0.4907785645895819,0.4984641363375816,0.49462135046358174,0.6709436315393318,-0.06282407407407409,-0.0666666666666666,0.3917741662575383,0.24195724701550864,0.19725355397916722,0.737202541633464,0.007685571747999664,0.0038425925925925086,0.030528034697550326,0.42810600456263903,0.11515184446996919,0.11415680676038784,0.0,0.9999999987499999,0.6135928783622824,0.3031940556912164,0.32281643311674374,0.4036434489982468,sad,04,05,05,male,strong,564
10,0.33366666666666667,True,1.0,0.5180310866901576,0.5131760225715694,0.5156035546308635,0.8732132470801511,-0.06819444444444445,-0.07208333333333333,0.38178679860099807,0.30988926599328115,0.2007404372956028,0.5904669407558093,0.00485506411858827,0.003888888888888886,0.030623225771175683,0.33531537286766006,0.11207375498849374,0.11603650125677682,0.0,0.9999999987499999,0.614718705857343,0.30282599823947415,0.32208399213533273,0.39984027587018517,sad,04,05,05,male,strong,564
20,0.6673333333333333,True,1.0,0.49694186733680995,0.49384854515717014,0.49539520624699007,0.866044302607785,-0.0734259259259259,-0.07652777777777786,0.3854808595721561,0.31361747294411335,0.2056282899951162,0.5720206284543219,0.0030933221796398125,0.0031018518518519667,0.03374296519383553,0.3353153728676589,0.11483792234240912,0.11480497942873397,0.0,0.9999999987499999,0.6143886804800045,0.3021984680052046,0.32470458937826246,0.40333898045280014,sad,04,05,05,male,strong,564
30,1.0010000000000001,True,1.0,0.4893877276179836,0.5151240404028179,0.5022558840104008,0.9174577472744089,-0.0789814814814816,-0.08046296296296296,0.38628322073976484,0.315822679812359,0.20773293113758423,0.5474430680895188,0.025736312784834292,0.0014814814814813615,0.03046153979769041,0.30493590807491694,0.1101630003563632,0.11357115345722629,0.0,0.9999999987499999,0.6146432352159613,0.30236207109292845,0.3256634439603178,0.404651168306214,sad,04,05,05,male,strong,564
40,1.3346666666666667,True,1.0,0.5014360726084518,0.5045649384507667,0.5030005055296092,0.8186845522230424,-0.08546296296296296,-0.08791666666666664,0.38229008253585517,0.28312589259986837,0.21619289582048143,0.6144008753600761,0.003128865842314865,0.00245370370370368,0.04397143100918152,0.35480909133054417,0.11037455525413979,0.11519936857618737,0.0,0.9999999987499999,0.6145100132240395,0.3026434804036609,0.3258500249282601,0.4052677103852497,sad,04,05,05,male,strong,564
50,1.6683333333333334,True,1.0,0.481610179658158,0.4669211415052591,0.47426566058170855,0.8677560673579537,-0.09055555555555544,-0.09833333333333344,0.38441828114819937,0.22267762418499762,0.22863378767413842,0.5465426038744959,0.014689038152898903,0.007777777777777994,0.04440338689637765,0.33950939267125796,0.10109700525222659,0.11837865590672156,0.0,0.9999999987499999,0.6438577078253176,0.32508955821661756,0.30439524996709477,0.4435133385221965,sad,04,05,05,male,strong,564
60,2.0020000000000002,True,1.0,0.44720914142330087,0.4545146073954412,0.45086187440937103,0.7283313425041777,-0.08976851851851853,-0.09476851851851847,0.3715095657589592,0.2271913147143825,0.23003662620412255,0.6190340139135023,0.007305465972140324,0.004999999999999949,0.04041046432508447,0.37268761682140783,0.11202228533497015,0.11542784750494868,0.0,0.9999999987499999,0.6136610900453932,0.30449625375814837,0.3366699572674328,0.41838516620022814,sad,04,05,05,male,strong,564
70,2.3356666666666666,True,1.0,0.4845535847807276,0.4399463568828593,0.4622499708317934,0.7359527938799344,-0.09000000000000002,-0.0960185185185185,0.37420409533366517,0.22555537934048456,0.23281230984979598,0.6280973109631354,0.04460722789786825,0.006018518518518479,0.040208622863215006,0.375979459542719,0.09887169788128312,0.11928903687038063,0.0,0.9999999987499999,0.6418507336059424,0.32601799877785326,0.3075675718178318,0.4461628483252867,sad,04,05,05,male,strong,564
80,2.6693333333333333,True,1.0,0.48455358478072813,0.45556216944418026,0.47005787711245417,0.8029030208965823,-0.08796296296296297,-0.09606481481481477,0.3899244893342178,0.2317671159685514,0.23079666542174412,0.5854478870780084,0.028991415336547866,0.008101851851851805,0.03111328827081874,0.36288333033574427,0.10087149202001017,0.11808785246707448,0.0,0.9999999987499999,0.6435579330560349,0.32529455770700166,0.3070549806219686,0.4442697250137111,sad,04,05,05,male,strong,564
90,3.003,True,1.0,0.49839449808968517,0.4961505709851632,0.49727253453742415,0.7358115498971899,-0.08699074074074076,-0.09365740740740741,0.3888444890466252,0.2366874924192564,0.22445550452785082,0.6758150705936932,0.002243927104521981,0.006666666666666654,0.039396007447147705,0.40140020791943654,0.11159835461110383,0.11517800071674494,0.0,0.9999999987499999,0.6163361093734367,0.30278918086028567,0.3345787309109925,0.41772916976058283,sad,04,05,05,male,strong,564
100,3.336666666666667,True,1.0,0.512113792431397,0.496150570985163,0.50413218170828,0.7378063692271031,-0.08527777777777773,-0.09004629629629618,0.3791970899565431,0.2604703321588349,0.2223461271933882,0.6832852124011738,0.015963221446233966,0.00476851851851845,0.03830818576675338,0.38900350056927996,0.11128405258951878,0.11498570518769627,0.0,0.9999999987499999,0.612632805200205,0.30297754269263694,0.33244518824130126,0.41389007225427493,sad,04,05,05,male,strong,564
0,0.0,True,1.0,0.4819541264480999,0.4898765632358391,0.4859153448419695,0.633290827006946,-0.056712962962962965,-0.05962962962962959,0.39905716678666003,0.21047059321405057,0.17806764918330178,0.7672862516239161,0.00792243678773924,0.002916666666666623,0.04747574772487996,0.4467643702980747,0.11320829843175552,0.11359597601515611,0.0,0.9999999987499999,0.6127845569165167,0.3049053673103678,0.31003196887097106,0.39403313282570424,sad,04,05,05,male,strong,565
10,0.33366666666666667,True,1.0,0.46559298625417517,0.4878413251813356,0.4767171557177554,0.8952309646772953,-0.057638888888888906,-0.06078703703703703,0.39040051039050555,0.35250716853630515,0.17661755042349955,0.5325074472704349,0.022248338927160438,0.003148148148148122,0.04188148042200837,0.32413378303505513,0.1122182746813023,0.11373963113611164,0.0,0.9999999987499999,0.6135560472861019,0.30502310050079295,0.31281031195052217,0.39501320902225867,sad,04,05,05,male,strong,565
20,0.6673333333333333,True,1.0,0.49558908627637865,0.5121884273195205,0.5038887567979495,0.6528708326669224,-0.06064814814814812,-0.06319444444444444,0.39405211082431757,0.18166828310814917,0.17943261096045243,0.771804668834119,0.01659934104314187,0.0025462962962963243,0.04303391765192719,0.40352797256155776,0.11267026386000757,0.11362774485260504,0.0,0.9999999987499999,0.6150739429834433,0.3040543951381475,0.31832069812186287,0.4025044345033462,sad,04,05,05,male,strong,565
30,1.0010000000000001,True,1.0,0.45878722550507084,0.45761626624043483,0.45820174587275286,0.8664448569835044,-0.059537037037037055,-0.06212962962962959,0.40033993879696894,0.27426790299842885,0.17952442970375942,0.5288296677851667,0.0011709592646360067,0.0025925925925925353,0.048680263541429354,0.32150724503611644,0.1105251261591473,0.11288171746518315,0.0,0.9999999987499999,0.6127017778361346,0.30499329180146956,0.3158901843705894,0.39748186631864385,sad,04,05,05,male,strong,565
40,1.3346666666666667,True,1.0,0.44068821975221967,0.44861519683836504,0.4446517082952923,0.76281077717778,-0.061388888888888826,-0.06374999999999992,0.385526348288011,0.26623603320200606,0.18301446072955652,0.5829121999828041,0.00792697708614537,0.0023611111111110916,0.050564506336177366,0.3798131030289917,0.11021003839115419,0.11452800822369565,0.0,0.9999999987499999,0.6096674828134379,0.3053030890883692,0.31376877589521607,0.39568163931895406,sad,04,05,05,male,strong,565
50,1.6683333333333334,True,1.0,0.46182318232128317,0.42546959430180936,0.44364638831154624,0.8350739802093631,-0.06217592592592591,-0.06393518518518515,0.39280575953278607,0.2799522652959913,0.18578662325189146,0.531265970232145,0.036353588019473804,0.0017592592592592382,0.04341836347290908,0.34049892128788967,0.11201835457205687,0.11376919246582909,0.0,0.9999999987499999,0.609982904302346,0.3057117075430888,0.3165763060803717,0.40165271506638456,sad,04,05,05,male,strong,565
60,2.0020000000000002,True,1.0,0.4681982322333437,0.4545877445051859,0.4613929883692648,0.7921255590468405,-0.06268518518518523,-0.06412037037037038,0.37824443299226934,0.27195995237463444,0.18722330406875032,0.5824745623969715,0.013610487728157816,0.0014351851851851505,0.04598812941800123,0.35552650800620855,0.11006254080835551,0.11231962907488609,0.0,0.9999999987499999,0.6080706726753201,0.30586561392111455,0.3120756533225099,0.3945935169853304,sad,04,05,05,male,strong,565
70,2.3356666666666666,True,1.0,0.4548269396374575,0.4752096862934545,0.46501831296545604,0.8260363793768375,-0.06254629629629627,-0.06467592592592591,0.38759204674789416,0.2789139395449587,0.18517145459170178,0.5629513718466809,0.020382746655996986,0.002129629629629648,0.043831191673730674,0.3369167504992514,0.11251708226255597,0.1164277549289639,0.0,0.9999999987499999,0.6085813782856893,0.3054064630497819,0.309695858397845,0.4000481713703018,sad,04,05,05,male,strong,565
80,2.6693333333333333,True,1.0,0.4611033614237369,0.4605189689951972,0.4608111652094671,0.7969153483024607,-0.06120370370370376,-0.06379629629629624,0.3828956730056354,0.301449321796251,0.18375897559333285,0.5782435564719116,0.0005843924285397484,0.0025925925925924798,0.048389081110823684,0.36217498534039594,0.11335256510243993,0.11294710595462552,0.0,0.9999999987499999,0.6053651716155213,0.30622504218376645,0.3102475631834187,0.3929091256207908,sad,04,05,05,male,strong,565
90,3.003,True,1.0,0.4757647597897381,0.46235317547703114,0.4690589676333846,0.7633772525197501,-0.06324074074074065,-0.0642592592592593,0.38731003745808884,0.3042697522308641,0.1843525207315516,0.6144523773601036,0.013411584312706948,0.0010185185185186407,0.0394872852050007,0.3795312571176658,0.11103837673681155,0.11422656417979647,0.0,0.9999999987499999,0.6099352776110445,0.3049054774902286,0.3126989974573496,0.39901923565655656,sad,04,05,05,male,strong,565
0,0.0,True,1.0,0.5473532256329302,0.5532859092917722,0.5503195674623512,0.8036355953188812,-0.06481481481481483,-0.07009259259259265,0.3813045628269854,0.25089397835529087,0.19864222379929897,0.684787446782998,0.005932683658842031,0.005277777777777826,0.039010872399781134,0.35260834347288206,0.11408202749135536,0.11555614528196888,0.0,0.9999999987499999,0.6144178566113946,0.30181866088677123,0.31890255324423405,0.4037139995875406,sad,04,05,05,male,strong,566
10,0.33366666666666667,True,1.0,0.5473482008149149,0.5377459223899282,0.5425470616024215,0.7906188759198806,-0.06444444444444447,-0.06907407407407401,0.3736200162643909,0.24840693471996084,0.19934383176905962,0.6862308479179314,0.009602278424986621,0.004629629629629539,0.04343770193334647,0.35675696194522805,0.11328707663125218,0.11451998321127897,0.0,0.9999999987499999,0.6137052330932372,0.3011593369783431,0.32061226043986335,0.4020295530798475,sad,04,05,05,male,strong,566
20,0.6673333333333333,True,1.0,0.5372508934674404,0.5312733333736547,0.5342621134205475,0.763853704680068,-0.06495370370370374,-0.07060185185185175,0.3572193701221731,0.26781027775724514,0.1958582652569057,0.6994298910212362,0.005977560093785694,0.005648148148148013,0.04079573816996213,0.3567138771706785,0.11531418708929936,0.11432659342974848,0.0,0.9999999987499999,0.6144575927949305,0.30106159261528714,0.317702009814551,0.4040661612170744,sad,04,05,05,male,strong,566
30,1.0010000000000001,True,1.0,0.5398953950953828,0.5362510147762183,0.5380732049358006,1.053271950804204,-0.067962962962963,-0.07240740740740736,0.3529758496974895,0.3778520696146877,0.1965836719936872,0.510858762093651,0.0036443803191644752,0.004444444444444362,0.03832015744899502,0.2607091088370771,0.09827600628192551,0.11737015947709999,0.0,0.9999999987499999,0.6478360485678646,0.3224650008449036,0.2938753237357808,0.4341038913047473,sad,04,05,05,male,strong,566
40,1.3346666666666667,True,1.0,0.5318198006209895,0.5073995270734517,0.5196096638472206,0.776948325404021,-0.06629629629629624,-0.07143518518518505,0.3721481443788623,0.254466824812408,0.19727791968317587,0.6687827836903031,0.02442027354753784,0.005138888888888804,0.045360875174237925,0.3607393847292563,0.11325243992570924,0.11455423666222046,0.0,0.9999999987499999,0.6160026061674669,0.30037946644907343,0.3194332392420969,0.4017851334343764,sad,04,05,05,male,strong,566
50,1.6683333333333334,True,1.0,0.5319249492745375,0.5104690868482084,0.521197018061373,0.889081545006741,-0.06629629629629635,-0.07231481481481478,0.3744756059924836,0.279101414744372,0.1980280405519255,0.5862195891800018,0.02145586242632913,0.006018518518518423,0.03815625570446374,0.31819024666140416,0.11623673755294547,0.11322035420075706,0.0,0.9999999987499999,0.613973251097314,0.3015680176560251,0.3214869983684506,0.4006375555043123,sad,04,05,05,male,strong,566
60,2.0020000000000002,True,1.0,0.5318198006209883,0.5096521548042365,0.5207359777126124,0.8047184086837001,-0.06685185185185183,-0.07009259259259265,0.3731773995112753,0.2742328953142344,0.19661510550733943,0.6471033495609905,0.02216764581675179,0.0032407407407408217,0.045391747773146585,0.3509519695513776,0.11377283037189197,0.11453751873558533,0.0,0.9999999987499999,0.613797848092362,0.30180697408034607,0.323097361630868,0.4029729628888161,sad,04,05,05,male,strong,566
70,2.3356666666666666,True,1.0,0.5534917558466886,0.5467627220877074,0.5501272389671981,0.8925143405178535,-0.0681018518518518,-0.07268518518518519,0.3666181342465415,0.3099355376904239,0.19732122906132435,0.6163791594071238,0.006729033758981262,0.004583333333333384,0.04057516423715709,0.3226517560426548,0.10043355409809028,0.11813844470990598,0.0,0.9999999987499999,0.6466487493981968,0.3217901606159647,0.2953977035141069,0.4312856741976086,sad,04,05,05,male,strong,566
80,2.6693333333333333,True,1.0,0.5162676348984487,0.518819621098266,0.5175436279983574,0.8247338747697781,-0.06509259259259259,-0.07027777777777777,0.36985237360215234,0.3088460639623712,0.19526552289985197,0.6275280352014498,0.0025519861998172244,0.005185185185185182,0.04068596904417657,0.35418160077961935,0.11582940115689187,0.11397186268888868,0.0,0.9999999987499999,0.611269246417317,0.30137478559259234,0.3220132580415912,0.39915057961741207,sad,04,05,05,male,strong,566
90,3.003,True,1.0,0.5400026537402683,0.5285080589215069,0.5342553563308876,0.8033944877105456,-0.06555555555555553,-0.06990740740740742,0.3688175293379405,0.3170010775546403,0.1945107434791823,0.6649975379509625,0.011494594818761472,0.0043518518518518845,0.041926007686023885,0.3655735842098632,0.11317640050637151,0.11244794056286063,0.0,0.9999999987499999,0.6138336573066727,0.30135038793815877,0.3226023697035408,0.39910467867401656,sad,04,05,05,male,strong,566
0,0.0,True,1.0,0.49331734194811705,0.49024033364907466,0.4917788377985959,0.6916227070534315,-0.06101851851851853,-0.06490740740740741,0.37679798483510074,0.26233285138396883,0.1868855874940126,0.7110507402131945,0.003077008299042394,0.003888888888888886,0.037917243637281745,0.4096756077691244,0.112316721737172,0.1151413670634775,0.0,0.9999999987499999,0.6197274381471339,0.30258479015245193,0.3163217748301159,0.40144306781385514,sad,04,05,05,male,strong,567
10,0.33366666666666667,True,1.0,0.49331734194811866,0.5037358381225414,0.49852659003533006,0.7175197869480204,-0.059907407407407465,-0.06476851851851856,0.3805741549811198,0.24953612692621432,0.18621602556979977,0.6947914177472642,0.010418496174422753,0.004861111111111094,0.03895957763122304,0.3948893926176391,0.1122771664756397,0.11501440923424779,0.0,0.9999999987499999,0.6196194176733193,0.3020051654391501,0.3162066057652182,0.39766767322834745,sad,04,05,05,male,strong,567
20,0.6673333333333333,True,1.0,0.4934377219801627,0.5004996625669789,0.49696869227357077,0.7903265758721102,-0.06212962962962959,-0.06717592592592597,0.37879714020628685,0.24840693471996084,0.1876175575483025,0.6288143502262661,0.00706194058681614,0.005046296296296382,0.036047578491447727,0.35688890749811986,0.11410581073416422,0.11487114466075096,0.0,0.9999999987499999,0.6167313919942978,0.3029888825381414,0.3166441468391071,0.39735952753613357,sad,04,05,05,male,strong,567
30,1.0010000000000001,True,1.0,0.4974288093977726,0.5209534454285485,0.5091911274131605,1.1307587781187018,-0.06666666666666665,-0.07143518518518521,0.3510760297697975,0.4203399338856506,0.19387754118660183,0.45030924125154836,0.02352463603077587,0.004768518518518561,0.03186588465269158,0.2616554478402042,0.11175345034678398,0.11683524450793129,0.0,0.9999999987499999,0.6141896287733843,0.30368868619227407,0.3169143132865849,0.4008090180795117,sad,04,05,05,male,strong,567
40,1.3346666666666667,True,1.0,0.45678821756386495,0.4776155063545959,0.4672018619592304,0.7805806617562219,-0.06504629629629627,-0.06912037037037028,0.38085423484827485,0.2683141259332302,0.18977800930782332,0.5985311766603042,0.020827288790730925,0.004074074074074008,0.03667434465660744,0.37154845118959196,0.11143756272042125,0.11433814118928352,0.0,0.9999999987499999,0.6154233173738245,0.3021877150057905,0.3192755611142917,0.3989251006028691,sad,04,05,05,male,strong,567
50,1.6683333333333334,True,1.0,0.4970750959430843,0.5037358381225414,0.5004054670328129,0.8564313902995627,-0.06666666666666665,-0.06930555555555568,0.37034597380356143,0.28933869869465456,0.18910243610228725,0.5842913661277419,0.006660742179457113,0.002638888888889024,0.042830557663860784,0.33146162247943184,0.1127734533364646,0.11469406529512263,0.0,0.9999999987499999,0.6114861159776411,0.30266658951689746,0.3162598305854087,0.394894697533951,sad,04,05,05,male,strong,567
60,2.0020000000000002,True,1.0,0.5045610387702509,0.506536985785807,0.505549012278029,0.8048078380633636,-0.0641666666666667,-0.06805555555555554,0.3682753030188808,0.29640202781176955,0.18969959983660586,0.6281611440248255,0.0019759470155560344,0.0038888888888888307,0.03375663428360091,0.3533039075094455,0.11058189623339204,0.11333155658495567,0.0,0.9999999987499999,0.6115374426645659,0.3025811270815757,0.3178084944115826,0.3997827299440651,sad,04,05,05,male,strong,567
70,2.3356666666666666,True,1.0,0.5030328282400366,0.5418525195933689,0.5224426739167027,0.8436404939571281,-0.0639351851851852,-0.06814814814814807,0.3724115965627282,0.3110789754111272,0.18903464384655697,0.6192716893734739,0.0388196913533323,0.004212962962962863,0.037841036931016384,0.34018294160146384,0.11077348031961066,0.11263801182630426,0.0,0.9999999987499999,0.6128735714520184,0.3026234688926021,0.31953388574035846,0.39813174820893216,sad,04,05,05,male,strong,567
80,2.6693333333333333,True,1.0,0.48364382360639835,0.483045325362459,0.4833445744844287,0.7465886333699322,-0.06291666666666673,-0.06685185185185177,0.3840177344909038,0.265301228780492,0.1876626898353799,0.6474041431661244,0.0005984982439393716,0.003935185185185042,0.03328373187033918,0.37275468719911425,0.11249114195433876,0.11194843597578073,0.0,0.9999999987499999,0.6103833051580008,0.30321654091863504,0.3196188607839482,0.39915980957611835,sad,04,05,05,male,strong,567
90,3.003,True,1.0,0.48592838075705097,0.5104690868482088,0.4981987338026299,0.6934419798186502,-0.06351851851851859,-0.06777777777777777,0.38032677177276475,0.2245317460255634,0.1904224696420173,0.7184432848050524,0.024540706091157827,0.004259259259259185,0.04255648466286103,0.4075811547067407,0.11181622358896462,0.11245326820615954,0.0,0.9999999987499999,0.6100822116346538,0.3028065798155307,0.3159148439052746,0.3943387167525993,sad,04,05,05,male,strong,567
0,0.0,True,1.0,0.5631029521354695,0.5743506689810526,0.568726810558261,0.7518095443907346,-0.0643981481481481,-0.06152777777777779,0.3799507718845052,0.20738598360741753,0.20297671333094955,0.7564772418780031,0.011247716845583122,0.002870370370370301,0.011682826283890528,0.37978350943714395,0.11280757758806215,0.11842052872334952,0.0,0.9999999987499999,0.6099767230876726,0.30025737534410935,0.3118035017004195,0.40939901265207623,angry,05,05,05,male,normal,568
10,0.33366666666666667,True,1.0,0.5631417280673052,0.5702802102720335,0.5667109691696693,0.7837556172860191,-0.06402777777777785,-0.06203703703703706,0.38230644407088965,0.2119634257180293,0.2029943787041746,0.7230710143195788,0.007138482204728236,0.001990740740740793,0.011899064344829026,0.3794282391245918,0.11383156553655802,0.1171116474871886,0.0,0.9999999987499999,0.6116635128035589,0.29961098376680917,0.31390211752247205,0.4093068419234518,angry,05,05,05,male,normal,568
20,0.6673333333333333,True,1.0,0.5735064634224121,0.5521962215304612,0.5628513424764366,0.8667270760144509,-0.06388888888888894,-0.06157407407407406,0.3720536870527921,0.2428668539148709,0.2023383874235772,0.6493985916127677,0.021310241891950854,0.0023148148148148806,0.011338038672042583,0.3506287196946486,0.11081307559472506,0.11837308009430561,0.0,0.9999999987499999,0.6098452327962436,0.2996577730948045,0.31014171086705467,0.4087649998061176,angry,05,05,05,male,normal,568
30,1.0010000000000001,True,1.0,0.5438900823296082,0.5520948154647933,0.5479924488972008,1.0102383114886717,-0.06597222222222227,-0.06379629629629635,0.39316127786266314,0.2894582288961865,0.20368808468108626,0.5424387915854106,0.008204733135185105,0.0021759259259259145,0.013367852363366224,0.28907909734758147,0.1110805610051456,0.11908592051790091,0.0,0.9999999987499999,0.6106718931400685,0.3013326980780727,0.3185428337260306,0.4232689559939903,angry,05,05,05,male,normal,568
40,1.3346666666666667,True,1.0,0.5827668648725496,0.5919283355650705,0.58734760021881,0.8944330819357006,-0.0674537037037038,-0.06555555555555548,0.3881023470728421,0.21415331297454118,0.2050580255435511,0.6566702552500552,0.009161470692520934,0.0018981481481483153,0.007132516263541919,0.3172042883306064,0.11344571966427976,0.11797094482064044,0.0,0.9999999987499999,0.6060234250653387,0.3012155148604927,0.3134218904534208,0.4101383383270075,angry,05,05,05,male,normal,568
50,1.6683333333333334,True,1.0,0.5581048126981735,0.5600576441108317,0.5590812284045026,0.8832541996041531,-0.06870370370370366,-0.06634259259259268,0.3866581270984911,0.20816875046134212,0.20778581119812384,0.6329788509978954,0.0019528314126582291,0.0023611111111109806,0.005047992835849428,0.3226542476066078,0.10975269701769347,0.11919717011171152,0.0,0.9999999987499999,0.6062689105876725,0.3013212854221155,0.31019365318885156,0.41240948859253346,angry,05,05,05,male,normal,568
60,2.0020000000000002,True,1.0,0.5587336626056308,0.5433871752923266,0.5510604189489787,0.9338480225426576,-0.0672685185185185,-0.06495370370370368,0.3865615506624636,0.2586339020883339,0.20571917188127772,0.5900964671409438,0.015346487313304236,0.002314814814814825,0.005460261040331483,0.30517355323267936,0.11121371816092744,0.11799674871102607,0.0,0.9999999987499999,0.6104321553777762,0.3013305722203854,0.31621851646328397,0.4173020276783175,angry,05,05,05,male,normal,568
70,2.3356666666666666,True,1.0,0.5453831781815285,0.5873574303834713,0.5663703042824999,0.8709710588542678,-0.06680555555555556,-0.06476851851851856,0.39515152248052837,0.20527381255695357,0.20365362200342008,0.6502745395783189,0.04197425220194284,0.002037037037037004,0.007641572168485079,0.3136777810727438,0.11354274381744932,0.11820037374605025,0.0,0.8703600661569816,0.6069964779974489,0.3015837824155315,0.31382941172986273,0.41079295093418083,angry,05,05,05,male,normal,568
80,2.6693333333333333,True,1.0,0.5851157653978165,0.5784848859264371,0.5818003256621268,0.6893062587039903,-0.0675,-0.06550925925925932,0.37054928936120557,0.1457380653203388,0.20580630659388355,0.8440374917761628,0.006630879471379414,0.001990740740740682,0.012816732543473527,0.3934662559494972,0.11150313018603458,0.11869035115600661,0.0,0.9999999987499999,0.609445131865246,0.3003157247870314,0.30902811584119894,0.4070432058363631,angry,05,05,05,male,normal,568
90,3.003,True,1.0,0.5741635099174107,0.5962712905928108,0.5852174002551107,0.7795211871154754,-0.06569444444444444,-0.0640277777777778,0.3854450799477199,0.1788760839554872,0.20580630659388358,0.7507395692741047,0.02210778067540009,0.0016666666666666496,0.01116426246966707,0.3427019735422384,0.11243583785225397,0.11796878321453583,0.0,0.9999999987499999,0.6071983275575856,0.30136318415396596,0.3104272309247018,0.40895038304626063,angry,05,05,05,male,normal,568
100,3.336666666666667,True,1.0,0.5609474262622431,0.5873574303834713,0.5741524283228572,0.7823386096964953,-0.06814814814814812,-0.06449074074074074,0.3874010856403659,0.18293617464784628,0.20578739964194534,0.733892487481344,0.02641000412122818,0.003657407407407387,0.008997993124587074,0.35413977275453123,0.11291349014816209,0.11751168107677942,0.0,0.9999999987499999,0.6089803823404362,0.30084903825396236,0.3112501552425171,0.40770516527608786,angry,05,05,05,male,normal,568
110,3.6703333333333332,True,1.0,0.5602107942872893,0.5650405762083741,0.5626256852478317,0.7687264578330046,-0.06694444444444442,-0.06407407407407406,0.38849438901873173,0.17636155186138722,0.2050580255435511,0.7318932235451359,0.0048297819210848525,0.0028703703703703565,0.01240232160318747,0.3518057912582609,0.11387337485910723,0.11820467596612971,0.0,0.9999999987499999,0.6086060430422169,0.30072238025768033,0.31056204364461526,0.4073063067080654,angry,05,05,05,male,normal,568
0,0.0,True,1.0,0.7037844762487818,0.665452019257205,0.6846182477529934,0.7062812510610156,-0.05421296296296285,-0.05819444444444449,0.3535715002203825,0.311291872772197,0.2056182719829848,0.9693280781905526,0.038332456991576835,0.003981481481481641,0.03218933680160064,0.44765847492903804,0.11478698928317974,0.11452366963111363,0.0,0.9999999987499999,0.6053177668098491,0.30202810772675875,0.3133044069681534,0.41375894745851016,angry,05,05,05,male,normal,569
10,0.33366666666666667,True,1.0,0.7035513937023192,0.6559836477426145,0.6797675207224669,0.713240939133739,-0.05523148148148144,-0.05986111111111114,0.32865117961221313,0.2670073963319012,0.20211391152083455,0.9530685683130767,0.0475677459597047,0.004629629629629706,0.03399750741166121,0.39992429785346956,0.11176588348064258,0.11567613271767575,0.0,0.9999999987499999,0.6063348136363921,0.3011688175158789,0.3149528699547002,0.4159940452054427,angry,05,05,05,male,normal,569
20,0.6673333333333333,True,1.0,0.6466634569843135,0.5880012954803757,0.6173323762323446,0.6545202819820454,-0.04958333333333331,-0.052824074074074134,0.3368945088121015,0.26129826204061124,0.19517798222610205,0.9431829589190318,0.05866216150393777,0.0032407407407408217,0.024855193613695238,0.451308857516601,0.11395737414436528,0.1155142616285586,0.0,0.9999999987499999,0.6012810918508029,0.3007281438115449,0.32170266282618254,0.41924318734862415,angry,05,05,05,male,normal,569
30,1.0010000000000001,True,1.0,0.5885443038014411,0.561764575529632,0.5751544396655366,1.1296062553359225,-0.05578703703703697,-0.058009259259259205,0.36983694329109773,0.40040211050829977,0.20004615251177815,0.5091636461365886,0.026779728271809078,0.0022222222222222365,0.031319440024574687,0.28325364293477406,0.11031791872458191,0.11738289949375078,0.0,0.9999999987499999,0.6053552753757753,0.3049673686679886,0.3400499836810582,0.4450056317074705,angry,05,05,05,male,normal,569
40,1.3346666666666667,True,1.0,0.6847219424461845,0.6565116989590448,0.6706168207026146,1.4104152179481975,-0.06351851851851859,-0.06504629629629632,0.2907071062288088,0.5200907515092369,0.20907193742222244,0.4754747482646954,0.02821024348713963,0.001527777777777739,0.024173001678512107,0.22366907881056355,0.10916092859351653,0.11829867288397516,0.0,0.9999999987499999,0.603552992486057,0.30441271727752567,0.31863390795020946,0.41794412155575855,angry,05,05,05,male,normal,569
50,1.6683333333333334,True,1.0,0.6860410507721053,0.6428757877001592,0.6644584192361322,1.3810622733744333,-0.06828703703703692,-0.06879629629629624,0.30806078444200874,0.44424773711857535,0.21320339077801023,0.48112125864724453,0.043165263071946125,0.0005092592592593204,0.028716816258219206,0.22446691701503474,0.11085976353919019,0.11913167664187829,0.0,0.9999999987499999,0.6030138025053772,0.3037948604093114,0.31732417716517664,0.4169714935698773,angry,05,05,05,male,normal,569
60,2.0020000000000002,True,1.0,0.6603887864406931,0.6341242380463027,0.6472565122434979,1.0902418780124652,-0.06259259259259253,-0.06546296296296295,0.3837411657703749,0.3738503917784134,0.21181131879681864,0.5936815722245605,0.026264548394390408,0.002870370370370412,0.02649008602056516,0.2690830212545062,0.11031975718247215,0.1178670916885453,0.0,0.9999999987499999,0.603114460924995,0.30304202251554696,0.33031272868637773,0.4380804771205705,angry,05,05,05,male,normal,569
70,2.3356666666666666,True,1.0,0.6899615835750077,0.6762693266771153,0.6831154551260614,0.9625319354264211,-0.07425925925925925,-0.07555555555555554,0.3691423245496259,0.3741353361970684,0.22570661358752628,0.7097067951552459,0.01369225689789244,0.0012962962962962954,0.024220398634399846,0.30580182241443615,0.10830660954155645,0.1186003829025144,0.0,0.9999999987499999,0.6014261440982642,0.30258997441327573,0.32816114375018607,0.4350331101149923,angry,05,05,05,male,normal,569
80,2.6693333333333333,True,1.0,0.7384117564876211,0.6986946495067958,0.7185532029972085,0.9273566586304307,-0.07189814814814816,-0.07208333333333333,0.31533742664999725,0.24358331966570712,0.2270997954301554,0.7748401829112931,0.03971710698082531,0.00018518518518517713,0.02094209305613417,0.28596496818132305,0.11148516096600636,0.11725387352079024,0.0,0.9999999987499999,0.5980429942133103,0.30207958545653474,0.3194007588678741,0.4197053588459142,angry,05,05,05,male,normal,569
90,3.003,True,1.0,0.7509636118583657,0.6968881422881332,0.7239258770732495,0.887003211242994,-0.06777777777777788,-0.06717592592592597,0.35382097464634127,0.28852454311438,0.2201513651224927,0.8161479777043676,0.05407546957023246,0.0006018518518519089,0.023477817142265694,0.33175997914987454,0.11230010191349069,0.11793657027844312,0.0,0.9999999987499999,0.6001140086034414,0.3023862281730723,0.31774458536533584,0.4179617221799751,angry,05,05,05,male,normal,569
100,3.336666666666667,True,1.0,0.7006403770426626,0.7123425275584725,0.7064914523005675,0.8314773037330305,-0.06384259259259256,-0.06518518518518523,0.35727703818981404,0.29789367431673663,0.21251759175804866,0.8496821851043654,0.011702150515809917,0.001342592592592673,0.024190847536679883,0.348411682235299,0.11154591016296263,0.11865014717371833,0.0,0.9999999987499999,0.6035302920230593,0.302180476026798,0.31331719272027303,0.4179044972425477,angry,05,05,05,male,normal,569
110,3.6703333333333332,True,1.0,0.7512293854982787,0.6853056485144309,0.7182675170063548,0.8919122601692955,-0.06407407407407412,-0.06444444444444442,0.3507593467920049,0.31842588217607887,0.21528344806600502,0.805311855305161,0.06592373698384779,0.00037037037037029874,0.02494778157210184,0.3228766650280197,0.11283274249092964,0.11742708257132443,0.0,0.9999999987499999,0.6026115721522984,0.3022691188889419,0.31291983728412875,0.4143801886077755,angry,05,05,05,male,normal,569
0,0.0,True,1.0,0.49331734194811766,0.5191909130999612,0.5062541275240394,0.6684301766086067,-0.057962962962962994,-0.06449074074074074,0.36715486248226314,0.22690756868878742,0.21127042503467802,0.7573777265601699,0.025873571151843577,0.0065277777777777435,0.04793220781271491,0.451061250501075,0.11196283250128095,0.11663460962119558,0.0,0.9999999987499999,0.6030002604479292,0.30423665164682273,0.31723020369745997,0.41316483963196743,angry,05,05,05,male,normal,570
10,0.33366666666666667,True,1.0,0.5287475078992592,0.5530570454906633,0.5409022766949612,0.7326859635811132,-0.059537037037037,-0.06467592592592591,0.3537762477277349,0.2346822780236708,0.21060838683502545,0.7382457199687841,0.024309537591404085,0.005138888888888915,0.04527092541420982,0.43057888272854705,0.11085433843801817,0.11654997228548968,0.0,0.9999999987499999,0.6002776643782513,0.3035085869029764,0.3128523840601348,0.4079373242861361,angry,05,05,05,male,normal,570
20,0.6673333333333333,True,1.0,0.548104971402452,0.5553016162121512,0.5517032938073017,0.9196415172879445,-0.059537037037037,-0.06541666666666662,0.3520695888942521,0.3129577076557782,0.20923790886862742,0.5999112517606798,0.007196644809699282,0.0058796296296296235,0.042472243322648415,0.3403053354691292,0.11112552463973356,0.11759476920334233,0.0,0.9999999987499999,0.5988500743422369,0.30490925927252255,0.31429842090222193,0.4054520099714469,angry,05,05,05,male,normal,570
30,1.0010000000000001,True,1.0,0.522988852733279,0.5255976249070456,0.5242932388201623,1.0029610980101613,-0.059768518518518554,-0.06550925925925932,0.34984160940631004,0.3268669391071464,0.20925577486501218,0.5227453386380999,0.002608772173766649,0.0057407407407407685,0.04399030992176414,0.315406714951175,0.10943172035917297,0.11527192116540821,0.0,0.9999999987499999,0.6027073472514005,0.304038039427925,0.3159523645352625,0.4095403243870211,angry,05,05,05,male,normal,570
40,1.3346666666666667,True,1.0,0.5181882835891679,0.5265902202970345,0.5223892519431013,0.827149575231059,-0.0597685185185185,-0.06624999999999998,0.3600629125185812,0.2706333580890967,0.20725426292946394,0.6315535516018068,0.008401936707866597,0.006481481481481477,0.04801750164704056,0.3680878423794961,0.11008190808166297,0.11662820462118674,0.0,0.9999999987499999,0.6038274150832207,0.30257902764857003,0.3097536976334513,0.402712445599482,angry,05,05,05,male,normal,570
50,1.6683333333333334,True,1.0,0.49092749169152067,0.4888977696422198,0.48991263066687024,0.888040127450949,-0.058101851851851904,-0.06472222222222218,0.35853547941260006,0.29548799140709214,0.20729843233683745,0.5516784833508896,0.0020297220493008528,0.0066203703703702765,0.049049113822382494,0.33726685769487913,0.1106758846331415,0.11704544777978647,0.0,0.9999999987499999,0.6024573189588335,0.30314576926114595,0.31203065915715483,0.40414351977769475,angry,05,05,05,male,normal,570
60,2.0020000000000002,True,1.0,0.29739922436495386,0.30507898834448904,0.30123910635472145,0.9537511931892354,-0.06662037037037039,-0.07097222222222233,0.3560474700305212,0.2923344308938681,0.2079065769793682,0.3158466364245503,0.007679763979535181,0.00435185185185194,0.049324042063485105,0.32076768411009116,0.11036542622145613,0.11652356518255624,0.0,0.9999999987499999,0.6021315226950155,0.3034085312555395,0.3103115428854918,0.40250343728090676,angry,05,05,05,male,normal,570
70,2.3356666666666666,True,1.0,0.5046745333676665,0.508661840343898,0.5066681868557823,0.8451054892469367,-0.06157407407407406,-0.06662037037037039,0.3744274834315037,0.19466749835528904,0.20656086007764302,0.5995324764808571,0.003987306976231508,0.0050462962962963265,0.04770235209290729,0.3455218050222132,0.10949326800322659,0.11669223204567811,0.0,0.9999999987499999,0.6019683051970789,0.30281277019093966,0.3108788217365933,0.40496434282203947,angry,05,05,05,male,normal,570
80,2.6693333333333333,True,1.0,0.5455575274884007,0.5426578356250895,0.5441076815567452,0.8695883069185163,-0.06078703703703703,-0.06717592592592592,0.3378027716918063,0.26754756464300933,0.20727598073096234,0.6257072194138071,0.0028996918633111823,0.006388888888888888,0.04833417584124385,0.3432829535403892,0.10907881912918362,0.11527584548516026,0.0,0.9999999987499999,0.6043717526385555,0.30327984425503657,0.31225441414120136,0.4049213270788907,angry,05,05,05,male,normal,570
90,3.003,True,1.0,0.5318161582400751,0.5559541035615296,0.5438851309008024,0.8892114445259738,-0.06194444444444441,-0.06694444444444442,0.35207418308997673,0.2773541609474639,0.20582595315464647,0.611648820141693,0.024137945321454524,0.0050000000000000044,0.04599462345955792,0.342352800700465,0.10990685321873117,0.11564566824146373,0.0,0.9999999987499999,0.6052294859506302,0.3027835948792728,0.3130442226470572,0.4075464265335231,angry,05,05,05,male,normal,570
100,3.336666666666667,True,1.0,0.5181882835891689,0.4957439407656281,0.5069661121773985,0.8382115747577262,-0.06189814814814809,-0.06611111111111118,0.3532262090557543,0.240103315654599,0.20725426292946394,0.6048187921097729,0.022444342823540797,0.004212962962963085,0.04766619444497313,0.35036048120753766,0.10852665568042254,0.11596024443208852,0.0,0.9999999987499999,0.6037812423641331,0.30341849285894973,0.3100162142585783,0.4069547854321803,angry,05,05,05,male,normal,570
110,3.6703333333333332,True,1.0,0.5322698387925345,0.5147418943752278,0.5235058665838812,0.7984147622109989,-0.06018518518518523,-0.06546296296296289,0.3462027911620595,0.23755757496970187,0.2066051777252706,0.6556815972868161,0.017527944417306762,0.005277777777777659,0.05286083170919998,0.3790984116510071,0.10996435833215691,0.11592016545626327,0.0,0.9999999987499999,0.6050440302605418,0.3032736546236131,0.31223718171353465,0.40800930870549096,angry,05,05,05,male,normal,570
120,4.0040000000000004,True,1.0,0.5458807385845693,0.5426449061221705,0.5442628223533699,0.7834204907571521,-0.06143518518518515,-0.0672685185185185,0.3567879266273573,0.2401033156545988,0.20524211274901413,0.6947263044235112,0.00323583246239878,0.005833333333333357,0.05359336642245286,0.3793374699519591,0.11083653156073951,0.11640334924043254,0.0,0.9999999987499999,0.606411292157488,0.3029199700178149,0.3134863814840747,0.4078186262010233,angry,05,05,05,male,normal,570
0,0.0,True,1.0,0.5165981042160505,0.5237638626176597,0.5201809834168551,0.7146553773891868,-0.06847222222222227,-0.06388888888888894,0.3995949994559707,0.18753549152262297,0.20637381876135288,0.7278766799701489,0.007165758401609268,0.004583333333333328,0.024361517639883506,0.37752368956924254,0.11597909949212526,0.1153161726132582,0.0,0.9999999987499999,0.6061442610872475,0.30099431512333674,0.31697743881028684,0.41618830346824986,angry,05,05,05,male,normal,571
10,0.33366666666666667,True,1.0,0.5342430420929426,0.5427494610768229,0.5384962515848828,0.6787769660525429,-0.06884259259259257,-0.06388888888888883,0.3989613651961486,0.16333736358422019,0.20568213703690863,0.7933331248945162,0.00850641898388027,0.004953703703703738,0.026698814101946713,0.39747862454952576,0.11399812968165471,0.11580354953855516,0.0,0.9999999987499999,0.6074676762580031,0.3015908550234599,0.3154790157209156,0.4155784435276423,angry,05,05,05,male,normal,571
20,0.6673333333333333,True,1.0,0.5686457363515082,0.5370713115509973,0.5528585239512527,0.8970833836070646,-0.0703240740740741,-0.06375000000000003,0.39842928609875927,0.2823411218832998,0.20364279918645245,0.6162844324774749,0.03157442480051087,0.0065740740740740655,0.022304536824865002,0.2953625802147691,0.11222340268975248,0.11768622473630705,0.0,0.9999999987499999,0.6092935718740621,0.30344734254603595,0.3199825928275152,0.42617441547390034,angry,05,05,05,male,normal,571
30,1.0010000000000001,True,1.0,0.5129862513907242,0.5054612588378968,0.5092237551143105,0.7599003608212874,-0.06837962962962962,-0.06282407407407398,0.3937987236877356,0.21155077090580654,0.20495585806299912,0.6701191121477428,0.007524992552827348,0.005555555555555647,0.025031907606317263,0.3380225672368506,0.11195280832016252,0.1163171046657093,0.0,0.9999999987499999,0.6107242449401636,0.30263351196619126,0.3179080603066648,0.4219918257692755,angry,05,05,05,male,normal,571
40,1.3346666666666667,True,1.0,0.4940335624798151,0.5052276037105929,0.49963058309520403,0.8075100320813258,-0.06824074074074082,-0.06319444444444444,0.4007675658789694,0.21983912974654266,0.20571737249362057,0.6187298773334439,0.01119404123077783,0.005046296296296382,0.02231280661713133,0.34860534056476106,0.11309086813191607,0.11570595281539979,0.0,0.9999999987499999,0.6103258110197204,0.30169156418853676,0.3204594761777322,0.42309465792316564,angry,05,05,05,male,normal,571
50,1.6683333333333334,True,1.0,0.5032699932025054,0.5053412752321154,0.5043056342173105,1.0627535160971862,-0.06726851851851856,-0.06458333333333327,0.33620947514532257,0.40005554875918264,0.20423010477048928,0.47452737307264103,0.0020712820296099332,0.0026851851851852904,0.024878711214288442,0.28254765666334786,0.11107005773886758,0.11780899028709275,0.0,0.9999999987499999,0.6084345324926845,0.3030937708085121,0.3145785804786175,0.4169826013043082,angry,05,05,05,male,normal,571
60,2.0020000000000002,True,1.0,0.48223438933035584,0.46369247287207177,0.4729634311012138,1.0810523788678714,-0.06759259259259265,-0.061620370370370325,0.3862398990572773,0.3579801725318312,0.2015684065791665,0.4375027892695849,0.01854191645828407,0.005972222222222323,0.023384907763999957,0.26374022748606246,0.11305834375046692,0.11785828014155882,0.0,0.9999999987499999,0.6110661819180797,0.30509774786083943,0.3257144338520285,0.4266134543901119,angry,05,05,05,male,normal,571
70,2.3356666666666666,True,1.0,0.5289826541093846,0.5252806308616591,0.5271316424855219,0.8035381640721173,-0.07074074074074083,-0.06601851851851853,0.4030442887787343,0.2035316464810739,0.2084837420016542,0.656013200187231,0.0037020232477255055,0.004722222222222294,0.02427195669479183,0.3404989212878909,0.11335240839672633,0.11741333336732368,0.0,0.9999999987499999,0.6115323866030787,0.30194739589151837,0.32322063845087595,0.42588782362268146,angry,05,05,05,male,normal,571
80,2.6693333333333333,True,1.0,0.5216947646941577,0.49824789591004437,0.509971330302101,0.8480360060265446,-0.07069444444444445,-0.06648148148148147,0.39848888791785264,0.2209626171260607,0.20838161784938694,0.6013557522062786,0.023446868784113284,0.004212962962962974,0.018491725930116353,0.3256988324100903,0.11022198460420357,0.11811993136562993,0.0,0.9999999987499999,0.6110012924310348,0.30185033901964076,0.3179229219704783,0.4189436246927034,angry,05,05,05,male,normal,571
90,3.003,True,1.0,0.5372138326059865,0.537940499296493,0.5375771659512398,1.1042385935575996,-0.07203703703703701,-0.06685185185185188,0.3264397589678923,0.48446604553247447,0.21125041091347274,0.48683062617770984,0.0007266666905064723,0.005185185185185126,0.027778616910913025,0.26376397068670887,0.11223902083494389,0.1160409510944916,0.0,0.9999999987499999,0.6097665252194627,0.3025888020226252,0.31542494868811194,0.4139202776960945,angry,05,05,05,male,normal,571
100,3.336666666666667,True,1.0,0.5709805143617426,0.5572139303482586,0.5640972223550006,0.9851176503980414,-0.07171296296296292,-0.067962962962963,0.33784819801378024,0.3327919154564916,0.2104253327194166,0.572619140594095,0.013766584013483962,0.00374999999999992,0.020341644856287394,0.2789006083840968,0.11198858926303618,0.1166098790782121,0.0,0.9999999987499999,0.605418198920193,0.3028357552013154,0.31112399922292233,0.4111584103779505,angry,05,05,05,male,normal,571
110,3.6703333333333332,True,1.0,0.5834633384541126,0.5570178798005903,0.5702406091273514,0.7353842836441249,-0.0717592592592593,-0.06680555555555551,0.3790959505804012,0.16751542639325925,0.2125997648507358,0.7754321404607396,0.026445458653522325,0.004953703703703793,0.020714094484972623,0.3520233151473744,0.11051550086357184,0.1171968956694139,0.0,0.9999999987499999,0.6089196281637655,0.3017220784567354,0.31080694664046143,0.4112921396444628,angry,05,05,05,male,normal,571
120,4.0040000000000004,True,1.0,0.5691554343909331,0.5703755647871145,0.5697654995890238,0.7209749843637927,-0.0690277777777778,-0.06546296296296295,0.37939816017829225,0.16715850766436735,0.20907359531106126,0.7902708303975343,0.001220130396181407,0.003564814814814854,0.019096372428310936,0.37502026743070405,0.11219346994030907,0.11509605443542151,0.0,0.9999999987499999,0.6115587564947854,0.3012491575975944,0.3130819417809408,0.41159005653333075,angry,05,05,05,male,normal,571
130,4.337666666666666,True,1.0,0.556713276379895,0.5741442713761007,0.5654287738779978,0.6789178611684299,-0.06925925925925924,-0.0647685185185185,0.37476482020357343,0.16957080206042704,0.2090093605261339,0.8328382654492028,0.017430994996205706,0.00449074074074074,0.020270625690027647,0.4039990000775682,0.11285331183612876,0.11659312916766892,0.0,0.9999999987499999,0.611436158744748,0.3013459563585526,0.3143263228585445,0.4122121439098016,angry,05,05,05,male,normal,571
0,0.0,True,1.0,0.7259474143123599,0.7272762536285048,0.7266118339704324,0.7842073516460013,-0.05458333333333337,-0.055694444444444435,0.34088167321921053,0.32535515825597844,0.1958395666117919,0.9265557539664993,0.0013288393161449141,0.0011111111111110628,0.013977108296576862,0.38373998686727556,0.10927970386229462,0.1172177758559041,0.0,0.9999999987499999,0.6171408980467188,0.3038658008876317,0.3111603584547316,0.4232557574921927,angry,05,05,05,male,strong,572
10,0.33366666666666667,True,1.0,0.7391170932632489,0.7004660930211302,0.7197915931421895,0.7444709789875077,-0.05666666666666664,-0.05828703703703708,0.3524023604800211,0.3005814051908785,0.1930571363157206,0.9668497677654507,0.03865100024211876,0.0016203703703704386,0.012144221998649677,0.3804653275083572,0.11184026838116524,0.11626156092839582,0.0,0.9999999987499999,0.6183192674569828,0.3033911139431899,0.315469038600313,0.42399723508726356,angry,05,05,05,male,strong,572
20,0.6673333333333333,True,1.0,0.7125343820801618,0.7034280833481923,0.707981232714177,0.939650302279855,-0.053518518518518576,-0.05592592592592599,0.3394228667074421,0.3877303739138423,0.19097222222222227,0.7534518224454524,0.009106298731969553,0.0024074074074074137,0.008776848302870977,0.3128529876114981,0.10919080810032455,0.119552847497619,0.0,0.9999999987499999,0.6154158948892057,0.30417899142857385,0.3064217144107364,0.4153023556662313,angry,05,05,05,male,strong,572
30,1.0010000000000001,True,1.0,0.7313887420312062,0.7121148558392749,0.7217517989352406,1.0410515651293812,-0.08055555555555549,-0.08773148148148141,0.43061379227663077,0.2865301104399852,0.23055853375779978,0.6932911136304201,0.019273886191931267,0.007175925925925919,0.02103592748520159,0.2656393844345637,0.10432442883172631,0.1208633710576117,0.0,0.9999999987499999,0.6077511250437675,0.309991074803231,0.3379167402572961,0.4619321398360604,angry,05,05,05,male,strong,572
40,1.3346666666666667,True,1.0,0.7671623826064519,0.7187648182899697,0.7429636004482107,0.9999340775040649,-0.07134259259259262,-0.07546296296296301,0.3594461705067163,0.3819076109958371,0.21533766265670737,0.743012581692107,0.04839756431648212,0.004120370370370385,0.03180925674993928,0.2893871433851487,0.10742772449828579,0.12129675953974159,0.0,0.9999999987499999,0.6064403265993897,0.3039992842117271,0.3042653321055575,0.42305167047617875,angry,05,05,05,male,strong,572
50,1.6683333333333334,True,1.0,0.7516423812418697,0.71935762335255,0.7355000022972098,1.0705605522930803,-0.06050925925925921,-0.064537037037037,0.3970858838740907,0.30221636884479935,0.2007252342133516,0.6870232615257589,0.032284757889319615,0.004027777777777797,0.017437156636254482,0.2656972207289251,0.10767156505247352,0.1198149505045886,0.0,0.9999999987499999,0.6058002199160915,0.30814417833259955,0.31521058620701764,0.4250315333811453,angry,05,05,05,male,strong,572
60,2.0020000000000002,True,1.0,0.7370417105602519,0.6863762314593497,0.7117089710098008,0.9951368096244647,-0.06319444444444444,-0.06486111111111109,0.3784117970079594,0.31840796019900475,0.2071069635386154,0.715187061845676,0.050665479100902244,0.0016666666666666496,0.014244648657206857,0.2774687865171765,0.10526611304793394,0.11860712807634544,0.0,0.9999999987499999,0.6003600601646909,0.30954255658745816,0.31289764248583657,0.42210130619835345,angry,05,05,05,male,strong,572
70,2.3356666666666666,True,1.0,0.8033636612567624,0.7612027753378969,0.7822832182973296,1.2475941912611535,-0.05921296296296302,-0.059444444444444466,0.3202087490130887,0.45224171539960956,0.20091329138676758,0.6270333925701789,0.042160885918865465,0.00023148148148144365,0.012415533760998866,0.23905659077620506,0.10944381650296944,0.11706456202489947,0.0,0.9999999987499999,0.5941777553208784,0.31027915534722394,0.31253429909099206,0.41216353228127905,angry,05,05,05,male,strong,572
80,2.6693333333333333,True,1.0,0.7621406246492152,0.7557056198024295,0.7589231222258224,0.7928658985669953,-0.05962962962962959,-0.06120370370370376,0.36616886880536514,0.21872162719089575,0.19938057002093038,0.9571897638648349,0.006435004846785719,0.001574074074074172,0.01732702464456372,0.3394396551724141,0.11037895334182195,0.1174877818858658,0.0,0.9999999987499999,0.6030944245276235,0.3074678886091533,0.30862797871137027,0.4139865353033707,angry,05,05,05,male,strong,572
90,3.003,True,1.0,0.7631873994904435,0.7331719984761067,0.7481796989832751,0.8007503510157093,-0.05935185185185182,-0.061064814814814794,0.36971313281405804,0.2646066784392942,0.20007475409596903,0.9343482622695686,0.03001540101433675,0.0017129629629629717,0.0196737688576537,0.35309700557313684,0.10824336547870105,0.11945821889866251,0.0,0.9999999987499999,0.6074396782306672,0.3062743064065294,0.30864400528360386,0.41823888049526176,angry,05,05,05,male,strong,572
100,3.336666666666667,True,1.0,0.7606827776278039,0.732319472652269,0.7465011251400364,0.7597246290643662,-0.0584722222222222,-0.05791666666666667,0.3710721110922849,0.25775071090084334,0.1980033818393895,0.9825943461374747,0.028363304975534853,0.0005555555555555314,0.015192821235817135,0.3820946359991204,0.1108516160737446,0.11977720381987378,0.0,0.9999999987499999,0.6091952721713686,0.30617591195829613,0.31150887038642555,0.4223740292148426,angry,05,05,05,male,strong,572
0,0.0,True,1.0,0.7012006676608038,0.692013590855588,0.6966071292581959,0.9102251818024389,-0.05828703703703697,-0.057407407407407296,0.3465149958747322,0.2889488579918828,0.1958430727437406,0.7653129612155599,0.0091870768052158,0.0008796296296296746,0.008670758912916675,0.31289039306618155,0.11532624574540426,0.11629718879809278,0.0,0.9999999987499999,0.611037143271371,0.30358650368591594,0.31371664428381824,0.4166552860095664,angry,05,05,05,male,strong,573
10,0.33366666666666667,True,1.0,0.7493641654003507,0.7322695703622079,0.7408168678812792,0.8299701653477249,-0.05763888888888885,-0.056990740740740786,0.3429555193173664,0.28388187512349977,0.1951639095268132,0.8925825274344723,0.017094595038142812,0.0006481481481480644,0.0069685550428605705,0.35562681662807605,0.11335465787639927,0.11676028900992515,0.0,0.9999999987499999,0.6115057684167416,0.30322637713978606,0.3149186059248961,0.41603072429712706,angry,05,05,05,male,strong,573
20,0.6673333333333333,True,1.0,0.711135217181524,0.7298253758782943,0.7204802965299091,0.6592765443289462,-0.054398148148148195,-0.056851851851851876,0.3453384460555395,0.20063438315118948,0.19515296339244412,1.0928347181883438,0.018690158696770376,0.00245370370370368,0.01118342379101941,0.41629770150332857,0.11182092818572174,0.11725911429869404,0.0,0.9999999987499999,0.6145734903805272,0.30315258053759275,0.31480437677355516,0.42193012499718113,angry,05,05,05,male,strong,573
30,1.0010000000000001,True,1.0,0.7378640198555846,0.7088901936757799,0.7233771067656822,0.9564213034039803,-0.05967592592592591,-0.06166666666666676,0.4059159241756087,0.26973180076628356,0.20070394796348634,0.7563373005088081,0.028973826179804707,0.0019907407407408484,0.011163649295487106,0.28871626963296587,0.10861334991016622,0.1166982143880949,0.0,0.9999999987499999,0.6045213209971488,0.30524763894126866,0.32474093192115716,0.4306478821729704,angry,05,05,05,male,strong,573
40,1.3346666666666667,True,1.0,0.7929461071274552,0.7665578730406826,0.7797519900840688,1.1270658708287493,-0.06055555555555553,-0.06064814814814812,0.35495624014217236,0.38034712569886153,0.1958430727437406,0.6918424293255414,0.0263882340867726,9.259259259258856e-05,0.015239260688512186,0.2463866450632166,0.10803455439468682,0.11592685839204686,0.0,0.9999999987499999,0.6000027601274884,0.30554609192320215,0.30998540103559485,0.4144709297289018,angry,05,05,05,male,strong,573
50,1.6683333333333334,True,1.0,0.741594406370096,0.7455381806581795,0.7435662935141377,1.2484030797004129,-0.06050925925925921,-0.06370370370370365,0.3518523521371337,0.41849875967229716,0.1944542534185721,0.5956139532214034,0.003943774288083457,0.003194444444444444,0.01031400696683981,0.23677852470967015,0.1070527983717621,0.1178084185679493,0.0,0.9999999987499999,0.5989677232689951,0.3066079505611216,0.30618923336165665,0.412807932895018,angry,05,05,05,male,strong,573
60,2.0020000000000002,True,1.0,0.7537251131286993,0.7455381806581806,0.7496316468934399,0.7854551316555671,-0.06083333333333324,-0.06351851851851853,0.3608378954997905,0.18602884697105485,0.19930900071578378,0.9543914307535056,0.008186932470518715,0.0026851851851852904,0.016289723921345867,0.33598466571950314,0.10958022947439333,0.11807184928762955,0.0,0.9999999987499999,0.5997553311871624,0.30575178342563053,0.3115786167671373,0.41290657564277694,angry,05,05,05,male,strong,573
70,2.3356666666666666,True,1.0,0.7642623637345147,0.7596954425143995,0.761978903124457,1.0093372254142128,-0.06143518518518526,-0.0631944444444445,0.32954477848190883,0.2937519744580547,0.20073245582099242,0.7549299519907783,0.004566921220115261,0.0017592592592592382,0.010005284116584688,0.26906150850056126,0.11076978458166634,0.1176063726997852,0.0,0.9999999987499999,0.6050999585771808,0.30570538876600967,0.31538748562691843,0.419436882944525,angry,05,05,05,male,strong,573
80,2.6693333333333333,True,1.0,0.7283657555853043,0.7171567924918812,0.7227612740385927,0.7736875439215725,-0.059259259259259345,-0.06069444444444444,0.364683469799707,0.2035623409669205,0.19792283433372324,0.9341772136787275,0.011208963093423008,0.001435185185185095,0.010376774522645224,0.34577266807508256,0.11163397563085929,0.11711220028663318,0.0,0.9999999987499999,0.6125677517960311,0.303258170766287,0.3154383626455462,0.42025913054431535,angry,05,05,05,male,strong,573
90,3.003,True,1.0,0.7661728306873816,0.7219656965669077,0.7440692636271447,0.7485757725587144,-0.059259259259259234,-0.05912037037037038,0.37018316048919414,0.2138680033416879,0.19722841160573604,0.9939798894156485,0.044207134120473945,0.0001388888888888551,0.012537658016662852,0.37206176974464794,0.11343795680420263,0.11618847475246549,0.0,0.9999999987499999,0.6127894187518756,0.30278138395801996,0.3148238905452623,0.42212939800520577,angry,05,05,05,male,strong,573
100,3.336666666666667,True,1.0,0.741594406370096,0.732628148574451,0.7371112774722735,0.7407794793972017,-0.0597685185185185,-0.06013888888888885,0.36970664535050757,0.21548821548821587,0.19584735793088193,0.9950481863672666,0.008966257795644972,0.00037037037037035425,0.005267105295746885,0.35839726529645294,0.11059519294868606,0.11695891430330484,0.0,0.9999999987499999,0.6147889397946679,0.30303265380822497,0.3132629905903191,0.4203910601186327,angry,05,05,05,male,strong,573
0,0.0,True,1.0,0.6767950753394568,0.6179261991733638,0.6473606372564102,0.6970441203911576,-0.05629629629629629,-0.05791666666666673,0.34768213994809455,0.1738653931420996,0.2168866336962356,0.9287226135601478,0.05886887616609304,0.0016203703703704386,0.03440798709391834,0.4162159233682316,0.11306357230752268,0.11507225903024325,0.0,0.9999999987499999,0.5756954906806473,0.30496756013268345,0.3071700178034745,0.4008606523332149,angry,05,05,05,male,strong,574
10,0.33366666666666667,True,1.0,0.6540337814222228,0.5948674844815155,0.6244506329518691,0.7155176249814175,-0.05319444444444449,-0.05624999999999991,0.3396277345877651,0.17133435251383544,0.21484236899808679,0.8727257179277541,0.0591662969407073,0.0030555555555554226,0.03871330013264581,0.40532766232554074,0.09711762644740929,0.1168724041491975,0.0,0.9999999987499999,0.6304599538330956,0.326686125576048,0.2933015921843512,0.4276006359511553,angry,05,05,05,male,strong,574
20,0.6673333333333333,True,1.0,0.6102496215544649,0.5814149940417371,0.595832307798101,0.758259452296039,-0.053842592592592664,-0.05722222222222212,0.34081588637142113,0.18561221522332175,0.21064316044617196,0.7857894893283529,0.028834627512727806,0.003379629629629455,0.03418288407817785,0.3886708986400391,0.1118731717325533,0.11324097567617283,0.0,0.9999999987499999,0.578878534194928,0.30511318759067235,0.3086185869066251,0.4036846207680003,angry,05,05,05,male,strong,574
30,1.0010000000000001,True,1.0,0.6404728978679943,0.6266516700871392,0.6335622839775668,0.9225017643042952,-0.05416666666666686,-0.06106481481481485,0.34165866500246145,0.18416276379029276,0.22130579281477644,0.6867870702180909,0.01382122778085515,0.006898148148147987,0.038286166200115025,0.32290968332876424,0.10835937921417015,0.11855217177223991,0.0,0.8841381566416228,0.5621556873218038,0.3075146251542596,0.29215492942638743,0.3895074439121297,angry,05,05,05,male,strong,574
40,1.3346666666666667,True,1.0,0.614259098696204,0.57967880191289,0.596968950304547,0.804810458951203,-0.05490740740740735,-0.0585648148148149,0.36973775331087094,0.12961623975463582,0.21608664754715276,0.7417509845516834,0.03458029678331398,0.0036574074074075535,0.0365455342863186,0.32968956861835647,0.11099523298322174,0.11739362133741901,0.0,0.9999999987499999,0.5681570636535864,0.30621881521521216,0.30662368098396686,0.40429803737960496,angry,05,05,05,male,strong,574
50,1.6683333333333334,True,1.0,0.6236401640931,0.5518951448210077,0.5877676544570538,1.1162100494079175,-0.04791666666666672,-0.05166666666666658,0.3477533489069052,0.4338202507122474,0.20160698200434732,0.526574415602896,0.07174501927209231,0.0037499999999998646,0.039109006244475705,0.2751328461006557,0.11393851769811443,0.11453915601714774,0.0,0.9999999987499999,0.5730918618697478,0.30551513414122966,0.3155652062920269,0.41036027178480133,angry,05,05,05,male,strong,574
60,2.0020000000000002,True,1.0,0.6278816158345103,0.6023211282306755,0.6151013720325929,0.5973230613545925,-0.049351851851851924,-0.05523148148148149,0.37262495818115376,0.09065331745821115,0.21478802939047703,1.029763308715527,0.02556048760383478,0.005879629629629568,0.044808352912569675,0.44382910567415096,0.1112370161789934,0.11353080402257534,0.0,0.9999999987499999,0.5686348386307647,0.30493686575207174,0.3085220324789743,0.3987582871152219,angry,05,05,05,male,strong,574
70,2.3356666666666666,True,1.0,0.6406917413879393,0.5992082067991273,0.6199499740935333,0.7221715906826536,-0.05050925925925931,-0.05638888888888893,0.3597390046089397,0.08008502424310103,0.21619289582048143,0.8584524538101916,0.04148353458881193,0.0058796296296296235,0.042717258346600465,0.3680736542059181,0.11266191110004221,0.11645133598783722,0.0,0.9999999987499999,0.5632304033488397,0.3046878099708617,0.3055414837167872,0.40160153074011773,angry,05,05,05,male,strong,574
80,2.6693333333333333,True,1.0,0.7032261551394402,0.648553371835731,0.6758897634875856,0.7249127920756857,-0.05398148148148163,-0.05888888888888899,0.3485625849174848,0.09737952379476834,0.2175803760799613,0.9323738950064192,0.05467278330370917,0.00490740740740736,0.037014087948973054,0.37150419083989655,0.11334639048105816,0.11627780301343367,0.0,0.9999999987499999,0.5636885867628302,0.306519883934184,0.30119272625003796,0.39827602191028716,angry,05,05,05,male,strong,574
90,3.003,True,1.0,0.6698217458736155,0.6362842477642825,0.653052996818949,0.6576783014351253,-0.054768518518518494,-0.05930555555555561,0.35289418126086236,0.10250915219787196,0.2154991624962354,0.9929672233277526,0.03353749810933304,0.004537037037037117,0.04045252062533424,0.4175054822174374,0.11310624630987058,0.11486456929513225,0.0,0.9999999987499999,0.5660731616631026,0.30552554247330016,0.3052877818573,0.40387283525585654,angry,05,05,05,male,strong,574
100,3.336666666666667,True,1.0,0.6770332832139118,0.6355089160023901,0.6562710996081509,0.661001142135999,-0.05634259259259261,-0.05921296296296297,0.3507979730762315,0.10989553854818006,0.21624899925284036,0.9928441235176036,0.04152436721152164,0.0028703703703703565,0.04216032572614499,0.4289676289766592,0.11319946984581877,0.11526961482831241,0.0,0.9999999987499999,0.5679862741424695,0.305343138965593,0.3036002463066965,0.40275786674193426,angry,05,05,05,male,strong,574
0,0.0,True,1.0,0.7251682043719211,0.6898551267516134,0.7075116655617673,0.7854289293579239,-0.05231481481481476,-0.05342592592592582,0.33859735322461515,0.318330670422708,0.19520495206399283,0.900796544558331,0.035313077620307665,0.0011111111111110628,0.017401549532130627,0.38358894341794086,0.11049461847365942,0.1167279560824912,0.0,0.9999999987499999,0.6055492611810349,0.30418624263395416,0.31267882411188264,0.4248483800922942,angry,05,05,05,male,strong,575
10,0.33366666666666667,True,1.0,0.7005008224061202,0.6979065232534116,0.6992036728297659,0.8101159929025952,-0.05379629629629623,-0.05407407407407405,0.3294879359072123,0.33610424146534024,0.19242812793720376,0.8630908153344347,0.00259429915270859,0.0002777777777778212,0.02083776924507566,0.3755598682686346,0.10996999486729064,0.1159148182554768,0.0,0.9999999987499999,0.6093424649391006,0.3034197243083466,0.31426804748766957,0.424534158047474,angry,05,05,05,male,strong,575
20,0.6673333333333333,True,1.0,0.7035368562154442,0.6753427269458603,0.6894397915806523,0.7813114781421998,-0.05425925925925934,-0.05476851851851855,0.3275738229127998,0.3291962495678537,0.19381653658425438,0.8824134943211128,0.028194129269583867,0.0005092592592592093,0.017539434794090467,0.3793779528844739,0.1117198707510181,0.1162134360225058,0.0,0.9999999987499999,0.6082609601106067,0.3027549721717043,0.31389050551822795,0.422603760391796,angry,05,05,05,male,strong,575
30,1.0010000000000001,True,1.0,0.7711193021898023,0.7506925839090574,0.7609059430494298,1.320659316544803,-0.0585648148148149,-0.06282407407407414,0.3306384129705426,0.49515621160986906,0.21459222176423368,0.5761561165071418,0.020426718280744938,0.00425925925925924,0.026037027482203278,0.23673500211505702,0.0942597252940369,0.1220326491595387,0.0,0.9999999987499999,0.6381022394113897,0.3297232580420004,0.28479725607526346,0.4268037847204124,angry,05,05,05,male,strong,575
40,1.3346666666666667,True,1.0,0.7318668286259312,0.7111725087323126,0.7215196686791219,0.9963004220901753,-0.05615740740740749,-0.05916666666666659,0.3655139041010737,0.30965199620007927,0.21114038186407766,0.7241988989279149,0.020694319893618585,0.0030092592592591005,0.018467171959261737,0.2815663274068512,0.11002618797043848,0.11700688208907294,0.0,0.9999999987499999,0.5675437488432874,0.30872764884499543,0.3110176670228517,0.4150070835463583,angry,05,05,05,male,strong,575
50,1.6683333333333334,True,1.0,0.6880344464780687,0.6520482028532735,0.6700413246656711,1.2622481350846404,-0.05148148148148152,-0.05490740740740746,0.3784802069668991,0.42497973923425675,0.2097280427126453,0.5308317010274223,0.03598624362479519,0.0034259259259259434,0.024364527031237187,0.25845398593898494,0.11081085195995857,0.11885701806804135,0.0,0.9999999987499999,0.5648155030762305,0.30876925071007255,0.32955389424463793,0.43327056958629795,angry,05,05,05,male,strong,575
60,2.0020000000000002,True,1.0,0.6432803383942876,0.6509266163436103,0.6471034773689489,1.2757908323325595,-0.051435185185185306,-0.05416666666666675,0.3719705947979057,0.3419128165466402,0.20555704018912999,0.507217532035274,0.007646277949322711,0.002731481481481446,0.009058244377758073,0.23972458634289623,0.11013186517924063,0.1173953006311433,0.0,0.9999999987499999,0.5628534991887381,0.31011051509281906,0.30848116319954727,0.41601962282855676,angry,05,05,05,male,strong,575
70,2.3356666666666666,True,1.0,0.7798090056062157,0.7578096993234233,0.7688093524648195,1.3478397504294757,-0.055972222222222145,-0.05884259259259261,0.2818375970969749,0.43761030858099864,0.21043443258590488,0.5704011565320329,0.02199930628279234,0.0028703703703704675,0.007124667770781614,0.20454545454545495,0.09724370918554133,0.11870931139670762,0.0,0.9999999987499999,0.6296890005767932,0.3281762568334875,0.2914825350922873,0.428084414294425,angry,05,05,05,male,strong,575
80,2.6693333333333333,True,1.0,0.7688290856802996,0.7383160812560604,0.75357258346818,0.9636501681163947,-0.055972222222222145,-0.0593981481481482,0.35389331905615584,0.2722997265238553,0.21042573109859153,0.781998082292826,0.03051300442423921,0.0034259259259260544,0.01446805012882861,0.2867564757335912,0.09954987863098191,0.120000584182111,0.0,0.9999999987499999,0.6280746833342712,0.3302215748838019,0.2894022076175306,0.43041418194120856,angry,05,05,05,male,strong,575
90,3.003,True,1.0,0.7317103845663128,0.7143818742777484,0.7230461294220305,0.8651898448093414,-0.05708333333333332,-0.058009259259259205,0.3714364804092119,0.2861353258386517,0.20764219578406493,0.8357080631030355,0.017328510288564414,0.0009259259259258856,0.015717233898709885,0.34746663786565785,0.0966765461090361,0.11820855018051739,0.0,0.9999999987499999,0.6325399981164341,0.32868575315522147,0.2917561656124868,0.4364185419730437,angry,05,05,05,male,strong,575
100,3.336666666666667,True,1.0,0.7517788519411537,0.7087369589318392,0.7302579054364964,0.8710326097139928,-0.058240740740740815,-0.057361111111111196,0.35994841695066937,0.297209777472002,0.20694481311284502,0.8383818209473003,0.04304189300931449,0.0008796296296296191,0.0075885107578824535,0.3513991847306464,0.1108665617251975,0.11604686139263355,0.0,0.9999999987499999,0.5793384307004052,0.30881222961566746,0.3022963751507202,0.407135314654399,angry,05,05,05,male,strong,575
0,0.0,True,1.0,0.6585148498987323,0.6559874784981963,0.6572511641984643,0.9616428290210058,-0.06175925925925929,-0.06537037037037041,0.3419779948314643,0.39811873119345126,0.17919391750124905,0.6834670257642066,0.0025273714005360493,0.0036111111111111205,0.016031615311143714,0.2916726479281741,0.10404528523593659,0.11563124715462049,0.0,0.9999999987499999,0.6241184705210209,0.3091489802585011,0.307723262177358,0.4093195086857787,fearful,06,05,05,male,normal,576
10,0.33366666666666667,True,1.0,0.6506181145824075,0.6578475791135251,0.6542328468479663,0.9615314300586582,-0.061851851851851825,-0.06462962962962959,0.34210895685545184,0.39811873119345126,0.17849316768879114,0.6804071363616839,0.007229464531117613,0.002777777777777768,0.015125671247988134,0.2904484149895141,0.10786382089036084,0.11592149772563938,0.0,0.9999999987499999,0.6234332100183823,0.3085482527641678,0.3113744190098032,0.411220717179828,fearful,06,05,05,male,normal,576
20,0.6673333333333333,True,1.0,0.6665926235064292,0.6573879298909199,0.6619902766986745,1.0194292601113024,-0.05995370370370362,-0.06314814814814806,0.3483168972102257,0.4210686074372768,0.17987638103482617,0.6493734313908134,0.009204693615509352,0.003194444444444444,0.009947803721496767,0.27868537403703725,0.10573108453385517,0.11541999844917798,0.0,0.9999999987499999,0.6232558413912439,0.3079755841279027,0.3088259936463395,0.41201815438552525,fearful,06,05,05,male,normal,576
30,1.0010000000000001,True,1.0,0.6660056819366912,0.6699317569872907,0.667968719461991,1.1460654190520143,-0.06250000000000006,-0.06523148148148145,0.33570721996884656,0.45078573149379286,0.17987638103482617,0.5828364667127917,0.003926075050599498,0.0027314814814813904,0.010002379708802881,0.2478588868242928,0.10550950139433675,0.1175832928800448,0.0,0.9999999987499999,0.6243427101621899,0.30827082732770433,0.3077280853890332,0.4127927148515025,fearful,06,05,05,male,normal,576
40,1.3346666666666667,True,1.0,0.6804724978772677,0.6737153819855111,0.6770939399313893,0.9028124769546487,-0.06027777777777776,-0.06342592592592589,0.3462684718678942,0.3626050112358833,0.18129208832451157,0.7499829224949912,0.006757115891756649,0.003148148148148122,0.014171827215234172,0.29553698979213044,0.10557630496974586,0.11523139421502819,0.0,0.9755546401672093,0.6250786187131102,0.3073475244078991,0.3087363673931537,0.4116197549441205,fearful,06,05,05,male,normal,576
50,1.6683333333333334,True,1.0,0.6630654129548075,0.6568237596357808,0.6599445862952942,0.7910339168239436,-0.05981481481481471,-0.06287037037037024,0.3453746926733192,0.2761000629345202,0.18056611902358907,0.8342810241879611,0.006241653319026708,0.0030555555555555336,0.015403626638889145,0.32953144691495684,0.10559555997465987,0.11554400024407498,0.0,0.9999999987499999,0.6205659181406938,0.3075485313939643,0.30782016953328406,0.41195718161523875,fearful,06,05,05,male,normal,576
60,2.0020000000000002,True,1.0,0.652713067194307,0.67226507126849,0.6624890692313985,0.8658658135445733,-0.06101851851851864,-0.06384259259259262,0.3389227112203553,0.3341287503608405,0.1812605229973301,0.7651174799469026,0.019552004074183005,0.002824074074073979,0.010121348135979856,0.31621484403964106,0.09302088035635338,0.11596294839127352,0.0,0.9999999987499999,0.6516655237016682,0.33011331852074044,0.2826663747497003,0.43343875340683263,fearful,06,05,05,male,normal,576
70,2.3356666666666666,True,1.0,0.6340131594526085,0.6477516348900639,0.6408823971713362,0.9458903770730333,-0.060787037037037084,-0.06254629629629632,0.35273432245921227,0.36368145090858767,0.18403441091295172,0.6775440502465889,0.013738475437455433,0.0017592592592592382,0.009044064477457715,0.2945334655853392,0.0958834775969329,0.1174011886619149,0.0,0.9999999987499999,0.6506353693508652,0.33005084898615533,0.28727655393542656,0.4349208798823391,fearful,06,05,05,male,normal,576
80,2.6693333333333333,True,1.0,0.6424947798732558,0.6482369610753593,0.6453658704743075,0.9098593501379801,-0.062037037037037,-0.06462962962962954,0.35647358752578445,0.3537777903185611,0.18334831407780552,0.7093028943170587,0.005742181202103569,0.0025925925925925353,0.00553463464042473,0.29502306899463854,0.09476041068817638,0.11668806908447465,0.0,0.9999999987499999,0.651169081882753,0.3292244737797576,0.28733110498973957,0.43665279496354487,fearful,06,05,05,male,normal,576
90,3.003,True,1.0,0.6529993426257952,0.6615267077834135,0.6572630252046043,0.9301750869188278,-0.059907407407407354,-0.06412037037037033,0.34848539383845084,0.3706023223970245,0.18057076675375175,0.7066014070337714,0.008527365157618316,0.004212962962962974,0.015460793567662475,0.2917064398868235,0.10622952470555093,0.1147955679129132,0.0,0.9999999987499999,0.6196083563581682,0.3070836886485314,0.3079664095029064,0.4068103001851473,fearful,06,05,05,male,normal,576
0,0.0,True,1.0,0.6807349752246873,0.6996967527459085,0.6902158639852979,0.8358045136618817,-0.060046296296296264,-0.06523148148148139,0.34416232558112164,0.32087304611309087,0.18333707863421067,0.8258101657782138,0.01896177752122119,0.005185185185185126,0.0024534733174157225,0.3214123574117235,0.10756622060676761,0.1163615470152943,0.0,0.9999999987499999,0.6289362144310849,0.3068093561545363,0.31204888964580735,0.42127932286425096,fearful,06,05,05,male,normal,577
10,0.33366666666666667,True,1.0,0.6432012039934959,0.6578674880939043,0.6505343460437001,0.773520403218323,-0.060138888888888964,-0.06490740740740736,0.36049041750068045,0.2793116590569938,0.18403150894573134,0.8410047664380604,0.014666284100408378,0.004768518518518394,0.00833333784869663,0.3234296810428657,0.10665127902007984,0.1170380373001619,0.0,0.9999999987499999,0.6291241330985519,0.3070369556843862,0.3137834909683854,0.41949489634203135,fearful,06,05,05,male,normal,577
20,0.6673333333333333,True,1.0,0.7501270036014914,0.7702519534209697,0.7601894785112306,0.9783222712500549,-0.061712962962963025,-0.0637962962962963,0.344000472942077,0.3687384337243366,0.18125168372062783,0.7770338066002481,0.02012494981947832,0.0020833333333332704,0.010154638730499687,0.2859803150617553,0.09606798903934005,0.11789842088754406,0.0,0.9999999987499999,0.6517814590211084,0.3301645412885156,0.2859031987443023,0.43935121245970477,fearful,06,05,05,male,normal,577
30,1.0010000000000001,True,1.0,0.7115269960300938,0.7322680660184947,0.7218975310242943,1.1375020794361774,-0.06277777777777788,-0.0651388888888888,0.3393060560795224,0.47016752616695373,0.17990352436566096,0.6346340319501792,0.020741069988400862,0.002361111111110925,0.006515728775215761,0.2549999999999997,0.10504288132156948,0.11439314615404632,0.0,0.9999999987499999,0.624260357166304,0.30740380337988665,0.3116573353906967,0.415572123802318,fearful,06,05,05,male,normal,577
40,1.3346666666666667,True,1.0,0.6804724978772668,0.6713441882724062,0.6759083430748365,0.8584118633339268,-0.06212962962962959,-0.06328703703703703,0.3496318114030619,0.36260501123588307,0.1812706245000569,0.7873939910962117,0.009128309604860663,0.0011574074074074403,0.00981631656886156,0.3205071812383101,0.10451253937997414,0.11504360852852222,0.0,0.9999999987499999,0.6233175501841361,0.30744129378168616,0.3105174131282998,0.41460846042559596,fearful,06,05,05,male,normal,577
50,1.6683333333333334,True,1.0,0.7211979992935581,0.7177097309840035,0.7194538651387807,1.3398402306853043,-0.06370370370370376,-0.0672222222222223,0.31900765783420276,0.5730641950521487,0.17987638103482617,0.5369698928735652,0.0034882683095546207,0.003518518518518532,0.005336288637987413,0.21720188406409588,0.10788609795917332,0.11688289457513906,0.0,0.9999999987499999,0.6250668229557449,0.30851460854178614,0.31460682086496794,0.42567030207365714,fearful,06,05,05,male,normal,577
60,2.0020000000000002,True,1.0,0.6630654129548055,0.6726152972822599,0.6678403551185327,1.1391073213629457,-0.06351851851851859,-0.06601851851851859,0.339066485304145,0.42525477318652394,0.18055597810614288,0.5862839634104533,0.009549884327454405,0.0025000000000000022,0.007556409805459601,0.23249346121335343,0.10613377824456471,0.11685718983865172,0.0,0.9999999987499999,0.6269322273831408,0.30886629641613567,0.3133510042976773,0.4249104030330699,fearful,06,05,05,male,normal,577
70,2.3356666666666666,True,1.0,0.666592941565144,0.6771061041261318,0.6718495228456379,0.9038522291017062,-0.0602314814814815,-0.0648611111111112,0.34184548407827314,0.36907299354986306,0.18194486376946223,0.7433178800846194,0.010513162560987777,0.004629629629629706,0.008300966879753695,0.3098236085303674,0.10659403427487196,0.11610980003268843,0.0,0.9999999987499999,0.6263258529114771,0.3087138952849994,0.3106411478750183,0.41830098751324035,fearful,06,05,05,male,normal,577
80,2.6693333333333333,True,1.0,0.6804724978772657,0.7301644787183166,0.7053184882977912,0.9490448405567906,-0.06111111111111106,-0.06462962962962959,0.34091720027091427,0.384137197368225,0.17987638103482617,0.7431877379829506,0.049691980841050865,0.003518518518518532,0.0045974900995089975,0.3039861261271696,0.10877536681748319,0.11638362705367682,0.0,0.9999999987499999,0.6285543917176245,0.30798775364398817,0.3143150806819594,0.41999695245430874,fearful,06,05,05,male,normal,577
90,3.003,True,1.0,0.6804724978772657,0.7036654762835265,0.6920689870803961,0.8962585341830475,-0.06055555555555553,-0.06384259259259262,0.3445956444583316,0.3659722347914113,0.18194486376946223,0.7721756175088775,0.023192978406260778,0.0032870370370370883,0.009657023984364887,0.31918543243352804,0.10746277928010242,0.11580084938659062,0.0,0.9999999987499999,0.6300207998980842,0.3077501891269713,0.31358395445826137,0.4189031035234765,fearful,06,05,05,male,normal,577
100,3.336666666666667,True,1.0,0.7081480602486442,0.7065734653527685,0.7073607628007064,0.9339190686446,-0.061203703703703705,-0.06370370370370365,0.3363014395488055,0.39039219331485947,0.180559358475242,0.7574112003380566,0.0015745948958756362,0.0024999999999999467,0.008077702511637934,0.30473157719917976,0.1063790935911737,0.11663391508566233,0.0,0.9999999987499999,0.6312710220885229,0.30722099625481997,0.3137874645910701,0.4214632884139234,fearful,06,05,05,male,normal,577
0,0.0,True,1.0,0.7005008224061207,0.7075548071023844,0.7040278147542525,0.8885116328421556,-0.06129629629629624,-0.06490740740740736,0.34652158298522767,0.36414411182055534,0.17990352436566084,0.7923675827430874,0.0070539846962637265,0.0036111111111111205,0.001738796005498037,0.3135245901639342,0.10735622193948102,0.11557040869179072,0.0,0.9999999987499999,0.6301770171896884,0.3027658650086751,0.31245910904656127,0.4169722372395942,fearful,06,05,05,male,normal,578
10,0.33366666666666667,True,1.0,0.6738377397519435,0.6969582392545486,0.685397989503246,0.8532845392562312,-0.061620370370370436,-0.06574074074074077,0.35492781126603573,0.3341884255165737,0.17920115530761807,0.8032466990444663,0.023120499502605085,0.00412037037037033,0.0010245623205641372,0.3093614053150724,0.10925437325809588,0.11444551309920797,0.0,0.9999999987499999,0.6285221943230417,0.30322018702154674,0.314594340456543,0.4176528262608889,fearful,06,05,05,male,normal,578
20,0.6673333333333333,True,1.0,0.6738266265697574,0.695776362764982,0.6848014946673697,0.8315803236695507,-0.06111111111111106,-0.06555555555555553,0.35205278543523605,0.32974910394265233,0.1799035243656609,0.8234941053505407,0.021949736195224556,0.004444444444444473,0.002282478415778298,0.3200280534340997,0.10846586125748822,0.11369483259411381,0.0,0.9999999987499999,0.6298772445697028,0.3030523241286013,0.3136218250896826,0.41887293028450956,fearful,06,05,05,male,normal,578
30,1.0010000000000001,True,1.0,0.6637695127403572,0.6968233435683068,0.680296428154332,1.04315886134068,-0.06046296296296294,-0.06412037037037038,0.34359228033122474,0.41138659320477494,0.17782068794340952,0.6521503611444254,0.03305383082794955,0.0036574074074074425,0.0010629968338099378,0.2697341682536849,0.10608420976047597,0.11755227743930009,0.0,0.9999999987499999,0.6281287604104141,0.3033896519076141,0.30945842327828516,0.4126321569330533,fearful,06,05,05,male,normal,578
40,1.3346666666666667,True,1.0,0.6839337387842553,0.7065734653527693,0.6952536020685123,0.817204301075269,-0.061018518518518416,-0.06527777777777782,0.3529867050366627,0.3440860215053761,0.18405430888416377,0.8507708551627846,0.022639726568513985,0.004259259259259407,0.0030671111310683168,0.34539473684210503,0.10981010234908284,0.1147456086522574,0.0,0.9999999987499999,0.6286058191323405,0.3029238445247502,0.3142083302331206,0.41586280194753794,fearful,06,05,05,male,normal,578
50,1.6683333333333334,True,1.0,0.6872913632626061,0.6924946195985637,0.6898929914305849,0.7934314726616198,-0.06041666666666662,-0.06356481481481485,0.34555384806557454,0.2938475665748394,0.18127693765341465,0.8695054522053328,0.00520325633595764,0.003148148148148233,0.0021717336186928573,0.3228991487418609,0.10900182722588303,0.11435334411943587,0.0,0.9999999987499999,0.62985073495023,0.3024440974609161,0.3154152640573119,0.4184641404216261,fearful,06,05,05,male,normal,578
60,2.0020000000000002,True,1.0,0.6978650765435687,0.7065734653527694,0.702219270948169,0.859299667791869,-0.06097222222222215,-0.0641666666666666,0.34278639918251674,0.32592592592592595,0.18196499023394072,0.8171995140561996,0.008708388809200773,0.003194444444444444,0.0003809073738692832,0.31080876935853885,0.10636911334801322,0.11466623764980916,0.0,0.9999999987499999,0.630189898873612,0.30283183863595803,0.3132837925194903,0.4191526070537571,fearful,06,05,05,male,normal,578
70,2.3356666666666666,True,1.0,0.6738266265697559,0.7079309564512145,0.6908787915104853,0.903498019829518,-0.06101851851851853,-0.06550925925925927,0.34928030073680405,0.3788706739526409,0.17920924427469392,0.7646710632977899,0.03410432988145862,0.00449074074074074,0.004934362839875131,0.29031063290731507,0.108829117362197,0.11368284446663236,0.0,0.9999999987499999,0.6300102544064501,0.30345905146315666,0.31645139036676906,0.4184074184955695,fearful,06,05,05,male,normal,578
80,2.6693333333333333,True,1.0,0.6976042053458228,0.7046860304768143,0.7011451179113186,0.8744992824195374,-0.0616666666666667,-0.06412037037037038,0.35613082566685034,0.3512183861625594,0.18198637216357713,0.8017675165740697,0.007081825130991537,0.00245370370370368,0.0019284968800493316,0.3042903416663146,0.10795074980891248,0.1135146591521425,0.0,0.9999999987499999,0.6290015053912189,0.3038924613788022,0.3154056834525007,0.419572989445019,fearful,06,05,05,male,normal,578
90,3.003,True,1.0,0.7139523063806016,0.7198959089561485,0.716924107668375,0.8888888888888895,-0.06231481481481482,-0.06402777777777774,0.34945687255940294,0.36429872495446264,0.18059780572043996,0.8065396211269213,0.005943602575546936,0.0017129629629629162,0.00034672117414104536,0.3139528843608462,0.10911980317762894,0.11606074972501355,0.0,0.9999999987499999,0.6292508777182748,0.3037158138757503,0.3134668527693992,0.4148541440457592,fearful,06,05,05,male,normal,578
0,0.0,True,1.0,0.6489657201490763,0.6597098299738557,0.6543377750614661,0.9098297989284669,-0.060046296296296264,-0.06319444444444439,0.34827290790007753,0.3728176672248486,0.17500174385291856,0.7191870125952115,0.010744109824779469,0.003148148148148122,0.007823005999081839,0.30469271976674145,0.10493752675206842,0.11679627368892975,0.0,0.9999999987499999,0.6315038693758754,0.30678788545469426,0.303745135974833,0.4118350665458626,fearful,06,05,05,male,normal,579
10,0.33366666666666667,True,1.0,0.6883614294569331,0.6986690091266874,0.6935152192918103,0.9170134865287207,-0.05949074074074073,-0.06310185185185185,0.33560567016645504,0.38966224247768416,0.17570139218256636,0.7562759212157885,0.010307579669754263,0.0036111111111111205,0.012840048887471298,0.3191293404086879,0.10869354749408193,0.1166235214396456,0.0,0.9999999987499999,0.6281273172784738,0.3071361673047083,0.3078739355974575,0.41251775010255154,fearful,06,05,05,male,normal,579
20,0.6673333333333333,True,1.0,0.6660970811621427,0.673715381985511,0.6699062315738269,0.9332728909050734,-0.05999999999999994,-0.06425925925925918,0.3391588148057547,0.3977208125964305,0.1736128689147123,0.7178031614356251,0.007618300823368229,0.00425925925925924,0.013529822329496472,0.296847394270795,0.10669711854206138,0.11568617378979197,0.0,0.9999999987499999,0.6258946872108218,0.3083870097469253,0.3066494108747117,0.40763135875636414,fearful,06,05,05,male,normal,579
30,1.0010000000000001,True,1.0,0.6762655133454412,0.6857588187939281,0.6810121660696846,1.1517907861093233,-0.0591666666666667,-0.06305555555555564,0.32995746231422296,0.4513644303795954,0.1784876109678226,0.5912637731459034,0.009493305448486922,0.0038888888888889417,0.019117053790820036,0.24361129152862915,0.1062289588113495,0.11935264208112982,0.0,0.9999999987499999,0.6256176259722638,0.3098618581387412,0.30376502678984796,0.40891480201484065,fearful,06,05,05,male,normal,579
40,1.3346666666666667,True,1.0,0.6527130671943084,0.6594327629123595,0.656072915053334,0.8954038113837055,-0.05703703703703711,-0.06097222222222215,0.35129379312815256,0.34493598356034005,0.1777885062901159,0.7327117739642818,0.0067196957180510886,0.003935185185185042,0.0169604254054433,0.3139395370993407,0.10710579469356857,0.1159669368602075,0.0,0.9999999987499999,0.6249331756765207,0.30837433986313934,0.3058029167439311,0.4081946003167859,fearful,06,05,05,male,normal,579
50,1.6683333333333334,True,1.0,0.6883614294569318,0.6677790694522021,0.678070249454567,1.0556072844623583,-0.0593981481481482,-0.060925925925925994,0.3698121885923622,0.3870451188119731,0.17709022658152102,0.6423508623284289,0.020582360004729683,0.0015277777777777946,0.012014688066959073,0.23999325028475257,0.1065698104152482,0.11629597268196126,0.0,0.9999999987499999,0.625432391323717,0.30957133960874095,0.30861020663798705,0.4070993701622081,fearful,06,05,05,male,normal,579
60,2.0020000000000002,True,1.0,0.708232527996831,0.7301824682583479,0.7192074981275894,0.8734265617047375,-0.05842592592592594,-0.06138888888888894,0.34129724340166856,0.31624065165171567,0.17569835258094374,0.8234321346076925,0.021949940261516865,0.0029629629629630005,0.018126083385488295,0.3103448275862074,0.10500947957900332,0.1162409197504551,0.0,0.9999999987499999,0.6287613184414391,0.3078991979586714,0.30507788603554303,0.4069216611925301,fearful,06,05,05,male,normal,579
70,2.3356666666666666,True,1.0,0.6807468618749252,0.6893533507065859,0.6850501062907555,0.9625095040936512,-0.05972222222222212,-0.06259259259259253,0.3441854579675902,0.3910043842507108,0.17500043596485879,0.7117333422445882,0.008606488831660708,0.002870370370370412,0.010652891232854154,0.2904484149895141,0.10828287002632218,0.11569495018577657,0.0,0.9999999987499999,0.6257645118047219,0.30800604641635587,0.306758607441154,0.4067031693749912,fearful,06,05,05,male,normal,579
80,2.6693333333333333,True,1.0,0.704792056746709,0.7128986991033237,0.7088453779250163,0.9098297989284665,-0.06018518518518512,-0.06101851851851847,0.346173086716699,0.3728176672248484,0.17569487868612624,0.7790966824342801,0.008106642356614735,0.0008333333333333526,0.009968810166097703,0.30469271976674145,0.1087976974111304,0.11570598221671535,0.0,0.9999999987499999,0.6275810853091236,0.3084865167465755,0.30923142172416407,0.40747715045587973,fearful,06,05,05,male,normal,579
90,3.003,True,1.0,0.6946270176236524,0.7157318904381684,0.7051794540309104,0.8444063111045389,-0.05893518518518526,-0.06106481481481485,0.35658440798498875,0.312997964879756,0.17639061901081732,0.8351186446113713,0.021104872814516007,0.0021296296296295925,0.010363147362337318,0.3108087693585393,0.10673400589737919,0.11630921582932564,0.0,0.9999999987499999,0.6260895298041093,0.30896121448639313,0.3059602063966322,0.4051545055936187,fearful,06,05,05,male,normal,579
0,0.0,True,1.0,0.7938486592949369,0.7636319350492273,0.778740297172082,1.0303867502754576,-0.06152777777777779,-0.06013888888888891,0.35111186216211,0.44797935360512153,0.1777777777777778,0.7557747583263257,0.030216724245709536,0.001388888888888884,0.0036413660254512397,0.2938261253610449,0.10546935384663628,0.11631624765240449,0.0,0.9999999987499999,0.6211675036889757,0.30910022070614684,0.31823182379628334,0.4223857527852237,fearful,06,05,05,male,strong,580
10,0.33366666666666667,True,1.0,0.7814488959261844,0.7923946504017318,0.7869217731639582,1.089508267028863,-0.0618981481481482,-0.059629629629629644,0.348072145305601,0.45519199564880397,0.17987171536233565,0.7222724204837183,0.010945754475547465,0.0022685185185185586,0.0068392852230212565,0.27772704727717085,0.1064683231744396,0.11507190071658716,0.0,0.9999999987499999,0.6191589443668092,0.3095167695127552,0.3208527450000217,0.42444605658661366,fearful,06,05,05,male,strong,580
20,0.6673333333333333,True,1.0,0.7812366964273627,0.7918430606270045,0.7865398785271835,1.150321208335717,-0.062453703703703733,-0.06384259259259256,0.34884192293387467,0.47053573044610136,0.18264933186801843,0.6837567392721101,0.010606364199641782,0.0013888888888888284,0.004377281820291593,0.2486893797423282,0.10504705552189947,0.11571407222076566,0.0,0.9999999987499999,0.6200251891537866,0.3086989496230682,0.32019452745704063,0.4319936389618167,fearful,06,05,05,male,strong,580
30,1.0010000000000001,True,1.0,0.752012912840496,0.738398476528043,0.7452056946842696,1.2212854453292985,-0.06157407407407406,-0.06324074074074071,0.3773138124215005,0.45458070398545636,0.18264557246431654,0.6101814260820391,0.01361443631245296,0.0016666666666666496,0.012302628721824225,0.2312454835307557,0.10218165566707142,0.11744368816733645,0.0,0.9999999987499999,0.6208313265853216,0.3079845782125665,0.31544628953025894,0.4281554919472668,fearful,06,05,05,male,strong,580
40,1.3346666666666667,True,1.0,0.7251991288931597,0.7028091102444063,0.714004119568783,0.9241899214387694,-0.05902777777777779,-0.06175925925925929,0.35544551864423984,0.3537777903185613,0.18333374948165362,0.772572934421562,0.02239001864875345,0.0027314814814815014,0.011593330584998549,0.31677958254787086,0.10787860479551824,0.116726705843014,0.0,0.9999999987499999,0.6168597265312374,0.3079128489417758,0.3176311653331193,0.42539728157552736,fearful,06,05,05,male,strong,580
50,1.6683333333333334,True,1.0,0.724928039865041,0.7347194117256834,0.7298237257953621,1.1217702842976613,-0.05805555555555553,-0.06037037037037035,0.36251502066632363,0.4259779175776062,0.1784876109678226,0.6505999811292057,0.009791371860642495,0.002314814814814825,0.008947124900660028,0.2634426891638432,0.10824491240605358,0.1162232860509373,0.0,0.9999999987499999,0.616901798821091,0.3083354449288491,0.32037502959519953,0.42709097803810564,fearful,06,05,05,male,strong,580
60,2.0020000000000002,True,1.0,0.6630654129548055,0.6637708531113097,0.6634181330330575,0.8390643906780403,-0.06027777777777782,-0.06212962962962959,0.3601488325204341,0.3199676414520387,0.1820655891830967,0.7906641497405883,0.0007054401565042001,0.0018518518518517713,0.017257443841627786,0.333671276461025,0.1027573124317433,0.11677731560533562,0.0,0.9999999987499999,0.6162333241499725,0.30933268872994485,0.30264688004294427,0.4071931623405452,fearful,06,05,05,male,strong,580
70,2.3356666666666666,True,1.0,0.7642332508479802,0.7458086339269326,0.7550209423874564,1.0447029408333193,-0.05824074074074087,-0.05981481481481482,0.34690981285595246,0.44026766792261285,0.18057625937153512,0.722713522549487,0.018424616921047576,0.00157407407407395,0.014953268932910753,0.2735875135144513,0.10834862752022534,0.11661775181800736,0.0,0.9999999987499999,0.6116780026072929,0.30861554519669576,0.31563317127876667,0.4174488028903047,fearful,06,05,05,male,strong,580
80,2.6693333333333333,True,1.0,0.7226192532700814,0.7322680660184935,0.7274436596442875,1.0121624176152988,-0.05902777777777768,-0.058657407407407325,0.35433504417197703,0.44001213564094066,0.17847606953301587,0.7187024997017556,0.009648812748412117,0.00037037037037035425,0.0027212872178154616,0.28675647573359087,0.1086907751654184,0.11580642761205945,0.0,0.9999999987499999,0.6157757080566603,0.3080509630350888,0.32105185813936105,0.4260647346915954,fearful,06,05,05,male,strong,580
90,3.003,True,1.0,0.7255834680008124,0.7379989966034324,0.7317912323021224,1.0687230652775042,-0.06064814814814812,-0.059166666666666645,0.34631903304487033,0.4590417236160118,0.17847264970529494,0.6847341992306546,0.012415528602619963,0.0014814814814814725,0.003018802900213334,0.2855229811062647,0.10634601313142819,0.11535023022335064,0.0,0.9999999987499999,0.6179713045452555,0.3081643647801986,0.319951677573368,0.42557839782894435,fearful,06,05,05,male,strong,580
0,0.0,True,1.0,0.7481713817081391,0.7321822020172651,0.7401767918627021,1.0414927715824938,-0.05842592592592594,-0.058194444444444327,0.3592652763300335,0.44001213564094066,0.16944624547227047,0.7106883619922222,0.01598917969087399,0.00023148148148161019,0.012214436117778543,0.26178990652866235,0.10971561835832383,0.11648319984333598,0.0,0.9999999987499999,0.6222201139909088,0.3098578784322006,0.3141901654642953,0.4186492072607403,fearful,06,05,05,male,strong,581
10,0.33366666666666667,True,1.0,0.7764243651209843,0.7560203244152583,0.7662223447681213,1.0329849700027756,-0.05912037037037038,-0.05754629629629621,0.3600919807338161,0.4218704830539629,0.17292063758304488,0.7417555598762124,0.02040404070572599,0.001574074074074172,0.010376089607739763,0.2855229811062647,0.10799480795634596,0.11596388616307546,0.0,0.9999999987499999,0.6200831960049644,0.3100103336825258,0.3152633140469367,0.4195498547564549,fearful,06,05,05,male,strong,581
20,0.6673333333333333,True,1.0,0.702688679630692,0.6881809251117244,0.6954348023712082,0.9820482365690117,-0.05851851851851847,-0.05912037037037027,0.3618623236792034,0.3682177001274831,0.17363923383335514,0.7081472950869026,0.014507754518967686,0.0006018518518517979,0.014138911424455888,0.2894824447283164,0.10644818001266138,0.11722278986389484,0.0,0.9999999987499999,0.6276417452371573,0.3077457377054069,0.30944386969712734,0.4156070559581561,fearful,06,05,05,male,strong,581
30,1.0010000000000001,True,1.0,0.6810094450522405,0.6841715395062544,0.6825904922792474,1.0422612518465155,-0.056712962962962965,-0.05805555555555558,0.38756061812407383,0.34741138361156376,0.17294490231316767,0.6549130470598808,0.0031620944540139417,0.0013425925925926174,0.007450217640994091,0.25239728311640536,0.10615067703738305,0.11470250279888426,0.0,0.9999999987499999,0.6149182682995074,0.3119729669729026,0.3179217073428567,0.41831092637849765,fearful,06,05,05,male,strong,581
40,1.3346666666666667,True,1.0,0.7200195234179679,0.743672907118662,0.731846215268315,1.221997072622879,-0.057453703703703674,-0.059675925925925966,0.35767922858871426,0.46551225716299216,0.17361506614418631,0.5988935912076201,0.02365338370069403,0.002222222222222292,0.014606451403916943,0.2343697452366142,0.10579242363072368,0.11503301042076766,0.0,0.9999999987499999,0.6127419502957433,0.31226497583218504,0.31180154911451313,0.41468397551572206,fearful,06,05,05,male,strong,581
50,1.6683333333333334,True,1.0,0.702688679630693,0.7273173193393571,0.7150029994850251,1.3001416650694875,-0.05796296296296294,-0.060046296296296264,0.3511559851872829,0.49494029295258835,0.17153889718267498,0.5499423783536781,0.024628639708664024,0.002083333333333326,0.014211169390647154,0.22401000529061055,0.10605382714516962,0.1166034285700323,0.0,0.9999999987499999,0.6139845775810324,0.3119393599294492,0.31411728391295474,0.4183190015755564,fearful,06,05,05,male,strong,581
60,2.0020000000000002,True,1.0,0.6918191187832278,0.7177097309840046,0.7047644248836162,0.6890611541774331,-0.05615740740740749,-0.058518518518518525,0.3788941715727773,0.22049956933677897,0.1743125586519252,1.0227893716123484,0.02589061220077682,0.002361111111111036,0.013444068455064772,0.37178833023644037,0.10730512917343404,0.11578251575518231,0.0,0.9999999987499999,0.6162584770705157,0.3096135489404009,0.3199129670801121,0.4252216308480837,fearful,06,05,05,male,strong,581
70,2.3356666666666666,True,1.0,0.6883614294569333,0.6874536537280257,0.6879075415924796,0.8465980481244004,-0.05587962962962967,-0.05856481481481485,0.36651589453468997,0.2821869488536158,0.17639278163936412,0.8125550763039291,0.000907775728907656,0.0026851851851851793,0.01534785457810549,0.31873599335492386,0.10695950185267757,0.11593766738047162,0.0,0.9999999987499999,0.613570563373787,0.3107758387871693,0.31186463285413124,0.4104697260715388,fearful,06,05,05,male,strong,581
80,2.6693333333333333,True,1.0,0.6918191187832278,0.6601910819807272,0.6760051003819775,0.9298594018594152,-0.05671296296296302,-0.05782407407407408,0.3799677369315673,0.33501141101909065,0.17500043596485873,0.7269971127142318,0.03162803680250059,0.0011111111111110628,0.005261228591949593,0.2981468042843123,0.10698282236375385,0.1157516718044748,0.0,0.9999999987499999,0.6151352644026361,0.3099325739872338,0.31304048557161845,0.4120128054144444,fearful,06,05,05,male,strong,581
90,3.003,True,1.0,0.6915438372132574,0.6660970811621421,0.6788204591876997,0.8888374957100627,-0.056203703703703756,-0.05796296296296294,0.3775708131638434,0.34024496252356407,0.17361155056367997,0.7637171726710434,0.02544675605111535,0.0017592592592591827,0.002031370631163837,0.316394029893152,0.10778439826110806,0.11583098478341539,0.0,0.9999999987499999,0.619007170751113,0.3080700577038655,0.31470314996886983,0.4190317728516344,fearful,06,05,05,male,strong,581
100,3.336666666666667,True,1.0,0.705913608787363,0.731509135912465,0.718711372349914,0.9301967525518353,-0.05870370370370381,-0.05800925925925926,0.37876048315549493,0.36097187412459264,0.17083735267438857,0.7726444651395015,0.025595527125102047,0.000694444444444553,0.0033433409049443328,0.31099268917091005,0.10700186749609825,0.11523915270558802,0.0,0.9999999987499999,0.6220861177439726,0.3072181215543171,0.316051679131725,0.4186334615656034,fearful,06,05,05,male,strong,581
0,0.0,True,1.0,0.7230937102577183,0.7268673845231648,0.7249805473904416,1.0678472146292808,-0.05620370370370381,-0.05393518518518525,0.34174972355838024,0.4553431185436957,0.1694606530057904,0.6789178615239723,0.0037736742654465028,0.0022685185185185586,0.008395104288275435,0.2733363676401355,0.10620450921476432,0.11564539027169646,0.0,0.9999999987499999,0.625987846482343,0.3148281211820462,0.3122459853924396,0.42170288348294993,fearful,06,05,05,male,strong,582
10,0.33366666666666667,True,1.0,0.7313607361726546,0.7128975470375223,0.7221291416050885,1.1792171470670225,-0.05736111111111114,-0.056944444444444464,0.33311610817134063,0.5007485804087607,0.17017520715864073,0.6123801230343245,0.01846318913513234,0.0004166666666666763,0.009099165848889703,0.25464198176087366,0.11929571567184269,0.11085521964523944,0.0,0.9999999987499999,0.5681376615333634,0.2860948816614761,0.32942236856980023,0.38931037893714154,fearful,06,05,05,male,strong,582
20,0.6673333333333333,True,1.0,0.6993486974529889,0.7099702556850336,0.7046594765690113,1.254494596535949,-0.05847222222222226,-0.06050925925925926,0.32889836157376756,0.5620187657573325,0.16876627525682525,0.5617078610898731,0.010621558232044692,0.002037037037037004,0.015877270815192777,0.23517970898210191,0.11965481854690345,0.11081191178778692,0.0,0.9999999987499999,0.5615280404349241,0.28664879295333473,0.32798413457230546,0.391229381022725,fearful,06,05,05,male,strong,582
30,1.0010000000000001,True,1.0,0.691543837213256,0.7248457164914417,0.7081947768523489,1.4290044750563424,-0.05824074074074087,-0.05865740740740738,0.3266890781718163,0.6405882129562916,0.1676931068488246,0.4955861155189359,0.03330187927818573,0.00041666666666650976,0.00024054679808487687,0.1943057892288267,0.09866647429059773,0.1170421060891906,0.0,0.9999999987499999,0.6219836604329232,0.3142938138278154,0.30973714316410966,0.42369354457804737,fearful,06,05,05,male,strong,582
40,1.3346666666666667,True,1.0,0.6554594012769991,0.6895678697495683,0.6725136355132837,1.0300196312280565,-0.053518518518518576,-0.056851851851851876,0.3344729602536347,0.41186907568808234,0.173029581607051,0.6529134155544871,0.03410846847256921,0.0033333333333332993,0.01798973557519064,0.2772566781456557,0.11517229974843238,0.11396912405445682,0.0,0.9999999987499999,0.5533621892975941,0.28439845644559486,0.30088845922675894,0.36820096650933065,fearful,06,05,05,male,strong,582
50,1.6683333333333334,True,1.0,0.6845909302226455,0.6810541985055433,0.6828225643640944,1.1490149646611132,-0.054537037037037106,-0.06060185185185191,0.3480163522758562,0.4289173363204167,0.17084047876316596,0.5942677731490502,0.003536731717102226,0.006064814814814801,0.011943207187539828,0.2478310074040893,0.12178860981853999,0.10951124873426678,0.0,0.9999999987499999,0.5540826993609944,0.2840924370527483,0.3231916393766694,0.37970556430212377,fearful,06,05,05,male,strong,582
60,2.0020000000000002,True,1.0,0.6774346636156052,0.6877196524039297,0.6825771580097675,1.0432779214052175,-0.05388888888888882,-0.05847222222222226,0.32477424734461874,0.4401328730928257,0.1715562420152142,0.6542620561646575,0.010284988788324512,0.004583333333333439,0.015592144217294398,0.2812500000000002,0.12148580761172612,0.109673486687562,0.0,0.9999999987499999,0.5508754915716286,0.2832494077957891,0.32819080026037895,0.38128755072718473,fearful,06,05,05,male,strong,582
70,2.3356666666666666,True,1.0,0.6882833760725089,0.6677790694522013,0.6780312227623551,0.926237161531279,-0.05375000000000002,-0.055555555555555525,0.35280168876440243,0.32866479925303443,0.17361814221873412,0.7320276608654056,0.020504306620307555,0.0018055555555555047,0.010013754876357351,0.30846774193548426,0.10712808049473367,0.11643825794662767,0.0,0.9999999987499999,0.610090213733931,0.31360550374802265,0.30551372282202666,0.4241010935924278,fearful,06,05,05,male,strong,582
80,2.6693333333333333,True,1.0,0.6450978296273685,0.6637999577285403,0.6544488936779544,0.8597449908925326,-0.054259259259259285,-0.05736111111111114,0.3660326800431341,0.2914389799635704,0.17293254978509287,0.7612128021805015,0.018702128101171778,0.0031018518518518556,0.008906275682324997,0.3245953550171453,0.12238272795293309,0.10814449218343268,0.0,0.9999999987499999,0.5540224804453031,0.28199912692995965,0.3278596360077425,0.37970858750318687,fearful,06,05,05,male,strong,582
90,3.003,True,1.0,0.655978274497417,0.6648783780967192,0.660428326297068,0.808080808080808,-0.05509259259259258,-0.05935185185185182,0.36323397786071965,0.29384756657483957,0.17223329679369812,0.8172800537926218,0.008900103599302267,0.00425925925925924,0.0047115516481039815,0.3477272727272721,0.12148223640745157,0.1075727381848078,0.0,0.889896390044094,0.5561871366593513,0.2835648589150117,0.3288249171128833,0.3799837900047892,fearful,06,05,05,male,strong,582
0,0.0,True,1.0,0.6753103811408779,0.6693938864838397,0.6723521338123588,0.5504132724954297,-0.05615740740740749,-0.058611111111111114,0.38170862270065414,0.16512398174862936,0.17778164011680322,1.2215405539987985,0.0059164946570382515,0.0024537037037036247,0.012873962722972063,0.46674833037328517,0.1216327583910336,0.10985788599131907,0.0,0.9999999987499999,0.5546352366806098,0.2786428290429089,0.34279568938165855,0.38673943211988066,fearful,06,05,05,male,strong,583
10,0.33366666666666667,True,1.0,0.6781865540171393,0.6824430687853823,0.6803148114012608,0.8165953028903628,-0.05708333333333343,-0.05819444444444449,0.3957008842396118,0.2238683127572019,0.1784726497052948,0.8331113453546289,0.004256514768242958,0.0011111111111110628,0.006702826785575774,0.31748806090557236,0.10533290672888077,0.11757959202725343,0.0,0.9999999987499999,0.6141682208430247,0.3122443912943233,0.3181325088295153,0.4202467549430427,fearful,06,05,05,male,strong,583
20,0.6673333333333333,True,1.0,0.6255398585910492,0.6317027450652278,0.6286213018281386,0.7322575756117641,-0.05870370370370381,-0.059398148148148144,0.3798431948516104,0.2101736425109483,0.17847606953301579,0.8584701924086717,0.006162886474178619,0.000694444444444331,0.006713152903182366,0.35414745345881615,0.10670616354784883,0.11649841333625141,0.0,0.9999999987499999,0.6102449105423419,0.31000459246066686,0.31884284880659686,0.4205834167006039,fearful,06,05,05,male,strong,583
30,1.0010000000000001,True,1.0,0.6112745673623562,0.6322057816347788,0.6217401744985676,1.2964566002122873,-0.05819444444444449,-0.05995370370370373,0.3577262003249271,0.46610446313031073,0.1764995825022167,0.4795688296829691,0.020931214272422616,0.0017592592592592382,0.015426286896544869,0.22119019488329322,0.10229930619418155,0.11685311615475225,0.0,0.9999999987499999,0.6066974398822029,0.3116194705005236,0.3110638481469287,0.41629542216063403,fearful,06,05,05,male,strong,583
40,1.3346666666666667,True,1.0,0.6065667585913508,0.6155275451087077,0.6110471518500292,0.9161536546236355,-0.05648148148148152,-0.05874999999999991,0.37914981261810854,0.3076635407318179,0.18126052299733003,0.6669701624462253,0.008960786517356878,0.002268518518518392,0.01663109666351832,0.3022388059701488,0.10751036784512648,0.11559196558460895,0.0,0.9999999987499999,0.6088895165644382,0.3100126385067272,0.31803235810016345,0.41564584457341397,fearful,06,05,05,male,strong,583
50,1.6683333333333334,True,1.0,0.6029811919546321,0.6187856856954582,0.6108834388250451,1.0140120700888478,-0.055694444444444546,-0.057499999999999996,0.38995509919912896,0.2962706084818123,0.17708721081845535,0.6024419795826687,0.015804493740826153,0.0018055555555554492,0.005604412078599897,0.2705751508233439,0.106259721373653,0.11657936938984678,0.0,0.9999999987499999,0.6065801675123175,0.31152279124929494,0.31703928032451767,0.41217236929260886,fearful,06,05,05,male,strong,583
60,2.0020000000000002,True,1.0,0.5739299732801214,0.5862109385694668,0.5800704559247941,0.9394131210089361,-0.05592592592592599,-0.057731481481481495,0.35736172509181435,0.3251692893824673,0.1791666666666667,0.6174817478616803,0.012280965289345414,0.0018055555555555047,0.007809784354624301,0.2859803150617553,0.09631331923697173,0.11882578986097146,0.0,0.9999999987499999,0.6367910236047544,0.3354556450264833,0.29054086248990996,0.4379927886728064,fearful,06,05,05,male,strong,583
70,2.3356666666666666,True,1.0,0.6242327983394174,0.6357404129937113,0.6299866056665644,0.9214911536648532,-0.05226851851851855,-0.05537037037037035,0.39232131971660394,0.2764473460994561,0.17987638103482617,0.6836599604467726,0.011507614654293952,0.0031018518518518,0.0067556237749815794,0.30535714285714266,0.12303183060110026,0.10846453630205564,0.0,0.9999999987499999,0.5475035159532563,0.2746438891742325,0.33394384566370444,0.37703422102554973,fearful,06,05,05,male,strong,583
80,2.6693333333333333,True,1.0,0.6069866279150415,0.6224489765741268,0.6147178022445842,0.8688660704539104,-0.05435185185185187,-0.0568981481481482,0.39474041878112814,0.2632831867613868,0.1784790618285188,0.7074943114344944,0.015462348659085245,0.0025462962962963243,0.004866012641911023,0.323851874782304,0.12285020249611121,0.10761315457496035,0.0,0.9999999987499999,0.549024312263968,0.2744526019818799,0.33411774360623825,0.37680736541631027,fearful,06,05,05,male,strong,583
90,3.003,True,1.0,0.6062634887218955,0.6036987794457636,0.6049811340838296,0.8427252863482658,-0.05439814814814814,-0.05587962962962967,0.39245492404855137,0.28310302588262054,0.17638932142096184,0.7178865329950646,0.002564709276131949,0.001481481481481528,0.001940884856806859,0.33398437499999967,0.10740424710974912,0.11569057612555783,0.0,0.9999999987499999,0.6183987004098513,0.30818491755635996,0.3179920792728123,0.4205256347328447,fearful,06,05,05,male,strong,583
0,0.0,True,1.0,0.3157912245804631,0.333299167239215,0.32454519590983905,1.1266394299890488,-0.055555555555555525,-0.05689814814814814,0.3381620159448636,0.5044565939523412,0.17711090471635124,0.2880648300343915,0.017507942658751885,0.0013425925925926174,0.027843714004783256,0.3018351292414972,0.1111661620574603,0.11657989834765943,0.0,0.9999999987499999,0.6106978357671193,0.3036385474164679,0.31895674282569186,0.40462190539351567,disgust,07,05,05,male,normal,584
10,0.33366666666666667,True,1.0,0.3434199920282342,0.3349053309222447,0.33916266147523944,1.063582842856114,-0.05625000000000008,-0.05805555555555558,0.34591074470993827,0.47380792911882336,0.17572223374872628,0.31888692427988213,0.008514661105989474,0.0018055555555555047,0.022612936694774342,0.2989011547696238,0.11254957885872562,0.11458169484913855,0.0,0.9999999987499999,0.6111594624334109,0.30313148630362907,0.3200822597137907,0.4007937915262895,disgust,07,05,05,male,normal,584
20,0.6673333333333333,True,1.0,0.3448777885218666,0.3633131369301834,0.354095462726025,0.8196119767704264,-0.0557407407407407,-0.057916666666666616,0.3671827447597057,0.32771520240687085,0.17849957907496108,0.43202817035604063,0.018435348408316787,0.0021759259259259145,0.027847313250396254,0.3471379009623766,0.10971597178264753,0.11466958999883038,0.0,0.9999999987499999,0.6136031695099915,0.30254513179730863,0.32563790866749925,0.4039477983654933,disgust,07,05,05,male,normal,584
30,1.0010000000000001,True,1.0,0.31743973560577626,0.3149923592636362,0.3162160474347062,1.1252618030118342,-0.05671296296296302,-0.05805555555555558,0.3604568109468715,0.5006902799828398,0.1743270016496914,0.2810155348633838,0.0024473763421400396,0.001342592592592562,0.027797366339966913,0.2685389206546726,0.1102122951868073,0.11601337314115681,0.0,0.9999999987499999,0.6157292156237494,0.3032012400947486,0.3260343967533853,0.41148933855833,disgust,07,05,05,male,normal,584
40,1.3346666666666667,True,1.0,0.30506568636503406,0.3056961057406901,0.3053808960528621,0.9427865206326457,-0.057222222222222174,-0.057361111111111085,0.3528786149642386,0.40771271634854395,0.17433356625311971,0.32391309100170407,0.000630419375656055,0.0001388888888889106,0.025761352791565224,0.32014139399417374,0.11302740330124307,0.11461016726952443,0.0,0.9999999987499999,0.615424321322279,0.3014396971197943,0.31703001045377865,0.3973522354325934,disgust,07,05,05,male,normal,584
50,1.6683333333333334,True,1.0,0.1335817273146226,0.16629492626287998,0.1499383267887513,1.0583001815575814,-0.06259259259259259,-0.06421296296296292,0.36163953303894825,0.4729839343150537,0.17641656880366086,0.14167844757247947,0.03271319894825739,0.0016203703703703276,0.023114521459360715,0.2969272858273917,0.10881665155232967,0.1151930457306574,0.0,0.9999999987499999,0.6125466660336009,0.3038482788651129,0.319947381128608,0.40009824144064865,disgust,07,05,05,male,normal,584
60,2.0020000000000002,True,1.0,0.3132276465133302,0.3188460073878969,0.3160368269506135,1.3035023297167412,-0.061759259259259236,-0.062962962962963,0.3516256466330944,0.5877183324405693,0.1799327836822381,0.2424520614545355,0.005618360874566741,0.0012037037037037623,0.03370000466780726,0.2526732995303824,0.1095863972238867,0.11495927464071314,0.0,0.9999999987499999,0.6137384339517057,0.3040268041929569,0.3285476399814221,0.41763875142163603,disgust,07,05,05,male,normal,584
70,2.3356666666666666,True,1.0,0.35102636801594234,0.3603063914642939,0.3556663797401181,1.2527218905576145,-0.06018518518518512,-0.06412037037037038,0.3467905390195096,0.553948770925009,0.18059780572044007,0.28391487561680834,0.009280023448351549,0.003935185185185264,0.034597111369029133,0.2671186612455303,0.11082389282864678,0.11393411257703664,0.0,0.9999999987499999,0.6117106352306548,0.3034792550478093,0.3265815637525447,0.4129104756468784,disgust,07,05,05,male,normal,584
80,2.6693333333333333,True,1.0,0.1875372220860522,0.21133824556912856,0.1994377338275904,1.2896177943210567,-0.0671296296296296,-0.06935185185185178,0.3538173763335063,0.5452326698545035,0.18059780572044007,0.1546487142980127,0.02380102348307636,0.002222222222222181,0.027586181636697876,0.24190488807651037,0.10840367292041413,0.11623924004905076,0.0,0.9999999987499999,0.6130738785279738,0.30567465314096565,0.3184820132188698,0.4069358466868465,disgust,07,05,05,male,normal,584
90,3.003,True,1.0,0.3523247035167102,0.35752994910582525,0.3549273263112677,1.0559491244828785,-0.05842592592592599,-0.05995370370370373,0.316470856868813,0.5511298495668344,0.1778395651362625,0.3361216161669564,0.0052052455891150595,0.001527777777777739,0.03454593196095806,0.28558619287728587,0.10887106651656676,0.11481021043457937,0.0,0.9999999987499999,0.6135428058879803,0.3041394425987993,0.3172338881121882,0.4014304802975911,disgust,07,05,05,male,normal,584
100,3.336666666666667,True,1.0,0.3675489276629826,0.3763206006089702,0.37193476413597637,1.0966441920641494,-0.05851851851851847,-0.060416666666666674,0.3465233964286291,0.5191077043642452,0.18201529665858626,0.3391571913912253,0.00877167294598763,0.0018981481481482043,0.026645026695936096,0.29113858186682173,0.11026095676764844,0.11178450466257182,0.0,0.9999999987499999,0.6101486152195252,0.30396898398135175,0.3241832015298216,0.4040984908317568,disgust,07,05,05,male,normal,584
110,3.6703333333333332,True,1.0,0.3735570122435372,0.37460266324069,0.3740798377421136,1.0900326133614902,-0.059166666666666645,-0.060555555555555474,0.34743581207943813,0.4944789609472626,0.18132112357228442,0.34318224350050397,0.0010456509971528138,0.0013888888888888284,0.028406015720844544,0.2970166104096471,0.11113143815332174,0.11329833533384107,0.0,0.9999999987499999,0.6097380914865946,0.3035390140929209,0.32146705377691037,0.4002204127744761,disgust,07,05,05,male,normal,584
120,4.0040000000000004,True,1.0,0.3606814599710546,0.37583274762175717,0.36825710379640586,1.0681639391327273,-0.0587037037037037,-0.05874999999999997,0.3488899009550736,0.504688045909683,0.18129208832451157,0.3447571017005164,0.01515128765070256,4.6296296296266526e-05,0.02383211050275256,0.3064263172869,0.10945184975051915,0.11274595604001889,0.0,0.9999999987499999,0.6114771353932198,0.30404311740042983,0.3222415312684817,0.4015907733751465,disgust,07,05,05,male,normal,584
0,0.0,True,1.0,0.5558900807677079,0.5665019645990301,0.561196022683369,0.6785215962843274,-0.0660648148148148,-0.06319444444444444,0.3677867725549592,0.2646066784392953,0.19516390952681315,0.8270864564319713,0.010611883831322277,0.0028703703703703565,0.01272877556741702,0.4293400987151866,0.11255083016615862,0.11769731572064049,0.0,0.9999999987499999,0.5999319274662991,0.30180536328625873,0.30873922176631485,0.4077592038271827,disgust,07,05,05,male,normal,585
10,0.33366666666666667,True,1.0,0.5006098458666186,0.5403656622269062,0.5204877540467624,0.7576795240467094,-0.06574074074074066,-0.06611111111111118,0.3622082363197827,0.34439978365759477,0.19653127163199047,0.6869497426390467,0.03975581636028758,0.0003703703703705208,0.013856467363530805,0.38863636363636306,0.1108211705405435,0.11658151032931752,0.0,0.9999999987499999,0.5998927171571754,0.3031687900522237,0.3094545993285838,0.40663041472954214,disgust,07,05,05,male,normal,585
20,0.6673333333333333,True,1.0,0.3590282649838394,0.3887901107039586,0.373909187843899,0.7056950093395628,-0.06967592592592597,-0.07189814814814816,0.3597475975306462,0.2695623563118159,0.19434800920421236,0.5298453055432949,0.029761845720119195,0.002222222222222181,0.019279839649714102,0.3876391462811419,0.11159378705548298,0.11551276633498272,0.0,0.9999999987499999,0.5972994889518307,0.3038519742897395,0.30544987210803964,0.39619267533326885,disgust,07,05,05,male,normal,585
30,1.0010000000000001,True,1.0,0.47777439709244096,0.49955367010642415,0.48866403359943256,1.1674388807323333,-0.06810185185185186,-0.07060185185185186,0.337179133512107,0.46539161874646345,0.19027938161454036,0.4185778302097443,0.02177927301398319,0.0025000000000000022,0.019337108594665225,0.26460261821889436,0.10652398607789183,0.11666501634685032,0.0,0.9999999987499999,0.612288491099565,0.30627320190645,0.3076941924098923,0.3995460765610199,disgust,07,05,05,male,normal,585
40,1.3346666666666667,True,1.0,0.5165462449278536,0.5000519517145139,0.5082990983211837,1.1073808913790886,-0.06773148148148145,-0.07023148148148145,0.3407804881628825,0.4589676670423641,0.1939074461083174,0.4590101764246338,0.016494293213339728,0.0025000000000000022,0.013501442217647309,0.266440070797337,0.1059400135278472,0.11768224600705574,0.0,0.9999999987499999,0.6120795025119422,0.3063711696742984,0.30499208488183227,0.39686534014288066,disgust,07,05,05,male,normal,585
50,1.6683333333333334,True,1.0,0.2742014539752368,0.29676938821947324,0.28548542109735503,1.0392475344643384,-0.07194444444444442,-0.07379629629629636,0.36923500359373435,0.44440289216818246,0.19444444444444448,0.2747039676591616,0.02256793424423642,0.0018518518518519378,0.007484817489452174,0.31084674926355965,0.09702076429902728,0.11857066664416485,0.0,0.9999999987499999,0.6400908265962634,0.3303843466103992,0.29525876193468165,0.4355534401335548,disgust,07,05,05,male,normal,585
60,2.0020000000000002,True,1.0,0.25663379039937817,0.25821015968433514,0.25742197504185665,1.2957709094591339,-0.07787037037037042,-0.07856481481481487,0.33050416263015636,0.5498434393702051,0.19866641918814595,0.1986631843350356,0.0015763692849569688,0.000694444444444442,0.008542835238348189,0.261835775421953,0.10821367382627675,0.11964446070242123,0.0,0.9999999987499999,0.5967938744716637,0.3071115296867998,0.3059629586540156,0.40506871069239936,disgust,07,05,05,male,normal,585
70,2.3356666666666666,True,1.0,0.28118118368865086,0.280988545766527,0.2810848647275889,1.0752688172043001,-0.08412037037037029,-0.08449074074074076,0.3482755257067671,0.4731182795698917,0.1979263035619826,0.26140892419665795,0.00019263792212387276,0.0003703703703704653,0.0006082716906593885,0.3002961501214728,0.10563906964911259,0.11616213252457668,0.0,0.9999999987499999,0.6073764566842362,0.3075381933382762,0.3116197279982447,0.39751320054375205,disgust,07,05,05,male,normal,585
80,2.6693333333333333,True,1.0,0.40109856570834723,0.4157508881241102,0.4084247269162287,1.0720234607026975,-0.07546296296296306,-0.07620370370370377,0.3657931508771349,0.46815027723875346,0.1972222222222222,0.38098487755903365,0.014652322415762975,0.0007407407407407085,0.008380978170671233,0.2850840552560353,0.10957022556890539,0.11414315228683293,0.0,0.9999999987499999,0.6059435055193952,0.30413345202767555,0.32056273886789244,0.4084212672552315,disgust,07,05,05,male,normal,585
90,3.003,True,1.0,0.4932974090975797,0.5162483821732101,0.504772895635395,1.2057417797213956,-0.07708333333333339,-0.07592592592592601,0.3165276029252471,0.618735913278084,0.2000034331980719,0.41864095955274117,0.022950973075630432,0.0011574074074073848,0.002428138484253189,0.25904605263157904,0.11166092758303879,0.1156127747910596,0.0,0.9999999987499999,0.606742819776348,0.3036372801252308,0.32016613615925926,0.4016268431537802,disgust,07,05,05,male,normal,585
100,3.336666666666667,True,1.0,0.47229847456326546,0.5079830181547996,0.49014074635903254,0.9876862082280026,-0.07430555555555551,-0.07439814814814816,0.35184686821952244,0.4232804232804226,0.19792630356198262,0.49625148379705425,0.03568454359153417,9.259259259264407e-05,0.008607507935506728,0.30534728446636544,0.11077768156146445,0.11580313432954828,0.0,0.9999999987499999,0.6074620250756553,0.3039229758832266,0.31784178814368363,0.4023153747856035,disgust,07,05,05,male,normal,585
110,3.6703333333333332,True,1.0,0.5079822517375111,0.4932974090975797,0.5006398304175455,0.9828701207117814,-0.07300925925925922,-0.07263888888888892,0.34449937407660924,0.41915085817524816,0.19930900071578378,0.5093651947166619,0.014684842639931417,0.00037037037037029874,0.004758086899927384,0.30605570541938626,0.11273688947021036,0.11588659014811367,0.0,0.9999999987499999,0.608841768707483,0.3037023757719568,0.3195348253389201,0.40260281031107886,disgust,07,05,05,male,normal,585
120,4.0040000000000004,True,1.0,0.4863623671973137,0.5139283130644753,0.5001453401308945,0.9745432018219846,-0.07337962962962957,-0.0730555555555556,0.3464726305057975,0.42993082103826213,0.1979263035619826,0.5132100241383181,0.0275659458671616,0.0003240740740739767,0.005578491883976512,0.31432748124153137,0.10999420516969657,0.11506693684155234,0.0,0.9999999987499999,0.6086779466786715,0.3050131174082641,0.31848466200813386,0.4033999103216022,disgust,07,05,05,male,normal,585
0,0.0,True,1.0,0.45621274395547856,0.4434762054911705,0.44984447472332456,1.0077302502443057,-0.059398148148148144,-0.06152777777777779,0.335691766177761,0.45115890490466704,0.18125673478866933,0.4463937394101924,0.012736538464308056,0.002129629629629648,0.01772338007829866,0.30256445991496933,0.10989547172373089,0.11680389503306912,0.0,0.9999999987499999,0.6197038610131553,0.30651753354675826,0.31331087224062953,0.40408642723799226,disgust,07,05,05,male,normal,586
10,0.33366666666666667,True,1.0,0.3840314174206548,0.39705476934113704,0.3905430933808959,0.9106191635616306,-0.05736111111111103,-0.061203703703703594,0.34735246428908023,0.36852519463346267,0.18126515292262468,0.42887642717005475,0.013023351920482262,0.003842592592592564,0.019449844649431378,0.32176896073434325,0.10961151660546016,0.11674447366988265,0.0,0.9999999987499999,0.6191628209565075,0.3052126753403637,0.31259662172131913,0.4006922988161186,disgust,07,05,05,male,normal,586
20,0.6673333333333333,True,1.0,0.36184828679949704,0.36331313693018336,0.3625807118648402,0.9170515486426049,-0.05847222222222215,-0.06041666666666673,0.3583413219682025,0.3808007962871626,0.18125168372062783,0.39537658750102156,0.0014648501306863126,0.0019444444444445819,0.01546436044102559,0.31143352588860373,0.1111374931938548,0.11709636089520423,0.0,0.9999999987499999,0.6206408261742197,0.30516053988856573,0.31742739143330284,0.4031622911908647,disgust,07,05,05,male,normal,586
30,1.0010000000000001,True,1.0,0.33290042385553736,0.3564493495516619,0.34467488670359964,1.2672956783026843,-0.05856481481481479,-0.06143518518518504,0.3265835154967971,0.633513704834192,0.1826426484301614,0.2719766922627164,0.023548925696124545,0.0028703703703702454,0.01978933087053291,0.23350087710436257,0.11005484688386044,0.11697992636778667,0.0,0.9999999987499999,0.6201881944574704,0.3054026485046955,0.3219020706766448,0.412555437616027,disgust,07,05,05,male,normal,586
40,1.3346666666666667,True,1.0,0.33184214306193055,0.3286062974357818,0.33022422024885617,1.1129279381621475,-0.05870370370370381,-0.06134259259259256,0.3529466915127089,0.5345553872849834,0.18126515292262468,0.29671662371435975,0.003235845626148759,0.0026388888888887463,0.02082803271062029,0.2701768866044898,0.10982902311167604,0.11555482985495125,0.0,0.9999999987499999,0.6190371937212386,0.3049058263952905,0.3202772146906883,0.40651623013913935,disgust,07,05,05,male,normal,586
50,1.6683333333333334,True,1.0,0.24179021240301404,0.24336378777612327,0.24257700008956867,1.0747589270614712,-0.05703703703703705,-0.06074074074074065,0.3497429824999594,0.5228141310553973,0.18125673478866933,0.22570363825942372,0.0015735753731092317,0.003703703703703598,0.015011222705674891,0.2848718365038744,0.10891475197642048,0.11576050289915629,0.0,0.9999999987499999,0.6166150337869523,0.30550445447088076,0.32285216164526165,0.40685342661380924,disgust,07,05,05,male,normal,586
60,2.0020000000000002,True,1.0,0.33837252966642456,0.353474779663214,0.3459236546648193,1.335667621316673,-0.06023148148148144,-0.061388888888888715,0.350617085298251,0.6173860894578601,0.18334831407780552,0.2589893242480603,0.01510224999678944,0.0011574074074072738,0.01726583718949602,0.2367960787526888,0.10819074588766879,0.11478954769022043,0.0,0.9999999987499999,0.6177328508278312,0.3064354229444419,0.3311800393918153,0.43021126335701554,disgust,07,05,05,male,normal,586
70,2.3356666666666666,True,1.0,0.3562760942985702,0.37172421837212194,0.3640001563353461,1.1969578385656294,-0.05986111111111103,-0.06129629629629624,0.3492048079245153,0.58384325627851,0.1847288304216915,0.30410440920086584,0.015448124073551728,0.001435185185185206,0.017386174763417816,0.2518156272033229,0.10761103451940011,0.11450424999326543,0.0,0.9999999987499999,0.6172310770480068,0.3048612496698659,0.32296686048319434,0.41106964250485056,disgust,07,05,05,male,normal,586
80,2.6693333333333333,True,1.0,0.3519098844023709,0.3860075726266597,0.3689587285145153,1.0719762004997375,-0.059027777777777846,-0.06268518518518518,0.33068842151056577,0.5587966688624466,0.18403441091295172,0.34418555966309033,0.03409768822428877,0.0036574074074073315,0.018633362516321625,0.2570681698516193,0.11050018338464243,0.11424809277257908,0.0,0.9999999987499999,0.6148057544189551,0.30448146206769705,0.3187675941645066,0.4007794407918074,disgust,07,05,05,male,normal,586
90,3.003,True,1.0,0.35327822739861586,0.362742246713245,0.35801023705593044,1.079263029255282,-0.05999999999999994,-0.061990740740740624,0.3496097427550369,0.4961122870546202,0.1847370903386176,0.33171731760603923,0.009464019314629146,0.001990740740740682,0.020795451324463417,0.29350675970420126,0.11012676449034857,0.11460808423922898,0.0,0.9999999987499999,0.6145458491990546,0.30511470062357154,0.3200028560810277,0.4034106143995021,disgust,07,05,05,male,normal,586
100,3.336666666666667,True,1.0,0.3620243445245859,0.3772015221825171,0.3696129333535515,1.0575167545310955,-0.05810185185185185,-0.06111111111111117,0.3527756715620526,0.48566163392690836,0.18611766999740337,0.3495102387455208,0.015177177657931251,0.0030092592592593226,0.02382208587368721,0.29662346233669934,0.1092983046812043,0.11490207126569443,0.0,0.9999999987499999,0.6134830776685675,0.30576535791390547,0.31807653508700806,0.39774102637602016,disgust,07,05,05,male,normal,586
110,3.6703333333333332,True,1.0,0.34079032020820754,0.3698490986939353,0.3553197094510714,1.0411215230466724,-0.058564814814814736,-0.061342592592592615,0.35823770509658676,0.4639489530862754,0.1861258682802443,0.3412855287164616,0.029058778485727743,0.002777777777777879,0.024746281794441594,0.29654643779432893,0.1103733799433838,0.11586013014618829,0.0,0.9999999987499999,0.6136919944071378,0.3057576319788021,0.3199638769291491,0.3987159830997088,disgust,07,05,05,male,normal,586
0,0.0,True,1.0,0.3938124636059141,0.3785254857731134,0.3861689746895137,0.6838697960260216,-0.056712962962962965,-0.059537037037037055,0.3664521931574932,0.2392938650136365,0.18474245908657996,0.5646820153975916,0.015286977832800697,0.00282407407407409,0.02397311361283176,0.4048975232824871,0.11173521971317366,0.11454734145233286,0.0,0.9999999987499999,0.6107535378448254,0.304954613267218,0.32187949397869725,0.40389556015550176,disgust,07,05,05,male,normal,587
10,0.33366666666666667,True,1.0,0.3431964035011221,0.3475997942218554,0.34539809886148876,0.880047748898879,-0.0564351851851852,-0.05782407407407408,0.3640973839091859,0.3643384868142369,0.18542695320541566,0.3924765437939622,0.004403390720733258,0.001388888888888884,0.01956492103127215,0.34307637847599554,0.11187302150887327,0.11573725155122289,0.0,0.9999999987499999,0.6105135282316051,0.3052650331889863,0.3147368852740756,0.3954258400847267,disgust,07,05,05,male,normal,587
20,0.6673333333333333,True,1.0,0.18449346710067377,0.158470360233286,0.1714819136669799,0.9030478524261653,-0.061574074074074114,-0.06435185185185183,0.353434977018184,0.4020763826943781,0.18265935656628293,0.18989238854427215,0.026023106867387763,0.0027777777777777124,0.016987935316633708,0.3427204929049786,0.10946193969901057,0.11540842661949124,0.0,0.9999999987499999,0.6126801342880902,0.30477903457567085,0.3153416517422691,0.3962336936154715,disgust,07,05,05,male,normal,587
30,1.0010000000000001,True,1.0,0.1940631686884494,0.199140191863051,0.1966016802757502,1.2123127512791156,-0.06962962962962954,-0.07166666666666666,0.3467054738418916,0.5050284137808008,0.18611766999740337,0.16217076003557254,0.005077023174601625,0.002037037037037115,0.01186745793363975,0.2747561106869322,0.1094305073806091,0.1162605047710319,0.0,0.9999999987499999,0.6135099840483068,0.3048276551446315,0.3180829040465282,0.4112411387830309,disgust,07,05,05,male,normal,587
40,1.3346666666666667,True,1.0,0.30080766881901194,0.2954527285598009,0.29813019868940643,0.9570306911417451,-0.0588425925925925,-0.06152777777777779,0.3657795694774983,0.3690927458846369,0.18822038822814358,0.3115158180911991,0.005354940259211016,0.0026851851851852904,0.01855554755307766,0.33745642186643726,0.11007077734578527,0.1151592508106411,0.0,0.9999999987499999,0.6138535586343913,0.3033812840704551,0.31187443673840937,0.39695598286310246,disgust,07,05,05,male,normal,587
50,1.6683333333333334,True,1.0,0.3107788436148888,0.30528609016995856,0.3080324668924237,1.006148742804449,-0.059675925925925855,-0.06231481481481488,0.3612325816156521,0.3858742463393626,0.18753295608809836,0.3061500291038893,0.005492753444930221,0.002638888888889024,0.01008611073596857,0.315887148532782,0.11176935226119605,0.11451403692671838,0.0,0.9999999987499999,0.6136232411870999,0.3030171147354803,0.3148993518901131,0.3988253734626182,disgust,07,05,05,male,normal,587
60,2.0020000000000002,True,1.0,0.4080059352547032,0.4200601065041719,0.41403302087943755,1.00096898149864,-0.05958333333333338,-0.060324074074074086,0.3359506740242882,0.43323996265172704,0.18822038822814358,0.41363221891207036,0.012054171249468726,0.0007407407407407085,0.012730411529036027,0.3022281549128828,0.11164003662486463,0.11579759329480276,0.0,0.9999999987499999,0.6091135916632278,0.3045838677458915,0.3114604160683935,0.3971423391470533,disgust,07,05,05,male,normal,587
70,2.3356666666666666,True,1.0,0.3790642258164797,0.3933078170170972,0.3861860214167885,0.9815275051707748,-0.060787037037037084,-0.06157407407407417,0.35072206854232857,0.37685077771017983,0.18960305135840613,0.3934541002491789,0.014243591200617522,0.000787037037037086,0.016635468653511662,0.3178397434328227,0.11062781050663527,0.11528717363711646,0.0,0.9999999987499999,0.6121280719084509,0.3033553192044638,0.3119311296417633,0.3977310101373745,disgust,07,05,05,male,normal,587
80,2.6693333333333333,True,1.0,0.3666028957798422,0.3849096351334804,0.3757562654566613,0.9716615962888921,-0.0587037037037037,-0.06013888888888885,0.35957570795185284,0.3816133265283296,0.1889034290576577,0.3867151556589279,0.018306739353638246,0.0014351851851851505,0.01248963789035368,0.3216524238550575,0.11121989988402628,0.11471607878913363,0.0,0.9999999987499999,0.6101525269013854,0.304113648167848,0.3135441204190994,0.3962436792790833,disgust,07,05,05,male,normal,587
90,3.003,True,1.0,0.17624395558045808,0.1635670929350068,0.16990552425773242,0.9151617411380696,-0.0665277777777778,-0.0671296296296296,0.3677064587287895,0.35502480260744484,0.18751993709107478,0.1856562797811485,0.012676862645451287,0.0006018518518517979,0.006546410137320214,0.34443062155365944,0.09706649294422821,0.11724033461618441,0.0,0.9999999987499999,0.6461512729623099,0.32903552353703214,0.28919060185114276,0.4264396568486403,disgust,07,05,05,male,normal,587
100,3.336666666666667,True,1.0,0.39946656255571583,0.41500392276897685,0.40723524266234634,0.9930317067989295,-0.05754629629629632,-0.059537037037037055,0.35777479218405084,0.3985988097837296,0.18751017225010927,0.41009289016066025,0.01553736021326102,0.0019907407407407374,0.012318320512316436,0.3251189522966362,0.11040295865247675,0.11450854945658603,0.0,0.9999999987499999,0.6097562028014332,0.3051522499926179,0.3132845660653947,0.3941636484347882,disgust,07,05,05,male,normal,587
110,3.6703333333333332,True,1.0,0.4009368863147595,0.4209064255468686,0.41092165593081403,0.9847164395632647,-0.05833333333333335,-0.0591666666666667,0.36168368836956644,0.38829013735766,0.18820093072565583,0.4172994777187466,0.01996953923210909,0.0008333333333333526,0.015093314818916277,0.3250883486400745,0.11154409461802392,0.1144008733311329,0.0,0.9999999987499999,0.6113073906828356,0.30514990391705266,0.3160672264835421,0.39597366270098533,disgust,07,05,05,male,normal,587
0,0.0,True,1.0,0.2990657301102037,0.3032271443104297,0.3011464372103167,0.7371699163157986,-0.05055555555555563,-0.0562037037037037,0.37208279228803176,0.4186919516299251,0.1656655372827316,0.40851699254817064,0.004161414200225977,0.005648148148148069,0.09435757714091206,0.4087134870589421,0.10877351466274604,0.11654894048158594,0.0,0.9999999987499999,0.6136893428230668,0.30527092464844297,0.31723094623408715,0.4019666131247382,disgust,07,05,05,male,strong,588
10,0.33366666666666667,True,1.0,0.23149022014356732,0.22247798155639786,0.2269841008499826,0.8700188634700315,-0.0641666666666667,-0.0705555555555556,0.37311508306275587,0.4597011317983531,0.16738344696828983,0.26089560856722877,0.009012238587169458,0.006388888888888888,0.08969556434872214,0.34832103208026655,0.10706612581399691,0.11828052109253162,0.0,0.9999999987499999,0.6115305552299044,0.30610555763117464,0.31876370508170043,0.4068618761407303,disgust,07,05,05,male,strong,588
20,0.6673333333333333,True,1.0,0.209645337278623,0.18906437047905597,0.1993548538788395,0.8544399568815498,-0.054675925925925906,-0.0591666666666667,0.3846370564130609,0.3916710349586066,0.16530731820509487,0.23331639897369158,0.02058096679956703,0.004490740740740795,0.105961570749321,0.3494992159565944,0.10764506803350073,0.11413890418911919,0.0,0.9999999987499999,0.61426361708746,0.3023323328847308,0.3213514079294631,0.4072535180906915,disgust,07,05,05,male,strong,588
30,1.0010000000000001,True,1.0,0.2788227207650633,0.2943574006320027,0.286590060698533,1.1461417573969557,-0.053101851851851845,-0.06027777777777771,0.3743355580654909,0.5769230769230782,0.15813370700177573,0.25004765671344015,0.015534679866939405,0.007175925925925863,0.10800226432018278,0.25529383797354177,0.1237737328248617,0.10989450103032133,0.0,0.9999999987499999,0.5411358358421494,0.27091467321961243,0.36984349971802627,0.3892775044993443,disgust,07,05,05,male,strong,588
40,1.3346666666666667,True,1.0,0.25366748255611077,0.2295499769029648,0.24160872972953779,0.916565492603031,-0.05212962962962958,-0.05768518518518517,0.3455935952202181,0.5228804266706024,0.16681491616261504,0.26360225393536574,0.024117505653145965,0.005555555555555591,0.10853703229111866,0.3404117130495629,0.10927470912060627,0.11770900747790009,0.0,0.9999999987499999,0.6152062667176246,0.30518264010812174,0.31758263206113896,0.40276039230685645,disgust,07,05,05,male,strong,588
50,1.6683333333333334,True,1.0,0.2748912440452985,0.25583508242110437,0.2653631632332014,1.0926270851347109,-0.05277777777777776,-0.06018518518518523,0.32595995241798253,0.6601580144369561,0.16702516781619403,0.24286709238997548,0.019056161624194157,0.007407407407407474,0.10568659031283878,0.29937227810561556,0.10980664149356535,0.11656096339995493,0.0,0.9999999987499999,0.6159581609753276,0.30667696541303036,0.3236227985377419,0.40763604011821236,disgust,07,05,05,male,strong,588
60,2.0020000000000002,True,1.0,0.3098530535078845,0.2981591268354039,0.3040060901716442,1.6509491021863525,-0.07314814814814818,-0.0874537037037037,0.32207678164566544,0.8144047579461505,0.18393327057705905,0.18414019533918327,0.011693926672480592,0.014305555555555516,0.11639391518892586,0.1744140435022626,0.10587680197668048,0.11528634386595836,0.0,0.9999999987499999,0.6285396590354891,0.307230980218764,0.33104544672548974,0.41354302851856506,disgust,07,05,05,male,strong,588
70,2.3356666666666666,True,1.0,0.2670576659718177,0.2932133857116832,0.28013552584175044,1.2211645010121048,-0.0662037037037036,-0.07722222222222219,0.3776406025074544,0.6462517410068642,0.16977236620060418,0.22940031880190856,0.026155719739865524,0.011018518518518594,0.10635056054476807,0.2594319823474902,0.10428648722733623,0.11754014887572092,0.0,0.9999999987499999,0.6286121481561375,0.31121584462788165,0.3376642603284308,0.4378203964494502,disgust,07,05,05,male,strong,588
80,2.6693333333333333,True,1.0,0.2649562869149158,0.2653648064006533,0.26516054665778455,1.08158193418358,-0.0660648148148148,-0.07495370370370369,0.3661114713055882,0.5699039765588689,0.1811331042748424,0.24515992573224518,0.00040851948573750185,0.00888888888888889,0.09770868396062816,0.2809312122715259,0.10837883620326123,0.11642615273518778,0.0,0.9999999987499999,0.6176884676917642,0.30457949862439143,0.3267255547394301,0.41297750852702586,disgust,07,05,05,male,strong,588
90,3.003,True,1.0,0.3055340485698219,0.30656257952319715,0.30604831404650956,1.040989976281691,-0.06708333333333338,-0.07263888888888892,0.3350017137727829,0.6108304630544676,0.18673358525089415,0.29399736886966255,0.0010285309533752396,0.005555555555555536,0.08886765941522523,0.2958156312092445,0.10988495656667939,0.11483994753714093,0.0,0.9999999987499999,0.6093830982627426,0.30568927508079435,0.33321520451279696,0.41135052242613657,disgust,07,05,05,male,strong,588
100,3.336666666666667,True,1.0,0.30896069467646525,0.3168094676078331,0.3128850811421492,1.1392218920199597,-0.06638888888888889,-0.07138888888888889,0.32923239676179145,0.6917608089883359,0.18375897559333293,0.2746480587617318,0.00784877293136782,0.0050000000000000044,0.07806983192027248,0.2699544394171404,0.11029456110932818,0.1149449383936028,0.0,0.9999999987499999,0.6104912736422694,0.3055146825371779,0.3324843526460979,0.4127610666240667,disgust,07,05,05,male,strong,588
110,3.6703333333333332,True,1.0,0.321659299837721,0.291613898478899,0.30663659915831,0.9922059545527843,-0.06532407407407409,-0.06949074074074074,0.37063150838762815,0.5402224336120994,0.18029495081705274,0.30904531236815636,0.030045401358822,0.004166666666666652,0.08170690479914942,0.3057939349834502,0.10904037561948415,0.11531221019316991,0.0,0.9999999987499999,0.6120822815688775,0.3074510589106301,0.33637737008718777,0.4234216558748378,disgust,07,05,05,male,strong,588
120,4.0040000000000004,True,1.0,0.31065216487023417,0.2968956913111445,0.30377392809068937,1.052077081023035,-0.06347222222222215,-0.06615740740740739,0.35335873372032756,0.5871683466459048,0.17613854719692096,0.28873733072419083,0.013756473559089655,0.002685185185185235,0.07385170263915004,0.3094322430587055,0.10659927835670381,0.11528160270682201,0.0,0.9999999987499999,0.6140667636195103,0.3085641205423992,0.3343597040633976,0.4270308269022402,disgust,07,05,05,male,strong,588
0,0.0,True,1.0,0.25129749432862963,0.2522282356729252,0.2517628650007774,0.6470628097737396,-0.053472222222222254,-0.059120370370370434,0.40406029653522363,0.23809497447336103,0.16497272510062605,0.3890856671067404,0.0009307413442955492,0.00564814814814818,0.09985203563284152,0.4184327641660485,0.10628741748819867,0.11490788990474425,0.0,0.9999999987499999,0.6161563373787015,0.30573870887372695,0.32213893171744507,0.409003697610647,disgust,07,05,05,male,strong,589
10,0.33366666666666667,True,1.0,0.17110402623549892,0.16890373430836456,0.17000388027193175,0.7915474394439773,-0.0687962962962963,-0.07504629629629628,0.4006147372911131,0.4291684308016119,0.16361465643118087,0.2147740890822046,0.0022002919271343624,0.006249999999999978,0.09746598617753417,0.3566332732194183,0.10854042823463426,0.11479138072184211,0.0,0.9999999987499999,0.6181415041016407,0.3053021748819635,0.3189585007658561,0.40274348604193105,disgust,07,05,05,male,strong,589
20,0.6673333333333333,True,1.0,0.3025521401898883,0.3095394609491482,0.30604580056951824,0.9307019317846653,-0.056712962962962965,-0.0625,0.38296746463120196,0.5328058562073663,0.16829553989107088,0.3288333139941601,0.006987320759259896,0.005787037037037035,0.08809729663342165,0.325493058253788,0.10887929948636002,0.11447001263712744,0.0,0.9999999987499999,0.6204018234950229,0.30575700670618317,0.3219968710097928,0.41875358974559507,disgust,07,05,05,male,strong,589
30,1.0010000000000001,True,1.0,0.27247212801707493,0.29770979337321496,0.28509096069514495,1.0840719263330565,-0.057731481481481495,-0.06430555555555562,0.38479986224833984,0.622362890481596,0.1643356469671909,0.26298159169150664,0.025237665356140027,0.006574074074074121,0.08700937507024513,0.2831127304735112,0.12474667434312266,0.10878881162410634,0.0,0.9999999987499999,0.5449254271005277,0.2677433876570769,0.36076017741733624,0.3909188967206455,disgust,07,05,05,male,strong,589
40,1.3346666666666667,True,1.0,0.398276800353918,0.4311262015029663,0.41470150092844216,1.067523669126176,-0.05550925925925926,-0.061111111111111005,0.36164914397356657,0.617513510584616,0.16511833699705675,0.38847054442164924,0.03284940114904833,0.005601851851851747,0.09200937871667915,0.25993017435093674,0.1270059493398128,0.1065008686445866,0.0,0.9999999987499999,0.5403088716424069,0.2668452162968452,0.35355381048462503,0.36358533952303446,disgust,07,05,05,male,strong,589
50,1.6683333333333334,True,1.0,0.4291135094936629,0.44074555050905695,0.4349295300013599,1.0018116681967955,-0.05481481481481487,-0.06064814814814812,0.3623039823559487,0.6092076990801707,0.17434826682641616,0.4341430069228566,0.011632041015394057,0.005833333333333246,0.09914103479136104,0.30536955590927833,0.1097671254275952,0.11361894131275764,0.0,0.9999999987499999,0.6021220656387555,0.30727907066370114,0.33198571316273534,0.4116776676317672,disgust,07,05,05,male,strong,589
60,2.0020000000000002,True,1.0,0.41546548545382705,0.42994125167480207,0.42270336856431456,1.0861305088771622,-0.05587962962962967,-0.060046296296296264,0.37639170748446454,0.5656084445939749,0.17427823754810928,0.38918285151689896,0.014475766220975017,0.004166666666666596,0.08551185793925,0.2886460632762356,0.10719452082882894,0.11539066064161675,0.0,0.9999999987499999,0.6057247379889457,0.3072339452716562,0.33491666055903163,0.42488575914680055,disgust,07,05,05,male,strong,589
70,2.3356666666666666,True,1.0,0.35607976806003105,0.3511804575546621,0.3536301128073466,1.1168214933339877,-0.05680555555555561,-0.062499999999999944,0.35300977755108554,0.6024010021819141,0.17231060207789084,0.3166397807689691,0.004899310505368959,0.005694444444444335,0.08846985941172901,0.2672622168737726,0.1106574223971409,0.1137613475815131,0.0,0.9999999987499999,0.603822734062375,0.30790320409920957,0.33594640321113306,0.41416952875595886,disgust,07,05,05,male,strong,589
80,2.6693333333333333,True,1.0,0.38392677805139575,0.38043292532386763,0.3821798516876317,0.8859497600269906,-0.05578703703703708,-0.060277777777777874,0.35158824826168145,0.47983910335152025,0.17860668640298696,0.4313786954194655,0.003493852727528113,0.004490740740740795,0.09301967216008475,0.34315197643426004,0.10929859205087078,0.11390258766888485,0.0,0.9999999987499999,0.6023798422103217,0.30815133035771125,0.32560961274834743,0.40132897983672744,disgust,07,05,05,male,strong,589
90,3.003,True,1.0,0.3268792613810018,0.3337020858898259,0.33029067363541387,0.9056823691101679,-0.057499999999999996,-0.06217592592592591,0.3735374097146822,0.45000246633883495,0.18064372200519202,0.3646870966031106,0.006822824508824099,0.004675925925925917,0.0850515291656631,0.3390030325701334,0.10812952347627065,0.11484721984784714,0.0,0.9999999987499999,0.604662032672444,0.30837893123208815,0.32577076648294334,0.40431066914698754,disgust,07,05,05,male,strong,589
100,3.336666666666667,True,1.0,0.35721975935260947,0.35682689555235564,0.35702332745248255,0.8479251841745212,-0.05763888888888896,-0.06277777777777788,0.383526731858017,0.4022104494890494,0.1793357872357157,0.4210552229322622,0.0003928638002538287,0.005138888888888915,0.09249640370070064,0.35921738701638184,0.10956921769440436,0.11347450942141954,0.0,0.9999999987499999,0.6042524395930247,0.30949911844738875,0.325923172078904,0.4038248689775573,disgust,07,05,05,male,strong,589
110,3.6703333333333332,True,1.0,0.37057326870200274,0.34777174020039986,0.3591725044512013,0.8521038182572493,-0.056574074074074,-0.06124999999999997,0.3862963580165263,0.4232232932140912,0.18022808929522316,0.42151261003124324,0.022801528501602886,0.004675925925925972,0.08991353526340108,0.3616475030886046,0.1101673770982901,0.11373454407273728,0.0,0.9999999987499999,0.6037011333517782,0.30957186034040496,0.3264398913870315,0.40499444329016593,disgust,07,05,05,male,strong,589
0,0.0,True,1.0,0.3243047661812523,0.30825588859369796,0.31628032738747514,0.668691935464339,-0.0466203703703702,-0.04912037037037037,0.36772328054953757,0.24642002781774272,0.17252142835376424,0.4729836126524397,0.016048877587554355,0.0025000000000001688,0.07138844394504335,0.45521588922509715,0.1109105681044295,0.11616892173967318,0.0,0.9999999987499999,0.5922179023406238,0.3070741467854342,0.31448948416651057,0.4063247088041382,disgust,07,05,05,male,strong,590
10,0.33366666666666667,True,1.0,0.23733241148321796,0.25179652997997903,0.24456447073159848,0.61552723177328,-0.06240740740740747,-0.06504629629629632,0.39072712402140297,0.21704749257135647,0.17174292150899623,0.39732518417914625,0.014464118496761075,0.0026388888888888573,0.05470466377562032,0.46253828088990384,0.11142296563740856,0.11485110137118579,0.0,0.9999999987499999,0.5923374617346938,0.3064406784447947,0.3225860022673712,0.4107755133535313,disgust,07,05,05,male,strong,590
20,0.6673333333333333,True,1.0,0.2815635719003241,0.27693984898052015,0.27925171044042213,0.6891632290499046,-0.050370370370370454,-0.05087962962962955,0.38831600543593403,0.2993295692055181,0.16843692044531697,0.405204019409748,0.004623722919803952,0.0005092592592590983,0.050528195869815606,0.42237566202852517,0.10955937757164508,0.1134840100637642,0.0,0.9999999987499999,0.6040981310961885,0.3044640335806419,0.3237071729388379,0.40263570295663126,disgust,07,05,05,male,strong,590
30,1.0010000000000001,True,1.0,0.32770377342381746,0.339465150647772,0.3335844620357947,1.038817652627999,-0.04828703703703713,-0.051851851851851816,0.3788065783375754,0.45292666938133347,0.16764578415214113,0.32111936218247095,0.011761377223954539,0.0035648148148146874,0.05359584352850398,0.30518004072504024,0.12361857570792319,0.10797193461073074,0.0,0.9999999987499999,0.5479609023765756,0.26851334010933325,0.3283780325347457,0.358223702536489,disgust,07,05,05,male,strong,590
40,1.3346666666666667,True,1.0,0.36446000267988193,0.3456903768682579,0.35507518977406993,1.0514403100343273,-0.04814814814814816,-0.04935185185185181,0.3876718955887372,0.45991902834008164,0.17022675682426708,0.33770361130864146,0.018769625811624058,0.0012037037037036513,0.0532674124424312,0.3137937715980209,0.12377658652354409,0.10708142585054659,0.0,0.9999999987499999,0.5494552366727941,0.27005881472751075,0.3347002944685649,0.36194975343656266,disgust,07,05,05,male,strong,590
50,1.6683333333333334,True,1.0,0.3555440473206148,0.34823374793176143,0.35188889762618814,1.036612248324392,-0.04532407407407407,-0.047916666666666774,0.34207342489929204,0.5466664613630791,0.16811047822147215,0.33946048601585677,0.0073102993888533585,0.002592592592592702,0.06112886983816221,0.29804060655771225,0.11186829513101931,0.11474992460900053,0.0,0.9999999987499999,0.6133707419452157,0.30462746416425096,0.32497079215864094,0.3991672000927569,disgust,07,05,05,male,strong,590
60,2.0020000000000002,True,1.0,0.3260843753032928,0.30558808058993125,0.31583622794661204,1.0010296928228142,-0.049398148148148135,-0.050694444444444375,0.37022536344032225,0.5060956226176564,0.1673725073290452,0.3155113481758789,0.020496294713361563,0.0012962962962962399,0.04965163260283746,0.32556746833896305,0.10846198292386247,0.11519675257641557,0.0,0.9999999987499999,0.6118841173656964,0.3039580965902903,0.3257788356278762,0.4081343416169006,disgust,07,05,05,male,strong,590
70,2.3356666666666666,True,1.0,0.3372704728750349,0.3537348272507481,0.3455026500628915,0.9944614602179179,-0.049861111111111134,-0.05291666666666667,0.36810673525860577,0.4419008839093363,0.1736467031658684,0.3474268877017928,0.016464354375713197,0.0030555555555555336,0.0519460684833365,0.3048896305636782,0.12313433029577592,0.10887440250563661,0.0,0.9999999987499999,0.5497292598211159,0.27200143934831444,0.3354644999455228,0.3596420475160008,disgust,07,05,05,male,strong,590
80,2.6693333333333333,True,1.0,0.30345162407494375,0.29238366435147145,0.2979176442132076,0.9478965198545648,-0.0524074074074074,-0.05472222222222223,0.36030816395607046,0.43814079071809015,0.17302958160705104,0.314293425466861,0.011067959723472298,0.002314814814814825,0.05410548107328259,0.33016147701442145,0.12432645903287941,0.10715606612842737,0.0,0.9999999987499999,0.5489757758728491,0.2720757270764404,0.34031105068735157,0.35986084074794517,disgust,07,05,05,male,strong,590
90,3.003,True,1.0,0.3580870171576692,0.355127381917884,0.35660719953777664,0.9858323752245728,-0.05009259259259252,-0.05064814814814822,0.3379841130090073,0.5212587093076012,0.17449847551568032,0.3617320839727357,0.0029596352397852077,0.0005555555555556979,0.05225723413722152,0.3233634000090664,0.10961583945629277,0.1139322488895405,0.0,0.9999999987499999,0.5889043919286464,0.30951676499759995,0.31553048946909434,0.40084169959532717,disgust,07,05,05,male,strong,590
100,3.336666666666667,True,1.0,0.3377073700986117,0.3434437208049902,0.3405755454518009,1.0219685876867841,-0.047824074074074074,-0.04879629629629628,0.35490652769685116,0.4674900926984337,0.17588584101174146,0.33325441657917326,0.005736350706378512,0.0009722222222222077,0.045957640329504085,0.3091078442306866,0.10860411488069753,0.11322674751438946,0.0,0.9999999987499999,0.5890646921346663,0.3106351107117562,0.3189289016416439,0.405575538519841,disgust,07,05,05,male,strong,590
110,3.6703333333333332,True,1.0,0.3415257939620007,0.31860519780126023,0.3300654958816305,0.9649387069550152,-0.048333333333333395,-0.04976851851851849,0.3771650351192118,0.42802647313528736,0.1732380159877639,0.34205850952253064,0.022920596160740492,0.001435185185185095,0.04936995234576394,0.3194996568763471,0.1230274286194573,0.10634092068828874,0.0,0.9999999987499999,0.5472120555878602,0.27235631731060667,0.3421855945842208,0.359678037305168,disgust,07,05,05,male,strong,590
120,4.0040000000000004,True,1.0,0.3469174368499105,0.3290361445543374,0.33797679070212394,0.9115457010267207,-0.04944444444444451,-0.05111111111111111,0.37652828490957413,0.41465064584980965,0.17534146373932782,0.37077328138506205,0.017881292295573115,0.0016666666666665941,0.04593053402436197,0.35767355352155084,0.12231078717275592,0.1080496676728624,0.0,0.9999999987499999,0.5540742517163114,0.2725795473330265,0.3380639602876,0.3561850160902363,disgust,07,05,05,male,strong,590
0,0.0,True,1.0,0.3133578063754897,0.29609309632706604,0.3047254513512779,0.8963051604324513,-0.052685185185185224,-0.05046296296296299,0.3831722267963777,0.39441948242416763,0.17378680346184108,0.33997957928107125,0.01726471004842367,0.0022222222222222365,0.01881671237162269,0.3469209031837811,0.12314113722906721,0.10834042319459428,0.0,0.9999999987499999,0.5584444938444129,0.2716971742741027,0.33285596232263054,0.3606227095869418,disgust,07,05,05,male,strong,591
10,0.33366666666666667,True,1.0,0.19111889634919768,0.1743582333933192,0.18273856487125845,1.0567828184532317,-0.0681018518518518,-0.0675,0.3900370652782893,0.4751296419244025,0.16823704975223622,0.17291969710363492,0.01676066295587847,0.0006018518518517979,0.027491783839293772,0.29924921508747143,0.10697474420974332,0.11393434286870878,0.0,0.9999999987499999,0.6146870809808299,0.3077163170391091,0.32565829835553595,0.422732420273422,disgust,07,05,05,male,strong,591
20,0.6673333333333333,True,1.0,0.18974798266226314,0.18979192828563438,0.18976995547394876,1.1866671868496574,-0.05388888888888893,-0.05763888888888885,0.38066293915018395,0.6437263095787181,0.15239654756397333,0.15991843170261294,4.39456233712332e-05,0.00374999999999992,0.07362748748287629,0.2759458052698934,0.10590829182777836,0.11591672783044096,0.0,0.9999999987499999,0.6224785612291791,0.30630160516205734,0.3226492031711295,0.42362385826062815,disgust,07,05,05,male,strong,591
30,1.0010000000000001,True,1.0,0.13384786580812416,0.1044459254970491,0.11914689565258663,1.006724967237332,-0.06101851851851853,-0.06782407407407409,0.3801121500743895,0.6154397405650076,0.1367201623053157,0.1183509891281937,0.029401940311075056,0.006805555555555565,0.1183140185438756,0.29537956529056225,0.10467851275724821,0.11604757364993676,0.0,0.9999999987499999,0.6348154575814701,0.30854756222775637,0.3181263354449516,0.4112850726620036,disgust,07,05,05,male,strong,591
40,1.3346666666666667,True,1.0,0.20194748766334703,0.19764814495474947,0.19979781630904825,0.9851178378727407,-0.051574074074073994,-0.05898148148148147,0.3780422671960269,0.5881017265608511,0.15093752021868398,0.20281615927338278,0.004299342708597553,0.007407407407407474,0.12567963462476464,0.31171394115601686,0.10767253411762691,0.11724227275645267,0.0,0.9999999987499999,0.6204921935571104,0.30659381527802587,0.3202712496020245,0.4136118254366622,disgust,07,05,05,male,strong,591
50,1.6683333333333334,True,1.0,0.20787456692951412,0.17707502552193755,0.19247479622572583,1.2171963054020571,-0.05912037037037038,-0.06134259259259256,0.3348089611093267,0.7470878998815081,0.14585674441096946,0.1581296257403186,0.03079954140757657,0.002222222222222181,0.07396065292255229,0.25351025052420306,0.10624345921190873,0.11675747974423996,0.0,0.9999999987499999,0.6225843350934125,0.3071890080539544,0.3181392692638581,0.41048862004284076,disgust,07,05,05,male,strong,591
60,2.0020000000000002,True,1.0,0.12512278250956965,0.12797586915733317,0.1265493258334514,1.081463439741452,-0.06851851851851853,-0.06722222222222218,0.3535729688499538,0.660528012702931,0.14682738261473513,0.11701673970939402,0.002853086647763514,0.001296296296296351,0.04833268213778014,0.26888454799590006,0.10423652017291997,0.11295660824987627,0.0,0.9999999987499999,0.6287901945778313,0.30957966775291296,0.3242786284753132,0.407491434594052,disgust,07,05,05,male,strong,591
70,2.3356666666666666,True,1.0,0.28718655998359327,0.26764635258633707,0.27741645628496514,1.0366409989268646,-0.05768518518518517,-0.06064814814814812,0.39512690567434355,0.5292276377155497,0.16234971330496542,0.2676109246809145,0.019540207397256204,0.002962962962962945,0.08184295195707209,0.2925434145592753,0.1076187761282115,0.11466325038482506,0.0,0.9999999987499999,0.6145940278220663,0.3072438820917235,0.33255853625348814,0.4303389538360151,disgust,07,05,05,male,strong,591
80,2.6693333333333333,True,1.0,0.19010740332768716,0.1744148944750188,0.18226114890135298,0.8713219946130711,-0.07037037037037036,-0.07476851851851857,0.3643758191035579,0.5277623880842203,0.1596483260519454,0.20917772078310715,0.015692508852668374,0.0043981481481482065,0.09239389671784921,0.3425443676665177,0.10873856160683645,0.11576155882623108,0.0,0.9999999987499999,0.6161594490921368,0.307113959788607,0.32003475807616477,0.4004441354038178,disgust,07,05,05,male,strong,591
90,3.003,True,1.0,0.2362689481980054,0.2516134989019217,0.24394122354996356,0.9157704602811532,-0.061064814814814794,-0.06254629629629627,0.3582974772792283,0.570676199134449,0.16660033424830914,0.26637813090746615,0.015344550703916299,0.0014814814814814725,0.08711530006633011,0.3337199384249773,0.11006519192831268,0.11366594507938665,0.0,0.9999999987499999,0.6155408243844414,0.3073824932809532,0.32864171071142506,0.4070560730006252,disgust,07,05,05,male,strong,591
100,3.336666666666667,True,1.0,0.2871865599835927,0.2760615152420515,0.2816240376128221,0.9992866377441582,-0.058981481481481524,-0.0616666666666667,0.32662031961458027,0.5999166840237588,0.1714770092223452,0.2818250809883488,0.01112504474154119,0.0026851851851851793,0.09265771986468148,0.31307161512548054,0.10906384221602365,0.11396032676273027,0.0,0.9999999987499999,0.604785893357343,0.30825274833099636,0.3216564010540571,0.3985005989713489,disgust,07,05,05,male,strong,591
110,3.6703333333333332,True,1.0,0.2940395944527357,0.2897775450618126,0.29190856975727414,0.9728285657043202,-0.05606481481481479,-0.060601851851851796,0.362562322725815,0.48319741508118236,0.17442176730844178,0.3000616758677667,0.004262049390923117,0.004537037037037006,0.09416815803324874,0.3156039359876505,0.10900464923525613,0.11451714300560994,0.0,0.9999999987499999,0.6037702523665716,0.3082670910973652,0.3253308366074434,0.404218585297446,disgust,07,05,05,male,strong,591
120,4.0040000000000004,True,1.0,0.29486279979425,0.27695594265156004,0.28590937122290505,0.8929069105048674,-0.055925925925925934,-0.06023148148148144,0.37318739708292936,0.4371452530148685,0.1757313297171015,0.3202006478606445,0.01790685714268997,0.004305555555555507,0.08912376018777171,0.34385339172708385,0.10949884850218371,0.11303790554000971,0.0,0.9999999987499999,0.6051771017313176,0.3079017914040408,0.32442041724571874,0.4006711287992403,disgust,07,05,05,male,strong,591
130,4.337666666666666,True,1.0,0.2948627997942506,0.2875755021896075,0.2912191509919291,0.8734349438861048,-0.05694444444444441,-0.06115740740740738,0.37829340803867423,0.434214029354088,0.17711448378830408,0.3334182505868506,0.007287297604643139,0.004212962962962974,0.08253187763356938,0.3491620368426206,0.11077347798159784,0.11547765729214857,0.0,0.9999999987499999,0.607713263477266,0.30787646842373917,0.3194645587219944,0.39882821842659916,disgust,07,05,05,male,strong,591
0,0.0,True,1.0,0.5972222222222225,0.5902526350818429,0.5937374286520327,0.8610635040482544,-0.0768981481481481,-0.08287037037037032,0.3685201124103819,0.29858231405129104,0.21112412083566012,0.6895396516756322,0.006969587140379652,0.005972222222222212,0.010592706093873595,0.32659946202072865,0.11043628398939108,0.11808105352863815,0.0,0.9962359407293234,0.6184581468368597,0.3080226335748479,0.3231371178101562,0.41908215521445935,surprised,08,05,05,male,normal,592
10,0.33366666666666667,True,1.0,0.6065667585913495,0.6249643778350933,0.6157655682132214,0.867891513560805,-0.07703703703703707,-0.08337962962962964,0.36772070599581647,0.29396325459317585,0.2097353180985255,0.709496012568258,0.018397619243743835,0.006342592592592566,0.010659470813380374,0.3266129032258065,0.10827236180755562,0.11782592425219471,0.0,0.9999999987499999,0.6196845924463537,0.3080860847588243,0.3236446906955885,0.4167540163923166,surprised,08,05,05,male,normal,592
20,0.6673333333333333,True,1.0,0.6252535831595631,0.6294794180970423,0.6273665006283027,0.8269097214238322,-0.07944444444444454,-0.08425925925925937,0.37467991672003786,0.2756244616709733,0.21320339077801023,0.7586880216477057,0.004225834937479189,0.004814814814814827,0.009401719436640298,0.34685975747447567,0.10956313473621337,0.11695289718461946,0.0,0.9999999987499999,0.617791178002451,0.3082337496971988,0.324392195090339,0.41980654326050626,surprised,08,05,05,male,normal,592
30,1.0010000000000001,True,1.0,0.6870421668889783,0.7023828296753236,0.694712498282151,1.148610552065455,-0.07666666666666672,-0.08157407407407402,0.3754406363930924,0.3897071515936361,0.2138920991554833,0.6048285879255634,0.015340662786345272,0.004907407407407305,0.01068331057359279,0.23467714839968767,0.10837176055946496,0.11741041851664034,0.0,0.9999999987499999,0.6145262968077855,0.309045761380521,0.3317456701461358,0.43262626167213064,surprised,08,05,05,male,normal,592
40,1.3346666666666667,True,1.0,0.6190938603342953,0.6169158019595485,0.618004831146922,1.0350779071181777,-0.07870370370370378,-0.08569444444444457,0.3638354316309506,0.34265511718250435,0.2208347152570755,0.5970611747163517,0.0021780583747467164,0.006990740740740797,0.011376682989577298,0.25117930636470764,0.10550221777903525,0.11855796632179594,0.0,0.9999999987499999,0.6182883671749949,0.30850338876136674,0.3336844274283895,0.43137596919156845,surprised,08,05,05,male,normal,592
50,1.6683333333333334,True,1.0,0.7204019187302144,0.6903323691700672,0.7053671439501408,0.9332979873751841,-0.08152777777777787,-0.0844907407407407,0.38182450832313397,0.27052115576092306,0.22152915536949758,0.7557791332368795,0.03006954956014718,0.002962962962962834,0.01175162160449508,0.30197840832537703,0.09886543373573937,0.12009010246261616,0.0,0.9999999987499999,0.6459820784251201,0.3302988622492038,0.301133109200389,0.4508027521498787,surprised,08,05,05,male,normal,592
60,2.0020000000000002,True,1.0,0.6646084993830845,0.5613179973795024,0.6129632483812935,0.9504670977417294,-0.08203703703703702,-0.06814814814814818,0.4054176209590616,0.2471214454128496,0.21250897556871717,0.6449073827359925,0.10329050200358214,0.01388888888888884,0.0008667582923213115,0.29999999999999977,0.09304468775229281,0.11886482540550403,0.0,0.9999999987499999,0.6422978000887855,0.3327304546109717,0.3097294600916998,0.4704991099586637,surprised,08,05,05,male,normal,592
70,2.3356666666666666,True,1.0,0.7490862341039336,0.6958168033172201,0.7224515187105769,0.831094207137166,-0.0811574074074074,-0.06884259259259257,0.405244314166634,0.24292613369477087,0.21736251511017093,0.8692775289568847,0.053269430786713534,0.012314814814814834,0.0045354658356018835,0.34648258419900924,0.0941543266628351,0.11863194847461409,0.0,0.9999999987499999,0.6430519165947629,0.3317294509327806,0.3084585891934929,0.4641037263380661,surprised,08,05,05,male,normal,592
80,2.6693333333333333,True,1.0,0.6821602012031179,0.6506270501872751,0.6663936256951966,0.8393802405555288,-0.0929166666666667,-0.08935185185185185,0.3732211010670321,0.26144630443532796,0.23333627608123875,0.7939114998158115,0.031533151015842864,0.003564814814814854,0.006224146295554311,0.33237174299902333,0.09761839461481597,0.11888313784826367,0.0,0.9999999987499999,0.6417506245935874,0.33224963248250977,0.30828924025572657,0.4619835753301247,surprised,08,05,05,male,normal,592
90,3.003,True,1.0,0.6547194285261833,0.648359316168287,0.6515393723472351,0.8217760257443353,-0.0897222222222222,-0.09393518518518523,0.3984608416144339,0.22827111826231553,0.23333366030715552,0.7928430033683377,0.0063601123578962415,0.004212962962963029,0.001840612136129174,0.3303571428571424,0.09543294515286607,0.11921480144226271,0.0,0.9999999987499999,0.6417655906268758,0.33239436984114684,0.30911254535757204,0.4633164126811675,surprised,08,05,05,male,normal,592
100,3.336666666666667,True,1.0,0.6902445168110152,0.6787320962749482,0.6844883065429817,0.8672893851917598,-0.0861574074074074,-0.07624999999999998,0.3955862397451374,0.2430950141475157,0.22361145230116525,0.7892271232993814,0.011512420536066936,0.00990740740740742,0.0010909150671236016,0.33237429253973316,0.10675547293987138,0.11904208418563192,0.0,0.9999999987499999,0.6111203461071929,0.3085279218010914,0.3406721234350158,0.4548990421231083,surprised,08,05,05,male,normal,592
110,3.6703333333333332,True,1.0,0.7032039068286917,0.6702043293919072,0.6867041181102995,0.8731663435739444,-0.08370370370370372,-0.07203703703703707,0.3973776683265898,0.23457373595589376,0.22152812217651086,0.7864528026808282,0.0329995774367845,0.011666666666666659,0.012935502046741282,0.3361405606616836,0.10708597414740585,0.11761639051822699,0.0,0.8999881455649552,0.6108030010832458,0.30895840912728006,0.3421900089349892,0.45819566326028527,surprised,08,05,05,male,normal,592
0,0.0,True,1.0,0.5422213929565268,0.5803011808893757,0.5612612869229512,0.8885566104630128,-0.0795833333333334,-0.08685185185185196,0.37339121886257126,0.28707213568805034,0.21806115361267805,0.6316550688092758,0.03807978793284883,0.007268518518518563,0.007613655805646846,0.3201923076923079,0.11235885620314452,0.11658045870497548,0.0,0.9999999987499999,0.6123827229251074,0.30949537116827225,0.3311311737934517,0.42035838318621355,surprised,08,05,05,male,normal,593
10,0.33366666666666667,True,1.0,0.5278906706992595,0.5473522877334972,0.5376214792163784,0.8682464539723173,-0.08287037037037037,-0.0735648148148148,0.3831768199831864,0.2713165377903611,0.21321197890506985,0.6192037718745692,0.019461617034237655,0.009305555555555567,0.0017053685474103075,0.3339714759983267,0.10788347838277185,0.11785923788378096,0.0,0.9999999987499999,0.611638881302521,0.3078342996017773,0.3363295875119704,0.4430817242498477,surprised,08,05,05,male,normal,593
20,0.6673333333333333,True,1.0,0.5557757887213673,0.562283407524348,0.5590295981228577,0.8751318491927266,-0.09064814814814809,-0.09481481481481485,0.3744340867023311,0.2803156704445453,0.22571100783906625,0.6387947126350614,0.006507618802980675,0.004166666666666763,0.007448762663204257,0.32557047147579704,0.0976581852998934,0.11964927920000082,0.0,0.9999999987499999,0.645623733688788,0.3299594898208337,0.3074888611650613,0.45296571838679395,surprised,08,05,05,male,normal,593
30,1.0010000000000001,True,1.0,0.6821613035963602,0.6277702745752326,0.6549657890857964,1.0505050505050515,-0.08375000000000005,-0.07800925925925928,0.3813770568450488,0.35016835016835013,0.21876255544325338,0.6234770492259017,0.05439102902112758,0.0057407407407407685,0.0032261058611530785,0.26713474582629493,0.09395624032645176,0.11782265336808463,0.0,0.9999999987499999,0.6438387193940075,0.33278097863787637,0.31261967390810896,0.46227971519148325,surprised,08,05,05,male,normal,593
40,1.3346666666666667,True,1.0,0.6352552078948717,0.6628084174869702,0.6490318126909209,1.0808888888888886,-0.06995370370370368,-0.0640277777777778,0.3654526415587639,0.3555555555555554,0.19931512529804216,0.6004611753925051,0.027553209592098504,0.00592592592592589,0.00285232145159641,0.2667720568807949,0.09410635781702187,0.11867000398857426,0.0,0.9999999987499999,0.6403778643410488,0.33311225009731965,0.313986809319804,0.4662516027986587,surprised,08,05,05,male,normal,593
50,1.6683333333333334,True,1.0,0.7488181880786107,0.6827394133694279,0.7157788007240193,1.3017335509167436,-0.08560185185185182,-0.07629629629629636,0.3659532568014481,0.4269048075058835,0.2201402751719845,0.5498658310066091,0.06607877470918277,0.009305555555555456,0.0025672387084472005,0.2240443984303544,0.09620800097495893,0.12081842457852496,0.0,0.9999999987499999,0.6376154814347613,0.3339012136584492,0.3129602303390827,0.4627217015368846,surprised,08,05,05,male,normal,593
60,2.0020000000000002,True,1.0,0.6685451420344952,0.6397620806914074,0.6541536113629514,0.9858805228095325,-0.08944444444444455,-0.08537037037037037,0.395752893286498,0.31133069141353664,0.22570661358752636,0.6635221979015917,0.028783061343087835,0.004074074074074174,0.006043927577773547,0.28155761878149516,0.09738954438012457,0.12066013240589579,0.0,0.9999999987499999,0.6453841232899409,0.33065163186091917,0.3149744170498982,0.47091386100066107,surprised,08,05,05,male,normal,593
70,2.3356666666666666,True,1.0,0.7134152246989295,0.6730942190702908,0.6932547218846101,0.8890180117418938,-0.08986111111111117,-0.08050925925925928,0.38187930394643155,0.2962962962962963,0.22573534368337633,0.7797982861182805,0.04032100562863872,0.009351851851851889,0.011762952754279712,0.308266216398238,0.09656726428954525,0.1202149189635671,0.0,0.9999999987499999,0.6439283284563826,0.33080774748515174,0.31146258985817715,0.4655142396195703,surprised,08,05,05,male,normal,593
80,2.6693333333333333,True,1.0,0.6512709593903385,0.6085054109035406,0.6298881851469396,0.8608145098252891,-0.09175925925925937,-0.08384259259259252,0.36959734801460964,0.31932127326406284,0.22777811272655968,0.731735092702819,0.04276554848679792,0.00791666666666685,0.01165123914073179,0.3179366002437202,0.09579511165727983,0.1197223129730547,0.0,0.9999999987499999,0.6445364739802172,0.3312245154884354,0.3123354756366014,0.4621823236930646,surprised,08,05,05,male,normal,593
90,3.003,True,1.0,0.682161303596361,0.6374262497768348,0.6597937766865979,0.9016526981310254,-0.09078703703703711,-0.08430555555555563,0.39091213023065324,0.2613486081539206,0.22709173251143114,0.7317604417468495,0.04473505381952614,0.006481481481481477,0.016505866286175355,0.30163043478260837,0.09743897620249878,0.1195094523070389,0.0,0.9999999987499999,0.6435565751534988,0.33139286893764036,0.31547513807743355,0.46661188539012594,surprised,08,05,05,male,normal,593
100,3.336666666666667,True,1.0,0.699108117106313,0.665885996075878,0.6824970565910955,0.8941733872344894,-0.09300925925925924,-0.08638888888888885,0.3961522653296227,0.2462216573544248,0.23472514755763574,0.7632714933531303,0.03322212103043509,0.0066203703703703876,0.007554187910090825,0.31793478260869495,0.09633616027100282,0.11735515538426741,0.0,0.9999999987499999,0.6427123924257203,0.33107897714932183,0.3151241948820428,0.466532277944467,surprised,08,05,05,male,normal,593
0,0.0,True,1.0,0.6464077210111886,0.6588261021901795,0.652616911600684,0.650068543806729,-0.07680555555555552,-0.08018518518518514,0.39095570099629157,0.20562037913631714,0.21321734630882008,1.0039201524488974,0.012418381178990856,0.0033796296296296213,0.013233482786645491,0.41374164379816136,0.11093051254162899,0.1169671476122576,0.0,0.9999999987499999,0.6104742745144933,0.30747101298288226,0.313523066647411,0.4265241668153223,surprised,08,05,05,male,normal,594
10,0.33366666666666667,True,1.0,0.6603887864406931,0.6794228330281673,0.6699058097344301,0.6477023676126138,-0.07574074074074078,-0.0787962962962962,0.37145344859313356,0.22736859074240023,0.2083629943078147,1.0342803164417274,0.019034046587474207,0.0030555555555554226,0.020006682029761608,0.3954911771642452,0.10694289878219496,0.11742244113340383,0.0,0.9999999987499999,0.6104603754548695,0.3075110901438815,0.30918313027497535,0.42296710388167,surprised,08,05,05,male,normal,594
20,0.6673333333333333,True,1.0,0.6598673028361106,0.6510725623936516,0.6554699326148812,0.5881850677182732,-0.07435185185185178,-0.07773148148148151,0.38531292088146085,0.2138680033416878,0.20626331633148565,1.1143940378453059,0.008794740442458981,0.0033796296296297323,0.02276090049137945,0.4224522190028025,0.10963926685653924,0.11622769044356013,0.0,0.9999999987499999,0.6204497262107967,0.30511045604342635,0.32251932933959687,0.42309662994002756,surprised,08,05,05,male,normal,594
30,1.0010000000000001,True,1.0,0.6705323766668225,0.6752481973288023,0.6728902869978124,1.1107101445048626,-0.07069444444444445,-0.07500000000000001,0.37342582150176895,0.3887389413649458,0.20006445799670577,0.6058198804853596,0.0047158206619797305,0.0043055555555555625,0.013491201454201846,0.25342718958709465,0.1097897668893039,0.11739115609696653,0.0,0.9999999987499999,0.61897077201193,0.30835969275380604,0.3199065641512459,0.4151315678599161,surprised,08,05,05,male,normal,594
40,1.3346666666666667,True,1.0,0.694615775843243,0.6758637349689706,0.6852397554061067,0.8052828183626634,-0.06671296296296297,-0.0717592592592593,0.3769810404155252,0.29155420602370946,0.1958582652569058,0.8509305548072744,0.018752040874272402,0.0050462962962963265,0.011507621342299152,0.34954694667404973,0.10809059374574187,0.11603891128011896,0.0,0.9999999987499999,0.6249408449004601,0.30493796559922376,0.31603920315935596,0.4105723829640132,surprised,08,05,05,male,normal,594
50,1.6683333333333334,True,1.0,0.6810102654700648,0.6965984087338447,0.6888043371019548,0.8956243606253678,-0.06564814814814812,-0.06925925925925924,0.38925813040820384,0.2781762516925924,0.19514866295738678,0.7690772687569581,0.015588143263779886,0.0036111111111111205,0.011382085459062658,0.31532945702487486,0.10893761868849189,0.11655913607353349,0.0,0.9999999987499999,0.6209142274878702,0.3065456732690372,0.3143736062225806,0.4122270584546353,surprised,08,05,05,male,normal,594
60,2.0020000000000002,True,1.0,0.596407162810665,0.6376067645334961,0.6170069636720805,0.777142703175907,-0.061990740740740735,-0.06856481481481475,0.3787701781470338,0.256721692391785,0.19306978193111085,0.7939429414322384,0.0411996017228311,0.00657407407407401,0.006879918769145802,0.34196714096646835,0.10608773935210215,0.11640902636050633,0.0,0.9999999987499999,0.6256869065673144,0.3044432419265745,0.3109349657644462,0.4195479791559702,surprised,08,05,05,male,normal,594
70,2.3356666666666666,True,1.0,0.6109753001766293,0.6371217703440922,0.6240485352603607,0.642240820615524,-0.06421296296296297,-0.06791666666666657,0.3891962866740778,0.21178765665413857,0.19515296339244406,0.9716737323894676,0.026146470167462965,0.003703703703703598,0.0073910402770200456,0.43082021065496007,0.10752802193556198,0.11639684676925272,0.0,0.9999999987499999,0.6233881078212535,0.30410077942722796,0.3121614736290395,0.42308873160782623,surprised,08,05,05,male,normal,594
80,2.6693333333333333,True,1.0,0.5879173380771963,0.629958976300027,0.6089381571886117,0.6368910029912271,-0.06305555555555559,-0.06851851851851848,0.3844738723295066,0.20326308606102925,0.19514866295738678,0.9561104715385648,0.04204163822283069,0.005462962962962892,0.0071856803299530135,0.4188829787234043,0.10878204427281996,0.11506026393128717,0.0,0.9999999987499999,0.6231245761351415,0.30400995577568757,0.3138412264521235,0.4208078466001555,surprised,08,05,05,male,normal,594
90,3.003,True,1.0,0.6249543159738347,0.6277702745752333,0.626362295274534,0.5994662141095083,-0.06518518518518523,-0.07152777777777775,0.4029287250890402,0.19547811329657913,0.1958582652569057,1.0448667173094637,0.002815958601398605,0.006342592592592511,0.013978992759186175,0.44075383310740013,0.10858167403152255,0.11656435620201798,0.0,0.9999999987499999,0.6233556582085958,0.30414876731236756,0.31339189334460144,0.42198241101281614,surprised,08,05,05,male,normal,594
0,0.0,True,1.0,0.5359095308488789,0.5549612016467375,0.5454353662478082,0.8530687113583109,-0.08999999999999997,-0.09250000000000008,0.4048177687018677,0.17562578484870392,0.22986409831082838,0.6393803441452341,0.019051670797858522,0.0025000000000001132,0.0032433411818560925,0.3239371441689439,0.10833950420698028,0.11953053170098574,0.0,0.9999999987499999,0.6146270990661892,0.312444250144953,0.3465985221667341,0.43715240894083335,surprised,08,05,05,male,normal,595
10,0.33366666666666667,True,1.0,0.5687818254461385,0.6060933579707665,0.5874375917084524,0.6584848200494978,-0.08902777777777787,-0.08782407407407405,0.3818631836251938,0.20828249519844938,0.2229170089196166,0.8921049868154822,0.03731153252462793,0.0012037037037038179,0.01244715818239043,0.3837167903487821,0.10794666203795449,0.11682696320893,0.0,0.9999999987499999,0.6150848413740496,0.31094702853658934,0.3451391400036136,0.43947858526005723,surprised,08,05,05,male,normal,595
20,0.6673333333333333,True,1.0,0.5940843702249828,0.578617536642845,0.586350953433914,0.6859468228078928,-0.08078703703703705,-0.0715277777777778,0.4119558605508758,0.1808405260129894,0.20277928274864843,0.8548052617748304,0.015466833582137851,0.009259259259259245,0.0019225897778187323,0.39033387912155815,0.10772981351076334,0.1168640428488433,0.0,0.9999999987499999,0.6191156675482693,0.3101797961852734,0.3452121406237563,0.44102871971128754,surprised,08,05,05,male,normal,595
30,1.0010000000000001,True,1.0,0.6380027989681164,0.6309754160404423,0.6344891075042793,1.0222058418203483,-0.0818518518518519,-0.07189814814814816,0.37362345593698554,0.34073528060678243,0.2138920991554833,0.6207058124167815,0.007027382927674131,0.009953703703703742,0.004936964453760774,0.26553013011709214,0.10564244714562257,0.11891465232767966,0.0,0.9999999987499999,0.6120071323451255,0.31323512579667356,0.3460521640036817,0.43833494813722845,surprised,08,05,05,male,normal,595
40,1.3346666666666667,True,1.0,0.6722650712684901,0.6240055257273853,0.6481352984979377,0.8360770287442828,-0.08467592592592593,-0.07319444444444445,0.3905508715331159,0.2057014911989897,0.21944583511448415,0.7752100299554723,0.04825954554110479,0.011481481481481481,0.002386100997045175,0.33073825673731805,0.10904010395649179,0.11695300141457747,0.0,0.9999999987499999,0.6071939206854617,0.3088314262632046,0.3456452021556955,0.4529135793185953,surprised,08,05,05,male,normal,595
50,1.6683333333333334,True,1.0,0.6532346959847266,0.606105599604956,0.6296701477948413,0.7360281349432362,-0.0851851851851852,-0.07861111111111108,0.3789290879472415,0.2316999908126112,0.22986243876022253,0.8554973891635306,0.047129096379770585,0.006574074074074121,0.006718176119421413,0.36643987084107654,0.10893664665118558,0.11786040711225146,0.0,0.9999999987499999,0.6058240328006202,0.3092207013039013,0.34537221965611625,0.4511125377155338,surprised,08,05,05,male,normal,595
60,2.0020000000000002,True,1.0,0.6451279881406631,0.624937425649711,0.6350327068951871,0.7581367418973022,-0.07930555555555557,-0.06800925925925921,0.40551342270771246,0.16423409400697053,0.2138892455875565,0.8376229139165097,0.02019056249095208,0.01129629629629636,0.004234211307588975,0.3670768043793353,0.09383044199715665,0.11904842934682344,0.0,0.9999999987499999,0.6427152717884028,0.3325100680516715,0.3116587868885925,0.4606935391640896,surprised,08,05,05,male,normal,595
70,2.3356666666666666,True,1.0,0.6650945954350903,0.5947859874891924,0.6299402914621414,0.8158354152724562,-0.0894907407407407,-0.08569444444444452,0.3943772976764083,0.20071341147831853,0.22917498949138562,0.7721413898804168,0.07030860794589788,0.0037962962962961866,0.003687075733684705,0.3392721912695357,0.09874986179752436,0.11923023025844252,0.0,0.9999999987499999,0.642775313336272,0.33205246424973034,0.3166256426496091,0.46402357887555307,surprised,08,05,05,male,normal,595
80,2.6693333333333333,True,1.0,0.5968199995982857,0.5793295604683115,0.5880747800332986,0.8738286288797754,-0.09189814814814817,-0.09481481481481485,0.3856572267959092,0.25813914223051115,0.23680587773504674,0.6729863964141282,0.017490439129974167,0.0029166666666666785,0.008130299577669314,0.29863662613932174,0.09737210368281836,0.11972318341141765,0.0,0.9999999987499999,0.6432942284257454,0.33193916413287616,0.3179548420167411,0.46393589167365684,surprised,08,05,05,male,normal,595
90,3.003,True,1.0,0.5969413350386974,0.541711443436178,0.5693263892374377,0.8348664804622871,-0.07930555555555552,-0.06722222222222224,0.4283222145364999,0.16696790539490533,0.22222359550899456,0.6819370552788119,0.05522989160251934,0.01208333333333328,0.003815059230100446,0.33869627848848133,0.09597090691532914,0.11942201103480507,0.0,0.9999999987499999,0.6427242355379653,0.33128896595644614,0.3205873595023156,0.4725501697439175,surprised,08,05,05,male,normal,595
100,3.336666666666667,True,1.0,0.526075693771018,0.514823359358939,0.5204495265649784,0.8293422572236159,-0.0804629629629629,-0.06601851851851859,0.4262760395468008,0.15401573238707306,0.21597222222222223,0.6275449273588014,0.011252334412079068,0.014444444444444315,0.0033483418525871037,0.3547124991217919,0.09941700765046135,0.1193149504140815,0.0,0.9999999987499999,0.6436983719190802,0.33084702455404835,0.32193553797046726,0.474195051760425,surprised,08,05,05,male,normal,595
110,3.6703333333333332,True,1.0,0.54770212438702,0.5329924210279121,0.5403472727074661,0.8068165426959326,-0.08171296296296288,-0.07162037037037033,0.43556265809031647,0.16369646783906006,0.22223080512532087,0.6697275577691127,0.014709703359107928,0.010092592592592542,0.003000139301105523,0.3517281167216324,0.0981559592599659,0.11843968546761159,0.0,0.9999999987499999,0.6448856522140106,0.33111878230565706,0.3238659559365602,0.4768603160375209,surprised,08,05,05,male,normal,595
0,0.0,True,1.0,0.7005022641254796,0.7002544103469576,0.7003783372362186,1.0269761613823265,-0.07467592592592592,-0.08254629629629628,0.3874438678604063,0.3267564235537347,0.212503231248411,0.6819811048909821,0.0002478537785219892,0.007870370370370361,0.0023417396583362764,0.2705968080187567,0.09698024545894418,0.1198820055922335,0.0,0.9999999987499999,0.6475876695990896,0.3309506918286723,0.299848843641859,0.45868657273088426,surprised,08,05,05,male,strong,596
10,0.33366666666666667,True,1.0,0.7265347368748564,0.7355159050476892,0.7310253209612727,1.056995531651828,-0.07555555555555554,-0.08388888888888896,0.3833511683970384,0.36587355490985374,0.2145847555070186,0.6916068224232294,0.008981168172832787,0.008333333333333415,0.00829739195811258,0.27403133595495416,0.09832882846144939,0.11909875172646527,0.0,0.9999999987499999,0.6502087510472939,0.32958725446778536,0.30249165045469273,0.4593605213103049,surprised,08,05,05,male,strong,596
20,0.6673333333333333,True,1.0,0.7547947326974028,0.7713459728739698,0.7630703527856864,1.0069026616175702,-0.07231481481481483,-0.07962962962962955,0.38778212376758264,0.33120890919433676,0.21319444444444446,0.7578392449175059,0.01655124017656695,0.0073148148148147185,0.002327638271186964,0.2889431412310217,0.09848786955430017,0.1196061307379935,0.0,0.9999999987499999,0.6490732492059323,0.3300295732340462,0.30334164618002957,0.46115501012089244,surprised,08,05,05,male,strong,596
30,1.0010000000000001,True,1.0,0.809048375033366,0.8154433277952541,0.81224585141431,1.1090440322984538,-0.07254629629629628,-0.0804629629629629,0.3832412164773411,0.3741353361970684,0.212503231248411,0.7323837717524703,0.006394952761888062,0.007916666666666627,0.005951885439224871,0.2643072289156625,0.09743387215947495,0.12046629202889068,0.0,0.9999999987499999,0.6514113267728968,0.3289674365611694,0.3020760082504851,0.4616691201695321,surprised,08,05,05,male,strong,596
40,1.3346666666666667,True,1.0,0.7679708908379301,0.7713294819080503,0.7696501863729902,0.8209139577926049,-0.07097222222222221,-0.08055555555555555,0.37813492085776523,0.31624029275910703,0.2138888888888889,0.9375528081439127,0.003358591070120154,0.009583333333333333,0.01002570754547194,0.3415676121275337,0.09926973159074381,0.11879774156960612,0.0,0.9999999987499999,0.648649970199017,0.33036397764061,0.2990094946614126,0.4592069182585615,surprised,08,05,05,male,strong,596
50,1.6683333333333334,True,1.0,0.7722618112477491,0.7789281705821888,0.7755949909149689,0.9781260809493111,-0.07064814814814813,-0.07791666666666669,0.3708255940117767,0.3857277576965071,0.21111689330988623,0.7929396894950622,0.006666359334439709,0.007268518518518563,0.00017970638299751499,0.29346276460783066,0.09883702183134956,0.11947733685834594,0.0,0.9999999987499999,0.6489972828662716,0.329688652203882,0.29786636429445246,0.4565107322348207,surprised,08,05,05,male,strong,596
60,2.0020000000000002,True,1.0,0.7971832859389529,0.7903543276517712,0.7937688067953621,1.444013825099952,-0.07254629629629628,-0.08060185185185181,0.3536143115357063,0.5559365276434529,0.21041811700201477,0.5496961268638955,0.0068289582871817744,0.008055555555555538,0.006573004341708083,0.20274355578836578,0.09573452155096852,0.12103664157824703,0.0,0.9999999987499999,0.6458925960618622,0.33075610504376984,0.29811163049124334,0.45750091486580785,surprised,08,05,05,male,strong,596
70,2.3356666666666666,True,1.0,0.7676371583990557,0.7530473897353088,0.7603422740671822,0.8055157498099581,-0.07226851851851845,-0.07819444444444446,0.3655185865098571,0.256919665579018,0.2138892455875565,0.9439198106884522,0.014589768663746838,0.005925925925926001,0.00883838719646957,0.3301762993978926,0.10236967547201792,0.11905336455617549,0.0,0.9999999987499999,0.6492310178290065,0.3284735150399888,0.3011446294218477,0.4535471111649604,surprised,08,05,05,male,strong,596
80,2.6693333333333333,True,1.0,0.777965133810201,0.7640938996458746,0.7710295167280379,1.112944468045149,-0.07277777777777772,-0.07671296296296298,0.328504761517999,0.4714412556877432,0.2145847555070186,0.6927834576349764,0.013871234164326451,0.003935185185185264,0.005861779736173862,0.2581784615808205,0.09776302282163109,0.11908463668908166,0.0,0.9999999987499999,0.647521524797419,0.33007989906874424,0.3001198993708824,0.4554191674789327,surprised,08,05,05,male,strong,596
90,3.003,True,1.0,0.7401445451716504,0.7640938996458757,0.752119222408763,1.1840726043315122,-0.07037037037037042,-0.07467592592592587,0.3507566197299782,0.4404172491720863,0.21250143611647077,0.6351968786858171,0.023949354474225304,0.0043055555555554514,0.0012739327278938834,0.24695121951219562,0.11074097352218695,0.11892212762726911,0.0,0.9999999987499999,0.6035599932551144,0.30801757987755046,0.3264878694525532,0.4508910743557606,surprised,08,05,05,male,strong,596
100,3.336666666666667,True,1.0,0.7437781829791198,0.7530473897353075,0.7484127863572136,1.0775275761808754,-0.07027777777777777,-0.0732870370370371,0.3843531870120764,0.361357453462523,0.21180879739806174,0.6945648565300235,0.009269206756187698,0.0030092592592593226,0.0005078321828990973,0.26752419353576057,0.1128270914976556,0.11856273679277333,0.0,0.9999999987499999,0.6070136948685724,0.30716870098434046,0.3315113232003049,0.4506694138650554,surprised,08,05,05,male,strong,596
110,3.6703333333333332,True,1.0,0.8064838956206637,0.817101959879006,0.8117929277498348,1.084794001440454,-0.06949074074074074,-0.07523148148148151,0.37662578371171546,0.37288872058394185,0.21319587588304287,0.7483383266056853,0.01061806425834233,0.0057407407407407685,0.007153392806112611,0.274211971772706,0.09801903442753249,0.11983176499413775,0.0,0.9999999987499999,0.6496725805791067,0.3282244710419532,0.3014349223935745,0.4534851900139853,surprised,08,05,05,male,strong,596
120,4.0040000000000004,True,1.0,0.7527583294947997,0.7424956689610088,0.7476269992279043,0.9946747853581969,-0.07050925925925933,-0.07430555555555557,0.38958875462399073,0.3448205922575082,0.21530045803466902,0.7516295881157508,0.01026266053379088,0.003796296296296242,0.000761711383851334,0.2928037359354854,0.10869993083135439,0.11694385812417195,0.0,0.9999999987499999,0.6080961851928272,0.3072195982926448,0.3216350671089378,0.4342277409617294,surprised,08,05,05,male,strong,596
0,0.0,True,1.0,0.7115113918916361,0.7439027900863132,0.7277070909889747,1.0939418518975876,-0.06828703703703698,-0.07550925925925928,0.38064191196492064,0.3760332164499996,0.20487451771692236,0.665215513719189,0.03239139819467707,0.0072222222222222965,0.012458455080807097,0.26718089557340524,0.11287600593567655,0.11475927684932087,0.0,0.9999999987499999,0.614167455333696,0.31117425764487056,0.3224606601308309,0.42451637903886547,surprised,08,05,05,male,strong,597
10,0.33366666666666667,True,1.0,0.6946270176236524,0.7166732796557648,0.7056501486397087,1.1072782376539085,-0.06680555555555556,-0.07578703703703704,0.3787386408916832,0.38276284758406676,0.2048614835286752,0.6372834980797907,0.02204626203211235,0.00898148148148148,0.011468468809629399,0.2641775188567118,0.09750023290609855,0.12072861896653347,0.0,0.9999999987499999,0.6494410115765056,0.3313911394816956,0.292675304441748,0.4500467724732339,surprised,08,05,05,male,strong,597
20,0.6673333333333333,True,1.0,0.6558922712507959,0.703133866672035,0.6795130689614155,1.2073110304212322,-0.06972222222222219,-0.07935185185185184,0.37550859912100387,0.38161332652832874,0.208333699543949,0.562831823647244,0.04724159542123918,0.009629629629629655,0.008575802425059016,0.24595323889798953,0.09596609456365822,0.1205374133628269,0.0,0.9999999987499999,0.6494967017119349,0.3315744588804612,0.29544172696545246,0.45233567619657156,surprised,08,05,05,male,strong,597
30,1.0010000000000001,True,1.0,0.7101360035633644,0.6817905700283601,0.6959632867958623,1.2515270289721008,-0.08324074074074067,-0.09194444444444438,0.38609208344208495,0.42389656263454834,0.2236165700895076,0.5560912954212968,0.028345433535004294,0.008703703703703713,0.0042113471702869484,0.23008588849276623,0.0954763647843748,0.11933978221258026,0.0,0.9999999987499999,0.6450216925363897,0.33379726491165357,0.311510813086847,0.4747925386105601,surprised,08,05,05,male,strong,597
40,1.3346666666666667,True,1.0,0.7483012775233518,0.7180167839391727,0.7331590307312623,1.0929269121360692,-0.08226851851851852,-0.08481481481481479,0.3514190208609671,0.3788706739526411,0.22500135633271756,0.6708216465256043,0.030284493584179173,0.0025462962962962687,0.004906259068205332,0.2699924065703465,0.10787577006187597,0.1185110918288964,0.0,0.9999999987499999,0.5994649966314651,0.3109649592537875,0.3351447207584438,0.45522956952988897,surprised,08,05,05,male,strong,597
50,1.6683333333333334,True,1.0,0.7156532606562909,0.7005358397320803,0.7080945501941855,0.9624346220735747,-0.07365740740740734,-0.07967592592592593,0.37033104546217327,0.3505898646703039,0.21319766516777558,0.7357326242779889,0.015117420924210534,0.00601851851851859,0.006611975606347115,0.28962888227575956,0.11049863525905358,0.11737522668525198,0.0,0.9999999987499999,0.6042126555778562,0.3088982341755257,0.32271421819668644,0.44265005556040277,surprised,08,05,05,male,strong,597
60,2.0020000000000002,True,1.0,0.7033038556769121,0.7237291588288212,0.7135165072528666,1.3504538748394201,-0.06277777777777777,-0.06749999999999995,0.369542763895522,0.5167467971418198,0.19653398903121463,0.5283531119029959,0.020425303151909047,0.004722222222222183,0.004434032966960591,0.22384835347590856,0.1124376363418244,0.11617695967105163,0.0,0.9999999987499999,0.5959089192239395,0.31072668171699913,0.3145721557338849,0.43210486384394897,surprised,08,05,05,male,strong,597
70,2.3356666666666666,True,1.0,0.7125343820801618,0.7262165339661176,0.7193754580231397,0.7298224826309498,-0.05990740740740724,-0.06449074074074079,0.3709869665831413,0.2547350108507177,0.19930555555555562,0.9856855264719313,0.013682151885955784,0.00458333333333355,0.003028959711157704,0.38251951977090415,0.11184260405358959,0.1172384398769248,0.0,0.9999999987499999,0.6061525088160264,0.3064305077336844,0.31214342975242293,0.4314663139805977,surprised,08,05,05,male,strong,597
80,2.6693333333333333,True,1.0,0.7277685683962651,0.7085205394541214,0.7181445539251933,1.1069980999344882,-0.060370370370370297,-0.06472222222222224,0.3446226864869776,0.43697293418466615,0.20208371087002966,0.6487315145054837,0.019248028942143725,0.00435185185185194,0.007228588310800005,0.25904605263157904,0.11186325093088245,0.11705609343432265,0.0,0.9999999987499999,0.5959854167057447,0.3073909147132431,0.3191909187381991,0.43025255719661437,surprised,08,05,05,male,strong,597
90,3.003,True,1.0,0.7508515911636627,0.7509636118583629,0.7509076015110128,1.0535592190653071,-0.057592592592592584,-0.061851851851851825,0.3220801255565687,0.3931191115915324,0.19930900071578367,0.7127341187116185,0.00011202069470017673,0.00425925925925924,0.0016166997467200405,0.2690709907062675,0.11360035492682782,0.11470858507398193,0.0,0.9999999987499999,0.5969096175814075,0.3073825768394808,0.3148689363807999,0.41600365295177244,surprised,08,05,05,male,strong,597
100,3.336666666666667,True,1.0,0.7019670077269755,0.6980708072448765,0.700018907485926,0.9558360070200408,-0.05907407407407417,-0.062962962962963,0.3741216857936758,0.31406040230658483,0.19791705215148858,0.732362981039329,0.0038962004820990437,0.0038888888888888307,0.0005059950056252412,0.28928571428571387,0.11207707158559647,0.11701431489775029,0.0,0.9999999987499999,0.6055759787117972,0.30665481664336863,0.3120256776198622,0.4251927554617054,surprised,08,05,05,male,strong,597
110,3.6703333333333332,True,1.0,0.6899785826100033,0.7111959722043428,0.7005872774071731,0.8814063415516658,-0.05999999999999994,-0.06597222222222227,0.37670438853260985,0.2779715917080295,0.19653127163199047,0.794851641495827,0.021217389594339497,0.005972222222222323,0.002828379066786054,0.3032637287315787,0.11074777330232928,0.11665123702258726,0.0,0.9999999987499999,0.6075454395430048,0.3055596313131472,0.30916249570953547,0.424685321757587,surprised,08,05,05,male,strong,597
120,4.0040000000000004,True,1.0,0.688120605263033,0.6692659044747709,0.678693254868902,0.7189888251444569,-0.06023148148148144,-0.06476851851851856,0.3785074083945446,0.2034874033427702,0.19653127163199047,0.9439552203506655,0.018854700788262124,0.004537037037037117,0.006661104858207697,0.3719411408598827,0.11316928082830278,0.11612251155867016,0.0,0.9999999987499999,0.6097336998236795,0.3057185644891999,0.30903115112214347,0.4224164110992605,surprised,08,05,05,male,strong,597
0,0.0,True,1.0,0.5020039474157407,0.5279908006123574,0.514997374014049,0.8236213134497294,-0.05921296296296297,-0.06495370370370368,0.4014609072513928,0.20589737597491445,0.1923615077290461,0.6252841756328376,0.025986853196616644,0.005740740740740713,0.00817979228031183,0.33543022202717465,0.11189681685068956,0.11653457193028424,0.0,0.9999999987499999,0.6173066650566477,0.3073402748489639,0.302278212150481,0.4122165480821608,surprised,08,05,05,male,strong,598
10,0.33366666666666667,True,1.0,0.5832703720600564,0.6066103385224889,0.5949403552912726,0.8650602874191795,-0.060092592592592586,-0.0627314814814815,0.39164777528747496,0.23290084661285623,0.19375157509440405,0.6877443849216769,0.023339966462432526,0.002638888888888913,0.0047462159350900495,0.32166731177950897,0.11880791686044274,0.1105192591981559,0.0,0.9999999987499999,0.5747521284920217,0.2805653957082431,0.31516626896804145,0.372828769891361,surprised,08,05,05,male,strong,598
20,0.6673333333333333,True,1.0,0.624116147280056,0.6504565348703489,0.6372863410752025,0.8564626596299213,-0.058888888888888935,-0.062361111111111145,0.37903973694818743,0.23109976026404794,0.19236745689994247,0.744091215080614,0.02634038759029289,0.00347222222222221,0.0010623681333249927,0.3249238123219445,0.11136330980098784,0.1160637480918414,0.0,0.9999999987499999,0.6164923033822904,0.309453345592962,0.31245075116205834,0.4056850598129574,surprised,08,05,05,male,strong,598
30,1.0010000000000001,True,1.0,0.6371577869448704,0.6240055257273849,0.6305816563361276,1.0425838663766671,-0.057731481481481495,-0.061435185185185204,0.3838387529251191,0.30464300112426557,0.19444483681291014,0.6048258338464539,0.013152261217485472,0.003703703703703709,0.005900697081425974,0.2658502583245741,0.1214153874615175,0.1123251442642323,0.0,0.9999999987499999,0.5676487979019732,0.2808202860054304,0.32233004506835333,0.38624175389442583,surprised,08,05,05,male,strong,598
40,1.3346666666666667,True,1.0,0.6050639789857482,0.6065853090594113,0.6058246440225797,0.9267080619666469,-0.05750000000000005,-0.06023148148148144,0.3638258533919521,0.24571804673358083,0.1937563003007902,0.6537383981929618,0.001521330073663174,0.0027314814814813904,0.002650040967667282,0.30831099613825147,0.12296260203991628,0.10993824200859656,0.0,0.9999999987499999,0.5530507706129326,0.277438263193575,0.33731210252564403,0.38335105152553667,surprised,08,05,05,male,strong,598
50,1.6683333333333334,True,1.0,0.6253152187933155,0.6116373103195332,0.6184762645564243,0.9582916862925166,-0.05800925925925926,-0.06064814814814812,0.39867790639186695,0.28109098907290786,0.1972469785909827,0.6453945843454137,0.013677908473782363,0.0026388888888888573,0.00398947511942075,0.3011743828716352,0.10099722693049493,0.1197434857405024,0.0,0.9999999987499999,0.6444631311821604,0.3319043375535925,0.28601924028289105,0.438584566075371,surprised,08,05,05,male,strong,598
60,2.0020000000000002,True,1.0,0.641784103638611,0.6418228170006997,0.6418034603196554,1.171610181088172,-0.057592592592592584,-0.06217592592592591,0.38801999186066916,0.3685964614659415,0.1965281659868687,0.5477960764420458,3.8713362088604875e-05,0.004583333333333328,0.0042479357279079834,0.24674472129394914,0.11018331943554578,0.11831713376128229,0.0,0.9999999987499999,0.6021682761854743,0.30951452191982065,0.3065239566049658,0.4232374039409531,surprised,08,05,05,male,strong,598
70,2.3356666666666666,True,1.0,0.677560258031756,0.691676943045443,0.6846186005385995,1.2565102640203332,-0.058009259259259205,-0.06231481481481477,0.31893854385775505,0.49132773144384756,0.19864952113169732,0.5448571493145565,0.014116685013687014,0.0043055555555555625,0.0018799979303548622,0.2250233409801399,0.10972085631064063,0.11890645761099529,0.0,0.9999999987499999,0.5997910305919243,0.30986975097379,0.30026852443438345,0.4112864644787903,surprised,08,05,05,male,strong,598
80,2.6693333333333333,True,1.0,0.6723160618521816,0.6843012579084485,0.6783086598803151,1.1083537895833873,-0.05800925925925926,-0.06115740740740733,0.3626436666432821,0.4191741873811932,0.19655262161383555,0.6119965179487324,0.011985196056266911,0.0031481481481480666,0.00031828986766046076,0.2743310592817378,0.11303128281189467,0.11576416145408078,0.0,0.9999999987499999,0.597096314908776,0.30910894219311386,0.30876578435687035,0.4194553874995975,surprised,08,05,05,male,strong,598
90,3.003,True,1.0,0.682590736594938,0.7088510765287434,0.6957209065618406,1.0931246029366983,-0.058287037037036915,-0.0621296296296297,0.37603363673316736,0.3757522940637951,0.19792013600303554,0.6364516036806548,0.026260339933805388,0.003842592592592786,0.0009484450840709477,0.27421197177270573,0.11301138439870358,0.11495790199130482,0.0,0.9999999987499999,0.5980749749899961,0.30887987831210456,0.3083728967348079,0.4207575534934382,surprised,08,05,05,male,strong,598
100,3.336666666666667,True,1.0,0.6598590698204199,0.652856461447745,0.6563577656340824,1.0355354611457508,-0.05624999999999991,-0.05995370370370373,0.38303638214356855,0.3362128120603084,0.19583372291904957,0.6338341759034176,0.007002608372674857,0.00370370370370382,0.007041594558628145,0.2779010263297877,0.11119722305840712,0.11703964162751762,0.0,0.9999999987499999,0.5985465142775861,0.3086390310753846,0.3081368558138395,0.42121965547907575,surprised,08,05,05,male,strong,598
0,0.0,True,1.0,0.6636202898345596,0.6630560674905445,0.6633381786625521,0.8857207286192517,-0.05689814814814814,-0.06129629629629629,0.37050104228184066,0.3092993020575164,0.18889252403601006,0.7489247538517346,0.0005642223440150973,0.004398148148148151,0.008048153267028107,0.32299247214483484,0.10912623485255947,0.11654615301364188,0.0,0.9999999987499999,0.6198841557013431,0.3080071902733791,0.30524109153416035,0.40166188636920463,surprised,08,05,05,male,strong,599
10,0.33366666666666667,True,1.0,0.680680275721083,0.6747955931471837,0.6777379344341334,0.7488452649040587,-0.0564351851851852,-0.06157407407407406,0.3767216726252061,0.23574758339572258,0.18889050451846834,0.9050440273812301,0.005884682573899291,0.0051388888888888595,0.00841874204483104,0.3664597509371629,0.10968372404383818,0.11569275560830423,0.0,0.9999999987499999,0.6216307063919317,0.3075118988627121,0.3064155448959416,0.39988452527832963,surprised,08,05,05,male,strong,599
20,0.6673333333333333,True,1.0,0.6522454466546416,0.6628084174869696,0.6575269320708056,0.8806876176008681,-0.05912037037037038,-0.06467592592592591,0.35299367810300525,0.3009016026802966,0.1916702491314882,0.7466063095811573,0.010562970832328045,0.005555555555555536,0.005133867321593128,0.3191854324335269,0.12366837305238505,0.10791489438613203,0.0,0.9999999987499999,0.5533591117697079,0.2792753407956375,0.3285165155784557,0.38351731955116997,surprised,08,05,05,male,strong,599
30,1.0010000000000001,True,1.0,0.6702817227938769,0.651965638795293,0.661123680794585,1.4125566935416307,-0.06944444444444442,-0.0735648148148148,0.3392464604756405,0.4860054550703132,0.20555889596601917,0.468033377929054,0.018316083998583865,0.004120370370370385,0.0016141629692527663,0.2059110203119513,0.09308665681896439,0.12168363084349398,0.0,0.9999999987499999,0.6500859045883979,0.33029443079421145,0.2838740231294986,0.43341214129751554,surprised,08,05,05,male,strong,599
40,1.3346666666666667,True,1.0,0.658481888144587,0.6792888236895278,0.6688853559170573,0.9827284014728782,-0.07277777777777777,-0.08379629629629631,0.3455582640238345,0.3080084949486582,0.22500847694534892,0.6806411160139015,0.02080693554494084,0.011018518518518539,0.016444213841315294,0.30259644526114504,0.11063599781055028,0.11853860047220867,0.0,0.9999999987499999,0.604810719162665,0.3072974257086229,0.3295036753738197,0.44097836648439853,surprised,08,05,05,male,strong,599
50,1.6683333333333334,True,1.0,0.6015962304772784,0.6294983396806921,0.6155472850789853,1.0566710777922153,-0.06981481481481483,-0.08050925925925922,0.38757589935,0.35871175726935234,0.22291700891961655,0.5825344310218994,0.02790210920341374,0.010694444444444395,0.015177059957441128,0.2641520424577081,0.11203218376773777,0.11770652257449503,0.0,0.9999999987499999,0.604802964357618,0.3081146897748415,0.3351007640148384,0.446700117736178,surprised,08,05,05,male,strong,599
60,2.0020000000000002,True,1.0,0.6589235502703055,0.6632485463018014,0.6610860482860534,0.9988792869166943,-0.07277777777777789,-0.08189814814814811,0.3925550186558067,0.2983585792713058,0.22083644264959246,0.6618277673237882,0.004324996031495942,0.009120370370370223,0.006451463789357565,0.277589995780247,0.09809161668787687,0.1215095106157623,0.0,0.9999999987499999,0.6440718301617522,0.3313947578469778,0.2976324616173227,0.45123882711089425,surprised,08,05,05,male,strong,599
70,2.3356666666666666,True,1.0,0.6495285560996963,0.6596922716316409,0.6546104138656685,0.9331723986889392,-0.06865740740740744,-0.07870370370370366,0.3402931687989158,0.3386373370937788,0.21875034877204338,0.7014892583464359,0.010163715531944617,0.01004629629629622,0.007032925676441382,0.29075829798881264,0.11027987076020179,0.11774271224136745,0.0,0.9999999987499999,0.6017525515909489,0.3081971223704068,0.32198082133299427,0.42886426213445245,surprised,08,05,05,male,strong,599
80,2.6693333333333333,True,1.0,0.6205159468757371,0.6596922716316401,0.6401041092536885,1.0284406792152683,-0.0664351851851851,-0.07425925925925925,0.3801828140402601,0.3005103618985267,0.21666701879228198,0.622402557765517,0.03917632475590305,0.00782407407407415,0.00467744272643453,0.29248844577208294,0.11417906404879369,0.11790942394493267,0.0,0.9999999987499999,0.603669321595826,0.30547446084111135,0.32827734442290973,0.44290119388107296,surprised,08,05,05,male,strong,599
90,3.003,True,1.0,0.6352435583358064,0.6801410306314717,0.657692294483639,1.0034543149224375,-0.06708333333333333,-0.0766203703703704,0.38963910284080683,0.2736693586152104,0.21736111111111112,0.655428238937291,0.04489747229566532,0.009537037037037066,0.006206958678314788,0.29979441605167817,0.11074207266990245,0.11843950841822057,0.0,0.9999999987499999,0.6038489783491522,0.30606213217700123,0.325008298629918,0.4439730486771338,surprised,08,05,05,male,strong,599
100,3.336666666666667,True,1.0,0.5648285393322667,0.6190204586708931,0.59192449900158,0.9441740799840559,-0.06550925925925932,-0.07624999999999998,0.3871698341046739,0.2688191386337928,0.2152777777777778,0.6269230553454461,0.054191919338626326,0.010740740740740662,0.006664135524607232,0.3137225649286581,0.11021417909080336,0.11617569209228852,0.0,0.9999999987499999,0.6051275931466337,0.3075149111467862,0.32189709445897696,0.436887888728126,surprised,08,05,05,male,strong,599
0,0.0,True,1.0,0.6059327972735487,0.6076361588734988,0.6067844780735236,0.9022745269577487,-0.06351851851851859,-0.06125000000000003,0.3667015349385997,0.44366612489451673,0.16042094699714268,0.6725053849402731,0.001703361599950104,0.0022685185185185586,0.017031280587750882,0.3060124412997685,0.12700700935402734,0.10756760409310719,0.0,0.9999999987499999,0.6400494186580883,0.2660648890806119,0.28857317833573953,0.3518207561392089,neutral,01,06,06,female,normal,600
10,0.33366666666666667,True,1.0,0.6232309565411549,0.6178215983819827,0.6205262774615687,0.9101936737433196,-0.06412037037037038,-0.06152777777777779,0.37353112788248904,0.44768287228044124,0.16182865820145267,0.681751912106303,0.005409358159172206,0.002592592592592591,0.023593071043282416,0.2920611218550224,0.12515852104978825,0.10919067103566243,0.0,0.9999999987499999,0.6406037166429072,0.26722997678029103,0.2869983840344553,0.35363185087044596,neutral,01,06,06,female,normal,600
20,0.6673333333333333,True,1.0,0.605932797273548,0.6023631460032685,0.6041479716384082,1.2794086510110463,-0.065925925925926,-0.06300925925925926,0.36266710703732685,0.6245977550840812,0.1563090708652752,0.47220875922715017,0.003569651270279528,0.002916666666666734,0.013298203542706059,0.21207267760657944,0.12100460208394528,0.1125984754493422,0.0,0.9999999987499999,0.6452963740574356,0.2670487552777338,0.2952501303083997,0.3744700581532736,neutral,01,06,06,female,normal,600
30,1.0010000000000001,True,1.0,0.6017633958655629,0.6176547477298953,0.6097090717977292,1.1439368307530458,-0.06578703703703709,-0.06314814814814818,0.3861111350678203,0.5440163207344368,0.15559527783110308,0.5329919060271553,0.015891351864332326,0.002638888888888913,0.018952757758041314,0.23448147984410733,0.12311186252318064,0.11046313255182662,0.0,0.9999999987499999,0.6474138761129452,0.2677040034093153,0.30311915543836004,0.37852299107947596,neutral,01,06,06,female,normal,600
40,1.3346666666666667,True,1.0,0.5747168029646842,0.5828779599271398,0.578797381445912,1.1022494452056033,-0.06550925925925927,-0.06361111111111112,0.38205302625284093,0.5725360098873875,0.1618625989640831,0.5251056228365336,0.008161156962455562,0.0018981481481481488,0.018232396024532728,0.23517970898210167,0.12140495631141959,0.11148520615699499,0.0,0.9999999987499999,0.6432034071753702,0.2696769314517633,0.29994737296371154,0.36566772211599813,neutral,01,06,06,female,normal,600
50,1.6683333333333334,True,1.0,0.6354037060507349,0.636869127033932,0.6361364165423334,1.1968367242908229,-0.06472222222222229,-0.06157407407407417,0.3667603685857771,0.5688119784679002,0.1597800094078435,0.5315147869641714,0.0014654209831970189,0.003148148148148122,0.017500609301570273,0.23047077467689026,0.12013910019712339,0.1126792228639751,0.0,0.7071067807446058,0.642459737934236,0.267671142648108,0.29538698867098867,0.3706114067082543,neutral,01,06,06,female,normal,600
60,2.0020000000000002,True,1.0,0.6307810811575837,0.6368691270339314,0.6338251040957575,1.0919761924546652,-0.06310185185185191,-0.06120370370370376,0.37391840879485755,0.5459266829298062,0.1604285561915648,0.5804385740965425,0.006088045876347703,0.0018981481481481488,0.014354881475885055,0.2553196241046228,0.12347216556296385,0.11109402487728087,0.0,0.7071067807446058,0.6417998928633954,0.267213877697451,0.2950363457829081,0.36427837593852025,neutral,01,06,06,female,normal,600
70,2.3356666666666666,True,1.0,0.6481689032161159,0.6628160064279263,0.6554924548220211,1.1490149646611125,-0.061574074074074,-0.059305555555555556,0.3576548468843525,0.5821020992919945,0.1625230039306455,0.5704820868154231,0.014647103211810397,0.0022685185185184475,0.011539283260439492,0.2403430479587868,0.12290847993153671,0.11188774526473487,0.0,0.9999999987499999,0.6401574525200705,0.2686105023793469,0.29500076589792923,0.3649749675346817,neutral,01,06,06,female,normal,600
80,2.6693333333333333,True,1.0,0.63102179533891,0.6468824958579212,0.6389521455984156,0.6633288987474357,-0.06111111111111117,-0.05884259259259256,0.3770253031553972,0.2811097159859493,0.16188522218583634,0.963250880226912,0.015860700519011228,0.002268518518518614,0.018005995678389536,0.39359470618680276,0.12225969842145144,0.11208753846153709,0.0,0.9999999987499999,0.6383459306769583,0.26615905505398485,0.28531751349433204,0.351525147159389,neutral,01,06,06,female,normal,600
90,3.003,True,1.0,0.6462090965370996,0.6361391675512247,0.6411741320441622,0.7209765714856903,-0.06087962962962962,-0.05699074074074073,0.38167713867187564,0.30994148172809793,0.16254694333964725,0.8893134082331107,0.010069928985874887,0.003888888888888886,0.01816770026207145,0.3621237545482348,0.12643165963551778,0.10841913698418269,0.0,0.9999999987499999,0.639590752832383,0.26524908482112103,0.2852160417625059,0.3453208447759198,neutral,01,06,06,female,normal,600
0,0.0,True,1.0,0.6042780572590699,0.6221728557311028,0.6132254564950863,0.862654481420514,-0.06083333333333324,-0.05763888888888885,0.3731863356455083,0.41653563820585504,0.1604642194805651,0.7108587153981992,0.017894798472032902,0.0031944444444443887,0.025055220880711354,0.32578695429607385,0.11834408497850425,0.11506085369962714,0.0,0.9999999987499999,0.6872979015590612,0.2788816276148809,0.25858907030719697,0.36790590806720846,neutral,01,06,06,female,normal,601
10,0.33366666666666667,True,1.0,0.646161401307946,0.651672374832201,0.6489168880700735,0.9904562791808691,-0.06060185185185191,-0.05763888888888896,0.3607899604977573,0.46514674423957264,0.16045518553036883,0.6551696442439067,0.005510973524255003,0.002962962962962945,0.021379686615417483,0.28283669021838725,0.11638472693994353,0.11622563443796824,0.0,0.9999999987499999,0.6881359083633452,0.27993355449549734,0.2609144572140854,0.37725552400598766,neutral,01,06,06,female,normal,601
20,0.6673333333333333,True,1.0,0.6325302145437132,0.6360277758335116,0.6342789951886123,1.2537559561151548,-0.065,-0.06106481481481485,0.36105392879272813,0.634283928363087,0.15427797440497376,0.5059030763482611,0.00349756128979839,0.003935185185185153,0.023601335855145362,0.22224117904818966,0.12397659951824483,0.11138931969438935,0.0,0.7071067807446058,0.6422542085427921,0.26544222613661556,0.29730052917938277,0.3729992769903184,neutral,01,06,06,female,normal,601
30,1.0010000000000001,True,1.0,0.6147774951272312,0.6220608110141066,0.6184191530706689,1.2201346655317151,-0.07013888888888892,-0.06587962962962968,0.38196031718300616,0.5745491446348482,0.1625919961946544,0.5068449987864018,0.007283315886875363,0.00425925925925924,0.016914465683677927,0.2300829489202796,0.11996284510941334,0.11269792592085343,0.0,0.9999999987499999,0.6448784412046068,0.2671442257468987,0.30166269358008113,0.3801852369071039,neutral,01,06,06,female,normal,601
40,1.3346666666666667,True,1.0,0.6492267621438553,0.6516774430537573,0.6504521025988064,1.4734665087418652,-0.07435185185185189,-0.06967592592592592,0.34469795229089134,0.776214796489079,0.16602783406449764,0.44144342524228913,0.00245068090990197,0.004675925925925972,0.021491512766728504,0.16966792154201385,0.1173393265466078,0.11526181159235908,0.0,0.7918564783774673,0.6946844936099439,0.28309797065811365,0.27694637390283217,0.3912694689269639,neutral,01,06,06,female,normal,601
50,1.6683333333333334,True,1.0,0.6492267621438552,0.6768464832470761,0.6630366226954656,1.3072771527840443,-0.07027777777777777,-0.06671296296296297,0.36034292412933544,0.6535156530911361,0.16606229486534624,0.5071890236002586,0.027619721103220862,0.0035648148148147984,0.017018454682304292,0.20072259325831696,0.1195884702078905,0.1132634471246825,0.0,0.9999999987499999,0.6386286945559473,0.2682481893026609,0.30005417462746986,0.3752774949870256,neutral,01,06,06,female,normal,601
60,2.0020000000000002,True,1.0,0.6610726971920944,0.6780697155332202,0.6695712063626573,1.118281966882228,-0.06828703703703703,-0.0640277777777778,0.3566446355697771,0.5361466704005214,0.1653557715372406,0.5987498915228179,0.01699701834112577,0.00425925925925924,0.021460808108679855,0.2469482357180796,0.12005020453041634,0.11226596639626342,0.0,0.9999999987499999,0.6400095593393608,0.26615616968735856,0.2937518762273636,0.35150675600988485,neutral,01,06,06,female,normal,601
70,2.3356666666666666,True,1.0,0.6577187024619473,0.651672374832201,0.6546955386470741,1.1213049808964362,-0.06430555555555562,-0.062083333333333324,0.3576420327827202,0.5378611831992633,0.16604988980092197,0.5838692860560314,0.006046327629746329,0.002222222222222292,0.01619725384108436,0.22961002456933993,0.12345163563594366,0.11008327759310982,0.0,0.9999999987499999,0.6371508441970538,0.2668833569526975,0.29592703125756237,0.36118950364542673,neutral,01,06,06,female,normal,601
80,2.6693333333333333,True,1.0,0.6582193755888184,0.6961902951879682,0.6772048353883933,0.8361605269377439,-0.0640277777777778,-0.06222222222222218,0.374000035412917,0.38202089608346906,0.16538160750987732,0.8098981159377479,0.03797091959914978,0.0018055555555556158,0.02260197781181629,0.29297079516164476,0.1203182833327037,0.11349953762900301,0.0,0.9999999987499999,0.6344935799710509,0.2653393895357237,0.28442058637054063,0.34723933806280705,neutral,01,06,06,female,normal,601
90,3.003,True,1.0,0.671238250555731,0.6667731833520806,0.6690057169539059,0.6783752635694494,-0.061759259259259236,-0.05958333333333338,0.3761229585843266,0.2885876650176005,0.16466165602418423,0.9861882543207086,0.004465067203650475,0.002175925925925859,0.022362230612847662,0.37333605710248885,0.12261813076379328,0.11083918263550474,0.0,0.7071067807446058,0.6345593648475015,0.2643935215507839,0.2895636370443721,0.34921534687102074,neutral,01,06,06,female,normal,601
100,3.336666666666667,True,1.0,0.6577467554055959,0.64028853956968,0.6490176474876379,0.6432392578178961,-0.059027777777777735,-0.05740740740740741,0.38014274697146605,0.2713991483709194,0.1639675432966848,1.008983266489897,0.01745821583591589,0.0016203703703703276,0.0185955978546321,0.4021788790164026,0.11810618884115874,0.11547014596113543,0.0,0.9999999987499999,0.688120836060987,0.27863430514747284,0.26437872887771674,0.3752781632337566,neutral,01,06,06,female,normal,601
0,0.0,True,1.0,0.6064497484926652,0.6327086723336324,0.6195792104131488,0.8403079843426609,-0.05935185185185182,-0.05708333333333343,0.3714836746959795,0.37576261958675927,0.16530731820509487,0.7373239597358112,0.026258923840967174,0.002268518518518392,0.022838570573303827,0.32973906446308965,0.12259665420911846,0.11256833591855678,0.0,0.9999999987499999,0.6870982679087261,0.27780286836220713,0.2610922029219848,0.36314483622220584,neutral,01,06,06,female,normal,602
10,0.33366666666666667,True,1.0,0.6396223824145087,0.6509234167443234,0.6452728995794161,0.8472933228713829,-0.05819444444444449,-0.05500000000000005,0.36729619512670286,0.37888627085886545,0.16532393237587528,0.7615696738794754,0.011301034329814663,0.003194444444444444,0.02371002224246258,0.31027953952939336,0.11591329490850992,0.1184780749832296,0.0,0.9999999987499999,0.6882618377272783,0.2786759165407476,0.2537896919115215,0.3676362162904626,neutral,01,06,06,female,normal,602
20,0.6673333333333333,True,1.0,0.6394612607608442,0.6591192663809518,0.6492902635708979,1.3157913065938167,-0.06245370370370368,-0.05773148148148155,0.35352493526770834,0.5965812188946463,0.16115845901633374,0.49345991291864727,0.019658005620107555,0.004722222222222128,0.02178146776441811,0.21705046561226193,0.11492330815112761,0.11863835675770577,0.0,0.9999999987499999,0.6878178849664868,0.2798632949813596,0.26413158703091344,0.3870300366795637,neutral,01,06,06,female,normal,602
30,1.0010000000000001,True,1.0,0.6461824331822323,0.6557377049180334,0.6509600690501329,1.299130085030601,-0.06291666666666673,-0.06060185185185185,0.3553476462956217,0.6341561985421144,0.16746364915329037,0.5010738158948875,0.009555271735801063,0.0023148148148148806,0.021399530157501935,0.20645132573744335,0.12229194028253279,0.11137017414430499,0.0,0.7071067807446058,0.6400878691632903,0.2691049327140032,0.29828901794243246,0.36950668051980523,neutral,01,06,06,female,normal,602
40,1.3346666666666667,True,1.0,0.5961804603299801,0.5876960400238256,0.5919382501769028,1.1036678139313993,-0.06388888888888888,-0.06180555555555556,0.36504180516688006,0.5517701474927765,0.16463941431466747,0.5363373314913902,0.008484420306154483,0.002083333333333326,0.023780326160172092,0.2435901815039459,0.11997582909231527,0.11352632683550978,0.0,0.9999999987499999,0.6404640614370748,0.26690407451957404,0.28925391393866556,0.35658873631855614,neutral,01,06,06,female,normal,602
50,1.6683333333333334,True,1.0,0.6050579614137949,0.6212495340067893,0.6131537477102921,1.1322928554691203,-0.0557407407407407,-0.054166666666666696,0.38581890024208204,0.4457962350465124,0.16598876984135164,0.5415151608072775,0.01619157259299442,0.0015740740740740056,0.010294867145086638,0.25586240355491024,0.1114377430404844,0.118912072024884,0.0,0.9999999987499999,0.6888077918432998,0.2809376447368885,0.2697633775351605,0.3976551015398595,neutral,01,06,06,female,normal,602
60,2.0020000000000002,True,1.0,0.6145914045468286,0.620351170643791,0.6174712875953098,1.0957271251911957,-0.05444444444444446,-0.05078703703703702,0.3795016003057893,0.4396844275677675,0.1680923239539125,0.5635265144025396,0.005759766096962382,0.0036574074074074425,0.016844834065101923,0.25935159339385067,0.1163072577022011,0.11679356323904373,0.0,0.9999999987499999,0.6830269753604568,0.28165676402819656,0.2642819099599287,0.3774451062646003,neutral,01,06,06,female,normal,602
70,2.3356666666666666,True,1.0,0.6697686319369869,0.6622401653996403,0.6660043986683135,1.195114831775234,-0.05810185185185179,-0.05421296296296285,0.34818409801322675,0.5503667562281461,0.16950926939060415,0.5572723063599041,0.007528466537346623,0.0038888888888889417,0.012720362993025494,0.2372008239748282,0.11894042754917515,0.1146106502284186,0.0,0.7785928439503556,0.6411216395855217,0.26888873687345094,0.282459950568374,0.35175434014342905,neutral,01,06,06,female,normal,602
80,2.6693333333333333,True,1.0,0.6000544909827822,0.6000479272040079,0.600051209093395,0.6341099426830099,-0.059027777777777735,-0.05671296296296291,0.38999952196782295,0.22539088930302886,0.17019313924806512,0.9462889141187292,6.5637787742822695e-06,0.002314814814814825,0.009799111615809337,0.41475781320514715,0.12087478148465544,0.1135796519522933,0.0,0.9999999987499999,0.6391688997864772,0.26599922529239167,0.28463988318605693,0.3464812540652386,neutral,01,06,06,female,normal,602
90,3.003,True,1.0,0.6401467014459652,0.6257462604064689,0.6329464809262171,0.6779830721474381,-0.056990740740740675,-0.05625000000000002,0.3808244587088345,0.2378620673727265,0.16880469672010198,0.9335726907184091,0.014400441039496337,0.000740740740740653,0.013060520147804953,0.38508740665273694,0.12404943260751282,0.11027643608024876,0.0,0.9999999987499999,0.6398654907431723,0.2656978600496606,0.2817379250423026,0.3437541437837016,neutral,01,06,06,female,normal,602
100,3.336666666666667,True,1.0,0.6505146036603461,0.6515305245760826,0.6510225641182144,0.6772094654641825,-0.05828703703703708,-0.05467592592592602,0.380760619651555,0.24479037380782165,0.16881509161283534,0.9613311646079566,0.0010159209157365456,0.003611111111111065,0.01733594604727333,0.38801142287341395,0.1261284672831019,0.10842082672813978,0.0,0.9999999987499999,0.6408160365396158,0.2648560979436387,0.2826564949697402,0.34254879106833835,neutral,01,06,06,female,normal,602
0,0.0,True,1.0,0.6505146036603461,0.6547312046207407,0.6526229041405434,0.7654188777292391,-0.059120370370370434,-0.055416666666666614,0.37051098203566313,0.30894883143456164,0.16743813444332595,0.8526349729924005,0.0042166009603946675,0.00370370370370382,0.02579620750918255,0.34008409936924705,0.12477277308061706,0.10893391271847401,0.0,0.6697537031208025,0.6414946964645233,0.2656673664459771,0.2756955714959603,0.33969128140919697,neutral,01,06,06,female,normal,603
10,0.33366666666666667,True,1.0,0.614595856472338,0.6076361588734988,0.6111160076729184,1.2699095947856236,-0.06074074074074076,-0.057083333333333264,0.3571982051772458,0.5659873102333813,0.16325100254606856,0.48122796314180327,0.006959697598839298,0.003657407407407498,0.026101657088562703,0.2316303337786592,0.11440969329978763,0.1180089865084114,0.0,0.9999999987499999,0.6894474297062574,0.27931797234802286,0.2627429097149113,0.38497527037128865,neutral,01,06,06,female,normal,603
20,0.6673333333333333,True,1.0,0.6191275970711582,0.6515659048723189,0.6353467509717385,1.1691463528367176,-0.06347222222222226,-0.05949074074074073,0.362475151517474,0.5618558810122367,0.1598029274610467,0.5434279031279421,0.03243830780116075,0.00398148148148153,0.027055967931295468,0.2267477665900585,0.12506168743423926,0.1093015661758492,0.0,0.9999999987499999,0.6408235633550295,0.26651258814233914,0.2930908753522207,0.3655725038893792,neutral,01,06,06,female,normal,603
30,1.0010000000000001,True,1.0,0.6145914045468286,0.6175413207713862,0.6160663626591074,1.3590465947463455,-0.06527777777777777,-0.06037037037037041,0.3437626337260404,0.6794651638339677,0.16399359797450994,0.4533077563643732,0.002949916224557647,0.00490740740740736,0.0338560596247617,0.20407347709191423,0.12031232405656847,0.11266347806203475,0.0,0.9999999987499999,0.6405995789722139,0.26951647140415624,0.2964526131326255,0.37374097431286185,neutral,01,06,06,female,normal,603
40,1.3346666666666667,True,1.0,0.6241008326727624,0.6360328373998527,0.6300668350363076,1.1637074171927002,-0.06435185185185183,-0.061620370370370325,0.35547087537313904,0.5968234841187128,0.16405685639359968,0.5414306257119729,0.011932004727090328,0.0027314814814815014,0.029803219815828196,0.22973292364213618,0.11949784297094673,0.11251558313668764,0.0,0.9999999987499999,0.6408302016118947,0.2670782408602012,0.29245124257397725,0.3611605315072201,neutral,01,06,06,female,normal,603
50,1.6683333333333334,True,1.0,0.6394612607608458,0.622060811014106,0.6307610358874759,1.1711334479927056,-0.06347222222222226,-0.05930555555555561,0.3838902846763098,0.5290172311058541,0.16189794635882343,0.5385902323672721,0.01740044974673971,0.004166666666666652,0.03217434499104707,0.23988728944678878,0.12401850383001023,0.1106561009964535,0.0,0.9999999987499999,0.6411647005989896,0.2673483682689927,0.30796355334169434,0.38564127126454306,neutral,01,06,06,female,normal,603
60,2.0020000000000002,True,1.0,0.6044633431889206,0.6174222246533501,0.6109427839211353,1.1967805109345662,-0.06518518518518518,-0.06175925925925929,0.39132162129471887,0.5425403952437379,0.1632411880825221,0.5104885802694514,0.012958881464429473,0.003425925925925888,0.027904457053035295,0.2300239230528459,0.12158496871100721,0.1118012604363161,0.0,0.9999999987499999,0.6382861680844213,0.2677576590036054,0.30042721132153033,0.3761826618583663,neutral,01,06,06,female,normal,603
70,2.3356666666666666,True,1.0,0.6462090965370995,0.6370370370370372,0.6416230667870684,1.333483324896782,-0.062268518518518445,-0.0588425925925925,0.3069782772181029,0.6755555555555546,0.16811047822147207,0.4811631722779384,0.00917205950006228,0.0034259259259259434,0.023454868355798682,0.20422530895148025,0.11272540837522593,0.11865941782622319,0.0,0.9999999987499999,0.6846371010748049,0.2815314450700365,0.2607063444627854,0.3774511061314113,neutral,01,06,06,female,normal,603
80,2.6693333333333333,True,1.0,0.6217684707075749,0.6518518518518519,0.6368101612797135,0.6586099759597993,-0.05986111111111114,-0.057962962962962994,0.3898389637000974,0.27294049692833694,0.16615599208464527,0.9669002665070222,0.030083381144277,0.0018981481481481488,0.027361102314514742,0.3878173001455275,0.11873769771314255,0.11498647546960965,0.0,0.745553893161993,0.6878920960102792,0.27949165755641203,0.2667323501630712,0.37657992060423257,neutral,01,06,06,female,normal,603
90,3.003,True,1.0,0.632382653356054,0.6257462604064676,0.6290644568812609,0.6687253790318225,-0.05958333333333338,-0.05560185185185196,0.3863733619887204,0.23461411898869447,0.16885169461806004,0.9406917646703008,0.0066363929495864005,0.003981481481481419,0.02710746125335796,0.3880114228734154,0.12411807490953386,0.1093313213479695,0.0,0.9999999987499999,0.6385457858690351,0.26650950803868306,0.2852144794787482,0.3455011563112151,neutral,01,06,06,female,normal,603
100,3.336666666666667,True,1.0,0.6332359445433305,0.6367575888524936,0.634996766697912,0.6841121361464055,-0.05865740740740738,-0.0557407407407407,0.3847897831959471,0.24214012310833266,0.16676963168745199,0.9282056744013347,0.003521644309163019,0.0029166666666666785,0.02512996188687738,0.37993793623862654,0.11920688754485946,0.11265480432516206,0.0,0.9999999987499999,0.6393205814591462,0.2662454776961662,0.27685579485997763,0.3414868784231445,neutral,01,06,06,female,normal,603
0,0.0,True,1.0,0.5366757155280697,0.5573182329389625,0.5469969742335161,1.1638094103229495,-0.06625000000000003,-0.06259259259259253,0.37023588131835033,0.5818903214537395,0.15011439729549805,0.4700056292565361,0.020642517410892847,0.003657407407407498,0.014937238024597175,0.24036019365947744,0.12445589990149206,0.10981749890019739,0.0,0.9999999987499999,0.6874918986657165,0.2769495237217117,0.2892587757985829,0.39056616742049494,calm,02,06,06,female,normal,604
10,0.33366666666666667,True,1.0,0.5371029964320274,0.520238762768567,0.5286708796002972,1.1347156318573608,-0.06374999999999992,-0.06074074074074065,0.37179695593674517,0.5673430634173976,0.15292203007777092,0.46590605148793235,0.01686423366346046,0.003009259259259267,0.008375723090487971,0.2465229590519208,0.11740647148698427,0.11634539462948386,0.0,0.9999999987499999,0.6865561445672019,0.2783801355907853,0.27938353074709493,0.3903803528186946,calm,02,06,06,female,normal,604
20,0.6673333333333333,True,1.0,0.5618150590978035,0.5272078551986877,0.5445114571482457,1.1064114107377416,-0.06495370370370368,-0.06138888888888894,0.3726528148964707,0.5604847278079355,0.14943631225292298,0.4921419391229634,0.03460720389911576,0.003564814814814743,0.009332042837885393,0.24459758568186815,0.12086384878311737,0.11342343781889408,0.0,0.9999999987499999,0.6902979007227891,0.27676996005032317,0.28502005382287343,0.3951196896478968,calm,02,06,06,female,normal,604
30,1.0010000000000001,True,1.0,0.536423788349392,0.5362891861576563,0.5363564872535241,1.1822469083711176,-0.06564814814814812,-0.06212962962962948,0.3823180179102939,0.6122350061207572,0.14945315928458555,0.45367552535409733,0.00013460219173566657,0.003518518518518643,0.006432866542538384,0.2355812684596045,0.1176786177109849,0.11491538495621022,0.0,0.9999999987499999,0.6913277972048195,0.2788392796204725,0.2871640593753034,0.4035141582334248,calm,02,06,06,female,normal,604
40,1.3346666666666667,True,1.0,0.4679390139064494,0.46692872108234007,0.46743386749439475,1.1620590190860918,-0.06819444444444434,-0.06462962962962965,0.3591943457477402,0.6182589144577595,0.15147403418582328,0.40224623690973194,0.0010102928241093045,0.0035648148148146874,0.01806595599980484,0.23394632175078725,0.11534705634583754,0.11644028349458681,0.0,0.9999999987499999,0.6887583453928446,0.281628400653059,0.2770551343111224,0.38491401291706373,calm,02,06,06,female,normal,604
50,1.6683333333333334,True,1.0,0.5673120547794839,0.5515997488894152,0.5594559018344496,1.696108239148533,-0.0668981481481481,-0.06254629629629627,0.33412623371763284,0.8399653606856629,0.1563324977524367,0.3298468157405469,0.015712305890068667,0.004351851851851829,0.007035247066858208,0.15535491360938894,0.11981246031678669,0.11403336660708747,0.0,0.9999999987499999,0.6851146132593663,0.2801647222205857,0.2897156864165952,0.39657096696062255,calm,02,06,06,female,normal,604
60,2.0020000000000002,True,1.0,0.5614054224147448,0.5515997488894151,0.55650258565208,0.9035844246875157,-0.06402777777777785,-0.061805555555555614,0.3602542047414156,0.4969495954526957,0.15779562023923838,0.6158833313716467,0.009805673525329683,0.0022222222222222365,0.010074598848835934,0.2832059750228875,0.11866457678867523,0.11389697529687112,0.0,0.9999999987499999,0.685478589607718,0.277451138936718,0.27736236061369096,0.36976772169657546,calm,02,06,06,female,normal,604
70,2.3356666666666666,True,1.0,0.5670457462410948,0.5362891861576569,0.5516674661993759,1.130787282767448,-0.06388888888888883,-0.06111111111111117,0.378114938575907,0.5439092093930182,0.15568106295949263,0.48786139940417866,0.030756560083437967,0.002777777777777657,0.006337270959621511,0.2495238073761503,0.12365339000711774,0.1105481310413473,0.0,0.9999999987499999,0.6281822172306424,0.26300831579982525,0.3114344795804829,0.36933107400473203,calm,02,06,06,female,normal,604
80,2.6693333333333333,True,1.0,0.5980324000187823,0.5873040673531862,0.5926682336859843,1.1846880166886233,-0.06462962962962954,-0.06166666666666665,0.32875205854766487,0.6251756980724061,0.1584893779437819,0.5002736799369162,0.01072833266559614,0.0029629629629628895,0.008464050027566634,0.22696011045889553,0.12477632942807027,0.10910460028874411,0.0,0.7141317936919361,0.62605158633766,0.26235899471075913,0.31189991544637,0.35928672425771213,calm,02,06,06,female,normal,604
90,3.003,True,1.0,0.5670457462410962,0.5722449887031045,0.5696453674721003,0.9229867136110067,-0.06509259259259259,-0.062453703703703733,0.3789579765489524,0.46857570933536763,0.15365157735065,0.6171761294845438,0.005199242462008313,0.0026388888888888573,0.013646577473367639,0.2773397134527497,0.12289736130060361,0.11104539984902446,0.0,0.9999999987499999,0.6904035242300045,0.27665449674912446,0.2847144440967339,0.37914168190078296,calm,02,06,06,female,normal,604
100,3.336666666666667,True,1.0,0.5662490652049122,0.5659873102333826,0.5661181877191475,0.6844240921145243,-0.06328703703703698,-0.06097222222222226,0.3718601858191136,0.3566720995141404,0.15640812311565688,0.8271453244290811,0.00026175497152969296,0.002314814814814714,0.014374057478900117,0.3733360571024897,0.12421369676440022,0.10869811424523197,0.0,0.8211092719740889,0.6282245828565801,0.25862780685726566,0.31228713324095175,0.3601689641134996,calm,02,06,06,female,normal,604
110,3.6703333333333332,True,1.0,0.5961804603299801,0.5714679462125773,0.5838242032712787,0.6962727712199622,-0.06222222222222229,-0.059537037037037055,0.3685784219751775,0.34067307977866396,0.1556810629594927,0.8384992597776605,0.024712514117402717,0.002685185185185235,0.019626293328355887,0.3683908006556517,0.12675592962000146,0.10715450709802263,0.0,0.9999999987499999,0.6263180115249224,0.2577015002907812,0.3094893157597432,0.3585684693202861,calm,02,06,06,female,normal,604
0,0.0,True,1.0,0.583124417955956,0.5814116064555582,0.5822680122057571,1.196836724290822,-0.06449074074074068,-0.06018518518518512,0.36603028290242784,0.5983606526740256,0.15163260934929151,0.4865058034969442,0.001712811500397815,0.0043055555555555625,0.01717114015740822,0.2373757580231005,0.11842633045730078,0.11497620083311147,0.0,0.9999999987499999,0.6930724358649709,0.27723845797250046,0.27877855672787905,0.39191787064252565,calm,02,06,06,female,normal,605
10,0.33366666666666667,True,1.0,0.5513864936163129,0.55069035590275,0.5510384247595315,1.1469253149224279,-0.06462962962962965,-0.06027777777777782,0.3759422199850894,0.5806628045346902,0.15101053942708895,0.4804483932738034,0.0006961377135629165,0.004351851851851829,0.016997855542419917,0.25046608035029433,0.1161031365858173,0.11667034065385744,0.0,0.9999999987499999,0.6923680663828031,0.27829793212367426,0.27373229973376123,0.3888185171953666,calm,02,06,06,female,normal,605
20,0.6673333333333333,True,1.0,0.5823754789272023,0.5661217233133671,0.5742486011202848,1.1064417146410779,-0.06518518518518512,-0.06208333333333321,0.3736527740323984,0.5750427726860639,0.14814395545395498,0.519004836424273,0.01625375561383524,0.003101851851851911,0.009244780131675472,0.2530100545389699,0.12639026987209098,0.10846738452021146,0.0,0.7071067807446058,0.6367718600408915,0.2655960826373224,0.31008943474748946,0.3776934409125398,calm,02,06,06,female,normal,605
30,1.0010000000000001,True,1.0,0.41932671590950493,0.4266409168259804,0.4229838163677426,1.146872681138772,-0.06990740740740742,-0.06833333333333336,0.3902737601348988,0.5664298875874059,0.1501301518683039,0.3688149725109386,0.007314200916475444,0.001574074074074061,0.008000624707160061,0.2403953253023115,0.12177552313715391,0.11210468437411675,0.0,0.9999999987499999,0.6370255043501776,0.2661854179063772,0.3072373944610705,0.37401690843118834,calm,02,06,06,female,normal,605
40,1.3346666666666667,True,1.0,0.5655115819017132,0.5435717408026683,0.5545416613521907,1.1495110872214198,-0.06703703703703695,-0.06314814814814806,0.3681015906345779,0.6262710326445995,0.1511196281177114,0.4824152350653878,0.0219398410990449,0.003888888888888886,0.011690869875692662,0.2268184947001665,0.12310979428210084,0.1120069124052056,0.0,0.9999999987499999,0.6338114390209209,0.26599287212290573,0.30220389071127923,0.3731710389136786,calm,02,06,06,female,normal,605
50,1.6683333333333334,True,1.0,0.5084967170280134,0.49703270718006065,0.5027647121040371,1.6765797561659572,-0.0710648148148148,-0.06708333333333333,0.33328239526366155,0.8788656173222259,0.15514462401117185,0.2998752133651974,0.011464009847952705,0.003981481481481475,0.017513548114184763,0.1758091274645606,0.11982631144697146,0.11518253801933685,0.0,0.9999999987499999,0.6859579719387754,0.28014033533169674,0.2862578074080793,0.392281504741933,calm,02,06,06,female,normal,605
60,2.0020000000000002,True,1.0,0.4909477698965421,0.495156211609869,0.49305199075320555,1.1660708025436206,-0.06615740740740733,-0.06342592592592589,0.38108355196452676,0.5758710193358855,0.15586179228995847,0.422831949550303,0.004208441713326905,0.002731481481481446,0.00859550947633172,0.24497377616195262,0.11684948266728946,0.1157583740651567,0.0,0.9999999987499999,0.6878750283160139,0.2769720459414346,0.2852075920056828,0.39261769403555274,calm,02,06,06,female,normal,605
70,2.3356666666666666,True,1.0,0.5299094229403885,0.5325454312931805,0.5312274271167845,1.2314783362870143,-0.06518518518518518,-0.062361111111111145,0.38167326186656353,0.6014711107770405,0.1530895712135764,0.4313737493088746,0.0026360083527920963,0.0028240740740740344,0.019206165711122967,0.2274150007238057,0.11663220066403539,0.11695878000014723,0.0,0.9999999987499999,0.6896568228072478,0.2771252710242898,0.28206859176030546,0.39168382734184337,calm,02,06,06,female,normal,605
80,2.6693333333333333,True,1.0,0.6134828766413409,0.6001893474059012,0.6068361120236211,1.1608093876727041,-0.0671296296296297,-0.06152777777777774,0.3247110559017781,0.6465488138104684,0.15882598793788263,0.5227698177392079,0.013293529235439694,0.005601851851851969,0.026184365736000963,0.234712494122206,0.12039337353437322,0.11274597183696683,0.0,0.9999999987499999,0.6868464889315101,0.2754430139692195,0.28685263160745156,0.3795490732185983,calm,02,06,06,female,normal,605
90,3.003,True,1.0,0.5769843327230539,0.5564293160490885,0.5667068243860712,1.1770459378578635,-0.06472222222222224,-0.06097222222222215,0.35994060900895597,0.6033611092901031,0.15657973021455396,0.4814653414610442,0.02055501667396542,0.0037500000000000866,0.020463244979743667,0.2363043094438691,0.1197152168519124,0.11463513005715534,0.0,0.9999999987499999,0.686865298658526,0.2763706416765797,0.28547899287107725,0.39112085357862214,calm,02,06,06,female,normal,605
100,3.336666666666667,True,1.0,0.5755507636639684,0.5648016481279295,0.570176205895949,0.7356678246733004,-0.06490740740740741,-0.061111111111111116,0.357134312030203,0.39012307581383526,0.1538341950480867,0.7750457295711636,0.010749115536038856,0.0037962962962962976,0.02005472870491057,0.35798819101024154,0.11900375678589123,0.11471109915647627,0.0,0.9999999987499999,0.6908583586559623,0.2746253452776833,0.278030736280865,0.3754641416600533,calm,02,06,06,female,normal,605
110,3.6703333333333332,True,1.0,0.5348465474517381,0.5237887388861523,0.5293176431689453,0.6971458885384834,-0.06425925925925913,-0.06106481481481485,0.3729182174472907,0.33414738158995805,0.15671853579870704,0.7592638095859991,0.011057808565585803,0.0031944444444442777,0.029302280119167613,0.37608497922684375,0.1216866453282439,0.1123708262437669,0.0,0.9999999987499999,0.6884147809436275,0.2754640994024796,0.2800952502791484,0.3753758363299749,calm,02,06,06,female,normal,605
120,4.0040000000000004,True,1.0,0.5593536816139976,0.5703047892906306,0.5648292354523141,0.7203768645584917,-0.0602314814814815,-0.056157407407407434,0.3796730082274029,0.317119696026275,0.15888938304999156,0.7840746465372532,0.010951107676632987,0.004074074074074063,0.028027206603315483,0.3607616796323954,0.12341227759467348,0.10908446452558941,0.0,0.6720066326934439,0.625714866415316,0.2597994810944235,0.2993204475158798,0.35148889756164914,calm,02,06,06,female,normal,605
0,0.0,True,1.0,0.5965812188946451,0.5821020992919935,0.5893416590933194,1.1707223423357387,-0.06717592592592592,-0.06421296296296297,0.37501713417117605,0.6286606261394369,0.14588563980109084,0.5034000273006736,0.01447911960265158,0.002962962962962945,0.002848787231973284,0.23641085278130766,0.12322693699563894,0.1108515592517653,0.0,0.9999999987499999,0.6403948980607868,0.2638314832880756,0.31504208006784024,0.38586196378734644,calm,02,06,06,female,normal,606
10,0.33366666666666667,True,1.0,0.6228184277668722,0.6439526604108007,0.6333855440888365,1.1232151766309606,-0.06824074074074071,-0.06689814814814815,0.3824176075746783,0.5970918327255704,0.14729682743460354,0.5639040116860345,0.02113423264392844,0.001342592592592562,0.006779434816427729,0.24206406450879114,0.12363293787906647,0.10953229260531212,0.0,0.9999999987499999,0.6353831454066001,0.2648313210169993,0.3178463949239109,0.384930465203004,calm,02,06,06,female,normal,606
20,0.6673333333333333,True,1.0,0.48275449042127827,0.46788060746573895,0.47531754894350864,1.123470418869976,-0.07124999999999998,-0.06689814814814815,0.3799554454967833,0.5759417546136684,0.15011439729549805,0.4230797188426188,0.01487388295553932,0.004351851851851829,0.0047123227882890275,0.24952380737615154,0.1179636686521362,0.11545083534459047,0.0,0.9999999987499999,0.6905695949708008,0.27954918070542895,0.2782039905991477,0.3931632816180861,calm,02,06,06,female,normal,606
30,1.0010000000000001,True,1.0,0.561548592911138,0.5362891861576576,0.5489188895343978,1.2727997513992786,-0.06675925925925924,-0.0641666666666667,0.35577123464805616,0.6893713756497595,0.15779562023923838,0.4312688535104855,0.025259406753480373,0.0025925925925925353,0.008288621844065737,0.22382946938228052,0.1119067748707139,0.11895224683710763,0.0,0.9999999987499999,0.691537307946616,0.2818095554729155,0.2789543441915034,0.39221337446657856,calm,02,06,06,female,normal,606
40,1.3346666666666667,True,1.0,0.5519943015633418,0.5671844738357072,0.5595893876995246,1.1969305203589224,-0.06703703703703706,-0.06347222222222226,0.3534950519191279,0.628767298669561,0.15715867746243264,0.4675203599384541,0.01519017227236541,0.0035648148148147984,0.010511775519223268,0.22397066664566942,0.11468878580478487,0.11757583629687121,0.0,0.9999999987499999,0.6915893810180322,0.281382565471238,0.27972054678514036,0.3891362903706009,calm,02,06,06,female,normal,606
50,1.6683333333333334,True,1.0,0.44373024826642166,0.45841054576106016,0.4510703970137409,1.2115019436387202,-0.06861111111111107,-0.06574074074074071,0.38278428133256454,0.6057380150018897,0.15085839076094595,0.3723232962045117,0.014680297494638506,0.0028703703703703565,0.00725731774521619,0.23660570345042872,0.12060251419472469,0.11353358891395941,0.0,0.9999999987499999,0.6925298399516057,0.28033761188118966,0.2893383428096488,0.39873930274517666,calm,02,06,06,female,normal,606
60,2.0020000000000002,True,1.0,0.566630756703691,0.5480378121888656,0.5573342844462783,0.8527939490221396,-0.06393518518518515,-0.061574074074074114,0.37674084309239536,0.44805781391147304,0.16055405583427365,0.653539210832052,0.018592944514825405,0.002361111111111036,0.008385767755585886,0.30507088133579346,0.12164556519147648,0.11325951813784621,0.0,0.9999999987499999,0.6306219361807224,0.2611490094087016,0.3073891943414082,0.35642379886349695,calm,02,06,06,female,normal,606
70,2.3356666666666666,True,1.0,0.5366757155280691,0.5420750677168368,0.539375391622453,1.0208596375357768,-0.06208333333333338,-0.059907407407407465,0.4076173069513041,0.4175798305290827,0.15976998172581555,0.5283541162665961,0.0053993521887676366,0.0021759259259259145,0.00583343868860095,0.2848721941194015,0.12337300872071726,0.11188732967409692,0.0,0.9999999987499999,0.6296562238098364,0.2636237913106393,0.31387997401113105,0.37257052656099626,calm,02,06,06,female,normal,606
80,2.6693333333333333,True,1.0,0.6285891298691354,0.6282940565474778,0.6284415932083066,1.0821256038647347,-0.061805555555555614,-0.06111111111111106,0.3516351906285276,0.5410628019323673,0.1618625989640831,0.5807473651523188,0.0002950733216575685,0.000694444444444553,0.0013784353750537956,0.24910714285714214,0.12441824624905934,0.10968659962639664,0.0,0.7071067807446058,0.6294622628895309,0.26524236447602534,0.3101215414926777,0.3557386253051728,calm,02,06,06,female,normal,606
90,3.003,True,1.0,0.5732472240101776,0.5770060337882232,0.5751266288992004,0.8324514991181656,-0.06152777777777779,-0.06013888888888891,0.3781144389483669,0.3950617283950623,0.15913568543959236,0.6908830478513701,0.0037588097780456575,0.001388888888888884,0.0028239137979066344,0.305084745762712,0.12342721349415325,0.11148627223263649,0.0,0.9999999987499999,0.6295421177689826,0.26373968182427265,0.30517902165288036,0.35735724574522865,calm,02,06,06,female,normal,606
100,3.336666666666667,True,1.0,0.5717183290757099,0.5466364995000994,0.5591774142879047,0.6771812761168462,-0.059814814814814765,-0.059166666666666645,0.3806970499171854,0.2892128366749021,0.16257932634106845,0.8257425803241196,0.025081829575610448,0.0006481481481481199,0.007850050559895868,0.37499999999999956,0.12286352617864857,0.11056710330943822,0.0,0.9999999987499999,0.6253858189838436,0.26338139193196364,0.3070872504715722,0.3572198992420526,calm,02,06,06,female,normal,606
110,3.6703333333333332,True,1.0,0.5875485251294158,0.5613869915111823,0.5744677583202991,0.6998882323295319,-0.05833333333333335,-0.058379629629629615,0.38370125403762456,0.2729391392250737,0.16394520742004082,0.8207992816341846,0.02616153361823348,4.6296296296266526e-05,0.013101418831349824,0.3605323133327787,0.12553559563493433,0.10875694120934748,0.0,0.7071067807446058,0.624463050993835,0.2637641888344044,0.30506874403376616,0.34976088873253974,calm,02,06,06,female,normal,606
0,0.0,True,1.0,0.5413906858856009,0.5422591542888809,0.5418249200872409,1.1653763696030448,-0.06453703703703706,-0.06217592592592591,0.367541605158741,0.5971963433857115,0.1520853399553694,0.4649355643548869,0.0008684684032800316,0.002361111111111147,0.008643682361754371,0.23200831085914314,0.12784171196467903,0.10657423026942937,0.0,0.9999999987499999,0.6249793011110694,0.25997441265163196,0.32138015305047457,0.37332289629372756,calm,02,06,06,female,normal,607
10,0.33366666666666667,True,1.0,0.5517351835093398,0.5368508686784602,0.5442930260939001,1.103829213653758,-0.062361111111111034,-0.060185185185185175,0.37693842939793354,0.5232437181605477,0.1576509879048942,0.4930953261259041,0.014884314830879597,0.002175925925925859,0.0022068078520653916,0.2487159213767742,0.1154441842561609,0.11748468403036966,0.0,0.9999999987499999,0.6789504720872724,0.2811378022302301,0.28122912310477205,0.40337451517040057,calm,02,06,06,female,normal,607
20,0.6673333333333333,True,1.0,0.5976692442320247,0.5708255423871197,0.5842473933095722,1.0895236098605103,-0.05731481481481482,-0.05476851851851844,0.38394038164681166,0.46590194082788405,0.16042427606411208,0.5362411498217761,0.026843701844905032,0.0025462962962963798,0.0021321688931126253,0.2677364266741946,0.12034978913922673,0.1134661297502981,0.0,0.9999999987499999,0.6289590046409188,0.26671178677667345,0.30118272179183914,0.3688894636203278,calm,02,06,06,female,normal,607
30,1.0010000000000001,True,1.0,0.5145238365010196,0.5135725389031885,0.5140481877021041,1.190195956982172,-0.05675925925925923,-0.055185185185185226,0.3592184285375324,0.5332696170894143,0.16805964133039802,0.4319021457655683,0.00095129759783108,0.0015740740740740056,0.010076641580384845,0.24142099366002573,0.12021264648514524,0.11209200883095864,0.0,0.9999999987499999,0.6264126863088985,0.2701611988703013,0.2975949122586476,0.36069783866579386,calm,02,06,06,female,normal,607
40,1.3346666666666667,True,1.0,0.5925674531198684,0.5951300362754376,0.593848744697653,1.0847788660203144,-0.05560185185185185,-0.0557407407407407,0.36565799544509753,0.5122410546139352,0.1666959609671985,0.5474376053031735,0.0025625831555692313,0.0001388888888888551,0.015305569461074857,0.25817846158082103,0.12043813949419711,0.11286707694719644,0.0,0.9999999987499999,0.6258992457060949,0.26913450472661127,0.29818037957116994,0.35650375165425185,calm,02,06,06,female,normal,607
50,1.6683333333333334,True,1.0,0.6548872342251797,0.6086432867123965,0.6317652604687881,1.0350779071181777,-0.05180555555555555,-0.05212962962962969,0.39381306416892164,0.3846128866334231,0.16945570055431025,0.6103552748292382,0.04624394751278316,0.00032407407407414324,0.03290196463442497,0.288817977160888,0.11261141006260988,0.11747729089479639,0.0,0.959672189339394,0.6659874191082683,0.2828741662180586,0.27116988358977334,0.3889318944855896,calm,02,06,06,female,normal,607
60,2.0020000000000002,True,1.0,0.5965812188946463,0.5800048022312968,0.5882930105629716,0.7939646488954308,-0.05282407407407408,-0.053888888888888875,0.3875583669703574,0.3325781436061268,0.16743813444332603,0.7409561765519521,0.016576416663349525,0.0010648148148147962,0.03719372658631186,0.35137816057202015,0.11550795463596002,0.11644440472271719,0.0,0.9999999987499999,0.6783684590164191,0.2777152390811642,0.26816037274178345,0.37204205013617364,calm,02,06,06,female,normal,607
70,2.3356666666666666,True,1.0,0.5900154780859017,0.5744458500693324,0.582230664077617,1.050227057230706,-0.053750000000000075,-0.05430555555555561,0.4185769295011743,0.3367123219876423,0.16467416566563683,0.5543855112749366,0.015569628016569359,0.0005555555555555314,0.04507931966221134,0.2647289248860663,0.11967071952796017,0.11334475504627939,0.0,0.9999999987499999,0.62532650771246,0.26419839831457914,0.30409532126251837,0.3700346587536748,calm,02,06,06,female,normal,607
80,2.6693333333333333,True,1.0,0.7021240717964338,0.6556886708490856,0.6789063713227597,1.1198705730577834,-0.053379629629629666,-0.05546296296296299,0.3106821103520334,0.5158716418628596,0.1709476243700912,0.6062364595124773,0.046435400947348215,0.002083333333333326,0.05528153241855732,0.22180063340260184,0.12156231004793565,0.11233584944349712,0.0,0.9999999987499999,0.6219947993025335,0.2641773664012156,0.2878307378800753,0.3350433672036763,calm,02,06,06,female,normal,607
90,3.003,True,1.0,0.667760728841471,0.6189046248571237,0.6433326768492973,1.0776037325483583,-0.04972222222222217,-0.0528703703703704,0.3512290460497907,0.46878629176548064,0.1690102160373745,0.5970030145756081,0.048856103984347254,0.003148148148148233,0.059067757028755025,0.2602783793982251,0.11754126430185931,0.11522134307387802,0.0,0.9999999987499999,0.6730502989477041,0.2777402255739378,0.2787217404305976,0.38448931347990384,calm,02,06,06,female,normal,607
100,3.336666666666667,True,1.0,0.6197785319865607,0.5702185559703394,0.5949985439784501,0.6542649341003565,-0.05125000000000002,-0.055833333333333235,0.3929210310930508,0.2107527292490669,0.17033652800298388,0.9094153040566046,0.04955997601622131,0.004583333333333217,0.06105832854575769,0.39077193182558945,0.1150204419093451,0.11659964418059753,0.0,0.9999999987499999,0.6716567091836734,0.2776267473466473,0.26742655025477247,0.369552579627762,calm,02,06,06,female,normal,607
110,3.6703333333333332,True,1.0,0.6282217778847293,0.579879103671688,0.6040504407782087,0.66420819794013,-0.05027777777777781,-0.05444444444444435,0.38387068822546544,0.20015207577414984,0.16750874600721063,0.9094293666526776,0.04834267421304128,0.004166666666666541,0.07019881957834652,0.4023164024759423,0.12321778957222648,0.1112049028488133,0.0,0.7071067807446058,0.6185747656171845,0.2619687356936678,0.288209647421506,0.34190758011418193,calm,02,06,06,female,normal,607
120,4.0040000000000004,True,1.0,0.5867738666403303,0.5527666187423905,0.5697702426913605,0.6664910178570984,-0.05041666666666661,-0.05314814814814817,0.39028161091762714,0.20337230420498947,0.16823704975223622,0.8548806021771838,0.03400724789793974,0.002731481481481557,0.07339772909144135,0.41643349035502664,0.12201995444877559,0.11012188490534666,0.0,0.9999999987499999,0.6300402740393033,0.261372164502574,0.29150733673629803,0.3431469058262336,calm,02,06,06,female,normal,607
0,0.0,True,1.0,0.43345146296435116,0.42023584897410626,0.4268436559692287,1.0547560050160731,-0.0705555555555556,-0.06671296296296286,0.3904907481722817,0.562012353614448,0.14375849159701837,0.4046847365071168,0.013215613990244901,0.0038425925925927307,0.004872112559374017,0.26641818152335844,0.11837902461492694,0.11469316082444751,0.0,0.9999999987499999,0.6888103528755253,0.27873461114531645,0.2837986958935863,0.395197215194395,calm,02,06,06,female,strong,608
10,0.33366666666666667,True,1.0,0.5506903559027501,0.5364994567888207,0.5435949063457854,1.0719130810943518,-0.06462962962962976,-0.06273148148148144,0.38538336972396126,0.5359418614411906,0.14931832980923246,0.5071259190071749,0.014190899113929345,0.0018981481481483153,0.010022737375631594,0.2516378446419297,0.12342274201238675,0.10924715723302825,0.0,0.7071067807446058,0.6318873204750651,0.26619903252565896,0.30719153226913626,0.3778822549853757,calm,02,06,06,female,strong,608
20,0.6673333333333333,True,1.0,0.5876960400238243,0.5711784984917484,0.5794372692577863,1.0358705161854769,-0.060416666666666674,-0.059398148148148144,0.38835624832833715,0.4479440069991248,0.15764324464162452,0.5593722962513933,0.016517541532075852,0.0010185185185185297,0.0049697769011998625,0.2736486486486483,0.12271168632817245,0.1105634138870681,0.0,0.9999999987499999,0.6318507222498376,0.265843597615052,0.30540118580900943,0.3715003099110932,calm,02,06,06,female,strong,608
30,1.0010000000000001,True,1.0,0.6131544008671483,0.5867812187526555,0.5999678098099019,1.1351469934611225,-0.05842592592592588,-0.057592592592592584,0.39871965166071294,0.4923076923076927,0.15625048828048707,0.5285375491156161,0.0263731821144928,0.0008333333333332971,0.005587319064390297,0.24395349546645367,0.11931122433790202,0.11220521747224284,0.0,0.9999999987499999,0.6344500559833308,0.2652339002228082,0.3114476261734901,0.37738823359975004,calm,02,06,06,female,strong,608
40,1.3346666666666667,True,1.0,0.5325454312931813,0.5208075585905879,0.5266764949418846,1.1216835644850827,-0.0665277777777778,-0.06518518518518518,0.3730486775427507,0.5826305789128889,0.1534742106850192,0.46954106453691286,0.01173787270259341,0.0013425925925926174,0.011466532109743105,0.24835011795024842,0.12580492571982768,0.1084452797370151,0.0,0.884820099679444,0.6328739523153011,0.2643020914410315,0.3129018133976963,0.3700616787218445,calm,02,06,06,female,strong,608
50,1.6683333333333334,True,1.0,0.5800495288508168,0.570804098518701,0.5754268136847589,1.1069980999344893,-0.06310185185185191,-0.06291666666666662,0.3743419333149866,0.5680648144400668,0.15626757713634176,0.5198083119734459,0.00924543033211589,0.00018518518518528815,0.011150233595769277,0.2298177670856042,0.12629669278986988,0.10840071616729167,0.0,0.9999999987499999,0.6279509411811599,0.2665930401161342,0.31214572578502875,0.3668368530186833,calm,02,06,06,female,strong,608
60,2.0020000000000002,True,1.0,0.5495333083341923,0.5509591820627213,0.5502462451984569,1.2078926708800926,-0.06180555555555556,-0.06111111111111117,0.39121844902860226,0.5831084120474189,0.15347421068501926,0.4555423329107026,0.0014258737285289813,0.0006944444444443865,0.012956306259454022,0.22628837374108154,0.12193084038675246,0.11159480526495244,0.0,0.9999999987499999,0.6304546076711935,0.26178402131441764,0.3147046298633569,0.3734967891734942,calm,02,06,06,female,strong,608
70,2.3356666666666666,True,1.0,0.3850992441179498,0.4203756478142562,0.402737445966103,0.9101936737433196,-0.06888888888888889,-0.06671296296296297,0.3768451922847426,0.44768287228044124,0.1562519531127931,0.44247445086030945,0.03527640369630636,0.0021759259259259145,0.012781087661005322,0.2993458859966816,0.1279993702061485,0.1065637604911213,0.0,0.7071067807446058,0.6291099569749775,0.26086204720694467,0.3034516738094759,0.33939129537993923,calm,02,06,06,female,strong,608
80,2.6693333333333333,True,1.0,0.5915726140793317,0.5501007778455999,0.5708366959624658,1.1071995076364658,-0.06305555555555559,-0.061805555555555614,0.40690821074023775,0.48680038611066656,0.15490101146767418,0.5155680543798548,0.04147183623373185,0.0012499999999999734,0.020108384313874524,0.2507012021277162,0.12432300395645055,0.11014104012440533,0.0,0.9999999987499999,0.6289929328215662,0.2596610479648417,0.31807494381769974,0.3739601716636634,calm,02,06,06,female,strong,608
90,3.003,True,1.0,0.5659873102333812,0.5622239992795602,0.5641056547564707,1.123272520379644,-0.06291666666666668,-0.06287037037037041,0.35892698307644416,0.599567334735907,0.1604242760641121,0.5021983931075017,0.0037633109538209863,4.6296296296266526e-05,0.01012746067218146,0.23602223943991052,0.12444752550274497,0.11086293865114993,0.0,0.9999999987499999,0.627762081793655,0.2647617081428588,0.3050060922269517,0.3637381912637475,calm,02,06,06,female,strong,608
100,3.336666666666667,True,1.0,0.5728243493673892,0.5486920662677919,0.5607582078175906,1.258110986677583,-0.07421296296296298,-0.07314814814814824,0.34064997092842086,0.6451180244761612,0.16528193221939325,0.44571441928063893,0.024132283099597363,0.0010648148148147407,0.030131074427674504,0.2091128661481959,0.12437125584476033,0.11025947895586982,0.0,0.9999999987499999,0.6298458338491647,0.26658473036979136,0.31274670461398163,0.37222963628771366,calm,02,06,06,female,strong,608
110,3.6703333333333332,True,1.0,0.5967085607861875,0.5645421368555014,0.5806253488208444,1.0185589938463582,-0.06550925925925927,-0.06504629629629632,0.39115734470449,0.47427063858899576,0.15972652116233096,0.5700458710086529,0.03216642393068614,0.0004629629629629428,0.02228019232545679,0.2696197521270892,0.1253415380645528,0.10932961521489473,0.0,0.9999999987499999,0.631308479407388,0.2609178154221988,0.3145421509685397,0.373690485898035,calm,02,06,06,female,strong,608
120,4.0040000000000004,True,1.0,0.5965812188946451,0.599254608114847,0.5979179135047461,0.7481570885977533,-0.06282407407407409,-0.06296296296296305,0.3786641401571149,0.35231162414023814,0.1576466323661037,0.7991876607430191,0.0026733892202018827,0.0001388888888889661,0.01705205960852295,0.3357107791620198,0.12305767144524436,0.10931018348189624,0.0,0.7071067807446058,0.6287516553496397,0.2597472419052285,0.3064080481365363,0.3573387482387254,calm,02,06,06,female,strong,608
130,4.337666666666666,True,1.0,0.5506903559027494,0.5562014516041961,0.5534459037534727,0.6748348408527628,-0.06064814814814817,-0.061851851851851825,0.38456695575828964,0.29524024287308387,0.15625,0.8201205246814234,0.0055110957014467,0.0012037037037036513,0.022709434416412776,0.37557825786083265,0.126627577035452,0.1073061546200477,0.0,0.6876314449086595,0.6298088541822979,0.2604042345713743,0.31141647443470516,0.35926063595933183,calm,02,06,06,female,strong,608
0,0.0,True,1.0,0.5711812602640676,0.5628392828987798,0.5670102715814237,1.2080457417115436,-0.06282407407407409,-0.06050925925925926,0.36241021429213627,0.5965082675597567,0.1556972342868946,0.46936159120770615,0.008341977365287745,0.002314814814814825,0.009195869442069324,0.22356819424667587,0.12352092630284416,0.11069611963561929,0.0,0.7071067807446058,0.6296873989830307,0.2636651678138516,0.30364466429678083,0.37277695463408067,calm,02,06,06,female,strong,609
10,0.33366666666666667,True,1.0,0.587905531364822,0.5768890746337559,0.582397302999289,1.1783563132146342,-0.06601851851851848,-0.06310185185185191,0.3653053746854167,0.6255320955627715,0.15026882242880793,0.49424549812990826,0.011016456731066104,0.0029166666666665675,0.015832985219524687,0.2294934356525848,0.12047735742261129,0.11349865480593349,0.0,0.7881506629186167,0.6915932042504502,0.2773131191629004,0.285105674316937,0.3948302772221406,calm,02,06,06,female,strong,609
20,0.6673333333333333,True,1.0,0.5727562412110576,0.5680648144400662,0.5704105278255619,1.1388836152808788,-0.06879629629629624,-0.06555555555555553,0.3699185803808717,0.6270909048917331,0.14747282887064955,0.5008505875158136,0.004691426770991436,0.0032407407407407107,0.015841059661672048,0.23530310514648056,0.12049594351933697,0.11195771684789638,0.0,0.9999999987499999,0.6906104424113395,0.27626814208647243,0.28969505872323603,0.3939670853291125,calm,02,06,06,female,strong,609
30,1.0010000000000001,True,1.0,0.5879055313648206,0.5627160087533667,0.5753107700590936,1.1488221859758903,-0.06731481481481483,-0.06402777777777785,0.3856365717300185,0.5951592722851367,0.15234847971646584,0.5007831299587797,0.025189522611453907,0.0032870370370369772,0.010499950675427855,0.2374991299128322,0.12297826315288214,0.11026682748594172,0.0,0.9999999987499999,0.6311063934167418,0.2620938415815911,0.3185352136811054,0.3801956115576474,calm,02,06,06,female,strong,609
40,1.3346666666666667,True,1.0,0.5867812187526544,0.5916717923471555,0.589226505549905,1.095333216653155,-0.06490740740740736,-0.061111111111111116,0.3764712074959525,0.5758710193358856,0.15436449160140775,0.5379426977941157,0.004890573594501069,0.003796296296296242,0.01932151111018284,0.26574392285549175,0.12546318169964535,0.10884047073707885,0.0,0.9999999987499999,0.6256421606376926,0.2639391577004391,0.3130671938324412,0.3721097020278433,calm,02,06,06,female,strong,609
50,1.6683333333333334,True,1.0,0.5551117998071966,0.5471882207032357,0.5511500102552161,1.0770401917590537,-0.06569444444444439,-0.06087962962962962,0.37644031461338984,0.545232669854505,0.16081614769810917,0.5117265023834084,0.00792357910396091,0.004814814814814772,0.022806167034803464,0.2352389745923009,0.12614376133274546,0.10840303226725002,0.0,0.9999999987499999,0.62955674233756,0.2645277466784185,0.3149103597417482,0.3678484381809484,calm,02,06,06,female,strong,609
60,2.0020000000000002,True,1.0,0.5972112296648555,0.5686401671603675,0.5829256984126114,1.323032647722355,-0.0672685185185185,-0.06138888888888894,0.3644661281505457,0.6832070943662067,0.1521534812636667,0.4405981208522235,0.028571062504488043,0.005879629629629568,0.02641609220046541,0.20862991395880962,0.11552105687691877,0.11593946934206896,0.0,0.7071067807446058,0.6852226451127327,0.278629065696038,0.28866998714151015,0.3979683944176521,calm,02,06,06,female,strong,609
70,2.3356666666666666,True,1.0,0.5677258325854746,0.5592952085885317,0.5635105205870031,1.106006336009041,-0.06449074074074074,-0.059814814814814876,0.36876581667626757,0.5167492765862136,0.15823065270717643,0.5095002643659328,0.008430623996942943,0.004675925925925861,0.029953364519191023,0.24644067649028242,0.12613445028064443,0.1082379897850031,0.0,0.9999999987499999,0.624499044641294,0.2624640328770712,0.31666449013620523,0.374311726449468,calm,02,06,06,female,strong,609
80,2.6693333333333333,True,1.0,0.5237376295646029,0.5223074161718242,0.5230225228682135,1.3573236576789494,-0.06768518518518513,-0.06092592592592594,0.3863747852590056,0.5959286344675419,0.15353545376998987,0.38533368213930086,0.001430213392778712,0.006759259259259187,0.035867254492248826,0.20501467848465468,0.12364365540830681,0.11055901869435467,0.0,0.9999999987499999,0.629372047561212,0.2621614671014206,0.3160046900555054,0.3748436064005001,calm,02,06,06,female,strong,609
90,3.003,True,1.0,0.5983239583358712,0.5864264430892949,0.5923752007125831,1.0163671890671795,-0.0658333333333333,-0.05902777777777779,0.37204350195725505,0.4933302273762714,0.16202530752850552,0.5828358167054412,0.011897515246576229,0.006805555555555509,0.04737534983206193,0.26312995773836056,0.12404929180176077,0.11027659447190154,0.0,0.9999999987499999,0.6261976972429597,0.26127639067177233,0.31109432125858194,0.3583566806982074,calm,02,06,06,female,strong,609
100,3.336666666666667,True,1.0,0.6387459302871883,0.6336288402256817,0.636187385256435,1.2645425347973125,-0.06638888888888889,-0.05935185185185193,0.3273492295383909,0.6472289623417745,0.1605231712736375,0.503096865269468,0.005117090061506624,0.007037037037036953,0.05354984570596858,0.20206960971678062,0.12700182028724363,0.1072189331426179,0.0,0.661523628577271,0.6222473796159088,0.26050916860878787,0.31473164425744393,0.3568065666110783,calm,02,06,06,female,strong,609
110,3.6703333333333332,True,1.0,0.6085911704450149,0.6189189571027043,0.6137550637738596,0.9916739981967136,-0.06370370370370376,-0.057916666666666616,0.3741014482013073,0.48798221997784624,0.1606029989800021,0.6189080936778902,0.010327786657689408,0.005787037037037146,0.05202389139745581,0.2741966980591892,0.12645861074992093,0.10785908282326906,0.0,0.9999999987499999,0.6235507374668616,0.26094933213394905,0.31269403145790725,0.36311372972180245,calm,02,06,06,female,strong,609
120,4.0040000000000004,True,1.0,0.5791907726967916,0.6049647352709631,0.5920777539838773,0.6681541814879756,-0.05796296296296288,-0.05453703703703694,0.3765408019202307,0.3467076205036104,0.15979353782283653,0.8861394127105865,0.025773962574171416,0.0034259259259259434,0.049549145339151675,0.3905732344863654,0.11618092107308375,0.1139483967912558,0.0,0.9999999987499999,0.6777371055218963,0.2778944081192682,0.28134362949894,0.38739834787676103,calm,02,06,06,female,strong,609
130,4.337666666666666,True,1.0,0.5654848962501731,0.5399357067058346,0.5527103014780038,0.6270818984128574,-0.06217592592592591,-0.05652777777777773,0.377752942975181,0.31928857986115017,0.16106644519175953,0.8814005042673246,0.02554918954433849,0.00564814814814818,0.04798546279675253,0.41356521037734306,0.11911994991250126,0.1129155811056021,0.0,0.9999999987499999,0.6762984676683174,0.2774104963621228,0.2833569336544195,0.38539215034938445,calm,02,06,06,female,strong,609
0,0.0,True,1.0,0.5101520631011682,0.521967386275769,0.5160597246884686,1.233690715657869,-0.06662037037037033,-0.0661574074074075,0.3610614733869526,0.6611936883615506,0.1465298604792086,0.41830559161927255,0.011815323174600767,0.0004629629629628318,0.027203652130478734,0.23741736482861034,0.11827329159873852,0.11446980041927837,0.0,0.9999999987499999,0.6879766759359994,0.2793792824747095,0.28933815991193595,0.40078247944912215,calm,02,06,06,female,strong,610
10,0.33366666666666667,True,1.0,0.5063579348771207,0.5056611354603181,0.5060095351687194,1.2244615550133546,-0.06629629629629624,-0.06583333333333335,0.358972329244207,0.6792830133664226,0.14447032337994137,0.4132506513552405,0.0006967994168025626,0.0004629629629628873,0.034696191869827794,0.2403500917878691,0.11783001430878781,0.1162446816921404,0.0,0.9999999987499999,0.6941251425023135,0.27816079483005374,0.2868059605212683,0.4023056734452588,calm,02,06,06,female,strong,610
20,0.6673333333333333,True,1.0,0.5182960412362608,0.5124318063579656,0.5153639237971133,1.1582038860281625,-0.06726851851851856,-0.0662962962962963,0.36901427480312926,0.6448141087936331,0.14376910538798834,0.4449682219289168,0.005864234878295238,0.0009722222222222632,0.035696615595263236,0.22915733294495055,0.12671915319063584,0.10772985724763583,0.0,0.6392650958284757,0.6365122758243923,0.26309263878237243,0.3141721122438848,0.38355955509318607,calm,02,06,06,female,strong,610
30,1.0010000000000001,True,1.0,0.5735813543536052,0.5411193809242105,0.5573503676389079,1.2550513861024617,-0.06749999999999995,-0.06796296296296289,0.36080106944722645,0.672503012874477,0.15139090471549085,0.4440856954628359,0.03246197342939472,0.0004629629629629428,0.043132874660452895,0.20461876646630525,0.12025220400156388,0.1123891193420878,0.0,0.9999999987499999,0.6332136318980718,0.26150594723496196,0.3105352184173001,0.3679589905318603,calm,02,06,06,female,strong,610
40,1.3346666666666667,True,1.0,0.5339250659161416,0.5588928069622286,0.5464089364391851,1.224253877083142,-0.06361111111111112,-0.06388888888888883,0.36726767918298103,0.6117758096476461,0.15000457756687163,0.4463199559073785,0.02496774104608701,0.0002777777777777102,0.048647404752506215,0.21973277095306382,0.12251323452503592,0.11181036402444426,0.0,0.7071067807446058,0.6353676379770659,0.2624616851478739,0.313504783971368,0.37653938483565746,calm,02,06,06,female,strong,610
50,1.6683333333333334,True,1.0,0.5579548942564251,0.568872781794539,0.5634138380254821,1.0448104874224986,-0.062083333333333324,-0.06384259259259262,0.3736024456118483,0.5294024378908928,0.15838151165305547,0.5392497920033318,0.010917887538113957,0.0017592592592592937,0.0399260857243212,0.24365634227037078,0.12641583448346833,0.1082617507119144,0.0,0.7071067807446058,0.6328891771943153,0.2645951930393845,0.30653917555047,0.36422463502409214,calm,02,06,06,female,strong,610
60,2.0020000000000002,True,1.0,0.5880341374619106,0.577344265595442,0.5826892015286763,1.1082179426198968,-0.05749999999999994,-0.057870370370370405,0.39826487855705645,0.4444838974288943,0.15850718807978417,0.5257893588612745,0.010689871866468525,0.0003703703703704653,0.038264934638643874,0.26493932832292943,0.11469106539762336,0.11966163005133715,0.0,0.9999999987499999,0.6875933166626026,0.278101558456431,0.28236676203495625,0.3999686815426227,calm,02,06,06,female,strong,610
70,2.3356666666666666,True,1.0,0.574625187017715,0.5470996002150865,0.5608623936164008,0.9855426373571227,-0.05703703703703694,-0.058518518518518525,0.3569548185097582,0.3919360800006469,0.1660181837584221,0.5690899331564545,0.02752558680262851,0.0014814814814815835,0.042432398032155004,0.2737296345316489,0.11543927300431008,0.1174895097821539,0.0,0.9999999987499999,0.686501464656175,0.27515092134966795,0.28048437468065224,0.38118915614913257,calm,02,06,06,female,strong,610
80,2.6693333333333333,True,1.0,0.6381359188125307,0.6140451307031015,0.6260905247578161,1.0018187570118662,-0.05412037037037032,-0.056157407407407434,0.385764553282392,0.38759073958767,0.16673257160503405,0.6249538854964763,0.024090788109429218,0.002037037037037115,0.046773407674560785,0.2784015068825803,0.12329906454596522,0.11025413837642743,0.0,0.9999999987499999,0.6332600178665216,0.26409322379477135,0.29727196781686666,0.3572805834368393,calm,02,06,06,female,strong,610
90,3.003,True,1.0,0.6988093228352461,0.6428682523110185,0.6708387875731323,1.084492082462142,-0.05694444444444441,-0.057453703703703785,0.33223464246997875,0.5169230769230762,0.16741626159698852,0.6185741679645229,0.05594107052422759,0.0005092592592593759,0.05109288780887168,0.2402387729153306,0.12154876914052024,0.11201083483103101,0.0,0.9999999987499999,0.6310346004964486,0.2657113513871979,0.2893172690947079,0.34087522990454466,calm,02,06,06,female,strong,610
100,3.336666666666667,True,1.0,0.6237969323658995,0.6239241552817578,0.6238605438238287,0.8865380805535167,-0.05689814814814814,-0.05856481481481485,0.3795758243975544,0.3569465677371584,0.16332949702341423,0.7037041696328675,0.00012722291585831602,0.0016666666666667052,0.05888617946804511,0.3028316784480133,0.1163637145197782,0.1172259032564709,0.0,0.9999999987499999,0.6868407964592086,0.27585601833025925,0.28087383350936596,0.3819609840526126,calm,02,06,06,female,strong,610
110,3.6703333333333332,True,1.0,0.6035087200266954,0.5678514510410704,0.5856800855338828,0.7282825993425552,-0.0568055555555555,-0.05777777777777782,0.3555379345084334,0.2955402938806471,0.16332949702341423,0.8041934354364578,0.035657268985625046,0.0009722222222223187,0.04982659488332209,0.36526186062009863,0.11924213989683204,0.1146296053360744,0.0,0.9999999987499999,0.685566128818715,0.27580813688044475,0.2804991924828709,0.3801415591806667,calm,02,06,06,female,strong,610
120,4.0040000000000004,True,1.0,0.6085851676011309,0.5975090749258664,0.6030471212634987,0.7201556265696977,-0.05601851851851847,-0.057962962962962994,0.3613575704340671,0.2922423324521871,0.15975278994936187,0.8373844472145285,0.011076092675264548,0.0019444444444445264,0.03466959291324464,0.3536347238777058,0.11834020519905143,0.11621809656810338,0.0,0.9999999987499999,0.6809313151432448,0.27727789624668,0.27345698921158473,0.377328804238515,calm,02,06,06,female,strong,610
0,0.0,True,1.0,0.49515621160986845,0.4789793071583274,0.48706775938409796,1.2439322631121321,-0.07703703703703701,-0.0734259259259259,0.3483451824119988,0.7735014140165998,0.1281212360181838,0.3915548891428601,0.01617690445154102,0.0036111111111111205,0.025651462416836628,0.21400128199267818,0.12816344489272172,0.10582765883183076,0.0,0.7071067807446058,0.6301697759338111,0.2590681242612645,0.3143243512230191,0.38973195674362393,calm,02,06,06,female,strong,611
10,0.33366666666666667,True,1.0,0.5058036512174526,0.4670439162218097,0.48642378371963113,1.1553728838341306,-0.0762962962962963,-0.07120370370370366,0.3759074597345663,0.7184334596534039,0.13286876985179408,0.42101021282879947,0.03875973499564295,0.0050925925925926485,0.028011509482509172,0.23445390535002367,0.12584286764266206,0.1084012485910838,0.0,0.9999999987499999,0.627276169491234,0.26026788899799447,0.31533636010231225,0.3906448084359399,calm,02,06,06,female,strong,611
20,0.6673333333333333,True,1.0,0.4820306192484429,0.45989558080310156,0.47096310002577224,1.1533846559349321,-0.07726851851851851,-0.07217592592592581,0.3682395220547488,0.6991703192471039,0.13430300724522848,0.4083313382073825,0.02213503844534137,0.005092592592592704,0.019781004795566003,0.2333510932821139,0.1281895339160271,0.10579605557408955,0.0,0.7071067807446058,0.6273526003526411,0.2582032888194508,0.3218514499401876,0.38120500339046187,calm,02,06,06,female,strong,611
30,1.0010000000000001,True,1.0,0.4670928180407768,0.4255277894558548,0.4463103037483158,1.2779218481459413,-0.07814814814814813,-0.07263888888888886,0.36156919182801117,0.7354851140201506,0.1413100664139404,0.3492469468268659,0.041565028584922004,0.005509259259259269,0.019373181913477037,0.1975773424568472,0.11750945099877427,0.116077368065298,0.0,0.9999999987499999,0.6839476148193653,0.2808447878654088,0.27852691837091975,0.39283162933527244,calm,02,06,06,female,strong,611
40,1.3346666666666667,True,1.0,0.4515402394144163,0.4464898282472829,0.4490150338308496,1.3840354912244548,-0.0798611111111111,-0.07523148148148151,0.35506506938069576,0.8183808994991351,0.13710025173209867,0.3244245083871415,0.005050411167133395,0.004629629629629595,0.020961661247165638,0.19470741457001553,0.11605715088769601,0.11556780177924161,0.0,0.9999999987499999,0.6852128059036116,0.27941051673879314,0.27827767348651256,0.39052208177868214,calm,02,06,06,female,strong,611
50,1.6683333333333334,True,1.0,0.49933484117186305,0.47261679212669805,0.4859758166492806,1.1405546043586259,-0.07527777777777778,-0.07055555555555554,0.3595251826949974,0.6736765350806151,0.1433624169728895,0.4260872866517092,0.026718049045165004,0.004722222222222239,0.024257896022027492,0.21531157959416844,0.11965397391084093,0.11369806080633912,0.0,0.9999999987499999,0.6873182473301821,0.2801224050151929,0.28416958469921505,0.39140704742589955,calm,02,06,06,female,strong,611
60,2.0020000000000002,True,1.0,0.4521979797871761,0.46066103337341485,0.45642950658029546,1.1557264926158863,-0.06916666666666654,-0.06481481481481488,0.3918505645295015,0.6253287630674228,0.1419765299950821,0.3949286526669532,0.008463053586238778,0.0043518518518516625,0.026196667694761578,0.24733484643277506,0.11746575784473652,0.11546344181195371,0.0,0.9999999987499999,0.6878912988554796,0.2815032441413135,0.2902040561186121,0.4035505818025072,calm,02,06,06,female,strong,611
70,2.3356666666666666,True,1.0,0.42894380074338073,0.4476288517465848,0.43828632624498276,0.9860064851490681,-0.07671296296296304,-0.0740277777777778,0.363321384568397,0.5884739646372591,0.14818926841009242,0.44450653504446375,0.018685051003204056,0.002685185185185235,0.0353104421827062,0.25573370962871056,0.11850588735607322,0.11472825814977583,0.0,0.9999999987499999,0.6896041862604416,0.27817879333631695,0.28045241903923623,0.379302743402282,calm,02,06,06,female,strong,611
80,2.6693333333333333,True,1.0,0.4928890949538748,0.5019660596524503,0.49742757730316256,1.3234946875721503,-0.07208333333333333,-0.0685648148148148,0.3936693204403296,0.661702841740238,0.14621421847199653,0.3758440301831928,0.009076964698575551,0.003518518518518532,0.025477512711183734,0.1974210107854841,0.1183617673644549,0.11520815282748864,0.0,0.9999999987499999,0.6861318571960034,0.2819622002399972,0.29157124602679324,0.4050328879976214,calm,02,06,06,female,strong,611
90,3.003,True,1.0,0.5151304950641415,0.5065871400592267,0.5108588175616842,1.1024798528458548,-0.06777777777777766,-0.06347222222222226,0.38034771878398244,0.5793730667717497,0.14973468314244606,0.4633724745563317,0.008543355004914877,0.004305555555555396,0.031148591131421457,0.26238752538629506,0.11846233675477724,0.1152701399737253,0.0,0.9999999987499999,0.6866381216002025,0.28130873021014347,0.28872607597939787,0.3996120629314768,calm,02,06,06,female,strong,611
100,3.336666666666667,True,1.0,0.5250267558391124,0.556014526044141,0.5405206409416268,1.3420905286542448,-0.06976851851851845,-0.06671296296296297,0.3108720092428284,0.7850556151347982,0.14826493075518657,0.4027452913207154,0.03098777020502863,0.003055555555555478,0.01731835379537187,0.19930547645431887,0.11556997921780503,0.11687291697131558,0.0,0.9999999987499999,0.686298475976328,0.27950499096984055,0.28050539327127666,0.3796970403639233,calm,02,06,06,female,strong,611
110,3.6703333333333332,True,1.0,0.5294764934775353,0.5127587617445737,0.5211176276110545,1.2150349121106916,-0.06953703703703706,-0.06564814814814818,0.35692396758259043,0.6907779521927677,0.14618656068590438,0.4288910733484997,0.01671773173296165,0.003888888888888886,0.03140264824190337,0.22629514464807074,0.11887287309961922,0.1140142565747348,0.0,0.9999999987499999,0.687692920965261,0.2798085740974305,0.2846961469332685,0.39338443232629156,calm,02,06,06,female,strong,611
120,4.0040000000000004,True,1.0,0.5203820652386497,0.5153419991060817,0.5178620321723657,0.8521068161371694,-0.06870370370370371,-0.0635648148148148,0.381495372384535,0.4825213754940681,0.14552159166311662,0.6077430931957267,0.005040066132568022,0.005138888888888915,0.03107750530876019,0.2888402419256416,0.11915058453598276,0.11439215294802195,0.0,0.9999999987499999,0.6890730732292917,0.2788505199429787,0.2772791938390537,0.3794339863068482,calm,02,06,06,female,strong,611
130,4.337666666666666,True,1.0,0.4969826372700725,0.5000512861128463,0.4985169616914594,0.8679511196132438,-0.0673611111111111,-0.06333333333333335,0.37560918814597244,0.47633775673462175,0.14687933508344983,0.5743606413153738,0.0030686488427738023,0.004027777777777741,0.04138220894509128,0.2930859361222645,0.1172941615066969,0.11547288162013304,0.0,0.9999999987499999,0.689686403155012,0.279225782928034,0.27784649666838257,0.38211692931404345,calm,02,06,06,female,strong,611
140,4.671333333333333,True,1.0,0.519001539417808,0.5326869542573958,0.5258442468376019,0.8288725801040742,-0.06398148148148153,-0.05958333333333338,0.3879927394212106,0.4141451965123591,0.1524761266035696,0.6344090267427791,0.01368541483958774,0.004398148148148151,0.03450186471922394,0.3039245046726082,0.12537849631236783,0.10858767333335732,0.0,0.7071067807446058,0.6268265744266457,0.2610634674393412,0.3079219058769883,0.36545682117470296,calm,02,06,06,female,strong,611
0,0.0,True,1.0,0.5193070186380947,0.5047927291722144,0.5120498739051546,0.8706025643020653,-0.05101851851851852,-0.04888888888888887,0.4898497966957475,0.16392714343618286,0.16403964879807892,0.5881557152495281,0.014514289465880292,0.002129629629629648,0.006693716623843178,0.32972311400178517,0.11950909351760151,0.11368287084332766,0.0,0.9999999987499999,0.6191523328550171,0.27180462201450395,0.3229902531385414,0.38554365298156074,happy,03,06,06,female,normal,612
10,0.33366666666666667,True,1.0,0.4813292781723609,0.4751856881614407,0.47825748316690075,0.9383495920329155,-0.05356481481481479,-0.05240740740740746,0.49238682368399933,0.22339653526559008,0.15916636581052196,0.5096794278247253,0.006143590010920186,0.0011574074074073293,4.723417769565019e-05,0.30823802928296506,0.1200166150499867,0.11415276761371769,0.0,0.9999999987499999,0.6224310980485945,0.26992633683426115,0.3119416428384836,0.3650923544666423,happy,03,06,06,female,normal,612
20,0.6673333333333333,True,1.0,0.5009082488102781,0.46692872108234007,0.48391848494630907,1.0370568487666434,-0.061481481481481415,-0.058611111111111114,0.487229392152338,0.37606837606837545,0.14527339593986652,0.46662676739643183,0.033979527727938,0.002870370370370301,0.0009403340104859455,0.2781540267581294,0.12305590344862845,0.11189598095611962,0.0,0.9999999987499999,0.6319823066023286,0.27292172356635147,0.33171013349045575,0.38725662552900875,happy,03,06,06,female,normal,612
30,1.0010000000000001,True,1.0,0.5361152949895612,0.5223074161718246,0.529211355580693,0.9800143088970958,-0.04999999999999993,-0.04685185185185181,0.4936951285353638,0.17662670783687676,0.16250422545588042,0.5400037027788557,0.013807878817736596,0.003148148148148122,0.002172195035027849,0.2943250996954371,0.11652889106451841,0.11706171021391602,0.0,0.9999999987499999,0.6274198058363971,0.27305110565792107,0.31759607835079745,0.3767787549336706,happy,03,06,06,female,normal,612
40,1.3346666666666667,True,1.0,0.4839979373750402,0.44480303702712287,0.4644004872010815,1.0470040183063916,-0.059537037037036944,-0.05768518518518512,0.40451716407405464,0.48215969712063195,0.1576626020867475,0.44355177160856035,0.03919490034791734,0.0018518518518518268,0.0007870382897367061,0.27415709857037873,0.12105690610504108,0.11405565050149334,0.0,0.9999999987499999,0.6326853970494448,0.2721832282769345,0.3032829159984887,0.3686795052902995,happy,03,06,06,female,normal,612
50,1.6683333333333334,True,1.0,0.575141866373175,0.5634961963821644,0.5693190313776697,1.0678509079744725,-0.05462962962962964,-0.05171296296296296,0.43179552043355623,0.38596134435574436,0.16114141537313367,0.5331446807097527,0.011645669991010577,0.0029166666666666785,0.006684165858541048,0.2643011594151163,0.12390456498765103,0.1114694422050025,0.0,0.7071067807446058,0.6259823169736645,0.2687815995199638,0.31948922193004414,0.37915095817708183,happy,03,06,06,female,normal,612
60,2.0020000000000002,True,1.0,0.5555845416593449,0.5246265978594038,0.5401055697593744,0.9293151640045503,-0.051990740740740726,-0.051435185185185195,0.4584690292218524,0.3179149012518864,0.15907574577540345,0.5811866530101405,0.0309579437999411,0.0005555555555555314,0.013893055918388113,0.3185197365866489,0.11781634602790826,0.1160945431734654,0.0,0.9999999987499999,0.628839742248462,0.2718281357693363,0.3091876799294515,0.37481594474868274,happy,03,06,06,female,normal,612
70,2.3356666666666666,True,1.0,0.6037136382136771,0.5766456439437331,0.590179641078705,0.9197719295871372,-0.04712962962962958,-0.04546296296296287,0.42434118002792626,0.32462538691310716,0.16528931763555116,0.6416586787374801,0.027067994269943996,0.0016666666666667052,0.017419471404444505,0.3229452969876682,0.11974830112197074,0.1135987098620598,0.0,0.9999999987499999,0.6331740651885754,0.2731177103878294,0.2865390114587243,0.34826289796266163,happy,03,06,06,female,normal,612
80,2.6693333333333333,True,1.0,0.4980818132462155,0.5006496942289065,0.499365753737561,0.8827180037646756,-0.050509259259259254,-0.048611111111111105,0.5012323265679158,0.17541191100451922,0.1632510025460686,0.565713797167195,0.0025678809826910065,0.0018981481481481488,0.02004384865630703,0.33197841617101953,0.11879564156907581,0.11442820500497762,0.0,0.9999999987499999,0.6262834625490822,0.2731108651325438,0.3185565189266288,0.3759652204303559,happy,03,06,06,female,normal,612
90,3.003,True,1.0,0.5430392539960474,0.54272928849746,0.5428842712467536,0.8721174004192874,-0.051157407407407485,-0.04902777777777784,0.5015772870662462,0.167714884696017,0.1611494639848281,0.6224898975593784,0.0003099654985873057,0.002129629629629648,0.0044410240148094445,0.34615384615384576,0.12021394186952791,0.11444545541339826,0.0,0.9999999987499999,0.6279651707792492,0.27333328261933626,0.31549269432683075,0.37357916368300603,happy,03,06,06,female,normal,612
100,3.336666666666667,True,1.0,0.46508877707322865,0.4976219524427684,0.48135536475799856,0.8718994273683865,-0.05148148148148152,-0.048842592592592604,0.5030038626787124,0.15649476901483886,0.16111300529448044,0.5520767070702765,0.03253317536953976,0.002638888888888913,0.008063917676229684,0.32477237673181775,0.12063253989905474,0.11333370466056092,0.0,0.7071067807446058,0.6366927707254778,0.27361700850504456,0.3159990812211936,0.37586000041671475,happy,03,06,06,female,normal,612
0,0.0,True,1.0,0.4692812844935726,0.5121487765486061,0.49071503052108933,0.8785736702230382,-0.0564351851851852,-0.05328703703703702,0.49572535886209573,0.19755702701982333,0.16048513825490024,0.5585360080236805,0.04286749205503354,0.0031481481481481777,0.020306442813209317,0.3312084101091729,0.12001609933112418,0.11498477238661596,0.0,0.9999999987499999,0.6249755718068478,0.2696660491313575,0.32323626954543205,0.3765546198252583,happy,03,06,06,female,normal,613
10,0.33366666666666667,True,1.0,0.49588852572313863,0.4827043618599516,0.48929644379154513,0.8769429993071379,-0.05814814814814817,-0.05425925925925934,0.49678699845102114,0.22462781907702298,0.15973941728849342,0.5579569529355184,0.013184163863187048,0.0038888888888888307,0.01813020297948018,0.3312820286640727,0.12114175668197885,0.11329485833525588,0.0,0.9999999987499999,0.6288626279183548,0.27313733985746225,0.31471684070131384,0.37924561239022125,happy,03,06,06,female,normal,613
20,0.6673333333333333,True,1.0,0.42926517219880217,0.41224033245429864,0.4207527523265504,0.9586711204282465,-0.06347222222222221,-0.060555555555555585,0.4938070194302281,0.3866102960731357,0.14583804168366615,0.4388916525811235,0.017024839744503528,0.002916666666666623,0.015382525395140572,0.30054275350954496,0.12192731969782294,0.11295614499139359,0.0,0.7150349046677398,0.6243574027032688,0.2671078171238011,0.33190284874797915,0.37916378802794903,happy,03,06,06,female,normal,613
30,1.0010000000000001,True,1.0,0.48341094490781994,0.46735811550990536,0.4753845302088626,0.9985872090832826,-0.0667592592592593,-0.05972222222222229,0.5142429776366323,0.2688452663804084,0.17382367629381518,0.4760570993546697,0.01605282939791458,0.007037037037037008,0.013779466141561012,0.29051642794737975,0.1130058284067781,0.12172485685801418,0.0,0.9999999987499999,0.6310208265337385,0.2788018569164925,0.2877481776798734,0.3592156816317025,happy,03,06,06,female,normal,613
40,1.3346666666666667,True,1.0,0.49139826654845126,0.4813292781723622,0.48636377236040673,0.9544681840664755,-0.05328703703703702,-0.05217592592592585,0.42161187459323807,0.3645538203031676,0.16737752141912057,0.5095652013127062,0.01006898837608905,0.0011111111111111738,0.006557731769783393,0.3203124999999996,0.11664728066205049,0.1154681897205712,0.0,0.9999999987499999,0.6374420681710184,0.2741264762572381,0.2941522396200376,0.3557509475044529,happy,03,06,06,female,normal,613
50,1.6683333333333334,True,1.0,0.5084781600333669,0.49595088002791454,0.5022145200306407,1.1137309826076964,-0.05305555555555552,-0.050925925925925986,0.43240592423421514,0.3949521967799174,0.16250046950052366,0.4509298276454091,0.012527280005452335,0.002129629629629537,0.016979181773881934,0.2550653864710259,0.11121909873647504,0.11959546548978624,0.0,0.9999999987499999,0.688932685105292,0.2846739734261419,0.28141470876216845,0.40970490055255093,happy,03,06,06,female,normal,613
60,2.0020000000000002,True,1.0,0.5143812167856228,0.5131396526366026,0.5137604347111127,1.1419271149519397,-0.054583333333333206,-0.05083333333333334,0.4384531516294966,0.37849637187166435,0.160464219480565,0.44990650277424693,0.0012415641490202134,0.0037499999999998646,0.006471594718998403,0.25305349938217586,0.11367442514886769,0.11855682155589538,0.0,0.9999999987499999,0.6316601255267733,0.2777023218432145,0.2935440383903153,0.3665155720769967,happy,03,06,06,female,normal,613
70,2.3356666666666666,True,1.0,0.5305363069029905,0.5411193809242092,0.5358278439135998,0.970010201497275,-0.05152777777777778,-0.04944444444444446,0.41933102926416027,0.34350335069457444,0.16527962420916556,0.5523940295540336,0.010583074021218719,0.002083333333333326,0.021287066761507524,0.2971634360940627,0.12082529248528245,0.11279086441265909,0.0,0.9999999987499999,0.6357094327574779,0.27219013178644963,0.301933268663329,0.3728831400569519,happy,03,06,06,female,normal,613
80,2.6693333333333333,True,1.0,0.5139202433285633,0.5010720439262827,0.507496143627423,0.8993737994657766,-0.0534722222222222,-0.0533333333333334,0.4905850509060637,0.21629960810092771,0.16045518553036883,0.564277215912753,0.012848199402280658,0.00013888888888879958,0.01676295342362554,0.32776784925572844,0.11788515846877713,0.11684281534028923,0.0,0.9999999987499999,0.6284049022343312,0.27437300277633736,0.3139642593034571,0.3777448386428352,happy,03,06,06,female,normal,613
90,3.003,True,1.0,0.45987729950560813,0.457154169560214,0.45851573453291106,0.8774612656118684,-0.0534722222222222,-0.051666666666666694,0.501447682095891,0.1919399073029323,0.15903977113352458,0.5225481197887184,0.0027231299453941427,0.0018055555555555047,0.010602177778926428,0.3306968976466309,0.1194934795158251,0.1151974931921814,0.0,0.9999999987499999,0.6253942234159289,0.276668156638624,0.31337812958503214,0.3803956953742037,happy,03,06,06,female,normal,613
100,3.336666666666667,True,1.0,0.47389362285611325,0.4586423877416467,0.46626800529887996,0.8559377981510814,-0.05407407407407411,-0.052361111111111136,0.5015705896250322,0.17008578077127912,0.16189794635882349,0.5447451979642324,0.015251235114466577,0.0017129629629629717,0.007827256291735604,0.33172214352441853,0.12244009211500358,0.11307608771502817,0.0,0.9999999987499999,0.6264401103253802,0.2764318447024192,0.3114132506132805,0.37489131158540806,happy,03,06,06,female,normal,613
0,0.0,True,1.0,0.5162731553739824,0.527340178084627,0.5218066667293046,0.8089321182061525,-0.05745370370370373,-0.05370370370370375,0.47940795556312116,0.20507494625653208,0.15904504792353882,0.6450561857853253,0.011067022710644525,0.0037499999999999756,0.011243611858505916,0.35678099173946615,0.12157283554838857,0.11367328415934595,0.0,0.9999999987499999,0.6260475632831258,0.26891114576880637,0.31194268250289414,0.3690352461503503,happy,03,06,06,female,normal,614
10,0.33366666666666667,True,1.0,0.49640919656528054,0.47540885535194566,0.48590902595861307,0.8647414894280632,-0.05851851851851858,-0.05486111111111108,0.4625597219767535,0.2664982666472411,0.15701443022291076,0.5619124696792235,0.021000341213334883,0.003657407407407498,0.009035279256660337,0.33242691720465267,0.120480466387948,0.11466439354031017,0.0,0.9999999987499999,0.6313186881940277,0.2690822323629192,0.31422725294185166,0.37302227418532447,happy,03,06,06,female,normal,614
20,0.6673333333333333,True,1.0,0.5393629728049059,0.5311520443108192,0.5352575085578626,1.0663671312477911,-0.056851851851851876,-0.05342592592592593,0.4748093658261751,0.29621309201327517,0.1576563111777831,0.501944867647543,0.008210928494086667,0.0034259259259259434,0.004009470239781523,0.2875000000000001,0.12038584087843518,0.11409776270044511,0.0,0.7916114715496709,0.634155721718375,0.27621379123294165,0.3298303659926281,0.40064054938729404,happy,03,06,06,female,normal,614
30,1.0010000000000001,True,1.0,0.5135725389031911,0.5051187263342823,0.5093456326187367,1.0576480074744534,-0.05314814814814817,-0.049259259259259225,0.42156392156623906,0.37288872058394185,0.16111111111111115,0.4815833141264056,0.008453812568908758,0.0038888888888889417,0.0019499824915336225,0.29595089789717,0.1170445290043545,0.11605469761595745,0.0,0.9256030459525012,0.6390296527908039,0.27429260454569837,0.2986761792924948,0.3682260222527857,happy,03,06,06,female,normal,614
40,1.3346666666666667,True,1.0,0.5131396526366012,0.49882597082790625,0.5059828117322538,0.9845928482997823,-0.057129629629629586,-0.05398148148148152,0.4122034862387513,0.4298926520745531,0.1576393728673585,0.5139005555504457,0.014313681808694967,0.0031481481481480666,0.00048546330463377973,0.2934719742880416,0.11599765468879118,0.11595659137063385,0.0,0.9999999987499999,0.6393711696240997,0.2720682007394483,0.2914371112677072,0.3647596723427183,happy,03,06,06,female,normal,614
50,1.6683333333333334,True,1.0,0.5391870518505577,0.5131396526366012,0.5261633522435795,1.1071587607333018,-0.051851851851851705,-0.04953703703703699,0.4393680834630633,0.35400303693486473,0.1604171422645817,0.4752374915907155,0.02604739921395649,0.002314814814814714,0.01073275475416375,0.2681456627003095,0.12057282123963571,0.114234201578829,0.0,0.9999999987499999,0.6392649006790216,0.27257415499880727,0.3094087816189411,0.38546630080706523,happy,03,06,06,female,normal,614
60,2.0020000000000002,True,1.0,0.5079956175602961,0.5076981253926688,0.5078468714764824,0.93957769413073,-0.05569444444444449,-0.0533333333333334,0.462519042799554,0.34165549979747206,0.15695222218313862,0.5405054575570013,0.00029749216762731123,0.0023611111111110916,0.004970269435393951,0.32168224502612547,0.11215532949195366,0.11935812140895774,0.0,0.9999999987499999,0.685410357189751,0.28466835982870153,0.27837423603628164,0.4043476682355777,happy,03,06,06,female,normal,614
70,2.3356666666666666,True,1.0,0.5245842149028732,0.4918986109688237,0.5082414129358485,1.023969172327074,-0.05523148148148149,-0.05300925925925931,0.4270269264675389,0.4069621069505046,0.15835067921706858,0.4963444473438767,0.03268560393404951,0.002222222222222181,0.006761671656334656,0.29567307692307715,0.11815750490492237,0.11656739732438517,0.0,0.9999999987499999,0.6344889472742222,0.27600712863721505,0.30909016191742833,0.3773462037377134,happy,03,06,06,female,normal,614
80,2.6693333333333333,True,1.0,0.5208442505355121,0.48761773427533434,0.5042309924054232,0.8601584786091793,-0.04893518518518508,-0.04657407407407399,0.4935364945469481,0.14335974643486277,0.16468760088877896,0.5862070827003092,0.03322651626017775,0.0023611111111110916,0.016530512013758568,0.3377632718010907,0.12022826565874549,0.11325895367843071,0.0,0.9999999987499999,0.6307019908432123,0.2755857678120974,0.31053548350094035,0.37620974562537324,happy,03,06,06,female,normal,614
90,3.003,True,1.0,0.4502185773961647,0.41965848706167685,0.43493853222892076,0.8339962256931223,-0.04601851851851846,-0.04666666666666669,0.4966394740318071,0.07995088200757658,0.16710599851791194,0.521511391574284,0.030560090334487866,0.000648148148148231,0.0063533870510698864,0.3400554091577597,0.11676486204041031,0.11763891015074492,0.0,0.9999999987499999,0.6222553846382303,0.2770552857231003,0.2789157534163369,0.34476914334885916,happy,03,06,06,female,normal,614
100,3.336666666666667,True,1.0,0.5383149845269376,0.5161857211166901,0.5272503528218139,0.8209107930219708,-0.04643518518518519,-0.04495370370370377,0.49694422483644246,0.07309479663894236,0.16818670474647227,0.6422748455783825,0.022129263410247457,0.001481481481481417,0.016706444113967298,0.3470170600696143,0.11703074776478774,0.11573984098343823,0.0,0.9999999987499999,0.6244158108165141,0.2739773539266311,0.29858999421791976,0.3662821020386322,happy,03,06,06,female,normal,614
0,0.0,True,1.0,0.4489708722700351,0.4592311866903419,0.4541010294801885,0.8265548947206576,-0.05254629629629626,-0.04879629629629634,0.4955743335855714,0.13221532038692835,0.1667440107808775,0.5493900433965205,0.010260314420306782,0.00374999999999992,0.008566999923504718,0.35341778166372756,0.12190219628852872,0.1124762405020794,0.0,0.7071067807446058,0.6132326736241371,0.26626272479937896,0.3207203302800397,0.3637906182506483,happy,03,06,06,female,normal,615
10,0.33366666666666667,True,1.0,0.4521862506502847,0.4366783364957108,0.44443229357299774,0.9165151805643782,-0.055925925925925934,-0.05472222222222212,0.49078878229277373,0.20979986197377504,0.16323230782131176,0.4849153652854087,0.01550791415457392,0.0012037037037038179,0.011202653812756149,0.31851678185924315,0.11696145619549562,0.11646604770560065,0.0,0.9999999987499999,0.621353795377526,0.2703711570682511,0.3281785002692733,0.38989094979002914,happy,03,06,06,female,normal,615
20,0.6673333333333333,True,1.0,0.4620124784947393,0.47164459131440767,0.4668285349045735,0.9099535178280151,-0.04648148148148151,-0.044722222222222274,0.4899375898899427,0.10672294344896432,0.17086950399915837,0.5130245949472838,0.00963211281966836,0.0017592592592592382,0.006203583292574133,0.3266222934528491,0.11791484019428249,0.11450672155161376,0.0,0.9999999987499999,0.6100475553033714,0.2756414576472817,0.31355175025076615,0.3776661271151305,happy,03,06,06,female,normal,615
30,1.0010000000000001,True,1.0,0.4821360075042063,0.4751856881614407,0.4786608478328235,0.9563467061311585,-0.057499999999999996,-0.05499999999999999,0.44750391916636867,0.34329501915708804,0.15835694254147833,0.5005097468983988,0.006950319342765632,0.0025000000000000022,0.0015865233861546302,0.3028767397396861,0.11954325560597209,0.11431554743790572,0.0,0.9999999987499999,0.6298382842277536,0.2679385013800824,0.3184875532363221,0.3788633229123144,happy,03,06,06,female,normal,615
40,1.3346666666666667,True,1.0,0.521114213949212,0.5056611354603181,0.513387674704765,0.9654899812643771,-0.05671296296296302,-0.054629629629629584,0.43006262467572526,0.3926215500550317,0.15975278994936187,0.5317379617263844,0.015453078488893879,0.002083333333333437,0.0030173256063688076,0.2999915628559405,0.11973967923544462,0.11377537373222547,0.0,0.9999999987499999,0.6252770289443903,0.2679897285393658,0.3224139107993868,0.38522378529456236,happy,03,06,06,female,normal,615
50,1.6683333333333334,True,1.0,0.34108880368056804,0.305919586792448,0.32350419523650803,1.1804847566910799,-0.06925925925925924,-0.06870370370370371,0.4202869264957,0.55780082211592,0.1520958742867255,0.27404351763363394,0.035169216888120025,0.0005555555555555314,0.00936362220444069,0.2474920988925962,0.12437007434395998,0.1099146882493108,0.0,0.6561159351094898,0.6336668134363121,0.26725321522163215,0.3306969435449226,0.3952368704903412,happy,03,06,06,female,normal,615
60,2.0020000000000002,True,1.0,0.45241786614197743,0.421242320163409,0.4368300931526932,0.9648368274688991,-0.061990740740740735,-0.06125000000000003,0.4648772810103446,0.3823958432032864,0.15278576762567264,0.4527502275163457,0.03117554597856842,0.0007407407407407085,0.0020292946939780535,0.3155413564780762,0.12267822113922293,0.11247943782406013,0.0,0.9999999987499999,0.6291969084430646,0.2663007558039858,0.331229494053751,0.38563529227364746,happy,03,06,06,female,normal,615
70,2.3356666666666666,True,1.0,0.5216062017770629,0.49139826654845176,0.5065022341627573,1.0426417663979886,-0.06129629629629635,-0.06199074074074068,0.4225435267719706,0.4756935472822682,0.15278227211863188,0.48578740127835957,0.030207935228611094,0.000694444444444331,0.021929261106755204,0.26979957642662544,0.119097563413835,0.11477980979033325,0.0,0.9999999987499999,0.6307542969375249,0.2686274388606196,0.32128349614666246,0.3867148968240781,happy,03,06,06,female,normal,615
80,2.6693333333333333,True,1.0,0.505804686339065,0.4831872848195162,0.4944959855792906,0.857590380353095,-0.052638888888888846,-0.05398148148148141,0.4875978994782202,0.1972770437742755,0.15903977113352474,0.5766109286063729,0.02261740151954872,0.001342592592592562,0.044348739191253664,0.33686012185072156,0.12075649181941611,0.11353772885260469,0.0,0.9999999987499999,0.6259195194171417,0.26821646301329444,0.32505886606957307,0.38720839561362624,happy,03,06,06,female,normal,615
90,3.003,True,1.0,0.5302144249512687,0.5266430757983908,0.5284287503748297,0.8371427085782217,-0.049629629629629635,-0.05101851851851846,0.49408800424685617,0.13003640730165805,0.16532393237587528,0.6312289947221752,0.003571349152877934,0.0013888888888888284,0.04154254839089696,0.3518418936240299,0.12147190807385284,0.1122640187053151,0.0,0.9999999987499999,0.6207559363901811,0.2740966846933083,0.32116563659465003,0.38500350376910664,happy,03,06,06,female,normal,615
100,3.336666666666667,True,1.0,0.5454656730893617,0.4925745897635059,0.5190201314264338,0.804317043237565,-0.04300925925925925,-0.043703703703703745,0.48899490333080176,0.05661362489027652,0.1694606530057904,0.6452929672324931,0.05289108332585579,0.0006944444444444975,0.05410079342036339,0.34955236175873283,0.11667201143467747,0.11691906687267982,0.0,0.9999999987499999,0.6198610783063226,0.2727167013947879,0.3061624526580101,0.3764757691269613,happy,03,06,06,female,normal,615
0,0.0,True,1.0,0.45605710109823683,0.4514760145649795,0.45376655783160813,0.9466879352232712,-0.053657407407407376,-0.05212962962962969,0.4952774003846746,0.17818447605224516,0.16879520517201466,0.47932010216713045,0.004581086533257339,0.0015277777777776835,0.0031814979569328764,0.30642413291184967,0.12417236220094727,0.1111710494503808,0.0,0.6833602654324392,0.6245327716555372,0.2722825168742201,0.33005573508712377,0.38753764570764987,happy,03,06,06,female,strong,616
10,0.33366666666666667,True,1.0,0.48266503323538584,0.49474986298545065,0.4887074481104182,0.943758573388203,-0.0559722222222222,-0.05282407407407408,0.5030749215554602,0.20850480109739378,0.15972269988794824,0.5178310024309518,0.012084829750064807,0.003148148148148122,0.0037952585485734416,0.31395348837209325,0.11952802338292098,0.11549204996876837,0.0,0.7340109898162065,0.625124453125,0.2741667280388882,0.3248661847720072,0.38769195784691934,happy,03,06,06,female,strong,616
20,0.6673333333333333,True,1.0,0.47389362285611253,0.49057294470491003,0.4822332837805113,1.0476979019705521,-0.056574074074074,-0.05342592592592599,0.5015528767805572,0.2701200245298903,0.16052364068832692,0.4602789438382072,0.0166793218487975,0.003148148148148011,0.004288346274919927,0.2790064124349654,0.11806081662111981,0.1168285136875587,0.0,0.9999999987499999,0.6272037540641257,0.27135943777604987,0.331492005665937,0.39778462182815133,happy,03,06,06,female,strong,616
30,1.0010000000000001,True,1.0,0.41833367700669344,0.4180583748037517,0.41819602590522253,1.0707842624574033,-0.0635648148148148,-0.06046296296296305,0.5177277336570216,0.2041668223198675,0.17999849379004806,0.39055115074765934,0.0002753022029417518,0.0031018518518517446,0.02892479042857776,0.27846645841955586,0.10950645818348326,0.1241171781367804,0.0,0.9999999987499999,0.669878880716349,0.2856098801710289,0.26489885800870544,0.3670083349365906,happy,03,06,06,female,strong,616
40,1.3346666666666667,True,1.0,0.5678514510410697,0.5649738980539664,0.566412674547518,0.9581849174436895,-0.05907407407407406,-0.054259259259259174,0.44049011240748465,0.27105804595919547,0.1875146478653401,0.5911308602713472,0.002877552987103349,0.004814814814814883,0.0024785987165933973,0.3267104804459146,0.11963238633065013,0.11521870582844095,0.0,0.661405256523105,0.6073529053027461,0.2697165589575837,0.32802987871131384,0.37498285847563,happy,03,06,06,female,strong,616
50,1.6683333333333334,True,1.0,0.5445579775456368,0.5537794441670402,0.5491687108563386,1.0616702010059682,-0.05574074074074081,-0.05212962962962969,0.45133293197046503,0.3518250410275772,0.16329959881433115,0.5172686492810882,0.00922146662140333,0.0036111111111111205,0.001710544751060362,0.2684148403842367,0.11563486856330114,0.1182675421161464,0.0,0.9999999987499999,0.6673292597664064,0.2844346811312368,0.2982052130745009,0.416929581587096,happy,03,06,06,female,strong,616
60,2.0020000000000002,True,1.0,0.5470844723487053,0.5577891935970517,0.5524368329728785,0.9133018860762485,-0.05930555555555561,-0.05666666666666659,0.4527135950676225,0.28386409972640164,0.17294490231316761,0.6048786730817693,0.010704721248346427,0.002638888888889024,0.015713558277002784,0.3192567567567571,0.11702929906213802,0.11802332455963756,0.0,0.9627354148973716,0.6708142881605768,0.28402775435475364,0.30066071293615826,0.422968194552595,happy,03,06,06,female,strong,616
70,2.3356666666666666,True,1.0,0.5736179972339783,0.5886779023335692,0.5811479497837737,1.2457539274394203,-0.0597685185185185,-0.05712962962962964,0.44706001733310596,0.3712095036309389,0.17295240163192802,0.4665030043118482,0.015059905099590876,0.0026388888888888573,0.009317324712376802,0.23863636363636329,0.11719387688851751,0.11737395518763637,0.0,0.9999999987499999,0.6158259265893857,0.2799863934970617,0.30854264058103237,0.3785832022133381,happy,03,06,06,female,strong,616
80,2.6693333333333333,True,1.0,0.5204052350002006,0.5441649597849673,0.5322850973925839,0.9114667355126294,-0.048564814814814616,-0.047222222222222165,0.49896481057421327,0.1481096834074953,0.16597957692328513,0.5839874091435875,0.023759724784766623,0.001342592592592451,0.021590781986059376,0.3306968976466304,0.11635059369239086,0.11691346330963856,0.0,0.9999999987499999,0.6243004099139655,0.27300630650862756,0.31590949748372227,0.3794410541891545,happy,03,06,06,female,strong,616
90,3.003,True,1.0,0.4643564197031663,0.4496243849500748,0.4569904023266206,0.8553672082727982,-0.05023148148148143,-0.048101851851851785,0.5032610076927565,0.15551716099602772,0.16049702270746358,0.5342622418848617,0.014732034753091539,0.002129629629629648,0.010377855508605257,0.3360299948918771,0.12157576367874086,0.1133344416561307,0.0,0.9999999987499999,0.6281508433764131,0.27497378025153757,0.31939762879109584,0.38797741379292444,happy,03,06,06,female,strong,616
100,3.336666666666667,True,1.0,0.5208377642495877,0.5234398429795728,0.5221388036145802,0.8644820395643729,-0.049768518518518545,-0.04722222222222233,0.5027515451318549,0.13677126548483845,0.16885169461806004,0.6039903430240087,0.00260207872998508,0.0025462962962962132,0.001919492916998864,0.35687547987192264,0.11642386278476886,0.11813777681446742,0.0,0.9999999987499999,0.6564567182576154,0.2869442431879731,0.29563288201386495,0.4072832760706586,happy,03,06,06,female,strong,616
0,0.0,True,1.0,0.5587596996606048,0.5861583071516216,0.5724590034061132,0.8796708758291824,-0.04888888888888898,-0.04601851851851857,0.4856608552747006,0.13705865487013075,0.16955967165893665,0.6507649839680214,0.027398607491016858,0.002870370370370412,0.0064120326539368186,0.3382088223226501,0.11923244471416766,0.11513718042618007,0.0,0.9999999987499999,0.6258847089226314,0.2724325045495495,0.3067943315911147,0.36912371567218755,happy,03,06,06,female,strong,617
10,0.33366666666666667,True,1.0,0.49066445756092436,0.5055460690101985,0.49810526328556143,0.8750185184577821,-0.054027777777777786,-0.04995370370370378,0.4894277663666839,0.17386380199696924,0.1640080193198935,0.5692511104376061,0.014881611449274135,0.004074074074074008,0.00956808567576352,0.35541540094122875,0.11960035457434799,0.1150865294903636,0.0,0.9999999987499999,0.6694349242587659,0.28403832080506175,0.2980393826264266,0.41350618400022676,happy,03,06,06,female,strong,617
20,0.6673333333333333,True,1.0,0.5320056730432214,0.5215403059467021,0.5267729894949618,0.9910075308388475,-0.0528703703703704,-0.0493055555555556,0.49624157551294534,0.22568982458222558,0.16736293455812778,0.5315529631233679,0.010465367096519351,0.0035648148148147984,0.02484604936103405,0.30076905443403673,0.11544712432615843,0.11893236596226502,0.0,0.9999999987499999,0.6651205865705657,0.2881077843987099,0.29802826584479963,0.41331985194106907,happy,03,06,06,female,strong,617
30,1.0010000000000001,True,1.0,0.5198997181564938,0.5223074161718234,0.5211035671641586,1.0818618176836354,-0.06189814814814809,-0.059537037037037,0.4995056433862992,0.2097487197549906,0.18689742604383394,0.48167294440605063,0.0024076980153295846,0.0023611111111110916,0.004413840435465693,0.2812499999999998,0.108542468095642,0.12202989760366088,0.0,0.9999999987499999,0.6098959007743723,0.2690241475464605,0.30012805863415476,0.35844503096357394,happy,03,06,06,female,strong,617
40,1.3346666666666667,True,1.0,0.5323476929652249,0.5443849887904912,0.5383663408778581,0.9259017956553823,-0.060694444444444495,-0.0591666666666667,0.43706769936212536,0.28149166702191697,0.19174466964605202,0.5814508011584376,0.012037295825266359,0.0015277777777777946,0.0021293604986608304,0.3346936730766357,0.11806505425146947,0.1168242312030897,0.0,0.9999999987499999,0.6678120159704506,0.28650921703021154,0.29963208872883207,0.3939366837257644,happy,03,06,06,female,strong,617
50,1.6683333333333334,True,1.0,0.5567349987990827,0.5622053181754395,0.5594701584872611,1.0778580251827456,-0.047685185185185164,-0.05101851851851852,0.46610445755024926,0.2783426340537848,0.17647364491622902,0.519057376218362,0.00547031937635678,0.003333333333333355,0.0035272419113569343,0.3036751556085336,0.11932743316482566,0.11520422661994033,0.0,0.9999999987499999,0.667250785392282,0.28449952977223447,0.3105711609305445,0.41226819322067004,happy,03,06,06,female,strong,617
60,2.0020000000000002,True,1.0,0.5725262789294191,0.5965193941759047,0.5845228365526619,0.9506462955826896,-0.05569444444444438,-0.05523148148148138,0.45268787929053944,0.29010134961923056,0.1806163926619766,0.6148688942130514,0.02399311524648562,0.0004629629629629983,0.0008464698391539869,0.3143581771785501,0.11272173504866678,0.12104728329500679,0.0,0.9999999987499999,0.6698950572729092,0.28530879804404585,0.2898025602322277,0.4032869985439557,happy,03,06,06,female,strong,617
70,2.3356666666666666,True,1.0,0.5423217643313453,0.5320056730432215,0.5371637186872834,1.0808336260523836,-0.05875000000000008,-0.05592592592592599,0.4485596664585578,0.3540661878447471,0.17580557530590993,0.4969901988053518,0.010316091288123719,0.00282407407407409,0.007262545268118801,0.28448275862069,0.12082931585886514,0.11396286439553974,0.0,0.9999999987499999,0.6678429681872748,0.28173305348687994,0.2955057439580352,0.40075926776234877,happy,03,06,06,female,strong,617
80,2.6693333333333333,True,1.0,0.49930348890879667,0.49179820443083766,0.4955508466698172,0.8886963012955174,-0.04680555555555549,-0.04597222222222219,0.5063016031672651,0.12068424204545956,0.17028411549204517,0.5576155160625926,0.007505284477959007,0.0008333333333332971,0.012306382202723495,0.3404934519199517,0.11940742488039932,0.11578140096977368,0.0,0.7071067807446058,0.6135224388349089,0.2740139852536436,0.3173701851525815,0.37348358670614873,happy,03,06,06,female,strong,617
90,3.003,True,1.0,0.5046954649714875,0.49346012318765486,0.4990777940795712,0.8758336385630224,-0.04537037037037028,-0.04398148148148151,0.5058522440672274,0.11086501753962365,0.1702684334007226,0.5698317261465392,0.011235341783832675,0.001388888888888773,0.01081453995203021,0.3427085157134401,0.11857890357614492,0.11531555824344185,0.0,0.9999999987499999,0.6195885099117773,0.27409117222208246,0.3114578538313178,0.3815330163042203,happy,03,06,06,female,strong,617
100,3.336666666666667,True,1.0,0.5077692891405454,0.47187545077428916,0.4898223699574173,0.8925157587862367,-0.04736111111111119,-0.04625000000000001,0.5010803766901301,0.14686595896719795,0.16398010589030934,0.548810892284461,0.03589383836625626,0.0011111111111111738,0.003625040365028927,0.34269982872470467,0.1195462444664256,0.11497715238629976,0.0,0.9999999987499999,0.6340529508678471,0.274626399341667,0.319666080849249,0.38707105112200935,happy,03,06,06,female,strong,617
0,0.0,True,1.0,0.489495124369577,0.4301559158171849,0.45982552009338096,0.9817885277748625,-0.05189814814814814,-0.05120370370370375,0.5066274184274695,0.18880548611055067,0.16642780282670028,0.46835495331722315,0.05933920855239211,0.0006944444444443865,0.0005293077972318745,0.2985291803781564,0.12397582353535946,0.11053168419677173,0.0,0.7071067807446058,0.6146481702993697,0.2740944392341445,0.30825384196283834,0.3600278790714474,happy,03,06,06,female,strong,618
10,0.33366666666666667,True,1.0,0.461581213164211,0.4742205132147461,0.46790086318947854,0.962320451332247,-0.055324074074074026,-0.052314814814814925,0.5053545693370117,0.20617607859225962,0.16134014584882253,0.48622146868198785,0.012639300050535096,0.0030092592592591005,0.016964356514306347,0.3046210853731028,0.1192098463609651,0.11614896644017067,0.0,0.9999999987499999,0.6184974002178996,0.27086620734862016,0.34844403755016484,0.4068057461577221,happy,03,06,06,female,strong,618
20,0.6673333333333333,True,1.0,0.4275871550975442,0.4296084343719679,0.428597794734756,1.0113716920286082,-0.056574074074074,-0.054629629629629584,0.49867764331580666,0.266436628545171,0.15918105880885114,0.4237787137141193,0.002021279274423693,0.0019444444444444153,0.0014152079517021714,0.2850864751777726,0.11450426018567395,0.11936250979665346,0.0,0.9999999987499999,0.6194227181497599,0.27428717937518343,0.2901856723038336,0.3408191085882437,happy,03,06,06,female,strong,618
30,1.0010000000000001,True,1.0,0.5320335210979132,0.5441490802548455,0.5380913006763794,1.178963171735937,-0.06222222222222218,-0.06185185185185188,0.4548276135752494,0.39500679223232726,0.17873919977603936,0.45641061025178536,0.012115559156932298,0.00037037037037029874,0.0038189000264814144,0.26754374465384184,0.11435187782058481,0.11934897753015888,0.0,0.9999999987499999,0.6676137742909664,0.28382291104393953,0.29424257910480034,0.39875329435902174,happy,03,06,06,female,strong,618
40,1.3346666666666667,True,1.0,0.5012829993601996,0.4903527468044867,0.49581787308234315,0.9952759891646049,-0.05874999999999997,-0.05597222222222231,0.46110965428147843,0.39100128145752316,0.16027345342622226,0.49817123941522284,0.010930252555712894,0.002777777777777657,0.00588636093514338,0.30157434982240305,0.1149284736998479,0.11927400460355735,0.0,0.9999999987499999,0.6801372362851391,0.280635939264883,0.2999484006092606,0.4059179022424481,happy,03,06,06,female,strong,618
50,1.6683333333333334,True,1.0,0.5165218317077086,0.5551673647502581,0.5358445982289833,1.1878384147556724,-0.05291666666666672,-0.04930555555555555,0.47788998407340844,0.34595171887564896,0.16552178956651328,0.4511089989787893,0.038645533042549474,0.003611111111111176,0.003638294245648748,0.2682846490524699,0.11381340084722807,0.1192250996892103,0.0,0.7951147717443073,0.6659352268172894,0.2868088532857052,0.3086301281577639,0.4276084624702894,happy,03,06,06,female,strong,618
60,2.0020000000000002,True,1.0,0.5047927291722148,0.48554068139292844,0.4951667052825717,0.9725235339705127,-0.05138888888888893,-0.04995370370370361,0.4985262434977616,0.24592035130903211,0.16399359797450996,0.5091565273088654,0.019252047779286408,0.001435185185185317,0.009490395795139392,0.31055112027192894,0.1176198160193304,0.11759695916971023,0.0,0.9999999987499999,0.6684327731717687,0.28571662501224737,0.3015249932399402,0.4164072123666706,happy,03,06,06,female,strong,618
70,2.3356666666666666,True,1.0,0.5974108218893491,0.5797286326865327,0.5885697272879409,1.0793650793650786,-0.054398148148148195,-0.053148148148148056,0.4428627988834083,0.34285714285714264,0.17259438068250108,0.5452925414579456,0.01768218920281639,0.0012500000000001399,0.01041460877992506,0.2781900535287929,0.1182817505792864,0.11611362395942827,0.0,0.9999999987499999,0.662832844786352,0.283099927101472,0.2918787196621491,0.39573971800063285,happy,03,06,06,female,strong,618
80,2.6693333333333333,True,1.0,0.5320315404912777,0.5331110594605112,0.5325712999758945,0.9404228309063675,-0.04689814814814813,-0.04597222222222214,0.5005862191851296,0.1735148424606265,0.166442267917085,0.5663104748984126,0.0010795189692335283,0.0009259259259259967,0.00575673327086385,0.30892681417413453,0.11841026096740857,0.11614671856740284,0.0,0.9999999987499999,0.6173814271255378,0.27431104064212636,0.3230156228460504,0.3872834738397802,happy,03,06,06,female,strong,618
90,3.003,True,1.0,0.4903504306068569,0.5115932499644538,0.5009718402856553,0.8867455020224912,-0.045416666666666716,-0.044537037037036986,0.5062041444190409,0.12041061555154238,0.16801808958087866,0.5649556035446897,0.021242819357596865,0.0008796296296297301,0.0009104057671452656,0.32320775770399934,0.12484110831791159,0.11041954285560934,0.0,0.708033136773359,0.6075777451918267,0.27449253539481455,0.3064816001443114,0.3571290384112538,happy,03,06,06,female,strong,618
100,3.336666666666667,True,1.0,0.5244360897936147,0.5258554543479639,0.5251457720707893,0.8733432390681892,-0.046527777777777835,-0.042870370370370336,0.5115995062109918,0.10912475372251265,0.16910408453449605,0.6013051324827245,0.0014193645543492117,0.003657407407407498,0.010108563621113653,0.34104874082143966,0.11866825702944798,0.11588310882034056,0.0,0.9999999987499999,0.6151860189622724,0.27475229930033257,0.3176610385239888,0.389255418758797,happy,03,06,06,female,strong,618
0,0.0,True,1.0,0.5747168029646836,0.5584549626331069,0.5665858827988952,0.970172751978032,-0.05523148148148144,-0.05328703703703708,0.46099830685443133,0.3253551582559791,0.15997470820647106,0.5840051492311182,0.016261840331576738,0.0019444444444443598,0.0092360694605202,0.29521455434086347,0.12447340647143233,0.1092758588341332,0.0,0.7071067807446058,0.6243896134078631,0.2668201168169488,0.32576579785671117,0.39581895836821546,happy,03,06,06,female,strong,619
10,0.33366666666666667,True,1.0,0.5917861818182821,0.5724957120194932,0.5821409469188876,0.9664891342362325,-0.05462962962962964,-0.050879629629629664,0.48304739158916804,0.26149768659837547,0.16145595899725226,0.6023253922858887,0.0192904697987889,0.0037499999999999756,0.005614475584445029,0.30529302139756276,0.12047207104037018,0.11417370180441949,0.0,0.7737414906585216,0.61271160524366,0.26688740966873864,0.33221759442831983,0.38249404519809366,happy,03,06,06,female,strong,619
20,0.6673333333333333,True,1.0,0.550481579321164,0.540181738368563,0.5453316588448636,0.9280495966600488,-0.05245370370370367,-0.0507407407407407,0.49369930752244395,0.2180157229576946,0.1590282575293739,0.587610469103649,0.010299840952601058,0.0017129629629629717,0.004679466925694064,0.3254943450229235,0.11683477713744105,0.11837694360826133,0.0,0.9999999987499999,0.6529979534938976,0.28707576380487626,0.31714483192932635,0.4217124875576195,happy,03,06,06,female,strong,619
30,1.0010000000000001,True,1.0,0.5621460122385461,0.5496744626914651,0.5559102374650056,1.0857342091117816,-0.06680555555555562,-0.06439814814814815,0.4271729310010336,0.4215111104378849,0.18071803941123052,0.5120131914419322,0.012471549547080962,0.002407407407407469,0.004439082884265206,0.27157252455453995,0.11251234515851738,0.11902164201142486,0.0,0.9999999987499999,0.6301200784688875,0.2694248723121486,0.26895634310263433,0.3243801413702375,happy,03,06,06,female,strong,619
40,1.3346666666666667,True,1.0,0.5819803992797915,0.5612430583239534,0.5716117288018725,1.0192737320150147,-0.06388888888888888,-0.060324074074074086,0.4498965820410885,0.37769777384967157,0.17680406411151128,0.5608029627839484,0.020737340955838124,0.0035648148148147984,0.008572389865414705,0.29210002406083335,0.11841986116517093,0.11448470265800197,0.0,0.9999999987499999,0.6207628603316326,0.26757939315967105,0.32466587890176934,0.3857990694562685,happy,03,06,06,female,strong,619
50,1.6683333333333334,True,1.0,0.5732318735335026,0.5478307474679024,0.5605313105007025,1.3877188220985075,-0.06384259259259262,-0.06124999999999997,0.464567671337064,0.5174544760367317,0.16695252381865458,0.40392282757472975,0.025401126065600188,0.0025925925925926463,0.0034653102287777555,0.2194433598418603,0.1213838891761952,0.1133719960163864,0.0,0.7071067807446058,0.6158404765187325,0.2723257634531898,0.33026265518502523,0.3939305163971668,happy,03,06,06,female,strong,619
60,2.0020000000000002,True,1.0,0.6041460464819886,0.592489952315236,0.5983179993986123,1.1891834028076147,-0.06615740740740744,-0.06324074074074076,0.46250298623537967,0.4238410596026491,0.17403291316335875,0.503133493106284,0.011656094166752506,0.0029166666666666785,0.0023671185556039752,0.23946534340136522,0.11983085447607317,0.11334365827893102,0.0,0.9999999987499999,0.6197254010588611,0.2704771783005333,0.3211332177124009,0.40383651082371147,happy,03,06,06,female,strong,619
70,2.3356666666666666,True,1.0,0.6316964458711439,0.5968295381660734,0.6142629920186087,1.152216094244649,-0.06689814814814815,-0.06125000000000008,0.429350036714958,0.45582175156931215,0.1722505717034358,0.5331144002300169,0.034866907705070505,0.005648148148148069,0.005093258181506176,0.24749682702319137,0.11758742479602066,0.11632640231873746,0.0,0.7071067807446058,0.618999116013593,0.2652356189338913,0.31610994782016877,0.38080900178100185,happy,03,06,06,female,strong,619
80,2.6693333333333333,True,1.0,0.5286410452137545,0.5286045958861375,0.528622820549946,0.9255072427084945,-0.04884259259259266,-0.04856481481481478,0.49491829536673526,0.1873050372148138,0.16630699059765447,0.5711709170453737,3.644932761703856e-05,0.0002777777777778767,0.012061993543002655,0.3149572115438191,0.12272673854380513,0.11174659606208458,0.0,0.7071067807446058,0.6097179846469838,0.27095879250676796,0.324850621534709,0.3830594785686477,happy,03,06,06,female,strong,619
90,3.003,True,1.0,0.5350562494175235,0.5318866892043945,0.533471469310959,0.8618549031165095,-0.05046296296296299,-0.0468055555555556,0.5032723194300674,0.18544364521352308,0.16024155667146883,0.6189806049509031,0.0031695602131289746,0.003657407407407387,0.0017346665010418288,0.32847529789375546,0.12365969108980476,0.11139950930909306,0.0,0.9999999987499999,0.6125062745879603,0.27302580989183767,0.32679733851033466,0.38549110130433484,happy,03,06,06,female,strong,619
100,3.336666666666667,True,1.0,0.45939298169557846,0.43661101721274653,0.4480019994541625,0.8669194288089132,-0.05083333333333334,-0.04736111111111113,0.4993026866156313,0.12222926640539962,0.16700004296419624,0.5167746673640549,0.02278196448283193,0.00347222222222221,0.010433875077331145,0.3427196526574107,0.118382448542433,0.11682919927719457,0.0,0.9999999987499999,0.6066541798516282,0.2757435204751878,0.31524609795814046,0.37773251260187396,happy,03,06,06,female,strong,619
0,0.0,True,1.0,0.6099056027662738,0.5873040673531849,0.5986048350597293,0.7792414137181256,-0.061435185185185204,-0.06064814814814812,0.3406056111901469,0.397153671774451,0.1682751386632883,0.7681891959559816,0.022601535413088958,0.000787037037037086,0.02519660268916953,0.3381348960670599,0.11784317241971226,0.11507822285354787,0.0,0.9999999987499999,0.6813774212966436,0.2763669907175125,0.2655390762199493,0.3772683131658596,sad,04,06,06,female,normal,620
10,0.33366666666666667,True,1.0,0.5849171943965493,0.6174222246533493,0.6011697095249493,0.9150722687329013,-0.06435185185185188,-0.06416666666666676,0.3291034998197139,0.44064017907620473,0.16756202664121514,0.6569641874924128,0.03250503025679996,0.00018518518518512161,0.026524556699676582,0.29580695564003495,0.1184831081759114,0.11324767593890028,0.0,0.9999999987499999,0.6922028105617247,0.2744932892575996,0.26947016967678766,0.3768546272099342,sad,04,06,06,female,normal,620
20,0.6673333333333333,True,1.0,0.6123165381029636,0.6586944807777833,0.6355055094403734,1.296324901376391,-0.06435185185185188,-0.06416666666666665,0.32738977934283137,0.5987983279043543,0.16750874600721063,0.4902362893481539,0.04637794267481965,0.00018518518518523264,0.02757414991974046,0.22391958722794392,0.11881622487725087,0.11390615180802897,0.0,0.9999999987499999,0.6877700617043693,0.27643410588427286,0.2772272731649795,0.38826733415264253,sad,04,06,06,female,normal,620
30,1.0010000000000001,True,1.0,0.5954775570839601,0.6271751275559101,0.6113263423199351,1.1781125060804725,-0.06337962962962962,-0.06467592592592586,0.3366803075854211,0.549112397364162,0.16823704975223627,0.5189031940198907,0.03169757047194999,0.0012962962962962399,0.026270954410857524,0.2522308201692132,0.11532232784443225,0.11564395354239827,0.0,0.9999999987499999,0.6876268025178821,0.27636615951080296,0.2726022853776307,0.3879367443083359,sad,04,06,06,female,normal,620
40,1.3346666666666667,True,1.0,0.607541099481796,0.6272903462252905,0.6174157228535433,1.153666960722732,-0.06486111111111109,-0.0635648148148148,0.30858221973166855,0.5677637502469987,0.17037593875452686,0.5351767397991133,0.01974924674349443,0.0012962962962962954,0.02959680622336362,0.24886524644381736,0.12083961609621506,0.11378462666965722,0.0,0.9999999987499999,0.6874470490305499,0.27521198701923993,0.2764680618380768,0.3825761861923241,sad,04,06,06,female,normal,620
50,1.6683333333333334,True,1.0,0.5917861818182815,0.5661217233133673,0.5789539525658244,1.2504923344314853,-0.06509259259259259,-0.06412037037037038,0.33686274878990824,0.5930434884868013,0.16823704975223622,0.46298080893797383,0.025664458504914167,0.0009722222222222077,0.028051380714271944,0.2249706976314503,0.11908888982204907,0.11362105013987964,0.0,0.9999999987499999,0.687835748502526,0.2762139274370542,0.27928366492981826,0.38937487842450547,sad,04,06,06,female,normal,620
60,2.0020000000000002,True,1.0,0.5593882315648373,0.5744887549783768,0.5669384932716071,1.3387219495779086,-0.06921296296296298,-0.06703703703703695,0.34057788929446503,0.6456092523497194,0.17243649951858508,0.42349234166987365,0.015100523413539513,0.0021759259259260255,0.030452253315459494,0.22770647449106204,0.11369587112971132,0.11756793811816105,0.0,0.9999999987499999,0.6868209487310548,0.2777214143432609,0.28214523280565534,0.3925592226507744,sad,04,06,06,female,normal,620
70,2.3356666666666666,True,1.0,0.5383197303291778,0.5391621129326044,0.5387409216308912,1.2447235997192894,-0.06657407407407417,-0.06449074074074074,0.2964926486493933,0.6311927993292095,0.17525093616012433,0.4328197213842401,0.0008423826034266169,0.002083333333333437,0.029188982265422464,0.22194263886286042,0.11999865586666643,0.11265979453302266,0.0,0.9484642879386457,0.6806858221804346,0.2776137793769633,0.27518185215265684,0.38096500958380913,sad,04,06,06,female,normal,620
80,2.6693333333333333,True,1.0,0.6153222637705332,0.6390654655516141,0.6271938646610737,1.1260696551055278,-0.06342592592592594,-0.06379629629629624,0.3382705540031973,0.5627523222245464,0.17446349453695598,0.5569760820899639,0.023743201781080914,0.00037037037037029874,0.0210801315491931,0.272523251395177,0.1181347782997211,0.11477885178601353,0.0,0.9999999987499999,0.6789386663180897,0.2783567288698653,0.27492007364712506,0.3867070004792166,sad,04,06,06,female,normal,620
90,3.003,True,1.0,0.6064497484926653,0.6325947302619407,0.619522239377303,1.0025896715639824,-0.06416666666666654,-0.06393518518518526,0.3548361603388189,0.47823088997960944,0.17311113445089762,0.6179220242822608,0.026144981769275377,0.00023148148148127712,0.026830652007462194,0.2996566268956011,0.11748696843216655,0.11708058073388418,0.0,0.9394190557776121,0.6791537205897985,0.27871138178060345,0.27132802029067543,0.38253655220937965,sad,04,06,06,female,normal,620
100,3.336666666666667,True,1.0,0.51996698577376,0.504941808437935,0.5124543971058475,0.9459503316404783,-0.06412037037037038,-0.06356481481481485,0.36846328019314734,0.39893414504627284,0.17378680346184108,0.5417349938628839,0.01502517733582498,0.0005555555555555314,0.030360556909993983,0.3110600111136223,0.12335044685262789,0.11002362319358973,0.0,0.9999999987499999,0.6312462464204431,0.2659011874724149,0.2916153185065202,0.35582317577666556,sad,04,06,06,female,normal,620
0,0.0,True,1.0,0.5728534139424852,0.5551751463504576,0.5640142801464714,1.0474446979850778,-0.07587962962962957,-0.0742592592592593,0.3346890088976106,0.5879823671377199,0.16120389992186693,0.5384668815751708,0.01767826759202762,0.001620370370370272,0.0207408680695419,0.26134432959485343,0.11902506097722149,0.11502075096859128,0.0,0.9999999987499999,0.700438769695378,0.2746066750786088,0.2674889643209398,0.3751138848326806,sad,04,06,06,female,normal,621
10,0.33366666666666667,True,1.0,0.601140484264529,0.6104514037519951,0.6057959440082621,1.3371786079272385,-0.07449074074074075,-0.07347222222222227,0.32934377660446634,0.7007461087805699,0.16334584529180213,0.45304040942391893,0.009310919487466096,0.0010185185185184742,0.022629952216525712,0.2047174033145237,0.11746705870087164,0.11413443477258865,0.0,0.9999999987499999,0.6961036954860068,0.27641712432924814,0.27420887244596964,0.3874496826730991,sad,04,06,06,female,normal,621
20,0.6673333333333333,True,1.0,0.5544565565597656,0.5821020992919949,0.5682793279258802,1.2198910650212884,-0.07162037037037033,-0.07171296296296292,0.3443715132960893,0.6177011016894726,0.16749280406255157,0.4658443234978224,0.0276455427322293,9.259259259258856e-05,0.022564053786698166,0.23216521567039994,0.12258079152670612,0.11156565662587842,0.0,0.7071067807446058,0.6368083221022784,0.26579554747060097,0.2970037886549909,0.36620257248365934,sad,04,06,06,female,normal,621
30,1.0010000000000001,True,1.0,0.5558270516311478,0.581284264564013,0.5685556580975804,1.3720715870662519,-0.07370370370370366,-0.0733333333333333,0.3610006552286524,0.6859845076937212,0.16531516399381246,0.4143775466652288,0.025457212932865292,0.00037037037037035425,0.019092288469133065,0.20204376985393852,0.11999839426736615,0.11282905669420776,0.0,0.9999999987499999,0.6379382817502002,0.2664569633289933,0.3086287790568464,0.37522577092109016,sad,04,06,06,female,normal,621
40,1.3346666666666667,True,1.0,0.5453446896003711,0.5574387947269303,0.5513917421636507,1.21724654154823,-0.06819444444444445,-0.0668981481481481,0.31245576931892693,0.591157694093776,0.17165627413460116,0.45298279628901567,0.012094105126559174,0.001296296296296351,0.016249566757019634,0.24948421517524821,0.11698070850305439,0.11396612272376568,0.0,0.9999999987499999,0.6868578071697429,0.2762051692279211,0.27298708564622093,0.38505829210363157,sad,04,06,06,female,normal,621
50,1.6683333333333334,True,1.0,0.5917861818182827,0.587548525129417,0.5896673534738499,1.3346051148432985,-0.06898148148148142,-0.06768518518518518,0.3356777459436977,0.6510115683868324,0.17304413168756036,0.441829082562062,0.004237656688865665,0.0012962962962962399,0.01906035372176882,0.22085785583917195,0.11701266513463553,0.11608682443058231,0.0,0.9999999987499999,0.6873034716621023,0.27673917433370865,0.2742522341197138,0.38836897523326536,sad,04,06,06,female,normal,621
60,2.0020000000000002,True,1.0,0.6252214435188432,0.6024822421213033,0.6138518428200732,1.1377091115359461,-0.0668981481481481,-0.06643518518518515,0.34964126701208276,0.5056484940159763,0.17652897382588295,0.539550783759965,0.022739201397539932,0.0004629629629629428,0.021197069673704504,0.2593046279851589,0.11445599471843156,0.11731627466283949,0.0,0.9999999987499999,0.6889934082617424,0.27706179888763893,0.2770774249645083,0.38619209801695853,sad,04,06,06,female,normal,621
70,2.3356666666666666,True,1.0,0.6017541256829749,0.5927097569274681,0.5972319413052215,1.0603078729445243,-0.06694444444444447,-0.06666666666666671,0.34195121058350614,0.48260943608854484,0.1779493563569561,0.5632627622076224,0.009044368755506849,0.0002777777777777657,0.019115622772698303,0.2702719066881,0.12100725216413469,0.11310210946623228,0.0,0.9999999987499999,0.684081131765206,0.27755685704837024,0.27672434335667584,0.3837551417957928,sad,04,06,06,female,normal,621
80,2.6693333333333333,True,1.0,0.6351020647013038,0.6212439665700356,0.6281730156356697,1.2634813023336147,-0.06740740740740742,-0.06759259259259248,0.31989551334602695,0.5895582861788707,0.1779017598901022,0.49717634481448336,0.01385809813126826,0.0001851851851850661,0.022253030151132655,0.24328313339877436,0.11741359247277433,0.11650185684716163,0.0,0.9999999987499999,0.6783612331104316,0.27875237665501956,0.2692375949391902,0.38546210594976055,sad,04,06,06,female,normal,621
90,3.003,True,1.0,0.5419282870642778,0.5822296203465183,0.5620789537053981,0.967341225224333,-0.06282407407407403,-0.06282407407407403,0.36229665080314827,0.43061947588312227,0.1765138465499164,0.5810555148986317,0.040301333282240503,0.0,0.018618898912437547,0.30237716152691885,0.12168583308734904,0.11321625327322081,0.0,0.9999999987499999,0.6305943963835533,0.2657782449853009,0.28814773150194034,0.35346116460158866,sad,04,06,06,female,normal,621
100,3.336666666666667,True,1.0,0.5811631185037796,0.6174222246533495,0.5992926715785645,0.9416284350295154,-0.0643055555555555,-0.06324074074074076,0.35966441381659897,0.40232122490347993,0.17791676915953553,0.6364428359258072,0.03625910614956995,0.0010648148148147407,0.018405294492831483,0.3010164783935625,0.12431600979713794,0.11083863735323615,0.0,0.9999999987499999,0.62992218762505,0.266543415105109,0.29059915233594497,0.3548817816042258,sad,04,06,06,female,normal,621
0,0.0,True,1.0,0.7407115952742023,0.7430347688863145,0.7418731820802584,1.1376735396908586,-0.06138888888888888,-0.06018518518518512,0.3475906185292788,0.5374124239883443,0.17507366264951332,0.6520967186086164,0.002323173612112206,0.0012037037037037623,0.02621834703759311,0.24226416756300603,0.11805087809741786,0.11602037956380738,0.0,0.9999999987499999,0.6852408261507729,0.2792044857222468,0.26421213929527415,0.38031160021197913,sad,04,06,06,female,normal,622
10,0.33366666666666667,True,1.0,0.4627672690302219,0.45041256518924805,0.45658991710973496,1.0813367399971268,-0.06481481481481483,-0.06523148148148145,0.3493204403503817,0.4864601993026612,0.1764511625909752,0.4222458187363061,0.012354703840973869,0.0004166666666666208,0.028531592638678986,0.26061410521762746,0.11687359914031448,0.11622683180854501,0.0,0.9999999987499999,0.6805873183023209,0.27880498351587685,0.266471338024044,0.37980333636654184,sad,04,06,06,female,normal,622
20,0.6673333333333333,True,1.0,0.6478096123670631,0.6812843791583607,0.6645469957627119,1.1905122907894614,-0.061203703703703705,-0.061064814814814794,0.3477910285689227,0.5325392625270815,0.17507366264951332,0.5582025493596816,0.03347476679129757,0.0001388888888889106,0.026917093525789818,0.2456301064831887,0.11948573448799926,0.11570058418496675,0.0,0.9999999987499999,0.6804466985856843,0.27946995944027864,0.2713762027149137,0.38001780905239096,sad,04,06,06,female,normal,622
30,1.0010000000000001,True,1.0,0.43562800758929987,0.46516790663910057,0.4503979571142002,1.4699257739564533,-0.06851851851851853,-0.06847222222222221,0.32946049517055576,0.7094858881056728,0.17503530963534364,0.30640863987431743,0.0295398990498007,4.629629629632204e-05,0.023114386996738977,0.19696975920132512,0.1123984207342359,0.11896919831955208,0.0,0.9999999987499999,0.687829425270108,0.28015068786714564,0.26984725203191473,0.3930538724985644,sad,04,06,06,female,normal,622
40,1.3346666666666667,True,1.0,0.6320983274081785,0.6361391675512246,0.6341187474797015,1.1287891317982455,-0.05944444444444452,-0.060601851851851796,0.31591151945796603,0.5295832785716292,0.1736326429790066,0.5617690050483591,0.004040840143046065,0.0011574074074072738,0.020813934229946002,0.2699875739764846,0.1190853066942267,0.11578405659476622,0.0,0.9999999987499999,0.6862866834155537,0.2769205766929486,0.2657190572937289,0.3741975050621228,sad,04,06,06,female,normal,622
50,1.6683333333333334,True,1.0,0.5976692442320232,0.5888208720368874,0.5932450581344553,1.3226164073534132,-0.059814814814814765,-0.06384259259259256,0.34064440826723413,0.5967341726404497,0.17295240163192796,0.44853901315314293,0.00884837219513579,0.004027777777777797,0.012047830811422258,0.2332097603944551,0.12406835681431332,0.11111578042743003,0.0,0.7071067807446058,0.637227137542517,0.26778764635788777,0.2875773421334288,0.3586353192316246,sad,04,06,06,female,normal,622
60,2.0020000000000002,True,1.0,0.6521409674177493,0.6785004440920069,0.6653207057548781,1.169055071369056,-0.058657407407407436,-0.06018518518518523,0.3520017491026073,0.5299567275306066,0.17430599325732177,0.5691098067567809,0.026359476674257643,0.0015277777777777946,0.002594478495751035,0.2474930393561504,0.12079274362633954,0.11265673321355235,0.0,0.9999999987499999,0.6428680643038466,0.2656838549356869,0.28184141135183927,0.3497125429321331,sad,04,06,06,female,normal,622
70,2.3356666666666666,True,1.0,0.7238371696933972,0.7107331709029111,0.7172851702981542,1.1424702708253616,-0.05629629629629623,-0.05712962962962964,0.30494419732759154,0.5984129564456736,0.17778464410025668,0.6278370550333547,0.013103998790486071,0.0008333333333334081,0.012114497653515003,0.23267561735534406,0.1257854770665836,0.10899350271640798,0.0,0.9999999987499999,0.6388593845663265,0.26628208268570014,0.28350586519412524,0.333622574960573,sad,04,06,06,female,normal,622
80,2.6693333333333333,True,1.0,0.6763828245069453,0.6682441272050735,0.6723134758560094,1.035625053477995,-0.05634259259259261,-0.05643518518518509,0.35709845943275526,0.44052707498690796,0.17638888888888887,0.6491861833567498,0.008138697301871778,9.259259259247754e-05,0.005863191913384662,0.2770522388059705,0.12258873043672461,0.11121484372289106,0.0,0.7071067807446058,0.6397067220247473,0.2672888821447909,0.28217690065157647,0.34495072419912903,sad,04,06,06,female,normal,622
90,3.003,True,1.0,0.6929049183440251,0.6787936486746993,0.6858492835093621,1.0760233918128663,-0.05495370370370373,-0.056064814814814734,0.3540156855390272,0.4522417153996101,0.17778164011680328,0.6373925406527219,0.014111269669325854,0.0011111111111110072,0.0014761870321642378,0.2690217391304346,0.12210825863510247,0.11191253466390591,0.0,0.9999999987499999,0.6378711482014681,0.2671895159031682,0.2794314116909223,0.3411205348688605,sad,04,06,06,female,normal,622
100,3.336666666666667,True,1.0,0.675935841441306,0.6723185007848904,0.6741271711130983,0.9938991909053925,-0.05689814814814803,-0.05694444444444435,0.3664249555421086,0.40659512355220573,0.17777777777777776,0.6782651372308716,0.003617340656415613,4.629629629632204e-05,0.01091183847689397,0.2986800070541486,0.12374520650595074,0.11130450907970699,0.0,0.9999999987499999,0.6382666485031513,0.26753441302651026,0.27984684341779326,0.34264327832989105,sad,04,06,06,female,normal,622
0,0.0,True,1.0,0.6985968898208932,0.682773636780337,0.6906852633006151,1.120663128956739,-0.05791666666666667,-0.056944444444444464,0.3539494210177649,0.5291858838933198,0.1722581012501332,0.6163183613826895,0.015823253040556207,0.0009722222222222077,0.013436028233502805,0.2592967149981416,0.1225636891927177,0.11072745162460737,0.0,0.9253374599581139,0.6386288962069203,0.267045169514119,0.2867004347289634,0.35353714590703184,sad,04,06,06,female,normal,623
10,0.33366666666666667,True,1.0,0.6900709029106851,0.6824743082745972,0.6862726055926411,1.181728167218778,-0.05824074074074076,-0.058333333333333404,0.35499528318564966,0.5519309808627257,0.1715638020344716,0.5807364372195664,0.007596594636087861,9.259259259264407e-05,0.0173275190249407,0.2529892686024298,0.11864477139579888,0.1150823558126627,0.0,0.9999999987499999,0.683716703212535,0.27980302133790413,0.26446623360230936,0.3771971682293109,sad,04,06,06,female,normal,623
20,0.6673333333333333,True,1.0,0.6727680084502256,0.6919584065797009,0.6823632075149633,1.0895355246161154,-0.05814814814814817,-0.05819444444444444,0.35069627784999063,0.5291858838933193,0.17019313924806512,0.6262881678460055,0.019190398129475317,4.6296296296266526e-05,0.013086260466302773,0.26555451937773383,0.11586993840544786,0.11706480271490456,0.0,0.9999999987499999,0.6867606339254452,0.27840630054845306,0.2604885722483488,0.3772081526794849,sad,04,06,06,female,normal,623
30,1.0010000000000001,True,1.0,0.6352956811610746,0.6662983821385987,0.6507970316498366,1.1681339033993652,-0.061435185185185204,-0.06037037037037035,0.3389955370781773,0.5519158392512828,0.1729912164377912,0.5571253687235376,0.03100270097752411,0.0010648148148148517,0.01405310733055253,0.24802648343973993,0.11514875835703164,0.11777425062110784,0.0,0.9999999987499999,0.6862550211100064,0.2784989536478746,0.2632344038140552,0.37937427487317865,sad,04,06,06,female,normal,623
40,1.3346666666666667,True,1.0,0.6017541256829757,0.6212439665700356,0.6114990461265056,1.0719876431005995,-0.06092592592592594,-0.061388888888888826,0.3387167250832609,0.5039231575772573,0.1736743808323051,0.5704347900483403,0.01948984088705985,0.0004629629629628873,0.018425095724313653,0.26193054994820447,0.11772716667304549,0.11486564757431823,0.0,0.9999999987499999,0.6867056170905863,0.277272734846828,0.2681785669460566,0.3804204939413303,sad,04,06,06,female,normal,623
50,1.6683333333333334,True,1.0,0.6685091243573181,0.6619159789736645,0.6652125516654913,1.3043793426948818,-0.060787037037037084,-0.06055555555555564,0.3449526891286826,0.605029535943856,0.1695205211961137,0.5099839670039122,0.006593145383653631,0.00023148148148144365,0.01553581864352411,0.2374991299128322,0.11489318678276701,0.1178620479376886,0.0,0.9999999987499999,0.6867736947278913,0.2776814851117482,0.2690759086033281,0.3872674910507215,sad,04,06,06,female,normal,623
60,2.0020000000000002,True,1.0,0.5825681096826729,0.5865065763760661,0.5845373430293694,1.1715135645884982,-0.05712962962962964,-0.05810185185185185,0.3550947521357053,0.5317472452351956,0.17228600199496916,0.4989590907849983,0.00393846669339315,0.0009722222222222077,0.013207384845689363,0.26035077452315064,0.12066119584458349,0.11347122127949781,0.0,0.9999999987499999,0.6389388214817178,0.26597692694875863,0.28863238785389245,0.35381698860431143,sad,04,06,06,female,normal,623
70,2.3356666666666666,True,1.0,0.6690737337641566,0.6823744724723192,0.6757241031182379,1.0890174047375862,-0.06023148148148144,-0.058611111111111114,0.312259106106908,0.5091905380151961,0.1799565268766712,0.6204897186937641,0.013300738708162618,0.0016203703703703276,0.016541315752000577,0.2559774013601944,0.12353418399169594,0.10981728363452535,0.0,0.9999999987499999,0.6345842769998625,0.26751096537334385,0.293600717195564,0.3425680796875383,sad,04,06,06,female,normal,623
80,2.6693333333333333,True,1.0,0.6064497484926661,0.6212439665700354,0.6138468575313507,1.0849759785402742,-0.0562037037037037,-0.055833333333333346,0.3593329314861855,0.4660666037478178,0.1744175713554425,0.5657699982973078,0.014794218077369359,0.00037037037037035425,0.020060251212410517,0.272651503276218,0.12050048968624058,0.11212287321839944,0.0,0.9999999987499999,0.6323432945678271,0.26814659887057646,0.28700564619641095,0.34870518313355914,sad,04,06,06,female,normal,623
90,3.003,True,1.0,0.6458353570291148,0.6660260082338826,0.6559306826314987,0.9921470384992715,-0.05499999999999999,-0.05504629629629626,0.3695042845882543,0.4219732142812636,0.1751115715765238,0.6611224517926939,0.020190651204767818,4.6296296296266526e-05,0.02263584769375169,0.3054944912717956,0.12310482342018429,0.11150094386487701,0.0,0.9231613848219316,0.6354185765478066,0.2656447782880716,0.2881852977218421,0.34757152413242254,sad,04,06,06,female,normal,623
100,3.336666666666667,True,1.0,0.654559455282178,0.6715481709386615,0.6630538131104198,1.0009532278384004,-0.0557407407407407,-0.05462962962962953,0.37254102714268766,0.42664362436201325,0.1744040107707432,0.6624223736630649,0.016988715656483522,0.0011111111111111738,0.025519360151566483,0.30338222590477665,0.12421962797972592,0.10973800715523988,0.0,0.7071067807446058,0.6359029565888855,0.26639706266423857,0.29039859300536036,0.3482166611208114,sad,04,06,06,female,normal,623
0,0.0,True,1.0,0.6153222637705336,0.6119991506051617,0.6136607071878477,1.0354911525718187,-0.061944444444444524,-0.06231481481481482,0.37091788474716625,0.4673521544717449,0.1786106732015216,0.5926276681975667,0.003323113165371816,0.00037037037037029874,0.024568533253554722,0.29974812920101696,0.11908683258964757,0.11445851980230128,0.0,0.9999999987499999,0.6786336440982642,0.27841375735056056,0.28356312373819,0.39259468514726437,sad,04,06,06,female,strong,624
10,0.33366666666666667,True,1.0,0.6218851314433083,0.6328260999398807,0.6273556156915945,0.8581647804820682,-0.056620370370370376,-0.05736111111111103,0.40041930438684076,0.3471310970688732,0.1765795327415452,0.7310433030579299,0.010940968496572445,0.000740740740740653,0.02246294112078088,0.3512312787635564,0.11536623539203769,0.11739905640321285,0.0,0.9999999987499999,0.6818457380374024,0.27990443827590517,0.27507816260473295,0.3817452626385888,sad,04,06,06,female,strong,624
20,0.6673333333333333,True,1.0,0.4763697724818138,0.45247150130119385,0.4644206368915038,1.019961078210733,-0.059629629629629644,-0.05967592592592591,0.37540200341088803,0.4881084712990221,0.17015009905848222,0.4553317247224903,0.023898271180619934,4.6296296296266526e-05,0.007709335800586994,0.2976548210303815,0.1185290917237321,0.1163533946512683,0.0,0.9999999987499999,0.6778746762298671,0.2826114578862614,0.2827975251318239,0.3923711705136456,sad,04,06,06,female,strong,624
30,1.0010000000000001,True,1.0,0.4734115925662125,0.45843317857827187,0.4659223855722422,1.128477511264571,-0.04740740740740734,-0.0495370370370371,0.45707973956230025,0.3301160561942151,0.16597268190058673,0.41287697886875024,0.014978413987940642,0.002129629629629759,8.01532922287584e-05,0.29396795912582174,0.11951281715388855,0.11501189796094093,0.0,0.9999999987499999,0.6330674088150885,0.27126640886386866,0.3279396244991218,0.3862332639768061,sad,04,06,06,female,strong,624
40,1.3346666666666667,True,1.0,0.5143812167856214,0.49595088002791393,0.5051660484067677,1.2714009479741566,-0.04624999999999996,-0.04685185185185187,0.37859697300694245,0.5345553872849836,0.17084047876316608,0.3973302436274698,0.0184303367577075,0.0006018518518519089,0.001746152865544199,0.255928990502222,0.11739144444347119,0.11520873029982487,0.0,0.9999999987499999,0.6282506412252401,0.27019044852872715,0.30284453093484953,0.37160883010060985,sad,04,06,06,female,strong,624
50,1.6683333333333334,True,1.0,0.41746836911870994,0.4085479913719209,0.4130081802453154,1.208434352817497,-0.04046296296296298,-0.04125000000000012,0.3962608221693738,0.4166666666666664,0.17222266521875423,0.3417713004288365,0.008920377746789054,0.0007870370370371416,0.0017553579039942017,0.27823148642403844,0.1225473408011364,0.11211336804725781,0.0,0.7085905059612764,0.6168422034516932,0.272708920842223,0.31437068000762863,0.37921982418882033,sad,04,06,06,female,strong,624
60,2.0020000000000002,True,1.0,0.411628571025468,0.3937036761098574,0.40266612356766274,1.026112961988751,-0.036527777777777715,-0.03726851851851848,0.463117437017512,0.18934227274792456,0.1722665162363916,0.39241890365290705,0.017924894915610612,0.000740740740740764,0.007247428522069197,0.3080357142857143,0.11696252516127144,0.11613734247069656,0.0,0.9999999987499999,0.6193876085434173,0.2746489186056088,0.3122164362192871,0.38637643566561525,sad,04,06,06,female,strong,624
70,2.3356666666666666,True,1.0,0.4666195091743093,0.471623503885828,0.4691215065300687,1.1870324917987656,-0.041712962962962896,-0.042731481481481426,0.42804399830726686,0.33262362946794466,0.17014068256565854,0.3952052785170076,0.005003994711518744,0.0010185185185185297,0.014068956066148504,0.2657916255688795,0.11782580557700541,0.11771471174655694,0.0,0.9999999987499999,0.6156896173078606,0.27528799935962667,0.31157993181305876,0.3720260183326561,sad,04,06,06,female,strong,624
80,2.6693333333333333,True,1.0,0.5195931463782102,0.4779723743968823,0.4987827603875462,0.9491903745486895,-0.044212962962962954,-0.04546296296296293,0.36288153021815867,0.39171374764595096,0.17083377993145385,0.5254823202613089,0.04162077198132791,0.0012499999999999734,0.00943819213585013,0.3039740100576482,0.1236545624387367,0.11123405555547596,0.0,0.9999999987499999,0.6310525941470339,0.2692619686382154,0.3073487047824169,0.35753148866286927,sad,04,06,06,female,strong,624
90,3.003,True,1.0,0.5486920662677931,0.4963799848926502,0.5225360255802216,0.9921921387102466,-0.042962962962963036,-0.04259259259259268,0.3727832274365141,0.38501621651546075,0.17570530016452998,0.526648020271021,0.05231208137514293,0.00037037037037035425,0.003599282409306512,0.3190186079635987,0.12149369923424896,0.11325431152184383,0.0,0.9999999987499999,0.6168317692154988,0.26759680766910554,0.30539454985319453,0.36248197188930037,sad,04,06,06,female,strong,624
100,3.336666666666667,True,1.0,0.4854560212944219,0.4736206789135661,0.479538350103994,0.9473264721638311,-0.043425925925926034,-0.04365740740740737,0.4705919101526056,0.15788393840570658,0.17569487868612618,0.5062017838566876,0.011835342380855818,0.00023148148148133263,0.004594675957329089,0.3266144180072393,0.11951029128470345,0.11468274725774721,0.0,0.9999999987499999,0.6115792471910639,0.2732579763881044,0.3125239744987078,0.3683977895770743,sad,04,06,06,female,strong,624
110,3.6703333333333332,True,1.0,0.46605520816682605,0.47938387304625696,0.47271954060654153,0.8878185502347622,-0.042546296296296304,-0.04212962962962957,0.48489589728429483,0.11946434276858359,0.17430555555555555,0.5324506234765451,0.013328664879430907,0.0004166666666667318,0.005469648533132461,0.33976946553513754,0.12300559373749678,0.11195128331796948,0.0,0.9999999987499999,0.6284943888023959,0.27553384922268137,0.31549720102825074,0.3674674256804646,sad,04,06,06,female,strong,624
120,4.0040000000000004,True,1.0,0.522731107521524,0.517483047930566,0.520107077726045,0.8798350870345402,-0.046250000000000124,-0.045277777777777806,0.4887058391174233,0.13705865487012978,0.17020344934400036,0.5911415507183869,0.005248059590957976,0.0009722222222223187,0.006279631461523785,0.3326709983661505,0.11962181144943494,0.11322823361178197,0.0,0.9999999987499999,0.6285339678371349,0.27377734977681806,0.31011471793148304,0.36411088215982557,sad,04,06,06,female,strong,624
0,0.0,True,1.0,0.5065467742306655,0.5459540510008071,0.5262504126157364,0.6790352028494889,-0.05370370370370375,-0.053749999999999964,0.3887791190089445,0.21196575613600677,0.17228600199496905,0.7749972466926461,0.03940727677014155,4.6296296296211015e-05,0.029923395217032193,0.37975567502829893,0.12264400771009179,0.1109823486857681,0.0,0.9999999987499999,0.6356366372330182,0.26389344203557435,0.2999811839562094,0.3497023865456229,sad,04,06,06,female,strong,625
10,0.33366666666666667,True,1.0,0.5859953063222593,0.6237816764132541,0.6048884913677567,1.2184074276350356,-0.05287037037037029,-0.05370370370370359,0.3739573761214958,0.5146338013677679,0.1694809115276025,0.4964583091403693,0.037786370090994836,0.0008333333333332971,0.023672530085988363,0.25543261742676376,0.12293938943057368,0.1109988683199299,0.0,0.9999999987499999,0.6335975707704957,0.26642017325558787,0.311156613068444,0.3738354730049631,sad,04,06,06,female,strong,625
20,0.6673333333333333,True,1.0,0.5733454921158297,0.6175413207713875,0.5954434064436086,1.021497247659572,-0.053657407407407376,-0.054907407407407405,0.3783016086689569,0.43859202188886753,0.17228600199496905,0.5829123943386759,0.04419582865555771,0.0012500000000000289,0.031026502209871964,0.31010459921554956,0.12176078830323155,0.11279833560921315,0.0,0.9999999987499999,0.6308981109553196,0.26653473647988096,0.2940060092622284,0.3509218145811294,sad,04,06,06,female,strong,625
30,1.0010000000000001,True,1.0,0.592570155174264,0.6179350768205073,0.6052526159973857,1.2210822540555875,-0.052083333333333315,-0.052083333333333315,0.3835417348610393,0.5168813772205345,0.16947325859287193,0.49566899689775745,0.025364921646243266,0.0,0.03118684931573829,0.2669023913692021,0.11933635368724943,0.11268684755605018,0.0,0.9999999987499999,0.6373111454112895,0.2691055758768515,0.3040861033374065,0.37712901666441545,sad,04,06,06,female,strong,625
40,1.3346666666666667,True,1.0,0.5258554543479627,0.5590984639101901,0.5424769591290763,1.1510749197207903,-0.05018518518518522,-0.049675925925925846,0.43424302595415726,0.4028447508854018,0.1688046967201021,0.47127858476897566,0.03324300956222748,0.0005092592592593759,0.011636320428301875,0.2689585774160981,0.12227127010278122,0.11292168251559503,0.0,0.9999999987499999,0.6342386138830532,0.2723895517622943,0.3144920016660988,0.3834781160277286,sad,04,06,06,female,strong,625
50,1.6683333333333334,True,1.0,0.5031547608171594,0.5286583545978729,0.5159065577075161,1.054117776976444,-0.049027777777777726,-0.04893518518518525,0.35414399379788386,0.4562438544739427,0.1770872108184554,0.48942022321955864,0.02550359378071354,9.259259259247754e-05,0.0065679468373365515,0.3109817296221154,0.11490778757548675,0.11784781316169077,0.0,0.9999999987499999,0.6640849167010554,0.28078951485768067,0.26459093689778623,0.362765346364591,sad,04,06,06,female,strong,625
60,2.0020000000000002,True,1.0,0.5438743996118837,0.5331110594605114,0.5384927295361975,1.1080032833054747,-0.04833333333333334,-0.04708333333333331,0.388111342399649,0.44017718149686064,0.17291843152964811,0.4860028283758578,0.010763340151372258,0.0012500000000000289,0.014879047624144225,0.30384162507472035,0.11195865141392415,0.11906354442176983,0.0,0.9999999987499999,0.6609126055969262,0.2839276929429745,0.2741654590464554,0.38153406550271085,sad,04,06,06,female,strong,625
70,2.3356666666666666,True,1.0,0.5419282870642784,0.5630955935403813,0.5525119403023299,0.7325632466050176,-0.0492129629629629,-0.04662037037037048,0.3924193675902033,0.26765168104734643,0.1757157210248491,0.7542173905978558,0.021167306476102876,0.0025925925925924242,0.026306064638982184,0.41282898866938494,0.12460885831689014,0.10964390778311987,0.0,0.7594264124076145,0.6190812174322854,0.2672088875777484,0.3006056750657787,0.34510347483910697,sad,04,06,06,female,strong,625
80,2.6693333333333333,True,1.0,0.5746232590023027,0.5890554391291524,0.5818393490657275,0.9424283653720616,-0.047824074074074074,-0.04518518518518522,0.38015015730495894,0.3696665333768478,0.17651384654991625,0.6173831035274739,0.014432180126849659,0.0026388888888888573,0.020493956643864476,0.31300736409276564,0.11827192973439261,0.11612362733467466,0.0,0.9999999987499999,0.6185964627413465,0.26815563545301235,0.30464869586140975,0.3599702561450595,sad,04,06,06,female,strong,625
90,3.003,True,1.0,0.5122285685229435,0.5565614592558579,0.5343950138894007,0.9564243682151515,-0.04833333333333345,-0.04597222222222225,0.3993215800866277,0.3413047554594965,0.17241747326453355,0.5587425745818998,0.044332890732914354,0.0023611111111112026,0.03163076049812362,0.326205231953385,0.12017353396946963,0.11298026504604906,0.0,0.9999999987499999,0.622389117936237,0.26949606842204005,0.3121585776401698,0.3630223905359525,sad,04,06,06,female,strong,625
100,3.336666666666667,True,1.0,0.5304777363940786,0.5270433893285522,0.5287605628613155,0.8831599909326426,-0.04629629629629628,-0.04365740740740748,0.44738949353359875,0.183789858003969,0.1729912164377912,0.5987143533335664,0.0034343470655263664,0.002638888888888802,0.03213759469635015,0.35553462010364006,0.12124285236862942,0.11284951480298004,0.0,0.9999999987499999,0.6153241325905362,0.2689526635036638,0.3098847112619347,0.36708445373296866,sad,04,06,06,female,strong,625
110,3.6703333333333332,True,1.0,0.5004246633822073,0.5120086741027785,0.5062166687424929,0.8291187822069507,-0.0495370370370371,-0.04717592592592601,0.4548225005718367,0.20410615642921806,0.17230902777777785,0.610547824516825,0.011584010720571247,0.0023611111111110916,0.03479946865377719,0.3630485139509719,0.12093134567972401,0.1125079378692941,0.0,0.9999999987499999,0.6202238152135854,0.27044980977925637,0.31365401157169936,0.36630115972843796,sad,04,06,06,female,strong,625
120,4.0040000000000004,True,1.0,0.5266504811396095,0.5325292984654587,0.5295898898025342,0.8239980687340488,-0.04912037037037037,-0.0464814814814814,0.43282206788636624,0.2343032954203899,0.17097797008486298,0.6427076833033974,0.005878817325849162,0.0026388888888889683,0.031029836124945975,0.38534941889833857,0.1205964669246762,0.11184942973373226,0.0,0.9999999987499999,0.6240541739273834,0.2696344486965045,0.3141710717272723,0.36548604633257276,sad,04,06,06,female,strong,625
0,0.0,True,1.0,0.6219155187187855,0.589055439129151,0.6054854789239683,0.7163888490347606,-0.048842592592592604,-0.04824074074074075,0.4063685309490372,0.24096555080473303,0.17369722256788406,0.845191099414487,0.03286007958963444,0.0006018518518518534,0.011552372754182683,0.39111191166599335,0.12661720912564928,0.10837831943522264,0.0,0.9999999987499999,0.6205060015959509,0.26605460994170166,0.30761896472705963,0.346606588860056,sad,04,06,06,female,strong,626
10,0.33366666666666667,True,1.0,0.6044968452895872,0.6263101340886187,0.615403489689103,1.0776036265348614,-0.051296296296296284,-0.05111111111111111,0.42069146689708775,0.3876379955325254,0.17161493459470606,0.5710852065967821,0.02181328879903144,0.00018518518518517713,0.009854942906221995,0.2959483254841853,0.12078128672408224,0.11283798640749845,0.0,0.8767569970512789,0.620578513053659,0.2687444994096479,0.3092223620762414,0.3665164279288391,sad,04,06,06,female,strong,626
20,0.6673333333333333,True,1.0,0.27983539094650284,0.262805420700016,0.27132040582325945,1.2811875933383639,-0.06162037037037038,-0.061851851851851936,0.4061896937498602,0.5315470377465807,0.17014606348251404,0.2117725829019976,0.017029970246486836,0.00023148148148155467,0.007024547940022117,0.27608207378339356,0.1187473854281704,0.11397791526144932,0.0,0.9999999987499999,0.6233686697569654,0.2697035611035816,0.312863823521245,0.3671529445498787,sad,04,06,06,female,strong,626
30,1.0010000000000001,True,1.0,0.19753620805806002,0.21390002696831983,0.2057181175131899,1.148314288330343,-0.058611111111111114,-0.06310185185185191,0.4075177277125154,0.43744325438179127,0.1659887698413517,0.17914792109075425,0.016363818910259814,0.004490740740740795,0.004306348591211441,0.27454741584860587,0.1203949319763248,0.11206633357361027,0.0,0.9999999987499999,0.6307021942214386,0.2694694052771204,0.31231801565746553,0.36610150685077747,sad,04,06,06,female,strong,626
40,1.3346666666666667,True,1.0,0.49640919656527965,0.5024303639897638,0.49941978027752176,1.0441162766073415,-0.04157407407407415,-0.04365740740740742,0.4071445014512915,0.38644831042335814,0.1673629345581279,0.4783181638545967,0.006021167424484164,0.0020833333333332704,0.005537119559743315,0.29950499544710785,0.12017659327056791,0.11415135837575748,0.0,0.9003411573488538,0.6243429337828881,0.26925106161211937,0.29909309272964113,0.3524280082836997,sad,04,06,06,female,strong,626
50,1.6683333333333334,True,1.0,0.4808925116123665,0.47434905090992296,0.4776207812611447,1.000480855818141,-0.03875000000000001,-0.039722222222222214,0.46912266067493685,0.2322492771656156,0.16807189805898226,0.47739122491311575,0.006543460702443549,0.0009722222222222077,0.008333516944340553,0.31472508646059705,0.11970245485904261,0.1138145366473309,0.0,0.7108944004948865,0.6315098570912739,0.27247964740160635,0.31082751952320414,0.36265890761441694,sad,04,06,06,female,strong,626
60,2.0020000000000002,True,1.0,0.5235300380728504,0.4699125955959554,0.4967213168344029,1.2263132221812463,-0.04162037037037036,-0.04129629629629633,0.4548084178554149,0.3529782892020483,0.16599474496508426,0.4050525655679415,0.05361744247689498,0.0003240740740740322,0.013670151165376489,0.26719760793383396,0.12147277333374157,0.11277105802650983,0.0,0.7071067807446058,0.6337069398931447,0.2740767372526785,0.3164011217764206,0.38331424885632276,sad,04,06,06,female,strong,626
70,2.3356666666666666,True,1.0,0.5504782766173819,0.5091994788103883,0.5298388777138852,0.9175038727647254,-0.04412037037037031,-0.042685185185185326,0.3911089978042678,0.3082120531630623,0.17084047876316602,0.5774786280926698,0.04127879780699362,0.001435185185184984,0.0038562514449745726,0.3339714759983267,0.12078710829894276,0.11417458757620065,0.0,0.9999999987499999,0.6297947360037766,0.2698444141741146,0.28738388758433653,0.3333166030145546,sad,04,06,06,female,strong,626
80,2.6693333333333333,True,1.0,0.4942832452497045,0.48051693869425505,0.48740009197197975,1.1348572787877291,-0.04337962962962966,-0.0429166666666666,0.4258016798727181,0.3717558211700557,0.1666707864887947,0.42948139918759437,0.01376630655544947,0.00046296296296305384,0.0035470108171493406,0.2918489507032757,0.12072569997849726,0.11407262334424015,0.0,0.9999999987499999,0.6281725989849065,0.27197345528639233,0.3131651063649273,0.37011880205086956,sad,04,06,06,female,strong,626
90,3.003,True,1.0,0.4599531987976608,0.46497213011270416,0.46246266445518247,0.9458821573772787,-0.04106481481481483,-0.03944444444444445,0.39226228858329937,0.31528260209472553,0.17152777777777783,0.4889220722140365,0.0050189313150433845,0.0016203703703703831,0.011339206373448351,0.34123323230437497,0.12134114952125237,0.11324963362909216,0.0,0.9999999987499999,0.6288826395245598,0.27069722894479686,0.29083811459462305,0.34830886868118366,sad,04,06,06,female,strong,626
100,3.336666666666667,True,1.0,0.504667818539511,0.49770794874158053,0.5011878836405458,0.9890522101481554,-0.04379629629629633,-0.042083333333333306,0.36737443998380037,0.41719195196398096,0.1666739907244912,0.5067355175976708,0.006959869797930507,0.0017129629629630272,0.011973690588557918,0.32552018404136424,0.11633417398812175,0.11462601472838001,0.0,0.9999999987499999,0.6244814588882428,0.2742126597963055,0.2822644837717341,0.34248450377323447,sad,04,06,06,female,strong,626
110,3.6703333333333332,True,1.0,0.4942879895084759,0.48048648790475823,0.48738723870661704,1.0504006239370298,-0.041898148148148184,-0.041064814814814776,0.42968564222780636,0.29174981300096586,0.16599474496508426,0.46400128446214184,0.01380150160371768,0.0008333333333334081,0.003838419559146783,0.3065220000495876,0.1208074596392989,0.11415305372561485,0.0,0.9999999987499999,0.6275248864389507,0.27272885477252234,0.30309370243478695,0.3569324044819185,sad,04,06,06,female,strong,626
120,4.0040000000000004,True,1.0,0.4814300886442916,0.47235591695615964,0.4768930028002256,0.940606349836589,-0.04337962962962971,-0.04236111111111113,0.44863681751707657,0.2226776241849967,0.1694809115276026,0.5070059359933897,0.00907417168813196,0.0010185185185185852,0.006524440440913623,0.32789785078796857,0.1224605174160595,0.11135600553571684,0.0,0.7071067807446058,0.629093444377751,0.2731246198029965,0.30786644997940854,0.36994603357077116,sad,04,06,06,female,strong,626
130,4.337666666666666,True,1.0,0.49930348890879683,0.4891148269065491,0.49420915790767295,0.9853452875813018,-0.044583333333333475,-0.04217592592592595,0.4560722094758021,0.22161505654593547,0.16737752141912057,0.5015593661799446,0.010188662002247717,0.0024074074074075247,0.01426242954006886,0.31849478059176295,0.12361647951888734,0.11110503125974526,0.0,0.7071067807446058,0.6277727370870223,0.27176096810829126,0.305716853237189,0.3706720522818205,sad,04,06,06,female,strong,626
0,0.0,True,1.0,0.5566866506874228,0.5743987602237685,0.5655427054555957,1.0319599191002309,-0.04856481481481484,-0.05111111111111122,0.3812335653127792,0.4012687663023776,0.17087798736771304,0.548027781881969,0.01771210953634561,0.0025462962962963798,0.008844272388516377,0.3127703120701678,0.12214973475054612,0.11101245337577816,0.0,0.7071067807446058,0.6245294748524409,0.2655998333306808,0.29535220045150895,0.3431499401533023,sad,04,06,06,female,strong,627
10,0.33366666666666667,True,1.0,0.5747168029646832,0.5992522470920347,0.586984525028359,1.1558240019971087,-0.048842592592592715,-0.05111111111111111,0.3809582527071091,0.4623181727870132,0.1680555555555555,0.5078493992287135,0.024535444127351536,0.002268518518518392,0.0014803325211137839,0.27534918660848495,0.12190956805333254,0.11110479635680617,0.0,0.9999999987499999,0.6234520607305422,0.26743318913747705,0.2972714156093255,0.35050454917418444,sad,04,06,06,female,strong,627
20,0.6673333333333333,True,1.0,0.514523836501021,0.4982111499293382,0.5063674932151796,1.1703703703703698,-0.052962962962962934,-0.05425925925925934,0.37383177570093457,0.5037037037037031,0.16666849771129597,0.43265576951929924,0.016312686571682777,0.0012962962962964064,0.00028775686819828503,0.2708655573087807,0.12318648090163532,0.11037991334335757,0.0,0.9999999987499999,0.6289803249190301,0.2660836075517297,0.29898256332233464,0.35212669968984284,sad,04,06,06,female,strong,627
30,1.0010000000000001,True,1.0,0.5115932499644519,0.5004766139191996,0.5060349319418258,1.036715982565721,-0.049537037037037046,-0.05212962962962964,0.3715394083824637,0.44424948059476366,0.1687518084393839,0.4881133699602692,0.01111663604525226,0.002592592592592591,0.004250378680942265,0.28157621615209827,0.11913791073887728,0.11306526034054849,0.0,0.9999999987499999,0.6220554974099015,0.2690695647956206,0.29152285494979246,0.3404772745014357,sad,04,06,06,female,strong,627
40,1.3346666666666667,True,1.0,0.5319102902763743,0.5404995093489867,0.5362048998126805,1.010729203387366,-0.04486111111111113,-0.046805555555555545,0.3559507461424869,0.3809101135531483,0.1736642767986559,0.5305129188071731,0.008589219072612453,0.0019444444444444153,0.004647231003725525,0.30283926009002327,0.12148687938139917,0.11224781728309732,0.0,0.9999999987499999,0.6198474265409288,0.26423673191673747,0.28800293977487673,0.3421152457932412,sad,04,06,06,female,strong,627
50,1.6683333333333334,True,1.0,0.5356701301791859,0.5096176228433318,0.5226438765112589,1.0722590446482547,-0.03949074074074077,-0.040925925925925866,0.39631926330260764,0.3456245909891587,0.1711122298651338,0.48742314566598754,0.02605250733585407,0.001435185185185095,0.010831378176334798,0.2960202016926198,0.12476056175215006,0.11051054249062464,0.0,0.7071067807446058,0.6170152001816351,0.2686709346233595,0.3048669729488566,0.3642625045223786,sad,04,06,06,female,strong,627
60,2.0020000000000002,True,1.0,0.24128584982800447,0.28041857278702,0.26085221130751224,0.8367261219355532,-0.05166666666666675,-0.05569444444444438,0.3780526979930732,0.2961004844701755,0.16840814710798785,0.3117533975204419,0.039132722959015515,0.00402777777777763,0.031882927604017265,0.3412374408093164,0.12053323764826232,0.11460892002410379,0.0,0.9999999987499999,0.6393132506674545,0.26493866625484697,0.2601087924151419,0.3085062065659897,sad,04,06,06,female,strong,627
70,2.3356666666666666,True,1.0,0.5184288301644647,0.4882806353876442,0.5033547327760545,0.8648303847374748,-0.039537037037036926,-0.0414351851851853,0.38751521908511016,0.2446485397131133,0.17608482873377948,0.582027113824003,0.030148194776820514,0.0018981481481483709,0.03541070224203535,0.33860683222944726,0.12212620625445733,0.1127410826872161,0.0,0.9999999987499999,0.6092633028992847,0.2643518343435076,0.2765945759653047,0.33336959204185634,sad,04,06,06,female,strong,627
80,2.6693333333333333,True,1.0,0.2680026518108658,0.27590603010458586,0.27195434095772586,0.8942709026264613,-0.052731481481481435,-0.05606481481481479,0.3597278490713709,0.34488859724155846,0.17192762329231798,0.3041073349909963,0.007903378293720065,0.003333333333333355,0.030230540566059845,0.33709345657170336,0.12309592516440189,0.11116853576894073,0.0,0.9999999987499999,0.614892547112595,0.2686260088466634,0.27844040534484177,0.3264667905337557,sad,04,06,06,female,strong,627
90,3.003,True,1.0,0.5206652430635078,0.4718805732803169,0.4962729081719124,0.8713432084434273,-0.036388888888888804,-0.03875000000000006,0.4238853310633958,0.1560119938830618,0.16968246446591653,0.5695492928193671,0.048784669783190904,0.002361111111111258,0.03242676318398159,0.36928587296690685,0.11510741906080953,0.11813763427780744,0.0,0.9999999987499999,0.6584650504107893,0.2846456031614672,0.27055593409642387,0.37062380459622835,sad,04,06,06,female,strong,627
100,3.336666666666667,True,1.0,0.49709844905393163,0.46069785730657564,0.47889815318025364,0.8234051986120533,-0.04333333333333328,-0.04583333333333339,0.4462825089443636,0.13095348435423368,0.1744040107707432,0.5816069099241699,0.03640059174735599,0.0025000000000001132,0.026353849218519215,0.3663575424818472,0.12012078969480582,0.1137085319118391,0.0,0.9999999987499999,0.6185722912993322,0.26779939032554845,0.2984781287829496,0.35726311527098675,sad,04,06,06,female,strong,627
110,3.6703333333333332,True,1.0,0.4875588418363266,0.4963799848926498,0.4919694133644882,0.8228969006024464,-0.04629629629629628,-0.04722222222222233,0.43152158567789656,0.18939690569421339,0.17293828499713917,0.5978506092370931,0.0088211430563232,0.0009259259259260522,0.01311350914316073,0.3839285714285722,0.12300954637310929,0.11211699860420297,0.0,0.9999999987499999,0.6201422809905213,0.269168630058082,0.3027825526112677,0.3606804736392073,sad,04,06,06,female,strong,627
0,0.0,True,1.0,0.668711026541397,0.6391367840166466,0.6539239052790218,0.8414772574922381,-0.05282407407407402,-0.049351851851851924,0.3612332891220286,0.3830953828465286,0.16810094747546458,0.7771141756437234,0.029574242524750383,0.003472222222222099,0.008531283596036545,0.3218592796875835,0.1260479113574,0.10816275733742192,0.0,0.9999999987499999,0.6238482790147309,0.26508246718224276,0.281343896651263,0.3241397641000296,angry,05,06,06,female,normal,628
10,0.33366666666666667,True,1.0,0.6806772702680465,0.6645740995731976,0.672625684920622,1.1636325703109358,-0.05291666666666667,-0.050185185185185166,0.3431344392663261,0.5031924628371611,0.16885169461806004,0.5780395823235583,0.0161031706948489,0.0027314814814815014,0.007503452580636127,0.24361832942324227,0.12334907235690196,0.1119137175270236,0.0,0.9999999987499999,0.6252029919311474,0.265209784850011,0.2859705050401759,0.3431740926497958,angry,05,06,06,female,normal,628
20,0.6673333333333333,True,1.0,0.6401428481291007,0.6456566295032331,0.6428997388161669,1.3051554504838883,-0.050416666666666665,-0.048009259259259196,0.3457910118636859,0.5346419917644848,0.1674777716962632,0.49258480173975516,0.005513781374132387,0.002407407407407469,0.014072402882205893,0.22396887363640924,0.12241054361750366,0.11175242726953992,0.0,0.9999999987499999,0.6256349275100664,0.26424524279192757,0.2885563193406811,0.36046808507662265,angry,05,06,06,female,normal,628
30,1.0010000000000001,True,1.0,0.6420118673299496,0.6321885881371648,0.6371002277335572,1.1361662150357832,-0.04865740740740737,-0.04787037037037034,0.4388462486653793,0.3870160600618715,0.16394520742004076,0.5607456191728883,0.009823279192784806,0.0007870370370370305,0.009014488296126385,0.2728437287183026,0.12114829518594036,0.11159346412223728,0.0,0.9999999987499999,0.6273290095803946,0.2670826633347748,0.3102628393497793,0.3749836068779672,angry,05,06,06,female,normal,628
40,1.3346666666666667,True,1.0,0.6725196402658071,0.6548375979835662,0.6636786191246866,1.402493831657377,-0.049537037037036935,-0.047685185185185164,0.340412988425581,0.6604626189196692,0.17502136100099508,0.47321321787233384,0.017682042282240906,0.0018518518518517713,0.007062153601164837,0.20309042678136327,0.11668818760864832,0.11739082232268609,0.0,0.9999999987499999,0.6625225964057497,0.28427634668684976,0.26520964500016675,0.3680734263236926,angry,05,06,06,female,normal,628
50,1.6683333333333334,True,1.0,0.6615966432732915,0.6550605825152749,0.6583286128942831,1.955348856619482,-0.04481481481481486,-0.04208333333333342,0.31443648970729365,0.7198862491846688,0.17093378850645177,0.33668090001721684,0.006536060758016604,0.002731481481481446,0.008468509055508456,0.15877488105235116,0.11924503309573546,0.11395982027886395,0.0,0.9999999987499999,0.6145157472754726,0.2683021281809114,0.2836473865759748,0.36015567213118743,angry,05,06,06,female,normal,628
60,2.0020000000000002,True,1.0,0.6420118673299499,0.6493982989712019,0.645705083150576,0.5767659623628715,-0.044212962962963065,-0.041666666666666685,0.37954907472298466,0.19225532078762422,0.17238206999475364,1.119527027054921,0.007386431641252078,0.0025462962962963798,0.009103073052738659,0.4787162362802925,0.12184944596970226,0.11185413208019884,0.0,0.9999999987499999,0.6184936526798219,0.2611868636785248,0.293469180531592,0.35701928874611266,angry,05,06,06,female,normal,628
70,2.3356666666666666,True,1.0,0.6134151165929199,0.6186125829440927,0.6160138497685064,1.004422236067931,-0.0400462962962963,-0.03791666666666654,0.35053268505594537,0.382621791428057,0.17301591223497842,0.6133016849368558,0.005197466351172797,0.002129629629629759,0.01607701696702439,0.2950583426614233,0.12018096551467733,0.11263456924565918,0.0,0.8685076123706873,0.6142646407547394,0.26624925279677236,0.2816354413913585,0.3459518647828734,angry,05,06,06,female,normal,628
80,2.6693333333333333,True,1.0,0.6752056245944141,0.66532468246223,0.670265153528322,1.385999840048365,-0.042314814814814805,-0.04050925925925919,0.28512570210324617,0.5661126107239798,0.17093378850645188,0.48359684767707684,0.009880942132184156,0.0018055555555556158,0.006835175570877405,0.21437163669969359,0.11961476438903555,0.11357168087273888,0.0,0.9999999987499999,0.6155896045293118,0.26310225315332997,0.26909889054273645,0.33299310834771734,angry,05,06,06,female,normal,628
90,3.003,True,1.0,0.655840846100847,0.6580569780995962,0.6569489121002217,0.9632350921778582,-0.04148148148148151,-0.039120370370370416,0.36647644922706496,0.2934856921479404,0.17162782648735414,0.6820234410426964,0.002216131998749149,0.0023611111111110916,0.0036296786863521243,0.30801375727459046,0.12579539764360112,0.1084563320597951,0.0,0.9999999987499999,0.6076202328118746,0.26277011618801777,0.28482793820886665,0.3466254197405615,angry,05,06,06,female,normal,628
100,3.336666666666667,True,1.0,0.6088606003992579,0.6338402586408614,0.6213504295200596,0.916477256289642,-0.041296296296296275,-0.03935185185185175,0.3792419459361462,0.27639790269052705,0.17372357468471164,0.6779769222376523,0.02497965824160342,0.0019444444444445264,0.0004216473906183732,0.33187897247092113,0.1216103646420029,0.1114322115371082,0.0,0.8572995529083385,0.6103317440335508,0.2617098391777993,0.2836125435047167,0.352494412625492,angry,05,06,06,female,normal,628
110,3.6703333333333332,True,1.0,0.6326881479742459,0.6366148221967479,0.634651485085497,0.9160465987479918,-0.04180555555555554,-0.039768518518518536,0.3770598127882437,0.28809957350971627,0.17228600199496916,0.6928157213321985,0.003926674222502036,0.002037037037037004,0.00151404373166106,0.31793660024371956,0.12064324926576164,0.11213927531165807,0.0,0.9999999987499999,0.6100639595760179,0.2620211989400626,0.27890520916850575,0.34621126517753964,angry,05,06,06,female,normal,628
0,0.0,True,1.0,0.6064497484926652,0.5977665605488729,0.602108154520769,0.8342007247302685,-0.05472222222222212,-0.05388888888888893,0.3728810590173381,0.3666916904316764,0.1646876008887789,0.7217785080628591,0.008683187943792303,0.000833333333333186,0.0163273063363086,0.3314771473661611,0.12459495174538392,0.11052498279610361,0.0,0.9999999987499999,0.6853449096591764,0.27592048282860754,0.2726660873174132,0.36769714588128166,angry,05,06,06,female,normal,629
10,0.33366666666666667,True,1.0,0.6241537658201062,0.6077206693276087,0.6159372175738574,0.9243693368862769,-0.056851851851851876,-0.056111111111110945,0.35196991307017916,0.43180404848391496,0.16399359797450994,0.6663323771087345,0.016433096492497468,0.0007407407407409305,0.014623968598187471,0.3060124412997685,0.11789918268418002,0.11551668808322302,0.0,0.9999999987499999,0.6842271498677596,0.27671763415538264,0.2645242249070006,0.3721676893805954,angry,05,06,06,female,normal,629
20,0.6673333333333333,True,1.0,0.652859248215057,0.6321885881371659,0.6425239181761115,1.6251705598504718,-0.059814814814814876,-0.056111111111111056,0.35971628479396,0.7593835235473644,0.16328604938601876,0.39535783753997406,0.02067066007789109,0.00370370370370382,0.018769590858837955,0.2163343835109545,0.11546218964043312,0.11843613092728307,0.0,0.9999999987499999,0.6849474483856042,0.27843153453464964,0.2774869052299372,0.3995322933105254,angry,05,06,06,female,normal,629
30,1.0010000000000001,True,1.0,0.6069122071271406,0.6052497533494856,0.6060809802383131,1.1404009213981952,-0.05273148148148138,-0.05083333333333334,0.452652406572705,0.3901371573204358,0.1681009474754647,0.5314630748414549,0.0016624537776549486,0.0018981481481480378,0.0052001343019481465,0.27257175222462693,0.11972647115976763,0.11244183818590943,0.0,0.9999999987499999,0.6328990545671394,0.26839107351166325,0.32153559779228086,0.37864944166551845,angry,05,06,06,female,normal,629
40,1.3346666666666667,True,1.0,0.6754328082801893,0.6614154147361304,0.6684241115081598,1.1064567539132186,-0.05152777777777773,-0.050462962962962876,0.329357608607532,0.4860997794567946,0.1743410058381891,0.6041122792591183,0.014017393544058843,0.0010648148148148517,0.005600034411960666,0.23908215049409948,0.12068326023959414,0.11141429696865097,0.0,0.7864783543388807,0.6320335440504327,0.2654297007731362,0.29426346726256053,0.3486937777395438,angry,05,06,06,female,normal,629
50,1.6683333333333334,True,1.0,0.5813735526658198,0.6547644964583069,0.6180690245620634,1.9719248631001054,-0.05277777777777776,-0.04717592592592601,0.3240668006248582,0.8422261231126714,0.17501089879566256,0.3134343686860278,0.07339094379248712,0.005601851851851747,0.05796293533607288,0.1539962059022845,0.11621861235157714,0.11639173900591147,0.0,0.9999999987499999,0.6278630862657564,0.27353639181712786,0.2557473932605461,0.33455291752321487,angry,05,06,06,female,normal,629
60,2.0020000000000002,True,1.0,0.6152403280611732,0.6467743699678432,0.6310073490145083,0.8856939687015897,-0.04467592592592595,-0.040879629629629655,0.4004649776104403,0.22482158925925363,0.17373806664523814,0.712443994554409,0.031534041906669974,0.0037962962962962976,0.029818805848473358,0.3320567918578134,0.12136375280227747,0.11204135824374514,0.0,0.9999999987499999,0.6193094204713135,0.26394023934794214,0.28697274333704786,0.35233950844083806,angry,05,06,06,female,normal,629
70,2.3356666666666666,True,1.0,0.5619754736560681,0.6004272742860199,0.581201373971044,0.8570853529677492,-0.041388888888888864,-0.03874999999999995,0.3907060113127378,0.2457180467335808,0.17295240163192807,0.6781137630675549,0.03845180062995179,0.002638888888888913,0.03075356415262573,0.3425273215864376,0.12148520593449655,0.11326342203550802,0.0,0.9999999987499999,0.6238757200301995,0.2627646923315894,0.26929015445798143,0.33457190588712193,angry,05,06,06,female,normal,629
80,2.6693333333333333,True,1.0,0.744134874197548,0.7358421875238891,0.7399885308607186,0.902427481748963,-0.04745370370370372,-0.04583333333333328,0.28878488372973465,0.44148699379253287,0.184815128325867,0.8199977791307649,0.0082926866736589,0.0016203703703704386,0.01234463288648141,0.3058472831934286,0.11901899136491544,0.1151925428831504,0.0,0.9999999987499999,0.6129982677133353,0.2674678313522158,0.26404585960861066,0.31939610466875246,angry,05,06,06,female,normal,629
90,3.003,True,1.0,0.6792545601200312,0.6759105686605059,0.6775825643902685,0.8940726250010386,-0.0405092592592593,-0.037546296296296244,0.36654962674092173,0.2348407982982701,0.1764995825022167,0.757860765941113,0.003343991459525242,0.002962962962963056,0.012357527295739417,0.3448275862068972,0.12424277098438039,0.10918959751158036,0.0,0.9999999987499999,0.59811737494998,0.2616201627649762,0.2854296119080991,0.3417504341381446,angry,05,06,06,female,normal,629
100,3.336666666666667,True,1.0,0.5999422658241362,0.6307059016581201,0.6153240837411282,0.77337157501129,-0.03879629629629644,-0.037407407407407334,0.3990048455778951,0.1518433483529146,0.17507366264951346,0.7956383498218764,0.030763635833983893,0.001388888888889106,0.019134942782756747,0.3952077135977598,0.12141661380595385,0.11164329110181893,0.0,0.9999999987499999,0.5980312459515056,0.26125458946808483,0.2782435044962619,0.34454235644642656,angry,05,06,06,female,normal,629
110,3.6703333333333332,True,1.0,0.6422558532609652,0.6192969047921341,0.6307763790265497,0.8285714285714293,-0.0374537037037036,-0.03624999999999989,0.3909912809535609,0.2035949530078243,0.17580557530590987,0.76128183675618,0.022958948468831175,0.0012037037037037068,0.010155834646367191,0.3752144743731286,0.12114772513324634,0.11193501351783236,0.0,0.9999999987499999,0.6097141933492147,0.2643549403623555,0.2823986047527965,0.34161565523953286,angry,05,06,06,female,normal,629
0,0.0,True,1.0,0.61122409662939,0.6264325983756273,0.6188283475025087,0.8840267820718793,-0.05680555555555561,-0.05342592592592588,0.34758940144621114,0.426317362632647,0.16189794635882343,0.7000108594585457,0.015208501746237224,0.0033796296296297323,0.02216120234391886,0.30779182127752364,0.1225599256655124,0.11158857831477126,0.0,0.9999999987499999,0.6844114737066702,0.2766434939287941,0.2632038673080329,0.36253964921499277,angry,05,06,06,female,normal,630
10,0.33366666666666667,True,1.0,0.650032188917126,0.6520980461699072,0.6510651175435166,1.2946744943224198,-0.05754629629629626,-0.05402777777777773,0.3383451222387854,0.5594137618451055,0.1625793263410684,0.5028793881386052,0.002065857252781189,0.003518518518518532,0.023995266982424275,0.20869377855291116,0.11430492612569318,0.11859339999840346,0.0,0.9999999987499999,0.6854819091699179,0.27809994834157264,0.2659584063546772,0.3785439542076444,angry,05,06,06,female,normal,630
20,0.6673333333333333,True,1.0,0.7068110178593244,0.6869725134541099,0.6968917656567172,1.3940468883032429,-0.05759259259259264,-0.05490740740740735,0.3462693485090164,0.6336447318278196,0.1646876008887789,0.49990554227694267,0.019838504405214508,0.0026851851851852904,0.016114499219270217,0.2058000034143955,0.12110959118223295,0.11282377948756235,0.0,0.9999999987499999,0.638497569949855,0.2668094545514795,0.2880071487609432,0.3612246015371797,angry,05,06,06,female,normal,630
30,1.0010000000000001,True,1.0,0.6211460928687212,0.6213553582877486,0.6212507255782349,1.168808225370674,-0.0526388888888889,-0.05009259259259252,0.38114122547535534,0.5338871802825595,0.16950926939060415,0.5315249431798039,0.00020926541902732687,0.0025462962962963798,0.018289381093634857,0.23642795281769685,0.11921998680731889,0.11280995376667528,0.0,0.9999999987499999,0.6320821291876125,0.2701724308877592,0.2886704459717128,0.3510242504388276,angry,05,06,06,female,normal,630
40,1.3346666666666667,True,1.0,0.6553355243468106,0.6645740995731981,0.6599548119600044,1.2793934881352538,-0.05268518518518511,-0.049166666666666636,0.3558883186635225,0.5779861361252124,0.16672204687006284,0.5158341183382948,0.009238575226387491,0.0035185185185184764,0.017054692068614073,0.21818201059196085,0.11901962690326877,0.11318976668617002,0.0,0.8015124235217602,0.6268860629798795,0.2696535718315852,0.28535633226850143,0.3418400828921819,angry,05,06,06,female,normal,630
50,1.6683333333333334,True,1.0,0.6093484592721242,0.6229189630057512,0.6161337111389378,1.218393365485754,-0.049861111111111134,-0.047361111111111076,0.36553965174256475,0.5413906858855991,0.17016086012648832,0.5056935868107711,0.013570503733627004,0.0025000000000000577,0.009460049200514267,0.2511618675231033,0.12112256005316299,0.11297861606181298,0.0,0.9999999987499999,0.6285147230610995,0.2694559431715105,0.2907776483066065,0.34783615895089287,angry,05,06,06,female,normal,630
60,2.0020000000000002,True,1.0,0.6279542627334984,0.6307636600318468,0.6293589613826727,1.1505892710303827,-0.050925925925925875,-0.04708333333333331,0.4124043766793993,0.40998008507979217,0.16466165602418423,0.5469883799794738,0.002809397298348393,0.003842592592592564,0.015417840707481513,0.24676279714581245,0.12200660067178952,0.11219329561883289,0.0,0.9999999987499999,0.6323179722045068,0.2688186439090485,0.30559983116132716,0.37661562631552636,angry,05,06,06,female,normal,630
70,2.3356666666666666,True,1.0,0.6898771202904207,0.6353090234408701,0.6625930718656454,1.7126841933525891,-0.049907407407407345,-0.04999999999999999,0.3761086844766843,0.6878741587211541,0.16607561779133434,0.38687405094141475,0.05456809684955055,9.259259259264407e-05,0.02012971802416087,0.18285831900585722,0.1178040618807031,0.1157783635035208,0.0,0.9999999987499999,0.6273955127128977,0.27185479120100775,0.2972036822896711,0.3681679211700979,angry,05,06,06,female,normal,630
80,2.6693333333333333,True,1.0,0.6461824331822322,0.6358375704714172,0.6410100018268248,1.1494576144879356,-0.049120370370370314,-0.047175925925925954,0.3580193019867521,0.5363984674329507,0.17083377993145385,0.5576630175375228,0.010344862710815028,0.0019444444444443598,0.0031818877878457513,0.2474930393561504,0.11931313690797443,0.11288033589497548,0.0,0.9999999987499999,0.6285049076192977,0.26797046544652087,0.2886744681014596,0.34399292279241606,angry,05,06,06,female,normal,630
90,3.003,True,1.0,0.6983193189250935,0.721018047961894,0.7096686834434938,1.6577981459704623,-0.05217592592592596,-0.049490740740740724,0.267893530874143,0.8081207143594429,0.17157225107354976,0.4280790669047704,0.02269872903680048,0.002685185185185235,0.024590839721915312,0.16842076456715924,0.1250691424775419,0.10876881809442968,0.0,0.9999999987499999,0.6247564840076655,0.2651481523156231,0.2787090262914858,0.32652034748892933,angry,05,06,06,female,normal,630
100,3.336666666666667,True,1.0,0.6909577690520369,0.6769477999144758,0.6839527844832564,1.0006860584992916,-0.04912037037037037,-0.04518518518518527,0.3576091873232099,0.4002144845204574,0.16883859075034502,0.6834838745619843,0.014009969137561029,0.003935185185185097,0.01203654789185924,0.2871867307042536,0.12391385783035792,0.11128804814517688,0.0,0.9999999987499999,0.6273467733187026,0.26451574177030196,0.2751540374794914,0.33487161731589526,angry,05,06,06,female,normal,630
110,3.6703333333333332,True,1.0,0.6374467840634281,0.668562061292271,0.6530044226778495,0.9137693089214124,-0.048240740740740695,-0.045787037037037015,0.3703494664404086,0.3462910415799549,0.16954572253075872,0.7146272218845231,0.031115277228842886,0.00245370370370368,0.021036358629066148,0.3178973558795347,0.12072480377746568,0.11085488163035959,0.0,0.9999999987499999,0.6239461366265256,0.26435357062575016,0.27761301698947866,0.3394367902935241,angry,05,06,06,female,normal,630
120,4.0040000000000004,True,1.0,0.6574412708560247,0.6919584065796998,0.6746998387178622,0.8990359849236966,-0.05111111111111116,-0.04791666666666661,0.36990904675994823,0.33155525257655244,0.17019313924806512,0.7504703371524396,0.034517135723675096,0.0031944444444445552,0.024208597079764364,0.3243518363721744,0.12522448138510195,0.1091150186462812,0.0,0.9999999987499999,0.6218468897793493,0.26497042804790016,0.2804063115984956,0.3374880084791228,angry,05,06,06,female,normal,630
0,0.0,True,1.0,0.6224911562488831,0.6641545254845755,0.6433228408667293,0.8187660101240914,-0.051805555555555494,-0.04870370370370375,0.3610499686237543,0.3719913179541524,0.16882638968335384,0.7857224566139817,0.04166336923569247,0.0031018518518517446,0.020431845018215645,0.32913185065976597,0.12261684719957103,0.1104962953533528,0.0,0.9999999987499999,0.6284628816370299,0.26315594936416664,0.2761797473332316,0.32369363722671934,angry,05,06,06,female,normal,631
10,0.33366666666666667,True,1.0,0.5938248454202998,0.6162341768215097,0.6050295111209048,0.9940556467559438,-0.054120370370370374,-0.05018518518518528,0.3474295524525376,0.4502749701181876,0.16743813444332603,0.6086475270226486,0.02240933140120993,0.003935185185185097,0.018705562982247733,0.2828824686639792,0.12469737301967589,0.10902021557597938,0.0,0.9999999987499999,0.6293692821894383,0.2644254944784449,0.2833141661463076,0.3347554974857914,angry,05,06,06,female,normal,631
20,0.6673333333333333,True,1.0,0.6553355243468101,0.6660260082338826,0.6606807662903463,1.5820060905664348,-0.051574074074073994,-0.048750000000000016,0.3384358362461229,0.6537774619609025,0.16747777169626332,0.41762213826483474,0.0106904838870725,0.002824074074073979,0.018086205804844845,0.1896847990085116,0.12106585143038716,0.11287071325776364,0.0,0.9999999987499999,0.6319352130930497,0.2655386747453904,0.2950319278421659,0.3664310950637164,angry,05,06,06,female,normal,631
30,1.0010000000000001,True,1.0,0.6415973149294649,0.6645740995731987,0.6530857072513319,1.206838602070719,-0.05060185185185173,-0.04685185185185187,0.36933043919824193,0.543769888619475,0.17161493459470606,0.5411541411840438,0.02297678464373376,0.0037499999999998646,0.015058272036545865,0.2225434301309815,0.1194741757080151,0.113384002398418,0.0,0.9999999987499999,0.6305658066117072,0.2677031111826986,0.28633961537413954,0.34462965537055734,angry,05,06,06,female,normal,631
40,1.3346666666666667,True,1.0,0.6225252709452792,0.6361391675512247,0.629332219248252,1.273460868535127,-0.05143518518518525,-0.04865740740740743,0.35384065710670937,0.5279085856558059,0.1729801903900013,0.4941904653671677,0.013613896605945475,0.0027777777777778234,0.020242661751294855,0.2224929839706862,0.12445322769125172,0.10877465015700613,0.0,0.9999999987499999,0.625583373388418,0.266388919421598,0.2902218237131196,0.33768247719980476,angry,05,06,06,female,normal,631
50,1.6683333333333334,True,1.0,0.596762507128726,0.6034129753543479,0.600087741241537,1.1932819197423683,-0.0490740740740741,-0.04615740740740748,0.3673865119740476,0.4921193207367998,0.17363923383335514,0.5028884887245229,0.006650468225621875,0.002916666666666623,0.009559258481459634,0.2744424531541301,0.12026236266408405,0.1138938381474421,0.0,0.9999999987499999,0.6205535026745073,0.2680712098052108,0.28289727227118944,0.3378393569667775,angry,05,06,06,female,normal,631
60,2.0020000000000002,True,1.0,0.6533043527456869,0.6642560122789501,0.6587801825123185,1.1126902045295282,-0.04893518518518519,-0.04546296296296298,0.37979645152427727,0.4208251414566811,0.17161493459470606,0.5920607369693404,0.01095165953326327,0.00347222222222221,0.025772168606622813,0.26087853519390497,0.11383993462946447,0.11661441047687723,0.0,0.9999999987499999,0.6603550834943354,0.2836315043603331,0.2675629023656895,0.384126687670682,angry,05,06,06,female,normal,631
70,2.3356666666666666,True,1.0,0.6286094332219687,0.6373883712620029,0.6329989022419857,1.3297448178227897,-0.047175925925925954,-0.04472222222222216,0.3769420733085339,0.5492321589882556,0.1694484967301334,0.4760303584250126,0.008778938040034157,0.002453703703703791,0.0089898667180767,0.24456064627871954,0.12471988665591582,0.10969142129138489,0.0,0.9999999987499999,0.6228823983655962,0.2652167251580319,0.2925229983344643,0.3483031460347293,angry,05,06,06,female,normal,631
80,2.6693333333333333,True,1.0,0.688012941548329,0.7009981761284666,0.6945055588383978,1.339231528118171,-0.055787037037037135,-0.05370370370370359,0.3028088969971863,0.5789766257350026,0.17779880505291804,0.5185851320378384,0.012985234580137561,0.002083333333333548,0.010437652338375878,0.19189619510304945,0.11950305045290474,0.11335356895011127,0.0,0.7071067807446058,0.6233853105617246,0.26503068851984585,0.2707686218447729,0.31957958445811585,angry,05,06,06,female,normal,631
90,3.003,True,1.0,0.6427933072978701,0.6331582965508931,0.6379758019243815,1.2177475827402384,-0.049583333333333424,-0.04597222222222225,0.3530002062119624,0.5163342816051903,0.17435850949207068,0.5238982289652963,0.009635010746977035,0.003611111111111176,0.020391118529011324,0.2566154539780977,0.11818041558096544,0.11605271050002142,0.0,0.9999999987499999,0.6565380566601641,0.28478614278485326,0.2660033126101983,0.3739712990030126,angry,05,06,06,female,normal,631
100,3.336666666666667,True,1.0,0.6368623081154722,0.6349831467716313,0.6359227274435517,0.9571740060541599,-0.046574074074074046,-0.044490740740740775,0.38050192937059213,0.3713883082970483,0.1688046967201021,0.664375258230288,0.0018791613438409183,0.0020833333333332704,0.015110847528590095,0.31202132005424277,0.12168319828632083,0.11305068459133143,0.0,0.9999999987499999,0.6560465612807622,0.2837451639727782,0.2643299611913012,0.3729957954932334,angry,05,06,06,female,normal,631
110,3.6703333333333332,True,1.0,0.6466842969951792,0.6521409674177522,0.6494126322064657,0.9142219137265885,-0.046388888888888924,-0.04365740740740748,0.38095798268552056,0.342819976889583,0.17087798736771304,0.710344635646835,0.005456670422573029,0.002731481481481446,0.009313044029398499,0.3266807461147166,0.11752675536287226,0.11622388813111541,0.0,0.9999999987499999,0.6554713022865396,0.28513095574558317,0.2591519351666654,0.37151629230194433,angry,05,06,06,female,normal,631
0,0.0,True,1.0,0.6361434517937565,0.6518425181114854,0.6439929849526209,0.8040158705931707,-0.05416666666666675,-0.05162037037037037,0.3554035364264723,0.3488339710270941,0.16876130242820955,0.8009704889003108,0.015699066317728883,0.0025462962962963798,0.01704978312423639,0.3400697443387737,0.1264893543786849,0.10782302726692604,0.0,0.7071067807446058,0.6274167104341737,0.2612595820551604,0.29105040527412873,0.3305415919204296,angry,05,06,06,female,strong,632
10,0.33366666666666667,True,1.0,0.6870323477374276,0.6952382837802391,0.6911353157588334,0.8253461550127579,-0.05560185185185185,-0.0537037037037037,0.35299421853239876,0.3591004979696308,0.1680718980589822,0.8373884237070809,0.008205936042811501,0.0018981481481481488,0.01257060697481603,0.3146188644374961,0.12376707427534829,0.10955474304919778,0.0,0.9999999987499999,0.6243562662096089,0.2611261953182113,0.2887748492729848,0.3334077008267267,angry,05,06,06,female,strong,632
20,0.6673333333333333,True,1.0,0.6582193755888177,0.6648783780967193,0.6615488768427685,1.3822569218092684,-0.04791666666666661,-0.04527777777777775,0.3837360208203825,0.6205642606161151,0.1625469433396473,0.478600516593436,0.006659002507901635,0.0026388888888888573,0.009983808079617412,0.22406972820409002,0.12147179867749973,0.11243371567366713,0.0,0.9999999987499999,0.6279431756608894,0.26265249515727357,0.31206441419031106,0.3708948877691009,angry,05,06,06,female,strong,632
30,1.0010000000000001,True,1.0,0.5207522736150972,0.5131283068110273,0.5169402902130622,1.0592296010229925,-0.033564814814814825,-0.034814814814814854,0.4800219683814674,0.2562605387089082,0.16458379689082933,0.4880342181844303,0.007623966804069959,0.0012500000000000289,0.007622198115307828,0.3084620997546742,0.11554646066826285,0.11867542992631863,0.0,0.9999999987499999,0.6082474061890382,0.2623731326860775,0.27596277061722585,0.31778915000451236,angry,05,06,06,female,strong,632
40,1.3346666666666667,True,1.0,0.6205059391882152,0.6358113350580343,0.6281586371231247,1.464076404172643,-0.039490740740740604,-0.03810185185185189,0.36347952785392684,0.597572362278245,0.17430949483188368,0.42904771590667107,0.01530539586981916,0.0013888888888887174,0.011891679039491662,0.21834720967911034,0.12415293950814554,0.11033270432437495,0.0,0.9999999987499999,0.600510420277486,0.26217470707279383,0.3075401951594912,0.35546952095080003,angry,05,06,06,female,strong,632
50,1.6683333333333334,True,1.0,0.6566528562214108,0.6388747802186788,0.6477638182200448,1.883025477295222,-0.04439814814814802,-0.043564814814814834,0.3554161651233311,0.7607422928272703,0.17083377993145385,0.34400162187422595,0.017778076002731957,0.000833333333333186,0.002915850852313849,0.1755000000000002,0.12210611482652906,0.11140299422027218,0.0,0.9999999987499999,0.5910481458208283,0.26323265597385204,0.30455319553994453,0.3537778274607421,angry,05,06,06,female,strong,632
60,2.0020000000000002,True,1.0,0.5974240997037665,0.5793272353176779,0.5883756675107222,0.6347175753122504,-0.03527777777777774,-0.03490740740740739,0.38409620694390445,0.16924479834984998,0.1729171078841008,0.926988144642552,0.018096864386088596,0.00037037037037035425,0.010253203532500851,0.462997389174061,0.12040491717205204,0.1144111618352381,0.0,0.9999999987499999,0.647938500126613,0.2819000834266278,0.2780164941311282,0.3691774719035379,angry,05,06,06,female,strong,632
70,2.3356666666666666,True,1.0,0.6217654611400435,0.6062921370285553,0.6140287990842994,1.1611989895635775,-0.03532407407407406,-0.03296296296296297,0.37685041141398073,0.46590194082788516,0.1708337799314538,0.5287886095345938,0.015473324111488163,0.0023611111111110916,0.008132285888925448,0.2788662881728443,0.12077468492387285,0.11452093850514261,0.0,0.791993148584675,0.6483273638830532,0.284702965343901,0.2789938861270145,0.37745152228770523,angry,05,06,06,female,strong,632
80,2.6693333333333333,True,1.0,0.7721266927286919,0.7471015534562323,0.7596141230924621,1.5682844744079223,-0.05009259259259258,-0.046527777777777835,0.25602136643894163,0.8468736161802778,0.18126052299733003,0.48435990758579744,0.02502513927245964,0.003564814814814743,0.0022647667282481693,0.18749999999999986,0.12274100033527112,0.11018559521740447,0.0,0.883244669759515,0.5773378904296094,0.26833777853718643,0.28964244872173495,0.33654872181424555,angry,05,06,06,female,strong,632
90,3.003,True,1.0,0.6755728901612524,0.685758818793928,0.6806658544775902,1.6442851262612954,-0.04189814814814802,-0.03907407407407415,0.36278766986593647,0.6443737351569321,0.17088736323246195,0.4139585304315553,0.010185928632675534,0.002824074074073868,0.013310198945439871,0.19763259752505485,0.12289538782071528,0.11241173192710255,0.0,0.9999999987499999,0.6406510435814952,0.2839565856416237,0.2937368147880776,0.3947635014599707,angry,05,06,06,female,strong,632
100,3.336666666666667,True,1.0,0.6775305677199658,0.6718237464753901,0.674677157097678,1.1869129729790866,-0.042731481481481426,-0.04069444444444459,0.3716136697038094,0.43226035129089924,0.16881509161283545,0.5684301818727916,0.005706821244575666,0.0020370370370368374,0.0084243103075332,0.25121030994942256,0.12486824524864161,0.10952250618497947,0.0,0.9999999987499999,0.5967016447282038,0.2618613613261618,0.30297492433632367,0.3454013861240963,angry,05,06,06,female,strong,632
110,3.6703333333333332,True,1.0,0.6679864984111727,0.6824430687853816,0.6752147835982771,1.1535319247257412,-0.04236111111111107,-0.04069444444444442,0.36932637406652025,0.41408838323488134,0.17020344934400025,0.5853455540546165,0.014456570374208888,0.0016666666666666496,0.008722688755629034,0.26805609314959045,0.12242695918951955,0.11173444344785234,0.0,0.9999999987499999,0.5989083509966486,0.2642520148003042,0.29637906522658347,0.3492785712704637,angry,05,06,06,female,strong,632
120,4.0040000000000004,True,1.0,0.6767446514070969,0.6782031138835091,0.6774738826453031,1.0100894380854881,-0.046203703703703636,-0.04259259259259268,0.38086438298344,0.3751639645228803,0.16882638968335378,0.670706827634372,0.0014584624764121257,0.003611111111110954,0.008215773291497265,0.289628882275759,0.1209877592373183,0.11278562169520626,0.0,0.9999999987499999,0.6382113737448105,0.28478769275325505,0.2717775589762829,0.3748949141313718,angry,05,06,06,female,strong,632
0,0.0,True,1.0,0.6659735810659845,0.6885809720599594,0.677277276562972,1.0291135198032617,-0.047592592592592464,-0.04546296296296298,0.36840369138420054,0.40264308060283616,0.16667078648879474,0.6581171693210763,0.022607390993974907,0.0021296296296294814,0.012047830811422192,0.2856559541016422,0.12529989191732002,0.1095513895864385,0.0,0.8454817140223546,0.6288753944781037,0.2642658987439608,0.2926207999684351,0.3437574187594891,angry,05,06,06,female,strong,633
10,0.33366666666666667,True,1.0,0.6842384051870584,0.7066534190040804,0.6954459120955694,0.9921921387102471,-0.05064814814814805,-0.04666666666666652,0.36894597945918056,0.385016216515461,0.16598876984135164,0.7009185871998352,0.022415013817022045,0.00398148148148153,0.00939960282250671,0.2858276276132014,0.12289817625263712,0.11189906278928893,0.0,0.9999999987499999,0.6272617239161289,0.2631450478751466,0.2905332972077466,0.3395217680849565,angry,05,06,06,female,strong,633
20,0.6673333333333333,True,1.0,0.6058957618915101,0.6307636600318475,0.6183297109616788,1.4126001451075845,-0.04287037037037045,-0.04004629629629619,0.3895433898480868,0.5664298875874055,0.15627392394971282,0.43772451326952566,0.024867898140337408,0.0028240740740742565,0.008512209176778225,0.2402937633346293,0.1195409709142784,0.11498263525151038,0.0,0.9999999987499999,0.6223771394807923,0.2630100518026005,0.30771438659589817,0.37004431575909147,angry,05,06,06,female,strong,633
30,1.0010000000000001,True,1.0,0.517704245639723,0.5122075171413527,0.5149558813905378,1.103628377924239,-0.03490740740740744,-0.03245370370370371,0.47673495547048533,0.3020244847981977,0.15975278994936193,0.46660260980158313,0.00549672849837024,0.0024537037037037357,0.005749927649709097,0.3021359093698352,0.11866413781648592,0.11670643628592027,0.0,0.9999999987499999,0.6135175896374175,0.26603956996012834,0.29711961376546053,0.34758658110877433,angry,05,06,06,female,strong,633
40,1.3346666666666667,True,1.0,0.6230357781269841,0.5807323758886143,0.6018840770077991,1.4672260982531666,-0.03777777777777791,-0.035601851851851885,0.38265946809227613,0.5854796449760232,0.16319491194709926,0.4102190369462371,0.042303402238369814,0.0021759259259260255,0.011963783949813789,0.24879807692307654,0.11266017524300101,0.12126179615546502,0.0,0.9999999987499999,0.6436709049166541,0.28586333997502267,0.26903826402724235,0.37820956603732686,angry,05,06,06,female,strong,633
50,1.6683333333333334,True,1.0,0.577255392918147,0.6089240787136481,0.5930897358158975,1.8378328658401357,-0.037777777777777743,-0.036435185185185126,0.35836862843506156,0.7004854775538218,0.1666739907244912,0.3227114645948918,0.031668685795501084,0.0013425925925926174,0.008086064847826757,0.17981557377049168,0.11862483379941248,0.11576309858939189,0.0,0.9999999987499999,0.5919618982905662,0.26530873613271755,0.2934777677373939,0.3461032813570949,angry,05,06,06,female,strong,633
60,2.0020000000000002,True,1.0,0.6644186675885175,0.651211515799486,0.6578150916940018,1.1477983162850165,-0.04203703703703687,-0.03990740740740728,0.44415220605489175,0.32088985186462815,0.17160293092747095,0.5731103473152821,0.013207151789031535,0.0021296296296295925,0.005114401804122031,0.2603028280492518,0.11844702846853127,0.11643693348052256,0.0,0.9999999987499999,0.6427249487842013,0.2865821561922982,0.2946494734935795,0.3922956213050512,angry,05,06,06,female,strong,633
70,2.3356666666666666,True,1.0,0.6139015898408896,0.6133987671499846,0.6136501784954371,1.6987654320987646,-0.04342592592592587,-0.04277777777777786,0.41408580156003694,0.5399176954732512,0.16739803204185613,0.36123302658525025,0.0005028226909049582,0.0006481481481480089,0.007305192258245595,0.18750000000000028,0.11982805082215431,0.11435069076135594,0.0,0.9999999987499999,0.5912636640593738,0.26955167003029207,0.3184470763416656,0.374093245893068,angry,05,06,06,female,strong,633
80,2.6693333333333333,True,1.0,0.6693917822941239,0.696131493969837,0.6827616381319804,0.9649410670405192,-0.044120370370370476,-0.04083333333333328,0.3216541305449542,0.4486129522205917,0.17372357468471153,0.7075682251000209,0.026739711675713096,0.0032870370370371993,0.007899085563863751,0.28618421052631615,0.11571352403508908,0.11915384335617989,0.0,0.9999999987499999,0.5992073524331608,0.26418125147886307,0.26557483088142025,0.3175225219568652,angry,05,06,06,female,strong,633
90,3.003,True,1.0,0.7476561473619743,0.7162743635981946,0.7319652554800844,2.3013264560719677,-0.047083333333333255,-0.04458333333333331,0.30975874245849266,0.8968404571456928,0.1743795115575408,0.31806233033510745,0.03138178376377965,0.0024999999999999467,0.005383720680741753,0.1325570321861762,0.1231317694352742,0.11215275822728529,0.0,0.9999999987499999,0.6293969294202055,0.28681369975453824,0.28027091726353726,0.3782894349298116,angry,05,06,06,female,strong,633
100,3.336666666666667,True,1.0,0.7143941690120446,0.6885379440368564,0.7014660565244505,1.2647704810441196,-0.04624999999999996,-0.04226851851851843,0.35792910440011744,0.4910285396994823,0.17388555239833817,0.5546192507160363,0.025856224975188136,0.00398148148148153,0.008326625937655954,0.23852560379929882,0.1251308146425026,0.10939671478955615,0.0,0.9999999987499999,0.5975542509738271,0.25415954209075964,0.3057364902768574,0.3393207845216602,angry,05,06,06,female,strong,633
110,3.6703333333333332,True,1.0,0.6918629053107413,0.6889916609183594,0.6904272831145504,1.2003749751270327,-0.04472222222222222,-0.04208333333333336,0.36594351239599154,0.4537042323479951,0.17172381840952747,0.5751763385782714,0.0028712443923819553,0.0026388888888888573,0.008719451436523772,0.2471998104842273,0.12587738504266413,0.10906217381642952,0.0,0.7071067807446058,0.5950366125590861,0.2543331438890256,0.30441635953946977,0.3377866563137916,angry,05,06,06,female,strong,633
120,4.0040000000000004,True,1.0,0.6906646180417926,0.7020304342563334,0.696347526149063,1.2101576754430925,-0.04416666666666663,-0.04166666666666663,0.36294260360159136,0.4426989514189713,0.17097797008486298,0.5754188402714541,0.011365816214540803,0.0025000000000000022,0.010369651994264263,0.24037835974175187,0.12549996242781572,0.10897303065669592,0.0,0.9999999987499999,0.5941725519739145,0.25793070123852446,0.30349717033615925,0.3389664500806267,angry,05,06,06,female,strong,633
0,0.0,True,1.0,0.6552369100629074,0.6638138265304683,0.6595253682966878,0.7433638703201486,-0.050925925925925875,-0.04662037037037042,0.357929843544376,0.3033338878496472,0.167438134443326,0.8872174107851737,0.008576916467560869,0.0043055555555554514,0.00807591904783945,0.36951018062582974,0.12579519297522537,0.10933136418405118,0.0,0.8493831993033785,0.6244087604338611,0.25853748979771474,0.29454098829910075,0.33301227422774893,angry,05,06,06,female,strong,634
10,0.33366666666666667,True,1.0,0.605571070475203,0.6521409674177501,0.6288560189464765,0.7637611661470506,-0.052499999999999936,-0.0506018518518519,0.34238685049122697,0.3273262140630218,0.16947325859287193,0.8233673651134547,0.046569896942547095,0.0018981481481480378,0.0022809538433053696,0.35645204690828525,0.12020396001286467,0.11545036061746736,0.0,0.9999999987499999,0.6695828617697078,0.2750157581976368,0.2717545442359997,0.36679972903727925,angry,05,06,06,female,strong,634
20,0.6673333333333333,True,1.0,0.6401428481291008,0.6110829198705405,0.6256128839998207,1.4692378328741962,-0.04476851851851843,-0.04148148148148145,0.37336687382813927,0.6170798898071622,0.16461299838138876,0.42580776917237806,0.029059928258560297,0.0032870370370369772,0.004009122579239163,0.23646154549947448,0.12252770216086221,0.11264338452822079,0.0,0.9999999987499999,0.6238916380302121,0.2614444697627687,0.32071185296044846,0.37158267029607545,angry,05,06,06,female,strong,634
30,1.0010000000000001,True,1.0,0.6436741355259405,0.6153250202254802,0.6294995778757104,1.3447741388950463,-0.040833333333333444,-0.03944444444444456,0.36723420083962355,0.5527544351073764,0.17153889718267504,0.46810803366054327,0.02834911530046036,0.001388888888888884,0.007296817973264212,0.22496045964412495,0.1180637839244347,0.11534845221780701,0.0,0.9999999987499999,0.6170511181191226,0.2614476451218777,0.284032819314998,0.3352280524683851,angry,05,06,06,female,strong,634
40,1.3346666666666667,True,1.0,0.6338402586408596,0.6068572369151546,0.6203487477780071,1.047263701961828,-0.03953703703703704,-0.03796296296296292,0.4076113561388982,0.37781032285964633,0.1729184315296482,0.5923519994208855,0.026983021725704992,0.0015740740740741166,0.0007323698823803063,0.3064324431465874,0.12137988366689785,0.11151250355843759,0.0,0.9999999987499999,0.6007844205260229,0.25906753867290994,0.31258158263197333,0.3502433690841541,angry,05,06,06,female,strong,634
50,1.6683333333333334,True,1.0,0.5873735300278131,0.5556428321587581,0.5715081810932856,1.1897607603337421,-0.03703703703703709,-0.035601851851851996,0.3848806037676084,0.4548985653751217,0.17083735267438857,0.48035554722192275,0.031730697869055025,0.001435185185185095,0.004503954239434938,0.2781839623052167,0.12101733943341668,0.11173546535371008,0.0,0.9999999987499999,0.610185036155087,0.259879461700205,0.30803318628335974,0.3485885754806591,angry,05,06,06,female,strong,634
60,2.0020000000000002,True,1.0,0.6485854323816476,0.65846873107921,0.6535270817304288,1.0485167152917185,-0.04337962962962949,-0.040231481481481424,0.4199800307162741,0.28128289164657694,0.17710444305856665,0.6232872325250479,0.009883298697562437,0.0031481481481480666,0.0036462536974809904,0.28808264519315074,0.11906728783995608,0.1146451541299292,0.0,0.7071067807446058,0.6445354692345687,0.2817405211170172,0.29534715739958417,0.3868672620014699,angry,05,06,06,female,strong,634
70,2.3356666666666666,True,1.0,0.6388747802186766,0.607257921436045,0.6230663508273608,1.3293382042503963,-0.03773148148148142,-0.03731481481481491,0.34218307835558986,0.48689834603816096,0.1722239942015136,0.4687041633462293,0.03161685878263165,0.00041666666666650976,0.006029106740312941,0.23546007975634975,0.12197824442745009,0.1123937632765589,0.0,0.7502240868192847,0.5829107101825105,0.26571358517753,0.31090792943660245,0.3667912352250233,angry,05,06,06,female,strong,634
80,2.6693333333333333,True,1.0,0.6073546973034084,0.6073546973034085,0.6073546973034085,1.0087519016229227,-0.040092592592592735,-0.03814814814814815,0.40048704647925476,0.3765583495075451,0.1729171078841008,0.6020853059372385,1.1102230246251565e-16,0.0019444444444445819,0.0034320542962921028,0.3160911744168738,0.12215504670064506,0.11152030717431148,0.0,0.9999999987499999,0.5989463860934999,0.2585008636049939,0.31374119392644917,0.34790870170485994,angry,05,06,06,female,strong,634
90,3.003,True,1.0,0.7611691321973346,0.7471015534562323,0.7541353428267834,1.1809609714923337,-0.05009259259259258,-0.04736111111111119,0.25391341410571405,0.6748348408527618,0.18333707863421073,0.6385777015762107,0.014067578741102316,0.0027314814814813904,0.005842288848168613,0.24173189947644377,0.12479329620487058,0.11030098388045641,0.0,0.7071067807446058,0.5864684485278486,0.26545096716794114,0.28747102449438977,0.33367235176573806,angry,05,06,06,female,strong,634
100,3.336666666666667,True,1.0,0.713299791939373,0.6919544497932482,0.7026271208663106,2.1553442779104888,-0.04824074074074075,-0.043749999999999956,0.3200354819903728,0.8786432597937125,0.17569487868612624,0.3259929877873045,0.021345342146124824,0.004490740740740795,0.0035755110195301557,0.14360277283353293,0.12090207583021374,0.11421976180542162,0.0,0.9999999987499999,0.634755655551283,0.2822920846598749,0.28867422572672724,0.38722101539920634,angry,05,06,06,female,strong,634
110,3.6703333333333332,True,1.0,0.697150817169372,0.6755509062662781,0.6863508617178251,1.2443358007835488,-0.043888888888888866,-0.04282407407407396,0.3625304894444159,0.48142865270345475,0.1722239942015136,0.5515800970169268,0.021599910903093877,0.0010648148148149073,0.0027049255483008947,0.2410660236719466,0.12470380894241724,0.10936183142335333,0.0,0.9999999987499999,0.5943728125312625,0.25511443478950274,0.30805120733316366,0.3573853678606277,angry,05,06,06,female,strong,634
120,4.0040000000000004,True,1.0,0.6798600802541542,0.6584687310792099,0.6691644056666821,1.1899829088502165,-0.04537037037037028,-0.04328703703703707,0.368936834532694,0.4333783873965839,0.17222222222222228,0.5623311063460913,0.02139134917494434,0.002083333333333215,0.0015417873730810248,0.25693824905595547,0.12504640733827052,0.10966705038042722,0.0,0.9999999987499999,0.5907035313813025,0.25691280261030375,0.30499698122745406,0.35243982068330565,angry,05,06,06,female,strong,634
130,4.337666666666666,True,1.0,0.659231976904792,0.6639014566812781,0.661566716793035,1.185084438414656,-0.04236111111111118,-0.04129629629629633,0.37268898196373745,0.4666154633895023,0.16805600953544336,0.5582443709057934,0.0046694797764861296,0.0010648148148148517,0.00013446778761696623,0.26014981937410503,0.11925906440923394,0.1151096075271673,0.0,0.7071067807446058,0.6391835683179522,0.2813071810054183,0.2751560813729106,0.378769386655266,angry,05,06,06,female,strong,634
0,0.0,True,1.0,0.6693917822941231,0.6472589240272375,0.6583253531606803,1.0755102410196589,-0.04921296296296296,-0.047175925925925954,0.36502256157173063,0.39584751926418066,0.16945570055431025,0.6121051460528557,0.022132858266885602,0.002037037037037004,0.0003337741724053074,0.2656249999999991,0.11660006258889995,0.11617371525984263,0.0,0.9999999987499999,0.6646145919461536,0.27870593324117365,0.2625527892399059,0.37099850314442157,angry,05,06,06,female,strong,635
10,0.33366666666666667,True,1.0,0.6693917822941243,0.6467439099001735,0.658067846097149,1.2259096798104538,-0.04726851851851854,-0.0443055555555556,0.35435778618378433,0.48270193642536674,0.1680923239539125,0.5367996165907567,0.02264787239395083,0.002962962962962945,0.008183964848570143,0.2393890743251457,0.1162584244436037,0.11700511656031849,0.0,0.9999999987499999,0.663385877085209,0.28091794318194724,0.2710081380790662,0.38690265343133895,angry,05,06,06,female,strong,635
20,0.6673333333333333,True,1.0,0.6089240787136506,0.5917504508411662,0.6003372647774083,1.5380624473775817,-0.04328703703703707,-0.04041666666666671,0.36388323235819303,0.5973058048068279,0.1667037414004809,0.390320474829219,0.017173627872484443,0.0028703703703703565,0.005184589878156984,0.218662245234082,0.11980415975429418,0.1147083843577788,0.0,0.920474577826522,0.6540294011432698,0.2810287401324428,0.28762663030979746,0.3948447643068869,angry,05,06,06,female,strong,635
30,1.0010000000000001,True,1.0,0.6490478976436002,0.6210754808267188,0.6350616892351595,0.9841033300248444,-0.0403240740740739,-0.03819444444444442,0.37246839475542043,0.33777890307868846,0.18333999159310846,0.6453201303760723,0.02797241681688134,0.0021296296296294814,0.0012305554933210634,0.31059054762098626,0.11522148504274372,0.11689097615913333,0.0,0.9302628442175767,0.5932312542360695,0.25664021113561625,0.27414391222983814,0.3208281990071592,angry,05,06,06,female,strong,635
40,1.3346666666666667,True,1.0,0.5936302578523339,0.579913675028485,0.5867719664404094,1.1575387779918669,-0.03458333333333341,-0.03370370370370368,0.39327804211910156,0.36516773664688673,0.17641008171331204,0.5069134422074041,0.01371658282384891,0.0008796296296297301,0.00809929704283931,0.3015675884278368,0.12364398217040735,0.10934572775122287,0.0,0.7059677634220679,0.5848127128742122,0.257328543953971,0.30832016489634817,0.3433731754610764,angry,05,06,06,female,strong,635
50,1.6683333333333334,True,1.0,0.6062921370285552,0.5799136750284839,0.5931029060285196,1.1520000000000004,-0.03657407407407398,-0.03648148148148156,0.3845923698851005,0.4266666666666674,0.1763893214209619,0.5148462725942008,0.026378462000071323,9.259259259242203e-05,0.0022367303808795242,0.2847222222222222,0.12650828653128626,0.1076239354026494,0.0,0.7276569856254201,0.5990797379733144,0.2594114385158196,0.30724355759283306,0.343534663885837,angry,05,06,06,female,strong,635
60,2.0020000000000002,True,1.0,0.6368623081154734,0.6257696591553055,0.6313159836353894,1.1410588233158638,-0.041018518518518565,-0.040000000000000036,0.45395973507009707,0.282261919451819,0.17504359111107873,0.553272075668119,0.011092648960167928,0.0010185185185185297,0.008171196911695903,0.26665521457980884,0.11471162428448389,0.1186826261800695,0.0,0.8156909852014467,0.6370691414378251,0.2856464142032514,0.2914086601604636,0.39769640166274145,angry,05,06,06,female,strong,635
70,2.3356666666666666,True,1.0,0.2615209426155334,0.24539817612121426,0.25345955936837383,0.6013499187092854,-0.06726851851851845,-0.06763888888888886,0.3639436496787622,0.190671925444408,0.18268942736057145,0.4214843163401265,0.016122766494319124,0.00037037037037040976,0.01088306582447839,0.42809318527929163,0.11709013566573818,0.11780135042098384,0.0,0.9999999987499999,0.648206101925145,0.2799561788747423,0.265251944345818,0.35900111649242344,angry,05,06,06,female,strong,635
80,2.6693333333333333,True,1.0,0.661963440865161,0.6521409674177501,0.6570522041414555,1.2398829307148942,-0.04430555555555554,-0.04430555555555543,0.45189161652962384,0.39723812212802384,0.17123480043303194,0.5299308409404515,0.00982247344741094,1.1102230246251565e-16,0.006709909524289569,0.2628501846497962,0.1179408692579614,0.11280341617998196,0.0,0.8056235958564597,0.6021209461128202,0.26897765077263247,0.29665090401239397,0.36014677029423103,angry,05,06,06,female,strong,635
90,3.003,True,1.0,0.6828688055430175,0.6724542300434567,0.6776615177932371,1.17290872853704,-0.042685185185185215,-0.04421296296296301,0.32651117188410145,0.5294379677424135,0.18157971088822122,0.5777615097455018,0.010414575499560819,0.0015277777777777946,0.0024107200926050806,0.2503855052405551,0.11426996453045789,0.11684709000986802,0.0,0.9999999987499999,0.5984237289915966,0.26032831226649367,0.2531272818897004,0.3137972728859754,angry,05,06,06,female,strong,635
100,3.336666666666667,True,1.0,0.78693293286317,0.7417479188790738,0.7643404258711219,2.406994720782722,-0.047824074074074074,-0.04597222222222214,0.2838800228225716,0.9720555603160992,0.17930458142782338,0.31754968935809247,0.045185013984096245,0.0018518518518519378,0.003916238954318963,0.1213978007852817,0.11855371933922872,0.11417934289550852,0.0,0.9999999987499999,0.6333201875515831,0.2812514557231612,0.2798020515081307,0.3712708977876922,angry,05,06,06,female,strong,635
110,3.6703333333333332,True,1.0,0.6932836089049866,0.7138945213230572,0.703589065114022,1.2760351933587266,-0.049490740740740835,-0.046666666666666634,0.3597547797876099,0.48401334920503475,0.17588584101174154,0.5513868808446138,0.02061091241807056,0.002824074074074201,0.00941479176731202,0.23304225658552236,0.12553297127997565,0.10823317103113732,0.0,0.9999999987499999,0.5982033829156662,0.2589916139516027,0.3048206462213985,0.3594600921073227,angry,05,06,06,female,strong,635
120,4.0040000000000004,True,1.0,0.7338025513208739,0.7267497653275851,0.7302761583242294,1.2867393276094847,-0.044120370370370365,-0.04328703703703701,0.3630428765178744,0.5176104790436029,0.17161493459470595,0.5675400935175757,0.007052785993288846,0.0008333333333333526,0.0011384772034737625,0.23302277533815877,0.11758320536013155,0.11517854196962193,0.0,0.9999999987499999,0.6436580788018332,0.2784719537517819,0.27503772786522585,0.3732932869405968,angry,05,06,06,female,strong,635
130,4.337666666666666,True,1.0,0.7224451870063106,0.7071817713786822,0.7148134791924964,1.1596014234629544,-0.044907407407407396,-0.04287037037037039,0.36649124289626894,0.4623609992404551,0.17096235163967646,0.6164303222893831,0.01526341562762834,0.002037037037037004,0.005022392740414454,0.24952380737615104,0.11910741870892688,0.11410364308067951,0.0,0.9999999987499999,0.6453637531887756,0.2787838771145192,0.27057134964560936,0.37037181355519316,angry,05,06,06,female,strong,635
0,0.0,True,1.0,0.7600760040552137,0.7492813579898228,0.7546786810225182,1.0535383820695334,-0.056203703703703645,-0.05708333333333332,0.3630079478585609,0.5493450135076846,0.17515731280342148,0.7163276572231324,0.010794646065390934,0.0008796296296296746,0.004208004169410365,0.2575393768188561,0.12280081648277767,0.11149443756638243,0.0,0.9999999987499999,0.6268337589254452,0.2644407838349822,0.29671529205541397,0.35390284308127967,fearful,06,06,06,female,normal,636
10,0.33366666666666667,True,1.0,0.7623112320635494,0.7646375285909601,0.7634743803272548,0.9855903710861891,-0.056712962962962965,-0.059259259259259234,0.36505789731754135,0.5077099340858043,0.17579212179171347,0.7746366063680725,0.002326296527410676,0.0025462962962962687,0.0005298925353203368,0.25612105678056274,0.12044476709762905,0.11302868897047812,0.0,0.9999999987499999,0.6700319493109744,0.2767802387524011,0.28079032899223016,0.37917255199958444,fearful,06,06,06,female,normal,636
20,0.6673333333333333,True,1.0,0.7324814836399488,0.7277510999070631,0.730116291773506,0.9612335297409909,-0.05763888888888885,-0.059166666666666534,0.4103459616714818,0.375276104076962,0.17855598934648143,0.7595618225783691,0.004730383732885701,0.0015277777777776835,0.003524113148246775,0.2854316462253559,0.12328727997444597,0.11061233583352768,0.0,0.9999999987499999,0.6186294259500675,0.2667234623670582,0.3065120148402702,0.3636030889514109,fearful,06,06,06,female,normal,636
30,1.0010000000000001,True,1.0,0.7465127736698742,0.7142321292483794,0.7303724514591268,1.023225925225547,-0.05449074074074073,-0.05717592592592591,0.4024372398452906,0.36350451727835376,0.1792896883393885,0.7137939270822646,0.03228064442149481,0.0026851851851851793,0.0005003984315627402,0.28247072846054777,0.12008035775559107,0.11425258802379956,0.0,0.9999999987499999,0.6169563945969013,0.2666187651352373,0.30052553484547234,0.35624132760205485,fearful,06,06,06,female,normal,636
40,1.3346666666666667,True,1.0,0.7351145963870774,0.7233909148633212,0.7292527556251993,1.193286535232092,-0.05300925925925937,-0.055324074074074026,0.3607872799460945,0.48950253858022186,0.18342694291325293,0.6111296273726586,0.011723681523756246,0.0023148148148146586,0.0008294393662387835,0.2393332257697919,0.12250113095564868,0.11182362474791714,0.0,0.7071067807446058,0.6512813242015557,0.2811870794432468,0.28039968269926513,0.3766433162892397,fearful,06,06,06,female,normal,636
50,1.6683333333333334,True,1.0,0.7070118894123852,0.7277690299871004,0.7173904596997428,1.511159413760334,-0.051805555555555605,-0.05398148148148141,0.33490677259358154,0.6077375353687884,0.18275957330591067,0.47472851187460435,0.020757140574715116,0.0021759259259258035,0.0012786261639866757,0.2142664349633727,0.12409169015330385,0.11074618892788736,0.0,0.9999999987499999,0.6497351214782788,0.2808917743488647,0.2802210249717494,0.37287464723331004,fearful,06,06,06,female,normal,636
60,2.0020000000000002,True,1.0,0.7055911037645596,0.6956875874790166,0.7006393456217881,0.6681741937643297,-0.05004629629629631,-0.05050925925925931,0.391983670089194,0.22746355532402712,0.18342694291325287,1.048587856520704,0.00990351628554298,0.0004629629629629983,0.0024957627752837963,0.4069148936170205,0.1201009466466544,0.11255074112711877,0.0,0.9999999987499999,0.6053629648500025,0.26330135321759074,0.2964111260912135,0.34332565976879315,fearful,06,06,06,female,normal,636
70,2.3356666666666666,True,1.0,0.6885998924274277,0.6824741533624039,0.6855370228949158,0.999186560031689,-0.050694444444444375,-0.05111111111111116,0.3678007480077375,0.40264308060283666,0.17999849379004795,0.6860951200876582,0.006125739065023783,0.0004166666666667873,0.0015640747668739861,0.2942117279569663,0.12442084573301442,0.11020351685348566,0.0,0.9999999987499999,0.6055197617953432,0.26895594020248514,0.2964135435774623,0.36038497476535636,fearful,06,06,06,female,normal,636
80,2.6693333333333333,True,1.0,0.6935699195074316,0.7002911975094316,0.6969305585084316,1.1740420965729101,-0.05092592592592593,-0.05055555555555552,0.3270817241800224,0.4863731656184485,0.1813324839254194,0.5936163281902821,0.006721278001999953,0.00037037037037040976,0.013838631841502823,0.23302819077696213,0.1215847326043459,0.11248108747373252,0.0,0.9903301569253392,0.6017868028774009,0.26979359388484714,0.2926152031735514,0.3487577204908821,fearful,06,06,06,female,normal,636
90,3.003,True,1.0,0.6686248672323337,0.6719682431044098,0.6702965551683717,1.032761592024416,-0.04958333333333331,-0.05166666666666675,0.3601446423228738,0.39487943224462946,0.18203876823245135,0.6490331944417671,0.0033433758720761153,0.002083333333333437,0.011374020250483539,0.2898953009643202,0.12089910440707287,0.11237316876079395,0.0,0.9999999987499999,0.6013358255724165,0.26579926311539237,0.2941657276273466,0.3621575918414391,fearful,06,06,06,female,normal,636
100,3.336666666666667,True,1.0,0.7118081092263396,0.714236915838874,0.7130225125326068,1.027502059887712,-0.048611111111111216,-0.05217592592592596,0.37147630946514426,0.3889703644403833,0.17994423168494716,0.6939377937699976,0.0024288066125344177,0.003564814814814743,0.012408271856211244,0.2976548210303803,0.12228037804472403,0.11104024314247919,0.0,0.8402398503329193,0.6485105246082807,0.28039506034071904,0.27716952964883035,0.38269492230573104,fearful,06,06,06,female,normal,636
0,0.0,True,1.0,0.6251607929138453,0.6361391675512247,0.6306499802325349,1.0992451356301902,-0.04861111111111105,-0.04976851851851849,0.37666530255694713,0.46156613781909717,0.166001639071374,0.573711868072982,0.010978374637379384,0.0011574074074074403,0.019132884982773598,0.2787077978906932,0.1263980106135658,0.10793009262085926,0.0,0.9999999987499999,0.6349030154718138,0.264595138091021,0.2965260701541421,0.34963172862459235,fearful,06,06,06,female,normal,637
10,0.33366666666666667,True,1.0,0.6303346412072228,0.6495039921267282,0.6399193166669754,1.114972157858091,-0.04856481481481467,-0.048842592592592604,0.37689868865235926,0.46934627801700374,0.16597635928167104,0.5739330010681951,0.019169350919505335,0.0002777777777779322,0.015132527702994353,0.2839365903852695,0.12415739238879997,0.11067252523784785,0.0,0.9999999987499999,0.6333043968290442,0.26570073041559017,0.2958828370271824,0.35173478483053694,fearful,06,06,06,female,normal,637
20,0.6673333333333333,True,1.0,0.5725561301673912,0.5908485130481762,0.5817023216077837,0.9966577754930912,-0.04541666666666655,-0.04495370370370377,0.4098404731335786,0.34340320034196126,0.16182252924949747,0.583653021038229,0.018292382880785052,0.0004629629629627763,0.019790934792254883,0.3043190407974939,0.1220902349033896,0.1121022779904763,0.0,0.7071067807446058,0.630077273573492,0.2653445580170111,0.2996004732716373,0.3554375707448628,fearful,06,06,06,female,normal,637
30,1.0010000000000001,True,1.0,0.5655262871702676,0.5825101443337901,0.5740182157520288,0.9815901219275395,-0.04569444444444454,-0.04425925925925922,0.4368601214045283,0.27039078980131537,0.1643073248604488,0.5847840182262986,0.016983857163522464,0.001435185185185317,0.024800636542980252,0.3093925871945768,0.12136465666026561,0.11254935987485419,0.0,0.9999999987499999,0.6243613011454582,0.2689722142529446,0.30974686742758545,0.3608305519929685,fearful,06,06,06,female,normal,637
40,1.3346666666666667,True,1.0,0.5662002861711195,0.5887066646794821,0.5774534754253008,1.000548177463298,-0.042731481481481426,-0.042037037037037095,0.36261493819138196,0.41665302923886555,0.16817173440589367,0.577137101872821,0.022506378508362568,0.000694444444444331,0.022398024803073305,0.2742462933610995,0.12483456827599794,0.10956088990135111,0.0,0.699590124880907,0.6272160304903212,0.2697875429839796,0.29903069575998026,0.3422921361996422,fearful,06,06,06,female,normal,637
50,1.6683333333333334,True,1.0,0.6181730129374151,0.6200008297634747,0.6190869213504449,1.0836034346437124,-0.047314814814814865,-0.04467592592592595,0.4050543928048393,0.399420823696259,0.16398010589030934,0.5713224059261125,0.0018278168260595917,0.002638888888888913,0.02436736803998696,0.2627411621673509,0.12143970070252347,0.11348022326821326,0.0,0.9999999987499999,0.6285376506149334,0.2690211890648749,0.3108999712036723,0.370208242389867,fearful,06,06,06,female,normal,637
60,2.0020000000000002,True,1.0,0.6264503993647595,0.63529397042236,0.6308721848935598,1.0299154779415327,-0.04314814814814821,-0.041527777777777775,0.36867408881707103,0.4551919956488031,0.16876627525682528,0.612547532691196,0.008843571057600474,0.0016203703703704386,0.021073447158038418,0.30297966325418746,0.1235989791013128,0.11026393157904302,0.0,0.7071067807446058,0.6237500305825455,0.26981397865180456,0.29575971007664453,0.3457467288812873,fearful,06,06,06,female,normal,637
70,2.3356666666666666,True,1.0,0.6905530525225846,0.7008936580869393,0.6957233553047619,1.101538341604181,-0.0473148148148147,-0.045509259259259305,0.34097514614006386,0.48500568772124353,0.17160293092747086,0.631592500258841,0.010340605564354677,0.0018055555555553937,0.01640215785405669,0.25230751735683465,0.12505885411085205,0.1099998037784602,0.0,0.9999999987499999,0.625932835376338,0.27015981471782524,0.2712816579068589,0.3318171465347419,fearful,06,06,06,female,normal,637
80,2.6693333333333333,True,1.0,0.6592661832918112,0.6647285332931803,0.6619973582924957,0.9741431759395514,-0.044861111111111074,-0.04287037037037045,0.389907858875856,0.3652537079976069,0.17086950399915837,0.6795688504967515,0.005462350001369076,0.0019907407407406263,0.01827282457227451,0.3156680283104383,0.11955811412554937,0.11496480976035525,0.0,0.9999999987499999,0.6298038295239972,0.2727825450981763,0.2664744053923335,0.3378737639999122,fearful,06,06,06,female,normal,637
90,3.003,True,1.0,0.655270909152937,0.6604368167398151,0.657853862946376,0.9662650827430768,-0.04509259259259263,-0.04310185185185189,0.3867636182439099,0.3623370094312009,0.17086191325973668,0.6808213136283792,0.005165907586878182,0.0019907407407407374,0.022431107520565187,0.3239371441689439,0.12541699367898687,0.10976500110189061,0.0,0.7071067807446058,0.6293523682598039,0.27075490224198295,0.27174675804088405,0.3369553730144907,fearful,06,06,06,female,normal,637
100,3.336666666666667,True,1.0,0.6656156233720412,0.675689071350976,0.6706523473615086,0.9729648565021587,-0.04546296296296304,-0.0441666666666668,0.39445691586277676,0.35946648246951096,0.17157225107354981,0.6892873292181655,0.010073447978934835,0.0012962962962962399,0.025256064471494536,0.3110426939998802,0.12401691950205851,0.11100168265489675,0.0,0.9999999987499999,0.6247172910492322,0.27244370038208926,0.2731545677790816,0.34212030297949464,fearful,06,06,06,female,normal,637
0,0.0,True,1.0,0.3616356768304569,0.3683857640059836,0.36501072041822025,1.218521069430056,-0.06680555555555556,-0.06824074074074082,0.35080933612351933,0.5300792166874169,0.17570530016453004,0.2995522437613231,0.00675008717552672,0.0014351851851852615,0.020968514489905256,0.2569703219838006,0.1205339291912164,0.11394130967589268,0.0,0.9999999987499999,0.678274113168705,0.2804444050496843,0.2730266842183507,0.3848832944781275,fearful,06,06,06,female,normal,638
10,0.33366666666666667,True,1.0,0.6685164892586675,0.6628606424965435,0.6656885658776055,1.1776446333331505,-0.06189814814814826,-0.06495370370370374,0.3488205555626184,0.5338505527753671,0.177094103915715,0.5652711752215706,0.0056558467621239394,0.003055555555555478,0.012891708893546447,0.24785191608717771,0.11621878816344082,0.11753179857398333,0.0,0.9999999987499999,0.6732429064672745,0.28006411191951314,0.2753149412101469,0.3863848464625377,fearful,06,06,06,female,normal,638
20,0.6673333333333333,True,1.0,0.7013819938194374,0.6929036002469758,0.6971427970332067,1.198578289983433,-0.0646296296296297,-0.0652314814814815,0.3532848571609693,0.544750174596064,0.1784876109678226,0.5816414354066456,0.008478393572461607,0.0006018518518517979,0.009663445664911861,0.24244079038177593,0.12552742222685373,0.10963869772822009,0.0,0.7071067807446058,0.6306956029990122,0.26715012420411766,0.30000738297501706,0.3609611059226376,fearful,06,06,06,female,normal,638
30,1.0010000000000001,True,1.0,0.6717647840807359,0.6952255342280117,0.6834951591543739,1.3131758003709588,-0.06518518518518512,-0.06527777777777771,0.3442404493103103,0.6005235845554131,0.18195953953629368,0.5204902184165239,0.023460750147275777,9.259259259258856e-05,0.01368539332742889,0.21984551503597402,0.12223059863056206,0.11313423257556167,0.0,0.9999999987499999,0.6340540798585059,0.2695651260038371,0.30866012270182386,0.36337437051501076,fearful,06,06,06,female,normal,638
40,1.3346666666666667,True,1.0,0.6717496220159532,0.6583526330608972,0.6650511275384252,1.196445038104427,-0.05898148148148147,-0.060462962962962885,0.3258843047208201,0.5554744051672234,0.17778850629011578,0.5558559786349156,0.013396988955056033,0.001481481481481417,0.008773402358007212,0.23346564233776637,0.1151483215397863,0.11793633305540956,0.0,0.9999999987499999,0.6744008401407438,0.2780772404280329,0.2722480457323462,0.3785782571932423,fearful,06,06,06,female,normal,638
50,1.6683333333333334,True,1.0,0.6866535062894608,0.6838509176653071,0.685252211977384,1.1555555555555543,-0.055694444444444435,-0.059444444444444466,0.374994213096919,0.5037037037037028,0.17153889718267493,0.593006721903506,0.0028025886241536124,0.003750000000000031,0.002280378578082114,0.2599317477300048,0.12220412379116312,0.11299434500611208,0.0,0.7071067807446058,0.673447481828669,0.28004632489698955,0.2825504574130004,0.389948305782054,fearful,06,06,06,female,normal,638
60,2.0020000000000002,True,1.0,0.6421441093003063,0.5920905435634092,0.6171173264318577,1.4281608113734026,-0.06027777777777782,-0.06148148148148147,0.3620023397484422,0.6305065162923703,0.17222620914999004,0.43210632970554747,0.05005356573689712,0.0012037037037036513,0.010044621563648399,0.21568418433113226,0.11640537959800494,0.11799463457894754,0.0,0.9999999987499999,0.6775482728638329,0.2804966167281887,0.28154105329806817,0.398658522939246,fearful,06,06,06,female,normal,638
70,2.3356666666666666,True,1.0,0.7050202930846532,0.6897161215146358,0.6973682072996445,1.167578663096418,-0.05523148148148144,-0.05546296296296288,0.3167989836655741,0.5315096899170256,0.17575696420026146,0.5972772793314195,0.0153041715700174,0.00023148148148144365,0.002376316519734383,0.21828358208955295,0.12205930556104776,0.11281350940983273,0.0,0.9999999987499999,0.6290033967415091,0.26644448682154764,0.28797712260225033,0.33993660256978453,fearful,06,06,06,female,normal,638
80,2.6693333333333333,True,1.0,0.7499778414824101,0.7741871792734255,0.7620825103779179,1.0479840841911756,-0.05625000000000002,-0.05847222222222226,0.3634331652115993,0.4556301141284196,0.17433356625311971,0.7271890116213798,0.024209337791015417,0.0022222222222222365,0.0029483155426379116,0.27754332761658024,0.12299211678117382,0.1116252536016439,0.0,0.9999999987499999,0.6260683231261255,0.26733842103402006,0.29593897621230436,0.3554338778894492,fearful,06,06,06,female,normal,638
90,3.003,True,1.0,0.7014041127036864,0.7069441520297514,0.7041741323667189,1.0550405108224912,-0.05888888888888888,-0.06111111111111106,0.3755035150049012,0.43226035129089924,0.17294490231316761,0.6674380037006892,0.005540039326064949,0.002222222222222181,0.022276206011446892,0.26706533338934274,0.11912216246137464,0.11525127591359188,0.0,0.9999999987499999,0.6752055271639907,0.28061165952280115,0.2751151867952485,0.3848125543494127,fearful,06,06,06,female,normal,638
100,3.336666666666667,True,1.0,0.6825702019502893,0.692249139605372,0.6874096707778307,1.0217316707538793,-0.05851851851851847,-0.06069444444444444,0.3758455195240578,0.43775781780022754,0.17084449793611553,0.6727888451090384,0.009678937655082764,0.00217592592592597,0.03036701961916521,0.27647487793455183,0.11707054762311839,0.116683406180159,0.0,0.9999999987499999,0.6785611774788041,0.28050570868120017,0.27297126833641416,0.3877500356135063,fearful,06,06,06,female,normal,638
0,0.0,True,1.0,0.6633884906756067,0.6642560122789489,0.6638222514772778,1.1903699255440168,-0.06069444444444444,-0.061203703703703705,0.3548901940887113,0.5565217391304356,0.1659763592816711,0.55766046943256,0.0008675216033422473,0.0005092592592592649,0.0018801664932065212,0.23375999644652348,0.12774839754234726,0.10686449713732088,0.0,0.7380359623152131,0.6338559659332482,0.26778568089792887,0.29338093173892765,0.3598563165537016,fearful,06,06,06,female,normal,639
10,0.33366666666666667,True,1.0,0.6820272178315457,0.6937604367148724,0.6878938272732091,1.2474425178727786,-0.061620370370370325,-0.06259259259259259,0.35055498745398966,0.6003168725338629,0.16597957692328508,0.5514433069399071,0.01173321888332668,0.0009722222222222632,0.008063727893209992,0.22499443837760408,0.12413324626106685,0.11087157908068729,0.0,0.7717236259659644,0.6354048203890932,0.26701101056750187,0.2911255009593223,0.3605615544427411,fearful,06,06,06,female,normal,639
20,0.6673333333333333,True,1.0,0.6915579668290996,0.6793123109546904,0.685435138891895,1.3093048562520857,-0.060694444444444495,-0.06486111111111109,0.34967616438323873,0.6234785029771838,0.1687518084393839,0.5235107283218733,0.01224565587440929,0.004166666666666596,0.007942927796299877,0.22130257752169008,0.12267221092672703,0.11197672391360242,0.0,0.9999999987499999,0.6356613113057723,0.26707840285656764,0.296286552101882,0.3647543211308288,fearful,06,06,06,female,normal,639
30,1.0010000000000001,True,1.0,0.6645922475170644,0.6578586533973388,0.6612254504572016,1.1901113403335621,-0.0598611111111112,-0.06023148148148144,0.3734062042150792,0.5730027548209369,0.17015503129913084,0.5555996552993727,0.006733594119725517,0.00037037037037024323,0.003074131067665552,0.2235843653497032,0.12386251398342991,0.11065864476905032,0.0,0.9999999987499999,0.6329707228907188,0.26716031960913045,0.29723253677818723,0.35714362485005063,fearful,06,06,06,female,normal,639
40,1.3346666666666667,True,1.0,0.6377615453184472,0.6578842548865546,0.6478229001025009,1.1326377682603417,-0.05541666666666678,-0.055324074074074026,0.35519012401016287,0.574166902271596,0.16597957692328508,0.5719594721775126,0.020122709568107355,9.25925925927551e-05,0.007957948891254805,0.24257801803192205,0.1146661156905022,0.11872659523130737,0.0,0.9999999987499999,0.6822587754398635,0.27756556014425593,0.2665281952550372,0.3748077593948807,fearful,06,06,06,female,normal,639
50,1.6683333333333334,True,1.0,0.6226334539729651,0.6242778619880074,0.6234556579804862,0.9554793798119223,-0.05675925925925929,-0.05717592592592596,0.4076416448052403,0.39698249516568834,0.1687662752568252,0.6525056125263613,0.0016444080150422868,0.0004166666666666763,0.004072573621551636,0.3013761620794364,0.11876723286182976,0.11594610162617681,0.0,0.9999999987499999,0.673414876786652,0.27920866096906455,0.2749459883308363,0.3860130795639818,fearful,06,06,06,female,normal,639
60,2.0020000000000002,True,1.0,0.5803224708918281,0.5968295381660722,0.5885760045289501,1.0777884353740628,-0.05472222222222212,-0.05384259259259255,0.39681591497868085,0.49688920217898047,0.17152777777777783,0.5460960474350199,0.016507067274244114,0.0008796296296295636,0.004658212570035899,0.29978641697674663,0.12216569300780349,0.11286722012718903,0.0,0.9999999987499999,0.6348939909870198,0.2692262407806877,0.28687557820540144,0.35501723204318425,fearful,06,06,06,female,normal,639
70,2.3356666666666666,True,1.0,0.5849095050107814,0.5938853280321416,0.5893974165214615,1.0768086887150887,-0.05939814814814809,-0.05967592592592591,0.32403487094090805,0.47001680437226706,0.17848290899188046,0.5473557398805586,0.00897582302136013,0.0002777777777778212,0.0018790648960441527,0.24999003567228892,0.12345858828985982,0.11128045181896266,0.0,0.9999999987499999,0.6315946774959984,0.2666156476558068,0.2776225026784711,0.3367144086117403,fearful,06,06,06,female,normal,639
80,2.6693333333333333,True,1.0,0.6650872070970905,0.6827931658021266,0.6739401864496085,0.9312169312169306,-0.05384259259259255,-0.054259259259259174,0.3900692468229776,0.35273368606701905,0.17222222222222222,0.7237198593123642,0.017705958705036107,0.0004166666666666208,0.0029142473666087503,0.31570469961289355,0.12233270395414955,0.11285512579401248,0.0,0.7071067807446058,0.635052631239996,0.26818312990682475,0.2767900899273816,0.3467526648335597,fearful,06,06,06,female,normal,639
90,3.003,True,1.0,0.6789954036720315,0.7080275399170572,0.6935114717945443,0.967978674272807,-0.052129629629629526,-0.05180555555555555,0.3845118260985493,0.3900809582890414,0.1729237260105192,0.716453254835954,0.029032136245025764,0.0003240740740739767,0.0009235317263258085,0.3022388059701488,0.12537687032203185,0.10911462948829209,0.0,0.8286381311423411,0.6319515612573154,0.2668202665819117,0.28760645788017214,0.3457366098850498,fearful,06,06,06,female,normal,639
100,3.336666666666667,True,1.0,0.6246213467982811,0.6235689042228597,0.6240951255105704,0.947111600495148,-0.05347222222222231,-0.054629629629629584,0.3836825331000834,0.3861156564007192,0.17222620914999004,0.6589457094436335,0.001052442575421364,0.0011574074074072738,0.0007035204044031919,0.29421975251766624,0.12135696631478446,0.11306430410844058,0.0,0.9999999987499999,0.6323936538365346,0.2675022449965748,0.2757944232356299,0.34551568837851804,fearful,06,06,06,female,normal,639
0,0.0,True,1.0,0.6868333609580298,0.6785004440920068,0.6826669025250183,1.0864674579018692,-0.06069444444444433,-0.05842592592592588,0.4152180883020594,0.39745069103320496,0.17575696420026146,0.6283362631434447,0.008332916866022999,0.0022685185185184475,0.0035351738691628705,0.28911309639676536,0.12198135204506132,0.11272891281887872,0.0,0.9999999987499999,0.6254968075511455,0.2702632045642381,0.32030071378799424,0.37767262507426125,fearful,06,06,06,female,strong,640
10,0.33366666666666667,True,1.0,0.6608190059901514,0.6290468056811013,0.6449329058356263,1.0123456790123462,-0.057592592592592584,-0.05615740740740738,0.44717770804929774,0.33333333333333315,0.17641008171331204,0.6370678703986062,0.03177220030905015,0.001435185185185206,0.006117630591266424,0.3018292682926832,0.12249183937644353,0.11268238176760555,0.0,0.9999999987499999,0.618147231853679,0.2693600535964213,0.32735944762302777,0.37307414148301365,fearful,06,06,06,female,strong,640
20,0.6673333333333333,True,1.0,0.34143772955261226,0.31892340156216853,0.3301805655573904,1.0111373416960905,-0.06041666666666662,-0.06106481481481485,0.4547478713875465,0.3329276330967859,0.17364670316586833,0.32654373638653544,0.022514327990443728,0.000648148148148231,0.0005586908058885225,0.31648254873523307,0.11976973238354216,0.11573627359929228,0.0,0.9999999987499999,0.6116302769623475,0.2671887205986604,0.3125319186924918,0.3550069194141639,fearful,06,06,06,female,strong,640
30,1.0010000000000001,True,1.0,0.26127921556130995,0.2738418975936255,0.2675605565774677,0.9356316511298667,-0.05101851851851846,-0.055555555555555525,0.495139567927011,0.18127415150284823,0.15082399705093272,0.2859678338738992,0.01256268203231553,0.004537037037037062,0.010216659296833519,0.32439422608235713,0.11855249263358981,0.11517741483869086,0.0,0.9999999987499999,0.6072568666685425,0.26795672131562065,0.3247312828270839,0.3828873750310322,fearful,06,06,06,female,strong,640
40,1.3346666666666667,True,1.0,0.2564601569065612,0.2533022737590662,0.2548812153328137,1.0473729543496988,-0.05074074074074064,-0.05481481481481476,0.42845187751832264,0.4409991386735571,0.15142970414734672,0.24335287088930646,0.0031578831474949887,0.004074074074074119,0.01475642223329632,0.2741646075585661,0.12167157072421896,0.11238714837186012,0.0,0.9999999987499999,0.6099693925070029,0.26819590541805144,0.3086256216059131,0.36476287282487024,fearful,06,06,06,female,strong,640
50,1.6683333333333334,True,1.0,0.3023822761817797,0.29203565215883037,0.29720896417030507,0.9499913006290783,-0.05259259259259258,-0.057314814814814874,0.4770737294313517,0.2529130134841819,0.147941938220433,0.31285440611245086,0.010346624022949336,0.004722222222222294,0.010932850073192274,0.3141149952250158,0.11699316368239504,0.11528310597133357,0.0,0.7825189182469746,0.6121564397712209,0.2678048679252893,0.3089870325743456,0.3778802177346512,fearful,06,06,06,female,strong,640
60,2.0020000000000002,True,1.0,0.19172113289760248,0.20080650154344265,0.19626381722052255,0.9548743519317965,-0.04986111111111119,-0.05361111111111111,0.43056202453126496,0.36310983702513405,0.15356962662059728,0.20553889296896838,0.00908536864584017,0.00374999999999992,0.004937591814336117,0.31814091720478443,0.11899149401183362,0.11338749124746161,0.0,0.9999999987499999,0.6011898986000651,0.26673848890479107,0.3065951376555796,0.3594397201447527,fearful,06,06,06,female,strong,640
70,2.3356666666666666,True,1.0,0.3520032885721599,0.3522442048611068,0.3521237467166334,2.076829368503249,-0.05740740740740741,-0.05935185185185188,0.29966162362163884,0.9448638117965228,0.15635982468457377,0.1695487130800763,0.00024091628894690187,0.0019444444444444708,0.00012596305491208894,0.13712059644755137,0.12469221615645341,0.11058765301814315,0.0,0.9999999987499999,0.5946202988382853,0.2690389422257124,0.29883219968418917,0.35157458314640233,fearful,06,06,06,female,strong,640
80,2.6693333333333333,True,1.0,0.2303253657620734,0.19785674842159234,0.21409105709183288,1.0176245210727968,-0.051296296296296284,-0.05523148148148138,0.46028813924938766,0.23295019157088126,0.15770856649647624,0.21038315474762195,0.032468617340481065,0.003935185185185097,0.011680971030578136,0.2984360696631778,0.12189924113254459,0.1128176982706535,0.0,0.9999999987499999,0.5927260099117773,0.2660898059857541,0.3224414516014887,0.37930016598030664,fearful,06,06,06,female,strong,640
90,3.003,True,1.0,0.16814930814065934,0.20152295681125706,0.1848361324759582,0.8702023263095329,-0.05949074074074068,-0.06263888888888891,0.47139497266997465,0.16315795707331018,0.16253802514839608,0.21240592777984782,0.03337364867059772,0.003148148148148233,0.012023077127758465,0.3370736924041897,0.12185201955391427,0.11253059791674637,0.0,0.9999999987499999,0.5907014297359567,0.2685079865853306,0.30812167913561844,0.35853209712081047,fearful,06,06,06,female,strong,640
100,3.336666666666667,True,1.0,0.246411218796075,0.21467996453197752,0.23054559166402627,0.9441765009193237,-0.05083333333333334,-0.054629629629629584,0.45392978334470524,0.19256231268749383,0.16599474496508415,0.2441763710911563,0.03173125426409748,0.003796296296296242,0.014566684360764987,0.3267194288377341,0.1245394230345851,0.11058754872333251,0.0,0.9999999987499999,0.5981556921596765,0.26576145838273413,0.3107992628608656,0.35680494843624894,fearful,06,06,06,female,strong,640
0,0.0,True,1.0,0.7831324868946514,0.7793381109680952,0.7812352989313733,1.0538896944122051,-0.06634259259259262,-0.06328703703703714,0.4065129346454489,0.45258504025664603,0.18065060453086212,0.7412875399328185,0.0037943759265561816,0.003055555555555478,0.010825922847190417,0.27669557612284756,0.12176984667927106,0.11363000599347181,0.0,0.9999999987499999,0.6352519483105743,0.2698977334851571,0.3143182222516203,0.3721773779415245,fearful,06,06,06,female,strong,641
10,0.33366666666666667,True,1.0,0.7446437791925665,0.7679949644315892,0.7563193718120779,1.1779512473570093,-0.06717592592592592,-0.0656944444444445,0.39364207437340215,0.5334375098229961,0.1771935931247076,0.6420633905766859,0.023351185239022687,0.001481481481481417,0.014010648776248432,0.23934725710066349,0.12480119114183053,0.11011917437376212,0.0,0.9999999987499999,0.6337231862745099,0.2669632944149153,0.32399049928642215,0.3805999305357998,fearful,06,06,06,female,strong,641
20,0.6673333333333333,True,1.0,0.7086904307717943,0.719327548219776,0.7140089894957851,1.329086884331942,-0.0598611111111112,-0.05870370370370365,0.417650562389784,0.5329176231630126,0.17300312378010296,0.5372176927730933,0.010637117447981681,0.0011574074074075513,0.008780544024826803,0.23966991495466397,0.12317209573225384,0.11125551185367176,0.0,0.7071067807446058,0.6337489496267257,0.26858021046065483,0.33460254482178936,0.39531143866025165,fearful,06,06,06,female,strong,641
30,1.0010000000000001,True,1.0,0.24010359853372085,0.23931623931624002,0.23970991892498045,0.9874452273027994,-0.06444444444444453,-0.06749999999999995,0.505002171171063,0.26070909222585764,0.1528900966645868,0.2427576864994797,0.0007873592174808264,0.0030555555555554226,0.003230255223422893,0.2909241348293772,0.11818272921892231,0.11522658121308403,0.0,0.9999999987499999,0.6248720781906513,0.27248328991943743,0.33344605548229944,0.39998737218886626,fearful,06,06,06,female,strong,641
40,1.3346666666666667,True,1.0,0.1783385091670166,0.19491755207867614,0.18662803062284639,1.2039153129851141,-0.06574074074074071,-0.06787037037037036,0.4205791751165613,0.5275162537337986,0.15494434835799442,0.15501757358671786,0.01657904291165954,0.002129629629629648,0.008194413688706756,0.2600810029590629,0.1239945893149528,0.11085489501167964,0.0,0.9999999987499999,0.6255675496057799,0.2673954924931638,0.3232627245579689,0.368580484633932,fearful,06,06,06,female,strong,641
50,1.6683333333333334,True,1.0,0.7339885930543011,0.748639917556812,0.7413142553055565,0.9815461356830741,-0.0587037037037037,-0.05601851851851852,0.4465877724257042,0.3789129378689397,0.17296078283869332,0.7552515652151833,0.014651324502510943,0.0026851851851851793,0.02332167632585832,0.292996348936051,0.12277893740184442,0.1116892412697702,0.0,0.7071067807446058,0.6214208757409214,0.27006578139038484,0.32820983575393914,0.37802896077303727,fearful,06,06,06,female,strong,641
60,2.0020000000000002,True,1.0,0.6715960848859754,0.6958345114898766,0.683715298187926,1.219053805357536,-0.060092592592592586,-0.05532407407407397,0.4243631553374627,0.4769408292398458,0.17241747326453344,0.5608573593578171,0.024238426603901186,0.004768518518518616,0.021722463140572107,0.2454882069975387,0.11778465208691731,0.11629064462214092,0.0,0.9999999987499999,0.6140777309126776,0.2714092820343681,0.3027486319155665,0.3607233593687858,fearful,06,06,06,female,strong,641
70,2.3356666666666666,True,1.0,0.7661750600527678,0.8231062978957375,0.7946406789742526,1.8492639012579362,-0.0622685185185185,-0.059768518518518554,0.29955790225273904,0.8967653172307867,0.17436857329742902,0.4297064785797794,0.05693123784296972,0.0024999999999999467,0.012572794254684385,0.1531644058283325,0.12436222591505612,0.11044230481538249,0.0,0.9999999987499999,0.6194536271930647,0.27054490482027505,0.3077185580705024,0.3501155676135691,fearful,06,06,06,female,strong,641
80,2.6693333333333333,True,1.0,0.7069735152305762,0.7334860181712212,0.7202297667008987,1.2337448412341674,-0.059814814814814765,-0.057731481481481495,0.4144955754523078,0.4709369973767285,0.1729700458052687,0.583775301528655,0.026512502940645,0.0020833333333332704,0.00617974640528072,0.24821234197445113,0.12223469579994777,0.1121148040161245,0.0,0.9999999987499999,0.619537123513468,0.2710892652273345,0.32772774761560797,0.3846951793684125,fearful,06,06,06,female,strong,641
90,3.003,True,1.0,0.697676266261944,0.704097081519348,0.7008866738906461,0.9674442109304129,-0.05884259259259267,-0.05652777777777773,0.45181304284898455,0.330637108596973,0.1743685732974289,0.7244724460303376,0.006420815257404011,0.002314814814814936,0.004927189711866264,0.3072079909387287,0.12293421073875227,0.11219959761318388,0.0,0.9999999987499999,0.6226205602944302,0.26949744352083155,0.3218826196019325,0.3715832860483524,fearful,06,06,06,female,strong,641
100,3.336666666666667,True,1.0,0.7293625189338502,0.7329960990113972,0.7311793089726237,0.9244007798236299,-0.06027777777777776,-0.05717592592592591,0.44737484779815745,0.3142167390916935,0.17157225107354976,0.7909765168222038,0.003633580077546994,0.0031018518518518556,0.009715774959140056,0.3160467434643707,0.1242742858665164,0.11036876302864927,0.0,0.7071067807446058,0.6246727444884204,0.2678814131385014,0.3299252870506897,0.38085394960219543,fearful,06,06,06,female,strong,641
0,0.0,True,1.0,0.6993080697367403,0.6960926951781861,0.6977003824574632,1.01712226980045,-0.05458333333333343,-0.053518518518518465,0.3897650117373042,0.48063769956933133,0.15724797637367527,0.6859552712323815,0.0032153745585542515,0.0010648148148149628,0.013513351005727873,0.2803915838314746,0.12705828100284888,0.10786088725388124,0.0,0.6516121772137871,0.6329940220150561,0.2626115673578245,0.3075131709115692,0.35390855091864626,fearful,06,06,06,female,strong,642
10,0.33366666666666667,True,1.0,0.7247891023589821,0.6807964184879476,0.7027927604234648,1.1196018314390443,-0.05777777777777787,-0.05638888888888893,0.4146100729101168,0.5141917317958693,0.1614309125834308,0.6277166941752432,0.0439926838710345,0.0013888888888889395,0.01213156311154085,0.2704048117388877,0.12257330097716049,0.11208498525594147,0.0,0.9999999987499999,0.6253003900857218,0.26760552159784556,0.31769138733835434,0.37215477475164654,fearful,06,06,06,female,strong,642
20,0.6673333333333333,True,1.0,0.6979235571279508,0.6685758074009119,0.6832496822644314,1.1329022836438805,-0.05356481481481479,-0.05226851851851849,0.4249069454686439,0.46985857629536687,0.16539590783075772,0.6030967472912305,0.029347749727038908,0.0012962962962962954,0.0025124389287432404,0.2686843466591794,0.12402481082812511,0.11116438333237665,0.0,0.832292591318076,0.6187807751616272,0.27106154921320097,0.3212905017862347,0.3696393442551969,fearful,06,06,06,female,strong,642
30,1.0010000000000001,True,1.0,0.4025103356042197,0.41993353708868303,0.4112219363464514,1.3091148335288587,-0.0525462962962962,-0.05490740740740746,0.40160563817990985,0.5718664555036149,0.16805964133039802,0.3141221272682082,0.017423201484463302,0.002361111111111258,0.013038453330615807,0.2427589025063282,0.11421887422633513,0.11899692149951312,0.0,0.9773974641265655,0.6720491076274259,0.2798398941062178,0.28701097178477036,0.38822564145329813,fearful,06,06,06,female,strong,642
40,1.3346666666666667,True,1.0,0.6550012153490604,0.6500053678169256,0.652503291582993,1.387987866209798,-0.05171296296296296,-0.051064814814814785,0.372196604982292,0.6193596006368968,0.17083735267438852,0.47010734565338447,0.004995847532134778,0.0006481481481481755,0.006873476922361272,0.21168967630222715,0.11873365762747623,0.11449251985375221,0.0,0.9999999987499999,0.6198509835496699,0.2687043799968722,0.30889226442183043,0.3667185782420504,fearful,06,06,06,female,strong,642
50,1.6683333333333334,True,1.0,0.7459315477953121,0.7082379839816224,0.7270847658884673,1.1339408784839613,-0.06509259259259259,-0.0600925925925927,0.43739545304519234,0.40947865056365224,0.17878358615153658,0.6412016531766223,0.03769356381368971,0.004999999999999893,0.003973558501900427,0.2502467917678935,0.12421586654383103,0.11077900691804742,0.0,0.9999999987499999,0.6172343694196428,0.273384892272068,0.3309910459987305,0.39763225212056136,fearful,06,06,06,female,strong,642
60,2.0020000000000002,True,1.0,0.7054680080885287,0.7088044590102275,0.707136233549378,1.4296355167076922,-0.06240740740740741,-0.058379629629629726,0.4213229351299235,0.517968584196819,0.17928968833938855,0.4946269348273063,0.0033364509216987637,0.004027777777777686,0.019119882926061028,0.20719177066466102,0.12208467028660688,0.11312339791502772,0.0,0.9999999987499999,0.6113235888261555,0.27113280662311184,0.32389523536027504,0.3770399378289877,fearful,06,06,06,female,strong,642
70,2.3356666666666666,True,1.0,0.7939976408593641,0.7495295906114918,0.771763615735428,1.4849430323944564,-0.061481481481481526,-0.057361111111111085,0.3118458225971802,0.6540673852519345,0.1828997844892348,0.519726076286554,0.04446805024787226,0.004120370370370441,0.0037135898158106116,0.15810088441683642,0.12228222033190451,0.11307843478278945,0.0,0.7378889488807594,0.6111390697685325,0.26721443288014085,0.29630154871764147,0.33700957638722995,fearful,06,06,06,female,strong,642
80,2.6693333333333333,True,1.0,0.7422694588700638,0.7128986991033258,0.7275840789866947,1.3007863933807018,-0.060185185185185175,-0.05675925925925929,0.37779462361125954,0.5480732081655977,0.17400616943889388,0.5593417049018534,0.029370759766737975,0.003425925925925888,0.014295546026730228,0.2223419250306664,0.12386669736756951,0.1113405366684805,0.0,0.9999999987499999,0.6227598231636405,0.2701107246334243,0.3068392416642791,0.37528309187087366,fearful,06,06,06,female,strong,642
90,3.003,True,1.0,0.7504712824180364,0.7507660174989217,0.750618649958479,1.0111118220239366,-0.0615277777777779,-0.056435185185185255,0.42914407535870297,0.349963847337518,0.17406052941788538,0.7423695714050401,0.0002947350808852889,0.0050925925925926485,0.012073500966833411,0.29295401483790146,0.12654291097200765,0.10828926772997764,0.0,0.9999999987499999,0.6120274175920368,0.26707253534624237,0.31928417581459945,0.3578239806837166,fearful,06,06,06,female,strong,642
100,3.336666666666667,True,1.0,0.7146304279988007,0.677555654920923,0.6960930414598618,0.9395183247160225,-0.058750000000000024,-0.055648148148148224,0.43838579158106195,0.3088460639623712,0.1739802986468589,0.7409041666859046,0.037074773077877765,0.0031018518518518,0.009226513710165892,0.30327464665685844,0.1215403782346015,0.11286711919616785,0.0,0.7071067807446058,0.6136592248930823,0.2712713895156679,0.3029429528275691,0.3574852137506357,fearful,06,06,06,female,strong,642
110,3.6703333333333332,True,1.0,0.7374475240000469,0.7066534190040802,0.7220504715020635,0.8179084085209296,-0.062129629629629646,-0.05814814814814806,0.4115005152863872,0.28621763570969727,0.1760107223464172,0.8828011351635184,0.030794104995966687,0.003981481481481586,0.004809949810522055,0.3484116822352978,0.1220106579550275,0.11337139483818907,0.0,0.9999999987499999,0.613542888725803,0.2698839662955944,0.3055542216949838,0.36198946424020506,fearful,06,06,06,female,strong,642
0,0.0,True,1.0,0.6122886849876048,0.6220608110141054,0.6171747480008551,1.0204165080893637,-0.05740740740740746,-0.05967592592592602,0.3818283263009382,0.4534630970359054,0.16746364915329032,0.6048263068151046,0.009772126026500572,0.0022685185185185586,0.018542165485424235,0.2825839201244508,0.12282763593503361,0.11095093575559686,0.0,0.7071067807446058,0.6333814908072605,0.2666420772023134,0.29385390912293013,0.3572603280545237,fearful,06,06,06,female,strong,643
10,0.33366666666666667,True,1.0,0.6286094332219688,0.6498220794209778,0.6392157563214733,1.0453206274181113,-0.05652777777777773,-0.05856481481481485,0.3724467659481253,0.4790468137411197,0.17162782648735414,0.6115020975911513,0.021212646199008978,0.002037037037037115,0.011958451053254618,0.29035865890290335,0.12273401242410265,0.1115679717995499,0.0,0.9999999987499999,0.6296671173156763,0.26874754995015016,0.29151879054404306,0.3578253492782055,fearful,06,06,06,female,strong,643
20,0.6673333333333333,True,1.0,0.6141874226616649,0.6336288402256822,0.6239081314436736,1.0774677106346318,-0.05532407407407408,-0.05601851851851847,0.411158207122506,0.4309764309764304,0.17432131212675447,0.5790504209877342,0.019441417564017294,0.0006944444444443865,0.0027927008376605286,0.288544992925459,0.12241608613351958,0.11293350113266028,0.0,0.7071067807446058,0.620588321797469,0.2686466524870267,0.2997752354819631,0.37014884328041425,fearful,06,06,06,female,strong,643
30,1.0010000000000001,True,1.0,0.5953175610321624,0.6005301134887703,0.5979238372604663,1.0791077381144492,-0.046944444444444455,-0.04763888888888884,0.4189485500982528,0.4030309841979109,0.1764239205510336,0.554090955093356,0.0052125524566078996,0.0006944444444443865,0.010954739767972795,0.29364188854574497,0.11234652939836327,0.12013350946890726,0.0,0.9999999987499999,0.6602607755602241,0.2816585531940928,0.27831703650374995,0.3810224075023939,fearful,06,06,06,female,strong,643
40,1.3346666666666667,True,1.0,0.5764897154684769,0.5611867480602384,0.5688382317643577,1.2757643195595718,-0.04416666666666674,-0.045000000000000095,0.36014464232287385,0.5163807960122073,0.18263888888888885,0.44588034250772585,0.015302967408238555,0.0008333333333333526,0.002721658915676684,0.26891326185896486,0.11751187284406318,0.11672961056169584,0.0,0.9999999987499999,0.6533362060292868,0.2836624832169876,0.2745227444222527,0.3726071060900286,fearful,06,06,06,female,strong,643
50,1.6683333333333334,True,1.0,0.6409082642262688,0.5946445258764276,0.6177763950513482,1.2268411248646334,-0.04810185185185195,-0.04662037037037042,0.4394965429000293,0.3442609713449888,0.17708505667053592,0.5035504455554602,0.04626373834984121,0.001481481481481528,0.007617857338517357,0.26422336657572537,0.11419832836608876,0.11853543145955638,0.0,0.9999999987499999,0.6482509917795243,0.28503589874653074,0.28996903869686663,0.39551239650737685,fearful,06,06,06,female,strong,643
60,2.0020000000000002,True,1.0,0.6815303953121182,0.6585470704934377,0.6700387329027779,1.370548153357742,-0.05282407407407408,-0.05236111111111108,0.40647346843893034,0.44101113073215836,0.17639061901081732,0.48888375885315116,0.022983324818680484,0.0004629629629629983,0.01373265207054625,0.20049194018179375,0.11824771117704558,0.11565514751891069,0.0,0.9999999987499999,0.6061313488676721,0.2738489301144178,0.2974181958404852,0.35499333668360794,fearful,06,06,06,female,strong,643
70,2.3356666666666666,True,1.0,0.6751547696208277,0.6576960387744026,0.6664254041976152,1.5888444015344871,-0.049907407407407345,-0.04782407407407413,0.32516980646527177,0.6833614365570883,0.1743685732974289,0.4194403199923098,0.01745873084642502,0.002083333333333215,0.0038570094421656563,0.1757292867310294,0.12218539549726658,0.11165781397467586,0.0,0.7071067807446058,0.6038925884103642,0.26785460861809884,0.2904751502736761,0.3413311364195918,fearful,06,06,06,female,strong,643
80,2.6693333333333333,True,1.0,0.6835425507668408,0.6267936351357836,0.6551680929513122,1.5831999142302011,-0.0532407407407407,-0.05032407407407408,0.39876789086149206,0.5763333038664455,0.1750353096353437,0.41382524535435844,0.05674891563105722,0.002916666666666623,0.00012048163708512822,0.19756085172243,0.11774056364771777,0.11567835655396545,0.0,0.9999999987499999,0.6148629809580082,0.2714779701458153,0.30225817188986076,0.3730007180036242,fearful,06,06,06,female,strong,643
90,3.003,True,1.0,0.6351069109900769,0.6173615803402417,0.6262342456651593,0.9252915127470068,-0.050555555555555576,-0.048888888888888926,0.44740250035312196,0.240575793314222,0.1770902265815209,0.6767967035664189,0.01774533064983519,0.0016666666666666496,0.003525359600660033,0.3302692504272503,0.1216842445069924,0.11254283996906292,0.0,0.9999999987499999,0.6065363303055599,0.26883813548559304,0.3104227733864606,0.3599327586295631,fearful,06,06,06,female,strong,643
100,3.336666666666667,True,1.0,0.3362822373719474,0.3336443065906418,0.3349632719812946,0.9060305049106497,-0.05666666666666659,-0.05444444444444452,0.4481580515543595,0.20762565457323595,0.17989546661676628,0.3697041878455602,0.0026379307813055863,0.00222222222222207,0.006992194592013884,0.3540122219748411,0.12402031190861679,0.11116940251982228,0.0,0.9999999987499999,0.5979691023440626,0.2700020245117926,0.3071918119403074,0.35736419511046186,fearful,06,06,06,female,strong,643
110,3.6703333333333332,True,1.0,0.583700633452885,0.5637334726602707,0.5737170530565778,0.9503999611928264,-0.04754629629629631,-0.044120370370370365,0.452209311775154,0.20006228494290434,0.17361814221873412,0.6036585400703489,0.01996716079261429,0.0034259259259259434,0.011578426555951319,0.3280055819142312,0.12698630243668016,0.10794561947659899,0.0,0.7805993621977342,0.6183837613248424,0.27011781565157866,0.3025988579699929,0.3576235489522466,fearful,06,06,06,female,strong,643
0,0.0,True,1.0,0.5081672977567612,0.5172210972249827,0.5126941974908719,1.103352381930635,-0.04842592592592593,-0.04671296296296301,0.37408373824493574,0.4980258074229958,0.14933059206469954,0.46466949805624624,0.00905379946822149,0.0017129629629629162,0.011097731142685214,0.2968659405087025,0.12848321849037253,0.1061595042247835,0.0,0.6550802335648329,0.6425055521739946,0.2709660095787788,0.26777745918800083,0.3291799135888112,disgust,07,06,06,female,normal,644
10,0.33366666666666667,True,1.0,0.4894289789657511,0.5002959277074664,0.4948624533366088,1.1595507173015493,-0.047083333333333366,-0.04587962962962966,0.37081533314550125,0.49468599033816374,0.15283819063794782,0.42677085698177036,0.010866948741715343,0.0012037037037037068,0.013236073698546435,0.27029861075578654,0.1282863039058586,0.10639737778984529,0.0,0.9999999987499999,0.5897556882518634,0.24296659070320764,0.2773642763097046,0.3035161840827361,disgust,07,06,06,female,normal,644
20,0.6673333333333333,True,1.0,0.4368319051646237,0.41905153401447853,0.42794171958955113,1.1186757917077887,-0.04791666666666666,-0.04675925925925928,0.37413906718110396,0.5286735494182567,0.14800380951615197,0.382543112813989,0.01778037115014519,0.0011574074074073848,0.012016220532967364,0.3085142831142482,0.121333877342469,0.11308908146224617,0.0,0.7071067807446058,0.6440693671374801,0.2728917425322676,0.26255659887955046,0.3394022750457889,disgust,07,06,06,female,normal,644
30,1.0010000000000001,True,1.0,0.4846880018661175,0.477107769581575,0.4808978857238463,1.1900242060243913,-0.048333333333333395,-0.046388888888888924,0.35170739810905693,0.5705426132684781,0.14932395013465039,0.40410765032286206,0.007580232284542465,0.0019444444444444708,0.009753505388857893,0.27003144207224594,0.12488400519833734,0.1101982716213902,0.0,0.9999999987499999,0.6424887317895909,0.2737810872207833,0.26551746742455107,0.33556300903880953,disgust,07,06,06,female,normal,644
40,1.3346666666666667,True,1.0,0.336752873785051,0.3413535286853743,0.33905320123521265,1.149322648158144,-0.04916666666666658,-0.04777777777777781,0.3706266374152045,0.5133496784206276,0.15004119307423755,0.2950026276594871,0.004600654900323298,0.001388888888888773,0.007870380381826336,0.28530369631162633,0.12242631996546698,0.11275356337901668,0.0,0.7943421162607109,0.6422416634075505,0.2766312133324376,0.2654773450354455,0.3416486375706376,disgust,07,06,06,female,normal,644
50,1.6683333333333334,True,1.0,0.5118479025631462,0.5082503060950911,0.5100491043291187,1.0957564555286652,-0.050138888888888955,-0.04796296296296293,0.35874706561572844,0.5396550492907846,0.15418448130461643,0.4654767049335222,0.00359759646805502,0.0021759259259260255,0.020034103774463952,0.2580355663515387,0.1272702365151123,0.10743351767535554,0.0,0.9999999987499999,0.5906757471738695,0.2456747140921575,0.2786871821943255,0.3127692425439174,disgust,07,06,06,female,normal,644
60,2.0020000000000002,True,1.0,0.3522682601898734,0.36961392731517617,0.3609410937525248,1.1845561021946471,-0.0474074074074074,-0.04754629629629625,0.30927499281398163,0.5921865681580849,0.1507192502405064,0.3047057822620669,0.017345667125302777,0.0001388888888888551,0.022584748517215352,0.24655119480125662,0.12451026219415767,0.1102753849945297,0.0,0.8513283649896735,0.6407609838154011,0.27048933733354785,0.27258991130785604,0.33289932890539264,disgust,07,06,06,female,normal,644
70,2.3356666666666666,True,1.0,0.468608432183727,0.4862891181093356,0.4774487751465313,1.1625522295637225,-0.04560185185185189,-0.043333333333333224,0.3383992833852114,0.5811965811965816,0.15210139197864128,0.4106901720241044,0.01768068592560862,0.0022685185185186696,0.018114725862043213,0.27294059074384097,0.12057553610382607,0.11356223991697537,0.0,0.9999999987499999,0.6406114964735895,0.26974948736057736,0.26119257196433077,0.32756201682219116,disgust,07,06,06,female,normal,644
80,2.6693333333333333,True,1.0,0.4657101806770749,0.4610274499532608,0.4633688153151678,1.106986878310677,-0.04458333333333325,-0.042268518518518594,0.3708947224934197,0.483195839807318,0.15350403453599246,0.41858564396200804,0.004682730723814144,0.0023148148148146586,0.02199931819383555,0.30921239649048793,0.12178011492981577,0.11277746978923711,0.0,0.9999999987499999,0.6420078330707283,0.2702314802689373,0.2681939509385275,0.3294039919574806,disgust,07,06,06,female,normal,644
90,3.003,True,1.0,0.4431566566947297,0.4530958498410538,0.44812625326789174,1.0241574793999344,-0.04504629629629625,-0.04189814814814802,0.3915222117084428,0.45177235950245165,0.1521680900560081,0.43755600313582055,0.009939193146324077,0.003148148148148233,0.02481014741297045,0.3394266400781917,0.12528112760580454,0.1099200474724115,0.0,0.6720782537183244,0.6491296174016482,0.2749995438455686,0.2605480681412602,0.3299435585417286,disgust,07,06,06,female,normal,644
100,3.336666666666667,True,1.0,0.5324205751795238,0.5302637232771696,0.5313421492283468,1.0504023683949122,-0.045648148148148215,-0.04263888888888889,0.37915704455963034,0.4709913504618325,0.15003254855197257,0.5058462977766077,0.002156851902354151,0.0030092592592593226,0.0230053140885849,0.30632495780758007,0.11974197520057615,0.11394029038798062,0.0,0.9999999987499999,0.6437536684204932,0.27135530860553986,0.26078524093060274,0.32896280492814434,disgust,07,06,06,female,normal,644
0,0.0,True,1.0,0.6110248039203152,0.5904986769354976,0.6007617404279064,1.192073840224417,-0.03856481481481483,-0.039953703703703713,0.35448021691837556,0.4913277314438473,0.15593960295719472,0.503963529905839,0.020526126984817594,0.001388888888888884,0.004675319063016763,0.2749800776368201,0.12300376880294425,0.11109914063489604,0.0,0.9999999987499999,0.6283520339776536,0.2661456532355683,0.27553764068305087,0.3440724868237869,disgust,07,06,06,female,normal,645
10,0.33366666666666667,True,1.0,0.5835042879256884,0.5554319009666834,0.5694680944461858,1.1892344310208964,-0.035648148148148096,-0.03629629629629627,0.3506210262429728,0.480566770720039,0.1551446240111719,0.47885268000298886,0.028072386959005047,0.0006481481481481755,0.004008623192904751,0.27772704727716974,0.1254839440332139,0.10829000867947272,0.0,0.9999999987499999,0.6265310629642482,0.2665626351209987,0.2757984570213808,0.3424970786585593,disgust,07,06,06,female,normal,645
20,0.6673333333333333,True,1.0,0.5859953063222593,0.5578602456630821,0.5719277759926706,1.0599134550612124,-0.03611111111111115,-0.03726851851851859,0.3641066905001843,0.4364349520840296,0.15794108623712855,0.5395985618086531,0.028135060659177147,0.0011574074074074403,0.0043986557451691,0.3143382352941174,0.12286870446215356,0.11038889398680701,0.0,0.9999999987499999,0.6252072735578607,0.2689634848694293,0.27258766674849444,0.33903968923296157,disgust,07,06,06,female,normal,645
30,1.0010000000000001,True,1.0,0.5806016897733607,0.556201451604196,0.5684015706887784,1.1417805451327647,-0.03634259259259265,-0.03749999999999998,0.3667946221101091,0.47831347160967214,0.15657973021455396,0.4978203325602166,0.0244002381691647,0.0011574074074073293,0.010215574542803772,0.28916728415396764,0.11977484736941996,0.11255969419066605,0.0,0.9999999987499999,0.622142055486257,0.2708707981570534,0.27531505182256816,0.34581250404838976,disgust,07,06,06,female,normal,645
40,1.3346666666666667,True,1.0,0.5371195873997012,0.5027306556140435,0.5199251215068723,1.0471310938096097,-0.03476851851851853,-0.03800925925925924,0.35253209359261434,0.4430004135969129,0.15660555249500455,0.4965234291871821,0.03438893178565772,0.0032407407407407107,0.014789557043561705,0.30443208629200214,0.1263806193486625,0.10847862865999217,0.0,0.6645635819222657,0.6248714974505427,0.2696681628333171,0.27709430079793207,0.34420586573443684,disgust,07,06,06,female,normal,645
50,1.6683333333333334,True,1.0,0.5881268667848436,0.5495333083341912,0.5688300875595174,1.134911890636738,-0.034490740740740766,-0.036250000000000004,0.3276005023389687,0.5142569504447719,0.15747294007182921,0.501210792002873,0.03859355845065238,0.0017592592592592382,0.02063305300268938,0.2655172690542289,0.12456562636979222,0.10951919861033525,0.0,0.9999999987499999,0.6199434973989596,0.2708899031667251,0.2688685406837716,0.33505910530218097,disgust,07,06,06,female,normal,645
60,2.0020000000000002,True,1.0,0.5692280075015566,0.5174830479305667,0.5433555277160615,1.2316101459932816,-0.0352777777777778,-0.03814814814814821,0.3421057041023655,0.514561566150231,0.1589565926619416,0.44117493630896537,0.0517449595709899,0.002870370370370412,0.02863547856742583,0.2469482357180796,0.11881368287749305,0.11323780148171335,0.0,0.9999999987499999,0.6193409786727191,0.27216935379010304,0.2679801127444327,0.33722287528660283,disgust,07,06,06,female,normal,645
70,2.3356666666666666,True,1.0,0.6094715049071642,0.5331110594605102,0.5712912821838372,0.9369515462469261,-0.03976851851851859,-0.039861111111111125,0.34208156045663834,0.41728204128603347,0.16044710796161324,0.6097340726659924,0.07636044544665399,9.259259259253305e-05,0.028730231980680494,0.2987492924857577,0.1267507904896689,0.10751557603558175,0.0,0.9999999987499999,0.6204779704694378,0.26893616634792716,0.2677175517547662,0.31758538452701396,disgust,07,06,06,female,normal,645
80,2.6693333333333333,True,1.0,0.5199766799592125,0.5042014465328726,0.5120890632460425,1.121230751868789,-0.03226851851851853,-0.03444444444444439,0.33326172345862437,0.4829917084973241,0.15549828822471945,0.4567204943251229,0.015775233426339907,0.002175925925925859,0.036064475677619376,0.2773500981126148,0.12058872206753414,0.11236758749325053,0.0,0.9999999987499999,0.6687882148015456,0.2859546228749386,0.25450958916970967,0.33478022260956847,disgust,07,06,06,female,normal,645
90,3.003,True,1.0,0.6017514861092849,0.5174840293772305,0.5596177577432577,1.1102227077268891,-0.036018518518518616,-0.03648148148148145,0.2971659638842185,0.5258693613544967,0.15849032881909847,0.5040590089253711,0.08426745673205438,0.0004629629629628318,0.049768913421678926,0.24732147889781572,0.12135646301141338,0.11119584344372,0.0,0.9999999987499999,0.6206302566104568,0.27168897180385426,0.24490988237103142,0.29477126825753686,disgust,07,06,06,female,normal,645
100,3.336666666666667,True,1.0,0.580359183956513,0.5153410217219387,0.5478501028392259,1.1710515479695391,-0.036111111111111205,-0.036250000000000115,0.3345380108499846,0.46491272915534027,0.1605231712736375,0.4678274870044203,0.06501816223457424,0.0001388888888889106,0.042336058584785397,0.2662984155169001,0.12689611849502838,0.10805162137364546,0.0,0.7604389825691775,0.624842172986382,0.27226940261196175,0.2564723029577878,0.3096851734111499,disgust,07,06,06,female,normal,645
110,3.6703333333333332,True,1.0,0.5502991005016454,0.4959825286453474,0.5231408145734964,1.1661468836215718,-0.03763888888888883,-0.03851851851851862,0.34375773078411265,0.4580699790363967,0.16121416559528837,0.44860627929548336,0.05431657185629801,0.0008796296296297856,0.0526142872125672,0.2666788935109472,0.12535129981161186,0.1079151795756336,0.0,0.8499410124338254,0.6270757943880678,0.2718886967284631,0.2537612749320383,0.3040714341768151,disgust,07,06,06,female,normal,645
120,4.0040000000000004,True,1.0,0.5959585553933862,0.5157633714193144,0.5558609634063503,1.184829263069429,-0.036805555555555536,-0.037361111111111234,0.34796872618828406,0.46724194743219305,0.15943966553039568,0.46914857754806966,0.08019518397407177,0.0005555555555556979,0.05271796105250317,0.23146665200907962,0.11784794437737912,0.11523878086142417,0.0,0.9999999987499999,0.6602705197235145,0.2894143511667802,0.2538219739386813,0.3345025318110508,disgust,07,06,06,female,normal,645
0,0.0,True,1.0,0.5794812775715696,0.5056434974527985,0.5425623875121841,1.2722890022795903,-0.04958333333333337,-0.05087962962962961,0.3348851082482605,0.6186424259689968,0.1516435229630353,0.42644586767633946,0.07383778011877118,0.0012962962962962399,0.05402033418728166,0.22385181119013203,0.1238471438326496,0.10998512266239034,0.0,0.9999999987499999,0.6701796419427145,0.28643675457076484,0.2686136996188313,0.3431968022013069,disgust,07,06,06,female,normal,646
10,0.33366666666666667,True,1.0,0.5130007379439158,0.5104616159624542,0.5117311769531849,1.2841711557503641,-0.051203703703703696,-0.05217592592592596,0.3277759496016812,0.6156802217776043,0.15032820097952845,0.39849141188206433,0.002539121981461556,0.0009722222222222632,0.04867254022288542,0.2022011026547736,0.11742576899306668,0.11333952584715219,0.0,0.9999999987499999,0.6714375803133753,0.28681859363116735,0.2658263284726395,0.3440883195396105,disgust,07,06,06,female,normal,646
20,0.6673333333333333,True,1.0,0.5295993638868131,0.47634154844705834,0.5029704561669357,1.1284018416318098,-0.04375000000000007,-0.04550925925925925,0.35542126089634024,0.47293312480156835,0.14930484899703622,0.44573700397331656,0.05325781543975472,0.0017592592592591827,0.04977590142414039,0.24989860616868576,0.12358318229215491,0.1113133549139077,0.0,0.7630195205152353,0.6646572431550746,0.2884862777059426,0.270950054905757,0.3384592859615061,disgust,07,06,06,female,normal,646
30,1.0010000000000001,True,1.0,0.5440509904701916,0.46933771809621516,0.5066943542832034,1.177978436441564,-0.047916666666666774,-0.0492129629629629,0.34268995461119306,0.5377548957181639,0.15095663939156076,0.4301389045913482,0.0747132723739764,0.0012962962962961289,0.058792551109146836,0.21392214809200924,0.12083288825220032,0.11278272702763771,0.0,0.9999999987499999,0.6628363286799095,0.28866648106766485,0.2668578453346476,0.33409746769713106,disgust,07,06,06,female,normal,646
40,1.3346666666666667,True,1.0,0.4799999999999997,0.4112998013634258,0.44564990068171273,1.1952953228043168,-0.04791666666666666,-0.04898148148148146,0.3334306412554523,0.5712613083086834,0.1502124427957918,0.3728366472949636,0.0687001986365739,0.0010648148148147962,0.04873097484036113,0.19251071742246922,0.12082343522307672,0.112115173415392,0.0,0.9999999987499999,0.6625052988929947,0.28797457258076953,0.2664118711483804,0.33100175376449836,disgust,07,06,06,female,normal,646
50,1.6683333333333334,True,1.0,0.4998664525675534,0.44340912075376676,0.4716377866606601,1.0723917715568996,-0.04888888888888887,-0.04916666666666675,0.35711482172272035,0.4103823450681038,0.15399963678314402,0.4397998932572336,0.05645733181378665,0.0002777777777778767,0.06207930397800524,0.255272569617234,0.12490809313332543,0.1098245609940618,0.0,0.9999999987499999,0.6602107503235668,0.28830329465104193,0.2740817304507726,0.33379083917127345,disgust,07,06,06,female,normal,646
60,2.0020000000000002,True,1.0,0.4443837655951234,0.36900626622168664,0.406695015908405,1.302062317889243,-0.052824074074074134,-0.053657407407407376,0.3338124225000226,0.6332710852569639,0.15176020047188138,0.31234681345182713,0.07537749937343674,0.0008333333333332416,0.052516335166529274,0.199422731249233,0.11998133279828153,0.11165913670034601,0.0,0.9999999987499999,0.6558883898715736,0.28990269158861504,0.2705811954124109,0.3345693056306933,disgust,07,06,06,female,normal,646
70,2.3356666666666666,True,1.0,0.4897959183673475,0.39420813105002533,0.44200202470868644,1.1339907087753427,-0.04939814814814819,-0.05064814814814811,0.3104284329950754,0.5858694538833805,0.15119500144108178,0.38977570211843104,0.09558778731732215,0.0012499999999999178,0.06150527057320682,0.20891705891867401,0.12175384864946548,0.11041602763272118,0.0,0.9999999987499999,0.6589143919051996,0.28711623953069465,0.26672029174600387,0.32528276471284234,disgust,07,06,06,female,normal,646
80,2.6693333333333333,True,1.0,0.5110819753538162,0.4272586028529012,0.4691702891033587,1.191782563646719,-0.04662037037037031,-0.04805555555555546,0.3366498542847745,0.5333333333333343,0.15450633588944396,0.3936710465604993,0.08382337250091498,0.0014351851851851505,0.061107311922686626,0.24333297771418438,0.1263255203731418,0.10783840195022465,0.0,0.9999999987499999,0.6540436953765881,0.2718165653831089,0.245323079748481,0.29763440290999205,disgust,07,06,06,female,normal,646
90,3.003,True,1.0,0.5106382978723398,0.3946409833953263,0.45263964063383305,1.1466019939790286,-0.048101851851851785,-0.04796296296296293,0.358245683084705,0.5066798107974323,0.15233047509628656,0.3947661376926856,0.11599731447701356,0.0001388888888888551,0.0666387212628904,0.25264184734403816,0.1259857957107194,0.10876189201368013,0.0,0.9999999987499999,0.657857020042392,0.27105249906177015,0.24046635534984354,0.2953883035013972,disgust,07,06,06,female,normal,646
100,3.336666666666667,True,1.0,0.5183722828224935,0.419051534014478,0.46871190841848576,1.2027913038786653,-0.04856481481481473,-0.04907407407407399,0.3359857625213488,0.5489362371274212,0.15044792704430662,0.38968681175780123,0.0993207488080155,0.0005092592592592649,0.05793229992469274,0.23634237332184277,0.12019650845515674,0.11261798265204728,0.0,0.9999999987499999,0.6533062373543168,0.2910056985348628,0.26778281876794574,0.33471294097823545,disgust,07,06,06,female,normal,646
110,3.6703333333333332,True,1.0,0.5187276975250819,0.46166975170824953,0.4901987246166657,1.1957477117445487,-0.049629629629629635,-0.05111111111111116,0.3524577124259046,0.5313785658530281,0.1539240458236336,0.40995163093516196,0.05705794581683232,0.001481481481481528,0.05422113078115387,0.2659553970841189,0.12040118200583565,0.11408157392199277,0.0,0.9999999987499999,0.6639070142822754,0.289432179594078,0.2648103797928249,0.3396190741438696,disgust,07,06,06,female,normal,646
0,0.0,True,1.0,0.33599763964521284,0.3802134564070168,0.35810554802611483,1.1753939884262883,-0.048888888888888815,-0.046435185185185135,0.37720139264873975,0.47922705314009617,0.15455416531870345,0.3046685209829729,0.04421581676180397,0.00245370370370368,0.0492639100703469,0.2666552246086628,0.12403909231445512,0.11114844758423831,0.0,0.9999999987499999,0.6463304180656637,0.2730834557598832,0.24720734967026975,0.31687184774962235,disgust,07,06,06,female,normal,647
10,0.33366666666666667,True,1.0,0.48132927817236226,0.5127011973079427,0.4970152377401525,1.1486405809737645,-0.041435185185185186,-0.03773148148148148,0.37111921312211943,0.432591501711477,0.15593960295719472,0.4326986578506619,0.03137191913558046,0.003703703703703709,0.055191624539088505,0.2773231736164347,0.12480426973327506,0.10994253127772119,0.0,0.9999999987499999,0.6401261003698355,0.269571082981476,0.24334653991301122,0.3064534442848077,disgust,07,06,06,female,normal,647
20,0.6673333333333333,True,1.0,0.44333401420984814,0.46213525062277155,0.45273463241630985,1.1190728258989435,-0.04263888888888878,-0.0401851851851851,0.3814712330892373,0.3984674329501913,0.15527488576902423,0.4045622607738967,0.018801236412923417,0.00245370370370368,0.05406470770163596,0.28535541376147583,0.11955240292072639,0.11397214312041934,0.0,0.9999999987499999,0.6350250129739397,0.2701772637418953,0.24588464979996738,0.31137155893863283,disgust,07,06,06,female,normal,647
30,1.0010000000000001,True,1.0,0.2684134499982772,0.29045592130490755,0.27943468565159235,1.158429295238134,-0.053240740740740755,-0.050555555555555576,0.36680668410280004,0.4484622721059477,0.15452701279509914,0.24121859383239266,0.02204247130663034,0.0026851851851851793,0.04628500582641259,0.261312481405512,0.12290097062193439,0.10966021193367693,0.0,0.9999999987499999,0.6381981299238446,0.2505478452407181,0.23012281292177894,0.27199047824991485,disgust,07,06,06,female,normal,647
40,1.3346666666666667,True,1.0,0.4909752685532099,0.5355697199860094,0.5132724942696096,1.1910908028384009,-0.040000000000000036,-0.038935185185185184,0.32760776760604293,0.52436158891229,0.15591269171065952,0.43092641891488687,0.04459445143279955,0.0010648148148148517,0.05687378154658681,0.23504149549696274,0.11864900053973432,0.11474640375600041,0.0,0.9999999987499999,0.6788360893107243,0.28584509070502523,0.23632022913339884,0.32161387142139747,disgust,07,06,06,female,normal,647
50,1.6683333333333334,True,1.0,0.45132020804181194,0.4446786908396623,0.4479994494407371,1.121272735037528,-0.04199074074074066,-0.04004629629629636,0.3373545970539061,0.4829917084973244,0.15738134496673298,0.39954547670843255,0.006641517202149616,0.0019444444444443043,0.048214492441843816,0.2682591861190483,0.11920957539918446,0.11532617772888402,0.0,0.9999999987499999,0.6560627359850191,0.27360995365927515,0.22989516205166646,0.28961063350943467,disgust,07,06,06,female,normal,647
60,2.0020000000000002,True,1.0,0.46790235050117185,0.4900008284145911,0.47895158945788147,0.9467024071898827,-0.050000000000000044,-0.04652777777777789,0.35182211658796675,0.43174508475558454,0.15799131578156148,0.5059156772185294,0.022098477913419234,0.0034722222222221544,0.05350888681176947,0.29651424719402847,0.11676284023082258,0.1169913224962739,0.0,0.9999999987499999,0.6541464221547996,0.2698977277189355,0.23600436312662038,0.2963512325060125,disgust,07,06,06,female,normal,647
70,2.3356666666666666,True,1.0,0.4716235038858312,0.5399770454933761,0.5058002746896036,1.046751380076065,-0.04328703703703701,-0.041388888888888975,0.34873600957998635,0.4900673579844019,0.15527488576902423,0.4832095608537419,0.06835354160754492,0.0018981481481480378,0.05457725436301411,0.2504634680401386,0.12461580168955896,0.10963601622686601,0.0,0.9999999987499999,0.6410971649675495,0.27095410047717683,0.24441384034142666,0.30213174639588064,disgust,07,06,06,female,normal,647
80,2.6693333333333333,True,1.0,0.5268830583334828,0.585188943609568,0.5560360009715254,1.0313844698683077,-0.044537037037036986,-0.04189814814814807,0.32898965548546394,0.47103668156527667,0.15657973021455396,0.5391161271242748,0.058305885276085156,0.002638888888888913,0.060077824080273914,0.24235434068639528,0.11986832576603049,0.11497322518646722,0.0,0.9999999987499999,0.6362880211537739,0.2713160966861012,0.23909170906875366,0.2948616886356898,disgust,07,06,06,female,normal,647
90,3.003,True,1.0,0.48911482690654895,0.5286801055141063,0.5088974662103276,1.115598556550671,-0.04171296296296301,-0.03902777777777777,0.35953665443273153,0.476705423619752,0.15602617673675195,0.45616540396376287,0.03956527860755732,0.002685185185185235,0.061600562412749985,0.27702666720376856,0.12212424618986352,0.11274320587969794,0.0,0.9999999987499999,0.6297147837806998,0.2721439472730817,0.24568790864951973,0.3040682930969532,disgust,07,06,06,female,normal,647
100,3.336666666666667,True,1.0,0.4575270790973322,0.5259359703302373,0.4917315247137848,1.0958202386636469,-0.041527777777777775,-0.03999999999999998,0.36602588504967987,0.4603174603174611,0.15892251133952065,0.4487337497192528,0.06840889123290511,0.0015277777777777946,0.06247637843260109,0.27702666720376856,0.12461346409000582,0.1106763856368299,0.0,0.9999999987499999,0.6222947329244198,0.2727044583747709,0.25280099547496787,0.3068925767849312,disgust,07,06,06,female,normal,647
110,3.6703333333333332,True,1.0,0.4889626069591094,0.5498982313667834,0.5194304191629464,1.086122714427686,-0.041527777777777775,-0.03912037037037036,0.37018490158310924,0.456243854473944,0.15876641189498156,0.4782428470218041,0.06093562440767397,0.0024074074074074137,0.06197901573521554,0.29332235350987285,0.12058380026852428,0.11422261222887958,0.0,0.9999999987499999,0.6242007822816628,0.27311637257695787,0.24695572141281147,0.30538174431653115,disgust,07,06,06,female,normal,647
0,0.0,True,1.0,0.47389362285611203,0.5257731999936633,0.4998334114248877,1.413403618905263,-0.047870370370370396,-0.04462962962962974,0.3793236567491537,0.4603174603174601,0.15653099732960246,0.3536381290802329,0.051879577137551314,0.003240740740740655,0.02634105342666381,0.1961509629806948,0.13056049278977658,0.10359409005031416,0.0,0.777689859483825,0.6095549413515406,0.25277955070985436,0.2608533174423156,0.3030074042696213,disgust,07,06,06,female,strong,648
10,0.33366666666666667,True,1.0,0.536554310524872,0.5375574079227387,0.5370558592238053,1.3411425125893783,-0.04296296296296287,-0.039907407407407336,0.39954049339440706,0.3992014011865867,0.16004479899599192,0.4004465253934108,0.0010030973978666369,0.0030555555555555336,0.03956034685665947,0.23404331246294788,0.11655903095567353,0.11686879312180075,0.0,0.9999999987499999,0.6410892920683898,0.27339247975478376,0.2508743149051669,0.3188992789190639,disgust,07,06,06,female,strong,648
20,0.6673333333333333,True,1.0,0.1769128734695891,0.17045967064250245,0.17368627205604575,1.2272625403195725,-0.04976851851851849,-0.04925925925925928,0.43461448351578524,0.33062379231129085,0.1517558310289195,0.14152332231277814,0.00645320282708664,0.0005092592592592093,0.04650280146481228,0.27804480620654104,0.11708400448236873,0.11634284850129906,0.0,0.9999999987499999,0.6415850307466737,0.27894437188480903,0.2690274480945215,0.3462806106610808,disgust,07,06,06,female,strong,648
30,1.0010000000000001,True,1.0,0.4342635515202042,0.46910544209172167,0.4516844968059629,1.1733996323781049,-0.03726851851851842,-0.036527777777777715,0.46104800407599383,0.29629629629629617,0.1517291833928953,0.3849366271664354,0.034841890571517486,0.0007407407407407085,0.055425645904344824,0.253435065236103,0.12074877338997839,0.1132098583108726,0.0,0.9999999987499999,0.639003167907788,0.2784031992627333,0.274810230492404,0.34817700586628075,disgust,07,06,06,female,strong,648
40,1.3346666666666667,True,1.0,0.5103702494354364,0.5481771395879489,0.5292736945116927,1.2535341765050405,-0.037407407407407334,-0.03453703703703709,0.3431970956779538,0.5134598018442459,0.15577169872593402,0.422225180957852,0.037806890152512485,0.0028703703703702454,0.05996562518053594,0.2343106534923737,0.12069317813851588,0.11460683498591495,0.0,0.9999999987499999,0.6386687682494873,0.279612284619798,0.2517560312561467,0.32099360312011166,disgust,07,06,06,female,strong,648
50,1.6683333333333334,True,1.0,0.2750267597757758,0.306303673829225,0.2906652168025004,1.6737828753914774,-0.048564814814814894,-0.04750000000000004,0.33466506821484987,0.6775628129854867,0.151872422255994,0.173657659590117,0.031276914053449234,0.0010648148148148517,0.06091954127759301,0.1718401927676372,0.11920250688717458,0.11582799459031472,0.0,0.9999999987499999,0.6366673253520159,0.27807206979183646,0.2463025229833099,0.3267252328933901,disgust,07,06,06,female,strong,648
60,2.0020000000000002,True,1.0,0.28656286593347546,0.28951061090124935,0.28803673841736244,1.211261269305566,-0.05138888888888893,-0.05162037037037037,0.38002677439531557,0.43769828775404357,0.15247612660356957,0.23779901637777798,0.002947744967773891,0.00023148148148144365,0.06986461819039018,0.21475306049465753,0.11947388568507769,0.11554805328772207,0.0,0.9999999987499999,0.6587034916153962,0.2765674902923202,0.23650767773850284,0.30841625907890624,disgust,07,06,06,female,strong,648
70,2.3356666666666666,True,1.0,0.5235295586448037,0.572882821964351,0.5482061903045774,1.2144496467825328,-0.038333333333333386,-0.03726851851851859,0.3483747202544789,0.5212913648492404,0.15666010633219812,0.45140298056568395,0.04935326331954737,0.0010648148148147962,0.0562362847048497,0.253713080950425,0.11967636216236772,0.11484171052419269,0.0,0.9999999987499999,0.6247238990596239,0.2773835229096072,0.26166647217303207,0.32567101778081736,disgust,07,06,06,female,strong,648
80,2.6693333333333333,True,1.0,0.2186685754212434,0.26909718751609507,0.24388288146866924,1.2964961522160967,-0.04935185185185187,-0.04884259259259255,0.3189933188592137,0.5527473002055513,0.1517291833928953,0.18810922118958934,0.050428612094851666,0.0005092592592593204,0.05677059226073263,0.22327684711843543,0.12311662857982814,0.11148790875856043,0.0,0.7071067807446058,0.626516502921481,0.2769787191634959,0.25671509062960896,0.31304605684460657,disgust,07,06,06,female,strong,648
90,3.003,True,1.0,0.5136940559182562,0.5498982313667834,0.5317961436425198,1.2867962862776807,-0.03888888888888897,-0.037175925925926,0.33212576307359515,0.5808580858085816,0.15391897899671003,0.413271431782608,0.036204175448527165,0.0017129629629629717,0.06356541672181547,0.21544025711654355,0.12218658387953897,0.11250642982541906,0.0,0.9999999987499999,0.6229988011141957,0.27508833145664463,0.25900118315148185,0.3287383839475966,disgust,07,06,06,female,strong,648
100,3.336666666666667,True,1.0,0.5309029701530792,0.601341706296782,0.5661223382249305,1.1862650600999227,-0.03680555555555559,-0.03476851851851853,0.3723586252886518,0.4403839620073033,0.1572984272465588,0.47723089659004564,0.07043873614370277,0.0020370370370370594,0.06909922699676577,0.258530254621787,0.1150287801107621,0.11610015927616227,0.0,0.9999999987499999,0.6615420831770208,0.2770203861302906,0.22965984357975497,0.29816145533803035,disgust,07,06,06,female,strong,648
110,3.6703333333333332,True,1.0,0.4853852275733261,0.5280420066042448,0.5067136170887855,1.114132514327194,-0.037129629629629624,-0.035740740740740795,0.3848163283936706,0.4250699846364899,0.15605697954336273,0.45480551960623944,0.042656779030918746,0.0013888888888888284,0.06931406150969432,0.27348970656992794,0.11533931724404244,0.11807270811017141,0.0,0.9999999987499999,0.6629776964066877,0.2748358812471298,0.22513425863061204,0.29769103284304216,disgust,07,06,06,female,strong,648
120,4.0040000000000004,True,1.0,0.46621643418049025,0.49885851696990247,0.48253747557519633,1.2303966220062144,-0.03865740740740742,-0.03578703703703712,0.3878181964545352,0.42466744298950565,0.15932734083194539,0.3921804294199039,0.03264208278941222,0.002870370370370301,0.07584570880085068,0.2577306636137063,0.1215467546740521,0.11403580226387951,0.0,0.9999999987499999,0.6273623562471864,0.2744672580511584,0.2516643625754911,0.3060327206692875,disgust,07,06,06,female,strong,648
0,0.0,True,1.0,0.5054018769779928,0.5699100862596916,0.5376559816188422,1.156134949775354,-0.04194444444444445,-0.039212962962962894,0.3958368677657265,0.3901230758138353,0.16115845901633363,0.46504604131491134,0.06450820928169887,0.002731481481481557,0.04788883497339046,0.2858935001367902,0.1255112324952247,0.10965723089675122,0.0,0.802762238599784,0.633753662402461,0.26680868346574776,0.2671229368734645,0.3277928872982515,disgust,07,06,06,female,strong,649
10,0.33366666666666667,True,1.0,0.5029930700685041,0.5522178792444692,0.5276054746564867,1.1543875582151435,-0.04523148148148143,-0.04300925925925925,0.39259146038176534,0.3567046168681978,0.16476865225934545,0.4570436253421199,0.049224809175965056,0.002222222222222181,0.05343602061780951,0.2665895738738398,0.12576403574268064,0.10725641106085718,0.0,0.7071067807446058,0.6074048038043344,0.24877300071038078,0.25416681359978566,0.30557741632937857,disgust,07,06,06,female,strong,649
20,0.6673333333333333,True,1.0,0.5087169847720766,0.5765061363535602,0.5426115605628183,1.0144384656016998,-0.04106481481481483,-0.039074074074074094,0.4033121849594404,0.25686722180025234,0.16338133875623884,0.5348885900545737,0.06778915158148358,0.0019907407407407374,0.055065243140449846,0.2944271678015539,0.12028908987280014,0.11285722579489658,0.0,0.9999999987499999,0.6386137423797644,0.2738834334601497,0.2546734351969887,0.3222788970993854,disgust,07,06,06,female,strong,649
30,1.0010000000000001,True,1.0,0.47162350388582985,0.5144572564769315,0.4930403801813807,1.072042619510427,-0.0400462962962963,-0.03736111111111112,0.4223601417691765,0.2535647504659073,0.15991317465379434,0.45990744323816063,0.04283375259110167,0.0026851851851851793,0.06313771522397749,0.2821001131190289,0.11767857763991256,0.11639798391119217,0.0,0.9999999987499999,0.6457804767922793,0.2763009974999502,0.2552574444472912,0.3319462654737347,disgust,07,06,06,female,strong,649
40,1.3346666666666667,True,1.0,0.4872590861064531,0.5144572564769315,0.5008581712916923,1.1261669800795366,-0.040648148148148266,-0.03865740740740742,0.3704937729954548,0.41584683413460616,0.15925980862728917,0.4447459214763327,0.027198170370478447,0.0019907407407408484,0.06795799275609772,0.2769439444752033,0.11514661504398131,0.11696472958197306,0.0,0.9999999987499999,0.6545771657803746,0.2740602008038261,0.2300578405991449,0.28788316792574653,disgust,07,06,06,female,strong,649
50,1.6683333333333334,True,1.0,0.4185057727560281,0.4539668641758993,0.4362363184659637,1.1055507082211131,-0.041157407407407476,-0.04055555555555557,0.3820489464024348,0.45639792426211423,0.1547046519145489,0.39458734477036334,0.035461091419871194,0.0006018518518519089,0.052038100929592435,0.2866422309640809,0.12182386142795443,0.11373972286240913,0.0,0.9999999987499999,0.6583632272127601,0.27501357017929107,0.23902145480572387,0.30782478709810673,disgust,07,06,06,female,strong,649
60,2.0020000000000002,True,1.0,0.5505890983537955,0.598777818450883,0.5746834584023393,1.1621141224849725,-0.04180555555555554,-0.04074074074074069,0.3189394056675067,0.5624090844204898,0.15244860396226462,0.4945155103816154,0.04818872009708741,0.0010648148148148517,0.06039212279224133,0.21654683946407643,0.1121799004252781,0.12186267755489653,0.0,0.9999999987499999,0.6750605766681673,0.29004644888487424,0.24917309501640916,0.3425208416645909,disgust,07,06,06,female,strong,649
70,2.3356666666666666,True,1.0,0.45788102291108007,0.507807308433203,0.4828441656721415,1.0524262773046753,-0.04388888888888892,-0.040879629629629655,0.3313154072122385,0.46250893882374494,0.16140680764793475,0.4587914384927117,0.049926285522122915,0.003009259259259267,0.0596173149063813,0.2520485143138509,0.11927098062970046,0.11409976197703091,0.0,0.9999999987499999,0.6251321375737795,0.2724521482289109,0.2550687802546434,0.3092948241100545,disgust,07,06,06,female,strong,649
80,2.6693333333333333,True,1.0,0.4497607975576958,0.47281323877068515,0.4612870181641905,1.0423097792927847,-0.0434722222222223,-0.04097222222222224,0.32808547592623044,0.4848484848484843,0.1530895712135764,0.4425623047278491,0.023052441212989327,0.0025000000000000577,0.06821648336925147,0.2525539705159565,0.11859011422516245,0.11579866578391196,0.0,0.9999999987499999,0.6687187576280512,0.2858241509328574,0.2632873581221367,0.3522972071377111,disgust,07,06,06,female,strong,649
90,3.003,True,1.0,0.4090574213814372,0.4432301130918693,0.42614376723665326,1.0766482843209486,-0.04023148148148148,-0.03805555555555551,0.39692763532960795,0.32087304611309103,0.15527488576902423,0.39580592236342604,0.034172691710432135,0.00217592592592597,0.06980743137212188,0.2975910472077421,0.11660692115465646,0.11517859595713963,0.0,0.9999999987499999,0.6185101479263581,0.27830079924317314,0.26468098501113335,0.32044566677796704,disgust,07,06,06,female,strong,649
100,3.336666666666667,True,1.0,0.4192202229802521,0.4717145655906489,0.44546739428545046,1.07916788978405,-0.033333333333333326,-0.030972222222222234,0.41591151775388696,0.2729391392250737,0.15925980862728922,0.412787851179108,0.052494342610396816,0.0023611111111110916,0.06294079692351236,0.2848262871530561,0.11180858316610144,0.12204744578745101,0.0,0.9999999987499999,0.6736541306757079,0.2950558657997362,0.2550167006816229,0.34769044485229567,disgust,07,06,06,female,strong,649
110,3.6703333333333332,True,1.0,0.4794781731143813,0.5288141816904682,0.5041461774024247,1.1445055377297313,-0.03439814814814807,-0.03296296296296286,0.40387034318245485,0.34564460968464,0.16071364091478071,0.4404925627554946,0.04933600857608694,0.001435185185185206,0.07764978955254016,0.2776238889967691,0.1163352103188848,0.11822507761349516,0.0,0.7071067807446058,0.6723802626128578,0.29332609517221236,0.2658813124950141,0.3560158721862351,disgust,07,06,06,female,strong,649
0,0.0,True,1.0,0.5443849887904925,0.570975824762133,0.5576804067763128,1.4209341926743537,-0.03999999999999998,-0.03722222222222216,0.3711886198568056,0.4864336898212383,0.1555634027348577,0.39247447886850917,0.02659083597164058,0.0027777777777778234,0.02742469069472883,0.23939972503429618,0.12049123104247596,0.11314766299291516,0.0,0.9999999987499999,0.6253171620835836,0.27093521927044817,0.2740951388046327,0.3509735700791178,disgust,07,06,06,female,strong,650
10,0.33366666666666667,True,1.0,0.5471265188699538,0.5617239084572918,0.5544252136636227,1.321895249285179,-0.04245370370370366,-0.03819444444444431,0.37931789934746135,0.3874196666374805,0.16467416566563695,0.4194169046022601,0.014597389587338028,0.0042592592592593514,0.034261836151710016,0.2588543506567366,0.1204454509750946,0.11386764039157117,0.0,0.9999999987499999,0.6218902036048795,0.26978775749621503,0.2635927984235048,0.3390850775300201,disgust,07,06,06,female,strong,650
20,0.6673333333333333,True,1.0,0.5105920206153451,0.5308758309368483,0.5207339257760968,1.1988435714122716,-0.03884259259259265,-0.03629629629629627,0.4141856550720085,0.3808007962871624,0.16121762434314496,0.43436353014985724,0.02028381032150317,0.0025462962962963798,0.025739686609349607,0.2713175885369624,0.12209020524243237,0.1121023102933401,0.0,0.9999999987499999,0.6252416231492597,0.272932643850187,0.27843254304036164,0.34609696479402613,disgust,07,06,06,female,strong,650
30,1.0010000000000001,True,1.0,0.49350296097983837,0.5059608786621549,0.49973191982099663,1.158208025181858,-0.03981481481481486,-0.03671296296296289,0.38025642457703873,0.4092219930242153,0.1646208772612142,0.43146991641897003,0.012457917682316522,0.0031018518518519667,0.029703286328554845,0.27749219564174515,0.11857949923875544,0.11514961032795956,0.0,0.9999999987499999,0.633839284870198,0.2746492400988205,0.2615961250454607,0.33556396000108496,disgust,07,06,06,female,strong,650
40,1.3346666666666667,True,1.0,0.5084800035163993,0.5387215362938412,0.5236007699051203,1.0159019797666027,-0.036157407407407305,-0.03143518518518512,0.3666599964503251,0.372968890728009,0.15976090851877864,0.5154048129972287,0.030241532777441904,0.004722222222222183,0.03781401192049092,0.2991901230268909,0.1165238376745202,0.11575746249756433,0.0,0.9999999987499999,0.638622448831095,0.2745531637152764,0.25452890750842466,0.32739635631529834,disgust,07,06,06,female,strong,650
50,1.6683333333333334,True,1.0,0.5452648816339104,0.5199388629935616,0.532601872313736,1.0747589270614726,-0.03703703703703698,-0.03171296296296289,0.4089330626241458,0.37957738282104264,0.16117928768829692,0.49555473223184776,0.02532601864034878,0.005324074074074092,0.03441694535495524,0.307650522213666,0.12292126115501661,0.11255283793084289,0.0,0.9999999987499999,0.6416648166610395,0.2759357536478757,0.2705389210149449,0.34440728452843444,disgust,07,06,06,female,strong,650
60,2.0020000000000002,True,1.0,0.3084695091476588,0.31372549019607865,0.3110974996718687,0.6430565709646224,-0.04462962962962963,-0.04194444444444445,0.3876843156767235,0.2832257088754866,0.1597909913851683,0.48377936517343145,0.005255981048419844,0.0026851851851851793,0.03987138719268807,0.46931220874441937,0.1154430834437414,0.1168353086828452,0.0,0.9999999987499999,0.6411254477728592,0.270854266924707,0.24648541799728912,0.30901905206344304,disgust,07,06,06,female,strong,650
70,2.3356666666666666,True,1.0,0.5293013362786382,0.6122805770184674,0.5707909566485527,1.1726724018334675,-0.033657407407407525,-0.031203703703703733,0.35172265242554474,0.4606332444641974,0.1640233696813512,0.48674374510402385,0.08297924073982921,0.002453703703703791,0.032834140640511066,0.27317900817759233,0.1187765180419569,0.11444805510816802,0.0,0.9999999987499999,0.6344820189403886,0.27622877557746717,0.24523727285073693,0.315746720785679,disgust,07,06,06,female,strong,650
80,2.6693333333333333,True,1.0,0.5655893718691184,0.6174794853107267,0.5915344285899226,0.9083622491912281,-0.035740740740740684,-0.03310185185185183,0.30790264917241117,0.39716312056737607,0.16057068668037433,0.6512098329896501,0.05189011344160832,0.0026388888888888573,0.045422271042590896,0.2701682966621646,0.12094111729266716,0.11164744897187888,0.0,0.9999999987499999,0.6423095491321529,0.27180756087712704,0.2477165533709208,0.2996958246151783,disgust,07,06,06,female,strong,650
90,3.003,True,1.0,0.547084472348705,0.5819433928777212,0.5645139326132131,1.0514057446021112,-0.03374999999999995,-0.031898148148148175,0.37699658009785814,0.34778453288440103,0.1654812227623609,0.5369134946345999,0.03485892052901618,0.0018518518518517713,0.04806802516653777,0.2980652382375595,0.12020536097378129,0.11445446814115626,0.0,0.9999999987499999,0.6325013476484344,0.2760059775031804,0.2583879494532252,0.317517150711337,disgust,07,06,06,female,strong,650
100,3.336666666666667,True,1.0,0.5192619409629797,0.5953028997918692,0.5572824203774245,1.0703972985483716,-0.0318518518518518,-0.030092592592592393,0.38879032534063024,0.32388038209477793,0.16136142388314936,0.5206313778381053,0.0760409588288895,0.0017592592592594047,0.056780041857999425,0.2932419920687179,0.12006009862379391,0.11427387675144263,0.0,0.7071067807446058,0.6314964656018657,0.2757939871040077,0.25898202424429945,0.31698073676788385,disgust,07,06,06,female,strong,650
110,3.6703333333333332,True,1.0,0.5103702494354374,0.5698231742669881,0.5400967118512128,1.0614043788373595,-0.03592592592592586,-0.033194444444444526,0.38704274006492106,0.32115930808225945,0.164156810782357,0.5088510304082442,0.059452924831550735,0.002731481481481335,0.05575907694283165,0.29290408560899955,0.12179313737469816,0.11293223508056943,0.0,0.9999999987499999,0.6279503527113972,0.27525912325615054,0.2622457704536157,0.3226080918587044,disgust,07,06,06,female,strong,650
0,0.0,True,1.0,0.49818266204577294,0.4956171613940164,0.49689991171989467,1.5131223068663098,-0.041898148148148184,-0.03842592592592592,0.3789071139542887,0.5691315804541806,0.14942048452318607,0.3283937520880113,0.002565500651756536,0.0034722222222222654,0.04061963024873288,0.22629953604215,0.12731014951162836,0.10756348637831477,0.0,0.8233353591890231,0.6329268153120624,0.2708893548661124,0.26987432598038813,0.3365022341072688,disgust,07,06,06,female,strong,651
10,0.33366666666666667,True,1.0,0.5096558325343079,0.5296051133317433,0.5196304729330257,1.537408707825128,-0.0382407407407408,-0.03787037037037033,0.3724308689918433,0.5442653940852016,0.1557325113542871,0.33799110821228084,0.01994928079743541,0.0003703703703704653,0.03510629243996154,0.20604520385944114,0.11836998459119054,0.11602367403408316,0.0,0.9999999987499999,0.6534997690795067,0.27552349044024044,0.2387950562751905,0.31889995746712735,disgust,07,06,06,female,strong,651
20,0.6673333333333333,True,1.0,0.503016169951089,0.6388509528543708,0.5709335614027299,1.1642695877174625,-0.03347222222222224,-0.034861111111111065,0.42374108814659583,0.319193969241583,0.15193671015229648,0.4903791762885766,0.13583478290328177,0.0013888888888888284,0.05609486691925254,0.26158783473964153,0.11288781085080282,0.12089241707658221,0.0,0.9999999987499999,0.6785446266866121,0.28933890207337387,0.26369929110000395,0.3579997442645239,disgust,07,06,06,female,strong,651
30,1.0010000000000001,True,1.0,0.4023272116144647,0.471565722386583,0.43694646700052386,1.1356673355301974,-0.03745370370370371,-0.03662037037037036,0.39836778816390184,0.3884220354808601,0.15796572002870107,0.38474864366556,0.06923851077211829,0.0008333333333333526,0.0483058002648244,0.2962718607107113,0.11864667240839696,0.11458265873141556,0.0,0.9999999987499999,0.6438910217524509,0.27577015967132257,0.24543331254704281,0.31449542342898945,disgust,07,06,06,female,strong,651
40,1.3346666666666667,True,1.0,0.48169030136568275,0.5412125357910026,0.5114514185783426,0.9480351517934433,-0.03787037037037033,-0.03662037037037036,0.3480017307190175,0.32150884312770184,0.1551215095617256,0.5394857116962442,0.05952223442531984,0.0012499999999999734,0.05095642542137379,0.281122391855015,0.1190897963242648,0.11395496926327549,0.0,0.9999999987499999,0.6389161516559749,0.2752834413732695,0.24434554628742491,0.3048407178343833,disgust,07,06,06,female,strong,651
50,1.6683333333333334,True,1.0,0.47593003985254395,0.4887316074819618,0.4823308236672529,1.2544767403839223,-0.037037037037037035,-0.03430555555555548,0.37493438886014296,0.46031746031745985,0.15794108623712855,0.38448765779398947,0.012801567629417865,0.002731481481481557,0.05069952126783897,0.26364638425746967,0.11892809805958526,0.11462344412576687,0.0,0.9999999987499999,0.6319548915034765,0.2777633207333431,0.2577106274418357,0.32394570056464544,disgust,07,06,06,female,strong,651
60,2.0020000000000002,True,1.0,0.4524487177004301,0.5107167557469575,0.4815827367236938,1.1278075645141319,-0.039166666666666516,-0.0377777777777778,0.3344153370627085,0.48537064763619353,0.1551937922361278,0.4270078973367795,0.058268038046527415,0.0013888888888887174,0.06590749278981455,0.22531453515216537,0.12153668665719196,0.11320817915814699,0.0,0.9999999987499999,0.624728673023897,0.2741106570676107,0.25456084646893234,0.31192297846517636,disgust,07,06,06,female,strong,651
70,2.3356666666666666,True,1.0,0.45155401126980343,0.47272438625046015,0.46213919876013176,1.246749875294212,-0.037314814814814745,-0.03620370370370363,0.32276870069435903,0.5405735936955134,0.15666010633219812,0.370675151381968,0.021170374980656714,0.0011111111111111183,0.06523900846134899,0.23195708870639803,0.12280859009352053,0.11165663564554693,0.0,0.9999999987499999,0.6188310453556424,0.2743847733097885,0.25340222802143136,0.3074533343733411,disgust,07,06,06,female,strong,651
80,2.6693333333333333,True,1.0,0.4518644430330759,0.5102733953177819,0.48106891917542893,1.0233589341052005,-0.03504629629629635,-0.032407407407407496,0.3070753801389445,0.45334515452905816,0.15380790749467227,0.4700881608035831,0.05840895228470605,0.0026388888888888573,0.06946018641277747,0.23404086166862897,0.11468789533898255,0.11528584591023254,0.0,0.9999999987499999,0.6493426074804922,0.27276761778781866,0.2212554749025271,0.28336859518447644,disgust,07,06,06,female,strong,651
90,3.003,True,1.0,0.3779234493741292,0.41513863631162495,0.3965310428428771,1.1004869931950287,-0.034999999999999976,-0.03175925925925921,0.3912195489448265,0.2560043370513891,0.15735274086583598,0.3603232435229734,0.03721518693749576,0.0032407407407407662,0.07054039341479647,0.2771012693015189,0.1214879447264919,0.1127547137624667,0.0,0.9999999987499999,0.6469967991884253,0.2729390223532506,0.2417940781997278,0.2979895922640788,disgust,07,06,06,female,strong,651
100,3.336666666666667,True,1.0,0.3935805640238839,0.4526074342322101,0.423093999128047,1.1569000240007532,-0.035601851851851885,-0.03333333333333338,0.40254241299740473,0.348109948877883,0.1546415147171087,0.3657135364773504,0.0590268702083262,0.002268518518518503,0.06851777056672029,0.28118401000063914,0.11616835432354604,0.11693172393265339,0.0,0.9999999987499999,0.6353808226181098,0.2774356969410538,0.25252994230874004,0.3140894196226827,disgust,07,06,06,female,strong,651
110,3.6703333333333332,True,1.0,0.4694926928474964,0.5091833635112354,0.4893380281793659,1.2678835056064386,-0.039351851851851916,-0.03847222222222213,0.3977293314135632,0.4806702276031338,0.1463680672520858,0.38594872952883136,0.03969067066373899,0.0008796296296297856,0.044797402085288575,0.24556137391948904,0.11393899257117805,0.12069407630620534,0.0,0.9999999987499999,0.6792838438265932,0.29197611289702424,0.2588458401695824,0.35333443837576073,disgust,07,06,06,female,strong,651
0,0.0,True,1.0,0.598930931401251,0.6020206624010813,0.6004757969011661,1.0921352891486067,-0.056805555555555554,-0.054629629629629695,0.3639050363797105,0.5005009149519181,0.1555555555555556,0.5498181432899926,0.0030897309998303424,0.002175925925925859,0.023319124452523265,0.2581548293244515,0.12796376391727385,0.10642765148080655,0.0,0.7071067807446058,0.635479671313838,0.2683433353109996,0.29709641545856535,0.364631565382834,surprised,08,06,06,female,normal,652
10,0.33366666666666667,True,1.0,0.5831865814126896,0.6128601994746584,0.598023390443674,1.0597602785373588,-0.05777777777777782,-0.05439814814814825,0.3730998795249648,0.4850406511011847,0.15486554499172342,0.5643006277504978,0.029673618061968776,0.003379629629629566,0.024205985126018268,0.2617899065286621,0.12335243208276375,0.11122695505803241,0.0,0.7071067807446058,0.6341317749052746,0.26932030726555034,0.2901486815631833,0.3631636878902088,surprised,08,06,06,female,normal,652
20,0.6673333333333333,True,1.0,0.6147774951272298,0.6282940565474772,0.6215357758373534,1.0709250814145583,-0.05708333333333332,-0.05518518518518528,0.36305269199218737,0.5047994929108547,0.15486160377078145,0.5803727885580775,0.013516561420247375,0.0018981481481480378,0.021604869225085508,0.257506123232602,0.1227907085640549,0.1121869324717364,0.0,0.9999999987499999,0.6340134795871473,0.2697514148028329,0.28970556559078886,0.3644111788305864,surprised,08,06,06,female,normal,652
30,1.0010000000000001,True,1.0,0.5736179972339788,0.587695148423324,0.5806565728286515,1.1642186371303715,-0.0534722222222222,-0.05333333333333329,0.37518161854655285,0.5298136342797554,0.1597298647024248,0.49875217103540354,0.014077151189345272,0.0001388888888889106,0.01619842334096616,0.2743096624885053,0.12333598146802048,0.11192814435061851,0.0,0.9999999987499999,0.6394768971416692,0.27136833645065706,0.2973848627044181,0.365631817227841,surprised,08,06,06,female,normal,652
40,1.3346666666666667,True,1.0,0.6550236258835384,0.6716114941311987,0.6633175600073685,0.9906360697555125,-0.0469444444444444,-0.0443055555555556,0.3781788190245252,0.43513727686927767,0.15418448130461643,0.6695875309396662,0.016587868247660342,0.002638888888888802,0.02349214571063012,0.28278535817767403,0.11902005839629741,0.11486017606240916,0.0,0.9999999987499999,0.6375839593962586,0.2709318652465406,0.27733509920798183,0.3554643823695212,surprised,08,06,06,female,normal,652
50,1.6683333333333334,True,1.0,0.672342425850333,0.6873014788288891,0.6798219523396111,0.7784114957667648,-0.04893518518518514,-0.04750000000000004,0.36891106427297077,0.35797868616312767,0.1555634027348577,0.8733452114166951,0.014959052978556153,0.001435185185185095,0.017373781565209145,0.35094758956056965,0.11939950617950178,0.1144656816256325,0.0,0.9999999987499999,0.6392346411767833,0.2694272881800763,0.2702443084807776,0.34293004241660524,surprised,08,06,06,female,normal,652
60,2.0020000000000002,True,1.0,0.6358379378715573,0.6604240465036754,0.6481309921876164,0.9742319478256648,-0.04777777777777781,-0.044768518518518485,0.3600113281219588,0.4230700563881041,0.15417903816140746,0.6652738022337952,0.024586108632118076,0.0030092592592593226,0.024694222025117132,0.287624726291613,0.12214218369561976,0.11136344715047093,0.0,0.9999999987499999,0.6432359733893557,0.2685424269476453,0.2744102546045944,0.3484765010368836,surprised,08,06,06,female,normal,652
70,2.3356666666666666,True,1.0,0.680941673848138,0.6988141750565183,0.6898779244523281,1.117075882806867,-0.047546296296296364,-0.04592592592592598,0.346909702918176,0.5091855026062834,0.15347222222222223,0.6175748085428877,0.017872501208380354,0.0016203703703703831,0.021604135926488938,0.24986441358516145,0.12082689121862275,0.11413248590085034,0.0,0.7071067807446058,0.6454465911520859,0.2739359491124961,0.2652130277834021,0.34082345650527524,surprised,08,06,06,female,normal,652
80,2.6693333333333333,True,1.0,0.6911495585617452,0.6991488620933414,0.6951492103275433,1.0623035225688,-0.04736111111111113,-0.04546296296296293,0.35710302122100174,0.4825848912741932,0.15416864617253928,0.6543790880468647,0.00799930353159617,0.0018981481481482043,0.02697938101999198,0.2763286793243771,0.11982720175866177,0.11451806803924747,0.0,0.9999999987499999,0.6433957437193627,0.26920830409999846,0.271644987036414,0.3545661299341731,surprised,08,06,06,female,normal,652
90,3.003,True,1.0,0.6505381981153421,0.7009475251376505,0.6757428616264962,1.0432408517303673,-0.049768518518518545,-0.04662037037037031,0.3596431781198067,0.4582439477019778,0.15555604601585937,0.6477342796782526,0.05040932702230838,0.003148148148148233,0.03176889283425518,0.2827853581776742,0.12377610612215838,0.11075528694167255,0.0,0.9999999987499999,0.6428092464876576,0.26935448345549307,0.27516075700904685,0.35437932779833203,surprised,08,06,06,female,normal,652
0,0.0,True,1.0,0.5855227271629141,0.6027556850109839,0.594139206086949,1.09654595047342,-0.05592592592592599,-0.052962962962962934,0.34968846304075946,0.5325392625270815,0.15905847896273329,0.5418279150366994,0.017232957848069774,0.002962962962963056,0.021687879041961098,0.2586918829492793,0.12297443502327474,0.1111316090068346,0.0,0.9999999987499999,0.6781468073948328,0.2785374980520332,0.2761270362056553,0.3842345682801434,surprised,08,06,06,female,normal,653
10,0.33366666666666667,True,1.0,0.5628342105300955,0.5670498084291182,0.5649420094796069,1.0491023569411184,-0.05592592592592582,-0.054027777777777786,0.3678167186187544,0.5019245870375969,0.1576698605159637,0.5385003720007033,0.004215597899022705,0.0018981481481480378,0.022307228535110257,0.2666358646007985,0.11412077850217976,0.11972920387072084,0.0,0.9999999987499999,0.6786712092336935,0.27983879302426146,0.2690385782717746,0.38871481254323376,surprised,08,06,06,female,normal,653
20,0.6673333333333333,True,1.0,0.6256812586284374,0.6508120250266104,0.6382466418275239,1.1098688385939128,-0.05342592592592599,-0.04944444444444446,0.3597712453594486,0.5163342816051902,0.15904504792353882,0.5750649262629225,0.02513076639817302,0.00398148148148153,0.024278081976334777,0.2592729803829195,0.12238275205214183,0.11195316939266255,0.0,0.9999999987499999,0.6332379009103641,0.2659059934222667,0.29190883830530545,0.36182162916958466,surprised,08,06,06,female,normal,653
30,1.0010000000000001,True,1.0,0.7245369737685551,0.7360069813480185,0.7302719775582868,1.0611063141115773,-0.052222222222222114,-0.049629629629629635,0.37905607223447,0.4641773536071743,0.16182865820145267,0.6882175403599543,0.01147000757946337,0.0025925925925924798,0.02112341940923212,0.26704088767691797,0.11961072286321704,0.11273408444072562,0.0,0.9999999987499999,0.6417366234306222,0.26799433686351987,0.2931134724203663,0.36847512090066437,surprised,08,06,06,female,normal,653
40,1.3346666666666667,True,1.0,0.4172456910951806,0.43581359537505704,0.4265296432351188,1.268964202490687,-0.06013888888888891,-0.0589351851851852,0.3536502873173148,0.554041526028893,0.16253004529932313,0.33612425188822387,0.018567904279876424,0.0012037037037037068,0.027344330746966048,0.22919797316494772,0.11726922704288398,0.11582764349174332,0.0,0.9999999987499999,0.6392027601118573,0.2710291216961617,0.2827130890418662,0.3678224576937567,surprised,08,06,06,female,normal,653
50,1.6683333333333334,True,1.0,0.6724401249221374,0.7038155528906322,0.6881278389063848,0.7254530236913012,-0.050787037037037075,-0.0471759259259259,0.37469004532689004,0.29463437823582067,0.16396754329668484,0.9485491361039539,0.031375427968494796,0.003611111111111176,0.027403032418994326,0.353925830119007,0.1234072558493082,0.11133737550069932,0.0,0.9999999987499999,0.6397411307335434,0.26620724449721594,0.28559904139627346,0.3547902592196253,surprised,08,06,06,female,normal,653
60,2.0020000000000002,True,1.0,0.6123383212629315,0.6425873005559235,0.6274628109094276,1.0437304510402214,-0.040787037037036955,-0.03916666666666663,0.32311070273735787,0.4772924162649259,0.15628124687562484,0.6011732342235242,0.030248979292991973,0.0016203703703703276,0.028300359576461646,0.2688973579724232,0.12051479504760423,0.11295401996291111,0.0,0.9999999987499999,0.6356726785089035,0.2688798786847678,0.2741645554344349,0.3463760502022974,surprised,08,06,06,female,normal,653
70,2.3356666666666666,True,1.0,0.5931797961564411,0.6070073374070409,0.6000935667817411,1.045952906581403,-0.037546296296296355,-0.03532407407407412,0.35575425197214045,0.4343264021467747,0.15282770747406554,0.5737290493728723,0.013827541250599817,0.0022222222222222365,0.023660040150400415,0.2957355968812736,0.11901982912503076,0.1150261647133355,0.0,0.9999999987499999,0.6368942126538116,0.2720960794458719,0.2711924126963854,0.35182855187942713,surprised,08,06,06,female,normal,653
80,2.6693333333333333,True,1.0,0.5992467917689934,0.6368353912539961,0.6180410915114948,1.0667303783211348,-0.041018518518518454,-0.03879629629629627,0.3600123537324617,0.4536145891269181,0.1556148900297242,0.5793789171769851,0.037588599485002705,0.002222222222222181,0.027108108202498964,0.2869133512231092,0.12194110351306456,0.11226447997084735,0.0,0.9999999987499999,0.6390581501428697,0.2711975140721059,0.2738218481815894,0.3573675373443989,surprised,08,06,06,female,normal,653
90,3.003,True,1.0,0.6397403309926146,0.6154257650419919,0.6275830480173032,1.082641707907603,-0.0415740740740741,-0.03907407407407398,0.360012353732462,0.469530890499792,0.15493203797413208,0.5796775086655573,0.024314565950622757,0.0025000000000001132,0.02646831675270522,0.2846015587322393,0.12355869034180339,0.11099778409090297,0.0,0.9999999987499999,0.6391328681081808,0.27001108505842336,0.2772065967974193,0.3557952753583389,surprised,08,06,06,female,normal,653
0,0.0,True,1.0,0.6568935807167261,0.6475329138505449,0.6522132472836355,1.041656388206727,-0.05458333333333332,-0.05277777777777776,0.35975480027415707,0.45955428891473205,0.16319631444702837,0.6261308956271647,0.0093606668661812,0.0018055555555555602,0.013123780507730668,0.27297794117647095,0.12171905845901874,0.11199600508295873,0.0,0.9516871745162833,0.6368412364242573,0.2681529879434593,0.27939553839585074,0.35238940037215105,surprised,08,06,06,female,normal,654
10,0.33366666666666667,True,1.0,0.6613220391512673,0.6772649218952519,0.6692934805232595,1.087645949391073,-0.053333333333333455,-0.05046296296296299,0.3621118611699982,0.49019124150904714,0.16182865820145267,0.615359695770456,0.015942882743984588,0.0028703703703704675,0.01149839594944686,0.25390409343363857,0.11791742535318245,0.11350134770553245,0.0,0.9999999987499999,0.6381460451836984,0.2682404071565805,0.2786208958140149,0.3520902019028909,surprised,08,06,06,female,normal,654
20,0.6673333333333333,True,1.0,0.7350578099165642,0.7453725253393759,0.74021516762797,1.1690192446012062,-0.04995370370370361,-0.04921296296296296,0.35222426093140485,0.5524816977909806,0.1597241328765551,0.633193312296996,0.010314715422811704,0.000740740740740653,0.008895136633177633,0.2469555668126023,0.1177803480229877,0.11547297595236058,0.0,0.9999999987499999,0.6932046555419041,0.2749546254978551,0.26685364391000177,0.38528822410459224,surprised,08,06,06,female,normal,654
30,1.0010000000000001,True,1.0,0.7394361619594307,0.7272187964343244,0.7333274791968776,1.075643359220064,-0.04726851851851849,-0.047175925925925954,0.366588025071964,0.4676088772328878,0.16041714226458176,0.6817570832479312,0.012217365525106327,9.259259259253305e-05,0.007304406187608275,0.25268380784565336,0.11959388559384167,0.11359366656873596,0.0,0.9999999987499999,0.6455567280662265,0.26716629869311836,0.273426489887901,0.35107291986472416,surprised,08,06,06,female,normal,654
40,1.3346666666666667,True,1.0,0.7265169153266902,0.7269575741897764,0.7267372447582332,0.9322917174112795,-0.0467129629629629,-0.045879629629629604,0.3751918545844965,0.4049431147317109,0.16111300529448044,0.7795170022277843,0.0004406588630861963,0.0008333333333332971,0.00715093346136739,0.28768584269385394,0.11978185596873392,0.11522876793371478,0.0,0.9999999987499999,0.6440443722723465,0.26871513276665826,0.27269982423832323,0.34648206450139735,surprised,08,06,06,female,normal,654
50,1.6683333333333334,True,1.0,0.7590428878925402,0.7359016636107661,0.7474722757516532,0.7141187587897749,-0.047361111111111076,-0.04652777777777767,0.37991397923501224,0.2810691699134666,0.16391867961350395,1.046705840662137,0.02314122428177401,0.0008333333333334081,0.001156932766693037,0.3715936074535077,0.12216419750494414,0.11303751024554237,0.0,0.9999999987499999,0.6402672705879227,0.27005976541903703,0.27474869079693276,0.3411038389792787,surprised,08,06,06,female,normal,654
60,2.0020000000000002,True,1.0,0.698011367769525,0.7132463712592934,0.7056288695144092,1.1105403897503872,-0.04226851851851843,-0.04148148148148145,0.3191272633579512,0.48360252512635615,0.16041856904986704,0.6353923513515896,0.015235003489768362,0.000787037037036975,0.005210119429821478,0.23587738923719342,0.11759343821527847,0.11383698178388284,0.0,0.9999999987499999,0.6434280509469412,0.27196078468440643,0.2618978892254303,0.3318205796421643,surprised,08,06,06,female,normal,654
70,2.3356666666666666,True,1.0,0.7289406529884336,0.747835716297361,0.7383881846428972,1.0921815739710874,-0.04291666666666666,-0.042314814814814916,0.35174786758629245,0.47273530813674025,0.15835067921706852,0.6760672421511151,0.01889506330892743,0.0006018518518517424,0.0014498238790218066,0.26865671641791067,0.11903378353155449,0.11467994060344126,0.0,0.9999999987499999,0.6399560042767107,0.2715368027004759,0.26342968790958465,0.34287248465743453,surprised,08,06,06,female,normal,654
80,2.6693333333333333,True,1.0,0.73114845074334,0.7240488898139446,0.7275986702786423,1.092220064390662,-0.04462962962962952,-0.0431481481481481,0.3483774655757774,0.4890365256586967,0.16111868771097537,0.6661649002800198,0.007099560929395454,0.001481481481481417,0.002284587238866229,0.25185679576073555,0.12264971282739294,0.11267973094200094,0.0,0.9999999987499999,0.6387559772815377,0.27067613753199343,0.265910665576196,0.3414111298754687,surprised,08,06,06,female,normal,654
90,3.003,True,1.0,0.7269549442558029,0.7047654234742403,0.7158601838650216,1.0827250501330155,-0.0429166666666666,-0.0415740740740741,0.3525586380380891,0.476705423619752,0.15903209549004224,0.6611652549990198,0.022189520781562555,0.0013425925925925064,0.003755363282045782,0.2686472488114515,0.11995809324726558,0.1133771509967508,0.0,0.9999999987499999,0.6406500618450505,0.2702252398877742,0.2664744524047353,0.34234480345287016,surprised,08,06,06,female,normal,654
0,0.0,True,1.0,0.6389041172666935,0.6586746087091818,0.6487893629879377,1.0216314209580444,-0.05439814814814825,-0.05250000000000005,0.3546568741338408,0.4793091128905862,0.16182252924949747,0.6350522797933617,0.019770491442488325,0.0018981481481482043,0.01876073069037757,0.26866976675660637,0.12384493849863562,0.11085031884465207,0.0,0.7071067807446058,0.6357877951258629,0.2669730608086078,0.2818126484526702,0.35276511835952046,surprised,08,06,06,female,normal,655
10,0.33366666666666667,True,1.0,0.6582193755888185,0.6793265038569015,0.66877293972286,1.158284229867969,-0.05337962962962972,-0.05162037037037037,0.34963717457695187,0.5235457727737645,0.16182252924949747,0.5773824096690778,0.02110712826808303,0.0017592592592593492,0.011481745919372642,0.2311369379508164,0.12383979919779672,0.11068406464710204,0.0,0.9999999987499999,0.63764994140625,0.2668928289699848,0.28683589523553793,0.3584534497305057,surprised,08,06,06,female,normal,655
20,0.6673333333333333,True,1.0,0.7018648690055321,0.7242945774025433,0.7130797232040378,1.1796789494487854,-0.0524074074074074,-0.05074074074074075,0.34669971400001903,0.5090244353905815,0.16250046950052366,0.604469312211793,0.022429708397011194,0.0016666666666666496,0.012608455909230796,0.2465680226585272,0.12000855497569105,0.11482684687894562,0.0,0.9999999987499999,0.6400738046703056,0.26791718441247037,0.27592437660654945,0.3526738634845061,surprised,08,06,06,female,normal,655
30,1.0010000000000001,True,1.0,0.6981091239380687,0.7129190841329118,0.7055141040354902,1.2217371804039419,-0.0501388888888889,-0.048518518518518516,0.359061952512516,0.555275819608537,0.16319631444702837,0.5774679819453695,0.014809960194843153,0.0016203703703703831,0.00925805849943634,0.23410172144762031,0.11898697157672082,0.11422923947589182,0.0,0.8037293947843236,0.6416055931356918,0.27063210483263495,0.2780524938682701,0.3511805176696613,surprised,08,06,06,female,normal,655
40,1.3346666666666667,True,1.0,0.7129190841329116,0.6976002312461171,0.7052596576895144,0.948335709195365,-0.048611111111111216,-0.04736111111111113,0.38097738250423335,0.4138900786701739,0.1611229493918306,0.7436814314288623,0.015318852886794465,0.0012500000000000844,0.00901745469434796,0.28610924985957537,0.12150456483053491,0.1122286731280388,0.0,0.8114770411366428,0.6407605801539367,0.27034412992119466,0.27645860324828075,0.3444804200801583,surprised,08,06,06,female,normal,655
50,1.6683333333333334,True,1.0,0.6645961168118812,0.6870083815232476,0.6758022491675644,0.8204626269094454,-0.0465740740740741,-0.04666666666666658,0.3811450935525827,0.29626209801689574,0.16737250732904532,0.823684378791519,0.02241226471136637,9.259259259247754e-05,0.007633574970791607,0.34422977876847105,0.11873046458185173,0.11416254832968338,0.0,0.9999999987499999,0.6422281940588735,0.2689488672797373,0.26817951141656704,0.33084336616096904,surprised,08,06,06,female,normal,655
60,2.0020000000000002,True,1.0,0.7124101914409604,0.7321148384993271,0.7222625149701438,1.1770938813547374,-0.046296296296296224,-0.04532407407407407,0.30680805957167673,0.5511788809518223,0.16391169789821347,0.6135980539962366,0.01970464705836672,0.0009722222222221522,0.012255827354011579,0.22321428571428567,0.11903204546438306,0.11384806899337449,0.0,0.9999999987499999,0.6439128098817651,0.26979210594554054,0.26471297285179407,0.3336176901040475,surprised,08,06,06,female,normal,655
70,2.3356666666666666,True,1.0,0.7018648690055327,0.7355142007841077,0.7186895348948201,1.1130735637810991,-0.04518518518518516,-0.04509259259259252,0.34518622396907994,0.45684245235834087,0.16323230782131182,0.6456801762979972,0.03364933177857499,9.259259259264407e-05,0.00842920201128164,0.2602520222860935,0.12152823954474545,0.11169247735251157,0.0,0.9999999987499999,0.6426923672515882,0.2685838801850579,0.27030106676732374,0.34600199256760955,surprised,08,06,06,female,normal,655
80,2.6693333333333333,True,1.0,0.7137907695844985,0.7504842705718778,0.7321375200781881,1.1092241456387812,-0.04546296296296287,-0.04449074074074072,0.35043079022963053,0.4729867482161067,0.16251690116434817,0.660044701476061,0.036693500987379335,0.0009722222222221522,0.007563653414732005,0.26466966375160383,0.11684848781995928,0.11542974384709793,0.0,0.9999999987499999,0.6447884589460785,0.27317129273445095,0.25198510275451763,0.3340515229141641,surprised,08,06,06,female,normal,655
90,3.003,True,1.0,0.7436200563742689,0.7504842705718792,0.747052163473074,1.089238124996642,-0.0474074074074074,-0.04726851851851854,0.3567034408436753,0.4644644644644656,0.16182865820145273,0.6858483432861635,0.006864214197610297,0.0001388888888888551,0.012017788244545292,0.2563987367593661,0.11936672105345154,0.11549391298569686,0.0,0.7865339119318561,0.647276330883916,0.27323495571355666,0.25740502900533907,0.33610389465112933,surprised,08,06,06,female,normal,655
0,0.0,True,1.0,0.5693866179983981,0.5815396550238838,0.5754631365111409,0.8437759542765356,-0.05518518518518528,-0.053518518518518465,0.3727604190021987,0.37740521577612335,0.15903209549004216,0.6820094049783042,0.012153037025485758,0.0016666666666668162,0.009647302329747302,0.32606661195338366,0.11439228658621521,0.11834826353760229,0.0,0.9999999987499999,0.6813620041219612,0.2780730413259174,0.25526986007880526,0.3693563948032167,surprised,08,06,06,female,strong,656
10,0.33366666666666667,True,1.0,0.612876395390489,0.6304253632806368,0.6216508793355628,1.1747710419805544,-0.056481481481481466,-0.053472222222222254,0.3589695071379932,0.5178125267389962,0.1638893544106059,0.529167690656996,0.017548967890147815,0.0030092592592592116,0.012183102447012723,0.25198159767427525,0.12195882733566837,0.11190523995397138,0.0,0.9999999987499999,0.6365527954384879,0.27147598955250285,0.2752957631763469,0.34867851064401983,surprised,08,06,06,female,strong,656
20,0.6673333333333333,True,1.0,0.6451585888820481,0.6717164516128371,0.6584375202474426,1.1799741883238988,-0.05606481481481479,-0.05402777777777784,0.3563268184295657,0.5349065880039339,0.16111111111111115,0.5580101045962065,0.026557862730788973,0.0020370370370369484,0.006704229992551487,0.23287545445002397,0.1210782827837107,0.11369831779695881,0.0,0.9999999987499999,0.6393123641487845,0.2711688282252647,0.269104473964615,0.34191901039203165,surprised,08,06,06,female,strong,656
30,1.0010000000000001,True,1.0,0.6836114509210043,0.7163916457017804,0.7000015483113924,1.1039470209823596,-0.052222222222222336,-0.049398148148148135,0.39359096864312415,0.4515664964947189,0.1583338151890968,0.6340898023244704,0.032780194780776095,0.002824074074074201,0.006802628330258829,0.24835011795024842,0.11225860618646998,0.12037405056516919,0.0,0.9999999987499999,0.6831939393648085,0.282579344634343,0.262864313398071,0.37889189419502023,surprised,08,06,06,female,strong,656
40,1.3346666666666667,True,1.0,0.5306310719846117,0.5545865185169869,0.5426087952507993,1.5343586264442384,-0.053240740740740755,-0.054675925925925906,0.33052218576849296,0.6463832419922219,0.16253004529932302,0.35363883377659544,0.023955446532375246,0.0014351851851851505,0.006435780441973791,0.1908994547336235,0.11573418224188094,0.11833147237377363,0.0,0.9999999987499999,0.6850699971472964,0.2802203640569233,0.26588975363798495,0.3882883139103473,surprised,08,06,06,female,strong,656
50,1.6683333333333334,True,1.0,0.6685051003148961,0.64947820231597,0.658991651315433,0.7509191524434023,-0.05004629629629609,-0.0492129629629629,0.37423133665608826,0.31413935545142735,0.16528193221939325,0.8775800286504238,0.019026897998926096,0.000833333333333186,0.006739404899172397,0.3673227364887874,0.11831322409064134,0.11409504732244376,0.0,0.9999999987499999,0.6390142648543793,0.27228122202809363,0.26081234704624984,0.3301552741449295,surprised,08,06,06,female,strong,656
60,2.0020000000000002,True,1.0,0.6873132485131035,0.6852224604901141,0.6862678545016088,1.113989712781027,-0.0476388888888889,-0.04703703703703699,0.3273484187625893,0.49605438483257625,0.1646060461154199,0.6160450555583415,0.0020907880229893427,0.0006018518518519089,0.007335823811850609,0.24608424547245156,0.1175445911508811,0.11669666375692023,0.0,0.9999999987499999,0.640898611819728,0.2725355258667515,0.25658227341044687,0.32573214403548384,surprised,08,06,06,female,strong,656
70,2.3356666666666666,True,1.0,0.6880129415483293,0.6641996188624928,0.676106280205411,1.0788585019903627,-0.047361111111111076,-0.04574074074074075,0.35910274044013424,0.4442206556868311,0.1639265918646978,0.6266867054002699,0.02381332268583647,0.0016203703703703276,0.003156488940110066,0.26469682630865843,0.12293051906203749,0.11083693327471698,0.0,0.9999999987499999,0.6355393518266682,0.27216452481504105,0.26713157088975564,0.33893988969863736,surprised,08,06,06,female,strong,656
80,2.6693333333333333,True,1.0,0.6722841414391276,0.705599208448007,0.6889416749435673,1.040507371045236,-0.046388888888888924,-0.045555555555555516,0.3582422744663721,0.448218559834871,0.16112294939183067,0.6621208980494725,0.03331506700887943,0.0008333333333334081,9.902856080780425e-05,0.2769230769230769,0.11859806322695782,0.11430008775021146,0.0,0.9999999987499999,0.634175435166254,0.272699011783374,0.2630958583111769,0.3417164879634743,surprised,08,06,06,female,strong,656
90,3.003,True,1.0,0.6875330539932557,0.7055992084480078,0.6965661312206317,1.053950204169781,-0.045138888888888895,-0.044722222222222274,0.36333559254322695,0.4483221017737137,0.16321127369637606,0.6609099068103808,0.018066154454752126,0.0004166666666666208,0.005808958665734414,0.2770522388059705,0.1202202564881858,0.1144388221453602,0.0,0.9999999987499999,0.6350784213060224,0.27162044000131824,0.26415537236492265,0.34275110028362454,surprised,08,06,06,female,strong,656
0,0.0,True,1.0,0.6366118630948409,0.65166774711871,0.6441398051067755,1.1106389600668243,-0.0564814814814813,-0.0525462962962962,0.36594589000540384,0.48015147792472157,0.16608985835800674,0.5799722756601473,0.015055884023869148,0.003935185185185097,0.019976970204732394,0.25978774193124954,0.12462738954016639,0.11048840481722237,0.0,0.7071067807446058,0.6392836741180847,0.2634244016960332,0.28900297262103747,0.3588295562046939,surprised,08,06,06,female,strong,657
10,0.33366666666666667,True,1.0,0.6219155187187849,0.6515659048723189,0.6367407117955519,1.1160334077756577,-0.05504629629629626,-0.05254629629629626,0.35733569051237124,0.48134747600184574,0.16399359797451002,0.5705391141154333,0.029650386153533992,0.0025000000000000022,0.018945584917331334,0.2632899107982052,0.12731466157727792,0.10755814575421965,0.0,0.6585487772269111,0.6399559303877802,0.26306028878679333,0.2919249996931959,0.3576556871686043,surprised,08,06,06,female,strong,657
20,0.6673333333333333,True,1.0,0.7131502184384148,0.7099675083458789,0.7115588633921468,1.2489316162678592,-0.054629629629629584,-0.05166666666666664,0.3579215837739333,0.5317472452351959,0.16400801931989362,0.5697340463831595,0.003182710092535901,0.002962962962962945,0.014960685032044427,0.2235035449048512,0.12535599539418427,0.10983465841361166,0.0,0.9999999987499999,0.6415749976787589,0.26215291039183586,0.29051371449315716,0.35936855481236396,surprised,08,06,06,female,strong,657
30,1.0010000000000001,True,1.0,0.7241840245613815,0.7479861109025399,0.7360850677319607,1.0102707057515894,-0.053888888888888875,-0.05527777777777776,0.46627996312601566,0.2825339196997418,0.17800465517998562,0.728601812901574,0.023802086341158324,0.001388888888888884,0.012198826807174514,0.2900487821468217,0.11619612937005329,0.1170669811492174,0.0,0.9999999987499999,0.6338110048628827,0.273965238669262,0.30613893685765486,0.39042831967320063,surprised,08,06,06,female,strong,657
40,1.3346666666666667,True,1.0,0.28098706638914384,0.29030311101427175,0.2856450887017078,1.2843050466963475,-0.06347222222222215,-0.06129629629629624,0.36615458509345566,0.4834914317703853,0.18502306871031424,0.22241218271039295,0.009316044625127917,0.0021759259259259145,0.01957466390708387,0.22523862651454749,0.1250844261015205,0.10979734159878003,0.0,0.672425958838987,0.6131443293098489,0.27432008975677463,0.29974696135759527,0.3602258774745886,surprised,08,06,06,female,strong,657
50,1.6683333333333334,True,1.0,0.729917714329984,0.7446155412757337,0.7372666278028588,0.857009945772737,-0.04893518518518519,-0.04708333333333348,0.3843791231100105,0.2807314354029327,0.17120851086845362,0.8602777965874017,0.014697826945749726,0.0018518518518517157,0.01790100720852017,0.32418064380151135,0.125546175896609,0.10961722258822279,0.0,0.6871390041721447,0.622120141173657,0.2702484289248378,0.2798544548693848,0.3483618882005377,surprised,08,06,06,female,strong,657
60,2.0020000000000002,True,1.0,0.7038183241405407,0.7126378078362878,0.7082280659884143,1.1201809371481095,-0.04708333333333331,-0.04407407407407404,0.35502868954770755,0.4869704682575447,0.1696622300105386,0.6322443477671615,0.008819483695747143,0.003009259259259267,0.014386079792354014,0.25434040791025053,0.11969308774410298,0.1153209726172003,0.0,0.9999999987499999,0.6211916754279837,0.2760805702732629,0.2763550554255368,0.34817365904775843,surprised,08,06,06,female,strong,657
70,2.3356666666666666,True,1.0,0.711138077024146,0.7507112393118103,0.7309246581679781,1.2920443817448104,-0.045509259259259305,-0.042546296296296304,0.34911323989962206,0.4865621889409193,0.1649463625466203,0.5657117266985198,0.039573162287664276,0.0029629629629630005,0.01331017496620803,0.22976356480151397,0.1266460050480021,0.10834466842367783,0.0,0.7071067807446058,0.6141854694846688,0.27505063378872424,0.2816923295910558,0.3568691626361033,surprised,08,06,06,female,strong,657
80,2.6693333333333333,True,1.0,0.6973569264631206,0.7007037686542271,0.6990303475586739,1.2683670811644614,-0.0439814814814814,-0.0406481481481481,0.34626646166483277,0.48392915984048535,0.164156810782357,0.5511262141216317,0.0033468421911064805,0.0033333333333332993,0.015786626954588698,0.2529892686024296,0.12394497439548594,0.11108201113160074,0.0,0.7071067807446058,0.6183503587841387,0.273534843158418,0.27558881923654,0.3559776802672342,surprised,08,06,06,female,strong,657
90,3.003,True,1.0,0.7560828551678914,0.7486399175568129,0.7523613863623522,1.298716309422591,-0.04685185185185187,-0.043333333333333335,0.3559695529183333,0.5032028171994615,0.16544433521784935,0.5793115716679125,0.007442937611078504,0.003518518518518532,0.016903564729287713,0.24034237196025418,0.12161427087748086,0.11346116095854197,0.0,0.7071067807446058,0.6228034263705483,0.2723425209567008,0.2743735621771686,0.35556149360443906,surprised,08,06,06,female,strong,657
0,0.0,True,1.0,0.6431290189900324,0.6665825330984163,0.6548557760442244,1.0835354930442906,-0.0502314814814816,-0.04740740740740729,0.353939552492784,0.49518664207318613,0.16270691829103523,0.6043694740486517,0.02345351410838392,0.002824074074074312,0.024752866304687905,0.26663586460079913,0.12244676372786102,0.11222320653293637,0.0,0.9999999987499999,0.642571220120861,0.2647995822140909,0.28046296762053435,0.34838739427885673,surprised,08,06,06,female,strong,658
10,0.33366666666666667,True,1.0,0.6512372892016551,0.6401889254575284,0.6457131073295918,1.0854867487720135,-0.05124999999999991,-0.04833333333333334,0.3552226796545387,0.48832716083375943,0.16338133875623878,0.5948604237316323,0.011048363744126766,0.0029166666666665675,0.02714639104988752,0.26663586460079913,0.12379496648107415,0.11056202041528873,0.0,0.9999999987499999,0.6418367950305122,0.26445641835724343,0.28374483750701623,0.3499748186275751,surprised,08,06,06,female,strong,658
20,0.6673333333333333,True,1.0,0.7645481368815209,0.7565494631091244,0.7605487999953227,1.2716793166855511,-0.05995370370370373,-0.056574074074074054,0.3560506242469509,0.5658394085851493,0.17170560184697742,0.5980665015277464,0.007998673772396492,0.003379629629629677,0.026555457547610514,0.2139660602652497,0.12485011752450884,0.10989046401596662,0.0,0.9999999987499999,0.6321319900694653,0.2650640068730963,0.2951689952806811,0.3616717684091617,surprised,08,06,06,female,strong,658
30,1.0010000000000001,True,1.0,0.788683986347625,0.7840648837230795,0.7863744350353523,1.604541701595887,-0.055046296296296315,-0.053379629629629666,0.3391139322681773,0.693582383531206,0.17390792769536725,0.4900928621881373,0.004619102624545568,0.0016666666666666496,0.02240560525724923,0.17607753161907128,0.1190877894164957,0.11495580327163551,0.0,0.7071067807446058,0.6373451869732268,0.2682406427823789,0.2869818683420243,0.36097776723417907,surprised,08,06,06,female,strong,658
40,1.3346666666666667,True,1.0,0.7537397181481705,0.7654745522649248,0.7596071352065477,1.1029628116464683,-0.05518518518518517,-0.05333333333333329,0.37397001028995747,0.4823107842505772,0.17180554700306785,0.6886969598482019,0.011734834116754245,0.0018518518518518823,0.023406757642985325,0.26694317191307737,0.12480730845569292,0.1102851285468994,0.0,0.9999999987499999,0.6354204561277635,0.2691653678387279,0.2873855234264463,0.3580437361688994,surprised,08,06,06,female,strong,658
50,1.6683333333333334,True,1.0,0.7895301519848602,0.8242884596403997,0.80690930581263,0.6688707164844451,-0.05689814814814814,-0.05398148148148135,0.3958406005962854,0.21804481735091652,0.178163597216624,1.2063755908671105,0.034758307655539444,0.0029166666666667895,0.02330102077429965,0.37248845309388656,0.12528996431392225,0.10973649650422079,0.0,0.679783034761143,0.632554423972714,0.2687851781091829,0.28459876387000127,0.346902164266397,surprised,08,06,06,female,strong,658
60,2.0020000000000002,True,1.0,0.7756499637558972,0.7614552491021576,0.7685526064290273,1.145021921613754,-0.049212962962963014,-0.04800925925925925,0.35355625280147224,0.4824047972201301,0.17035578666839632,0.6712121330793878,0.01419471465373967,0.0012037037037037623,0.01584699285999768,0.242688136603628,0.11955330643013246,0.1153007586830565,0.0,0.9999999987499999,0.63209888989971,0.2732638036543127,0.2775291182005901,0.3494050473694542,surprised,08,06,06,female,strong,658
70,2.3356666666666666,True,1.0,0.7954161720250916,0.8066920334247991,0.8010541027249454,1.2823266649005272,-0.04995370370370372,-0.0462037037037038,0.34008946710463217,0.514561566150231,0.16970359565456003,0.6246880179997543,0.011275861399707487,0.00374999999999992,0.016735781126794327,0.2309197099126271,0.1251385608300997,0.1100823253913071,0.0,0.7071067807446058,0.6296858773822029,0.2720656642003722,0.2812535662086041,0.3511028563900057,surprised,08,06,06,female,strong,658
80,2.6693333333333333,True,1.0,0.7680780210205574,0.7907466469111023,0.7794123339658299,1.19067528301184,-0.04995370370370378,-0.047962962962962874,0.3670106503085365,0.4542246650966288,0.16690864798421437,0.6545968872338467,0.022668625890544858,0.001990740740740904,0.02090997958517768,0.2308880991810971,0.12337906731793598,0.11205080775107226,0.0,0.7726150505749044,0.6332783114730267,0.2722777867909312,0.28066271088655376,0.35724446030434065,surprised,08,06,06,female,strong,658
90,3.003,True,1.0,0.7443453511399762,0.778281661213781,0.7613135061768785,1.1801602320440336,-0.05009259259259263,-0.04935185185185181,0.36851336003868335,0.4347482470106645,0.16690864798421437,0.6450933402986186,0.03393631007380471,0.0007407407407408195,0.024894512236432288,0.23091970991262606,0.12158747117980857,0.11382513199765887,0.0,0.689644933866712,0.6305503481783338,0.2728689545380967,0.27712252970444995,0.3563349383352406,surprised,08,06,06,female,strong,658
0,0.0,True,1.0,0.6806419529550529,0.6642560122789478,0.6724489826170004,1.1207657177730528,-0.057268518518518496,-0.05537037037037035,0.3538152232615425,0.49805730248782865,0.16809232395391244,0.5999906777601548,0.016385940676105104,0.0018981481481481488,0.014487299350125115,0.2503549461990987,0.12162022839619199,0.11227314166329404,0.0,0.9999999987499999,0.6379448373411865,0.2676242753038335,0.2862779805024821,0.36616356831684177,surprised,08,06,06,female,strong,659
10,0.33366666666666667,True,1.0,0.7018618813745104,0.6926186414427756,0.697240261408643,1.2158146945763897,-0.05481481481481476,-0.052453703703703725,0.35465536474749054,0.529956727530606,0.16739028387975716,0.573475764455679,0.009243239931734815,0.002361111111111036,0.012062311939654697,0.238319655736031,0.12124830964102717,0.11351698305060913,0.0,0.9999999987499999,0.6345584017747724,0.26773257308515747,0.28311863048471103,0.36075665687276676,surprised,08,06,06,female,strong,659
20,0.6673333333333333,True,1.0,0.736271401568137,0.7180263407380755,0.7271488711531062,1.5166456066191087,-0.0537037037037037,-0.05138888888888893,0.34041298842558126,0.644154899933998,0.1694606530057904,0.47944547360280115,0.0182450608300615,0.0023148148148147696,0.007621869463687846,0.18144829397333773,0.12362303386488525,0.11040965396015609,0.0,0.9999999987499999,0.6258297592083708,0.26520962161298756,0.29134456044354734,0.365962472782892,surprised,08,06,06,female,strong,659
30,1.0010000000000001,True,1.0,0.7588663634657994,0.7582599953839049,0.7585631794248522,1.329338204250395,-0.05314814814814817,-0.05370370370370364,0.36387540999911044,0.5950979784910854,0.17362693070286378,0.5706321965316576,0.000606368081894515,0.0005555555555554759,0.005118221172257466,0.20962059034231081,0.11985374442849711,0.1156492705042338,0.0,0.9999999987499999,0.6269351888958709,0.2690352610640065,0.28949978408813476,0.3576735505120652,surprised,08,06,06,female,strong,659
40,1.3346666666666667,True,1.0,0.7582599953839059,0.7421213127790742,0.75019065408149,1.1788313288331043,-0.05787037037037024,-0.059583333333333266,0.3686195045214715,0.5281776733083385,0.18125673478866927,0.6363850669154552,0.016138682604831645,0.0017129629629630272,0.004580072640322213,0.24142099366002573,0.11960115206099846,0.11492003551147392,0.0,0.9999999987499999,0.6176502091148961,0.2691045954397003,0.29304718202431285,0.36672892140234015,surprised,08,06,06,female,strong,659
50,1.6683333333333334,True,1.0,0.7548479880748942,0.7507857137626489,0.7528168509187716,0.6702886065332583,-0.055972222222222257,-0.056064814814814845,0.39106080605956456,0.21127083086077011,0.18335996492176562,1.1231234479910832,0.004062274312245262,9.259259259258856e-05,0.0011793437300898592,0.37967053445721793,0.12231799098439139,0.11253297765974574,0.0,0.9999999987499999,0.6265223647505878,0.26586750361962735,0.2955035196777928,0.3589681688799079,surprised,08,06,06,female,strong,659
60,2.0020000000000002,True,1.0,0.7825519927641821,0.7685371978947165,0.7755445953294493,1.3377337733773393,-0.05495370370370378,-0.05435185185185187,0.31961519521181087,0.5632563256325643,0.18194444444444446,0.5797450963441353,0.014014794869465552,0.0006018518518519089,0.00258007447779722,0.19288352852120896,0.11782871425811717,0.11476147812642683,0.0,0.9999999987499999,0.6209139213732369,0.2695960755736903,0.2794486462668342,0.35086029430023974,surprised,08,06,06,female,strong,659
70,2.3356666666666666,True,1.0,0.8276072157954892,0.7955000005622542,0.8115536081788717,1.3722100449394954,-0.05874999999999991,-0.0560648148148149,0.34367097163166477,0.55221787924447,0.17847222222222225,0.5914208332549085,0.03210721523323501,0.002685185185185013,0.007654089224103174,0.22636662529948945,0.1136743375228653,0.11919796830649522,0.0,0.9999999987499999,0.6513088805991146,0.2879154960536386,0.27283562365762726,0.38576609767148706,surprised,08,06,06,female,strong,659
80,2.6693333333333333,True,1.0,0.8242337376567334,0.7987307393771524,0.8114822385169429,1.3782948060790416,-0.05652777777777779,-0.05518518518518517,0.34311572820191377,0.5479841460359348,0.17708333333333326,0.5887581052601069,0.025502998279580913,0.0013425925925926174,0.0015470298863030246,0.21686248977650588,0.12209774758498185,0.11158303805243942,0.0,0.9999999987499999,0.6299507256105568,0.2707428629186047,0.2841943350155917,0.36160006254428284,surprised,08,06,06,female,strong,659
90,3.003,True,1.0,0.7999295102702066,0.8070671941375603,0.8034983522038834,1.3286478737962253,-0.05722222222222223,-0.05717592592592591,0.35479158627344815,0.5442653940851999,0.1736115505636799,0.6047489090605477,0.007137683867353695,4.629629629632204e-05,0.0034704008960647283,0.21009036144578316,0.12128110072035735,0.11431829415044163,0.0,0.9999999987499999,0.6274134461362671,0.2685635509941833,0.2824245724003438,0.3614756239491976,surprised,08,06,06,female,strong,659
0,0.0,True,1.0,0.5890743391898805,0.6075245717422828,0.5982994554660817,0.9238159646119065,-0.0637962962962963,-0.06097222222222226,0.36498545618064254,0.4692808627811906,0.16113431332307035,0.6476392251106271,0.0184502325524023,0.0028240740740740344,0.018506376337065922,0.2920611218550224,0.12649154953274863,0.10817327660781749,0.0,0.9999999987499999,0.6402088886492097,0.26586759333501253,0.28731087357148016,0.3518538327837147,neutral,01,06,06,female,normal,660
10,0.33366666666666667,True,1.0,0.6206672453862421,0.6221723491955451,0.6214197972908936,0.9021594746491133,-0.06412037037037038,-0.0622685185185185,0.37073400543348645,0.4584549957243339,0.16112815795980318,0.6888136906532951,0.0015051038093030211,0.0018518518518518823,0.020889865669022924,0.3047315771991787,0.12456270513870332,0.10969633801289283,0.0,0.9999999987499999,0.6389237770186199,0.26715653306853365,0.2849879322704587,0.3520898494861881,neutral,01,06,06,female,normal,660
20,0.6673333333333333,True,1.0,0.6321885881371653,0.6177024482109231,0.6249455181740442,1.2758787304736554,-0.06601851851851848,-0.06347222222222226,0.3591146871866194,0.6378821597797865,0.1576698605159637,0.48981576637933316,0.014486139926242148,0.0025462962962962132,0.017903996135086205,0.21459690223663228,0.12056971515185563,0.1127265110427131,0.0,0.9999999987499999,0.6426194257077831,0.26785166096068913,0.29358750903531367,0.37391713829903567,neutral,01,06,06,female,normal,660
30,1.0010000000000001,True,1.0,0.6161202929244011,0.6072580697513961,0.6116891813378986,1.1489013263387056,-0.0662037037037036,-0.06287037037037041,0.39030876045983565,0.5397956190493103,0.15698381528398375,0.5324122858202425,0.008862223173005002,0.0033333333333331883,0.019177278565478073,0.2383976991703653,0.12197553074751208,0.11171662475117464,0.0,0.9999999987499999,0.6451638171440452,0.26823066449787736,0.30047650600619935,0.37664473881218613,neutral,01,06,06,female,normal,660
40,1.3346666666666667,True,1.0,0.5858025892746732,0.6023631460032678,0.5940828676389704,1.1076577780664763,-0.065462962962963,-0.06356481481481485,0.3835823291522333,0.5821698206893959,0.16328604938601876,0.5363415302116142,0.016560556728594578,0.0018981481481481488,0.021204442151186626,0.23933322576979113,0.12059667233927114,0.11235905495054349,0.0,0.9999999987499999,0.6415165201471212,0.2703035062741692,0.29843632674944726,0.36468843204193996,neutral,01,06,06,female,normal,660
50,1.6683333333333334,True,1.0,0.6147774951272298,0.647947753391444,0.6313626242593369,1.205368111852795,-0.06402777777777785,-0.060787037037037084,0.3654307206087622,0.5803064560084779,0.1597800094078435,0.5237923735089167,0.03317025826421416,0.0032407407407407662,0.01686415661927038,0.23047077467689026,0.11978741380382932,0.11305302364549326,0.0,0.9999999987499999,0.6427925126144208,0.26728731860103827,0.2942625085204138,0.37051120094980583,neutral,01,06,06,female,normal,660
60,2.0020000000000002,True,1.0,0.6266547370782165,0.622339386557097,0.6244970618176567,1.0822341803682878,-0.06287037037037041,-0.06074074074074082,0.37827942621836447,0.53388718028256,0.16182865820145267,0.5770442970163245,0.004315350521119532,0.0021296296296295925,0.015130736047427531,0.25534116457755407,0.12297981388456433,0.11180933483643737,0.0,0.7071067807446058,0.6420704817630177,0.26692054002532023,0.2936467209034129,0.3640243610221736,neutral,01,06,06,female,normal,660
70,2.3356666666666666,True,1.0,0.6501419174322267,0.6628160064279262,0.6564789619300764,1.158208025181858,-0.06217592592592597,-0.06050925925925926,0.35576838877132005,0.5790877259776639,0.16321735049979055,0.566805744440424,0.01267408899569944,0.0016666666666667052,0.012894321500649633,0.23249346121335449,0.12258649446544059,0.11224042655923736,0.0,0.9999999987499999,0.6391225145448806,0.26890680146560514,0.2934230790249766,0.3644662473217722,neutral,01,06,06,female,normal,660
80,2.6693333333333333,True,1.0,0.63102179533891,0.663116832429844,0.647069313884377,0.6777405639742035,-0.06055555555555564,-0.05935185185185182,0.3780035337511379,0.29552559885702356,0.1632411880825221,0.9547448511714081,0.032095037090933975,0.0012037037037038179,0.019464577709499522,0.3763535346932853,0.1225388091015992,0.11195264332753926,0.0,0.9999999987499999,0.63732170708127,0.2661897750362689,0.28408835942694255,0.35030130019795036,neutral,01,06,06,female,normal,660
90,3.003,True,1.0,0.6140204414795281,0.651672374832201,0.6328464081558645,0.705758191491786,-0.06046296296296305,-0.058750000000000024,0.37825006313932463,0.3023881088214276,0.16254694333964725,0.8966901352121677,0.03765193335267292,0.0017129629629630272,0.02041818654367947,0.37231591704615763,0.12630250442774382,0.10856956847066092,0.0,0.9999999987499999,0.6376022112673194,0.2659383916022972,0.2843672534616989,0.3444437329497037,neutral,01,06,06,female,normal,660
0,0.0,True,1.0,0.6291327700363846,0.6519634389830679,0.6405481045097262,0.8421194355952809,-0.0622685185185185,-0.058333333333333404,0.3752555070459476,0.4064639631742847,0.1611684003091873,0.7606380727419417,0.022830668946683286,0.003935185185185097,0.028330637921441686,0.3121959373099941,0.11758225938007334,0.11517950769314672,0.0,0.9999999987499999,0.688064648875175,0.27874794953667753,0.2571911577248133,0.3672358833450302,neutral,01,06,06,female,normal,661
10,0.33366666666666667,True,1.0,0.6574320575047198,0.636869127033932,0.6471505922693259,0.9888336908491282,-0.061435185185185204,-0.05703703703703705,0.3677819182633516,0.4426989514189712,0.1597699817258156,0.6544584779606435,0.020562930470787832,0.004398148148148151,0.021483219162702134,0.2702719066881,0.11522902314654987,0.11672043180233532,0.0,0.9999999987499999,0.6899142957417341,0.2788872852841946,0.2594746625557586,0.3769217232849281,neutral,01,06,06,female,normal,661
20,0.6673333333333333,True,1.0,0.648111387383219,0.6466610970300213,0.6473862422066201,1.241489445648335,-0.06550925925925927,-0.06189814814814815,0.3667098376595522,0.6279093268801507,0.15426363258290535,0.5214593200738326,0.0014502903531977696,0.0036111111111111205,0.02544831744091621,0.2237692824916413,0.12303900436185908,0.1120846701391018,0.0,0.9999999987499999,0.6429193874815552,0.2649947967934739,0.29629451544512647,0.37283140793846253,neutral,01,06,06,female,normal,661
30,1.0010000000000001,True,1.0,0.6359582587821777,0.636869127033932,0.6364136929080548,1.2024334456737926,-0.06981481481481483,-0.06638888888888894,0.3762849362722502,0.572536009887386,0.16119112096195753,0.5292714496571872,0.0009108682517542377,0.003425925925925888,0.01622186069714698,0.22889960089070405,0.11940432757624254,0.11278387042132414,0.0,0.9999999987499999,0.6441166695350014,0.26697680188690526,0.3002119675521341,0.37936664385572627,neutral,01,06,06,female,normal,661
40,1.3346666666666667,True,1.0,0.6595609112811328,0.6411657559198541,0.6503633336004935,1.430383079734246,-0.0742592592592593,-0.0704629629629629,0.34907696614286915,0.7384991997459008,0.16745043666383258,0.45467773131189854,0.01839515536127867,0.0037962962962964086,0.02145003828320933,0.17763931665577123,0.11644067832613604,0.11518136790103105,0.0,0.9999999987499999,0.6941531068208534,0.28320259218732274,0.275033171341155,0.3886790191816832,neutral,01,06,06,female,normal,661
50,1.6683333333333334,True,1.0,0.5899845888702108,0.5924559149384306,0.5912202519043207,1.3337254293790382,-0.06990740740740736,-0.06634259259259262,0.35712336530806355,0.6590693371596593,0.16536822867081508,0.4432848312561482,0.00247132606821987,0.003564814814814743,0.01927105150197019,0.21208901863325574,0.11917633485131285,0.113361386624977,0.0,0.9999999987499999,0.6368303031994048,0.26820339995659576,0.2984125632009956,0.37434099479275657,neutral,01,06,06,female,normal,661
60,2.0020000000000002,True,1.0,0.6910444825011683,0.6959908529317956,0.693517667716482,1.1434480125485058,-0.06865740740740744,-0.06444444444444447,0.3529887633395399,0.5562559359519738,0.16746364915329026,0.6065143846555617,0.004946370430627289,0.004212962962962974,0.026196303318382932,0.24361129152862884,0.11957229920535137,0.11328051873091613,0.0,0.9999999987499999,0.6393920115937001,0.2661585127601528,0.29229942764323297,0.35114680030438616,neutral,01,06,06,female,normal,661
70,2.3356666666666666,True,1.0,0.6310217953389101,0.6264375835826816,0.6287296894607959,1.177743987319107,-0.06500000000000006,-0.061388888888888826,0.3458285219708475,0.5809550133143713,0.1681209160376436,0.5338424107704174,0.004584211756228473,0.0036111111111112315,0.019188606786019788,0.22654925090235323,0.12320592467348518,0.11070294651573583,0.0,0.9999999987499999,0.6353015411555247,0.2673061984886618,0.29417860956383235,0.36094475592242553,neutral,01,06,06,female,normal,661
80,2.6693333333333333,True,1.0,0.6477516348900634,0.6847871057314228,0.6662693703107431,0.8421194355952802,-0.06375000000000003,-0.06148148148148147,0.37366039836180753,0.37743082294755,0.16606229486534624,0.7911815618407718,0.037035470841359386,0.0022685185185185586,0.022686011618616136,0.30500612396945065,0.1198633996170703,0.11381254689528142,0.0,0.9999999987499999,0.6327483804771908,0.2663856224835061,0.2834901710226286,0.3468282431403541,neutral,01,06,06,female,normal,661
90,3.003,True,1.0,0.6717647840807359,0.6555641273212709,0.6636644557010034,0.6639501019126721,-0.0621296296296297,-0.06,0.3779943164853299,0.2885876650176005,0.16471724715858313,0.9995697775919518,0.016200656759465026,0.0021296296296297035,0.02449460710679028,0.3693049027749398,0.12213322431306825,0.11137327290707928,0.0,0.9999999987499999,0.6341145658810399,0.2650382840505566,0.2889965552024833,0.34982330564738523,neutral,01,06,06,female,normal,661
100,3.336666666666667,True,1.0,0.6324093842151473,0.6303039672263169,0.6313566757207321,0.6471517432141112,-0.060370370370370297,-0.057962962962962994,0.3872066614316818,0.267122124504219,0.16604988980092203,0.9755929460763991,0.0021054169888303775,0.0024074074074073026,0.019357366883892987,0.40559528548049006,0.1176442489340276,0.1162689341075159,0.0,0.9999999987499999,0.6865967908178897,0.2794418619469731,0.2628785183554273,0.37447958580216073,neutral,01,06,06,female,normal,661
0,0.0,True,1.0,0.5855227271629152,0.59244975373157,0.5889862404472426,0.8619426346114746,-0.058611111111111225,-0.05486111111111114,0.3663788466444853,0.37888627085886545,0.16462087726121413,0.6833241758748033,0.006927026568654848,0.0037500000000000866,0.02175924951860187,0.3121959373099941,0.12188544126010342,0.11283260717007641,0.0,0.9999999987499999,0.6876425457995698,0.2773518836243105,0.26015248459530255,0.36363466286484747,neutral,01,06,06,female,normal,662
10,0.33366666666666667,True,1.0,0.6546082909466286,0.625641667421185,0.6401249791839068,0.8414965393699976,-0.05851851851851847,-0.055972222222222257,0.3681507918074937,0.36891579284914305,0.16602783406449753,0.7606982907655788,0.028966623525443658,0.0025462962962962132,0.018769969191500414,0.3175936614347934,0.115292154505947,0.11827994572256181,0.0,0.974496670415859,0.687873658471201,0.27884748492003214,0.2527252115973718,0.3676392989360449,neutral,01,06,06,female,normal,662
20,0.6673333333333333,True,1.0,0.6246856942700081,0.6328818400204459,0.628783767145227,1.3086513263175168,-0.06101851851851858,-0.057499999999999996,0.35045084421642947,0.6003217267806866,0.1611911209619576,0.48048227553063727,0.008196145750437811,0.0035185185185185874,0.018686712800920137,0.22117243636713907,0.1144266377185036,0.11847596904249785,0.0,0.9999999987499999,0.6879177321084684,0.27945360920652274,0.26397131845556066,0.38637486871660187,neutral,01,06,06,female,normal,662
30,1.0010000000000001,True,1.0,0.6174928908657781,0.6518518518518513,0.6346723713588147,1.3032384733444113,-0.06319444444444444,-0.062222222222222345,0.35999062313932,0.6287672986695614,0.16885169461806016,0.48699634360095173,0.03435896098607327,0.0009722222222220966,0.026305562776365688,0.2105498223163628,0.1212721266849218,0.11281805498755051,0.0,0.7071067807446058,0.6410464922844138,0.2688173785310966,0.29623431056912763,0.36903395817912077,neutral,01,06,06,female,normal,662
40,1.3346666666666667,True,1.0,0.5693893711065842,0.5575711776690001,0.5634802743877921,1.1224650758450516,-0.0637037037037037,-0.06152777777777785,0.3578381800557823,0.546000998129365,0.16462968262185773,0.5020025001344244,0.011818193437584057,0.002175925925925859,0.02276401777619044,0.23715936000738114,0.11896412864989067,0.11291112908058462,0.0,0.9999999987499999,0.6398168432998199,0.2668362760060194,0.28807180675234806,0.35626235875984064,neutral,01,06,06,female,normal,662
50,1.6683333333333334,True,1.0,0.6271640749835641,0.6068112635837781,0.6169876692836711,1.1233935606141177,-0.05643518518518509,-0.05523148148148149,0.38874201778941564,0.4422924841204454,0.1667124367491528,0.5492177371449297,0.020352811399785953,0.0012037037037035958,0.0113082461016931,0.24890988675020176,0.1122319442779499,0.11912625997702718,0.0,0.9999999987499999,0.6878233090189202,0.28137555009901477,0.2690683496974995,0.39734491559587054,neutral,01,06,06,female,normal,662
60,2.0020000000000002,True,1.0,0.6351066652002083,0.6433996460677615,0.6392531556339849,1.0766214886742576,-0.05481481481481476,-0.05087962962962955,0.37738526239593245,0.4218704830539615,0.1680923239539124,0.5937584957747367,0.008292980867553146,0.003935185185185208,0.01614421819986818,0.27395045628928094,0.11593356753996839,0.11716451052084488,0.0,0.9999999987499999,0.6834173997958558,0.2819522082248035,0.26300053472868884,0.37647616152241,neutral,01,06,06,female,normal,662
70,2.3356666666666666,True,1.0,0.6431773369723912,0.6534498632467198,0.6483136001095555,1.1736499359579933,-0.05805555555555547,-0.05518518518518517,0.35358696722037103,0.5173183685400466,0.16810094747546458,0.5523909474594473,0.01027252627432862,0.002870370370370301,0.011411832783827857,0.23720082397482872,0.11805886889993454,0.11502268507747795,0.0,0.9999999987499999,0.641326046887505,0.2683536137994536,0.28094111934784033,0.35160849182262754,neutral,01,06,06,female,normal,662
80,2.6693333333333333,True,1.0,0.6298985339056415,0.6392660486739293,0.6345822912897854,0.6756160480212259,-0.057453703703703785,-0.05652777777777779,0.3902122107664419,0.246301439243983,0.16811047822147207,0.9392646802105693,0.009367514768287788,0.0009259259259259967,0.012030548593736,0.37728180909246645,0.12027868904624549,0.11236077462839544,0.0,0.9999999987499999,0.639293590717537,0.26575970098399626,0.2841668264689954,0.3466995899009542,neutral,01,06,06,female,normal,662
90,3.003,True,1.0,0.6300751526316462,0.6247540151011974,0.6274145838664218,0.6860635353717178,-0.05782407407407403,-0.0562037037037037,0.3868660132003579,0.25711498266718674,0.16949891706985043,0.914513819083069,0.005321137530448716,0.0016203703703703276,0.011500674538243633,0.37707476102541915,0.12330889839436067,0.11110386879604559,0.0,0.9999999987499999,0.6398685894670368,0.2658143126777729,0.2812491155340116,0.343783243472557,neutral,01,06,06,female,normal,662
100,3.336666666666667,True,1.0,0.6404045830509633,0.6389382615033877,0.6396714222771755,0.677209465464182,-0.05717592592592591,-0.05375000000000002,0.38465592931426473,0.2447903738078215,0.16813226075504378,0.9445695237569123,0.0014663215475755331,0.003425925925925888,0.01451054274805999,0.39697682950217034,0.12546023200354411,0.10884387083391801,0.0,0.9999999987499999,0.640124724241259,0.2653594456555438,0.2821230172711417,0.34320896425002506,neutral,01,06,06,female,normal,662
0,0.0,True,1.0,0.6410642422181644,0.645097829627368,0.6430810359227661,0.7675071070782618,-0.058935185185185146,-0.054629629629629584,0.3789095238230119,0.31842649238355814,0.16538160750987732,0.8378828417248675,0.004033587409203565,0.0043055555555555625,0.02462669923646062,0.34413292285599445,0.12431488231273329,0.1092819670867844,0.0,0.9999999987499999,0.6405975729197929,0.2660496191858734,0.27459321172602824,0.3389545024843961,neutral,01,06,06,female,normal,663
10,0.33366666666666667,True,1.0,0.6174884179551264,0.6327683615819212,0.6251283897685238,1.2809104048691256,-0.06115740740740738,-0.05666666666666664,0.3545753853689859,0.5863197393924999,0.16188522218583634,0.48803443815603564,0.015279943626794745,0.00449074074074074,0.021246567299439193,0.22489247810822838,0.11436804515902758,0.11917372485962216,0.0,0.9999999987499999,0.6901048359265581,0.27958472829196157,0.261529745035502,0.3843850935753237,neutral,01,06,06,female,normal,663
20,0.6673333333333333,True,1.0,0.6291327700363847,0.6515659048723189,0.6403493374543519,1.1858546324313815,-0.06337962962962967,-0.06004629629629632,0.3592821641548792,0.5551751463504586,0.16050985692787512,0.5399897423695439,0.022433134835934232,0.003333333333333355,0.030167323155271097,0.23792075773413585,0.12359486243479695,0.11026854593154613,0.0,0.9999999987499999,0.6392296861557123,0.2671402072480501,0.29044482658005305,0.36430407839573997,neutral,01,06,06,female,normal,663
30,1.0010000000000001,True,1.0,0.6235668822688097,0.6072524949942812,0.6154096886315454,1.323899632114507,-0.06444444444444442,-0.06064814814814817,0.3534106409235201,0.6618931859376795,0.16471724715858302,0.46484618146515005,0.016314387274528497,0.003796296296296242,0.0299999262126784,0.2040734770919147,0.11917765128618595,0.11319181177333618,0.0,0.9999999987499999,0.6397668434483168,0.2697441624002416,0.2946869989152925,0.3732032203122954,neutral,01,06,06,female,normal,663
40,1.3346666666666667,True,1.0,0.6112196691277741,0.6219492728326682,0.6165844709802212,1.1990791091554076,-0.06532407407407409,-0.06097222222222226,0.34893996900941104,0.6224531136182921,0.1647505928354333,0.5142150057259552,0.010729603704894064,0.004351851851851829,0.03313919549344982,0.21780935573839844,0.11971679571461986,0.11312780155647596,0.0,0.9999999987499999,0.6396256911201981,0.2673839777121414,0.2913936702042435,0.36050510997864876,neutral,01,06,06,female,normal,663
50,1.6683333333333334,True,1.0,0.609905602766275,0.5923326407930163,0.6011191217796457,1.1755321710619566,-0.06189814814814815,-0.057268518518518496,0.37840315344238445,0.5231444079586994,0.16119112096195748,0.5113591414827928,0.01757296197325875,0.00462962962962965,0.028346505262661106,0.2360337347559227,0.12368504502783806,0.11120015990979061,0.0,0.9999999987499999,0.6413323313778637,0.2675527484760212,0.3075259347566983,0.3858283788658564,neutral,01,06,06,female,normal,663
60,2.0020000000000002,True,1.0,0.6246856942700088,0.6475403819535134,0.636113038111761,1.212448162203313,-0.06435185185185183,-0.062222222222222345,0.38902004287851905,0.5363638096643271,0.1632617510434727,0.5246517401253584,0.022854687683504626,0.0021296296296294814,0.031944834266253296,0.22738174739897762,0.12109954070859096,0.11215713862325415,0.0,0.9999999987499999,0.6384084280821702,0.2669994954978598,0.2982009034132048,0.37476369162698275,neutral,01,06,06,female,normal,663
70,2.3356666666666666,True,1.0,0.6501287168439632,0.6475403819535134,0.6488345493987383,1.2480114213632092,-0.05995370370370362,-0.05722222222222223,0.3213981755641874,0.6153846153846142,0.16740669132805944,0.5198947207470369,0.0025883348904498504,0.0027314814814813904,0.021903355334337862,0.2238518111901315,0.1117156229393273,0.11881151032430165,0.0,0.9999999987499999,0.6851909543114122,0.281214721929932,0.25963164446417786,0.3771224628068895,neutral,01,06,06,female,normal,663
80,2.6693333333333333,True,1.0,0.6256812586284374,0.636869127033932,0.6312751928311846,0.6412813406897435,-0.06009259259259264,-0.05787037037037035,0.3893002947979683,0.2716647867131007,0.16612109145423168,0.9843966333905855,0.011187868405494572,0.002222222222222292,0.028390583671458743,0.38438671360514637,0.11876171920312571,0.11545776844123967,0.0,0.9999999987499999,0.6863485176883254,0.279897420769755,0.26559545125201,0.37509462176335906,neutral,01,06,06,female,normal,663
90,3.003,True,1.0,0.6074017186545816,0.6118718191098577,0.6096367688822196,0.6637942536437215,-0.05972222222222223,-0.05587962962962956,0.3867942952222674,0.23276758168657577,0.16885169461806004,0.9184122422509403,0.0044701004552760715,0.003842592592592675,0.028050681090028617,0.38781730014552834,0.12370856946395203,0.11014096460070703,0.0,0.7071067807446058,0.6388851662071078,0.266404760417879,0.2845844607939856,0.3460775491274669,neutral,01,06,06,female,normal,663
100,3.336666666666667,True,1.0,0.6332359445433305,0.65799423809543,0.6456150913193803,0.6832632213076598,-0.05865740740740738,-0.053657407407407376,0.3880803144988255,0.2488331565031606,0.16745043666383247,0.9448995221545412,0.024758293552099464,0.0050000000000000044,0.024181233273380266,0.3797556750283004,0.11915238343023714,0.11355446374406239,0.0,0.9999999987499999,0.6394316433761005,0.26657827733729,0.2759276812687656,0.3410529164632598,neutral,01,06,06,female,normal,663
0,0.0,True,1.0,0.5524215824672981,0.5362891861576582,0.5443553843124782,1.1646435902502548,-0.06675925925925924,-0.06277777777777771,0.3686830062527338,0.5750427726860639,0.15085839076094595,0.4674008330698913,0.016132396309639918,0.00398148148148153,0.016244496228568262,0.23938907432514545,0.12406508622639652,0.11025882488318293,0.0,0.9999999987499999,0.6900351651832608,0.2756771104973704,0.2884832239929324,0.3908967169315606,calm,02,06,06,female,normal,664
10,0.33366666666666667,True,1.0,0.5458256650883172,0.5362812725922569,0.541053468840287,1.111092156331623,-0.06398148148148142,-0.06027777777777776,0.373417466788196,0.562745946784321,0.15013015186830395,0.4869564290928188,0.009544392496060317,0.0037037037037036535,0.01133817225770067,0.25699089023059507,0.11704098486813083,0.11572948878573537,0.0,0.9999999987499999,0.6865216616021409,0.2786366486135878,0.2789150464944804,0.39105838616924243,calm,02,06,06,female,normal,664
20,0.6673333333333333,True,1.0,0.5151304950641391,0.49515621160986845,0.5051433533370038,1.1100525993492625,-0.06249999999999989,-0.06120370370370365,0.37490018996188657,0.569427373407436,0.14947102527351444,0.45506253814740855,0.019974283454270658,0.0012962962962962399,0.012329921100436597,0.24246019566551108,0.12023232787042239,0.11409265324325943,0.0,0.9999999987499999,0.6894244037458734,0.27703919010281414,0.28312791740953813,0.39350043240270755,calm,02,06,06,female,normal,664
30,1.0010000000000001,True,1.0,0.5213579623119278,0.49709844905393163,0.5092282056829297,1.161984087147292,-0.06777777777777777,-0.06314814814814806,0.39470871215669684,0.5741442713761009,0.1480656549580908,0.4382402576037863,0.024259513257996135,0.004629629629629706,0.005810459021237822,0.2319111627549861,0.11663502706162183,0.11581005690571877,0.0,0.9999999987499999,0.6905924246417318,0.2787630614905648,0.28488517670253927,0.4013659424222549,calm,02,06,06,female,normal,664
40,1.3346666666666667,True,1.0,0.520979611757474,0.5125263157338734,0.5167529637456737,1.150724561963739,-0.06828703703703703,-0.0641666666666667,0.37043769634619234,0.6117621078585332,0.15353236182835456,0.4490674665567427,0.008453296023600565,0.00412037037037033,0.01130838115353376,0.23632227808532758,0.11478208271869285,0.11715997807318208,0.0,0.9999999987499999,0.6891634322166367,0.2817744003946375,0.2759358254529698,0.38468248107609193,calm,02,06,06,female,normal,664
50,1.6683333333333334,True,1.0,0.5769843327230539,0.5761450855192936,0.5765647091211737,1.7123350641011057,-0.06509259259259265,-0.06143518518518515,0.3289648276558522,0.8561552467477185,0.1556810629594927,0.3367125518882268,0.0008392472037603849,0.003657407407407498,0.006983274771723006,0.16071197959592007,0.11972110958897028,0.11412926997799801,0.0,0.9999999987499999,0.6838125653542667,0.2806922362008175,0.28876234574996046,0.396277258941574,calm,02,06,06,female,normal,664
60,2.0020000000000002,True,1.0,0.5867507022069183,0.557311271711217,0.5720309869590676,0.9038919482976495,-0.06523148148148145,-0.06268518518518529,0.3581807775500649,0.48958662409675674,0.157832361847542,0.6328532830018075,0.029439430495701302,0.0025462962962961577,0.007360420274391489,0.2817310138963792,0.11846387912637311,0.11427255163034122,0.0,0.9999999987499999,0.6860659281212486,0.2769523656475693,0.2758976502275859,0.3692527891126332,calm,02,06,06,female,normal,664
70,2.3356666666666666,True,1.0,0.5517343510811493,0.5361466704005204,0.5439405107408348,1.1172756877748604,-0.06254629629629632,-0.059166666666666756,0.3789957966725547,0.5228141310553985,0.15497192006927743,0.48684538354551843,0.01558768068062888,0.003379629629629566,0.0060285778356945485,0.2599249889510935,0.12307470297069589,0.11136324157108621,0.0,0.9999999987499999,0.6279471341661665,0.2630963533603958,0.3101135948949284,0.3691652496565521,calm,02,06,06,female,normal,664
80,2.6693333333333333,True,1.0,0.5827210048588369,0.576015518144259,0.579368261501548,1.193774277063951,-0.06578703703703703,-0.06208333333333338,0.32784988117107305,0.6299706390973782,0.159239208000743,0.4853247993636497,0.006705486714577935,0.0037037037037036535,0.012257783148634013,0.2269601104588966,0.12395137145291285,0.10969410106966979,0.0,0.7267962633676771,0.6259423724255329,0.2622220173871741,0.310479294901791,0.3584263660465306,calm,02,06,06,female,normal,664
90,3.003,True,1.0,0.557840176439906,0.5479076927335407,0.5528739345867233,0.9226521380249764,-0.06194444444444441,-0.05981481481481482,0.37264095798665053,0.4541003104388416,0.15505805006776618,0.5992225149666937,0.009932483706365347,0.0021296296296295925,0.010179861472466516,0.28167281432850527,0.12614678062684323,0.10804743296334214,0.0,0.9999999987499999,0.628617802566339,0.2598670499407433,0.3102392737490662,0.36187500189235744,calm,02,06,06,female,normal,664
100,3.336666666666667,True,1.0,0.550960013321375,0.5814116064555582,0.5661858098884667,0.6550867342667311,-0.06296296296296294,-0.059629629629629644,0.37082194093378074,0.34913419287224423,0.15644519058203735,0.8642913682601505,0.03045159313418322,0.0033333333333332993,0.017065799410999997,0.3897664994086377,0.12402420173795618,0.10908906377401308,0.0,0.9999999987499999,0.6274224274084634,0.2589532753451937,0.31149271286197416,0.36053622017069303,calm,02,06,06,female,normal,664
110,3.6703333333333332,True,1.0,0.5544565565597669,0.5722449887031045,0.5633507726314357,0.7001085686202101,-0.06152777777777785,-0.059398148148148144,0.3742609214286959,0.3428199768895821,0.15708487050752512,0.8046620165522331,0.017788432143337585,0.0021296296296297035,0.017920610843307924,0.3809186627229674,0.12651405657748677,0.10743997195403944,0.0,0.9999999987499999,0.6278804626147333,0.25747191503755323,0.30874215979389946,0.3583900049664263,calm,02,06,06,female,normal,664
0,0.0,True,1.0,0.5517681851150954,0.5661146521249256,0.5589414186200106,1.17595558441802,-0.06435185185185183,-0.06041666666666662,0.3743548497871193,0.5806628045346899,0.15301928611053756,0.47530827356598715,0.014346467009830222,0.003935185185185208,0.01994353601041344,0.23641085278130786,0.11807188151611764,0.1153401634247676,0.0,0.9999999987499999,0.6932192321537989,0.27709106552584456,0.2778715200808687,0.3915624383042709,calm,02,06,06,female,normal,665
10,0.33366666666666667,True,1.0,0.5809445264303195,0.5812842645640137,0.5811143954971666,1.1658034562344721,-0.0652314814814815,-0.061018518518518416,0.364939826097542,0.5755086368446629,0.15093928622291236,0.4984668662539031,0.0003397381336942562,0.004212962962963085,0.02011547605275368,0.22924444561731816,0.11559734885932334,0.11684584611770062,0.0,0.9999999987499999,0.6922246298050471,0.2781907558462923,0.27246158122940195,0.387918722465582,calm,02,06,06,female,normal,665
20,0.6673333333333333,True,1.0,0.57726489784579,0.564928693085326,0.571096795465558,1.1147279411419628,-0.06495370370370374,-0.06259259259259253,0.3720106827445725,0.5866828475212534,0.14948990985437344,0.5123194408139696,0.012336204760464042,0.0023611111111112026,0.009638499935403642,0.25301005453896885,0.12551269216632102,0.10930752023743626,0.0,0.7071067807446058,0.6354019359540691,0.2662769132198302,0.3087646596079103,0.37815248689535985,calm,02,06,06,female,normal,665
30,1.0010000000000001,True,1.0,0.4524855241049156,0.4489707161894611,0.4507281201471883,1.1410688903011708,-0.06884259259259257,-0.06629629629629624,0.3874753826088694,0.5775641538390113,0.14945315928458555,0.39500517802060514,0.0035148079154544987,0.0025462962962963243,0.007976170013370917,0.24336302657892508,0.12074022657810914,0.11203485326986876,0.0,0.9999999987499999,0.6351674626022284,0.2668565987132921,0.3053584734761647,0.37325528199926905,calm,02,06,06,female,normal,665
40,1.3346666666666667,True,1.0,0.5332146088366497,0.5125263157338741,0.5228704622852619,1.1270630448180026,-0.06694444444444442,-0.06527777777777771,0.3701855208824975,0.6146960567295425,0.15322655933055,0.4639229940945271,0.020688293102775646,0.0016666666666667052,0.01454745676018627,0.24244079038177724,0.12264845055044149,0.11217272198427546,0.0,0.9999999987499999,0.6332026329047244,0.2660453725302855,0.3015668596944967,0.37207687139904483,calm,02,06,06,female,normal,665
50,1.6683333333333334,True,1.0,0.5084967170280119,0.5060815230289373,0.5072891200284746,1.7422604865489706,-0.0702314814814815,-0.06597222222222221,0.3226672670562896,0.8961410392303502,0.15440600263647006,0.2911672071684879,0.0024151939990746385,0.004259259259259296,0.019341869246844015,0.1580046634286698,0.1187138110019274,0.1156718516607423,0.0,0.9999999987499999,0.6867873699636103,0.2804129564709642,0.2849893366846361,0.3920833302642887,calm,02,06,06,female,normal,665
60,2.0020000000000002,True,1.0,0.4523623157790031,0.47325069024733796,0.4628065030131705,1.175532171061955,-0.06583333333333335,-0.0628703703703703,0.378511202079589,0.5804753019815702,0.15581479345151458,0.39369956382825255,0.020888374468334858,0.002962962962963056,0.004276158402123877,0.2449449677974459,0.11652453635629305,0.116085465035661,0.0,0.9999999987499999,0.6864825712863271,0.2773192804578056,0.2839552937292083,0.3907871609198784,calm,02,06,06,female,normal,665
70,2.3356666666666666,True,1.0,0.5819023005884395,0.5799288335643954,0.5809155670764174,1.2027633658841685,-0.06555555555555564,-0.06115740740740738,0.3921637309121183,0.5875076996539579,0.15391897899671003,0.48298408777139473,0.0019734670240441066,0.004398148148148262,0.01671997338170726,0.22743876203292615,0.11546280163364021,0.11648917724190953,0.0,0.9999999987499999,0.6895906531675171,0.2772823022394807,0.2811487735145418,0.3914388101182478,calm,02,06,06,female,normal,665
80,2.6693333333333333,True,1.0,0.5605888353703224,0.5565545074806547,0.5585716714254886,1.1585218055420983,-0.06648148148148153,-0.0618055555555555,0.33464267406701936,0.6112741956139786,0.15810330879843748,0.48214169880395163,0.004034327889667733,0.004675925925926028,0.024899968032409164,0.22819633318728488,0.1195145303323859,0.11300477780067332,0.0,0.9999999987499999,0.6857913099771159,0.2761661859047864,0.28516977666995236,0.3792910346663244,calm,02,06,06,female,normal,665
90,3.003,True,1.0,0.5920905435634085,0.5812842645640138,0.5866874040637111,1.1904899120128825,-0.06435185185185188,-0.06083333333333335,0.358464264749433,0.6100657614448107,0.15527488576902423,0.4928117392206533,0.01080627899939468,0.003518518518518532,0.018692093061879474,0.22636224755051848,0.119559773564507,0.11479724184085942,0.0,0.9999999987499999,0.6864070859593837,0.2764792353988684,0.28536406932685765,0.39112723905147684,calm,02,06,06,female,normal,665
100,3.336666666666667,True,1.0,0.5610227690244317,0.566114652124925,0.5635687105746783,0.710601980497025,-0.06351851851851859,-0.061249999999999916,0.3551284696601197,0.37018165470654507,0.1551687183881098,0.7930863212349823,0.005091883100493244,0.0022685185185186696,0.017332270965088395,0.36132261191096293,0.11852967216270592,0.11520089937074766,0.0,0.9999999987499999,0.6902065469859817,0.274720770083163,0.277608281722941,0.37516405144479104,calm,02,06,06,female,normal,665
110,3.6703333333333332,True,1.0,0.48908949483187913,0.5037643917730036,0.49642694330244136,0.6849833793771679,-0.06532407407407403,-0.06037037037037046,0.38097861448713055,0.3213323124333106,0.15461141682512847,0.7247284507163159,0.014674896941124449,0.004953703703703571,0.027382458540708778,0.3721933817520865,0.12062675934724318,0.11317163635890375,0.0,0.9999999987499999,0.6877724590851965,0.27594640324537095,0.2786668802275757,0.37480244631383963,calm,02,06,06,female,normal,665
120,4.0040000000000004,True,1.0,0.5695091324864956,0.5853032800466024,0.577406206266549,0.7188418672850817,-0.06106481481481485,-0.05703703703703705,0.3727975462417289,0.3301453711523027,0.16027345342622226,0.8032450981845198,0.015794147560106775,0.004027777777777797,0.029990060952932236,0.36819973484679297,0.1232089260859284,0.10966211328307278,0.0,0.7071067807446058,0.6248917844481543,0.2598145640057821,0.29757506519739935,0.35063739060332466,calm,02,06,06,female,normal,665
0,0.0,True,1.0,0.6001893474059,0.5776475989186058,0.588918473162253,1.1706376679373975,-0.06652777777777785,-0.06564814814814812,0.3738937720310442,0.6142086577224384,0.14728491386022874,0.5030749388065537,0.022541748487294178,0.0008796296296297301,0.004964363126173474,0.2291611410499063,0.12260389209160207,0.11154027000926972,0.0,0.9999999987499999,0.637844761756265,0.2646836494150126,0.3134947810172512,0.385574707314054,calm,02,06,06,female,normal,666
10,0.33366666666666667,True,1.0,0.5866255107753527,0.5726301266528269,0.5796278187140897,1.1325288097042392,-0.0652314814814815,-0.06361111111111101,0.3746554520235621,0.6092563841595414,0.14656994671362356,0.5117996237689176,0.013995384122525878,0.0016203703703704941,0.007791869702020969,0.2495238073761508,0.12355322983689052,0.11100386222592351,0.0,0.9999999987499999,0.6350573233277687,0.2645946981444034,0.3167902696370579,0.3838482493471729,calm,02,06,06,female,normal,666
20,0.6673333333333333,True,1.0,0.45824394770197807,0.44373024826642105,0.45098709798419956,1.1090001641725822,-0.07055555555555554,-0.0671296296296296,0.38239500339192856,0.5686588883100661,0.15148763284695835,0.40666098396899525,0.014513699435557026,0.0034259259259259434,0.0059741534588781476,0.2455017217799596,0.11740054289799215,0.11536472268797798,0.0,0.9999999987499999,0.691969122852266,0.27905192982447447,0.2773922036555591,0.393500014697094,calm,02,06,06,female,normal,666
30,1.0010000000000001,True,1.0,0.5460910789583876,0.5667836229948371,0.5564373509766123,1.2945568437558344,-0.06847222222222227,-0.06462962962962959,0.36225958529307156,0.6844640250356406,0.15781350866969235,0.42982844180271595,0.02069254403644949,0.003842592592592675,0.009016555427850721,0.208165422375444,0.11143766130968268,0.11923215582871532,0.0,0.9999999987499999,0.691692282209759,0.28119140773329876,0.27699841670795294,0.38989898440131504,calm,02,06,06,female,normal,666
40,1.3346666666666667,True,1.0,0.5622289159828217,0.5670498084291189,0.5646393622059702,1.2176549919363615,-0.06717592592592586,-0.06486111111111115,0.3504990893986128,0.6550509542752404,0.1563910496172675,0.46371046474178956,0.0048208924462972425,0.002314814814814714,0.012646629045805343,0.22924444561731805,0.11449183357505202,0.11760574376840402,0.0,0.9999999987499999,0.6912787916103942,0.28144118740685126,0.2788563506628721,0.3879836487743059,calm,02,06,06,female,normal,666
50,1.6683333333333334,True,1.0,0.46026488511544233,0.4582439477019781,0.45925441640871023,1.2397511868662272,-0.06703703703703706,-0.06546296296296295,0.38394639796587016,0.6198249455833286,0.15359943194500156,0.3704407959225976,0.0020209374134642077,0.0015740740740741166,0.010295579056094628,0.23121435385012498,0.11977562096686835,0.11440560678403373,0.0,0.9999999987499999,0.6917970721569878,0.28049810944453546,0.28793591671581736,0.3988075610584759,calm,02,06,06,female,normal,666
60,2.0020000000000002,True,1.0,0.5823571414010408,0.5630862912086124,0.5727217163048266,0.8521980176448292,-0.06263888888888897,-0.06037037037037035,0.36948494175152363,0.44077134986225996,0.16057068668037433,0.67205239210439,0.019270850192428357,0.002268518518518614,0.008660397289628289,0.31080876935853813,0.12109519804931983,0.11351258561816167,0.0,0.9999999987499999,0.6308055628032463,0.2606819181543344,0.30606279597160285,0.3566017251288722,calm,02,06,06,female,normal,666
70,2.3356666666666666,True,1.0,0.5519934687442098,0.5420750677168368,0.5470342682305234,1.0340340864933553,-0.061574074074074,-0.0596296296296297,0.4063762061121842,0.43083633308556146,0.15908581721732423,0.5290292412754409,0.00991840102737307,0.0019444444444443043,0.0039602018447948886,0.27403133595495416,0.12170194167115354,0.11201460503061761,0.0,0.9999999987499999,0.6282051592043068,0.26342716367202645,0.3127989658353038,0.3719248225480479,calm,02,06,06,female,normal,666
80,2.6693333333333333,True,1.0,0.6085334952706638,0.6072599964164149,0.6078967458435394,1.0820312576795672,-0.0616666666666667,-0.06013888888888891,0.3559449319643637,0.5487267074398336,0.16256759411472507,0.5618107069727203,0.0012734988542488779,0.0015277777777777946,0.00015881078108170106,0.24950837725053443,0.12404389806670363,0.11010977018224445,0.0,0.9999999987499999,0.6286217511692177,0.2657104436923747,0.3086796029035679,0.3551049915000669,calm,02,06,06,female,normal,666
90,3.003,True,1.0,0.5979499348534177,0.5622239992795602,0.580086967066489,0.783941557089047,-0.05958333333333338,-0.059907407407407465,0.3857423881271334,0.37795275590551264,0.15915054698284348,0.7399620058674827,0.035725935573857504,0.0003240740740740877,0.0009654402809989429,0.33145649358083956,0.1233001241014541,0.11145600646067998,0.0,0.9999999987499999,0.6268370522818502,0.2641766022871452,0.3039177686293646,0.35575382862882643,calm,02,06,06,female,normal,666
100,3.336666666666667,True,1.0,0.5724957120194939,0.5462478826176278,0.5593717973185608,0.6664553709143517,-0.05921296296296291,-0.05768518518518523,0.38685053269114794,0.29155420602370963,0.1639675432966848,0.8393237142813085,0.026247829401866096,0.0015277777777776835,0.008380763571191729,0.37497425344523966,0.12211780215704321,0.11139018267123633,0.0,0.9999999987499999,0.6262768518579306,0.26322714461740554,0.3064839074657966,0.35681807932841475,calm,02,06,06,female,normal,666
110,3.6703333333333332,True,1.0,0.5826306408147532,0.544590160189605,0.5636104005021791,0.6966071381798318,-0.05842592592592594,-0.058379629629629615,0.37889160426649665,0.2843294441550336,0.16326175104347274,0.8090792781349321,0.0380404806251482,4.629629629632204e-05,0.013889873215604335,0.3679133954555096,0.12549735362892492,0.10827446800661018,0.0,0.7071067807446058,0.6251920744000724,0.2638121261350984,0.3052258875998714,0.3496662997040447,calm,02,06,06,female,normal,666
0,0.0,True,1.0,0.5564293160490899,0.5726370910399988,0.5645332035445443,1.1460072827798224,-0.06486111111111109,-0.06240740740740747,0.3738339246705978,0.565785155525705,0.1513969520342545,0.492608739950744,0.016207774990908974,0.0024537037037036247,0.0016221775822140997,0.2393654077729218,0.12714943987453564,0.10739920770257085,0.0,0.7071067807446058,0.6249859838701105,0.26079140216201635,0.320314348253507,0.3738889617986964,calm,02,06,06,female,normal,667
10,0.33366666666666667,True,1.0,0.5425130473887273,0.5427880590175682,0.5426505532031478,1.1376627251628053,-0.06259259259259264,-0.06023148148148155,0.37997763324041045,0.5332794024200652,0.15487342713271876,0.4769871959420062,0.00027501162884091546,0.0023611111111110916,0.0015455981905470547,0.246411005819672,0.11532446202904457,0.11873081634816093,0.0,0.9999999987499999,0.6787417064482043,0.28110643903629123,0.28006637877973956,0.40283442054676477,calm,02,06,06,female,normal,667
20,0.6673333333333333,True,1.0,0.5815389483471007,0.5570826940179099,0.5693108211825053,1.098494404214042,-0.05824074074074076,-0.05578703703703708,0.3819817559036016,0.46251129177958406,0.16112815795980318,0.518264652963653,0.024456254329190852,0.00245370370370368,0.0007960501757462972,0.26676475036431263,0.12019087896452665,0.1139692715389052,0.0,0.9999999987499999,0.6288434782584909,0.26656433420376874,0.3004563959986076,0.36860350514665113,calm,02,06,06,female,normal,667
30,1.0010000000000001,True,1.0,0.5393344300182034,0.5135725389031885,0.526453484460696,1.1800766283524897,-0.056388888888888766,-0.05546296296296305,0.3623602274866104,0.5363984674329495,0.16736293455812778,0.446118050143642,0.025761891115014812,0.0009259259259257191,0.007919516089693957,0.24871592137677395,0.11918655519528293,0.11318243626653066,0.0,0.9999999987499999,0.6251969286933524,0.27060936552573106,0.29573105557657436,0.3602831759635017,calm,02,06,06,female,normal,667
40,1.3346666666666667,True,1.0,0.6026019346199695,0.6099056027662738,0.6062537686931216,1.0727969348659008,-0.05587962962962961,-0.05662037037037032,0.35835236287047983,0.5057471264367813,0.16807779912804377,0.5651151201032311,0.007303668146304343,0.0007407407407407085,0.015041294150111574,0.2495164328357996,0.11984896322515483,0.1129877722358085,0.0,0.9999999987499999,0.6264239890565602,0.26943883339057406,0.2969576998412397,0.3561935192222535,calm,02,06,06,female,normal,667
50,1.6683333333333334,True,1.0,0.639306139538118,0.6279975044028886,0.6336518219705033,1.0382405045968606,-0.05111111111111122,-0.05277777777777781,0.3853528677064308,0.39107156177471347,0.16807779912804388,0.6103131395519428,0.011308635135229395,0.0016666666666665941,0.030735126670085915,0.28539775758836383,0.11131481540590905,0.11806286305562998,0.0,0.9999999987499999,0.6663245640912615,0.28261727206283355,0.26998298001930643,0.3890589393617832,calm,02,06,06,female,normal,667
60,2.0020000000000002,True,1.0,0.6226947197441262,0.6085911704450132,0.6156429450945697,0.7990791690940909,-0.052870370370370234,-0.05481481481481487,0.3790929454439577,0.3338811126074472,0.17020344934400036,0.770440488134009,0.01410354929911295,0.0019444444444446374,0.042853408868572654,0.34791128751407874,0.1144458370941376,0.1170009636902157,0.0,0.9999999987499999,0.6779581332064074,0.2781077952076282,0.2664390992800439,0.3713514722051053,calm,02,06,06,female,normal,667
70,2.3356666666666666,True,1.0,0.6211917188284842,0.5744458500693324,0.5978187844489082,1.04684814224277,-0.05199074074074084,-0.05337962962962961,0.41586794831117974,0.333386299234977,0.1646876008887789,0.571065429956383,0.046745868759151876,0.001388888888888773,0.045037371059555464,0.2751112822929401,0.11862533498051872,0.11377050900554023,0.0,0.9999999987499999,0.6259459929674994,0.26411937158465126,0.3026600156595751,0.37003861978502034,calm,02,06,06,female,normal,667
80,2.6693333333333333,True,1.0,0.686862786702634,0.656770311229986,0.6718165489663099,1.1500858232184048,-0.054166666666666696,-0.05685185185185182,0.311580629474061,0.5398781966119569,0.17235020083408994,0.5841447093802928,0.03009247547264804,0.002685185185185124,0.058023379964273064,0.2177362336813932,0.12038087641727585,0.11292815015275491,0.0,0.9999999987499999,0.6210327346563626,0.26473506861690604,0.28690094260122256,0.33512678062677675,calm,02,06,06,female,normal,667
90,3.003,True,1.0,0.661593029904299,0.6230783219672659,0.6423356759357824,1.0648316784839196,-0.051666666666666694,-0.055416666666666725,0.35213745267103413,0.4559885269030155,0.1718055470030678,0.6032274291936203,0.038514707937033155,0.003750000000000031,0.06143049413117007,0.266498311926483,0.11733133592308453,0.11477303051595067,0.0,0.9999999987499999,0.6721887415591237,0.2781807442900223,0.27754008335117253,0.3831035939174373,calm,02,06,06,female,normal,667
100,3.336666666666667,True,1.0,0.6410889239435975,0.5932860610258573,0.6171874924847274,0.6372871516179315,-0.04986111111111108,-0.0539351851851852,0.38703896355388184,0.2001520757741487,0.16893074810776754,0.9684605925567846,0.04780286291774016,0.004074074074074119,0.06235345889846161,0.40727938729740115,0.11358793108871724,0.11685988772046381,0.0,0.9999999987499999,0.6705080946050296,0.27776253187534466,0.2663514450391689,0.36932892109750176,calm,02,06,06,female,normal,667
110,3.6703333333333332,True,1.0,0.6283344409550247,0.5744692967651496,0.6014018688600871,0.6591998989928884,-0.05083333333333345,-0.05384259259259261,0.38736246968624644,0.19864287815584783,0.1682025809244583,0.9123209359996809,0.05386514418987509,0.003009259259259156,0.07105184843678805,0.4023164024759423,0.12188559505035841,0.11078769056490056,0.0,0.9999999987499999,0.6201328744544693,0.2614068637585217,0.2874832093114009,0.3418359883694515,calm,02,06,06,female,normal,667
120,4.0040000000000004,True,1.0,0.6134950736269681,0.5527534483850456,0.5831242610060068,0.657874200390966,-0.05050925925925931,-0.053888888888888875,0.39008930649393725,0.19123762289152846,0.16688807721596013,0.8863765453326239,0.0607416252419225,0.003379629629629566,0.06513817953333291,0.42505178628312695,0.12102743911842893,0.10965911850608176,0.0,0.9999999987499999,0.6294806976696927,0.26157506977463746,0.29021340142626745,0.34318196732914075,calm,02,06,06,female,normal,667
0,0.0,True,1.0,0.4091886740105394,0.4133766250138884,0.4112826495122139,1.0720011509061806,-0.07018518518518513,-0.06476851851851839,0.3830808437997728,0.5641493278328324,0.1430603553271285,0.38365877607925114,0.004187951003349011,0.005416666666666736,0.00420732029027165,0.2593515933938517,0.11787571017568377,0.11487916984478765,0.0,0.9999999987499999,0.6891504985978767,0.27849755145252525,0.2828941943860695,0.39505359221685676,calm,02,06,06,female,strong,668
10,0.33366666666666667,True,1.0,0.54357976194892,0.5458256650883172,0.5447027135186187,1.072147917849561,-0.06583333333333335,-0.06481481481481477,0.38533214578205094,0.5359418614411898,0.15002492061867798,0.508048100873194,0.0022459031393972095,0.0010185185185185852,0.00958262509472823,0.2589822194027546,0.12049448735956501,0.11398301914244827,0.0,0.9999999987499999,0.6914296105942376,0.27804131425541895,0.2881599904212582,0.39508905854616344,calm,02,06,06,female,strong,668
20,0.6673333333333333,True,1.0,0.597828730369062,0.5871259479690916,0.5924773391690767,1.0582010582010577,-0.0602314814814815,-0.05875000000000008,0.3864513546865373,0.465608465608465,0.15625439446945363,0.5598910855147778,0.010702782399970467,0.001481481481481417,0.00698063873250214,0.25534834594682226,0.12195740996803982,0.11139486794994365,0.0,0.9999999987499999,0.6303575817123725,0.26578473751014564,0.3036808627013183,0.37054127580248203,calm,02,06,06,female,strong,668
30,1.0010000000000001,True,1.0,0.6284736949058102,0.5998423195576001,0.6141580072317052,1.1483915216016585,-0.059675925925925855,-0.05833333333333329,0.397555328802667,0.49212366117951517,0.1569449305644051,0.534798451293981,0.02863137534821003,0.001342592592592562,0.00860133052092628,0.24104981115447208,0.11866362169101721,0.11288987540136575,0.0,0.9999999987499999,0.6343501759063,0.26529138095868826,0.31010732806516733,0.3770715241738767,calm,02,06,06,female,strong,668
40,1.3346666666666667,True,1.0,0.5262717810874359,0.5151304950641397,0.5207011380757878,1.1210890922547416,-0.06703703703703712,-0.065,0.37203878976871924,0.5896008175641917,0.15347222222222223,0.4644600876711326,0.011141286023296226,0.002037037037037115,0.012905112234841767,0.2483501179502479,0.12523890597865683,0.10909846223421603,0.0,0.884820099679444,0.6309798908704106,0.2646196649213968,0.3110857300179529,0.36952022625456166,calm,02,06,06,female,strong,668
50,1.6683333333333334,True,1.0,0.5647945934279921,0.5416557895200802,0.5532251914740361,1.136247794502155,-0.06314814814814812,-0.06268518518518529,0.3743419333149866,0.5826305789128889,0.15766260208674757,0.4868878022477754,0.023138803907911898,0.0004629629629628318,0.011150233595769277,0.23110104559588057,0.12600539782881845,0.10891424856617209,0.0,0.9999999987499999,0.6279015261495223,0.2666533450500237,0.3114253202866029,0.3660404891183357,calm,02,06,06,female,strong,668
60,2.0020000000000002,True,1.0,0.580055878521792,0.60618167507642,0.593118776799106,1.216877039330088,-0.062361111111111145,-0.06175925925925929,0.3856777634078079,0.5944017338880183,0.1548616037707815,0.4874106073409259,0.02612579655462799,0.0006018518518518534,0.017934586886754925,0.23273916315293214,0.12093807123721832,0.11233123087419142,0.0,0.9999999987499999,0.6291784127557273,0.26284123990770897,0.3133104295557078,0.3734485764709557,calm,02,06,06,female,strong,668
70,2.3356666666666666,True,1.0,0.3833307033874163,0.38830469041554766,0.385817696901482,0.9182667241368282,-0.06893518518518521,-0.06935185185185183,0.3710007394088549,0.45905779661458784,0.1569488194698862,0.4201586388357381,0.004973987028131344,0.0004166666666666208,0.015339736320416235,0.28120371108779285,0.1268881776991749,0.10770775383220473,0.0,0.9999999987499999,0.6312576768363596,0.2604979204832375,0.3016886768170457,0.3399260587037987,calm,02,06,06,female,strong,668
80,2.6693333333333333,True,1.0,0.5900154780859013,0.5600560506784936,0.5750357643821975,1.1213061048280006,-0.06097222222222226,-0.06097222222222226,0.4114563808722854,0.4805166663380389,0.15489263817098572,0.5128267490083838,0.029959427407407646,0.0,0.0214673148949714,0.2544414673297212,0.12362112717895944,0.11006614016032513,0.0,0.9999999987499999,0.6293648545277486,0.25944426931908476,0.3160234582083074,0.37318607924964364,calm,02,06,06,female,strong,668
90,3.003,True,1.0,0.5951901186581938,0.5867507022069188,0.5909704104325564,1.1435471060982534,-0.06287037037037041,-0.06263888888888897,0.3527405312287035,0.6026105972813047,0.16042094699714274,0.5167871155294413,0.008439416451274995,0.00023148148148144365,0.00809197496337391,0.2360017870410537,0.12387653435350272,0.11150059195634839,0.0,0.9999999987499999,0.6267206820306247,0.2650256521937161,0.3041361586275051,0.3653709720480959,calm,02,06,06,female,strong,668
100,3.336666666666667,True,1.0,0.5728243493673892,0.56387576222035,0.5683500557938697,1.2756896834482323,-0.07476851851851857,-0.07347222222222216,0.34250434204351077,0.6855307096419366,0.16598371379942167,0.4455237532826951,0.008948587147039277,0.0012962962962964064,0.030615868718940547,0.20424359881139936,0.12328198076059285,0.11061824199447687,0.0,0.9999999987499999,0.6303479454047244,0.26672482110259704,0.31123510496506135,0.3720155729525612,calm,02,06,06,female,strong,668
110,3.6703333333333332,True,1.0,0.5967085607861875,0.589066874286783,0.5928877175364853,1.0356378440318224,-0.06550925925925927,-0.0658333333333333,0.38212303852318774,0.48943075283709336,0.15972269988794818,0.5724855662171683,0.007641686499404554,0.0003240740740740322,0.023903024978907537,0.2619785240746848,0.12406118088712471,0.10869701906597855,0.0,0.9999999987499999,0.6327290195062399,0.2600539550081777,0.31357387164014416,0.372536260516431,calm,02,06,06,female,strong,668
120,4.0040000000000004,True,1.0,0.5865065763760663,0.5617368276238612,0.5741217019999638,0.717186443237088,-0.061712962962963025,-0.06199074074074079,0.38741923017876384,0.3233583612419489,0.1569488194698862,0.8005194568494796,0.024769748752205056,0.0002777777777777657,0.015995936501339972,0.3533994490014162,0.12222760578914862,0.10954407015957564,0.0,0.9999999987499999,0.6282324994294592,0.26020976303190757,0.30515970239697987,0.35695666965481593,calm,02,06,06,female,strong,668
130,4.337666666666666,True,1.0,0.5901519101252396,0.5638757622203506,0.5770138361727951,0.7405251767583255,-0.06060185185185185,-0.06162037037037038,0.3716930510923479,0.31936454249408,0.15625,0.7791954335687722,0.02627614790488897,0.0010185185185185297,0.01809378159377247,0.34239024327138984,0.12593915373843906,0.10793692460482643,0.0,0.9999999987499999,0.6297337708442752,0.26035319224540787,0.3105659882577173,0.3584573945146611,calm,02,06,06,female,strong,668
0,0.0,True,1.0,0.5629640655881093,0.5629629629629628,0.562963514275536,1.1979274213802993,-0.063425925925926,-0.06092592592592594,0.36434044240862723,0.5915548331926871,0.1543096206057864,0.4699479319263493,1.1026251465207082e-06,0.0025000000000000577,0.009487655358560353,0.22949343565258498,0.1230103462465233,0.11074833186467242,0.0,0.7071067807446058,0.629061921612395,0.2636518172441629,0.3023276113912187,0.37156439131266744,calm,02,06,06,female,strong,669
10,0.33366666666666667,True,1.0,0.5878151901948846,0.5873040673531861,0.5875596287740353,1.2067513155051257,-0.06736111111111115,-0.06324074074074071,0.3567096956771205,0.6331567196254163,0.15091754982832636,0.4868937130829584,0.0005111228416985192,0.004120370370370441,0.016491248561284668,0.22255952711091562,0.11924512842618902,0.11379241607259567,0.0,0.9999999987499999,0.6908268602909914,0.2775126317126425,0.2834034373274693,0.39388157205422597,calm,02,06,06,female,strong,669
20,0.6673333333333333,True,1.0,0.5576965962238986,0.5701798800356057,0.5639382381297522,1.1481696320587098,-0.06828703703703709,-0.0643981481481481,0.3682000353219525,0.6322039617361006,0.1467359015944763,0.49116282331783195,0.012483283811707158,0.003888888888888997,0.0138424197512082,0.23632227808532782,0.11983299109891798,0.11215857153130086,0.0,0.9999999987499999,0.6915907070484445,0.2758664370008714,0.2882633712207662,0.39431513930422324,calm,02,06,06,female,strong,669
30,1.0010000000000001,True,1.0,0.5878151901948837,0.5865065763760668,0.5871608832854753,1.1627409835503295,-0.06874999999999992,-0.06532407407407409,0.3829971735347381,0.6090001855940933,0.14895775159333438,0.5049799496123635,0.0013086138188168617,0.0034259259259258323,0.01311230889457402,0.22224117904818966,0.11591258865022638,0.11604162515278713,0.0,0.9999999987499999,0.6896749824304722,0.27832466523638916,0.28593863328006575,0.39496360353994725,calm,02,06,06,female,strong,669
40,1.3346666666666667,True,1.0,0.5764662303390305,0.591677945463573,0.5840720879013017,1.1214083594981845,-0.06574074074074071,-0.062407407407407356,0.37759151713446293,0.5960558167867912,0.15642617021622574,0.5208380006750318,0.015211715124542446,0.003333333333333355,0.023441276451844288,0.2520280751812685,0.12517954440270446,0.10968888520786528,0.0,0.9999999987499999,0.6257941141847365,0.2635154879543374,0.31147858390074834,0.37189959602616307,calm,02,06,06,female,strong,669
50,1.6683333333333334,True,1.0,0.5693893711065832,0.5714679462125773,0.5704286586595803,1.0855815837112621,-0.06407407407407417,-0.060462962962962996,0.37429587151029725,0.5495565994292876,0.1615655504318523,0.5254590416958476,0.002078575105994185,0.003611111111111176,0.02613085930629265,0.2352389745923004,0.1255468122614162,0.10891905210454059,0.0,0.9999999987499999,0.626787710201268,0.26456910962594715,0.3130321972611263,0.36623900846196766,calm,02,06,06,female,strong,669
60,2.0020000000000002,True,1.0,0.5920718838009533,0.5686408581627584,0.5803563709818559,1.2951727858651747,-0.06833333333333336,-0.06259259259259259,0.36821612981809876,0.6690550090392974,0.15211486644333896,0.4480918509989987,0.02343102563819488,0.0057407407407407685,0.026452547232969054,0.2109472139143914,0.11505749815410302,0.11623572301208582,0.0,0.9999999987499999,0.6848633441970539,0.27889479834215175,0.28770356280975334,0.3970689549027547,calm,02,06,06,female,strong,669
70,2.3356666666666666,True,1.0,0.5677258325854746,0.5737621155213284,0.5707439740534015,1.0916618808723926,-0.06449074074074074,-0.06078703703703703,0.3680098568538327,0.5167492765862136,0.1569170332445322,0.522821199543302,0.006036282935853787,0.003703703703703709,0.02727368758280824,0.24967891104779502,0.125694347803952,0.10874876050013345,0.0,0.9999999987499999,0.6253757444384004,0.2619497715590819,0.31592423445059226,0.3732892488245049,calm,02,06,06,female,strong,669
80,2.6693333333333333,True,1.0,0.538986470971736,0.548970004059596,0.543978237515666,1.3400510571171669,-0.0676388888888888,-0.06166666666666665,0.3845830049925022,0.586652635889748,0.15484267478113634,0.4059384413948516,0.00998353308785993,0.005972222222222157,0.036264142758151714,0.2126216119184213,0.12338630027272385,0.11136059843967672,0.0,0.9999999987499999,0.6303404589960985,0.26187213003217924,0.3143680171318965,0.37388632915069714,calm,02,06,06,female,strong,669
90,3.003,True,1.0,0.5975038197602884,0.5965002552455089,0.5970020375028986,1.0126520471034444,-0.06472222222222224,-0.0584722222222222,0.37555822588512877,0.49854876369948947,0.1599538816696496,0.5895431103018485,0.0010035645147795647,0.006250000000000033,0.04687271147065079,0.26312995773836056,0.12364324618445263,0.1103870185427927,0.0,0.7071067807446058,0.6259602685292868,0.261276161649205,0.30946342071811633,0.35910310898443887,calm,02,06,06,female,strong,669
100,3.336666666666667,True,1.0,0.6490283173468194,0.6380526154804509,0.6435404664136352,1.2869940651040812,-0.06537037037037036,-0.05995370370370373,0.3225047552435593,0.6587202963725147,0.15983220685793864,0.5000337482998346,0.010975701866368537,0.005416666666666625,0.04974572265509574,0.20206960971678062,0.12631867861541096,0.10819915600761518,0.0,0.9999999987499999,0.6223450612666942,0.2604359499506675,0.3139857120117164,0.35716139125505336,calm,02,06,06,female,strong,669
110,3.6703333333333332,True,1.0,0.5946903942785845,0.5787894391555627,0.5867399167170736,0.987144483170229,-0.06347222222222226,-0.05773148148148155,0.3784306357987236,0.4858739258756641,0.1591810588088512,0.5943809915573349,0.01590095512302181,0.005740740740740713,0.05112241476158056,0.27034669822231777,0.1262816215362124,0.10841827307952225,0.0,0.9999999987499999,0.6236765912302422,0.2611925291265737,0.31128039908690497,0.3629525246814904,calm,02,06,06,female,strong,669
120,4.0040000000000004,True,1.0,0.5745387278511345,0.5501756824286763,0.5623572051399054,0.726251333858872,-0.061712962962963025,-0.0559722222222222,0.3575614882810145,0.35457199750108426,0.16248499845433267,0.7743286365504767,0.02436304542245815,0.005740740740740824,0.048911809499570226,0.3470768151566995,0.11531720395876151,0.1143235504224775,0.0,0.9999999987499999,0.6781583239311351,0.27793566585288293,0.28166259153896755,0.38862659995004223,calm,02,06,06,female,strong,669
130,4.337666666666666,True,1.0,0.5886157904094091,0.5755098956528406,0.5820628430311249,0.6883531717133017,-0.06361111111111112,-0.05805555555555558,0.3546979256086282,0.3574345435252126,0.1589565926619416,0.8455875079101886,0.013105894756568537,0.005555555555555536,0.048978901245819495,0.38079441767350686,0.11912173575332574,0.1129136971081484,0.0,0.9999999987499999,0.6771455343074729,0.2776538923406989,0.2835104336196762,0.3857708830134083,calm,02,06,06,female,strong,669
0,0.0,True,1.0,0.5251279921214153,0.5277600263868042,0.5264440092541097,1.2568942080506407,-0.06722222222222224,-0.06657407407407401,0.35651983232981016,0.673094762019353,0.1472408770692157,0.41884512306774757,0.0026320342653889384,0.000648148148148231,0.028656252583963288,0.22122323073915895,0.11780896633682696,0.11494761486955742,0.0,0.9999999987499999,0.6878581958799144,0.2792793310215568,0.28806573802610635,0.4001844137096121,calm,02,06,06,female,strong,670
10,0.33366666666666667,True,1.0,0.5237921095359462,0.5213579623119295,0.5225750359239378,1.2316530734141526,-0.06814814814814818,-0.06787037037037041,0.36165881213974915,0.6971859793110732,0.1430816856971893,0.42428752641793477,0.0024341472240166917,0.0002777777777777657,0.03192467814979717,0.23741736482861056,0.1168547606694198,0.11640955057366587,0.0,0.9999999987499999,0.6927762558695354,0.27880277364390393,0.2855784325055942,0.40109058676752807,calm,02,06,06,female,strong,670
20,0.6673333333333333,True,1.0,0.5166496151823888,0.5131126780997396,0.5148811466410642,1.1608387192707117,-0.06745370370370363,-0.06675925925925918,0.3673592785768457,0.6387913137732535,0.14375849159701837,0.44354236130625835,0.0035369370826492386,0.000694444444444442,0.04144606377420196,0.2361786436128963,0.12619718210668845,0.10834083789705135,0.0,0.6636486352109457,0.6360985941642282,0.263050416748389,0.3129856534940315,0.3832632781241549,calm,02,06,06,female,strong,670
30,1.0010000000000001,True,1.0,0.5585015471264856,0.5557815082272514,0.5571415276768685,1.2656594514118167,-0.06791666666666668,-0.06736111111111104,0.3577770322118454,0.6629470451736118,0.15208333333333335,0.44019860718093545,0.002720038899234223,0.0005555555555556424,0.04275195888330125,0.20461876646630525,0.1197563450796416,0.11409229666981842,0.0,0.9999999987499999,0.6316002268954457,0.26212978879201854,0.3086177471380796,0.36704394609997487,calm,02,06,06,female,strong,670
40,1.3346666666666667,True,1.0,0.5694940242209432,0.5571314774450963,0.5633127508330198,1.2537205340664586,-0.06430555555555562,-0.06597222222222221,0.3655076071891917,0.6265173954222885,0.14861162449004328,0.44931285364363277,0.012362546775846917,0.0016666666666665941,0.05281007140769049,0.20637906279199245,0.12224148349521241,0.11210740318956731,0.0,0.9999999987499999,0.6356774257749975,0.26240620118055813,0.31278772069101524,0.3769628103952645,calm,02,06,06,female,strong,670
50,1.6683333333333334,True,1.0,0.5428889706973171,0.5436828618901831,0.5432859162937501,1.0593076837432356,-0.06194444444444447,-0.06240740740740741,0.37504630733455707,0.5439066142714652,0.15768727938291646,0.5128688525830014,0.000793891192865992,0.0004629629629629428,0.03924370333108641,0.2479749845171425,0.1253856074778365,0.10875478620488159,0.0,0.7556963024834703,0.6335006117290666,0.2646760428739361,0.30468386750132725,0.36313834740408846,calm,02,06,06,female,strong,670
60,2.0020000000000002,True,1.0,0.5960236438293314,0.5917631081189235,0.5938933759741274,1.0864948232914515,-0.057731481481481495,-0.058101851851851904,0.39599144819122756,0.42754320470125723,0.15841474615060325,0.5466140871016519,0.004260535710407853,0.00037037037037040976,0.033974762169525434,0.2681888574683691,0.11408792538267971,0.12023681412242658,0.0,0.9999999987499999,0.6869831587635054,0.2782202040350347,0.2809936059729619,0.3993797602151404,calm,02,06,06,female,strong,670
70,2.3356666666666666,True,1.0,0.616384069830096,0.5578350082352317,0.5871095390326638,0.9467936242510107,-0.05796296296296294,-0.059444444444444466,0.3596452157343693,0.3886241299293583,0.16740669132805944,0.6201029706944999,0.05854906159486428,0.001481481481481528,0.04386032944300843,0.2825247041133463,0.11482182121838226,0.11857601728539485,0.0,0.9999999987499999,0.6868451080354016,0.2750566096937286,0.27986199038323056,0.3817998942933546,calm,02,06,06,female,strong,670
80,2.6693333333333333,True,1.0,0.6210689243009485,0.5646900716051737,0.5928794979530612,1.0261244585785783,-0.053379629629629666,-0.055787037037037135,0.38449507192888027,0.39874429876251116,0.16533362320449566,0.577785173130302,0.056378852695774806,0.002407407407407469,0.04709594101879624,0.27463536291776597,0.12256271417841523,0.11072853085420896,0.0,0.9999999987499999,0.6346271988013956,0.2633702616441756,0.29577586329504885,0.3569593293277141,calm,02,06,06,female,strong,670
90,3.003,True,1.0,0.6808816328506312,0.6335131120851569,0.6571973724678941,1.1209267517666568,-0.0557407407407407,-0.05689814814814825,0.3253172020475643,0.5430445873967149,0.16745043666383247,0.5862982317373605,0.047368520765474265,0.0011574074074075513,0.05120584002683282,0.23076652666119554,0.12147859051472702,0.11208694145891822,0.0,0.9999999987499999,0.632513071361357,0.2653849467775953,0.28961744976628023,0.3414419364919075,calm,02,06,06,female,strong,670
100,3.336666666666667,True,1.0,0.623802659005832,0.5898184936179331,0.6068105763118825,0.8563119159343184,-0.0588425925925925,-0.05990740740740741,0.38969718343141996,0.35741981273129836,0.16260560345630964,0.7086326431062143,0.033984165387898835,0.0010648148148149073,0.05442372065446437,0.2964444861514791,0.1159966353266291,0.11726465430360981,0.0,0.9999999987499999,0.685876100502701,0.2758061019098324,0.2796818715383455,0.3807881349419975,calm,02,06,06,female,strong,670
110,3.6703333333333332,True,1.0,0.5909229453518581,0.5645250849613449,0.5777240151566014,0.7148423376691202,-0.05592592592592599,-0.05754629629629632,0.3566385527454674,0.30399235126867624,0.16189794635882343,0.8081838255976567,0.026397860390513173,0.0016203703703703276,0.0506937459976244,0.364437351812189,0.11892247182870716,0.11512681698118885,0.0,0.9999999987499999,0.685169186713748,0.275718775774857,0.2790098519108877,0.3788609023123616,calm,02,06,06,female,strong,670
120,4.0040000000000004,True,1.0,0.5683911323718982,0.5835374211554237,0.575964276763661,0.6936480055442731,-0.057962962962963105,-0.05986111111111109,0.3656882405018019,0.2874609226055195,0.1611584590163337,0.8303408532281857,0.01514628878352553,0.0018981481481479823,0.03973093109509439,0.3730158044939362,0.11773658596998071,0.11650295517809973,0.0,0.9999999987499999,0.6815564005680399,0.276820080868588,0.2732119511868432,0.3771776534525548,calm,02,06,06,female,strong,670
0,0.0,True,1.0,0.4636875027244437,0.4278273817763138,0.4457574422503787,1.2239100425325724,-0.07717592592592587,-0.07314814814814813,0.3531815932053473,0.7536785501726083,0.12670781439480566,0.36420768419221106,0.0358601209481299,0.004027777777777741,0.023278649500899723,0.21298178960147096,0.12762950518164887,0.10647098847846405,0.0,0.7071067807446058,0.6284726711309524,0.2601832661989711,0.3130160432702114,0.38964270479407476,calm,02,06,06,female,strong,671
10,0.33366666666666667,True,1.0,0.4589086299189581,0.4279736859697453,0.4434411579443517,1.1596369954659573,-0.07546296296296295,-0.0698611111111111,0.368026171056345,0.7156700123592344,0.13421208474877322,0.38239652553182923,0.030934943949212812,0.005601851851851858,0.026837800425661123,0.24331609739243537,0.12521981420706293,0.10894563880583963,0.0,0.9999999987499999,0.6268382824692376,0.260526532668311,0.3140354286794022,0.3897709104152099,calm,02,06,06,female,strong,671
20,0.6673333333333333,True,1.0,0.5037582836152148,0.4751808053885338,0.4894695445018743,1.1310165625355628,-0.07810185185185187,-0.07305555555555554,0.37043790437255886,0.6870432118648656,0.132305343245818,0.43276956387319376,0.028577478226680997,0.0050462962962963265,0.021817619709890417,0.22919797316494722,0.1277050673561904,0.10638034476412933,0.0,0.7071067807446058,0.6262091395620748,0.2582180782235446,0.3201583479775773,0.380299444233341,calm,02,06,06,female,strong,671
30,1.0010000000000001,True,1.0,0.4820393704038512,0.47202271543512847,0.47703104291948983,1.3163817581957347,-0.0773611111111111,-0.07226851851851851,0.3578806931877979,0.747883068910392,0.14200285868983442,0.36238047203975265,0.010016654968722727,0.005092592592592593,0.020696500904693594,0.19308769059932845,0.11696102437151866,0.11662994996476139,0.0,0.9999999987499999,0.6854120769479668,0.28006730078733855,0.2770235038962768,0.3929050935138124,calm,02,06,06,female,strong,671
40,1.3346666666666667,True,1.0,0.4192215239031409,0.4162660298366347,0.4177437768698878,1.344567412950075,-0.07814814814814819,-0.0714351851851851,0.35994699691928533,0.8052013721168979,0.1377932109871188,0.3106900947073592,0.0029554940665061924,0.006712962962963087,0.02306097543778537,0.20514842495241975,0.11598020916267011,0.11597404044841182,0.0,0.9999999987499999,0.6849762310940002,0.2795864810178704,0.2771838694518559,0.3900616508826086,calm,02,06,06,female,strong,671
50,1.6683333333333334,True,1.0,0.48351691856073653,0.4648298477362305,0.4741733831484835,1.13512369685889,-0.07361111111111113,-0.06861111111111107,0.3578691033852666,0.6792830133664227,0.14341562463473476,0.4177283801409611,0.018687070824506047,0.00500000000000006,0.023712986584930155,0.22542218518328627,0.1187641708856454,0.11396042482979019,0.0,0.9999999987499999,0.6878348657978816,0.2799379372193232,0.28332028697205974,0.3914003734468952,calm,02,06,06,female,strong,671
60,2.0020000000000002,True,1.0,0.4840065642126023,0.47746489728829067,0.4807357307504465,1.1980404971587195,-0.07101851851851848,-0.06606481481481474,0.39273693296459306,0.6193907810444612,0.14338849119420033,0.401268347681537,0.006541666924311629,0.004953703703703738,0.024151450142381237,0.23260617592461172,0.11689118561805384,0.1160450834190919,0.0,0.9999999987499999,0.6879457501125452,0.28154930881896856,0.2896769117888893,0.404167414435544,calm,02,06,06,female,strong,671
70,2.3356666666666666,True,1.0,0.4128788581189717,0.4224635142057155,0.41767118616234356,1.017073471588876,-0.07791666666666658,-0.07412037037037034,0.3642169909419882,0.5820636656343926,0.14752041669223076,0.4106597977723832,0.009584656086743804,0.003796296296296242,0.0280329513978824,0.2563535297380234,0.1169628476850022,0.11580845813103023,0.0,0.9999999987499999,0.6873163022552771,0.2801310145956378,0.27955141669479533,0.37964960742816517,calm,02,06,06,female,strong,671
80,2.6693333333333333,True,1.0,0.5082503060950918,0.48352707339911155,0.49588868974710165,1.3048548138027303,-0.07148148148148142,-0.0673611111111111,0.39194547146970554,0.6455144895635941,0.1441363905204568,0.380033613319735,0.024723232695980257,0.00412037037037033,0.02818143869272813,0.21417999055545256,0.11792331732685508,0.11549205052502275,0.0,0.9999999987499999,0.6862842712397458,0.28216051310519735,0.29093230059094644,0.4051901038087364,calm,02,06,06,female,strong,671
90,3.003,True,1.0,0.4755690686409734,0.4706331979671154,0.4731011333040444,1.1376354704057348,-0.06814814814814807,-0.06291666666666673,0.37995064225842345,0.5900900568503521,0.14762795000371506,0.41586355701032607,0.004935870673858034,0.005231481481481337,0.030951038082664507,0.2558624035549107,0.1182826121233729,0.11545455412459327,0.0,0.9999999987499999,0.6860056748089861,0.2814316927937301,0.28847839076164267,0.39940148283611754,calm,02,06,06,female,strong,671
100,3.336666666666667,True,1.0,0.6310222394028003,0.5714553505005031,0.6012387949516518,1.3506544324969378,-0.07240740740740742,-0.06648148148148147,0.30137389699990885,0.8188214907850101,0.1476878864958527,0.44514627908202187,0.05956688890229722,0.005925925925925946,0.018615782303812705,0.19158453514906978,0.11504173596057278,0.11706788590357169,0.0,0.9999999987499999,0.6859247742456357,0.2795736073452532,0.2795854638924207,0.37989828064621,calm,02,06,06,female,strong,671
110,3.6703333333333332,True,1.0,0.48400656421260285,0.4912989421637192,0.48765275318816104,1.1872394355073548,-0.06916666666666671,-0.06564814814814818,0.3604057933265974,0.6760015079753534,0.1441363905204568,0.41074507685955325,0.007292377951116369,0.003518518518518532,0.03314486732774789,0.23623247584332077,0.11800972413783235,0.11440893246369832,0.0,0.9999999987499999,0.6865515848448756,0.28018277825725685,0.2833901966749726,0.39162530792673556,calm,02,06,06,female,strong,671
120,4.0040000000000004,True,1.0,0.5618399881624281,0.5218573639517001,0.5418486760570641,0.860567859688895,-0.06967592592592592,-0.06574074074074071,0.3752941714478382,0.4944789609472625,0.1447741861054823,0.6296408469785851,0.03998262421072796,0.003935185185185208,0.02582331127477572,0.2946875816709535,0.11879983456171879,0.11475637568072791,0.0,0.9999999987499999,0.6902333128329456,0.27803245702617435,0.27601966727583915,0.37848872395697186,calm,02,06,06,female,strong,671
130,4.337666666666666,True,1.0,0.5416557895200808,0.5313032885829415,0.5364795390515111,0.8176014781569687,-0.06796296296296289,-0.06157407407407406,0.3722518271986735,0.4658135139358281,0.14757212517989937,0.6561626334884318,0.010352500937139242,0.006388888888888833,0.035980987983827296,0.31017392728683546,0.1171564158428533,0.11594174759415428,0.0,0.9999999987499999,0.690047659641982,0.2786321281169434,0.27670535961747733,0.3806722649013272,calm,02,06,06,female,strong,671
140,4.671333333333333,True,1.0,0.5197418662100483,0.5174830479305672,0.5186124570703077,0.8355981379808313,-0.06537037037037036,-0.06064814814814812,0.3842276515069744,0.4173408162632891,0.15244860396226464,0.6206481722464114,0.002258818279481045,0.004722222222222239,0.032347167966308786,0.31612931736405464,0.12479424143088776,0.10855888564732537,0.0,0.7071067807446058,0.6273316133640957,0.2609211036023523,0.30750330279192983,0.36614432852210466,calm,02,06,06,female,strong,671
0,0.0,True,1.0,0.5039038053758301,0.5143812167856233,0.5091425110807267,0.8825057832570691,-0.05226851851851855,-0.05032407407407413,0.49575381860124185,0.16754740144919247,0.1633294970234143,0.576928243123384,0.010477411409793191,0.0019444444444444153,0.005129987091896763,0.3277429275978438,0.11915848107594117,0.11421724428322552,0.0,0.9999999987499999,0.6210054603638331,0.2712490372057835,0.32216386170062844,0.3852893630157559,happy,03,06,06,female,normal,672
10,0.33366666666666667,True,1.0,0.4971711825706601,0.4592311866903437,0.4782011846305019,0.9275917249626938,-0.05268518518518517,-0.05129629629629634,0.4845980508244681,0.22623656127734557,0.15711983601853374,0.5155298088172728,0.037939995880316435,0.0013888888888888284,0.0005863152981920201,0.3089225534857664,0.11940688005358831,0.11479041439828575,0.0,0.9999999987499999,0.621694306597639,0.2703250264744441,0.3103569235375461,0.36529681974980016,happy,03,06,06,female,normal,672
20,0.6673333333333333,True,1.0,0.4686246813143796,0.46760887723288785,0.4681167792736337,1.0139816787128562,-0.06185185185185188,-0.05958333333333338,0.48604043886227816,0.3531846296640282,0.14529072567886725,0.4616619699360437,0.0010158040814917668,0.002268518518518503,0.005321711701106497,0.2907303370786513,0.12192900848788644,0.11329115924995707,0.0,0.9999999987499999,0.6319316440716912,0.27259152674717385,0.3285723333457764,0.3858240502802573,happy,03,06,06,female,normal,672
30,1.0010000000000001,True,1.0,0.5064611953540719,0.5092262476288135,0.5078437214914426,0.968619284032372,-0.04884259259259255,-0.04583333333333339,0.4967758925564924,0.16523143636352994,0.16111300529448044,0.5242965217224295,0.002765052274741664,0.003009259259259156,0.0059710877816760675,0.29778759717471476,0.11672722237933275,0.1173520082886656,0.0,0.9999999987499999,0.627125083541229,0.2729644550598162,0.31594348240667663,0.37633573175661034,happy,03,06,06,female,normal,672
40,1.3346666666666667,True,1.0,0.4524593460875864,0.45270780874916206,0.45258357741837424,1.060779637247279,-0.06078703703703703,-0.058240740740740704,0.40322209644981366,0.49593568846693625,0.1576626020867475,0.4266518337331848,0.00024846266157563246,0.0025462962962963243,0.0005270794235549782,0.270284995891293,0.12082809681394528,0.11446458358298765,0.0,0.9999999987499999,0.6333435767119348,0.27198093361712344,0.30154930446314643,0.3682846575219979,happy,03,06,06,female,normal,672
50,1.6683333333333334,True,1.0,0.5732318735335026,0.5732318735335015,0.573231873533502,1.047415886982547,-0.05458333333333337,-0.05199074074074078,0.4334219566812223,0.3576457906745688,0.16042855619156474,0.5472820115273407,1.1102230246251565e-15,0.002592592592592591,0.010122873674951016,0.27438378824180554,0.12364398392701573,0.11158780874912817,0.0,0.6505163953059137,0.6270165776466838,0.26825709618061655,0.31858248972065195,0.3793005969656927,happy,03,06,06,female,normal,672
60,2.0020000000000002,True,1.0,0.5637551957212201,0.5118479025631447,0.5378015491421824,0.9221003733433559,-0.05268518518518517,-0.05171296296296296,0.46323169220948796,0.29724789997621953,0.16043996930654494,0.5832353664408777,0.05190729315807541,0.0009722222222222077,0.018479873894607205,0.3111250909813715,0.11767591786373809,0.11574411802961689,0.0,0.9999999987499999,0.6282284402667317,0.2718853107165957,0.3083184748279175,0.3743547299215376,happy,03,06,06,female,normal,672
70,2.3356666666666666,True,1.0,0.5710011603116261,0.5473547260353792,0.5591779431735027,0.9197719295871376,-0.04592592592592587,-0.04379629629629633,0.42178290354522574,0.3246253869131073,0.16598371379942176,0.6079528252449534,0.023646434276246908,0.002129629629629537,0.015716641903782476,0.3229452969876682,0.11986769076396644,0.11364049965762905,0.0,0.7538305612597385,0.6336932858143257,0.2729096822709667,0.28651856461164094,0.34987510946114286,happy,03,06,06,female,normal,672
80,2.6693333333333333,True,1.0,0.5064611953540732,0.5180980083097139,0.5122796018318936,0.8772650478751677,-0.05041666666666672,-0.048240740740740695,0.49498059392753846,0.17089578854711004,0.16327343339026867,0.5839507718593041,0.011636812955640674,0.0021759259259260255,0.017534499604964927,0.34334415584415623,0.11884186253454232,0.11521002562022475,0.0,0.9999999987499999,0.6260141499881202,0.2727123539691217,0.31709735687488694,0.37476557158994284,happy,03,06,06,female,normal,672
90,3.003,True,1.0,0.5064288780935042,0.5290632645601627,0.5177460713268335,0.8776044003249103,-0.05097222222222225,-0.048842592592592604,0.5016190515752686,0.18564225746461752,0.16184374386358774,0.5899538233116782,0.022634386466658496,0.002129629629629648,0.0032191913520265877,0.3389334944706013,0.11984313794374928,0.11483369005767508,0.0,0.9999999987499999,0.6277815912771358,0.2730668906774179,0.3140650481783114,0.3720241440424694,happy,03,06,06,female,normal,672
100,3.336666666666667,True,1.0,0.5055266407499387,0.4976219524427684,0.5015742965963536,0.8831671611640298,-0.05250000000000005,-0.04856481481481484,0.504687194299176,0.167672966801613,0.16042094699714268,0.5679267964801474,0.007904688307170282,0.003935185185185208,0.004950440220991338,0.33485726080537415,0.11989255007488782,0.11361427237938149,0.0,0.7071067807446058,0.6357839090792567,0.2739709904009082,0.3143773338064872,0.3745892335819459,happy,03,06,06,female,normal,672
0,0.0,True,1.0,0.49930348890879545,0.4822581490319453,0.4907808189703704,0.8677282564173918,-0.05856481481481479,-0.05435185185185182,0.5027433020607179,0.1951616849809913,0.16047420378119986,0.5655927594160269,0.01704533987685014,0.004212962962962974,0.023929915115057855,0.33245814025719483,0.11961177867710099,0.11540530482207939,0.0,0.9999999987499999,0.6254319049729267,0.26953460416155994,0.3220810148836417,0.37680485608296077,happy,03,06,06,female,normal,673
10,0.33366666666666667,True,1.0,0.49588852572313863,0.4905729447049094,0.49323073521402405,0.898809308517065,-0.05740740740740741,-0.05398148148148152,0.4936902314231038,0.22742708045234414,0.15974562616311458,0.5487601547293716,0.00531558101822921,0.003425925925925888,0.020016021198836793,0.31961356621732295,0.12008671096384561,0.11407902564351381,0.0,0.9999999987499999,0.6268496267256903,0.2738253106971886,0.31303297628532817,0.3801656916400165,happy,03,06,06,female,normal,673
20,0.6673333333333333,True,1.0,0.41378519060620594,0.41083940138798,0.41231229599709296,0.9807732095132431,-0.06305555555555553,-0.060416666666666674,0.4869026630089393,0.38562801779520683,0.14514099152018958,0.4203951453789436,0.0029457892182259693,0.0026388888888888573,0.012950495093074504,0.3035242337862617,0.12124712474996546,0.11385341745888129,0.0,0.9999999987499999,0.6249516489408263,0.2672644790802936,0.3313587174857822,0.37971155047077776,happy,03,06,06,female,normal,673
30,1.0010000000000001,True,1.0,0.49641396122948406,0.47537684637286987,0.48589540380117696,1.004846443952829,-0.06611111111111118,-0.0597685185185185,0.5061936252806748,0.27051490980759985,0.17305956225436833,0.48355189663584713,0.021037114856614192,0.006342592592592677,0.013843531265118643,0.2907075194683318,0.11207945547571925,0.12226710839784025,0.0,0.9999999987499999,0.630225435502326,0.27904141694421386,0.2859283836608955,0.3585366324211564,happy,03,06,06,female,normal,673
40,1.3346666666666667,True,1.0,0.49139826654845126,0.5068968775248522,0.4991475720366517,0.9600144837988459,-0.0538425925925925,-0.05217592592592585,0.4248778970195055,0.3813642953789447,0.1666831453442137,0.5199375430894428,0.015498610976400984,0.0016666666666666496,0.008661959090378066,0.30821002832315875,0.115426769092767,0.11570448658020725,0.0,0.8396326997601281,0.6360129483433999,0.2745769093035148,0.29254321283389884,0.35583467179775957,happy,03,06,06,female,normal,673
50,1.6683333333333334,True,1.0,0.5222212109300644,0.5250284198189136,0.5236248153744889,1.1220054340380017,-0.05314814814814811,-0.05134259259259266,0.4264413981598501,0.3847998850707606,0.16249999999999998,0.4666865235135341,0.002807208888849222,0.0018055555555554492,0.018546734899946203,0.2550381158064841,0.11092409458420811,0.12002796539844678,0.0,0.9999999987499999,0.6891967831273135,0.28457734272450624,0.28028202934696145,0.40934190331268216,happy,03,06,06,female,normal,673
60,2.0020000000000002,True,1.0,0.5135725389031898,0.53798609183374,0.5257793153684649,1.154824903970015,-0.055092592592592526,-0.05152777777777778,0.4426193470005438,0.3913267573588393,0.16253802514839602,0.4552892075335057,0.024413552930550253,0.003564814814814743,0.007749327833317955,0.25022724352806613,0.1130082765233991,0.11887184869634837,0.0,0.9999999987499999,0.6318530714238821,0.27742508824036,0.2921358855205629,0.36600140671141795,happy,03,06,06,female,normal,673
70,2.3356666666666666,True,1.0,0.5393344300182031,0.5468710855324366,0.5431027577753198,0.9507563224875425,-0.05231481481481487,-0.05115740740740743,0.424836438296214,0.334762847196556,0.1638893544106059,0.5712323388545606,0.007536655514233437,0.0011574074074074403,0.016884799558038163,0.29447491722699715,0.12011194775541009,0.1130457365975794,0.0,0.9999999987499999,0.6356331723470638,0.2721417365229466,0.3010428907395598,0.37280496662437085,happy,03,06,06,female,normal,673
80,2.6693333333333333,True,1.0,0.49139826654845126,0.4813292781723617,0.4863637723604065,0.8822496936787945,-0.05319444444444449,-0.05189814814814814,0.48579383159532374,0.20623468525930072,0.15837235890010937,0.5512767823498725,0.01006898837608955,0.001296296296296351,0.019274860344628754,0.3289814217332879,0.11702664323054643,0.11689054333048503,0.0,0.9999999987499999,0.6287497695953382,0.2740468288770467,0.31369402245642486,0.37804954388075573,happy,03,06,06,female,normal,673
90,3.003,True,1.0,0.505803651217454,0.4723559169561589,0.4890797840868064,0.8667504678821748,-0.053518518518518576,-0.05217592592592596,0.5060672794350212,0.20043604569775317,0.15903977113352458,0.5642682666002223,0.03344773426129505,0.0013425925925926174,0.010309900076367989,0.3307050721210105,0.11940105181402892,0.11578797326493644,0.0,0.7621192267999173,0.6251621473667591,0.27660576157486894,0.3124255247429887,0.38098259622993763,happy,03,06,06,female,normal,673
100,3.336666666666667,True,1.0,0.4659271851840667,0.460197500507989,0.4630623428460279,0.8671577246200229,-0.05379629629629634,-0.05101851851851846,0.5093156447378392,0.1680118091451298,0.1598158174217041,0.5340001359601977,0.005729684676077651,0.002777777777777879,0.009700210998384593,0.3307050721210105,0.12125919750975166,0.11417478198621715,0.0,0.9999999987499999,0.6269929201289891,0.27640848528834666,0.31042982492703636,0.37494988003504515,happy,03,06,06,female,normal,673
0,0.0,True,1.0,0.5265511591461767,0.5519934687442118,0.5392723139451943,0.7900182859162044,-0.056944444444444464,-0.05305555555555558,0.4704460964296024,0.19747754775266713,0.1590354536296491,0.6826073820807659,0.025442309598035173,0.003888888888888886,0.009199256997770128,0.3568636134272086,0.12079538598833145,0.11449910304758436,0.0,0.9999999987499999,0.6262664477509755,0.2688511519450078,0.31094690074634806,0.3686962596988343,happy,03,06,06,female,normal,674
10,0.33366666666666667,True,1.0,0.5031547608171596,0.5056522335633417,0.5044034971902507,0.8707865315053328,-0.059027777777777735,-0.055833333333333346,0.4672109052347833,0.2529695578114054,0.15839162723834257,0.5792504579948957,0.002497472746182061,0.0031944444444443887,0.007055129309916164,0.3355109139060445,0.11958117624707776,0.114774947077372,0.0,0.9999999987499999,0.6300546595122425,0.2696006595410542,0.31315031072139593,0.3733605182889942,happy,03,06,06,female,normal,674
20,0.6673333333333333,True,1.0,0.5286583545978712,0.5076981253926681,0.5181782399952697,1.0593297130934698,-0.05634259259259261,-0.05342592592592593,0.4794903162709461,0.2824824063109718,0.15764663236610377,0.4891567125801448,0.02096022920520313,0.0029166666666666785,0.003132338729478175,0.28124450699686526,0.12008999155250531,0.11490759726305327,0.0,0.7071067807446058,0.6323669090995774,0.2765189895467107,0.32836248196740975,0.4000316060288758,happy,03,06,06,female,normal,674
30,1.0010000000000001,True,1.0,0.5114164699790085,0.5290632645601628,0.5202398672695856,1.015057222412801,-0.05319444444444443,-0.04958333333333326,0.4266246507946346,0.3539344262360424,0.16180602707109712,0.5125226989991464,0.017646794581154368,0.003611111111111176,0.000592369251339421,0.3037390794207797,0.1162235288836262,0.11655040989714996,0.0,0.9999999987499999,0.6415302041676046,0.2740320274510914,0.2976009325646218,0.36851789448579614,happy,03,06,06,female,normal,674
40,1.3346666666666667,True,1.0,0.5235300380728489,0.5173735586242568,0.5204517983485528,0.9707566840683924,-0.05625000000000002,-0.0524074074074074,0.4121496212597098,0.4160251471689213,0.15903209549004216,0.5361300178406864,0.0061564794485921,0.0038425925925926196,0.0035270187398032463,0.29765482103038093,0.1168653165796031,0.11705183521280821,0.0,0.9999999987499999,0.6400354110863096,0.2714563260136551,0.2912925047089349,0.3638936354092209,happy,03,06,06,female,normal,674
50,1.6683333333333334,True,1.0,0.4918986109688244,0.49063776839149525,0.49126818968015984,1.1193814737098537,-0.05217592592592596,-0.04925925925925928,0.4398198543581975,0.3602305880653615,0.16041856904986693,0.43887468322304724,0.0012608425773291687,0.0029166666666666785,0.00688188925069664,0.258599070169925,0.12018277308560944,0.11481055279404427,0.0,0.9999999987499999,0.6398766567173744,0.2725328141047064,0.30855455748254756,0.3858151433318985,happy,03,06,06,female,normal,674
60,2.0020000000000002,True,1.0,0.5149213269005677,0.49113686194886114,0.5030290944247144,0.9342326127104745,-0.05643518518518509,-0.05379629629629645,0.4680770923547259,0.33364560201412424,0.15694638891525292,0.5384409488395872,0.023784464951706552,0.0026388888888886353,0.007040302611156771,0.3289814217332884,0.11122611385626067,0.11958894132023795,0.0,0.9999999987499999,0.6855091882768732,0.2845273657593351,0.27709441851605193,0.40339623075690634,happy,03,06,06,female,normal,674
70,2.3356666666666666,True,1.0,0.4926409131179211,0.48002817136739223,0.48633454224265665,0.9938745400267356,-0.05592592592592588,-0.05356481481481484,0.4328015522752158,0.38721351490823386,0.1583569425414784,0.4893319253651211,0.012612741750528844,0.002361111111111036,0.00912933050042069,0.30708472242053686,0.1173517416157771,0.11689059406666216,0.0,0.9999999987499999,0.6341457720744548,0.2760029710979357,0.3079065409950576,0.377379519480802,happy,03,06,06,female,normal,674
80,2.6693333333333333,True,1.0,0.4580244371030419,0.4655413138979607,0.46178287550050134,0.8716511316390156,-0.05004629629629631,-0.04888888888888876,0.4920253380867211,0.14335974643486282,0.1646741656656369,0.5297794710966353,0.007516876794918803,0.0011574074074075513,0.014661500962110286,0.3333098890793441,0.12026064522646618,0.11372825288406381,0.0,0.9999999987499999,0.6291975845885229,0.27587228340172876,0.30942669514931137,0.3760875611904533,happy,03,06,06,female,normal,674
90,3.003,True,1.0,0.45512687359234333,0.4209791676556089,0.4380530206239761,0.8329493904166821,-0.04597222222222225,-0.046064814814814725,0.4940412516946045,0.0855668318084045,0.16505733431481046,0.5259059261749871,0.03414770593673444,9.259259259247754e-05,0.004004700474344283,0.3401058699048957,0.11671991076291086,0.11719682921312675,0.0,0.9999999987499999,0.6233748395999024,0.27686038195179385,0.27824254355176514,0.3448784742181371,happy,03,06,06,female,normal,674
100,3.336666666666667,True,1.0,0.4846457810872105,0.47845904849995147,0.481552414793581,0.821194820838032,-0.045879629629629604,-0.04527777777777775,0.5000553695623349,0.07874237124112274,0.16889642085184187,0.5864045931295028,0.006186732587259047,0.0006018518518518534,0.013941075235791488,0.3547061337759238,0.1163686221451787,0.11574901599177902,0.0,0.9999999987499999,0.6238955431547619,0.27418581715901263,0.2979886409710173,0.36653076432625237,happy,03,06,06,female,normal,674
0,0.0,True,1.0,0.4565355784784302,0.4590699083046491,0.45780274339153965,0.8208352879854016,-0.052268518518518436,-0.047962962962963096,0.49956398164978316,0.12582956424605138,0.16606229486534624,0.5577279024091878,0.0025343298262189284,0.00430555555555534,0.0021211537251626307,0.35341778166372756,0.12133429643413762,0.11308863181688698,0.0,0.7071067807446058,0.6135967786958533,0.26590364932475424,0.31960631532015116,0.3627978128644522,happy,03,06,06,female,normal,675
10,0.33366666666666667,True,1.0,0.42926340111503586,0.42097916765560883,0.4251212843853224,0.9106383744317366,-0.05615740740740749,-0.05421296296296296,0.49390532140038346,0.20845459989670215,0.1646500721753899,0.4668387543525274,0.008284233459427026,0.0019444444444445264,0.013286217294502092,0.31851678185924315,0.11627670704864122,0.11714969014702897,0.0,0.9999999987499999,0.62207668704982,0.27005214927191906,0.32697746703495456,0.3894540616082092,happy,03,06,06,female,normal,675
20,0.6673333333333333,True,1.0,0.4684900318380121,0.47040068623320797,0.46944535903561,0.9329815797746502,-0.04643518518518536,-0.04518518518518516,0.48829074836440567,0.11946434276858359,0.17227581653246088,0.5031668033028032,0.0019106543951958876,0.0012500000000001954,0.007492649654430079,0.30892255348576664,0.11694330968197267,0.11664771224333172,0.0,0.9999999987499999,0.6086109939210058,0.27571857544708217,0.31114119352238967,0.37757481743190885,happy,03,06,06,female,normal,675
30,1.0010000000000001,True,1.0,0.5131396526366012,0.5058036512174539,0.5094716519270275,0.9506426488719569,-0.058425925925925826,-0.055277777777777815,0.4471436389403985,0.345679012345679,0.15837235890010942,0.5359234119482985,0.007336001419147364,0.003148148148148011,0.0012599967802581465,0.31438333882570063,0.11874006940453584,0.11531493490480016,0.0,0.9999999987499999,0.6283887567839636,0.2683561825426234,0.3161966396964667,0.3784106579879719,happy,03,06,06,female,normal,675
40,1.3346666666666667,True,1.0,0.4898061324929959,0.4896537434974007,0.4897299379951983,0.9654899812643776,-0.057685185185185006,-0.05472222222222223,0.42618615627869244,0.3797487123483096,0.15975278994936187,0.5072346140286844,0.00015238899559522068,0.0029629629629627785,0.0012570938195336876,0.2999915628559405,0.11905650165641823,0.11382249371120487,0.0,0.9999999987499999,0.6243865396392932,0.26803774802855573,0.3209236027079933,0.3832647266036791,happy,03,06,06,female,normal,675
50,1.6683333333333334,True,1.0,0.3842656026108031,0.37115537175277946,0.3777104871817913,1.1892270343242106,-0.06879629629629636,-0.06810185185185186,0.418379247306506,0.5749669379386253,0.15140148736481412,0.31761007467882596,0.013110230858023653,0.0006944444444444975,0.013879852963204518,0.2472338550058599,0.1234777830987295,0.11091614474994271,0.0,0.6565944592038687,0.6352736393307323,0.2673035064935684,0.3295785168405303,0.394880989871401,happy,03,06,06,female,normal,675
60,2.0020000000000002,True,1.0,0.4523623157790031,0.42876450445204145,0.44056341011552225,0.97018548950119,-0.06305555555555553,-0.06125000000000003,0.4679171183868182,0.3915718981523292,0.15209135966263096,0.45410224630553175,0.02359781132696165,0.0018055555555555047,0.0015080507200772387,0.305200766991015,0.1216382426218285,0.11360329135531531,0.0,0.9999999987499999,0.6292806140268606,0.2666328331223058,0.3296315144759132,0.38504158456357684,happy,03,06,06,female,normal,675
70,2.3356666666666666,True,1.0,0.49000317090106577,0.4926409131179216,0.4913220420094937,1.0166563227378491,-0.06111111111111117,-0.060833333333333295,0.4231084717237352,0.46266084735672663,0.1527782771555128,0.48327249929097627,0.0026377422168558096,0.0002777777777778767,0.015829828947133705,0.28956878015861726,0.11836500492477567,0.11520482655058929,0.0,0.9999999987499999,0.631425215304872,0.26858580348795025,0.3215856450062801,0.3875875704486155,happy,03,06,06,female,normal,675
80,2.6693333333333333,True,1.0,0.5070723692454152,0.49024534571696315,0.4986588574811892,0.8463286532719494,-0.0537962962962964,-0.054768518518518494,0.4910330474761519,0.1972770437742755,0.16043378730338248,0.5892023808402904,0.016827023528452056,0.0009722222222220966,0.0427302356646642,0.3395185157460022,0.12035545803051313,0.11396275668758055,0.0,0.7071067807446058,0.6236760339526435,0.26902431567382984,0.32357243909536026,0.38713624181717676,happy,03,06,06,female,normal,675
90,3.003,True,1.0,0.5398394387618328,0.5028976941944824,0.5213685664781575,0.8359144918755631,-0.04879629629629634,-0.04986111111111108,0.49635315479408043,0.1354910858663005,0.16322436191491407,0.6237104052453372,0.03694174456735044,0.0010648148148147407,0.0417771689715646,0.3518418936240299,0.12151591318438616,0.11221638556812366,0.0,0.9999999987499999,0.6208043862310548,0.2741635999757314,0.32067348677128465,0.38497468065284535,happy,03,06,06,female,normal,675
100,3.336666666666667,True,1.0,0.5388927783889392,0.5191445547708555,0.5290186665798974,0.805525641524859,-0.043333333333333224,-0.0440740740740741,0.4874238267093005,0.06235097336023757,0.16945164844089422,0.6567372151908979,0.019748223618083705,0.000740740740740875,0.05354066529559499,0.3573449464474722,0.11475389973399724,0.1160439651095483,0.0,0.9999999987499999,0.6196596151898259,0.2725369430362798,0.3048682531670415,0.3758181204828961,happy,03,06,06,female,normal,675
0,0.0,True,1.0,0.47972426272899726,0.4592311866903449,0.4694777247096711,0.9476734628924468,-0.053981481481481464,-0.051296296296296284,0.4962258615697966,0.17277699748756842,0.1681209160376437,0.4954003072711903,0.020493076038652358,0.0026851851851851793,0.004517170865266717,0.3052596083017862,0.12332409029365264,0.11160033459127483,0.0,0.9999999987499999,0.6247543731711435,0.27225802811844224,0.32909661521898986,0.3882089005515338,happy,03,06,06,female,strong,676
10,0.33366666666666667,True,1.0,0.46697973906956797,0.49544412487691974,0.48121193197324386,0.9488188243153443,-0.05495370370370373,-0.052592592592592524,0.5046051931707618,0.20176032471073427,0.1604166666666667,0.5071694612725252,0.028464385807351777,0.0023611111111112026,0.003941618082231415,0.3103448275862067,0.11854380545762058,0.11633840388975569,0.0,0.7321839529222813,0.6250264767860269,0.27403818276648934,0.3237454250965054,0.38734283902651034,happy,03,06,06,female,strong,676
20,0.6673333333333333,True,1.0,0.48911482690655017,0.5058986152029943,0.4975067210547722,1.051510369818865,-0.05717592592592585,-0.05319444444444443,0.5032677362081254,0.2628054207000168,0.15981581742170403,0.4731353444859261,0.016783788296444113,0.003981481481481419,0.0073153383765819984,0.27610169964306386,0.11670251717232132,0.11802405080923205,0.0,0.9999999987499999,0.6275214833667841,0.2714457760203706,0.3298173759876108,0.3975472465750922,happy,03,06,06,female,strong,676
30,1.0010000000000001,True,1.0,0.4004795526756062,0.4354878477113699,0.4179837001934881,1.0753462722514509,-0.06583333333333341,-0.05962962962962953,0.516689069737686,0.19748330516529683,0.18410901721640272,0.38869684210496797,0.03500829503576369,0.006203703703703878,0.021073660756107362,0.26992331002840864,0.11183071824581041,0.12296036936785677,0.0,0.9999999987499999,0.6292158201796344,0.27706320165595494,0.2662001335297196,0.3354910548210402,happy,03,06,06,female,strong,676
40,1.3346666666666667,True,1.0,0.548289531802583,0.5666788357099385,0.5574841837562607,0.9644854926829701,-0.05833333333333324,-0.05361111111111111,0.43503831318680997,0.2601287731781859,0.1889034290576577,0.5780119949813571,0.018389303907355492,0.004722222222222128,7.837897268381132e-05,0.3193077357671728,0.11896436892406474,0.11590831272309408,0.0,0.7071067807446058,0.607620117898722,0.26933003362945457,0.32791051674498944,0.37556032109228926,happy,03,06,06,female,strong,676
50,1.6683333333333334,True,1.0,0.5280040982257093,0.5379860918337399,0.5329950950297246,1.0567210567210565,-0.053888888888888875,-0.051527777777777894,0.4482132237038434,0.33566433566433534,0.16394520742004082,0.504385799487688,0.009981993608030648,0.0023611111111109806,0.002721142898297367,0.27157847101152055,0.11529905147867817,0.11811202831023655,0.0,0.9999999987499999,0.6666022129476791,0.284626059046464,0.2976646898971304,0.4170313187723781,happy,03,06,06,female,strong,676
60,2.0020000000000002,True,1.0,0.5661511007963178,0.5621460122385461,0.564148556517432,0.9070070504991178,-0.05986111111111114,-0.05699074074074073,0.4546185557209332,0.28190759677675287,0.17295240163192796,0.621989163377491,0.004005088557771708,0.002870370370370412,0.01059322417589491,0.3192567567567571,0.11615210410683513,0.11888671368289852,0.0,0.9999999987499999,0.6716026626822603,0.2834939448944729,0.29959387389350567,0.42383073824531836,happy,03,06,06,female,strong,676
70,2.3356666666666666,True,1.0,0.5441490802548443,0.5253132518145438,0.5347311660346941,1.2292502756843486,-0.060185185185185175,-0.056342592592592666,0.45297614716133616,0.3600834140893552,0.17296078283869326,0.4350059354162018,0.018835828440300517,0.0038425925925925086,0.012856463973428676,0.2500000000000002,0.11555819532005407,0.11785849989561678,0.0,0.9999999987499999,0.6154383303321328,0.2801316885189276,0.3077073192224535,0.3785309232177883,happy,03,06,06,female,strong,676
80,2.6693333333333333,True,1.0,0.5092262476288115,0.5287018718722742,0.5189640597505429,0.9000017904227643,-0.04833333333333317,-0.04726851851851843,0.5039375352134652,0.1462358323049405,0.16737752141912068,0.5766255859410749,0.01947562424346272,0.0010648148148147407,0.020855974026154668,0.32340552422789615,0.11585061679733508,0.11675802907411793,0.0,0.9999999987499999,0.6233747313847415,0.2733757248674002,0.3152211075308739,0.3786529377349369,happy,03,06,06,female,strong,676
90,3.003,True,1.0,0.4817875947097284,0.48097525523162216,0.48138142497067526,0.8497255776653045,-0.04958333333333337,-0.04847222222222236,0.4999999999999998,0.15093396204763512,0.15912178144899206,0.5665139871313665,0.0008123394781062165,0.0011111111111110072,0.01209978288966586,0.3478523146520796,0.12052755999725116,0.11411512329899628,0.0,0.9999999987499999,0.6281209671993797,0.2749207029374347,0.3185130488238406,0.38787625387363733,happy,03,06,06,female,strong,676
100,3.336666666666667,True,1.0,0.4963799848926485,0.49595088002791393,0.4961654324602812,0.8534748887897939,-0.048703703703703805,-0.04703703703703699,0.5042113950416859,0.12582956424605143,0.16817173440589359,0.5813474291713859,0.0004291048647345752,0.0016666666666668162,0.0006553383501611316,0.3614780549052321,0.11549078883987797,0.11888996543734451,0.0,0.9999999987499999,0.6581170450758429,0.2863831195296798,0.2942575833995925,0.40636662531123385,happy,03,06,06,female,strong,676
0,0.0,True,1.0,0.5278664892055254,0.5269463098106435,0.5274063995080844,0.8575523878255656,-0.04722222222222222,-0.04601851851851857,0.4868449333560596,0.13147657585037736,0.16954572253075872,0.6150136213198487,0.0009201793948818704,0.0012037037037036513,0.005673810365685962,0.3472720338297737,0.11843890079541945,0.11562424085009103,0.0,0.9999999987499999,0.6258819783147634,0.2724508924622394,0.3054818176405706,0.3690646898931793,happy,03,06,06,female,strong,677
10,0.33366666666666667,True,1.0,0.46928128449357265,0.49700876384429393,0.4831450241689333,0.8627324061775755,-0.05199074074074084,-0.04967592592592596,0.483920775861121,0.17023417394479837,0.16678381299687858,0.5600172437124008,0.027727479350721285,0.0023148148148148806,0.007977431451011829,0.35614870088165407,0.11805328828147338,0.116509532924433,0.0,0.9999999987499999,0.6689699136685925,0.2842903736467466,0.29653749783819716,0.41271605294574987,happy,03,06,06,female,strong,677
20,0.6673333333333333,True,1.0,0.5136030993198553,0.4916322457763772,0.5026176725481162,0.9913170635152245,-0.053333333333333344,-0.0491666666666668,0.4904769064541605,0.21468056484650733,0.16527823938755853,0.5070200958367717,0.021970853543478053,0.004166666666666541,0.0219812608860248,0.3006751411404834,0.11373274150687271,0.12057283979971879,0.0,0.9999999987499999,0.6654159079022233,0.28834106254766867,0.29660022260301894,0.41321157617762744,happy,03,06,06,female,strong,677
30,1.0010000000000001,True,1.0,0.5230661431198045,0.5223074161718229,0.5226867796458137,1.0685937919134758,-0.06120370370370365,-0.06000000000000005,0.5074111695672039,0.196272329126965,0.18620332423026978,0.4891351452733647,0.000758726947981625,0.0012037037037035958,0.0041718812862400955,0.28717114451704906,0.10745501620438261,0.12236734446622953,0.0,0.9999999987499999,0.6094308639158789,0.2693804194128656,0.2988765945432595,0.35790850176337113,happy,03,06,06,female,strong,677
40,1.3346666666666667,True,1.0,0.538199082321851,0.5502096654762663,0.5442043738990586,0.9253949889761411,-0.06222222222222218,-0.05958333333333338,0.4370523215654457,0.27508564179649325,0.19311245476953115,0.5880779347002596,0.012010583154415277,0.002638888888888802,0.006191109804710968,0.3346936730766357,0.11870535900787538,0.11617355884426828,0.0,0.9999999987499999,0.6199068476765706,0.2712277099072985,0.31697074405495573,0.3733575682026201,happy,03,06,06,female,strong,677
50,1.6683333333333334,True,1.0,0.5382062772422485,0.5380193884875833,0.5381128328649158,1.101606760094299,-0.05925925925925918,-0.05569444444444438,0.4687858384376014,0.26649826664724097,0.184815128325867,0.4884799661349688,0.00018688875466510435,0.0035648148148147984,0.0019849131685748035,0.28506561883737613,0.12091763645938741,0.11403634145647495,0.0,0.834082255772912,0.6202216761470213,0.27259709212648287,0.3360142204196563,0.39058671623882424,happy,03,06,06,female,strong,677
60,2.0020000000000002,True,1.0,0.5632921555419563,0.5825988710098053,0.5729455132758808,0.9572931480387684,-0.06189814814814815,-0.05740740740740746,0.44824785914802945,0.292129717979985,0.1819951757573897,0.598505812404162,0.01930671546784901,0.004490740740740684,0.003023111809881584,0.3143581771785496,0.11194370579911954,0.12082473832860983,0.0,0.9999999987499999,0.6693016006324405,0.2855694816225409,0.2881536753529768,0.40253565392996904,happy,03,06,06,female,strong,677
70,2.3356666666666666,True,1.0,0.5407136020451346,0.531303288582941,0.5360084453140378,1.0566625420444093,-0.05805555555555558,-0.05555555555555558,0.4483035407003506,0.32942287346679244,0.17581989565755235,0.5072654929898238,0.009410313462193676,0.0025000000000000022,0.00841215741924368,0.29140766371977816,0.11971694395072141,0.11513084453407402,0.0,0.9999999987499999,0.6681689027251526,0.28167338230143607,0.29501735379410243,0.4025375769207852,happy,03,06,06,female,strong,677
80,2.6693333333333333,True,1.0,0.5376042701510833,0.5142980935042926,0.5259511818276879,0.9049556448772544,-0.04606481481481478,-0.04546296296296293,0.5046969671977739,0.12691451117181046,0.1709208442652337,0.5811900116928121,0.02330617664679069,0.0006018518518518534,0.016827221007473456,0.3363492027289242,0.11804785590912736,0.11618754647943656,0.0,0.9999999987499999,0.6134440977015806,0.27446998218368607,0.3157604376761524,0.37379793329151284,happy,03,06,06,female,strong,677
90,3.003,True,1.0,0.499303488908796,0.4882767752925494,0.4937901321006727,0.8753577364771462,-0.04624999999999996,-0.04444444444444451,0.5141685850146854,0.1148878630072635,0.1688806099005763,0.5641009515582942,0.011026713616246575,0.0018055555555554492,0.010444004222462394,0.3384162939774035,0.11806894090016727,0.11616611999983426,0.0,0.9999999987499999,0.6195907672756602,0.274058527262533,0.3105904590795178,0.3812461622501833,happy,03,06,06,female,strong,677
100,3.336666666666667,True,1.0,0.49323116210926693,0.48752773073387684,0.4903794464215719,0.8868926348543403,-0.048240740740740806,-0.04648148148148151,0.5042008051430203,0.134714453751717,0.16467416566563683,0.5529186139899671,0.005703431375390089,0.0017592592592592937,0.002522906603900175,0.33559962199888704,0.11955831140818096,0.11529556888766179,0.0,0.7071067807446058,0.6343633787421219,0.2746869386308398,0.31836690072101753,0.38673334870265613,happy,03,06,06,female,strong,677
0,0.0,True,1.0,0.49782820957138885,0.47353623194148703,0.48568222075643797,0.9699466325388008,-0.0521759259259259,-0.05148148148148152,0.5078477815042428,0.18320856344446165,0.16716357154864322,0.5007308695790634,0.024291977629901818,0.0006944444444443865,0.003932555281893724,0.29562942965000355,0.12281260241446205,0.11182272899847646,0.0,0.7071067807446058,0.614212819838873,0.27460458567047374,0.306093200766381,0.35851040204362566,happy,03,06,06,female,strong,678
10,0.33366666666666667,True,1.0,0.461581213164211,0.4822581490319447,0.47191968109807786,0.9516562406273041,-0.055324074074074026,-0.05203703703703716,0.5058747672346532,0.21674921082776005,0.15997470820647117,0.4958930136232828,0.02067693586773367,0.0032870370370368662,0.014394203727862787,0.3132646542570758,0.11817977529101283,0.1168713082473523,0.0,0.9999999987499999,0.6178750515987645,0.2706019893621369,0.34625278438569945,0.4054190328512056,happy,03,06,06,female,strong,678
20,0.6673333333333333,True,1.0,0.46027432667754464,0.44457035031032316,0.4524223384939339,1.0060228846117443,-0.05754629629629621,-0.0553703703703704,0.501522581456714,0.2812485652672213,0.15784072241263,0.44971376438274346,0.015703976367221484,0.0021759259259258035,0.003942993207682233,0.28508126066351164,0.11262131501601176,0.11907863969472574,0.0,0.9999999987499999,0.6192302252307172,0.2741225913172382,0.28902680929248603,0.3420448438954559,happy,03,06,06,female,strong,678
30,1.0010000000000001,True,1.0,0.500202306388511,0.5143812167856233,0.5072917615870671,1.1860870739837577,-0.061388888888888826,-0.06115740740740744,0.4564941439502035,0.40350737466585646,0.17804579664582248,0.42770195604881367,0.014178910397112277,0.00023148148148138814,0.002639954699137269,0.26754374465384184,0.11297725088137492,0.12049301736674008,0.0,0.9999999987499999,0.6681126074648609,0.2835059636988053,0.29254750355109466,0.39888813176260146,happy,03,06,06,female,strong,678
40,1.3346666666666667,True,1.0,0.4524926178003923,0.48519079286221883,0.46884170533130554,0.983942562548876,-0.058333333333333404,-0.056944444444444464,0.4554740589715191,0.3839414533921959,0.15954937266510605,0.4764929612525187,0.03269817506182654,0.0013888888888889395,0.008803547153910537,0.2951937199906378,0.11367623851191239,0.12015135098620794,0.0,0.857432991333735,0.681749879529937,0.27979419323534477,0.29827935637438363,0.40627822650541995,happy,03,06,06,female,strong,678
50,1.6683333333333334,True,1.0,0.49625979830918815,0.4918986109688237,0.4940792046390059,1.176253729872275,-0.05222222222222217,-0.04986111111111119,0.4810210494354691,0.34595171887564896,0.16476865225934545,0.4200447506276185,0.0043611873403644474,0.0023611111111109806,0.0032588841877862684,0.2709269302537063,0.11307321404630818,0.1204029680524491,0.0,0.9999999987499999,0.6647144274194052,0.2869426568810581,0.30711346730504063,0.4260601498528307,happy,03,06,06,female,strong,678
60,2.0020000000000002,True,1.0,0.5235300380728509,0.5092262476288134,0.5163781428508322,0.9851572076953758,-0.05226851851851855,-0.05046296296296299,0.4890079513087088,0.2547607378812239,0.16257932634106845,0.5241581128547185,0.014303790444037512,0.0018055555555555602,0.011514344973153907,0.30385390744966206,0.11637361488368508,0.11737849955373438,0.0,0.9999999987499999,0.6674658311293268,0.2859771749927692,0.30001374379210094,0.41607867189916753,happy,03,06,06,female,strong,678
70,2.3356666666666666,True,1.0,0.6106774044990261,0.5581719684339118,0.584424686466469,1.079278066248509,-0.05523148148148155,-0.05425925925925934,0.44296154761779805,0.34917819790392945,0.17118310864109157,0.5414959357951987,0.052505436065114264,0.0009722222222222077,0.011046357197048976,0.27157847101151983,0.11801350521532472,0.11654982935819133,0.0,0.9999999987499999,0.662230176617522,0.28311615024652004,0.29133241941109184,0.39475866252871944,happy,03,06,06,female,strong,678
80,2.6693333333333333,True,1.0,0.5464294646340289,0.5335116623022953,0.5399705634681621,0.9355523923605427,-0.048518518518518516,-0.047083333333333366,0.4982363651702174,0.16704794629898084,0.16777088726566408,0.5771676368714458,0.012917802331733563,0.0014351851851851505,0.002890751682648503,0.31007138890101466,0.11867110042453137,0.1160444915023955,0.0,0.9999999987499999,0.6183302334058625,0.27436675685556006,0.32236263970500306,0.3870028007911836,happy,03,06,06,female,strong,678
90,3.003,True,1.0,0.4824347874380514,0.48197887295315794,0.4822068301956047,0.8758001512566126,-0.04560185185185184,-0.043518518518518456,0.5037139515800233,0.12041061555154238,0.16816333295759858,0.5505900284485294,0.0004559144848934604,0.0020833333333333814,0.0033907346681316124,0.3341968104060234,0.12432225555550112,0.1110033987949211,0.0,0.7999677597614681,0.6076009736629026,0.27461769150992993,0.3059799982139996,0.3577350640912673,happy,03,06,06,female,strong,678
100,3.336666666666667,True,1.0,0.5096854673535103,0.5212340388855289,0.5154597531195195,0.8786730662087107,-0.0470370370370371,-0.042870370370370336,0.5060423875354231,0.10979071877276515,0.16901021603737446,0.5866342931661942,0.011548571532018603,0.004166666666666763,0.015067753816152912,0.34104874082144016,0.11616701382714338,0.11758297196980533,0.0,0.9999999987499999,0.6598535642616421,0.2877052075735989,0.29908384140659305,0.40862586994507094,happy,03,06,06,female,strong,678
0,0.0,True,1.0,0.5849403899705434,0.5827457736100721,0.5838430817903077,0.9643696670795789,-0.05662037037037032,-0.05365740740740749,0.4635724467675626,0.3292892120233754,0.1586106398368169,0.6054141909692909,0.0021946163604713576,0.002962962962962834,0.010262467340365261,0.29521455434086347,0.1233030969922243,0.11024962865893626,0.0,0.7071067807446058,0.6235559248308699,0.26690008349320615,0.32393425281541055,0.3941984313633047,happy,03,06,06,female,strong,679
10,0.33366666666666667,True,1.0,0.6058884688653081,0.5773750475245728,0.5916317581949404,0.9612537938532503,-0.05546296296296299,-0.05152777777777784,0.48013195834001876,0.26317684177957834,0.16004479899599186,0.615479243856448,0.028513421340735312,0.003935185185185153,0.003961406334863861,0.30154730697248017,0.11951559369809195,0.11467722138558004,0.0,0.8034788808830009,0.6135561206904638,0.2667691827322254,0.330463444003674,0.38210163967724725,happy,03,06,06,female,strong,679
20,0.6673333333333333,True,1.0,0.5183351647826562,0.5482914634260071,0.5333133141043316,0.9168629409778499,-0.051203703703703585,-0.05009259259259252,0.492140806904866,0.2236198462613558,0.1590282575293739,0.5816717965888597,0.02995629864335092,0.0011111111111110628,0.00615093840388118,0.3294862987764007,0.11588665450941314,0.11866479445490725,0.0,0.9999999987499999,0.6540181863292192,0.28689112658285626,0.31611019255665396,0.42196265939365296,happy,03,06,06,female,strong,679
30,1.0010000000000001,True,1.0,0.5556147339481811,0.5203810782956494,0.5379979061219152,1.0790042108337052,-0.06648148148148147,-0.06481481481481488,0.4259414932045627,0.4238564998251551,0.18075645290469147,0.49860593751179605,0.03523365565253167,0.0016666666666665941,0.0025162142883627466,0.2680975195451705,0.11067276665336391,0.11978353023802386,0.0,0.9999999987499999,0.6309033941623525,0.26941264712787805,0.2671117329559313,0.32386676246422286,happy,03,06,06,female,strong,679
40,1.3346666666666667,True,1.0,0.5600139726788824,0.5477076351970177,0.55386080393795,1.0066016447508805,-0.0639351851851852,-0.0602314814814815,0.4477742417559967,0.37140900137386185,0.1761112567995941,0.5502283915649896,0.012306337481864715,0.003703703703703709,0.007990321380353507,0.2967395938071946,0.11771839827782063,0.11520585648271489,0.0,0.9999999987499999,0.6212892946866246,0.2673807742523163,0.32269458289231867,0.38497321961422737,happy,03,06,06,female,strong,679
50,1.6683333333333334,True,1.0,0.5732318735335026,0.5666519115196066,0.5699418925265546,1.3759743948929557,-0.0635648148148148,-0.0618055555555555,0.466992907696125,0.5056941470358969,0.16693013030240467,0.4142096645416817,0.00657996201389599,0.0017592592592592937,0.008093296425645036,0.22131638638579237,0.12104795700573565,0.11373060334385059,0.0,0.7284489599440038,0.6154832125506453,0.27240964252197375,0.3291252524159728,0.393288057863992,happy,03,06,06,female,strong,679
60,2.0020000000000002,True,1.0,0.6065701441092692,0.5921393519084296,0.5993547480088495,1.1695291567347628,-0.06708333333333338,-0.06240740740740741,0.46276709261259197,0.41517628247426486,0.17264741755975124,0.5124752508797666,0.014430792200839648,0.004675925925925972,0.002204610207176073,0.23624626253986358,0.11983974536616447,0.11366996913126076,0.0,0.728219164918784,0.6201155464060625,0.2701560703288081,0.3196598111549263,0.4034750086174334,happy,03,06,06,female,strong,679
70,2.3356666666666666,True,1.0,0.6291246382000967,0.5985430432286136,0.6138338407143551,1.1604570624569943,-0.06685185185185194,-0.061574074074074114,0.4262695207794592,0.44632963940653675,0.17363923383335503,0.528958684102199,0.03058159497148305,0.005277777777777826,0.003097155196776826,0.24749682702319137,0.11700699233056536,0.11658383334399235,0.0,0.7071067807446058,0.6189410558520283,0.26515693323556977,0.31470243587973806,0.3808111053020072,happy,03,06,06,female,strong,679
80,2.6693333333333333,True,1.0,0.5684903042784317,0.5578602456630832,0.5631752749707575,0.920823471347584,-0.049212962962963014,-0.048194444444444484,0.4930373368081572,0.18305106475432592,0.16910408453449616,0.6115996089310969,0.010630058615348492,0.0010185185185185297,0.011263926177398121,0.3052007669910145,0.12163544605949136,0.1125955791827532,0.0,0.9999999987499999,0.6069969738598564,0.27196458185802974,0.3227342210694727,0.38122763469396664,happy,03,06,06,female,strong,679
90,3.003,True,1.0,0.5682012953497401,0.5570826940179106,0.5626419946838253,0.8584482026717182,-0.05115740740740743,-0.048101851851851896,0.5035143861178085,0.1847106320968741,0.1616259828627421,0.6554175230756315,0.011118601331829514,0.0030555555555555336,0.004099201067812549,0.32847529789375546,0.12291757898331161,0.1118777491564937,0.0,0.9999999987499999,0.6133413306728942,0.27256361878894403,0.3263523106397215,0.38466945811626,happy,03,06,06,female,strong,679
100,3.336666666666667,True,1.0,0.456006343417106,0.44457035031032194,0.450288346863714,0.8669194288089132,-0.04995370370370367,-0.04768518518518522,0.49955647498381567,0.13334101789679959,0.16697582816635548,0.519411991357004,0.01143599310678406,0.0022685185185184475,0.009424477861704746,0.3427196526574107,0.11759877177119409,0.11713105037385325,0.0,0.9999999987499999,0.607147388228729,0.2757641438657008,0.3147864057558958,0.37778188646108163,happy,03,06,06,female,strong,679
0,0.0,True,1.0,0.5803597040722787,0.5775243247731915,0.5789420144227351,0.7759068921133294,-0.06115740740740744,-0.060740740740740706,0.3490358570042148,0.3798100139818129,0.16628267487457976,0.7461488231479383,0.0028353792990871707,0.0004166666666667318,0.025167154960583762,0.33951851574600167,0.11761634890505474,0.11531003916080731,0.0,0.9999999987499999,0.6806509722091961,0.27679613923222823,0.2646888046427733,0.3770301932458975,sad,04,06,06,female,normal,680
10,0.33366666666666667,True,1.0,0.6285846254476629,0.6224453964846542,0.6255150109661586,0.9079357125714775,-0.0623611111111112,-0.0625,0.33720300993559404,0.4376982877540426,0.16552178956651328,0.6889419617547148,0.006139228963008669,0.00013888888888879958,0.02990888144651666,0.2881027891784986,0.11744866987873935,0.11465295838740795,0.0,0.9999999987499999,0.6904319680293993,0.27482950848652016,0.26783073183536926,0.3756644115895368,sad,04,06,06,female,normal,680
20,0.6673333333333333,True,1.0,0.6414816394947943,0.6328818400204459,0.63718173975762,1.2898600735246628,-0.06388888888888883,-0.06342592592592589,0.32584312214508226,0.6282463589313316,0.16683183750799307,0.4939929166242518,0.008599799474348413,0.0004629629629629428,0.027333091272366064,0.23213504270436378,0.11832057517718726,0.11475345789350862,0.0,0.9999999987499999,0.6865877845591362,0.27683703375382607,0.27603386801610835,0.38763245090293214,sad,04,06,06,female,normal,680
30,1.0010000000000001,True,1.0,0.6122886849876056,0.6175413207713862,0.6149150028794959,1.2076447458193842,-0.06231481481481482,-0.06296296296296294,0.34012795054811124,0.5877874342261867,0.16544433521784935,0.5091853419709763,0.005252635783780657,0.0006481481481481199,0.028309017667193664,0.24735168564141358,0.11490049974931489,0.11639092036245034,0.0,0.9999999987499999,0.6871457990383653,0.2767065465723003,0.2711292454293412,0.38650209745154185,sad,04,06,06,female,normal,680
40,1.3346666666666667,True,1.0,0.6195135753275781,0.6175413207713857,0.6185274480494819,1.1968935727367596,-0.06634259259259262,-0.06342592592592589,0.30103658635435226,0.6070366295830878,0.17041892190712357,0.5167773159940918,0.001972254556192432,0.002916666666666734,0.030361912061284035,0.2534855413740523,0.12043937162380686,0.11420819518525961,0.0,0.9999999987499999,0.687902442430097,0.27502837435413174,0.2754721665665224,0.3828109067587118,sad,04,06,06,female,normal,680
50,1.6683333333333334,True,1.0,0.5888208720368846,0.5876960400238249,0.5882584560303548,1.2551328489174407,-0.06569444444444444,-0.0635648148148148,0.33859611373076404,0.6195597279681432,0.16690864798421437,0.46868222478419796,0.0011248320130596845,0.002129629629629648,0.03160270353937532,0.2309675641609056,0.11838129543401761,0.11352205013785645,0.0,0.9999999987499999,0.6866860264105643,0.2767545754576809,0.2778611040452533,0.3892647838593753,sad,04,06,06,female,normal,680
60,2.0020000000000002,True,1.0,0.5417943655331314,0.5604512274415143,0.5511227964873229,1.3270604058763984,-0.06685185185185183,-0.06712962962962965,0.3412651229786296,0.6243759811042038,0.16829553989107088,0.4152959383362494,0.018656861908382893,0.0002777777777778212,0.03244992925825614,0.2211724363671386,0.11262982152447172,0.11680903674680225,0.0,0.9999999987499999,0.6877170126331782,0.27715711047870517,0.2818449127635467,0.3933353071941885,sad,04,06,06,female,normal,680
70,2.3356666666666666,True,1.0,0.5678533046225862,0.5722449887031045,0.5700491466628453,1.1610265698124926,-0.06675925925925924,-0.06587962962962957,0.3150842707676355,0.571898063700269,0.17388555239833806,0.49098716729188124,0.0043916840805182655,0.0008796296296296746,0.029969906094073354,0.22524301827157373,0.11970997070165633,0.11296649781513186,0.0,0.9358633955732408,0.6806419223626952,0.2775783268571874,0.27454603578811654,0.3807283991266277,sad,04,06,06,female,normal,680
80,2.6693333333333333,True,1.0,0.5917579034898278,0.6174222246533501,0.6045900640715889,1.146533119773041,-0.06495370370370368,-0.06546296296296295,0.3359022638158673,0.5650286987370374,0.17378680346184097,0.5273201913183885,0.02566432116352224,0.0005092592592592649,0.02371031127487245,0.25332477520846136,0.11824499882668166,0.11532799618479819,0.0,0.9999999987499999,0.6787819594478417,0.2783727213839936,0.2741445723495089,0.3871262336722712,sad,04,06,06,female,normal,680
90,3.003,True,1.0,0.577071263116086,0.5925925925925929,0.5848319278543395,0.9960992823075951,-0.06324074074074076,-0.06361111111111117,0.35956465815735533,0.46759317724114263,0.17311113445089762,0.5871221255169458,0.015521329476506862,0.00037037037037040976,0.024808750051963854,0.2931458288576758,0.12130932811780694,0.1126089925604991,0.0,0.9999999987499999,0.6309208856980292,0.26489195165630885,0.29362008693750097,0.3588552439325187,sad,04,06,06,female,normal,680
100,3.336666666666667,True,1.0,0.5113337292594692,0.5387372166576515,0.5250354729585603,0.9411453574878943,-0.06254629629629627,-0.06185185185185188,0.3652268366580396,0.41055566741926736,0.17307587307197603,0.5578686318551104,0.027403487398182325,0.0006944444444443865,0.026541732332599034,0.31590589136796854,0.12312067489944523,0.10993462564930355,0.0,0.7961408031963708,0.6311728155402786,0.26577230479446956,0.2903132835830015,0.35423827109259626,sad,04,06,06,female,normal,680
0,0.0,True,1.0,0.5485305852694186,0.5551751463504576,0.5518528658099381,0.9958525298637118,-0.07398148148148137,-0.07370370370370366,0.3418368196385294,0.5530530403299725,0.16053837374423735,0.5541511913269552,0.006644561081039058,0.0002777777777777102,0.023203123182719047,0.26963511806487855,0.11839997805950477,0.11500333777558137,0.0,0.7071067807446058,0.6997156682829383,0.27504297335119926,0.26676393016215566,0.37534271824255766,sad,04,06,06,female,normal,681
10,0.33366666666666667,True,1.0,0.6125024252849842,0.5965812188946463,0.6045418220898153,1.342863922543963,-0.07555555555555554,-0.0735648148148148,0.3337998717261557,0.7032630148909911,0.1632995988143311,0.45018844570978767,0.015921206390337894,0.0019907407407407374,0.014850311479349506,0.19561110359913816,0.117152465216761,0.11512121769845467,0.0,0.9999999987499999,0.6950787022074455,0.27713810188077026,0.27279524008187334,0.38714661818451274,sad,04,06,06,female,normal,681
20,0.6673333333333333,True,1.0,0.5453446896003711,0.5573112717112175,0.5513279806557942,1.2218347862717458,-0.0710648148148148,-0.07092592592592589,0.345264801643918,0.6265167794436266,0.1674777716962632,0.45122956626410415,0.011966582110846447,0.0001388888888889106,0.01970193969673229,0.2321652156703994,0.1214908999093493,0.11224346567216333,0.0,0.9999999987499999,0.6361950784298095,0.2657728358869011,0.2958847196038389,0.36557708947251893,sad,04,06,06,female,normal,681
30,1.0010000000000001,True,1.0,0.5517648746921111,0.5814116064555568,0.566588240573834,1.331102354870003,-0.07185185185185178,-0.07027777777777777,0.36512508085732015,0.665499187341774,0.1646500721753899,0.4256533981033845,0.029646731763445677,0.0015740740740740056,0.01691944024588966,0.2074274977478343,0.11931276241631167,0.1138889076286406,0.0,0.9999999987499999,0.6387887537827631,0.2661520429935057,0.30694154736451257,0.3741870599788243,sad,04,06,06,female,normal,681
40,1.3346666666666667,True,1.0,0.5693893711065842,0.5673120547794828,0.5683507129430334,1.072909836906577,-0.06768518518518518,-0.06773148148148156,0.34783125369810425,0.48974157456833317,0.17301591223497836,0.5297283083746414,0.0020773163271013972,4.629629629637755e-05,0.0218464636425883,0.26244005140800075,0.11636305566045663,0.11525978638654444,0.0,0.9999999987499999,0.6876406575598988,0.276300065517004,0.27153531939632064,0.3851649278409281,sad,04,06,06,female,normal,681
50,1.6683333333333334,True,1.0,0.5942459540039389,0.5975417231775012,0.59589383859072,1.2818076894288855,-0.06893518518518515,-0.06870370370370371,0.34649858811692436,0.6091955176855399,0.17512594867806033,0.46488552339409267,0.003295769173562335,0.00023148148148144365,0.01720040339545483,0.23211787943613238,0.11660315432505827,0.11633449644063354,0.0,0.9999999987499999,0.6866877267703957,0.27694557852255863,0.27301283767740897,0.38851478004196216,sad,04,06,06,female,normal,681
60,2.0020000000000002,True,1.0,0.637163932588248,0.6026013382393403,0.6198826354137941,1.1449730204845652,-0.06837962962962957,-0.0672685185185185,0.34708798394045837,0.49404903390192084,0.1772555841171003,0.5413949711683624,0.03456259434890774,0.0011111111111110628,0.020732579061889942,0.25574491755402223,0.11434558349010956,0.11742389264556481,0.0,0.9999999987499999,0.6892335618856917,0.27696871850015825,0.27635294711031955,0.38535860801390914,sad,04,06,06,female,normal,681
70,2.3356666666666666,True,1.0,0.5676978133458241,0.5482714763937988,0.5579846448698115,1.0446764750240636,-0.0665277777777778,-0.0643981481481482,0.3429901455451609,0.48260943608854484,0.17793263472483226,0.5341219585297531,0.019426336952025336,0.0021296296296295925,0.018243996964333462,0.28278535817767403,0.1235203155075725,0.11069680119122811,0.0,0.9999999987499999,0.6295005714316977,0.2668281747715458,0.293567069823507,0.3547088793505129,sad,04,06,06,female,normal,681
80,2.6693333333333333,True,1.0,0.6534027737512093,0.6476538089120223,0.6505282913316157,1.249597945442083,-0.06824074074074071,-0.06777777777777777,0.32252320781642513,0.5746696100638443,0.17996966908377496,0.5205900775560829,0.005748964839186965,0.0004629629629629428,0.020867163146186755,0.23396505970704726,0.11681165792452532,0.1167795488254411,0.0,0.9999999987499999,0.6778385619325855,0.2789188189237596,0.2683818663071555,0.38509762632587646,sad,04,06,06,female,normal,681
90,3.003,True,1.0,0.5703802808325035,0.5873040673531867,0.5788421740928451,0.9426706560379794,-0.06421296296296308,-0.0632407407407406,0.3650571369719195,0.4188145185898194,0.1778743110935235,0.6140449693487903,0.01692378652068327,0.0009722222222224852,0.01662488547412059,0.3051174008813854,0.12076301590522477,0.11285754023736326,0.0,0.9999999987499999,0.6292170197610294,0.266115943685922,0.2870558741122042,0.35363173995509956,sad,04,06,06,female,normal,681
100,3.336666666666667,True,1.0,0.561905358569612,0.59244975373157,0.577177556150591,0.9506108414803205,-0.06476851851851845,-0.06384259259259262,0.3604990238563158,0.4072585737261565,0.1778743110935235,0.6071649206648982,0.03054439516195806,0.0009259259259258301,0.02131263805261659,0.30511740088138606,0.1231545708619091,0.11127491074048156,0.0,0.9999999987499999,0.6315883201092937,0.2658038080922195,0.28982960307117006,0.3553070546532535,sad,04,06,06,female,normal,681
0,0.0,True,1.0,0.7407115952742023,0.7721594725340255,0.7564355339041139,1.1376735396908586,-0.06138888888888888,-0.06148148148148147,0.3475906185292789,0.5374124239883443,0.17577953531399623,0.66489683333029,0.03144787725982323,9.259259259258856e-05,0.026218347037593175,0.2403217739642062,0.11742306594864373,0.11632864643704267,0.0,0.9999999987499999,0.6853631739648984,0.2792675551194091,0.2635671669950893,0.3804550957813776,sad,04,06,06,female,normal,682
10,0.33366666666666667,True,1.0,0.44752894911721774,0.45059426911989736,0.4490616091185575,1.1301809757053667,-0.06263888888888897,-0.06384259259259262,0.347329001744747,0.5106612246379744,0.1743795115575407,0.39733601854188877,0.003065320002679617,0.0012037037037036513,0.02918200990573036,0.2574580331217333,0.11632875841126582,0.11693518941033532,0.0,0.9999999987499999,0.6794538719784791,0.27928293220128436,0.26478963888075774,0.379023931263478,sad,04,06,06,female,normal,682
20,0.6673333333333333,True,1.0,0.6623764106692988,0.6952761093646989,0.6788262600169988,1.1890089196598959,-0.060694444444444495,-0.06050925925925926,0.3502408189236128,0.5395110888173874,0.17511157157652368,0.5709177187763824,0.032899698695400104,0.00018518518518523264,0.028088870617375205,0.24554943100242133,0.11822219210518169,0.11650179130731231,0.0,0.9999999987499999,0.6803247801933273,0.2795683351359241,0.2700323605393871,0.37972310092795875,sad,04,06,06,female,normal,682
30,1.0010000000000001,True,1.0,0.45802443710304197,0.47650800015337624,0.4672662186282091,1.412851050316429,-0.06976851851851845,-0.06930555555555551,0.33759675763623503,0.6734388905437919,0.17502789956175557,0.3307257467257839,0.018483563050334273,0.0004629629629629428,0.023860698406546872,0.2040516582970848,0.11145897084387131,0.1196907222927839,0.0,0.9999999987499999,0.688043195176508,0.2799581598549036,0.2683265846447395,0.39218141310138616,sad,04,06,06,female,normal,682
40,1.3346666666666667,True,1.0,0.6467121296982163,0.6556643014512894,0.6511882155747528,1.0941992685096515,-0.05921296296296297,-0.060462962962962996,0.33173934466692884,0.4973452413926675,0.17364670316586828,0.5951276283173725,0.008952171753073057,0.0012500000000000289,0.021016040308910963,0.2574619407578252,0.11818101492984226,0.11670692242511892,0.0,0.9999999987499999,0.6866773049141532,0.2765904027457447,0.2642143573416952,0.3741965862034381,sad,04,06,06,female,normal,682
50,1.6683333333333334,True,1.0,0.5716000894193448,0.5628342105300966,0.5672171499747207,1.2727484019546658,-0.05935185185185193,-0.06314814814814823,0.3399941239597322,0.571873261188741,0.1736743808323051,0.4456632191433893,0.00876587888924818,0.0037962962962962976,0.010600584416516219,0.23494453319970995,0.12296118448698698,0.1114885697924604,0.0,0.7071067807446058,0.6387219325620874,0.2676633611187594,0.28682294457131685,0.36002275042740317,sad,04,06,06,female,normal,682
60,2.0020000000000002,True,1.0,0.6648816612040609,0.6467439099001709,0.6558127855521159,1.1582080251818594,-0.0571296296296297,-0.05921296296296291,0.35750492956826224,0.532760707899451,0.17361155056367997,0.5662305659202642,0.01813775130388995,0.002083333333333215,0.002045758907531546,0.25499282842754956,0.12023400703284338,0.1134209590479725,0.0,0.9999999987499999,0.6442632961231367,0.2649231074382195,0.28095033539063413,0.34802293357505165,sad,04,06,06,female,normal,682
70,2.3356666666666666,True,1.0,0.7235572013545033,0.7063611686468305,0.7149591850006669,1.1490059080410842,-0.056574074074074,-0.057453703703703674,0.3080221213638215,0.5924332897448523,0.17779322663045247,0.622241521994944,0.01719603270767278,0.0008796296296296746,0.012136584658428675,0.22904034387908898,0.12549872396269451,0.10932355720030398,0.0,0.9999999987499999,0.637913621980042,0.26687062146529217,0.2823247334641306,0.3336911740494461,sad,04,06,06,female,normal,682
80,2.6693333333333333,True,1.0,0.7193275482197756,0.6972279803890036,0.7082777643043896,1.0602999307091612,-0.05675925925925929,-0.05791666666666656,0.35381617921948,0.4443904121354569,0.17639061901081726,0.6679975578520236,0.02209956783077205,0.0011574074074072738,0.010076616860211558,0.27337377223267667,0.12221612834658392,0.11196501311233015,0.0,0.9999999987499999,0.6388914992950305,0.2675934188513453,0.28117657564559306,0.34431498205614197,sad,04,06,06,female,normal,682
90,3.003,True,1.0,0.6902496000151871,0.668711026541398,0.6794803132782925,1.0510821438284121,-0.055185185185185115,-0.05689814814814814,0.3571800856314484,0.4405270749869077,0.17777777777777776,0.6464578598998794,0.02153857347378907,0.0017129629629630272,0.0001315089051563638,0.27337377223267606,0.12212506015642173,0.11138222515750527,0.0,0.7071067807446058,0.6375221620445052,0.26735570000350783,0.27973357887490063,0.34139484926858976,sad,04,06,06,female,normal,682
100,3.336666666666667,True,1.0,0.6722881208951519,0.6680778810376673,0.6701830009664096,0.9933722645741775,-0.05675925925925912,-0.057453703703703674,0.3666940518576052,0.4138900786701739,0.1770837641692063,0.6746544320458682,0.004210239857484588,0.000694444444444553,0.00865763364585339,0.29866916005312416,0.12362526691311425,0.11109525354550052,0.0,0.9999999987499999,0.6386445247239521,0.26768235464881573,0.2786642720085016,0.34217725992638226,sad,04,06,06,female,normal,682
0,0.0,True,1.0,0.6461824331822321,0.6642560122789489,0.6552192227305905,1.095526524253947,-0.056157407407407434,-0.05592592592592599,0.35580755012828386,0.5400313389141465,0.1715638020344716,0.5980861332196357,0.018073579096716808,0.00023148148148144365,0.015257343015698303,0.26181455130115017,0.12215092912143813,0.11101113916606217,0.0,0.9999999987499999,0.638807788013643,0.2670224430617196,0.285494873006347,0.352852661296689,sad,04,06,06,female,normal,683
10,0.33366666666666667,True,1.0,0.7124088362394797,0.7066663781291839,0.7095376071843318,1.2039579652109877,-0.059259259259259234,-0.05898148148148147,0.3476322117609299,0.5544391403493425,0.1694809115276025,0.5893375248030265,0.005742458110295834,0.0002777777777777657,0.01389203871822655,0.24565028778113054,0.118409657920156,0.115324252913723,0.0,0.9999999987499999,0.6842976132875025,0.279598563365977,0.2634425193977067,0.37656854875934087,sad,04,06,06,female,normal,683
20,0.6673333333333333,True,1.0,0.6754571006206475,0.6830605107360278,0.6792588056783376,1.0883497472932717,-0.0584722222222222,-0.05898148148148141,0.3511987179959277,0.5208362777155303,0.17018372513671265,0.6241181268867437,0.007603410115380349,0.0005092592592592093,0.011504525386575731,0.266704720858372,0.11385330041721574,0.11773956456472996,0.0,0.9999999987499999,0.6872822038659214,0.2783802169328787,0.25947723623503577,0.37687159067647513,sad,04,06,06,female,normal,683
30,1.0010000000000001,True,1.0,0.6208940224037361,0.6259701475314086,0.6234320849675723,1.1678565895908506,-0.06000000000000011,-0.06115740740740733,0.341071199370546,0.5519158392512822,0.17158158900111725,0.5338258914016034,0.005076125127672415,0.0011574074074072183,0.014715354524706434,0.24694823571807906,0.11455455309640472,0.11851315949199083,0.0,0.9999999987499999,0.6859682216949281,0.2786490304323218,0.2621155389603169,0.37900777634557803,sad,04,06,06,female,normal,683
40,1.3346666666666667,True,1.0,0.6180731555636967,0.6361391675512247,0.6271061615574607,1.0624380767452044,-0.06106481481481474,-0.06115740740740738,0.34321348830277293,0.49943406886221814,0.17088736323246195,0.5902519641225681,0.018066011987527997,9.259259259264407e-05,0.012754187283599262,0.2535926897728009,0.11702886973230868,0.11623451382720532,0.0,0.9999999987499999,0.6862910785642381,0.27741171932707215,0.2667802321660908,0.3797489157961536,sad,04,06,06,female,normal,683
50,1.6683333333333334,True,1.0,0.6679891368039416,0.6512417590407837,0.6596154479223626,1.330773270269296,-0.060509259259259374,-0.06092592592592583,0.3429471043963024,0.6178036135321241,0.16950926939060415,0.4956632828888143,0.016747377763157822,0.00041666666666645424,0.018430776776211178,0.23556014335764816,0.11467841439276641,0.11839331011712863,0.0,0.9999999987499999,0.6863221779805672,0.27771275790270544,0.2677430938308144,0.38591901021815084,sad,04,06,06,female,normal,683
60,2.0020000000000002,True,1.0,0.6232027442909144,0.6026365348399251,0.6129196395654197,1.2078043066279964,-0.056481481481481466,-0.05777777777777776,0.34638053356881315,0.5254172265306141,0.17089763144651185,0.5074660159778672,0.020566209450989303,0.0012962962962962954,0.018402161974005446,0.24970439949826823,0.11372752712409821,0.1170500274098816,0.0,0.9999999987499999,0.6844991645720788,0.2788424535415749,0.2663260186635524,0.3790307541328324,sad,04,06,06,female,normal,683
70,2.3356666666666666,True,1.0,0.651206106454664,0.6621389865916969,0.6566725465231804,1.0316498934115916,-0.059583333333333266,-0.05847222222222215,0.3252408128654835,0.46500899159182574,0.17994423168494725,0.6365265490908081,0.010932880137032863,0.0011111111111111183,0.01681744700660266,0.24947210505284226,0.12270568326913148,0.11039763492747211,0.0,0.9999999987499999,0.6337069919295844,0.26719206298376735,0.29187417087208806,0.341799794360587,sad,04,06,06,female,normal,683
80,2.6693333333333333,True,1.0,0.6256812586284368,0.6495044310973226,0.6375928448628797,1.0426909778587101,-0.05305555555555558,-0.05476851851851844,0.36361244003344073,0.4457289311772666,0.1736972225678841,0.611487831392051,0.023823172468885767,0.0017129629629628607,0.019048484047936024,0.2786483397090903,0.1198715353327051,0.11245671983094457,0.0,0.9999999987499999,0.6357169079116022,0.26697005487445646,0.2868608497178416,0.3487813942984303,sad,04,06,06,female,normal,683
90,3.003,True,1.0,0.6361434517937569,0.6657072260077994,0.6509253389007781,1.007123254743704,-0.05472222222222217,-0.05532407407407397,0.3681529825879513,0.436779291975343,0.17441757135544245,0.6463214267318529,0.02956377421404255,0.0006018518518517979,0.024501179065051323,0.2927739766295914,0.12255801180534384,0.11227152676311611,0.0,0.9999999987499999,0.6338345028870924,0.2663390224997027,0.2874498256349706,0.34744847035461407,sad,04,06,06,female,normal,683
100,3.336666666666667,True,1.0,0.6648929378307304,0.6537627758814363,0.6593278568560834,1.0053261901231028,-0.05435185185185182,-0.05342592592592604,0.37652513168600044,0.42968488847330855,0.17509806473913594,0.6558347562549309,0.01113016194929417,0.0009259259259257746,0.02395643783246121,0.28853343053025876,0.12372133227574511,0.11064441253276497,0.0,0.7071067807446058,0.6349639694002601,0.26656825814159507,0.2888659813122959,0.34700410976011137,sad,04,06,06,female,normal,683
0,0.0,True,1.0,0.6200800130575492,0.6324813033034317,0.6262806581804905,0.9986970844328569,-0.0598611111111112,-0.061712962962962914,0.37773496771992443,0.44935565952154044,0.17722286935101497,0.6270977135535993,0.012401290245882435,0.0018518518518517157,0.021893463341599504,0.3083101806800134,0.1183574917648945,0.1152125453003427,0.0,0.9999999987499999,0.6799725402035814,0.2780399874601688,0.282920039920301,0.39301793798258516,sad,04,06,06,female,strong,684
10,0.33366666666666667,True,1.0,0.6317327489612814,0.6475329138505448,0.6396328314059131,0.8708663291603963,-0.05810185185185185,-0.05796296296296288,0.3908327743486401,0.3580462966689312,0.1800662984269571,0.7344787712972944,0.01580016488926339,0.0001388888888889661,0.022819473104333826,0.3569916330922483,0.12165646988466651,0.11307944714722623,0.0,0.9999999987499999,0.6296842208211411,0.2675442392394425,0.2981664346987702,0.35083358842991763,sad,04,06,06,female,strong,684
20,0.6673333333333333,True,1.0,0.501180495672227,0.49400071061265943,0.4975906031424432,1.0053911533018434,-0.05874999999999997,-0.059259259259259234,0.37891643664665503,0.4881084712990218,0.17154378949249435,0.49492240060824777,0.007179785059567567,0.0005092592592592649,0.005780588670866324,0.31011113067743773,0.11712142150866268,0.11744625477254829,0.0,0.9999999987499999,0.6772425426342413,0.28319565889900694,0.28104018310170753,0.39133956093733313,sad,04,06,06,female,strong,684
30,1.0010000000000001,True,1.0,0.4666195091743069,0.45715416956021404,0.4618868393672605,1.140891965025237,-0.046712962962962845,-0.049814814814814756,0.4597529408367135,0.33623931944398566,0.16805964133039808,0.40484713147843354,0.00946533961409285,0.003101851851851911,0.0006226249179556617,0.2849692060582223,0.11726159391770254,0.1150100580936679,0.0,0.9999999987499999,0.6330214091652286,0.2711959384340478,0.32610047516542345,0.38513031436162076,sad,04,06,06,female,strong,684
40,1.3346666666666667,True,1.0,0.4976219524427665,0.5046678185395117,0.5011448854911391,1.2325738009141498,-0.04523148148148154,-0.04712962962962969,0.38169527764086414,0.5159169852459149,0.17014292463502947,0.40658408049843375,0.007045866096745179,0.0018981481481481488,0.0008238007758086619,0.2618637729452805,0.11725799714816458,0.1151792556103606,0.0,0.9999999987499999,0.6283731400607118,0.27010246556274686,0.3019056380758576,0.37131225501715426,sad,04,06,06,female,strong,684
50,1.6683333333333334,True,1.0,0.41926393357910563,0.4085479913719209,0.41390596247551326,1.185174046978359,-0.04069444444444442,-0.04199074074074072,0.4018518572566803,0.40650748041823226,0.1729171078841007,0.3492364379145666,0.010715942207184748,0.0012962962962962954,0.0033224264502478037,0.2880008683751204,0.12238546176604992,0.11229005646347286,0.0,0.9999999987499999,0.6168822341983669,0.2728879343992715,0.31403683706732805,0.38005576385857825,sad,04,06,06,female,strong,684
60,2.0020000000000002,True,1.0,0.4201513068530077,0.3950212603265455,0.4075862835897766,1.0197533113639474,-0.03601851851851845,-0.03643518518518507,0.45477764951613797,0.18428853505018564,0.17227581653246082,0.3996910616005934,0.025130046526462224,0.0004166666666666208,0.007286958434901003,0.3117398290537277,0.11688022549785038,0.11622016819730203,0.0,0.9999999987499999,0.619412152931485,0.27466605732773236,0.312290461643974,0.38712842569481465,sad,04,06,06,female,strong,684
70,2.3356666666666666,True,1.0,0.46710992336909746,0.44071481120963,0.45391236728936374,1.1772966939692415,-0.04199074074074072,-0.04199074074074072,0.43331428614860723,0.3234331576838585,0.17084047876316602,0.38555477953395395,0.026395112159467438,0.0,0.00811251231364054,0.25961538461538436,0.11662100395095566,0.11664373105051684,0.0,0.9999999987499999,0.6155377830194577,0.2751826859738514,0.310755456759008,0.3724108195632803,sad,04,06,06,female,strong,684
80,2.6693333333333333,True,1.0,0.5268551759768697,0.47845904849995147,0.5026571122384106,0.9723849536553122,-0.042870370370370336,-0.04435185185185181,0.3633073963010954,0.41780552284434164,0.17083511971881038,0.5169322194351753,0.04839612747691824,0.0014814814814814725,0.008956706344016352,0.29881658378797665,0.12274280710942723,0.11121621080094182,0.0,0.9999999987499999,0.6307898293067228,0.26901299345553575,0.30570235781053773,0.3561291098056451,sad,04,06,06,female,strong,684
90,3.003,True,1.0,0.5096728462366591,0.49233675079321965,0.5010047985149394,0.9477688295911654,-0.04250000000000004,-0.041805555555555485,0.3716575553062161,0.3702079004956354,0.1763958092747863,0.5286149774845998,0.017336095443439448,0.000694444444444553,0.0023174963104877324,0.3163940298931514,0.12173214769546974,0.11299797453724432,0.0,0.9999999987499999,0.6165913338929322,0.26761250477468396,0.3046267244402522,0.36140922049969293,sad,04,06,06,female,strong,684
100,3.336666666666667,True,1.0,0.49768880501312274,0.4589657962851153,0.478327300649119,0.9354397529290792,-0.04435185185185181,-0.04388888888888892,0.4706029292150522,0.14031249456424255,0.17569618140473192,0.511339505458652,0.038723008728007435,0.0004629629629628873,0.006596179656927542,0.3306968976466301,0.11961128883038172,0.11457740539047863,0.0,0.7071067807446058,0.612356894593775,0.2729540731416379,0.3122739125904781,0.3676848797966369,sad,04,06,06,female,strong,684
110,3.6703333333333332,True,1.0,0.4379279243868293,0.4477182626830501,0.4428230935349397,0.8594161123446558,-0.04097222222222219,-0.039861111111111125,0.4877567050151867,0.1187058624882706,0.1736111111111111,0.5152604043306,0.00979033829622078,0.0011111111111110628,0.009197945664161931,0.3480248220267574,0.12295024384880825,0.11235173055987772,0.0,0.9999999987499999,0.6292033785936251,0.2756305883957065,0.3151784626628044,0.36831142484983803,sad,04,06,06,female,strong,684
120,4.0040000000000004,True,1.0,0.4970747578903367,0.5195931463782096,0.5083339521342731,0.9143678500940248,-0.045370370370370505,-0.044490740740740775,0.48397011524316486,0.1504046062427492,0.1695205211961138,0.5559403166701464,0.02251838848787291,0.0008796296296297301,0.00663683634502186,0.3225231128613072,0.11911468503307499,0.11292113501485757,0.0,0.9999999987499999,0.6287245674519808,0.2737129890103544,0.3093238978850743,0.364177842908309,sad,04,06,06,female,strong,684
0,0.0,True,1.0,0.49707475789033617,0.5302144249512674,0.5136445914208018,0.6420469808968474,-0.054537037037037106,-0.05472222222222223,0.39406768089115257,0.20200714909435732,0.17296078283869332,0.8000109130694985,0.03313966706093119,0.00018518518518512161,0.03177239123907594,0.4051116136190607,0.12197891898410097,0.11171292526102528,0.0,0.9999999987499999,0.6349881003260679,0.26387977979837696,0.2981125979880903,0.34836011971374553,sad,04,06,06,female,strong,685
10,0.33366666666666667,True,1.0,0.579774842475033,0.5822296203465169,0.581002231410775,1.2357737956987631,-0.05282407407407402,-0.052731481481481546,0.3764363437291775,0.5304699908820146,0.16879520517201455,0.47015257438943325,0.0024547778714839597,9.259259259247754e-05,0.024113406973716733,0.2538463714688781,0.12238681151688637,0.11143700759234318,0.0,0.9999999987499999,0.633411829958546,0.26643643250330523,0.3096218231642404,0.372380631427133,sad,04,06,06,female,strong,685
20,0.6673333333333333,True,1.0,0.6164493426361018,0.6588098615534449,0.6376296020947734,1.021273042637199,-0.05296296296296299,-0.053055555555555634,0.3768858449476545,0.43859202188886753,0.17087798736771292,0.6243478242099134,0.04236051891734305,9.259259259264407e-05,0.032264582933371345,0.30228594634079087,0.12054833908581554,0.11325516451904175,0.0,0.8985704462294332,0.6312223700495823,0.2661182004255799,0.2928844511405441,0.3506521959614827,sad,04,06,06,female,strong,685
30,1.0010000000000001,True,1.0,0.6072620001771014,0.6284736949058101,0.6178678475414557,1.2660919673896533,-0.0499074074074074,-0.050694444444444375,0.3780276213802945,0.5104923533460599,0.16947325859287193,0.48801182177574015,0.021211694728708652,0.000787037037036975,0.03257125945535574,0.24515323039884898,0.1192250410217536,0.11364594253407492,0.0,0.9999999987499999,0.63477544135623,0.2688721321584823,0.30223493550256236,0.3765681460097296,sad,04,06,06,female,strong,685
40,1.3346666666666667,True,1.0,0.5306599868501957,0.5482914634260079,0.5394757251381017,1.147356606672327,-0.049722222222222334,-0.04879629629629634,0.4405512571489619,0.3845242047328115,0.16949891706985054,0.47019010654650834,0.01763147657581221,0.0009259259259259967,0.010175320908420474,0.2660034428098481,0.12209087367088638,0.11328500513526421,0.0,0.9999999987499999,0.631319169566264,0.273264232806678,0.31329059151249666,0.3830124673234734,sad,04,06,06,female,strong,685
50,1.6683333333333334,True,1.0,0.5031547608171594,0.5216062017770647,0.512380481297112,1.0383480825958706,-0.04773148148148154,-0.04888888888888898,0.3564668769716087,0.4405113077679447,0.17569487868612618,0.49345733852193435,0.018451440959905363,0.0011574074074074403,0.0008276235050115079,0.2986800070541474,0.11536897733238895,0.11884797562264739,0.0,0.9999999987499999,0.6640963335099666,0.28069502313337225,0.2644091674534061,0.3636141781294782,sad,04,06,06,female,strong,685
60,2.0020000000000002,True,1.0,0.5453446896003723,0.5634961963821663,0.5544204429912694,1.1226480792382576,-0.048379629629629606,-0.046898148148148244,0.3903784221752017,0.46180207084368824,0.17291710788410072,0.4938506137804612,0.018151506781794002,0.0014814814814813615,0.013941704341652301,0.3000898894546748,0.11093873530430659,0.1184163196968397,0.0,0.9999999987499999,0.6602630449367246,0.28460568705570255,0.2741650476621535,0.3830609419809167,sad,04,06,06,female,strong,685
70,2.3356666666666666,True,1.0,0.5508251392914196,0.5630955935403813,0.5569603664159004,0.73726544350776,-0.048657407407407316,-0.046064814814814836,0.3913097162591257,0.2692437138650693,0.1757157210248491,0.7554407592548967,0.01227045424896167,0.0025925925925924798,0.025916968849330573,0.40416424980902504,0.12422747067904444,0.10990261901370384,0.0,0.7903968904772806,0.6193802649106518,0.26672420516199863,0.29912109599517955,0.34368732778340594,sad,04,06,06,female,strong,685
80,2.6693333333333333,True,1.0,0.5837006334528856,0.5609976929133317,0.5723491631831086,0.9434182709897247,-0.047083333333333366,-0.043842592592592544,0.37609044619364373,0.3757626195867595,0.1744175713554424,0.606675936626356,0.022702940539553906,0.0032407407407408217,0.022651256374766567,0.31783524988962425,0.11379964521881374,0.11875791979206264,0.0,0.9999999987499999,0.6582066752482244,0.28489108419770237,0.2761266559121609,0.37904548177961506,sad,04,06,06,female,strong,685
90,3.003,True,1.0,0.5596027066118257,0.5967085607861901,0.5781556336990079,0.9305060333920319,-0.04824074074074075,-0.04662037037037048,0.40104239819721127,0.33507247652331973,0.17311113445089762,0.6213346426045417,0.037105854174364405,0.001620370370370272,0.03243992237490916,0.3358866184116337,0.11929778175298242,0.1130651939709483,0.0,0.9999999987499999,0.6221121021299144,0.269431157194535,0.3108712842941372,0.36245320753386107,sad,04,06,06,female,strong,685
100,3.336666666666667,True,1.0,0.4900142390341599,0.5120125281612103,0.5010133835976851,0.9071833119185421,-0.04587962962962977,-0.04314814814814821,0.4565235368358895,0.19339650573042297,0.1722665162363916,0.5522735890479786,0.02199828912705043,0.002731481481481557,0.02437654154515973,0.34885284318943,0.12057756919752843,0.11339218712319338,0.0,0.9999999987499999,0.6165223839535814,0.26905672763788185,0.30871361643301615,0.36675099892878654,sad,04,06,06,female,strong,685
110,3.6703333333333332,True,1.0,0.5004330571361372,0.5121487765486068,0.5062909168423719,0.823596578291751,-0.04879629629629628,-0.046527777777777724,0.4582343251490208,0.20274674226524314,0.17093378850645188,0.6147316904745849,0.011715719412469627,0.0022685185185185586,0.03244011755385054,0.37109186104643804,0.12029729890605176,0.11301717736628525,0.0,0.9999999987499999,0.6189821232242898,0.27041385047364236,0.3129566954016063,0.3654663607098483,sad,04,06,06,female,strong,685
120,4.0040000000000004,True,1.0,0.5411310409960184,0.5622233160748236,0.551677178535421,0.8138662418533154,-0.049907407407407456,-0.04731481481481481,0.43720999460532833,0.23767697449999667,0.17096235163967657,0.6778474768521616,0.02109227507880518,0.0025925925925926463,0.029596185717773775,0.37681693489335716,0.12009316079078587,0.11238965921112817,0.0,0.9999999987499999,0.6242371138611695,0.26951676924089907,0.3131157073275425,0.3643047262592129,sad,04,06,06,female,strong,685
0,0.0,True,1.0,0.5643021521459726,0.589055439129151,0.5766787956375619,0.7219759746436462,-0.04912037037037026,-0.048518518518518516,0.4032237836088902,0.24284484415439125,0.1736853628108891,0.7987506730015493,0.02475328698317847,0.0006018518518517424,0.011545108990195816,0.39111191166599335,0.1260504069412053,0.10903702435478062,0.0,0.9999999987499999,0.6204417765231093,0.2659381703513717,0.3061340204578696,0.346387640238725,sad,04,06,06,female,strong,686
10,0.33366666666666667,True,1.0,0.5710726667764514,0.5839648306135052,0.5775187486949783,1.0857380232786606,-0.05171296296296296,-0.051157407407407374,0.4162966491513823,0.3905181895282093,0.17228600199496916,0.5319135337556056,0.012892163837053827,0.0005555555555555869,0.01121855003169186,0.2890790973475817,0.12092818118574439,0.11335484632082887,0.0,0.9999999987499999,0.6201235536792842,0.26827674539552027,0.3081535239958195,0.3653590205563526,sad,04,06,06,female,strong,686
20,0.6673333333333333,True,1.0,0.2747474747474751,0.29565609828751804,0.28520178651749656,1.2591910713136303,-0.06050925925925915,-0.06083333333333335,0.40888135585523466,0.5212780241459656,0.17085521526842085,0.22649603623695053,0.02090862354004297,0.00032407407407419875,0.006434883503118792,0.27302569259752923,0.11800029362318092,0.1147511978951515,0.0,0.9999999987499999,0.6242028517266281,0.26950414871619216,0.3123685121382,0.3669213320148789,sad,04,06,06,female,strong,686
30,1.0010000000000001,True,1.0,0.18451288638611377,0.1840726264148222,0.184292756400468,1.1649748779892874,-0.05810185185185179,-0.061064814814814794,0.4027338313305432,0.4714951667914455,0.1646060461154199,0.15819461851276304,0.00044025997129157335,0.0029629629629630005,0.008279000429992517,0.2678331235049694,0.11955561591541636,0.11312984317510705,0.0,0.9999999987499999,0.6303303193308574,0.26969284801072346,0.3105463383356772,0.3656111284700832,sad,04,06,06,female,strong,686
40,1.3346666666666667,True,1.0,0.5179071531336814,0.5218800576259872,0.5198936053798343,1.052134496292007,-0.04138888888888892,-0.04296296296296287,0.4065352772953939,0.37575229406379534,0.16805600953544347,0.4941322684619441,0.0039729044923058066,0.00157407407407395,0.004820464990632933,0.29950499544710785,0.11920049162496386,0.11467291372783561,0.0,0.827789242511115,0.6234999634932097,0.269777193505881,0.29809339263623014,0.35235849232243116,sad,04,06,06,female,strong,686
50,1.6683333333333334,True,1.0,0.5195931463782102,0.47434905090992296,0.4969710986440666,1.019273732015016,-0.039490740740740715,-0.041666666666666685,0.465890860399864,0.23381290762122572,0.16736840477998136,0.48757373317332303,0.045244095468287227,0.00217592592592597,0.008843612599042013,0.3043851058456564,0.12076626727217603,0.11436334472332323,0.0,0.7247065230034578,0.6300619722576531,0.2728228432241506,0.3100160295624417,0.36128719615244165,sad,04,06,06,female,strong,686
60,2.0020000000000002,True,1.0,0.4816455933094181,0.4716235038858292,0.47663454859762366,1.2177622408290978,-0.041666666666666685,-0.04273148148148148,0.4556008770387144,0.3505452851976205,0.16598876984135175,0.39140197701737994,0.010022089423588898,0.0010648148148147962,0.007395076948444434,0.27270966549185477,0.12050336984260208,0.11330301056727597,0.0,0.9999999987499999,0.6324544250043768,0.2743995768479308,0.3146269105738512,0.3834319671322401,sad,04,06,06,female,strong,686
70,2.3356666666666666,True,1.0,0.5352484544146958,0.5193070186380948,0.5272777365263953,0.8538459150595834,-0.043611111111111156,-0.04194444444444445,0.4018363747321087,0.28693601815969255,0.16946065300579047,0.617532656919253,0.01594143577660101,0.0016666666666667052,0.0030382459271142315,0.3503949388884841,0.12049411378415098,0.11481610696123792,0.0,0.9999999987499999,0.6306502415184825,0.26971988750858056,0.28705706635367684,0.3340953644461654,sad,04,06,06,female,strong,686
80,2.6693333333333333,True,1.0,0.4737237673853474,0.47487775281550537,0.4743007601004264,1.1487809906386746,-0.04296296296296298,-0.04254629629629636,0.42534433977017067,0.378567820003808,0.16667399072449116,0.4128730924044407,0.0011539854301579888,0.0004166666666666208,0.006158414046662421,0.2885326216324923,0.12043489890491009,0.11454604796819719,0.0,0.9999999987499999,0.6277682736219488,0.2720560109273645,0.31238497482581695,0.3696027230275084,sad,04,06,06,female,strong,686
90,3.003,True,1.0,0.4619498537652737,0.45393207820985254,0.4579409659875631,0.9246720578627248,-0.04083333333333339,-0.039490740740740826,0.3890093036932015,0.317843743791071,0.1715282225678135,0.4952468954734525,0.008017775555421158,0.001342592592592562,0.012977949141289632,0.33543022202717415,0.12110783606724086,0.11349910187931382,0.0,0.9999999987499999,0.6279685348905187,0.27119593506160233,0.28955410358916095,0.3480941924832353,sad,04,06,06,female,strong,686
100,3.336666666666667,True,1.0,0.4964139612294834,0.5059095693801817,0.5011617653048326,1.035771034830856,-0.04453703703703704,-0.04231481481481475,0.36599847451224904,0.42506998463649115,0.16667811036558883,0.48385381368255154,0.009495608150698331,0.002222222222222292,0.012624222300397345,0.30219620849609463,0.11564622022781647,0.11532005479077713,0.0,0.9999999987499999,0.6240323972870399,0.27453991171036835,0.2817313333888073,0.34422768283333177,sad,04,06,06,female,strong,686
110,3.6703333333333332,True,1.0,0.49428324524970335,0.46505254657109873,0.47966789591040104,1.0499095732237054,-0.043101851851851836,-0.042037037037037095,0.4325884209446033,0.28509876114722843,0.1666831453442138,0.4568659131639308,0.029230698678604616,0.0010648148148147407,0.002617873850156949,0.3134059372897958,0.12005062137493665,0.11411700376846956,0.0,0.9999999987499999,0.6272642867068703,0.27291387309079357,0.3028398842772187,0.3573315272155883,sad,04,06,06,female,strong,686
120,4.0040000000000004,True,1.0,0.45424797958205465,0.45799945513287094,0.4561237173574628,0.9482690840060313,-0.04296296296296287,-0.042268518518518594,0.44476495521186854,0.230727567671746,0.16739803204185624,0.4810066309770801,0.0037514755508162856,0.0006944444444442754,0.010289602219743364,0.32973906446308904,0.12218656764652998,0.11216725379478179,0.0,0.9999999987499999,0.6286265027104592,0.2732941876138318,0.3069213896143873,0.3697838769511729,sad,04,06,06,female,strong,686
130,4.337666666666666,True,1.0,0.4615812131642134,0.44291055642362914,0.45224588479392125,0.9030424097839415,-0.04375000000000001,-0.043240740740740746,0.4684802571705444,0.20463782049019408,0.1666831453442137,0.5008024871192084,0.01867065674058427,0.0005092592592592649,0.008769330141993178,0.33233129205750617,0.12353760047038884,0.11136394029207379,0.0,0.9999999987499999,0.6272700433142008,0.27198553640275586,0.3049570131714923,0.371054630458666,sad,04,06,06,female,strong,686
0,0.0,True,1.0,0.5474412815661595,0.5611606499219247,0.5543009657440421,1.0374016658797878,-0.04828703703703702,-0.05023148148148149,0.3841386229013863,0.40496489289369497,0.17019313924806523,0.5343166335422807,0.01371936835576526,0.0019444444444444708,0.014133653044201814,0.3081825839344219,0.12134914959006943,0.11120382460946601,0.0,0.7071067807446058,0.6237827266922396,0.2657232405152692,0.2932753580813745,0.34252660268146107,sad,04,06,06,female,strong,687
10,0.33366666666666667,True,1.0,0.5617341115172075,0.569034769174873,0.5653844403460402,1.156186052338738,-0.04875000000000007,-0.050555555555555576,0.3820216523917572,0.4552370051354538,0.16944489470319568,0.4890081827248981,0.00730065765766541,0.0018055555555555047,0.0026918980944024627,0.27534918660848545,0.12171257407042531,0.1111492866471944,0.0,0.9999999987499999,0.6224585717880903,0.26758605368678745,0.2957698244019804,0.34977869681126933,sad,04,06,06,female,strong,687
20,0.6673333333333333,True,1.0,0.48980494841457817,0.488662827680679,0.4892338880476286,1.14588183786215,-0.05249999999999999,-0.054027777777777786,0.37815997420273056,0.492141558569,0.1666707864887947,0.4269496835383855,0.0011421207338991879,0.0015277777777777946,0.002191089395112843,0.28241640302206905,0.12235164009120975,0.1107898852375997,0.0,0.9999999987499999,0.6276334046900011,0.2666570512030373,0.2973774427178596,0.35184356780949283,sad,04,06,06,female,strong,687
30,1.0010000000000001,True,1.0,0.4972385514997593,0.4938898355168383,0.49556419350829883,1.0602510761244273,-0.050277777777777755,-0.0526388888888889,0.3695274467754999,0.46291199872529215,0.16875723364125764,0.4674026791085673,0.0033487159829210245,0.002361111111111147,0.006711724916895118,0.2697257035086698,0.11833858984034559,0.11390159360425449,0.0,0.9999999987499999,0.622517111008466,0.26860260363574384,0.2902139875212152,0.3397143049982871,sad,04,06,06,female,strong,687
40,1.3346666666666667,True,1.0,0.5266241111317951,0.5491528583859349,0.537888484758865,0.9962684880536996,-0.045046296296296306,-0.047361111111111076,0.35873355059142514,0.3891072675686166,0.1729607828386932,0.5399031397747797,0.02252874725413978,0.0023148148148147696,0.00873370941579494,0.30756967311985145,0.12159620171956467,0.11229916304977772,0.0,0.9999999987499999,0.6190300974452281,0.264322937875712,0.28717303448734144,0.34199115860859647,sad,04,06,06,female,strong,687
50,1.6683333333333334,True,1.0,0.5355357170992,0.5350935905478956,0.5353146538235478,1.098688696649905,-0.03921296296296295,-0.040231481481481424,0.39278814877923024,0.3494988462945323,0.1711122298651338,0.4872305098394261,0.00044212655130437817,0.0010185185185184742,0.01321715321183665,0.28483420369951135,0.12374603324636294,0.11113228686278634,0.0,0.7071067807446058,0.6170962486947903,0.26863690547449387,0.30376287730132717,0.3647521751326026,sad,04,06,06,female,strong,687
60,2.0020000000000002,True,1.0,0.2760854963988089,0.2778095206853021,0.2769475085420555,0.8524392366223774,-0.051435185185185195,-0.055555555555555525,0.37641231923760454,0.2961004844701755,0.16836510375590397,0.3248882696195514,0.0017240242864932087,0.00412037037037033,0.03311512466479047,0.3547448887817971,0.1199534591514231,0.11488440133283204,0.0,0.9999999987499999,0.6395412106092437,0.26486308556096716,0.25919389855591696,0.3083187746376922,sad,04,06,06,female,strong,687
70,2.3356666666666666,True,1.0,0.527340178084627,0.4882806353876442,0.5078104067361355,0.8787610078920418,-0.037407407407407445,-0.038101851851852,0.38253382006134684,0.24858932009294815,0.17467327532724194,0.5778708911473703,0.03905954269698275,0.000694444444444553,0.031349744799340155,0.34064511599436703,0.12127024668292208,0.11349354740001512,0.0,0.9999999987499999,0.6084976707167242,0.26505882982287365,0.27487756687231313,0.3336583394480963,sad,04,06,06,female,strong,687
80,2.6693333333333333,True,1.0,0.2839912590371764,0.2966524725727835,0.29032186580498,0.8760390486337067,-0.05268518518518506,-0.05601851851851852,0.3591950229369081,0.33618381862040964,0.1718761398671517,0.3314028823917992,0.012661213535607063,0.003333333333333466,0.031470950118433566,0.3332403988034871,0.12294272331409871,0.11185011740566388,0.0,0.9999999987499999,0.6165778016284639,0.26779631766433853,0.27794761018194813,0.32630144911995396,sad,04,06,06,female,strong,687
90,3.003,True,1.0,0.5122888789944344,0.4850020094815041,0.4986454442379693,0.858346393089829,-0.03699074074074071,-0.03777777777777791,0.4244629281517664,0.14301099439280665,0.17307587307197603,0.5809373095201954,0.0272868695129303,0.0007870370370371971,0.03662032823365882,0.3496458833949124,0.1211196371328779,0.11415604835292088,0.0,0.7071067807446058,0.6114182861660288,0.2691638665186387,0.28663962791903735,0.34451390286683453,sad,04,06,06,female,strong,687
100,3.336666666666667,True,1.0,0.4815334681821777,0.4572745549288334,0.46940401155550554,0.8291184571845511,-0.04379629629629628,-0.04523148148148154,0.4477150271639362,0.13608077033527677,0.1729912164377913,0.566148307866004,0.024258913253344283,0.0014351851851852615,0.02473873859600914,0.3608930122176583,0.12009764294307679,0.11390037073557552,0.0,0.7071067807446058,0.6180960557426095,0.26815457475748683,0.2973988078257791,0.3566604645280499,sad,04,06,06,female,strong,687
110,3.6703333333333332,True,1.0,0.5043672433384159,0.5039452436240999,0.5041562434812579,0.8035924025381128,-0.04768518518518522,-0.04694444444444451,0.4308525626797998,0.18142648436641742,0.17293254978509282,0.6273780611774098,0.0004219997143160015,0.0007407407407407085,0.012157414311294069,0.39005676054113186,0.12231726238999453,0.11287186184358705,0.0,0.9999999987499999,0.6188187967687074,0.2694520801974525,0.3008907657242772,0.3581070795641647,sad,04,06,06,female,strong,687
0,0.0,True,1.0,0.6835184872603242,0.6807681671673301,0.6821433272138271,0.8548044037844843,-0.05064814814814822,-0.04893518518518519,0.35535026047746615,0.3662708422511964,0.16740669132805944,0.7980110118686414,0.0027503200929940297,0.0017129629629630272,0.011702175143639592,0.32334137169961435,0.12541812057040624,0.1088923921350221,0.0,0.9999999987499999,0.6241938514077506,0.26509248310920963,0.2802929646747975,0.32390709154226555,angry,05,06,06,female,normal,688
10,0.33366666666666667,True,1.0,0.669769588184374,0.6804697178610647,0.6751196530227194,1.1683456528696559,-0.052453703703703725,-0.04976851851851849,0.34615658734699284,0.49069137370443655,0.16883859075034502,0.5778423973800139,0.01070012967669065,0.002685185185185235,0.011184979749448218,0.24785191608717771,0.12236733579163811,0.11179973756828107,0.0,0.9999999987499999,0.6258942156237496,0.26469952719925655,0.28511197841357555,0.3435030945287356,angry,05,06,06,female,normal,688
20,0.6673333333333333,True,1.0,0.654110364583384,0.6481671578120934,0.6511387611977387,1.3286478737962262,-0.05064814814814822,-0.04861111111111105,0.3400541632724436,0.5602731997935897,0.16604988980092197,0.4900762452110795,0.005943206771290566,0.0020370370370371704,0.009970319637695913,0.22396887363640972,0.12202985204648786,0.11250719663108304,0.0,0.9999999987499999,0.6268905783954206,0.26430300892496333,0.28812514871391254,0.3611129994974593,angry,05,06,06,female,normal,688
30,1.0010000000000001,True,1.0,0.6422580130632913,0.6307636600318465,0.6365108365475689,1.125845124344518,-0.049120370370370314,-0.0468055555555556,0.4415107314077635,0.38350035276305094,0.16463941431466747,0.5653626975718832,0.01149435303144486,0.002314814814814714,0.009254591147231827,0.2666834290211174,0.12057356579283626,0.11238385044425911,0.0,0.9999999987499999,0.6258357608121373,0.2669493081286118,0.3080459470682523,0.3731760587033583,angry,05,06,06,female,normal,688
40,1.3346666666666667,True,1.0,0.7015095475886892,0.6690737337641567,0.6852916406764229,1.3949000094740454,-0.04879629629629628,-0.04578703703703696,0.3334712915788497,0.664223207316284,0.1736326429790067,0.4912837020732517,0.03243581382453253,0.0030092592592593226,0.001255463204683794,0.20124076971691038,0.11576504660583095,0.1176553291903696,0.0,0.9999999987499999,0.6615629611532112,0.28513392650560854,0.2643299674262449,0.3678657866783038,angry,05,06,06,female,normal,688
50,1.6683333333333334,True,1.0,0.6585470704934371,0.6550605825152749,0.656803826504356,2.0239857620988984,-0.04467592592592595,-0.041805555555555596,0.31273719743599754,0.747958949399563,0.17088736323246195,0.32451010219718257,0.0034864879781622005,0.0028703703703703565,0.003921587049269079,0.15675559840172673,0.11859806094608416,0.11446665255874845,0.0,0.9999999987499999,0.6151448766694179,0.268052950364785,0.28262850304450227,0.36009465664862816,angry,05,06,06,female,normal,688
60,2.0020000000000002,True,1.0,0.6575975416909284,0.6490874753204716,0.6533425085057001,0.5866828475212541,-0.04379629629629622,-0.0411111111111111,0.38405040570899396,0.190671925444408,0.1730930638915411,1.1136212883435817,0.008510066370456815,0.002685185185185124,0.008927000066980545,0.4787781486502904,0.12115321546495182,0.11226898429148242,0.0,0.9999999987499999,0.6180606350196329,0.26108592084705134,0.2908795939652744,0.3544814574496077,angry,05,06,06,female,normal,688
70,2.3356666666666666,True,1.0,0.6134151165929197,0.6366148221967479,0.6250149693948338,0.8847389673360218,-0.04171296296296295,-0.04060185185185183,0.34832574259068716,0.32172326084946234,0.17439132410786204,0.7064399698328814,0.023199705603828225,0.0011111111111111183,0.017348889321324328,0.3496234692464646,0.11853993488663736,0.11369203449622929,0.0,0.9016404561302226,0.6134076566173343,0.26660309853149583,0.2797049059814656,0.34586942235015594,angry,05,06,06,female,normal,688
80,2.6693333333333333,True,1.0,0.6858719075712378,0.6623603762127193,0.6741161418919785,1.419774925771366,-0.044259259259259276,-0.042037037037036984,0.28234613036303563,0.5619770915330532,0.1736853628108892,0.4748049353849027,0.023511531358518578,0.002222222222222292,0.005829778820903534,0.2050092810791049,0.11880067960101039,0.11375500557011367,0.0,0.8533281601681673,0.6155585948285563,0.2632330163410482,0.26788744980570867,0.33243036971102874,angry,05,06,06,female,normal,688
90,3.003,True,1.0,0.6459710342361741,0.6618979109507624,0.6539344725934683,0.962472330463287,-0.0410185185185184,-0.03907407407407415,0.36913996115114994,0.30077260326977645,0.17160293092747086,0.6794319710767127,0.015926876714588367,0.0019444444444442488,0.00200434267600153,0.30801375727459046,0.12568319461069102,0.10858633719145855,0.0,0.9999999987499999,0.6082397332995698,0.26213799566855767,0.28511911184455907,0.3469702938658254,angry,05,06,06,female,normal,688
100,3.336666666666667,True,1.0,0.6048537818232584,0.6089240787136482,0.6068889302684533,0.9090873785836726,-0.03930555555555543,-0.038194444444444364,0.38442405096655763,0.27415828176672036,0.1709208442652337,0.6675804158825367,0.004070296890389735,0.0011111111111110628,0.005199494618089514,0.339643272151575,0.12163910140506481,0.11157173259059658,0.0,0.9999999987499999,0.6121959337797619,0.2607521179743944,0.2824515679976825,0.3509790980576129,angry,05,06,06,female,normal,688
110,3.6703333333333332,True,1.0,0.6409948480385209,0.6230100709307576,0.6320024594846392,0.9021594746491134,-0.04217592592592595,-0.040092592592592624,0.3755130132635895,0.280988545766527,0.1729801903900014,0.7005440581671558,0.01798477710776336,0.002083333333333326,0.0011433006323155377,0.342745678291052,0.12054078469420614,0.11207955183157692,0.0,0.9999999987499999,0.6096810875522085,0.2621634848340477,0.27832592089882974,0.34482457193182126,angry,05,06,06,female,normal,688
0,0.0,True,1.0,0.5750757595878422,0.5925668666701227,0.5838213131289824,0.849025650905851,-0.053333333333333344,-0.051990740740740726,0.36637014363297116,0.365890509958061,0.16270691829103523,0.687636837009678,0.01749110708228052,0.0013425925925926174,0.015714182283527958,0.33371075206560485,0.12362129686488321,0.11127102447951441,0.0,0.9999999987499999,0.6848074572094462,0.2760346515360166,0.2712114062890167,0.3671321519513584,angry,05,06,06,female,normal,689
10,0.33366666666666667,True,1.0,0.6043068516384126,0.616445158315659,0.6103760049770358,0.9324898169152477,-0.0537962962962964,-0.05342592592592588,0.3503454516128526,0.43550485923976423,0.1632995988143311,0.6545658664629812,0.012138306677246469,0.0003703703703705208,0.012371495680345701,0.29678433157510314,0.11828760666670535,0.11577901538211158,0.0,0.9999999987499999,0.6837829420440052,0.2772529348334258,0.2640633521118875,0.37245755183283746,angry,05,06,06,female,normal,689
20,0.6673333333333333,True,1.0,0.6377615453184488,0.62124953400679,0.6295055396626194,1.551108230818016,-0.0568055555555555,-0.05333333333333323,0.3610766861343189,0.7228357752039212,0.16052364068832686,0.4058424339161902,0.016512011311658803,0.0034722222222222654,0.014600366400399986,0.22411481367766362,0.11423373249430496,0.11834042895637613,0.0,0.9999999987499999,0.684077498077356,0.27883477512401855,0.27659911837930085,0.4002214625470907,angry,05,06,06,female,normal,689
30,1.0010000000000001,True,1.0,0.5974742610057625,0.5647182863434934,0.5810962736746279,1.124682531125609,-0.05245370370370356,-0.050138888888888844,0.4618840926472168,0.3906723468182119,0.1681009474754647,0.5166758241483959,0.032755974662269094,0.002314814814814714,0.0031780468211303026,0.2725669743222259,0.11917400082997817,0.11336384032018387,0.0,0.9999999987499999,0.633597657297294,0.26803454614494143,0.3196863685249998,0.3783244864813401,angry,05,06,06,female,normal,689
40,1.3346666666666667,True,1.0,0.6633656316183576,0.6467439099001722,0.6550547707592649,1.0370618754183398,-0.053379629629629666,-0.051712962962963016,0.3354031606286974,0.4690722565346446,0.17502789956175557,0.6316448288054392,0.016621721718185434,0.0016666666666666496,0.007190064468633437,0.2504634680401386,0.12003719132070995,0.11176967243282196,0.0,0.8259961958717796,0.6299989627647934,0.2655110387463768,0.2928442193320676,0.3479841878931889,angry,05,06,06,female,normal,689
50,1.6683333333333334,True,1.0,0.6011267959620417,0.6476538089120215,0.6243903024370316,1.9871975847126517,-0.05268518518518517,-0.046018518518518514,0.32670828655676093,0.8343606204146298,0.17223329679369823,0.31420645196049707,0.04652701294997985,0.006666666666666654,0.05783348471653198,0.15610201233404308,0.11649108448813192,0.11693652012135643,0.0,0.9999999987499999,0.628881515387405,0.2731440949321014,0.2547540543560563,0.334339893504096,angry,05,06,06,female,normal,689
60,2.0020000000000002,True,1.0,0.6246473376203635,0.6622401448992395,0.6434437412598015,0.8856939687015897,-0.04560185185185184,-0.041666666666666574,0.40197030436289005,0.22482158925925363,0.173029581607051,0.726485404663055,0.03759280727887604,0.003935185185185264,0.027862381650837112,0.32165526777575665,0.12033709135906308,0.11246775139770807,0.0,0.9999999987499999,0.6193179893050972,0.2636995611643127,0.28470739860620836,0.3515047040802055,angry,05,06,06,female,normal,689
70,2.3356666666666666,True,1.0,0.571769689602489,0.5903881124499462,0.5810789010262176,0.8350075873716911,-0.04148148148148151,-0.03902777777777777,0.3940475137807511,0.25040325934326274,0.17506276776130902,0.6958965520963093,0.018618422847457183,0.0024537037037037357,0.0327768416172715,0.34833517904343214,0.12052280580595694,0.1144535506663796,0.0,0.7825747365554736,0.6222656796312276,0.2638270874027212,0.26775920940418396,0.33467091930723075,angry,05,06,06,female,normal,689
80,2.6693333333333333,True,1.0,0.727240839743375,0.7076280987670182,0.7174344692551966,1.0656871576172824,-0.043472222222222245,-0.041296296296296386,0.2902885767754491,0.4281562769914627,0.17994423168494725,0.6732130195312414,0.01961274097635679,0.002175925925925859,0.014982331228276392,0.2635781086889996,0.11890578885160409,0.1156393683572882,0.0,0.9999999987499999,0.6127000603600815,0.26725634030239165,0.26273746523763813,0.31879427031738944,angry,05,06,06,female,normal,689
90,3.003,True,1.0,0.6363371980336641,0.6467439099001715,0.6415405539669178,0.8939507606126159,-0.038240740740740686,-0.03615740740740736,0.36360403176100664,0.23484079829827023,0.17439132410786204,0.7176464098842269,0.010406711866507434,0.002083333333333326,0.008921845491869767,0.34362296525763164,0.12402057279916279,0.10944191093518182,0.0,0.9999999987499999,0.5967059713260304,0.2622687725154705,0.285135662544641,0.34225982382191694,angry,05,06,06,female,normal,689
100,3.336666666666667,True,1.0,0.5992466043356101,0.618073155563696,0.608659879949653,0.772122007424655,-0.037962962962962976,-0.03615740740740736,0.39697091686657493,0.15848882753065585,0.1744040107707432,0.788294950923345,0.018826551228085964,0.0018055555555556158,0.020633157535753226,0.38526261382123883,0.12096342352587543,0.11145246939765262,0.0,0.9999999987499999,0.596869593986032,0.2611117121825811,0.27737491060316044,0.34395482964779034,angry,05,06,06,female,normal,689
110,3.6703333333333332,True,1.0,0.6275506121687103,0.6198012418902946,0.6236759270295025,0.8209154328493119,-0.03888888888888886,-0.036805555555555536,0.3947864915952097,0.20866938278605227,0.17439132410786193,0.7597322477722076,0.007749370278415713,0.002083333333333326,0.008591813191366744,0.3732962027211234,0.12134301649741817,0.11206381574205579,0.0,0.9256297748720221,0.6106883004451782,0.26388768748852875,0.2821083086407296,0.3414823897154936,angry,05,06,06,female,normal,689
0,0.0,True,1.0,0.6690771079493127,0.6628160064279254,0.6659465571886191,0.9076266714827584,-0.05625000000000002,-0.05319444444444443,0.3399522824982959,0.43769828775404235,0.16260560345630964,0.7337229921865177,0.006261101521387369,0.003055555555555589,0.01991482926429624,0.29085621583877613,0.12201584611614863,0.11218324066444234,0.0,0.9999999987499999,0.6836088206063674,0.277005863284073,0.2619948892818565,0.3618076930584546,angry,05,06,06,female,normal,690
10,0.33366666666666667,True,1.0,0.6659735810659843,0.6793123109546904,0.6726429460103374,1.3371786079272379,-0.05805555555555553,-0.054027777777777786,0.3348691403102647,0.6040914730866987,0.1625793263410684,0.5030314888547327,0.013338729888706102,0.004027777777777741,0.01980598482308205,0.20471740331452404,0.11325453692679095,0.11799313984354573,0.0,0.9999999987499999,0.6833939322916668,0.2787512131288824,0.2636824303573626,0.37640187955706766,angry,05,06,06,female,normal,690
20,0.6673333333333333,True,1.0,0.6796686429974595,0.661699727193511,0.6706841850954852,1.4193756260269048,-0.057731481481481606,-0.05388888888888893,0.34236686748578554,0.6451180244761621,0.16260560345630964,0.47252057369257106,0.01796891580394855,0.003842592592592675,0.014055765906056986,0.2112261095014008,0.12040498724932898,0.11273356910011995,0.0,0.7071067807446058,0.6375908152479741,0.26677248683808863,0.28747981506452414,0.3619226315054315,angry,05,06,06,female,normal,690
30,1.0010000000000001,True,1.0,0.6471087925991711,0.6468824958579203,0.6469956442285457,1.1544647931042218,-0.05287037037037029,-0.05050925925925931,0.3826688801564885,0.5194577970316799,0.16882638968335376,0.5604290820241036,0.00022629674125074217,0.0023611111111109806,0.01497575860500824,0.24733587727358047,0.11843807451155615,0.11363060076002932,0.0,0.9999999987499999,0.6318535050113796,0.27025658998678037,0.28720400013821573,0.3512732054467859,angry,05,06,06,female,normal,690
40,1.3346666666666667,True,1.0,0.6553355243468106,0.6642560122789483,0.6597957683128794,1.2905487120132288,-0.052962962962962934,-0.050185185185185166,0.35609700452033105,0.5830256840099215,0.16742674269242563,0.5112521225825036,0.008920487932137622,0.002777777777777768,0.016923390495805508,0.2104162181561971,0.11936979078729622,0.11332590066174808,0.0,0.9999999987499999,0.6280014228503902,0.2690790335091348,0.2846457631602319,0.3426945565867609,angry,05,06,06,female,normal,690
50,1.6683333333333334,True,1.0,0.6093484592721242,0.6334754185316661,0.6214119389018952,1.2331590033241497,-0.04893518518518514,-0.047083333333333255,0.35535030746682433,0.5471602088652014,0.16877215204719245,0.5039187462661293,0.02412695925954189,0.0018518518518518823,0.01227190299842091,0.2393654077729213,0.12151285400101028,0.11323375973532485,0.0,0.9999999987499999,0.6287096274290966,0.2692758637685596,0.2900978790598413,0.34764251263919127,angry,05,06,06,female,normal,690
60,2.0020000000000002,True,1.0,0.6358379378715586,0.6389382615033877,0.6373880996874732,1.152631094909797,-0.0523148148148147,-0.04847222222222225,0.4107427970519029,0.4106990474009782,0.16533362320449566,0.5529853415392668,0.003100323631829105,0.003842592592592453,0.014168355948307744,0.2467576396056167,0.12138895887909035,0.11235370491822935,0.0,0.9999999987499999,0.6311997232643058,0.26843034726809256,0.30356919394555687,0.37600082129520523,angry,05,06,06,female,normal,690
70,2.3356666666666666,True,1.0,0.6735057080014318,0.6495879147941603,0.661546811397796,1.7103045763295956,-0.0508333333333334,-0.05143518518518514,0.3756971154284871,0.6942260636764227,0.1646876008887789,0.3868005854357886,0.0239177932072715,0.0006018518518517424,0.019354663221581993,0.18824279702282368,0.11705602227364262,0.11669797790834013,0.0,0.9999999987499999,0.626602354394883,0.27227831852549567,0.2955480552768275,0.3679983430569508,angry,05,06,06,female,normal,690
80,2.6693333333333333,True,1.0,0.6633884906756067,0.6462090965370996,0.6547987936063531,1.139633190432483,-0.04865740740740737,-0.047731481481481486,0.36111111111111127,0.5166191832858504,0.1722239942015136,0.5745697818417007,0.01717939413850711,0.0009259259259258856,0.0005376934952815331,0.24785191608717747,0.11913415844249199,0.11273171367360682,0.0,0.9999999987499999,0.628715501997674,0.26799025925945225,0.28797250499336574,0.34402442062389094,angry,05,06,06,female,normal,690
90,3.003,True,1.0,0.6901184626915297,0.7103529986439996,0.7002357306677647,1.673005418095441,-0.05282407407407408,-0.04879629629629623,0.2685517418330121,0.8565828141928823,0.17018372513671265,0.4185495893162839,0.020234535952469934,0.004027777777777852,0.02714098177606948,0.1731544650561064,0.1247648852920741,0.10911768686935452,0.0,0.9999999987499999,0.6239875666594762,0.2655101912408715,0.27791550224211026,0.3262998962027526,angry,05,06,06,female,normal,690
100,3.336666666666667,True,1.0,0.6624952523220407,0.6904245262727542,0.6764598892973974,1.036518893782726,-0.050694444444444375,-0.047453703703703665,0.35806690998644325,0.4038131865307746,0.16950926939060415,0.6526266847183937,0.02792927395071354,0.0032407407407407107,0.011762916042566874,0.27447333821508857,0.12339162893535523,0.11186679458549073,0.0,0.9999999987499999,0.6279561130936749,0.2641051530306131,0.2744528920133542,0.33427731662696425,angry,05,06,06,female,normal,690
110,3.6703333333333332,True,1.0,0.6625406519027462,0.662557287380414,0.66254896964158,0.928687682909619,-0.0505092592592592,-0.04699074074074078,0.3712628226510545,0.3315552525765526,0.1695326723072839,0.7134249563489259,1.6635477667725773e-05,0.003518518518518421,0.011959292878143657,0.305117400881385,0.12262748906238101,0.11134334810915779,0.0,0.9999999987499999,0.6302193538274685,0.26321156096045417,0.2764742794983072,0.3365808257207801,angry,05,06,06,female,normal,690
120,4.0040000000000004,True,1.0,0.6565280665107353,0.662557287380414,0.6595426769455746,0.8992270180298986,-0.049907407407407345,-0.04615740740740737,0.3705536932744671,0.33155525257655244,0.17022675682426708,0.7334551383815797,0.00602922086967872,0.0037499999999999756,0.018887386394564103,0.31511372140568533,0.12463484014471352,0.10961437271956788,0.0,0.9999999987499999,0.6217262824348488,0.2647133040928487,0.2792063419750507,0.33649792613106405,angry,05,06,06,female,normal,690
0,0.0,True,1.0,0.651206106454664,0.6427874566679661,0.6469967815613151,0.8406465026910916,-0.052638888888888846,-0.048518518518518516,0.36040991483125945,0.37511834212868805,0.16885169461806016,0.7696419118977337,0.00841864978669793,0.00412037037037033,0.020135363646069267,0.32325987672400636,0.12218037334665677,0.11097873162337041,0.0,0.9999999987499999,0.6285548439141282,0.26298486208745503,0.275096150198942,0.32367076219746016,angry,05,06,06,female,normal,691
10,0.33366666666666667,True,1.0,0.6473709652892539,0.6654991873417739,0.6564350763155139,0.9755858919249706,-0.05129629629629623,-0.048472222222222194,0.35318581346324013,0.4342896534387575,0.16817173440589367,0.6728624119607486,0.01812822205252007,0.0028240740740740344,0.022102211709306114,0.2828824686639798,0.12345914470609438,0.10990163778490451,0.0,0.9999999987499999,0.6271737116565377,0.26497930867387076,0.281199909749919,0.3335719462411255,angry,05,06,06,female,normal,691
20,0.6673333333333333,True,1.0,0.6408700815292823,0.6244262279306552,0.6326481547299687,1.4475849376931123,-0.051805555555555494,-0.04722222222222222,0.35082877484170233,0.6070073374070425,0.1681445121901067,0.43703698363853105,0.0164438535986271,0.004583333333333273,0.01967791962080243,0.2119509495889021,0.11945242657601413,0.11256379839218221,0.0,0.9999999987499999,0.6325070878507653,0.2649865391262224,0.2939589351065289,0.36605105691059686,angry,05,06,06,female,normal,691
30,1.0010000000000001,True,1.0,0.652855558824996,0.6645740995731987,0.6587148291990974,1.1429553938735901,-0.049861111111111134,-0.04685185185185187,0.37629867158452746,0.5055248176113905,0.17232186774333413,0.5763259290169207,0.011718540748202666,0.003009259259259267,0.018419007350696976,0.23935189431941203,0.1186045403779682,0.11362463585246449,0.0,0.915158025875262,0.6299866831889005,0.26802461885887147,0.2849047425800905,0.3437331903322561,angry,05,06,06,female,normal,691
40,1.3346666666666667,True,1.0,0.6224911562488838,0.5954035210000405,0.6089473386244622,1.266142404686739,-0.05087962962962972,-0.04712962962962969,0.3480849825868325,0.5617257370866656,0.17023975384068282,0.4809469585493616,0.02708763524884339,0.003750000000000031,0.021631395545133575,0.2263342807541633,0.1235977051063414,0.10957204818911617,0.0,0.9999999987499999,0.624969021702431,0.2669197937752649,0.2889067318936669,0.33851953017217856,angry,05,06,06,female,normal,691
50,1.6683333333333334,True,1.0,0.5913026583799438,0.6081236560269042,0.599713157203424,1.2174787288443496,-0.048750000000000016,-0.04629629629629628,0.37315306032874795,0.4840133492050336,0.1736326429790067,0.49258614790968985,0.016820997646960434,0.0024537037037037357,0.013692678334228579,0.26455738839666126,0.11940909071767024,0.11412228312328482,0.0,0.9999999987499999,0.619968227236207,0.2686473761460626,0.28211998109367137,0.33849181804862855,angry,05,06,06,female,normal,691
60,2.0020000000000002,True,1.0,0.6533043527456869,0.653449863246721,0.653377107996204,1.1163529823163008,-0.049212962962963014,-0.044629629629629686,0.38340354069610727,0.4098004618629465,0.17301591223497842,0.585278239361643,0.00014551050103417396,0.004583333333333328,0.02519427438445234,0.2661722104384259,0.11296037482947854,0.11714178276904953,0.0,0.9999999987499999,0.6599694430975517,0.28381238107148166,0.266037121271157,0.3837657480164357,angry,05,06,06,female,normal,691
70,2.3356666666666666,True,1.0,0.6169670871867798,0.6229189630057513,0.6199430250962656,1.319095027091413,-0.047824074074074074,-0.045416666666666716,0.38009126660231063,0.5448028673835118,0.1694484967301334,0.46997601565008684,0.005951875818971497,0.002407407407407358,0.007456565141027794,0.24478834315986187,0.12425354815085288,0.11021938942072972,0.0,0.9999999987499999,0.6231094600105668,0.2651962341631945,0.29179754427009513,0.3482547162686284,angry,05,06,06,female,normal,691
80,2.6693333333333333,True,1.0,0.683761150363023,0.7039163574427523,0.6938387539028876,1.2899608861097323,-0.054629629629629584,-0.05337962962962961,0.30682683051652077,0.555247343663594,0.17711090471635121,0.5378758079986197,0.020155207079729287,0.0012499999999999734,0.01017192089484391,0.19722375799714598,0.11906223185021432,0.11381649971743454,0.0,0.9999999987499999,0.6216584313178396,0.26532337263808325,0.2697346515680956,0.31926135738418954,angry,05,06,06,female,normal,691
90,3.003,True,1.0,0.6471070277527736,0.6437373931707514,0.6454222104617625,1.1767527403260962,-0.04814814814814822,-0.046805555555555545,0.35444160894877047,0.4966283482558716,0.17434932029289182,0.5484773379689825,0.0033696345820222184,0.001342592592592673,0.017408804003296013,0.2705751508233436,0.11820546721694247,0.11602719405908117,0.0,0.9999999987499999,0.6570737919464661,0.2844789966142219,0.26576303729783285,0.37516936501246356,angry,05,06,06,female,normal,691
100,3.336666666666667,True,1.0,0.6778512643403052,0.6602932023111546,0.66907223332573,0.9885771231589572,-0.047870370370370285,-0.0441666666666668,0.37413633997482554,0.3851357468047508,0.1694809115276026,0.6768032737675918,0.017558062029150556,0.003703703703703487,0.014633944892210577,0.315614056425175,0.12096032781782086,0.11332054219419331,0.0,0.9999999987499999,0.6563645813794267,0.2835585634295287,0.26310102671567415,0.3730640817792134,angry,05,06,06,female,normal,691
110,3.6703333333333332,True,1.0,0.6797838265116847,0.6493982989712038,0.6645910627414442,0.9212348656759936,-0.048194444444444484,-0.04509259259259257,0.383548043154771,0.3259266009945584,0.17296078283869332,0.72141327635681,0.03038552754048085,0.003101851851851911,0.01454676598022292,0.31300736409276564,0.11738388923497131,0.11653178490802424,0.0,0.9999999987499999,0.6543114306347539,0.28574020031896236,0.25803840195440636,0.3715190438386573,angry,05,06,06,female,normal,691
0,0.0,True,1.0,0.6546082909466285,0.6515305245760821,0.6530694077613552,0.7888526574666678,-0.05509259259259258,-0.05189814814814814,0.3541937527246004,0.3488339710270941,0.1680669046848666,0.8278724823703216,0.003077766370546464,0.003194444444444444,0.01896014380526074,0.3374560464471748,0.1258279981306555,0.10876939281769821,0.0,0.9999999987499999,0.6266849998827656,0.26148342961437654,0.28922506341852666,0.3301834681441469,angry,05,06,06,female,strong,692
10,0.33366666666666667,True,1.0,0.6948606400590507,0.6940647152383933,0.6944626776487219,0.8335979409795616,-0.056481481481481466,-0.054259259259259285,0.350538765602927,0.3703072038268415,0.17015009905848225,0.8330906825809313,0.0007959248206573788,0.002222222222222181,0.014473399275873013,0.31453359031628286,0.12331991755125428,0.10953728356884108,0.0,0.9999999987499999,0.6236015876663165,0.2616197143455496,0.2871430858936184,0.33280252822730516,angry,05,06,06,female,strong,692
20,0.6673333333333333,True,1.0,0.6291327700363839,0.634752410945102,0.631942590490743,1.3486013688700904,-0.048009259259259196,-0.045370370370370505,0.39472118579531984,0.6054545997449725,0.16251173710617223,0.4685910937642074,0.005619640908718138,0.0026388888888886908,0.00879629178733252,0.23619931916884424,0.12111016854996583,0.11366435283581972,0.0,0.9619947244157641,0.6277030558629703,0.26261478827398393,0.3107748820349772,0.37072039387400585,angry,05,06,06,female,strong,692
30,1.0010000000000001,True,1.0,0.5351453248553377,0.5266717839353176,0.5309085543953276,1.0751241068149706,-0.03379629629629627,-0.0350462962962963,0.4832905033370034,0.26594709087781915,0.16597268190058678,0.4938114130545649,0.008473540920020173,0.0012500000000000289,0.0046508834995530254,0.3021517972078342,0.11479704291766436,0.11987824248330528,0.0,0.9999999987499999,0.6071285063322204,0.26279598591366143,0.2743997904113722,0.317058545488634,angry,05,06,06,female,strong,692
40,1.3346666666666667,True,1.0,0.5936302578523351,0.5987074278792814,0.5961688428658083,1.4614181686830932,-0.03773148148148148,-0.03671296296296289,0.35832796378908627,0.5875706214689267,0.17361155056367997,0.4079385733947905,0.005077170026946298,0.0010185185185185852,0.00993507726087438,0.22035711968414545,0.1234550059018588,0.11111309351230893,0.0,0.9999999987499999,0.5996789792010554,0.2620936769107143,0.30509443020176863,0.3540061483388732,angry,05,06,06,female,strong,692
50,1.6683333333333334,True,1.0,0.6455547578950196,0.6283609090488742,0.6369578334719469,1.9136655485850633,-0.04337962962962966,-0.04180555555555565,0.3536375017158201,0.7745711940183133,0.17152822256781344,0.33284699823482966,0.017193848846145388,0.0015740740740740056,0.0007072107733622304,0.1696411666900362,0.12241554088819544,0.11208741871253206,0.0,0.7839738659541551,0.592277504353304,0.2629327432189565,0.30430677263759975,0.35368247751890974,angry,05,06,06,female,strong,692
60,2.0020000000000002,True,1.0,0.6166647354034979,0.6220083567466193,0.6193365460750586,0.5875721220856249,-0.036111111111111094,-0.03430555555555548,0.3780653575111294,0.15764130104736332,0.17361506614418637,1.0540604681459083,0.005343621343121385,0.0018055555555556158,0.009805495770445361,0.4939024390243893,0.11989655964054818,0.11461180184841858,0.0,0.9999999987499999,0.6479773373568177,0.28197112838180266,0.27619929800929255,0.3689842549696962,angry,05,06,06,female,strong,692
70,2.3356666666666666,True,1.0,0.61739836241329,0.6203093128955915,0.6188538376544408,1.1183086482985316,-0.03361111111111115,-0.032638888888888884,0.37911525967234455,0.4444444444444441,0.1708337799314538,0.5533837537570739,0.0029109504823014998,0.0009722222222222632,0.008244477835330728,0.2815347330912381,0.12042617981622131,0.11488735826594464,0.0,0.9999999987499999,0.6485826354057248,0.2846728686923681,0.2781293576749675,0.3778063210943839,angry,05,06,06,female,strong,692
80,2.6693333333333333,True,1.0,0.742121312779074,0.7155796418803645,0.7288504773297193,1.560656510218892,-0.04949074074074089,-0.046666666666666634,0.2463006012974225,0.8561673743779113,0.18264557246431648,0.46701530577506345,0.026541670898709513,0.0028240740740742565,0.0010446246176407954,0.19530653980835683,0.12214360317792877,0.11084745716259863,0.0,0.8350843914817724,0.576277755016069,0.26865751593383763,0.28807713435307447,0.3360977061437171,angry,05,06,06,female,strong,692
90,3.003,True,1.0,0.6661193775092633,0.6583180092868121,0.6622186933980376,1.657062420019795,-0.040879629629629655,-0.03759259259259262,0.3587655406153293,0.6703570699170989,0.1695205211961137,0.3996341268726177,0.007801368222451255,0.0032870370370370328,0.016010012645456602,0.19943181818181846,0.12271060987590923,0.11261340970912176,0.0,0.9999999987499999,0.6399357963497899,0.2838546496295453,0.29320584817485584,0.3927679419033905,angry,05,06,06,female,strong,692
100,3.336666666666667,True,1.0,0.6681748566426381,0.6828329100221722,0.6755038833324052,1.1869988246004926,-0.04384259259259249,-0.04106481481481494,0.37048059063444194,0.43226035129089946,0.1694894643986727,0.5690855536944268,0.014658053379534075,0.002777777777777546,0.008130904307579208,0.24428294052050858,0.12418714711064834,0.11029419986930124,0.0,0.9999999987499999,0.5961771053733994,0.2619819362910115,0.3013109681354986,0.3452944296999745,angry,05,06,06,female,strong,692
110,3.6703333333333332,True,1.0,0.6405110822060407,0.654577782707587,0.6475444324568138,1.1333967505279054,-0.04199074074074083,-0.040694444444444366,0.3670066483579936,0.41755578729183007,0.16881509161283534,0.5713307649375253,0.014066700501546348,0.001296296296296462,0.012607883870401982,0.2667647503643132,0.12177230592467696,0.11142633447075721,0.0,0.9999999987499999,0.5988941875109419,0.2641693233398809,0.295180797691451,0.34910181485745845,angry,05,06,06,female,strong,692
120,4.0040000000000004,True,1.0,0.7078434324002667,0.6860912362118837,0.6969673343060752,1.0577773618663273,-0.04569444444444448,-0.04152777777777783,0.37031833774517436,0.4096896421105634,0.167438134443326,0.6588979490696946,0.021752196188382977,0.004166666666666652,0.004919551635509538,0.29346276460783155,0.12064423442492483,0.11348925474006184,0.0,0.9999999987499999,0.6378731387867647,0.28509338487672603,0.27026560561705104,0.37524274134283964,angry,05,06,06,female,strong,692
0,0.0,True,1.0,0.669804341349495,0.677555654920923,0.673679998135209,1.0275020598877127,-0.04763888888888884,-0.04527777777777786,0.37429136617508907,0.3889703644403835,0.16459075009659904,0.6556483188061247,0.007751313571427998,0.0023611111111109806,0.011509121466156031,0.28160348627709963,0.12407723454987324,0.11093425864464534,0.0,0.9999999987499999,0.62823774984994,0.2645242957905942,0.290232551598707,0.34299632389781337,angry,05,06,06,female,strong,693
10,0.33366666666666667,True,1.0,0.6915297651429227,0.6919584065797009,0.6917440858613118,1.0148890064823484,-0.04976851851851849,-0.04717592592592579,0.36617095798284316,0.41041901247023216,0.16530039514109188,0.6815958015536382,0.00042864143677812105,0.002592592592592702,0.008955164531497223,0.27336441964494684,0.1225463288445229,0.11194441196834434,0.0,0.9999999987499999,0.6269970562052946,0.26311579712596406,0.2898539376310899,0.3396075048457934,angry,05,06,06,female,strong,693
20,0.6673333333333333,True,1.0,0.6495879147941612,0.6568045387784707,0.653196226786316,1.4116340411640809,-0.043564814814814834,-0.0431481481481481,0.3898967949649476,0.5730306744358395,0.15695659699178283,0.46272348763116283,0.007216623984309445,0.0004166666666667318,0.007529225449847974,0.2396810651766623,0.11975202816065307,0.11509435165565782,0.0,0.7071067807446058,0.6224863841552245,0.2630824904440559,0.30680801447543415,0.3687888986671436,angry,05,06,06,female,strong,693
30,1.0010000000000001,True,1.0,0.5377175196012595,0.5267635574251297,0.5322405385131945,1.111054597758302,-0.037314814814814856,-0.0344444444444445,0.47352358840551045,0.29822521698855603,0.16044710209113924,0.4790408496459665,0.010953962176129761,0.0028703703703703565,0.005725273498052482,0.29604744208088746,0.11790412993996927,0.11747419298410187,0.0,0.9999999987499999,0.6129703011751575,0.2661083440143706,0.2955427798653691,0.3476335886255841,angry,05,06,06,female,strong,693
40,1.3346666666666667,True,1.0,0.611224096629391,0.5873519939798104,0.5992880453046008,1.435763190081818,-0.038935185185185184,-0.03662037037037047,0.39700440977394635,0.567468308460909,0.16527962420916556,0.41740034111784824,0.023872102649580618,0.002314814814814714,0.014866259743323552,0.24107142857142852,0.11116679397700724,0.1210687520960745,0.0,0.9999999987499999,0.6448025980626625,0.28501495019598605,0.26803089973246086,0.3787872467643066,angry,05,06,06,female,strong,693
50,1.6683333333333334,True,1.0,0.6089240787136481,0.601574014613747,0.6052490466636975,1.8377081269846232,-0.03912037037037036,-0.03703703703703709,0.35777304915719527,0.72900818260547,0.16597635928167104,0.3293499320029735,0.007350064099901021,0.0020833333333332704,0.007607377668003074,0.18148991896827657,0.11848951313208811,0.11524220440720732,0.0,0.7814516531449947,0.5925592332792492,0.26485956901407476,0.29300186546153856,0.3451731386469195,angry,05,06,06,female,strong,693
60,2.0020000000000002,True,1.0,0.6943407085409903,0.6902278328901734,0.6922842707155819,1.1481691493001651,-0.043611111111111156,-0.04083333333333333,0.44605752218183103,0.30864197530864207,0.17229707246693468,0.602946239356409,0.004112875650816861,0.0027777777777778234,0.011391460367478365,0.260075888028451,0.11790563809427218,0.11714786589696624,0.0,0.9999999987499999,0.643427869632228,0.28660868899104924,0.29302818054633745,0.39084645625495906,angry,05,06,06,female,strong,693
70,2.3356666666666666,True,1.0,0.6376067645334954,0.6155275451087078,0.6265671548211016,1.6987815818927996,-0.04476851851851854,-0.04375000000000007,0.41410427206393946,0.5662551440329219,0.1666890955774204,0.36883326349875667,0.022079219424787633,0.0010185185185184742,0.005006184886416406,0.17894535334786232,0.11924880935488187,0.1147887614761987,0.0,0.9999999987499999,0.5914208630561599,0.2694514051023354,0.3168992669580297,0.37423777677693526,angry,05,06,06,female,strong,693
80,2.6693333333333333,True,1.0,0.7118081092263383,0.6622580208962148,0.6870330650612766,1.244315153829225,-0.04361111111111127,-0.04101851851851862,0.3339954351723067,0.5898219648176581,0.1744473134619543,0.5521375054760186,0.04955008833012353,0.0025925925925926463,0.004564400035722114,0.23375999644652373,0.1121915996956559,0.12294150979652613,0.0,0.743274368283916,0.6459266673935199,0.2836029220705299,0.25101286707877296,0.3527295496594204,angry,05,06,06,female,strong,693
90,3.003,True,1.0,0.7424754931661467,0.713299791939373,0.7278876425527598,2.346688590481079,-0.04851851851851857,-0.044999999999999984,0.3109576577258427,0.921913374831852,0.17506276776130902,0.3101764952986542,0.02917570122677371,0.0035185185185185874,0.0009422152033176929,0.1247582164178998,0.12258439451877652,0.1125816863224646,0.0,0.9999999987499999,0.629659734698567,0.28680742147388844,0.2790327582359612,0.3777857717591196,angry,05,06,06,female,strong,693
100,3.336666666666667,True,1.0,0.7143941690120443,0.7022814076264138,0.708337788319229,1.2690974729857485,-0.04652777777777778,-0.04370370370370369,0.36279173964941364,0.5017254782748356,0.17455749002128462,0.5581429349573557,0.012112761385630555,0.00282407407407409,0.011381485644172231,0.23009771248841646,0.12463095758275626,0.1094448470661913,0.0,0.9999999987499999,0.5954923424291592,0.2546723086699637,0.30361932502009314,0.3368170307762176,angry,05,06,06,female,strong,693
110,3.6703333333333332,True,1.0,0.7008036964259403,0.7129579364409461,0.7068808164334432,1.2049859922425645,-0.045925925925925815,-0.04314814814814827,0.36862752967701773,0.4500136735143852,0.17313008447457545,0.586629903570819,0.012154240015005757,0.002777777777777546,0.011796180099076615,0.23839769917036602,0.12510057113080605,0.10977894596742536,0.0,0.7071067807446058,0.5939426489658363,0.2545705119958342,0.30301580327800803,0.33626606269148,angry,05,06,06,female,strong,693
120,4.0040000000000004,True,1.0,0.6543739829071071,0.6745345932853136,0.6644542880962103,1.1855995875348915,-0.04435185185185181,-0.04212962962962963,0.368000587147535,0.453704232347995,0.17096235163967657,0.5604373475515028,0.02016061037820649,0.002222222222222181,0.011428228661950026,0.25028050741682584,0.12487142420440728,0.10934478269130196,0.0,0.9999999987499999,0.5940857225233843,0.25792894646054554,0.3028010843105678,0.3379356516853277,angry,05,06,06,female,strong,693
0,0.0,True,1.0,0.6559176658156329,0.6291913397443155,0.6425545027799742,0.7241332966919135,-0.0507407407407407,-0.04722222222222222,0.3663183273484948,0.3028739106127784,0.16813226075504384,0.8873428493281293,0.02672632607131742,0.0035185185185184764,0.006592356696076806,0.3809186627229676,0.1251790645971152,0.11003626473373138,0.0,0.8562700624193371,0.6236557345125551,0.25867150312261367,0.2930682415694979,0.33299689437585733,angry,05,06,06,female,strong,694
10,0.33366666666666667,True,1.0,0.7018618813745104,0.6916550514635724,0.6967584664190414,0.7482255748545831,-0.051203703703703585,-0.04995370370370378,0.3424307409612887,0.3429131766374514,0.16879520517201466,0.9312144490041733,0.01020682991093802,0.0012499999999998068,0.00189106619387734,0.36385314826359083,0.11917098286105238,0.11536605644934728,0.0,0.9999999987499999,0.669880517957183,0.27475923231093263,0.2704918848015012,0.36695563875270937,angry,05,06,06,female,strong,694
20,0.6673333333333333,True,1.0,0.6425760162054943,0.6347524109451019,0.6386642135752981,1.5066151716570417,-0.04564814814814805,-0.04314814814814821,0.36518681859259877,0.6629001883239174,0.16460604611541985,0.4239066654777325,0.007823605260392386,0.0024999999999998357,0.005309582613183297,0.236246262539863,0.12229672551863614,0.11289411323029162,0.0,0.9999999987499999,0.6238307680494073,0.26143823195878035,0.3195778944613499,0.3717285866013142,angry,05,06,06,female,strong,694
30,1.0010000000000001,True,1.0,0.6329226953757836,0.6089240787136487,0.6209233870447162,1.3373778291038665,-0.04055555555555562,-0.03939814814814818,0.358890369122081,0.5622032288698958,0.1715437894924944,0.4642841936902579,0.023998616662134875,0.0011574074074074403,0.003904246926639455,0.23007133885155176,0.11747205256636563,0.11676968402362288,0.0,0.9999999987499999,0.6172307631959033,0.26132823030696334,0.28274156657383853,0.3356456952653705,angry,05,06,06,female,strong,694
40,1.3346666666666667,True,1.0,0.6173983624132885,0.6073546973034085,0.6123765298583486,1.0344617767725246,-0.039722222222222214,-0.038055555555555565,0.4062035249992822,0.38460758367183595,0.17361155056367997,0.591975985588309,0.010043665109879973,0.0016666666666666496,0.0005105799661289554,0.3100961538461538,0.1210023313321863,0.1119220729847762,0.0,0.9999999987499999,0.6005602070750176,0.258958731024065,0.3108235766892247,0.34973303879363254,angry,05,06,06,female,strong,694
50,1.6683333333333334,True,1.0,0.575671662494896,0.5418525195933702,0.5587620910441331,1.1991751764569156,-0.03907407407407404,-0.03750000000000003,0.38301125033039385,0.44440021245167993,0.17153489427994742,0.46595535165683816,0.03381914290152577,0.0015740740740740056,0.0037272813657550272,0.2715784710115196,0.12060513877347472,0.11218026191295363,0.0,0.9999999987499999,0.6076041546853116,0.26037759698124635,0.30583288169125755,0.34675933128152414,angry,05,06,06,female,strong,694
60,2.0020000000000002,True,1.0,0.647880735083727,0.6693917822941243,0.6586362586889256,1.056109640224913,-0.042824074074074014,-0.03967592592592584,0.4169605744730849,0.2575634783237922,0.17639580927478637,0.6236438278781926,0.021511047210397316,0.0031481481481481777,0.005554340655292614,0.28808264519315024,0.11833945911831786,0.11523106728184061,0.0,0.9999999987499999,0.6433977742034314,0.28191635253676695,0.29384346670524536,0.38728057009086375,angry,05,06,06,female,strong,694
70,2.3356666666666666,True,1.0,0.6456756282633221,0.6249085499365713,0.6352920890999467,1.3603864734299518,-0.0378703703703705,-0.03814814814814815,0.34124154265562817,0.47922705314009617,0.17430555555555555,0.4669938297006,0.020767078326750843,0.00027777777777765467,0.0007054863332941851,0.23039404912432276,0.12140222367018247,0.11233937170398102,0.0,0.7741838143648061,0.5841831266959908,0.2653585710543432,0.3090933210348946,0.3658401384739325,angry,05,06,06,female,strong,694
80,2.6693333333333333,True,1.0,0.6073546973034084,0.6103606294300667,0.6088576633667375,0.9863979218511878,-0.0402777777777778,-0.03902777777777777,0.41060958641806644,0.3682138024348436,0.1715295569310002,0.6172535950036119,0.0030059321266583394,0.0012500000000000289,0.008194275776391898,0.3152465974184521,0.12165073850511655,0.11190008141299283,0.0,0.9999999987499999,0.59751147626238,0.2585434315742021,0.3112621485337581,0.34674037979274797,angry,05,06,06,female,strong,694
90,3.003,True,1.0,0.7457783264702068,0.7305145602440126,0.7381464433571097,1.2377680037546364,-0.048333333333333395,-0.04513888888888895,0.2509122730633169,0.682906484830144,0.1819511535287632,0.5963528230799485,0.015263766226194186,0.003194444444444444,0.00584228884816868,0.24245689655172364,0.12451230527782597,0.11061808015420958,0.0,0.9999999987499999,0.5854880476878251,0.26525861497246217,0.286665863249171,0.3330795357331794,angry,05,06,06,female,strong,694
100,3.336666666666667,True,1.0,0.713896730262608,0.6882785911396029,0.7010876607011054,2.137493261575053,-0.044259259259259054,-0.0415740740740741,0.32079389220216015,0.8960274569765349,0.1722239942015136,0.3279952612269269,0.025618139123005146,0.0026851851851849573,0.003108789940742556,0.1473039435691191,0.11971917863140209,0.11446466926295888,0.0,0.9999999987499999,0.6357163074057748,0.2822318161727829,0.2871774340889444,0.38671006977521194,angry,05,06,06,female,strong,694
110,3.6703333333333332,True,1.0,0.6592503786319835,0.6755509062662781,0.6674006424491308,1.2591486618881251,-0.04166666666666663,-0.04032407407407407,0.3625775468332184,0.4666154633895026,0.17153178084657764,0.5300411799257656,0.01630052763429457,0.001342592592592562,0.0002621656277930197,0.23823007773977145,0.1244152505135202,0.10968999761451954,0.0,0.9999999987499999,0.5940459444480917,0.2552612992696486,0.30747358220594967,0.3564872609254286,angry,05,06,06,female,strong,694
120,4.0040000000000004,True,1.0,0.6661193775092638,0.643940857473301,0.6550301174912824,1.1901974232988235,-0.04199074074074072,-0.0410185185185184,0.36889702052259743,0.42607897153351804,0.1701406825656586,0.5503541720631197,0.022178520035962768,0.0009722222222223187,0.0020681090282122882,0.2569196655790174,0.12461076665577579,0.10981536716640444,0.0,0.9999999987499999,0.5903882948804522,0.25696564354505025,0.3034782282237578,0.3520699918835463,angry,05,06,06,female,strong,694
130,4.337666666666666,True,1.0,0.6877172541487822,0.7005516200268517,0.6941344370878169,1.205136305468941,-0.044305555555555654,-0.04175925925925933,0.36534440163520776,0.4745224202783953,0.17083511971881038,0.5759800231208836,0.01283436587806952,0.0025462962962963243,0.0049732168762336194,0.25312500000000027,0.11914815586767899,0.11538963163814484,0.0,0.9999999987499999,0.6392031378723364,0.2809732017344764,0.2739274009447163,0.3776764394445351,angry,05,06,06,female,strong,694
0,0.0,True,1.0,0.6443092152165898,0.6467439099001705,0.6455265625583801,1.0545283125088738,-0.04490740740740751,-0.04310185185185189,0.36089188729225696,0.384137197368226,0.16945570055431025,0.6121472082836544,0.002434694683580707,0.0018055555555556158,0.001967922559056573,0.2812409199032307,0.11615012133717162,0.11662356548413941,0.0,0.9999999987499999,0.6639050407741222,0.27940300439527077,0.2618693276756421,0.3715975461544426,angry,05,06,06,female,strong,695
10,0.33366666666666667,True,1.0,0.6837611503630232,0.6645922475170655,0.6741766989400444,1.2260839465842375,-0.0461111111111111,-0.043842592592592655,0.3543161784122313,0.4750957854406137,0.16739028387975718,0.5498617780766494,0.019168902845957736,0.0022685185185184475,0.00819248337242949,0.23938315702898072,0.1167107912496802,0.11720591090779557,0.0,0.9999999987499999,0.6630182542626425,0.2806178418914794,0.2696642313945888,0.3856716321661647,angry,05,06,06,female,strong,695
20,0.6673333333333333,True,1.0,0.6186125829440946,0.5995300824156423,0.6090713326798685,1.566854990583805,-0.04300925925925936,-0.03893518518518535,0.36272977589721467,0.6026365348399251,0.16601818375842214,0.3887222087175601,0.019082500528452284,0.004074074074074008,0.007706430324283969,0.22736687067257128,0.11945307472187539,0.11490826396835982,0.0,0.9999999987499999,0.6537522811233869,0.281298231647155,0.2869344985708411,0.3950388089500544,angry,05,06,06,female,strong,695
30,1.0010000000000001,True,1.0,0.6338402586408594,0.6312963994175178,0.6325683290291886,0.9241899214387689,-0.03981481481481475,-0.03847222222222224,0.37751482530665126,0.3248979707007195,0.18126515292262457,0.6844570735465423,0.002543859223341549,0.0013425925925925064,0.0049450214503280925,0.3251827529457397,0.11430900054898155,0.11778345943396366,0.0,0.9999999987499999,0.5943582313081482,0.2563363699283724,0.27330968918401655,0.31971968536031214,angry,05,06,06,female,strong,695
40,1.3346666666666667,True,1.0,0.5881602318779577,0.5428795250655143,0.565519878471736,1.2359919046774372,-0.03648148148148145,-0.03481481481481474,0.38782616380269996,0.39579516048659474,0.17572223374872628,0.4575433514828096,0.04528070681244345,0.0016666666666667052,0.009409930283016387,0.29726298617618907,0.11496767649617058,0.11632456553045173,0.0,0.9999999987499999,0.6382568984859569,0.2822153195924757,0.28228487433056887,0.37785878222992264,angry,05,06,06,female,strong,695
50,1.6683333333333334,True,1.0,0.6343227548554927,0.5769680561528594,0.605645405504176,1.18469031776672,-0.03648148148148145,-0.03597222222222218,0.37495842426314596,0.43342328698782506,0.1763893214209619,0.5112267707613991,0.05735469870263332,0.0005092592592592649,0.009332563132360663,0.28125,0.12285450536140922,0.11194700751660025,0.0,0.9999999987499999,0.64173007394364,0.28228525488809886,0.28315320875218447,0.37613019723044067,angry,05,06,06,female,strong,695
60,2.0020000000000002,True,1.0,0.6123410759752641,0.6027299163262212,0.6075354961507426,1.1288236399095544,-0.038287037037037064,-0.03875000000000006,0.4510252024979906,0.28820513095198785,0.17226651623639172,0.5382023149332882,0.00961115964904291,0.0004629629629629983,0.01443561051024421,0.2692770936966555,0.11369962326699294,0.11853265600355743,0.0,0.9999999987499999,0.6365428493194153,0.2856853368465154,0.29052658600473347,0.39765928887293633,angry,05,06,06,female,strong,695
70,2.3356666666666666,True,1.0,0.23460221005132065,0.24539817612121426,0.24000019308626747,0.5580694920430512,-0.0687962962962963,-0.06902777777777769,0.3657167017991286,0.16154643190719953,0.182672721974871,0.43005431493422885,0.010795966069893609,0.00023148148148138814,0.004803843193192408,0.41530826584438535,0.11644736939229229,0.11827579737722572,0.0,0.9999999987499999,0.6483084004226691,0.2792427338403959,0.2635180410147564,0.35817946889941316,angry,05,06,06,female,strong,695
80,2.6693333333333333,True,1.0,0.6669241420311047,0.635500511407304,0.6512123267192044,1.2412325913300344,-0.044907407407407396,-0.04550925925925925,0.4489765450198619,0.4036958422958497,0.17051559438468175,0.5246497161514283,0.031423630623800713,0.0006018518518518534,0.0035894083008223498,0.2682966505384085,0.1171693357813648,0.11526944769012874,0.0,0.9999999987499999,0.6023415593971964,0.26870632178977216,0.29451575802243274,0.3601215338148188,angry,05,06,06,female,strong,695
90,3.003,True,1.0,0.6818357845412453,0.6971508171693713,0.6894933008553084,1.1067196662576169,-0.044259259259259276,-0.04407407407407393,0.3268143012306313,0.5045339654997955,0.1829431614104051,0.6230062787144973,0.015315032628126057,0.00018518518518534366,0.0009913430550777937,0.2651140643723524,0.11430919254680466,0.1176214073828478,0.0,0.9999999987499999,0.5991245603084984,0.26043870555012355,0.2528608643112762,0.31415550106682744,angry,05,06,06,female,strong,695
100,3.336666666666667,True,1.0,0.7523515367965322,0.7593630459581434,0.7558572913773378,2.382611077964159,-0.04574074074074064,-0.042453703703703716,0.29031636793650156,0.9713631156930125,0.17719359312470767,0.31723905691867516,0.007011509161611196,0.0032870370370369217,0.0008468510106058532,0.12547959460526148,0.11747263440489762,0.11479449044458886,0.0,0.9999999987499999,0.6339808898246799,0.28067379559652506,0.2782683711114285,0.3712217345968793,angry,05,06,06,female,strong,695
110,3.6703333333333332,True,1.0,0.6995658237850377,0.6893101970520125,0.694438010418525,1.3220546545291982,-0.04870370370370353,-0.04662037037037037,0.3531705341068654,0.518305517968834,0.17449847551568037,0.5252717866386726,0.01025562673302527,0.0020833333333331594,0.010996112060373833,0.224010005290611,0.12518645293766625,0.1082824560842417,0.0,0.9999999987499999,0.5975480633425245,0.259632286419411,0.30427302038573745,0.3588404126908065,angry,05,06,06,female,strong,695
120,4.0040000000000004,True,1.0,0.7094900336385703,0.7240686075389492,0.7167793205887598,1.2836019972098036,-0.045648148148148104,-0.04370370370370358,0.3584647798435547,0.49996497882737523,0.1702841154920451,0.5584124379261174,0.014578573900378866,0.0019444444444445264,0.002153315110238798,0.23573188156744135,0.11778484974589466,0.11563326369808431,0.0,0.9999999987499999,0.6434218631046168,0.27841770944857386,0.2742467311379033,0.37279097629140584,angry,05,06,06,female,strong,695
130,4.337666666666666,True,1.0,0.6789521678337657,0.692795861476141,0.6858740146549533,1.2228707193395372,-0.04541666666666677,-0.0430092592592593,0.36072626553669895,0.4921193207367995,0.17232186774333402,0.5608720560627933,0.013843693642375365,0.002407407407407469,0.005043713213896818,0.2403953253023122,0.11955886338561568,0.11463210905780287,0.0,0.9999999987499999,0.6443137415903861,0.27880724286187375,0.269581128201973,0.3700533931818316,angry,05,06,06,female,strong,695
0,0.0,True,1.0,0.7479861109025387,0.7525940716568659,0.7502900912797024,1.0625586951539823,-0.057222222222222285,-0.05851851851851847,0.36113833389594674,0.5540305751357109,0.1758350826348499,0.7061163723957602,0.004607960754327123,0.0012962962962961844,0.002971009556368171,0.25713455534009655,0.12228589519671705,0.11222884620451581,0.0,0.9999999987499999,0.6269319045430672,0.2643908739806712,0.2955941116599043,0.3538398785723763,fearful,06,06,06,female,normal,696
10,0.33366666666666667,True,1.0,0.7623112320635494,0.7415530011105337,0.7519321165870416,1.0005224819991352,-0.05828703703703697,-0.06074074074074065,0.36373291176559314,0.507709934085804,0.17647364491622908,0.7515394507523836,0.020758230953015766,0.00245370370370368,0.004376729595856522,0.26067962361227487,0.11981033640815132,0.11370096631643245,0.0,0.9999999987499999,0.6693363948626326,0.276982539254108,0.2789352974323346,0.37845369551139824,fearful,06,06,06,female,normal,696
20,0.6673333333333333,True,1.0,0.7584486554454052,0.7249127920756869,0.7416807237605461,0.9949373184015388,-0.05731481481481493,-0.05999999999999994,0.41105467008460567,0.39134201190460505,0.17716775714279095,0.7454547236725692,0.033535863369718255,0.002685185185185013,0.004298013761434544,0.28531172036524893,0.12254345273583146,0.11126473154633532,0.0,0.9999999987499999,0.6178774602653561,0.26708674825413725,0.305058705043494,0.36270216564655033,fearful,06,06,06,female,normal,696
30,1.0010000000000001,True,1.0,0.7401311011437322,0.746096122969174,0.7431136120564531,1.0422341508346924,-0.05555555555555547,-0.05879629629629629,0.4067229021227134,0.387497312489821,0.1799696690837749,0.7130006356645643,0.005965021825441896,0.0032407407407408217,0.0003247499603025859,0.26805609314959006,0.11914234538030204,0.11539563108397578,0.0,0.9999999987499999,0.616207137120473,0.266838968658883,0.29846351079849326,0.35492756090327865,fearful,06,06,06,female,normal,696
40,1.3346666666666667,True,1.0,0.7070118894123852,0.7009337906421377,0.7039728400272615,1.2045337904768934,-0.05208333333333326,-0.05592592592592599,0.35739057509102745,0.5018760291806411,0.18413387926676386,0.5844359416007315,0.006078098770247564,0.0038425925925927307,0.00026539008897634935,0.2311190720162544,0.12227287234797406,0.11275110028288261,0.0,0.9999999987499999,0.6521669004945728,0.2805826730720613,0.27975291117898304,0.37642903902857155,fearful,06,06,06,female,normal,696
50,1.6683333333333334,True,1.0,0.7465593328869472,0.7184533441045947,0.732506338495771,1.518426106991386,-0.05513888888888885,-0.05740740740740746,0.34060618210502924,0.6138208405010628,0.18621602556979983,0.48241158073023466,0.028105988782352487,0.002268518518518614,0.00020089390433553024,0.21568418433113207,0.12394081095644376,0.11142913958829634,0.0,0.9999999987499999,0.6490783598517532,0.281348422772119,0.27903697660830956,0.372854987378834,fearful,06,06,06,female,normal,696
60,2.0020000000000002,True,1.0,0.7200704217586646,0.7281778475778223,0.7241241346682434,0.673765883658788,-0.04990740740740757,-0.04981481481481487,0.388754681103198,0.236534831497234,0.1827328542160892,1.0747414676682534,0.008107425819157688,9.259259259269959e-05,0.006256079521055401,0.4069148936170205,0.11970364910487308,0.1129731963988915,0.0,0.9999999987499999,0.6061492508253301,0.2630019674995876,0.2952156276822408,0.34304674815814445,fearful,06,06,06,female,normal,696
70,2.3356666666666666,True,1.0,0.6830871512831865,0.6719682431044108,0.6775276971937987,1.0083867371236972,-0.04981481481481487,-0.05064814814814822,0.36792574961462515,0.3988395303548949,0.18069241024054608,0.6718927096625305,0.0111189081787757,0.0008333333333333526,0.005080894665359226,0.29422209650110104,0.12358545016907814,0.11113954510508596,0.0,0.9999999987499999,0.6054709475040015,0.26879156925141057,0.2952424349911282,0.36033641574408154,fearful,06,06,06,female,normal,696
80,2.6693333333333333,True,1.0,0.7107394324395919,0.7002911975094308,0.7055153149745114,1.1730199945284487,-0.053611111111111165,-0.052685185185185224,0.3171071036403341,0.4829917084973241,0.18342694291325287,0.6014520794746784,0.010448234930161115,0.0009259259259259411,0.006200348802302795,0.23346960511323725,0.12029864239646049,0.11267808680589293,0.0,0.9999999987499999,0.6009056550276362,0.2702471223803408,0.29091974364098033,0.3488235563812455,fearful,06,06,06,female,normal,696
90,3.003,True,1.0,0.6781391253147601,0.667989341844101,0.6730642335794306,1.0322018643418682,-0.051805555555555494,-0.051990740740740726,0.35814853664386287,0.40224137646839286,0.1827328542160892,0.6520664773344275,0.01014978347065909,0.00018518518518523264,0.011290483285562295,0.28162456989703827,0.1202917798353383,0.1128543586231953,0.0,0.9999999987499999,0.6015572348470638,0.26559393447914464,0.29256702161999704,0.3612924058022511,fearful,06,06,06,female,normal,696
100,3.336666666666667,True,1.0,0.7087499507080709,0.7095416287332496,0.7091457897206602,1.027502059887712,-0.04981481481481487,-0.05101851851851852,0.3715039230682183,0.3889703644403833,0.17856838012461468,0.6901648350935252,0.0007916780251786548,0.0012037037037036513,0.010934042167944647,0.28268839532180995,0.12222219614130349,0.1111042808453402,0.0,0.9448404219226395,0.6490728613007702,0.27966774211236384,0.275578533848216,0.3816048828539655,fearful,06,06,06,female,normal,696
0,0.0,True,1.0,0.6450250069164987,0.6534498632467205,0.6492374350816096,1.1081999341877344,-0.05129629629629623,-0.05101851851851846,0.3735691446699316,0.46539161874646495,0.16945164844089433,0.5858486497361817,0.00842485633022183,0.0002777777777777657,0.01909512354082275,0.271283158962799,0.12567866393515023,0.10876688563882327,0.0,0.9999999987499999,0.6334701427055197,0.2645231839477545,0.2945456919004104,0.34847354011950227,fearful,06,06,06,female,normal,697
10,0.33366666666666667,True,1.0,0.6343227548554923,0.6389378296739873,0.6366302922647398,1.1164140869689752,-0.050185185185185055,-0.04967592592592596,0.37613613566709875,0.4699532564573067,0.16736293455812784,0.5702456639481938,0.004615074818494991,0.0005092592592590983,0.01777602340167857,0.28240885779120317,0.12300208472912924,0.11144344411782309,0.0,0.9999999987499999,0.6335453227072079,0.2657297992847108,0.29309457340333617,0.35077534281444367,fearful,06,06,06,female,normal,697
20,0.6673333333333333,True,1.0,0.5962173697387899,0.5890554391291521,0.592636404433971,0.9967481619692385,-0.04351851851851851,-0.043518518518518456,0.4101532917415778,0.3367003367003378,0.16319865192012611,0.5945698492818098,0.007161930609637768,5.551115123125783e-17,0.01777602340167857,0.3043190407974939,0.12158739700675099,0.11315371368606683,0.0,0.9999999987499999,0.6304660501231742,0.26517409488252836,0.2981770308462961,0.3552319888807697,fearful,06,06,06,female,normal,697
30,1.0010000000000001,True,1.0,0.5752532108042993,0.6027556850109826,0.589004447907641,0.9763606197787411,-0.0459722222222223,-0.04509259259259252,0.4395517351881819,0.2752049178421002,0.1656655372827315,0.6032652648783794,0.02750247420668339,0.0008796296296297856,0.024384782079209084,0.3093925871945768,0.12004897832789835,0.11395166122893662,0.0,0.837023045712893,0.6241244770408164,0.26900623784335076,0.3075372953320004,0.361006400046302,fearful,06,06,06,female,normal,697
40,1.3346666666666667,True,1.0,0.5717608473676705,0.5742516784939029,0.5730062629307867,0.9771025112552671,-0.0427777777777778,-0.04143518518518524,0.3675330010485535,0.4131420795403741,0.16817173440589367,0.5864341318646855,0.0024908311262323846,0.001342592592592562,0.025175974426570664,0.2870578133520125,0.12356327002724007,0.11099268594188452,0.0,0.7070387682226841,0.6278597253823405,0.26943316890191454,0.2959759678525801,0.3405169449628174,fearful,06,06,06,female,normal,697
50,1.6683333333333334,True,1.0,0.6142056135077054,0.6167027711023296,0.6154541923050175,1.0771601000564819,-0.045879629629629604,-0.043194444444444535,0.40063196686017405,0.4225117479524097,0.16399359797450994,0.5713674246500084,0.002497157594624211,0.0026851851851850683,0.027854228948060396,0.2645557002271341,0.12074513511753492,0.11405205117586537,0.0,0.9999999987499999,0.6272422743941326,0.2692476794137287,0.3081077047172426,0.367557338056687,fearful,06,06,06,female,normal,697
60,2.0020000000000002,True,1.0,0.6121052102400182,0.6208940224037365,0.6164996163218773,1.0360477663998362,-0.0438425925925926,-0.042870370370370336,0.3733771531786308,0.46620644301756387,0.1694665057164013,0.5950494140479186,0.008788812163718296,0.0009722222222222632,0.01603851849573316,0.29868143204563563,0.12255219384972355,0.1114262178516218,0.0,0.6459476340523956,0.6233414373561925,0.2700038795067918,0.2933584471586075,0.34470954387527936,fearful,06,06,06,female,normal,697
70,2.3356666666666666,True,1.0,0.6507079533953993,0.6643947722375555,0.6575513628164774,1.1426311957885549,-0.04749999999999999,-0.04629629629629628,0.3276796561475161,0.511625908562039,0.171614934594706,0.5754712152442913,0.013686818842156168,0.0012037037037037068,0.01613152527351012,0.24392720295373593,0.12392519038810908,0.11127542859873665,0.0,0.9999999987499999,0.6234243566489095,0.2704736893920418,0.2685244448995869,0.33046943716726435,fearful,06,06,06,female,normal,697
80,2.6693333333333333,True,1.0,0.6553355243468121,0.6676788607550495,0.6615071925509308,0.9827285805464446,-0.04398148148148151,-0.04273148148148159,0.3839435117205497,0.36118607248985324,0.16878661712096912,0.6731331576650603,0.012343336408237371,0.0012499999999999178,0.0222047134812972,0.3156140564251756,0.11907008366837142,0.11480831643002322,0.0,0.9999999987499999,0.6302062222779737,0.27278504583871976,0.2651740936890043,0.33731847524945485,fearful,06,06,06,female,normal,697
90,3.003,True,1.0,0.6505146036603466,0.6756890713509747,0.6631018375056607,0.9741431759395508,-0.044212962962962954,-0.04240740740740745,0.38726109260569147,0.3652537079976067,0.1694665057164012,0.6807026460623777,0.025174467690628033,0.0018055555555555047,0.021778359400075435,0.3239039025117495,0.12474307369305944,0.1103577790112637,0.0,0.7071067807446058,0.6292943704747523,0.27077273401512725,0.27143217185344276,0.33721240608867203,fearful,06,06,06,female,normal,697
100,3.336666666666667,True,1.0,0.6585503915919031,0.668516489258667,0.6635334404252851,0.9446136954391606,-0.044583333333333364,-0.043287037037037124,0.39832920178445846,0.34536975766678485,0.17156380203447152,0.7024389373444364,0.009966097666763929,0.0012962962962962399,0.024136607699704538,0.32771918086368695,0.12239790027363674,0.11261536278655718,0.0,0.9999999987499999,0.6244721092108718,0.27257901106407123,0.27102784016835024,0.3416032187105302,fearful,06,06,06,female,normal,697
0,0.0,True,1.0,0.3782352951012226,0.3944245572226756,0.3863299261619491,1.2185210694300552,-0.06662037037037033,-0.06898148148148142,0.34988777620645367,0.545902476887041,0.1743125586519252,0.3170482118480307,0.016189262121452996,0.0023611111111110916,0.018584498076096547,0.258605643662449,0.119891879706196,0.1142837670990927,0.0,0.9626396096360494,0.6775327473098613,0.2805752917961225,0.2714726110375446,0.38400255688405704,fearful,06,06,06,female,normal,698
10,0.33366666666666667,True,1.0,0.6799382316934566,0.6746275949801046,0.6772829133367806,1.155235152961489,-0.05986111111111114,-0.06402777777777785,0.3468114881193359,0.5300792166874178,0.17848761096782254,0.586272770180634,0.005310636713351968,0.004166666666666707,0.016890071956121428,0.26338366793809204,0.11617526383378471,0.11757482073707226,0.0,0.9999999987499999,0.6735796623180523,0.28004592753796853,0.2750893636182838,0.38672152175758046,fearful,06,06,06,female,normal,698
20,0.6673333333333333,True,1.0,0.6902278328901745,0.6929049183440253,0.6915663756171,1.1527950520930972,-0.06324074074074082,-0.06486111111111109,0.36142943802762445,0.5308343037368827,0.1770988427644488,0.5999040110047684,0.0026770854538508138,0.001620370370370272,0.008766172009794225,0.2529892686024298,0.12468807174782903,0.11059232583766468,0.0,0.7071067807446058,0.6296174750915992,0.26778108155343955,0.2986161176177212,0.36007896059043787,fearful,06,06,06,female,normal,698
30,1.0010000000000001,True,1.0,0.6456583681468291,0.6619159789736647,0.653787173560247,1.2967573173310216,-0.06449074074074079,-0.06481481481481483,0.34521022670837387,0.5922888112103645,0.18264557246431654,0.5041707995956158,0.016257610826835633,0.0003240740740740322,0.016649839108366322,0.21666824638765597,0.12126174667382492,0.11367036013390584,0.0,0.9999999987499999,0.6343542532169119,0.26930998565015185,0.3068195756442332,0.36297882159980505,fearful,06,06,06,female,normal,698
40,1.3346666666666667,True,1.0,0.6759392502325463,0.670609931518012,0.6732745908752791,1.1513621414052302,-0.05819444444444449,-0.060185185185185175,0.3288269605349657,0.5248677248677247,0.17710444305856657,0.5847635306590433,0.005329318714534348,0.001990740740740682,0.00965859828681816,0.24858860775430197,0.11394763530904949,0.11909681362310846,0.0,0.9999999987499999,0.6746817330057023,0.278020010341143,0.27141864229898055,0.3786371662884796,fearful,06,06,06,female,normal,698
50,1.6683333333333334,True,1.0,0.6830497083277182,0.6684934535007138,0.675771580914216,1.1165002522759424,-0.05675925925925923,-0.06106481481481485,0.3805204267212089,0.4921415585690006,0.17013888888888884,0.605258780315259,0.0145562548270044,0.004305555555555618,0.0003749402658328296,0.25904605263157904,0.12123112115011994,0.11403764790402311,0.0,0.9999999987499999,0.6742205410445427,0.27970862130240287,0.28188003726552924,0.3905137365666653,fearful,06,06,06,female,normal,698
60,2.0020000000000002,True,1.0,0.631514554573057,0.6183044405665641,0.6249094975698106,1.386064030131826,-0.060740740740740706,-0.06208333333333338,0.36724097203022193,0.6327683615819208,0.17083511971881038,0.45085182501300214,0.013210114006492968,0.001342592592592673,0.01165726322489439,0.2142704398431928,0.11573171143618702,0.11865545565492541,0.0,0.9999999987499999,0.676994279766594,0.28079478203173613,0.28006596740887246,0.39764713437468197,fearful,06,06,06,female,normal,698
70,2.3356666666666666,True,1.0,0.6685998531252775,0.6580569780995968,0.6633284156124372,1.2080575665283388,-0.05625000000000002,-0.05717592592592591,0.3219179729826837,0.5953805782894651,0.17502789956175563,0.5490867604253995,0.010542875025680631,0.0009259259259258856,0.0017134835222194788,0.2094096414301939,0.11621451500192084,0.11737381715698479,0.0,0.8412930663945237,0.6741425901298019,0.2779991208600496,0.2679389896772247,0.37015190762851463,fearful,06,06,06,female,normal,698
80,2.6693333333333333,True,1.0,0.7362736797464537,0.7195209103236574,0.7278972950350555,1.054135505505719,-0.05601851851851852,-0.05712962962962964,0.3676778769508183,0.4517723595024519,0.17434100583818915,0.690515869386117,0.016752769422796354,0.0011111111111111183,0.0038222425886486684,0.2747041544079367,0.12272762437582359,0.11140411305015882,0.0,0.9999999987499999,0.6259565634535064,0.267374673944716,0.2950142404144338,0.35467478829632143,fearful,06,06,06,female,normal,698
90,3.003,True,1.0,0.7420299557719607,0.7240426990861735,0.7330363274290671,1.0403880710063382,-0.06,-0.06129629629629629,0.37566846141889937,0.43226035129089946,0.17363923383335503,0.7045797119915279,0.017987256685787267,0.0012962962962962954,0.02012520987088883,0.29447491722699776,0.11878993949481692,0.11575837080561618,0.0,0.9999999987499999,0.6751794697722838,0.2803244178313933,0.2745360315560867,0.3843500053265877,fearful,06,06,06,female,normal,698
100,3.336666666666667,True,1.0,0.6546155184486487,0.6907335300148912,0.67267452423177,1.0403821388129726,-0.06009259259259264,-0.06263888888888891,0.3691079039926776,0.45317769651746626,0.17086191325973663,0.646564852602391,0.0361180115662425,0.0025462962962962687,0.03239326390311834,0.27647487793455183,0.11612242056132792,0.11697733990496062,0.0,0.9999999987499999,0.6786227775485193,0.28058129362404377,0.27211406586558445,0.3878398324697815,fearful,06,06,06,female,normal,698
0,0.0,True,1.0,0.6910444825011683,0.6585670649746521,0.6748057737379103,1.2557278670614074,-0.058935185185185146,-0.0591666666666667,0.3384718093497403,0.6278471809483271,0.1673629345581279,0.537382176057825,0.03247741752651623,0.00023148148148155467,0.005289767511702273,0.24106499633547693,0.12200726565478916,0.1125316898135412,0.0,0.9023362015803614,0.6837303163531038,0.27957514276666984,0.2662248823648342,0.3743524494802436,fearful,06,06,06,female,normal,699
10,0.33366666666666667,True,1.0,0.6521409674177508,0.6772507720648641,0.6646958697413075,1.2365977946556,-0.06087962962962956,-0.0621296296296297,0.35039954319158817,0.5950979784910866,0.1673684047799814,0.5375198569931376,0.02510980464711321,0.0012500000000001399,0.008295931024279696,0.23236196265804168,0.12389394610858308,0.11096736477492569,0.0,0.8032336448034755,0.6369030636864121,0.2664510101203954,0.29011414948276065,0.3611485082831726,fearful,06,06,06,female,normal,699
20,0.6673333333333333,True,1.0,0.6648783780967193,0.6481689032161158,0.6565236406564176,1.3446858277962503,-0.06259259259259264,-0.06518518518518523,0.34163186633549153,0.6563200340439181,0.16945570055431025,0.4882357105914969,0.016709474880603592,0.002592592592592591,0.004395845291873985,0.21428090993061932,0.12243872067312919,0.11290896112374751,0.0,0.9999999987499999,0.634641224567952,0.2674550541721563,0.29626861307897107,0.36488313085250546,fearful,06,06,06,female,normal,699
30,1.0010000000000001,True,1.0,0.6354037060507348,0.6354037060507348,0.6354037060507348,1.1798553707143573,-0.059629629629629644,-0.06092592592592594,0.3776634734438671,0.5680648144400672,0.16946065300579052,0.5385437247838455,0.0,0.0012962962962962954,0.008219129879184647,0.2294934356525848,0.12290175998774064,0.11172473058445943,0.0,0.9999999987499999,0.6334360571103441,0.2676094354923811,0.29567208940268075,0.357487174867211,fearful,06,06,06,female,normal,699
40,1.3346666666666667,True,1.0,0.6147774951272286,0.6259483341362209,0.6203629146317247,1.1015151494882467,-0.05421296296296296,-0.05453703703703705,0.36177733642570903,0.5353934015721172,0.164590750096599,0.563190542517676,0.011170839008992295,0.0003240740740740877,0.008100194245202275,0.2515077763001735,0.11431408542554461,0.11890546004521874,0.0,0.9999999987499999,0.6826458731070554,0.27756812307697715,0.26644270135568726,0.37557620782437723,fearful,06,06,06,female,normal,699
50,1.6683333333333334,True,1.0,0.6332996925188432,0.6412043959774909,0.6372520442481671,0.9695212324463917,-0.05425925925925923,-0.052731481481481546,0.40427481898139334,0.40964400300858966,0.16736293455812778,0.6572852898127768,0.007904703458647688,0.0015277777777776835,0.0030671360848219366,0.3089691769247497,0.11746357634925797,0.11628774066842312,0.0,0.9999999987499999,0.6737711972210759,0.2791361442531552,0.27368020173080077,0.38688402207602385,fearful,06,06,06,female,normal,699
60,2.0020000000000002,True,1.0,0.5998423195576009,0.5992546081148451,0.599548463836223,1.094232446178429,-0.05546296296296288,-0.053240740740740755,0.3885519442339316,0.47601136533118654,0.17222266521875434,0.5479169128370542,0.0005877114427558228,0.0022222222222221255,0.0016661101455931304,0.29246503648107025,0.12130152648770037,0.11379545508924555,0.0,0.9999999987499999,0.6345290050707784,0.26934786116956677,0.2853009664989246,0.35474623466220623,fearful,06,06,06,female,normal,699
70,2.3356666666666666,True,1.0,0.5657114015238506,0.5783003264965386,0.5720058640101946,1.0497786516114402,-0.058518518518518414,-0.05944444444444441,0.3260869565217391,0.44021164021164133,0.1770872108184554,0.5448823550870932,0.012588924972688043,0.0009259259259259967,0.0016350403378139167,0.2540218037939009,0.12217707410395036,0.11234730369524723,0.0,0.9999999987499999,0.6329957921371674,0.2664417295556619,0.27597051695604535,0.33599111153229105,fearful,06,06,06,female,normal,699
80,2.6693333333333333,True,1.0,0.6620688991197322,0.6789243151647073,0.6704966071422198,0.9385717482593136,-0.05703703703703694,-0.05902777777777768,0.3870301790771945,0.3626299936456437,0.1743059932573217,0.7143797034011847,0.01685541604497509,0.0019907407407407374,0.001887730183039497,0.298680007054148,0.12199506692796881,0.11305162348348231,0.0,0.9999999987499999,0.6340947970281863,0.26828259199713905,0.2751892464699905,0.345673470418799,fearful,06,06,06,female,normal,699
90,3.003,True,1.0,0.6653246824622269,0.6970236777742327,0.6811741801182298,1.003481103321598,-0.05152777777777773,-0.05124999999999996,0.3863266088599321,0.39422471916205615,0.17223329679369817,0.6788111683055037,0.03169899531200582,0.0002777777777777657,0.0004065560148899819,0.28125000000000006,0.12540133360116945,0.10908651388333238,0.0,0.7071067807446058,0.6307181158479017,0.2672285165800233,0.28654892797359427,0.34465330489271023,fearful,06,06,06,female,normal,699
100,3.336666666666667,True,1.0,0.5942459540039373,0.603868724964049,0.5990573394839931,0.9402470525781729,-0.052638888888888846,-0.05379629629629623,0.38052042672120884,0.38930600901726936,0.17153489427994736,0.6371275909255637,0.00962277096011166,0.0011574074074073848,0.00031982948612805626,0.3076053068405643,0.12101227924935085,0.11326506283884248,0.0,0.9999999987499999,0.6321064091808599,0.2679149796888536,0.2751528741048263,0.34607343294922027,fearful,06,06,06,female,normal,699
0,0.0,True,1.0,0.7018648690055318,0.6637999577285404,0.682832413367036,1.0997145826275068,-0.06120370370370365,-0.05912037037037032,0.41780227227029315,0.39745069103320496,0.17434932029289182,0.6209178491891689,0.03806491127699141,0.002083333333333326,0.00472429884510114,0.2848672620641807,0.12113083323918977,0.11330653721497012,0.0,0.9999999987499999,0.6252310456760829,0.270067904442924,0.3186985649577649,0.3761472829125728,fearful,06,06,06,female,strong,700
10,0.33366666666666667,True,1.0,0.6163889598472997,0.6042780572590692,0.6103335085531845,1.0120610361716267,-0.05810185185185174,-0.05685185185185182,0.44723222346765784,0.3332317692440367,0.1777885062901159,0.6030599803169217,0.012110902588230443,0.0012499999999999178,0.009407071040724413,0.30892255348576614,0.12246289091432463,0.11305139591667311,0.0,0.9999999987499999,0.619225584014856,0.2689148130025497,0.3265451468836441,0.3735817738062742,fearful,06,06,06,female,strong,700
20,0.6673333333333333,True,1.0,0.31938019355771197,0.31921792554218176,0.31929905954994686,1.0383914827919607,-0.06078703703703697,-0.06087962962962962,0.4495701092452138,0.34404537080456593,0.17642392055103365,0.30749391230698075,0.0001622680155302092,9.259259259264407e-05,0.00024611839419236303,0.31197971640168076,0.11893217643130716,0.11659678911150448,0.0,0.9999999987499999,0.6106791685033389,0.26717985036625047,0.31119910507800963,0.3543592557842295,fearful,06,06,06,female,strong,700
30,1.0010000000000001,True,1.0,0.24440198831287577,0.23956198833869097,0.24198198832578338,0.9354166304282816,-0.05175925925925928,-0.05625000000000002,0.4984885148932424,0.17539061820530305,0.15216809005600815,0.25868899531430356,0.0048399999741848,0.00449074074074074,0.010172879073732054,0.3307050721210092,0.1179137453792034,0.1159956162816498,0.0,0.9999999987499999,0.6075361673106743,0.26786291664752415,0.32310388982697197,0.3831215745377664,fearful,06,06,06,female,strong,700
40,1.3346666666666667,True,1.0,0.24358815839639592,0.2533022737590662,0.24844521607773107,1.0722036871850062,-0.04995370370370367,-0.05537037037037018,0.41791802489381585,0.44440021245167993,0.15211543610948156,0.23171456976612917,0.009714115362670306,0.005416666666666514,0.02314892794987695,0.28155761878149516,0.12104573850968983,0.11238485503065243,0.0,0.7071067807446058,0.6102087505158313,0.26799686916867077,0.3061469532842485,0.3638739525712868,fearful,06,06,06,female,strong,700
50,1.6683333333333334,True,1.0,0.2840782172720598,0.2913283212305966,0.28770326925132816,0.9430286854267043,-0.052037037037037104,-0.05587962962962961,0.48370194650189585,0.24491637673849875,0.14863626459353602,0.3050843242601336,0.007250103958536813,0.0038425925925925086,0.01191915961470906,0.32165649921155914,0.1170488116082874,0.11654184721317158,0.0,0.9999999987499999,0.610544002546331,0.2683625098645008,0.30732571247161244,0.376728364116289,fearful,06,06,06,female,strong,700
60,2.0020000000000002,True,1.0,0.1879243950531985,0.2012467615147344,0.19458557828396644,0.9621421344455277,-0.04888888888888898,-0.05277777777777781,0.43002367848568074,0.3658735549098548,0.15495764247409807,0.20224202985986478,0.013322366461535895,0.0038888888888888307,0.00166123840552811,0.3172042883306055,0.11915777813697932,0.11371646569715992,0.0,0.9999999987499999,0.6004964793104742,0.26670796619702564,0.30601264681000495,0.35880279183507685,fearful,06,06,06,female,strong,700
70,2.3356666666666666,True,1.0,0.35200328857216084,0.329559981287758,0.3407816349299594,2.0611245881392652,-0.0559259259259261,-0.05810185185185196,0.29564572479469675,0.9738211274303434,0.1556384214058764,0.16533771752129212,0.022443307284402858,0.002175925925925859,0.006929589060297708,0.14993490810184731,0.12425449680574766,0.11107924105633282,0.0,0.9999999987499999,0.5944952276926396,0.26869810763901847,0.2971217548702547,0.3507636917263609,fearful,06,06,06,female,strong,700
80,2.6693333333333333,True,1.0,0.23069598841163044,0.21045158871094063,0.22057378856128554,1.01057957426574,-0.05268518518518506,-0.05624999999999997,0.46187687023634705,0.22524966414356865,0.15839162723834263,0.21826464157614558,0.020244399700689808,0.0035648148148149095,0.014446708526676856,0.3049698795180722,0.12197315748163982,0.11324362555282547,0.0,0.9999999987499999,0.5931941388430373,0.26589743206207994,0.32164234495942684,0.37913857387600697,fearful,06,06,06,female,strong,700
90,3.003,True,1.0,0.2050990509047208,0.2365527393417124,0.2208258951232166,0.8643302322755748,-0.06046296296296294,-0.06449074074074068,0.4823248280266728,0.1620569730407966,0.16114946398482816,0.2554878759034436,0.03145368843699159,0.004027777777777741,0.010752410928480928,0.3448599840866851,0.12097197918298618,0.11330810404237303,0.0,0.9999999987499999,0.5906572214198179,0.2686609349828783,0.30750385529790847,0.3598962951069243,fearful,06,06,06,female,strong,700
100,3.336666666666667,True,1.0,0.26840302390206605,0.2464112187960753,0.2574071213490707,0.9261572890993595,-0.051388888888888984,-0.05444444444444452,0.44925206341585294,0.17521894658636555,0.16737752141912057,0.27793024400788974,0.021991805105990747,0.0030555555555555336,0.012724654631413247,0.32797360111132634,0.12352876407411365,0.11171534482147784,0.0,0.9999999987499999,0.5988304717121223,0.2654943164407257,0.3095052899996485,0.35704575713358816,fearful,06,06,06,female,strong,700
0,0.0,True,1.0,0.7548479880748918,0.7505248668365586,0.7526864274557252,1.0325691390361023,-0.0647685185185185,-0.06254629629629627,0.40847057948211374,0.44918668550546237,0.17925010926358442,0.7289453064211797,0.004323121238333227,0.0022222222222222365,0.009466456899954546,0.2802882631719879,0.12098643254254464,0.11446378013520443,0.0,0.9999999987499999,0.6358655980204582,0.2695517472829377,0.31301562419588735,0.37188842113705184,fearful,06,06,06,female,strong,701
10,0.33366666666666667,True,1.0,0.7582599953839058,0.7935004936498895,0.7758802445168976,1.1639680334259177,-0.06638888888888889,-0.06499999999999995,0.39500954163318597,0.5334375098229961,0.17651384654991628,0.6665820900881979,0.035240498265983744,0.0013888888888889395,0.01211078465422777,0.24888690910301842,0.1243483848367758,0.1109741274291315,0.0,0.9999999987499999,0.6332537027310924,0.2668259547312677,0.323055748225327,0.3802654159164241,fearful,06,06,06,female,strong,701
20,0.6673333333333333,True,1.0,0.6988203038539154,0.6919584065797009,0.6953893552168081,1.3054888810025025,-0.062083333333333324,-0.06060185185185191,0.419922129402699,0.509108447591329,0.17229707246693468,0.5326658582360421,0.00686189727421449,0.001481481481481417,0.00475660265106844,0.2420663123116267,0.12217246384640663,0.11218261547563328,0.0,0.7071067807446058,0.6336776072303921,0.26863976143485574,0.33354245512542424,0.3947238212838203,fearful,06,06,06,female,strong,701
30,1.0010000000000001,True,1.0,0.23994747388240203,0.2348008385744241,0.23737415622841307,0.9984798541937484,-0.06625000000000009,-0.06833333333333325,0.5082020317775626,0.24961508830135312,0.1542636325829054,0.23773554892611,0.0051466353079779315,0.0020833333333331594,0.003920000823061167,0.2939543228682625,0.11747030517218758,0.11562370869049637,0.0,0.9999999987499999,0.6272506918079732,0.2711404307906622,0.3318826547164572,0.3995522974915977,fearful,06,06,06,female,strong,701
40,1.3346666666666667,True,1.0,0.16666666666666619,0.1814784307144919,0.17407254869057903,1.1713738548480364,-0.06495370370370368,-0.0676388888888888,0.42730547796650364,0.5123818625482831,0.15495764247409807,0.14860545842826725,0.01481176404782572,0.002685185185185124,0.009843575664461455,0.2642332792525439,0.12317558162572673,0.1115936291684969,0.0,0.9999999987499999,0.6245153493115997,0.26766547082279524,0.32132649743751635,0.3686648162542619,fearful,06,06,06,female,strong,701
50,1.6683333333333334,True,1.0,0.7339885930543011,0.7334142245605914,0.7337014088074463,0.9819250852058451,-0.05898148148148141,-0.0559722222222222,0.4484530646198538,0.37284514065579444,0.1715918156720557,0.7472071137215497,0.0005743684937097315,0.0030092592592592116,0.01940335869757132,0.29217506011614014,0.12248682821481052,0.11200951298326024,0.0,0.8184568723047354,0.6204796882034064,0.2701511957637383,0.3275356234841008,0.3780882086312838,fearful,06,06,06,female,strong,701
60,2.0020000000000002,True,1.0,0.696448010982326,0.6863864754710196,0.6914172432266728,1.199134097660419,-0.060509259259259374,-0.056990740740740675,0.4311196881437108,0.46914747191178935,0.17245640846689664,0.5765971000038014,0.010061535511306396,0.0035185185185186985,0.023788705568742883,0.23939972503429663,0.11734806968682172,0.11705715155163479,0.0,0.9999999987499999,0.6130277220810199,0.2716709268921489,0.30093400983188934,0.35958196241285834,fearful,06,06,06,female,strong,701
70,2.3356666666666666,True,1.0,0.7936502599289057,0.823359707469459,0.8085049836991823,1.8498383817274546,-0.06185185185185188,-0.05921296296296302,0.2963153754433573,0.9061754483445202,0.1764619717587119,0.4370679037074403,0.02970944754055327,0.0026388888888888573,0.01460083877519226,0.14909258297843453,0.12377444626147063,0.11110064077292364,0.0,0.9999999987499999,0.6179792134119273,0.270640242556996,0.30643654366548545,0.349815266252592,fearful,06,06,06,female,strong,701
80,2.6693333333333333,True,1.0,0.7374292724310572,0.7478580958038101,0.7426436841174336,1.225238473339807,-0.05763888888888885,-0.05675925925925923,0.40866223998312157,0.4712095594349038,0.17227581653246093,0.6061217471347468,0.010428823372752971,0.0008796296296296191,0.0008795180797886774,0.24820865959527721,0.12190799519952461,0.11263922403293136,0.0,0.9999999987499999,0.6197898420461935,0.27129124934198423,0.32707897575777634,0.3849525450465567,fearful,06,06,06,female,strong,701
90,3.003,True,1.0,0.7186224434846884,0.7078055184872021,0.7132139809859452,0.9667920199775204,-0.05902777777777779,-0.056203703703703645,0.45211783268263644,0.32429543180939696,0.17227581653246082,0.7377119031273435,0.010816924997486321,0.0028240740740741455,0.005537426325989574,0.3072079909387287,0.12308358484242665,0.11203571313141279,0.0,0.9999999987499999,0.6216004749087135,0.27038374646138125,0.32198188051543203,0.3712585925409629,fearful,06,06,06,female,strong,701
100,3.336666666666667,True,1.0,0.6876073797850206,0.7184348007654044,0.7030210902752125,0.9176587172207966,-0.06032407407407414,-0.05740740740740746,0.44616658026341205,0.3223368296822726,0.17157225107354976,0.7661029935010791,0.030827420980383824,0.0029166666666666785,0.007793908108480142,0.31274380722320144,0.12374904764243903,0.11078551908982551,0.0,0.9999999987499999,0.6255366634857068,0.26738455424263047,0.32902375922984123,0.38115354894025666,fearful,06,06,06,female,strong,701
0,0.0,True,1.0,0.6866288112781344,0.6847871057314237,0.685707958504779,1.0332377583148493,-0.055416666666666725,-0.05518518518518517,0.3823263870148151,0.4882530193366554,0.159303875439169,0.6636497291999169,0.0018417055467107035,0.00023148148148155467,0.014843817039814449,0.2787138330394947,0.12635662649905233,0.10850657474439084,0.0,0.648101130669384,0.6321306422334559,0.2627458294634431,0.30564314184887703,0.35274553329189523,fearful,06,06,06,female,strong,702
10,0.33366666666666667,True,1.0,0.7128966021223061,0.6842170152514275,0.6985568086868668,1.129166183060106,-0.05805555555555564,-0.05736111111111114,0.4210496810599231,0.5068002267434134,0.1613836446126335,0.6186483612126402,0.02867958687087857,0.0006944444444444975,0.011437989168547743,0.26426026373449973,0.1218108291012001,0.1122361980636108,0.0,0.9999999987499999,0.6242061984090511,0.2680437213665432,0.31684274815545527,0.372086501909652,fearful,06,06,06,female,strong,702
20,0.6673333333333333,True,1.0,0.7101840752943687,0.6599910221721854,0.685087548733277,1.1119149076419477,-0.0530092592592592,-0.05342592592592588,0.4319683262852854,0.46648328588646565,0.16679890790460353,0.6161330727961468,0.05019305312218325,0.0004166666666666763,0.004009654655090969,0.28470892028902217,0.12314957275743998,0.11179288285516896,0.0,0.8982043593417376,0.6190072551989546,0.2704400500724356,0.31941584527075095,0.3690215239705547,fearful,06,06,06,female,strong,702
30,1.0010000000000001,True,1.0,0.4275756642689069,0.4279998429046244,0.4277877535867657,1.3228718006830602,-0.05384259259259255,-0.05416666666666664,0.40026891816346966,0.5718664555036149,0.16527962420916556,0.3233780880096461,0.00042417863571747594,0.0003240740740740877,0.014725605793281752,0.2346063672824002,0.11354763923104258,0.11963758682291732,0.0,0.9464681316354838,0.6722714170199329,0.2799464950253195,0.2865675972572917,0.38804091787133566,fearful,06,06,06,female,strong,702
40,1.3346666666666667,True,1.0,0.6437373931707508,0.6431507987115248,0.6434440959411378,1.38806402644606,-0.0506018518518519,-0.04888888888888898,0.37094644882814204,0.6193596006368968,0.17153178084657764,0.4635550548691797,0.0005865944592260419,0.0017129629629629162,0.009599552771585822,0.21167806132233125,0.11805563858649155,0.11486024925479432,0.0,0.9999999987499999,0.6190596248030463,0.2686286185647893,0.30726496248773105,0.3664947206177591,fearful,06,06,06,female,strong,702
50,1.6683333333333334,True,1.0,0.716232879011328,0.6927331639757641,0.704483021493546,1.118557268149002,-0.06583333333333341,-0.06124999999999997,0.4420518542705477,0.4101296547213727,0.17876096754884938,0.6298139948250755,0.023499715035563917,0.004583333333333439,0.00586048408093156,0.2572067368263782,0.12363074792029956,0.11108915405421142,0.0,0.9999999987499999,0.6177243951330532,0.27331002000786697,0.33002227742626594,0.39754789411295777,fearful,06,06,06,female,strong,702
60,2.0020000000000002,True,1.0,0.7230743310888559,0.7270215949511943,0.725047963020025,1.4179765305263494,-0.06277777777777771,-0.05819444444444438,0.41892995528610355,0.5119845861635366,0.17793263472483226,0.51132578530823,0.003947263862338457,0.004583333333333328,0.013517604701262332,0.21431697347866482,0.12132159180943507,0.11343865916350257,0.0,0.9999999987499999,0.6111281034054248,0.27134576437551367,0.32228087009974704,0.3760458876054904,fearful,06,06,06,female,strong,702
70,2.3356666666666666,True,1.0,0.7728372211526953,0.74112859784911,0.7569829095009026,1.5696310941167806,-0.06175925925925935,-0.05685185185185182,0.3030705702979804,0.702668657305588,0.1843078197144377,0.48226803886479525,0.03170862330358526,0.004907407407407527,0.003047274141544859,0.16080256838751097,0.12102333488690341,0.11409127197056627,0.0,0.7711435940181433,0.6101295933138882,0.2675145927058239,0.29451142074760234,0.3366606865034416,fearful,06,06,06,female,strong,702
80,2.6693333333333333,True,1.0,0.7489330318339544,0.741356926990796,0.7451449794123752,1.2481239344072228,-0.05819444444444449,-0.05342592592592599,0.3710969483536682,0.557185692439509,0.17539192997844147,0.5970120104829737,0.007576104843158404,0.004768518518518505,0.010885015277887104,0.2355759866512898,0.1232442478663273,0.11219907815086509,0.0,0.7071067807446058,0.6232187304921968,0.26969906102095376,0.305600686996612,0.3754894322986761,fearful,06,06,06,female,strong,702
90,3.003,True,1.0,0.7672918171445807,0.7574919684134703,0.7623918927790255,1.0259438988824776,-0.05986111111111109,-0.056203703703703756,0.4209600639953004,0.3682492528841053,0.1754184624345186,0.7431126532449489,0.009799848731110394,0.0036574074074073315,0.007734101348524463,0.2838381459272995,0.12601596420663477,0.10890202288189962,0.0,0.9999999987499999,0.6127926767425721,0.2670128927065416,0.3187468428458343,0.3572486567420021,fearful,06,06,06,female,strong,702
100,3.336666666666667,True,1.0,0.7029023178414866,0.6793123109546904,0.6911073143980885,0.9551542635769033,-0.05893518518518509,-0.05495370370370373,0.4356994364031261,0.30977081192658656,0.17331330795029454,0.7235557027301535,0.023590006886796244,0.003981481481481364,0.008843181778641924,0.314272048294947,0.12120556929196344,0.11322658746807093,0.0,0.7071067807446058,0.6129849331920268,0.2719475351799424,0.3025917252632831,0.35825389314417877,fearful,06,06,06,female,strong,702
110,3.6703333333333332,True,1.0,0.726975516391961,0.7039163574427524,0.7154459369173567,0.8179084085209296,-0.06111111111111106,-0.05717592592592591,0.41131295696278364,0.28621763570969727,0.17467327532724194,0.8747262278561708,0.023059158949208625,0.003935185185185153,0.005986886090194589,0.35039848900540377,0.12138514393928616,0.11286537564765399,0.0,0.9999999987499999,0.614424322783801,0.26940657470170737,0.30536930806525264,0.36264032804923035,fearful,06,06,06,female,strong,702
0,0.0,True,1.0,0.6394612607608443,0.6329953184589694,0.6362282896099068,1.0287423668439082,-0.05726851851851855,-0.05777777777777782,0.3778443762975252,0.4570933025194422,0.16675636420940668,0.6184525009520117,0.006465942301874916,0.0005092592592592649,0.01718749211523991,0.28254082162646244,0.12226360477388208,0.11157217055379344,0.0,0.7071067807446058,0.6332138735259729,0.26639485680462277,0.2923612625823405,0.3562517058962718,fearful,06,06,06,female,strong,703
10,0.33366666666666667,True,1.0,0.6169376895648563,0.639250742308703,0.6280942159367797,1.0619813625095302,-0.056157407407407434,-0.058287037037037026,0.3729291382382893,0.4800595151993354,0.1709208442652337,0.5914361947487974,0.022313052743846762,0.0021296296296295925,0.010117060856117313,0.2787386531661951,0.1222349127745133,0.11126165780860178,0.0,0.9999999987499999,0.6292643605567227,0.26873736732979936,0.29019113398540547,0.35731140728928656,fearful,06,06,06,female,strong,703
20,0.6673333333333333,True,1.0,0.6437373931707493,0.6420414967823193,0.6428894449765343,1.0746527774653807,-0.05624999999999997,-0.05638888888888888,0.4186918523915821,0.4112769485903813,0.17500697530741452,0.598229919893586,0.0016958963884300404,0.0001388888888889106,0.0036295132000308036,0.29270287990279836,0.12123340192171475,0.11386802969041095,0.0,0.7071067807446058,0.621911968498337,0.2685858586915959,0.2985298873949057,0.37004684737211047,fearful,06,06,06,female,strong,703
30,1.0010000000000001,True,1.0,0.5967625071287271,0.6093484592721236,0.6030554832004253,1.1312574534562982,-0.04879629629629628,-0.04810185185185184,0.4105210560923946,0.4192215239031404,0.1757157210248491,0.5330842076292425,0.012585952143396417,0.000694444444444442,0.010213475991823501,0.28552370667710963,0.11107778844900708,0.12051974087518308,0.0,0.9999999987499999,0.660765759460034,0.28148223021731916,0.27655213512889737,0.3802380237312352,fearful,06,06,06,female,strong,703
40,1.3346666666666667,True,1.0,0.5989883609033759,0.5896732405628391,0.5943308007331075,1.1988165677594491,-0.04509259259259257,-0.045925925925925926,0.3695068216944981,0.48100664755780337,0.18264055980567512,0.49576458710767846,0.009315120340536831,0.0008333333333333526,0.005718786110040291,0.2788730122981858,0.1164676750996588,0.11777148592900878,0.0,0.9999999987499999,0.6533888301492472,0.2835980856998321,0.27237689802190035,0.37173381652890736,fearful,06,06,06,female,strong,703
50,1.6683333333333334,True,1.0,0.6353090234408718,0.5933748429798255,0.6143419332103486,1.2306939958663785,-0.04824074074074075,-0.0464351851851853,0.44402543142801515,0.3542849771246623,0.17708505667053592,0.49918333499130046,0.041934180461046355,0.0018055555555554492,0.00540323284324079,0.2615545302788002,0.11387633900065358,0.1186843805273543,0.0,0.9999999987499999,0.6472885300213835,0.2853234968352275,0.28882032672140534,0.39442325801318784,fearful,06,06,06,female,strong,703
60,2.0020000000000002,True,1.0,0.6646161499703421,0.6490142214379315,0.6568151857041369,1.3737373737373737,-0.0534722222222222,-0.05291666666666667,0.40851406825612746,0.4444444444444441,0.17639061901081732,0.4781228190052173,0.015601928532410603,0.0005555555555555314,0.01146561128318676,0.19852941176470604,0.11757340220656538,0.11617669943760521,0.0,0.9999999987499999,0.606030225652761,0.27381999198003476,0.29624852078830277,0.3542217765906044,fearful,06,06,06,female,strong,703
70,2.3356666666666666,True,1.0,0.6500321889171261,0.6577187024619473,0.6538754456895367,1.5666818036314352,-0.04958333333333326,-0.048009259259259196,0.31753068088055425,0.6864686468646868,0.1729700458052686,0.41736327324023875,0.007686513544821194,0.001574074074074061,0.0008336420924456284,0.17730846566770564,0.12126434717682127,0.11248818804916035,0.0,0.675607893218918,0.604400226825105,0.26804794455561504,0.2906097937419732,0.3421020762725628,fearful,06,06,06,female,strong,703
80,2.6693333333333333,True,1.0,0.6443092152165895,0.6230357781269835,0.6336724966717865,1.5710594315245479,-0.05111111111111116,-0.048981481481481404,0.40565403832390473,0.5650301464254955,0.17572223374872628,0.4033408819276009,0.02127343708960594,0.002129629629629759,0.0022932802830852783,0.20249271961385273,0.11798716550549519,0.11624917641333873,0.0,0.9999999987499999,0.6154443574304722,0.2707529845251288,0.3013529013616406,0.3710341323880617,fearful,06,06,06,female,strong,703
90,3.003,True,1.0,0.6312046319333803,0.5895324362275999,0.6103685340804901,0.937731452910575,-0.049583333333333424,-0.047962962962962874,0.4472662519468639,0.240575793314222,0.17571007646889364,0.6508990737017506,0.0416721957057804,0.0016203703703705497,0.006141877865250581,0.32668363968132125,0.12104359224877653,0.11221751770421726,0.0,0.9999999987499999,0.607718188634829,0.26860754995819525,0.30955370278348704,0.3584927070577263,fearful,06,06,06,female,strong,703
100,3.336666666666667,True,1.0,0.3446860642432205,0.34039897621746734,0.3425425202303439,0.9060305049106497,-0.055694444444444435,-0.054166666666666696,0.44663618415634404,0.1950422815687974,0.17849316768879106,0.37806952235468555,0.004287088025753172,0.001527777777777739,0.008284391731742913,0.35264742449068986,0.12344343968987974,0.11146830547219577,0.0,0.9999999987499999,0.5977040461966037,0.27006783884745267,0.3063022537147247,0.3569045695823313,fearful,06,06,06,female,strong,703
110,3.6703333333333332,True,1.0,0.5879424815028192,0.549342044840602,0.5686422631717106,0.9556503374840781,-0.04638888888888887,-0.04379629629629628,0.4555634256471411,0.204733055166969,0.17293254978509287,0.5950317191000675,0.03860043666221724,0.002592592592592591,0.010951567309161326,0.3223989057234328,0.1264969272958445,0.10851868574292023,0.0,0.7805993621977342,0.6176517487541892,0.27018837014418906,0.3009165894018374,0.3572665978412806,fearful,06,06,06,female,strong,703
0,0.0,True,1.0,0.516413257616765,0.5030385660751401,0.5097259118459525,1.081608764351059,-0.04648148148148151,-0.04532407407407413,0.3723214754822289,0.5099012746226416,0.1479584397623819,0.4712664399976239,0.013374691541624961,0.0011574074074073848,0.006966421855751479,0.30535714285714266,0.12792259182174057,0.10683439648549314,0.0,0.6739575298813185,0.6423398938716111,0.2712498617011385,0.2664579284272621,0.3291428572351339,disgust,07,06,06,female,normal,704
10,0.33366666666666667,True,1.0,0.508167297756764,0.5010785545286611,0.5046229261427125,1.1383983202992003,-0.04657407407407416,-0.045370370370370394,0.36858668689831015,0.5067609962948185,0.15073544774060407,0.44327448235349176,0.007088743228102823,0.0012037037037037623,0.016702762956485918,0.28539775758836383,0.11986156370710453,0.11448210224626093,0.0,0.9999999987499999,0.642197087983631,0.27480889243280826,0.26036816866930207,0.33437584357970196,disgust,07,06,06,female,normal,704
20,0.6673333333333333,True,1.0,0.40295769760104033,0.40251033560421967,0.40273401660263,1.1339664538246677,-0.04777777777777775,-0.04726851851851854,0.3717419890695032,0.5286735494182567,0.1465798364358356,0.35515514171012696,0.000447361996820661,0.0005092592592592093,0.01274070415974424,0.30405405405405417,0.12072939473711684,0.1135665418843234,0.0,0.9999999987499999,0.6470135197438349,0.2719484449182929,0.2623112747666305,0.3401152429841102,disgust,07,06,06,female,normal,704
30,1.0010000000000001,True,1.0,0.47724924545249103,0.4610912866889615,0.46917026607072626,1.1322175923408329,-0.04365740740740742,-0.04296296296296287,0.36467254378571184,0.5346419917644836,0.14931832980923246,0.41438171358981263,0.016157958763529545,0.000694444444444553,0.0076562024613488645,0.27378165144085104,0.12369621505405645,0.1115299072172205,0.0,0.9999999987499999,0.6430275215164191,0.2740273021265028,0.2643030305663311,0.3359378928681866,disgust,07,06,06,female,normal,704
40,1.3346666666666667,True,1.0,0.3398817055458655,0.33550619882929383,0.3376939521875797,1.2002717447057103,-0.050231481481481544,-0.048472222222222194,0.3761939012521421,0.5241560195683568,0.15074506418281913,0.2813479144844633,0.004375506716571664,0.0017592592592593492,0.00994951721763213,0.2705627618439464,0.12160124081637673,0.1138104215538502,0.0,0.8132649207716899,0.6420722465236095,0.27678143439753433,0.26424731185686684,0.3405632578898756,disgust,07,06,06,female,normal,704
50,1.6683333333333334,True,1.0,0.48752773073387873,0.5076807493563764,0.4976042400451276,1.1019080270505133,-0.04898148148148146,-0.04754629629629625,0.3608167819939974,0.5507893186939473,0.15348464969205483,0.45158418654692006,0.020153018622497687,0.001435185185185206,0.020997933864631238,0.26079158435513633,0.12682762644135523,0.10777904734394389,0.0,0.9999999987499999,0.5895334965079781,0.2455371666451274,0.2769233154085713,0.31224525524114344,disgust,07,06,06,female,normal,704
60,2.0020000000000002,True,1.0,0.3519164149322457,0.36402798572714534,0.3579722003296955,1.1513152938562254,-0.04736111111111113,-0.04638888888888887,0.3392934475021966,0.5671144867694282,0.15001830942942432,0.3109245592757656,0.012111570794899662,0.0009722222222222632,0.021689610992239827,0.25807969197173036,0.12368474221075815,0.1106853135195039,0.0,0.8382240417953304,0.6412964275788441,0.27084329329013074,0.27179443570595363,0.33208192173475126,disgust,07,06,06,female,normal,704
70,2.3356666666666666,True,1.0,0.43528968590099065,0.45301963381726423,0.44415465985912744,1.140617281836105,-0.046296296296296335,-0.04347222222222219,0.34480890396712954,0.5702306079664572,0.15141358091549442,0.3893985010854394,0.01772994791627358,0.0028240740740741455,0.020457475407576326,0.281595670255306,0.12040733262042877,0.11357293931739477,0.0,0.9999999987499999,0.6410575948191777,0.269912808171398,0.26150053548455415,0.3273981490224571,disgust,07,06,06,female,normal,704
80,2.6693333333333333,True,1.0,0.45912363906064807,0.5034261946237835,0.4812749168422158,1.0940243468925372,-0.0439814814814814,-0.04185185185185192,0.3768437565093897,0.4633843071546345,0.1528277074740655,0.43991243724075,0.04430255556313539,0.0021296296296294814,0.0208829327958932,0.3205743424999382,0.12133396597060407,0.11325732994485446,0.0,0.9999999987499999,0.6413340226793843,0.2705586649719791,0.2671216397964402,0.32925680762514686,disgust,07,06,06,female,normal,704
90,3.003,True,1.0,0.4358339208922559,0.45277954677039617,0.444306733831326,1.0395682110471316,-0.043055555555555514,-0.04157407407407404,0.3886744910781056,0.44439401264167283,0.15286214945574872,0.42739546006681634,0.016945625878140247,0.0014814814814814725,0.0260869911585338,0.3263654825551983,0.12446955812829995,0.11083820131028564,0.0,0.7071067807446058,0.6492985494510304,0.27479583910776934,0.2596807440990035,0.32962891083997686,disgust,07,06,06,female,normal,704
100,3.336666666666667,True,1.0,0.46571018067707487,0.469980567424883,0.4678453740509789,1.0877483398435022,-0.04513888888888895,-0.0431481481481481,0.3775152596719879,0.47487276521188976,0.14866244022866543,0.4301044248141894,0.004270386747808108,0.0019907407407408484,0.0199882267669269,0.3013477933470227,0.11942763179726376,0.11393578571724175,0.0,0.9999999987499999,0.6462438295943376,0.27095420675863835,0.26118446893266045,0.3297376424494421,disgust,07,06,06,female,normal,704
0,0.0,True,1.0,0.6039665016990589,0.5708040985187022,0.5873853001088805,1.2044061956294383,-0.03842592592592586,-0.03875000000000001,0.3505350875100055,0.48825867629012465,0.15599634600130874,0.487697009730098,0.03316240318035668,0.00032407407407414324,0.00024921109678443604,0.2749721337320578,0.12255368161788362,0.11159543588941391,0.0,0.9999999987499999,0.6283913060302246,0.2658259517727504,0.2740291397596711,0.34355089807344824,disgust,07,06,06,female,normal,705
10,0.33366666666666667,True,1.0,0.585373229025314,0.5704296985456538,0.5779014637854839,1.1838194812926064,-0.03749999999999998,-0.0369907407407406,0.3583303170749526,0.47192803646124226,0.15588675465946436,0.4881668809457978,0.014943530479660128,0.0005092592592593759,0.00834325525284069,0.27398211247216797,0.12467578953056847,0.10869490260483955,0.0,0.7505639058548179,0.6270263241781087,0.2666949809586307,0.2741706062511961,0.3410006897633049,disgust,07,06,06,female,normal,705
20,0.6673333333333333,True,1.0,0.6003353395804468,0.5724907679272232,0.586413053753835,1.0843746796919844,-0.03828703703703712,-0.039351851851851805,0.3611389284314527,0.4478790071272704,0.15720139196621616,0.5407845320774228,0.027844571653223626,0.0010648148148146852,0.004880265803942537,0.3182543552760087,0.122238133765709,0.11091510788753277,0.0,0.9999999987499999,0.6266425853310074,0.2686897166569645,0.272011681428345,0.3395203119740195,disgust,07,06,06,female,normal,705
30,1.0010000000000001,True,1.0,0.5951795459051086,0.5408292540521774,0.568004399978643,1.1527352906072492,-0.03805555555555562,-0.03773148148148148,0.36330887671880663,0.49069137370443755,0.15724797637367527,0.49274486918798516,0.054350291852931165,0.00032407407407414324,0.008889390310705986,0.28916728415396764,0.11897404147654787,0.11323768067996048,0.0,0.9999999987499999,0.6215387420436924,0.2708776654196677,0.2741521125587674,0.3450659232325574,disgust,07,06,06,female,normal,705
40,1.3346666666666667,True,1.0,0.551011217742381,0.4971620916393182,0.5240866546908496,1.054234133103076,-0.033055555555555505,-0.03606481481481488,0.34483751904024307,0.451814628472747,0.15596748789479542,0.49712548497005254,0.05384912610306286,0.003009259259259378,0.013304018976392789,0.2950701033622538,0.12611677358129517,0.10896025510141905,0.0,0.9999999987499999,0.6245780380355267,0.269603057660433,0.27571317405132495,0.34339007422106216,disgust,07,06,06,female,normal,705
50,1.6683333333333334,True,1.0,0.5792864538575366,0.5422978559133219,0.5607921548854293,1.0676213142211883,-0.03486111111111112,-0.03726851851851859,0.33628097651961986,0.46491272915533893,0.1568815362184154,0.5252725356972829,0.03698859794421472,0.002407407407407469,0.020544521624974766,0.2726436771347843,0.12426806747638831,0.1098567136901003,0.0,0.9999999987499999,0.6216249907619299,0.27031472211693447,0.268939980747424,0.3364883557434046,disgust,07,06,06,female,normal,705
60,2.0020000000000002,True,1.0,0.5586994162492434,0.5242057596667795,0.5414525879580114,1.2513330726141636,-0.034999999999999976,-0.038472222222222296,0.3400413505525361,0.5326466630960911,0.1560887538456507,0.43270061329623555,0.03449365658246384,0.003472222222222321,0.03252368919979049,0.25120107407851505,0.11900044781620583,0.11371367610304943,0.0,0.9999999987499999,0.619542608027586,0.2720148565812488,0.2674869421179953,0.3366469693819579,disgust,07,06,06,female,normal,705
70,2.3356666666666666,True,1.0,0.5982097369051476,0.5638757622203495,0.5810427495627486,0.9941928184409281,-0.037546296296296355,-0.03939814814814824,0.32500143835652234,0.41718486950984723,0.16037481440011264,0.5844366794702133,0.03433397468479804,0.0018518518518518823,0.029662378525853808,0.28349420433143746,0.1258329186151711,0.10858839059805656,0.0,0.9999999987499999,0.6209669686859118,0.2687585194732605,0.26609867007648047,0.3170105894124023,disgust,07,06,06,female,normal,705
80,2.6693333333333333,True,1.0,0.5502624643611221,0.5027042282535157,0.5264833463073189,1.143448939657996,-0.03416666666666668,-0.03736111111111118,0.3300693452066149,0.47495331394272394,0.15615521454697942,0.46043450481032344,0.047558236107606455,0.0031944444444444997,0.03383052278120448,0.26006108790117627,0.12195864334375536,0.11207556181110948,0.0,0.9999999987499999,0.619447239802171,0.2720259388362443,0.2574730301856462,0.31483824647553954,disgust,07,06,06,female,normal,705
90,3.003,True,1.0,0.6221971026710047,0.5237887388861535,0.5729929207785791,1.0365909151582422,-0.03555555555555545,-0.03708333333333336,0.30039511210095,0.47987716716579754,0.15715023865640682,0.552766682014677,0.09840836378485118,0.0015277777777779056,0.053213889662359425,0.25271488348895893,0.12042156704996809,0.11135543617143323,0.0,0.9999999987499999,0.6189666096438575,0.2715160997636175,0.24414625963402928,0.2944626679965564,disgust,07,06,06,female,normal,705
100,3.336666666666667,True,1.0,0.5610065477278072,0.5174830479305679,0.5392447978291875,1.1734878973184584,-0.035833333333333384,-0.037962962962962976,0.33753173446700085,0.4761347056599922,0.16044710796161318,0.4595231012279018,0.04352349979723935,0.0021296296296295925,0.04511886793612403,0.26244005140800075,0.12569652416397695,0.1090960754951784,0.0,0.9999999987499999,0.6244466630871098,0.27270718475771977,0.2548549329621045,0.308987027328804,disgust,07,06,06,female,normal,705
110,3.6703333333333332,True,1.0,0.5609711022828907,0.5118479025631446,0.5364095024230177,1.1904904807519798,-0.03625000000000006,-0.03837962962962971,0.33616209501849303,0.4761347056599922,0.15991237949172007,0.45057857336598917,0.0491231997197461,0.002129629629629648,0.04892322110710624,0.2527342578528571,0.12319469731306512,0.1114016363718758,0.0,0.9999999987499999,0.6582262714148159,0.28816730420594,0.25792849738354556,0.32877180110761517,disgust,07,06,06,female,normal,705
120,4.0040000000000004,True,1.0,0.5669509291264716,0.48707719817023515,0.5270140636483533,1.2266350104099852,-0.037685185185185155,-0.038333333333333386,0.33386169033654856,0.5024416415484887,0.1599538816696496,0.4296421178066705,0.07987373095623646,0.000648148148148231,0.05293278427887902,0.25031676312717915,0.12038971022970463,0.11224181210337952,0.0,0.9999999987499999,0.6309859822991696,0.271890419533526,0.2440582964298159,0.3028929140595909,disgust,07,06,06,female,normal,705
0,0.0,True,1.0,0.592800852735191,0.5130007379439159,0.5529007953395535,1.2979193909347482,-0.053240740740740644,-0.05138888888888887,0.3335062298021796,0.6487863727219843,0.15084338662630756,0.42599008782922954,0.07980011479127513,0.0018518518518517713,0.057648267509343494,0.2233992231910172,0.12355668034290318,0.11031132754663031,0.0,0.9999999987499999,0.6691244494360244,0.28700107887616866,0.2676287201160788,0.34334888483879006,disgust,07,06,06,female,normal,706
10,0.33366666666666667,True,1.0,0.5442176870748295,0.5031446540880508,0.5236811705814401,1.283178877116829,-0.05009259259259263,-0.05240740740740735,0.3333333333333333,0.6239931213833291,0.15107384739596297,0.40811236836916914,0.04107303298677878,0.002314814814814714,0.050800727291784,0.2098378969679862,0.1179610990294194,0.11479148848787983,0.0,0.7071067807446058,0.670789194326168,0.28700000468867637,0.2647880747680295,0.3437772686856237,disgust,07,06,06,female,normal,706
20,0.6673333333333333,True,1.0,0.4814814814814815,0.4263549238016994,0.45391820264159044,1.1230976897224179,-0.04629629629629628,-0.04726851851851849,0.3518607715672017,0.4693377180962169,0.15147589342552994,0.40416626870079286,0.055126557679782084,0.0009722222222222077,0.05008320946100691,0.25229862590489976,0.12312070040343788,0.11148341206120174,0.0,0.7692879023813708,0.6635573464620222,0.2885084777677627,0.26925749080386535,0.3369463718843481,disgust,07,06,06,female,normal,706
30,1.0010000000000001,True,1.0,0.5181632471383236,0.4528839736396053,0.48552361038896447,1.2058438838015344,-0.04800925925925942,-0.04958333333333337,0.3335898551833049,0.549722947027171,0.15182001319407795,0.40264218022842757,0.06527927349871832,0.00157407407407395,0.055111683151077964,0.21707527486277012,0.12080878929663791,0.11381735593890464,0.0,0.9999999987499999,0.6629246282731842,0.28863667970413437,0.26640931780444516,0.33386510717060935,disgust,07,06,06,female,normal,706
40,1.3346666666666667,True,1.0,0.5189368765316422,0.4614767761385808,0.4902068263351115,1.18043659614427,-0.04879629629629628,-0.05027777777777781,0.3320601885378088,0.5633901936143101,0.15038756861171954,0.4152758631308984,0.05746010039306143,0.001481481481481528,0.051847829738138514,0.21521227601801007,0.12010902150795819,0.11220303815499841,0.0,0.9999999987499999,0.6627908166704182,0.28775445406177,0.2660017411544914,0.3314322054966869,disgust,07,06,06,female,normal,706
50,1.6683333333333334,True,1.0,0.510486872281597,0.44418493376210755,0.47733590302185225,1.1284404475236496,-0.048611111111111105,-0.04976851851851849,0.3600633199925178,0.5061214142613261,0.15244662683603524,0.42300495703549157,0.0663019385194894,0.0011574074074073848,0.06412986882325111,0.23207609091849565,0.12415974587614637,0.1103250449193539,0.0,0.9999999987499999,0.6613372917604542,0.2879138146000454,0.2735494735825151,0.3345718699780748,disgust,07,06,06,female,normal,706
60,2.0020000000000002,True,1.0,0.49137438067638267,0.4025157232704405,0.4469450519734116,1.2924510821641928,-0.05134259259259266,-0.0525000000000001,0.3267545521757031,0.6101565606364318,0.1503875686117195,0.34581196777289847,0.08885865740594218,0.0011574074074074403,0.05540856783501871,0.18177197969502162,0.11957722754153334,0.11192169465577173,0.0,0.9999999987499999,0.6571403222304547,0.28962099839392896,0.26993601602361394,0.33406974443851106,disgust,07,06,06,female,normal,706
70,2.3356666666666666,True,1.0,0.48969438428361667,0.41001686193425263,0.4498556231089347,1.1642060480062795,-0.04851851851851857,-0.05032407407407413,0.30755372740431774,0.5820782767188447,0.15244662683603524,0.3864055025992343,0.07967752234936404,0.0018055555555555602,0.05899733372621399,0.19433194241457316,0.12108172698325634,0.111152661730754,0.0,0.9999999987499999,0.65879340910583,0.28714958291368164,0.265530793078246,0.3249556792651524,disgust,07,06,06,female,normal,706
80,2.6693333333333333,True,1.0,0.5291724099591819,0.4527649953881769,0.4909687026736794,1.220688823849983,-0.047731481481481486,-0.04935185185185187,0.329435840772689,0.5563192170508658,0.15244662683603527,0.402206273278715,0.07640741457100503,0.0016203703703703831,0.06730773009828421,0.23201260028566073,0.12558447782385737,0.10852508011909415,0.0,0.9999999987499999,0.6536855362926421,0.2718195759286876,0.2442685280649432,0.29705377315455717,disgust,07,06,06,female,normal,706
90,3.003,True,1.0,0.5026505078353364,0.3931579314231849,0.44790421962926064,1.1409249014673553,-0.045925925925925926,-0.047037037037037044,0.35288150360515214,0.5114584711385267,0.15269065761961464,0.39257993146893927,0.10949257641215149,0.0011111111111111183,0.054169960105811085,0.25629356280019233,0.1258367025369979,0.10893435715993716,0.0,0.7071067807446058,0.6554699289481418,0.2719842881248091,0.24003847318730426,0.2942247748138293,disgust,07,06,06,female,normal,706
100,3.336666666666667,True,1.0,0.4998664525675534,0.42656236730966374,0.4632144099386086,1.214978798348785,-0.04675925925925917,-0.04680555555555549,0.33476041011495605,0.5543695742608533,0.1515307835693481,0.38125308076827297,0.07330408525788967,4.629629629632204e-05,0.05563193158376693,0.21999176513240454,0.12048941104896843,0.11314960107818264,0.0,0.9999999987499999,0.6521181057266656,0.29120620281510723,0.2669616800671819,0.33513266533116476,disgust,07,06,06,female,normal,706
110,3.6703333333333332,True,1.0,0.5215680380419077,0.42686542357279017,0.47421673080734894,1.1853596338780124,-0.051203703703703696,-0.05189814814814819,0.34786332660608116,0.5332569054697611,0.15279795503794538,0.4000614811353965,0.09470261446911749,0.0006944444444444975,0.05970582024553008,0.2570681698516193,0.11879424604229187,0.11509370727113402,0.0,0.9999999987499999,0.6630345601990796,0.2901380854346858,0.26281961528633946,0.3405728055197441,disgust,07,06,06,female,normal,706
0,0.0,True,1.0,0.33680971160446915,0.3771728618601748,0.35699128673232194,1.1804718569858834,-0.047314814814814754,-0.04592592592592587,0.370874736522397,0.4719764011799404,0.15391897899671003,0.3024140597843926,0.04036315025570564,0.001388888888888884,0.04806173104341581,0.2776952009229248,0.12319679758273933,0.11157020679938003,0.0,0.9999999987499999,0.6469378935949379,0.272934072595169,0.24590355166606814,0.3167333684516028,disgust,07,06,06,female,normal,707
10,0.33366666666666667,True,1.0,0.4737296486834448,0.5053234641594501,0.48952655642144743,1.1076336291238325,-0.04148148148148145,-0.036944444444444446,0.3753362969588606,0.4132051200557753,0.15596748789479542,0.4419571088760423,0.03159381547600526,0.004537037037037006,0.05890195108718731,0.29298672157587696,0.12409411073068374,0.1107434765993345,0.0,0.9999999987499999,0.6420006674935599,0.26911845363273823,0.24157917649948257,0.30506964904660633,disgust,07,06,06,female,normal,707
20,0.6673333333333333,True,1.0,0.47537684637287064,0.5049552241502436,0.4901660352615571,1.1135868239013647,-0.04328703703703696,-0.04013888888888889,0.3769515410865071,0.41739130434782584,0.15591269171065952,0.440168673641718,0.02957837777737299,0.0031481481481480666,0.05416029929088208,0.2811127713994911,0.11891212284419204,0.1146400169749366,0.0,0.9999999987499999,0.633149418329832,0.270383710450013,0.24479931873776717,0.3122407661031473,disgust,07,06,06,female,normal,707
30,1.0010000000000001,True,1.0,0.2446629115255224,0.28144680709346226,0.26305485930949235,1.1744782142061334,-0.05115740740740743,-0.04916666666666669,0.3596737537934367,0.4321545531202767,0.15386146983594418,0.2239759376782475,0.03678389556793987,0.0019907407407407374,0.052102524510103235,0.2577417188416114,0.11105828812153411,0.12037954859068399,0.0,0.9999999987499999,0.6859161298738244,0.29224256093522333,0.24243406389500408,0.33678900022126,disgust,07,06,06,female,normal,707
40,1.3346666666666667,True,1.0,0.4518644430330759,0.45232548885547114,0.4520949659442735,1.227916478481285,-0.041527777777777775,-0.04032407407407412,0.31730960370415706,0.522249065095667,0.15801787302825418,0.36818055125657634,0.00046104582239525627,0.0012037037037036513,0.05881629878589115,0.20985847812228786,0.1181933909402987,0.11521564495269482,0.0,0.9999999987499999,0.6784214927455356,0.285795556918732,0.23493232465695071,0.32047570508386647,disgust,07,06,06,female,normal,707
50,1.6683333333333334,True,1.0,0.44333401420984825,0.4799999999999997,0.461667007104924,1.106456753913219,-0.0429166666666666,-0.04069444444444442,0.34830343331524716,0.4525756567356367,0.15738134496673298,0.4172481260312621,0.036665985790151456,0.002222222222222181,0.04952768644670333,0.28120915065619795,0.11851687158728863,0.11603793037347875,0.0,0.9999999987499999,0.6558485843087235,0.2733969854962657,0.22887284909943123,0.2896185505706807,disgust,07,06,06,female,normal,707
60,2.0020000000000002,True,1.0,0.4433340142098482,0.4799999999999997,0.4616670071049239,0.9626414287245905,-0.0497685185185186,-0.04652777777777789,0.3511642386653703,0.4397448353418083,0.1579913157815615,0.47958356385782125,0.03666598579015151,0.0032407407407407107,0.05158150103355374,0.2817249846467109,0.11609993781836841,0.11699965404348114,0.0,0.9999999987499999,0.6523822390596864,0.2703797240819362,0.23459682436766563,0.2959048122277675,disgust,07,06,06,female,normal,707
70,2.3356666666666666,True,1.0,0.4894289789657511,0.522558431122622,0.5059937050441865,1.0629213099419919,-0.044027777777777666,-0.042175925925926006,0.3502329516977663,0.4981674054872137,0.15455416531870345,0.47604060649776675,0.03312945215687091,0.0018518518518516602,0.05241773049147331,0.23726803354959983,0.12480299439945401,0.10942288002883092,0.0,0.9999999987499999,0.6407314225455808,0.27101851539252153,0.24369329940132237,0.30253579352659715,disgust,07,06,06,female,normal,707
80,2.6693333333333333,True,1.0,0.5581719684339117,0.5739324633169712,0.5660522158754415,1.0602538622700182,-0.04370370370370369,-0.04097222222222224,0.3250996108799208,0.48484848484848464,0.15655487833868553,0.5338836631667777,0.015760494883059528,0.002731481481481446,0.05699579361929178,0.23817432929184765,0.11910005482650243,0.11543927874314983,0.0,0.9999999987499999,0.6355264226159213,0.271532476933552,0.23834784427929764,0.2945165900632178,disgust,07,06,06,female,normal,707
90,3.003,True,1.0,0.5031547608171582,0.539351899263987,0.5212533300405726,1.1160775140854684,-0.041527777777777886,-0.03902777777777777,0.357177791135058,0.4848484848484857,0.15741091323305995,0.46704043712205406,0.036197138446828814,0.0025000000000001132,0.06315191783690768,0.2850893546068271,0.12177590352608479,0.11311936748304639,0.0,0.9999999987499999,0.6302861930162691,0.27199700645989844,0.2454516796718198,0.3041278503149129,disgust,07,06,06,female,normal,707
100,3.336666666666667,True,1.0,0.46505254657109923,0.5321769107465832,0.49861472865884127,1.1052937973415138,-0.04240740740740756,-0.039629629629629626,0.36387584043109733,0.4884258487717375,0.16024155667146883,0.45111510609950456,0.06712436417548401,0.0027777777777779344,0.06870820870486684,0.2852407953884307,0.12362632741224727,0.11160736979642297,0.0,0.9999999987499999,0.622429486896321,0.27256390978180106,0.25141196493363893,0.3070018306522231,disgust,07,06,06,female,normal,707
110,3.6703333333333332,True,1.0,0.5068968775248504,0.532737010518952,0.5198169440219012,1.086122714427686,-0.042546296296296415,-0.04101851851851851,0.3689889433710763,0.440511307767946,0.15951828768181492,0.4785987228853877,0.025840132994101594,0.0015277777777779056,0.06223071113724522,0.28554214778374787,0.12065482556063582,0.11431436938612863,0.0,0.9999999987499999,0.6245077542345063,0.2729874566423007,0.24633188511309473,0.30587002758592186,disgust,07,06,06,female,normal,707
0,0.0,True,1.0,0.5027042282535157,0.5387215362938412,0.5207128822736784,1.4381018552313127,-0.0496759259259259,-0.04615740740740748,0.3881706127269007,0.47922705314009617,0.15717955077247747,0.36208345075107623,0.036017308040325546,0.003518518518518421,0.024682340597979836,0.19982772524742667,0.13009811364200521,0.10417417433135674,0.0,0.8150548487011436,0.6094943493100365,0.2530383828377649,0.25872143756470667,0.3017955446538608,disgust,07,06,06,female,strong,708
10,0.33366666666666667,True,1.0,0.4816903013656822,0.5481887807097406,0.5149395410377114,1.3039866796208708,-0.04203703703703704,-0.03962962962962968,0.40768464324021597,0.39254951681974,0.16131981088267625,0.39489631994356583,0.06649847934405845,0.002407407407407358,0.03960341905570536,0.24308395514948963,0.11622853033712252,0.11735993859246818,0.0,0.9999999987499999,0.6417127314597714,0.272896476503656,0.2501647638383708,0.31963147370379247,disgust,07,06,06,female,strong,708
20,0.6673333333333333,True,1.0,0.17351471360805348,0.16962313161098502,0.17156892260951925,1.2181706534714725,-0.04939814814814808,-0.04828703703703713,0.4401687588430682,0.33501141101909065,0.15101053942708895,0.1408414511715514,0.0038915819970684606,0.0011111111111109517,0.046805292244472926,0.26613860057916233,0.11610323907685553,0.11699637807884058,0.0,0.9999999987499999,0.6417697166991797,0.2788708675878068,0.2679763994931943,0.3454695051893481,disgust,07,06,06,female,strong,708
30,1.0010000000000001,True,1.0,0.4421696125315203,0.48873160748196326,0.4654506100067418,1.1601389579854648,-0.03726851851851848,-0.036898148148148124,0.4680751016469948,0.2898310236515521,0.15458230017413618,0.4012024652762099,0.04656199495044294,0.00037037037037035425,0.05411636676461334,0.2623156241236601,0.12073525621447145,0.11389535544143943,0.0,0.9999999987499999,0.639735470360019,0.2780845804493382,0.27325238926104656,0.34757385178899625,disgust,07,06,06,female,strong,708
40,1.3346666666666667,True,1.0,0.5277250905148695,0.5410223994250388,0.5343737449699542,1.2078300861888074,-0.037314814814814745,-0.035879629629629484,0.34629513705212317,0.4829917084973241,0.1565309973296024,0.44242460183792864,0.013297308910169336,0.0014351851851852615,0.06058664557800131,0.2414241958717064,0.12106137365675237,0.1143845165693012,0.0,0.7071067807446058,0.6381216039775285,0.27973004378470584,0.25070420049985837,0.32003620533608346,disgust,07,06,06,female,strong,708
50,1.6683333333333334,True,1.0,0.2964604795159812,0.30901143744001447,0.30273595847799784,1.7613907652833987,-0.048518518518518405,-0.047546296296296364,0.334116432926351,0.7630644084295471,0.14907243691320501,0.1718732517762969,0.012550957924033268,0.0009722222222220411,0.05652072397176162,0.17231438926176654,0.11831251924982569,0.11591803151248958,0.0,0.9999999987499999,0.6361540173256803,0.2783161469949796,0.24487282589865475,0.32695407777997576,disgust,07,06,06,female,strong,708
60,2.0020000000000002,True,1.0,0.24188431478751185,0.2474069616480222,0.24464563821776703,1.1819298426766824,-0.05296296296296288,-0.052685185185185224,0.3802006949134474,0.47827723928507127,0.1538341950480867,0.20698829100018754,0.00552264686051035,0.00027777777777765467,0.07142104833883979,0.23559385236124417,0.11836682942936196,0.11602689291631355,0.0,0.9999999987499999,0.6576998629139156,0.2768734144252192,0.23540651664679635,0.3084647824317605,disgust,07,06,06,female,strong,708
70,2.3356666666666666,True,1.0,0.5136940559182557,0.5848167657580727,0.5492554108381642,1.2028867902853082,-0.038611111111111096,-0.035879629629629595,0.3564083879696256,0.5163281148199261,0.15591269171065952,0.45661438405844357,0.07112270983981706,0.0027314814814815014,0.06425592704217845,0.25332245241859475,0.11898018587444618,0.1155628206031489,0.0,0.9999999987499999,0.6243545611682172,0.2776265447185502,0.2605350098215392,0.3253068954236423,disgust,07,06,06,female,strong,708
80,2.6693333333333333,True,1.0,0.20948164757085322,0.2223674796740072,0.2159245636224302,1.3668757253838175,-0.04893518518518519,-0.04787037037037034,0.31169853475910675,0.6051548597394265,0.1551687183881098,0.15796941858909577,0.012885832103153971,0.0010648148148148517,0.055391320595941755,0.2088678880044406,0.12236389076826766,0.11197378431151447,0.0,0.9999999987499999,0.625537675867222,0.27758416916552825,0.2556687296133793,0.3130751733311992,disgust,07,06,06,female,strong,708
90,3.003,True,1.0,0.5136940559182562,0.5542323517942929,0.5339632038562745,1.2169605588872119,-0.03805555555555562,-0.03555555555555556,0.32757269882231643,0.5442176870748296,0.15319717947381303,0.438767879498519,0.040538295876036634,0.0025000000000000577,0.06369173757467317,0.2352496932896302,0.12220955663885763,0.11248147535633461,0.0,0.9999999987499999,0.6247337927280288,0.27473376149210355,0.25892700396894036,0.32924845940237313,disgust,07,06,06,female,strong,708
100,3.336666666666667,True,1.0,0.5301598115243069,0.5709388637903734,0.5505493376573402,1.1706319207191598,-0.03439814814814818,-0.03388888888888891,0.38437232875758454,0.4443904121354578,0.15668883687602803,0.4703009783973075,0.040779052266066484,0.0005092592592592649,0.06359672322005837,0.26223462172530976,0.11488229948221834,0.11624510528816569,0.0,0.9999999987499999,0.6612831246482969,0.2769070998152864,0.22790409832415065,0.2972171850563407,disgust,07,06,06,female,strong,708
110,3.6703333333333332,True,1.0,0.498971908919645,0.5540376413648381,0.5265047751422416,1.1309586458216048,-0.03949074074074077,-0.037962962962962976,0.3957734330198741,0.4293298088233102,0.15741091323305997,0.46553848550293625,0.05506573244519314,0.0015277777777777946,0.0676292576959518,0.2700557245028255,0.11336509863157415,0.11756324979286958,0.0,0.9999999987499999,0.6614208424385378,0.27532070025700023,0.2233171885946659,0.29690252687919244,disgust,07,06,06,female,strong,708
120,4.0040000000000004,True,1.0,0.47556093906725894,0.507807308433203,0.49168412375023096,1.1614592883081643,-0.038842592592592595,-0.03699074074074077,0.39045675008062103,0.3690729935498633,0.16002048526124885,0.4233330678912052,0.03224636936594405,0.0018518518518518268,0.07470560717143447,0.270250915629181,0.11985777322107846,0.1149842260055638,0.0,0.9999999987499999,0.626993610373837,0.27466018976448364,0.2491930448115899,0.303947674523603,disgust,07,06,06,female,strong,708
0,0.0,True,1.0,0.5084800035163993,0.55221787924447,0.5303489413804346,1.14255602945967,-0.04300925925925919,-0.039120370370370416,0.39146589429742,0.38309538284652883,0.1611684003091872,0.46417762254621664,0.04373787572807064,0.003888888888888775,0.0483966283064727,0.28228523832061847,0.12496698009548626,0.11027706768023478,0.0,0.802762238599784,0.6333717380624124,0.2671156818793368,0.266036676150646,0.32753463090362067,disgust,07,06,06,female,strong,709
10,0.33366666666666667,True,1.0,0.5029930700685041,0.5627884994182434,0.5328907847433737,1.1799631539806952,-0.04615740740740737,-0.04356481481481478,0.38506839525268527,0.35977319776075295,0.16476865225934545,0.451616461874785,0.05979542934973925,0.002592592592592591,0.05516087812500778,0.26305491917217094,0.12547351691164318,0.10777305275980235,0.0,0.9999999987499999,0.6061931507993822,0.24912807722584895,0.25224676472190216,0.3048525816766799,disgust,07,06,06,female,strong,709
20,0.6673333333333333,True,1.0,0.5077252129809163,0.5722153245386191,0.5399702687597677,1.0667848038119787,-0.04189814814814807,-0.0398148148148148,0.3975736504932478,0.2738037839944426,0.16550104642032631,0.5061660672614322,0.06449011155770279,0.0020833333333332704,0.05973840708069209,0.28128386858758536,0.12007884279119212,0.11358521872656253,0.0,0.9999999987499999,0.63964508636267,0.2734755917137347,0.2530888733699944,0.3225512042610923,disgust,07,06,06,female,strong,709
30,1.0010000000000001,True,1.0,0.46705783597670847,0.5238021642712409,0.4954300001239747,1.0632500503497606,-0.04106481481481489,-0.03814814814814821,0.42153658207833977,0.25157444243524674,0.16201336077128833,0.4659581252415656,0.056744328294532465,0.0029166666666666785,0.06392952629167387,0.2960531113518758,0.11645971527380687,0.11680476563150335,0.0,0.9999999987499999,0.6459948547075081,0.27624502387492444,0.2544332726926041,0.33190948751511823,disgust,07,06,06,female,strong,709
40,1.3346666666666667,True,1.0,0.4894908859680938,0.5066045475181274,0.49804771674311066,1.0983011639809577,-0.03986111111111118,-0.038425925925925974,0.3764095715969639,0.37935235447114046,0.160646691480114,0.45347099054130274,0.017113661550033632,0.001435185185185206,0.07048637279687615,0.26456109708406844,0.1143123788950012,0.11696859072303373,0.0,0.9999999987499999,0.6524679232786864,0.2747253032914178,0.22929508868819956,0.2874730473964408,disgust,07,06,06,female,strong,709
50,1.6683333333333334,True,1.0,0.42740824980823805,0.48296628756009086,0.4551872686841645,1.1198024399170843,-0.041527777777777886,-0.041666666666666685,0.3671332200512538,0.4690722565346443,0.15325692919279923,0.40648890595190057,0.05555803775185281,0.00013888888888879958,0.04637025575478486,0.2732242459177958,0.12048757464974885,0.11449063863357176,0.0,0.9999999987499999,0.6579639222407713,0.2752931753691492,0.2379530949843373,0.30763538972273397,disgust,07,06,06,female,strong,709
60,2.0020000000000002,True,1.0,0.524291271950394,0.5802963760378086,0.5522938239941013,1.111943239116261,-0.04518518518518516,-0.04300925925925919,0.3474876917615436,0.5122198923889519,0.1544756567966349,0.49669246105857695,0.05600510408741455,0.00217592592592597,0.061480005422949326,0.25520362831083115,0.1129086676913531,0.11784011244955131,0.0,0.9999999987499999,0.6546464600293243,0.27450513715379343,0.22259963164766766,0.2738131120571983,disgust,07,06,06,female,strong,709
70,2.3356666666666666,True,1.0,0.5067690578187626,0.5142569504447719,0.5105130041317673,1.077867129567897,-0.043564814814814834,-0.040601851851851944,0.33406257527888966,0.44893378226711694,0.15932734083194539,0.4736325935984571,0.0074878926260093515,0.0029629629629628895,0.06316149032948885,0.2623962407515524,0.11888398723463287,0.11450292608763939,0.0,0.9999999987499999,0.625651379254827,0.2724573146362897,0.2545967954805225,0.3097087961923887,disgust,07,06,06,female,strong,709
80,2.6693333333333333,True,1.0,0.4269064533251875,0.4538253716090609,0.4403659124671242,1.0778671295678963,-0.04273148148148154,-0.04023148148148148,0.3334391930491981,0.5207631874298548,0.15521984508056155,0.408553058523699,0.026918918283873383,0.0025000000000000577,0.0640575934171759,0.25302494643899676,0.11851357267721498,0.11604129966569879,0.0,0.9999999987499999,0.6688345747439601,0.28572936671588045,0.2629776487672272,0.35277384213474333,disgust,07,06,06,female,strong,709
90,3.003,True,1.0,0.4084137170675891,0.4432301130918693,0.4258219150797292,1.0978396536148014,-0.03884259259259254,-0.03592592592592586,0.4016757035934153,0.3109746364163341,0.15591269171065952,0.3878725947615818,0.034816396024280216,0.0029166666666666785,0.062166199816806794,0.2962133567895023,0.11643751092748876,0.11485328569171484,0.0,0.9999999987499999,0.6187388994816676,0.2781809568627909,0.26455152820030114,0.31968630175896534,disgust,07,06,06,female,strong,709
100,3.336666666666667,True,1.0,0.408696121538345,0.43248444238401523,0.4205902819611801,1.115211233234946,-0.03490740740740733,-0.032685185185185206,0.4145455370475011,0.26797093072059547,0.15720139196621621,0.37713956730973197,0.02378832084567023,0.0022222222222221255,0.06825987747207711,0.284831473277928,0.1106383396961997,0.12202118032943221,0.0,0.9999999987499999,0.6743834090667518,0.2949359344377393,0.2553770698951579,0.34824446601023373,disgust,07,06,06,female,strong,709
110,3.6703333333333332,True,1.0,0.45885105443318436,0.5394537270501988,0.4991523907416916,0.9770719323196349,-0.035787037037037006,-0.035092592592592564,0.4128108971290613,0.19653360585473095,0.16241549099421523,0.5108655506628565,0.08060267261701443,0.000694444444444442,0.08579485815387011,0.31045703001936087,0.11878414101448272,0.1149384976513996,0.0,0.9999999987499999,0.6534015448054223,0.2772864532407657,0.24862489643941618,0.3057782171348344,disgust,07,06,06,female,strong,709
0,0.0,True,1.0,0.5654290624850112,0.5817983538040087,0.57361370814451,1.4498261358654,-0.03907407407407415,-0.036250000000000004,0.3689296626995801,0.5143697649561773,0.15489263817098572,0.39564310088955623,0.016369291318997448,0.0028240740740741455,0.02788619133774518,0.23609318183635428,0.11957300107844927,0.11378321456475429,0.0,0.9999999987499999,0.6255245721569879,0.27099882830114685,0.2731660829170174,0.35110097347982033,disgust,07,06,06,female,strong,710
10,0.33366666666666667,True,1.0,0.5471265188699551,0.5796668474999499,0.5633966831849525,1.3109810064254925,-0.04189814814814802,-0.03828703703703701,0.38272556565458493,0.4067796610169488,0.16259199619465434,0.42975197994752357,0.032540328629994786,0.0036111111111110095,0.034466001955954846,0.2523695441822186,0.11961850659988217,0.11339985664683196,0.0,0.9999999987499999,0.6213961334455658,0.2698160273242197,0.2624393311590043,0.3393202263003889,disgust,07,06,06,female,strong,710
20,0.6673333333333333,True,1.0,0.4728993263930085,0.5024303639897638,0.4876648451913862,1.207790031437337,-0.03856481481481472,-0.035879629629629595,0.4125687719679184,0.37654630391870003,0.16053837374423735,0.4037662445442094,0.029531037596755294,0.002685185185185124,0.02464867870267081,0.27132352941176474,0.12058591532811219,0.11254001768625971,0.0,0.9999999987499999,0.6245994524763031,0.2731300045273815,0.27699198738453007,0.3457775021985997,disgust,07,06,06,female,strong,710
30,1.0010000000000001,True,1.0,0.5096558325343086,0.48896260695911126,0.49930921974670994,1.1534685530830493,-0.03898148148148145,-0.03597222222222224,0.37577433399746807,0.4052610269351693,0.16603840280378732,0.43287631761796275,0.020693225575197316,0.0030092592592592116,0.026806399657876755,0.2815663274068518,0.11722861526873919,0.11570420226957467,0.0,0.9999999987499999,0.6323544928987219,0.2747282343787331,0.25930993372917494,0.33495889232356435,disgust,07,06,06,female,strong,710
40,1.3346666666666667,True,1.0,0.5205584082390237,0.5136940559182556,0.5171262320786396,0.9597297787805845,-0.03606481481481483,-0.030555555555555614,0.36947844864303,0.3224773012758286,0.160464219480565,0.5388248270629791,0.006864352320768097,0.005509259259259214,0.03149473941251849,0.30425154049742686,0.1152816232605823,0.1153546823206224,0.0,0.9999999987499999,0.6390388653820903,0.27428702170173797,0.25349981893284246,0.3272750439854608,disgust,07,06,06,female,strong,710
50,1.6683333333333334,True,1.0,0.5223074161718227,0.5290891119631309,0.5256982640674768,1.118285107391341,-0.036296296296296215,-0.03023148148148147,0.41030148431038327,0.40126876630237807,0.1611684003091872,0.4700932352517774,0.006781695791308162,0.006064814814814745,0.03375453886904305,0.29582784422798997,0.12259988093612115,0.11290282088892224,0.0,0.9999999987499999,0.6422014476259253,0.27592587157468634,0.2702988369498348,0.3444891254616682,disgust,07,06,06,female,strong,710
60,2.0020000000000002,True,1.0,0.3184027471933839,0.3416807182785441,0.33004173273596404,0.673672945632153,-0.0462037037037038,-0.042916666666666714,0.3848917222526816,0.2832257088754866,0.16254694333964725,0.4899138890404208,0.02327797108516022,0.0032870370370370883,0.04151727526393896,0.43462357644687066,0.1144435116567913,0.11732845207723404,0.0,0.9999999987499999,0.6406989515571853,0.27095859803649347,0.2449685063418489,0.3083098115607242,disgust,07,06,06,female,strong,710
70,2.3356666666666666,True,1.0,0.5865761086175837,0.6105632679484914,0.5985696882830376,1.0676869983827055,-0.03162037037037041,-0.03148148148148139,0.35310999286713873,0.44348414743127834,0.16334584529180218,0.5606228128559492,0.02398715933090767,0.00013888888888902162,0.03894619065325198,0.2946216750990948,0.11432272335650137,0.11841546198516478,0.0,0.9999999987499999,0.6752806544649109,0.286042402753335,0.24939738850831866,0.35074164257369966,disgust,07,06,06,female,strong,710
80,2.6693333333333333,True,1.0,0.5797442302571272,0.6419076840486556,0.6108259571528913,0.9181295852040372,-0.03652777777777777,-0.03310185185185188,0.30404995830475834,0.40143369175627264,0.16057068668037433,0.6652938397766004,0.062163453791528434,0.003425925925925888,0.04207613943521933,0.2818464274496212,0.11976529086698189,0.11240048920929042,0.0,0.9999999987499999,0.6408761961347039,0.2723194442249242,0.24562115902964174,0.298782779362305,disgust,07,06,06,female,strong,710
90,3.003,True,1.0,0.5583518398528574,0.5956024091037895,0.5769771244783235,1.0427159246238586,-0.034212962962963056,-0.031157407407407467,0.3829781822621553,0.33716475095785436,0.16478763567354418,0.5533406662859377,0.037250569250932064,0.003055555555555589,0.04663552840488034,0.28973673792551696,0.11881090614145215,0.11557211934905848,0.0,0.9999999987499999,0.632155280713848,0.2758180837882141,0.2568057078370806,0.31689908176637005,disgust,07,06,06,female,strong,710
100,3.336666666666667,True,1.0,0.5036666095040281,0.5770905593867078,0.5403785844453679,1.0703972985483723,-0.03393518518518518,-0.031435185185185066,0.3860577037563092,0.32388038209477815,0.160646691480114,0.5048392640547641,0.07342394988267975,0.0025000000000001132,0.06188038048192958,0.2932419920687179,0.11959307257647693,0.11459641893749954,0.0,0.9999999987499999,0.631969526482468,0.2758113247255565,0.2587797422629722,0.3181253338637685,disgust,07,06,06,female,strong,710
110,3.6703333333333332,True,1.0,0.501072043926283,0.569983773481402,0.5355279087038425,1.0557192036544605,-0.03453703703703703,-0.03106481481481488,0.3839646876280421,0.33894458591313986,0.1613836446126335,0.5072635856675409,0.06891172955511893,0.0034722222222221544,0.062486193470924406,0.3050028411938154,0.12167987162952071,0.11339080547899885,0.0,0.9999999987499999,0.6254435670440052,0.2754349322321195,0.26054800053433824,0.32197163969430265,disgust,07,06,06,female,strong,710
0,0.0,True,1.0,0.4671173330494911,0.4696016771488469,0.468359505099169,1.5037174626670542,-0.04115740740740742,-0.03685185185185186,0.35985394678077187,0.5979797979797972,0.14733877626558456,0.3114677568939498,0.002484344099355773,0.0043055555555555625,0.03850943322679488,0.22998495189922896,0.1268547423894452,0.10810019474435434,0.0,0.7739030794144087,0.6323881953718987,0.2712687905888173,0.2688245791341881,0.3362171092841532,disgust,07,06,06,female,strong,711
10,0.33366666666666667,True,1.0,0.5413592276331174,0.5739425672724576,0.5576508974527875,1.5661792223039679,-0.039629629629629626,-0.038842592592592595,0.3608080995682204,0.53822629969419,0.15503885952587348,0.3560581634025517,0.032583339639340236,0.0007870370370370305,0.042871177637917805,0.20528612907136148,0.11572454043657424,0.11946253248249632,0.0,0.9999999987499999,0.6854372457498623,0.2864816918084196,0.25070249721132826,0.3459283584746727,disgust,07,06,06,female,strong,711
20,0.6673333333333333,True,1.0,0.4789154022238713,0.53755740792274,0.5082364050733057,1.1211799482362852,-0.03620370370370368,-0.036944444444444446,0.41726061619505744,0.319193969241583,0.15386146983594415,0.45330493635103475,0.05864200569886868,0.000740740740740764,0.05390025870140292,0.27786555532866586,0.11107018254764009,0.12100003891886676,0.0,0.9999999987499999,0.6786126261676546,0.28940918437956303,0.26258210681127087,0.3577780545012127,disgust,07,06,06,female,strong,711
30,1.0010000000000001,True,1.0,0.4253116270245543,0.4706385879277445,0.4479751074761494,1.1504746350841406,-0.037685185185185155,-0.03574074074074074,0.39993523041787626,0.3809098770277968,0.15783236184754212,0.3893828632244347,0.04532696090319022,0.0019444444444444153,0.0538968007416805,0.2778343134234986,0.11789837261326352,0.11568232442958057,0.0,0.9999999987499999,0.6458902797525259,0.27502217588566574,0.24432730462061056,0.3151583640312867,disgust,07,06,06,female,strong,711
40,1.3346666666666667,True,1.0,0.4640753685573134,0.5070132929425815,0.4855443307499474,0.96642189986012,-0.038055555555555454,-0.03675925925925927,0.3411501837393252,0.32774437362318465,0.1551937922361278,0.5024144535841181,0.042937924385268056,0.0012962962962961844,0.05172677760092731,0.27108230643162146,0.11854990192777302,0.1145165287683528,0.0,0.9999999987499999,0.6397685630267731,0.2753399345392897,0.24305879006002645,0.3046274615657219,disgust,07,06,06,female,strong,711
50,1.6683333333333334,True,1.0,0.4502363134918836,0.478790953862374,0.46451363367712883,1.2334230008360947,-0.035648148148148096,-0.03513888888888883,0.36856596978130846,0.46422636554325925,0.15657973021455396,0.3766052954762893,0.028554640370490436,0.0005092592592592649,0.053768074586195064,0.2631320148546658,0.11857845154487037,0.11465325719524055,0.0,0.9999999987499999,0.6307602111078806,0.2781827821833467,0.2569516665700335,0.32360734778373473,disgust,07,06,06,female,strong,711
60,2.0020000000000002,True,1.0,0.4607235048016113,0.5331405735209971,0.4969320391613042,1.1687892409163605,-0.038888888888888806,-0.036944444444444446,0.3347386046825382,0.47729241626492547,0.15378260768197355,0.4251682183279655,0.0724170687193858,0.0019444444444443598,0.06751711003760898,0.21322710036089668,0.12132003083129263,0.11377572696346337,0.0,0.9999999987499999,0.6236524011479593,0.27423933740299156,0.25301460286572824,0.31061448257308294,disgust,07,06,06,female,strong,711
70,2.3356666666666666,True,1.0,0.45904376044576906,0.49160426414174385,0.4753240122937564,1.1920358310902905,-0.038379629629629486,-0.03782407407407401,0.31176463943594357,0.5389107210051433,0.15810330879843748,0.3987497690056878,0.032560503695974796,0.0005555555555554759,0.06466948959158025,0.24091783095878447,0.12250444714521927,0.11232997110803988,0.0,0.9999999987499999,0.6191055658747874,0.27444788803815723,0.252916738656606,0.30804452481077066,disgust,07,06,06,female,strong,711
80,2.6693333333333333,True,1.0,0.4835039556458754,0.5599684402424232,0.5217361979441493,1.0948997834513772,-0.0345833333333333,-0.0339814814814815,0.3072532257642164,0.48840048840048855,0.15593960295719472,0.47651502523775846,0.07646448459654781,0.0006018518518517979,0.06966321831705129,0.24153701936337713,0.1133838190223724,0.11574856133080173,0.0,0.9999999987499999,0.6498642286289515,0.2725539920726403,0.22048342723173725,0.28327889377915305,disgust,07,06,06,female,strong,711
90,3.003,True,1.0,0.40159103910905813,0.3963296189536461,0.39896032903135215,1.0950919483633534,-0.03476851851851853,-0.03171296296296294,0.3885829606934888,0.2506833137066053,0.1580738700471585,0.36431674036834066,0.005261420155412033,0.003055555555555589,0.07265534712496961,0.2809415177915168,0.12117135858640436,0.11292627727863579,0.0,0.9999999987499999,0.6461978080294618,0.2730303368896055,0.24107533141302764,0.2973319340988161,disgust,07,06,06,female,strong,711
100,3.336666666666667,True,1.0,0.40093285122622174,0.41516119790162453,0.40804702456392317,1.1369102674642941,-0.03476851851851853,-0.03240740740740744,0.39739069723943865,0.31372549019607854,0.15530387257287057,0.35890873382119254,0.014228346675402792,0.0023611111111110916,0.06728794663988688,0.2737973911158384,0.11534164472550151,0.1172608534740435,0.0,0.9999999987499999,0.6362368209393133,0.2771491657503559,0.2516245650610762,0.3140332077637242,disgust,07,06,06,female,strong,711
110,3.6703333333333332,True,1.0,0.45036624528675046,0.5094127559059437,0.47988950059634705,1.2194729175097785,-0.039490740740740715,-0.03939814814814796,0.41321928202690633,0.46590194082788544,0.15055287513990098,0.393522064906783,0.05904651061919325,9.25925925927551e-05,0.051744715400437305,0.25154742427047105,0.11291711361821717,0.12180715694379325,0.0,0.9999999987499999,0.6800318751953907,0.2918049400683588,0.25838108263578524,0.3546040152904939,disgust,07,06,06,female,strong,711
0,0.0,True,1.0,0.6220358412427628,0.6128601994746576,0.6174480203587103,1.0921352891486067,-0.05601851851851852,-0.0535648148148149,0.3663346561332944,0.5005009149519181,0.15555604601585943,0.5653585471448805,0.009175641768105147,0.0024537037037036247,0.021727224226121902,0.2581548293244515,0.12735803663802853,0.1069738118966951,0.0,0.7071067807446058,0.6350611210734294,0.2682960863546013,0.2956380297387766,0.3639185571249228,surprised,08,06,06,female,normal,712
10,0.33366666666666667,True,1.0,0.653736397754933,0.6438603078557301,0.6487983528053316,1.0921352891486067,-0.05731481481481482,-0.054675925925925906,0.3661707887890336,0.5156676093444004,0.1569444444444445,0.5940640864293597,0.009876089899202856,0.002638888888888913,0.02285835912180473,0.25150777630017407,0.12263051898055012,0.1118521787854909,0.0,0.7071067807446058,0.634842598867672,0.26928574500779195,0.28965203133359024,0.36357685152809444,surprised,08,06,06,female,normal,712
20,0.6673333333333333,True,1.0,0.5998755655401723,0.6175413207713857,0.608708443155779,1.0709250814145583,-0.057777777777777706,-0.054629629629629695,0.3628792559590931,0.5047994929108547,0.1541671615455176,0.5683949827300254,0.017665755231213387,0.003148148148148011,0.02449545403228271,0.25869188294927914,0.12186528022372535,0.11319151647918842,0.0,0.9999999987499999,0.6351247186218237,0.2695103161667974,0.28964650913060674,0.36431365426789536,surprised,08,06,06,female,normal,712
30,1.0010000000000001,True,1.0,0.5843898320442822,0.6180607663527948,0.6012252991985385,1.1897878347504658,-0.05375000000000002,-0.05430555555555555,0.37299738942523203,0.5270677527528599,0.1597241328765551,0.5053214376869415,0.033670934308512646,0.0005555555555555314,0.01655947250122088,0.2637265538826879,0.12251925904661957,0.11282156258908957,0.0,0.9999999987499999,0.6379239558479642,0.2715030989874006,0.2954553179678616,0.36433383932608915,surprised,08,06,06,female,normal,712
40,1.3346666666666667,True,1.0,0.6402395961975006,0.6564599357888748,0.6483497659931877,1.0044150634091227,-0.04699074074074072,-0.04583333333333328,0.37873185032366574,0.4419932930629586,0.15626220655445008,0.6454998432546397,0.016220339591374255,0.0011574074074074403,0.022839646760876436,0.28877548400327124,0.11869541921045612,0.11503011717211042,0.0,0.9999999987499999,0.637718406823667,0.27074017928678423,0.27612531547808594,0.35478655970716705,surprised,08,06,06,female,normal,712
50,1.6683333333333334,True,1.0,0.694183482240344,0.6869725134541099,0.690577997847227,0.8095325035710914,-0.04907407407407399,-0.04750000000000004,0.36758730610521745,0.3735429768658723,0.1555732111523704,0.8530577769278931,0.007210968786234062,0.00157407407407395,0.01928997475464855,0.34660651639940715,0.11866757132494836,0.11489314151228393,0.0,0.9999999987499999,0.6379305541279011,0.26989798589244013,0.26880377541494116,0.34301680259560113,surprised,08,06,06,female,normal,712
60,2.0020000000000002,True,1.0,0.6640755531248274,0.6853880983963434,0.6747318257605854,1.000097536789889,-0.04888888888888887,-0.0469444444444444,0.35557855636234353,0.4354546665214089,0.1527857676256727,0.6746660210026496,0.021312545271516048,0.0019444444444444708,0.02264286515958072,0.27261002348260915,0.12184434547182275,0.11185968810618213,0.0,0.9999999987499999,0.6440732722307674,0.2684243052773553,0.27330771053601316,0.3479671230544874,surprised,08,06,06,female,normal,712
70,2.3356666666666666,True,1.0,0.6762034240048985,0.6992556450900203,0.6877295345474594,1.080725008154024,-0.04685185185185181,-0.04546296296296298,0.3524770415132651,0.48383851835712216,0.15208383499132447,0.63635941553917,0.023052221085121727,0.0013888888888888284,0.018403805890438676,0.26193054994820386,0.12004863814452299,0.11461884035309959,0.0,0.7071067807446058,0.6439958210628001,0.2741112832098457,0.2636159370406181,0.3406137890661642,surprised,08,06,06,female,normal,712
80,2.6693333333333333,True,1.0,0.6806772702680457,0.6754240910932896,0.6780506806806677,1.0684912456576552,-0.04763888888888895,-0.044907407407407396,0.3616799887218592,0.49421981392790726,0.15347222222222223,0.6345870248691913,0.005253179174756095,0.002731481481481557,0.025579134366052976,0.2702243075384745,0.11975815965920052,0.11459026740454435,0.0,0.9999999987499999,0.6433067957808124,0.26923175554974543,0.27137623692891266,0.35541671035833167,surprised,08,06,06,female,normal,712
90,3.003,True,1.0,0.6366118630948416,0.6717159976301454,0.6541639303624935,1.048078445588158,-0.048703703703703694,-0.044490740740740664,0.3636209670219751,0.46132107594530164,0.15348017591883703,0.6241555039283262,0.03510413453530381,0.004212962962963029,0.03084427996967949,0.27022430753847465,0.12331489501856721,0.11161049499788189,0.0,0.9999999987499999,0.6426024275335134,0.26937765831776794,0.27508271073112495,0.3555514347224074,surprised,08,06,06,female,normal,712
0,0.0,True,1.0,0.5980341182932875,0.6027556850109833,0.6003949016521354,1.0593716465872105,-0.05680555555555561,-0.052592592592592524,0.36085299596375364,0.514485503477611,0.15906663296895077,0.5667462439516113,0.0047215667176958576,0.004212962962963085,0.021423740141147944,0.2586918829492793,0.12252662170286738,0.11162514575002042,0.0,0.9999999987499999,0.6792528408316452,0.2783275968426506,0.27601845177135315,0.38552719466710245,surprised,08,06,06,female,normal,713
10,0.33366666666666667,True,1.0,0.5655893718691204,0.5726301266528263,0.5691097492609734,1.145244900466905,-0.05703703703703705,-0.05370370370370375,0.35029024286561083,0.541101322844959,0.15905128390421402,0.49693279492355996,0.007040754783705916,0.0033333333333332993,0.022735413146203046,0.24802648343973993,0.11325279658103503,0.12039241863261678,0.0,0.9999999987499999,0.6798898916519732,0.2793689510991751,0.2687654867690231,0.38927726501481696,surprised,08,06,06,female,normal,713
20,0.6673333333333333,True,1.0,0.6140432599581076,0.6324813033034311,0.6232622816307694,1.118231068601373,-0.05425925925925923,-0.0530092592592592,0.35328083549366207,0.5279085856558065,0.15765631117778303,0.5573644831835287,0.018438043345323507,0.0012500000000000289,0.018671354218571124,0.2592334371703439,0.11711920531584477,0.1171235842489525,0.0,0.9999999987499999,0.6781561957751852,0.27931875964345765,0.2689704570879629,0.38368345894096406,surprised,08,06,06,female,normal,713
30,1.0010000000000001,True,1.0,0.7374292724310572,0.7530513354432872,0.7452403039371722,1.0611063141115773,-0.05032407407407402,-0.04805555555555552,0.3800491624079245,0.4641773536071743,0.16043378730338237,0.7023238802995275,0.015622063012230014,0.002268518518518503,0.023648224425942308,0.2748112689526455,0.11956026729101721,0.11329321756644244,0.0,0.9999999987499999,0.63950851094344,0.2684671376391607,0.29007636399452197,0.36628840771141585,surprised,08,06,06,female,normal,713
40,1.3346666666666667,True,1.0,0.37856956743945686,0.4193267159095049,0.3989481416744809,1.250719824372366,-0.059166666666666645,-0.05740740740740741,0.3523173678199166,0.5449588813121963,0.1611281579598033,0.31897482865491505,0.04075714847004802,0.0017592592592592382,0.025098248083055923,0.2267477665900585,0.11695400897446384,0.11647352612457468,0.0,0.9999999987499999,0.6392779741037039,0.2711155357068303,0.2815916041831253,0.3676439159074695,surprised,08,06,06,female,normal,713
50,1.6683333333333334,True,1.0,0.672440124922139,0.6888765627851756,0.6806583438536573,0.7254530236913012,-0.04856481481481484,-0.046388888888888924,0.3763408744857445,0.3097438335299652,0.16328604938601887,0.9382528180670936,0.016436437863036613,0.0021759259259259145,0.023786017513543107,0.36556253812758477,0.12318858532152982,0.11157927417804796,0.0,0.9999999987499999,0.6395436565720037,0.26623230268657316,0.28466423791839934,0.3554995510821889,surprised,08,06,06,female,normal,713
60,2.0020000000000002,True,1.0,0.6229190767020863,0.6284476156694089,0.6256833461857476,0.9696988998697421,-0.043379629629629546,-0.04222222222222222,0.33761640090251804,0.3911106510778485,0.15976998172581555,0.6452346664204678,0.005528538967322527,0.0011574074074073293,0.023488275577064916,0.25885358051193935,0.1288546636909035,0.10516625681760454,0.0,0.7377591967319838,0.5743724203587686,0.24094764544804334,0.27913302766867487,0.3048947020327308,surprised,08,06,06,female,normal,713
70,2.3356666666666666,True,1.0,0.6035310108466079,0.5967085607861882,0.600119785816398,1.045757194111975,-0.03939814814814813,-0.03726851851851848,0.35553890811303646,0.45041256518924805,0.1549103693224905,0.573861494040212,0.006822450060419705,0.002129629629629648,0.02474726094997996,0.28718673070425293,0.11947095107889102,0.11505538659573708,0.0,0.9999999987499999,0.6365581413033964,0.2721731682523534,0.2706033263890516,0.3512003937032818,surprised,08,06,06,female,normal,713
80,2.6693333333333333,True,1.0,0.6251036844773088,0.6578842548865554,0.6414939696819322,1.0879122807616202,-0.039953703703703713,-0.039490740740740826,0.35025881416835486,0.43827342143178855,0.1556148900297242,0.5896559686161813,0.032780570409246645,0.0004629629629628873,0.030858023443871452,0.2869133512231092,0.12107097992413675,0.11269628284325853,0.0,0.9999999987499999,0.6391197054368624,0.27114796817537223,0.27339778542689097,0.3577961334883096,surprised,08,06,06,female,normal,713
90,3.003,True,1.0,0.6240523816769983,0.6258333841322157,0.624942882904607,1.092360083055743,-0.04236111111111107,-0.03879629629629627,0.355909469860481,0.47374565269137264,0.1556261659247812,0.5721033682926294,0.0017810024552173953,0.0035648148148147984,0.02399071432178466,0.2846015587322387,0.12299540393150589,0.11127974096297442,0.0,0.9999999987499999,0.6390881960284114,0.27019661359795627,0.2762918835052619,0.3558318256896832,surprised,08,06,06,female,normal,713
0,0.0,True,1.0,0.6608190059901514,0.6453165660864383,0.6530677860382949,1.041692026285622,-0.055648148148148224,-0.0537037037037037,0.3618669879072553,0.47487276521188976,0.16182252924949747,0.6269298118436686,0.015502439903713139,0.0019444444444445264,0.014257857320463127,0.27296860213080415,0.12095377471824008,0.11265307266319113,0.0,0.9999999987499999,0.6381493533976091,0.26764956235397647,0.27874737857830606,0.3529118371735246,surprised,08,06,06,female,normal,714
10,0.33366666666666667,True,1.0,0.6835425507668406,0.6785004440920064,0.6810214974294235,1.0974878560293326,-0.053611111111111054,-0.05083333333333334,0.35664238461836273,0.5178125267389968,0.16182865820145267,0.6205275928002814,0.005042106674834179,0.0027777777777777124,0.010879352171922643,0.24559088422223713,0.11833108794445285,0.11441005348859958,0.0,0.9999999987499999,0.6389396461006277,0.2675487122391496,0.27779205180226746,0.3516707608957054,surprised,08,06,06,female,normal,714
20,0.6673333333333333,True,1.0,0.7480862666577707,0.729778687267112,0.7389324769624414,1.169053949002135,-0.050509259259259254,-0.048981481481481515,0.35222426093140485,0.5364677355361696,0.16041714226458176,0.6320773113962527,0.018307579390658635,0.001527777777777739,0.010058517405979895,0.23886277195044814,0.1170652026982442,0.11685192622756539,0.0,0.9999999987499999,0.6934741355370273,0.27432010335055956,0.2649086639224179,0.3835173202661326,surprised,08,06,06,female,normal,714
30,1.0010000000000001,True,1.0,0.6980143390099797,0.7276547259017955,0.7128345324558876,1.0594152224087339,-0.04847222222222225,-0.04819444444444443,0.3645215530809073,0.47511386977731196,0.1611115846590412,0.6728566074736543,0.029640386891815806,0.0002777777777778212,0.006264746905295051,0.26507778992117176,0.11927540169913664,0.11392803476479818,0.0,0.9999999987499999,0.6447123475640255,0.2671326610961591,0.2716297040243653,0.3505350149395424,surprised,08,06,06,female,normal,714
40,1.3346666666666667,True,1.0,0.7265169153266902,0.7272187964343246,0.7268678558805074,0.9232044858333021,-0.04643518518518519,-0.044768518518518485,0.37766727891899826,0.39343009089464404,0.16041714226458176,0.7873313735303425,0.0007018811076344722,0.0016666666666667052,0.006273951490214281,0.28768584269385394,0.1178475345470243,0.1147421516568315,0.0,0.9999999987499999,0.6439051905371523,0.2683255033401398,0.27149725234235045,0.3461442844540705,surprised,08,06,06,female,normal,714
50,1.6683333333333334,True,1.0,0.7429653977316959,0.7231007606388282,0.7330330791852621,0.7077766965538399,-0.04824074074074075,-0.04749999999999999,0.3820440186272276,0.2710634157014709,0.16459492187906868,1.0356841116052498,0.019864637092867676,0.000740740740740764,0.00037414275435362324,0.3835692846238282,0.12179111954607683,0.11293441119444202,0.0,0.9999999987499999,0.6403195260526084,0.269766056402784,0.2741183267733238,0.3414610590017563,surprised,08,06,06,female,normal,714
60,2.0020000000000002,True,1.0,0.6985968898208919,0.7003827355847033,0.6994898127027975,1.0886142536876624,-0.04208333333333325,-0.04273148148148148,0.3266076186484664,0.49163224360088076,0.16111868771097537,0.6425506650618321,0.0017858457638114666,0.000648148148148231,0.004421068073061926,0.24549010009158448,0.11762175642978454,0.11464169086743997,0.0,0.9999999987499999,0.6436091420552597,0.27179645589618046,0.26078015829189233,0.33247938761828655,surprised,08,06,06,female,normal,714
70,2.3356666666666666,True,1.0,0.7163690541834226,0.7426817401239887,0.7295253971537057,1.1023223140822416,-0.042268518518518594,-0.04087962962962971,0.3496807730922778,0.477107769581575,0.15834537928752473,0.661807701644038,0.026312685940566127,0.001388888888888884,0.0012564692649963951,0.2602520222860941,0.11821874719292605,0.11551994724082698,0.0,0.9999999987499999,0.6385962579094138,0.27170481539262104,0.26181602117532443,0.34210489017938134,surprised,08,06,06,female,normal,714
80,2.6693333333333333,True,1.0,0.7311954192975987,0.7301194397620451,0.7306574295298218,1.0823012017569995,-0.043611111111111156,-0.04171296296296301,0.3527253291316292,0.46844222038239064,0.15972986470242487,0.6750962008946106,0.0010759795355536061,0.0018981481481481488,0.0009422923296995768,0.26025202228609295,0.1218963287584596,0.11298958807942898,0.0,0.9999999987499999,0.6391145212538141,0.27081081263002815,0.26457472752222466,0.34086897299701086,surprised,08,06,06,female,normal,714
90,3.003,True,1.0,0.7283883161237299,0.7350212016110168,0.7317047588673733,1.0922200643906614,-0.04300925925925925,-0.04203703703703704,0.35066873085008243,0.48903652565869643,0.1583410428495861,0.6699242970560003,0.00663288548728691,0.0009722222222222077,0.0008689160436477492,0.2686472488114515,0.11914241985160982,0.11356491758140844,0.0,0.9999999987499999,0.6408055618575554,0.2702880434616362,0.26639499435091074,0.3437647739387386,surprised,08,06,06,female,normal,714
0,0.0,True,1.0,0.6690253819506166,0.6733051751033401,0.6711652785269784,1.022147961834973,-0.05365740740740743,-0.05189814814814819,0.3539623339969302,0.4717429339098383,0.16043378730338237,0.6566224300071919,0.004279793152723532,0.0017592592592592382,0.010228013716424586,0.2686999434385768,0.12340044461988404,0.1120272647063135,0.0,0.9999999987499999,0.6403530936906012,0.26729400602379505,0.2746229895320579,0.3468138956437446,surprised,08,06,06,female,normal,715
10,0.33366666666666667,True,1.0,0.6574281001399022,0.6746416900043373,0.6660348950721198,1.174045649914028,-0.054027777777777786,-0.051064814814814785,0.34952426958694605,0.5235457727737645,0.16043378730338237,0.5672989760840148,0.017213589864435108,0.0029629629629630005,0.012468314669398156,0.23602223943991077,0.12282253907451418,0.11044025691361707,0.0,0.6594571567182249,0.6381206633981719,0.2661472912142876,0.2847454755449091,0.3568379587076607,surprised,08,06,06,female,normal,715
20,0.6673333333333333,True,1.0,0.7018648690055321,0.7121158558450887,0.7069903624253104,1.1635199299349266,-0.051574074074074105,-0.04981481481481481,0.3478770720441729,0.5090244353905812,0.16388888888888886,0.6076306423602482,0.010250986839556608,0.0017592592592592937,0.011306242382789078,0.25037786443110427,0.11907195977195738,0.11430744026421114,0.0,0.7071067807446058,0.6396414994747899,0.2677649450090198,0.2749176441517653,0.3513957457036886,surprised,08,06,06,female,normal,715
30,1.0010000000000001,True,1.0,0.6833250942520308,0.68332509425203,0.6833250942520304,1.2046277469209472,-0.04981481481481487,-0.04759259259259263,0.36869275429113657,0.5327607078994497,0.16319491194709926,0.567250003993867,7.771561172376096e-16,0.0022222222222222365,0.012904103523286322,0.23110104559588038,0.11861119524646947,0.11445304264595758,0.0,0.9999999987499999,0.641740812262405,0.27011421215807374,0.2763426445142272,0.3508738320438517,surprised,08,06,06,female,normal,715
40,1.3346666666666667,True,1.0,0.7133874046841772,0.698109123938067,0.7057482643111221,0.9553045302840245,-0.05018518518518528,-0.049490740740740724,0.38279566934829495,0.4104190124702326,0.16181309963934307,0.7387678399277495,0.015278280746110151,0.000694444444444553,0.013054688161162528,0.2816401846885907,0.12114162698823662,0.11346303492730242,0.0,0.9999999987499999,0.640657501985169,0.2702666913140054,0.27487230241119337,0.3436741136126672,surprised,08,06,06,female,normal,715
50,1.6683333333333334,True,1.0,0.7260561486389443,0.7164767070642888,0.7212664278516165,0.8052705385577287,-0.046296296296296224,-0.047685185185185164,0.37990765077645744,0.29626209801689574,0.1659837137994218,0.8956821258398863,0.009579441574655512,0.0013888888888889395,0.008556721245729988,0.3507239555226695,0.11842378878575156,0.1161329255021312,0.0,0.9999999987499999,0.6427917141856743,0.26847225953082293,0.26697594199050184,0.3301396829104902,surprised,08,06,06,female,normal,715
60,2.0020000000000002,True,1.0,0.6985968898208919,0.7478357162973598,0.7232163030591259,1.1058953912928393,-0.04597222222222214,-0.04564814814814805,0.3162902223548281,0.489473871219929,0.163918679613504,0.6539644786959957,0.049238826476467934,0.0003240740740740877,0.009422066974408885,0.24896482499971273,0.11900005928540912,0.11421560508982939,0.0,0.9999999987499999,0.645026032436412,0.2691712185289001,0.2644059495887428,0.3341323284883949,surprised,08,06,06,female,normal,715
70,2.3356666666666666,True,1.0,0.7193275482197767,0.7366766144078892,0.728002081313833,1.1130735637810991,-0.04555555555555557,-0.04509259259259252,0.3440764457075202,0.45684245235834087,0.16323230782131182,0.6540466910747729,0.017349066188112494,0.00046296296296305384,0.008279692677153635,0.2606796236122743,0.12132526413376418,0.11242248275731988,0.0,0.9999999987499999,0.6419447167695203,0.26873637065437256,0.27050203235217574,0.3468565094732061,surprised,08,06,06,female,normal,715
80,2.6693333333333333,True,1.0,0.7131502184384141,0.7509394665053214,0.7320448424718677,1.1150429559756299,-0.04555555555555557,-0.045694444444444426,0.3559805229345316,0.476705423619752,0.16114946398482816,0.6565171669385149,0.03778924806690731,0.0001388888888888551,0.0069737851900636095,0.2608608972225395,0.11600671754993243,0.11545352578293011,0.0,0.9999999987499999,0.6470235160314126,0.27271997709843426,0.25207702167535523,0.3344641014131482,surprised,08,06,06,female,normal,715
90,3.003,True,1.0,0.6993454926210253,0.7230982207680119,0.7112218566945185,1.1152997266462126,-0.046157407407407314,-0.04537037037037034,0.35469292735656643,0.4848484848484857,0.16182252924949753,0.6376957150641599,0.02375272814698659,0.000787037037036975,0.01055752617080666,0.252683807845654,0.11796769979391353,0.11626892984167984,0.0,0.9999999987499999,0.6461025003048094,0.27342664525855925,0.255787143665423,0.33693899042291875,surprised,08,06,06,female,normal,715
0,0.0,True,1.0,0.5849403899705428,0.5968295381660741,0.5908849640683085,0.8585346522712259,-0.05754629629629626,-0.055138888888888904,0.36720536719126284,0.39153604490212385,0.16320192432621883,0.6882482407729743,0.01188914819553133,0.002407407407407358,0.01575839332329658,0.31767094465259177,0.11833115172129183,0.11440998752524041,0.0,0.9999999987499999,0.6351085482317927,0.26932033463827987,0.26879077246812144,0.34419723907057914,surprised,08,06,06,female,strong,716
10,0.33366666666666667,True,1.0,0.6320983274081784,0.6259483341362199,0.6290233307721991,1.216258016405758,-0.05777777777777782,-0.055555555555555525,0.35474297066022986,0.5223536423346592,0.1645833333333333,0.5171791859025655,0.0061499932719585315,0.002222222222222292,0.013586316270871744,0.23831965573603153,0.12149767290179284,0.11257512034702584,0.0,0.9999999987499999,0.635658727709834,0.271891296830215,0.2736303404544096,0.3487565079839854,surprised,08,06,06,female,strong,716
20,0.6673333333333333,True,1.0,0.6595336970145294,0.6717164516128371,0.6656250743136832,1.1798281859355673,-0.056944444444444464,-0.05458333333333337,0.35637091346572225,0.5427057021471265,0.1618055555555556,0.5641711922536103,0.012182754598307755,0.0023611111111110916,0.006732895575797514,0.24036332490748202,0.12037504972073026,0.1142759882428189,0.0,0.9999999987499999,0.6391850702468488,0.27081227061252783,0.26846296355766525,0.34255819866970094,surprised,08,06,06,female,strong,716
30,1.0010000000000001,True,1.0,0.6685051003148961,0.6876195585793006,0.6780623294470983,1.1002056066401007,-0.05541666666666667,-0.05462962962962964,0.3986658416227097,0.43721572907044426,0.15972652116233096,0.6163051027505863,0.0191144582644045,0.0007870370370370305,0.010928232466902181,0.2527029538202565,0.11124330968476104,0.12131295381102847,0.0,0.9999999987499999,0.6827907175682773,0.2826854581405575,0.2614127626373786,0.3781831969570234,surprised,08,06,06,female,strong,716
40,1.3346666666666667,True,1.0,0.5491000627775516,0.5217532114987137,0.5354266371381327,1.5015200218546179,-0.053888888888888986,-0.054537037037036995,0.3291171867604724,0.6298953944221886,0.1625230039306455,0.35658974195814913,0.027346851278837958,0.0006481481481480089,0.001951911797194521,0.19428954616973812,0.11889257571325282,0.11449400833202106,0.0,0.9999999987499999,0.6370566034148034,0.2747154294356383,0.2725834610219382,0.3510376218880472,surprised,08,06,06,female,strong,716
50,1.6683333333333334,True,1.0,0.6836114509210043,0.67124690194535,0.6774291764331771,0.7292605489646693,-0.049537037037036935,-0.048009259259259196,0.375018936302798,0.28106916991346537,0.16458518755548326,0.9289261257789454,0.01236454897565431,0.001527777777777739,0.007335823811850609,0.37499999999999956,0.11775172978516767,0.11467444767970184,0.0,0.9999999987499999,0.6387110376728817,0.2722128973175899,0.25955827830089034,0.3303521893738984,surprised,08,06,06,female,strong,716
60,2.0020000000000002,True,1.0,0.716413501866939,0.7504842705718796,0.7334488862194093,1.1485299964921087,-0.048101851851851896,-0.046435185185185246,0.3185280041788507,0.538373435855676,0.1646000205807205,0.6385979368928468,0.034070768704940635,0.0016666666666666496,0.004210438381185282,0.2373046875000005,0.11686307103529345,0.11656476796712208,0.0,0.9999999987499999,0.6416450245566977,0.27242309178020624,0.25600912072161514,0.32535214337709734,surprised,08,06,06,female,strong,716
70,2.3356666666666666,True,1.0,0.6608190059901514,0.6609395589682193,0.6608792824791854,1.0729354710723402,-0.0444444444444444,-0.04375000000000001,0.354586568538564,0.45639792426211584,0.16183572978066985,0.6159543610005481,0.00012055297806790044,0.0006944444444443865,0.004488254864032077,0.26026119402985026,0.12271146477106329,0.11210378402812257,0.0,0.9999999987499999,0.6348871405827956,0.2724953161365065,0.26622034770574865,0.3388785534419829,surprised,08,06,06,female,strong,716
80,2.6693333333333333,True,1.0,0.7128966021223045,0.7168966114060968,0.7148966067642006,1.0305782373347359,-0.04537037037037034,-0.043888888888888866,0.3593286338640217,0.45186891944676894,0.16182865820145273,0.6936849439136753,0.004000009283792294,0.0014814814814814725,0.003162692193085592,0.2855769230769231,0.11853604949066605,0.11552464353808878,0.0,0.9999999987499999,0.6353519936568379,0.27240640398671057,0.262559564941786,0.3414948594321948,surprised,08,06,06,female,strong,716
90,3.003,True,1.0,0.698596889820892,0.6787936486746994,0.6886952692477957,1.0378344546016458,-0.045138888888888895,-0.044120370370370365,0.3611777329422616,0.44029340498251734,0.16320192432621888,0.663588750782165,0.019803241146192585,0.0010185185185185297,0.0047059994843805224,0.27272727272727293,0.12001257242755013,0.11482264798781638,0.0,0.9999999987499999,0.6350766315432423,0.27161945285568173,0.26414498851375484,0.34248543522782754,surprised,08,06,06,female,strong,716
0,0.0,True,1.0,0.6119812319080769,0.6222222222222223,0.6171017270651495,1.095865719510124,-0.05532407407407408,-0.05212962962962964,0.36550535297560627,0.48015147792472157,0.16471724715858313,0.5631180135290732,0.010240990314145493,0.003194444444444444,0.022056756371381527,0.2632899107982052,0.12330328967271,0.11196415756084248,0.0,0.9999999987499999,0.6397245365255477,0.26328188341991177,0.28768731670231334,0.35899826789348727,surprised,08,06,06,female,strong,717
10,0.33366666666666667,True,1.0,0.6368623081154733,0.6408936368041777,0.6388779724598255,1.0897979119225512,-0.05546296296296288,-0.05152777777777778,0.36307246672277277,0.4842216503318705,0.16398010589030942,0.5862352693746294,0.004031328688704372,0.003935185185185097,0.017863969998265252,0.26700015973615077,0.12673954015032265,0.10823523794519577,0.0,0.6512830282809082,0.6399887319459034,0.2626739804670443,0.2902014985871268,0.35595959567852353,surprised,08,06,06,female,strong,717
20,0.6673333333333333,True,1.0,0.6901132800684815,0.7128156437808318,0.7014644619246566,1.2317031125949258,-0.052731481481481435,-0.04930555555555555,0.36003625947367185,0.5387502676236934,0.16262014789072118,0.5695077448061541,0.02270236371235035,0.003425925925925888,0.018665917775362816,0.2333222630218758,0.12414681663351759,0.11085638364356752,0.0,0.9999999987499999,0.6404899837513129,0.26264579321001114,0.2887509996348211,0.3589732743206287,surprised,08,06,06,female,strong,717
30,1.0010000000000001,True,1.0,0.7464270727383822,0.7332272609598839,0.739827166849133,1.0292083314855303,-0.05319444444444443,-0.055231481481481604,0.46460511105645325,0.28444619568037455,0.17796693381460102,0.7188313038442735,0.013199811778498272,0.0020370370370371704,0.011439269172476703,0.28007500535958724,0.1154523662609951,0.11731435478253481,0.0,0.9999999987499999,0.6338573772712209,0.27423136709345425,0.30482617143778695,0.38980570084826677,surprised,08,06,06,female,strong,717
40,1.3346666666666667,True,1.0,0.2991774960587454,0.29565609828751765,0.2974167971731315,1.2259385576864048,-0.06254629629629638,-0.062129629629629646,0.370317435070828,0.44783429475147996,0.18294316141040504,0.24260334688747978,0.00352139777122773,0.0004166666666667318,0.01988234031281655,0.23213504270436428,0.12420098075645507,0.11079569600988719,0.0,0.6796709568329696,0.6138082842355692,0.27405830104765494,0.2974489796609681,0.35970252838415945,surprised,08,06,06,female,strong,717
50,1.6683333333333334,True,1.0,0.7595781443411085,0.747115056735168,0.7533466005381382,0.8641122108794702,-0.04717592592592601,-0.044629629629629575,0.378078933306843,0.2830579300811568,0.17123480043303194,0.8718157098733765,0.012463087605940504,0.0025462962962964353,0.014790947127946595,0.3337578258429524,0.12477875654047595,0.11048999812818215,0.0,0.6913009335741472,0.6239222138464761,0.26954832667884826,0.2789058023916319,0.3487229978357272,surprised,08,06,06,female,strong,717
60,2.0020000000000002,True,1.0,0.7154515106883442,0.7042073039773812,0.7098294073328627,1.1242873951586818,-0.046388888888889035,-0.044212962962962954,0.3595861153579124,0.47374565269137303,0.17037593875452686,0.6313593929714719,0.011244206710963045,0.002175925925926081,0.016843278002607286,0.25869188294927886,0.11892704973536554,0.11594660354072317,0.0,0.9999999987499999,0.6214674519026361,0.2761953010179403,0.27578415385657135,0.34869240837317006,surprised,08,06,06,female,strong,717
70,2.3356666666666666,True,1.0,0.7413851710415063,0.7456431086652057,0.743514139853356,1.3219838009607776,-0.045046296296296306,-0.04171296296296284,0.33635842898102236,0.5150448810249213,0.167025167816194,0.5624230337111488,0.004257937623699415,0.003333333333333466,0.015185143545598958,0.2351985330792118,0.12653210490003503,0.10847766682566355,0.0,0.9999999987499999,0.6130104669524059,0.2750023151390279,0.2798355395726409,0.3552397551322481,surprised,08,06,06,female,strong,717
80,2.6693333333333333,True,1.0,0.7373848655214859,0.7184605055369764,0.7279226855292311,1.3070557947379888,-0.04361111111111127,-0.04074074074074063,0.34174241184826626,0.5007017042262308,0.1641140470535568,0.556917836606317,0.018924359984509476,0.002870370370370634,0.013953590785779273,0.24244079038177677,0.12375071619536782,0.11146943107230615,0.0,0.7071067807446058,0.6191873008109494,0.27322111699912066,0.275074546899984,0.35661614313545864,surprised,08,06,06,female,strong,717
90,3.003,True,1.0,0.7398885164434377,0.7448101953146136,0.7423493558790256,1.3105286433144405,-0.04671296296296312,-0.043749999999999956,0.3511559129857708,0.5078172965827327,0.1654812227623609,0.566450309702167,0.004921678871175894,0.002962962962963167,0.020332429313703684,0.24036019365947695,0.12212940327662831,0.11341158064772516,0.0,0.9999999987499999,0.621892063348777,0.2729282644849745,0.27449156005946185,0.3558959525664089,surprised,08,06,06,female,strong,717
0,0.0,True,1.0,0.6172749873299485,0.6367575888524923,0.6270162880912205,1.0454282233887147,-0.0507407407407407,-0.04796296296296293,0.3579342682309592,0.48413019948089425,0.1626520472559829,0.5997698111294257,0.019482601522543885,0.002777777777777768,0.022490485171823452,0.27447333821508796,0.12197562134985546,0.11256598900496484,0.0,0.9999999987499999,0.6427496366984293,0.2648956415821739,0.2797478672383532,0.34839821373813684,surprised,08,06,06,female,strong,718
10,0.33366666666666667,True,1.0,0.618890645970687,0.6264375835826798,0.6226641147766834,1.0773706221834154,-0.05046296296296293,-0.04768518518518511,0.3532819782159308,0.4838913853557584,0.16194176641321595,0.5779479242851294,0.007546937611992766,0.0027777777777778234,0.022113907118498526,0.27049785905147583,0.12361838058357828,0.11075942427702991,0.0,0.9999999987499999,0.6418438827718588,0.26440832052142343,0.282294074254154,0.3486816087146994,surprised,08,06,06,female,strong,718
20,0.6673333333333333,True,1.0,0.7645481368815209,0.7587811546490724,0.7616646457652967,1.2671668018761413,-0.06023148148148144,-0.05652777777777779,0.35322807248612614,0.5707870939662201,0.17236569352316897,0.6010768626810548,0.0057669822324485365,0.0037037037037036535,0.02665647928806916,0.22350354490485141,0.12414227131762882,0.11051723147131372,0.0,0.9999999987499999,0.6323935175320129,0.265561499371369,0.29316276519435736,0.3612535327452158,surprised,08,06,06,female,strong,718
30,1.0010000000000001,True,1.0,0.7816690429619314,0.7715125521940046,0.776590797577968,1.6365845482336838,-0.05601851851851852,-0.05430555555555555,0.33748270266074454,0.7170120184060609,0.17254486488860263,0.47451920428805155,0.010156490767926796,0.0017129629629629717,0.02067671109101835,0.17517487056736983,0.11888959404217149,0.11549117116601026,0.0,0.9999999987499999,0.6372410822844763,0.26827855700661807,0.2852294012176794,0.3600663218109268,surprised,08,06,06,female,strong,718
40,1.3346666666666667,True,1.0,0.7672918171445824,0.753075103461365,0.7601834603029737,1.09950513999795,-0.05550925925925915,-0.05249999999999999,0.3808762212508202,0.4742188005320499,0.1689889981452658,0.6913869091183975,0.014216713683217419,0.003009259259259156,0.019535056405924917,0.25745803312173376,0.12437261689453685,0.110775114485291,0.0,0.9999999987499999,0.6353848421868747,0.2691861328033268,0.2859369159820277,0.35765838270932643,surprised,08,06,06,female,strong,718
50,1.6683333333333334,True,1.0,0.7895301519848602,0.793744788490491,0.7916374702376756,0.640068349478283,-0.056064814814814845,-0.0532407407407407,0.3971135681125899,0.20350849619418876,0.17749688421866747,1.23680146172348,0.004214636505630809,0.0028240740740741455,0.023087412056153195,0.37667916772548204,0.1238764202914126,0.1113297189361544,0.0,0.6682929281862954,0.6315885538590437,0.2694692131332313,0.28304711700154195,0.3474727622652523,surprised,08,06,06,female,strong,718
60,2.0020000000000002,True,1.0,0.7614233581186437,0.7935004936498883,0.777461925884266,1.1102771413444688,-0.04861111111111105,-0.047314814814814865,0.359612950118943,0.46649872823171984,0.17031816306135897,0.7002413153735773,0.03207713553124458,0.0012962962962961844,0.0142267479818029,0.2542981723147531,0.11903913450443587,0.11500618570351764,0.0,0.9999999987499999,0.632308802552271,0.27338071366482797,0.2768020201839684,0.34917475954841193,surprised,08,06,06,female,strong,718
70,2.3356666666666666,True,1.0,0.7692264990875382,0.7757964737172429,0.7725114864023905,1.285223886219485,-0.05037037037037034,-0.04749999999999993,0.3449390757141881,0.5006163722487775,0.1689889981452657,0.6010715290039859,0.006569974629704767,0.002870370370370412,0.015967571116570073,0.22063669942199182,0.12414025447247892,0.11103544948360025,0.0,0.7071067807446058,0.6302165780999899,0.27225405087824023,0.28048523285323035,0.3520639316992743,surprised,08,06,06,female,strong,718
80,2.6693333333333333,True,1.0,0.7588156972198747,0.7485883805782825,0.7537020388990786,1.1677224939426447,-0.04736111111111113,-0.04509259259259257,0.3661968089365795,0.43383813815118244,0.16550104642032623,0.6454461936023118,0.010227316641592266,0.0022685185185185586,0.0242884717152214,0.2446765281960208,0.12281222879486654,0.11267179872685387,0.0,0.7747194380471294,0.6326664827649809,0.27235010314069436,0.27995808010552947,0.35711821171351565,surprised,08,06,06,female,strong,718
90,3.003,True,1.0,0.7877246075493876,0.8017092578806759,0.7947169327150317,1.2012111715739682,-0.050879629629629664,-0.049166666666666636,0.3635333947194234,0.44244243226397834,0.1689889981452657,0.6615963550136652,0.013984650331288373,0.0017129629629630272,0.02251426822476588,0.23275424538370967,0.12149031829935066,0.11409592599693001,0.0,0.9999999987499999,0.6308466683470263,0.27289719557673664,0.27707225544464487,0.35641867963528095,surprised,08,06,06,female,strong,718
0,0.0,True,1.0,0.6589506207031797,0.6790084165626505,0.668979518632915,1.1060374882784316,-0.0568055555555555,-0.05532407407407414,0.3546107311523005,0.49069137370443694,0.16669596096719855,0.6048434395060103,0.020057795859470873,0.0014814814814813615,0.014783422847802567,0.26181455130115044,0.12046609218714471,0.11249904551605998,0.0,0.7071067807446058,0.6382638962850765,0.26724964597825623,0.2852986954211458,0.36596533829084743,surprised,08,06,06,female,strong,719
10,0.33366666666666667,True,1.0,0.6953456421571149,0.691958406579701,0.6936520243684079,1.2258059983354224,-0.05490740740740735,-0.051435185185185195,0.35187756267236525,0.5264542715355621,0.16738344696828988,0.5658742291278959,0.0033872355774139384,0.0034722222222221544,0.009948661248372714,0.238319655736031,0.1208224231423093,0.11397017196500182,0.0,0.9999999987499999,0.6359011878735868,0.2671476930907161,0.28235158947503713,0.36004392194242574,surprised,08,06,06,female,strong,719
20,0.6673333333333333,True,1.0,0.746507356730797,0.7528434017615949,0.749675379246196,1.5636015967762134,-0.05342592592592599,-0.052222222222222225,0.33721283623205206,0.6665763645492326,0.16945164844089422,0.4794542169769167,0.006336045030797877,0.0012037037037037623,0.009723876032646513,0.1835494140901503,0.12278158366082348,0.11100189641709095,0.0,0.9999999987499999,0.6265700343965711,0.264814410966585,0.28990075195956416,0.36529563771506024,surprised,08,06,06,female,strong,719
30,1.0010000000000001,True,1.0,0.7297643144068234,0.7293514970694247,0.7295579057381241,1.317881094846833,-0.051944444444444404,-0.0528703703703704,0.3658297772416382,0.5899690334087798,0.17432700164969134,0.5535840134522264,0.00041281733739872983,0.0009259259259259967,0.006383540538302198,0.21615138244432638,0.11917471838784655,0.11634887330197956,0.0,0.9999999987499999,0.6276374728797769,0.2683297233471262,0.2877912017885101,0.35745686317509034,surprised,08,06,06,female,strong,719
40,1.3346666666666667,True,1.0,0.7475349964888274,0.7372427178010925,0.74238885714496,1.1588991258961965,-0.056574074074074054,-0.05759259259259253,0.3652479989572289,0.540804382175529,0.18264264843016134,0.6405983407493365,0.010292278687734857,0.0010185185185184742,0.0035664090427312022,0.2553411645775551,0.11899852492785226,0.11554393623704433,0.0,0.9999999987499999,0.6161342669411516,0.269734566362706,0.2920591481222556,0.36589060594780154,surprised,08,06,06,female,strong,719
50,1.6683333333333334,True,1.0,0.7683893527180055,0.7513750289537862,0.7598821908358958,0.6611373209908006,-0.05592592592592599,-0.05560185185185185,0.38662319229114117,0.21301649550001467,0.18613119697045138,1.149356066750419,0.017014323764219297,0.00032407407407414324,0.002504250669993157,0.38810635367556584,0.1218087246490306,0.11325237536724705,0.0,0.9050400821020417,0.626972857439851,0.26543758641800624,0.2941544349163975,0.35856202738379495,surprised,08,06,06,female,strong,719
60,2.0020000000000002,True,1.0,0.7918727163611796,0.7575262716420753,0.7746994940016274,1.3290183387270778,-0.056157407407407434,-0.05435185185185187,0.32594420897838144,0.552319309600864,0.18195115352876315,0.582911064074276,0.03434644471910431,0.0018055555555555602,0.00258007447779722,0.19037854763132367,0.11687761215420489,0.11540025410454775,0.0,0.9999999987499999,0.6206972483602816,0.2693796797071489,0.2775060069327524,0.35039663250989855,surprised,08,06,06,female,strong,719
70,2.3356666666666666,True,1.0,0.8475975470624549,0.8018392054178302,0.8247183762401425,1.4156283664599714,-0.056666666666666754,-0.05398148148148152,0.3369986731099639,0.5798426963703117,0.17847393214836946,0.5825811320117132,0.04575834164462478,0.002685185185185235,0.012389517811427452,0.21718193499579574,0.11388679467203847,0.11931477927920471,0.0,0.9999999987499999,0.6507684241899885,0.2880548794681321,0.27194174263794124,0.3854544172142178,surprised,08,06,06,female,strong,719
80,2.6693333333333333,True,1.0,0.8374426646046644,0.812349929818343,0.8248962972115037,1.3939394098827784,-0.057916666666666616,-0.0559722222222222,0.341099913813348,0.539309703721085,0.17708333333333326,0.5917734238397581,0.025092734786321458,0.0019444444444444153,0.004139835990313791,0.20758463149528739,0.12167557819111935,0.11238280968704721,0.0,0.9999999987499999,0.628950047659689,0.27097004147068515,0.2826638773307424,0.3606807063657524,surprised,08,06,06,female,strong,719
90,3.003,True,1.0,0.7873440683824309,0.8070671941375601,0.7972056312599956,1.3810331446977806,-0.05833333333333335,-0.056712962962962965,0.34657003759436433,0.5672100415723019,0.17500043596485873,0.5772530763079207,0.019723125755129245,0.0016203703703703831,0.0026950344234943748,0.20758928571428575,0.12024697675074275,0.11457714699682248,0.0,0.7071067807446058,0.6270680038265306,0.2684078609630672,0.28102278033969097,0.36133963787659445,surprised,08,06,06,female,strong,719
0,0.0,True,1.0,0.6009340812517779,0.6035307551598631,0.6022324182058205,0.48736911246853337,-0.04893518518518519,-0.04611111111111116,0.3893320368708725,0.15132228805863265,0.19931512529804216,1.2356803145679511,0.0025966739080851564,0.0028240740740740344,0.0038124184686404547,0.5771027988765891,0.12728591204561035,0.10759216683976595,0.0,0.7715058372174848,0.6433197291260254,0.2870963645923705,0.28397489226169575,0.3809278757541323,neutral,01,07,07,male,normal,720
10,0.33366666666666667,True,1.0,0.5637977371386174,0.5587279404999543,0.5612628388192858,0.49093300121875366,-0.04898148148148146,-0.04504629629629636,0.3851879716837218,0.15914796565731196,0.19793054364727783,1.1432575064742776,0.005069796638663027,0.003935185185185097,0.004430017462555778,0.5780674216440124,0.1255770372161148,0.10958186663121483,0.0,0.6994139635527205,0.6435220016131453,0.28815377657485314,0.2836957081870242,0.38257663307620077,neutral,01,07,07,male,normal,720
20,0.6673333333333333,True,1.0,0.5878269366848529,0.591786181818282,0.5898065592515674,0.5213109081866121,-0.0501388888888889,-0.04574074074074075,0.38329942071094275,0.15370389687663413,0.19376417538869903,1.1313911717351524,0.003959245133429157,0.004398148148148151,0.003297579000406588,0.5480199250780334,0.1253266570086041,0.10986813374801192,0.0,0.7718823796828848,0.6428186821681798,0.28748097013578183,0.2808770010312577,0.38108609694963946,neutral,01,07,07,male,normal,720
30,1.0010000000000001,True,1.0,0.59241507417294,0.6075410994817987,0.5999780868273694,0.9286381447275422,-0.05268518518518517,-0.04828703703703702,0.38620113074505596,0.23215204096035807,0.19376417538869908,0.6460838274130986,0.015126025308858648,0.004398148148148151,0.0027442683110864784,0.32976321097759465,0.12527942194387667,0.10992199146597387,0.0,0.7366523223592758,0.6396687781284389,0.2893070419682885,0.28782005995953036,0.39015577957350167,neutral,01,07,07,male,normal,720
40,1.3346666666666667,True,1.0,0.338923486838202,0.33173260991788767,0.33532804837804486,0.8619861532133658,-0.05870370370370359,-0.05523148148148149,0.37822349570200575,0.2693602693602694,0.19237102631416939,0.3890179060626299,0.0071908769203143375,0.003472222222222099,0.002888682947678174,0.3431161258533278,0.12533584135297005,0.10985765627747575,0.0,0.6950402939816817,0.6414789984743898,0.2870160816193625,0.2884015789484991,0.3942943279410414,neutral,01,07,07,male,normal,720
50,1.6683333333333334,True,1.0,0.5135725389031898,0.5281974920269882,0.520885015465089,1.2388329828088516,-0.053981481481481464,-0.05152777777777773,0.34324319049871765,0.470116323374993,0.19308084616518592,0.42046427782707824,0.014624953123798412,0.0024537037037037357,0.002565635233008533,0.24514044361048382,0.12437004654932779,0.11094985034559154,0.0,0.8572011685981458,0.6403042198988971,0.28963732005528636,0.28572423381460604,0.3900798476027284,neutral,01,07,07,male,normal,720
60,2.0020000000000002,True,1.0,0.5693621230168094,0.5654677491934559,0.5674149361051326,0.5692784470872234,-0.05185185185185176,-0.04865740740740748,0.37111326201936473,0.23602007154300214,0.19308084616518592,0.9967265386707934,0.0038943738233535585,0.0031944444444442777,0.001054638241100873,0.5212924055876074,0.12665543867719403,0.10833364031586787,0.0,0.7091717389680037,0.641856659257453,0.28481622029022124,0.28408962849757957,0.38439753125622916,neutral,01,07,07,male,normal,720
70,2.3356666666666666,True,1.0,0.5441246659332494,0.571161386952993,0.5576430264431211,0.827550622401352,-0.05245370370370356,-0.04898148148148146,0.37984493649568807,0.2713165377903612,0.1916861703873071,0.6738476310065187,0.027036721019743637,0.003472222222222099,0.005849892051261975,0.3503949388884835,0.12586361902735707,0.10925258429911028,0.0,0.690083075322696,0.6397334782975691,0.2882761939303106,0.2854997409282041,0.38275921894785214,neutral,01,07,07,male,normal,720
80,2.6693333333333333,True,1.0,0.5795454505206071,0.5807210158670575,0.5801332331938323,0.7597785496577821,-0.05222222222222217,-0.047870370370370396,0.3594524546015638,0.32254749749622796,0.19308084616518592,0.7635556879766278,0.001175565346450358,0.0043518518518517735,0.0019170120339011883,0.39268867924528295,0.12491519796684938,0.11033571990592103,0.0,0.9999999987499999,0.6415006599827431,0.28867134088514945,0.28249355642673224,0.38281843489587886,neutral,01,07,07,male,normal,720
90,3.003,True,1.0,0.5758982579107258,0.5988044591450855,0.5873513585279057,0.671710077214957,-0.05361111111111111,-0.049768518518518434,0.39125517166779133,0.23043269548585413,0.19168099612422096,0.8744120096622351,0.022906201234359713,0.003842592592592675,0.0003774294803932586,0.4190157146736552,0.1252703269529236,0.10993235627134947,0.0,0.8055238271739869,0.6393323131674545,0.28816252439252904,0.2822423682969758,0.384222641534646,neutral,01,07,07,male,normal,720
100,3.336666666666667,True,1.0,0.5718363715619159,0.5634961963821653,0.5676662839720406,0.3805287744033206,-0.05037037037037034,-0.04671296296296301,0.4073056437632341,0.08877444384934932,0.19171482531582354,1.491782808966698,0.008340175179750609,0.0036574074074073315,0.0007384536490153881,0.6944282824035493,0.1260176417896475,0.10907489045729968,0.0,0.7590469497757024,0.6444293804318603,0.2855166576832136,0.28564476624689583,0.38645190590043,neutral,01,07,07,male,normal,720
110,3.6703333333333332,True,1.0,0.5682012953497388,0.5611637071809435,0.5646825012653411,0.316881037281688,-0.05087962962962961,-0.047314814814814754,0.4260690123057881,0.06081071277499229,0.19381653658425438,1.7820015552504416,0.007037588168795295,0.003564814814814854,0.00429148164564379,0.8212865572820783,0.12566296016283685,0.10930916826109408,0.0,0.8508554698821177,0.6433575343262306,0.28623162918137535,0.28575602272353434,0.3859393836835323,neutral,01,07,07,male,normal,720
0,0.0,True,1.0,0.5749383020717782,0.5766653359915487,0.5758018190316634,0.4985015801843587,-0.05060185185185179,-0.0468055555555556,0.3826383141736743,0.1952684864689583,0.19028419304371916,1.1550651831809984,0.001727033919770471,0.0037962962962961866,0.007489892705086647,0.5470444874962587,0.1279778259541788,0.10676822483626489,0.0,0.6697565941914801,0.6430260238079608,0.28594305937611275,0.2814962731193838,0.38409417938361295,neutral,01,07,07,male,normal,721
10,0.33366666666666667,True,1.0,0.5310650056387188,0.5352484544146952,0.533156730026707,0.5119623153105136,-0.051851851851851816,-0.0494444444444444,0.37930020264853387,0.22220207080950402,0.18681209006022537,1.0413983882843774,0.004183448775976317,0.0024074074074074137,0.001889457894040561,0.5622536542850752,0.12596219966042377,0.10913891160830357,0.0,0.8610680897760057,0.6420596811302647,0.28668153511948236,0.27506102461432774,0.38024396631555646,neutral,01,07,07,male,normal,721
20,0.6673333333333333,True,1.0,0.5518153645152799,0.5544625466643454,0.5531389555898126,0.5157477592820553,-0.05226851851851849,-0.048842592592592604,0.37861271676300606,0.20356234096692136,0.1847288304216915,1.072498999045207,0.0026471821490654524,0.003425925925925888,0.0035314658112743412,0.5624383832159772,0.12815131508468833,0.10655992780013979,0.0,0.7378351422349659,0.6395501755702282,0.28663031353772656,0.2764734371581629,0.3793310640402936,neutral,01,07,07,male,normal,721
30,1.0010000000000001,True,1.0,0.5716230115845709,0.5790622580513802,0.5753426348179755,0.9721598503282082,-0.05458333333333337,-0.050925925925925875,0.36890681580289375,0.3124698635420487,0.18751993709107473,0.5918189633358503,0.007439246466809379,0.003657407407407498,0.0019185507091381993,0.28927637475760914,0.1256591869743884,0.10948765455238554,0.0,0.7182567984116891,0.6361991205466563,0.2895270481532552,0.2812277330999632,0.3851874621869967,neutral,01,07,07,male,normal,721
40,1.3346666666666667,True,1.0,0.5507449136033732,0.5486953582548516,0.5497201359291124,0.8216140146800867,-0.05328703703703708,-0.049259259259259225,0.37933979447390964,0.34340320034196037,0.18890867939912034,0.6690734652854697,0.002049555348521581,0.004027777777777852,0.0012268157874607518,0.3518805452772456,0.12483882791860268,0.11024944837360338,0.0,0.7740075772903922,0.6390671820994024,0.2891284898163528,0.28110564945745425,0.38236250156600793,neutral,01,07,07,male,normal,721
50,1.6683333333333334,True,1.0,0.5293502854904047,0.5104401389876904,0.5198952122390476,1.1734817081321065,-0.05402777777777773,-0.04958333333333331,0.34728506701568335,0.4693462780170023,0.1889034290576577,0.44303648590022976,0.018910146502714387,0.0044444444444444176,0.0016253753625037652,0.25433142554074833,0.12776255920559684,0.10702572698156265,0.0,0.6796197349769522,0.6355371032944427,0.2876892510603892,0.28585542930912905,0.39081086838591916,neutral,01,07,07,male,normal,721
60,2.0020000000000002,True,1.0,0.5706567264981652,0.5634751593785665,0.5670659429383659,0.5879265091863517,-0.05282407407407408,-0.04976851851851849,0.36597502460035897,0.2659667541557306,0.19029221182200778,0.9645184118728456,0.00718156711959872,0.003055555555555589,0.0016142930160150312,0.4961073851059764,0.12571658046952927,0.10942174905113014,0.0,0.7107457639504627,0.6396491500740922,0.2867009948583802,0.2803724185420178,0.3832511838739767,neutral,01,07,07,male,normal,721
70,2.3356666666666666,True,1.0,0.5607328623984695,0.5483157924166684,0.554524327407569,0.7351440377119477,-0.05208333333333337,-0.04750000000000004,0.3844071057022337,0.3140905718783404,0.1923805444283331,0.7543070459137,0.012417069981801143,0.004583333333333328,0.0012790685346738162,0.40906951590625873,0.12489672141797252,0.11035663436882777,0.0,0.8029419009680678,0.6388352136557749,0.2885121286214069,0.2829636673982842,0.3831041187711632,neutral,01,07,07,male,normal,721
80,2.6693333333333333,True,1.0,0.5718363715619169,0.5638757622203499,0.5678560668911334,0.8014571948998188,-0.05287037037037029,-0.04782407407407402,0.35158501440922174,0.3497267759562842,0.19100457921116565,0.7085295016437089,0.00796060934156706,0.005046296296296271,0.004469142597027314,0.3784090909090909,0.12831891772315746,0.10635804212708935,0.0,0.6630396176848796,0.637352069874825,0.2868098071270422,0.2854048595202193,0.3842580854842123,neutral,01,07,07,male,normal,721
90,3.003,True,1.0,0.5588498562050014,0.5418903317472089,0.5503700939761051,0.5099724127697377,-0.05314814814814811,-0.04828703703703702,0.39195917575168016,0.16338473426841904,0.19099778869268047,1.0792154245892664,0.016959524457792474,0.004861111111111094,0.006039167737041017,0.5478490377187228,0.12465550478919966,0.11062903278985081,0.0,0.7286484664838236,0.6393555329241072,0.28752482109958943,0.2797573963656724,0.3844257194683961,neutral,01,07,07,male,normal,721
100,3.336666666666667,True,1.0,0.43015282899865753,0.43615175774649123,0.4331522933725744,0.42192433746986546,-0.05652777777777779,-0.053240740740740644,0.40186020790819516,0.10228468787148204,0.19030343754396392,1.0266113018510359,0.005998928747833698,0.0032870370370371438,0.005946250078863167,0.6654630362170112,0.1258890745942644,0.10922325149961268,0.0,0.7010287848178121,0.6449176552964937,0.28644971578804207,0.28106109703067467,0.38133540493223556,neutral,01,07,07,male,normal,721
110,3.6703333333333332,True,1.0,0.4976219524427665,0.48707719817023465,0.4923495753065006,0.4349478253745386,-0.05449074074074067,-0.04916666666666669,0.40419654224780016,0.1406414458232889,0.19238649301055735,1.1319738749872648,0.010544754272531875,0.005324074074073981,0.006573528007239154,0.6455373134117168,0.12796765367007618,0.10678041667284896,0.0,0.7607871542352409,0.6447477169696004,0.2843360355381904,0.2845919209908906,0.3858922505396497,neutral,01,07,07,male,normal,721
0,0.0,True,1.0,0.5589140937326684,0.56202098094353,0.5604675373380992,0.5319581349312915,-0.04652777777777778,-0.04379629629629628,0.36596477782757314,0.18190597748740614,0.19520495206399294,1.053593319727106,0.0031068872108616086,0.0027314814814815014,0.0011817686735015127,0.5480890754682208,0.12575426308196588,0.1093784397733282,0.0,0.6844623552903546,0.6304543982983819,0.2855958032842193,0.2754260305420009,0.36835281374610307,neutral,01,07,07,male,normal,722
10,0.33366666666666667,True,1.0,0.3185520616226509,0.31771123520863975,0.31813164841564534,0.825723350128781,-0.060138888888888964,-0.057222222222222285,0.3650093241712289,0.22388427998449947,0.19588046757961872,0.38527631362977577,0.0008408264140111199,0.0029166666666666785,0.0002617365987574315,0.35309700557313567,0.12402753073262796,0.11133260704138258,0.0,0.7124136731015005,0.6275593747342687,0.295124236028234,0.28069060976837595,0.37535490561056944,neutral,01,07,07,male,normal,722
20,0.6673333333333333,True,1.0,0.336563587899032,0.3023058213516732,0.3194347046253526,0.7758675818669999,-0.06550925925925927,-0.0627314814814815,0.3641866494966357,0.2256597311331332,0.19241821567656023,0.4117129160838047,0.03425776654735879,0.002777777777777768,0.0016577680046677202,0.37832995474779185,0.12257354566807102,0.11293141136313858,0.0,0.7953498963150527,0.6358619358368348,0.2923127422522618,0.27981898940026934,0.3787539389224148,neutral,01,07,07,male,normal,722
30,1.0010000000000001,True,1.0,0.49981331071586166,0.5297129439756743,0.514763127345768,0.7898489017943227,-0.05226851851851855,-0.04986111111111108,0.367369826934453,0.2538671975247747,0.1917148253158236,0.6517235463344517,0.029899633259812597,0.002407407407407469,0.00039169156806366376,0.37163303825730537,0.12528208433368035,0.10991895703373919,0.0,0.7945528004505398,0.6380115933326457,0.2898517609466326,0.28183039003828686,0.37820329758717125,neutral,01,07,07,male,normal,722
40,1.3346666666666667,True,1.0,0.4911368619488609,0.5109581534416419,0.5010475076952514,0.7838252203386732,-0.053888888888888875,-0.04986111111111102,0.3680738266267452,0.2729391392250737,0.19239323451473514,0.6392337152391704,0.019821291492780946,0.004027777777777852,0.00034268383094315937,0.381696428571428,0.12622984152990396,0.10882924642737322,0.0,0.6643010851501203,0.6371654820443803,0.28971362817441615,0.2853455493906788,0.385135930180655,neutral,01,07,07,male,normal,722
50,1.6683333333333334,True,1.0,0.5149580160963182,0.5064288780935042,0.5106934470949112,0.8889221722894286,-0.054074074074074,-0.049768518518518545,0.37676657729143453,0.25982905982906,0.19170646807078162,0.574508616181341,0.008529138002813963,0.0043055555555554514,0.0005438232944220506,0.33783781460073176,0.12351052926259481,0.11190588425760435,0.0,0.7393298503743259,0.6379910329287966,0.2923173474233024,0.2874213250969352,0.39507071978403524,neutral,01,07,07,male,normal,722
60,2.0020000000000002,True,1.0,0.48303795666531585,0.49720169523816754,0.4901198259517417,0.5574097643399653,-0.05314814814814811,-0.04893518518518519,0.3513111353769601,0.249340210196533,0.1931033678257058,0.8792810196500553,0.014163738572851692,0.004212962962962918,0.004783405691305581,0.5482691506143401,0.12405424703331447,0.11130283717597034,0.0,0.7071067807446058,0.6384429801608144,0.2902955736677006,0.2810791789037806,0.38693547367174397,neutral,01,07,07,male,normal,722
70,2.3356666666666666,True,1.0,0.4902043577997813,0.5064288780935036,0.4983166179466424,0.7854933767867454,-0.05291666666666661,-0.04949074074074078,0.37495550337899103,0.28248824910419423,0.19520495206399288,0.634399515862412,0.01622452029372229,0.0034259259259258323,0.00020245307449001152,0.38484968207445047,0.12431018367337936,0.11101691765420772,0.0,0.7025894797939175,0.6381848308229542,0.2927704855849464,0.2881031037977604,0.3883945976539805,neutral,01,07,07,male,normal,722
80,2.6693333333333333,True,1.0,0.5125931082449231,0.5199388629935615,0.5162659856192423,0.7930461202717038,-0.053009259259259256,-0.04930555555555555,0.3497465344839176,0.3084068245501073,0.193838579171925,0.6509911245040396,0.007345754748638411,0.003703703703703709,0.0016577680046675368,0.36458333333333354,0.12347755157713111,0.1119422709558816,0.0,0.7656153661730224,0.6396599172012556,0.2929674604727268,0.28377648865079524,0.38512219130078196,neutral,01,07,07,male,normal,722
90,3.003,True,1.0,0.5227011898730707,0.5264237433927338,0.5245624666329023,0.6288716906079195,-0.05374999999999991,-0.050185185185185166,0.3768724551998768,0.23239172889032653,0.19379764094220972,0.8341327403779565,0.0037225535196631077,0.003564814814814743,0.0007287763553329197,0.4651473772410858,0.12460977339273402,0.11068054095124387,0.0,0.6936899826724128,0.6395458982030312,0.2905763188916,0.28115998985447366,0.3807330985269884,neutral,01,07,07,male,normal,722
100,3.336666666666667,True,1.0,0.49717118257066034,0.49549376131848544,0.49633247194457286,0.4704563472460619,-0.05351851851851852,-0.04935185185185176,0.39552069644450855,0.15021133899885888,0.19520495206399288,1.0550021800109268,0.0016774212521749043,0.004166666666666763,0.00018539067892361293,0.6253117259351462,0.12586178263493772,0.1092546998642243,0.0,0.7208195303109364,0.6390401865355517,0.2898727447977115,0.28372946609778227,0.3877244872319978,neutral,01,07,07,male,normal,722
110,3.6703333333333332,True,1.0,0.5216196293695422,0.5174830479305677,0.519551338650055,0.46685667970939226,-0.05458333333333332,-0.0507407407407407,0.39721243393888356,0.1361499127337836,0.1931033678257058,1.1128711684568033,0.0041365814389745514,0.0038425925925926196,0.00016130166663076421,0.5943268721881261,0.12503003592719705,0.11020557103172356,0.0,0.823591836649507,0.6388125360847464,0.28896937124072813,0.28240392452370744,0.38800647000762983,neutral,01,07,07,male,normal,722
0,0.0,True,1.0,0.5564564928361734,0.5634961963821662,0.5599763446091698,0.5041459369817582,-0.051990740740740615,-0.04810185185185184,0.38840579710144923,0.18573797678275333,0.19306978193111085,1.1107425519714773,0.007039703545992815,0.003888888888888775,0.004809530720228508,0.5476973684210517,0.1256278751398157,0.1095235808328837,0.0,0.6804792865523408,0.643677478397609,0.28639211939009757,0.2780893142374514,0.3810480242691742,neutral,01,07,07,male,normal,723
10,0.33366666666666667,True,1.0,0.6071943494262856,0.6069098159339057,0.6070520826800956,0.6785840741291729,-0.054629629629629695,-0.050138888888888844,0.3775216138328528,0.2171331636980496,0.19098220953209083,0.894586398095366,0.00028453349237989034,0.004490740740740851,0.004659387924735368,0.41622366167974434,0.12759217655188437,0.10722879395642963,0.0,0.8381674080011293,0.6409798003341961,0.28638838308959574,0.2792559988194447,0.3787317541732928,neutral,01,07,07,male,normal,723
20,0.6673333333333333,True,1.0,0.5762309355313244,0.5935057621939569,0.5848683488626407,0.7600044103077015,-0.052962962962962934,-0.04847222222222225,0.3775216138328528,0.2578456318914337,0.18958695516515212,0.7695591511447233,0.01727482666263247,0.004490740740740684,0.0035848827909086604,0.3716330382573061,0.1254821592663018,0.1096904985682015,0.0,0.917142874973807,0.6385153673969588,0.288087731624348,0.27750906043565426,0.379472747774663,neutral,01,07,07,male,normal,723
30,1.0010000000000001,True,1.0,0.5924150741729399,0.5917861818182818,0.5921006279956109,0.9452655095755171,-0.053518518518518465,-0.0490740740740741,0.36312947085855646,0.3033207799273373,0.19237538884161803,0.6263855202561033,0.0006288923546581282,0.004444444444444362,0.005188753682014449,0.31062338143824014,0.12470419891284301,0.11057414048430841,0.0,0.6860517119609835,0.6389883332317302,0.28846934027571497,0.2788573451111222,0.38378875918780275,neutral,01,07,07,male,normal,723
40,1.3346666666666667,True,1.0,0.5865412656787379,0.5790622580513812,0.5828017618650596,0.7913614163500694,-0.05162037037037037,-0.047592592592592575,0.37006535474159574,0.26378713878335647,0.19446955443027228,0.7364546082535434,0.007479007627356649,0.004027777777777797,0.0007342540459817184,0.3754101583753272,0.12553583489527537,0.10962906515886064,0.0,0.8053090189174119,0.6420655047878526,0.2860153284037175,0.2817406716184544,0.384114378487279,neutral,01,07,07,male,normal,723
50,1.6683333333333334,True,1.0,0.5411193809242091,0.5544565565597656,0.5477879687419873,0.9485449446172747,-0.0532407407407407,-0.04865740740740743,0.3824910662296724,0.26044231364538994,0.19305911224772535,0.5775034402434273,0.013337175635556475,0.004583333333333273,0.0005030774693420805,0.3092123964904888,0.12381733056737701,0.11156633193471195,0.0,0.7271415060415749,0.6398863938622323,0.28873837662697205,0.2860019242144406,0.3949976590715475,neutral,01,07,07,male,normal,723
60,2.0020000000000002,True,1.0,0.5639262172384237,0.583700029573055,0.5738131234057393,0.7804878048780497,-0.05217592592592585,-0.048657407407407316,0.35446220686051033,0.30352303523035246,0.19515804560261085,0.7351980643636026,0.01977381233463127,0.003518518518518532,0.004370227125770132,0.38541666666666663,0.1235484647507166,0.1118640005893418,0.0,0.747244971430785,0.6414004441151461,0.28625243281241997,0.27723300839159093,0.383648458179253,neutral,01,07,07,male,normal,723
70,2.3356666666666666,True,1.0,0.5668378450149252,0.5707769168886601,0.5688073809517926,0.7717141451109211,-0.05291666666666661,-0.04842592592592587,0.37286777281645705,0.2824882491041955,0.19237538884161803,0.7370700466686871,0.0039390718737348784,0.00449074074074074,0.004776973885028708,0.3921280792749345,0.12620067838461896,0.10886306327552807,0.0,0.7630506866270197,0.6404504315163565,0.28694270165330554,0.2820446925660044,0.38374358490910376,neutral,01,07,07,male,normal,723
80,2.6693333333333333,True,1.0,0.5529985147157873,0.570776916888661,0.5618877158022242,0.8521579430670344,-0.05162037037037026,-0.047592592592592575,0.3527649410367661,0.30853994490358133,0.19237538884161803,0.6593703906342908,0.01777840217287363,0.004027777777777686,0.004781057899297465,0.3588362068965511,0.12394313624515149,0.11142655315528253,0.0,0.6754119869453099,0.6410091795546343,0.2886601732205242,0.28055566711432206,0.3850686418802772,neutral,01,07,07,male,normal,723
90,3.003,True,1.0,0.5686723205455838,0.5736179972339795,0.5711451588897817,0.583696560128903,-0.053518518518518465,-0.04837962962962955,0.3884399778798094,0.17908871731227746,0.19307491897578208,0.9784967017171567,0.004945676688395739,0.005138888888888915,0.0045822666778511,0.49857954545454614,0.12441669649883567,0.1108975356016521,0.0,0.7331856655269832,0.6415376444093263,0.28668266649607704,0.27610820338809483,0.3824808469441554,neutral,01,07,07,male,normal,723
100,3.336666666666667,True,1.0,0.570446489277372,0.5766653359915487,0.5735559126344603,0.4634787240772411,-0.05273148148148149,-0.04902777777777778,0.3990942701034845,0.13516479592058536,0.1944585692104391,1.2375021394485288,0.006218846714176718,0.003703703703703709,0.0027386696373993837,0.5936775340205994,0.1261595859376544,0.10891068196733407,0.0,0.6686247502001506,0.644859727148672,0.28516871609139993,0.2812750363094374,0.3850904013625659,neutral,01,07,07,male,normal,723
110,3.6703333333333332,True,1.0,0.541119380924209,0.51618572111669,0.5286525510204495,0.4314921264895272,-0.05416666666666653,-0.04893518518518525,0.40718495823204764,0.12054748025330621,0.19376929402420967,1.2251731110863746,0.024933659807518938,0.0052314814814812816,0.0018462952741104017,0.6458022194604868,0.1246178072258598,0.11067149539291385,0.0,0.7327320333319829,0.6464893951252376,0.28561801219210864,0.2799873685247363,0.38475346582323133,neutral,01,07,07,male,normal,723
0,0.0,True,1.0,0.5239827416486985,0.5458089668615994,0.534895854255149,0.46946374398436264,-0.053333333333333344,-0.04523148148148154,0.3902979055734451,0.14038659543911083,0.18759153039354043,1.1393762800838692,0.021826225212900896,0.008101851851851805,0.018299705843253418,0.579518407091972,0.12640505612795275,0.10862568552535588,0.0,0.735522867019354,0.6397469084821429,0.288107036717697,0.28054775893907913,0.38198599846855924,calm,02,07,07,male,normal,724
10,0.33366666666666667,True,1.0,0.5172447968398826,0.5395583967605848,0.5284015968002337,0.47244840446014535,-0.05273148148148149,-0.04560185185185178,0.3864494641813221,0.15491327580343614,0.18549729783568353,1.118432387138707,0.022313599920702254,0.007129629629629708,0.018205031899119786,0.5995511125060896,0.12618635518686228,0.10887966538909596,0.0,0.8070590201543342,0.6383263822013181,0.2888249819472381,0.2803787930270798,0.3801041072733494,calm,02,07,07,male,normal,724
20,0.6673333333333333,True,1.0,0.5028040978436942,0.5149191136440102,0.5088616057438522,0.46520677387606324,-0.05351851851851852,-0.046157407407407314,0.39291914648645176,0.1324891502912172,0.18760413774754542,1.0938396307174563,0.012115015800316042,0.007361111111111207,0.015849380839252854,0.579518407091972,0.12550524438667585,0.1096640843760107,0.0,0.6876751704248514,0.6373671880470938,0.2894367861127065,0.2791045889724553,0.3790636536251164,calm,02,07,07,male,normal,724
30,1.0010000000000001,True,1.0,0.2738857422349738,0.2642269574929671,0.2690563498639704,1.0071657244939731,-0.07435185185185184,-0.06351851851851847,0.38708511166896226,0.2384804705241901,0.20359367301714437,0.2671420832943372,0.00965878474200671,0.010833333333333361,0.018159181031618964,0.2912660784287081,0.12351340780059757,0.11190270713367423,0.0,0.7060481306183218,0.6367030155890482,0.29486115350912506,0.29138241473549487,0.3978091108332029,calm,02,07,07,male,normal,724
40,1.3346666666666667,True,1.0,0.4511372123608822,0.4365992880758559,0.44386825021836906,0.7295796438993342,-0.06296296296296294,-0.05587962962962967,0.38375051712156794,0.24993502223128203,0.1980280405519255,0.608389027750359,0.014537924285026316,0.007083333333333275,0.01187793703860104,0.4066497939010979,0.12447055739883155,0.11083707913584276,0.0,0.7128897279830452,0.6395788376131704,0.291155257002646,0.2846716956889842,0.38779935090664364,calm,02,07,07,male,normal,724
50,1.6683333333333334,True,1.0,0.4859620147488235,0.49213981365020576,0.48905091419951463,0.8549100594158019,-0.06087962962962962,-0.055925925925925934,0.39132763159154593,0.24985936593792962,0.19380669533390738,0.5720495493218373,0.006177798901382259,0.004953703703703682,0.00714881869902101,0.3377998733039889,0.12313787950998617,0.11231580654579419,0.0,0.6961159475793152,0.6378136534770158,0.29261916505689317,0.288785413412791,0.3983334143628321,calm,02,07,07,male,normal,724
60,2.0020000000000002,True,1.0,0.4518644430330772,0.4679390139064494,0.4599017284697633,0.7981487842885144,-0.060416666666666674,-0.05587962962962961,0.40326553729294184,0.2381474975743639,0.19522683788910974,0.5762105230539551,0.016074570873372163,0.004537037037037062,0.007513523316544655,0.36324652250581024,0.12245594545750262,0.11305891911875292,0.0,0.8791171176671335,0.6405547776141707,0.29260909753308484,0.28967794416554477,0.395776570888206,calm,02,07,07,male,normal,724
70,2.3356666666666666,True,1.0,0.44212633988238437,0.48319583980731734,0.4626610898448509,0.7523433001973557,-0.05773148148148155,-0.052592592592592524,0.37213937514203294,0.21593867661810587,0.1911319565555269,0.6149600717165754,0.04106949992493297,0.005138888888889026,0.0118691220956792,0.4079126742865688,0.1259786615574714,0.10911990928694451,0.0,0.7876309433653402,0.638371167420093,0.2920154244623122,0.289610203480955,0.389571743485179,calm,02,07,07,male,normal,724
80,2.6693333333333333,True,1.0,0.39985026120368766,0.4054580896686156,0.4026541754361516,0.6112219976782621,-0.053981481481481464,-0.04879629629629634,0.394466422168861,0.19501499235382713,0.19126323805885817,0.6587691165658972,0.005607828464927911,0.005185185185185126,0.013520495555215326,0.492392122676886,0.12206459348570321,0.11348133232937302,0.0,0.9999999987499999,0.6436551561483969,0.2889256579850351,0.27931023443800546,0.3777916604117048,calm,02,07,07,male,normal,724
90,3.003,True,1.0,0.4183199899273888,0.3986530448919928,0.4084865174096908,0.43075946182547664,-0.052361111111111025,-0.04745370370370372,0.4066347581022048,0.15170094023300776,0.18727708666033402,0.9482937778745536,0.019666945035395955,0.004907407407407305,0.009382544320830731,0.6869331749478595,0.12261951916116985,0.11288149224242537,0.0,0.6698993509021145,0.6388248083139506,0.29055478372858934,0.2808807069718126,0.3823226565307652,calm,02,07,07,male,normal,724
100,3.336666666666667,True,1.0,0.41733476280074844,0.42911877394636005,0.4232267683735542,0.42019064676649714,-0.05365740740740743,-0.04722222222222222,0.4188044615231288,0.11098418347236276,0.18658439720559392,1.0072255811270932,0.011784011145611617,0.00643518518518521,0.011897795026929545,0.6925523139385091,0.12449311762499649,0.11063967410852199,0.0,0.6963855995210996,0.6389990101509354,0.2889271475588247,0.2831225946024366,0.38096788340602256,calm,02,07,07,male,normal,724
0,0.0,True,1.0,0.4113197252104517,0.4446060255895643,0.427962875400008,0.3988856284175391,-0.052222222222222225,-0.047731481481481486,0.43923670832026107,0.04676798423918686,0.18492201578443426,1.0728962010935923,0.03328630037911262,0.00449074074074074,0.009797618437295976,0.7186049575399942,0.12436854924598047,0.11095152873526341,0.0,0.7515602906704478,0.6365078027226516,0.28843243089327586,0.2749880884989461,0.378520079719809,calm,02,07,07,male,normal,725
10,0.33366666666666667,True,1.0,0.4046380627131191,0.4139795215399031,0.40930879212651106,0.411529869926971,-0.05180555555555555,-0.048101851851851785,0.44038956265639745,0.08213642829226211,0.1834681159975041,0.9946028758474954,0.009341458826784,0.0037037037037037646,0.010627029573838374,0.6790187853425159,0.1319640917138468,0.10180007990835073,0.0,0.7363416320040673,0.573667947483681,0.2581845672822403,0.2998089507675107,0.33986734351470965,calm,02,07,07,male,normal,725
20,0.6673333333333333,True,1.0,0.4056171024529097,0.4069498405477107,0.4062834715003102,0.441731028158928,-0.05203703703703699,-0.04837962962962966,0.4324944489071448,0.1073365106110115,0.181386330732397,0.9197530750638954,0.0013327380948010004,0.0036574074074073315,0.005488742717438778,0.6580412691225402,0.13270149971631334,0.10083694632613774,0.0,0.6888591408456414,0.5703306252501,0.25717918538239387,0.3000254530592093,0.34082238441498075,calm,02,07,07,male,normal,725
30,1.0010000000000001,True,1.0,0.2544670751260009,0.26453362594433105,0.25950035053516596,0.9500535001680069,-0.06115740740740744,-0.059537037037037055,0.4135435785544252,0.20972968784512933,0.18274579676306618,0.27314288141591614,0.010066550818330133,0.0016203703703703831,0.005315518176148614,0.3164965649810419,0.12154402909127753,0.1140387072977193,0.0,0.6912754539772328,0.6404014852425345,0.2912367490140629,0.2884355683635151,0.4101303106153973,calm,02,07,07,male,normal,725
40,1.3346666666666667,True,1.0,0.40546430065318734,0.39809295018536894,0.4017786254192781,0.7994732233522477,-0.05185185185185187,-0.04907407407407405,0.38558150904915967,0.22650745956074794,0.18549729783568358,0.5025541990444558,0.007371350467818394,0.0027777777777778234,0.005399708938999449,0.3858006867603676,0.12423631253647849,0.1110995788361988,0.0,0.6861244455604034,0.6370743967821503,0.2892203953051392,0.27989250730946313,0.38635644281293474,calm,02,07,07,male,normal,725
50,1.6683333333333334,True,1.0,0.42089393622928867,0.42917783393580944,0.4250358850825491,0.9336199233038739,-0.04962962962962969,-0.048333333333333395,0.38524551576792904,0.24673444227526933,0.18616070695444292,0.4552558000031119,0.00828389770652077,0.0012962962962962954,0.008607794199146326,0.34019922301344596,0.12486086000256072,0.11039720743672497,0.0,0.8399676776709105,0.6348002172744098,0.28885493836092324,0.28621268663085686,0.39846964504110577,calm,02,07,07,male,normal,725
60,2.0020000000000002,True,1.0,0.45303826656928897,0.45802443710304247,0.4555313518361657,0.6563450778972107,-0.0508333333333334,-0.048657407407407316,0.3802128758239758,0.2597319322891885,0.18479200939497276,0.6940424590302265,0.004986170533753498,0.002175925925926081,0.0028206813589870872,0.4807881747963867,0.1244935744405396,0.11081122548439339,0.0,0.7634859213213259,0.6360159954137905,0.288288177571169,0.2729232870090261,0.3781266794205015,calm,02,07,07,male,normal,725
70,2.3356666666666666,True,1.0,0.46093325221764364,0.44910084125076233,0.45501704673420296,0.742364143162815,-0.05148148148148152,-0.048379629629629606,0.39097461436353453,0.21873229218190096,0.18482792506197768,0.612929720440995,0.011832410966881313,0.003101851851851911,0.008733500152658035,0.4021823439126857,0.12383589645850818,0.11154572389172439,0.0,0.7093410429827759,0.6379766890193578,0.28959987955415134,0.27720259035310757,0.384924265820833,calm,02,07,07,male,normal,725
80,2.6693333333333333,True,1.0,0.48595641371811643,0.45061405567889007,0.46828523469850325,0.7237531389885322,-0.05208333333333337,-0.04814814814814822,0.3926641018833919,0.21711458721456087,0.184841546420459,0.6470234248005426,0.03534235803922636,0.003935185185185153,0.004714569062387684,0.4196902338540346,0.1257319364762549,0.10940410376396023,0.0,0.7487485165952451,0.638163780488758,0.28851976772537713,0.283142046020828,0.3850827305011946,calm,02,07,07,male,normal,725
90,3.003,True,1.0,0.44439986169805673,0.4286934100239393,0.436546635860998,0.42245255283130256,-0.051620370370370317,-0.04967592592592596,0.4147589062315928,0.11802206261491502,0.18135772660683633,1.0333625230460464,0.01570645167411744,0.0019444444444443598,0.0082361752487922,0.6788532801563825,0.12938653888087043,0.10505665770024455,0.0,0.9999999987499999,0.5793482241881127,0.260131751645498,0.2827197845947805,0.3417308471404937,calm,02,07,07,male,normal,725
100,3.336666666666667,True,1.0,0.4442206556868303,0.42730237128851195,0.4357615134876711,0.3673646960063693,-0.050138888888888844,-0.04888888888888887,0.43219393293615305,0.07109114208318582,0.17917731201720288,1.186182336584994,0.01691828439831833,0.0012499999999999734,0.014980492837605523,0.7619713461733735,0.13089666575545003,0.1029841576049079,0.0,0.7549003656947344,0.5775389156443828,0.25862176134329196,0.2937845336003577,0.34553521067210685,calm,02,07,07,male,normal,725
110,3.6703333333333332,True,1.0,0.4128765661763329,0.4187403898797932,0.41580847802806303,0.39768803664601954,-0.0505092592592592,-0.04949074074074078,0.44130176912182817,0.08771329911428095,0.17918199577107896,1.0455644618703288,0.00586382370346028,0.0010185185185184187,0.021065739855638914,0.7112997213324349,0.13246556438247084,0.10114668568078304,0.0,0.8029996118605894,0.5752594976818852,0.25772939518460264,0.2987849676152894,0.3429319858758136,calm,02,07,07,male,normal,725
0,0.0,True,1.0,0.41621179882235987,0.41817675439619234,0.4171942766092761,0.34824337524034255,-0.053333333333333344,-0.052361111111111136,0.4229679953625756,0.12587518975531725,0.1812769376534147,1.1979963045136082,0.001964955573832472,0.0009722222222222077,0.03818000508577584,0.7968953761199931,0.12780100843273434,0.10697981124673543,0.0,0.6899275432955334,0.6283483113557924,0.29300850201114803,0.28786056989999026,0.37748473655973847,calm,02,07,07,male,normal,726
10,0.33366666666666667,True,1.0,0.42681940547226094,0.4328233830665668,0.4298213942694139,0.38240383235884123,-0.05425925925925923,-0.05263888888888896,0.4139825770522294,0.12933240014510416,0.17918199577107896,1.1239986576967065,0.006003977594305876,0.001620370370370272,0.027871905523317395,0.7275909840659279,0.13063716731134192,0.10349738300059304,0.0,0.6875849140263666,0.582184546873437,0.26101093162762645,0.29886816555088996,0.3534153231176075,calm,02,07,07,male,normal,726
20,0.6673333333333333,True,1.0,0.42681940547226027,0.4174683691187087,0.42214388729548447,0.40422929803405483,-0.05268518518518517,-0.0524074074074074,0.41854164158706725,0.16515074336351837,0.1757100764688937,1.0443178892488896,0.009351036353551556,0.0002777777777777657,0.03316555732544935,0.6869545068707936,0.1301622340660173,0.10409404687024093,0.0,0.714184693103238,0.5806411166888631,0.26231897139904714,0.29873408322006517,0.3530088350212858,calm,02,07,07,male,normal,726
30,1.0010000000000001,True,1.0,0.45858903440734017,0.46435641970316494,0.46147272705525255,1.0882167177688127,-0.054907407407407405,-0.052453703703703725,0.3488675864605374,0.44788816253067293,0.1833749434905806,0.4240632582831636,0.005767385295824767,0.00245370370370368,0.025467638024353173,0.29878919137597904,0.12971766470677284,0.10464752856105031,0.0,0.8496749206122522,0.5808786246608019,0.2636912992664562,0.30444283417106466,0.36961449681536124,calm,02,07,07,male,normal,726
40,1.3346666666666667,True,1.0,0.4861446697046899,0.4481854711323024,0.46716507041849614,0.7920833459628301,-0.060833333333333406,-0.05805555555555558,0.37379959829833165,0.3408386769682574,0.1868643578713441,0.5897928201616534,0.0379591985723875,0.0027777777777778234,0.030204647464052117,0.37429871161664496,0.12467333727343037,0.1106089360928538,0.0,0.6894882332788392,0.6306648623980843,0.29698925215461575,0.2892414694346809,0.3821570027516267,calm,02,07,07,male,normal,726
50,1.6683333333333334,True,1.0,0.2730048574247238,0.2586842963931668,0.2658445769089453,0.886154419716438,-0.07194444444444437,-0.07185185185185189,0.39440810223634626,0.2949050267276683,0.18543682774578085,0.29999802629660566,0.014320561031556989,9.259259259247754e-05,0.034085188582578474,0.3386781832294691,0.12427622040341109,0.11088324880290251,0.0,0.6971238668199956,0.6434665461340786,0.2909113471595968,0.290988644304999,0.4085702524780152,calm,02,07,07,male,normal,726
60,2.0020000000000002,True,1.0,0.3850992441179491,0.39463674054208114,0.3898679923300151,0.7847485413082324,-0.05749999999999994,-0.058472222222222314,0.39051414603274964,0.2810904091589023,0.18334373675797258,0.4968062657116598,0.009537496424132041,0.0009722222222223742,0.029072676416431367,0.3781691094894188,0.1318707280521569,0.1019209931972964,0.0,0.7058182866466357,0.5824637385422918,0.2618793066926564,0.3000419575313972,0.34692520804295146,calm,02,07,07,male,normal,726
70,2.3356666666666666,True,1.0,0.46649872823171973,0.43800225589956693,0.45225049206564333,0.7124463391787352,-0.058981481481481524,-0.05768518518518517,0.34616585183653964,0.244300281952311,0.18473254743001213,0.6347853405871524,0.0284964723321528,0.001296296296296351,0.031266380972088344,0.3979991798576885,0.1322532055168966,0.10142419534728048,0.0,0.6535366422899564,0.581933313497274,0.262135095239197,0.2977896547398725,0.3424646045644281,calm,02,07,07,male,normal,726
80,2.6693333333333333,True,1.0,0.4813284163332355,0.4643120368372866,0.472820226585261,0.6061676372305153,-0.058518518518518414,-0.05699074074074073,0.39862198229111073,0.21266650052102828,0.1847370903386176,0.7800156219911416,0.017016379495948863,0.0015277777777776835,0.03034975106863737,0.46838924512878005,0.12494755304987987,0.11029907867780774,0.0,0.9999999987499999,0.6261824767016181,0.29638303759033613,0.28661928618289734,0.3778435152948218,calm,02,07,07,male,normal,726
90,3.003,True,1.0,0.4506140556788901,0.46505254657109857,0.4578333011249943,0.4113276149214924,-0.05564814814814817,-0.05472222222222223,0.4124232984413817,0.16194407376054407,0.18125378834941805,1.1130623972630143,0.014438490892208444,0.0009259259259259411,0.025403507370674476,0.6671421194648841,0.129817532162262,0.10452361510316775,0.0,0.7071067807446058,0.5769826483562175,0.2601375432836577,0.2975623757082878,0.3520547699625656,calm,02,07,07,male,normal,726
100,3.336666666666667,True,1.0,0.4593924305751681,0.45763463574208446,0.4585135331586263,0.3644024693772453,-0.056712962962962965,-0.05490740740740735,0.4102523655451413,0.15659940268145314,0.18263930661951863,1.2582613228231259,0.0017577948330836368,0.0018055555555556158,0.023156004893205993,0.7765872992430691,0.13107399090940655,0.10294360921534342,0.0,0.6871384180791844,0.5759254776285515,0.25853716886073036,0.30050907965059126,0.35466532765939945,calm,02,07,07,male,normal,726
0,0.0,True,1.0,0.44672428059923236,0.4901912415090481,0.4684577610541402,0.405645478131162,-0.05550925925925926,-0.049768518518518434,0.42087551230864123,0.08573519704278777,0.1883731408123746,1.1548452683667496,0.04346696090981572,0.005740740740740824,0.022555937854773948,0.6732921839914028,0.1277402342302043,0.10705237189984748,0.0,0.712393401412021,0.6366478222148233,0.2878090988460648,0.28741400319374677,0.38910217381478485,calm,02,07,07,male,normal,727
10,0.33366666666666667,True,1.0,0.4388786750713085,0.4663461865434222,0.45261243080736535,0.38279537469752356,-0.05657407407407411,-0.04939814814814808,0.4190375616800299,0.08592990666013471,0.187125477935715,1.1823874078024315,0.02746751147211368,0.00717592592592603,0.0254626107717126,0.7328563289760063,0.12529418319132593,0.10990516561430916,0.0,0.6734932984441532,0.6381346922831633,0.28811165205496225,0.2819482057023308,0.3846188874074133,calm,02,07,07,male,normal,727
20,0.6673333333333333,True,1.0,0.410067130492097,0.4284875105500507,0.4192773205210738,0.41978102558756025,-0.0556018518518519,-0.049166666666666636,0.4174175292984276,0.11689250903291651,0.1843297576792548,0.9988000766214209,0.01842038005795371,0.006435185185185266,0.029268819566725487,0.6434495622412163,0.1255484478475156,0.10961462043711769,0.0,0.6696984884283166,0.6387561572597789,0.28792206624656064,0.28201878805542324,0.38395370660380257,calm,02,07,07,male,normal,727
30,1.0010000000000001,True,1.0,0.44214233962959026,0.45798940515353687,0.4500658723915636,0.8259520210631917,-0.07060185185185175,-0.06087962962962962,0.3914411378584053,0.2358359340925244,0.20021960599551686,0.5449055888406502,0.015847065523946602,0.009722222222222132,0.024221347865373142,0.3625115747366397,0.12381270274685081,0.1115714677181184,0.0,0.78940864749171,0.6421303466308399,0.290701197814619,0.295151124354383,0.40873226001448176,calm,02,07,07,male,normal,727
40,1.3346666666666667,True,1.0,0.4275853681387004,0.4439457432663754,0.43576555570253794,0.7816323583552198,-0.06856481481481475,-0.060416666666666674,0.38118802686113684,0.2626790328840865,0.19538309391662007,0.5575070569231736,0.01636037512767502,0.008148148148148071,0.02062753399895608,0.38159159339419424,0.12472865432977406,0.11054655381064513,0.0,0.8062336557985403,0.6421735631440076,0.2903575930520491,0.28733810916961383,0.39058217822413216,calm,02,07,07,male,normal,727
50,1.6683333333333334,True,1.0,0.47620634821891195,0.4513644303795954,0.46378538929925367,0.8849398214542504,-0.06754629629629627,-0.06041666666666662,0.4009227778984206,0.24347690304615574,0.19873553263911464,0.5240869243934576,0.024841917839316552,0.007129629629629652,0.012456406551052965,0.33677547087985094,0.123429590241547,0.11199515178352867,0.0,0.7001512979869823,0.6384477945553221,0.29286326663753504,0.2946970245865108,0.41174553882521026,calm,02,07,07,male,normal,727
60,2.0020000000000002,True,1.0,0.47455038471548955,0.4680006732119928,0.47127552896374114,0.886288714131006,-0.06722222222222218,-0.06,0.3919786955557857,0.2736693586152103,0.19878044349622462,0.5317404153406381,0.006549711503496758,0.0072222222222221855,0.012380294410117986,0.33214151877460857,0.12449908115449818,0.1108050385226609,0.0,0.7807599691391528,0.6365120856233119,0.29188882835595514,0.2925867307915425,0.4023491474373425,calm,02,07,07,male,normal,727
70,2.3356666666666666,True,1.0,0.468806507170615,0.501180495672227,0.484993501421421,0.761155290202756,-0.065462962962963,-0.06041666666666662,0.3583092783361292,0.2296663451494271,0.19527997896688165,0.6371807536044699,0.032373988501611994,0.005046296296296382,0.018223267106748407,0.38604995497994443,0.12437796892069622,0.11094096906626445,0.0,0.8915009928169256,0.6373361568064726,0.2913641288075253,0.2849425624734314,0.388189009722652,calm,02,07,07,male,normal,727
80,2.6693333333333333,True,1.0,0.47322640937963933,0.49049407681727214,0.48186024309845576,0.5624414792658935,-0.060555555555555474,-0.05458333333333326,0.42276926314177987,0.12212388424121813,0.19247569968256215,0.8567295636292446,0.017267667437632805,0.005972222222222212,0.013315543960813346,0.5082361554884742,0.12322295100596938,0.11222246707038,0.0,0.9999999987499999,0.6386975839632728,0.29018000041607667,0.2865443765612346,0.39494290548751854,calm,02,07,07,male,normal,727
90,3.003,True,1.0,0.40911899062323215,0.4680006732119928,0.4385598319176125,0.32690993843697774,-0.05810185185185185,-0.05166666666666664,0.444499240221002,0.029094602656737033,0.18693783475525297,1.3415310467906096,0.05888168258876064,0.00643518518518521,0.01794628632356463,0.8530086531660974,0.12508179102384048,0.11014682621206899,0.0,0.7132464153727086,0.6335634879107894,0.2890610077375182,0.2881914217881914,0.38895943873229183,calm,02,07,07,male,normal,727
100,3.336666666666667,True,1.0,0.41101527036096197,0.4216542022022869,0.41633473628162443,0.33789441676228316,-0.05810185185185185,-0.05124999999999991,0.44531123481822094,0.04646648102010974,0.1883731408123746,1.2321444677037263,0.010638931841324917,0.006851851851851942,0.014260138250035867,0.8112956749740877,0.1252830570005823,0.1097443823224746,0.0,0.7071067807446058,0.6346678236528986,0.28878163342923613,0.28815078302047703,0.3882575529152673,calm,02,07,07,male,normal,727
0,0.0,True,1.0,0.4762063482189098,0.5139202433285628,0.4950632957737363,0.45677801697434567,-0.05236111111111119,-0.049398148148148135,0.3983156040194059,0.11087454315598126,0.1896090870785938,1.083815939858465,0.037713895109653006,0.002962962962963056,0.0017837640034099197,0.611066673597117,0.12402995044695508,0.11132991135547622,0.0,0.8120060299881069,0.6324964589116897,0.291226383360458,0.28237264651382604,0.380059949934637,calm,02,07,07,male,strong,728
10,0.33366666666666667,True,1.0,0.32197754798947686,0.3165298837248806,0.31925371585717877,0.5036581180094513,-0.0559722222222222,-0.055601851851851736,0.3901943769359083,0.1457319200455087,0.18680718920315206,0.6338698899938865,0.0054476642645962525,0.0003703703703704653,0.020859589536751964,0.562868622406044,0.12630942974047998,0.10873686462853306,0.0,0.7112997738716218,0.6302009532563024,0.2893413614738303,0.28517268677906954,0.37344995254710817,calm,02,07,07,male,strong,728
20,0.6673333333333333,True,1.0,0.3921254230574248,0.41094090508653996,0.40153316407198236,0.7722265897864071,-0.056111111111111056,-0.05712962962962953,0.38694137535640094,0.2861353258386517,0.17504359111107873,0.5199680629788257,0.01881548202911515,0.0010185185185184742,0.03078821450514472,0.36998762991742135,0.13070419992222898,0.10341271630446555,0.0,0.9999999987499999,0.570791932421406,0.26293743224554356,0.3015614167327651,0.3523530080946523,calm,02,07,07,male,strong,728
30,1.0010000000000001,True,1.0,0.4469088502924849,0.44816863542983126,0.4475387428611581,0.8634146644331169,-0.054768518518518494,-0.05625000000000002,0.40431337922536253,0.279101414744372,0.1743410058381891,0.5183358139451962,0.0012597851373463698,0.001481481481481528,0.038763140175527754,0.34171965473732446,0.12984203253747142,0.10449317852113102,0.0,0.8072424186910265,0.5731960772824755,0.2624400471609631,0.30736589346079063,0.3686920258517812,calm,02,07,07,male,strong,728
40,1.3346666666666667,True,1.0,0.42026343536995886,0.4224635142057149,0.42136347478783687,0.775859177448179,-0.05296296296296299,-0.056157407407407434,0.4039175043438029,0.27316836403559946,0.17440401077074313,0.5430927248598286,0.002200078835756014,0.003194444444444444,0.041553217778368935,0.3742383282916556,0.13066987397820487,0.10345608636268579,0.0,0.9999999987499999,0.5750436526641907,0.26303021177804675,0.31172765504869443,0.36242402659971157,calm,02,07,07,male,strong,728
50,1.6683333333333334,True,1.0,0.39490835757602716,0.40047955267560625,0.39769395512581673,1.0014294621618185,-0.05398148148148152,-0.05685185185185182,0.3738637759692287,0.3854074085765351,0.17434932029289177,0.39712627813775503,0.005571195099579096,0.002870370370370301,0.04131833110558552,0.30652354153246386,0.13070605447135306,0.1034103722819382,0.0,0.9999999987499999,0.5652099252279037,0.26272915573451666,0.3119253762302974,0.36902022750114505,calm,02,07,07,male,strong,728
60,2.0020000000000002,True,1.0,0.41925362341021455,0.45599377688845405,0.43762370014933427,0.9272448149759637,-0.054814814814814816,-0.05712962962962964,0.39319475896955974,0.32171464996080323,0.17505274386528655,0.47196133435448595,0.0367401534782395,0.002314814814814825,0.039716665082280195,0.33050786174041213,0.12965809463281644,0.10453923818252193,0.0,0.68298433852941,0.5712101741165216,0.2607903310127571,0.3154686989147279,0.3820940776711777,calm,02,07,07,male,strong,728
70,2.3356666666666666,True,1.0,0.412708746322693,0.4112238137180151,0.41196628002035407,1.0315096668469121,-0.05805555555555547,-0.05708333333333332,0.3801977006379091,0.4151059305237293,0.17501089879566256,0.3993818897302633,0.0014849326046779132,0.0009722222222221522,0.029005806140526256,0.29323475891314765,0.1316887299972778,0.1021560383087026,0.0,0.682301744798168,0.5694665194124525,0.26320544944225477,0.313290970237064,0.366420491962523,calm,02,07,07,male,strong,728
80,2.6693333333333333,True,1.0,0.39406319848093085,0.3878203276951573,0.39094176308804407,0.7606618629583194,-0.05689814814814814,-0.05773148148148144,0.3701730356868299,0.3248571986321882,0.17641008171331204,0.5139494723287656,0.006242870785773569,0.0008333333333332971,0.029959809203315552,0.3888784398989031,0.13192027987835198,0.10091728192043198,0.0,0.9999999987499999,0.5735819772127602,0.25972294429540493,0.31260877970526096,0.35671523916087305,calm,02,07,07,male,strong,728
90,3.003,True,1.0,0.41290173674956576,0.41094090508654063,0.4119213209180532,0.8250156759088693,-0.056574074074074054,-0.05833333333333324,0.39539625539172985,0.32866640989613405,0.1750353096353437,0.4992890837671232,0.001960831663025131,0.0017592592592591827,0.034464834589166396,0.37040379364943127,0.12262155439922724,0.11287928138829291,0.0,0.8020076178940322,0.6362703143366721,0.29175224872407735,0.28791833137794054,0.4041465595793289,calm,02,07,07,male,strong,728
100,3.336666666666667,True,1.0,0.386159425476633,0.4032792410186987,0.39471933324766584,0.6057498652513135,-0.05601851851851852,-0.05861111111111106,0.41192875293212355,0.21621105926313913,0.17225810125013313,0.6516210004997768,0.01711981554206571,0.0025925925925925353,0.03885320141899373,0.4721498551006565,0.13144344115983614,0.10247145723174794,0.0,0.8328756537271689,0.5736300246035915,0.263156725180236,0.31353947625905954,0.3603502134461481,calm,02,07,07,male,strong,728
110,3.6703333333333332,True,1.0,0.2333621503426448,0.23412296488247458,0.2337425576125597,0.3940814445098478,-0.06782407407407404,-0.06995370370370363,0.42711410475123834,0.16696790539490616,0.17152955693100014,0.593132614765166,0.0007608145398297905,0.0021296296296295925,0.03356174525677824,0.7207163187459901,0.1312155649261575,0.10276309304509253,0.0,0.671258033946525,0.5699463159717012,0.25887076194033937,0.3038740033130714,0.34346650069134305,calm,02,07,07,male,strong,728
0,0.0,True,1.0,0.3728889898221725,0.3585272032078359,0.3657080965150042,0.3350321727272021,-0.061111111111111116,-0.0532407407407407,0.4423702168159524,0.15253004959966754,0.168685173626517,1.0915611284077478,0.014361786614336625,0.007870370370370416,0.06958043205795943,0.8348769413187808,0.1278592003643804,0.10691025513458156,0.0,0.6769949186738382,0.6283933791876126,0.29251306275581934,0.28826701486502065,0.37461013945960836,calm,02,07,07,male,strong,729
10,0.33366666666666667,True,1.0,0.39032929455297116,0.38889723784845903,0.3896132662007151,0.35318378651626,-0.0616666666666667,-0.05361111111111111,0.43485604604856143,0.17871665762255878,0.1659295630687118,1.1031459570774436,0.0014320567045121302,0.008055555555555594,0.06703793669609638,0.8142857930626761,0.12398283815550548,0.11138237568391157,0.0,0.9999999987499999,0.6336623297365822,0.29319413875425765,0.2848575555074359,0.3779550211998075,calm,02,07,07,male,strong,729
20,0.6673333333333333,True,1.0,0.3820381175233209,0.3721150670456779,0.3770765922844994,0.3583683967486859,-0.062268518518518556,-0.053518518518518576,0.4254180361159327,0.16437415392557914,0.1665212943842633,1.0522038095589468,0.00992305047764297,0.00874999999999998,0.06800416478596255,0.7997510094703534,0.12492838443095128,0.11032078921890065,0.0,0.7071067807446058,0.6352009098248675,0.29174614355858086,0.2869484528169565,0.381209072978893,calm,02,07,07,male,strong,729
30,1.0010000000000001,True,1.0,0.3902195862526758,0.403880229451246,0.3970499078519609,0.8748627559669644,-0.062268518518518556,-0.05458333333333337,0.40456630057797605,0.31916258859425356,0.16923223941259546,0.4538425086036625,0.013660643198570244,0.007685185185185184,0.06657000348174436,0.3400245034734766,0.1251834179770666,0.11003131206197972,0.0,0.6532593068505537,0.6254899271271009,0.29732063907307865,0.29646197334295843,0.40119021859286536,calm,02,07,07,male,strong,729
40,1.3346666666666667,True,1.0,0.40625086572998603,0.3867328415159022,0.39649185362294415,0.6767119696425048,-0.0627314814814815,-0.053657407407407376,0.41044092343608995,0.24453450045573166,0.17588061427717275,0.5859093253994072,0.01951802421408383,0.009074074074074123,0.05697597296666734,0.43056047086769184,0.12368727148906718,0.1117105037213778,0.0,0.8168427006202522,0.6252503940404287,0.2977640156800996,0.28980371743276523,0.3911180631028069,calm,02,07,07,male,strong,729
50,1.6683333333333334,True,1.0,0.38612781312022604,0.3901462933048306,0.38813705321252834,0.8950820941883514,-0.06768518518518518,-0.0587037037037037,0.3888503779611316,0.3818354767338103,0.17466305112022174,0.43363291002317045,0.004018480184604545,0.00898148148148148,0.06285872075382869,0.3350706871363915,0.12422311109245503,0.11094274421197615,0.0,0.7071067807446058,0.62171160524366,0.3005184437731529,0.2915681613973289,0.392322072516814,calm,02,07,07,male,strong,729
60,2.0020000000000002,True,1.0,0.39746995239005073,0.41831629906934725,0.407893125729699,0.5871556091714679,-0.06680555555555562,-0.057731481481481495,0.36102260568836575,0.3325483096192383,0.17811476769160686,0.6946933987487146,0.020846346679296524,0.009074074074074123,0.06390548823237528,0.5138165514997766,0.1337851125879877,0.0993947756233429,0.0,0.6729425326657097,0.5682370810433548,0.256561803664668,0.2999175360790145,0.33503658392373675,calm,02,07,07,male,strong,729
70,2.3356666666666666,True,1.0,0.40091792311202135,0.39315024915727353,0.3970340861346474,0.7273702913762603,-0.06787037037037036,-0.057268518518518496,0.39127817878572957,0.3101001868749714,0.17631386323582335,0.5458486424891201,0.007767673954747811,0.010601851851851862,0.07375368593921479,0.4063308321336574,0.13202214539368565,0.10172478015191,0.0,0.6228624837285055,0.5671017340686275,0.25871189587550913,0.30421510093838033,0.3473404697126292,calm,02,07,07,male,strong,729
80,2.6693333333333333,True,1.0,0.3971760637132456,0.4078469040605538,0.4025114838868997,0.7135034492492002,-0.06625000000000003,-0.055833333333333346,0.36448621040568424,0.3125131566688647,0.17508319041329207,0.5641339005585065,0.010670840347308197,0.010416666666666685,0.07053048951271276,0.42461228059629363,0.13339817361936465,0.09991348781010304,0.0,0.6383832229381337,0.5666894012526886,0.25969468429344517,0.3021986292825012,0.3372287628545074,calm,02,07,07,male,strong,729
90,3.003,True,1.0,0.37792768938478793,0.39315024915727353,0.3855389692710307,0.6490171547374485,-0.06495370370370374,-0.054768518518518605,0.41292077990626935,0.2262924747096715,0.1759267070076243,0.5940350982355705,0.0152225597724856,0.01018518518518513,0.07926816029570793,0.45430516242648333,0.13269375711308123,0.10084713478564909,0.0,0.7038474544369412,0.5680033604457408,0.2588142352429823,0.3067219662659217,0.3505963501469527,calm,02,07,07,male,strong,729
100,3.336666666666667,True,1.0,0.3291582231687034,0.3150952541917606,0.322126738680232,0.3280127124008908,-0.06277777777777777,-0.052222222222222225,0.4402056888253367,0.12338196898149792,0.17465908206847341,0.9820556536434933,0.014062968976942813,0.01055555555555554,0.08966102530246267,0.8772587034567056,0.12481916605192447,0.11044434596899902,0.0,0.7197173482983562,0.6248738910720537,0.29326398182516894,0.2893105161850898,0.3760045892792302,calm,02,07,07,male,strong,729
110,3.6703333333333332,True,1.0,0.33018715182686137,0.3215680778655385,0.3258776148461999,0.32234128482697294,-0.062407407407407356,-0.0503703703703704,0.4395754838208085,0.1095993248702387,0.17095099638218691,1.0109707635530623,0.008619073961322887,0.012037037037036957,0.10722912428239281,0.8687769000284967,0.12470709202049414,0.11057087758606791,0.0,0.7221978624349471,0.6318205528695854,0.28685119348884014,0.28965915723494157,0.37756054763684094,calm,02,07,07,male,strong,729
0,0.0,True,1.0,0.3193215379929169,0.30370322540959477,0.31151238170125584,0.35105641868445014,-0.07027777777777772,-0.06037037037037041,0.43211972202633453,0.23494345778352277,0.1546854784208219,0.8873570318657561,0.015618312583322136,0.00990740740740731,0.08376045275488304,0.745085046887418,0.12988860970066804,0.10443527584598182,0.0,0.6597611130254603,0.5604434184298719,0.2560587053075332,0.30672224304512175,0.3452139144510328,calm,02,07,07,male,strong,730
10,0.33366666666666667,True,1.0,0.3330557304781944,0.3313512355254011,0.33220348300179775,0.3552421481112294,-0.06768518518518518,-0.061481481481481415,0.4320859987979361,0.246554924615462,0.15849032881909847,0.9351465887932362,0.001704494952793345,0.006203703703703767,0.04251012923898193,0.7436251898061922,0.13228480836567594,0.10138297316051303,0.0,0.6178186537106257,0.5562640682210385,0.25863885340848664,0.31326795251193745,0.3518218225556056,calm,02,07,07,male,strong,730
20,0.6673333333333333,True,1.0,0.35555555555555557,0.35209614378961024,0.3538258496725829,0.35823799313874416,-0.0683333333333333,-0.06305555555555553,0.4339046627554613,0.23778267136248438,0.1629800601300662,0.9876837645624805,0.0034594117659453305,0.00527777777777777,0.025548511586780367,0.7400612494238484,0.12401289423074244,0.11134891034341457,0.0,0.7071067807446058,0.6339843703262555,0.2928211033422058,0.2842038934271335,0.3901898369888082,calm,02,07,07,male,strong,730
30,1.0010000000000001,True,1.0,0.4451889760756783,0.42708247727009874,0.4361357266728885,1.4226229205318173,-0.07425925925925925,-0.06805555555555559,0.3219986931403253,0.7831792665831502,0.17395530117672348,0.30657155903958616,0.018106498805579574,0.006203703703703656,0.021509060366688496,0.2148704750294843,0.12393275042497624,0.11143810453543555,0.0,0.9999999987499999,0.6272707459311849,0.2972762253152031,0.2935929705210586,0.4096482443944643,calm,02,07,07,male,strong,730
40,1.3346666666666667,True,1.0,0.3976311751670869,0.3735114513930309,0.3855713132800589,0.7634334077866156,-0.07041666666666668,-0.06513888888888891,0.38444626461355846,0.3543090265844209,0.17469904349793494,0.5050490446808276,0.024119723774056023,0.00527777777777777,0.029213230968807225,0.3877713454431303,0.12498791850398935,0.11025333554344274,0.0,0.6867680623958994,0.6322908827828005,0.29499041724212066,0.29171020658753183,0.39672921932719535,calm,02,07,07,male,strong,730
50,1.6683333333333334,True,1.0,0.3889195598292401,0.38952824298377775,0.3892239014065089,0.7929845892465952,-0.06837962962962962,-0.06194444444444441,0.39582954335629283,0.3439672358342359,0.17201147276351464,0.49083413055517977,0.0006086831545376592,0.00643518518518521,0.044454789586173354,0.3715484511895908,0.12006155391516589,0.11559844739950453,0.0,0.8164584996036404,0.6375388312043567,0.2971525192494787,0.29074381915303965,0.40454102598875,calm,02,07,07,male,strong,730
60,2.0020000000000002,True,1.0,0.374257290913297,0.3868202870439272,0.3805387889786121,0.6394944868924551,-0.0710648148148148,-0.06333333333333335,0.37503406507629305,0.3855484474382927,0.17254953216216704,0.5950618758697883,0.012562996130630166,0.00773148148148145,0.05794281591368616,0.4582029225992753,0.12538404532741385,0.10980263634211185,0.0,0.6754301982941218,0.6283749820631378,0.29713019904033094,0.2857916191947471,0.3831230900281037,calm,02,07,07,male,strong,730
70,2.3356666666666666,True,1.0,0.38070905666182464,0.37014384434455005,0.37542645050318735,1.1945954557394505,-0.08055555555555555,-0.07069444444444445,0.3857777216527793,0.5246963562753026,0.17562840577213726,0.31427078405450626,0.010565212317274586,0.009861111111111098,0.06572338547775552,0.24401490806968096,0.13079441600408934,0.10329858911545792,0.0,0.6156007228634535,0.5631568905296493,0.2695652815368925,0.3274056167583228,0.3773525948870063,calm,02,07,07,male,strong,730
80,2.6693333333333333,True,1.0,0.3459785621807034,0.3127100830669176,0.3293443226238105,0.7724590720311034,-0.08027777777777778,-0.07171296296296298,0.39291658008283875,0.37906358800972867,0.18041001412442007,0.42635828168582807,0.033268479113785776,0.008564814814814803,0.04742946910944174,0.3900210657213703,0.12066937549582822,0.1144655744957072,0.0,0.7071067807446058,0.6384941385851215,0.2978120416543442,0.2929905836546799,0.39944636737342626,calm,02,07,07,male,strong,730
90,3.003,True,1.0,0.23938218735819317,0.20328883876153306,0.2213355130598631,0.8886701603040161,-0.08472222222222209,-0.07518518518518524,0.33614595829074745,0.4884351945519189,0.17539639797924397,0.2490637392214719,0.03609334859666011,0.009537037037036844,0.061756166758648125,0.3299120783369118,0.12432311385438241,0.11100243750373914,0.0,0.8412172973080367,0.6305769237929547,0.2936271564909335,0.2887835504469813,0.38171743919512985,calm,02,07,07,male,strong,730
100,3.336666666666667,True,1.0,0.3506769552471941,0.3478445625524202,0.3492607588998071,0.8356014961301609,-0.07370370370370372,-0.06527777777777771,0.38402414545667063,0.3839266616551667,0.17174561979449632,0.4179752675375812,0.002832392694773922,0.008425925925926003,0.07843633987400314,0.34447374344216036,0.13203781656565516,0.10170443828942057,0.0,0.6889130914424328,0.5672411475605869,0.26145418462079983,0.3210955390765076,0.36356485636550284,calm,02,07,07,male,strong,730
110,3.6703333333333332,True,1.0,0.2966524725727826,0.31463763764004055,0.3056450551064116,0.4128475330308096,-0.06953703703703706,-0.060416666666666674,0.4116604149669025,0.23820260495754791,0.16409972112317706,0.740333974779019,0.017985165067257947,0.00912037037037039,0.0910519903398523,0.6736374293459847,0.12309973440444036,0.11235761282493827,0.0,0.7395151851036523,0.6279894375562726,0.2957727011216528,0.2798163668772737,0.36893353840420506,calm,02,07,07,male,strong,730
120,4.0040000000000004,True,1.0,0.2915781179348615,0.2962673167306713,0.2939227173327664,0.318931632391376,-0.07046296296296295,-0.062037037037037,0.4381518226187487,0.19378095351086888,0.16628464609288063,0.9215853414379419,0.0046891987958098125,0.008425925925925948,0.10000911702123368,0.8595334474623789,0.12472276052442062,0.11055320338031834,0.0,0.7071067807446058,0.6253300672690951,0.2928284072944791,0.28816077382107474,0.3738794581904113,calm,02,07,07,male,strong,730
0,0.0,True,1.0,0.517491220751367,0.5048379102590687,0.5111645655052178,0.7278494627458847,-0.05768518518518523,-0.056203703703703756,0.4100558904587213,0.13401881363219223,0.2014131331192215,0.702294350231157,0.012653310492298342,0.0014814814814814725,0.02422016761150908,0.3862953001505797,0.12542524221235493,0.10975557565155643,0.0,0.6694593090605218,0.6275472912680697,0.2966682484437689,0.2880215556201379,0.38243317630150786,calm,02,07,07,male,strong,731
10,0.33366666666666667,True,1.0,0.4847657061139567,0.44444512877006476,0.4646054174420107,0.7340559132228084,-0.0622685185185185,-0.05833333333333324,0.404776878304541,0.18029443482665497,0.19312233139743268,0.6329291939114028,0.04032057734389194,0.003935185185185264,0.01286349353236789,0.3947368421052636,0.11970923781409304,0.11546932193897709,0.0,0.9999999987499999,0.6336735871145334,0.295339176590053,0.2786844996414246,0.3845526403224458,calm,02,07,07,male,strong,731
20,0.6673333333333333,True,1.0,0.3168223659139102,0.2851401293225189,0.30098124761821454,0.7342385932505991,-0.0754629629629629,-0.07259259259259254,0.4046376873588328,0.19966137184884733,0.1897442368927915,0.40992294655299905,0.0316822365913913,0.0028703703703703565,0.00697521322470288,0.3947368421052629,0.12814981650162366,0.10656173000236639,0.0,0.9999999987499999,0.5861184049166541,0.26557880853419147,0.2848894405554177,0.3439193287180379,calm,02,07,07,male,strong,731
30,1.0010000000000001,True,1.0,0.37271690264492746,0.37094286407379296,0.3718298833593602,0.8863669959327812,-0.06754629629629627,-0.061990740740740735,0.3887631072521267,0.25127811666180777,0.19538309391661998,0.41949879120675015,0.0017740385711345064,0.005555555555555536,0.0050699357529168975,0.3386854120416868,0.12348014961278313,0.11193940513494945,0.0,0.6916179150195276,0.6339146985356643,0.2931952034599867,0.2934304891012132,0.4066639566912161,calm,02,07,07,male,strong,731
40,1.3346666666666667,True,1.0,0.4431566566947283,0.4280818178562118,0.43561923727547003,0.7084546224990876,-0.0643055555555555,-0.05884259259259256,0.39270991419204826,0.2032534950645752,0.196831898696633,0.6148865762761412,0.015074838838516513,0.005462962962962947,0.01692097578308108,0.4284771009630717,0.12221788862366152,0.11331621892092322,0.0,0.6921832368176809,0.6368445800976642,0.29196956491870657,0.2867910764399707,0.3881643780776826,calm,02,07,07,male,strong,731
50,1.6683333333333334,True,1.0,0.44097783502015436,0.41922152390314077,0.43009967946164757,0.7086970123483484,-0.062129629629629646,-0.057499999999999996,0.4025665690725864,0.1544230319811861,0.1961607016210436,0.6068879534802373,0.021756311117013594,0.00462962962962965,0.027791448385534098,0.4222991911951954,0.12152747459749073,0.11405634873966551,0.0,0.9999999987499999,0.6345879981211234,0.2945781095860397,0.28927002899855236,0.38795258611817124,calm,02,07,07,male,strong,731
60,2.0020000000000002,True,1.0,0.48025456659411986,0.4931408554551148,0.48669771102461734,0.9017955029707834,-0.06449074074074068,-0.05736111111111114,0.3909359471194987,0.2541720531220639,0.1937187336707651,0.5396985341147632,0.012886288860994966,0.007129629629629541,0.04230674868327656,0.3252140606220174,0.12436289618014505,0.11095786508460785,0.0,0.6916673145449701,0.6330141837359945,0.29568961835989616,0.2996272019197541,0.40780980792574173,calm,02,07,07,male,strong,731
70,2.3356666666666666,True,1.0,0.44530224332338253,0.45570152562437544,0.45050188447387896,1.1725760093456212,-0.06574074074074071,-0.05597222222222231,0.383446122991067,0.356798720770277,0.19410407414982944,0.3841984492973639,0.010399282300992907,0.009768518518518399,0.03410976046890731,0.25424179242926687,0.1219462864272495,0.1136084547760207,0.0,0.7192685558105758,0.628145747205132,0.2967540202737004,0.2918998111779106,0.39468328984511336,calm,02,07,07,male,strong,731
80,2.6693333333333333,True,1.0,0.430249213778369,0.45599377688845355,0.4431214953334113,0.7147638861881083,-0.06648148148148147,-0.058611111111111114,0.38768966758613393,0.21782178217821818,0.19010416666666666,0.6199550703332437,0.02574456311008455,0.007870370370370361,0.04207706799620803,0.42207923401639164,0.13138093121934397,0.1025515903483844,0.0,0.6920169655392028,0.5820826908106993,0.2639217067863192,0.3019875036006418,0.34907731207597403,calm,02,07,07,male,strong,731
90,3.003,True,1.0,0.4569757213277027,0.44916859518036534,0.453072158254034,0.8454233486416634,-0.06592592592592589,-0.055972222222222257,0.34388284640172445,0.28070283135502444,0.19119935987353462,0.5359115749310477,0.007807126147337362,0.009953703703703631,0.05506764244372717,0.3549623841718168,0.13259578798942173,0.10097591187322166,0.0,0.6788880115236914,0.5732974547944177,0.26322710901704344,0.3018870886399864,0.3380200064344413,calm,02,07,07,male,strong,731
100,3.336666666666667,True,1.0,0.43525147754461146,0.4330225142106501,0.43413699587763077,0.7972922977232865,-0.06476851851851856,-0.05444444444444446,0.3864219159617745,0.23406551779925142,0.18822187448244526,0.5445142228481746,0.002228963333961387,0.010324074074074097,0.06373747641885606,0.36209509676028184,0.1293835809165668,0.10506030058997527,0.0,0.7794925236076207,0.5878254360494197,0.2605138255928826,0.30004004302402376,0.3569921870581028,calm,02,07,07,male,strong,731
110,3.6703333333333332,True,1.0,0.43078223241332786,0.42672505425269863,0.42875364333301325,0.33238176738758335,-0.06444444444444442,-0.054907407407407405,0.4301624461096407,0.10513242923293023,0.18561457605853499,1.2899433284288806,0.004057178160629227,0.00953703703703701,0.0637043253141717,0.8470319657713787,0.1233844535549137,0.11204487668408518,0.0,0.7071067807446058,0.6362438146274135,0.2891710258482796,0.28236243084174517,0.3790943060051072,calm,02,07,07,male,strong,731
120,4.0040000000000004,True,1.0,0.2602936633782494,0.2622283621931908,0.2612610127857201,0.33838054746407176,-0.0750925925925926,-0.0648611111111112,0.43377644436286983,0.08018363032231278,0.18758108136286653,0.7720922929633242,0.0019346988149414046,0.010231481481481397,0.0673823682214283,0.8083788332105039,0.13145498314234327,0.10245665023868887,0.0,0.6742937558657008,0.5724504143923195,0.2616268085023227,0.29889205963431037,0.3340576616065293,calm,02,07,07,male,strong,731
0,0.0,True,1.0,0.35658273035520505,0.38701837686891205,0.37180055361205855,0.36274425064114696,-0.05129629629629623,-0.03865740740740742,0.4573720727410188,0.055254469463348284,0.17121216381360374,1.0249660827288225,0.030435646513707004,0.01263888888888881,0.09063789820282697,0.8291339255033683,0.1248360841532607,0.11042522295032244,0.0,0.7056228636065421,0.6330525782891281,0.29131436506658726,0.28691946498887433,0.37862346756668414,happy,03,07,07,male,normal,732
10,0.33366666666666667,True,1.0,0.3457132097308168,0.36347192572882425,0.3545925677298205,0.32273299472532857,-0.04898148148148146,-0.037453703703703656,0.45586539096104195,0.0669128149044189,0.17203669792816814,1.0987180533914946,0.017758715998007435,0.011527777777777803,0.08608301048154193,0.9283245834348762,0.12496718353986797,0.11027683713501342,0.0,0.8415703280403593,0.6368597677430348,0.2894408346939278,0.2915767921311935,0.3818334948493552,happy,03,07,07,male,normal,732
20,0.6673333333333333,True,1.0,0.3646402827345867,0.3724370140908041,0.3685386484126954,0.39470631402290884,-0.05254629629629631,-0.04129629629629633,0.45932161972198493,0.08279223663376144,0.16996811511648302,0.9337034532244786,0.00779673135621739,0.011249999999999982,0.08727872514479962,0.7319993715215689,0.1298250808170941,0.10451423903865098,0.0,0.675100139034226,0.5737349143016581,0.2581911172865251,0.307194230901502,0.3384506000383824,happy,03,07,07,male,normal,732
30,1.0010000000000001,True,1.0,0.2693569323016139,0.2718444921119947,0.27060071220680426,0.8785590413356326,-0.060601851851851796,-0.047175925925925954,0.4444134813609195,0.18410954315622904,0.17827318887922394,0.30800515329672384,0.0024875598103807905,0.013425925925925841,0.0675566469742712,0.3449277749770931,0.12069072611915761,0.11494140419691402,0.0,0.8106549997565475,0.6274658279561824,0.29529712826745913,0.3061589745357617,0.41753465212318874,happy,03,07,07,male,normal,732
40,1.3346666666666667,True,1.0,0.2163902171063223,0.1961189248081339,0.2062545709572281,0.8166200801845963,-0.0809259259259259,-0.07189814814814816,0.4065885575571327,0.19103412794567942,0.20060942307130045,0.2525710253299238,0.020271292298188415,0.009027777777777746,0.05056624954336377,0.37164433310589445,0.12191394284931362,0.11364316217465438,0.0,0.7441195984606206,0.6318058928415116,0.2964977868029822,0.3068347052726589,0.40732349155384684,happy,03,07,07,male,normal,732
50,1.6683333333333334,True,1.0,0.3518170352962521,0.3313324205688124,0.34157472793253224,0.9334310476889895,-0.07944444444444443,-0.07004629629629627,0.4344471384442299,0.22708507230323222,0.20445942552014515,0.36593461164401053,0.020484614727439676,0.009398148148148155,0.03666443175526847,0.33036909358490235,0.11932728432805843,0.11635625030375352,0.0,0.6779818188231089,0.6335291901057298,0.29729540533749843,0.31082351397105784,0.42162234645575897,happy,03,07,07,male,normal,732
60,2.0020000000000002,True,1.0,0.3690336560305927,0.35224420486110763,0.36063893044585016,0.8610996053054408,-0.06643518518518526,-0.062222222222222234,0.4273339002889859,0.20294727037756932,0.19733398804732605,0.41881209586425006,0.016789451169485048,0.004212962962963029,0.0010415723068932156,0.3401662785515012,0.1213017812466505,0.11412953907221329,0.0,0.7051572247569495,0.6357165149575454,0.2975496145602334,0.303354092087076,0.40940157736147437,happy,03,07,07,male,normal,732
70,2.3356666666666666,True,1.0,0.3519164149322447,0.3715231403032744,0.36171977761775953,0.8211763863023452,-0.058750000000000024,-0.05592592592592582,0.40966316127063396,0.17321020407686352,0.18494058066540367,0.44048974574943456,0.0196067253710297,0.002824074074074201,0.0010467674270481057,0.3546600351557889,0.12388925413487092,0.11148645873033121,0.0,0.7024582510534425,0.6337041647752851,0.2947879153259542,0.3031778795128037,0.41958695781257677,happy,03,07,07,male,normal,732
80,2.6693333333333333,True,1.0,0.3859891905325866,0.4031476129563346,0.3945684017444606,0.7925928942874236,-0.05268518518518517,-0.049259259259259225,0.4378447805134147,0.1921367539679923,0.1743493202928917,0.49781975663457745,0.017158422423747988,0.0034259259259259434,0.013551245085164866,0.38350879908430696,0.12206368401838752,0.11348231057689809,0.0,0.8872615956937782,0.6362248047109469,0.29581832117494333,0.29459086274567214,0.4107317836617196,happy,03,07,07,male,normal,732
90,3.003,True,1.0,0.3954955180158352,0.38509924411794927,0.39029738106689227,0.7703451140844713,-0.051296296296296284,-0.04851851851851857,0.44212003659820526,0.18369080296452084,0.17433356625311971,0.5066526339051911,0.010396273897885944,0.0027777777777777124,0.018486578802308657,0.39806201811213554,0.12267494467841292,0.11282125561381642,0.0,0.7524114000620036,0.6307443214707759,0.2963889035936147,0.2947051913307397,0.41058572140899774,happy,03,07,07,male,normal,732
100,3.336666666666667,True,1.0,0.41149991978321293,0.3952578268822065,0.4033788733327097,0.787673327670966,-0.05231481481481487,-0.0496759259259259,0.43766860351307624,0.19685399755934133,0.1778052414767488,0.512114425056694,0.016242092901006422,0.0026388888888889683,0.020308423082252548,0.39191737102709273,0.12497864025511339,0.1102638528733576,0.0,0.7449554378790318,0.632627553888743,0.294651315252975,0.29797561907407516,0.41366244197430824,happy,03,07,07,male,normal,732
0,0.0,True,1.0,0.47620634821890995,0.47537684637286987,0.47579159729588993,0.7021501491757344,-0.048472222222222305,-0.04513888888888884,0.4013103427029965,0.15954620670499084,0.18691008021618244,0.6776208733337585,0.0008295018460400816,0.003333333333333466,0.0043486520999155105,0.40940911310411676,0.12689748678818183,0.10805001442576509,0.0,0.7696301705210228,0.6320316349899335,0.29112590389774096,0.28508761419185386,0.38188055801653886,happy,03,07,07,male,normal,733
10,0.33366666666666667,True,1.0,0.5076749620758982,0.5211806138342316,0.5144277879550649,0.7032440048758543,-0.04699074074074078,-0.04412037037037042,0.40303033998575477,0.15342703180722306,0.18685496707656823,0.731506823219742,0.013505651758333403,0.0028703703703703565,0.006088626055820868,0.40906951590625856,0.12552029742239718,0.10964685451641425,0.0,0.8547229125258258,0.6302505573479392,0.29137796057975557,0.2820507961001527,0.38395590262255624,happy,03,07,07,male,normal,733
20,0.6673333333333333,True,1.0,0.4458714567001759,0.43842905169701507,0.4421502541985955,0.7813446936364251,-0.046574074074074046,-0.044861111111111074,0.4339212705759968,0.13022411560607036,0.18890867939912034,0.5658837358206167,0.007442405003160846,0.0017129629629629717,0.010964254668144751,0.3838218997739666,0.12288405762066855,0.11259345519496523,0.0,0.6925000756714664,0.6338055618106617,0.2912903551271477,0.2950088083998077,0.40615267691360596,happy,03,07,07,male,normal,733
30,1.0010000000000001,True,1.0,0.45303826656928886,0.42287902985567577,0.4379586482124823,0.9653715572726533,-0.04999999999999993,-0.04782407407407402,0.4376591998172426,0.21779211739951945,0.18750651030364252,0.45366848123202796,0.03015923671361309,0.0021759259259259145,0.0075989835914804784,0.32926054589016585,0.1230502332011665,0.11241182268531308,0.0,0.7903384897825508,0.6332792136463959,0.2917751314798726,0.30316068538116686,0.41561940972750855,happy,03,07,07,male,normal,733
40,1.3346666666666667,True,1.0,0.3524663785013718,0.3337442481658525,0.34310531333361216,0.8814928679414822,-0.08263888888888898,-0.07800925925925928,0.4148701538429472,0.35258576365226607,0.20436425022962895,0.3892320922968479,0.018722130335519283,0.004629629629629706,0.001696797894467248,0.35384848687965925,0.12311136888181896,0.11217515177029252,0.0,0.7071067807446058,0.636143655313688,0.298116916235837,0.3029450429681133,0.40401454429362615,happy,03,07,07,male,normal,733
50,1.6683333333333334,True,1.0,0.3862062737482124,0.38255722892213206,0.3843817513351723,1.003692671682377,-0.08356481481481487,-0.07874999999999999,0.41983769395137094,0.37324568566741884,0.20534319748150656,0.38296757780534196,0.003649044826080361,0.004814814814814883,0.011653887652762563,0.3157174999937755,0.12042440194120833,0.11472327289850592,0.0,0.7071067807446058,0.6369961451611895,0.2994646691244807,0.30913815817144336,0.41573892236637844,happy,03,07,07,male,normal,733
60,2.0020000000000002,True,1.0,0.41229581429560397,0.40339494214841437,0.40784537822200917,0.9251487723285537,-0.08236111111111116,-0.07624999999999998,0.4109734285051618,0.33583170786874517,0.2106616315924037,0.44084301943727655,0.008900872147189598,0.006111111111111178,0.014300158815062025,0.33930765009483693,0.12331342265230628,0.11212304653466629,0.0,0.7071067807446058,0.6353390438362845,0.29790438274602915,0.3056482410477758,0.411456420080661,happy,03,07,07,male,normal,733
70,2.3356666666666666,True,1.0,0.39593027420878263,0.3948478093088888,0.3953890417588357,0.8565165606644624,-0.07976851851851852,-0.07634259259259263,0.3629899722984952,0.3338811126074472,0.21064316044617193,0.4616245148279487,0.0010824648998938313,0.003425925925925888,0.0008789544288690467,0.3543631371998268,0.12258992196018,0.11291363426943854,0.0,0.7421450797876781,0.635666153180022,0.300440050746579,0.30030892763871897,0.39827943089949663,happy,03,07,07,male,normal,733
80,2.6693333333333333,True,1.0,0.41296484328778577,0.40382950032964593,0.4083971718087158,0.8563090075333695,-0.07907407407407407,-0.07388888888888889,0.4146664952763552,0.2392546253354666,0.21125561860177333,0.47692733372631374,0.009135342958139836,0.005185185185185182,0.0042476222649237136,0.3642550933976352,0.12222711355454713,0.11330626850356319,0.0,0.7795701045557606,0.6408670713519784,0.2988567222333964,0.3082244430290666,0.4174111066542318,happy,03,07,07,male,normal,733
90,3.003,True,1.0,0.42004044842595695,0.40382950032964593,0.41193497437780147,0.8204987768899602,-0.07374999999999993,-0.07055555555555554,0.4289167898002897,0.18368728255387315,0.2098825904013784,0.5020543430170736,0.016210948096311018,0.0031944444444443887,0.004340777830678959,0.3780798904954905,0.12351885249779795,0.11189669721654849,0.0,0.7159767895111372,0.6405217672146984,0.2964619383480501,0.30806390754852236,0.41912666479319516,happy,03,07,07,male,normal,733
100,3.336666666666667,True,1.0,0.4358118885008319,0.4040404040404039,0.4199261462706179,0.8062608935339884,-0.06361111111111117,-0.05828703703703708,0.4324022992569674,0.18934227274792456,0.19889095009340105,0.5208315938901676,0.03177148446042799,0.005324074074074092,0.0009184669925158357,0.376208709535657,0.12370140604771064,0.11169485177111603,0.0,0.7424197015636844,0.6394359223220539,0.2982881368610534,0.30141127842337506,0.41526249560303174,happy,03,07,07,male,normal,733
0,0.0,True,1.0,0.4662164341804904,0.44586271248631504,0.4560395733334027,0.4120391410261182,-0.05717592592592585,-0.05245370370370378,0.4438512216233981,-0.029431367216151166,0.20977460082211377,1.106787020761446,0.020353721694175375,0.004722222222222072,0.01921967822144838,0.6756044157127838,0.1314069319294911,0.10251827160052317,0.0,0.6490069046652662,0.5836581273603191,0.2557774914242784,0.29981525162064093,0.34740405259521573,happy,03,07,07,male,normal,734
10,0.33366666666666667,True,1.0,0.4412451948867293,0.46066103337341663,0.450953114130073,0.4298537402760384,-0.05884259259259256,-0.053981481481481464,0.4485820809472654,-0.034848979015176536,0.21043443258590488,1.0490850070083961,0.01941583848668732,0.004861111111111094,0.01593128222161706,0.6390114175204235,0.12905990405351014,0.10545766418981971,0.0,0.7076409382194465,0.5873576300520208,0.25894911990518443,0.29737961731008034,0.3479733263322812,happy,03,07,07,male,normal,734
20,0.6673333333333333,True,1.0,0.2228262871411878,0.2186024576224652,0.2207143723818265,0.4153861152079275,-0.07162037037037028,-0.06916666666666665,0.4514911339629203,-0.0173056424240729,0.2138892455875566,0.5313474964644515,0.004223829518722605,0.0024537037037036247,0.015036870493234858,0.6879769619525682,0.12461276967355604,0.11067716749469697,0.0,0.6928449342085442,0.6341243226353042,0.29126428186723186,0.2868779691953206,0.38647884550129846,happy,03,07,07,male,normal,734
30,1.0010000000000001,True,1.0,0.43470377463341525,0.4177069893995773,0.42620538201649627,0.838657671388545,-0.06944444444444448,-0.06453703703703695,0.4289219630225822,0.10330946873768529,0.21529053571627516,0.5081994675024417,0.016996785233837963,0.004907407407407527,0.0027399649004778066,0.3517281167216318,0.12110673244583571,0.11450300051163653,0.0,0.9999999987499999,0.6404119809877076,0.29220119078174295,0.30266001993106595,0.4210719106194367,happy,03,07,07,male,normal,734
40,1.3346666666666667,True,1.0,0.1975362080580606,0.1975362080580602,0.19753620805806038,0.8046665161210382,-0.09074074074074073,-0.08703703703703702,0.4158908579063971,0.1760140022014144,0.2166951869875865,0.24548829123684687,4.163336342344337e-16,0.003703703703703709,0.005170185834645058,0.3606762263912201,0.1208367013191843,0.11478793222291032,0.0,0.9999999987499999,0.6334282827662315,0.29368561902174967,0.2966865916740131,0.39855384011751865,happy,03,07,07,male,normal,734
50,1.6683333333333334,True,1.0,0.214424847818858,0.2147962729950112,0.2146105604069346,0.4885741585853488,-0.0803240740740741,-0.07976851851851846,0.4091301192109475,0.13498596623515505,0.21532065562714583,0.4392589264817705,0.00037142517615318393,0.0005555555555556424,0.005430536622105717,0.6238659944438236,0.12441990649172448,0.11089393418464268,0.0,0.7665027429004648,0.6356396872420844,0.2934116181200241,0.29041481945384745,0.3843820635485188,happy,03,07,07,male,normal,734
60,2.0020000000000002,True,1.0,0.36878865360046426,0.3711746664712512,0.36998166003585775,0.7927754519699356,-0.06814814814814812,-0.06560185185185174,0.42327770702736395,0.11765942973401573,0.2084797662460982,0.4666916200754013,0.0023860128707869355,0.0025462962962963798,0.004218659131463372,0.3791609022550145,0.122281107774402,0.11324799535327636,0.0,0.7234346348489733,0.6358933384134905,0.29498764809134,0.30252199630792015,0.4128751850648964,happy,03,07,07,male,normal,734
70,2.3356666666666666,True,1.0,0.3927539400490998,0.4199826803428317,0.40636831019596575,0.9761323937919487,-0.06351851851851847,-0.05819444444444449,0.418791704791466,0.20014903115789198,0.19607667346241126,0.4163045021150875,0.0272287402937319,0.005324074074073981,0.010628784506306558,0.305189904155023,0.12684729785449567,0.10810893024010403,0.0,0.7899628040583534,0.5746313603879052,0.26766142764179,0.3183641978203564,0.3821432348310899,happy,03,07,07,male,normal,734
80,2.6693333333333333,True,1.0,0.4182907895485242,0.42790288186926395,0.4230968357088941,0.9027820576539081,-0.060555555555555474,-0.05550925925925926,0.4458944725689457,0.1662837411145167,0.19734751940380224,0.4686588885122628,0.009612092320739729,0.0050462962962962155,0.006244653168505951,0.34143864150689757,0.12831263724956177,0.10618635008987877,0.0,0.7071067807446058,0.5703678273731368,0.2672048523692877,0.32026744000294,0.3816358961275433,happy,03,07,07,male,normal,734
90,3.003,True,1.0,0.3946440019376979,0.3934095224942568,0.3940267622159773,0.8646644890081803,-0.05731481481481476,-0.053888888888888875,0.4506772911587577,0.1717433273948879,0.19655922022996586,0.45569902225075604,0.0012344794434410722,0.003425925925925888,0.010230794897067488,0.36214678327971117,0.12233603335070438,0.11318865982992603,0.0,0.7221683839813435,0.6416506189507052,0.29087159050184186,0.2976489864658753,0.41484714698325975,happy,03,07,07,male,normal,734
100,3.336666666666667,True,1.0,0.41171669714881515,0.38246502779653907,0.3970908624726771,0.8352245787699893,-0.05490740740740746,-0.05342592592592588,0.4415225722323007,0.1551081282624911,0.19656659489174175,0.4754300490742994,0.029251669352276077,0.0014814814814815835,0.01949989955709404,0.36990686384012816,0.12030176551562895,0.11518315430577429,0.0,0.9999999987499999,0.6408904433101366,0.29135169250893406,0.2970583126289715,0.4172499034141011,happy,03,07,07,male,normal,734
0,0.0,True,1.0,0.4662164341804904,0.44586271248631504,0.4560395733334027,0.4120391410261182,-0.05717592592592585,-0.05245370370370378,0.4438512216233981,-0.029431367216151166,0.20977460082211377,1.106787020761446,0.020353721694175375,0.004722222222222072,0.01921967822144838,0.6756044157127838,0.1314069319294911,0.10251827160052317,0.0,0.6490069046652662,0.5836581273603191,0.2557774914242784,0.29981525162064093,0.34740405259521573,happy,03,07,07,male,normal,735
10,0.33366666666666667,True,1.0,0.4412451948867293,0.46066103337341663,0.450953114130073,0.4298537402760384,-0.05884259259259256,-0.053981481481481464,0.4485820809472654,-0.034848979015176536,0.21043443258590488,1.0490850070083961,0.01941583848668732,0.004861111111111094,0.01593128222161706,0.6390114175204235,0.12905990405351014,0.10545766418981971,0.0,0.7076409382194465,0.5873576300520208,0.25894911990518443,0.29737961731008034,0.3479733263322812,happy,03,07,07,male,normal,735
20,0.6673333333333333,True,1.0,0.2228262871411878,0.2186024576224652,0.2207143723818265,0.4153861152079275,-0.07162037037037028,-0.06916666666666665,0.4514911339629203,-0.0173056424240729,0.2138892455875566,0.5313474964644515,0.004223829518722605,0.0024537037037036247,0.015036870493234858,0.6879769619525682,0.12461276967355604,0.11067716749469697,0.0,0.6928449342085442,0.6341243226353042,0.29126428186723186,0.2868779691953206,0.38647884550129846,happy,03,07,07,male,normal,735
30,1.0010000000000001,True,1.0,0.43470377463341525,0.4177069893995773,0.42620538201649627,0.838657671388545,-0.06944444444444448,-0.06453703703703695,0.4289219630225822,0.10330946873768529,0.21529053571627516,0.5081994675024417,0.016996785233837963,0.004907407407407527,0.0027399649004778066,0.3517281167216318,0.12110673244583571,0.11450300051163653,0.0,0.9999999987499999,0.6404119809877076,0.29220119078174295,0.30266001993106595,0.4210719106194367,happy,03,07,07,male,normal,735
40,1.3346666666666667,True,1.0,0.1975362080580606,0.1975362080580602,0.19753620805806038,0.8046665161210382,-0.09074074074074073,-0.08703703703703702,0.4158908579063971,0.1760140022014144,0.2166951869875865,0.24548829123684687,4.163336342344337e-16,0.003703703703703709,0.005170185834645058,0.3606762263912201,0.1208367013191843,0.11478793222291032,0.0,0.9999999987499999,0.6334282827662315,0.29368561902174967,0.2966865916740131,0.39855384011751865,happy,03,07,07,male,normal,735
50,1.6683333333333334,True,1.0,0.214424847818858,0.2147962729950112,0.2146105604069346,0.4885741585853488,-0.0803240740740741,-0.07976851851851846,0.4091301192109475,0.13498596623515505,0.21532065562714583,0.4392589264817705,0.00037142517615318393,0.0005555555555556424,0.005430536622105717,0.6238659944438236,0.12441990649172448,0.11089393418464268,0.0,0.7665027429004648,0.6356396872420844,0.2934116181200241,0.29041481945384745,0.3843820635485188,happy,03,07,07,male,normal,735
60,2.0020000000000002,True,1.0,0.36878865360046426,0.3711746664712512,0.36998166003585775,0.7927754519699356,-0.06814814814814812,-0.06560185185185174,0.42327770702736395,0.11765942973401573,0.2084797662460982,0.4666916200754013,0.0023860128707869355,0.0025462962962963798,0.004218659131463372,0.3791609022550145,0.122281107774402,0.11324799535327636,0.0,0.7234346348489733,0.6358933384134905,0.29498764809134,0.30252199630792015,0.4128751850648964,happy,03,07,07,male,normal,735
70,2.3356666666666666,True,1.0,0.3927539400490998,0.4199826803428317,0.40636831019596575,0.9761323937919487,-0.06351851851851847,-0.05819444444444449,0.418791704791466,0.20014903115789198,0.19607667346241126,0.4163045021150875,0.0272287402937319,0.005324074074073981,0.010628784506306558,0.305189904155023,0.12684729785449567,0.10810893024010403,0.0,0.7899628040583534,0.5746313603879052,0.26766142764179,0.3183641978203564,0.3821432348310899,happy,03,07,07,male,normal,735
80,2.6693333333333333,True,1.0,0.4182907895485242,0.42790288186926395,0.4230968357088941,0.9027820576539081,-0.060555555555555474,-0.05550925925925926,0.4458944725689457,0.1662837411145167,0.19734751940380224,0.4686588885122628,0.009612092320739729,0.0050462962962962155,0.006244653168505951,0.34143864150689757,0.12831263724956177,0.10618635008987877,0.0,0.7071067807446058,0.5703678273731368,0.2672048523692877,0.32026744000294,0.3816358961275433,happy,03,07,07,male,normal,735
90,3.003,True,1.0,0.3946440019376979,0.3934095224942568,0.3940267622159773,0.8646644890081803,-0.05731481481481476,-0.053888888888888875,0.4506772911587577,0.1717433273948879,0.19655922022996586,0.45569902225075604,0.0012344794434410722,0.003425925925925888,0.010230794897067488,0.36214678327971117,0.12233603335070438,0.11318865982992603,0.0,0.7221683839813435,0.6416506189507052,0.29087159050184186,0.2976489864658753,0.41484714698325975,happy,03,07,07,male,normal,735
100,3.336666666666667,True,1.0,0.41171669714881515,0.38246502779653907,0.3970908624726771,0.8352245787699893,-0.05490740740740746,-0.05342592592592588,0.4415225722323007,0.1551081282624911,0.19656659489174175,0.4754300490742994,0.029251669352276077,0.0014814814814815835,0.01949989955709404,0.36990686384012816,0.12030176551562895,0.11518315430577429,0.0,0.9999999987499999,0.6408904433101366,0.29135169250893406,0.2970583126289715,0.4172499034141011,happy,03,07,07,male,normal,735
0,0.0,True,1.0,0.3515438497624764,0.3305354585202215,0.34103965414134896,0.853745026254266,-0.06458333333333327,-0.06041666666666662,0.42802901545492966,0.12113949696851031,0.22442831033896338,0.399463122658098,0.021008391242254898,0.004166666666666652,0.01159808961735622,0.3582843539396332,0.12300788164985371,0.11245816476496837,0.0,0.7704761198075724,0.6205779900553972,0.29086860196608766,0.3091211577503551,0.40191827282734705,happy,03,07,07,male,strong,736
10,0.33366666666666667,True,1.0,0.3903526942606049,0.40363636610900827,0.39699453018480657,0.847377774546192,-0.06305555555555548,-0.058981481481481524,0.4336669136419117,0.10878184187860315,0.22369843877941056,0.46849769029806637,0.013283671848403344,0.004074074074073952,0.011164558087848461,0.3582740034560274,0.12348445953137578,0.11193465068749228,0.0,0.7117980630158479,0.6207795308435874,0.2918260916467172,0.31381961407674097,0.40767910758454395,happy,03,07,07,male,strong,736
20,0.6673333333333333,True,1.0,0.39071253543041307,0.389807886756482,0.39026021109344755,0.7874491350400096,-0.07037037037037042,-0.06314814814814806,0.4426835901329651,0.08999128141842491,0.22920694632989794,0.4956005330726775,0.0009046486739310855,0.007222222222222352,0.008740359135997458,0.38570183301014516,0.12352821104460454,0.11188636577526888,0.0,0.7776292425250291,0.6201275742718962,0.2919355873514261,0.31979904817121085,0.4163397458386187,happy,03,07,07,male,strong,736
30,1.0010000000000001,True,1.0,0.34443828139258736,0.36548322572381725,0.35496075355820234,0.958048261321131,-0.08226851851851857,-0.07685185185185184,0.46912185370293474,0.11177011416540816,0.2388939987542967,0.3705040423211227,0.021044944331229887,0.005416666666666736,0.006179365925658883,0.318937369732321,0.11869476557852118,0.11700141193128952,0.0,0.7571716483538844,0.6209690945753301,0.29314765998094927,0.33373582763138127,0.4269633211183985,happy,03,07,07,male,strong,736
40,1.3346666666666667,True,1.0,0.3525451228904786,0.31464810442990665,0.33359661366019266,0.8094061035306909,-0.0798148148148149,-0.07518518518518519,0.436925743147781,0.1573653116705147,0.2313146552351634,0.41214986173815454,0.037897018460571974,0.004629629629629706,0.014903243422424972,0.37495423201301115,0.11988100115194396,0.11578567844368966,0.0,0.6867733524304275,0.6194024755058274,0.2936177954928478,0.3199757083565405,0.41412220318715476,happy,03,07,07,male,strong,736
50,1.6683333333333334,True,1.0,0.40545062332625315,0.37609039064706734,0.39077050698666027,1.4466298745667956,-0.08300925925925928,-0.07824074074074072,0.36925493757345823,0.4734177459876555,0.2347251475576358,0.27012473187288455,0.029360232679185805,0.004768518518518561,0.008012836090732408,0.21987486479961368,0.1217111847740969,0.11386028838441294,0.0,0.6915915428778895,0.6176413289925347,0.29043235910037796,0.3139284788695055,0.39991917840075225,happy,03,07,07,male,strong,736
60,2.0020000000000002,True,1.0,0.37545534100230155,0.31834641074587194,0.34690087587408674,1.011111111111112,-0.06986111111111115,-0.06476851851851856,0.44043343648342825,0.16666666666666696,0.2354325460744224,0.34308877833700857,0.0571089302564296,0.005092592592592593,0.015017344790815615,0.32760989010988967,0.12075173350170491,0.11487731119038631,0.0,0.80966182243042,0.6190288974027112,0.2879643002736775,0.3277213867097878,0.4200081388771188,happy,03,07,07,male,strong,736
70,2.3356666666666666,True,1.0,0.3825207959795284,0.37301849598406034,0.3777696459817944,1.2206550132481053,-0.07611111111111107,-0.06981481481481489,0.41081238101132955,0.3259030375176986,0.23889399875429665,0.3094810916120905,0.009502299995468089,0.006296296296296189,0.010830407918903839,0.2677731516871051,0.12151143506475444,0.11407343651523963,0.0,0.8443175699492117,0.6149738932838761,0.2898926867368269,0.32935785884815305,0.4131768190906048,happy,03,07,07,male,strong,736
80,2.6693333333333333,True,1.0,0.33640448916622423,0.33980906093427693,0.33810677505025055,0.9878075319055882,-0.08157407407407408,-0.07620370370370372,0.3883910280443607,0.300093427414356,0.24451465946880097,0.3422800131904297,0.0034045717680527,0.005370370370370359,0.001736828570744384,0.32140999255152236,0.1229446922045525,0.11235780560928826,0.0,0.7347993817323824,0.6094436160948754,0.2861445959143776,0.33333943352376993,0.4165246245851912,happy,03,07,07,male,strong,736
90,3.003,True,1.0,0.3494092904564565,0.3315161701098426,0.34046273028314955,1.0489906017843487,-0.08023148148148146,-0.0736574074074074,0.37939871267748015,0.2913581779523974,0.24118615486129913,0.3245622312573796,0.017893120346613944,0.0065740740740740655,0.0066600538156270485,0.2996013081467315,0.12076325479953223,0.11486519951649518,0.0,0.9999999987499999,0.6079603845366273,0.2885636478677402,0.32005794285068123,0.40146230300123087,happy,03,07,07,male,strong,736
100,3.336666666666667,True,1.0,0.3977109527737194,0.38286598042038084,0.3902884665970501,0.8854248462641914,-0.07467592592592598,-0.06787037037037036,0.4347912926955533,0.09079155943722524,0.2459834960253234,0.4407923137054102,0.014844972353338537,0.00680555555555562,0.0006776109080657073,0.34820256405654587,0.12173529848847618,0.11383450650787276,0.0,0.7543126209974342,0.615592947296106,0.2884116977497535,0.3279663703970655,0.4120053284078015,happy,03,07,07,male,strong,736
110,3.6703333333333332,True,1.0,0.32494576786331214,0.3347786147408875,0.3298621913020998,0.8868857924369553,-0.07527777777777778,-0.06754629629629622,0.44348210033164226,0.08865352301387364,0.24251342378943658,0.37193311034526266,0.009832846877575352,0.007731481481481561,0.005713575616917645,0.3480028527178356,0.12460936473242132,0.11068100104063,0.0,0.7019258300296191,0.6199503013939951,0.28537646140817996,0.32972592330455364,0.4122654769669189,happy,03,07,07,male,strong,736
120,4.0040000000000004,True,1.0,0.3910566795677787,0.35512776339768193,0.3730922214827303,0.8867324384847852,-0.07495370370370363,-0.06564814814814818,0.445469599606767,0.11081690376734209,0.23979850505199896,0.4207494902523879,0.03592891617009675,0.009305555555555456,0.00884046532641685,0.34648898160174374,0.1214697081837903,0.11411786785390708,0.0,0.7513866935986923,0.6248450246817477,0.28506394193599593,0.32486572071424025,0.4177149514096033,happy,03,07,07,male,strong,736
0,0.0,True,1.0,0.392465750752946,0.369289727965797,0.3808777393593715,0.409258724256569,-0.0687962962962963,-0.06009259259259253,0.4610436160094499,0.03769075336410103,0.22017354334773528,0.9306527064297715,0.023176022787148975,0.008703703703703769,0.002623383693768465,0.741919284743318,0.12643572984204102,0.10858998107597335,0.0,0.6664057729451037,0.6234568788062099,0.2873468407058835,0.312338430900919,0.3881398930337306,happy,03,07,07,male,strong,737
10,0.33366666666666667,True,1.0,0.37609039064706745,0.3763468350841265,0.376218612865597,0.4141027786850257,-0.06824074074074071,-0.06097222222222215,0.45673951634704646,0.03268874348475078,0.22016106837094193,0.9085150649321189,0.0002564444370590224,0.007268518518518563,0.0035735470037252122,0.7419192847433197,0.12480018706570986,0.11046579144174776,0.0,0.7078905300440519,0.6231429601293643,0.28579328403053444,0.31179340371448266,0.39236379797179877,happy,03,07,07,male,strong,737
20,0.6673333333333333,True,1.0,0.39790409160350365,0.3986530448919928,0.3982785682477482,0.8404607307034282,-0.07453703703703712,-0.06606481481481485,0.45267409469783004,0.08291976585083213,0.22784341832922275,0.4738812340636151,0.0007489532884891736,0.00847222222222227,0.0006696383818402994,0.35736133190423686,0.1215294286814758,0.11405426662123921,0.0,0.8964562272462092,0.622551616951468,0.2931403977062006,0.3254990610893727,0.41279217666901075,happy,03,07,07,male,strong,737
30,1.0010000000000001,True,1.0,0.3687493025369885,0.3698717686295099,0.3693105355832492,0.9685837304423421,-0.0849537037037037,-0.0759259259259259,0.4652807740273727,0.11707260379135093,0.23750289112138326,0.38128922051435754,0.001122466092521368,0.009027777777777801,0.0029374952554341305,0.31541462195876363,0.12108193355900795,0.11452922393706304,0.0,0.6903924711014963,0.6184826675357644,0.2936336340970609,0.34203038313930395,0.427053820407416,happy,03,07,07,male,strong,737
40,1.3346666666666667,True,1.0,0.2804305570387189,0.2909107619793477,0.28567065950903325,0.8302922766573144,-0.08453703703703702,-0.07986111111111105,0.4613521057687848,0.10112534138774952,0.2326943058542096,0.3440603598760654,0.01048020494062879,0.004675925925925972,0.005889740647192339,0.37521909006469917,0.1233259359158931,0.11210928284753652,0.0,0.7312891720666185,0.617342056009904,0.288232162644449,0.34483603580070865,0.4175631756008065,happy,03,07,07,male,strong,737
50,1.6683333333333334,True,1.0,0.38281148523331643,0.3700965228057997,0.3764540040195581,0.9694603568065726,-0.08523148148148135,-0.08023148148148151,0.42430968729239205,0.2769824631975667,0.2382149428335627,0.38831294273817163,0.01271496242751674,0.004999999999999838,0.000972880856377836,0.342339137181847,0.12218702503468307,0.11334949794082283,0.0,0.6895992548416529,0.617615369085134,0.2914961539966572,0.3406669693805079,0.42137870327258553,happy,03,07,07,male,strong,737
60,2.0020000000000002,True,1.0,0.414517567232752,0.4122641355242198,0.4133908513784859,1.0362299743283425,-0.08523148148148146,-0.07962962962962966,0.4502813043491468,0.22357225170648923,0.23611143423818787,0.39893736102976096,0.0022534317085322053,0.005601851851851802,0.004105396015788366,0.30802602945661467,0.12258933657598768,0.11291426981642651,0.0,0.6723592647026403,0.6169284814628977,0.2917823016371639,0.348111293858505,0.42971762471404873,happy,03,07,07,male,strong,737
70,2.3356666666666666,True,1.0,0.5003321417502429,0.4797300831675921,0.4900311124589175,1.3452689943555556,-0.08379629629629626,-0.07777777777777778,0.3989700049869145,0.37025752138226287,0.24236898084589534,0.3642625486166538,0.020602058582650795,0.006018518518518479,0.0008632526422608201,0.24770642201834864,0.1208279300230056,0.11479716501918236,0.0,0.6941165814280478,0.6258385671065302,0.3139701761246643,0.3203228917100023,0.42935081424418936,happy,03,07,07,male,strong,737
80,2.6693333333333333,True,1.0,0.5184262150849744,0.5177606752057702,0.5180934451453723,1.00820314931356,-0.08175925925925914,-0.07462962962962966,0.3661135696401901,0.3250128573445025,0.25002471801632065,0.5138780269612515,0.0006655398792042577,0.007129629629629486,0.00038584416099587775,0.3259236023953125,0.12067583376024198,0.11495703943719571,0.0,0.8372650869608815,0.6060351343271685,0.28640242661022947,0.3307117864635813,0.3892743951413979,happy,03,07,07,male,strong,737
90,3.003,True,1.0,0.5136712243306479,0.5464719502745867,0.5300715873026174,1.0422368677631935,-0.07796296296296301,-0.07245370370370369,0.3972555619579458,0.2574712643678163,0.2507093561914857,0.5085903249999547,0.03280072594393879,0.005509259259259325,0.003900216078915905,0.31783701207076687,0.12152443472288306,0.11405958765194817,0.0,0.6752508521096504,0.5983803573616947,0.28958670359648964,0.34102982634439444,0.4001210974527146,happy,03,07,07,male,strong,737
100,3.336666666666667,True,1.0,0.5003594960938289,0.48022033660713237,0.49028991635048064,0.8273656196720695,-0.07481481481481478,-0.0697222222222223,0.44164580991883373,0.07267190765256457,0.24930677965596262,0.5925916000048558,0.020139159486696534,0.005092592592592482,0.007317515964166179,0.364854324276752,0.12050010277852237,0.11464375760502135,0.0,0.6929825212693453,0.6059946578553297,0.29047159787963794,0.34136226435039485,0.4074017878713773,happy,03,07,07,male,strong,737
110,3.6703333333333332,True,1.0,0.5470232167909521,0.5205707708841723,0.5337969938375622,0.8226227380153435,-0.0753240740740741,-0.06791666666666668,0.44651742123568516,0.04935597616361092,0.2500076292781195,0.648896473644041,0.026452445906779865,0.007407407407407418,0.0058112417108388235,0.3602366974481908,0.12153857428585632,0.11404452082661047,0.0,0.7071067807446058,0.6143523764115021,0.28898036999346294,0.3383157878268042,0.4065791745512245,happy,03,07,07,male,strong,737
120,4.0040000000000004,True,1.0,0.5131283068110272,0.492996080190966,0.5030621935009966,0.8204248310619672,-0.07249999999999995,-0.0646296296296297,0.44647472539632727,0.05543250876981141,0.2465723380111796,0.6131728032290626,0.020132226620061144,0.00787037037037025,0.0016641838460525042,0.3582740034560275,0.12237148569291807,0.11315033035476418,0.0,0.677092490498777,0.6151512992540767,0.2899954225915899,0.33846117951524685,0.4103829961710629,happy,03,07,07,male,strong,737
0,0.0,True,1.0,0.4192174874838604,0.4331374773332825,0.42617748240857145,0.8232349800440923,-0.06615740740740739,-0.05930555555555561,0.442014235695325,0.13720127102620788,0.21194958957367088,0.5176863140409139,0.01391998984942211,0.006851851851851776,0.004057857188581556,0.3752674791705225,0.12899183206593168,0.10554091638383946,0.0,0.8034178980490922,0.5904966125434549,0.2660797206239324,0.3188744813175455,0.3882000151516185,happy,03,07,07,male,strong,738
10,0.33366666666666667,True,1.0,0.38813195915906784,0.3638701721642403,0.37600106566165403,0.8177475202340695,-0.070462962962963,-0.061111111111111116,0.4424846143851033,0.1481377443262268,0.2125434382303195,0.4598009243171152,0.02426178699482756,0.009351851851851889,0.005837784095943627,0.3752674791705225,0.12126387651747222,0.11433656467607918,0.0,0.7051550185086033,0.6208980554643733,0.2977750676519292,0.31427518686439265,0.41752810488814535,happy,03,07,07,male,strong,738
20,0.6673333333333333,True,1.0,0.3998984335870812,0.41179935717828253,0.4058488953826819,0.7732699602070902,-0.06916666666666677,-0.0622685185185185,0.45303711076408937,0.0692456157993924,0.21741164936522328,0.5248476163149944,0.011900923591201318,0.006898148148148264,0.0053092499841967435,0.39570310235429057,0.12225445790443083,0.11327676413352573,0.0,0.7572754803692392,0.622590088371286,0.2962344749876973,0.32299300206735077,0.41413221861169386,happy,03,07,07,male,strong,738
30,1.0010000000000001,True,1.0,0.4416174660287391,0.4182510323966107,0.42993424921267487,0.9120000293889939,-0.07337962962962968,-0.06597222222222227,0.45561499965672103,0.11544011544011498,0.22154017579487245,0.4714191177172602,0.02336643363212837,0.007407407407407418,2.934656881788997e-05,0.34176348864498496,0.12082936051357304,0.11479565935927684,0.0,0.772242488535441,0.6202355194655989,0.2973621854406664,0.324875989618,0.43129832888372305,happy,03,07,07,male,strong,738
40,1.3346666666666667,True,1.0,0.38277625343037824,0.3550467158593472,0.36891148464486273,0.8709874194588305,-0.06930555555555556,-0.06398148148148147,0.44545320073864786,0.1294711028925294,0.21880893458338402,0.4235554686588677,0.027729537571031027,0.005324074074074092,0.0009391582772929125,0.36511502935422413,0.12066047700595552,0.11497315799143769,0.0,0.7659957577354628,0.6230280212397459,0.2988260420830078,0.32317054371195064,0.4272393829382403,happy,03,07,07,male,strong,738
50,1.6683333333333334,True,1.0,0.41072003465349044,0.39336471939880585,0.40204237702614815,0.9571550688148391,-0.07134259259259257,-0.0652314814814815,0.4543616559393614,0.11531723962521669,0.21953342956718658,0.4200389154538583,0.01735531525468459,0.006111111111111067,0.004449918729113627,0.32618495204627657,0.12039177583890563,0.11525449266840544,0.0,0.6917156035374477,0.6243595923916443,0.29876421800175623,0.3241741918212333,0.42966404300921257,happy,03,07,07,male,strong,738
60,2.0020000000000002,True,1.0,0.37651161253729293,0.3544598093092603,0.36548571092327664,0.5233608058379547,-0.06921296296296298,-0.06092592592592594,0.4169941187218484,0.1340188136321923,0.21877232028983917,0.6983436796305299,0.02205180322803263,0.008287037037037037,0.0007361270262759293,0.5918966509683706,0.12399403648510295,0.11136990925069432,0.0,0.8362364168837806,0.6217998620073031,0.2941881416590896,0.30815851467515154,0.4028086414337743,happy,03,07,07,male,strong,738
70,2.3356666666666666,True,1.0,0.36977952671360476,0.3626048473164269,0.3661921870150158,0.8472572740459777,-0.06736111111111104,-0.061064814814814794,0.4493768837229454,0.12354327241952405,0.2146188848482513,0.4322089620621467,0.007174679397177863,0.006296296296296244,0.0037082823979392035,0.3674052335998242,0.1273859927746811,0.10747365544901889,0.0,0.7457765058505994,0.5803217401257379,0.2646906401565032,0.33183651681576787,0.38089395465670234,happy,03,07,07,male,strong,738
80,2.6693333333333333,True,1.0,0.3915369072428354,0.3676033433265056,0.3795701252846705,0.8040651533405906,-0.054675925925925906,-0.05074074074074081,0.4042969466861321,0.13614991273378366,0.2069459191141064,0.4720638914740905,0.02393356391632978,0.003935185185185097,0.005044978818630864,0.40851735698761904,0.12216241038287283,0.11337602594740341,0.0,0.8458299559295601,0.6187293497711585,0.2924818430925822,0.30857867672603123,0.41360173887183826,happy,03,07,07,male,strong,738
90,3.003,True,1.0,0.3771553168511391,0.3537704997064811,0.3654629082788101,0.9116660973781293,-0.05791666666666673,-0.05222222222222228,0.4467049152891797,0.14206267157025954,0.20699752593369256,0.40087364148984916,0.02338481714465801,0.005694444444444446,0.002881622724417325,0.3508523233887162,0.12258937291046804,0.11257626536860862,0.0,0.7071067807446058,0.6197866550057524,0.29352016110995954,0.3179389232557807,0.4229438442170275,happy,03,07,07,male,strong,738
100,3.336666666666667,True,1.0,0.38649182716123315,0.3514596899958171,0.36897575857852516,1.0135194662660856,-0.06912037037037039,-0.06310185185185191,0.4384200625035197,0.16097073875990725,0.22014200801357794,0.3640539435694032,0.03503213716541603,0.006018518518518479,0.009447759495152308,0.3046390171922307,0.12226758569201923,0.11326259426267372,0.0,0.817309400231003,0.6188688212316177,0.2943028927317436,0.32116196964452987,0.42677071931004124,happy,03,07,07,male,strong,738
110,3.6703333333333332,True,1.0,0.35435799052788136,0.3521458339935552,0.3532519122607183,1.0113882940717929,-0.0706018518518518,-0.06504629629629632,0.44591525672003124,0.17640493501252152,0.21879219738090663,0.3492742741153803,0.0022121565343261596,0.00555555555555548,0.005844928972419419,0.30109670303883174,0.12064908718303215,0.11481929970255107,0.0,0.9999999987499999,0.620101269867322,0.29521871670780214,0.32039474274296903,0.42804467846523253,happy,03,07,07,male,strong,738
120,4.0040000000000004,True,1.0,0.4177069893995773,0.4053560685505716,0.41153152897507445,1.0466901855936188,-0.06888888888888894,-0.06412037037037038,0.44591525672003157,0.18816526401335712,0.2181059328970488,0.39317415472055744,0.012350920849005687,0.004768518518518561,0.005172962354900034,0.2972570492333157,0.1232032288177512,0.11224411868326352,0.0,0.7800764011372519,0.6157245260213461,0.29553368679416997,0.3204755289221263,0.42430724725879154,happy,03,07,07,male,strong,738
0,0.0,True,1.0,0.4218354515747627,0.41359886002325896,0.4177171557990108,0.8789193601844446,-0.0702314814814815,-0.061111111111111116,0.457641832761833,0.13016006918981243,0.2238075504475791,0.4752622080270837,0.008236591551503747,0.00912037037037039,0.01627361654527516,0.3437098544045148,0.1251692672236119,0.11004740938855354,0.0,0.7391948109803972,0.6249938412083583,0.2881602761842577,0.3261691724508679,0.418584460554917,happy,03,07,07,male,strong,739
10,0.33366666666666667,True,1.0,0.40257648142706526,0.3911873108467184,0.39688189613689184,0.8597164187977883,-0.06986111111111115,-0.06240740740740741,0.45434787601575166,0.1088000442163466,0.22588907206433517,0.46164280157855336,0.011389170580346886,0.00745370370370374,0.0038462813078817557,0.3508729302626665,0.12101579544801874,0.11409926896934607,0.0,0.9999999987499999,0.6235777008381477,0.29171520406348694,0.3198712525743496,0.4168923902188031,happy,03,07,07,male,strong,739
20,0.6673333333333333,True,1.0,0.3962570405626164,0.36804711464023054,0.38215207760142345,0.815121550007079,-0.06837962962962968,-0.061712962962963025,0.46248581679790995,0.08043081521236527,0.22788627542251255,0.4688283331462708,0.02820992592238586,0.006666666666666654,0.0026544918838204237,0.3721243308357674,0.12499988153545655,0.1102397722543132,0.0,0.6779301165059836,0.6207464760982518,0.2917165293241041,0.3256097907510696,0.41838208086183803,happy,03,07,07,male,strong,739
30,1.0010000000000001,True,1.0,0.23355786127803668,0.2059345378440421,0.21974619956103938,0.8604312701794692,-0.08083333333333337,-0.07263888888888881,0.4493582398943647,0.09256866244004619,0.22367797441614176,0.2553907641167023,0.027623323433994595,0.00819444444444456,0.004133494650549143,0.3633166301313371,0.12069580077500304,0.11493607547271892,0.0,0.8737691737978246,0.6277390530430924,0.287003786070317,0.32116412372605535,0.41812121478147457,happy,03,07,07,male,strong,739
40,1.3346666666666667,True,1.0,0.16898640148408683,0.15261285093799876,0.1607996262110428,0.9051166487515999,-0.09527777777777774,-0.09282407407407411,0.4527474938877406,0.16356027427247105,0.23267168158699356,0.17765624622288062,0.016373550546088078,0.0024537037037036247,0.00023458557683393703,0.34581069249978275,0.1215660143800833,0.11401527054558352,0.0,0.905668000710091,0.626542524048682,0.2901147191124198,0.33511869457273663,0.4211040274067619,happy,03,07,07,male,strong,739
50,1.6683333333333334,True,1.0,0.16890626079739984,0.16564986515089816,0.167278062974149,1.0321446936998335,-0.09435185185185185,-0.09157407407407409,0.46527562080725365,0.1542792948353105,0.23196056155149003,0.1620684231534658,0.003256395646501681,0.002777777777777768,0.002063209338337789,0.29644534402544487,0.12375269470621761,0.11163802364461466,0.0,0.8223879362359059,0.6232818613617324,0.29119557982734,0.33806767850119707,0.42561617611599334,happy,03,07,07,male,strong,739
60,2.0020000000000002,True,1.0,0.36169267690692813,0.37634683508412575,0.36901975599552694,0.8230592699936741,-0.07745370370370375,-0.07430555555555568,0.41515484479167925,0.286271972850504,0.22779921350694504,0.4483513757136387,0.014654158177197618,0.0031481481481480666,0.0036330144250928116,0.3671217922118871,0.12312298063278457,0.1123321388130858,0.0,0.6653134314477158,0.6231795848495649,0.2852161110241402,0.3145866000169022,0.4116710259168904,happy,03,07,07,male,strong,739
70,2.3356666666666666,True,1.0,0.3427019735821241,0.32147785241549054,0.3320899129988073,0.822043027567301,-0.0829166666666668,-0.07689814814814816,0.4420127950739781,0.1777338982811753,0.2361657133108849,0.4039811808654006,0.02122412116663358,0.006018518518518645,0.0003986941508762587,0.38029674521058743,0.12208298175278987,0.1131252201824874,0.0,0.6841510504264378,0.6203484051433074,0.29174208555509257,0.3321100729510704,0.4208037155486703,happy,03,07,07,male,strong,739
80,2.6693333333333333,True,1.0,0.3824747169332187,0.3582101212513694,0.37034241909229404,1.0225278775853586,-0.08129629629629626,-0.0775925925925926,0.4056708536305597,0.21911311662543415,0.23684453609222433,0.3621832002926283,0.0242645956818493,0.0037037037037036535,0.003614347448868662,0.30826567215880457,0.12472836049215068,0.1105468853434285,0.0,0.9999999987499999,0.6221249075333257,0.28857769987757104,0.3310523863899074,0.42518513954814213,happy,03,07,07,male,strong,739
90,3.003,True,1.0,0.33118075278115194,0.3250736065456832,0.32812717966341753,1.002865830286589,-0.08199074074074064,-0.07671296296296298,0.43454729382198504,0.16523143636352908,0.23685194489010497,0.32718951005604474,0.006107146235468763,0.005277777777777659,0.004140325659306776,0.3133906944015193,0.12242737042762443,0.11308986135053302,0.0,0.6825151475570579,0.6264070093271685,0.2891960089372979,0.3310673642829841,0.42603757023042443,happy,03,07,07,male,strong,739
100,3.336666666666667,True,1.0,0.40618400540363203,0.4032413847719603,0.40471269508779617,0.933836810276559,-0.08083333333333337,-0.07611111111111113,0.44011769412943824,0.1293870279298843,0.23753212159424358,0.4333869586570903,0.002942620631671722,0.004722222222222239,0.009245235660176678,0.33229680269604644,0.12311580984306461,0.11233999793884004,0.0,0.6963255652521866,0.6266635337416215,0.2871025263577733,0.3262774395349166,0.4251801013621045,happy,03,07,07,male,strong,739
110,3.6703333333333332,True,1.0,0.38247471693321866,0.39587594901856943,0.389175332975894,0.9788614528930875,-0.07768518518518519,-0.07370370370370372,0.44507627209944883,0.15188911974377722,0.2347339233451372,0.39757958782181224,0.013401232085350767,0.003981481481481475,0.0064008440805330075,0.3103383411306262,0.12411142069184099,0.11123908047167294,0.0,0.6964735139637062,0.6244934313022085,0.2890253326295285,0.3265157126694239,0.42633214309704714,happy,03,07,07,male,strong,739
0,0.0,True,1.0,0.4573925936582783,0.4550517664640202,0.45622218006114923,0.8550791921033112,-0.058287037037037026,-0.05935185185185188,0.3411917339565474,0.47748405261148724,0.18896803849392496,0.5335437749794152,0.0023408271942580994,0.0010648148148148517,0.04421069422562653,0.34640008738479233,0.12563319559954783,0.10951747775513193,0.0,0.8599118989035489,0.6257548810149061,0.28664580571241755,0.28401958357375323,0.3832108392053584,sad,04,07,07,male,normal,740
10,0.33366666666666667,True,1.0,0.4759793945101723,0.49025580351834114,0.4831175990142567,0.8306583258627875,-0.0584722222222222,-0.05949074074074068,0.34093460318646807,0.4582454467605181,0.19245032954841063,0.5816080859870423,0.014276409008168844,0.0010185185185184742,0.04556589158846157,0.3585127306612011,0.1260872740034449,0.10899439024520148,0.0,0.8822959938785343,0.6229286964082509,0.28725333515163815,0.28431088747845806,0.3796213022500127,sad,04,07,07,male,normal,740
20,0.6673333333333333,True,1.0,0.44268242397466456,0.43664859726005395,0.43966551061735926,0.9623199912833906,-0.061481481481481415,-0.059629629629629644,0.3356236495857862,0.4952977052126189,0.19243883260522998,0.45688078248380015,0.006033826714610613,0.0018518518518517713,0.03851931805870375,0.31713097044888694,0.1259338729311548,0.1091715962097698,0.0,0.6815720848686692,0.6254638104616846,0.28764998029864375,0.2872164229202669,0.37852799969112955,sad,04,07,07,male,normal,740
30,1.0010000000000001,True,1.0,0.520339982121061,0.4816108788165096,0.5009754304687853,1.0609546192403976,-0.05842592592592588,-0.05842592592592594,0.3419072630543974,0.5367253209764608,0.19315669812580716,0.4721930810079929,0.03872910330455143,5.551115123125783e-17,0.042964426574859146,0.29732669573207254,0.12586771252101295,0.10907333664861979,0.0,0.799353046395268,0.6279122234362495,0.2887827964909927,0.2902063410930538,0.38446937875165277,sad,04,07,07,male,normal,740
40,1.3346666666666667,True,1.0,0.4578723829993005,0.451649503032383,0.45476094301584175,0.8196721970338323,-0.06115740740740738,-0.06087962962962967,0.3555949205978311,0.4290984974716213,0.19603931605314545,0.5548083058831277,0.006222879966917505,0.0002777777777777102,0.05373252030712001,0.3739087489006694,0.12476083311384362,0.11051023613652314,0.0,0.8320191383548193,0.630095872778799,0.2876859673475453,0.285588828430149,0.38041559837674943,sad,04,07,07,male,normal,740
50,1.6683333333333334,True,1.0,0.45471679240500756,0.4657469456789367,0.4602318690419721,1.1496599185699694,-0.06027777777777776,-0.06027777777777776,0.34472567376873275,0.5380525431542474,0.19389210073779597,0.4003200090809828,0.011030153273929144,0.0,0.042937742294145716,0.2808071901677734,0.12521225849701126,0.10982515260563937,0.0,0.9999999987499999,0.6279589173403737,0.2879160183451889,0.2943882196825697,0.3908270716304973,sad,04,07,07,male,normal,740
60,2.0020000000000002,True,1.0,0.5019660596524506,0.4589980298688122,0.4804820447606314,1.1113965658074687,-0.056157407407407434,-0.057037037037037,0.3476091014737165,0.511345895612845,0.1952952152845536,0.43232277257537166,0.04296802978363834,0.0008796296296295636,0.04202031369571232,0.29457283512426874,0.12357850802832755,0.11183081026139353,0.0,0.7177913159269251,0.6271381735350391,0.29033077464731727,0.2926622776552568,0.38257906186415125,sad,04,07,07,male,normal,740
70,2.3356666666666666,True,1.0,0.486299628809784,0.46929353209143126,0.47779658045060763,0.9391715601889067,-0.053981481481481464,-0.05509259259259258,0.3242447743165731,0.5223855192623275,0.19319816707044568,0.5087425990140745,0.017006096718352737,0.0011111111111111183,0.041002506049468014,0.3376789085083626,0.12461654330303037,0.10998217635290974,0.0,0.7071067807446058,0.6215445189247575,0.28977391300356453,0.2861251973237916,0.37468556265554254,sad,04,07,07,male,normal,740
80,2.6693333333333333,True,1.0,0.5174878549674304,0.49805688929096675,0.5077723721291986,0.9649592176443443,-0.052870370370370456,-0.05398148148148141,0.3408533495377738,0.45919982754498545,0.19389210073779603,0.5262112251425205,0.019430965676463685,0.0011111111111109517,0.04816018773484737,0.33991192192323433,0.12637076223033816,0.10866557975683867,0.0,0.779017806110969,0.6218537406134329,0.28979401461296783,0.2905012132308975,0.372821432357538,sad,04,07,07,male,normal,740
90,3.003,True,1.0,0.5087698939048931,0.4763508442162121,0.4925603690605526,0.8288175844540692,-0.052314814814814814,-0.05374999999999991,0.3403411073039125,0.4206766029274957,0.19394049355166268,0.5942928556287755,0.032419049688681034,0.001435185185185095,0.04885581351527446,0.3902837825504143,0.1260897385458694,0.108991539139449,0.0,0.7697185059980164,0.6203330726274886,0.28869266490462214,0.28614278045898534,0.36964135748958454,sad,04,07,07,male,normal,740
100,3.336666666666667,True,1.0,0.49973569121818695,0.4494474736850535,0.47459158245162025,0.803829509046493,-0.051296296296296395,-0.05361111111111111,0.3401820897715812,0.4008887383329242,0.19326449887396505,0.5904132370240841,0.05028821753313345,0.002314814814814714,0.049574227613555996,0.398108505072672,0.12463303771390585,0.11030945465109998,0.0,0.754157941555079,0.6242724145752051,0.28976507393536965,0.2858532164087332,0.3711175983686301,sad,04,07,07,male,normal,740
0,0.0,True,1.0,0.6211917188284845,0.5491285259144078,0.5851601223714461,0.9241615126424204,-0.04439814814814819,-0.0465740740740741,0.3293339296951345,0.3626191661074297,0.20097138254768973,0.6331794977030797,0.0720631929140767,0.0021759259259259145,0.05101000160954471,0.35889373217195575,0.12331227140432789,0.11212431266814364,0.0,0.7071067807446058,0.6182145588157139,0.2852155253482185,0.2824169222204199,0.36778570035867697,sad,04,07,07,male,normal,741
10,0.33366666666666667,True,1.0,0.5985006357219718,0.5334266269103594,0.5659636313161656,0.8993495020940424,-0.045370370370370394,-0.04652777777777778,0.33308945494129166,0.38087020846783315,0.20097138254768962,0.6293033242342134,0.0650740088116124,0.0011574074074073848,0.05682600267146075,0.3703372747769121,0.12424249717798123,0.11109266251728525,0.0,0.8721833841987398,0.6199244916716687,0.2861257750145256,0.28805794109460037,0.36280886894879,sad,04,07,07,male,normal,741
20,0.6673333333333333,True,1.0,0.5900154780859018,0.5408652563886602,0.565440367237281,0.9281647871736843,-0.04625000000000001,-0.047685185185185275,0.341407286242568,0.3600356829389186,0.19821865666655714,0.6092025630050885,0.04915022169724159,0.0014351851851852615,0.05121958365138926,0.34429817864936424,0.12386696762245858,0.11116898941312633,0.0,0.8492841591930974,0.6229828100849715,0.28523189706137086,0.2824646482242687,0.3690405233515804,sad,04,07,07,male,normal,741
30,1.0010000000000001,True,1.0,0.3258633350373565,0.29534354404829355,0.310603439542825,0.8671553532076809,-0.05277777777777781,-0.055462962962962936,0.3585913505376774,0.28554793296654,0.1968539912074104,0.3581866137294507,0.030519790989062934,0.002685185185185124,0.04780808267328907,0.36142021825451714,0.12337904745987098,0.1120508296183358,0.0,0.8271090641364408,0.6261216046887506,0.2844527365424631,0.28379210945227656,0.37242536457727443,sad,04,07,07,male,normal,741
40,1.3346666666666667,True,1.0,0.5355297809453006,0.48989631882470536,0.512713049885003,0.7951240294584374,-0.04611111111111099,-0.04685185185185187,0.36043602208913644,0.3470528041969013,0.19544517098930875,0.6448214755051663,0.045633462120595214,0.000740740740740875,0.061102886647516806,0.39283019660730073,0.1230356139833798,0.11242782334420379,0.0,0.7390883836963504,0.6323528551811349,0.2853005891536868,0.2799936447710618,0.368529262301472,sad,04,07,07,male,normal,741
50,1.6683333333333334,True,1.0,0.572824349367388,0.532966900212132,0.5528956247897601,0.8650425651255189,-0.04782407407407396,-0.04837962962962966,0.36889748607696027,0.3099066319908687,0.19538309391662,0.6391542417447795,0.03985744915525602,0.0005555555555556979,0.052698537299633745,0.37118757041068984,0.12386939735318372,0.11150852061487085,0.0,0.8169611235545451,0.6325697916275886,0.28423895262582677,0.28442178142778607,0.3707812838478337,sad,04,07,07,male,normal,741
60,2.0020000000000002,True,1.0,0.5637303424039288,0.535664364315816,0.5496973533598724,1.0652787485966062,-0.04638888888888881,-0.04615740740740748,0.3446603366378818,0.392599455364058,0.19885105201741007,0.5160126906540109,0.028065978088112842,0.00023148148148133263,0.051318969323604795,0.31460972046973174,0.12198842086718058,0.11356321122719526,0.0,0.8700014355646235,0.6270646073351215,0.2875553073342753,0.2869411218636511,0.37293751507346107,sad,04,07,07,male,normal,741
70,2.3356666666666666,True,1.0,0.5931769177673285,0.532966900212132,0.5630719089897303,0.8345151083178901,-0.045509259259259305,-0.04810185185185184,0.3326085712024589,0.3626191661074286,0.19889095009340102,0.6747294367440505,0.060210017555196504,0.0025925925925925353,0.05365862210453257,0.3937183547051321,0.12227897515290787,0.11325029803734801,0.0,0.8432537315692793,0.6255306415847589,0.28531593519566917,0.2816632091228108,0.3657178834605411,sad,04,07,07,male,normal,741
80,2.6693333333333333,True,1.0,0.551276348075781,0.4901637339290351,0.520720041002408,0.8269006626447662,-0.045416666666666716,-0.046944444444444455,0.34554615672753974,0.36878177829171527,0.20089544301702017,0.6297250256601954,0.06111261414674585,0.001527777777777739,0.061769348355891415,0.3900003848014684,0.12530794186191335,0.10988947846254078,0.0,0.6960517866240858,0.6221856910654887,0.2850460836022276,0.29301321619804094,0.3648074391054217,sad,04,07,07,male,normal,741
90,3.003,True,1.0,0.5689934023849244,0.4998942749153463,0.5344438386501353,0.7463548928233036,-0.044120370370370365,-0.0461111111111111,0.3413749472563004,0.3279998768178472,0.19949074418220805,0.7160719971010664,0.06909912746957803,0.0019907407407407374,0.06257137446069155,0.4463597262809318,0.12502784721706048,0.1102080541089576,0.0,0.8805411808004153,0.6212905096882503,0.28364865147453894,0.28964871023827976,0.3650629079403006,sad,04,07,07,male,normal,741
100,3.336666666666667,True,1.0,0.6253600830732898,0.544261816364763,0.5848109497190264,0.7370415292584355,-0.04449074074074072,-0.04708333333333342,0.3390598749213037,0.31594968094639797,0.19954466143434982,0.7934572564824484,0.08109826670852682,0.002592592592592702,0.06277422926928071,0.4446073149553446,0.12340953329876761,0.11201725251616215,0.0,0.7490890080082545,0.6245741062753226,0.28489897564975164,0.2819997452818661,0.36581512304366837,sad,04,07,07,male,normal,741
0,0.0,True,1.0,0.6211827096495153,0.5924450286131289,0.6068138691313221,0.8495063208300697,-0.04944444444444446,-0.04986111111111102,0.32764724552539776,0.33201029622719375,0.21250035903002762,0.7143135421739911,0.02873768103638641,0.00041666666666656527,0.014551982296418327,0.36855338742506577,0.12444587838646674,0.11086478757028966,0.0,0.6808418817760638,0.6267536269117021,0.2865705243514842,0.289420312161288,0.3642244540056784,sad,04,07,07,male,normal,742
10,0.33366666666666667,True,1.0,0.6199617801396556,0.5968911461823966,0.6084264631610261,0.872384226126901,-0.04999999999999993,-0.04898148148148146,0.32472531707267827,0.35049383836031217,0.21041811700201488,0.6974294639212351,0.023070633957259057,0.0010185185185184742,0.0170955575673793,0.35199796565642155,0.12397830188038576,0.11138742493272569,0.0,0.7349266934218979,0.6275423749734269,0.28542081048568874,0.29009566658364794,0.36666178857115966,sad,04,07,07,male,normal,742
20,0.6673333333333333,True,1.0,0.6514459527318611,0.6225011433076049,0.6369735480197329,0.8184900795871497,-0.04999999999999993,-0.04902777777777778,0.32756759090752585,0.34745263558659806,0.20902923774983864,0.7782300163503819,0.028944809424256257,0.0009722222222221522,0.017042735396400187,0.3719201948718928,0.12499298182162226,0.11024759528336854,0.0,0.7071067807446058,0.6285028722504628,0.28519302301113414,0.29118956236444565,0.3705914745962892,sad,04,07,07,male,normal,742
30,1.0010000000000001,True,1.0,0.5772914400573168,0.582674573423222,0.5799830067402694,0.8864991810994742,-0.050416666666666665,-0.04893518518518525,0.3439081527269186,0.3324225848189016,0.20972258600760627,0.6542397546503649,0.005383133365905235,0.001481481481481417,0.021718678084867465,0.34845760835243045,0.12291009332611935,0.11256503333111714,0.0,0.6915538228013457,0.6290461741259005,0.28490415544119263,0.2885270995270794,0.3681450649656207,sad,04,07,07,male,normal,742
40,1.3346666666666667,True,1.0,0.6205722448945852,0.5923026907243892,0.6064374678094873,0.8173877172591122,-0.05027777777777781,-0.04837962962962966,0.36081577471829185,0.29582554221022483,0.21180699638057293,0.7419214345953359,0.028269554170195943,0.0018981481481481488,0.018836393129686053,0.37964071893106277,0.12383509553665403,0.1115466130537974,0.0,0.6808623651789184,0.6284582565213586,0.2853621019733267,0.29265106463525153,0.3719951608615559,sad,04,07,07,male,normal,742
50,1.6683333333333334,True,1.0,0.45223091512207136,0.4255405864316454,0.4388857507768584,0.9013160295893935,-0.05699074074074073,-0.05458333333333332,0.36101194714213913,0.28852454311437875,0.2131948023049951,0.4869388054451873,0.02669032869042598,0.0024074074074074137,0.018494921121096134,0.36046746357290016,0.12441827878393233,0.11089576040044703,0.0,0.758987144869852,0.6290856634372499,0.2864414496545649,0.29934403675304616,0.3808693166989606,sad,04,07,07,male,normal,742
60,2.0020000000000002,True,1.0,0.5916934184436989,0.5820873790000125,0.5868903987218557,1.0106744534882341,-0.052083333333333204,-0.049490740740740724,0.3450372784091314,0.3640279857271457,0.212503231248411,0.5806918307831632,0.009606039443686432,0.0025925925925924798,0.019226992144056126,0.32384852248369833,0.12134845660583621,0.11424679360672176,0.0,0.8089647273900367,0.6279420202065202,0.2880490627235406,0.29473512539601354,0.37738454403163063,sad,04,07,07,male,normal,742
70,2.3356666666666666,True,1.0,0.591693418443699,0.5865298225159066,0.5891116204798028,0.7746183050744382,-0.051805555555555494,-0.04935185185185198,0.3347734585858198,0.33412875036084067,0.21111147250317436,0.7605185891175025,0.005163595927792475,0.0024537037037035136,0.018862421976218628,0.3970346750418296,0.12350971471339325,0.1117364049622465,0.0,0.9999999987499999,0.626414094786352,0.2874248454849707,0.29277395342038953,0.3747325378993615,sad,04,07,07,male,normal,742
80,2.6693333333333333,True,1.0,0.6154183546560188,0.5831345277926916,0.5992764412243552,0.8952877700798314,-0.0505092592592592,-0.04847222222222225,0.3298494024328436,0.3703072038268425,0.2111143636174089,0.6693673936492159,0.0322838268633272,0.0020370370370369484,0.02344813282289468,0.3590982176380048,0.12441678695324854,0.1108974341205818,0.0,0.8654845431013563,0.6257720031137455,0.28786361683416783,0.2925769309437666,0.37224513566845574,sad,04,07,07,male,normal,742
90,3.003,True,1.0,0.589320319400279,0.5772346310005808,0.5832774752004299,0.7821917592673864,-0.05037037037037029,-0.04888888888888876,0.3366446012020794,0.31581123343326667,0.21181456055111783,0.7456962673024543,0.012085688399698147,0.001481481481481528,0.0229562402372091,0.41141101843432304,0.12275411891560689,0.112735105709139,0.0,0.875895128613216,0.6269442092930922,0.28845780276479016,0.28729407414704733,0.370222166691415,sad,04,07,07,male,normal,742
100,3.336666666666667,True,1.0,0.6157916592108617,0.6082106661445056,0.6120011626776836,0.8031849006412718,-0.05050925925925914,-0.04888888888888876,0.3352324967078304,0.3257469137685679,0.21111689330988628,0.7619679630295029,0.007580993066356068,0.0016203703703703831,0.021310148939408677,0.415538085443741,0.12382870490130651,0.11155370730103115,0.0,0.8497146921949338,0.6245829507037192,0.2877344630335681,0.289337464701332,0.3696576984202086,sad,04,07,07,male,normal,742
0,0.0,True,1.0,0.5149360349870776,0.5611306526794657,0.5380333438332716,0.5298344955050908,-0.052638888888888846,-0.04736111111111119,0.37509154592598537,0.21037840231331695,0.1972469785909827,1.0154743573658127,0.046194617692388085,0.005277777777777659,0.02568207539930491,0.538665333436758,0.1269895168946633,0.10794183790163495,0.0,0.9179315014458336,0.6239294952512254,0.288639511464331,0.2859569933069997,0.3763739613738305,sad,04,07,07,male,normal,743
10,0.33366666666666667,True,1.0,0.5023346990212264,0.5673120547794832,0.5348233769003548,0.5805968497862413,-0.05314814814814822,-0.04745370370370372,0.3692129503502261,0.22086305214969335,0.19724117659584223,0.9211613481837889,0.0649773557582568,0.005694444444444502,0.02660607713235374,0.5104196070235322,0.128976742069385,0.10555935664864266,0.0,0.714301764696102,0.6259982377560399,0.2881441418890491,0.28673571300463707,0.3764143964224974,sad,04,07,07,male,normal,743
20,0.6673333333333333,True,1.0,0.5214988221241019,0.5874410621869821,0.554469942155542,0.9142203326157481,-0.05495370370370367,-0.047824074074074074,0.34430831695894193,0.3610268305833572,0.19793054364727783,0.6064948704095261,0.06594224006288019,0.007129629629629597,0.029581830019572784,0.3189646546586159,0.1259066456135379,0.10920299611658409,0.0,0.6888822470260866,0.6268812233956083,0.2895933966162703,0.28867993115438545,0.37728587772932154,sad,04,07,07,male,normal,743
30,1.0010000000000001,True,1.0,0.5028976941944824,0.5395583967605836,0.521228045477533,0.9758494389847949,-0.05606481481481479,-0.04902777777777789,0.32953560643721475,0.4190514199847655,0.19794788850499284,0.5341275248564799,0.03666070256610121,0.007037037037036897,0.032074899839864154,0.31774941231850834,0.12558957061889303,0.10956750212649101,0.0,0.6911223473413775,0.6243805772856018,0.2872534651483263,0.28462855041215646,0.37555984320327584,sad,04,07,07,male,normal,743
40,1.3346666666666667,True,1.0,0.5179497688224736,0.529956727530606,0.5239532481765398,0.7594901895201982,-0.05685185185185182,-0.0497685185185186,0.3447709901766349,0.3210223997201671,0.19585242212207912,0.6898749390134229,0.012006958708132398,0.007083333333333219,0.031773926576447876,0.4124672059518147,0.12842031260654488,0.10623559234493295,0.0,0.8123641045277203,0.6248750522630929,0.28756452572415747,0.2892186098095039,0.38091645551282793,sad,04,07,07,male,normal,743
50,1.6683333333333334,True,1.0,0.5105083418162498,0.5456887037297362,0.5280985227729931,0.7604631164877845,-0.05666666666666664,-0.049629629629629746,0.36495656067560694,0.283386066891908,0.20001869114320447,0.6944433087195966,0.03518036191348639,0.007037037037036897,0.029980751661067753,0.39236337655754094,0.1261579335065021,0.10891259607587524,0.0,0.6932490611502912,0.6259773546996924,0.2893648404859842,0.2900189787002726,0.3796934614016281,sad,04,07,07,male,normal,743
60,2.0020000000000002,True,1.0,0.5599290908996526,0.6080212965133334,0.583975193706493,1.0346378942158354,-0.05907407407407406,-0.051296296296296284,0.3373495014119852,0.35218947757058555,0.20421187750114683,0.5644247102983744,0.04809220561368077,0.007777777777777772,0.04049542462539543,0.2965237837036009,0.12413665231684999,0.11121092267320126,0.0,0.7803830627356808,0.6255166730207709,0.2912140926110824,0.29211237480071717,0.38275321085094255,sad,04,07,07,male,normal,743
70,2.3356666666666666,True,1.0,0.5480785744607952,0.5821020992919949,0.5650903368763951,0.8611198848789928,-0.058240740740740704,-0.04986111111111119,0.3573821750647814,0.3456245909891576,0.20283194969418356,0.6562272533699571,0.034023524831199636,0.008379629629629515,0.03910386235088111,0.3517012156258688,0.127743988185909,0.10704789233383827,0.0,0.6629761490943701,0.6243817234628226,0.2892129576562895,0.295455063647109,0.379427431018956,sad,04,07,07,male,normal,743
80,2.6693333333333333,True,1.0,0.5438615836261927,0.6080212965133334,0.5759414400697631,1.013649752760689,-0.05736111111111114,-0.05074074074074081,0.32106827490684275,0.4823971733786443,0.2028319496941836,0.5681858437800421,0.06415971288714062,0.006620370370370332,0.035491281363000525,0.3134666293457446,0.126603781844879,0.10821809573994516,0.0,0.7071067807446058,0.618841998713548,0.2912224194854985,0.2910760176952992,0.3781674713917076,sad,04,07,07,male,normal,743
90,3.003,True,1.0,0.5638991764478694,0.6080148113396898,0.5859569938937796,0.9383576887028213,-0.056712962962962965,-0.04962962962962958,0.3343196321778345,0.3853668950179601,0.20358055682318973,0.6244495046487041,0.044115634891820465,0.007083333333333386,0.04314954706901498,0.33865353167058276,0.12469071344579534,0.11041693621517244,0.0,0.8830809691555455,0.6183373728006827,0.2921470796005053,0.28611019905760227,0.3741992223033299,sad,04,07,07,male,normal,743
100,3.336666666666667,True,1.0,0.5351287610896428,0.6019624952364281,0.5685456281630354,0.7795329678841294,-0.057361111111111196,-0.04879629629629639,0.33363913778851756,0.34380918872430355,0.20155588760357968,0.7293413512788656,0.06683373414678528,0.008564814814814803,0.044738264432054045,0.3925496154786985,0.12857095821242326,0.10605322472776062,0.0,0.7071067807446058,0.619131986060049,0.28981047678680183,0.28826128838712956,0.37515004078943487,sad,04,07,07,male,normal,743
110,3.6703333333333332,True,1.0,0.5288162177040182,0.602870889860698,0.5658435537823581,0.7106712514093035,-0.05509259259259264,-0.047453703703703665,0.34885657152050054,0.3038534880254914,0.2049817389970178,0.7962099953533459,0.07405467215667982,0.007638888888888973,0.04619897094164326,0.439458804210014,0.12592535915689052,0.10918141642054552,0.0,0.7903182551792821,0.6266502870445054,0.2862665578825515,0.28361495820198207,0.37537728604778486,sad,04,07,07,male,normal,743
0,0.0,True,1.0,0.24885308880417173,0.24638008190626765,0.2476165853552197,0.8927235072336666,-0.039074074074074094,-0.033935185185185124,0.38332875698064833,0.17161977129717437,0.19985755274537695,0.2773720904051506,0.0024730068979040842,0.0051388888888889706,0.001330618094155952,0.3855800619998719,0.12510826221803342,0.11011675846635048,0.0,0.7262386446660742,0.583613192667692,0.3022826104173551,0.2981872505416873,0.3630049263185416,sad,04,07,07,male,strong,744
10,0.33366666666666667,True,1.0,0.29921067331735757,0.28000880837400555,0.2896097408456816,0.8628237684398298,-0.04134259259259265,-0.036481481481481504,0.37914480403090783,0.1947590475895355,0.1963950899551894,0.33565341085742,0.01920186494335202,0.004861111111111149,0.0001971736051756321,0.40422366921505115,0.1205905589738122,0.11438216235840121,0.0,0.9999999987499999,0.5819674396477341,0.30325742608911227,0.2987876785869384,0.3627672386960952,sad,04,07,07,male,strong,744
20,0.6673333333333333,True,1.0,0.24843963490202026,0.21802935010482383,0.23323449250342204,0.82173705991048,-0.03773148148148142,-0.034305555555555534,0.37655311947662506,0.21950925669467095,0.19428833038107465,0.28383104995755043,0.03041028479719643,0.003425925925925888,0.005397006283062997,0.4225111798046442,0.12180187763762214,0.11359567080766554,0.0,0.9999999987499999,0.563902293855042,0.30728925743495866,0.3005934903434805,0.3670651647887688,sad,04,07,07,male,strong,744
30,1.0010000000000001,True,1.0,0.221494401581526,0.21790679768752783,0.21970059963452693,0.9328533365410131,-0.039768518518518536,-0.03583333333333333,0.3980820620872283,0.17985517497343037,0.196425000002762,0.23551462060388711,0.003587603893998176,0.003935185185185208,0.003006098212098079,0.3640322049054431,0.12002546353239679,0.11563591947813746,0.0,0.8895169752994055,0.5720834409466912,0.3057239739880382,0.3096483163286873,0.38943244397430193,sad,04,07,07,male,strong,744
40,1.3346666666666667,True,1.0,0.23528605184510956,0.2467798808180547,0.2410329663315821,0.7906163697547037,-0.038472222222222185,-0.035370370370370274,0.39094618642948076,0.15669383493826675,0.19708755504174816,0.30486715877937726,0.011493828972945125,0.003101851851851911,0.01367787290972119,0.439290966579131,0.12056954058456006,0.11457072841706781,0.0,0.9999999987499999,0.5739685155781062,0.30392641176380286,0.29820632805495656,0.3677230778167476,sad,04,07,07,male,strong,744
50,1.6683333333333334,True,1.0,0.2533484973549443,0.2584508802109752,0.25589968878295977,0.9038582785385975,-0.039212962962963005,-0.03532407407407406,0.3377187920011213,0.19471464637258873,0.1970875550417481,0.2831192620116408,0.005102382856030874,0.0038888888888889417,0.015820870752049562,0.3313992601439594,0.12261945782823161,0.11288155886477977,0.0,0.9999999987499999,0.5711535415728791,0.3023342493000203,0.306119517011031,0.36479472038653743,sad,04,07,07,male,strong,744
60,2.0020000000000002,True,1.0,0.28425893756300397,0.27968386492713126,0.2819714012450676,0.8467096345737751,-0.03611111111111115,-0.03157407407407403,0.3888384404042925,0.1477439957035466,0.20262776346091774,0.33302018747785844,0.004575072635872701,0.004537037037037117,0.017592914811459297,0.40651226480374814,0.12275815515635455,0.11273071060026925,0.0,0.9999999987499999,0.5759315987879526,0.30225106493284953,0.30876610063076937,0.37337342765830506,sad,04,07,07,male,strong,744
70,2.3356666666666666,True,1.0,0.3814081167788272,0.34786045027453627,0.3646342835266817,0.9273163884446887,-0.03787037037037039,-0.033287037037037004,0.36144323153626695,0.20256899201699352,0.2020247133695327,0.39321453612855123,0.03354766650429092,0.004583333333333384,0.01941864368391575,0.3652239812104552,0.12046594709358295,0.11517696540711993,0.0,0.8630022617694985,0.5763598712219262,0.30127791220473915,0.30594171537023246,0.3640991074063421,sad,04,07,07,male,strong,744
80,2.6693333333333333,True,1.0,0.34564277413949207,0.34784154608768947,0.34674216011359077,0.708882359424339,-0.03689814814814807,-0.032916666666666705,0.3492674676834945,0.18087469406215032,0.20254528821260373,0.48913921400889304,0.0021987719481973977,0.003981481481481364,0.0087041054229782,0.4707961750800762,0.1222330021785784,0.11296310483081441,0.0,0.8602911261755706,0.57640016411252,0.2990847884912959,0.3003019256379634,0.3572519452233644,sad,04,07,07,male,strong,744
90,3.003,True,1.0,0.2894519998598357,0.28470476817505375,0.28707838401744473,0.7758298619365878,-0.037731481481481366,-0.03504629629629641,0.37265357861581344,0.16208340019120773,0.2038558196766758,0.37002749971605114,0.004747231684781972,0.0026851851851849573,0.01619976892081557,0.4224975832285861,0.12343302457566596,0.11182111726599579,0.0,0.9999999987499999,0.5788968980560975,0.2993798289664495,0.3075508467346529,0.3695093976647985,sad,04,07,07,male,strong,744
100,3.336666666666667,True,1.0,0.29894837413718267,0.29624088521843595,0.2975946296778093,0.6610015809242393,-0.034212962962962945,-0.031064814814814934,0.3949041537012451,0.08074765755650962,0.20393103094444698,0.4502177275608031,0.0027074889187467255,0.003148148148148011,0.014762451434434679,0.5028675551742544,0.1256593556981588,0.10948746090609351,0.0,0.9999999987499999,0.5416137590036015,0.2653745712343341,0.30228257171117606,0.3245604891799517,sad,04,07,07,male,strong,744
110,3.6703333333333332,True,1.0,0.27185034304271616,0.2753451779513762,0.2735977604970462,0.5762108950889286,-0.033935185185185124,-0.03064814814814798,0.3980935199288036,0.05343666992781998,0.20259952229306147,0.4748222618297089,0.0034948349086600383,0.0032870370370371438,0.024824041978815437,0.5726316665835606,0.12702397369697258,0.10790128765042765,0.0,0.7522668294457793,0.5362846489220688,0.2629591474038657,0.30193113182137943,0.31806015254635667,sad,04,07,07,male,strong,744
0,0.0,True,1.0,0.44170439248993426,0.42331576925930026,0.4325100808746173,0.47324278229707634,-0.03532407407407406,-0.032453703703703596,0.381838265123693,0.12520162967163137,0.20443890126402905,0.9139285310919137,0.018388623230634005,0.0028703703703704675,0.0022136800101333473,0.6969569601152018,0.12656733897613115,0.1084365550675195,0.0,0.6880544880708245,0.5735240997961685,0.26188859616234833,0.29365389893551275,0.33027750714371507,sad,04,07,07,male,strong,745
10,0.33366666666666667,True,1.0,0.4468947075625822,0.44019744992511,0.4435460787438461,0.5017026696029806,-0.0373148148148148,-0.0348148148148148,0.3708489162615581,0.15735317407046256,0.20443890126402905,0.8840815598905296,0.006697257637472198,0.0025000000000000022,0.009429978583002726,0.6790187853425174,0.12504089185857498,0.11019325357444763,0.0,0.776242490334665,0.5883302476693802,0.2942466100679865,0.29529594894251365,0.36424877930767535,sad,04,07,07,male,strong,745
20,0.6673333333333333,True,1.0,0.15320215403576448,0.16204128985451266,0.15762172194513857,0.5476571727812285,-0.053611111111111165,-0.05115740740740743,0.38101516623010784,0.14743082804014776,0.20578739964194534,0.28781093315124606,0.008839135818748178,0.0024537037037037357,0.0023506054415718862,0.607872801246123,0.12459518378666913,0.1106969644904396,0.0,0.7021597826099524,0.5897842982661815,0.29471666893967013,0.3039908582993478,0.3741349308752533,sad,04,07,07,male,strong,745
30,1.0010000000000001,True,1.0,0.39443594646053204,0.3694960646799589,0.38196600557024546,0.9786190655222331,-0.04828703703703702,-0.042129629629629683,0.3785268910574213,0.2136153762369694,0.20944928618708292,0.39031122428256804,0.02493988178057316,0.006157407407407334,0.0017866762893034383,0.34323630169066205,0.11828465151628989,0.11741600821390095,0.0,0.9999999987499999,0.6003645407459859,0.29988518765121025,0.3018714024282762,0.37919459523394244,sad,04,07,07,male,strong,745
40,1.3346666666666667,True,1.0,0.4404733933425434,0.4234065689386654,0.4319399811406044,0.8070067124923869,-0.047361111111111076,-0.042916666666666714,0.37486127689751175,0.1391129218573692,0.21072138009021948,0.5352371603038918,0.017066824403877967,0.004444444444444362,0.004562141194289721,0.38938734416473936,0.12041128067146875,0.11457087529758508,0.0,0.8462753344505202,0.6005882554506178,0.29629289522991853,0.29796659268032955,0.3684354834278905,sad,04,07,07,male,strong,745
50,1.6683333333333334,True,1.0,0.49288990057347415,0.49139826654845187,0.492144083560963,1.0479063469090542,-0.05583333333333329,-0.04560185185185189,0.3635862521466317,0.2654392546227615,0.21166007515875193,0.4696451023630218,0.0014916340250222815,0.010231481481481397,0.02661199891203503,0.31290332224787887,0.1221685240650041,0.11320126125676823,0.0,0.9999999987499999,0.6081714648671969,0.2950519061295353,0.3109644952244367,0.37030973560061153,sad,04,07,07,male,strong,745
60,2.0020000000000002,True,1.0,0.4155756306728053,0.427710193983779,0.42164291232829215,0.7487600313596281,-0.051342592592592606,-0.04124999999999995,0.39734021411926784,0.05238157817881671,0.21332560207345017,0.5631215538610631,0.012134563310973734,0.010092592592592653,0.03565040191515863,0.4403850867404391,0.11955888764274702,0.11611825935216949,0.0,0.9999999987499999,0.5922426387508128,0.29988293041227787,0.3069875208076847,0.3752430581692945,sad,04,07,07,male,strong,745
70,2.3356666666666666,True,1.0,0.4077098262031846,0.4210526315789457,0.4143812288910651,0.7970852406243333,-0.043703703703703745,-0.03486111111111112,0.38473358900286997,0.1347993377657583,0.2067162355615859,0.519870658458677,0.013342805375761102,0.008842592592592624,0.04018459722831318,0.4083848665238217,0.12170628672297729,0.11386552393869413,0.0,0.8684266045640073,0.5865725196719314,0.2983487889687225,0.30568567019918136,0.3639568978998364,sad,04,07,07,male,strong,745
80,2.6693333333333333,True,1.0,0.4199274691216269,0.4520219146584589,0.4359746918900429,0.7593028233995676,-0.040370370370370445,-0.03592592592592586,0.3593499402230011,0.21412659527390807,0.2059845946055666,0.5741776251246996,0.03209444553683205,0.004444444444444584,0.05000623018521009,0.45311364506801555,0.12476567908731864,0.11050476501984807,0.0,0.870950195796853,0.5894131511041918,0.29653922376668174,0.30475697684655256,0.35802739715890924,sad,04,07,07,male,strong,745
90,3.003,True,1.0,0.42563032768866527,0.4135988600232597,0.41961459385596245,0.7734961649975215,-0.0401851851851851,-0.035370370370370385,0.3846334146793574,0.16910019624486486,0.20644478667465474,0.5424908523719791,0.012031467665405582,0.004814814814814716,0.038147286135292974,0.44540168002894637,0.12110139095893774,0.11450864979374979,0.0,0.9999999987499999,0.594059272451168,0.29822063865719095,0.30122775352199804,0.3693436604469468,sad,04,07,07,male,strong,745
100,3.336666666666667,True,1.0,0.44456503613562637,0.44394574326637665,0.44425538970100154,0.759435694080461,-0.041481481481481564,-0.03356481481481488,0.38277430170062726,0.155571457658133,0.20433430381619572,0.5849809182842194,0.0006192928692497213,0.007916666666666683,0.04495959942588791,0.43419588128564807,0.12158264391043215,0.11366279327198624,0.0,0.917235633903201,0.5940190492994073,0.298332585019089,0.3012782866611363,0.3661597809133181,sad,04,07,07,male,strong,745
110,3.6703333333333332,True,1.0,0.2757836523875509,0.2962962962962951,0.286039974341923,0.7003160314875863,-0.04805555555555552,-0.03837962962962965,0.3852660675926258,0.12757713061550818,0.2056138743475125,0.408444133049942,0.020512643908744188,0.009675925925925866,0.03706061434810677,0.4778738319157164,0.12269893232572497,0.11279516734382061,0.0,0.7768830003309826,0.5929365941063924,0.2980403439059269,0.3019672365354882,0.3637904132829588,sad,04,07,07,male,strong,745
0,0.0,True,1.0,0.366256693279359,0.3362822373719463,0.3512694653256526,0.9246363455740247,-0.04226851851851854,-0.03898148148148156,0.36187130365651576,0.23115908639350533,0.19590967732862746,0.37990012723064714,0.02997445590741271,0.0032870370370369772,0.015951502220495375,0.3606901568121751,0.12667626893381706,0.10830928242515613,0.0,0.778278210770048,0.5843309718653087,0.29621329063163,0.2945061537508252,0.36913567026120725,sad,04,07,07,male,strong,746
10,0.33366666666666667,True,1.0,0.2218936279758946,0.2334656423377652,0.2276796351568299,0.7037183978399508,-0.04666666666666669,-0.044351851851851865,0.37476954513940025,0.20407833537358622,0.20074043729560279,0.3235379888541892,0.011572014361870608,0.002314814814814825,0.01713379682713197,0.48540092964476356,0.1216097845175331,0.11396858373903399,0.0,0.7071067807446058,0.6090982888155263,0.29339604752224513,0.29012632595514376,0.36051793790197495,sad,04,07,07,male,strong,746
20,0.6673333333333333,True,1.0,0.4096518500060635,0.37727356393481265,0.39346270697043806,0.704836240136293,-0.04476851851851854,-0.04208333333333342,0.37420120387079947,0.21849923444225125,0.19656659489174175,0.5582327987198201,0.03237828607125087,0.002685185185185124,0.012644616354396126,0.45177427992306163,0.12885881572034222,0.10570327990254098,0.0,0.6837070943175353,0.5821119076771334,0.26070575627603576,0.30265057426158654,0.3351321764588091,sad,04,07,07,male,strong,746
30,1.0010000000000001,True,1.0,0.29123610259034965,0.2676545771051844,0.27944533984776704,0.9697331704379648,-0.05087962962962961,-0.047453703703703665,0.35665693943394694,0.33054283784485133,0.19237102631416939,0.28816724885419764,0.023581525485165233,0.0034259259259259434,0.017914662906885495,0.3411960619029718,0.12265819046089162,0.11267050250777227,0.0,0.7907398876075072,0.6293018469653486,0.2942510743196741,0.29694181000787123,0.3826465599175459,sad,04,07,07,male,strong,746
40,1.3346666666666667,True,1.0,0.18630024306616327,0.16771488469601603,0.17700756388108965,0.8535844430351349,-0.06356481481481485,-0.05990740740740741,0.3686421478661337,0.30574685738750385,0.19377519997409368,0.2073697164063752,0.018585358370147242,0.0036574074074074425,0.01504238721415674,0.374851772502218,0.12081385578163954,0.11464591607796627,0.0,0.9999999987499999,0.6256916178033713,0.2944935570936721,0.2945011081720949,0.37856786648394253,sad,04,07,07,male,strong,746
50,1.6683333333333334,True,1.0,0.35928035946200443,0.35036074525618927,0.3548205523590968,1.0000256144260489,-0.05009259259259263,-0.04662037037037037,0.37966845515583447,0.3124698635420487,0.19795521143305858,0.3548114640670892,0.008919614205815163,0.0034722222222222654,0.016019223208445562,0.32808495301138413,0.12690849389618097,0.10803708598274912,0.0,0.7071067807446058,0.5796080702593537,0.2651813419382289,0.3244612589599576,0.3761696432174796,sad,04,07,07,male,strong,746
60,2.0020000000000002,True,1.0,0.4104670727399714,0.37536007103702573,0.39291357188849857,0.9179719219769683,-0.0471759259259259,-0.04472222222222222,0.3607406461883135,0.35697485214406216,0.1986760197162852,0.4280235184561088,0.03510700170294567,0.00245370370370368,0.02060525197688566,0.36605683794870864,0.12340352580945829,0.11202387061649088,0.0,0.7071067807446058,0.6132021138846163,0.293851387057525,0.2945441960018171,0.37003371806777924,sad,04,07,07,male,strong,746
70,2.3356666666666666,True,1.0,0.37605727002551514,0.3322472245381967,0.3541522472818559,0.6869016755278521,-0.041527777777777664,-0.03972222222222216,0.354146308076762,0.22398967680256088,0.20076893997186593,0.5155792450348972,0.04381004548731843,0.0018055555555555047,0.019470225263152573,0.45296761248806555,0.12177036811000537,0.11362944720782193,0.0,0.7761476837968744,0.6056632955447805,0.29687764377773174,0.2970057503944475,0.36614003997269734,sad,04,07,07,male,strong,746
80,2.6693333333333333,True,1.0,0.3661736042818312,0.31725188446537667,0.34171274437360394,0.8606211264848098,-0.04250000000000004,-0.04032407407407396,0.37146820447207624,0.2751048934224688,0.2056182719829848,0.39705363237981733,0.048921719816454545,0.002175925925926081,0.0194450488648972,0.3978526996006785,0.12270878320117012,0.11278445059235902,0.0,0.7723570908939658,0.6031451946950657,0.29665585872572686,0.3016416609212642,0.3739348958562812,sad,04,07,07,male,strong,746
90,3.003,True,1.0,0.26274634043692774,0.2878103379172765,0.2752783391771021,0.780861555634983,-0.04430555555555554,-0.041296296296296275,0.3904096724725066,0.18848382377396172,0.20212901015410112,0.35253155593407404,0.025063997480348765,0.003009259259259267,0.01887078587850487,0.4270723065869612,0.12756720140515776,0.10708073098745584,0.0,0.8092998027648646,0.5750410254492423,0.26345647597508187,0.31262638154706357,0.35092380862283623,sad,04,07,07,male,strong,746
100,3.336666666666667,True,1.0,0.2517619880372866,0.24527985628387203,0.2485209221605793,0.9433623801072053,-0.043333333333333335,-0.03925925925925927,0.3868545571500074,0.23239172889032667,0.198657586292484,0.26344162900828944,0.006482131753414583,0.004074074074074063,0.016730661332271243,0.3507963188505452,0.12452708220764513,0.11060144492485778,0.0,0.9999999987499999,0.5850925012817627,0.26410439075508646,0.3008986100621077,0.34709988698929567,sad,04,07,07,male,strong,746
0,0.0,True,1.0,0.2849550431298458,0.23450997318070535,0.2597325081552756,0.41777947786116093,-0.03453703703703698,-0.03287037037037033,0.43894230046753224,-0.03474715709304706,0.20071877255469697,0.6216976225950274,0.05044506994914047,0.0016666666666666496,0.060281045299909894,0.7194899929995009,0.12535096069929633,0.10984040432577007,0.0,0.8536701597746149,0.6073558736228867,0.29329065857514885,0.31659574258003975,0.3742642153248939,sad,04,07,07,male,strong,747
10,0.33366666666666667,True,1.0,0.18858276277730288,0.18761360331338475,0.18809818304534381,0.420792345856475,-0.04023148148148137,-0.03898148148148145,0.43958040019381794,-0.05254135125332034,0.20212901015410112,0.44700951644567427,0.0009691594639181234,0.0012499999999999178,0.05651814424164715,0.7029016758076111,0.12113820399640697,0.11430314674163503,0.0,0.7977827499246045,0.6096893898340587,0.29713791435016973,0.31531936524163523,0.3769801227803303,sad,04,07,07,male,strong,747
20,0.6673333333333333,True,1.0,0.39527862320544827,0.34951289444520944,0.3723957588253288,0.6489535817545609,-0.0398148148148148,-0.040509259259259245,0.4196223276971973,0.103983801377031,0.20557930840615526,0.5738403628476647,0.04576572876023882,0.000694444444444442,0.04990047268750717,0.4786516899697927,0.12312652689235137,0.11147697702886569,0.0,0.7363619576610833,0.5917410493806897,0.26522986015269234,0.3090460856128567,0.3470494348363531,sad,04,07,07,male,strong,747
30,1.0010000000000001,True,1.0,0.286739304118478,0.2845124133055615,0.28562585871201973,0.8835283614489979,-0.05898148148148136,-0.06060185185185191,0.3650427873234917,0.24494659980748185,0.20699752593369267,0.3232786531533517,0.0022268908129164933,0.0016203703703705497,0.0464147282294158,0.3331215081735925,0.12244468022222044,0.11290249823563993,0.0,0.9515301044276546,0.6061778665841336,0.29369333575450224,0.31888162702900374,0.38407410638469475,sad,04,07,07,male,strong,747
40,1.3346666666666667,True,1.0,0.42818376593380475,0.3931832780317204,0.4106835219827626,0.8122655916510587,-0.04166666666666663,-0.042731481481481426,0.38393630568060166,0.19943242523287036,0.2097280427126453,0.5056025100706077,0.035000487902084376,0.0010648148148147962,0.05478439266447215,0.3972620351617355,0.1230504511703815,0.11241158408687454,0.0,0.7442385660559546,0.6099842426423695,0.29200114449680664,0.31040358616604546,0.3762225040418933,sad,04,07,07,male,strong,747
50,1.6683333333333334,True,1.0,0.3950617283950612,0.33463287039842743,0.3648472993967443,0.7410424875653451,-0.038981481481481395,-0.0399537037037036,0.4001274475417559,0.15943772983385762,0.2083629943078147,0.492343294101031,0.06042885799663378,0.0009722222222222077,0.056680670672288845,0.4273921425500041,0.12138810207092463,0.11403772401175294,0.0,0.8833289766870444,0.6116675133881679,0.2922742069762919,0.30803233307688144,0.3807176320499002,sad,04,07,07,male,strong,747
60,2.0020000000000002,True,1.0,0.43683190516462245,0.36508055181136023,0.40095622848799134,0.5888875900295553,-0.03606481481481483,-0.03638888888888886,0.38857291769285357,0.11115619332037095,0.20906427402064315,0.6808705689788234,0.07175135335326221,0.0003240740740740322,0.06499057851672581,0.5500621241566833,0.12316172821389253,0.11143808476328745,0.0,0.9999999987499999,0.6054921967693326,0.2919470104211158,0.3064362486798291,0.36832038541209855,sad,04,07,07,male,strong,747
70,2.3356666666666666,True,1.0,0.44386947679342337,0.3741031924058684,0.4089863345996459,0.7580703794740361,-0.03708333333333341,-0.03874999999999995,0.3729759584743331,0.18936480903264624,0.20907193742222244,0.539509715289771,0.06976628438755494,0.0016666666666665386,0.061101170800342164,0.4219123468846916,0.123726968774055,0.11115351152970997,0.0,0.7420689571189698,0.6085088869219563,0.2904574043731256,0.3078537485960898,0.36775737032153444,sad,04,07,07,male,strong,747
80,2.6693333333333333,True,1.0,0.4267870795436257,0.39026191873563054,0.40852449913962813,0.7786576264929214,-0.03643518518518529,-0.03611111111111115,0.32883062334320246,0.18677148843293528,0.20975859763759308,0.5246522800779914,0.03652516080799517,0.00032407407407414324,0.05638846507653744,0.41649306518260976,0.12092929436897436,0.11335365875387414,0.0,0.7071067807446058,0.5968562967218136,0.29332778968648515,0.2978227472075682,0.36511503394415096,sad,04,07,07,male,strong,747
90,3.003,True,1.0,0.4195228927603197,0.3757383407792413,0.3976306167697805,0.7250670661257016,-0.03564814814814832,-0.03476851851851853,0.3776610470123347,0.1610910594897866,0.2125229766989913,0.5484052928985814,0.04378455198107839,0.0008796296296297856,0.05949513749292386,0.47942034932598343,0.12475990646469128,0.11051128227161312,0.0,0.7874080890806325,0.5942028819731018,0.2920858544006971,0.30426984594297146,0.369719721760746,sad,04,07,07,male,strong,747
100,3.336666666666667,True,1.0,0.3811786485286612,0.34393898862017297,0.3625588185744171,0.6953480126246732,-0.03773148148148148,-0.0377777777777778,0.38671911921623325,0.13768785149535775,0.2125229766989913,0.5214062771329366,0.03723965990848821,4.629629629632204e-05,0.055605057274043905,0.46826603698673985,0.12350524898585136,0.11157071008057452,0.0,0.9999999987499999,0.5979760691073304,0.2923633535691265,0.3037128821742855,0.36528734484700187,sad,04,07,07,male,strong,747
110,3.6703333333333332,True,1.0,0.37861259461995594,0.3367508874055867,0.3576817410127713,0.6959306513271456,-0.03555555555555562,-0.03550925925925935,0.38577790204237433,0.13127809901629214,0.2104529220518775,0.513961758015212,0.04186170721436927,4.6296296296266526e-05,0.06096003859914196,0.4884619802114356,0.1237917030391193,0.11159476703206359,0.0,0.69420502843444,0.5991101678640206,0.2908740202993792,0.30295171084706274,0.3655749960999443,sad,04,07,07,male,strong,747
0,0.0,True,1.0,0.6670936539642922,0.5682306987304645,0.6176621763473784,0.7302561717610395,-0.03953703703703709,-0.0400462962962963,0.3361732657110696,0.21457251009608647,0.21390172966618565,0.8458157564870193,0.09886295523382771,0.0005092592592592093,0.042544449693964675,0.4315112339024925,0.12754132874982446,0.10728926894802578,0.0,0.7091915161655273,0.597667864442652,0.2794896073004965,0.2909564439650904,0.36135679405202664,angry,05,07,07,male,normal,748
10,0.33366666666666667,True,1.0,0.6545777827075863,0.5951068985044633,0.6248423406060248,0.7714754717848605,-0.040138888888888946,-0.0405092592592593,0.3345845554004656,0.22125005951049248,0.21668392014887733,0.8099315706828759,0.059470884203122965,0.00037037037037035425,0.043409561409434354,0.39936643450380305,0.12548074228479766,0.10969211952556074,0.0,0.7927973459346421,0.5991107086819103,0.2813816708216432,0.29122918714605545,0.3638480692328509,angry,05,07,07,male,normal,748
20,0.6673333333333333,True,1.0,0.6461824331822325,0.5814149940417368,0.6137987136119847,0.8510564629771052,-0.040231481481481535,-0.04101851851851851,0.33723795482854396,0.23367114422335933,0.21598953117742897,0.7212197313734481,0.06476743914049565,0.000787037037036975,0.043189524527250195,0.3591738852329599,0.12407292870084624,0.11128201172583811,0.0,0.7861434736963534,0.5953419229957609,0.2826445680997747,0.2881265409582456,0.35950805573458994,angry,05,07,07,male,normal,748
30,1.0010000000000001,True,1.0,0.5753275556564201,0.5225107419763602,0.5489191488163901,0.9713387465958366,-0.03847222222222213,-0.03967592592592595,0.364806141666349,0.2227339377540519,0.21529053571627524,0.5651160841057125,0.05281681368005997,0.0012037037037038179,0.04139034625547323,0.3306866774524339,0.1250129048487673,0.11005202153497019,0.0,0.6983669436411186,0.5939452943130378,0.28045369359715233,0.29498240156981,0.3732529893704167,angry,05,07,07,male,normal,748
40,1.3346666666666667,True,1.0,0.5564222269997129,0.48249901524222405,0.5194606211209685,0.7946598859669456,-0.037453703703703656,-0.03921296296296306,0.36912747976917576,0.20811708212699545,0.21737374677619029,0.6536892452912563,0.07392321175748884,0.0017592592592594047,0.04210287902546223,0.398944543220154,0.12452483838836946,0.110776091258574,0.0,0.9999999987499999,0.5945031840626877,0.2814773696917388,0.2929611279259494,0.3671951904988975,angry,05,07,07,male,normal,748
50,1.6683333333333334,True,1.0,0.6187836792512389,0.5463565324079144,0.5825701058295767,0.8811887331220347,-0.03787037037037039,-0.03935185185185186,0.32408776278163326,0.2015455094603663,0.22013888888888888,0.6611184232525784,0.07242714684332452,0.0014814814814814725,0.042963355268829544,0.39109718207227273,0.12285623092738138,0.11262381760652643,0.0,0.6961238051405804,0.5939733210159064,0.28114183881045246,0.29654024738599133,0.3753684964293608,angry,05,07,07,male,normal,748
60,2.0020000000000002,True,1.0,0.5747168029646843,0.500721175709717,0.5377189893372006,1.0027599480783498,-0.03865740740740742,-0.0382407407407408,0.35265892359268075,0.2029750185668228,0.2152777777777778,0.5362389975463863,0.07399562725496733,0.0004166666666666208,0.04409992169082612,0.32136585429373415,0.12534586643049206,0.10984621768194368,0.0,0.6967066113037083,0.5944223036949154,0.27976368421689335,0.3052272932786769,0.3846912731060624,angry,05,07,07,male,normal,748
70,2.3356666666666666,True,1.0,0.5996216225295914,0.5331784964872298,0.5664000595084107,1.0829830758653567,-0.03675925925925938,-0.0383796296296296,0.3349361471645142,0.2563836597617639,0.21597363525015603,0.5229999176633755,0.06644312604236158,0.0016203703703702166,0.04269334873735422,0.30360605751736547,0.12539571530945795,0.10978930891625495,0.0,0.6862053929217057,0.5917265249771784,0.2804883692399623,0.30033700362984933,0.37593520885946435,angry,05,07,07,male,normal,748
80,2.6693333333333333,True,1.0,0.6422491567256967,0.5812879696687978,0.6117685631972473,1.0982582063421993,-0.0408796296296296,-0.043333333333333335,0.30328097195377685,0.40759561492184176,0.21805870448037062,0.5570352760984789,0.0609611870568989,0.0024537037037037357,0.04240641496237218,0.29845027559979137,0.12416773639571482,0.11117621602053397,0.0,0.6881619529234492,0.5917138021771209,0.27814439123657697,0.29030687673027633,0.3604919739007757,angry,05,07,07,male,normal,748
90,3.003,True,1.0,0.5969105136889883,0.5160634823607767,0.5564869980248826,0.8628504273140062,-0.03791666666666671,-0.040694444444444366,0.344410556606044,0.22566105561774658,0.21737374677619029,0.6449402821265189,0.08084703132821158,0.002777777777777657,0.04809614092546974,0.3747983553065214,0.12590097469585726,0.10920953411266192,0.0,0.7071067807446058,0.5905712446228492,0.2797870462348538,0.2942761766896798,0.36176480993978166,angry,05,07,07,male,normal,748
100,3.336666666666667,True,1.0,0.5616991503198125,0.5101270305717808,0.5359130904457967,0.624302404005787,-0.03583333333333327,-0.038472222222222185,0.35613862128651136,0.1324891502912172,0.21736427009624287,0.8584190722431193,0.051572119748031775,0.002638888888888913,0.05309179640050309,0.5172391407956081,0.12727340994439357,0.10760695559200785,0.0,0.7731798044604219,0.5923780797084459,0.2796206000744339,0.2904467837257533,0.3589012209325877,angry,05,07,07,male,normal,748
110,3.6703333333333332,True,1.0,0.58486422747231,0.5126804402532472,0.5487723338627786,0.5880575371357392,-0.038842592592592484,-0.04046296296296292,0.35378315931838933,0.12012753636465266,0.21667934282830684,0.9331949668321443,0.07218378721906282,0.0016203703703704386,0.05550633625640467,0.5254284341788173,0.12631918318646218,0.10872553393610392,0.0,0.7104429831525771,0.5919758845178696,0.27996985768691807,0.29046917252276816,0.3577455213255183,angry,05,07,07,male,normal,748
0,0.0,True,1.0,0.5939978124573608,0.549718501967946,0.5718581572126534,0.8300314640346501,-0.04162037037037042,-0.04356481481481478,0.335690984734512,0.24318217810889792,0.21187614445887956,0.6889596141728681,0.0442793104894148,0.0019444444444443598,0.04606729672086944,0.3892958497771527,0.1253359769219932,0.10985750160665114,0.0,0.6929660068614402,0.605315104221376,0.2778191200548724,0.2835072462191416,0.3645228611750978,angry,05,07,07,male,normal,749
10,0.33366666666666667,True,1.0,0.6340032667107296,0.5765676368071994,0.6052854517589645,0.874630616339434,-0.03995370370370377,-0.04180555555555554,0.33761673770078976,0.2508226613500614,0.21255169407993438,0.6920469515373794,0.05743562990353024,0.0018518518518517713,0.03306737354379617,0.3793476328331354,0.12412456753533292,0.11053711464451324,0.0,0.7274431949896841,0.6033949576783838,0.27967326256221187,0.2855989437937313,0.3646740829054761,angry,05,07,07,male,normal,749
20,0.6673333333333333,True,1.0,0.5881471692728626,0.555230124163656,0.5716886467182594,0.9072355573906953,-0.038194444444444475,-0.038611111111111096,0.33849493325722435,0.23367114422335933,0.21392455581158973,0.6301435631144087,0.032917045109206566,0.0004166666666666208,0.034753661331147996,0.35260834347288206,0.12572532561066166,0.10941170079323002,0.0,0.7071067807446058,0.5951354461003152,0.27961557969971135,0.2891079218236724,0.36301302194776797,angry,05,07,07,male,normal,749
30,1.0010000000000001,True,1.0,0.5818092324043123,0.5506140317667194,0.5662116320855158,1.0506899377038494,-0.03828703703703712,-0.03958333333333336,0.3794676847444565,0.18340270514197485,0.2153376626567073,0.5388950743383915,0.031195200637592846,0.0012962962962962399,0.03498098324290821,0.30012734347938225,0.12502768635145584,0.11020823660558053,0.0,0.684920095505603,0.5905496374878078,0.2824720151031327,0.31172794009239185,0.392385499347721,angry,05,07,07,male,normal,749
40,1.3346666666666667,True,1.0,0.6007952188429148,0.5552301241636578,0.5780126715032863,0.9661123385456675,-0.03874999999999995,-0.04027777777777786,0.3518683222935705,0.2719310521247245,0.2166839201488774,0.5982872264869268,0.04556509467925696,0.0015277777777779056,0.03536210168003497,0.3273039157141915,0.12218265735430674,0.11318600648536359,0.0,0.7915709435566337,0.597736677850828,0.27953629852756856,0.2977732930654428,0.37966120604384485,angry,05,07,07,male,normal,749
50,1.6683333333333334,True,1.0,0.5609976929133316,0.5045156717476804,0.532756682330506,0.6916589813832219,-0.039305555555555594,-0.040231481481481424,0.34068688135161956,0.134017698546817,0.2194726037952607,0.7702591836009511,0.05648202116565115,0.0009259259259258301,0.032111789135965844,0.49375142797864763,0.12438989298831331,0.1107557147273528,0.0,0.8790831965349705,0.5967813573476265,0.2797632774818353,0.305096964431456,0.3817969281411256,angry,05,07,07,male,normal,749
60,2.0020000000000002,True,1.0,0.5260674929255043,0.4751741332497957,0.5006208130876499,0.8288070303752421,-0.035648148148148096,-0.03759259259259262,0.38424281754602446,0.012359369631951368,0.2166951869875865,0.6040257801155403,0.05089335967570857,0.0019444444444445264,0.03536101763705475,0.3738669958508504,0.12414407645065689,0.11120263509565152,0.0,0.8145316193184743,0.5906480514236946,0.2829341875961103,0.3115949122897937,0.3943762282811755,angry,05,07,07,male,normal,749
70,2.3356666666666666,True,1.0,0.57309915500709,0.530687702399339,0.5518934287032145,1.204894033490904,-0.0368518518518518,-0.03893518518518513,0.3469506157534578,0.3251270671176281,0.2166951869875864,0.45804312525660856,0.04241145260775092,0.002083333333333326,0.03015270320461281,0.27986106624962853,0.12430174535499762,0.11102636566071247,0.0,0.729871314665755,0.5882198646646158,0.282649002351836,0.3047186421365938,0.37955522223043847,angry,05,07,07,male,normal,749
80,2.6693333333333333,True,1.0,0.5654225757996758,0.5173489681821744,0.5413857719909251,1.161285741054502,-0.036527777777777715,-0.03749999999999998,0.3046501755855895,0.3762421060817,0.2222895032968161,0.46619514289336,0.04807360761750146,0.0009722222222222632,0.03723472299662422,0.298901154769624,0.12455702630970757,0.11073989781073516,0.0,0.9999999987499999,0.5964479303440126,0.27753254481152645,0.29649240369575774,0.3686436343610168,angry,05,07,07,male,normal,749
90,3.003,True,1.0,0.5769718073440037,0.5227236276826275,0.5498477175133156,0.9121210444358375,-0.03583333333333327,-0.038842592592592595,0.3415907192328455,0.23833173355337045,0.2202068064974311,0.6028231898249928,0.054248179661376184,0.0030092592592593226,0.04831621412070337,0.3660377300151869,0.12193931756278187,0.11294319285290216,0.0,0.9841970280818099,0.5970927834649485,0.2766947066933266,0.28467275379656426,0.3654711114303732,angry,05,07,07,male,normal,749
100,3.336666666666667,True,1.0,0.5454432337413386,0.4968212213229846,0.5211322275321616,0.4613359711342957,-0.034629629629629566,-0.03865740740740742,0.3648319489834014,0.06569338006956828,0.2209331550752438,1.1296154216001055,0.04862201241835401,0.004027777777777852,0.04367483670884006,0.6666172919009732,0.12508615287493915,0.11014187273325336,0.0,0.8693042688361412,0.5971033446034664,0.27454544755938226,0.2832907218503825,0.3616832118311166,angry,05,07,07,male,normal,749
110,3.6703333333333332,True,1.0,0.5753818076754699,0.5275557928159126,0.5514688002456912,0.4628851137047583,-0.03439814814814812,-0.03787037037037044,0.3641570688784914,0.06599022804505561,0.21883926750014485,1.1913729431304074,0.047826014859557286,0.003472222222222321,0.04562250129254474,0.6631113065295394,0.1258395088528781,0.1092803540540167,0.0,0.933270053813338,0.5983668076058548,0.27524198765589897,0.2838188637071176,0.3648611483323708,angry,05,07,07,male,normal,749
0,0.0,True,1.0,0.5925701551742649,0.5858804236838363,0.5892252894290506,0.7741719971157065,-0.037916666666666654,-0.03560185185185194,0.3360258886296658,0.20491541820088,0.20833479817193357,0.7611038524052762,0.006689731490428619,0.002314814814814714,0.01593010251539947,0.43012089796198255,0.12545916130487,0.10971680188097518,0.0,0.9999999987499999,0.6146180239517682,0.28537261993367635,0.2805938648601483,0.3591177698179806,angry,05,07,07,male,normal,750
10,0.33366666666666667,True,1.0,0.5975617841551066,0.5935045706662627,0.5955331774106847,0.776497546248876,-0.03768518518518521,-0.03837962962962971,0.3416610935405463,0.1941243865622196,0.20833479817193346,0.7669479192659415,0.004057213488843914,0.0006944444444444975,0.015407215394694853,0.40024038461538514,0.12412911963812516,0.11121933028059254,0.0,0.908937404005294,0.6160712820831459,0.28578058023215475,0.2801612022504145,0.35805790700645806,angry,05,07,07,male,normal,750
20,0.6673333333333333,True,1.0,0.37932593532034686,0.3871028726297054,0.38321440397502615,0.7574444246555933,-0.048518518518518516,-0.0476388888888889,0.35696762993619574,0.18569415414852303,0.20833662920570015,0.505930721120922,0.0077769373093585226,0.0008796296296296191,0.0158187012263136,0.42598628130636185,0.12419680789186632,0.11114373882372362,0.0,0.693996511506728,0.6135450445568853,0.28682038601264687,0.2828518031786991,0.360383471020009,angry,05,07,07,male,normal,750
30,1.0010000000000001,True,1.0,0.6139398998064369,0.5618803310720116,0.5879101154392243,0.9091960712543184,-0.03967592592592606,-0.04027777777777769,0.35247114266203294,0.17315259901056076,0.2097254962679616,0.6466263262974168,0.0520595687344253,0.0006018518518516314,0.015405252708024569,0.34815878012921647,0.12435155520816339,0.1107987569418792,0.0,0.7071067807446058,0.6163426344756653,0.2849483414096025,0.2859723711778808,0.3715946457989859,angry,05,07,07,male,normal,750
40,1.3346666666666667,True,1.0,0.5143516020346258,0.48701505902818615,0.500683330531406,0.8776930147055276,-0.0369444444444445,-0.03671296296296306,0.33926617920078234,0.18158311887445053,0.21041811700201477,0.5704538171576868,0.027336543006439673,0.00023148148148144365,0.01071467121666763,0.3786077157562243,0.12377001240713659,0.11161882367614244,0.0,0.6928829041020241,0.6120444485606743,0.28564254750907053,0.28858741371845636,0.3724030208824647,angry,05,07,07,male,normal,750
50,1.6683333333333334,True,1.0,0.48934060037629507,0.4672501465176837,0.47829537344698936,1.0145684537971749,-0.03935185185185186,-0.0381481481481481,0.3761127738564523,0.21641692460873854,0.21527777777777773,0.4714274050773973,0.02209045385861136,0.0012037037037037623,0.01390047094585521,0.34521871789643843,0.12520621218833547,0.11000537350361483,0.0,0.7966390157453254,0.6165491544664741,0.28596385138467345,0.2961227161670873,0.384550227215844,angry,05,07,07,male,normal,750
60,2.0020000000000002,True,1.0,0.5418196024778061,0.5260465501192044,0.5339330762985053,0.6942206079870937,-0.0383796296296296,-0.0380092592592593,0.36853501840503167,0.13883533620176589,0.21111111111111103,0.7691115333591936,0.015773052358601714,0.00037037037037029874,0.014275469980603058,0.4724701024472773,0.12452801138953064,0.11077252434424135,0.0,0.812537041038981,0.6149835361488346,0.282796869055988,0.28201147316084335,0.366768452659983,angry,05,07,07,male,normal,750
70,2.3356666666666666,True,1.0,0.5009653064064066,0.4903238784392721,0.4956445924228393,1.095560657858833,-0.04212962962962963,-0.0440740740740741,0.36652496651225325,0.16641005886756932,0.2131948023049951,0.4524118211688329,0.010641427967134465,0.0019444444444444708,0.017754840262332653,0.2779711841155467,0.1243746614050133,0.11094467707256682,0.0,0.9135083549580831,0.6137610656684549,0.28453047809181053,0.2958696019344384,0.39091156133262417,angry,05,07,07,male,normal,750
80,2.6693333333333333,True,1.0,0.562384622742343,0.5400075751349191,0.5511960989386311,1.2397171367404252,-0.03856481481481483,-0.03837962962962965,0.2881848889254982,0.451552930447351,0.21597363525015603,0.4446144064668534,0.022377047607423872,0.00018518518518517713,0.010798382653049818,0.2735521877864367,0.12544884591858046,0.10972859621808917,0.0,0.8736678817737058,0.6068713448191777,0.28489400386408187,0.28749704371449925,0.36394556749766865,angry,05,07,07,male,normal,750
90,3.003,True,1.0,0.5632391728693099,0.5236426929983723,0.5434409329338411,0.859120275442285,-0.0366203703703703,-0.03722222222222221,0.3572033424436288,0.17592959945998826,0.21738954032473,0.632555124664089,0.03959647987093762,0.0006018518518519089,0.02261788356102555,0.3873784491094291,0.12480718137126827,0.1104578890271889,0.0,0.8970840318592238,0.6010635487945178,0.28396070097478293,0.285926401275674,0.3612142263639545,angry,05,07,07,male,normal,750
100,3.336666666666667,True,1.0,0.5597468312296136,0.5427615292148218,0.5512541802222177,0.6051161391625401,-0.03703703703703698,-0.03749999999999998,0.37220822277646454,0.04703153117384315,0.21737830947474363,0.9109890557292597,0.01698530201479176,0.0004629629629629983,0.02155684105560274,0.526507817038364,0.12424500853512102,0.11108985383169642,0.0,0.7000698637483128,0.6067267325602116,0.28459373956413364,0.2823696740672723,0.35895640014540997,angry,05,07,07,male,normal,750
110,3.6703333333333332,True,1.0,0.5987436744143276,0.5756053009749018,0.5871744876946148,0.6048800515490278,-0.03925925925925933,-0.0379166666666666,0.37477537296639357,0.04703153117384424,0.21528344806600502,0.9707288018358828,0.02313837343942582,0.0013425925925927285,0.01890791611619896,0.5128213247233984,0.12557988814451396,0.10957859948025833,0.0,0.7416395466957768,0.6074195405037015,0.2836472796828889,0.28302563183156654,0.36317534527564077,angry,05,07,07,male,normal,750
0,0.0,True,1.0,0.6103517870391183,0.6170959164452221,0.6137238517421701,0.7227248519292266,-0.04555555555555557,-0.04287037037037045,0.3596987838395703,0.2044411683640699,0.1980557779337933,0.8491805008557662,0.006744129406103805,0.002685185185185124,0.005381195253911676,0.3929425768163784,0.1276929720533663,0.10710874221499152,0.0,0.6920939500225408,0.6244548622886655,0.2863359793106861,0.285561362441845,0.3724658152309066,angry,05,07,07,male,normal,751
10,0.33366666666666667,True,1.0,0.622525270945279,0.6015740146137472,0.612049642779513,0.7123521825147667,-0.045694444444444426,-0.04240740740740745,0.36713466191697885,0.2082824951984493,0.1980280405519255,0.8591952938486652,0.02095125633153183,0.0032870370370369772,0.004239042732559148,0.403652075876996,0.12531282759171208,0.10988390697161116,0.0,0.8400443317607749,0.6282740215695652,0.2852833895437111,0.2813536025119727,0.37113384969794283,angry,05,07,07,male,normal,751
20,0.6673333333333333,True,1.0,0.618886040496476,0.6208976997368704,0.6198918701166731,0.7853388889835982,-0.045277777777777806,-0.04249999999999998,0.36537887959378995,0.23694455642998458,0.19669890365235193,0.7893304136752352,0.00201165924039437,0.0027777777777778234,0.003028609299510493,0.3786077157562251,0.12690429472062614,0.10804201845601719,0.0,0.7078660511704196,0.6272266421021534,0.28548081115255824,0.28495403196685076,0.37358900115025107,angry,05,07,07,male,normal,751
30,1.0010000000000001,True,1.0,0.5794580933673068,0.6061852173288015,0.5928216553480541,0.8807972834525152,-0.04574074074074075,-0.04273148148148154,0.3585234411987653,0.2339256408105567,0.2008175751955657,0.67305118497225,0.02672712396149468,0.0030092592592592116,0.003813636568136075,0.34414182701573165,0.12452663029223651,0.11077407692374422,0.0,0.9725757360785944,0.6285302783222665,0.2794183337796295,0.28306357531999865,0.37314436877954305,angry,05,07,07,male,normal,751
40,1.3346666666666667,True,1.0,0.5516117717939416,0.5626007576367946,0.5571062647153682,0.8065726545658577,-0.043703703703703745,-0.04157407407407404,0.3605040367528708,0.23239172889032556,0.2001102143829511,0.6907080987207951,0.010988985842853016,0.0021296296296297035,0.008890011919287743,0.3908720667114859,0.1252060757231875,0.11000552882647432,0.0,0.9064200222336598,0.6305875643773133,0.2776735136023427,0.284189320452864,0.37168287595225835,angry,05,07,07,male,normal,751
50,1.6683333333333334,True,1.0,0.5253961874339286,0.5341339069801564,0.5297650472070425,1.0056776223916595,-0.04328703703703707,-0.039444444444444504,0.331749360575807,0.38451064157524684,0.19937023807184537,0.5267742220883647,0.008737719546227818,0.003842592592592564,0.00618846271873846,0.3394614748051734,0.1271635713973563,0.107736734125817,0.0,0.748239792370124,0.6257348257975065,0.27972751519777417,0.2958774950828862,0.3832992736798694,angry,05,07,07,male,normal,751
60,2.0020000000000002,True,1.0,0.52211054665836,0.545344689600371,0.5337276181293655,1.1752548347389355,-0.042407407407407505,-0.03921296296296306,0.341590752410463,0.2579584926229576,0.20287407340637148,0.45413777706170827,0.023234142942010982,0.003194444444444444,0.0014371047408971776,0.25495619272908787,0.12610464907166147,0.10897428711864228,0.0,0.8855374985263483,0.6262939570203081,0.27917466551240194,0.30495774509225076,0.4003343632927898,angry,05,07,07,male,normal,751
70,2.3356666666666666,True,1.0,0.5697716321605936,0.5660691145838285,0.567920373372211,1.318400180059055,-0.04444444444444451,-0.04212962962962974,0.33238196863471065,0.4518022740755502,0.20213769135755233,0.43076478747657043,0.0037025175767650964,0.0023148148148147696,0.00118519452373495,0.2528039396573819,0.12395363010352957,0.11141487941171421,0.0,0.7432742869381417,0.6205701701071054,0.2803031778983564,0.2968020735664986,0.3907068804827256,angry,05,07,07,male,normal,751
80,2.6693333333333333,True,1.0,0.614043259958107,0.565132735373014,0.5895879976655605,1.265457666567001,-0.042962962962962925,-0.04097222222222213,0.29253520886172046,0.5483033081928707,0.20903361760483902,0.4659089065105001,0.04891052458509304,0.001990740740740793,0.009351771816815825,0.2777888861673374,0.12505545369951068,0.11017672744429005,0.0,0.6805135420833751,0.6199915669314601,0.27854373198594207,0.2922728149531246,0.3727045472002761,angry,05,07,07,male,normal,751
90,3.003,True,1.0,0.5756419250163963,0.5801732250555155,0.5779075750359559,0.8452529773442504,-0.04124999999999995,-0.04009259259259251,0.3455540308290752,0.22539088930302872,0.2097254962679616,0.6837095999965802,0.004531300039119168,0.0011574074074074403,0.010563918531922921,0.36598858678991986,0.1260219068686639,0.10906996268288122,0.0,0.6795909908567268,0.61820058974371,0.2793771403484338,0.2920339055369555,0.3668277485341296,angry,05,07,07,male,normal,751
100,3.336666666666667,True,1.0,0.6269644656625023,0.6033791730846905,0.6151718193735964,0.6230556201545048,-0.04175925925925916,-0.039953703703703713,0.36899601998812687,0.12593677428654843,0.20833662920570015,0.9873465537812606,0.023585292577811834,0.0018055555555554492,0.016087255063152017,0.47872340425531923,0.12639997245339,0.10863160099366558,0.0,0.6940990576514767,0.6207400274484794,0.27765662518510903,0.28668783597970043,0.3632914011193245,angry,05,07,07,male,normal,751
110,3.6703333333333332,True,1.0,0.6128502486111074,0.5809602264260885,0.5969052375185979,0.5745649805883558,-0.041435185185185075,-0.041388888888888864,0.3661665669415458,0.12025778663477278,0.20903690243586576,1.0388820371672594,0.03189002218501891,4.6296296296211015e-05,0.01471929629710404,0.5368411636274225,0.12813640944518395,0.10657785110097129,0.0,0.6864584085715693,0.6237813498133628,0.27716095001621305,0.2875542237657889,0.3676056871520927,angry,05,07,07,male,normal,751
0,0.0,True,1.0,0.626964465662503,0.599237127593986,0.6131007966282445,0.7732897836491672,-0.0381481481481481,-0.03759259259259251,0.3648177705590897,0.149224095784698,0.2034962182475374,0.792847402864954,0.027727338068517016,0.0005555555555555869,0.01286591459776296,0.4045855632064731,0.12634277304396174,0.10869812082053282,0.0,0.867934176247488,0.6181674685108418,0.2795401361929356,0.2905893539711084,0.3712797016951204,angry,05,07,07,male,strong,752
10,0.33366666666666667,True,1.0,0.6016032347698568,0.5762145599105792,0.588908897340218,0.7660879558229705,-0.03967592592592584,-0.03884259259259254,0.3607887167513226,0.17092418929545505,0.20417600856869392,0.7687223025293254,0.025388674859277538,0.0008333333333332971,0.013947432937620389,0.4116435023591304,0.12433171798337508,0.11099280009698821,0.0,0.7485082059995095,0.6208346518060349,0.27962416673073953,0.2868478853232806,0.3725789968645823,angry,05,07,07,male,strong,752
20,0.6673333333333333,True,1.0,0.5917504508411654,0.5856961214718412,0.5887232861565033,0.7827529021558877,-0.03939814814814813,-0.041620370370370474,0.3707418536562548,0.13266998341625266,0.2028082512612207,0.7521189439668883,0.006054329369324152,0.0022222222222223476,0.017324942823072585,0.38135593220338965,0.1228926535245677,0.11258407293980323,0.0,0.9055058966888738,0.6214997222404587,0.2809229512659619,0.28574577240182625,0.37418696312687516,angry,05,07,07,male,strong,752
30,1.0010000000000001,True,1.0,0.5278664892055279,0.5078129566061247,0.5178397229058262,1.1328897064125691,-0.038425925925925974,-0.03939814814814818,0.3999072438851803,0.2339270041318197,0.2027962129013617,0.4570963263013729,0.020053532599403234,0.0009722222222222077,0.008176550799743908,0.28204146699460997,0.12273795225817255,0.11275270659902242,0.0,0.7754541790891817,0.6231835130692902,0.28229364256986456,0.30812371819380363,0.40508214683913835,angry,05,07,07,male,strong,752
40,1.3346666666666667,True,1.0,0.5535081565544462,0.49831150898908344,0.5259098327717648,1.0776217051191648,-0.035648148148148096,-0.03555555555555551,0.29847350045581417,0.26525079540942315,0.2041801188701787,0.48802824801455635,0.055196647565362744,9.259259259258856e-05,0.012405454611193537,0.3028732746505383,0.12251408096750009,0.11265819916694575,0.0,0.8396630545143365,0.6103048812493748,0.2828405250592694,0.3054946870536122,0.39194596992124353,angry,05,07,07,male,strong,752
50,1.6683333333333334,True,1.0,0.5855227271629152,0.5722960862818482,0.5789094067223817,1.9918440320291764,-0.04351851851851857,-0.041250000000000064,0.29832540427280857,0.7488697428886437,0.2007324558209925,0.29063992833446,0.013226640881066953,0.002268518518518503,0.006484240255212878,0.1953889874267542,0.12259133630301339,0.11291209870181292,0.0,0.8165056214126687,0.6112830151122949,0.28431075132488076,0.3104943415849871,0.40418540318691254,angry,05,07,07,male,strong,752
60,2.0020000000000002,True,1.0,0.5470087922040631,0.5464430964554893,0.5467259443297762,0.38739283827080156,-0.03972222222222216,-0.03939814814814807,0.3416165145499006,0.2221993871640685,0.1951705550945909,1.411295951598349,0.0005656957485737912,0.0003240740740740877,0.007193582914794901,0.7918454887716545,0.12501982969056225,0.11021714909345312,0.0,0.7880681084072919,0.6248129070847089,0.2737822134827529,0.2912538373119012,0.37845864185402545,angry,05,07,07,male,strong,752
70,2.3356666666666666,True,1.0,0.5831865814126882,0.5656756791947667,0.5744311303037275,1.2850390522884931,-0.03962962962962957,-0.040416666666666656,0.2843517051631959,0.5816734371196566,0.20210183180206892,0.4470145318002109,0.01751090221792151,0.000787037037037086,0.007589733236110222,0.2663594975476681,0.12250748368695644,0.11300307168580807,0.0,0.7607330188745108,0.6185903495226215,0.28090307288245836,0.2913314157063916,0.3752991610873472,angry,05,07,07,male,strong,752
80,2.6693333333333333,True,1.0,0.6048218657654774,0.5987676596274389,0.6017947626964582,0.9179719219769671,-0.04009259259259246,-0.04129629629629633,0.3398022914334672,0.254982037245757,0.20280825126122082,0.6555699017464696,0.0060542061380384204,0.0012037037037038734,0.010546871107676178,0.3392721912695355,0.12427287342749258,0.11088699992502171,0.0,0.9999999987499999,0.6210114375515831,0.2789563919496435,0.29227705422070605,0.37818865635538307,angry,05,07,07,male,strong,752
90,3.003,True,1.0,0.6165868783242158,0.5987676596274378,0.6076772689758267,0.6154326904298343,-0.040555555555555456,-0.03935185185185186,0.36010643677047316,0.13675213675213627,0.2007404372956028,0.9873984245968622,0.01781921869677794,0.0012037037037035958,0.006155429545672742,0.4874619185251145,0.12550149135339506,0.10966837939117056,0.0,0.7878622331616651,0.625246730231155,0.2764038569318067,0.28513367365752,0.3723214233674307,angry,05,07,07,male,strong,752
100,3.336666666666667,True,1.0,0.6027299163262211,0.5806671636472024,0.5916985399867117,0.5880341880341882,-0.03893518518518507,-0.038611111111111096,0.3590467534204213,0.12307692307692264,0.20212108351226904,1.0062315287564718,0.022062752679018693,0.0003240740740739767,0.010623449214258035,0.5107041905851496,0.12608741397156314,0.10899422832551466,0.0,0.7990774377713059,0.6233614034363746,0.2752410895120963,0.2848973736105397,0.3710564271042078,angry,05,07,07,male,strong,752
0,0.0,True,1.0,0.5922786950686549,0.6086964356142953,0.6004875653414752,0.8731174150782653,-0.04023148148148148,-0.040925925925925866,0.3430380613706224,0.2433278042021397,0.20349621824753736,0.6877512176156149,0.01641774054564038,0.0006944444444443865,0.0012699543797189607,0.3507930988097314,0.12753931735532273,0.10729165997017714,0.0,0.7066565526588853,0.6189261633168892,0.279357386426119,0.28219301615286946,0.3608487499667175,angry,05,07,07,male,strong,753
10,0.33366666666666667,True,1.0,0.6384382823567565,0.6547784245351891,0.6466083534459728,0.8525576692498852,-0.04078703703703701,-0.03999999999999998,0.34743223571776055,0.2202440645562206,0.20279132211353695,0.7584335661596769,0.016340142178432604,0.0007870370370370305,0.004044806031985332,0.34727516957418275,0.1251536095548724,0.11006521605682136,0.0,0.891754823409171,0.6222760311937274,0.2811405248555178,0.2869584071176827,0.36313460088737337,angry,05,07,07,male,strong,753
20,0.6673333333333333,True,1.0,0.5499437974628562,0.552481167820938,0.5512124826418972,1.1059147573993462,-0.038981481481481395,-0.03981481481481469,0.37051776724144314,0.2398314277702035,0.20139835963871916,0.49842221469050724,0.0025373703580818807,0.0008333333333332971,0.004850821432161452,0.2788979137425914,0.1265366003514349,0.1082966416588168,0.0,0.688624031256547,0.6194463930884854,0.2808439071368302,0.2992102780552227,0.3827120940524473,angry,05,07,07,male,strong,753
30,1.0010000000000001,True,1.0,0.48700426867915336,0.4839413303484804,0.4854727995138169,1.2584155923550027,-0.039166666666666516,-0.037546296296296244,0.3968900544091559,0.302261894164022,0.20000610342249558,0.38578097924335286,0.0030629383306729485,0.001620370370370272,0.0045720661685515395,0.2759053356245653,0.1233977387916775,0.11186005490625023,0.0,0.8147627309873494,0.6167787984803297,0.2808515347153734,0.3170640504407633,0.403294044038051,angry,05,07,07,male,strong,753
40,1.3346666666666667,True,1.0,0.48854849782280424,0.49023377995335293,0.4893911388880786,1.0914955848714145,-0.03837962962962954,-0.03749999999999992,0.3531097306815053,0.3615489753838407,0.20347559683427638,0.44836749288888067,0.0016852821305486931,0.0008796296296296191,0.001077825622514822,0.33772305399919095,0.12320857268089615,0.11206837841365885,0.0,0.9999999987499999,0.6103573728084984,0.28435807667501406,0.3044755093516677,0.37902347209267573,angry,05,07,07,male,strong,753
50,1.6683333333333334,True,1.0,0.4993155692111139,0.5080850548296721,0.503700312020393,1.193767993142248,-0.03925925925925916,-0.03898148148148145,0.32216883730495066,0.37018165470654363,0.20208333333333328,0.42194154552137725,0.008769485618558226,0.0002777777777777102,0.008679689638186454,0.2788132427272715,0.12684490011473007,0.10811174351220798,0.0,0.6996179615803453,0.6044400708642832,0.2826982610015455,0.31036992629973104,0.3885845033257826,angry,05,07,07,male,strong,753
60,2.0020000000000002,True,1.0,0.45852533538402135,0.4622127778479421,0.4603690566159817,1.0026877438587936,-0.03824074074074074,-0.03504629629629635,0.3691677757503284,0.2638579688507255,0.19792013600303546,0.4591350192875346,0.003687442463920776,0.0031944444444443887,0.0034132986836126465,0.31851973658664945,0.13130290020595087,0.10265147913513564,0.0,0.9513548948718942,0.5673998809367498,0.24605280089830608,0.307658208476188,0.37010460829246405,angry,05,07,07,male,strong,753
70,2.3356666666666666,True,1.0,0.5567765972859305,0.5510710441846511,0.5539238207352908,1.3332882334810043,-0.03814814814814804,-0.03722222222222216,0.316962153185698,0.45205419443010497,0.20000038146936272,0.4154569183357176,0.005705553101279404,0.0009259259259258856,0.0025557715288477326,0.2521340934156768,0.12366381929982187,0.11156582639209861,0.0,0.949573141717798,0.6014873066414066,0.28270944497488515,0.28840845221922873,0.36349822357548134,angry,05,07,07,male,strong,753
80,2.6693333333333333,True,1.0,0.5086944771669044,0.5222536083463332,0.5154740427566188,0.9407941400952337,-0.03671296296296289,-0.036018518518518505,0.3278284846411936,0.25385496704290084,0.20492404007142406,0.5479137473203638,0.013559131179428752,0.0006944444444443865,0.00329572528026561,0.3931620080750885,0.12488919247104456,0.11036515471008182,0.0,0.9334490055261395,0.602140483263618,0.28311590537187714,0.3011381265939717,0.37856852007608227,angry,05,07,07,male,strong,753
90,3.003,True,1.0,0.5994551282850842,0.5777412991798468,0.5885982137324655,0.9461736876693849,-0.041666666666666574,-0.040092592592592624,0.3376559369216782,0.26520572016356425,0.20430152228090084,0.6220826275377628,0.021713829105237337,0.00157407407407395,0.005021068868081486,0.3156932343352756,0.12510144160352552,0.10977795399701577,0.0,0.8110726969117384,0.5938439551601892,0.2807197438612198,0.2906286600741842,0.3725373724682693,angry,05,07,07,male,strong,753
100,3.336666666666667,True,1.0,0.5963875222834243,0.6126144410134353,0.6045009816484298,0.6183135258115533,-0.042175925925925895,-0.040000000000000036,0.36086005747224464,0.14109459352152945,0.2050580255435511,0.9776609380411109,0.01622691873001103,0.002175925925925859,0.00686947101798752,0.4909122093001508,0.1263742695810757,0.10866150081050822,0.0,0.7632605366403762,0.602180812473427,0.27920220776893756,0.2839991827727997,0.36222572220329585,angry,05,07,07,male,strong,753
110,3.6703333333333332,True,1.0,0.5967724599287108,0.6006614931495217,0.5987169765391163,0.6053721518746159,-0.043194444444444424,-0.0413425925925926,0.36173941380963515,0.13448512482412292,0.20501002414986685,0.9890064726055022,0.0038890332208109113,0.0018518518518518268,0.00483483897474841,0.5018146295600099,0.12841880936504832,0.10623740947519242,0.0,0.7448897846004953,0.6092396529080383,0.2809529083247622,0.29124531626046307,0.3677327682913964,angry,05,07,07,male,strong,753
0,0.0,True,1.0,0.59608681806926,0.5638351061160742,0.5799609620926671,0.6902064670551242,-0.04166666666666652,-0.04175925925925933,0.35662228881911623,0.14878663566850703,0.21321197890506985,0.8402717009696575,0.03225171195318577,9.259259259281061e-05,0.023483253662196783,0.453654836667787,0.12761842242653737,0.10719755607297228,0.0,0.740072498327259,0.6180598898778261,0.2756566683573882,0.2871427199142017,0.37019417181363506,angry,05,07,07,male,strong,754
10,0.33366666666666667,True,1.0,0.6115260148735939,0.6087589209645661,0.61014246791908,0.7361479084465017,-0.042916666666666714,-0.04259259259259257,0.35230777580059075,0.163552934691255,0.20973131666752298,0.8288313542949108,0.0027670939090278512,0.00032407407407414324,0.021539573160175417,0.41821876901168487,0.126949379813186,0.10798903988653621,0.0,0.8698936858554699,0.6202651579616222,0.27538068093642376,0.28825573983543507,0.36980977134846926,angry,05,07,07,male,strong,754
20,0.6673333333333333,True,1.0,0.6140961850067814,0.6033791730846904,0.608737679045736,1.2279316952844992,-0.042314814814814805,-0.0414351851851853,0.33327785953983274,0.35807449600152347,0.21180699638057293,0.49574229689111304,0.010717011922091069,0.0008796296296295081,0.018137984908207283,0.2688590143517897,0.1238674412402569,0.11099695008412662,0.0,0.8938263873086567,0.6165129774175295,0.27957960842762863,0.2953995063595533,0.3813834202269351,angry,05,07,07,male,strong,754
30,1.0010000000000001,True,1.0,0.594324636838517,0.5624867975823996,0.5784057172104583,1.384662950261881,-0.039861111111111125,-0.03888888888888886,0.2605541524195696,0.5144369483543094,0.21528344806600502,0.4177231124015159,0.031837839256117384,0.0009722222222222632,0.02296045314897002,0.2597877419312498,0.12483984899865729,0.11042096663371465,0.0,0.8184787321412267,0.6063397170508829,0.28250183976089255,0.30275076673101814,0.3859919463801211,angry,05,07,07,male,strong,754
40,1.3346666666666667,True,1.0,0.5948774603633984,0.5377298585452305,0.5663036594543145,1.2325424343353175,-0.03939814814814824,-0.03967592592592589,0.29332351436700954,0.3039929365208423,0.21250035903002762,0.4594597668028439,0.057147601818167915,0.00027777777777765467,0.017437715096470525,0.2936800219987118,0.1240815895891189,0.11127235458580696,0.0,0.8797266642079137,0.6073336471463585,0.2817708409192109,0.30595436462528497,0.3933916400633285,angry,05,07,07,male,strong,754
50,1.6683333333333334,True,1.0,0.49620353118068405,0.43508036834551966,0.46564194976310186,1.2689427347276783,-0.037268518518518534,-0.03750000000000009,0.3665583818769833,0.3464602717539964,0.20347822149384784,0.3669526898414616,0.06112316283516439,0.00023148148148155467,0.016472120739427804,0.2754867840972399,0.12104268647455176,0.11457070227757281,0.0,0.9999999987499999,0.6122744729141657,0.28069748682035756,0.31158431750349047,0.4026988507228838,angry,05,07,07,male,strong,754
60,2.0020000000000002,True,1.0,0.6299806841902434,0.604532773372044,0.6172567287811437,0.3783172148082263,-0.043333333333333446,-0.04310185185185189,0.3283115768327013,0.14547258036343577,0.21458333333333335,1.6315850947835902,0.025447910818199415,0.00023148148148155467,0.024122679756399718,0.779612813079807,0.12741991035918557,0.10743344085794684,0.0,0.737604311909747,0.6093679167526386,0.2718479401799729,0.29448982726163325,0.37420556828554163,angry,05,07,07,male,strong,754
70,2.3356666666666666,True,1.0,0.6516965099888893,0.6176756807833012,0.6346860953860952,0.8130919502836541,-0.05074074074074064,-0.05074074074074081,0.3291295239363187,0.21774855170050958,0.2284775650548879,0.7805834200728214,0.03402082920558813,1.6653345369377348e-16,0.018268071411502586,0.40210121221454626,0.12501908831359065,0.11021799003522142,0.0,0.9999999987499999,0.6080408327784239,0.2801800292714358,0.3107437358142467,0.38778405876163996,angry,05,07,07,male,strong,754
80,2.6693333333333333,True,1.0,0.6980133423282766,0.6682126714388225,0.6831130068835496,1.4212250935303496,-0.04851851851851857,-0.047685185185185275,0.30935976348569694,0.5424709650179536,0.21807794692183338,0.48065082019251726,0.02980067088945415,0.0008333333333332971,0.0071589667465083,0.2300732641503044,0.1243542874115801,0.11079569046226857,0.0,0.9999999987499999,0.5936207266578507,0.2763952989181452,0.29600893648420845,0.37478131010105276,angry,05,07,07,male,strong,754
90,3.003,True,1.0,0.6448399475582148,0.6252761537605875,0.6350580506594012,0.7340559132228084,-0.045277777777777806,-0.04250000000000015,0.3630837668028901,0.19317260874284453,0.2160008342362259,0.865135801265103,0.019563793797627294,0.002777777777777657,0.015489085273644008,0.4046052631578953,0.1271687171276756,0.10773066023456591,0.0,0.8589779290168847,0.5956706034757654,0.2720645336731964,0.29121561530077217,0.3730926965001155,angry,05,07,07,male,strong,754
100,3.336666666666667,True,1.0,0.63956837529712,0.625713031556179,0.6326407034266495,0.6877342791019886,-0.04430555555555554,-0.042037037037037095,0.3624483422424345,0.18814312192886223,0.21532065562714572,0.919891188574637,0.013855343740940995,0.0022685185185184475,0.009442319856786166,0.43511700429637634,0.12770441079536557,0.10709510368808609,0.0,0.7283774105186999,0.5977623769664115,0.27239946173322677,0.29182770698062993,0.3730239383484066,angry,05,07,07,male,strong,754
110,3.6703333333333332,True,1.0,0.6355652161185411,0.6522051845657009,0.6438852003421209,0.6798395404130365,-0.04518518518518522,-0.04342592592592592,0.36076951395242357,0.18952629175136582,0.2160008342362259,0.9471134908553988,0.01663996844715976,0.0017592592592592937,0.00559322260575919,0.4434058580089199,0.12654969127461366,0.10845715010452067,0.0,0.9636990755872998,0.5984559930534714,0.2736059822003114,0.29094149406098024,0.37259408332570765,angry,05,07,07,male,strong,754
0,0.0,True,1.0,0.5905598913921234,0.5633347938589089,0.5769473426255162,0.7931255350275642,-0.04055555555555568,-0.03851851851851845,0.35327741091075887,0.15725025415181865,0.2118286075798015,0.7274350870640737,0.02722509753321445,0.002037037037037226,2.539469283708905e-05,0.397984215582825,0.12522504666137854,0.10998393273051943,0.0,0.8834789121556003,0.6094176995251226,0.27801116498455736,0.2820287284260604,0.3658857217174546,angry,05,07,07,male,strong,755
10,0.33366666666666667,True,1.0,0.5769283281893618,0.5689474448769297,0.5729378865331458,0.7542468011387037,-0.040138888888888946,-0.039212962962962894,0.3615366424319658,0.14814814814814767,0.2111143636174089,0.7596159316395752,0.007980883312432074,0.0009259259259260522,0.007315654751014239,0.40176544676465564,0.1254430040975851,0.10973527460845926,0.0,0.8943801488644564,0.6075896843737496,0.2788585504687208,0.2840882491646195,0.36687410230058626,angry,05,07,07,male,strong,755
20,0.6673333333333333,True,1.0,0.5597058633084225,0.5478754067642114,0.553790635036317,1.1652661064425773,-0.0368518518518518,-0.03662037037037036,0.3314722588682365,0.25396825396825445,0.21459222176423376,0.47524821324030075,0.01183045654421111,0.00023148148148144365,0.0031598814053556312,0.3103610642125691,0.12729554169274268,0.10758077354125226,0.0,0.7117037609975658,0.5990291703634579,0.2816496043306895,0.2957415794341777,0.37866085301306196,angry,05,07,07,male,strong,755
30,1.0010000000000001,True,1.0,0.6058884688653082,0.5685507858287796,0.5872196273470439,1.3510456476138673,-0.03814814814814821,-0.03685185185185191,0.2755223190010257,0.3999368051025936,0.21392455581158978,0.4346408490224995,0.037337683036528624,0.0012962962962962954,0.001343424001607493,0.2593515933938515,0.12281632560666618,0.11266733304028036,0.0,0.9999999987499999,0.5958512049898084,0.2806958605386892,0.29661536359873497,0.3852333537838803,angry,05,07,07,male,strong,755
40,1.3346666666666667,True,1.0,0.501395251376486,0.4755157066936672,0.4884554790350766,1.07279068064658,-0.04013888888888889,-0.03921296296296306,0.3612636337705101,0.27487543441379014,0.21250897556871717,0.45531294020999546,0.025879544682818778,0.0009259259259258301,0.0006576926105581744,0.3173609895081543,0.12416612719156048,0.11117801324252528,0.0,0.7364586030757145,0.6000785848948954,0.27984124859025045,0.2989715338417314,0.3829006645223923,angry,05,07,07,male,strong,755
50,1.6683333333333334,True,1.0,0.5171876171560716,0.5151957967080539,0.5161917069320627,1.096869374354175,-0.038935185185185184,-0.03861111111111115,0.33916165777548835,0.32760134302892047,0.21529053571627524,0.4706045396116478,0.0019918204480177115,0.0003240740740740322,0.0017699817061029748,0.3224419064222307,0.12546238674009266,0.10971311354536455,0.0,0.82701661619154,0.5979349927861769,0.2792352779899606,0.3056464485128392,0.38344685756005575,angry,05,07,07,male,strong,755
60,2.0020000000000002,True,1.0,0.5028523287611465,0.49327125305747443,0.49806179090931046,1.2995099070126732,-0.037824074074074066,-0.0369907407407406,0.38557259963376683,0.26864475332393345,0.20973531809852544,0.38326894487034735,0.00958107570367206,0.0008333333333334636,0.0002571254221403668,0.25438479621592147,0.12462979162061051,0.11065799930809325,0.0,0.8646510659448878,0.601018679463973,0.27968720911606876,0.3182338501964719,0.41131735775564165,angry,05,07,07,male,strong,755
70,2.3356666666666666,True,1.0,0.5943528089970389,0.5843081220417009,0.5893304655193699,0.3259259259259258,-0.03921296296296295,-0.03810185185185189,0.32608695652173936,0.10370370370370327,0.21602308540490509,1.8081730192071583,0.010044686955338,0.0011111111111110628,0.003627906902986293,0.9204545454545457,0.12446903289414456,0.1108387911356466,0.0,0.8773198351735544,0.5946877889358868,0.2739869597254422,0.2890262926811567,0.37068739738502615,angry,05,07,07,male,strong,755
80,2.6693333333333333,True,1.0,0.502968827612275,0.47614433981184584,0.48955658371206046,1.0472902487156304,-0.03861111111111115,-0.037824074074074066,0.363426931208213,0.27175830240781607,0.21738954032472996,0.4674507227699675,0.026824487800429175,0.000787037037037086,0.0027642495981225635,0.32040327060467394,0.12577319573555445,0.10935666877195735,0.0,0.873000390552413,0.5968689652189001,0.27573231315676566,0.3106298172440376,0.384444652935377,angry,05,07,07,male,strong,755
90,3.003,True,1.0,0.6536450399378035,0.6559337276496507,0.6547893837937271,1.6049012258324484,-0.04175925925925916,-0.04162037037037031,0.2554013218615777,0.6344822618078727,0.2201513651224927,0.4079935719745578,0.0022886877118472038,0.0001388888888888551,0.0014798998104049916,0.1900322444626872,0.12556038159450505,0.10960095047083723,0.0,0.8851987661808295,0.5864857386548369,0.27971052724584555,0.292617013669875,0.3696641395167294,angry,05,07,07,male,strong,755
100,3.336666666666667,True,1.0,0.5769131936838313,0.5827937377114055,0.5798534656976184,0.9443533653715245,-0.04004629629629636,-0.03925925925925933,0.3440563508924784,0.24303211608826022,0.21877232028983928,0.6140217072975583,0.005880544027574208,0.0007870370370370305,0.007378713496432749,0.33088235294117646,0.12478955727696016,0.1104777994206059,0.0,0.8263996847384957,0.5970695626062925,0.2763708423296066,0.2925476190403736,0.36869477849256393,angry,05,07,07,male,strong,755
110,3.6703333333333332,True,1.0,0.6023216852213846,0.577606377726659,0.5899640314740218,0.7354515170006444,-0.040138888888888946,-0.03902777777777777,0.3563412793185092,0.1537038968766353,0.21807794692183333,0.8021793657861268,0.024715307494725614,0.0011111111111111738,0.010839750240399506,0.41951476878040805,0.12587463147229105,0.1092398962011842,0.0,0.9396028547951961,0.5974288108993598,0.2760355727551133,0.2928175619315659,0.36876619563392543,angry,05,07,07,male,strong,755
120,4.0040000000000004,True,1.0,0.5825564136797282,0.5778934063460283,0.5802249100128782,0.6597368493132548,-0.04009259259259246,-0.03847222222222202,0.3510499317332566,0.1615575632348244,0.21738954032472996,0.8794793115116374,0.004663007333699953,0.0016203703703704386,0.00895914046606924,0.4710744726215758,0.12505634533388493,0.11017571539138372,0.0,0.8129064126729912,0.5982592310908739,0.2766470627540398,0.29053124588585194,0.36870512006612627,angry,05,07,07,male,strong,755
0,0.0,True,1.0,0.6537094238146768,0.6819090322519119,0.6678092280332943,0.8660390687409559,-0.04814814814814822,-0.04500000000000004,0.336175526754005,0.3874196666374805,0.188214307974696,0.7711075078912464,0.028199608437235124,0.0031481481481481777,0.003261358900362905,0.3355099792443923,0.12545340685659356,0.10972338164039089,0.0,0.6995587302965878,0.6232323243594313,0.2942484380308765,0.2773144885027194,0.3676368401934689,fearful,06,07,07,male,normal,756
10,0.33366666666666667,True,1.0,0.6953222942136201,0.6885665858077735,0.6919444400106969,0.829671481252575,-0.05157407407407416,-0.04925925925925928,0.3467064153136809,0.32592592592592595,0.19166706472162018,0.8339981012316486,0.0067557084058466055,0.0023148148148148806,0.004786026788743657,0.3515447659190726,0.12813905088351688,0.1065746752723764,0.0,0.926367763247244,0.624759496892507,0.2939434599500829,0.28408750558711277,0.3746594603278579,fearful,06,07,07,male,normal,756
20,0.6673333333333333,True,1.0,0.6271939599017193,0.6415484769371992,0.6343712184194592,0.7259737559828583,-0.05069444444444454,-0.0468055555555556,0.3457804858730563,0.29629629629629645,0.18958494304490606,0.8738211446233575,0.014354517035479852,0.0038888888888889417,0.002592430653221358,0.39081355496280035,0.1267132262242915,0.10826604301632115,0.0,0.9721577000706669,0.6250530594425271,0.29540795800035263,0.28418417141292684,0.3757524534406174,fearful,06,07,07,male,normal,756
30,1.0010000000000001,True,1.0,0.6345356269713324,0.6307636600318476,0.63264964350159,0.8888419943729232,-0.050555555555555576,-0.04828703703703707,0.38508633254666813,0.2852153646084411,0.19097262172464521,0.7117683992281705,0.0037719669394847832,0.002268518518518503,0.001943516727698739,0.3274138344889567,0.1254406864400897,0.1097379239639929,0.0,0.8128798657585391,0.6166706405530963,0.29027362228778797,0.28781540387363785,0.38288749726025034,fearful,06,07,07,male,normal,756
40,1.3346666666666667,True,1.0,0.5903203697238445,0.6266547370782161,0.6084875534010303,0.8320502943378433,-0.05004629629629631,-0.04842592592592598,0.37150769553394514,0.37442263245202956,0.1972257037743489,0.7313110247563495,0.036334367354371566,0.0016203703703703276,0.005189071269640387,0.3566396504565607,0.12647367886515257,0.10854577985679749,0.0,0.9062951628532961,0.6167664576768208,0.28884829684251734,0.2912176003808039,0.38319310574571097,fearful,06,07,07,male,normal,756
50,1.6683333333333334,True,1.0,0.5894466131509306,0.6114163942296381,0.6004315036902843,1.0691416610240159,-0.049768518518518545,-0.0475462962962962,0.3492927908061187,0.3900809582890416,0.19583956661179178,0.5616014468234224,0.021969781078707507,0.0022222222222223476,0.009001768423318868,0.30524407338323023,0.12392169602952682,0.11127932007150354,0.0,0.9999999987499999,0.6181232483227667,0.28883184112823396,0.2995388645753573,0.3986369408374972,fearful,06,07,07,male,normal,756
60,2.0020000000000002,True,1.0,0.6124805508748012,0.6246213467982825,0.6185509488365419,0.8312386763062449,-0.04958333333333337,-0.04625000000000001,0.3559067961915052,0.35827568419855194,0.19797216875281845,0.7441315791334225,0.012140795923481273,0.003333333333333355,0.010346981953362132,0.3592332816963967,0.12172649611132583,0.11384391909241592,0.0,0.8092650951545656,0.6151545602147109,0.2892875783674895,0.2920310381898162,0.3760205174320958,fearful,06,07,07,male,normal,756
70,2.3356666666666666,True,1.0,0.6471087925991704,0.6509229768147008,0.6490158847069356,1.0578769405046797,-0.05175925925925928,-0.04749999999999993,0.34190432935274745,0.4692808627811906,0.19728758777933098,0.6135079231402006,0.0038141842155303696,0.0042592592592593514,0.015058004163319089,0.28552298110626556,0.12835883393084213,0.10630986559480612,0.0,0.7670612567334834,0.6098404136498351,0.2876740271265099,0.2944263355986432,0.3779238257070266,fearful,06,07,07,male,normal,756
80,2.6693333333333333,True,1.0,0.6186770341686512,0.6478500358313196,0.6332635349999853,0.8874882124546141,-0.05111111111111105,-0.04611111111111116,0.3395721558597467,0.369721770745431,0.1986664191881459,0.7135458545962043,0.029173001662668452,0.004999999999999893,0.013692872180977743,0.3297558160475816,0.127167146075781,0.10773251472723532,0.0,0.8770528722125421,0.6124202219872324,0.28609721594043863,0.29162536609665796,0.3766757857950378,fearful,06,07,07,male,normal,756
90,3.003,True,1.0,0.6219155187187856,0.6486950059911576,0.6353052623549715,0.8600047851843515,-0.05125000000000002,-0.04638888888888887,0.34308162695813194,0.335012582874911,0.20008581227910852,0.73872293887154,0.026779487272372005,0.004861111111111149,0.009743501927282338,0.3433889731431556,0.12589718521943413,0.10921390261418518,0.0,0.8548245545912269,0.6173753765021635,0.28694106794525975,0.28720951112773346,0.3762165650120436,fearful,06,07,07,male,normal,756
100,3.336666666666667,True,1.0,0.6279383467030911,0.6324076812487188,0.630173013975905,0.7902828794823274,-0.051296296296296284,-0.0464814814814814,0.3551760901765878,0.3104056437389772,0.2014267692164171,0.7974018295685439,0.004469334545627701,0.004814814814814883,0.011570699948908792,0.3715768129041959,0.12846626043012752,0.1061800249659105,0.0,0.7539546070870818,0.6188019973692602,0.2857758569385937,0.2913606342622491,0.3764694273602048,fearful,06,07,07,male,normal,756
0,0.0,True,1.0,0.6530595800012909,0.6817427637768322,0.6674011718890616,0.9696129602609059,-0.0521759259259259,-0.05013888888888901,0.3169777261446145,0.49286492950516625,0.183367038287288,0.6883170906765474,0.028683183775541243,0.002037037037036893,0.00815871187730635,0.3191714066544973,0.1268298255098917,0.10812942768564458,0.0,0.9666319279841049,0.6221786014327606,0.29279494886756446,0.279704358337429,0.37651555558190664,fearful,06,07,07,male,normal,757
10,0.33366666666666667,True,1.0,0.6571335041532483,0.6694936378243856,0.6633135709888169,1.0858709105887348,-0.052129629629629526,-0.04958333333333337,0.31049675911671154,0.5429157377997212,0.18683863413534252,0.6108585878124162,0.012360133671137308,0.0025462962962961577,0.0002482875276954215,0.2812397859951582,0.1265590713763494,0.10844620428087491,0.0,0.8174283814351327,0.6238712573779512,0.29353813923479816,0.28212284174407787,0.3771812732361601,fearful,06,07,07,male,normal,757
20,0.6673333333333333,True,1.0,0.6311045164259691,0.6975784603691333,0.6643414883975511,1.050407212343811,-0.0530092592592592,-0.0507407407407407,0.31522331703096995,0.5251839412759968,0.18406135556647346,0.6324608976314836,0.0664739439431642,0.002268518518518503,0.004655617833079026,0.28556623038479334,0.12606042514117155,0.10902544191034685,0.0,0.6735055611363223,0.6266593851524985,0.293218675991757,0.2824642241370773,0.38237974688306603,fearful,06,07,07,male,normal,757
30,1.0010000000000001,True,1.0,0.6241145899577243,0.6080212965133335,0.6160679432355289,1.1647463193733145,-0.05226851851851849,-0.04888888888888876,0.3401341801167225,0.552507869446316,0.1819863721635772,0.5289288602920857,0.01609329344439081,0.0033796296296297323,0.0021018962318063833,0.26713474582629443,0.12764510665827242,0.10716578053147126,0.0,0.6700887535603758,0.624207858088548,0.2937004075723914,0.286950138079968,0.38991716278485644,fearful,06,07,07,male,normal,757
40,1.3346666666666667,True,1.0,0.5958186603775787,0.6395582572912105,0.6176884588343946,0.8722815684883275,-0.05314814814814811,-0.049629629629629635,0.33953616188501606,0.4511589049046673,0.18335372349028453,0.7081296695341789,0.04373959691363183,0.0035185185185184764,0.011234680499754722,0.3495469466740493,0.12400115308875087,0.11101929520440247,0.0,0.7896680079866705,0.6219015358487145,0.29392508096955783,0.2785232584065721,0.38336309379311057,fearful,06,07,07,male,normal,757
50,1.6683333333333334,True,1.0,0.5921127871172654,0.6131480244077259,0.6026304057624956,1.1272907732365178,-0.05499999999999999,-0.051481481481481406,0.32756759090752585,0.5482030472588553,0.18195953953629374,0.534582931103311,0.021035237290460418,0.0035185185185185874,0.01782435724424089,0.27739726027397277,0.12547044749918876,0.10970389498335019,0.0,0.7356356994532091,0.6219914156287516,0.2926866307841241,0.28630490043753004,0.3913744138437887,fearful,06,07,07,male,normal,757
60,2.0020000000000002,True,1.0,0.5796909645323676,0.6132692288920795,0.5964800967122235,0.9176504458566441,-0.05370370370370375,-0.04898148148148157,0.3430363313512469,0.48100664755780365,0.18680596396879406,0.6500079626239357,0.033578264359711896,0.004722222222222183,0.010169870223558915,0.32699745085021037,0.12649680098695662,0.10851883297760273,0.0,0.6947727196552326,0.6219159592821504,0.29500646431465133,0.28150701464591926,0.371112290103571,fearful,06,07,07,male,normal,757
70,2.3356666666666666,True,1.0,0.5796909645323688,0.6127390518863088,0.5962150082093388,1.0078463151545158,-0.055277777777777815,-0.050416666666666665,0.3180061794770361,0.5359182786932748,0.18541707813917366,0.5915733373673459,0.03304808735394005,0.004861111111111149,0.015931739655100887,0.3039861261271686,0.12629965117809963,0.10874822243551192,0.0,0.7071067807446058,0.625859861858806,0.29306009116237164,0.27747224810118915,0.369472870732327,fearful,06,07,07,male,normal,757
80,2.6693333333333333,True,1.0,0.5751633389462109,0.5927224117985403,0.5839428753723757,1.0147623792481446,-0.05611111111111111,-0.05046296296296299,0.3198637210923593,0.5311441684725189,0.1861115210482762,0.5754478953043463,0.017559072852329494,0.005648148148148124,0.016098348729347848,0.3076053068405643,0.12713671244802097,0.10776842820868968,0.0,0.6867501552799498,0.6182456267585159,0.2907368742531645,0.28454160008883045,0.3771522587284302,fearful,06,07,07,male,normal,757
90,3.003,True,1.0,0.5736179972339783,0.6085334952706645,0.5910757462523214,0.9502681388565009,-0.05532407407407414,-0.04999999999999999,0.32309868849242496,0.5062688776315618,0.18958695516515212,0.6220094330044451,0.03491549803668614,0.005324074074074148,0.009733800650687545,0.33235761268587094,0.12469022508579654,0.11058989799366487,0.0,0.7071067807446058,0.6196479372921043,0.29302000881142926,0.2808721301043776,0.3744194844426411,fearful,06,07,07,male,normal,757
100,3.336666666666667,True,1.0,0.5843194325452166,0.5965526278274007,0.5904360301863086,0.9110462500534589,-0.055138888888888904,-0.051805555555555605,0.33596522237374415,0.4778446438454616,0.18958373576250787,0.6480856818758244,0.01223319528218414,0.0033333333333332993,0.011324961089483694,0.3319107714517374,0.12502205478440523,0.11021462510797855,0.0,0.7071067807446058,0.6212150799616721,0.29312536243472714,0.2823509424757529,0.37176969110987973,fearful,06,07,07,male,normal,757
0,0.0,True,1.0,0.6394612607608459,0.6642560122789488,0.6518586365198973,0.9039020073590108,-0.04893518518518525,-0.04648148148148151,0.32864259737415447,0.45177235950245165,0.19097382022690002,0.7211607355807019,0.024794751518102953,0.0024537037037037357,0.007808445655029404,0.3279953009394408,0.12871629603424048,0.10587678171319354,0.0,0.8756895274046065,0.6246065660795568,0.2908470730365877,0.28676512916854513,0.37070461784004427,fearful,06,07,07,male,normal,758
10,0.33366666666666667,True,1.0,0.6315725237291804,0.6618078530835881,0.6466901884063843,0.9571926216399858,-0.04981481481481481,-0.047592592592592686,0.3265957484581472,0.4785772352580648,0.19236745689994247,0.6756113386022463,0.03023532935440776,0.0022222222222221255,0.009484546443634174,0.3307250743998105,0.12612557245218325,0.10895006995913835,0.0,0.78830613237725,0.6252759459565076,0.29010628819808293,0.28555627270719536,0.3731624186460171,fearful,06,07,07,male,normal,758
20,0.6673333333333333,True,1.0,0.6193660609868464,0.6256416674211861,0.6225038642040163,0.8024898941008544,-0.054537037037037106,-0.05115740740740743,0.3436037770154977,0.3795773828210433,0.1958524221220791,0.7757155183885492,0.0062756064343396645,0.003379629629629677,0.0056269811865544694,0.38194053930165656,0.1227715907749566,0.11271607812793527,0.0,0.8161420258768598,0.6260954196678672,0.2922626834764948,0.28224354998506906,0.37189394179597185,fearful,06,07,07,male,normal,758
30,1.0010000000000001,True,1.0,0.6169376895648563,0.6361391675512246,0.6265384285580404,1.0607083062297442,-0.05717592592592596,-0.05430555555555561,0.3264444772976472,0.5227101639542141,0.1965665948917417,0.5906792893750897,0.019201477986368287,0.0028703703703703565,0.008977760624076495,0.29865250811399213,0.12455350775012947,0.11074385525778853,0.0,0.8289117532051054,0.6188400827596664,0.292159903089651,0.28737460130256043,0.37339511446476265,fearful,06,07,07,male,normal,758
40,1.3346666666666667,True,1.0,0.6208940224037373,0.6216892940650687,0.621291658234403,0.83033336686806,-0.05796296296296305,-0.054259259259259285,0.34593323578182583,0.3864618066739859,0.20208673113820888,0.7482436368634169,0.0007952716613314204,0.0037037037037037646,0.0025061985456562475,0.3878580801544846,0.12457969560644848,0.11071439478585374,0.0,0.7309432368232768,0.6214394382440477,0.29111900133647767,0.28500392031267713,0.37083774940844577,fearful,06,07,07,male,normal,758
50,1.6683333333333334,True,1.0,0.591198349160855,0.6073696079328345,0.5992839785468447,0.7810003575441621,-0.06300925925925926,-0.0566666666666667,0.35066705620163385,0.3833801258198455,0.20556891687172835,0.767328686546674,0.016171258771979447,0.006342592592592566,0.0014620096878698243,0.3992569417155773,0.12267320579067102,0.11214564887089488,0.0,0.8961772407628721,0.6249402538202781,0.2885365856146471,0.28472521059345895,0.37229593259523636,fearful,06,07,07,male,normal,758
60,2.0020000000000002,True,1.0,0.5942459540039389,0.5777647118571589,0.5860053329305489,0.8369042285510414,-0.059027777777777846,-0.05388888888888893,0.343877880221119,0.4473108807772801,0.2027871836624776,0.700205964958641,0.01648124214677993,0.005138888888888915,0.007421231676257237,0.40878456811287406,0.124936150803672,0.1103119938748738,0.0,0.763689466609282,0.6207215091583509,0.2921219587980684,0.29181426807575306,0.37013183445221404,fearful,06,07,07,male,normal,758
70,2.3356666666666666,True,1.0,0.596853437704123,0.6065720548946858,0.6017127462994044,1.0544152209130602,-0.06097222222222226,-0.05532407407407408,0.32509346537889267,0.5119092205098993,0.20418497639253083,0.5706601482652701,0.009718617190562773,0.00564814814814818,0.016291776673665728,0.31011113067743773,0.12355158908627092,0.11186054981231784,0.0,0.9999999987499999,0.6162862443258553,0.2931427534749342,0.29385817716390733,0.3755036516324491,fearful,06,07,07,male,normal,758
80,2.6693333333333333,True,1.0,0.5693866179983973,0.5622233160748236,0.5658049670366104,0.9091960712543184,-0.0625,-0.054537037037037106,0.34372558292994726,0.43288149752640015,0.203509714768391,0.6223134755257259,0.007163301923573728,0.007962962962962894,0.008185937841739035,0.3496026679631819,0.12396298615666364,0.11123332183076147,0.0,0.9999999987499999,0.6155306019517182,0.291081069996275,0.29164420347353054,0.37365260603667627,fearful,06,07,07,male,normal,758
90,3.003,True,1.0,0.5871212901913642,0.5957476659618679,0.5914344780766161,0.8445289937905822,-0.06097222222222226,-0.05490740740740735,0.3462171286899879,0.4007752069211705,0.20071877255469697,0.7003128162859428,0.008626375770503736,0.006064814814814912,0.01259107535249642,0.38171504658043076,0.12576653689805956,0.10936432675766557,0.0,0.7460233955437654,0.6173889561527737,0.28946733736999,0.2913718929196448,0.37457367215309767,fearful,06,07,07,male,normal,758
100,3.336666666666667,True,1.0,0.5825988710098048,0.5811217551355525,0.5818603130726787,0.8308122086702436,-0.06083333333333335,-0.05495370370370373,0.34926415315275117,0.39390105764447797,0.20140252662755678,0.7003511828551185,0.001477115874252255,0.0058796296296296235,0.007053960103498374,0.38791279204133244,0.12485902230306216,0.11005359796396283,0.0,0.7963029114848172,0.620996125872224,0.2922870265901901,0.28963283663936407,0.3762073831493526,fearful,06,07,07,male,normal,758
0,0.0,True,1.0,0.6120184445030925,0.5854281893016264,0.5987233169023595,0.9490826684397236,-0.05856481481481479,-0.05305555555555552,0.33410800527704443,0.47452242027839653,0.19107446757872656,0.630844221280166,0.026590255201466073,0.005509259259259269,0.0007727932899366703,0.3124875445903621,0.1254394500528392,0.1097393372540317,0.0,0.6578906386598429,0.629703941967412,0.2918493669923132,0.2814006629039615,0.38070360760819233,fearful,06,07,07,male,normal,759
10,0.33366666666666667,True,1.0,0.6226632204359697,0.5968295381660734,0.6097463793010216,1.07270560190764,-0.058009259259259205,-0.05365740740740743,0.3284464538769536,0.5286735494182574,0.1931444532112036,0.5684191247036303,0.02583368226989624,0.0043518518518517735,0.0014811420177694558,0.28124091990323097,0.12595578469556307,0.10914631497269446,0.0,0.7349947114406667,0.6289772620063651,0.29274552307176804,0.28668252162073643,0.3804690140179657,fearful,06,07,07,male,normal,759
20,0.6673333333333333,True,1.0,0.6226632204359698,0.5968295381660722,0.6097463793010209,0.9574175702523389,-0.057731481481481384,-0.0521759259259259,0.32931329489243133,0.4862298195631526,0.1938507802408853,0.6368656668169511,0.025833682269897573,0.00555555555555548,0.0006307853486560067,0.32137733550389297,0.12437915075813703,0.11093964407231671,0.0,0.8184370981385162,0.62365568677471,0.2939810567217669,0.28126411644878974,0.37314782793743667,fearful,06,07,07,male,normal,759
30,1.0010000000000001,True,1.0,0.5887691767133915,0.608711800318793,0.5987404885160923,0.9777060015433817,-0.05680555555555561,-0.0503703703703704,0.3427356365418238,0.4221758954476463,0.1958894256990265,0.612393181151528,0.019942623605401555,0.00643518518518521,0.0015013782221938142,0.31532945702487425,0.12506285098021297,0.11016833063553315,0.0,0.6855460669537606,0.6205576629245448,0.2882480207993723,0.2828636359371177,0.3750523018198654,fearful,06,07,07,male,normal,759
40,1.3346666666666667,True,1.0,0.558849856205001,0.5273401780846275,0.5430950171448143,0.8335223428523939,-0.059629629629629644,-0.052870370370370456,0.37037800619441374,0.3757522940637955,0.19592097059741986,0.6515662379082614,0.03150967812037353,0.006759259259259187,0.0029094943133883633,0.3692008812991579,0.12454943554464877,0.11074843509304695,0.0,0.9999999987499999,0.6222896112898284,0.2952556805603393,0.28646510098500844,0.3751883888318077,fearful,06,07,07,male,normal,759
50,1.6683333333333334,True,1.0,0.49113686194886114,0.46009327723276905,0.4756150695908151,0.9727063318064127,-0.06944444444444448,-0.061481481481481526,0.35738281686712087,0.38765993207496147,0.20282329820624523,0.48896059790990615,0.031043584716092087,0.00796296296296295,0.013106776015612092,0.3273617888966562,0.12188313573037692,0.11367620241153734,0.0,0.7124165059195451,0.628250275070966,0.29425173148435896,0.29334117392257236,0.38990318098756815,fearful,06,07,07,male,normal,759
60,2.0020000000000002,True,1.0,0.4671099233690961,0.4668314381525318,0.46697068076081394,0.8928016344615657,-0.06310185185185185,-0.055925925925926046,0.35172814537596603,0.4607818801088397,0.19940352799112826,0.5230396795167568,0.000278485216564317,0.007175925925925808,0.012552624832933302,0.37335654468684026,0.12254794911487728,0.11295918704534229,0.0,0.6757719601864042,0.6252236434730143,0.2945272005556963,0.2896045871529678,0.38202565315301446,fearful,06,07,07,male,normal,759
70,2.3356666666666666,True,1.0,0.5537794441670397,0.5459540510008052,0.5498667475839225,1.1235924957005508,-0.06388888888888888,-0.0556018518518519,0.31928998947813086,0.5459024768870413,0.19518619083212774,0.489382716321085,0.00782539316623454,0.008287037037036982,0.011828563471129318,0.29343514076862254,0.12524564360020568,0.10996047712552012,0.0,0.8629364616846819,0.6220708069399635,0.2942279527849584,0.29266941803802216,0.3808803115948671,fearful,06,07,07,male,normal,759
80,2.6693333333333333,True,1.0,0.5434467781621611,0.4970984490539316,0.5202726136080463,0.9247588568821249,-0.06273148148148144,-0.053240740740740755,0.34407249386163535,0.46236099924045565,0.19590967732862746,0.562603547655844,0.04634832910822956,0.009490740740740689,0.01115916024074362,0.3485619828166273,0.12427227844094381,0.11088766673494507,0.0,0.8103345725473989,0.6203235191342162,0.2932412113585085,0.28943806211636347,0.37826312119343036,fearful,06,07,07,male,normal,759
90,3.003,True,1.0,0.5193070186380939,0.5143697649561758,0.5168383917971349,0.8864991810994753,-0.06092592592592594,-0.0532407407407407,0.34099176047326973,0.4506172816434017,0.1966038521108732,0.5830105687814953,0.004937253681918108,0.007685185185185239,0.010438579737690796,0.3659885867899211,0.12435176986038886,0.11097033433753552,0.0,0.7091720469776668,0.6177739430694154,0.2924759673044524,0.28762049741911994,0.3754144308045979,fearful,06,07,07,male,normal,759
100,3.336666666666667,True,1.0,0.573617997233981,0.5921127871172666,0.5828653921756237,0.9024764064239085,-0.06189814814814815,-0.053888888888888875,0.3358244529884918,0.45115890490466615,0.19727791968317587,0.6458511136986356,0.018494789883285567,0.008009259259259272,0.011172307680571583,0.3659403501197982,0.12556672808595562,0.10959367941770197,0.0,0.6750894517836308,0.6196774443996349,0.29367910430229294,0.2894163740087353,0.37434768047950867,fearful,06,07,07,male,normal,759
0,0.0,True,1.0,0.6612607749455423,0.6607504027270861,0.6610055888363142,0.9189555010095644,-0.052731481481481435,-0.04995370370370372,0.3371115451011233,0.4142656050049482,0.1973475194038022,0.7193009760648188,0.0005103722184561788,0.0027777777777777124,0.005222741766012195,0.3323576126858714,0.12693096035308088,0.10801068963012829,0.0,0.7513620584811922,0.6392222535264105,0.28468315902688573,0.28453700044970054,0.37308743693413865,fearful,06,07,07,male,strong,760
10,0.33366666666666667,True,1.0,0.645785976683786,0.6035113912745859,0.6246486839791859,0.9501191024078467,-0.05481481481481493,-0.04842592592592598,0.3332159848192895,0.40608258143721343,0.19662713428789932,0.6574425063091197,0.04227458540920015,0.006388888888888944,0.0021369520514819204,0.32659946202072865,0.12497977544864408,0.11026256617293849,0.0,0.7929393893051033,0.6407461015968888,0.2861307926611459,0.28302188318775623,0.3726248261560224,fearful,06,07,07,male,strong,760
20,0.6673333333333333,True,1.0,0.6807701809242923,0.6709310614659093,0.6758506211951008,0.9777060015433823,-0.053842592592592664,-0.048055555555555574,0.3437657898020786,0.3629231381918368,0.19800338183938943,0.6912616063808751,0.009839119458383006,0.0057870370370370905,0.0030980404732887257,0.3068070392674457,0.12414657213422495,0.1111998489096869,0.0,0.7549113238680127,0.6341379251700681,0.2960844708859205,0.28613227352169834,0.371790137077391,fearful,06,07,07,male,strong,760
30,1.0010000000000001,True,1.0,0.5958120443945428,0.5835042879256881,0.5896581661601155,1.0083544989205093,-0.05694444444444452,-0.05212962962962969,0.4242944852544993,0.1740611932660406,0.20425072840303013,0.5847726834078413,0.012307756468854736,0.004814814814814827,0.005854084832512854,0.3015743498224027,0.121393344068656,0.11419909713134963,0.0,0.7071067807446058,0.6314415887605042,0.29168619089065645,0.3070642315137675,0.4099817009846319,fearful,06,07,07,male,strong,760
40,1.3346666666666667,True,1.0,0.6796686429974594,0.667984560808763,0.6738266019031112,1.2956659941534092,-0.06430555555555562,-0.05930555555555561,0.3507951234407868,0.5313686380516783,0.20979351210270936,0.5200619642282044,0.011684082188696432,0.0050000000000000044,0.0018514857422778992,0.2593726970334747,0.12321110700758581,0.1122354706870438,0.0,0.6588930490835517,0.6268895384716386,0.29741742094763984,0.3073323084586375,0.40203152061797814,fearful,06,07,07,male,strong,760
50,1.6683333333333334,True,1.0,0.6413879742662252,0.5968534377041224,0.6191207059851738,1.3337363370960509,-0.05717592592592591,-0.051435185185185195,0.3617068249560802,0.43268515830525744,0.20005492409898346,0.46420022366128794,0.04453453656210282,0.005740740740740713,0.010647720871841754,0.2333400623155775,0.12047023263879451,0.11517248290087807,0.0,0.9999999987499999,0.6256573147383954,0.29441680781409957,0.30461870622707676,0.39375730688446553,fearful,06,07,07,male,strong,760
60,2.0020000000000002,True,1.0,0.6204291219299247,0.5806993358092688,0.6005642288695967,1.229090229645511,-0.05810185185185179,-0.053333333333333455,0.35055787621875945,0.4442494805947625,0.200749178546549,0.4886250125369631,0.03972978612065592,0.004768518518518339,0.005650116536659649,0.2575301204819274,0.12201558853748821,0.11353402099664628,0.0,0.8681607929523579,0.6192265760757429,0.29541256271242516,0.3021167519861975,0.38231046966722454,fearful,06,07,07,male,strong,760
70,2.3356666666666666,True,1.0,0.6198032163179468,0.6179145455820586,0.6188588809500026,0.9017573414402376,-0.057361111111111196,-0.05337962962962961,0.34735903532240764,0.4281654278872968,0.2007799599219375,0.6862809455608035,0.001888670735888165,0.003981481481481586,0.007525481577369439,0.32841814149531895,0.12230598863858021,0.11322112397029907,0.0,0.6733639462385438,0.61920391473777,0.29533884168692764,0.29913960560046876,0.37581767545461153,fearful,06,07,07,male,strong,760
80,2.6693333333333333,True,1.0,0.5817989284033138,0.5464241344096747,0.5641115314064943,0.9750424782256291,-0.05740740740740741,-0.05162037037037043,0.3651270211527427,0.3674073106357441,0.19868638776562583,0.57855072369058,0.035374793993639075,0.0057870370370369795,0.010451380948641797,0.3370551223198391,0.12128635885893327,0.11431271549797978,0.0,0.7915805433023556,0.6201139625068778,0.29473036731556285,0.3039634019838335,0.39007405482113405,fearful,06,07,07,male,strong,760
90,3.003,True,1.0,0.5542440970199378,0.543682861890182,0.54896347945506,0.9427891752132851,-0.056481481481481466,-0.05092592592592593,0.35962907126058247,0.3428199768895821,0.19863569437991274,0.5822759678279814,0.01056123512975582,0.005555555555555536,0.0014400059972774872,0.3337527187771592,0.12396750555739754,0.1113994404653338,0.0,0.7071067807446058,0.6187690700186325,0.29378988795361344,0.3037049778864946,0.38873229130236703,fearful,06,07,07,male,strong,760
100,3.336666666666667,True,1.0,0.5865412656787369,0.5522370645186101,0.5693891650986735,0.9229867136110067,-0.058009259259259316,-0.051574074074074105,0.36577189865415866,0.3549815979813385,0.19797216875281845,0.6168985497863222,0.03430420116012678,0.00643518518518521,0.0029536218023280556,0.34750566492237794,0.1248370909308406,0.11042408477425468,0.0,0.7071067807446058,0.6239239575908488,0.2933023120064419,0.29979369854117877,0.3860295924551558,fearful,06,07,07,male,strong,760
0,0.0,True,1.0,0.6801615232064093,0.662360376212716,0.6712609497095627,0.8548831149577231,-0.061111111111111116,-0.055555555555555525,0.3639223955505271,0.2917458249458896,0.21181131879681864,0.7852078699001546,0.017801146993693284,0.005555555555555591,0.0038876171282424925,0.3660714285714286,0.1276911092707425,0.10711096294924904,0.0,0.7338665881961012,0.6235337421062176,0.2823162696912938,0.29908366938756376,0.377359051828126,fearful,06,07,07,male,strong,761
10,0.33366666666666667,True,1.0,0.719790476399027,0.7040030160826583,0.7118967462408426,0.8321965403261242,-0.06490740740740736,-0.061342592592592615,0.3559953275919877,0.3189526128295068,0.21876255544325338,0.8554430495010974,0.015787460316368795,0.003564814814814743,0.010469993660235504,0.36556074692170243,0.12471950255373701,0.11055687881376271,0.0,0.7071067807446058,0.6170042537014806,0.2869878073873181,0.30103138547529984,0.37990226933197924,fearful,06,07,07,male,strong,761
20,0.6673333333333333,True,1.0,0.6880129415483299,0.647602334283324,0.667807637915827,0.7483084197707048,-0.06060185185185185,-0.056620370370370376,0.3747394522410188,0.24051557326954437,0.20833479817193357,0.8924229906706853,0.04041060726500589,0.003981481481481475,0.008643300974504765,0.4017654467646542,0.12526819170293688,0.10993478938814118,0.0,0.7637109985092471,0.6227918787827631,0.28415659926382947,0.29758233347946966,0.3784016890128438,fearful,06,07,07,male,strong,761
30,1.0010000000000001,True,1.0,0.7317217539929797,0.7073080744989939,0.7195149142459868,1.0041774304451327,-0.0628703703703703,-0.057870370370370405,0.3679930579486756,0.3731632644656726,0.20974004696401638,0.7165216947039325,0.024413679493985763,0.004999999999999893,0.006192272733661139,0.3192475337421584,0.12348242994220514,0.11193688965468555,0.0,0.7071067807446058,0.6233015468218538,0.2876141657075842,0.30584356404946833,0.3939810717805308,fearful,06,07,07,male,strong,761
40,1.3346666666666667,True,1.0,0.6749312969416492,0.6376067645334961,0.6562690307375727,0.9770142191488979,-0.07013888888888892,-0.06597222222222227,0.3628915948120315,0.3440082953096433,0.22433310471757625,0.6717087815868897,0.037324532408153144,0.004166666666666652,0.002522989058345706,0.3339262099083167,0.12324718027535954,0.11219585698345107,0.0,0.7818482159431025,0.6157710412915166,0.2881318667055482,0.31632346247449683,0.3963264732692051,fearful,06,07,07,male,strong,761
50,1.6683333333333334,True,1.0,0.6383050708546003,0.6266062494988374,0.6324556601767188,0.8757421756787231,-0.0690277777777778,-0.06300925925925926,0.378843868376241,0.2679509642002064,0.21742989640345986,0.7221939033443823,0.011698821355762945,0.006018518518518534,0.0028568196693057094,0.38648233524387327,0.12189903550544504,0.11365915235066314,0.0,0.6949025270708041,0.6395718990330507,0.3131884190454769,0.30783157373957115,0.4197899573993468,fearful,06,07,07,male,strong,761
60,2.0020000000000002,True,1.0,0.5888208720368873,0.5703802808325034,0.5796005764346953,0.9227309812242093,-0.06143518518518526,-0.05541666666666667,0.3647170496258591,0.3731632644656726,0.21252297669899126,0.6281360312251848,0.018440591204383905,0.00601851851851859,0.00420906688935087,0.35600239718500554,0.1244950030548009,0.11080962045184893,0.0,0.6847789183463032,0.6107209515290491,0.2885750048121329,0.31749644523698417,0.38313366798896825,fearful,06,07,07,male,strong,761
70,2.3356666666666666,True,1.0,0.6537363977549329,0.6351069109900768,0.6444216543725048,1.0266993568412541,-0.06074074074074065,-0.054629629629629695,0.3301802760124763,0.4367303234324734,0.20769179289336967,0.6276634441022093,0.018629486764856096,0.006111111111110956,0.006213730080776378,0.3106343283582092,0.1262448688364093,0.10881181398590582,0.0,0.8537972961277982,0.6167585054646858,0.2887699252787597,0.3150895130343668,0.38454792994056036,fearful,06,07,07,male,strong,761
80,2.6693333333333333,True,1.0,0.5718363715619172,0.5522370645186107,0.5620367180402639,0.9951851838858087,-0.05842592592592594,-0.053796296296296287,0.3541386129076264,0.36962827740154314,0.2028413530668968,0.5647559139151674,0.01959930704330659,0.00462962962962965,0.0024804280383836845,0.3137081601737101,0.12310296056309561,0.11218437913962666,0.0,0.7071067807446058,0.618653651132328,0.2891028327333033,0.3038257331099452,0.3837061062518545,fearful,06,07,07,male,strong,761
90,3.003,True,1.0,0.5718363715619176,0.5819803992797915,0.5769083854208545,0.9590866693231311,-0.06166666666666665,-0.05500000000000005,0.35596168855800875,0.3808007962871613,0.20492404007142417,0.6015185111768926,0.010144027717873927,0.006666666666666599,0.002036333023295472,0.3394614748051734,0.12563225936144387,0.10951855175293566,0.0,0.7082616866705178,0.6176051927177122,0.2886071588912017,0.30266080660731676,0.38267451998664426,fearful,06,07,07,male,strong,761
100,3.336666666666667,True,1.0,0.5470844723487054,0.5574945756291234,0.5522895239889144,0.9022252327314771,-0.05930555555555561,-0.053009259259259256,0.35617906001505395,0.3594664824695107,0.20493409202043844,0.6121415184951808,0.010410103280418026,0.006296296296296355,0.0044851818008498495,0.3616900684084848,0.12492063670778607,0.11015674444757617,0.0,0.7071067807446058,0.6207777259419393,0.2878786051181579,0.30291087518431287,0.3806460911127661,fearful,06,07,07,male,strong,761
0,0.0,True,1.0,0.6953456421571143,0.6546082909466289,0.6749769665518716,0.8390262598075674,-0.05842592592592599,-0.052499999999999936,0.361303442793,0.24886372112936256,0.20903106270057495,0.8044765687151187,0.040737351210485384,0.005925925925926057,0.005436443798050722,0.3718220338983046,0.12557048712493726,0.10958937235749489,0.0,0.6477850493802345,0.6314004509147408,0.28939096226738975,0.2887741642557449,0.3875351994891119,fearful,06,07,07,male,strong,762
10,0.33366666666666667,True,1.0,0.7267952824058014,0.705084855794085,0.7159400690999431,0.8316976277323027,-0.06074074074074082,-0.0562037037037037,0.35940120386260893,0.25806451612903236,0.20903361760483896,0.8608177361909967,0.021710426611716405,0.004537037037037117,0.0024685656069777487,0.35918261481697583,0.12176563521501034,0.11296188787720698,0.0,0.7731052773858618,0.6362068878879676,0.29070677727386174,0.2857877456870935,0.3875879506346659,fearful,06,07,07,male,strong,762
20,0.6673333333333333,True,1.0,0.6955658632261239,0.6640737648870173,0.6798198140565705,0.874728479631305,-0.0571296296296297,-0.052592592592592635,0.36730457255250704,0.24688900691760046,0.20694591911410634,0.7771780957024655,0.0314920983391066,0.004537037037037062,0.0020134080183086527,0.35381608385579044,0.12251430459869923,0.11265795597080272,0.0,0.9999999987499999,0.630748555336197,0.2933115424251383,0.2872629398334676,0.38079019763750516,fearful,06,07,07,male,strong,762
30,1.0010000000000001,True,1.0,0.6443330658720018,0.6756122696284843,0.6599726677502431,1.5440094904068986,-0.05731481481481476,-0.05185185185185193,0.31829571750253405,0.6241628741625407,0.20277815402154262,0.42744081033874864,0.03127920375648252,0.005462962962962836,0.004209503278515614,0.22763825439273164,0.1151553255836311,0.12032840400671156,0.0,0.9999999987499999,0.6312860033232043,0.29709996838853375,0.28308697652062276,0.3893115060196368,fearful,06,07,07,male,strong,762
40,1.3346666666666667,True,1.0,0.5857368753476072,0.6061816750764197,0.5959592752120135,1.0935456447452643,-0.060092592592592586,-0.052962962962962934,0.34122409719299623,0.5163807960122089,0.2062514796348441,0.5449788749795068,0.020444799728812524,0.007129629629629652,0.005208200724356029,0.28938714338514815,0.11863727613819684,0.11673374227145053,0.0,0.7315759440045412,0.6348588949251575,0.2953513099790195,0.2897926127988516,0.3916460543915308,fearful,06,07,07,male,strong,762
50,1.6683333333333334,True,1.0,0.5843898320442809,0.5806993358092694,0.5825445839267751,0.4822970106656997,-0.05912037037037032,-0.05453703703703705,0.37936482700092794,0.17224893238060734,0.20347822149384778,1.207854436258493,0.003690496235011498,0.004583333333333273,0.002814012555609569,0.6113822579255326,0.12327007226266101,0.11217070497511897,0.0,0.7715105637506317,0.6307401692004926,0.29136919890113194,0.28978338572054524,0.3790474302546688,fearful,06,07,07,male,strong,762
60,2.0020000000000002,True,1.0,0.5824497385009633,0.570776916888661,0.5766133276948121,0.9925186609235764,-0.062037037037037,-0.055555555555555525,0.35089673320530573,0.37773632750578784,0.2097280427126452,0.5809596840811552,0.01167282161230232,0.006481481481481477,0.0014094862292273519,0.3274138344889567,0.12315127989695147,0.11230111321768095,0.0,0.7366134424332602,0.6214544037927672,0.29639549171017904,0.30560668423735005,0.397317603669062,fearful,06,07,07,male,strong,762
70,2.3356666666666666,True,1.0,0.5914112532168005,0.5592348959495278,0.5753230745831641,1.1279969112668238,-0.05935185185185188,-0.054120370370370374,0.33832292792862756,0.46354661329331065,0.20070394796348634,0.5100395832972927,0.03217635726727275,0.005231481481481504,0.004811082602054147,0.3085142831142482,0.12140591720999636,0.11401875761673655,0.0,0.9999999987499999,0.623980915373962,0.29633726414674477,0.2919016401833532,0.3918128046023777,fearful,06,07,07,male,strong,762
80,2.6693333333333333,True,1.0,0.5761850140894614,0.5679825180743554,0.5720837660819085,0.9179353340847282,-0.0584722222222222,-0.05203703703703705,0.3598756786460672,0.3424044500157322,0.201392298410135,0.6232288319659601,0.008202496015106031,0.006435185185185155,2.3306914711883664e-05,0.3574954168112768,0.1230242966475272,0.11227063844436458,0.0,0.7653885864862722,0.6277974219531564,0.29449759731055913,0.290767831910965,0.3899896095960312,fearful,06,07,07,male,strong,762
90,3.003,True,1.0,0.6007249577241079,0.5887000176819205,0.5947124877030142,0.9326407559357733,-0.058888888888888824,-0.05342592592592593,0.35970398710625195,0.3642987249544638,0.19862993294926815,0.6376651287411348,0.01202494004218746,0.005462962962962892,0.0034172387923068473,0.3515489221035021,0.12414080971838536,0.11120628189355788,0.0,0.7795818949814379,0.6234395526726316,0.2955122012971289,0.289215859314728,0.3869587066445597,fearful,06,07,07,male,strong,762
100,3.336666666666667,True,1.0,0.6205722448945853,0.6266547370782166,0.623613490986401,0.9551938655650791,-0.0587037037037037,-0.05416666666666664,0.35550037711336063,0.41041901247023216,0.197225703774349,0.6528658877195365,0.006082492183631327,0.004537037037037062,0.000917046993487126,0.33433675919299677,0.13037088056420243,0.10383261179329288,0.0,0.6949542149880965,0.577915555448742,0.2612879208970107,0.3007247873780927,0.35074145188971945,fearful,06,07,07,male,strong,762
0,0.0,True,1.0,0.6021652232318198,0.5690347691748728,0.5855999962033462,1.0331191110332818,-0.0593981481481482,-0.05212962962962964,0.3420708162313425,0.44819137905120277,0.19654175282197442,0.566827183767469,0.03313045405694692,0.007268518518518563,0.00016360431163163125,0.30606617647058787,0.1262862071968856,0.10876383425685894,0.0,0.7763593401474743,0.6247284687468737,0.29565128995061113,0.2860920131998779,0.3760111392935938,fearful,06,07,07,male,strong,763
10,0.33366666666666667,True,1.0,0.6354130998097554,0.6307810811575832,0.6330970904836692,1.0792660541683416,-0.059398148148148144,-0.05291666666666678,0.3255832804074738,0.4999370237417992,0.19517055509459094,0.5865996507890908,0.00463201865217211,0.006481481481481366,0.002514165725916199,0.2981468042843123,0.12365201559095433,0.1117495271158718,0.0,0.68305847620049,0.627413775471126,0.297129271956825,0.2880196068918592,0.3844432701933544,fearful,06,07,07,male,strong,763
20,0.6673333333333333,True,1.0,0.6876161631949003,0.6872871978201204,0.6874516805075104,1.0889494333271512,-0.06472222222222224,-0.05972222222222223,0.325444392824572,0.5204537732813598,0.19729802879105024,0.6312980745185626,0.0003289653747798882,0.0050000000000000044,0.00031118844071710875,0.27297794117647034,0.12254578844325544,0.11296153108408837,0.0,0.7071067807446058,0.6289955380042642,0.2974303102373129,0.2953658431587638,0.3966441800462138,fearful,06,07,07,male,strong,763
30,1.0010000000000001,True,1.0,0.6837501456808343,0.656459935788875,0.6701050407348546,1.3628647741538924,-0.06513888888888886,-0.062499999999999944,0.3057137040369204,0.6382390433714653,0.2007404372956028,0.49168857647735154,0.027290209891959294,0.002638888888888913,0.0030756895309102545,0.22817631281926024,0.12174217144901911,0.11382715607802868,0.0,0.8177631531857893,0.6292881602328432,0.29848785640090064,0.30079347793661887,0.4051774727616678,fearful,06,07,07,male,strong,763
40,1.3346666666666667,True,1.0,0.6577070217078069,0.6546733174121475,0.6561901695599772,1.280675155746643,-0.061851851851851825,-0.059027777777777735,0.3387655725232439,0.555460805740264,0.1965836719936873,0.512378308125618,0.003033704295659412,0.00282407407407409,0.003781566349290027,0.23073115859308488,0.12315030302585923,0.1123021844619701,0.0,0.708042498537682,0.6277623563487894,0.29905432017203326,0.30686056062687017,0.4084359609609551,fearful,06,07,07,male,strong,763
50,1.6683333333333334,True,1.0,0.6081050413943072,0.5936278887602184,0.6008664650772628,1.2564970158316018,-0.059027777777777846,-0.05407407407407422,0.38989688153818236,0.38763575605680844,0.199336559854055,0.47820763400666294,0.014477152634088775,0.004953703703703627,0.0016661986114252473,0.25132528745021193,0.12811669593530325,0.10642267637049911,0.0,0.8793836288927895,0.5874326402514132,0.2698972445976449,0.3177227106673993,0.3860297762049054,fearful,06,07,07,male,strong,763
60,2.0020000000000002,True,1.0,0.6179145455820595,0.6326918421762927,0.6253031938791761,0.980441319637368,-0.05902777777777779,-0.05546296296296305,0.362528172739902,0.4475927763561893,0.2035025917161499,0.6377772757582826,0.014777296594233214,0.003564814814814743,0.002496378207599669,0.31793478260869557,0.12038753016166488,0.11426284026862611,0.0,0.7071067807446058,0.6204653889055622,0.29558867932477545,0.3077144280087912,0.39384730569000026,fearful,06,07,07,male,strong,763
70,2.3356666666666666,True,1.0,0.6756122696284852,0.678853313877517,0.6772327917530011,1.6308830453864658,-0.06074074074074065,-0.05578703703703697,0.28188861569390894,0.7054943510941442,0.20280185597152176,0.41525527760485065,0.0032410442490318214,0.004953703703703682,0.003809514683553392,0.20255906041932542,0.12383752398511882,0.11154391701701073,0.0,0.6773419351694195,0.6138008102616046,0.2936336013766147,0.3062201753878149,0.3861486169904803,fearful,06,07,07,male,strong,763
80,2.6693333333333333,True,1.0,0.5968140224931667,0.5835916051944908,0.5902028138438288,1.1846382967338882,-0.061851851851851825,-0.057083333333333375,0.3362042108753208,0.561943807425049,0.19799220734919576,0.4982135183971764,0.013222417298675904,0.00476851851851845,0.0010731981204179174,0.2815420537841216,0.12297468068691103,0.11215523966782429,0.0,0.7071067807446058,0.6262426795796444,0.2944811513921231,0.29694500853562494,0.38853600873000826,fearful,06,07,07,male,strong,763
90,3.003,True,1.0,0.6036744116219359,0.578701632079583,0.5911880218507595,1.0962076775972065,-0.061481481481481526,-0.05814814814814817,0.34387281083245314,0.5110550313313595,0.19725355397916722,0.5393029386061162,0.024972779542352885,0.003333333333333355,0.006001994106579455,0.2976735547912761,0.12487628737537698,0.11037975639404612,0.0,0.7447024774158598,0.6277219742584533,0.2938802203449511,0.29392768915274503,0.3867597627750065,fearful,06,07,07,male,strong,763
100,3.336666666666667,True,1.0,0.612018444503091,0.611728827700081,0.611873636101586,1.043079022012677,-0.06106481481481485,-0.05592592592592599,0.3467377913854333,0.492141558569,0.19655262161383555,0.5866033379915386,0.0002896168030099844,0.0051388888888888595,0.005713749357248046,0.29346276460783155,0.12496435487404303,0.11028004253407075,0.0,0.8328278185128904,0.6271064813972465,0.29564535275162085,0.2943693805605783,0.38661140979937136,fearful,06,07,07,male,strong,763
0,0.0,True,1.0,0.4298686317388818,0.4401244646503492,0.43499654819461553,0.4647732766373726,-0.03513888888888894,-0.03657407407407404,0.3459125808143296,0.26219941113904266,0.19056985409113117,0.9359327871469048,0.010255832911467422,0.001435185185185095,0.012694301388843946,0.6920722747298174,0.1288140250447953,0.10575785891584343,0.0,0.6862839897925967,0.623793735572354,0.28308059257110274,0.28055017378337194,0.36122489789514267,disgust,07,07,07,male,normal,764
10,0.33366666666666667,True,1.0,0.4481686354298319,0.43744301838298677,0.44280582690640935,0.4326658834925002,-0.034212962962963,-0.034583333333333466,0.3589001307159067,0.2303909400544204,0.18918310949433265,1.0234359671071336,0.010725617046845104,0.0003703703703704653,0.016791016426577612,0.7517687508351267,0.12731933209924162,0.10755261709614934,0.0,0.7928164770730666,0.6291786195024884,0.28298914958263793,0.28034559797362124,0.3619263777211106,disgust,07,07,07,male,normal,764
20,0.6673333333333333,True,1.0,0.4562510439295591,0.4414733854153787,0.4488622146724689,0.46134516374148504,-0.03365740740740747,-0.03486111111111112,0.348325063292694,0.2529540962088243,0.18643222517918506,0.9729422782547885,0.014777658514180392,0.0012037037037036513,0.01590750506234097,0.728548267173503,0.12588401376159505,0.10922908426571205,0.0,0.8364387827950204,0.6290358591249,0.28338952427896147,0.27604946567594196,0.3620164855107861,disgust,07,07,07,male,normal,764
30,1.0010000000000001,True,1.0,0.3622663347243759,0.39211323492036215,0.37718978482236903,1.0464384906629132,-0.040879629629629655,-0.03981481481481486,0.3524984769202392,0.23980150272748685,0.1884278099027664,0.3604509851156386,0.029846900195986237,0.0010648148148147962,0.008746375853187448,0.29816261415582335,0.12571917571110303,0.1094187672601732,0.0,0.8670867425317331,0.6288509748508778,0.28688542237967,0.29064250204519276,0.3890774578441009,disgust,07,07,07,male,normal,764
40,1.3346666666666667,True,1.0,0.2684134499982771,0.27488772609412554,0.27165058804620135,0.8526347252652962,-0.041388888888888975,-0.04148148148148151,0.3313670674498961,0.41081491308236945,0.1836593041949172,0.31860136585649573,0.006474276095848441,9.259259259253305e-05,0.009585934884514072,0.3597968463746692,0.12494350638599076,0.11030366259687349,0.0,0.7583359141635043,0.6293695316720439,0.2936359207782183,0.2875046826435969,0.37382935550361,disgust,07,07,07,male,normal,764
50,1.6683333333333334,True,1.0,0.32980257248568995,0.35536996029008855,0.34258626638788925,1.1322331927419202,-0.04370370370370369,-0.043564814814814834,0.34283510561642194,0.46928086278119036,0.18303988826881024,0.30257571371693387,0.0255673878043986,0.0001388888888888551,0.009745165507745922,0.2889510551994922,0.12756457435921315,0.1072616293887801,0.0,0.802517914802216,0.5931001384616347,0.26483799695676236,0.27986058996842134,0.33917724961100043,disgust,07,07,07,male,normal,764
60,2.0020000000000002,True,1.0,0.35604480905799657,0.3424143954603826,0.3492296022591896,0.9545142124381287,-0.04148148148148162,-0.04166666666666663,0.33807649164283465,0.44695506772896576,0.18370748545629167,0.3658715582318545,0.013630413597613966,0.0001851851851850106,0.010349817769855964,0.3307382567373176,0.12955665682152726,0.10466492486322587,0.0,0.6737430400891904,0.5938206999753026,0.26082469474565584,0.27932920800065103,0.3304936149635828,disgust,07,07,07,male,normal,764
70,2.3356666666666666,True,1.0,0.29688162678800784,0.28582121291799906,0.29135141985300345,0.665386635134648,-0.04175925925925933,-0.04097222222222224,0.32528705089972637,0.33266348420960523,0.1843078197144377,0.43786785677479895,0.011060413870008778,0.000787037037037086,0.010840658906802646,0.4577992017814086,0.12514398330959886,0.11007616096037136,0.0,0.7438123098795559,0.6244831133547168,0.29157415553523836,0.28478391918406204,0.3673891011998388,disgust,07,07,07,male,normal,764
80,2.6693333333333333,True,1.0,0.4662164341804903,0.4424685035152984,0.4543424688478943,0.9848531262161827,-0.03930555555555565,-0.03837962962962954,0.3362053050289951,0.44695506772896576,0.18500121296028996,0.46133017883944116,0.02374793066519193,0.0009259259259261077,0.016542083707568878,0.31304252072313377,0.1247342659400275,0.11054022195862845,0.0,0.7959357211428346,0.6215020856233119,0.29336873447868966,0.2837482469501107,0.37379919684313606,disgust,07,07,07,male,normal,764
90,3.003,True,1.0,0.47537700204563005,0.43123521064159337,0.4533061063436117,0.8505370893933853,-0.04018518518518521,-0.03986111111111107,0.3574467619808339,0.367605013212395,0.18853507720254264,0.5329645373453564,0.04414179140403668,0.00032407407407414324,0.019238572358718137,0.40078228050758385,0.12746433105726335,0.10738073420681539,0.0,0.8895684857583914,0.6259253632859394,0.2902662660325023,0.28065497171996606,0.3689973066750151,disgust,07,07,07,male,normal,764
100,3.336666666666667,True,1.0,0.5185350774611444,0.47518080538853386,0.4968579414248391,0.6823276567011326,-0.03898148148148156,-0.03990740740740745,0.35394628502570724,0.3193645424940811,0.18779639659020517,0.7281808622957058,0.0433542720726105,0.0009259259259258856,0.01957754894313666,0.4805765196171503,0.13217130552761389,0.10153090054858244,0.0,0.7078560347663085,0.5795111870060525,0.2588599758412598,0.28700328541451586,0.3209274268446584,disgust,07,07,07,male,normal,764
0,0.0,True,1.0,0.4887273078561931,0.47785088212766347,0.4832890949919283,0.5492349635652827,-0.035648148148148096,-0.03587962962962965,0.35270824636033615,0.26736141571447336,0.19305595074681023,0.8799314083260907,0.010876425728529648,0.00023148148148155467,0.017269839221435566,0.6221990612560272,0.1277714995875896,0.10701505344442776,0.0,0.8035426192751605,0.6294261834499425,0.28567972874816233,0.2775788556147608,0.3586949978015538,disgust,07,07,07,male,normal,765
10,0.33366666666666667,True,1.0,0.46275452228325814,0.4503283709291769,0.45654144660621754,0.5537947251307321,-0.040092592592592624,-0.04023148148148148,0.35332309643931925,0.26229508196721346,0.19097861416070602,0.8243874957430185,0.01242615135408126,0.0001388888888888551,0.014493572840713977,0.6221990612560261,0.1223442176344823,0.11301135444578476,0.0,0.8162502860944129,0.6283849454234819,0.28424838614249215,0.2667142975303279,0.3572268958809598,disgust,07,07,07,male,normal,765
20,0.6673333333333333,True,1.0,0.2662639593889925,0.3023323265808778,0.28429814298493516,0.8780699283526694,-0.04231481481481486,-0.03824074074074074,0.3217980233191469,0.3272806096587221,0.19028780153576583,0.3237761980054386,0.036068367191885276,0.004074074074074119,0.00030171429155628906,0.38232008408428514,0.12121485546923513,0.11422185708366855,0.0,0.9999999987499999,0.6223237010116547,0.2875677294120835,0.2764164918806381,0.3626484799471645,disgust,07,07,07,male,normal,765
30,1.0010000000000001,True,1.0,0.2224905366433813,0.238646681133595,0.23056860888848815,1.1228496198327387,-0.04759259259259263,-0.04472222222222222,0.35183850216194623,0.332422584818903,0.1861373452695948,0.20534237605462607,0.016156144490213686,0.002870370370370412,0.006088521811471572,0.2913378688947711,0.12193832490843672,0.11361699999687307,0.0,0.9589256624819056,0.6166004386285764,0.29144118348119963,0.2921157313010156,0.3896480096451837,disgust,07,07,07,male,normal,765
40,1.3346666666666667,True,1.0,0.25396825396825334,0.29217227429972864,0.273070264133991,0.8807263188430889,-0.049629629629629635,-0.04347222222222219,0.3479252607632749,0.3596141105203546,0.18335996492176562,0.31005121374446115,0.0382040203314753,0.006157407407407445,0.0013630312022622582,0.3659885867899205,0.12166255580204323,0.11391224818081117,0.0,0.7071571824928503,0.6243684018920067,0.2956691708598589,0.2813526973745944,0.37567220294046155,disgust,07,07,07,male,normal,765
50,1.6683333333333334,True,1.0,0.2587699218184616,0.2801244607787376,0.2694471912985996,1.1215937906243905,-0.05263888888888896,-0.04587962962962966,0.35068238325156137,0.43697293418466754,0.18754922856350442,0.24023598699543314,0.021354538960276004,0.006759259259259298,0.004064783499935264,0.31411499522501596,0.12244418392710192,0.11307165689317836,0.0,0.8504027189410948,0.6189940155515332,0.29748908896705883,0.28861428347763646,0.38964344131753503,disgust,07,07,07,male,normal,765
60,2.0020000000000002,True,1.0,0.3558342903148677,0.4099451798730527,0.3828897350939602,0.9490448405567913,-0.04912037037037037,-0.046388888888888924,0.3438961149591804,0.44439401264167283,0.19446366956824931,0.4034474649999932,0.054110889558184994,0.002731481481481446,0.001762874087403372,0.3660714285714286,0.1247033298681002,0.11057512057490387,0.0,0.7054169674909435,0.6251555543623699,0.2949873089292457,0.2892472952949459,0.3803402404759067,disgust,07,07,07,male,normal,765
70,2.3356666666666666,True,1.0,0.41971906961113187,0.459597977378109,0.4396585234946204,0.720499568906959,-0.04620370370370369,-0.043749999999999956,0.30040756538363705,0.3687241827006596,0.19306978193111088,0.6102134442101176,0.03987890776697711,0.0024537037037037357,0.010129368854104507,0.4447036749295183,0.12185412428171624,0.11370730040548338,0.0,0.7072782077930312,0.6236268497320804,0.2956885429202938,0.2804576541535383,0.3701435668588106,disgust,07,07,07,male,normal,765
80,2.6693333333333333,True,1.0,0.4291947483002495,0.49016976896014725,0.4596822586301984,0.9641462812204228,-0.04930555555555555,-0.044907407407407396,0.3430438602118419,0.4142656050049482,0.19306978193111088,0.4767764680358768,0.06097502065989774,0.004398148148148151,0.004204821404088133,0.3179334352041748,0.126102443754489,0.10897683905160803,0.0,0.8575809983429381,0.6275516094953608,0.29486803974799447,0.28460194904464864,0.3788784210254669,disgust,07,07,07,male,normal,765
90,3.003,True,1.0,0.47280644951980233,0.5379860918337394,0.5053962706767708,1.0417989332076163,-0.0505092592592592,-0.04662037037037037,0.3373676700005495,0.3982803837261008,0.1923753888416181,0.4851188214607744,0.06517964231393703,0.0038888888888888307,0.006059347445427132,0.31463898788942424,0.1261521343075351,0.10891931316410375,0.0,0.7271797976856276,0.6208753861700931,0.29472777948981127,0.2888977632793565,0.3850666956829069,disgust,07,07,07,male,normal,765
100,3.336666666666667,True,1.0,0.5114164699790064,0.526423743392732,0.5189201066858692,0.972497610060969,-0.04745370370370372,-0.04435185185185203,0.3391650785339359,0.35703381043061916,0.19446955443027228,0.5335952513583415,0.015007273413725652,0.003101851851851689,0.004208649740295913,0.3342980288381036,0.1255992952768789,0.10938231506472709,0.0,0.694669956137986,0.6164958240561851,0.2965771765341427,0.2857822255544568,0.37941601908092265,disgust,07,07,07,male,normal,765
0,0.0,True,1.0,0.5779955190860442,0.555456496549994,0.5667260078180191,0.5821658702941188,-0.04041666666666671,-0.03925925925925933,0.3334507231739474,0.352324954834628,0.1892052886468267,0.9734785852899633,0.022539022536050224,0.0011574074074073848,0.013273991171135324,0.5778388064531683,0.12322902643306197,0.11221579574356665,0.0,0.9999999987499999,0.6359438783169518,0.28459460076084264,0.2695260690891506,0.3600210917727152,disgust,07,07,07,male,normal,766
10,0.33366666666666667,True,1.0,0.31881581295075306,0.2795192047419864,0.2991675088463697,0.5869079497057895,-0.05458333333333337,-0.053101851851851845,0.3239977993697057,0.34088357081072074,0.18686754851706594,0.5097349746179773,0.03929660820876668,0.001481481481481528,0.018867481550669776,0.5325344489562868,0.1254235880900265,0.10975746590177883,0.0,0.716430955992199,0.6304712547519008,0.2942364035639534,0.27809881986490254,0.3682957569523284,disgust,07,07,07,male,normal,766
20,0.6673333333333333,True,1.0,0.35949026548120366,0.31189083820662805,0.33569055184391583,0.6127996346618494,-0.051342592592592606,-0.05092592592592593,0.3352582913888895,0.3982803837261025,0.1826141327750882,0.5477982245031104,0.04759942727457561,0.0004166666666666763,0.017156904893666468,0.5208612557331952,0.12909303924897472,0.10450954621601484,0.0,0.9999999987499999,0.5991374955841712,0.25926903119547445,0.268885364432094,0.3310885677484804,disgust,07,07,07,male,normal,766
30,1.0010000000000001,True,1.0,0.2576963266342509,0.2444819872835036,0.25108915695887724,1.1098893189024197,-0.059027777777777846,-0.05754629629629632,0.3227893549584738,0.5152891186673692,0.1894116317756885,0.22622900561578674,0.013214339350747312,0.001481481481481528,0.009224356610109506,0.29731182961198693,0.12395473446132124,0.11141365075671386,0.0,0.7973895929338509,0.6276241137861396,0.2957485890637802,0.2792316359457939,0.3726994922151728,disgust,07,07,07,male,normal,766
40,1.3346666666666667,True,1.0,0.3660412545224426,0.3519164149322452,0.35897883472734393,0.8579230256517727,-0.04694444444444451,-0.04532407407407407,0.3432588701588009,0.4289406269854541,0.18589172084668074,0.41842778896699284,0.014124839590197447,0.0016203703703704386,0.017649942157510656,0.38484968207444853,0.12481272757852548,0.1104516220109535,0.0,0.7365240163486162,0.6260142695515707,0.2969609883070531,0.27489276379617406,0.361380018187526,disgust,07,07,07,male,normal,766
50,1.6683333333333334,True,1.0,0.36579090178583534,0.3514113777010255,0.35860113974343044,0.7815174208791632,-0.05083333333333334,-0.048657407407407316,0.3380687013672239,0.4214064524348428,0.18874862050361782,0.45885239428191416,0.014379524084809858,0.0021759259259260255,0.014312340749686079,0.40855902302845143,0.12217068949661358,0.11336710456726144,0.0,0.6712193387110917,0.630971078947204,0.29478107075419296,0.2744249769846493,0.36041538666367295,disgust,07,07,07,male,normal,766
60,2.0020000000000002,True,1.0,0.3765597508549108,0.3780188689285736,0.3772893098917422,0.791971370163117,-0.04935185185185181,-0.045231481481481484,0.3194945026294896,0.42020202020202,0.1915482356341513,0.4763926122910661,0.001459118073662835,0.00412037037037033,0.011963577449894788,0.34436506545823864,0.12299264476831692,0.11196550924498848,0.0,0.8488125171261715,0.6282433607349189,0.29676556901536294,0.2780699707072682,0.3660012433480678,disgust,07,07,07,male,normal,766
70,2.3356666666666666,True,1.0,0.4027367104357404,0.373953138252387,0.3883449243440637,0.9277366558096429,-0.0465740740740741,-0.04546296296296293,0.31657584598114025,0.5370845439191377,0.1901334612845498,0.41859392092808073,0.028783572183353368,0.0011111111111111738,0.018051555878293667,0.34582316945630537,0.13073643389996786,0.10337196245655089,0.0,0.7120218874286822,0.5895419996592387,0.26331734512410393,0.27828839375562847,0.3252258313904895,disgust,07,07,07,male,normal,766
80,2.6693333333333333,True,1.0,0.4197122036093861,0.4009162531489321,0.4103142283791591,0.8059574196446447,-0.04662037037037037,-0.04624999999999996,0.3442349875304178,0.41041901247023216,0.19022613096727214,0.5091016204802371,0.018795950460454014,0.00037037037037040976,0.021559574040770052,0.4062279613204052,0.1254430581616072,0.1097352128062555,0.0,0.744229111464633,0.6256142128492023,0.2957120523621825,0.27878604966105647,0.3611033463562242,disgust,07,07,07,male,normal,766
90,3.003,True,1.0,0.4695270567487572,0.4331374773332825,0.45133226704101986,0.8348842524841892,-0.046527777777777835,-0.04726851851851854,0.3394420350971018,0.4174202963351246,0.19022613096727214,0.5405926219090676,0.036389579415474715,0.0007407407407407085,0.0226197170073305,0.3988427780086027,0.12450484256200522,0.11079856474239622,0.0,0.6894889348933707,0.6245937788709234,0.2956201351871884,0.27722342613286904,0.36009952894194674,disgust,07,07,07,male,normal,766
100,3.336666666666667,True,1.0,0.470283497717372,0.4341614469565993,0.45222247233698565,0.7878530007425824,-0.04699074074074072,-0.046759259259259334,0.33706584801204575,0.40150200999381597,0.18963424626223144,0.5739934631343008,0.036122050760772684,0.00023148148148138814,0.02139364128653799,0.4020841397243863,0.1264698138082177,0.10855028312184245,0.0,0.9999999987499999,0.6244661982527386,0.29628817766857496,0.27597728420384354,0.3584878143434715,disgust,07,07,07,male,normal,766
0,0.0,True,1.0,0.4383552445003629,0.4821360075042063,0.4602456260022846,0.5337632362423632,-0.038425925925925974,-0.03296296296296303,0.35767945141942964,0.2879886750680251,0.18820093072565577,0.8622655041631664,0.043780763003843426,0.005462962962962947,0.02227463137896501,0.6274032711745003,0.12511740044856082,0.11010637527061369,0.0,0.8730894820137551,0.6214577524681747,0.2853412031632916,0.2771414891697388,0.361900709976938,disgust,07,07,07,male,normal,767
10,0.33366666666666667,True,1.0,0.3852343759736715,0.4582439477019775,0.4217391618378245,0.535485599071573,-0.03537037037037033,-0.033425925925925914,0.3477812009847786,0.27487827493682443,0.1881960660357054,0.787582640072931,0.07300957172830602,0.0019444444444444153,0.023410525877980704,0.6143720132232747,0.12662352886104047,0.1083709357234723,0.0,0.6716477072322715,0.6259147423500651,0.29355533309320453,0.27321187420081083,0.35927293517535247,disgust,07,07,07,male,normal,767
20,0.6673333333333333,True,1.0,0.3843116601560273,0.3969790473604987,0.39064535375826304,0.5540378903266016,-0.03800925925925924,-0.033657407407407414,0.3543018730247634,0.2985945835153505,0.19048976799342796,0.705087793775224,0.012667387204471414,0.004351851851851829,0.014857215504997062,0.6260859763634683,0.1242237965076933,0.11111357320952733,0.0,0.7265743773202812,0.6244529932441727,0.2898679929387664,0.27650624114437117,0.3654263895754128,disgust,07,07,07,male,normal,767
30,1.0010000000000001,True,1.0,0.4140575204682695,0.47652036016555294,0.44528894031691124,0.8505070972020073,-0.038055555555555676,-0.03217592592592594,0.29860994967599286,0.363013140163557,0.18611480051309184,0.5235569953288102,0.062462839697283445,0.0058796296296297346,0.026684533207208108,0.3887167965795013,0.12400225214845499,0.11136076163665115,0.0,0.7092642364084978,0.6265822983412114,0.2890282907367879,0.28076700891400125,0.37213532633839214,disgust,07,07,07,male,normal,767
40,1.3346666666666667,True,1.0,0.3459401148060025,0.38116152951953974,0.3635508221627711,0.8761256580162163,-0.03944444444444445,-0.03527777777777785,0.3281080755251596,0.41440706822205053,0.18413387926676386,0.41495283106529235,0.035221414713537236,0.004166666666666596,0.02261584136784206,0.34553715690120795,0.12385604258341981,0.11152335399313015,0.0,0.6803605844570189,0.6308066910514206,0.2945628851027661,0.27751306763405376,0.3710762358677747,disgust,07,07,07,male,normal,767
50,1.6683333333333334,True,1.0,0.36136727868626295,0.41084989601642663,0.3861085873513448,1.2494536689623428,-0.04069444444444442,-0.03560185185185183,0.3460136518046149,0.4740922719312908,0.18475567380152816,0.3090219324995089,0.04948261733016368,0.005092592592592593,0.020504831491521335,0.2653485297576471,0.12509940171023876,0.11012682444381866,0.0,0.8555693913774889,0.6179409146392932,0.29747007066650905,0.29199368957204846,0.3976707608339658,disgust,07,07,07,male,normal,767
60,2.0020000000000002,True,1.0,0.2768409314920828,0.28907058532546054,0.28295575840877163,0.90520457348216,-0.051342592592592606,-0.04768518518518522,0.3509398773941632,0.4005110944978514,0.1847635195913375,0.3125876367596017,0.012229653833377763,0.003657407407407387,0.023700273104757735,0.3628395156927473,0.12910625338267254,0.10540091606962262,0.0,0.6450740430512263,0.5786688464370123,0.26154555709042054,0.2904001640757631,0.3352977594475355,disgust,07,07,07,male,normal,767
70,2.3356666666666666,True,1.0,0.23544092821380977,0.2324896091324872,0.23396526867314849,0.6210578764014472,-0.05254629629629631,-0.04745370370370383,0.3024521696679928,0.27447334987976296,0.18819809300513307,0.37672055626892187,0.0029513190813225676,0.005092592592592482,0.02597114032729564,0.4886938778152587,0.12451041630231671,0.11079230118874238,0.0,0.7714789698884735,0.624541587361507,0.29679943441500084,0.2695314138891156,0.36131496445718575,disgust,07,07,07,male,normal,767
80,2.6693333333333333,True,1.0,0.39286923991028067,0.47437865925814077,0.4336239495842107,0.9004989097801971,-0.043472222222222245,-0.04023148148148148,0.3536373266102965,0.35415916113517737,0.19305911224772535,0.48153745093378736,0.0815094193478601,0.0032407407407407662,0.021134019333015334,0.3793476328331359,0.13127190668716252,0.10269111103534215,0.0,0.6835934788063909,0.5683421691567252,0.26083422443892706,0.28983650471161443,0.3277766121002298,disgust,07,07,07,male,normal,767
90,3.003,True,1.0,0.43087958188109066,0.45816035745174594,0.44451996966641827,0.7737640529600247,-0.043287037037037124,-0.039490740740740826,0.35723517497208623,0.3064304724601594,0.1923611111111111,0.5744903345741026,0.02728077557065528,0.0037962962962962976,0.02665810076616577,0.4491066493029812,0.12588158404668576,0.10923188439415489,0.0,0.6828744970129392,0.6255166927943052,0.28821236844982995,0.27957632958402684,0.3664811492173141,disgust,07,07,07,male,normal,767
100,3.336666666666667,True,1.0,0.39286923991028155,0.45667370337834423,0.4247714716443129,0.7790254320413924,-0.040416666666666656,-0.03638888888888897,0.3672597563327175,0.27596909788593604,0.19306187851855738,0.545260082884872,0.06380446346806268,0.004027777777777686,0.02317599707649591,0.45291490077623464,0.12361486482334456,0.11179062109467747,0.0,0.7594001681875419,0.6280566629464285,0.28766679035979825,0.2809034708272475,0.368127883238153,disgust,07,07,07,male,normal,767
0,0.0,True,1.0,0.6076006511707813,0.5508251392914203,0.5792128952311009,0.9435273286899937,-0.04865740740740743,-0.04402777777777783,0.32373673336881553,0.4245686405188561,0.2018792670735439,0.6138803589666958,0.05677551187936103,0.004629629629629595,0.028091393968609765,0.3671251908519303,0.12865721046164522,0.10594857227415913,0.0,0.7223672572940782,0.6127851001025411,0.28566329556431697,0.29327270188056787,0.3614377335152138,disgust,07,07,07,male,strong,768
10,0.33366666666666667,True,1.0,0.4918319886369348,0.43010312530714384,0.4609675569720393,0.8969714508418117,-0.04305555555555557,-0.04055555555555557,0.3122976334731264,0.4810777100772893,0.19669890365235196,0.513915528236065,0.06172886332979094,0.0025000000000000022,0.017595707519282654,0.39925694171557663,0.12453050911914426,0.11076971638832107,0.0,0.7915735062096704,0.6105695601834484,0.2888601231730149,0.298204052740527,0.36264778340706083,disgust,07,07,07,male,strong,768
20,0.6673333333333333,True,1.0,0.33986731233704787,0.3626048473164267,0.3512360798267373,0.8486650559100094,-0.06217592592592597,-0.05671296296296302,0.32639713746848825,0.3548777370007241,0.207662403443696,0.41386890785801556,0.02273753497937886,0.005462962962962947,0.007086454358118935,0.35839726529645294,0.12306380907236013,0.11239696021962575,0.0,0.6801066616414521,0.6138711139768407,0.2905885769588922,0.31555633958301055,0.38046885699466404,disgust,07,07,07,male,strong,768
30,1.0010000000000001,True,1.0,0.32104228862720735,0.2736820015738076,0.2973621451005075,1.4492143899717058,-0.06532407407407409,-0.06069444444444455,0.3769074702899796,0.519463864578377,0.19885105201741013,0.20518851258875034,0.04736028705339973,0.004629629629629539,0.006306663103070328,0.23895316875494896,0.12022007113113224,0.11526841856942496,0.0,0.7071067807446058,0.6177318197122599,0.29304219684191285,0.33074139491453,0.4135015611465056,disgust,07,07,07,male,strong,768
40,1.3346666666666667,True,1.0,0.29518976761837845,0.2772549836830077,0.2862223756506931,1.165166391245113,-0.052685185185185224,-0.04777777777777775,0.34003793898565143,0.4406604459733329,0.20032055914462607,0.24564935772377702,0.017934783935370735,0.004907407407407471,0.015303592425060157,0.26681998500877074,0.12410400717221981,0.11124735131267059,0.0,0.778738831903919,0.603584705421231,0.29331935065588,0.3294671801341247,0.3901099043129245,disgust,07,07,07,male,strong,768
50,1.6683333333333334,True,1.0,0.3132711708649093,0.29745661298862,0.3053638919267646,0.9451470628405592,-0.04981481481481487,-0.04328703703703701,0.3232561924354457,0.24011708562582404,0.19950795339897923,0.32308611424873857,0.015814557876289326,0.0065277777777778545,0.027455145826380062,0.3529046638636532,0.1218238556968893,0.11373972900150386,0.0,0.7395069935706478,0.6098749344581583,0.29609113857519503,0.32382297179757225,0.39441041182863334,disgust,07,07,07,male,strong,768
60,2.0020000000000002,True,1.0,0.2775874538241026,0.2242642203287564,0.2509258370764295,1.0673084655397822,-0.052499999999999936,-0.044351851851851865,0.37420454219448246,0.2773052892584337,0.20052155201440475,0.23510151486480144,0.053323233495346206,0.008148148148148071,0.026530060841320046,0.30008522682303346,0.12391855288967936,0.11128282020320253,0.0,0.9999999987499999,0.5945466786167591,0.2957548829412751,0.31574124793647884,0.38551554657047743,disgust,07,07,07,male,strong,768
70,2.3356666666666666,True,1.0,0.3072750337587214,0.2590889634259493,0.28318199859233534,0.9666098446076897,-0.05842592592592588,-0.054398148148148084,0.30001004314115465,0.26748982502859964,0.20007475409596917,0.2929641159482171,0.04818607033277211,0.004027777777777797,0.018721064647423572,0.32136373007930463,0.123229025456468,0.11221579681707806,0.0,0.6959189507536967,0.5858916224145908,0.2902468019900416,0.31351096467293377,0.36727662940719846,disgust,07,07,07,male,strong,768
80,2.6693333333333333,True,1.0,0.33266742438282554,0.295436996444123,0.3140522104134743,0.7736131547030481,-0.057083333333333375,-0.05384259259259261,0.31399182714337676,0.4032375538631155,0.20989822065203328,0.4059551062494839,0.037230427938702515,0.0032407407407407662,0.014105048444884801,0.45475466680245824,0.12517944699166386,0.11003582971600019,0.0,0.6923269048434345,0.5835832435317877,0.29066635170106625,0.31959201747654065,0.3765117465893097,disgust,07,07,07,male,strong,768
90,3.003,True,1.0,0.4123532215217736,0.3732003076989889,0.39277676461038125,0.8528530080089647,-0.0445370370370371,-0.03837962962962971,0.2898997049931409,0.1776655110981599,0.2063698160501252,0.46054450288841875,0.03915291382278474,0.006157407407407389,0.014401531463014977,0.422360089891025,0.12519720984644078,0.11001561896832271,0.0,0.7310021869501497,0.5770839581692052,0.29620247428199975,0.31838272266891,0.37108747660657065,disgust,07,07,07,male,strong,768
100,3.336666666666667,True,1.0,0.34476151690057666,0.32691605590785633,0.3358387864042165,0.7662420340330908,-0.04699074074074078,-0.04273148148148148,0.3370284417866448,0.13025290347986013,0.20773293113758423,0.43829334790802277,0.01784546099272033,0.004259259259259296,0.01660730289692619,0.4274729498332503,0.12593622150759384,0.10916888697258617,0.0,0.9999999987499999,0.5842663304853192,0.2937666062966054,0.3094830746422257,0.3707263081182807,disgust,07,07,07,male,strong,768
110,3.6703333333333332,True,1.0,0.4205512947229213,0.38335498577657967,0.4019531402497505,0.9820177827770858,-0.04124999999999995,-0.038333333333333386,0.33119844108041163,0.3273262140630214,0.20356818935199425,0.4093135046017718,0.03719630894634163,0.0029166666666665675,0.019920201399673668,0.3307250743998106,0.12557272000882708,0.10958681380516186,0.0,0.6661088621815456,0.5926138337131728,0.29205754990216765,0.30201624942932914,0.3612709381176925,disgust,07,07,07,male,strong,768
120,4.0040000000000004,True,1.0,0.45138500010412724,0.41667662924527754,0.4340308146747024,0.9492279260571862,-0.041296296296296275,-0.039583333333333304,0.3345768428051827,0.2985352066525397,0.2056627927461448,0.45724615001324165,0.0347083708588497,0.0017129629629629717,0.01331338481328927,0.32699745085020937,0.127737328232394,0.10705583938719382,0.0,0.7918128480410305,0.593334682396396,0.29190093525988314,0.3033181520730395,0.3598228630136514,disgust,07,07,07,male,strong,768
0,0.0,True,1.0,0.5364662783880428,0.593960313080946,0.5652132957344944,0.5212766603696054,-0.03976851851851859,-0.0378703703703705,0.36196563526732056,0.19721702814015035,0.20208333333333328,1.084286596168983,0.05749403469290315,0.0018981481481480933,0.017387046466782193,0.6390114175204246,0.12559345337538227,0.10956305143470668,0.0,0.9999999987499999,0.6144796937446854,0.2868654024210701,0.28865289588815707,0.36537431229779865,disgust,07,07,07,male,strong,769
10,0.33366666666666667,True,1.0,0.5245491656687643,0.5663349392063997,0.545442052437582,0.5537509144349274,-0.03888888888888892,-0.036944444444444446,0.34845512603421547,0.22564969561098722,0.20141313311922143,0.984995307852766,0.04178577353763535,0.0019444444444444708,0.01047511945732902,0.5921062227037517,0.12739792807950326,0.10745950721906959,0.0,0.7391754494402557,0.608720441168655,0.2870707510360396,0.2979506410627141,0.3668294168853569,disgust,07,07,07,male,strong,769
20,0.6673333333333333,True,1.0,0.5786638147349996,0.6246156555239084,0.601639735129454,1.1725588417230912,-0.041759259259259274,-0.0402777777777778,0.30579771662221655,0.3936320452694057,0.2000034331980719,0.5130998238394042,0.04595184078890879,0.0014814814814814725,0.006415985884347101,0.27357868079943903,0.12621980319710935,0.10884088869237664,0.0,0.7767572160605369,0.6124980019038866,0.28646942540435044,0.3011198563915377,0.3815264691566842,disgust,07,07,07,male,strong,769
30,1.0010000000000001,True,1.0,0.5149969584712588,0.6011742249116685,0.5580855916914637,1.2943748413734328,-0.043518518518518456,-0.04083333333333333,0.3494494996737841,0.38378898203961703,0.20080427767170406,0.43116226756948645,0.08617726644040968,0.002685185185185124,0.01059429666997456,0.2550817530693787,0.1253881590059016,0.10979793874081267,0.0,0.7177304842732201,0.6245783193120998,0.296271598752675,0.2917231217112462,0.38068584380639964,disgust,07,07,07,male,strong,769
40,1.3346666666666667,True,1.0,0.4726658953251983,0.5331110594605106,0.5028884773928545,1.0828144151321106,-0.048240740740740695,-0.043101851851851836,0.3376456315585171,0.481236165231645,0.19251969308138642,0.4644272096539264,0.06044516413531231,0.0051388888888888595,0.005947845570592632,0.2968659405087025,0.12783376374354652,0.10694066868190412,0.0,0.6941922261942332,0.6193981169577205,0.29388865572187406,0.28676097051050914,0.36687900683384495,disgust,07,07,07,male,strong,769
50,1.6683333333333334,True,1.0,0.4116479554021578,0.4606559562245464,0.4361519558133521,0.9277338541917189,-0.06273148148148144,-0.05773148148148144,0.2995261270324155,0.2625661851485999,0.20862024514420405,0.4701261615523842,0.0490080008223886,0.0050000000000000044,0.008175435289649539,0.33962264150943394,0.12680208925474357,0.10816195232826065,0.0,0.6822274792010055,0.6118560114280087,0.29263731905116797,0.2918904420708162,0.37375357070446946,disgust,07,07,07,male,strong,769
60,2.0020000000000002,True,1.0,0.5023293795321705,0.5614850513159538,0.5319072154240622,1.5720746481687948,-0.06319444444444444,-0.056574074074074054,0.2894185249341823,0.5329595472444272,0.20944928618708286,0.33834730179234523,0.05915567178378334,0.0066203703703703876,0.007446503640294822,0.2136312710953293,0.12599841541649576,0.1090970993345331,0.0,0.696537218604651,0.6137385001344289,0.29882090665109023,0.29390058762537963,0.3803755810112478,disgust,07,07,07,male,strong,769
70,2.3356666666666666,True,1.0,0.39421570649720605,0.43887867507131034,0.41654719078425817,1.25261689140169,-0.04453703703703704,-0.04083333333333339,0.3824817653108315,0.36363636363636337,0.19597392345146358,0.33254157248202043,0.04466296857410429,0.0037037037037036535,0.00037428118043394975,0.279035279277553,0.12500077937960882,0.11023875418882643,0.0,0.8719584018132805,0.6048055502904287,0.29022780374135815,0.32515228623309644,0.4024315027246538,disgust,07,07,07,male,strong,769
80,2.6693333333333333,True,1.0,0.4889585730272259,0.5076326235854288,0.49829559830632736,0.5724397450977465,-0.050185185185185166,-0.0471759259259259,0.3368293489948856,0.4293298088233102,0.19403684977927682,0.8704769411516687,0.018674050558202926,0.003009259259259267,0.002773703747215234,0.5625000000000004,0.1280232439379684,0.10671376098010263,0.0,0.7263281147818008,0.6036176494191428,0.285526760153706,0.30663814271138184,0.3766829247173849,disgust,07,07,07,male,strong,769
90,3.003,True,1.0,0.4554971313523535,0.5343498374110167,0.4949234843816851,1.1322099340990164,-0.04953703703703699,-0.04675925925925928,0.29478613335064097,0.5399770454933779,0.20725426292946394,0.43713049097695167,0.07885270605866324,0.0027777777777777124,0.010222309571354787,0.2855769230769228,0.1267903090892367,0.10817576111112716,0.0,0.6666617684427174,0.6169849217890282,0.2960451810625037,0.2810474260877044,0.35485916285881697,disgust,07,07,07,male,strong,769
100,3.336666666666667,True,1.0,0.44148845637985723,0.4903504306068572,0.46591944349335723,1.0065507353482732,-0.04287037037037039,-0.04226851851851843,0.2832221730856798,0.3751492911956507,0.21125561860177333,0.4628871920024439,0.04886197422699995,0.0006018518518519644,0.008872219735138475,0.32776024773983303,0.12811897687890406,0.10659880644023183,0.0,0.8002539728925655,0.5904906879079758,0.2884608845767985,0.3075385381154263,0.36759577929928444,disgust,07,07,07,male,strong,769
110,3.6703333333333332,True,1.0,0.4935029609798372,0.510613573726491,0.5020582673531641,0.9784631391402506,-0.04388888888888892,-0.040277777777777746,0.31311299699276735,0.3832313961632646,0.2063568763099273,0.5131090250311414,0.017110612746653764,0.003611111111111176,0.002882312187457936,0.32854800775956267,0.12839693128741028,0.106263849952987,0.0,0.7453640225995135,0.5984587794336484,0.28743440711646145,0.30128843694026114,0.3674488464410517,disgust,07,07,07,male,strong,769
120,4.0040000000000004,True,1.0,0.47194146718035795,0.49974557341848735,0.4858435202994227,0.991685025323716,-0.04379629629629628,-0.040092592592592624,0.33702677236408246,0.4131420795403739,0.20428770460881954,0.4899171691544184,0.0278041062381294,0.0037037037037036535,0.006133107224368462,0.3497093521573588,0.1270660600847963,0.10785172295847922,0.0,0.9999999987499999,0.6018463472654687,0.28627212677808045,0.2979137931688502,0.36716191914893753,disgust,07,07,07,male,strong,769
130,4.337666666666666,True,1.0,0.44894345513190087,0.5128886224159185,0.48091603877390965,0.5369229711599381,-0.04398148148148151,-0.039212962962962894,0.3445396163745624,0.31316684046887305,0.2049817389970178,0.8956890738628033,0.06394516728401761,0.004768518518518616,0.010971276772312114,0.5943268721881247,0.1288231491612509,0.10574674468334015,0.0,0.6851372572832302,0.6001118911158214,0.28658751294010504,0.3017098993863936,0.36598497704867894,disgust,07,07,07,male,strong,769
0,0.0,True,1.0,0.5133273782332249,0.5616103467879265,0.5374688625105757,1.1851851851851856,-0.04523148148148143,-0.04342592592592581,0.30628884747047447,0.4357298474945534,0.19801532628674087,0.4534893527432981,0.0482829685547016,0.0018055555555556158,0.013212515906252165,0.2647058823529414,0.1298240289245377,0.10451554566055363,0.0,0.7194543600043877,0.6109846676952032,0.2898411445848827,0.2879569730352107,0.3665873733499938,disgust,07,07,07,male,strong,770
10,0.33366666666666667,True,1.0,0.48437655701067733,0.5525609759755694,0.5184687664931233,0.570929930314198,-0.04217592592592595,-0.039907407407407336,0.30763626411159783,0.12975680234413559,0.1974093652219522,0.9081127805084525,0.06818441896489208,0.002268518518518614,0.020689418835072505,0.5827057820774421,0.12385384812307768,0.11152579107717911,0.0,0.8126113474261892,0.6219986970100542,0.3187969939219104,0.2999343703872713,0.4273912366391696,disgust,07,07,07,male,strong,770
20,0.6673333333333333,True,1.0,0.45186444303307577,0.5225628470843134,0.4872136450586946,1.0119444862865008,-0.05986111111111114,-0.05370370370370375,0.3016155990940754,0.4704425124259981,0.21194958957367083,0.48146281901945664,0.07069840405123767,0.006157407407407389,0.018399830008716304,0.3162610283909846,0.12925551532373622,0.10521781944792788,0.0,0.6918204783514222,0.6086898965054771,0.29705788684163864,0.3047586682782089,0.3911580425416642,disgust,07,07,07,male,strong,770
30,1.0010000000000001,True,1.0,0.3009632010546026,0.3471930683639768,0.3240781347092897,1.3789164693952134,-0.06430555555555556,-0.061620370370370325,0.28601604360790095,0.5457544861139617,0.20284640516811417,0.2350237609762025,0.04622986730937417,0.002685185185185235,0.03607198721418679,0.23475750681148044,0.12412370920736229,0.11122536843394311,0.0,0.7685410420502733,0.6329030780515332,0.2941318050544058,0.2451407009792966,0.33090523552014406,disgust,07,07,07,male,strong,770
40,1.3346666666666667,True,1.0,0.3115305293777816,0.2982097534251142,0.30487014140144786,1.4468462378586961,-0.06731481481481477,-0.06120370370370376,0.27508793943287535,0.6848405525864497,0.19769553637926987,0.21071357371924307,0.013320775952667396,0.006111111111111012,0.024597107078472194,0.22539471550543883,0.12833735804314936,0.10633579031328304,0.0,0.6634226093356335,0.6383937929546819,0.29219274561486813,0.2592164952614828,0.34962185618236485,disgust,07,07,07,male,strong,770
50,1.6683333333333334,True,1.0,0.2905576744080156,0.3195740673628277,0.30506587088542164,1.3241320968124148,-0.06634259259259262,-0.06115740740740738,0.31327679824325005,0.6276562594424614,0.19119935987353462,0.2303893030157695,0.029016392954812065,0.005185185185185237,0.031561088391740974,0.26297999600233907,0.1298411538238726,0.10449427039317156,0.0,0.8400864275790604,0.6424810354923219,0.29034976409504387,0.26044648201775067,0.3435400481761961,disgust,07,07,07,male,strong,770
60,2.0020000000000002,True,1.0,0.3790543057158375,0.3931579314231849,0.38610611856951116,1.3309279620877879,-0.05087962962962961,-0.04666666666666669,0.3378748514808832,0.5725595548971225,0.1872497898511782,0.29010294288493105,0.014103625707347411,0.004212962962962918,0.01675561344825674,0.24309984353818206,0.12729324094148622,0.10758349585991327,0.0,0.7021017669438148,0.6165347299075881,0.29872259986458205,0.302537780151026,0.40083030721430607,disgust,07,07,07,male,strong,770
70,2.3356666666666666,True,1.0,0.358705518637875,0.38837266337720217,0.37353909100753857,0.6746469181301471,-0.05731481481481471,-0.05314814814814822,0.3257157269572383,0.47836493758757265,0.1861701327690947,0.5536808676794083,0.02966714473932719,0.004166666666666485,0.005096679954414768,0.460047846105693,0.12719454187233742,0.10770016847171857,0.0,0.6889139143982514,0.6190648711125075,0.290386213247644,0.29867291235152305,0.3690715552576982,disgust,07,07,07,male,strong,770
80,2.6693333333333333,True,1.0,0.3954955180158352,0.38380588539073024,0.38965070170328275,1.3587932304536323,-0.06148148148148147,-0.05722222222222223,0.29668775801107905,0.7838376466839337,0.1897285547994645,0.2867623218679108,0.011689632625104973,0.00425925925925924,0.017554510098499423,0.23110104559588082,0.12798275336113374,0.10676231832041572,0.0,0.653627204015292,0.6167350051817602,0.2916657981072819,0.3036211199318761,0.40186055303278395,disgust,07,07,07,male,strong,770
90,3.003,True,1.0,0.4338872389166039,0.5001365086895483,0.46701187380307607,0.9530339733573759,-0.03842592592592603,-0.03634259259259265,0.2674337959738889,0.3966619421954096,0.20073245582099242,0.4900264700510864,0.06624926977294437,0.0020833333333333814,0.044724140547684706,0.363479020358299,0.12586001811006683,0.10925673256921521,0.0,0.791407158457168,0.5900265285958133,0.2931276336260009,0.30771276494425054,0.36826259105103215,disgust,07,07,07,male,strong,770
100,3.336666666666667,True,1.0,0.4610682648467488,0.5047994929108531,0.48293387887880096,1.1023983677239801,-0.04263888888888895,-0.038935185185185184,0.30172391686292105,0.4132557592491903,0.20212901015410112,0.43807564762261925,0.043731228064104344,0.0037037037037037646,0.01941175022233787,0.2991323782842917,0.12525443019877947,0.10995046832932093,0.0,0.6775659493526508,0.5970365411008154,0.29123009719287474,0.30613588320712354,0.37566258491288446,disgust,07,07,07,male,strong,770
110,3.6703333333333332,True,1.0,0.4868603387405551,0.5166117752983785,0.5017360570194669,0.9907174922352933,-0.04523148148148143,-0.04148148148148151,0.3299702750468797,0.35591539899010427,0.2014347231801579,0.5064370629889975,0.02975143655782342,0.00374999999999992,0.018250983786653265,0.34407540643667806,0.12688621496597563,0.10806325102511095,0.0,0.6677606234736078,0.6081511079509929,0.29003644100430753,0.29942452999806424,0.3688608457674141,disgust,07,07,07,male,strong,770
120,4.0040000000000004,True,1.0,0.4823490350112384,0.5155910303702799,0.4989700326907591,0.9267276877954688,-0.04444444444444434,-0.04208333333333325,0.33951441470723964,0.32641155982735187,0.20072523421335145,0.5384214146851768,0.03324199535904149,0.0023611111111110916,0.014516770069488679,0.37005513842527343,0.1265516981159885,0.10845480844317511,0.0,0.6708420418799325,0.6079197740267982,0.29060195182757426,0.2984657025849162,0.36545150434956386,disgust,07,07,07,male,strong,770
0,0.0,True,1.0,0.5845614688639652,0.47981337040771943,0.5321874196358423,0.5580950825136228,-0.03981481481481469,-0.039351851851851805,0.3372739898914616,0.22625476318119866,0.20337887743198357,0.9535784068171785,0.10474809845624578,0.0004629629629628873,0.03806711902384545,0.5802260365320442,0.12853523776428094,0.10609651466385261,0.0,0.6977357079806861,0.6016026468009078,0.2881538553755962,0.2899025440431222,0.35849763867974715,disgust,07,07,07,male,strong,771
10,0.33366666666666667,True,1.0,0.4816108788165116,0.43449143708620935,0.4580511579513605,0.512851264243441,-0.03981481481481475,-0.03814814814814821,0.3461060650189609,0.1978140590653275,0.20705096229385264,0.893146200247899,0.04711944173030225,0.0016666666666665386,0.029622267143465265,0.6434917502602969,0.1251569680372772,0.11006139705673756,0.0,0.8973963237452102,0.6038466031334409,0.29109197170646917,0.2909566799529415,0.3583477730543384,disgust,07,07,07,male,strong,771
20,0.6673333333333333,True,1.0,0.3657885749793705,0.2976810274896826,0.3317348012345266,0.5059081924176468,-0.050787037037036964,-0.048055555555555574,0.3395380711056325,0.16367617989982655,0.2126582734336137,0.6557213466918256,0.06810754748968789,0.0027314814814813904,0.036204631028946,0.6808546597404723,0.12445886325419679,0.11067820553294412,0.0,0.751967560834595,0.5956609792745222,0.2911897969399653,0.3028270266048454,0.36188210328909204,disgust,07,07,07,male,strong,771
30,1.0010000000000001,True,1.0,0.4031476129563346,0.3622897596586924,0.3827186863075135,1.2163472991997637,-0.057592592592592584,-0.05194444444444446,0.31432839124579515,0.3919402336712001,0.21181456055111783,0.314645896414046,0.04085785329764219,0.005648148148148124,0.013071923490996864,0.2962151013570832,0.12021966434025112,0.11526884283243094,0.0,0.7548703617806266,0.5852787489839686,0.2918291098735067,0.3001255917272866,0.3674807258047269,disgust,07,07,07,male,strong,771
40,1.3346666666666667,True,1.0,0.36813337270097485,0.34502825119903757,0.35658081195000624,0.9175038727647254,-0.060555555555555585,-0.05356481481481484,0.3473574038294477,0.3082120531630623,0.20557930840615515,0.38864229627229474,0.023105121501937276,0.006990740740740742,0.006266684376693476,0.3694568952856372,0.12530351041884924,0.10989453147086456,0.0,0.6681888055411899,0.6097179805125176,0.291227529217312,0.3038401528674936,0.37200412207888695,disgust,07,07,07,male,strong,771
50,1.6683333333333334,True,1.0,0.4576978743903013,0.4059894856831446,0.4318436800367229,1.1030649202244707,-0.049259259259259225,-0.04555555555555563,0.3286162360377817,0.36764343113178566,0.20625,0.39149434645138015,0.051708388707156716,0.003703703703703598,0.007248365864166155,0.30465031351057087,0.12384111762825252,0.11153992717662013,0.0,0.9127491444345076,0.5996298561065052,0.29076031520749673,0.30280100620056244,0.3691018306666147,disgust,07,07,07,male,strong,771
60,2.0020000000000002,True,1.0,0.3060733777026266,0.31956654152383657,0.3128199596132316,1.071503268081056,-0.04893518518518525,-0.043842592592592544,0.3428308767985152,0.27154534876026787,0.20558561729579655,0.29194494214978706,0.013493163821209964,0.005092592592592704,0.008123342816503041,0.331335616438356,0.12257854654867213,0.11292598326308172,0.0,0.7111448769620805,0.5954044128354467,0.2916158080213446,0.314446112071861,0.37571391758384437,disgust,07,07,07,male,strong,771
70,2.3356666666666666,True,1.0,0.32683031816034264,0.3187242691887602,0.32277729367455144,1.1111141778015836,-0.04893518518518525,-0.04462962962962963,0.3399116826728228,0.21479124505231123,0.2055570401891299,0.2904987625242877,0.008106048971582458,0.004305555555555618,0.009375169602290087,0.2852796282121572,0.123759119555512,0.11163090117357702,0.0,0.9007870734580606,0.5746602466377176,0.296424178870738,0.31633047494980077,0.3868234723001004,disgust,07,07,07,male,strong,771
80,2.6693333333333333,True,1.0,0.2752067677016127,0.29104855485404446,0.28312766127782857,0.6129508070306432,-0.04972222222222228,-0.0463425925925926,0.32783120929293486,0.30644353119234247,0.19455780600042563,0.4619092723760362,0.015841787152431785,0.003379629629629677,0.01564326372807102,0.5774325392659317,0.12294498605137709,0.11252692200084313,0.0,0.7660564512403937,0.603976828661152,0.291252735512683,0.29951467796997266,0.3542752929352441,disgust,07,07,07,male,strong,771
90,3.003,True,1.0,0.282839950379215,0.22933684361800802,0.2560883969986115,1.1090723751274212,-0.05402777777777784,-0.05180555555555566,0.3234241359606801,0.5382262996941891,0.1901635537947276,0.23090323295554951,0.05350310676120698,0.002222222222222181,0.02653442520831167,0.28163420508840686,0.1250193795194614,0.11004466623762724,0.0,0.7936460384437525,0.6156626270039267,0.292308069964432,0.30801180054722077,0.3768362480111942,disgust,07,07,07,male,strong,771
100,3.336666666666667,True,1.0,0.21802089888515502,0.18192367096233014,0.19997228492374258,1.091843985041468,-0.052638888888888846,-0.04777777777777764,0.2789595297650426,0.462645756373503,0.1975040290995027,0.1831509699768577,0.03609722792282488,0.004861111111111205,0.029326760226269212,0.3436385817447532,0.12129402335026328,0.11413778393598546,0.0,0.8105143509103934,0.6164968627372825,0.3189235514704663,0.29296228863642576,0.40098909592979265,disgust,07,07,07,male,strong,771
110,3.6703333333333332,True,1.0,0.3772189586061197,0.38931234826187433,0.383265653433997,1.0701627030990406,-0.04749999999999999,-0.04513888888888884,0.2959615642705913,0.3451995685005394,0.19588046757961877,0.35813774141456584,0.012093389655754627,0.002361111111111147,0.007564164073175146,0.3175272547423756,0.12248282504127006,0.11302979845988669,0.0,0.733801530629741,0.6099502189938475,0.2903980079819252,0.30367728078455847,0.36665144587426945,disgust,07,07,07,male,strong,771
120,4.0040000000000004,True,1.0,0.4056171024529109,0.4179785922872048,0.41179784737005787,1.0507056567981712,-0.047592592592592575,-0.04402777777777778,0.3259181758678118,0.41719195196397946,0.19724117659584228,0.3919250312451298,0.012361489834293915,0.0035648148148147984,0.0069398587169233064,0.33218697053166224,0.12562657158441987,0.1091766201496057,0.0,0.9999999987499999,0.6131326173359969,0.28885554933563123,0.30527690363016946,0.37153897505620326,disgust,07,07,07,male,strong,771
130,4.337666666666666,True,1.0,0.4481854711323032,0.41645411283807343,0.43231979198518833,1.0352541030217288,-0.048055555555555574,-0.04370370370370369,0.3258975140386273,0.3862888444110927,0.19592097059741992,0.4175977576165322,0.031731358294229794,0.0043518518518518845,0.0033356680596153226,0.3277653760471862,0.12669006944382444,0.10829313955602098,0.0,0.692271902739693,0.6155995286317653,0.28952341436904416,0.30279906572475107,0.36771621162124146,disgust,07,07,07,male,strong,771
140,4.671333333333333,True,1.0,0.4655413138979609,0.46114518524728776,0.4633432495726243,1.0011472386424933,-0.0499074074074074,-0.04675925925925922,0.33488530021682145,0.39433405420454104,0.19794788850499284,0.4628122934253857,0.004396128650673126,0.0031481481481481777,0.00511328736559239,0.3506923668644683,0.1247833928675605,0.11048476200286834,0.0,0.6930878223350126,0.6159976581726441,0.29126251671806086,0.2980295970464736,0.36494259784663524,disgust,07,07,07,male,strong,771
0,0.0,True,1.0,0.6437951706744893,0.6528444897671879,0.6483198302208386,0.8883266207655652,-0.0463425925925926,-0.04333333333333328,0.331432555081614,0.37508269553780577,0.1972690246162261,0.7298214587581678,0.009049319092698571,0.0030092592592593226,0.004908120561015778,0.3410423474936706,0.12942730894917262,0.10500642584654407,0.0,0.7826341318883021,0.6272110924994998,0.2809336798054303,0.28469840538798646,0.3687775085281951,surprised,08,07,07,male,normal,772
10,0.33366666666666667,True,1.0,0.6874352465266148,0.6825673695795607,0.6850013080530877,0.8728113223844721,-0.04731481481481492,-0.04314814814814816,0.33150511034117547,0.3750826955378062,0.19936067097489082,0.7848217483954059,0.0048678769470541505,0.004166666666666763,0.0034144378213931525,0.34577266807508195,0.12673594133448474,0.10823945188659743,0.0,0.7071067807446058,0.6300724468693727,0.283953198638531,0.2807753377095606,0.36979365768502587,surprised,08,07,07,male,normal,772
20,0.6673333333333333,True,1.0,0.6821317366838181,0.7009981761284666,0.6915649564061424,0.8127737012322921,-0.04560185185185189,-0.04259259259259257,0.337273922093205,0.368738433724338,0.19593304199252465,0.8508702426734793,0.018866439444648497,0.0030092592592593226,0.001912768835902144,0.3754366007566568,0.12596909010908916,0.10895623965608352,0.0,0.7071067807446058,0.630491355979892,0.2834419880269256,0.27995185459114025,0.36983975102732386,surprised,08,07,07,male,normal,772
30,1.0010000000000001,True,1.0,0.5133787305589858,0.505134190546152,0.5092564605525689,0.989247311827957,-0.05245370370370367,-0.04787037037037034,0.35311333844952464,0.3440860215053763,0.19869752321601986,0.514791856862923,0.008244540012833701,0.004583333333333328,0.0018905580505507891,0.30978260869565194,0.12563668737517755,0.10951347202908637,0.0,0.7071067807446058,0.6320795341964911,0.28296994790299657,0.28210062397542524,0.3710686959045142,surprised,08,07,07,male,normal,772
40,1.3346666666666667,True,1.0,0.6200800130575481,0.6069122071271404,0.6134961100923443,0.9243509641947786,-0.05124999999999996,-0.0463425925925926,0.36009688535716244,0.4052923458392487,0.19726902461622614,0.6637047332197825,0.013167805930407672,0.00490740740740736,0.0028146102001872586,0.3288461538461542,0.12508679698573907,0.11014114122445406,0.0,0.6862582288106621,0.6386678198779513,0.29005615210262686,0.2839146376706383,0.3790326567034213,surprised,08,07,07,male,normal,772
50,1.6683333333333334,True,1.0,0.6509200364277401,0.6383721888167909,0.6446461126222656,0.964716761525026,-0.05560185185185185,-0.05236111111111108,0.36833867568743683,0.35831180017226494,0.20073245582099256,0.66822319081842,0.012547847610949181,0.0032407407407407662,0.004558734757621341,0.3133827393207424,0.12446770755989181,0.11084027943469449,0.0,0.7019393267807528,0.6378694305378401,0.28754672741119786,0.2894663267562846,0.3887524201031752,surprised,08,07,07,male,normal,772
60,2.0020000000000002,True,1.0,0.6845205915525012,0.6602932023111533,0.6724068969318273,0.8888888888888895,-0.060740740740740706,-0.05555555555555558,0.3650429579684823,0.39506172839506276,0.20627367288386567,0.7564577590483053,0.02422738924134793,0.005185185185185126,0.0029195800431264657,0.3303571428571424,0.12576556534523645,0.10936544401227878,0.0,0.8380983680979656,0.6359163213332208,0.28720010120361106,0.29364781678426055,0.39372407548586347,surprised,08,07,07,male,normal,772
70,2.3356666666666666,True,1.0,0.6729214898373734,0.6619164263329648,0.667418958085169,1.1173001828890217,-0.06800925925925927,-0.064537037037037,0.30601838461147046,0.5840432774192605,0.21597787427848933,0.5973497259791122,0.011005063504408663,0.0034722222222222654,0.005431221619586162,0.27272727272727293,0.12531037599057876,0.10988670274262947,0.0,0.8527538715050113,0.6312717016181474,0.29443590089731897,0.30066884655995973,0.3939751322943363,surprised,08,07,07,male,normal,772
80,2.6693333333333333,True,1.0,0.6977817601712923,0.6671074815699444,0.6824446208706183,1.0179261829298505,-0.06782407407407415,-0.06217592592592591,0.33818485855746044,0.43299845094777195,0.21805870448037062,0.6704264339741897,0.03067427860134797,0.005648148148148235,0.0020842053213921585,0.3022388059701488,0.1230857358288876,0.1123729478376844,0.0,0.7127990829585187,0.6342265858140131,0.29255195156174946,0.2967803948260688,0.39075727509263114,surprised,08,07,07,male,normal,772
90,3.003,True,1.0,0.6987178015271126,0.6827931658021265,0.6907554836646195,0.9108666383580413,-0.06856481481481486,-0.062962962962963,0.34773413838441714,0.38930600901726936,0.21876708917623014,0.7583497458088908,0.015924635724986147,0.005601851851851858,0.004188882555105449,0.33567166929908304,0.12648991365855655,0.10852686079214398,0.0,0.6962717125772315,0.6328899705585359,0.28986414690640544,0.2980008596390167,0.38906241310275713,surprised,08,07,07,male,normal,772
100,3.336666666666667,True,1.0,0.7289375501038139,0.7097549403116387,0.7193462452077263,0.8596927938895712,-0.06597222222222215,-0.06115740740740744,0.3506073565507047,0.356974852144061,0.21876255544325338,0.8367480224571097,0.01918260979217523,0.004814814814814716,0.0036241802274328155,0.35273820654451127,0.12591317611458155,0.10919546625837451,0.0,0.7390471034302784,0.630199429326418,0.29121060809244015,0.29757382660361265,0.38725977871644957,surprised,08,07,07,male,normal,772
0,0.0,True,1.0,0.716413501866939,0.7260396605026548,0.7212265811847969,0.9788767637737708,-0.061342592592592615,-0.055324074074074026,0.3325285487805288,0.42165420220228716,0.21320017014117348,0.7367899697652649,0.009626158635715809,0.00601851851851859,9.046328303900854e-05,0.3028732746505383,0.12746625313676854,0.10737845259593297,0.0,0.8297947108047495,0.631941274697379,0.2891002286925911,0.29348667110267873,0.38472096693459623,surprised,08,07,07,male,normal,773
10,0.33366666666666667,True,1.0,0.6948628595494551,0.7039292663736268,0.699396062961541,0.9184177374650523,-0.07675925925925925,-0.07162037037037033,0.3390159735952902,0.40736270613369263,0.22639023690059643,0.7615228173749796,0.009066406824171702,0.005138888888888915,0.003441714179782214,0.3266129032258063,0.12311755213381594,0.11216836532278068,0.0,0.7094257947368343,0.632702747966374,0.2903799664159305,0.30138832041641567,0.39610978107847095,surprised,08,07,07,male,normal,773
20,0.6673333333333333,True,1.0,0.7038155528906331,0.7036270862346589,0.7037213195626459,0.7786120180345394,-0.07041666666666668,-0.0660648148148148,0.342808851478315,0.3746152162241659,0.22152777777777777,0.9038151264850226,0.00018846665597427315,0.0043518518518518845,0.0038611806407823556,0.382075471698113,0.12657875898869772,0.10842322418852277,0.0,0.7840533495493343,0.6343851165544343,0.28717434248863105,0.29855946310028075,0.393064191357595,surprised,08,07,07,male,normal,773
30,1.0010000000000001,True,1.0,0.4044499416599537,0.37467996443605467,0.3895649530480042,1.1019334060754267,-0.08078703703703699,-0.07666666666666672,0.33981841179668787,0.477450765775897,0.22291974692429875,0.3535285806748096,0.029769977223899013,0.004120370370370274,0.004608567937092025,0.2924670993018884,0.12247033521189787,0.11304333135239851,0.0,0.6939714426551765,0.6350372852031437,0.29075799302212324,0.29551486263929094,0.3919214346833272,surprised,08,07,07,male,normal,773
40,1.3346666666666667,True,1.0,0.5721150671491189,0.5854281893016252,0.5787716282253721,0.8954729661878866,-0.07833333333333331,-0.07333333333333342,0.3676185067558854,0.41327974038911347,0.22430861674064606,0.6463306543906712,0.013313122152506351,0.004999999999999893,0.0014939511227434253,0.33783781460073176,0.12159827101633815,0.11398086793663756,0.0,0.9999999987499999,0.6375392636351415,0.28805221588112234,0.29758718846066573,0.394048131449868,surprised,08,07,07,male,normal,773
50,1.6683333333333334,True,1.0,0.5513864936163148,0.5607520051306979,0.5560692493735063,0.9575343446741235,-0.07768518518518525,-0.07226851851851845,0.36087170860128087,0.42324387124050994,0.22083333333333333,0.5807303439990475,0.00936551151438314,0.005416666666666792,0.0032637814013411503,0.31825435527601015,0.125070905682498,0.11015918628072038,0.0,0.7540758041712953,0.6392222421155962,0.2857157779664083,0.3030238221894126,0.4059659687657553,surprised,08,07,07,male,normal,773
60,2.0020000000000002,True,1.0,0.5812540794200581,0.5935057621939582,0.5873799208070082,1.2887744067316802,-0.07615740740740734,-0.07078703703703709,0.3399806458974375,0.5258682206453129,0.2236111111111111,0.45576628286450704,0.012251682773900097,0.005370370370370248,0.0020927027976481542,0.25241173801963446,0.12157581263414775,0.1140048224959962,0.0,0.7071067807446058,0.6367569681310025,0.29004328807244784,0.30378236016142013,0.40485218923293426,surprised,08,07,07,male,normal,773
70,2.3356666666666666,True,1.0,0.6375540805921035,0.6546577305387873,0.6461059055654454,1.094159531063869,-0.07203703703703707,-0.06662037037037027,0.3090375742300549,0.5470797655319352,0.21944479211278053,0.5905042977939663,0.017103649946683785,0.005416666666666792,0.0026668243078512713,0.26463864088645406,0.12150715080852913,0.11391086921240215,0.0,0.8009589101082142,0.6330499830088285,0.2932144621990576,0.29423620516335114,0.3905051599410088,surprised,08,07,07,male,normal,773
80,2.6693333333333333,True,1.0,0.6372034839569841,0.6262678225961937,0.631735653276589,1.075183259139463,-0.07537037037037037,-0.06976851851851856,0.3410157867556938,0.4629119987252915,0.22152915536949758,0.5875609091813864,0.010935661360790383,0.005601851851851802,0.007891241895516043,0.2971906393136331,0.12606535097161442,0.10901974616999056,0.0,0.6450991510910913,0.632378598079857,0.28862647213522663,0.29937991948414644,0.39337279922651064,surprised,08,07,07,male,normal,773
90,3.003,True,1.0,0.6212217981176849,0.6259319370923259,0.6235768676050053,0.8885236968124084,-0.07282407407407404,-0.06847222222222221,0.35341702027019073,0.4012687663023776,0.22083333333333333,0.7018123093870161,0.004710138974641009,0.004351851851851829,0.004318575617663522,0.34513514560312347,0.12383627075676355,0.1115453083518787,0.0,0.6778144923753054,0.6352878078965961,0.28890231323434223,0.29576455520807443,0.3913265969719471,surprised,08,07,07,male,normal,773
100,3.336666666666667,True,1.0,0.6278303049062279,0.6319786338460176,0.6299044693761228,0.888830416192985,-0.07231481481481478,-0.06731481481481488,0.3438594277372511,0.39254951681974026,0.2208336788150796,0.7086891468837363,0.0041483289397896694,0.004999999999999893,0.006325454054685848,0.3562343455143265,0.12378454806127642,0.11160270351371024,0.0,0.6738743650782475,0.6361740646492972,0.2893282809535683,0.293223023501597,0.39024397673693717,surprised,08,07,07,male,normal,773
0,0.0,True,1.0,0.6501287168439633,0.6634642374794467,0.656796477161705,0.8357858324050543,-0.06365740740740738,-0.05935185185185188,0.33425531868208325,0.3722267385340497,0.21319587588304287,0.7858430374103252,0.013335520635483378,0.004305555555555507,0.002214031895533378,0.3681048208356899,0.12614034594316,0.10893296514678442,0.0,0.6884649738526535,0.6295850358580932,0.2896058463768268,0.2903160028761265,0.38776358795525306,surprised,08,07,07,male,normal,774
10,0.33366666666666667,True,1.0,0.6490214770641894,0.6947694576245725,0.671895467344381,0.8216619981325859,-0.06550925925925927,-0.060185185185185175,0.3408636707751554,0.3734827264239028,0.21319444444444446,0.8177273244611732,0.045747980560383095,0.005324074074074092,0.003935082941331642,0.36863047859891596,0.12484263384699544,0.11041781805687384,0.0,0.873531527692997,0.6319290432735594,0.2907663796256118,0.2886140342183955,0.38994153457867914,surprised,08,07,07,male,normal,774
20,0.6673333333333333,True,1.0,0.6220358412427643,0.6246213467982827,0.6233285940205235,0.8356547457951476,-0.07092592592592595,-0.06504629629629638,0.33613607036857773,0.3874196666374803,0.22013923546048123,0.7459164172249269,0.002585505555518397,0.005879629629629568,0.005252807552135206,0.36816256431563216,0.12265508187691473,0.1126738865586699,0.0,0.6812326529137335,0.6334115265246725,0.2920969786213075,0.2929697464564342,0.39278845011677055,surprised,08,07,07,male,normal,774
30,1.0010000000000001,True,1.0,0.6398102437615943,0.6437220666667397,0.641766155214167,1.2052211945626075,-0.0772222222222223,-0.07180555555555551,0.33060042296428216,0.49444972084619765,0.22430861674064606,0.5324882752722195,0.003911822905145357,0.005416666666666792,0.0008948272457082561,0.2671347458262947,0.1197142295512664,0.11513366699124843,0.0,0.7952315167981678,0.6319284276679422,0.2965779827217389,0.3026006785621485,0.40135990106029557,surprised,08,07,07,male,normal,774
40,1.3346666666666667,True,1.0,0.230101606938491,0.2344640023200084,0.23228280462924972,0.9229521547514806,-0.09032407407407417,-0.08685185185185179,0.3596072863182388,0.35498159798133966,0.22848424342002888,0.25167372266636673,0.00436239538151742,0.0034722222222223764,0.006162648436653531,0.33785046454094514,0.11988703454055301,0.11511933342621812,0.0,0.9175653621561911,0.6333134037599415,0.2948336115617293,0.29744477072684533,0.3837143143815498,surprised,08,07,07,male,normal,774
50,1.6683333333333334,True,1.0,0.5402232543758512,0.5387394859178835,0.5394813701468673,1.148717948717949,-0.0780555555555556,-0.07194444444444442,0.37463485277940123,0.3555555555555554,0.2256974867917277,0.4696377999046388,0.0014837684579677157,0.006111111111111178,0.00022089928231809565,0.26812156260845726,0.12161188738711581,0.11396633983906418,0.0,0.7071067807446058,0.634668368785014,0.2979320203450092,0.31303110516872446,0.4132375427836261,surprised,08,07,07,male,normal,774
60,2.0020000000000002,True,1.0,0.5809445264303208,0.5715868806118631,0.576265703521092,0.9453654375199962,-0.07699074074074069,-0.07166666666666666,0.36407796984115215,0.3879684394419427,0.22501220670013108,0.6095692529576986,0.00935764581845766,0.005324074074074037,0.0047109745719093885,0.3361050296025293,0.12309376523662251,0.11236415233635141,0.0,0.7221346781608229,0.6357967559367498,0.2945257292479028,0.30824297918865984,0.40215331228100715,surprised,08,07,07,male,normal,774
70,2.3356666666666666,True,1.0,0.6291246382000981,0.6328260999398808,0.6309753690699895,1.1729798634935023,-0.0785185185185186,-0.07328703703703698,0.2994011028783314,0.6037396356216548,0.22848057034335792,0.5379251500454124,0.0037014617397826965,0.005231481481481615,0.007507047549101821,0.27297794117647034,0.12008951940359827,0.11523921729958746,0.0,0.9999999987499999,0.6343683699260955,0.2950309133866106,0.30278627748054376,0.3983662032716911,surprised,08,07,07,male,normal,774
80,2.6693333333333333,True,1.0,0.6315475990179081,0.6266042176960395,0.6290759083569738,0.9481481481481483,-0.07722222222222225,-0.07310185185185186,0.34382169903100007,0.37037037037037024,0.22847255615292425,0.6634784970952458,0.004943381321868667,0.004120370370370385,0.0003579910948846633,0.33398437499999967,0.1204940236163555,0.11514759243015325,0.0,0.8888326843670535,0.6357093777432848,0.293712277921679,0.3023686563282081,0.39792532910283857,surprised,08,07,07,male,normal,774
90,3.003,True,1.0,0.6486950059911576,0.6422998349603384,0.645497420475748,0.8678915135608039,-0.07675925925925925,-0.07222222222222224,0.3628384209142037,0.3219597550306211,0.22777811272655973,0.7437535802457468,0.006395171030819213,0.004537037037037006,0.004944940065556495,0.34513514560312336,0.12400832317267982,0.11135400107011079,0.0,0.8333095344164405,0.6289868361954157,0.2926592918127971,0.301273880530307,0.39074483116473147,surprised,08,07,07,male,normal,774
100,3.336666666666667,True,1.0,0.6561186566465584,0.6339712449255334,0.6450449507860458,0.8602150537634402,-0.07560185185185198,-0.07037037037037036,0.3552824223320334,0.3440860215053763,0.22708333333333336,0.7498647552887788,0.02214741172102508,0.005231481481481615,0.0006055357815379353,0.3656250000000002,0.12406355090188194,0.11129246653770769,0.0,0.6877367923300027,0.6291229018716863,0.29358816282852973,0.3000420312462859,0.3905695832542812,surprised,08,07,07,male,normal,774
0,0.0,True,1.0,0.6960235330022875,0.6847214300216606,0.6903724815119741,0.8059574196446446,-0.05972222222222218,-0.05444444444444446,0.34023159183347434,0.3059487183868994,0.22222256554471098,0.8565867931538701,0.011302102980626838,0.005277777777777715,0.00946227579323611,0.3754366007566589,0.12395926429689096,0.11140861082211292,0.0,0.7071067807446058,0.6304384160851841,0.28512399230697755,0.29494633461131464,0.37763374870625116,surprised,08,07,07,male,normal,775
10,0.33366666666666667,True,1.0,0.7373382969502924,0.7085142608330409,0.7229262788916666,0.8059136972142762,-0.0587037037037037,-0.05467592592592602,0.3392628932008266,0.3208730461130912,0.22083333333333338,0.8970269166419876,0.028824036117251484,0.004027777777777686,0.008824257057010553,0.3754569689433413,0.1258186911388546,0.10930432164671078,0.0,0.7222654720538291,0.6303647033031963,0.28432489843356357,0.2961026548027937,0.3777032837407526,surprised,08,07,07,male,normal,775
20,0.6673333333333333,True,1.0,0.73242108269055,0.7132856739261805,0.7228533783083653,0.8358045136618835,-0.05986111111111114,-0.055555555555555525,0.3412058363648978,0.32087304611309103,0.22361247586820418,0.8648593857687499,0.019135408764369477,0.004305555555555618,0.010180157172027141,0.36158890208818906,0.12328146811058725,0.11215818022178704,0.0,0.7283605367721473,0.6288677001660039,0.28655001868975255,0.2943047707115746,0.37774664981926426,surprised,08,07,07,male,normal,775
30,1.0010000000000001,True,1.0,0.6911460730642534,0.6750664453268682,0.6831062591955608,0.8225841375814268,-0.07060185185185186,-0.06416666666666665,0.34868897984136826,0.2643487067572349,0.23333366030715563,0.8304393775499236,0.016079627737385138,0.00643518518518521,0.009131063803432881,0.3916620460341515,0.12157128136894715,0.11400965448708333,0.0,0.6730452074186084,0.6312513035370398,0.2885701794499748,0.30238935377460274,0.3830150414110802,surprised,08,07,07,male,normal,775
40,1.3346666666666667,True,1.0,0.6574281001399022,0.6401467014459647,0.6487874007929335,0.8055157498099577,-0.06930555555555556,-0.06458333333333338,0.3666786373929782,0.2846947645605332,0.2291749894913857,0.8054310557503059,0.01728139869393741,0.004722222222222183,0.006868654834991646,0.3782149722402989,0.12236211529748327,0.11299197565460109,0.0,0.9999999987499999,0.6334063715876974,0.28813338235644825,0.30363944193751674,0.38655643857436894,surprised,08,07,07,male,normal,775
50,1.6683333333333334,True,1.0,0.6492228541702207,0.6426291923836702,0.6459260232769455,1.0972500353586339,-0.07120370370370377,-0.06518518518518529,0.3676961628057233,0.3194444444444445,0.22500033908394587,0.5886771496578954,0.00659366178655052,0.006018518518518479,0.008447171001976393,0.2919229798842583,0.12145578169199099,0.11413268972474426,0.0,0.6812033014842839,0.6332702224874326,0.29502071320588413,0.3071650427626834,0.40185908477390286,surprised,08,07,07,male,normal,775
60,2.0020000000000002,True,1.0,0.6320983274081784,0.6157256426154749,0.6239119850118267,0.9312169312169312,-0.07037037037037047,-0.06541666666666673,0.3610268346906811,0.36684303350969993,0.224314058744324,0.6699963929956548,0.016372684792703485,0.004953703703703738,0.0016966857169998107,0.33273151810850715,0.12153219131922426,0.11405132284755656,0.0,0.7377128001452479,0.6301688031931523,0.2932054800962087,0.30087912997993754,0.39006883621935323,surprised,08,07,07,male,normal,775
70,2.3356666666666666,True,1.0,0.7252850051242924,0.6861189868662848,0.7057019959952886,1.1572711574141832,-0.07009259259259265,-0.06486111111111115,0.305471495343204,0.5534591194968563,0.22362782881159113,0.6097983099934119,0.039166018258007584,0.005231481481481504,0.0025556845140397378,0.24455709114613003,0.12465948606258659,0.11062454657530942,0.0,0.772086989680363,0.6253205528461384,0.2926572245457182,0.29927848072031915,0.38745035800686833,surprised,08,07,07,male,normal,775
80,2.6693333333333333,True,1.0,0.7058441675090525,0.7006267064164204,0.7032354369627365,0.9472121508002112,-0.07236111111111115,-0.06638888888888889,0.34955206068151656,0.36429872495446264,0.2229289874418315,0.7424265370420328,0.005217461092632103,0.005972222222222268,0.0038566209811615165,0.32883384104915564,0.1228639257388782,0.11227655867049577,0.0,0.9999999987499999,0.6283968265353016,0.29203774142225375,0.29778050251444343,0.3882877821572312,surprised,08,07,07,male,normal,775
90,3.003,True,1.0,0.7140661218117113,0.7154728580100199,0.7147694899108656,0.8602778408431805,-0.07120370370370371,-0.06634259259259262,0.35531893411039,0.32254749749622774,0.22431780004526816,0.8308588876476252,0.0014067361983086668,0.004861111111111094,0.003951408404532278,0.3378518892403339,0.12377823205055401,0.11160970854162235,0.0,0.6642495136834334,0.6301590216867997,0.29132840765107093,0.29843102916165565,0.38918557212322974,surprised,08,07,07,male,normal,775
100,3.336666666666667,True,1.0,0.7133874046841774,0.7309677668011226,0.72217758574265,0.8529102028670132,-0.07037037037037042,-0.06453703703703706,0.35236239284704635,0.3179765130984644,0.22363874581897988,0.8467217103454592,0.017580362116945247,0.005833333333333357,0.0016214414920223536,0.35309700557313567,0.12552936978387402,0.10963646789341476,0.0,0.7837001959877985,0.6288476647143232,0.29067850237846166,0.29923866535429156,0.3891332851328309,surprised,08,07,07,male,normal,775
0,0.0,True,1.0,0.6509200364277394,0.6796686429974585,0.665294339712599,0.888951694159265,-0.05282407407407408,-0.050509259259259254,0.33145038911568475,0.36011096844432017,0.20419058108242358,0.7484032530494334,0.028748606569719115,0.002314814814814825,0.002699153424719375,0.3393758201351745,0.12349324149160655,0.11192496180905784,0.0,0.7660115810654138,0.6355403767913416,0.285785397682984,0.27970735019731624,0.3737538545603688,surprised,08,07,07,male,strong,776
10,0.33366666666666667,True,1.0,0.7222933019931957,0.7124088362394806,0.7173510691163382,1.190359724459212,-0.06939814814814815,-0.06203703703703711,0.32463978655681514,0.48406600711507636,0.2173835740079199,0.6026338546041075,0.009884465753715155,0.0073611111111110406,0.0002681320012071926,0.26249261749894814,0.12304932599181721,0.11241281574215511,0.0,0.7011703355844899,0.6321807878698354,0.29436759075052327,0.28890477323074615,0.3901890718428388,surprised,08,07,07,male,strong,776
20,0.6673333333333333,True,1.0,0.7694864789074443,0.7658886703220549,0.7676875746147496,1.2344353921219566,-0.06416666666666665,-0.06,0.31399182714337665,0.5184482835382923,0.21042573109859147,0.621893684767996,0.0035978085853893838,0.004166666666666652,0.0036553290144557067,0.25499282842754956,0.12332538148068373,0.1121098927517893,0.0,0.7071067807446058,0.6219065891981793,0.29712254024019685,0.29664961954102087,0.3947473369110704,surprised,08,07,07,male,strong,776
30,1.0010000000000001,True,1.0,0.6061816750764198,0.5882917786330923,0.597236726854756,1.250751028277119,-0.06990740740740736,-0.06555555555555553,0.37903973694818743,0.39422900280337503,0.2194447921127806,0.4775024871875868,0.017889896443327502,0.004351851851851829,0.005262933884386254,0.2516013900183185,0.12098852239610353,0.11446157115220797,0.0,0.8879759678077005,0.6096900269013856,0.2970709138559221,0.326772962050241,0.4159847099363275,surprised,08,07,07,male,strong,776
40,1.3346666666666667,True,1.0,0.7350074031014231,0.6950243076840883,0.7150158553927557,1.4254345887568145,-0.06439814814814815,-0.06032407407407414,0.33083947539487535,0.5482021820131736,0.22292214265080934,0.5016125334915249,0.0399830954173348,0.004074074074074008,0.00772788369766414,0.223593087273473,0.12231741405248943,0.11320878053072977,0.0,0.7914268111715372,0.5744783466902386,0.30085751269436106,0.3004553439078159,0.3796834110930208,surprised,08,07,07,male,strong,776
50,1.6683333333333334,True,1.0,0.7034918167624347,0.6568509118943223,0.6801713643283784,1.7907433249482994,-0.06504629629629632,-0.058518518518518525,0.3125506862773402,0.6405882129562913,0.22777811272655968,0.37982627373357136,0.04664090486811234,0.006527777777777799,0.010159096947313463,0.17566098254428475,0.12610624442776516,0.10897244094929268,0.0,0.9375790046152428,0.5736265143322955,0.29193049904721746,0.31963143565777197,0.3815760369103684,surprised,08,07,07,male,strong,776
60,2.0020000000000002,True,1.0,0.5989309314012498,0.5461015825858213,0.5725162569935356,0.8214318994511537,-0.07439814814814821,-0.06754629629629627,0.38090669591939574,0.2649671273554696,0.2388917632016297,0.6969734890695953,0.052829348815428445,0.006851851851851942,0.01217741031904997,0.3813738940677465,0.12269770079455078,0.11245818820696826,0.0,0.9999999987499999,0.5890656061018158,0.2900401521435789,0.3137207147845941,0.378027039554227,surprised,08,07,07,male,strong,776
70,2.3356666666666666,True,1.0,0.6246856942700081,0.6174215037136638,0.621053598991836,0.8947752685206133,-0.06481481481481483,-0.05879629629629618,0.382559971849869,0.3223822658640444,0.22708333333333336,0.6940889191301207,0.007264190556344308,0.006018518518518645,0.010713431487531455,0.34773756691099145,0.12627430320142607,0.10877765451405084,0.0,0.688126107040122,0.5979284582270408,0.2880616299603151,0.31326205579289884,0.3814210943658087,surprised,08,07,07,male,strong,776
80,2.6693333333333333,True,1.0,0.7077762589321643,0.6792602732730667,0.6935182661026156,1.105000111767204,-0.06453703703703706,-0.06032407407407403,0.3188566754730057,0.45639792426211556,0.22777811272655973,0.6276182768827834,0.02851598565909763,0.004212962962963029,0.008904110023569518,0.2690128002607437,0.1254597015565649,0.10971618411085438,0.0,0.6784295083581755,0.5951497147609043,0.2895393465391059,0.3066441110648431,0.3658364522841129,surprised,08,07,07,male,strong,776
90,3.003,True,1.0,0.6723383787336294,0.6416749424144792,0.6570066605740543,0.9370662508013633,-0.06541666666666662,-0.059305555555555556,0.367480857483542,0.3100480782850925,0.22569748679172755,0.7011314941843154,0.03066343631915025,0.006111111111111067,0.00993022066073129,0.3311976578744253,0.12519034326489256,0.11002343261160898,0.0,0.7071067807446058,0.606739309380002,0.28886967212732434,0.3036909136544656,0.37737808422911284,surprised,08,07,07,male,strong,776
100,3.336666666666667,True,1.0,0.6924871893679065,0.681426475122687,0.6869568322452968,0.9166115544783834,-0.06523148148148139,-0.06180555555555556,0.3645906433553509,0.2985823140512909,0.22639192190394358,0.7494525122326476,0.011060714245219594,0.0034259259259258323,0.011292934407573238,0.3494191280545909,0.1266103892222522,0.10838628654882987,0.0,0.6913600646589729,0.609045465655012,0.28770488114041337,0.305233644972033,0.37876010248510406,surprised,08,07,07,male,strong,776
110,3.6703333333333332,True,1.0,0.7007558782549519,0.6410019252351031,0.6708789017450275,0.881279479342117,-0.06407407407407412,-0.05819444444444449,0.36662205755363686,0.2822739309426874,0.22639192190394358,0.7612555579370174,0.05975395301984876,0.0058796296296296235,0.011191459551873457,0.3603376451560898,0.126149823944062,0.10892198900813953,0.0,0.695661453407727,0.6089234460581109,0.28793631361704003,0.30238635592008845,0.3753950318426636,surprised,08,07,07,male,strong,776
0,0.0,True,1.0,0.6179404900752112,0.5834670878002559,0.6007037889377336,0.8885494082597528,-0.07027777777777783,-0.06504629629629627,0.3477259270004855,0.34957834734773313,0.22015587025531522,0.6760499566526386,0.03447340227495532,0.005231481481481559,0.005790987711246182,0.3411740194440507,0.12640999422717966,0.10861993891556947,0.0,0.7886045399829352,0.6323064924719888,0.2849097137235227,0.290934589834111,0.37986818379942566,surprised,08,07,07,male,strong,777
10,0.33366666666666667,True,1.0,0.6668993828699624,0.6383721888167908,0.6526357858433767,1.0281152591902492,-0.07106481481481475,-0.06736111111111115,0.3297704991632578,0.4283813579959368,0.22083333333333338,0.6347885414689762,0.02852719405317161,0.003703703703703598,0.00924960353080245,0.3068181818181813,0.12336890193074689,0.11206199983325632,0.0,0.8279732410948378,0.6342477443477391,0.28966441353466316,0.28979404930649394,0.38441818370841163,surprised,08,07,07,male,strong,777
20,0.6673333333333333,True,1.0,0.6434061888713499,0.6256026600520619,0.634504424461706,0.9734866884774965,-0.05990740740740741,-0.05249999999999999,0.33543267232646024,0.41719195196397973,0.2034755968342765,0.651785414194057,0.01780352881928804,0.007407407407407418,0.005238929983377841,0.31289039306618127,0.12255607753750936,0.11295036798733896,0.0,0.838621274121454,0.6351615661264507,0.2900458861427764,0.2760281566300758,0.3739448188917382,surprised,08,07,07,male,strong,777
30,1.0010000000000001,True,1.0,0.5948419376709514,0.5881268667848428,0.5914844022278971,1.123532371751482,-0.055787037037037024,-0.049398148148148135,0.36905494878894873,0.3720873279108504,0.20210183180206892,0.5264506987954679,0.006715070886108565,0.006388888888888888,0.008853250401907613,0.2836758833232212,0.12292120302071742,0.11255290141953427,0.0,0.7280182824205081,0.6415663944718513,0.2880182928193194,0.2891687591567393,0.39553060410519325,surprised,08,07,07,male,strong,777
40,1.3346666666666667,True,1.0,0.6095859643811449,0.6484870529762334,0.6290365086786891,1.0006282513877551,-0.054768518518518494,-0.05175925925925934,0.3510684369515621,0.4031814182446084,0.20210183180206892,0.6286415637438665,0.03890108859508856,0.003009259259259156,0.010507061023358287,0.3109488579263898,0.12216888043071389,0.11336905408561351,0.0,0.9411681462801965,0.643317012304922,0.2883640490687214,0.28004670037991,0.38232501085626663,surprised,08,07,07,male,strong,777
50,1.6683333333333334,True,1.0,0.660162422114494,0.6286798782709738,0.6444211501927339,1.4719938089749198,-0.06703703703703712,-0.060694444444444495,0.33232935789101703,0.5775489972862913,0.21042573109859147,0.43778794874246224,0.03148254384352023,0.006342592592592622,0.004717267067640421,0.21873734494038882,0.12093879805371657,0.11451410807238611,0.0,0.7226048056023067,0.6351366909888956,0.29744865795202147,0.2918479568458589,0.400872605399266,surprised,08,07,07,male,strong,777
60,2.0020000000000002,True,1.0,0.5983549921174901,0.5754860986820398,0.586920545399765,0.9707672998407421,-0.055787037037037024,-0.05189814814814814,0.35222812335405934,0.32851819264375404,0.20070394796348637,0.6045944743874784,0.022868893435450288,0.003888888888888886,0.004293021558084011,0.3205136926521394,0.12269029620279064,0.11280456102294192,0.0,0.7646537262442594,0.6386488374177797,0.28850933699713494,0.2759994271850432,0.3773657006479702,surprised,08,07,07,male,strong,777
70,2.3356666666666666,True,1.0,0.6368946624561165,0.6478842986507319,0.6423894805534243,1.1571084314918778,-0.05990740740740741,-0.05462962962962964,0.3090647565123554,0.47792021073599894,0.20973531809852544,0.5551679195053324,0.01098963619461546,0.00527777777777777,0.004513664813931384,0.2527089941843357,0.121021541338181,0.11459303775558083,0.0,0.6806176302774525,0.6369657022105718,0.2884867480273231,0.2828927878432403,0.38157072623488164,surprised,08,07,07,male,strong,777
80,2.6693333333333333,True,1.0,0.6535813452500352,0.6375408474725495,0.6455610963612923,1.0965437211668843,-0.05495370370370367,-0.05222222222222217,0.34060238186558983,0.42466433238361984,0.2048912747405795,0.5887235355051051,0.01604049777748573,0.0027314814814815014,0.0028298309534393745,0.27761135650553215,0.12126222159074618,0.1143383198431307,0.0,0.9999999987499999,0.6344877504595589,0.28968172815103116,0.28308112245149747,0.38501930307242777,surprised,08,07,07,male,strong,777
90,3.003,True,1.0,0.6413304807355887,0.6558335680661898,0.6485820244008893,0.9547355185380415,-0.05597222222222231,-0.053611111111111,0.3549918718343444,0.3671509816072704,0.20209692421007702,0.6793316178223304,0.014503087330601017,0.0023611111111113137,0.004837402528293111,0.33023305512473766,0.12480379828174405,0.11046171148683741,0.0,0.8547534012401878,0.6366996752607293,0.28690541457285934,0.28307244484518296,0.3803530307877982,surprised,08,07,07,male,strong,777
100,3.336666666666667,True,1.0,0.6563521725598865,0.6482413798994011,0.6522967762296439,0.9020784648519266,-0.05509259259259264,-0.05138888888888887,0.3594325581406197,0.3491341928722444,0.20279621290136182,0.7231042549460666,0.008110792660485422,0.0037037037037037646,0.004016669686215983,0.3360174329562244,0.12437088885987113,0.11094890614284386,0.0,0.8228702178023464,0.6384388549951232,0.2881354422225271,0.2824547051553526,0.37804927767210417,surprised,08,07,07,male,strong,777
0,0.0,True,1.0,0.7036977085218585,0.6830652959428061,0.6933815022323323,0.951151408430276,-0.04578703703703707,-0.043888888888888866,0.32298544184807687,0.38201982797609546,0.2035355805984914,0.7289917210727239,0.02063241257905246,0.0018981481481482043,0.007706208094066964,0.3227459016393448,0.12564001981872158,0.10950964884588008,0.0,0.797678116390482,0.6281168325142558,0.28562054729554565,0.27644737436843986,0.36859975349019697,surprised,08,07,07,male,strong,778
10,0.33366666666666667,True,1.0,0.7490176029612056,0.7120249274850942,0.7305212652231499,1.2231133225363233,-0.05037037037037034,-0.04638888888888876,0.311465972734411,0.5136931480486318,0.2049147322715695,0.5972637626972257,0.0369926754761114,0.003981481481481586,0.004783897748477728,0.24785191608717771,0.12426347739529749,0.1110691944509505,0.0,0.8632927912415882,0.6269220291085185,0.2918262907644228,0.28017286243474515,0.3746670288414785,surprised,08,07,07,male,strong,778
20,0.6673333333333333,True,1.0,0.7553622365867646,0.7300436097556764,0.7427029231712206,1.1170108161258605,-0.06898148148148148,-0.062962962962963,0.3246745167622996,0.48770894788593866,0.21877232028983923,0.6649021768178972,0.02531862683108821,0.006018518518518479,0.001992090080598562,0.27764620374047566,0.12426596289425382,0.11106641362821987,0.0,0.7091805494341569,0.623014141922394,0.2881062472350289,0.2966045538646667,0.3925421385897791,surprised,08,07,07,male,strong,778
30,1.0010000000000001,True,1.0,0.748591251872574,0.6782031138835092,0.7133971828780417,1.4741468296267706,-0.07777777777777778,-0.07120370370370371,0.30497902935989524,0.6281362424511798,0.2270997954301554,0.48393902733465294,0.07038813798906485,0.0065740740740740655,0.004059375619496807,0.19813721867430933,0.12419570699062243,0.1111449690063106,0.0,0.8640675044960514,0.6219073347854768,0.2873691186106102,0.30778782465045024,0.40412276967006355,surprised,08,07,07,male,strong,778
40,1.3346666666666667,True,1.0,0.7210180479618967,0.6785004440920062,0.6997592460269515,1.084815203809251,-0.0711574074074075,-0.06722222222222213,0.3466458799512488,0.5201777108754898,0.22502170034243368,0.645049261450058,0.04251760386989056,0.003935185185185375,0.002980643846448693,0.27650756811674077,0.1240557818380909,0.11130112651103619,0.0,0.7117855032564212,0.6232570423872674,0.2868283741500068,0.3105585432508716,0.39900290662975413,surprised,08,07,07,male,strong,778
50,1.6683333333333334,True,1.0,0.6246811692571115,0.6358379378715574,0.6302595535643345,0.5692248784272423,-0.05777777777777787,-0.0553703703703704,0.3646961027347022,0.16660240344211907,0.21464341196030232,1.1072241875754443,0.011156768614445922,0.002407407407407469,0.01216382771038973,0.5219116835949672,0.12678858601972862,0.10817778064749642,0.0,0.6647627779641581,0.618312871804972,0.2878296814189247,0.29731246119018884,0.38163832461361175,surprised,08,07,07,male,strong,778
60,2.0020000000000002,True,1.0,0.670737971648436,0.6211460928687205,0.6459420322585783,0.8743808158301812,-0.0751851851851853,-0.06893518518518521,0.3639472416361391,0.39549017476572246,0.23403299378048165,0.738742228287898,0.04959187877971549,0.006250000000000089,0.004706357430960202,0.33960266844079834,0.12031386231672951,0.11533582402824653,0.0,0.8562447365788871,0.6377734926392432,0.31507694889586996,0.2958497493068198,0.4117219113457181,surprised,08,07,07,male,strong,778
70,2.3356666666666666,True,1.0,0.6859307479495828,0.6680793874106853,0.677005067680134,1.2388329828088505,-0.07449074074074064,-0.06810185185185186,0.3403369083109767,0.49996497882737345,0.2243331047175763,0.5464861503324977,0.017851360538897465,0.006388888888888777,0.0017842201118039888,0.23717700948127501,0.1227797478877228,0.1127071926664212,0.0,0.6898325020567317,0.6246329536892883,0.29051050537751144,0.305869204223042,0.3941903592984462,surprised,08,07,07,male,strong,778
80,2.6693333333333333,True,1.0,0.6141874226616664,0.6134971046651121,0.6138422636633892,0.8955918347176149,-0.07393518518518516,-0.06898148148148142,0.3700719056465651,0.34602411795907834,0.2236452275399772,0.685404042185062,0.0006903179965542794,0.004953703703703738,0.0030802549575290957,0.332731518108506,0.12578083088893363,0.109347886817153,0.0,0.7564431731099636,0.6276420807072829,0.285653997357569,0.3051266934478804,0.3972246296376564,surprised,08,07,07,male,strong,778
90,3.003,True,1.0,0.6749861138295893,0.631025532655219,0.6530058232424041,0.8751656494660983,-0.07226851851851851,-0.0662962962962963,0.36724745144014964,0.34868534616272717,0.22156221500116619,0.7461511128102153,0.043960581174370295,0.005972222222222212,0.0090841134740634,0.34311612585332774,0.12529551809243455,0.1099036437805926,0.0,0.9392336745905769,0.6277603650444553,0.28706386241149134,0.29921019265038074,0.3922288635815442,surprised,08,07,07,male,strong,778
100,3.336666666666667,True,1.0,0.6843709052186847,0.6426291923836701,0.6635000488011774,0.9308463909241727,-0.07157407407407407,-0.0666666666666666,0.359117255230244,0.35259332989552095,0.2215446526860919,0.7127922020973131,0.0417417128350146,0.004907407407407471,0.005197646081404935,0.3238636363636361,0.12569275844054534,0.10944911258661458,0.0,0.7071067807446058,0.627064120656075,0.28767569532857623,0.301147603156509,0.38978049521896596,surprised,08,07,07,male,strong,778
0,0.0,True,1.0,0.7317217539929812,0.7383104590391082,0.7350161065160448,0.9402701233885715,-0.06805555555555548,-0.0656018518518518,0.3403017919525465,0.3954946847440419,0.22152915536949758,0.7817073926236998,0.006588705046126964,0.00245370370370368,0.006789853256144982,0.30397401005764757,0.12559940763520722,0.10955622562087983,0.0,0.6937458729305935,0.6331389260704281,0.2898790358230994,0.30203233790075595,0.3882253782687781,surprised,08,07,07,male,strong,779
10,0.33366666666666667,True,1.0,0.7814769749841279,0.7363548239244985,0.7589158994543133,0.9259141118706411,-0.053379629629629666,-0.04995370370370378,0.33559167442462584,0.3870624566016611,0.2055689168717284,0.8196396293399846,0.04512215105962947,0.003425925925925888,0.00414073906315055,0.31395288436084684,0.12532355980624602,0.1098716666297335,0.0,0.7749908486970594,0.6354853913753002,0.2887011241204391,0.2851756271869841,0.375222333433773,surprised,08,07,07,male,strong,779
20,0.6673333333333333,True,1.0,0.7217274105911569,0.7252880924610443,0.7235077515261006,0.8885260189847772,-0.05124999999999996,-0.04824074074074075,0.3392299285233154,0.3915360449021241,0.19864222379929897,0.8142786323272501,0.00356068186988745,0.0030092592592592116,0.00359868072929128,0.34320474150276803,0.12757068474690986,0.10725436198010732,0.0,0.6744002370192156,0.635009962422469,0.2867931143502289,0.28345393637271743,0.37808921664585005,surprised,08,07,07,male,strong,779
30,1.0010000000000001,True,1.0,0.7075000862725348,0.6941534898391768,0.7008267880558559,1.1036068783619382,-0.058611111111111114,-0.05296296296296299,0.3595632414245009,0.35827568419855155,0.20905734022477335,0.6350330011499015,0.013346596433358004,0.005648148148148124,0.0035315578556350826,0.27150836409812856,0.1239042257283233,0.11146981930982125,0.0,0.7695222802730597,0.6437503782372326,0.28676711168000574,0.2899410167239013,0.39539047660739923,surprised,08,07,07,male,strong,779
40,1.3346666666666667,True,1.0,0.6917187283359664,0.6827931658021259,0.6872559470690461,0.999929957654748,-0.060416666666666674,-0.05583333333333329,0.34523253205553395,0.49996497882737345,0.2083776401453462,0.6873040874592331,0.00892556253384047,0.004583333333333384,0.0004814205442555275,0.2870043404262031,0.1243208196162694,0.11100500700545222,0.0,0.8141505665711375,0.6441000235641131,0.2844844446226609,0.28974334657927375,0.3899756517742117,surprised,08,07,07,male,strong,779
50,1.6683333333333334,True,1.0,0.6712877971287896,0.63070590165812,0.6509968493934548,1.2514545630143012,-0.07305555555555548,-0.065462962962963,0.3571375140682632,0.46217548209738896,0.21877232028983923,0.520192157696432,0.04058189547066959,0.007592592592592484,0.001063473849643138,0.24315843057592737,0.126113268993332,0.10896431137981608,0.0,0.6916855212680371,0.6420450448148011,0.28788344105022845,0.30568535811519426,0.41464596264427944,surprised,08,07,07,male,strong,779
60,2.0020000000000002,True,1.0,0.6442995005766983,0.6244262279306552,0.6343628642536767,0.9907873447263738,-0.07689814814814816,-0.07185185185185194,0.34849606308762177,0.4881084712990218,0.2250410254481738,0.6402613715548305,0.019873272646043105,0.0050462962962962155,0.001617049794408297,0.3060661764705885,0.12414875613504762,0.11119741058376126,0.0,0.7499905430470162,0.6421111647471488,0.2901749154882553,0.30916658925931395,0.4091551337319778,surprised,08,07,07,male,strong,779
70,2.3356666666666666,True,1.0,0.685930747949583,0.6328260999398808,0.6593784239447319,1.294376945487291,-0.07615740740740734,-0.07152777777777769,0.3087036992971437,0.6720628615601223,0.22226376039325066,0.5094176207661805,0.05310464800970216,0.00462962962962965,0.0003026983973676485,0.2311190720162544,0.12326470481268147,0.11217660325404846,0.0,0.7038288615341457,0.6366695141963036,0.29112765140662933,0.2992299269472854,0.3988927889863314,surprised,08,07,07,male,strong,779
80,2.6693333333333333,True,1.0,0.6451585888820481,0.6492917954144921,0.6472251921482701,1.0724597108121239,-0.07560185185185186,-0.07124999999999998,0.3456401469163415,0.49214155856900027,0.22225002962547236,0.6034960433694582,0.004133206532443978,0.0043518518518518845,0.0011209828044712366,0.27738902549084243,0.12824772830837392,0.10644387232021592,0.0,0.7016198496748276,0.6380887694843563,0.286630424386548,0.3015991007926733,0.4010120873553431,surprised,08,07,07,male,strong,779
90,3.003,True,1.0,0.668509124357318,0.6767383573569998,0.6726237408571589,1.0261219591659183,-0.0743981481481481,-0.07069444444444445,0.350243891260649,0.4696889735524521,0.22092175902593006,0.6555007763442663,0.008229232999681813,0.0037037037037036535,0.0021276224257934374,0.3010468903369355,0.12545103312288705,0.10972609561492348,0.0,0.6877461258178748,0.6404955880242723,0.2865393048841828,0.2972070052814824,0.39761671191378195,surprised,08,07,07,male,strong,779
100,3.336666666666667,True,1.0,0.7043289796002364,0.6678665975578081,0.6860977885790223,1.0004872230514368,-0.07449074074074075,-0.06939814814814821,0.33999387435211503,0.4778446438454619,0.22018082009112463,0.6857636687117881,0.036462382042428354,0.0050925925925925375,0.0009618987592793433,0.30223880597014935,0.12577128446436897,0.10935886692323726,0.0,0.6933207555030418,0.6394298024756778,0.2859685970682336,0.2946952252303666,0.3940176484965564,surprised,08,07,07,male,strong,779
0,0.0,True,1.0,0.6209105205090634,0.6087635976748779,0.6148370590919706,0.4871301790443709,-0.050694444444444375,-0.046712962962962956,0.39026235073499493,0.15796991205683258,0.19793555454007006,1.2621617085973387,0.012146922834185503,0.003981481481481419,0.002092470454533103,0.6080378466544997,0.12759051877937772,0.1072307665186821,0.0,0.8379957972714098,0.6410069729845064,0.2872807787122849,0.28343472199830083,0.37997674560893907,neutral,01,07,07,male,normal,780
10,0.33366666666666667,True,1.0,0.5609357013577269,0.5791593686598807,0.5700475350088038,0.5079775668523655,-0.04865740740740743,-0.04560185185185189,0.38342224130976077,0.16034371551303,0.19584735793088187,1.122190372580917,0.018223667302153856,0.0030555555555555336,0.005652651218478552,0.5628686224060439,0.12502772042913896,0.11020819794676778,0.0,0.6918303951373403,0.6417005396689927,0.2872190366002819,0.28149106130699453,0.3811501826089115,neutral,01,07,07,male,normal,780
20,0.6673333333333333,True,1.0,0.6000455099444145,0.6044968452895874,0.6022711776170009,0.5387738031328111,-0.050879629629629664,-0.04638888888888887,0.38145757582782963,0.17508417508417443,0.1937692940242097,1.1178553487845386,0.0044513353451728355,0.004490740740740795,0.0020105185693795975,0.5202610607144424,0.1248733087040002,0.11038312617257713,0.0,0.8413133587100654,0.6441346526032288,0.28638552868238165,0.2801346487957379,0.3810708433759278,neutral,01,07,07,male,normal,780
30,1.0010000000000001,True,1.0,0.5988977242273282,0.5871212901913654,0.5930095072093469,0.9289559886002373,-0.0530092592592592,-0.04958333333333331,0.3794429729051319,0.24233634485223499,0.19376417538869908,0.6383612512180487,0.011776434035962846,0.003425925925925888,0.003402793031076026,0.31012143517961777,0.12474873819729365,0.1105238892207479,0.0,0.7502052772779761,0.6401364106580133,0.28939121723883215,0.28682811767190913,0.38914018849628784,neutral,01,07,07,male,normal,780
40,1.3346666666666667,True,1.0,0.32869325526386844,0.3376052938699204,0.3331492745668944,0.8420636061498559,-0.05921296296296291,-0.05638888888888893,0.3800290434524461,0.2739939031279143,0.19306978193111085,0.3956343346675955,0.008912038606051942,0.002824074074073979,0.0016678352583626448,0.3482004068292592,0.12431883770474352,0.11100722662081124,0.0,0.6791655796033567,0.6413291575145683,0.28709996974017216,0.28632601819691844,0.3940174511347492,neutral,01,07,07,male,normal,780
50,1.6683333333333334,True,1.0,0.5452778847424663,0.5482914634260083,0.5467846740842373,1.2238236668099156,-0.053240740740740755,-0.049444444444444346,0.34324319049871743,0.44026766792261285,0.19169214051731778,0.44678387002395165,0.0030135786835420175,0.0037962962962964086,0.0006438566866307602,0.25497418717223397,0.1235952452873083,0.11181231199085327,0.0,0.701616007696016,0.639844953997224,0.2887583393835213,0.28522114529429154,0.3883208183625528,neutral,01,07,07,male,normal,780
60,2.0020000000000002,True,1.0,0.5280040982257093,0.570755608073919,0.5493798531498142,0.5553962525527627,-0.05166666666666658,-0.04842592592592587,0.3690135236533065,0.20825300430264895,0.1923805444283331,0.989167374869212,0.042751509848209746,0.0032407407407407107,0.004554845783910399,0.5349065883657176,0.12628212324053883,0.10876857597892907,0.0,0.7067887188899568,0.6399432477834884,0.285131795666529,0.2820448810485592,0.38331480731039347,neutral,01,07,07,male,normal,780
70,2.3356666666666666,True,1.0,0.553688317187013,0.5553757293481754,0.5545320232675941,0.8136111424041867,-0.05226851851851849,-0.04791666666666672,0.3778145230666963,0.27797159170802965,0.19098220953209083,0.6815688654766641,0.001687412161162416,0.0043518518518517735,0.007944685769566962,0.356623978848704,0.12630487760446724,0.10874215219518331,0.0,0.7134816954027104,0.6389051701383678,0.28747748779975024,0.28490633383521097,0.38187266937609393,neutral,01,07,07,male,normal,780
80,2.6693333333333333,True,1.0,0.5833071192800113,0.5615417018759249,0.5724244105779681,0.7639212252414355,-0.05060185185185173,-0.04731481481481481,0.3507438641528277,0.3305428378448515,0.19448367737260402,0.749323872231793,0.02176541740408644,0.0032870370370369217,6.568212521101458e-05,0.40024038461538375,0.12479454439916823,0.11047216599002364,0.0,0.6981302060591678,0.6406302458639707,0.2880947201841415,0.2813673178827394,0.38230423423291277,neutral,01,07,07,male,normal,780
90,3.003,True,1.0,0.5571314774450953,0.561541701875925,0.5593365896605101,0.695111676241186,-0.05236111111111108,-0.049259259259259225,0.38662790697674404,0.22723475355054334,0.19168099612422096,0.8046715495920322,0.004410224430829723,0.0031018518518518556,0.005251133141022181,0.41148321501412727,0.12622608084243336,0.10883360825398777,0.0,0.804952723834869,0.6399036805190826,0.28663494923874827,0.28202320489598526,0.3827690735650744,neutral,01,07,07,male,normal,780
100,3.336666666666667,True,1.0,0.5668378450149241,0.554970787778994,0.560904316396959,0.3656557781612033,-0.05180555555555555,-0.04754629629629631,0.41117391036406004,0.08189573011273121,0.19378937351945408,1.5339681468117763,0.011867057235930067,0.00425925925925924,0.0006700146934593523,0.7558969545631308,0.12530879591384733,0.10988850457192688,0.0,0.6945404443204859,0.6451482149265956,0.2855586643552937,0.2837094950154889,0.38610215320251473,neutral,01,07,07,male,normal,780
110,3.6703333333333332,True,1.0,0.5661511007963159,0.572824349367388,0.569487725081852,0.30645528644764564,-0.05087962962962955,-0.04782407407407402,0.42322585460351486,0.061229094184624445,0.19380669533390738,1.8583060898808883,0.006673248571072099,0.0030555555555555336,0.00757646434135497,0.8775231649462836,0.12471383171937579,0.11056327576632115,0.0,0.841595963011361,0.6442893435030262,0.28590120812321,0.28430694907358567,0.3859549924551692,neutral,01,07,07,male,normal,780
0,0.0,True,1.0,0.5645421368554995,0.5819803992797915,0.5732612680676454,0.5157002739228906,-0.0525462962962962,-0.048518518518518516,0.3797400667783276,0.1967588121728096,0.19167303544672398,1.111617148672218,0.017438262424292028,0.004027777777777686,0.003860355344660873,0.548269150614338,0.12781605665822518,0.10696183165500056,0.0,0.7665869621695668,0.6423951259019233,0.286145456061522,0.28111200954531235,0.3826979132423017,neutral,01,07,07,male,normal,781
10,0.33366666666666667,True,1.0,0.5511468205663319,0.5759072581450874,0.5635270393557097,0.5252525252525254,-0.05254629629629631,-0.048749999999999905,0.38149785444862666,0.21548821548821576,0.1889034290576577,1.0728687864656776,0.024760437578755456,0.0037962962962964086,0.0049013008435627265,0.5336538461538453,0.12533387425144196,0.10985990048890354,0.0,0.8379563124469385,0.6404511460834333,0.28668144297519454,0.2738393311034622,0.38017781783099525,neutral,01,07,07,male,normal,781
20,0.6673333333333333,True,1.0,0.5452778847424664,0.5732318735335015,0.5592548791379839,0.551414543079172,-0.05222222222222228,-0.04986111111111108,0.3717932259207324,0.22736859074240146,0.18681576561865806,1.01421858773443,0.027953988791035056,0.0023611111111112026,0.007371432409189884,0.5347480204728525,0.12707915608532258,0.10783629193922234,0.0,0.7743834383723521,0.6395795367443853,0.2860981718554668,0.27574825187296587,0.37848120389208334,neutral,01,07,07,male,normal,781
30,1.0010000000000001,True,1.0,0.5391592874644501,0.5732318735335022,0.5561955804989762,0.9583651772336201,-0.05319444444444449,-0.050138888888888844,0.3677968954042298,0.3194444444444445,0.1882272789446145,0.5803587126406959,0.03407258606905217,0.0030555555555556446,0.0003209931502365859,0.3101111306774372,0.12545182014839612,0.10972519579345201,0.0,0.6937579732882363,0.6371971737523134,0.2882072632640018,0.28012663503386004,0.3832652752315858,neutral,01,07,07,male,normal,781
40,1.3346666666666667,True,1.0,0.5434071762685512,0.5638757622203499,0.5536414692444505,0.8279609580109758,-0.05504629629629626,-0.05087962962962961,0.37752161383285326,0.3392705682782015,0.19028419304371916,0.6686806471822928,0.02046858595179868,0.004166666666666652,0.003542037584618871,0.3415240575982238,0.1241344686343073,0.11121336011094672,0.0,0.6960543734365436,0.6392725051583135,0.288592525729574,0.2790180519189453,0.381387270150504,neutral,01,07,07,male,normal,781
50,1.6683333333333334,True,1.0,0.5614077628560676,0.5482914634260091,0.5548496131410383,1.1968367242908222,-0.05333333333333329,-0.048888888888888926,0.34577232109018863,0.46539161874646373,0.18822038822814358,0.4635967478937537,0.013116299430058542,0.004444444444444362,0.00151795281208061,0.2511921407550006,0.12921065127126174,0.10527290899784117,0.0,0.7415113014843008,0.6337159947885405,0.2860502146888159,0.2870746075342336,0.3892033639734255,neutral,01,07,07,male,normal,781
60,2.0020000000000002,True,1.0,0.5364994567888207,0.5330875570991805,0.5347935069440006,0.6018657941886233,-0.05328703703703691,-0.04939814814814819,0.3649592339698717,0.27293913922507346,0.19168099612422096,0.8885593966424974,0.0034118996896401743,0.0038888888888887196,0.0024901762580163407,0.48457000405699935,0.12548986824379957,0.10968167913813542,0.0,0.7354497892382154,0.640631540670956,0.2849353415988547,0.27957310606699626,0.3836691614845551,neutral,01,07,07,male,normal,781
70,2.3356666666666666,True,1.0,0.5607328623984695,0.5391565066985129,0.5499446845484912,0.7351440377119477,-0.052638888888888846,-0.047222222222222276,0.3832994207109427,0.3007250156281983,0.19237538884161803,0.7480774601126217,0.02157635569995664,0.00541666666666657,0.006988108102242331,0.39925694171557663,0.1249378208942794,0.11031010235000878,0.0,0.801870424445967,0.6393664261251375,0.287679663174334,0.2824447054953927,0.3824717457308082,neutral,01,07,07,male,normal,781
80,2.6693333333333333,True,1.0,0.5693621230168092,0.5732104730678659,0.5712862980423375,0.8080808080808091,-0.052870370370370345,-0.04837962962962955,0.3486985937408271,0.35261707988980723,0.1916861703873071,0.7069667938273918,0.0038483500510566593,0.004490740740740795,0.003050927726450524,0.36818181818181805,0.1270824166843445,0.10783244938441053,0.0,0.6636166903356578,0.6371001606345663,0.2861260227445722,0.2835618477719125,0.382955263316782,neutral,01,07,07,male,normal,781
90,3.003,True,1.0,0.5441246659332499,0.5464208560491919,0.5452727609912209,0.5061353612904277,-0.053287037037036966,-0.04902777777777778,0.39595375722543347,0.15571776155717815,0.19029221182200778,1.0773259540708826,0.002296190115941954,0.004259259259259185,0.0066811785189550095,0.5486193249770106,0.1252167308819241,0.10999340015393087,0.0,0.9999999987499999,0.640306909693565,0.2870373119952948,0.28069419812515706,0.3852374491510151,neutral,01,07,07,male,normal,781
100,3.336666666666667,True,1.0,0.41980339875143563,0.42011107998220637,0.419957239366821,0.42192433746986546,-0.056990740740740675,-0.05277777777777776,0.40186020790819516,0.10228468787148204,0.19099778869268047,0.9953377941769359,0.00030768123077073994,0.004212962962962918,0.007671398813238705,0.6654630362170112,0.12596427675848476,0.10913651428876925,0.0,0.6741287301568593,0.6440534993684974,0.28557964810364206,0.27945548468754206,0.38066661255549794,neutral,01,07,07,male,normal,781
110,3.6703333333333332,True,1.0,0.49113686194886114,0.5047927291722144,0.49796479556053774,0.4318430649633059,-0.0533333333333334,-0.049537037037037046,0.40587945428008027,0.13963751393147023,0.1916989064398953,1.1531151845702334,0.013655867223353269,0.003796296296296353,0.0037887583912640512,0.6283326055746622,0.12723491980542917,0.10765246375596371,0.0,0.7374185538872997,0.644297824692377,0.28376335772828637,0.2826941242676138,0.38407711078868906,neutral,01,07,07,male,normal,781
0,0.0,True,1.0,0.5396012241518628,0.5914112532168008,0.5655062386843318,0.5466253624454679,-0.04856481481481478,-0.04611111111111116,0.3681819761997224,0.19589874498643717,0.19588942569902665,1.0345407980237058,0.051810029064937924,0.0024537037037036247,0.002236198642413259,0.5333825731355026,0.12660187802576814,0.10839622802909725,0.0,0.693613419409353,0.6303970568227291,0.28468398699569236,0.27541352907339567,0.3672904251564591,neutral,01,07,07,male,normal,782
10,0.33366666666666667,True,1.0,0.31855206162265,0.31780205115780924,0.31817705639022964,0.8396029441236559,-0.05986111111111114,-0.056990740740740786,0.36606078329637787,0.2378770474835306,0.1958894256990265,0.378961339544051,0.0007500104648407446,0.0028703703703703565,6.309535757825131e-06,0.3562343455143258,0.12370605167322278,0.11168970655239474,0.0,0.6824169869534555,0.6267397861019408,0.2944602876793594,0.2800663409044224,0.3746182263216261,neutral,01,07,07,male,normal,782
20,0.6673333333333333,True,1.0,0.2929699340475639,0.27518744145735785,0.28407868775246087,0.761642910984367,-0.06537037037037041,-0.06175925925925929,0.36204306298365707,0.2256597311331332,0.19382716457339644,0.37298146369577606,0.017782492590206034,0.0036111111111111205,0.0010515764406861146,0.3858403669150595,0.1231368139872848,0.11231697472402294,0.0,0.7085546479775513,0.6339462790428673,0.2917670512534828,0.2788651544999087,0.37809468328267315,neutral,01,07,07,male,normal,782
30,1.0010000000000001,True,1.0,0.4902043577997799,0.49998417357356495,0.4950942656866724,0.7977430796556533,-0.05347222222222214,-0.0499074074074074,0.3692518161356479,0.25186981498256195,0.19451074347918235,0.6206186907950119,0.009779815773785061,0.003564814814814743,0.00035543337987455986,0.3654816316152108,0.12533355067077276,0.10986026964593919,0.0,0.7398340442914745,0.6352637265140432,0.28951363678633335,0.2797762565611737,0.3773431547276567,neutral,01,07,07,male,normal,782
40,1.3346666666666667,True,1.0,0.5223497297857141,0.5272866085610092,0.5248181691733617,0.7840601796438847,-0.0534722222222222,-0.049629629629629635,0.36916632779981395,0.2659667541557308,0.1931033678257058,0.6693595501964286,0.004936878775295028,0.003842592592592564,0.002866912133198085,0.3715768129041955,0.12463359128734743,0.11065371974426605,0.0,0.6754143467419944,0.6371395637395584,0.2888021621179708,0.28281398718672335,0.38457158342621683,neutral,01,07,07,male,normal,782
50,1.6683333333333334,True,1.0,0.51433709236806,0.5113895860257794,0.5128633391969197,0.8688912679170233,-0.05314814814814811,-0.0492129629629629,0.3854137807710815,0.26062834687777203,0.19242812793720382,0.59025030879456,0.0029475063422805814,0.003935185185185208,0.003469513830852549,0.3377998733039889,0.12376818999525623,0.11162084444899882,0.0,0.801995171293191,0.6362852891390931,0.29143104746026144,0.28680250243582434,0.3929163421958167,neutral,01,07,07,male,normal,782
60,2.0020000000000002,True,1.0,0.5125931082449232,0.5126797918331542,0.5126364500390387,0.5776535005050459,-0.054120370370370374,-0.05074074074074075,0.359943292494518,0.2671383314650352,0.19242812793720382,0.8874462798041344,8.668358823094025e-05,0.0033796296296296213,0.003548848662050358,0.5349065883657166,0.1245572544344547,0.11073964122291574,0.0,0.6929759124273435,0.6356963197544643,0.2887879371345533,0.2803255177003878,0.3854047258875186,neutral,01,07,07,male,normal,782
70,2.3356666666666666,True,1.0,0.530949058398181,0.5126797918331528,0.5218144251156669,0.7930882383309081,-0.05319444444444443,-0.05064814814814822,0.37792212516626916,0.29398960558818066,0.1951779822261021,0.6579525453735767,0.01826926656502814,0.0025462962962962132,0.002220236921733781,0.3685344827586207,0.12505936826441025,0.11017228408156633,0.0,0.7463020150179397,0.6372225259244324,0.2905563737197307,0.28781298793963994,0.3875112259564622,neutral,01,07,07,male,normal,782
80,2.6693333333333333,True,1.0,0.5141687692224468,0.4959508800279139,0.5050598246251803,0.7999556197918185,-0.05296296296296299,-0.04870370370370375,0.3487590754751973,0.3036703809360257,0.19312233139743273,0.6313598056309895,0.018217889194532932,0.00425925925925924,0.0027074474285280477,0.3650335381553454,0.12369082225883994,0.11170657213927017,0.0,0.7350874840450742,0.6360647323382479,0.2926889705360499,0.2822296088907525,0.3849724096509819,neutral,01,07,07,male,normal,782
90,3.003,True,1.0,0.5059095693801815,0.5135725389031897,0.5097410541416856,0.6426749517509087,-0.05388888888888893,-0.0495370370370371,0.3746551314120556,0.2256199298699991,0.19378937351945413,0.7931553155338371,0.007662969523008156,0.004351851851851829,0.0037475022581931142,0.4672400041523702,0.1244447527605493,0.11086605107370932,0.0,0.6896593695422771,0.6398595538840537,0.2906029295849172,0.28045263348157345,0.38214615693712534,neutral,01,07,07,male,normal,782
100,3.336666666666667,True,1.0,0.5059095693801817,0.48051693869425494,0.49321325403721833,0.47028419757368384,-0.05407407407407411,-0.049212962962963014,0.39546264881760135,0.15021133899885888,0.19450093735393323,1.0487557451044098,0.025392630685926787,0.004861111111111094,0.00041634931842234393,0.5936775340206006,0.12586794253807812,0.10924760323144253,0.0,0.7687860013784105,0.6371875090661264,0.2886829615485907,0.28154536801103663,0.38635150098530296,neutral,01,07,07,male,normal,782
110,3.6703333333333332,True,1.0,0.504609109312457,0.5174830479305677,0.5110460786215123,0.4379160074456679,-0.05328703703703702,-0.04879629629629634,0.40003845025191637,0.12229195821386202,0.19312233139743273,1.1669956565470323,0.012873938618110703,0.004490740740740684,0.001968468821404011,0.644867674142417,0.125149416642582,0.1100699835763694,0.0,0.6931540748090489,0.6390714003023085,0.28853291725653746,0.2821920173867247,0.38792522513591615,neutral,01,07,07,male,normal,782
120,4.0040000000000004,True,1.0,0.49717118257066034,0.47894202417333065,0.4880566033719955,0.4473705045477209,-0.05351851851851852,-0.04824074074074064,0.4030612561371167,0.12141345797044938,0.19382716457339644,1.0909449738207644,0.018229158397329692,0.005277777777777881,0.0016712338777674115,0.6106354300440303,0.12387258819642126,0.11133398275605667,0.0,0.7215092673010173,0.6384568564457033,0.2890594687346507,0.28067962254109063,0.38586755815311563,neutral,01,07,07,male,normal,782
0,0.0,True,1.0,0.5847741679530534,0.5835014665691377,0.5841378172610956,0.504201167656338,-0.052222222222222114,-0.048333333333333395,0.3872781249705755,0.18573797678275333,0.19168617038730712,1.1585411830288384,0.0012727013839156642,0.0038888888888887196,0.003589461415879163,0.5624383832159783,0.12569405870141187,0.1094476193333873,0.0,0.7353222437495623,0.6437047791929272,0.2859023039015514,0.277466661634201,0.38056894835831984,neutral,01,07,07,male,normal,783
10,0.33366666666666667,True,1.0,0.5850435403704584,0.5865441017333786,0.5857938210519185,0.6752158149319787,-0.05421296296296285,-0.04902777777777778,0.37178834660496723,0.22736859074240134,0.19167303544672398,0.867565314818539,0.0015005613629202053,0.0051851851851850705,0.005104781086251347,0.4252349015194078,0.12613982817604613,0.10893356470001302,0.0,0.7765075633470115,0.6397437897659064,0.2865302699229358,0.2773184303198886,0.37762007146504817,neutral,01,07,07,male,normal,783
20,0.6673333333333333,True,1.0,0.561682343544023,0.604146046481987,0.582914195013005,0.7327569556780481,-0.05300925925925931,-0.04902777777777778,0.3775365571584348,0.23746753193270115,0.18958977209762073,0.7955082384357746,0.042463702937963976,0.00398148148148153,0.0011223631427088048,0.4066718554659528,0.12497410442584347,0.11026899379850193,0.0,0.7177098054030628,0.6384143773368722,0.2877818006813213,0.27605124158464106,0.37866407638600125,neutral,01,07,07,male,normal,783
30,1.0010000000000001,True,1.0,0.5718363715619171,0.5924150741729391,0.5821257228674281,0.9525036379193625,-0.05481481481481476,-0.050648148148148164,0.3614130261465842,0.312762388570537,0.19167661779251202,0.6111532803580851,0.020578702611022015,0.004166666666666596,0.003440190868645041,0.3106343283582092,0.1239075876968087,0.11146608220169546,0.0,0.7260209406461223,0.6388171469837935,0.28704541888783647,0.278450109411856,0.38263447178225385,neutral,01,07,07,male,normal,783
40,1.3346666666666667,True,1.0,0.5529985147157858,0.5615417018759261,0.557270108295856,0.8130149608364647,-0.052453703703703725,-0.04814814814814816,0.37284808701055244,0.2687083345137468,0.19237102631416939,0.6854364742839573,0.008543187160140353,0.0043055555555555625,0.006125968511091163,0.36228813559322054,0.1244189923021508,0.11089495987175901,0.0,0.7441807463423432,0.6414929687968939,0.2860325081739114,0.2800863757991539,0.3839603277999503,neutral,01,07,07,male,normal,783
50,1.6683333333333334,True,1.0,0.5471265188699543,0.5536894201286344,0.5504079694992944,0.9290794533973595,-0.05282407407407402,-0.04837962962962972,0.3805414339691433,0.2557994751218047,0.1930654350942442,0.5924229273251289,0.006562901258680087,0.0044444444444443065,0.0012619725458616101,0.3263654825551987,0.12445159771604106,0.11085836728083989,0.0,0.7812655454817258,0.6399919483183899,0.28786421271678997,0.28531568269437857,0.39368527021092437,neutral,01,07,07,male,normal,783
60,2.0020000000000002,True,1.0,0.5827575841764775,0.5711613869529942,0.5769594855647359,0.7598213392470441,-0.05305555555555547,-0.04833333333333323,0.36050216067418606,0.29387660882989686,0.1958524221220791,0.7593357224429655,0.011596197223483262,0.004722222222222239,0.0050988594578528675,0.4032791747137143,0.1236162235354229,0.1117891186517629,0.0,0.7679927472158307,0.6394145863189026,0.28622455881285636,0.27557455701739325,0.381896457803162,neutral,01,07,07,male,normal,783
70,2.3356666666666666,True,1.0,0.5372844109410438,0.5399991851440075,0.5386417980425257,0.7521760867725431,-0.052592592592592524,-0.049166666666666636,0.3757175839266778,0.27350427350427364,0.1923805444283331,0.7161113036094301,0.0027147742029636213,0.003425925925925888,0.002773362501881472,0.40947333586234536,0.12596735108759932,0.10913296582828481,0.0,0.6873788307488895,0.6383250611181972,0.286234958168515,0.28118211373977153,0.38263506828919386,neutral,01,07,07,male,normal,783
80,2.6693333333333333,True,1.0,0.537284410941046,0.5581719684339124,0.5477281896874792,0.8451730418943542,-0.0524074074074074,-0.048888888888888926,0.3546464269099881,0.3060109289617488,0.1916861703873071,0.6480663278845383,0.020887557492866415,0.0035185185185184764,0.00555516248981703,0.349137931034482,0.12421725975127544,0.11112088080194471,0.0,0.6807359764936435,0.6397404497658439,0.28730156918719163,0.27921046954361356,0.3832696003397096,neutral,01,07,07,male,normal,783
90,3.003,True,1.0,0.5564564928361734,0.5615417018759253,0.5589990973560494,0.5882309935279616,-0.053749999999999964,-0.04898148148148146,0.39538261327405505,0.18952629175136582,0.19170646807078162,0.9503054131905025,0.005085209039751959,0.004768518518518505,0.005410091652388008,0.4874619185251136,0.12340092909579,0.11185653544131056,0.0,0.6793000979354643,0.641826857203819,0.2864707341627597,0.27422034508922083,0.38173339304516574,neutral,01,07,07,male,normal,783
100,3.336666666666667,True,1.0,0.5668378450149253,0.5615417018759256,0.5641897734454254,0.4475437537832482,-0.05208333333333326,-0.04925925925925928,0.40428072416706373,0.13419382196733987,0.19446955443027228,1.260636013073865,0.0052961431389997315,0.002824074074073979,0.002311440180123459,0.610399046180895,0.1256547390512053,0.10949275923278104,0.0,0.6687239613808643,0.6445098480564101,0.2850076022093477,0.2793939300463283,0.38333909307413755,neutral,01,07,07,male,normal,783
110,3.6703333333333332,True,1.0,0.5661511007963177,0.5464208560491913,0.5562859784227545,0.43477018064925327,-0.05402777777777773,-0.04902777777777778,0.405458879511695,0.12141345797045039,0.19306978193111085,1.2794943240864372,0.01973024474712637,0.004999999999999949,0.0015089147982133534,0.6290198479231088,0.12567708996054872,0.10946710386903075,0.0,0.7938255914061069,0.6450810162658813,0.2844841080449925,0.27886342148447607,0.3833387172968248,neutral,01,07,07,male,normal,783
0,0.0,True,1.0,0.4754641169590107,0.530214424951268,0.5028392709551394,0.4716360634950121,-0.0528703703703704,-0.04555555555555563,0.3853828314911147,0.14792313474386554,0.18689742604383394,1.066159502793105,0.05475030799225733,0.007314814814814774,0.020730427175589056,0.5961515767012051,0.12625642303437482,0.108798407218366,0.0,0.7143217078817979,0.6404664767078706,0.28805790639053874,0.27996305127353943,0.3812965642077108,calm,02,07,07,male,normal,784
10,0.33366666666666667,True,1.0,0.5017331074496788,0.5552758196085379,0.5285044635291083,0.4786905143472684,-0.05333333333333329,-0.04537037037037045,0.39072327840079285,0.1658882993540251,0.18618037767855122,1.1040629544326046,0.053542712158859085,0.007962962962962838,0.020424400968487966,0.598401820213585,0.12610226612512482,0.10897704459512313,0.0,0.8373594757184925,0.6382774463457258,0.2879353577909411,0.2796334179745708,0.3788092944679276,calm,02,07,07,male,normal,784
20,0.6673333333333333,True,1.0,0.4873733159488411,0.5303595090904758,0.5088664125196585,0.4579034411317489,-0.05384259259259255,-0.0462037037037038,0.39852499550680864,0.13056005305961702,0.18760413774754542,1.111296327588083,0.04298619314163471,0.007638888888888751,0.0174091281187065,0.6280886286510668,0.12504736181639345,0.1101859114099959,0.0,0.9359583127165912,0.6376711781353166,0.2896935593955636,0.2777280754994939,0.378429654669015,calm,02,07,07,male,normal,784
30,1.0010000000000001,True,1.0,0.28664075311845477,0.26251618836923823,0.2745784707438465,1.0070278530003092,-0.07541666666666669,-0.06490740740740736,0.385131868887397,0.2384804705241901,0.20223429176912874,0.2726622405981875,0.024124564749216537,0.01050925925925933,0.024068747723115635,0.2898166633575103,0.12444063125369444,0.11087067720350822,0.0,0.7114481938738486,0.6350224491906138,0.2942155491311207,0.29050892277759893,0.39629403024274135,calm,02,07,07,male,normal,784
40,1.3346666666666667,True,1.0,0.46711733304948955,0.468000673211994,0.4675590031307418,0.7710228344890774,-0.06504629629629627,-0.058981481481481524,0.383294972467421,0.25699509797287684,0.2008175751955657,0.606413950684836,0.0008833401625044646,0.006064814814814745,0.012426243122057796,0.37539187991343664,0.12464771984602613,0.11063780415269792,0.0,0.7267582890574968,0.6392152785879978,0.2905949949245931,0.2839937820585847,0.3858395026092679,calm,02,07,07,male,normal,784
50,1.6683333333333334,True,1.0,0.45276859970252037,0.5009082488102782,0.4768384242563993,0.8550700550245435,-0.059305555555555556,-0.05509259259259258,0.3922324027586032,0.24985936593792962,0.1938271645733964,0.5576600670955696,0.04813964910775781,0.004212962962962974,0.00935299649497202,0.3387855318830281,0.12379536027640611,0.11159070993781289,0.0,0.7400161344227346,0.6375665330116422,0.29190826926659796,0.2880894159374178,0.39683372488153684,calm,02,07,07,male,normal,784
60,2.0020000000000002,True,1.0,0.4520381112298829,0.4521862506502847,0.4521121809400838,0.8029858035643499,-0.05990740740740741,-0.0557407407407407,0.39982198177783074,0.25251042089207787,0.19521550446455993,0.5630388220230251,0.00014813942040181605,0.004166666666666707,0.0057426722855787385,0.37226404481714487,0.121913868004408,0.1136432424667989,0.0,0.808666150895804,0.6405366386320153,0.292725370266407,0.287768598147647,0.394713607530789,calm,02,07,07,male,normal,784
70,2.3356666666666666,True,1.0,0.4097473678518431,0.42872781694280754,0.41923759239732533,0.7672426261320461,-0.05731481481481482,-0.052592592592592524,0.37059169824795934,0.2231861828654102,0.1925359403531373,0.5464211425671918,0.018980449090964413,0.004722222222222294,0.010512676408300213,0.3924249254030945,0.12635344676909022,0.10868571322935154,0.0,0.6920825330457527,0.6380036304052872,0.2912818294796862,0.2896349161623736,0.3886287058864869,calm,02,07,07,male,normal,784
80,2.6693333333333333,True,1.0,0.4423251068207376,0.4141526352005049,0.42823887101062125,0.6159203596574561,-0.05490740740740735,-0.049027777777777726,0.39213926807555577,0.1964437489849514,0.1891831094943326,0.6952828629480379,0.02817247162023273,0.0058796296296296235,0.00893639795817903,0.5063697729696203,0.1229213537998046,0.11255273675157675,0.0,0.6876927873966936,0.6425405839210685,0.2880554943643463,0.27824113360199093,0.377578539664047,calm,02,07,07,male,normal,784
90,3.003,True,1.0,0.40232721161446533,0.3829619074289431,0.3926445595217042,0.4027038792517008,-0.05245370370370378,-0.0474074074074074,0.4099049200622168,0.13808853500164905,0.18727708666033402,0.9750205541881326,0.019365304185522236,0.005046296296296382,0.006708740908364689,0.7296614700784855,0.12292712052208521,0.11254643846178973,0.0,0.6718369458831699,0.6379818277232768,0.2905134692574368,0.2795687857949535,0.38129425971585007,calm,02,07,07,male,normal,784
100,3.336666666666667,True,1.0,0.4202295808705591,0.4289173363204167,0.4245734585954879,0.41122663214586896,-0.053888888888888875,-0.04819444444444437,0.41641008085611103,0.11174760232516358,0.18589172084668074,1.032456133446349,0.00868775544985756,0.005694444444444502,0.009267564804755978,0.6900073160382989,0.12377423454693302,0.11144331601800447,0.0,0.7393637572596332,0.6378076149600466,0.2894422050927718,0.28190171380877316,0.381432593182972,calm,02,07,07,male,normal,784
0,0.0,True,1.0,0.3966370956739736,0.4137931034482758,0.40521509956112467,0.3983973670286603,-0.0528703703703704,-0.04773148148148143,0.4406861305304535,0.05845998029898335,0.18421051613193204,1.017112895557801,0.017156007774302207,0.0051388888888889706,0.009215699099816536,0.7357773839437799,0.12460730842671745,0.11068331607324015,0.0,0.6997836812750141,0.6380831706823354,0.2877370775587886,0.27545201705715394,0.3782946205265097,calm,02,07,07,male,normal,785
10,0.33366666666666667,True,1.0,0.41179935717828303,0.4212423201634103,0.41652083867084666,0.39982097400429195,-0.05180555555555555,-0.04893518518518519,0.4392861543009346,0.07040265282193908,0.1813716085841183,1.0417683557200665,0.009442962985127257,0.0028703703703703565,0.008051459618080016,0.7194856537585463,0.1312634939091626,0.10270186433494974,0.0,0.7412155224473759,0.571887916346226,0.2578458161526731,0.2984464013458578,0.3402163252717006,calm,02,07,07,male,normal,785
20,0.6673333333333333,True,1.0,0.41179935717828303,0.42929188760696246,0.4205456223926227,0.4506435252846119,-0.05069444444444443,-0.047037037037037044,0.43649372858454966,0.10662627626797393,0.1799836581207141,0.9332112829692154,0.01749253042867943,0.003657407407407387,0.007446755030649914,0.6260859763634675,0.13207624964289913,0.10165452302573366,0.0,0.6620663624953429,0.571322877494748,0.2569355088748465,0.2986987847820638,0.3401266663393422,calm,02,07,07,male,normal,785
30,1.0010000000000001,True,1.0,0.2429812234424856,0.237334827447207,0.2401580254448463,0.9691883599432005,-0.061481481481481526,-0.058796296296296346,0.4095221047634898,0.22360652816279578,0.1827328542160892,0.24779293207660977,0.005646395995278608,0.0026851851851851793,0.006037184739321344,0.319555418713175,0.12135184223602283,0.11424319741583253,0.0,0.6870547324862608,0.6399755471094688,0.2907937491057344,0.28790118928661296,0.41079433897177414,calm,02,07,07,male,normal,785
40,1.3346666666666667,True,1.0,0.4203065029202102,0.44390918425336895,0.43210784358678955,0.7985522787033049,-0.05074074074074081,-0.04749999999999999,0.38829590926962243,0.21959222680640736,0.18409782819833267,0.5411140323692388,0.023602681333158737,0.0032407407407408217,0.005784586442627528,0.3764620232247894,0.12380437171895546,0.11158071210327884,0.0,0.7496707203568861,0.6383731936446454,0.2888525197510891,0.27928069365942937,0.3870459224950589,calm,02,07,07,male,normal,785
50,1.6683333333333334,True,1.0,0.4524926178003923,0.45858903440733956,0.4555408261038659,0.9135368257010026,-0.050277777777777755,-0.047314814814814865,0.38812926566678024,0.24490123750074128,0.185457809398365,0.498656226315022,0.006096416606947264,0.0029629629629628895,0.008055270164853917,0.3516930616041833,0.1256620564379683,0.10948436117649889,0.0,0.8294107161294606,0.6340415037030438,0.2874111077633892,0.2867197001802073,0.39764320651354934,calm,02,07,07,male,normal,785
60,2.0020000000000002,True,1.0,0.48468800186611616,0.4825958683076557,0.4836419350868859,0.6509050017886974,-0.051574074074074105,-0.04888888888888898,0.3822354537422875,0.2644120018686138,0.18479200939497276,0.7430299871069206,0.0020921335584604406,0.002685185185185124,0.005646151495046026,0.4691805196011617,0.12417686240903891,0.11116602274325875,0.0,0.6715621517983553,0.6321949962250525,0.2868476515810862,0.27015927467816864,0.37599002418967936,calm,02,07,07,male,normal,785
70,2.3356666666666666,True,1.0,0.44511582099582964,0.4511393634227261,0.4481275922092779,0.7364276048696878,-0.052361111111111136,-0.049166666666666636,0.39413165827472796,0.21040788710562525,0.18410901721640266,0.6085154728665757,0.0060235424268964555,0.0031944444444444997,0.009008974553765767,0.4133760434138567,0.12395551368254135,0.11141278381743558,0.0,0.687886632530245,0.6370877741252752,0.28831646532250543,0.2762479321979607,0.38259693266366385,calm,02,07,07,male,normal,785
80,2.6693333333333333,True,1.0,0.45465489041745233,0.411223813718015,0.43293935206773365,0.7427279722794499,-0.05282407407407408,-0.04865740740740737,0.3885373437538817,0.21219728754308229,0.18414755196368418,0.5829043313651329,0.043431076699437354,0.004166666666666707,0.00790608443948777,0.4121965283420645,0.12412569099279071,0.11122315678795786,0.0,0.7834695624711852,0.6387006001932023,0.2877326310416607,0.2807587521491595,0.38380444936852637,calm,02,07,07,male,normal,785
90,3.003,True,1.0,0.4443998616980574,0.4276607553955123,0.4360303085467848,0.4099713753991805,-0.05180555555555555,-0.05023148148148149,0.41598113558406885,0.11802206261491502,0.1827207458422015,1.0635628112383,0.016739106302545104,0.001574074074074061,0.009657185158604314,0.69952030412058,0.12935381499117252,0.10509694723485744,0.0,0.9082103323281886,0.5787387559633228,0.25972811212186325,0.2809980456575631,0.3407945008487729,calm,02,07,07,male,normal,785
100,3.336666666666667,True,1.0,0.4210375859006833,0.4346849906559093,0.4278612882782963,0.3768758948693274,-0.05101851851851841,-0.04981481481481481,0.4375933773215962,0.08239070184069988,0.17919391750124905,1.1352843047355068,0.013647404755226022,0.0012037037037035958,0.016225656519576064,0.7384861002658775,0.1309203413995289,0.1031389450156238,0.0,0.7966731855077488,0.5786140016162715,0.2577198176057648,0.2933555920540722,0.345839697109721,calm,02,07,07,male,normal,785
110,3.6703333333333332,True,1.0,0.4287278169428088,0.4099247100180743,0.41932626348044155,0.39114045508674683,-0.051203703703703696,-0.04879629629629628,0.43687344522169874,0.08888264659573547,0.1784876109678226,1.0720605808658776,0.018803106924734525,0.0024074074074074137,0.02043730566643521,0.6987621319335832,0.1324219710867422,0.10120375163424654,0.0,0.7909629923781336,0.5742023130892983,0.25681293198362704,0.2969409716297288,0.3417342000246859,calm,02,07,07,male,normal,785
0,0.0,True,1.0,0.4025273761097803,0.38123365016117355,0.3918805131354769,0.3830144746791518,-0.05407407407407411,-0.05328703703703702,0.4138408420935419,0.1480444855377386,0.17990352436566096,1.0231480506415642,0.021293725948606734,0.000787037037037086,0.03287901938625547,0.7311471684197277,0.1319705929628777,0.10179165174138995,0.0,0.672260988613271,0.5813339614908464,0.25788008101799215,0.29867743648725503,0.35239008759597207,calm,02,07,07,male,normal,786
10,0.33366666666666667,True,1.0,0.4491008412507622,0.4328233830665668,0.44096211215866454,0.392012370888931,-0.05412037037037026,-0.05291666666666667,0.41801793444380936,0.14068396656892304,0.17849316768879112,1.1248678483251298,0.016277458184195404,0.0012037037037035958,0.028800772623061213,0.7257666606714864,0.13052971167515587,0.10363287191360537,0.0,0.7071067807446058,0.5827393834721388,0.25974539755583537,0.29803780896931265,0.3534772534694536,calm,02,07,07,male,normal,786
20,0.6673333333333333,True,1.0,0.4410817476219992,0.43282338306656504,0.4369525653442821,0.4076542854359678,-0.05499999999999999,-0.053749999999999964,0.41450587481290746,0.16038152599921668,0.17778164011680328,1.0718704082234316,0.008258364555434161,0.0012500000000000289,0.0291004823816738,0.6700844013526113,0.12981876326165265,0.10452208606889099,0.0,0.680985695071422,0.5803873317608294,0.2625332761576402,0.29757942660419895,0.3524548650719643,calm,02,07,07,male,normal,786
30,1.0010000000000001,True,1.0,0.4426209209102595,0.4346849906559094,0.43865295578308444,1.0593914579373067,-0.055324074074074026,-0.05342592592592588,0.35156858267762203,0.4276534405732159,0.18267272197487106,0.4140612542196308,0.007935930254350132,0.0018981481481481488,0.023305106416579072,0.3029870167033031,0.12887108728833876,0.1055078986824014,0.0,0.800481583367886,0.5792498075870974,0.263575369533658,0.3017628705826667,0.36842102801815896,calm,02,07,07,male,normal,786
40,1.3346666666666667,True,1.0,0.45841054576105833,0.43006163987395063,0.4442360928175045,0.7789641279839997,-0.06092592592592594,-0.05907407407407406,0.3722402440587585,0.32720512988952716,0.1868745647217282,0.5702908219499284,0.0283489058871077,0.0018518518518518823,0.03166945008059749,0.38060260445392136,0.12407397086225286,0.11110951164146636,0.0,0.7071067807446058,0.6301805717521384,0.29610044768223087,0.2876867725303507,0.38019641611571137,calm,02,07,07,male,normal,786
50,1.6683333333333334,True,1.0,0.3129430004756991,0.2808121140506689,0.296877557263184,0.8789014839151111,-0.07004629629629622,-0.06912037037037039,0.39350881870923893,0.2841075762162219,0.18616070695444292,0.33778251908362683,0.0321308864250302,0.0009259259259258301,0.030562792880008946,0.34392379679043766,0.12906120544703464,0.10545607151544635,0.0,0.6844044879732957,0.583690922923857,0.2642717619979512,0.3041905995043361,0.3722505935932083,calm,02,07,07,male,normal,786
60,2.0020000000000002,True,1.0,0.40960228317837244,0.3885615270286339,0.39908190510350317,0.815785050340812,-0.058240740740740815,-0.05814814814814817,0.3818027895874409,0.3006998370984016,0.18404809099924888,0.48919982651898075,0.02104075614973855,9.259259259264407e-05,0.0301912821663015,0.37186382534159096,0.13079300247751977,0.10330037886726327,0.0,0.7437713534075509,0.5817282052195878,0.2613729093449472,0.2982037073327473,0.345297896471142,calm,02,07,07,male,normal,786
70,2.3356666666666666,True,1.0,0.49160880327181006,0.46909405681128324,0.4803514300415467,0.7008744036576562,-0.05736111111111114,-0.05694444444444441,0.35188129656693173,0.24033222575625782,0.18543682774578085,0.6853602122359365,0.022514746460526813,0.0004166666666667318,0.031793958694407785,0.4096735763760629,0.13212242308978944,0.10159450323805347,0.0,0.6591945838221638,0.580078446534864,0.2625617259224891,0.2965196389903687,0.3422713192855106,calm,02,07,07,male,normal,786
80,2.6693333333333333,True,1.0,0.4898469785779759,0.44762885174658407,0.46873791516227997,0.6146222470921553,-0.058518518518518414,-0.05624999999999997,0.3998094626531909,0.21114595355295074,0.18472387429425183,0.7626439123867221,0.04221812683139181,0.0022685185185184475,0.027975834918373296,0.45864330960342475,0.12451704979678188,0.11044036483556634,0.0,0.9999999987499999,0.6259112255917991,0.2948435556640612,0.2862993568846048,0.37754314244580667,calm,02,07,07,male,normal,786
90,3.003,True,1.0,0.4584224363482582,0.4655413138979607,0.46198187512310945,0.4113276149214926,-0.05601851851851852,-0.05629629629629623,0.41242329844138154,0.16194407376054415,0.18194821833481406,1.1231482117029388,0.007118877549702529,0.0002777777777777102,0.02555591025058195,0.6820950033470501,0.1305075811028873,0.10366074013657425,0.0,0.7071067807446058,0.5778386150397657,0.25956021916912553,0.29791069326359865,0.35089304727926096,calm,02,07,07,male,normal,786
100,3.336666666666667,True,1.0,0.45136443037959484,0.43282338306656515,0.44209390672308,0.35191338884297885,-0.05587962962962961,-0.05458333333333337,0.4097493665416424,0.1440714504669369,0.1826426484301614,1.2562577064106506,0.01854104731302969,0.0012962962962962399,0.028250812047348407,0.7882333925863061,0.1301137798716952,0.1041546065156305,0.0,0.8392429021872884,0.5763169368372348,0.25786822126695536,0.29891383775286207,0.35419416848734675,calm,02,07,07,male,normal,786
0,0.0,True,1.0,0.4620124784947389,0.48950253858022247,0.47575750853748067,0.41031043829559855,-0.055462962962962936,-0.04888888888888887,0.4160910172508175,0.09291552821141276,0.18696884965862565,1.1595062278058164,0.027490060085483548,0.0065740740740740655,0.028675817172523634,0.6565908455406914,0.1275226291460325,0.10731149438075634,0.0,0.6916552991865575,0.6359944676620648,0.2874146711288054,0.2868403148329847,0.3884717360906696,calm,02,07,07,male,normal,787
10,0.33366666666666667,True,1.0,0.47899550073675734,0.48950253858022186,0.4842490196584896,0.38443669799649993,-0.056296296296296344,-0.04972222222222222,0.41724851262015594,0.08013418299561527,0.18781873949702144,1.2596326578137929,0.010507037843464517,0.006574074074074121,0.02546487628651555,0.7391440580736879,0.12498690596562899,0.11025448338901567,0.0,0.7071067807446058,0.6377671677264656,0.28721377612858123,0.28137754952342603,0.38369408114642434,calm,02,07,07,male,normal,787
20,0.6673333333333333,True,1.0,0.43413093256107327,0.4286602998424072,0.4313956162017403,0.41260235120369587,-0.05509259259259258,-0.04833333333333334,0.41415118490665154,0.10603019447099789,0.1843525207315516,1.0455481287084727,0.005470632718666046,0.006759259259259243,0.022035579153673452,0.6741678463568344,0.12468522116425697,0.11059553966409527,0.0,0.6997462671967988,0.638257156237495,0.2880801336602223,0.2811366683467652,0.3840591979296955,calm,02,07,07,male,normal,787
30,1.0010000000000001,True,1.0,0.44214233962959026,0.45061405567889007,0.44637819765424014,0.8126246042310044,-0.07060185185185175,-0.06138888888888888,0.38989745092623634,0.20963194141557726,0.20018454620440237,0.5493043101699496,0.008471716049299804,0.009212962962962867,0.018415510499508098,0.35699163309224724,0.12349096383839286,0.111927474824299,0.0,0.7823353884811901,0.6411256305881727,0.2903753257175793,0.2935230386544128,0.4082033715641214,calm,02,07,07,male,normal,787
40,1.3346666666666667,True,1.0,0.43426355152020363,0.4439457432663754,0.4391046473932895,0.8023801042376304,-0.06810185185185186,-0.05986111111111109,0.37725604609268776,0.25828796735393444,0.19881421591760176,0.547252661268936,0.009682191746171798,0.00824074074074077,0.016861603239654965,0.37512927138967195,0.12399012952963741,0.11137425891802362,0.0,0.798267824149143,0.6408155963557297,0.28972191056229074,0.28566397085636086,0.39012831685442856,calm,02,07,07,male,normal,787
50,1.6683333333333334,True,1.0,0.4442221716612468,0.4520219146584577,0.44812204315985227,0.8706534814768606,-0.06569444444444444,-0.05925925925925929,0.40076331802490317,0.23673940246845968,0.1987220957950593,0.5146962054291884,0.007799742997210923,0.006435185185185155,0.016806181265986556,0.34182474626517556,0.1226910548746601,0.11280373585927227,0.0,0.7051572247569495,0.6379911047700331,0.29232154544649547,0.29305239732922017,0.41098352457379994,calm,02,07,07,male,normal,787
60,2.0020000000000002,True,1.0,0.4367380775616997,0.4513644303795954,0.44405125397064754,0.8539818850620516,-0.06694444444444442,-0.0597685185185185,0.4031421282234578,0.27388456905021313,0.1980557779337933,0.5199773692370325,0.014626352817895705,0.007175925925925919,0.01184161855389208,0.33028661750738664,0.12388171874119885,0.11149483186220477,0.0,0.7783624348175355,0.6352560824720513,0.290813541832896,0.2901544028527827,0.40024863859339194,calm,02,07,07,male,normal,787
70,2.3356666666666666,True,1.0,0.45788102291108007,0.4847778613275654,0.4713294421193227,0.7082735901445913,-0.06407407407407406,-0.05856481481481485,0.36317361572515383,0.21950925669467114,0.1939235771116179,0.6654623985388225,0.026896838416485325,0.005509259259259214,0.016595149787201856,0.423760726815257,0.12381854934606766,0.11156497930795456,0.0,0.8222971273972096,0.633541413252801,0.29071157100793305,0.28274328089976786,0.38640757566767053,calm,02,07,07,male,normal,787
80,2.6693333333333333,True,1.0,0.45049416645085033,0.48336017579914387,0.4669271711249971,0.5473810470091339,-0.05986111111111103,-0.0537037037037037,0.424010117253711,0.10916960046470543,0.19038039609174412,0.8530203478477502,0.032866009348293534,0.006157407407407334,0.014915340418314505,0.5186946225295233,0.12377377410648285,0.11161465232498256,0.0,0.7984028055805512,0.6358816952327806,0.2895617451334255,0.2861993575853449,0.39302354394023253,calm,02,07,07,male,normal,787
90,3.003,True,1.0,0.432269227224895,0.4289173363204167,0.4305932817726559,0.3017619371921763,-0.057037037037037,-0.05152777777777773,0.4491103878510273,0.028907529906397993,0.1897285547994645,1.4269304001002407,0.0033518909044783496,0.005509259259259269,0.015130815177141677,0.9253225902001219,0.12408839712817142,0.1112647629235798,0.0,0.7090460324759896,0.6335830004579958,0.28946319183906766,0.2865122799899963,0.39047961668804276,calm,02,07,07,male,normal,787
100,3.336666666666667,True,1.0,0.432269227224895,0.42911877394635956,0.4306940005856273,0.314735920845362,-0.05731481481481471,-0.05101851851851846,0.44402543897525365,0.04646648102010974,0.1884087787601568,1.3684297598723678,0.00315045327853547,0.006296296296296244,0.01330147086470884,0.8843875489507073,0.12591334650748742,0.10919526977725579,0.0,0.7039609263456397,0.6325891485813075,0.28686136972580034,0.2871760938155591,0.38534230868287905,calm,02,07,07,male,normal,787
0,0.0,True,1.0,0.4839402579692653,0.48164559330941814,0.48279292563934173,0.45677801697434567,-0.052731481481481546,-0.049907407407407456,0.3983156040194059,0.09783047925527757,0.18822038822814358,1.0569530662559383,0.0022946646598471787,0.00282407407407409,0.002327741434398513,0.611066673597117,0.12369533115245107,0.11170157931445902,0.0,0.7808872760676069,0.6322438039981618,0.2913682237544326,0.2815118627177736,0.3795715445160153,calm,02,07,07,male,strong,788
10,0.33366666666666667,True,1.0,0.34786045027453555,0.3563417093830209,0.35210107982877825,0.5260717264199373,-0.0568055555555555,-0.05754629629629621,0.39438462463367246,0.1578059153292192,0.18611766999740337,0.6693024204606526,0.00848125910848535,0.0007407407407407085,0.019637530159405562,0.5208612557331942,0.12519606655746873,0.11001692001206188,0.0,0.7197662653228373,0.6278737350565227,0.2893932448447983,0.2832708500135783,0.3734220876270286,calm,02,07,07,male,strong,788
20,0.6673333333333333,True,1.0,0.4148194444843716,0.4103673630253895,0.4125934037548805,0.7635937058968428,-0.05587962962962961,-0.05685185185185182,0.3850039633740216,0.2812007916451072,0.1736467031658684,0.5403310694792703,0.004452081458982071,0.0009722222222222077,0.027148451612094386,0.3764730057233543,0.1301851675565144,0.10388212537137677,0.0,0.7413590374386947,0.5720120798944578,0.26259940335126736,0.30002581576505366,0.35218878097247686,calm,02,07,07,male,strong,788
30,1.0010000000000001,True,1.0,0.436771048071787,0.44816863542983126,0.44246984175080917,0.8556574907643663,-0.055277777777777815,-0.05652777777777779,0.40522315919430313,0.2829671056060277,0.17502789956175557,0.5171109310987824,0.011397587358044248,0.0012499999999999734,0.034075083009799854,0.34024112750084073,0.12990970012008585,0.10440903976981468,0.0,0.8306653388827288,0.5746270678583935,0.2611135813426362,0.30686663767729105,0.3690222122467933,calm,02,07,07,male,strong,788
40,1.3346666666666667,True,1.0,0.4107996979744378,0.4298686317388806,0.4203341648566592,0.775859177448179,-0.05300925925925931,-0.056157407407407434,0.4035828222931819,0.2604628587316182,0.17511157157652374,0.5417660537820139,0.019068933764442797,0.003148148148148122,0.0417691569190231,0.39239022417270586,0.13031698828487254,0.10390024223011042,0.0,0.7916262709421582,0.5729374878701481,0.2623852608107484,0.3089865407295623,0.3612537507005908,calm,02,07,07,male,strong,788
50,1.6683333333333334,True,1.0,0.39898305642574444,0.41775769954816994,0.4083703779869572,1.0033579333143912,-0.05300925925925931,-0.05712962962962953,0.3738830939096894,0.37937504042564013,0.17368536281088914,0.4070036867481456,0.018774643122425494,0.004120370370370219,0.04265194681824529,0.30652354153246386,0.13115703817564245,0.10283778054885175,0.0,0.827558205924619,0.5652745003470139,0.2612579010837216,0.31206668043341335,0.3681877083770109,calm,02,07,07,male,strong,788
60,2.0020000000000002,True,1.0,0.43747471681657546,0.4255336314583501,0.4315041741374628,0.9464707159356932,-0.055277777777777815,-0.05791666666666667,0.39774863347053874,0.3449753047712958,0.17364670316586833,0.45590863707903756,0.011941085358225356,0.0026388888888888573,0.03701867475233066,0.32006600390500295,0.12921024899932818,0.10527340274003368,0.0,0.7749255550376096,0.572772506924645,0.25964023561951477,0.31417772757724927,0.38283841665845314,calm,02,07,07,male,strong,788
70,2.3356666666666666,True,1.0,0.4055992329787622,0.43528968590099065,0.4204444594398764,1.0181249411957896,-0.05833333333333329,-0.05851851851851847,0.37782822893576806,0.4151059305237293,0.17501569405074083,0.4129595911343294,0.02969045292222844,0.00018518518518517713,0.02986512821125792,0.29854181438569155,0.13173591056087033,0.1020951891127965,0.0,0.6640301356485988,0.570049642396021,0.2618156298285833,0.3132933899224719,0.36653507754903003,calm,02,07,07,male,strong,788
80,2.6693333333333333,True,1.0,0.4097938209642392,0.4052035973277584,0.40749870914599884,0.7460595801299383,-0.05685185185185193,-0.05763888888888885,0.3725909860777147,0.31749063746518386,0.17571007646889375,0.5462012954448308,0.004590223636480817,0.0007870370370369195,0.024637187877759332,0.39721762684875705,0.13142495581046057,0.10212272453428413,0.0,0.6746451996811366,0.5713877924841813,0.2592828167099051,0.310366674881226,0.3560082007935618,calm,02,07,07,male,strong,788
90,3.003,True,1.0,0.43096810668226954,0.44386861886315676,0.4374183627727132,0.8228233529164729,-0.05740740740740741,-0.057361111111111085,0.3923044234426954,0.3264001326490408,0.17572961454399944,0.53160664585211,0.012900512180887225,4.629629629632204e-05,0.03546199190648284,0.3752012119921472,0.12376798413201635,0.11162107271474965,0.0,0.8279997514080828,0.635284099639856,0.29082078205452444,0.2867061995626548,0.40251212708861117,calm,02,07,07,male,strong,788
100,3.336666666666667,True,1.0,0.40578889886253455,0.39587594901856943,0.40083242394055196,0.6132528370793386,-0.05638888888888882,-0.05861111111111106,0.4159272832101028,0.22054782960476388,0.17363923383335508,0.6536169092173232,0.009912949843965124,0.0022222222222222365,0.035667209929368296,0.4625131109330701,0.13120470106294752,0.1027769633237337,0.0,0.9999999987499999,0.5730637431066177,0.2627952552985985,0.312142047485644,0.3594956292475335,calm,02,07,07,male,strong,788
110,3.6703333333333332,True,1.0,0.2333621503426448,0.238646681133595,0.2360044157381199,0.37755317374428543,-0.06782407407407404,-0.06972222222222219,0.43404086513535306,0.16477271009843317,0.17014292463502945,0.6250892116668163,0.005284530790950204,0.0018981481481481488,0.03314781451376599,0.7249852088085611,0.13013739992118065,0.10394195959873086,0.0,0.6576420022607933,0.5679935400410164,0.2577998567230257,0.3019659717784447,0.34316257522317345,calm,02,07,07,male,strong,788
0,0.0,True,1.0,0.3664422822720302,0.35949806868207024,0.36297017547705024,0.3384104482714775,-0.06166666666666665,-0.053240740740740755,0.435411870480055,0.15343444013632743,0.1694232809333683,1.0725737852688007,0.006944213589959947,0.008425925925925892,0.07979575058178323,0.8377020955243945,0.12782763186604534,0.10694799812182118,0.0,0.6708574203612904,0.6287346601609394,0.2925044284741826,0.2889611876920511,0.37489698594652954,calm,02,07,07,male,strong,789
10,0.33366666666666667,True,1.0,0.37351145139303055,0.3566314758107464,0.36507146360188847,0.348952705773908,-0.06199074074074079,-0.053240740740740755,0.44012871197631465,0.16518368468711225,0.16789989706377953,1.046191812131768,0.016879975582284157,0.008750000000000036,0.06865105562633816,0.8142857930626773,0.12292409668180918,0.11254974111431773,0.0,0.7071067807446058,0.6327338161592763,0.2926254492563098,0.2830963523421315,0.37709163560950154,calm,02,07,07,male,strong,789
20,0.6673333333333333,True,1.0,0.3732003076989885,0.3733571709200229,0.3732787393095057,0.37533355275959845,-0.0618055555555555,-0.0537037037037037,0.4321943205231995,0.17905689133274116,0.16789989706377953,0.9945253670102634,0.00015686322103442008,0.008101851851851805,0.07132848203384232,0.7513130949323563,0.12344346472212377,0.11180959189656335,0.0,0.6689331303040515,0.6342809994466536,0.2919477085744433,0.28564916481453895,0.3805612359562063,calm,02,07,07,male,strong,789
30,1.0010000000000001,True,1.0,0.3728889898221725,0.38011842912653937,0.37650370947435596,0.8692240386207103,-0.06305555555555559,-0.054675925925925906,0.40627205040057496,0.30490913744248205,0.1697457780046108,0.43314921440943377,0.007229439304366869,0.008379629629629681,0.06521302293880094,0.3202373423538754,0.12470746505788892,0.11057045685525424,0.0,0.6831659621500922,0.6269558417273159,0.29631699679813583,0.29429283229541503,0.3990510034902834,calm,02,07,07,male,strong,789
40,1.3346666666666667,True,1.0,0.399094486838007,0.4050882778794592,0.4020913823587331,0.6934210634310204,-0.06287037037037041,-0.05486111111111108,0.40437570089156344,0.25846000911689676,0.1759200840625154,0.5798661211258865,0.005993791041452201,0.008009259259259327,0.06134740012056153,0.41823590576989805,0.13119426444592333,0.10279028527861364,0.0,0.680516962707855,0.5685698637111095,0.25903691061763107,0.302990421359528,0.34999370098467647,calm,02,07,07,male,strong,789
50,1.6683333333333334,True,1.0,0.4030340851977191,0.4089373663752342,0.4059857257864766,0.8944232997536284,-0.06791666666666674,-0.05824074074074076,0.3920753737651431,0.36910762750934994,0.17457916413943902,0.453907815123227,0.005903281177515096,0.009675925925925977,0.06125479893055278,0.3429688844907012,0.12469067001237912,0.11058939633739796,0.0,0.6544757676965423,0.6232994110300369,0.29940428706451877,0.29166138740927355,0.3938772238541358,calm,02,07,07,male,strong,789
60,2.0020000000000002,True,1.0,0.39472780759966,0.3913953487612022,0.3930615781804311,0.6019525588778379,-0.06625000000000003,-0.057870370370370294,0.36209338759100224,0.3325483096192383,0.1787638128134577,0.6529776680627088,0.003332458838457786,0.008379629629629737,0.06060872085221683,0.5011861248013402,0.1329704918425844,0.10048196888198294,0.0,0.7003516557083318,0.5686839573876425,0.2573151846056244,0.2974220431869791,0.33420561010614813,calm,02,07,07,male,strong,789
70,2.3356666666666666,True,1.0,0.38073080830355444,0.3918955933075346,0.38631320080554454,0.7617519097300817,-0.0660648148148148,-0.057268518518518496,0.38762765238339925,0.31993888471263926,0.17572189605786606,0.5071378172749581,0.01116478500398016,0.008796296296296302,0.07030683084264305,0.3834305713635635,0.13132129483045418,0.10262794597607248,0.0,0.6251828507268017,0.5669782872133229,0.25874612073537934,0.30239920758069383,0.34610132616925215,calm,02,07,07,male,strong,789
80,2.6693333333333333,True,1.0,0.3718870321891329,0.38275908364870126,0.37732305791891707,0.7110442008187092,-0.0658333333333333,-0.05652777777777784,0.36556531716565727,0.30510359072045384,0.17582259566050237,0.5306604814221964,0.010872051459568377,0.009305555555555456,0.07187051150807319,0.42522262083687845,0.13299027044905237,0.10045578996391796,0.0,0.6117845412770435,0.5681291778117497,0.2596163755232674,0.30110226388178285,0.3364284799721052,calm,02,07,07,male,strong,789
90,3.003,True,1.0,0.37258013014408725,0.3758754443069889,0.37422778722553807,0.6519367495823098,-0.06518518518518518,-0.05481481481481487,0.4132815369381855,0.22132859442647382,0.1759267070076243,0.5740246848567787,0.0032953141629016303,0.010370370370370308,0.07381746701530155,0.4382207943086992,0.13219610514082114,0.10149860864459698,0.0,0.6690096477992318,0.5694067065967011,0.2590317184782329,0.3075611944550543,0.3518724674048546,calm,02,07,07,male,strong,789
100,3.336666666666667,True,1.0,0.3726650537771268,0.336446614601559,0.3545558341893429,0.3355223267017973,-0.06291666666666673,-0.051342592592592606,0.4410994057658652,0.11723656664340505,0.17386280041508625,1.0567279908751408,0.036218439175567774,0.011574074074074125,0.09238210111957147,0.8365064545274472,0.12436471857929698,0.11095582248379801,0.0,0.8107689682619545,0.6276821467727716,0.29227970799311553,0.2888460519360408,0.3763831951656552,calm,02,07,07,male,strong,789
110,3.6703333333333332,True,1.0,0.36402855106148446,0.35562599372692344,0.359827272394204,0.31176712375400895,-0.062499999999999944,-0.05009259259259263,0.43968853473901204,0.1040666111212384,0.17219990684839426,1.1541539982198878,0.008402557334561023,0.012407407407407312,0.10502844493546479,0.9134650528497414,0.1249007768477339,0.1103520444455656,0.0,0.6631211620811628,0.6299349442667692,0.2854605213439123,0.288651009437213,0.37672052329769806,calm,02,07,07,male,strong,789
0,0.0,True,1.0,0.32056386201264425,0.30357648480209,0.3120701734073671,0.337110533891272,-0.07027777777777772,-0.06087962962962956,0.43378733271035524,0.2387408563416578,0.15337606402859272,0.9257206228625856,0.016987377210554266,0.009398148148148155,0.07995141049927024,0.7696768065407056,0.1296602888153793,0.10471860997607364,0.0,0.6778958181816804,0.55952240677521,0.25593990236655934,0.30479418507566974,0.34366445344454655,calm,02,07,07,male,strong,790
10,0.33366666666666667,True,1.0,0.3552785182568054,0.3035717762859376,0.3294251472713715,0.3552421481112294,-0.06842592592592595,-0.06111111111111117,0.434237562963528,0.246554924615462,0.1577996314350506,0.9273256256975049,0.051706741970867776,0.007314814814814774,0.039450980906283094,0.7436251898061922,0.13196947479723428,0.10179310140121514,0.0,0.6382295279331149,0.5557122877354067,0.25843347576141634,0.3104579214403385,0.3509787193211174,calm,02,07,07,male,strong,790
20,0.6673333333333333,True,1.0,0.3788177178556541,0.3667088690608452,0.37276329345824966,0.3435468836743403,-0.06717592592592597,-0.062407407407407356,0.4374060142459997,0.23621897785014737,0.16159529734326053,1.085043442896151,0.01210884879480889,0.004768518518518616,0.021776940817206398,0.7612184540305077,0.12392291476069026,0.11144904202083138,0.0,0.9999999987499999,0.636025760483881,0.29194579920767183,0.28377444644691746,0.3900300726612143,calm,02,07,07,male,strong,790
30,1.0010000000000001,True,1.0,0.4027140145878576,0.40263522000571267,0.4026746172967851,1.4112121615679432,-0.07277777777777783,-0.06787037037037041,0.32367185908564783,0.7848249653549165,0.17395530117672345,0.2853395316898268,7.879458214493651e-05,0.004907407407407416,0.021127881235122943,0.22147534587384515,0.12354043485568647,0.11187286858738668,0.0,0.6490684036560809,0.626638186102566,0.2963283687677992,0.2919320189395836,0.40747327882177764,calm,02,07,07,male,strong,790
40,1.3346666666666667,True,1.0,0.3877607889670568,0.388332844179738,0.3880468165733974,0.7691758057377446,-0.07004629629629638,-0.06481481481481477,0.38141545223421325,0.3704447899647369,0.17334015857267968,0.5044969091314664,0.0005720552126812217,0.005231481481481615,0.0350396199686895,0.3857888772010236,0.12427594651134945,0.11105524251053837,0.0,0.6827710190507124,0.6326336871936276,0.29433684415483585,0.2902318258172923,0.3961559586557387,calm,02,07,07,male,strong,790
50,1.6683333333333334,True,1.0,0.3622817948957843,0.3530539532195429,0.35766787405766365,0.7615844660310048,-0.0685648148148148,-0.06166666666666665,0.3964332296676711,0.32862216369069874,0.17259438068250113,0.4696365144127069,0.00922784167624141,0.006898148148148153,0.04426814135943547,0.3960781485003672,0.12086716082267271,0.11475585912887495,0.0,0.9999999987499999,0.6375958393591812,0.2965160531898731,0.29073137569156127,0.4039000973104056,calm,02,07,07,male,strong,790
60,2.0020000000000002,True,1.0,0.3594313726010359,0.3690855399121325,0.3642584562565842,0.6498740243559208,-0.07185185185185183,-0.06282407407407409,0.3779069594760878,0.37743814574412543,0.17181703765391954,0.5605062559895275,0.009654167311096584,0.009027777777777746,0.05281017215955121,0.4492821261167817,0.12420353827484153,0.11113621754505054,0.0,0.6784821595636465,0.6311966473308074,0.29714010650074,0.28422052590780994,0.38310481502138205,calm,02,07,07,male,strong,790
70,2.3356666666666666,True,1.0,0.3662072346257237,0.359982011460723,0.3630946230432234,1.2117046189202672,-0.08009259259259255,-0.07050925925925922,0.3829078937242417,0.5322111308684617,0.17487189769594444,0.2996560526168266,0.006225223165000682,0.009583333333333333,0.059463796750072254,0.2418361768025579,0.13049135099344752,0.103681170358763,0.0,0.599777314192786,0.5613664857505503,0.2691073011698556,0.3260264260756265,0.376826826924103,calm,02,07,07,male,strong,790
80,2.6693333333333333,True,1.0,0.3462043391831319,0.3107086892260521,0.328456514204592,0.7386162004096412,-0.0799537037037037,-0.0704629629629629,0.4051092685669945,0.34304896769016124,0.18032245423965942,0.44469172761500214,0.03549564995707982,0.0094907407407408,0.05373688989572101,0.40593257856927456,0.12060780436732489,0.11486266298456878,0.0,0.7071067807446058,0.636606994633791,0.2972103256938494,0.2911343608755475,0.397186604550646,calm,02,07,07,male,strong,790
90,3.003,True,1.0,0.2100401490675392,0.20328883876153306,0.20666449391453612,0.8079355955875615,-0.08476851851851858,-0.07537037037037031,0.3412655692971351,0.43190405599283427,0.17401621573196444,0.2557932773889506,0.0067513103060061475,0.009398148148148266,0.06566471344868142,0.35949887415974485,0.12431908610063688,0.11100694843746789,0.0,0.7467573053507347,0.6291645076624401,0.29354603680407293,0.2867852934225931,0.3812662661032471,calm,02,07,07,male,strong,790
100,3.336666666666667,True,1.0,0.3210787719399893,0.3233830005946398,0.32223088626731455,0.7874370471225953,-0.07425925925925919,-0.064537037037037,0.39393138017879625,0.3787797220462595,0.1724335935484376,0.4092147904963211,0.0023042286546505197,0.009722222222222188,0.07138873282183239,0.3744113586328561,0.12551499146929315,0.10965292830986773,0.0,0.7472009851530513,0.6314070488664216,0.2936830320494614,0.29514937748102943,0.39905267951681134,calm,02,07,07,male,strong,790
110,3.6703333333333332,True,1.0,0.3031367544391341,0.3005706127183949,0.3018536835787645,0.4258554727601808,-0.0706018518518518,-0.062037037037037,0.4116604149669025,0.2501127352054253,0.1633501180615503,0.7088171994651163,0.0025661417207392123,0.008564814814814803,0.0919929155665907,0.6631633530895938,0.12354489866876203,0.11186793903213216,0.0,0.722510267631586,0.6278160110997524,0.2945206365019418,0.28000272713428837,0.36893140266183655,calm,02,07,07,male,strong,790
120,4.0040000000000004,True,1.0,0.30580884970293065,0.308322649025502,0.3070657493642163,0.2987136052895536,-0.07115740740740739,-0.06217592592592597,0.4375801312712803,0.1890457627698204,0.16758860159271305,1.027960373838904,0.0025137993225713418,0.008981481481481424,0.09176952762584634,0.882732798524164,0.12486617442929032,0.11039119645094,0.0,0.7298324955020745,0.6269820706251251,0.292915434650178,0.2874375082332741,0.3742717734699746,calm,02,07,07,male,strong,790
0,0.0,True,1.0,0.5172210972249827,0.4716293591090768,0.4944252281670297,0.7253044464737773,-0.05763888888888896,-0.05486111111111108,0.4015361722971982,0.12301789735767846,0.20141957250238088,0.6816795768601498,0.04559173811590589,0.002777777777777879,0.027381573530179133,0.4032885215276843,0.12934902849844487,0.10510283819836043,0.0,0.6928167182575523,0.5891816797187626,0.2631091225841436,0.28834673440430164,0.35800748818550565,calm,02,07,07,male,strong,791
10,0.33366666666666667,True,1.0,0.44462374073578337,0.44444512877006476,0.4445344347529241,0.716204573961249,-0.06250000000000006,-0.05925925925925929,0.40646049747727536,0.1726477503794585,0.1938271645733964,0.6206808095266033,0.00017861196571861138,0.0032407407407407662,0.010621358904733195,0.39212807927493515,0.12096242470369513,0.11465543850902117,0.0,0.9999999987499999,0.6333100912396209,0.29397269965963746,0.27844596460445886,0.3838264285795842,calm,02,07,07,male,strong,791
20,0.6673333333333333,True,1.0,0.2692990110268239,0.2649783637653033,0.2671386873960636,0.7342995169082132,-0.07597222222222222,-0.07222222222222213,0.403421574254218,0.1932367149758458,0.19043809459322833,0.3638007124406916,0.004320647261520594,0.0037500000000000866,0.0077515069369186755,0.3848684210526319,0.12842673825126696,0.10622782438103562,0.0,0.8607471503502915,0.5840112336497099,0.2646966568896144,0.2839304813592683,0.3425945768386017,calm,02,07,07,male,strong,791
30,1.0010000000000001,True,1.0,0.37949796454059653,0.34808756091308685,0.3637927627268417,0.8733678941123225,-0.06601851851851853,-0.060972222222222094,0.387359553643636,0.23805295262697593,0.19542370001884557,0.4165401146290075,0.031410403627509687,0.0050462962962964375,0.008851501020636211,0.3352851942539007,0.12273627216015642,0.11275453545838299,0.0,0.9999999987499999,0.6336254075927247,0.2926866606608711,0.2923320210781193,0.4052989262737809,calm,02,07,07,male,strong,791
40,1.3346666666666667,True,1.0,0.4342635515202036,0.428355632269444,0.43130959189482376,0.7087233619000618,-0.06375000000000003,-0.05861111111111117,0.3933519620456417,0.19014036635073173,0.19475181868613867,0.608572561709407,0.0059079192507595635,0.0051388888888888595,0.011164375599334352,0.4179468746700115,0.12167477385474072,0.1138991974395913,0.0,0.6902220908553054,0.6360618873721363,0.2919650482443814,0.28570934522740354,0.3886588018326515,calm,02,07,07,male,strong,791
50,1.6683333333333334,True,1.0,0.45681672939464746,0.4513644303795954,0.4540905798871214,0.7264365833453137,-0.06361111111111101,-0.057731481481481495,0.3993502154311554,0.1814627356564914,0.1968539912074105,0.6250932157023102,0.0054522990150520645,0.0058796296296295125,0.03047553802263887,0.4130427867346401,0.12210126153888864,0.11344187807303309,0.0,0.7069710445111534,0.6344273903389481,0.2941939325260259,0.28900053336600623,0.38716735427074916,calm,02,07,07,male,strong,791
60,2.0020000000000002,True,1.0,0.45693813208477524,0.47998210168479793,0.4684601168847866,0.8955760193711221,-0.0639351851851852,-0.056712962962962965,0.40110031015299075,0.23607138056736146,0.1930930658456353,0.523082470669259,0.023043969600022696,0.007222222222222241,0.0428742488162317,0.32841170453107327,0.12453727386721992,0.11076211079630888,0.0,0.7021325582862702,0.6315178201749451,0.2953023515715234,0.2988751914515469,0.40640953388868695,calm,02,07,07,male,strong,791
70,2.3356666666666666,True,1.0,0.4723521937322308,0.4718951255802547,0.47212365965624276,1.1777111543891983,-0.0642592592592593,-0.05574074074074076,0.38251514524848923,0.3718843416089373,0.19341090101756594,0.40088238775415386,0.0004570681519761033,0.008518518518518536,0.03382760793091174,0.24784399221921313,0.12153259869265275,0.11405088875180634,0.0,0.695227884869704,0.6274479099139656,0.29659170000393725,0.2914505766442637,0.3940072533221654,calm,02,07,07,male,strong,791
80,2.6693333333333333,True,1.0,0.43015634603448405,0.44586271248631504,0.43800952926039954,0.7226700115591332,-0.06620370370370365,-0.05773148148148155,0.39272501303024154,0.2162475494401568,0.18866250428030362,0.606098941777604,0.01570636645183099,0.008472222222222103,0.04160125887671788,0.41800039163581404,0.1309690934264712,0.10307703108858478,0.0,0.6948791677157105,0.5798877005567852,0.2637445679184815,0.30112428057505,0.3489348913317678,calm,02,07,07,male,strong,791
90,3.003,True,1.0,0.4344776110535794,0.41769111312389723,0.42608436208873834,0.7961255300158397,-0.06578703703703698,-0.05550925925925926,0.3531265898103577,0.2741092403418012,0.19108799856235092,0.5351974607324311,0.016786497929682176,0.010277777777777719,0.05533628646207397,0.377976108712021,0.12618994691799096,0.10887550260459176,0.0,0.6885501489788849,0.6348909524825556,0.28909531929183235,0.28980909504948216,0.38810685461050576,calm,02,07,07,male,strong,791
100,3.336666666666667,True,1.0,0.41256377072850425,0.436785483562891,0.4246746271456976,0.7796738827740978,-0.06416666666666665,-0.05523148148148149,0.39142921986398993,0.23243590611112436,0.18905765747930578,0.5446823813498733,0.024221712834386733,0.008935185185185157,0.059985238914425684,0.3725169525993969,0.12946772911675472,0.10495658573026335,0.0,0.7596021131662312,0.5856646317980317,0.25971028313487676,0.29818992810239525,0.35531016938890086,calm,02,07,07,male,strong,791
110,3.6703333333333332,True,1.0,0.39315979496156206,0.4176911131238959,0.405425454042729,0.37019884329350117,-0.06407407407407406,-0.05476851851851855,0.42703747275126924,0.11196486095375717,0.18635428817337873,1.0951559179273271,0.024531318162333837,0.009305555555555511,0.06210372731811391,0.7331030403574329,0.13001855051574326,0.10427345919574652,0.0,0.7001051555774773,0.5853610881696429,0.25689709445243497,0.29365258548025674,0.3398753480642242,calm,02,07,07,male,strong,791
120,4.0040000000000004,True,1.0,0.22700621696499018,0.21466898790148825,0.22083760243323922,0.34963257127524494,-0.07356481481481486,-0.06347222222222226,0.4333315726718305,0.08018363032231282,0.18689209904120554,0.6316276587955156,0.012337229063501931,0.010092592592592597,0.06661844759444605,0.7823632424817677,0.13069382419303496,0.10342582892486801,0.0,0.6848822481296434,0.5724517416654161,0.2612468486785806,0.2968884048715592,0.33406605010469226,calm,02,07,07,male,strong,791
0,0.0,True,1.0,0.36030551037426267,0.38701837686891205,0.37366194362158733,0.3586923090147414,-0.05101851851851852,-0.039212962962963005,0.4634453501509148,0.054637263582158486,0.1719022725363699,1.0417339157562777,0.02671286649464938,0.011805555555555514,0.09252453010255672,0.8132205650406662,0.12474873948713674,0.11052388776521362,0.0,0.7118077359776709,0.6343631313306572,0.29082075064129875,0.2869041526728595,0.37878773370304836,happy,03,07,07,male,normal,792
10,0.33366666666666667,True,1.0,0.3417316392704121,0.3841516142837437,0.3629416267770779,0.3351241167747047,-0.05041666666666672,-0.038981481481481506,0.4523252740914527,0.05576067908701593,0.1698320524088154,1.08300658952896,0.04241997501333161,0.011435185185185215,0.09268454657576097,0.8842305810815311,0.12368090226887579,0.11154688806274955,0.0,0.9999999987499999,0.6365370357752477,0.28904583330722566,0.2892603110432002,0.3817514299969522,happy,03,07,07,male,normal,792
20,0.6673333333333333,True,1.0,0.34937189385487144,0.3502783625058457,0.3498251281803586,0.4055182428396538,-0.05148148148148152,-0.04004629629629625,0.45570499192704195,0.08279223663376144,0.16845208528758648,0.8626618761481543,0.0009064686509742681,0.01143518518518527,0.08691300674140699,0.7266569589042989,0.12945162824518214,0.10497644362260504,0.0,0.6747853810841956,0.5727263994582208,0.25739968116693857,0.3068113198988044,0.33891822950791123,happy,03,07,07,male,normal,792
30,1.0010000000000001,True,1.0,0.23777253006051044,0.2468618122457459,0.24231717115312817,0.8618680532833288,-0.059398148148148144,-0.046388888888888924,0.4501285890520246,0.17156009289286658,0.17761032377218414,0.2811534436506945,0.00908928218523547,0.01300925925925922,0.06848531478335369,0.3451740925331474,0.12220513584547447,0.1133299719536787,0.0,0.8248038935472082,0.627510787064826,0.29397698294846525,0.30570833928695534,0.4160578663523904,happy,03,07,07,male,normal,792
40,1.3346666666666667,True,1.0,0.20874040146806078,0.1993437058235025,0.20404205364578165,0.8228134184477884,-0.07962962962962955,-0.07069444444444445,0.40666639524419185,0.18962457720340362,0.20077099013183064,0.2479809505667768,0.009396695644558278,0.008935185185185102,0.0491135061843179,0.3455654513860007,0.12122513240150422,0.11437764223902727,0.0,0.9999999987499999,0.6309030164331357,0.29548630648831603,0.3059623756091412,0.40655836293878955,happy,03,07,07,male,normal,792
50,1.6683333333333334,True,1.0,0.35719092164691946,0.36617360428183116,0.36168226296437533,0.9334310476889895,-0.07814814814814813,-0.06990740740740736,0.43529261754178034,0.22708507230323222,0.204438901264029,0.38747614390997254,0.008982682634911698,0.00824074074074077,0.038547547440624455,0.32330626883715596,0.11973460229323465,0.11593706389047466,0.0,0.7071067807446058,0.6326994845281864,0.2969635408722497,0.31060838544091157,0.41939132106633464,happy,03,07,07,male,normal,792
60,2.0020000000000002,True,1.0,0.37958954286366714,0.3790543057158381,0.37932192428975264,0.8733156605735555,-0.06578703703703714,-0.06319444444444439,0.4296819255863303,0.19064743580923177,0.19529521528455354,0.4343468706843418,0.0005352371478290485,0.0025925925925927573,0.00402194705471226,0.3275503323887761,0.12124359248366817,0.11435807383721988,0.0,0.6870701468086058,0.6348819290997649,0.2971827611454675,0.3020341516450706,0.40949956273468174,happy,03,07,07,male,normal,792
70,2.3356666666666666,True,1.0,0.3764159966567504,0.3872833223646833,0.38184965951071687,0.8261831102558291,-0.05796296296296305,-0.055833333333333346,0.40730089755184995,0.16779252312690152,0.18559803753688617,0.4621852647078157,0.010867325707932918,0.0021296296296297035,0.0037456216092866834,0.35461895050490905,0.12458413797601435,0.11070939587572572,0.0,0.6941158365987117,0.6321201556560123,0.29417887574643553,0.3031302415324748,0.4187635656125213,happy,03,07,07,male,normal,792
80,2.6693333333333333,True,1.0,0.39506172839506226,0.3870806946396586,0.39107121151736046,0.8100427512502116,-0.05138888888888887,-0.04893518518518508,0.4333739219974939,0.1934430450746777,0.1743493202928917,0.48277848411554225,0.007981033755403655,0.002453703703703791,0.01841469913890804,0.37779850746268717,0.12208261874156504,0.11346194062875327,0.0,0.7071067807446058,0.6342513297975441,0.2947891947542244,0.29433225997872686,0.4110364962888156,happy,03,07,07,male,normal,792
90,3.003,True,1.0,0.4203230766959256,0.41766777880491623,0.4189954277504209,0.7928215852674967,-0.04976851851851849,-0.04787037037037034,0.43619446852095745,0.18018018018018053,0.17434932029289182,0.5284864029137811,0.0026552978910093783,0.0018981481481481488,0.017843717972943988,0.39203121684173553,0.12286766977827866,0.11261133821018114,0.0,0.7047607092218878,0.6305080220838336,0.2959248543110299,0.29482975166067393,0.41062594058778346,happy,03,07,07,male,normal,792
100,3.336666666666667,True,1.0,0.4281520302575374,0.40256170168875904,0.41535686597314825,0.7808413847333836,-0.05078703703703702,-0.048981481481481515,0.434945163177994,0.19818390089170296,0.17571572102484917,0.5319350051034639,0.025590328568778353,0.0018055555555555047,0.01711708174084002,0.398314445088964,0.12419284180581638,0.11114817054041817,0.0,0.7071954054371988,0.632103583316139,0.29455824443071843,0.2961971530926515,0.4121934849344968,happy,03,07,07,male,normal,792
0,0.0,True,1.0,0.5008286180188966,0.4825958683076552,0.4917122431632759,0.6947681103554819,-0.04824074074074075,-0.045740740740740915,0.39928878792308165,0.16724991588748878,0.18829819813198714,0.7077357694377893,0.018232749711241336,0.0024999999999998357,0.0045372060220039475,0.4274614396576383,0.12666657461829436,0.10832061966697665,0.0,0.7688424995464028,0.6300597158863546,0.2909526848032523,0.28380206838434635,0.38127153372845507,happy,03,07,07,male,normal,793
10,0.33366666666666667,True,1.0,0.523971689702117,0.5096558325343091,0.5168137611182131,0.7029567805680951,-0.04699074074074078,-0.04425925925925933,0.4020244057980556,0.14697418596422818,0.18755858459758654,0.7351999090193705,0.014315857167807922,0.002731481481481446,0.008792930718900723,0.4196902338540352,0.12533549509066272,0.10985805132400792,0.0,0.817169329193385,0.6300645923447504,0.2909831713709306,0.28059613352332197,0.38315773913789614,happy,03,07,07,male,normal,793
20,0.6673333333333333,True,1.0,0.42089393622928867,0.4481854711323025,0.4345397036807956,0.7530547446200935,-0.04740740740740734,-0.044629629629629686,0.4352870546462904,0.1235432724195231,0.18752603985846872,0.5770360080527948,0.027291534903013837,0.002777777777777657,0.012613868239206173,0.39549253736643986,0.12249447226210025,0.11301717584211005,0.0,0.6920872448492015,0.6329068928274435,0.2907472391364078,0.29360358068302883,0.4053517637920419,happy,03,07,07,male,normal,793
30,1.0010000000000001,True,1.0,0.421281931415706,0.3908270284774729,0.4060544799465895,0.9473949940483222,-0.05009259259259263,-0.046064814814814836,0.4405572047369595,0.2163594711485605,0.19028419304371916,0.4286010402181612,0.030454902938233108,0.004027777777777797,0.008033806311346774,0.33352971107399276,0.12262107316386801,0.11271089671676204,0.0,0.9999999987499999,0.6341964400056899,0.2916036013158875,0.30084616884536547,0.41274354465888463,happy,03,07,07,male,normal,793
40,1.3346666666666667,True,1.0,0.35270743028344553,0.3681452528296462,0.36042634155654585,0.8688720604287987,-0.08337962962962969,-0.07842592592592595,0.4114022960085213,0.3525857636522659,0.20433139513433418,0.414820959231525,0.015437822546200686,0.004953703703703738,0.0006057840140635707,0.3589883156817943,0.12239141009927022,0.11279145627686366,0.0,0.6571354606799603,0.6369382280646635,0.29770256206085355,0.30189314060883504,0.4040496968895758,happy,03,07,07,male,normal,793
50,1.6683333333333334,True,1.0,0.3959302742087825,0.3710593897474691,0.38349483197812584,0.9960346240647024,-0.08310185185185193,-0.07805555555555549,0.42574376798501884,0.3521815798732129,0.20476368917065785,0.38502158731503494,0.024870884461313414,0.0050462962962964375,0.009137404473883426,0.3164229984177672,0.12030530575342314,0.11534474924135878,0.0,0.9999999987499999,0.6354713472420218,0.2994095009842006,0.30720091797089344,0.41504770483143544,happy,03,07,07,male,normal,793
60,2.0020000000000002,True,1.0,0.4275031109281531,0.40382950032964593,0.4156663056288995,0.9324613494846731,-0.08199074074074081,-0.07499999999999996,0.4113514729003072,0.3320996627692436,0.21272427560492627,0.4457732278754701,0.023673610598507144,0.006990740740740853,0.013070573169622464,0.3390310311554741,0.12273394682344017,0.1127570665965003,0.0,0.6604818190402553,0.6350853610819328,0.297977163077519,0.3045173778219432,0.41029474410998945,happy,03,07,07,male,normal,793
70,2.3356666666666666,True,1.0,0.354221568794729,0.3717359804139279,0.3629787746043285,0.8802298000249362,-0.08097222222222228,-0.07564814814814819,0.36400982721762715,0.33187581477024014,0.21272427560492627,0.4123681958893525,0.017514411619198922,0.005324074074074092,0.0026881286530240685,0.3335682074822788,0.12286171959212386,0.11261782997815792,0.0,0.7873391254651868,0.6355261343834409,0.2991035031221952,0.30032595830611897,0.3980911245100793,happy,03,07,07,male,normal,793
80,2.6693333333333333,True,1.0,0.45414651745906076,0.4112998013634258,0.4327231594112433,0.8502647110073422,-0.07944444444444448,-0.07388888888888889,0.4190353576691187,0.23757396336969872,0.21056165075189054,0.5089275772701175,0.04284671609563495,0.005555555555555591,0.0020947497713935063,0.36426755561829066,0.12218632917726427,0.11335024804665816,0.0,0.8886618732514386,0.6402417289650235,0.29833251324492,0.30762839588573954,0.41729860864165474,happy,03,07,07,male,normal,793
90,3.003,True,1.0,0.4451889760756788,0.4119397553943987,0.42856436573503875,0.8195299462174349,-0.07444444444444442,-0.06828703703703698,0.4233128939759718,0.18625004177035498,0.20920436042725912,0.5229392381731631,0.03324922068128011,0.006157407407407445,0.0013831823132052108,0.3838079607206608,0.12386180521060063,0.11151695378001834,0.0,0.6574125938038635,0.6386525397424595,0.2955808962715307,0.30673736088306264,0.4178673735194701,happy,03,07,07,male,normal,793
100,3.336666666666667,True,1.0,0.44006490099609036,0.46102935209127155,0.45054712654368095,0.8109873437348536,-0.06453703703703711,-0.05856481481481485,0.430055086281765,0.19657443738686467,0.19895653434444577,0.5555538320348734,0.02096445109518119,0.005972222222222268,0.002760348353741264,0.3846621441297478,0.12368366738020224,0.11171449410739405,0.0,0.6778084671780987,0.6396691439622725,0.2969267334020407,0.3010895719666509,0.41513303834402904,happy,03,07,07,male,normal,793
0,0.0,True,1.0,0.4640753685573135,0.44537856061244274,0.45472696458487816,0.3859154112207734,-0.05638888888888888,-0.05217592592592596,0.44571832941190626,-0.0350781236410604,0.20975859763759308,1.1783073475776256,0.018696807944870775,0.004212962962962918,0.016411609439704024,0.7164460646223206,0.1308667313647098,0.10320695903355406,0.0,0.6307411516601819,0.5833051645580107,0.25544785936435604,0.29899903482511114,0.3470249320601703,happy,03,07,07,male,normal,794
10,0.33366666666666667,True,1.0,0.4490653969852196,0.44316364499438127,0.4461145209898004,0.41809777288057703,-0.05912037037037038,-0.055833333333333346,0.4514463897908551,-0.0406434335317594,0.2125229766989913,1.067010039102088,0.005901751990838311,0.0032870370370370328,0.013759862659494353,0.6567574606915916,0.12929512789030465,0.10516913841319969,0.0,0.6902279582044688,0.5877074118944453,0.2582833453258961,0.29645624664180004,0.34834337011673167,happy,03,07,07,male,normal,794
20,0.6673333333333333,True,1.0,0.2545952701341954,0.24933606169319777,0.2519656659136966,0.40124807278175206,-0.07194444444444448,-0.06842592592592595,0.45599633487264896,-0.017194125577362974,0.21250143611647077,0.6279548314509824,0.0052592084409976425,0.003518518518518532,0.010759200641940846,0.7076284412805716,0.12377068494869269,0.11161807791536421,0.0,0.7178282620200942,0.6329291134109893,0.29159026118658965,0.28460654094779697,0.38498602610256805,happy,03,07,07,male,normal,794
30,1.0010000000000001,True,1.0,0.4347037746334152,0.4181767543961924,0.42644026451480377,0.844419936856935,-0.06944444444444436,-0.0639351851851851,0.4272478178332658,0.10401928944829687,0.2146007543115472,0.5050097065472923,0.0165270202372228,0.005509259259259269,0.008817721937248408,0.3517281167216318,0.12198868789713037,0.11356292438619683,0.0,0.7351597039446732,0.6374845714926596,0.29068220080195406,0.30145898803405013,0.41942136931680224,happy,03,07,07,male,normal,794
40,1.3346666666666667,True,1.0,0.18460043192378475,0.19743640007726906,0.1910184160005269,0.8053358722840702,-0.09162037037037035,-0.08763888888888888,0.4142205223912528,0.15729216255548187,0.21809054105509593,0.23719099393743137,0.012835968153484312,0.003981481481481475,0.0010075399428078082,0.3606901568121745,0.12086919717193534,0.1147537142962757,0.0,0.9097111774645184,0.6326583161155088,0.2925471625682352,0.2968610558474277,0.3976809011581828,happy,03,07,07,male,normal,794
50,1.6683333333333334,True,1.0,0.19785674842159126,0.2147962729950112,0.20632651070830121,0.4752879605318681,-0.08023148148148146,-0.08004629629629628,0.4094961832328731,0.12844136358338099,0.21738954032473007,0.43410843076566213,0.016939524573419934,0.00018518518518517713,0.004407092309107872,0.625577939580953,0.12579950317604355,0.10932640472988513,0.0,0.7019548173330066,0.6340850995476316,0.2922087724550266,0.29109795774279856,0.38401924867458054,happy,03,07,07,male,normal,794
60,2.0020000000000002,True,1.0,0.3608573531883541,0.3228422350547251,0.3418497941215396,0.7873110199970368,-0.06689814814814815,-0.06388888888888888,0.4286002291770891,0.11684842839920652,0.20707749108711782,0.4341991734382509,0.03801511813362901,0.003009259259259267,0.0002891091906385572,0.3791609022550145,0.12174234363637715,0.11382697191730139,0.0,0.9632127621436519,0.6353266887301796,0.29475975500462004,0.3008251661575265,0.41239330009296105,happy,03,07,07,male,normal,794
70,2.3356666666666666,True,1.0,0.4096518500060645,0.42017916407854394,0.41491550704230423,0.9620489299400456,-0.0627314814814815,-0.058935185185185146,0.4213073295138679,0.19357657475612863,0.1954030075788308,0.4312831646392056,0.010527314072479421,0.003796296296296353,0.015787077027168923,0.3091500496935935,0.12616748782013748,0.1089015279404253,0.0,0.7360739201554257,0.5741036786120699,0.26738802761659686,0.31642322746736884,0.380837492648819,happy,03,07,07,male,normal,794
80,2.6693333333333333,True,1.0,0.4410230374041123,0.4197190696111318,0.43037105350762206,0.9038624919532229,-0.05939814814814809,-0.054537037037036995,0.4456975545429026,0.16051495830922266,0.19665351742298964,0.47614660121320185,0.021303967792980494,0.004861111111111094,0.0037505492217681183,0.34139190177543693,0.12835371858801034,0.10631604157169676,0.0,0.6350514814633333,0.5707527387439351,0.2673629399393223,0.3189405837094419,0.3808784901534804,happy,03,07,07,male,normal,794
90,3.003,True,1.0,0.4117166971488162,0.4253116270245537,0.41851416208668496,0.8709298073837508,-0.057592592592592584,-0.053888888888888875,0.4461142598295706,0.17299290694608693,0.19587228806931042,0.4805371897235783,0.013594929875737516,0.003703703703703709,0.009591125314610864,0.36241651739288816,0.12156039284603984,0.11402126407407759,0.0,0.7174147921459186,0.6424089715182948,0.2915694119108802,0.29726423213606956,0.4158370137528149,happy,03,07,07,male,normal,794
100,3.336666666666667,True,1.0,0.41171669714881515,0.4151858505444215,0.4134512738466183,0.8177475202340687,-0.055185185185185226,-0.05268518518518517,0.44451702753508604,0.14813774432622667,0.19725355397916722,0.5055977103156163,0.003469153395606328,0.0025000000000000577,0.021163611403360927,0.38313944279560486,0.12099043488720868,0.11462588030489247,0.0,0.8515632869448954,0.6362050735215962,0.29056301533861595,0.2953225409632953,0.4140663636798367,happy,03,07,07,male,normal,794
0,0.0,True,1.0,0.4640753685573135,0.44537856061244274,0.45472696458487816,0.3859154112207734,-0.05638888888888888,-0.05217592592592596,0.44571832941190626,-0.0350781236410604,0.20975859763759308,1.1783073475776256,0.018696807944870775,0.004212962962962918,0.016411609439704024,0.7164460646223206,0.1308667313647098,0.10320695903355406,0.0,0.6307411516601819,0.5833051645580107,0.25544785936435604,0.29899903482511114,0.3470249320601703,happy,03,07,07,male,normal,795
10,0.33366666666666667,True,1.0,0.4490653969852196,0.44316364499438127,0.4461145209898004,0.41809777288057703,-0.05912037037037038,-0.055833333333333346,0.4514463897908551,-0.0406434335317594,0.2125229766989913,1.067010039102088,0.005901751990838311,0.0032870370370370328,0.013759862659494353,0.6567574606915916,0.12929512789030465,0.10516913841319969,0.0,0.6902279582044688,0.5877074118944453,0.2582833453258961,0.29645624664180004,0.34834337011673167,happy,03,07,07,male,normal,795
20,0.6673333333333333,True,1.0,0.2545952701341954,0.24933606169319777,0.2519656659136966,0.40124807278175206,-0.07194444444444448,-0.06842592592592595,0.45599633487264896,-0.017194125577362974,0.21250143611647077,0.6279548314509824,0.0052592084409976425,0.003518518518518532,0.010759200641940846,0.7076284412805716,0.12377068494869269,0.11161807791536421,0.0,0.7178282620200942,0.6329291134109893,0.29159026118658965,0.28460654094779697,0.38498602610256805,happy,03,07,07,male,normal,795
30,1.0010000000000001,True,1.0,0.4347037746334152,0.4181767543961924,0.42644026451480377,0.844419936856935,-0.06944444444444436,-0.0639351851851851,0.4272478178332658,0.10401928944829687,0.2146007543115472,0.5050097065472923,0.0165270202372228,0.005509259259259269,0.008817721937248408,0.3517281167216318,0.12198868789713037,0.11356292438619683,0.0,0.7351597039446732,0.6374845714926596,0.29068220080195406,0.30145898803405013,0.41942136931680224,happy,03,07,07,male,normal,795
40,1.3346666666666667,True,1.0,0.18460043192378475,0.19743640007726906,0.1910184160005269,0.8053358722840702,-0.09162037037037035,-0.08763888888888888,0.4142205223912528,0.15729216255548187,0.21809054105509593,0.23719099393743137,0.012835968153484312,0.003981481481481475,0.0010075399428078082,0.3606901568121745,0.12086919717193534,0.1147537142962757,0.0,0.9097111774645184,0.6326583161155088,0.2925471625682352,0.2968610558474277,0.3976809011581828,happy,03,07,07,male,normal,795
50,1.6683333333333334,True,1.0,0.19785674842159126,0.2147962729950112,0.20632651070830121,0.4752879605318681,-0.08023148148148146,-0.08004629629629628,0.4094961832328731,0.12844136358338099,0.21738954032473007,0.43410843076566213,0.016939524573419934,0.00018518518518517713,0.004407092309107872,0.625577939580953,0.12579950317604355,0.10932640472988513,0.0,0.7019548173330066,0.6340850995476316,0.2922087724550266,0.29109795774279856,0.38401924867458054,happy,03,07,07,male,normal,795
60,2.0020000000000002,True,1.0,0.3608573531883541,0.3228422350547251,0.3418497941215396,0.7873110199970368,-0.06689814814814815,-0.06388888888888888,0.4286002291770891,0.11684842839920652,0.20707749108711782,0.4341991734382509,0.03801511813362901,0.003009259259259267,0.0002891091906385572,0.3791609022550145,0.12174234363637715,0.11382697191730139,0.0,0.9632127621436519,0.6353266887301796,0.29475975500462004,0.3008251661575265,0.41239330009296105,happy,03,07,07,male,normal,795
70,2.3356666666666666,True,1.0,0.4096518500060645,0.42017916407854394,0.41491550704230423,0.9620489299400456,-0.0627314814814815,-0.058935185185185146,0.4213073295138679,0.19357657475612863,0.1954030075788308,0.4312831646392056,0.010527314072479421,0.003796296296296353,0.015787077027168923,0.3091500496935935,0.12616748782013748,0.1089015279404253,0.0,0.7360739201554257,0.5741036786120699,0.26738802761659686,0.31642322746736884,0.380837492648819,happy,03,07,07,male,normal,795
80,2.6693333333333333,True,1.0,0.4410230374041123,0.4197190696111318,0.43037105350762206,0.9038624919532229,-0.05939814814814809,-0.054537037037036995,0.4456975545429026,0.16051495830922266,0.19665351742298964,0.47614660121320185,0.021303967792980494,0.004861111111111094,0.0037505492217681183,0.34139190177543693,0.12835371858801034,0.10631604157169676,0.0,0.6350514814633333,0.5707527387439351,0.2673629399393223,0.3189405837094419,0.3808784901534804,happy,03,07,07,male,normal,795
90,3.003,True,1.0,0.4117166971488162,0.4253116270245537,0.41851416208668496,0.8709298073837508,-0.057592592592592584,-0.053888888888888875,0.4461142598295706,0.17299290694608693,0.19587228806931042,0.4805371897235783,0.013594929875737516,0.003703703703703709,0.009591125314610864,0.36241651739288816,0.12156039284603984,0.11402126407407759,0.0,0.7174147921459186,0.6424089715182948,0.2915694119108802,0.29726423213606956,0.4158370137528149,happy,03,07,07,male,normal,795
100,3.336666666666667,True,1.0,0.41171669714881515,0.4151858505444215,0.4134512738466183,0.8177475202340687,-0.055185185185185226,-0.05268518518518517,0.44451702753508604,0.14813774432622667,0.19725355397916722,0.5055977103156163,0.003469153395606328,0.0025000000000000577,0.021163611403360927,0.38313944279560486,0.12099043488720868,0.11462588030489247,0.0,0.8515632869448954,0.6362050735215962,0.29056301533861595,0.2953225409632953,0.4140663636798367,happy,03,07,07,male,normal,795
0,0.0,True,1.0,0.3515438497624764,0.34443828139258786,0.3479910655775321,0.8203248182069363,-0.0651388888888888,-0.06013888888888885,0.4333983136708174,0.11393052569807428,0.22442831033896338,0.4242113097811304,0.007105568369888515,0.004999999999999949,0.006278980755416553,0.3752456620888758,0.12261642539703611,0.11288485280605813,0.0,0.7989118109154418,0.6183162733452757,0.2911287793576126,0.30751078421831796,0.40168920140615255,happy,03,07,07,male,strong,796
10,0.33366666666666667,True,1.0,0.388790110703958,0.36674300908561,0.377766559894784,0.830586277841619,-0.06328703703703698,-0.05888888888888888,0.43768358396809487,0.09670922986028122,0.223015555910722,0.4548191680657873,0.022047101618348053,0.0043981481481480955,0.010490130107230542,0.3624057587378804,0.12283710209990942,0.11264468082376139,0.0,0.7632930841898055,0.6201138400047519,0.2910221592935524,0.3124195243111699,0.40516979799105535,happy,03,07,07,male,strong,796
20,0.6673333333333333,True,1.0,0.3898078867564821,0.37432056369172834,0.3820642252241052,0.7936520428609667,-0.07037037037037042,-0.06291666666666662,0.44548949487581996,0.07824738450741898,0.22641045611310814,0.4814001660561918,0.015487323064753755,0.007453703703703796,0.00692399415116325,0.3647086825540777,0.12302679226095886,0.11243747665319445,0.0,0.6773648388405328,0.6199003967758978,0.2914020730512578,0.31868910833377545,0.41513895673885126,happy,03,07,07,male,strong,796
30,1.0010000000000001,True,1.0,0.35142999140287795,0.3444382813925878,0.34793413639773285,0.9475141447112273,-0.08175925925925925,-0.07699074074074069,0.46776391610274576,0.09580838323353343,0.24028285810701766,0.3672073270249409,0.006991710010290142,0.004768518518518561,0.0018848714039404343,0.3161856639602428,0.117987780775282,0.11739017617462066,0.0,0.7616350970598339,0.6200692411808474,0.29322888589915536,0.33200978193126296,0.4254978956291983,happy,03,07,07,male,strong,796
40,1.3346666666666667,True,1.0,0.3312997303017971,0.31591270437876223,0.32360621734027967,0.8103352540972001,-0.08087962962962969,-0.07523148148148145,0.4410657575053831,0.1443019942673407,0.23201844233601907,0.39934856061620017,0.01538702592303487,0.005648148148148235,0.0160053806504445,0.3775572846958699,0.11928037823801213,0.1162405488183721,0.0,0.7071067807446058,0.6196046291954281,0.2928319366534296,0.31807736017772187,0.41328226987302125,happy,03,07,07,male,strong,796
50,1.6683333333333334,True,1.0,0.42103758590068263,0.4124127188388573,0.4167251523697699,1.466992450953274,-0.08296296296296296,-0.07851851851851854,0.36084359651343895,0.5046387650411284,0.2326441360312071,0.2840676869870568,0.008624867061825359,0.0044444444444444176,0.007647823142032469,0.21671714927320865,0.12185066480287873,0.11371100763422659,0.0,0.9999999987499999,0.6175488337991447,0.29032639464740234,0.31362902779104435,0.40086902342104763,happy,03,07,07,male,strong,796
60,2.0020000000000002,True,1.0,0.36110085044393697,0.3573739378091459,0.35923739412654143,1.015873015873017,-0.0706018518518518,-0.06481481481481483,0.4430959576054368,0.1545893719806767,0.23544907248385352,0.35362430984331383,0.0037269126347910797,0.0057870370370369795,0.01678697636294834,0.3240489130434778,0.12109055481160401,0.11452010873780834,0.0,0.8462626989659134,0.6170205931122449,0.28759741986533444,0.3267947673762677,0.4183363806015176,happy,03,07,07,male,strong,796
70,2.3356666666666666,True,1.0,0.38252079597952854,0.35737393780914634,0.36994736689433744,1.236203090507726,-0.07601851851851843,-0.07037037037037042,0.4157337334066625,0.3296541574687275,0.23680845515519697,0.29926099500559805,0.025146858170382203,0.005648148148148013,0.011270359536409286,0.2680264015492459,0.12083071404204966,0.11479423467247488,0.0,0.9078911193614321,0.6129356926755077,0.2893808030885297,0.32770089554841103,0.41224034260897885,happy,03,07,07,male,strong,796
80,2.6693333333333333,True,1.0,0.3570072099862917,0.31531506611158605,0.3361611380489389,0.9883735730974677,-0.08125000000000004,-0.07527777777777778,0.3892738464518425,0.30651314853497597,0.24378787015511172,0.3401154656487245,0.041692143874705656,0.005972222222222268,0.0015376850701167742,0.3285002752412696,0.12155725361308806,0.11402461078261422,0.0,0.7097732803271631,0.6102163147915417,0.2859235880166673,0.3314605092347607,0.4148204746648576,happy,03,07,07,male,strong,796
90,3.003,True,1.0,0.3194212198623444,0.31624065165171583,0.31783093575703014,1.0776036265348605,-0.0794907407407407,-0.07231481481481483,0.37375265028606036,0.2956560982875188,0.24047614835045034,0.2949423405144306,0.003180568210628565,0.007175925925925863,0.007500694914458284,0.2972017436274519,0.12040707424295265,0.1152385102391192,0.0,0.8203166821844874,0.6084770429265456,0.2876311317898474,0.3205558260298871,0.40251643283626676,happy,03,07,07,male,strong,796
100,3.336666666666667,True,1.0,0.3597736289185697,0.3398090609342768,0.3497913449264233,0.8911058901943819,-0.07537037037037042,-0.06787037037037036,0.4375555143753606,0.10149523996663325,0.24387516818292512,0.3925362280459411,0.019964567984292858,0.007500000000000062,0.0019436304525800316,0.3367227875244065,0.12178572074858965,0.11378056069353756,0.0,0.7071067807446058,0.616909218773447,0.28705194947747514,0.3281191375411625,0.41152206518530193,happy,03,07,07,male,strong,796
110,3.6703333333333332,True,1.0,0.3968251299644533,0.39311723760774375,0.3949711837860985,0.872608065587322,-0.07615740740740734,-0.06810185185185186,0.4471931237604625,0.08834522085987692,0.2425738188533026,0.4526329739116693,0.003707892356709541,0.008055555555555483,0.008391886633002445,0.350872930262667,0.12382816753483157,0.11155430379529573,0.0,0.7287609303277337,0.6194570482724341,0.28504085343239177,0.32770590590180204,0.4119404631667331,happy,03,07,07,male,strong,796
120,4.0040000000000004,True,1.0,0.39150264330162743,0.3613234327255242,0.37641303801357584,0.8758085377702158,-0.07490740740740737,-0.06648148148148147,0.4456379616121258,0.11081690376734205,0.23768496087258018,0.4297891853988007,0.030179210576103233,0.008425925925925892,0.007895652078274307,0.352404404036485,0.12012584606366239,0.11536661098193768,0.0,0.9999999987499999,0.6223375660733044,0.2856559491719166,0.32264209629246987,0.4164627169842262,happy,03,07,07,male,strong,796
0,0.0,True,1.0,0.39827641525053387,0.3846905301535478,0.39148347270204087,0.4166540678390342,-0.06884259259259262,-0.06101851851851847,0.4541284003804035,0.05481689831011685,0.21946669410762734,0.939588745004843,0.01358588509698605,0.00782407407407415,0.0028991552101929833,0.7123949219127463,0.12589121017372795,0.1092207900158781,0.0,0.6623837726705393,0.6229649430240847,0.287023323043849,0.31070170903936783,0.38648199319180676,happy,03,07,07,male,strong,797
10,0.33366666666666667,True,1.0,0.3819188504490529,0.3763468350841269,0.3791328427665899,0.41158251469364976,-0.06870370370370366,-0.061249999999999916,0.4597242073817576,0.04331972942676333,0.22015136512249264,0.9211587694603283,0.005572015364925964,0.00745370370370374,0.0019022400086762445,0.7271563140212887,0.124502366827324,0.11080134667401943,0.0,0.8488694855443712,0.622512438709859,0.2855776463733875,0.3106679694757171,0.3919484434095427,happy,03,07,07,male,strong,797
20,0.6673333333333333,True,1.0,0.3599680179375469,0.3465752487599242,0.35327163334873557,0.8679380960242206,-0.07444444444444448,-0.065462962962963,0.4474277894596108,0.09456087031365777,0.22647514546268796,0.40702399741061396,0.013392769177622721,0.00898148148148148,0.0007017097600920683,0.34820256405654637,0.12094487811799483,0.1146739474642536,0.0,0.8966633778990868,0.6215890252585409,0.2933384890004884,0.3243006057161149,0.4118663075298801,happy,03,07,07,male,strong,797
30,1.0010000000000001,True,1.0,0.38340183462881783,0.3698717686295099,0.37663680162916385,0.974415904553306,-0.0834259259259259,-0.0759259259259259,0.4637877840242137,0.11777753800351574,0.23958365177741517,0.3865257123464365,0.01353006599930795,0.007500000000000007,0.0013448394246050903,0.31541462195876363,0.12124367676764189,0.11435798447814019,0.0,0.6807232217407408,0.6170291269163917,0.2931360160417167,0.34079563238019916,0.42356181240159324,happy,03,07,07,male,strong,797
40,1.3346666666666667,True,1.0,0.30757800206140984,0.2912932013335503,0.29943560169748007,0.7934731089775566,-0.08430555555555558,-0.08027777777777778,0.4629080042704786,0.10579641453034054,0.23406722091393017,0.37737334549789964,0.01628480072785954,0.004027777777777797,0.0033345245384099804,0.3750000000000001,0.1224400696393271,0.11307611205215903,0.0,0.8111074992912336,0.6169285026041667,0.28848691836308493,0.34288972456933975,0.41688491873030753,happy,03,07,07,male,strong,797
50,1.6683333333333334,True,1.0,0.40639581235896033,0.37634683508412575,0.39137132372154304,0.9810010370656524,-0.08560185185185193,-0.08134259259259263,0.42435548183459215,0.28852339916413217,0.2361317903525984,0.39895097857613265,0.030048977274834576,0.004259259259259296,0.0031805261617273996,0.3383117953411066,0.12133572205402507,0.11426031823729123,0.0,0.9999999987499999,0.6181834016106441,0.29106285163583323,0.34053004956946925,0.420772293609018,happy,03,07,07,male,strong,797
60,2.0020000000000002,True,1.0,0.4219301816181377,0.42047152011501693,0.4212008508665773,1.0667399063397682,-0.08462962962962961,-0.0791203703703704,0.43955519712594004,0.24444444444444446,0.23541666666666672,0.39484868651048693,0.001458661503120795,0.005509259259259214,0.0004307325461884288,0.2989890947375932,0.12228424792801502,0.11324460463539159,0.0,0.6883407291727258,0.6167480413180898,0.2910558894620085,0.3458957373814727,0.42962743412342413,happy,03,07,07,male,strong,797
70,2.3356666666666666,True,1.0,0.4783210010759429,0.46567711126877526,0.47199905617235904,1.3546887159037209,-0.08430555555555558,-0.07828703703703699,0.3951306534695074,0.37284514065579344,0.24375281699093373,0.348418829086862,0.01264388980716763,0.00601851851851859,0.00019079321328912313,0.2427160870892512,0.12046716367839348,0.11517569294534276,0.0,0.6733297270480028,0.6259765188184648,0.3121535874273308,0.3198590902466346,0.4276366111529848,happy,03,07,07,male,strong,797
80,2.6693333333333333,True,1.0,0.5094345975854316,0.5047273602023923,0.5070809788939119,1.0366610307567878,-0.08074074074074061,-0.07430555555555557,0.36074825186985376,0.33657825673921654,0.24932055037141415,0.4891482980928977,0.004707237383039353,0.006435185185185044,0.00042604846141972204,0.3143917273841616,0.11933394728454405,0.11618555352406532,0.0,0.742822850287479,0.60640757076268,0.28622350049344547,0.32997752492500565,0.3888780480137152,happy,03,07,07,male,strong,797
90,3.003,True,1.0,0.5298829720540611,0.5185729979020216,0.5242279849780414,1.04216841309252,-0.07777777777777772,-0.0714351851851851,0.4005476560515486,0.2452107279693489,0.24933034241745394,0.5030165742813607,0.011309974152039493,0.006342592592592622,0.00367891170097742,0.3110226014935912,0.1217504365786074,0.11381831558667284,0.0,0.6937296781132137,0.5988795060914991,0.2889987565366066,0.34073180018965843,0.3998363120679714,happy,03,07,07,male,strong,797
100,3.336666666666667,True,1.0,0.47615435531639766,0.4743114948621696,0.4752329250892836,0.8385455944756867,-0.07574074074074078,-0.07115740740740745,0.4391692471221057,0.07267190765256464,0.2506956617631648,0.5667347467091878,0.0018428604542280458,0.004583333333333328,0.009015639781692052,0.36748966449852605,0.12052650002511742,0.11494797351022795,0.0,0.9999999987499999,0.60744965286896,0.2890133417645533,0.34097298566875844,0.4064331216900345,happy,03,07,07,male,strong,797
110,3.6703333333333332,True,1.0,0.558919161458278,0.526671783935317,0.5427954726967975,0.8277266125581032,-0.07462962962962971,-0.0669907407407408,0.4473802630049385,0.04966220002375155,0.2500109860867368,0.6557666075508661,0.03224737752296103,0.007638888888888917,0.010378761667784422,0.3527421561954423,0.12140862216476725,0.11418285437861027,0.0,0.6937553272391129,0.6133207080410289,0.2887951915310275,0.3367396391517612,0.40623832690025763,happy,03,07,07,male,strong,797
120,4.0040000000000004,True,1.0,0.5350849161287774,0.5040477115219189,0.5195663138253481,0.826991055071906,-0.07449074074074075,-0.06509259259259259,0.4466571691308365,0.04961388205651033,0.24795390044497534,0.6282611046865222,0.03103720460685855,0.009398148148148155,0.00499025755587001,0.345990139377394,0.12261547469121789,0.11288588546099075,0.0,0.6714908470667671,0.6137253544073881,0.28922912419833907,0.33889427269229194,0.4090547717488332,happy,03,07,07,male,strong,797
0,0.0,True,1.0,0.4037820938592463,0.3789536623377477,0.391367878098497,0.8175481339566403,-0.06611111111111112,-0.05990740740740741,0.4438563868627707,0.14218228416637266,0.21127042503467802,0.47870927942115965,0.024828431521498606,0.006203703703703711,0.008308582919158924,0.38315217391304374,0.12870384450808894,0.10589191744224849,0.0,0.8056921124391202,0.5886027210962509,0.26602984950102276,0.3172014329465181,0.38676299067175723,happy,03,07,07,male,strong,798
10,0.33366666666666667,True,1.0,0.42030650292021016,0.3964293735510774,0.40836793823564377,0.8227666697656846,-0.06962962962962965,-0.06124999999999997,0.4397853115005195,0.14904698033324848,0.21116314520014592,0.49633505250272564,0.023877129369132777,0.008379629629629681,0.0038690092199342896,0.36712179221188773,0.12223186699874146,0.11330114059486678,0.0,0.7645803389732132,0.6203658400078781,0.2965763056911283,0.3140290788958799,0.4177569498227379,happy,03,07,07,male,strong,798
20,0.6673333333333333,True,1.0,0.40232721161446466,0.38749583004366983,0.3949115208290672,0.768112533408574,-0.06828703703703715,-0.060740740740740706,0.4572714207800072,0.07450787750190707,0.21672616777389866,0.5141323746881319,0.014831381570794833,0.00754629629629644,0.0008675100479797325,0.39481607476699976,0.12173304446486101,0.11383691692597737,0.0,0.9500339103711782,0.6223651678640207,0.2953810590007277,0.3214999412584091,0.4122987047383814,happy,03,07,07,male,strong,798
30,1.0010000000000001,True,1.0,0.4084137170675891,0.3639031312404544,0.3861584241540218,0.8946621000743701,-0.07180555555555568,-0.06374999999999997,0.45268701667350797,0.09875876551893867,0.21875558028596664,0.4316248828713341,0.044510585827134685,0.008055555555555705,0.0009584295225767049,0.34358051770602044,0.1219481925436904,0.11360640873305836,0.0,0.8524109662760109,0.6195671455457183,0.29582012683650033,0.32464128642825113,0.4295886462010226,happy,03,07,07,male,strong,798
40,1.3346666666666667,True,1.0,0.4421696125315196,0.40360744982740077,0.4228885311794602,0.9065527432483583,-0.07291666666666669,-0.0665277777777778,0.44073448223641526,0.1312079875564815,0.21952265594448672,0.4664797876670327,0.03856216270411883,0.006388888888888888,0.0017422781653048658,0.3478523146520792,0.12027783200110848,0.11537339770932405,0.0,0.7297025221970835,0.6231803935871224,0.2978945686874433,0.32251537199296626,0.42738648370691124,happy,03,07,07,male,strong,798
50,1.6683333333333334,True,1.0,0.3764534579018728,0.3389419105602978,0.3576976842310853,0.9461308160246985,-0.06958333333333339,-0.06319444444444439,0.4570882781388181,0.13267659191789316,0.21745094877571078,0.37806366537557917,0.03751154734157497,0.006388888888888999,0.0009512802723374562,0.3294630457462157,0.11964244944569233,0.11603215959590386,0.0,0.6891130748503803,0.6239467147405838,0.29825733994874304,0.32283757943372343,0.429328181102928,happy,03,07,07,male,strong,798
60,2.0020000000000002,True,1.0,0.3921132349203629,0.3717511920086454,0.3819322134645041,0.5323093081077186,-0.06898148148148148,-0.061111111111111116,0.419999748527202,0.14573828832039798,0.21736988595645532,0.7175005352099084,0.02036204291171745,0.007870370370370361,0.003356865435694536,0.5935457041703918,0.12291681593067982,0.11255769245898661,0.0,0.8574415135022578,0.6218659740146059,0.29399214688871217,0.30609586131144395,0.4017575098140903,happy,03,07,07,male,strong,798
70,2.3356666666666666,True,1.0,0.3758097535880258,0.35574159505023295,0.3657756743191294,0.852402041476719,-0.06930555555555545,-0.06199074074074079,0.4455045819374607,0.1302241156060714,0.21738954032473,0.4291116826579298,0.02006815853779287,0.007314814814814663,0.0010542238523675608,0.3752456620888759,0.1226053627811097,0.11289686792624305,0.0,0.6978694456421951,0.6187833061896635,0.29780384545399674,0.32017056303088093,0.41460824674170565,happy,03,07,07,male,strong,798
80,2.6693333333333333,True,1.0,0.3765116125372932,0.38277625343037935,0.37964393298383625,0.7853766312583558,-0.055416666666666725,-0.05180555555555555,0.40736113772234617,0.1351647959205844,0.2062514796348441,0.4833909208319052,0.006264640893086149,0.003611111111111176,0.0011751459345105864,0.4152121041169008,0.12231200676966746,0.11321462259839213,0.0,0.8599543266585111,0.6190986912733843,0.29202801487464913,0.3073998979028515,0.4132998319127858,happy,03,07,07,male,strong,798
90,3.003,True,1.0,0.34468606424321857,0.3276876195950329,0.33618684191912573,0.923956745838502,-0.057453703703703674,-0.05101851851851852,0.44928376568053774,0.14805459258180095,0.2069813080340402,0.36385560626437347,0.016998444648185673,0.006435185185185155,0.0009657313998520144,0.3463551582768619,0.12312324277410759,0.1123318514890203,0.0,0.6949111308052409,0.619775549469788,0.2931870966801217,0.31781201999391523,0.42240667197064474,happy,03,07,07,male,strong,798
100,3.336666666666667,True,1.0,0.3927539400490988,0.38458928633125417,0.3886716131901765,1.011899875456848,-0.07074074074074077,-0.0639351851851852,0.4470179515475069,0.15884135025367258,0.2201444339688937,0.38410086078397904,0.008164653717844639,0.006805555555555565,0.005682588591663787,0.30762604506643937,0.12204763229432045,0.11349957366166079,0.0,0.7867462189468819,0.6176221661789716,0.29366424818923703,0.32027721488258265,0.42604899190641105,happy,03,07,07,male,strong,798
110,3.6703333333333332,True,1.0,0.39358056402388325,0.3602111303900657,0.37689584720697444,1.0067932742082746,-0.07050925925925927,-0.06500000000000006,0.4453603312660596,0.18358769480143203,0.22087513270143552,0.37435276621544683,0.03336943363381756,0.005509259259259214,0.0035284631627772803,0.31785788914563895,0.1204777101587345,0.11516466091977746,0.0,0.9503562251722665,0.6187215238204656,0.29478336378710823,0.31780469587681676,0.42477658333403756,happy,03,07,07,male,strong,798
120,4.0040000000000004,True,1.0,0.3933976443629467,0.37466155291124603,0.3840295986370964,1.0845224752418956,-0.06814814814814812,-0.06259259259259259,0.44000410130808,0.178767440973939,0.2174035780713427,0.35410017533425586,0.018736091451700687,0.005555555555555536,0.003392535399233446,0.2845529281465878,0.12364647619963182,0.11175565620394894,0.0,0.7738645328054039,0.6157378183929821,0.2948906959527887,0.3212420211096033,0.4244242926678533,happy,03,07,07,male,strong,798
0,0.0,True,1.0,0.4059894856831446,0.3915360449021241,0.3987627652926343,0.8747506278791176,-0.0697222222222223,-0.06060185185185191,0.4521061812055784,0.125695698953868,0.22241988821682002,0.45585879287615627,0.014453440781020455,0.00912037037037039,0.015302987003219153,0.3549598937701858,0.12432813610045476,0.11099681231484217,0.0,0.7713154090887475,0.624892550395158,0.28805330805403107,0.3248921010032424,0.41778403389880875,happy,03,07,07,male,strong,799
10,0.33366666666666667,True,1.0,0.41812071780974364,0.40800593525470275,0.4130633265322232,0.850538581117772,-0.07018518518518518,-0.061712962962963025,0.4607780224375361,0.11302048544200612,0.22587319727499106,0.4856491353859318,0.010114782555040891,0.008472222222222159,0.0009406430348790836,0.3497299313972869,0.12209950717051844,0.11344376632859966,0.0,0.7003878555307287,0.6241392244944853,0.29028298858424784,0.31919257278031954,0.41486501158649775,happy,03,07,07,male,strong,799
20,0.6673333333333333,True,1.0,0.40972760303121875,0.39947940098336493,0.40460350200729184,0.8043986317015791,-0.06824074074074088,-0.060787037037037084,0.46209381835989716,0.08043081521236527,0.22648626208389835,0.5029887994108302,0.010248202047853816,0.007453703703703796,0.006276900699549764,0.36842478245435345,0.12527311903067906,0.10992917455773586,0.0,0.6656879959917213,0.6200184443699355,0.29050965752721575,0.3239053877951367,0.4155100073030273,happy,03,07,07,male,strong,799
30,1.0010000000000001,True,1.0,0.24904090662310774,0.20268697302770133,0.22586393982540454,0.8551872590856351,-0.08078703703703705,-0.07245370370370374,0.4602244149075026,0.09618716996479684,0.22434670799423834,0.264110506121078,0.046353933595406405,0.008333333333333304,0.0059574335357731635,0.34536026382764523,0.12069447536884632,0.11493746728250252,0.0,0.689515939982683,0.6264865619841686,0.28699039959107986,0.31898818891571945,0.4166455647028031,happy,03,07,07,male,strong,799
40,1.3346666666666667,True,1.0,0.15636125632308015,0.15662473799162688,0.15649299715735351,0.9384317189035821,-0.09513888888888894,-0.09222222222222226,0.4460055994713543,0.17663050084630785,0.2319918058141106,0.16676013182950838,0.00026348166854672783,0.0029166666666666785,0.0013607820666402446,0.3250887877776858,0.12013741737071947,0.11502376656431403,0.0,0.8370987560927161,0.6261191677452231,0.2899004986948298,0.3323381058123613,0.41918129046848557,happy,03,07,07,male,strong,799
50,1.6683333333333334,True,1.0,0.1379310344827588,0.14035159566249764,0.13914131507262822,1.031735969937541,-0.09486111111111117,-0.09287037037037044,0.4676315551116186,0.15953607006424977,0.23197733531038,0.13486135903650964,0.0024205611797388227,0.0019907407407407374,0.008764380091297928,0.2959071496544538,0.12474407589741446,0.11052915135376337,0.0,0.7542616124187491,0.6225201310680523,0.2889536009975595,0.33808773756563937,0.4233115128192632,happy,03,07,07,male,strong,799
60,2.0020000000000002,True,1.0,0.36813337270097424,0.37604508621732385,0.372089229459149,0.8113048369868446,-0.07657407407407402,-0.07324074074074072,0.4138981614891237,0.2922983600123547,0.22781830300515443,0.45863060651909127,0.007911713516349617,0.0033333333333332993,0.0024874914086172035,0.37252027537240584,0.1227793499626556,0.11270762615230533,0.0,0.7045847919627614,0.6249321171515482,0.2844314369002703,0.3132029297938385,0.4118065945015361,happy,03,07,07,male,strong,799
70,2.3356666666666666,True,1.0,0.3461140677135739,0.36191659615545424,0.35401533193451407,0.8166908826781224,-0.08490740740740738,-0.08027777777777778,0.446092802283334,0.18209473342042323,0.23825721519139775,0.43347530803039475,0.015802528441880348,0.004629629629629595,0.0018064794820438347,0.387893170884183,0.1221623304659477,0.11320794511700069,0.0,0.7071067807446058,0.6188882920590111,0.2908673346510076,0.32996753264157996,0.4172361363293464,happy,03,07,07,male,strong,799
80,2.6693333333333333,True,1.0,0.35290922801973207,0.3514299914028775,0.3521696097113048,0.962988002701514,-0.08254629629629623,-0.0775925925925926,0.3977852584236072,0.2098765432098767,0.23544291572180526,0.36570508534202645,0.0014792366168545623,0.004953703703703627,0.0031644589227071713,0.3247639319584887,0.12386272220805655,0.11134495888814974,0.0,0.7437011740141694,0.6215896310555473,0.28793631377575285,0.3294124755040923,0.4242717040813546,happy,03,07,07,male,strong,799
90,3.003,True,1.0,0.3730505259587863,0.38067958737119306,0.3768650566649897,0.985095442424852,-0.08134259259259263,-0.07726851851851851,0.4349309278236678,0.16417914219012153,0.23613728297171552,0.3825670492772977,0.007629061412406768,0.004074074074074119,0.005103858533519834,0.3234733788066829,0.12284396298932247,0.11263719868348862,0.0,0.7197422513083868,0.6243187816142082,0.28822293683529976,0.33079167451758257,0.4242098554231671,happy,03,07,07,male,strong,799
100,3.336666666666667,True,1.0,0.4134849126372368,0.38183364247862983,0.3976592775579333,0.9279643592558272,-0.08000000000000007,-0.0761574074074074,0.4428757500138703,0.12857337507761424,0.23753212159424358,0.4285286105996922,0.03165127015860697,0.003842592592592675,0.011070709099544484,0.33229680269604644,0.12273214481720227,0.11275902801418518,0.0,0.7071067807446058,0.6257188935886855,0.286850943885528,0.3255302243596459,0.42488669635181364,happy,03,07,07,male,strong,799
110,3.6703333333333332,True,1.0,0.40388366444704904,0.4153048044200428,0.4095942344335459,1.0026091079397452,-0.07745370370370364,-0.07402777777777775,0.4395011473986545,0.15950273597730272,0.2354247685391451,0.40852833989830634,0.011421139972993766,0.003425925925925888,0.008067393149165008,0.3068119139840149,0.124400496753379,0.1109157075342674,0.0,0.6957382705203021,0.6226942248227417,0.28858368804390033,0.3258984022715817,0.42443130298207365,happy,03,07,07,male,strong,799
0,0.0,True,1.0,0.45739116197958507,0.46441937068133465,0.46090526633045986,0.8318092272922056,-0.0584722222222222,-0.059675925925925855,0.3451663776724329,0.4653128807150023,0.18824349140015098,0.5540997276873785,0.007028208701749583,0.0012037037037036513,0.048031488076006566,0.36478636107423756,0.12584455199386474,0.10927454645905327,0.0,0.8899318457668531,0.6253575110044017,0.2853558929337371,0.2830593187889302,0.38235608388724956,sad,04,07,07,male,normal,800
10,0.33366666666666667,True,1.0,0.4502185773961657,0.4619498537652723,0.456084215580719,0.8349097370784243,-0.057499999999999996,-0.0587037037037037,0.3385993708477379,0.46059080317387685,0.19107446757872656,0.5462676925731893,0.011731276369106591,0.0012037037037037068,0.04924203929815262,0.37801337618235636,0.12552544632790802,0.1096409599311302,0.0,0.8151552705461264,0.6231580213100866,0.28671553233505476,0.28434419112933146,0.3795395915138714,sad,04,07,07,male,normal,800
20,0.6673333333333333,True,1.0,0.4496943418177606,0.436648597260054,0.4431714695389073,0.9918514086516277,-0.06064814814814806,-0.060185185185185175,0.33495077445185334,0.5100827113383687,0.19038039609174412,0.4468123608770962,0.013045744557706573,0.0004629629629628873,0.036740005307063645,0.30768870221492656,0.12437545564048705,0.11094378668695652,0.0,0.7392599806500214,0.6258325540606868,0.2878195512219152,0.28524183400963926,0.38013617764512375,sad,04,07,07,male,normal,800
30,1.0010000000000001,True,1.0,0.5360939784459314,0.5089651768719391,0.5225295776589353,1.0632590040811427,-0.05837962962962956,-0.05888888888888899,0.34632119203934913,0.509356407519354,0.19316973218197206,0.4914414791253048,0.027128801573992334,0.0005092592592594314,0.04527915818854438,0.2859927104313332,0.12489353574982183,0.11036023966164525,0.0,0.8161484501313611,0.6281547077033939,0.28903753789904785,0.2893887601502107,0.38519241395848747,sad,04,07,07,male,normal,800
40,1.3346666666666667,True,1.0,0.4698077156762686,0.45520034817768484,0.46250403192697676,0.8439760408448628,-0.061064814814814794,-0.06138888888888888,0.35248381159153214,0.4415185921974863,0.19534560386896538,0.5480061157470617,0.014607367498583768,0.0003240740740740877,0.05231993400546087,0.3703372747769115,0.12349090856080008,0.11192753581213928,0.0,0.8314662422667658,0.6293801362576281,0.28763831996083855,0.28373180088574557,0.3796084860391439,sad,04,07,07,male,normal,800
50,1.6683333333333334,True,1.0,0.4804991765922697,0.45995319879765956,0.4702261876949646,1.115031360384327,-0.059074074074074,-0.05902777777777779,0.3398530792859105,0.5423261445466399,0.19389210073779597,0.42171566146165423,0.02054597779461015,4.6296296296211015e-05,0.04397668103889491,0.28204768778332295,0.12626759496560183,0.10878544126940945,0.0,0.7071067807446058,0.6257210608540291,0.2866673845099695,0.29430930433168506,0.3884905011705519,sad,04,07,07,male,normal,800
60,2.0020000000000002,True,1.0,0.48369146962494336,0.45789064869452206,0.47079105915973274,1.1391296562236881,-0.05578703703703697,-0.05675925925925923,0.3488731047014451,0.511345895612845,0.19394049355166268,0.41329014356490834,0.025800820930421298,0.0009722222222222632,0.040144201152073636,0.2835900601195375,0.12319402675675649,0.1122542183691493,0.0,0.8024863885609068,0.6240082058292068,0.290140572426829,0.289660559953048,0.3806199875859018,sad,04,07,07,male,normal,800
70,2.3356666666666666,True,1.0,0.47063319796711617,0.4532812006075958,0.461957199287356,0.9276796964242352,-0.0539351851851852,-0.05412037037037043,0.3284331609857215,0.5086854476795334,0.19318355521996874,0.4979705830234096,0.017351997359520366,0.00018518518518523264,0.04433846155869893,0.32883707221568137,0.12419769739690112,0.11114274484473503,0.0,0.7071067807446058,0.6200323588497899,0.28878767512786824,0.28445770756352473,0.37368978179713064,sad,04,07,07,male,normal,800
80,2.6693333333333333,True,1.0,0.4930659265416153,0.48313093318373374,0.4880984298626745,0.9498232536838803,-0.05152777777777784,-0.05319444444444443,0.339313276432934,0.45919982754498545,0.19534560386896543,0.5138834282795135,0.00993499335788156,0.0016666666666665941,0.04553834213379292,0.34224527924317993,0.1260336523771039,0.10905639017967111,0.0,0.807596885355453,0.6214838200905363,0.2878387603351355,0.289699397064137,0.3712808713224959,sad,04,07,07,male,normal,800
90,3.003,True,1.0,0.5059905428291515,0.46819467125798164,0.48709260704356655,0.8722375473142103,-0.05162037037037037,-0.05462962962962964,0.34127012397784107,0.4351826926836162,0.1932467336591403,0.558440310834382,0.037795871571169815,0.003009259259259267,0.049097017589401194,0.36165621651092567,0.12560748492037088,0.10954696482584943,0.0,0.781821553518018,0.6217588910173444,0.28850579812671484,0.2856577364922851,0.3690891699479568,sad,04,07,07,male,normal,800
100,3.336666666666667,True,1.0,0.4754952426363001,0.4590025101417017,0.4672488763890009,0.797447418718572,-0.05023148148148149,-0.05356481481481479,0.3425551858588392,0.41216786985544623,0.19260883806186538,0.5859306399659915,0.016492732494598428,0.0033333333333332993,0.04998378407666681,0.39437335881988667,0.12425612568548354,0.11107741894685838,0.0,0.7957864046660461,0.6217727489902212,0.2890516727008599,0.28400353820547386,0.3686161534109492,sad,04,07,07,male,normal,800
0,0.0,True,1.0,0.6367125967264652,0.5694564875576813,0.6030845421420732,0.9398838180434955,-0.0439814814814814,-0.04583333333333334,0.3289797882461296,0.3626191661074297,0.2009922608886079,0.641658607760139,0.06725610916878388,0.0018518518518519378,0.05392058456570414,0.3584713426063949,0.1227099836210313,0.11261409211284605,0.0,0.687001103499229,0.6173913608021333,0.2852786733867443,0.28121703761367284,0.3669614421758165,sad,04,07,07,male,normal,801
10,0.33366666666666667,True,1.0,0.6114081073970181,0.5636507596792997,0.5875294335381589,0.9142335672978975,-0.04513888888888895,-0.04606481481481478,0.3308959043239078,0.38087020846783337,0.20027789836191512,0.6426469717959021,0.047757347717718446,0.0009259259259258301,0.05847554050305469,0.34624241828333524,0.1238923488760409,0.11131199267158787,0.0,0.9999999987499999,0.6204361079275461,0.285799068053838,0.2875457156286227,0.36330453919925415,sad,04,07,07,male,normal,801
20,0.6673333333333333,True,1.0,0.6057942503586636,0.5781565702202157,0.5919754102894397,0.9361367201938569,-0.0444444444444444,-0.046666666666666745,0.33315441551743746,0.3689544539632019,0.19893390830324967,0.6323599934920322,0.027637680138447918,0.0022222222222223476,0.0512195836513892,0.340932186948608,0.1237976520485125,0.11124617396785265,0.0,0.7333586846486702,0.6229764822100716,0.28490610047077114,0.28135403328720304,0.3686272236575821,sad,04,07,07,male,normal,801
30,1.0010000000000001,True,1.0,0.3293244987239984,0.28317605697742737,0.3062502778507129,0.8606026997217662,-0.05384259259259261,-0.05699074074074073,0.3609391652827245,0.28339019196727433,0.1968539912074104,0.3558555858001886,0.04614844174657101,0.003148148148148122,0.04869012227249072,0.3740485973769628,0.1235405933207541,0.11187269359533858,0.0,0.7726552767970739,0.6258126496457959,0.28348141155115153,0.2830348667162655,0.3698863135705757,sad,04,07,07,male,normal,801
40,1.3346666666666667,True,1.0,0.5803081674916241,0.5346419654583231,0.5574750664749736,0.796883769247691,-0.04629629629629628,-0.04791666666666666,0.3639055571084883,0.31452991452991336,0.19685399120741046,0.6995688555700733,0.04566620203330096,0.0016203703703703831,0.0607801922529405,0.395538362390788,0.1217278885488573,0.11384243022464755,0.0,0.7705629376141317,0.6302951501616272,0.28390957201804995,0.2780860067844732,0.36757757897355403,sad,04,07,07,male,normal,801
50,1.6683333333333334,True,1.0,0.5645009094746933,0.5288162177040177,0.5466585635893555,0.8526141363856954,-0.04652777777777778,-0.04805555555555552,0.37116693959336566,0.32351841063782,0.19397668191048123,0.6411558760996952,0.03568469177067568,0.001527777777777739,0.052861836828782385,0.3767585338972753,0.1246519142937856,0.11063307838653973,0.0,0.9999999987499999,0.6306654683982968,0.28234718264617753,0.2851962183309649,0.36963347631887616,sad,04,07,07,male,normal,801
60,2.0020000000000002,True,1.0,0.5611362024120845,0.5257836346735901,0.5434599185428373,1.079768214825562,-0.045416666666666605,-0.04638888888888898,0.3437151778697704,0.4216808965021359,0.19950795339897917,0.5033116469636346,0.03535256773849438,0.0009722222222223742,0.05189980697465784,0.3029978753997007,0.12340433378845728,0.11202298055478255,0.0,0.7885317258681813,0.6234995885385404,0.2862083234856549,0.2926353291813858,0.3679484589729826,sad,04,07,07,male,normal,801
70,2.3356666666666666,True,1.0,0.5953219443545457,0.535664364315816,0.5654931543351809,0.8175343844562889,-0.04574074074074075,-0.04754629629629631,0.3379074972018551,0.36296156265099355,0.19817708333333328,0.6917056518806471,0.059657580038729674,0.0018055555555555602,0.05422014653657946,0.4040895558926408,0.12227275122528901,0.11325701778647768,0.0,0.7878800486563217,0.625997669403699,0.2847131372117755,0.28158278181898894,0.36608962521606553,sad,04,07,07,male,normal,801
80,2.6693333333333333,True,1.0,0.5801704171394779,0.5121382016149038,0.5461543093771908,0.8141663550331874,-0.04435185185185192,-0.045370370370370394,0.34419031605415196,0.35475113122171936,0.19883225111080474,0.6708141475029734,0.06803221552457417,0.0010185185185184742,0.062083899519959386,0.4099152019874993,0.12456161883669319,0.11073473205447405,0.0,0.6941314331215949,0.6207141432510505,0.28441884640500753,0.2916018928824982,0.36425402682447655,sad,04,07,07,male,normal,801
90,3.003,True,1.0,0.582761347618487,0.5195724945395076,0.5511669210789973,0.7632327982223691,-0.043842592592592655,-0.04481481481481486,0.3403214033343191,0.33632672718457757,0.2008954430170203,0.7221478457984375,0.06318885307897937,0.0009722222222222077,0.06391233549401049,0.4272338176840971,0.12501726688283282,0.11022005603094685,0.0,0.8207749880083989,0.6191593715376776,0.2834600362196708,0.2880393269148149,0.36272812214104116,sad,04,07,07,male,normal,801
100,3.336666666666667,True,1.0,0.6007206710229444,0.4998942749153471,0.5503074729691457,0.7099719731883973,-0.04263888888888889,-0.04583333333333339,0.3349572927497429,0.2948313400765892,0.20023827663970906,0.7751115448935008,0.10082639610759725,0.0031944444444444997,0.06878656606110778,0.4745059583384658,0.12261777418649443,0.11288338772165693,0.0,0.9999999987499999,0.6255218957739346,0.2837155507668428,0.28064758044595767,0.3641019243566533,sad,04,07,07,male,normal,801
0,0.0,True,1.0,0.6179145455820573,0.5924450286131289,0.605179787097593,0.8649454884055661,-0.04986111111111102,-0.0493055555555556,0.32756759090752585,0.34745263558659806,0.2118059157627288,0.6996739045522705,0.025469516968928407,0.0005555555555554204,0.01586113848124545,0.35194471094579194,0.1241625197539316,0.11118204197945128,0.0,0.6798095512900239,0.6245889596698054,0.2872230092407866,0.28822941562117144,0.3641167104974562,sad,04,07,07,male,normal,802
10,0.33366666666666667,True,1.0,0.6403819003471827,0.6072219417478572,0.6238019210475199,0.8477573326549153,-0.05064814814814811,-0.0499074074074074,0.32927974604246696,0.3467916816751272,0.21180879739806174,0.7358260400932942,0.03315995859932552,0.0007407407407407085,0.013518661812556438,0.35839726529645277,0.12340732773666897,0.11201968233851632,0.0,0.7341514528133657,0.6264329117350065,0.2854138338678722,0.28860833586011764,0.36634287967749785,sad,04,07,07,male,normal,802
20,0.6673333333333333,True,1.0,0.6451968458338525,0.5963317804209356,0.6207643131273941,0.8114490792062855,-0.0498148148148147,-0.04796296296296293,0.3313515202584467,0.329154202206646,0.20972222222222225,0.7650071076974927,0.04886506541291691,0.0018518518518517713,0.01679510931353194,0.3825195197709057,0.12470948466212213,0.1105681789929524,0.0,0.6977714435779274,0.6267349612892031,0.2851810978947565,0.2885725106164952,0.36839161727872094,sad,04,07,07,male,normal,802
30,1.0010000000000001,True,1.0,0.619371384767832,0.6224566024683101,0.6209139936180711,0.894025421540875,-0.05124999999999991,-0.049120370370370425,0.34050823632953864,0.35009842143993597,0.21111147250317436,0.6945149194392151,0.0030852177004780934,0.0021296296296294814,0.016202089178985312,0.3378518892403344,0.1224818052567344,0.11303090352306627,0.0,0.683899617941099,0.6269696122745974,0.2843243414742268,0.28727226169096287,0.3669224363766442,sad,04,07,07,male,normal,802
40,1.3346666666666667,True,1.0,0.6051553201535603,0.5692089574475867,0.5871821388005736,0.8247550085697807,-0.05125000000000002,-0.04879629629629634,0.36471078291777453,0.2935035161744543,0.21180879739806174,0.7119473452108093,0.03594636270597362,0.00245370370370368,0.01859830666432643,0.37329620272112457,0.12318283422638042,0.11226650044520711,0.0,0.678382228789858,0.6282677508581558,0.2848296601356201,0.29120053333930496,0.3712318826031422,sad,04,07,07,male,normal,802
50,1.6683333333333334,True,1.0,0.4372049152449311,0.40160088247480785,0.4194028988598695,0.9082093861127705,-0.057499999999999885,-0.05412037037037043,0.3647659544838835,0.286263815063539,0.21458902197152224,0.4617909760379784,0.03560403277012325,0.003379629629629455,0.020176005006263032,0.3549284990625817,0.12490963495484765,0.11034201768094315,0.0,0.7413802034521432,0.6283051157494248,0.2850360826881426,0.29966668216831627,0.379765172803064,sad,04,07,07,male,normal,802
60,2.0020000000000002,True,1.0,0.5600526905311112,0.5715956866833816,0.5658241886072464,1.0255282317958598,-0.05310185185185168,-0.051064814814814785,0.3431745138604011,0.3640279857271455,0.21319587588304287,0.551739260865008,0.01154299615227039,0.002037037037036893,0.017042063172839496,0.32727480620009997,0.12290079961944324,0.1125751803155726,0.0,0.7555539795923376,0.628584163524785,0.28655261137764093,0.29470655099907933,0.3759537276353822,sad,04,07,07,male,normal,802
70,2.3356666666666666,True,1.0,0.5910488367968216,0.5476423414285442,0.5693455891126828,0.789350011576075,-0.052083333333333204,-0.04981481481481481,0.33688984788519394,0.3263467771347328,0.21250035903002762,0.7212840701375111,0.043406495368277453,0.002268518518518392,0.01947631396400916,0.4006786768886388,0.12283588121600666,0.11264601216203114,0.0,0.723955985419783,0.6262036306241245,0.2875587665764314,0.2918738026238144,0.37399325951717155,sad,04,07,07,male,normal,802
80,2.6693333333333333,True,1.0,0.5994175410717522,0.5636216440999627,0.5815195925858574,0.8723084225206517,-0.05175925925925923,-0.04856481481481484,0.33215860301709066,0.3518299496045348,0.21180879739806174,0.6666444775409583,0.03579589697178942,0.0031944444444443887,0.018849532265209336,0.37524574827069646,0.1241197333270879,0.11122980521900237,0.0,0.7034531339767804,0.6257286021830608,0.28746568038872905,0.2914665574984882,0.3715140875380649,sad,04,07,07,male,normal,802
90,3.003,True,1.0,0.5837000295730547,0.553022204704003,0.5683611171385288,0.7821917592673864,-0.05069444444444432,-0.04893518518518514,0.3379820313345367,0.31581123343326667,0.21180879739806174,0.7266263168904581,0.030677824869051684,0.0017592592592591827,0.018935963155371282,0.42221428214859086,0.12282227317097863,0.1126608493802098,0.0,0.7870315765481116,0.6257179304534313,0.28819973423270834,0.28627535784107283,0.3685623422007963,sad,04,07,07,male,normal,802
100,3.336666666666667,True,1.0,0.6045129030868496,0.5791907726967915,0.5918518378918205,0.7897615315396735,-0.050787037037036964,-0.04907407407407405,0.339961898518001,0.3203028111046224,0.21112412083566012,0.7494057563654439,0.02532213039005804,0.0017129629629629162,0.021661976651486944,0.4049722374529338,0.12410735676442211,0.1112436145007086,0.0,0.9146867206049004,0.6245595122971064,0.2876121943660548,0.288111134186055,0.36846259336574,sad,04,07,07,male,normal,802
0,0.0,True,1.0,0.5233831548600975,0.5518588033376228,0.5376209790988602,0.5035046855409815,-0.0522685185185186,-0.04648148148148151,0.3721697521329016,0.20391155317416002,0.19725355397916716,1.0677576486129878,0.028475648477525373,0.0057870370370370905,0.027644793777595097,0.5645044157089628,0.12729265559822078,0.10758418843628438,0.0,0.8867746879791177,0.6245102210415417,0.2882224114992443,0.28554953902449015,0.3764363464283202,sad,04,07,07,male,normal,803
10,0.33366666666666667,True,1.0,0.5243462154876181,0.5768545766124749,0.5506003960500465,0.5946229577442776,-0.05476851851851844,-0.04824074074074075,0.3676364460335409,0.22809122457153685,0.19793555454007006,0.9259655868968931,0.052508361124856795,0.006527777777777688,0.027482284432112012,0.4730596539684039,0.12761326734922634,0.1072036928805619,0.0,0.7009848819198857,0.6254734082304797,0.28775099535268595,0.28441331728905317,0.3761554959173695,sad,04,07,07,male,normal,803
20,0.6673333333333333,True,1.0,0.514005756143159,0.5399778895373554,0.5269918228402573,0.9313766600826947,-0.05601851851851852,-0.04861111111111116,0.3420361064882291,0.36197125902502786,0.19793054364727783,0.5658203017385758,0.02597213339419635,0.007407407407407363,0.02505092552912407,0.3227866788954335,0.12547365051083026,0.10970023153082936,0.0,0.6850584275395263,0.6243079558229543,0.2896792743004866,0.28690038067843565,0.3764171335999396,sad,04,07,07,male,normal,803
30,1.0010000000000001,True,1.0,0.5243462154876168,0.5771350786398419,0.5507406470637294,0.9659500421954588,-0.05587962962962956,-0.049490740740740724,0.3331270747540759,0.4072585737261565,0.19793555454007014,0.570154379632283,0.052788863152225085,0.006388888888888833,0.03110727450123183,0.3090095118283812,0.12502622630917568,0.1102098929556745,0.0,0.6878816340948737,0.6224658095347514,0.2877032082094983,0.283247869352956,0.3746903765856461,sad,04,07,07,male,normal,803
40,1.3346666666666667,True,1.0,0.5304228592927192,0.5705586478530481,0.5504907535728836,0.7675071070782602,-0.055416666666666614,-0.04814814814814822,0.3485614035725199,0.3184264923835579,0.1958430727437406,0.7172451544696273,0.040135788560328955,0.0072685185185183965,0.03044399316618624,0.4048582965580006,0.12675897671137754,0.1082124742981944,0.0,0.8611280877832819,0.6245372459608843,0.2880938938885461,0.28626619061380254,0.37983764929057,sad,04,07,07,male,normal,803
50,1.6683333333333334,True,1.0,0.5085757577296314,0.5397059973300172,0.5241408775298243,0.7604631164877843,-0.056944444444444464,-0.048842592592592604,0.3673704053543662,0.2833860668919078,0.19862493957419503,0.6892390520536755,0.031130239600385856,0.00810185185185186,0.03587503266239974,0.3902522491460601,0.1268669457063974,0.10808587260954321,0.0,0.704235774177095,0.6241460449804922,0.28851893132954815,0.2893447237593567,0.3777084060134143,sad,04,07,07,male,normal,803
60,2.0020000000000002,True,1.0,0.5066907902456086,0.5667836229948364,0.5367372066202225,1.0284935965958837,-0.057916666666666616,-0.051203703703703696,0.3361183095878319,0.34264907325613725,0.20350971476839105,0.521867329458073,0.06009283274922783,0.006712962962962921,0.03746110600931834,0.3045859988727514,0.12376061290481354,0.11162924555744892,0.0,0.7372120187370175,0.6245569217452606,0.2908414514115787,0.2905961614016123,0.3818210009498528,sad,04,07,07,male,normal,803
70,2.3356666666666666,True,1.0,0.510508341816251,0.5667836229948371,0.5386459824055441,0.8821240398723996,-0.057222222222222174,-0.049629629629629635,0.3612062198674263,0.3569221882909014,0.2035175873255552,0.6106238556693908,0.056275281178586045,0.00759259259259254,0.03981860395908817,0.3406454919351004,0.12771147643156702,0.10708667778195571,0.0,0.673244066973627,0.6195601375472064,0.28925474629107334,0.29402793005135036,0.37869346760994993,sad,04,07,07,male,normal,803
80,2.6693333333333333,True,1.0,0.5419566023789124,0.603135031603909,0.5725458169914107,0.9907800020340187,-0.05810185185185196,-0.04967592592592596,0.33084526516736856,0.46378370229768834,0.20284135306689674,0.5778738123660193,0.06117842922499661,0.008425925925926003,0.03368606038865965,0.30487050261528265,0.12600113319338813,0.10909396044035383,0.0,0.6679378548260784,0.6174834434555072,0.2903404556971164,0.28869778893239495,0.37560897192546316,sad,04,07,07,male,normal,803
90,3.003,True,1.0,0.5316184304147613,0.6080148113396904,0.5698166208772258,0.9057430251508004,-0.056944444444444464,-0.04981481481481481,0.3401451951532792,0.37063929581705135,0.20289964425068935,0.6291151077672997,0.07639638092492906,0.007129629629629652,0.04169434567637369,0.3350779538906572,0.1247126153273793,0.1105646478251069,0.0,0.6949088705852212,0.6174688697901036,0.2911722697766287,0.28468799534572903,0.3734043196164733,sad,04,07,07,male,normal,803
100,3.336666666666667,True,1.0,0.5374641711785236,0.5915726140793303,0.564518392628927,0.7625014555892902,-0.05625000000000008,-0.048703703703703805,0.3364229113703738,0.33539956998402115,0.2015115953102047,0.7403505770263031,0.05410844290080663,0.007546296296296273,0.04614201206543085,0.40353012500744856,0.12738190554338363,0.10747849976061176,0.0,0.9106369300263953,0.6191621642954057,0.29001801063951316,0.286488742191987,0.3748912307365215,sad,04,07,07,male,normal,803
110,3.6703333333333332,True,1.0,0.5205235282895689,0.5861213769407333,0.5533224526151511,0.7336626916717954,-0.054537037037037106,-0.047453703703703665,0.3513163948165285,0.3014370780086244,0.20356818935199428,0.7541918907642646,0.06559784865116436,0.007083333333333441,0.04296201867190113,0.42546250606772473,0.12569664202797484,0.10944465246626124,0.0,0.7763337155109757,0.6208678790656887,0.29074316536019246,0.286111945044171,0.37562368237664334,sad,04,07,07,male,normal,803
0,0.0,True,1.0,0.24843963490201998,0.2565979656598832,0.2525188002809516,0.8838168198123605,-0.03800925925925919,-0.033425925925925914,0.38350431414478603,0.1794629184886897,0.1991083307223485,0.2857139563541717,0.008158330757863208,0.004583333333333273,0.0002914049235566482,0.38292969817529326,0.12482295368261698,0.11044006521311525,0.0,0.7157934591659323,0.5842381808895434,0.3022299494783724,0.2973243037390827,0.36232420960669065,sad,04,07,07,male,strong,804
10,0.33366666666666667,True,1.0,0.24177391821609237,0.24677988081805732,0.24427689951707485,0.8702593946657712,-0.03953703703703704,-0.03555555555555562,0.3851417237110136,0.20707259825618024,0.19498085751574243,0.2806943550559325,0.005005962601964953,0.003981481481481419,0.004620463095160584,0.3977011870421387,0.12026242918355297,0.11522422466078437,0.0,0.9999999987499999,0.5825340327537265,0.3019195466232451,0.298247297319466,0.36220581793002626,sad,04,07,07,male,strong,804
20,0.6673333333333333,True,1.0,0.23476734036432045,0.23504707953241796,0.23490720994836922,0.8029418889143957,-0.037685185185185266,-0.033935185185185235,0.3768184682738846,0.2112079584658157,0.19425966232403985,0.29255817038761256,0.0002797391680975092,0.003750000000000031,0.002940781628040666,0.4274063580524019,0.12113705844147378,0.11447091701344875,0.0,0.8319074566431519,0.5633576773834534,0.30526587664178934,0.2996589763900466,0.3666774898617267,sad,04,07,07,male,strong,804
30,1.0010000000000001,True,1.0,0.2535355947300706,0.2303278887635177,0.24193174174679416,0.9309550475174784,-0.03902777777777777,-0.035046296296296464,0.3998963424958559,0.1728414352018209,0.19498085751574243,0.25987478384905793,0.02320770596655289,0.003981481481481308,0.003815529105258378,0.36598796141214107,0.12005193883804226,0.11560843287143975,0.0,0.8354268112227506,0.5707993560158439,0.30521514266574856,0.30829423642670445,0.3876856284125732,sad,04,07,07,male,strong,804
40,1.3346666666666667,True,1.0,0.2669877991797374,0.2632318728725917,0.26510983602616456,0.773038106380576,-0.040138888888888835,-0.03662037037037047,0.3968117269918487,0.15320996386625552,0.1971479344636195,0.34294536561390127,0.0037559263071457183,0.0035185185185183654,0.010328477700292446,0.448919213811437,0.12153768780821946,0.11404546554785183,0.0,0.8564065379670788,0.5738041588901186,0.30136100353876516,0.29871404984666733,0.3670600994252083,sad,04,07,07,male,strong,804
50,1.6683333333333334,True,1.0,0.2688385836406196,0.2584508802109752,0.2636447319257974,0.9206852045663099,-0.03972222222222227,-0.03532407407407401,0.3427600462690265,0.199446738406531,0.19633758771741705,0.28635708559038664,0.010387703429644402,0.004398148148148262,0.01066698156280205,0.347214141201775,0.12165581711299989,0.11391944492603948,0.0,0.7651697259644498,0.5694373030696653,0.30116658905832866,0.30460263206429256,0.36512429365757776,sad,04,07,07,male,strong,804
60,2.0020000000000002,True,1.0,0.2558236725472887,0.24228317153755377,0.24905342204242126,0.8317987974246694,-0.0368518518518518,-0.03300925925925924,0.3909219491939577,0.14066090060493142,0.2012426320264339,0.2994154629863797,0.013540501009734945,0.003842592592592564,0.011714925133942733,0.41272122712968184,0.12307268906192773,0.11238723671760513,0.0,0.7476528725127131,0.5741815562865772,0.30082994903127813,0.30738780153433104,0.3705393233623493,sad,04,07,07,male,strong,804
70,2.3356666666666666,True,1.0,0.3654376172904375,0.360621910865471,0.3630297640779543,0.9269234163591807,-0.03865740740740736,-0.034120370370370356,0.3619981093498133,0.20256899201699363,0.20130176515834175,0.39165022446393893,0.004815706424966482,0.004537037037037006,0.016541559519290476,0.35433175717857435,0.12094210103510762,0.1146768763395766,0.0,0.8609346328141888,0.5748088172690953,0.30026328847618516,0.3049076934937963,0.36284729600473853,sad,04,07,07,male,strong,804
80,2.6693333333333333,True,1.0,0.3298277139117275,0.31603030875998656,0.32292901133585705,0.7179581022174937,-0.037685185185185155,-0.0343055555555557,0.3513632625095848,0.1943269327572142,0.20190685325210445,0.4497881009190575,0.013797405151740938,0.003379629629629455,0.014058072601202202,0.4842175934872994,0.12215951330704576,0.11337914745855585,0.0,0.8665415406603393,0.5756413675313876,0.29755864710315694,0.2994110000548172,0.3580084190250544,sad,04,07,07,male,strong,804
90,3.003,True,1.0,0.2978991147097628,0.32284223505472637,0.31037067488224457,0.763919053702079,-0.035601851851851885,-0.032777777777777795,0.3791390943894315,0.1595950398013979,0.2045027062885483,0.4062873852643635,0.024943120344963543,0.00282407407407409,0.012800625022812985,0.43263294253789486,0.12322332953711138,0.11205215250211992,0.0,0.7634240668908437,0.5782428838644834,0.2976903813662351,0.30734397584395334,0.368535767033871,sad,04,07,07,male,strong,804
100,3.336666666666667,True,1.0,0.3156030601152385,0.29064213228200564,0.30312259619862203,0.6579727546117898,-0.035231481481481586,-0.03050925925925929,0.39590096371098643,0.10047207186066531,0.20467760160809836,0.460691714169027,0.024960927833232838,0.004722222222222294,0.019229733560185747,0.4962291335681078,0.12526574005480354,0.10993758292149962,0.0,0.9073574101665933,0.5412301141784839,0.2652113836277963,0.3011948114566384,0.32463162031987247,sad,04,07,07,male,strong,804
110,3.6703333333333332,True,1.0,0.2724814583801623,0.2961522889141636,0.28431687364716296,0.5712780153060844,-0.0337962962962961,-0.03111111111111098,0.3915648719804244,0.05423261445466491,0.20326480528301955,0.4976856557219853,0.02367083053400132,0.002685185185185124,0.027826355344362872,0.5686724354440647,0.12602129198837533,0.10907067312426925,0.0,0.7882945287509372,0.5362105059992747,0.2624539136696672,0.30091653114214867,0.3173867614784009,sad,04,07,07,male,strong,804
0,0.0,True,1.0,0.43581366240254166,0.4092735948606039,0.4225436286315728,0.476951610315824,-0.03624999999999989,-0.032314814814814796,0.378992045264703,0.12618284128116736,0.2023383874235772,0.8859255729355359,0.026540067541937773,0.003935185185185097,0.000830157866434368,0.7000496650366014,0.1263120330704263,0.10873384051014368,0.0,0.7028316498560535,0.5736228390340511,0.2611417553971474,0.2931428129603141,0.32997100367066384,sad,04,07,07,male,strong,805
10,0.33366666666666667,True,1.0,0.4264801441611893,0.43538868520881113,0.4309344146850002,0.4982444191045784,-0.037083333333333246,-0.03388888888888886,0.37296065742249096,0.16351893141636323,0.20649990778221308,0.8649056530516798,0.008908541047621843,0.0031944444444443887,0.006663773349534747,0.6796309308750985,0.12367667740440769,0.11172223250593051,0.0,0.7956653213386257,0.5877683932635553,0.2941830647255472,0.2943674637993554,0.3643142675367171,sad,04,07,07,male,strong,805
20,0.6673333333333333,True,1.0,0.20761369963434897,0.19742390465444376,0.20251880214439638,0.5278755755018845,-0.054768518518518605,-0.052083333333333315,0.37269503158708234,0.1497852198405127,0.20578739964194534,0.38364874516470865,0.010189794979905215,0.0026851851851852904,0.0009239440456044249,0.6407233926833188,0.1233516575239535,0.11208098124189107,0.0,0.7013464208527244,0.588173328237545,0.2951443946287818,0.3016117045923807,0.37356042955088353,sad,04,07,07,male,strong,805
30,1.0010000000000001,True,1.0,0.376667724668573,0.3570945263040169,0.3668811254862949,0.9636990532120557,-0.04560185185185189,-0.04064814814814821,0.3840585310760839,0.19680560216406986,0.20875624392899075,0.38070092967660635,0.01957319836455612,0.004953703703703682,0.0050440875597301555,0.35113201159501256,0.1193389536638395,0.11601630925428977,0.0,0.8869381726678072,0.5976035414165667,0.2988369874341477,0.30014596360323076,0.3763632028360912,sad,04,07,07,male,strong,805
40,1.3346666666666667,True,1.0,0.4100554434723361,0.398613699248317,0.4043345713603266,0.8145805473851891,-0.046157407407407425,-0.04199074074074077,0.37902493452675445,0.13803940759355882,0.2114148236301881,0.4963715039086609,0.011441744224019057,0.004166666666666652,0.003473445924264218,0.4035658704553429,0.12080962808034931,0.114816425361651,0.0,0.924569648714765,0.5999882218668718,0.2957791415880247,0.29584613100321255,0.3677789974553514,sad,04,07,07,male,strong,805
50,1.6683333333333334,True,1.0,0.4968839147212517,0.5164132576167662,0.5066485861690089,1.0479063469090542,-0.05615740740740738,-0.04666666666666669,0.3642012899002471,0.2654392546227615,0.210219654923351,0.48348651352617483,0.019529342895514445,0.009490740740740689,0.023382499779383947,0.3080740681973964,0.12245408907793438,0.11289229331801526,0.0,0.7331153985638857,0.6068305603335085,0.29422829811737733,0.31091371500591075,0.36942324506610424,sad,04,07,07,male,strong,805
60,2.0020000000000002,True,1.0,0.4238782430889756,0.4285486109315816,0.4262134270102786,0.7564777389314857,-0.050416666666666665,-0.0402777777777778,0.40175373845090756,0.0520145595109456,0.2141232174368089,0.563418333515404,0.004670367842605994,0.010138888888888864,0.03456870481414038,0.4235585256240211,0.12017134564522478,0.11548430826465685,0.0,0.9153860124060619,0.5925363787624426,0.29908764970383056,0.3061885124369636,0.37396542648193726,sad,04,07,07,male,strong,805
70,2.3356666666666666,True,1.0,0.40372345180843416,0.3984674329501899,0.40109544237931205,0.8182890355180618,-0.043703703703703745,-0.03601851851851856,0.3866408743068914,0.1605386524082731,0.20813880258870618,0.4901635302071194,0.005256018858244282,0.007685185185185184,0.04246768554320794,0.4116691330529734,0.12194277076178271,0.1136122283412515,0.0,0.9999999987499999,0.5855563349793043,0.29754923782018583,0.3047891577593018,0.3632792511221253,sad,04,07,07,male,strong,805
80,2.6693333333333333,True,1.0,0.42563032768866527,0.4364349520840294,0.4310326398863473,0.7814353090615566,-0.0407407407407408,-0.03523148148148142,0.3508045052693186,0.21320134652888226,0.20797745664178452,0.5515909441102479,0.010804624395364115,0.00550925925925938,0.04547681762205671,0.4279379478376436,0.123421359264937,0.1120042224526327,0.0,0.9123832309708666,0.589921974117772,0.29664518548156354,0.30214625757860625,0.3580012381803963,sad,04,07,07,male,strong,805
90,3.003,True,1.0,0.41179121397436225,0.43661101721274775,0.424201115593555,0.7655948214647076,-0.03925925925925927,-0.033657407407407414,0.3822681595152752,0.1567152030802827,0.20644478667465474,0.5540804400714064,0.024819803238385507,0.005601851851851858,0.03765446216571488,0.43386930550273506,0.12175413818431075,0.11381435588157025,0.0,0.9999999987499999,0.592145010183761,0.2968282069886045,0.3011820195431168,0.3692136729715899,sad,04,07,07,male,strong,805
100,3.336666666666667,True,1.0,0.4180258286913417,0.45170433637285295,0.4348650825320973,0.7707658542014472,-0.040416666666666656,-0.03412037037037041,0.3770109056262774,0.17162223555378556,0.20371621655395117,0.5641986864903866,0.03367850768151126,0.006296296296296244,0.03976171245774824,0.43419588128564807,0.12151978853532037,0.11389738722423193,0.0,0.9354397370875341,0.5928292580078907,0.29697372469711203,0.29982408236271596,0.3637094879109973,sad,04,07,07,male,strong,805
110,3.6703333333333332,True,1.0,0.2765431677874938,0.30651340996168486,0.29152828887458937,0.7091262895615408,-0.046712962962962845,-0.03814814814814821,0.3845342958859259,0.1399836209303669,0.20509875061623437,0.41110912564649654,0.02997024217419103,0.008564814814814636,0.040718795543761295,0.4787846901637644,0.12333316061620855,0.11210133479361795,0.0,0.7502759370908975,0.5931855827956183,0.2966528469412958,0.301771791396188,0.3632246730779848,sad,04,07,07,male,strong,805
0,0.0,True,1.0,0.3485604977740915,0.3250350318814733,0.3367977648277824,0.9176431617877988,-0.04129629629629644,-0.03898148148148156,0.3609751955803774,0.24761799603797682,0.19729802879105024,0.3670247639306939,0.02352546589261817,0.0023148148148148806,0.01790978018477254,0.37533578650710225,0.12570921708966926,0.10943020839357694,0.0,0.8139156201966717,0.5846823728006827,0.2961493230799908,0.29357484825789554,0.3687589931312741,sad,04,07,07,male,strong,806
10,0.33366666666666667,True,1.0,0.25579172382831217,0.25312064510353427,0.2544561844659232,0.7261750867140504,-0.04694444444444451,-0.043611111111111045,0.3788531460925542,0.21644337236511596,0.20007475409596912,0.35040610607744754,0.0026710787247778978,0.003333333333333466,0.016223107623636598,0.46868097277417203,0.12089058204418086,0.11456500772577696,0.0,0.7071067807446058,0.6071693167423219,0.29199081095154283,0.28791929250805365,0.35900855842960316,sad,04,07,07,male,strong,806
20,0.6673333333333333,True,1.0,0.41724569109518056,0.4064696823868287,0.41185768674100465,0.7013566121120491,-0.0446759259259259,-0.04296296296296298,0.36963327957800074,0.22901440395495523,0.19658367199368723,0.5872300618949694,0.01077600870835188,0.0017129629629629162,0.01413776743086076,0.46099416318679753,0.12873860615505886,0.1058496530753682,0.0,0.9179756308822533,0.5830678683348339,0.2591336051022876,0.301668077642925,0.33503043333935556,sad,04,07,07,male,strong,806
30,1.0010000000000001,True,1.0,0.27904186514522716,0.25171622233930546,0.2653790437422663,0.9926235841950161,-0.0505092592592592,-0.0475462962962962,0.35397734025714844,0.3332967595639308,0.19169214051731778,0.2673511368939311,0.0273256428059217,0.0029629629629630005,0.011890688555173478,0.33610502960252986,0.12240257497832667,0.11311669818706321,0.0,0.7724162747559271,0.6276278454975741,0.29443576401199756,0.29434162984065754,0.3808470738913817,sad,04,07,07,male,strong,806
40,1.3346666666666667,True,1.0,0.18380951563073467,0.15375632322534424,0.16878291942803947,0.8533970155240909,-0.0643981481481481,-0.06009259259259264,0.3684447476081016,0.30574685738750385,0.1944762237252906,0.19777772403432414,0.030053192405390422,0.0043055555555554514,0.019105364325403648,0.36556074692170243,0.12154572566035562,0.11403689904416482,0.0,0.9999999987499999,0.6221899280415292,0.29361063942557447,0.2930621929230497,0.3769406913652501,sad,04,07,07,male,strong,806
50,1.6683333333333334,True,1.0,0.3527074302834456,0.32621753778207546,0.3394624840327605,0.9847937006260532,-0.05032407407407413,-0.04671296296296301,0.38317961438374637,0.30766354073181806,0.19864952113169718,0.34470415866486287,0.026489892501370127,0.0036111111111111205,0.019256447984024483,0.3358452700057354,0.12602738410121794,0.10906363384393561,0.0,0.7071067807446058,0.580048914948792,0.26529709536800344,0.3227973857135117,0.3761335418552138,sad,04,07,07,male,strong,806
60,2.0020000000000002,True,1.0,0.4110954767692547,0.38698489274251774,0.3990401847558862,0.8817199850556047,-0.04777777777777775,-0.04393518518518519,0.36469865641749544,0.33962125779946695,0.19935186884018485,0.45257019407439336,0.024110584026736936,0.003842592592592564,0.02185645293189778,0.36915380315112867,0.12310598843344193,0.11235076048669534,0.0,0.7692220031258038,0.6108988207079706,0.2923916087436885,0.29204676408686775,0.36660276153280247,sad,04,07,07,male,strong,806
70,2.3356666666666666,True,1.0,0.4006040922702719,0.3628448424528206,0.38172446736154625,0.6777114792591677,-0.04287037037037028,-0.040370370370370334,0.3509521880137021,0.22588617975122596,0.20003814333537118,0.5632551300131788,0.03775924981745127,0.0024999999999999467,0.023688291604520836,0.4505131677655261,0.12268921408081791,0.11280573796697926,0.0,0.8069123665330864,0.6054538249596714,0.29640419895424347,0.29645503405501367,0.3646647302282063,sad,04,07,07,male,strong,806
80,2.6693333333333333,True,1.0,0.3509350894997037,0.32426853836608477,0.33760181393289423,0.8889421228596056,-0.041574074074073986,-0.04004629629629625,0.37146820447207657,0.2892128366749029,0.20354570111552805,0.37977929636957153,0.026666551133618932,0.001527777777777739,0.018449931361125136,0.3841953049452575,0.12242343532336632,0.11309412121631583,0.0,0.8680146948907695,0.602012842551083,0.29591195292916406,0.30168683120344353,0.37173911605209947,sad,04,07,07,male,strong,806
90,3.003,True,1.0,0.2519982402221281,0.2510181484002116,0.25150819431116983,0.7870352486912373,-0.04351851851851857,-0.041018518518518454,0.388414091282257,0.1967588121728096,0.20212108351226893,0.3195640789016799,0.0009800918219164956,0.0025000000000001132,0.020131752242051576,0.43676285146692795,0.12710748735609298,0.107802896197883,0.0,0.8158260530893665,0.5745582816095188,0.262608997167943,0.3119065510873571,0.3502091636966535,sad,04,07,07,male,strong,806
100,3.336666666666667,True,1.0,0.2680725129799956,0.2568444785874366,0.2624584957837161,0.943532875973671,-0.0431481481481481,-0.039120370370370416,0.3833269720452872,0.2392938650136365,0.19937023807184523,0.27816571363544085,0.011228034392559039,0.004027777777777686,0.018102032662306138,0.35053183064278715,0.12487645993965428,0.11037956116682225,0.0,0.8037775330549174,0.585492325977266,0.2635465745117262,0.2999129550298568,0.34799673355295613,sad,04,07,07,male,strong,806
0,0.0,True,1.0,0.27417952168298065,0.24663601899337692,0.2604077703381788,0.4330760985083237,-0.036944444444444335,-0.034861111111111065,0.4389507255140888,-0.02338520969129416,0.20350259171614984,0.6012979502565963,0.027543502689603733,0.0020833333333332704,0.05854573948710533,0.7006818934780467,0.12462627634405314,0.11066195830171931,0.0,0.8423021223150662,0.607751622078519,0.2926811079414971,0.3156546559396277,0.37367145903842736,sad,04,07,07,male,strong,807
10,0.33366666666666667,True,1.0,0.20202673940115629,0.19950563192970436,0.2007661856654303,0.43000381401480964,-0.040138888888888724,-0.03875000000000012,0.440498527614106,-0.04060103533960177,0.20213769135755233,0.46689396494170576,0.0025211074714519277,0.0013888888888886064,0.06292493783827678,0.6849884085548082,0.1212686967972324,0.11433145213426464,0.0,0.863084729302771,0.6074384375937876,0.29535178477322743,0.3141809689601628,0.37610613603555604,sad,04,07,07,male,strong,807
20,0.6673333333333333,True,1.0,0.3359600106715064,0.3205668534997962,0.3282634320856513,0.6453056705851933,-0.040370370370370334,-0.040231481481481535,0.4206494628991986,0.10952470630633443,0.20486706971089577,0.5086944792968683,0.015393157171710192,0.00013888888888879958,0.055284381323671826,0.49892463610269616,0.12259516148418148,0.11290794547228852,0.0,0.6976737728440308,0.6079900866127702,0.2917972849902551,0.3107363134780413,0.37479465541372375,sad,04,07,07,male,strong,807
30,1.0010000000000001,True,1.0,0.34297812297845187,0.29375998098652456,0.3183690519824882,0.9079188671625187,-0.05865740740740738,-0.060046296296296264,0.3675085167591096,0.25793485675935224,0.20698130803404027,0.35065804170087783,0.04921814199192731,0.001388888888888884,0.04746436110219973,0.3400179131481516,0.1231276035978881,0.11232707154791881,0.0,0.9606301319491509,0.6045152656765831,0.2926537636362459,0.3184881224034783,0.3811205563835416,sad,04,07,07,male,strong,807
40,1.3346666666666667,True,1.0,0.38598528658291154,0.30372321088668214,0.34485424873479686,0.775064879602636,-0.04106481481481483,-0.041527777777777886,0.3820671317328092,0.17351755252671888,0.207642195784065,0.44493597608447744,0.0822620756962294,0.00046296296296305384,0.0558909234392797,0.4179579697267247,0.12208292312397367,0.11295674308664014,0.0,0.9999999987499999,0.6091610601740696,0.2909351863011077,0.30865136454185294,0.3751129120350275,sad,04,07,07,male,strong,807
50,1.6683333333333334,True,1.0,0.376094334043034,0.3271507881056624,0.3516225610743482,0.7459590426186472,-0.03828703703703701,-0.03976851851851848,0.3972852552118293,0.1734246210420242,0.20765211615361606,0.47136979510295496,0.0489435459373716,0.0014814814814814725,0.05579696085821631,0.4372687779880136,0.12146451008730949,0.11378902699269251,0.0,0.8152252173742738,0.6118481767316301,0.2917856068888166,0.30695675143446965,0.37945467560421214,sad,04,07,07,male,strong,807
60,2.0020000000000002,True,1.0,0.40251033560421867,0.3396980793091677,0.37110420745669315,0.5979439090430312,-0.03578703703703712,-0.03648148148148145,0.38378714896568394,0.12607510750905826,0.20839521379171216,0.6206338117075569,0.062812256295051,0.000694444444444331,0.07183292188828165,0.5386614597513186,0.12329791729659748,0.11214009702333635,0.0,0.9999999987499999,0.6057371620757679,0.29099673679504906,0.30569551514057663,0.36656793745289146,sad,04,07,07,male,strong,807
70,2.3356666666666666,True,1.0,0.420179164078544,0.35605485787735425,0.38811701097794915,0.7440209429091476,-0.03708333333333341,-0.0377777777777778,0.37258569703478944,0.1958950174245175,0.20978369299672175,0.5216479652580722,0.06412430620118975,0.0006944444444443865,0.06348515379323623,0.4203427473430542,0.12423562607269777,0.11110034646487767,0.0,0.7343635431145719,0.6072485067777112,0.28954195490202383,0.30696135462431945,0.36711927543820755,sad,04,07,07,male,strong,807
80,2.6693333333333333,True,1.0,0.43581359537505626,0.383041125596652,0.40942736048585415,0.7037075816487806,-0.035787037037037006,-0.03611111111111115,0.3105635685878694,0.13899799241935876,0.21112881859473503,0.5818146218157398,0.052772469778404274,0.00032407407407414324,0.05934216163853329,0.44503245523875734,0.12273926455349717,0.112751278071844,0.0,0.78940864749171,0.5941215713629201,0.29133293951126865,0.29725050272058523,0.36337998817714773,sad,04,07,07,male,strong,807
90,3.003,True,1.0,0.3878891604271149,0.3405276387124819,0.3642083995697984,0.7282370553291284,-0.03662037037037047,-0.036666666666666625,0.38172845415411144,0.1522359043923531,0.21253590000059402,0.5001234102337646,0.04736152171463304,4.6296296296155504e-05,0.06258570138382655,0.47035615995671337,0.1250007995105973,0.11023873136089492,0.0,0.9999999987499999,0.5925559455969889,0.29087073371202327,0.30296538152869235,0.36895606085486493,sad,04,07,07,male,strong,807
100,3.336666666666667,True,1.0,0.4201791640785452,0.35888402855202545,0.38953159631528533,0.6803523073748272,-0.035601851851851773,-0.036296296296296215,0.3768034757534673,0.14003846723731544,0.21323774121093325,0.5725439483233504,0.06129513552651977,0.000694444444444442,0.06257510209395174,0.4965898902605137,0.1236850701184205,0.11137133071355405,0.0,0.7578487096287664,0.5966033538180898,0.29042769388227957,0.30200733688171116,0.3641574949850454,sad,04,07,07,male,strong,807
110,3.6703333333333332,True,1.0,0.37152314030327566,0.34393898862017297,0.3577310644617243,0.6784500436255577,-0.0352777777777778,-0.036388888888888915,0.386910512962276,0.1369626709573896,0.2111472472556306,0.5272769422344663,0.027584151683102687,0.0011111111111111183,0.05653578370662716,0.4978511266382551,0.12300543355184014,0.11246084245999892,0.0,0.6993427560807904,0.5975043774931847,0.2903801310567398,0.3010963747198536,0.3652237557910342,sad,04,07,07,male,strong,807
0,0.0,True,1.0,0.6540906442677469,0.5941446241166546,0.6241176341922008,0.737494506647811,-0.03986111111111118,-0.03967592592592595,0.3377622458125369,0.21950925669467,0.21529514256382773,0.8462675024239155,0.059946020151092294,0.00018518518518523264,0.04212303266005192,0.41448072304907885,0.12695989678937758,0.10797667515657354,0.0,0.7079447913616547,0.5959483637986445,0.27842099941389015,0.2898532117818539,0.3601652652557369,angry,05,07,07,male,normal,808
10,0.33366666666666667,True,1.0,0.6160271536952802,0.5687028442234967,0.5923649989593884,0.7374945066478116,-0.03893518518518513,-0.0400462962962963,0.3362242860888684,0.2053473691659826,0.21667546963537437,0.803212761071142,0.047324309471783454,0.0011111111111111738,0.04003702629902484,0.4251800538387509,0.12514943582421018,0.11006996176593284,0.0,0.7889073743147367,0.5982440693464887,0.28067476091155924,0.2900450442475727,0.36350183964144783,angry,05,07,07,male,normal,808
20,0.6673333333333333,True,1.0,0.6280455313212255,0.553068346136056,0.5905569387286408,0.8528543585462162,-0.03888888888888886,-0.03939814814814813,0.3376879595922547,0.22706888258544441,0.21460075431154726,0.6924475824164279,0.07497718518516949,0.0005092592592592649,0.042355763580810474,0.3665618695913775,0.124241116647227,0.11109420643951866,0.0,0.6769242219896985,0.5955007013586685,0.28132110020498713,0.28798841944948284,0.3586023374248751,angry,05,07,07,male,normal,808
30,1.0010000000000001,True,1.0,0.5495053234791227,0.5214434746326946,0.5354743990559087,0.9688425770509015,-0.03810185185185183,-0.03875000000000006,0.3672455613180104,0.21572054656380898,0.21460075431154726,0.5526949493547864,0.02806184884642815,0.000648148148148231,0.042004621763794804,0.343968250231761,0.1250383283001955,0.11019616248341055,0.0,0.7351253539623989,0.5937498692523885,0.28066391929827766,0.29442494330960495,0.3712034106031159,angry,05,07,07,male,normal,808
40,1.3346666666666667,True,1.0,0.5804434535414276,0.4915970018701039,0.5360202277057657,0.8045621718423772,-0.038888888888888806,-0.04032407407407412,0.3633206289401727,0.2041257355452334,0.21737830947474363,0.6662259878292888,0.08884645167132366,0.001435185185185317,0.044694667811014166,0.398944543220154,0.12466910631483741,0.11061370485154297,0.0,0.6883047216498678,0.5949829665303622,0.28101807306024157,0.29313917989992067,0.36698394858390354,angry,05,07,07,male,normal,808
50,1.6683333333333334,True,1.0,0.5887066646794814,0.5061515873948191,0.5474291260371502,0.9189529612881052,-0.03861111111111121,-0.04013888888888889,0.32225750029195166,0.23334575899196056,0.21736427009624287,0.5957096272586287,0.08255507728466227,0.0015277777777776835,0.042758666925912125,0.378171848984039,0.12253117425603567,0.11297738315835501,0.0,0.8179062059286494,0.5929549701052296,0.27993755458397424,0.2946943671808688,0.37458085269269265,angry,05,07,07,male,normal,808
60,2.0020000000000002,True,1.0,0.604093946415031,0.5187689625402089,0.56143145447762,0.9681134598971122,-0.0379166666666666,-0.03888888888888897,0.3543578714745865,0.1746065403769185,0.21806115361267805,0.5799231988131711,0.08532498387482212,0.0009722222222223742,0.04425286533993252,0.3226568719719471,0.12622958817608082,0.10882954028818531,0.0,0.668182264669225,0.5928679297812876,0.2784382698689991,0.30474079406603705,0.38277508257483867,angry,05,07,07,male,normal,808
70,2.3356666666666666,True,1.0,0.5853994981431293,0.5186587671433962,0.5520291326432627,1.0953332166531544,-0.037824074074074066,-0.03856481481481483,0.33525772010992905,0.27727123153209327,0.21736111111111112,0.5039828284675009,0.0667407309997331,0.000740740740740764,0.04381795538968486,0.29323475891314765,0.12513845172768426,0.11008244941625386,0.0,0.6740918249312623,0.5913426312868897,0.28041750525697834,0.29922264905769663,0.37681386236040937,angry,05,07,07,male,normal,808
80,2.6693333333333333,True,1.0,0.6193365490571643,0.5543034022848282,0.5868199756709962,1.1304826161053734,-0.039814814814814636,-0.04166666666666674,0.30675825456195494,0.44876289437882627,0.22013923546048123,0.5190880136597326,0.06503314677233607,0.0018518518518521043,0.04474089394322111,0.29291116757972857,0.12426300111052153,0.11106972731261973,0.0,0.7423549378082536,0.5917421040603741,0.2783092195476056,0.2894397766109188,0.36000219351869994,angry,05,07,07,male,normal,808
90,3.003,True,1.0,0.5969105136889883,0.5415502830611719,0.5692303983750802,0.8816609369589162,-0.03875000000000006,-0.04152777777777772,0.3420822854688616,0.23386623116696947,0.21737830947474363,0.6456341372438567,0.055360230627816365,0.002777777777777657,0.045555728342995094,0.3601896762071908,0.12619556681580732,0.10886898863537119,0.0,0.6451843489762864,0.5920454977928672,0.27916312715200925,0.29450659204159646,0.36099381678646947,angry,05,07,07,male,normal,808
100,3.336666666666667,True,1.0,0.5896976283165076,0.5424556834136325,0.56607665586507,0.6238129141961376,-0.0365740740740742,-0.039212962962963005,0.3580046666778734,0.1324891502912172,0.21598953117742897,0.9074461957789571,0.047241944902875144,0.002638888888888802,0.05280263343508148,0.4916536691999155,0.1264290079841858,0.10859780711698516,0.0,0.7932945002015477,0.5917718817448855,0.27884833435264633,0.28917920018571835,0.3568040799221332,angry,05,07,07,male,normal,808
110,3.6703333333333332,True,1.0,0.57569838931816,0.5160634823607767,0.5458809358394683,0.5736557549402824,-0.03800925925925924,-0.039583333333333304,0.35352391760593205,0.1265647527590807,0.2166951869875864,0.951582776148205,0.05963490695738327,0.001574074074074061,0.05536581563205491,0.5506305473390508,0.1259275245539813,0.1091789188909283,0.0,0.7434557538208492,0.5915623304399885,0.2798136159900161,0.2902601143970047,0.35825327373400084,angry,05,07,07,male,normal,808
0,0.0,True,1.0,0.6084499853105151,0.5708718463111239,0.5896609158108195,0.8445986971525672,-0.041388888888888975,-0.0433333333333335,0.3374425090557905,0.24318217810889792,0.2104982325020847,0.698155133081272,0.03757813899939122,0.0019444444444445264,0.04180056467830142,0.38445137248912703,0.12528492691846063,0.10991571706225371,0.0,0.7462038754642679,0.6066908271199105,0.2777590660449673,0.2825719895591416,0.36510136329885645,angry,05,07,07,male,normal,809
10,0.33366666666666667,True,1.0,0.6334754185316666,0.5900678238988321,0.6117716212152493,0.8687792936009688,-0.0405092592592593,-0.0427777777777778,0.333202642749614,0.27500469796761856,0.20908945271398002,0.7041738053856479,0.0434075946328345,0.002268518518518503,0.03438923325059473,0.37522181382875336,0.1244172456788918,0.11055278762928562,0.0,0.805902827904097,0.6036293673328706,0.27851087442375705,0.2848743235124141,0.36500112025149956,angry,05,07,07,male,normal,809
20,0.6673333333333333,True,1.0,0.5873066742164478,0.5467880098281507,0.5670473420222992,0.9230198316925605,-0.039861111111111125,-0.041296296296296386,0.3386850906885515,0.24126068774703463,0.2146188848482513,0.6143392834609986,0.0405186643882971,0.0014351851851852615,0.03449451702990984,0.34731066102496017,0.12504925692191893,0.1101837606621017,0.0,0.6947215134661278,0.5951609025954132,0.27984585840578524,0.2876972857833553,0.362439965571609,angry,05,07,07,male,normal,809
30,1.0010000000000001,True,1.0,0.5606401450422812,0.5089738923391306,0.5348070186907059,1.0295827363162782,-0.03814814814814821,-0.04046296296296292,0.375067830544479,0.15430016092095342,0.21602308540490509,0.519440545986795,0.05166625270315062,0.002314814814814714,0.031214540966156588,0.3043897018113254,0.12519276959990955,0.11002067173979767,0.0,0.7121934158830435,0.5899370041766707,0.28226631732513396,0.31091611453511314,0.39142951749068583,angry,05,07,07,male,normal,809
40,1.3346666666666667,True,1.0,0.5854261280648518,0.5300743105247394,0.5577502192947956,0.9406627271954765,-0.03976851851851859,-0.04120370370370374,0.3501861670827487,0.25207269098764773,0.21532065562714578,0.5929332620180359,0.055351817540112425,0.0014351851851851505,0.03466160258018223,0.34495743677702195,0.12212747296729856,0.11341365930307262,0.0,0.7579539015216975,0.5959562253651461,0.2787461255929436,0.29676336535572495,0.37831968886052086,angry,05,07,07,male,normal,809
50,1.6683333333333334,True,1.0,0.571178498491749,0.5171873921763623,0.5441829453340556,0.6816274904962057,-0.039305555555555594,-0.04083333333333339,0.33801057142295776,0.12772624645431305,0.21946669410762734,0.7983582718148672,0.05399110631538662,0.0015277777777777946,0.0356107704266657,0.49364305200039793,0.1240937902917104,0.11125874788555559,0.0,0.8572222766321138,0.5954482271893132,0.2792715238106307,0.3039290124601301,0.37985150779194826,angry,05,07,07,male,normal,809
60,2.0020000000000002,True,1.0,0.5424382554325298,0.4740613934861463,0.5082498244593381,0.98180376208162,-0.037685185185185266,-0.03925925925925933,0.3825984860808574,0.1427436087891421,0.21601496222801458,0.5176694611372714,0.06837686194638348,0.001574074074074061,0.03507935656006129,0.31922399063288476,0.1233557737743437,0.11190633091547748,0.0,0.8062225457396318,0.5906179334155538,0.2824626947166014,0.3097339628034036,0.3924789397774032,angry,05,07,07,male,normal,809
70,2.3356666666666666,True,1.0,0.5613659022152703,0.5263532356514568,0.5438595689333635,1.2122285880883157,-0.03680555555555565,-0.03787037037037044,0.33399098616552597,0.3172324860003717,0.21531321462929476,0.4486444011281981,0.03501266656381352,0.0010648148148147962,0.03433654795775051,0.2820284613587514,0.1242112101471165,0.11112764302335403,0.0,0.7385710301020092,0.5869638507277911,0.2822251672768305,0.3028337703444486,0.37908217461224103,angry,05,07,07,male,normal,809
80,2.6693333333333333,True,1.0,0.5629180408505223,0.5111380621792364,0.5370280515148793,1.1736142548139399,-0.03643518518518518,-0.0377777777777778,0.2970118974558789,0.3772589387364936,0.22229945642032806,0.4575848063467988,0.05177997867128592,0.0013425925925926174,0.04021708046658157,0.2952488986428585,0.123598898401903,0.11180827377231778,0.0,0.776342413900023,0.5940829199023359,0.27700769777245854,0.2945280893470297,0.3677814056440691,angry,05,07,07,male,normal,809
90,3.003,True,1.0,0.5473697441503007,0.5100835635399914,0.528726653845146,0.896296246040695,-0.03541666666666654,-0.03888888888888886,0.34087419014246834,0.23075574271784788,0.22093315507524391,0.5899016716635227,0.037286180610309305,0.003472222222222321,0.05034987939092397,0.3802971496385195,0.12328913207308546,0.1119797469857271,0.0,0.9999999987499999,0.5958099912543142,0.2754843257455708,0.2844850938775014,0.3641128433104656,angry,05,07,07,male,normal,809
100,3.336666666666667,True,1.0,0.5645533699926892,0.5342470895394641,0.5494002297660767,0.44282377648448984,-0.035833333333333384,-0.041157407407407365,0.36897707672166413,0.05840953061336166,0.2216159263842751,1.2406746406610798,0.030306280453225143,0.005324074074073981,0.04497535293678089,0.6816952901098604,0.12439911418761347,0.1109172581677548,0.0,0.9999999987499999,0.5953469907728717,0.2738524768368662,0.2818617615896151,0.361231028276082,angry,05,07,07,male,normal,809
110,3.6703333333333332,True,1.0,0.586991206807483,0.5283345611906698,0.5576628839990764,0.44854355341564883,-0.03597222222222218,-0.040138888888888835,0.36513036237381735,0.07220365927198934,0.2188284597016361,1.243274771764049,0.05865664561681316,0.004166666666666652,0.0448826938321396,0.6806783253589508,0.1250726633910808,0.11015719060812312,0.0,0.8907289156063708,0.5977943571022158,0.2744963648512174,0.2826432009424514,0.36376496657421536,angry,05,07,07,male,normal,809
0,0.0,True,1.0,0.6083030677340672,0.5843520435998456,0.5963275556669564,0.7680597233277577,-0.03888888888888897,-0.036805555555555536,0.3379074181355307,0.21082710110114417,0.20625332916347217,0.7764077942835739,0.023951024134221566,0.002083333333333437,0.013352611514724255,0.41909215698859903,0.12560870454799103,0.1095455663739472,0.0,0.7955145527096408,0.6139631332064076,0.28477858437744086,0.2799793261236133,0.35776894931310904,angry,05,07,07,male,normal,810
10,0.33366666666666667,True,1.0,0.6043756534371034,0.5802383317465728,0.592306992591838,0.7746183050744382,-0.036898148148148235,-0.03592592592592592,0.3339192299754696,0.19743971612231545,0.20694776243640653,0.7646436815547747,0.024137321690530622,0.0009722222222223187,0.016172879299754396,0.41909215698859903,0.12367097886701016,0.11155788994308916,0.0,0.9999999987499999,0.6150043915378651,0.284732380063515,0.2787799333188906,0.3563907459672588,angry,05,07,07,male,normal,810
20,0.6673333333333333,True,1.0,0.39929396846929655,0.39370367610985957,0.39649882228957806,0.7747846189968729,-0.04902777777777789,-0.04902777777777778,0.34898463111309064,0.19730635493961443,0.20902814277174897,0.5117536055412819,0.005590292359436977,1.1102230246251565e-16,0.013970714773301118,0.415538085443741,0.12417279094318881,0.11117057056493514,0.0,0.6702231021729328,0.6142827122645934,0.28570092456065965,0.2823971923375116,0.35908228028907835,angry,05,07,07,male,normal,810
30,1.0010000000000001,True,1.0,0.5733949195139466,0.5662456753162062,0.5698202974150763,0.9165137860645046,-0.03995370370370377,-0.039768518518518536,0.3514032231857876,0.1745670964361227,0.21180699638057293,0.621725833347118,0.007149244197740434,0.00018518518518523264,0.018273422180513435,0.3571286223889839,0.12457268632926469,0.11072228136651924,0.0,0.7112595651197776,0.6157976134359995,0.28357548680852224,0.28337263994644274,0.3692549760193818,angry,05,07,07,male,normal,810
40,1.3346666666666667,True,1.0,0.5198997181564936,0.497055717820473,0.5084777179884833,0.6730659905478054,-0.03541666666666665,-0.03462962962962973,0.3336805370010521,0.030593908661263772,0.2118059157627287,0.7554648803078515,0.02284400033602063,0.0007870370370369195,0.011197900149825834,0.48632679607712775,0.12402946393101977,0.11133045336851777,0.0,0.6681950910755995,0.6110727566807973,0.2847392433632145,0.2877414010026075,0.3718930287153164,angry,05,07,07,male,normal,810
50,1.6683333333333334,True,1.0,0.4711266438627731,0.4570721668736738,0.46409940536822347,0.9938658458964413,-0.037546296296296244,-0.036944444444444446,0.3725454429921876,0.1973882708822998,0.21250035903002756,0.4669638334836004,0.014054476989099285,0.0006018518518517979,0.015750936223933726,0.3401058699048955,0.12511816995091693,0.11010550085439591,0.0,0.7818630853261911,0.6161885308263931,0.28418244582798524,0.2963886358815981,0.3829469288118906,angry,05,07,07,male,normal,810
60,2.0020000000000002,True,1.0,0.5300002012456063,0.5188489045624589,0.5244245529040326,0.7022851742151087,-0.038935185185185184,-0.03884259259259265,0.36961510440176304,0.14457933048283916,0.21319444444444435,0.7467401735913654,0.011151296683147405,9.259259259253305e-05,0.023295166524430342,0.46320712088213556,0.12469511125254956,0.11058438859041836,0.0,0.7372021608645003,0.6135424605154562,0.281787573923337,0.28141934374690114,0.3651744005002302,angry,05,07,07,male,normal,810
70,2.3356666666666666,True,1.0,0.5320335210979114,0.48174225991055664,0.506887890504234,1.1602456362883917,-0.04472222222222222,-0.04481481481481486,0.3529516593899839,0.2220169597632516,0.2138892455875566,0.43687980773257695,0.05029126118735472,9.259259259264407e-05,0.017728375082598443,0.2708268030589803,0.12420602878741054,0.11113343413727132,0.0,0.8813474803867994,0.6142390608118248,0.28379208975669556,0.2943748944441201,0.3899620246479289,angry,05,07,07,male,normal,810
80,2.6693333333333333,True,1.0,0.5576513306049734,0.5152858768824781,0.5364686037437257,1.2776206246309176,-0.038981481481481506,-0.03925925925925933,0.2785815382036709,0.42890164796574914,0.21736251511017093,0.41989663707777275,0.04236545372249534,0.0002777777777778212,0.013726419908286833,0.27357868079943903,0.12444920034712767,0.11086105855189526,0.0,0.8159224529696281,0.6046388460071529,0.2850350317176076,0.2850574942944443,0.3631731072774574,angry,05,07,07,male,normal,810
90,3.003,True,1.0,0.5823053451296795,0.5307604889496722,0.5565329170396758,0.8438771131804134,-0.03708333333333319,-0.03689814814814818,0.35860174416236923,0.16870871021319137,0.2159810534951401,0.6594952136362703,0.05154485618000726,0.0001851851851850106,0.022015768363636338,0.3939467975959641,0.12394284468086392,0.1114268774696443,0.0,0.8416570535963636,0.6029025912943302,0.28416128838260823,0.28504049915777846,0.36208785108083036,angry,05,07,07,male,normal,810
100,3.336666666666667,True,1.0,0.5930305667879925,0.56370470617631,0.5783676364821513,0.614406527225017,-0.03800925925925924,-0.038564814814814774,0.37665042369806556,0.04004305552816973,0.218753138928372,0.9413435744154016,0.02932586061168252,0.0005555555555555314,0.02376669588719499,0.5029021183368954,0.12435251187309604,0.11096950284236566,0.0,0.7124433750394642,0.6060198213582308,0.2822753862001587,0.28203191307651077,0.35790603174482255,angry,05,07,07,male,normal,810
110,3.6703333333333332,True,1.0,0.603341307371159,0.5849444478439482,0.5941428776075536,0.6141771119982259,-0.03939814814814813,-0.039120370370370416,0.37471500331916086,0.05339074070422633,0.2159754015220728,0.9673803630918597,0.018396859527210818,0.0002777777777777102,0.023524605173647965,0.5134334316991757,0.12465779110982902,0.11062645653725356,0.0,0.7400927606469108,0.6057342076987045,0.28300298110564787,0.28112890129016427,0.3624470832669803,angry,05,07,07,male,normal,810
0,0.0,True,1.0,0.637584993656782,0.6294794180970423,0.6335322058769122,0.7227248519292266,-0.04712962962962969,-0.0427777777777778,0.36079200290677244,0.21807057958834114,0.19876470665850138,0.876588378254566,0.008105575559739675,0.0043518518518518845,0.004724762288222057,0.3942978351532856,0.1270198305497909,0.10790616487354605,0.0,0.689318702121467,0.6241303528051846,0.2864382536587767,0.2846352107473005,0.37191120295358265,angry,05,07,07,male,normal,811
10,0.33366666666666667,True,1.0,0.6051046638976625,0.5876240470264267,0.5963643554620446,0.7304467466020225,-0.045231481481481484,-0.041898148148148184,0.36354883670471216,0.21641692460873868,0.1986975232160198,0.8164378282691818,0.01748061687123581,0.0033333333333332993,0.006766198127483083,0.407912674286568,0.12513319176215326,0.11008842850139182,0.0,0.8067761237335684,0.6276749256499475,0.28560667584690125,0.2805571231275737,0.3722898171721375,angry,05,07,07,male,normal,811
20,0.6673333333333333,True,1.0,0.6225252709452792,0.6349831467716301,0.6287542088584547,0.7729342544828859,-0.04745370370370372,-0.04439814814814813,0.3647578294440374,0.23729282218978157,0.19668300026825294,0.8134640238956784,0.01245787582635094,0.003055555555555589,0.005933779727183495,0.3753918799134359,0.12617674651107877,0.1088908003942703,0.0,0.8893949283162336,0.6267221859603216,0.2849238520496444,0.2829031128162654,0.37251384405555915,angry,05,07,07,male,normal,811
30,1.0010000000000001,True,1.0,0.5802523719996147,0.5795479242716755,0.579900148135645,0.880047748898879,-0.044907407407407396,-0.042037037037037095,0.35974270775629835,0.24060088751883496,0.2008175751955657,0.6589416868132661,0.0007044477279392058,0.002870370370370301,0.004532851455445692,0.33539136500298034,0.12376871027059388,0.11162026755047114,0.0,0.9501876944551255,0.6304708383275186,0.2792006328704267,0.282243434358707,0.3722941803813307,angry,05,07,07,male,normal,811
40,1.3346666666666667,True,1.0,0.5678533046225863,0.5564270969663779,0.5621402007944821,0.8192773797800561,-0.043611111111111156,-0.04032407407407412,0.3541881129526391,0.23602007154300214,0.19873553263911475,0.6861414884240973,0.011426207656208387,0.0032870370370370328,0.006279085892740964,0.39081878984780666,0.12443664077160255,0.11087515593557902,0.0,0.9369057792440085,0.6302977374387255,0.27762162062384527,0.28278482186248605,0.3722349126670116,angry,05,07,07,male,normal,811
50,1.6683333333333334,True,1.0,0.5550830637287426,0.5337741058767161,0.5444285848027294,1.013050751400666,-0.04365740740740742,-0.03888888888888892,0.33023404155663705,0.39479183694290637,0.20077995992193756,0.5374149163306879,0.021308957852026467,0.004768518518518505,0.006457398292541827,0.33218697053166224,0.1268465710818436,0.10810978297716572,0.0,0.7585159430495411,0.6263529646155337,0.2781673552149865,0.2954800976813412,0.382907169588763,angry,05,07,07,male,normal,811
60,2.0020000000000002,True,1.0,0.5221686883358075,0.5134155180357721,0.5177921031857898,1.2359919046774372,-0.0437037037037038,-0.039722222222222214,0.3531995991809265,0.34024496252356407,0.20216826132333857,0.41892839364584716,0.008753170300035418,0.003981481481481586,0.007124868995523303,0.2530585534731507,0.12660970483487627,0.10838708600253621,0.0,0.8188557660086709,0.6254663922991072,0.2776869451211224,0.30367109237209267,0.3981031971362033,angry,05,07,07,male,normal,811
70,2.3356666666666666,True,1.0,0.5794580933673074,0.5750757595878414,0.5772669264775744,1.296929363139545,-0.04416666666666669,-0.042407407407407505,0.3378477371363006,0.4371584699453547,0.2035355805984914,0.44510282740468915,0.004382333779465952,0.0017592592592591827,0.002052402119253571,0.2528039396573819,0.12305326207425783,0.11223889038786528,0.0,0.7212330497051445,0.6193600678318202,0.2789328747158934,0.29526192488698005,0.38928954198552307,angry,05,07,07,male,normal,811
80,2.6693333333333333,True,1.0,0.5953450346438824,0.5843081220417009,0.5898265783427916,1.287025140396939,-0.04277777777777775,-0.04041666666666671,0.2954743050724134,0.5431669268617891,0.2083366292057002,0.45828675744506414,0.011036912602181537,0.002361111111111036,0.0013425282988909744,0.2632793859453775,0.12415486789187127,0.11067535726705179,0.0,0.9999999987499999,0.6197520368850665,0.2779584892339373,0.2913695811731145,0.3719540273550758,angry,05,07,07,male,normal,811
90,3.003,True,1.0,0.5975617841551056,0.565253275160846,0.5814075296579758,0.8378821309461886,-0.04277777777777764,-0.041064814814814776,0.3485938685215153,0.23040746090480083,0.20833919262593817,0.6939013355033772,0.03230850899425963,0.0017129629629628607,0.01065220737191026,0.3753536929789279,0.12562788782658468,0.10952356627999565,0.0,0.678843233134595,0.6165811729066626,0.2794237859770244,0.292160003651907,0.3672890060350228,angry,05,07,07,male,normal,811
100,3.336666666666667,True,1.0,0.6023528157392736,0.5801516652222404,0.591252240480757,0.60584086213059,-0.04189814814814813,-0.03972222222222216,0.36524808685539323,0.12116817242611863,0.211112556675652,0.9759200434276941,0.022201150517033197,0.00217592592592597,0.017992884228016096,0.4875000000000007,0.12585825945797674,0.10925875844432519,0.0,0.6954623231711382,0.6211065584515056,0.2773682717185353,0.28595914930225896,0.3634251866059652,angry,05,07,07,male,normal,811
110,3.6703333333333332,True,1.0,0.5739765359716583,0.5567407682947925,0.5653586521332254,0.5571648983048615,-0.04078703703703701,-0.039583333333333304,0.36983725135411055,0.11275956275217391,0.20903106270057487,1.0147061558495392,0.017235767676865854,0.0012037037037037068,0.015498356079639652,0.5491071428571419,0.12675338879995787,0.10821901957783502,0.0,0.6780212140382132,0.6215346734943977,0.27681387780530997,0.2855464461357001,0.36716703750604623,angry,05,07,07,male,normal,811
0,0.0,True,1.0,0.6135617024818659,0.6034805432017378,0.6085211228418019,0.7931255350275631,-0.03865740740740742,-0.04013888888888889,0.36110525020410345,0.14357631900818124,0.20489834951687996,0.7672443969675674,0.010081159280128094,0.0014814814814814725,0.0077163288080801,0.3976106118423658,0.12600593671078048,0.10908841223515099,0.0,0.8463827933396667,0.6179687355254602,0.27925654707299785,0.2899125387252055,0.37058012834151505,angry,05,07,07,male,strong,812
10,0.33366666666666667,True,1.0,0.6023528157392741,0.586393218372019,0.5943730170556465,0.7855755479303954,-0.03856481481481466,-0.039120370370370305,0.35893581202899866,0.17908788750194982,0.20489834951688005,0.7566083473722248,0.015959597367255163,0.0005555555555556424,0.017627799828694335,0.404428067117336,0.12375279193616767,0.11163791586202057,0.0,0.7953480951168219,0.621457296762455,0.2785324022456758,0.28678790146894695,0.3730006947909521,angry,05,07,07,male,strong,812
20,0.6673333333333333,True,1.0,0.5770431817263327,0.5633347938589092,0.570188987792621,0.7825130587379929,-0.039999999999999925,-0.04092592592592592,0.37110135210941475,0.13262330471442688,0.20349059443298598,0.7286638624436503,0.013708387867423566,0.0009259259259259967,0.013551884616479003,0.38171504658043076,0.12264842353839446,0.11285008628050597,0.0,0.9790166457239942,0.623119509522559,0.27967288077577057,0.28470376116753393,0.3740681937898452,angry,05,07,07,male,strong,812
30,1.0010000000000001,True,1.0,0.5330234721222374,0.5113862617436847,0.5222048669329611,1.1461555682964766,-0.03939814814814813,-0.0405092592592593,0.40068319182945444,0.24028338871717783,0.2021139115208345,0.45561429999342123,0.021637210378552707,0.0011111111111111738,0.0074906407091473665,0.2844306612942882,0.12341803806629426,0.11200788208842133,0.0,0.7294377352162299,0.6201253898043593,0.2811396901756673,0.3067712243230713,0.4034505239722941,angry,05,07,07,male,strong,812
40,1.3346666666666667,True,1.0,0.5413227542979131,0.5290204730867695,0.5351716136923412,1.1866480639944308,-0.036712962962962836,-0.035972222222222294,0.2953015267488619,0.25904884204177503,0.20348572033465126,0.450994384881795,0.012302281211143629,0.000740740740740542,0.011355830387409751,0.2787071203030251,0.12199431367539457,0.11355688090426977,0.0,0.7071067807446058,0.6076888471716813,0.28190400677796484,0.3039440687870007,0.3917888184760275,angry,05,07,07,male,strong,812
50,1.6683333333333334,True,1.0,0.5812191238536808,0.5696704684519852,0.5754447961528331,1.8774164772435913,-0.041898148148148184,-0.04101851851851851,0.298032812254536,0.6395794333016762,0.20072523421335153,0.3065088663745493,0.011548655401695584,0.0008796296296296746,0.006707257321068487,0.20426191529633717,0.12225100082367375,0.11328049508834195,0.0,0.875876570372044,0.6094933499024612,0.2838373549182055,0.30872748465768257,0.4029931090995025,angry,05,07,07,male,strong,812
60,2.0020000000000002,True,1.0,0.5384417226948447,0.5239101372668147,0.5311759299808296,0.36651484487087344,-0.03972222222222216,-0.039259259259259216,0.3483401642350391,0.20440250963952544,0.1958524221220791,1.4492617077160075,0.014531585428030014,0.0004629629629629428,0.00826783392386984,0.8446261613523622,0.12464746579912211,0.11063809036668933,0.0,0.8195173467167316,0.6240309993841286,0.27324478405257363,0.2887811082999223,0.37787423256212405,angry,05,07,07,male,strong,812
70,2.3356666666666666,True,1.0,0.602304854073246,0.571648422879942,0.586976638476594,1.2866745049686725,-0.04018518518518516,-0.040648148148148155,0.28396566534530765,0.5563837120882599,0.20488494447049796,0.4561966808310121,0.030656431193303968,0.0004629629629629983,0.007614878925012407,0.25879152282115053,0.12313996553944719,0.11231351947490066,0.0,0.7645039772550108,0.6192234584771409,0.28045639233477904,0.2908641693519573,0.3745907715335145,angry,05,07,07,male,strong,812
80,2.6693333333333333,True,1.0,0.6298985339056417,0.6034769105941666,0.6166877222499041,0.9105719074424358,-0.0404166666666666,-0.04078703703703712,0.3361086846569977,0.2643487067572338,0.20004615251177826,0.6772531825432904,0.026421623311475018,0.0003703703703705208,0.01274425855771426,0.3360589142402542,0.12434838814875575,0.11097412371697447,0.0,0.9999999987499999,0.6217757410698654,0.27774444240180945,0.29186912655055597,0.3782867290018929,angry,05,07,07,male,strong,812
90,3.003,True,1.0,0.5922829853672367,0.6022285424201297,0.5972557638936832,0.6291068590743661,-0.040694444444444366,-0.04032407407407412,0.36211255170479645,0.13675213675213627,0.20280825126122082,0.9493709300395374,0.009945557052893017,0.00037037037037024323,0.006665344684572267,0.48909386895738116,0.12589114331275855,0.1092208670800856,0.0,0.8142048897072638,0.6246178317811499,0.2762076335777617,0.2856037504095509,0.37166506332486604,angry,05,07,07,male,strong,812
100,3.336666666666667,True,1.0,0.5873735300278131,0.5982459712523334,0.5928097506400732,0.6153270814636361,-0.039907407407407336,-0.04009259259259257,0.36110525020410333,0.14357631900818124,0.20212901015410123,0.963405916134875,0.010872441224520246,0.00018518518518523264,0.009216510833216066,0.4874999999999998,0.1254192614788698,0.10976240986949296,0.0,0.8187317401275517,0.6253574632040317,0.27399040032460587,0.2841896173101511,0.3709146444874567,angry,05,07,07,male,strong,812
0,0.0,True,1.0,0.6205059391882153,0.6368623081154733,0.6286841236518443,0.8661919239953378,-0.04041666666666671,-0.04138888888888892,0.34682024436015946,0.21298895878880356,0.20209692421007697,0.7258023380684719,0.016356368927258003,0.0009722222222222077,0.0029964006829201156,0.34117401944405024,0.12792669396743503,0.106829484418787,0.0,0.7532139788111695,0.6185896945028011,0.2785257930039492,0.2809515189450723,0.36030489347816047,angry,05,07,07,male,strong,813
10,0.33366666666666667,True,1.0,0.6230100709307576,0.627146350913611,0.6250782109221843,0.8594204894061347,-0.0412037037037038,-0.041296296296296275,0.3427548124183377,0.2220169597632517,0.2034857203346512,0.7273252367465867,0.004136279982853486,9.259259259247754e-05,0.0035594894864123556,0.3566396504565609,0.1250668870968894,0.11016374867556958,0.0,0.7502750774606781,0.6229319191739195,0.2805756453119976,0.2855831917052361,0.3629311911603094,angry,05,07,07,male,strong,813
20,0.6673333333333333,True,1.0,0.5497016782867251,0.5224964237002458,0.5360990509934855,1.0712641169084829,-0.039166666666666516,-0.04004629629629619,0.3722524712535816,0.2380529526269758,0.2007005267484722,0.5004359266140564,0.027205254586479266,0.0008796296296296746,0.00465011210891907,0.29270287990279886,0.1258755349536184,0.10923885513285915,0.0,0.6972616497934382,0.619143244883891,0.2794892011444387,0.29634525343405366,0.38114660848501786,angry,05,07,07,male,strong,813
30,1.0010000000000001,True,1.0,0.5194595573225202,0.5107438906238396,0.5151017239731799,1.2648813264399172,-0.04023148148148148,-0.03782407407407401,0.40377354950425304,0.29189142131996415,0.20347222222222222,0.40723324252320486,0.008715666698680624,0.002407407407407469,0.0021788849674460055,0.25978958641699945,0.1235976411708302,0.1118096635677948,0.0,0.9999999987499999,0.6160486282559899,0.2799133580940849,0.31629551322810096,0.40316110717764825,angry,05,07,07,male,strong,813
40,1.3346666666666667,True,1.0,0.49620353118068455,0.4976407388594487,0.49692213502006666,0.9579440524542965,-0.03726851851851842,-0.03694444444444439,0.34279218977077686,0.2113039587215896,0.20278116394652987,0.5187381598611416,0.001437207678764152,0.0003240740740740322,0.006260537766381664,0.34741458453011353,0.12378862110998017,0.111598185710544,0.0,0.8648291090679924,0.6079347676648784,0.2834758791298452,0.30265310296525083,0.37700105401301587,angry,05,07,07,male,strong,813
50,1.6683333333333334,True,1.0,0.5054026645715465,0.5295967797975522,0.5174997221845493,1.2436885774745061,-0.03875000000000001,-0.038472222222222185,0.3231724935266893,0.38206199908832056,0.20000038146936272,0.4161007277524484,0.024194115226005675,0.0002777777777778212,0.0073570165354906545,0.2586312237821053,0.12681134024618285,0.10815110612197573,0.0,0.7235578703690537,0.6039352607214761,0.2816414044980934,0.3087458331582207,0.38623450388117747,angry,05,07,07,male,strong,813
60,2.0020000000000002,True,1.0,0.4970760295521645,0.4597496265202512,0.4784128280362079,1.0444872421455662,-0.03925925925925927,-0.03597222222222218,0.3607674465983421,0.2812007916451072,0.19791666666666663,0.45803606662869445,0.03732640303191331,0.0032870370370370883,0.0018213063974582989,0.30396010837094406,0.13091501582183296,0.10314570472598357,0.0,0.9539857781214626,0.5669221702587285,0.2453723133770832,0.3046311627957346,0.3699081299501176,angry,05,07,07,male,strong,813
70,2.3356666666666666,True,1.0,0.5704103986060586,0.5362520139893412,0.5533312062976998,1.3218123719362254,-0.03893518518518507,-0.03717592592592589,0.3214656747373183,0.4329984509477731,0.20069596503773232,0.41861554487280656,0.034158384616717385,0.0017592592592591827,0.0008137870607877262,0.2521499021686341,0.12366272489076109,0.11173767602097581,0.0,0.9460787640004007,0.5997920264121274,0.28192520339577243,0.28661963864482254,0.3616514207916192,angry,05,07,07,male,strong,813
80,2.6693333333333333,True,1.0,0.510070059046885,0.51427758937456,0.5121738242107226,0.9191489674556897,-0.03620370370370363,-0.03490740740740739,0.3204958758306045,0.26041409705168067,0.20284135306689666,0.5572261323738182,0.004207530327675069,0.0012962962962962399,0.0012721286091008691,0.4221855370836473,0.12447744661490612,0.11082934202872076,0.0,0.8985519261789171,0.6022084129980116,0.28205511658430926,0.30033475567559353,0.37868350257205474,angry,05,07,07,male,strong,813
90,3.003,True,1.0,0.5806335640602759,0.5965360208945109,0.5885847924773934,0.9462767652241868,-0.04212962962962957,-0.041018518518518454,0.337655936921678,0.2652057201635644,0.20499550988788673,0.6220006810987788,0.015902456834234968,0.0011111111111111183,0.00412003434464905,0.3326831914803226,0.1256025045349602,0.10955267511472562,0.0,0.9056228637521127,0.5919807405852966,0.27951401332406894,0.2891216033655747,0.37107506416187497,angry,05,07,07,male,strong,813
100,3.336666666666667,True,1.0,0.5641151296139811,0.5853657766512933,0.5747404531326372,0.6230119260482755,-0.041944444444444395,-0.03990740740740739,0.35706172979328993,0.1286270449191339,0.20575180537213697,0.92251918318511,0.021250647037312165,0.002037037037037004,0.007999887064389668,0.4909122093001508,0.1257037107789565,0.10943653351031334,0.0,0.7064002929290432,0.6014838164953482,0.27861172806193474,0.2834873418824116,0.3623661525811691,angry,05,07,07,male,strong,813
110,3.6703333333333332,True,1.0,0.5830657968900055,0.5960158441765845,0.589540820533295,0.6051161391625401,-0.04231481481481475,-0.04157407407407404,0.36211513228721937,0.1276570131861457,0.20365362200341997,0.9742606127630296,0.012950047286579003,0.0007407407407407085,0.0014791882854959485,0.4767396513448404,0.12681810966071475,0.10796685086232442,0.0,0.7071067807446058,0.6093797763011455,0.2809391279525492,0.28938192700938437,0.36767512255374724,angry,05,07,07,male,strong,813
0,0.0,True,1.0,0.59608681806926,0.5639579888417589,0.5800224034555095,0.6899967592973509,-0.04194444444444434,-0.0412037037037038,0.35758844883136737,0.14878663566850703,0.21320017014117348,0.8406161270179988,0.032128829227501154,0.000740740740740542,0.02327037457575251,0.45252070200112343,0.12729984697708854,0.10757567908306581,0.0,0.7732399964310002,0.6191960896702431,0.2750947019587586,0.28653837500072704,0.3696241310841184,angry,05,07,07,male,strong,814
10,0.33366666666666667,True,1.0,0.6145953123613758,0.5874918713991987,0.6010435918802872,0.7440887885850217,-0.04148148148148145,-0.03986111111111118,0.3567758990648035,0.1758387512445992,0.21111689330988628,0.807757892741869,0.027103440962177094,0.001620370370370272,0.022067168482122593,0.4208039509295278,0.12620942116017955,0.10885292729594541,0.0,0.8091370237932994,0.6197235400800946,0.2747906415646286,0.28580667848651486,0.36896292710252593,angry,05,07,07,male,strong,814
20,0.6673333333333333,True,1.0,0.6133987671499859,0.5861573713022386,0.5997780692261122,1.2394416586638144,-0.04120370370370374,-0.039953703703703713,0.32237767611092405,0.37018165470654385,0.211112556675652,0.4839098839655798,0.02724139584774732,0.0012500000000000289,0.01775849866926403,0.27536847893674743,0.12367594330232981,0.11172304515311346,0.0,0.9999999987499999,0.6166339652189001,0.27809904657511664,0.2944786290998146,0.37987097632414074,angry,05,07,07,male,strong,814
30,1.0010000000000001,True,1.0,0.6093207385765361,0.5677826208223931,0.5885516796994645,1.4196483690004993,-0.04009259259259257,-0.03976851851851837,0.2716540620749526,0.4761025556165501,0.21736988595645537,0.41457567419588076,0.04153811775414307,0.00032407407407419875,0.016618075116638428,0.2661115064108521,0.12339783561368746,0.11203013851668694,0.0,0.7894261574418983,0.6053802207914416,0.2824931949265189,0.29905729771811007,0.3844539771093421,angry,05,07,07,male,strong,814
40,1.3346666666666667,True,1.0,0.5843194325452168,0.5394907859736201,0.5619051092594185,1.1305667521355567,-0.03810185185185189,-0.03902777777777777,0.3019182725686281,0.2906796273194852,0.21041702925144093,0.4970118820476734,0.044828646571596686,0.0009259259259258856,0.01489145894195241,0.3226542476066078,0.12325255190074616,0.1121899559672142,0.0,0.7296138793812751,0.6050107442899034,0.2809680001865866,0.30294981411386823,0.39092985695289695,angry,05,07,07,male,strong,814
50,1.6683333333333334,True,1.0,0.46804737289276926,0.4186285765735681,0.4433379747331687,1.2351638882928992,-0.03708333333333336,-0.03699074074074077,0.37312470593106545,0.32145866858532063,0.20208673113820896,0.3589304860150172,0.04941879631920115,9.259259259258856e-05,0.02146684594481829,0.2841441265637009,0.12152287103597947,0.11406125365299852,0.0,0.9999999987499999,0.6117108703872175,0.27952923040192273,0.31067568788810546,0.40159718751653056,angry,05,07,07,male,strong,814
60,2.0020000000000002,True,1.0,0.6042256614955894,0.6038908320605306,0.60405824677806,0.37223548949375485,-0.04263888888888889,-0.04337962962962966,0.3353368988670481,0.14313400247184743,0.21458333333333335,1.6227852094371418,0.00033482943505880325,0.000740740740740764,0.026153420419494734,0.7786639457717621,0.12741477678011837,0.10743952917131568,0.0,0.7145963025484369,0.6078682560993147,0.2708067689742919,0.29219794741701444,0.37240424136955724,angry,05,07,07,male,strong,814
70,2.3356666666666666,True,1.0,0.6404045830509618,0.5958857648529756,0.6181451739519688,0.9904562791808701,-0.048472222222222194,-0.04884259259259255,0.3187509017627524,0.3301041410732442,0.22778983562364066,0.624101423702608,0.0445188181979862,0.00037037037037035425,0.02304301399804068,0.34970935215735943,0.12579763990928622,0.10932854871285981,0.0,0.7219053650150321,0.6079034083867922,0.2782022877437217,0.3111272209454041,0.3868272340448884,angry,05,07,07,male,strong,814
80,2.6693333333333333,True,1.0,0.7110151009427124,0.6724275928930813,0.6917213469178969,1.405945351343441,-0.04754629629629631,-0.046805555555555545,0.3069355002215794,0.5271900927639268,0.216701876395907,0.49199732141574887,0.03858750804963107,0.000740740740740764,0.0056616874420226245,0.2325736886205429,0.12372097912628069,0.11116017835344023,0.0,0.8000006642585582,0.5919257745520083,0.275256473804526,0.2939880503871367,0.3730804097688583,angry,05,07,07,male,strong,814
90,3.003,True,1.0,0.6442256263444116,0.6298205287102556,0.6370230775273336,0.7134661678226885,-0.0444444444444444,-0.04310185185185189,0.36063192669740696,0.1945816821334607,0.21599482955988764,0.8928567411561515,0.014405097634155983,0.0013425925925925064,0.00835358547905288,0.41971218247234965,0.12628728877164985,0.10876257842199027,0.0,0.8392600251064071,0.5959712291166467,0.27155551450408044,0.2909817787600398,0.37330111875719285,angry,05,07,07,male,strong,814
100,3.336666666666667,True,1.0,0.6395251623189321,0.6423673598206279,0.64094626106978,0.692790288011604,-0.045231481481481595,-0.042314814814814805,0.35885391585239046,0.20259707049283937,0.21461888484825123,0.9251663485488185,0.0028421975016957868,0.0029166666666667895,0.010084822062259304,0.4355258498741873,0.12709632392936812,0.10781605731157465,0.0,0.7345487697386069,0.5971318347964186,0.2723711024975953,0.2899721593554436,0.37141145095730876,angry,05,07,07,male,strong,814
110,3.6703333333333332,True,1.0,0.6263500148402584,0.6347217040474372,0.6305358594438478,0.679720259509603,-0.0437037037037038,-0.041944444444444506,0.3607695139524238,0.18952629175136573,0.21461888484825123,0.9276402323196307,0.00837168920717879,0.0017592592592592937,0.004635989985430976,0.4651170189299373,0.1260233393750406,0.10906830751021855,0.0,0.8858460289854277,0.5985705725024385,0.2725704435237012,0.28967194266722746,0.37211268991503366,angry,05,07,07,male,strong,814
0,0.0,True,1.0,0.5633347938589089,0.5550543226039671,0.559194558231438,0.7854551316555686,-0.0399074074074075,-0.03851851851851845,0.35153201469889395,0.158469017790159,0.21182320498670149,0.7119369849335347,0.008280471254941801,0.0013888888888890505,0.0024492690843161452,0.40460526315789463,0.12477476345454841,0.11049450744291317,0.0,0.834249879000469,0.6078733103006829,0.2778032038530739,0.2802017356952005,0.3641076742941399,angry,05,07,07,male,strong,815
10,0.33366666666666667,True,1.0,0.5725865449930684,0.5711399752961195,0.5718632601445939,0.7542087542087539,-0.03962962962962957,-0.03916666666666668,0.36164383561643826,0.14814814814814767,0.2118185226278855,0.7582294118881449,0.0014465696969488961,0.0004629629629628873,0.0024773982815508707,0.4017857142857153,0.12548159469769682,0.10969114441262896,0.0,0.883948778378738,0.6060965483380852,0.2777318744114432,0.2823041895980639,0.3658131976863093,angry,05,07,07,male,strong,815
20,0.6673333333333333,True,1.0,0.5507761306754437,0.528994364090907,0.5398852473831754,1.2202299312056695,-0.03731481481481469,-0.03717592592592589,0.3277790071652434,0.32388038209477815,0.21390636642410646,0.442445504389269,0.021781766584536677,0.00013888888888879958,0.006007012716422975,0.2988590037855047,0.1255605420643625,0.10960076663482238,0.0,0.7347175453556652,0.5978580839366997,0.2813566603532901,0.292623098142074,0.3776077170008098,angry,05,07,07,male,strong,815
30,1.0010000000000001,True,1.0,0.5874550835441945,0.5775287311879168,0.5824919073660557,1.1904948784625082,-0.03712962962962968,-0.03666666666666685,0.2666624806234436,0.3296755048050025,0.21601496222801458,0.48928552142813764,0.009926352356277701,0.0004629629629628318,0.0029222123481405828,0.2942307692307697,0.12368865351076455,0.111708973510626,0.0,0.6575907079561225,0.5962859581801471,0.2797484900641637,0.29593653630357536,0.38327709499818313,angry,05,07,07,male,strong,815
40,1.3346666666666667,True,1.0,0.4922637207645267,0.47319604929824394,0.4827298850313853,1.099527606567206,-0.039212962962963116,-0.03935185185185197,0.3612636337705101,0.28828399219007256,0.21251292469885805,0.4390338925081638,0.019067671466282743,0.0001388888888888551,0.002012026862331016,0.30892255348576564,0.1237743685288006,0.11161399314412374,0.0,0.6903587961474745,0.6002523170518207,0.2792830932518325,0.29737826396296085,0.3823039778334364,angry,05,07,07,male,strong,815
50,1.6683333333333334,True,1.0,0.5029688276122761,0.5075173373730563,0.5052430824926661,1.118068708509439,-0.03916666666666674,-0.03916666666666663,0.3360792925038951,0.3511517258900855,0.21390636642410646,0.4518891179471738,0.0045485097607801395,1.1102230246251565e-16,0.005540929306932375,0.31753356118371795,0.12624452089588703,0.10881221766994961,0.0,0.8355570907787363,0.5974716175298245,0.27824437507330013,0.30533830774291737,0.3818040559992857,angry,05,07,07,male,strong,815
60,2.0020000000000002,True,1.0,0.4931182491603366,0.5040446874056775,0.4985814682830071,1.2620006970140902,-0.03763888888888883,-0.03768518518518521,0.3942835816215144,0.2634234017761397,0.21112014572710372,0.3950722606276345,0.010926438245340953,4.629629629637755e-05,0.002449759668807372,0.25740433819029235,0.12452203995086464,0.11077923693883938,0.0,0.8400866400301759,0.600918789484544,0.278768866093284,0.3170837220033497,0.41060188998038644,angry,05,07,07,male,strong,815
70,2.3356666666666666,True,1.0,0.6086964356142938,0.589843648300213,0.5992700419572534,0.2962962962962963,-0.04009259259259246,-0.03953703703703704,0.3260831515175499,0.08888888888888852,0.21600754514754206,2.0225363916057306,0.0188527873140808,0.0005555555555554204,0.003188233490436572,1.0137338161470197,0.1238991574515223,0.11147545269161382,0.0,0.867048737494975,0.5937798773650085,0.27339116018187437,0.28682325723422136,0.36929871361788624,angry,05,07,07,male,strong,815
80,2.6693333333333333,True,1.0,0.49426359167562445,0.5217093150748523,0.5079864533752384,0.9217307819434155,-0.03805555555555551,-0.03717592592592589,0.36588537947224287,0.16459478248989612,0.21809054105509587,0.5511223703565358,0.02744572339922785,0.0008796296296296191,0.00145553415809182,0.3535714285714279,0.12504177726411042,0.11019224886041806,0.0,0.9567730171015003,0.5964609110753677,0.2744063139209673,0.30969485672865377,0.38333926082723196,angry,05,07,07,male,strong,815
90,3.003,True,1.0,0.6980133423282752,0.6906351968626012,0.6943242695954381,1.6427824014613197,-0.04240740740740756,-0.0412499999999999,0.25370395341014723,0.6514345778936725,0.2208502613033359,0.42265139252636824,0.0073781454656739465,0.0011574074074076623,0.007925119973628726,0.2007561522065378,0.1250888994923762,0.11013875337090301,0.0,0.8626045275510942,0.5872623257115346,0.27891044213970534,0.2902771243966693,0.36989323349268705,angry,05,07,07,male,strong,815
100,3.336666666666667,True,1.0,0.5847945766430248,0.5722705258148826,0.5785325512289536,0.9579956514141243,-0.039768518518518536,-0.03824074074074074,0.34236253220003987,0.24990360516317972,0.21598953117742892,0.603898932500336,0.01252405082814223,0.0015277777777777946,0.0038715197282745343,0.32607612152817417,0.12539593154667572,0.10978906194104761,0.0,0.8558996079222588,0.5961905189966612,0.2754115514078615,0.2914965043746509,0.3676257690264083,angry,05,07,07,male,strong,815
110,3.6703333333333332,True,1.0,0.5602059907508289,0.5689474448769288,0.5645767178138789,0.7352593575137939,-0.039120370370370416,-0.03828703703703695,0.3564019172792668,0.1537038968766353,0.21668392014887733,0.7678606359025999,0.008741454126099946,0.0008333333333334636,0.010920950497794506,0.41962440865356465,0.12555056682541954,0.1096121933914246,0.0,0.9380260274898654,0.5966083594922345,0.27520510860780606,0.29135780842533143,0.36743508975250505,angry,05,07,07,male,strong,815
120,4.0040000000000004,True,1.0,0.5785784437503982,0.5947987341238845,0.5866885889371414,0.6583745547139876,-0.04060185185185183,-0.03976851851851859,0.36190785026301536,0.15796991205683267,0.22016695942028897,0.8911167431007594,0.016220290373486268,0.0008333333333332416,0.009659518122450297,0.4615665814617185,0.12503433014311915,0.11020069898100453,0.0,0.9007328545337611,0.5977589473054847,0.2762269808686043,0.28932044421901365,0.36777084519603015,angry,05,07,07,male,strong,815
0,0.0,True,1.0,0.652859248215057,0.6589970293081587,0.6559281387616078,0.8581367758673174,-0.047407407407407454,-0.04555555555555563,0.3323784468127627,0.3907587104395816,0.18820093072565577,0.7643631612206135,0.006137781093101702,0.0018518518518518268,0.0025760772625223025,0.3415178571428575,0.12567780958644653,0.1094662776756023,0.0,0.7013183637021556,0.6236358217271284,0.29323446690970095,0.27646165262333733,0.366533857308056,fearful,06,07,07,male,normal,816
10,0.33366666666666667,True,1.0,0.654198078430987,0.6589970293081587,0.6565975538695729,0.8366435105067979,-0.04907407407407416,-0.04694444444444451,0.3419138716346343,0.32866479925303443,0.19097262172464527,0.7847996734855901,0.004798950877171748,0.002129629629629648,0.0023090319011161695,0.3515447659190726,0.12652562813150126,0.108485221097344,0.0,0.9415299655090124,0.6228381653911566,0.2944829885828943,0.28136386464548085,0.3742636593575318,fearful,06,07,07,male,normal,816
20,0.6673333333333333,True,1.0,0.6574281001399022,0.6595336970145301,0.6584808985772161,0.7323783947372818,-0.05069444444444443,-0.04750000000000004,0.3418806709428652,0.291284023609491,0.19027938161454036,0.8990992952672039,0.0021055968746279685,0.0031944444444443887,0.0047721046670673615,0.37915107167564555,0.12568857076604723,0.1094539215798934,0.0,0.9496636755534422,0.6247838609897084,0.29517779614287576,0.2824389533303063,0.37584637543101057,fearful,06,07,07,male,normal,816
30,1.0010000000000001,True,1.0,0.5894466131509299,0.6246213467982827,0.6070339799746063,0.882259125429565,-0.04976851851851849,-0.04782407407407413,0.39012485451057444,0.25676786068423735,0.19166706472162012,0.6880450000208796,0.035174733647352796,0.0019444444444443598,0.0057808718903130185,0.3277538254199295,0.1256249517886859,0.10952693394127719,0.0,0.8866604982797227,0.6166743740074154,0.2893874989449131,0.2869228056670946,0.38179200068795593,fearful,06,07,07,male,normal,816
40,1.3346666666666667,True,1.0,0.5750307027168743,0.6266547370782166,0.6008427198975455,0.8130523442441182,-0.05009259259259263,-0.04722222222222222,0.3800220305369764,0.3658735549098533,0.19584735793088182,0.7389963563245603,0.05162403436134233,0.002870370370370412,0.00695249149418875,0.3566396504565607,0.1269815399760428,0.10795122174313047,0.0,0.924058301394141,0.6168786177517883,0.28817804880574954,0.29120645577573123,0.38202326461606917,fearful,06,07,07,male,normal,816
50,1.6683333333333334,True,1.0,0.5859953063222587,0.6141874226616656,0.6000913644919621,1.0295725232949184,-0.049814814814814756,-0.0467129629629629,0.3588917618099476,0.35259332989552,0.19722841160573593,0.5828548751199214,0.02819211633940688,0.0031018518518518556,0.008261318972192497,0.30852344190562164,0.12493430090550971,0.11031408897937009,0.0,0.7649704817466995,0.6152280576058549,0.2884486285706331,0.29890494255903954,0.3972457928203603,fearful,06,07,07,male,normal,816
60,2.0020000000000002,True,1.0,0.6383745380216848,0.6291225982312952,0.63374856812649,0.8245553880495976,-0.049629629629629524,-0.04546296296296293,0.3561132171209679,0.35541180519379173,0.19938057002093051,0.7685942961643344,0.009251939790389518,0.004166666666666596,0.01798175051733603,0.35925017542156834,0.12047035319893204,0.11484103741399468,0.0,0.9999999987499999,0.6152994887251776,0.2891679674006599,0.2907295432625126,0.37615911738664576,fearful,06,07,07,male,normal,816
70,2.3356666666666666,True,1.0,0.6471087925991704,0.6604240465036754,0.6537664195514229,1.0626616019578117,-0.052222222222222225,-0.0472685185185186,0.3305795755268285,0.4781359758020516,0.19726090268305602,0.6152159994742878,0.013315253904504942,0.004953703703703627,0.01743912866607058,0.289600834981572,0.12940024543966266,0.10503977461490441,0.0,0.6897557348110557,0.6085386960643633,0.2869108841957759,0.29460995379204596,0.37660991898280716,fearful,06,07,07,male,normal,816
80,2.6693333333333333,True,1.0,0.6427933072978704,0.6589988038751836,0.6508960555865271,0.8581174797831014,-0.05282407407407408,-0.047870370370370285,0.3405313522521038,0.3549328999156139,0.19938057002093038,0.7585162532186714,0.016205496577313183,0.004953703703703793,0.012973671750722665,0.3494155244712024,0.12691430120472136,0.10803026390877246,0.0,0.8841362429534562,0.6113396020517583,0.28562168217007433,0.29037182944436357,0.37481375010222867,fearful,06,07,07,male,normal,816
90,3.003,True,1.0,0.637584993656782,0.6358113350580342,0.6366981643574081,0.8530187379118894,-0.05138888888888876,-0.047453703703703665,0.3466207007780073,0.33229118669066526,0.20007475409596917,0.7464058361906399,0.0017736585987477849,0.003935185185185097,0.01239554100841943,0.34297103418026076,0.12490127037897132,0.11035148584422418,0.0,0.8079337987693186,0.6170424722310799,0.2864469140822328,0.28559630912331696,0.3755484870349943,fearful,06,07,07,male,normal,816
100,3.336666666666667,True,1.0,0.6179002177458363,0.6163869611745848,0.6171435894602105,0.8029468600370838,-0.05203703703703699,-0.04763888888888884,0.3516636747580747,0.3082120531630623,0.20282329820624523,0.768598297316597,0.0015132565712514534,0.004398148148148151,0.009666407834159774,0.3615341963392175,0.1276410977283339,0.10717055538372589,0.0,0.8104450467724371,0.6172750854247949,0.28475847281451305,0.28864481331697883,0.37558985773435666,fearful,06,07,07,male,normal,816
0,0.0,True,1.0,0.6546733174121461,0.7028583980100973,0.6787658577111217,0.9522609976034264,-0.05263888888888879,-0.0506018518518519,0.3190916805721736,0.4999370237417988,0.1840427019957316,0.7127939287856846,0.048185080597951235,0.002037037037036893,0.007197020022642209,0.30982360853036717,0.12630061443259702,0.10874710370563334,0.0,0.9479303595594526,0.6228833917864022,0.2929891344254477,0.2791177222226388,0.3765634191307864,fearful,06,07,07,male,normal,817
10,0.33366666666666667,True,1.0,0.6546733174121477,0.7005001229863865,0.6775867201992671,1.0570750406282277,-0.05291666666666661,-0.051064814814814785,0.3208461566211534,0.5204537732813586,0.185457809398365,0.6410015317328581,0.045826805574238794,0.0018518518518518268,0.0012623395911245565,0.28973064007002164,0.1251966850915696,0.1100162161337985,0.0,0.8496064087381119,0.6248323502213385,0.2944568530009621,0.2816168728879547,0.37808748491030236,fearful,06,07,07,male,normal,817
20,0.6673333333333333,True,1.0,0.6360235645646871,0.6853880983963434,0.6607058314805152,1.0438552483855783,-0.0539351851851852,-0.0499074074074074,0.3114699906116962,0.5300008670343019,0.18545780939836495,0.6329477506602182,0.04936453383165629,0.004027777777777797,0.0040316010949052105,0.29878196817357155,0.12602149397730603,0.10907043974546322,0.0,0.7705738051680783,0.6254709780631003,0.2935415999666499,0.2812865063492338,0.3826193006725486,fearful,06,07,07,male,normal,817
30,1.0010000000000001,True,1.0,0.6061816750764185,0.639845806459492,0.6230137407679552,1.2206727483390531,-0.05351851851851852,-0.05087962962962955,0.32872419372444667,0.587159043504861,0.18127062450005685,0.5103855571574597,0.03366413138307345,0.0026388888888889683,0.006056383277862477,0.24953013247561723,0.12742377846795805,0.10742885297552564,0.0,0.6794423102545742,0.6246196311727816,0.2936011072620264,0.2866464490027074,0.38892238962389875,fearful,06,07,07,male,normal,817
40,1.3346666666666667,True,1.0,0.6141874226616649,0.6393061395381187,0.6267467810998918,0.848665055910009,-0.05421296296296296,-0.049907407407407456,0.3300352359148655,0.4474545379574354,0.1840480909992488,0.7385089992044529,0.02511871687645373,0.004305555555555507,0.009376546424314524,0.34818408087976677,0.12318733076551314,0.11192163067851872,0.0,0.8242469532062427,0.6214989826242997,0.29400802423055505,0.2781249993802757,0.3835386149687329,fearful,06,07,07,male,normal,817
50,1.6683333333333334,True,1.0,0.597211229664853,0.6031350316039098,0.6001731306343814,1.137157786680123,-0.05504629629629626,-0.050509259259259254,0.326797149548162,0.5685788933400622,0.18265392658968602,0.5277835122481619,0.005923801939056839,0.004537037037037006,0.014368054778320982,0.2777352920950736,0.12617930197440033,0.10871272959522026,0.0,0.7071067807446058,0.6221743548591312,0.29015970157644355,0.2865345467214709,0.39048966001504815,fearful,06,07,07,male,normal,817
60,2.0020000000000002,True,1.0,0.5796909645323675,0.6394995492024026,0.609595256867385,0.9247588568821239,-0.05500000000000005,-0.050509259259259254,0.3438689266186434,0.4917172531604839,0.18680718920315206,0.6591937480033113,0.059808584670035136,0.004490740740740795,0.01209991672219308,0.32180743220419017,0.12557494385490062,0.10958426550560028,0.0,0.7071067807446058,0.6210639132059074,0.29518222908375735,0.2792548808228808,0.3704273345946809,fearful,06,07,07,male,normal,817
70,2.3356666666666666,True,1.0,0.6100325465555316,0.6394995492024028,0.6247660478789672,1.006984907031646,-0.05564814814814806,-0.05143518518518525,0.3163969346080184,0.5434305115066755,0.18680596396879412,0.6204323853478898,0.029467002646871188,0.004212962962962807,0.017451392394158067,0.2874610861853069,0.1258138991473945,0.10930983739830175,0.0,0.7474662508231411,0.624478447097589,0.29334883102546394,0.2765532900909382,0.36916089821820497,fearful,06,07,07,male,normal,817
80,2.6693333333333333,True,1.0,0.5634961963821664,0.592564090049483,0.5780301432158247,1.0454727877162904,-0.05532407407407408,-0.05078703703703702,0.3055267964329787,0.5724979931808454,0.1868092312425576,0.5528887504365007,0.029067893667316547,0.004537037037037062,0.016503607563260216,0.3035593290306367,0.1271465229965816,0.1077568534272329,0.0,0.7729674512124526,0.618418822020996,0.29057513682612773,0.28331425442660807,0.376507284459779,fearful,06,07,07,male,normal,817
90,3.003,True,1.0,0.5762845530076768,0.612981347063009,0.5946329500353429,0.9637465351750388,-0.05569444444444438,-0.051435185185185195,0.33083326141035424,0.5047994929108535,0.18889252403601006,0.6170013881578766,0.036696794055332216,0.004259259259259185,0.01130486921856675,0.3218074322041891,0.1249206187677611,0.11032958251016749,0.0,0.6992550763289637,0.6190777691623526,0.2924309895179191,0.28105787817360306,0.3728588438210411,fearful,06,07,07,male,normal,817
100,3.336666666666667,True,1.0,0.6043421250954075,0.616816044040152,0.6105790845677798,0.8961161861120418,-0.05532407407407414,-0.051805555555555605,0.336987525985226,0.4629119987252915,0.1888892927975793,0.6813615176586474,0.012473918944744478,0.003518518518518532,0.010120152821902612,0.33785188924033394,0.124298597920533,0.11102988933216346,0.0,0.7664987179817623,0.6235335948754502,0.2932898478993192,0.281910818889793,0.3734612919006003,fearful,06,07,07,male,normal,817
0,0.0,True,1.0,0.602332253022456,0.6328260999398807,0.6175791764811683,0.9502363944185699,-0.0495370370370371,-0.04662037037037042,0.3237372350155561,0.48270193642536674,0.19097262172464527,0.6499216196187185,0.03049384691742474,0.0029166666666666785,0.011543063117510955,0.3269570880639209,0.12812006720145838,0.10659749598805118,0.0,0.8639316568451033,0.6254404046618648,0.29035215614725096,0.2858718608354455,0.37116506427621737,fearful,06,07,07,male,normal,818
10,0.33366666666666667,True,1.0,0.6328677008759108,0.6656008958564275,0.6492342983661692,0.9651024731102034,-0.05009259259259263,-0.047731481481481486,0.32397884357276563,0.4901912415090481,0.19097861416070602,0.6727102214067524,0.03273319498051663,0.002361111111111147,0.00807258350699855,0.3218074322041891,0.12462488437799091,0.11066352589728977,0.0,0.762353536214729,0.6254569186737196,0.2904391629183893,0.2832812832993423,0.3729025765186146,fearful,06,07,07,male,normal,818
20,0.6673333333333333,True,1.0,0.6358375704714165,0.6509229768147008,0.6433802736430587,0.7820695245267498,-0.056064814814814845,-0.05175925925925928,0.3470200934042828,0.36962827740154336,0.1944585692104391,0.8226637830343594,0.015085406343284258,0.0043055555555555625,0.008352494225801064,0.3889800729902667,0.12232291853122246,0.11320283287967071,0.0,0.8226124538523928,0.6242609037833884,0.2926592218225446,0.2815255575631071,0.3718569551924105,fearful,06,07,07,male,normal,818
30,1.0010000000000001,True,1.0,0.6271939599017209,0.6509229768147007,0.6390584683582108,1.039241508352944,-0.05671296296296302,-0.054259259259259285,0.3237456797156365,0.5119092205098996,0.19516390952681315,0.614927774941391,0.023729016912979795,0.0024537037037037357,0.008046999540324408,0.306377341201601,0.12527406669246913,0.10992809460982036,0.0,0.9003094699547183,0.6169804396915016,0.29059594328223265,0.286147102724124,0.3708373363867982,fearful,06,07,07,male,normal,818
40,1.3346666666666667,True,1.0,0.5943246368385182,0.6115324613534802,0.6029285490959992,0.8029941403733363,-0.05921296296296297,-0.05509259259259264,0.3524762702077685,0.38034712569886037,0.20140252662755678,0.7508504966370981,0.017207824514961945,0.00412037037037033,0.002788574910747842,0.3951072748801015,0.12421724976338065,0.11112089196624161,0.0,0.7039546433460647,0.6190258916691677,0.2905173588952931,0.28371437575935665,0.36950737418516205,fearful,06,07,07,male,normal,818
50,1.6683333333333334,True,1.0,0.5843194325452166,0.5824652906101293,0.5833923615776729,0.8008528583962043,-0.06125000000000003,-0.056203703703703756,0.3481611608239049,0.39325611898992496,0.2034815960064079,0.7284638563268415,0.0018541419350872612,0.005046296296296271,0.0018493960704659613,0.38209463599912113,0.123376683414569,0.11205343261055309,0.0,0.7309388670934446,0.6234423967868399,0.2881465012677246,0.2842756734145882,0.37101950459125044,fearful,06,07,07,male,normal,818
60,2.0020000000000002,True,1.0,0.5843194325452166,0.6017830753381276,0.5930512539416721,0.8656517153564293,-0.060138888888888964,-0.05490740740740746,0.333254991042223,0.45519199564880425,0.20280185597152162,0.6850922182918395,0.017463642792911016,0.005231481481481504,0.010620097077670934,0.388295726776278,0.1250394898351162,0.11019484448992954,0.0,0.775061855272921,0.6199677657391082,0.2905976735903052,0.2906724997850156,0.3679128030319075,fearful,06,07,07,male,normal,818
70,2.3356666666666666,True,1.0,0.6123165381029637,0.6069226553014923,0.609619596702228,1.0606055885805985,-0.061851851851851825,-0.05652777777777784,0.32798899407338866,0.5075591447091644,0.20418497639253083,0.5747844469856866,0.005393882801471461,0.005324074074073981,0.013786543731000028,0.3137081601737096,0.12452510287015903,0.11077579395097427,0.0,0.7895790325706298,0.6159819571813101,0.29104144277995675,0.2926617185906495,0.3728763624134191,fearful,06,07,07,male,normal,818
80,2.6693333333333333,True,1.0,0.5522370645186093,0.5770060337882232,0.5646215491534163,0.9017801581047082,-0.061296296296296404,-0.0539351851851852,0.34536216514898477,0.4294020074155398,0.20349621824753736,0.6261188429118847,0.024768969269613916,0.007361111111111207,0.010798684454217727,0.35748116800532287,0.12460729551522191,0.11051106608427083,0.0,0.7860347813001909,0.6137189502363445,0.28962013057378977,0.29133324668342264,0.37195059286759213,fearful,06,07,07,male,normal,818
90,3.003,True,1.0,0.5968534377041218,0.6055995894621655,0.6012265135831436,0.8527075197333873,-0.061805555555555614,-0.055000000000000104,0.35010717197163493,0.40496489289369475,0.20209277153915411,0.7050794084367014,0.008746151758043719,0.006805555555555509,0.007553248235946608,0.37530422200381913,0.12582057413269526,0.10930215412082613,0.0,0.7680905331885387,0.6178368930228342,0.28901673639147124,0.2911531885945122,0.37337935303819936,fearful,06,07,07,male,normal,818
100,3.336666666666667,True,1.0,0.6023322530224559,0.6001501399815822,0.601241196502019,0.8242940970608782,-0.06074074074074082,-0.054490740740740784,0.3492042289345516,0.3907555984061967,0.20071307091842525,0.7294013127666671,0.002182113040873679,0.006250000000000033,0.004178660577064175,0.3797299441182861,0.12512434441193562,0.11009848412192733,0.0,0.7242453694110303,0.6194274194599716,0.29110144517381115,0.28869780899639885,0.37409963633971643,fearful,06,07,07,male,normal,818
0,0.0,True,1.0,0.5849095050107809,0.5854281893016264,0.5851688471562037,0.9560460271293075,-0.05865740740740749,-0.05305555555555558,0.3369387892140336,0.4854733726824858,0.191744669646052,0.6120718360320723,0.0005186842908455613,0.005601851851851913,0.0008026856131035922,0.32555789743230706,0.12430857610916927,0.11101871768346713,0.0,0.6446331335260872,0.6295270985659889,0.2918343100639677,0.2804563059610854,0.3800023673727397,fearful,06,07,07,male,normal,819
10,0.33366666666666667,True,1.0,0.6536409551105571,0.6168160440401528,0.635228499575355,1.1013138251037915,-0.059583333333333266,-0.054305555555555496,0.3208222964046908,0.5506391347099306,0.19452133353920625,0.5767915421523824,0.03682491107040431,0.00527777777777777,0.0017735729624576255,0.28927637475760914,0.1255895999163781,0.10956746854391666,0.0,0.72429197987437,0.6274533303868423,0.2920840574109064,0.28464768555785636,0.37969687582414346,fearful,06,07,07,male,normal,819
20,0.6673333333333333,True,1.0,0.6336831295475109,0.5954378589020115,0.6145604942247612,0.9808807950358991,-0.057731481481481384,-0.05277777777777781,0.32840788854678965,0.49042145593869674,0.1945448649420196,0.62653943000512,0.03824527064549943,0.004953703703703571,0.0008878416599796115,0.3163940298931514,0.12388203271764743,0.11149448300116516,0.0,0.9999999987499999,0.6213770762992696,0.2923918114279856,0.28003554415882964,0.37161458644872053,fearful,06,07,07,male,normal,819
30,1.0010000000000001,True,1.0,0.58807413188523,0.5906836019435625,0.5893788669143962,0.969627537786196,-0.057731481481481495,-0.05023148148148143,0.3435724561360262,0.418687594603479,0.1965836719936872,0.6078404788915504,0.0026094700583325636,0.007500000000000062,0.0018634360226366827,0.3156932343352745,0.12552937270538506,0.109636464548437,0.0,0.6793106830310444,0.6205454141500351,0.2871330948751029,0.28316335590607405,0.37304010048514963,fearful,06,07,07,male,normal,819
40,1.3346666666666667,True,1.0,0.5337539317343313,0.4972385514997616,0.5154962416170464,0.8396029441236559,-0.06041666666666662,-0.0533333333333334,0.36038110809331536,0.37780472247384206,0.19593304199252465,0.613976219622599,0.03651538023456968,0.007083333333333219,0.007610953227866897,0.36598858678991986,0.12375079195124278,0.1116401328443484,0.0,0.9999999987499999,0.6231230880555347,0.29452104590815414,0.2858246028193898,0.37589660962333554,fearful,06,07,07,male,normal,819
50,1.6683333333333334,True,1.0,0.49016976896014713,0.4442358126175744,0.46720279078886073,0.9783766405977744,-0.06833333333333336,-0.06,0.360698764645745,0.37736166365286955,0.20283194969418367,0.4775285625210822,0.045933956342572746,0.00833333333333336,0.010187035077254684,0.322685496061413,0.12258301164535979,0.11292113631313837,0.0,0.6744507507825519,0.6272883946234744,0.29349849629483465,0.29222602025946065,0.38875854528314047,fearful,06,07,07,male,normal,819
60,2.0020000000000002,True,1.0,0.48213600750420627,0.46713906217578954,0.47463753483999793,0.8795929134114463,-0.06416666666666665,-0.057592592592592695,0.35816101833443686,0.4610579555711747,0.1993916667032484,0.5396104579778228,0.014996945328416722,0.0065740740740739545,0.011370257050830643,0.36431910315475097,0.12271378084507972,0.11277901294546447,0.0,0.6737750036635323,0.624644771564876,0.294164661694875,0.2887507228627325,0.38155421147706975,fearful,06,07,07,male,normal,819
70,2.3356666666666666,True,1.0,0.5445579775456361,0.5558427053683576,0.5502003414569968,1.1234867312146253,-0.061851851851851825,-0.05504629629629637,0.320197663213732,0.5617257370866656,0.19588046757961877,0.48972571386060215,0.011284727822721496,0.006805555555555454,0.011079822622562963,0.29447491722699715,0.12594093505317439,0.10916344923333687,0.0,0.7626286676982874,0.6207599904414891,0.2925600235377556,0.2922345734021264,0.3793290705446823,fearful,06,07,07,male,normal,819
80,2.6693333333333333,True,1.0,0.5250323767384784,0.5209707098604993,0.5230015432994888,0.9170609239023387,-0.06208333333333338,-0.05467592592592585,0.3414959672355402,0.47324386655414963,0.19728758777933098,0.5703018520012583,0.004061666877979042,0.007407407407407529,0.011705263637748415,0.35413977275453234,0.12368459806873432,0.11154279010033447,0.0,0.6861053309595627,0.619709803413553,0.29219095555686087,0.288416327489408,0.37702716599808966,fearful,06,07,07,male,normal,819
90,3.003,True,1.0,0.5250284198189128,0.5145238365010196,0.5197761281599662,0.8801789494547491,-0.06254629629629638,-0.05407407407407411,0.34308089748908016,0.4400121356409397,0.197287587779331,0.5905346049027368,0.010504583317893168,0.00847222222222227,0.013814496900174769,0.3659403501197988,0.12372448211242176,0.11166928985349615,0.0,0.7746581902673461,0.6187814212481868,0.29104777680299554,0.2862126431956291,0.37454661505729847,fearful,06,07,07,male,normal,819
100,3.336666666666667,True,1.0,0.5772914400573171,0.5815396550238837,0.5794155475406004,0.8800096283724085,-0.062268518518518556,-0.05500000000000005,0.33770356294046394,0.43246849398082393,0.19796330488050065,0.6584195545817363,0.004248214966566577,0.0072685185185185075,0.0119394261686766,0.35309700557313634,0.12677135117634822,0.10819797729911937,0.0,0.6691805525442933,0.6195145569946728,0.2925217580707467,0.2905693475286525,0.37365961460894553,fearful,06,07,07,male,normal,819
0,0.0,True,1.0,0.7077395355733008,0.6685164892586658,0.6881280124159833,0.9111961764194316,-0.05277777777777781,-0.04893518518518525,0.33896049479159734,0.41078516150056354,0.19526552289985197,0.7551919446369932,0.039223046314635024,0.003842592592592564,0.0029661229765058465,0.3411885245901645,0.12684109779847313,0.10811620452018018,0.0,0.7529589265483448,0.638894746992547,0.28396940149628874,0.28354529546454976,0.3719639338251306,fearful,06,07,07,male,strong,820
10,0.33366666666666667,True,1.0,0.657867290266599,0.6195135753275772,0.6386904327970881,0.9572649572649579,-0.05314814814814817,-0.04893518518518525,0.33710501331449794,0.41025641025641135,0.19662713428789932,0.6672033985469578,0.03835371493902173,0.004212962962962918,0.005297009690626283,0.330357142857143,0.12461981212885222,0.11066923779994924,0.0,0.8580153066236776,0.6387380678912189,0.2862148063616815,0.28052570255426246,0.37180302596716636,fearful,06,07,07,male,strong,820
20,0.6673333333333333,True,1.0,0.6947933988329356,0.6486965726237779,0.6717449857283567,0.9858843876013546,-0.053611111111111165,-0.04875000000000007,0.34170693438440475,0.365972234791413,0.19801532628674082,0.6813628394732009,0.04609682620915767,0.004861111111111094,0.0019386020528785442,0.3153409090909087,0.12346792589875105,0.11161201167068627,0.0,0.7071067807446058,0.6331575338338461,0.2962786895595703,0.2846930598152265,0.37178618301517447,fearful,06,07,07,male,strong,820
30,1.0010000000000001,True,1.0,0.5812341882627949,0.5766653359915483,0.5789497621271716,1.0026068590646922,-0.05578703703703708,-0.05273148148148149,0.42281948965350896,0.15703480925109672,0.20077995992193742,0.5774444458391796,0.004568852271246593,0.003055555555555589,0.003756642246452051,0.305207775723877,0.12132830831966321,0.1141013383906295,0.0,0.8007080938866783,0.6310038914940976,0.2910533083414133,0.3058729348716073,0.4073819872686261,fearful,06,07,07,male,strong,820
40,1.3346666666666667,True,1.0,0.6796686429974594,0.6576960387744025,0.668682340885931,1.2697857260774417,-0.06375000000000003,-0.05875000000000008,0.3557048241056942,0.53388718028256,0.20912119544110308,0.5266103777616016,0.021972604223056913,0.004999999999999949,0.003541109181306101,0.2623201140452187,0.12164565736635151,0.11393029366307705,0.0,0.6796991181952957,0.6276459747805372,0.297328072985179,0.30551038282030124,0.4010676181576158,fearful,06,07,07,male,strong,820
50,1.6683333333333334,True,1.0,0.6611517919155045,0.6414816394947943,0.6513167157051494,1.356750527138898,-0.057453703703703674,-0.05120370370370375,0.35776842406032555,0.44731088077728104,0.20144343430390393,0.480056357213024,0.01967015242071024,0.006249999999999922,0.00929861979459096,0.23331083256234705,0.12147681338982877,0.11411030443649425,0.0,0.919731833290788,0.6260534418376725,0.2932310591597302,0.3040630213438627,0.3923106254921608,fearful,06,07,07,male,strong,820
60,2.0020000000000002,True,1.0,0.6097735166722167,0.5988044591450853,0.604288987908651,1.1898418796527523,-0.056805555555555665,-0.05356481481481484,0.3583426593817489,0.4085601634952218,0.20147410961037118,0.5078733554789725,0.010969057527131398,0.0032407407407408217,0.0024355590405303706,0.2713519428808483,0.12094373920634248,0.1146751486437941,0.0,0.8859263117551972,0.6194220359706384,0.29488890808772544,0.3005146930918951,0.381276822851522,fearful,06,07,07,male,strong,820
70,2.3356666666666666,True,1.0,0.5722935857344209,0.5967628972562009,0.5845282414953109,0.9069483778277783,-0.05824074074074065,-0.05365740740740732,0.33855033046922817,0.4226533487531618,0.19940352799112818,0.6445000132149835,0.02446931152178,0.004583333333333328,0.006755006828334146,0.33405589541333375,0.12285562517218208,0.1126244783942168,0.0,0.6763246548424932,0.6185745527586035,0.2945725251049551,0.29816787844618653,0.3744712433431517,fearful,06,07,07,male,strong,820
80,2.6693333333333333,True,1.0,0.5595643968904609,0.5557815082272505,0.5576729525588557,0.9598791608158438,-0.05722222222222223,-0.05337962962962961,0.36895215503203505,0.36169359682915836,0.2000549240989834,0.5809824562550819,0.0037828886632104153,0.0038425925925926196,0.00853298916043205,0.3532295136585715,0.12234238997471185,0.11284462543777055,0.0,0.788574632211735,0.6201542801339287,0.2936455650699883,0.30358556445575186,0.38877324663930446,fearful,06,07,07,male,strong,820
90,3.003,True,1.0,0.5498199215864613,0.5161857211166903,0.5330028213515758,0.9558060382890913,-0.055833333333333346,-0.05106481481481484,0.362039017499097,0.33523358726210106,0.19864222379929886,0.5576474723947756,0.03363420046977106,0.004768518518518505,0.0030228229956923303,0.3471042366846218,0.12374713546478433,0.1116441858509186,0.0,0.8335748371442304,0.6191309940304247,0.29345656891743,0.3036886236512862,0.3890777181770891,fearful,06,07,07,male,strong,820
100,3.336666666666667,True,1.0,0.571836371561916,0.5615417018759243,0.5666890367189201,0.9217061264347043,-0.05574074074074076,-0.050555555555555576,0.3597098173144145,0.3455864100816299,0.19726090268305602,0.6148261582148284,0.010294669685991686,0.005185185185185182,0.0016440605333661617,0.361648169382053,0.1239074797953381,0.11146620214651824,0.0,0.9999999987499999,0.6226213589341987,0.29308139661066884,0.2986471592442754,0.3856452904576786,fearful,06,07,07,male,strong,820
0,0.0,True,1.0,0.6766388326354226,0.6399174607070299,0.6582781466712262,0.842030043758956,-0.06106481481481485,-0.05458333333333337,0.36640633849923754,0.28735945937805635,0.21181131879681864,0.7817751297003227,0.03672137192839264,0.006481481481481477,0.007368639113228825,0.3660714285714286,0.1270227388061378,0.10790274137724631,0.0,0.712720633518653,0.6257741694412139,0.2818610747477712,0.2982206303387666,0.37889568810002927,fearful,06,07,07,male,strong,821
10,0.33366666666666667,True,1.0,0.7226235453011217,0.6618232654752629,0.6922234053881924,0.8327572387661998,-0.06495370370370374,-0.059537037037037,0.35769339488819685,0.31222908534136007,0.21876255544325338,0.8312427357746897,0.06080027982585878,0.005416666666666736,0.012291913113692324,0.3749340994068738,0.12383874691435791,0.11154255928935457,0.0,0.9999999987499999,0.6162672345266232,0.2860072122741091,0.2986194361564188,0.37930054298102733,fearful,06,07,07,male,strong,821
20,0.6673333333333333,True,1.0,0.6620688991197329,0.6374894649903851,0.6497791820550589,0.7426905064007864,-0.06037037037037041,-0.056990740740740786,0.37649472782509746,0.23872194848596742,0.21112014572710378,0.8748990009364834,0.02457943412934782,0.0033796296296296213,0.008869003537066824,0.40178571428571386,0.1253961640531448,0.10978879638222257,0.0,0.7573614744124961,0.6228845911020658,0.28264294040367,0.2966757341609087,0.3779868002170284,fearful,06,07,07,male,strong,821
30,1.0010000000000001,True,1.0,0.774823002082367,0.7217436998174975,0.7482833509499323,1.0042644545206194,-0.061620370370370325,-0.057453703703703674,0.3700859049565689,0.3731632644656726,0.21042573109859153,0.7451058808081797,0.053079302264869455,0.004166666666666652,0.005725951065178926,0.3192198694936129,0.12450429465899601,0.11079918042026546,0.0,0.6963418797250215,0.6230107883231418,0.2858264518032744,0.30556933943158915,0.391664282906009,fearful,06,07,07,male,strong,821
40,1.3346666666666667,True,1.0,0.6467439099001722,0.6431332474688025,0.6449385786844873,0.9991635637487233,-0.07217592592592587,-0.06763888888888897,0.35881447960043905,0.33998278181614733,0.22503390586545505,0.6454784802848166,0.003610662431369649,0.004537037037036895,0.0009207729177863628,0.3362142259429339,0.12353437600886777,0.11187955896524021,0.0,0.7222495892512979,0.614856375073467,0.28706205959612346,0.3152763429880077,0.39442675208781514,fearful,06,07,07,male,strong,821
50,1.6683333333333334,True,1.0,0.6420414967823183,0.591428646602867,0.6167350716925926,0.8886156687963077,-0.06981481481481483,-0.06212962962962959,0.37783315574753557,0.27441603856161656,0.21948650831496794,0.6940402846238392,0.050612850179451274,0.007685185185185239,0.0003074114083683864,0.38163664282556964,0.12150579763419359,0.11374493842100347,0.0,0.6821180317171364,0.6372556027567277,0.3130016830458507,0.3059588549113421,0.4179495728563615,fearful,06,07,07,male,strong,821
60,2.0020000000000002,True,1.0,0.5643611530345894,0.5731488662003223,0.5687550096174558,0.9443856744324791,-0.06092592592592594,-0.05458333333333337,0.35741776903729683,0.3680200615050794,0.21182860757980146,0.6022486628243747,0.008787713165732902,0.006342592592592566,0.0035520984078433486,0.33087103288582276,0.12436382502093261,0.1109568240193058,0.0,0.7014429277091042,0.6091550547171994,0.2878445447451485,0.31621079031108434,0.3814180936851543,fearful,06,07,07,male,strong,821
70,2.3356666666666666,True,1.0,0.5951300362754374,0.5750757595878414,0.5851028979316394,1.0783246034372576,-0.0587037037037037,-0.05379629629629623,0.3313289648394524,0.45563011412841836,0.20698130803404025,0.5426036798813371,0.020054276687595962,0.004907407407407471,0.005263101236271096,0.2852112676056334,0.12584023282305135,0.10927952037540917,0.0,0.7798479790091013,0.6153291843221663,0.28720150973588227,0.3139792653650182,0.3833743630099237,fearful,06,07,07,male,strong,821
80,2.6693333333333333,True,1.0,0.5948774603633995,0.5797442302571258,0.5873108453102627,1.0026572376404899,-0.06013888888888885,-0.05523148148148149,0.350447280131467,0.3795773828210424,0.204196932878333,0.5857543567853317,0.015133230106273654,0.00490740740740736,1.7398269162129232e-05,0.31469256336744883,0.12376342358942433,0.11128425250873113,0.0,0.7071067807446058,0.6170573990690026,0.28814446645819686,0.3027578685545067,0.38266510368976225,fearful,06,07,07,male,strong,821
90,3.003,True,1.0,0.5749383020717779,0.5432324207746099,0.5590853614231939,0.944480561782634,-0.060324074074074086,-0.05518518518518528,0.3582019814084737,0.37356320727223674,0.20427463297768625,0.5919500983354952,0.031705881297168004,0.005138888888888804,0.004520458055511895,0.3361524068523942,0.12605514163206033,0.109031550656632,0.0,0.6692814082155275,0.6165522550582734,0.2872289952628293,0.30363515495217674,0.38158693285341383,fearful,06,07,07,male,strong,821
100,3.336666666666667,True,1.0,0.5500321685509385,0.542846483896148,0.5464393262235432,0.9231044518076471,-0.05972222222222223,-0.053796296296296287,0.3590325228318793,0.3706269634831179,0.20420403171054263,0.5919582828936547,0.007185684654790525,0.005925925925925946,0.005902904819511527,0.35073057180731876,0.12589513442386885,0.10921626664021157,0.0,0.6695664931411713,0.6198992429315476,0.28623347798988297,0.3029355670944214,0.37967452004934077,fearful,06,07,07,male,strong,821
0,0.0,True,1.0,0.7260111362394652,0.6946384919372406,0.7103248140883529,0.8315412186379918,-0.05740740740740741,-0.05250000000000005,0.357348703170029,0.24372759856630727,0.20903106270057495,0.8542268238390117,0.03137264430222464,0.00490740740740736,0.0027442683110865387,0.3782327586206891,0.12521323882606702,0.10999737539190683,0.0,0.6539661246070093,0.6311341033444628,0.2892541870317325,0.28842249439164547,0.3871210732351305,fearful,06,07,07,male,strong,822
10,0.33366666666666667,True,1.0,0.6917187283359666,0.6860506596321121,0.6888846939840394,0.7882477262191999,-0.060601851851851796,-0.05638888888888882,0.36271722009239105,0.24362746525501555,0.2097254962679616,0.8739444099486953,0.005668068703854501,0.004212962962962974,0.004161914494772794,0.38904109110731333,0.12314805711528931,0.11230464727122484,0.0,0.8386589723502829,0.63551596426852,0.289781458592566,0.2853073635688245,0.3864827916579346,fearful,06,07,07,male,strong,822
20,0.6673333333333333,True,1.0,0.6648522091455337,0.6414816394947941,0.6531669243201639,0.8818140673536103,-0.05740740740740741,-0.05407407407407411,0.36549213806024455,0.2417777777777782,0.20695034306004362,0.7407082155996518,0.02337056965073958,0.0033333333333332993,0.001617105267463328,0.35418349123773885,0.1230092498838314,0.11228712421943159,0.0,0.8763493568274846,0.6300760346638656,0.2920528303830765,0.2867714065541374,0.37877400776818526,fearful,06,07,07,male,strong,822
30,1.0010000000000001,True,1.0,0.6716853859833302,0.6799571590239109,0.6758212725036206,1.4865722292284895,-0.055138888888888904,-0.050694444444444486,0.30949287862878666,0.540560676651942,0.20208484347588665,0.4546171785102985,0.008271773040580688,0.0044444444444444176,0.004642380745227128,0.2495435406778795,0.11498119625770296,0.12065281710797872,0.0,0.7222151018512226,0.6308848839613972,0.2956988467804211,0.28210374349524686,0.38747025025058474,fearful,06,07,07,male,strong,822
40,1.3346666666666667,True,1.0,0.6001102418572156,0.6041460464819882,0.6021281441696019,1.0148890064823484,-0.05990740740740741,-0.05189814814814814,0.3482272309100025,0.44026766792261374,0.2062514796348441,0.593294577361327,0.004035804624772599,0.008009259259259272,0.0059164555775904374,0.3225992570636771,0.11788862162482432,0.11781362680385221,0.0,0.8354211846329868,0.6339405875553346,0.29357885109166165,0.28826463924268975,0.39187198990069555,fearful,06,07,07,male,strong,822
50,1.6683333333333334,True,1.0,0.6130615349608448,0.6019239804591215,0.6074927577099831,0.4998072103263597,-0.06037037037037035,-0.05509259259259264,0.3766106552950886,0.18048593706229688,0.20486706971089572,1.2154541694452703,0.011137554501723268,0.005277777777777715,0.002130450278362565,0.5963434264357129,0.12318328751871988,0.112266003074713,0.0,0.7071067807446058,0.6299838010594863,0.28988144366945445,0.2886165545267377,0.3772445778129838,fearful,06,07,07,male,strong,822
60,2.0020000000000002,True,1.0,0.5682576336477544,0.5544565565597662,0.5613570951037603,1.1396011396011396,-0.06268518518518518,-0.05671296296296291,0.3409430493747822,0.501424501424501,0.20973131666752284,0.49259085095354965,0.013801077087988167,0.005972222222222268,0.006918619202735807,0.2775000000000003,0.12231345885927626,0.11321305380542507,0.0,0.774401864199998,0.62114639370592,0.2962801407779915,0.30327848896250736,0.395849899937787,fearful,06,07,07,male,strong,822
70,2.3356666666666666,True,1.0,0.5914112532168005,0.5986324479333155,0.595021850575058,1.1434149794568336,-0.05999999999999994,-0.05425925925925923,0.3382305090645633,0.46354661329331065,0.2007005267484722,0.5203901131833312,0.007221194716514945,0.005740740740740713,0.007692863781635235,0.2967605431778573,0.12249104643423549,0.11302088883680353,0.0,0.7030614298646531,0.6247174046337286,0.29579148333612937,0.2927281996724093,0.3924868154627191,fearful,06,07,07,male,strong,822
80,2.6693333333333333,True,1.0,0.576229297151152,0.56715399996996,0.571691648560556,0.948190573082921,-0.05884259259259267,-0.05277777777777776,0.35400167396674975,0.348109948877883,0.2013949502200868,0.6029290575013558,0.009075297181192044,0.006064814814814912,0.002502139374561685,0.3528941399362345,0.1222907841460992,0.11323754625895598,0.0,0.7881894965584191,0.6265884919592837,0.2940823406961056,0.28897396502607653,0.3891215971872618,fearful,06,07,07,male,strong,822
90,3.003,True,1.0,0.644333065872001,0.6319786338460174,0.6381558498590092,0.9325417524417356,-0.05935185185185188,-0.05361111111111111,0.36203608832176615,0.37154525427239116,0.19862493957419503,0.6843187966523575,0.01235443202598363,0.0057407407407407685,0.0025722889363260174,0.3515489221035021,0.12488489575676817,0.11037001668042737,0.0,0.9999999987499999,0.6217323779980743,0.2952737451291188,0.28879287927316294,0.38586932595646667,fearful,06,07,07,male,strong,822
100,3.336666666666667,True,1.0,0.6051553201535604,0.5653306000482857,0.585242960100923,0.9477688295911654,-0.05930555555555561,-0.05305555555555558,0.3571746275164116,0.38501621651546075,0.19584307274374055,0.617495471288475,0.039824720105274714,0.006250000000000033,0.002151749114699099,0.34311612585332896,0.12497478011097159,0.1102682280008196,0.0,0.8666057222364606,0.6291528813244048,0.294950663284363,0.28498019756739534,0.38240189518733514,fearful,06,07,07,male,strong,822
0,0.0,True,1.0,0.6494649607791666,0.6853849632376708,0.6674249620084187,1.035661550745281,-0.05912037037037038,-0.0539351851851852,0.33527649948514604,0.4559841653373257,0.1972469785909827,0.6444431209482745,0.03592000245850424,0.005185185185185182,0.0016145475981807047,0.3022281549128822,0.12592107861705004,0.10918635322372078,0.0,0.7798766563313904,0.6234795988082733,0.29601492100908483,0.2857324175729317,0.37625138670262603,fearful,06,07,07,male,strong,823
10,0.33366666666666667,True,1.0,0.66689938286996,0.6546733174121463,0.6607863501410531,1.0698497774119384,-0.059027777777777846,-0.05263888888888896,0.32928687674658474,0.4877089478859384,0.19515296339244412,0.6176440506811657,0.012226065457813684,0.006388888888888888,0.0006710766593622062,0.2812403779529498,0.12297328464299499,0.11181651597230469,0.0,0.683602067082701,0.6265853414725264,0.2959959672136336,0.2866760330229486,0.3837145373278314,fearful,06,07,07,male,strong,823
20,0.6673333333333333,True,1.0,0.7001328878695513,0.6720449630049247,0.686088925437238,1.063492063492064,-0.06527777777777788,-0.05995370370370379,0.32741461098893043,0.5079365079365089,0.19655922022996586,0.6451283925753131,0.028087924864626634,0.005324074074074092,0.00106747717296025,0.2858377006867401,0.12147720692067424,0.11410988549946648,0.0,0.7071067807446058,0.627782125623687,0.2966938797396579,0.2930795153489716,0.39407563692160785,fearful,06,07,07,male,strong,823
30,1.0010000000000001,True,1.0,0.6934314146571076,0.6969074632750826,0.6951694389660951,1.351045647613868,-0.06481481481481477,-0.06162037037037038,0.2975994327806409,0.6487863727219852,0.2000308966613423,0.514541784871488,0.003476048617975014,0.0031944444444443887,0.0013587511439115904,0.2224046304812362,0.12119271284655121,0.11441199291489176,0.0,0.8424438130558661,0.6285288092502627,0.29793254289015575,0.2991239820640479,0.40490363166808263,fearful,06,07,07,male,strong,823
40,1.3346666666666667,True,1.0,0.69925564509002,0.6888750095190721,0.6940653273045461,1.1839227244621837,-0.0633333333333333,-0.058796296296296346,0.3336258069070372,0.4751138697773114,0.19937023807184537,0.5862420857069338,0.010380635570947927,0.004537037037036951,0.0007490947704688935,0.2590389577196336,0.12218738800714837,0.11334910666674097,0.0,0.6708211780219729,0.626970138789891,0.2986228090738566,0.3051816410027497,0.40882152481622536,fearful,06,07,07,male,strong,823
50,1.6683333333333334,True,1.0,0.6069098159339044,0.621676708016066,0.6142932619749852,1.265901128575156,-0.05837962962962967,-0.05509259259259269,0.38807956888066397,0.3972703690230518,0.19862993294926806,0.48526164335314825,0.014766892082161642,0.0032870370370369772,0.0038026688990250206,0.2573092228656928,0.12822633733860728,0.10646963972701494,0.0,0.7731267811934717,0.5862951856445704,0.26891344880885104,0.315702976688451,0.3849726494750699,fearful,06,07,07,male,strong,823
60,2.0020000000000002,True,1.0,0.6000572283039776,0.5917861818182827,0.5959217050611301,1.003204303994734,-0.058009259259259205,-0.05361111111111111,0.3584531041547571,0.4585928757741459,0.2034857203346512,0.5940182898819164,0.008271046485694877,0.0043981481481480955,0.0012851879332660548,0.32141819417512113,0.12146251598400824,0.11412552291659536,0.0,0.6795013032418864,0.6183580345497574,0.29488659822382757,0.3062620166719822,0.3921831469807747,fearful,06,07,07,male,strong,823
70,2.3356666666666666,True,1.0,0.6640170740684943,0.6525327075515411,0.6582748908100178,1.597729287484524,-0.06185185185185188,-0.05601851851851852,0.29092051854053147,0.6834730840906008,0.2007252342133516,0.41200652448851977,0.01148436651695317,0.005833333333333357,0.005165693975545325,0.20030840419244358,0.12315693499820976,0.11229491142569081,0.0,0.7754956729696544,0.6140820921180972,0.29359127075804986,0.304970810751505,0.3868674588116789,fearful,06,07,07,male,strong,823
80,2.6693333333333333,True,1.0,0.6071943494262839,0.5942459540039389,0.6007201517151114,1.210585808812822,-0.061851851851851825,-0.05726851851851855,0.33234827201020023,0.5593212914135198,0.19794788850499279,0.4962226942873352,0.01294839542234505,0.004583333333333273,0.001059243119365281,0.2708655573087802,0.12348033356884654,0.11193920221199948,0.0,0.6748757004080914,0.6255890712300546,0.29289042980409763,0.29614633488338665,0.3875160318269363,fearful,06,07,07,male,strong,823
90,3.003,True,1.0,0.6134488765216536,0.606550682707206,0.6099997796144299,1.0904802551273416,-0.060185185185185286,-0.05615740740740732,0.3419520241801339,0.5302862993916365,0.19656659489174175,0.5593863591259585,0.006898193814447562,0.004027777777777963,0.0029072037935488344,0.29311977804900774,0.12503168467578166,0.1102037004706171,0.0,0.810234012762202,0.6271779753932822,0.2924961790383091,0.29380415776319074,0.38448772332608466,fearful,06,07,07,male,strong,823
100,3.336666666666667,True,1.0,0.5762309355313244,0.5819803992797911,0.5791056674055577,1.0519838858185744,-0.06064814814814817,-0.05601851851851852,0.34382169903100007,0.4888888888888883,0.19724117659584228,0.5504891046453069,0.005749463748466632,0.00462962962962965,0.0031840136642583543,0.3089400934569539,0.1254053764303899,0.10977827350045849,0.0,0.9999999987499999,0.625790890262355,0.294760199159951,0.29423084793470405,0.38665605621376414,fearful,06,07,07,male,strong,823
0,0.0,True,1.0,0.3933976443629458,0.4253351804915195,0.40936641242723265,0.4316500578202123,-0.03342592592592608,-0.034212962962963,0.33432315660103806,0.23890093626508674,0.18914116362473732,0.9483756691577669,0.03193753612857375,0.0007870370370369195,0.014885254641584175,0.7265864594520012,0.12848038173168255,0.10616293741564753,0.0,0.7146121172807197,0.623313486472714,0.28303844908317694,0.2778218474499541,0.36032625383131084,disgust,07,07,07,male,normal,824
10,0.33366666666666667,True,1.0,0.44037124725453214,0.4174762855049382,0.42892376637973517,0.3813267729850252,-0.03467592592592594,-0.03384259259259259,0.3541187186824984,0.2048986855765144,0.1905282135214888,1.1248194377282266,0.022894961749593934,0.0008333333333333526,0.01342626229099944,0.8024798288842119,0.1259016065019711,0.10920880573699955,0.0,0.7761808434708737,0.6284174645952131,0.2823876611605724,0.2779167615486399,0.3611090544309864,disgust,07,07,07,male,normal,824
20,0.6673333333333333,True,1.0,0.46491290627597276,0.44537856061244346,0.4551457334442081,0.4318344974592779,-0.03564814814814821,-0.03486111111111112,0.34831102853965906,0.23807444349065823,0.1871030522431032,1.053981875283432,0.019534345663529296,0.000787037037037086,0.014636985726249588,0.7760442575858252,0.12508935357839127,0.10996511921451002,0.0,0.9999999987499999,0.6285328150635254,0.2832339597636573,0.27450324073324567,0.3613695517667429,disgust,07,07,07,male,normal,824
30,1.0010000000000001,True,1.0,0.35445980930926013,0.3330557304781944,0.3437577698937273,1.1231850379678705,-0.03953703703703704,-0.03888888888888886,0.35473318511595536,0.3455864100816299,0.18638802293354265,0.30605622250423953,0.02140407883106571,0.0006481481481481755,0.008959814583464409,0.28959136719860595,0.12444628675893825,0.11069234632313556,0.0,0.8044209048785236,0.6282125686133828,0.28635318075246424,0.28780893962772913,0.3865346816178313,disgust,07,07,07,male,normal,824
40,1.3346666666666667,True,1.0,0.3085780506692864,0.29088394375422677,0.29973099721175656,0.853341073423524,-0.043657407407407534,-0.04171296296296295,0.33605339256923433,0.40381318653077425,0.1829431614104051,0.35124407642686645,0.017694106915059626,0.0019444444444445819,0.006314211873836502,0.37336384402978684,0.12950807547206672,0.10472503144410153,0.0,0.6408707754538401,0.5746272022168243,0.264134939314255,0.2990484112119941,0.33081357559762387,disgust,07,07,07,male,normal,824
50,1.6683333333333334,True,1.0,0.30355383243325146,0.33364430659064104,0.3185990695119463,1.1199199642585767,-0.04268518518518516,-0.04305555555555557,0.34660448836009056,0.4789131426105752,0.1830144607295566,0.2844837842701279,0.03009047415738958,0.00037037037037040976,0.01012454250787088,0.29634488498829503,0.12672445713379263,0.10790033289799894,0.0,0.8298577850696672,0.5912872864145658,0.26393399472960866,0.2769583508164108,0.3371524918381912,disgust,07,07,07,male,normal,824
60,2.0020000000000002,True,1.0,0.33829491282868646,0.34313720356937727,0.34071605819903183,0.9545142124381287,-0.041111111111111154,-0.03967592592592595,0.33803658325105024,0.44695506772896576,0.18168052317185795,0.3569523153864165,0.004842290740690813,0.001435185185185206,0.010056061450949715,0.32142857142857084,0.12867756602893263,0.10592384892748509,0.0,0.6838893921881332,0.5945853754079757,0.2615395608811943,0.277398648763286,0.32975555453512584,disgust,07,07,07,male,normal,824
70,2.3356666666666666,True,1.0,0.3090092243828031,0.2905863338309171,0.2997977791068601,0.6718821150469151,-0.04162037037037042,-0.04055555555555557,0.31456240527669843,0.3112428591958687,0.18428670713176193,0.446205922724891,0.018422890551886006,0.0010648148148148517,0.01447774981249934,0.45519289961543435,0.12422155549957141,0.11077262759539284,0.0,0.7668801950074389,0.6243567600321379,0.29105122490593405,0.2832710299092812,0.3664836905651617,disgust,07,07,07,male,normal,824
80,2.6693333333333333,True,1.0,0.4580244371030431,0.4317825614563552,0.44490349927969913,0.9697026831254258,-0.03958333333333347,-0.038842592592592595,0.3371713870512913,0.4318040484839162,0.18710305224310314,0.4588040303711867,0.026241875646687896,0.000740740740740875,0.01739227984095216,0.3080018612990069,0.12406733047291153,0.11128825310630372,0.0,0.8103255964071204,0.6235348756533864,0.2921176516364168,0.28322185188183324,0.37324481943027854,disgust,07,07,07,male,normal,824
90,3.003,True,1.0,0.4423251068207386,0.4059894856831451,0.4241572962519419,0.8505757433916464,-0.03805555555555562,-0.03685185185185186,0.35737559998034446,0.3676050132123948,0.18710305224310314,0.49867081156185666,0.03633562113759353,0.0012037037037037623,0.024896389199577616,0.3923390920940361,0.12671377585250004,0.1082653997349116,0.0,0.8924120755965617,0.6261181763252176,0.2896984305445592,0.2793409476586867,0.36734149762960927,disgust,07,07,07,male,normal,824
100,3.336666666666667,True,1.0,0.4745503847154879,0.4312352106415922,0.45289279767854007,0.6879234208057856,-0.03879629629629644,-0.0404166666666666,0.35106255163062833,0.3219836487630947,0.18781873949702144,0.6583476939163563,0.04331517407389568,0.001620370370370161,0.01718998568491515,0.4805765196171503,0.13086874156873682,0.10246333227451206,0.0,0.9999999987499999,0.5770766183660964,0.2586861488964557,0.2846955625356359,0.3194850381214362,disgust,07,07,07,male,normal,824
0,0.0,True,1.0,0.45077532789559577,0.47714056480261896,0.46395794634910736,0.5403897944523324,-0.034166666666666734,-0.034490740740740766,0.3603770499730726,0.2630845051938987,0.19167024913148814,0.8585616366410357,0.026365236907023193,0.0003240740740740322,0.019552593044616536,0.622267224998617,0.12737041211706576,0.10749212011905615,0.0,0.7429380296906213,0.6273893373990223,0.28473030918900805,0.27673010505159845,0.3578396446893804,disgust,07,07,07,male,normal,825
10,0.33366666666666667,True,1.0,0.41746836911870866,0.4395975169222839,0.42853294302049627,0.5627776559520853,-0.03944444444444445,-0.039583333333333415,0.34660262681701137,0.266549688356858,0.19238054442833313,0.7614604781981278,0.022129147803575222,0.0001388888888889661,0.01855578702200694,0.5943747264993889,0.1216556883549149,0.11391958242924691,0.0,0.7281299054614587,0.6283026684970864,0.28393643174249206,0.26447690777409033,0.35655417910114917,disgust,07,07,07,male,normal,825
20,0.6673333333333333,True,1.0,0.280841171772012,0.3172768918840909,0.2990590318280515,0.8302237746883842,-0.042824074074074125,-0.03949074074074066,0.3208414041047987,0.3113157018704918,0.18958494304490606,0.3602149696812768,0.036435720112078906,0.003333333333333466,0.0008481007666435599,0.36977242034158947,0.12039167075454422,0.1149235201663611,0.0,0.8139418511423744,0.6217453766819228,0.28698158208070623,0.27382461314244844,0.3613218689720968,disgust,07,07,07,male,normal,825
30,1.0010000000000001,True,1.0,0.20183387692196855,0.25501769359652326,0.2284257852592459,1.0923526947378615,-0.049675925925925846,-0.045925925925925926,0.36319037575673324,0.319193969241583,0.18959782024548774,0.20911358241676936,0.05318381667455471,0.00374999999999992,0.009770817872510827,0.3165303434083304,0.12221625019282767,0.11331798603369594,0.0,0.8057283251602274,0.6164039324167168,0.2898666240847438,0.29192533635266854,0.3874439295440045,disgust,07,07,07,male,normal,825
40,1.3346666666666667,True,1.0,0.23840874617820823,0.29217227429972864,0.26529051023896844,0.8517902773288681,-0.04763888888888895,-0.04199074074074083,0.35185372745766125,0.33777890307868885,0.1833836804240681,0.3114505028994858,0.05376352812152041,0.005648148148148124,0.005492639024757338,0.37014419571871776,0.127798440272922,0.10698287916522596,0.0,0.691477160618486,0.5735846291954283,0.26334783114114896,0.28534713281981805,0.33213528124490466,disgust,07,07,07,male,normal,825
50,1.6683333333333334,True,1.0,0.22213309639155832,0.2636996050901594,0.24291635074085885,1.1128312605252988,-0.05111111111111111,-0.04611111111111116,0.3544852728942633,0.42633306830145795,0.18685496707656818,0.21828677838021288,0.04156650869860107,0.004999999999999949,0.005197025587923161,0.32168224502612514,0.12309975617686267,0.11235758897122664,0.0,0.91971438806106,0.61823434660583,0.2954724268563393,0.2886919282673256,0.3879259040045814,disgust,07,07,07,male,normal,825
60,2.0020000000000002,True,1.0,0.40461433631268473,0.4192174874838617,0.4119159118982732,0.932961094569353,-0.04870370370370364,-0.04662037037037031,0.3488738491977454,0.4146328485551129,0.19446366956824931,0.4415145650724161,0.014603151171176942,0.002083333333333326,0.0010410047270065722,0.35748116800532354,0.12489415977236053,0.11035953345836153,0.0,0.7281191548903834,0.621172399123712,0.29347950922817106,0.28642881933706543,0.37725028885975725,disgust,07,07,07,male,normal,825
70,2.3356666666666666,True,1.0,0.4602805565185713,0.45788102291107874,0.459080789714825,0.7664013761476527,-0.045555555555555516,-0.04370370370370369,0.3012959834180786,0.40902729977423,0.1923753888416181,0.5990083055727444,0.0023995336074925655,0.0018518518518518268,0.005545933167076153,0.3859232144842587,0.12184047845161944,0.11372192216399263,0.0,0.6690288753584703,0.6211984001256753,0.2944660933099095,0.2792331708412594,0.3674549949963092,disgust,07,07,07,male,normal,825
80,2.6693333333333333,True,1.0,0.4525024897872957,0.4901697689601466,0.47133612937372116,0.9894101932536027,-0.04972222222222217,-0.04518518518518516,0.3392143810883085,0.41739130434782584,0.19308756342655742,0.4763809111605844,0.0376672791728509,0.004537037037037006,0.003903583107556463,0.31677958254787086,0.12593507809151092,0.10917020599387432,0.0,0.8404933291744806,0.6280091414925345,0.2940441063689675,0.28388917558853655,0.37859964391695117,disgust,07,07,07,male,normal,825
90,3.003,True,1.0,0.49595088002791393,0.5268551759768703,0.5114030280023921,1.0529456494392995,-0.050277777777777644,-0.0461111111111111,0.32788342937972764,0.4164489013639524,0.19168099612422101,0.48568796335757464,0.03090429594895633,0.004166666666666541,0.00823137750365793,0.30369863659981783,0.12653010183802385,0.10848000322358879,0.0,0.8217914516955929,0.6188396106723939,0.2946316856121321,0.2877820074903402,0.38138084832361047,disgust,07,07,07,male,normal,825
100,3.336666666666667,True,1.0,0.5280040982257093,0.5732104730678649,0.5506072856467871,1.0058022300896576,-0.04944444444444446,-0.04615740740740748,0.32694883564337535,0.36930374271897676,0.19377519997409368,0.5474309652283289,0.04520637484215562,0.0032870370370369772,0.006953582721018729,0.31793343520417505,0.12542509192804485,0.10975574739094737,0.0,0.7314487865591585,0.6148287571200356,0.29583616568667553,0.2843926857520959,0.37853650687741935,disgust,07,07,07,male,normal,825
0,0.0,True,1.0,0.5841378172610956,0.546446284119425,0.5652920506902603,0.5678791064661047,-0.03925925925925933,-0.03953703703703704,0.3418316414943985,0.3510345925550272,0.1885120097659645,0.9954443547114392,0.03769153314167062,0.0002777777777777102,0.009635986531137588,0.5622536542850753,0.12343203754862524,0.11199245455282547,0.0,0.7349622088893599,0.6363384787196127,0.2838301478062126,0.26800743658734744,0.3583652746511725,disgust,07,07,07,male,normal,826
10,0.33366666666666667,True,1.0,0.3549402858361211,0.3290398410907409,0.34199006346343097,0.571419652338614,-0.05527777777777776,-0.05412037037037043,0.3275795553878007,0.34903051518250944,0.1866714721141878,0.5984919525672407,0.02590044474538017,0.0011574074074073293,0.017072905700967818,0.5005266723301982,0.12395841011907731,0.11140956121944096,0.0,0.7544623491919199,0.6290294682091586,0.2940198618533501,0.2758628651709811,0.3672061150099037,disgust,07,07,07,male,normal,826
20,0.6673333333333333,True,1.0,0.33577117044700555,0.2807017543859654,0.3082364624164855,0.6181232601390964,-0.049768518518518545,-0.050000000000000044,0.33430139615664267,0.3862888444110937,0.18330604016116847,0.49866504351757124,0.055069416061040155,0.00023148148148149916,0.016746838520563634,0.5343221704634814,0.12978142337879955,0.10438609087956799,0.0,0.8012357582370704,0.5977011044964861,0.25837399230301905,0.2675906419910706,0.33006436882452206,disgust,07,07,07,male,normal,826
30,1.0010000000000001,True,1.0,0.27207697466285147,0.23769137409700195,0.2548841743799267,1.104575295948542,-0.058750000000000024,-0.05675925925925929,0.32055094249426697,0.528257588376813,0.18802660425123355,0.23075310059424037,0.03438560056584952,0.0019907407407407374,0.006438307055118918,0.31792421848997027,0.12346778193602788,0.11195304638101451,0.0,0.9999999987499999,0.6266731310336635,0.2958439173528809,0.276299688068162,0.3701639820401369,disgust,07,07,07,male,normal,826
40,1.3346666666666667,True,1.0,0.3660412545224427,0.3454278401096803,0.35573454731606147,0.8422057730532241,-0.04694444444444451,-0.04476851851851854,0.34158704549017654,0.42108164457768943,0.18592003776837343,0.4223843610409216,0.020613414412762376,0.00217592592592597,0.01853814404442688,0.38167717442642135,0.12331113670940698,0.11212556057083249,0.0,0.9999999987499999,0.625353036316089,0.29731629273200205,0.2729174604674451,0.359434097412496,disgust,07,07,07,male,normal,826
50,1.6683333333333334,True,1.0,0.38345986889319567,0.35167590375590774,0.36756788632455173,0.781242291155044,-0.05189814814814814,-0.04874999999999996,0.3392993258024785,0.4289173363204161,0.18944103348521052,0.47049153698670526,0.03178396513728793,0.0031481481481481777,0.018034459608586077,0.40808823529411814,0.12161017639345642,0.11396816558870457,0.0,0.6769833577198348,0.6320134917951555,0.29397946888490784,0.2730696146128593,0.36057968169799787,disgust,07,07,07,male,normal,826
60,2.0020000000000002,True,1.0,0.3857683275822663,0.3550467158593472,0.37040752172080676,0.9459734964322121,-0.04833333333333345,-0.04592592592592598,0.31502474344621456,0.53822629969419,0.18866250428030362,0.3915622616466718,0.030721611722919095,0.002407407407407469,0.021688828697428306,0.310344827586207,0.1217714080640337,0.11329249800966114,0.0,0.9999999987499999,0.627742857189751,0.2964902716177348,0.27640999374108893,0.36495794535419007,disgust,07,07,07,male,normal,826
70,2.3356666666666666,True,1.0,0.42732600325103925,0.4120617635735678,0.4196938834123035,0.9691390308801302,-0.04620370370370375,-0.04620370370370369,0.31456610281590336,0.542036180193784,0.19010416666666666,0.43305848803876534,0.01526423967747148,5.551115123125783e-17,0.015039863891196477,0.3245806039401431,0.129639809017842,0.10456191343448532,0.0,0.7071067807446058,0.5900442242756478,0.26345640118156743,0.27679586447984433,0.3251986661472252,disgust,07,07,07,male,normal,826
80,2.6693333333333333,True,1.0,0.4619394777236414,0.3946842848210566,0.428311881272349,0.8059136972142745,-0.04736111111111119,-0.04597222222222219,0.3442031922651255,0.4253433401964226,0.18944103348521046,0.531461225628568,0.0672551929025848,0.001388888888888995,0.01970871581122745,0.4166666666666669,0.12421664688563781,0.1102609752765969,0.0,0.8460348042479393,0.6250671871717437,0.29541862952249553,0.27806928551837307,0.3607165080429108,disgust,07,07,07,male,normal,826
90,3.003,True,1.0,0.4790186552599783,0.44179236120563414,0.46040550823280624,0.8127296090250689,-0.04740740740740751,-0.04648148148148151,0.3382960876620309,0.42894062698545293,0.19101771573813517,0.5664928447544784,0.03722629405434413,0.0009259259259259967,0.018698168829672367,0.406671855465952,0.12482740565282902,0.11043503324752227,0.0,0.7071067807446058,0.6243542086991046,0.29526500027503866,0.27593199947651526,0.3591923029166227,disgust,07,07,07,male,normal,826
100,3.336666666666667,True,1.0,0.4443896216856127,0.4187403898797944,0.4315650057827035,0.8120860288283988,-0.04592592592592598,-0.04625000000000007,0.34067010134864406,0.4060430144141994,0.18884196976507392,0.5314276941881698,0.025649231805818296,0.0003240740740740877,0.028600948803882947,0.3871921345494076,0.1260265420262574,0.10888978155912127,0.0,0.7071067807446058,0.6231092544517808,0.2960271751126318,0.27480123691693953,0.3565350849328946,disgust,07,07,07,male,normal,826
0,0.0,True,1.0,0.4324932469229375,0.5039152441125442,0.46820424551774087,0.5457909588393473,-0.03861111111111115,-0.03518518518518515,0.34835735519671124,0.3020836745697479,0.18960305135840616,0.8578453672325417,0.07142199718960668,0.003425925925925999,0.022854577791385788,0.597802309539247,0.12555688184887104,0.10960495969908275,0.0,0.866154836681052,0.6233899126838237,0.28445303986749587,0.2770042485241934,0.3615271826706379,disgust,07,07,07,male,normal,827
10,0.33366666666666667,True,1.0,0.4279100217889317,0.4898469785779759,0.4588785001834538,0.5457909588393469,-0.03583333333333327,-0.033333333333333326,0.3532727283155357,0.27261209656294316,0.18889252403601006,0.8407587057859716,0.06193695678904415,0.0024999999999999467,0.028301795987550123,0.5677234845636294,0.12633406349502696,0.1087082433472095,0.0,0.6816144239348328,0.6239256741915515,0.2943540259369252,0.2727066256539453,0.3593989555511778,disgust,07,07,07,male,normal,827
20,0.6673333333333333,True,1.0,0.4075077957528892,0.4192215239031402,0.41336465982801474,0.5544617905542742,-0.03800925925925924,-0.03351851851851856,0.35258125901689963,0.2840289940755772,0.19048976799342796,0.7455241585083616,0.011713728150251013,0.004490740740740684,0.012293334546043281,0.6109511175709926,0.1236074532540022,0.11162827295375638,0.0,0.7071067807446058,0.6235127344140782,0.2887797522457928,0.27503637935870623,0.36411929264407816,disgust,07,07,07,male,normal,827
30,1.0010000000000001,True,1.0,0.4305802397253418,0.4520219146584577,0.44130107719189976,1.016021941652509,-0.03814814814814821,-0.033240740740740626,0.2936519417986226,0.47215420857670026,0.18541666666666667,0.434342073827801,0.021441674933115884,0.004907407407407582,0.021736986701955605,0.29799408989623916,0.12988079436349223,0.10444499521947867,0.0,0.6484796652292748,0.5751166963816777,0.2611617996438794,0.27444791718835887,0.3128066379611777,disgust,07,07,07,male,normal,827
40,1.3346666666666667,True,1.0,0.35943137260103486,0.38116152951953974,0.3702964510602873,0.7993860727702728,-0.039629629629629626,-0.035833333333333384,0.3333218001087626,0.3611764980254293,0.18618037767855122,0.4632260476805966,0.021730156918504884,0.003796296296296242,0.01885550174971911,0.3721987560879209,0.12332897628155794,0.11210593819936673,0.0,0.7851988285878543,0.6302299249152785,0.29401334223981956,0.27607285599477904,0.3701408959677965,disgust,07,07,07,male,normal,827
50,1.6683333333333334,True,1.0,0.34294849787576687,0.3952813640400929,0.3691149309579299,1.251847435770561,-0.040231481481481535,-0.035231481481481475,0.3355306542288163,0.47899816706975556,0.18473254743001213,0.2948561625089125,0.05233286616432603,0.00500000000000006,0.026938732299892215,0.2649840238851615,0.12547235582526842,0.10970171235709454,0.0,0.8270724159799425,0.6174803250440801,0.29557522248950263,0.2918711067231862,0.3942603147355404,disgust,07,07,07,male,normal,827
60,2.0020000000000002,True,1.0,0.24995641356131185,0.2525115417031255,0.25123397763221866,0.9377543477409274,-0.052361111111111025,-0.047731481481481486,0.3479921408452584,0.41663027610865105,0.1861443130964601,0.26791022429002576,0.0025551281418136618,0.004629629629629539,0.022514973348055682,0.3584224593812206,0.12832419924438423,0.10635166975174414,0.0,0.667217051476587,0.580027413238733,0.26191433823472443,0.28956116114346625,0.33517563960967406,disgust,07,07,07,male,normal,827
70,2.3356666666666666,True,1.0,0.21078080397887694,0.22776405878234174,0.21927243138060934,0.751083031485444,-0.053611111111111165,-0.0496759259259259,0.30595311980052964,0.3485960809996951,0.1854203698863569,0.29194166581948516,0.016983254803464798,0.003935185185185264,0.03049086567630198,0.39774528669137416,0.12499427801435788,0.11024612571052873,0.0,0.6921385890582891,0.6238465761929773,0.29621855129313285,0.2688526210465435,0.36026876310309547,disgust,07,07,07,male,normal,827
80,2.6693333333333333,True,1.0,0.3899581974062034,0.46806278341483176,0.4290104904105176,0.8638547280417047,-0.042685185185185215,-0.039768518518518536,0.35643998219096146,0.32198364876309354,0.1923626975779445,0.49662342114287306,0.07810458600862835,0.0029166666666666785,0.022141909624365713,0.3751292713896713,0.12530422246775835,0.1098937195756275,0.0,0.6615115432964803,0.6235864475321379,0.2876807528497479,0.28463532064792924,0.37607659306274327,disgust,07,07,07,male,normal,827
90,3.003,True,1.0,0.41456853673718363,0.46456377924423775,0.4395661579907107,0.7594901895201982,-0.04259259259259257,-0.038611111111111096,0.3576289612820371,0.291838545200152,0.19305555555555554,0.578764760962091,0.049995242507054116,0.003981481481481475,0.020836706524210633,0.4710211686166967,0.12484693526904661,0.11041295451292452,0.0,0.6726972586976784,0.6262164594197055,0.28759014038291325,0.27786755658622353,0.3663687375907345,disgust,07,07,07,male,normal,827
100,3.336666666666667,True,1.0,0.4523749027215987,0.47235591695615897,0.46236540983887886,0.7923415381815164,-0.04180555555555565,-0.03810185185185183,0.3621534597364234,0.27358924131462387,0.1923753888416181,0.5835430651534972,0.01998101423456028,0.00370370370370382,0.023081408167249674,0.43279114719518424,0.12347238711491373,0.11194796733402707,0.0,0.7425116153023705,0.6245827129132904,0.2872199754341533,0.27920908523945603,0.3664730260935692,disgust,07,07,07,male,normal,827
0,0.0,True,1.0,0.586576108617585,0.5143453055852254,0.5504607071014052,0.9693611513906976,-0.0472685185185186,-0.045092592592592684,0.3170186950678246,0.4361358603560188,0.201133417493033,0.5678592610315409,0.07223080303235963,0.0021759259259259145,0.02579160202246588,0.3561873944365312,0.12873277127506585,0.10585674929177895,0.0,0.6677141837110313,0.6123356748168017,0.2853508168771778,0.2927081175598935,0.3612498928394728,disgust,07,07,07,male,strong,828
10,0.33366666666666667,True,1.0,0.4821965548690978,0.42431991443459877,0.4532582346518483,0.8808079105762505,-0.04092592592592592,-0.03916666666666663,0.31146597273441096,0.4647699910916182,0.19671558142997753,0.5145937374192217,0.05787664043449903,0.0017592592592592937,0.0146982505528208,0.3645042394321239,0.12387455342934663,0.11150279271242032,0.0,0.6825490351317196,0.6108106973414367,0.2873761086601193,0.29607036106121,0.3619591447806523,disgust,07,07,07,male,strong,828
20,0.6673333333333333,True,1.0,0.369345932979003,0.3606219108654697,0.36498392192223633,0.7278699691827225,-0.06333333333333324,-0.05671296296296291,0.32192184053846284,0.2769070534934261,0.20695771609312438,0.5014411053832223,0.008724022113533292,0.006620370370370332,0.006474902014824141,0.44075383310740107,0.12145975956774777,0.11412845646693899,0.0,0.7229494987501667,0.6147337341186475,0.2890543960809808,0.31460180319794,0.3799338831382024,disgust,07,07,07,male,strong,828
30,1.0010000000000001,True,1.0,0.28048111627515665,0.23970195007609033,0.2600915331756235,1.4362270683909846,-0.06472222222222224,-0.059629629629629644,0.3756779155880139,0.5059829059829064,0.1981574484496736,0.18109360204929567,0.040779166199066325,0.005092592592592593,0.00656794247810453,0.235660186268958,0.1212021841680177,0.1144019594362245,0.0,0.7009757108590836,0.6168971401138581,0.2924629161142923,0.3306084994102851,0.4123004737586282,disgust,07,07,07,male,strong,828
40,1.3346666666666667,True,1.0,0.284075658299756,0.2878103379172765,0.28594299810851626,1.1890234563196875,-0.051435185185185084,-0.048055555555555574,0.33844966575808405,0.45904172361601087,0.19960544426833313,0.24048558217142188,0.0037346796175204977,0.0033796296296295103,0.01369205380287892,0.2705627618439464,0.12222348654403338,0.11314191601473628,0.0,0.7071067807446058,0.6027032833680348,0.2934018631237832,0.32700543279349026,0.3888167367989837,disgust,07,07,07,male,strong,828
50,1.6683333333333334,True,1.0,0.3447629333357873,0.26401501188683135,0.3043889726113093,1.0206949654896487,-0.04944444444444451,-0.04171296296296301,0.31822763267916715,0.29613585698166695,0.19819748615133867,0.29821737434091056,0.08074792144895593,0.007731481481481506,0.027486264883696786,0.3358516612942231,0.12083540470149993,0.11478929715249515,0.0,0.7092851252921639,0.6078188733774761,0.2954790314060821,0.32060154404559654,0.3931683346829922,disgust,07,07,07,male,strong,828
60,2.0020000000000002,True,1.0,0.2778002924132713,0.2143321695013696,0.24606623095732044,1.0815193924400122,-0.05226851851851838,-0.044398148148148076,0.36852063325012285,0.29152607332296854,0.20124263202643397,0.2275190187779909,0.06346812291190171,0.007870370370370305,0.03166881337364994,0.31092078437241333,0.12481934718861493,0.11044414125698944,0.0,0.7105753174766611,0.593334065282363,0.2943285029144948,0.31374936019275435,0.38399817021747373,disgust,07,07,07,male,strong,828
70,2.3356666666666666,True,1.0,0.2502549795212129,0.2311955252494252,0.24072525238531906,0.9382716049382706,-0.05731481481481476,-0.05472222222222217,0.3147631259141622,0.27983539094650095,0.19940352799112826,0.2565624400422482,0.019059454271787707,0.002592592592592591,0.015172172098275314,0.34539473684210553,0.12253315218500685,0.11297523793158772,0.0,0.7477892437666166,0.585509002233706,0.289893354312687,0.3132084455235471,0.36614697138099006,disgust,07,07,07,male,strong,828
80,2.6693333333333333,True,1.0,0.3135765036801744,0.2758576573694617,0.29471708052481804,0.7809489662041391,-0.05712962962962964,-0.05351851851851852,0.3101284581717673,0.3987538940809967,0.20993165821006407,0.3773832776260816,0.037718846310712706,0.0036111111111111205,0.01494518113014676,0.45475466680245824,0.1242282452343027,0.11110859938062789,0.0,0.7233263621956786,0.585036241699805,0.2910309020308973,0.31959587619595164,0.378596751724919,disgust,07,07,07,male,strong,828
90,3.003,True,1.0,0.4138953091462429,0.35919505642304733,0.3865451827846451,0.8444194227183724,-0.04569444444444437,-0.03967592592592589,0.2926204537471645,0.15831777131424063,0.20566279274614485,0.4577644383643745,0.054700252723195564,0.006018518518518479,0.018605658324350762,0.422360089891025,0.12487481860146916,0.11038141804409761,0.0,0.720190725897669,0.5757128945640757,0.2956038741735188,0.3162281885002637,0.3708908437124432,disgust,07,07,07,male,strong,828
100,3.336666666666667,True,1.0,0.33211436260431104,0.3166504695128453,0.3243824160585782,0.7684612899739696,-0.046712962962962956,-0.04328703703703701,0.342897378616079,0.12804573245607453,0.20705096229385256,0.4221193966316327,0.01546389309146573,0.0034259259259259434,0.015279147774644796,0.4304890058671029,0.12533997783044326,0.10985293681979458,0.0,0.6894239874132516,0.5840818314356993,0.29316030841711377,0.3082715557323764,0.371533670521549,disgust,07,07,07,male,strong,828
110,3.6703333333333332,True,1.0,0.42708776618001504,0.37979784654973686,0.40344280636487595,0.9814218642451857,-0.04245370370370366,-0.039583333333333304,0.33068645596718355,0.35049383836031217,0.20287407340637154,0.41107990463934174,0.04728991963027818,0.0028703703703703565,0.014682158522979355,0.3307250743998105,0.12372733065586711,0.11166613371508974,0.0,0.9696366322269118,0.591984011456145,0.2919536016609502,0.2995804946622045,0.36076958801093256,disgust,07,07,07,male,strong,828
120,4.0040000000000004,True,1.0,0.4715482744188484,0.4356626504434955,0.45360546243117195,0.9420227496845182,-0.041296296296296275,-0.03875000000000001,0.3326876614453018,0.3011256175083851,0.20567577615342936,0.48152283220663583,0.03588562397535289,0.0025462962962962687,0.012455088181390257,0.33235761268587094,0.12576714083376636,0.10936363224143326,0.0,0.7855928991716304,0.5923278628170018,0.29131175073167553,0.30183777620216723,0.36173709779594826,disgust,07,07,07,male,strong,828
0,0.0,True,1.0,0.526470199125291,0.5672810464378562,0.5468756227815736,0.5355378998134461,-0.039074074074074094,-0.037407407407407445,0.35876874446561496,0.1972170281401505,0.20277928274864854,1.0211707200780318,0.040810847312565124,0.0016666666666666496,0.017376916905686542,0.623661090046082,0.12504575867143722,0.11001469020594919,0.0,0.9999999987499999,0.6152667133494023,0.28717274039767443,0.28660985334140754,0.36561736179720594,disgust,07,07,07,male,strong,829
10,0.33366666666666667,True,1.0,0.5113742719029716,0.5570684217731662,0.5342213468380689,0.5541745950943219,-0.03939814814814824,-0.038055555555555565,0.34845512603421547,0.21109165073285907,0.20281539869930082,0.9639946536111839,0.0456941498701946,0.001342592592592673,0.00994818588366779,0.6064160759677704,0.12542038677730966,0.10976112404233906,0.0,0.779003096498654,0.6089697443977591,0.2873581073600823,0.29592684291003624,0.3674477229658564,disgust,07,07,07,male,strong,829
20,0.6673333333333333,True,1.0,0.5770712631160855,0.5936088426018613,0.5853400528589734,1.2289549282865986,-0.04277777777777775,-0.040648148148148155,0.3111807958417061,0.4483506649384913,0.20000038146936272,0.4762909032596101,0.016537579485775833,0.0021296296296295925,0.004774874578503514,0.2587690973604903,0.12584248983418345,0.10927692127255968,0.0,0.7401081731319812,0.6119367993681849,0.2860777031873155,0.2985515026114901,0.380181952950294,disgust,07,07,07,male,strong,829
30,1.0010000000000001,True,1.0,0.5655893718691197,0.6165767344844202,0.5910830531767699,1.2040736279016786,-0.042685185185185326,-0.040509259259259245,0.3515047269210741,0.3085362404632208,0.20081757519556576,0.4909027483699993,0.05098736261530046,0.002175925925926081,0.012448860364122797,0.2744967171736216,0.12538339603831408,0.10980337776464484,0.0,0.7000457983047367,0.6243766190929497,0.2960297726679176,0.29082878033791415,0.3808187249728388,disgust,07,07,07,male,strong,829
40,1.3346666666666667,True,1.0,0.5083233696710957,0.5348229685808966,0.5215731691259962,1.0677762503535677,-0.04800925925925925,-0.043240740740740746,0.33568135651860254,0.4361202747411785,0.1945715304248572,0.4884667260142657,0.026499598909800914,0.004768518518518505,0.002742205144811968,0.3013761620794364,0.1272731702372834,0.1076072391089091,0.0,0.6891699003971047,0.6173782226875125,0.29325259493846023,0.2844992582386428,0.3666061561201769,disgust,07,07,07,male,strong,829
50,1.6683333333333334,True,1.0,0.46043215274993005,0.5023691100296863,0.48140063138980815,1.1329796847543174,-0.06527777777777782,-0.057499999999999996,0.30085787533165825,0.3834556890996645,0.20935601492261588,0.42489784933275143,0.04193695727975627,0.007777777777777828,0.013762390935139885,0.27861680254064686,0.12621707762212914,0.10884404938857381,0.0,0.6515223640736845,0.6106701128420118,0.29246281294724685,0.28995352187152973,0.3723212988879285,disgust,07,07,07,male,strong,829
60,2.0020000000000002,True,1.0,0.4679375492165439,0.5387120523859851,0.5033248008012645,2.078257112918347,-0.06236111111111109,-0.05421296296296285,0.2775821645623685,0.8813592251003197,0.20662844068520672,0.2421860113807005,0.07077450316944117,0.008148148148148238,0.0013511631501485375,0.1506620425367455,0.12361917891491601,0.11178585051231053,0.0,0.6607118120292542,0.6175101271758704,0.2932954707558853,0.29459536969121014,0.3799199567004788,disgust,07,07,07,male,strong,829
70,2.3356666666666666,True,1.0,0.3793343056686433,0.42883003850750767,0.4040821720880755,1.2854419537917177,-0.045787037037037015,-0.041527777777777886,0.37359814706099514,0.3760332164499994,0.19869752321601994,0.31435271806411696,0.04949573283886438,0.004259259259259129,0.005225629806811325,0.26947267390528723,0.12452793343855081,0.11077261197633935,0.0,0.6335321252513049,0.6050269402370324,0.2891562994982158,0.3230304202837142,0.40071691919354024,disgust,07,07,07,male,strong,829
80,2.6693333333333333,True,1.0,0.48817032594582116,0.5282208118173772,0.5081955688815992,0.5771314778959963,-0.05023148148148149,-0.0467129629629629,0.33704846955663553,0.42525477318652394,0.19267180897617392,0.8805542382375132,0.040050485871556074,0.0035185185185185874,0.00310339601307344,0.5476973684210528,0.12753360495881017,0.10729845002200769,0.0,0.7292937962122014,0.6023856620851467,0.2849183799857829,0.3038551312642844,0.3748371652538925,disgust,07,07,07,male,strong,829
90,3.003,True,1.0,0.4632783221198596,0.5339250659161412,0.49860169401800036,1.1997422434020706,-0.04958333333333337,-0.04648148148148151,0.29683521485309783,0.5563837120882609,0.2065826507758154,0.41559067938137406,0.07064674379628161,0.0031018518518518556,0.004828309496804936,0.26940288167318704,0.12472807080086165,0.1103747352313504,0.0,0.9039876615115756,0.618454395578544,0.2962531127084881,0.27894823613405983,0.3549042646725888,disgust,07,07,07,male,strong,829
100,3.336666666666667,True,1.0,0.44148845637985706,0.48612159439099356,0.46380502538542534,0.9833140891121811,-0.04231481481481475,-0.041944444444444395,0.29432754249209236,0.35116588828634254,0.2105094679844855,0.47167535838339064,0.0446331380111365,0.00037037037037035425,0.010874930697490327,0.34150062974995726,0.12714198498716994,0.1077622077746405,0.0,0.8045968925361667,0.590704624787415,0.28846596989637424,0.3057945131573452,0.3673696847031698,disgust,07,07,07,male,strong,829
110,3.6703333333333332,True,1.0,0.49200931444503043,0.5283020433899293,0.5101556789174798,1.006758403983074,-0.04578703703703707,-0.04259259259259257,0.32375510320144857,0.40113030158700574,0.2063698160501252,0.5067309862019853,0.03629272894489882,0.0031944444444444997,0.007221475505078245,0.33398437500000033,0.12740515165293795,0.1074509427741337,0.0,0.8573844173410115,0.5996732918167267,0.28720789095712623,0.2998759041544717,0.3675047542753682,disgust,07,07,07,male,strong,829
120,4.0040000000000004,True,1.0,0.4711289839720744,0.5349863131109196,0.503057648541497,0.9858720489502446,-0.045046296296296195,-0.041250000000000064,0.33483347745460834,0.40950074859702335,0.20499550988788673,0.5102666710930208,0.06385732913884518,0.003796296296296131,0.008527217158912609,0.3461408853149009,0.12630878384806674,0.1087376148967182,0.0,0.8883213799263219,0.600872360522334,0.2862615497362446,0.29691470719510393,0.3666002348060853,disgust,07,07,07,male,strong,829
130,4.337666666666666,True,1.0,0.45649661361810984,0.5136826786053239,0.4850896461117169,0.5071014119960034,-0.043240740740740746,-0.038935185185185184,0.3415647411759626,0.2684287204018912,0.2049817389970178,0.9565929706295907,0.05718606498721407,0.0043055555555555625,0.005706844392082795,0.6292779757788478,0.12824330407005047,0.1064492025900933,0.0,0.6842781133140724,0.5981108028054972,0.2855910398654216,0.29895641036108656,0.3643031795344456,disgust,07,07,07,male,strong,829
0,0.0,True,1.0,0.5223497297857141,0.5905929869112513,0.5564713583484827,1.0127427230047494,-0.04513888888888884,-0.04305555555555557,0.30137786779221176,0.2842648177570575,0.1966535174229897,0.549469619191599,0.06824325712553714,0.0020833333333332704,0.014489396086363883,0.345377919810404,0.12924342114359516,0.10523267487767164,0.0,0.7557637918284991,0.6107309700520833,0.2898968303099299,0.2868218302793183,0.36669761865280726,disgust,07,07,07,male,strong,830
10,0.33366666666666667,True,1.0,0.49367625185743325,0.5421317535748704,0.5179040027161519,0.5084855935898375,-0.04189814814814813,-0.04046296296296292,0.3034952802408091,0.0964369229222103,0.19736182297188898,1.0185224699481095,0.04845550171743718,0.001435185185185206,0.022114233408147343,0.6603836533107476,0.12217900292143123,0.1133581448998936,0.0,0.773943736264921,0.6206680987238645,0.31840439823978967,0.29816964865760776,0.4278509962240608,disgust,07,07,07,male,strong,830
20,0.6673333333333333,True,1.0,0.45186444303307577,0.5320854458963596,0.4919749444647177,0.949172635343656,-0.060694444444444495,-0.05481481481481476,0.3037085622874369,0.4130658690847394,0.214017618477169,0.5183197725528549,0.08022100286328387,0.0058796296296297346,0.01991086118871201,0.33384734032074026,0.1280367844722584,0.10669751446410261,0.0,0.6814665009910428,0.6078177962356819,0.2965220284949996,0.30259212475378894,0.3897961129539314,disgust,07,07,07,male,strong,830
30,1.0010000000000001,True,1.0,0.32902607341223966,0.3777690898610988,0.35339758163666923,1.4285548918091828,-0.06574074074074071,-0.06231481481481488,0.2775159573220451,0.5967911113076586,0.20284640516811417,0.24738117076419197,0.048743016448859144,0.0034259259259258323,0.03283510667970539,0.2238518111901315,0.12456059197552105,0.11073588712512376,0.0,0.7578863698543256,0.6311538321734944,0.2945911483996546,0.24445751026548698,0.3302837778741887,disgust,07,07,07,male,strong,830
40,1.3346666666666667,True,1.0,0.30589138494700385,0.3183537726770969,0.3121225788120504,1.489870569644617,-0.06731481481481477,-0.06157407407407417,0.2805455858720191,0.7166284375343323,0.1969500841613484,0.2094964389332839,0.01246238773009306,0.005740740740740602,0.028924268400537745,0.22784232576332367,0.1261405786632439,0.10893269566742057,0.0,0.6945459707003481,0.6371410443317953,0.2926632095064593,0.2559950707253874,0.34936523034793304,disgust,07,07,07,male,strong,830
50,1.6683333333333334,True,1.0,0.2856479172455879,0.2879495438382438,0.28679873054191585,1.3177536909116518,-0.06689814814814815,-0.06064814814814817,0.3141463945613658,0.6081307612334355,0.19181570748261556,0.2176421379199492,0.00230162659265587,0.006249999999999978,0.034366937506471684,0.25237759707540963,0.12951398981662066,0.10489949577126523,0.0,0.8414206829230587,0.6418443844490922,0.2890602856105316,0.25875833804802584,0.34292964953146704,disgust,07,07,07,male,strong,830
60,2.0020000000000002,True,1.0,0.36242067266392586,0.3758487901063989,0.3691347313851624,1.3024685074268259,-0.05134259259259255,-0.045787037037037015,0.33627854584092304,0.5348345094845948,0.18992147507270846,0.2834116366578643,0.01342811744247302,0.005555555555555536,0.01622077540237901,0.2346298072971939,0.12692313622698526,0.10801988363795612,0.0,0.7189903415456961,0.6157963759410013,0.29810971564301264,0.3011335514015198,0.3980188563485496,disgust,07,07,07,male,strong,830
70,2.3356666666666666,True,1.0,0.3746799644360546,0.39543829856670515,0.3850591315013799,0.6286181308559199,-0.05638888888888888,-0.05175925925925928,0.32716654773142695,0.4710446053900297,0.1847920093949727,0.612548561043073,0.020758334130650535,0.004629629629629595,0.0009487706055696793,0.4942810023084759,0.12633369505386602,0.10870867152552187,0.0,0.6873776259130642,0.6188076520764556,0.29046244207734706,0.29618682893536435,0.3686183850341029,disgust,07,07,07,male,strong,830
80,2.6693333333333333,True,1.0,0.36528851364652337,0.39189519745705026,0.3785918555517868,1.3658617515055689,-0.06115740740740744,-0.05703703703703705,0.30184139070288524,0.759685487601849,0.19111638833184727,0.277181680455193,0.026606683810526888,0.004120370370370385,0.01510864173007075,0.2393654077729213,0.12679991670174653,0.10816449923767538,0.0,0.6573845128603207,0.6149796046309148,0.2917183188426632,0.30116627577671695,0.39997473181611526,disgust,07,07,07,male,strong,830
90,3.003,True,1.0,0.424781487277416,0.5022052741288766,0.4634933807031463,1.0134315363036464,-0.03833333333333333,-0.03620370370370374,0.2734552371589197,0.43758333679373634,0.2007404372956027,0.4573504613776628,0.07742378685146062,0.0021296296296295925,0.040009290218742895,0.3475527784344541,0.12597498523180914,0.1091241534501493,0.0,0.818632474356941,0.5907084305988021,0.29224246663323084,0.3066879700704509,0.36791420990283946,disgust,07,07,07,male,strong,830
100,3.336666666666667,True,1.0,0.46778336707433776,0.5069157854622549,0.48734957626829634,0.9285651021101895,-0.042453703703703716,-0.03898148148148145,0.3132473192679636,0.2984071448356009,0.20212901015410112,0.5248415810165395,0.039132418387917145,0.0034722222222222654,0.021899279296486048,0.36153419633921685,0.12394655684656294,0.11142274819742175,0.0,0.7071067807446058,0.596177142896221,0.2908308422463071,0.30393759409918386,0.3754223063650853,disgust,07,07,07,male,strong,830
110,3.6703333333333332,True,1.0,0.4560025548915396,0.5104401389876891,0.4832213469396144,0.9597794265461599,-0.04476851851851854,-0.04069444444444453,0.33187026800222763,0.34044081642531704,0.20072523421335145,0.5034712493041485,0.054437584096149516,0.004074074074074008,0.018746859011138286,0.3461357391374878,0.12671862946447845,0.10825971881156758,0.0,0.777823146882758,0.605364742873712,0.28943570277896763,0.2983860905351958,0.3676254811803705,disgust,07,07,07,male,strong,830
120,4.0040000000000004,True,1.0,0.48517525444121734,0.5459953734167322,0.5155853139289748,0.9208874102609724,-0.044398148148148076,-0.04083333333333328,0.33308121413742003,0.3221831928105493,0.19933005317891384,0.5598787736525379,0.06082011897551487,0.0035648148148147984,0.015277446922182704,0.35032154955646794,0.12540152864213555,0.10978266887157802,0.0,0.7853993139680323,0.6083868743200406,0.2906365455183604,0.29568890497708017,0.36510039066838595,disgust,07,07,07,male,strong,830
0,0.0,True,1.0,0.5896503059615896,0.5087620127559753,0.5492061593587825,0.5430114316348763,-0.03976851851851848,-0.039629629629629626,0.3418492603183728,0.22625476318119866,0.20334923983662792,1.0114080981780722,0.0808882932056143,0.0001388888888888551,0.04330244996417883,0.6119022065478146,0.12798041514858136,0.1067651212204309,0.0,0.6935789044766201,0.5999979127979317,0.28756275053528785,0.2884069052755951,0.3573033922438486,disgust,07,07,07,male,strong,831
10,0.33366666666666667,True,1.0,0.4894951243695759,0.44183484264638034,0.46566498350797814,0.512851264243441,-0.03902777777777777,-0.037175925925926,0.34502160811346244,0.18316116580122926,0.207833171493756,0.9079922698346623,0.04766028172319553,0.0018518518518517713,0.03181972883347727,0.6595477153136899,0.12409175632651887,0.11126101645207004,0.0,0.9999999987499999,0.6039354823335585,0.28948819665104747,0.2890396837106808,0.3583687768774791,disgust,07,07,07,male,strong,831
20,0.6673333333333333,True,1.0,0.3636066027422967,0.32600617969839435,0.3448063912203455,0.5312387417027655,-0.050185185185185166,-0.047546296296296364,0.3446546136631389,0.1918362122815538,0.21268984224485338,0.6490610796101706,0.037600423043902376,0.002638888888888802,0.0333751598471955,0.6430294008660018,0.12281367600013476,0.11267022125243036,0.0,0.9999999987499999,0.5943451776257377,0.29053528346668883,0.30068849617637816,0.36112035081513527,disgust,07,07,07,male,strong,831
30,1.0010000000000001,True,1.0,0.4198033987514358,0.3913949653021378,0.4055991820267868,1.2064945638322115,-0.0596759259259258,-0.05319444444444443,0.3195419265228747,0.37296889072800926,0.2131948023049951,0.3361798670177795,0.028408433449298,0.006481481481481366,0.012852934595026748,0.2885801873344987,0.11997658031744138,0.11568663684733362,0.0,0.7053406995838397,0.5863168078481393,0.2912024853173579,0.3007152457052533,0.36597765171365143,disgust,07,07,07,male,strong,831
40,1.3346666666666667,True,1.0,0.3681333727009736,0.3512289032205241,0.35968113796074885,0.9249617021631251,-0.06055555555555564,-0.05462962962962964,0.34455671245814795,0.31071732096546867,0.20558561729579647,0.3888605734914157,0.016904469480449547,0.005925925925926001,0.006756196136489027,0.3603376451560898,0.12350591418678687,0.11174060579560016,0.0,0.8038525300282833,0.6096590360753676,0.2904518751876049,0.30094085729075526,0.37094810021800056,disgust,07,07,07,male,strong,831
50,1.6683333333333334,True,1.0,0.43282338306656637,0.3910566795677787,0.4119400313171725,1.0956296565798003,-0.050509259259259254,-0.04523148148148143,0.3261366832808182,0.37030720382684273,0.20694776243640658,0.37598473977339697,0.041766703498787694,0.005277777777777826,0.009146113464434561,0.324783175172695,0.12254528293671907,0.11296207947698672,0.0,0.9102815650842515,0.5988398827890532,0.29043687304641547,0.30110987671845196,0.368487445700695,disgust,07,07,07,male,strong,831
60,2.0020000000000002,True,1.0,0.3362124686210526,0.3326851078884212,0.3344487882547369,1.0778665709888444,-0.05097222222222225,-0.04481481481481475,0.34442747222688685,0.29131528945644347,0.20628698768720852,0.31028774549331334,0.0035273607326313794,0.0061574074074075,0.009295924009334267,0.33445945945945893,0.12242468793478622,0.11309276525903501,0.0,0.6629586746099615,0.5931990440629377,0.28993657405239354,0.31210639263168233,0.3734049140547602,disgust,07,07,07,male,strong,831
70,2.3356666666666666,True,1.0,0.30128099389580254,0.3101101868055275,0.305695590350665,1.0962076775972065,-0.04800925925925931,-0.04347222222222219,0.3399763344661067,0.1999780557383588,0.2062592475436328,0.27886649272583425,0.008829192909724948,0.004537037037037117,0.002542816343644369,0.2964441384748616,0.12276890898076713,0.1127189990974519,0.0,0.883805511443638,0.574466498865171,0.2961076950252856,0.31540152525744714,0.38755868930889315,disgust,07,07,07,male,strong,831
80,2.6693333333333333,True,1.0,0.3287664246436302,0.29104855485404396,0.3099074897488371,0.6188002662464447,-0.04944444444444446,-0.04699074074074078,0.32459013208250714,0.30143544493034924,0.19387754118660183,0.5008199036963773,0.037717869789586245,0.00245370370370368,0.020130592516141976,0.5918402401686946,0.12275612440289936,0.11273292195165514,0.0,0.7059251710490732,0.602057648575055,0.2912247241611795,0.29655331064249835,0.3525212804519801,disgust,07,07,07,male,strong,831
90,3.003,True,1.0,0.2651624534805134,0.2342742518006831,0.24971835264059827,1.086333853723577,-0.05296296296296299,-0.051018518518518574,0.31656574883900257,0.4930284413053152,0.18877893376596758,0.22987256798142677,0.030888201679830335,0.0019444444444444153,0.02594052263793525,0.2855769230769228,0.12425025320179958,0.1110839878178379,0.0,0.7913106612273498,0.6135389138155263,0.29171845179413547,0.30451430500477444,0.3750497125938704,disgust,07,07,07,male,strong,831
100,3.336666666666667,True,1.0,0.25330227375906267,0.18504069189507658,0.2191714828270696,1.0196367306161822,-0.053888888888888875,-0.049120370370370425,0.27281143199067953,0.5003772844690524,0.20034302858238537,0.2149505566503287,0.06826158186398609,0.00476851851851845,0.025189743089412853,0.3854166666666672,0.11890100173582817,0.11662857972293382,0.0,0.9999999987499999,0.6160313603019334,0.3183440993572191,0.2900195112753813,0.3998490797353643,disgust,07,07,07,male,strong,831
110,3.6703333333333332,True,1.0,0.3946409833953262,0.38835694133952586,0.39149896236742604,1.2671304554533769,-0.04888888888888887,-0.04574074074074075,0.2876610610486165,0.48397343784677566,0.19587228806931048,0.3089650009456591,0.006284042055800354,0.003148148148148122,0.013068997873751032,0.2581863404419719,0.12298882234859751,0.11247900847518794,0.0,0.6410047151812699,0.6104935850590236,0.28936700753345784,0.30259958331373543,0.3658773474998289,disgust,07,07,07,male,strong,831
120,4.0040000000000004,True,1.0,0.41122381371801586,0.43282338306656565,0.42202359839229076,1.0725607800778882,-0.04819444444444437,-0.045138888888888895,0.3136845464182507,0.41620294841809463,0.19656659489174175,0.39347289797566887,0.021599569348549785,0.003055555555555478,0.009730757926310478,0.2942117279569663,0.12548842228694965,0.10968333347554612,0.0,0.751841440140643,0.6137561758140757,0.2876664127392841,0.3036926783589397,0.37127497018866445,disgust,07,07,07,male,strong,831
130,4.337666666666666,True,1.0,0.43416144695659875,0.43123521064159226,0.43269832879909553,1.0428074770838938,-0.04703703703703693,-0.043749999999999956,0.3244765543212999,0.3891072675686169,0.1979633048805007,0.41493596690454587,0.002926236315006492,0.0032870370370369772,0.004503423101516023,0.31099268917091005,0.12544767543753885,0.10972993437383001,0.0,0.672164742340921,0.6139616638686726,0.28992821610684233,0.30264023002312684,0.36670948932786046,disgust,07,07,07,male,strong,831
140,4.671333333333333,True,1.0,0.4261002603385349,0.4255336314583488,0.4258169458984419,0.9933722645741775,-0.04791666666666661,-0.04495370370370366,0.3355309937088823,0.38378898203961587,0.19795521143305866,0.4286579775618902,0.0005666288801860486,0.002962962962962945,0.004192798565652085,0.3582620576557928,0.12442082687153525,0.11089290153570046,0.0,0.697340229159479,0.6161831902057697,0.290940978899448,0.2975643795754533,0.3644139218033883,disgust,07,07,07,male,strong,831
0,0.0,True,1.0,0.6377890749444965,0.6568946032192263,0.6473418390818615,0.8730959967596872,-0.04462962962962963,-0.04032407407407401,0.33727392209320495,0.3687384337243369,0.19659337423165416,0.7414326047586234,0.019105528274729777,0.004305555555555618,0.001536545999467944,0.33981333207521314,0.1289477808750922,0.1055947327199318,0.0,0.8047952441894539,0.6267665367865897,0.2810618532740684,0.2832371670780851,0.3683560938360869,surprised,08,07,07,male,normal,832
10,0.33366666666666667,True,1.0,0.7038183241405388,0.6789243151647073,0.691371319652623,0.866076513266821,-0.04587962962962966,-0.04199074074074077,0.3342288384290204,0.3796917617736822,0.1986760197162853,0.7982797236294816,0.024894008975831494,0.003888888888888886,0.0015135766048163144,0.3452434719294329,0.1260068138460139,0.10908739906605251,0.0,0.6793175668180523,0.6274094745632629,0.28319392944505184,0.2780954159738612,0.3688519632285452,surprised,08,07,07,male,normal,832
20,0.6673333333333333,True,1.0,0.6975469838119286,0.70060267714851,0.6990748304802192,0.8495063208300703,-0.04564814814814816,-0.04351851851851851,0.3295935032865046,0.3783373143054076,0.19801532628674093,0.822918927545046,0.0030556933365814,0.002129629629629648,0.0026311727478957013,0.34812947087201634,0.12530020867708044,0.1098982960552966,0.0,0.7729282293741229,0.6296802277082708,0.2836893381314895,0.2784577831931407,0.371071320887974,surprised,08,07,07,male,normal,832
30,1.0010000000000001,True,1.0,0.48546431987188393,0.48097525523162216,0.48321978755175304,0.9749437487705572,-0.051805555555555605,-0.04791666666666666,0.3539935783020403,0.3440860215053763,0.200749178546549,0.4956386336761607,0.004489064640261775,0.0038888888888889417,0.005492967590404689,0.3146712787056025,0.12542561871580596,0.10975514539275284,0.0,0.7071067807446058,0.6303788449833058,0.2824781524851498,0.27971858322671317,0.3691286929552736,surprised,08,07,07,male,normal,832
40,1.3346666666666667,True,1.0,0.632242931230495,0.6371639325882471,0.6347034319093711,0.9028547241803498,-0.05097222222222214,-0.04837962962962966,0.35835855017307,0.40126876630237784,0.19794788850499284,0.702996190761013,0.004921001357752086,0.0025925925925924798,0.003608377376988506,0.339285714285715,0.12506826513726496,0.11016218419187884,0.0,0.7203061039613808,0.6380578138677346,0.28908281644844763,0.2829991780643401,0.3780605403877343,surprised,08,07,07,male,normal,832
50,1.6683333333333334,True,1.0,0.6478600169910019,0.6679845608087631,0.6579222888998826,0.9659113597315228,-0.05499999999999999,-0.051805555555555494,0.36482353653380367,0.34995625546806647,0.20071877255469708,0.6811414756347348,0.020124543817761187,0.0031944444444444997,0.001690849026264223,0.32607612152817356,0.1234870256809113,0.11193181968839624,0.0,0.7748118021464024,0.6372834356320654,0.2874368648872196,0.2878630964078635,0.38784123901215095,surprised,08,07,07,male,normal,832
60,2.0020000000000002,True,1.0,0.6503792343779372,0.6853849632376717,0.6678820988078045,0.9030331128901934,-0.05912037037037032,-0.055509259259259314,0.36398892372094965,0.39506172839506276,0.20627996053698633,0.739598680573541,0.03500572885973452,0.0036111111111110095,0.0031803982306257204,0.33433675919299616,0.1256015718319185,0.10955374445416373,0.0,0.7518667543540474,0.636228835549845,0.2859599890035941,0.2924054702933542,0.39261210902278565,surprised,08,07,07,male,normal,832
70,2.3356666666666666,True,1.0,0.6864528968425786,0.6717164516128385,0.6790846742277086,1.0966130338279387,-0.07004629629629638,-0.06513888888888891,0.3109427215127582,0.5316718587746618,0.21667546963537446,0.6192564316486673,0.014736445229740047,0.004907407407407471,0.003263648810440153,0.26419495048030106,0.1253088072001303,0.10988849170220573,0.0,0.7654025437329607,0.63042303901248,0.29339975152786424,0.2996172150967763,0.3926256014475891,surprised,08,07,07,male,normal,832
80,2.6693333333333333,True,1.0,0.6685051003148963,0.6450252780849924,0.6567651891999444,1.0394300634669622,-0.0672685185185184,-0.06236111111111098,0.34005606446601494,0.4443940126416719,0.2159810534951401,0.6318512541472391,0.023479822229903857,0.004907407407407416,0.0004424249274145342,0.29347826086956535,0.12285456347454643,0.11262563652987381,0.0,0.738396193393855,0.63512758966868,0.29196240896582015,0.29612819339424995,0.38993985366953543,surprised,08,07,07,male,normal,832
90,3.003,True,1.0,0.6836114509210044,0.6861189868662854,0.6848652188936448,0.9185185185185188,-0.06666666666666671,-0.06337962962962967,0.3447870974466899,0.385185185185185,0.2194614795452074,0.7456193915374356,0.00250753594528097,0.0032870370370370328,0.0012124532097770935,0.32701090843452324,0.12604152380821065,0.10904729270732415,0.0,0.6608843209088606,0.6320229760654262,0.2897766799977284,0.29625232279858166,0.3884311353176437,surprised,08,07,07,male,normal,832
100,3.336666666666667,True,1.0,0.710973886855373,0.7093452006118826,0.7101595437336278,0.8815426997245182,-0.06569444444444444,-0.061342592592592615,0.3466868798562585,0.35261707988980706,0.2187670891762301,0.8055872324228338,0.0016286862434904403,0.004351851851851829,0.00245446995117168,0.3468750000000001,0.12461888069482753,0.11049800177950747,0.0,0.7005953090981598,0.6300358193120998,0.2911850649534026,0.2954841277724574,0.38711018739040315,surprised,08,07,07,male,normal,832
0,0.0,True,1.0,0.6985968898208916,0.7230982207680129,0.7108475552944522,0.9807656225587251,-0.06013888888888891,-0.05537037037037029,0.32679893526308595,0.42140645243484304,0.21458368887763832,0.7247884091205378,0.024501330947121258,0.004768518518518616,0.0032483591658797085,0.31677958254787086,0.12707900549915396,0.10783646939673863,0.0,0.7461189096936001,0.6306390884088011,0.28956902743373714,0.2923303363192331,0.3846663162814659,surprised,08,07,07,male,normal,833
10,0.33366666666666667,True,1.0,0.6948628595494554,0.6929049183440253,0.6938838889467404,0.9261338186558162,-0.07685185185185184,-0.07162037037037033,0.3361787458282255,0.4257228037369479,0.22638922589256824,0.7492263806474947,0.001957941205430025,0.005231481481481504,0.004900277354750937,0.31754032258064546,0.1230693989314151,0.11222119616693751,0.0,0.9999999987499999,0.6336080345263105,0.2889856830673672,0.3006904725861598,0.39405418644584456,surprised,08,07,07,male,normal,833
20,0.6673333333333333,True,1.0,0.7074281764001434,0.7006267064164199,0.7040274414082817,0.776757396291976,-0.07064814814814813,-0.06611111111111106,0.33619146300671926,0.38090987702779655,0.2208336788150796,0.9063672193777788,0.0068014699837235515,0.004537037037037062,0.0040744659033944,0.40024038461538375,0.12554663692917306,0.10961669455985022,0.0,0.8227505519742898,0.632421481029912,0.28701108860454433,0.29562666460845255,0.39036196568751874,surprised,08,07,07,male,normal,833
30,1.0010000000000001,True,1.0,0.3972276212731682,0.40564021971733716,0.40143392049525267,1.0871500733891557,-0.07912037037037034,-0.07560185185185192,0.3408134875165962,0.477450765775897,0.2229289874418315,0.369253454809413,0.008412598444168973,0.003518518518518421,0.003941327173453599,0.2888430067190955,0.12167723931022911,0.11389656361745502,0.0,0.6953422491693544,0.6353652979394883,0.2908259369624472,0.2947048514106414,0.39098508099380475,surprised,08,07,07,male,normal,833
40,1.3346666666666667,True,1.0,0.5517648746921112,0.556201451604195,0.5539831631481531,0.8950149029890087,-0.07666666666666672,-0.07064814814814813,0.3678164645446919,0.4061990713565497,0.22152915536949758,0.6189652946538213,0.004436576912083767,0.00601851851851859,2.4745441668611173e-05,0.3292058311906711,0.12113330481882674,0.11447488909541922,0.0,0.711857621303331,0.6354080388327206,0.2885478823670881,0.2964701799646878,0.3935545096622499,surprised,08,07,07,male,normal,833
50,1.6683333333333334,True,1.0,0.597211229664855,0.6154257650419916,0.6063184973534232,0.9650607637477744,-0.07884259259259269,-0.07370370370370372,0.3590551570096661,0.42657065608434186,0.22222359550899454,0.6282697630342051,0.018214535377136687,0.0051388888888889706,0.0008292368884146368,0.31792421848997027,0.12522797551435758,0.10998059792046992,0.0,0.6817576369652976,0.6379512060136555,0.2853109792858994,0.30212358983533655,0.4045329998113646,surprised,08,07,07,male,normal,833
60,2.0020000000000002,True,1.0,0.5978462726128325,0.581942501338578,0.5898943869757053,1.2991672790920266,-0.0760648148148147,-0.07027777777777772,0.3382190502661138,0.5226425792059747,0.22291666666666665,0.4540557605391477,0.015903771274254463,0.0057870370370369795,0.0018557914784267915,0.2588705807683643,0.12164321970958858,0.11393289634116877,0.0,0.6988396812181473,0.6347117781409439,0.2897171672696566,0.3018220227586095,0.40278129646755356,surprised,08,07,07,male,normal,833
70,2.3356666666666666,True,1.0,0.6375540805921035,0.6246213467982827,0.6310877136951931,1.075166334492288,-0.07203703703703701,-0.06615740740740739,0.3153891314672577,0.5294379677424151,0.22014755301501807,0.5869675169779228,0.012932733793820761,0.0058796296296296235,0.005264175098885749,0.26463864088645406,0.12109761901678212,0.11451263877120146,0.0,0.8710000512016572,0.630870575878789,0.29310419959935585,0.2918784062060435,0.3890413947045987,surprised,08,07,07,male,normal,833
80,2.6693333333333333,True,1.0,0.6281193775781078,0.6138496755586778,0.6209845265683928,1.1087328580951221,-0.07523148148148151,-0.07050925925925933,0.3334187977961942,0.4708177845993659,0.2208336788150796,0.56008489514353,0.014269702019430008,0.004722222222222183,0.006019668103273583,0.29311977804900774,0.12481033265544715,0.11045432826673053,0.0,0.6238206919061559,0.6343313216223989,0.28791620171296095,0.29833168383766867,0.393889835918316,surprised,08,07,07,male,normal,833
90,3.003,True,1.0,0.5968140224931683,0.6213346449981939,0.6090743337456811,0.9030773973149783,-0.07370370370370366,-0.06898148148148142,0.3497004781289263,0.39327564076619986,0.2208347152570755,0.6744431159018879,0.024520622505025624,0.004722222222222239,0.005803492234572764,0.3356854838709679,0.12473052093614823,0.11054444770048288,0.0,0.6884088922684453,0.634591551018845,0.28818592160535117,0.2956071444621598,0.3906095876562588,surprised,08,07,07,male,normal,833
100,3.336666666666667,True,1.0,0.6114163942296381,0.5942459540039381,0.6028311741167881,0.8739781695231962,-0.07226851851851845,-0.06689814814814804,0.34289476571941535,0.39254951681974026,0.22152915536949758,0.689755413966079,0.017170440225700023,0.005370370370370414,0.003706656188260257,0.36228813559322054,0.12311929029103576,0.11233618352265427,0.0,0.6866874901970481,0.6358151048075481,0.2891623412737948,0.29249877456938744,0.38928926278212794,surprised,08,07,07,male,normal,833
0,0.0,True,1.0,0.6501287168439632,0.6830679253848514,0.6665983211144073,0.8135111384040289,-0.06337962962962967,-0.05935185185185182,0.3380376278361035,0.3690729935498633,0.2138945959961903,0.8194089664490155,0.032939208540888165,0.004027777777777852,0.003424628604814311,0.3650335381553454,0.12609981907975668,0.1089798761169445,0.0,0.681008894960737,0.6299070912583783,0.2894901761966434,0.28963454639988906,0.38637769427223667,surprised,08,07,07,male,normal,834
10,0.33366666666666667,True,1.0,0.6226334539729651,0.6452943177820202,0.6339638858774926,0.8285745398608764,-0.06564814814814807,-0.06,0.3380376278361038,0.36907299354986306,0.21389031567999045,0.7651259547317731,0.022660863809055076,0.005648148148148069,0.004959764281787345,0.3579358264179763,0.12389409365491641,0.11148108058146478,0.0,0.7729304331406374,0.6305356501741322,0.29044765547992807,0.28702893147644365,0.3891005142037965,surprised,08,07,07,male,normal,834
20,0.6673333333333333,True,1.0,0.6546733174121477,0.6550012153490605,0.6548372663806041,0.8421509490531217,-0.07217592592592592,-0.06634259259259262,0.3283751506405758,0.40545808966861585,0.22013923546048123,0.7775770687153829,0.000327897936912791,0.0058333333333333015,0.0069978039874634265,0.3749796566034512,0.12232440585792369,0.11320122570631398,0.0,0.9999999987499999,0.630944856567627,0.29296678042362584,0.2911040830854392,0.3924974191171389,surprised,08,07,07,male,normal,834
30,1.0010000000000001,True,1.0,0.5861583071516211,0.6017830753381284,0.5939706912448748,1.189801386909299,-0.07500000000000007,-0.06999999999999995,0.33057885783612495,0.49444972084619765,0.22291700891961655,0.49921835508009405,0.015624768186507265,0.0050000000000001155,0.0018324367296914568,0.2778936114113837,0.12088982580763788,0.11473198240241914,0.0,0.7294708310429328,0.6299286624962486,0.294846960034084,0.301949703362487,0.40008044472507287,surprised,08,07,07,male,normal,834
40,1.3346666666666667,True,1.0,0.23391812865497105,0.20309646181169677,0.2185072952333339,0.9015635572121142,-0.089212962962963,-0.0858796296296297,0.36456814778607316,0.352173264535983,0.2270887088431034,0.2423648266230052,0.03082166684327428,0.0033333333333332993,0.007168857280255098,0.35190955092360016,0.12005796834637511,0.1156021712872484,0.0,0.88942852026732,0.632422699220313,0.294541035620433,0.2960814279411073,0.38291775210033036,surprised,08,07,07,male,normal,834
50,1.6683333333333334,True,1.0,0.5557327572325212,0.546118217308048,0.5509254872702847,1.1446773344732013,-0.07745370370370369,-0.07231481481481472,0.38035809615346855,0.3568699925122331,0.2243086167406461,0.48129326114754367,0.009614539924473253,0.0051388888888889706,0.003970951091692613,0.2713235294117643,0.1211805486143228,0.11442487669948298,0.0,0.7071067807446058,0.6345657341217736,0.29723691632746846,0.3126424116318677,0.41272687067761366,surprised,08,07,07,male,normal,834
60,2.0020000000000002,True,1.0,0.5634961963821652,0.556429316049088,0.5599627562156266,0.9095073930599737,-0.0773611111111111,-0.0718981481481481,0.37167130062747195,0.36516773664688673,0.22500847694534898,0.6156769702901164,0.00706688033307723,0.005462962962963003,0.0034645290543858917,0.34974745000913954,0.12279943835164356,0.11268573871979748,0.0,0.7785213509763882,0.6344171771364797,0.29426492893931616,0.30598252020284006,0.4008287585460625,surprised,08,07,07,male,normal,834
70,2.3356666666666666,True,1.0,0.6288022176011212,0.6331432219206556,0.6309727197608884,1.0964218856600156,-0.07796296296296301,-0.07412037037037039,0.3099861353708322,0.506679810797431,0.22917865143850905,0.5754835141593879,0.004341004319534436,0.0038425925925926196,0.006330787745357554,0.27272727272727176,0.12067148576263656,0.11496160356211754,0.0,0.8505640672394008,0.6330958783747873,0.2937219900939683,0.30111661900442505,0.3965767279953133,surprised,08,07,07,male,normal,834
80,2.6693333333333333,True,1.0,0.629714710665663,0.6414816394947952,0.6355981750802291,0.9560460271293062,-0.07824074074074078,-0.07370370370370366,0.3410078355187016,0.3659722347914113,0.22986243876022258,0.664819639477738,0.011766928829132217,0.004537037037037117,0.004686500555634335,0.32555789743230706,0.12086233470578121,0.1147609420458029,0.0,0.8674935305686476,0.6345141574911214,0.29340805242543533,0.3018144068004835,0.39754586510769213,surprised,08,07,07,male,normal,834
90,3.003,True,1.0,0.6628606424965435,0.6746416900043379,0.6687511662504407,0.8745519713261637,-0.07810185185185192,-0.07208333333333333,0.3532038743749237,0.3440860215053761,0.22916699958545897,0.7646785876388247,0.011781047507794407,0.00601851851851859,0.008615022186192475,0.3596311475409838,0.12422710631899933,0.1111098727659512,0.0,0.7045195637668583,0.6282542965780062,0.29278737971333896,0.30053884909937634,0.3889311831145395,surprised,08,07,07,male,normal,834
100,3.336666666666667,True,1.0,0.6561186566465584,0.6519478948792357,0.654033275762897,0.8672086720867198,-0.07439814814814816,-0.06944444444444448,0.351424038096574,0.3468834688346881,0.2277777777777778,0.7541821211140916,0.004170761767322784,0.004953703703703682,0.0034872908576574655,0.3656250000000002,0.12408919212985164,0.11126387628946137,0.0,0.7602673852867714,0.6294693650663391,0.29206885957880835,0.29903918489663867,0.3891192004849891,surprised,08,07,07,male,normal,834
0,0.0,True,1.0,0.7100200719844759,0.697666128942413,0.7038431004634444,0.7926618569994102,-0.05967592592592591,-0.05504629629629626,0.34397409871539114,0.30090160268029575,0.2229166666666667,0.8879487441565744,0.012353943042062943,0.00462962962962965,0.009372774149087918,0.36456355503113363,0.12379596218263351,0.11159004219749898,0.0,0.6944867591445368,0.6308403376037915,0.28515267067139727,0.2943826990449209,0.3779156071933595,surprised,08,07,07,male,normal,835
10,0.33366666666666667,True,1.0,0.7224164790043657,0.7085142608330409,0.7154653699187032,0.8066326807647453,-0.05912037037037038,-0.05560185185185185,0.3399283299849133,0.30622166584587535,0.22222222222222227,0.8869779107392365,0.013902218171324754,0.003518518518518532,0.009943580391945992,0.37500000000000056,0.12466871864241198,0.11061414178314251,0.0,0.6885892613710556,0.6301805001531863,0.28408099803060133,0.2944522278699497,0.3785892420328285,surprised,08,07,07,male,normal,835
20,0.6673333333333333,True,1.0,0.7226114288758031,0.7286930612972445,0.7256522450865238,0.8288114542534478,-0.05995370370370362,-0.05606481481481479,0.34214762478315375,0.31820439761516284,0.22222256554471098,0.8755335623832025,0.006081632421441441,0.0038888888888888307,0.007271005328963069,0.36160714285714274,0.12303326379517118,0.1122608116064298,0.0,0.7138279422286353,0.6280395577684199,0.2851992110594408,0.29339795138028446,0.3768080152778349,surprised,08,07,07,male,normal,835
30,1.0010000000000001,True,1.0,0.6875313507398388,0.6519620909833674,0.6697467208616031,0.8441151125131405,-0.07055555555555554,-0.06495370370370374,0.34391905465492745,0.26654968835685783,0.23402777777777783,0.7934305534082913,0.035569259756471405,0.005601851851851802,0.00679481280829629,0.37498174150843755,0.12065104304835152,0.11498305780032655,0.0,0.7159416659678282,0.6308994660207834,0.28835265419580297,0.30052886333004103,0.3824013256810379,surprised,08,07,07,male,normal,835
40,1.3346666666666667,True,1.0,0.6679615747787432,0.634755036839715,0.6513583058092292,0.7964846220024708,-0.07041666666666663,-0.06481481481481488,0.3590267882146345,0.28444444444444456,0.22987305967706845,0.8177914398041053,0.03320653793902817,0.005601851851851747,0.008595194108058772,0.382094635999121,0.12212570800129767,0.11341555984589254,0.0,0.7631132983291031,0.6344167140371773,0.28799134278347444,0.30292465078495573,0.3861431561233661,surprised,08,07,07,male,normal,835
50,1.6683333333333334,True,1.0,0.6608190059901514,0.6426291923836702,0.6517240991869109,1.0972500353586339,-0.07064814814814818,-0.06518518518518529,0.36671935977731646,0.3333333333333333,0.22500135633271745,0.5939613380590106,0.018189813606481198,0.005462962962962892,0.005835821559806715,0.2850840552560353,0.12210176407909751,0.11344133717053628,0.0,0.6983170970273053,0.6310361775882227,0.2941964910341319,0.30587946714406244,0.39950194942826966,surprised,08,07,07,male,normal,835
60,2.0020000000000002,True,1.0,0.6780591163028067,0.6496956291796989,0.6638773727412528,0.9518810148731406,-0.07175925925925924,-0.0672222222222223,0.3638968481375358,0.3919510061242341,0.22500847694534892,0.6974373502235773,0.028363487123107767,0.004537037037036951,0.0036125594803901374,0.33088235294117646,0.12253569739805828,0.11297247732718808,0.0,0.6543236351251394,0.6299964615611869,0.2922885819394295,0.3007452493728469,0.3904048426627549,surprised,08,07,07,male,normal,835
70,2.3356666666666666,True,1.0,0.6722841414391276,0.6557172445673091,0.6640006930032183,1.1358402100546603,-0.07018518518518518,-0.0652314814814815,0.3130268549771109,0.5432098765432104,0.22361418180285728,0.5845898807995752,0.01656689687181856,0.004953703703703682,0.0011317564101320475,0.2527089941843345,0.1250881140299787,0.11013964544513687,0.0,0.7186792401086991,0.6238352149219062,0.2919767939365668,0.29890871429754323,0.38461130006166416,surprised,08,07,07,male,normal,835
80,2.6693333333333333,True,1.0,0.6993080697367393,0.7188453986078774,0.7090767341723083,0.9550403503936015,-0.07115740740740745,-0.06657407407407406,0.34666439478949435,0.3820018365472911,0.2243222215023002,0.742457356780869,0.019537328871138127,0.004583333333333384,0.0018629856447802849,0.320549692384774,0.12273353349498252,0.11224947965701967,0.0,0.6894881048574094,0.6289037965264231,0.29149962803587703,0.2969412340054863,0.38812814658182626,surprised,08,07,07,male,normal,835
90,3.003,True,1.0,0.6993080697367394,0.6897568891523592,0.6945324794445493,0.8382535870274168,-0.06921296296296303,-0.06462962962962959,0.3534436868269233,0.31071732096546884,0.22431780004526816,0.8285469817164447,0.009551180584380203,0.004583333333333439,0.0027844807366406753,0.3588193326382328,0.12384522405171176,0.11153536770865928,0.0,0.6768626329352461,0.6294722406931523,0.2906846459382269,0.2977813777972401,0.3883368236700108,surprised,08,07,07,male,normal,835
100,3.336666666666667,True,1.0,0.7472481610872896,0.7115476726610587,0.7293979168741742,0.8163995589496723,-0.07027777777777783,-0.06407407407407417,0.3485669320957889,0.30601092896174864,0.2257028953078627,0.8934325219535532,0.03570048842623097,0.006203703703703656,0.006115885888716778,0.36320166528208153,0.12405151230118056,0.11130588513666531,0.0,0.8659186848739748,0.6281709139046244,0.2913682151213254,0.29763832325275413,0.38801311438295133,surprised,08,07,07,male,normal,835
0,0.0,True,1.0,0.6882951598281828,0.6641996188624919,0.6762473893453373,0.8814592918464124,-0.053240740740740644,-0.049907407407407456,0.3390139459257842,0.3585434173669467,0.20280185597152176,0.767190720661401,0.024095540965690887,0.0033333333333331883,0.002968352982856634,0.33410143429443073,0.1236708286220612,0.11172870677732594,0.0,0.7664308410596609,0.6346764771768083,0.28529132257738093,0.27859367950560043,0.3736544503392219,surprised,08,07,07,male,strong,836
10,0.33366666666666667,True,1.0,0.7535794597061668,0.7456431086652057,0.7496112841856862,1.2172505560209672,-0.06986111111111121,-0.06384259259259262,0.31984694943257697,0.4964964964964976,0.21736988595645537,0.6158233245224939,0.007936351040961132,0.00601851851851859,0.0011696772262623281,0.25163784464192995,0.12228361846362315,0.11324528434115942,0.0,0.9999999987499999,0.6324231165591236,0.29360450487503426,0.28756786018919195,0.39041196218395374,surprised,08,07,07,male,strong,836
20,0.6673333333333333,True,1.0,0.76791998971867,0.7676825840642487,0.7678012868914594,1.2394205889211725,-0.06152777777777785,-0.05972222222222223,0.31875153186876526,0.49738542906296135,0.2097254962679616,0.619484050656102,0.00023740565442131878,0.0018055555555556158,0.0008613488917452429,0.2445908864933844,0.12313272087289856,0.11232146197675155,0.0,0.8276093282314835,0.6202925783047595,0.2964458291839089,0.29460893163215107,0.39252258964018094,surprised,08,07,07,male,strong,836
30,1.0010000000000001,True,1.0,0.6776897684508593,0.648076989113077,0.6628833787819681,1.262108207563739,-0.0706944444444445,-0.06745370370370368,0.3745582315471708,0.40466748656147367,0.21875139508483712,0.5252191332005827,0.02961277933778228,0.0032407407407408217,0.004576987470427119,0.2527724438685477,0.12168250528297954,0.11389093764596225,0.0,0.9379812005194711,0.6083336899525436,0.29565612443883077,0.32584191753712916,0.4135523850770263,surprised,08,07,07,male,strong,836
40,1.3346666666666667,True,1.0,0.7507250716831533,0.6978812478073243,0.7243031597452387,1.3590465947463435,-0.06435185185185194,-0.059814814814814876,0.32698476497741275,0.505648494015975,0.22361247586820418,0.5329494680647243,0.05284382387582898,0.004537037037037062,0.007114966384995689,0.24226427443208243,0.12062733856424658,0.11450987345147898,0.0,0.7514413021980902,0.5748138304306097,0.30132009735834986,0.29799215132571016,0.37892337041487917,surprised,08,07,07,male,strong,836
50,1.6683333333333334,True,1.0,0.6611517919155047,0.6527377101680646,0.6569447510417846,1.7536880313500147,-0.0640277777777778,-0.05810185185185185,0.31430471827988876,0.6005969108509708,0.2270833333333333,0.37460753526159324,0.008414081747440072,0.005925925925925946,0.01192952783290367,0.1876648610671445,0.12552502401261165,0.10964144342710892,0.0,0.9310011398243925,0.5737180851168592,0.29140009770301617,0.31711597448229584,0.3816581629557092,surprised,08,07,07,male,strong,836
60,2.0020000000000002,True,1.0,0.5843667474331142,0.5260501107333507,0.5552084290832324,0.8347795155709189,-0.07324074074074072,-0.06560185185185191,0.3809066959193959,0.2782154837232429,0.2375,0.6650958950562132,0.0583166366997635,0.007638888888888806,0.01265804226067457,0.375275957737055,0.1227781784829197,0.11270890230447102,0.0,0.7136954985423581,0.5879142894814176,0.29003946112034956,0.3121098107782452,0.3755334959894741,surprised,08,07,07,male,strong,836
70,2.3356666666666666,True,1.0,0.6345658631504064,0.617135759574292,0.6258508113623492,0.9353685386681239,-0.06620370370370376,-0.059814814814814765,0.3800916389639421,0.3340494073188114,0.22986409831082844,0.6690954265508026,0.01743010357611441,0.006388888888888999,0.007679054944064371,0.3377913019835527,0.1246446942378959,0.11046888259165863,0.0,0.7071067807446058,0.5985597929562451,0.28769509019849887,0.31179500159395646,0.3811468027105759,surprised,08,07,07,male,strong,836
80,2.6693333333333333,True,1.0,0.6723383787336289,0.6511898180127135,0.6617640983731712,1.0854474707977604,-0.06375000000000003,-0.06004629629629632,0.32553494645569797,0.4483221017737134,0.22777811272655973,0.609669390898116,0.02114856072091542,0.003703703703703709,0.008285947731539593,0.27716470329894816,0.12481004765958677,0.1104546503032494,0.0,0.7071067807446058,0.5950354259516306,0.2888100572338787,0.3049388542696074,0.3658501613030382,surprised,08,07,07,male,strong,836
90,3.003,True,1.0,0.6733668339584122,0.6366744557634617,0.655020644860937,0.9371552313763496,-0.06449074074074074,-0.059907407407407465,0.369608326458325,0.3169681309216193,0.22639428088756056,0.6989457273785298,0.036692378194950526,0.004583333333333273,0.00757126084469373,0.33087103288582215,0.12483829597125581,0.1102500507113652,0.0,0.6856984957042521,0.6056462536030037,0.2883999237231722,0.30232861374151937,0.3751914659772125,surprised,08,07,07,male,strong,836
100,3.336666666666667,True,1.0,0.6875313507398391,0.645973796052097,0.666752573395968,0.9166115544783834,-0.06407407407407412,-0.06101851851851847,0.36567409018458147,0.2985823140512909,0.225005425281814,0.727410177341041,0.04155755468774203,0.0030555555555556446,0.008800830328767205,0.3494191280545909,0.12630153033531052,0.10874603995430053,0.0,0.6854485526673109,0.607367639352616,0.2868951426392349,0.30381830276329697,0.37644851531211637,surprised,08,07,07,male,strong,836
110,3.6703333333333332,True,1.0,0.7041860265957163,0.6752428509918743,0.6897144387937952,0.8608145098252891,-0.06365740740740733,-0.05925925925925918,0.36473818325248364,0.27767067240353305,0.2270846772227053,0.8012346805513068,0.028943175603841964,0.004398148148148151,0.00813655389274975,0.37231000073806647,0.1253068807693097,0.10989068842472376,0.0,0.6598436720266729,0.6083217568746249,0.287038768677062,0.3005071081393283,0.37470402092490623,surprised,08,07,07,male,strong,836
0,0.0,True,1.0,0.6257931001044315,0.6262851195509401,0.6260391098276858,0.8742241276997408,-0.0703240740740741,-0.0656944444444445,0.34860843473148506,0.34240445001573205,0.21946669410762737,0.7161082495800253,0.0004920194465086736,0.004629629629629595,0.005526365088700144,0.34687499999999993,0.1262836511144422,0.10876680206613461,0.0,0.788422133646316,0.6328714610219088,0.2847367904643043,0.2900911352582278,0.3787698667053227,surprised,08,07,07,male,strong,837
10,0.33366666666666667,True,1.0,0.6360235645646887,0.637717850986858,0.6368707077757734,1.0437295447050845,-0.0731944444444444,-0.06865740740740744,0.32885075097724425,0.44395886192306155,0.2229170089196166,0.6101874867935516,0.0016942864221692888,0.004537037037036951,0.007432290519986704,0.2942117279569663,0.1234004327373226,0.11202727779590982,0.0,0.8654752960870178,0.6341506178252551,0.2887077161721464,0.28900731303093186,0.38367435571793196,surprised,08,07,07,male,strong,837
20,0.6673333333333333,True,1.0,0.655752600525862,0.6671984091387301,0.661475504832296,0.9889376360187664,-0.06064814814814817,-0.054259259259259285,0.3354371777866453,0.41719195196397973,0.20418497639253097,0.6688748417900677,0.011445808612868036,0.006388888888888888,0.004249029957899803,0.30760530684056414,0.12129560759788478,0.1134664426580781,0.0,0.9999999987499999,0.6359768007593664,0.2889498320317129,0.2753171117916767,0.37439126409873474,surprised,08,07,07,male,strong,837
30,1.0010000000000001,True,1.0,0.6239268433149348,0.6091261970488203,0.6165265201818775,1.1375703188223978,-0.056203703703703645,-0.050416666666666776,0.36908963847626064,0.3720873279108502,0.20209692421007708,0.5419678326524026,0.014800646266114437,0.0057870370370368684,0.006377572250392112,0.26641749425631883,0.12152393943952648,0.11406011534698042,0.0,0.7071067807446058,0.6412752802996199,0.28804474015051323,0.2874805710223618,0.39434276363594073,surprised,08,07,07,male,strong,837
40,1.3346666666666667,True,1.0,0.6095859643811449,0.5850055051484929,0.5972957347648189,1.006448341068033,-0.054768518518518494,-0.052222222222222336,0.3532461313196403,0.4218058293968445,0.20070394796348637,0.593468845237476,0.024580459232651952,0.0025462962962961577,0.006854515271239671,0.30640878414029105,0.1212585431918853,0.11434222086743823,0.0,0.9570704497648452,0.6426086343287315,0.28752895050734145,0.2779053904090884,0.3821771091172908,surprised,08,07,07,male,strong,837
50,1.6683333333333334,True,1.0,0.660162422114494,0.6015395103947881,0.6308509662546411,1.46997095438705,-0.06703703703703712,-0.059444444444444466,0.3308299723026429,0.5846560712059713,0.20972804271264525,0.42915879689452363,0.058622911719705906,0.007592592592592651,0.004250666890321028,0.21873734494038882,0.12072663727754829,0.11490368497839144,0.0,0.7144787671239008,0.6350321625447054,0.2964909742949317,0.291441318567696,0.4017619301961904,surprised,08,07,07,male,strong,837
60,2.0020000000000002,True,1.0,0.6056714365659273,0.5914112532168001,0.5985413448913637,0.970408165251457,-0.05569444444444449,-0.0508333333333334,0.3513654959963916,0.335797373839281,0.1993151252980423,0.6167933930525684,0.014260183349127153,0.004861111111111094,0.006988934557902483,0.32045372004163275,0.12156775241779967,0.11401341737646113,0.0,0.7754457611340867,0.6386700734199929,0.2881012120809216,0.2741966890832628,0.3768685460407692,surprised,08,07,07,male,strong,837
70,2.3356666666666666,True,1.0,0.6189635852637138,0.6170622639912144,0.6180129246274642,1.1462973324800516,-0.0589351851851852,-0.05425925925925934,0.3118916924305285,0.47345490517137007,0.20902814277174897,0.5391384129721153,0.0019013212724993123,0.004675925925925861,0.007833607755452237,0.2445570911461306,0.1204416619858446,0.11520236033999641,0.0,0.7071067807446058,0.6343450158813525,0.28756473062939136,0.28100191071054753,0.37932034578864143,surprised,08,07,07,male,strong,837
80,2.6693333333333333,True,1.0,0.6731369115146928,0.6832564015462663,0.6781966565304796,1.062661601957812,-0.054027777777777786,-0.05263888888888896,0.34548638319206015,0.4174202963351246,0.2055793084061552,0.638205667054303,0.01011949003157353,0.0013888888888888284,0.0040336067456045776,0.289600834981572,0.12183861711776868,0.1137239163446447,0.0,0.797180079194476,0.6341022666722939,0.28900749433253425,0.2835545921513018,0.3836911298246748,surprised,08,07,07,male,strong,837
90,3.003,True,1.0,0.6852292801419657,0.6678136322190477,0.6765214561805066,0.9247219984809107,-0.056435185185185144,-0.0527777777777777,0.35506262051895054,0.34493598356034005,0.20486706971089572,0.7315944222067431,0.017415647922918054,0.0036574074074074425,0.011096737520665098,0.339285714285715,0.12511938773659856,0.11010411701041288,0.0,0.8494999823202247,0.6365577616827981,0.28604672048169727,0.2824406157006477,0.3801242381816517,surprised,08,07,07,male,strong,837
100,3.336666666666667,True,1.0,0.6160725748659786,0.6207835245349242,0.6184280497004514,0.9095081030472211,-0.055925925925925934,-0.05152777777777784,0.3564769147689587,0.3520097085127522,0.20348572033465126,0.6799588124926722,0.0047109496689456964,0.0043981481481480955,0.0006058276750825361,0.3360174329562244,0.12414168844420564,0.11120530095433087,0.0,0.8637318373639428,0.6356185672784739,0.2873919737960688,0.28136238844824,0.37707929283653746,surprised,08,07,07,male,strong,837
0,0.0,True,1.0,0.73242108269055,0.7189115201486891,0.7256663014196195,0.9910673051984887,-0.047361111111111076,-0.044861111111111074,0.3210624534679896,0.4168609016492427,0.20560046097837117,0.7322068820283449,0.013509562541860864,0.0025000000000000022,0.006412721905047514,0.3124875445903615,0.12578365860793284,0.10934463405946568,0.0,0.7137383070487604,0.6275092884028611,0.2842294566313739,0.2758684125721259,0.3674190538151848,surprised,08,07,07,male,strong,838
10,0.33366666666666667,True,1.0,0.7366766144078892,0.6981091239380679,0.7173928691729785,1.223241590214067,-0.05064814814814811,-0.045509259259259305,0.31050546811386304,0.5219164118246695,0.20492404007142412,0.58646867054891,0.03856749046982133,0.005138888888888804,0.0012787605214966977,0.24750000000000041,0.12461249607808246,0.11067747553818934,0.0,0.8650092723014488,0.6254163922053196,0.29061836001788477,0.2798154468794482,0.37349593312642476,surprised,08,07,07,male,strong,838
20,0.6673333333333333,True,1.0,0.7681695690801286,0.742029955771959,0.7550997624260438,1.1268421804973896,-0.07000000000000012,-0.06500000000000006,0.3218418277383305,0.4999370237417992,0.2208678788329657,0.6701025001502356,0.026139613308169607,0.00500000000000006,0.0015789659343024124,0.2693661971830985,0.12474745639155269,0.11052533598268531,0.0,0.7071067807446058,0.6214018849414766,0.2882896655787566,0.29550329379394785,0.3929120993080618,surprised,08,07,07,male,strong,838
30,1.0010000000000001,True,1.0,0.7471431895388443,0.7188453986078769,0.7329942940733606,1.4895825720765783,-0.0781944444444444,-0.07333333333333342,0.306125976524386,0.635887254887571,0.22917498949138576,0.4920803370111381,0.028297790930967404,0.004861111111110983,0.006618943449488038,0.20883231346422396,0.12360294875945507,0.11180379612645343,0.0,0.8094090480485994,0.6225096135485444,0.28647192515429415,0.3066560538214481,0.4020822879809092,surprised,08,07,07,male,strong,838
40,1.3346666666666667,True,1.0,0.7197403196013645,0.704094608398413,0.7119174639998888,1.0492741758204363,-0.07175925925925924,-0.06791666666666668,0.3418387304534937,0.4949402929525895,0.22502746414413652,0.6784856431287223,0.01564571120295155,0.003842592592592564,0.0030511074840945426,0.27863717707918545,0.12331797263861914,0.11211804223439775,0.0,0.7251591771234129,0.6218004957295419,0.28623856424132577,0.30715758892679884,0.39851965516108573,surprised,08,07,07,male,strong,838
50,1.6683333333333334,True,1.0,0.6674180492425902,0.6353090234408709,0.6513635363417305,0.5828798941210248,-0.05763888888888896,-0.05564814814814817,0.3639101145807127,0.17346060296742152,0.2132073270458541,1.117491858805626,0.03210902580171926,0.001990740740740793,0.00958928423198496,0.5094395282533399,0.13052116772427144,0.10364363244804486,0.0,0.6211310296123203,0.5793537969093887,0.2522099625752328,0.29695092780128435,0.3552992541332492,surprised,08,07,07,male,strong,838
60,2.0020000000000002,True,1.0,0.6505329668290428,0.6099056027662743,0.6302192847976585,0.8807972834525152,-0.0746296296296296,-0.06800925925925927,0.3659939120236529,0.38528929074680035,0.23265987674813382,0.7155100232908863,0.04062736406276857,0.006620370370370332,0.002151743728803467,0.3518551951695671,0.1198551313368652,0.11581245728389399,0.0,0.908949543376072,0.637437506252501,0.31457906391110163,0.2928113834629071,0.41029377961039903,surprised,08,07,07,male,strong,838
70,2.3356666666666666,True,1.0,0.6866288112781342,0.6717647840807359,0.6791967976794351,1.2284451866197421,-0.07439814814814816,-0.06814814814814812,0.3402616637796967,0.49580685209804376,0.22500847694534898,0.5528914151622432,0.014864027197398322,0.006250000000000033,0.006575342429555967,0.24397030099856978,0.12265013548995975,0.11284822565949529,0.0,0.6926563014145899,0.623747934705132,0.2900104090487861,0.3041496717642844,0.39226292788876105,surprised,08,07,07,male,strong,838
80,2.6693333333333333,True,1.0,0.6024961182626102,0.5747168029646843,0.5886064606136472,0.8955918347176149,-0.07388888888888895,-0.0693981481481481,0.3669760168148116,0.35959369121237655,0.2236452275399772,0.6572262472661311,0.027779315297925877,0.004490740740740851,0.006709712861821993,0.3409090909090909,0.12515916127008206,0.11005890295908385,0.0,0.7866617148386065,0.6269452501469338,0.2849025866681921,0.30435392540043976,0.3964648248930669,surprised,08,07,07,male,strong,838
90,3.003,True,1.0,0.6843709052186848,0.6324093842151488,0.6583901447169168,0.8681692220888084,-0.07314814814814813,-0.06777777777777783,0.3633965607417097,0.3376079074659895,0.22154981821739436,0.7583661433341707,0.051961521003536015,0.005370370370370303,0.008673517785642623,0.33927219126953506,0.12503449414437268,0.11020051290451661,0.0,0.7584264865664283,0.6273428920865222,0.2857604976489364,0.29862376508403227,0.3909108053918134,surprised,08,07,07,male,strong,838
100,3.336666666666667,True,1.0,0.6734690512950406,0.6411452443949498,0.6573071478449952,0.916742657728352,-0.07050925925925927,-0.0653703703703703,0.3560738886604962,0.35259332989552095,0.22153328809325804,0.7170029040360939,0.032323806900090846,0.0051388888888889706,0.006085001983096315,0.32884615384615357,0.12555649795128815,0.10960539946835196,0.0,0.691970941802856,0.6273807100652761,0.2864082268789092,0.3003156243613576,0.3895062719281823,surprised,08,07,07,male,strong,838
0,0.0,True,1.0,0.7607633843341474,0.7235832228660772,0.7421733036001124,0.9323950701363105,-0.06800925925925921,-0.06425925925925913,0.3386827381204776,0.4060430144141994,0.2208347152570755,0.7959858726962286,0.03718016146807013,0.0037500000000000866,0.00700780746323395,0.3179496849286084,0.12542716832254136,0.10975337451363916,0.0,0.6693343642803036,0.632899364441089,0.28948286305447196,0.3013813381532268,0.38735946309466135,surprised,08,07,07,male,strong,839
10,0.33366666666666667,True,1.0,0.7970442555356138,0.7431993984642958,0.7701218269999548,0.9096751080286307,-0.054537037037037106,-0.05194444444444446,0.342559555460474,0.3728176672248484,0.2055737415780374,0.8465899750394361,0.05384485707131792,0.0025925925925926463,0.0049050619868391395,0.3139528843608462,0.12420797586939988,0.11113125798252982,0.0,0.7071067807446058,0.6342894744851065,0.28896919346333005,0.2836735617290731,0.3757222143097109,surprised,08,07,07,male,strong,839
20,0.6673333333333333,True,1.0,0.7531091430494418,0.7387582711142584,0.7459337070818501,0.9113002729924664,-0.05143518518518514,-0.04754629629629625,0.3363445515702593,0.39487943224462946,0.19864222379929897,0.8185377851719536,0.014350871935183362,0.003888888888888886,0.0021642239322089744,0.32811058139477445,0.1274418486591439,0.10740741585674159,0.0,0.671177260446202,0.634579125822204,0.28606202077260007,0.2827531974174141,0.3773675660985209,surprised,08,07,07,male,strong,839
30,1.0010000000000001,True,1.0,0.6809416738481381,0.6652345424913951,0.6730881081697666,1.0886291026217105,-0.0589351851851852,-0.05203703703703699,0.3607550241419748,0.3509300331741712,0.20836299430781458,0.6182896512216972,0.015707131356742954,0.006898148148148209,0.007976732951441341,0.27415709857037796,0.12403080520431738,0.1113289590839927,0.0,0.6876615249502718,0.6420181821322279,0.28618606573336736,0.28904238831748624,0.3934298061067508,surprised,08,07,07,male,strong,839
40,1.3346666666666667,True,1.0,0.7102508430769521,0.7009034395768159,0.705577141326884,1.0045384747057668,-0.061342592592592615,-0.057777777777777706,0.35282150735070905,0.47313645853916575,0.2090573402247734,0.7023893649604115,0.009347403500136187,0.0035648148148149095,0.0021716592412072484,0.2856844269494579,0.12436167715305144,0.11095923136950099,0.0,0.7882071643742158,0.6429146664759655,0.283882291325366,0.2893976946246878,0.39015839960963594,surprised,08,07,07,male,strong,839
50,1.6683333333333334,True,1.0,0.6830679253848515,0.6622401653996403,0.6726540453922458,1.241600453010807,-0.07157407407407407,-0.06671296296296292,0.3588950219650886,0.4585081557041142,0.21806815098199114,0.5417636919840839,0.020827759985211247,0.004861111111111149,0.002457549277843123,0.24952824884173683,0.12746861861855055,0.10737564453027441,0.0,0.6745944905221505,0.6402016475261979,0.2860679794444093,0.3062555338422949,0.41158479842091356,surprised,08,07,07,male,strong,839
60,2.0020000000000002,True,1.0,0.6876161631949003,0.6354037060507348,0.6615099346228175,0.9759406123485459,-0.07611111111111113,-0.07101851851851854,0.3506503635724999,0.4806702276031338,0.2250410254481738,0.6778178162203243,0.05221245714416545,0.005092592592592593,0.000715759514677004,0.3193675363741092,0.1237016217707282,0.11169461285876099,0.0,0.7025614744995387,0.6403603113667342,0.2895200534270288,0.30671810446712844,0.4072589391135166,surprised,08,07,07,male,strong,839
70,2.3356666666666666,True,1.0,0.6983129303728252,0.6478655480999872,0.6730892392364062,1.338710010289623,-0.07587962962962957,-0.07175925925925919,0.3060617304122176,0.6860888802734317,0.2250410254481738,0.5027894271820578,0.05044738227283796,0.004120370370370385,0.002034163007377384,0.23236770639777454,0.124325399126744,0.11099987793854872,0.0,0.7201438682702591,0.6351689534094889,0.2900864639893189,0.2988450487741527,0.39750708648357935,surprised,08,07,07,male,strong,839
80,2.6693333333333333,True,1.0,0.6374577382280486,0.6198846303426782,0.6286711842853634,1.0871500733891546,-0.07375000000000004,-0.07106481481481486,0.34744863721185054,0.49214155856900027,0.2208830771411905,0.5782745176344437,0.017573107885370476,0.0026851851851851793,0.004975113286748533,0.28124187496332953,0.12713098629079667,0.1077751831148295,0.0,0.6774108206916375,0.6381287861863495,0.28639835096129784,0.2993208854311605,0.40113604921270024,surprised,08,07,07,male,strong,839
90,3.003,True,1.0,0.6843709052186847,0.6642560122789489,0.6743134587488169,1.0517364412906258,-0.07407407407407413,-0.07027777777777772,0.3435164621406743,0.49624184201740745,0.21879219738090666,0.6411430014931698,0.020114892939735785,0.0037962962962964086,0.005101359880140339,0.2931338028169011,0.12612208996197546,0.10895410131915752,0.0,0.7361189033907083,0.6384799336922269,0.28628784015705905,0.2962040659839032,0.3970582893147223,surprised,08,07,07,male,strong,839
100,3.336666666666667,True,1.0,0.6866535062894624,0.6518425181114856,0.669248012200474,0.9773843524498401,-0.07458333333333333,-0.06865740740740739,0.3437051668529395,0.45905779661458784,0.2215773656838859,0.6847337084157179,0.03481098817797679,0.005925925925925946,0.003678936881795184,0.3071809093702284,0.1255110751934483,0.10965741094076041,0.0,0.6870888130603228,0.6410799387411215,0.28589606948184637,0.29416805716029104,0.39440710267775225,surprised,08,07,07,male,strong,839
0,0.0,True,1.0,0.6484629212990749,0.6061816750764185,0.6273222981877467,0.4665669977736516,-0.08240740740740748,-0.08083333333333337,0.3667834369307494,0.2332834988868258,0.19446955443027228,1.3445492312597798,0.04228124622265639,0.0015740740740741166,0.0011074805026858533,0.5634242031776123,0.11904174499788892,0.11664836354385791,0.0,0.9284928980287688,0.6738175033294568,0.2923213709559949,0.26835554586395155,0.38732401351237256,neutral,01,08,08,female,normal,840
10,0.33366666666666667,True,1.0,0.6354130998097559,0.6382531510945841,0.63683312545217,0.4705465158686873,-0.08189814814814816,-0.08162037037037034,0.3635928374919748,0.23527325793434364,0.1944585692104391,1.353390374757099,0.0028400512848282267,0.0002777777777778212,0.002417776222478063,0.5443548387096765,0.11953827114180941,0.11613948295993452,0.0,0.9191270197465238,0.6748847428424494,0.2924458777541341,0.2688052210124568,0.3882903786737705,neutral,01,08,08,female,normal,840
20,0.6673333333333333,True,1.0,0.5656444123047839,0.5871452710996559,0.5763948417022199,0.48169194796002085,-0.08736111111111111,-0.08490740740740749,0.3677003174391742,0.2332834988868258,0.19515804560261085,1.1966046850964989,0.021500858794871958,0.0024537037037036247,0.0049268114946255225,0.5281872683500929,0.11919488074800841,0.11649188028834519,0.0,0.9020549886644736,0.6755705955819828,0.29231952520993904,0.26982366203431174,0.3901065479355632,neutral,01,08,08,female,normal,840
30,1.0010000000000001,True,1.0,0.477986700911261,0.47595070252160426,0.47696870171643263,1.0094012035819022,-0.08981481481481479,-0.08828703703703705,0.38581334348483953,0.4549271106480528,0.19098220953209083,0.47252638497347665,0.0020359983896567346,0.001527777777777739,0.004507499681569298,0.26935774398567974,0.11503168989617185,0.1204466028620423,0.0,0.9625768239944396,0.6724036179393634,0.29505787310768683,0.2789858731887364,0.4266182913070408,neutral,01,08,08,female,normal,840
40,1.3346666666666667,True,1.0,0.2732039888344498,0.2788039982586125,0.27600399354653116,0.904011095414721,-0.10148148148148145,-0.10055555555555556,0.36404163257721567,0.41426560500494847,0.19794788850499279,0.3053104048683302,0.005600009424162722,0.0009259259259258856,0.007635394081063723,0.31869398449584324,0.11627203221140976,0.11940934760069893,0.0,0.9999999987499999,0.6693627010960634,0.2964811268037605,0.2705780004746154,0.3936257966488758,neutral,01,08,08,female,normal,840
50,1.6683333333333334,True,1.0,0.6444662094124586,0.6437015965750328,0.6440839029937457,0.8884856403548209,-0.08800925925925934,-0.08662037037037035,0.3688263040751559,0.37647696625204247,0.20139495022008674,0.7249232556381303,0.0007646128374257932,0.001388888888888995,0.0023004516149352236,0.3241525423728817,0.11597254475338964,0.1197002365602504,0.0,0.7326158303441206,0.6759439662818252,0.2945217657062841,0.2719922868307224,0.393832106347532,neutral,01,08,08,female,normal,840
60,2.0020000000000002,True,1.0,0.6484629212990748,0.6678776781594619,0.6581702997292683,0.8353218759021023,-0.08824074074074084,-0.08824074074074084,0.3633833480233587,0.34931642083178793,0.20000953651580125,0.7879241747601547,0.019414756860387072,0.0,0.00517969183659124,0.3374999999999994,0.11502671174737912,0.1206094248125165,0.0,0.7071067807446058,0.675852707543955,0.2937764950975005,0.2680962848686053,0.38678889277088957,neutral,01,08,08,female,normal,840
70,2.3356666666666666,True,1.0,0.5338152422114553,0.53371520811508,0.5337652251632676,0.6535194579860201,-0.08620370370370373,-0.08699074074074076,0.3643269655868708,0.2354903856031749,0.20139040423879118,0.8167549085809864,0.00010003409637526772,0.0007870370370370305,0.009932818108694997,0.39230761779533124,0.11719867637727287,0.11849999166535796,0.0,0.887580165328206,0.6737286499677997,0.2949886328675833,0.27263252472282773,0.3933285140928524,neutral,01,08,08,female,normal,840
80,2.6693333333333333,True,1.0,0.6284042286518138,0.6511088548137615,0.6397565417327876,0.5230874864573216,-0.08425925925925926,-0.0828240740740741,0.3707351355741512,0.23153345466395467,0.19930900071578378,1.2230392779334531,0.022704626161947683,0.0014351851851851505,0.005022086925272641,0.5140202494154902,0.11717157070171666,0.11836594459941037,0.0,0.9999999987499999,0.67516474952481,0.29445195495661297,0.26813099673500895,0.388132842624911,neutral,01,08,08,female,normal,840
90,3.003,True,1.0,0.653059580001291,0.6615930299042999,0.6573263049527955,0.4592844590543167,-0.08328703703703699,-0.08287037037037032,0.37386706389527224,0.18516486642440522,0.20277777777777778,1.4311964883511499,0.00853344990300886,0.0004166666666666763,0.005387599679123016,0.598691771993364,0.11520103436354466,0.12012614850783403,0.0,0.9999999987499999,0.6766967449792417,0.2947210098864867,0.2647269264920413,0.38362513123543057,neutral,01,08,08,female,normal,840
100,3.336666666666667,True,1.0,0.6663178496179571,0.6294128638485303,0.6478653567332437,0.4700258563903632,-0.08106481481481476,-0.07828703703703699,0.37828821342347324,0.1762324711714892,0.20208937383583805,1.3783611006182228,0.0369049857694268,0.002777777777777768,0.0032534056287238755,0.5448377066694545,0.12320819461979975,0.1122386677945309,0.0,0.9306654678525617,0.6295615072982318,0.27616331468381194,0.2808121312179094,0.35130993938492217,neutral,01,08,08,female,normal,840
0,0.0,True,1.0,0.5843537378992312,0.6165156120195834,0.6004346749594073,0.4860805348000921,-0.08124999999999999,-0.07944444444444443,0.3646039253750542,0.21262738659326136,0.19862493957419503,1.23525760027882,0.03216187412035221,0.0018055555555555602,7.218304240943676e-05,0.5448377066694532,0.12195363179643877,0.11360056981105822,0.0,0.8365940119776383,0.6312700103635205,0.2755971051415889,0.27882560285541474,0.34893210190416074,neutral,01,08,08,female,normal,841
10,0.33366666666666667,True,1.0,0.6000712493979303,0.6007214010090487,0.6003963252034895,0.47907701490578586,-0.08037037037037037,-0.07874999999999999,0.3605338895201554,0.20087019909376755,0.19862071431262085,1.253235506031451,0.0006501516111183658,0.0016203703703703831,0.0035661909301187107,0.563331473245251,0.12192807737455576,0.11346020346355659,0.0,0.7071067807446058,0.6309290061102566,0.2770709254949337,0.2800342745033243,0.35211923049013905,neutral,01,08,08,female,normal,841
20,0.6673333333333333,True,1.0,0.43637866809021036,0.46025294673870293,0.44831580741445665,0.47081778459936563,-0.0857870370370371,-0.08527777777777773,0.3646039253750541,0.19743971612231412,0.19933655985405505,0.9522066117275994,0.023874278648492564,0.0005092592592593759,0.00014860262201972458,0.5634242031776125,0.12072689491738585,0.11457131716964568,0.0,0.9999999987499999,0.6314466597029438,0.2764424168705959,0.2785622702147909,0.3488687480796304,neutral,01,08,08,female,normal,841
30,1.0010000000000001,True,1.0,0.5541955781322189,0.5705595086823604,0.5623775434072896,0.9876862082280031,-0.0881481481481482,-0.08777777777777779,0.3910898251870449,0.3809523809523807,0.1972361480619973,0.5693888795068273,0.016363930550141514,0.00037037037037040976,0.007512368632445789,0.28927637475760914,0.11602016531439555,0.1196540806224439,0.0,0.7481596561117199,0.6752891590776936,0.29386019002503055,0.2808374536454722,0.4149654591596119,neutral,01,08,08,female,normal,841
40,1.3346666666666667,True,1.0,0.6007249577241085,0.616516967788841,0.6086209627564747,0.753820229412561,-0.08842592592592596,-0.08740740740740743,0.3892588854734295,0.24177777777777806,0.206251479634844,0.8073821038615034,0.01579201006473252,0.0010185185185185297,0.0068397668336153,0.3613216498875303,0.11637019271017018,0.11931368747059475,0.0,0.7502317118541887,0.6764544756574504,0.2953367015480456,0.2755054717621392,0.39705471368965345,neutral,01,08,08,female,normal,841
50,1.6683333333333334,True,1.0,0.6169098933895987,0.6305052854880279,0.6237075894388133,1.0964060945177099,-0.08000000000000002,-0.08722222222222226,0.3585525442766206,0.45554901110242846,0.1944585692104391,0.5688654893086594,0.013595392098429193,0.007222222222222241,0.005012377234257763,0.26182276777214053,0.11554388035064432,0.11995534808892053,0.0,0.9179126367010597,0.6771621804971989,0.29491134356379745,0.2798640621374619,0.4088525702996169,neutral,01,08,08,female,normal,841
60,2.0020000000000002,True,1.0,0.5954378589020122,0.6259483341362201,0.6106930965191162,0.5035516435442686,-0.07722222222222225,-0.08370370370370378,0.3715394083824639,0.23693305631720707,0.19309507067744297,1.2127715286970928,0.030510475234207912,0.0064814814814815325,0.006263189823012529,0.5127974735187304,0.11514480772389922,0.12049668469801804,0.0,0.7881730332085507,0.6746986388852415,0.2941039560021461,0.2650680180150357,0.3894130325728335,neutral,01,08,08,female,normal,841
70,2.3356666666666666,True,1.0,0.6449221967219348,0.6433429760338542,0.6441325863778945,0.7081931110298,-0.08805555555555555,-0.08648148148148149,0.38200418695625893,0.2673614157144732,0.20694481311284513,0.9095437054467339,0.0015792206880806958,0.001574074074074061,0.0014447374097214716,0.39028040751933724,0.11775486672895076,0.11794731506584964,0.0,0.7760645622534647,0.6771029823335585,0.2947029038536853,0.2753887693410599,0.39317793361579423,neutral,01,08,08,female,normal,841
80,2.6693333333333333,True,1.0,0.6685669214906097,0.6780291943462351,0.6732980579184225,0.757419752586755,-0.08879629629629632,-0.08699074074074076,0.37899087611024374,0.27674952498362115,0.20347259718188104,0.8889364921088493,0.009462272855625398,0.0018055555555555602,0.0018620128566892763,0.335336538461538,0.11580552387006851,0.11970277550143721,0.0,0.7013661722529049,0.6774404160179698,0.29521971031038036,0.27243061166473415,0.3874695297842408,neutral,01,08,08,female,normal,841
90,3.003,True,1.0,0.6508665299478553,0.6627841800505736,0.6568253549992145,0.45115890490466587,-0.08666666666666661,-0.08481481481481484,0.36711886621024803,0.16542493179837703,0.20416816139971555,1.4558625527695344,0.01191765010271828,0.0018518518518517713,0.0016539697134261293,0.5634867887635993,0.11554078603587718,0.12011704513215637,0.0,0.866514207917681,0.68002719991903,0.29406714325674954,0.2667331442668203,0.38740436343577883,neutral,01,08,08,female,normal,841
100,3.336666666666667,True,1.0,0.6427464475295603,0.6659842864991455,0.654365367014353,0.46656699777365035,-0.08564814814814808,-0.08365740740740735,0.3679539577998001,0.18813185394098755,0.2027837975942453,1.4025110437232657,0.0232378389695852,0.0019907407407407374,0.00022534413135495975,0.5634242031776138,0.1176289409405715,0.11807290130485484,0.0,0.9999999987499999,0.677713138192777,0.29392664984539846,0.26888622571480697,0.38785540218818654,neutral,01,08,08,female,normal,841
0,0.0,True,1.0,0.6399299373660414,0.6399299373660398,0.6399299373660405,0.4592849333116001,-0.08407407407407413,-0.0814814814814816,0.36470388170417,0.2219877177672734,0.19169214051731778,1.3933179404600293,1.6653345369377348e-15,0.0025925925925925353,0.008817456686209266,0.5634867887635965,0.12053187284398212,0.11510797278456718,0.0,0.7018948266475245,0.6779312255917992,0.2930091036416926,0.2669966531321753,0.3836211714771449,neutral,01,08,08,female,normal,842
10,0.33366666666666667,True,1.0,0.6079687453285336,0.6115427623160915,0.6097557538223126,0.46237000550847523,-0.08328703703703705,-0.07976851851851852,0.3733353520430445,0.2386033070239034,0.19098660378297827,1.3187614822716605,0.003574016987557882,0.003518518518518532,0.006668224927688327,0.5633314732452482,0.11603703971823086,0.1196377163872761,0.0,0.9999999987499999,0.6788796497661564,0.2938684606775605,0.2644152835344799,0.3862560352397808,neutral,01,08,08,female,normal,842
20,0.6673333333333333,True,1.0,0.302011462921049,0.351411377701026,0.3267114203110375,0.4628840047835544,-0.09828703703703706,-0.09402777777777782,0.3609156035858683,0.2314420023917772,0.19586488726564813,0.7058170447341521,0.04939991477997696,0.00425925925925924,0.006345713563765683,0.5447707532633439,0.1168409175287503,0.1186923494274458,0.0,0.9999999987499999,0.6814805903142508,0.2936192109880175,0.26642099696939164,0.38744304746995295,neutral,01,08,08,female,normal,842
30,1.0010000000000001,True,1.0,0.5647700331105856,0.5647700331105856,0.5647700331105856,0.919337946809582,-0.06337962962962967,-0.07124999999999992,0.34770561958059953,0.4193267159095046,0.17918199577107896,0.6143225514301148,0.0,0.00787037037037025,0.00040179154612437476,0.31626102839098347,0.11479957219838148,0.12050986721741014,0.0,0.9999999987499999,0.6754601825417668,0.2956887734804462,0.27013200087616324,0.3940734701270487,neutral,01,08,08,female,normal,842
40,1.3346666666666667,True,1.0,0.4669312846755332,0.4847550687970924,0.4758431767363128,0.6931632616705325,-0.08787037037037043,-0.08717592592592593,0.38572665877689977,0.26713833146503624,0.19794788850499279,0.6864806648718291,0.017823784121559216,0.0006944444444444975,0.007286369227919014,0.38669219886540357,0.1135539528646516,0.12184077154168642,0.0,0.7632254374019802,0.6789688829047245,0.29586012195701283,0.2680441781736772,0.39327597980777573,neutral,01,08,08,female,normal,842
50,1.6683333333333334,True,1.0,0.3069755451372222,0.30036982334926743,0.3036726842432448,0.7368644028030007,-0.08000000000000002,-0.08393518518518517,0.3868573097834569,0.33229118669066504,0.1812769376534147,0.4121147433477406,0.006605721787954766,0.003935185185185153,0.005582405052022473,0.3534639207408643,0.11759341467500015,0.11810828334396192,0.0,0.9601567607085737,0.676843778941264,0.2948861496648744,0.2732435764421577,0.40119574486495624,neutral,01,08,08,female,normal,842
60,2.0020000000000002,True,1.0,0.6461403610669337,0.6453737619688964,0.6457570615179151,0.6075226531578752,-0.08805555555555561,-0.08777777777777784,0.35547956186791896,0.2570288147975628,0.19861725721356674,1.0629349509212522,0.000766599098037335,0.0002777777777777657,0.003453812752167728,0.41826923076923134,0.11509148216216036,0.12023111330906061,0.0,0.9361184223856253,0.6761945520630127,0.29492645739884304,0.2656288912020794,0.39070922102253336,neutral,01,08,08,female,normal,842
70,2.3356666666666666,True,1.0,0.6157591452984348,0.5954632921465932,0.605611218722514,0.6812334637445756,-0.08837962962962964,-0.0872222222222222,0.37752409855714253,0.2665496883568581,0.2020848434758866,0.8889921751547782,0.02029585315184157,0.0011574074074074403,7.169452864109058e-17,0.39187844956464457,0.11394229329868075,0.12163441768871415,0.0,0.953123957380814,0.6776852328431373,0.29529373866987246,0.26785730949714126,0.3910966614388828,neutral,01,08,08,female,normal,842
80,2.6693333333333333,True,1.0,0.6284042286518138,0.6280028447195216,0.6282035366856678,0.49301380016591123,-0.08527777777777784,-0.08361111111111108,0.3741094681939831,0.21659581242757056,0.20000152587308548,1.2742108567230002,0.0004013839322921653,0.0016666666666667607,0.005274477162086476,0.5292004084230423,0.11763082296620737,0.11807102632553737,0.0,0.9020887652161524,0.6781963103131877,0.29422949547721483,0.2687781363269735,0.3905811157491776,neutral,01,08,08,female,normal,842
90,3.003,True,1.0,0.647173010464364,0.645852390746117,0.6465127006052405,0.47089528586353063,-0.08412037037037029,-0.08273148148148146,0.3680886287056399,0.19743971612231412,0.20139040423879126,1.3729436671247655,0.0013206197182470403,0.0013888888888888284,0.0009227326303325403,0.5442652472666951,0.11597899984714996,0.11969398215213987,0.0,0.8603344673388494,0.6770050883634704,0.29538765351057483,0.2661120718310543,0.3878774432418557,neutral,01,08,08,female,normal,842
100,3.336666666666667,True,1.0,0.6707409771033527,0.6741519797515761,0.6724464784274644,0.4711277131615389,-0.08513888888888893,-0.08185185185185179,0.36916268870518865,0.21262738659326136,0.19792013600303546,1.4273125092025694,0.003411002648223471,0.0032870370370371438,0.005887080565075432,0.5439967381187761,0.1168496079987661,0.118844212646738,0.0,0.8988414517772585,0.6768639699551697,0.2941942201523444,0.2653674971231865,0.3861034185178386,neutral,01,08,08,female,normal,842
0,0.0,True,1.0,0.6268054022864034,0.609339289897802,0.6180723460921027,0.44797935360512087,-0.08254629629629628,-0.08055555555555549,0.37555594182887997,0.19412438656221853,0.19654175282197453,1.3796893564807302,0.017466112388601407,0.001990740740740793,0.0033909966109228933,0.6009252125773327,0.11787554599680669,0.11782670930414049,0.0,0.7674978467583617,0.6755848021005277,0.293282767240534,0.2682086128683923,0.38580719041729605,neutral,01,08,08,female,normal,843
10,0.33366666666666667,True,1.0,0.6268054022864034,0.5986324479333154,0.6127189251098594,0.47511819720928433,-0.08347222222222223,-0.08064814814814808,0.3658815234799481,0.20687225846801327,0.19653748277500976,1.2896136765731232,0.028172954353087976,0.0028240740740741455,0.002521175399792007,0.562407422175585,0.11705759929730758,0.11863935357193668,0.0,0.8631148420919638,0.6762288614820928,0.2938308003071863,0.2679155498251825,0.3897999750498991,neutral,01,08,08,female,normal,843
20,0.6673333333333333,True,1.0,0.42815203025753984,0.42017916407854394,0.4241655971680419,0.49066681388177213,-0.0891203703703703,-0.08763888888888888,0.36473152862297437,0.22219612946564496,0.19723614806199724,0.864467669644041,0.007972866178995897,0.001481481481481417,0.004888774514836886,0.5445854354958868,0.11614825900907047,0.11952974398977964,0.0,0.8625422464740602,0.675558870806135,0.2932365938911615,0.26501597706788194,0.38849541456038694,neutral,01,08,08,female,normal,843
30,1.0010000000000001,True,1.0,0.21387589670898044,0.20948308901310828,0.21167949286104437,0.8201342054311533,-0.09870370370370368,-0.09722222222222227,0.3678128488824855,0.3493164208317865,0.1986760197162852,0.2581034804538633,0.004392807695872164,0.001481481481481417,0.006027274431877989,0.32344722775011076,0.11436409702073023,0.12123791107373766,0.0,0.7137749969948132,0.6735224615314875,0.29516590007932847,0.265611579899764,0.3870255874944604,neutral,01,08,08,female,normal,843
40,1.3346666666666667,True,1.0,0.23555770497111408,0.2510143069972419,0.243286005984178,0.7246740188624033,-0.09611111111111109,-0.09740740740740744,0.3921512341222282,0.24866265353121678,0.2062947542589623,0.3357178533405813,0.015456602026127836,0.001296296296296351,0.0028207533701352277,0.3755122734512087,0.11569559932275036,0.119967937659828,0.0,0.7518206822639585,0.6735567192423844,0.295762971129941,0.27160180196724076,0.3891414485001158,neutral,01,08,08,female,normal,843
50,1.6683333333333334,True,1.0,0.510039833458853,0.4989996594265065,0.5045197464426797,0.8228146921513139,-0.08152777777777775,-0.08490740740740743,0.3853256160453513,0.2938475665748394,0.2000186911432045,0.6131632690266785,0.011040174032346473,0.003379629629629677,0.002112804167628061,0.3515447659190726,0.11961930425668653,0.11589174203062796,0.0,0.852078809100235,0.6315160188528537,0.2780007303781833,0.28994513862154175,0.3676715852656927,neutral,01,08,08,female,normal,843
60,2.0020000000000002,True,1.0,0.6421441093003064,0.6301123751949853,0.6361282422476459,0.7968879113645683,-0.08935185185185196,-0.08833333333333326,0.36252019170850436,0.3141393554514288,0.20209277153915406,0.7982656446103668,0.012031734105321101,0.0010185185185186962,0.0026855472221068094,0.34613359548274397,0.11495436451801627,0.12067838185574321,0.0,0.686577585903049,0.6758313143382352,0.29365606534914024,0.2683942770255839,0.3841376256834204,neutral,01,08,08,female,normal,843
70,2.3356666666666666,True,1.0,0.6173091273959082,0.6332996925188442,0.6253044099573761,0.765972281940815,-0.08671296296296294,-0.08490740740740732,0.3626702452505908,0.27573257334883816,0.20695034306004367,0.8163538351191826,0.015990565122936062,0.0018055555555556158,0.0031247253632531065,0.35997722091221057,0.11944860602326458,0.11623170087469571,0.0,0.9999999987499999,0.629891834851128,0.27926544942523546,0.2871903829092034,0.35893054451091455,neutral,01,08,08,female,normal,843
80,2.6693333333333333,True,1.0,0.6045129030868508,0.6041267793863726,0.6043198412366118,0.503482744674064,-0.08393518518518517,-0.0828240740740741,0.37394422590634724,0.20731642427755528,0.20418497639253094,1.2002791508333142,0.00038612370047819145,0.0011111111111110628,0.0028026267594191733,0.5294117647058835,0.11952249332939946,0.11615572029553523,0.0,0.9999999987499999,0.633076934828619,0.2756442845712693,0.2800282596573065,0.3585481879177966,neutral,01,08,08,female,normal,843
90,3.003,True,1.0,0.6199642227569518,0.6199642227569521,0.619964222756952,0.5077794114238443,-0.08537037037037043,-0.08314814814814814,0.3731145338442355,0.22398967680255957,0.2020893738358381,1.2209321780466338,2.220446049250313e-16,0.002222222222222292,0.003871323561095856,0.5293393275032071,0.11997037118715277,0.11569307588028324,0.0,0.7674369276796967,0.6346980042642058,0.27489442252547147,0.28046472686741614,0.35909050391658026,neutral,01,08,08,female,normal,843
100,3.336666666666667,True,1.0,0.6462079515049716,0.6280614379346936,0.6371346947198326,0.50119312554126,-0.08458333333333334,-0.08180555555555558,0.3634719260817647,0.19743971612231412,0.20348159600640797,1.271235901393826,0.018146513570277967,0.002777777777777768,0.0017731085718857942,0.5284090909090929,0.12130789243208646,0.1141230434908909,0.0,0.9999999987499999,0.6331467018682474,0.27492140401011766,0.28167096081499166,0.35777090142255547,neutral,01,08,08,female,normal,843
0,0.0,True,1.0,0.5356949779959477,0.5556147339481812,0.5456548559720644,0.430057281251301,-0.07699074074074069,-0.07527777777777783,0.39300937034604727,0.10749542629288293,0.19864222379929886,1.2687957622399022,0.019919755952233498,0.0017129629629628607,0.01197376845617776,0.6035862527199881,0.11753824580357619,0.11816318607194293,0.0,0.9467336425541392,0.635850110497324,0.30810144305874926,0.25264573604240664,0.3731326710339981,calm,02,08,08,female,normal,844
10,0.33366666666666667,True,1.0,0.5678342190658167,0.5882151495604713,0.578024684313144,0.43470133099690245,-0.07662037037037045,-0.0754629629629629,0.4023094872696802,0.09814220988535362,0.20001869114320445,1.3297053473187155,0.020380930494654614,0.0011574074074075513,0.004095526181455505,0.6201976128403957,0.1174550467903596,0.11824588683220934,0.0,0.9298008530890299,0.6377411875765931,0.3070343889070118,0.2551150590441664,0.3741326360076086,calm,02,08,08,female,normal,844
20,0.6673333333333333,True,1.0,0.25653460413738677,0.23956198833869238,0.2480482962380396,0.44017718149686064,-0.08625000000000005,-0.08356481481481481,0.3943396970344939,0.05679705567701398,0.20074917854654892,0.5635192069578207,0.016972615798694385,0.002685185185185235,0.013282852394863204,0.5661877611758366,0.11737819923619747,0.11816104335095724,0.0,0.8445635264477046,0.6359700163268434,0.3082044761419581,0.258866811882981,0.3813892454785677,calm,02,08,08,female,normal,844
30,1.0010000000000001,True,1.0,0.1719180590983514,0.16729452892181443,0.16960629401008293,0.7909413153114198,-0.09671296296296295,-0.09189814814814817,0.43262411571549547,0.18494776660727466,0.19761795196355933,0.2144360026803042,0.004623530176536966,0.004814814814814772,0.013109696752397764,0.32695708806392093,0.10920566159732809,0.1256013270150148,0.0,0.8037494075232342,0.6729124920202457,0.29649212763431737,0.27416673354899496,0.4079606953313116,calm,02,08,08,female,normal,844
40,1.3346666666666667,True,1.0,0.258962537955659,0.23641880073049434,0.24769066934307665,0.6518654780062916,-0.09791666666666671,-0.09523148148148147,0.40930546315657196,0.15954594018629628,0.19982892007308214,0.3799720612612132,0.022543737225164645,0.002685185185185235,0.03078865625275043,0.37219338175208677,0.11377769414290495,0.12178839880845976,0.0,0.7071067807446058,0.6718540305809824,0.2956307398275047,0.26942307457937736,0.3870998706380879,calm,02,08,08,female,normal,844
50,1.6683333333333334,True,1.0,0.23069911281936847,0.26176477932240283,0.24623194607088567,0.857618004523099,-0.09226851851851858,-0.09009259259259261,0.4038214951531262,0.2518402076774181,0.1944542534185721,0.2871114467889575,0.031065666503034356,0.00217592592592597,0.012722080209100069,0.3129028645329169,0.11984295102333824,0.11582506144847299,0.0,0.6985050228139017,0.6264963896965036,0.27978562389072514,0.297448692246828,0.37859963209948444,calm,02,08,08,female,normal,844
60,2.0020000000000002,True,1.0,0.2129556405024354,0.2160929623463175,0.21452430142437645,0.6364632449616988,-0.09870370370370368,-0.09504629629629624,0.37405742306638673,0.1554021476725209,0.20016815745708819,0.3370568577566268,0.0031373218438821016,0.0036574074074074425,0.007042976652018503,0.4061547921184685,0.11458193507883283,0.12071681750049869,0.0,0.9999999987499999,0.670699742936237,0.29388950822950577,0.26809879903528416,0.3856175981938322,calm,02,08,08,female,normal,844
70,2.3356666666666666,True,1.0,0.49998417357356634,0.5210425777306061,0.5105133756520862,0.6192086497440703,-0.0771296296296296,-0.07671296296296293,0.4159528126786018,0.10092775300822525,0.20852696893188274,0.8244609888170817,0.0210584041570398,0.0004166666666666763,0.003716318201722162,0.44062208004559944,0.1191415352611079,0.1158907095282988,0.0,0.9999999987499999,0.6319913743622448,0.27998903065049946,0.29433105301757867,0.3607128624982242,calm,02,08,08,female,normal,844
80,2.6693333333333333,True,1.0,0.40483101225187795,0.4438694767934247,0.42435024452265135,0.6370909491243456,-0.07967592592592587,-0.0786574074074074,0.4233230325295679,0.14301099439280762,0.20209277153915411,0.6660748282578849,0.03903846454154675,0.0010185185185184742,0.002396544200777233,0.42520688534198847,0.12164540014669097,0.1139305682985006,0.0,0.7598723965512005,0.630356341528799,0.2772517970844156,0.29377253235852274,0.3671975742024416,calm,02,08,08,female,normal,844
90,3.003,True,1.0,0.22687348345902036,0.22688854396234198,0.22688101371068117,0.508234794456263,-0.08199074074074081,-0.08300925925925928,0.4372162403969786,0.044470544514922834,0.207642195784065,0.4464098408559586,1.506050332161779e-05,0.0010185185185184742,0.0038487866744062204,0.5367090837921409,0.11469000124935992,0.12045608967292191,0.0,0.9999999987499999,0.6386025138805522,0.30473870127303393,0.2605699181187025,0.38099303379079985,calm,02,08,08,female,normal,844
100,3.336666666666667,True,1.0,0.577995519086043,0.5856421172446938,0.5818188181653684,0.5119195878532216,-0.07180555555555557,-0.07249999999999995,0.43676011871930276,0.019195086686630766,0.20764219578406495,1.136543379020278,0.007646598158650875,0.0006944444444443865,0.00970325140553647,0.5366560235027531,0.1210235592135499,0.1145909066400026,0.0,0.9230168725971294,0.6141903954316101,0.2804761847202686,0.28056703946082107,0.35818266629742,calm,02,08,08,female,normal,844
0,0.0,True,1.0,0.5695736551775751,0.5675678311765253,0.5685707431770501,0.4483059363190564,-0.07828703703703699,-0.07944444444444443,0.38307074935660795,0.13729369996148572,0.19722260906438252,1.268265033127739,0.0020058240010497608,0.0011574074074074403,0.008257262699426927,0.5802631873266951,0.12211372030532654,0.113428466809636,0.0,0.7071067807446058,0.6285877877713585,0.2755470954576092,0.28288828986596065,0.3566250385396398,calm,02,08,08,female,normal,845
10,0.33366666666666667,True,1.0,0.5537550306337555,0.5493828524350295,0.5515689415343925,0.47313838261209284,-0.07638888888888884,-0.07787037037037031,0.38611941601952643,0.1361867211650736,0.19722570377434895,1.165766637847688,0.00437217819872604,0.0014814814814814725,0.010665530611022262,0.5292004084230423,0.12131934402275481,0.11394378719466054,0.0,0.7650092948997427,0.628678501971101,0.2745045739708852,0.28265619908466943,0.35573990641841235,calm,02,08,08,female,normal,845
20,0.6673333333333333,True,1.0,0.2513857114172353,0.2503081861243891,0.2508469487708122,0.4137272880542722,-0.08124999999999999,-0.08648148148148144,0.40565403832390473,0.09646856158484032,0.1875036620736129,0.6063098954640537,0.0010775252928462153,0.005231481481481448,0.0024298571205436338,0.6379224831998553,0.12201558189631904,0.11336609544582787,0.0,0.8140585701462378,0.6272581155509079,0.2779174648153723,0.27931375282670307,0.3470979502384068,calm,02,08,08,female,normal,845
30,1.0010000000000001,True,1.0,0.3292999111892497,0.3519164149322452,0.3406081630607475,0.7099210233336158,-0.08476851851851847,-0.08680555555555558,0.42263971833036995,0.12483257483250858,0.191842128769665,0.4797831756852821,0.022616503742995453,0.002037037037037115,0.010275562402950876,0.38700321424806683,0.11892105846830246,0.11644462944672837,0.0,0.9999999987499999,0.6322658293942578,0.28172395049659943,0.28676543756672235,0.3687868991894198,calm,02,08,08,female,normal,845
40,1.3346666666666667,True,1.0,0.24571804673358066,0.26819298176926537,0.25695551425142305,0.6419721667833058,-0.08101851851851849,-0.08495370370370364,0.4087383440925323,0.11596853927406285,0.19191529001815294,0.40025958685862617,0.022474935035684707,0.003935185185185153,0.01127198474166089,0.42055723024300545,0.11883904628160426,0.11669170879114703,0.0,0.7899985911373728,0.6327130418964462,0.28053896046880245,0.2796262181679959,0.3559781982491092,calm,02,08,08,female,normal,845
50,1.6683333333333334,True,1.0,0.19990775746370448,0.20509905090472208,0.20250340418421328,0.8131158730606465,-0.08212962962962966,-0.09055555555555561,0.4028803853799734,0.22041586154086093,0.19027938161454047,0.24904618258400363,0.005191293441017597,0.008425925925925948,0.011928171467154048,0.34349810995893,0.11670188592756361,0.11882905218262342,0.0,0.805342575580006,0.6763325081673295,0.2941195497567035,0.282594950786247,0.4001976295394266,calm,02,08,08,female,normal,845
60,2.0020000000000002,True,1.0,0.48628911810933495,0.5001959512365967,0.4932425346729658,0.7461283863287771,-0.07925925925925925,-0.0885185185185185,0.42073985975436334,0.16949487299270044,0.212512924698858,0.6610692525717972,0.013906833127261709,0.009259259259259245,0.011851664794483402,0.3680086420504881,0.11543745356939758,0.1200577699892495,0.0,0.861188521287055,0.6415914178327581,0.3068059222049441,0.2674347160245692,0.3891873787629396,calm,02,08,08,female,normal,845
70,2.3356666666666666,True,1.0,0.4361358603560188,0.49754413346268117,0.46683999690934996,0.6784766938988832,-0.08814814814814814,-0.09171296296296294,0.40867720549802156,0.08985411877060492,0.22309764515099312,0.6880707931567145,0.06140827310666236,0.0035648148148147984,0.029723891545808612,0.39178965642927954,0.11392948047457613,0.12164641896528099,0.0,0.9999999987499999,0.6400994556103692,0.3076512210262818,0.266266632491617,0.38903816320995455,calm,02,08,08,female,normal,845
80,2.6693333333333333,True,1.0,0.4569943334822295,0.5018621733622516,0.47942825342224055,0.48856426539321074,-0.07180555555555557,-0.08069444444444446,0.409177450065368,0.0203543598799457,0.21390172966618565,0.9813002861279319,0.044867839880022076,0.00888888888888889,0.030788380327000493,0.5311851620184324,0.11764834719462743,0.11805356484021652,0.0,0.9273405373895832,0.6360559705522834,0.30767204269149606,0.26176537327768756,0.38302552408648455,calm,02,08,08,female,normal,845
90,3.003,True,1.0,0.5301598115243089,0.5524767850403495,0.5413182982823292,0.4786495334444519,-0.07560185185185186,-0.07847222222222228,0.4055048550399834,0.020510902715454454,0.2167458805141059,1.130928289821785,0.02231697351604056,0.002870370370370412,0.03456695211652178,0.5471043755728741,0.11542470738551543,0.11927401648463244,0.0,0.7288539187871649,0.6356384291919893,0.30766296522883946,0.26041386560310487,0.37810576480116176,calm,02,08,08,female,normal,845
100,3.336666666666667,True,1.0,0.33917371295775606,0.37924694461558145,0.35921032878666875,0.4579751207372239,-0.07680555555555552,-0.08037037037037037,0.4134436670899766,-0.013468013468013424,0.21532065562714572,0.7843446347225831,0.04007323165782539,0.003564814814814854,0.0218405595222569,0.5624230354721592,0.1164486398159584,0.11923712531664957,0.0,0.8014722403503721,0.6351376557732468,0.30678692342461317,0.26019302957509793,0.3791069724292344,calm,02,08,08,female,normal,845
0,0.0,True,1.0,0.5375455443352744,0.5494600812521533,0.5435028127937138,0.41368800566994035,-0.07273148148148151,-0.07504629629629622,0.40336989497088344,0.07578953024746679,0.20139495022008683,1.313798817815728,0.011914536916878937,0.002314814814814714,0.020888930793503156,0.6379224831998523,0.12003434382511655,0.11562670138081876,0.0,0.8184637951577514,0.6383948878692102,0.304708420422418,0.2589281398322931,0.3743181391757053,calm,02,08,08,female,normal,846
10,0.33366666666666667,True,1.0,0.5633067122250602,0.5748330702618903,0.5690698912434753,0.40304186319889834,-0.0741666666666666,-0.07657407407407413,0.39883404741058787,0.062493972708409486,0.20279621290136185,1.4119374268638771,0.011526358036830109,0.0024074074074075247,0.021568099420505533,0.6589870885934985,0.11716754392297582,0.11853077414843717,0.0,0.8530359687318598,0.6374585270983394,0.306272329487324,0.25466493696945697,0.37525347598801095,calm,02,08,08,female,normal,846
20,0.6673333333333333,True,1.0,0.3069104202505312,0.32762314987267876,0.317266785061605,0.4345097849100538,-0.08101851851851849,-0.08416666666666678,0.4139581142298458,0.03389897459854009,0.20487935877564548,0.7301717845716206,0.02071272962214754,0.0031481481481482887,0.013853627800575228,0.5968269638220342,0.11891964922751666,0.11677283415669201,0.0,0.7262473380192033,0.6344804578315701,0.3063627906515702,0.26164523752974533,0.3865988843999587,calm,02,08,08,female,normal,846
30,1.0010000000000001,True,1.0,0.371755305315664,0.3913949653021374,0.3815751353089007,0.5969621301162348,-0.0800925925925926,-0.08189814814814811,0.4129286775652582,0.060928600224852844,0.20771089380572907,0.6391948769591197,0.019639659986473434,0.0018055555555555047,0.012515648393672902,0.44883007219909504,0.11641506090775273,0.11926990971230293,0.0,0.846430559432624,0.6352619215889481,0.3078530537672874,0.26447656789076796,0.3912174232839561,calm,02,08,08,female,normal,846
40,1.3346666666666667,True,1.0,0.29594454353573696,0.30123166113543465,0.2985881023355858,0.7004205078073205,-0.08620370370370373,-0.08782407407407405,0.410788886037814,0.18166995541480652,0.20418497639253094,0.42629834364833413,0.005287117599697688,0.0016203703703703276,0.012999102621075308,0.37873947788660317,0.11227910225959464,0.12317134798350186,0.0,0.9999999987499999,0.6717549153802145,0.2952893099301481,0.27547178427535574,0.39826339383790366,calm,02,08,08,female,normal,846
50,1.6683333333333334,True,1.0,0.31652988372487956,0.3345717217845364,0.325550802754708,0.7181248571856155,-0.08337962962962958,-0.085787037037037,0.43495569875158324,0.18245890856435998,0.20162552417673185,0.45333454133667744,0.018041838059656867,0.0024074074074074137,0.0241463046631086,0.38599495712573617,0.11719259284209574,0.11850600808489076,0.0,0.8252675609336285,0.6675609372420842,0.2968154358315701,0.2892632051978326,0.4211565434831296,calm,02,08,08,female,normal,846
60,2.0020000000000002,True,1.0,0.32876642464363065,0.31076637039462335,0.319766397519127,0.7082035019711075,-0.07935185185185184,-0.08351851851851855,0.3869380133504102,0.14429383250880082,0.20631250532509074,0.4515176734217455,0.018000054249007302,0.004166666666666707,0.02598434264829544,0.3787524553504116,0.11512613936311811,0.12051452113396807,0.0,0.8322003955210441,0.6366591900119423,0.30861854346674056,0.2628335188425117,0.3883314455572465,calm,02,08,08,female,normal,846
70,2.3356666666666666,True,1.0,0.08471932512924586,0.09031795085591307,0.08751863799257947,0.5394926787523168,-0.08925925925925937,-0.09226851851851864,0.4038277554433088,0.048235730118025316,0.20984005568620515,0.1622239586179067,0.0055986257266672085,0.003009259259259267,0.03995951807207859,0.4661625422854619,0.1148331564178851,0.12079372482009752,0.0,0.7071067807446058,0.638937840206395,0.3063947484807579,0.2595361288542801,0.3819788856527103,calm,02,08,08,female,normal,846
80,2.6693333333333333,True,1.0,0.45158261713331294,0.4665302410013935,0.4590564290673532,0.5500299371122123,-0.07324074074074077,-0.07907407407407402,0.4203664364685985,0.09807899410621071,0.20158919505281492,0.8346026244998744,0.014947623868080573,0.005833333333333246,0.049199546622681445,0.4837949844704505,0.1222918564906994,0.11323638817089471,0.0,0.7071067807446058,0.6296871278433248,0.2760684163494976,0.2891093236786909,0.36147726328495267,calm,02,08,08,female,normal,846
90,3.003,True,1.0,0.5455436901050362,0.5417312617939275,0.5436374759494819,0.46733033893353254,-0.07092592592592595,-0.0765277777777778,0.40296381626452493,0.0684911174051461,0.20091329138676764,1.163283079780537,0.0038124283111087287,0.005601851851851858,0.04690248506032751,0.5613511070573087,0.12007485281304824,0.11492341667764794,0.0,0.9999999987499999,0.6300250827831132,0.2766607680929076,0.28314567118845263,0.3576202175382332,calm,02,08,08,female,normal,846
100,3.336666666666667,True,1.0,0.5714285714285713,0.577653655838202,0.5745411136333867,0.46502609643672554,-0.0697222222222223,-0.07583333333333336,0.3954245006178404,0.05623623673773008,0.2022497586423201,1.2355029492663374,0.006225084409630766,0.006111111111111067,0.04425920107435093,0.5450302591905388,0.1191502337373241,0.11588176637876513,0.0,0.9999999987499999,0.6325859331154337,0.27635842059375926,0.2773330829601353,0.35214299696147056,calm,02,08,08,female,normal,846
0,0.0,True,1.0,0.43651480502372036,0.43980024800321865,0.4381575265134695,0.4517330880145803,-0.07861111111111108,-0.08106481481481476,0.3929170097862906,0.10580957439325686,0.19722841160573598,0.9699478256933161,0.0032854429794982876,0.00245370370370368,0.01999507727562888,0.5805606013881028,0.12087150172982447,0.114751286873568,0.0,0.835592268550452,0.6291927547190751,0.2751583512734859,0.2814762613892126,0.3602387844847987,calm,02,08,08,female,normal,847
10,0.33366666666666667,True,1.0,0.45194696903149567,0.45496824025199833,0.453457604641747,0.4517330880145803,-0.07824074074074072,-0.08166666666666661,0.39305592762326247,0.09170163114082261,0.19861725721356674,1.0038175565902117,0.0030212712205026637,0.003425925925925888,0.018246567286150546,0.5805606013881028,0.12234659499108178,0.11317724357784954,0.0,0.7711110356816688,0.6272693725693403,0.27574763815428066,0.2851689154504389,0.36185836136544763,calm,02,08,08,female,normal,847
20,0.6673333333333333,True,1.0,0.1872800239156468,0.20216528671020492,0.19472265531292587,0.41679876150781503,-0.09282407407407406,-0.0939814814814815,0.4009047324249372,0.027767067240353195,0.2000003814693628,0.46718626180292716,0.014885262794558124,0.0011574074074074403,0.014286399726948378,0.5995785694255095,0.1170712778689951,0.11846514136910272,0.0,0.9999999987499999,0.668624107064701,0.29597724308083057,0.2697438068031505,0.38728860361262235,calm,02,08,08,female,normal,847
30,1.0010000000000001,True,1.0,0.42838399277295974,0.41829078954852417,0.423337391160742,0.6328039604130764,-0.07277777777777777,-0.08166666666666667,0.415048163779012,0.10758809985929936,0.197225703774349,0.6689866335292836,0.010093203224435576,0.00888888888888889,0.016736650418426546,0.4086658327770051,0.11783776748799273,0.11786449135605544,0.0,0.7834707463713582,0.6320176529908839,0.278639249571236,0.29171640220125006,0.3659556420359832,calm,02,08,08,female,normal,847
40,1.3346666666666667,True,1.0,0.1654552693483821,0.18150303711926943,0.17347915323382576,0.6863680674949483,-0.08768518518518514,-0.09439814814814812,0.3977750885587786,0.18190597748740503,0.20557374157803737,0.2527494524431712,0.016047767770887345,0.006712962962962976,0.014208354333427037,0.3920214360166993,0.11491367587870234,0.12055920088329483,0.0,0.8754497346221641,0.6735974247433347,0.2960481929721329,0.2769570328696236,0.39602582225864913,calm,02,08,08,female,normal,847
50,1.6683333333333334,True,1.0,0.47523992695646544,0.4822025413571643,0.4787212341568149,0.7903744928723389,-0.04888888888888887,-0.0532407407407407,0.4267095764083269,0.25658996670811735,0.15426363258290524,0.6056891239203209,0.006962614400698841,0.004351851851851829,0.02025533421221615,0.3574136050087312,0.11417904977419656,0.12141220021655884,0.0,0.8728017102059356,0.6735438416225866,0.2954326223231216,0.2883213499296303,0.43408195558211016,calm,02,08,08,female,normal,847
60,2.0020000000000002,True,1.0,0.3628995055867897,0.3771553168511396,0.37002741121896465,0.600634921106737,-0.05638888888888893,-0.060694444444444384,0.3814803980760686,0.1826910693885329,0.16713475933442978,0.616060435742144,0.014255811264349938,0.0043055555555554514,0.03792852990114262,0.4379950793316205,0.1139356116581873,0.12164067644090219,0.0,0.9614142625738412,0.6697985052536641,0.2953934988318009,0.2679282536829339,0.39086744993790995,calm,02,08,08,female,normal,847
70,2.3356666666666666,True,1.0,0.24939822248192306,0.2688613700114633,0.2591297962466932,0.5867038122775176,-0.07467592592592598,-0.08402777777777787,0.4006161242068929,0.13949136429088188,0.20020169578238,0.44167055134818495,0.01946314752954026,0.009351851851851889,0.04058092371580361,0.47048789448705125,0.11739246872850503,0.117662102074487,0.0,0.9316663248584252,0.62969567560618,0.2808955230746539,0.28649180225537285,0.35630824074289347,calm,02,08,08,female,normal,847
80,2.6693333333333333,True,1.0,0.49293333894712793,0.4723826739852262,0.48265800646617707,0.5737509909377759,-0.07916666666666661,-0.0831481481481482,0.3838932131733892,0.12897924631147936,0.203607537789162,0.8412325452846529,0.02055066496190172,0.003981481481481586,0.04018279450161951,0.44960008208671404,0.11906551377358668,0.11613298134555783,0.0,0.9999999987499999,0.633403045390031,0.2776048244479117,0.28793838941014616,0.36143834971784305,calm,02,08,08,female,normal,847
90,3.003,True,1.0,0.476117970156089,0.4769777216322146,0.4765478458941518,0.5164834775616597,-0.0753240740740741,-0.07916666666666666,0.38625302993484445,0.10031719157559527,0.2049817389970178,0.9226778137104295,0.0008597514761256031,0.003842592592592564,0.04102088331338313,0.4682358629858612,0.11997047114846539,0.11552817783619738,0.0,0.9999999987499999,0.6319231222176371,0.2772950267384911,0.2881139049150685,0.3624106449635539,calm,02,08,08,female,normal,847
100,3.336666666666667,True,1.0,0.5079365079365066,0.5038801769458616,0.5059083424411841,0.5005007437108945,-0.07240740740740742,-0.07856481481481481,0.4017530192631014,0.07638152219916719,0.2043015222809008,1.0108043770129005,0.004056330990644952,0.006157407407407389,0.03261262227741879,0.5002217520019729,0.12138896911260713,0.11386960987091062,0.0,0.9661973821757462,0.6322457021324154,0.2776801415745731,0.29077711102269904,0.36289859229851357,calm,02,08,08,female,normal,847
0,0.0,True,1.0,0.5169017604219465,0.5079365079365086,0.5124191341792275,0.43194844452021786,-0.08282407407407405,-0.08157407407407408,0.39743596367726564,0.17414409404685982,0.18611152104827625,1.18629697752099,0.008965252485437891,0.0012499999999999734,0.00301743354659361,0.5885575560208609,0.11991920698900124,0.11574610820472797,0.0,0.7071067807446058,0.6268960311233869,0.2763132100858153,0.284104091830986,0.34797434920954434,calm,02,08,08,female,strong,848
10,0.33366666666666667,True,1.0,0.5333648902768598,0.5235457727737651,0.5284553315253124,0.4493824110993535,-0.08249999999999985,-0.08203703703703696,0.3954461470652586,0.1614718592820677,0.1868120900602253,1.1759590906829613,0.00981911750309472,0.0004629629629628873,0.004781700204565312,0.5658741530232465,0.1208153878917916,0.11481036459305989,0.0,0.7203914195061685,0.6290215201158589,0.2765685996778375,0.28878414729169827,0.35237494813006787,calm,02,08,08,female,strong,848
20,0.6673333333333333,True,1.0,0.29594454353573707,0.30150984689198007,0.2987271952138586,0.4394992269369164,-0.09518518518518526,-0.09430555555555564,0.40314173787192986,0.13734350841778678,0.1896030513584062,0.6796990231264649,0.005565303356243001,0.0008796296296296191,0.001563878083889611,0.5659615711335869,0.11368688316681225,0.12187317327628211,0.0,0.87543372307532,0.665824963196216,0.2956249570818171,0.26215852453773225,0.3805099804328641,calm,02,08,08,female,strong,848
30,1.0010000000000001,True,1.0,0.331736275563443,0.29096321746945875,0.31134974651645086,0.7318984914267971,-0.09606481481481483,-0.09370370370370373,0.42656304978524756,0.2334064781967148,0.18821640480856738,0.425400175247651,0.04077305809398424,0.0023611111111110916,0.022503783073188108,0.3432933549679533,0.11203555059668051,0.12308373278384695,0.0,0.9276081927726234,0.6688466745135555,0.2950853736427889,0.2733811956548332,0.4087941293254996,calm,02,08,08,female,strong,848
40,1.3346666666666667,True,1.0,0.1508416729302017,0.14733246899988733,0.14908707096504453,0.5998900814284835,-0.09731481481481491,-0.09370370370370379,0.40848724204136583,0.17718234591552728,0.19169214051731784,0.24852398060996794,0.0035092039303143696,0.0036111111111111205,0.012353825176405094,0.42173717099654506,0.11525838989175125,0.12038804479036799,0.0,0.8353193233077045,0.6700356530737296,0.29496789227119047,0.27111679904755004,0.38830378416721545,calm,02,08,08,female,strong,848
50,1.6683333333333334,True,1.0,0.2205551684860424,0.22535065783109023,0.2229529131585663,0.9007558812273285,-0.10041666666666665,-0.09768518518518521,0.40644032796788393,0.23875875732895163,0.19518619083212763,0.24751757696522717,0.0047954893450478375,0.002731481481481446,0.01018743647513833,0.2985824265676903,0.1131575553172166,0.1223648047577647,0.0,0.8618884849260284,0.6701312336028162,0.29520800442161305,0.27280096502638446,0.39557044113251694,calm,02,08,08,female,strong,848
60,2.0020000000000002,True,1.0,0.2543802967102067,0.268524049397864,0.26145217305403534,0.5074509602370276,-0.0727314814814814,-0.07874999999999999,0.39177359542927476,0.13771890459137423,0.1784876109678226,0.5152264820464867,0.01414375268765733,0.00601851851851859,0.008075452566095088,0.49896843035049704,0.1162583784279331,0.1191031457145883,0.0,0.9999999987499999,0.628148552702331,0.2792775884992543,0.27829666093015565,0.34415275905619713,calm,02,08,08,female,strong,848
70,2.3356666666666666,True,1.0,0.1727085255368164,0.18535237103834237,0.17903044828757939,0.5614042926168574,-0.0816203703703704,-0.09064814814814814,0.4215614903748499,0.12025778663477164,0.19791705215148858,0.3188975407599218,0.012643845501525974,0.009027777777777746,0.018321107680873534,0.4685819323492367,0.11885531894943278,0.11683831104104243,0.0,0.8412930131390352,0.6283830623890181,0.2814300010823782,0.2917239110089702,0.3524324647953866,calm,02,08,08,female,strong,848
80,2.6693333333333333,True,1.0,0.4518146284727473,0.46185460828131814,0.4568346183770327,0.6682679057521915,-0.06976851851851856,-0.07481481481481483,0.41953647580435716,0.18706766809853378,0.19118344241757562,0.6836099930054654,0.010039979808570854,0.005046296296296271,0.030212851517958564,0.4053909248648222,0.11770149301530425,0.11719051400683074,0.0,0.9506913460832362,0.6263819562981443,0.27973396736341466,0.2970209521186463,0.3703710948025825,calm,02,08,08,female,strong,848
90,3.003,True,1.0,0.4686868686868683,0.46616232840564314,0.46742459854625573,0.4607839423265342,-0.08106481481481481,-0.08337962962962958,0.41924605340415794,0.08552998890270538,0.20347822149384773,1.0144116485183758,0.002524540281225174,0.0023148148148147696,0.028222868202657507,0.5651031977323784,0.1195522362452963,0.11612510744037917,0.0,0.9999999987499999,0.6244110030652886,0.27785797738264034,0.2878796681046,0.356955555856809,calm,02,08,08,female,strong,848
100,3.336666666666667,True,1.0,0.5101743757422172,0.5078579631929704,0.5090161694675939,0.4413631171466847,-0.07935185185185184,-0.08319444444444446,0.38763134542339467,0.08529883324651087,0.2070166909043381,1.153282070233397,0.00231641254924686,0.0038425925925926196,0.03431701613699918,0.597905115095259,0.11789515458340885,0.11780708932391654,0.0,0.9236488294077365,0.6429017467690201,0.3029499067988865,0.2629992937429418,0.38457643173960027,calm,02,08,08,female,strong,848
0,0.0,True,1.0,0.5333648902768585,0.5313145602311355,0.532339725253997,0.45885223606902886,-0.0759259259259259,-0.07944444444444437,0.3905535068841804,0.11469534050179178,0.19444601391355687,1.160155020305737,0.00205033004572297,0.0035185185185184764,0.018502687435699543,0.5624131165620165,0.12037926106600838,0.11526756384529668,0.0,0.9999999987499999,0.6311930340730042,0.27695239060963345,0.27921955699693035,0.35423391373569985,calm,02,08,08,female,strong,849
10,0.33366666666666667,True,1.0,0.5656535185663721,0.5578875426831118,0.561770530624742,0.44091687333370877,-0.07601851851851854,-0.07912037037037034,0.392380283194789,0.09243509641947752,0.1944542534185721,1.2740962403576805,0.007765975883260334,0.0031018518518518,0.019117253326135376,0.5805495970844752,0.12266738179979432,0.11266049558124702,0.0,0.9999999987499999,0.6307087873352466,0.276916891274706,0.28412104080035705,0.357102560783767,calm,02,08,08,female,strong,849
20,0.6673333333333333,True,1.0,0.255408025923739,0.27921134656605096,0.267309686244895,0.4241710278389243,-0.08629629629629626,-0.0900925925925925,0.41241528999612015,0.06153270814636336,0.18888888888888888,0.6301931737459537,0.023803320642311943,0.003796296296296242,0.013205932146324236,0.616529636534614,0.12153456642585596,0.11404879189725571,0.0,0.8637731104091408,0.6335730498605693,0.2777482295257169,0.2818078357640134,0.34743400161597265,calm,02,08,08,female,strong,849
30,1.0010000000000001,True,1.0,0.12560978907378154,0.12804899106595916,0.12682939006987035,0.7131090049429678,-0.09018518518518526,-0.09541666666666665,0.44978315900707183,0.1186437071085943,0.20091329138676758,0.17785414178020897,0.00243920199217762,0.005231481481481393,0.040941578892811054,0.37801337618235764,0.11575440499105207,0.11975220894215244,0.0,0.7071067807446058,0.6376854474836811,0.30710386360111586,0.2692042615929582,0.4030782584077134,calm,02,08,08,female,strong,849
40,1.3346666666666667,True,1.0,0.24447257937389663,0.25332893173089444,0.24890075555239555,0.6161633916367538,-0.08787037037037038,-0.09518518518518526,0.42353529696389,0.11079294623269506,0.19956415983179732,0.4039525212480162,0.008856352356997804,0.007314814814814885,0.063818570445878,0.3784576955675573,0.11639226512755552,0.119292155599775,0.0,0.8114351166315841,0.6751237140403038,0.2948216094967949,0.2724183529796278,0.3910377635135797,calm,02,08,08,female,strong,849
50,1.6683333333333334,True,1.0,0.09133278374423859,0.09944442706708123,0.09538860540565991,0.9920083471177016,-0.09277777777777779,-0.09916666666666668,0.39047615200017843,0.3407761705585152,0.18538187615761162,0.0961570592453312,0.008111643322842643,0.006388888888888888,0.06017719413198626,0.2695467196017108,0.11516170792501065,0.12048053285411373,0.0,0.8167210413965134,0.6739919142266282,0.29623488034091533,0.2739770919429124,0.3951869550717243,calm,02,08,08,female,strong,849
60,2.0020000000000002,True,1.0,0.45407415942781054,0.45421876121703864,0.45414646032242456,0.5244303182798876,-0.08208333333333334,-0.09203703703703703,0.383105314653748,0.19027181761576517,0.19410407414982944,0.8659805592705022,0.00014460178922809375,0.009953703703703687,0.06993465081789282,0.4808094048513955,0.11186697449584845,0.12308227306549606,0.0,0.8580644726532872,0.6756975504342361,0.29408368386849437,0.2647004169452049,0.39079245454105693,calm,02,08,08,female,strong,849
70,2.3356666666666666,True,1.0,0.46409107028108915,0.4379668114311354,0.4510289408561123,0.5502674484463217,-0.05592592592592582,-0.06268518518518529,0.41386047512614926,0.12654001428478623,0.17487189769594444,0.8196540466451195,0.02612425884995373,0.006759259259259465,0.061350975089572005,0.4916927783154568,0.11835289857015008,0.11685913454403259,0.0,0.9999999987499999,0.6231021194180797,0.2812868068105919,0.2966025060544469,0.3618776351248589,calm,02,08,08,female,strong,849
80,2.6693333333333333,True,1.0,0.38330260115107495,0.4009179231120215,0.3921102621315482,0.7724552213545492,-0.08837962962962959,-0.09805555555555551,0.36735389364125665,0.27352261332637223,0.20775790395451826,0.5076155242292983,0.01761532196094656,0.009675925925925921,0.06420314304658604,0.338661969467279,0.11480418248610584,0.12066347212260872,0.0,0.9999999987499999,0.648283085960947,0.3047850119932215,0.26819858151650167,0.3902377666881623,calm,02,08,08,female,strong,849
90,3.003,True,1.0,0.47541263676111445,0.4785221511052957,0.4769673939332051,0.47574741634526774,-0.0724999999999999,-0.08152777777777775,0.40604617046763347,0.10839286869304085,0.19883225111080474,1.0025643388613843,0.0031095143441812745,0.009027777777777857,0.050553207954187565,0.5614154671298901,0.116432022889576,0.11925335137784822,0.0,0.8262720219271981,0.6457482823910815,0.30397803008703256,0.26216304523096534,0.3845030425533746,calm,02,08,08,female,strong,849
100,3.336666666666667,True,1.0,0.46806278341483176,0.4920996897441471,0.4800812365794894,0.43942536634641505,-0.07597222222222222,-0.08356481481481481,0.4049905782726826,0.06849111740514718,0.20929368947720733,1.0925205355601249,0.024036906329315322,0.007592592592592595,0.05039040585282748,0.6320232479665897,0.11836563898252797,0.11733436528846852,0.0,0.9999999987499999,0.6432111308507779,0.3047344581326471,0.2628258910415245,0.3863940757125172,calm,02,08,08,female,strong,849
110,3.6703333333333332,True,1.0,0.5009188861271424,0.4870784569476627,0.49399867153740257,0.41556499237825717,-0.07277777777777789,-0.07944444444444448,0.41249148347513065,0.02005522791987175,0.20580630659388352,1.188739861628559,0.013840429179479696,0.006666666666666599,0.05829919229076055,0.6523059162277564,0.11675393638329701,0.11893820289574249,0.0,0.7301548566747484,0.6445903851227991,0.30520056481349295,0.26317815265770533,0.3840423299585819,calm,02,08,08,female,strong,849
0,0.0,True,1.0,0.5435257310686752,0.5549749843089365,0.5492503576888059,0.40949654863773804,-0.07337962962962957,-0.07685185185185184,0.3985281151539523,0.07753198641499197,0.19793555454007009,1.341282019386936,0.011449253240261359,0.0034722222222222654,0.026862581261451177,0.6583690698957125,0.1179980863433399,0.1177039905385219,0.0,0.6843151005441633,0.6413370777451606,0.304526160297848,0.25725816353035613,0.38206722187818815,calm,02,08,08,female,strong,850
10,0.33366666666666667,True,1.0,0.5173314689615411,0.4963791232424503,0.5068552961019958,0.43764545166821295,-0.07231481481481478,-0.07699074074074069,0.3990828282300068,0.07753198641499207,0.19726090268305602,1.1581413543085375,0.020952345719090826,0.004675925925925917,0.030767089810690266,0.598772106077016,0.11738069335611254,0.11831969657014278,0.0,0.8573747249137487,0.6410660342574529,0.30568608997962254,0.25938334048202344,0.38348724678147184,calm,02,08,08,female,strong,850
20,0.6673333333333333,True,1.0,0.21328997324893081,0.2225868202854829,0.21793839676720686,0.38620232003974514,-0.08819444444444458,-0.09194444444444444,0.41359094452317224,0.034371555359833605,0.19514514434912314,0.5643114643764393,0.009296847036552092,0.0037499999999998646,0.025406762672657488,0.6646408990970065,0.11684608338556102,0.11884767800175582,0.0,0.9096615584076637,0.641009271341349,0.3041548305086501,0.25603335040798825,0.37982651183885824,calm,02,08,08,female,strong,850
30,1.0010000000000001,True,1.0,0.12369764099485697,0.1599031457137156,0.1418003933542863,0.575973087768159,-0.08953703703703697,-0.09481481481481485,0.4268591925330053,0.0,0.21056423181681805,0.246192741233361,0.03620550471885864,0.005277777777777881,0.03221418035977877,0.4525618714325106,0.11932095387204417,0.11636274204596955,0.0,0.7707818606774004,0.6035381451174219,0.2830033963692176,0.27732953421425816,0.3521487677341913,calm,02,08,08,female,strong,850
40,1.3346666666666667,True,1.0,0.16785320625873226,0.19777873722960673,0.1828159717441695,0.5769257183680981,-0.09069444444444447,-0.09685185185185191,0.42492019712218526,0.026087815701603997,0.2121740874004117,0.31687956685530655,0.02992553097087447,0.006157407407407445,0.034469896545102734,0.4542156987142412,0.1184782043901419,0.11705805784329337,0.0,0.9999999987499999,0.6122177485994398,0.28210515509006684,0.28616230166980977,0.35715826248642535,calm,02,08,08,female,strong,850
50,1.6683333333333334,True,1.0,0.1671486685916738,0.17673192037777796,0.17194029448472586,0.6620612221286182,-0.09060185185185182,-0.09467592592592589,0.4429385244709694,0.09973176549218023,0.20756325139715934,0.25970452389873266,0.009583251786104169,0.004074074074074063,0.04225623199548717,0.4064314947553736,0.1151003136810582,0.12053918682000049,0.0,0.9999999987499999,0.63931238193715,0.30502643596386025,0.27600755729683246,0.399647542274086,calm,02,08,08,female,strong,850
60,2.0020000000000002,True,1.0,0.1698219414678116,0.17290907535350986,0.17136550841066073,0.49298720132336366,-0.08097222222222211,-0.08675925925925926,0.399794350695297,0.112162525583261,0.19602180231674984,0.34760640428524525,0.0030871338856982566,0.005787037037037146,0.043619173339436344,0.5347584372474476,0.1166274150032972,0.11890214418079016,0.0,0.9999999987499999,0.6161144471069677,0.27720809162943905,0.28029035034720606,0.35231062480921854,calm,02,08,08,female,strong,850
70,2.3356666666666666,True,1.0,0.44431453867909354,0.4528167382164207,0.4485656384477571,0.6066070642579414,-0.06458333333333338,-0.07856481481481481,0.4192539909716177,0.170972867410478,0.1897285547994645,0.7394665589601805,0.00850219953732717,0.013981481481481428,0.047989454258854355,0.4558964201525518,0.11632072593695776,0.118721736410063,0.0,0.808140595587086,0.6272363388324081,0.2785389750280241,0.2894269597457654,0.356022989127447,calm,02,08,08,female,strong,850
80,2.6693333333333333,True,1.0,0.48003497498696013,0.5051211033133818,0.49257803915017095,0.6916990425099091,-0.07212962962962965,-0.08467592592592593,0.39126103012977703,0.26099695017003455,0.19122174848100942,0.7121276868662347,0.025086128326421653,0.012546296296296278,0.045028671101098844,0.39007487089146925,0.11923087549786872,0.11645503895119602,0.0,0.9251197881082277,0.6279878823795143,0.27757631949268396,0.28903169214865304,0.3560944094888865,calm,02,08,08,female,strong,850
90,3.003,True,1.0,0.4989996594265057,0.5121820165492977,0.5055908379879017,0.48421615142157,-0.07861111111111102,-0.08412037037037029,0.4074558869185546,0.0939697847023749,0.20646295823948657,1.0441428616199182,0.013182357122792032,0.005509259259259269,0.04219376030895944,0.5465136438330803,0.11968635851367299,0.11565788109651913,0.0,0.9999999987499999,0.627645681608581,0.2759707881093186,0.28648675443771693,0.34802242837743613,calm,02,08,08,female,strong,850
100,3.336666666666667,True,1.0,0.5492081204483187,0.5363752872226388,0.5427917038354788,0.4585343356846177,-0.07513888888888876,-0.07981481481481484,0.39698360449701225,0.07632266530566552,0.2050937402197338,1.1837536725031945,0.012832833225679852,0.004675925925926083,0.04943794905842055,0.5965805159044908,0.12048035280826808,0.11516189628787464,0.0,0.7250683013399216,0.6202005202862395,0.2781291870902109,0.27809282460184864,0.35627547852555946,calm,02,08,08,female,strong,850
0,0.0,True,1.0,0.5441773689755198,0.5164145060194102,0.530295937497465,0.46181159519098886,-0.08120370370370378,-0.08194444444444449,0.38612786327746124,0.17315259901055952,0.1868202578696493,1.1482949822387059,0.027762862956109635,0.0007407407407407085,9.780025316486602e-05,0.5135034235919116,0.11770107421692114,0.11800099532462315,0.0,0.7710370964592447,0.6693922215370525,0.2927486518660619,0.26705856190499005,0.3868890034660902,calm,02,08,08,female,strong,851
10,0.33366666666666667,True,1.0,0.5490761854559444,0.5709547782277863,0.5600154818418653,0.4260527899284305,-0.08212962962962961,-0.08333333333333331,0.3911600173693165,0.15619190311178835,0.1875146478653401,1.3144274490866221,0.021878592771841898,0.0012037037037037068,0.0005043679247646755,0.6008196090361774,0.11591409969409873,0.11975683388051277,0.0,0.9999999987499999,0.670096517270971,0.2930395191952316,0.26624834494885025,0.3871266150300267,calm,02,08,08,female,strong,851
20,0.6673333333333333,True,1.0,0.3520032885721622,0.3788177178556546,0.3654105032139084,0.3962478737400025,-0.0851851851851852,-0.08356481481481487,0.40510150103693404,0.08881417859689687,0.19241821567656017,0.9221765653023339,0.026814429283492425,0.0016203703703703276,0.002347813899502265,0.6410143624766202,0.12079000459412739,0.11450478009536418,0.0,0.7071067807446058,0.629649177803934,0.2733927718988517,0.2842209445209454,0.36210412791488256,calm,02,08,08,female,strong,851
30,1.0010000000000001,True,1.0,0.1965744373868653,0.21754037667206325,0.2070574070294643,0.5885168218733392,-0.09634259259259265,-0.09236111111111112,0.4181718133375592,0.1002416718760658,0.19378937351945408,0.35182920748190144,0.020965939285197938,0.00398148148148153,0.0024360167377249905,0.40942073865950757,0.1169391046286486,0.1187561517478065,0.0,0.7330405100791585,0.666442931735194,0.29667727420951984,0.27337726610729696,0.387933736057369,calm,02,08,08,female,strong,851
40,1.3346666666666667,True,1.0,0.21319861331779344,0.22648832616250128,0.21984346974014735,0.6176369675281462,-0.0963425925925927,-0.10171296296296284,0.42379151219359257,0.13797284586750838,0.1959458913701307,0.3559428617428553,0.01328971284470784,0.005370370370370137,0.0016344053307296394,0.39549117716424437,0.1124757089518793,0.12143291641372904,0.0,0.9061724287076593,0.6757791726534365,0.2934253402367348,0.2685119787997037,0.38391236484640595,calm,02,08,08,female,strong,851
50,1.6683333333333334,True,1.0,0.1737109217624802,0.17054196952067896,0.17212644564157958,0.6334041904119622,-0.08194444444444449,-0.08916666666666673,0.4530263093433691,0.1862500417703551,0.18334373675797258,0.2717481953026386,0.0031689522418012483,0.007222222222222241,0.009246486373279154,0.419474015486368,0.11920194448097463,0.11648465221401057,0.0,0.7071067807446058,0.6288034717246275,0.2751358603354667,0.2964863493309763,0.3698993671774481,calm,02,08,08,female,strong,851
60,2.0020000000000002,True,1.0,0.18182408263940325,0.18846324503273912,0.18514366383607117,0.4854253500103728,-0.07518518518518519,-0.08546296296296307,0.40774290689749965,0.16641005886756932,0.18263930661951863,0.3814050169240542,0.006639162393335868,0.010277777777777886,0.014372134045904057,0.5302886629329714,0.1168332039295272,0.11837849629806327,0.0,0.9999999987499999,0.6267889371842487,0.275679138782934,0.283483693949851,0.3512206160243202,calm,02,08,08,female,strong,851
70,2.3356666666666666,True,1.0,0.27125289851028506,0.3192931019141314,0.29527300021220826,0.5883591879443056,-0.05949074074074073,-0.06550925925925921,0.41839628690052383,0.13361976292752512,0.17434100583818915,0.5018583991929756,0.04804020340384635,0.006018518518518479,0.027015759058818315,0.4732091563785774,0.11406280525812065,0.12089267320688081,0.0,0.9999999987499999,0.6253604718918817,0.28031711730024095,0.2838813471928471,0.3527101221225407,calm,02,08,08,female,strong,851
80,2.6693333333333333,True,1.0,0.11329788560980011,0.13169553094008754,0.12249670827494383,0.6518864456278859,-0.08027777777777773,-0.09379629629629627,0.37942273444344016,0.13280968542569227,0.20841571450629248,0.187911114115829,0.018397645330287427,0.01351851851851854,0.04858522090716819,0.4352898644936356,0.1149558949026008,0.12036075814279071,0.0,0.9999999987499999,0.646941124887455,0.3057562242692845,0.2641814789711887,0.3806246143109553,calm,02,08,08,female,strong,851
90,3.003,True,1.0,0.49878280238174627,0.5032336968785992,0.5010082496301728,0.4981122165256302,-0.07560185185185186,-0.08060185185185181,0.40714863455935857,0.04034553744723686,0.21474007125874306,1.0058140174210997,0.004450894496852931,0.004999999999999949,0.04620200378692759,0.5322272978059553,0.11919862418490301,0.11632438185559241,0.0,0.7647314203975741,0.6166742464173169,0.2764147264424316,0.27768842173495334,0.3502214802134043,calm,02,08,08,female,strong,851
100,3.336666666666667,True,1.0,0.5494949494949488,0.5141928044214786,0.5318438769582137,0.4204107869570065,-0.07277777777777772,-0.07773148148148151,0.40700710982699334,0.013526057788046093,0.2155554464892694,1.2650576375734215,0.03530214507347018,0.004953703703703793,0.05590515959214497,0.6186722766613182,0.11586395001457701,0.11980535403687324,0.0,0.9785928161313378,0.6426701846285389,0.30537012951562503,0.2601152255117588,0.37533122510593564,calm,02,08,08,female,strong,851
110,3.6703333333333332,True,1.0,0.4525252525252535,0.4078469040605533,0.4301860782929034,0.44233987910338657,-0.07249999999999995,-0.07805555555555549,0.3942702295227291,-0.013803940759355765,0.21763612184034797,0.9725238410899811,0.0446783484647002,0.005555555555555536,0.05609580340778311,0.5801132034496169,0.12036536801766211,0.11495106809487157,0.0,0.7771037811386532,0.6180761668886304,0.27686829970958143,0.2795447491889968,0.3506996976948981,calm,02,08,08,female,strong,851
0,0.0,True,1.0,0.5263112804182792,0.5547257131209926,0.5405184967696359,0.5049777558472431,-0.07523148148148145,-0.07319444444444445,0.40561470012532286,0.08412189418744609,0.19861725721356668,1.0703808049183536,0.028414432702713377,0.002037037037037004,0.015192002924914178,0.5220607488350889,0.1196352068537609,0.11587532568631607,0.0,0.7291529854394299,0.6304279579878826,0.2779786112987017,0.28358220953552327,0.3588442888381289,happy,03,08,08,female,normal,852
10,0.33366666666666667,True,1.0,0.5164769957966127,0.563306712225059,0.5398918540108358,0.5385464206163333,-0.0727314814814814,-0.07129629629629625,0.4003992852129577,0.0850243306942321,0.2000034331980719,1.0024982681956418,0.046829716428446355,0.0014351851851851505,0.013473332353005832,0.4801654909512509,0.12048758897555488,0.11465690921070032,0.0,0.9999999987499999,0.6282510339604592,0.28039280223579405,0.28925411305855203,0.36228188033082953,happy,03,08,08,female,normal,852
20,0.6673333333333333,True,1.0,0.4559937768884547,0.483402031114205,0.4696979040013298,0.5547550405792429,-0.07361111111111102,-0.07217592592592592,0.4082457348470194,0.08320502943378522,0.19932431181857682,0.8466762258003075,0.027408254225750273,0.001435185185185095,0.005353108188143444,0.46670218656422885,0.11946280783367487,0.11572425619174026,0.0,0.9999999987499999,0.6286761010185324,0.2795045829837314,0.2905764426728574,0.3642471026876873,happy,03,08,08,female,normal,852
30,1.0010000000000001,True,1.0,0.30182944852630367,0.29978945661023093,0.3008094525682673,0.8270788177524484,-0.0819907407407407,-0.0805555555555556,0.4819778445550986,0.22648938051552148,0.18365397045584814,0.36370107190715417,0.0020399919160727364,0.001435185185185095,0.018708725803957514,0.33371599591049445,0.11361153510231835,0.1208448146496569,0.0,0.7772349224106427,0.6274895294758528,0.28066228173086694,0.299703049886777,0.38981238823601827,happy,03,08,08,female,normal,852
40,1.3346666666666667,True,1.0,0.2547624506635094,0.27423234338245284,0.26449739702298114,0.7013993067691251,-0.08402777777777787,-0.08111111111111108,0.4420860078092642,0.3073918834419577,0.17718683679444822,0.3770995985743738,0.01946989271894345,0.0029166666666667895,0.03705458756183878,0.37152467854308385,0.11975472311942975,0.11591628039413115,0.0,0.7036266243880506,0.6366684597120098,0.27436714468912815,0.3096778462176455,0.39261289245131425,happy,03,08,08,female,normal,852
50,1.6683333333333334,True,1.0,0.3239697177655882,0.3231418875909458,0.323555802678267,0.9927615931292039,-0.0822222222222222,-0.07884259259259263,0.4115137110522171,0.4109224268159944,0.18280957863584618,0.3259149073831642,0.0008278301746423855,0.003379629629629566,0.04552823874631157,0.2775250440440714,0.11854086438618618,0.11715733540904152,0.0,0.7085410262560554,0.6231017221966912,0.27850693417910205,0.31403962872251745,0.40080277781003204,happy,03,08,08,female,normal,852
60,2.0020000000000002,True,1.0,0.29220605280474704,0.30719408612049715,0.29970006946262207,0.832325665331612,-0.07657407407407407,-0.0762962962962962,0.45802720433874533,0.22631768535000776,0.203545701115528,0.36007548721114674,0.014988033315750104,0.0002777777777778767,0.014922301840871425,0.36033248408745805,0.11274691956185723,0.12180839959802002,0.0,0.9999999987499999,0.6487858240327382,0.3035550785031457,0.28282983811874646,0.4154777317185073,happy,03,08,08,female,normal,852
70,2.3356666666666666,True,1.0,0.15085855224521177,0.16460905349794316,0.15773380287157746,0.651426261585823,-0.08361111111111114,-0.08361111111111103,0.44000325398406787,0.19159595928994805,0.1972690246162261,0.24213608227521025,0.01375050125273139,1.1102230246251565e-16,0.009146786738397496,0.4195760593606588,0.12126399198459892,0.11400269348897764,0.0,0.7071067807446058,0.6304820923838287,0.2804944290747243,0.30382057134734136,0.3770757206360919,happy,03,08,08,female,normal,852
80,2.6693333333333333,True,1.0,0.39139496530213685,0.3913949653021373,0.3913949653021371,0.6525606626028962,-0.06837962962962962,-0.07143518518518521,0.5000237365715425,0.05062970658125905,0.20625036990970616,0.5997832657288342,4.440892098500626e-16,0.003055555555555589,0.004650882155345633,0.4170258620689656,0.11780300844843872,0.11692563997762785,0.0,0.9247143206947158,0.6227257772562149,0.2799809797843536,0.3033094730790112,0.3856148121136986,happy,03,08,08,female,normal,852
90,3.003,True,1.0,0.4168263884179428,0.4347352046548039,0.42578079653637335,0.5994408029782912,-0.06680555555555556,-0.06865740740740739,0.505103043315313,0.022200306810360115,0.21254343823031943,0.7102966538495596,0.017908816236861136,0.0018518518518518268,0.002043477708790157,0.4794983651681085,0.11483769870907144,0.12078940650545682,0.0,0.7071067807446058,0.6271276796421693,0.3104959071682003,0.26650264179248584,0.39777344652685503,happy,03,08,08,female,normal,852
100,3.336666666666667,True,1.0,0.4657034061888835,0.49860183839798006,0.4821526222934318,0.5999820687720392,-0.06412037037037038,-0.06662037037037044,0.5032610076927565,0.011108368642573405,0.2104224679480808,0.8036117200639604,0.03289843220909655,0.0025000000000000577,0.006294884971351909,0.45860777879924897,0.11807704835496519,0.11762477809088712,0.0,0.8990445101289747,0.6292269672243898,0.309019338064293,0.2713214521439079,0.3995298403798605,happy,03,08,08,female,normal,852
0,0.0,True,1.0,0.4958947938078293,0.5059621017967085,0.5009284478022689,0.47963516469918305,-0.0827777777777779,-0.0793981481481481,0.40065188879533953,0.16391796247845414,0.18839055565185742,1.0443947497395036,0.010067307988879226,0.003379629629629788,0.031231405418110147,0.5629793447136912,0.11994416883163254,0.11572024080790609,0.0,0.9999999987499999,0.6263161720469439,0.2750746049646486,0.28348326281614933,0.3487739306899096,happy,03,08,08,female,normal,853
10,0.33366666666666667,True,1.0,0.4662164341804903,0.5009188861271437,0.483567660153817,0.48446927000147694,-0.08134259259259247,-0.07935185185185184,0.410000000924545,0.16117526804023263,0.18910243610228725,0.9981389741238754,0.034702451946653445,0.0019907407407406263,0.020767224215231646,0.5416881446183593,0.11472429100019428,0.12089712495877619,0.0,0.7071067807446058,0.6604404259907088,0.2966361442768348,0.26522767209680054,0.38707465991444,happy,03,08,08,female,normal,853
20,0.6673333333333333,True,1.0,0.44914327478686933,0.4750548903515887,0.46209908256922905,0.46983750761424337,-0.08416666666666656,-0.08194444444444449,0.4133000920859421,0.14066090060493142,0.19124209545640408,0.9835295715654786,0.02591161556471938,0.00222222222222207,0.024938198926569646,0.557102132865938,0.11430497081020333,0.1212936577762069,0.0,0.9999999987499999,0.6611624514415141,0.29655300718426736,0.2662997407149254,0.38882031603421846,happy,03,08,08,female,normal,853
30,1.0010000000000001,True,1.0,0.2422456654358828,0.22957608408704042,0.2359108747614616,0.784856584808606,-0.08893518518518512,-0.08648148148148144,0.49392927316860014,0.22412898748817262,0.18692354984541243,0.3005783213489768,0.012669581348842385,0.00245370370370368,0.020302566535912343,0.3559755171715824,0.1124925543574005,0.12188714185704802,0.0,0.9999999987499999,0.691384767571091,0.290674270825116,0.298062213832267,0.4401789521341596,happy,03,08,08,female,normal,853
40,1.3346666666666667,True,1.0,0.18886287920788028,0.19269262302047985,0.19077775111418005,0.6704467196676905,-0.08837962962962964,-0.08347222222222217,0.4551627702219819,0.25693744827857673,0.18393327057705905,0.2845531874758665,0.0038297438125995675,0.004907407407407471,0.04304672031325747,0.4010595573891411,0.1167616282472315,0.11844909495379488,0.0,0.9999999987499999,0.6277138804115396,0.2753937600107015,0.3011266081147862,0.3795236460847168,happy,03,08,08,female,normal,853
50,1.6683333333333334,True,1.0,0.21524680035136964,0.22898531348678858,0.2221160569190791,0.8258372317844184,-0.08587962962962953,-0.08314814814814814,0.42016073056372366,0.36080245684701995,0.18581167143284727,0.2689586378167334,0.013738513135418934,0.0027314814814813904,0.028836566317053117,0.3425241796984377,0.11308332001865697,0.12133924702784894,0.0,0.9999999987499999,0.6270531238745499,0.2779768579154683,0.3030746823868657,0.38769644746024484,happy,03,08,08,female,normal,853
60,2.0020000000000002,True,1.0,0.2874745602096831,0.2540770069359066,0.27077578357279486,0.8407444535415417,-0.08625000000000005,-0.0786574074074074,0.4544223099311421,0.2679097089895387,0.19223244622100588,0.3220666903387614,0.03339755327377647,0.007592592592592651,0.0637240737179352,0.33820156401308604,0.11309334646305756,0.12242415102581124,0.0,0.9999999987499999,0.6594526447766607,0.29782027450151904,0.28775936909511873,0.420010978072857,happy,03,08,08,female,normal,853
70,2.3356666666666666,True,1.0,0.3228332003173539,0.33947212680900296,0.3311526635631784,0.6385902641167667,-0.07819444444444451,-0.07870370370370366,0.4424397881393471,0.21254047787124256,0.2001102143829511,0.5185682935852385,0.016638926491649053,0.0005092592592591538,0.023981020139412466,0.44741409596880827,0.11321229856920699,0.12184597399319005,0.0,0.9999999987499999,0.6754479301251752,0.292699839463038,0.28639920928577467,0.41889432674319366,happy,03,08,08,female,normal,853
80,2.6693333333333333,True,1.0,0.4024254584492817,0.4427994095565396,0.42261243400291065,0.678028173506136,-0.07212962962962965,-0.07236111111111121,0.5075631195635891,0.08745511864057719,0.20834651650997252,0.6232962736895565,0.040373951107257944,0.00023148148148155467,0.008723641157052386,0.40938692893007805,0.11683418405882556,0.11885937575153238,0.0,0.9315025205395246,0.6224338157137856,0.28119374146053183,0.3073459506247288,0.38060589023727026,happy,03,08,08,female,normal,853
90,3.003,True,1.0,0.20561842672785277,0.21734249532795555,0.21148046102790416,0.6508492376494547,-0.07351851851851848,-0.07425925925925919,0.5032351318218763,0.022062686022015325,0.21320732704585418,0.32493002802256776,0.011724068600102777,0.0007407407407407085,0.006629382928632516,0.44841365711323344,0.11411558580124213,0.12147185207122663,0.0,0.7205799877296452,0.6357146139705884,0.3084408693759116,0.2789496402135185,0.40841200130884714,happy,03,08,08,female,normal,853
100,3.336666666666667,True,1.0,0.48369146962494386,0.5012171764321924,0.4924543230285682,0.6494356170516448,-0.06560185185185174,-0.0694907407407408,0.4904176253576418,0.03417915770942201,0.20833479817193346,0.7582804362721101,0.017525706807248576,0.0038888888888890527,0.0132152065821003,0.4257695577263347,0.11479635400851892,0.12082870054286383,0.0,0.9605342559501805,0.6314132778892806,0.30980826864602484,0.27164124730617134,0.40283908203996216,happy,03,08,08,female,normal,853
0,0.0,True,1.0,0.48725908610645385,0.5059621017967072,0.4966105939515805,0.4801759676177975,-0.07472222222222225,-0.07643518518518516,0.4048402754324007,0.0891640224626973,0.20214712702540874,1.0342262575432855,0.018703015690253344,0.0017129629629629162,0.0013378340176992145,0.55303898927136,0.12205059927116826,0.11349638314618202,0.0,0.9999999987499999,0.6268775829316102,0.2763426203480376,0.28763227476206676,0.35366954420302443,happy,03,08,08,female,normal,854
10,0.33366666666666667,True,1.0,0.5118074859308607,0.5203778785288729,0.5160926822298668,0.4702633780706746,-0.0740277777777778,-0.07550925925925922,0.4042556707728766,0.07603040819051186,0.20145290248943265,1.097454546316606,0.008570392598012178,0.001481481481481417,0.002789648799274073,0.5817059624705428,0.12066797819479853,0.11496528523012228,0.0,0.7266950558594192,0.6280129021764956,0.2770296505161355,0.2874757944405668,0.35408452976879917,happy,03,08,08,female,normal,854
20,0.6673333333333333,True,1.0,0.39406319848093185,0.41958577223837157,0.4068244853596517,0.4399292881388381,-0.07495370370370369,-0.07648148148148154,0.43052621780658096,0.03881197892206277,0.20214712702540874,0.9247497184848972,0.025522573757439715,0.00152777777777785,0.0006719235484930242,0.5797112715998843,0.11895140659247266,0.11624985503771212,0.0,0.9031878061242914,0.6244675160767432,0.27866845263975204,0.2882472057355353,0.35720743171432473,happy,03,08,08,female,normal,854
30,1.0010000000000001,True,1.0,0.20545304666173178,0.19148395532030016,0.19846850099101598,0.7193826548966613,-0.08833333333333337,-0.08699074074074081,0.4631989076503368,0.15068334072315304,0.19447304167188365,0.27588724810097875,0.013969091341431622,0.001342592592592562,0.028675127205326587,0.3503823956599037,0.11120675930789554,0.12414038203766052,0.0,0.9999999987499999,0.6626733582964435,0.29552831170870497,0.2727253582092318,0.40520164361413347,happy,03,08,08,female,normal,854
40,1.3346666666666667,True,1.0,0.17079395418276094,0.1999077574637047,0.18535085582323282,0.7210906303148549,-0.08925925925925926,-0.09111111111111114,0.4446572443750891,0.2362082362082363,0.18330604016116847,0.2570423855629656,0.029113803280943762,0.0018518518518518823,0.0010216027701683823,0.38944227177203766,0.11419051119943593,0.12124438532753608,0.0,0.9999999987499999,0.6873281255392784,0.29146832457289495,0.2891761131217298,0.4206483386041602,happy,03,08,08,female,normal,854
50,1.6683333333333334,True,1.0,0.1709401709401716,0.19678851827927277,0.18386434460972217,0.7518670721017091,-0.08879629629629632,-0.08921296296296305,0.48517260155739417,0.26928755968260193,0.17731109931018155,0.24454368522319042,0.025848347339101158,0.0004166666666667318,0.022328371173854604,0.3470675467322345,0.1147851727256857,0.12036540220707818,0.0,0.8148635152949885,0.6300906887129852,0.2794153872106746,0.3110225162785472,0.401641772599243,happy,03,08,08,female,normal,854
60,2.0020000000000002,True,1.0,0.25801404458893185,0.29798515543826243,0.27799960001359714,0.8378250835888182,-0.0794907407407407,-0.08277777777777773,0.4330196866909916,0.3046636667595702,0.19315669812580716,0.3318110253070816,0.03997111084933058,0.0032870370370370328,0.02226968281280901,0.3327315181085066,0.11386312492074947,0.12170853114041706,0.0,0.702429982791021,0.6699921719078256,0.2944808429928526,0.2833661957694284,0.4227927125199822,happy,03,08,08,female,normal,854
70,2.3356666666666666,True,1.0,0.3643457208009966,0.38089929070939677,0.3726225057551967,0.6270121161971001,-0.07421296296296293,-0.07662037037037034,0.4282153193704966,0.20245876125933254,0.19872209579505937,0.5942827835850998,0.01655356990840018,0.0024074074074074137,0.012064851791256753,0.4588951461635249,0.1174511723476049,0.11760350374485554,0.0,0.9999999987499999,0.625366542046506,0.2776385707535508,0.2983166783810351,0.38099578908072046,happy,03,08,08,female,normal,854
80,2.6693333333333333,True,1.0,0.3736629410680024,0.38617240151161153,0.37991767128980697,0.5807322079738348,-0.06912037037037039,-0.07263888888888897,0.5210670782362053,0.03225590122380798,0.2076756292107354,0.6542045818593969,0.012509460443609122,0.0035185185185185874,0.008667685851723441,0.4804916561141269,0.11456979715879453,0.12104354318951324,0.0,0.8542326592836875,0.6309472206460709,0.3084985131266204,0.26998190477499523,0.4025056677803363,happy,03,08,08,female,normal,854
90,3.003,True,1.0,0.4097938209642396,0.4599556908460515,0.43487475590514557,0.5705463088816782,-0.06416666666666665,-0.06893518518518527,0.5193894931677396,0.010764418459965305,0.20695771609312433,0.762207640528845,0.05016186988181187,0.004768518518518616,0.020983255051901926,0.48854449461074995,0.11660926318678137,0.11908004664101134,0.0,0.7366899500339694,0.6266769814410139,0.30972894495821274,0.2728903792833062,0.4037203815244407,happy,03,08,08,female,normal,854
100,3.336666666666667,True,1.0,0.42474152025715456,0.48391308149849876,0.4543273008778267,0.5701290960826605,-0.0653703703703703,-0.0696296296296296,0.5103786809674036,0.010963379662023195,0.20834248840561403,0.7968849581603458,0.059171561241344206,0.004259259259259296,0.019441940453147597,0.4763220130323957,0.11329324190186081,0.122239188100766,0.0,0.9999999987499999,0.6320573521752452,0.3078609354496538,0.27052528828013234,0.40536969696074704,happy,03,08,08,female,normal,854
0,0.0,True,1.0,0.5208442505355125,0.546871085532436,0.5338576680339743,0.4891725269574243,-0.07134259259259262,-0.0748611111111111,0.4009496216124792,0.09783450539148442,0.20139229841013506,1.0913484274239285,0.026026834996923487,0.0035185185185184764,0.015542582976082032,0.5653950443030515,0.11843922067886618,0.11726009028733911,0.0,0.8868571266184094,0.6261151888177147,0.2799146744582839,0.2817066137783599,0.3527000410638946,happy,03,08,08,female,normal,855
10,0.33366666666666667,True,1.0,0.5217532114987143,0.5313145602311355,0.5265338858649249,0.45723215127685385,-0.06981481481481483,-0.07398148148148148,0.4068034063599905,0.07620535854614194,0.20210183180206892,1.1515679385068196,0.009561348732421204,0.004166666666666652,0.022389941373289552,0.5803371498791406,0.11751120568637127,0.11802876920171733,0.0,0.832912596255957,0.6156192407040942,0.28335812225477747,0.275560110386524,0.3611469281200981,happy,03,08,08,female,normal,855
20,0.6673333333333333,True,1.0,0.16178820007760114,0.1460906207355827,0.15393941040659193,0.6011017987540166,-0.08361111111111114,-0.08439814814814817,0.431783544659037,0.0784045824461758,0.20486706971089577,0.2560954080085645,0.01569757934201843,0.0007870370370370305,0.009871752951322721,0.44075383310740013,0.11497574519330425,0.12065801169418736,0.0,0.8005901958246584,0.6406040546062174,0.307433614059605,0.2675867706068063,0.39532102873905156,happy,03,08,08,female,normal,855
30,1.0010000000000001,True,1.0,0.22970647038661568,0.25713359125946184,0.24342003082303876,0.7522977447536593,-0.08393518518518517,-0.08773148148148147,0.45388497974574626,0.2342824084755164,0.18355933750413936,0.3235687366080659,0.027427120872846156,0.0037962962962962976,0.014015592151799454,0.35994338473443727,0.11396935348496982,0.12113815415666548,0.0,0.9999999987499999,0.6884747400913489,0.29190828614636866,0.28745625719288537,0.4199418020925958,happy,03,08,08,female,normal,855
40,1.3346666666666667,True,1.0,0.2220893726318876,0.21252833214817726,0.21730885239003245,0.7650224181424934,-0.08495370370370364,-0.0856944444444444,0.4349284712384309,0.2837519306139981,0.17553075537436877,0.2840555351536854,0.009561040483710342,0.000740740740740764,0.009755895500454852,0.33717635656040507,0.11557958426822015,0.11928376977603934,0.0,0.7336399882542586,0.633196228671156,0.2735766139923888,0.29648024016232144,0.3910788631125797,happy,03,08,08,female,normal,855
50,1.6683333333333334,True,1.0,0.24677988081805569,0.2844758771865451,0.2656278790023004,0.7751713461223123,-0.08194444444444438,-0.08319444444444446,0.4854217439470948,0.29770084225237503,0.179912429878786,0.34266988883305244,0.037695996368489415,0.0012500000000000844,0.004256858260147946,0.3517281167216318,0.11836202626112571,0.11701282243285585,0.0,0.7590001250955718,0.6279999471351041,0.2754582988294811,0.3287558109128537,0.4108073911970846,happy,03,08,08,female,normal,855
60,2.0020000000000002,True,1.0,0.226144520184601,0.2430551105262779,0.23459981535543944,0.7327110261937271,-0.07375000000000004,-0.07777777777777772,0.4652673212777494,0.17416160987452609,0.2035805568231898,0.3201805445376385,0.016910590341676912,0.004027777777777686,0.017056006947807657,0.38727861666621965,0.11330245257058191,0.12223065086205205,0.0,0.9999999987499999,0.6611771479216686,0.3008262755335044,0.28536351135233207,0.4147436513974971,happy,03,08,08,female,normal,855
70,2.3356666666666666,True,1.0,0.13358119220624823,0.15909416360308584,0.14633767790466704,0.6881600229978466,-0.08157407407407408,-0.08759259259259261,0.4551732217149199,0.21102047640584387,0.20254528821260384,0.21265065248511966,0.025512971396837614,0.006018518518518534,0.04804762128816999,0.4101468692388954,0.10783794282462043,0.12632591229473344,0.0,0.9999999987499999,0.6533128436296394,0.30201048798277086,0.2659144865730748,0.4079292299667214,happy,03,08,08,female,normal,855
80,2.6693333333333333,True,1.0,0.27909166844052524,0.25816319023362166,0.26862742933707345,0.6220273691490554,-0.06990740740740742,-0.07875000000000004,0.5046706065789824,0.10348997486681878,0.20007475409596903,0.431857893495202,0.020928478206903578,0.008842592592592624,0.0501077699190513,0.43907571366238557,0.11475269616745531,0.12023801687000485,0.0,0.9999999987499999,0.6629849821725565,0.2964997720302575,0.28828576372068054,0.41831981172642657,happy,03,08,08,female,normal,855
90,3.003,True,1.0,0.37895366233774813,0.4113828764486493,0.3951682693931987,0.6107647650595113,-0.06796296296296306,-0.07143518518518521,0.5134194180203325,0.02726490874469369,0.20975859763759305,0.6470056755069926,0.03242921411090116,0.0034722222222221544,0.024748893046678485,0.4523387059861899,0.11567633926789089,0.11998650883461257,0.0,0.9999999987499999,0.6305334738895558,0.3080428502147603,0.275557379522522,0.4049763010765218,happy,03,08,08,female,normal,855
100,3.336666666666667,True,1.0,0.42474152025715506,0.43953404441294386,0.43213778233504946,0.6069340711995794,-0.06620370370370376,-0.06833333333333341,0.515192754632679,0.0,0.2111143636174089,0.7120011922892177,0.0147925241557888,0.002129629629629648,0.016465734158942768,0.46203026377935336,0.1130903836452052,0.12211525293819904,0.0,0.8584893772525105,0.6349923430934874,0.30573991751224,0.27458708188670633,0.40295716992534814,happy,03,08,08,female,normal,855
0,0.0,True,1.0,0.5229000416870986,0.547653527377757,0.5352767845324278,0.4410805187027734,-0.07527777777777772,-0.07523148148148145,0.4050157713388619,0.0895806416477613,0.19937023807184537,1.2135579828070562,0.024753485690658383,4.6296296296266526e-05,0.0072973056944090385,0.618305311857328,0.11788053142316013,0.11782172160006663,0.0,0.6909840354596836,0.6439521190663765,0.3059773920972172,0.2610952506404127,0.3790446019274937,happy,03,08,08,female,strong,856
10,0.33366666666666667,True,1.0,0.5640227776479265,0.5551849454827402,0.5596038615653334,0.4512779207177808,-0.0750925925925926,-0.07407407407407413,0.42412651021460923,0.07299085171577056,0.20004615251177826,1.2400426342047814,0.008837832165186299,0.0010185185185184742,0.011505140812737444,0.581944674354211,0.11550996080978784,0.12014668835480749,0.0,0.7071067807446058,0.6478015648915817,0.30414335122824204,0.2597698578689368,0.3823760422293727,happy,03,08,08,female,strong,856
20,0.6673333333333333,True,1.0,0.33633936057858943,0.3786322770063039,0.3574858187924467,0.6894039157720646,-0.0753240740740741,-0.07509259259259254,0.49891850123000164,0.10167643313113726,0.19931512529804216,0.5185433540685618,0.04229291642771449,0.00023148148148155467,0.009839423560036593,0.3811132689688171,0.11592042077813382,0.11927246946713495,0.0,0.9999999987499999,0.6260947830929247,0.2854766721038502,0.3086580940148944,0.3853891036628697,happy,03,08,08,female,strong,856
30,1.0010000000000001,True,1.0,0.19362325075735928,0.21059207676377661,0.20210766376056793,0.8608538426232929,-0.08560185185185182,-0.08634259259259247,0.5209180555993946,0.29746436573451085,0.1748409187334203,0.2347758164669187,0.01696882600641733,0.000740740740740653,0.009439977592968548,0.3410408842069912,0.11338138526951289,0.12215743629918188,0.0,0.9235606104538366,0.6928097675945377,0.28796428242159344,0.29124949634878017,0.4210095700368171,happy,03,08,08,female,strong,856
40,1.3346666666666667,True,1.0,0.178340469086698,0.19080931369578152,0.18457489139123978,0.7330486246539363,-0.0828240740740741,-0.0834259259259259,0.4708587378965113,0.4285354576368968,0.14248164173738576,0.25179078874662025,0.012468844609083513,0.0006018518518517979,0.00734971641438102,0.3637733720094127,0.11961051818737412,0.11573631156024375,0.0,0.7459369985725567,0.6283516628448255,0.2716389608306601,0.32962955814474854,0.4092954522751023,happy,03,08,08,female,strong,856
50,1.6683333333333334,True,1.0,0.24223780247991064,0.2386466811335953,0.24044224180675297,0.9779947640459122,-0.08124999999999999,-0.08509259259259261,0.47570386011818194,0.3821728997712509,0.1813106040921214,0.24585227922085823,0.00359112134631534,0.0038425925925926196,0.012281697406589685,0.2976109404261418,0.11318011912265062,0.12218811094488362,0.0,0.7705142397389009,0.6186821832873775,0.275872435437532,0.3163096266888013,0.38485986812592365,happy,03,08,08,female,strong,856
60,2.0020000000000002,True,1.0,0.28557042151296197,0.3138207562537519,0.2996955888833569,0.8682016519717427,-0.07671296296296287,-0.0800925925925926,0.45530350543436615,0.24374493669178363,0.20917372454246272,0.3451912216507866,0.028250334740789917,0.0033796296296297323,0.01905286435530904,0.3392270988015038,0.11149543973838555,0.12326446728639254,0.0,0.9999999987499999,0.6198557843840662,0.3106999655431847,0.2817587988849113,0.41871852682861915,happy,03,08,08,female,strong,856
70,2.3356666666666666,True,1.0,0.30127839863534756,0.3566314758107458,0.3289549372230467,0.7010303896579779,-0.06856481481481486,-0.07638888888888884,0.45354235904567664,0.17498099064661002,0.21168854919330873,0.46924490303985084,0.055353077175398224,0.007824074074073983,0.056051235302125677,0.39872356684890026,0.11198808925275187,0.12328155452592321,0.0,0.9999999987499999,0.6195472386376426,0.30783872807204915,0.27311859803719857,0.40294705640583584,happy,03,08,08,female,strong,856
80,2.6693333333333333,True,1.0,0.26921534861427193,0.28530537829957914,0.2772603634569255,0.7072638815729164,-0.07101851851851854,-0.07884259259259252,0.5304112464875647,0.13427342754744354,0.20416434611806003,0.39201827023926844,0.016090029685307206,0.007824074074073983,0.05464087484453971,0.38896053964206656,0.11539197534074483,0.12026000913000834,0.0,0.9999999987499999,0.6523767421578006,0.2976609984222437,0.2998912665555326,0.42481959218283594,happy,03,08,08,female,strong,856
90,3.003,True,1.0,0.36784527288600816,0.3476423605211386,0.35774381670357336,0.7545242397520078,-0.06597222222222221,-0.0727314814814814,0.5258534341805801,0.06620695505911668,0.21043443258590483,0.47413164197502033,0.02020291236486954,0.006759259259259187,0.04764014817162674,0.3742769437038693,0.11466474361245352,0.12048013320899409,0.0,0.9160994174895198,0.6244560689353866,0.30626203735133173,0.28728425687890297,0.4237544880747719,happy,03,08,08,female,strong,856
100,3.336666666666667,True,1.0,0.20670736634049663,0.20658053869104934,0.206643952515773,0.7024993201036589,-0.06958333333333327,-0.07467592592592592,0.5394378069954989,0.03008284187980922,0.21396913110426483,0.294155377239769,0.00012682764944729752,0.0050925925925926485,0.04198038496194954,0.41345248000277796,0.11536094940437024,0.12028977147322926,0.0,0.9999999987499999,0.6257675690432423,0.3065752802280836,0.2863478648908279,0.4242151158204666,happy,03,08,08,female,strong,856
110,3.6703333333333332,True,1.0,0.3154291803488102,0.3423107622582525,0.32886997130353135,0.6207311316386603,-0.06407407407407412,-0.06833333333333319,0.5399798209922757,-0.015261285093799802,0.2111548350602788,0.5298106612364546,0.026881581909442342,0.004259259259259074,0.032004451337565756,0.45295522207377586,0.11474398705528586,0.12087843150536916,0.0,0.9999999987499999,0.6224073053830907,0.308293808135406,0.2760055880084523,0.3974440793812908,happy,03,08,08,female,strong,856
0,0.0,True,1.0,0.5311520443108192,0.5346198801805354,0.5328859622456773,0.4281418849249137,-0.07055555555555554,-0.07240740740740742,0.43420369017596305,0.025944224284462324,0.20353558059849144,1.2446480501180897,0.003467835869716218,0.0018518518518518823,0.024712661605146024,0.6142948965498608,0.11732003564573146,0.11837984205594829,0.0,0.9999999987499999,0.6369228745169944,0.3054610580498659,0.2586097573318,0.3791416206095597,happy,03,08,08,female,strong,857
10,0.33366666666666667,True,1.0,0.5222212109300631,0.5611162568321757,0.5416687338811195,0.43180511383795483,-0.07037037037037036,-0.07254629629629633,0.4435624432207223,0.012698412698412653,0.2042623075307282,1.254428714534385,0.03889504590211257,0.00217592592592597,0.024131200683641902,0.5797112715998843,0.11446798528653045,0.1206670885954689,0.0,0.9999999987499999,0.6368121332673694,0.3059715065131307,0.25925860192032807,0.3790424101441405,happy,03,08,08,female,strong,857
20,0.6673333333333333,True,1.0,0.4829240895683639,0.5034902876986538,0.4932071886335089,0.700958701469864,-0.06782407407407404,-0.07111111111111107,0.49743161236414535,0.062179261303379404,0.20638349432189496,0.7036180414042739,0.02056619813028987,0.0032870370370370328,0.01597619529937473,0.3904381735858014,0.11375850418286507,0.1213361803081738,0.0,0.9999999987499999,0.6333398865640008,0.31072855390458587,0.28110433886725295,0.4216129599397198,happy,03,08,08,female,strong,857
30,1.0010000000000001,True,1.0,0.5563296568143669,0.6467135361534587,0.6015215964839128,0.894531554678621,-0.06898148148148153,-0.0740277777777778,0.5143813151749721,0.3381049761417857,0.16740756904746787,0.6724431277329528,0.09038387933909187,0.005046296296296271,0.004879326888123905,0.3225707966030016,0.1159826656536419,0.11969043001568434,0.0,0.7776792564297166,0.6813116472917292,0.2869483792816807,0.2956655359620383,0.4275251655390564,happy,03,08,08,female,strong,857
40,1.3346666666666667,True,1.0,0.2261445201846023,0.25344843876242545,0.23979647947351387,0.7156018828216911,-0.08060185185185181,-0.0811574074074074,0.48102018011516484,0.3798194608822817,0.1554295832077356,0.3350976083628678,0.02730391857782316,0.0005555555555555869,0.0035817431338510375,0.37243327705508267,0.11734524992125482,0.11819376524459554,0.0,0.9999999987499999,0.6263517046037165,0.2704525354443096,0.32238462381681654,0.38359905833681895,happy,03,08,08,female,strong,857
50,1.6683333333333334,True,1.0,0.25836575309181464,0.2718233961532253,0.26509457462251995,1.2132907360173277,-0.08666666666666673,-0.08675925925925926,0.41068480677617347,0.5808202723623502,0.1694462454722704,0.21849221027822469,0.013457643061410673,9.259259259253305e-05,0.010175507992057487,0.23554554908056685,0.11356251996393632,0.12151962798544802,0.0,0.797558830330177,0.6851874281431323,0.28735016876670993,0.2973704868433041,0.4175248128955783,happy,03,08,08,female,strong,857
60,2.0020000000000002,True,1.0,0.2099913401714165,0.2200499127823818,0.21502062647689915,0.4460888636839009,-0.0855555555555556,-0.08509259259259261,0.41230337529040656,0.3375786548758442,0.1843297576792548,0.48201298884982485,0.010058572610965322,0.0004629629629629983,0.0163026246829109,0.6130651935875466,0.12089084758623862,0.11423164577633695,0.0,0.9999999987499999,0.6206011222301421,0.26881380567032054,0.3122022587538028,0.3668300222236885,happy,03,08,08,female,strong,857
70,2.3356666666666666,True,1.0,0.35849653829726746,0.3550467158593472,0.35677162707830734,0.7163048219708027,-0.05513888888888885,-0.055277777777777815,0.4787842832435808,0.1591725048859681,0.18548619256239374,0.49807235151189544,0.003449822437920247,0.0001388888888889661,0.01123613593771419,0.41100451402411486,0.11362427547340788,0.12193154551547548,0.0,0.7071067807446058,0.5900866916610396,0.2801856380441659,0.3092788611998263,0.3777128613998423,happy,03,08,08,female,strong,857
80,2.6693333333333333,True,1.0,0.3899581974062035,0.4000531930793136,0.3950056952427585,0.8936768216791761,-0.0717592592592593,-0.08310185185185187,0.4922638736451489,0.22536696474320228,0.20357235356761083,0.4420006043130465,0.010094995673110063,0.01134259259259257,0.06336543962972437,0.3284159604408593,0.1123105153596419,0.12283288652896002,0.0,0.9803818513417605,0.6595373194902961,0.29880782100232883,0.298655996220606,0.42775925957628325,happy,03,08,08,female,strong,857
90,3.003,True,1.0,0.1897873743389374,0.20660328407491443,0.1981953292069259,0.8183824319481421,-0.07990740740740748,-0.08083333333333331,0.5227339517187015,0.12064640020996646,0.20781665168622765,0.24217935462657245,0.016815909735977047,0.0009259259259258301,0.004122157910206383,0.34706611726984277,0.11525551776715805,0.12007387516669388,0.0,0.9999999987499999,0.6201470223401861,0.28074875570934166,0.3188294768177132,0.40576913306256057,happy,03,08,08,female,strong,857
100,3.336666666666667,True,1.0,0.3847627168973515,0.40943391954408254,0.397098318220717,0.6797268477753731,-0.06736111111111104,-0.06967592592592597,0.5231055240490884,0.026142361429030408,0.2138892455875566,0.5842027860461159,0.02467120264673106,0.002314814814814936,0.0014078726531210437,0.41536906237788085,0.11480137953062694,0.12050814549824605,0.0,0.8432110663633516,0.6209890845947754,0.3093705466250268,0.2781370260890259,0.40843708228028486,happy,03,08,08,female,strong,857
110,3.6703333333333332,True,1.0,0.43842905169701507,0.46423481032885877,0.4513319310129369,0.6203636799779706,-0.06375000000000008,-0.06606481481481485,0.5280946149866642,-0.0052570804055443185,0.2146007543115472,0.7275279736379214,0.0258057586318437,0.0023148148148147696,0.007937819488903314,0.46744713958192136,0.11999390180371115,0.11550384128432653,0.0,0.9999999987499999,0.5945287818174145,0.28338743029720825,0.30013333266490455,0.379235711520974,happy,03,08,08,female,strong,857
0,0.0,True,1.0,0.5247943834685241,0.5542716452778118,0.539533014373168,0.4737045539226778,-0.06958333333333333,-0.07157407407407412,0.4275484453178371,0.05921306924033446,0.2069444444444445,1.1389652261211645,0.02947726180928767,0.001990740740740793,0.002992435785351515,0.5475800129326043,0.11482601388485368,0.12064269706867484,0.0,0.9999999987499999,0.6366717559367497,0.3073566422507132,0.2578775967822842,0.38177611079418194,happy,03,08,08,female,strong,858
10,0.33366666666666667,True,1.0,0.5118074859308593,0.5535811160779427,0.532694301004401,0.4513248031954008,-0.06930555555555556,-0.0712962962962963,0.42664219828904887,0.03980099502487546,0.20625000000000004,1.180290330229804,0.04177363014708335,0.0019907407407407374,0.00922699665966119,0.5787273998714,0.116196572254478,0.11932321826701958,0.0,0.8271129612434378,0.6360402880683523,0.3088172832126161,0.2589203397743101,0.3809680070338381,happy,03,08,08,female,strong,858
20,0.6673333333333333,True,1.0,0.449624384950073,0.4846457810872098,0.4671350830186414,0.4894242208089979,-0.06958333333333333,-0.0724537037037038,0.4395728923942324,0.051512695664758267,0.20625000000000004,0.9544584496584303,0.035021396137136784,0.0028703703703704675,0.00566301320603142,0.5328363630467159,0.11882392025610984,0.11638016111688156,0.0,0.9999999987499999,0.6209345158766632,0.28003839438190303,0.2862781293654959,0.3530101504757994,happy,03,08,08,female,strong,858
30,1.0010000000000001,True,1.0,0.2967208705270508,0.29646080042854084,0.29659083547779586,0.7879420430559316,-0.07800925925925933,-0.07949074074074075,0.46860044309961135,0.24696690901753085,0.18556514895392773,0.3764119938663338,0.0002600700985099791,0.001481481481481417,0.004918939677028577,0.3529276798499615,0.11332245690019382,0.12221210468084391,0.0,0.9999999987499999,0.6295086468024711,0.2785064716762287,0.29779620821257063,0.37524242496649496,happy,03,08,08,female,strong,858
40,1.3346666666666667,True,1.0,0.23466885904810855,0.2580472097904651,0.24635803441928683,0.7776862201326479,-0.08328703703703705,-0.08481481481481479,0.4830573202823764,0.36657616520492325,0.1709779700848629,0.3167833350284466,0.02337835074235653,0.001527777777777739,0.001955994393837042,0.3615604519997545,0.11312814370071744,0.12223623408779599,0.0,0.7519298103520299,0.6872830325176945,0.2861199917374089,0.2991019155797312,0.4317472921484199,happy,03,08,08,female,strong,858
50,1.6683333333333334,True,1.0,0.3416231183293893,0.33506070401201304,0.33834191117070117,0.6512318180155264,-0.04879629629629628,-0.05106481481481484,0.5324636024295111,0.1808688920104078,0.16113431332307035,0.5195414318079811,0.006562414317376253,0.0022685185185185586,0.0005491354205589735,0.4820660032558398,0.11797408464913293,0.11740394041705282,0.0,0.7849452543894646,0.6235627409244947,0.27806968076417066,0.31692355307275805,0.38291728291792637,happy,03,08,08,female,strong,858
60,2.0020000000000002,True,1.0,0.3595092714407966,0.3727087043402569,0.3661089878905267,0.3043914380318493,-0.05314814814814817,-0.05629629629629623,0.45700504622351756,0.07914177388828057,0.2013983596387191,1.2027571808778001,0.013199432899460295,0.0031481481481480666,0.01308593718751822,0.9899999999999984,0.11249810965277664,0.12188201450547477,0.0,0.9999999987499999,0.621781765987645,0.311911827645014,0.2762796888197392,0.3808441628451687,happy,03,08,08,female,strong,858
70,2.3356666666666666,True,1.0,0.4247171983999277,0.4393032825368806,0.4320102404684042,0.6613100926431633,-0.050648148148148164,-0.052731481481481435,0.45332692147769893,0.17144146371694943,0.18550922498131564,0.6532642481558388,0.014586084136952893,0.0020833333333332704,0.002877936228609156,0.44827499515841257,0.11413325750564626,0.121455248137132,0.0,0.7071067807446058,0.6214245069121398,0.2808232461254716,0.29708592569221887,0.3655754382844521,happy,03,08,08,female,strong,858
80,2.6693333333333333,True,1.0,0.38767632031646015,0.43266723562253856,0.41017177796949933,0.7101523796544299,-0.05782407407407408,-0.06393518518518515,0.49262408710279193,0.1858737857305886,0.19754728890644693,0.5775827691644077,0.044990915306078405,0.006111111111111067,0.0279765835420368,0.4294717885291274,0.11329279610885148,0.12223960127034794,0.0,0.7004072159131227,0.6557726241746701,0.2995195731233077,0.292940419207277,0.41072259736372857,happy,03,08,08,female,strong,858
90,3.003,True,1.0,0.3311002809531232,0.3362777728266712,0.3336890268898972,0.7275880244198454,-0.08240740740740743,-0.08300925925925923,0.5292376885931183,0.0727588024419843,0.22640102070531437,0.4586235832509335,0.00517749187354799,0.0006018518518517979,0.00861168872075265,0.3857142857142861,0.11202952237322679,0.1232439042613798,0.0,0.9999999987499999,0.6526025956945278,0.30361537412375633,0.29276326274908804,0.42352653011497965,happy,03,08,08,female,strong,858
100,3.336666666666667,True,1.0,0.3688914697765778,0.37084981569203507,0.3698706427343064,0.7271403168245075,-0.07129629629629636,-0.07324074074074077,0.5356822492386664,0.041549533785894724,0.21598493914082864,0.5086647434838539,0.0019583459154572935,0.0019444444444444153,0.013445540574871013,0.3939963455545134,0.11961288577502406,0.11606263535688013,0.0,0.8702113676948209,0.6170924722545269,0.2818669611081787,0.3262705111427056,0.4004711557286225,happy,03,08,08,female,strong,858
110,3.6703333333333332,True,1.0,0.3514596899958171,0.40381218693244353,0.37763593846413035,0.7398453303673259,-0.06726851851851862,-0.07023148148148156,0.5418101687818923,0.05651596273639276,0.2055555555555555,0.5104255213405724,0.052352496936626414,0.002962962962962945,0.014274890085553224,0.3828125,0.11653920072740737,0.11914861502689038,0.0,0.8558172982723675,0.6149664925814076,0.281083059320561,0.32029852072353643,0.3964729660002182,happy,03,08,08,female,strong,858
0,0.0,True,1.0,0.48942897896574894,0.5019672731297339,0.49569812604774144,0.4380032206119169,-0.07273148148148145,-0.07449074074074075,0.440887457201517,0.05152979066022527,0.1979228343337233,1.1317225598369376,0.012538294163984942,0.0017592592592592937,0.0026575393636858796,0.6128385345426762,0.12055442147008814,0.11508435703249148,0.0,0.7213178550638929,0.632573579361432,0.2751829413914223,0.28529161721446505,0.36424357403602614,happy,03,08,08,female,strong,859
10,0.33366666666666667,True,1.0,0.4981826620457722,0.5199388629935615,0.5090607625196668,0.4609053497942389,-0.07347222222222222,-0.07449074074074075,0.4271543557562553,0.06584362139917668,0.19862071431262085,1.1044800472524907,0.021756200947789295,0.0010185185185185297,0.0011627398828077144,0.5632251561592502,0.11853383627763252,0.11651219522429966,0.0,0.9999999987499999,0.631698198670093,0.27598177370888294,0.28553095459936445,0.36216987670342393,happy,03,08,08,female,strong,859
20,0.6673333333333333,True,1.0,0.4995077436269565,0.47998210168479644,0.48974492265587644,0.4916206297452058,-0.07361111111111107,-0.07504629629629628,0.4491801338677451,0.07562607738379831,0.2,0.9961846452816646,0.019525641942160055,0.001435185185185206,0.001578617912031304,0.5335983481022935,0.11999865381706909,0.11516852438324014,0.0,0.9999999987499999,0.6280140497683451,0.2762683023336445,0.2895876111695463,0.36138973570022404,happy,03,08,08,female,strong,859
30,1.0010000000000001,True,1.0,0.6550012153490605,0.7144052719263035,0.6847032436376821,0.703465068533274,-0.08050925925925928,-0.08134259259259263,0.48149537081232735,0.3574834428381698,0.17572961454399944,0.9733294150131572,0.059404056577243014,0.0008333333333333526,0.00421245380247062,0.37841292861044756,0.1177062085299183,0.11734824435265884,0.0,0.7071067807446058,0.631377335950005,0.2730049946026501,0.3017749755018981,0.35222856297388144,happy,03,08,08,female,strong,859
40,1.3346666666666667,True,1.0,0.3074494326525973,0.2887610139562188,0.29810522330440803,0.7099446522603602,-0.08574074074074073,-0.08629629629629626,0.4758947089337249,0.3148948054380627,0.1771044430585666,0.41989924475842516,0.018688418696378495,0.0005555555555555314,0.006330921975128718,0.3824113701701081,0.10890535483715737,0.12616418452142092,0.0,0.9999999987499999,0.6905076140768807,0.28670067898930957,0.2752582235430135,0.3996182889600605,happy,03,08,08,female,strong,859
50,1.6683333333333334,True,1.0,0.2531243797018897,0.26092418517818716,0.25702428244003844,0.7099353845293325,-0.055277777777777704,-0.05851851851851858,0.531196073680434,0.21058023946048104,0.1598769112416407,0.362038979942433,0.007799805476297439,0.0032407407407408773,0.025995204528942134,0.4133273738643281,0.11494014653918318,0.12053396423679473,0.0,0.9999999987499999,0.6206167160692403,0.27747060848025434,0.3077386459646042,0.3696199474776749,happy,03,08,08,female,strong,859
60,2.0020000000000002,True,1.0,0.31638284997543936,0.3571283040593144,0.3367555770173769,0.3682244452148576,-0.0559722222222222,-0.059907407407407354,0.41557058675028946,0.2825158272525173,0.1684111001666351,0.9145388943987173,0.04074545408387503,0.003935185185185153,0.025802986620481375,0.743561147756172,0.11860720030132539,0.11660102042130788,0.0,0.7071067807446058,0.624879162203944,0.27232554616580934,0.30501000405192397,0.3559144876597418,happy,03,08,08,female,strong,859
70,2.3356666666666666,True,1.0,0.3796527834153957,0.4014338445270333,0.3905433139712145,0.7533745306249076,-0.08365740740740735,-0.09032407407407406,0.4375806070973246,0.2469135802469136,0.22642258677395277,0.5183919791491589,0.02178106111163758,0.00666666666666671,0.02150037180324098,0.38714696981425123,0.11358807622514513,0.12180896010029854,0.0,0.7071067807446058,0.6666179570343762,0.2957993025976425,0.2851851809718346,0.4042825594219741,happy,03,08,08,female,strong,859
80,2.6693333333333333,True,1.0,0.43661101721274775,0.43415330933266566,0.43538216327270673,0.7931502192552385,-0.06745370370370374,-0.07180555555555557,0.4701700308891393,0.15154872211457054,0.2149247401006572,0.5489277474846151,0.002457707880082094,0.004351851851851829,0.038528041730804805,0.3649572800239634,0.1150671492131978,0.12041272770392764,0.0,0.9999999987499999,0.6219526735616122,0.30904837905049654,0.2798860975543971,0.4113431691992051,happy,03,08,08,female,strong,859
90,3.003,True,1.0,0.40360744982740077,0.40893736637523365,0.4062724081013172,0.778403801333186,-0.06912037037037033,-0.07407407407407413,0.5366282307433485,0.08085370781881626,0.2126898422448534,0.5219301439760279,0.00532991654783288,0.004953703703703793,0.02725624497418712,0.3745066485580356,0.1139230501771532,0.1207091244334299,0.0,0.893549308899995,0.6144201794077006,0.3118988221339065,0.2896940345758033,0.4266646388830707,happy,03,08,08,female,strong,859
100,3.336666666666667,True,1.0,0.4032792410186983,0.3987086225064931,0.4009939317625957,0.7315976874744949,-0.0683333333333333,-0.0736574074074074,0.5370607651218966,0.0751440712966195,0.21112412083566012,0.5481071613919982,0.0045706185122051934,0.005324074074074092,0.025170338306161454,0.3861437110556455,0.11793647356433104,0.11776572494641184,0.0,0.9999999987499999,0.6092569425895359,0.2775970401629031,0.32043399595795613,0.39294911281188677,happy,03,08,08,female,strong,859
110,3.6703333333333332,True,1.0,0.3331654917651229,0.36890852176773015,0.3510370067664265,0.6661531598047978,-0.07148148148148153,-0.0781944444444444,0.535971014247831,0.14117709056349131,0.19379764094220966,0.526961407597752,0.03574303000260726,0.006712962962962865,0.02967353773506303,0.39634262250051033,0.11248981082031749,0.12251329881785988,0.0,0.9999999987499999,0.656794188972464,0.29584945938441665,0.2940171460839062,0.41602046618220667,happy,03,08,08,female,strong,859
0,0.0,True,1.0,0.660575750109511,0.6412043959774913,0.6508900730435012,0.5258850946338277,-0.08069444444444446,-0.07902777777777775,0.3656905282290528,0.23286189937730095,0.2021573170520266,1.2377039769433171,0.019371354132019625,0.0016666666666667052,0.008448947751775253,0.5150122464652046,0.12178749158966379,0.11377866523213086,0.0,0.6992276220720142,0.6224944629726891,0.27449669864225856,0.27908068464339053,0.3467895003317871,sad,04,08,08,female,normal,860
10,0.33366666666666667,True,1.0,0.6300175639559007,0.6242607208264855,0.6271391423911932,0.5254368998882388,-0.08143518518518517,-0.07930555555555557,0.3638991571229522,0.24007573896236076,0.20146312763000512,1.193557480497823,0.005756843129415157,0.0021296296296295925,0.009036183126900995,0.5148128794150963,0.12158661130673637,0.11399330559470217,0.0,0.82156190117696,0.6211164718231043,0.27418431292766365,0.2819029805343062,0.3458026476600602,sad,04,08,08,female,normal,860
20,0.6673333333333333,True,1.0,0.28581150579228476,0.29104090610731137,0.28842620594979806,0.5244665416054934,-0.08865740740740741,-0.09134259259259259,0.36430642189288337,0.21725094065806513,0.20018454620440232,0.5499420517214877,0.005229400315026611,0.0026851851851851793,0.0119976928951185,0.533357787021893,0.11736956499611115,0.11833073557465237,0.0,0.7928353976298409,0.6295595417698329,0.3071635404728728,0.257326941452309,0.3788783690057417,sad,04,08,08,female,normal,860
30,1.0010000000000001,True,1.0,0.3399361531645643,0.32709614223461203,0.33351614769958815,0.7791068216703007,-0.09791666666666665,-0.09680555555555553,0.3647413575326166,0.3520963521010014,0.20493409202043844,0.4280749935991758,0.012840010929952295,0.0011111111111111183,0.00851173782372398,0.38055435674243754,0.11820513566973936,0.11733379616681026,0.0,0.8066027623321267,0.6284904925329506,0.306799958647617,0.2609315540397405,0.3847038232866009,sad,04,08,08,female,normal,860
40,1.3346666666666667,True,1.0,0.37965278341539443,0.3883726633772015,0.384012723396298,0.6430725642476346,-0.09652777777777782,-0.09870370370370374,0.3688122824660445,0.2849980682461109,0.19729802879105024,0.5971530193417212,0.008719879961807064,0.0021759259259259145,0.015609833047395319,0.42431666397571494,0.11591939844336165,0.11975170492992572,0.0,0.948658144546959,0.6628445618012829,0.2965479864728959,0.2700096210486377,0.38789085536471873,sad,04,08,08,female,normal,860
50,1.6683333333333334,True,1.0,0.33804062568867055,0.3556021253024781,0.34682137549557435,0.5580857291804596,-0.09037037037037032,-0.0919907407407407,0.36846001907496145,0.25698501128809076,0.2015115953102047,0.6214482065414506,0.01756149961380754,0.0016203703703703831,0.02245514907519586,0.5207015490463013,0.11786043344449638,0.11784182618043756,0.0,0.6996107439892789,0.628578079036302,0.30620156691669803,0.25805139653683745,0.3812229374501832,sad,04,08,08,female,normal,860
60,2.0020000000000002,True,1.0,0.2849822584661188,0.3122370009503977,0.2986096297082582,0.6499288989634433,-0.09347222222222223,-0.09560185185185188,0.36431689698253816,0.26441546764753165,0.20773293113758434,0.4594496877804693,0.027254742484278893,0.002129629629629648,0.018741538196737486,0.447039838162851,0.11642044711874294,0.11926465218891855,0.0,0.7038480977757021,0.629101252508816,0.3073543256936851,0.25943112426489856,0.38227510312567364,sad,04,08,08,female,normal,860
70,2.3356666666666666,True,1.0,0.3558342903148677,0.44348414743127834,0.399659218873073,0.5326123777616598,-0.08087962962962963,-0.08847222222222217,0.37936006987967047,0.22301833634643164,0.19450093735393323,0.7503753866041724,0.08764985711641066,0.00759259259259254,0.013326483693369702,0.5229708627874309,0.11586817939751219,0.11948278067121178,0.0,0.9999999987499999,0.6607097747223889,0.29539705386084875,0.27472391323899203,0.3884707811485515,sad,04,08,08,female,normal,860
80,2.6693333333333333,True,1.0,0.26061898360421437,0.301435444930349,0.2810272142672817,0.6706526103959728,-0.09597222222222224,-0.09574074074074074,0.3936645400729901,0.19559358148114675,0.2118185226278855,0.4190354438512587,0.040816461326134645,0.00023148148148149916,0.010907560020227509,0.44722686224941555,0.11598690986917123,0.11936752746286709,0.0,0.9999999987499999,0.6344847018729367,0.3074809760039458,0.26749232570353243,0.3837295666746537,sad,04,08,08,female,normal,860
90,3.003,True,1.0,0.37115537175278,0.37171717171717167,0.37143627173497584,0.7197476548164872,-0.08569444444444446,-0.08615740740740746,0.37514641015668215,0.24230015350019987,0.20350971476839105,0.5160645807587665,0.0005617999643916516,0.0004629629629629983,0.014635649371028176,0.41516662786012143,0.11387855210484726,0.12106625189798094,0.0,0.9999999987499999,0.6335550333101991,0.30904969994910864,0.2641505692100973,0.38605341302925866,sad,04,08,08,female,normal,860
100,3.336666666666667,True,1.0,0.3559184979665863,0.3494344875000975,0.3526764927333419,0.5750762041624613,-0.09240740740740744,-0.09138888888888896,0.363181655832958,0.22697889859306436,0.2056089956106082,0.6132691462116373,0.006484010466488832,0.0010185185185184742,0.01370877940821559,0.5207015490463013,0.11679879474199481,0.11889415173044367,0.0,0.9999999987499999,0.6320356193414867,0.30692435290791437,0.25920234203364967,0.380646280760559,sad,04,08,08,female,normal,860
110,3.6703333333333332,True,1.0,0.3389187652474432,0.3431372035693777,0.3410279844084104,0.5687265805018079,-0.09319444444444452,-0.09217592592592594,0.3607999210304652,0.22285358388803134,0.20560046097837106,0.5996343341426195,0.004218438321934526,0.0010185185185185852,0.015121290559199006,0.5196505144856585,0.11809705811539753,0.11760468797446183,0.0,0.7485479539078675,0.627349392210009,0.3083859917523186,0.25818653263446506,0.37957928441087313,sad,04,08,08,female,normal,860
120,4.0040000000000004,True,1.0,0.4460347384146566,0.4912312509497197,0.4686329946821881,0.5534974226709777,-0.08712962962962961,-0.08708333333333335,0.37211527861024624,0.20940725929491041,0.20905734022477349,0.8466760195932537,0.04519651253506313,4.6296296296266526e-05,0.010309794758725373,0.5347713548289039,0.11783185687240005,0.11787040033523506,0.0,0.7093034161160392,0.629882424196241,0.30974309018590934,0.2578889651625145,0.37872463431758924,sad,04,08,08,female,normal,860
0,0.0,True,1.0,0.5551428900300769,0.5409611969575335,0.5480520434938052,0.48630570444101184,-0.07828703703703704,-0.07995370370370375,0.360735196687462,0.19743971612231423,0.1986145683171447,1.1269702133635635,0.014181693072543355,0.0016666666666667052,0.017416625507232594,0.5797199797214299,0.1195601075915954,0.11611700324319417,0.0,0.7132801243321962,0.6432205489852191,0.29965822340015935,0.26630180983514207,0.38248118537785963,sad,04,08,08,female,normal,861
10,0.33366666666666667,True,1.0,0.5547257131209933,0.5441253055562366,0.5494255093386149,0.5168422509505431,-0.07634259259259257,-0.07805555555555566,0.36294818947275986,0.20510452939631366,0.1972237695863105,1.0630429465241023,0.010600407564756664,0.0017129629629630827,0.015002992892659217,0.5456572627358932,0.1171184245812034,0.11857930845137016,0.0,0.7195419271582878,0.6421222553865296,0.302422995200571,0.2624035275325559,0.3808397505698286,sad,04,08,08,female,normal,861
20,0.6673333333333333,True,1.0,0.6526914872983042,0.6067541781964924,0.6297228327473983,0.5122530192674352,-0.0794907407407408,-0.08027777777777778,0.36622781477595034,0.2033667515478844,0.20347559683427643,1.2293199045423975,0.04593730910181182,0.000787037037036975,0.01170370765226656,0.5293393275032083,0.11732249396567644,0.11821635348429047,0.0,0.9999999987499999,0.6416842597664065,0.3035927225918591,0.2623427406355528,0.37879922331117877,sad,04,08,08,female,normal,861
30,1.0010000000000001,True,1.0,0.45265582982329744,0.442332336235945,0.44749408302962124,0.795418399429656,-0.08893518518518523,-0.09074074074074073,0.35155610003622334,0.3196492438167321,0.20277928274864854,0.5625895545671195,0.010323493587352461,0.0018055555555555047,0.012359464488355268,0.3533994490014164,0.11673726858963625,0.11879429255530267,0.0,0.8472735331285655,0.6410875196875625,0.30375573699881697,0.266158363415341,0.38900512439874424,sad,04,08,08,female,normal,861
40,1.3346666666666667,True,1.0,0.34948656202347245,0.3430799220272903,0.3462832420253814,0.6569358649850366,-0.09180555555555553,-0.08972222222222226,0.3936557011037699,0.20964536869603914,0.19733398804732605,0.5271187957339928,0.0064066399961821285,0.0020833333333332704,0.0002312525329052026,0.39549117716424437,0.11439087843149011,0.12121264249379662,0.0,0.8607007838636322,0.6406886582758103,0.305421457207922,0.26085475231354577,0.3841272575396223,sad,04,08,08,female,normal,861
50,1.6683333333333334,True,1.0,0.38096960527297064,0.3617804347982074,0.371375020035589,0.5005077878053571,-0.0904166666666667,-0.08981481481481479,0.3796173484485714,0.15015233634160677,0.19804152448667667,0.7419964865362162,0.019189170474763262,0.0006018518518519089,0.007889901176303197,0.501480588470027,0.12004290235504017,0.11462484756037673,0.0,0.9999999987499999,0.6169847378951581,0.2787567930286047,0.2843666020277386,0.34468796560602627,sad,04,08,08,female,normal,861
60,2.0020000000000002,True,1.0,0.49123125094971976,0.5049506978280326,0.4980909743888762,0.6367158121840337,-0.09847222222222218,-0.09763888888888889,0.3640597418412316,0.2739124373404685,0.2001102143829511,0.7822814587882576,0.013719446878312835,0.0008333333333332971,0.010250037372013888,0.411445789816152,0.11607199040482728,0.11960380768361802,0.0,0.8802059314779194,0.6737851276135455,0.2948707658511567,0.27326840327928936,0.3889527616380687,sad,04,08,08,female,normal,861
70,2.3356666666666666,True,1.0,0.4361517577464906,0.42891733632041673,0.4325345470334537,0.6340027061350089,-0.09370370370370373,-0.0920833333333333,0.3935019884661432,0.19983373906039065,0.19663993831025847,0.6822282347503842,0.007234421426073889,0.0016203703703704386,0.012342106174642474,0.40873817149366176,0.11889791097849284,0.11630456866120574,0.0,0.9999999987499999,0.6222837359162415,0.278014139476416,0.2825761360596051,0.34086462423488245,sad,04,08,08,female,normal,861
80,2.6693333333333333,True,1.0,0.45061405567889123,0.4896537434974013,0.4701338995881463,0.5439791622512684,-0.09324074074074079,-0.09398148148148144,0.3961950769349751,0.1631292425393282,0.1986863877656259,0.864249832001814,0.03903968781851008,0.000740740740740653,0.01694111663077789,0.4525902892961408,0.11876549266899648,0.11676656872815654,0.0,0.9999999987499999,0.6185118153276935,0.2783367414922821,0.28688081918397546,0.3408777988367145,sad,04,08,08,female,normal,861
90,3.003,True,1.0,0.376307880749276,0.3678452728860071,0.37207657681764156,0.43693757612379525,-0.09365740740740747,-0.08976851851851847,0.39737919824174844,0.054608760873519104,0.21257035829711185,0.8515554558581225,0.008462607863268912,0.003888888888888997,0.013770551254318591,0.5484096734992974,0.1168202525148098,0.11887306831861373,0.0,0.7576107384123656,0.6436813547997324,0.3000160540358373,0.27417276478698777,0.3862807509236175,sad,04,08,08,female,normal,861
100,3.336666666666667,True,1.0,0.28618676369531404,0.29536590442986993,0.29077633406259196,0.4560340472220543,-0.09504629629629618,-0.09375000000000017,0.398855666191337,0.033490690620221766,0.21469849887925846,0.6376197914034382,0.00917914073455589,0.0012962962962960178,0.022282554951202033,0.5523601307612406,0.11574655447186989,0.11944120333473461,0.0,0.9583660132597143,0.6410627371495473,0.3015806734344991,0.2712043909507368,0.38675838302716964,sad,04,08,08,female,normal,861
110,3.6703333333333332,True,1.0,0.20070985314705175,0.22216675970365654,0.21143830642535416,0.4777614356572152,-0.09726851851851848,-0.09550925925925918,0.3744429287672892,0.028938427430999076,0.21953342956718658,0.4425604300491452,0.021456906556604788,0.0017592592592592937,0.027849045356596627,0.5146436123967614,0.11748325235750161,0.1180565933640348,0.0,0.8344992554896459,0.6179574801092312,0.30778560809761707,0.25914019754647133,0.37869869904474246,sad,04,08,08,female,normal,861
0,0.0,True,1.0,0.5980760049480521,0.6577657052432543,0.6279208550956532,0.4776755270249954,-0.07722222222222225,-0.07254629629629628,0.3745941482007671,0.1714264468807226,0.20773293113758434,1.3145342802182032,0.05968970029520215,0.004675925925925972,0.03383846093625052,0.6214727112198194,0.12043562084247357,0.11520867589723549,0.0,0.7478458275682225,0.6343371813569179,0.3066937479658425,0.2664200091158134,0.37615994863368396,sad,04,08,08,female,normal,862
10,0.33366666666666667,True,1.0,0.6423935650499771,0.686425371483759,0.6644094682668681,0.5059704632320734,-0.07837962962962958,-0.07342592592592584,0.37627651442602544,0.17092667008389706,0.20978369299672175,1.3131388421820258,0.044031806433781906,0.004953703703703738,0.032366477168109906,0.5850081255294077,0.1171366324433826,0.11856132214539845,0.0,0.8171429748504084,0.6336570128051221,0.30837788418978224,0.26371629621448933,0.3774636697760397,sad,04,08,08,female,normal,862
20,0.6673333333333333,True,1.0,0.23372156615933098,0.2730774849683407,0.2533995255638358,0.46429908697014777,-0.0897222222222222,-0.09152777777777782,0.39616541683598383,0.09133351316137725,0.2112036072953488,0.5457678739310728,0.03935591880900974,0.0018055555555556158,0.035573419043125096,0.6026900874155067,0.11654073844104873,0.11914711096980743,0.0,0.9999999987499999,0.6342199969284589,0.30861583193058045,0.2675914337371698,0.3805169840931914,sad,04,08,08,female,normal,862
30,1.0010000000000001,True,1.0,0.27208197444874693,0.27909166844052424,0.2755868214446356,0.6258621295634921,-0.07828703703703704,-0.07953703703703707,0.4169804625781735,0.09517586824365325,0.20845195190820412,0.4403315178006437,0.0070096939917773105,0.0012500000000000289,0.041027523323406874,0.4810172656026053,0.11554568876928521,0.11979467300557967,0.0,0.8997745440085231,0.6053282793429873,0.3181852844241769,0.2649614185815118,0.38591462917938285,sad,04,08,08,female,normal,862
40,1.3346666666666667,True,1.0,0.4718249564205057,0.4971620916393187,0.4844935240299122,0.556714228397263,-0.07291666666666669,-0.07189814814814821,0.4495031175458844,0.018972693635376604,0.216717366864528,0.8702732916037217,0.02533713521881298,0.0010185185185184742,0.03167377058200664,0.5192119005775346,0.11864792245782627,0.1170489139876641,0.0,0.9999999987499999,0.5985862681009905,0.2847294382724039,0.3123521630282749,0.36508375324966497,sad,04,08,08,female,normal,862
50,1.6683333333333334,True,1.0,0.6408677419236998,0.6865369088039748,0.6637023253638372,0.5508924276964753,-0.08319444444444446,-0.07944444444444437,0.4313898034375511,0.07208251648005196,0.23055687920574697,1.204776635139223,0.045669166880275,0.0037500000000000866,0.03662381139620873,0.4962222952181676,0.11856711054988797,0.11713077334710455,0.0,0.8349973207428201,0.5795592226578131,0.28710658566614283,0.29660570466400865,0.3674594643025013,sad,04,08,08,female,normal,862
60,2.0020000000000002,True,1.0,0.5982860877755276,0.6372296549261125,0.61775787135082,0.6009572841338688,-0.08333333333333337,-0.08231481481481479,0.4011542438703762,0.09779679074057386,0.23263921683875102,1.0279563750378118,0.03894356715058489,0.0010185185185185852,0.03394088401265157,0.47305965396840294,0.11903908522212182,0.11648763887617336,0.0,0.9999999987499999,0.5800055438034588,0.28598375022991673,0.2999755926094392,0.37128127913734543,sad,04,08,08,female,normal,862
70,2.3356666666666666,True,1.0,0.6459847381166329,0.6775394818219307,0.6617621099692819,0.7893956974380754,-0.07490740740740742,-0.07259259259259254,0.363948310106653,0.18569499077744556,0.2277791175699502,0.8383148174191742,0.03155474370529776,0.0023148148148148806,0.034730256176429414,0.3794932555997055,0.11976346735576836,0.11590724591825673,0.0,0.9414728582466725,0.5886449529421144,0.287128412669147,0.2871418708095018,0.3608812639563142,sad,04,08,08,female,normal,862
80,2.6693333333333333,True,1.0,0.5915470863608061,0.6430822415461601,0.6173146639534831,0.6046325022364614,-0.07708333333333339,-0.07773148148148146,0.3779136746693921,0.15478665063374236,0.22781127021823394,1.020974991701756,0.05153515518535401,0.0006481481481480644,0.03469002253657747,0.4991052226866129,0.11672985611553596,0.11848040604819823,0.0,0.9999999987499999,0.6030152171102817,0.315511065815081,0.2696846972002926,0.3769274331320674,sad,04,08,08,female,normal,862
90,3.003,True,1.0,0.6688151429064556,0.7280679143614378,0.6984415286339467,0.6083630825518324,-0.08097222222222217,-0.08000000000000007,0.37461029874020696,0.17790686199218536,0.22714917456231337,1.1480669170526792,0.0592527714549822,0.0009722222222220966,0.03281388356507061,0.498870704555626,0.1149756095299959,0.1205001370707008,0.0,0.9999999987499999,0.602640520778624,0.3164975072099637,0.2665875384797248,0.37904623992330894,sad,04,08,08,female,normal,862
100,3.336666666666667,True,1.0,0.6413249427457507,0.7030826006063535,0.672203771676052,0.5597641930194108,-0.07726851851851857,-0.07726851851851846,0.3770805634817913,0.17645858865310465,0.22645493202601752,1.2008695448169586,0.06175765786060283,1.1102230246251565e-16,0.03637997260030351,0.5231563642071012,0.1202951609254922,0.11535532942558258,0.0,0.8599219709795964,0.578075531947154,0.28516240587505653,0.2835192565683977,0.35767354904033516,sad,04,08,08,female,normal,862
0,0.0,True,1.0,0.5884666729650577,0.6342708398132525,0.6113687563891551,0.4673137374959356,-0.07453703703703696,-0.07231481481481489,0.38050609697372156,0.18184343125417463,0.20299437870417447,1.3082618963121588,0.04580416684819477,0.00222222222222207,0.032528913902082936,0.6082434867331876,0.12070511563772338,0.11492629302564263,0.0,0.8927675649517117,0.6316642254870698,0.3072637969638159,0.26061160960957486,0.37211945599170254,sad,04,08,08,female,normal,863
10,0.33366666666666667,True,1.0,0.6375019963626457,0.6642584880788669,0.6508802422207562,0.48069391851707,-0.07481481481481478,-0.0706944444444444,0.3816790574797451,0.18184343125417443,0.20368808468108626,1.354043013959293,0.026756491716221187,0.004120370370370385,0.033413117667634634,0.5746608455912773,0.11742957577895267,0.11827118204163496,0.0,0.926711228965496,0.6356456972242022,0.30640980828845127,0.25968380686769305,0.37570880171088933,sad,04,08,08,female,normal,863
20,0.6673333333333333,True,1.0,0.5874216825966799,0.6659232989307203,0.6266724907637001,0.475865922621302,-0.07685185185185178,-0.07453703703703701,0.4015760500918929,0.139484155254039,0.20641306586494373,1.3169097869241864,0.0785016163340404,0.0023148148148147696,0.032023213153721086,0.6050300241922592,0.11561867116214099,0.11924588424729837,0.0,0.9999999987499999,0.6328172917526387,0.3062989328903937,0.2621674403724494,0.37637484002747257,sad,04,08,08,female,normal,863
30,1.0010000000000001,True,1.0,0.6537743929081207,0.7247820641452208,0.6892782285266708,0.6144299574775804,-0.07587962962962957,-0.0755555555555556,0.41343749956757037,0.15671520308028392,0.20502528162508302,1.121817418142118,0.07100767123710017,0.0003240740740739767,0.038581006299225555,0.45050984445408065,0.11558637195562911,0.12007317929861588,0.0,0.7702660833839939,0.6323792124349739,0.3081953964864568,0.271317549951717,0.3814034376311871,sad,04,08,08,female,normal,863
40,1.3346666666666667,True,1.0,0.5884666729650577,0.6776897684508584,0.633078220707958,0.5172360609748803,-0.0749999999999999,-0.0756944444444444,0.44481621853553366,0.09429740764872731,0.209159499213475,1.2239638116390026,0.08922309548580065,0.0006944444444444975,0.027295236459619576,0.5467364269046501,0.11528245056725217,0.12020661551043216,0.0,0.7071067807446058,0.6305062631458834,0.30896806087024153,0.2699712553977481,0.3786854099377078,sad,04,08,08,female,normal,863
50,1.6683333333333334,True,1.0,0.6604529335385163,0.7029212728340851,0.6816871031863008,0.5367362755846395,-0.07472222222222225,-0.07458333333333328,0.3865602841108712,0.15203619909502317,0.21121552768430293,1.2700596814399654,0.04246833929556881,0.0001388888888889661,0.02122597654574661,0.533279553425248,0.11449298983905573,0.1209587909111807,0.0,0.9999999987499999,0.6289713002544768,0.3094940625062039,0.2711417042088893,0.3790666809220865,sad,04,08,08,female,normal,863
60,2.0020000000000002,True,1.0,0.5991777239635325,0.6299889056545257,0.6145833148090292,0.6033605749686779,-0.07027777777777777,-0.07078703703703715,0.38720613829979034,0.14354146571839196,0.21469849887925846,1.0186003864122775,0.030811181690993172,0.0005092592592593759,0.0306196748395186,0.4910628763152026,0.11807576293831622,0.11746398608803157,0.0,0.8124026586999535,0.5988846950498949,0.28203367855933853,0.30127979042255343,0.358763083593517,sad,04,08,08,female,normal,863
70,2.3356666666666666,True,1.0,0.6926335937302772,0.7342306432397638,0.7134321184850205,0.8233704878829923,-0.07310185185185186,-0.07236111111111099,0.3649618326914739,0.2819429962232605,0.21056165075189054,0.8664776415770747,0.04159704950948662,0.000740740740740875,0.033212055209948924,0.3789079221788744,0.11555002982939397,0.12010815282503173,0.0,0.9999999987499999,0.6143961363842413,0.31359234792722546,0.2715170111095497,0.3838846188932248,sad,04,08,08,female,normal,863
80,2.6693333333333333,True,1.0,0.6824048729788574,0.7036420520653566,0.693023462522107,0.7188631976586428,-0.07282407407407404,-0.07199074074074063,0.3612940138592585,0.2597169138595814,0.20984005568620515,0.9640547252652569,0.021237179086499136,0.0008333333333334081,0.030878820916056236,0.43867382101290425,0.11445815735197351,0.12083418427388398,0.0,0.8533294886343432,0.6153126452924921,0.31216696117013387,0.2665583758663463,0.3824170271980431,sad,04,08,08,female,normal,863
90,3.003,True,1.0,0.6880889787646961,0.7209599184597283,0.7045244486122122,0.7055832449468177,-0.07212962962962954,-0.07263888888888886,0.3573136825002043,0.24525528559305607,0.2098040580380127,0.9984994026683764,0.032870939695032186,0.0005092592592593204,0.028540179251503362,0.4244715081211202,0.12074636428425621,0.11488295470372396,0.0,0.8708880651356706,0.6014018887007929,0.2787973019361695,0.2999791181190596,0.35573448340936864,sad,04,08,08,female,normal,863
100,3.336666666666667,True,1.0,0.543760498604993,0.5902739873613109,0.5670172429831519,0.6696570117248581,-0.07412037037037039,-0.07495370370370374,0.36367668450005014,0.2127946458880738,0.2112415334707726,0.8467278518038159,0.04651348875631789,0.0008333333333333526,0.027124366459109383,0.4646432581832538,0.11807924715400174,0.1166466693701908,0.0,0.9999999987499999,0.5958927691545367,0.28055254838898985,0.2925056702705704,0.35026332569897517,sad,04,08,08,female,normal,863
0,0.0,True,1.0,0.5732295087558386,0.5915726140793308,0.5824010614175847,0.46691503340493085,-0.07083333333333347,-0.06601851851851848,0.4094520142973398,0.053115343804979516,0.20952685914932648,1.2473384229470696,0.01834310532349226,0.004814814814814994,0.035633266762166764,0.616002832947663,0.11914277935603161,0.11654516676643889,0.0,0.7899820145337885,0.6048111529846313,0.31184358713172056,0.2535189987222114,0.3615889499209575,sad,04,08,08,female,strong,864
10,0.33366666666666667,True,1.0,0.6008613898199521,0.6213151282566453,0.6110882590382987,0.5785095103848726,-0.06865740740740744,-0.06504629629629632,0.3973662291293745,0.11670312017657405,0.20958219882508317,1.0563149750671375,0.02045373843669318,0.0036111111111111205,0.04459593264610121,0.539765258842643,0.11885196282090302,0.11684172500743145,0.0,0.9999999987499999,0.602301579334859,0.31163305571363054,0.25429167136261044,0.36485900232252266,sad,04,08,08,female,strong,864
20,0.6673333333333333,True,1.0,0.6118301442496824,0.6434913852562852,0.6276607647529838,0.6457058204301874,-0.0736574074074075,-0.07115740740740745,0.4048683174212341,0.1275771306155083,0.20734553600044148,0.9720537509400465,0.031661241006602836,0.0025000000000000577,0.03670992222426021,0.4504795543590691,0.11630686152109852,0.11921571953613912,0.0,0.8392686843987892,0.6276923329878826,0.3068410296336307,0.27210005393196324,0.37740765539988996,sad,04,08,08,female,strong,864
30,1.0010000000000001,True,1.0,0.6265654538841614,0.6589199995025934,0.6427427266933774,0.5812156774369054,-0.0762962962962963,-0.07305555555555554,0.4413138440504867,0.08023735989853202,0.21284474849732749,1.105859238910759,0.032354545618431985,0.0032407407407407662,0.040596367535891624,0.4715212093458273,0.11609702161957663,0.11926043537008484,0.0,0.9999999987499999,0.6296037605042017,0.3066440239241879,0.2759086893325259,0.38594610909633925,sad,04,08,08,female,strong,864
40,1.3346666666666667,True,1.0,0.5947763309982261,0.6393762183235862,0.6170762746609062,0.6085467783947769,-0.07925925925925925,-0.07458333333333328,0.42569366545063725,0.1011746753225645,0.21784110136914578,1.014016171918005,0.04459988732536002,0.004675925925925972,0.06180808472547957,0.47265010019923004,0.1172084695072776,0.1184903052781983,0.0,0.7577785297727424,0.6266434361322654,0.30593844354022615,0.280081297857369,0.3872459627359544,sad,04,08,08,female,strong,864
50,1.6683333333333334,True,1.0,0.5594133090636513,0.6743295019157092,0.6168714054896802,0.531087821882265,-0.07314814814814813,-0.06981481481481483,0.4232392300907875,0.08172441996222944,0.21675116475349224,1.1615242904711762,0.1149161928520579,0.0033333333333332993,0.04926979280367871,0.527861886102848,0.1155531817797024,0.11994638803128324,0.0,0.9999999987499999,0.6237907178418242,0.30562306163613817,0.27118293059151544,0.36817990645580345,sad,04,08,08,female,strong,864
60,2.0020000000000002,True,1.0,0.23979428119509033,0.26827917715512817,0.2540367291751092,0.5044505094995511,-0.0849537037037037,-0.07874999999999999,0.43520384471903834,0.030655490417812035,0.22357828703616944,0.5035909854212077,0.028484895960037837,0.006203703703703711,0.0633450693524201,0.6057700360762269,0.11513434419619151,0.12019006889113366,0.0,0.9999999987499999,0.5986290467593287,0.3141354079007169,0.2639957574213596,0.3664095656671273,sad,04,08,08,female,strong,864
70,2.3356666666666666,True,1.0,0.5382188801054886,0.6364782586980344,0.5873485694017615,0.681127642868967,-0.07134259259259257,-0.06791666666666679,0.38875238366023035,0.097073956331612,0.2261321210251574,0.8623179158135469,0.09825937859254585,0.003425925925925777,0.05635405152868625,0.4469412328739353,0.11667404883452936,0.11885638455587728,0.0,0.9999999987499999,0.5966703392372574,0.31311532266766245,0.2705657355577932,0.3712872144424309,sad,04,08,08,female,strong,864
80,2.6693333333333333,True,1.0,0.5369897220270535,0.6408241144470532,0.5889069182370534,0.6238231665215043,-0.0668981481481481,-0.06620370370370376,0.3860984555100612,0.07603151491804898,0.22141332695944874,0.9440286123403414,0.1038343924199997,0.000694444444444331,0.06039973768680952,0.5107624094610228,0.11755308365163349,0.11814842484328102,0.0,0.8443201830562375,0.5975305654527435,0.3135708945348853,0.2671557336872011,0.37360731258207114,sad,04,08,08,female,strong,864
90,3.003,True,1.0,0.5170989706359425,0.6005964332609214,0.5588477019484319,0.6208654301421938,-0.06805555555555565,-0.06680555555555567,0.37788967102052423,0.11265471456794283,0.22271742851300438,0.9001108369336037,0.08349746262497892,0.0012499999999999734,0.057489850449019164,0.5103241245519232,0.11690889052832758,0.11878589598230058,0.0,0.9038853029540637,0.6021100477456608,0.3118311970933891,0.2668023285275298,0.374431266387719,sad,04,08,08,female,strong,864
100,3.336666666666667,True,1.0,0.5869769345800673,0.6785355978858312,0.6327562662329492,0.6342804327753275,-0.0706018518518518,-0.06986111111111121,0.3861139827218839,0.1376300421916384,0.2220245329715232,0.9975970147215337,0.0915586633057639,0.0007407407407405975,0.059218269100085555,0.4718590416399576,0.11850610836960068,0.11702980859862037,0.0,0.9999999987499999,0.6015286550088786,0.31123511801421255,0.26887962677347,0.3748721793915908,sad,04,08,08,female,strong,864
110,3.6703333333333332,True,1.0,0.6148854904262229,0.6631321028977278,0.6390087966619753,0.63873036730424,-0.06949074074074069,-0.0683333333333333,0.3776075175724095,0.14166366445407041,0.21920154289203805,1.000435910631446,0.04824661247150497,0.0011574074074073848,0.05360235003649841,0.4945725507690975,0.1176942292627511,0.11784626519174092,0.0,0.9999999987499999,0.5989428477719213,0.31296361119643734,0.26761294652200973,0.3743720191723396,sad,04,08,08,female,strong,864
0,0.0,True,1.0,0.5730280881130535,0.6504659601128583,0.6117470241129559,0.4513608141522921,-0.07277777777777777,-0.07129629629629619,0.42507353447972207,0.05126072867543583,0.20765696049655968,1.3553392428669016,0.07743787199980479,0.0014814814814815835,0.055941448766924196,0.6234427681022409,0.11714334139013415,0.11839388239947546,0.0,0.7071067807446058,0.6266107327540392,0.3081419346900454,0.2634230361421361,0.3675192077740592,sad,04,08,08,female,strong,865
10,0.33366666666666667,True,1.0,0.5961072688713425,0.6653269684192105,0.6307171186452765,0.44122205348207005,-0.07453703703703701,-0.06981481481481483,0.42217280636631876,0.05789218044432351,0.20825563239238684,1.4294777735331556,0.069219699547868,0.004722222222222183,0.06106777762902396,0.6247209791631695,0.11732072620627315,0.1183791576731438,0.0,0.9999999987499999,0.6251472511817228,0.3088462706907701,0.26816169716136107,0.37559769355071887,sad,04,08,08,female,strong,865
20,0.6673333333333333,True,1.0,0.49824797635585594,0.5325318359287108,0.5153899061422833,0.4063439267897453,-0.08050925925925928,-0.0749537037037038,0.4428266778256618,0.024453450045573057,0.21289062500000003,1.2683588265094503,0.03428385957285485,0.00555555555555548,0.06994739527191238,0.6607117518458472,0.11546135602777449,0.1201933984582825,0.0,0.9999999987499999,0.6268429427239647,0.30668554366488965,0.2671627532805827,0.3766201384699295,sad,04,08,08,female,strong,865
30,1.0010000000000001,True,1.0,0.3612055879535997,0.3660574192496638,0.36363150360163177,0.6247961936202863,-0.08990740740740738,-0.07949074074074064,0.45045814683101987,0.11981012784553963,0.21256638807854839,0.5820001903254636,0.004851831296064091,0.01041666666666674,0.06619133445746116,0.4621659646574488,0.11562388779013688,0.12003705403396821,0.0,0.9999999987499999,0.6183383581479466,0.3117517365870043,0.27839576616658296,0.39514483278672474,sad,04,08,08,female,strong,865
40,1.3346666666666667,True,1.0,0.5215455326522457,0.5612676140380448,0.5414065733451452,0.5345933652561433,-0.08124999999999999,-0.07319444444444445,0.4382124002864133,0.09915428343431865,0.21662441178539998,1.0127446551562371,0.039722081385799135,0.008055555555555538,0.05599435010703375,0.5272903439988211,0.1156214725770587,0.1200393804055974,0.0,0.8115754529284147,0.6275920939078757,0.30802728937377916,0.27667248380453624,0.38365198522485194,sad,04,08,08,female,strong,865
50,1.6683333333333334,True,1.0,0.5523605927877296,0.6190476190476201,0.5857041059176749,0.7295251307306021,-0.07958333333333323,-0.07365740740740745,0.4146008635863913,0.10402911902189005,0.22199875934208751,0.8028566546173757,0.06668702625989043,0.005925925925925779,0.06507816045352846,0.38608705247056446,0.11464632895846763,0.12097105862611612,0.0,0.8428157573236741,0.6197722450699029,0.31006591544144324,0.2787893926933194,0.37621861512760785,sad,04,08,08,female,strong,865
60,2.0020000000000002,True,1.0,0.5716652845725161,0.6394844204488346,0.6055748525106753,0.49697263577459844,-0.0775925925925926,-0.07175925925925924,0.3952577941436323,0.08266747009504663,0.22669198952302702,1.2185275584978754,0.06781913587631849,0.005833333333333357,0.047985025090868015,0.5569615800592543,0.11495005424821785,0.1195723009884783,0.0,0.9999999987499999,0.5974156605689152,0.31509088548072156,0.2671011599913941,0.3694360138160595,sad,04,08,08,female,strong,865
70,2.3356666666666666,True,1.0,0.10101035199676543,0.12958113897448267,0.11529574548562405,0.4902432100280721,-0.07782407407407405,-0.07472222222222219,0.43759381462544145,0.037648413669715365,0.2205630308262248,0.2351807085283691,0.02857078697771724,0.0031018518518518556,0.053050725886944476,0.6322535430795282,0.11713148212464672,0.11856641035455032,0.0,0.7954914525242412,0.5971468630733544,0.3151531302991336,0.27348902033946626,0.3766903723959836,sad,04,08,08,female,strong,865
80,2.6693333333333333,True,1.0,0.5222202350127572,0.5914081871233011,0.5568142110680292,0.6956850706713154,-0.07162037037037033,-0.06814814814814824,0.38515928168516445,0.11105689734300836,0.226825225490014,0.8003825790464644,0.06918795211054396,0.003472222222222099,0.04681946849403707,0.443014707567036,0.11466430241038753,0.12095402234364379,0.0,0.8044345837147893,0.5956645243800647,0.3150349824137234,0.2689037894801732,0.36754102074223277,sad,04,08,08,female,strong,865
90,3.003,True,1.0,0.6487527559775907,0.6676788607550483,0.6582158083663195,0.6419382153176516,-0.07111111111111101,-0.06939814814814826,0.3824340082774105,0.10446875596336792,0.22264239536844355,1.0253569466036747,0.018926104777457597,0.0017129629629627496,0.053147203750549786,0.47185904163995845,0.11675703836322057,0.11829267082659921,0.0,0.8631148420919638,0.5991076512167367,0.31329584529757637,0.2688041428345177,0.3683753052891252,sad,04,08,08,female,strong,865
100,3.336666666666667,True,1.0,0.5804625932517224,0.6631321028977285,0.6217973480747254,0.5843545068722383,-0.07027777777777777,-0.06833333333333325,0.38496011747083375,0.11105689734300943,0.2206927072339151,1.0640755581794006,0.08266950964600606,0.0019444444444445264,0.055259762445812176,0.5214988918937085,0.1181914705074873,0.11750980413696971,0.0,0.9614080275718206,0.599528768233856,0.3129166070077559,0.26422509846027,0.36670585395967586,sad,04,08,08,female,strong,865
110,3.6703333333333332,True,1.0,0.6339553795733053,0.6833990871669455,0.6586772333701254,0.6745181767452191,-0.07171296296296298,-0.06791666666666663,0.37125716205095455,0.15746050867575923,0.21858707987958165,0.9765151719831604,0.04944370759364025,0.003796296296296353,0.060120307791911465,0.46586442358913693,0.11444528572572862,0.11909955090439142,0.0,0.7699253596838461,0.5954103363142133,0.31385775349243095,0.2665022052808451,0.3719930766526147,sad,04,08,08,female,strong,865
0,0.0,True,1.0,0.3923066849203821,0.39543829856670576,0.39387249174354394,0.4548097649515573,-0.07879629629629631,-0.07249999999999995,0.413915403728483,0.025826211790125845,0.21593206481369065,0.8660159083996275,0.003131613646323639,0.006296296296296355,0.05411527417221387,0.6303419498503476,0.11766852453273229,0.1180334533225624,0.0,0.7496695940514717,0.6076127998230543,0.31167321267895476,0.26392180118220965,0.3684799302685321,sad,04,08,08,female,strong,866
10,0.33366666666666667,True,1.0,0.5530878538710537,0.6235959060267505,0.5883418799489022,0.396164106368867,-0.06791666666666663,-0.06421296296296297,0.4297047711095806,-0.006338815869230468,0.21457834687212377,1.4850963792290135,0.07050805215569678,0.0037037037037036535,0.055752487659685004,0.6856443731938503,0.11768263443270506,0.11785784392433275,0.0,0.759246141124461,0.605789978522659,0.31237605344249597,0.2686305051405715,0.3763015394287138,sad,04,08,08,female,strong,866
20,0.6673333333333333,True,1.0,0.34694546990091907,0.3895016688772876,0.36822356938910333,0.34409429489575677,-0.07513888888888887,-0.06939814814814804,0.4574943081868169,-0.05303598676756919,0.2139503379724786,1.0701240178964795,0.04255619897636853,0.005740740740740824,0.057864823846023185,0.7703870670131346,0.11564477950739017,0.11906065284573254,0.0,0.8631148420919638,0.6062359613298446,0.3141176893259414,0.26782913050290563,0.3786815753050635,sad,04,08,08,female,strong,866
30,1.0010000000000001,True,1.0,0.3022245697523166,0.3420342306202971,0.32212940018630687,0.5890218766250832,-0.0823148148148149,-0.07486111111111104,0.4611160644964689,0.0352855338672551,0.2164552923674322,0.5468886860909321,0.03980966086798049,0.007453703703703851,0.058691743950262366,0.5085339242110761,0.1152467452747949,0.12024084798846604,0.0,0.7071067807446058,0.6313384999390381,0.30754367818716494,0.2886720856482865,0.3922727705318148,sad,04,08,08,female,strong,866
40,1.3346666666666667,True,1.0,0.27498528296990915,0.315429180348809,0.2952072316593591,0.5291103574540278,-0.08476851851851858,-0.07731481481481478,0.4509556066132806,0.023980029952854837,0.21915280993307495,0.5579313039340917,0.04044389737889986,0.007453703703703796,0.05689064125728429,0.5647179020741218,0.1157096350947971,0.11867698401408804,0.0,0.9799409124351377,0.6286348442580156,0.3080355221640329,0.2871399771346573,0.38777439071409264,sad,04,08,08,female,strong,866
50,1.6683333333333334,True,1.0,0.4782886073277073,0.514668850125721,0.4964787287267141,0.6029052240048308,-0.08069444444444446,-0.07370370370370383,0.4417350832130034,0.04210754843933878,0.21893442281683492,0.8234772381450389,0.03638024279801366,0.006990740740740631,0.07124838450301894,0.43221857461416363,0.11629690694486847,0.11922543041090532,0.0,0.7161083861571741,0.627374392147484,0.30538922197276375,0.28578626394341655,0.3801793527609359,sad,04,08,08,female,strong,866
60,2.0020000000000002,True,1.0,0.5718565958389216,0.6678776781594618,0.6198671369991917,0.522842600631104,-0.07652777777777775,-0.0704629629629629,0.4335767179147854,0.012394285429290818,0.2225309981799058,1.185571214455312,0.09602108232054019,0.006064814814814856,0.058208501815662145,0.5520142735328595,0.11358423475351447,0.12134242289246895,0.0,0.9999999987499999,0.6041796793951955,0.3122660163693324,0.2669642905364283,0.3758774828938911,sad,04,08,08,female,strong,866
70,2.3356666666666666,True,1.0,0.595764880067916,0.6743295019157092,0.6350471909918125,0.6534038621231036,-0.07444444444444442,-0.06851851851851853,0.3962567859652603,0.1086324436376028,0.22147120833389772,0.9719060871913967,0.07856462184779323,0.00592592592592589,0.04721899371284669,0.4674295674354303,0.11635950631684217,0.119324109292255,0.0,0.7899807249237394,0.6016172189344489,0.3119441597443974,0.26780744656228483,0.3689447173475466,sad,04,08,08,female,strong,866
80,2.6693333333333333,True,1.0,0.5219645122454307,0.5873015873015877,0.5546330497735092,0.6282067760781184,-0.07356481481481492,-0.06967592592592592,0.400217042439128,0.11332007408648753,0.21779066276925743,0.8828829469749939,0.06533707505615693,0.003888888888888997,0.053920697385311245,0.4774957397564102,0.11677266256883054,0.11843821681715135,0.0,0.9999999987499999,0.6009747053743372,0.31248559649383845,0.26765386599650887,0.3746196230406265,sad,04,08,08,female,strong,866
90,3.003,True,1.0,0.5943153414028776,0.6678776781594619,0.6310965097811697,0.6492292664465205,-0.06666666666666665,-0.06472222222222229,0.38712157410161974,0.09644538177755312,0.21509612701884465,0.9720703338520177,0.0735623367565843,0.0019444444444443598,0.04956534324061203,0.4711515089802234,0.11525857546809248,0.11991216246478481,0.0,0.9999999987499999,0.6008490332382953,0.31402871666071547,0.27126829931833163,0.3723030381822903,sad,04,08,08,female,strong,866
100,3.336666666666667,True,1.0,0.5869326438753971,0.6364782586980345,0.6117054512867158,0.6492292664465221,-0.06657407407407412,-0.06375000000000003,0.38712157410161946,0.1377791168250771,0.21648172598551457,0.9422025205900092,0.04954561482263742,0.00282407407407409,0.05007177173134964,0.4774957397564091,0.11724888711243861,0.11812818607234025,0.0,0.8487722064783322,0.5942952826677546,0.3149032253077769,0.27037121079429566,0.37361577728332546,sad,04,08,08,female,strong,866
0,0.0,True,1.0,0.6546752919695106,0.7006120283106979,0.6776436601401042,0.6120595006038497,-0.06976851851851845,-0.06782407407407404,0.402964275481944,0.16658534601451255,0.20108334100781247,1.1071532415909728,0.045936736341187334,0.0019444444444444153,0.035938391311920025,0.49322179309518943,0.11929621218136482,0.11638810733403308,0.0,0.8522173260952803,0.6340060210724916,0.3107282307897851,0.2734033576972827,0.377574005407041,sad,04,08,08,female,strong,867
10,0.33366666666666667,True,1.0,0.637540969516128,0.6504659601128595,0.6440034648144938,0.6285729738925742,-0.0692592592592593,-0.0667592592592593,0.39995344292013535,0.16018542581049855,0.20254528821260384,1.0245484479333609,0.012924990596731467,0.0025000000000000022,0.03370762959066022,0.47998759853233436,0.11628697683465664,0.1193947938040989,0.0,0.9999999987499999,0.6353652661298895,0.3102524324533058,0.2695996593790671,0.3763407636886484,sad,04,08,08,female,strong,867
20,0.6673333333333333,True,1.0,0.6065249264642608,0.6527068657870961,0.6296158961256785,0.6447666057835924,-0.07046296296296312,-0.06800925925925938,0.4164559234991332,0.12747009141305304,0.20368808468108635,0.9765020248846463,0.04618193932283532,0.0024537037037037357,0.046605885943302054,0.4507572462047509,0.1143828014265171,0.12106299417580144,0.0,0.9999999987499999,0.6260416829778785,0.31183309142920296,0.2737233387487924,0.38483843801628204,sad,04,08,08,female,strong,867
30,1.0010000000000001,True,1.0,0.6043085771411117,0.673175973756679,0.6387422754488954,0.5415224298301873,-0.07120370370370371,-0.06787037037037036,0.431234567228716,0.09648434756532719,0.2047055560844412,1.1795305979277622,0.06886739661556729,0.003333333333333355,0.040791013878423425,0.5402951148536314,0.11788750063034914,0.11781474850155448,0.0,0.8239698093013194,0.6191322439288215,0.3155068457250273,0.2772634383917079,0.37871843572069125,sad,04,08,08,female,strong,867
40,1.3346666666666667,True,1.0,0.5787468639747881,0.6304248500263852,0.6045858570005866,0.5244147339165713,-0.06884259259259257,-0.06476851851851856,0.4329395003535502,0.07018338341191795,0.21150430125049113,1.1528773276167517,0.051677986051597014,0.004074074074074008,0.04240495026230633,0.5474959614052408,0.11711193744554062,0.11858571531473003,0.0,0.8317483047955211,0.5968779718918819,0.28476551656528515,0.3010585453618787,0.3568917328095935,sad,04,08,08,female,strong,867
50,1.6683333333333334,True,1.0,0.17723257204736637,0.17692657191082728,0.17707957197909682,0.4536361771499,-0.08546296296296285,-0.08347222222222228,0.43689734624925547,0.02512544969804807,0.21638020328386662,0.39035593036615873,0.0003060001365390863,0.001990740740740571,0.04724326243162112,0.6377024774743792,0.11591292102562062,0.11911992577924051,0.0,0.9061245715676912,0.5701581970678896,0.2890190474526938,0.2775349583240908,0.3433910976548706,sad,04,08,08,female,strong,867
60,2.0020000000000002,True,1.0,0.5034324428994317,0.6116479070436833,0.5575401749715575,0.5327442906764812,-0.06245370370370368,-0.06009259259259264,0.41530217346858317,0.03985741876999882,0.21784110136914572,1.0465436884618518,0.10821546414425165,0.002361111111111036,0.05073015339528422,0.5536615824576071,0.11578696758616006,0.11956148213702192,0.0,0.9999999987499999,0.5897330535026511,0.32163422919935175,0.26854474340950324,0.36295067661106234,sad,04,08,08,female,strong,867
70,2.3356666666666666,True,1.0,0.5379628474681438,0.6356453556320681,0.586804101550106,0.7920651443568059,-0.06805555555555542,-0.06564814814814807,0.34889714124801047,0.1502548572818733,0.22188016208566397,0.7408533322427898,0.09768250816392432,0.002407407407407358,0.04295995636980579,0.3791723354651399,0.1155944446818777,0.11926936903412409,0.0,0.7223556709680853,0.5910110478722739,0.321433875532192,0.26766951455577837,0.364620588701541,sad,04,08,08,female,strong,867
80,2.6693333333333333,True,1.0,0.5757477268011529,0.6517245568176673,0.61373614180941,0.6974865491109858,-0.06638888888888889,-0.06430555555555556,0.37708890280218205,0.10154262829284351,0.21690457316180992,0.8799254158975197,0.07597683001651434,0.002083333333333326,0.05841551909712694,0.4451672253601587,0.11590755776701828,0.11976316554430913,0.0,0.9999999987499999,0.5877947958792893,0.3199770165123733,0.26799284847222393,0.3658913053880316,sad,04,08,08,female,strong,867
90,3.003,True,1.0,0.6579783454700228,0.7209599184597271,0.6894691319648749,0.6845143275033996,-0.06972222222222224,-0.0668981481481481,0.3750307619384837,0.13820100775317187,0.21414876455956747,1.0072384233059763,0.0629815729897043,0.0028240740740741455,0.04944631611945588,0.4739081348257884,0.11550095965605543,0.11888008456748247,0.0,0.9999999987499999,0.5948173553952831,0.3193370316820467,0.27109372421431727,0.37514898087639414,sad,04,08,08,female,strong,867
100,3.336666666666667,True,1.0,0.6225459025855758,0.6746852177344563,0.6486155601600161,0.652061211489697,-0.0706018518518518,-0.0675,0.37745394703582574,0.18077538151554606,0.21304538526248493,0.9947157547957669,0.05213931514888048,0.0031018518518518,0.0501623612370758,0.47004725339652204,0.11676891018502855,0.11876319057522307,0.0,0.7725151188451039,0.5961921924707384,0.3167421405900399,0.26452214182869443,0.37120924140443834,sad,04,08,08,female,strong,867
110,3.6703333333333332,True,1.0,0.6239493377676659,0.6615935685338217,0.6427714531507438,0.6787345484821267,-0.06731481481481477,-0.06564814814814812,0.37960428497816007,0.2018152336660059,0.21016738724131961,0.947014491288519,0.03764423076615575,0.0016666666666666496,0.04820491651181817,0.4778704182753112,0.11621709893584503,0.1194628129737514,0.0,0.9999999987499999,0.5961878661464586,0.3168159333761845,0.2616216547991506,0.3683113547118358,sad,04,08,08,female,strong,867
0,0.0,True,1.0,0.557743884713389,0.5743760510502477,0.5660599678818183,0.5423914771748188,-0.07629629629629636,-0.07777777777777778,0.36199293168104835,0.2409452584013064,0.19652777777777786,1.0436372835913328,0.01663216633685871,0.001481481481481417,0.007779585556038153,0.49975603804354046,0.12390443100243376,0.11146959113574056,0.0,0.6998317288368654,0.6173461282012805,0.2729588435677073,0.2830107369855298,0.3508136796183049,angry,05,08,08,female,normal,868
10,0.33366666666666667,True,1.0,0.6080173418450684,0.5917861818182826,0.5999017618316755,0.5228849933907197,-0.07708333333333334,-0.07861111111111108,0.36487614317980693,0.2614087391367227,0.19513927986102833,1.1472919846896543,0.016231160026785818,0.001527777777777739,0.010262132600636848,0.5142193095107588,0.12243750548743047,0.11274141707678045,0.0,0.7071067807446058,0.6208484810408539,0.2724531978345675,0.2829154412643839,0.35470000249730965,angry,05,08,08,female,normal,868
20,0.6673333333333333,True,1.0,0.5695273890491263,0.5843898320442821,0.5769586105467042,0.6285151819408745,-0.07828703703703699,-0.07930555555555557,0.35465071304264173,0.2681677424585369,0.19652777777777775,0.9179708416351025,0.014862442995155822,0.0010185185185185852,0.008056999619965297,0.4251448623659836,0.12174812935673422,0.11348551833807578,0.0,0.9999999987499999,0.6179293140537464,0.2724911379736974,0.2805483316976668,0.3463454789109679,angry,05,08,08,female,normal,868
30,1.0010000000000001,True,1.0,0.6633157082102268,0.629513640596192,0.6464146744032093,0.6376203863112122,-0.06259259259259264,-0.06537037037037036,0.4051341218103775,0.013550872404068607,0.2009922608886079,1.0137923571466625,0.033802067614034814,0.0027777777777777124,0.03898559068899766,0.394495023058677,0.11349269571951444,0.1211138394313992,0.0,0.9999999987499999,0.6464857454231694,0.2944600300971608,0.2689729555938847,0.3832948886992075,angry,05,08,08,female,normal,868
40,1.3346666666666667,True,1.0,0.5383149845269376,0.5578350082352319,0.5480749963810847,0.8877222292957867,-0.06328703703703709,-0.06601851851851853,0.3745954833532594,0.24730338661784,0.21319766516777558,0.6173946965548697,0.01952002370829431,0.002731481481481446,0.010400671072927106,0.331840259840786,0.12063886064169901,0.11466400994749876,0.0,0.7335620783782449,0.5880798941217112,0.27894591488848586,0.2860703643950376,0.34230159042281,angry,05,08,08,female,normal,868
50,1.6683333333333334,True,1.0,0.6317188919308222,0.5980778039639473,0.6148983479473847,0.8119716776391339,-0.05643518518518509,-0.06092592592592583,0.38614133076850116,0.11897347094426239,0.21250035903002756,0.7572903894077265,0.03364108796687493,0.00449074074074074,0.03313207102368406,0.3393758201351745,0.12316202236958279,0.11228933170849617,0.0,0.740220422480845,0.5392067479726266,0.2859527259190734,0.26781705307419873,0.35703795684781425,angry,05,08,08,female,normal,868
60,2.0020000000000002,True,1.0,0.5778399227888034,0.5791593686598808,0.5784996457243421,0.7405684509633861,-0.058240740740740815,-0.05884259259259261,0.3876904885171751,0.09968607469062854,0.21388614096809855,0.7811562117881029,0.0013194458710774626,0.0006018518518517979,0.023639975997122344,0.3757246244724646,0.12162802715502545,0.1139491148713409,0.0,0.7692118701755778,0.5478709205791692,0.2810561103963902,0.22866350684504175,0.30485516139208874,angry,05,08,08,female,normal,868
70,2.3356666666666666,True,1.0,0.6855815066060483,0.6609395589682188,0.6732605327871335,0.9755189149154587,-0.06324074074074082,-0.06291666666666662,0.30379110891202127,0.21279597949438783,0.2189678741999397,0.6901563080870453,0.024641947637829564,0.00032407407407419875,0.010706830360712,0.2868802489890696,0.11347258877415961,0.12113267800332096,0.0,0.8112645166784002,0.5785376245420043,0.31448762792193974,0.23498397938223203,0.3356661489466878,angry,05,08,08,female,normal,868
80,2.6693333333333333,True,1.0,0.6703860397070394,0.7161718602077459,0.6932789499573926,0.7720849184755779,-0.07087962962962963,-0.064537037037037,0.36312595576313766,0.30530205866377014,0.20106869319903,0.8979309572918719,0.045785820500706564,0.006342592592592622,0.06624912709173297,0.3774259498706991,0.11417801564066728,0.12125615269133296,0.0,0.9537326327914025,0.6317235317408213,0.29984387570364013,0.2517825536569853,0.3579716809218654,angry,05,08,08,female,normal,868
90,3.003,True,1.0,0.6186206024811381,0.6678776781594626,0.6432491403203004,0.6856887504416267,-0.06958333333333339,-0.06453703703703711,0.36869486218472486,0.2762256721243648,0.1996471164656283,0.9381065970617245,0.04925707567832449,0.005046296296296271,0.05991298247163233,0.40759575944659715,0.1178750233747255,0.11782723213914953,0.0,0.7071067807446058,0.6299324534344989,0.303181961099272,0.2581176390580579,0.3699826308159505,angry,05,08,08,female,normal,868
100,3.336666666666667,True,1.0,0.6301418104261749,0.6704688620823049,0.6503053362542399,0.6883429900865028,-0.07055555555555554,-0.06481481481481494,0.3582712600370055,0.276317602221762,0.20222401246709515,0.944740261206869,0.04032705165613004,0.005740740740740602,0.05223317494184268,0.41713648050732455,0.11852232170335307,0.11717609409454789,0.0,0.793764477266639,0.6308975006174344,0.3021066116300463,0.2599127121137463,0.3700822834650195,angry,05,08,08,female,normal,868
110,3.6703333333333332,True,1.0,0.2689769391584861,0.24714162262485115,0.25805928089166863,0.7149547454717088,-0.08620370370370373,-0.07995370370370364,0.3518376228068795,0.25054656378245665,0.2068410092921614,0.36094491648056376,0.021835316533634935,0.006250000000000089,0.051478220056518365,0.411155238461164,0.11577612346055405,0.11909301939088075,0.0,0.9999999987499999,0.6270790940204207,0.3023811717130222,0.2613178718277875,0.37195428012333115,angry,05,08,08,female,normal,868
0,0.0,True,1.0,0.577127869888209,0.5564587784585417,0.5667933241733754,0.46971760249130873,-0.0710648148148148,-0.07666666666666672,0.3604985845767554,0.20401776795068455,0.20295979823491236,1.206668264436317,0.02066909142966722,0.005601851851851913,0.04249903501403677,0.6228410989030514,0.11808336734113715,0.11761843446747632,0.0,0.8710874630551495,0.6338339589820303,0.30330135889307247,0.25762938080700426,0.37426714227043734,angry,05,08,08,female,normal,869
10,0.33366666666666667,True,1.0,0.6391828686011811,0.5916031303382888,0.6153929994697349,0.47154152283098166,-0.07120370370370371,-0.07569444444444445,0.35707611403251655,0.19693437989214946,0.20502528162508302,1.3050664038558384,0.0475797382628923,0.00449074074074074,0.0388292008347758,0.5818287371621336,0.11801326770462928,0.11720210992968459,0.0,0.9324363850891669,0.6338622241162091,0.3021059025612122,0.26053531996546375,0.37554503807957906,angry,05,08,08,female,normal,869
20,0.6673333333333333,True,1.0,0.4672569149992115,0.45896836044760253,0.46311263772340705,0.4718779489542294,-0.0763888888888889,-0.08037037037037037,0.3566151944880762,0.18977416269032127,0.20575180537213686,0.9814246220866053,0.008288554551608984,0.003981481481481475,0.03670533691853313,0.6228410989030487,0.1181220988433807,0.11757953705424685,0.0,0.8974241953037706,0.6339466468540541,0.30234019627267705,0.25982284438809,0.37640508117851545,angry,05,08,08,female,normal,869
30,1.0010000000000001,True,1.0,0.7884304881503469,0.6971518194169497,0.7427911537836482,1.2699054630082658,-0.08462962962962967,-0.08537037037037037,0.35366805491537484,0.4608383864714127,0.2202068064974312,0.5849184647367829,0.09127866873339718,0.0007407407407407085,0.02707257569154352,0.2154836574871223,0.11266902971458474,0.12265954330686255,0.0,0.9999999987499999,0.6550209256905888,0.29217158477011795,0.2832222642376463,0.40092196977677,angry,05,08,08,female,normal,869
40,1.3346666666666667,True,1.0,0.5761466503323723,0.550662719144725,0.5634046847385487,0.9473140959490679,-0.08208333333333334,-0.08175925925925925,0.3765916740340496,0.35327626022667696,0.21807794692183338,0.5947390492211572,0.025483931187647357,0.0003240740740740877,0.021779160080437655,0.3191988528424486,0.1164936161882873,0.11839128100761866,0.0,0.9999999987499999,0.6236247088835535,0.3058712604823356,0.27164437252395346,0.3733721451679644,angry,05,08,08,female,normal,869
50,1.6683333333333334,True,1.0,0.5769843327230539,0.5696794383283108,0.5733318855256824,1.0358701988242456,-0.07972222222222225,-0.08305555555555566,0.3695808805102354,0.35231162414023814,0.20837764014534624,0.5534785016273633,0.007304894394743133,0.0033333333333334103,0.031060392539087812,0.29802622810882057,0.11650288247294296,0.11870359852007423,0.0,0.9999999987499999,0.6267353303977842,0.3034220040721599,0.2762557810653402,0.3874310972537255,angry,05,08,08,female,normal,869
60,2.0020000000000002,True,1.0,0.6412038739476034,0.5650352000341056,0.6031195369908544,0.6048909202886836,-0.0640277777777779,-0.06699074074074074,0.3828984719207132,0.10297186277830499,0.22108504626812003,0.9970715657345562,0.0761686739134978,0.002962962962962834,0.05643203594447972,0.4520175655616305,0.1157065774275417,0.1194799308079531,0.0,0.9999999987499999,0.5793063573867048,0.31390250037535516,0.2539513738880741,0.35002003194511155,angry,05,08,08,female,normal,869
70,2.3356666666666666,True,1.0,0.6847434020331186,0.6122916313692883,0.6485175167012034,0.9436483589919953,-0.06587962962962968,-0.0689351851851851,0.3233928397763826,0.292361831726201,0.21676840716496273,0.6872448942675526,0.07245177066383024,0.0030555555555554226,0.046342739345616876,0.3117273459316604,0.11574178091238353,0.11992338354075326,0.0,0.878667876439728,0.5870791347163865,0.3126258931440369,0.2524335858858898,0.3514733088582613,angry,05,08,08,female,normal,869
80,2.6693333333333333,True,1.0,0.6020923781395164,0.5615333279778784,0.5818128530586975,0.7585625053689742,-0.07856481481481487,-0.07444444444444437,0.35412004046707074,0.3410080314007481,0.20012994477259213,0.7669939509806071,0.04055905016163808,0.004120370370370496,0.023808398312020876,0.375687040601929,0.11137151181626492,0.12260191106163584,0.0,0.9999999987499999,0.6277512752210259,0.2998781020605776,0.24301084749842022,0.3570424741617932,angry,05,08,08,female,normal,869
90,3.003,True,1.0,0.5933118059836505,0.5915661383386365,0.5924389721611435,0.6921006913402549,-0.08032407407407405,-0.07694444444444448,0.3539545143527219,0.3150688599796312,0.19836178701052007,0.8560011275438605,0.0017456676450140485,0.003379629629629566,0.020185520501107015,0.4175589862674584,0.11562399572988113,0.1198781274150809,0.0,0.9999999987499999,0.6308983684880202,0.30166133839272574,0.258185987071656,0.3733299330428374,angry,05,08,08,female,normal,869
100,3.336666666666667,True,1.0,0.5385813265996368,0.5615485929111372,0.550064959755387,0.6421712593481776,-0.07912037037037045,-0.07648148148148148,0.35984974306508477,0.30554931042303674,0.19623186398861023,0.8565705047493387,0.022967266311500478,0.0026388888888889683,0.019271600867860755,0.430861182946953,0.118994046929598,0.11637004197683787,0.0,0.7343084181927616,0.6260382759510055,0.3043060807042937,0.2585331217389209,0.37601215740776417,angry,05,08,08,female,normal,869
0,0.0,True,1.0,0.6732859569655548,0.6159939449806819,0.6446399509731184,0.5090501772845506,-0.06518518518518523,-0.07087962962962957,0.34989278335808205,0.1767554870591146,0.21062541213279823,1.2663583665010205,0.05729201198487288,0.005694444444444335,0.04131838754024071,0.5299521304131167,0.12104721247751908,0.11456592041735256,0.0,0.8520851636569393,0.6276582276348041,0.30514209688753424,0.26310768702443915,0.37107007547344883,angry,05,08,08,female,normal,870
10,0.33366666666666667,True,1.0,0.7038707029900009,0.6591211116545191,0.68149590732226,0.5307822687590312,-0.06481481481481471,-0.06990740740740731,0.34592299093872936,0.17913747466278054,0.20993165821006407,1.2839462571264808,0.04474959133548173,0.005092592592592593,0.04519981498659302,0.5315071640391963,0.1215449096482244,0.11387057899356194,0.0,0.9088441428554788,0.5972273763020833,0.27703386518420553,0.27878764145099116,0.34058087721429653,angry,05,08,08,female,normal,870
20,0.6673333333333333,True,1.0,0.6885781308794375,0.6276351845749336,0.6581066577271856,0.5189665063606032,-0.06624999999999998,-0.06976851851851851,0.3563376271867948,0.16732941241245666,0.2098825904013784,1.268110079670346,0.06094294630450392,0.003518518518518532,0.04152902790763624,0.534887424892225,0.12250692783751618,0.11300367428257452,0.0,0.8691971694572228,0.6007913065538717,0.27683516200954206,0.280252326978634,0.34382279400142807,angry,05,08,08,female,normal,870
30,1.0010000000000001,True,1.0,0.7048610100394184,0.5986436069214112,0.6517523084804148,0.9314913623495574,-0.06754629629629622,-0.07101851851851854,0.35361511746812124,0.32966201215107854,0.22047169288624158,0.699686905132926,0.1062174031180072,0.003472222222222321,0.05961812562852889,0.3293114202632785,0.11615689675958635,0.11936184129152523,0.0,0.8588203253957211,0.5874785738201531,0.3170543932056745,0.2602114603585499,0.3685614738435784,angry,05,08,08,female,normal,870
40,1.3346666666666667,True,1.0,0.5823578490720791,0.541776550549056,0.5620671998105675,0.8850204302836681,-0.07152777777777769,-0.07606481481481492,0.36802861317543833,0.2893842743099919,0.21962828413406021,0.6350895194932539,0.04058129852302306,0.004537037037037228,0.04130794004855432,0.3346809821899436,0.1177553445228088,0.11778519710809042,0.0,0.9999999987499999,0.5862836664509553,0.31598785613419694,0.2633244020534069,0.3621403957448225,angry,05,08,08,female,normal,870
50,1.6683333333333334,True,1.0,0.6850712999700296,0.601209204589065,0.6431402522795473,0.9435820120793307,-0.06634259259259256,-0.06856481481481491,0.3939477711208666,0.22215769406451258,0.21478802939047703,0.6815944391121733,0.08386209538096456,0.0022222222222223476,0.0417051550104351,0.3181902466614033,0.11977569360190597,0.11589461157203167,0.0,0.9999999987499999,0.5818152336090686,0.3159148792411178,0.27424981412063626,0.38428621601962104,angry,05,08,08,female,normal,870
60,2.0020000000000002,True,1.0,0.5958186603775787,0.5248416333822538,0.5603301468799162,0.560218508029206,-0.061388888888888826,-0.06481481481481466,0.380770423658293,0.06985485052898054,0.2197168475647257,1.0001992773339512,0.07097702699532493,0.0034259259259258323,0.0415693973394681,0.5243954481988855,0.11917383072162419,0.1165134148513524,0.0,0.7615460393806487,0.5745203208705357,0.3149441959749802,0.2562502610097803,0.348142746655979,angry,05,08,08,female,normal,870
70,2.3356666666666666,True,1.0,0.7259259259259269,0.6448855879710291,0.6854057569484779,0.8953869589157644,-0.0635648148148148,-0.06962962962962971,0.33338610482124525,0.26599816491237266,0.21307367417163484,0.7654855256976767,0.08104033795489773,0.006064814814814912,0.06231741533163245,0.3222243920284292,0.11599097784092777,0.11968237476030111,0.0,0.788612026115786,0.5882275744672869,0.3147591722734425,0.2536807675082186,0.35275418191553437,angry,05,08,08,female,normal,870
80,2.6693333333333333,True,1.0,0.7199683859664153,0.6534314867056357,0.6866999363360256,0.6306787079564533,-0.06703703703703695,-0.07296296296296284,0.3495880263176918,0.2220233951246161,0.2048888428734659,1.0888268902577893,0.06653689926077966,0.00592592592592589,0.05866756860929486,0.4610151512306027,0.11802639560787301,0.11718888968786453,0.0,0.7383964240051224,0.6335895037858893,0.3024367973514481,0.2588814040675644,0.3699943573915234,angry,05,08,08,female,normal,870
90,3.003,True,1.0,0.7200737367730352,0.6296029520776946,0.6748383444253649,0.5919637708022136,-0.06500000000000011,-0.07097222222222221,0.34346162729097074,0.201435425117324,0.206783460204298,1.1399994015019566,0.09047078469534064,0.005972222222222101,0.06154775716334475,0.4970384655050997,0.1179073092836739,0.1174710019168513,0.0,0.9999999987499999,0.6313777356411314,0.3045648181350576,0.26193103121824113,0.37107609592990687,angry,05,08,08,female,normal,870
100,3.336666666666667,True,1.0,0.24066390961517417,0.22374113648108113,0.23220252304812766,0.601672008578952,-0.08337962962962958,-0.0911111111111112,0.34401035288483756,0.2074955717650477,0.20917372454246264,0.3859287447932819,0.016922773134093044,0.007731481481481617,0.05776240417399404,0.4803422122928013,0.11603080641076276,0.11948441649371998,0.0,0.9999999987499999,0.6316284176483093,0.3025686208331345,0.26165673807398926,0.3750268699529546,angry,05,08,08,female,normal,870
0,0.0,True,1.0,0.6055829611608711,0.5952881874155885,0.6004355742882298,0.4947488157836575,-0.06824074074074077,-0.07185185185185183,0.36536663393521635,0.17949193653849352,0.2084270622490702,1.2136170014619838,0.010294773745282537,0.003611111111111065,0.03498762973679424,0.5684790061758902,0.12197549084588839,0.1135770989343913,0.0,0.7016783545770281,0.6074430562068578,0.2757718139291484,0.27839450848558706,0.34441262281851565,angry,05,08,08,female,normal,871
10,0.33366666666666667,True,1.0,0.6259483341362219,0.576337594167993,0.6011429641521074,0.4914617858781402,-0.06740740740740742,-0.06953703703703712,0.3689328916945176,0.1708702790147821,0.20702737829043383,1.2231733604231094,0.049610739968228845,0.0021296296296297035,0.034721389807200735,0.5644450882421373,0.12279475239027268,0.11269084503646465,0.0,0.7374492651754175,0.6067422867506377,0.2751640825366785,0.2811835933114897,0.344951591784502,angry,05,08,08,female,normal,871
20,0.6673333333333333,True,1.0,0.6080148113396904,0.5789173880473489,0.5934660996935197,0.5507720992879634,-0.07305555555555565,-0.07712962962962966,0.36721853415488676,0.15601199388306194,0.20499550988788673,1.0775166361200048,0.02909742329234144,0.004074074074074008,0.036230917152989955,0.5036623885927615,0.11758475518301895,0.11779386750749515,0.0,0.9436478253559719,0.6362391855882977,0.30366593741156217,0.26185813254359136,0.37398767957391876,angry,05,08,08,female,normal,871
30,1.0010000000000001,True,1.0,0.6885809720599603,0.6294268331463512,0.6590039026031558,1.08227841777443,-0.06962962962962965,-0.07134259259259246,0.34753282852999906,0.36291475186071487,0.222965945682357,0.6089042262880144,0.0591541389136091,0.0017129629629628051,0.0490561803643521,0.2743854189825288,0.11677882474988314,0.11891376648291549,0.0,0.9163371699817858,0.5917952117409464,0.31456328995381244,0.2633083301063058,0.3696138157952635,angry,05,08,08,female,normal,871
40,1.3346666666666667,True,1.0,0.2062919780958652,0.20746194342011734,0.20687696075799128,0.9026741179164038,-0.08180555555555558,-0.08736111111111111,0.35689620800096034,0.2807314354029327,0.22085544307558078,0.2291823335264278,0.001169965324252148,0.005555555555555536,0.04483552106013741,0.35140294119023746,0.11795247374047459,0.11693789791960325,0.0,0.9644544205260647,0.5861786746729942,0.3129869718710537,0.26368090716002074,0.3631664819667386,angry,05,08,08,female,normal,871
50,1.6683333333333334,True,1.0,0.13212456817518792,0.11983291432516362,0.12597874125017577,1.0360905628835873,-0.08305555555555555,-0.0849537037037037,0.3896773958394854,0.21807057958834092,0.2104297193249413,0.12159047265092256,0.0122916538500243,0.0018981481481481488,0.03061957332502685,0.28977699018824415,0.1182938142833195,0.11708178071800278,0.0,0.9999999987499999,0.5760088505714787,0.317096638483698,0.27116250391719887,0.38317906299385485,angry,05,08,08,female,normal,871
60,2.0020000000000002,True,1.0,0.42831472125769454,0.39558830089299324,0.4119515110753439,0.7119106671979148,-0.06759259259259265,-0.0700925925925927,0.35824161853055164,0.1258516603996749,0.22097148292791324,0.5786561854688704,0.0327264203647013,0.0025000000000000577,0.04411716935271501,0.44890713608112914,0.12030475092701415,0.11534532792264456,0.0,0.9999999987499999,0.5281922592474491,0.282210602511199,0.25148289869297785,0.3125871135136534,angry,05,08,08,female,normal,871
70,2.3356666666666666,True,1.0,0.7936507936507942,0.6771014547085651,0.7353761241796797,1.0297969840775483,-0.06787037037037041,-0.07337962962962968,0.3261492334930755,0.3689308802087908,0.21062541213279823,0.7140981528882615,0.11654933894222907,0.005509259259259269,0.06701027043176018,0.2756029046276235,0.11621720680354082,0.1193031209316459,0.0,0.9999999987499999,0.593974897201068,0.31278166724450374,0.26016270000446867,0.36701484798048095,angry,05,08,08,female,normal,871
80,2.6693333333333333,True,1.0,0.6994132267900103,0.7093267423356997,0.704369984562855,0.72154129550651,-0.07157407407407412,-0.06754629629629633,0.35989804858247804,0.2761570224090423,0.20299437870417458,0.9762019013317859,0.009913515545689422,0.004027777777777797,0.018875033834453304,0.40887039127973873,0.11480571488441274,0.11986993748792862,0.0,0.7823572714598654,0.6294672082426721,0.3051297274772489,0.25682524195796164,0.3632892599917893,angry,05,08,08,female,normal,871
90,3.003,True,1.0,0.7093509006864076,0.714340898164042,0.7118458994252248,0.6792413780171886,-0.07583333333333336,-0.07245370370370374,0.3631315953686342,0.30167301757493126,0.20168567989361869,1.048001376923199,0.0049899974776344,0.0033796296296296213,0.029915478914258265,0.4270174323726223,0.11712667704105895,0.11857115709279274,0.0,0.9999999987499999,0.6347525847526511,0.30256272675652773,0.26165219279444285,0.3686152033722108,angry,05,08,08,female,normal,871
100,3.336666666666667,True,1.0,0.7172561183494701,0.7120436467941086,0.7146498825717893,0.6930753854797097,-0.0732870370370371,-0.07138888888888884,0.3491295592821861,0.2834382083486576,0.20089544301702017,1.0311286442197725,0.005212471555361531,0.0018981481481482598,0.024232261449376437,0.42234871004295044,0.11788424876088113,0.11765618434924757,0.0,0.9921576475663895,0.6375636825355143,0.30340238271637976,0.2655381277096393,0.3755624207686229,angry,05,08,08,female,normal,871
0,0.0,True,1.0,0.6739360194136154,0.6438636914586027,0.658899855436109,0.48550628679031566,-0.06680555555555562,-0.06879629629629619,0.36197633922791844,0.14393468282797126,0.2104688724428416,1.3571396980090598,0.03007232795501269,0.001990740740740571,0.027536051262857963,0.5801132034496173,0.12045964579362084,0.11518355570276792,0.0,0.9393843810134432,0.5984287557366698,0.2766155019833752,0.2691320666759006,0.3357220028006787,angry,05,08,08,female,strong,872
10,0.33366666666666667,True,1.0,0.566249065204911,0.5452554682052979,0.5557522667051045,0.48550628679031693,-0.07171296296296298,-0.07449074074074075,0.35889608019303704,0.17423672131807166,0.20696803789817347,1.144686035641647,0.020993596999613118,0.002777777777777768,0.029586228642421192,0.565176263344704,0.12117342236341691,0.11393185524395841,0.0,0.9999999987499999,0.6034015838757377,0.2750796970423349,0.2715900518204461,0.33822845399443496,angry,05,08,08,female,strong,872
20,0.6673333333333333,True,1.0,0.6346968239140671,0.5991777239635332,0.6169372739388002,0.47037696724074063,-0.06754629629629638,-0.06981481481481477,0.36556439958233977,0.17423672131807164,0.2035175873255552,1.3115805341358253,0.03551909995053393,0.002268518518518392,0.029911536142364584,0.5833547305858544,0.11964355029527347,0.11603102448082742,0.0,0.7991879687023674,0.6296475247755353,0.30555631158129093,0.2562205306075677,0.3685342268922175,angry,05,08,08,female,strong,872
30,1.0010000000000001,True,1.0,0.7643346805810664,0.7009899630335135,0.7326623218072899,0.9914556304058699,-0.07097222222222221,-0.07384259259259263,0.4474738296325231,0.3987659501727521,0.19452133353920625,0.7389764093702929,0.06334471754755289,0.002870370370370412,0.031187807620200687,0.2970550353565881,0.10774579332435068,0.12610271272165754,0.0,0.9999999987499999,0.6557491341536614,0.29457128817586975,0.25624019830294986,0.3931645608346053,angry,05,08,08,female,strong,872
40,1.3346666666666667,True,1.0,0.59673417264045,0.5967628972562009,0.5967485349483255,1.5952661383491142,-0.08291666666666658,-0.08467592592592588,0.31450069437708517,0.7107213054672827,0.19791705215148858,0.37407459520571273,2.8724615750874705e-05,0.0017592592592592937,0.023836110909829615,0.18979270870551274,0.11283240539890284,0.12235366020414086,0.0,0.8974159696592302,0.6184914122992946,0.31007228338517595,0.2639680222306406,0.37697528932604596,angry,05,08,08,female,strong,872
50,1.6683333333333334,True,1.0,0.6701921869365248,0.6368863831142992,0.653539285025412,1.1656989168962546,-0.07268518518518519,-0.07643518518518527,0.28241636497889,0.38193663802879607,0.2375822226093527,0.5606415821038084,0.03330580382222559,0.0037500000000000866,0.045530853928003795,0.2509542818173738,0.11523829147517044,0.11993165597226196,0.0,0.7339362830978294,0.5354468150385155,0.2872417392383826,0.22073529444300916,0.28104298647795795,angry,05,08,08,female,strong,872
60,2.0020000000000002,True,1.0,0.2484275697203787,0.2709763055431317,0.2597019376317552,0.8737266507391196,-0.08310185185185182,-0.09027777777777779,0.4308086573560666,0.2398467740825818,0.20768334385255344,0.2972347672032931,0.02254873582275299,0.0071759259259259744,0.028739391848257002,0.3249660203791783,0.11594278133440995,0.1197290659176192,0.0,0.7287384145596763,0.5750163483831032,0.31705229026019793,0.27439527820402865,0.3842201709344654,angry,05,08,08,female,strong,872
70,2.3356666666666666,True,1.0,0.3122320432281871,0.32858736335329397,0.32040970329074053,0.8071963795155013,-0.08532407407407405,-0.08643518518518523,0.3871615108029458,0.2643145515290005,0.21806115361267805,0.39694145244191775,0.016355320125106876,0.0011111111111111738,0.01911349725297966,0.3796407189310635,0.11563806668223232,0.11970550282909423,0.0,0.9999999987499999,0.5743877470988396,0.31891480578545667,0.26125078683517544,0.3571401568841012,angry,05,08,08,female,strong,872
80,2.6693333333333333,True,1.0,0.270195258321374,0.25719513763549895,0.26369519797843644,1.0829270328841798,-0.09861111111111115,-0.09296296296296302,0.33234603743730434,0.4198705727948114,0.20046675576268402,0.24350227667337113,0.013000120685875027,0.005648148148148124,0.040422787570995974,0.26385244838989597,0.11437875721724124,0.12043570038986753,0.0,0.9999999987499999,0.6222463367300044,0.308415479790627,0.2580187114491916,0.35382013866170803,angry,05,08,08,female,strong,872
90,3.003,True,1.0,0.6397348127508689,0.6523568002614812,0.646045806506175,0.8526522248256229,-0.0825925925925926,-0.07550925925925928,0.3491183261221023,0.402756427635595,0.1970875550417482,0.7576896977408331,0.012621987510612387,0.00708333333333333,0.057132681794315195,0.323345224118395,0.11365061190468925,0.12175061492426863,0.0,0.9999999987499999,0.6300030854607468,0.3012132662092531,0.2597740083635712,0.3631914639274865,angry,05,08,08,female,strong,872
100,3.336666666666667,True,1.0,0.37964015935097684,0.3350970365588621,0.3573685979549195,0.721557385684,-0.08921296296296288,-0.08282407407407416,0.3546351580988768,0.3301475515389208,0.19787143599421372,0.49527397965187775,0.04454312279211475,0.006388888888888722,0.0473570998740149,0.3949182048792514,0.11757839662738047,0.11796183479424334,0.0,0.735596640534783,0.6224697963873049,0.30207278109518326,0.2617599545044221,0.36649808361655956,angry,05,08,08,female,strong,872
110,3.6703333333333332,True,1.0,0.24278891441537542,0.25545586165099593,0.24912238803318568,0.7018343206480223,-0.09819444444444442,-0.09666666666666668,0.36510672412962103,0.3135855475235846,0.20224975864232014,0.35495897066299686,0.012666947235620507,0.001527777777777739,0.021195697484450448,0.4188829787234043,0.1176476370004546,0.11756912619705885,0.0,0.7579762258477613,0.6224970274203432,0.30562949282805046,0.26337250149614116,0.3684828311396926,angry,05,08,08,female,strong,872
0,0.0,True,1.0,0.6201780338892275,0.5932693608984202,0.6067236973938239,0.46690828322464334,-0.06175925925925935,-0.06013888888888885,0.35433344629622954,0.12047262920065313,0.21736146211172627,1.2994494190669803,0.026908672990807347,0.0016203703703704941,0.009059645055715606,0.6176765806483933,0.11967148805159782,0.11600220996519767,0.0,0.7282519628935756,0.5990255212319303,0.3097486139189796,0.25766949172676257,0.35104299504202036,angry,05,08,08,female,strong,873
10,0.33366666666666667,True,1.0,0.6334385947129199,0.6252345293890544,0.6293365620509872,0.45563011412841864,-0.061990740740740735,-0.06129629629629629,0.352446028443968,0.10631369329663073,0.21805695508330955,1.3812444404708721,0.008204065323865417,0.000694444444444442,0.010020420884332047,0.6383708648670534,0.1182543246587903,0.11663264007421152,0.0,0.8407403898712368,0.5972017436271384,0.31124079996705,0.2576582440821035,0.3539988225055972,angry,05,08,08,female,strong,873
20,0.6673333333333333,True,1.0,0.6504899379305682,0.6370128794755362,0.6437514087030523,0.6018117924477313,-0.06282407407407398,-0.06250000000000011,0.3500277862333612,0.1542946682611851,0.21391777955388394,1.0696889239819332,0.013477058455031998,0.0003240740740738657,0.0046287342539414154,0.49100344355991665,0.11857349223591059,0.11679853086816365,0.0,0.9999999987499999,0.6019359360853717,0.3074833420507904,0.2566666272581613,0.3536306525858941,angry,05,08,08,female,strong,873
30,1.0010000000000001,True,1.0,0.2921649431373037,0.368618488113259,0.33039171562528136,0.7532042980661338,-0.06754629629629638,-0.0791203703703704,0.4795105976193342,0.2181120727211895,0.18442506272132766,0.43864820802744797,0.0764535449759553,0.011574074074074014,0.03693931511026235,0.36094407107130266,0.1171657649392426,0.11853253264715694,0.0,0.7270575576367415,0.5672306538865546,0.3129032603415981,0.2078115055615563,0.29150108874832387,angry,05,08,08,female,strong,873
40,1.3346666666666667,True,1.0,0.7187560962621916,0.642414351886758,0.6805852240744747,1.094921777396473,-0.07231481481481483,-0.0759259259259259,0.35162764317163564,0.4137094837516898,0.2194945030149522,0.6215834209570513,0.07634174437543362,0.003611111111111065,0.03893753148955673,0.304821684163208,0.11513979415186042,0.1193896056547752,0.0,0.9999999987499999,0.5908986853725865,0.3092524410862521,0.2698915619077469,0.3708662221182654,angry,05,08,08,female,strong,873
50,1.6683333333333334,True,1.0,0.6919838399237513,0.6874272318060889,0.6897055358649201,1.0644729848289964,-0.06638888888888889,-0.07268518518518513,0.4218487473430022,0.40824231100582836,0.19876470665850138,0.6479314606332811,0.004556608117662453,0.006296296296296244,0.03229182595390264,0.3009358178848712,0.11935346749034091,0.11583702225383766,0.0,0.729191087283651,0.596537400671206,0.3057253430096246,0.2902616057416628,0.39661862811542237,angry,05,08,08,female,strong,873
60,2.0020000000000002,True,1.0,0.6682612253251918,0.5582299283055737,0.6132455768153828,1.1383847589786908,-0.06050925925925921,-0.0702314814814815,0.3982330795146094,0.1931787014269403,0.21630873281955304,0.5386979858774287,0.11003129701961811,0.009722222222222299,0.08269492172291797,0.25210439087332276,0.11217685872635064,0.12326447231265145,0.0,0.9999999987499999,0.5712154584958984,0.3098342763029977,0.24769883430526027,0.3266523068744533,angry,05,08,08,female,strong,873
70,2.3356666666666666,True,1.0,0.8402977300905399,0.7798307509161134,0.8100642405033267,1.5307978692394038,-0.07148148148148153,-0.07203703703703707,0.279335609610101,0.5225148038417777,0.22291974692429875,0.529177794652809,0.06046697917442645,0.0005555555555555314,0.016904929385572712,0.1787028395733888,0.11444867058886865,0.12052743994148739,0.0,0.9999999987499999,0.593282587722589,0.3076642463354645,0.26882728247735244,0.3534896676281512,angry,05,08,08,female,strong,873
80,2.6693333333333333,True,1.0,0.7793784790846685,0.7409002163178336,0.760139347701251,1.0342990919275423,-0.07412037037037056,-0.07236111111111126,0.35376863761425814,0.3787098762933777,0.21945000707172665,0.7349318525308175,0.03847826276683486,0.0017592592592592937,0.002767885490349974,0.3092609010066818,0.11985815711103096,0.11547983394574966,0.0,0.8382103518610861,0.5980011081932772,0.3020953568954293,0.2762712893636077,0.36388402126015856,angry,05,08,08,female,strong,873
90,3.003,True,1.0,0.7375247632374605,0.7076980874929951,0.7226114253652278,0.6850050492293396,-0.0662962962962963,-0.06699074074074074,0.35564646879960043,0.21127083086077142,0.2215291553694975,1.054899414505334,0.029826675744465403,0.000694444444444442,0.007239183071940663,0.4432030574582329,0.11964045973496168,0.11603421117727676,0.0,0.8353162598160351,0.5903884788212159,0.30571824522171037,0.25877044479059974,0.349436440151229,angry,05,08,08,female,strong,873
100,3.336666666666667,True,1.0,0.64338609098861,0.6378261815147778,0.6406061362516939,0.690467261275912,-0.06148148148148147,-0.06106481481481485,0.3590692119959198,0.15425332432759684,0.22152915536949758,0.9277864023095319,0.005559909473832225,0.0004166666666666208,0.004725658195339009,0.4308510638297866,0.11745302589116952,0.11760165257047404,0.0,0.9999999987499999,0.5773770080922994,0.3100327897654588,0.25599918719912623,0.3432598720766129,angry,05,08,08,female,strong,873
110,3.6703333333333332,True,1.0,0.6244010663346908,0.578125899568013,0.6012634829513519,0.572504708097929,-0.05814814814814817,-0.057222222222222174,0.34760494209885767,0.0903954802259884,0.22222359550899454,1.0502332547604196,0.04627516676667787,0.0009259259259259967,0.013934994935358146,0.518760012251941,0.12203581816345628,0.11334431131283032,0.0,0.8911709806711271,0.5740183182335434,0.30944326119433185,0.2551816909584554,0.3380377274806303,angry,05,08,08,female,strong,873
0,0.0,True,1.0,0.5827744453615724,0.5970776124991822,0.5899260289303774,0.4918157259389913,-0.06013888888888891,-0.06129629629629624,0.34690289357522563,0.11105516392170842,0.2097254962679616,1.1994859005455154,0.014303167137609818,0.0011574074074073293,0.0052500986000233235,0.5634242031776098,0.1224559538751045,0.11305890999749901,0.0,0.8076211182842516,0.592814248339961,0.2796123881282629,0.27023323929980714,0.3430448789151946,angry,05,08,08,female,strong,874
10,0.33366666666666667,True,1.0,0.6225011433076058,0.6025757314133658,0.6125384373604859,0.4676088772328887,-0.06152777777777779,-0.0623611111111112,0.3541878296487211,0.12469570059543757,0.20972549626796166,1.3099375721548079,0.01992541189423991,0.0008333333333334081,0.005489088476658032,0.5999999999999994,0.12084047723775365,0.11478395719765411,0.0,0.9711341662637565,0.5930674414844063,0.27899179893410614,0.2658465418890905,0.34103066327566384,angry,05,08,08,female,strong,874
20,0.6673333333333333,True,1.0,0.5781055112854593,0.5922475272494155,0.5851765192674374,0.880880880880882,-0.062037037037037,-0.06365740740740744,0.34360641323388746,0.22422422422422483,0.20835127689653934,0.6643083440320104,0.014142015963956256,0.0016203703703704386,0.002757168119471602,0.3477272727272723,0.12039041533162312,0.11525591379723568,0.0,0.9999999987499999,0.5889235235969388,0.28060557747364756,0.2669219778709913,0.3400607245032004,angry,05,08,08,female,strong,874
30,1.0010000000000001,True,1.0,0.27447140460424385,0.28092868781876185,0.27770004621150285,1.1065912244763276,-0.07611111111111113,-0.08296296296296302,0.3447219478032773,0.393676189510194,0.2200865973919414,0.2509508841830179,0.006457283214517995,0.006851851851851887,0.05432176898009372,0.30983446034883605,0.11263052843119752,0.12285007868861648,0.0,0.9999999987499999,0.5697012179871949,0.31494556828686104,0.2233013841465464,0.3144245988451451,angry,05,08,08,female,strong,874
40,1.3346666666666667,True,1.0,0.6556719414138623,0.6247372840408437,0.6402046127273531,0.8564077097950149,-0.06481481481481471,-0.06685185185185194,0.38844373798524356,0.2070591113903377,0.22573534368337633,0.7475465311733228,0.030934657373018593,0.002037037037037226,0.02051108214391311,0.34490810050166953,0.11707211121749171,0.1186250333790154,0.0,0.7789821457952699,0.5853235782516133,0.3148463195474431,0.2607913259068025,0.35731896317978684,angry,05,08,08,female,strong,874
50,1.6683333333333334,True,1.0,0.685930747949583,0.6238707189695878,0.6549007334595853,0.9279689669837278,-0.06291666666666673,-0.06842592592592583,0.4140124931851902,0.2731762020202413,0.203622150986329,0.7057355975903763,0.062060028979995185,0.005509259259259103,0.03393174479746689,0.316959870755868,0.117640170733962,0.11790022922364847,0.0,0.7878247174253463,0.5752942080504075,0.31363499352186497,0.27884028293154967,0.37837620297193386,angry,05,08,08,female,strong,874
60,2.0020000000000002,True,1.0,0.6453407358224441,0.5894042631315495,0.6173724994769968,0.7470631456258832,-0.05328703703703708,-0.05814814814814806,0.3902118857246118,0.18313076430577183,0.20576923250270704,0.8263993520383974,0.055936472690894634,0.004861111111110983,0.03654200729919958,0.3919333440065874,0.11919061610458041,0.11616870020202252,0.0,0.9146678457102542,0.5644629752369698,0.31758420355306954,0.262976707368238,0.34193102478592474,angry,05,08,08,female,strong,874
70,2.3356666666666666,True,1.0,0.7456431086652047,0.6300036386536993,0.687823373659452,1.0706020049374012,-0.05921296296296291,-0.061851851851851936,0.3185518571728847,0.2753348118467562,0.2121294945682001,0.6424641187736889,0.11563947001150532,0.002638888888889024,0.045137011477754826,0.2844272778839865,0.11551685525797772,0.11982247712657215,0.0,0.9999999987499999,0.5919827509910214,0.31318138035588305,0.25550764843676005,0.3528640011557663,angry,05,08,08,female,strong,874
80,2.6693333333333333,True,1.0,0.7009021062643632,0.5919192310767046,0.646410668670534,0.6819692109277022,-0.05574074074074076,-0.059398148148148144,0.3472791616388045,0.14356805892825855,0.2141886626461333,0.9478590210710583,0.10898287518765859,0.003657407407407387,0.05018929832232176,0.4413107708455933,0.11794582852908875,0.11726997680030643,0.0,0.9409686108412909,0.5897261982371073,0.3091036841822404,0.2516194895570447,0.34552184786434614,angry,05,08,08,female,strong,874
90,3.003,True,1.0,0.6769474169487355,0.5679684960434056,0.6224579564960706,0.6149502026880459,-0.05564814814814811,-0.059305555555555445,0.35414877037602255,0.11958580477367038,0.21356057955993493,1.0122087183241946,0.1089789209053299,0.0036574074074073315,0.05005547322528398,0.4749502329917658,0.1192910994493428,0.11639334758231794,0.0,0.9593576170099248,0.5934434403136255,0.31028218966000515,0.25199128494165224,0.3508308292646284,angry,05,08,08,female,strong,874
100,3.336666666666667,True,1.0,0.6490874753204724,0.5489328675058043,0.5990101714131384,0.6367679327912492,-0.05425925925925912,-0.05833333333333324,0.3531860117241151,0.1133432044170464,0.21349519329013228,0.9407040470574561,0.10015460781466812,0.004074074074074119,0.04761085698006718,0.4594443480019007,0.11766252807794232,0.11722963583170196,0.0,0.9441230786735489,0.5921526817367572,0.31055252861720234,0.25026721018342235,0.35012288208369774,angry,05,08,08,female,strong,874
0,0.0,True,1.0,0.6414525015684887,0.6197741419193119,0.6306133217439003,0.5392609972446635,-0.061342592592592615,-0.06217592592592602,0.3391142154881958,0.14257006466125882,0.21253590000059402,1.1694028030322952,0.02167835964917675,0.0008333333333334081,0.016699954317192237,0.5625759199286045,0.12051307925352911,0.11512764871288357,0.0,0.9999999987499999,0.6066851816351541,0.306321972465117,0.2564125707389441,0.3639163731522048,angry,05,08,08,female,strong,875
10,0.33366666666666667,True,1.0,0.6416749424144776,0.6157598399170227,0.6287173911657502,0.46687412814023355,-0.062453703703703733,-0.06444444444444453,0.35644909469618163,0.14298020899515165,0.21251759175804866,1.3466528840872165,0.02591510249745499,0.001990740740740793,0.02328038640299764,0.6354810472413301,0.11948454387838192,0.11586636115851776,0.0,0.9999999987499999,0.6073352394082633,0.3093478763217504,0.25557464834797533,0.3627308965643999,angry,05,08,08,female,strong,875
20,0.6673333333333333,True,1.0,0.6756890713509742,0.64812598337463,0.6619075273628021,0.5354804824385051,-0.061759259259259236,-0.06347222222222215,0.34137679090623296,0.14929300237575732,0.2125229766989913,1.2361001923890214,0.027563087976344214,0.0017129629629629162,0.022560926524339414,0.544764335363591,0.11909224362637595,0.11659680646206323,0.0,0.8682510567105314,0.6034495097257653,0.31107628228716466,0.251915402247132,0.3602113456673672,angry,05,08,08,female,strong,875
30,1.0010000000000001,True,1.0,0.6474271374757655,0.5641634067305425,0.6057952721031541,1.014061287667192,-0.05824074074074059,-0.06162037037037027,0.3750210123005774,0.354431305265632,0.21192393734637358,0.5973951273662781,0.08326373074522297,0.003379629629629677,0.035832692609302,0.3449427296067202,0.11804527074281945,0.11765666927343486,0.0,0.7748452735495016,0.5542236748527536,0.3187093011909458,0.23146749765485433,0.32403166832280206,angry,05,08,08,female,strong,875
40,1.3346666666666667,True,1.0,0.6495879147941601,0.6113915076730377,0.630489711233599,0.8660941149621876,-0.06856481481481475,-0.06893518518518515,0.3854321901989406,0.2722997265238555,0.21250574440765127,0.7279690513324009,0.03819640712112238,0.00037037037037040976,0.012107803326238141,0.3536996580939843,0.11546798645870869,0.12018702871727911,0.0,0.99483742590989,0.6203164562856393,0.305910967652099,0.26514614968081845,0.36590706350972696,angry,05,08,08,female,strong,875
50,1.6683333333333334,True,1.0,0.37506845384460064,0.3575516923183909,0.36631007308149577,0.8138680549020797,-0.0804166666666668,-0.08305555555555555,0.4089463002387889,0.15337546411705866,0.20849476980860543,0.4500853312464368,0.017516761526209734,0.0026388888888887463,0.011139613058472692,0.37016517145445105,0.11452200566726936,0.12108876077757351,0.0,0.7071067807446058,0.5807646067880278,0.3165963433393434,0.25876496624239403,0.37024070087900895,angry,05,08,08,female,strong,875
60,2.0020000000000002,True,1.0,0.17855731866653493,0.18127125436773345,0.1799142865171342,0.7945343248446379,-0.07611111111111113,-0.07972222222222225,0.3877775597096206,0.10958578784823375,0.2146743334552234,0.22643991693161195,0.0027139357011985166,0.0036111111111111205,0.01257787957312178,0.3894422717720378,0.11316820573021338,0.12173051872842282,0.0,0.784077160664246,0.5499395454744398,0.31921085788150755,0.23126851630598327,0.3135813712017562,angry,05,08,08,female,strong,875
70,2.3356666666666666,True,1.0,0.8029073508797598,0.7286184907944768,0.7657629208371184,1.185875309551013,-0.06310185185185185,-0.06624999999999998,0.3015249258932894,0.40088549314964944,0.20904091715924558,0.6457364570032625,0.07428886008528301,0.003148148148148122,0.025533241189388045,0.2402085802377751,0.12030864567949379,0.1151759679651624,0.0,0.7124638149401565,0.5909963616774836,0.3084575315772333,0.2626442587239122,0.36060483131565546,angry,05,08,08,female,strong,875
80,2.6693333333333333,True,1.0,0.715066605849713,0.6595003411103461,0.6872834734800295,0.8336981925282171,-0.052361111111111136,-0.0562037037037037,0.3494296697711697,0.2499918175433197,0.20627367288386567,0.824379229365749,0.05556626473936699,0.003842592592592564,0.014153957444145552,0.3684570914379505,0.11998535827939588,0.11567753268402996,0.0,0.9999999987499999,0.5890486599327232,0.30990187207098885,0.2620794642919452,0.36109818871296473,angry,05,08,08,female,strong,875
90,3.003,True,1.0,0.7244624253386309,0.6727272519766411,0.6985948386576359,0.6769498050601309,-0.05356481481481473,-0.05699074074074073,0.3521644887437936,0.1955021921253548,0.203509714768391,1.0319743553151366,0.05173517336198985,0.003425925925925999,0.013218377277804384,0.4498594408836546,0.11886504099244381,0.11617428290607619,0.0,0.9999999987499999,0.586159549046181,0.3115826716511932,0.2563050571946696,0.3567546237069556,angry,05,08,08,female,strong,875
100,3.336666666666667,True,1.0,0.7322736866163677,0.7021275056188065,0.7172005961175871,0.67992392035044,-0.05638888888888888,-0.05884259259259261,0.3440813294643955,0.2008701990937673,0.2048614835286751,1.0548247747305821,0.030146180997561167,0.0024537037037037357,0.012889545777508818,0.4218405300807861,0.1245877981658085,0.11070527682962004,0.0,0.9999999987499999,0.5667685763446004,0.2776813451501316,0.2744926284265462,0.32812735943126875,angry,05,08,08,female,strong,875
0,0.0,True,1.0,0.6942514368801076,0.7241660607973253,0.7092087488387164,0.5300642824994398,-0.07268518518518519,-0.06842592592592595,0.3595397617934503,0.1543010069738217,0.21291463454061232,1.3379674357505231,0.029914623917217664,0.00425925925925924,0.034037316631956055,0.5264335396809489,0.11870607027319267,0.11698994251385916,0.0,0.851174983999132,0.6100365414525185,0.3059423276846329,0.2629610237771279,0.35097220022022485,fearful,06,08,08,female,normal,876
10,0.33366666666666667,True,1.0,0.7079011544442092,0.7675455134177709,0.7377233339309901,0.498443492452659,-0.07273148148148145,-0.0702314814814815,0.38239871491423755,0.1173305271779491,0.21571147806955918,1.480054098611905,0.059644358973561684,0.0024999999999999467,0.03617790392113027,0.5410963152092854,0.11871218795937666,0.11649413013707459,0.0,0.7453736358331721,0.6110945181666416,0.30512548737603873,0.26615317899556395,0.3523722698512273,fearful,06,08,08,female,normal,876
20,0.6673333333333333,True,1.0,0.7062745796996126,0.7623300683632476,0.7343023240314301,0.7872969108165282,-0.07842592592592584,-0.07870370370370355,0.38994756646413065,0.18981415059132448,0.2170047958164406,0.9326879274426012,0.05605548866363497,0.0002777777777777102,0.03018095188727595,0.35546648395359176,0.11947676098429683,0.11620275966631687,0.0,0.6863631499494708,0.6157483169986745,0.3032174472338642,0.26934748233697886,0.3578687975737722,fearful,06,08,08,female,normal,876
30,1.0010000000000001,True,1.0,0.6830378206041856,0.7336682209805878,0.7083530207923867,0.6476875798267583,-0.07763888888888887,-0.07856481481481498,0.40651348937533277,0.1036037913808137,0.22459142608101057,1.0936646661988718,0.05063040037640221,0.0009259259259261077,0.028745609949581582,0.4016931357749837,0.11891599390609814,0.1167765565628407,0.0,0.819957102473491,0.6123646361669668,0.30504838080111146,0.2766035250557803,0.3621872889732972,fearful,06,08,08,female,normal,876
40,1.3346666666666667,True,1.0,0.6401588222743967,0.7219975996825939,0.6810782109784953,0.6228773654855624,-0.07833333333333342,-0.08074074074074067,0.4059520197631441,0.11924023526209557,0.23145610800244742,1.093438690692449,0.08183877740819723,0.002407407407407247,0.025228196984314347,0.45911316996211693,0.1171194613161122,0.11857828447926207,0.0,0.7664806947029734,0.6148077073485643,0.30755925149974556,0.28511391222059845,0.37524494250765045,fearful,06,08,08,female,normal,876
50,1.6683333333333334,True,1.0,0.6530230244012145,0.7414343312919083,0.6972286778465614,0.6371478089232943,-0.0788888888888889,-0.08203703703703713,0.42556020652302373,0.11850433499699656,0.2265374588718415,1.0942965950472259,0.08841130689069376,0.003148148148148233,0.020032738832528877,0.42574620986001105,0.11861255467744225,0.11675886153493484,0.0,0.9999999987499999,0.6160537273503152,0.3039983962926754,0.2835033873288418,0.3673653850722917,fearful,06,08,08,female,normal,876
60,2.0020000000000002,True,1.0,0.7393149203719169,0.7297395847021086,0.7345272525370128,0.7195361716736647,-0.08717592592592593,-0.08703703703703697,0.4165573446240433,0.19911715749269418,0.23432099750804966,1.0208343672681226,0.009575335669808283,0.0001388888888889661,0.01232293134309623,0.37541719204476437,0.11582058443409864,0.11952891740071897,0.0,0.9999999987499999,0.616029852034564,0.3037659950533675,0.2709030146691764,0.3687071520293503,fearful,06,08,08,female,normal,876
70,2.3356666666666666,True,1.0,0.7051198358832833,0.6704608905129904,0.6877903631981368,0.5500918251284945,-0.08217592592592599,-0.08425925925925914,0.4101898200674213,0.07857749959398162,0.24241430554430568,1.250319186323988,0.034658945370292904,0.0020833333333331594,0.01491137802874317,0.5111056722685848,0.11748544712834379,0.11821568204853616,0.0,0.7071067807446058,0.592315077163678,0.3110059120788573,0.264914002943185,0.3557811818413536,fearful,06,08,08,female,normal,876
80,2.6693333333333333,True,1.0,0.6273929642568646,0.6496804099934881,0.6385366871251763,0.7360897997516211,-0.07745370370370375,-0.07828703703703699,0.3782804946874902,0.13444648358545663,0.24172001392374073,0.8674711799302718,0.022287445736623446,0.0008333333333332416,0.0004194281636248418,0.3828865534041941,0.11904558613196868,0.11582489565693575,0.0,0.7071067807446058,0.5848701198760754,0.31139051062105305,0.2680393452016724,0.35066340724787926,fearful,06,08,08,female,normal,876
90,3.003,True,1.0,0.6689506432691229,0.6834982100752063,0.6762244266721646,0.5445834642782416,-0.07930555555555563,-0.0817592592592592,0.4066321839180584,0.03888487192639079,0.2369099187846254,1.2417277993711986,0.014547566806083378,0.002453703703703569,0.004837243283304477,0.5004777451523841,0.11480348372880979,0.12082192637039116,0.0,0.9999999987499999,0.5905363753548295,0.30966640134509893,0.26228155432836353,0.3506574138379276,fearful,06,08,08,female,normal,876
100,3.336666666666667,True,1.0,0.694328402662201,0.7286930612972456,0.7115107319797234,0.5449323322940435,-0.08175925925925925,-0.08356481481481487,0.4003890074147873,0.07299085171577056,0.2348054175374544,1.3056863940967165,0.034364658635044676,0.0018055555555556158,0.008094466427487937,0.498542933858582,0.11776606886061017,0.11793613014789665,0.0,0.9999999987499999,0.6121135284817052,0.3048772662201122,0.27668517281490834,0.35711656329945657,fearful,06,08,08,female,normal,876
110,3.6703333333333332,True,1.0,0.680853701367656,0.7137247654477474,0.6972892334077017,0.5329336052514202,-0.08152777777777775,-0.0825925925925926,0.3898008923319602,0.09556533152865952,0.23205099393280887,1.3083979440154538,0.03287106408009144,0.0010648148148148517,0.014593465086467293,0.5244071737104349,0.1188042652220887,0.11640022547900677,0.0,0.7071067807446058,0.5918577150782187,0.30974784143970974,0.26233847734356325,0.35554429699034446,fearful,06,08,08,female,normal,876
0,0.0,True,1.0,0.7688276871900867,0.7316415915258291,0.7502346393579579,0.5299759684671157,-0.07810185185185192,-0.07731481481481478,0.37837606938742285,0.16472226046950858,0.21736427009624287,1.4156012423127615,0.03718609566425757,0.0007870370370371416,0.0002560894503949812,0.5016891891891906,0.1190598060003549,0.11662992911116558,0.0,0.7613319744771714,0.6259586579475541,0.30302240110603895,0.2710870269643726,0.36781124492459366,fearful,06,08,08,female,normal,877
10,0.33366666666666667,True,1.0,0.7459315477953103,0.7050708981971577,0.7255012229962341,0.5212164315132541,-0.07870370370370355,-0.07814814814814824,0.38124841808352644,0.15495623639583278,0.21806115361267805,1.3919385098621648,0.04086064959815261,0.0005555555555553093,0.006956216218387275,0.5175979985408554,0.11942129547501253,0.11625976069238189,0.0,0.9999999987499999,0.6237126033616572,0.30404005839583564,0.2738543750386279,0.37009617875317263,fearful,06,08,08,female,normal,877
20,0.6673333333333333,True,1.0,0.7262668183672724,0.7230453721139949,0.7246560952406336,0.779434517181209,-0.08472222222222231,-0.08675925925925926,0.4049798195339051,0.17833708132500742,0.22504882282795885,0.9297203026898536,0.0032214462532774712,0.0020370370370369484,0.004653750307030543,0.33538859757748696,0.1162167625222466,0.11898373853238853,0.0,0.9999999987499999,0.6203928271699305,0.3058214006228983,0.27698714098115695,0.37487899290342375,fearful,06,08,08,female,normal,877
30,1.0010000000000001,True,1.0,0.703700925011404,0.6768968230020388,0.6902988740067214,0.6417520232263687,-0.08453703703703702,-0.08680555555555552,0.4254869938187338,0.069208551524412,0.23408286593666042,1.075647366931991,0.026804102009365227,0.002268518518518503,0.0024015485915945298,0.4099681424640787,0.11735471753542293,0.11834546058518604,0.0,0.7907088361532536,0.6133131821244122,0.30912281817540943,0.2899507598535066,0.38234572722182175,fearful,06,08,08,female,normal,877
40,1.3346666666666667,True,1.0,0.5949868272074078,0.5802954938590134,0.5876411605332106,0.6014356072322101,-0.08328703703703699,-0.08842592592592591,0.40965005967916096,0.058818504336631494,0.24933615626283867,0.9770641336609895,0.014691333348394453,0.005138888888888915,0.005602270892061422,0.4523104041159404,0.11739685451570574,0.11814250873955226,0.0,0.9999999987499999,0.5957964583724115,0.3127426839164789,0.28173720086214515,0.37501185646259905,fearful,06,08,08,female,normal,877
50,1.6683333333333334,True,1.0,0.6344132987201272,0.6393662963247527,0.6368897975224399,0.5821462345026014,-0.0813888888888889,-0.08708333333333318,0.4297375128213536,0.006192601564948199,0.24237653555089234,1.0940374767975827,0.004952997604625531,0.00569444444444428,0.007311990548322636,0.44736380513356955,0.11607540083870238,0.11944109486013123,0.0,0.7166037263880655,0.5920467119504053,0.3108298382498725,0.27169043709579715,0.36165961208636016,fearful,06,08,08,female,normal,877
60,2.0020000000000002,True,1.0,0.5785494127148659,0.6108502000980692,0.5946998064064676,0.6757072702003878,-0.08032407407407405,-0.08634259259259247,0.4017109256744911,0.0662417818388671,0.24378787015511177,0.8801145594158005,0.0323007873832033,0.006018518518518423,0.0009019318945426998,0.4209226996057498,0.11629163823195253,0.11923056948086834,0.0,0.9999999987499999,0.5900945130005127,0.3100546388685233,0.27184983816447444,0.3569950927562156,fearful,06,08,08,female,normal,877
70,2.3356666666666666,True,1.0,0.5912223912863104,0.5941830496202035,0.5927027204532569,0.9508451408725043,-0.07768518518518536,-0.08199074074074075,0.3372742046720872,0.24939140119087408,0.24312617169241646,0.6233430607947236,0.0029606583338931403,0.004305555555555396,0.00669480945213172,0.30429034166631524,0.11759708936851664,0.11794319986198892,0.0,0.8975314916629211,0.5944201886379551,0.3106815131978594,0.27800150852951155,0.3586366836729732,fearful,06,08,08,female,normal,877
80,2.6693333333333333,True,1.0,0.6060595442992036,0.6400966079026202,0.6230780761009119,0.7364354002549643,-0.0806944444444444,-0.08671296296296305,0.363167789474662,0.2093786922293531,0.23961517564664717,0.846072956141426,0.03403706360341663,0.006018518518518645,0.001401682413936537,0.3975426729988325,0.1158723611858065,0.1194787252469134,0.0,0.9402092628543319,0.5945786663806149,0.3092640143878052,0.27194551200151335,0.36696597039487017,fearful,06,08,08,female,normal,877
90,3.003,True,1.0,0.6220649148694877,0.6413637418861795,0.6317143283778336,0.7773985524214795,-0.07791666666666669,-0.08300925925925917,0.3615678625489935,0.2053389966324393,0.23753886657716805,0.8126003404690406,0.019298827016691833,0.005092592592592482,0.006575914379724961,0.4050406481834819,0.11677439988024421,0.11875779281334539,0.0,0.7785199428351409,0.5974070536730318,0.31146775863247567,0.2717176048459542,0.3608721215539132,fearful,06,08,08,female,normal,877
100,3.336666666666667,True,1.0,0.6682709987283232,0.6607445206992418,0.6645077597137825,0.729058237906391,-0.07782407407407416,-0.0820833333333334,0.3503817126329854,0.19743971612231412,0.2333493545118243,0.9114604638746341,0.0075264780290813516,0.00425925925925924,0.002853859469649901,0.3989543974578599,0.11879678093312877,0.11689782978681965,0.0,0.8070492687914302,0.5959727821831858,0.3122208564564172,0.27163310092489484,0.3639784610880447,fearful,06,08,08,female,normal,877
0,0.0,True,1.0,0.6268340063678967,0.6137431848252668,0.6202885955965818,0.5331894160303212,-0.0742592592592593,-0.07587962962962957,0.3951922387659036,0.05468040679772363,0.22987737428436747,1.163355042218819,0.01309082154262986,0.001620370370370272,0.010340372161074193,0.49033361717508284,0.120089118998813,0.11556981122868899,0.0,0.9999999987499999,0.5816446177142731,0.27744424507307935,0.28109540977592823,0.34305199539739745,fearful,06,08,08,female,normal,878
10,0.33366666666666667,True,1.0,0.6619634408651597,0.6516323221215073,0.6567978814933335,0.6511596906968665,-0.07958333333333323,-0.08263888888888876,0.39591614178557044,0.09496078822662712,0.2326654513300104,1.0086586913732836,0.010331118743652334,0.0030555555555555336,0.006837162933340473,0.4340939619677296,0.1181519157401444,0.11738738700756662,0.0,0.9999999987499999,0.6050657206554496,0.309527216704134,0.2681122111466432,0.36979132715938734,fearful,06,08,08,female,normal,878
20,0.6673333333333333,True,1.0,0.6714999441503062,0.681436862106568,0.6764684031284371,0.7022851742151087,-0.08291666666666664,-0.08624999999999994,0.38992046082981735,0.13080987043685557,0.23195628569345658,0.9632389063096412,0.009936917956261726,0.0033333333333332993,0.005222062808099934,0.3989664349034993,0.11495493003860638,0.12036167967134379,0.0,0.9999999987499999,0.6226699871745575,0.30483705779343157,0.2754286944598767,0.36782275282133636,fearful,06,08,08,female,normal,878
30,1.0010000000000001,True,1.0,0.6044554328017654,0.6505025949943304,0.6274790138980479,0.5962383857790207,-0.08476851851851847,-0.08458333333333323,0.3974590520263458,0.08130523442441161,0.2458485399273675,1.052396204042129,0.046047162192564994,0.00018518518518523264,0.022179980451837358,0.4863267960771287,0.11566777857741807,0.11999476141916811,0.0,0.7071067807446058,0.5926664258906689,0.31340372566636077,0.268990482065028,0.37161026143113435,fearful,06,08,08,female,normal,878
40,1.3346666666666667,True,1.0,0.598493946346393,0.6077248097101279,0.6031093780282604,0.5798431633979166,-0.08129629629629631,-0.08370370370370372,0.41608971024328056,0.0064406894144799385,0.24796097730764233,1.0401250132777324,0.009230863363734909,0.0024074074074074137,0.0157812431301455,0.4998438232040605,0.11712644435923154,0.11841059856781345,0.0,0.8547644553644415,0.5951854131027411,0.3138002629183239,0.28255335930480124,0.3691728395930058,fearful,06,08,08,female,normal,878
50,1.6683333333333334,True,1.0,0.6075558099355143,0.5876160479942864,0.5975859289649004,0.705902500339078,-0.07870370370370378,-0.08194444444444449,0.4361054413222171,0.05475799771155285,0.24861602115340684,0.8465559035105442,0.01993976194122793,0.0032407407407407107,0.0012253169359762908,0.370074586384164,0.11561671682612705,0.11924777910485122,0.0,0.7182990997041189,0.5933460543201656,0.3130204538050637,0.28320917525486006,0.38032136657345583,fearful,06,08,08,female,normal,878
60,2.0020000000000002,True,1.0,0.5841461638935194,0.5981052261806262,0.5911256950370728,0.5359477124183011,-0.07800925925925928,-0.08120370370370356,0.4084025884232756,0.0,0.2506956617631648,1.1029540407399032,0.01395906228710686,0.0031944444444442777,0.0007226577515868596,0.4801829268292681,0.1186735876503444,0.1166968271555375,0.0,0.7585004292726669,0.5460268249721764,0.28276826159573,0.2888199079468466,0.3360764594919238,fearful,06,08,08,female,normal,878
70,2.3356666666666666,True,1.0,0.5206436744472119,0.4803479206179856,0.5004957975325988,0.6355138858003188,-0.06921296296296298,-0.07453703703703707,0.3642047980256406,0.007387168551531152,0.24652808725161512,0.7875450225643956,0.040295753829226344,0.005324074074074092,0.009200281063987348,0.4582822622419763,0.11687754336983658,0.11865628376585036,0.0,0.9999999987499999,0.5841251283794768,0.3153533785788002,0.2758878141412643,0.3545810126024567,fearful,06,08,08,female,normal,878
80,2.6693333333333333,True,1.0,0.574171328517912,0.5987832626195534,0.5864772955687327,0.7455633301619159,-0.07662037037037034,-0.08134259259259252,0.37347255908196586,0.11469534050179173,0.24652901567079663,0.786623043063781,0.02461193410164142,0.004722222222222183,0.0014559702444905528,0.4110336446357585,0.11538709752815011,0.11978849548325521,0.0,0.719825279337417,0.5897772332839386,0.31365063266182636,0.27421590654779643,0.35520419582751106,fearful,06,08,08,female,normal,878
90,3.003,True,1.0,0.5970171861942052,0.5916354105015479,0.5943262983478765,0.7051866597910411,-0.07870370370370372,-0.08328703703703705,0.37964737542570215,0.11282986556656717,0.2444522471097754,0.8427928834104513,0.005381775692657298,0.004583333333333328,0.00196716916192464,0.4054935264588076,0.11678592400598845,0.11890679426657964,0.0,0.9999999987499999,0.599194569663803,0.31151949655078964,0.2718034166247168,0.3592223315765589,fearful,06,08,08,female,normal,878
100,3.336666666666667,True,1.0,0.6182855399955784,0.6501069373161459,0.6341962386558622,0.6546777523418863,-0.08000000000000002,-0.08430555555555563,0.3669411379748965,0.10183080625440423,0.24237653555089228,0.9687151218859072,0.031821397320567435,0.004305555555555618,5.938071051558359e-05,0.43802979060534825,0.11895230544269228,0.1167395682665609,0.0,0.7298234277695784,0.6056004477963061,0.3097645087989582,0.27363635312163576,0.36076155373830543,fearful,06,08,08,female,normal,878
110,3.6703333333333332,True,1.0,0.6818757122379769,0.7242658112942791,0.703070761766128,0.6563591631384454,-0.0826851851851853,-0.0861574074074074,0.38319683994488934,0.0907665755079514,0.23960371290134697,1.0711677405466948,0.0423900990563022,0.003472222222222099,0.004771582955458221,0.44482719192138725,0.1169759300184099,0.11855929156972335,0.0,0.8487573797087585,0.602759786578694,0.310180441134628,0.27354091647779116,0.36250215979467826,fearful,06,08,08,female,normal,878
0,0.0,True,1.0,0.6670885772010456,0.6609847333400894,0.6640366552705675,0.4790468137411194,-0.07555555555555554,-0.07837962962962963,0.3733482314727013,0.04354971034010166,0.23058235799096055,1.3861623461906962,0.006103843860956193,0.00282407407407409,0.008052755648795191,0.5657555519676193,0.12141261555214077,0.1141786081296741,0.0,0.8610004640440395,0.6005305269295217,0.31152074714854994,0.2664697392480756,0.3568584219262018,fearful,06,08,08,female,normal,879
10,0.33366666666666667,True,1.0,0.609515261102435,0.6033636992657934,0.6064394801841142,0.47746039113825145,-0.07518518518518508,-0.07773148148148151,0.384791538477022,0.04914360934671706,0.23407471761780455,1.2701356833775896,0.0061515618366416724,0.0025462962962964353,0.0022497768907748517,0.5654899924980231,0.11867604498613481,0.11702040042467042,0.0,0.8968934309580281,0.5984104146658664,0.31265854569709334,0.2664731477071307,0.356182224795492,fearful,06,08,08,female,normal,879
20,0.6673333333333333,True,1.0,0.638733640810914,0.6369429187361079,0.6378382797735109,0.5404214715507104,-0.07592592592592595,-0.07842592592592601,0.3888129417000112,0.0484943190748187,0.2326716815869935,1.180260802634781,0.001790722074806128,0.0025000000000000577,0.006039622267443931,0.507353040638396,0.11785759845609728,0.11784466154718255,0.0,0.8029234182325287,0.6002034550382653,0.31136375356276225,0.2665200074072373,0.3580356327928256,fearful,06,08,08,female,normal,879
30,1.0010000000000001,True,1.0,0.5586131228518055,0.5977241890950994,0.5781686559734525,0.6366355724229191,-0.07699074074074086,-0.08037037037037031,0.4086263603798253,0.0530493218857703,0.24306340280611022,0.9081626616826449,0.03911106624329386,0.003379629629629455,0.002461392463730626,0.4588951461635249,0.11425074212348536,0.12134473903916555,0.0,0.9999999987499999,0.5905987122505252,0.3179030937744404,0.27597149791362563,0.3688094374077173,fearful,06,08,08,female,normal,879
40,1.3346666666666667,True,1.0,0.5005727682485516,0.5093309652320753,0.5049518667403134,0.5519408772493232,-0.07249999999999995,-0.07560185185185181,0.4130001217272861,-0.019710406552502235,0.24730121241209838,0.9148658625482022,0.008758196983523758,0.0031018518518518556,0.011625643310612768,0.5377782956044531,0.1160159085498186,0.11965820796061705,0.0,0.7022922272350153,0.5885370572291417,0.31403908609443765,0.2800441761354254,0.36642978281212674,fearful,06,08,08,female,normal,879
50,1.6683333333333334,True,1.0,0.5392094938217572,0.5516134668547388,0.5454114803382479,0.6235010869899353,-0.0735648148148148,-0.07527777777777789,0.4456673009287878,-0.05395682483566723,0.24448938438305073,0.8747562622084925,0.012403973032981574,0.0017129629629630827,0.011736385250645081,0.43311944729058455,0.11329476741943376,0.12129900971676089,0.0,0.9999999987499999,0.5882091909498175,0.31570455617520676,0.2860330382693459,0.37540104039241023,fearful,06,08,08,female,normal,879
60,2.0020000000000002,True,1.0,0.5297037649157679,0.5274021218316927,0.5285529433737303,0.7729166935642973,-0.0728240740740741,-0.0747222222222223,0.41176580069374097,-0.019322068243436727,0.24653551450716993,0.6838420592733143,0.002301643084075211,0.0018981481481482043,0.006946636909639912,0.3659885867899205,0.11506068161440623,0.12057701818800341,0.0,0.9999999987499999,0.5904918672547144,0.3143432279508112,0.2782206292736508,0.3618093643373774,fearful,06,08,08,female,normal,879
70,2.3356666666666666,True,1.0,0.5833441323723281,0.5794608275652409,0.5814024799687845,0.7815649544194788,-0.07421296296296293,-0.07634259259259263,0.34830984576436835,0.13025290347986004,0.24584450561653856,0.7438952791846091,0.0038833048070872067,0.0021296296296297035,0.006391543448625248,0.3749771930950617,0.11655712444720756,0.11897104925931692,0.0,0.7675276725930879,0.5910623932541766,0.31270832318306074,0.28209332721766645,0.36651636177683433,fearful,06,08,08,female,normal,879
80,2.6693333333333333,True,1.0,0.6173946774750889,0.6325258987713884,0.6249602881232387,0.6837400209983826,-0.07703703703703707,-0.07986111111111116,0.387899402171268,0.10255451357727237,0.24171212305970044,0.9140320427794836,0.015131221296299513,0.00282407407407409,0.0040369468034967765,0.45041572321401535,0.11616208671855208,0.11951630590809054,0.0,0.952221447465112,0.5911058666044543,0.31074886625085374,0.2802575785438044,0.3647593672866942,fearful,06,08,08,female,normal,879
90,3.003,True,1.0,0.640682012779945,0.6454282397897507,0.6430551262848478,0.6536275464249119,-0.07606481481481481,-0.07861111111111108,0.37630945553795847,0.10656970865623527,0.23753212159424347,0.983825008297323,0.004746227009805759,0.0025462962962962687,0.01040199670535865,0.4529676124880647,0.1188990183209745,0.11679384064035296,0.0,0.7560967795794341,0.5941042654327355,0.3113410764337276,0.2812115919141756,0.3673946030263748,fearful,06,08,08,female,normal,879
100,3.336666666666667,True,1.0,0.6352764397935675,0.6637264963246028,0.6495014680590852,0.6249717943484355,-0.07259259259259265,-0.07796296296296296,0.37432673378546916,0.0709963195962686,0.23477714743657208,1.0392492492180756,0.028450056531035273,0.005370370370370303,0.009862432642022894,0.4734023355913107,0.11771283748863316,0.1178276780384614,0.0,0.9159902486642714,0.5916392092461985,0.312929639070532,0.27854550848420895,0.3667432264455886,fearful,06,08,08,female,normal,879
0,0.0,True,1.0,0.6528938896933824,0.6176772205041866,0.6352855550987845,0.4761696472790412,-0.07291666666666669,-0.07694444444444448,0.37895179473030505,0.12986444925792087,0.21603191459856244,1.3341580227319685,0.03521666918919575,0.004027777777777797,0.016640370122527573,0.5803371498791394,0.11909795818586393,0.11626369265673754,0.0,0.8698711182253506,0.6268472882277911,0.30431381541636854,0.2742945559755843,0.3732819145843091,fearful,06,08,08,female,strong,880
10,0.33366666666666667,True,1.0,0.6611517919155048,0.6568548657847755,0.6590033288501401,0.6109996629624175,-0.07476851851851851,-0.07898148148148143,0.3872551577977161,0.19182547558122454,0.2131944444444444,1.0785657812886147,0.004296926130729295,0.004212962962962918,0.007880744765291794,0.4715041005334977,0.11545104766590725,0.12020330012646285,0.0,0.9999999987499999,0.6260405496495474,0.30701297893795393,0.27226781447694626,0.37343001089091415,fearful,06,08,08,female,strong,880
20,0.6673333333333333,True,1.0,0.7295813521715099,1.1765695051370697,0.9530754286542897,1.0430628294902997,-0.0767592592592593,-0.07240740740740736,0.36085372665049875,0.40228627355836927,0.19413608381118488,0.9137277273316479,0.4469881529655598,0.00435185185185194,0.09668758340026776,0.2041824135422044,0.11842615177428321,0.1172732891412103,0.0,0.7071067807446058,0.6735877771733694,0.2885608870714252,0.2305929262705863,0.3231908566590007,fearful,06,08,08,female,strong,880
30,1.0010000000000001,True,1.0,0.6984126984126992,0.691192573999775,0.6948026362062371,0.7651613927850264,-0.08388888888888896,-0.08986111111111111,0.4813769594561314,0.25872493407797265,0.1972257037743489,0.9080471685552531,0.007220124412924189,0.005972222222222157,0.011564258184355185,0.35589282706732334,0.11240324039361564,0.12259273010672943,0.0,0.7424969159907644,0.6227971067098715,0.27555955495245354,0.29205135596728216,0.35776733688153955,fearful,06,08,08,female,strong,880
40,1.3346666666666667,True,1.0,0.5571859100530235,0.5653941394294092,0.5612900247412164,0.767719437185996,-0.09027777777777779,-0.09620370370370368,0.38790344813439537,0.3424555870257319,0.2194475734396407,0.7311134739515943,0.008208229376385656,0.00592592592592589,0.01636939500008358,0.3730628444997389,0.1113845000617171,0.1235190635961984,0.0,0.9999999987499999,0.6373060828784639,0.30249162561247506,0.2848561446948978,0.38214864164139867,fearful,06,08,08,female,strong,880
50,1.6683333333333334,True,1.0,0.6876161631948975,0.7044040077600664,0.696010085477482,0.7059181631250718,-0.0768518518518519,-0.07944444444444448,0.4604493851749642,0.12340018144841833,0.2196793427056658,0.9859642687139155,0.016787844565168908,0.002592592592592591,0.02764911578825928,0.3712455397418042,0.11500788340776158,0.12062737882787078,0.0,0.9209632635842687,0.6070272560274109,0.3150606629175847,0.29839210932141225,0.4005880965123829,fearful,06,08,08,female,strong,880
60,2.0020000000000002,True,1.0,0.7732115961626148,0.6667475567563379,0.7199795764594763,0.6239507059174442,-0.07861111111111119,-0.08083333333333342,0.41030539356553386,0.2255389718076288,0.2223595089166027,1.1539045787292335,0.10646403940627691,0.0022222222222222365,0.032000949504910156,0.4186132452029075,0.1155059304776637,0.12015056301725172,0.0,0.9999999987499999,0.6237179375890981,0.303515962114279,0.28872267861911777,0.3864391513636753,fearful,06,08,08,female,strong,880
70,2.3356666666666666,True,1.0,0.7462307643821396,0.6463738037690788,0.6963022840756092,0.9926179651777579,-0.07652777777777786,-0.07629629629629625,0.3122473979475882,0.2905982905982912,0.2315467374021117,0.7014806385767112,0.09985696061306082,0.00023148148148161019,0.03438739762004136,0.2717791739600944,0.11682032010756001,0.1188730018931912,0.0,0.9015424474345709,0.5860982056572629,0.3099295963716895,0.27751834254091196,0.36728139076159444,fearful,06,08,08,female,strong,880
80,2.6693333333333333,True,1.0,0.7242373629121732,0.6897161215146367,0.706976742213405,0.705356849741792,-0.0766203703703704,-0.07768518518518519,0.4035444755303444,0.15304912777416196,0.2276474039428484,1.0022965573697993,0.03452124139753654,0.0010648148148147962,0.020291871850172994,0.38393444802121907,0.11718574827896577,0.11835190840084019,0.0,0.7071067807446058,0.6082127481383178,0.30520310669762046,0.2936764249078297,0.38357194747665685,fearful,06,08,08,female,strong,880
90,3.003,True,1.0,0.7214132558192888,0.6824487824620278,0.7019310191406583,0.7642635778013415,-0.07712962962962966,-0.07833333333333331,0.37916051902470443,0.24766457502584027,0.22551515732127772,0.9184410189479347,0.038964473357261054,0.0012037037037036513,0.008153106826213707,0.3871711297410522,0.11543760571497304,0.12005762369766741,0.0,0.9999999987499999,0.6131892894032612,0.3060079399434437,0.29673435223665334,0.38772567363639143,fearful,06,08,08,female,strong,880
100,3.336666666666667,True,1.0,0.7179903483941494,0.783016111921701,0.7505032301579252,0.653676413180648,-0.0773611111111111,-0.08152777777777775,0.3835791630757676,0.2344533590437186,0.22167960570816186,1.1481265271698253,0.06502576352755152,0.004166666666666652,0.001793390870553253,0.45241182878557795,0.116262175396077,0.11845784337000555,0.0,0.9077608935217732,0.6121692834477541,0.30810065428673605,0.29013887021834883,0.38967918964246934,fearful,06,08,08,female,strong,880
110,3.6703333333333332,True,1.0,0.7275954954018862,0.7485842661270568,0.7380898807644715,0.6729225010131142,-0.07532407407407404,-0.07930555555555552,0.3772540112254294,0.2576412044493243,0.21811467777790106,1.0968423253097421,0.02098877072517058,0.003981481481481475,0.017945588353576084,0.430727690884335,0.1171399785838374,0.1183972095913757,0.0,0.7553706367321456,0.6145394470053647,0.3065623824605962,0.29011695387327835,0.38069658780965876,fearful,06,08,08,female,strong,880
0,0.0,True,1.0,0.6620070632719051,0.6431290189900322,0.6525680411309687,0.5388198402547005,-0.07143518518518521,-0.07439814814814816,0.35408543906775763,0.13853578310323594,0.21746252671172428,1.2111061849958964,0.018878044281872897,0.002962962962962945,0.022454630408926427,0.5014158370979878,0.12288997570688423,0.11258699587679992,0.0,0.9999999987499999,0.6021522454372374,0.2742843853347172,0.28887590803374597,0.3467651279751019,fearful,06,08,08,female,strong,881
10,0.33366666666666667,True,1.0,0.6950112689313945,0.6583433410403025,0.6766773049858485,0.7242065049723698,-0.07643518518518522,-0.07842592592592601,0.3874759286420622,0.2413874866273107,0.21824056520908894,0.9343706530386183,0.03666792789109208,0.001990740740740793,0.022417345253909777,0.386005934068446,0.1160765310136267,0.11912054765695913,0.0,0.8573048069954964,0.6318401621586135,0.30287117268982233,0.2762353172964938,0.37966676122517357,fearful,06,08,08,female,strong,881
20,0.6673333333333333,True,1.0,0.7374982566903039,0.8421585270832879,0.7898283918867959,0.8222783271202929,-0.08194444444444449,-0.08819444444444452,0.4285121896289194,0.24664655864771298,0.21190962994774012,0.9605365553691045,0.10466027039298398,0.006250000000000033,0.012932549179241321,0.32161914388009977,0.11484937870198086,0.1204624011282902,0.0,0.8484396234138182,0.643032974877451,0.3022291581500758,0.3010235143885506,0.4019294539301148,fearful,06,08,08,female,strong,881
30,1.0010000000000001,True,1.0,0.7473749312311464,0.8056854531680047,0.7765301921995755,0.6285863548443504,-0.07796296296296296,-0.08416666666666667,0.44255197046703393,0.17867226340508016,0.21259189189618688,1.2353596068623836,0.05831052193685826,0.006203703703703711,0.011691821376097311,0.4208459234002474,0.11435583714189884,0.12093102325445389,0.0,0.9999999987499999,0.6265758702934299,0.30819363118087856,0.30165916402259546,0.40186318485862205,fearful,06,08,08,female,strong,881
40,1.3346666666666667,True,1.0,0.672066064391827,0.7269755163919606,0.6995207903918939,0.7167676385186021,-0.07587962962962963,-0.08240740740740737,0.4135802469135802,0.2520729684908791,0.22365239132884607,0.9759380206361525,0.05490945200013353,0.0065277777777777435,0.003616367199038255,0.3856730285717609,0.11216954560755993,0.12296163186696088,0.0,0.9999999987499999,0.6427922966686674,0.30458959610490655,0.3013749983128225,0.3949349535040727,fearful,06,08,08,female,strong,881
50,1.6683333333333334,True,1.0,0.6957212409852082,0.6689506432691222,0.6823359421271652,0.6059597602679906,-0.0737962962962963,-0.07865740740740756,0.442945517301996,0.08483436643751924,0.2306204054807236,1.1260416728420988,0.02677059771608592,0.00486111111111126,0.017291659640774275,0.4293672670337132,0.11547361412606619,0.12002299055561239,0.0,0.9999999987499999,0.6062822195049894,0.3107001065712626,0.2915508675893897,0.37956508104072506,fearful,06,08,08,female,strong,881
60,2.0020000000000002,True,1.0,0.6505025949943307,0.6422118436649359,0.6463572193296333,0.5531868640615895,-0.07300925925925927,-0.07773148148148151,0.4284687418738949,0.10057942982937954,0.23482751133864363,1.1684247427423922,0.00829075132939483,0.004722222222222239,0.013847888028614178,0.5133798635489325,0.11722465071496718,0.1181522371307286,0.0,0.6848108314310035,0.6060348701746324,0.3089338883296682,0.292435541363649,0.38486111115430416,fearful,06,08,08,female,strong,881
70,2.3356666666666666,True,1.0,0.7381321565041942,0.7240488898139439,0.731090523159069,1.0588354030845037,-0.07750000000000001,-0.08194444444444443,0.3604968332991484,0.40264308060283643,0.2280402266172193,0.6904666400739171,0.014083266690250285,0.0044444444444444176,0.005507776444365868,0.2697257035086698,0.11365692226401554,0.12127434188576589,0.0,0.9999999987499999,0.6142900111763455,0.3072589736184475,0.28005495646111084,0.3720551834407041,fearful,06,08,08,female,strong,881
80,2.6693333333333333,True,1.0,0.6856396697905501,0.7473906507814015,0.7165151602859758,0.825853387645438,-0.07824074074074078,-0.08351851851851855,0.3848638503509416,0.2729391392250737,0.22777811272655973,0.8676057651453212,0.06175098099085141,0.00527777777777777,0.0019999124543467767,0.36266790828024115,0.11579889985250293,0.11907087311334354,0.0,0.9999999987499999,0.6118118402986195,0.3079510493722028,0.29095320364636035,0.3968153995765603,fearful,06,08,08,female,strong,881
90,3.003,True,1.0,0.6894550236794698,0.7308064326135904,0.7101307281465301,0.6752158149319787,-0.07273148148148145,-0.07837962962962958,0.39094053739290857,0.18602884697105584,0.22502746414413652,1.051709264567609,0.04135140893412059,0.005648148148148124,0.0030746204826222305,0.436224489795919,0.11840256105712338,0.11697180604492631,0.0,0.6973340072379937,0.6011130609509429,0.3107950339143122,0.29333844510165635,0.3845800922224937,fearful,06,08,08,female,strong,881
100,3.336666666666667,True,1.0,0.7069835737349346,0.7356059603831351,0.7212947670590348,0.6247590129079491,-0.07439814814814821,-0.08064814814814819,0.3903886962888871,0.20825300430264895,0.22014755301501807,1.1545167851228888,0.028622386648200493,0.006249999999999978,0.0008046215743714789,0.48800622655914305,0.11446692791091886,0.12082587590367937,0.0,0.9999999987499999,0.6121876135844964,0.3074651345446727,0.2781527068218985,0.3803824659528015,fearful,06,08,08,female,strong,881
110,3.6703333333333332,True,1.0,0.7459396951355156,0.714825591490489,0.7303826433130023,0.6660716210522807,-0.07861111111111102,-0.0803240740740741,0.37583553279714893,0.2975851574298134,0.216269108260104,1.0965527132939863,0.031114103645026647,0.0017129629629630827,0.0025439558135846962,0.4329163529892571,0.11629389550992436,0.11938805482998653,0.0,0.7071067807446058,0.6218273552389707,0.3046746994768552,0.2789645733494509,0.38111262838023435,fearful,06,08,08,female,strong,881
0,0.0,True,1.0,0.6216657248917645,0.6294173739388257,0.6255415494152952,0.6638012531968395,-0.08726851851851852,-0.09060185185185177,0.3755765396535252,0.2885876650176005,0.211112556675652,0.9423627123370328,0.00775164904706116,0.0033333333333332438,0.0067661727419771585,0.45449591787992855,0.11634578543582236,0.11933748774139372,0.0,0.7084886719596276,0.6217272797634679,0.3071988927387473,0.27132383695906215,0.3744916131133511,fearful,06,08,08,female,strong,882
10,0.33366666666666667,True,1.0,0.6668730640008815,0.6788533138775171,0.6728631889391994,0.6487654080569972,-0.08773148148148147,-0.09013888888888888,0.37942581792559765,0.2811097159859493,0.20764219578406495,1.0371440594441883,0.011980249876635596,0.0024074074074074137,0.00048442834666332946,0.4521541378405072,0.1161164295700974,0.11956066473816228,0.0,0.9999999987499999,0.62546603590655,0.30656890819140725,0.273538737768618,0.37552816685662055,fearful,06,08,08,female,strong,882
20,0.6673333333333333,True,1.0,0.6665373876517321,0.666317849617958,0.666427618634845,0.8805105485233631,-0.08435185185185196,-0.08643518518518523,0.38652628609341133,0.335432589913662,0.21201293354226658,0.7568650026424554,0.00021953803377405823,0.0020833333333332704,0.009723537795208756,0.32182025909429274,0.11203152612313928,0.12262216433143122,0.0,0.7283565117219458,0.6508822060542967,0.30181303211069493,0.2825393325807483,0.37610027844056576,fearful,06,08,08,female,strong,882
30,1.0010000000000001,True,1.0,0.7421326254827507,0.7019996893330878,0.7220661574079192,0.7474436298917608,-0.07990740740740737,-0.07861111111111113,0.3739895909026124,0.2930973221789248,0.2216278944788113,0.966047643636328,0.04013293614966296,0.0012962962962962399,0.0072017499155276315,0.37702198654122115,0.11194831115786347,0.12316308498261243,0.0,0.8307833622721111,0.6260034191879877,0.2809097242329946,0.2655416346269871,0.33268597993260995,fearful,06,08,08,female,strong,882
40,1.3346666666666667,True,1.0,0.6230703779247456,0.6476344643059642,0.635352421115355,0.6364868670610442,-0.07393518518518533,-0.0750925925925926,0.41607290324160084,0.1391932768430272,0.22780490703345993,0.9982176443782297,0.02456408638121854,0.0011574074074072738,0.008224086984315685,0.4807881747963875,0.1135420511889136,0.12185186265576411,0.0,0.9999999987499999,0.6047457857986944,0.31822446236407875,0.2891714484956661,0.38017988146351256,fearful,06,08,08,female,strong,882
50,1.6683333333333334,True,1.0,0.6830515879240014,0.75671548719874,0.7198835375613708,0.6951478229429554,-0.07472222222222236,-0.0794907407407408,0.46462509894232434,0.15634643614873528,0.22130579281477644,1.035583387881005,0.0736638992747386,0.00476851851851845,0.004992329633770502,0.38746017743313366,0.11939574946283014,0.11628599563045532,0.0,0.9484680531443973,0.5939365305106418,0.30823142446757057,0.3057359121475234,0.3829388531415273,fearful,06,08,08,female,strong,882
60,2.0020000000000002,True,1.0,0.6722639425248252,0.6969948082783763,0.6846293754016008,0.8313843977692691,-0.0721296296296296,-0.07782407407407416,0.4149552522607873,0.1622795105102734,0.22623466329916467,0.8234811445085639,0.0247308657535511,0.0056944444444445574,0.019820305479963947,0.33523607183546156,0.11744753390815148,0.11760713735936691,0.0,0.9999999987499999,0.594502136581195,0.31066163949827513,0.29759766472936977,0.370783838121844,fearful,06,08,08,female,strong,882
70,2.3356666666666666,True,1.0,0.7541159289970005,0.8118208061525204,0.7829683675747605,1.0171611604959445,-0.07518518518518519,-0.07962962962962955,0.31569894978642254,0.4567774910078363,0.21809788729698318,0.7697584197896458,0.05770487715551986,0.004444444444444362,0.010980881572950027,0.27695173532989764,0.11467247280470079,0.12094627629575257,0.0,0.7717266876937864,0.6115531721438575,0.3087394216174349,0.2663771576903534,0.3603882294047144,fearful,06,08,08,female,strong,882
80,2.6693333333333333,True,1.0,0.7769598988582064,0.7309651223593675,0.7539625106087869,0.8988831292075424,-0.07949074074074075,-0.0796296296296296,0.3672765980855869,0.4052341975935638,0.20913849042921856,0.8387770179572533,0.045994776498838874,0.0001388888888888551,0.019976065178866232,0.3060644789333018,0.11325204024814381,0.1214958164324026,0.0,0.9999999987499999,0.6453778496398561,0.29470483760167904,0.28469371273616073,0.38126332243250616,fearful,06,08,08,female,strong,882
90,3.003,True,1.0,0.7803380752051575,0.748639917556812,0.7644889963809848,0.7405301989371548,-0.0788888888888889,-0.0762962962962963,0.3766248580202976,0.3336400643907725,0.20918554447404572,1.0323535724514907,0.03169815764834549,0.002592592592592591,0.007562008427519661,0.3827418899128686,0.11520535978843646,0.12028050090175554,0.0,0.9999999987499999,0.6432631205841712,0.30059986378465925,0.29691271297462224,0.398548824990329,fearful,06,08,08,female,strong,882
100,3.336666666666667,True,1.0,0.6794001950446251,0.6961769965074844,0.6877885957760548,0.3936406642005764,-0.0813888888888889,-0.08097222222222222,0.36585587646483164,0.09050190527247892,0.21078762679794827,1.7472498609178184,0.016776801462859314,0.0004166666666666763,0.029817908549560252,0.6511473274663916,0.11410589241618685,0.1214809577035385,0.0,0.9999999987499999,0.6238820048878928,0.3091166758534579,0.2713574230561962,0.36767978659140205,fearful,06,08,08,female,strong,882
110,3.6703333333333332,True,1.0,0.6737398322651355,0.7113352528738283,0.6925375425694819,0.26272555588712243,-0.07800925925925922,-0.08092592592592596,0.4448956652070765,0.006255370378264796,0.212535900000594,2.6359732696389235,0.03759542060869281,0.002916666666666734,0.009653894739299144,0.9642857142857125,0.11611633580725027,0.11940129974039972,0.0,0.9999999987499999,0.6211256213032088,0.3085705425568593,0.2836146230558264,0.3911125006431668,fearful,06,08,08,female,strong,882
0,0.0,True,1.0,0.730466603077873,0.7038155528906325,0.7171410779842528,0.6633288987474372,-0.07953703703703707,-0.07800925925925928,0.36661067858154306,0.3099414817280991,0.2015115953102047,1.0811244306382988,0.026651050187240566,0.0015277777777777946,0.004559730029186637,0.4284127774016998,0.12222702869916437,0.11330636003900692,0.0,0.7801407711021162,0.6237930478285064,0.30328619647796534,0.26602080212631674,0.36556390120762405,fearful,06,08,08,female,strong,883
10,0.33366666666666667,True,1.0,0.7159336143118653,0.6922491396053722,0.7040913769586188,0.6775950174098301,-0.08032407407407405,-0.0790277777777777,0.36412978280586084,0.324357364599172,0.20427463297768614,1.0391035336270233,0.023684474706493153,0.001296296296296351,0.009381332263457661,0.41939295381701497,0.11979968358942858,0.11586981307166465,0.0,0.9999999987499999,0.6255164570281239,0.3024830537040542,0.2678934833412347,0.3685461692247708,fearful,06,08,08,female,strong,883
20,0.6673333333333333,True,1.0,0.6685051003148962,0.6695368435722927,0.6690209719435944,1.0862146484261264,-0.08226851851851852,-0.0818518518518519,0.356241978141208,0.47614888698131597,0.20697430445724502,0.6159196738075428,0.0010317432573965224,0.0004166666666666208,0.009763778406196003,0.2777352920950738,0.11686430923838233,0.11866931805504584,0.0,0.9380686014030266,0.623700224191239,0.30324299381881226,0.2678074439036208,0.366147349412678,fearful,06,08,08,female,strong,883
30,1.0010000000000001,True,1.0,0.705048172238015,0.7308064326135904,0.7179273024258026,0.8031126773135164,-0.07560185185185186,-0.0803240740740741,0.3971714517632033,0.2906591794880899,0.22457206228588722,0.8939309796818716,0.02575826037557538,0.004722222222222239,0.009043166006008806,0.3603367468326914,0.11716678862333724,0.11853152075755424,0.0,0.7544291206223517,0.6048375080969889,0.30924779902554905,0.27651823309094703,0.3708541152272559,fearful,06,08,08,female,strong,883
40,1.3346666666666667,True,1.0,0.6411758273370433,0.6325191913218897,0.6368475093294665,0.6697042226372655,-0.06958333333333322,-0.0756944444444444,0.41696057447308477,0.14165991307808518,0.22993577946162527,0.9509384707499519,0.00865663601515354,0.006111111111111178,0.013746328116026904,0.4543003440711021,0.11052834815499345,0.12413237382741178,0.0,0.9999999987499999,0.6170278514921594,0.30881810763724243,0.2666350717292849,0.36592577021809936,fearful,06,08,08,female,strong,883
50,1.6683333333333334,True,1.0,0.7132912814095903,0.6490213203241603,0.6811563008668753,0.7021323331397258,-0.07814814814814808,-0.08013888888888887,0.46598834073660456,0.11320522674336239,0.23281230984979595,0.9701252437997664,0.06426996108543004,0.001990740740740793,0.01608422962818311,0.40034652174200364,0.11725579849119733,0.11828250733700732,0.0,0.8434203324750651,0.6071249134732019,0.3061084630424242,0.29951782042583597,0.398326137709033,fearful,06,08,08,female,strong,883
60,2.0020000000000002,True,1.0,0.7064704257133507,0.6609676688782975,0.6837190472958241,0.8823087280189154,-0.07837962962962958,-0.08069444444444451,0.42706624646346714,0.13044543762701233,0.23558804285995733,0.7749204168375474,0.045502756835053226,0.002314814814814936,0.0029625817054274805,0.31712468401150073,0.11575306815285094,0.11975350113649211,0.0,0.9171627548562893,0.6047472468596814,0.31005402441370905,0.2876220340500246,0.3682174616244233,fearful,06,08,08,female,strong,883
70,2.3356666666666666,True,1.0,0.7323900539682427,0.775681948057839,0.7540360010130409,1.0911850203036861,-0.08013888888888893,-0.08356481481481487,0.3059482302299729,0.3255821309151041,0.2326506947926855,0.691024883024133,0.04329189408959622,0.0034259259259259434,0.005350731436564746,0.2635879036154605,0.1154115193394004,0.11992393871780663,0.0,0.7116626070692128,0.6162957017181874,0.3068326234638947,0.2750500561096062,0.3667536658720334,fearful,06,08,08,female,strong,883
80,2.6693333333333333,True,1.0,0.700028990227176,0.7205877050627655,0.7103083476449708,1.0100894380854888,-0.08120370370370378,-0.08472222222222231,0.37105269564670074,0.3030170482684803,0.23335981672855563,0.7032133203880248,0.020558714835589464,0.003518518518518532,0.009898932021031811,0.3214181941751208,0.11719984576491899,0.11801551626432906,0.0,0.7071067807446058,0.6023005313219038,0.3076000990156966,0.2821206912567902,0.3691600599936846,fearful,06,08,08,female,strong,883
90,3.003,True,1.0,0.7197498683369551,0.7710642462929109,0.745407057314933,0.8598994281348502,-0.0806944444444444,-0.08550925925925923,0.37252011248292366,0.2866205473588418,0.23065116973022592,0.8668537655987806,0.05131437795595584,0.004814814814814827,0.012148493563037153,0.3468597574744761,0.12062687006624137,0.11500841703087156,0.0,0.6931806733418615,0.6066379337359945,0.30329063808927925,0.28668628864442397,0.373818152269118,fearful,06,08,08,female,strong,883
100,3.336666666666667,True,1.0,0.7200704217586633,0.7677476970222374,0.7439090593904504,0.759587226906077,-0.07981481481481484,-0.08277777777777773,0.3725041879304069,0.2579584926229563,0.2278635085953491,0.9793596219627252,0.047677275263574126,0.0029629629629628895,0.008956035382799708,0.3926665648528275,0.12103760060048586,0.1145760752113637,0.0,0.7382435438441225,0.6089991590464311,0.3030233892796812,0.2829469391997731,0.36691496597902507,fearful,06,08,08,female,strong,883
110,3.6703333333333332,True,1.0,0.6962980685920986,0.7610931225700408,0.7286955955810697,0.7214691625440014,-0.0798611111111111,-0.08356481481481487,0.3730844807079717,0.27415828176672036,0.2237915280042708,1.0100162743083667,0.06479505397794216,0.0037037037037037646,0.004498033075777698,0.42796758054787193,0.12037599596000766,0.11510557509822618,0.0,0.9219352031647257,0.6100411644970488,0.3014319245539781,0.279917905472616,0.37254376354453805,fearful,06,08,08,female,strong,883
0,0.0,True,1.0,0.5284330155908388,0.5456806514636153,0.537056833527227,0.4661708665662098,-0.08222222222222231,-0.08250000000000002,0.3686566894663545,0.21120104687671143,0.20358055682318973,1.1520600536090115,0.017247635872776557,0.0002777777777777102,0.015201644273164682,0.6396204423169757,0.11809149378415024,0.11761027533807834,0.0,0.7071067807446058,0.6281235612213636,0.3036462035615864,0.2607077438786183,0.3635430276850187,disgust,07,08,08,female,normal,884
10,0.33366666666666667,True,1.0,0.5969310768393157,0.609126197048821,0.6030286369440683,0.4692454316962338,-0.07268518518518519,-0.0719907407407408,0.3760454268104302,0.19051325941630037,0.2042118775011469,1.2851028400302873,0.012195120209505306,0.0006944444444443865,0.01196549219168869,0.6219520066541799,0.11729553164844603,0.1182431058309687,0.0,0.9159376655091211,0.6210824170136806,0.30717515512000293,0.25893337604929495,0.3584180626502613,disgust,07,08,08,female,normal,884
20,0.6673333333333333,True,1.0,0.532099262982775,0.551829398764304,0.5419643308735396,0.48368083242051935,-0.07490740740740737,-0.07449074074074069,0.38150644342999557,0.2051681255252467,0.2048793587756454,1.1204999134684495,0.019730135781529046,0.0004166666666666763,0.019294840904224123,0.6202437224950341,0.11929667908680375,0.11589550589067096,0.0,0.7071067807446058,0.6199582305500325,0.30732266590585955,0.26006186850104906,0.3611022314133691,disgust,07,08,08,female,normal,884
30,1.0010000000000001,True,1.0,0.4782142413550124,0.47244645639202365,0.475330348873518,0.8660094906408543,-0.06435185185185183,-0.06930555555555556,0.37953131195327977,0.30090160268029675,0.2048611111111111,0.5488742952710247,0.005767784962988742,0.004953703703703738,0.0072482139134727105,0.3722081389010418,0.11937351615859892,0.11630881913892588,0.0,0.7594516331159635,0.6263639773096737,0.30798735185471926,0.27949000339403124,0.38641229070229455,disgust,07,08,08,female,normal,884
40,1.3346666666666667,True,1.0,0.5313145602311349,0.5475541465521775,0.5394343533916561,0.6446157217569982,-0.06231481481481477,-0.06532407407407409,0.3878043993460877,0.20769328493981504,0.20903106270057495,0.8368308981378018,0.01623958632104261,0.0030092592592593226,0.006102708828927417,0.462997389174061,0.11516065408766642,0.11984734343521054,0.0,0.850274878068929,0.6287904513211535,0.30730122308676877,0.282694522935861,0.3797053173971357,disgust,07,08,08,female,normal,884
50,1.6683333333333334,True,1.0,0.47116505477176346,0.5257428367200412,0.4984539457459023,0.9028547241803505,-0.05837962962962956,-0.06291666666666668,0.38043393557475275,0.25795849262295745,0.20625332916347228,0.5520865454831836,0.054577781948277726,0.004537037037037117,0.005165337126756911,0.35749541681127633,0.1160492313756948,0.11946652132943548,0.0,0.8061581463947051,0.6368160111310149,0.3039923496447766,0.2961789099157577,0.3989924014536125,disgust,07,08,08,female,normal,884
60,2.0020000000000002,True,1.0,0.3994710560676783,0.4116285710254698,0.40554981354657405,0.7660655261797995,-0.05638888888888893,-0.059398148148148144,0.38313770572223926,0.21988917881086853,0.20625591847568878,0.5293931128437039,0.012157514957791493,0.0030092592592592116,0.0037595619853624143,0.4066718554659522,0.11795937388470538,0.11725635180596478,0.0,0.9999999987499999,0.6010356855320254,0.27744753319027166,0.31048746640830466,0.3544638456125402,disgust,07,08,08,female,normal,884
70,2.3356666666666666,True,1.0,0.33404916574305715,0.38120480242162125,0.35762698408233917,0.5860646826436657,-0.05166666666666664,-0.05675925925925929,0.40124818674146356,0.1499235234669837,0.20631250532509085,0.6102175999910587,0.047155636678564095,0.0050925925925926485,0.0031995248360210254,0.5668101498242193,0.11450571849823472,0.12094674138546262,0.0,0.9999999987499999,0.607426407211322,0.3133459968764547,0.27190611314508434,0.37383582159604994,disgust,07,08,08,female,normal,884
80,2.6693333333333333,True,1.0,0.3833549857765797,0.42684912327768665,0.4051020545271332,0.7181649148117596,-0.057870370370370294,-0.06120370370370376,0.36703069098657526,0.23932258205132584,0.20368808468108635,0.564079428237337,0.04349413750110692,0.003333333333333466,0.010062129964585378,0.44713477745290564,0.11830183157202355,0.11707367987930979,0.0,0.9999999987499999,0.592294103109994,0.28717381583867935,0.294823566849559,0.36252015676595145,disgust,07,08,08,female,normal,884
90,3.003,True,1.0,0.4734573922986966,0.5157628359552071,0.4946101141269519,0.5896382024461273,-0.054907407407407405,-0.05949074074074068,0.3873979903324846,0.1366106297686644,0.20639791097840593,0.8388366155297448,0.04230544365651051,0.004583333333333273,0.0023582432473783256,0.5508924003829255,0.11506414123425392,0.12025727951177798,0.0,0.8043595284111601,0.6045381702602916,0.31456896601255524,0.268478474136161,0.3724686821435727,disgust,07,08,08,female,normal,884
100,3.336666666666667,True,1.0,0.46962177770357943,0.5088807742263868,0.4892512759649831,0.5717775180971553,-0.05226851851851855,-0.05819444444444444,0.37906949203624685,0.13189379498051682,0.206397910978406,0.8556672140471436,0.03925899652280734,0.00592592592592589,0.005730897930571099,0.5674992751111937,0.11709975227542753,0.11843699522689058,0.0,0.7377289095119374,0.5944885532181622,0.3186187178431494,0.26638359976853876,0.3656746530359913,disgust,07,08,08,female,normal,884
110,3.6703333333333332,True,1.0,0.1618763822866426,0.17381666981799224,0.16784652605231742,0.6133806669998585,-0.07162037037037033,-0.07518518518518513,0.3652901290011459,0.13795609814609458,0.20285150821982148,0.2736416960666224,0.011940287531349625,0.0035648148148147984,0.009527729536198905,0.4837803051505945,0.12112249995513763,0.11348345292846268,0.0,0.7493264392798364,0.5740047432801245,0.28601663806368105,0.2804765216505757,0.3383063822874632,disgust,07,08,08,female,normal,884
0,0.0,True,1.0,0.6160725748659781,0.6157860181010772,0.6159292964835277,0.5020611576599053,-0.06824074074074077,-0.068888888888889,0.3733761125949592,0.19775294194199275,0.19932431181857682,1.2268013310457215,0.00028655676490085824,0.000648148148148231,0.004643999466925699,0.603389918091777,0.121740962865357,0.11366095100267107,0.0,0.7946826483291825,0.6159936791357168,0.28083220554400107,0.29058530408357236,0.3448142320368416,disgust,07,08,08,female,normal,885
10,0.33366666666666667,True,1.0,0.6204618824309966,0.6551278938715978,0.6377948881512971,0.5005635369319416,-0.06745370370370374,-0.06999999999999995,0.372340158672914,0.19693437989214926,0.20072523421335145,1.2741537109564056,0.03466601144060111,0.0025462962962962132,0.003400938237763658,0.6195243442443368,0.12291645292589462,0.11255808886966263,0.0,0.7314188051527222,0.6109227390721914,0.2801995206040526,0.290671382026894,0.34419285843283304,disgust,07,08,08,female,normal,885
20,0.6673333333333333,True,1.0,0.18788688693387273,0.21862756131173122,0.20325722412280198,0.4894692352951075,-0.0799537037037037,-0.08356481481481481,0.39309174721307216,0.15107693752500326,0.20493409202043833,0.4152604688224286,0.03074067437785849,0.0036111111111111205,0.006584313804350873,0.6229943177390879,0.11836675914929697,0.11684509512467817,0.0,0.9999999987499999,0.5927871459521308,0.2859626056622612,0.2854184280488294,0.3564186133420832,disgust,07,08,08,female,normal,885
30,1.0010000000000001,True,1.0,0.15901195002165014,0.16204128985451266,0.1605266199380814,0.6626134118200913,-0.07541666666666674,-0.0803240740740741,0.42708770715517136,0.09274240520385128,0.20213769135755233,0.24226285957167829,0.003029339832862521,0.00490740740740736,0.005129752036058206,0.4538675078362055,0.11636256409334136,0.11932112740952915,0.0,0.9999999987499999,0.6036464693533663,0.29042298699775926,0.3013491690212009,0.379588522156904,disgust,07,08,08,female,normal,885
40,1.3346666666666667,True,1.0,0.21271451164622857,0.24242424242424157,0.22756937703523505,0.6090001855940933,-0.06851851851851853,-0.07273148148148145,0.4095645960674779,0.13840913308956726,0.20005492409898332,0.37367702410999437,0.029709730778013005,0.004212962962962918,0.013056078313192956,0.5133798635489325,0.1189715604019635,0.11622922929277872,0.0,0.7071067807446058,0.6149496174329107,0.2873809016038502,0.3139852925916102,0.3676281975391644,disgust,07,08,08,female,normal,885
50,1.6683333333333334,True,1.0,0.49072080353876457,0.5058500831210835,0.498285443329924,0.755547302843289,-0.05212962962962964,-0.057731481481481495,0.41050322653992677,0.17854656094312138,0.19869752321601986,0.6595026432557796,0.01512927958231891,0.005601851851851858,0.005127944739060991,0.4309917566382169,0.11460457566705062,0.1208530721879333,0.0,0.9999999987499999,0.6233466508869172,0.3156564593291718,0.2799415930624437,0.39872079074228867,disgust,07,08,08,female,normal,885
60,2.0020000000000002,True,1.0,0.5064425610544895,0.5183197486599326,0.512381154857211,0.5678228017451757,-0.05449074074074073,-0.059120370370370434,0.3912403532853119,0.12374338146408913,0.20347372205671155,0.9023610064309368,0.011877187605443096,0.004629629629629706,0.01056022248231619,0.5647740654945962,0.11658294890605995,0.11781919288786095,0.0,0.9999999987499999,0.6084538678440126,0.28590142288110004,0.29787515531240216,0.3573666468887427,disgust,07,08,08,female,normal,885
70,2.3356666666666666,True,1.0,0.45625104392955784,0.4687647848014192,0.46250791436548855,0.6753770294351128,-0.051342592592592606,-0.05435185185185193,0.34662934263268597,0.18927477018064542,0.2034905944329861,0.68481439878453,0.012513740871861356,0.0030092592592593226,0.012466586950845375,0.4393294149818466,0.11837433676300757,0.11716309238521141,0.0,0.9999999987499999,0.5989373713391607,0.2886247690920873,0.30040901830232086,0.36289794319843566,disgust,07,08,08,female,normal,885
80,2.6693333333333333,True,1.0,0.4894777444744528,0.5034795475883149,0.49647864603138386,0.5916047132860807,-0.04879629629629634,-0.05342592592592599,0.389865793683882,0.0721469162543998,0.2048644628448152,0.8392067116465028,0.014001803113862121,0.00462962962962965,0.0020916499359470834,0.5493222258319611,0.1195527496918343,0.1161245788369733,0.0,0.9999999987499999,0.5916408477375326,0.2847156304761717,0.3094229008975137,0.3687661341440487,disgust,07,08,08,female,normal,885
90,3.003,True,1.0,0.10742963646553405,0.12698412698412667,0.11720688172483036,0.5468491825367521,-0.06490740740740741,-0.06759259259259265,0.4031763792118236,0.05608126279162998,0.20555592671495437,0.21433127353528272,0.01955449051859262,0.002685185185185235,0.016432988746671137,0.6222441663081396,0.1201438812794839,0.11551288049539284,0.0,0.9484379920763878,0.5650675592971564,0.29173183238064954,0.28877778529817333,0.3578679893397948,disgust,07,08,08,female,normal,885
100,3.336666666666667,True,1.0,0.030118157300163265,0.06461272005274314,0.0473654386764532,0.533617640175825,-0.07041666666666668,-0.07430555555555557,0.39753350841640445,0.06318464058863478,0.2034737220567115,0.08876288021671559,0.03449456275257988,0.003888888888888886,0.017205667094728396,0.6091190174036419,0.11787415169719064,0.11782810416369897,0.0,0.9999999987499999,0.6101242661283264,0.3182870305528634,0.27913853918068615,0.3809419048729505,disgust,07,08,08,female,normal,885
0,0.0,True,1.0,0.5157088678452879,0.5679426572530891,0.5418257625491885,0.4723856092941285,-0.055509259259259425,-0.05962962962962959,0.374317209522427,0.058966268015317375,0.21323022752658174,1.1469988752596048,0.05223378940780121,0.004120370370370163,0.003888650607941717,0.62693325869149,0.12447451607370061,0.11083263336259737,0.0,0.8193174164719221,0.5553869949151536,0.28614532509523666,0.2669593609860529,0.33191627236222576,disgust,07,08,08,female,normal,886
10,0.33366666666666667,True,1.0,0.18172909761024053,0.23211873847180528,0.2069239180410229,0.5653578076298881,-0.05499999999999994,-0.06078703703703703,0.3746346082202698,0.11147391527210718,0.20697430445724502,0.36600523641567145,0.05038964086156475,0.0057870370370370905,0.018891589780884423,0.5967571039598834,0.1222888601960005,0.11290263303467636,0.0,0.9999999987499999,0.5536500209302472,0.2892626552300455,0.2659083966632672,0.33051457847510174,disgust,07,08,08,female,normal,886
20,0.6673333333333333,True,1.0,0.32064547007636895,0.37463799070818815,0.3476417303922785,0.5005635369319416,-0.054675925925925906,-0.0596296296296297,0.37108696181086737,0.10604158917269575,0.20216826132333862,0.694500707189036,0.053992520631819196,0.004953703703703793,0.004370744855453499,0.6748512841797994,0.12072081378909577,0.11490980326987563,0.0,0.7850860581114876,0.5887952937190502,0.28248679160408496,0.2794829379228268,0.3348491225656415,disgust,07,08,08,female,normal,886
30,1.0010000000000001,True,1.0,0.26938905201819946,0.2740649786621821,0.2717270153401908,0.7903663781404758,-0.053240740740740644,-0.061018518518518416,0.3864485329629038,0.21953430597483709,0.19730924259563265,0.3437988037642656,0.004675926643982642,0.007777777777777772,0.006043900086631962,0.427461439657639,0.11949562718141592,0.11618335876446385,0.0,0.9999999987499999,0.6009845429890706,0.2858461486598523,0.29801564567718275,0.3607092251701956,disgust,07,08,08,female,normal,886
40,1.3346666666666667,True,1.0,0.2443221551515961,0.2785356229978174,0.26142888907470674,0.6695585485962295,-0.04268518518518516,-0.048240740740740695,0.4041823924830626,0.1394913642908807,0.19588942569902656,0.3904496322581623,0.03421346784622131,0.005555555555555536,0.006308146058068793,0.5043367293454246,0.11990433602898154,0.11576151334028638,0.0,0.8660823053247105,0.6037546453034338,0.28520031791802936,0.3075452523371979,0.3631417479342671,disgust,07,08,08,female,normal,886
50,1.6683333333333334,True,1.0,0.4742228503029706,0.46390779769023016,0.4690653239966004,0.793462236462328,-0.04412037037037031,-0.04884259259259255,0.4170010333437407,0.13448512482412392,0.20208371087002966,0.591162757900036,0.01031505261274046,0.004722222222222239,0.00364502887668909,0.4293600912725733,0.11567104910774746,0.11999160873597202,0.0,0.9999999987499999,0.6248334173044219,0.31366811941365685,0.29129579391505606,0.40137123379861755,disgust,07,08,08,female,normal,886
60,2.0020000000000002,True,1.0,0.5183197486599334,0.5470306505271523,0.5326751995935428,0.7920648129232434,-0.04884259259259249,-0.053518518518518576,0.3798704493655438,0.16133778306834531,0.20486148352867514,0.6725146615560648,0.02871090186721892,0.004675925925926083,0.005409332823435569,0.3871711297410522,0.11699864731571165,0.11869749068627337,0.0,0.9999999987499999,0.6225975541466587,0.3131646776280461,0.28835206644574757,0.3883821872080705,disgust,07,08,08,female,normal,886
70,2.3356666666666666,True,1.0,0.4107996979744366,0.43224248753722844,0.4215210927558325,0.5835301645354423,-0.045509259259259305,-0.048101851851851896,0.4107075055910453,0.081394961337108,0.2090277777777778,0.7223638440206638,0.02144278956279183,0.002592592592592591,0.005536733593238901,0.562787956213169,0.12026918365603273,0.11538241300938115,0.0,0.8787978848408066,0.5730739736597764,0.2888000247324215,0.3031875851452377,0.3617373917406902,disgust,07,08,08,female,normal,886
80,2.6693333333333333,True,1.0,0.43694464095632596,0.469726271048665,0.4533354560024955,0.7268931005933629,-0.04495370370370366,-0.047638888888888786,0.340729973826968,0.14537862011867206,0.20626812479547255,0.6236617951559008,0.03278163009233903,0.002685185185185124,0.003531602636649038,0.4374999999999991,0.11971713024080727,0.11595510551857072,0.0,0.9999999987499999,0.5663947409666993,0.2910094147059762,0.2921239517375594,0.34949168561265925,disgust,07,08,08,female,normal,886
90,3.003,True,1.0,0.4347352046548026,0.4735492535205998,0.4541422290877012,0.524377293054495,-0.04282407407407418,-0.04638888888888881,0.39321866979353065,0.04251216534711603,0.20417002980063803,0.8660600584787436,0.0388140488657972,0.003564814814814632,0.0016232073860662597,0.6104352451962346,0.12154582587244653,0.11386960101300557,0.0,0.7818710863474876,0.5606354960968762,0.28976805212561246,0.29452939477521445,0.35387157622487886,disgust,07,08,08,female,normal,886
100,3.336666666666667,True,1.0,0.21278093979200702,0.21737412350533403,0.21507753164867052,0.5970918327255704,-0.05495370370370378,-0.05800925925925937,0.39274393707802424,0.056865888831006496,0.20626812479547255,0.3602084635237715,0.004593183713327009,0.003055555555555589,0.011611113962381433,0.5763848335376279,0.1173503808655676,0.11834976079341422,0.0,0.6999890942064513,0.6030583951471213,0.3173531899717567,0.27508505015228885,0.37267617675683573,disgust,07,08,08,female,normal,886
110,3.6703333333333332,True,1.0,0.12289150177719094,0.15873015873015814,0.14081083025367452,0.7307707738643737,-0.06259259259259264,-0.06620370370370376,0.37665845247095525,0.134214360200945,0.20212901015410112,0.19268809767672523,0.0358386569529672,0.0036111111111111205,0.011601051916169646,0.471074472621575,0.11766343077081431,0.11739113696480309,0.0,0.9999999987499999,0.5840767174135278,0.28969302408723135,0.29949097626082044,0.35596683085750547,disgust,07,08,08,female,normal,886
0,0.0,True,1.0,0.5122035942603624,0.5657677761444322,0.5389856852023973,0.5197180961442496,-0.055185185185185226,-0.0587037037037037,0.37044400106882974,0.15277465521151765,0.19930900071578367,1.037073154083132,0.05356418188406975,0.0035185185185184764,0.006410241158727452,0.6067644518095529,0.12088305959315926,0.11473911134813558,0.0,0.786507469046892,0.6150493629014105,0.3155357126142962,0.2631352068849719,0.367444456457985,disgust,07,08,08,female,normal,887
10,0.33366666666666667,True,1.0,0.5438743887155995,0.5651182033211655,0.5544962960183825,0.4921452100271551,-0.0553703703703704,-0.059259259259259345,0.3704269969053359,0.16138544470614813,0.2000034331980719,1.126692457268429,0.021243814605566014,0.0038888888888889417,0.009301844584269562,0.627416765437825,0.11870281793470949,0.11699324246984492,0.0,0.7185940189767038,0.6148357876978917,0.3166614209856529,0.26131199751763967,0.3672811259354005,disgust,07,08,08,female,normal,887
20,0.6673333333333333,True,1.0,0.38617240151161086,0.4697262710486661,0.4279493362801385,0.5910582125219218,-0.052453703703703614,-0.05587962962962956,0.364946199727599,0.19434189466997448,0.200003433198072,0.7240392354150162,0.08355386953705524,0.0034259259259259434,0.013008276330616327,0.5941795083011685,0.11773367062257958,0.11796847278381055,0.0,0.7071067807446058,0.6123707182560524,0.31690585213457173,0.26475993483306975,0.3665141439728699,disgust,07,08,08,female,normal,887
30,1.0010000000000001,True,1.0,0.4669699540646385,0.4939737419306557,0.4804718479976471,0.7138205121345227,-0.04773148148148143,-0.049398148148148135,0.37709165890717783,0.18225204565136807,0.1986126476545556,0.6730989651178586,0.027003787866017204,0.0016666666666667052,0.01878236679011613,0.4791959842363927,0.11879982510384632,0.11558350982666313,0.0,0.9999999987499999,0.5945460821750576,0.285537370201337,0.3019838621664278,0.3626677794538939,disgust,07,08,08,female,normal,887
40,1.3346666666666667,True,1.0,0.3915268678806652,0.4388752351522976,0.4152010515164814,0.6306167296596169,-0.043981481481481455,-0.04504629629629636,0.3997439339218471,0.11464821894353619,0.2020893738358381,0.6584047520283696,0.047348367271632386,0.0010648148148149073,0.020111832884507613,0.5245973615866645,0.12050536673929045,0.1151357214616499,0.0,0.9999999987499999,0.5957011439653987,0.28489947074713406,0.30348527035404543,0.365362760920605,disgust,07,08,08,female,normal,887
50,1.6683333333333334,True,1.0,0.41351200064621707,0.46384870941829004,0.43868035503225355,0.7074273143310007,-0.05351851851851863,-0.05495370370370373,0.426483480760124,0.06673842588028289,0.21117217758995505,0.6201066118674036,0.05033670877207297,0.001435185185185095,0.039138132629557586,0.4143449093426689,0.11803543370694101,0.11537746267433895,0.0,0.8730217215307644,0.585779686101003,0.285471630779864,0.3079745711291444,0.3689809433518222,disgust,07,08,08,female,normal,887
60,2.0020000000000002,True,1.0,0.4113738442802239,0.45993713258117347,0.4356554884306987,0.6570769739892445,-0.04995370370370367,-0.0524537037037035,0.4123355747595296,0.04192907373920872,0.21463452564928703,0.663020476559615,0.04856328830094958,0.0024999999999998357,0.037239940164326704,0.4566428925203655,0.12143207219509188,0.11415791523986113,0.0,0.9999999987499999,0.5620328241609144,0.2891722581797189,0.292279807657654,0.355850794039151,disgust,07,08,08,female,normal,887
70,2.3356666666666666,True,1.0,0.3461217002821386,0.39251517889933446,0.3693184395907365,0.6410976936464772,-0.04481481481481475,-0.04601851851851857,0.3946694672149568,0.05099640744915141,0.2125229766989913,0.5760720140640392,0.04639347861719584,0.0012037037037038179,0.033922620244633016,0.5113636363636364,0.12201885400159994,0.11353051148358967,0.0,0.8715790995039453,0.5627535304277962,0.2855805115351004,0.2919129241339029,0.35145852353142376,disgust,07,08,08,female,normal,887
80,2.6693333333333333,True,1.0,0.4107996979744367,0.4303015022733421,0.4205506001238894,0.7885774165080977,-0.042175925925925895,-0.043611111111111156,0.39932384143501104,0.07165513683971016,0.20834651650997263,0.5333028708660349,0.019501804298905356,0.0014351851851852615,0.034760558286272156,0.39909001944047284,0.12154395496924683,0.11403878629672899,0.0,0.7071067807446058,0.5643588291722939,0.2852667316816214,0.29382863347624444,0.36064587238731743,disgust,07,08,08,female,normal,887
90,3.003,True,1.0,0.3985292200286274,0.4551268735923416,0.4268280468104845,0.6713704058144824,-0.042731481481481426,-0.045231481481481595,0.39957273010867655,0.07692257732668552,0.20555889596601926,0.6357564216621554,0.05659765356371421,0.0025000000000001688,0.027084753301420995,0.4808871903135715,0.1209882968867831,0.11345872444592926,0.0,0.7397008044004277,0.5595459816113946,0.28527144079899847,0.29830704515362455,0.36007992232103436,disgust,07,08,08,female,normal,887
100,3.336666666666667,True,1.0,0.48069222811862994,0.497360743545284,0.48902648583195696,0.7471684915844441,-0.04513888888888884,-0.04712962962962974,0.3973264720856956,0.09162871121771783,0.20417264553320505,0.654506301242613,0.01666851542665404,0.001990740740740904,0.018952066129792833,0.4355258498741872,0.12170117805039816,0.11370354912249608,0.0,0.8693481916348106,0.5573417651357419,0.2884527531328534,0.2963596646712692,0.3654878507839667,disgust,07,08,08,female,normal,887
110,3.6703333333333332,True,1.0,0.3855982038516084,0.42474152025715284,0.40516986205438066,0.6899213722782916,-0.05555555555555558,-0.05472222222222212,0.3813329178749198,0.09540782524009378,0.20694776243640664,0.5872696198936542,0.039143316405544415,0.0008333333333334636,0.032655880578199514,0.46720654517142785,0.12002563477311196,0.11514040526126651,0.0,0.9221800343443122,0.5574055257337309,0.2891013345088607,0.28938082108760604,0.35775738276732566,disgust,07,08,08,female,normal,887
0,0.0,True,1.0,0.5478360269141098,0.6170622639912133,0.5824491454526616,0.553792294939223,-0.05782407407407408,-0.06138888888888888,0.36098442875784054,0.15814469642724194,0.20004615251177824,1.0517465677571112,0.06922623707710351,0.0035648148148147984,0.008667989446174031,0.5422509899805262,0.12146611518926272,0.11395462554281616,0.0,0.7253083053448749,0.611330289350115,0.2823041115021699,0.28671937355630256,0.3466221224049945,disgust,07,08,08,female,strong,888
10,0.33366666666666667,True,1.0,0.5549583103693476,0.6164404151295771,0.5856993627494624,0.5337679838893469,-0.058148148148148115,-0.062222222222222234,0.36418670999085445,0.1646374558770521,0.19937023807184523,1.0972920452847565,0.06148210476022953,0.004074074074074119,0.005745526390292808,0.5578012167681907,0.11988277116988283,0.11545428121373313,0.0,0.9999999987499999,0.6107698176379928,0.2824240741094868,0.2872228908774134,0.3461341633348806,disgust,07,08,08,female,strong,888
20,0.6673333333333333,True,1.0,0.5070699725962993,0.5881268667848448,0.5475984196905721,0.608367304188228,-0.05458333333333337,-0.05902777777777768,0.3662206215652619,0.15592675657499666,0.19941615374813357,0.9001115213140151,0.08105689418854556,0.0044444444444443065,0.005186680133619549,0.5104225483157057,0.11859647312505571,0.11693823319917146,0.0,0.9999999987499999,0.6087705902673569,0.2818262536314833,0.2893635526613843,0.3425696387039864,disgust,07,08,08,female,strong,888
30,1.0010000000000001,True,1.0,0.16068673280572518,0.16212591742456256,0.16140632511514386,0.8311598662945726,-0.06087962962962956,-0.06601851851851848,0.43063055595876604,0.17526187135109628,0.2008783526663007,0.19419407945515454,0.0014391846188373802,0.005138888888888915,0.01912516810379015,0.3790877228716763,0.11353942085934607,0.12154121044571156,0.0,0.9999999987499999,0.6123045998711985,0.2860213574782783,0.30566198403865424,0.38743752711571117,disgust,07,08,08,female,strong,888
40,1.3346666666666667,True,1.0,0.19122076024395973,0.1978567484215921,0.1945387543327759,0.660743887591576,-0.053749999999999964,-0.0564351851851852,0.4449720405507612,0.12070576368336305,0.19878044349622456,0.2944238425600475,0.006635988177632363,0.002685185185185235,0.024484005021703698,0.511646379876943,0.11617565856603258,0.11934358038027897,0.0,0.9869842799319586,0.614488521502351,0.28743783145245067,0.3103627453287685,0.374581199481918,disgust,07,08,08,female,strong,888
50,1.6683333333333334,True,1.0,0.22968786568487431,0.24691358024691276,0.23830072296589355,0.7260467320556719,-0.04870370370370364,-0.05078703703703713,0.41343169117203077,0.1780769052533799,0.1967900324008665,0.3282167833621226,0.017225714562038447,0.0020833333333334925,0.02639862785509714,0.47793997719490544,0.1171888568365091,0.11802642822572879,0.0,0.8584786157554046,0.6138331698773258,0.2869385296723722,0.3096536902074176,0.3697844994235294,disgust,07,08,08,female,strong,888
60,2.0020000000000002,True,1.0,0.3432730537319525,0.3432126857418802,0.3432428697369163,0.9553141707811291,-0.04162037037037042,-0.04467592592592595,0.39011094724429657,0.17368717766375824,0.19739274606235463,0.35929841745805763,6.036799007230753e-05,0.0030555555555555336,0.00960205227951071,0.34123323230437497,0.11564105216553854,0.1200205183393388,0.0,0.9999999987499999,0.5830023402173369,0.2930735008210707,0.28932593977036847,0.3595088004134935,disgust,07,08,08,female,strong,888
70,2.3356666666666666,True,1.0,0.37190045390271453,0.4061639137702588,0.38903218383648663,0.5214231808679907,-0.043564814814814834,-0.04643518518518519,0.3823177009743456,0.09683573358976925,0.1972980287910503,0.7460968328812723,0.034263459867544255,0.0028703703703703565,0.004095485792628752,0.5813864498607025,0.11769902390787029,0.1165409027425829,0.0,0.7158441811587721,0.5893710706157465,0.2912623171007376,0.281357260397477,0.3520816417953156,disgust,07,08,08,female,strong,888
80,2.6693333333333333,True,1.0,0.35643380509794603,0.3906399140344338,0.3735368595661899,0.6382338700425875,-0.041018518518518454,-0.043055555555555625,0.37741314879229954,0.09116809116809083,0.20416704035095481,0.5852664314748212,0.03420610893648779,0.0020370370370371704,0.004537823003049458,0.522816927796837,0.11737330089229497,0.11832702990595358,0.0,0.9999999987499999,0.5786170074514181,0.2912468685991882,0.29111539243496226,0.3547638777885704,disgust,07,08,08,female,strong,888
90,3.003,True,1.0,0.39567424345877494,0.45592808668314777,0.42580116507096133,0.7659238148578867,-0.04064814814814821,-0.04351851851851851,0.3700595254137399,0.13786628667441916,0.20138926772743346,0.555931486671382,0.06025384322437283,0.002870370370370301,0.018883821040097237,0.4392056039032289,0.11946636075216512,0.1162134519646422,0.0,0.9999999987499999,0.5770211393229167,0.29034312856799094,0.29497424203044326,0.36470613034207044,disgust,07,08,08,female,strong,888
100,3.336666666666667,True,1.0,0.44010942490642657,0.4783014613744526,0.4592054431404396,0.6893523458374732,-0.04180555555555565,-0.0444444444444444,0.383910346490031,0.07333535594015647,0.20694591911410629,0.6661403938251126,0.03819203646802605,0.0026388888888887463,0.020282613747297285,0.5044575521392926,0.12053589086764491,0.11460612958917359,0.0,0.8661968299721363,0.5431956333939825,0.2971830258419461,0.28062429622750884,0.36261054778329593,disgust,07,08,08,female,strong,888
110,3.6703333333333332,True,1.0,0.3968251299644539,0.46350174487233914,0.4301634374183965,0.6333960363231348,-0.04310185185185189,-0.04532407407407407,0.4024607863074823,0.007037183978399485,0.20486148352867514,0.6791381896159251,0.06667661490788523,0.002222222222222181,0.019660399311224586,0.539292235711705,0.12054918272236725,0.11475828692975261,0.0,0.9999999987499999,0.5700666958267684,0.2901740088508556,0.3018412347637454,0.3676584101218271,disgust,07,08,08,female,strong,888
120,4.0040000000000004,True,1.0,0.14724682666473324,0.1975362080580602,0.1723915173613967,0.46034110980332027,-0.06162037037037038,-0.06250000000000006,0.40716244832792153,0.04876034633312046,0.20142676921641706,0.374486470337291,0.05028938139332695,0.0008796296296296746,0.006719894584744177,0.7175323119286974,0.11824047706020653,0.11713564554964323,0.0,0.9999999987499999,0.5732758525206958,0.28981604026491065,0.2868858137557102,0.34277665041559313,disgust,07,08,08,female,strong,888
0,0.0,True,1.0,0.5364293445913014,0.5861567956144034,0.5612930701028525,0.4622680531451199,-0.060833333333333406,-0.06189814814814809,0.3665886105151022,0.13846153846153794,0.20507551163090884,1.2142155753225838,0.04972745102310194,0.0010648148148146852,0.021346817183117706,0.6686010900300061,0.12184886237563276,0.11371293904952046,0.0,0.7429546017786877,0.6070590221713685,0.2806618284791294,0.28409873488765036,0.34467267459752726,disgust,07,08,08,female,strong,889
10,0.33366666666666667,True,1.0,0.5397105004854653,0.5865412656787374,0.5631258830821013,0.4971605834684445,-0.0589351851851852,-0.059675925925925855,0.3585018775684439,0.13963239602986474,0.20868496529618125,1.1326840900246946,0.04683076519327212,0.000740740740740653,0.023145668522022225,0.6338848471966073,0.12115019519544877,0.11429043715845989,0.0,0.9999999987499999,0.6007639141828606,0.2820116746751754,0.284417108650677,0.3423512861418666,disgust,07,08,08,female,strong,889
20,0.6673333333333333,True,1.0,0.1052622068354349,0.14102848513573524,0.12314534598558508,0.4790747422485851,-0.07361111111111107,-0.07467592592592592,0.3685148746849427,0.08477413204458714,0.20427463297768614,0.25704829565338827,0.03576627830030034,0.0010648148148148517,0.03811380740738318,0.6996450083699229,0.11538929342484659,0.11978638023107657,0.0,0.9999999987499999,0.6200498067742722,0.28284482828083435,0.2746829956333206,0.3439920104286432,disgust,07,08,08,female,strong,889
30,1.0010000000000001,True,1.0,0.17527114695402568,0.2051577812610877,0.19021446410755669,0.7573445189760074,-0.07847222222222222,-0.07435185185185184,0.3935836537243448,0.2353004727394355,0.1897285547994645,0.25115975535776297,0.02988663430706201,0.004120370370370385,0.07285079314867177,0.40785513064733875,0.11928742242778988,0.11606929277269094,0.0,0.9999999987499999,0.6366478904061624,0.27913992821934014,0.30495949778752784,0.38191200272668224,disgust,07,08,08,female,strong,889
40,1.3346666666666667,True,1.0,0.1376311470695722,0.17613233342091386,0.15688174024524304,0.5323135053249245,-0.07287037037037042,-0.06800925925925921,0.3893976229056768,0.16215723704212395,0.19450093735393315,0.29471681382474474,0.03850118635134167,0.004861111111111205,0.06940729461323171,0.6022218630581256,0.11806778992394162,0.11665826617219813,0.0,0.9999999987499999,0.6345138179334234,0.2832388143439821,0.28621445448609534,0.3513308112295511,disgust,07,08,08,female,strong,889
50,1.6683333333333334,True,1.0,0.21938007206386476,0.26814181478215865,0.2437609434230117,0.864161576068506,-0.05699074074074073,-0.05527777777777776,0.397266414150639,0.20472061654713392,0.18823498003510292,0.2820779703397593,0.04876174271829389,0.0017129629629629717,0.05575308722409531,0.3807349864328346,0.11718452941654062,0.11770745132309972,0.0,0.9999999987499999,0.6278091478935325,0.28792030485857234,0.29857145046888217,0.3618148682309891,disgust,07,08,08,female,strong,889
60,2.0020000000000002,True,1.0,0.32675716736481897,0.389976813710592,0.3583669905377055,0.7492637831634688,-0.0494444444444444,-0.04824074074074075,0.393583567265573,0.20184192289872374,0.1847486536019033,0.4782921563680059,0.06321964634577304,0.0012037037037036513,0.05919727724598626,0.427121590199283,0.11790939873760062,0.11649171592076217,0.0,0.9999999987499999,0.6308579931894633,0.28884662529892746,0.2955383813590327,0.35833504044840153,disgust,07,08,08,female,strong,889
70,2.3356666666666666,True,1.0,0.310086836473021,0.39773391074516057,0.3539103736090908,0.5330291546336154,-0.039212962962963005,-0.03763888888888889,0.33313513009324797,0.09710942328726485,0.183367038287288,0.6639606305444131,0.08764707427213958,0.0015740740740741166,0.06280652205161331,0.5744626810996545,0.1196154246850999,0.11589574625292288,0.0,0.9999999987499999,0.6299614102906788,0.28458908006482475,0.2772557526547377,0.33406461523855663,disgust,07,08,08,female,strong,889
80,2.6693333333333333,True,1.0,0.3934887746655736,0.44461398464156454,0.4190513796535691,0.8547988641373546,-0.03805555555555551,-0.03694444444444439,0.37211667195654147,0.14727016006166932,0.18826294450387393,0.49023389856333877,0.05112520997599096,0.0011111111111111183,0.070836599854393,0.3843508353185943,0.11771932960579459,0.11733508177851305,0.0,0.9999999987499999,0.621863524745836,0.2856708470595893,0.2855327962225386,0.35136472295271476,disgust,07,08,08,female,strong,889
90,3.003,True,1.0,0.37508821524734914,0.41429275899405466,0.39469048712070187,0.45645674054018304,-0.037546296296296355,-0.03648148148148156,0.37960059095409665,-0.015148798453241056,0.19168099612422096,0.86468322639647,0.03920454374670551,0.0010648148148147962,0.07398215359850058,0.691518089377198,0.1216161808591327,0.11379445669828613,0.0,0.8076207443443363,0.5818015530821703,0.28687108374055725,0.28415710674392713,0.3398582190826449,disgust,07,08,08,female,strong,889
100,3.336666666666667,True,1.0,0.10298066691029041,0.15486054401553442,0.12892060546291242,0.5903647028079653,-0.057083333333333375,-0.055555555555555525,0.37716162704249784,0.0680059226502278,0.1917339262223218,0.21837451468511646,0.05187987710524401,0.00152777777777785,0.07941479741892242,0.5810624888282955,0.11997340636421411,0.11568992840608382,0.0,0.9160944485146407,0.5828515037264906,0.2869601782014916,0.2691555189719852,0.33357625787503176,disgust,07,08,08,female,strong,889
110,3.6703333333333332,True,1.0,0.09981641171498856,0.14591594897391716,0.12286618034445286,0.62872572714143,-0.06152777777777768,-0.06305555555555553,0.37573271686962023,0.11958580477367027,0.19465189690688683,0.19542095231743947,0.0460995372589286,0.00152777777777785,0.03788941231007775,0.5565070900876186,0.11755869246331671,0.11798147162822761,0.0,0.7576353742232149,0.5746002895767682,0.29319404376464464,0.26405802212077595,0.33205408988779805,disgust,07,08,08,female,strong,889
0,0.0,True,1.0,0.5257836346735901,0.5578350082352314,0.5418093214544107,0.45408950117351227,-0.05694444444444441,-0.055555555555555636,0.37179212017546126,0.09823077716144016,0.20845195190820423,1.1931773803494738,0.03205137356164123,0.001388888888888773,0.004777987340110589,0.6627776184864197,0.11832807791507514,0.11720981101582913,0.0,0.8965977102554863,0.6031010363754877,0.32018993155301706,0.24548296470214917,0.35379049891198805,disgust,07,08,08,female,strong,890
10,0.33366666666666667,True,1.0,0.2181484755767283,0.2373348274472067,0.2277416515119675,0.5108624194962613,-0.06351851851851847,-0.06527777777777777,0.34973972211255683,0.14359134616766664,0.20922077066308853,0.44579840446383473,0.019186351870478374,0.0017592592592592937,0.007340333626271198,0.656706937459074,0.1228314975369774,0.1126507921952339,0.0,0.9502698547796266,0.5808442232361695,0.2870119259277283,0.2673444871000981,0.3354606496055552,disgust,07,08,08,female,strong,890
20,0.6673333333333333,True,1.0,0.0510302476418526,0.09681332552873206,0.07392178658529233,0.599968641174785,-0.06513888888888891,-0.06953703703703701,0.3556787379630835,0.10252517177679564,0.1959458913701307,0.12320941714644912,0.045783077886879464,0.0043981481481480955,0.029426202579733024,0.5674538972992861,0.1198354966481426,0.11583277391113969,0.0,0.8726506816671736,0.6086291216330282,0.2817978831768911,0.2886169309195836,0.3420122630445546,disgust,07,08,08,female,strong,890
30,1.0010000000000001,True,1.0,0.18796818440164295,0.20114473632695037,0.19455646036429666,0.7704911406202194,-0.05245370370370367,-0.05495370370370373,0.39939090123918125,0.16405047887294383,0.19521550446455999,0.2525096657278697,0.013176551925307423,0.0025000000000000577,0.02790786932230215,0.4512509059177476,0.11636663185601204,0.11722300730189615,0.0,0.9999999987499999,0.609312527917417,0.2836739000767036,0.2975312422039615,0.36372948255419235,disgust,07,08,08,female,strong,890
40,1.3346666666666667,True,1.0,0.1998454552335741,0.21693376130780329,0.2083896082706887,0.6340027061350089,-0.04694444444444451,-0.048703703703703694,0.4130544986084239,0.10336227882433999,0.19671558142997747,0.3286888309058933,0.017088306074229176,0.0017592592592591827,0.016071292749803113,0.5298046610266282,0.11972093683317822,0.11578674840170006,0.0,0.9860729420234445,0.6176888918067227,0.28595048753091984,0.3054593679268751,0.3675516660303029,disgust,07,08,08,female,strong,890
50,1.6683333333333334,True,1.0,0.29264727890069797,0.3342771326810734,0.3134622057908857,0.7519785710202599,-0.04199074074074083,-0.046064814814814836,0.42589270671408636,0.07382152887613481,0.19458603804955857,0.41684991816401157,0.041629853780375425,0.004074074074074008,0.013080398048933687,0.4276850012542009,0.11942457919525282,0.11625638758020827,0.0,0.9383235556339914,0.6104582968187275,0.286805634351675,0.31186575062419797,0.3824464580701362,disgust,07,08,08,female,strong,890
60,2.0020000000000002,True,1.0,0.2568398134507572,0.25614979188238085,0.256494802666569,0.8804709621712441,-0.0440740740740741,-0.0466203703703702,0.3964409265628625,0.13709921307671968,0.19525184725676933,0.29131545921066154,0.0006900215683763311,0.002546296296296102,0.009321361693818465,0.3745722015017862,0.11691897786165034,0.11829378065569765,0.0,0.8338398152475023,0.5997346405359019,0.29012191294963346,0.2981796827482932,0.35255263934614967,disgust,07,08,08,female,strong,890
70,2.3356666666666666,True,1.0,0.2934376467645213,0.3397318148963144,0.3165847308304178,0.7909771961197144,-0.034351851851851856,-0.03851851851851851,0.3343242670290641,0.09667499063685364,0.19514240760994458,0.40024507960973216,0.0462941681317931,0.004166666666666652,0.017908237503378787,0.425580576578037,0.12167385810470994,0.11390017569569867,0.0,0.8575210584170715,0.5869316176236119,0.28838639233429064,0.27954005382666774,0.34270690806898674,disgust,07,08,08,female,strong,890
80,2.6693333333333333,True,1.0,0.37486148630524563,0.40305280126484305,0.3889571437850443,0.7302262044556309,-0.03662037037037025,-0.037685185185185155,0.3711632862402098,0.12421378486018941,0.19584307274374055,0.5326529524847771,0.028191314959597424,0.0010648148148149073,0.024472181715179703,0.4564795556492349,0.12229045059436072,0.11290091039472142,0.0,0.8859373654712123,0.5815829575111294,0.2890636784110642,0.2901517053844024,0.346026839680058,disgust,07,08,08,female,strong,890
90,3.003,True,1.0,0.4354975978831408,0.46657335404501654,0.45103547596407867,0.692780458823643,-0.04046296296296292,-0.0412037037037038,0.38898634018540007,0.08104683951871251,0.19722841160573598,0.6510510944981721,0.031075756161875745,0.000740740740740875,0.024975114270829286,0.4804733145486239,0.12173281797706129,0.11383715912122588,0.0,0.9684633362794632,0.581808020966199,0.2869550424315066,0.2969266427309555,0.3710757547627684,disgust,07,08,08,female,strong,890
100,3.336666666666667,True,1.0,0.4195811569246866,0.42144907894067596,0.42051511793268126,0.5774820286961483,-0.042268518518518594,-0.044537037037036986,0.37615613772819284,0.03795483253806405,0.1972469785909827,0.728187366942188,0.0018679220159893428,0.002268518518518392,0.02255643192865697,0.5426568045196725,0.12274056930749744,0.1127498577189712,0.0,0.887809027724201,0.5830098258912939,0.2879930860240148,0.291627888340145,0.3578329108724888,disgust,07,08,08,female,strong,890
110,3.6703333333333332,True,1.0,0.26176477932240194,0.2790916684405269,0.2704282238814644,0.6972359082614213,-0.054814814814814816,-0.057222222222222174,0.38608889029691174,0.10383620968462774,0.19666787146554268,0.38785756825947953,0.017326889118124966,0.002407407407407358,0.007211934309782902,0.45674097884397274,0.11809854086914597,0.11760319899358795,0.0,0.8556368301836766,0.6028981053671468,0.2874895854668702,0.29362864176904285,0.3491651051383271,disgust,07,08,08,female,strong,890
0,0.0,True,1.0,0.5109596602232942,0.5272215798871053,0.5190906200551997,0.4893758341685802,-0.045185185185185106,-0.04597222222222219,0.3566115103626551,0.007887966148203293,0.20422980960499723,1.0607197654888356,0.016261919663811075,0.000787037037037086,0.005571797823342623,0.6240686817767485,0.12503999243565606,0.11019427417704418,0.0,0.9199101998550573,0.5635244444105767,0.28899351271139423,0.26612036200798567,0.34262595790542455,disgust,07,08,08,female,strong,891
10,0.33366666666666667,True,1.0,0.4699907257898134,0.49818163558957523,0.48408618068969433,0.5702375945649379,-0.03763888888888889,-0.04180555555555543,0.3429844649171225,0.05701639652610593,0.20144343430390393,0.8489201436447333,0.028190909799761854,0.004166666666666541,0.005062489720906076,0.5973050162279838,0.12359324241278513,0.1118145258876927,0.0,0.8158540695829148,0.5576606533394608,0.29192813344778124,0.2784524736550543,0.33815914551547677,disgust,07,08,08,female,strong,891
20,0.6673333333333333,True,1.0,0.1534653198924436,0.18022318391912223,0.16684425190578292,0.5346429667484618,-0.054768518518518605,-0.05486111111111114,0.37510677632052747,-0.02220911654112025,0.20220561833854575,0.31206667305562746,0.026757864026678624,9.259259259253305e-05,0.07221896208928225,0.6100433341362396,0.11760355051105663,0.1177751025520181,0.0,0.9999999987499999,0.5893491854085384,0.2891272312864713,0.2804047917482431,0.33228818491837264,disgust,07,08,08,female,strong,891
30,1.0010000000000001,True,1.0,0.14637303059817516,0.1831640366135279,0.16476853360585153,0.7217670023333288,-0.05472222222222234,-0.0559722222222222,0.4353617895880994,0.05897660439277078,0.19663993831025836,0.22828493554455623,0.036791006015352734,0.0012499999999998623,0.04982495504785941,0.43509026495054004,0.11993664174809021,0.11556329775501942,0.0,0.8038648986935627,0.5996649783897935,0.2899769233177705,0.30998950768439265,0.3748659928244083,disgust,07,08,08,female,strong,891
40,1.3346666666666667,True,1.0,0.13251902368169638,0.14601436337688173,0.13926669352928905,0.717541830800945,-0.04689814814814802,-0.0494444444444444,0.42352957530657387,0.08119000742672973,0.19394049355166262,0.19408860578042503,0.013495339695185349,0.0025462962962963798,0.02907410121751212,0.4701608997081606,0.11876187138906553,0.11677025188745849,0.0,0.7071067807446058,0.5979910171959409,0.2904058372918684,0.305150833330224,0.3684641019043504,disgust,07,08,08,female,strong,891
50,1.6683333333333334,True,1.0,0.26372866085615204,0.2991774960587452,0.2814530784574486,0.9116217827413802,-0.037314814814814856,-0.038287037037037064,0.4307692342443026,0.04623553960277968,0.1868202578696493,0.3087388693270119,0.035448835202593176,0.0009722222222222077,0.011850648656601483,0.35981705591779634,0.1189067404180249,0.11613160233950234,0.0,0.9999999987499999,0.5939364371608019,0.29155779021669814,0.3099952430381272,0.38850999256915536,disgust,07,08,08,female,strong,891
60,2.0020000000000002,True,1.0,0.29532437630577313,0.31638284997544064,0.3058536131406069,0.8352064332464877,-0.037268518518518534,-0.03847222222222224,0.3990176916749571,0.08639660252040723,0.1923615077290461,0.36620121800515726,0.02105847366966751,0.0012037037037037068,0.013951844530630591,0.3894422717720389,0.12080817679557336,0.11481795238022256,0.0,0.7053281302208869,0.5803511491080807,0.29315380152936305,0.2962518937404051,0.35323684066399974,disgust,07,08,08,female,strong,891
70,2.3356666666666666,True,1.0,0.21321496531192827,0.2347145117719771,0.2239647385419527,0.6592981026450793,-0.03703703703703698,-0.03888888888888897,0.38380568572597534,0.0824055292151277,0.19446366956824931,0.3397017792761947,0.02149954646004884,0.0018518518518519933,0.022893484021688955,0.541199287445114,0.12150898670668041,0.11340603215283777,0.0,0.7075240995310601,0.5872335588844912,0.28888556966477574,0.30198495368743883,0.35764423604642653,disgust,07,08,08,female,strong,891
80,2.6693333333333333,True,1.0,0.29384053733289045,0.31823749089620523,0.3060390141145478,0.7672969883627088,-0.04259259259259257,-0.04615740740740737,0.3655643969232382,0.15342056800502418,0.19387754118660194,0.3988534019501197,0.024396953563314783,0.0035648148148147984,0.012845050496816212,0.44045811186186756,0.1195656839557596,0.11611126125169252,0.0,0.9670192159204037,0.587243198482518,0.28934137083665484,0.29132563753995877,0.35306614255274243,disgust,07,08,08,female,strong,891
90,3.003,True,1.0,0.09518638861560269,0.12922544010548628,0.11220591436054449,0.4848818240654869,-0.05453703703703705,-0.057916666666666616,0.3845075790614169,-0.022027286681836244,0.19663993831025847,0.23140878620641026,0.03403905148988359,0.003379629629629566,0.00958960829914649,0.6162639883157053,0.12222186858490215,0.11297515086999775,0.0,0.9999999987499999,0.5854173725427672,0.2874061858924037,0.2935398710315885,0.34603246320206354,disgust,07,08,08,female,strong,891
100,3.336666666666667,True,1.0,0.1387769773971774,0.15126347392521053,0.14502022566119396,0.5671570084561052,-0.053333333333333344,-0.05560185185185185,0.4320573892083197,0.14822210642374625,0.19338762614727917,0.2556967885417883,0.01248649652803313,0.002268518518518503,0.001470067975562608,0.5792630717979854,0.11589666014617195,0.11817234219682454,0.0,0.9999999987499999,0.5955847461484594,0.32317449769393203,0.28117378298545015,0.37162875562482794,disgust,07,08,08,female,strong,891
110,3.6703333333333332,True,1.0,0.22681292327134486,0.24310812264531048,0.23496052295832767,0.4402278955650243,-0.052314814814814814,-0.05671296296296291,0.4402025567060969,0.06916973692591759,0.19338762614727917,0.5337247487616845,0.01629519937396562,0.0043981481481480955,0.010755648335547414,0.684518223572023,0.12071640651053768,0.11474852077922942,0.0,0.7258346712647143,0.577815212248962,0.28356729681448267,0.29586610043882444,0.3428009316252588,disgust,07,08,08,female,strong,891
0,0.0,True,1.0,0.5871379373149163,0.5870058664433121,0.5870719018791142,0.4505361566395206,-0.08500000000000002,-0.08435185185185196,0.37697428636632013,0.2398015027274867,0.18475567380152816,1.3030516934711578,0.00013207087160416187,0.0006481481481480644,0.00961158691877301,0.5271975031580737,0.12395050512899129,0.1114183559757907,0.0,0.6494175894708974,0.6254858035401661,0.274003388487361,0.282869067662695,0.3411204100956393,surprised,08,08,08,female,normal,892
10,0.33366666666666667,True,1.0,0.6010960082258192,0.602226970791429,0.6016614895086241,0.48840674982792487,-0.08087962962962969,-0.08037037037037048,0.3716080751531632,0.22940317037372238,0.18960305135840613,1.2318861066531146,0.0011309625656097388,0.0005092592592592093,0.0034240795494951824,0.5292772817729063,0.11433839232639491,0.12078989182053272,0.0,0.9999999987499999,0.670011789848752,0.29287140588905153,0.26326042975920894,0.38415667020778804,surprised,08,08,08,female,normal,892
20,0.6673333333333333,True,1.0,0.5788433105857635,0.5656535185663734,0.5722484145760685,0.4881036305858054,-0.0859259259259259,-0.08564814814814814,0.37263800895991145,0.20704419161744125,0.19378937351945408,1.1723912274310997,0.01318979201939019,0.0002777777777777657,0.011472645235376049,0.5317961009991053,0.11534164564844221,0.11999114405983724,0.0,0.9284208307978995,0.6677071679140406,0.2944821709982689,0.2693295507793944,0.39231777294806336,surprised,08,08,08,female,normal,892
30,1.0010000000000001,True,1.0,0.13603848733142712,0.1557504743344686,0.14589448083294787,0.9425447803630655,-0.09449074074074065,-0.09740740740740744,0.3641189957305555,0.35538573685820535,0.2056505504970825,0.15478785079765625,0.01971198700304147,0.0029166666666667895,0.017873394885511203,0.32316197484547127,0.11521880729628316,0.12026761935972924,0.0,0.770715826578603,0.637546404389881,0.3076526435561111,0.26493864409697565,0.39174029351158646,surprised,08,08,08,female,normal,892
40,1.3346666666666667,True,1.0,0.18064049643568764,0.19436459806053638,0.187502547248112,0.6110519387445351,-0.0981481481481482,-0.09870370370370374,0.3955291170482302,0.06394182519374227,0.2264549320260174,0.30685206176311947,0.013724101624848745,0.0005555555555555314,0.009777489046550682,0.44472939179563487,0.11224673814876958,0.12320084229902038,0.0,0.9999999987499999,0.6342709350615245,0.308945529158675,0.2591485721678691,0.3782683967609842,surprised,08,08,08,female,normal,892
50,1.6683333333333334,True,1.0,0.30582841214990675,0.3114811624368447,0.3086547872933757,1.1740420965729093,-0.07652777777777775,-0.07680555555555563,0.3361654718482709,0.2683438155136272,0.21111147250317436,0.26289925054165886,0.0056527502869379576,0.0002777777777778767,0.011783407366447845,0.2651700101944747,0.11691009279143867,0.11781843780423497,0.0,0.9999999987499999,0.5771544318977591,0.2889086094630417,0.26330833022195965,0.3405858199443357,surprised,08,08,08,female,normal,892
60,2.0020000000000002,True,1.0,0.7463428540255156,0.7104867295939835,0.7284147918097496,0.806362836489218,-0.064074074074074,-0.06245370370370379,0.3766013685947276,0.14932645120170757,0.2097353180985255,0.9033337833141685,0.03585612443153208,0.0016203703703702166,0.0035486926762785605,0.36458333333333304,0.11569076352854121,0.11981369310361024,0.0,0.9999999987499999,0.6055332967171244,0.3165807651431236,0.25286606995915506,0.37019787239406754,surprised,08,08,08,female,normal,892
70,2.3356666666666666,True,1.0,0.7587553048491259,0.7247595275549036,0.7417574162020147,0.8200337238685053,-0.06060185185185185,-0.059861111111111254,0.328138406040974,0.205008430967127,0.20350259171614984,0.9045450139572037,0.03399577729422232,0.0007407407407405975,0.0037874829384307433,0.35217924297724934,0.11943908433392507,0.11624148529029521,0.0,0.9397042848110659,0.6058758948188651,0.2800257070383332,0.285306905619422,0.3524855450990014,surprised,08,08,08,female,normal,892
80,2.6693333333333333,True,1.0,0.7918645743068,0.7464270727383838,0.7691458235225919,0.7618197540555908,-0.06504629629629632,-0.06384259259259267,0.3695557673301604,0.18672052795480226,0.20625591847568878,1.0096165391196543,0.045437501568416194,0.0012037037037036513,0.0008761367064323479,0.3970588235294121,0.1177650902693684,0.11793710731992985,0.0,0.7887045643822513,0.6064054341033289,0.31387074125151126,0.2529693637130474,0.3665011648914634,surprised,08,08,08,female,normal,892
90,3.003,True,1.0,0.3385230241418072,0.3281419644711104,0.3333324943064588,0.7381946223162488,-0.08060185185185187,-0.08384259259259258,0.36311269419741965,0.218430955366246,0.20625332916347228,0.4515509653274829,0.010381059670696802,0.0032407407407407107,0.0023690928377785134,0.39081355496280173,0.11658305936179814,0.11910570111688934,0.0,0.9999999987499999,0.6337371245607619,0.3058737138219788,0.2608702800483697,0.37443427167800186,surprised,08,08,08,female,normal,892
100,3.336666666666667,True,1.0,0.7829999689822458,0.7763775719858278,0.7796887704840367,0.6990076211937399,-0.07523148148148145,-0.07407407407407407,0.3644636241941401,0.21272554605887858,0.21458333333333335,1.115422417215584,0.0066223969964179785,0.0011574074074073848,0.0017683036392049621,0.4157297886137747,0.11539866133672776,0.12009505727838614,0.0,0.8571924831001126,0.6325353822544644,0.3083212119752212,0.25971401753125045,0.38007459518036724,surprised,08,08,08,female,normal,892
110,3.6703333333333332,True,1.0,0.7993457812559394,0.8146725889088969,0.8070091850824181,0.5267691910347665,-0.08124999999999999,-0.08037037037037043,0.36907519878807266,0.1730813056257086,0.2208613156038235,1.531997692380525,0.015326807652957575,0.0008796296296295636,4.552144828329024e-05,0.5303571428571442,0.11595677606101805,0.11971551217189194,0.0,0.803869908286108,0.6376284508881679,0.30737416137672785,0.2572593612835305,0.37529395755074024,surprised,08,08,08,female,normal,892
0,0.0,True,1.0,0.6443037563856553,0.6350462432048943,0.6396749997952749,0.4550219357604491,-0.0780555555555556,-0.07791666666666675,0.3795843255922073,0.1834765870001813,0.19654175282197442,1.40581134561398,0.009257513180760957,0.0001388888888888551,0.001220940211776124,0.5815405283006417,0.11983984605858526,0.11582827403671854,0.0,0.7751669476910753,0.6636826987748223,0.29586742452860143,0.26646188535308507,0.38432799830203057,surprised,08,08,08,female,normal,893
10,0.33366666666666667,True,1.0,0.6465812560598129,0.689448670153797,0.6680149631068049,0.4699532564573067,-0.07856481481481481,-0.07680555555555563,0.378264864461107,0.19091851043578106,0.19793555454007006,1.4214498015027401,0.04286741409398409,0.0017592592592591827,0.00122479272391022,0.563367386791248,0.11693955977651171,0.11875570356155625,0.0,0.8945893402451636,0.6657357990774435,0.2952958377583678,0.26322605267870647,0.3839739918788887,surprised,08,08,08,female,normal,893
20,0.6673333333333333,True,1.0,0.4662164341804903,0.5002959277074664,0.4832561809439784,0.4881036305858054,-0.09189814814814817,-0.09374999999999994,0.3778728922196373,0.1922553207876241,0.20627367288386567,0.9900688105187636,0.034079493526976146,0.0018518518518517713,0.003987485296784918,0.5462163026642952,0.11494393401143543,0.12068831676171303,0.0,0.8253852334643134,0.6685627867006176,0.2965694550140555,0.26728920927991473,0.38985500905085757,surprised,08,08,08,female,normal,893
30,1.0010000000000001,True,1.0,0.1329109437381712,0.15442870232632777,0.14366982303224948,0.9416743222227437,-0.09152777777777776,-0.09787037037037039,0.3787591629972319,0.19743971612231545,0.2215332880932581,0.15256848322372096,0.021517758588156577,0.006342592592592622,0.0018334460612816287,0.3269974508502093,0.11592527376438264,0.11974601735086222,0.0,0.9999999987499999,0.6323036874515432,0.3085181239938414,0.2695803762297001,0.3897682061713549,surprised,08,08,08,female,normal,893
40,1.3346666666666667,True,1.0,0.2581325469803324,0.23466885904810825,0.24640070301422032,0.6755578061573777,-0.06851851851851859,-0.07263888888888881,0.38541782677451336,0.1762324711714892,0.1958894256990265,0.3647366676373197,0.023463687932224142,0.004120370370370219,0.003613959898669451,0.44075383310739924,0.11514827175482029,0.12049337442665664,0.0,0.7071067807446058,0.6332182800932873,0.3075904461507149,0.2671969268598105,0.3786203487519378,surprised,08,08,08,female,normal,893
50,1.6683333333333334,True,1.0,0.6223864759822282,0.6203961826558709,0.6213913293190496,1.2138275605598936,-0.06930555555555551,-0.0773611111111111,0.3280705507229751,0.307692307692308,0.22781127021823405,0.5119271876084481,0.001990293326357251,0.008055555555555594,0.0007200104638376376,0.2693323891676014,0.11716222226772648,0.11853603436029288,0.0,0.9999999987499999,0.5818417901770084,0.2880695284296745,0.2714736411666114,0.34092685708881615,surprised,08,08,08,female,normal,893
60,2.0020000000000002,True,1.0,0.7186642509914573,0.6863795949417746,0.702521922966616,0.6081131955537832,-0.07023148148148145,-0.07013888888888897,0.35498743318866205,0.11694484529880522,0.22013923546048123,1.1552486084878635,0.03228465604968267,9.259259259247754e-05,0.009130460023279753,0.4615384615384617,0.11693713431330081,0.11859755663593646,0.0,0.8552220369203959,0.6041903139771535,0.3144804642819295,0.25079669207412125,0.36636950911243893,surprised,08,08,08,female,normal,893
70,2.3356666666666666,True,1.0,0.7356059603831353,0.7315991551851806,0.733602557784158,0.7832553293883688,-0.07157407407407401,-0.07106481481481486,0.3664249555421086,0.2409452584013076,0.2131948023049951,0.9366071704319153,0.00400680519795471,0.0005092592592591538,0.009560828979338227,0.3574051459429643,0.11561280172537933,0.12004773153269889,0.0,0.9999999987499999,0.6385150223839535,0.30378089347690224,0.26764202906803397,0.3843969924310915,surprised,08,08,08,female,normal,893
80,2.6693333333333333,True,1.0,0.8317403615896084,0.8212414474341725,0.8264909045118904,0.8963129958305129,-0.08333333333333331,-0.08685185185185185,0.36764556761421746,0.313585547523585,0.21877232028983923,0.9221007709991684,0.010498914155435912,0.003518518518518532,0.017074849518786947,0.3003438414345135,0.11539827770876497,0.1202539615586715,0.0,0.9999999987499999,0.6389719245432548,0.3043566151461532,0.26845178551738175,0.39289680844017005,surprised,08,08,08,female,normal,893
90,3.003,True,1.0,0.7976000006764274,0.7515668661898086,0.7745834334331181,0.7123018700802426,-0.07893518518518522,-0.08171296296296293,0.3641096525505453,0.2499918175433198,0.22154981821739436,1.0874370347305973,0.04603313448661883,0.0027777777777777124,0.021957746328315687,0.3971188751917114,0.1167142561208774,0.11881690216186405,0.0,0.9999999987499999,0.6351013066632903,0.3053471604770127,0.2657919358059257,0.38459470659283623,surprised,08,08,08,female,normal,893
100,3.336666666666667,True,1.0,0.7605264117620015,0.7471778861095365,0.753852148935769,0.6786689757924458,-0.07787037037037031,-0.08125000000000004,0.35956676433829593,0.22348797263508255,0.22085026130333588,1.1107803300652366,0.013348525652465026,0.0033796296296297323,0.0258765982102333,0.4221763640590577,0.12050358381096808,0.11513758751174764,0.0,0.8574504256889752,0.6205574491749826,0.2762123948337462,0.28691490573157113,0.3571343130890992,surprised,08,08,08,female,normal,893
110,3.6703333333333332,True,1.0,0.7787190264494257,0.7622010882101675,0.7704600573297966,0.6704687380827854,-0.08129629629629637,-0.08504629629629629,0.3591136506178377,0.2338044386164431,0.22152777777777777,1.149136437789684,0.01651793823925818,0.00374999999999992,0.01698542840563378,0.4053845383885092,0.11683437386949251,0.11885918917583765,0.0,0.8188214849885515,0.6552218873877677,0.30036672629478767,0.2687231713521856,0.38212886136136726,surprised,08,08,08,female,normal,893
0,0.0,True,1.0,0.5986126854639061,0.6280028447195216,0.6133077650917138,0.4702449203921492,-0.08393518518518522,-0.08277777777777778,0.36813778413048487,0.18200033270978883,0.20146312763000518,1.3042304945692147,0.0293901592556155,0.0011574074074074403,0.0061787286280604045,0.5841222437100453,0.11926892249203265,0.11641607233212266,0.0,0.7687454923185952,0.6760436305225216,0.2939081198425013,0.2693865451714198,0.38607329653949296,surprised,08,08,08,female,normal,894
10,0.33366666666666667,True,1.0,0.5967628972562021,0.6165156120195836,0.6066392546378929,0.5145559080154062,-0.08134259259259258,-0.08055555555555555,0.3688744050206784,0.21184697202019362,0.201434723180158,1.1789569319641933,0.019752714763381474,0.0007870370370370305,0.009202580383926587,0.5301555798423441,0.12106654679276185,0.11454548885486299,0.0,0.9999999987499999,0.6335140800538965,0.2745703427451444,0.28333250682517513,0.3606427135858275,surprised,08,08,08,female,normal,894
20,0.6673333333333333,True,1.0,0.5564568711155322,0.5808896519805158,0.568673261548024,0.4840836585376443,-0.08421296296296299,-0.08333333333333331,0.3789715499296656,0.1760048542563766,0.20071877255469708,1.1747417032541736,0.024432780864983572,0.0008796296296296746,0.01525453339426228,0.5487315099928084,0.11819129978978465,0.1162056919550402,0.0,0.9999999987499999,0.6315978778620823,0.2755461848063265,0.2811818568962489,0.3633349128366644,surprised,08,08,08,female,normal,894
30,1.0010000000000001,True,1.0,0.19743640007726884,0.18501536504225832,0.19122588255976358,0.8476633111417391,-0.07236111111111115,-0.07402777777777764,0.34908607221226756,0.2119158277854354,0.2035097147683911,0.22559178868104673,0.01242103503501052,0.0016666666666664831,0.011489625462880421,0.3574887790735004,0.11583809877569574,0.11983034941375857,0.0,0.863413800995574,0.5878626227834884,0.28901531521164064,0.2615306738003501,0.3435647284087771,surprised,08,08,08,female,normal,894
40,1.3346666666666667,True,1.0,0.24312442545402388,0.21387589670898308,0.22850016108150348,0.6191756513962537,-0.0702314814814814,-0.070925925925926,0.392429639294098,0.11519547002721073,0.2022342917691288,0.36903931956340813,0.029248528745040803,0.0006944444444446085,0.00978785232845051,0.4732215289563878,0.1194495263992257,0.11573796511501881,0.0,0.9999999987499999,0.580636638889931,0.28619368220301633,0.2804245462377547,0.3478152495932758,surprised,08,08,08,female,normal,894
50,1.6683333333333334,True,1.0,0.19700541873206673,0.19438404413723237,0.19569473143464955,0.7024367723251185,-0.060694444444444384,-0.06305555555555553,0.39243917969907877,0.03583861083291409,0.20835127689653926,0.2785940872470063,0.002621374594834358,0.002361111111111147,0.0014677777996447339,0.436224489795919,0.11401227368290143,0.12141200628681784,0.0,0.9999999987499999,0.5922400438144009,0.31611866614216044,0.2573746194382004,0.3513638316085569,surprised,08,08,08,female,normal,894
60,2.0020000000000002,True,1.0,0.6665004361464755,0.6236050998480657,0.6450527679972706,0.8508039737921133,-0.08050925925925922,-0.08287037037037037,0.36106584118330765,0.09875403267229858,0.2444597374341912,0.7581684945854329,0.0428953362984098,0.002361111111111147,0.0074612956329345006,0.33147321428571425,0.11866996636473061,0.11702656472933602,0.0,0.8621626740455629,0.5926890323551296,0.3164329248810066,0.267155818765485,0.3577565162515512,surprised,08,08,08,female,normal,894
70,2.3356666666666666,True,1.0,0.6683879547402842,0.6656415036919615,0.6670147292161228,0.8065282450353419,-0.061388888888888826,-0.06583333333333341,0.3383465015610941,0.1563574188448824,0.2083860610358278,0.827019677639305,0.002746451048322718,0.004444444444444584,0.006339182817089923,0.35642856242064713,0.11475295339853986,0.12039611959081588,0.0,0.7928951185008937,0.6283064561762204,0.3089450485882334,0.26562803036798394,0.36356213118347924,surprised,08,08,08,female,normal,894
80,2.6693333333333333,True,1.0,0.7993436534076529,0.8012483924524952,0.8002960229300741,0.6934772591805187,-0.05893518518518509,-0.06527777777777788,0.3868996130273502,0.23115908639350546,0.19863569437991274,1.1540335495294871,0.0019047390448423407,0.006342592592592788,0.0007788735350094003,0.4340939619677296,0.11484318854232052,0.120310049337819,0.0,0.8146876477616299,0.6330284467224391,0.30399780598035564,0.2728914900948428,0.3844366481553086,surprised,08,08,08,female,normal,894
90,3.003,True,1.0,0.756393963491057,0.7339885930543029,0.74519127827268,0.6605673139751682,-0.05620370370370359,-0.058240740740740815,0.3792019476512316,0.2421890948402378,0.19102055594950892,1.1281080103528902,0.02240537043675417,0.002037037037037226,0.008446631913278465,0.4505131677655261,0.11771794828066152,0.11766076035137986,0.0,0.9999999987499999,0.6338656572394582,0.3057796416276951,0.26674335774055696,0.3821025473502708,surprised,08,08,08,female,normal,894
100,3.336666666666667,True,1.0,0.2517162223393068,0.251430920408686,0.2515735713739964,0.6015452065395557,-0.06708333333333333,-0.06888888888888889,0.36667207637817684,0.21054082228884483,0.18340364899485165,0.4182122451298325,0.0002853019306208182,0.0018055555555555602,0.009278014304323918,0.5087131436281147,0.12000761642136813,0.11548959183646323,0.0,0.8911895920515306,0.6056509886532738,0.28065072534602425,0.2818521961356565,0.3577528972745179,surprised,08,08,08,female,normal,894
110,3.6703333333333332,True,1.0,0.739926467138341,0.7615688396723143,0.7507476534053277,0.6271751275559098,-0.06791666666666668,-0.0736574074074074,0.36411549928479975,0.22945431495947952,0.20568950057858734,1.1970303355794383,0.021642372533973275,0.005740740740740713,0.001588555071800605,0.46710063282955266,0.11967787186302813,0.11583126006404787,0.0,0.9999999987499999,0.6238264718074732,0.2796741863862743,0.2849371199740345,0.34733021938359304,surprised,08,08,08,female,normal,894
0,0.0,True,1.0,0.6170622639912147,0.6497304484583536,0.6333963562247842,0.49169898593151423,-0.08324074074074078,-0.08291666666666664,0.373764109140143,0.20112036976336686,0.20562828999511615,1.2881790980813739,0.03266818446713893,0.00032407407407414324,0.020141441354594017,0.5632338347187912,0.12013366461626666,0.1153584693369063,0.0,0.932676423016793,0.6291647168164142,0.2778742931754155,0.28093384371602126,0.35365684579742035,surprised,08,08,08,female,normal,895
10,0.33366666666666667,True,1.0,0.648476676487195,0.6465812560598135,0.6475289662735042,0.47228516375132185,-0.08481481481481484,-0.0828240740740741,0.377996719327742,0.1918362122815549,0.20770097624356026,1.3710550658213259,0.0018954204273814446,0.0019907407407407374,0.011974495792980766,0.565874153023248,0.11827259155706034,0.11694041223002688,0.0,0.8950740692236145,0.6308254777379703,0.2787186994512052,0.2816778088360407,0.3543103479514476,surprised,08,08,08,female,normal,895
20,0.6673333333333333,True,1.0,0.39525782688220695,0.42017916407854394,0.4077184954803754,0.4645439842526183,-0.07421296296296293,-0.0811574074074074,0.3784775117201556,0.1723024701770864,0.19448367737260397,0.8776746859316958,0.02492133719633699,0.006944444444444475,0.013551698084944663,0.602156789195692,0.11885748668167694,0.11650951778170676,0.0,0.827305316597301,0.6137939202556022,0.28182188401839875,0.2756900611974493,0.3651742489691628,surprised,08,08,08,female,normal,895
30,1.0010000000000001,True,1.0,0.32408918649868407,0.3219775479894782,0.32303336724408116,0.8420223777379315,-0.07087962962962968,-0.07263888888888897,0.3740164173710041,0.17605922443611244,0.21327494793661517,0.38363988390890613,0.002111638509205871,0.0017592592592592937,0.02072513218302049,0.38906143686170247,0.11380079396396306,0.1216102508590674,0.0,0.7906844889613649,0.5850345734309349,0.28872089028175857,0.2630243679768619,0.3424308727355817,surprised,08,08,08,female,normal,895
40,1.3346666666666667,True,1.0,0.5780031958848192,0.6124432776448664,0.5952232367648428,0.7223721449797065,-0.06999999999999995,-0.07726851851851857,0.38665806694169086,0.14447442899594082,0.22229945642032806,0.8239842038504466,0.0344400817600472,0.0072685185185186185,0.006658094104383905,0.4054935264588082,0.1135228229549032,0.121869776767362,0.0,0.9021578336361019,0.6260722155502826,0.3137542448413988,0.26351408422387473,0.37065286188445223,surprised,08,08,08,female,normal,895
50,1.6683333333333334,True,1.0,0.3296907896370299,0.2855704215129623,0.3076306055749961,0.6698326688663745,-0.05541666666666667,-0.05874999999999997,0.35498463239905853,0.2102963030161878,0.17511157157652368,0.459264858036307,0.04412036812406761,0.0033333333333332993,0.010022417214078701,0.4447674418604658,0.11628528805204258,0.11939643860462508,0.0,0.9347627589581065,0.6341114108612195,0.304910999274154,0.26650324694573985,0.38138473393637196,surprised,08,08,08,female,normal,895
60,2.0020000000000002,True,1.0,0.7444590102373984,0.723571395653313,0.7340152029453557,0.7336559694231621,-0.06027777777777782,-0.06287037037037041,0.3950175053744832,0.20456517716029773,0.2021139115208346,1.0004896484689902,0.02088761458408539,0.002592592592592591,0.004150247744126049,0.3790716773817009,0.11535088250023391,0.12029942508317058,0.0,0.8834328256893264,0.6353823187556272,0.3058295558786457,0.27701719240099065,0.3811921033954687,surprised,08,08,08,female,normal,895
70,2.3356666666666666,True,1.0,0.7816653661047946,0.7741230090530382,0.7778941875789165,0.7223721449797076,-0.06888888888888889,-0.07990740740740737,0.3797882080631415,0.13002698609634789,0.21809054105509593,1.0768607192083364,0.007542357051756432,0.011018518518518483,0.003786700562530478,0.3942576093114749,0.11473347552626666,0.12088840871835117,0.0,0.7450393745305891,0.6324700254242321,0.3059826035043023,0.2681334304974248,0.3708451133411014,surprised,08,08,08,female,normal,895
80,2.6693333333333333,True,1.0,0.7632600274260525,0.7609098009051506,0.7620849141656015,0.662824968007918,-0.05902777777777779,-0.0668981481481482,0.36759222975067135,0.2033667515478844,0.20625924754363292,1.14975287737878,0.002350226520901888,0.007870370370370416,0.00789093090346586,0.4346590909090907,0.117255719470056,0.1184435478207443,0.0,0.9999999987499999,0.6290434543583058,0.30597116865160817,0.2674976189675687,0.3752000983896141,surprised,08,08,08,female,normal,895
90,3.003,True,1.0,0.7672918171445813,0.735346396393159,0.7513191067688701,0.6678724741362003,-0.07578703703703715,-0.08009259259259266,0.36368146661537976,0.18973649833414835,0.22642966269265896,1.1249439614060999,0.03194542075142226,0.004305555555555507,0.00021554307448859038,0.448020010581222,0.11619942035932353,0.11948000869133964,0.0,0.8641590788807675,0.6249260165316127,0.3085817804646206,0.26468703425924117,0.3715092221133832,surprised,08,08,08,female,normal,895
100,3.336666666666667,True,1.0,0.5056663653344247,0.561116256832175,0.5333913110832998,0.5865065763760664,-0.07162037037037045,-0.08023148148148157,0.37173657016026973,0.16542493179837825,0.21739620836739376,0.9094379032866816,0.05544989149775037,0.008611111111111125,0.003075667834969912,0.5054584734762503,0.11611937316520055,0.11955780587100308,0.0,0.7071067807446058,0.6242772133150134,0.3098874374673056,0.25964691734040724,0.36394224017281407,surprised,08,08,08,female,normal,895
0,0.0,True,1.0,0.6599324193084198,0.6639016865758078,0.6619170529421139,0.4895781585510252,-0.0793981481481481,-0.07995370370370364,0.3648948863112523,0.19886040629821453,0.19727791968317593,1.3520150794740307,0.003969267267387999,0.0005555555555555314,0.007819867010182694,0.5457328902068505,0.12413352145816658,0.11121441732227352,0.0,0.8953374920547438,0.6326737465376776,0.27565433281472373,0.28107833417054623,0.3573210045392941,surprised,08,08,08,female,strong,896
10,0.33366666666666667,True,1.0,0.6164404151295759,0.6253600830732897,0.6209002491014328,0.48533422055943454,-0.07870370370370372,-0.0768981481481481,0.3702281455099551,0.1820003327097875,0.19866641918814595,1.2793250976321722,0.008919667943713794,0.0018055555555556158,0.01032313714550691,0.5659615711335884,0.12138291598743367,0.1135409603876818,0.0,0.8071063990852045,0.6322003009094262,0.27582414080644624,0.28038849672041044,0.354568942583655,surprised,08,08,08,female,strong,896
20,0.6673333333333333,True,1.0,0.539328372882829,0.5586238775811639,0.5489761252319965,0.4895781585510252,-0.06467592592592591,-0.07157407407407407,0.3673071938972805,0.19886040629821575,0.18754068568996568,1.1213247887870812,0.019295504698334964,0.006898148148148153,0.010189942331973978,0.563280369377181,0.11951596506647788,0.11599830996973008,0.0,0.780915985313,0.6291704077021435,0.27788508639002185,0.2785160765503225,0.3506972913993044,surprised,08,08,08,female,strong,896
30,1.0010000000000001,True,1.0,0.32147725230447316,0.2955788470468871,0.30852804967568015,1.0018450946732684,-0.07291666666666657,-0.07347222222222222,0.3760990465862566,0.265631097667807,0.18479200939497264,0.3079598346252325,0.025898405257586077,0.0005555555555556424,0.008054131765279396,0.30718090937022907,0.11310298536762982,0.12241524606607575,0.0,0.7755032614654418,0.6376582319881079,0.311160892341598,0.2713494359442718,0.3980888544435171,surprised,08,08,08,female,strong,896
40,1.3346666666666667,True,1.0,0.2621754263821945,0.2434178740386129,0.2527966502104037,0.6842281092720249,-0.07143518518518516,-0.07259259259259271,0.39766701375602254,0.13830142634221734,0.19802804055192563,0.3694625327207957,0.01875755234358159,0.0011574074074075513,0.0005023565602259039,0.4188829787234043,0.11376265001785173,0.12164593409513015,0.0,0.9999999987499999,0.636259976201418,0.3121305126248606,0.27104407319764773,0.386679705613322,surprised,08,08,08,female,strong,896
50,1.6683333333333334,True,1.0,0.6863745076466778,0.6769974032771797,0.6816859554619288,0.8390262598075674,-0.06013888888888885,-0.06425925925925935,0.40325995389314556,0.14931823267761754,0.20141957250238082,0.8124727295404021,0.009377104369498124,0.004120370370370496,0.005282062861019198,0.34322033898305127,0.11221219849781003,0.12167645951864803,0.0,0.9999999987499999,0.6320093226118572,0.3122452859177584,0.2739413044194731,0.3848750605774177,surprised,08,08,08,female,strong,896
60,2.0020000000000002,True,1.0,0.6834745191125007,0.7074873203638761,0.6954809197381884,0.5737034674602797,-0.05467592592592596,-0.05638888888888888,0.40835337451482534,0.06996383749515578,0.20144343430390393,1.2122654980926013,0.024012801251375393,0.0017129629629629162,0.00327747350781836,0.48018292682926716,0.11493595357354239,0.12022143112715099,0.0,0.7939315000236206,0.6357290941923645,0.30869348321926077,0.2690891147535759,0.3797823316505274,surprised,08,08,08,female,strong,896
70,2.3356666666666666,True,1.0,0.5243262429964854,0.5323947424369628,0.5283604927167241,0.6465285637593744,-0.08134259259259258,-0.07953703703703696,0.34790311861804446,-0.032323232323232184,0.2458531948191395,0.817226836266077,0.008068499440477384,0.0018055555555556158,0.008592866671938384,0.4218332924711693,0.11425920584849672,0.12133676956031016,0.0,0.9999999987499999,0.5955045283816651,0.3192156776005296,0.2486573709798907,0.34824820504686876,surprised,08,08,08,female,strong,896
80,2.6693333333333333,True,1.0,0.7176470644713099,0.6991786786303823,0.7084128715508461,0.6926103960422407,-0.07898148148148143,-0.0838888888888889,0.3868343029175512,0.0865762995052798,0.23616571331088484,1.0228158219958938,0.01846838584092758,0.004907407407407471,0.010233864533822353,0.4223890900612594,0.11420070867400231,0.12044647035732481,0.0,0.9999999987499999,0.60514153903749,0.31553147143811844,0.26027413993361803,0.366991698738548,surprised,08,08,08,female,strong,896
90,3.003,True,1.0,0.6715475504075524,0.6830594185291542,0.6773034844683533,0.6802880581715915,-0.07472222222222225,-0.08046296296296296,0.376549054802009,0.07394435414908695,0.23130574971996617,0.9956127795168713,0.011511868121601765,0.005740740740740713,0.00635199755826531,0.4163288249132971,0.12112515161121577,0.11448351591585158,0.0,0.8947865682608888,0.5843849528952206,0.2846933047697417,0.28355058389933996,0.36354811986884406,surprised,08,08,08,female,strong,896
100,3.336666666666667,True,1.0,0.6971630641778549,0.6856769229127481,0.6914199935453015,0.6148673902862113,-0.08087962962962969,-0.08120370370370378,0.40780932698482364,-0.00683185989206899,0.2326598767481337,1.1245026236038573,0.01148614126510683,0.0003240740740740877,0.0017109839950549626,0.41309814470715495,0.11983702571034942,0.11583119199074406,0.0,0.7808641845603613,0.6035514160976891,0.28361533269835265,0.29366503120530807,0.35940095464529703,surprised,08,08,08,female,strong,896
110,3.6703333333333332,True,1.0,0.23007609715522612,0.2350294207765441,0.23255275896588512,0.4923076923076927,-0.06319444444444455,-0.06601851851851859,0.41259329141210715,0.0,0.19657474551182108,0.4723727916494537,0.004953323621317979,0.0028240740740740344,0.002742007513972004,0.5781249999999999,0.11767245467485686,0.11802953520045371,0.0,0.8981373592558576,0.5746807507377951,0.28842595336037424,0.2654289361735444,0.34246615331871383,surprised,08,08,08,female,strong,896
0,0.0,True,1.0,0.6471730104643628,0.6216657248917636,0.6344193676780632,0.48067022760313266,-0.08236111111111111,-0.08226851851851852,0.37540361784477727,0.18935493814668816,0.20349621824753747,1.319864079873643,0.02550728557259918,9.259259259258856e-05,0.0008403354116061595,0.546295647797574,0.11824499106851304,0.11745594857868787,0.0,0.9999999987499999,0.6675356768488645,0.2937437587119654,0.2693704290676596,0.3833399825860237,surprised,08,08,08,female,strong,897
10,0.33366666666666667,True,1.0,0.6267723068463215,0.6168902192363531,0.6218312630413373,0.4953037624230012,-0.08171296296296299,-0.08138888888888884,0.3741917767228304,0.18935493814668827,0.2035097147683911,1.2554543498708144,0.009882087609968337,0.00032407407407414324,0.004205589833504999,0.5466727352802706,0.11565483049383035,0.11984837923220129,0.0,0.9999999987499999,0.6670827142106843,0.29477332163350406,0.2689249925286363,0.38384609579191364,surprised,08,08,08,female,strong,897
20,0.6673333333333333,True,1.0,0.1913114128570027,0.20274526791967626,0.1970283403883395,0.5522639350278615,-0.09592592592592591,-0.09745370370370371,0.36979531980682023,0.18655409657737912,0.21321197890506982,0.35676481459612147,0.011433855062673554,0.0015277777777777946,0.005733611807403871,0.5023586127294158,0.11635998936591908,0.11932363824332441,0.0,0.8093354070613767,0.6305602647543394,0.3065664698941384,0.2556723235042327,0.376661108813328,surprised,08,08,08,female,strong,897
30,1.0010000000000001,True,1.0,0.408810881977764,0.3922920414158846,0.4005514616968243,0.8880407375658201,-0.08796296296296291,-0.08726851851851858,0.38690215675837286,0.1383014263422185,0.23129750356683484,0.45105077363315904,0.01651884056187941,0.000694444444444331,0.03337620870731099,0.3335823892643382,0.1184306686164407,0.11726872771652574,0.0,0.7782153740700177,0.5883101966724189,0.31895180462073264,0.26229888605570656,0.3667507013170966,surprised,08,08,08,female,strong,897
40,1.3346666666666667,True,1.0,0.17509885136028752,0.17169218513920811,0.1733955182497478,0.6704389099529032,-0.07263888888888892,-0.0755555555555556,0.3774690274593319,0.0801372117058094,0.2243630308375292,0.25862985527186727,0.0034066662210794074,0.0029166666666666785,0.01048116672366585,0.4278611930826452,0.11306973909884394,0.12182198519969636,0.0,0.9999999987499999,0.5762007736297644,0.3199664504725625,0.25465236302541494,0.3474026203521237,surprised,08,08,08,female,strong,897
50,1.6683333333333334,True,1.0,0.5724100983628284,0.5985085498445906,0.5854593241037095,0.8405747900173617,-0.05810185185185174,-0.06805555555555559,0.3988151096732679,0.10334935942836485,0.21808389424206137,0.6964987899430306,0.026098451481762153,0.009953703703703853,0.018904786961871884,0.359631147540984,0.11596497090729933,0.11890913990703578,0.0,0.9999999987499999,0.5872311953062475,0.3181541518695367,0.2662985739212784,0.37538833019561785,surprised,08,08,08,female,strong,897
60,2.0020000000000002,True,1.0,0.6752145659369246,0.6811013449098121,0.6781579554233683,0.6330419650291128,-0.061203703703703594,-0.06606481481481485,0.4097817809223188,0.12121212121212183,0.2083860610358279,1.0712685617803879,0.005886778972887474,0.00486111111111126,0.003461757766244562,0.43082021065496096,0.11475402072950197,0.12071117822121682,0.0,0.8795046806212675,0.6334949584208683,0.30432287151680937,0.27313444032957324,0.37903705963847667,surprised,08,08,08,female,strong,897
70,2.3356666666666666,True,1.0,0.7285711189488366,0.7085535693803963,0.7185623441646165,1.0947229905037976,-0.0831481481481482,-0.08796296296296297,0.33751934691982716,0.3014354449303478,0.23892752953423668,0.656387369588292,0.020017549568440374,0.004814814814814772,0.0024613787666729827,0.26940288167318766,0.11560964676815536,0.11957372412162326,0.0,0.9999999987499999,0.6030053364080007,0.3138419254816358,0.26912945916782177,0.37216318218963884,surprised,08,08,08,female,strong,897
80,2.6693333333333333,True,1.0,0.7481179807431536,0.7349143835291958,0.7415161821361747,0.8027848826572795,-0.07504629629629628,-0.0845833333333334,0.37466085580640474,0.17919305416457168,0.23336602844781612,0.9236798028404561,0.013203597213957807,0.009537037037037122,0.004429061926499212,0.36204779148107913,0.11648008824238618,0.11904647354886011,0.0,0.9490725822092528,0.6262886244419643,0.30660851722889226,0.2751344327293101,0.3658868450487363,surprised,08,08,08,female,strong,897
90,3.003,True,1.0,0.7106746722565016,0.746427072738383,0.7285508724974423,0.730507415995215,-0.06444444444444447,-0.07375000000000004,0.3815260712151687,0.19336961011638068,0.2174400719712156,0.9973216651125888,0.03575240048188144,0.009305555555555567,0.005100710292112438,0.3865270679524264,0.11542866270510108,0.11974844363139305,0.0,0.7544291206223517,0.6263440550282613,0.30710315506656716,0.26860950420216684,0.368886460171945,surprised,08,08,08,female,strong,897
100,3.336666666666667,True,1.0,0.7359884635650045,0.7203992592603085,0.7281938614126564,0.6119568893898196,-0.08356481481481481,-0.0849537037037037,0.37765756432017833,0.12384841809079634,0.23819572564544483,1.1899430728506648,0.015589204304696014,0.001388888888888884,0.005939953577579193,0.4419642857142852,0.11604382126445414,0.11915241278413254,0.0,0.9999999987499999,0.6210608552561651,0.30774724063235875,0.26313555386124843,0.36092961756753006,surprised,08,08,08,female,strong,897
110,3.6703333333333332,True,1.0,0.4719316273150167,0.5080265869636056,0.48997910713931114,0.5012277332309306,-0.0687962962962963,-0.07703703703703713,0.3893473565540451,0.14313400247184735,0.20492404007142406,0.9775578537541998,0.03609495964858889,0.008240740740740826,0.007958897945901528,0.5629344296451104,0.11499735497424986,0.12047938483376332,0.0,0.7383593971752895,0.6351795500309498,0.3042521405491107,0.2495539371328071,0.3645556815287625,surprised,08,08,08,female,strong,897
0,0.0,True,1.0,0.1713792091188113,0.20168702148602718,0.18653311530241923,0.44638958154498387,-0.08578703703703705,-0.08675925925925926,0.37749516941158884,0.14879652718166167,0.20706385865955032,0.4178706739902302,0.030307812367215886,0.0009722222222222077,0.008029580748009944,0.6196472170607327,0.11863263455536195,0.11706440871517543,0.0,0.8540646820853905,0.6399413576993296,0.30396865283098773,0.25763099073301876,0.37686308130719226,surprised,08,08,08,female,strong,898
10,0.33366666666666667,True,1.0,0.675673670066478,0.6433280697883806,0.6595008699274294,0.45370423234799656,-0.08495370370370364,-0.08148148148148154,0.38063359328379626,0.1609918243815475,0.21605169068302976,1.4535920604363777,0.03234560027809741,0.003472222222222099,0.0006132496569075807,0.6022559101590783,0.1191690156295647,0.1165183396863374,0.0,0.9999999987499999,0.6374086874437275,0.3046573749285841,0.2576047890630383,0.37740375081192096,surprised,08,08,08,female,strong,898
20,0.6673333333333333,True,1.0,0.5480175478071403,0.5418903317472097,0.544953939777175,0.4876239479327734,-0.08481481481481473,-0.08893518518518523,0.37464918768876965,0.15513053958215428,0.21535750249371138,1.1175700908198738,0.006127216059930607,0.004120370370370496,0.0035308662591888554,0.5802528604862293,0.11716335323123533,0.1182130218435996,0.0,0.9999999987499999,0.6356998693539916,0.3060339127430554,0.2630328558201258,0.3857664944795983,surprised,08,08,08,female,strong,898
30,1.0010000000000001,True,1.0,0.44857669880828654,0.45070799064407446,0.4496423447261805,0.9347958723758857,-0.09027777777777773,-0.09092592592592591,0.36445839191045765,0.25284387146090614,0.23960371290134697,0.4810059158513028,0.0021312918357879185,0.0006481481481481755,0.01016890932828865,0.323148236072547,0.11246936929943813,0.12268745185494866,0.0,0.736701060218295,0.5975379767766482,0.32159174914513033,0.24636962552282163,0.36299724810722017,surprised,08,08,08,female,strong,898
40,1.3346666666666667,True,1.0,0.6865405624946549,0.7282513504363496,0.7073959564655022,0.735827281869363,-0.054537037037036995,-0.060416666666666674,0.40393488830192964,0.23602007154300325,0.20076893997186593,0.9613614144182977,0.041710787941694694,0.005879629629629679,0.005113672264793348,0.4139150943396221,0.1171810524859391,0.11835655773905225,0.0,0.841962830051272,0.6279177300529587,0.3075367268460236,0.27143679465676895,0.38620283616488,surprised,08,08,08,female,strong,898
50,1.6683333333333334,True,1.0,0.6605105018700963,0.6416301625036134,0.6510703321868548,0.6349070426602598,-0.048009259259259474,-0.051157407407407374,0.39487037071756514,-0.021161914878651347,0.20696803789817342,1.0254577259985507,0.018880339366482923,0.0031481481481479,0.0027364738999649182,0.48796810553994097,0.11310080647249195,0.1224172591744776,0.0,0.9999999987499999,0.5961660995335634,0.31934606875525784,0.2638868638448067,0.360125556454098,surprised,08,08,08,female,strong,898
60,2.0020000000000002,True,1.0,0.49008191634606185,0.5050063045894618,0.4975441104677618,0.6788701535076596,-0.061851851851851825,-0.0689351851851851,0.3871498417137217,0.1660589628025894,0.22432732307520284,0.7329002577252767,0.014924388243399977,0.007083333333333275,0.0010888056155380788,0.4671062113399929,0.11549926747356737,0.12015696809483058,0.0,0.8782885880637038,0.5945993869813551,0.3165318408278242,0.2627111870069351,0.3615401748539409,surprised,08,08,08,female,strong,898
70,2.3356666666666666,True,1.0,0.7476649547174153,0.7452106115751731,0.7464377831462943,1.1322523283703385,-0.065462962962963,-0.07171296296296292,0.3143254000985915,0.3309536730443278,0.22243669544619507,0.6592503847800862,0.0024543431422422435,0.006249999999999922,0.00842829433138916,0.2773397134527497,0.11557316238148307,0.1194495965498528,0.0,0.8222479238022271,0.5864198435858718,0.32153768738841554,0.26369476662264946,0.35325123668605957,surprised,08,08,08,female,strong,898
80,2.6693333333333333,True,1.0,0.7523323192131902,0.7403052834585977,0.7463188013358939,0.8888284176556608,-0.061944444444444524,-0.07064814814814807,0.36536100211326406,0.3088161782764152,0.2104688724428416,0.839665774080846,0.012027035754592519,0.008703703703703547,0.0031448831497307497,0.36227167158625545,0.1172730461175321,0.11810420199300993,0.0,0.821348401644969,0.62280235604398,0.3094142426996153,0.2776812297521652,0.3778139653507167,surprised,08,08,08,female,strong,898
90,3.003,True,1.0,0.7551318727677235,0.7886111041568983,0.7718714884623109,0.7737872093965595,-0.059398148148148144,-0.06759259259259248,0.3723959873791212,0.23807444349065798,0.2070774910871179,0.9975242277062933,0.033479231389174746,0.008194444444444338,0.011091599200413187,0.39129490994073074,0.11650428621261992,0.1191827548896027,0.0,0.7228236626960352,0.6202978353919693,0.3097836466350746,0.27153924089222287,0.3730827304826765,surprised,08,08,08,female,strong,898
100,3.336666666666667,True,1.0,0.7724590613695297,0.7600875714092681,0.7662733163893989,0.7134603245145601,-0.057962962962962994,-0.06324074074074076,0.37054382907567074,0.2504521778010754,0.20215731705202655,1.0740237264220303,0.012371489960261606,0.00527777777777777,0.0006770956170948401,0.43134520120544845,0.1185014341576009,0.11719721785048645,0.0,0.7071067807446058,0.6228607963966837,0.308821499779487,0.268904132541842,0.37942280348177165,surprised,08,08,08,female,strong,898
110,3.6703333333333332,True,1.0,0.8158808239581838,0.8121717428704441,0.8140262834143139,0.710560015849693,-0.07310185185185186,-0.08134259259259252,0.3642229948292317,0.2547985994301724,0.21607428970609985,1.1456122850381543,0.0037090810877397073,0.00824074074074066,7.14101954206858e-05,0.4156365875659997,0.11553375985095872,0.11980617767134875,0.0,0.719564852885914,0.6355083277607919,0.3082053729912744,0.2659999426205912,0.3816412230235862,surprised,08,08,08,female,strong,898
0,0.0,True,1.0,0.6625673087430659,0.6866239291549808,0.6745956189490234,0.4854091965946873,-0.08189814814814811,-0.08037037037037037,0.3668786872286158,0.16683363831730652,0.21114724725563055,1.3897462670290222,0.02405662041191492,0.001527777777777739,0.009504403556834618,0.5632803693771822,0.12281518289826539,0.1126685786700729,0.0,0.867417395118684,0.6266303811993547,0.2764125873617295,0.2844547433506089,0.3487720099200188,surprised,08,08,08,female,strong,899
10,0.33366666666666667,True,1.0,0.6229434135617675,0.658649541082452,0.6407964773221098,0.491627570532677,-0.08347222222222223,-0.08074074074074078,0.3738710569075632,0.17132475942805447,0.21182860757980146,1.3034185137904464,0.03570612752068447,0.002731481481481446,0.004071832996477926,0.5624999999999988,0.11802059432881301,0.1176814219975661,0.0,0.9510568891183884,0.6354336666619773,0.3066216993981141,0.25498034567346817,0.37390323448568574,surprised,08,08,08,female,strong,899
20,0.6673333333333333,True,1.0,0.6681399568029429,0.7059535155274543,0.6870467361651986,0.48131050818575893,-0.08249999999999996,-0.08064814814814808,0.37029538408867674,0.18046356196186705,0.21531321462929476,1.427450106491415,0.03781355872451142,0.0018518518518518823,0.005091822479589582,0.563280369377181,0.11994091675261853,0.11572361149624126,0.0,0.8366321836343943,0.6247031875562725,0.2764411072442007,0.281086898732342,0.34740677016468036,surprised,08,08,08,female,strong,899
30,1.0010000000000001,True,1.0,0.46727142594577525,0.5064425610544908,0.486856993500133,1.0159122520014667,-0.08703703703703713,-0.08476851851851852,0.35773516325229077,0.2857142857142859,0.22500542528181408,0.47923134359386593,0.03917113510871556,0.002268518518518614,0.010356704373956138,0.3251827529457397,0.11653005974019583,0.11899755879068655,0.0,0.9999999987499999,0.5971785963604191,0.2856749750030202,0.282552909652164,0.3650064485136411,surprised,08,08,08,female,strong,899
40,1.3346666666666667,True,1.0,0.6014060970153728,0.5817330869449495,0.5915695919801611,0.7611407140357038,-0.0824537037037038,-0.08782407407407417,0.37108295243433076,0.21640275202975945,0.22517930409818,0.7772144901348841,0.019673010070423325,0.005370370370370359,0.01277258810222213,0.4099681424640801,0.11796568088487754,0.11676151856258778,0.0,0.9999999987499999,0.5918044233552796,0.2850673007276529,0.2823529598948507,0.36074614914110015,surprised,08,08,08,female,strong,899
50,1.6683333333333334,True,1.0,0.2063513098249795,0.2067668175396143,0.2065590636822969,0.6631208188387376,-0.08634259259259269,-0.09125000000000011,0.388833954570674,0.06348574463595524,0.21811467777790106,0.31149536828601576,0.0004155077146347774,0.004907407407407416,0.010401928557450025,0.394918526433713,0.11581613799612596,0.11937373289658434,0.0,0.8717028928270131,0.5821327855751676,0.28109156987404527,0.24632491271563725,0.32476636393916053,surprised,08,08,08,female,strong,899
60,2.0020000000000002,True,1.0,0.46233102499943374,0.45546339321135426,0.458897209105394,0.7033204807283883,-0.08449074074074076,-0.08759259259259256,0.34649795745335693,0.22376550473804183,0.22363874581897988,0.6524724100599782,0.006867631788079476,0.0031018518518518,0.002166218213192827,0.4096882589293431,0.11527026413666284,0.12037667537630517,0.0,0.7767128545846244,0.6268360079735019,0.3071915764218125,0.2514985058762284,0.36471428513550114,surprised,08,08,08,female,strong,899
70,2.3356666666666666,True,1.0,0.7321775214981427,0.7304936816351719,0.7313356015666573,0.9638837497712839,-0.06592592592592594,-0.0721296296296296,0.3316103653585995,0.27900539495509596,0.2166951869875865,0.7587383870100446,0.0016838398629708262,0.006203703703703656,0.002806576417141388,0.30590615754635664,0.11296435458768025,0.12238761544149869,0.0,0.9999999987499999,0.6306477360944378,0.30909914714336084,0.2643516494721668,0.3635964593507025,surprised,08,08,08,female,strong,899
80,2.6693333333333333,True,1.0,0.8201992333323793,0.7867331018940292,0.8034661676132042,0.8574720400558614,-0.05578703703703708,-0.05986111111111103,0.381883618539306,0.2979352003583925,0.18961592732921567,0.9370173371027481,0.03346613143835009,0.004074074074073952,0.008255702730169097,0.34363858174475315,0.11512799167229645,0.12035455685036534,0.0,0.9046737822253375,0.6258385013692979,0.308775679806432,0.27368741463467267,0.3830174326660994,surprised,08,08,08,female,strong,899
90,3.003,True,1.0,0.8236816776395587,0.8107922993532521,0.8172369884964055,0.7815174208791636,-0.07930555555555557,-0.08625,0.3580667346246775,0.2834916134561675,0.2229289874418315,1.0457054016493443,0.012889378286306541,0.00694444444444442,0.0028442764019036863,0.3750000000000008,0.11738932207175556,0.11831113570699371,0.0,0.9999999987499999,0.6270700489336359,0.30774565784187913,0.272068802330895,0.37866485903826735,surprised,08,08,08,female,strong,899
100,3.336666666666667,True,1.0,0.7948834305226458,0.7988228831243271,0.7968531568234865,0.7107991689516204,-0.0841203703703704,-0.08819444444444446,0.3660142175035713,0.2665496883568568,0.2250488228279588,1.1210665285368717,0.003939452601681381,0.004074074074074063,0.00351366664794116,0.4101562500000001,0.11766143018061856,0.11739314216229303,0.0,0.8518373036616902,0.626647009858631,0.30760052321823106,0.2683345584053948,0.3786217547579422,surprised,08,08,08,female,strong,899
110,3.6703333333333332,True,1.0,0.8509293322148112,0.8409239074433161,0.8459266198290636,0.6767912254760877,-0.08675925925925931,-0.08777777777777773,0.3669846578052936,0.2706953429428,0.2208751327014355,1.24990778246866,0.01000542477149502,0.0010185185185184187,0.0033348583902386058,0.42496680076548354,0.11566580613980881,0.1199966626984393,0.0,0.9999999987499999,0.6264542946475464,0.309389107028999,0.2620646862892569,0.3783192757858428,surprised,08,08,08,female,strong,899
0,0.0,True,1.0,0.6308608462468817,0.6484629212990737,0.6396618837729777,0.4517723595024519,-0.08259259259259266,-0.08240740740740732,0.3677173351491951,0.22588617975122596,0.19515296339244406,1.4158942447861422,0.017602075052192023,0.00018518518518534366,0.0007355169851826892,0.5634867887635965,0.11900613846140168,0.11668468956140637,0.0,0.9205451706224778,0.6732428872095714,0.29209877160234077,0.2679673616596392,0.386599820649129,neutral,01,08,08,female,normal,900
10,0.33366666666666667,True,1.0,0.6359946330617594,0.6412043959774909,0.6385995145196252,0.4556301141284196,-0.08217592592592593,-0.08041666666666669,0.364380528518049,0.2278150570642098,0.1944542534185721,1.4015744234579621,0.005209762915731497,0.0017592592592592382,0.004913506783432444,0.5822050099501966,0.11836365851832407,0.1173363631262131,0.0,0.911645668571839,0.6740322804590586,0.29278944150461017,0.2675049709948557,0.38761755036500084,neutral,01,08,08,female,normal,900
20,0.6673333333333333,True,1.0,0.5320769577535874,0.5388927783889385,0.5354848680712629,0.4899039288657066,-0.08527777777777773,-0.08453703703703702,0.3581388312159495,0.23729721554432667,0.19446366956824931,1.0930405667721255,0.006815820635351022,0.0007407407407407085,0.0058936018359137055,0.5282688644658706,0.11817551922772086,0.11752584577326468,0.0,0.7300232428022054,0.6739810889590211,0.29275685343169994,0.2678339072665797,0.3894207372848239,neutral,01,08,08,female,normal,900
30,1.0010000000000001,True,1.0,0.444830608178321,0.46008567910421755,0.45245814364126924,0.987293198259561,-0.09106481481481488,-0.08925925925925926,0.3874758055100147,0.451319462266265,0.1896090870785938,0.45828143497684387,0.015255070925896563,0.0018055555555556158,0.0093218303584814,0.28927637475760914,0.1149760806850658,0.12065769200147038,0.0,0.9385296895142284,0.6717409466052047,0.2948947340095708,0.27839805663077327,0.42527771355923144,neutral,01,08,08,female,normal,900
40,1.3346666666666667,True,1.0,0.20405773099713947,0.21503804857761222,0.20954788978737585,0.888828417655662,-0.10097222222222219,-0.09953703703703709,0.36750208892086766,0.41426560500494847,0.1965526216138355,0.23575741462010286,0.010980317580472743,0.001435185185185095,0.004207056048241171,0.3150605377099834,0.11675333697179277,0.1189387912970743,0.0,0.9770635545730801,0.6678012862019809,0.2956984165163743,0.26955364935433523,0.39163975920750677,neutral,01,08,08,female,normal,900
50,1.6683333333333334,True,1.0,0.6753593623137172,0.6655661450506564,0.6704627536821868,0.8656972168439963,-0.08944444444444444,-0.08851851851851844,0.36570350482066344,0.364504091302735,0.20000152587308548,0.7744771966882829,0.009793217263060816,0.0009259259259259967,0.00354119038629765,0.3256578947368423,0.11690276896205008,0.11879192050889666,0.0,0.7683023711286673,0.675351626783526,0.293517086615255,0.27256535291274414,0.3923586993617556,neutral,01,08,08,female,normal,900
60,2.0020000000000002,True,1.0,0.6685629618314041,0.6602082821464913,0.6643856219889477,0.8734606468649486,-0.08944444444444449,-0.08939814814814817,0.3580182333481984,0.3601109684443206,0.20209692421007702,0.7606360107619967,0.00835467968491277,4.629629629632204e-05,0.001846447047650146,0.3162764276722798,0.11440766300450719,0.12088199419114479,0.0,0.9999999987499999,0.6741714145892732,0.2934867391610022,0.2674283534378296,0.38448758515849973,neutral,01,08,08,female,normal,900
70,2.3356666666666666,True,1.0,0.47669353530014685,0.4881252272708948,0.4824093812855208,0.6686206325344474,-0.08384259259259258,-0.08597222222222228,0.3655742293269788,0.24311490978157674,0.20069596503773232,0.7214993941436096,0.011431691970747948,0.0021296296296297035,0.004423200708108932,0.3707083446164494,0.11789033527591712,0.11781191203693941,0.0,0.8485393214769713,0.6739918273793893,0.2943609043083494,0.27284670446499953,0.3929748701141972,neutral,01,08,08,female,normal,900
80,2.6693333333333333,True,1.0,0.6342536168251611,0.6452703379820157,0.6397619774035884,0.5530098836896341,-0.08444444444444449,-0.0838888888888889,0.3695595849799074,0.23902894491129822,0.20139040423879126,1.1568725917431202,0.011016721156854592,0.0005555555555555869,0.0016970691546198985,0.4710660864551116,0.11669546897892946,0.11899556835841416,0.0,0.9030218086273626,0.6748764224674245,0.2944893956364098,0.2671968843448739,0.38725639373578935,neutral,01,08,08,female,normal,900
90,3.003,True,1.0,0.6685629618314042,0.6659549393753039,0.667258950603354,0.4553421586799751,-0.08370370370370367,-0.08171296296296293,0.37708661402870586,0.17623247117148902,0.20208333333333334,1.4654012106801624,0.0026080224561002563,0.0019907407407407374,0.007630583479526561,0.5805495970844738,0.11648942221546718,0.11903734008074278,0.0,0.759612716911126,0.6749378411755327,0.2937459740324491,0.2647187497654881,0.38353674265229093,neutral,01,08,08,female,normal,900
100,3.336666666666667,True,1.0,0.6332708849196773,0.6480769891130774,0.6406739370163774,0.4778446438454616,-0.08185185185185179,-0.08124999999999999,0.3708762614502504,0.17919174144204764,0.20000343319807196,1.3407578075178257,0.014806104193400116,0.0006018518518517979,0.004643433263065741,0.5449218750000021,0.11857330126794975,0.11712450638483124,0.0,0.8608316683832296,0.6727642170071154,0.2947254076515475,0.26616973508149566,0.3828891993122511,neutral,01,08,08,female,normal,900
0,0.0,True,1.0,0.5872190863423014,0.6213145133560165,0.6042667998491589,0.48169194796001974,-0.08106481481481476,-0.07958333333333334,0.3677735374387079,0.2031824022562666,0.19793555454007014,1.254467305107024,0.03409542701371515,0.001481481481481417,0.005259953880383461,0.5457328902068516,0.12159759846063756,0.1138143131190039,0.0,0.840528008262124,0.6309269664428272,0.2753726147248694,0.2777538446863882,0.34745133233481224,neutral,01,08,08,female,normal,901
10,0.33366666666666667,True,1.0,0.6079687453285336,0.6147450405916451,0.6113568929600894,0.48600545507031284,-0.07912037037037034,-0.0786574074074074,0.3669176890804603,0.19743971612231412,0.19862071431262085,1.25792187429592,0.00677629526311152,0.0004629629629629428,0.0009186825634742968,0.5449218750000021,0.12187969733250228,0.11367988893293217,0.0,0.8344845439453539,0.6300555240924495,0.27528217912963665,0.279145491458526,0.34973707904724766,neutral,01,08,08,female,normal,901
20,0.6673333333333333,True,1.0,0.4524926178003923,0.46043215274992955,0.4564623852751609,0.4903638719241805,-0.08731481481481479,-0.08583333333333332,0.36139098407447456,0.19154838747038253,0.19793555454007014,0.9308646321842784,0.007939534949537252,0.0014814814814814725,0.0008864951992624894,0.5458171968283122,0.12031055969781447,0.11500843055909127,0.0,0.7574255636660163,0.6282559388911815,0.27704481454229285,0.2770625144274675,0.34933016247142085,neutral,01,08,08,female,normal,901
30,1.0010000000000001,True,1.0,0.5641788259000884,0.5870058664433113,0.5755923461716999,0.9955555555555554,-0.08527777777777784,-0.08740740740740738,0.38694415904717067,0.3839999999999998,0.19585826525690575,0.5781619548599665,0.022827040543222932,0.002129629629629537,0.001539492464166599,0.2732142857142862,0.11596330205627696,0.11970919073040892,0.0,0.7715569210360278,0.6755046650066276,0.29330274899458586,0.28084474393266085,0.41475066303822367,neutral,01,08,08,female,normal,901
40,1.3346666666666667,True,1.0,0.6157591452984348,0.6147450405916446,0.6152520929450397,0.7598213392470436,-0.08847222222222229,-0.08726851851851858,0.38865812552344625,0.23653483149723414,0.2048626007773051,0.8097325794439163,0.0010141047067901976,0.0012037037037037068,0.004509052411976689,0.3502161254092782,0.11577273732634297,0.11973448589878585,0.0,0.9999999987499999,0.6757453124140279,0.29419203110109604,0.2748069799801851,0.39668192723086343,neutral,01,08,08,female,normal,901
50,1.6683333333333334,True,1.0,0.6607970134217799,0.6619668730886653,0.6613819432552226,1.0869743421707854,-0.07787037037037053,-0.08666666666666661,0.3616637297662643,0.4516301844230725,0.19306978193111085,0.608461412193395,0.001169859666885431,0.00879629629629608,0.005021645462885006,0.2629568058441051,0.11657434926632303,0.11911422611264909,0.0,0.7288435893273301,0.6755895481708308,0.29438171619899167,0.27959569151615093,0.4055754200029027,neutral,01,08,08,female,normal,901
60,2.0020000000000002,True,1.0,0.6045129030868496,0.6071304290413816,0.6058216660641156,0.5032069543681646,-0.08643518518518517,-0.08652777777777781,0.3740574230663873,0.2442033749139623,0.19723189304860722,1.2039214895684336,0.0026175259545320184,9.259259259264407e-05,0.0062871263182606345,0.512867647058822,0.11535290538998628,0.12029748537249074,0.0,0.9999999987499999,0.6757139908307073,0.29265677453398414,0.26368810138182186,0.3881997159898686,neutral,01,08,08,female,normal,901
70,2.3356666666666666,True,1.0,0.6437146255357216,0.6477138050595408,0.6457142152976312,0.7081464524329295,-0.08953703703703708,-0.08717592592592588,0.38200418695625893,0.2673614157144732,0.2090277777777778,0.9118371109241539,0.00399917952381923,0.0023611111111112026,0.0001885449320700893,0.3673469387755092,0.11793963971100262,0.11776255412694918,0.0,0.6968929765402068,0.6768748965289242,0.29451866540650323,0.27626542945487154,0.39144096564280256,neutral,01,08,08,female,normal,901
80,2.6693333333333333,True,1.0,0.6462256953009577,0.6488375285158435,0.6475316119084007,0.7486300054497197,-0.0879166666666667,-0.08712962962962956,0.3761183194621732,0.27154534876026676,0.2034755968342765,0.8649554615693145,0.0026118332148857837,0.0007870370370371416,0.00019954286296669093,0.3534639207408641,0.11622635856761078,0.11945380422347003,0.0,0.703426056893236,0.6767923599674244,0.29407729149929235,0.27279286796806096,0.3868720883010457,neutral,01,08,08,female,normal,901
90,3.003,True,1.0,0.6663178496179589,0.6656348672083183,0.6659763584131386,0.46229390735881226,-0.08587962962962958,-0.08504629629629629,0.3736133915371574,0.17895248026792687,0.20486706971089577,1.4405908185509289,0.0006829824096405979,0.0008333333333332971,0.0025459065735324504,0.5262096774193551,0.11650246744548583,0.11918453275655393,0.0,0.9999999987499999,0.6784083888477266,0.2930405280427462,0.26595817492551843,0.38573404438896436,neutral,01,08,08,female,normal,901
100,3.336666666666667,True,1.0,0.6634642374794459,0.66707778346812,0.6652710104737829,0.47757848723808866,-0.0856481481481482,-0.08310185185185187,0.36993055608707154,0.18655409657737793,0.20625924754363292,1.3930087477791337,0.0036135459886740273,0.0025462962962963243,0.002283416748172141,0.5273437500000006,0.11744426485416706,0.11825659568161266,0.0,0.7706293430245444,0.6745839990292992,0.2943938977386976,0.2680017145003899,0.38642739890135763,neutral,01,08,08,female,normal,901
0,0.0,True,1.0,0.6381831196598419,0.6437009595190559,0.640942039589449,0.45544763405321376,-0.08337962962962969,-0.08180555555555563,0.3688887932206246,0.22009433806761175,0.19238649301055735,1.4072793262431622,0.005517839859214058,0.001574074074074061,0.010973591306600135,0.5811478540806526,0.12028366839235391,0.11536731290899756,0.0,0.7016370549278025,0.6775521371048421,0.2931215182084562,0.2663172381883446,0.38280691336875183,neutral,01,08,08,female,normal,902
10,0.33366666666666667,True,1.0,0.6001102418572143,0.6010960082258178,0.600603125041516,0.44804453122602955,-0.08305555555555555,-0.08069444444444446,0.37539353005652987,0.23132707975594954,0.1916861703873071,1.3404987298874622,0.00098576636860348,0.0023611111111110916,0.006031073748519523,0.5817960782971714,0.11647688004330384,0.11904961250278585,0.0,0.7029504826486334,0.6792419977287789,0.29350627287257736,0.2636446518599328,0.3866957182950855,neutral,01,08,08,female,normal,902
20,0.6673333333333333,True,1.0,0.28574108178675844,0.30036982334926743,0.2930554525680129,0.48957815855102643,-0.09847222222222218,-0.09439814814814812,0.36272737598267335,0.2447512692901114,0.19657474551182108,0.5985876768590956,0.014628741562508984,0.004074074074074063,0.008087600860582179,0.510643695257789,0.11768000824862775,0.11802200399915004,0.0,0.733816150339501,0.6797809308410864,0.2922057160775357,0.2651432816361943,0.3856090241293939,neutral,01,08,08,female,normal,902
30,1.0010000000000001,True,1.0,0.5472298971988889,0.5646199863926262,0.5559249417957576,0.9198653737783601,-0.06837962962962962,-0.07856481481481481,0.3446717173862924,0.4270588086375271,0.1861258682802443,0.6043546780245548,0.0173900891937373,0.010185185185185186,0.0007973320200565279,0.3118798079083483,0.11554971098659886,0.12010845956821325,0.0,0.9999999987499999,0.6752524794527186,0.2943853657734972,0.26997301698942383,0.3928043855145459,neutral,01,08,08,female,normal,902
40,1.3346666666666667,True,1.0,0.50863709697516,0.5095210363345075,0.5090790666548337,0.692800601051986,-0.08851851851851866,-0.08643518518518517,0.38714200369352825,0.27415828176672036,0.19935186884018483,0.734813257785603,0.0008839393593474965,0.0020833333333334925,0.009346738452156621,0.38717318497128245,0.11359622258068426,0.1219576811188202,0.0,0.9999999987499999,0.6788047183170142,0.2958425584169022,0.2676423833961928,0.3922121103410415,neutral,01,08,08,female,normal,902
50,1.6683333333333334,True,1.0,0.3069755451372222,0.27909166844052524,0.2930336067888737,0.7639659187288119,-0.09305555555555556,-0.0939814814814815,0.37913938628616284,0.345233630637956,0.19169890643989534,0.38356895197165597,0.027883876696696952,0.0009259259259259411,0.008642322390298572,0.3569502703415791,0.11748747901781335,0.11821366267655403,0.0,0.8595524454806449,0.6778687345563226,0.29384230173365156,0.2731835454390353,0.40097124078162644,neutral,01,08,08,female,normal,902
60,2.0020000000000002,True,1.0,0.6135137336489639,0.6391328416594412,0.6263232876542025,0.6172396947747901,-0.08759259259259261,-0.0876851851851852,0.3600114102405777,0.2777304028701322,0.1993090007157837,1.0147164755544873,0.025619108010477287,9.259259259258856e-05,0.0031388408962335287,0.4085376719841337,0.1157686465346851,0.11989744888274584,0.0,0.8733260327211059,0.6751535112013555,0.2941632703093712,0.2646859573068813,0.38967063467104623,neutral,01,08,08,female,normal,902
70,2.3356666666666666,True,1.0,0.6297066263850958,0.611542762316091,0.6206246943505933,0.6756083124716841,-0.08768518518518525,-0.08652777777777781,0.3794740698918858,0.2643487067572349,0.20069596503773232,0.9186161314091362,0.01816386406900483,0.0011574074074074403,0.0016227844673063873,0.3912750951659053,0.11501922446945619,0.12061656507851182,0.0,0.9000332520861825,0.6769172914556448,0.29517046149349846,0.26740477621263725,0.38953316548442773,neutral,01,08,08,female,normal,902
80,2.6693333333333333,True,1.0,0.6101384248212954,0.6147450405916451,0.6124417327064703,0.4887454150702105,-0.08620370370370373,-0.08421296296296299,0.3774710142330962,0.20731642427755645,0.19999999999999996,1.2530894691226724,0.004606615770349709,0.0019907407407407374,0.002495357768050867,0.5112893648294506,0.11746179673594698,0.1182391816484124,0.0,0.9018102612883075,0.6775586281778336,0.29368767894795617,0.26758082372980646,0.3888778453399304,neutral,01,08,08,female,normal,902
90,3.003,True,1.0,0.6716853859833302,0.6195780990564757,0.645631742519903,0.45208990034649216,-0.08634259259259258,-0.0831481481481482,0.37121439315111476,0.19576802245106145,0.2027837975942453,1.4281047685981834,0.05210728692685451,0.0031944444444443887,0.0007927769572597794,0.5808417391309634,0.11750678082680437,0.11803317449498336,0.0,0.7363294132762814,0.6769213647412091,0.2935712085625641,0.26691152414516733,0.3859191075637897,neutral,01,08,08,female,normal,902
100,3.336666666666667,True,1.0,0.6747521320085706,0.6413822514677655,0.6580671917381681,0.481890516802614,-0.0856481481481482,-0.08314814814814808,0.37235599668331565,0.19576802245106145,0.19861725721356668,1.365594816234405,0.03336988054080514,0.0025000000000001132,0.0035046573048246456,0.5449218749999996,0.1167655264136374,0.11892682460402212,0.0,0.9251527869763354,0.677282449792417,0.2937983855890465,0.26481613243933705,0.3856876551490764,neutral,01,08,08,female,normal,902
0,0.0,True,1.0,0.5857368753476061,0.5956966068515347,0.5907167410995704,0.46291199872529093,-0.08324074074074067,-0.08120370370370372,0.37432819317036164,0.19412438656221828,0.1979201360030356,1.276088636125683,0.009959731503928593,0.0020370370370369484,0.00044154261753637925,0.5806451612903236,0.11899995028621121,0.11669100051636815,0.0,0.7020443741122195,0.6751041432666818,0.29268319410045035,0.2679983205505365,0.3851311983024208,neutral,01,08,08,female,normal,903
10,0.33366666666666667,True,1.0,0.615759145298432,0.6165156120195836,0.6161373786590079,0.45571019832138654,-0.08421296296296299,-0.08175925925925925,0.37027762748429555,0.21262738659326147,0.19654175282197442,1.3520377225011786,0.0007564667211515941,0.0024537037037037357,0.002610853200562214,0.5624011491103128,0.1168856445273419,0.11864830350683032,0.0,0.75901293112421,0.6760561852866147,0.29354696862404156,0.267080024285862,0.3880424113363245,neutral,01,08,08,female,normal,903
20,0.6673333333333333,True,1.0,0.43764965961347563,0.4289438007433802,0.4332967301784279,0.4705465158686873,-0.0889814814814815,-0.08717592592592588,0.36714631860964353,0.2200943380676119,0.19724117659584223,0.9208371873256959,0.008705858870095451,0.0018055555555556158,0.0012911862923069475,0.5624999999999981,0.11503567403651481,0.12060087672958512,0.0,0.7663081781893861,0.672499106142457,0.29322046321762224,0.26366588102781696,0.3878160943697,neutral,01,08,08,female,normal,903
30,1.0010000000000001,True,1.0,0.19710406552501175,0.19229464316562778,0.19469935434531976,0.798447767222463,-0.09907407407407404,-0.09671296296296295,0.370902694508772,0.32388038209477815,0.19940352799112818,0.24384732770011336,0.004809422359383975,0.0023611111111110916,0.004295585180434351,0.32953144691495523,0.11480676453537941,0.12081880890786426,0.0,0.7071067807446058,0.6740208609772034,0.29389173905826066,0.2653200331286989,0.3850785144651986,neutral,01,08,08,female,normal,903
40,1.3346666666666667,True,1.0,0.2351792717727691,0.22650900182181002,0.23084413679728955,0.711003514847687,-0.09916666666666663,-0.09819444444444447,0.389541704772893,0.24168002753177883,0.20839521379171216,0.3246736928533209,0.00867026995095907,0.0009722222222221522,0.0005378782507998609,0.38292560314128893,0.11443811976390034,0.12085316139210023,0.0,0.7595374430107048,0.6739308470341261,0.2952698481459314,0.27098342364017425,0.3882943491488104,neutral,01,08,08,female,normal,903
50,1.6683333333333334,True,1.0,0.5196205077346584,0.5001365086895471,0.5098785082121027,0.8228146921513139,-0.09504629629629624,-0.09152777777777776,0.37931034482758624,0.2938475665748394,0.20694776243640664,0.6196759891087812,0.019483999045111333,0.0035185185185184764,0.00030556852749525097,0.33145649358083956,0.11539849149263079,0.1202537564078789,0.0,0.8153071980645048,0.6752208665888232,0.29442697980424065,0.27805144433963536,0.4017546243737553,neutral,01,08,08,female,normal,903
60,2.0020000000000002,True,1.0,0.6268054022864046,0.6213151282566444,0.6240602652715245,0.7961404601672021,-0.08754629629629629,-0.08754629629629629,0.36288293949671646,0.31384470442959317,0.2027871836624776,0.7838569906878768,0.0054902740297602115,0.0,0.0018258909640145604,0.33586785567021493,0.11459067994443982,0.12102377385777394,0.0,0.6852790995929774,0.6750319861382053,0.293573976075616,0.267982963804951,0.38310049167349125,neutral,01,08,08,female,normal,903
70,2.3356666666666666,True,1.0,0.6025318308016738,0.6169414097563868,0.6097366202790303,0.7659238148578862,-0.08601851851851844,-0.08523148148148146,0.36151825496453444,0.27573257334883816,0.20903690243586584,0.7960799866135044,0.014409578954712954,0.000787037037036975,0.00011482199441549586,0.33750000000000013,0.11995212949913706,0.11571198899841745,0.0,0.9403679682458148,0.6286406156837735,0.27882110861953635,0.2873055333062066,0.35836626368292546,neutral,01,08,08,female,normal,903
80,2.6693333333333333,True,1.0,0.6465812560598121,0.6589983016756561,0.6527897788677341,0.484378189680477,-0.08375000000000005,-0.08300925925925923,0.3772204779247921,0.19815471396019466,0.20418497639253094,1.3476861526286945,0.012417045615844002,0.0007407407407408195,0.0025155685920124128,0.5454545454545453,0.1194006738008476,0.11578836306899257,0.0,0.9999999987499999,0.6322501323185524,0.2743131312400895,0.28023376967023517,0.3575052733377115,neutral,01,08,08,female,normal,903
90,3.003,True,1.0,0.5711613869529937,0.5811121841847036,0.5761367855688486,0.5077099340858031,-0.08231481481481484,-0.08148148148148143,0.37198929370040584,0.20905703168238904,0.20278718366247772,1.1347754827887242,0.009950797231709885,0.0008333333333334081,0.001145131746837267,0.5302281287447054,0.11980670026221438,0.1158625579795421,0.0,0.9251236285001666,0.6346010887479993,0.27445498479421027,0.2808766370315994,0.3581891322526745,neutral,01,08,08,female,normal,903
100,3.336666666666667,True,1.0,0.6151379508846877,0.5974108218893496,0.6062743863870186,0.49694959545269535,-0.0844907407407407,-0.08254629629629628,0.3666035999501942,0.19576802245106134,0.20348572033465126,1.219991709289418,0.017727128995338126,0.0019444444444444153,0.0006371992327423376,0.5284090909090929,0.12047167382817853,0.11500543303125672,0.0,0.9999999987499999,0.6330419491468463,0.27494997777818886,0.2808895858481868,0.3564709122833136,neutral,01,08,08,female,normal,903
0,0.0,True,1.0,0.5064020884513031,0.5572667685426126,0.5318344284969578,0.42760644365161465,-0.07745370370370369,-0.0765277777777778,0.3981217511071241,0.09970475657402009,0.19862493957419497,1.2437474607615155,0.05086468009130951,0.0009259259259258856,0.010963812579504517,0.621893991571019,0.1173625443944287,0.1183376987375508,0.0,0.9554674525293156,0.6357101599467913,0.30704002488397,0.2526937831929585,0.37320815110790406,calm,02,08,08,female,normal,904
10,0.33366666666666667,True,1.0,0.556456871115533,0.5612770409086584,0.5588669560120957,0.4416223196938308,-0.07680555555555557,-0.07560185185185181,0.3942235187138206,0.09970475657402009,0.19795521143305858,1.2654862109314324,0.004820169793125384,0.0012037037037037623,0.011595952595534658,0.5841222437100442,0.1175641044122223,0.11813745859351928,0.0,0.7808137661541704,0.6379129302814877,0.30658555706055735,0.2551231087477783,0.37336226308216,calm,02,08,08,female,normal,904
20,0.6673333333333333,True,1.0,0.25199824022212863,0.26819298176926637,0.2600956109956975,0.43326709530514773,-0.08629629629629626,-0.08347222222222223,0.40049711569799024,0.04192907373920763,0.20005492409898332,0.6003124027051109,0.016194741547137737,0.0028240740740740344,0.013079025722673781,0.5815405283006417,0.11756903887490075,0.11813254787408017,0.0,0.7071067807446058,0.635275430945816,0.30655426940460806,0.258252177038602,0.3789089205501097,calm,02,08,08,female,normal,904
30,1.0010000000000001,True,1.0,0.21227978042992454,0.1685530640485691,0.19041642223924682,0.78946565105938,-0.09712962962962968,-0.09314814814814809,0.4334327740038897,0.1909683190143972,0.19772293454357195,0.2411965890900104,0.043726716381355446,0.003981481481481586,0.011200442338653943,0.33717635656040507,0.1103237904541525,0.1246203479898527,0.0,0.9999999987499999,0.672012432082208,0.2957437697576295,0.272889387940894,0.4064880571063981,calm,02,08,08,female,normal,904
40,1.3346666666666667,True,1.0,0.25991103132238497,0.2153873094762934,0.2376491703993392,0.6481465763861111,-0.09819444444444453,-0.09421296296296294,0.400843839508212,0.1754313180353903,0.19982892007308214,0.36665960919581847,0.044523721846091574,0.003981481481481586,0.031304648149944686,0.39149483768489146,0.11224313597183525,0.1230493894656624,0.0,0.9999999987499999,0.67084665154343,0.29539328005252563,0.26771015273963733,0.38663745753705187,calm,02,08,08,female,normal,904
50,1.6683333333333334,True,1.0,0.22699197024489043,0.2570843846112234,0.24203817742805692,0.8499673498412036,-0.09111111111111109,-0.08990740740740738,0.4075610407644122,0.2563393594759186,0.19236745689994247,0.2847617352281544,0.030092414366332976,0.0012037037037037068,0.01173309653736678,0.31410835794613934,0.1200572276900911,0.11560294048627454,0.0,0.6899968774845122,0.6248422296340411,0.27920543746321375,0.2965609836169191,0.37751604241460035,calm,02,08,08,female,normal,904
60,2.0020000000000002,True,1.0,0.19626945088544812,0.18758927121346192,0.19192936104945502,0.6381109508377768,-0.0982407407407408,-0.09407407407407403,0.3623085310862076,0.16706437518041964,0.1994586163382236,0.3007774130775701,0.008680179671986199,0.004166666666666763,0.009989152294899698,0.38898244914512353,0.11602535830225025,0.1196490451279231,0.0,0.9999999987499999,0.6700638743075354,0.29245120339025166,0.2679824688106909,0.3845081157505042,calm,02,08,08,female,normal,904
70,2.3356666666666666,True,1.0,0.49998417357356634,0.5118074859308607,0.5058958297522135,0.6098447076357947,-0.07740740740740742,-0.07708333333333334,0.420922128949247,0.0994237691735909,0.20922077066308847,0.8295486103559654,0.011823312357294335,0.0003240740740740877,0.004063785398225084,0.44072088376202284,0.11900374733822369,0.11668712820567871,0.0,0.9999999987499999,0.6301317598992722,0.279083114274682,0.29258672446736894,0.3597676942623305,calm,02,08,08,female,normal,904
80,2.6693333333333333,True,1.0,0.40360744982740143,0.43583301932131446,0.4197202345743579,0.6379001250844178,-0.07902777777777775,-0.07837962962962963,0.42406657701371575,0.14970139026968404,0.20071877255469703,0.6579717075910799,0.03222556949391303,0.0006481481481481199,0.004392097166930412,0.42520688534198847,0.12080953423218523,0.11481652410725421,0.0,0.8141463972094181,0.6313763702590411,0.2762470866504991,0.29298977147437777,0.36757311743542936,calm,02,08,08,female,normal,904
90,3.003,True,1.0,0.23107033687522155,0.24747604832078138,0.23927319259800145,0.5003725778947291,-0.08337962962962969,-0.08388888888888896,0.44547804559249254,0.03752794334210554,0.20834248840561403,0.47819005910499945,0.01640571144555983,0.0005092592592592649,0.001778374407333578,0.5507119858930342,0.11510391741000102,0.12053574559311314,0.0,0.908746279221554,0.6382308553108743,0.3030775112333426,0.25930650700072994,0.38058789208869637,calm,02,08,08,female,normal,904
100,3.336666666666667,True,1.0,0.5320335210979125,0.5647616409399735,0.548397581018943,0.512071386470988,-0.07268518518518519,-0.07351851851851848,0.43676011871930276,0.019195086686630766,0.20833662920570015,1.0709397078370304,0.03272811984206103,0.0008333333333332971,0.009054054097955582,0.5393991967435319,0.11997923866539453,0.11551907249825903,0.0,0.9236603583795426,0.6138893063006452,0.2793366321086177,0.27895524276654704,0.3573447831418684,calm,02,08,08,female,normal,904
0,0.0,True,1.0,0.5849264600124111,0.5811121841847038,0.5830193220985574,0.462462989343953,-0.07768518518518525,-0.07944444444444443,0.383123593072961,0.12284173154448721,0.19652933060954064,1.2606832017533443,0.003814275827707325,0.0017592592592591827,0.007246103384818076,0.5633673867912494,0.12235074081242502,0.11317276170672176,0.0,0.7167930351882384,0.6282062182294793,0.27387377193631635,0.2824054105226486,0.35578989513357345,calm,02,08,08,female,normal,905
10,0.33366666666666667,True,1.0,0.5230608657087564,0.5192619409629786,0.5211614033358676,0.45177804986230335,-0.07680555555555557,-0.07777777777777772,0.39359817813200787,0.1269841269841265,0.19722570377434895,1.1535784075713982,0.0037989247457778097,0.0009722222222221522,0.008599444312851659,0.5797199797214312,0.12055410244263594,0.11508469122162707,0.0,0.7579008021375975,0.627581679499925,0.2733788035076343,0.28106397648584724,0.35468144991244127,calm,02,08,08,female,normal,905
20,0.6673333333333333,True,1.0,0.2724128368401694,0.2907286231600414,0.2815707300001054,0.42020151097886405,-0.08097222222222222,-0.08574074074074078,0.4019126677990603,0.10497659200964321,0.18611766999740337,0.6700850012275855,0.018315786319871963,0.004768518518518561,0.004166854928537988,0.5995785694255095,0.12087000898802426,0.11458671279467274,0.0,0.9999999987499999,0.6270611999956233,0.27721472240037026,0.2776378092307271,0.34582516398815105,calm,02,08,08,female,normal,905
30,1.0010000000000001,True,1.0,0.23309057012459183,0.2790418651452268,0.25606621763490933,0.723428401490357,-0.08379629629629631,-0.08967592592592583,0.42532904858879644,0.1315049294410161,0.19607667346241126,0.3539620743495548,0.04595129502063494,0.0058796296296295125,0.005809392506042609,0.3685533874250644,0.11914958782105572,0.11653820614483056,0.0,0.9999999987499999,0.6300774749587335,0.28186679766453043,0.2848610034825332,0.36610449110629634,calm,02,08,08,female,normal,905
40,1.3346666666666667,True,1.0,0.3103667215275324,0.32486674369751506,0.31761673261252377,0.6462537487135677,-0.07513888888888887,-0.07990740740740743,0.4073007707097514,0.1236091575760071,0.18565352380921235,0.4914737179393875,0.01450002216998264,0.004768518518518561,0.012382760481701581,0.40866583277700425,0.11792732264107487,0.11696326177963755,0.0,0.7837386157887034,0.6319307977566027,0.280714168534888,0.27873480801645484,0.35677866584545037,calm,02,08,08,female,normal,905
50,1.6683333333333334,True,1.0,0.2438038616534073,0.23067142232060145,0.23723764198700437,0.8194634619718802,-0.08611111111111103,-0.09379629629629638,0.40353531183971236,0.22213653792282653,0.19305595074681034,0.2895036240128851,0.013132439332805862,0.00768518518518535,0.012360399290614601,0.3434981099589293,0.11839658695398547,0.11730313707324039,0.0,0.7870387213916603,0.6756340037890156,0.2943804460757516,0.2837262758411461,0.39831623554438916,calm,02,08,08,female,normal,905
60,2.0020000000000002,True,1.0,0.4608416137401485,0.492926955849888,0.4768842847950182,0.7382010542903845,-0.06486111111111109,-0.07236111111111104,0.4172076676973884,0.17079649730172464,0.1951705550945909,0.6460086747687402,0.03208534210973951,0.007499999999999951,0.01455419813492991,0.3748170285326542,0.11464893642724396,0.12081098955457874,0.0,0.7969357388701465,0.6407153747514631,0.30595715760870273,0.26655630566627386,0.38817156258528396,calm,02,08,08,female,normal,905
70,2.3356666666666666,True,1.0,0.41998268034283237,0.4659084284850759,0.4429455544139541,0.683364146827291,-0.08921296296296294,-0.09337962962962959,0.40143974369412705,0.09055492890436652,0.225195227802456,0.6481837779615051,0.04592574814224354,0.004166666666666652,0.02629907766097708,0.3904279138236237,0.11403236316504892,0.12154998115777914,0.0,0.920009171987288,0.6395242865192952,0.30684634449063664,0.26547523919224164,0.38812571755303427,calm,02,08,08,female,normal,905
80,2.6693333333333333,True,1.0,0.46028055651857247,0.4806008882670646,0.47044072239281853,0.4823592930885132,-0.07203703703703707,-0.08143518518518522,0.40517499962134806,0.03444978647612125,0.21458902197152224,0.975291093451562,0.020320331748492126,0.009398148148148155,0.03252623189676804,0.547104375572874,0.11810919876760753,0.11759249523502119,0.0,0.8649932412548771,0.6361815578418868,0.30573935859603263,0.2617424540930812,0.3819748814701357,calm,02,08,08,female,normal,905
90,3.003,True,1.0,0.5476773428331521,0.5666488798454741,0.5571631113393131,0.4685170960752503,-0.07689814814814822,-0.07824074074074078,0.4026648202332706,0.02066987188567276,0.21741164936522328,1.1892055082016153,0.018971537012322015,0.001342592592592562,0.03306488441493759,0.5467475444653528,0.11720135328422723,0.11849734409450156,0.0,0.6972551113453682,0.6344497892125601,0.3072652952942448,0.2599439408323581,0.3773437253580609,calm,02,08,08,female,normal,905
100,3.336666666666667,True,1.0,0.35527851825680545,0.39472780759966,0.3750031629282327,0.4581215109413563,-0.07648148148148148,-0.08087962962962963,0.4134811621229484,-0.033666980425682266,0.2146060869813445,0.8185670263718233,0.03944928934285452,0.004398148148148151,0.022371600366490905,0.5621923313036478,0.11588286380599337,0.11946853874464544,0.0,0.7446113162577849,0.634761237682573,0.306388204840018,0.26046560051635387,0.37864304397970744,calm,02,08,08,female,normal,905
0,0.0,True,1.0,0.5917029004813443,0.6068095078926812,0.5992562041870128,0.42417102783892585,-0.07249999999999995,-0.07509259259259254,0.4088746794128819,0.07520664328999974,0.20071307091842538,1.4127702385523924,0.015106607411336848,0.002592592592592591,0.021882127927163705,0.6173718545737563,0.120163304163149,0.11549267553534609,0.0,0.775214165311953,0.6369330819906087,0.3041998177993942,0.25740387281721655,0.3728337609840178,calm,02,08,08,female,normal,906
10,0.33366666666666667,True,1.0,0.5316284742574291,0.5494316198160665,0.5405300470367478,0.41669971341145035,-0.07314814814814813,-0.07624999999999998,0.40007675786476266,0.06249397270840952,0.19932431181857685,1.297169231558907,0.01780314555863738,0.0031018518518518556,0.021963549934913295,0.6186412640213405,0.11724500466201747,0.11845415421538805,0.0,0.8890131374673425,0.6368174354194803,0.30400924859975975,0.25503041943345156,0.3743262165056549,calm,02,08,08,female,normal,906
20,0.6673333333333333,True,1.0,0.3069104202505312,0.30356593795509695,0.3052381791028141,0.4443807867302429,-0.08101851851851849,-0.08384259259259264,0.41572819711314124,0.026897024964824587,0.20556891687172846,0.6868842853192616,0.00334448229543427,0.0028240740740741455,0.018094269518579623,0.5958124144962585,0.11831346859397701,0.1173869708209864,0.0,0.9999999987499999,0.633504616651348,0.305533086120657,0.2606280644058821,0.386377260525625,calm,02,08,08,female,normal,906
30,1.0010000000000001,True,1.0,0.33970429182139256,0.3688328387959799,0.3542685653086862,0.5924601825672651,-0.08111111111111119,-0.0829166666666667,0.4143800250979965,0.0604691115092269,0.20840509831657258,0.5979618136927949,0.029128546974587333,0.0018055555555555047,0.015426272445658341,0.4471075402065368,0.11588348920981896,0.1197864545660393,0.0,0.8924468987318618,0.6363120067480117,0.30749487722800184,0.2638173983562465,0.3911658449258932,calm,02,08,08,female,normal,906
40,1.3346666666666667,True,1.0,0.29030311101427303,0.30150984689198,0.2959064789531265,0.7248825399724422,-0.08703703703703713,-0.08865740740740741,0.4014372780386579,0.1913814237920327,0.20417264553320505,0.40821300367418967,0.011206735877706986,0.001620370370370272,0.018595244969594887,0.3626330425490474,0.1141100409597433,0.12147706088340735,0.0,0.849884933995528,0.6704980081563876,0.29431167272255115,0.27502812741517385,0.39775191516310276,calm,02,08,08,female,normal,906
50,1.6683333333333334,True,1.0,0.32281395994839385,0.3237527645732861,0.32328336226084,0.728415803070381,-0.08111111111111108,-0.08347222222222228,0.43204721517382777,0.1850735997777904,0.20295979823491242,0.44381706286183314,0.0009388046248922643,0.0023611111111112026,0.020959656408167573,0.39464639376060545,0.1216059731410356,0.11397265051868115,0.0,0.726181357092727,0.6218336237072954,0.2797482812767514,0.31026523616834606,0.3944945690684353,calm,02,08,08,female,normal,906
60,2.0020000000000002,True,1.0,0.3285067758750209,0.34547536059854717,0.33699106823678404,0.7139888730024195,-0.08194444444444449,-0.08611111111111108,0.3840601892065995,0.14547258036343577,0.20632248962864536,0.47198364145325,0.016968584723526248,0.004166666666666596,0.025575285602032052,0.3787524553504116,0.11463595729882904,0.1205075235000745,0.0,0.9999999987499999,0.6353706498927697,0.30736465894558807,0.2618413964901385,0.3866900520929707,calm,02,08,08,female,normal,906
70,2.3356666666666666,True,1.0,0.1201568613272513,0.08838159591982032,0.10426922862353581,0.5621972048398871,-0.08759259259259261,-0.09078703703703705,0.39651720952265057,0.056081262791631094,0.20773293113758434,0.18546735509514234,0.031775265407430975,0.003194444444444444,0.03704429937884219,0.4237813667760781,0.11505349772552816,0.12058387300951154,0.0,0.7071067807446058,0.6380941036492723,0.3055366609560137,0.25905637320289954,0.38113532532766514,calm,02,08,08,female,normal,906
80,2.6693333333333333,True,1.0,0.4435513122794738,0.4468947075625819,0.44522300992102787,0.5531659397846226,-0.07296296296296295,-0.07833333333333337,0.4187895078034237,0.09206231322102615,0.20091329138676764,0.8048633834801493,0.0033433952831081193,0.005370370370370414,0.050585795171508935,0.4704878944870522,0.12139709337758732,0.11402815240867681,0.0,0.7788849057481434,0.6289949694330857,0.2754394274743101,0.2877025611778138,0.359147877177557,calm,02,08,08,female,normal,906
90,3.003,True,1.0,0.5330549404351322,0.5061840438758449,0.5196194921554886,0.46741656035657897,-0.070925925925926,-0.07611111111111107,0.4028199833128678,0.061728938628021215,0.20093189757354313,1.1116839586494016,0.026870896559287316,0.0051851851851850705,0.04695695753821371,0.5479172395482721,0.12229701719760867,0.11323081450871819,0.0,0.8164141351989569,0.6288869309364371,0.27535510366279126,0.28361111086120777,0.35597526580782585,calm,02,08,08,female,normal,906
100,3.336666666666667,True,1.0,0.5552758196085373,0.5687111016824505,0.5619934606454939,0.4622906182736474,-0.06925925925925924,-0.0760185185185186,0.4004403906379294,0.05590543165227681,0.20087835266630077,1.2156713513766975,0.013435282073913202,0.006759259259259354,0.03655929130439207,0.5620108397063576,0.12049849874215643,0.11481150497780855,0.0,0.7425704584343492,0.6320577002988695,0.2739235390531031,0.2775595022572482,0.3514429019389767,calm,02,08,08,female,normal,906
0,0.0,True,1.0,0.4445897401053992,0.45546339321135487,0.45002656665837704,0.45173308801458034,-0.07861111111111108,-0.0812962962962962,0.39305592762326247,0.10580957439325686,0.19722570377434895,0.9962222794798945,0.010873653105955672,0.002685185185185124,0.018861037691339542,0.5981031835724951,0.12138901721861216,0.11420369638708577,0.0,0.8521996905654158,0.6285248856652036,0.2745552674373778,0.28112306477799764,0.3594047018348243,calm,02,08,08,female,normal,907
10,0.33366666666666667,True,1.0,0.4687949870327614,0.471629359109078,0.47021217307091967,0.43401718854408977,-0.07861111111111108,-0.08143518518518517,0.3973731545434618,0.08398950131233564,0.19722376958631055,1.0833952789940093,0.0028343720763165936,0.00282407407407409,0.019325561029537912,0.5986917719933641,0.12138290312916127,0.11421019480533012,0.0,0.7481567853224712,0.6269156725580858,0.2755552176899303,0.2832589948914507,0.3611136742958977,calm,02,08,08,female,normal,907
20,0.6673333333333333,True,1.0,0.1473948113165853,0.18097191259990678,0.16418336195824604,0.4072608603160929,-0.09134259259259264,-0.09222222222222215,0.41029377541373574,0.02713165377903601,0.2000003814693628,0.4031405370769393,0.033577101283321475,0.0008796296296295081,0.014169578453395676,0.6370522300146017,0.11491663410804072,0.12039824367027696,0.0,0.9999999987499999,0.668579750548657,0.29547929917634347,0.2680255786322464,0.38699807220964677,calm,02,08,08,female,normal,907
30,1.0010000000000001,True,1.0,0.4279835390946502,0.41636981901995823,0.4221766790573042,0.637620386311212,-0.0809259259259259,-0.08828703703703705,0.4122406423168933,0.1084069792325499,0.20419058108242358,0.6621128936916498,0.011613720074691969,0.007361111111111152,0.01240086166936765,0.4086658327770051,0.11905400937062208,0.11663584621429758,0.0,0.9999999987499999,0.630196755639756,0.27794747971745226,0.29067106501360696,0.3647634826060017,calm,02,08,08,female,normal,907
40,1.3346666666666667,True,1.0,0.16955903445435488,0.1714793357375166,0.17051918509593575,0.6860323410271214,-0.0891203703703704,-0.09546296296296297,0.39909989146923885,0.17482403937882818,0.20487451771692225,0.24855852253355282,0.0019203012831617294,0.006342592592592566,0.015608803521920532,0.3904279138236236,0.1143737071841838,0.12122884505671745,0.0,0.9999999987499999,0.6718723529020983,0.29586221041917654,0.2762709413126637,0.3952683214439397,calm,02,08,08,female,normal,907
50,1.6683333333333334,True,1.0,0.4600950213718,0.4799821016847966,0.47003856152829826,0.7242221531975837,-0.05018518518518522,-0.053935185185185086,0.42831390317268414,0.2630098588820313,0.1591217814489921,0.6490253846184977,0.01988708031299663,0.0037499999999998646,0.022788109449514104,0.3796562148642003,0.11529109272110459,0.12035672689218879,0.0,0.8176059995542616,0.6737113080388406,0.29453581156893266,0.2896968748349349,0.4341423841074013,calm,02,08,08,female,normal,907
60,2.0020000000000002,True,1.0,0.34234685278403365,0.36997396387442444,0.356160408329229,0.6053154192175899,-0.05768518518518523,-0.05935185185185177,0.38859109812931,0.1941308949344174,0.16572079166492992,0.5883881312483165,0.027627111090390788,0.0016666666666665386,0.03579149337846044,0.43024523891770466,0.11414112603794574,0.12144785348374898,0.0,0.9338661463044994,0.668714753291942,0.2941556888627059,0.2667179808003454,0.38984056058167255,calm,02,08,08,female,normal,907
70,2.3356666666666666,True,1.0,0.23385341304840537,0.26401501188683074,0.24893421246761804,0.5733890941918922,-0.07546296296296295,-0.08597222222222223,0.4001871626904313,0.13265884112700707,0.19947429843234007,0.4341453560752743,0.03016159883842537,0.010509259259259274,0.0411483472802797,0.48007960210937195,0.11880030928871156,0.11689424400768125,0.0,0.8324135313512213,0.6284881518075981,0.27904425762113344,0.28643511226047214,0.3545429438139753,calm,02,08,08,female,normal,907
80,2.6693333333333333,True,1.0,0.4600950213718013,0.4647434182648456,0.46241921981832346,0.5549611942436629,-0.07916666666666661,-0.08328703703703699,0.39003525316822857,0.14216472207751743,0.20220561833854578,0.8332460442545688,0.004648396893044304,0.004120370370370385,0.03692292077769642,0.475516609257772,0.11972063858814758,0.11578705677956896,0.0,0.9999999987499999,0.6319099475884102,0.2768380104715949,0.28683454504362016,0.361178289786399,calm,02,08,08,female,normal,907
90,3.003,True,1.0,0.47619047619047505,0.49222945333800594,0.4842099647642405,0.51648347756166,-0.07453703703703707,-0.07976851851851852,0.385544878767714,0.10031719157559532,0.2056757761534294,0.937512981151335,0.016038977147530886,0.005231481481481448,0.04301157811229065,0.499451587184919,0.1195637159321179,0.1161132877911008,0.0,0.9999999987499999,0.6312596441936149,0.27728206457149696,0.28801996875688396,0.3624066413805808,calm,02,08,08,female,normal,907
100,3.336666666666667,True,1.0,0.4678362573099409,0.5003548448146619,0.4840955510623014,0.5039855365601769,-0.07222222222222219,-0.07837962962962963,0.39537277085513717,0.06996383749515578,0.20428770460881945,0.9605346105096003,0.032518587504720975,0.006157407407407445,0.035623370351291636,0.49975603804354046,0.12099990756352814,0.1144495355675879,0.0,0.9448351382103168,0.6316084447216387,0.2762239424985534,0.2885639844016939,0.3615127865531429,calm,02,08,08,female,normal,907
0,0.0,True,1.0,0.5173220770978052,0.5330549404351335,0.5251885087664694,0.4463723657308204,-0.08351851851851849,-0.0831481481481482,0.39577449637245815,0.16738963714905794,0.18680596396879406,1.1765703907467653,0.015732863337328262,0.00037037037037029874,0.001828344972742123,0.5659615711335882,0.11938990788905814,0.11629199311932004,0.0,0.6679247618065097,0.6282957895892732,0.2762053175631023,0.28381380577412624,0.3474655675088916,calm,02,08,08,female,strong,908
10,0.33366666666666667,True,1.0,0.5010785545286613,0.4922203911427854,0.49664947283572336,0.4598071916510136,-0.08194444444444449,-0.08078703703703705,0.39731417713288425,0.16021256652311122,0.186807189203152,1.0801255001089076,0.008858163385875972,0.0011574074074074403,0.004369565794864478,0.5656733804367745,0.12038396850335371,0.11476570068724003,0.0,0.7071067807446058,0.6279423824217187,0.27635014044559775,0.28768155194511946,0.3513366925837879,calm,02,08,08,female,strong,908
20,0.6673333333333333,True,1.0,0.3619438251998144,0.3392167802769028,0.3505803027383586,0.43658744197294064,-0.09375000000000006,-0.09425925925925926,0.40689099653294175,0.14325525439737152,0.18685496707656823,0.8030013441387243,0.02272704492291161,0.0005092592592592093,0.004379722236991494,0.583435412966606,0.11288798703412825,0.12230238042072557,0.0,0.9999999987499999,0.6651036429649987,0.29526606613413026,0.26184668282216,0.3795396258651251,calm,02,08,08,female,strong,908
30,1.0010000000000001,True,1.0,0.3081126716972486,0.28121580754956627,0.29466423962340743,0.7016623457747498,-0.0975462962962963,-0.09453703703703698,0.4413374725083741,0.21532830611326648,0.1895340417198953,0.41995162117193274,0.02689686414768233,0.0030092592592593226,0.023805236881537167,0.3619691516811518,0.11223656001647146,0.12290046569891033,0.0,0.9672309395090843,0.6689704280618498,0.29393499144707186,0.2739396395508543,0.4091528637938061,calm,02,08,08,female,strong,908
40,1.3346666666666667,True,1.0,0.15018491167463438,0.13362576529096756,0.14190533848280096,0.6209217101974684,-0.09879629629629627,-0.09476851851851853,0.42134060348918523,0.16512692715278557,0.19099778869268053,0.22853982418761223,0.016559146383666817,0.004027777777777741,0.01342468392312399,0.3954911771642452,0.11409876767227835,0.12117359897773251,0.0,0.8716774638457533,0.6707816879017231,0.295098987661385,0.2706044200070844,0.38773920187996086,calm,02,08,08,female,strong,908
50,1.6683333333333334,True,1.0,0.18337218494824592,0.18759616647274782,0.18548417571049686,0.8793254303388492,-0.09893518518518518,-0.09773148148148159,0.41109913003356985,0.22994298239678465,0.19309507067744297,0.21093916917542152,0.004223981524501902,0.0012037037037035958,0.01211675915796608,0.3032296703206316,0.11219505845972744,0.1232479071860869,0.0,0.9999999987499999,0.670810380441239,0.2944049859259691,0.2725315646629605,0.39573594568996284,calm,02,08,08,female,strong,908
60,2.0020000000000002,True,1.0,0.189325563909768,0.20590737602356973,0.19761646996666887,0.5275685461751575,-0.08157407407407413,-0.08856481481481487,0.38880876859243874,0.12454959274483511,0.19098660378297827,0.3745797041908151,0.01658181211380172,0.006990740740740742,0.0099461864479117,0.4851116275111221,0.11684877490269406,0.11868461410491915,0.0,0.9999999987499999,0.6272270875381403,0.2779914006927439,0.2777721985055598,0.3423344718755648,calm,02,08,08,female,strong,908
70,2.3356666666666666,True,1.0,0.1381566717298923,0.15204695387769146,0.14510181280379186,0.5615547047566433,-0.0799537037037037,-0.08861111111111108,0.41996772409641847,0.12697278437634996,0.19583372291904952,0.2583930142062892,0.013890282147799166,0.008657407407407391,0.019229032518257798,0.4685819323492367,0.11807731415643148,0.11762451126777367,0.0,0.7515703645677678,0.6270283588357219,0.2811322999408975,0.29036155039472317,0.35164947319321727,calm,02,08,08,female,strong,908
80,2.6693333333333333,True,1.0,0.44880846025773696,0.48291499987524295,0.46586173006648995,0.6682679057521915,-0.06550925925925932,-0.07083333333333336,0.41823065090675293,0.18706766809853378,0.18558118286622644,0.6971182156984235,0.03410653961750598,0.005324074074074037,0.03131505661908923,0.4278592923679814,0.118410303087326,0.11696396879670334,0.0,0.9999999987499999,0.6251563961443953,0.27917610537578613,0.2957102285563003,0.3681124290252465,calm,02,08,08,female,strong,908
90,3.003,True,1.0,0.48459540039557486,0.4935278759924389,0.4890616381940069,0.46060556766466926,-0.08180555555555552,-0.08351851851851855,0.41686441895765164,0.09868844873389077,0.20416816139971544,1.0617796929238472,0.008932475596864053,0.0017129629629630272,0.026324155186752688,0.563152432304196,0.11952790564417877,0.11598600602743372,0.0,0.8506979660505313,0.6246436762439351,0.2771476297135065,0.28720819761375643,0.35627498821980663,calm,02,08,08,female,strong,908
100,3.336666666666667,True,1.0,0.47753980526286577,0.5140137062286704,0.49577675574576807,0.4414442551503453,-0.07865740740740734,-0.08268518518518525,0.40097161561998745,0.08265594807782357,0.20699752593369267,1.123078961752302,0.036473900965804606,0.004027777777777908,0.035674023265653616,0.5792732295919741,0.11611182623904888,0.11876574353965753,0.0,0.863473120210187,0.6425690129332984,0.3021340713521285,0.262047052877072,0.38448757527875405,calm,02,08,08,female,strong,908
0,0.0,True,1.0,0.5325318359287095,0.5157540306644383,0.5241429332965739,0.46935404410196685,-0.07532407407407404,-0.07976851851851852,0.39374294740859844,0.10665588048401257,0.19444797573213327,1.1167325388650624,0.016777805264271195,0.004444444444444473,0.017703785190752327,0.5624183013123966,0.12010285102305127,0.11555554052312378,0.0,0.9999999987499999,0.6300242573904562,0.27683118436860654,0.2778161025119628,0.3538579625500135,calm,02,08,08,female,strong,909
10,0.33366666666666667,True,1.0,0.5333333333333328,0.5468710855324366,0.5401022094328847,0.44113450370842616,-0.07587962962962963,-0.0793981481481481,0.3920874007168881,0.09243509641947752,0.19444601391355681,1.224348140742744,0.013537752199103803,0.0035185185185184764,0.022661857566055158,0.5983964119306533,0.12187506400622143,0.11368485626068822,0.0,0.83272638577841,0.6313480642569529,0.2768177007939341,0.28274279056943186,0.3569929528287402,calm,02,08,08,female,strong,909
20,0.6673333333333333,True,1.0,0.24346760537928167,0.26706780585691287,0.25526770561809725,0.42733685274068495,-0.08708333333333335,-0.09087962962962953,0.4117594670992094,0.0688799567315187,0.18889252403601006,0.5973454055763309,0.0236002004776312,0.0037962962962961866,0.01603151792810231,0.5983964119306558,0.11963446861732582,0.11521654373471454,0.0,0.9999999987499999,0.6321372408729117,0.2763354196215943,0.2797653339699241,0.3456717499895835,calm,02,08,08,female,strong,909
30,1.0010000000000001,True,1.0,0.19638678962752792,0.17321165296433605,0.184799221295932,0.6910243667353839,-0.09444444444444444,-0.09759259259259262,0.4518340323973813,0.11701502870271337,0.20093189757354307,0.2674279376991893,0.023175136663191875,0.0031481481481481777,0.04209968737680769,0.38473939899260706,0.11538514228448751,0.1202665652156625,0.0,0.7501201045113981,0.6387217239708384,0.30678592957615736,0.2677085673541109,0.4024346309031288,calm,02,08,08,female,strong,909
40,1.3346666666666667,True,1.0,0.24551416538199158,0.2503336085226615,0.24792388695232653,0.617897982708415,-0.08467592592592599,-0.09375000000000006,0.42422184526034956,0.11764042386508787,0.2002778983619152,0.4012375730142518,0.004819443140669927,0.009074074074074068,0.061406118159756655,0.378457695567559,0.11682522583650835,0.11886818067735969,0.0,0.8345763209122821,0.6734550975624625,0.2936956377328169,0.27007524185271387,0.3883715086003524,calm,02,08,08,female,strong,909
50,1.6683333333333334,True,1.0,0.09299273785136004,0.11198326198288885,0.10248799991712446,0.9927793877454095,-0.09365740740740741,-0.09828703703703706,0.3910707015630811,0.3407761705585152,0.18399796666298004,0.10323340833039807,0.01899052413152881,0.00462962962962965,0.0584034737631518,0.26933737654479023,0.11458439786138755,0.12055654977181637,0.0,0.9048707945717979,0.6739499791948029,0.29476527506435013,0.27401104825940176,0.39508805568185357,calm,02,08,08,female,strong,909
60,2.0020000000000002,True,1.0,0.4063941834353712,0.43525147754461185,0.42082283048999153,0.5113401452851819,-0.08277777777777778,-0.09245370370370365,0.38594375285722343,0.19027181761576517,0.19546742023366895,0.8229802302248193,0.02885729410924065,0.009675925925925866,0.06391871079393707,0.4876958296133174,0.11238168871047792,0.12307775514369611,0.0,0.8923929173941337,0.6755997320021759,0.29312057463249785,0.2637173653951573,0.3895640988492999,calm,02,08,08,female,strong,909
70,2.3356666666666666,True,1.0,0.47608825436471797,0.46177037314791397,0.46892931375631597,0.551885448484492,-0.056574074074074,-0.06444444444444447,0.4132692631707088,0.12023250733759495,0.1754741240550601,0.8496859539312404,0.014317881216803996,0.007870370370370472,0.0597477827799067,0.5049010535473727,0.11917639495814701,0.11618328950007449,0.0,0.9018850618021815,0.622789283096051,0.2802810460476913,0.2958843002825131,0.3599628713787991,calm,02,08,08,female,strong,909
80,2.6693333333333333,True,1.0,0.4156838238876918,0.3897552656646025,0.40271954477614713,0.7224246180992776,-0.059120370370370434,-0.06814814814814807,0.374110797088931,0.2273120987973122,0.17511157157652374,0.5574554558172661,0.025928558223089315,0.009027777777777635,0.06015022732034773,0.3817102426700248,0.11391245738969333,0.12071912083339484,0.0,0.9288868544419411,0.6491683269323354,0.30421954916331845,0.26735640166596314,0.38841443366574263,calm,02,08,08,female,strong,909
90,3.003,True,1.0,0.4513637441599006,0.44831976250036853,0.44984175333013454,0.4855872226887002,-0.08106481481481487,-0.08833333333333332,0.4069242755548651,0.1075804616319025,0.20790657697936818,0.9263871294622567,0.003043981659532069,0.007268518518518452,0.05400128819888035,0.5325243039201344,0.11557861146402212,0.12008064931761649,0.0,0.9999999987499999,0.6448003214801545,0.30321475708291346,0.26066250783924455,0.383449385510317,calm,02,08,08,female,strong,909
100,3.336666666666667,True,1.0,0.49139826654845126,0.49910503144747737,0.4952516489979643,0.4400450825427527,-0.07532407407407415,-0.08249999999999996,0.4015164469533048,0.06172893862802121,0.20858074501698448,1.1254566148909253,0.007706764899026108,0.007175925925925808,0.05223879005427327,0.6320232479665897,0.11794011800744948,0.11776207510767034,0.0,0.8245347586122223,0.6439258478703982,0.30371045070539715,0.2615005129144913,0.3858586197906473,calm,02,08,08,female,strong,909
110,3.6703333333333332,True,1.0,0.46806278341483043,0.48693316410493764,0.477497973759884,0.41508834636560316,-0.07263888888888881,-0.07879629629629636,0.4121367962534401,0.02005522791987175,0.2051127111120652,1.1503526368319468,0.018870380690107214,0.006157407407407556,0.06186614316385887,0.6554336769108461,0.1169740345467677,0.11872174615832147,0.0,0.9435726225677222,0.6437840509719513,0.3049555046951112,0.2624089229355317,0.38329119277981777,calm,02,08,08,female,strong,909
0,0.0,True,1.0,0.5197895891536058,0.5122145204700683,0.5160020548118371,0.43764545166821245,-0.0721296296296296,-0.07620370370370366,0.3980760756002332,0.07753198641499197,0.19793555454007009,1.1790412829493504,0.0075750686835375225,0.004074074074074063,0.029478463574979043,0.5987721060770174,0.11758531487730932,0.11811634727892285,0.0,0.6840887183085037,0.6408278111869748,0.30405501007438723,0.25763686592608326,0.38199476459330445,calm,02,08,08,female,strong,910
10,0.33366666666666667,True,1.0,0.5202587473662801,0.5373589511196998,0.5288088492429899,0.43384902265698605,-0.07291666666666663,-0.07726851851851851,0.39920689031134293,0.07692257732668438,0.19797216875281845,1.218877585581383,0.017100203753419696,0.0043518518518518845,0.03371341829467281,0.6165296365346125,0.11755776361347078,0.11814376827993667,0.0,0.8510465481618765,0.6414230044752276,0.3050318993244058,0.25919332835119124,0.3828945319762129,calm,02,08,08,female,strong,910
20,0.6673333333333333,True,1.0,0.2151304990354337,0.18376249746091178,0.19944649824817273,0.39684643594847274,-0.08736111111111117,-0.08981481481481479,0.4143780579052216,0.034108393904135816,0.19723189304860728,0.5025785295803166,0.03136800157452191,0.0024537037037036247,0.02354986061547644,0.6610922170212506,0.11647311246872047,0.11921322007564009,0.0,0.9482838809555614,0.6412788182773109,0.3043234422520568,0.2559985783643716,0.37988941402614984,calm,02,08,08,female,strong,910
30,1.0010000000000001,True,1.0,0.15483202265561463,0.18462386638574532,0.16972794452067996,0.5611138133115283,-0.08972222222222226,-0.09453703703703698,0.42833651448844406,0.006479825487690932,0.20982797186690288,0.30248398897720175,0.02979184373013069,0.004814814814814716,0.03212075390295766,0.450565121653354,0.11948202026356913,0.11619735196193309,0.0,0.9999999987499999,0.6030989553868422,0.2828695095370921,0.27675447930589364,0.35133107171718625,calm,02,08,08,female,strong,910
40,1.3346666666666667,True,1.0,0.15167974407920462,0.1621963821142817,0.15693806309674316,0.5941892689471671,-0.09111111111111109,-0.09703703703703714,0.4182433550275137,0.026277352027827314,0.21293935795436134,0.2641213352351832,0.010516638035077075,0.005925925925926057,0.04208032786093878,0.45641872663994093,0.11757316809654358,0.1168310589372582,0.0,0.9999999987499999,0.6133099772721589,0.2816375945645494,0.28498777900915373,0.3561307724395507,calm,02,08,08,female,strong,910
50,1.6683333333333334,True,1.0,0.1949316166604045,0.2114822440369983,0.2032069303487014,0.6671692584428662,-0.08990740740740744,-0.0958796296296297,0.43721828629333,0.11298152863771393,0.2075044319238998,0.3045807758333686,0.016550627376593796,0.005972222222222268,0.04209981464815763,0.39565687151207035,0.11504078026249077,0.12012112554760476,0.0,0.7596515566809594,0.6379732565448054,0.30460100211665786,0.27510153878448124,0.3980744267479754,calm,02,08,08,female,strong,910
60,2.0020000000000002,True,1.0,0.12675756738705984,0.12060892634075156,0.1236832468639057,0.5184563744025528,-0.09055555555555561,-0.09356481481481482,0.3876221560584152,0.10050471223732678,0.204364250229629,0.23856056742755463,0.006148641046308287,0.0030092592592592116,0.03888377910630436,0.517033794355706,0.11769613909963549,0.11800591769019425,0.0,0.9999999987499999,0.6163318583605318,0.27607401338784454,0.28005022586710954,0.3518937986255239,calm,02,08,08,female,strong,910
70,2.3356666666666666,True,1.0,0.4448708060344459,0.4553315806392002,0.4501011933368231,0.6116089227677411,-0.06263888888888891,-0.07495370370370374,0.41593412792331774,0.16588829935402502,0.18629180588200323,0.7359297364400115,0.010460774604754308,0.012314814814814834,0.04547556409427287,0.44419260998819526,0.11673278996342946,0.1189589572760536,0.0,0.9999999987499999,0.624781405663828,0.27845168130801007,0.28774430016094293,0.3540479156678717,calm,02,08,08,female,strong,910
80,2.6693333333333333,True,1.0,0.4469808323619204,0.49138899524291135,0.4691849138024159,0.6966681971908176,-0.07537037037037037,-0.0835185185185186,0.38809037272429586,0.24866265353121678,0.19401600942721842,0.6734696885753003,0.044408162880990976,0.008148148148148238,0.042134157537608574,0.40154766121180757,0.11854654049655768,0.11682588587380509,0.0,0.9999999987499999,0.6263130263120874,0.27760406952708633,0.28781841881046755,0.3556809015127683,calm,02,08,08,female,strong,910
90,3.003,True,1.0,0.500295927707465,0.4969449391203428,0.49862043341390394,0.48421615142157,-0.0791203703703704,-0.08435185185185184,0.4099392733116178,0.0939697847023749,0.20785042411314036,1.0297476280996527,0.0033509885871221834,0.005231481481481448,0.042252032274005834,0.5465136438330803,0.11920654265542768,0.11647994658787612,0.0,0.9180377793047741,0.627491895304997,0.27556638023900704,0.2853981756074749,0.3472978614541392,calm,02,08,08,female,strong,910
100,3.336666666666667,True,1.0,0.5330549404351329,0.5373605407935866,0.5352077406143598,0.475781101142215,-0.0759259259259259,-0.07981481481481484,0.3949446947690318,0.08385814747841631,0.20644558966987073,1.124903320727701,0.004305600358453732,0.0038888888888889417,0.04981373926606306,0.5625759199286031,0.11962210393577263,0.11605313446484156,0.0,0.9999999987499999,0.6196832072594664,0.27716152863030075,0.2774613977301954,0.35586662645595396,calm,02,08,08,female,strong,910
0,0.0,True,1.0,0.5100398334588501,0.516264459301451,0.5131521463801505,0.4437154076627244,-0.08162037037037029,-0.08101851851851855,0.3905228646273034,0.17176080296621546,0.18681576561865806,1.1564893567324714,0.006224625842600973,0.0006018518518517424,0.0026691990909776214,0.5634242031776138,0.11466465002362555,0.12095369280843848,0.0,0.758119546259559,0.6689961109365621,0.29293530264605977,0.26282082973803844,0.38775481150131014,calm,02,08,08,female,strong,911
10,0.33366666666666667,True,1.0,0.5330095035134944,0.5631496182696003,0.5480795608915474,0.4331972942676256,-0.0816203703703704,-0.08240740740740754,0.3845878209460699,0.15161905299366857,0.1861373452695948,1.2651961776865313,0.030140114756105896,0.0007870370370371416,1.853387761785234e-05,0.5822050099501982,0.1157784048262722,0.11988802586129446,0.0,0.8800749933332982,0.6687259447685324,0.29268097402099,0.2658470842821677,0.3857793541993235,calm,02,08,08,female,strong,911
20,0.6673333333333333,True,1.0,0.34195077961144177,0.3457282928972311,0.34383953625433644,0.4068591945484542,-0.08652777777777781,-0.08462962962962972,0.41076892661191905,0.08813733395620424,0.19241821567656017,0.8451069580372663,0.0037775132857893468,0.0018981481481480933,0.004538074671743421,0.600819609036176,0.11648673177694456,0.11919991228593568,0.0,0.9999999987499999,0.6664528544308349,0.2949548458844566,0.26831683208382606,0.3868345229880715,calm,02,08,08,female,strong,911
30,1.0010000000000001,True,1.0,0.20405773099714003,0.22106254191356697,0.2125601364553535,0.5706761399971717,-0.09717592592592589,-0.09305555555555561,0.41864664321698664,0.09286898839137613,0.19517798222610205,0.3724706914440245,0.017004810916426943,0.004120370370370274,0.002491237923437755,0.445222672472782,0.11801517877311124,0.11768685291298843,0.0,0.7234684878759366,0.6675240215070404,0.29463616935365006,0.27439423980611016,0.38818616274655887,calm,02,08,08,female,strong,911
40,1.3346666666666667,True,1.0,0.2264232044822623,0.24788383302633674,0.23715351875429952,0.6268388533479807,-0.09282407407407417,-0.0983796296296296,0.41893642453688923,0.14003846723731436,0.19526552289985197,0.3783325131932227,0.021460628544074434,0.005555555555555425,0.00041441707357204634,0.3955195002515315,0.11412996607593978,0.12130137948322914,0.0,0.9999999987499999,0.6737462744785414,0.29321205874256506,0.26885483354314066,0.3822813023380152,calm,02,08,08,female,strong,911
50,1.6683333333333334,True,1.0,0.2041278046495632,0.1879243950531985,0.19602609985138086,0.6380865859966357,-0.08064814814814819,-0.08768518518518525,0.4454272580787873,0.18140574096967907,0.1812769376534147,0.3072092473863953,0.01620340959636471,0.007037037037037064,0.007250329459571961,0.4085341751169851,0.11803620307766195,0.11685338161273584,0.0,0.9999999987499999,0.624815246020283,0.27538514061129055,0.294524095145849,0.36825539492487164,calm,02,08,08,female,strong,911
60,2.0020000000000002,True,1.0,0.20440040902661527,0.22407652072972692,0.2142384648781711,0.48199333677985623,-0.07578703703703699,-0.08601851851851844,0.4094565303325426,0.15834879052882495,0.18402819235573065,0.4444842874996456,0.01967611170311165,0.010231481481481453,0.012934435928226623,0.5302886629329714,0.11698877440851813,0.11870722147944097,0.0,0.7671130473492839,0.6255827354379252,0.2747974249570254,0.28207181189242453,0.3496508485126691,calm,02,08,08,female,strong,911
70,2.3356666666666666,True,1.0,0.28098706638914295,0.2971563339261892,0.28907170015766603,0.5933130728209838,-0.05912037037037038,-0.06421296296296297,0.41409738170035965,0.14140131778786666,0.17367438083230521,0.48721613158334304,0.016169267537046228,0.005092592592592593,0.02486947383766559,0.4729391023510679,0.11418274640192382,0.12140872370909303,0.0,0.9999999987499999,0.6267635966417817,0.27804171168108366,0.2817933185884444,0.35244001575758915,calm,02,08,08,female,strong,911
80,2.6693333333333333,True,1.0,0.1429006679295008,0.17617377237690018,0.1595372201532005,0.6473037135607148,-0.08120370370370378,-0.09240740740740738,0.3821089429352513,0.13920248600893453,0.20703880212757164,0.2464642436169748,0.03327310444739939,0.011203703703703605,0.04858522090716819,0.4226277911204566,0.1151280177004507,0.12051272675175868,0.0,0.9999999987499999,0.6447966142472614,0.30476142786125376,0.26315537843371173,0.3790692134834225,calm,02,08,08,female,strong,911
90,3.003,True,1.0,0.5009188861271425,0.4883432574749224,0.4946310718010325,0.4642311138033092,-0.07592592592592601,-0.08157407407407408,0.4124351589514095,0.039745069103320284,0.21544923797498275,1.0654845336596794,0.012575628652220117,0.005648148148148069,0.04962185896462499,0.5786043399094082,0.11629861680915293,0.11906385514576093,0.0,0.8106271310914328,0.6448827575014381,0.3034305375736237,0.25925610641680125,0.37442939688962645,calm,02,08,08,female,strong,911
100,3.336666666666667,True,1.0,0.5333333333333328,0.5061558614600579,0.5197445973966953,0.42376858901892067,-0.07273148148148134,-0.07749999999999996,0.4153211300157167,0.006605077086111386,0.2154991624962355,1.2264821198757831,0.027177471873274905,0.004768518518518616,0.04712795440191982,0.5994354059880191,0.11638258701314988,0.11898177723467168,0.0,0.9999999987499999,0.6434706318464887,0.30484788445781097,0.25932579795153055,0.37405983932064074,calm,02,08,08,female,strong,911
110,3.6703333333333332,True,1.0,0.45270780874916206,0.4273402316035487,0.4400240201763554,0.4323844675987682,-0.07222222222222213,-0.07749999999999996,0.3912277032819072,-0.013911292185736808,0.21758037607996134,1.0176684250940216,0.02536757714561333,0.005277777777777826,0.056947341234321686,0.5980853246058033,0.12003967107741825,0.11512577163319553,0.0,0.9999999987499999,0.6188773146133453,0.2759809882158348,0.27928950714561424,0.3495541798158817,calm,02,08,08,female,strong,911
0,0.0,True,1.0,0.5286661968338136,0.5868096203235004,0.5577379085786569,0.5041361282477309,-0.07384259259259257,-0.0731018518518518,0.40642988737979785,0.07698321708235224,0.19653748277500965,1.106324021087785,0.05814342348968682,0.000740740740740764,0.012754915385739573,0.4912513748368868,0.11789167839366452,0.1176487398443268,0.0,0.9999999987499999,0.6304283051658164,0.2785167653016445,0.28098874066480706,0.35981878596776423,happy,03,08,08,female,normal,912
10,0.33366666666666667,True,1.0,0.5140057561431602,0.5379860918337388,0.5259959239884495,0.5481125944999964,-0.07268518518518524,-0.07171296296296298,0.4054886377661201,0.09126670307247237,0.2000034331980719,0.959649402817094,0.023980335690578558,0.0009722222222222632,0.011477892342973936,0.467467412254972,0.12013567244656756,0.11535637835693763,0.0,0.9999999987499999,0.6280996325248851,0.2803248394451589,0.2871817653267937,0.36038315368303514,happy,03,08,08,female,normal,912
20,0.6673333333333333,True,1.0,0.46149813852389104,0.4754126367611149,0.46845538764250294,0.5680267131921092,-0.07384259259259252,-0.07287037037037036,0.3987072684110997,0.09939484743477554,0.19930708674523123,0.8247066146061149,0.013914498237223849,0.0009722222222221522,0.0047659579257011,0.4506493528007693,0.11949812602057487,0.11601668715898455,0.0,0.9999999987499999,0.6284430977781738,0.2791058929659831,0.2890816624409686,0.36255896576505114,happy,03,08,08,female,normal,912
30,1.0010000000000001,True,1.0,0.2998679904657858,0.29920564017182505,0.29953681531880544,0.8383979841256802,-0.08124999999999993,-0.07944444444444454,0.48351436889496496,0.23781384954129747,0.18222494335262102,0.3572728238739459,0.0006623502939607784,0.0018055555555553937,0.014066597918115204,0.3292105140860613,0.11644432517102778,0.11908145513603903,0.0,0.7635162024806766,0.6268874476900137,0.27913649753780945,0.29895511683286075,0.38839469028206597,happy,03,08,08,female,normal,912
40,1.3346666666666667,True,1.0,0.2818052187077967,0.2946370553926646,0.28822113705023067,0.6695429182110998,-0.08333333333333337,-0.0810648148148147,0.44958572491620713,0.2858383457646167,0.17780609435164219,0.430474476259575,0.012831836684867926,0.0022685185185186696,0.03814872726156817,0.3950522674432932,0.11941382068388151,0.11626743825962894,0.0,0.7071067807446058,0.6346315690026011,0.2738172301251137,0.3086877207228463,0.39244732445941116,happy,03,08,08,female,normal,912
50,1.6683333333333334,True,1.0,0.3180801452110839,0.31353911708241056,0.3158096311467472,1.011392270330689,-0.08361111111111114,-0.07939814814814816,0.41194773958096564,0.40806506195396197,0.18423764975197227,0.312252367761807,0.004541028128673352,0.004212962962962974,0.04840228494044047,0.27051857165854926,0.11809170702253231,0.1176100612274261,0.0,0.9999999987499999,0.6219765106433198,0.27879094018016515,0.31280223744016533,0.3998208182176674,happy,03,08,08,female,normal,912
60,2.0020000000000002,True,1.0,0.3082148400674692,0.3290398410907409,0.318627340579105,0.8200990679747336,-0.07597222222222216,-0.07597222222222216,0.45969468892324666,0.2140842969527101,0.20352620930066811,0.38852298828477827,0.020825001023271728,0.0,0.014788824678580989,0.36356872747157337,0.1140383051437028,0.12138755612153963,0.0,0.9999999987499999,0.648337465329882,0.3023661697232168,0.2820749821404471,0.4131492993221694,happy,03,08,08,female,normal,912
70,2.3356666666666666,True,1.0,0.13452959879658774,0.14814814814814897,0.14133887347236834,0.6517985638413618,-0.08314814814814814,-0.08412037037037023,0.4397519275574834,0.1980956419517858,0.1965836719936872,0.21684440763322724,0.013618549351561232,0.0009722222222220966,0.008484783293504288,0.4305937293168911,0.12036765622798576,0.11478280908395454,0.0,0.7071067807446058,0.629479863468825,0.27949165583731966,0.30305644228512946,0.3763779333670549,happy,03,08,08,female,normal,912
80,2.6693333333333333,True,1.0,0.3797013427671224,0.41530480442004286,0.3975030735935826,0.6373077587211279,-0.06888888888888883,-0.07069444444444445,0.5015770889732056,0.0503113206825447,0.2083347981719335,0.6237223196391704,0.03560346165292044,0.0018055555555556158,0.0060180820105835645,0.43418938490450676,0.11880225602085957,0.11689226549922382,0.0,0.9408399905282587,0.6226259513805522,0.27810693452017493,0.3015985789795398,0.38388255465376225,happy,03,08,08,female,normal,912
90,3.003,True,1.0,0.38894400933534584,0.3976164875469037,0.39328024844112475,0.5924499154958897,-0.06638888888888883,-0.06949074074074074,0.5091669197270718,0.02194258946281066,0.21252297669899126,0.6638202456522306,0.008672478211557866,0.003101851851851911,0.0036949011181114776,0.47952437891369565,0.11555491153249832,0.12010345619336892,0.0,0.7071067807446058,0.6254638086406437,0.3093366664876094,0.2659131784741794,0.3960027024641571,happy,03,08,08,female,normal,912
100,3.336666666666667,True,1.0,0.4737249683149269,0.5019187199487749,0.4878218441318509,0.5959787315694758,-0.06393518518518515,-0.06643518518518515,0.5080931184564551,0.01655406667458385,0.21250323124841095,0.8185222362670562,0.02819375163384802,0.0025000000000000022,0.008657558804059853,0.45868240782181363,0.11842732635165325,0.11727210300143084,0.0,0.8398548123442926,0.6277535720772685,0.3074815675970927,0.2706053380935981,0.3994832211490867,happy,03,08,08,female,normal,912
0,0.0,True,1.0,0.4808196394034559,0.5311520443108205,0.5059858418571382,0.47254633288015846,-0.08356481481481487,-0.08074074074074067,0.4057611311078454,0.1614953151130223,0.1891617343961022,1.070764508472993,0.050332404907364625,0.002824074074074201,0.02818077577168827,0.5784924073369812,0.11715717670785851,0.11773467618776072,0.0,0.893549308899995,0.6265410770089286,0.2753582625398715,0.28055147188351504,0.34942303721148255,happy,03,08,08,female,normal,913
10,0.33366666666666667,True,1.0,0.41636981901995807,0.4761299085328309,0.4462498637763945,0.5015965888750777,-0.08097222222222217,-0.07939814814814816,0.4075269643633283,0.16238001485345838,0.18910243610228725,0.8896588885845328,0.059760089512872816,0.0015740740740740056,0.01942403496992295,0.5122587518855379,0.1146034540267608,0.1210116775101777,0.0,0.9999999987499999,0.6602011772912291,0.2958969748051639,0.26537389487626317,0.3869827261372859,happy,03,08,08,female,normal,913
20,0.6673333333333333,True,1.0,0.4161862287202311,0.434508106077423,0.42534716739882705,0.46693374408478416,-0.08287037037037026,-0.08092592592592585,0.4186044322965265,0.13963003419894093,0.19054863455326024,0.9109368787054166,0.01832187735719193,0.0019444444444444153,0.02684587796290514,0.5474954676786938,0.11506072398084627,0.1202605491032677,0.0,0.8428576470105429,0.6600192661126952,0.2964737047584309,0.26596490982953364,0.3868146865037491,happy,03,08,08,female,normal,913
30,1.0010000000000001,True,1.0,0.22116506047448328,0.24115972870745694,0.2311623945909701,0.8121849011173198,-0.08981481481481479,-0.08699074074074076,0.48945476043364555,0.23682222658881194,0.18554993601276254,0.28461794139851754,0.01999466823297366,0.0028240740740740344,0.01778855866812276,0.33699143416554084,0.11516661723745363,0.12047584008183182,0.0,0.7015798130609718,0.6876885279267957,0.29040278295581856,0.2973605035854781,0.4387178118735294,happy,03,08,08,female,normal,913
40,1.3346666666666667,True,1.0,0.18380951563073383,0.1947164537364407,0.18926298468358727,0.6661113451532361,-0.08782407407407405,-0.08486111111111111,0.4591861439431318,0.255275988788361,0.1838424088101729,0.2841311532384246,0.010906938105706865,0.002962962962962945,0.03941686414344904,0.40539329939535373,0.11616483300526989,0.11855330301824248,0.0,0.802116993996385,0.6280410531712686,0.27383558239565936,0.30047255107363435,0.3792009912091344,happy,03,08,08,female,normal,913
50,1.6683333333333334,True,1.0,0.22253806011179544,0.23061392589740298,0.2265759930045992,0.8336675790024215,-0.08708333333333335,-0.0849537037037037,0.42545313162054715,0.3587826376284548,0.18517145459170173,0.2717821811851233,0.008075865785607539,0.002129629629629648,0.027995724617676764,0.3342418502946739,0.1138092508896976,0.12128858288430427,0.0,0.9999999987499999,0.626390681983731,0.27775299505012035,0.3024618528019312,0.3877900164489392,happy,03,08,08,female,normal,913
60,2.0020000000000002,True,1.0,0.2949411878871328,0.25691607681208906,0.27592863234961096,0.8360943905538186,-0.08504629629629623,-0.07870370370370378,0.45883591826946624,0.2662743394647555,0.19206925770946542,0.3300209108768679,0.03802511107504375,0.006342592592592455,0.05990727585936304,0.33800659669812033,0.11380760583554476,0.12176044769455975,0.0,0.8323336238103458,0.6584110487867022,0.2963787232126336,0.28657491484666164,0.4185164209077916,happy,03,08,08,female,normal,913
70,2.3356666666666666,True,1.0,0.31650668969797663,0.3331654917651225,0.32483609073154956,0.6283929743890161,-0.07884259259259258,-0.07759259259259255,0.4406752771303018,0.2072516788342177,0.2014983435869682,0.51693144890327,0.016658802067145873,0.0012500000000000289,0.020965883588679183,0.4457300292361266,0.11519613611582413,0.12028933471227278,0.0,0.7213824794797854,0.6724932505345889,0.2917391439072378,0.2858252161937559,0.41700022796537756,happy,03,08,08,female,normal,913
80,2.6693333333333333,True,1.0,0.4053137165038244,0.4506140556788906,0.4279638860913575,0.6820667255224175,-0.07208333333333333,-0.07037037037037036,0.5025789978167258,0.08799412504150325,0.20835127689653926,0.6274516408399278,0.04530033917506621,0.0017129629629629717,0.011676247387858324,0.4185146499767621,0.11703984105538376,0.1181741999421138,0.0,0.9252208286535759,0.6216855989270709,0.27974081388099675,0.307127345799955,0.37962017561872136,happy,03,08,08,female,normal,913
90,3.003,True,1.0,0.22123646503146766,0.21838333705654916,0.2198099010440084,0.6506113629762659,-0.07273148148148151,-0.07361111111111113,0.5050866402262641,0.027563267809172405,0.21320339077801023,0.3378513096335623,0.00285312797491849,0.0008796296296296191,0.005805547640756738,0.43880695602631387,0.11625608688173664,0.11942487191572318,0.0,0.6912021979315845,0.6343214283604066,0.3060831563660461,0.27872194692483426,0.40654890074086425,happy,03,08,08,female,normal,913
100,3.336666666666667,True,1.0,0.44586271248631454,0.5004721255024035,0.473167418994359,0.6453954603449208,-0.06662037037037039,-0.06921296296296303,0.49520048453694715,0.03396156802300873,0.2097280427126452,0.733143395123174,0.05460941301608896,0.0025925925925926463,0.011904845914547858,0.4344801870894308,0.11529628845417289,0.12019334295186399,0.0,0.9999999987499999,0.62945623845632,0.3091512292957263,0.27068976516656623,0.40233129137733,happy,03,08,08,female,normal,913
0,0.0,True,1.0,0.5192619409629791,0.5272905824995963,0.5232762617312876,0.45624871566981223,-0.07398148148148148,-0.0754629629629629,0.4017310269840188,0.07603040819051192,0.20075867947458667,1.1469101035453289,0.008028641536617198,0.001481481481481417,0.0007184801819126881,0.5826211486593892,0.1202538576879536,0.11539838595302371,0.0,0.8286312222470151,0.626107477186187,0.27625762044640423,0.28439039475931915,0.35286737756531406,happy,03,08,08,female,normal,914
10,0.33366666666666667,True,1.0,0.5096558325343103,0.5437161939882581,0.5266860132612843,0.4561404579759308,-0.0734259259259259,-0.07499999999999996,0.41409909984958754,0.08715562554583557,0.2007799599219375,1.1546575271976334,0.03406036145394775,0.001574074074074061,0.0009069531968434416,0.5817059624705428,0.12046043361570194,0.11518273179037575,0.0,0.744241784160318,0.6237292454872574,0.27699666940638656,0.2859683439642178,0.35301903306614163,happy,03,08,08,female,normal,914
20,0.6673333333333333,True,1.0,0.41094090508654163,0.41958577223837157,0.41526333866245657,0.4532823603681494,-0.07453703703703696,-0.07675925925925936,0.4314808016985989,0.045322383237039465,0.20354570111552805,0.9161250800167597,0.008644867151829938,0.002222222222222403,0.001032663788280628,0.5653220402711794,0.11904528471871803,0.11648130325335343,0.0,0.9999999987499999,0.6229492041347788,0.27799721058252713,0.2872495944988676,0.3553661208232724,happy,03,08,08,female,normal,914
30,1.0010000000000001,True,1.0,0.2029464557374296,0.17132459791049273,0.18713552682396117,0.7120732636942717,-0.0888888888888889,-0.0879166666666667,0.4607840177820382,0.15165019189372894,0.19438043418751458,0.26280375400291356,0.031621857826936856,0.0009722222222222077,0.02800330700930115,0.3562503374977689,0.1132280120883063,0.12229961180381647,0.0,0.9750645944222449,0.6610039826086683,0.29443150914285426,0.27258170708578044,0.40408877878992727,happy,03,08,08,female,normal,914
40,1.3346666666666667,True,1.0,0.16424301250092282,0.2049525073126472,0.184597759906785,0.7407732921088501,-0.09106481481481482,-0.0924537037037037,0.45196172837831067,0.23456790123456808,0.184657274905344,0.24919602511757402,0.04070949481172437,0.001388888888888884,0.0023064353827289366,0.3753536929789279,0.11445429508883803,0.12083784262301343,0.0,0.9999999987499999,0.6873472487745099,0.2909513685703174,0.2883858736846261,0.41984452295325037,happy,03,08,08,female,normal,914
50,1.6683333333333334,True,1.0,0.20114473632694918,0.19533521532148498,0.1982399758242171,0.7678878868044007,-0.08986111111111106,-0.08967592592592599,0.47922657611160885,0.2822730955547918,0.17733132145631927,0.2581626552922999,0.005809521005464197,0.0001851851851850661,0.020575499682654298,0.33376489852804225,0.11503048877151056,0.12028946972514047,0.0,0.9999999987499999,0.6285534396883755,0.2779715847103598,0.3095552251271622,0.40010034459581395,happy,03,08,08,female,normal,914
60,2.0020000000000002,True,1.0,0.2627463404369273,0.3201712785207544,0.29145880947884084,0.8380581102746609,-0.08060185185185187,-0.08412037037037029,0.43244486062083093,0.2983886418451762,0.19383857917192496,0.34777875890171817,0.05742493808382709,0.003518518518518421,0.024906150347468143,0.323851874782304,0.1139278618758745,0.12164793486697241,0.0,0.7671505470586778,0.6696877158832283,0.2935377517318805,0.2830353229788201,0.42249704915020875,happy,03,08,08,female,normal,914
70,2.3356666666666666,True,1.0,0.364782128913242,0.40232721161446466,0.38355467026385337,0.6307690476293959,-0.07495370370370369,-0.07699074074074075,0.4358707091835913,0.19952898445419703,0.20149834358696814,0.6080746537981812,0.03754508270122264,0.0020370370370370594,0.012434925752535493,0.4381298643201153,0.11704773173359578,0.11864908876615225,0.0,0.7668219426938517,0.6232551041354042,0.27776110728188286,0.2968535910212102,0.37912479713435215,happy,03,08,08,female,normal,914
80,2.6693333333333333,True,1.0,0.3783325759976218,0.41769111312389595,0.3980118445607589,0.580637721077642,-0.06851851851851848,-0.07162037037037039,0.5209281143596655,0.03225590122380798,0.20557930840615526,0.6854736268633456,0.03935853712627413,0.003101851851851911,0.011580844621821282,0.46909020619715225,0.11480252592722451,0.12034885112447531,0.0,0.8408731208808602,0.630854114380127,0.3077149530742448,0.26928235022739655,0.40127202461063916,happy,03,08,08,female,normal,914
90,3.003,True,1.0,0.44962438495007295,0.4676713906555693,0.4586478878028211,0.5813101323649027,-0.06634259259259256,-0.06884259259259268,0.5207855355276505,0.010764418459965308,0.2076686490497614,0.7889900111269977,0.018047005705496333,0.0025000000000001132,0.021267271970080555,0.4690902061971537,0.11624783986592012,0.11911343165397506,0.0,0.9999999987499999,0.6277620717036815,0.3080874515300043,0.27294305993860263,0.4035321183185614,happy,03,08,08,female,normal,914
100,3.336666666666667,True,1.0,0.4322692272248944,0.4547903534759064,0.4435297903504004,0.5707456937992331,-0.06564814814814812,-0.07050925925925927,0.5212381309815974,0.005384393337728598,0.20833919262593822,0.7771058024073635,0.02252112625101199,0.004861111111111149,0.018657010861368003,0.47759433962264175,0.11521921367369549,0.12010871189854415,0.0,0.7071067807446058,0.6317071882659312,0.30697801131067565,0.27065880945358384,0.4029919820085114,happy,03,08,08,female,normal,914
0,0.0,True,1.0,0.522661758428528,0.5493630357220748,0.5360123970753015,0.47155968833591144,-0.07064814814814813,-0.07388888888888884,0.40430642025205016,0.09707253433941472,0.20139495022008683,1.136679852696564,0.026701277293546766,0.0032407407407407107,0.011146195854553636,0.5797112715998853,0.1161145137217559,0.1190835237517083,0.0,0.9999999987499999,0.6263238556360045,0.28020266248673964,0.2783828701033684,0.3521891549115186,happy,03,08,08,female,normal,915
10,0.33366666666666667,True,1.0,0.509154500066587,0.5237733192065037,0.5164639096365453,0.45067386013239985,-0.07138888888888895,-0.07504629629629628,0.41029498987228974,0.08192880060171753,0.20071877255469708,1.145981507524793,0.014618819139916694,0.0036574074074073315,0.021021810158994285,0.582621148659388,0.11453966238037498,0.12107205916407832,0.0,0.9999999987499999,0.6394072972939177,0.3055610815874135,0.25509154475755874,0.37698312807524054,happy,03,08,08,female,normal,915
20,0.6673333333333333,True,1.0,0.16204128985451338,0.16564744495949654,0.16384436740700498,0.5967171585426116,-0.08171296296296288,-0.08481481481481479,0.4335188076803518,0.07783267285338386,0.20416816139971555,0.27457626291016873,0.003606155104983161,0.003101851851851911,0.011157780515977348,0.44075383310740013,0.11552860216161905,0.11981115121917206,0.0,0.7632971311813587,0.6404293196419193,0.30748050109442077,0.26665805967896683,0.3947145215328291,happy,03,08,08,female,normal,915
30,1.0010000000000001,True,1.0,0.20836663108995654,0.251903580867542,0.23013510597874925,0.7524575979490583,-0.08467592592592588,-0.08773148148148147,0.44713701276360174,0.23428240847551632,0.18337428602077885,0.3058446171664938,0.04353694977758546,0.003055555555555589,0.01771995078980727,0.35986691783401786,0.11687623344601951,0.11881802819838676,0.0,0.9999999987499999,0.6848052366806098,0.29129787838129184,0.2865331925153475,0.41727820676217875,happy,03,08,08,female,normal,915
40,1.3346666666666667,True,1.0,0.16762061360579086,0.16496583177118873,0.16629322268848978,0.7743381656102493,-0.08393518518518517,-0.08486111111111111,0.42926619936988175,0.29348706495284066,0.1748411773181598,0.21475529694114395,0.0026547818346021324,0.0009259259259259411,0.01254946840636825,0.3372179809133192,0.11649142665916482,0.11903537850929126,0.0,0.6998100770094182,0.6295935554299845,0.2727752563324537,0.2946983793338723,0.38913944651469656,happy,03,08,08,female,normal,915
50,1.6683333333333334,True,1.0,0.24691358024691376,0.2848063881086162,0.26585998417776496,0.7509459976754831,-0.08263888888888887,-0.08375000000000005,0.4807498140324767,0.2787501331266937,0.17851496546228493,0.3540334258398362,0.03789280786170243,0.0011111111111111738,0.002115316228223138,0.35922187735180633,0.11869577366401811,0.11700038924592923,0.0,0.7071067807446058,0.627827834438463,0.27470229822162207,0.3288827715373393,0.41036712487016846,happy,03,08,08,female,normal,915
60,2.0020000000000002,True,1.0,0.20666270533888179,0.24847893097621884,0.22757081815755031,0.7158641751989366,-0.07370370370370372,-0.07768518518518513,0.46900414918505956,0.1610623616394603,0.20355657074002795,0.3178966430249272,0.04181622563733706,0.003981481481481419,0.013383066118131297,0.3937326976737296,0.11393453163924919,0.12148496335509917,0.0,0.8681785410505657,0.6598860577512254,0.29937785223417746,0.2853490104724261,0.41379614886011173,happy,03,08,08,female,normal,915
70,2.3356666666666666,True,1.0,0.11709168701767186,0.14316410002009408,0.130127893518883,0.6939624723132606,-0.08175925925925925,-0.08717592592592599,0.4481642822865369,0.21897550956703718,0.20323815420956143,0.18751430907367878,0.026072413002422218,0.005416666666666736,0.046693257557826696,0.40769658842194173,0.1091883561713718,0.12576794781249534,0.0,0.9999999987499999,0.6531016724345988,0.3012632284531609,0.26559015145393255,0.4076619371072485,happy,03,08,08,female,normal,915
80,2.6693333333333333,True,1.0,0.2680725129799964,0.2580797779688071,0.2630761454744017,0.6224955076503715,-0.06999999999999995,-0.07856481481481481,0.5047788353532242,0.10912475372251351,0.19662713428789932,0.4226153317433418,0.009992735011189302,0.008564814814814858,0.04761946584758609,0.4492396234931187,0.11486914502003774,0.1206016307678841,0.0,0.9999999987499999,0.6624445364161289,0.2963150852055311,0.2877874609387114,0.41772261966911034,happy,03,08,08,female,normal,915
90,3.003,True,1.0,0.3482315138030357,0.364286514657068,0.35625901423005185,0.6070460704607042,-0.07009259259259265,-0.07166666666666666,0.5199645996890419,0.03252032520325192,0.2076686490497614,0.5868731082628983,0.01605500085403233,0.0015740740740740056,0.022514351678798793,0.4620535714285719,0.11505285297248734,0.12058448818795713,0.0,0.9999999987499999,0.629949121742447,0.3062244151089372,0.2733634960572335,0.40429271712978115,happy,03,08,08,female,normal,915
100,3.336666666666667,True,1.0,0.43983366621397896,0.4628404642670302,0.45133706524050454,0.6070410285736836,-0.06402777777777774,-0.06731481481481477,0.5133402397585518,-0.005419735778875121,0.21041702925144093,0.7435033943273581,0.023006798053051225,0.0032870370370370328,0.017283262631010224,0.46203026377935336,0.11501025993434652,0.12030881091378838,0.0,0.9999999987499999,0.6342873143866923,0.30522831372857656,0.2747934581388236,0.40154315723633743,happy,03,08,08,female,normal,915
0,0.0,True,1.0,0.5180396076793824,0.5714954682073362,0.5447675379433593,0.4585855965142713,-0.07481481481481478,-0.07449074074074075,0.402886512618903,0.10416348789779,0.20074917854654903,1.1879298915713024,0.053455860527953813,0.0003240740740740322,0.01038809916267553,0.5993132537912015,0.11484723775936069,0.12078033676043823,0.0,0.751509385676635,0.6435043803927822,0.3057270713988981,0.2577760631753388,0.37976270633373055,happy,03,08,08,female,strong,916
10,0.33366666666666667,True,1.0,0.5255756428502703,0.5334591520503894,0.5295173974503298,0.4546473736868093,-0.07523148148148151,-0.07458333333333333,0.42098325147872834,0.07353583570620034,0.19730924259563265,1.1646771280264687,0.007883509200119154,0.0006481481481481755,0.010859618663221507,0.581944674354211,0.11591312934938534,0.11975777308152054,0.0,0.7012172752794268,0.6469573239764655,0.30408013525530914,0.25993507146530725,0.3813102651666092,happy,03,08,08,female,strong,916
20,0.6673333333333333,True,1.0,0.3520038981232235,0.37861259461995306,0.3653082463715883,0.6925504908166982,-0.0750925925925926,-0.07453703703703696,0.49678585718133067,0.0907915594372253,0.19933005317891384,0.5274824741525984,0.026608696496729534,0.0005555555555556424,0.008143735609796567,0.38853176708572085,0.11652375982104458,0.11916371581216659,0.0,0.8105242373205561,0.6243858559908338,0.2846572227231897,0.30753953537550416,0.3832432403661024,happy,03,08,08,female,strong,916
30,1.0010000000000001,True,1.0,0.21372907230864674,0.25133533504327094,0.23253220367595884,0.8499435179287006,-0.08537037037037032,-0.08472222222222214,0.5133668205221024,0.2903031110142726,0.17411837784334272,0.27358547805933775,0.037606262734624196,0.0006481481481481755,0.015337231821158393,0.3436576694779883,0.1154358702886394,0.12021787562591485,0.0,0.7611440219895912,0.6908628645208084,0.2868264831475539,0.2912112030542786,0.4194657299868893,happy,03,08,08,female,strong,916
40,1.3346666666666667,True,1.0,0.16432871298711865,0.17242147858654042,0.16837509578682952,0.733748824935328,-0.08124999999999993,-0.08300925925925934,0.46917627099093573,0.43458880056366617,0.14105013326658578,0.22947238900405728,0.008092765599421764,0.0017592592592594047,0.00836658450498452,0.36377337200941207,0.11920034189880882,0.11632262167400302,0.0,0.9999999987499999,0.6276807229610595,0.27153024696890915,0.3283772459076254,0.4087736843688948,happy,03,08,08,female,strong,916
50,1.6683333333333334,True,1.0,0.24260171483890478,0.27029735387368525,0.25644953435629503,1.0117131772839825,-0.08152777777777775,-0.08527777777777773,0.47570386011818216,0.3934132791762875,0.17992218303025742,0.2534804726422092,0.027695639034780478,0.0037499999999999756,0.012298985327074866,0.28769215227671835,0.11278164667994646,0.12255600349675973,0.0,0.9999999987499999,0.6175334279024111,0.2758396055015548,0.3145402839501272,0.3841495637432357,happy,03,08,08,female,strong,916
60,2.0020000000000002,True,1.0,0.3174603174603171,0.31934143652104147,0.3184008769906793,0.8986712480720772,-0.07657407407407402,-0.07888888888888901,0.4513716626557238,0.2635805816201604,0.20988259040137847,0.35430184027111794,0.0018811190607243566,0.0023148148148149916,0.021117247432132558,0.3302321014053577,0.11273479311446546,0.12275440599007413,0.0,0.9999999987499999,0.6186954992309425,0.3102203428051275,0.28071303993893837,0.41661202975694217,happy,03,08,08,female,strong,916
70,2.3356666666666666,True,1.0,0.3312821554124072,0.34570756701549205,0.3384948612139496,0.6965609455749461,-0.06888888888888883,-0.07648148148148148,0.4569196913986114,0.17386539314209942,0.21166007515875193,0.4859515357045372,0.014425411603084859,0.007592592592592651,0.051494856979377834,0.4171929881959418,0.11245671422322187,0.12285422763236255,0.0,0.9999999987499999,0.6170243888883679,0.3067947778071857,0.2722686467412106,0.4017690814493376,happy,03,08,08,female,strong,916
80,2.6693333333333333,True,1.0,0.2682791771551268,0.28263220152775076,0.27545568934143877,0.7037622061611131,-0.0703240740740741,-0.0778240740740741,0.5341509865818748,0.12365368364121923,0.20492198090076477,0.39140449278172573,0.01435302437262398,0.007500000000000007,0.05964264304367283,0.3859728689549003,0.11552694699157233,0.12013035539715639,0.0,0.7718085876326446,0.6523325406568877,0.29697785165862367,0.29903648068047467,0.4237236071462328,happy,03,08,08,female,strong,916
90,3.003,True,1.0,0.35249042145593884,0.349850839370598,0.35117063041326846,0.7573474090825968,-0.06689814814814815,-0.07370370370370372,0.5296271202354521,0.08067262317913747,0.20974004696401638,0.4636849960821211,0.002639582085340819,0.006805555555555565,0.052019048741280056,0.3708391165930883,0.11548410484334826,0.11985404207701272,0.0,0.9999999987499999,0.6227558664481417,0.3042384336240562,0.2864493241858165,0.4209849987117257,happy,03,08,08,female,strong,916
100,3.336666666666667,True,1.0,0.21832358674463903,0.21622107718046207,0.21727233196255055,0.7223406523930016,-0.07148148148148137,-0.07671296296296298,0.5421092472408882,0.040110455839745644,0.21535750249371133,0.3007892899877105,0.0021025095641769576,0.005231481481481615,0.03361468271543734,0.4081819032302406,0.11582450513896046,0.11984348867659562,0.0,0.8162692183944612,0.6231713150416417,0.30622743643816136,0.28557512426093845,0.422656159997063,happy,03,08,08,female,strong,916
110,3.6703333333333332,True,1.0,0.34088563987802817,0.35539059758395936,0.34813811873099376,0.6352157194982967,-0.06564814814814823,-0.06930555555555568,0.5380739735085059,0.0,0.21255169407993438,0.5480628203060823,0.014504957705931187,0.0036574074074074425,0.03298676195824403,0.4455602695089662,0.11573363404820329,0.11993124580004429,0.0,0.7023678585675572,0.6235700941939276,0.30796061097762145,0.27591475637337526,0.3964818556782708,happy,03,08,08,female,strong,916
0,0.0,True,1.0,0.5537794441670384,0.5706756961415289,0.5622275701542836,0.4344803630015275,-0.06907407407407395,-0.07310185185185186,0.4285427663532833,0.02632831867613964,0.20350971476839105,1.2940229709583146,0.016896251974490517,0.004027777777777908,0.020220684708979697,0.6142948965498608,0.11568597494772434,0.11997721854282334,0.0,0.9174463118839545,0.6382332693468012,0.3049222427705004,0.2564092504562203,0.3786999081804085,happy,03,08,08,female,strong,917
10,0.33366666666666667,True,1.0,0.5222212109300631,0.5589808560606516,0.5406010334953574,0.4478730703701173,-0.06916666666666665,-0.07300925925925933,0.43925277487552267,0.012789768185451588,0.20285150821982156,1.2070407203733207,0.03675964513058849,0.003842592592592675,0.020799818532327298,0.5789774544631208,0.11723597106025449,0.11846309492212904,0.0,0.9501366721217929,0.6352343966102065,0.30557841655437207,0.2595990707415375,0.37692193035652205,happy,03,08,08,female,strong,917
20,0.6673333333333333,True,1.0,0.5059621017967079,0.5249343521025048,0.5154482269496063,0.7077698347796552,-0.06865740740740733,-0.07111111111111107,0.4990169488014252,0.06178696725992671,0.20712280324841653,0.7282709740096187,0.018972250305796967,0.0024537037037037357,0.015661004921292722,0.3842412402587689,0.11472631097321029,0.12089520808947962,0.0,0.9999999987499999,0.6318333610788066,0.30987737476520144,0.28045758539219157,0.4200811364467045,happy,03,08,08,female,strong,917
30,1.0010000000000001,True,1.0,0.5563296568143669,0.6295437613837618,0.5929367090990643,0.9055275082796442,-0.06925925925925935,-0.07504629629629628,0.5158426217130466,0.35444381368101896,0.1669313039349136,0.6547970146434845,0.07321410456939492,0.005787037037036924,0.002174036637124736,0.31840712439858415,0.11818119922008223,0.11752013410792964,0.0,0.7986003889519896,0.6788292139355742,0.287589118488374,0.2957409733054812,0.42565486352533677,happy,03,08,08,female,strong,917
40,1.3346666666666667,True,1.0,0.21399176954732543,0.2180748159329656,0.21603329274014552,0.7266375314614606,-0.08124999999999993,-0.0816203703703704,0.4790648409363714,0.3798194608822817,0.1554982882247194,0.2973054423787405,0.0040830463856401655,0.0003703703703704653,0.006229056694844471,0.36677702808722185,0.11655365048308314,0.11865375040698942,0.0,0.7986302528796431,0.6257410623702606,0.26959275776981223,0.3204850139533954,0.3837064643391507,happy,03,08,08,female,strong,917
50,1.6683333333333334,True,1.0,0.2590889634259493,0.30736736402537024,0.28322816372565973,1.2012186520615555,-0.08671296296296294,-0.08717592592592588,0.41476084459671975,0.5749588412854942,0.170146063482514,0.23578402086878844,0.048278400599420956,0.0004629629629629428,0.010452085880158746,0.24144108602237058,0.11410147601829876,0.12117104870597838,0.0,0.762143555811404,0.6846014626944528,0.2874085345491901,0.29691266078867534,0.4162574705288777,happy,03,08,08,female,strong,917
60,2.0020000000000002,True,1.0,0.20676681753961298,0.22889192858926952,0.21782937306444125,0.42977039282567164,-0.08606481481481487,-0.08564814814814814,0.4162495838502759,0.35373497170732315,0.18571638821074302,0.5068505804512218,0.022125111049656532,0.0004166666666667318,0.013426003872208438,0.6310770845468181,0.12069083489538597,0.11477541633256294,0.0,0.9999999987499999,0.6192884759216186,0.26785053444051454,0.30956110940879666,0.36453093370191236,happy,03,08,08,female,strong,917
70,2.3356666666666666,True,1.0,0.34863109942431014,0.3556021253024781,0.3521166123633941,0.7209044303603794,-0.05537037037037029,-0.0560648148148149,0.47733744380080917,0.16019459934409153,0.18549729783568353,0.48843729839109373,0.006971025878167947,0.0006944444444446085,0.009326978545873022,0.41100451402411486,0.11271179573718025,0.12277552227619869,0.0,0.7314912487922842,0.5900950140837585,0.2801021011176119,0.3075055575792985,0.3770331505976636,happy,03,08,08,female,strong,917
80,2.6693333333333333,True,1.0,0.38243352337611064,0.37790961683327434,0.3801715701046925,0.8802144325636604,-0.07305555555555554,-0.08277777777777784,0.5024801909918063,0.2062251194945092,0.2028806289118644,0.4319079033928441,0.004523906542836298,0.009722222222222299,0.06000620652665894,0.3220598421387264,0.1128335326375137,0.12250823537071703,0.0,0.9232339148891234,0.6597507130977391,0.29812396158823906,0.2980329496659396,0.42611661701028797,happy,03,08,08,female,strong,917
90,3.003,True,1.0,0.1979758336270535,0.19047619047618974,0.19422601205162163,0.8183186011893216,-0.08074074074074084,-0.08055555555555555,0.5226317963453588,0.12064640020996646,0.20851050409233654,0.23734766846230662,0.007499643150863766,0.00018518518518528815,0.002510903502165145,0.34638217478674194,0.11746606066869433,0.11807369907253948,0.0,0.9199800328934783,0.6192296269992372,0.27825591441934217,0.3183956515798031,0.4034289345385146,happy,03,08,08,female,strong,917
100,3.336666666666667,True,1.0,0.3694960646799589,0.39487617191568014,0.3821861182978195,0.6781087909529685,-0.0683333333333333,-0.06990740740740747,0.5368571313906503,0.02054800498306239,0.21458368887763832,0.563605904239526,0.02538010723572126,0.001574074074074172,0.012747680434924247,0.4175984701140224,0.11580413208782646,0.11986317516433444,0.0,0.698646668461289,0.6211399576783839,0.30783450082417924,0.2770053993528916,0.40630294720708393,happy,03,08,08,female,strong,917
110,3.6703333333333332,True,1.0,0.4078316168071574,0.4532687151507494,0.4305501659789534,0.616690054158113,-0.06421296296296292,-0.06578703703703703,0.5294578532522081,-0.00522618689964501,0.21459222176423368,0.6981629800511827,0.045437098343592,0.0015740740740741166,0.009820414641248996,0.45794088427478985,0.11964496331664046,0.11602956744758477,0.0,0.9170324676521724,0.5920429382690576,0.28254001884879837,0.29800028643034876,0.3788179339970889,happy,03,08,08,female,strong,917
0,0.0,True,1.0,0.4872590861064526,0.525575642850271,0.5064173644783618,0.4639775894767595,-0.06898148148148142,-0.07152777777777775,0.42573363170469536,0.046397758947675734,0.2062514796348441,1.0914694501720716,0.03831655674381845,0.0025462962962963243,0.0020894160618370452,0.5792764663697254,0.11271786859632821,0.12261466437473055,0.0,0.9999999987499999,0.6387564188644207,0.3083144744683538,0.25593127071853106,0.3827884811130165,happy,03,08,08,female,strong,918
10,0.33366666666666667,True,1.0,0.5024303639897632,0.5054018769779931,0.5039161204838781,0.46436404078943266,-0.0690277777777778,-0.07277777777777777,0.4254071623916411,0.05969623910409211,0.20486260077730523,1.0851747254744484,0.002971512988229952,0.0037499999999999756,0.005431140131161709,0.5784967231996061,0.11692431142520697,0.11877071679006937,0.0,0.83498252519292,0.6360364997483369,0.3082420250322029,0.25853287127252417,0.3801761364734109,happy,03,08,08,female,strong,918
20,0.6673333333333333,True,1.0,0.44769879702923343,0.4846457810872098,0.4661722890582216,0.48954602083628207,-0.07120370370370371,-0.07263888888888892,0.4352578509389976,0.05796620473031018,0.20555592671495446,0.9522542707259032,0.03694698405797636,0.001435185185185206,0.007033399873101625,0.5476373731313471,0.11893711873562694,0.11675504081661452,0.0,0.9999999987499999,0.6209424197569654,0.2797191276631453,0.28494552160670006,0.3530650717467889,happy,03,08,08,female,strong,918
30,1.0010000000000001,True,1.0,0.26840302390206794,0.2796838649271296,0.27404344441459877,0.7879420430559316,-0.07722222222222225,-0.07925925925925931,0.46860044309961135,0.24696690901753085,0.1855499360127625,0.3477964487740197,0.01128084102506166,0.0020370370370370594,0.005690241535399137,0.3445398512832718,0.11420516228382926,0.12138763807174748,0.0,0.8620168584095671,0.6268082246023409,0.27651374794636596,0.29688887148495274,0.3736483852636704,happy,03,08,08,female,strong,918
40,1.3346666666666667,True,1.0,0.26819298176926604,0.24638008190626634,0.2572865318377662,0.7925389201425498,-0.0828240740740741,-0.08486111111111111,0.47284337417882877,0.37357724825309696,0.1695596716589367,0.32463583213236946,0.021812899862999696,0.002037037037037004,0.007178350124794219,0.345491098577543,0.11306434392327602,0.12213936305243854,0.0,0.7071067807446058,0.685228330621311,0.28601112842006937,0.29812236105509693,0.42952659618758937,happy,03,08,08,female,strong,918
50,1.6683333333333334,True,1.0,0.32535512607027617,0.34063383624565474,0.3329944811579655,0.6501502944567515,-0.05120370370370364,-0.05291666666666672,0.5451660277706601,0.17776860517231335,0.16459492187906868,0.5121807741949989,0.015278710175378574,0.0017129629629630827,0.0016195817962049895,0.4660642925063725,0.11754147703163623,0.11735100855402815,0.0,0.7876809392898311,0.6256258597423345,0.2772573570805223,0.31642997629975045,0.38365708935731024,happy,03,08,08,female,strong,918
60,2.0020000000000002,True,1.0,0.35950927144079653,0.3668962530378869,0.3632027622393417,0.29635508159534196,-0.04981481481481481,-0.05277777777777776,0.4509970543415464,0.08024079883085072,0.1993116802436792,1.2255661697587388,0.007386981597090392,0.002962962962962945,0.010492781183743291,1.0543979407156814,0.11467137823825978,0.12094731407448822,0.0,0.7071067807446058,0.6185042661517732,0.3104048320588807,0.27492001830258866,0.3778184615639932,happy,03,08,08,female,strong,918
70,2.3356666666666666,True,1.0,0.4084137170675898,0.4403640498910778,0.4243888834793338,0.661274217193947,-0.0530092592592592,-0.055416666666666725,0.4534177566548124,0.17144146371694943,0.18760413774754536,0.6417744294949028,0.031950332823488026,0.0024074074074075247,0.0011907008742766377,0.448299314973711,0.1145806914489769,0.12103323062718158,0.0,0.9999999987499999,0.620936880666329,0.28045217273210754,0.29588484396967535,0.36499589761966406,happy,03,08,08,female,strong,918
80,2.6693333333333333,True,1.0,0.45247150130119385,0.4089849131229968,0.4307282072120953,0.6911559106428619,-0.05226851851851855,-0.05583333333333329,0.49087244222950566,0.1471954247147189,0.189834685211682,0.6231997738563271,0.04348658817819706,0.003564814814814743,0.027114674375777057,0.4358866715084459,0.11345552501320946,0.12208858100912205,0.0,0.7004630528795003,0.6538264785523584,0.29854800957625255,0.29211388594108545,0.4096757884079434,happy,03,08,08,female,strong,918
90,3.003,True,1.0,0.3254306153553365,0.36472819093719494,0.34507940314626573,0.717193909785276,-0.08129629629629631,-0.0834259259259259,0.5305161566710476,0.07275880244198427,0.22501220670013108,0.48115216601543737,0.039297575581858424,0.0021296296296295925,0.01252617712017974,0.37499999999999956,0.11370505864776756,0.12185621611904304,0.0,0.8154387112216617,0.6534241774913091,0.3018350058073796,0.2923962325970259,0.4220639712017677,happy,03,08,08,female,strong,918
100,3.336666666666667,True,1.0,0.3466876226407686,0.3807129583639038,0.3637002905023362,0.7232600276566359,-0.07254629629629628,-0.07467592592592592,0.5404568006856998,0.046489284002291825,0.21737374677619029,0.5028624237409137,0.03402533572313521,0.002129629629629648,0.01213037598339868,0.39369915884417644,0.1191546637392895,0.11636941149184511,0.0,0.8522026978406807,0.6171309825258229,0.2807691905962719,0.32624688675282454,0.3995227884574532,happy,03,08,08,female,strong,918
110,3.6703333333333332,True,1.0,0.3293244987239976,0.35809017114423886,0.3437073349341182,0.7458325119344315,-0.0673611111111112,-0.07083333333333325,0.5450684181325328,0.04597461192552859,0.20694444444444438,0.46083715771877565,0.02876567242024125,0.0034722222222220434,0.013888207636246125,0.3778056968250399,0.11688824533064165,0.1188062114226429,0.0,0.7974132366449014,0.613287779041304,0.27978831106392743,0.3193550978474269,0.3951241897964846,happy,03,08,08,female,strong,918
0,0.0,True,1.0,0.4994760893731148,0.5204052350002012,0.509940662186658,0.44749550943773597,-0.07324074074074066,-0.07550925925925928,0.4428128624143498,0.05114234393574102,0.19793054364727788,1.1395436410688957,0.02092914562708642,0.002268518518518614,0.003688925875704471,0.5792764663697241,0.11911064909858304,0.11641446255998493,0.0,0.7523618105525526,0.6316212999184048,0.27507809097006336,0.28311411770834244,0.3642766429403321,happy,03,08,08,female,strong,919
10,0.33366666666666667,True,1.0,0.4753768463728694,0.5199388629935615,0.49765785468321544,0.447605278761559,-0.0736574074074074,-0.07495370370370369,0.4412426907203729,0.07033797237681609,0.1979263035619826,1.1118230242059313,0.04456201662069209,0.0012962962962962954,0.0008258464735958869,0.5632251561592502,0.11965116039493234,0.11552950161216842,0.0,0.7608694095682303,0.6309670547437726,0.27542602583444004,0.28521020512905,0.3605215801773494,happy,03,08,08,female,strong,919
20,0.6673333333333333,True,1.0,0.4731969030683413,0.4804864879047582,0.47684169548654975,0.48243698564140614,-0.07296296296296301,-0.0740277777777778,0.44458067410419577,0.0761659166898923,0.1993090007157837,0.9884020290288951,0.007289584836416896,0.0010648148148147962,0.003982241596191343,0.5476373731313471,0.1194653190095649,0.1158861830758543,0.0,0.9999999987499999,0.6281215971779337,0.27619049442267735,0.28828314148443035,0.3607497314322675,happy,03,08,08,female,strong,919
30,1.0010000000000001,True,1.0,0.6480769891130792,0.6986414206329296,0.6733592048730044,0.7037927126610812,-0.08078703703703694,-0.08296296296296302,0.4796780660506041,0.36341849090553185,0.17641656880366086,0.9567578532136174,0.05056443151985035,0.002175925925926081,0.00568134978058838,0.3780576972217859,0.11825634759702039,0.1174445146548316,0.0,0.6668764637019244,0.6329834188909939,0.27197569474884326,0.30142238227219337,0.3511780530313836,happy,03,08,08,female,strong,919
40,1.3346666666666667,True,1.0,0.31287676234213,0.3281419644711117,0.32050936340662084,0.7323181684301314,-0.08620370370370373,-0.08708333333333335,0.4777009838628751,0.30894672730646144,0.1764165688036608,0.4376640881294751,0.015265202128981692,0.0008796296296296191,0.005013718968313481,0.37046101485229294,0.109503332360237,0.1254938007344293,0.0,0.9999999987499999,0.6866423165516206,0.28648735849934215,0.27420816601630227,0.3977791614617618,happy,03,08,08,female,strong,919
50,1.6683333333333334,True,1.0,0.24077229562621696,0.24880702384593348,0.24478965973607522,0.6871091562420206,-0.056990740740740675,-0.06083333333333335,0.5333924606142565,0.20987277890014347,0.1654111293944611,0.3562602208285126,0.008034728219716514,0.003842592592592675,0.030205709925482913,0.4338778107825367,0.1149379667720089,0.12069399969814053,0.0,0.8177237620504568,0.6215066284013606,0.27689701659545524,0.3078705443921823,0.37034324664981555,happy,03,08,08,female,strong,919
60,2.0020000000000002,True,1.0,0.30722739098933416,0.3493424398095893,0.3282849153994617,0.36589649174735106,-0.05175925925925928,-0.05583333333333329,0.4179383213043382,0.2934914377658338,0.1600962747157314,0.8972070593837235,0.04211504882025513,0.004074074074074008,0.03103509865882973,0.7428132718224387,0.11850736128907677,0.11702853986170536,0.0,0.7071067807446058,0.6247130566523483,0.27070178088301894,0.30263969736098906,0.35545791988475833,happy,03,08,08,female,strong,919
70,2.3356666666666666,True,1.0,0.33868696284998434,0.39148251138882406,0.3650847371194042,0.7188859706333435,-0.07708333333333328,-0.08416666666666667,0.4467646896027002,0.22524966414356865,0.2187670891762301,0.5078479091722461,0.05279554853883972,0.007083333333333386,0.017677993210032217,0.41000981247689666,0.11417350611858575,0.12141741337040725,0.0,0.7019171344343003,0.6663115233906063,0.2948288258451722,0.28509692642961443,0.40398776547252496,happy,03,08,08,female,strong,919
80,2.6693333333333333,True,1.0,0.40526102693517035,0.42068392258521464,0.4129724747601925,0.7814990966498936,-0.06791666666666663,-0.07259259259259265,0.4729527703915981,0.13989112810575743,0.21561808497393922,0.528436279108332,0.015422895650044288,0.004675925925926028,0.0319162672340566,0.3703983125645003,0.11549601758961608,0.12000143225119192,0.0,0.7413429371831088,0.6209048188963087,0.3090401818395212,0.2786777937304417,0.409161665938995,happy,03,08,08,female,strong,919
90,3.003,True,1.0,0.40486087888677585,0.42264876314260336,0.41375482101468963,0.7829774338828571,-0.06851851851851848,-0.0737500000000001,0.5355846594871648,0.08131359725858679,0.2133836688599105,0.5284377341028098,0.017787884255827502,0.005231481481481615,0.02650957105729838,0.37330990816597515,0.11666317324981444,0.11902723123838445,0.0,0.6914864761171815,0.6134447515568728,0.309124218373661,0.2888307002131689,0.42548442404838915,happy,03,08,08,female,strong,919
100,3.336666666666667,True,1.0,0.3954382985667051,0.4042515082164509,0.39984490339157797,0.7509733399853451,-0.06990740740740736,-0.07421296296296298,0.53169999699169,0.07609238044229936,0.2118185226278855,0.5324355501080514,0.008813209649745801,0.004305555555555618,0.025810385729817937,0.38850889149099427,0.1174647251724683,0.11807502767923468,0.0,0.9999999987499999,0.6075869164071879,0.27684525578389196,0.31938530436768076,0.391499064378654,happy,03,08,08,female,strong,919
110,3.6703333333333332,True,1.0,0.3174603174603171,0.34714426835515194,0.3323022929077345,0.6768060200158817,-0.07333333333333336,-0.08009259259259255,0.5375674365731306,0.14639042149808923,0.19448367737260402,0.4909860182684793,0.029683950894834832,0.006759259259259187,0.027313813184516787,0.3968981760582981,0.11404625788322906,0.12106575481560977,0.0,0.7881894965584191,0.6552776802205257,0.29550511004869906,0.2934825839012297,0.4146999169903428,happy,03,08,08,female,strong,919
0,0.0,True,1.0,0.6522899578971051,0.6398123183857464,0.6460511381414258,0.5260887495232173,-0.08064814814814808,-0.07898148148148149,0.3647848755274171,0.23286189937730095,0.2007799599219375,1.2280269036867406,0.012477639511358718,0.0016666666666665941,0.005963002829594547,0.5331513182060903,0.11983440184811534,0.11583390653449034,0.0,0.8498486750630817,0.6220061853647709,0.2742953564951975,0.27604560615246354,0.34750572774544086,sad,04,08,08,female,normal,920
10,0.33366666666666667,True,1.0,0.6194853948326767,0.62594833413622,0.6227168644844483,0.5305595386971819,-0.0811574074074074,-0.07990740740740732,0.3602621532284829,0.23484079829826884,0.20217995971685995,1.1736983676018036,0.006462939303543247,0.0012500000000000844,0.010070370569209713,0.49877527404258504,0.12167708355067405,0.11389673001468995,0.0,0.76696661078414,0.6202092913180898,0.2742684988255963,0.28129178743763533,0.34448515417825104,sad,04,08,08,female,normal,920
20,0.6673333333333333,True,1.0,0.33230872231898206,0.32783193572181796,0.3300703290204,0.48275139363237,-0.0935185185185185,-0.09439814814814801,0.3593924173202599,0.21117111230245209,0.2029282196165526,0.683727345739697,0.004476786597164106,0.0008796296296295081,0.013964264873931117,0.5833452958563491,0.11823445576902654,0.11746655370001609,0.0,0.7105525338170607,0.6271367228063099,0.3063549966496281,0.2565610761227291,0.37650742168275225,sad,04,08,08,female,normal,920
30,1.0010000000000001,True,1.0,0.3069692321531339,0.3320816116804323,0.3195254219167831,0.7791068216703007,-0.09356481481481471,-0.09629629629629632,0.36566721198310836,0.3371135286073418,0.20075867947458667,0.41011760265654384,0.025112379527298445,0.0027314814814816124,0.012103763578001385,0.3722858509367396,0.1196364214271872,0.11603837484855484,0.0,0.8147575163158389,0.6284542890515581,0.30600579104619907,0.26105016669320014,0.38402493664981363,sad,04,08,08,female,normal,920
40,1.3346666666666667,True,1.0,0.39642937355107793,0.3817332155273497,0.3890812945392138,0.6431251117336091,-0.09810185185185188,-0.09787037037037033,0.369931163676947,0.2996133537971933,0.19799220734919576,0.6049853868874839,0.014696158023728256,0.00023148148148155467,0.01530609529517266,0.4242819945567434,0.11688973306066644,0.11880474769210721,0.0,0.937269178560537,0.6627076410642383,0.29594064554926913,0.27011853410487024,0.38606548558971354,sad,04,08,08,female,normal,920
50,1.6683333333333334,True,1.0,0.31071244265297054,0.3260611852579982,0.3183868139554844,0.5637440342018344,-0.09546296296296297,-0.09481481481481474,0.3667839522819607,0.2521736520912402,0.20360753778916188,0.5647719437178008,0.015348742605027665,0.000648148148148231,0.025403713974004528,0.5059785372048577,0.11912753871828399,0.11656074505713145,0.0,0.7071067807446058,0.6296995726259254,0.3047933321436889,0.25807600539889797,0.37918346784990575,sad,04,08,08,female,normal,920
60,2.0020000000000002,True,1.0,0.30744943265259733,0.3175512597527729,0.3125003462026851,0.6490962497320968,-0.09046296296296302,-0.09430555555555553,0.3655523662324556,0.2564220649386916,0.20495642791988491,0.4814391491734302,0.010101827100175542,0.0038425925925925086,0.02214926532750879,0.4598512949545135,0.11666547743646859,0.11902497277241536,0.0,0.7557319287159617,0.6281832685730543,0.3054195058168654,0.25928893325586366,0.3811350873630844,sad,04,08,08,female,normal,920
70,2.3356666666666666,True,1.0,0.40561710245291066,0.42850079005216374,0.4170589462525372,0.5222140848671187,-0.08259259259259255,-0.09138888888888885,0.3755297607636768,0.22481473389887208,0.19450093735393323,0.7986359585813565,0.022883687599253077,0.008796296296296302,0.010549650325156751,0.5376805982977312,0.11600246303177639,0.11967124274243789,0.0,0.9999999987499999,0.6581173499008979,0.29575011972704496,0.2736365074981249,0.3873207398318151,sad,04,08,08,female,normal,920
80,2.6693333333333333,True,1.0,0.291875728755302,0.2652862220069342,0.2785809753811181,0.6427126720081727,-0.094675925925926,-0.09499999999999997,0.3937419636943557,0.19559358148114664,0.21182320498670149,0.4334455932083686,0.026589506748367797,0.0003240740740739767,0.00874248174843243,0.45449591787992943,0.11771611132470586,0.11798599452449281,0.0,0.7215099659763039,0.6339756313462884,0.30560232962553024,0.26770651026962916,0.38220788043242454,sad,04,08,08,female,normal,920
90,3.003,True,1.0,0.3541075440053477,0.35867446393762165,0.3563910039714847,0.7141369999021739,-0.08189814814814816,-0.08615740740740746,0.3793913223042457,0.25489781519603105,0.20353558059849144,0.4990513081107756,0.004566919932273927,0.004259259259259296,0.014920907923882775,0.4150299896920914,0.1164990006559816,0.11918792143202608,0.0,0.8142817613312603,0.6323685955319628,0.3073846932053804,0.264696606259186,0.38618238608032046,sad,04,08,08,female,normal,920
100,3.336666666666667,True,1.0,0.33382284142148927,0.3216880022403124,0.32775542183090084,0.5795333894936352,-0.09152777777777782,-0.0919444444444445,0.36848888567643684,0.23030341954166378,0.20630326016873804,0.5655505407846746,0.01213483918117686,0.0004166666666666763,0.015956960273488214,0.49300746237231835,0.11716014532676723,0.11837725359449648,0.0,0.8305169136388162,0.6295335558051347,0.30690811881354185,0.25767216685755295,0.37879144150302807,sad,04,08,08,female,normal,920
110,3.6703333333333332,True,1.0,0.37179150086817747,0.3429131766374514,0.35735233875281447,0.5629003343960896,-0.0941203703703703,-0.09291666666666665,0.36411472683576973,0.22817647147153114,0.20632248962864536,0.6348412266199872,0.02887832423072606,0.0012037037037036513,0.020828469639463665,0.5196505144856585,0.11907366700594631,0.11661577764222268,0.0,0.6934667414969313,0.6257305795365021,0.307367500319433,0.25806498861402166,0.37822645855487785,sad,04,08,08,female,normal,920
120,4.0040000000000004,True,1.0,0.46149813852388977,0.45973838216084795,0.46061826034236886,0.559308203811343,-0.08625000000000005,-0.08550925925925934,0.3682685325173751,0.21908710176509774,0.2083699512089982,0.8235499805000845,0.00175975636304182,0.0007407407407407085,0.011960090737563564,0.5345860977051377,0.11753817435215008,0.11816325714480065,0.0,0.7071067807446058,0.629613948094863,0.30824711338220045,0.25696912970873237,0.37889160032166536,sad,04,08,08,female,normal,920
0,0.0,True,1.0,0.6015092337629742,0.6059230569737785,0.6037161453683764,0.501265930463321,-0.07810185185185192,-0.08064814814814814,0.3621988780105664,0.21262738659326136,0.1972222222222222,1.2043829605781515,0.004413823210804302,0.0025462962962962132,0.010423482799177325,0.5624183013123966,0.11539774745186757,0.12025447040221686,0.0,0.7740598108712606,0.6430092190001,0.2999429061766891,0.2613284067684196,0.3827813152163501,sad,04,08,08,female,normal,921
10,0.33366666666666667,True,1.0,0.5765334476283378,0.5560536340948935,0.5662935408616157,0.5316371116774057,-0.07625000000000004,-0.07777777777777783,0.36204553083037694,0.19743971612231412,0.1986145683171447,1.0651881300665091,0.020479813533444302,0.0015277777777777946,0.013622929038230399,0.5302886629329726,0.11617113223123897,0.11950751359166793,0.0,0.9999999987499999,0.6418037452637304,0.3025284524324398,0.2609160125565966,0.38026490912436334,sad,04,08,08,female,normal,921
20,0.6673333333333333,True,1.0,0.6235582347951452,0.6224566024683101,0.6230074186317276,0.5122530192674352,-0.07907407407407413,-0.07875000000000004,0.3672826481638881,0.2033667515478844,0.20140252662755684,1.216210339809574,0.0011016323268350225,0.0003240740740740877,0.013124129398269204,0.5127974735187316,0.11683282020734627,0.11886071635045549,0.0,0.9999999987499999,0.6414698118856917,0.30285470392838304,0.2619607316515339,0.3773608609231945,sad,04,08,08,female,normal,921
30,1.0010000000000001,True,1.0,0.5007735952922487,0.516028089177866,0.5084008422350574,0.7666297968589507,-0.08912037037037035,-0.09273148148148141,0.3568315525899328,0.2988154844537966,0.20555704018912999,0.6631634255778819,0.015254493885617282,0.003611111111111065,0.008428354879067068,0.37157676588560207,0.11728255150227737,0.1184169788595348,0.0,0.8507228445922007,0.6401470082798745,0.3033519063007294,0.26650670624700074,0.38895765413295974,sad,04,08,08,female,normal,921
40,1.3346666666666667,True,1.0,0.3237432830107242,0.3173004683477358,0.32052187567922996,0.6385874035523924,-0.09194444444444444,-0.091712962962963,0.38649172226406925,0.20570278017790808,0.19801532628674082,0.5019232667230853,0.006442814662988405,0.00023148148148144365,0.004018645702117787,0.4147578132051472,0.11539431318247768,0.12025776587806129,0.0,0.8377238061776662,0.6401995966746075,0.3038804712692925,0.26106956576320006,0.38297270477691053,sad,04,08,08,female,normal,921
50,1.6683333333333334,True,1.0,0.4287278169428065,0.3986538510418181,0.4136908339923123,0.4866556084042783,-0.09120370370370368,-0.09101851851851855,0.3791505472679219,0.15744740271903085,0.19802804055192558,0.8500689745440021,0.030073965900988375,0.00018518518518512161,0.006822608360293,0.5137103028972362,0.12009257987465952,0.11523602793064623,0.0,0.9999999987499999,0.6183853283266432,0.2780424206462571,0.28322343015853824,0.34483061113280705,sad,04,08,08,female,normal,921
60,2.0020000000000002,True,1.0,0.4754005644695962,0.4669902085745531,0.47119538652207466,0.6420146955343544,-0.08824074074074079,-0.09027777777777773,0.3643610180888241,0.261262697448623,0.1931835552199688,0.733932400301047,0.008410355895043131,0.0020370370370369484,0.011386014377025109,0.411445789816152,0.11998706206346926,0.11551094649003937,0.0,0.9999999987499999,0.6224506975290115,0.27814781832912006,0.28358467041588076,0.3421487062174537,sad,04,08,08,female,normal,921
70,2.3356666666666666,True,1.0,0.37374805755912927,0.3616163114394714,0.36768218449930035,0.6330037295406833,-0.09203703703703703,-0.09189814814814817,0.3942113716294677,0.20635255691203078,0.19521550446456004,0.5808531092954158,0.012131746119657838,0.0001388888888888551,0.013682484268487958,0.40864653787275657,0.11963392192099156,0.11604095180246092,0.0,0.7227214487211251,0.6218687628332583,0.2765910591740243,0.2817646976664145,0.3390906851380808,sad,04,08,08,female,normal,921
80,2.6693333333333333,True,1.0,0.4439110157636902,0.4426209209102601,0.4432659683369752,0.5658209631112092,-0.09888888888888886,-0.09643518518518518,0.3987870395068195,0.18185471507359763,0.20006445799670577,0.7834032268787707,0.0012900948534300682,0.00245370370370368,0.016210703072839564,0.4444823580963793,0.11407238603410796,0.12056800913955289,0.0,0.9999999987499999,0.6749204503129377,0.29055291121363397,0.2738149651512434,0.3871377240350755,sad,04,08,08,female,normal,921
90,3.003,True,1.0,0.4038428765022995,0.3999999999999992,0.40192143825114934,0.4305876951148392,-0.09490740740740744,-0.0920833333333333,0.4043471933639777,0.05379023081595068,0.21327494793661525,0.933425276223826,0.0038428765023003075,0.0028240740740741455,0.01746519457475116,0.5699069043579419,0.11750316360868332,0.11819807236637564,0.0,0.9999999987499999,0.6432389486106943,0.29933651440338327,0.2736727595493148,0.3856057091309158,sad,04,08,08,female,normal,921
100,3.336666666666667,True,1.0,0.29611154737437834,0.29629678642253393,0.29620416689845613,0.4402224392851622,-0.09574074074074068,-0.09430555555555564,0.40006692337573835,0.03999698645170045,0.2146743334552234,0.6728511326670116,0.00018523904815559433,0.0014351851851850395,0.027614683506349002,0.5694680164385197,0.11589706350323482,0.11961414837930968,0.0,0.9999999987499999,0.6393208259241198,0.3014044973342343,0.2702623184877952,0.3861118274256263,sad,04,08,08,female,normal,921
110,3.6703333333333332,True,1.0,0.306635465865108,0.32193015392786406,0.31428280989648605,0.46819083339541434,-0.09069444444444441,-0.09268518518518526,0.37431513491495644,0.0365548256487203,0.21192223064313012,0.6712707457710005,0.015294688062756079,0.0019907407407408484,0.032517766051502056,0.5132656608421737,0.11764857114658832,0.11789184674367714,0.0,0.8143875793222765,0.6171364554337361,0.3075431817107732,0.2581958436383338,0.3785501022871715,sad,04,08,08,female,normal,921
0,0.0,True,1.0,0.6190186894771567,0.6273187597732349,0.6231687246251958,0.5022427587936443,-0.0768518518518519,-0.07189814814814816,0.3670727184281342,0.16719579319777256,0.20772154547471233,1.2407719448698635,0.008300070296078266,0.004953703703703738,0.030313467332609353,0.585866750472608,0.11726859896868733,0.1184307961006387,0.0,0.7657736566993087,0.6370924219453408,0.30677218633785885,0.26324353052960175,0.3772013832431016,sad,04,08,08,female,normal,922
10,0.33366666666666667,True,1.0,0.6129603611694682,0.6421441093003051,0.6275522352348866,0.518803330815481,-0.07856481481481487,-0.0732407407407406,0.36635285795182904,0.17526186251716241,0.2097935121027094,1.209614892503617,0.029183748130836906,0.005324074074074259,0.02923858047569173,0.5686783583478731,0.11861709117491094,0.1170801582273395,0.0,0.7764831597457571,0.6324069390021634,0.3064187953141855,0.2647100067626514,0.37637547795077964,sad,04,08,08,female,normal,922
20,0.6673333333333333,True,1.0,0.26784748210551074,0.2898334237499737,0.2788404529277422,0.4492477996143148,-0.0955555555555555,-0.09449074074074076,0.39551481172335384,0.09813659616903436,0.2174400719712156,0.6206829575284073,0.021985941644462936,0.0010648148148147407,0.037856062958430935,0.6269332586914885,0.11751240762568559,0.11818888197765397,0.0,0.9734701391094015,0.6325124185455432,0.30780504672954234,0.26759169904089736,0.3788879306465748,sad,04,08,08,female,normal,922
30,1.0010000000000001,True,1.0,0.27990636507605304,0.29565609828751804,0.28778123168178554,0.6453314290679989,-0.07606481481481486,-0.07425925925925936,0.4014857591259868,0.08411708243060094,0.20427463297768614,0.44594330714281993,0.015749733211465,0.0018055555555555047,0.042574472252895214,0.45681455860158626,0.11860008396461048,0.11709738619021408,0.0,0.8052908192947184,0.5798745144698504,0.28687298357437774,0.2843229671982059,0.3639527545500828,sad,04,08,08,female,normal,922
40,1.3346666666666667,True,1.0,0.47592942428673835,0.4971620916393187,0.4865457579630285,0.561179138570805,-0.07314814814814813,-0.07217592592592592,0.44182818054007944,0.019106142715245772,0.21532065562714572,0.8670061385427643,0.021232667352580337,0.0009722222222222077,0.0330088276673762,0.5061384631348499,0.11832919480988786,0.11737111835942235,0.0,0.7392532698382279,0.5981737489995999,0.2840676161544531,0.31213727056157076,0.36486186339722804,sad,04,08,08,female,normal,922
50,1.6683333333333334,True,1.0,0.5736076474233196,0.6308203165538292,0.6022139819885743,0.5602748164235488,-0.08374999999999999,-0.08023148148148146,0.4342464865984766,0.07156515338851825,0.22986144302410796,1.0748546326474915,0.0572126691305096,0.003518518518518532,0.029644725630112726,0.4921963934603521,0.11809068890992461,0.11761108349860383,0.0,0.7425326059698046,0.5791412221920018,0.2865822000037393,0.2954735041631721,0.3663063682291801,sad,04,08,08,female,normal,922
60,2.0020000000000002,True,1.0,0.5693920854613592,0.62245660246831,0.5959243439648346,0.5963166318856137,-0.08361111111111114,-0.08347222222222223,0.40502102312659777,0.09704159414207272,0.23125296925880895,0.9993421482819645,0.05306451700695081,0.0001388888888889106,0.030544102760673583,0.4990934805608526,0.12029155827335494,0.1153590862373985,0.0,0.7071067807446058,0.578666638116184,0.28413978929614014,0.2984115591510783,0.3697125647582909,sad,04,08,08,female,normal,922
70,2.3356666666666666,True,1.0,0.642326800711676,0.6508980223157912,0.6466124115137336,0.7546119522183891,-0.07800925925925928,-0.07523148148148145,0.3736477263841738,0.19608746142370562,0.2277898356236406,0.8568806916095602,0.008571221604115165,0.0027777777777778234,0.03183871204178852,0.3980685472215308,0.11968370326023019,0.11598960704931503,0.0,0.7345241741944343,0.5875490589360745,0.2859527845605817,0.2862581963547641,0.3601810636863148,sad,04,08,08,female,normal,922
80,2.6693333333333333,True,1.0,0.5760503456759833,0.6280876419892721,0.6020689938326278,0.5946135512239458,-0.0770370370370369,-0.07712962962962955,0.36329549660936006,0.1600217005591484,0.22850561287684593,1.012538299191695,0.052037296313288794,9.259259259264407e-05,0.034773093144953686,0.5104225483157057,0.11747042403177517,0.11823061044651799,0.0,0.8775571090165809,0.6023192900050646,0.31489993112428466,0.2705875332891397,0.37697405084107755,sad,04,08,08,female,normal,922
90,3.003,True,1.0,0.6265654538841617,0.6482413798994012,0.6374034168917815,0.613799426315178,-0.07870370370370366,-0.0784259259259259,0.37093680800932044,0.1793787071605066,0.2292415612110984,1.0384555435613638,0.02167592601523949,0.0002777777777777657,0.02975022970648312,0.49854293385858106,0.11696290899116066,0.11873270690659367,0.0,0.9061510468695245,0.601030580271171,0.3153467228177009,0.26652318793290547,0.37780942642197624,sad,04,08,08,female,normal,922
100,3.336666666666667,True,1.0,0.6524181502394425,0.6911495585617444,0.6717838544005934,0.5413950223168031,-0.07874999999999993,-0.07773148148148146,0.367970471243822,0.16524481306064276,0.2257606907316882,1.2408386237572238,0.03873140832230193,0.0010185185185184742,0.03085697888774482,0.5525810205516646,0.12052646095440611,0.1151136394127655,0.0,0.8756852987089487,0.5777360820500075,0.2843432668586531,0.28286926144398544,0.35735938579863713,sad,04,08,08,female,normal,922
0,0.0,True,1.0,0.5616210862814179,0.6323105530162207,0.5969658196488193,0.4857092590830962,-0.07449074074074075,-0.07180555555555562,0.3792679789424849,0.1979815054041117,0.20230067779449257,1.229059995223787,0.07068946673480281,0.002685185185185124,0.02894618081407069,0.6065809807750137,0.1176573882247652,0.11804455415335276,0.0,0.8101796198492144,0.6312409232364821,0.3074827914375542,0.256513373461447,0.3740759313138338,sad,04,08,08,female,normal,923
10,0.33366666666666667,True,1.0,0.6532813191824918,0.6659684303271307,0.6596248747548112,0.4604667258244088,-0.07495370370370369,-0.07097222222222216,0.38510666350241185,0.15789561229023114,0.20299437870417447,1.4325136600779012,0.01268711114463894,0.00398148148148153,0.030705493380388447,0.6090844812122289,0.1174290229112122,0.11827173097129488,0.0,0.9999999987499999,0.6332647064997875,0.3052533761605241,0.2590723961641983,0.37513476234058885,sad,04,08,08,female,normal,923
20,0.6673333333333333,True,1.0,0.634313339082995,0.652706865787098,0.6435101024350465,0.4703486431402991,-0.07726851851851846,-0.07430555555555557,0.4051035244726498,0.14493771004334893,0.20639791097840593,1.3681555412568618,0.01839352670410299,0.0029629629629628895,0.03606311291647217,0.6121361480291462,0.11574188265268841,0.11976431196868574,0.0,0.8582361975679935,0.6330764058592186,0.30647135508422535,0.2621912168603003,0.37631521132225715,sad,04,08,08,female,normal,923
30,1.0010000000000001,True,1.0,0.6490128974744893,0.6886271925726437,0.6688200450235665,0.6008296881527156,-0.07499999999999996,-0.07421296296296293,0.4117540858937368,0.14308779411678108,0.20644558966987064,1.113160781185582,0.039614295098154395,0.0007870370370370305,0.03975579042674296,0.4730834237149888,0.11677484719452971,0.11891767249552834,0.0,0.7492550232796366,0.6316276659413765,0.3076617222160051,0.27159372798734066,0.3796079505221036,sad,04,08,08,female,normal,923
40,1.3346666666666667,True,1.0,0.6033361413624183,0.6734265017593212,0.6383813215608698,0.5218792200744332,-0.07449074074074069,-0.07620370370370372,0.4422372839508963,0.08880097603456079,0.20849476980860543,1.2232357545675423,0.07009036039690286,0.0017129629629630272,0.027617008175118724,0.5337591759768536,0.11641509936092598,0.119269872180076,0.0,0.697559259779215,0.6299157608277686,0.3079397666243061,0.2706004465070802,0.3768909172179351,sad,04,08,08,female,normal,923
50,1.6683333333333334,True,1.0,0.649590133704041,0.731231750747628,0.6904109422258344,0.5680310668936367,-0.0733333333333333,-0.0730555555555556,0.38610958444732785,0.15994792625943008,0.20982732995064726,1.2154457431376957,0.08164161704358708,0.0002777777777777102,0.02830730319304919,0.5060250494770822,0.11470280456227522,0.12091751070177281,0.0,0.7130799137487768,0.6301720272093212,0.3091876091115902,0.2703715527867552,0.37818609543197046,sad,04,08,08,female,normal,923
60,2.0020000000000002,True,1.0,0.6364793418588566,0.6753332813085159,0.6559063115836863,0.6230273563208593,-0.07157407407407418,-0.07166666666666677,0.3865219595457656,0.14469213715499546,0.21606263738000825,1.0527728917988224,0.038853939449659314,9.259259259258856e-05,0.030006940489621384,0.4793739948454634,0.1190814449509633,0.11660783523192896,0.0,0.7966048364006649,0.5977470324067127,0.28043294869482427,0.30052291068962456,0.35718429692150483,sad,04,08,08,female,normal,923
70,2.3356666666666666,True,1.0,0.6855876021750349,0.7186558123187381,0.7021217072468865,0.8324549257036546,-0.07222222222222224,-0.07157407407407401,0.36127537006500743,0.2773495836796583,0.20917372454246258,0.8434351044933748,0.0330682101437032,0.000648148148148231,0.03146484245735317,0.3789079221788744,0.11631618452530201,0.11936633941904247,0.0,0.8877791996839098,0.6127114853519532,0.3125892993945619,0.2702245770126902,0.3814291221429888,sad,04,08,08,female,normal,923
80,2.6693333333333333,True,1.0,0.6768497134316092,0.718681659200102,0.6977656863158556,0.7246572119393582,-0.0724999999999999,-0.07222222222222219,0.3582259680979207,0.26194127347523277,0.2105094679844855,0.9628906948272351,0.041831945768492806,0.0002777777777777102,0.03279126187399037,0.4471077491180909,0.11487339212004267,0.12059758539770037,0.0,0.9999999987499999,0.6154771477184625,0.31168596498417334,0.2668001174843204,0.381911900160271,sad,04,08,08,female,normal,923
90,3.003,True,1.0,0.6777162589137881,0.7212628367514757,0.699489547832632,0.6961645284751596,-0.07185185185185178,-0.07199074074074069,0.35428585356872766,0.24735130789210102,0.2098040580380127,1.0047761976105782,0.04354657783768767,0.0001388888888889106,0.02849007494231473,0.4216721983382247,0.12060943045933081,0.11502670582733128,0.0,0.9999999987499999,0.6009120253335709,0.2779630056137312,0.29999446865526624,0.35505985446267974,sad,04,08,08,female,normal,923
100,3.336666666666667,True,1.0,0.5214767387952566,0.5705586478530493,0.546017693324153,0.669274847578986,-0.07347222222222233,-0.07601851851851849,0.3641666226930967,0.2127946458880738,0.21056165075189054,0.8158347729625584,0.04908190905779275,0.0025462962962961577,0.024460841900033035,0.452275673135055,0.11940411472380334,0.11627740604326928,0.0,0.7858173448871426,0.5951874637667567,0.27930251982085047,0.291387724123666,0.34875401269912515,sad,04,08,08,female,normal,923
0,0.0,True,1.0,0.550300502629141,0.5871452710996559,0.5687228868643984,0.46691503340493073,-0.07041666666666663,-0.06574074074074071,0.4123511664857517,0.053115343804979516,0.21021965492335107,1.2180436400109977,0.03684476847051488,0.004675925925925917,0.03417533432392273,0.6160028329476642,0.11919266059840342,0.11649415190817464,0.0,0.7887816696386148,0.6032827251291142,0.3116485517513265,0.2526380268495045,0.36052178660557543,sad,04,08,08,female,strong,924
10,0.33366666666666667,True,1.0,0.610615610879521,0.6427030424753015,0.6266593266774112,0.5736640176990875,-0.06828703703703703,-0.06462962962962959,0.4024732239415346,0.11583923670836282,0.2089184491680372,1.0923803957425864,0.032087431595780536,0.0036574074074074425,0.04129152758646612,0.5274173716770694,0.11884222397005462,0.11685163058793183,0.0,0.7219490514030671,0.6020043075667768,0.311174870504572,0.252852324824723,0.36422415361722354,sad,04,08,08,female,strong,924
20,0.6673333333333333,True,1.0,0.6432620145811668,0.6704688620823049,0.6568654383317358,0.6542264371450163,-0.07254629629629633,-0.07064814814814818,0.4065407740502624,0.1265400142847863,0.207395571920992,1.0040337733801097,0.02720684750113811,0.0018981481481481488,0.03783763704181826,0.44694123287393484,0.11563648448094833,0.11970703124943383,0.0,0.8620862523042921,0.625749132574905,0.3068879156700522,0.2709216698325088,0.3767446604379847,sad,04,08,08,female,strong,924
30,1.0010000000000001,True,1.0,0.6124074619764255,0.6588098615534417,0.6356086617649336,0.5922277668352361,-0.07717592592592593,-0.0741666666666666,0.44033693507280575,0.07384615384615359,0.2100715293815841,1.0732503562970672,0.046402399577016196,0.0030092592592593226,0.043563614170781695,0.4613846520480074,0.11592766907461706,0.11958448630184677,0.0,0.9999999987499999,0.6294928716486594,0.30562589874132906,0.275090560350106,0.3847205693706066,sad,04,08,08,female,strong,924
40,1.3346666666666667,True,1.0,0.559839245861007,0.5974205755891513,0.5786299107250792,0.5959317507277581,-0.07768518518518525,-0.07361111111111107,0.4226301431976115,0.08852784090724393,0.21781553326084624,0.9709667424473529,0.03758132972814432,0.004074074074074174,0.06258186374427269,0.4658644235891373,0.1170552310852494,0.11864169016337688,0.0,0.7845194485514124,0.6257643395248724,0.3043677579592917,0.2787704978797267,0.38607583038668175,sad,04,08,08,female,strong,924
50,1.6683333333333334,True,1.0,0.613500326364116,0.7199683859664141,0.666734356165265,0.528090260537382,-0.07370370370370366,-0.0696296296296296,0.42695648679348847,0.08763078963993035,0.2166863891667415,1.2625386339956346,0.1064680596022981,0.004074074074074063,0.05102813031879271,0.520530506098878,0.11540957486649606,0.1202431195451331,0.0,0.8318135549892317,0.6221468945156188,0.30453915539786064,0.2705192405565667,0.3664751518248582,sad,04,08,08,female,strong,924
60,2.0020000000000002,True,1.0,0.2337159699279275,0.25002946340141485,0.2418727166646712,0.4979768632389062,-0.08412037037037035,-0.07759259259259266,0.4338898669121569,0.02477907867994929,0.22562609558684832,0.485710751884133,0.016313493473487345,0.006527777777777688,0.061408006070607764,0.6200176985531957,0.11513134331905588,0.12003432722209861,0.0,0.8344992554896459,0.5974683309573829,0.31369372696119024,0.26283006485871807,0.36615175357041585,sad,04,08,08,female,strong,924
70,2.3356666666666666,True,1.0,0.6187939522524387,0.700396579564405,0.6595952659084219,0.6719012333945942,-0.07217592592592592,-0.06833333333333341,0.3836169620376463,0.08384384998930614,0.2261321210251574,0.9816848565316664,0.08160262731196632,0.0038425925925925086,0.061300283771687634,0.4451672253601599,0.1192292788181843,0.11645667366817027,0.0,0.7547539555679049,0.5946117931000525,0.3121495437492581,0.2709599918462858,0.368655674869837,sad,04,08,08,female,strong,924
80,2.6693333333333333,True,1.0,0.5382590966517876,0.6216937782248932,0.5799764374383405,0.6259139658794384,-0.06791666666666657,-0.06768518518518529,0.38614337583834124,0.08329267300725626,0.22138541446109572,0.9266072800012483,0.08343468157310563,0.00023148148148127712,0.057932013197259186,0.49902821449347573,0.11792947067512921,0.11744875401776672,0.0,0.8238960525721477,0.5975787970735169,0.31248897766538786,0.26759386024548243,0.3731770507996036,sad,04,08,08,female,strong,924
90,3.003,True,1.0,0.5741046398920954,0.6508665299478561,0.6124855849199757,0.6161097141004007,-0.06981481481481483,-0.06898148148148153,0.3803065835111192,0.11179179998574154,0.22274380402386806,0.9941177210852508,0.07676189005576073,0.0008333333333332971,0.06347904348083376,0.5103241245519232,0.11711713139250646,0.11858058569326062,0.0,0.8523410529737496,0.602461511080995,0.31007064721980837,0.26769301789800354,0.3743716469828717,sad,04,08,08,female,strong,924
100,3.336666666666667,True,1.0,0.5741046398920948,0.6656348672083189,0.6198697535502069,0.6333934693937032,-0.06953703703703706,-0.06921296296296298,0.3795234613496931,0.1333419008975313,0.22199875934208757,0.9786487917906045,0.09153022731622407,0.0003240740740740877,0.052337878893957794,0.48189210108104324,0.11796253960254967,0.1177396153370027,0.0,0.6951957950625649,0.6001884418142257,0.3107393965306911,0.2676215819516597,0.3732097022084608,sad,04,08,08,female,strong,924
110,3.6703333333333332,True,1.0,0.6325691446074746,0.7120440496146472,0.6723065971110609,0.6364335501897055,-0.07101851851851865,-0.06870370370370371,0.37870474098286533,0.13419056043392918,0.2185602027421838,1.0563657382780378,0.07947490500717258,0.002314814814814936,0.05350830048276885,0.48264259538575743,0.11782769604636824,0.11787455965293128,0.0,0.7858384878394605,0.5981613888211536,0.31207222197424506,0.2671847254208391,0.3732223842161909,sad,04,08,08,female,strong,924
0,0.0,True,1.0,0.544415407176672,0.6187359132780849,0.5815756602273785,0.4578130421207265,-0.07412037037037045,-0.0703703703703703,0.4296381023946636,0.06320819240113414,0.20558084784806438,1.270334408852458,0.07432050610141283,0.003750000000000142,0.054744565173607505,0.6063325250124914,0.11828199361808123,0.1174186857154529,0.0,0.700610042393365,0.6265004689532062,0.3074791362448677,0.26395582738177464,0.3672594529162311,sad,04,08,08,female,strong,925
10,0.33366666666666667,True,1.0,0.5380040328105518,0.6138208405010624,0.575912436655807,0.4359047200613988,-0.07379629629629642,-0.07032407407407398,0.4271151858412937,0.05094243411884757,0.2083171696927019,1.3211888060645172,0.07581680769051069,0.003472222222222432,0.056843978646086986,0.6328323772207957,0.11759284959900863,0.11810884595277367,0.0,0.794228973596895,0.624273843287315,0.3080811066445126,0.26733194892792983,0.37486333814121015,sad,04,08,08,female,strong,925
20,0.6673333333333333,True,1.0,0.5208392051560807,0.5644782714166421,0.5426587382863615,0.4072160283011459,-0.08097222222222228,-0.07587962962962969,0.444209153660363,0.024453450045573057,0.21289062500000003,1.332606529635549,0.043639066260561354,0.005092592592592593,0.06660462907683662,0.6503480500523537,0.11571416871817986,0.11995002678897339,0.0,0.7856661512292039,0.6258984170465061,0.30521260531249733,0.26615987544643577,0.3756225063609134,sad,04,08,08,female,strong,925
30,1.0010000000000001,True,1.0,0.3436440925830842,0.35087253512480737,0.3472583138539458,0.6213584328854208,-0.08898148148148144,-0.07935185185185184,0.4412108021243289,0.09709077373524129,0.21190792312926512,0.5588695597827037,0.007228442541723168,0.009629629629629599,0.06924288308935575,0.44421954997916396,0.11529354722322477,0.12035437564787699,0.0,0.7071067807446058,0.6194659340767557,0.3118557759767556,0.2778246864519445,0.3937811131042844,sad,04,08,08,female,strong,925
40,1.3346666666666667,True,1.0,0.5074498692645887,0.5458089668615982,0.5266294180630935,0.5316171963525479,-0.08203703703703702,-0.07337962962962968,0.4405227265477906,0.11080513351512906,0.21725778395395887,0.9906177258303986,0.038359097597009506,0.008657407407407336,0.05767461274647086,0.5518819877022253,0.11570245180760122,0.11996132883056561,0.0,0.910170427271749,0.6260605151357418,0.3083967412401687,0.2762514266496759,0.38404932342833276,sad,04,08,08,female,strong,925
50,1.6683333333333334,True,1.0,0.5510945945215331,0.6078915404027551,0.5794930674621441,0.7295251307306022,-0.08069444444444435,-0.07407407407407396,0.41101602792113257,0.10402911902189005,0.22205099078545246,0.794342844477195,0.05679694588122197,0.0066203703703703876,0.06373329005116017,0.39573089332949896,0.11506384706779656,0.12057399747386,0.0,0.888459605438107,0.6187612640603116,0.309816418900041,0.27801269236910464,0.3753141424040665,sad,04,08,08,female,strong,925
60,2.0020000000000002,True,1.0,0.5788988881342338,0.6239172360162132,0.6014080620752236,0.514553853181436,-0.0772685185185184,-0.07300925925925927,0.4009354612170674,0.07434469180339766,0.22952892916580633,1.1687951773303737,0.04501834788197934,0.004259259259259129,0.04446155471276654,0.5277530586560844,0.11652762382123563,0.11883973561149618,0.0,0.7071067807446058,0.5952799897458984,0.3140055058969847,0.26556495674910235,0.3674711878638055,sad,04,08,08,female,strong,925
70,2.3356666666666666,True,1.0,0.10101035199676543,0.1333025077604295,0.11715642987859748,0.513179533751299,-0.08236111111111105,-0.08143518518518517,0.4376849556343392,0.03124442249881326,0.223289069348834,0.22829521088300986,0.03229215576366408,0.0009259259259258856,0.05841551909712682,0.6283618852679919,0.11779526379986377,0.11742121508834673,0.0,0.8536926189959917,0.5955406326436825,0.3141145948812403,0.2734014240508842,0.3752499701425646,sad,04,08,08,female,strong,925
80,2.6693333333333333,True,1.0,0.5838411830997102,0.6408241144470535,0.6123326487733818,0.6865326213059003,-0.07254629629629622,-0.0683333333333333,0.38131149254868846,0.09791492975730519,0.22551515732127772,0.8919206892290453,0.056982931347343224,0.004212962962962918,0.05120813273203942,0.45843090974472256,0.11513116785857047,0.12003449551484192,0.0,0.798455922529818,0.594172634561637,0.3142559967665163,0.2685819479753634,0.3665160035555802,sad,04,08,08,female,strong,925
90,3.003,True,1.0,0.5919313181610132,0.6596953653757679,0.6258133417683905,0.6285729738925743,-0.07134259259259257,-0.06893518518518521,0.3827363430231308,0.10446875596336792,0.22277086136742102,0.9956096869595042,0.06776404721475471,0.002407407407407358,0.047505497754574015,0.47432729272238894,0.11673571714841555,0.118956084798354,0.0,0.7497032116064414,0.598666748152386,0.3115373067581346,0.2682270472608392,0.36757135235220223,sad,04,08,08,female,strong,925
100,3.336666666666667,True,1.0,0.5450017684109715,0.6242607208264864,0.584631244618729,0.621452266771717,-0.07138888888888884,-0.06986111111111104,0.3788778376284316,0.1268563441824704,0.2198945613328826,0.9407500396703616,0.07925895241551495,0.0015277777777777946,0.04897034750906042,0.48547912967591683,0.11780682318096934,0.11740961774195836,0.0,0.9999999987499999,0.5979654022390206,0.31267749883900686,0.26325333328025846,0.3660871916191336,sad,04,08,08,female,strong,925
110,3.6703333333333332,True,1.0,0.5941154408519163,0.6523562691519782,0.6232358550019472,0.6887967672904562,-0.07087962962962957,-0.06828703703703703,0.3739089960341309,0.15746050867575923,0.21792198890533462,0.9048182055987164,0.05824082830006194,0.0025925925925925353,0.05575204037788098,0.467597368453222,0.11627594526965261,0.11908599592446226,0.0,0.9691602306328688,0.5931853365955757,0.31330419408689847,0.2658749271398427,0.37124381049068256,sad,04,08,08,female,strong,925
0,0.0,True,1.0,0.3860454686944943,0.4201513068530104,0.40309838777375234,0.43268838469592513,-0.07935185185185178,-0.07351851851851848,0.42462627728753494,0.025283276960454678,0.21593206481369065,0.9316136093115432,0.03410583815851609,0.0058333333333333015,0.052440427123456,0.6571377934080349,0.11840714688032015,0.11729247775063735,0.0,0.7548252407121204,0.6065546718843787,0.31112304291181864,0.26451004664454725,0.3686499696290552,sad,04,08,08,female,strong,926
10,0.33366666666666667,True,1.0,0.5327267899633041,0.6078915404027525,0.5703091651830283,0.3862019370445071,-0.06685185185185183,-0.06361111111111112,0.42610076237543404,-0.019145892050700792,0.21540095042604723,1.476712337455998,0.07516475043944837,0.0032407407407407107,0.05951649332024408,0.6980198228781404,0.1169199951266461,0.1186144534242356,0.0,0.702005449855806,0.6037620815279237,0.31211164670052377,0.26733248837646173,0.3742597469327985,sad,04,08,08,female,strong,926
20,0.6673333333333333,True,1.0,0.38309328713526314,0.4280818178562105,0.40558755249573686,0.3672130239453296,-0.07523148148148145,-0.06921296296296298,0.44427907601692485,-0.04854538686762112,0.21457834687212377,1.104502090198523,0.044988530720947384,0.006018518518518479,0.058563394162790404,0.68021573412572,0.11552008977643613,0.11918163844136331,0.0,0.9999999987499999,0.6046437896643031,0.31291320383223586,0.26688280886382193,0.37659472210974165,sad,04,08,08,female,strong,926
30,1.0010000000000001,True,1.0,0.29966947071634065,0.3427019735821255,0.3211857221492331,0.5828907772003908,-0.08157407407407408,-0.07374999999999993,0.4560131558798893,0.04156664063332834,0.2164552923674322,0.5510221377869104,0.04303250286578486,0.00782407407407415,0.06110751851642194,0.49663156954362025,0.11641315966056559,0.11927176542246766,0.0,0.7300906638940355,0.6299290522458983,0.3071806040908837,0.2876736253770387,0.39133102000501546,sad,04,08,08,female,strong,926
40,1.3346666666666667,True,1.0,0.25353187330146426,0.3107124426529722,0.28212215797721824,0.5270043005854367,-0.08277777777777773,-0.0756481481481483,0.4491308249393489,0.01792946471657321,0.21769816165128128,0.5353317945675498,0.05718056935150795,0.00712962962962943,0.06357503564198445,0.5652232248169654,0.11705454184157604,0.11864237018539167,0.0,0.9797901108107341,0.6246981125184449,0.3079906371087205,0.28579361202348846,0.3858634384809421,sad,04,08,08,female,strong,926
50,1.6683333333333334,True,1.0,0.4190410460536268,0.46846635970159833,0.44375370287761257,0.5936830498820458,-0.08060185185185192,-0.07439814814814816,0.45025959323721054,0.035511041211421616,0.2203221491257182,0.7474589395229971,0.049425313647971536,0.006203703703703767,0.07037558746774554,0.4426523567839957,0.11665723992658046,0.11903304642795956,0.0,0.7611183025810282,0.6256228252863645,0.30506658190679703,0.2853148041751555,0.37822717823022134,sad,04,08,08,female,strong,926
60,2.0020000000000002,True,1.0,0.6148085769613928,0.6731759737566803,0.6439922753590366,0.5145239144820105,-0.07486111111111104,-0.06842592592592589,0.4299198310595971,0.006259970631710087,0.22259578671276184,1.251627489477076,0.05836739679528746,0.006435185185185155,0.058362576755163875,0.5474959614052393,0.11479961439697216,0.12082560284513973,0.0,0.9999999987499999,0.6022816571472339,0.31100319692373585,0.2658757590134866,0.3735304638921973,sad,04,08,08,female,strong,926
70,2.3356666666666666,True,1.0,0.5965007602860967,0.6394995492024035,0.6180001547442501,0.6669501551843626,-0.07495370370370374,-0.06819444444444439,0.39509485102805286,0.10863244363760287,0.22002809920933164,0.9266062087854504,0.04299878891630682,0.006759259259259354,0.0478776735999526,0.4520135593778494,0.11753343878396177,0.11816796747320608,0.0,0.7071067807446058,0.6004223883068852,0.3111827620660503,0.2669898743658494,0.3667285285108468,sad,04,08,08,female,strong,926
80,2.6693333333333333,True,1.0,0.5524615916769209,0.5923045778283247,0.5723830847526228,0.6302826391093217,-0.0731018518518518,-0.06958333333333322,0.39953114052922634,0.12038244556930033,0.21779066276925743,0.9081371582144177,0.0398429861514038,0.0035185185185185874,0.054243158532428164,0.48265543064781086,0.1173122679245565,0.11822650132662126,0.0,0.7071067807446058,0.5997676830263355,0.31101939442420073,0.26629173799256406,0.37312883337753977,sad,04,08,08,female,strong,926
90,3.003,True,1.0,0.6062641107735633,0.656350209037398,0.6313071599054807,0.635487506824411,-0.06958333333333327,-0.0658333333333333,0.3866324205822755,0.09644538177755312,0.2150436254593343,0.9934218267486958,0.0500860982638347,0.0037499999999999756,0.051522464747355765,0.4997189870824335,0.11543101090595571,0.11990517751404607,0.0,0.9999999987499999,0.5998884654643107,0.3130091097119766,0.27003317071579647,0.370911877348441,sad,04,08,08,female,strong,926
100,3.336666666666667,True,1.0,0.5576446519710541,0.6106927943248381,0.5841687231479461,0.6312209742090591,-0.06476851851851845,-0.06319444444444455,0.38144561404839733,0.11190277686549165,0.215069523100578,0.9254583529641565,0.05304814235378408,0.0015740740740738945,0.05415931516114972,0.5039893334747635,0.11677229534070181,0.11859932931741593,0.0,0.9999999987499999,0.5953492091445954,0.3133617264979904,0.26922668243921105,0.37176020553780736,sad,04,08,08,female,strong,926
0,0.0,True,1.0,0.5976789583198021,0.6497304484583548,0.6237047033890785,0.603327259236943,-0.06851851851851853,-0.06791666666666663,0.399918245361242,0.16785416529823746,0.20044049391667967,1.0337751093459755,0.0520514901385527,0.0006018518518519089,0.03659812006394175,0.5272903439988228,0.12019054151758993,0.11546432998721637,0.0,0.8117728276570144,0.6322801791732318,0.30989768639439363,0.2730817191410526,0.3776352958014829,sad,04,08,08,female,strong,927
10,0.33366666666666667,True,1.0,0.690498478203248,0.7446415051059366,0.7175699916545923,0.6285729738925747,-0.07041666666666685,-0.06884259259259262,0.40078389050042335,0.16018542581049872,0.20115958887629456,1.141585816537552,0.054143026902688685,0.0015740740740742276,0.03516552560489152,0.47998759853233525,0.11617990883496775,0.11917969062318043,0.0,0.9255134207164273,0.6357916527001426,0.30967001303717984,0.26990201978425876,0.37577403552845057,sad,04,08,08,female,strong,927
20,0.6673333333333333,True,1.0,0.6423724772047503,0.7130731641949956,0.6777228206998729,0.6404566660717252,-0.0719907407407408,-0.06893518518518527,0.4160232286860935,0.11322001278112552,0.2029436336036671,1.058186847920128,0.07070068699024523,0.0030555555555555336,0.0509411254421528,0.4617318175588932,0.11527105888944858,0.12021753950155764,0.0,0.9999999987499999,0.6256199045086784,0.3115158151230483,0.2734235746892331,0.383461243130914,sad,04,08,08,female,strong,927
30,1.0010000000000001,True,1.0,0.6543542473061656,0.7041857246512055,0.6792699859786856,0.5431880636119804,-0.07231481481481478,-0.06916666666666677,0.4299122280405594,0.10323319202480699,0.2059841693463738,1.250524507961047,0.0498314773450399,0.003148148148148011,0.041963271159449,0.5402951148536334,0.11712653115544037,0.118249505595376,0.0,0.9999999987499999,0.6178096474527311,0.3148782680413997,0.2759792874700128,0.377730691362151,sad,04,08,08,female,strong,927
40,1.3346666666666667,True,1.0,0.5843704382611726,0.6498220794209778,0.6170962588410752,0.5265949144555293,-0.06759259259259259,-0.06347222222222215,0.432948042290144,0.07688199377752461,0.2115789572259441,1.171861409788052,0.06545164115980517,0.004120370370370441,0.041844681302977825,0.5474959614052408,0.11771068648658777,0.11782982690498453,0.0,0.835484667121374,0.5969559801107944,0.2832495726778651,0.3006977097489608,0.35460577709624297,sad,04,08,08,female,strong,927
50,1.6683333333333334,True,1.0,0.18165675749933263,0.19463615566933204,0.18814645658433232,0.45673712999385463,-0.08425925925925937,-0.08240740740740743,0.4334026373786944,0.025297201508466517,0.2163336561231399,0.4119359785504275,0.012979398169999407,0.0018518518518519378,0.04830047153787927,0.6148248957691949,0.11710925205937447,0.11858836726710525,0.0,0.8595983342808424,0.569830165198892,0.2879858689437625,0.2763708456321057,0.34278272617713884,sad,04,08,08,female,strong,927
60,2.0020000000000002,True,1.0,0.554390932179288,0.6627841800505744,0.6085875561149312,0.5181227430680847,-0.06430555555555562,-0.06287037037037035,0.4163224404766019,0.03308932604243961,0.21714819194897772,1.174601123492776,0.10839324787128635,0.0014351851851852615,0.05115054822475481,0.594860370370025,0.1167944351203975,0.11889843436296563,0.0,0.7424630021690468,0.5892396275150686,0.32031887323702624,0.26758768428364765,0.3615478292565626,sad,04,08,08,female,strong,927
70,2.3356666666666666,True,1.0,0.5666630632671286,0.6630040595415926,0.6148335614043605,0.778252716310642,-0.06847222222222227,-0.06810185185185191,0.3500394458708241,0.15865990611377645,0.22183752033576964,0.7900178804630703,0.09634099627446402,0.00037037037037035425,0.03964972072720468,0.3871142679173373,0.1165859738550905,0.11910284828383688,0.0,0.7223100353569508,0.5897768420805822,0.31994192287366435,0.26706286637941073,0.36228852913966286,sad,04,08,08,female,strong,927
80,2.6693333333333333,True,1.0,0.5760984417916919,0.671245094396367,0.6236717680940295,0.6790571007127946,-0.0665277777777778,-0.06449074074074079,0.37938637049486323,0.0793732286233634,0.21904312113375216,0.9184378860619702,0.09514665260467514,0.002037037037037004,0.0526965641631338,0.4705606350098668,0.11545453808538886,0.11988252378468908,0.0,0.9999999987499999,0.5884341200620873,0.318690582779541,0.2677128482331577,0.36644498425259725,sad,04,08,08,female,strong,927
90,3.003,True,1.0,0.6289281995631896,0.7056505972357071,0.6672893983994483,0.6714124453910333,-0.06898148148148148,-0.06638888888888883,0.37696523045183256,0.1312750010381205,0.2176767826963162,0.9938591442266405,0.07672239767251754,0.0025925925925926463,0.052393552305925836,0.4844391523654581,0.11656346156479963,0.1186441121768583,0.0,0.7488022360742042,0.5931596911420818,0.3176048863898226,0.27077274025922315,0.3731287887010192,sad,04,08,08,female,strong,927
100,3.336666666666667,True,1.0,0.6085253296260593,0.693075853898253,0.6508005917621562,0.6670415612572008,-0.0702314814814815,-0.06842592592592589,0.37543642244242276,0.18077538151554606,0.21365772873506195,0.9756522375240988,0.08455052427219367,0.0018055555555556158,0.045275166038434726,0.4759382595917448,0.11755536930194192,0.11782319390659814,0.0,0.72353628590976,0.5950708092221264,0.3157342638893387,0.2642173411748143,0.3702558854529536,sad,04,08,08,female,strong,927
110,3.6703333333333332,True,1.0,0.5788988881342314,0.6776002243498718,0.6282495562420516,0.6841311511520952,-0.06773148148148139,-0.06680555555555556,0.3771924620012236,0.203419861913202,0.21083539838621412,0.9183174237630642,0.09870133621564037,0.0009259259259258301,0.04146851026469018,0.4662299753160032,0.11691124109524609,0.11862308176313685,0.0,0.8343326685863159,0.5965095377369698,0.3164393182838605,0.26178414664290256,0.36834852220616143,sad,04,08,08,female,strong,927
0,0.0,True,1.0,0.5765549721552147,0.5711613869529942,0.5738581795541045,0.5483412966657282,-0.0765277777777778,-0.07833333333333337,0.369133247667473,0.24441762368021502,0.1965281659868688,1.0465346729191025,0.005393585202220441,0.0018055555555555602,0.007458391317571453,0.5014574468715709,0.12366761172623056,0.11173226740692865,0.0,0.6942231377761191,0.6164577893422994,0.2728403831312098,0.2825718057586079,0.3503151395478104,angry,05,08,08,female,normal,928
10,0.33366666666666667,True,1.0,0.5920718838009528,0.6019239804591229,0.5969979321300378,0.5120787396999665,-0.07814814814814819,-0.07972222222222214,0.36315478968980214,0.24094525840130626,0.19722260906438244,1.1658322946190396,0.009852096658170106,0.00157407407407395,0.007861537475485783,0.5458811814876826,0.12190038954240746,0.11332195243590298,0.0,0.7878255716387609,0.6191905611541492,0.2713827632775632,0.2811421328045119,0.3519370001761757,angry,05,08,08,female,normal,928
20,0.6673333333333333,True,1.0,0.5867877129598417,0.5994204393859879,0.5931040761729147,0.6338003444875747,-0.07634259259259263,-0.07907407407407413,0.3516772047858286,0.28595617148272995,0.19791820860144962,0.9357900817369186,0.012632726426146212,0.0027314814814815014,0.006005851198924897,0.4389830783895631,0.12105553156834693,0.11439069935272272,0.0,0.8653789454732196,0.618487114955357,0.2723456289545251,0.2793392141986881,0.3464368456467891,angry,05,08,08,female,normal,928
30,1.0010000000000001,True,1.0,0.6319338731889864,0.5905033907642677,0.6112186319766271,0.8269355491960839,-0.06435185185185188,-0.06564814814814823,0.4102340105522785,0.18653555493238086,0.2030725389281964,0.7391369648708792,0.041430482424718695,0.001296296296296351,0.041989372304197914,0.32667496644264693,0.11431014925828013,0.12113159620012162,0.0,0.9999999987499999,0.6471793929681248,0.2942289714376862,0.2683320470431059,0.38266399418983077,angry,05,08,08,female,normal,928
40,1.3346666666666667,True,1.0,0.5404049640230832,0.5670506535305977,0.5537278087768405,0.8667371866270075,-0.06231481481481482,-0.06574074074074071,0.3772011015543589,0.2382585118471946,0.2145847555070186,0.638864718533338,0.026645689507514447,0.003425925925925888,0.012974849226659346,0.33777770473613167,0.11974386864939063,0.11543340871493635,0.0,0.7582936650561395,0.5863940866268382,0.27830815411549975,0.28467521224759823,0.3405981604719487,angry,05,08,08,female,normal,928
50,1.6683333333333334,True,1.0,0.6272978798727498,0.6062275723839827,0.6167627261283662,0.8184146197324,-0.05703703703703722,-0.06064814814814823,0.3828722363100487,0.11991751764569111,0.21180591576272875,0.7536066820629761,0.021070307488767037,0.0036111111111110095,0.03461606779427637,0.3393758201351745,0.12205590248890451,0.11349067995676368,0.0,0.8759056391167808,0.5388808650335133,0.2856972197560022,0.26634327517339496,0.35781827609344735,angry,05,08,08,female,normal,928
60,2.0020000000000002,True,1.0,0.6152575012363638,0.6058957618915107,0.6105766315639373,0.7465902836727593,-0.058101851851852016,-0.0587037037037037,0.3822509284507076,0.08612487943103632,0.21523973135601632,0.8178202220370194,0.00936173934485307,0.0006018518518516869,0.02485669963935349,0.3721987560879194,0.12064199097472342,0.11466071641166785,0.0,0.9999999987499999,0.5471254263502277,0.28043499452618387,0.2274756669398493,0.3042094376721295,angry,05,08,08,female,normal,928
70,2.3356666666666666,True,1.0,0.6635618254438063,0.6865403710571316,0.6750510982504689,0.9674149244116869,-0.06305555555555553,-0.062962962962963,0.30260690507436433,0.19702325097740364,0.2189678741999397,0.6977885922743926,0.022978545613325352,9.259259259253305e-05,0.010718786685331421,0.2921905623220984,0.11508970132770878,0.12039117272319796,0.0,0.8071137356695461,0.5766961706479466,0.3133358523629837,0.23394279254538,0.33261494374415024,angry,05,08,08,female,normal,928
80,2.6693333333333333,True,1.0,0.6598441887878242,0.7302719404285106,0.6950580646081674,0.7808661056926008,-0.07171296296296298,-0.06555555555555564,0.3580319853321762,0.3161261345083421,0.20184112167743432,0.890111709986023,0.07042775164068638,0.006157407407407334,0.06711384797859206,0.3774259498706991,0.1148047099285604,0.12082076124186251,0.0,0.9598523646461896,0.6304538669530313,0.29939613346139216,0.2505526187344007,0.35616619619046586,angry,05,08,08,female,normal,928
90,3.003,True,1.0,0.6210257215208896,0.6859437563244704,0.65348473892268,0.6947458722457087,-0.06916666666666665,-0.06458333333333327,0.3616326704773123,0.28693346233163897,0.20184112167743432,0.9406097467126282,0.06491803480358072,0.004583333333333384,0.06186837715016859,0.41317671356895175,0.11902016974063426,0.11667037740689207,0.0,0.7527092860686275,0.62902851625025,0.3014882043006595,0.2581919614783025,0.3687600324490189,angry,05,08,08,female,normal,928
100,3.336666666666667,True,1.0,0.6343900234951256,0.6895469221278706,0.6619684728114981,0.6982845992417775,-0.07064814814814813,-0.06527777777777777,0.36448839814736617,0.2743659077149378,0.20215458205644724,0.9479923709190883,0.05515689863274498,0.005370370370370359,0.05314395742325341,0.40829324695655456,0.11814546396641772,0.11739388044425297,0.0,0.7973924116534187,0.6298340555440928,0.3016005346634341,0.2596903958999646,0.36994115694546154,angry,05,08,08,female,normal,928
110,3.6703333333333332,True,1.0,0.2984425753943704,0.2940806631854192,0.2962616192898948,0.7032518279615938,-0.08625,-0.07944444444444437,0.356757016241804,0.2613815156151803,0.2068410092921614,0.4212738701989899,0.004361912208951213,0.00680555555555562,0.05453276025956918,0.41497732228434786,0.11704016684938794,0.11865655107510825,0.0,0.9999999987499999,0.6280117839557698,0.30236310707557695,0.2621519776321159,0.37176033963102684,angry,05,08,08,female,normal,928
0,0.0,True,1.0,0.6239050072920714,0.5878996560268946,0.605902331659483,0.47154152283098166,-0.07305555555555565,-0.07777777777777783,0.3571268758542882,0.19693437989214946,0.20157216352205912,1.2849395065398332,0.03600535126517679,0.004722222222222183,0.04350822001043227,0.6040790064979692,0.11831317736887141,0.11738726434388355,0.0,0.8751177254884226,0.6331289876263007,0.30291160260596917,0.2568165428158339,0.37388362083730653,angry,05,08,08,female,normal,929
10,0.33366666666666667,True,1.0,0.6078915404027531,0.6065249264642606,0.6072082334335068,0.4756209405774617,-0.07231481481481489,-0.07657407407407402,0.36566794439384864,0.1998820488700728,0.20367047947650632,1.276664212253317,0.001366613938492467,0.004259259259259129,0.03707867430973921,0.6160260795649893,0.1185928321742187,0.11710473058707124,0.0,0.9410627207333676,0.6322878929071628,0.3025547563319203,0.2592132263816094,0.37359724415141127,angry,05,08,08,female,normal,929
20,0.6673333333333333,True,1.0,0.4826571087435201,0.47391819626853754,0.4782876525060288,0.4756209405774633,-0.07680555555555552,-0.08087962962962963,0.3628322722202371,0.1850759711759936,0.20573511843828599,1.005606800922869,0.008738912474982541,0.004074074074074119,0.039147982211861325,0.6026413550831903,0.11786235160296633,0.11783990768643443,0.0,0.8239952469883712,0.6330472775672769,0.3021567034216524,0.25978553835752677,0.375224796072571,angry,05,08,08,female,normal,929
30,1.0010000000000001,True,1.0,0.7586824887598738,0.6594270511148156,0.7090547699373446,1.2978874764453905,-0.08430555555555552,-0.08629629629629632,0.35386408774544575,0.4675931772411423,0.22161592638427532,0.5463145170945631,0.09925543764505818,0.001990740740740793,0.03335277400672775,0.2185269111406696,0.11378355298627724,0.12178292507126386,0.0,0.7006465926019857,0.6553007751928898,0.2914752754082665,0.2842344207107405,0.39995160378071654,angry,05,08,08,female,normal,929
40,1.3346666666666667,True,1.0,0.5361466704005192,0.5359970314092769,0.5360718509048981,0.9272464110556349,-0.08111111111111108,-0.08171296296296304,0.3788398020895074,0.3440052654270123,0.21806815098199114,0.5781331095092626,0.00014963899124231794,0.0006018518518519644,0.023929359824439438,0.3240296267181008,0.11557297395139467,0.1199273176283493,0.0,0.8203763890128916,0.6216136560092788,0.30502868795942395,0.2688924771007358,0.3714793505035269,angry,05,08,08,female,normal,929
50,1.6683333333333334,True,1.0,0.5826313488181457,0.5696794383283114,0.5761553935732285,1.0084809221269218,-0.07842592592592595,-0.08111111111111108,0.36713708388022653,0.3599858438350313,0.20908945271398002,0.5713101566245761,0.01295191048983435,0.002685185185185124,0.029980545169464756,0.30653259679377365,0.11650071992278985,0.11918624092648164,0.0,0.9999999987499999,0.6260724787102342,0.30216926720368703,0.2758960470445757,0.38700126073063756,angry,05,08,08,female,normal,929
60,2.0020000000000002,True,1.0,0.6564599357888748,0.544239564776598,0.6003497502827364,0.6182276665073595,-0.06342592592592589,-0.06643518518518521,0.38228818521023195,0.10959932487023775,0.21967934270566591,0.9710819861465869,0.11222037101227689,0.0030092592592593226,0.060281604386763984,0.4536374027462485,0.11466781613585741,0.12000185842713172,0.0,0.9999999987499999,0.579942377873024,0.31379184409625366,0.25317290859405733,0.349251089243506,angry,05,08,08,female,normal,929
70,2.3356666666666666,True,1.0,0.6583526330608988,0.5935888536851165,0.6259707433730076,0.9444582675979084,-0.06527777777777788,-0.06870370370370377,0.31815561542745807,0.28118806051100115,0.21675679215296678,0.6627828511312339,0.06476377937578226,0.003425925925925888,0.04734756984944467,0.3171773045215159,0.11705542968881638,0.11864149421397083,0.0,0.8146992859020269,0.5858312669911716,0.3117334323989542,0.25266098711660606,0.3500804262848299,angry,05,08,08,female,normal,929
80,2.6693333333333333,True,1.0,0.6020923781395164,0.5927296205501745,0.5974109993448455,0.7865176050693372,-0.07939814814814816,-0.07509259259259266,0.34783702245141185,0.3468032674551304,0.20081913706915308,0.7595646880557485,0.009362757589341908,0.004305555555555507,0.025287041924333467,0.35761385073723667,0.11293673349751282,0.12241310406843918,0.0,0.9999999987499999,0.6284924620551344,0.2979560824715945,0.24267157302679132,0.3570630489275655,angry,05,08,08,female,normal,929
90,3.003,True,1.0,0.6445175734463823,0.6128665729408336,0.6286920731936079,0.7002118673619055,-0.0815277777777777,-0.07837962962962974,0.35786705202247227,0.3346588248249121,0.19908112322067537,0.8978597800152214,0.0316510005055487,0.0031481481481479556,0.018528472681954195,0.4084939520293298,0.11571214431236881,0.1199519796723614,0.0,0.9999999987499999,0.6299494315851341,0.3014016937493304,0.2571637410440011,0.37369898016186576,angry,05,08,08,female,normal,929
100,3.336666666666667,True,1.0,0.5480564239683897,0.5398394387618309,0.5439479313651103,0.629556894882374,-0.07939814814814822,-0.07694444444444448,0.35783759726239417,0.30684113601004703,0.19761795196355922,0.8640171139206428,0.00821698520655878,0.0024537037037037357,0.019998622494658693,0.4582306119730567,0.11846137487991588,0.11723770908158102,0.0,0.9999999987499999,0.6250826636982919,0.3027526450877525,0.2579433504583431,0.3749948201814387,angry,05,08,08,female,normal,929
0,0.0,True,1.0,0.7015205131350233,0.6379609536614747,0.669740733398249,0.4937373794517217,-0.0671296296296296,-0.07134259259259262,0.351278976166638,0.1613854447061481,0.2106254121327982,1.3564716006350845,0.06355955947354863,0.004212962962963029,0.041227506804939966,0.5637881954578865,0.12113096419629506,0.114477365808931,0.0,0.8269365430409366,0.6276937166038289,0.304723675479798,0.26297103695382607,0.3707109937773282,angry,05,08,08,female,normal,930
10,0.33366666666666667,True,1.0,0.6869725134541099,0.6556226220997393,0.6712975677769246,0.5125125108382597,-0.06490740740740741,-0.06995370370370368,0.3496083362444578,0.1702204082126584,0.20991457664480515,1.3098169382810927,0.03134989135437061,0.005046296296296271,0.04263380032669668,0.5468288169077515,0.12225167628416447,0.11311145595185239,0.0,0.9999999987499999,0.5965319671853118,0.2759796561597072,0.27875370403358296,0.33957174839576415,angry,05,08,08,female,normal,930
20,0.6673333333333333,True,1.0,0.6872871978201194,0.6406010984130083,0.6639441481165638,0.5189665063606032,-0.06500000000000011,-0.06981481481481472,0.3542101673267342,0.16732941241245666,0.21062541213279823,1.2793583785833438,0.046686099407111104,0.004814814814814605,0.04057205106144703,0.5511575592081708,0.12285351047680113,0.11262678514931387,0.0,0.9999999987499999,0.5992217445415666,0.2756898430137002,0.2795527804205242,0.34242002913816005,angry,05,08,08,female,normal,930
30,1.0010000000000001,True,1.0,0.6884781635478177,0.5996774400006918,0.6440778017742548,0.9400389428434891,-0.06717592592592597,-0.07226851851851862,0.35652991248176347,0.3121047438453538,0.21980016878412734,0.6851607656019096,0.08880072354712587,0.0050925925925926485,0.05884761238985578,0.32634118432803433,0.11582932104324603,0.11952045122129373,0.0,0.9999999987499999,0.5881553657947555,0.3169837678277922,0.2592718639474001,0.36740904078273556,angry,05,08,08,female,normal,930
40,1.3346666666666667,True,1.0,0.6281786757718159,0.5785913614570974,0.6033850186144567,0.8626102407420987,-0.06990740740740736,-0.07407407407407396,0.36943166247987574,0.2870829314367851,0.21966162985185075,0.6994874279435496,0.04958731431471841,0.004166666666666596,0.04804717966710225,0.34792293085255377,0.11797667748348571,0.11756350365433618,0.0,0.9072799226461034,0.5842364260000875,0.3158062538807588,0.26303492622687447,0.36129879051832214,angry,05,08,08,female,normal,930
50,1.6683333333333334,True,1.0,0.665634867208318,0.6329870309593137,0.6493109490838158,0.8188469171707311,-0.06486111111111115,-0.06814814814814829,0.37705172980287055,0.09161235662981246,0.21480543376759595,0.7929576767868972,0.03264783624900425,0.0032870370370371438,0.04275680424438106,0.3332098679649916,0.12085245153741207,0.11477134976505411,0.0,0.8598518677997062,0.5810196634982118,0.3154954737397368,0.2745994864722478,0.38352936481927513,angry,05,08,08,female,normal,930
60,2.0020000000000002,True,1.0,0.658674608709181,0.5708382597478617,0.6147564342285214,0.5878764951154886,-0.06250000000000011,-0.06675925925925907,0.3711071845013575,0.0715241700320284,0.2204505829041898,1.0457237860951598,0.08783634896131931,0.004259259259258963,0.04399522853108751,0.4845870433565473,0.11923046641776043,0.11645545778100617,0.0,0.8091895430282061,0.5729789938631703,0.3145064482290736,0.25481820971306235,0.34743802643295113,angry,05,08,08,female,normal,930
70,2.3356666666666666,True,1.0,0.7357331937452583,0.6399526651463096,0.687842929445784,0.9023380051370801,-0.06388888888888877,-0.06939814814814815,0.33090463814263943,0.2682835872855076,0.21454741154320434,0.7622896581212816,0.0957805285989487,0.00550925925925938,0.0648187804132576,0.3224893614352143,0.11521687777249921,0.12042777439114029,0.0,0.9999999987499999,0.5883771449282839,0.3135775348388976,0.2531394312564189,0.3523903060020648,angry,05,08,08,female,normal,930
80,2.6693333333333333,True,1.0,0.7189568535397021,0.6610440336924422,0.6900004436160722,0.6232113302021557,-0.06800925925925932,-0.0727314814814814,0.35326601988219253,0.22695991881609887,0.20551700631515032,1.1071692862070586,0.05791281984725982,0.004722222222222072,0.05945490449460393,0.4667333256121361,0.11794533275712195,0.11710790092752654,0.0,0.9999999987499999,0.6331972391612896,0.30144411788330633,0.257240338014374,0.36959387289097373,angry,05,08,08,female,normal,930
90,3.003,True,1.0,0.7015205131350233,0.6381809795112487,0.669850746323136,0.5977675698630054,-0.06527777777777782,-0.07194444444444442,0.34111380793892004,0.18776341052638112,0.20825563239238684,1.1205872986328957,0.06333953362377454,0.006666666666666599,0.060059028416577495,0.4826550201325543,0.11940824801201969,0.11627316146036355,0.0,0.8669089636736398,0.6302660473564426,0.30330011541608665,0.26228251554480314,0.3690076906778256,angry,05,08,08,female,normal,930
100,3.336666666666667,True,1.0,0.21993506158252943,0.22374113648108113,0.2218380990318053,0.6177732092172643,-0.08333333333333331,-0.08990740740740727,0.34442948124707395,0.2074955717650477,0.20915949921347504,0.35909310362111735,0.003806074898551698,0.0065740740740739545,0.056480353418298095,0.4540128140171975,0.11632739713548476,0.11935541229697998,0.0,0.8785332237293134,0.630717212822629,0.301671186074476,0.2606268029088765,0.37312018807297037,angry,05,08,08,female,normal,930
0,0.0,True,1.0,0.6361391675512258,0.6259141739298535,0.6310266707405396,0.4906500562579309,-0.06837962962962962,-0.07268518518518513,0.36608597585821534,0.17800493088793332,0.20632248962864547,1.286103329026857,0.010224993621372302,0.004305555555555507,0.04133216890570335,0.5684790061758902,0.1217424253461867,0.11382688452293045,0.0,0.9999999987499999,0.6073455596379177,0.275319528945535,0.27715053609797513,0.34320016032376616,angry,05,08,08,female,normal,931
10,0.33366666666666667,True,1.0,0.6321885881371679,0.5730828528312544,0.6026357204842112,0.49216855332145576,-0.06814814814814807,-0.07004629629629638,0.3664453747034868,0.1785558326179928,0.20771089380572907,1.2244498686827006,0.059105735305913565,0.0018981481481483153,0.03356567099594868,0.581356056409906,0.12212491937119471,0.11324830193188068,0.0,0.9999999987499999,0.6067796790903862,0.27473568030705586,0.27999367178455314,0.34382474213474024,angry,05,08,08,female,normal,931
20,0.6673333333333333,True,1.0,0.5612676140380454,0.5288162177040169,0.5450419158710311,0.5709045902746006,-0.0718981481481481,-0.07712962962962966,0.3647530381447301,0.15731964668342563,0.20499550988788673,0.954698780069136,0.03245139633402849,0.005231481481481559,0.032705954528134525,0.5026022642696254,0.11664957680314184,0.11872003245163604,0.0,0.9373982408047009,0.636281924246261,0.30334717238133546,0.2617926469328018,0.3734267818557494,angry,05,08,08,female,normal,931
30,1.0010000000000001,True,1.0,0.7266445397433102,0.6270863115998434,0.6768654256715768,1.107228019582526,-0.06828703703703692,-0.06967592592592575,0.34520206824097277,0.38164070689027263,0.22295807545936389,0.6113152970304934,0.09955822814346682,0.0013888888888888284,0.05011945388373513,0.2784015068825806,0.11677343028467324,0.11891906385710137,0.0,0.8940116283155303,0.5915618402517256,0.3144089646518172,0.26243242649303206,0.36964633674240677,angry,05,08,08,female,normal,931
40,1.3346666666666667,True,1.0,0.18712268232495682,0.17604301867790476,0.1815828505014308,0.9269868027934592,-0.08898148148148155,-0.09064814814814809,0.3549429492935643,0.2761919944456884,0.22434670799423834,0.19588504383690675,0.011079663647052068,0.0016666666666665386,0.040296154647664575,0.3367333203952617,0.11780505260051223,0.11773548064833246,0.0,0.937924819309975,0.586988971494848,0.3129842378887363,0.26287584771672934,0.36300751771577205,angry,05,08,08,female,normal,931
50,1.6683333333333334,True,1.0,0.15004733685147456,0.13924681752929943,0.144647077190387,1.0162777520942088,-0.08356481481481481,-0.08490740740740743,0.380653516555085,0.16693550622884296,0.20835127689653937,0.14233026049455252,0.010800519322175128,0.0013425925925926174,0.030631421924749835,0.27087884940025664,0.1192941529013228,0.11589810615387028,0.0,0.8350730830041427,0.574323498500963,0.31582124698777203,0.270434117493756,0.3820888094054456,angry,05,08,08,female,normal,931
60,2.0020000000000002,True,1.0,0.4137718924205698,0.3943713560765383,0.40407162424855403,0.6914229513197632,-0.06657407407407401,-0.07000000000000006,0.3633267192022721,0.1101364334091813,0.22094524115190523,0.5844058596511393,0.019400536344031494,0.0034259259259260544,0.045645124333931135,0.4584246258098684,0.11910228735848691,0.11560189976737154,0.0,0.9999999987499999,0.5278313838425995,0.2810023334768062,0.25041175236090457,0.31150438892356896,angry,05,08,08,female,normal,931
70,2.3356666666666666,True,1.0,0.812062188682806,0.7137877167095287,0.7629249526961673,1.0243217525894126,-0.06768518518518513,-0.07430555555555557,0.3278925749270911,0.3749469405180599,0.21066163159240364,0.7448098712807253,0.09827447197327732,0.006620370370370443,0.0670102704317602,0.270134252677599,0.11771128313623141,0.11799081147127562,0.0,0.7416855104805354,0.590441782361382,0.3119948585822695,0.25987472259004696,0.3656658299275437,angry,05,08,08,female,normal,931
80,2.6693333333333333,True,1.0,0.7021348480704467,0.7217889910876674,0.711961919579057,0.7574527051556008,-0.07078703703703704,-0.06828703703703703,0.34741321640089323,0.2760788151871166,0.203012794158729,0.9399424079326526,0.019654143017220682,0.0025000000000000022,0.022002729012404965,0.37547514469076804,0.11877857447906408,0.1169163291156783,0.0,0.7272376951031856,0.6101350585937501,0.2754305133157667,0.2708485516330699,0.33848129930928944,angry,05,08,08,female,normal,931
90,3.003,True,1.0,0.6691464143079493,0.6832927660490347,0.676219590178492,0.7174065543098461,-0.07425925925925919,-0.07152777777777769,0.35077257498163034,0.3037548483412379,0.20164482136163012,0.9425890885942957,0.014146351741085361,0.0027314814814815014,0.022262931367897087,0.42034234381801755,0.1169183180445868,0.11877661670030079,0.0,0.8269868019006696,0.6332616042276286,0.30225356305380763,0.26130237135992895,0.3684629001963849,angry,05,08,08,female,normal,931
100,3.336666666666667,True,1.0,0.7054227391727638,0.7002514212551662,0.702837080213965,0.7112903688115321,-0.07458333333333339,-0.07157407407407396,0.3470749690695001,0.3002287933219859,0.20016815745708808,0.9881155587531835,0.005171317917597618,0.0030092592592594336,0.022862840530580738,0.4147578132051472,0.11699330033087178,0.11789752206516019,0.0,0.9999999987499999,0.6376178811055672,0.302978289091438,0.26428480678115046,0.37498443961517247,angry,05,08,08,female,normal,931
0,0.0,True,1.0,0.6712382505557318,0.6447789931280217,0.6580086218418768,0.4709171011853398,-0.06703703703703706,-0.06925925925925924,0.3617424869028605,0.14393468282797126,0.20909930442083868,1.3972918379596135,0.02645925742771016,0.002222222222222181,0.02853182588106008,0.6006758232631875,0.12016520244106049,0.11549070045360477,0.0,0.9999999987499999,0.598215316767332,0.2757810123767911,0.2687463439704336,0.3351836755539753,angry,05,08,08,female,strong,932
10,0.33366666666666667,True,1.0,0.543716193988257,0.51784637968104,0.5307812868346484,0.4674238747800759,-0.07157407407407412,-0.07361111111111113,0.36379039090882936,0.16542493179837825,0.20766864904976146,1.1355459476356067,0.02586981430721702,0.002037037037037004,0.02826528444847527,0.634231015517363,0.11640399811270578,0.11880056881063181,0.0,0.880079077543224,0.6283859446200356,0.30486516253198426,0.2530169715186282,0.36571298400136465,angry,05,08,08,female,strong,932
20,0.6673333333333333,True,1.0,0.6631163146322915,0.6051913752117956,0.6341538449220435,0.49404796794730305,-0.06490740740740736,-0.06851851851851853,0.35785917724620275,0.16972413508730236,0.20558561729579647,1.283587598906357,0.057924939420495924,0.003611111111111176,0.029495074441925524,0.5830751948692512,0.12197805615073803,0.11357434387655406,0.0,0.8972459733820284,0.6021061101393682,0.2751089242514609,0.2732280890886785,0.34467849311106685,angry,05,08,08,female,strong,932
30,1.0010000000000001,True,1.0,0.7490654888802467,0.6810836462021318,0.7150745675411893,0.9825982424826751,-0.0717592592592593,-0.07384259259259263,0.4510889552129634,0.4012762987184341,0.1917339262223218,0.7277384963914153,0.06798184267811491,0.002083333333333326,0.03173439988747031,0.29886334771659195,0.10847286095822209,0.12608371965013718,0.0,0.9999999987499999,0.6550351100283865,0.29370259260295817,0.25574512531504084,0.39227590835271564,angry,05,08,08,female,strong,932
40,1.3346666666666667,True,1.0,0.6128621232523541,0.6308608462468803,0.6218614847496172,1.5821704258212912,-0.0834259259259259,-0.0859259259259259,0.3224227158727027,0.6971972475735569,0.1958333333333333,0.3930432996349393,0.017998722994526206,0.0025000000000000022,0.02398606540191197,0.18168686774415702,0.11128016433987961,0.12330443242268385,0.0,0.9999999987499999,0.6183957416951156,0.3101891455182567,0.2630564649762053,0.37742511400601414,angry,05,08,08,female,strong,932
50,1.6683333333333334,True,1.0,0.6646152895819267,0.6146591430584178,0.6396372163201722,1.233493157353697,-0.07421296296296298,-0.07601851851851843,0.2922250084959695,0.33109463555062546,0.23972372613255608,0.5185575716467149,0.04995614652350888,0.0018055555555554492,0.04657776745572067,0.2284349613829179,0.11199505666586673,0.12342967654022918,0.0,0.9999999987499999,0.5662088411927272,0.3180813669460173,0.21286280078775047,0.3042606087219875,angry,05,08,08,female,strong,932
60,2.0020000000000002,True,1.0,0.2487342381717429,0.2431244254540241,0.2459293318128835,0.8727369657123236,-0.08337962962962964,-0.09060185185185188,0.43071708768041567,0.2580039490702594,0.20905734022477335,0.2817908963122207,0.005609812717718793,0.007222222222222241,0.03129643039898899,0.3258794828741705,0.11550155544275909,0.12015476877350566,0.0,0.9999999987499999,0.575016084902711,0.31673214103802283,0.2732913989844007,0.3815762986456185,angry,05,08,08,female,strong,932
70,2.3356666666666666,True,1.0,0.32779663686474475,0.3138403120005524,0.32081847443264855,0.7841849180780589,-0.08333333333333348,-0.0860185185185185,0.38461932347024985,0.25894354836790934,0.2180726991516421,0.40911074293412236,0.013956324864192349,0.002685185185185013,0.019505162174075892,0.39318722716819243,0.1169110461172066,0.11878377441713149,0.0,0.872987748847082,0.5748435061680923,0.31799892633301313,0.2612680620920888,0.3563820597587487,angry,05,08,08,female,strong,932
80,2.6693333333333333,True,1.0,0.2866736042085208,0.2729751322749437,0.27982436824173224,1.076031890252194,-0.09939814814814818,-0.09310185185185182,0.32972217738016785,0.423645244039736,0.1998010469981542,0.26005211441841997,0.013698471933577094,0.006296296296296355,0.03951341199304228,0.2679304531371944,0.11314052990180878,0.12112871947472502,0.0,0.9999999987499999,0.6239066301676921,0.30715415791505835,0.2573937605644162,0.35298583161829017,angry,05,08,08,female,strong,932
90,3.003,True,1.0,0.6348889558549559,0.6327054601693914,0.6337972080121737,0.8370017747803685,-0.08263888888888893,-0.07430555555555546,0.3506006686707235,0.402756427635595,0.19711736001659586,0.7572232546083713,0.0021834956855644183,0.00833333333333347,0.05445337252875767,0.3348186845656556,0.11449082901800935,0.12096083619149345,0.0,0.7071067807446058,0.6288812679603091,0.2997654573570658,0.25943051088391567,0.3617373792976236,angry,05,08,08,female,strong,932
100,3.336666666666667,True,1.0,0.3637436886049101,0.3520038981232234,0.3578737933640668,0.724656901116155,-0.09037037037037032,-0.08407407407407413,0.36079418879040825,0.339586148356285,0.19790343599173332,0.49385273611946645,0.011739790481686663,0.006296296296296189,0.053846141364016935,0.38688538965441893,0.11790069123421937,0.11747764417303135,0.0,0.9999999987499999,0.6238090317924044,0.30154094089621625,0.2612442594440012,0.36556996523643487,angry,05,08,08,female,strong,932
110,3.6703333333333332,True,1.0,0.2201613719578825,0.24661891351937618,0.23339014273862935,0.68957419489338,-0.09689814814814818,-0.09412037037037041,0.360093231384843,0.3141393554514288,0.20152560332726183,0.3384554475312341,0.026457541561493686,0.002777777777777768,0.02490554570669168,0.41309814470715495,0.11487797828712565,0.11852161240764401,0.0,0.7965606421565088,0.6205022680478441,0.305754900141485,0.26074213910792493,0.3665372203754121,angry,05,08,08,female,strong,932
0,0.0,True,1.0,0.6218724031026035,0.5977102595657011,0.6097913313341523,0.44805809305602007,-0.06152777777777785,-0.060833333333333295,0.3575117391553343,0.10452851584119452,0.21736427009624287,1.3609648855464618,0.02416214353690238,0.000694444444444553,0.002407334141555107,0.6382586808173785,0.12010236567283937,0.11555604497044912,0.0,0.7038759752773605,0.5980749455094538,0.30952919471563145,0.2568846465004116,0.3498844378451932,angry,05,08,08,female,strong,933
10,0.33366666666666667,True,1.0,0.6721141916853247,0.6259783516183468,0.6490462716518357,0.4440061362072035,-0.06356481481481485,-0.06212962962962959,0.3606698409982744,0.11100153405180058,0.21736672705293877,1.4617957247080624,0.04613584006697791,0.0014351851851852615,0.006112969881549101,0.6570960155191262,0.11945589331121485,0.11622421142927587,0.0,0.8936737045063782,0.59545471514387,0.3101241000523414,0.2572253219585141,0.35211983685277315,angry,05,08,08,female,strong,933
20,0.6673333333333333,True,1.0,0.6407491742773266,0.6510342848654292,0.645891729571378,0.6066677756992944,-0.062268518518518445,-0.06375000000000003,0.35468539510042035,0.15166694392482422,0.21461213051359673,1.0646547508261353,0.010285110588102664,0.0014814814814815835,0.009958892562146873,0.492822011639344,0.11848776577551445,0.11721103672724692,0.0,0.9884729192242852,0.6013685273562549,0.3080907606175241,0.25432088301960776,0.35236617135248316,angry,05,08,08,female,strong,933
30,1.0010000000000001,True,1.0,0.30101627348674936,0.36604379329034614,0.33353003338854775,0.7022098647976025,-0.06791666666666663,-0.07958333333333334,0.476019894636197,0.2026698070999704,0.18682133175877047,0.4749720135086409,0.06502751980359678,0.011666666666666714,0.03613536710330744,0.3782860354105531,0.1165402847581433,0.11898754493864253,0.0,0.7071067807446058,0.5681405942611419,0.31214609171846974,0.2066018757944564,0.2912279205869799,angry,05,08,08,female,strong,933
40,1.3346666666666667,True,1.0,0.674449446123218,0.6035193140912094,0.6389843801072137,1.1063308076526084,-0.0728240740740741,-0.07643518518518527,0.345432719123477,0.42548496441633016,0.2208830771411905,0.577570809460688,0.0709301320320086,0.003611111111111176,0.040867746711473175,0.289703197543826,0.11417226180230156,0.12063147460571831,0.0,0.9999999987499999,0.5889403937278036,0.3080387194979804,0.26847123763314346,0.370483029596687,angry,05,08,08,female,strong,933
50,1.6683333333333334,True,1.0,0.6364731033285449,0.6276116308346593,0.6320423670816021,1.061927401023005,-0.06643518518518526,-0.07379629629629625,0.42399712522071437,0.4026654104755918,0.19941615374813357,0.5951841589855631,0.00886147249388558,0.007361111111110985,0.03183056706463575,0.2975363349425565,0.11948889107609771,0.11619028650749848,0.0,0.6914819972790571,0.5962843002122724,0.3041482543458537,0.28972915225999457,0.394453190171191,angry,05,08,08,female,strong,933
60,2.0020000000000002,True,1.0,0.6789065456367964,0.5651504497878747,0.6220284977123356,1.153135328002401,-0.05902777777777779,-0.06976851851851851,0.40116226025188073,0.2284488610281166,0.21780771910353655,0.5394236761351227,0.11375609584892177,0.010740740740740717,0.08142629693198244,0.2500554842211607,0.11247997984025924,0.12298793397543838,0.0,0.9726454453453094,0.5705506335893732,0.30887370131681796,0.2473384471099204,0.32592310008640457,angry,05,08,08,female,strong,933
70,2.3356666666666666,True,1.0,0.8123778972189084,0.7934179984323879,0.8028979478256482,1.5486650881752058,-0.07333333333333325,-0.07328703703703698,0.27687677893638957,0.557023769503285,0.2236165700895076,0.5184451783385289,0.01895989878652049,4.6296296296266526e-05,0.016665621428370914,0.17145759959684978,0.11463034350021037,0.12051286352542369,0.0,0.9872509616092009,0.5927966807504252,0.3070704742070203,0.26867884743860626,0.35357656652316,angry,05,08,08,female,strong,933
80,2.6693333333333333,True,1.0,0.7932143432113441,0.7526787542545738,0.772946548732959,1.0561580274765499,-0.07333333333333336,-0.07134259259259262,0.3502958926394326,0.3813438508888146,0.21875139508483718,0.7318474400840749,0.04053558895677034,0.0019907407407407374,0.003465798793778462,0.2971634360940627,0.11948327143943802,0.11603198553728318,0.0,0.9999999987499999,0.5968718569849816,0.30164410815391596,0.2751461920236032,0.36322490194373797,angry,05,08,08,female,strong,933
90,3.003,True,1.0,0.7375247632374632,0.7152937963412317,0.7264092797893474,0.673883382127765,-0.06796296296296289,-0.06731481481481472,0.36345858996823627,0.2150537634408605,0.2229166666666667,1.0779450852397245,0.022230966896231497,0.0006481481481481755,0.010763025527883996,0.44278743872871,0.11974577221607717,0.11559636633784408,0.0,0.8506393831245028,0.5887253352669193,0.30482861791594473,0.25709132936897344,0.3478827126725409,angry,05,08,08,female,strong,933
100,3.336666666666667,True,1.0,0.6563241283912769,0.6244725096603416,0.6403983190258092,0.690467261275912,-0.06060185185185185,-0.06101851851851847,0.3580069947660696,0.15425332432759684,0.22222531210552576,0.9274854217452968,0.03185161873093523,0.0004166666666666208,0.0044742641738018145,0.44281914893617064,0.1186967842994638,0.11699936395471627,0.0,0.9999999987499999,0.5784498786467712,0.3091994004028995,0.25653741154698967,0.3431108381271798,angry,05,08,08,female,strong,933
110,3.6703333333333332,True,1.0,0.6342839885539435,0.617981854917043,0.6261329217354933,0.5347228314289467,-0.0591666666666667,-0.059398148148148144,0.3646125725767892,0.06503385787649323,0.22361418180285736,1.1709485455526,0.016302133636900473,0.00023148148148144365,0.012529111040018434,0.5631489236338107,0.12128822677472903,0.11380963040310937,0.0,0.8911448136130816,0.5743322598570679,0.3081937826960467,0.2541276211927362,0.3379119830897914,angry,05,08,08,female,strong,933
0,0.0,True,1.0,0.6181706728359543,0.5929801956342403,0.6055754342350973,0.4964328298991433,-0.06092592592592594,-0.06162037037037038,0.34474369036273217,0.10409075465627272,0.21111689330988623,1.2198537199043176,0.025190477201713968,0.000694444444444442,0.005513012506217853,0.5625000000000007,0.12261024607683221,0.11255353140285862,0.0,0.7950837394086415,0.5924673104085385,0.27875934742725655,0.26950175211567035,0.34161377179391483,angry,05,08,08,female,strong,934
10,0.33366666666666667,True,1.0,0.6225011433076058,0.6127127369294199,0.6176069401185128,0.46760887723288747,-0.061805555555555614,-0.061805555555555614,0.354187829648721,0.10910873802100678,0.20903361760483902,1.3207767649178321,0.009788406378185899,0.0,0.006635250172069145,0.61875,0.12044178152834598,0.11487100215545941,0.0,0.8392493230576037,0.5918134025328882,0.2781363345819498,0.2641887864309516,0.33996144027688585,angry,05,08,08,female,strong,934
20,0.6673333333333333,True,1.0,0.5887114537884695,0.5696794383283116,0.5791954460583906,0.8809269484723482,-0.06222222222222229,-0.06342592592592589,0.34463646551847904,0.22422422422422483,0.20835127689653934,0.6574840820374462,0.01903201546015787,0.0012037037037035958,0.0035146394620923682,0.34818408087976677,0.11883549277008772,0.11620450781526506,0.0,0.9999999987499999,0.5884263040528711,0.27942918465701366,0.26399397824346066,0.3382554774225116,angry,05,08,08,female,strong,934
30,1.0010000000000001,True,1.0,0.27447140460424385,0.2711773590185395,0.2728243818113917,1.085799852927107,-0.07527777777777778,-0.08245370370370392,0.3346885244320585,0.3872951828173012,0.21732590416967656,0.25126581208858134,0.0032940455857043416,0.007175925925926141,0.05724295552643237,0.31054302206680084,0.11283677870567152,0.12266066663795386,0.0,0.7071067807446058,0.5691197905568478,0.31354596094874837,0.22231357184430942,0.31269299345733953,angry,05,08,08,female,strong,934
40,1.3346666666666667,True,1.0,0.6356072986387178,0.6149057273433295,0.6252565129910237,0.8386854274538728,-0.06379629629629635,-0.06611111111111118,0.390794134550843,0.2197496134684582,0.22363294622516083,0.7455197056293343,0.0207015712953883,0.002314814814814825,0.01736447045136415,0.3699138114627894,0.11728148319395988,0.11825704005033653,0.0,0.7071067807446058,0.5829635157891281,0.31421595712157285,0.25979505865950436,0.3559908068663738,angry,05,08,08,female,strong,934
50,1.6683333333333334,True,1.0,0.6790080324311695,0.6433067855202314,0.6611574089757004,0.9406688873553178,-0.06347222222222226,-0.06861111111111112,0.4140124931851903,0.29858794174305436,0.20294363360366696,0.7028588038396152,0.03570124691093812,0.0051388888888888595,0.03381533038093004,0.320250715665725,0.11860998323891438,0.116924529922996,0.0,0.7065411652326449,0.5747561273728241,0.31249927779088554,0.27811331606996137,0.3778213961081128,angry,05,08,08,female,strong,934
60,2.0020000000000002,True,1.0,0.603412975354349,0.5481975116737458,0.5758052435140474,0.7545980935983945,-0.05421296296296296,-0.05842592592592588,0.3919927252787259,0.18176538605278322,0.20712280324841653,0.7630621497706795,0.05521546368060326,0.004212962962962918,0.03728781459156107,0.385126760592323,0.11988408021639889,0.11578249038705365,0.0,0.8852800103508016,0.5634989922218887,0.3168441133098879,0.26074251025642586,0.34029431599430754,angry,05,08,08,female,strong,934
70,2.3356666666666666,True,1.0,0.7691904931941582,0.6737580700891547,0.7214742816416564,1.084021824789918,-0.059768518518518554,-0.062268518518518556,0.32551161650524274,0.2867642530199437,0.2114361140773506,0.6655532805176474,0.09543242310500355,0.0025000000000000022,0.04119686458688029,0.2870394364950558,0.11563631087366466,0.11970719895303328,0.0,0.7728717156882638,0.5908637250525209,0.3129070274749841,0.2544589979709751,0.35133174213311746,angry,05,08,08,female,strong,934
80,2.6693333333333333,True,1.0,0.700703768654226,0.5816416801029334,0.6411727243785796,0.6559013565024043,-0.0553703703703704,-0.059814814814814765,0.35471541495566744,0.14120029267800094,0.21492474010065732,0.9775444402152709,0.11906208855129263,0.004444444444444362,0.050477166423621975,0.46388770530592927,0.11836535080314799,0.11733465599842798,0.0,0.8276467171322908,0.591839059928659,0.30800283061189554,0.25190755840084295,0.34607759364823687,angry,05,08,08,female,strong,934
90,3.003,True,1.0,0.6640972879370367,0.5804913326327749,0.6222943102849058,0.6287484087960695,-0.05486111111111125,-0.05879629629629618,0.34453149842053615,0.09934361288380665,0.21494710266585226,0.9897350062109548,0.08360595530426185,0.003935185185184931,0.05071643347133044,0.4705757780400031,0.12432157094909399,0.11100416553682124,0.0,0.9063703958470408,0.5524963391606643,0.2796215408093014,0.2641184128117074,0.33092942337447884,angry,05,08,08,female,strong,934
100,3.336666666666667,True,1.0,0.6328260999398808,0.5501227556678604,0.5914744278038706,0.6680155919575272,-0.05337962962962961,-0.05703703703703705,0.3419023795121258,0.11626591583816,0.21286732957408006,0.8854200933703309,0.08270334427202042,0.0036574074074074425,0.04786734865355057,0.4492462169168535,0.12272841976130063,0.1127630824000424,0.0,0.9999999987499999,0.5546722173244297,0.28033095264686453,0.263044266983421,0.3326793323303208,angry,05,08,08,female,strong,934
0,0.0,True,1.0,0.6666207648624543,0.6351268212866292,0.6508737930745417,0.5345076841752402,-0.06083333333333335,-0.06305555555555564,0.34329849623420816,0.14131338161700852,0.2139320451098645,1.2177070832552344,0.03149394357582502,0.002222222222222292,0.015520237430296407,0.5484405921095756,0.12055671856425114,0.11508195070650594,0.0,0.8754441497138719,0.6059564744569702,0.3066167936710689,0.2562273497792435,0.3634149150702579,angry,05,08,08,female,strong,935
10,0.33366666666666667,True,1.0,0.637229654926112,0.6125600114291493,0.6248948331776307,0.4821882240050883,-0.06194444444444447,-0.0641666666666667,0.3565757313422185,0.13553170785073607,0.21113423895609143,1.2959562305093466,0.024669643496962768,0.0022222222222222365,0.020096410258344063,0.6005443274124321,0.11956227374453528,0.11611477281672344,0.0,0.9692593850524074,0.6064697960199705,0.30759027598596594,0.2546400225694443,0.3627913570028414,angry,05,08,08,female,strong,935
20,0.6673333333333333,True,1.0,0.6717917365649979,0.6176717705116544,0.6447317535383261,0.49917275971985076,-0.06254629629629627,-0.06476851851851856,0.3442178138792914,0.14798628730768676,0.2104529220518775,1.2916004348878474,0.05411996605334346,0.002222222222222292,0.024252687392803573,0.5801132034496173,0.11900444908338353,0.11668641252315566,0.0,0.8563870449381745,0.6020018631749575,0.30978820049661904,0.25051768269450647,0.35988220941531274,angry,05,08,08,female,strong,935
30,1.0010000000000001,True,1.0,0.622483119071492,0.5502400974835202,0.586361608277506,1.0591380030364852,-0.057916666666666616,-0.06129629629629629,0.36566957804163763,0.3671777537108798,0.21135083246279412,0.5536215361892808,0.0722430215879718,0.003379629629629677,0.0297928273091513,0.3128766325771489,0.11784807293043137,0.11785418734938655,0.0,0.9999999987499999,0.5530489863054596,0.31894498420395573,0.2298954581107874,0.322648754465076,angry,05,08,08,female,strong,935
40,1.3346666666666667,True,1.0,0.6093484592721218,0.588199824083791,0.5987741416779564,0.8666768307088873,-0.06745370370370363,-0.06824074074074071,0.385093832274414,0.2795271582613853,0.21389031567999045,0.6908851378756677,0.021148635188330767,0.000787037037037086,0.011469432258732435,0.3537724107233518,0.1150074876296099,0.12062775616692764,0.0,0.8057310798683254,0.6192970538058974,0.3053775824970229,0.2645542094596476,0.36472717344583866,angry,05,08,08,female,strong,935
50,1.6683333333333334,True,1.0,0.4063673219280086,0.39141524854690607,0.3988912852374573,0.7585667558526124,-0.08000000000000002,-0.08208333333333329,0.4015958002995968,0.10154766704142144,0.20642895881891785,0.525848624606693,0.014952073381102549,0.0020833333333332704,0.010817643351108585,0.3731944421896406,0.1153240520367569,0.12032514612770225,0.0,0.8478605021504138,0.5804577427455357,0.3156479823494439,0.25799992657403764,0.3700505527640228,angry,05,08,08,female,strong,935
60,2.0020000000000002,True,1.0,0.180790960451977,0.18474803233997877,0.1827694963959779,0.7873704815854392,-0.07499999999999996,-0.07916666666666672,0.3897549183487075,0.10179600111934645,0.21607428970609985,0.23212642672094533,0.003957071888001762,0.004166666666666763,0.015725692562205667,0.39129051945307053,0.11370205814214354,0.12170257102928722,0.0,0.8819481229772622,0.5487398704403638,0.31907331977870557,0.22978346525117305,0.3125090205586417,angry,05,08,08,female,strong,935
70,2.3356666666666666,True,1.0,0.8148750018459667,0.7602286951691092,0.7875518485075379,1.2060468160896838,-0.06490740740740741,-0.0667592592592593,0.3011867190356005,0.4105368655632145,0.20973131666752298,0.6530027176399213,0.05464630667685755,0.0018518518518518823,0.022954517827658474,0.22046812361376514,0.1206127571128804,0.11502321761804317,0.0,0.7071067807446058,0.5917405597942302,0.3075209331233485,0.2627791477880024,0.3602272428276252,angry,05,08,08,female,strong,935
80,2.6693333333333333,True,1.0,0.7102860328736248,0.6595003411103461,0.6848931869919854,0.8175229239189711,-0.05333333333333329,-0.057037037037037,0.3475344977720799,0.2572427517388061,0.20628698768720852,0.8377663389655221,0.05078569176327874,0.003703703703703709,0.016585868564422505,0.37664068912631243,0.1203569175804021,0.11529089365544262,0.0,0.838152908754651,0.588573034471601,0.30910200832085183,0.2616470501419264,0.3606975908833379,angry,05,08,08,female,strong,935
90,3.003,True,1.0,0.7070979067454095,0.6552418147348957,0.6811698607401526,0.6981372356522147,-0.05421296296296291,-0.056805555555555665,0.351279585052583,0.21233372149475208,0.2048983495168799,0.9756962183857578,0.05185609201051378,0.0025925925925927573,0.012156458810111835,0.4282528109786032,0.1187796276393941,0.11675219004147301,0.0,0.7127476963416534,0.5883753662871397,0.3119292709679471,0.2560257659226434,0.3576021379662283,angry,05,08,08,female,strong,935
100,3.336666666666667,True,1.0,0.7367927270638782,0.7127232351581396,0.724757981111009,0.6800905556830453,-0.05550925925925926,-0.05782407407407403,0.3461493199406982,0.2008701990937673,0.20416816139971544,1.0656786439022112,0.024069491905738594,0.0023148148148147696,0.013511169657933685,0.4345170852691668,0.1237788412695373,0.11160903289452356,0.0,0.7071067807446058,0.5667513840536215,0.27574777510923876,0.2727356457795378,0.327655176865249,angry,05,08,08,female,strong,935
0,0.0,True,1.0,0.7163417120895841,0.7481254523990338,0.7322335822443089,0.5360806787836638,-0.0712037037037036,-0.06703703703703695,0.3547983031797038,0.14862130659302633,0.2136577287350619,1.36590183385401,0.03178374030944975,0.004166666666666652,0.03265639015576276,0.5264335396809489,0.11914537342982226,0.11654251481559336,0.0,0.8563011363282073,0.6091825762570653,0.30529630429560517,0.2633790797276526,0.3510193338547763,fearful,06,08,08,female,normal,936
10,0.33366666666666667,True,1.0,0.7107565259805577,0.7505248668365591,0.7306406964085583,0.4954067854932999,-0.07166666666666671,-0.06847222222222216,0.3740485936164807,0.10593991613204934,0.2164295605453537,1.4748298121936803,0.03976834085600134,0.0031944444444445552,0.034574722369703485,0.5414134510458021,0.11968777380839042,0.11598540671212704,0.0,0.7460101187722026,0.6105839744335235,0.30481368593979924,0.26606039576447865,0.3505262131731762,fearful,06,08,08,female,normal,936
20,0.6673333333333333,True,1.0,0.7053262224675532,0.777409740424407,0.7413679814459802,0.7951691651268799,-0.07833333333333325,-0.07935185185185178,0.38541576969462393,0.1986428781558467,0.21904312113375216,0.9323399522511477,0.07208351795685386,0.0010185185185185297,0.027780439789625463,0.34611449208143763,0.11858933529551115,0.11710827179700564,0.0,0.9999999987499999,0.6146630200830333,0.30275426925007726,0.2671646138497404,0.3575633815979795,fearful,06,08,08,female,normal,936
30,1.0010000000000001,True,1.0,0.6821026437598005,0.7440202530560555,0.713061448407928,0.6432833944744567,-0.07680555555555557,-0.0794907407407408,0.41030287051162895,0.10286677394730324,0.22316602978509834,1.108471716404988,0.061917609296255005,0.002685185185185235,0.030469829631227876,0.4015661620963909,0.1189434251074666,0.11674861623625882,0.0,0.6877873704963273,0.610907418991034,0.30386313433301665,0.2756496663592443,0.36296934708078193,fearful,06,08,08,female,normal,936
40,1.3346666666666667,True,1.0,0.6223820669823289,0.6961109376348007,0.6592465023085647,0.6363408037435104,-0.07962962962962966,-0.08152777777777781,0.40548966728352476,0.11924023526209557,0.23281230984979595,1.035995960702666,0.0737288706524718,0.0018981481481481488,0.01965901399015303,0.44939944143672156,0.11685102069427585,0.11884282364425433,0.0,0.8455208553373857,0.6146964850393283,0.30618077573383756,0.28457093021649976,0.373936963243296,fearful,06,08,08,female,normal,936
50,1.6683333333333334,True,1.0,0.6904261065265042,0.7695174686716895,0.7299717875990968,0.6090446833450612,-0.07833333333333342,-0.08120370370370361,0.42602891749795235,0.11174760232516352,0.2265374588718415,1.1985521055530222,0.0790913621451853,0.00287037037037019,0.019603841505316563,0.44332977446998256,0.11974608372623254,0.11592520520426453,0.0,0.7071067807446058,0.6148613343227918,0.3025158835708622,0.2834035074253827,0.36584520104623885,fearful,06,08,08,female,normal,936
60,2.0020000000000002,True,1.0,0.7403505622081639,0.7522722672820912,0.7463114147451275,0.700079572228017,-0.08944444444444449,-0.08814814814814809,0.4126551440390553,0.18146273565649024,0.23638270496408795,1.0660379824681596,0.011921705073927313,0.0012962962962964064,0.015495177749415065,0.3790106490133986,0.11725272540775239,0.1184465117838212,0.0,0.7405477133115084,0.6174643908188275,0.3017008338028884,0.27133666921018523,0.3682324961977795,fearful,06,08,08,female,normal,936
70,2.3356666666666666,True,1.0,0.6956231773949777,0.6927157173619372,0.6941694473784574,0.5508007975272061,-0.08273148148148152,-0.08458333333333334,0.41054251837520345,0.08523533663998377,0.24172853576758432,1.2602912895095615,0.002907460033040543,0.0018518518518518268,0.017761028353718712,0.5138705741935599,0.11732847692863337,0.11837147574668914,0.0,0.9999999987499999,0.5920259224002101,0.309671252574183,0.2632949523523477,0.354963290048972,fearful,06,08,08,female,normal,936
80,2.6693333333333333,True,1.0,0.594444554591747,0.6166618504974285,0.6055532025445878,0.7561013088133023,-0.07574074074074066,-0.07842592592592584,0.37528406897728533,0.13551996080808415,0.2410342695744291,0.8008889754403427,0.022217295905681445,0.0026851851851851793,0.0019286771343445814,0.3862238351681658,0.1181837472011369,0.11735533954176218,0.0,0.7071067807446058,0.5852073901982668,0.3110582187190039,0.267465667892399,0.3508751353576282,fearful,06,08,08,female,normal,936
90,3.003,True,1.0,0.640682012779945,0.6738483440882266,0.6572651784340857,0.5745111747453482,-0.07912037037037034,-0.0817592592592592,0.4057734725856717,0.05222402122384638,0.23827642742033364,1.1440424613592908,0.033166331308281616,0.0026388888888888573,0.00890656377662303,0.46521235184922527,0.11599685735327912,0.11935786089618036,0.0,0.9999999987499999,0.5886327735234719,0.3086907212372652,0.2627385703665254,0.349886444862886,fearful,06,08,08,female,normal,936
100,3.336666666666667,True,1.0,0.6769381678552306,0.6922993490848258,0.6846187584700283,0.5366191142478405,-0.08212962962962966,-0.08324074074074073,0.4037846849892523,0.07192459567788705,0.23548017787280306,1.2758001723990646,0.015361181229595178,0.0011111111111110628,0.010126288418261646,0.5030200051070652,0.11752306349238276,0.1181782861459631,0.0,0.7855736562761189,0.6120173834533813,0.3040096920294713,0.2773038627967475,0.3572178541592567,fearful,06,08,08,female,normal,936
110,3.6703333333333332,True,1.0,0.6697864941921826,0.6883475199541953,0.679067007073189,0.546573352011625,-0.08199074074074075,-0.08328703703703699,0.39112908481788305,0.09556533152865952,0.23273364716741635,1.2424078206043714,0.018561025762012684,0.0012962962962962399,0.012232934675090193,0.4974265345714186,0.11923594555226794,0.1159579890083559,0.0,0.8372430905258935,0.591994100140056,0.30924876737110507,0.26181554285094977,0.3535554247471683,fearful,06,08,08,female,normal,936
0,0.0,True,1.0,0.7541479201525173,0.7286904250847517,0.7414191726186345,0.5156522936436801,-0.0800925925925925,-0.07699074074074075,0.3760558675202546,0.16472226046950858,0.21528096733328264,1.437827741208422,0.025457495067765623,0.0031018518518517446,0.006037533711900825,0.5186092559703189,0.12046713326606359,0.11517572475228094,0.0,0.7540713615036804,0.6243375588438502,0.30283422477774713,0.2705114590686786,0.36709531317067856,fearful,06,08,08,female,normal,937
10,0.33366666666666667,True,1.0,0.7346106121767277,0.7148527428411164,0.7247316775089221,0.5314650797116401,-0.08064814814814802,-0.07824074074074078,0.383935385355032,0.14685219307821576,0.21875871913426817,1.363648723453559,0.0197578693356113,0.002407407407407247,0.010296897817301224,0.503976998579254,0.11886777686060934,0.11617148360636753,0.0,0.9999999987499999,0.625047367798682,0.303540865080487,0.27372464065974333,0.3689377528123986,fearful,06,08,08,female,normal,937
20,0.6673333333333333,True,1.0,0.6975584039020369,0.6931719828450837,0.6953651933735603,0.7793990961611457,-0.08425925925925937,-0.08620370370370356,0.4061016923528141,0.17833708132500742,0.2257353436833764,0.892181164692792,0.004386421056953194,0.0019444444444441933,0.007025694721850447,0.3354038398407932,0.11636553471166013,0.1191584497745662,0.0,0.7582052171288405,0.6206046200745923,0.30538895199104155,0.2754696718997383,0.3738728492852754,fearful,06,08,08,female,normal,937
30,1.0010000000000001,True,1.0,0.7210198922005113,0.6877745570329815,0.7043972246167465,0.6463176264643766,-0.08430555555555558,-0.08708333333333335,0.4237573913641593,0.0697009205010599,0.23547142989747194,1.0898623150200764,0.03324533516752981,0.002777777777777768,0.002142635168553169,0.4013924724692999,0.11774415042109,0.11795801291500511,0.0,0.7796699175501588,0.6142442708958584,0.3082863249149192,0.2883123033684185,0.3806056739279084,fearful,06,08,08,female,normal,937
40,1.3346666666666667,True,1.0,0.6228884963391077,0.6259407217396993,0.6244146090394035,0.6100692576514697,-0.08486111111111105,-0.08870370370370367,0.4137481160390322,0.051905920519060074,0.24862215856991454,1.0235142997422257,0.0030522254005915794,0.0038425925925926196,0.009798018154038277,0.4426923489644547,0.11709747943409919,0.11859999190258887,0.0,0.7447204008745164,0.5959009864648985,0.3118635196099217,0.27943854438915183,0.3753216375295707,fearful,06,08,08,female,normal,937
50,1.6683333333333334,True,1.0,0.6361777973932832,0.6311005930315768,0.6336391952124301,0.5697619375534485,-0.08240740740740732,-0.08634259259259258,0.43105243808652105,0.006192601564948199,0.24446441877040737,1.1121121883523315,0.005077204361706333,0.003935185185185264,0.005096570675972652,0.4666686618603903,0.11775621173044917,0.11794597224155304,0.0,0.7071067807446058,0.5906334060342887,0.31023742164772805,0.27158505174416997,0.36112664650290344,fearful,06,08,08,female,normal,937
60,2.0020000000000002,True,1.0,0.576515152863829,0.6438408512543541,0.6101780020590916,0.6757072702003881,-0.07837962962962963,-0.0848148148148149,0.39928128287554926,0.06624178183886713,0.24447565361159299,0.9030212178687035,0.06732569839052505,0.006435185185185266,0.0013365839203965748,0.4195505414105249,0.11531943969508605,0.11969456465067942,0.0,0.9640513823391946,0.5912813907359818,0.31075822264155023,0.27065621756929686,0.3569102617310004,fearful,06,08,08,female,normal,937
70,2.3356666666666666,True,1.0,0.634186750843511,0.640096607902619,0.637141679373065,0.9592106322833397,-0.07740740740740731,-0.08291666666666675,0.3364335846047269,0.2515962314185812,0.24449718561420844,0.6642354222621468,0.00590985705910807,0.005509259259259436,0.001927555001650004,0.3139528843608462,0.11798132900719738,0.11772078735181957,0.0,0.9999999987499999,0.5940150315985769,0.30955402936628235,0.2777313688266004,0.35803146083375875,fearful,06,08,08,female,normal,937
80,2.6693333333333333,True,1.0,0.609262497386714,0.6124017256857949,0.6108321115362545,0.7364354002549639,-0.07907407407407407,-0.08486111111111116,0.36317278326024316,0.209378692229353,0.23890932769477183,0.8294442544787719,0.003139228299080865,0.0057870370370370905,0.00290567212356925,0.3975426729988316,0.11665367738732231,0.11903653775562374,0.0,0.8990998843191701,0.5920846709699505,0.30771253708768276,0.2708738998556161,0.36563806320792325,fearful,06,08,08,female,normal,937
90,3.003,True,1.0,0.6746121441039703,0.7045348400908893,0.6895734920974298,0.7844108406327276,-0.08009259259259266,-0.08444444444444443,0.35945284874352795,0.2146029658334823,0.23894285632360626,0.8790973510019324,0.02992269598691899,0.0043518518518517735,0.004829267978552668,0.393141701404735,0.11656826939893122,0.1187998671844906,0.0,0.763386319122075,0.5973052336168843,0.31082460543105433,0.27126646350695005,0.36023824222729217,fearful,06,08,08,female,normal,937
100,3.336666666666667,True,1.0,0.6510342848654298,0.6353151659307232,0.6431747253980765,0.7316996108883641,-0.07800925925925922,-0.08250000000000002,0.35644137509674956,0.20905703168238904,0.2347430238152739,0.879014715638828,0.015719118934706566,0.004490740740740795,0.0011860588212140313,0.40230368297089336,0.11851979346742676,0.11685302063007258,0.0,0.7423713426132414,0.5951707766934901,0.31149449186031997,0.26996634520896184,0.3620426521613324,fearful,06,08,08,female,normal,937
0,0.0,True,1.0,0.6556999070592919,0.6284427235434986,0.6420713153013953,0.531783417023546,-0.0742592592592593,-0.07601851851851849,0.3873411453623417,0.06996383749515574,0.2277941896889017,1.2073925112128232,0.027257183515793315,0.0017592592592591827,0.0033565866649528297,0.5187031867877034,0.11679864285974066,0.11889430093594035,0.0,0.9999999987499999,0.6045134729126026,0.3072276422167441,0.2585538953152881,0.3610967826897484,fearful,06,08,08,female,normal,938
10,0.33366666666666667,True,1.0,0.6660133531803684,0.6480931588071838,0.6570532559937761,0.6700228220381828,-0.0796296296296296,-0.08287037037037032,0.39146259526411686,0.10255451357727347,0.2340747176178046,0.9806430980888774,0.017920194373184595,0.0032407407407407107,0.013474498545090943,0.4137689045498028,0.11792267029382499,0.11745558183716812,0.0,0.9999999987499999,0.6067734852925545,0.30874856644323645,0.2675255063124125,0.3693321468244658,fearful,06,08,08,female,normal,938
20,0.6673333333333333,True,1.0,0.6817461528061356,0.705082965622432,0.6934145592142837,0.6832292207024521,-0.08226851851851857,-0.0860185185185185,0.39532490558199046,0.12980533794931182,0.23403951362038722,1.0149076447599237,0.023336812816296404,0.00374999999999992,0.005248654504565488,0.39423266256510325,0.11356673194420153,0.12182886035901237,0.0,0.9999999987499999,0.6225743580166442,0.30481339524043854,0.27436186399296814,0.3678689448435326,fearful,06,08,08,female,normal,938
30,1.0010000000000001,True,1.0,0.6190441856993266,0.646761608192756,0.6329028969460413,0.6181749082045465,-0.08370370370370361,-0.08537037037037026,0.3997705144247641,0.10078185251537818,0.2458485399273675,1.0238249539831235,0.027717422493429344,0.0016666666666666496,0.019753171845266745,0.4529337500796473,0.11547254302972063,0.12002402104401795,0.0,0.7071067807446058,0.592824077427846,0.31290616955257994,0.26886586007158214,0.3720589440194975,fearful,06,08,08,female,normal,938
40,1.3346666666666667,True,1.0,0.5851060777043384,0.6159922525275052,0.6005491651159218,0.566826981908871,-0.08069444444444446,-0.0823148148148149,0.41484158921698844,-0.006440689414478913,0.2479474387852668,1.0594929039783647,0.0308861748231668,0.0016203703703704386,0.01647544166884085,0.49853880827729286,0.11667940477703746,0.11869071730592749,0.0,0.9999999987499999,0.5940026947810375,0.31281888765209487,0.2800820502111714,0.3674790187684581,fearful,06,08,08,female,normal,938
50,1.6683333333333334,True,1.0,0.6077716228338803,0.5761324652680656,0.5919520440509729,0.7129878955310558,-0.08018518518518525,-0.08208333333333345,0.4393129160109223,0.06039800355811375,0.250002746566944,0.8302413656126215,0.0316391575658147,0.0018981481481482043,0.0003002604642621563,0.38270305481040007,0.11661484180863219,0.11907458351310786,0.0,0.9999999987499999,0.5931626263708609,0.3118827918832398,0.2834540468437627,0.3798310051122191,fearful,06,08,08,female,normal,938
60,2.0020000000000002,True,1.0,0.5901052182635982,0.5922881057365578,0.5911966620000779,0.5397813258646145,-0.07777777777777772,-0.0807870370370371,0.40552287273412957,0.0,0.25277898506369967,1.0952521579976986,0.0021828874729595826,0.003009259259259378,0.002202456378819907,0.49385596318825825,0.11833380165457451,0.1173664737267293,0.0,0.7779484021345384,0.5458652170946504,0.2818233797004826,0.2871988994937442,0.33504819285817433,fearful,06,08,08,female,normal,938
70,2.3356666666666666,True,1.0,0.47914930882991025,0.45536587578872845,0.46725759230931935,0.63450614315547,-0.06962962962962971,-0.07384259259259263,0.37091671179556684,0.007207941435537131,0.2486114179915956,0.7364114553495023,0.0237834330411818,0.004212962962962918,0.010993526706978212,0.4734023355913107,0.11770750101091627,0.11799458451510056,0.0,0.9999999987499999,0.5814565428593311,0.3139366783932771,0.27633783242294974,0.35333863935777843,fearful,06,08,08,female,normal,938
80,2.6693333333333333,True,1.0,0.6083846358018135,0.6070047589583317,0.6076946973800725,0.7619047619047618,-0.07648148148148143,-0.08037037037037037,0.37835681158117423,0.11287477954144585,0.2472299372199076,0.7975992903113454,0.001379876843481731,0.0038888888888889417,0.0012071489874436246,0.3854166666666672,0.11580815525502439,0.1198592881052749,0.0,0.9999999987499999,0.5902578202452856,0.31286987524533433,0.27331765670122515,0.3551317380552714,fearful,06,08,08,female,normal,938
90,3.003,True,1.0,0.6114663181925221,0.6324833610287235,0.6219748396106228,0.7108236103875846,-0.08013888888888898,-0.08361111111111119,0.3755218488163836,0.11373177766201413,0.24514013379543034,0.8750058812361116,0.021017042836201427,0.00347222222222221,0.002821663712090773,0.40549352645880676,0.11619127193654491,0.11948793284058215,0.0,0.9388171485162498,0.5989989335577982,0.3115141333443344,0.27069506187386533,0.3580958647335653,fearful,06,08,08,female,normal,938
100,3.336666666666667,True,1.0,0.5984766250768927,0.634413298720126,0.6164449618985093,0.6782295807016724,-0.07916666666666666,-0.08231481481481484,0.37107928997389167,0.11543506600703968,0.24030349584008923,0.9089030903971441,0.035936673643233275,0.0031481481481481777,0.0011485971347407848,0.40910454898209436,0.11689138291467667,0.11864265009454857,0.0,0.9999999987499999,0.6054465573807648,0.31004860408111873,0.27202298105080264,0.3597484153451447,fearful,06,08,08,female,normal,938
110,3.6703333333333332,True,1.0,0.6577132697129215,0.6934869183394139,0.6756000940261677,0.6525743371161252,-0.08199074074074075,-0.08523148148148152,0.375788132089797,0.09221159111423477,0.23822038742168594,1.0352844964939911,0.03577364862649235,0.0032407407407407662,0.010104263258619125,0.4301918815349301,0.11718720730861672,0.11835046372743332,0.0,0.784680645936225,0.602468108626263,0.30919198421832456,0.2732241325989706,0.36193330231146936,fearful,06,08,08,female,normal,938
0,0.0,True,1.0,0.6935970194233295,0.660978856515556,0.6772879379694428,0.4645302436277522,-0.07449074074074075,-0.07939814814814827,0.37336468239648607,0.04354971034010166,0.23130574971996617,1.4580061196449943,0.03261816290777353,0.004907407407407527,0.006517986986013875,0.5834354129666074,0.12155140979835462,0.11403084032671451,0.0,0.8038065868611873,0.6005618636986044,0.3110913872044005,0.2667279668765964,0.35671855612390846,fearful,06,08,08,female,normal,939
10,0.33366666666666667,True,1.0,0.6228405350734069,0.6033636992657934,0.6131021171696001,0.4891898243898618,-0.0748611111111111,-0.07800925925925933,0.3779776890131061,0.050330232020035,0.23267856746641366,1.2533010430752252,0.019476835807613502,0.003148148148148233,0.000668140130698131,0.5652580302733407,0.1180552632324301,0.1176466429277301,0.0,0.9999999987499999,0.597566825816264,0.3120073109107373,0.26608951823640326,0.356158794712599,fearful,06,08,08,female,normal,939
20,0.6673333333333333,True,1.0,0.6459778879465178,0.6400695297365261,0.6430237088415219,0.5270229170046375,-0.07527777777777789,-0.07893518518518516,0.3908399259093092,0.055470019622522695,0.23337289383990178,1.2201057830581277,0.005908358209991693,0.003657407407407276,0.0038718264542098855,0.5207015490463023,0.11761425991408721,0.11808752530954407,0.0,0.8773732405258625,0.5987603450286364,0.31075987068743244,0.26540095282698717,0.3575213887052061,fearful,06,08,08,female,normal,939
30,1.0010000000000001,True,1.0,0.559521252784129,0.5687401332882335,0.5641306930361812,0.6193039924001582,-0.07671296296296304,-0.08074074074074067,0.4024904121102821,0.05385252107827444,0.24237653555089234,0.9109107965699547,0.009218880504104465,0.00402777777777763,0.00294297746186998,0.4896132882415308,0.1149317143736042,0.12022548380915943,0.0,0.9999999987499999,0.5897191045246224,0.3166774015330606,0.275167521486014,0.36798129125244877,fearful,06,08,08,female,normal,939
40,1.3346666666666667,True,1.0,0.5146480858770631,0.5247542022981431,0.5197011440876032,0.5878294192226575,-0.0749537037037038,-0.07750000000000007,0.4088062863085436,-0.0065309277825601215,0.24732218994068508,0.8841019640950485,0.010106116421079947,0.0025462962962962687,0.01469924694292177,0.5004544870561323,0.1145651116444165,0.12089048355849333,0.0,0.9999999987499999,0.5847257512536266,0.3139611339573273,0.2771063958876516,0.3644456760423284,fearful,06,08,08,female,normal,939
50,1.6683333333333334,True,1.0,0.5111205195118493,0.5236090131452995,0.5173647663285744,0.6397988673715022,-0.07421296296296298,-0.0758333333333332,0.44161887009729756,-0.030179191857146192,0.24448938438305073,0.8086365773888815,0.01248849363345017,0.0016203703703702166,0.008975145358942097,0.4249473822473659,0.11413401900489281,0.12098302208024292,0.0,0.8963664236207927,0.5876432635554222,0.3133536824622452,0.2849773893629352,0.3730047671301911,fearful,06,08,08,female,normal,939
60,2.0020000000000002,True,1.0,0.5487943409266433,0.552675895448416,0.5507351181875296,0.7598467919206656,-0.07458333333333339,-0.07615740740740734,0.41302418378573885,-0.012878173916189567,0.2458410919172045,0.7247975829383129,0.0038815545217727454,0.00157407407407395,0.008745299445371073,0.37219122408438216,0.11480312869423386,0.12066447473554481,0.0,0.7071067807446058,0.5906020087644432,0.31376722384028166,0.27687573914893,0.3597291507316872,fearful,06,08,08,female,normal,939
70,2.3356666666666666,True,1.0,0.573879014896993,0.5803985674872417,0.5771387911921173,0.7597821684694153,-0.0723611111111111,-0.07527777777777789,0.35134634445237695,0.12155745489078776,0.24654294153897408,0.7596108663023325,0.006519552590248723,0.0029166666666667895,0.000728546160212874,0.3937250853727308,0.11719051905946787,0.11786324372498388,0.0,0.7854347239444545,0.5909720714379502,0.3116797886044698,0.2818904711455377,0.36458963213133116,fearful,06,08,08,female,normal,939
80,2.6693333333333333,True,1.0,0.6252158926904596,0.632174967960048,0.6286954303252539,0.7165555587033241,-0.07666666666666666,-0.08023148148148146,0.3838790648371396,0.11712927401881223,0.24032349687468588,0.8773854625633475,0.006959075269588388,0.0035648148148147984,0.002854398772770292,0.4110576923076922,0.11681348791925716,0.1187193449341769,0.0,0.9210859594132912,0.5912887332276661,0.30956788446697736,0.2802504748607252,0.3644499844398546,fearful,06,08,08,female,normal,939
90,3.003,True,1.0,0.6389776324763716,0.6510342848654298,0.6450059586709007,0.6660887153949013,-0.07606481481481481,-0.07884259259259252,0.3865910957450101,0.11795321001784673,0.23753886657716794,0.9683484253122329,0.012056652389058176,0.0027777777777777124,0.009173084392352607,0.4457995630707014,0.1194834284315108,0.11619590397098262,0.0,0.7071067807446058,0.5922778868500526,0.31083792250213366,0.2806387812139264,0.3658629867430451,fearful,06,08,08,female,normal,939
100,3.336666666666667,True,1.0,0.5944512971967423,0.631802247732068,0.6131267724644052,0.6242525453253026,-0.07365740740740745,-0.07745370370370369,0.3748568709881487,0.07802519248127666,0.23476902321470836,0.9821774489440012,0.03735095053532567,0.003796296296296242,0.00624987949354699,0.47515152081871564,0.11719539889064405,0.11818125212064157,0.0,0.8823697817367953,0.5899005448663841,0.3117254169925874,0.2768982889857426,0.36458348345449987,fearful,06,08,08,female,normal,939
0,0.0,True,1.0,0.6368351195197224,0.6124530775516144,0.6246440985356684,0.4757241347454533,-0.07509259259259254,-0.0769907407407408,0.38052802001532043,0.12253500440413245,0.2167458805141059,1.3130384878831047,0.024382041968108004,0.0018981481481482598,0.015094964127470228,0.5803371498791382,0.11929293639115583,0.11639146487825508,0.0,0.8997333023657806,0.6267411111788465,0.3041455091178117,0.2741391550160692,0.37300749392782856,fearful,06,08,08,female,strong,940
10,0.33366666666666667,True,1.0,0.6793358973059969,0.6992603075054091,0.689298102405703,0.6302416922311656,-0.07574074074074078,-0.0805555555555556,0.3854433253359107,0.1933696101163808,0.2138892455875565,1.0937043850042156,0.019924410199412268,0.004814814814814827,0.0021837956415270456,0.4480200105812229,0.11608485581181355,0.11927227726877405,0.0,0.8510144369753019,0.6251812444430898,0.30566847404959796,0.27138628341133714,0.3721547796100198,fearful,06,08,08,female,strong,940
20,0.6673333333333333,True,1.0,0.6935795416791388,1.054408443081844,0.8739939923804914,1.0503499250383517,-0.0762962962962963,-0.07185185185185183,0.3595497506245712,0.397153671774451,0.19337396382331698,0.8320979242689802,0.36082890140270507,0.004444444444444473,0.10111423141618,0.2211976146707204,0.11770262467045574,0.11799944879303409,0.0,0.9999999987499999,0.6736573880489696,0.28867763467703916,0.22841050720801662,0.32205522765296735,fearful,06,08,08,female,strong,940
30,1.0010000000000001,True,1.0,0.7017543859649119,0.7106910134492341,0.7062226997070731,0.7539159964378139,-0.08282407407407405,-0.08671296296296299,0.4829531543568351,0.25872493407797265,0.19652777777777775,0.9367392428916651,0.008936627484322224,0.0038888888888889417,0.010275335036508659,0.36120131755752627,0.111972992644421,0.12344969293844228,0.0,0.9999999987499999,0.6223506574582959,0.2747586352895394,0.2903801832128585,0.3568245004212277,fearful,06,08,08,female,strong,940
40,1.3346666666666667,True,1.0,0.5361466704005206,0.5826745734232219,0.5594106219118713,0.7652176117453898,-0.08814814814814814,-0.09523148148148136,0.39746930080498116,0.34191822329520305,0.21875558028596664,0.7310477612190707,0.04652790302270138,0.007083333333333219,0.016017477305219838,0.3761802994924805,0.11065968904161388,0.12416883323431374,0.0,0.9999999987499999,0.6375925361081932,0.30185902190957503,0.28330015171995854,0.38137957224973795,fearful,06,08,08,female,strong,940
50,1.6683333333333334,True,1.0,0.685384963237669,0.6952025360298546,0.6902937496337618,0.7059181631250718,-0.07513888888888887,-0.07930555555555557,0.4653686161355612,0.12340018144841833,0.2204301631293916,0.977866537075429,0.009817572792185647,0.004166666666666707,0.02498531449662988,0.3712455397418036,0.11577706940395138,0.11988931549296583,0.0,0.8776832025977191,0.6067273891900511,0.3133981836364094,0.29655642501110596,0.3971087920391227,fearful,06,08,08,female,strong,940
60,2.0020000000000002,True,1.0,0.8255392593660654,0.7087204899677688,0.7671298746669171,0.6371532677449946,-0.07907407407407407,-0.08189814814814816,0.40880225816753313,0.23215204096035913,0.22306754927049205,1.203995825654217,0.1168187693982966,0.00282407407407409,0.035284414910575705,0.4104314492032645,0.11483660694573078,0.12047457648409986,0.0,0.8429944984118191,0.6242486392916542,0.3021674247183466,0.2884847031805226,0.38669498024233334,fearful,06,08,08,female,strong,940
70,2.3356666666666666,True,1.0,0.7701574545270979,0.6670812132513007,0.7186193338891993,0.9722962499305904,-0.07759259259259244,-0.07726851851851863,0.3275795276269764,0.2633744855967083,0.23222091147150717,0.7390950381023269,0.10307624127579729,0.00032407407407381017,0.030635821197343694,0.2856925322890093,0.11711933394754376,0.11841763144642282,0.0,0.8600055935646926,0.5858702353441377,0.3088455556407833,0.27816991193449203,0.36712237288628025,fearful,06,08,08,female,strong,940
80,2.6693333333333333,True,1.0,0.7111296929797482,0.6681748566426381,0.6896522748111931,0.7106935850865556,-0.07712962962962971,-0.0781944444444444,0.3993304411134255,0.1541984144272475,0.2277626632183014,0.9703932739553294,0.04295483633711006,0.0010648148148146852,0.022109707128143943,0.3944754302569947,0.11775335676099447,0.1179488225501751,0.0,0.7023156587398192,0.6064248635860595,0.30527887059746683,0.2923341778503902,0.3830300784335006,fearful,06,08,08,female,strong,940
90,3.003,True,1.0,0.7242452733004686,0.682474153362403,0.7033597133314358,0.7582156870636204,-0.07671296296296304,-0.07787037037037026,0.3809225077268731,0.23167701549166186,0.22548910597645846,0.9276512281820123,0.04177111993806559,0.0011574074074072183,0.006871233313018758,0.3871921345494085,0.1175799471704176,0.11812169061083759,0.0,0.7499074865950307,0.6114427365633753,0.3042129619093407,0.2967121683608399,0.38571743803816644,fearful,06,08,08,female,strong,940
100,3.336666666666667,True,1.0,0.7118081092263385,0.7560828551678911,0.7339454821971148,0.6675565570779566,-0.07620370370370366,-0.08046296296296296,0.3850299374173068,0.22718822270805705,0.22025114954932032,1.0994506374257744,0.04427474594155256,0.004259259259259296,0.0020625110966574914,0.45515429072281555,0.11725801132832436,0.11844127890479253,0.0,0.8298165270998412,0.6117214966611645,0.306855261275071,0.2893796220879627,0.3889326738871715,fearful,06,08,08,female,strong,940
110,3.6703333333333332,True,1.0,0.7455193872935499,0.7228732403029033,0.7341963137982266,0.6872318880117356,-0.0749537037037038,-0.0798148148148149,0.37667784112658553,0.2576412044493243,0.2174400719712156,1.06833854279138,0.0226461469906466,0.004861111111111094,0.023397126313865688,0.43347470896089163,0.11653728284438147,0.11883026374313316,0.0,0.75825113695384,0.6149507846107193,0.30585054471851186,0.28846056208771326,0.3791547339994803,fearful,06,08,08,female,strong,940
0,0.0,True,1.0,0.6775469625062456,0.6648547387152829,0.6712008506107643,0.5388198402547009,-0.07203703703703701,-0.0746296296296296,0.3552799699710511,0.15392864789248434,0.2174877855236298,1.2456869633707006,0.012692223790962687,0.002592592592592591,0.01907593749033912,0.5173837658985588,0.12227703258526489,0.11325239543590612,0.0,0.8405154586781841,0.6031589550038766,0.27417514785811964,0.28839887153524413,0.3472032052959739,fearful,06,08,08,female,strong,941
10,0.33366666666666667,True,1.0,0.7422182212378905,0.6584922257228883,0.7003552234803894,0.7419552843965584,-0.07611111111111107,-0.0788888888888889,0.3748627382760468,0.24730338661784013,0.218291948368932,0.9439318490062336,0.08372599551500215,0.0027777777777778234,0.01516114354922162,0.3754894353906126,0.11589999663945369,0.11961130632194597,0.0,0.9999999987499999,0.6303141223286189,0.30223570826525636,0.2757943459935269,0.3782834212616041,fearful,06,08,08,female,strong,941
20,0.6673333333333333,True,1.0,0.7673417441201414,0.8481987927609458,0.8077702684405437,0.7982234951864935,-0.08268518518518514,-0.08800925925925929,0.4372458097807324,0.24319932808643502,0.21188658673825525,1.011960025370864,0.08085704864080434,0.005324074074074148,0.014548460892412383,0.33724478155350696,0.11403697270176688,0.12154565654920599,0.0,0.7611885983420453,0.642551320825205,0.3013792400016731,0.2987423934044267,0.3994861662708113,fearful,06,08,08,female,strong,941
30,1.0010000000000001,True,1.0,0.7122535329153517,0.8176483802616304,0.7649509565884911,0.6807644178358078,-0.07745370370370375,-0.08263888888888898,0.4500558512275724,0.17623379961134542,0.21260373444601258,1.1236647165260452,0.1053948473462788,0.005185185185185237,0.012682737421404237,0.3953073468813777,0.11445725024215342,0.120992610056923,0.0,0.9999999987499999,0.6258533578275061,0.3070961592658815,0.3006763704604511,0.39978590748859705,fearful,06,08,08,female,strong,941
40,1.3346666666666667,True,1.0,0.6609278136042973,0.7176041654631752,0.6892659895337363,0.6748780465339821,-0.07634259259259257,-0.0824999999999999,0.42418431629556663,0.22706928508655755,0.22363874581897988,1.0213193229112243,0.05667635185887787,0.006157407407407334,0.0039079088059472186,0.4001467499104895,0.11189185165347922,0.12321437987050307,0.0,0.9999999987499999,0.6434597318067852,0.30327718493728906,0.29975901853141856,0.39329765402404443,fearful,06,08,08,female,strong,941
50,1.6683333333333334,True,1.0,0.659084974616769,0.6590621506136598,0.6590735626152144,0.6066283672984089,-0.07310185185185192,-0.07754629629629639,0.4439704976041293,0.07886168774879374,0.22993577946162533,1.086453582034694,2.2824003109156443e-05,0.004444444444444473,0.012215765943927013,0.4293672670337132,0.11655401704579266,0.11881385013873229,0.0,0.7240257342471421,0.6070659348426871,0.3094475220498345,0.29233045958402765,0.37903226756867187,fearful,06,08,08,female,strong,941
60,2.0020000000000002,True,1.0,0.6628121109237243,0.6092624973867131,0.6360373041552188,0.5410850391908592,-0.07412037037037028,-0.07842592592592595,0.42941594299073127,0.10695867053772858,0.23483953209256297,1.1754849202749196,0.053549613537011154,0.0043055555555556735,0.012990841167803514,0.5237723548630329,0.11590589546030429,0.11960559024925728,0.0,0.9999999987499999,0.6042560901235493,0.3082726406507605,0.28988843372199663,0.3833661934177835,fearful,06,08,08,female,strong,941
70,2.3356666666666666,True,1.0,0.7381321565041942,0.7012735241127386,0.7197028403084664,1.0541695391463457,-0.07750000000000001,-0.08157407407407408,0.35603644090283465,0.39153604490212385,0.2294660981772114,0.6827202016207692,0.03685863239145559,0.004074074074074063,0.003199910965686248,0.27357868079943787,0.1140205735218515,0.12124718012178844,0.0,0.7993521143302653,0.6131616972648435,0.30577235790980223,0.2789752739758946,0.37153729466027496,fearful,06,08,08,female,strong,941
80,2.6693333333333333,True,1.0,0.6848016805909771,0.7236079231306989,0.704204801860838,0.8194026573073306,-0.07740740740740742,-0.08277777777777778,0.38674424496584786,0.27080721506977556,0.2270887088431034,0.8594123970441485,0.03880624253972176,0.005370370370370359,0.00028224210363569046,0.37180513662799863,0.11579024846697997,0.11955830474581529,0.0,0.9999999987499999,0.6139315985222213,0.3074591385753184,0.2904767510133099,0.3967432435179775,fearful,06,08,08,female,strong,941
90,3.003,True,1.0,0.6936462530872987,0.7267391505436324,0.7101927018154655,0.6527148260656128,-0.07305555555555543,-0.07814814814814813,0.3890725536675774,0.173594368634472,0.22363874581897994,1.088059706099084,0.0330928974563337,0.005092592592592704,0.002438136224961049,0.4672400041523711,0.11871183579961056,0.11698409212578866,0.0,0.7579760267852306,0.6003357654468039,0.3088846474995265,0.29244611286172,0.38268575548199535,fearful,06,08,08,female,strong,941
100,3.336666666666667,True,1.0,0.7328816145456034,0.750206211049251,0.7415439127974273,0.6336956019299742,-0.07462962962962966,-0.08069444444444446,0.39343626557357836,0.20663987019455607,0.2201444339688936,1.170189457744368,0.017324596503647594,0.006064814814814801,0.0008046215743714789,0.4773973955469886,0.11431119807525132,0.12097321963183148,0.0,0.7681363212812707,0.6120049900507077,0.30712017482925347,0.27689820007420846,0.379209809650283,fearful,06,08,08,female,strong,941
110,3.6703333333333332,True,1.0,0.7747332454320576,0.7465073567307977,0.7606203010814276,0.6460805678207,-0.0784259259259259,-0.08000000000000013,0.38172475312735793,0.28784114045933734,0.21633365612313993,1.1772839781377153,0.02822588870125986,0.0015740740740742276,0.0018038972663135834,0.43006328572181135,0.11633754188566386,0.11870525821090087,0.0,0.9999999987499999,0.6210669540394282,0.3036264398774336,0.2775440000323933,0.38004018332741796,fearful,06,08,08,female,strong,941
0,0.0,True,1.0,0.606162343061652,0.6339712449255333,0.6200667939935927,0.6588890418780362,-0.0871296296296295,-0.09074074074074073,0.3760558675202547,0.2936353338804293,0.2125014361164707,0.9410792327433641,0.027808901863881297,0.0036111111111112315,0.006795576903920353,0.4285408796863855,0.11518076009990183,0.11982802043510876,0.0,0.9999999987499999,0.6223928116715436,0.3063625854827215,0.27077826312746306,0.37342919531470437,fearful,06,08,08,female,strong,942
10,0.33366666666666667,True,1.0,0.7094811483569694,0.6906460128612097,0.7000635806090896,0.6578102354013277,-0.08726851851851847,-0.08949074074074076,0.38129311831619517,0.29315456142885266,0.20973131666752293,1.0642333349860136,0.01883513549575966,0.002222222222222292,0.0018188384883737812,0.4285408796863863,0.11668849640901537,0.11900240575257717,0.0,0.7544291206223517,0.6241565265168567,0.30638964071691566,0.27396373821234826,0.37572604116947445,fearful,06,08,08,female,strong,942
20,0.6673333333333333,True,1.0,0.6827729537906029,0.6508644194798586,0.6668186866352308,0.8385814747841555,-0.0841203703703704,-0.08592592592592596,0.3875242020521845,0.335432589913662,0.21064316044617196,0.7951745974436949,0.03190853431074425,0.0018055555555555602,0.011058821050976199,0.3472751695741834,0.1122346550757541,0.12305712503168628,0.0,0.7071067807446058,0.6494714709321229,0.3009168303091513,0.28042595971908385,0.3743519415782055,fearful,06,08,08,female,strong,942
30,1.0010000000000001,True,1.0,0.7055770072207657,0.6589970293081586,0.6822870182644621,0.7354473099210381,-0.07782407407407405,-0.07722222222222225,0.37917370901602815,0.2739735106366848,0.22169535592265707,0.9277170628820661,0.04657997791260704,0.0006018518518517979,0.00502181329813086,0.3795624877118851,0.11271180997262889,0.12277550920936914,0.0,0.8173142696202629,0.6278937453184398,0.27999071564638783,0.2652237077841906,0.3327136638647741,fearful,06,08,08,female,strong,942
40,1.3346666666666667,True,1.0,0.6275558578307328,0.6783374588075066,0.6529466583191197,0.6448070141951814,-0.07351851851851865,-0.07481481481481489,0.41935167912156546,0.13816382822744708,0.2277941896889017,1.0126233802436189,0.050781600976773866,0.0012962962962962399,0.005581985344621295,0.471074472621575,0.11327768547151376,0.12162864774575148,0.0,0.9999999987499999,0.6039227772593413,0.3171564659850402,0.28738625501093323,0.3790598295991384,fearful,06,08,08,female,strong,942
50,1.6683333333333334,True,1.0,0.7012735241127387,0.748662814683422,0.7249681693980803,0.6880385937813338,-0.07481481481481478,-0.0793518518518519,0.4610179865434137,0.145711300625842,0.22202453297152325,1.0536736978863182,0.04738929057068331,0.004537037037037117,0.002832824096428997,0.4016917463367704,0.11969400875160084,0.11597897239853354,0.0,0.7374354336528118,0.5940921391056422,0.30770400621440736,0.30520077025460474,0.3814809332137486,fearful,06,08,08,female,strong,942
60,2.0020000000000002,True,1.0,0.6902278328901724,0.7262406259493396,0.708234229419756,0.8427894355761233,-0.07120370370370377,-0.07800925925925933,0.41939669486893294,0.18146273565649138,0.22695468546933834,0.8403454048229894,0.03601279305916716,0.006805555555555565,0.01973385087310868,0.35601940188752895,0.11784614501130682,0.11785611513837548,0.0,0.6980361993238328,0.5935942449870573,0.31003508108212297,0.2964893934947485,0.3690384558870763,fearful,06,08,08,female,strong,942
70,2.3356666666666666,True,1.0,0.7246998390220457,0.7807867642864054,0.7527433016542255,1.0453005580499652,-0.07527777777777778,-0.08037037037037031,0.3135679982263746,0.452883973639606,0.21947260379526065,0.7201214003544467,0.056086925264359655,0.0050925925925925375,0.009249544857409357,0.262982345065005,0.11400649472284788,0.120788150048816,0.0,0.7018716538597397,0.6106950112232393,0.3083014380489821,0.2651485239229064,0.36036561980755366,fearful,06,08,08,female,strong,942
80,2.6693333333333333,True,1.0,0.788605666813087,0.7365562226096619,0.7625809447113745,0.8781372238993471,-0.07990740740740743,-0.0798148148148149,0.3713646884653058,0.39516175075470583,0.20973632405794726,0.868407492538754,0.052049444203425055,9.259259259253305e-05,0.013674262445990628,0.3111655535821901,0.11266971023731893,0.1220360374065314,0.0,0.759689151609444,0.6437749297453357,0.29347027969363454,0.2833893040294816,0.37855749119081034,fearful,06,08,08,female,strong,942
90,3.003,True,1.0,0.8120785246105487,0.7244289458038445,0.7682537352071966,0.743143552044098,-0.07907407407407402,-0.07592592592592595,0.38309597320105393,0.3141129796086994,0.20982797186690283,1.033789142210856,0.08764957880670421,0.0031481481481480666,0.011634263755345379,0.37539535816745556,0.11434556549496858,0.12094073559098341,0.0,0.9999999987499999,0.6419441131999676,0.2998171469640185,0.2963381450481027,0.39857463282564803,fearful,06,08,08,female,strong,942
100,3.336666666666667,True,1.0,0.7790564859675546,0.7628513073064334,0.770953896636994,0.4086702194622973,-0.08226851851851846,-0.08189814814814816,0.36677852745975364,0.09050190527247892,0.21072138009021948,1.886493950186453,0.016205178661121256,0.00037037037037029874,0.025066730104501514,0.6530579410201676,0.1143918327422895,0.12121174188430095,0.0,0.8780045565967187,0.6227847715570604,0.3084632633192474,0.2704461144577754,0.36625238775442126,fearful,06,08,08,female,strong,942
110,3.6703333333333332,True,1.0,0.6735172254382952,0.6837882737055496,0.6786527495719223,0.21752725839430156,-0.07643518518518516,-0.07921296296296304,0.43834936781100753,-0.03197180562582548,0.21460608698134456,3.1198515284082697,0.010271048267254446,0.002777777777777879,0.003732614245709396,1.1243846626072906,0.11617523470019722,0.11918424692852285,0.0,0.9999999987499999,0.6197307556460083,0.3071643836993774,0.28112782472628134,0.3885184398746552,fearful,06,08,08,female,strong,942
0,0.0,True,1.0,0.7281748828684149,0.7216405092602488,0.7249076960643319,0.6723029699045624,-0.08134259259259263,-0.08152777777777775,0.36755625835823463,0.32175500644630284,0.20216826132333857,1.078245565637226,0.006534373608166111,0.00018518518518512161,0.0013108737361083526,0.3971188751917116,0.12250554560324649,0.11300517274183824,0.0,0.7321543930655582,0.6247428971666792,0.3027706172009472,0.2663436920746545,0.3660832530148479,fearful,06,08,08,female,strong,943
10,0.33366666666666667,True,1.0,0.7046702321566309,0.7221052374586511,0.713387734807641,0.6489174208855895,-0.08050925925925917,-0.08060185185185181,0.36280159534170114,0.2955255988570235,0.20425072840303013,1.0993505673403985,0.017435005302020135,9.259259259264407e-05,0.012887132526379264,0.4254476449563096,0.11960584248117105,0.11574114358683796,0.0,0.805347676962825,0.626618371356355,0.30185484667848245,0.26768788292636775,0.36800200092316104,fearful,06,08,08,female,strong,943
20,0.6673333333333333,True,1.0,0.6516756852677624,0.6720311359788489,0.6618534106233056,1.0967369869332768,-0.07902777777777775,-0.08013888888888882,0.35239918087759564,0.47323547292806567,0.20629475425896218,0.6034750523678394,0.020355450711086465,0.0011111111111110628,0.015355885936326188,0.2710717685175371,0.11486321932846899,0.12013243868369439,0.0,0.9823689054575085,0.6229202105451556,0.30381588894622436,0.26671538060237276,0.36686430497040484,fearful,06,08,08,female,strong,943
30,1.0010000000000001,True,1.0,0.694280458031903,0.7477655892403913,0.7210230236361471,0.7892777211607385,-0.07550925925925928,-0.08041666666666669,0.39421583277975797,0.2906591794880899,0.22530496910091105,0.9135225843899234,0.0534851312084883,0.004907407407407416,0.0025055510749391885,0.36539271697881515,0.11719198293898822,0.11850661122566676,0.0,0.9999999987499999,0.604042174283776,0.3090404545734405,0.2745003410612466,0.3695513794280147,fearful,06,08,08,female,strong,943
40,1.3346666666666667,True,1.0,0.6527377101680631,0.6567703112299879,0.6547540106990255,0.6747201614000561,-0.06874999999999992,-0.07453703703703696,0.4135505547350205,0.14921695877116578,0.22993577946162527,0.9704082494591528,0.004032601061924712,0.005787037037037035,0.021792739785871762,0.46514423076923067,0.11025610424139481,0.12498547613930283,0.0,0.7071067807446058,0.616724444449655,0.308405485707739,0.26551435056592104,0.36667078818932475,fearful,06,08,08,female,strong,943
50,1.6683333333333334,True,1.0,0.6995375977188331,0.6463738037690782,0.6729557007439556,0.7134437894744576,-0.07958333333333334,-0.0800925925925926,0.4645203940631111,0.11888834434457071,0.23423144153432005,0.9432497845971486,0.0531637939497549,0.0005092592592592649,0.013038136354346376,0.3841953049452588,0.11760366423877155,0.1180980775746873,0.0,0.7965455571933628,0.6043583786483343,0.30554200820987115,0.29902968202797514,0.39806661138476523,fearful,06,08,08,female,strong,943
60,2.0020000000000002,True,1.0,0.7241626710737905,0.7252984392527894,0.7247305551632899,0.8700853729868451,-0.08050925925925922,-0.08361111111111114,0.4258374934688451,0.13044543762701233,0.23625356727442043,0.8329418901451262,0.0011357681789988527,0.003101851851851911,0.004192313720943815,0.3215797957998979,0.11638640824868986,0.11929786982169921,0.0,0.9999999987499999,0.6034458109493799,0.30931061751020117,0.2868873487188839,0.3676929914397219,fearful,06,08,08,female,strong,943
70,2.3356666666666666,True,1.0,0.729357985602335,0.7543637943368915,0.7418608899696133,1.0872600434422819,-0.08050925925925922,-0.08393518518518522,0.3149152963750396,0.3192620492276846,0.23198424179975588,0.682321487342504,0.02500580873455649,0.003425925925925999,0.0041800512174361695,0.259404304840997,0.11574254054437629,0.11992265039307116,0.0,0.7268587418456735,0.6153579860616122,0.30585919607757045,0.27372810164462646,0.3644728998496326,fearful,06,08,08,female,strong,943
80,2.6693333333333333,True,1.0,0.7174582833164557,0.7886373818323886,0.7530478325744221,0.9956274443107218,-0.0796296296296296,-0.08361111111111119,0.3699018212280342,0.3030170482684803,0.23196549513589726,0.756355037094986,0.07117909851593296,0.003981481481481586,0.011722831506974314,0.3179347826086952,0.11675057765944793,0.11878121247717291,0.0,0.9999999987499999,0.6037464792948429,0.3063833981269614,0.2827018559764251,0.3707644611965451,fearful,06,08,08,female,strong,943
90,3.003,True,1.0,0.7032771611762318,0.7457817580610643,0.724529459618648,0.8810125148141642,-0.08310185185185193,-0.08699074074074065,0.37571154090716885,0.3054998314812076,0.23064025385333514,0.8223827101610198,0.042504596884832435,0.0038888888888887196,0.01321186326577244,0.34512094214629235,0.12084205684436497,0.11478229422399538,0.0,0.87543372307532,0.6080283120513831,0.30261151190062474,0.286193726773077,0.37369248638448854,fearful,06,08,08,female,strong,943
100,3.336666666666667,True,1.0,0.7145141900929182,0.7677476970222374,0.7411309435575778,0.7734784404655198,-0.07976851851851846,-0.08296296296296302,0.37496329976810994,0.26498798423355696,0.22854734433493448,0.9581791874011722,0.053233506929319274,0.0031944444444445552,0.014131593189100802,0.39583333333333404,0.120655804257024,0.11497806168570925,0.0,0.7071067807446058,0.6088871186052547,0.3025290614435209,0.28243559333592066,0.36621472526814586,fearful,06,08,08,female,strong,943
110,3.6703333333333332,True,1.0,0.7510967590553255,0.7687105516077366,0.759903655331531,0.7503279290457613,-0.0798611111111111,-0.08342592592592607,0.3732142957322193,0.28858766501760036,0.225164056943071,1.0127620549830096,0.017613792552411134,0.003564814814814965,0.005842833976757249,0.4007021187394414,0.11952423866295314,0.1161539243480106,0.0,0.9999999987499999,0.6091321205357143,0.3000111180611829,0.2787112427609263,0.37160909318520896,fearful,06,08,08,female,strong,943
0,0.0,True,1.0,0.5024043422811633,0.49909215199827534,0.5007482471397193,0.48488182406548674,-0.08087962962962963,-0.0819907407407407,0.36549919845028334,0.21293043792441813,0.20287407340637148,1.0327222475389997,0.003312190282887928,0.0011111111111110628,0.01556802471867667,0.6199736620810515,0.11796521544210473,0.11773693437065923,0.0,0.7071067807446058,0.627816264576143,0.3034065068085513,0.2592629661840473,0.3633246911910403,disgust,07,08,08,female,normal,944
10,0.33366666666666667,True,1.0,0.5978316733703133,0.623264498889998,0.6105480861301557,0.47702366395803275,-0.07370370370370372,-0.07314814814814807,0.36877266654363283,0.1787734295249404,0.20488494447049796,1.2799115269549186,0.025432825519684732,0.0005555555555556424,0.012245244889233698,0.6219520066541799,0.11724532005515399,0.11780873016845754,0.0,0.7453736358331721,0.6208957151063551,0.30612428485345755,0.25832156362223196,0.3581028622044116,disgust,07,08,08,female,normal,944
20,0.6673333333333333,True,1.0,0.46986768167462345,0.48893162096003967,0.47939965131733153,0.49853813139656156,-0.07453703703703701,-0.07504629629629639,0.3792871705367398,0.20516812552524658,0.2041849763925309,0.9616107999088913,0.01906393928541622,0.0005092592592593759,0.01814253473588587,0.5854078544387797,0.11849537162750806,0.11720334752951408,0.0,0.7071067807446058,0.622807888366284,0.30585733615218785,0.25884218012103194,0.35928430814052087,disgust,07,08,08,female,normal,944
30,1.0010000000000001,True,1.0,0.4804122890184366,0.5187976366256651,0.49960496282205086,0.886499181099476,-0.06569444444444444,-0.071388888888889,0.3760273991855801,0.332422584818903,0.20694591911410634,0.5635706986242428,0.03838534760722856,0.0056944444444445574,0.0,0.3577903329989004,0.11790466331304089,0.11779757271809815,0.0,0.8344845439453539,0.6251796132749975,0.3073861123889828,0.27764317121395227,0.38480657624157083,disgust,07,08,08,female,normal,944
40,1.3346666666666667,True,1.0,0.4690998806313518,0.532756486230086,0.5009281834307189,0.6302416922311648,-0.06064814814814812,-0.065,0.38892315350781814,0.20769328493981604,0.20763888888888893,0.7948191774767333,0.0636566055987342,0.0043518518518518845,0.010384474609444368,0.4990972771627599,0.11571904273941655,0.11978638056365758,0.0,0.7629976646141525,0.6286941901838861,0.30640878690175066,0.2822707317090704,0.3794039266582475,disgust,07,08,08,female,normal,944
50,1.6683333333333334,True,1.0,0.4942879895084768,0.5257428367200412,0.510015413114259,0.9031145634769272,-0.0585648148148149,-0.06291666666666673,0.3754541377005386,0.29131528945644464,0.20555592671495446,0.5647294747974562,0.031454847211564385,0.004351851851851829,0.005451528321310713,0.3904381735858015,0.11528903753296199,0.12020029802765321,0.0,0.8284840757943764,0.6351236531253126,0.3041161753747065,0.29394598858565013,0.395385594874217,disgust,07,08,08,female,normal,944
60,2.0020000000000002,True,1.0,0.41530480442004397,0.4250211098475638,0.4201629571338039,0.7866767545838017,-0.05560185185185185,-0.059212962962962856,0.3799758479751212,0.2216534488852302,0.20486706971089572,0.5340986049042403,0.009716305427519834,0.0036111111111110095,0.006352906780592359,0.4126249434690309,0.11734585969195087,0.11722200880898175,0.0,0.9999999987499999,0.5995090133944202,0.2769227728914751,0.3087092943374135,0.3529483873562641,disgust,07,08,08,female,normal,944
70,2.3356666666666666,True,1.0,0.3350970365588609,0.38088658011436916,0.35799180833661504,0.5768944667784623,-0.0535648148148149,-0.05861111111111117,0.3994528234955847,0.13734350841778561,0.2063332129721016,0.6205499080893251,0.04578954355550824,0.005046296296296271,0.0007369453251396816,0.5778064317287673,0.1149688642925396,0.12034836981325955,0.0,0.9999999987499999,0.6059897507440476,0.31302476768758325,0.2710703108435081,0.37226521877594365,disgust,07,08,08,female,normal,944
80,2.6693333333333333,True,1.0,0.4043765672776611,0.4347037746334165,0.41954017095553875,0.7065009603216528,-0.058935185185185146,-0.06222222222222218,0.3665816298068027,0.22533383599178528,0.20370643742329309,0.5938281679964487,0.030327207355755392,0.0032870370370370328,0.0074005055095505146,0.45894894949595827,0.11863506787531036,0.11673598650018928,0.0,0.9999999987499999,0.5909569038631077,0.286065871961319,0.2920625718230826,0.36026106925785706,disgust,07,08,08,female,normal,944
90,3.003,True,1.0,0.4696217777035804,0.5209867541460637,0.495304265924822,0.5856563102513742,-0.054490740740740784,-0.05999999999999994,0.37949770287314594,0.14635620398322502,0.20638349432189484,0.8457251416145906,0.05136497644248328,0.005509259259259158,0.0019680827091885845,0.5504943041339222,0.11526848637167439,0.12037837770238954,0.0,0.8212947806521339,0.6039259143422995,0.3136579739489743,0.26764729995735387,0.37172825632459927,disgust,07,08,08,female,normal,944
100,3.336666666666667,True,1.0,0.4607695774613048,0.49234515628884223,0.47655736687507355,0.6146165642355063,-0.05217592592592596,-0.059120370370370434,0.37994093290474495,0.1389083374651383,0.2063332129721016,0.7753734516866491,0.03157557882753742,0.006944444444444475,0.006792877223704169,0.5568557874446926,0.11629421926128103,0.11858715190744429,0.0,0.7424411627863172,0.5939878064116272,0.3175480784201108,0.2646105682123388,0.3646511393340895,disgust,07,08,08,female,normal,944
110,3.6703333333333332,True,1.0,0.16129311948717714,0.1584111829569568,0.15985215122206697,0.5778385306032533,-0.06953703703703717,-0.07398148148148148,0.3660840086988656,0.12159694050747127,0.20215731705202655,0.27663809655473154,0.0028819365302203415,0.0044444444444443065,0.008890163247439528,0.5092206861588855,0.12111422305866447,0.11416179241314348,0.0,0.7678278997844517,0.5734710876069178,0.285147196563826,0.27919714561886855,0.3369132978014248,disgust,07,08,08,female,normal,944
0,0.0,True,1.0,0.6362687568441397,0.6558335680661893,0.6460511624551646,0.5183834758681224,-0.06870370370370377,-0.07,0.3727275612837247,0.1904779181748931,0.19931933583917824,1.2462803938208884,0.01956481122204956,0.0012962962962962399,0.0012093664473352766,0.6017593863073332,0.12120605926626582,0.1142311910962164,0.0,0.764391079937263,0.6174550810402286,0.27983878637982873,0.28968623731820575,0.3437694924701777,disgust,07,08,08,female,normal,945
10,0.33366666666666667,True,1.0,0.6204618824309973,0.6402622062585032,0.6303620443447502,0.49064731543869156,-0.06578703703703703,-0.06708333333333327,0.3684492324662958,0.1760817148851304,0.201426769216417,1.2847559224514224,0.01980032382750585,0.0012962962962962399,0.0016896782860212295,0.6441450111724218,0.12185005951279934,0.11371165624647254,0.0,0.7852531331319418,0.6105243931791466,0.2789545130153403,0.28961879591219286,0.3429827211191832,disgust,07,08,08,female,normal,945
20,0.6673333333333333,True,1.0,0.21041632234166652,0.23797421468725327,0.2241952685144599,0.5052743086914565,-0.08046296296296296,-0.08374999999999999,0.39233047762382894,0.14419658454562412,0.2028624150400572,0.44371000990545856,0.027557892345586754,0.0032870370370370328,0.004267879579010274,0.6048230993336393,0.12050635801510447,0.11496908932316643,0.0,0.8344992554896459,0.6080210454494298,0.2805927408575216,0.29740404863794645,0.3461027516329969,disgust,07,08,08,female,normal,945
30,1.0010000000000001,True,1.0,0.2030964618116965,0.22213309639155784,0.21261477910162718,0.6662206710402097,-0.0766203703703704,-0.07944444444444448,0.4333079955220074,0.09139203714173116,0.2028232982062451,0.3191356683209171,0.01903663457986135,0.00282407407407409,0.0067580894885157635,0.4557663283535684,0.11751616164746322,0.11818514932341995,0.0,0.7768112175755004,0.6106147984818928,0.28719892711089523,0.3128016110686331,0.371386048703199,disgust,07,08,08,female,normal,945
40,1.3346666666666667,True,1.0,0.18812183813017244,0.20666270533888204,0.19739227173452722,0.6180457878800371,-0.06865740740740739,-0.07314814814814807,0.41157097147206967,0.15107785925956518,0.19867601971628515,0.3193813073487706,0.018540867208709594,0.004490740740740684,0.011765201421846972,0.5268778877899277,0.11974676868563996,0.11592449766421163,0.0,0.6917057172623036,0.6134143282547395,0.2867330597968363,0.31272080393906,0.36631674345221776,disgust,07,08,08,female,normal,945
50,1.6683333333333334,True,1.0,0.4523841766398364,0.46977880898979246,0.4610814928148144,0.7142280274967975,-0.05236111111111108,-0.05777777777777787,0.41322064823493593,0.15107785925956407,0.20077995992193756,0.6455662268404636,0.017394632349956085,0.005416666666666792,0.003587030450699555,0.4451481570457259,0.11595671842878343,0.11971556799410511,0.0,0.7092713274206527,0.6220902231361295,0.3149987531409361,0.279236331727229,0.3969061782209812,disgust,07,08,08,female,normal,945
60,2.0020000000000002,True,1.0,0.5209534983150481,0.5190452303000008,0.5199993643075245,0.5971963433857099,-0.05370370370370375,-0.058009259259259316,0.39096325143807253,0.1310918802553995,0.20208333333333328,0.8707343406683815,0.0019082680150472875,0.0043055555555555625,0.01097521589446032,0.5219116835949673,0.11640405222514119,0.11815729669157786,0.0,0.7976879831732973,0.6061496033804147,0.28473224693263116,0.2965954208066812,0.3558128464591465,disgust,07,08,08,female,normal,945
70,2.3356666666666666,True,1.0,0.44907258879290074,0.47292824617224816,0.4610004174825745,0.6980696035341915,-0.050925925925925875,-0.05439814814814814,0.34337329437813746,0.18276220145378955,0.2041801188701787,0.6603931973955297,0.023855657379347417,0.0034722222222222654,0.014828409741806416,0.42907839589617175,0.11871633609742953,0.1168165457673206,0.0,0.7753072928335908,0.5976519362979568,0.28686822276234897,0.29988024399272833,0.3612480321190265,disgust,07,08,08,female,normal,945
80,2.6693333333333333,True,1.0,0.4742228503029691,0.5034795475883149,0.488851198945642,0.5766923279674662,-0.04745370370370361,-0.052685185185185335,0.3902494259312817,0.06487147291983418,0.20347372205671155,0.8476811208302052,0.0292566972853458,0.005231481481481726,0.0022403826521122535,0.5489527287889979,0.11962561376880713,0.11604951658445199,0.0,0.9114370797005703,0.5920851636279512,0.2839271093415178,0.3092687351201273,0.3680519248990235,disgust,07,08,08,female,normal,945
90,3.003,True,1.0,0.10787629893029684,0.12698412698412667,0.11743021295721176,0.5476002184348364,-0.06421296296296286,-0.06814814814814818,0.40102755166447035,0.06318464058863471,0.204170029800638,0.21444515360650057,0.019107828053829837,0.003935185185185319,0.01929923223699553,0.5919017957943384,0.1198708079833362,0.11563158398541766,0.0,0.9999999987499999,0.564686043417367,0.29140940243095914,0.288101856224539,0.3578307672244705,disgust,07,08,08,female,normal,945
100,3.336666666666667,True,1.0,0.04589086299189558,0.0967677036714252,0.07132928333166039,0.5294560430200561,-0.07143518518518505,-0.07500000000000001,0.4031860120187508,0.04876034633312044,0.20208333333333334,0.1347218230333021,0.05087684067952963,0.003564814814814965,0.017902147997639846,0.6091190174036398,0.11750113695917531,0.11820008706570612,0.0,0.8250405691020984,0.6102534005242722,0.317480387947961,0.27812369281326743,0.38007889710340653,disgust,07,08,08,female,normal,945
0,0.0,True,1.0,0.5144975876845781,0.5635837377939397,0.5390406627392589,0.45217441477446757,-0.05532407407407414,-0.05828703703703708,0.3670547164840475,0.05260593500893669,0.21321734630882008,1.1921078352213224,0.04908615010936157,0.002962962962962945,0.00488163950439844,0.6570809718994667,0.12466376524947553,0.11061972429763571,0.0,0.803489954562612,0.5546452897252651,0.2854862427455107,0.26651922359447056,0.33090470984050907,disgust,07,08,08,female,normal,946
10,0.33366666666666667,True,1.0,0.21622255279692643,0.23246790818227317,0.2243452304895998,0.5391861441804239,-0.05629629629629629,-0.06273148148148144,0.37168864886358643,0.0896893535802527,0.20557930840615515,0.4160812233604594,0.016245355385346744,0.006435185185185155,0.016478834692384037,0.61384885710473,0.12162250921867203,0.11378769297796638,0.0,0.7071067807446058,0.5539300910833084,0.2890231263311602,0.2642639062729553,0.3293452050946577,disgust,07,08,08,female,normal,946
20,0.6673333333333333,True,1.0,0.3260272072053341,0.3653548773831527,0.3456910422942434,0.5208159000781544,-0.05365740740740749,-0.0585648148148149,0.37821773681606063,0.11147391527210601,0.20144343430390388,0.6637490181124819,0.039327670177818574,0.004907407407407416,0.004370744855453499,0.6318853529618247,0.1203419377832326,0.11530652964977302,0.0,0.8131143552958104,0.5871863313215913,0.2817924562376986,0.2789031156961576,0.3346113135568207,disgust,07,08,08,female,normal,946
30,1.0010000000000001,True,1.0,0.2186719373495357,0.23686482434172143,0.22776838084562856,0.7821455276234746,-0.05375000000000002,-0.06124999999999997,0.382065192400625,0.191836212281555,0.20006445799670566,0.29120972095524966,0.01819288699218574,0.007499999999999951,0.006337064909311209,0.4249234511954148,0.11918380016798125,0.11650321689458677,0.0,0.9999999987499999,0.6010952728982218,0.28477862423194317,0.2969694777867747,0.3607218901494738,disgust,07,08,08,female,normal,946
40,1.3346666666666667,True,1.0,0.2449547493324894,0.29604622483073456,0.270500487081612,0.6748348408527632,-0.04282407407407407,-0.048055555555555685,0.401117873797366,0.1405905918443252,0.19727791968317593,0.40083953984917375,0.051091475498245165,0.005231481481481615,0.004656488855573715,0.5043367293454246,0.119775559032014,0.1158947506486095,0.0,0.9999999987499999,0.6027063266712935,0.28441872904850035,0.3057959234536673,0.3612210166389902,disgust,07,08,08,female,normal,946
50,1.6683333333333334,True,1.0,0.4500383103201295,0.4551268735923437,0.4525825919562366,0.7929031848076404,-0.0443055555555556,-0.04939814814814819,0.41284616762295184,0.1230309152948783,0.20139040423879123,0.5707917443490076,0.0050885632722142415,0.005092592592592593,0.003636442460340468,0.42705222352877614,0.11596557651217257,0.11970698740284819,0.0,0.9493237244601832,0.6240335823079232,0.3127772001815672,0.2909528902885074,0.3999604526650388,disgust,07,08,08,female,normal,946
60,2.0020000000000002,True,1.0,0.5064425610544921,0.5244360897936133,0.5154393254240528,0.7861344234189231,-0.04865740740740737,-0.05254629629629626,0.3851711055176098,0.16741751609847477,0.20486260077730514,0.6556630902669178,0.01799352873912119,0.003888888888888886,0.0033660240462911775,0.3871921345494085,0.11750047244633464,0.11820074764511061,0.0,0.9236882200568828,0.6227611406906512,0.3124616050003078,0.2880713824923693,0.3869829576962936,disgust,07,08,08,female,normal,946
70,2.3356666666666666,True,1.0,0.3927573387778233,0.44048038174497606,0.4166188602613997,0.6154309033032987,-0.04393518518518513,-0.04722222222222239,0.3972248020992368,0.09090850047699064,0.20972549626796166,0.6769547288334337,0.04772304296715274,0.003287037037037255,0.0005560480615486147,0.5388083575106615,0.12125381828020979,0.11418049471934343,0.0,0.8435030133471818,0.5708053401204233,0.2878277270009679,0.3028493024181082,0.35990869540555515,disgust,07,08,08,female,normal,946
80,2.6693333333333333,True,1.0,0.4460347384146578,0.4858266955546386,0.46593071698464816,0.6784944026722259,-0.04472222222222222,-0.047685185185185275,0.34388176859273156,0.1130722600923005,0.20625924754363292,0.6867126908484384,0.039791957139980794,0.002962962962963056,0.0036425300186743678,0.4687079661336964,0.11969534053524404,0.11597759793696168,0.0,0.8710283325692081,0.5659386328515781,0.28989201601433184,0.2918729696447501,0.3483977591553314,disgust,07,08,08,female,normal,946
90,3.003,True,1.0,0.46066103337341374,0.4735492535205998,0.46710514344700677,0.5202452995158324,-0.04324074074074091,-0.047222222222222276,0.3976374751359129,0.056236236737730046,0.20625924754363292,0.897855576747583,0.012888220147186047,0.003981481481481364,0.0007457604079748012,0.6558714133895429,0.12204021189547735,0.11333958047674199,0.0,0.7559860767360289,0.5591315127066451,0.28861814781697503,0.29438691426402097,0.35239885687485883,disgust,07,08,08,female,normal,946
100,3.336666666666667,True,1.0,0.2078925310382943,0.2478989596596185,0.2278957453489564,0.6554594012770002,-0.05564814814814811,-0.05935185185185188,0.3830870181174259,0.08739458683693421,0.20487451771692236,0.3476885752267158,0.0400064286213242,0.0037037037037037646,0.015547776495522116,0.5374999999999996,0.1218331200187371,0.11372980539864094,0.0,0.8827900276897026,0.5647640288928071,0.2876681667124994,0.2944756434500596,0.3538507093352519,disgust,07,08,08,female,normal,946
110,3.6703333333333332,True,1.0,0.16820942282542514,0.1564372887429966,0.16232335578421087,0.739630689454382,-0.061990740740740624,-0.06620370370370354,0.38088740547852656,0.14788870829817138,0.20214712702540868,0.21946541442723955,0.011772134082428554,0.004212962962962918,0.012948374754198458,0.4516599679594484,0.11770243483535693,0.11767627929075952,0.0,0.7071067807446058,0.5844330019195177,0.28873653920898146,0.2997730683552574,0.3557219159444954,disgust,07,08,08,female,normal,946
0,0.0,True,1.0,0.5114197702547285,0.5339344415517338,0.5226771059032311,0.5395693729868434,-0.05527777777777776,-0.05777777777777782,0.3673512060746576,0.16949141224867922,0.19930900071578367,0.9686930579656452,0.02251467129700524,0.0025000000000000577,0.004202922720683372,0.5736962890914744,0.12054523854599795,0.115093975660571,0.0,0.793734670338926,0.6154535881305647,0.315017397889456,0.2624981341501814,0.3662921175341176,disgust,07,08,08,female,normal,947
10,0.33366666666666667,True,1.0,0.5078471299143642,0.5495001242634202,0.5286736270888922,0.4727560204328565,-0.05486111111111114,-0.058472222222222314,0.3734930747918484,0.14478153860113316,0.2000034331980719,1.1182800519490739,0.041652994349056005,0.003611111111111176,0.01094834994624708,0.6476298115575404,0.11917788720636452,0.11618175878839272,0.0,0.9999999987499999,0.6136742935924371,0.3155611927570088,0.2603024733355445,0.3660498752292131,disgust,07,08,08,female,normal,947
20,0.6673333333333333,True,1.0,0.37086101302092134,0.450038310320129,0.41044966167052516,0.5639339284878024,-0.05203703703703699,-0.05578703703703691,0.3597523589123748,0.1879550338330885,0.20070052674847225,0.7278328912948229,0.07917729729920764,0.00374999999999992,0.016266867959917934,0.6149715469236079,0.11713160478568409,0.11840549388338088,0.0,0.9999999987499999,0.6124694407059699,0.31621419241209026,0.2646290044573131,0.3670316736889707,disgust,07,08,08,female,normal,947
30,1.0010000000000001,True,1.0,0.45598898221945694,0.5064987070488811,0.481243844634169,0.7374768674486738,-0.049351851851851924,-0.049398148148148135,0.3779781379327047,0.1881318539409888,0.20000000000000007,0.6525544947586606,0.050509724829424174,4.6296296296211015e-05,0.020498102676145047,0.45963696447164204,0.1195989074406637,0.115418643718805,0.0,0.9999999987499999,0.594893024834934,0.2847098984444024,0.30059274026732014,0.36209554438987607,disgust,07,08,08,female,normal,947
40,1.3346666666666667,True,1.0,0.4480374754585955,0.47207790906732655,0.460057692262961,0.6248186641778282,-0.043703703703703745,-0.045046296296296306,0.404642723058188,0.11359411135402796,0.2006948245938466,0.7363059374487972,0.024040433608731038,0.001342592592592562,0.022037359286182622,0.5373686933183588,0.11940939389621252,0.11544979290086288,0.0,0.8525623516864851,0.5942890770370648,0.2848631876673702,0.30245831467110207,0.36374390526600975,disgust,07,08,08,female,normal,947
50,1.6683333333333334,True,1.0,0.42259786665350035,0.45850698028147263,0.44055242346748646,0.7021628874919935,-0.053194444444444544,-0.05453703703703705,0.4294514556178866,0.06624178183886711,0.21188658673825525,0.6274219719032216,0.03590911362797228,0.0013425925925925064,0.04166967277668617,0.4351415094339626,0.11950236483299556,0.11617642862791158,0.0,0.8339558087745688,0.5845424397493373,0.28459888095973057,0.3072654848181431,0.3694942359999109,disgust,07,08,08,female,normal,947
60,2.0020000000000002,True,1.0,0.41958115692468434,0.4510192083085135,0.4353001826165989,0.6567350562254428,-0.048842592592592604,-0.05217592592592579,0.415825782602632,0.04887430988889802,0.21258076647568716,0.6628246482203469,0.03143805138382916,0.0033333333333331883,0.034603576789390175,0.45647955564923326,0.1206292855704225,0.11450782239412984,0.0,0.9999999987499999,0.5610803765256103,0.28850796891151304,0.29032819830985046,0.35445453157066364,disgust,07,08,08,female,normal,947
70,2.3356666666666666,True,1.0,0.3321979498535176,0.36435918027630265,0.3482785650649101,0.616424106326125,-0.044351851851851865,-0.046203703703703636,0.39984952687629277,0.050174055166079756,0.2118185226278855,0.5649982885008232,0.03216123042278507,0.0018518518518517713,0.034365593396128415,0.5237723548630329,0.12190604768550954,0.11348387268541921,0.0,0.9475017923051939,0.5621379602778611,0.2846060371002557,0.2913783255358438,0.34985500110762713,disgust,07,08,08,female,normal,947
80,2.6693333333333333,True,1.0,0.3956742434587727,0.43031095001946396,0.41299259673911837,0.7736462778203161,-0.04166666666666663,-0.04287037037037045,0.3967492491475158,0.05013286188202549,0.20835676951512228,0.5338261277527122,0.03463670656069123,0.0012037037037038179,0.03683934746225191,0.406583630743042,0.12168843406737279,0.11371718795436128,0.0,0.9999999987499999,0.5638636314369497,0.28513423660741494,0.29340724735254686,0.3596620098530583,disgust,07,08,08,female,normal,947
90,3.003,True,1.0,0.4217645348723218,0.4508948517075046,0.4363296932899132,0.6656859397889461,-0.043194444444444424,-0.04583333333333328,0.4078954311233149,0.05547001962252273,0.20903690243586584,0.6554587789975711,0.0291303168351828,0.0026388888888888573,0.030880273284847295,0.4808871903135707,0.1222146827281798,0.11331967655695585,0.0,0.9999999987499999,0.5589753490224215,0.285360875578662,0.29811926390618565,0.3599622878512312,disgust,07,08,08,female,normal,947
100,3.336666666666667,True,1.0,0.4608029435575982,0.4903504306068572,0.47557668708222767,0.7558314624694333,-0.045509259259259305,-0.04662037037037037,0.39865710809950916,0.09097971307502412,0.20487042134711556,0.6292099637244997,0.02954748704925897,0.0011111111111110628,0.02181188232411559,0.4166666666666669,0.12185007570639785,0.113543968894328,0.0,0.8417082183448499,0.5583096691410939,0.2875867169234843,0.2967322709765681,0.3651810936525733,disgust,07,08,08,female,normal,947
110,3.6703333333333332,True,1.0,0.3554782698437773,0.39024380504231526,0.3728610374430463,0.6642855110682865,-0.055185185185185226,-0.055509259259259314,0.3888418206935296,0.07941950394906448,0.20625036990970622,0.5612963571091908,0.03476553519853798,0.0003240740740740877,0.03297908256282478,0.5017922682029841,0.1208250588623873,0.11446779033945471,0.0,0.9369072169162197,0.5575857515740672,0.288070440325357,0.28877669269574413,0.35708649415767757,disgust,07,08,08,female,normal,947
0,0.0,True,1.0,0.5857302451963826,0.6321448387227897,0.6089375419595862,0.5541494093794779,-0.058611111111111,-0.06115740740740738,0.36098442875784054,0.15814469642724194,0.20006445799670575,1.0988688820249013,0.04641459352640709,0.0025462962962963798,0.008667989446174031,0.5366155510810123,0.12135919804944015,0.11423538338881879,0.0,0.9999999987499999,0.610501101424945,0.28195260964367774,0.28667270667102257,0.34655124819885663,disgust,07,08,08,female,strong,948
10,0.33366666666666667,True,1.0,0.5863854529313283,0.6327666875844303,0.6095760702578793,0.526268531338124,-0.05805555555555558,-0.06199074074074079,0.370219381842769,0.17005402417581986,0.19867601971628515,1.158298537645662,0.046381234653102066,0.003935185185185208,0.010520295670990627,0.5739647712418693,0.12051041620484222,0.11513043626869036,0.0,0.7728483230741376,0.6100333838379103,0.2807828767612208,0.2860435209773472,0.344467874514168,disgust,07,08,08,female,strong,948
20,0.6673333333333333,True,1.0,0.5392485535795499,0.6097735166722182,0.5745110351258841,0.608367304188228,-0.05467592592592585,-0.0593981481481482,0.368239497436208,0.17151943223249622,0.19868638776562578,0.9443489667684888,0.07052496309266831,0.00472222222222235,0.009634969957187843,0.5007871658459376,0.11815924455991156,0.11738000999447215,0.0,0.9999999987499999,0.6100244015887605,0.2817122720328661,0.2889899581369989,0.3427873763070155,disgust,07,08,08,female,strong,948
30,1.0010000000000001,True,1.0,0.17412318751040615,0.19785674842159234,0.18598996796599926,0.818182087513315,-0.05995370370370362,-0.06421296296296308,0.43224564138138033,0.1622795105102744,0.19807080072715016,0.22732099712824924,0.023733560911186197,0.0042592592592594625,0.01783155677316739,0.39559073466286737,0.11471018486107241,0.12091050929409494,0.0,0.7917351162880536,0.6109468590639381,0.28412407572091963,0.3052911336379461,0.38584188061673513,disgust,07,08,08,female,strong,948
40,1.3346666666666667,True,1.0,0.225290499752574,0.21387589670898335,0.21958319823077868,0.6576925556343901,-0.0521759259259259,-0.0553703703703704,0.4395187674734384,0.09666659114592249,0.19812048338974203,0.333869064427794,0.011414603043590654,0.0031944444444444997,0.019537170812707772,0.4975980621639871,0.1153381349814098,0.12015318739073846,0.0,0.980173684626603,0.6166781223973964,0.28614204803747656,0.30928857333604426,0.37428324566259275,disgust,07,08,08,female,strong,948
50,1.6683333333333334,True,1.0,0.1977683150485223,0.23917650279498023,0.21847240892175127,0.6933414487188376,-0.04833333333333334,-0.05162037037037037,0.4165982465184831,0.16312924253932712,0.1981974861513386,0.31510074772746743,0.041408187746457936,0.0032870370370370328,0.026453709266489978,0.4978401009325118,0.11721183268503826,0.11832607531779639,0.0,0.797739146934874,0.6114840230232719,0.2857584828713901,0.3095232930568691,0.3696023029648354,disgust,07,08,08,female,strong,948
60,2.0020000000000002,True,1.0,0.33313997350558017,0.3432126857418802,0.3381763296237302,0.9620075759333466,-0.042592592592592515,-0.045879629629629715,0.3957730990502662,0.1579359763729403,0.19668300026825294,0.3515318777979779,0.010072712236300019,0.0032870370370371993,0.009707828361500895,0.345496158895054,0.1165442557800648,0.1191436704719932,0.0,0.9010553944158225,0.582278257599915,0.29187330247325377,0.2880773511737685,0.3586639987627323,disgust,07,08,08,female,strong,948
70,2.3356666666666666,True,1.0,0.3528777860035443,0.4061639137702588,0.37952084988690155,0.5171685756183324,-0.04699074074074089,-0.04782407407407413,0.38291203518554584,0.09603319116990497,0.19799220734919584,0.7338436010601422,0.053286127766714486,0.0008333333333332416,0.006177394891169238,0.5973050162279837,0.11905455346085186,0.11647182973398834,0.0,0.9999999987499999,0.5868750971794968,0.29062849211775105,0.2806982824592096,0.350656065640454,disgust,07,08,08,female,strong,948
80,2.6693333333333333,True,1.0,0.3472585707195309,0.36764858295659103,0.357453576838061,0.65342722104553,-0.041805555555555596,-0.04365740740740742,0.3761504812556584,0.09116809116809083,0.20277777777777778,0.5470442083299039,0.020390012237060107,0.0018518518518518268,0.008007620182858798,0.5106604996003081,0.11793713859735676,0.11776505894548496,0.0,0.8052392391326646,0.5784906445937751,0.29000026666991585,0.2902670721779921,0.3541340846382806,disgust,07,08,08,female,strong,948
90,3.003,True,1.0,0.40263522000571433,0.4227328496313116,0.41268403481851296,0.7831179037198769,-0.04120370370370374,-0.04370370370370369,0.3769490848279611,0.13553170785073476,0.20139040423879118,0.5269756097494752,0.020097629625597246,0.0024999999999999467,0.009489700254369066,0.4330941089632121,0.12015869308111801,0.11549747289916878,0.0,0.9999999987499999,0.5761066516684799,0.2883221294372872,0.29517610030615177,0.36625797194423443,disgust,07,08,08,female,strong,948
100,3.336666666666667,True,1.0,0.4743490509099253,0.47756839591793276,0.47595872341392903,0.6803389181308311,-0.04138888888888892,-0.044351851851851753,0.3800283177257196,0.07394435414908579,0.20694481311284502,0.6995906168672256,0.003219345008007468,0.002962962962962834,0.01529518275951672,0.4895766863197255,0.1211571812942311,0.11428303129775262,0.0,0.803866459124744,0.5430013888446004,0.29589315685276574,0.27964161456942865,0.360303144739835,disgust,07,08,08,female,strong,948
110,3.6703333333333332,True,1.0,0.42684654456290205,0.4562021473314435,0.44152434594717277,0.6193227927815493,-0.042638888888889004,-0.044490740740740775,0.4039067569360953,0.007037183978399485,0.20555704018912993,0.7129147370213281,0.029355602768541433,0.0018518518518517713,0.017836047098703085,0.5260719773456357,0.1204096354676036,0.11457260434195864,0.0,0.8545707456946596,0.5702228228635204,0.28820064238858256,0.3013351450198942,0.3668879062852296,disgust,07,08,08,female,strong,948
120,4.0040000000000004,True,1.0,0.14591594897391727,0.1647714618585401,0.1553437054162287,0.439232527336639,-0.06259259259259253,-0.06435185185185188,0.4110062406921036,0.03429385479334512,0.20001869114320447,0.3536707683244263,0.018855512884622838,0.0017592592592593492,0.005619580259082388,0.7229614375375905,0.11767423632270517,0.11721788317917596,0.0,0.8268209187763692,0.5731370655449679,0.2883131156649243,0.28506145279087564,0.3408085462423081,disgust,07,08,08,female,strong,948
0,0.0,True,1.0,0.5393104209596543,0.6124107248631965,0.5758605729114255,0.45463738585673347,-0.05986111111111109,-0.06046296296296294,0.37321660848272403,0.13617595128965862,0.20507551163090884,1.266637084467339,0.07310030390354216,0.0006018518518518534,0.0192153842455073,0.676014701586781,0.12221964401519764,0.11331432560122297,0.0,0.807959788046274,0.6064395482880652,0.2801496136830204,0.2831576579696057,0.3431482456225216,disgust,07,08,08,female,strong,949
10,0.33366666666666667,True,1.0,0.5405742142552973,0.6280614379346923,0.5843178260949948,0.442076907265019,-0.05921296296296291,-0.060046296296296264,0.3679785449674549,0.1291860239585879,0.20858074501698437,1.3217560485345694,0.08748722367939499,0.0008333333333333526,0.024968659434100947,0.717091545860374,0.12165582678743567,0.11391943459329945,0.0,0.8591567666556912,0.6003323990924494,0.28108696405578765,0.2845131693613846,0.34088186888499283,disgust,07,08,08,female,strong,949
20,0.6673333333333333,True,1.0,0.11536827611361365,0.1537561529899104,0.13456221455176204,0.45595436207417345,-0.07287037037037036,-0.07398148148148148,0.37359904990114773,0.08335751878684924,0.20430152228090073,0.2951221125281653,0.03838787687629676,0.0011111111111111183,0.03750692007566024,0.7228381516215657,0.11435081532215896,0.12125043836467814,0.0,0.9999999987499999,0.6195530952537265,0.28373339413486093,0.2736065977231561,0.34375323997661567,disgust,07,08,08,female,strong,949
30,1.0010000000000001,True,1.0,0.142692198041349,0.18506895697308284,0.1638805775072159,0.7695357393858807,-0.07921296296296299,-0.07615740740740734,0.3887344681701552,0.23891402714932158,0.19179559324362383,0.21296032025490974,0.04237675893173384,0.0030555555555556446,0.06871292106710382,0.40755804589608896,0.11983021654614302,0.11583823622653676,0.0,0.8050602650837003,0.6353501502788615,0.278512274456906,0.3033849390543492,0.3786387701462037,disgust,07,08,08,female,strong,949
40,1.3346666666666667,True,1.0,0.11514894606154208,0.17613233342091408,0.1456406397412281,0.6009478957538685,-0.07115740740740745,-0.0677314814814815,0.3914755340862343,0.19009771536519582,0.19312233139743268,0.24235152626423112,0.060983387359372004,0.0034259259259259434,0.0727531478100079,0.5291479019020829,0.11748111752374643,0.11676056383304999,0.0,0.9999999987499999,0.6342501464335734,0.2832479026318746,0.28591605654324426,0.35144655917229134,disgust,07,08,08,female,strong,949
50,1.6683333333333334,True,1.0,0.27918860096507697,0.3207473969003938,0.2999679989327354,0.8469410488537437,-0.05726851851851855,-0.0553703703703704,0.4018853997428433,0.211377698393723,0.18892160269492644,0.3541781323962445,0.041558795935316806,0.0018981481481481488,0.05675340876308315,0.3778437290445476,0.11871605566398373,0.1169798097848368,0.0,0.7745364283536741,0.6265568487082332,0.28672730607978675,0.29785076170812425,0.3600872781119313,disgust,07,08,08,female,strong,949
60,2.0020000000000002,True,1.0,0.3085024174467117,0.362432413409965,0.33546741542833836,0.7403725809055293,-0.04949074074074078,-0.04787037037037034,0.3944713977466108,0.20683366520896643,0.1854429990664996,0.453106211764403,0.05392999596325332,0.0016203703703704386,0.05792304643123392,0.427121590199283,0.11857229974842058,0.11598129103061745,0.0,0.9999999987499999,0.6323016870420044,0.28782340390085787,0.29500631078470946,0.35616184547208973,disgust,07,08,08,female,strong,949
70,2.3356666666666666,True,1.0,0.310086836473021,0.3794712379722439,0.3447790372226325,0.5631278299209651,-0.038935185185185184,-0.03763888888888889,0.3344092458236339,0.10532643019834158,0.1847486536019033,0.6122571446540338,0.06938440149922293,0.0012962962962962954,0.0631619850690798,0.5406213878197142,0.1195551742107607,0.11579348079327008,0.0,0.8008471893252304,0.6272834328965962,0.28425106680522244,0.27575036140342063,0.33259570419258144,disgust,07,08,08,female,strong,949
80,2.6693333333333333,True,1.0,0.3701401947484697,0.4536759302601429,0.41190806250430634,0.8225494047996653,-0.039305555555555594,-0.03666666666666668,0.36457586800726544,0.1498444818276243,0.1896320210632777,0.5007699964291238,0.0835357355116732,0.002638888888888913,0.0701853125869281,0.39581460242040384,0.11777616028453651,0.11711547335910862,0.0,0.9999999987499999,0.6183115340433049,0.28527215521368754,0.28328311508333126,0.3497466992866711,disgust,07,08,08,female,strong,949
90,3.003,True,1.0,0.3634719257288231,0.42264782960153174,0.3930598776651774,0.49753161171429444,-0.03689814814814807,-0.03648148148148156,0.37934574053295333,1.2008199021369034e-15,0.19168099612422096,0.7900199070986679,0.05917590387270866,0.00041666666666650976,0.07814269819369223,0.6180930651692713,0.12129908318907501,0.11363051701387483,0.0,0.9999999987499999,0.5808268573366847,0.2861804189329563,0.2837435217640377,0.3395475018179054,disgust,07,08,08,female,strong,949
100,3.336666666666667,True,1.0,0.10298066691029029,0.17446511319023042,0.13872289005026034,0.5860025378511361,-0.0559722222222222,-0.05578703703703697,0.37966131224478966,0.06744053825819706,0.1917339262223218,0.23672745609422688,0.07148444627994013,0.00018518518518523264,0.08577784929991317,0.5805211105759414,0.11897076180797218,0.11623004672356771,0.0,0.9999999987499999,0.5821650567570779,0.28686724653346457,0.2672882592513183,0.3329809082424558,disgust,07,08,08,female,strong,949
110,3.6703333333333332,True,1.0,0.09981641171498902,0.11366617741217988,0.10674129456358444,0.6231764111114496,-0.0621759259259258,-0.06449074074074079,0.38038095336872974,0.11860457466145605,0.19257080791761222,0.17128583922682322,0.01384976569719086,0.0023148148148149916,0.036896585573059124,0.5532870048536634,0.11672589110186501,0.11864500082232807,0.0,0.7646500831706224,0.5741245447241397,0.2926257164626325,0.2629520750700282,0.33161862728612734,disgust,07,08,08,female,strong,949
0,0.0,True,1.0,0.5352780998857659,0.5679839639035789,0.5516310318946724,0.4472477135804763,-0.05564814814814806,-0.055000000000000104,0.37853544182509496,0.11918228634996036,0.2070638586595504,1.233390390033629,0.03270586401781295,0.0006481481481479534,0.002416656921819896,0.6818879191937147,0.11928205737925134,0.11640261404561798,0.0,0.890359277083803,0.6041107662674445,0.3192466575953766,0.24559135394874423,0.3531443780209524,disgust,07,08,08,female,strong,950
10,0.33366666666666667,True,1.0,0.202990510458171,0.21772446971914822,0.21035749008865962,0.5268074612446447,-0.06402777777777774,-0.0661574074074075,0.3507124809515439,0.14359134616766656,0.20778581119812384,0.399306208745915,0.01473395926097723,0.002129629629629759,0.008710388888184399,0.6368301887328912,0.1211705111357523,0.11410204689348812,0.0,0.8617340866452765,0.5812949618753752,0.2865040058762861,0.2648175376407684,0.334485533394065,disgust,07,08,08,female,strong,950
20,0.6673333333333333,True,1.0,0.0805943546474083,0.12641562277879903,0.10350498871310367,0.6188134127856744,-0.06189814814814809,-0.06740740740740742,0.3561316229698904,0.13474351377207516,0.19458603804955857,0.16726364777253552,0.04582126813139073,0.005509259259259325,0.030668050944801552,0.5672046148394466,0.11923739734425104,0.11628463740340694,0.0,0.784501515102397,0.6061890776857618,0.281426954114846,0.2861721323257495,0.341111725100154,disgust,07,08,08,female,strong,950
30,1.0010000000000001,True,1.0,0.14922016858380474,0.18097191259990808,0.1650960405918564,0.79767829036312,-0.05018518518518511,-0.053611111111111165,0.39693490295055994,0.15667890318774505,0.19382716457339644,0.2069707080992529,0.03175174401610334,0.0034259259259260544,0.029950433480018756,0.4252413064971564,0.11770806072161075,0.11799402616209091,0.0,0.9568828780957926,0.6103684648546919,0.28375919775374814,0.2972404093168747,0.36528998422008135,disgust,07,08,08,female,strong,950
40,1.3346666666666667,True,1.0,0.1998454552335736,0.23399750530269767,0.21692148026813562,0.6489763188815822,-0.046388888888888924,-0.04865740740740743,0.40372706681120923,0.09169632005834764,0.1967330334041851,0.33425176536790857,0.03415205006912406,0.002268518518518503,0.01321581977224477,0.5298046610266274,0.11885694322550004,0.11667347971475327,0.0,0.9180313073980784,0.6147342326696305,0.28571787954866723,0.3044793809644156,0.3652646710946836,disgust,07,08,08,female,strong,950
50,1.6683333333333334,True,1.0,0.2991014886906126,0.3392685562083797,0.31918502244949615,0.7671689394114611,-0.04083333333333339,-0.043240740740740746,0.43087316497380196,0.07273509759860197,0.1946174021897175,0.4160557160908536,0.04016706751776711,0.002407407407407358,0.010992754164775133,0.4130469923861895,0.1200350067237799,0.11562601320709798,0.0,0.8817650134207551,0.6104856795218088,0.2860163007840136,0.312042540466106,0.38182807171646777,disgust,07,08,08,female,strong,950
60,2.0020000000000002,True,1.0,0.2692482700022969,0.29592225766661506,0.282585263834456,0.8702888254278897,-0.04189814814814807,-0.044768518518518485,0.3951979404949509,0.16679802837658358,0.1959458913701308,0.32470285217728606,0.026673987664318166,0.002870370370370412,0.015499760704611,0.39689446646455007,0.11409312907788953,0.12086405534885593,0.0,0.9999999987499999,0.6034546197072579,0.3251620943762662,0.2650198448505769,0.36958343402638116,disgust,07,08,08,female,strong,950
70,2.3356666666666666,True,1.0,0.31743010792106635,0.33314740138014526,0.3252887546506058,0.7838988816081852,-0.035370370370370496,-0.03749999999999998,0.33711342515117454,0.10451168622452413,0.1951392798610284,0.4149626466914572,0.015717293459078907,0.0021296296296294814,0.022260804339319852,0.4255473319912911,0.1212517469895161,0.11434942772747496,0.0,0.856007370897833,0.5851239512054821,0.2874708116522717,0.2764678474537281,0.3409244021241393,disgust,07,08,08,female,strong,950
80,2.6693333333333333,True,1.0,0.41082614850055044,0.41669151779229974,0.4137588331464251,0.7133513701024911,-0.03462962962962979,-0.03620370370370385,0.3657166366168937,0.09504670977417255,0.1944542534185721,0.5800210814580452,0.0058653692917493006,0.001574074074074061,0.02882705919066532,0.4643042122518862,0.12148451043462581,0.11376767378673044,0.0,0.741733198544629,0.5814302582751851,0.28841324813610975,0.2884222335086971,0.3452065993139842,disgust,07,08,08,female,strong,950
90,3.003,True,1.0,0.41328057533749335,0.4674749426123591,0.44037775897492626,0.7224817226651862,-0.04060185185185189,-0.0412037037037038,0.39004003483345023,0.09578262852211473,0.1972361480619973,0.6095348091996051,0.05419436727486576,0.0006018518518519089,0.025179085498327654,0.45160325235106913,0.12192699512197358,0.11362915836221288,0.0,0.941173403026653,0.5818275241502852,0.285467609188522,0.2955140587023982,0.3698325812422256,disgust,07,08,08,female,strong,950
100,3.336666666666667,True,1.0,0.4123272098088606,0.4451429570003595,0.4287350834046101,0.5682942797008258,-0.043379629629629546,-0.04509259259259263,0.39565508810744365,0.050979563039205956,0.19655922022996586,0.754424421851148,0.03281574719149888,0.0017129629629630827,0.02593470147956211,0.5817866882091468,0.12101928313123497,0.11426243032883861,0.0,0.9115221419938453,0.5846135938828656,0.2873670950891293,0.2907370528579787,0.3583626195272874,disgust,07,08,08,female,strong,950
110,3.6703333333333332,True,1.0,0.26051878833841047,0.25801404458893434,0.25926641646367243,0.703010084775769,-0.05560185185185179,-0.057731481481481495,0.38289032677053875,0.1047036296474546,0.19736182297188892,0.36879473293241255,0.0025047437494761238,0.0021296296296297035,0.007801525514661,0.45677368833373716,0.11684214980022607,0.11869113636372895,0.0,0.8463104466169692,0.6055654664053122,0.2869755467468788,0.29230864257701367,0.35014431264442075,disgust,07,08,08,female,strong,950
0,0.0,True,1.0,0.509237181147804,0.5554058600474927,0.5323215205976484,0.42631976007424954,-0.04527777777777775,-0.0464351851851853,0.3577436103955524,-0.02366389844461114,0.20423989572152718,1.2486437891242412,0.046168678899688675,0.0011574074074075513,0.005279558980929971,0.7163733899404365,0.12425922081954359,0.11107395649199137,0.0,0.918408139094567,0.5636251960080907,0.289016642819658,0.2650210309408241,0.34166163455496934,disgust,07,08,08,female,strong,951
10,0.33366666666666667,True,1.0,0.44036986702576664,0.43473118568102487,0.43755052635339575,0.548650414240654,-0.037638888888889,-0.04027777777777786,0.34528474612554866,0.048383851835711957,0.20146312763000518,0.7975033190469322,0.005638681344741769,0.0026388888888888573,0.004043267026837724,0.6640105507267249,0.12244662941226614,0.11306900864054789,0.0,0.8477416207693553,0.5563205557848139,0.2907511363503861,0.2764027710336725,0.3374287130845759,disgust,07,08,08,female,strong,951
20,0.6673333333333333,True,1.0,0.12625384129476017,0.15122195350277318,0.13873789739876669,0.5064537496095819,-0.052453703703703614,-0.05421296296296296,0.37701684035520083,-0.007431594351474921,0.19872209579505942,0.2739399155514552,0.02496811220801301,0.0017592592592593492,0.0694049289264973,0.666164063830909,0.1173055092828369,0.1183942366034593,0.0,0.9999999987499999,0.5877819484747023,0.28824792737456306,0.27866779581193635,0.3312481674901183,disgust,07,08,08,female,strong,951
30,1.0010000000000001,True,1.0,0.10313535439564335,0.13204916500434916,0.11759225969999626,0.7134898306612472,-0.053935185185185086,-0.055740740740740646,0.43085717217634983,0.04620462046204711,0.19661510550733943,0.1648128041166533,0.028913810608705806,0.0018055555555555602,0.05044477251265559,0.43308372681482804,0.11839030010251646,0.11649461306428466,0.0,0.9999999987499999,0.6004816549197806,0.2892988132150608,0.3072027377267478,0.37244266637835566,disgust,07,08,08,female,strong,951
40,1.3346666666666667,True,1.0,0.12967724404915143,0.14335779588324835,0.13651751996619987,0.7274164681005701,-0.047453703703703554,-0.04921296296296285,0.4222444388961931,0.08751666735874689,0.193229756483389,0.1876744972830687,0.013680551834096916,0.0017592592592592937,0.032665983262876466,0.4743351246027755,0.11731318237111661,0.11757922977009007,0.0,0.7071067807446058,0.5971117160145308,0.289811065157292,0.30308567804459113,0.36682119686913234,disgust,07,08,08,female,strong,951
50,1.6683333333333334,True,1.0,0.24236475412991879,0.29917749605874516,0.270771125094332,0.9321037541137339,-0.03861111111111115,-0.038842592592592706,0.43626041934948606,0.05251123960651646,0.18889252403601006,0.2904946191873109,0.05681274192882638,0.00023148148148155467,0.011299366770864357,0.35113201159501195,0.11878701441343248,0.11658136678198103,0.0,0.8631148420919638,0.5921012920637004,0.29184366052627625,0.30875289461766403,0.3883246870317086,disgust,07,08,08,female,strong,951
60,2.0020000000000002,True,1.0,0.2810936805370639,0.3236588377243904,0.3023762591307272,0.8505757433916465,-0.03662037037037025,-0.038981481481481395,0.3936850353656383,0.09370323866198271,0.19027938161454036,0.3554959819627708,0.04256515718732651,0.002361111111111147,0.010706453911404784,0.37334709088571844,0.1207455703487995,0.11488378915521164,0.0,0.7726236595529847,0.578734084852691,0.29078533470288553,0.29463218108151995,0.3516341193843767,disgust,07,08,08,female,strong,951
70,2.3356666666666666,True,1.0,0.27056172176725973,0.2768770643381736,0.27371939305271664,0.649928898963443,-0.03675925925925927,-0.039259259259259105,0.3810997583015232,0.08310200411779524,0.1944585692104391,0.4211528268542383,0.006315342570913873,0.0024999999999998357,0.018623272574634562,0.5511952240744055,0.12264821216334826,0.11285031600719898,0.0,0.685435964495017,0.5884270903283189,0.28835891322897567,0.30235662088197607,0.3559754633796858,disgust,07,08,08,female,strong,951
80,2.6693333333333333,True,1.0,0.2961812240688617,0.3126295310980964,0.3044053775834791,0.7529187650438771,-0.039212962962963005,-0.04291666666666677,0.3731719335334122,0.14301836841442736,0.19461740218971763,0.40430042617644085,0.016448307029234666,0.0037037037037037646,0.017490422194009734,0.4404581118618674,0.11911020339503882,0.1165784594873763,0.0,0.8729573820531652,0.58731105849371,0.2884598689146416,0.2904184648428166,0.35255559376567525,disgust,07,08,08,female,strong,951
90,3.003,True,1.0,0.12383421167513847,0.15865023417386745,0.14124222292450295,0.5456907413559184,-0.055740740740740646,-0.058379629629629615,0.3839003027034716,0.03685396443660502,0.19663993831025847,0.2588319944251718,0.03481602249872898,0.0026388888888889683,0.014297864428216327,0.5830953850425964,0.12218725688125781,0.11334924801425607,0.0,0.9999999987499999,0.5854358811571503,0.28726538087174175,0.2931119419550387,0.3470107871274158,disgust,07,08,08,female,strong,951
100,3.336666666666667,True,1.0,0.18587719071214254,0.20624530442603023,0.19606124756908638,0.5100638141266439,-0.0528703703703704,-0.055740740740740535,0.42743939092360084,0.11115619332037095,0.1933651375949506,0.3843857222155467,0.020368113713887692,0.0028703703703701344,0.01046494427228519,0.6105702005284056,0.12152142374785078,0.11389564255175362,0.0,0.8195563722516944,0.5759534545615121,0.2836144902621686,0.3006797198335471,0.3441742282348001,disgust,07,08,08,female,strong,951
110,3.6703333333333332,True,1.0,0.23092730414065885,0.22246830749230362,0.22669780581648125,0.45280263260963927,-0.054259259259259174,-0.056620370370370376,0.43897692541916383,0.06916973692591763,0.1954451709893088,0.5006547875173624,0.008458996648355227,0.0023611111111112026,0.011903043106028384,0.6809173952859271,0.12066252148026435,0.11463911105891703,0.0,0.7359549224729991,0.5767701148975215,0.2824747631158636,0.29390182053659175,0.34066208871614956,disgust,07,08,08,female,strong,951
0,0.0,True,1.0,0.5395583967605841,0.5459459948191798,0.542752195789882,0.4469659319074183,-0.08347222222222228,-0.0828240740740741,0.3789895289062107,0.23786206737272664,0.18475567380152816,1.2143032769269408,0.006387598058595678,0.0006481481481481755,0.008150394863369055,0.5633314732452483,0.12165697022420212,0.11375084798765472,0.0,0.9999999987499999,0.622563701863558,0.2735321088852545,0.2783937561621184,0.34033460877931343,surprised,08,08,08,female,normal,952
10,0.33366666666666667,True,1.0,0.5853207413824251,0.6024633222708702,0.5938920318266476,0.4775784872380896,-0.08101851851851855,-0.08009259259259266,0.3695758768299195,0.21640275202975945,0.19100457921116565,1.2435485426934059,0.017142580888445114,0.0009259259259258856,0.004159944111943384,0.5458171968283095,0.11517088537580299,0.12047175988854586,0.0,0.87543372307532,0.6686230158469639,0.2926069907286314,0.2630472472231834,0.38391882942140376,surprised,08,08,08,female,normal,952
20,0.6673333333333333,True,1.0,0.5969561126837499,0.582103081648616,0.5895295971661829,0.4881036305858054,-0.08703703703703708,-0.08601851851851844,0.3735207454776253,0.22183306244725842,0.19310336782570575,1.2077959683656716,0.014853031035133912,0.0010185185185186407,0.015305661918302042,0.5317961009991053,0.11630223751313037,0.11937992845732585,0.0,0.9337979545549199,0.6673976226271758,0.29463843053609723,0.26906233280085745,0.3904603616166604,surprised,08,08,08,female,normal,952
30,1.0010000000000001,True,1.0,0.1567675293367878,0.1777733265042457,0.16727042792051677,0.9412374917699504,-0.0952777777777778,-0.09393518518518512,0.36151335876134016,0.339448270174606,0.20284135306689666,0.17771330762225912,0.0210057971674579,0.001342592592592673,0.014196855570138821,0.3231482360725474,0.11689299899226278,0.11880153431535796,0.0,0.8600384014356597,0.6373848846648035,0.30562201798255684,0.2647650211872203,0.39013302264353455,surprised,08,08,08,female,normal,952
40,1.3346666666666667,True,1.0,0.19957693125847023,0.1974239046544464,0.1985004179564583,0.6212931966091157,-0.09893518518518513,-0.09865740740740758,0.3891814422531478,0.0866846573975657,0.226445835390853,0.319495560292356,0.0021530266040238333,0.00027777777777754364,0.0056453145937909715,0.45780966802491846,0.1132395716013251,0.1216641335895598,0.0,0.7050488916263594,0.6339349530906113,0.3083598758912684,0.26013647660495876,0.3781584664793123,surprised,08,08,08,female,normal,952
50,1.6683333333333334,True,1.0,0.30442391704454674,0.3218285143111136,0.31312621567783017,1.1909251537568766,-0.07657407407407402,-0.07750000000000007,0.334253475694991,0.25157232704402555,0.2118059157627288,0.26292686378320784,0.017404597266566846,0.0009259259259260522,0.007179085619412053,0.2534893074518594,0.11785355245381789,0.1176869321345525,0.0,0.9260601573810308,0.5772478679284213,0.28796717494977053,0.26250432431281545,0.3415194864316111,surprised,08,08,08,female,normal,952
60,2.0020000000000002,True,1.0,0.7455344213066878,0.725821484021511,0.7356779526640994,0.8435954138282593,-0.06351851851851847,-0.062222222222222234,0.3758147326573772,0.15817414009279915,0.2097353180985255,0.8720743861391713,0.019712937285176757,0.0012962962962962399,0.0005420686974064737,0.35156249999999906,0.1164324848637654,0.11877265002711347,0.0,0.9999999987499999,0.6046309182579283,0.31612419272142495,0.25182780912098834,0.36961471568548965,surprised,08,08,08,female,normal,952
70,2.3356666666666666,True,1.0,0.7321775214981437,0.7260103608170351,0.7290939411575894,0.8200337238685058,-0.06064814814814823,-0.06180555555555556,0.3281384060409738,0.20500843096712715,0.20350259171614984,0.8891023868117175,0.006167160681108674,0.0011574074074073293,0.003240882956526301,0.3404817207895906,0.1185127737219307,0.11718575098335329,0.0,0.8438675891329267,0.6072975406568878,0.27979232772190665,0.28505893300067175,0.35363146770595544,surprised,08,08,08,female,normal,952
80,2.6693333333333333,True,1.0,0.7615688396723141,0.7435225116479932,0.7525456756601536,0.7618660895422038,-0.0643055555555555,-0.06342592592592583,0.36960082237929537,0.18672052795480226,0.20625332916347217,0.9877663358298954,0.018046328024320935,0.0008796296296296746,0.0011692945807862203,0.38600593406844524,0.11791427783114264,0.11778794867319718,0.0,0.8101072693419652,0.6087575133725365,0.3132186102614657,0.25258229490556616,0.36699298960179016,surprised,08,08,08,female,normal,952
90,3.003,True,1.0,0.3390553775505832,0.32980257248569034,0.33442897501813673,0.7171360714889194,-0.08111111111111119,-0.08361111111111114,0.36727842186571974,0.20915032679738596,0.2069459191141064,0.4663396366658765,0.009252805064892844,0.0024999999999999467,0.0010110718997417818,0.41012808970573145,0.1179442058406333,0.1177579809519055,0.0,0.7000378681873913,0.6325399889955983,0.304670923099902,0.2604281447745532,0.37313102624540057,surprised,08,08,08,female,normal,952
100,3.336666666666667,True,1.0,0.7746720901400543,0.7672351907451032,0.7709536404425787,0.68957419489338,-0.07439814814814816,-0.07564814814814813,0.3635887383765726,0.22219612946564388,0.21320339077801023,1.118014052950142,0.00743689939495118,0.0012499999999999734,0.004400213833227604,0.4250000000000007,0.11612293849136271,0.11955434297764786,0.0,0.8310275695389133,0.6322136295846463,0.3067060407090701,0.25896248764281854,0.37887696517119923,surprised,08,08,08,female,normal,952
110,3.6703333333333332,True,1.0,0.7687025616933835,0.7733522069453443,0.7710273843193639,0.5113833960148361,-0.08425925925925926,-0.08236111111111116,0.3694132885284823,0.18046356196186597,0.22154017579487245,1.5077286246051587,0.004649645251960877,0.0018981481481480933,0.005065490750762308,0.5458811814876826,0.11561575385818801,0.12004488838988525,0.0,0.9999999987499999,0.6368002238082733,0.30665918200806086,0.25652114386150493,0.3738792675472186,surprised,08,08,08,female,normal,952
0,0.0,True,1.0,0.6605508596447,0.6547449632951995,0.6576479114699497,0.48840674982792487,-0.07856481481481487,-0.07833333333333342,0.374149171787077,0.1998027612932422,0.19583683957687853,1.3465168360217212,0.005805896349500461,0.00023148148148144365,0.000469116641823332,0.5462956477975727,0.11651082958137444,0.11885620078158564,0.0,0.9999999987499999,0.6645213682973189,0.2961259642287931,0.2630431364005816,0.3866855729780386,surprised,08,08,08,female,normal,953
10,0.33366666666666667,True,1.0,0.6508665299478553,0.6504996733429929,0.6506831016454241,0.47002585639036415,-0.07824074074074089,-0.07777777777777783,0.3793798193513776,0.19091851043578106,0.19792630356198251,1.384355972759552,0.0003668566048624644,0.00046296296296305384,0.0025459065735324504,0.5624131165620152,0.11888912645058507,0.11680390995694412,0.0,0.8699113048506604,0.664153317366009,0.2948354110844212,0.2628919923920391,0.38197337544392557,surprised,08,08,08,female,normal,953
20,0.6673333333333333,True,1.0,0.5072524135990067,0.5081519287156354,0.5077021711573211,0.4921193207368007,-0.0894907407407407,-0.09342592592592591,0.37361339153715784,0.19386518695692173,0.20487935877564548,1.0316647808039516,0.0008995151166286686,0.003935185185185208,0.003238277951577598,0.5462956477975739,0.11536926294912865,0.12028179802218991,0.0,0.7936584868253928,0.6674754057091585,0.29593519095797993,0.26700113861234726,0.3901885539599345,surprised,08,08,08,female,normal,953
30,1.0010000000000001,True,1.0,0.3023058213516719,0.3075126464506889,0.3049092339011804,0.9037035312681571,-0.08310185185185176,-0.08680555555555552,0.3806614654440185,0.1807089438009809,0.2090409171592455,0.3373996264829293,0.005206825099016987,0.0037037037037037646,0.003079992360374069,0.3378518892403346,0.1164499927268949,0.11923580403056902,0.0,0.7071067807446058,0.6306441797109469,0.3065337758364228,0.2687696615446941,0.3871654463093297,surprised,08,08,08,female,normal,953
40,1.3346666666666667,True,1.0,0.2750267597757758,0.2391765027949813,0.25710163128537855,0.6554594012770002,-0.06624999999999998,-0.06837962962962962,0.3873673387722321,0.16022340920104391,0.19172397807097866,0.3922464622285984,0.0358502569807945,0.002129629629629648,0.0016311840394918453,0.4630335594322439,0.11508263398111178,0.12039792845911676,0.0,0.9999999987499999,0.6321672795602615,0.3065428072100114,0.26593359633499136,0.3781167659978448,surprised,08,08,08,female,normal,953
50,1.6683333333333334,True,1.0,0.5984744851629317,0.6218724031026053,0.6101734441327684,1.2020950104764283,-0.06759259259259259,-0.07791666666666675,0.3312308809217101,0.31318262702192295,0.22504102544817392,0.5075916951780187,0.023397917939673607,0.010324074074074152,0.005301509400209518,0.26178990652866263,0.11665389867238164,0.11903632089930868,0.0,0.9999999987499999,0.5830993963444754,0.2875287985789841,0.2698954997693835,0.3411797439499312,surprised,08,08,08,female,normal,953
60,2.0020000000000002,True,1.0,0.6759417630079658,0.6750491176648465,0.6754954403364062,0.6349034330766329,-0.07074074074074072,-0.07046296296296295,0.34869167636327547,0.11903262470042936,0.2194475734396407,1.0639341435957772,0.0008926453431192805,0.0002777777777777657,0.012398815336448998,0.4358944022202075,0.11920052125993912,0.11648610861676202,0.0,0.8857731199757134,0.6013930376760078,0.31246797560290934,0.25030837919352994,0.364449384661756,surprised,08,08,08,female,normal,953
70,2.3356666666666666,True,1.0,0.7385488339522199,0.7172957574515579,0.7279222957018889,0.7697907256841449,-0.07199074074074086,-0.07152777777777775,0.3740574230663873,0.22940317037372224,0.21319444444444446,0.9456106334029346,0.021253076500661994,0.00046296296296310935,0.005967526436741446,0.3785171958612735,0.11531567875937676,0.12001609936157429,0.0,0.9999999987499999,0.638108153503589,0.3026093827226851,0.2675487044921726,0.3840078849506113,surprised,08,08,08,female,normal,953
80,2.6693333333333333,True,1.0,0.8644329976306383,0.7922105597213461,0.8283217786759922,0.8886551289230747,-0.08171296296296293,-0.08601851851851844,0.3718777329256422,0.31097463641633427,0.2173835740079199,0.932107126506772,0.07222243790929217,0.004305555555555507,0.016738627405948503,0.2999472795254993,0.11637420004438835,0.11930977886522617,0.0,0.9999999987499999,0.6373778686161965,0.30359572728519046,0.2672970056306276,0.39036293797063404,surprised,08,08,08,female,normal,953
90,3.003,True,1.0,0.8305688761493503,0.7921541863823744,0.8113615312658624,0.7123018700802426,-0.07874999999999999,-0.08138888888888884,0.3654120712302294,0.2499918175433198,0.2208678788329657,1.1390697755355612,0.03841468976697582,0.0026388888888888573,0.018908455461473874,0.39540624439625705,0.11802253096526834,0.11767947974761718,0.0,0.7786685586028345,0.632664895004877,0.30434959045565046,0.26556434911405224,0.3841346646267552,surprised,08,08,08,female,normal,953
100,3.336666666666667,True,1.0,0.779931276554288,0.7515595137984963,0.7657453951763922,0.6948140336375976,-0.07708333333333334,-0.0809259259259259,0.3593864378035675,0.2468714692178954,0.21946147954520742,1.1020868291439707,0.028371762755791674,0.003842592592592564,0.024814870702385736,0.41280799105974697,0.1201703412780374,0.11548535338496652,0.0,0.8910143644385343,0.6190546928146259,0.27571865134597373,0.2868238846340145,0.3568916889771357,surprised,08,08,08,female,normal,953
110,3.6703333333333332,True,1.0,0.7863322072082333,0.7742102369162234,0.7802712220622283,0.670755312033419,-0.08004629629629634,-0.08453703703703708,0.35911365061783784,0.23380443861644298,0.22152812217651086,1.1632725198952325,0.012121970292009898,0.00449074074074074,0.01756854591117028,0.4058771151537449,0.11678212170190773,0.11875019946134019,0.0,0.9999999987499999,0.654681173383416,0.29902050339552816,0.26801888530547363,0.3799202435525483,surprised,08,08,08,female,normal,953
0,0.0,True,1.0,0.5914112532168013,0.6165156120195836,0.6039634326181924,0.49162757053267675,-0.08166666666666667,-0.08083333333333337,0.3735004496092964,0.20112036976336797,0.20147410961037124,1.2284978890907199,0.02510435880278228,0.0008333333333332971,0.00747289712665469,0.5633156518733924,0.12044541038471118,0.11519844133824883,0.0,0.7071067807446058,0.6337345194327731,0.2740887374289166,0.2791883295427288,0.3608474660235645,surprised,08,08,08,female,normal,954
10,0.33366666666666667,True,1.0,0.599283095052422,0.6292518829053919,0.614267488978907,0.5065946909380145,-0.0811574074074074,-0.08013888888888887,0.3744147754272226,0.20112036976336797,0.20074917854654903,1.2125422945935829,0.029968787852969858,0.0010185185185185297,0.011968566293301537,0.5301555798423441,0.12057224286384505,0.11506568567671482,0.0,0.7071067807446058,0.6319463079137905,0.2733656316332228,0.28129904754416696,0.3592599410954937,surprised,08,08,08,female,normal,954
20,0.6673333333333333,True,1.0,0.5564568711155322,0.5813143826378191,0.5688856268766757,0.49219080756885264,-0.0861574074074074,-0.0855555555555555,0.37404064148351174,0.17895248026792807,0.2027837975942453,1.155823347629454,0.02485751152228688,0.0006018518518519089,0.01461585308420461,0.5462163026642952,0.1181343118237206,0.11642737867959176,0.0,0.9999999987499999,0.6330802278645834,0.2743239432755797,0.28075934306115,0.36191380406255813,surprised,08,08,08,female,normal,954
30,1.0010000000000001,True,1.0,0.19443599512376733,0.2016991111948937,0.1980675531593305,0.8477129039901163,-0.07185185185185194,-0.07314814814814807,0.3489787323807578,0.21191582778543527,0.20283194969418367,0.23364933130903456,0.007263116071126369,0.0012962962962961289,0.013132686075423654,0.35746786528684704,0.1167462921587347,0.11894570625330131,0.0,0.7795368772684564,0.5879721842955932,0.28693812912951866,0.2609714765708318,0.34335461798816397,surprised,08,08,08,female,normal,954
40,1.3346666666666667,True,1.0,0.20112461349594676,0.2054579034953504,0.20329125849564858,0.5958821766786823,-0.07050925925925916,-0.07115740740740745,0.3933313466555425,0.0922115911142359,0.20011021438295104,0.3411601595952238,0.004333289999403633,0.0006481481481482865,0.009116491050904271,0.4977738182060378,0.11676824278455004,0.11860331930831167,0.0,0.7071067807446058,0.5976932706207483,0.3166975507063267,0.2588553441580869,0.3671339795581826,surprised,08,08,08,female,normal,954
50,1.6683333333333334,True,1.0,0.22116255341036786,0.19051019152928117,0.2058363724698245,0.7167722166582836,-0.060833333333333295,-0.06222222222222218,0.3899771801003778,0.03583861083291407,0.20627996053698625,0.2871712486701415,0.030652361881086693,0.001388888888888884,0.003506546714507895,0.42796758054787354,0.1139617604366853,0.12161617872105111,0.0,0.9488048039870377,0.5915974716996174,0.31577302183018313,0.25683386882555465,0.35099313349406275,surprised,08,08,08,female,normal,954
60,2.0020000000000002,True,1.0,0.6415897182065806,0.6277773031861394,0.63468351069636,0.8812312698642965,-0.08175925925925925,-0.08347222222222228,0.36106584118330765,0.11394696077572913,0.24584853992736747,0.7202235467587265,0.013812415020441171,0.0017129629629630272,0.006467696604453037,0.30063241383203393,0.11790439829825025,0.117797837973504,0.0,0.8509583571773673,0.5924283960459183,0.31525112383257115,0.26660982028755476,0.3574478642083671,surprised,08,08,08,female,normal,954
70,2.3356666666666666,True,1.0,0.6577098403262499,0.6648079892850096,0.6612589148056298,0.7991308802389782,-0.06046296296296294,-0.06481481481481471,0.3425506871142428,0.17123104934954436,0.20769179289336956,0.8274726095028163,0.007098148958759709,0.0043518518518517735,0.006098063992025944,0.3558439009735121,0.11568589942741611,0.11997729136266445,0.0,0.8311319306888656,0.6269837154471164,0.30772907906775787,0.26528966824361616,0.3635334307449365,surprised,08,08,08,female,normal,954
80,2.6693333333333333,True,1.0,0.766550352864459,0.7774030470899388,0.7719766999771989,0.6594797399194844,-0.05972222222222218,-0.06347222222222221,0.38865812552344603,0.22219938716406748,0.19865758629248406,1.1705844065375672,0.010852694225479742,0.003750000000000031,0.003852165382531544,0.4646391755095118,0.11604775148933501,0.1196273260726491,0.0,0.741695979678022,0.6335253662715086,0.30392210017204985,0.27343933263941983,0.38373014243412606,surprised,08,08,08,female,normal,954
90,3.003,True,1.0,0.7501973336381136,0.7810999452616746,0.765648639449894,0.6660092043108058,-0.06013888888888885,-0.06462962962962965,0.3752775379681751,0.24420337491396127,0.19727791968317593,1.1496066938627316,0.030902611623561005,0.004490740740740795,0.0017914110485650922,0.4505483627320081,0.1181346164590458,0.11756696033831204,0.0,0.9999999987499999,0.6322513949329731,0.3034100572219447,0.26584419439606305,0.38004081203622775,surprised,08,08,08,female,normal,954
100,3.336666666666667,True,1.0,0.26323187287259264,0.28447587718654405,0.27385387502956837,0.6072168255155124,-0.06606481481481485,-0.0685648148148148,0.36113833389594674,0.2049154182008801,0.18343983648900017,0.45099849596076835,0.021244004313951403,0.0024999999999999467,0.00638445391338486,0.4927732901264332,0.1193058727029996,0.11555676860291327,0.0,0.9176189063106301,0.6051371642641431,0.28008689286590954,0.2804812520395543,0.35610420069012316,surprised,08,08,08,female,normal,954
110,3.6703333333333332,True,1.0,0.7013833695119582,0.727567011772974,0.7144751906424661,0.6218929897393811,-0.06337962962962962,-0.07324074074074066,0.368396279523453,0.22750041588723557,0.20216826132333857,1.1488715943588361,0.02618364226101577,0.009861111111111043,0.0019267032484029355,0.45335773810141167,0.12025248585832625,0.11539981548617607,0.0,0.943652867636957,0.6236366554434274,0.2780735270680317,0.28407901697126314,0.34514754652857776,surprised,08,08,08,female,normal,954
0,0.0,True,1.0,0.5750193170908597,0.6597810667445294,0.6174001919176946,0.491099868081178,-0.08166666666666661,-0.08148148148148154,0.3747258330305237,0.19343548533615992,0.20355657074002795,1.2571784926963967,0.08476174965366967,0.0001851851851850661,0.014995886626561454,0.56323383471879,0.11980601793022648,0.11553392550251687,0.0,0.9502222972337538,0.6283861555168944,0.2777193007457788,0.27894391530200485,0.3527160643793874,surprised,08,08,08,female,normal,955
10,0.33366666666666667,True,1.0,0.6563930195251915,0.6972369963715057,0.6768150079483486,0.4999836350866381,-0.08398148148148149,-0.08259259259259266,0.36751751064219806,0.20453875980816963,0.2063332129721016,1.3536743214226779,0.040843976846314245,0.0013888888888888284,0.018816137012769147,0.5633156518733949,0.11892719284675579,0.11676515135381652,0.0,0.9999999987499999,0.6303099003663966,0.2772725044970532,0.28157765331962925,0.3535384054270024,surprised,08,08,08,female,normal,955
20,0.6673333333333333,True,1.0,0.3528319779912934,0.3878728040521724,0.3703523910217329,0.47183656410651187,-0.07995370370370375,-0.08782407407407405,0.38118060881116156,0.19893315154593194,0.19937023807184523,0.7849166834347538,0.03504082606087899,0.007870370370370305,0.012942326134930923,0.5656121415381274,0.1154129097699963,0.12008136441544652,0.0,0.7701982213531136,0.6427023842271283,0.30514656160800374,0.25864724864504507,0.3856262887004525,surprised,08,08,08,female,normal,955
30,1.0010000000000001,True,1.0,0.2943434268541604,0.3278830133912776,0.311113220122719,0.8338863254078348,-0.07101851851851837,-0.07430555555555562,0.3698129637837271,0.1775869026331495,0.21538017435532192,0.3730882863087611,0.03353958653711725,0.003287037037037255,0.019366771977508815,0.3854166666666672,0.11429519091259854,0.12130287343154518,0.0,0.7210478354473068,0.5862822594819179,0.28656181173766654,0.2626154585284386,0.3416408632597194,surprised,08,08,08,female,normal,955
40,1.3346666666666667,True,1.0,0.5991808888005994,0.6320092585539999,0.6155950736772997,0.6628754602035777,-0.06685185185185194,-0.07624999999999998,0.39866584162270935,0.1269335987623868,0.21811467777790106,0.9286738016945785,0.03282836975340053,0.009398148148148044,0.0051053715788942425,0.4194229886292292,0.11356578525513038,0.1219860245599503,0.0,0.9060776211873277,0.6251608384213061,0.3127543936550487,0.26307916264415104,0.3696287896311483,surprised,08,08,08,female,normal,955
50,1.6683333333333334,True,1.0,0.29641004235909346,0.301435444930349,0.29892274364472127,0.6544898285508381,-0.056805555555555554,-0.05759259259259253,0.35832315867145137,0.2102963030161877,0.1771935931247076,0.4567263395163706,0.005025402571255555,0.000787037037036975,0.009211479739937663,0.46918601248142805,0.11709768014333961,0.11859979373482464,0.0,0.9999999987499999,0.6354539287433724,0.30487677525760587,0.26634446590509403,0.380967219696891,surprised,08,08,08,female,normal,955
60,2.0020000000000002,True,1.0,0.7614383271613221,0.7641982140344519,0.762818270597887,0.7396538105316178,-0.056990740740740786,-0.061944444444444524,0.3894415083303147,0.22042215300029355,0.19722841160573604,1.0313179757022004,0.00275988687312978,0.004953703703703738,0.0018816902070950393,0.3785171958612743,0.11585780992590919,0.11981129182210622,0.0,0.9672110616610691,0.6382924573032338,0.30440982922888893,0.2777026358690513,0.3824779734071211,surprised,08,08,08,female,normal,955
70,2.3356666666666666,True,1.0,0.8146940614972257,0.7748595018344737,0.7947767816658498,0.7448746674308127,-0.060925925925925994,-0.07027777777777783,0.3866262595268668,0.15039858564607403,0.20765211615361606,1.0669939741771017,0.039834559662751956,0.009351851851851833,0.0009512016781082943,0.3898748118282334,0.1149613841458442,0.12067169479232012,0.0,0.8003266053000819,0.6328445091317777,0.30502530490254337,0.26792966440603194,0.37112437568276074,surprised,08,08,08,female,normal,955
80,2.6693333333333333,True,1.0,0.7293105927177537,0.718212381439538,0.7237614870786458,0.6684888365509467,-0.07180555555555557,-0.07935185185185184,0.36106584118330765,0.20510452939631366,0.222244193792285,1.0826829821315749,0.011098211278215642,0.007546296296296273,0.009085236577789483,0.4346590909090916,0.11789065229991144,0.11781159480101938,0.0,0.8495217518588525,0.6284187468190402,0.30589867579296154,0.2667939979866593,0.37375233939814184,surprised,08,08,08,female,normal,955
90,3.003,True,1.0,0.7071288333918976,0.7315460336731575,0.7193374335325275,0.6583084044132924,-0.07967592592592598,-0.08416666666666667,0.3561564534886067,0.19136872221316692,0.23197733531038,1.092705833178032,0.024417200281259932,0.004490740740740684,0.00034274129358483985,0.45784883720930225,0.11755640168544072,0.11798375415439584,0.0,0.8580961599275396,0.6235416650879102,0.30699665828296396,0.26416386781035106,0.37006463102277826,surprised,08,08,08,female,normal,955
100,3.336666666666667,True,1.0,0.518039607679381,0.561116256832175,0.539577932255778,0.5874415705716327,-0.05712962962962964,-0.0648611111111112,0.3854919375341362,0.16154643190719953,0.2021139115208346,0.9185218739809661,0.04307664915279408,0.007731481481481561,0.000357518416687394,0.5068669080735099,0.11678868203531498,0.1187437474979986,0.0,0.9999999987499999,0.6244377234878327,0.30852945450640595,0.25966038592556123,0.3625992603888751,surprised,08,08,08,female,normal,955
0,0.0,True,1.0,0.6449221967219348,0.6462079515049709,0.6455650741134529,0.4854091965946869,-0.07833333333333331,-0.07847222222222222,0.3682353739789229,0.21233372149475208,0.19866641918814595,1.329939932416433,0.0012857547830360527,0.0001388888888889106,0.005725447422031681,0.5457328902068505,0.12186471152800495,0.11369595355094964,0.0,0.794809409943749,0.6309205602709834,0.2759005003339461,0.2775630151458087,0.35712091813388525,surprised,08,08,08,female,strong,956
10,0.33366666666666667,True,1.0,0.6252814034611511,0.6165156120195835,0.6208985077403673,0.4942311981776626,-0.07861111111111113,-0.0768518518518519,0.3624768826711579,0.19302924199255392,0.19865758629248406,1.2562916101406678,0.008765791441567639,0.0017592592592592382,0.010620583819060234,0.5457328902068517,0.12130686385354841,0.11429095568522799,0.0,0.9999999987499999,0.6292155313219038,0.2754076493170989,0.2792746905047032,0.35331067735668403,surprised,08,08,08,female,strong,956
20,0.6673333333333333,True,1.0,0.5723802597466959,0.5485003675226954,0.5604403136346956,0.477801872530175,-0.07097222222222227,-0.07564814814814813,0.36235168756040964,0.20807500900507567,0.19171482531582354,1.172955456760588,0.023879892224000554,0.004675925925925861,0.0077641726783715,0.5815405283006432,0.11946088238089991,0.116219083416082,0.0,0.7071067807446058,0.628091871131265,0.27760204731503024,0.27701952688477705,0.35016775186338206,surprised,08,08,08,female,strong,956
30,1.0010000000000001,True,1.0,0.2741795216829794,0.28318909878357357,0.27868431023327644,0.9182667241368284,-0.07148148148148142,-0.0735648148148148,0.3882886672554008,0.20731642427755645,0.18549729783568347,0.30348950137035613,0.00900957710059419,0.0020833333333333814,0.003321329911875766,0.3537724107233505,0.1153019018419199,0.12034637177960585,0.0,0.779125074087742,0.6357362260294742,0.3092003551680821,0.2704587555564774,0.3948018893486694,surprised,08,08,08,female,strong,956
40,1.3346666666666667,True,1.0,0.23655273934171286,0.23875875732895058,0.2376557483353317,0.6551120195157687,-0.07032407407407404,-0.07018518518518507,0.39487898894571244,0.1237433814640892,0.1945715304248572,0.3627711616572031,0.002206017987237713,0.0001388888888889661,0.0037288466870258217,0.4375,0.1146773286143093,0.12046815441513677,0.0,0.6870310085469447,0.6354493906156213,0.31053613751414855,0.2703657268825771,0.3833983180532842,surprised,08,08,08,female,strong,956
50,1.6683333333333334,True,1.0,0.6894978339999641,0.6978061429839919,0.6936519884919781,0.8321202585534268,-0.06018518518518512,-0.06462962962962959,0.40790230647891346,0.1551410651540283,0.2028153986993007,0.8335958431030576,0.00830830898402779,0.004444444444444473,0.001369169477082759,0.33411661806057336,0.1135216051496844,0.12187091115191599,0.0,0.9446975718380662,0.6326883568739996,0.3112194197026074,0.27396228215184387,0.3852456571462348,surprised,08,08,08,female,strong,956
60,2.0020000000000002,True,1.0,0.7018084851947308,0.6920211740331507,0.6969148296139407,0.5783173219313595,-0.05666666666666659,-0.05995370370370373,0.41503686524329064,0.06196257020693114,0.2028413530668968,1.2050734141708062,0.009787311161580159,0.0032870370370371438,0.0016839023777584468,0.4687499999999999,0.1169771329504815,0.1187186932871747,0.0,0.8530212024422003,0.6344452021980668,0.3068416255142895,0.2685866372729225,0.37807740149410013,surprised,08,08,08,female,strong,956
70,2.3356666666666666,True,1.0,0.5828447471895467,0.5949017890357241,0.5888732681126354,0.650854895734129,-0.08162037037037034,-0.08138888888888884,0.3538708124886723,0.0,0.24447565361159293,0.9047689000609241,0.012057041846177396,0.00023148148148149916,0.014190748727967365,0.397828414790541,0.11485692224181666,0.12045520863235638,0.0,0.7249713606860203,0.595201041135204,0.3183770577260902,0.24842835800836066,0.34663194226624255,surprised,08,08,08,female,strong,956
80,2.6693333333333333,True,1.0,0.6892165067838079,0.6810454822401258,0.6851309945119668,0.7128156437808318,-0.08097222222222217,-0.08370370370370372,0.38294562234570306,0.0727362901817173,0.23822647240233405,0.9611615576756657,0.008171024543682015,0.002731481481481557,0.0032759663457275615,0.39030612244898033,0.11558262184468064,0.11991801928313706,0.0,0.9999999987499999,0.6031939435070903,0.31526647496902105,0.260052349409862,0.3655955635502187,surprised,08,08,08,female,strong,956
90,3.003,True,1.0,0.679120129822294,0.6752145659369236,0.6771673478796087,0.683721127708145,-0.08217592592592587,-0.08333333333333331,0.38288027542507413,0.07273629018171847,0.23615020627746466,0.9904145424750809,0.0039055638853703334,0.0011574074074074403,0.004789126076561687,0.4074707648087589,0.1212007987776115,0.11440342715557256,0.0,0.8809852097063416,0.5827789751916391,0.283848861676392,0.2826567618800565,0.36088147649484836,surprised,08,08,08,female,strong,956
100,3.336666666666667,True,1.0,0.7005517947899269,0.7030596745986759,0.7018057346943014,0.5831122486233163,-0.07944444444444454,-0.07990740740740743,0.41348752673368055,-0.0067797949197080185,0.2326598767481337,1.2035516941227205,0.002507879808749003,0.0004629629629628873,0.00220646459800388,0.4453369199566732,0.11900380448545099,0.11652368145333591,0.0,0.743593818774507,0.6044555910958135,0.2822832539948684,0.29308987295374594,0.35882652014924943,surprised,08,08,08,female,strong,956
110,3.6703333333333332,True,1.0,0.27320398883445196,0.2571335912594615,0.2651687900469567,0.4823592930885121,-0.06472222222222235,-0.06680555555555562,0.4105447426047349,-0.006889957295224249,0.19934383176905957,0.5497329352754871,0.016070397574990458,0.0020833333333332704,0.00788253113399839,0.5784967231996083,0.11714150422826557,0.11855650870353152,0.0,0.8540054009070117,0.5741230385122799,0.2879336643439909,0.26467287689791846,0.34171168420509646,surprised,08,08,08,female,strong,956
0,0.0,True,1.0,0.6211827096495167,0.6504996733429929,0.6358411914962547,0.4689067180874364,-0.08212962962962955,-0.08111111111111108,0.38482140577657736,0.1918254755812235,0.1993438317690597,1.3560078518168943,0.02931696369347614,0.0010185185185184742,0.0008403354116061595,0.546295647797574,0.11534581371338778,0.12030428515961789,0.0,0.7169480311700943,0.669467190196391,0.29339979890881995,0.2660508078115571,0.3846502315673482,surprised,08,08,08,female,strong,957
10,0.33366666666666667,True,1.0,0.6338787352622289,0.6623062989840411,0.6480925171231351,0.47676561568660614,-0.08240740740740743,-0.08194444444444438,0.3794228410596874,0.20226420059431727,0.20349621824753747,1.3593524696402348,0.02842756372181221,0.00046296296296305384,0.006958787014244796,0.5462956477975752,0.11718067131993412,0.11851779629352527,0.0,0.9999999987499999,0.6665653388699231,0.29424416418810834,0.26967102987107694,0.3812285440816482,surprised,08,08,08,female,strong,957
20,0.6673333333333333,True,1.0,0.19123866159246772,0.19059306648847874,0.19091586404047323,0.5113134255586227,-0.09106481481481482,-0.09398148148148139,0.3712727293333063,0.16542493179837833,0.21182320498670149,0.37338324107545756,0.0006455951039889829,0.0029166666666665675,0.012913416061876362,0.5632684101768131,0.11516795874034245,0.1204745576807678,0.0,0.7823138290103109,0.6291307342077456,0.3069800187466622,0.2540871868956659,0.37496179296921156,surprised,08,08,08,female,strong,957
30,1.0010000000000001,True,1.0,0.37994406108685547,0.39943110787142055,0.389687584479138,0.9100813243881828,-0.08865740740740746,-0.08847222222222217,0.3811120927277383,0.13944220612013825,0.23127672195692459,0.4281898485732711,0.019487046784565087,0.00018518518518528815,0.03489332674148137,0.31013708805503215,0.11941216624927384,0.11626913744001106,0.0,0.7393810171761057,0.5886386241058923,0.31631880154417885,0.26249462614057534,0.36554596034226405,surprised,08,08,08,female,strong,957
40,1.3346666666666667,True,1.0,0.14283550899359626,0.1428355416819487,0.1428355253377725,0.6505417778259046,-0.06958333333333322,-0.07305555555555554,0.3804760748897994,0.05058188945949471,0.22366023712004715,0.21956395454743194,3.268835244152335e-08,0.003472222222222321,0.011545939757785928,0.44985944088365537,0.11415470473044409,0.12112090348685574,0.0,0.8010047487870824,0.5745227523196779,0.3186341978612571,0.2539391170133648,0.34452359947697647,surprised,08,08,08,female,strong,957
50,1.6683333333333334,True,1.0,0.5881998240837912,0.5716194005231202,0.5799096123034557,0.8204721621471864,-0.05833333333333329,-0.06787037037037041,0.40302190429454293,0.08888057843363706,0.21947920855195685,0.706799863612465,0.01658042356067102,0.009537037037037122,0.019816032629640927,0.3749835215940274,0.11773909527978632,0.11796305867475754,0.0,0.6994759074402341,0.5872111325545843,0.31731986811526536,0.26608859446069316,0.3743155407298579,surprised,08,08,08,female,strong,957
60,2.0020000000000002,True,1.0,0.6363371980336644,0.6660133531803688,0.6511752756070166,0.6378743464415485,-0.06879629629629636,-0.0750925925925926,0.40794331197615424,0.13570822731128127,0.2181146777779011,1.0208519581319875,0.029676155146704408,0.006296296296296244,0.004822231206428066,0.4432982569220347,0.11525929132055583,0.12038718176448435,0.0,0.841775479994921,0.633835920016444,0.30322066915737295,0.27328167558045413,0.3782092695858695,surprised,08,08,08,female,strong,957
70,2.3356666666666666,True,1.0,0.6810777638441571,0.6830594185291542,0.6820685911866556,1.1045752959485426,-0.08703703703703708,-0.09046296296296297,0.33450882902071977,0.3041483084593759,0.24378787015511177,0.6174939759094795,0.001981654684997114,0.003425925925925888,0.0024758821033406893,0.2690128002607434,0.1167707127743906,0.11892173227470344,0.0,0.7353208948525495,0.6010499627898034,0.31269603688850445,0.2679919620673045,0.37150250023035986,surprised,08,08,08,female,strong,957
80,2.6693333333333333,True,1.0,0.6905355475824164,0.6984359977890524,0.6944857726857344,0.8237621997689177,-0.07722222222222219,-0.08490740740740749,0.3714471990685991,0.19510157362948086,0.23479534467345997,0.843065842157545,0.00790045020663599,0.007685185185185295,0.004615638466525592,0.3651315789473685,0.1172031079964682,0.11849560854724725,0.0,0.7515884315300643,0.6242371500318878,0.30494664683339584,0.2744176172714798,0.3636654643808118,surprised,08,08,08,female,strong,957
90,3.003,True,1.0,0.731570177616618,0.707128833391897,0.7193495055042576,0.7282882236411118,-0.0667592592592593,-0.07393518518518521,0.37526899786618106,0.20392070261951148,0.21811467777790106,0.9877264002812449,0.024441344224720996,0.007175925925925919,0.005164878630068373,0.3942576093114749,0.11613504707444935,0.11938310040531495,0.0,0.7612971996164282,0.6250853029727516,0.30565185914636317,0.2676041275824276,0.36773195157140987,surprised,08,08,08,female,strong,957
100,3.336666666666667,True,1.0,0.7241840245613812,0.7247595275549021,0.7244717760581416,0.6023225045172849,-0.08370370370370372,-0.08486111111111111,0.37561092192732626,0.12487173874138784,0.2381973271370045,1.2027971238410724,0.0005755029935209377,0.0011574074074073848,0.009345958221401211,0.45274390243902385,0.11640036859594843,0.11864365203967006,0.0,0.947937551944729,0.62025480824361,0.3071260136489304,0.26281673779737563,0.3605113543024554,surprised,08,08,08,female,strong,957
110,3.6703333333333332,True,1.0,0.4953908652374118,0.5218800576259871,0.5086354614316995,0.5054621087797495,-0.0537037037037037,-0.06037037037037035,0.3858883083768355,0.12273923337582815,0.1868974260438339,1.0062781217361887,0.026489192388575278,0.006666666666666654,0.002920589278669751,0.5631524323041948,0.11758255272761271,0.11779606601264457,0.0,0.9999999987499999,0.6228107606558249,0.27504227351920696,0.2697777230243932,0.3330339938464594,surprised,08,08,08,female,strong,957
0,0.0,True,1.0,0.26201628577306535,0.272748699017485,0.2673824923952752,0.43914578519690955,-0.0796296296296296,-0.0831944444444444,0.38417754160790657,0.1463562039832251,0.2021799597168599,0.6088695403859631,0.010732413244419647,0.0035648148148147984,0.0019066455202676228,0.6266685720222859,0.11490815795886829,0.12072237987677341,0.0,0.9316238071913191,0.6397426375784689,0.30417853635675157,0.25359297006736264,0.37831000384639724,surprised,08,08,08,female,strong,958
10,0.33366666666666667,True,1.0,0.6125132900915241,0.6087371266748712,0.6106252083831977,0.4575308848465775,-0.08217592592592587,-0.0811574074074074,0.3749379111801092,0.1623229488536236,0.21536848447472132,1.3346098123801124,0.003776163416652878,0.0010185185185184742,0.0055256889624256495,0.5814448167327847,0.11843631108200296,0.1171004442303879,0.0,0.8589263412573597,0.6370273839301346,0.3042826994466747,0.2561122549833062,0.3754768158990567,surprised,08,08,08,female,strong,958
20,0.6673333333333333,True,1.0,0.5812341882627938,0.5605055427699663,0.5708698655163801,0.4728518237284002,-0.08773148148148147,-0.09074074074074073,0.37464918768876965,0.15513053958215428,0.21675679215296678,1.2072912419267312,0.02072864549282749,0.003009259259259267,0.0028917076605746717,0.5983802460537825,0.11730347874516549,0.11839624843423988,0.0,0.8017125351476507,0.6353867123255551,0.3056157592332696,0.261872189205659,0.38443926251896143,surprised,08,08,08,female,strong,958
30,1.0010000000000001,True,1.0,0.44601089818681855,0.4401094249064251,0.4430601615466218,0.9349056465704514,-0.090787037037037,-0.09087962962962964,0.3647285818774732,0.24521072796934898,0.23959893659561957,0.4739089588044693,0.005901473280393477,9.259259259264407e-05,0.00408332006012862,0.3227321805551817,0.11438677157173704,0.12121651809048646,0.0,0.7026325599480833,0.5957422936518358,0.3206629712951839,0.2462098212066013,0.3623160904207573,surprised,08,08,08,female,strong,958
40,1.3346666666666667,True,1.0,0.7385488339522203,0.7583055019880967,0.7484271679701584,0.7475399573376923,-0.060601851851851796,-0.0639351851851852,0.39385204145644936,0.23976346432895368,0.20216826132333862,1.0011868404140238,0.01975666803587639,0.0033333333333334103,0.0009613617291096586,0.4032791747137143,0.11765790223987722,0.11804404182233892,0.0,0.7918959385565391,0.6299583672375201,0.3069767268002943,0.2710155157933836,0.38502205998953587,surprised,08,08,08,female,strong,958
50,1.6683333333333334,True,1.0,0.5929326635023288,0.6033636992657944,0.5981481813840616,0.6805347614012159,-0.05032407407407413,-0.05319444444444443,0.39981651976361726,0.006943774745378836,0.2090511361072119,0.878938469142236,0.010431035763465601,0.002870370370370301,0.004012163929917624,0.4481394564081803,0.11367742276770104,0.12188199752879005,0.0,0.8444359040653564,0.5951256573176147,0.318992675260912,0.2633658035810334,0.3589053868153842,surprised,08,08,08,female,strong,958
60,2.0020000000000002,True,1.0,0.5123440338539701,0.5259879766552599,0.519166005254615,0.7049782867181279,-0.0685648148148148,-0.0778240740740741,0.3724628224115365,0.17623247117148902,0.23265987674813382,0.736428362455642,0.013643942801289777,0.0092592592592593,0.004454851046583168,0.43406415817049554,0.11604867133448835,0.11962643374478298,0.0,0.7004394981542275,0.5935095171584259,0.31598974754897946,0.26260496537679184,0.3615512660338651,surprised,08,08,08,female,strong,958
70,2.3356666666666666,True,1.0,0.7398443410725991,0.7621041028352722,0.7509742219539357,1.1610391544717065,-0.0690277777777778,-0.07606481481481475,0.31250402455212045,0.3518172695872028,0.2245533763392393,0.646812141572988,0.02225976176267308,0.007037037037036953,0.004183505392669453,0.27271736823772963,0.1175764654233168,0.11812515628783142,0.0,0.7169610510265381,0.5850881354260454,0.3205112681413531,0.263421734216302,0.351695360164288,surprised,08,08,08,female,strong,958
80,2.6693333333333333,True,1.0,0.7266375908570802,0.7112763818473887,0.7189569863522345,0.9115756862058361,-0.07310185185185192,-0.08305555555555555,0.3633738281040416,0.2962620980168959,0.22295807545936389,0.7886969751734824,0.015361209009691512,0.009953703703703631,0.001737437815839854,0.34687499999999993,0.11785679076854827,0.11784546931920473,0.0,0.8029407189928137,0.6222877813390981,0.309279622915484,0.27735310004732533,0.37609177611290245,surprised,08,08,08,female,strong,958
90,3.003,True,1.0,0.7297177374042557,0.7516953362642405,0.740706536834248,0.7513575325402417,-0.06351851851851853,-0.06722222222222213,0.3685174034266938,0.24788524772422482,0.21194958957367088,0.9858243309679959,0.021977598859984737,0.003703703703703598,0.013707883507496731,0.40686753958769833,0.11621476237334862,0.11946508601076135,0.0,0.7071067807446058,0.6210384110675521,0.30963564743401567,0.27126019816641816,0.37344915022663805,surprised,08,08,08,female,strong,958
100,3.336666666666667,True,1.0,0.7529182681843692,0.7577107163526433,0.7553144922685062,0.6927176179037579,-0.053240740740740755,-0.0597685185185185,0.3744810727594103,0.24094525840130745,0.19589916232072066,1.090364201439215,0.004792448168274066,0.0065277777777777435,0.005864172708842006,0.44075383310740013,0.11791768504496634,0.11778453770683633,0.0,0.9999999987499999,0.6237440566382803,0.30805520075110987,0.2683990907022656,0.3794205880372363,surprised,08,08,08,female,strong,958
110,3.6703333333333332,True,1.0,0.7356059603831338,0.7431993984642965,0.7394026794237152,0.7195979258123054,-0.08249999999999996,-0.08703703703703708,0.3650739544026276,0.25260671332138007,0.22510983647224864,1.0275219715079829,0.007593438081162751,0.004537037037037117,5.362532207673182e-05,0.39549117716424453,0.11597807037347524,0.11937611597843027,0.0,0.9999999987499999,0.6324734270895859,0.30731116626971444,0.26458827805333496,0.3813555269010924,surprised,08,08,08,female,strong,958
0,0.0,True,1.0,0.668463264375717,0.7036420520653563,0.6860526582205366,0.49169898593151506,-0.0812962962962962,-0.0798611111111111,0.3736103586045866,0.17132475942805317,0.21184913617705206,1.3952696219635718,0.035178787689639335,0.001435185185185095,0.009098462833461473,0.5462163026642964,0.12071255484486525,0.11475257262759266,0.0,0.9999999987499999,0.6267470566351541,0.2759651026966583,0.2816039317339535,0.3486232445894942,surprised,08,08,08,female,strong,959
10,0.33366666666666667,True,1.0,0.6571494538441249,0.6749889801583573,0.6660692170012411,0.49627479539513353,-0.08111111111111102,-0.07925925925925925,0.37020929041575706,0.18046356196186705,0.21463452564928698,1.3421379106527411,0.017839526314232357,0.0018518518518517713,0.0067782824509300755,0.5803371498791395,0.12175890398385726,0.11380925740163571,0.0,0.755533532640869,0.6241535286380178,0.27597873772837983,0.2823859148857561,0.3470283461840631,surprised,08,08,08,female,strong,959
20,0.6673333333333333,True,1.0,0.6882622026646728,0.6906426025325344,0.6894524025986035,0.480747147101527,-0.0818518518518519,-0.08041666666666664,0.3707467892652391,0.1727685059896116,0.2139491625214716,1.4341268726301997,0.002380399867861649,0.0014351851851852615,0.0033849246214497164,0.5633673867912481,0.1208632729762562,0.11475995388188409,0.0,0.8545431155421772,0.623139793167267,0.2748598580297632,0.2814986148573379,0.346502172259493,surprised,08,08,08,female,strong,959
30,1.0010000000000001,True,1.0,0.4937598302678775,0.49424119426694735,0.49400051226741243,1.0067972880772877,-0.08717592592592593,-0.08657407407407403,0.3607820003987343,0.2910161011513576,0.22500847694534898,0.4906653187463592,0.0004813639990698393,0.0006018518518519089,0.015121208377268753,0.316394029893152,0.11745250223574948,0.11824841431283065,0.0,0.7362430194051064,0.5946822635147809,0.28384068540114804,0.28092251020299935,0.3615051997398911,surprised,08,08,08,female,strong,959
40,1.3346666666666667,True,1.0,0.5820566446797522,0.591176355842219,0.5866165002609856,0.7485844749607382,-0.08310185185185193,-0.08671296296296294,0.37848629043692206,0.21283284092021038,0.22521182791239144,0.7836343390527201,0.009119711162466793,0.0036111111111110095,0.011199601214723501,0.41957605936065945,0.11935285833889694,0.11633001751831258,0.0,0.8328805089565324,0.5925570175882853,0.2846727594331374,0.2820957360835785,0.35926073405159803,surprised,08,08,08,female,strong,959
50,1.6683333333333334,True,1.0,0.20670875007680134,0.21902733970998464,0.212868044893393,0.6579648770381341,-0.0871759259259261,-0.09074074074074073,0.39048307834645907,0.05599300087489155,0.21881834869718422,0.32352493624223605,0.012318589633183302,0.003564814814814632,0.014729683855241808,0.394918526433713,0.11554008757232873,0.12011771697995827,0.0,0.8453292970418704,0.5820250044549069,0.2805360500405184,0.24424364113328412,0.32396115249988716,surprised,08,08,08,female,strong,959
60,2.0020000000000002,True,1.0,0.4732972860122146,0.4767856739315845,0.47504147997189955,0.7426175712724776,-0.08398148148148143,-0.08694444444444455,0.34308167300202,0.25021112741713436,0.2208613156038235,0.6396852139627055,0.0034883879193698952,0.0029629629629631116,0.004922231165721382,0.37967053445721877,0.11477893126482859,0.12084525107132947,0.0,0.7071067807446058,0.6266548384744524,0.3061563406549404,0.2504908511470181,0.36365988891179807,surprised,08,08,08,female,strong,959
70,2.3356666666666666,True,1.0,0.7959783737496713,0.8005948839820458,0.7982866288658585,0.9809307106866398,-0.06611111111111112,-0.07208333333333328,0.32953188632031083,0.2790053949550962,0.21391777955388389,0.8138053179179877,0.004616510232374527,0.005972222222222157,0.003829515103342733,0.29089356011586276,0.1129475065251053,0.12209146856152922,0.0,0.9999999987499999,0.6307856830153936,0.30864803788287204,0.2637998811964643,0.36349979392483156,surprised,08,08,08,female,strong,959
80,2.6693333333333333,True,1.0,0.7949270357959237,0.7887839302643496,0.7918554830301366,0.8445289937905822,-0.05745370370370362,-0.06296296296296305,0.3867140790247302,0.2862680049436936,0.19308756342655736,0.937629718875576,0.006143105531574156,0.005509259259259436,0.005303661278883909,0.33410143429443095,0.11617880361538498,0.11950005589667037,0.0,0.9145968773854952,0.6266790587875776,0.30804857781344414,0.2750715112858202,0.3834791097055723,surprised,08,08,08,female,strong,959
90,3.003,True,1.0,0.7429057570564254,0.7667017534453392,0.7548037552508823,0.7659238148578867,-0.0861111111111112,-0.09125,0.3559900394873985,0.2604140970516819,0.22989430003872877,0.9854815069184554,0.02379599638891383,0.005138888888888804,0.0023855303435745797,0.3830225189202334,0.11926815150633174,0.11641686220549613,0.0,0.7997088608774497,0.6259505211615897,0.3059382367410809,0.271549862823377,0.3774669420562909,surprised,08,08,08,female,strong,959
100,3.336666666666667,True,1.0,0.7867331018940299,0.7728144753676387,0.7797737886308342,0.7167669657681934,-0.0869907407407407,-0.08981481481481479,0.3640713954435458,0.2687876121630716,0.2278260053322112,1.0879041946291614,0.013918626526391198,0.00282407407407409,0.005409321348961068,0.4101562500000001,0.11844161908046935,0.11709507543487854,0.0,0.9999999987499999,0.6241501088716738,0.30651400878395885,0.2681173489810209,0.3774404093843044,surprised,08,08,08,female,strong,959
110,3.6703333333333332,True,1.0,0.8406641893767192,0.8428971974738998,0.8417806934253095,0.6622782382927133,-0.07282407407407404,-0.07967592592592587,0.37252604681063045,0.2784351438326628,0.20699752593369256,1.2710378278400563,0.002233008097180633,0.006851851851851831,0.0014363391579408022,0.4474066228129544,0.11568415241693444,0.11997897585935734,0.0,0.70360245376758,0.6246935474658614,0.30854936995258553,0.2618514165704153,0.37872642320292943,surprised,08,08,08,female,strong,959
0,0.0,True,1.0,0.5068968775248511,0.5363907655786097,0.5216438215517304,0.6363998756996392,-0.06217592592592591,-0.06555555555555553,0.3318200046899643,0.3863509907487673,0.17781253580877124,0.819679326584171,0.02949388805375852,0.0033796296296296213,0.024555699676710247,0.45593830051176587,0.12109016682125755,0.1114857758320188,0.0,0.9999999987499999,0.6309470365724414,0.2984784235402857,0.3150105688474367,0.3726125061491426,neutral,01,09,09,male,normal,960
10,0.33366666666666667,True,1.0,0.530896864020254,0.514126549643907,0.5225117068320806,0.6302553311886298,-0.06291666666666668,-0.0660648148148148,0.3357558570723311,0.375118342128688,0.17850684503424205,0.8290476589014326,0.016770314376347017,0.003148148148148122,0.017493826650753254,0.4711202867152954,0.1199712945181691,0.11132817983292861,0.0,0.9999999987499999,0.6344490115577481,0.2978543601079687,0.318184300632662,0.3763159494702835,neutral,01,09,09,male,normal,960
20,0.6673333333333333,True,1.0,0.48714928158209436,0.5022447626179369,0.49469702210001565,0.832345189962345,-0.06171296296296297,-0.06490740740740741,0.3259416091096014,0.4546824270851676,0.17779322663045252,0.5943411796761817,0.015095481035842573,0.003194444444444444,0.01618617313509176,0.3560786599565458,0.1052023908945688,0.11590209329057191,0.0,0.9999999987499999,0.6852361791044542,0.31339120291188355,0.27779830314553483,0.3936103392591149,neutral,01,09,09,male,normal,960
30,1.0010000000000001,True,1.0,0.4688417808643194,0.4815855087632939,0.4752136448138067,0.9036651710870889,-0.06013888888888891,-0.06337962962962967,0.32159226385330875,0.4283813579959381,0.1778296977626925,0.525873586830989,0.012743727898974544,0.0032407407407407662,0.014281407723368623,0.3301297307651921,0.10344202976734741,0.11698834520428471,0.0,0.9999999987499999,0.6845995893982594,0.3144168450889287,0.27145334432861373,0.3866636127479793,neutral,01,09,09,male,normal,960
40,1.3346666666666667,True,1.0,0.46413630538666256,0.4724815494413223,0.46830892741399244,0.7065644106625795,-0.060833333333333295,-0.06370370370370376,0.34848550114068877,0.32435736459917225,0.17639580927478637,0.662797220390476,0.00834524405465975,0.0028703703703704675,0.01756194811566427,0.40374720464909697,0.12137501712273584,0.111175590542624,0.0,0.9999999987499999,0.6364072534091763,0.29842767628772315,0.31576878899392985,0.3752082248407997,neutral,01,09,09,male,normal,960
50,1.6683333333333334,True,1.0,0.5122714470860235,0.5002448357917796,0.5062581414389016,0.6517167604265055,-0.0633333333333333,-0.06601851851851848,0.33104250386271306,0.32574691376856774,0.18197840664028841,0.776806999880729,0.012026611294243872,0.0026851851851851793,0.02222931011402658,0.41910673532331766,0.12053763111623615,0.1119128332715989,0.0,0.9999999987499999,0.6285405858906062,0.29962775681694,0.3109539930805729,0.3688277604300319,neutral,01,09,09,male,normal,960
60,2.0020000000000002,True,1.0,0.5371500387020455,0.5196914623825379,0.5284207505422918,0.689549796410447,-0.06129629629629635,-0.06439814814814815,0.3410072693402196,0.33734263732472053,0.18265935656628302,0.7663271794046838,0.017458576319507535,0.0031018518518518,0.02163496265961596,0.43282338306656576,0.11836593570100958,0.11218761367040768,0.0,0.9999999987499999,0.6258425370851465,0.30129814955827516,0.30892385288339663,0.3682200850028241,neutral,01,09,09,male,normal,960
70,2.3356666666666666,True,1.0,0.5371500387020471,0.5136810000494461,0.5254155193757466,0.631885406893887,-0.06101851851851858,-0.06476851851851856,0.33370049093484583,0.35304868615268353,0.18406923095099204,0.8315044367909893,0.023469038652601082,0.0037499999999999756,0.02237261317796632,0.4553262873042396,0.12178883391308744,0.11089405121864085,0.0,0.9999999987499999,0.6481382247664691,0.2918174965123242,0.3052966492970495,0.37234956477750153,neutral,01,09,09,male,normal,960
80,2.6693333333333333,True,1.0,0.49478239071536756,0.4932974090975791,0.49403989990647335,0.5280833728857813,-0.06023148148148144,-0.06439814814814815,0.3408387959887239,0.3003843119140151,0.18617013276909464,0.9355339048202315,0.0014849816177884834,0.004166666666666707,0.025018069361357812,0.5490867127348686,0.11925745841240332,0.11243194226488504,0.0,0.7071067807446058,0.645399263166204,0.29234981712537084,0.30223446812837323,0.36999153339581203,neutral,01,09,09,male,normal,960
90,3.003,True,1.0,0.21010419270854314,0.2152484627729105,0.2126763277407268,0.5336341647008218,-0.07393518518518521,-0.07814814814814813,0.3480772514160972,0.2811097159859494,0.18893775557162903,0.39854331264558795,0.005144270064367351,0.004212962962962918,0.020265935764313462,0.5497061154343766,0.12088987235114325,0.11204353337906296,0.0,0.8919361978048851,0.6445839628195028,0.29279105284536877,0.30042223987469263,0.36344704116625914,neutral,01,09,09,male,normal,960
0,0.0,True,1.0,0.4954878969823764,0.49382716049382674,0.49465752873810154,0.5629625570441938,-0.06337962962962962,-0.06615740740740739,0.33651820718591996,0.3257829524361593,0.182659356566283,0.8786686122346673,0.0016607364885496412,0.002777777777777768,0.012810903865541118,0.5037562828921069,0.12176728563783597,0.11143182064597254,0.0,0.9999999987499999,0.6486534493328582,0.2912348230534143,0.3097714108560828,0.3756974196312034,neutral,01,09,09,male,normal,961
10,0.33366666666666667,True,1.0,0.5029549238086624,0.5079365079365069,0.5054457158725847,0.5776535005050473,-0.06171296296296297,-0.06555555555555548,0.3477784014488691,0.3248979707007197,0.18268065722355606,0.8749981008176516,0.004981584127844552,0.0038425925925925086,0.018135140018659155,0.4927732901264332,0.12034945818591004,0.11211516704063719,0.0,0.9999999987499999,0.6499239781772084,0.29100938313326213,0.3064990491757373,0.3742719196739687,neutral,01,09,09,male,normal,961
20,0.6673333333333333,True,1.0,0.5091174946610764,0.5139283130644753,0.5115229038627758,0.7525750351328221,-0.061759259259259236,-0.06435185185185177,0.33306937502562467,0.3988395303548946,0.17849316768879106,0.6796968806871159,0.00481081840339892,0.0025925925925925353,0.014308701701242042,0.3717648052391809,0.11829172755057848,0.11327950509164073,0.0,0.9999999987499999,0.6489866147005677,0.2909404928522962,0.30303122178965847,0.37240289895852347,neutral,01,09,09,male,normal,961
30,1.0010000000000001,True,1.0,0.48052890068619797,0.4953715049632587,0.48795020282472834,0.8955562721371764,-0.06268518518518512,-0.06532407407407403,0.33051425809434315,0.4477781360685882,0.17918199577107888,0.5448571106093341,0.014842604277060745,0.002638888888888913,0.009029212522760868,0.33411661806057263,0.11805787242230689,0.11166187539468789,0.0,0.9999999987499999,0.6481297684151784,0.2908557939934601,0.30664415836319414,0.3753188457785414,neutral,01,09,09,male,normal,961
40,1.3346666666666667,True,1.0,0.4399459600092984,0.4438568904999058,0.4419014252546021,0.6631868205066892,-0.06111111111111106,-0.06319444444444444,0.355390354130883,0.2680776014109336,0.18125673478866933,0.6663302279092033,0.003910930490607367,0.0020833333333333814,0.013351923652535605,0.44329825692203556,0.12032009950262082,0.11180638857750595,0.0,0.9999999987499999,0.6268014563012705,0.300598635868151,0.31564986902512787,0.3768085995228924,neutral,01,09,09,male,normal,961
50,1.6683333333333334,True,1.0,0.4750129835970696,0.4798490796532864,0.47743103162517797,0.7481821226505042,-0.06217592592592591,-0.06462962962962954,0.3196793665597838,0.3660713422874374,0.18127062450005685,0.638121410778748,0.004836096056216765,0.0024537037037036247,0.016232699982902107,0.3887167965795013,0.11954220181643042,0.11246845294628045,0.0,0.9999999987499999,0.6474086713357218,0.2899496982841794,0.30426883037547,0.3674185991194798,neutral,01,09,09,male,normal,961
60,2.0020000000000002,True,1.0,0.4665392274119803,0.49388580456758924,0.48021251598978476,0.7379434725237718,-0.06069444444444444,-0.06314814814814812,0.332663429782987,0.3463588089518789,0.1827094718072479,0.6507443101941869,0.027346577155608953,0.00245370370370368,0.014880803255060528,0.4022771775939396,0.12056662606202082,0.11188159565510436,0.0,0.9999999987499999,0.6461741158338334,0.2914283005491836,0.3085284542724309,0.37512612031485776,neutral,01,09,09,male,normal,961
70,2.3356666666666666,True,1.0,0.5147203400580577,0.5222872885271422,0.5185038142926,0.6425296989691283,-0.06060185185185185,-0.06328703703703703,0.3237337490930128,0.3671269039351665,0.18269903226568524,0.8069725261330101,0.007566948469084567,0.0026851851851851793,0.015187084792387921,0.44256546564410154,0.120395972759506,0.11189507836356352,0.0,0.7632582108544111,0.6507808768194778,0.290604738072325,0.30768203009238937,0.37330104673702413,neutral,01,09,09,male,normal,961
80,2.6693333333333333,True,1.0,0.4833876459147691,0.49999999999999944,0.4916938229573843,0.5772680108348023,-0.06300925925925921,-0.06490740740740736,0.3385968650642103,0.34780480669564295,0.18544299906649955,0.8517600381949678,0.01661235408523032,0.0018981481481481488,0.0146280126706232,0.49300746237231946,0.11991451411738245,0.11291820032791688,0.0,0.9999999987499999,0.6496819658644708,0.29122638066687573,0.3063933301983436,0.37541475053544915,neutral,01,09,09,male,normal,961
90,3.003,True,1.0,0.5247795749881051,0.5138888888888888,0.519334231938497,0.597564766076901,-0.06240740740740747,-0.06384259259259256,0.3357725565641661,0.35103459255502767,0.18197127929757903,0.8690844263593406,0.010890686099216285,0.001435185185185095,0.009439747821911265,0.47873081554584407,0.12218077866733662,0.1111498258007429,0.0,0.9999999987499999,0.6507533980701655,0.29156591370641716,0.31017056717496483,0.3790346360183124,neutral,01,09,09,male,normal,961
0,0.0,True,1.0,0.5030776855742867,0.49992920379477446,0.5015034446845306,0.5765869019589142,-0.06143518518518515,-0.06421296296296297,0.333226889610325,0.33366727663461165,0.18409782819833262,0.8697794607902248,0.0031484817795122133,0.0027777777777778234,0.015037791220768383,0.5037562828921069,0.12515153904390103,0.10849854615416567,0.0,0.9999999987499999,0.6445921351509354,0.2925883063220727,0.3086569213046126,0.3724542218065728,neutral,01,09,09,male,normal,962
10,0.33366666666666667,True,1.0,0.5110296880423516,0.4938858045675898,0.5024577463049706,0.6177546470155848,-0.061435185185185204,-0.06435185185185177,0.3264566926137876,0.33201029622719375,0.18683863413534252,0.8133613380852391,0.017143883474761812,0.0029166666666665675,0.014199947616014395,0.47873081554584407,0.12065896922583379,0.11144060308699054,0.0,0.9999999987499999,0.6463199412655689,0.2922447190324517,0.3091174154601149,0.37637350698086064,neutral,01,09,09,male,normal,962
20,0.6673333333333333,True,1.0,0.5090029737163441,0.5278060702464347,0.5184045219813893,0.7545296907484125,-0.06194444444444441,-0.06449074074074079,0.3195591378679682,0.38501879560063534,0.18477219086616276,0.6870564913982214,0.0188030965300906,0.0025462962962963798,0.01668680170657274,0.3637782302612393,0.11976934592827992,0.11273467320184387,0.0,0.9999999987499999,0.6486423314872825,0.29199319187935935,0.3070152022858406,0.3749494662923277,neutral,01,09,09,male,normal,962
30,1.0010000000000001,True,1.0,0.4542780460841789,0.5101537853614094,0.48221591572279415,0.8968271254653533,-0.06115740740740738,-0.06375000000000003,0.31569730945102503,0.37632811298805935,0.18616070695444292,0.5376910466134461,0.05587573927723055,0.0025925925925926463,0.012701173285634158,0.34196714096646774,0.12055086645292509,0.11189857623583742,0.0,0.9999999987499999,0.6480791159119899,0.2932002312673227,0.3078511132958901,0.3737977865838016,neutral,01,09,09,male,normal,962
40,1.3346666666666667,True,1.0,0.4825213754940687,0.5018452124430095,0.4921832939685391,0.7110330870697184,-0.05986111111111114,-0.06231481481481477,0.3394601505105714,0.3036703809360257,0.18339324896887862,0.6922087071881642,0.019323836948940798,0.0024537037037036247,0.012873837484149208,0.4101562500000001,0.12027424447032829,0.11202591189514256,0.0,0.9999999987499999,0.6508956698382478,0.29099986096955127,0.30794513448727684,0.37632374432113347,neutral,01,09,09,male,normal,962
50,1.6683333333333334,True,1.0,0.5564544216843853,0.5502745440524248,0.553364482868405,1.021911942398515,-0.062222222222222234,-0.0642592592592593,0.3136743944114359,0.48692968754102495,0.1812840922947753,0.5414991839410459,0.006179877631960484,0.0020370370370370594,0.015671824160415276,0.3004112603588074,0.11888485761285951,0.11248762493530609,0.0,0.9999999987499999,0.6474585155859218,0.29155877077013137,0.3084585770352452,0.37513347969945543,neutral,01,09,09,male,normal,962
60,2.0020000000000002,True,1.0,0.5261069355339552,0.5418921284609096,0.5339995319974324,0.804015870593169,-0.06013888888888891,-0.06310185185185185,0.32977376385511536,0.4246674429895054,0.18061639266197657,0.6641654120626626,0.01578519292695446,0.002962962962962945,0.019717859263765052,0.37185737813398984,0.12166806806197689,0.11136920476777416,0.0,0.9999999987499999,0.6482468401188601,0.2917340513007169,0.3070831659251716,0.3722793583133508,neutral,01,09,09,male,normal,962
70,2.3356666666666666,True,1.0,0.5259917065781162,0.5448183037980339,0.535405005188075,0.8086514627393306,-0.06180555555555556,-0.06615740740740739,0.32229563335971306,0.4586468714211375,0.18410901721640266,0.6620961314709983,0.01882659721991764,0.004351851851851829,0.022503703505646015,0.3790051675518702,0.12029794684909996,0.11148897236848271,0.0,0.9999999987499999,0.648991973703544,0.2916864553588541,0.3091722090911026,0.3757704313744196,neutral,01,09,09,male,normal,962
80,2.6693333333333333,True,1.0,0.4845876730555968,0.5220794653247204,0.5033335691901586,0.6022599899213497,-0.06064814814814817,-0.06481481481481477,0.33200319753602275,0.3687384337243369,0.1827207458422015,0.8357413369861909,0.03749179226912358,0.004166666666666596,0.022933294646619345,0.4926272122429795,0.11926760867527007,0.11208172310613196,0.0,0.9999999987499999,0.647609809830182,0.2918404101126201,0.30572715908331966,0.3733742292523395,neutral,01,09,09,male,normal,962
90,3.003,True,1.0,0.5421786522251203,0.547344368205792,0.5447615102154562,0.5661786161140846,-0.061990740740740735,-0.06560185185185186,0.3346337828630084,0.3500984214399362,0.1848031563834302,0.9621725277340518,0.005165715980671726,0.0036111111111111205,0.021617933924723155,0.5039217924603678,0.12439890695738755,0.10936066107277424,0.0,0.8921870416361318,0.6473990890731293,0.2921913392015229,0.31041946236495,0.3734884680111439,neutral,01,09,09,male,normal,962
0,0.0,True,1.0,0.5106119702533766,0.506216910418616,0.5084144403359963,0.6196522660683083,-0.06476851851851856,-0.06967592592592592,0.3454097620339383,0.3743852775884325,0.17708721081845544,0.8204834681907714,0.004395059834760517,0.00490740740740736,0.022624105961949945,0.4598512949545135,0.11989177836578752,0.11226556173340592,0.0,0.9999999987499999,0.6327899424457284,0.2949175491814658,0.3183490147699713,0.3745718263529437,neutral,01,09,09,male,normal,963
10,0.33366666666666667,True,1.0,0.5289880838190792,0.5423587472359298,0.5356734155275045,0.5702482494483072,-0.06643518518518521,-0.07074074074074072,0.3486860712714547,0.32760134302892024,0.1847635195913375,0.9393688030533148,0.013370663416850559,0.004305555555555507,0.027191859996893945,0.46432239942551495,0.10912710643504149,0.11621793175501152,0.0,0.9999999987499999,0.6810084246745574,0.31324443161933535,0.27766769182956463,0.3927460593493994,neutral,01,09,09,male,normal,963
20,0.6673333333333333,True,1.0,0.5181882835891672,0.519583982638052,0.5188861331136096,0.5898046246201512,-0.06634259259259262,-0.0702314814814815,0.3453755174726095,0.36669169043167743,0.18335996492176562,0.8797593498826586,0.0013956990488848131,0.003888888888888886,0.02891147558187752,0.48247271341889936,0.12103196172992575,0.11154896213479745,0.0,0.9999999987499999,0.6297735337650684,0.29720035415766455,0.3178356065000792,0.37587902659466216,neutral,01,09,09,male,normal,963
30,1.0010000000000001,True,1.0,0.49571002066285613,0.5002448357917784,0.4979774282273173,0.9658752494480042,-0.06620370370370371,-0.07,0.31474930949417707,0.4667861758889204,0.18335996492176562,0.5155711656468166,0.004534815128922232,0.0037962962962962976,0.02460899972698567,0.3058564875104743,0.11857398344486847,0.11230749636862478,0.0,0.9999999987499999,0.6277436797844138,0.29948854344054543,0.31358635775094046,0.37136147226752864,neutral,01,09,09,male,normal,963
40,1.3346666666666667,True,1.0,0.46858194587801955,0.5079830181548001,0.4882824820164098,0.6806148630887644,-0.06388888888888883,-0.06847222222222232,0.35126696196722557,0.3259266009945575,0.18683169220295517,0.7174137805343945,0.039401072276780524,0.004583333333333495,0.02869543301754342,0.4353222136034529,0.12237135761871501,0.1102509024732591,0.0,0.9999999987499999,0.624790711784714,0.30041711332777593,0.31377718846211516,0.37201544883376736,neutral,01,09,09,male,normal,963
50,1.6683333333333334,True,1.0,0.5343834339171541,0.5268784153657474,0.5306309246414508,0.8343388641164131,-0.06504629629629632,-0.06986111111111121,0.31998733301973337,0.4092442946514441,0.186846392460444,0.6359897009033649,0.007505018551406728,0.004814814814814883,0.029785984034436875,0.3480404992233938,0.11969843439017111,0.11162150302502472,0.0,0.9999999987499999,0.6408615883540918,0.2914632769927694,0.3084871730262208,0.3732420676031599,neutral,01,09,09,male,normal,963
60,2.0020000000000002,True,1.0,0.5036766818401264,0.5261857868522267,0.5149312343461765,0.7360066594020162,-0.06435185185185188,-0.06939814814814821,0.3277993277958636,0.36011360844354057,0.18893775557162903,0.6996284989656792,0.02250910501210035,0.0050462962962963265,0.03316628782609937,0.3920214360166985,0.11816549347724818,0.11341117771804082,0.0,0.9999999987499999,0.643735046276323,0.2908045254376691,0.30666413593618785,0.3769269317619723,neutral,01,09,09,male,normal,963
70,2.3356666666666666,True,1.0,0.4991308602568326,0.5090630892024269,0.5040969747296298,0.5807857184473926,-0.0641666666666666,-0.06935185185185183,0.34067305588928903,0.35516980657775576,0.18896803849392496,0.8679569051340073,0.009932228945594312,0.005185185185185237,0.03547287720737052,0.49393985262871276,0.12333814343281717,0.1100374153365732,0.0,0.9999999987499999,0.6459676086528361,0.29028957699694535,0.31069970905849587,0.37722463397740996,neutral,01,09,09,male,normal,963
80,2.6693333333333333,True,1.0,0.5319296528374916,0.518827221001755,0.5253784369196233,0.5376714283438776,-0.06342592592592583,-0.06875000000000003,0.3421278441057239,0.31936454249408,0.18965133174141804,0.9771366102489044,0.013102431835736561,0.005324074074074203,0.024405286763638998,0.5342777632205158,0.11993730447437193,0.11187685181212251,0.0,0.9999999987499999,0.6461634675354517,0.28992428449520286,0.3107473021540703,0.376673209328537,neutral,01,09,09,male,normal,963
90,3.003,True,1.0,0.4378771867896165,0.4375038374766398,0.43769051213312815,0.5294904399449425,-0.06578703703703698,-0.07148148148148142,0.3461582227558208,0.31425164548211704,0.18826294450387393,0.8266259012696058,0.0003733493129767229,0.005694444444444446,0.02856706991563573,0.5489461029744988,0.12157331537056956,0.11113028233208812,0.0,0.9999999987499999,0.6433432942473863,0.29034050234899056,0.30821875379345204,0.37222163562827343,neutral,01,09,09,male,normal,963
0,0.0,True,1.0,0.17691084304710708,0.19840691971610236,0.18765888138160472,0.48636628639160673,-0.07189814814814816,-0.08050925925925922,0.3875842111757807,0.3024085563082759,0.15062177852493852,0.38583858838954915,0.02149607666899528,0.00861111111111107,0.08178285864745463,0.5708116693087811,0.12161433036429975,0.10830651942998958,0.0,0.9999999987499999,0.6272092679024734,0.29824383807526367,0.3328582074866587,0.37057472657047047,calm,02,09,09,male,normal,964
10,0.33366666666666667,True,1.0,0.14991424759072725,0.17475395605806582,0.16233410182439653,0.499600355433698,-0.0735648148148148,-0.08314814814814814,0.3885745565242663,0.3024085563082759,0.14727771920611865,0.32492791500013235,0.024839708467338573,0.009583333333333333,0.08027300188513019,0.5556912616479307,0.10478445532849122,0.11611611538655123,0.0,0.9999999987499999,0.6863374108471514,0.3105637404834409,0.27953942557220085,0.38662396750294625,calm,02,09,09,male,normal,964
20,0.6673333333333333,True,1.0,0.2930177254004021,0.33999080023361616,0.31650426281700916,0.5227871649325875,-0.06324074074074076,-0.0732870370370371,0.37026619211378065,0.3293596169091171,0.14938992110353236,0.6054170493222072,0.04697307483321406,0.010046296296296331,0.09086811106810379,0.5162332242133705,0.11870802719387508,0.11097044623467409,0.0,0.9999999987499999,0.6319673252738596,0.2981913556512249,0.32539068818829975,0.37131376178098185,calm,02,09,09,male,normal,964
30,1.0010000000000001,True,1.0,0.36852737529087337,0.4209957525160681,0.3947615639034707,0.888020823177476,-0.05925925925925929,-0.06907407407407412,0.34177313728104936,0.5330667845465895,0.14951397053366458,0.44454088642983924,0.05246837722519471,0.009814814814814832,0.09096763141800661,0.3217186621176126,0.11823045540701242,0.11113679488390084,0.0,0.9999999987499999,0.6335836329141031,0.29840087846436536,0.33484934598801225,0.3883098893824371,calm,02,09,09,male,normal,964
40,1.3346666666666667,True,1.0,0.11555931053281569,0.12497680757334338,0.12026805905307954,0.6378735809369604,-0.06777777777777783,-0.07851851851851854,0.3602269577581198,0.3895843239888087,0.14032961115427517,0.18854528961117978,0.00941749704052769,0.010740740740740717,0.08679183928520955,0.46244971915212574,0.11810879923694885,0.11143717177335677,0.0,0.9999999987499999,0.6289729881718312,0.2991764972855255,0.3219116537987605,0.37022498437380524,calm,02,09,09,male,normal,964
50,1.6683333333333334,True,1.0,0.19346020678206668,0.23743669118617183,0.21544844898411925,0.9101811155111285,-0.0806944444444444,-0.09097222222222223,0.35754591767243915,0.5584383621946655,0.13618577911579732,0.23670942553354374,0.04397648440410515,0.01027777777777783,0.09217488168351116,0.3104373542726348,0.11945900710963858,0.11255681473640007,0.0,0.9999999987499999,0.6297749497220763,0.29922562635087757,0.3264441056607456,0.38229569064183644,calm,02,09,09,male,normal,964
60,2.0020000000000002,True,1.0,0.22659690153829207,0.23770565213624736,0.23215127683726972,0.6768576831253685,-0.0625,-0.07398148148148148,0.34600422108317336,0.42420999752249383,0.14447475669564439,0.3429838836508713,0.011108750597955297,0.011481481481481481,0.09008105994250155,0.4224375766843145,0.11953468888449842,0.1116262932228834,0.0,0.9999999987499999,0.6256270381980917,0.2994587404984377,0.32772023453339977,0.37687080932130845,calm,02,09,09,male,normal,964
70,2.3356666666666666,True,1.0,0.2571717319300053,0.2850411568181086,0.27110644437405695,0.8407367360548522,-0.06069444444444444,-0.07212962962962965,0.3385417995297423,0.5152042943454204,0.14847729958033448,0.3224629455901034,0.02786942488810329,0.011435185185185215,0.09682224346456798,0.3519602078794302,0.12113431967749,0.11126670374565766,0.0,0.9999999987499999,0.6226982196941278,0.2991773093617193,0.33131081529095074,0.3785410893526492,calm,02,09,09,male,normal,964
80,2.6693333333333333,True,1.0,0.3150065641009223,0.3465273249918835,0.3307669445464029,0.48339265129268016,-0.060185185185185175,-0.07324074074074077,0.38187011218589917,0.2862861543490863,0.15491754998305304,0.6842614252861968,0.031520760890961175,0.013055555555555598,0.10355551920348763,0.6075966643046538,0.12307336598830133,0.11016066918759189,0.0,0.9999999987499999,0.6211602654264832,0.29900350577342705,0.3293667876500204,0.3732738408291365,calm,02,09,09,male,normal,964
90,3.003,True,1.0,0.3156166691086782,0.3158618551681447,0.3157392621384114,0.42678291498611554,-0.059120370370370434,-0.07083333333333336,0.4155222839757642,0.17021083963471653,0.1592217932765803,0.7398123285902467,0.00024518605946649563,0.011712962962962925,0.08976769855980708,0.6546584914804519,0.12495848498859573,0.10854545280188621,0.0,0.9999999987499999,0.6184232339107518,0.2997894436655204,0.3378095153530488,0.38024056880434604,calm,02,09,09,male,normal,964
0,0.0,True,1.0,0.3891466873431559,0.39981197766549026,0.3944793325043231,0.5146299453920592,-0.06740740740740742,-0.07203703703703701,0.3797512383992489,0.22336874059151013,0.1797486780666552,0.7665300786253274,0.010665290322334375,0.004629629629629595,0.061805988686296276,0.5660601263534494,0.1100433332747685,0.11368710721655689,0.0,0.9999999987499999,0.6746083122780362,0.3182574868504172,0.2856789917188898,0.38651496967886734,calm,02,09,09,male,normal,965
10,0.33366666666666667,True,1.0,0.3580940139968006,0.3766369126803137,0.36736546333855713,0.4940568320392612,-0.07092592592592595,-0.07527777777777778,0.3853234955692321,0.2386917721314472,0.17899512359545974,0.7435692404499806,0.01854289868351311,0.004351851851851829,0.06513785485387506,0.585529629954615,0.10611481223937226,0.1155629557638774,0.0,0.9999999987499999,0.6781422452262157,0.3167815387481201,0.2867214862664615,0.3894909718647367,calm,02,09,09,male,normal,965
20,0.6673333333333333,True,1.0,0.36455818514927435,0.3827536594836041,0.37365592231643924,0.5045189239264884,-0.06500000000000006,-0.07365740740740745,0.38028442373300747,0.26191993212279735,0.17210326102556192,0.7406182495760719,0.018195474334329775,0.008657407407407391,0.06885862362969974,0.5831485041831913,0.1051764426770682,0.11592564075505439,0.0,0.9999999987499999,0.6798395588235294,0.31590481763697414,0.282880654735068,0.38854373889814153,calm,02,09,09,male,normal,965
30,1.0010000000000001,True,1.0,0.3336220062154595,0.38307666246369376,0.3583493343395766,0.7900722621948587,-0.065,-0.07462962962962966,0.34548735833920907,0.37161199146288004,0.16867590988446474,0.45356526420009347,0.04945465624823425,0.009629629629629655,0.07015552715966779,0.3802882785977284,0.10583337442290901,0.11793980794148895,0.0,0.9999999987499999,0.6797474740443054,0.31497676940243635,0.28181371603882144,0.3882003502157818,calm,02,09,09,male,normal,965
40,1.3346666666666667,True,1.0,0.2999969607086079,0.3469495460833907,0.3234732533959993,0.6807332612175861,-0.0637037037037037,-0.07449074074074069,0.33944851199766984,0.3380533177365032,0.16449109947801,0.47518355841379395,0.04695258537478281,0.010787037037036984,0.08347528413572215,0.41474711873241427,0.10585806786896539,0.11596259541816938,0.0,0.9999999987499999,0.6850559109112396,0.31168857963794766,0.2833084941594053,0.39215613859643744,calm,02,09,09,male,normal,965
50,1.6683333333333334,True,1.0,0.299059832374854,0.348015273992842,0.323537553183848,1.0282833649753258,-0.06513888888888891,-0.07527777777777778,0.3549481644135418,0.49158909475350104,0.15951828768181492,0.3146385171675042,0.04895544161798798,0.010138888888888864,0.05863076339778203,0.29159668930643484,0.10572938283488177,0.11640772985282177,0.0,0.9999999987499999,0.6832458477531639,0.31362725387843643,0.2855472757393843,0.39355426385757447,calm,02,09,09,male,normal,965
60,2.0020000000000002,True,1.0,0.3276637249705898,0.36181473527698294,0.3447392301237864,0.7647064846461005,-0.06666666666666671,-0.07652777777777775,0.3461492104843085,0.42140617881104414,0.16034008287965593,0.45081248432636045,0.034151010306393115,0.009861111111111043,0.06936931294950405,0.3871169572134235,0.12193530789495607,0.10952197823926543,0.0,0.9999999987499999,0.6244006045230592,0.29810247542936985,0.3314288827937454,0.36918053544604856,calm,02,09,09,male,normal,965
70,2.3356666666666666,True,1.0,0.3160525412187307,0.3766369126803137,0.34634472694952223,0.8482381980168261,-0.06458333333333338,-0.07351851851851848,0.3401649106809402,0.43594444930033577,0.15945897029173609,0.4083106935755468,0.060584371461582964,0.008935185185185102,0.06911362743384117,0.3436904544664873,0.10837541442458636,0.11344566836372968,0.0,0.9999999987499999,0.6800947599508554,0.31318902644948626,0.2854878383917866,0.3871047418620823,calm,02,09,09,male,normal,965
80,2.6693333333333333,True,1.0,0.357414978138481,0.38591032620064447,0.37166265216956273,0.5171501665947821,-0.06509259259259259,-0.07393518518518521,0.38567849162159146,0.2941812456444696,0.16445816509754146,0.7186745285548415,0.028495348062163472,0.008842592592592624,0.06396350028672577,0.5243134667204118,0.12146203769744322,0.10900290244774521,0.0,0.7071067807446058,0.6194274113786139,0.29721579547591764,0.3294610623214612,0.37014770758673676,calm,02,09,09,male,normal,965
90,3.003,True,1.0,0.3222270280302902,0.3633131369301834,0.34277008248023677,0.467013193432277,-0.06361111111111112,-0.07254629629629639,0.3920298394643654,0.26191704782567243,0.16214892654873672,0.7339623104886498,0.041086108899893226,0.008935185185185268,0.07479184606576773,0.5727852381986459,0.10968936964789036,0.11319017622465731,0.0,0.9999999987499999,0.6786535925229467,0.3133302179122415,0.2852637856149254,0.38957185713700776,calm,02,09,09,male,normal,965
0,0.0,True,1.0,0.2674727046746012,0.29609373862815436,0.2817832216513778,0.4704698943196797,-0.05865740740740738,-0.06976851851851851,0.3808515564195934,0.35650500184963285,0.13385047935006247,0.5989399641795333,0.028621033953553143,0.011111111111111127,0.09442461461058566,0.589192642332406,0.12024803696331757,0.10999482285270164,0.0,0.9999999987499999,0.6253266757796869,0.30173313844230387,0.33540336377161406,0.3819745607575444,calm,02,09,09,male,normal,966
10,0.33366666666666667,True,1.0,0.2615030473882579,0.2983970033416359,0.2799500253649469,0.7733906911205124,-0.07078703703703698,-0.08444444444444438,0.35725131921327297,0.48888419219274,0.15328308387806008,0.3619774954355174,0.036893955953377966,0.013657407407407396,0.09506124024368647,0.3541776630159706,0.11870025087585022,0.1123437478449502,0.0,0.9999999987499999,0.6184956317995949,0.30240182111720765,0.3410526117067381,0.3932818014995718,calm,02,09,09,male,normal,966
20,0.6673333333333333,True,1.0,0.26506568139968295,0.32633933211011,0.2957025067548965,0.7792735701682489,-0.07101851851851848,-0.08402777777777776,0.36444338665111564,0.48552978664369134,0.1566352371421838,0.3794591759233576,0.06127365071042706,0.013009259259259276,0.09075704906317404,0.3666418272758803,0.12107097375380563,0.11116437438701582,0.0,0.9999999987499999,0.6227708135129052,0.3025018202291049,0.33859506507654263,0.39383439240051943,calm,02,09,09,male,normal,966
30,1.0010000000000001,True,1.0,0.27873855316419227,0.341134761016475,0.30993665709033363,0.6696479029853799,-0.0705555555555556,-0.08208333333333329,0.3439506704758511,0.4711101052939205,0.15167144010218192,0.4628352537334838,0.062396207852282726,0.011527777777777692,0.09570924009687791,0.4323522164460758,0.11762414057202455,0.11006066437147928,0.0,0.9999999987499999,0.6304901487782614,0.2973376176103968,0.33262271874798827,0.37802309115183175,calm,02,09,09,male,normal,966
40,1.3346666666666667,True,1.0,0.28214501146397647,0.3180546839180957,0.3000998476910361,0.6657131191459129,-0.07037037037037042,-0.07953703703703702,0.34768006424355546,0.48830996335447047,0.1446394232017697,0.45079455257852497,0.035909672454119246,0.0091666666666666,0.09043089998097142,0.41415842923066704,0.12010584675013125,0.11049545203142129,0.0,0.9999999987499999,0.6310997857267907,0.29622650589145727,0.33492160078728145,0.3795288094576036,calm,02,09,09,male,normal,966
50,1.6683333333333334,True,1.0,0.1745037351319501,0.18055903129311543,0.17753138321253276,0.7799760469356922,-0.0725925925925926,-0.08268518518518514,0.3556499354798108,0.4930435759329042,0.1486211058364302,0.2276113271811409,0.006055296161165319,0.010092592592592542,0.09877991095892692,0.358218994727545,0.12439019268238742,0.1081443228928148,0.0,0.9999999987499999,0.6265632461656537,0.2966603474070241,0.3404670250134643,0.3872237911618369,calm,02,09,09,male,normal,966
60,2.0020000000000002,True,1.0,0.1585627330067527,0.22572318779341566,0.19214296040008416,0.9253561631367356,-0.07851851851851854,-0.08731481481481473,0.3544276013956463,0.5193392333159924,0.15016207631720374,0.20764216855568948,0.06716045478666297,0.008796296296296191,0.09656735806722568,0.2968833316155538,0.11930496555086745,0.1105009719423193,0.0,0.9999999987499999,0.6258221529314851,0.29739928451030045,0.33652138998772996,0.38487944740835234,calm,02,09,09,male,normal,966
70,2.3356666666666666,True,1.0,0.1365604856665467,0.16394135006788518,0.15025091786721595,0.8094081349496286,-0.07569444444444451,-0.08495370370370364,0.33708141646507694,0.48953475670763924,0.14677810699454205,0.1856306001626317,0.027380864401338495,0.009259259259259134,0.1093006864439044,0.34593650585145364,0.12100747336188503,0.10968115007367862,0.0,0.9999999987499999,0.6242463010282239,0.2957952513056639,0.3328375953139959,0.3730719374841185,calm,02,09,09,male,normal,966
80,2.6693333333333333,True,1.0,0.24258874875016523,0.2616312575762652,0.2521100031632152,0.7307886757594835,-0.06935185185185183,-0.07731481481481478,0.3602149785030653,0.49035766211783527,0.14334859945794987,0.3449834562655284,0.01904250882609998,0.00796296296296295,0.10565788891461936,0.3987945897586951,0.12300322791442854,0.10814520333364613,0.0,0.9999999987499999,0.6270139533078856,0.2961179750095073,0.3379122475053348,0.3867357361094442,calm,02,09,09,male,normal,966
90,3.003,True,1.0,0.14876340141786973,0.1596514761652784,0.15420743879157406,0.4713443024536442,-0.06680555555555551,-0.07944444444444443,0.38950015938184934,0.37909289010753056,0.12892854862317024,0.3271651698956095,0.01088807474740866,0.012638888888888922,0.1227689916845765,0.6041993083092376,0.1205574628684765,0.10755046361861267,0.0,0.9999999987499999,0.608791952038628,0.3017998408859379,0.3416177313240736,0.3729185860545904,calm,02,09,09,male,normal,966
100,3.336666666666667,True,1.0,0.19136406017998495,0.2093243804976284,0.20034422033880667,0.424697383751207,-0.07217592592592592,-0.08384259259259258,0.3907824369109514,0.3847432744784464,0.12914613038657866,0.47173405818805514,0.01796032031764344,0.011666666666666659,0.11221349331152669,0.643630970573771,0.11993742065187545,0.10859294222090171,0.0,0.9999999987499999,0.6108766805394034,0.3011762243534052,0.3421583231520403,0.37339192242162306,calm,02,09,09,male,normal,966
0,0.0,True,1.0,0.23345687340775173,0.2367849532676429,0.2351209133376973,0.41960342412973656,-0.06967592592592592,-0.07643518518518522,0.4019986753445529,0.23673554544856382,0.17158242340612406,0.5603407880317979,0.00332807985989117,0.006759259259259298,0.08868206635123253,0.6983639124274053,0.12198500724553495,0.10876821799543819,0.0,0.9999999987499999,0.6159181535973764,0.299000641771728,0.33018805622185077,0.36603573099608333,calm,02,09,09,male,normal,967
10,0.33366666666666667,True,1.0,0.2931493194230348,0.31888725018896386,0.30601828480599935,0.4868532995417203,-0.06662037037037044,-0.07476851851851857,0.3863636800990899,0.2594668860564223,0.16874464712910758,0.6285636455459115,0.025737930765929062,0.008148148148148127,0.08268811289795798,0.5792123293584599,0.10589161584546244,0.11444336693367252,0.0,0.9999999987499999,0.6789651123027337,0.31472368606159984,0.28382728826345777,0.3896191341457225,calm,02,09,09,male,normal,967
20,0.6673333333333333,True,1.0,0.3390379042343409,0.35932368164250517,0.349180792938423,0.49373479191421493,-0.06657407407407401,-0.07597222222222222,0.39027424162305113,0.287242923962889,0.1609982208301075,0.707223389270676,0.020285777408164285,0.009398148148148211,0.08711742830469696,0.5780789266107434,0.10499322778759164,0.11526812508112158,0.0,0.9999999987499999,0.679068666560374,0.3143760381742936,0.2822471021449805,0.39059108473398685,calm,02,09,09,male,normal,967
30,1.0010000000000001,True,1.0,0.2736295187030328,0.3116486342486602,0.2926390764758465,0.9219194062875558,-0.07101851851851854,-0.08115740740740746,0.31537318663742453,0.5132967126118565,0.16774405482270097,0.31742370805954107,0.03801911554562737,0.01013888888888892,0.075503875609371,0.3420640970468876,0.10515569569878261,0.11610866414027986,0.0,0.9999999987499999,0.6815644061765331,0.3132233728095884,0.28261372698258136,0.38975242497025353,calm,02,09,09,male,normal,967
40,1.3346666666666667,True,1.0,0.25752218617731093,0.28086841381193056,0.2691952999946208,0.6501899845966818,-0.06972222222222219,-0.08074074074074078,0.34915466596427214,0.4046068208302652,0.16304184003366282,0.41402560231930496,0.023346227634619632,0.011018518518518594,0.08522588207156698,0.4631978853190176,0.11933502768352613,0.1106408365862386,0.0,0.9999999987499999,0.630659691579757,0.2980294857871471,0.3317584033917994,0.37597688044279387,calm,02,09,09,male,normal,967
50,1.6683333333333334,True,1.0,0.2454901628342274,0.26041000743439074,0.25295008513430906,0.7602902586287664,-0.0667592592592593,-0.08074074074074078,0.3529874726112306,0.45710718990611854,0.15747294007182927,0.33270199409173173,0.014919844600163351,0.013981481481481484,0.09913728730497774,0.37376582071494036,0.11917527936709878,0.11149848488170651,0.0,0.9999999987499999,0.6262430106808348,0.30040682694386595,0.32823064121522827,0.3753258175292463,calm,02,09,09,male,normal,967
60,2.0020000000000002,True,1.0,0.2629695926959914,0.3315855659611791,0.29727757932858523,0.9727060679334707,-0.06703703703703712,-0.08152777777777775,0.3305310029718213,0.5695404282193665,0.15549828822471934,0.30561912701969274,0.0686159732651877,0.014490740740740637,0.0945579049379691,0.30188894837912034,0.11889592452705001,0.11094096960014486,0.0,0.9999999987499999,0.6229284077302797,0.3012058252551516,0.3299817774680426,0.37829154136898047,calm,02,09,09,male,normal,967
70,2.3356666666666666,True,1.0,0.2875502536546413,0.312523161115073,0.30003670738485716,0.7214697377860377,-0.06583333333333324,-0.07902777777777775,0.33536660469804813,0.44877331016264604,0.15645978995883625,0.4158687352647317,0.02497290746043168,0.013194444444444509,0.1009406289888574,0.40297189755421364,0.1219134167808579,0.11110057319914898,0.0,0.9999999987499999,0.62240663631859,0.29846924984056544,0.33099971773069803,0.3740525720935982,calm,02,09,09,male,normal,967
80,2.6693333333333333,True,1.0,0.2927895921848944,0.34442354647844686,0.31860656933167064,0.8447485676755535,-0.06407407407407406,-0.07916666666666661,0.32837107192010195,0.4760032939138966,0.16267505284587305,0.37716142000496333,0.05163395429355244,0.015092592592592546,0.10241554023963924,0.3487012663434191,0.1041224431508066,0.11506611876630264,0.0,0.9999999987499999,0.6801785197047568,0.3135607443352976,0.28125856650367304,0.3892080328574187,calm,02,09,09,male,normal,967
90,3.003,True,1.0,0.28846883489391584,0.3468467214368626,0.3176577781653892,0.4887101409226897,-0.061481481481481415,-0.07740740740740748,0.3796750035290657,0.31936116075029447,0.16288830623664177,0.6499921969403951,0.05837788654294679,0.015925925925926065,0.11091992117616077,0.5676349096911758,0.12252679021684995,0.10903473141839636,0.0,0.8510618066086622,0.6170295986832233,0.3006037775002267,0.3317876503712623,0.37715093146570117,calm,02,09,09,male,normal,967
100,3.336666666666667,True,1.0,0.29609269212290745,0.3722161716457665,0.33415443188433697,0.4500572653178087,-0.05995370370370373,-0.07726851851851851,0.36925149849570194,0.27501468776109966,0.16578466368945816,0.7424709201136287,0.07612347952285903,0.017314814814814783,0.11302553276375002,0.6538574548861391,0.12196088254378747,0.11018730393347127,0.0,0.7071067807446058,0.6156302758368973,0.3001411899658417,0.3305644580896205,0.3761659630545843,calm,02,09,09,male,normal,967
0,0.0,True,1.0,0.4252322939806613,0.4325873519913522,0.4289098229860068,0.4734440714091709,-0.061805555555555614,-0.06759259259259259,0.4155506216182265,0.07057143003135323,0.19348544065059473,0.9059355663898985,0.0073550580106908625,0.0057870370370369795,0.05229414119267916,0.5785071957447626,0.12225337770459661,0.11158337660387826,0.0,0.7601319957504514,0.628930071473902,0.29903711685397405,0.32393536820079677,0.3757797972099315,calm,02,09,09,male,strong,968
10,0.33366666666666667,True,1.0,0.3844960230489838,0.3565303017736616,0.3705131624113227,0.4824372685946151,-0.06597222222222227,-0.06907407407407407,0.41415998551305744,0.06015614051353349,0.195328027932124,0.7680027778340223,0.02796572127532221,0.0031018518518518,0.024095374590856204,0.5885041024935054,0.12034788927069866,0.11430459147441233,0.0,0.9999999987499999,0.6273544964860944,0.30066508662184915,0.32355857411799066,0.3778688912608585,calm,02,09,09,male,strong,968
20,0.6673333333333333,True,1.0,0.20149476029344396,0.19900549728148778,0.20025012878746587,0.471153425989342,-0.0781944444444444,-0.07967592592592593,0.41183281032985175,0.08455720498135924,0.19376929402420973,0.42502106053240446,0.0024892630119561776,0.001481481481481528,0.011694618764441013,0.6062486009284569,0.1253609708475936,0.10790394494961739,0.0,0.9999999987499999,0.6321097233268308,0.29669643229830717,0.32554671617591385,0.3644273607211293,calm,02,09,09,male,strong,968
30,1.0010000000000001,True,1.0,0.2952974040973048,0.2984267188520608,0.2968620614746828,0.990636069755513,-0.07125000000000004,-0.07273148148148151,0.3324765352320645,0.3751183421286892,0.18750651030364252,0.2996681329682936,0.003129314754755974,0.0014814814814814725,0.007851351669799124,0.308210269151936,0.12103705527710787,0.11171410793403463,0.0,0.9999999987499999,0.640173151620023,0.29444418119289967,0.3242821823933247,0.3742476775285464,calm,02,09,09,male,strong,968
40,1.3346666666666667,True,1.0,0.20692581380594854,0.17298084057714275,0.18995332719154565,0.6842982370534998,-0.07513888888888892,-0.0749999999999999,0.33629925129620514,0.30459484520026475,0.17501569405074077,0.27758850879034885,0.0339449732288058,0.00013888888888902162,0.028590785564907167,0.44022752865288095,0.1224997430638227,0.11233510105399312,0.0,0.9999999987499999,0.6390428478344463,0.29062016695435544,0.3225221490277704,0.3713489686090256,calm,02,09,09,male,strong,968
50,1.6683333333333334,True,1.0,0.20536121545351668,0.1612063722715677,0.18328379386254218,0.9012206386942386,-0.07523148148148151,-0.07393518518518516,0.34049436349989465,0.4432694444356565,0.16191161194933676,0.20337283234891132,0.04415484318194898,0.001296296296296351,0.044567281281512945,0.35413977275453123,0.1148322360421567,0.1131390728265599,0.0,0.9999999987499999,0.6814071761517106,0.3151932362904984,0.2900538036417381,0.385191386542021,calm,02,09,09,male,strong,968
60,2.0020000000000002,True,1.0,0.16335854739637132,0.17033651798298177,0.16684753268967656,0.743820006079814,-0.07898148148148154,-0.0774999999999999,0.34811343958685026,0.36399203338822905,0.1597609085187787,0.22431170353836025,0.006977970586610455,0.001481481481481639,0.04964299037437957,0.39284682059264625,0.12240973486715724,0.11038102834697168,0.0,0.9999999987499999,0.6213783369675996,0.29989904994648753,0.32948577589929,0.36319973212582657,calm,02,09,09,male,strong,968
70,2.3356666666666666,True,1.0,0.3305736896712019,0.29190889057480074,0.3112412901230013,0.7687959559442931,-0.07166666666666666,-0.06953703703703701,0.3531390024573776,0.38341667896660386,0.1570144302229108,0.4048425173370108,0.03866479909640114,0.002129629629629648,0.05631920550072386,0.38134408956867955,0.1253972591526383,0.10768499336931969,0.0,0.9999999987499999,0.6205457890968887,0.2984094062273351,0.33832871149638555,0.37020447403153234,calm,02,09,09,male,strong,968
80,2.6693333333333333,True,1.0,0.3222551186330447,0.30570877142017916,0.3139819450266119,0.5321199095400033,-0.07138888888888889,-0.07004629629629627,0.3795686637876427,0.2906796273194851,0.1571018686029476,0.5900586303903512,0.01654634721286552,0.0013425925925926174,0.060307710707987,0.5375676174857361,0.12578284633422077,0.10723435068988971,0.0,0.9999999987499999,0.6200888229823179,0.29948336028203554,0.33736790908123,0.37095939945882,calm,02,09,09,male,strong,968
90,3.003,True,1.0,0.16047867551149683,0.17304697686937806,0.16676282619043745,0.43962042985680305,-0.07263888888888886,-0.07208333333333333,0.40767513658958776,0.24885532224915352,0.15153446333888201,0.37933365891288734,0.012568301357881229,0.0005555555555555314,0.055324746970099314,0.5960150022084383,0.1255806462849761,0.10817785110092941,0.0,0.9999999987499999,0.6248818459415016,0.29956063143000305,0.33904153450453073,0.37185276892083186,calm,02,09,09,male,strong,968
0,0.0,True,1.0,0.2514322866924507,0.20618585201732426,0.22880906935488748,0.49104402688629856,-0.07592592592592601,-0.06856481481481491,0.3851033171144842,0.2605348740021522,0.15882598793788263,0.46596446922643925,0.04524643467512646,0.007361111111111096,0.1031528070101905,0.5682696375923808,0.12509799513401548,0.10856027752229923,0.0,0.9999999987499999,0.61774962141888,0.2968853839825152,0.3498289707660064,0.3799694136552462,calm,02,09,09,male,strong,969
10,0.33366666666666667,True,1.0,0.12664795827340689,0.13194476360594556,0.12929636093967622,0.4596696986487045,-0.08074074074074072,-0.07319444444444445,0.3998466229922946,0.2620228654533046,0.15335397283500207,0.28128101834810953,0.005296805332538679,0.007546296296296273,0.09965226351402774,0.5689397720587546,0.1234647405613082,0.10954807320204495,0.0,0.9999999987499999,0.6198528634109894,0.29686780427255843,0.3451820372478137,0.3744764923111036,calm,02,09,09,male,strong,969
20,0.6673333333333333,True,1.0,0.22012063475028928,0.15945673463164262,0.18978868469096594,0.45768951314779904,-0.08412037037037035,-0.07513888888888887,0.39160897451260857,0.2791109239005618,0.1442268754482413,0.41466688494931403,0.06066390011864667,0.00898148148148148,0.11348756846655018,0.5634480448469065,0.12569096545371047,0.10751937290790382,0.0,0.9999999987499999,0.6265179974724265,0.295521540902308,0.3467032263488311,0.37266102292908104,calm,02,09,09,male,strong,969
30,1.0010000000000001,True,1.0,0.2235956632131921,0.18066458651067355,0.20213012486193283,0.7909327248798311,-0.08384259259259264,-0.07625000000000004,0.36233295219242,0.3986411905280345,0.14432681910473408,0.2555591879102525,0.042931076702518556,0.007592592592592595,0.12120948736100678,0.34550693753449724,0.1219392387697457,0.11003825207566334,0.0,0.9999999987499999,0.6232932758025085,0.2955882552290946,0.3481272234748081,0.38624920461307094,calm,02,09,09,male,strong,969
40,1.3346666666666667,True,1.0,0.14087221537784272,0.1366487732984561,0.1387604943381494,0.6048167371789788,-0.08092592592592585,-0.07083333333333325,0.35521619728824494,0.3563904018229451,0.13890809329034304,0.22942568518418346,0.00422344207938663,0.010092592592592597,0.1283413663377612,0.4553500033782887,0.12360747862966917,0.10868807635197106,0.0,0.9999999987499999,0.6231539555431547,0.29455175324295274,0.34546061268017253,0.37260839348798364,calm,02,09,09,male,strong,969
50,1.6683333333333334,True,1.0,0.14848175049715012,0.14285714285714263,0.14566944667714637,0.9197395801025761,-0.08231481481481479,-0.07277777777777783,0.3431911601626608,0.48992667938355006,0.13903161747224718,0.1583811872714016,0.005624607640007495,0.009537037037036955,0.11408660635356056,0.30493975651716704,0.1269469829223855,0.10657114861560908,0.0,0.9999999987499999,0.6176385953053096,0.29911769092123325,0.34616472723427255,0.3805902343877841,calm,02,09,09,male,strong,969
60,2.0020000000000002,True,1.0,0.10161878944903106,0.1206633347529465,0.11114106210098879,0.7836704976406872,-0.0809259259259259,-0.06925925925925924,0.34645673996374926,0.42118081529622714,0.14014191715701782,0.1418211639146673,0.01904454530391543,0.011666666666666659,0.11309724024327607,0.36257709859121,0.12369444452406136,0.10981037629044413,0.0,0.9999999987499999,0.6234076421427946,0.2966944895965389,0.3384884592687351,0.3737364845770459,calm,02,09,09,male,strong,969
70,2.3356666666666666,True,1.0,0.1532365989716901,0.13852132838851283,0.14587896368010145,0.7680407134600467,-0.08351851851851849,-0.07361111111111113,0.3613877171664025,0.41883029311761855,0.13806701271484076,0.189936498317794,0.014715270583177259,0.009907407407407365,0.13339425736868055,0.35979713824400117,0.12492352658742768,0.10752779693996786,0.0,0.8720995078390315,0.6182347822879151,0.2931151852479529,0.35602036211741495,0.38579696727596907,calm,02,09,09,male,strong,969
80,2.6693333333333333,True,1.0,0.09860792656676151,0.12107108882793356,0.10983950769734754,0.4688484022113422,-0.07930555555555552,-0.06884259259259257,0.3845991770118008,0.28907459961488097,0.13817803792938887,0.23427510295286305,0.02246316226117205,0.010462962962962952,0.1174259999499463,0.569291416803757,0.1272775243595503,0.10635545087503434,0.0,0.9999999987499999,0.6208869354069753,0.296867667796862,0.34059453608694484,0.370324490147154,calm,02,09,09,male,strong,969
90,3.003,True,1.0,0.14610564805420123,0.14973357173854154,0.14791960989637137,0.4112357598203061,-0.08157407407407413,-0.07171296296296298,0.4059575846158867,0.2332776572528504,0.14001119901884435,0.35969539701753184,0.0036279236843403118,0.009861111111111154,0.12185879166240557,0.6389358473561744,0.12653483950062908,0.10688206881992718,0.0,0.9999999987499999,0.6117140064228817,0.2969666644694731,0.3438022167770493,0.3710127803047268,calm,02,09,09,male,strong,969
100,3.336666666666667,True,1.0,0.0935996897129681,0.11729307674114162,0.10544638322705485,0.42494116378011204,-0.07851851851851854,-0.06875000000000003,0.40616616678906303,0.2519326840826306,0.1320433842427012,0.24814348953404433,0.023693387028173515,0.00976851851851851,0.12720194358656153,0.6222456556336695,0.12499526734296348,0.1083273626063258,0.0,0.9999999987499999,0.6159599532547394,0.2985898105333303,0.34303793708983665,0.37339513205739605,calm,02,09,09,male,strong,969
0,0.0,True,1.0,0.2531670475277862,0.21498633862065653,0.23407669307422135,0.652943275886708,-0.08657407407407408,-0.07847222222222228,0.35876802229655336,0.4261305144548871,0.16130041934138542,0.35849468356396086,0.03818070890712966,0.008101851851851805,0.07710896353977016,0.443471061996391,0.12484511661018768,0.1079723083175075,0.0,0.7227149184244189,0.6265261145708284,0.2965389690309761,0.3384548936622702,0.37199483880361683,calm,02,09,09,male,strong,970
10,0.33366666666666667,True,1.0,0.1869499604560636,0.16247231650961028,0.17471113848283693,0.8388875285013806,-0.09203703703703703,-0.08574074074074078,0.3606555211503498,0.5120537897496252,0.1537349732102874,0.20826527102500533,0.024477643946453326,0.006296296296296244,0.07422548223293123,0.31753121595975603,0.1239343866246942,0.10884156544773015,0.0,0.9999999987499999,0.6290573555828581,0.2986953395002399,0.3433986045020335,0.3836834468282539,calm,02,09,09,male,strong,970
20,0.6673333333333333,True,1.0,0.2236245027836239,0.21158453508976122,0.21760451893669255,0.8196066619095003,-0.08240740740740737,-0.07624999999999993,0.36777149275101434,0.5393188760539502,0.1461098220697422,0.2654987191413533,0.012039967693862674,0.006157407407407445,0.08675008533543774,0.33896444125466796,0.12085571047539738,0.11088410265585827,0.0,0.9999999987499999,0.6071825512157989,0.30665385655677124,0.3493172048056364,0.39175950314083924,calm,02,09,09,male,strong,970
30,1.0010000000000001,True,1.0,0.32236419688993245,0.27953509189242653,0.3009496443911795,0.7741661158180535,-0.0756944444444444,-0.06731481481481488,0.34756890069101526,0.49410179330747267,0.14208825901774733,0.38874039852954434,0.04282910499750592,0.008379629629629515,0.10564754795364424,0.34585574570512184,0.1222674851898417,0.11173855336248215,0.0,0.9999999987499999,0.625812072508691,0.2954450094435534,0.34052724903777387,0.3867239847987856,calm,02,09,09,male,strong,970
40,1.3346666666666667,True,1.0,0.11394003127852037,0.12961418549245507,0.12177710838548772,0.6060572764244765,-0.09226851851851858,-0.08476851851851852,0.3587955415697995,0.38755421322451283,0.14812283900205184,0.20093333274361388,0.0156741542139347,0.007500000000000062,0.08631012742814134,0.43745139466808836,0.12277671208823047,0.11066349609620967,0.0,0.9999999987499999,0.6261479226925145,0.2967983950029347,0.3379583181528187,0.37378227275932147,calm,02,09,09,male,strong,970
50,1.6683333333333334,True,1.0,0.1565279953399565,0.16826060064373877,0.16239429799184762,0.7349471297583214,-0.08162037037037034,-0.08425925925925931,0.37477704073948837,0.3741353361970686,0.16111300529448044,0.22096051731673413,0.011732605303782256,0.0026388888888889683,0.000852046083512198,0.38904109110731333,0.12151843049203649,0.11289074890131694,0.0,0.9999999987499999,0.6300301549369748,0.29804872864740345,0.3304918223602253,0.3715555326062612,calm,02,09,09,male,strong,970
60,2.0020000000000002,True,1.0,0.16576263885355616,0.1979782057524034,0.18187042230297978,0.7124325152659499,-0.07041666666666663,-0.08481481481481479,0.3492308537446997,0.5185499077521885,0.14025545687549068,0.2552809120946534,0.03221556689884725,0.01439814814814816,0.11307025077707406,0.3998693628683563,0.11543650050155305,0.11519969508070692,0.0,0.9999999987499999,0.6287683705044518,0.2982315271833957,0.32751467138801776,0.3767848627053658,calm,02,09,09,male,strong,970
70,2.3356666666666666,True,1.0,0.17241344437631478,0.19259084424549547,0.1825021443109051,0.7343334781130375,-0.06842592592592595,-0.08541666666666664,0.3441177092640468,0.4903474558218717,0.13511585178200888,0.24852761007147242,0.020177399869180684,0.016990740740740695,0.14987793457736825,0.37050606593118746,0.12194508520912271,0.10811034937517326,0.0,0.9999999987499999,0.6212518244250824,0.29686653063069024,0.3439606741947907,0.38206383088125473,calm,02,09,09,male,strong,970
80,2.6693333333333333,True,1.0,0.15107615138972114,0.14162119927916475,0.14634867533444296,0.8134224308164945,-0.07032407407407415,-0.08541666666666667,0.35245370563950695,0.5647193272186153,0.12689962815154346,0.17991718667942508,0.009454952110556386,0.015092592592592519,0.1396121481646667,0.33662573446610633,0.12098411638781383,0.10953311337267238,0.0,0.9999999987499999,0.6212812748771384,0.295966805896169,0.3398751145872297,0.37720414193267826,calm,02,09,09,male,strong,970
90,3.003,True,1.0,0.16218198420892668,0.16727539675376238,0.16472869048134453,0.5303376919042175,-0.06847222222222227,-0.0875,0.37821683973674713,0.4463536273658762,0.12854364099720333,0.31061094279358825,0.005093412544835696,0.019027777777777727,0.14805984680085257,0.5249531645145986,0.11992895643764893,0.11137378749442552,0.0,0.9999999987499999,0.6103848605614121,0.303666789592169,0.35074402256475323,0.38845060273272664,calm,02,09,09,male,strong,970
100,3.336666666666667,True,1.0,0.20254642620470484,0.20671011952263596,0.2046282728636704,0.38114931689901516,-0.06999999999999995,-0.087824074074074,0.4061025347692336,0.3241486082456489,0.13107168204619332,0.5368716767709342,0.004163693317931122,0.017824074074074048,0.15158867311357913,0.7366262919348243,0.12094934711235186,0.10922319754082925,0.0,0.9999999987499999,0.6063684180234594,0.30378990237190734,0.35832190244329454,0.39121792965974983,calm,02,09,09,male,strong,970
110,3.6703333333333332,True,1.0,0.19070603939619657,0.20359893577066168,0.19715248758342913,0.3411624011366202,-0.06638888888888889,-0.08407407407407402,0.41970739263761586,0.3016988248938359,0.12908999629800055,0.577884570300226,0.012892896374465113,0.017685185185185137,0.14530127369318319,0.792200351425497,0.12109880873310697,0.11010065238964761,0.0,0.9999999987499999,0.6100608580385278,0.302423270566599,0.36191424235977737,0.39236668555826326,calm,02,09,09,male,strong,970
0,0.0,True,1.0,0.18016401664474194,0.19870792913108382,0.18943597288791286,0.3732830278828999,-0.06606481481481491,-0.08597222222222217,0.4393187228495458,0.09049695908912014,0.1737060721196096,0.5074861666288764,0.01854391248634188,0.019907407407407263,0.14679232616880405,0.7314114816738333,0.12141676060638347,0.11095842919773813,0.0,0.9999999987499999,0.6166813921584259,0.29570077747876633,0.32045496663566914,0.3682990840558034,calm,02,09,09,male,strong,971
10,0.33366666666666667,True,1.0,0.23109652599993322,0.2584169662905624,0.24475674614524778,0.4085055830710172,-0.05740740740740746,-0.07555555555555554,0.43071132513155214,0.11383502946357256,0.17656250000000004,0.5991515325329048,0.02732044029062916,0.01814814814814808,0.14481277016991326,0.6592664908347018,0.12109987594391809,0.1116460062318197,0.0,0.9999999987499999,0.6165592606730192,0.2965590692868583,0.3258091351413279,0.37353888175691846,calm,02,09,09,male,strong,971
20,0.6673333333333333,True,1.0,0.19852880358035382,0.20695991332556546,0.20274435845295963,0.4286851297061864,-0.06893518518518527,-0.08671296296296299,0.42640056120809877,0.12810842561151833,0.18872686181129766,0.4729446962434111,0.008431109745211635,0.017777777777777726,0.12134563472980212,0.671873629821239,0.12125043974812037,0.1114824718151417,0.0,0.9999999987499999,0.6198046184802046,0.2959468356096466,0.32909104795212635,0.37651115255072415,calm,02,09,09,male,strong,971
30,1.0010000000000001,True,1.0,0.17977855930449432,0.1838062185864398,0.18179238894546706,0.7583367443123533,-0.0835185185185186,-0.10078703703703701,0.3287888498345893,0.3329981462294395,0.1983889697221401,0.23972514889847948,0.004027659281945484,0.017268518518518405,0.11996319154245379,0.40401666473887216,0.11778986964911319,0.1132978986830838,0.0,0.9999999987499999,0.6250262793789391,0.29581537993905355,0.3274048508609277,0.37615855617077754,calm,02,09,09,male,strong,971
40,1.3346666666666667,True,1.0,0.17009032219820794,0.17410451265219964,0.1720974174252038,0.6357974470148593,-0.08500000000000002,-0.09902777777777777,0.3630342204892241,0.30872141697764094,0.18912617856804775,0.27067962954746133,0.004014190453991706,0.01402777777777775,0.07691923619717721,0.4208055845686562,0.10743115584605342,0.1158301877908589,0.0,0.9999999987499999,0.6762342144748524,0.3173392588776975,0.2842441299179443,0.39110212589833365,calm,02,09,09,male,strong,971
50,1.6683333333333334,True,1.0,0.16738640506164276,0.18847075569853447,0.17792858038008863,0.7360334267703972,-0.0794907407407407,-0.09379629629629627,0.374236249071414,0.4343742869692559,0.1662516760929735,0.2417398095094841,0.021084350636891708,0.014305555555555571,0.1024088104777517,0.37906689774843827,0.12058177581960056,0.11014898379479367,0.0,0.9999999987499999,0.618680711136017,0.30026164698229385,0.3354145846434442,0.36938443282688765,calm,02,09,09,male,strong,971
60,2.0020000000000002,True,1.0,0.14760470188084693,0.14978280537293998,0.14869375362689347,0.5711091388088544,-0.0766666666666666,-0.09300925925925932,0.3476202067528513,0.473267606285411,0.1453466231776323,0.2603596117145309,0.0021781034920930475,0.016342592592592714,0.11071464437065172,0.4697716759046165,0.12084793327014837,0.11054843330122595,0.0,0.9999999987499999,0.6220518734056123,0.29668756899638493,0.3407161023931764,0.3799935723103197,calm,02,09,09,male,strong,971
70,2.3356666666666666,True,1.0,0.15594765407768832,0.14288771460684216,0.14941768434226524,0.7034805981427692,-0.07662037037037045,-0.09277777777777785,0.3342112480653323,0.48222651977340064,0.1539240458236336,0.21239773312403618,0.01305993947084616,0.016157407407407398,0.1257649774368242,0.4071354644914661,0.12406532969098268,0.10816515466074691,0.0,0.9999999987499999,0.618482781323467,0.2966108187993448,0.34788529897077775,0.376819706670751,calm,02,09,09,male,strong,971
80,2.6693333333333333,True,1.0,0.1896328301713144,0.2343723544617121,0.21200259231651325,0.6809745283166978,-0.07981481481481478,-0.09638888888888894,0.3545288389082673,0.4741656476927355,0.15338259803932586,0.3113223527472648,0.04473952429039768,0.016574074074074158,0.13745717528285553,0.4016898687933695,0.12254966765839068,0.10883410304419275,0.0,0.9999999987499999,0.6175491034148035,0.296205539263972,0.3412567538025892,0.3733871913791894,calm,02,09,09,male,strong,971
90,3.003,True,1.0,0.20161446705953032,0.23548592050560233,0.21855019378256632,0.47332674604630876,-0.07319444444444445,-0.09138888888888885,0.3696347023048122,0.38515351692114713,0.15608790299421155,0.46173218734861876,0.03387145344607201,0.018194444444444402,0.16457113822003794,0.6119072014853553,0.12244459090630316,0.10860201329419367,0.0,0.9999999987499999,0.6134799051964536,0.29746865574715864,0.33842698844692687,0.3695467240158943,calm,02,09,09,male,strong,971
100,3.336666666666667,True,1.0,0.17524717798342093,0.22255335025693318,0.19890026412017706,0.46779377308743253,-0.06791666666666663,-0.08587962962962964,0.3732107219243208,0.3653586164647265,0.1517013700137955,0.4251879258833183,0.04730617227351225,0.017962962962963014,0.15205396064294585,0.6027600452345435,0.12310047773552256,0.10891267694997728,0.0,0.7071067807446058,0.6132336759782039,0.29867309458833335,0.3399316659437419,0.3754090193543051,calm,02,09,09,male,strong,971
0,0.0,True,1.0,0.34992180182212307,0.3559193018809601,0.3529205518515416,0.5965986439681027,-0.050555555555555576,-0.0631018518518518,0.46768396041106586,-0.07016067653202454,0.21671842733871857,0.5915543982872522,0.005997500058837035,0.012546296296296222,0.07866408501903452,0.4691853626229292,0.11966667755612635,0.1140193697649678,0.0,0.9999999987499999,0.6173182135119673,0.29675378652948753,0.32686182273155145,0.38227148673504596,happy,03,09,09,male,normal,972
10,0.33366666666666667,True,1.0,0.3305727613029602,0.3442574178283307,0.3374150895656455,0.5869708044786345,-0.051342592592592606,-0.06361111111111117,0.4643568904439315,-0.04512677985931324,0.20883407432706813,0.5748413498442192,0.013684656525370487,0.012268518518518567,0.0899848467101634,0.48290621540770506,0.11620093901655666,0.11624560460285552,0.0,0.9999999987499999,0.623801008747249,0.2909105425292611,0.3261260651201217,0.385277716277267,happy,03,09,09,male,normal,972
20,0.6673333333333333,True,1.0,0.10884094562947506,0.09564989319535037,0.10224541941241272,0.5660217298402858,-0.05842592592592594,-0.07064814814814807,0.4737142255131976,-0.13821094951837024,0.22551515732127767,0.18063868226625027,0.01319105243412469,0.012222222222222134,0.07167151007178636,0.4911542476598635,0.11811232763539219,0.11529874484999805,0.0,0.9999999987499999,0.6047841634857068,0.2942476102790155,0.3151731412205948,0.3788662195922027,happy,03,09,09,male,normal,972
30,1.0010000000000001,True,1.0,0.20747626832660654,0.214196316638957,0.21083629248278177,0.6836104328752598,-0.059537037037037055,-0.0712962962962963,0.47401161473221776,-0.05924783702332526,0.22194926558377281,0.3084158496470074,0.006720048312350457,0.011759259259259247,0.06416064808112568,0.4223763503997894,0.11891760129875205,0.11628443587951005,0.0,0.9999999987499999,0.6117144298344337,0.29594742959024134,0.33046992792240554,0.39114671159911163,happy,03,09,09,male,normal,972
40,1.3346666666666667,True,1.0,0.36594367967622643,0.4007113400510334,0.38332750986362996,0.6132488533358437,-0.05722222222222212,-0.06458333333333338,0.3958602265387127,0.04802497798334517,0.20231915639096495,0.6250766027175952,0.034767660374807,0.007361111111111263,0.0531998978626697,0.4990389502531305,0.11887306601004291,0.1145142640956645,0.0,0.9999999987499999,0.6283862142278787,0.2906494511421908,0.3377607543297835,0.38245941539985034,happy,03,09,09,male,normal,972
50,1.6683333333333334,True,1.0,0.3307676826378997,0.3364162848712345,0.3335919837545671,0.8106903393112764,-0.055416666666666725,-0.06337962962962956,0.41060324420082017,0.07515957775663482,0.21210827371937466,0.41149125329157227,0.0056486022333347985,0.007962962962962838,0.05218226202346572,0.38376705177119075,0.11139602254294595,0.1171760819692721,0.0,0.9999999987499999,0.6565790409054246,0.31546813422794756,0.3103933281216454,0.4264634751957215,happy,03,09,09,male,normal,972
60,2.0020000000000002,True,1.0,0.3327404434233505,0.33812080402626826,0.33543062372480936,0.6660770089928272,-0.05513888888888885,-0.06425925925925918,0.4187321586897053,-0.011248109592192879,0.21709759236449416,0.5035913553479543,0.005380360602917744,0.009120370370370334,0.06940776271992169,0.4578059720831483,0.11736512081972003,0.11507009704124888,0.0,0.9999999987499999,0.6145380350030638,0.29302491763148164,0.33435923820629826,0.39579723057306354,happy,03,09,09,male,normal,972
70,2.3356666666666666,True,1.0,0.31487610393420856,0.3524855242865547,0.33368081411038164,0.7021169923613579,-0.05152777777777778,-0.06097222222222226,0.41935441261111656,-0.016637023076231498,0.21948676150638904,0.47524959193502386,0.03760942035234616,0.009444444444444478,0.07147147960304027,0.43633542016402677,0.1191178715064795,0.11392562177220301,0.0,0.9999999987499999,0.6146876684111143,0.2944140334899538,0.3382115188228469,0.4011008818908787,happy,03,09,09,male,normal,972
80,2.6693333333333333,True,1.0,0.1312521259057035,0.13104698673544996,0.13114955632057673,0.5836007086877415,-0.06087962962962967,-0.07115740740740739,0.48513028656123064,-0.1569015253519125,0.22660666342660013,0.22472480647851467,0.00020513917025355433,0.010277777777777719,0.08872447960120866,0.4724389709434165,0.11892526833175998,0.11379229879880087,0.0,0.9999999987499999,0.6087836562593787,0.3019064425718522,0.31535633742876057,0.3806020162839017,happy,03,09,09,male,normal,972
90,3.003,True,1.0,0.0908188046858474,0.08747556583450483,0.08914718526017612,0.5611706917108409,-0.05805555555555564,-0.06745370370370368,0.46191402728748227,-0.2728898510042522,0.23781376488120978,0.15885930355413452,0.0033432388513425643,0.009398148148148044,0.10015154903624031,0.48843334143996386,0.11783595775738831,0.11558118170010372,0.0,0.9999999987499999,0.5844338587388079,0.306217832407242,0.28923372095876554,0.35846249809175296,happy,03,09,09,male,normal,972
0,0.0,True,1.0,0.07358461715722925,0.10429524114254705,0.08893992914988816,0.725394190548827,-0.07254629629629628,-0.08004629629629634,0.4509226448875976,0.07572076757194396,0.19772293454357184,0.12260910041559192,0.030710623985317806,0.007500000000000062,0.0290510992574103,0.4134461074604387,0.1183504577875271,0.11422334221817866,0.0,0.9999999987499999,0.6618608793595565,0.31323783735904226,0.30921096801062636,0.41546447855230756,happy,03,09,09,male,normal,973
10,0.33366666666666667,True,1.0,0.3990644948755139,0.42272526905445046,0.41089488196498214,0.7244065761944226,-0.058287037037037026,-0.06277777777777777,0.4423632178997626,0.09317304547389485,0.19790343599173332,0.5672158363381595,0.023660774178936583,0.00449074074074074,0.03144291029788125,0.413016229496225,0.11386475410332159,0.11659017634462132,0.0,0.9999999987499999,0.6619687712741348,0.3140975333989834,0.3126250743180721,0.4278173717934667,happy,03,09,09,male,normal,973
20,0.6673333333333333,True,1.0,0.383677590772745,0.379642326765342,0.38165995876904346,0.7174996101350286,-0.059398148148148144,-0.06388888888888883,0.4522071518771336,0.08024644972326246,0.19628317820436608,0.5319305451569759,0.0040352640074030055,0.004490740740740684,0.0283626772122037,0.3987292718843103,0.12224483425581713,0.11125075683790145,0.0,0.9999999987499999,0.6177900888871173,0.298300784207217,0.34926809359494887,0.39873670924552357,happy,03,09,09,male,normal,973
30,1.0010000000000001,True,1.0,0.4060232247025922,0.43068565788697083,0.4183544412947815,0.7974606475984092,-0.07560185185185181,-0.08384259259259258,0.4361173248708213,0.13471445375171612,0.21544923797498283,0.5246082581688211,0.024662433184378607,0.00824074074074077,0.018812988051554843,0.3588291306411983,0.12135343022934243,0.11171196680939359,0.0,0.9999999987499999,0.619834248191464,0.3007383155208613,0.3582871605505735,0.40102568925039933,happy,03,09,09,male,normal,973
40,1.3346666666666667,True,1.0,0.3898323713535071,0.4297051696463084,0.4097687704999078,0.6922783449512647,-0.07981481481481478,-0.08814814814814814,0.3712402106990088,0.20245876125933152,0.2208502613033359,0.5919133156313807,0.03987279829280127,0.00833333333333336,0.014277869745626701,0.4245283018867927,0.12273421819393736,0.11122568914764368,0.0,0.9999999987499999,0.6242159822600916,0.2937577109675016,0.34670011469176004,0.38317717091399073,happy,03,09,09,male,normal,973
50,1.6683333333333334,True,1.0,0.3843706386901797,0.4168039533610469,0.40058729602561327,0.8602392469716164,-0.07740740740740748,-0.08527777777777784,0.4216315831499603,0.14910394265233012,0.219456960157552,0.4656696348554656,0.03243331467086724,0.007870370370370361,0.012484610968381571,0.32999071914153405,0.12054793010815189,0.1125807048444503,0.0,0.9999999987499999,0.6195686938681721,0.29647894184873974,0.35756945880784907,0.39753297596003084,happy,03,09,09,male,normal,973
60,2.0020000000000002,True,1.0,0.39594722399126264,0.4174307333458059,0.40668897866853426,0.7887323943661966,-0.07620370370370366,-0.08379629629629626,0.38681174050893363,0.2253521126760556,0.22154981821739436,0.5156235265261777,0.02148350935454324,0.007592592592592595,0.018004051403305882,0.4288652725748033,0.11347589654122722,0.11729399066787805,0.0,0.9999999987499999,0.661822907960059,0.31177240088930563,0.3152393037643382,0.4207113188427745,happy,03,09,09,male,normal,973
70,2.3356666666666666,True,1.0,0.3991036693388767,0.4235792636098727,0.4113414664743747,0.7350624552029128,-0.07305555555555548,-0.08194444444444449,0.38063077342710333,0.13306539368384263,0.22711692818202756,0.5596007027196411,0.024475594270995993,0.008888888888889002,0.020709512608794042,0.41842939972879606,0.1119719979401389,0.11646233620358357,0.0,0.9999999987499999,0.6572546379411139,0.3139960576661644,0.3147613829884601,0.4213696871262496,happy,03,09,09,male,normal,973
80,2.6693333333333333,True,1.0,0.4241674359717641,0.4599049177695238,0.44203617687064395,0.7943707946550479,-0.07263888888888892,-0.08129629629629631,0.41769839347242854,0.15533780736515043,0.22506645069081818,0.5564607609505536,0.03573748179775971,0.008657407407407391,0.019784056989764577,0.37731151546199104,0.10837293502501424,0.11740933445361104,0.0,0.9999999987499999,0.6552639376844488,0.31434858173394076,0.3120116842364069,0.4296691962307165,happy,03,09,09,male,normal,973
90,3.003,True,1.0,0.41015512977807794,0.4172372752826789,0.4136962025303784,0.7411674834201801,-0.07087962962962968,-0.08023148148148146,0.4333396205773014,0.09397573463094305,0.22229945642032806,0.5581683111910715,0.007082145504600956,0.009351851851851778,0.018918631539452134,0.3968981760582981,0.11308255147844734,0.11505360808246833,0.0,0.9999999987499999,0.6580090777404711,0.3133129836478176,0.31724628475930705,0.4315525704674157,happy,03,09,09,male,normal,973
100,3.336666666666667,True,1.0,0.3008020766091634,0.30212453872746414,0.30146330766831375,0.7379078278077104,-0.0701851851851853,-0.07949074074074075,0.44300255507956954,0.08673852665821885,0.21540567734731114,0.4085378909232433,0.0013224621183007268,0.009305555555555456,0.026092489613017272,0.40737647828648116,0.11220633420634991,0.11491784483142979,0.0,0.9999999987499999,0.6579570822938551,0.3140562979733897,0.31566028675570196,0.43131966501870367,happy,03,09,09,male,normal,973
0,0.0,True,1.0,0.37416815840251066,0.41585370768641616,0.39501093304446344,0.7487152397399762,-0.06208333333333338,-0.06921296296296298,0.4366069244032229,0.06048339958490808,0.21133686064245522,0.5275850043891829,0.0416855492839055,0.007129629629629597,0.0347322145551688,0.3927281719623696,0.1087410096829226,0.11706851701634483,0.0,0.9999999987499999,0.6580454999109018,0.3184266496241642,0.31032868521387424,0.42199888932557367,happy,03,09,09,male,normal,974
10,0.33366666666666667,True,1.0,0.42777660976325754,0.4425482627169084,0.435162436240083,0.7302823900646739,-0.06949074074074074,-0.07287037037037047,0.42440226343644205,0.10255346390470516,0.2168528612644644,0.5958824177610869,0.014771652953650849,0.0033796296296297323,0.038775015370246774,0.39986003150764826,0.12138360345036955,0.11252892564921385,0.0,0.9999999987499999,0.6262938106727066,0.291987627251759,0.3452748700864708,0.40183556558637523,happy,03,09,09,male,normal,974
20,0.6673333333333333,True,1.0,0.447857327901337,0.4591640314444752,0.4535106796729061,0.7146627416605279,-0.07092592592592595,-0.07583333333333342,0.41442828122728376,0.13463994135002672,0.2133836688599105,0.6345799959001197,0.01130670354313823,0.004907407407407471,0.027483524471705885,0.39928317145722597,0.12139732195320896,0.11200498504138899,0.0,0.9999999987499999,0.6153083998912066,0.2989133655395549,0.34271575852955094,0.38410667026523226,happy,03,09,09,male,normal,974
30,1.0010000000000001,True,1.0,0.4227278303608023,0.4454316953086821,0.4340797628347422,0.8446389558867087,-0.07273148148148145,-0.07740740740740742,0.3667857653452531,0.2506650704081892,0.20438179567363088,0.5139234459995299,0.022703864947879793,0.004675925925925972,0.028054687501254446,0.3615783700175515,0.11801498473878799,0.1147360888758692,0.0,0.9999999987499999,0.6256670586515857,0.29424123329919394,0.33033393264256766,0.3678278260914469,happy,03,09,09,male,normal,974
40,1.3346666666666667,True,1.0,0.4092286234011788,0.4447373162969821,0.42698296984908046,0.6301005140592592,-0.07111111111111118,-0.07662037037037028,0.37338219650897536,0.2121208040838146,0.20157216352205906,0.6776426305358068,0.03550869289580327,0.005509259259259103,0.030495252499382456,0.4723052985453197,0.12215914872515307,0.11100209406471648,0.0,0.9999999987499999,0.6267606675717161,0.28884013770055383,0.3364589389185109,0.37386914896205514,happy,03,09,09,male,normal,974
50,1.6683333333333334,True,1.0,0.4183745620622229,0.460481805804312,0.43942818393326744,0.6390048436971084,-0.06907407407407401,-0.07606481481481486,0.37392390054406316,0.20442981023484236,0.21333754076164213,0.6876758263534519,0.04210724374208913,0.006990740740740853,0.029593001558235632,0.47617377304382613,0.10966520567520581,0.11783134982908072,0.0,0.9999999987499999,0.6680709451671294,0.3087662751666579,0.29925821543375825,0.40696283274526285,happy,03,09,09,male,normal,974
60,2.0020000000000002,True,1.0,0.4325033752843909,0.46571936475427794,0.44911137001933443,0.6801280177265471,-0.06837962962962962,-0.0771296296296296,0.3671434353698943,0.15377488613441356,0.22528498932688706,0.660333581787399,0.03321598946988702,0.00874999999999998,0.034636365411632494,0.4572820039035227,0.1075688927278246,0.1176616604397628,0.0,0.9999999987499999,0.6575483030008878,0.31320600002159565,0.2986103424848555,0.4059536890937143,happy,03,09,09,male,normal,974
70,2.3356666666666666,True,1.0,0.45209771718047376,0.4854327411337459,0.46876522915710983,0.7996131399715614,-0.06634259259259262,-0.07527777777777778,0.39693341031497253,0.21463241979254902,0.22106675581184437,0.5862400274885199,0.03333502395327215,0.008935185185185157,0.03310133765885955,0.39043754525294594,0.11194177250789622,0.11779250920299947,0.0,0.9999999987499999,0.6623017618062851,0.31179650508817897,0.3091484178779477,0.4194574619990993,happy,03,09,09,male,normal,974
80,2.6693333333333333,True,1.0,0.4127278706284511,0.4652821792543497,0.4390050249414004,0.7630737693314993,-0.06685185185185188,-0.07472222222222208,0.4153108037884031,0.15355896906532163,0.21404613533042147,0.5753113821826119,0.052554308625898605,0.007870370370370194,0.032575862149380255,0.406867528393416,0.10825501668381646,0.11832588881112174,0.0,0.9999999987499999,0.6633408531772083,0.31166771752695266,0.308044353059871,0.4232394399231628,happy,03,09,09,male,normal,974
90,3.003,True,1.0,0.41522470557212793,0.46637122270378917,0.4407979641379586,0.7512418636290304,-0.062361111111111145,-0.06953703703703695,0.4196486786056144,0.12883104106983995,0.21133686064245522,0.5867590525487918,0.05114651713166124,0.007175925925925808,0.0338032215439896,0.40702494935273986,0.11011243321830594,0.11741352728446276,0.0,0.9999999987499999,0.6649517651122949,0.31152895396256214,0.311047075261498,0.42596020946240026,happy,03,09,09,male,normal,974
0,0.0,True,1.0,0.37158999508394003,0.4033953897477226,0.3874926924158313,0.7878877540097408,-0.05740740740740735,-0.06027777777777776,0.46286378402527417,0.03676706112806814,0.2041801188701787,0.49181205120119265,0.03180539466378257,0.002870370370370412,0.012106671050973704,0.3602366974481912,0.12135956955190087,0.1133980286876239,0.0,0.9999999987499999,0.6224753333208283,0.3004897303205306,0.34865629571413753,0.40249197225558103,happy,03,09,09,male,normal,975
10,0.33366666666666667,True,1.0,0.36581260523120473,0.3874331103488595,0.37662285779003213,0.8017626188459115,-0.05689814814814814,-0.0597685185185185,0.4570849197067724,0.1068746332942187,0.18754068568996568,0.46974359858801823,0.021620505117654787,0.0028703703703703565,0.02342250138001782,0.3534177816637281,0.11915024307977455,0.11472512331745215,0.0,0.9999999987499999,0.6252302996901885,0.2982454340253352,0.35143749498461285,0.40387008731632457,happy,03,09,09,male,normal,975
20,0.6673333333333333,True,1.0,0.3776251466753949,0.3936173455434315,0.3856212461094132,0.7790560667651361,-0.05819444444444438,-0.06083333333333324,0.4516006548942485,0.0973552725925003,0.1910121683285029,0.49498522963902075,0.0159921988680366,0.0026388888888888573,0.02349944067622712,0.38371361178552904,0.12301981658683665,0.1114238700271621,0.0,0.9999999987499999,0.6273413921818728,0.29770367978838075,0.35638983742334795,0.40510260163072104,happy,03,09,09,male,normal,975
30,1.0010000000000001,True,1.0,0.42291846297336366,0.43735513942388443,0.4301368011986241,0.9878428394340522,-0.08370370370370361,-0.08861111111111103,0.3651669832532831,0.3069967590493025,0.22023902538293522,0.43543039846809534,0.014436676450520769,0.004907407407407416,0.02241479162486807,0.3119122008996248,0.11757671707690201,0.11418843474440314,0.0,0.9999999987499999,0.6185656134719514,0.29808282029222666,0.34443052546530334,0.38179570761874576,happy,03,09,09,male,normal,975
40,1.3346666666666667,True,1.0,0.37907005306034997,0.40308109494546396,0.39107557400290693,0.6716457867025634,-0.08648148148148155,-0.09458333333333335,0.3672916161390932,0.19753086419753121,0.22996862585534816,0.5822646129039052,0.024011041885113993,0.008101851851851805,0.018306748052930637,0.47423586185551914,0.10748155539397189,0.11902890342498641,0.0,0.9999999987499999,0.6643094257859394,0.3104811958703324,0.3101311497328588,0.4229274537426719,happy,03,09,09,male,normal,975
50,1.6683333333333334,True,1.0,0.3920980551987094,0.4234107172925937,0.4077543862456515,0.929610294073743,-0.08106481481481487,-0.08930555555555553,0.4071884031871571,0.21767147997725594,0.22649805184351623,0.4386293792625598,0.031312662093884336,0.00824074074074066,0.021710998054644118,0.32062882515278424,0.11487421776853544,0.11658039811646483,0.0,0.9999999987499999,0.6551413899856817,0.31403447722484207,0.32847016000004053,0.4406674051133762,happy,03,09,09,male,normal,975
60,2.0020000000000002,True,1.0,0.4116933922583931,0.42421097862173596,0.4179521854400645,0.7900896744005911,-0.07916666666666672,-0.0874537037037037,0.36493367360027806,0.24360027808504575,0.2264296626926589,0.5289933522509933,0.01251758636334288,0.008287037037036982,0.014757018932411462,0.4128184219981001,0.10868246792993026,0.11663384665212381,0.0,0.9999999987499999,0.6607255940032264,0.3113027446155318,0.3151863658410303,0.4222291845033899,happy,03,09,09,male,normal,975
70,2.3356666666666666,True,1.0,0.37012538243261,0.417269780676107,0.3936975815543585,0.7507317115371128,-0.07777777777777778,-0.08597222222222223,0.39475769083978146,0.18761344821471454,0.22372162946149882,0.5244184780049695,0.04714439824349698,0.008194444444444449,0.02197885125445847,0.41097131665516945,0.11139426722200986,0.1157051845276703,0.0,0.9999999987499999,0.6586371017469488,0.31261696541330847,0.3175430132259331,0.42500001145288296,happy,03,09,09,male,normal,975
80,2.6693333333333333,True,1.0,0.40606866250941154,0.41719875656858363,0.4116337095389976,0.7463018780053461,-0.07449074074074069,-0.08259259259259255,0.44144980220326496,0.12605764975879888,0.21329784115730271,0.5515646170409997,0.011130094059172091,0.00810185185185186,0.029298269027595292,0.3990111316762871,0.11106460958359173,0.11667665055415707,0.0,0.9999999987499999,0.662814463246236,0.31241584425816427,0.3175378370159181,0.43680306960231013,happy,03,09,09,male,normal,975
90,3.003,True,1.0,0.3944566381824338,0.42362432167751324,0.4090404799299735,0.7372755270276686,-0.06745370370370368,-0.07694444444444448,0.44054797417891156,0.09204613874232626,0.21406146156930242,0.5548000237835413,0.02916768349507942,0.0094907407407408,0.034110126304007414,0.4008989948166081,0.11146332335179823,0.11629581176319484,0.0,0.9999999987499999,0.6596124575533338,0.3131510032339101,0.3155004647850429,0.43059585483299584,happy,03,09,09,male,normal,975
100,3.336666666666667,True,1.0,0.4245594162229265,0.43697848075955176,0.43076894849123915,0.7140678865462167,-0.06662037037037044,-0.0733333333333332,0.43735384589088294,0.07682773272993179,0.2146984988792585,0.6032604975064348,0.01241906453662528,0.006712962962962754,0.027457268407689125,0.42808002632673814,0.10891114054017843,0.11788397691870271,0.0,0.9999999987499999,0.6626836615505577,0.31266469469037206,0.31151239786754603,0.4290704126399647,happy,03,09,09,male,normal,975
0,0.0,True,1.0,0.1782778827074034,0.1741520448062095,0.17621496375680645,0.6854900048905135,-0.05509259259259258,-0.06976851851851851,0.4608268245657656,0.21776391746824367,0.1440642741783042,0.25706423507218246,0.004125837901193918,0.014675925925925926,0.1144093383485704,0.39260831880047947,0.11071183756011145,0.11504099243403883,0.0,0.9999999987499999,0.6237232012179872,0.3108341954661931,0.31506101245911106,0.3770613996741866,happy,03,09,09,male,strong,976
10,0.33366666666666667,True,1.0,0.3198017792077989,0.39153690724283496,0.35566934322531696,0.7407349273208724,-0.05523148148148144,-0.06541666666666665,0.4348348371718197,0.3151864524981301,0.13217354499101147,0.4801573816854024,0.07173512803503607,0.010185185185185214,0.1000082380083775,0.3597716878547208,0.11192476409451409,0.1114940932659633,0.0,0.9999999987499999,0.6265022167382579,0.31050262172256815,0.3410532411933962,0.4152194401876345,happy,03,09,09,male,strong,976
20,0.6673333333333333,True,1.0,0.312763752953655,0.3399908002336173,0.32637727659363613,0.7351566275070656,-0.06041666666666662,-0.07106481481481475,0.46362372178795624,0.2578805500294202,0.1450264510919448,0.4439561100066385,0.02722704727996228,0.010648148148148129,0.08027283059370363,0.37248416889079505,0.11685571524382672,0.11509182764312381,0.0,0.9999999987499999,0.625672399186237,0.30193605747904206,0.35263522739885095,0.4120415966764754,happy,03,09,09,male,strong,976
30,1.0010000000000001,True,1.0,0.2981475203479108,0.3217090839992214,0.3099283021735661,0.7620883377721815,-0.060740740740740706,-0.07064814814814813,0.46725542480213605,0.24343048685988866,0.15288388045434276,0.40668290907007154,0.02356156365131057,0.00990740740740742,0.0717237727221767,0.3608151531338013,0.1179740720333033,0.11259961688795565,0.0,0.9999999987499999,0.625895317642682,0.298851290793457,0.3608435841674966,0.4116725737925469,happy,03,09,09,male,strong,976
40,1.3346666666666667,True,1.0,0.28919666966955027,0.3163754667662309,0.30278606821789056,0.754312293657731,-0.06597222222222227,-0.07347222222222216,0.41185196545430863,0.2840519302768057,0.16096551974260495,0.4014067790803893,0.02717879709668064,0.007499999999999896,0.04711897527306807,0.38534941889833857,0.12184489709387694,0.11117571501299589,0.0,0.9999999987499999,0.6219878482408588,0.2932167642939143,0.36437521015385715,0.41078590778666235,happy,03,09,09,male,strong,976
50,1.6683333333333334,True,1.0,0.2895573918201537,0.3020615843626508,0.2958094880914023,1.1971171452822347,-0.06958333333333327,-0.07675925925925925,0.43240395474212345,0.36230937195012314,0.16563928499426248,0.24710153827231474,0.012504192542497072,0.0071759259259259744,0.037801348044025934,0.25543091989954453,0.10765778786061053,0.1187091460930282,0.0,0.9999999987499999,0.6719867210399785,0.31282239902504666,0.3186783899856063,0.4421642971546419,happy,03,09,09,male,strong,976
60,2.0020000000000002,True,1.0,0.3027466679576232,0.31598632588929415,0.30936649692345863,0.871111613597302,-0.06685185185185183,-0.07361111111111113,0.3838910467864352,0.3421230209282555,0.17871828314399807,0.3551399064075304,0.013239657931670978,0.006759259259259298,0.03772430220120024,0.36262877811234073,0.10552479209093477,0.11675651658838353,0.0,0.9999999987499999,0.6667112198082358,0.31232256398873043,0.30589886196598,0.417331824031039,happy,03,09,09,male,strong,976
70,2.3356666666666666,True,1.0,0.3273263638220889,0.3428199768895825,0.3350731703558357,0.6801090820834974,-0.07685185185185184,-0.08356481481481476,0.3934040519812265,0.2428838481884226,0.19940352799112818,0.49267562981124635,0.015493613067493583,0.006712962962962921,0.03103221719303438,0.453394796040658,0.1238629849040433,0.1089228145422103,0.0,0.9999999987499999,0.6168250695199955,0.2944068300424451,0.35385641683411484,0.38154197549325825,happy,03,09,09,male,strong,976
80,2.6693333333333333,True,1.0,0.31332889975120853,0.3287411133928996,0.3210350065720541,0.9254253114890023,-0.08689814814814811,-0.09444444444444444,0.40678520035671883,0.2787850405119688,0.2104982325020848,0.34690536619914925,0.015412213641691042,0.007546296296296329,0.01807680628985308,0.31959695459971416,0.10935821847761136,0.11665559936122014,0.0,0.9999999987499999,0.6677718279421143,0.31504867718561846,0.3142817654515502,0.429504719322949,happy,03,09,09,male,strong,976
90,3.003,True,1.0,0.3343177102259528,0.31441233908691213,0.32436502465643247,0.8486050191561286,-0.07587962962962969,-0.08574074074074067,0.46310533986910896,0.1413796357644575,0.20978369299672175,0.38223321490484247,0.019905371139040673,0.009861111111110987,0.017919404978361118,0.32027374020309257,0.11132861023703818,0.1164247775583667,0.0,0.9999999987499999,0.6638132417654562,0.31803280771818604,0.32166482051846074,0.4338471913325665,happy,03,09,09,male,strong,976
100,3.336666666666667,True,1.0,0.3516385805881159,0.36130962663503974,0.35647410361157783,0.9175769730368583,-0.07347222222222222,-0.07967592592592587,0.45877097270026806,0.14235585726241604,0.2091098853667771,0.3884950408375806,0.009671046046923815,0.006203703703703656,0.024731223330137744,0.3057720066577884,0.12228856869723112,0.11256494989843072,0.0,0.9999005042456991,0.6183949096826231,0.2976502850519276,0.35873125085504115,0.4075780916451213,happy,03,09,09,male,strong,976
110,3.6703333333333332,True,1.0,0.3621205787022325,0.3941392668637424,0.37812992278298746,0.8391805477220848,-0.06791666666666674,-0.07449074074074069,0.4640303453410738,0.13104100474291355,0.20093189757354307,0.4505942419773706,0.03201868816150988,0.0065740740740739545,0.032573440887211924,0.346352084624763,0.12109492205075707,0.11267055604827142,0.0,0.9999999987499999,0.6193803937278037,0.29840640674267876,0.3571769871542384,0.40898716583977396,happy,03,09,09,male,strong,976
0,0.0,True,1.0,0.21384772505862532,0.5294621543856358,0.3716549397221306,0.7960637918489312,-0.055046296296296315,-0.05481481481481476,0.3873126530097324,-0.03566528812961222,0.20805466388442845,0.46686577574257954,0.3156144293270105,0.00023148148148155467,0.12924940162824713,0.3020402421416029,0.12540626794016216,0.10552985829079296,0.0,0.9999999987499999,0.6673460857624298,0.291929505248019,0.27495790401930775,0.3533453455960379,happy,03,09,09,male,strong,977
10,0.33366666666666667,True,1.0,0.23333992011365884,0.28043055703871933,0.25688523857618906,0.7690456766889263,-0.053749999999999964,-0.054259259259259285,0.4925117329627706,-0.057152196106242475,0.2128447484973276,0.3340311848344183,0.04709063692506049,0.0005092592592593204,0.0006314990967298452,0.38856499510853726,0.10770272839676173,0.12583705549632934,0.0,0.7855992573900364,0.6331817854251075,0.2951810795171154,0.27039041001503566,0.34860818301893753,happy,03,09,09,male,strong,977
20,0.6673333333333333,True,1.0,0.30516992780410357,0.3336873667874519,0.31942864729577775,0.810305103085725,-0.05379629629629634,-0.062453703703703733,0.47777412993126495,0.06141618496413984,0.18894704285044794,0.3942078682206994,0.028517438983348353,0.008657407407407391,0.054857658113217696,0.3563324262529632,0.1103106965619423,0.11852031953499426,0.0,0.9999999987499999,0.6363792561243248,0.2954386271555886,0.3275683215014569,0.396539297306006,happy,03,09,09,male,strong,977
30,1.0010000000000001,True,1.0,0.29201152661628943,0.3116668651873766,0.301839195901833,0.7559414060143583,-0.05768518518518523,-0.06629629629629624,0.47597363741094856,0.20671485258932776,0.15701443022291076,0.39928914265095816,0.019655338571087144,0.008611111111111014,0.048573011455465415,0.3856789055784099,0.11354647508537306,0.11867937000786931,0.0,0.9999999987499999,0.6376857979519932,0.2976732589867819,0.3365948791233521,0.40984489199327784,happy,03,09,09,male,strong,977
40,1.3346666666666667,True,1.0,0.2479085470695781,0.26923790480774157,0.25857322593865983,0.802437387110569,-0.06124999999999997,-0.06907407407407404,0.4230549868790201,0.3067723149519459,0.14661574613256742,0.3222347688331609,0.021329357738163468,0.007824074074074067,0.02584751264748718,0.3568636134272086,0.11824310934101309,0.11483327784978077,0.0,0.9999999987499999,0.6161830538699854,0.30424666640635234,0.3542491239697788,0.4060084522492243,happy,03,09,09,male,strong,977
50,1.6683333333333334,True,1.0,0.3051699278041041,0.2786998100609962,0.29193486893255016,1.0257148929665876,-0.06444444444444442,-0.06981481481481486,0.4310665415581208,0.33045005035960734,0.15155208396975228,0.2846159989821459,0.026470117743107924,0.005370370370370442,0.021104635266736158,0.27696415481611786,0.12031472898458746,0.11316709963893912,0.0,0.9999999987499999,0.6145986916719813,0.3043672322035538,0.359415593111147,0.40805385088494106,happy,03,09,09,male,strong,977
60,2.0020000000000002,True,1.0,0.28632649495684465,0.2868890787738691,0.2866077868653569,0.780465267647099,-0.06282407407407409,-0.06939814814814821,0.4171931835235568,0.25619093127414155,0.17713545686623575,0.367226830899734,0.0005625838170244535,0.006574074074074121,0.030395394565896638,0.37885581433108517,0.10167574388751023,0.11916788716181756,0.0,0.9999999987499999,0.6816906355276486,0.3106351295047543,0.29817198890168145,0.4249181311356351,happy,03,09,09,male,strong,977
70,2.3356666666666666,True,1.0,0.32373591523100703,0.32920820568524684,0.32647206045812693,0.8329644485060741,-0.06495370370370368,-0.06865740740740739,0.43329110529620213,0.2276513399230296,0.18514467149425623,0.3919399693992417,0.005472290454239803,0.003703703703703709,0.01767212872500888,0.3459901393773934,0.11696227140673479,0.11481772552978867,0.0,0.9999999987499999,0.6179430800367022,0.2973292939825958,0.3471143093415646,0.3979732062238118,happy,03,09,09,male,strong,977
80,2.6693333333333333,True,1.0,0.3291590046434057,0.32335836124194905,0.32625868294267735,0.7247300544635528,-0.08481481481481479,-0.08962962962962961,0.4122168011891508,0.15779763059870042,0.21816888821553931,0.4501795957450322,0.00580064340145664,0.004814814814814827,0.012958373186514511,0.3901049129692047,0.11965864511371553,0.11318930740457515,0.0,0.9999999987499999,0.6195343230807948,0.29687280567148383,0.36153578974122524,0.400095099893558,happy,03,09,09,male,strong,977
90,3.003,True,1.0,0.32628775045774533,0.33886386031670934,0.3325758053872273,0.8257499791387134,-0.09120370370370368,-0.10013888888888886,0.438424082125977,0.15752714635104936,0.2271921626164518,0.4027560566627149,0.012576109858964013,0.008935185185185185,0.021014630383300086,0.35178235924153467,0.10550736711900222,0.11839257101077723,0.0,0.9999999987499999,0.6729717650732169,0.31419057473030704,0.32785102487884077,0.4478341683548132,happy,03,09,09,male,strong,977
100,3.336666666666667,True,1.0,0.3204910719427114,0.300042938543123,0.31026700524291717,0.8161452080402235,-0.08074074074074072,-0.08615740740740746,0.4633030731165299,0.12913690000636477,0.21327494793661517,0.3801615229573531,0.020448133399588453,0.005416666666666736,0.008664339082992608,0.3348912122744407,0.11725830346909052,0.11534423710411479,0.0,0.9999999987499999,0.6191846276713812,0.29937539839772886,0.3584821904300753,0.4096826512696115,happy,03,09,09,male,strong,977
110,3.6703333333333332,True,1.0,0.33908835835515316,0.37133943069869757,0.35521389452692537,0.7632019006488427,-0.068425925925926,-0.07421296296296293,0.46961156498695955,0.1322288398500159,0.19191529001815294,0.46542585156684907,0.03225107234354441,0.005787037037036924,0.040584251851335275,0.37860327263535254,0.10417476484933871,0.11682660933026977,0.0,0.9999999987499999,0.6742144733205783,0.3141728574232385,0.3110424226911236,0.4289151620808935,happy,03,09,09,male,strong,977
120,4.0040000000000004,True,1.0,0.34545426639949206,0.38616473739990537,0.36580950189969874,0.7813880077609181,-0.06481481481481483,-0.07296296296296284,0.4730589256770918,0.10134654161903739,0.20190685325210445,0.4681534631532581,0.040710471000413306,0.008148148148148016,0.05093116670341097,0.36585965911119134,0.11824123414923986,0.11400265530981375,0.0,0.9999999987499999,0.630475651221426,0.2981080819931376,0.3545644936303382,0.4097469893030521,happy,03,09,09,male,strong,977
0,0.0,True,1.0,0.36069610695495624,0.3795947591389964,0.37014543304697634,0.7850072636587659,-0.06134259259259267,-0.06300925925925932,0.46593857975906977,0.09546282524064319,0.19395819522294142,0.4715184816530239,0.018898652184040132,0.0016666666666666496,0.030050479787623197,0.3595147851916116,0.1233059707355805,0.11076363920850628,0.0,0.9999999987499999,0.6264761301004776,0.2995364167800587,0.35291772228590546,0.4067338656734258,happy,03,09,09,male,strong,978
10,0.33366666666666667,True,1.0,0.3368459934173203,0.364667980185204,0.35075698680126216,0.747145976763053,-0.06092592592592594,-0.06476851851851856,0.457781189820172,0.09603372442923967,0.19463425832666548,0.4694624580873569,0.027821986767883722,0.0038425925925926196,0.02688103091458669,0.37999200367341696,0.11938955954643599,0.1131368014288346,0.0,0.9999999987499999,0.626342281662665,0.2982204302031586,0.3492941062589553,0.4011710774879401,happy,03,09,09,male,strong,978
20,0.6673333333333333,True,1.0,0.37133943069869774,0.37975593251354794,0.37554768160612284,0.7239794374837815,-0.0750925925925926,-0.07879629629629631,0.45757561154490756,0.11879532846555987,0.20642895881891785,0.518726999915016,0.008416501814850208,0.003703703703703709,0.022395088040957693,0.39689817605829747,0.11669888116758327,0.11640225831943307,0.0,0.9999999987499999,0.6243431656568879,0.30006011725926124,0.3565418571115915,0.4090673288708167,happy,03,09,09,male,strong,978
30,1.0010000000000001,True,1.0,0.3651654536558284,0.3952231516120432,0.38019430263393583,0.8929659096056376,-0.08837962962962953,-0.09375,0.3734953320398785,0.2363005782293251,0.22512237611689256,0.4257657526946822,0.03005769795621477,0.00537037037037047,0.016551408173418148,0.3419065511869486,0.11635992817076322,0.11592222386913717,0.0,0.9999999987499999,0.6171614694080758,0.29784714729198286,0.34748002783724724,0.3889722625289313,happy,03,09,09,male,strong,978
40,1.3346666666666667,True,1.0,0.3442695283683701,0.37074577985495755,0.35750765411166385,0.8281070765863905,-0.0860185185185185,-0.09263888888888883,0.3634327053263811,0.22037426539225308,0.22165207094831332,0.4317166997115591,0.026476251486587443,0.006620370370370332,0.011982947176902445,0.3813738940677454,0.10801567305206684,0.1196641408610781,0.0,0.9999999987499999,0.6579497683917318,0.31351499512042225,0.3188555443448205,0.4281992848643771,happy,03,09,09,male,strong,978
50,1.6683333333333334,True,1.0,0.34814993556103296,0.3829291277002597,0.36553953163064634,1.1891544714829378,-0.09129629629629626,-0.09495370370370354,0.3836025580220601,0.3984290562770742,0.22370969338125765,0.3073944894432423,0.034779192139226756,0.003657407407407276,0.013958985372978289,0.25218814188636274,0.10768519850502323,0.11787891642774156,0.0,0.9999999987499999,0.6623652379545569,0.31365875028400736,0.3288797150611752,0.44721449825779896,happy,03,09,09,male,strong,978
60,2.0020000000000002,True,1.0,0.35359145710380147,0.3578350061796166,0.35571323164170904,0.8290160117135587,-0.09032407407407406,-0.0925462962962963,0.37336662011060767,0.3223822658640444,0.22367797441614176,0.42907884361178655,0.004243549075815145,0.0022222222222222365,0.010449516854030262,0.35748116800532354,0.12048529584022216,0.11196917545724207,0.0,0.9999999987499999,0.625422727200255,0.28989251800998234,0.3584238097278769,0.39435753761274844,happy,03,09,09,male,strong,978
70,2.3356666666666666,True,1.0,0.375933087459973,0.36368145090858767,0.3698072691842803,0.9196143833020256,-0.08865740740740741,-0.09337962962962959,0.3509323526088275,0.31345936928434676,0.2243545295048362,0.40213297649437246,0.012251636551385336,0.004722222222222183,0.011548333931050883,0.32699037376420115,0.12170312691599847,0.11167262578914122,0.0,0.9999999987499999,0.6189371839907837,0.2929709398456313,0.3491059699833718,0.38132659473281316,happy,03,09,09,male,strong,978
80,2.6693333333333333,True,1.0,0.3745239779625651,0.39311723760774425,0.3838206077851547,0.8958064164776157,-0.08388888888888879,-0.08921296296296305,0.40638130109717263,0.2602380088139596,0.21261629400533366,0.4284637849485035,0.01859325964517916,0.005324074074074259,0.017532890199659163,0.32793570669477173,0.11973404892290881,0.11411569512986393,0.0,0.9999999987499999,0.6307035874584209,0.29222378473802135,0.34696562148102494,0.40300360522560086,happy,03,09,09,male,strong,978
90,3.003,True,1.0,0.36506617566821703,0.37502428399999277,0.3700452298341049,0.8059852884495476,-0.07768518518518519,-0.08462962962962961,0.4221833321411593,0.2186545116913061,0.20648106434160154,0.45912156851640684,0.009958108331775739,0.00694444444444442,0.029747979942308836,0.36395000763566543,0.12284421742201604,0.11007050832481824,0.0,0.9999999987499999,0.6250357666504103,0.29606545078085594,0.3608277049231663,0.40808153760480126,happy,03,09,09,male,strong,978
100,3.336666666666667,True,1.0,0.3597730000768573,0.38128337843856164,0.3705281892577095,0.7428918018781976,-0.07472222222222219,-0.08347222222222223,0.43628050377054456,0.15514366527427978,0.21137440196682647,0.4987646765261521,0.02151037836170433,0.008750000000000036,0.03404764020328229,0.3905612257585102,0.105899129091355,0.11755708401496198,0.0,0.9999999987499999,0.6584461692489496,0.31547703387776616,0.3147993781750163,0.4389126820951835,happy,03,09,09,male,strong,978
0,0.0,True,1.0,0.23777253006051022,0.1780704272097374,0.2079214786351238,0.6491085933511366,-0.055509259259259425,-0.06319444444444433,0.44348573105135264,-0.14600162984074813,0.2328437674817546,0.32031848101362026,0.05970210285077282,0.007685185185184906,0.13547003243876032,0.42311177456606297,0.11416181555617634,0.11629931777954458,0.0,0.9999999987499999,0.5649791935055273,0.2990510405236528,0.2817133281184498,0.34761372664090284,happy,03,09,09,male,strong,979
10,0.33366666666666667,True,1.0,0.3544163198273822,0.38184960080816976,0.368132960317776,0.7249569318732277,-0.05157407407407416,-0.06300925925925932,0.4806210158510501,-8.019081769903268e-16,0.2070774910871179,0.5077997659344416,0.027433280980787567,0.01143518518518516,0.06495584278519181,0.4086214325765505,0.10984789609523264,0.12179830334456367,0.0,0.9999999987499999,0.6256309906228116,0.3025445554374019,0.32273723516988084,0.3907073258266546,happy,03,09,09,male,strong,979
20,0.6673333333333333,True,1.0,0.3424008402954886,0.36796585807748167,0.35518334918648514,0.7330592400693988,-0.057129629629629586,-0.06476851851851856,0.47584894275240963,0.0609693053943306,0.19748355463768139,0.4845220273778418,0.02556501778199305,0.007638888888888973,0.04634011744793452,0.39863716169464175,0.11728092420664885,0.11565118018393099,0.0,0.9999999987499999,0.6243022503063725,0.3000811305860822,0.35090951301955803,0.40558380605931915,happy,03,09,09,male,strong,979
30,1.0010000000000001,True,1.0,0.3417394522270598,0.35234481558160474,0.34704213390433225,0.8300719279218888,-0.07467592592592592,-0.0843518518518519,0.42868866586105736,0.10226176643770457,0.2169833485454747,0.4180868214314429,0.010605363354544928,0.009675925925925977,0.03787355390524259,0.37362264487588026,0.11769060402888865,0.1142379477183915,0.0,0.9999999987499999,0.6227569426598765,0.2990745137308153,0.35863186134794317,0.4001876672045883,happy,03,09,09,male,strong,979
40,1.3346666666666667,True,1.0,0.2752296008557777,0.29315297275978297,0.28419128680778033,0.6989788275255189,-0.08180555555555552,-0.09643518518518518,0.41417378327671855,0.11645042330642848,0.2217787025379716,0.4065806797236714,0.01792337190400528,0.014629629629629659,0.03780158144201532,0.4510545187011639,0.1077253666637517,0.120401202040801,0.0,0.9999999987499999,0.6572801150694654,0.31253952146105507,0.3178895904227021,0.4303931286052642,happy,03,09,09,male,strong,979
50,1.6683333333333334,True,1.0,0.2756538963153857,0.3013840927375137,0.2885189945264497,0.8264226883153217,-0.07874999999999993,-0.09129629629629632,0.4256904508336483,0.15848731744070824,0.22302752914010476,0.3491179496954532,0.025730196422127982,0.012546296296296389,0.025904344335326863,0.3778056968250399,0.10835316018297203,0.11742758424412973,0.0,0.9999999987499999,0.6541447027092087,0.3142253087324746,0.32762438856407594,0.4430886003901254,happy,03,09,09,male,strong,979
60,2.0020000000000002,True,1.0,0.3111046334738529,0.3101225361438368,0.3106135848088448,0.8454334274143477,-0.08050925925925928,-0.09240740740740738,0.3945852040839282,0.2634234017761398,0.2216159263842752,0.3674015892165721,0.0009820973300161406,0.011898148148148102,0.0210624858601529,0.3834134303534726,0.10607352207384754,0.11788559412409323,0.0,0.9999999987499999,0.6532475551001652,0.3140367865917256,0.3208581954951869,0.42876338221035515,happy,03,09,09,male,strong,979
70,2.3356666666666666,True,1.0,0.29727168035199947,0.3142516454821172,0.3057616629170583,0.8505194030371337,-0.07944444444444443,-0.09004629629629629,0.3794160628167132,0.1650261528281,0.23475472390135368,0.3594999265451311,0.016979965130117736,0.010601851851851862,0.0032501932496323796,0.3529276798499615,0.12084105101784802,0.11327966556586123,0.0,0.9999999987499999,0.6102362317739596,0.2969001225830382,0.3524994432384041,0.38322782385513154,happy,03,09,09,male,strong,979
80,2.6693333333333333,True,1.0,0.2633292422267263,0.28719162202564114,0.27526043212618373,0.8352916875535071,-0.07143518518518521,-0.0847222222222222,0.43883391817323764,0.09339776042036171,0.22795489695008386,0.329538095766757,0.023862379798914812,0.013287037037036986,0.022379014031641983,0.3426567597443974,0.11912083742090246,0.11442312940835338,0.0,0.9999999987499999,0.6144801264959108,0.3008636290042789,0.35058447951321653,0.39804392232230756,happy,03,09,09,male,strong,979
90,3.003,True,1.0,0.27497001539699906,0.2974309856032496,0.28620050050012436,0.7192706246621646,-0.06768518518518513,-0.08490740740740738,0.4658903426726365,0.04099411079732154,0.22128062503834606,0.397903780144713,0.02246097020625054,0.01722222222222225,0.04696331460292686,0.4051917268087955,0.10826571137206017,0.11783203511331279,0.0,0.9999999987499999,0.6614231609206183,0.31521764085499465,0.32159323802041345,0.44101004766364693,happy,03,09,09,male,strong,979
100,3.336666666666667,True,1.0,0.05388151178209109,0.06900892653377719,0.06144521915793414,0.6853658684520094,-0.0775925925925926,-0.08856481481481482,0.4742508010495733,-0.09558952543116551,0.24422561020834943,0.08965316480774917,0.015127414751686094,0.010972222222222217,0.057279800128346145,0.43352651121725994,0.10034297181278229,0.12264497318013762,0.0,0.9999999987499999,0.654891584438463,0.3211017311605972,0.28654607367713875,0.40562834902241673,happy,03,09,09,male,strong,979
0,0.0,True,1.0,0.4834077545304605,0.4155432088222641,0.4494754816763623,0.6298492327618945,-0.051342592592592606,-0.05935185185185182,0.3469430714589222,0.10463757917696158,0.20557374157803737,0.7136239250549029,0.06786454570819639,0.008009259259259216,0.06651873081819115,0.4563691787168901,0.12092744329643382,0.11217295580642768,0.0,0.8434224410617787,0.6153194536017532,0.30692565644048003,0.306096867742521,0.3874849821659875,sad,04,09,09,male,normal,980
10,0.33366666666666667,True,1.0,0.4926709464382838,0.423609248762725,0.4581400976005044,0.5743253692099626,-0.05032407407407424,-0.05907407407407411,0.34493336576616357,0.08280010802940534,0.20486706971089566,0.7977013068928477,0.06906169767555881,0.008749999999999869,0.06648410937619739,0.5040498396065044,0.11559214480631277,0.11603290541379993,0.0,0.9999999987499999,0.6155553428324455,0.30671773345436043,0.30078975112275386,0.38649764207749504,sad,04,09,09,male,normal,980
20,0.6673333333333333,True,1.0,0.4593929816955796,0.39275604111980905,0.42607451140769437,0.6680297018992146,-0.050185185185185166,-0.05990740740740741,0.33402158058401804,0.11626837162708535,0.20555592671495437,0.637807735488947,0.06663694057577058,0.009722222222222243,0.06879687067415745,0.4462393061262909,0.11703313559856927,0.11290431690991613,0.0,0.9999999987499999,0.6163721074367247,0.3066442231728077,0.30201873928122275,0.389607156062747,sad,04,09,09,male,normal,980
30,1.0010000000000001,True,1.0,0.26330127706912987,0.2121934642174147,0.23774737064327228,0.7445835416103113,-0.05472222222222223,-0.06458333333333321,0.3241098412066635,0.1738166698179911,0.20629475425896218,0.31930247897918335,0.05110781285171517,0.009861111111110987,0.05653189371976543,0.4199575074719489,0.1118737198719251,0.11573657650260083,0.0,0.9999999987499999,0.6195000199689252,0.3029890617512197,0.2825044235975396,0.3774989420774535,sad,04,09,09,male,normal,980
40,1.3346666666666667,True,1.0,0.22577925950732824,0.20325502149854788,0.21451714050293808,0.7832059890424641,-0.05476851851851844,-0.06356481481481474,0.3295292789675756,0.13807851120452183,0.20606304676486445,0.2738961952591853,0.022524238008780367,0.008796296296296302,0.04797251724609151,0.40816199964392796,0.11380717289854943,0.1166463837577622,0.0,0.9999999987499999,0.6174167241349665,0.3023084891223766,0.28448204901649166,0.3682686046700669,sad,04,09,09,male,normal,980
50,1.6683333333333334,True,1.0,0.4871911812479422,0.48556646058455466,0.4863788209162484,0.6101384248212938,-0.04879629629629634,-0.05768518518518512,0.31393405655044393,0.12822561913228103,0.20742168881934633,0.7971614327661892,0.0016247206633875355,0.00888888888888878,0.05877499088793078,0.5051492454609612,0.12080217512309767,0.11128535104245005,0.0,0.9999999987499999,0.6136069958295819,0.3072320208214967,0.30065546739929644,0.3737100977620629,sad,04,09,09,male,normal,980
60,2.0020000000000002,True,1.0,0.4735492535206015,0.4661683528391824,0.4698588031798919,0.6043223136995648,-0.04787037037037034,-0.05675925925925929,0.33882412404574247,0.14301836841442744,0.20443890126402905,0.777497028536794,0.007380900681419111,0.008888888888888946,0.06050255416595221,0.5069119549259353,0.1159015617600453,0.11588835579556092,0.0,0.9999999987499999,0.6266765387717587,0.3025096338528601,0.2975136943374754,0.37583074153397344,sad,04,09,09,male,normal,980
70,2.3356666666666666,True,1.0,0.44701032813264163,0.44709216387078593,0.44705124600171375,0.6321007495251144,-0.052083333333333315,-0.06032407407407403,0.32078175749621635,0.17321223843529127,0.20356818935199425,0.7072468215511136,8.183573814429801e-05,0.008240740740740715,0.060845917927031694,0.4929690179084231,0.11421456637868732,0.11542514689620209,0.0,0.9999999987499999,0.6219374453765881,0.3047404047706699,0.29360247489268304,0.3698195115937294,sad,04,09,09,male,normal,980
80,2.6693333333333333,True,1.0,0.4361303711769735,0.36518583889430184,0.4006581050356377,0.6346584011139355,-0.05023148148148149,-0.06046296296296283,0.33033630169663114,0.08493749511633847,0.2083699512089982,0.6312972527148673,0.07094453228267167,0.010231481481481342,0.0707019657894742,0.46790748628800405,0.12037151525924829,0.1127693081931953,0.0,0.9999999987499999,0.6114191288468512,0.3092878415914762,0.3001697390724592,0.3846527460992828,sad,04,09,09,male,normal,980
90,3.003,True,1.0,0.38347325793091835,0.3024557452279252,0.34296450157942177,0.5516435518739857,-0.05226851851851855,-0.06268518518518523,0.3464050757040179,0.029651143665364012,0.2104605348892679,0.6217139680403019,0.08101751270299318,0.010416666666666685,0.07731240832955923,0.48673192093696593,0.11878498628480684,0.11293099690226523,0.0,0.9999999987499999,0.612407530801383,0.30891450228506523,0.30381387586899633,0.3855110993951141,sad,04,09,09,male,normal,980
0,0.0,True,1.0,0.23942295986690112,0.21808921411032547,0.2287560869886133,0.5524685149883085,-0.06449074074074079,-0.07208333333333339,0.3670144263444294,0.23255444375260184,0.17988189485538578,0.4140617624036988,0.02133374575657565,0.007592592592592595,0.04583683473316755,0.5222429253088275,0.12049034510594578,0.11213377479665297,0.0,0.9999999987499999,0.6304732950367647,0.3075201070065824,0.3042971266653467,0.3693599113113222,sad,04,09,09,male,normal,981
10,0.33366666666666667,True,1.0,0.3928940526173433,0.4217492010659892,0.40732162684166623,0.56576478771404,-0.05273148148148149,-0.06152777777777779,0.3592149963845086,0.23150741944799372,0.18266562172332232,0.7199487060469778,0.028855148448645895,0.008796296296296302,0.048983881867196585,0.542012907956475,0.11641037635555572,0.11371397376278089,0.0,0.9999999987499999,0.6321548249690502,0.30714804106233873,0.30579806592008074,0.3746164716156696,sad,04,09,09,male,normal,981
20,0.6673333333333333,True,1.0,0.4116650062690414,0.4356280075893005,0.42364650692917094,0.6211423844109123,-0.05319444444444449,-0.06194444444444441,0.3515682278987354,0.2579777510562365,0.18129208832451152,0.6820441134941302,0.02396300132025908,0.008749999999999925,0.04869128519276721,0.4858390720808651,0.11508051556100876,0.1143953788412134,0.0,0.9999999987499999,0.6333257914806548,0.3064429983464956,0.30253184550693824,0.37301926991070317,sad,04,09,09,male,normal,981
30,1.0010000000000001,True,1.0,0.4107499975521445,0.40571470128063897,0.40823234941639175,0.8875919038490381,-0.054490740740740784,-0.0633333333333333,0.3382350318576914,0.35138170698649224,0.18127062450005685,0.4599324843389108,0.005035296271505507,0.008842592592592513,0.04172189728620473,0.33320986796499086,0.11718863546474508,0.11391966887089097,0.0,0.9999999987499999,0.6347689454453657,0.3062835585891764,0.305368711280539,0.3758527389874543,sad,04,09,09,male,normal,981
40,1.3346666666666667,True,1.0,0.37510946405882567,0.3900685718280085,0.3825890179434171,0.6610709170404424,-0.05421296296296302,-0.059583333333333266,0.3450617548924639,0.24007573896236062,0.18125378834941805,0.5787412637304258,0.014959107769182856,0.005370370370370248,0.04805798726958722,0.4729391023510679,0.11948314509625432,0.11236175957135618,0.0,0.9999999987499999,0.6421331143082233,0.29973031657936994,0.3064842189428806,0.3717758737930456,sad,04,09,09,male,normal,981
50,1.6683333333333334,True,1.0,0.2412027971906393,0.24762342731121045,0.24441311225092488,0.8234754530966898,-0.06291666666666673,-0.06972222222222219,0.3553667956618356,0.30301704826848047,0.1834148803605466,0.2968067977397581,0.006420630120571147,0.006805555555555454,0.039017414871660556,0.3749539962275009,0.11826164386071111,0.11364669184450052,0.0,0.9999999987499999,0.6388599215936375,0.30149016579336224,0.3041925078249089,0.37213888722015465,sad,04,09,09,male,normal,981
60,2.0020000000000002,True,1.0,0.4547167924050077,0.47566952484524366,0.46519315862512567,0.872605437971016,-0.05564814814814817,-0.06250000000000011,0.33748744736998243,0.32123604094327063,0.18831156847135996,0.5331082507425049,0.020952732440235988,0.006851851851851942,0.030319323351249768,0.3451259587432451,0.11886835843399057,0.11334861372659771,0.0,0.9999999987499999,0.6323737921340412,0.30438675349319433,0.30650541865733055,0.378833425880351,sad,04,09,09,male,normal,981
70,2.3356666666666666,True,1.0,0.4408186292129602,0.4743456220819831,0.4575821256474717,0.7358278452715469,-0.05342592592592599,-0.06185185185185188,0.3282646163069402,0.27366504505229794,0.19111638833184733,0.6218603014114089,0.03352699286902289,0.008425925925925892,0.03925245432475516,0.42055723024300545,0.12041546232295533,0.11187410447512365,0.0,0.9999999987499999,0.6309750722476491,0.30487258749473034,0.3073230470388367,0.37482500839371263,sad,04,09,09,male,normal,981
80,2.6693333333333333,True,1.0,0.40027803062138934,0.4341177771342496,0.41719790387781946,0.5564216218290101,-0.053518518518518465,-0.060833333333333295,0.3621072702187585,0.1424353665343138,0.1882981981319872,0.749787368985502,0.03383974651286026,0.0073148148148148295,0.04879819038414167,0.5352222088015066,0.11910270747085273,0.11276494157758635,0.0,0.9999999987499999,0.6324205160189077,0.30421028930975313,0.30534543930843466,0.37611321302432243,sad,04,09,09,male,normal,981
90,3.003,True,1.0,0.41166500626904107,0.4057147012806389,0.40868985377484,0.5451666621202949,-0.05199074074074067,-0.06074074074074065,0.36889843853104987,0.11851060986240455,0.1924626186247637,0.7496603922648882,0.005950304988402155,0.00874999999999998,0.04487121978308852,0.5377727844608508,0.11915531213243939,0.11220109947671418,0.0,0.9999999987499999,0.6358289861178846,0.29711479965124765,0.30722010627698976,0.3888704834337855,sad,04,09,09,male,normal,981
100,3.336666666666667,True,1.0,0.41818688121311726,0.41926632983745726,0.4187266055252873,0.5208755248790193,-0.05333333333333329,-0.06250000000000006,0.36647677518482324,0.1401951373843349,0.19245032954841063,0.8038899612772983,0.001079448624340007,0.009166666666666767,0.04991056285024064,0.5809529818183163,0.11852636945788751,0.11286529526869242,0.0,0.9999999987499999,0.6343850250647133,0.2989346417440281,0.3057665918876414,0.3877908079089733,sad,04,09,09,male,normal,981
0,0.0,True,1.0,0.47028562018994496,0.4683780064821708,0.4693318133360579,0.4910596939204454,-0.04782407407407402,-0.05773148148148144,0.35492732373588587,0.07691858090594896,0.21096743775462531,0.9557530767574918,0.0019076137077741473,0.00990740740740742,0.07594294114553925,0.6623450687511817,0.11962448822178269,0.11356143876184527,0.0,0.9999999987499999,0.6141548575445802,0.2994717409479456,0.3024663123543247,0.37629002365842273,sad,04,09,09,male,normal,982
10,0.33366666666666667,True,1.0,0.41443507313941186,0.37679717659684203,0.3956161248681269,0.5301810243386544,-0.04833333333333323,-0.05949074074074073,0.3591951751212861,0.07632806251371149,0.20894802708309637,0.746190653204944,0.037637896542569826,0.011157407407407505,0.0726450317179714,0.5981864806199266,0.11721886260226927,0.11422264829263111,0.0,0.9999999987499999,0.6146946528455132,0.3078148680794279,0.30926054562267014,0.38006121488731687,sad,04,09,09,male,normal,982
20,0.6673333333333333,True,1.0,0.49614004251578886,0.4853773345230161,0.4907586885194025,0.5513329995641039,-0.047175925925925954,-0.05833333333333335,0.3443041701899642,0.10823622085004093,0.20964043533358884,0.8901311710117248,0.010762707992772735,0.011157407407407394,0.0774609688742145,0.5795726734514439,0.11706566143040892,0.11371143414888552,0.0,0.9999999987499999,0.613324290810074,0.29954438525076305,0.3003892608796041,0.3731462004517669,sad,04,09,09,male,normal,982
30,1.0010000000000001,True,1.0,0.44170439248993426,0.43493623012579397,0.4383203113078641,0.7249226186312425,-0.04865740740740743,-0.06078703703703697,0.3253426531283593,0.14601540235318172,0.21301780891292285,0.6046442751855025,0.0067681623641402955,0.012129629629629546,0.0713573915960221,0.45517913979193153,0.11463725483127979,0.11467355239580725,0.0,0.9999999987499999,0.6202431829763154,0.3048919424099707,0.3081387959008691,0.3768649407877036,sad,04,09,09,male,normal,982
40,1.3346666666666667,True,1.0,0.4366761749694605,0.47397159430830293,0.45532388463888174,0.6296287433010889,-0.053518518518518465,-0.06486111111111115,0.3410192076590225,0.13461895240387142,0.2079693181230704,0.723162481832799,0.03729541933884245,0.011342592592592682,0.05706663437411413,0.5350448388617121,0.11682367439863071,0.11345737790098391,0.0,0.9999999987499999,0.6290132857674319,0.29970424727047074,0.30910119955041115,0.38386875599881687,sad,04,09,09,male,normal,982
50,1.6683333333333334,True,1.0,0.45915449595211466,0.455745999097112,0.45745024752461333,1.0186357802484818,-0.05773148148148144,-0.06819444444444445,0.3227346765027306,0.36538137803249343,0.2056627927461448,0.44908126770593587,0.003408496855002663,0.010462962962963007,0.0465489513519701,0.33481012536316646,0.11603896647349307,0.11509051002256365,0.0,0.9999999987499999,0.6357000675035639,0.2990076739939416,0.314792374081069,0.38911272890599696,sad,04,09,09,male,normal,982
60,2.0020000000000002,True,1.0,0.4931542040501784,0.4918168771860278,0.4924855406181031,0.7788497432589667,-0.056805555555555554,-0.06884259259259257,0.33908674717418513,0.2514308519908599,0.20632248962864536,0.6323241997325179,0.001337326864150612,0.012037037037037013,0.04661365522609654,0.4090733882876496,0.10160713161214638,0.11810252070895814,0.0,0.9999999987499999,0.6624758689960359,0.32467458267972527,0.2825119853331235,0.4028817884787914,sad,04,09,09,male,normal,982
70,2.3356666666666666,True,1.0,0.4973175708840117,0.4970747578903362,0.49719616438717396,0.7395435535017613,-0.05629629629629629,-0.06629629629629635,0.3326516878072185,0.2382227965699643,0.20721302965471403,0.6723013973050471,0.0002428129936754564,0.010000000000000064,0.04599096172008982,0.4461560657553495,0.11767105624303618,0.11425808285702815,0.0,0.9999999987499999,0.6306390918945703,0.2995964204382965,0.3082090938611114,0.3813692625332162,sad,04,09,09,male,normal,982
80,2.6693333333333333,True,1.0,0.4379190982187615,0.41330636052570796,0.4256127293722347,0.4753079967911806,-0.056435185185185144,-0.06486111111111115,0.3727513513057811,0.05579654571635227,0.20625591847568883,0.8954461785738086,0.024612737693053555,0.008425925925926003,0.04101136074657475,0.5785252107706519,0.1120779151735359,0.11487736712952613,0.0,0.9999999987499999,0.63222464475634,0.301383438082515,0.30130065877549544,0.38383106339229506,sad,04,09,09,male,normal,982
90,3.003,True,1.0,0.44012446465034927,0.43670326364815926,0.43841386414925426,0.512170913751004,-0.05694444444444452,-0.06310185185185191,0.36750794489239835,0.08519558351552092,0.20555889596601917,0.855991334881607,0.0034212010021900108,0.006157407407407389,0.028449887029831637,0.577664797394328,0.11517506902466794,0.11312737778441229,0.0,0.9999999987499999,0.6298962811843487,0.3024798040558811,0.3046844364460677,0.39028617004839855,sad,04,09,09,male,normal,982
100,3.336666666666667,True,1.0,0.4471774954890607,0.4153469947940337,0.4312622451415472,0.5221210038225801,-0.05601851851851852,-0.06319444444444439,0.3701771890272427,0.06343526161226619,0.20417264553320505,0.8259814142395481,0.03183050069502702,0.007175925925925863,0.03595302845929231,0.5777340083336129,0.11856858131851346,0.11366215902781833,0.0,0.9999999987499999,0.6289871986138206,0.30242314712781654,0.30615134736715155,0.3902854920553325,sad,04,09,09,male,normal,982
0,0.0,True,1.0,0.23588761033882094,0.27014705821696544,0.2530173342778932,0.5807339835407765,-0.0557407407407407,-0.06388888888888888,0.3651065266236604,0.16275100644555143,0.18733411193018146,0.4356854281804355,0.0342594478781445,0.008148148148148182,0.040046679598116156,0.5077776531704906,0.120688510138754,0.1117501064287362,0.0,0.9645098785055612,0.6292113874065253,0.2994794905549252,0.30331581001726093,0.37725008009840405,sad,04,09,09,male,normal,983
10,0.33366666666666667,True,1.0,0.25202588797375747,0.2641997364431636,0.2581128122084605,0.5311583294895725,-0.05537037037037029,-0.06064814814814812,0.3768546048963605,0.11869475258732216,0.19356704636149774,0.48594326376562574,0.012173848469406112,0.005277777777777826,0.03123648361206456,0.5921062227037517,0.1187834313638693,0.11174547789172244,0.0,0.9999999987499999,0.6277916221488595,0.3023849008217388,0.2954523317573656,0.36747067828369295,sad,04,09,09,male,normal,983
20,0.6673333333333333,True,1.0,0.25438979630532765,0.28690399102074693,0.2706468936630373,0.5393954902720268,-0.059166666666666645,-0.06814814814814812,0.3502810175466062,0.17443585388073313,0.19703025489635242,0.5017596523221676,0.032514194715419276,0.00898148148148148,0.05296313702789053,0.593651703521902,0.11837223238955191,0.11403382576043952,0.0,0.9999999987499999,0.627523771414816,0.30121689743271274,0.3024542114977254,0.3748446548391968,sad,04,09,09,male,normal,983
30,1.0010000000000001,True,1.0,0.4241063318210382,0.4854643198718838,0.45478532584646103,0.7931715530835887,-0.059537037037037055,-0.07337962962962952,0.32476576606721597,0.3004749232117607,0.20172955576579193,0.5733757395589971,0.061357988050845635,0.013842592592592462,0.056241860987775415,0.39455499322064824,0.11813480779113433,0.1131067565342992,0.0,0.9999999987499999,0.6287155921196604,0.3078156427324479,0.3115413237410377,0.37320356727557497,sad,04,09,09,male,normal,983
40,1.3346666666666667,True,1.0,0.2950888795859279,0.32946092035685226,0.3122748999713901,0.5772464947895813,-0.06314814814814823,-0.07634259259259252,0.3591785180795291,0.1653707623515397,0.19592097059741986,0.5409732285775437,0.03437204077092437,0.013194444444444287,0.052121967043766586,0.533065357210026,0.1171193178503283,0.11365616890027926,0.0,0.9999999987499999,0.6373895632159113,0.3028956637726676,0.30036931394223587,0.36415223377678585,sad,04,09,09,male,normal,983
50,1.6683333333333334,True,1.0,0.3194194986930093,0.28701073520729287,0.3032151169501511,0.8634968586207077,-0.0597685185185185,-0.07361111111111118,0.3300574319294942,0.2997158258828491,0.19584735793088182,0.35114790971502396,0.03240876348571642,0.013842592592592684,0.05386182422079176,0.36437930406064795,0.11629471933041488,0.11466604356092609,0.0,0.9999999987499999,0.6326370403317578,0.30795533920218526,0.3036936025501864,0.37291263997901064,sad,04,09,09,male,normal,983
60,2.0020000000000002,True,1.0,0.3036496359507321,0.297517550608664,0.3005835932796981,0.6983119708469419,-0.0558333333333334,-0.0728240740740741,0.3322549098827751,0.21664415590701822,0.20213769135755233,0.4304431340553102,0.00613208534206805,0.016990740740740695,0.050692961922923094,0.465971396006534,0.11751253211726752,0.11525064645429298,0.0,0.9999999987499999,0.6318395178930947,0.2989101437780651,0.3043653871220254,0.38276308226359224,sad,04,09,09,male,normal,983
70,2.3356666666666666,True,1.0,0.22636021509355153,0.25822150639838576,0.24229086074596864,0.7620525212809385,-0.06694444444444442,-0.08064814814814814,0.3293739684051905,0.28678925906746255,0.19593304199252465,0.31794509430754264,0.03186129130483423,0.013703703703703718,0.05738787541260707,0.41643349035502597,0.11942002457502547,0.11411084164660777,0.0,0.9999999987499999,0.631756093038778,0.3086485066657448,0.3057914218606278,0.36991346857129165,sad,04,09,09,male,normal,983
80,2.6693333333333333,True,1.0,0.45240347366786393,0.4739715943083029,0.46318753398808343,0.5077123700131609,-0.05189814814814819,-0.06541666666666662,0.36522454698373624,0.11215610990746785,0.19730924259563265,0.9123030308993194,0.021568120640438948,0.01351851851851843,0.06124499030645925,0.5806374028542715,0.11524596447948651,0.11472797076338938,0.0,0.9999999987499999,0.6349613728694603,0.29810979965528794,0.30694113410609697,0.38945269367905977,sad,04,09,09,male,normal,983
90,3.003,True,1.0,0.35169918824162527,0.31596515183239265,0.33383217003700894,0.5212652532066137,-0.05504629629629626,-0.06875000000000003,0.366825518436591,0.10488897396265873,0.19864952113169732,0.6404266694996608,0.03573403640923262,0.013703703703703773,0.05388599524849534,0.5790976238467341,0.1209684720962645,0.11212870870060987,0.0,0.9999999987499999,0.6323225958273934,0.29947325679565656,0.30852661532375153,0.3859755989075345,sad,04,09,09,male,normal,983
100,3.336666666666667,True,1.0,0.35399493445894614,0.3525914142722752,0.3532931743656107,0.510417425474189,-0.05398148148148152,-0.06717592592592592,0.3632889691487876,0.11980077405437116,0.19733398804732616,0.6921651901625294,0.001403520186670948,0.013194444444444398,0.060171986707450484,0.5806374028542701,0.1177890823276653,0.11228524229424246,0.0,0.9996511941258729,0.6296147576530613,0.30044124645442677,0.3035447313744257,0.38449544398025803,sad,04,09,09,male,normal,983
0,0.0,True,1.0,0.19760828468294056,0.17259574519839327,0.18510201494066691,0.6510829620225256,-0.03990740740740739,-0.0539351851851852,0.4015816972660914,0.08248099623345205,0.191744669646052,0.2842986619795204,0.02501253948454729,0.014027777777777806,0.08644470861725356,0.5176754013504993,0.11660873129877035,0.11300590911350443,0.0,0.9999999987499999,0.6142209853316326,0.30831115269370296,0.3195234040885292,0.390022026128171,sad,04,09,09,male,strong,984
10,0.33366666666666667,True,1.0,0.24150734116388112,0.20276427719859955,0.22213580918124032,0.8449346833672028,-0.04550925925925925,-0.06050925925925926,0.3923156048124102,0.15282730235654257,0.19102055594950887,0.26290293623170113,0.03874306396528157,0.015000000000000013,0.09502435102239519,0.3838596655178829,0.11701746451766219,0.11241325882742134,0.0,0.9999999987499999,0.616456871342287,0.30877089345979036,0.3274686507705792,0.40658398285317815,sad,04,09,09,male,strong,984
20,0.6673333333333333,True,1.0,0.2296887330014198,0.21071830699778027,0.22020351999960003,0.7971401607293198,-0.04601851851851857,-0.0621296296296297,0.4064301253788185,0.1699978130994712,0.18685496707656818,0.2762419093251196,0.018970426003639518,0.01611111111111113,0.0851053344011734,0.4023007045867522,0.11356805790621738,0.11407445183844438,0.0,0.9999999987499999,0.6198062395583234,0.3114383406063312,0.32016909636867985,0.4000465216103852,sad,04,09,09,male,strong,984
30,1.0010000000000001,True,1.0,0.1750716110415897,0.18029850337108277,0.17768505720633623,0.8284774142111329,-0.04777777777777781,-0.06481481481481488,0.3967731953965032,0.20918092368460534,0.186846392460444,0.21447181801030268,0.0052268923294930825,0.017037037037037073,0.08907181829765433,0.3897026651815853,0.11526177254387754,0.11421274688943753,0.0,0.9999999987499999,0.620939398235857,0.3060404122967742,0.3270239016679054,0.40797893967741883,sad,04,09,09,male,strong,984
40,1.3346666666666667,True,1.0,0.22632471534155826,0.22625117552720603,0.22628794543438213,0.6908553391831188,-0.04754629629629631,-0.062361111111111145,0.3716530807955599,0.18871907287206285,0.18754922856350448,0.32754750900810803,7.353981435223589e-05,0.014814814814814836,0.08390152912021634,0.4862490135119598,0.11672524935283637,0.11456084561688883,0.0,0.9999999987499999,0.6302601180784814,0.30425451124953123,0.3283619700264756,0.40042968483238084,sad,04,09,09,male,strong,984
50,1.6683333333333334,True,1.0,0.3112088927962027,0.3188258887482561,0.3150173907722294,0.9058976436866908,-0.04879629629629639,-0.06407407407407406,0.361784919704321,0.3054698263696727,0.18754068568996562,0.34774060068223306,0.007616995952053451,0.015277777777777668,0.08189478193826637,0.38701508185067385,0.11711061063323329,0.11582363980475115,0.0,0.9999999987499999,0.6285928060364772,0.3058366304578513,0.3324594047129758,0.41134512390325484,sad,04,09,09,male,strong,984
60,2.0020000000000002,True,1.0,0.31852789055552433,0.31545164046303514,0.3169897655092797,0.8997612530554977,-0.049027777777777726,-0.06513888888888891,0.37436755292013885,0.294408250164704,0.19311245476953115,0.3523043078736884,0.0030762500924891856,0.016111111111111187,0.08040466912749278,0.3755444868096602,0.11382468433290159,0.11662929599062025,0.0,0.9999999987499999,0.6307670425826581,0.30645277994972475,0.33106580390629503,0.41648960354335707,sad,04,09,09,male,strong,984
70,2.3356666666666666,True,1.0,0.27624145854760535,0.27251691553441454,0.27437918704100994,0.8323819032888322,-0.04884259259259255,-0.06314814814814812,0.3635070891016913,0.2695662801639916,0.19098220953209089,0.3296313698759039,0.0037245430131908064,0.014305555555555571,0.07681010659225826,0.4071535844826239,0.11754442691951322,0.11321646100618495,0.0,0.9999999987499999,0.6305902614561449,0.3049214826147773,0.3281144943911582,0.40894232716409107,sad,04,09,09,male,strong,984
80,2.6693333333333333,True,1.0,0.319141078563286,0.3079197607979886,0.31353041968063733,0.7297871884637063,-0.048472222222222305,-0.05995370370370373,0.3391556571063315,0.24444350137719886,0.19171482531582365,0.4296189692513762,0.01122131776529739,0.011481481481481426,0.07942593652724793,0.4414471006641269,0.11710345094796767,0.11367251698981981,0.0,0.9999999987499999,0.6323508514030612,0.304172704191865,0.31872358173890514,0.3902277890501865,sad,04,09,09,male,strong,984
90,3.003,True,1.0,0.319141078563286,0.27251691553441515,0.2958289970488506,0.7720030010481873,-0.047453703703703665,-0.05787037037037035,0.36542693480716143,0.21281157208669385,0.18681576561865806,0.38319669307915727,0.046624163028870846,0.010416666666666685,0.08332551465306748,0.4261413644136653,0.11460103492125494,0.11404346022094623,0.0,0.9999999987499999,0.6297325281362545,0.30465360053255053,0.3246211635978499,0.4019327367679053,sad,04,09,09,male,strong,984
100,3.336666666666667,True,1.0,0.11747623049799337,0.08557946919475748,0.10152784984637542,0.6490112650656734,-0.054166666666666696,-0.060833333333333295,0.382084682327814,0.04700210075308198,0.19793555454007006,0.15643464961444362,0.03189676130323589,0.006666666666666599,0.09312481857312079,0.47692101685449484,0.1172045733350347,0.11473654589737596,0.0,0.9999999987499999,0.606558141248687,0.3075846382832657,0.310423177827389,0.3825540751875545,sad,04,09,09,male,strong,984
110,3.6703333333333332,True,1.0,0.19585988224630643,0.1525933717324002,0.17422662698935332,0.7209369291353571,-0.04749999999999999,-0.05652777777777773,0.3843082288554143,0.02655767190249029,0.20006445799670575,0.24166694747945416,0.04326651051390623,0.009027777777777746,0.10171383009957648,0.4515570958149895,0.11984979165355461,0.11399413049132419,0.0,0.9999999987499999,0.5979280718771884,0.3085089528538102,0.3192358872291516,0.3931787592761174,sad,04,09,09,male,strong,984
0,0.0,True,1.0,0.30646336914574707,0.2705749650298007,0.2885191670877739,0.5796724722374698,-0.047037037037037044,-0.06375000000000003,0.36964972894566733,0.16415503638583154,0.19240909594576572,0.49772790826882424,0.03588840411594635,0.016712962962962985,0.08527017660610432,0.5752212389380533,0.12192471407050418,0.11177208258624874,0.0,0.9999999987499999,0.6183551948122998,0.3078021253189242,0.3191020051185083,0.3839583038172259,sad,04,09,09,male,strong,985
10,0.33366666666666667,True,1.0,0.2711773590185392,0.24634469366544196,0.25876102634199055,0.8663238596814478,-0.04930555555555555,-0.06912037037037039,0.37008430479157617,0.25978541483916867,0.19312233139743273,0.29868856023097234,0.024832665353097222,0.01981481481481484,0.08578145232895297,0.39331361582371105,0.11788871190504217,0.11469984468629915,0.0,0.9999999987499999,0.619522495795193,0.3089398552245166,0.3269950971386625,0.4027600306252148,sad,04,09,09,male,strong,985
20,0.6673333333333333,True,1.0,0.31348586216671515,0.3207624929825668,0.31712417757464095,0.8036948339090034,-0.0468055555555556,-0.06287037037037041,0.3847439489834621,0.20952631271526367,0.19031025283780695,0.394582824468605,0.00727663081585167,0.01606481481481481,0.0910549041381592,0.41495722236266747,0.11585954030986155,0.11609459028880607,0.0,0.9999999987499999,0.6195694583458382,0.3073307180339627,0.326267371043339,0.40571720673750994,sad,04,09,09,male,strong,985
30,1.0010000000000001,True,1.0,0.3368632305673606,0.3327985282621668,0.33483087941476375,0.8459120589015386,-0.04805555555555546,-0.06398148148148142,0.39214861009751945,0.22672064777327855,0.19446366956824931,0.39582232679075324,0.00406470230519379,0.015925925925925954,0.07610625172260786,0.37827291050615974,0.1177528813478939,0.11299963839311715,0.0,0.9999999987499999,0.6219367029702506,0.3069189834859044,0.3272190578129729,0.40853691433442746,sad,04,09,09,male,strong,985
40,1.3346666666666667,True,1.0,0.29259285523676976,0.30609482379221337,0.29934383951449156,0.7433158143905085,-0.047453703703703665,-0.06333333333333335,0.37491469975773956,0.21532708681736282,0.19588046757961872,0.4027142080381304,0.01350196855544361,0.015879629629629688,0.07341525764393364,0.4671452939830687,0.11514957514461219,0.11581596881811372,0.0,0.9999999987499999,0.6264076719437774,0.30633509993228397,0.32396165389598375,0.3990030999817903,sad,04,09,09,male,strong,985
50,1.6683333333333334,True,1.0,0.3139219702864119,0.28719270923620205,0.30055733976130694,0.8042062862360884,-0.048379629629629606,-0.06412037037037033,0.35087205819495826,0.2574450357370411,0.19449191528203502,0.37373164684896937,0.02672926105020984,0.015740740740740722,0.07692255065754157,0.4392603317434471,0.1157423517747574,0.1143938440551191,0.0,0.9999999987499999,0.6263487896721189,0.30505572095415806,0.32488042003662343,0.39700797447615643,sad,04,09,09,male,strong,985
60,2.0020000000000002,True,1.0,0.35979647529062037,0.3385572286338833,0.34917685196225184,0.8676547450878217,-0.0490740740740741,-0.0642592592592593,0.3844496896891241,0.2486889159338102,0.20144343430390382,0.4024375524240452,0.021239246656737043,0.01518518518518519,0.07448649619454968,0.3975547002291769,0.11635151203059489,0.11410861972538267,0.0,0.9999999987499999,0.6199663131268132,0.3094643845464995,0.33098596143591646,0.41600669854720024,sad,04,09,09,male,strong,985
70,2.3356666666666666,True,1.0,0.3517695149704514,0.3687001866545051,0.36023485081247825,1.0225502305353054,-0.050509259259259254,-0.06541666666666657,0.36301035539707865,0.3074274499607904,0.203509714768391,0.35229061620170504,0.01693067168405371,0.014907407407407314,0.06733374679528238,0.3426175022470351,0.1171695662431966,0.11393928200732722,0.0,0.9999999987499999,0.6202052080441552,0.30938566421553293,0.3288814618634826,0.41347825933432214,sad,04,09,09,male,strong,985
80,2.6693333333333333,True,1.0,0.2931125931600927,0.3084520699754179,0.3007823315677553,0.6125637151831959,-0.04972222222222217,-0.06384259259259262,0.36012785708467027,0.12006523828298928,0.20631250532509074,0.49102211592438527,0.015339476815325215,0.01412037037037045,0.07679457507573033,0.539745938922743,0.11346551733013145,0.11400945911723706,0.0,0.9999999987499999,0.6223394526169843,0.3072790574389452,0.31701157726634827,0.3909753072433049,sad,04,09,09,male,strong,985
90,3.003,True,1.0,0.31401700858172493,0.27342247430240213,0.29371974144206353,0.7367971345509203,-0.0473148148148147,-0.06129629629629629,0.35444498152070936,0.12951981514223582,0.20768334385255352,0.39864397901206067,0.0405945342793228,0.013981481481481595,0.06744099600379415,0.4571808895400281,0.12076127350541382,0.11115847131507772,0.0,0.9999999987499999,0.6163235268091611,0.3099921874296422,0.3259453083438485,0.3969269992224687,sad,04,09,09,male,strong,985
100,3.336666666666667,True,1.0,0.1552450122607048,0.10785941578025214,0.13155221402047848,0.5321626524043415,-0.06148148148148147,-0.07537037037037042,0.37804457765852323,0.05412667161781915,0.20765689245881772,0.24720301852472737,0.047385596480452666,0.01388888888888895,0.07685581684693339,0.6280357566813293,0.11487096007725164,0.11326808337859738,0.0,0.9999999987499999,0.61465370282488,0.30869449143915917,0.3166255990029021,0.3872877070656979,sad,04,09,09,male,strong,985
110,3.6703333333333332,True,1.0,0.20099872711453365,0.20696398537543223,0.20398135624498293,0.49430225659017946,-0.047407407407407454,-0.059074074074074,0.3895184503603145,0.02652359488877202,0.20626331633148562,0.41266523372176633,0.005965258260898582,0.011666666666666548,0.07854143943701238,0.6626546186382932,0.11569250245359856,0.1142776639594686,0.0,0.9999999987499999,0.6113813424041492,0.30420503703766855,0.3109730425301499,0.390794807221637,sad,04,09,09,male,strong,985
0,0.0,True,1.0,0.30256654684399337,0.2902886610343046,0.296427603939149,0.7548546910798729,-0.04504629629629636,-0.06254629629629632,0.39235100007704615,0.1525347560561184,0.1952952152845536,0.39269492187309374,0.012277885809688749,0.01749999999999996,0.1000011245632092,0.43312140506857577,0.1188513816732571,0.11218385049799677,0.0,0.9999999987499999,0.6179874585459184,0.30944799584517135,0.3233498809372702,0.39476427068225756,sad,04,09,09,male,strong,986
10,0.33366666666666667,True,1.0,0.3398232687797447,0.3492043083364509,0.3445137885580978,0.7599519619142987,-0.04699074074074083,-0.06472222222222224,0.3938555208118484,0.13436917387271502,0.20217995971685995,0.4533362710062314,0.009381039556706161,0.017731481481481404,0.09252574730095338,0.4200185661655839,0.11505593682238659,0.11341664550974662,0.0,0.9999999987499999,0.6178487120942127,0.3105814534875666,0.32305703152642096,0.3933326587198689,sad,04,09,09,male,strong,986
20,0.6673333333333333,True,1.0,0.33642808612143726,0.348471540931102,0.34244981352626963,0.8110477759305389,-0.0468055555555556,-0.0652314814814815,0.3886761518365605,0.14955257697283397,0.19936067097489074,0.4222313699502682,0.012043454809664733,0.0184259259259259,0.08616400900957873,0.4084921675076635,0.1134272248869767,0.11487978405010837,0.0,0.9999999987499999,0.615166046926583,0.312250650736639,0.32400810606885816,0.3969606183806363,sad,04,09,09,male,strong,986
30,1.0010000000000001,True,1.0,0.2985273079671612,0.3332984256604867,0.3159128668138239,0.7463909392479311,-0.04537037037037034,-0.06361111111111112,0.36205472897331453,0.1958298595146105,0.19792630356198262,0.4232538877443234,0.03477111769332547,0.01824074074074078,0.08380274662786218,0.4422470064545018,0.11862241686337813,0.11259526367896387,0.0,0.9999999987499999,0.6156124914340736,0.3059497816923559,0.3256727917133134,0.3970256577816482,sad,04,09,09,male,strong,986
40,1.3346666666666667,True,1.0,0.3338011303740159,0.32639601463677703,0.3300985725053964,0.7271972761514605,-0.04712962962962963,-0.06305555555555553,0.3679104187522951,0.19760810967897308,0.1993365598540551,0.4539326305681095,0.007405115737238843,0.0159259259259259,0.08977642585466818,0.44224700645450044,0.11792758003618646,0.11315455406034289,0.0,0.9999999987499999,0.6146163992159362,0.3064338506366379,0.32310694771886067,0.39469423961795397,sad,04,09,09,male,strong,986
50,1.6683333333333334,True,1.0,0.353175121916179,0.3656575194585517,0.35941632068736534,0.7772719652644164,-0.04648148148148146,-0.06157407407407406,0.36146464660114697,0.20363259362373567,0.20071307091842533,0.46240741561429816,0.01248239754237268,0.015092592592592602,0.08827469972217857,0.426370030571324,0.11775360973961112,0.11316735696971049,0.0,0.9999999987499999,0.6110178590186075,0.3077757982477576,0.3200381076973975,0.3891338932096816,sad,04,09,09,male,strong,986
60,2.0020000000000002,True,1.0,0.34601681401638057,0.32779962746422237,0.33690822074030147,0.6537400840239249,-0.047546296296296364,-0.06398148148148153,0.34951391957605216,0.12973836449957452,0.20419058108242352,0.5153549995994611,0.018217186552158204,0.016435185185185164,0.08693107344196854,0.5161347321469408,0.10602084027570413,0.11465647763558595,0.0,0.9999999987499999,0.6495073177864896,0.32416774058674175,0.2873085529514578,0.413494354630297,sad,04,09,09,male,strong,986
70,2.3356666666666666,True,1.0,0.24731811595256906,0.21451346047926137,0.2309157882159152,0.630562631827561,-0.053055555555555634,-0.07027777777777783,0.3558955828032776,0.15610469863416632,0.20280825126122076,0.36620595094043473,0.03280465547330769,0.017222222222222194,0.08284835158792189,0.5310989511539596,0.11999853153332621,0.11146986817429423,0.0,0.9999999987499999,0.6142016441264005,0.3078517620994635,0.32228883341980397,0.3889525948497331,sad,04,09,09,male,strong,986
80,2.6693333333333333,True,1.0,0.3156030601152393,0.2808308992348831,0.2982169796750612,0.8674095094038821,-0.0506018518518519,-0.06712962962962954,0.35071026778389286,0.19394369852143098,0.20627367288386556,0.34380183343851933,0.03477216088035623,0.01652777777777764,0.08518529243995833,0.40370334718951334,0.11625878900433034,0.11403614110946159,0.0,0.9999999987499999,0.6100534104188551,0.31002690366764607,0.323904976478973,0.396311025168318,sad,04,09,09,male,strong,986
90,3.003,True,1.0,0.30211883761663433,0.2480709386703364,0.27509488814348537,0.4934149206907685,-0.04995370370370378,-0.06541666666666679,0.38389521921343234,0.09928493113775168,0.2028153986993007,0.5575325686510644,0.05404789894629794,0.015462962962963012,0.08847842359926975,0.6626546186382933,0.12326939182741162,0.10976784384567496,0.0,0.9999999987499999,0.6093414765750049,0.30934556499270016,0.3234689174356201,0.3906141567910474,sad,04,09,09,male,strong,986
100,3.336666666666667,True,1.0,0.2628549563324425,0.2382048343153102,0.2505298953238764,0.5419900278158059,-0.04944444444444446,-0.06388888888888894,0.36915819573825964,0.11025244301972917,0.2021139115208345,0.46224078390058204,0.024650122017132292,0.014444444444444482,0.08956842143814875,0.6059472337579241,0.11608736289668933,0.11202107104109653,0.0,0.9999999987499999,0.6105189064610219,0.3093571508344537,0.3232763059334486,0.3951305583827103,sad,04,09,09,male,strong,986
0,0.0,True,1.0,0.2776201688966417,0.28793777672494836,0.282778972810795,0.7751037959907436,-0.05328703703703702,-0.05935185185185182,0.3927795218271845,0.1837893386228088,0.20069482459384647,0.364827232524832,0.010317607828306652,0.006064814814814801,0.017253688924140226,0.43004993016098486,0.11526841583846216,0.11569769055771874,0.0,0.9999999987499999,0.6228722675945377,0.29876383970421094,0.3154342871183906,0.3863696925058125,sad,04,09,09,male,strong,987
10,0.33366666666666667,True,1.0,0.33138161186460263,0.35154384976247716,0.3414627308135399,0.8001858435788932,-0.053009259259259256,-0.060694444444444384,0.3974448305636545,0.17397643960095757,0.1965374827750097,0.4267292823956012,0.020162237897874524,0.007685185185185128,0.03244488730527127,0.40152094879548544,0.1251149237310517,0.10818914089111135,0.0,0.9999999987499999,0.5835713327987445,0.2761564014326729,0.35234159793783654,0.36101785416222726,sad,04,09,09,male,strong,987
20,0.6673333333333333,True,1.0,0.29201516245574394,0.2997258302782917,0.2958704963670178,0.8798027703687119,-0.0537037037037037,-0.06476851851851845,0.38143929760962364,0.24646820274136752,0.19237102631416936,0.33629184441306426,0.0077106678225477565,0.01106481481481475,0.03293068814327961,0.3944425621860852,0.11476218432865555,0.11270413231040834,0.0,0.9999999987499999,0.6219374841108318,0.3057973074205454,0.32440870148719037,0.3945917596894777,sad,04,09,09,male,strong,987
30,1.0010000000000001,True,1.0,0.24405286979804874,0.2564671211437534,0.25025999547090105,0.768765148320569,-0.04949074074074078,-0.06055555555555553,0.3774841813302608,0.235737593613924,0.19097382022690007,0.3255350428119884,0.012414251345704674,0.01106481481481475,0.03146190595560249,0.4368572153900103,0.11597984233727232,0.1159744072916602,0.0,0.9999999987499999,0.6229168687006053,0.3065793762167787,0.3182940889012318,0.38809496651455283,sad,04,09,09,male,strong,987
40,1.3346666666666667,True,1.0,0.3058550218765845,0.33457172178453654,0.32021337183056053,0.769616976342771,-0.048564814814814894,-0.05810185185185185,0.37820570711510537,0.21586472376919494,0.1986145683171447,0.41606848818774533,0.02871669990795206,0.009537037037036955,0.033882435228733306,0.44511632327574613,0.11536150044941511,0.11444544495625289,0.0,0.9999999987499999,0.6236960320378151,0.29950495738876143,0.3191926502785444,0.38581497092527856,sad,04,09,09,male,strong,987
50,1.6683333333333334,True,1.0,0.3008748778154386,0.32307872796137455,0.31197680288840657,0.8448729678464932,-0.04847222222222225,-0.0597685185185185,0.37483180259281357,0.25184020767741794,0.19931933583917824,0.3692588291510947,0.022203850145935955,0.011296296296296249,0.03508621632086184,0.4017023088896049,0.11658320792334131,0.1135367745840011,0.0,0.9999999987499999,0.6239020821140957,0.29848540897422976,0.3193872118750041,0.38871184902305056,sad,04,09,09,male,strong,987
60,2.0020000000000002,True,1.0,0.21066225700259095,0.2038136964206559,0.20723797671162342,0.7522601440886971,-0.052731481481481546,-0.06518518518518518,0.3617432146877359,0.19151638154495015,0.20004615251177815,0.27548711484997734,0.006848560581935059,0.012453703703703634,0.03478655223195806,0.4471225695813524,0.11303374866538067,0.11493591212631385,0.0,0.9999999987499999,0.6230699848064225,0.29822523657871736,0.30955820741641094,0.3781482510274305,sad,04,09,09,male,strong,987
70,2.3356666666666666,True,1.0,0.3059152080641256,0.3279315504617845,0.31692337926295505,0.6751254536222207,-0.04958333333333331,-0.06092592592592594,0.36687801399203684,0.18955392176590413,0.20003814333537112,0.469428870682597,0.022016342397658928,0.011342592592592626,0.04026793081930237,0.5164200281755111,0.1186639464421667,0.11101758181780022,0.0,0.9215777187426353,0.6240158637517507,0.2982046740767905,0.31576336652354436,0.3818972283053115,sad,04,09,09,male,strong,987
80,2.6693333333333333,True,1.0,0.36598067410186924,0.36733400006529376,0.3666573370835815,0.849387335131812,-0.04837962962962955,-0.0587962962962964,0.3572024847756889,0.23727109380873088,0.20071877255469697,0.43167271504781957,0.0013533259634245232,0.010416666666666852,0.03932219886854997,0.40140020791943776,0.11614182392519379,0.11398824627112158,0.0,0.9999999987499999,0.6228529358852916,0.29978693191862354,0.31956604703343716,0.39431907624709084,sad,04,09,09,male,strong,987
90,3.003,True,1.0,0.1847319900456311,0.15976636638790304,0.17224917821676705,0.5717710494021836,-0.05842592592592599,-0.07106481481481486,0.37785466276305685,0.13594103544944036,0.19931168024367926,0.3012555084712011,0.02496562365772806,0.012638888888888866,0.04202963011910621,0.5637037160837115,0.11556211796086914,0.11424286651617975,0.0,0.9999999987499999,0.6253063447253902,0.30423300693186467,0.3128863079286529,0.37768784780267506,sad,04,09,09,male,strong,987
100,3.336666666666667,True,1.0,0.2842057743268335,0.2396859153834599,0.2619458448551467,0.5521369175200201,-0.04925925925925928,-0.05962962962962959,0.3778541951230351,0.15848882753065582,0.2000186911432045,0.47442189888642744,0.044519858943373625,0.010370370370370308,0.04459605941785303,0.6222951673136047,0.11716014841724046,0.11294132624992309,0.0,0.9999999987499999,0.6204688952612295,0.2991212687050491,0.3140101170267625,0.3919948286315008,sad,04,09,09,male,strong,987
110,3.6703333333333332,True,1.0,0.26249591066279976,0.22462152749637584,0.24355871907958782,0.5242183447590869,-0.04972222222222222,-0.0616666666666667,0.37281061427640466,0.1309255531774985,0.20347822149384778,0.46461311687121365,0.037874383166423914,0.01194444444444448,0.0507770384741305,0.6114185627085132,0.11587579333899814,0.11358973668371704,0.0,0.9999999987499999,0.6207369093027837,0.29936193354502055,0.3102562222514286,0.38736465637716855,sad,04,09,09,male,strong,987
0,0.0,True,1.0,0.3811353302020566,0.526173993009682,0.4536546616058693,0.626595425422572,-0.06379629629629624,-0.06634259259259262,0.37125192960548137,-0.04266666666666651,0.2222427189169386,0.7239993194969905,0.14503866280762545,0.0025462962962963798,0.058618047763922335,0.4016044110464353,0.11221392632984324,0.1147445131004902,0.0,0.9999999987499999,0.6544736126638157,0.2998909808016674,0.22551320932182897,0.2944380373372411,angry,05,09,09,male,normal,988
10,0.33366666666666667,True,1.0,0.4958501842075893,0.506126130639573,0.5009881574235812,0.6196576085769138,-0.06291666666666668,-0.057638888888888795,0.40333290134676214,0.0,0.21597363525015598,0.8084919001868385,0.010275946431983707,0.005277777777777881,0.04148095065342992,0.46121665502687575,0.11834378140694612,0.11506116593344627,0.0,0.9999999987499999,0.6220418924679246,0.28660089136053024,0.3063790012822991,0.3791406488201905,angry,05,09,09,male,normal,988
20,0.6673333333333333,True,1.0,0.48895857302722584,0.49388580456758924,0.4914221887974075,0.6816852517235714,-0.05870370370370376,-0.05768518518518517,0.41018792669880944,0.02434590184727034,0.21527919536383625,0.7208930918703269,0.004927231540363397,0.0010185185185185852,0.004749830328491481,0.4017857142857146,0.11935339451993238,0.11583709743802106,0.0,0.9999999987499999,0.6222956604204182,0.29420240907797557,0.31868673991076213,0.3883766445478405,angry,05,09,09,male,normal,988
30,1.0010000000000001,True,1.0,0.5246234973712487,0.5126959924316074,0.5186597449014281,0.8269376061441667,-0.05921296296296302,-0.06027777777777782,0.40550835860351264,0.09873533903526979,0.21597787427848933,0.6272054155570789,0.011927504939641342,0.0010648148148147962,0.01173423154578983,0.36130313283523746,0.11912390853866876,0.11491837411073548,0.0,0.9999999987499999,0.6293226773990847,0.29544622936885706,0.3323699118204965,0.4083750925911688,angry,05,09,09,male,normal,988
40,1.3346666666666667,True,1.0,0.47422051321474723,0.4932974090975797,0.48375896115616346,0.7539733282308354,-0.055555555555555525,-0.05717592592592596,0.3717375200518325,0.13463130269568727,0.21875034877204338,0.6416128303786053,0.019076895882832456,0.0016203703703704386,0.010149812187241892,0.43189785527200386,0.11979971627366609,0.11404675500340361,0.0,0.9999999987499999,0.6226634755542841,0.29899128762330524,0.32494381294410957,0.39105631029145294,angry,05,09,09,male,normal,988
50,1.6683333333333334,True,1.0,0.5017192868838259,0.5130604938086805,0.5073898903462533,0.9009599686968407,-0.05601851851851841,-0.05768518518518523,0.4067754246785035,0.09873533903527087,0.22013923546048123,0.5631658541723537,0.011341206924854519,0.0016666666666668162,0.006539930283453612,0.3316186713504162,0.1225132616907515,0.11163980875692424,0.0,0.9999999987499999,0.6185096357840011,0.3001000587608474,0.3303404526780501,0.3991304659292071,angry,05,09,09,male,normal,988
60,2.0020000000000002,True,1.0,0.4808142049703362,0.47868690928317725,0.47975055712675674,0.8753983283619925,-0.055925925925925934,-0.055694444444444546,0.375092963595822,0.21541008431309897,0.22361657008950767,0.548036866856309,0.00212729568715897,0.00023148148148138814,0.0032504897439505982,0.39823991486569393,0.11984487605234082,0.11383205208840451,0.0,0.9999999987499999,0.6167917855032639,0.2955454708909329,0.31387327245571806,0.3824996166218922,angry,05,09,09,male,normal,988
70,2.3356666666666666,True,1.0,0.5141265496439066,0.5133349763497356,0.5137307629968211,0.5295958091458327,-0.05782407407407414,-0.05708333333333332,0.3518519418018196,0.10019380173029245,0.21736111111111112,0.9700431048074194,0.0007915732941710107,0.0007407407407408195,0.0017510991217404902,0.5953643090735515,0.1237643028817501,0.11094034122942996,0.0,0.7071067807446058,0.6195004444590335,0.2977603693773223,0.3170876788562091,0.38498770290036,angry,05,09,09,male,normal,988
80,2.6693333333333333,True,1.0,0.5591427064880873,0.5540648960914573,0.5566038012897723,0.6687374261863614,-0.057129629629629586,-0.05768518518518512,0.3458941100045533,0.10900068305794804,0.21875139508483707,0.8323203988506243,0.0050778103966300225,0.0005555555555555314,0.014251434277012278,0.45283220840225047,0.12165583169969128,0.11257355285629528,0.0,0.9999999987499999,0.6168334743506779,0.29543311455147336,0.2999678082810081,0.3696792275156257,angry,05,09,09,male,normal,988
90,3.003,True,1.0,0.5186563484507651,0.5279850964937794,0.5233207224722722,0.6959472848576314,-0.05569444444444438,-0.05754629629629632,0.3535343009341218,0.09939484743477446,0.2159754015220728,0.7519545429066901,0.009328748043014312,0.0018518518518519378,0.02115195419106026,0.4151666278601206,0.10873578816780087,0.11836809035576411,0.0,0.9999999987499999,0.659371410892482,0.3171078951380593,0.2838192863583682,0.3974440543233674,angry,05,09,09,male,normal,988
100,3.336666666666667,True,1.0,0.5502645502645519,0.5367399661363755,0.5435022582004637,0.6378817248546945,-0.05652777777777779,-0.05935185185185188,0.35402921004822446,0.08502433069423213,0.2208347152570755,0.852042372470022,0.013524584128176365,0.00282407407407409,0.009295924009334267,0.4504076323325952,0.1222284068138588,0.1114398982169606,0.0,0.9999999987499999,0.6179542769138906,0.2957692198663939,0.3099285745797995,0.37491897498869897,angry,05,09,09,male,normal,988
0,0.0,True,1.0,0.5317319183169238,0.5193275583121566,0.5255297383145402,0.5821490591377835,-0.05097222222222231,-0.05870370370370376,0.3812757569098881,0.01971591933641536,0.21742989640345986,0.9027408531637898,0.01240436000476719,0.00773148148148145,0.06554104345785267,0.5135035652662501,0.12382487248187936,0.11087273305344032,0.0,0.9999999987499999,0.6124166919111396,0.30337337567249767,0.3181369227674918,0.38579028119418385,angry,05,09,09,male,normal,989
10,0.33366666666666667,True,1.0,0.5377175196012606,0.519327558312156,0.5285225389567083,0.5667422165838064,-0.051203703703703696,-0.058981481481481524,0.3910604796220413,-0.03844099688876282,0.21742989640345986,0.9325625010653386,0.01838996128910453,0.007777777777777828,0.06516078564012685,0.5087120396620515,0.12158120875068186,0.11180534929178435,0.0,0.9999999987499999,0.6114600541310274,0.29632728344069925,0.31050454356061036,0.3855344463187894,angry,05,09,09,male,normal,989
20,0.6673333333333333,True,1.0,0.5170207427457055,0.48106988227640546,0.4990453125110555,0.5494386613098822,-0.05148148148148146,-0.05879629629629629,0.3922554575626751,-0.03817322228759106,0.22023902538293522,0.9082821207399439,0.03595086046930007,0.0073148148148148295,0.06810685754037604,0.5337867911702427,0.11978022550089087,0.11423412744230292,0.0,0.9999999987499999,0.6124656930506578,0.29704635860932743,0.30903160137001634,0.3857497022095484,angry,05,09,09,male,normal,989
30,1.0010000000000001,True,1.0,0.5115685502169297,0.46605596827262114,0.48881225924477545,0.787318062918961,-0.050416666666666665,-0.05921296296296291,0.38832895258131916,0.057992146533652575,0.2208751327014355,0.6208574174362479,0.04551258194430857,0.008796296296296247,0.06845846100331596,0.3831322808902079,0.11976855209445986,0.11374497958392304,0.0,0.9999999987499999,0.6074092300904738,0.30513006940119686,0.3249275139083871,0.3953627062368066,angry,05,09,09,male,normal,989
40,1.3346666666666667,True,1.0,0.48994168407249866,0.47952080901816374,0.4847312465453312,0.7280498019857704,-0.050324074074073966,-0.05810185185185179,0.33509025597464415,0.08900246544396671,0.22440383275130804,0.6657940778545877,0.010420875054334922,0.007777777777777828,0.07662828250114012,0.47165346552336085,0.12065346389598353,0.11263686853815442,0.0,0.9999999987499999,0.6058557078221913,0.2975304829041764,0.3120067103478135,0.38816376600776753,angry,05,09,09,male,normal,989
50,1.6683333333333334,True,1.0,0.5292575084276565,0.5332334776028316,0.531245493015244,0.7869793797625119,-0.04916666666666675,-0.05689814814814814,0.3672536048045545,0.06082747511187192,0.21952265594448672,0.6750437262734367,0.003975969175175065,0.007731481481481395,0.06960907913782667,0.37704931955370363,0.12049387980912443,0.11263855239184697,0.0,0.9999999987499999,0.6087646090232969,0.2957510502287302,0.31189261504683324,0.39582033359236185,angry,05,09,09,male,normal,989
60,2.0020000000000002,True,1.0,0.5279131600866871,0.5193275583121555,0.5236203591994213,0.7638477011232259,-0.048518518518518405,-0.056203703703703756,0.3595537406693212,0.1107350961217081,0.21951257691552292,0.685503613389745,0.008585601774531604,0.00768518518518535,0.07531769718475792,0.4342078421785384,0.1211756344329353,0.11292168906493175,0.0,0.9999999987499999,0.6108682577562276,0.2953059954218598,0.3136248814808544,0.38911079880034133,angry,05,09,09,male,normal,989
70,2.3356666666666666,True,1.0,0.5552429842462713,0.4960672297042877,0.5256551069752795,0.5772284058534067,-0.04898148148148135,-0.05800925925925926,0.33121319673027966,0.12104529003525205,0.21882845970163622,0.9106535673658015,0.059175754541983594,0.009027777777777912,0.07125582138036732,0.5754193368083923,0.12384911513254925,0.11118887784134641,0.0,0.9999999987499999,0.6086605738467262,0.2950674384547944,0.30582436159389637,0.38642822660326115,angry,05,09,09,male,normal,989
80,2.6693333333333333,True,1.0,0.5514729989379964,0.5160674070259961,0.5337702029819962,0.6489490785952055,-0.04999999999999993,-0.05782407407407408,0.34789185383526205,0.0646478995071444,0.21880021745018902,0.8225147713245243,0.03540559191200032,0.00782407407407415,0.06799814197767813,0.4569492200892827,0.12131395589609503,0.11344682515030703,0.0,0.7306931667963027,0.6110922749177795,0.29624755743332354,0.30385276752328183,0.3856412853957324,angry,05,09,09,male,normal,989
90,3.003,True,1.0,0.5791593686598815,0.533233477602832,0.5561964231313568,0.6700884513188254,-0.04949074074074078,-0.057453703703703674,0.36742729958226517,0.04766288876154928,0.21880893458338402,0.8300343365665926,0.04592589105704947,0.007962962962962894,0.06428546182298449,0.4238927694838056,0.12386032226710245,0.10962324076052375,0.0,0.9999999987499999,0.6053211057235395,0.2960373008277748,0.31416888670041304,0.38639922528046067,angry,05,09,09,male,normal,989
100,3.336666666666667,True,1.0,0.5864264430892956,0.5481835705277446,0.5673050068085201,0.6191425523930913,-0.05004629629629631,-0.05787037037037024,0.36134443944888267,0.020580284198965532,0.21951257691552292,0.9162752658750231,0.03824287256155101,0.007824074074073928,0.07304173979144923,0.45741048043587695,0.12158143950304202,0.11214538740005213,0.0,0.9999999987499999,0.6069287814422644,0.29636531590234894,0.3122069472066763,0.38856025214914197,angry,05,09,09,male,normal,989
0,0.0,True,1.0,0.44311385343241005,0.4733471297976033,0.4582304916150067,0.5743685871469192,-0.06064814814814812,-0.06574074074074082,0.39282435778126457,0.11691864931841726,0.2029486599533762,0.7977986642535427,0.03023327636519324,0.005092592592592704,0.05795405431155827,0.4858684667491034,0.1165523882392567,0.11238797407066872,0.0,0.9999999987499999,0.6399153769945478,0.29200279653591,0.29447784095461677,0.3733321621841792,angry,05,09,09,male,normal,990
10,0.33366666666666667,True,1.0,0.5086337719545521,0.5305629498991178,0.5195983609268349,0.6391867474042059,-0.06013888888888885,-0.06685185185185194,0.377488216931995,0.13259470273011395,0.2068904205968501,0.8129054036820537,0.021929177944565725,0.006712962962963087,0.056024505036860524,0.4301569203483022,0.11850817965210876,0.11135506706381365,0.0,0.9999999987499999,0.6138364657659938,0.2947678913722193,0.3166402783775616,0.3710610963391221,angry,05,09,09,male,normal,990
20,0.6673333333333333,True,1.0,0.5399726278239262,0.5559454245273793,0.5479590261756527,0.6751604914154472,-0.06018518518518512,-0.06685185185185188,0.382850088850357,0.13647064828684205,0.2077596267324333,0.8115981801999083,0.015972796703453085,0.006666666666666765,0.05900774067403653,0.4193849287662962,0.11863983510011887,0.11155687799353581,0.0,0.9999999987499999,0.61686353109994,0.2936762744813065,0.3197697957188034,0.37732292575415416,angry,05,09,09,male,normal,990
30,1.0010000000000001,True,1.0,0.509828666531985,0.49904628798842193,0.5044374772602035,0.7676654483324775,-0.057962962962962994,-0.06407407407407417,0.33200138337703283,0.20454060918366698,0.2098279718669028,0.6571058764673365,0.010782378543563065,0.006111111111111178,0.06807171820341712,0.4097205120121414,0.11641588916299128,0.11320456024280832,0.0,0.9999999987499999,0.6148215560990021,0.2958753336193077,0.3175773947261891,0.37871357680304857,angry,05,09,09,male,normal,990
40,1.3346666666666667,True,1.0,0.5045124192641709,0.5000042109734616,0.5022583151188162,0.725585228105016,-0.05819444444444438,-0.06370370370370376,0.3611186477505238,0.15058347047002776,0.21935360687633473,0.6922113290957502,0.0045082082907093035,0.00550925925925938,0.0633551106220546,0.4155592630532069,0.1192676160405422,0.11225156945352383,0.0,0.9999999987499999,0.6111758973276811,0.2924757941035752,0.31294157979692283,0.3676433808577285,angry,05,09,09,male,normal,990
50,1.6683333333333334,True,1.0,0.46030955563176096,0.4299059190029669,0.4451077373173639,0.8472827619965824,-0.053518518518518354,-0.05990740740740741,0.3737954449758758,0.21710701467704274,0.22629968592899657,0.5253355282107809,0.030403636628794084,0.006388888888889055,0.07011793252200177,0.37953622465964426,0.12104280579182335,0.11221836600929379,0.0,0.9999999987499999,0.6032281241637281,0.29462205813934184,0.3308494587874089,0.39134782206892565,angry,05,09,09,male,normal,990
60,2.0020000000000002,True,1.0,0.4408992165374162,0.4619313656170716,0.4514152910772439,0.7056779335540833,-0.0531018518518519,-0.06023148148148144,0.37008850788392994,0.1595491004225076,0.22467853621862877,0.6396902462341871,0.021032149079655393,0.007129629629629541,0.06749390988496422,0.44088206677649333,0.11452190959121636,0.11294827406826205,0.0,0.9999999987499999,0.6094655509469413,0.2906222742585955,0.31435833965991383,0.3773958210162173,angry,05,09,09,male,normal,990
70,2.3356666666666666,True,1.0,0.500650077423676,0.48950753292401206,0.495078805173844,0.5897599349073468,-0.055740740740740646,-0.06189814814814809,0.36269430235782313,0.09753428933010952,0.2239874012143937,0.8394581860695954,0.011142544499663898,0.006157407407407445,0.06673050238684465,0.5617652952199697,0.12041843488465995,0.11238065314558765,0.0,0.9999999987499999,0.6090793972432724,0.2909770023210906,0.30662867223016194,0.36400024873565434,angry,05,09,09,male,normal,990
80,2.6693333333333333,True,1.0,0.5564778860383458,0.5323955921418512,0.5444367390900985,0.6729636931891115,-0.05671296296296291,-0.06134259259259267,0.3611098951821187,0.13081289501592733,0.21849853702049676,0.8090135390663709,0.024082293896494633,0.004629629629629761,0.06404032249026775,0.44364152884555896,0.10406432867934583,0.11870382132673267,0.0,0.9999999987499999,0.6534964868291067,0.3180496334591288,0.2857652181720495,0.3979124537047487,angry,05,09,09,male,normal,990
90,3.003,True,1.0,0.5155571387078823,0.5125691716342491,0.5140631551710657,0.71976342443571,-0.05518518518518517,-0.06402777777777774,0.36077551243503925,0.14955257697283406,0.2155425818735,0.714211277926616,0.0029879670736332464,0.008842592592592569,0.07640008264103369,0.38711695721342454,0.10662249558089203,0.11657499339517031,0.0,0.9999999987499999,0.6570409771174094,0.3159938098318903,0.28789811417873284,0.401610960439036,angry,05,09,09,male,normal,990
100,3.336666666666667,True,1.0,0.5387282590775418,0.5327210649816342,0.535724662029588,0.6500935757011522,-0.05499999999999999,-0.06305555555555553,0.36790899471853067,0.09019491052244732,0.21820223680990858,0.8240731520101353,0.006007194095907664,0.008055555555555538,0.06913490703454049,0.42930770085774356,0.12118421103903651,0.11274362637640808,0.0,0.9999999987499999,0.6096509518260429,0.2927488413989617,0.317511302620582,0.3829847524446082,angry,05,09,09,male,normal,990
110,3.6703333333333332,True,1.0,0.5721587224143339,0.5449275066596084,0.5585431145369711,0.581782735944756,-0.055277777777777704,-0.06259259259259248,0.3645366695940197,0.07055768352501353,0.22318453224663296,0.96005446711985,0.027231215754725424,0.007314814814814774,0.07958260052844167,0.4776187371949069,0.1250714826006155,0.10894115098275702,0.0,0.9999999987499999,0.6036404895630126,0.2936408460118851,0.3107857928269618,0.36983530227245653,angry,05,09,09,male,normal,990
0,0.0,True,1.0,0.5214443057727394,0.4764279670701106,0.498936136421425,0.5294225997634532,-0.06643518518518521,-0.0591666666666667,0.34117477178017375,0.1988567371827732,0.19796703508232694,0.9424156366659647,0.04501633870262878,0.0072685185185185075,0.060034747612211725,0.5303565948391705,0.12736161766150325,0.10643388761100654,0.0,0.8449137214717914,0.6218947641009529,0.29169503924801726,0.31696265438882826,0.3720069991384619,angry,05,09,09,male,normal,991
10,0.33366666666666667,True,1.0,0.509714048510349,0.4742668572840138,0.49199045289718135,0.5020536756700981,-0.06277777777777777,-0.05523148148148149,0.3413367321895636,0.2066898191039183,0.19520973859163793,0.9799558826862781,0.03544719122633516,0.007546296296296273,0.0603180860795118,0.5547525949793362,0.1250232889966831,0.10811895119769696,0.0,0.9999999987499999,0.6227693999240321,0.29239739149766003,0.31593992235403456,0.3734240523274875,angry,05,09,09,male,normal,991
20,0.6673333333333333,True,1.0,0.5544073087250053,0.5126304326366892,0.5335188706808472,0.6516179963107964,-0.06314814814814812,-0.05629629629629629,0.33687724133147107,0.2452298182277281,0.1958990084618201,0.8187601841898478,0.04177687608831615,0.006851851851851831,0.058665622311680064,0.449670775258662,0.12406496306515474,0.10921728498361731,0.0,0.9999999987499999,0.6225731595841463,0.2924604221372981,0.3149315260305215,0.3690044854322363,angry,05,09,09,male,normal,991
30,1.0010000000000001,True,1.0,0.5322373193322449,0.5326475655803284,0.5324424424562867,0.7186924425211395,-0.06337962962962962,-0.05689814814814814,0.34985894727685773,0.16537866452959477,0.20270333745443572,0.740848812307673,0.0004102462480835012,0.006481481481481477,0.05830156511843108,0.4209489157106025,0.12462807254891464,0.1085742784104397,0.0,0.9999999987499999,0.6225948579197305,0.2945285310881042,0.31933150908301966,0.3744765815852557,angry,05,09,09,male,normal,991
40,1.3346666666666667,True,1.0,0.5371541423989649,0.5114323224964171,0.524293232447691,0.7258140701915484,-0.06023148148148144,-0.055416666666666614,0.3373356124548858,0.15867811767676573,0.2093984815294521,0.7223519823876183,0.025721819902547738,0.004814814814814827,0.055904843836182286,0.42540993780451564,0.12415970360170848,0.10893481745430231,0.0,0.9999999987499999,0.6229254731345664,0.2950515353849657,0.3248244856903287,0.3741958861521168,angry,05,09,09,male,normal,991
50,1.6683333333333334,True,1.0,0.38184960080817065,0.3933922271455268,0.3876209139768487,0.8296170412467005,-0.05532407407407408,-0.050648148148148164,0.41883940729716324,0.06988948930161852,0.21309835703366542,0.4672287268766254,0.011542626337356143,0.004675925925925917,0.04959769087959511,0.36235272285870335,0.12292897033238652,0.11118189799907742,0.0,0.9999999987499999,0.6227496920096164,0.29725824377357674,0.33665288318046466,0.39000007478995646,angry,05,09,09,male,normal,991
60,2.0020000000000002,True,1.0,0.45901369121885127,0.46630109201258696,0.4626573916157191,0.8432894079789349,-0.05833333333333329,-0.05305555555555558,0.36732043164763034,0.23001905892483338,0.20947862278232066,0.5486341785372882,0.007287400793735688,0.005277777777777715,0.05256891378800867,0.3678150640584404,0.12410363761434133,0.10934770906610888,0.0,0.9999999987499999,0.6194796065301119,0.2945793011980746,0.3296038023402808,0.37894920123476133,angry,05,09,09,male,normal,991
70,2.3356666666666666,True,1.0,0.5330991118756132,0.5411054227573379,0.5371022673164756,0.6255977003107578,-0.06069444444444444,-0.054027777777777786,0.3345939864688488,0.15229385199601014,0.20924685781234634,0.8585425858337983,0.008006310881724654,0.006666666666666654,0.056878624765962664,0.4717706064860864,0.12556683870704824,0.10836982584964708,0.0,0.9999999987499999,0.6197514754808173,0.29322536294522217,0.31816277452897823,0.370260104771395,angry,05,09,09,male,normal,991
80,2.6693333333333333,True,1.0,0.5377995428138219,0.543966137501037,0.5408828401574295,0.6952944663266482,-0.060925925925925994,-0.054814814814814705,0.3429147549342543,0.15583003089947753,0.20935949264970866,0.777919092345147,0.006166594687215032,0.006111111111111289,0.04881208662493771,0.3831115063844268,0.12395430325508167,0.11003761581516466,0.0,0.9999999987499999,0.6215432546612396,0.28945105153187434,0.3082092770414113,0.3692871352378793,angry,05,09,09,male,normal,991
90,3.003,True,1.0,0.5641151296139792,0.5515112510539057,0.5578131903339425,0.7208301587397994,-0.059814814814814765,-0.054907407407407405,0.3487628251882,0.16610264418256224,0.20851923581387632,0.7738482963991776,0.0126038785600735,0.00490740740740736,0.052754669795727085,0.3717425088622505,0.1279302460401427,0.10574973396390466,0.0,0.9999999987499999,0.6197655228497648,0.2902740824224422,0.3168611963090313,0.3728010598633417,angry,05,09,09,male,normal,991
100,3.336666666666667,True,1.0,0.533099111875613,0.5511928352938819,0.5421459735847474,0.7020837765399187,-0.06097222222222215,-0.055000000000000104,0.3459928752492698,0.14019513738433495,0.21135764645412458,0.7721955579953816,0.01809372341826887,0.005972222222222046,0.04911415456349776,0.3976665710918511,0.12483993515055596,0.10850633593960626,0.0,0.6845151301104082,0.6199761074507927,0.2908698744896042,0.3150582700636343,0.3740247123253001,angry,05,09,09,male,normal,991
0,0.0,True,1.0,0.43755163976863926,0.3909596424442003,0.41425564110641977,0.7428529995275963,-0.06601851851851848,-0.06662037037037044,0.3898913460329476,0.06515937109886041,0.2121974589317416,0.5576549349196382,0.04659199732443897,0.0006018518518519644,0.009856627153396623,0.3552458603764149,0.11947080677745313,0.11203528644631275,0.0,0.9999999987499999,0.6153272074689252,0.3006231736109157,0.32466489964914863,0.3848362867936039,angry,05,09,09,male,strong,992
10,0.33366666666666667,True,1.0,0.5291347300602477,0.5163817659786107,0.5227582480194293,0.6977397383611121,-0.06074074074074076,-0.06194444444444441,0.38584804003975365,0.013164159338069302,0.2188629730597721,0.7492166767616123,0.012752964081636953,0.0012037037037036513,0.004224849344746211,0.4032791747137141,0.12239657604005343,0.11176772505024145,0.0,0.9999999987499999,0.6081610169849189,0.2994297809621908,0.3208806216073826,0.40174778835430147,angry,05,09,09,male,strong,992
20,0.6673333333333333,True,1.0,0.40016734320525044,0.3936173455434327,0.39689234437434157,0.692021172323368,-0.06365740740740733,-0.06657407407407401,0.3874969804741571,0.013054062758751971,0.22291700891961655,0.573526302731214,0.006549997661817741,0.0029166666666666785,0.010378484217979586,0.403652075876996,0.11961735649420056,0.11390397041832409,0.0,0.7312596225486052,0.6025654367293793,0.29940637548639204,0.31497788246338376,0.38690712891078655,angry,05,09,09,male,strong,992
30,1.0010000000000001,True,1.0,0.4016916562638063,0.5196448525077985,0.4606682543858024,1.3120969613998947,-0.06620370370370371,-0.0764351851851851,0.34878082317161,0.41192860690571204,0.21913369196494167,0.35109314931596897,0.11795319624399214,0.010231481481481397,0.011958337913798734,0.21440342451668065,0.10821218036429942,0.11707030811283044,0.0,0.9999999987499999,0.6349619972285789,0.3118929734414403,0.2168921696679894,0.2868477977929791,angry,05,09,09,male,strong,992
40,1.3346666666666667,True,1.0,0.40224038331245177,0.46685360749712174,0.43454699540478675,1.4143395767462674,-0.05703703703703711,-0.06412037037037038,0.28505767404253957,0.6010348945558318,0.19110161730622885,0.3072437500508016,0.06461322418466997,0.007083333333333275,0.024462511086049767,0.2183052944360023,0.11569604623559622,0.11885064165414627,0.0,0.9999999987499999,0.6235947578484519,0.29724426006435767,0.29029525861791633,0.3464097110625664,angry,05,09,09,male,strong,992
50,1.6683333333333334,True,1.0,0.38401977941710075,0.34432231837443944,0.3641710488957701,1.6905777872348753,-0.0598611111111112,-0.06152777777777785,0.3005929195721285,0.7153307878047254,0.17665108111481406,0.21541218135334173,0.03969746104266131,0.0016666666666666496,0.021539546415823844,0.19526210853677464,0.11020187862661693,0.11749184751826876,0.0,0.9999999987499999,0.629298062686012,0.2925154412720931,0.29294102272326994,0.35272033985280316,angry,05,09,09,male,strong,992
60,2.0020000000000002,True,1.0,0.36530750337311513,0.31982707044773984,0.3425672869104275,0.6919317486394909,-0.05958333333333321,-0.061712962962963025,0.35936290351123634,0.15839377128741325,0.21862106263968892,0.4950882620778705,0.04548043292537529,0.0021296296296298145,0.03696560868153075,0.4351133838289927,0.10424421853053545,0.11495580785324178,0.0,0.9999999987499999,0.601616143770008,0.30387817396042033,0.2626132056147793,0.33439203723055827,angry,05,09,09,male,strong,992
70,2.3356666666666666,True,1.0,0.3254332649739288,0.3060592415902264,0.3157462532820776,0.853143472913166,-0.05162037037037026,-0.055694444444444435,0.3369709380006391,0.16865091201090895,0.21601496222801458,0.37009748454608954,0.01937402338370242,0.004074074074074174,0.049460562830461886,0.40564783748704486,0.11961668094541272,0.11356966230273521,0.0,0.9999999987499999,0.6008941822275785,0.29682452611489285,0.30684399793448225,0.3775921334538819,angry,05,09,09,male,strong,992
80,2.6693333333333333,True,1.0,0.5483839059312199,0.5418144030281885,0.5450991544797041,1.2431707803468404,-0.06092592592592583,-0.06703703703703717,0.2598012699862396,0.5634492572048934,0.19930593835407728,0.4384748765794056,0.006569502903031377,0.006111111111111345,0.038347050949773566,0.2463323013702161,0.11645711474218992,0.11282492738981607,0.0,0.9999999987499999,0.6077454859678246,0.2966187614534663,0.30118966159039506,0.3649442122462965,angry,05,09,09,male,strong,992
90,3.003,True,1.0,0.4857130008972708,0.5144313359004754,0.5000721683988731,0.7940571432364866,-0.05782407407407414,-0.06629629629629635,0.3458271256462496,0.3304093002275449,0.18541707813917366,0.6297684904144756,0.028718335003204587,0.008472222222222214,0.03535050493202717,0.36829265680521495,0.119641279295805,0.11253248046454221,0.0,0.9999999987499999,0.6309162328681472,0.29051619963978564,0.31197547619839033,0.3939734137684771,angry,05,09,09,male,strong,992
100,3.336666666666667,True,1.0,0.49734915144798164,0.5272783500800359,0.5123137507640088,0.7296256658333355,-0.05874999999999997,-0.0667592592592593,0.34959501798743464,0.2545808037558439,0.19098660378297827,0.7021597166252014,0.029929198632054232,0.008009259259259327,0.03572671325084975,0.3785995841718421,0.12089091766091804,0.11136015825220522,0.0,0.9999999987499999,0.6311019900382028,0.293819499266391,0.3138560843524043,0.38604190879450023,angry,05,09,09,male,strong,992
110,3.6703333333333332,True,1.0,0.5285252369604682,0.5374616195089624,0.5329934282347153,0.7018704405648337,-0.06055555555555553,-0.06648148148148147,0.3553839411011462,0.22844580335178175,0.19723189304860722,0.759390048975116,0.00893638254849427,0.005925925925925946,0.038945029077439096,0.3910681911990676,0.12102454534071273,0.11121491916049846,0.0,0.9999999987499999,0.6253359894660989,0.2958232590134415,0.3162729804495694,0.38724696947151216,angry,05,09,09,male,strong,992
0,0.0,True,1.0,0.3317705096504713,0.3504230050370818,0.34109675734377654,0.5983239286912818,-0.05787037037037035,-0.06365740740740744,0.40083700815948786,-0.006479825487689892,0.21516805717180273,0.5700871066444892,0.018652495386610513,0.0057870370370370905,0.031697306596424606,0.4525823712672938,0.11384414758191953,0.1126208984516276,0.0,0.9999999987499999,0.6404770755489696,0.2984189664152546,0.2663628899155699,0.3634782900656077,angry,05,09,09,male,strong,993
10,0.33366666666666667,True,1.0,0.3507818040507319,0.3435982648909848,0.34719003447085833,0.5213307903405051,-0.05569444444444438,-0.06319444444444455,0.40392934769134775,-0.056957177181117195,0.21778599193764528,0.6659687877711818,0.007183539159747121,0.007500000000000173,0.01209066035703396,0.5131713986140154,0.1200040605430018,0.11060598896995412,0.0,0.9999999987499999,0.6274627864505176,0.30042539949456976,0.27299062754430026,0.3529318386570159,angry,05,09,09,male,strong,993
20,0.6673333333333333,True,1.0,0.498915714613622,0.5225400199290486,0.5107278672713353,0.6670659059299237,-0.054490740740740784,-0.0588425925925925,0.396547107602557,0.01884106171220253,0.21569543938026242,0.7656332945983123,0.02362430531542664,0.004351851851851718,0.042218817233068376,0.43400510737662557,0.11599793820173575,0.1167749332959464,0.0,0.9999999987499999,0.6074993677549145,0.2926813422084163,0.3058964651252079,0.38250851783966594,angry,05,09,09,male,strong,993
30,1.0010000000000001,True,1.0,0.31441233908691213,0.4171980934023888,0.36580521624465046,1.6453061508364162,-0.06435185185185183,-0.062499999999999944,0.33319924742115026,0.6483932553516947,0.19253652250936704,0.22233261333077,0.10278575431547665,0.0018518518518518823,0.025245814155789567,0.19558739418002788,0.10659286248216929,0.1180634695652907,0.0,0.7071067807446058,0.6573954493750626,0.2927349813139653,0.21115678450602138,0.2969831548004458,angry,05,09,09,male,strong,993
40,1.3346666666666667,True,1.0,0.2446938638089918,0.2812482530134188,0.2629710584112053,1.2817093489052986,-0.06805555555555554,-0.06837962962962973,0.30834274874928713,0.47633482501878166,0.2005215520144047,0.20517214658362878,0.036554389204427024,0.00032407407407419875,0.007522045697050046,0.2623398004510421,0.1102415399606585,0.12175548339542604,0.0,0.9999999987499999,0.6009789259766406,0.30010174198620365,0.24932729377941665,0.31258992070320263,angry,05,09,09,male,strong,993
50,1.6683333333333334,True,1.0,0.32779663686474597,0.3207063330329245,0.32425148494883527,1.4107229090753055,-0.059537037037037055,-0.058888888888888935,0.32797584374848365,0.5193320599343164,0.18784189206887697,0.22984774888314122,0.007090303831821465,0.0006481481481481199,0.005918576050608862,0.2289726392796815,0.11930088886113474,0.1142353901742329,0.0,0.9999999987499999,0.5799974264393258,0.26369670140130363,0.3055570700564311,0.3214902701886011,angry,05,09,09,male,strong,993
60,2.0020000000000002,True,1.0,0.2887891141865472,0.2436105083024935,0.26619981124452036,1.3908043341709135,-0.06416666666666676,-0.06578703703703709,0.31869944716651016,0.479497510152948,0.19796703508232688,0.19139990054978326,0.045178605884053674,0.0016203703703703276,0.022676318887739185,0.2274150007238057,0.10539152096861135,0.12072567233423173,0.0,0.9999999987499999,0.6130025542873401,0.29332100875986933,0.27482933954543687,0.34911884230938345,angry,05,09,09,male,strong,993
70,2.3356666666666666,True,1.0,0.3742690058479542,0.35555555555555646,0.3649122807017553,0.462713911883019,-0.057870370370370405,-0.06305555555555564,0.3236705144756038,0.19266204537507106,0.21780771910353652,0.7886347726541029,0.018713450292397737,0.005185185185185237,0.042374563587734115,0.6032683185246057,0.11462106776248629,0.11584671886736589,0.0,0.9999999987499999,0.5956980498371224,0.300129174515052,0.2701147325347722,0.3360673491389027,angry,05,09,09,male,strong,993
80,2.6693333333333333,True,1.0,0.5705805837045509,0.560381359053312,0.5654809713789315,1.6258163219567305,-0.0640277777777778,-0.06726851851851856,0.31108168066472575,0.6230375823359146,0.200003433198072,0.3478135652484741,0.010199224651238903,0.0032407407407407662,0.026419297906193424,0.1878129542772583,0.1190714674596712,0.11464081313305145,0.0,0.9999999987499999,0.6199703180100165,0.28824899782259955,0.3206297281322166,0.38846286007364245,angry,05,09,09,male,strong,993
90,3.003,True,1.0,0.5123866760418635,0.5190735063316098,0.5157300911867366,0.836349018249245,-0.05870370370370365,-0.06629629629629619,0.3514498840248322,0.2851392447530427,0.19375630030079025,0.6166445825049574,0.0066868302897462595,0.00759259259259254,0.03585231000277161,0.3559788875746678,0.11766429570294071,0.11258534992053006,0.0,0.9999999987499999,0.6218794157819378,0.29299752821476166,0.3178411800193944,0.39279852384974806,angry,05,09,09,male,strong,993
100,3.336666666666667,True,1.0,0.5017861686978596,0.5329924210279124,0.517389294862886,0.6879130051309409,-0.05685185185185193,-0.06393518518518526,0.3725174873108709,0.16501650165016543,0.20277815402154262,0.7521144258123212,0.03120625233005281,0.00708333333333333,0.04480138389746272,0.3749576799973467,0.10768989502139106,0.11787462587465285,0.0,0.9999999987499999,0.6582025545061774,0.31621782585659836,0.29286843053488865,0.4023888765945443,angry,05,09,09,male,strong,993
110,3.6703333333333332,True,1.0,0.5535985432062617,0.5549905052470963,0.554294524226679,0.6567789460477585,-0.057962962962962994,-0.06305555555555559,0.3676334541438787,0.1435128130770218,0.20208484347588665,0.8439590330387551,0.0013919620408345823,0.005092592592592593,0.03480601850792215,0.4028673114631603,0.12187291071272867,0.11301484687344997,0.0,0.9999999987499999,0.6071462242318801,0.293621879378593,0.3151373593343669,0.3841365567922094,angry,05,09,09,male,strong,993
0,0.0,True,1.0,0.4447839740132989,0.4963373820793173,0.4705606780463081,1.0336531342589874,-0.05921296296296302,-0.06638888888888889,0.3615091076253661,0.38755421322451294,0.18133167880265458,0.4552404113626056,0.051553408066018436,0.007175925925925863,0.06864799672535683,0.2870350406402408,0.11209329853541777,0.11585328936878321,0.0,0.9999999987499999,0.6619302413699856,0.318033901076182,0.2908683822091112,0.4140676480534959,angry,05,09,09,male,strong,994
10,0.33366666666666667,True,1.0,0.3604716615221421,0.4153875384192075,0.3879295999706748,0.9825082308395804,-0.06078703703703703,-0.0692592592592593,0.3672006313950385,0.37089295324892557,0.1759800402008517,0.3948359797853075,0.0549158768970654,0.00847222222222227,0.0796679876052256,0.2920215585685667,0.11854970990562319,0.11317795416776799,0.0,0.9999999987499999,0.6297623822654062,0.3038558100965701,0.31277109243304646,0.37986171194930507,angry,05,09,09,male,strong,994
20,0.6673333333333333,True,1.0,0.4547728669225451,0.5286785200527053,0.4917256934876252,1.0100701109176464,-0.06009259259259264,-0.06819444444444445,0.3698694591694559,0.4037677030130428,0.17569089005551816,0.4868233285716112,0.07390565313016023,0.008101851851851805,0.07727138334372025,0.2922324073627681,0.11642046235763419,0.11602575042552105,0.0,0.9999999987499999,0.6308697232643058,0.3023379016254225,0.30961701580163725,0.37827972112586394,angry,05,09,09,male,strong,994
30,1.0010000000000001,True,1.0,0.5322265553661396,0.6269939509558031,0.5796102531609714,0.9504876756997134,-0.08782407407407405,-0.09870370370370374,0.30797236570549746,0.4580114072000395,0.23867607001248567,0.6098030179447451,0.09476739558966352,0.010879629629629683,0.044146617154042285,0.2708299341275576,0.10672529784132971,0.11566017773154516,0.0,0.9999999987499999,0.6436085519207683,0.30969490517920456,0.2753683423168446,0.3700725188822259,angry,05,09,09,male,strong,994
40,1.3346666666666667,True,1.0,0.5725332651996677,0.6329488115955454,0.6027410383976066,1.3601457871453237,-0.0698611111111111,-0.07398148148148154,0.3012921502089959,0.5058007906740614,0.23122468440036095,0.4431444364965027,0.06041554639587765,0.004120370370370441,0.03242416055064271,0.2549262104548688,0.100102122350174,0.12112358612947591,0.0,0.9999999987499999,0.6503481087044194,0.3196131284062669,0.2758899814511037,0.3904509194498508,angry,05,09,09,male,strong,994
50,1.6683333333333334,True,1.0,0.39689668976258885,0.42248594319013333,0.4096913164763611,1.1908067755688119,-0.061574074074074114,-0.06486111111111109,0.3447228049615172,0.5371130941945901,0.18976072179864673,0.3440451674291693,0.02558925342754448,0.0032870370370369772,0.03263209613238025,0.2821993766487292,0.11219493617538828,0.11916111542210872,0.0,0.9999999987499999,0.6314670410117171,0.29187780610615854,0.31248643292908784,0.37825661167924013,angry,05,09,09,male,strong,994
60,2.0020000000000002,True,1.0,0.5952941802870928,0.574565449146933,0.5849298147170129,1.4178498125103913,-0.06611111111111118,-0.07194444444444448,0.3508522547883136,0.45802880790991013,0.202319156390965,0.412547090358857,0.02072873114015983,0.0058333333333333015,0.025800377523035965,0.1997710845970675,0.10652208679224702,0.12099560842654491,0.0,0.9999999987499999,0.6294607632115345,0.2966608849231337,0.27082169321959504,0.33105655652321203,angry,05,09,09,male,strong,994
70,2.3356666666666666,True,1.0,0.7231638418079094,0.6332260544201358,0.6781949481140226,1.8999924252450875,-0.06953703703703701,-0.07166666666666666,0.2856938273039976,0.6239931213833309,0.21139482318013636,0.35694613257552305,0.08993778738777358,0.002129629629629648,0.01476513296850015,0.14080732632714577,0.10552569093419613,0.11789241747267468,0.0,0.9999999987499999,0.6441755912208633,0.31670501549423,0.2983959180459781,0.4174303591348002,angry,05,09,09,male,strong,994
80,2.6693333333333333,True,1.0,0.349258538602991,0.32974910394265255,0.33950382127282175,0.9084787048667661,-0.05319444444444449,-0.05671296296296302,0.36598927070763043,0.2614463044353292,0.19814885430822513,0.37370586614092627,0.019509434660338443,0.003518518518518532,0.023702394809930263,0.3493176567850181,0.10976764160476456,0.11659769106855579,0.0,0.9999999987499999,0.6351072709708884,0.29144233012567444,0.31411939321790305,0.386091465425922,angry,05,09,09,male,strong,994
90,3.003,True,1.0,0.4294020074155398,0.40419253422699514,0.4167972708212675,0.5979438651582242,-0.060555555555555585,-0.061944444444444524,0.30295612664634064,0.45228904036920325,0.20660517772527054,0.6970508355512222,0.025209473188544662,0.0013888888888889395,0.02380273959619905,0.5470444874962588,0.11923429004292789,0.11160621563563938,0.0,0.9999999987499999,0.609880961361107,0.2980780701098771,0.3081343928690761,0.35947715898502325,angry,05,09,09,male,strong,994
100,3.336666666666667,True,1.0,0.6099004850254284,0.5880591206747652,0.5989798028500968,1.4586909879814367,-0.06638888888888889,-0.06995370370370374,0.32375020427561224,0.5996863541014145,0.1986126476545555,0.4106283015287398,0.021841364350663195,0.003564814814814854,0.03321173377365076,0.20148542953671147,0.12089354145098853,0.11372733057409491,0.0,0.9999999987499999,0.636689384785164,0.2905342450113905,0.3198347952046809,0.38751202090047865,angry,05,09,09,male,strong,994
110,3.6703333333333332,True,1.0,0.5389186538115258,0.5469162682878616,0.5429174610496936,0.8067668140519967,-0.06189814814814815,-0.06814814814814818,0.35254161881885554,0.3261289943767695,0.18961592732921567,0.6729546277726568,0.007997614476335735,0.006250000000000033,0.04523386026082287,0.36456429804608387,0.10579838027238991,0.11585272052519927,0.0,0.9999999987499999,0.663739866751388,0.31186579433926725,0.28951546762330377,0.4058890674054892,angry,05,09,09,male,strong,994
120,4.0040000000000004,True,1.0,0.546514990998389,0.5564501159564095,0.5514825534773993,0.7370140717021411,-0.059768518518518554,-0.06865740740740739,0.3513379240656217,0.29122186899483604,0.1896235720232068,0.7482659757143375,0.009935124958020514,0.008888888888888835,0.05814452106638937,0.39246843694818323,0.12156584982278797,0.11096689087487088,0.0,0.9999999987499999,0.6236078030587235,0.29719066779435155,0.3183945955938394,0.37714298182355754,angry,05,09,09,male,strong,994
0,0.0,True,1.0,0.5299567275306054,0.4875215885217372,0.5087391580261713,0.8090020079503191,-0.05949074074074068,-0.061342592592592615,0.36312784660463,0.19493878242043228,0.20014937203423658,0.6288478310642377,0.042435139008868195,0.0018518518518519378,0.021812710805099,0.3518560067831178,0.12037271340843952,0.11209019864678779,0.0,0.9999999987499999,0.6215109152098339,0.2924147685309028,0.3241675704255004,0.41591326825303243,angry,05,09,09,male,strong,995
10,0.33366666666666667,True,1.0,0.5341339069801558,0.5047273602023923,0.5194306335912741,0.7624273538516413,-0.057222222222222174,-0.06337962962962956,0.3839161781652468,0.1376120769164628,0.20139229841013495,0.6812854116096531,0.029406546777763554,0.006157407407407389,0.040042775813195736,0.38163136445775564,0.11741499763432328,0.11452120024587602,0.0,0.9999999987499999,0.6200277013539791,0.29763248584152646,0.3228876323578242,0.41178493938684246,angry,05,09,09,male,strong,995
20,0.6673333333333333,True,1.0,0.49262589965946413,0.5052757448200763,0.4989508222397702,0.8939487120397125,-0.05398148148148152,-0.06361111111111112,0.38972102710731804,0.22290499834453412,0.20280185597152176,0.5581425595449653,0.012649845160612183,0.009629629629629599,0.04888834910369801,0.33351198514349956,0.12242016894780844,0.11259115490112714,0.0,0.9999999987499999,0.6163267627988696,0.2987020229381208,0.33137081805491675,0.4140797188977144,angry,05,09,09,male,strong,995
30,1.0010000000000001,True,1.0,0.3438844052246785,0.5158158024787073,0.42985010385169287,0.8250719970735515,-0.05689814814814814,-0.0635648148148148,0.33406398665580067,0.29326083277479437,0.1963094972107659,0.5209849629805987,0.17193139725402878,0.006666666666666654,0.01665608884394888,0.3137397544490405,0.11147260186217753,0.11211622822882633,0.0,0.9999999987499999,0.6459062797150111,0.3041711292835293,0.23394816100075977,0.2990167397425304,angry,05,09,09,male,strong,995
40,1.3346666666666667,True,1.0,0.2695006439432017,0.30279742204939025,0.286149032996296,1.7856560441570293,-0.059444444444444466,-0.062037037037037,0.27891207941427054,0.8569928888231844,0.1722379725100789,0.16024868503238593,0.03329677810618853,0.0025925925925925353,0.020991641129877534,0.1914839973707105,0.11147867898436517,0.12093926945702257,0.0,0.9999999987499999,0.6283367337325555,0.2947549289444246,0.291187913128552,0.37274235213644835,angry,05,09,09,male,strong,995
50,1.6683333333333334,True,1.0,0.19312248728106085,0.1812712543677344,0.18719687082439762,1.452811024129538,-0.0652314814814815,-0.06583333333333335,0.29382452529706826,0.6922065664391542,0.17709410391571503,0.12885149390751488,0.01185123291332646,0.0006018518518518534,0.002435955932358137,0.2253024307616052,0.11224139803439113,0.12054824439521125,0.0,0.9999999987499999,0.6238454010197829,0.28825779863040174,0.28549517048074036,0.35426002384208294,angry,05,09,09,male,strong,995
60,2.0020000000000002,True,1.0,0.24368868394252918,0.25745415449169023,0.2505714192171097,0.6516191463759237,-0.05416666666666653,-0.05537037037037046,0.33244352068932737,0.14808316019825385,0.2076403586265802,0.3845366125453798,0.013765470549161052,0.0012037037037039289,0.02305158428912065,0.44798340444535134,0.10175242748098569,0.1216348999581156,0.0,0.9999999987499999,0.6458192153736494,0.31630593890447667,0.2706357857614687,0.37998742787930667,angry,05,09,09,male,strong,995
70,2.3356666666666666,True,1.0,0.2768610210405768,0.2646182630162497,0.2707396420284133,0.84784232670041,-0.05342592592592593,-0.05601851851851858,0.34846885381728454,0.18735069889729186,0.20908945271397997,0.3193278201644687,0.012242758024327116,0.0025925925925926463,0.0442322871183685,0.40128820334411386,0.11685977863452861,0.11722000866296806,0.0,0.9999999987499999,0.6046632673772635,0.29037261914084744,0.3058347488524708,0.37131091237557395,angry,05,09,09,male,strong,995
80,2.6693333333333333,True,1.0,0.42417803726651104,0.43722460579575445,0.4307013215311327,1.1593742341975513,-0.05916666666666659,-0.06092592592592594,0.25126794700111466,0.5790513014112669,0.2020837108700296,0.3714946467041664,0.013046568529243407,0.0017592592592593492,0.02686824939620779,0.2736103683061138,0.12085334730145918,0.11259171771153313,0.0,0.9999999987499999,0.6095273238592311,0.2911084090198703,0.31557711104235353,0.37616420247096277,angry,05,09,09,male,strong,995
90,3.003,True,1.0,0.5594937903918742,0.5499486343285277,0.554721212360201,1.1611738076710894,-0.059444444444444466,-0.06324074074074065,0.32539017903317796,0.46072605043837883,0.19590967732862752,0.4777245307253173,0.009545156063346494,0.0037962962962961866,0.03651049412318953,0.2500818967304217,0.12090360911115312,0.11065984064840435,0.0,0.9999999987499999,0.6243945964557698,0.28942921725748855,0.3244627544125988,0.396128274748946,angry,05,09,09,male,strong,995
100,3.336666666666667,True,1.0,0.5651327353730142,0.5506678733513355,0.5579003043621749,0.8728098552982243,-0.055787037037037024,-0.062407407407407356,0.33576939669240685,0.33364006439077165,0.19308084616518592,0.6392002805371049,0.014464862021678737,0.006620370370370332,0.04798718252959036,0.3338912489642932,0.12010236269601127,0.11339245532844006,0.0,0.9999999987499999,0.6204071557294794,0.2932241123658314,0.32034317870950896,0.3860006868074423,angry,05,09,09,male,strong,995
110,3.6703333333333332,True,1.0,0.5542225705192384,0.5494033424560947,0.5518129564876666,0.8157776410455687,-0.0568055555555555,-0.062222222222222234,0.34388143771522084,0.2998351168992132,0.19236150772904614,0.6764256933794079,0.004819228063143721,0.005416666666666736,0.042477204259196495,0.3516136459457768,0.1252990780818941,0.10937827462113295,0.0,0.9999999987499999,0.6155684516853617,0.28897195589343094,0.3236375284118885,0.38954577159002746,angry,05,09,09,male,strong,995
0,0.0,True,1.0,0.5077480425917811,0.468969193920688,0.4883586182562345,0.6559853391858923,-0.05222222222222217,-0.05592592592592599,0.34056390546967613,0.03724451291914202,0.22438207265393784,0.744465751113142,0.0387788486710931,0.00370370370370382,0.023719265383394538,0.4621267487107819,0.11894876971509187,0.11376773223100625,0.0,0.9405732151045154,0.5941830255227092,0.30470492583461695,0.3109342761699513,0.37262969199419854,fearful,06,09,09,male,normal,996
10,0.33366666666666667,True,1.0,0.5304932390543369,0.5090720576020961,0.5197826483282164,0.6210228162761878,-0.053611111111111165,-0.05662037037037043,0.3422335342987465,0.03693584275765578,0.2264549320260174,0.8369783439599958,0.02142118145224081,0.003009259259259267,0.02642427769074657,0.48409812172683864,0.1216105252947953,0.11211384608691755,0.0,0.9999999987499999,0.593725747291104,0.30410669510591304,0.3145479699779224,0.37427719667051973,fearful,06,09,09,male,normal,996
20,0.6673333333333333,True,1.0,0.5875721220856249,0.576214559910579,0.581893340998102,0.6108963192637986,-0.05055555555555552,-0.05189814814814819,0.3485084944095693,0.036333561019316014,0.22789866229949296,0.9525238942335605,0.01135756217504591,0.001342592592592673,0.02082932192908302,0.4707826937596308,0.11776198752433377,0.11383010750519322,0.0,0.9999999987499999,0.5912624922781612,0.30414851422617967,0.31528042521947014,0.37680291226717155,fearful,06,09,09,male,normal,996
30,1.0010000000000001,True,1.0,0.5880252066345324,0.6063650652883554,0.5971951359614439,0.6213553582877487,-0.05055555555555563,-0.0524074074074074,0.34266901085971907,0.029577741659634296,0.22579211711987884,0.9611169003307827,0.018339858653823038,0.0018518518518517713,0.021263077912462208,0.4709936042670327,0.11773684906881415,0.11485572313570641,0.0,0.9999999987499999,0.5975404343377976,0.30256804424813416,0.31106654287987806,0.3763449560744158,fearful,06,09,09,male,normal,996
40,1.3346666666666667,True,1.0,0.6013784312034142,0.6034805432017375,0.6024294872025758,0.5449209212458849,-0.05240740740740735,-0.05365740740740743,0.3648541569813333,-0.027898272858176136,0.23129750356683496,1.1055356175813653,0.0021021119983233305,0.0012500000000000844,0.016360902838464406,0.5525299517543824,0.12116668236989246,0.11377168831764924,0.0,0.9999999987499999,0.5973950778592687,0.30260542066380663,0.31321518160637934,0.3778985823759289,fearful,06,09,09,male,normal,996
50,1.6683333333333334,True,1.0,0.587793403523293,0.5620996450522434,0.5749465242877683,0.4922699361446175,-0.05083333333333334,-0.053333333333333344,0.34033385652398535,0.007448902583828399,0.22786350859534912,1.167949700098814,0.0256937584710496,0.0025000000000000022,0.019015185315616825,0.5795798648998175,0.12072594858934936,0.11205023872591718,0.0,0.9999999987499999,0.5982480807557398,0.3013938218805474,0.30923558486441505,0.3721312474716026,fearful,06,09,09,male,normal,996
60,2.0020000000000002,True,1.0,0.5737034721893641,0.5849323705954484,0.5793179213924062,0.6836780726765495,-0.05231481481481487,-0.054120370370370485,0.32592414647386597,0.06210689243009467,0.226445835390853,0.8473548363550978,0.01122889840608432,0.0018055555555556158,0.015841941499639276,0.4604495857656311,0.11713111322378397,0.11514294240378217,0.0,0.9999999987499999,0.6003335689432022,0.30268370037890024,0.30886469220672674,0.3714988787911355,fearful,06,09,09,male,normal,996
70,2.3356666666666666,True,1.0,0.5974212493342198,0.5982695816787301,0.597845415506475,0.6492218891852914,-0.05166666666666664,-0.053888888888888986,0.34372247443164217,0.051575261511908,0.2285803902431769,0.9208645387121978,0.0008483323445103164,0.0022222222222223476,0.020803968901246094,0.46186301926255346,0.1226655337594423,0.11113012697736169,0.0,0.9999999987499999,0.5957500961009403,0.30317972573112867,0.31384085929113265,0.37410092182169047,fearful,06,09,09,male,normal,996
80,2.6693333333333333,True,1.0,0.6019031494535669,0.5883017004029945,0.5951024249282807,0.6151920139842673,-0.05023148148148149,-0.05268518518518517,0.3441251522638225,0.02927124079664477,0.2271693262255664,0.9673441972598488,0.013601449050572478,0.00245370370370368,0.021717467234192697,0.48409812172683864,0.11896952167719119,0.11374603125050729,0.0,0.9999999987499999,0.5960001344053246,0.303600865938988,0.31459746369346264,0.37544898790765274,fearful,06,09,09,male,normal,996
90,3.003,True,1.0,0.5733544329747339,0.5748719672006735,0.5741132000877036,0.6492218891852911,-0.0509722222222222,-0.05291666666666661,0.34229422823071864,0.05157526151190797,0.228528649583977,0.8843096784801242,0.0015175342259395874,0.0019444444444444153,0.01595546671719616,0.47457026858024914,0.11802040399894388,0.1138971958193899,0.0,0.9999999987499999,0.5972199623364971,0.3037636865540022,0.3154427448140492,0.3764885492146984,fearful,06,09,09,male,normal,996
0,0.0,True,1.0,0.547020290507633,0.5874294290113803,0.5672248597595066,0.7957568898445236,-0.06393518518518515,-0.06296296296296294,0.331178715871704,0.26510721247563385,0.2124705353077531,0.7128117481588278,0.04040913850374728,0.0009722222222222077,0.029580638369368393,0.36429899455706116,0.12200533756369415,0.10996496022566361,0.0,0.9999999987499999,0.6212167694108893,0.2918822448991025,0.3263523748395665,0.3910183334168684,fearful,06,09,09,male,normal,997
10,0.33366666666666667,True,1.0,0.5475490492840014,0.5733544329747327,0.560451741129367,0.8184218143323075,-0.06546296296296289,-0.06208333333333338,0.32750720060989225,0.2595549010268865,0.211414823630188,0.6847957023073731,0.025805383690731265,0.0033796296296295103,0.01935919027787075,0.35730068702574413,0.11880391337074722,0.11206423808939049,0.0,0.9999999987499999,0.6206296859837684,0.2938569507646049,0.32775257299920857,0.3932367332510295,fearful,06,09,09,male,normal,997
20,0.6673333333333333,True,1.0,0.6111661026675194,0.6556643014512888,0.6334152020594042,0.8265276491599373,-0.0641666666666666,-0.0628703703703703,0.3286900109005053,0.2805653263397332,0.20931373769766293,0.7663569424485582,0.04449819878376948,0.0012962962962962954,0.013666379984852227,0.3505660575840994,0.12101553973966743,0.11190779128613176,0.0,0.9999999987499999,0.618231959416579,0.2949423803917529,0.33003648558400994,0.3970250003269601,fearful,06,09,09,male,normal,997
30,1.0010000000000001,True,1.0,0.5659582837331242,0.6162341768215084,0.5910962302773163,0.7967471633992108,-0.06458333333333333,-0.06342592592592594,0.33348988069019797,0.3063695259431551,0.20786840936191575,0.7418868336543384,0.050275893088384205,0.0011574074074073848,0.011388954979885778,0.3677024188366663,0.11855939283684075,0.11316781078657406,0.0,0.9999999987499999,0.6241633489333234,0.2933659428708911,0.3279724169772747,0.3953851216221754,fearful,06,09,09,male,normal,997
40,1.3346666666666667,True,1.0,0.5746588751172411,0.6162341768215084,0.5954465259693748,0.7893319179542191,-0.06347222222222221,-0.06259259259259259,0.34325334769883026,0.2380744434906568,0.21062541213279826,0.7543677284869537,0.041575301704267265,0.0008796296296296191,0.017557861937428865,0.3927879111463313,0.11638674537117276,0.1132345230556134,0.0,0.9999999987499999,0.6215297206851492,0.2947318257514445,0.3233279899932481,0.38911531556382567,fearful,06,09,09,male,normal,997
50,1.6683333333333334,True,1.0,0.5740156319325664,0.6256366885480534,0.5998261602403099,0.7153920221179876,-0.06333333333333335,-0.06384259259259267,0.3293718563405967,0.2409839493907668,0.21206798423256434,0.8384579946313439,0.05162105661548699,0.0005092592592593204,0.004405430460399618,0.43006328572181146,0.11989838678329576,0.10933528529249964,0.0,0.9999999987499999,0.6230710709987121,0.29523879547901904,0.32087376855004046,0.38047170758027715,fearful,06,09,09,male,normal,997
60,2.0020000000000002,True,1.0,0.5473443682057927,0.6071409568128416,0.5772426625093172,0.7392756192093776,-0.06365740740740738,-0.06194444444444441,0.3267339746862746,0.2515962314185812,0.21130220119229365,0.7808219931920014,0.05979658860704895,0.0017129629629629717,0.014552041440693475,0.4307276908843341,0.11716313422982338,0.11123850077541705,0.0,0.9999999987499999,0.6218370987691952,0.2951861666599992,0.3206779097728447,0.38446145940650367,fearful,06,09,09,male,normal,997
70,2.3356666666666666,True,1.0,0.6293404463525434,0.6632363649878998,0.6462884056702216,0.9036651710870872,-0.06259259259259259,-0.0631018518518518,0.3251248811425107,0.31933883050606215,0.20922077066308853,0.7151856974776978,0.03389591863535646,0.0005092592592592093,0.01609406363913504,0.3204469066429943,0.11830769709336832,0.11122598850490237,0.0,0.9999999987499999,0.6218741432432349,0.295319273190522,0.3190566144939082,0.3788857916578871,fearful,06,09,09,male,normal,997
80,2.6693333333333333,True,1.0,0.5839445433951639,0.62124953400679,0.6025970387009769,0.7727732228055295,-0.0618055555555555,-0.06166666666666676,0.33348818687841153,0.26267641419954324,0.21004937418471323,0.7797850920781997,0.037304990611626065,0.00013888888888874407,0.01406069023987154,0.3824032164334605,0.11812183947925203,0.11090920117722888,0.0,0.9999999987499999,0.6255160111388305,0.29563391090665037,0.3187171274176065,0.3818418489672283,fearful,06,09,09,male,normal,997
90,3.003,True,1.0,0.5005913930672884,0.5669111440493612,0.5337512685583248,0.8109636222813827,-0.06546296296296289,-0.06722222222222213,0.3342926789203137,0.265107212475634,0.20768965685593344,0.6581691877334632,0.06631975098207277,0.0017592592592592382,0.0187027349429966,0.3466673407427072,0.12053867082655387,0.11054139505729602,0.0,0.9999999987499999,0.6170776712325556,0.29480866709410586,0.31878535737074254,0.3841470158638882,fearful,06,09,09,male,normal,997
0,0.0,True,1.0,0.5395900877428618,0.6321093288153063,0.5858497082790841,0.7515559024102444,-0.062037037037037,-0.0658333333333333,0.32146619564005485,0.22015420630655666,0.21603473550437305,0.7795158103346145,0.09251924107244458,0.0037962962962962976,0.032438125243672046,0.36680641481857984,0.11689649966730481,0.10910067450482289,0.0,0.9999999987499999,0.6345151253157514,0.3028450346666447,0.29298034884975976,0.36927918314525476,fearful,06,09,09,male,normal,998
10,0.33366666666666667,True,1.0,0.5533835517604137,0.6243072022640269,0.5888453770122203,0.6989261561809678,-0.06009259259259253,-0.06277777777777771,0.33385858046789163,0.19047619047619102,0.2165498510994368,0.8425001293838471,0.07092365050361327,0.0026851851851851793,0.04058914090044068,0.3732403300751414,0.11706245754390589,0.11014017195607509,0.0,0.9999999987499999,0.6304707756149336,0.30210585080075414,0.2968394382824144,0.3701585682689549,fearful,06,09,09,male,normal,998
20,0.6673333333333333,True,1.0,0.5593589477153726,0.6676141866075478,0.6134865671614602,0.6612182654434625,-0.05995370370370373,-0.06328703703703709,0.3341345058803829,0.18090190071570927,0.2164666885897246,0.927812492823395,0.10825523889217514,0.003333333333333355,0.03640856319830355,0.41756358618088785,0.1200105588026812,0.10798410024742662,0.0,0.9999999987499999,0.6277569098889556,0.30363157600671725,0.2989288792986562,0.37169114449773144,fearful,06,09,09,male,normal,998
30,1.0010000000000001,True,1.0,0.6650933302409772,0.7309678419509067,0.6980305860959419,0.7215285245551103,-0.059675925925925855,-0.06074074074074065,0.3279911130321152,0.20017452818513726,0.21849853702049682,0.9674331122616988,0.06587451170992953,0.0010648148148147962,0.03660992992668332,0.3647587371143042,0.11561022224942336,0.11234397512046529,0.0,0.9999999987499999,0.6357441418207909,0.30040532228393957,0.2995154898366205,0.37954042541469707,fearful,06,09,09,male,normal,998
40,1.3346666666666667,True,1.0,0.6081669936995999,0.716171860207746,0.662169426953673,0.6487839814533931,-0.05870370370370365,-0.060462962962962885,0.3650569709099254,0.08639660252040723,0.22100362016898517,1.0206315906109367,0.10800486650814611,0.0017592592592592382,0.04524033863366028,0.43695414825905704,0.11358517327193049,0.11203501855080333,0.0,0.9999999987499999,0.6396114398884555,0.29975347984527106,0.3055524497415633,0.38804034449585356,fearful,06,09,09,male,normal,998
50,1.6683333333333334,True,1.0,0.6450717692089073,0.7257994213641012,0.6854355952865043,0.6628446514150036,-0.05902777777777779,-0.059444444444444466,0.32563504552339745,0.20178316727188256,0.21747645147106032,1.0340818075898701,0.08072765215519395,0.0004166666666666763,0.03978365540378546,0.4390407644211609,0.117324813346132,0.1105521614825352,0.0,0.9999999987499999,0.6251434631118072,0.32727843237315,0.31123927166269066,0.411435526614612,fearful,06,09,09,male,normal,998
60,2.0020000000000002,True,1.0,0.5958761988496538,0.6790080324311697,0.6374421156404118,0.7439344222782985,-0.06157407407407406,-0.06189814814814809,0.32240312649335023,0.21010101010100934,0.21737855212269694,0.8568525619344859,0.08313183358151588,0.0003240740740740322,0.04033936522582743,0.39164430371845205,0.11831350997192143,0.11121980519700213,0.0,0.9999999987499999,0.6175447123067976,0.29386215963352014,0.32330691903373315,0.3914980237131014,fearful,06,09,09,male,normal,998
70,2.3356666666666666,True,1.0,0.5509199828706612,0.6105702005284075,0.5807450916995344,0.7575970220953469,-0.064074074074074,-0.06347222222222221,0.3382017440657432,0.208670719730641,0.21512343695210218,0.7665620042873467,0.05965021765774625,0.0006018518518517979,0.02484054400923819,0.3907363353158443,0.11875286779881387,0.11092245961812887,0.0,0.8297893309341796,0.6177898106586385,0.2957891854234568,0.31826577551850144,0.38753246242032,fearful,06,09,09,male,normal,998
80,2.6693333333333333,True,1.0,0.5780997520661859,0.6064606631769727,0.5922802076215793,0.8108175940717101,-0.06374999999999992,-0.06078703703703703,0.3314179399484156,0.2260933675776877,0.21488213830018557,0.7304728115818329,0.028360911110786757,0.0029629629629628895,0.016930101858475714,0.3569711538461537,0.11975926122149423,0.1103542788133887,0.0,0.9999999987499999,0.6157013751672544,0.2997185340528701,0.3184660581694487,0.3849913339286846,fearful,06,09,09,male,normal,998
90,3.003,True,1.0,0.5581973818333172,0.5807721452476391,0.5694847635404782,0.7885033774866991,-0.06337962962962967,-0.06430555555555545,0.3352990132736902,0.22412781008105767,0.21568707241395063,0.7222350338633579,0.022574763414321852,0.0009259259259257746,0.01818336954029771,0.352855338672553,0.12049180999748214,0.11007444329600592,0.0,0.9999999987499999,0.615016075914741,0.2996531397610531,0.3198067770367239,0.383321968664297,fearful,06,09,09,male,normal,998
0,0.0,True,1.0,0.554511710920421,0.5866387195828355,0.5705752152516282,0.888953916561837,-0.06624999999999998,-0.06578703703703709,0.32950243217796205,0.2728713056972105,0.20880740332667266,0.6418501618828721,0.03212700866241458,0.0004629629629628873,0.01996092882869385,0.3260666119533832,0.11749059675575306,0.11174830418861365,0.0,0.9999999987499999,0.6178528037777612,0.29814429601214176,0.31611604046207975,0.3813749552626309,fearful,06,09,09,male,normal,999
10,0.33366666666666667,True,1.0,0.5422213929565263,0.6280575281834673,0.5851394605699968,0.8269295575275993,-0.0622685185185185,-0.0628703703703703,0.3313953488372095,0.24951267056530238,0.20947441860220473,0.7076049649494689,0.085836135226941,0.0006018518518517979,0.015443194085337009,0.3505660575840997,0.11570487832123252,0.11173612452911694,0.0,0.9999999987499999,0.6212961476309274,0.29857339738180366,0.3168646850126004,0.3875549508044429,fearful,06,09,09,male,normal,999
20,0.6673333333333333,True,1.0,0.5749675488550523,0.6656008958564275,0.6202842223557399,0.7841605291437223,-0.06013888888888891,-0.060324074074073974,0.34202444461680215,0.24105461393597014,0.2101423377032568,0.7910168891477745,0.09063334700137515,0.0001851851851850661,0.016778210428392913,0.3571545982942241,0.11759763344448261,0.11077906248821469,0.0,0.9999999987499999,0.6213679972457733,0.2980143242332707,0.32121338722321285,0.38997748502534324,fearful,06,09,09,male,normal,999
30,1.0010000000000001,True,1.0,0.5795601068948004,0.6507103165119568,0.6151352117033786,0.8117067199326534,-0.060879629629629506,-0.06027777777777782,0.3315166525906279,0.28056532633973286,0.20937824348677364,0.7578293940382997,0.07115020961715635,0.0006018518518516869,0.01637892141488696,0.3564501631966958,0.11451849269990215,0.11445973418255205,0.0,0.9999999987499999,0.6258199101828231,0.2966362433326249,0.3132502545230942,0.3851725920494334,fearful,06,09,09,male,normal,999
40,1.3346666666666667,True,1.0,0.6009666715661403,0.5924630253955289,0.5967148484808346,0.6580726117012059,-0.0640277777777778,-0.06328703703703698,0.38120486230420186,0.1409320096726209,0.2126295704470937,0.9067614088029688,0.00850364617061139,0.0007407407407408195,0.02369121549666661,0.44023900198473215,0.11537144084820398,0.11343210572454258,0.0,0.9999999987499999,0.6232880303215035,0.2972908126981691,0.3199090363511295,0.3849532210757044,fearful,06,09,09,male,normal,999
50,1.6683333333333334,True,1.0,0.5457326504110499,0.5634772232575714,0.5546049368343107,1.0140743847613183,-0.06310185185185185,-0.061574074074074114,0.3165190429405763,0.3378094238919354,0.21117217758995505,0.5469075495530316,0.017744572846521534,0.001527777777777739,0.027454615857647333,0.30708777511933333,0.12239481148702389,0.1114282209113858,0.0,0.9999999987499999,0.6087178463182148,0.29472538882294147,0.3328694409721087,0.3933253200790079,fearful,06,09,09,male,normal,999
60,2.0020000000000002,True,1.0,0.5519003367550656,0.5875721220856256,0.5697362294203456,0.7919636574060562,-0.06319444444444444,-0.06166666666666676,0.32306574612277483,0.2769070534934272,0.2083952137917121,0.7193969370847405,0.035671785330560035,0.0015277777777776835,0.02373716814603369,0.3826352966145629,0.11930355463190795,0.11373115870698712,0.0,0.9999999987499999,0.6101868182820004,0.29578604045260265,0.32851440434085344,0.3923712615579764,fearful,06,09,09,male,normal,999
70,2.3356666666666666,True,1.0,0.5304434817289547,0.5695490573799596,0.5499962695544571,0.9037818434086357,-0.06425925925925924,-0.06328703703703709,0.3191185154103948,0.2933184213952715,0.20977460082211372,0.6085498105163659,0.03910557565100492,0.0009722222222221522,0.01838808785350848,0.34582316945630537,0.11975715538795999,0.11308507591360127,0.0,0.9999999987499999,0.6107344732267908,0.29466355764040425,0.32613915206384164,0.386426802684345,fearful,06,09,09,male,normal,999
80,2.6693333333333333,True,1.0,0.5519154910207472,0.5744619778647118,0.5631887344427295,0.8640557212076938,-0.06402777777777774,-0.06296296296296294,0.3168187824432373,0.2799573097651435,0.20836299430781463,0.651796777244364,0.02254648684396454,0.0010648148148147962,0.023037383342615986,0.33377491438641993,0.12088970961509987,0.11153242073731716,0.0,0.9999999987499999,0.6098619337656938,0.29659154215971223,0.3298369585834579,0.38894081151874393,fearful,06,09,09,male,normal,999
90,3.003,True,1.0,0.56100932364169,0.5925692565665854,0.5767892901041377,0.8564388188670289,-0.06546296296296295,-0.06365740740740738,0.3243442229314891,0.3112858140548937,0.20493409202043844,0.6734740151867057,0.03155993292489545,0.0018055555555555602,0.016071103039396684,0.3373412552129484,0.11917704873807389,0.11217801115880906,0.0,0.9999999987499999,0.6133132692920918,0.2959513129128303,0.32676808494835335,0.38828923642893726,fearful,06,09,09,male,normal,999
0,0.0,True,1.0,0.6289186925008822,0.6546266116354581,0.6417726520681701,1.0690166774654506,-0.06763888888888892,-0.06671296296296297,0.3189328246274517,0.5178874292616681,0.19368683010433155,0.6003392328637562,0.02570791913457593,0.0009259259259259411,0.011802420103756622,0.2686194948722969,0.11486807589664233,0.11208743769670455,0.0,0.9999999987499999,0.6437087160645508,0.29899299141544305,0.32034659356232464,0.3911094226380449,fearful,06,09,09,male,strong,1000
10,0.33366666666666667,True,1.0,0.5873574303834712,0.6096959447614254,0.5985266875724483,0.9623303149101248,-0.06800925925925927,-0.06541666666666662,0.318717086338918,0.4647699910916198,0.1954451709893088,0.6219555575658517,0.0223385143779542,0.0025925925925926463,0.017635480361642964,0.30502929939340967,0.1140816574828716,0.11372846483148558,0.0,0.9999999987499999,0.638203628420118,0.29802750715919557,0.3197614384369941,0.3897268107784037,fearful,06,09,09,male,strong,1000
20,0.6673333333333333,True,1.0,0.5971963391553788,0.5913146073986598,0.5942554732770193,1.075322516604923,-0.06972222222222213,-0.06842592592592595,0.31888370361710505,0.5457283667498727,0.18691008021618244,0.5526299915612674,0.005881731756719022,0.0012962962962961844,0.017767453830841815,0.28161691735939465,0.10578192782440196,0.11685014998936627,0.0,0.9999999987499999,0.660099960413853,0.3253236100080359,0.30765055585862516,0.42065698968839516,fearful,06,09,09,male,strong,1000
30,1.0010000000000001,True,1.0,0.5418921284609102,0.5716556776146258,0.556773903037768,1.1391762550449795,-0.06976851851851851,-0.06749999999999995,0.31041792007298097,0.5276344436589909,0.19172397807097866,0.4887513241011016,0.029763549153715596,0.0022685185185185586,0.027042991795847716,0.2733363676401355,0.1155870131581373,0.11471699912675266,0.0,0.9999999987499999,0.6237787572685324,0.298281701652841,0.3342219162973162,0.40278563873737455,fearful,06,09,09,male,strong,1000
40,1.3346666666666667,True,1.0,0.527196711486118,0.49994579963064034,0.5135712555583791,0.7862000274053714,-0.06870370370370366,-0.0658333333333333,0.32841577109652587,0.36930374271897676,0.19312233139743268,0.6532323043198998,0.027250911855477677,0.0028703703703703565,0.021509847904846734,0.36034995539521253,0.11552378384883566,0.11593675214319023,0.0,0.9999999987499999,0.6269717455732294,0.2973707201311472,0.32603640935202055,0.39541339310782364,fearful,06,09,09,male,strong,1000
50,1.6683333333333334,True,1.0,0.5576529762071798,0.5608748490220149,0.5592639126145973,0.8635856305500768,-0.06824074074074077,-0.06634259259259262,0.31863060597128706,0.33395317965290744,0.1972411765958423,0.647606783658922,0.003221872814835103,0.0018981481481481488,0.02772078824516588,0.3400697443387737,0.11873740351899,0.11331778293305651,0.0,0.9999999987499999,0.6260550139352616,0.2980567442883486,0.33042480042566447,0.39067761552122865,fearful,06,09,09,male,strong,1000
60,2.0020000000000002,True,1.0,0.5734683387795956,0.5459953734167323,0.5597318560981639,0.8800498742836834,-0.0698611111111111,-0.06796296296296295,0.32620572181470797,0.32794999143916764,0.19654175282197442,0.636022880582487,0.027472965362863255,0.0018981481481481488,0.02013958069621744,0.3292178690244181,0.11598521943971353,0.11547512287946585,0.0,0.9999999987499999,0.6272664351052921,0.29832728532932623,0.3283234903009507,0.39268531412921215,fearful,06,09,09,male,strong,1000
70,2.3356666666666666,True,1.0,0.5737919363563815,0.5412543928303905,0.557523164593386,1.1024388451540768,-0.07087962962962963,-0.068425925925926,0.31738558383638515,0.526463745745186,0.19514866295738678,0.505717997006416,0.03253754352599103,0.0024537037037036247,0.017138141501093572,0.27741487348282934,0.11537997079346901,0.1172231423605321,0.0,0.9999999987499999,0.6295703618400486,0.2969999112508447,0.32347997029737335,0.39383640011982846,fearful,06,09,09,male,strong,1000
80,2.6693333333333333,True,1.0,0.5928056221357254,0.5698541124658856,0.5813298673008055,1.2016817635214534,-0.07064814814814818,-0.06953703703703706,0.3134474217535311,0.5432098765432107,0.19097262172464527,0.48376357613787413,0.02295150966983983,0.0011111111111111183,0.01571040929069555,0.26197852407468536,0.11754200504408699,0.11338712599164405,0.0,0.9999999987499999,0.6304674231333158,0.29926591434432787,0.3345254359254528,0.39723211252406193,fearful,06,09,09,male,strong,1000
90,3.003,True,1.0,0.6072906416234579,0.5807776101737262,0.5940341258985921,1.0067972880772877,-0.0708333333333333,-0.06865740740740739,0.3261997118220377,0.46405270183594916,0.1909758177139437,0.5900235657498021,0.026513031449731717,0.0021759259259259145,0.015202524202562202,0.290027860735389,0.11835530955371451,0.11388422002808166,0.0,0.9999999987499999,0.6288610727181497,0.2979242625349223,0.3296928957495715,0.396072913724348,fearful,06,09,09,male,strong,1000
0,0.0,True,1.0,0.578914601591453,0.5915548331926882,0.5852347173920707,1.1631001205537284,-0.06620370370370371,-0.06620370370370371,0.3327379387685481,0.479261262804215,0.1984156265284931,0.5031679621127133,0.012640231601235175,0.0,0.018944580278822794,0.25223082016921256,0.11651329150216552,0.11242850538526938,0.0,0.9999999987499999,0.620303845733606,0.2991987926528948,0.3387374268163642,0.40490834429038486,fearful,06,09,09,male,strong,1001
10,0.33366666666666667,True,1.0,0.6334441762690841,0.6098052854743743,0.6216247308717292,1.085311604383328,-0.07050925925925927,-0.0677314814814815,0.3322874588153998,0.4573222617332033,0.19764304478317019,0.5727615261470785,0.02363889079470982,0.002777777777777768,0.02241783831692729,0.27466868449880755,0.11553713724810073,0.11359925080326971,0.0,0.9999999987499999,0.6247279853269433,0.2996610294338602,0.3412206241098092,0.4090219443860026,fearful,06,09,09,male,strong,1001
20,0.6673333333333333,True,1.0,0.6194895246768874,0.6255320955627711,0.6225108101198293,0.9937486590171614,-0.0710648148148148,-0.0702314814814814,0.33478929203408453,0.4502749701181888,0.19759362818968182,0.6264268177584318,0.006042570885883669,0.0008333333333334081,0.015229175854441723,0.28167281432850466,0.11680556510335312,0.11447895503458423,0.0,0.9999999987499999,0.6239692949445403,0.30014393767956987,0.3398187309659953,0.4081929415160247,fearful,06,09,09,male,strong,1001
30,1.0010000000000001,True,1.0,0.6389887482814638,0.6219492728326677,0.6304690105570657,1.0300196312280572,-0.06907407407407412,-0.06662037037037027,0.3281403693185227,0.459392430575169,0.19415280708761332,0.6120941693173159,0.017039475448796138,0.0024537037037038467,0.016150193143970596,0.27725667814565563,0.11397193381984591,0.11316700401574699,0.0,0.9999999987499999,0.6282267172103216,0.2980662423919661,0.3348281820698372,0.40962057100422344,fearful,06,09,09,male,strong,1001
40,1.3346666666666667,True,1.0,0.6957763627649819,0.7247482446428046,0.7102623037038933,0.7423987002332686,-0.06703703703703706,-0.06569444444444444,0.34536692164443444,0.34778453288440103,0.19281905681094835,0.9567127521650055,0.028971881877822736,0.0013425925925926174,0.01944315043006611,0.3864799864809537,0.11529812124496287,0.11061640068965875,0.0,0.9999999987499999,0.6321313546356042,0.30356101735302393,0.31868518866816004,0.3809415136547791,fearful,06,09,09,male,strong,1001
50,1.6683333333333334,True,1.0,0.6718920070802704,0.711311935554996,0.6916019713176332,1.0990173666574723,-0.06884259259259257,-0.06740740740740742,0.3263575290145016,0.45228904036920325,0.19341090101756594,0.6292912125866187,0.03941992847472564,0.0014351851851851505,0.022312773411389163,0.25671466026710915,0.11564623009792681,0.11162627785998731,0.0,0.9999999987499999,0.628232028217537,0.3010086066287893,0.325036158493441,0.3850127582468262,fearful,06,09,09,male,strong,1001
60,2.0020000000000002,True,1.0,0.63061419855539,0.6063437040225048,0.6184789512889475,0.7659107266466579,-0.07009259259259254,-0.06717592592592586,0.3408665565059435,0.26791621109843317,0.19868638776562578,0.807507885412178,0.024270494532885212,0.0029166666666666785,0.021737221837325214,0.37103874198338005,0.11496006278199424,0.11484868141159303,0.0,0.9999999987499999,0.6290502902723589,0.29839888023336486,0.33187841998179407,0.40196203232831923,fearful,06,09,09,male,strong,1001
70,2.3356666666666666,True,1.0,0.6658233516126904,0.6142191252605018,0.6400212384365961,1.3207546561798043,-0.07333333333333336,-0.06888888888888889,0.30792215437787274,0.6179008587189273,0.19379764094220966,0.48458753141012223,0.05160422635218853,0.004444444444444473,0.021199927010701138,0.23827009729531004,0.11686960494754656,0.11307358243379272,0.0,0.9999999987499999,0.6313959875981642,0.2975096909473873,0.3333434518653661,0.4056238831022203,fearful,06,09,09,male,strong,1001
80,2.6693333333333333,True,1.0,0.6668497469966106,0.6529206397071755,0.659885193351893,1.2016817635214534,-0.07240740740740736,-0.07004629629629633,0.31599064059686777,0.6255144032921817,0.18194821833481406,0.5491347321591539,0.013929107289435083,0.002361111111111036,0.018779701545564426,0.2465680226585272,0.11775259731817886,0.1133366360139531,0.0,0.9999999987499999,0.6351790461340786,0.30087204220505415,0.32850277764907415,0.39307122164631647,fearful,06,09,09,male,strong,1001
90,3.003,True,1.0,0.5833175572452745,0.5770149876487533,0.5801662724470138,1.324794866851403,-0.07208333333333333,-0.07208333333333339,0.31257364524243153,0.6623806429498941,0.18405430888416377,0.4379291367771346,0.006302569596521201,5.551115123125783e-17,0.010535264855338851,0.21360218040311546,0.11584008990787519,0.11578537321273918,0.0,0.9999999987499999,0.6304511201121074,0.30246324483184384,0.32611532123390197,0.39312117385336803,fearful,06,09,09,male,strong,1001
0,0.0,True,1.0,0.6814705612135655,0.6812843791583607,0.6813774701859632,1.311237370346084,-0.06874999999999998,-0.06995370370370368,0.32045377981855677,0.6719925413639171,0.18851450800021335,0.5196446391747686,0.0001861820552048199,0.0012037037037037068,0.011220393856678761,0.22809795654813078,0.11437531983533744,0.11292813049366858,0.0,0.9999999987499999,0.6348566097220139,0.30311035062399166,0.3206699557671728,0.39124750380759105,fearful,06,09,09,male,strong,1002
10,0.33366666666666667,True,1.0,0.6427446666173888,0.6441030111233103,0.6434238388703495,1.2201048784253612,-0.067037037037037,-0.06847222222222221,0.32223430118419505,0.6020089447922775,0.18742572333610022,0.5273512550009121,0.0013583445059214272,0.001435185185185206,0.008478536170389754,0.22551477491299665,0.10518320690496079,0.11641152480337176,0.0,0.9999999987499999,0.6627620491165216,0.3238728776839824,0.3120900073945987,0.43539557106901805,fearful,06,09,09,male,strong,1002
20,0.6673333333333333,True,1.0,0.6597785688001633,0.670025165749822,0.6649018672749927,1.0363061535983247,-0.07092592592592589,-0.06986111111111115,0.32889318262607203,0.5420475378564152,0.19013346128454986,0.6416075644888147,0.010246596949658682,0.0010648148148147407,0.005863589456650962,0.2773397134527503,0.11403513318348937,0.11140611034034262,0.0,0.9999999987499999,0.6312828439735269,0.30167190934237653,0.33019007412637386,0.39050153990417874,fearful,06,09,09,male,strong,1002
30,1.0010000000000001,True,1.0,0.6464080294388581,0.6515305245760827,0.6489692770074704,0.9430546266233031,-0.06800925925925932,-0.0681018518518518,0.32905738615281355,0.4635142598145165,0.1858917208466808,0.6881566122327046,0.005122495137224625,9.259259259247754e-05,0.01340568953088865,0.29602299250603575,0.10500452269377943,0.11738705240877668,0.0,0.9999999987499999,0.659801493011267,0.32318447253230587,0.3050430855564509,0.42882181005960585,fearful,06,09,09,male,strong,1002
40,1.3346666666666667,True,1.0,0.6425848780355176,0.6441030111233103,0.6433439445794139,0.8866656378575667,-0.07435185185185184,-0.07282407407407404,0.34418235367450406,0.43550485923976573,0.19415280708761337,0.7255767192398632,0.0015181330877926946,0.0015277777777777946,0.008548900790260359,0.36239155591237504,0.11296608766032298,0.11078337684254405,0.0,0.9999999987499999,0.633532071922519,0.30006763207578907,0.3270525202264026,0.3868948225687823,fearful,06,09,09,male,strong,1002
50,1.6683333333333334,True,1.0,0.6153468771412061,0.5951793746480577,0.6052631258946319,0.701192210411087,-0.07537037037037042,-0.07055555555555548,0.3215944069717246,0.4075304380489128,0.19479725633815062,0.8631914572179648,0.02016750249314836,0.004814814814814938,0.016752812828315505,0.4053845383885092,0.10626944236325629,0.11722243456017797,0.0,0.9999999987499999,0.6628712607230393,0.32022002535947736,0.30672772122926556,0.42444266383582285,fearful,06,09,09,male,strong,1002
60,2.0020000000000002,True,1.0,0.6242327983394188,0.6000425497691748,0.6121376740542968,0.9816879299388799,-0.07763888888888898,-0.06958333333333333,0.33615052797471306,0.38766987489079907,0.19467031771769588,0.6235562803470637,0.02419024857024399,0.008055555555555649,0.0176052519171733,0.3099458215167882,0.11309219632923811,0.11387898699253783,0.0,0.9999999987499999,0.6330189369107018,0.30014612271901325,0.3229367676089702,0.38367111854810054,fearful,06,09,09,male,strong,1002
70,2.3356666666666666,True,1.0,0.62821898093632,0.6057342658532227,0.6169766233947713,0.9042727321797437,-0.08129629629629637,-0.07041666666666663,0.34004957641866085,0.4520541944301043,0.19251969308138642,0.6822904212842437,0.02248471508309735,0.010879629629629739,0.015650573109858647,0.33405589541333375,0.10568556399541523,0.11710012518113981,0.0,0.9999999987499999,0.663309778278499,0.3215163640802452,0.300632349054017,0.41814096650045685,fearful,06,09,09,male,strong,1002
80,2.6693333333333333,True,1.0,0.61952861952862,0.6103545164890527,0.6149415680088364,1.0791537334086032,-0.08027777777777784,-0.0704629629629629,0.33025940508255325,0.5394107961911515,0.18763178962148844,0.5698368536116617,0.009174103039567338,0.009814814814814943,0.015504570693768658,0.2728939242558663,0.1049369239256584,0.11744748552557333,0.0,0.9999999987499999,0.6636305059836435,0.32322839773312523,0.3031332497340321,0.4185632785498942,fearful,06,09,09,male,strong,1002
90,3.003,True,1.0,0.6019064546991388,0.5770144165909077,0.5894604356450233,1.2074894708085597,-0.07990740740740743,-0.07013888888888886,0.3205707070234863,0.5708460754332324,0.18831156847136002,0.48817024901286177,0.02489203810823115,0.009768518518518565,0.007195887701103165,0.2583265635398997,0.10716968734654621,0.11623617213114458,0.0,0.9999999987499999,0.6644077480445304,0.323438307658836,0.30582050196285626,0.4196628295486388,fearful,06,09,09,male,strong,1002
0,0.0,True,1.0,0.569972512941931,0.6337640492116657,0.6018682810767984,1.2119343135009426,-0.07208333333333333,-0.07305555555555554,0.3331873171575581,0.5739326871420857,0.19006303858125995,0.49661790607955275,0.06379153626973477,0.0009722222222222077,0.006141497026889985,0.24559648203703702,0.11466029417923371,0.11093445771063365,0.0,0.9999999987499999,0.6296085671377927,0.3045230880871065,0.316644511820195,0.383008807761297,fearful,06,09,09,male,strong,1003
10,0.33366666666666667,True,1.0,0.5423587472359293,0.577297834084147,0.5598282906600381,1.3456152335531004,-0.07249999999999995,-0.07472222222222213,0.3144056052672178,0.6641349029477653,0.1896003886257059,0.41603890673993793,0.03493908684821778,0.002222222222222181,0.012737303595531978,0.2193110353740194,0.11963413810512072,0.1092762227918648,0.0,0.9999999987499999,0.6268671039431397,0.3030436863281482,0.3282734689887237,0.39073230541721515,fearful,06,09,09,male,strong,1003
20,0.6673333333333333,True,1.0,0.5304932390543369,0.5514165835092721,0.5409549112818045,0.9778104428348583,-0.07481481481481483,-0.07773148148148151,0.32433918819487606,0.5294379677424151,0.19282390256442172,0.5532308590543106,0.020923344454935267,0.0029166666666666785,0.014414851191066174,0.30970114352171024,0.1168161303347119,0.10988246582475851,0.0,0.9999999987499999,0.625038593773447,0.30345862575531607,0.3315760793826295,0.389453425870953,fearful,06,09,09,male,strong,1003
30,1.0010000000000001,True,1.0,0.6603727952021731,0.6677622252148945,0.6640675102085338,1.2546619176506661,-0.07041666666666668,-0.07097222222222221,0.32233197372815664,0.6271803617871679,0.19095060345594622,0.5292800401975931,0.00738943001272141,0.0005555555555555314,0.0004125479129677299,0.2413630381485293,0.11125372420199751,0.1128410842365742,0.0,0.9999999987499999,0.6297440464935974,0.30119444241031057,0.31697515445634544,0.3798849526793461,fearful,06,09,09,male,strong,1003
40,1.3346666666666667,True,1.0,0.5136907439465346,0.49041092061664027,0.5020508322815874,0.9610066177049414,-0.07583333333333336,-0.07699074074074075,0.32143490606694464,0.5044398110265476,0.18485599221902047,0.5224218262727224,0.02327982332989431,0.0011574074074073848,0.02180054420719959,0.3097691617048556,0.12013107468064861,0.11132701368976648,0.0,0.9999999987499999,0.6340353773853291,0.2975979636144431,0.3347805684069726,0.3959499984218269,fearful,06,09,09,male,strong,1003
50,1.6683333333333334,True,1.0,0.5325372039111649,0.5091238539130949,0.5208305289121299,0.9128402940890478,-0.07560185185185192,-0.07740740740740737,0.32363927553409405,0.47241188651692556,0.1882272789446145,0.570560406113408,0.023413349998069988,0.0018055555555554492,0.007425227015636649,0.30590615754635775,0.11945506325868079,0.11273013231990223,0.0,0.9999999987499999,0.6346216442905287,0.29830310737150484,0.3284777703182137,0.3852262755037858,fearful,06,09,09,male,strong,1003
60,2.0020000000000002,True,1.0,0.5416831860477213,0.541254392830391,0.5414687894390562,0.8352555840723589,-0.07694444444444454,-0.0768518518518519,0.3551006575110354,0.37364877823450626,0.18959339380643883,0.6482671888274958,0.0004287932173302478,9.259259259264407e-05,0.019805758912638357,0.34582316945630537,0.11357280889939832,0.11423662006893737,0.0,0.9999999987499999,0.636192487369948,0.29808334251465257,0.3296997605856997,0.39144467167144653,fearful,06,09,09,male,strong,1003
70,2.3356666666666666,True,1.0,0.583208232936276,0.5311294710767334,0.5571688520065047,1.190498826965079,-0.07773148148148146,-0.07763888888888903,0.31858416878224727,0.6604626189196692,0.1854203698863569,0.4680129365829675,0.05207876185954263,9.259259259242203e-05,0.021679412273503295,0.254273273366606,0.12161307372378818,0.11177068824641952,0.0,0.9999999987499999,0.6341482473927071,0.29795718966443635,0.3356070616424454,0.3992791141094177,fearful,06,09,09,male,strong,1003
80,2.6693333333333333,True,1.0,0.6307717071265124,0.5400582923944443,0.5854149997604783,1.2884404227196933,-0.07763888888888887,-0.07712962962962966,0.3166916860902805,0.7256934948623522,0.18157971088822117,0.45435938630733125,0.09071341473206818,0.0005092592592592093,0.019041347665256527,0.23494453319970945,0.11479898317898082,0.11500969140855266,0.0,0.9999999987499999,0.641560105729792,0.29938953108243166,0.3283461656384641,0.39548560468649696,fearful,06,09,09,male,strong,1003
90,3.003,True,1.0,0.6264375835826802,0.5759121816387245,0.6011748826107024,1.3856338290759445,-0.07629629629629625,-0.07490740740740742,0.3146182392843263,0.7498560060100008,0.1790253837063009,0.4338627348695836,0.05052540194395572,0.0013888888888888284,0.018586213390693017,0.2117600691020191,0.11561158053580581,0.11435952977494876,0.0,0.9999999987499999,0.6379306318386728,0.3006665739404836,0.32860408367661387,0.3932741508400285,fearful,06,09,09,male,strong,1003
0,0.0,True,1.0,0.3220593519158024,0.3385230241418078,0.3302911880288051,0.7058789959988021,-0.0467129629629629,-0.04902777777777784,0.4186293258555137,0.012604346230633041,0.2030725389281963,0.4679147416214742,0.016463672226005366,0.002314814814814936,0.006229623648370469,0.4222314598678084,0.11702661702752049,0.1150837166159125,0.0,0.9999999987499999,0.6218637907663065,0.3038498617599606,0.313956458589149,0.38949539995183496,disgust,07,09,09,male,normal,1004
10,0.33366666666666667,True,1.0,0.20260624701078747,0.2118672891061369,0.2072367680584622,0.7078879948428826,-0.061481481481481415,-0.06944444444444442,0.4220240333803468,-0.03725000835407102,0.2078871270499327,0.2927536129560424,0.00926104209534942,0.007962962962963005,0.01942843842045751,0.415875234459363,0.11665480035654677,0.11529546621154717,0.0,0.9999999987499999,0.6215153954003476,0.30544379140259076,0.3130850095494864,0.3836747289044114,disgust,07,09,09,male,normal,1004
20,0.6673333333333333,True,1.0,0.26800265181086586,0.2626314047688307,0.26531702828984827,0.7166284375343327,-0.05013888888888879,-0.05787037037037035,0.42499192500722216,-0.0251448574573449,0.20353824613327462,0.37022955606215013,0.0053712470420351766,0.007731481481481561,0.006315993152448404,0.42579028916207223,0.11694986404399436,0.1148303632674129,0.0,0.9999999987499999,0.6157817123411865,0.30533508065630965,0.3125264104459555,0.39050028322175434,disgust,07,09,09,male,normal,1004
30,1.0010000000000001,True,1.0,0.30651340996168536,0.3323087223189837,0.31941106614033454,0.7237864144989475,-0.0507407407407407,-0.0537037037037037,0.4248164369512317,0.0317434725367208,0.20049377523067888,0.44130569425160027,0.025795312357298317,0.0029629629629630005,0.0036890974499577288,0.4045855632064731,0.11182968243338486,0.11462145886740836,0.0,0.9999999987499999,0.6411249194130777,0.29990820148750486,0.30150486778638047,0.3843419177760269,disgust,07,09,09,male,normal,1004
40,1.3346666666666667,True,1.0,0.323063600263717,0.32955998128775926,0.32631179077573813,0.6170512523167062,-0.04754629629629631,-0.04995370370370372,0.4029871635266491,-0.013127809901629124,0.20221957827971743,0.528824452670029,0.006496381024042264,0.0024074074074074137,0.0056785217372652,0.47916166908965324,0.11598306828012081,0.11464939279030856,0.0,0.9999999987499999,0.6326940068058473,0.3000784351185115,0.3096739423736108,0.382361011667318,disgust,07,09,09,male,normal,1004
50,1.6683333333333334,True,1.0,0.22651913328464504,0.25327091648603006,0.23989502488533754,0.6240864717960536,-0.05129629629629634,-0.05532407407407408,0.3843149954090298,0.027735009811262472,0.20213769135755233,0.384393887268451,0.02675178320138502,0.004027777777777741,0.009489139178719727,0.5129414843668774,0.1142921959435349,0.1169883119437376,0.0,0.9999999987499999,0.639566545751113,0.3012794921785899,0.3038107713797979,0.3748767286649292,disgust,07,09,09,male,normal,1004
60,2.0020000000000002,True,1.0,0.2847697406389666,0.2915632462551475,0.288166493447057,0.6575266689082132,-0.04800925925925931,-0.05282407407407408,0.37883990017299923,0.02097888472545938,0.20494488800911737,0.4382582594338593,0.006793505616180917,0.004814814814814772,0.020448275841813444,0.4785863232048155,0.1146041586919987,0.11569889502608198,0.0,0.9999999987499999,0.6381481907450479,0.30266379660575476,0.3079426559515263,0.3784907441403052,disgust,07,09,09,male,normal,1004
70,2.3356666666666666,True,1.0,0.3556021253024782,0.4122958142956045,0.38394896979904136,0.7503279290457606,-0.048194444444444484,-0.05254629629629631,0.36974601200713997,0.07214691625439984,0.20355657074002792,0.511708221080526,0.05669368899312632,0.004351851851851829,0.016760154907933252,0.4223130806761824,0.11827379379477225,0.11296141326584713,0.0,0.9999999987499999,0.6383012731967788,0.30221011916783147,0.31369670048481074,0.3827743895691193,disgust,07,09,09,male,normal,1004
80,2.6693333333333333,True,1.0,0.3117392514885919,0.3544598093092602,0.33309953039892604,0.7655643129942145,-0.04949074074074067,-0.0503703703703704,0.38870143313037575,0.041010305098292746,0.20768334385255344,0.43510326271104977,0.0427205578206683,0.0008796296296297301,0.010211963484466274,0.43226681895528396,0.11278409607163231,0.11763587514060844,0.0,0.9999999987499999,0.6325782678071229,0.3037271039730537,0.3107489985493026,0.3834850364579523,disgust,07,09,09,male,normal,1004
90,3.003,True,1.0,0.15863705711994824,0.15492840102971053,0.15678272907482937,0.7724652561726292,-0.05717592592592585,-0.06375000000000008,0.407125849677952,0.0,0.20982732995064726,0.20296411757293567,0.003708656090237711,0.006574074074074232,0.031380382751512094,0.3948808627787728,0.11369924278087531,0.11593279907046221,0.0,0.9999999987499999,0.6210894501785088,0.30878659769767186,0.3128176145865115,0.3894491206834117,disgust,07,09,09,male,normal,1004
100,3.336666666666667,True,1.0,0.17682698453929213,0.1780532658035605,0.17744012517142632,0.6836438763657439,-0.0531018518518519,-0.06129629629629629,0.3957566086787904,-0.03938342970488735,0.2118865867382552,0.2595505222904934,0.0012262812642683807,0.008194444444444393,0.035686109570896386,0.43376435234113087,0.1161198305522038,0.11599860290017228,0.0,0.9999999987499999,0.6149148560127176,0.3118994352313114,0.3120745377462094,0.38704694771842146,disgust,07,09,09,male,normal,1004
0,0.0,True,1.0,0.364298724954462,0.3620767270529193,0.36318772600369065,0.5662544951048857,-0.04995370370370367,-0.05166666666666664,0.4108914192198776,0.046086539097170594,0.20545611568088934,0.6413860360374154,0.002221997901542705,0.0017129629629629717,0.005574831544310074,0.5383041399601839,0.11592423531578766,0.11370797410966188,0.0,0.9999999987499999,0.6267658408832283,0.3008354776272328,0.31198037570519327,0.38686973375455025,disgust,07,09,09,male,normal,1005
10,0.33366666666666667,True,1.0,0.17808939170220528,0.1754330594390482,0.17676122557062673,0.5602041037106422,-0.06412037037037016,-0.06481481481481483,0.39604618360808275,0.02000549531961741,0.20841571450629237,0.31553004413892655,0.0026563322631570907,0.000694444444444664,0.025157195854552367,0.5624495593604352,0.11576069747422223,0.1155354149395609,0.0,0.9999999987499999,0.6304821429978242,0.29963653484571745,0.3104645259917145,0.3795638811723417,disgust,07,09,09,male,normal,1005
20,0.6673333333333333,True,1.0,0.35887174583430104,0.34330405789483254,0.3510879018645668,0.5372323180642969,-0.05097222222222231,-0.052499999999999936,0.38196171534874823,0.06196257020693216,0.2083391926259381,0.6535122517006655,0.0155676879394685,0.001527777777777628,0.002474326337542035,0.605517357478588,0.11547719162453857,0.11647491227602134,0.0,0.9999999987499999,0.6306787443180396,0.3019539292944597,0.306388607428689,0.38225716067608345,disgust,07,09,09,male,normal,1005
30,1.0010000000000001,True,1.0,0.3175512597527721,0.34676612208778584,0.33215869092027894,0.7573203025291608,-0.04569444444444448,-0.048888888888888926,0.3804325618476521,0.17211825057480964,0.19881421591760165,0.43859736733716986,0.029214862335013747,0.003194444444444444,0.004680128011764531,0.45000000000000023,0.11360318846228709,0.11635486743443044,0.0,0.9999999987499999,0.6397363100083784,0.30141577216481436,0.30985814999130185,0.3849136655866303,disgust,07,09,09,male,normal,1005
40,1.3346666666666667,True,1.0,0.20157670194952446,0.22699197024489168,0.21428433609720807,0.6645823733813301,-0.05032407407407408,-0.0528703703703704,0.3669869751830354,0.13002698609634789,0.19526552289985197,0.32243457647988816,0.02541526829536722,0.0025462962962963243,0.003716099420988454,0.4891304347826096,0.12342990033998774,0.10888969839350916,0.0,0.9999999987499999,0.5960621778633328,0.28059220645131133,0.3376671522060602,0.3423801979023725,disgust,07,09,09,male,normal,1005
50,1.6683333333333334,True,1.0,0.2614424427208177,0.26885511702646464,0.26514877987364116,0.8307272922351213,-0.04972222222222228,-0.05467592592592602,0.3793966934973467,0.1900039674167861,0.19807080072715028,0.31917668090600776,0.00741267430564696,0.004953703703703738,0.010613835763387288,0.40061844965255333,0.11318964431110541,0.1156093265815554,0.0,0.9999999987499999,0.6356944252232143,0.3085174885368518,0.3165062217798442,0.38599093557066866,disgust,07,09,09,male,normal,1005
60,2.0020000000000002,True,1.0,0.2362747674543961,0.26304334487625863,0.24965905616532735,0.7420906415622602,-0.04958333333333337,-0.0532407407407407,0.36596742320053344,0.1745670964361227,0.20155588760357973,0.336426633328432,0.026768577421862533,0.0036574074074073315,0.01301737350792891,0.45252070200112426,0.11179382010146958,0.11597814480839096,0.0,0.9999999987499999,0.6313852609324979,0.30945164338748976,0.3072387450372363,0.3718503747756808,disgust,07,09,09,male,normal,1005
70,2.3356666666666666,True,1.0,0.2662888808949475,0.2631878857574578,0.26473838332620264,0.664897108637896,-0.0490740740740741,-0.05277777777777776,0.36484187313355004,0.14035620247909186,0.20295979823491242,0.3981644376053071,0.003100995137489737,0.0037037037037036535,0.00839279116377515,0.4879681055399427,0.11773401299360332,0.11369158859486496,0.0,0.9999999987499999,0.6307766109178046,0.3092080394009394,0.3140956858276986,0.37786083273182647,disgust,07,09,09,male,normal,1005
80,2.6693333333333333,True,1.0,0.20233577913568052,0.18202223285004474,0.19217900599286264,0.801550413842343,-0.05800925925925926,-0.062453703703703733,0.3734603416372933,0.17176080296621676,0.20642895881891785,0.23975910020634375,0.02031354628563578,0.004444444444444473,0.007721698510777701,0.41221732207105705,0.11245300488744743,0.11746685190342139,0.0,0.9999999987499999,0.6378552097166992,0.3034745287583042,0.3049509607904238,0.38024769378358464,disgust,07,09,09,male,normal,1005
90,3.003,True,1.0,0.3340080365849378,0.3035538324332522,0.31878093450909495,0.834270982783577,-0.04930555555555555,-0.052592592592592635,0.3603824042297538,0.14635620398322385,0.20705096229385264,0.3821071823036086,0.030454204151685593,0.0032870370370370883,0.014051194031630762,0.40610405823639567,0.1167252650603312,0.11472701351407943,0.0,0.7071067807446058,0.6315734781490722,0.30418568163625836,0.3094051890834226,0.38473770948618563,disgust,07,09,09,male,normal,1005
100,3.336666666666667,True,1.0,0.3066860093364892,0.28916982332555036,0.2979279163310198,0.7616084582815849,-0.050509259259259254,-0.05402777777777784,0.3808789056874133,0.1522500463985227,0.20625591847568886,0.3911825204820253,0.01751618601093885,0.0035185185185185874,0.006520954114713775,0.44293404652353263,0.11413015166235616,0.11567343747966652,0.0,0.9999999987499999,0.6295941500193828,0.3032872817605388,0.3134881060356652,0.3963374714982623,disgust,07,09,09,male,normal,1005
0,0.0,True,1.0,0.3270573629402935,0.3324115307354875,0.3297344468378905,0.7308847406185746,-0.04958333333333331,-0.057731481481481495,0.41401436918817314,0.06793600796047089,0.21001240329791482,0.45114424821460103,0.0053541677951940425,0.008148148148148182,0.04889989746475901,0.4547159075587017,0.11506432898297503,0.11424501744151268,0.0,0.9981810657133255,0.6242466787965186,0.3050236577050606,0.32170543586826855,0.39940454520514973,disgust,07,09,09,male,normal,1006
10,0.33366666666666667,True,1.0,0.17706625600716072,0.196496852319016,0.18678155416308836,0.6042903578413749,-0.058796296296296346,-0.06856481481481475,0.40801264734919657,0.03129985315854943,0.20521366222194712,0.3090923953019919,0.019430596311855286,0.009768518518518399,0.04816211364398488,0.532895516868792,0.11252462878670368,0.1167472985998164,0.0,0.9999999987499999,0.6249499974911839,0.3029429367005594,0.3078164514331327,0.3778302705084491,disgust,07,09,09,male,normal,1006
20,0.6673333333333333,True,1.0,0.245917497148783,0.2745288411102285,0.26022316912950577,0.6446926744570884,-0.0495370370370371,-0.05564814814814817,0.41235154112132394,0.07075518821457155,0.20042987824881575,0.4036390972623446,0.028611343961445518,0.006111111111111067,0.027461546464370667,0.4809342078687488,0.11593516954004415,0.1125177343384665,0.0,0.9999999987499999,0.6288030224199055,0.3024842363822339,0.3056189245263277,0.3810969283096676,disgust,07,09,09,male,normal,1006
30,1.0010000000000001,True,1.0,0.3571146314730456,0.38414675980944757,0.3706306956412466,0.79160869175056,-0.04972222222222217,-0.05189814814814819,0.4071107894307696,0.13192898442536322,0.19535624510109728,0.4681993761610114,0.02703212833640195,0.0021759259259260255,0.004600229795931799,0.39689446646455023,0.10793233243514945,0.11167099184215369,0.0,0.9999999987499999,0.6353147378170018,0.3125880346647758,0.30223210125327526,0.3918249531089846,disgust,07,09,09,male,normal,1006
40,1.3346666666666667,True,1.0,0.21002727031374718,0.2323027084065016,0.2211649893601244,0.55556094322968,-0.04902777777777778,-0.052407407407407514,0.38272591596455496,0.027767067240353195,0.20020169578237992,0.3980931202154187,0.022275438092754424,0.0033796296296297323,0.008123044562286115,0.5763346002221594,0.1132903308785416,0.11698567617049123,0.0,0.9999999987499999,0.6421982049694878,0.2986461988651876,0.3075879308935769,0.37486270853262255,disgust,07,09,09,male,normal,1006
50,1.6683333333333334,True,1.0,0.25684447858743764,0.24839511418135876,0.2526197963843982,0.6232446413668958,-0.045787037037037015,-0.04930555555555555,0.38543588920921856,0.0609286002248529,0.19885105201741007,0.4053300736454857,0.00844936440607888,0.003518518518518532,0.02976517465427503,0.5150775483935456,0.11613068810562016,0.11466613546688685,0.0,0.9999999987499999,0.6313818793533038,0.30919505221229104,0.31261354742831227,0.3712513683290645,disgust,07,09,09,male,normal,1006
60,2.0020000000000002,True,1.0,0.2625161883692395,0.31948378491834556,0.29099998664379256,0.6562099352927753,-0.04490740740740734,-0.04949074074074078,0.37846136490077836,0.06835050849715567,0.20454896181055957,0.44345562447779724,0.05696759654910605,0.004583333333333439,0.025406419513376178,0.4921537076468764,0.11332554823964737,0.11431537278610651,0.0,0.9999999987499999,0.6395473367471988,0.29898134337892723,0.30900971631573715,0.37467528960477786,disgust,07,09,09,male,normal,1006
70,2.3356666666666666,True,1.0,0.1976747559726242,0.2207931605296237,0.20923395825112395,0.7247180950669388,-0.05907407407407417,-0.06375000000000003,0.3724145543352834,0.07815111968123921,0.20323815420956132,0.288710823802182,0.023118404556999483,0.004675925925925861,0.02053531053288589,0.44158512733256067,0.1133849926348527,0.11408954306518347,0.0,0.9999999987499999,0.6345410528273809,0.30179925356996656,0.3061934992332479,0.3719201620807082,disgust,07,09,09,male,normal,1006
80,2.6693333333333333,True,1.0,0.37486537119585,0.3680449556488586,0.3714551634223543,0.5307174994352424,-0.04523148148148143,-0.04925925925925928,0.3976988106968687,-0.038741942211302866,0.21244001130497997,0.6999112782556342,0.006820415546991421,0.004027777777777852,0.04099227228202084,0.5965497448156373,0.11199148800997788,0.11709622743481128,0.0,0.9999999987499999,0.6240848983343337,0.30428039581084415,0.3074402841123347,0.38651798126438847,disgust,07,09,09,male,normal,1006
90,3.003,True,1.0,0.282034095178214,0.24720586239377357,0.26461997878599375,0.6471743608435682,-0.04833333333333334,-0.0527777777777777,0.4272937429019885,-0.017929464716574167,0.2082556323923869,0.40888513945619115,0.034828232784440416,0.004444444444444362,0.0500858372068227,0.49057801274854723,0.11566895160210999,0.11413469802102992,0.0,0.9999999987499999,0.6270354205197703,0.3050101379391099,0.3167495056961675,0.39402307099155504,disgust,07,09,09,male,normal,1006
100,3.336666666666667,True,1.0,0.32470219576244935,0.2924692191000496,0.30858570743124947,0.8003579514483303,-0.046944444444444455,-0.052731481481481435,0.40776204804856575,0.05702314297506095,0.206560860077643,0.3855596197586739,0.03223297666239977,0.0057870370370369795,0.04380455028679305,0.3910495632525014,0.10975127808824599,0.1164496016110839,0.0,0.9999999987499999,0.6238576573207407,0.3060868134543238,0.31623868325608356,0.40375730840662627,disgust,07,09,09,male,normal,1006
0,0.0,True,1.0,0.1600641950209562,0.16113376303597954,0.16059897902846787,0.7415988607250991,-0.05953703703703711,-0.06069444444444444,0.4077051841392662,0.11507027385541838,0.19236755482714232,0.21655774777140577,0.0010695680150233366,0.0011574074074073293,0.0003114730596847238,0.3991029284073523,0.11787521677432372,0.11287201873653234,0.0,0.9999999987499999,0.6278295943064726,0.29782264668624037,0.3130542913484136,0.38689225338338973,disgust,07,09,09,male,normal,1007
10,0.33366666666666667,True,1.0,0.26501943465611144,0.3000739176108716,0.2825466761334915,0.6335375384074289,-0.050185185185185166,-0.0539351851851852,0.3889951592510388,0.14137307804105279,0.19289054374551384,0.4459825330062531,0.03505448295476016,0.003750000000000031,0.011616185015909386,0.48984032367276203,0.11468216310601938,0.11295435274653436,0.0,0.9999999987499999,0.6170162095228717,0.3135691628349404,0.2974711792882722,0.36164745247811747,disgust,07,09,09,male,normal,1007
20,0.6673333333333333,True,1.0,0.3066160038354933,0.33726239134396613,0.3219391975897297,0.6589713061807957,-0.049768518518518545,-0.053611111111111054,0.4058296072471096,0.08845445294378887,0.19932931602585235,0.48854812731618746,0.030646387508472817,0.0038425925925925086,0.032154933964950665,0.4465344157135905,0.11225118271247796,0.11701023798592831,0.0,0.9999999987499999,0.6165981636795345,0.299914522388859,0.2945624115170135,0.3697420006396429,disgust,07,09,09,male,normal,1007
30,1.0010000000000001,True,1.0,0.2692284290821731,0.33543966251613433,0.3023340457991537,0.6789809174277784,-0.045277777777777695,-0.054444444444444406,0.3817144246718756,0.07797529290435777,0.19787143599421375,0.4452762044395927,0.06621123343396124,0.009166666666666712,0.06957194441767864,0.4622052186481938,0.11181201079252132,0.11480476861053823,0.0,0.9999999987499999,0.6290211646377301,0.2957967457089814,0.31519867475410335,0.3908180038336184,disgust,07,09,09,male,normal,1007
40,1.3346666666666667,True,1.0,0.32071515235830095,0.34431716223484066,0.3325161572965708,0.5820681912129994,-0.0506018518518519,-0.058518518518518525,0.3724176704570582,0.06763028894023046,0.18963424626223144,0.5712666699817847,0.02360200987653971,0.007916666666666627,0.05470170502374119,0.5509597310561629,0.11176382358328109,0.11401924685679936,0.0,0.9999999987499999,0.6332893062303045,0.30095405534311365,0.302304081393461,0.3582922413039773,disgust,07,09,09,male,normal,1007
50,1.6683333333333334,True,1.0,0.34185145424971497,0.37484084248161526,0.35834614836566514,0.8111030982431017,-0.04861111111111105,-0.05532407407407414,0.38509789676041944,0.1566720636715401,0.18650464509470796,0.44180098577093907,0.032989388231900285,0.006712962962963087,0.052582693035452106,0.38333602605503553,0.11335405209464704,0.11627033406217326,0.0,0.9999999987499999,0.6326676179690626,0.3032770284186026,0.3129276100162091,0.3911978325258568,disgust,07,09,09,male,normal,1007
60,2.0020000000000002,True,1.0,0.31166609819300417,0.3526285615978114,0.3321473298954078,0.6802241972916374,-0.04791666666666661,-0.05430555555555561,0.3757007614235945,0.1663577475806119,0.18445181754004808,0.4882909652697989,0.04096246340480725,0.006388888888888999,0.0471121986711333,0.44194929802316796,0.1137872410706634,0.11368836422671638,0.0,0.9999999987499999,0.6356705917366947,0.30008897902303255,0.30955350058495823,0.3747764313558007,disgust,07,09,09,male,normal,1007
70,2.3356666666666666,True,1.0,0.35709375024600887,0.36106486610715277,0.35907930817658085,0.7159157009286671,-0.04819444444444437,-0.0556018518518519,0.3705340343951159,0.19532543470867908,0.1877342286984449,0.5015664661506831,0.0039711158611439035,0.007407407407407529,0.04478366128099536,0.42503081405325205,0.11729678604763534,0.11330498390447677,0.0,0.9999999987499999,0.6345048507059073,0.299910122923498,0.3133427479145225,0.37536000492690197,disgust,07,09,09,male,normal,1007
80,2.6693333333333333,True,1.0,0.41092533560748307,0.3897737438106055,0.4003495397090443,0.7913217890040257,-0.04851851851851857,-0.0556018518518519,0.3781708939349444,0.19727638547362852,0.1974093652219522,0.5059250803809315,0.02115159179687759,0.00708333333333333,0.04278948743194632,0.4050762613404467,0.11488378465805948,0.11308672891498142,0.0,0.9999999987499999,0.6214998596782463,0.30546021955628483,0.320594640140046,0.38247946503870994,disgust,07,09,09,male,normal,1007
90,3.003,True,1.0,0.3704993498526876,0.37630788074927657,0.3734036153009821,0.8128081140240857,-0.05296296296296299,-0.058472222222222314,0.3837531111071012,0.19977762170157218,0.19737689858370355,0.45939946816268756,0.005808530896588948,0.005509259259259325,0.03887695990170294,0.3776352174024332,0.10531120145118401,0.11824528887175716,0.0,0.9999999987499999,0.6487681842033689,0.32503969842818353,0.2930102603579445,0.4079693128275783,disgust,07,09,09,male,normal,1007
100,3.336666666666667,True,1.0,0.4130177669270624,0.4061426632094182,0.40958021506824027,0.6573098467900285,-0.05180555555555555,-0.05402777777777784,0.3924948607498441,0.09661034121718363,0.20280185597152176,0.6231158974240605,0.00687510371764416,0.002222222222222292,0.023228913615217436,0.4633964881150775,0.12034861770610185,0.11279374438461164,0.0,0.9999999987499999,0.6250272499937475,0.29628050753672835,0.3242053227621635,0.3887651088879165,disgust,07,09,09,male,normal,1007
0,0.0,True,1.0,0.25978302235528555,0.21808897402474814,0.23893599819001685,0.7553848414092599,-0.04712962962962969,-0.05393518518518514,0.39358074449280545,0.0,0.2318312479780551,0.3163102899235487,0.041694048330537414,0.006805555555555454,0.05876474428891889,0.43828498524405596,0.11507016993249203,0.11490428884883672,0.0,0.9999999987499999,0.6079856837578782,0.30273217749166037,0.31509701355778436,0.3994519086554372,disgust,07,09,09,male,strong,1008
10,0.33366666666666667,True,1.0,0.2907903528682056,0.2795657579167943,0.28517805539249996,0.7156332698392104,-0.049027777777777726,-0.0525462962962962,0.41365452712631684,1.0031552567215085e-15,0.23207333372570513,0.39849748105838373,0.011224594951411315,0.0035185185185184764,0.022196091633072176,0.4524614396014386,0.10991517216550532,0.11776010875300082,0.0,0.9999999987499999,0.6109870342590162,0.30134117889280826,0.302833709344471,0.38888261814693775,disgust,07,09,09,male,strong,1008
20,0.6673333333333333,True,1.0,0.24399860938907525,0.2768998203222934,0.2604492148556843,0.6628878513781838,-0.049629629629629524,-0.052592592592592635,0.43203156480619087,-0.012275700951447813,0.22463533968282554,0.39290087201657814,0.03290121093321813,0.0029629629629631116,0.005666734291762177,0.4471908297394051,0.11175634717948153,0.11535549991532573,0.0,0.9999999987499999,0.6228440000922245,0.31066499095435696,0.30358577927696295,0.38908478487642173,disgust,07,09,09,male,strong,1008
30,1.0010000000000001,True,1.0,0.1363920972816921,0.15287146405294472,0.1446317806673184,0.7122919446824099,-0.05351851851851852,-0.05689814814814809,0.4285204470370439,-0.012275700951446835,0.22533211183101942,0.20305126535132373,0.016479366771252613,0.003379629629629566,0.017677942799438226,0.4541813297579277,0.10761256856020557,0.11664580756445482,0.0,0.9999999987499999,0.6064650940845088,0.31340407052590885,0.30326953148146524,0.37757690783136655,disgust,07,09,09,male,strong,1008
40,1.3346666666666667,True,1.0,0.154741640641771,0.15438029338345677,0.1545609670126139,0.5886277695194073,-0.054212962962962796,-0.05921296296296291,0.3687705378270912,0.0,0.22710086963485668,0.2625784494313056,0.00036134725831424297,0.0050000000000001155,0.05022192673341645,0.6115691427876246,0.11138685927815775,0.11750950386615751,0.0,0.9999999987499999,0.6205074025391407,0.30405550292545436,0.3182186213578619,0.37867523191616853,disgust,07,09,09,male,strong,1008
50,1.6683333333333334,True,1.0,0.23246790818227386,0.21353755771504773,0.2230027329486608,1.0402719482140461,-0.050787037037037075,-0.05671296296296291,0.35898211120374685,0.21365304980147026,0.22373424691106483,0.21436964952435283,0.01893035046722613,0.0059259259259258346,0.03597911972853396,0.3476621535226024,0.11258076423400838,0.11669316748681108,0.0,0.9999999987499999,0.6227703461384554,0.3013289740834974,0.3266811233442368,0.3860505054972776,disgust,07,09,09,male,strong,1008
60,2.0020000000000002,True,1.0,0.19625325054607232,0.18402666843826063,0.19013995949216647,0.8519542517159195,-0.04837962962962966,-0.05194444444444446,0.36732025418819225,0.04887430988889693,0.23413337918410398,0.22318095027896853,0.01222658210781169,0.0035648148148147984,0.029804376932976342,0.41779219724111494,0.1112834650635808,0.11760742460502228,0.0,0.9999999987499999,0.6085643707561149,0.3048821698727234,0.30614918553568243,0.37532050438867065,disgust,07,09,09,male,strong,1008
70,2.3356666666666666,True,1.0,0.24570073148790664,0.281107731536361,0.2634042315121338,0.5630303807450576,-0.045694444444444426,-0.0475462962962962,0.3707692109490981,-0.021111551935198473,0.23278346995270607,0.4678330699731891,0.035407000048454346,0.0018518518518517713,0.015943578381161522,0.6207055443525938,0.11185499582880552,0.11575467267658952,0.0,0.9999999987499999,0.6096938878910939,0.3035509350398662,0.304316390199615,0.37640335359634364,disgust,07,09,09,male,strong,1008
80,2.6693333333333333,True,1.0,0.27095943621142926,0.2560730516965359,0.26351624395398254,0.6180072811989681,-0.046666666666666745,-0.04768518518518511,0.37001421108400034,-0.06318464058863475,0.23486552080861917,0.4263966654935627,0.01488638451489338,0.0010185185185183632,0.012514862077561473,0.5627750276458113,0.11137048691966045,0.11539835026680965,0.0,0.9999999987499999,0.5905136420427547,0.3067614038752197,0.29787300689144885,0.36737748725235675,disgust,07,09,09,male,strong,1008
90,3.003,True,1.0,0.21618030459879992,0.18781122401954944,0.20199576430917468,0.4912999690297716,-0.044212962962962954,-0.04777777777777781,0.3804563608997362,-0.099176093949288,0.2365530587677722,0.41114548553316566,0.028369080579250472,0.003564814814814854,0.04342464753322356,0.6796109722714792,0.1145028499086961,0.1144753828645152,0.0,0.9999999987499999,0.5788237052946178,0.31090718586989874,0.2982412193117353,0.36944285713394004,disgust,07,09,09,male,strong,1008
100,3.336666666666667,True,1.0,0.23149140992128492,0.18014461571175236,0.20581801281651863,0.46807144139871387,-0.043611111111111045,-0.049120370370370425,0.3815172019450055,-0.1125037085442982,0.23737320021653208,0.43971495505362007,0.05134679420953256,0.00550925925925938,0.04733686029138961,0.7355989947679178,0.11569857493749185,0.1137702400424767,0.0,0.9999999987499999,0.5850098243906938,0.3089841396212721,0.3032311689338065,0.37908961678692976,disgust,07,09,09,male,strong,1008
0,0.0,True,1.0,0.2524329553862499,0.2702923326378429,0.2613626440120464,0.6629424780140515,-0.04314814814814821,-0.050879629629629664,0.4287635486924085,-0.006001380476282558,0.21415577980800243,0.394246337623438,0.017859377251593034,0.00773148148148145,0.07158189463512603,0.4577238275936483,0.11253817520622326,0.1145928951450999,0.0,0.9999999987499999,0.6288574136216988,0.3113992645906807,0.29982399547668837,0.391193161556973,disgust,07,09,09,male,strong,1009
10,0.33366666666666667,True,1.0,0.27343147083919206,0.26585811181309876,0.2696447913261454,0.7488797908960101,-0.046944444444444455,-0.0562962962962964,0.4171271201043318,0.036057004988393815,0.2218266038509504,0.36006418467178053,0.007573359026093296,0.009351851851851944,0.06578860509532286,0.4429500151622579,0.11179211753999888,0.1158153996415264,0.0,0.9999999987499999,0.6171260077859269,0.30920114108249586,0.3230426092549291,0.39984300781631166,disgust,07,09,09,male,strong,1009
20,0.6673333333333333,True,1.0,0.24387240661880408,0.2300755784943316,0.23697399255656784,0.7565738242099517,-0.04699074074074078,-0.054398148148148195,0.4203645605444842,-0.04794288609939144,0.2284550426843285,0.31321991981949243,0.013796828124472471,0.007407407407407418,0.05234264334504963,0.42625018458479663,0.1124922297312039,0.11677851713305808,0.0,0.9999999987499999,0.605823635844963,0.3103957300301125,0.318510889261877,0.3916329763723642,disgust,07,09,09,male,strong,1009
30,1.0010000000000001,True,1.0,0.23258560975024345,0.2544556434897294,0.2435206266199864,0.8015953698195345,-0.04277777777777775,-0.05018518518518511,0.39604997509893985,0.06352758660928894,0.2219141201819098,0.30379495165348935,0.021870033739485928,0.007407407407407363,0.054864489310984255,0.42381114945244686,0.11249011983949438,0.11414041173906742,0.0,0.9999999987499999,0.6102629142985319,0.3074999306565003,0.3257262705422194,0.4041015800858886,disgust,07,09,09,male,strong,1009
40,1.3346666666666667,True,1.0,0.2600645183441394,0.2448587931874272,0.2524616557657833,0.5559906947408292,-0.04458333333333331,-0.050185185185185166,0.36608518684948904,-0.034694573869868885,0.22933913192186833,0.45407532563735864,0.015205725156712202,0.005601851851851858,0.05160351158236134,0.611933126253662,0.10873393870151597,0.11259559873144004,0.0,0.9999999987499999,0.6071017757962561,0.3114497544350242,0.3081256405570385,0.3767906300768866,disgust,07,09,09,male,strong,1009
50,1.6683333333333334,True,1.0,0.12162509186968769,0.13274702254046122,0.12718605720507445,0.8245126855185232,-0.06032407407407414,-0.06912037037037039,0.36725267586597954,0.0891812315288517,0.22337417423114347,0.15425603442970573,0.011121930670773536,0.008796296296296247,0.05119977693912129,0.4201691376016289,0.11279895917140721,0.11500079606640425,0.0,0.9999999987499999,0.6062954134075506,0.30375018442360013,0.31886310334863815,0.3816663365161318,disgust,07,09,09,male,strong,1009
60,2.0020000000000002,True,1.0,0.26634855774561506,0.272379883565233,0.26936422065542404,0.6515228244327231,-0.04087962962962949,-0.04902777777777778,0.35956132089801024,0.020291929259756463,0.22992222419488503,0.41343788821206345,0.006031325819617961,0.008148148148148293,0.07168390257466505,0.5014055015817039,0.11520737925182242,0.1134308943354354,0.0,0.9999999987499999,0.5962393215254852,0.3015010923227053,0.2998065839889026,0.366078949470143,disgust,07,09,09,male,strong,1009
70,2.3356666666666666,True,1.0,0.27820938422325503,0.27085798041851916,0.2745336823208871,0.5539166547200739,-0.04250000000000009,-0.048240740740740695,0.3365996616679792,-0.0217134116562772,0.23203627138563157,0.49562272587673833,0.007351403804735868,0.005740740740740602,0.07453305137295486,0.6310721761529546,0.11700992065215553,0.11174117612166475,0.0,0.9999999987499999,0.5904062809186174,0.305111395620533,0.30003755377776636,0.36084096525301457,disgust,07,09,09,male,strong,1009
80,2.6693333333333333,True,1.0,0.2542400884616171,0.21348940984523274,0.23386474915342492,0.4443357915493199,-0.043842592592592655,-0.04962962962962958,0.3609113906837427,-0.04134466613239844,0.2336288316809324,0.5263243555914776,0.04075067861638437,0.005787037037036924,0.06258597758113284,0.7560170004636055,0.11381584600024686,0.11449477423854057,0.0,0.9999999987499999,0.5900687554865696,0.304025079088878,0.29079847443095225,0.3541610068270737,disgust,07,09,09,male,strong,1009
90,3.003,True,1.0,0.26191250538027483,0.2203696137722994,0.24114105957628712,0.4755027690752633,-0.04152777777777772,-0.04828703703703702,0.3742461852997548,-0.07437686832178725,0.23704030820567407,0.5071286126161737,0.04154289160797542,0.006759259259259298,0.04316708309333211,0.697223611782515,0.12057004436648143,0.11238762836637467,0.0,0.9999999987499999,0.5816716004839436,0.30831544399292365,0.30065677230273846,0.38056910082575013,disgust,07,09,09,male,strong,1009
100,3.336666666666667,True,1.0,0.2535118320887177,0.2266363279969056,0.24007408004281167,0.43459334702860136,-0.04134259259259243,-0.04296296296296298,0.3882226159568789,-0.16459478248989612,0.2381995692070989,0.5524108495545192,0.02687550409181208,0.0016203703703705497,0.01795756863009027,0.7328480895888817,0.11305716608829884,0.11474696284446025,0.0,0.9999999987499999,0.5753327061136955,0.3077082649139508,0.2889288159563738,0.3701800937893955,disgust,07,09,09,male,strong,1009
0,0.0,True,1.0,0.27869936643235654,0.29789911470976393,0.28829924057106027,0.6951169758367857,-0.046157407407407425,-0.04939814814814819,0.3970606070431327,0.026193974032199727,0.22164341463891285,0.4147492445052202,0.01919974827740739,0.0032407407407407662,0.02890554534612402,0.46953891831881733,0.11177239420618482,0.1140108451393562,0.0,0.9999999987499999,0.6295278373302446,0.30856733540261266,0.3044625193017905,0.38820581690551037,disgust,07,09,09,male,strong,1010
10,0.33366666666666667,True,1.0,0.16198955290122705,0.2163866149547999,0.18918808392801348,0.6292691366631522,-0.04800925925925925,-0.05458333333333332,0.40419895463981403,1.0467942148858325e-15,0.2101549099058311,0.3006473270423333,0.054397062053572864,0.0065740740740740655,0.01892937019981821,0.4969524120316383,0.1090333309944899,0.11398951919720095,0.0,0.9999999987499999,0.6181603626919518,0.3102533543591882,0.29370723783328556,0.37759496871244363,disgust,07,09,09,male,strong,1010
20,0.6673333333333333,True,1.0,0.14514347539807618,0.18087612567868583,0.163009800538381,0.6189619077823191,-0.05541666666666667,-0.06074074074074065,0.408353476573705,-0.006584701146620394,0.2138756597922319,0.26335998789074017,0.03573265028060965,0.005324074074073981,0.01068274324113809,0.5020911031815544,0.11442452794333113,0.11287827004856325,0.0,0.9999999987499999,0.6202087614420768,0.30668850345097487,0.3001106138608847,0.3687435831588476,disgust,07,09,09,male,strong,1010
30,1.0010000000000001,True,1.0,0.1773163123267975,0.18395366596730608,0.18063498914705178,0.6624876705249882,-0.058888888888888824,-0.06157407407407417,0.3970667485652101,0.013248915029121608,0.2236714262666745,0.2726616617693543,0.006637353640508575,0.002685185185185346,0.01557222988003343,0.4874258849054404,0.11040232771547409,0.11198565979659827,0.0,0.9999999987499999,0.6146981874077756,0.3008263633378425,0.31446097895866165,0.3806384558743623,disgust,07,09,09,male,strong,1010
40,1.3346666666666667,True,1.0,0.19926286159459353,0.2084912495101863,0.2038770555523899,0.564428987702348,-0.051435185185185084,-0.05574074074074076,0.37627857676042825,0.03359395083845939,0.2299570140300686,0.361209399223671,0.009228387915592773,0.0043055555555556735,0.028696072445082384,0.5778064317287684,0.11188073976580092,0.11572979049561175,0.0,0.9999999987499999,0.6171960958133254,0.3020809485131774,0.3146991335931448,0.37984485020419606,disgust,07,09,09,male,strong,1010
50,1.6683333333333334,True,1.0,0.15594541910331322,0.17473079768817396,0.1653381083957436,0.7404721648262761,-0.045925925925925926,-0.05055555555555541,0.3781867090967978,-0.040389390808705856,0.22986642166154792,0.22328740532000138,0.018785378584860735,0.004629629629629484,0.01877464496467155,0.419318181818183,0.11531615399348484,0.11565010989005362,0.0,0.9999999987499999,0.6123251332017181,0.3006576754798698,0.30937551252534845,0.3811595661266255,disgust,07,09,09,male,strong,1010
60,2.0020000000000002,True,1.0,0.17058806649377797,0.20634920634920556,0.18846863642149175,0.7701075645029637,-0.04805555555555546,-0.04893518518518525,0.3802369199732317,0.03377500300422717,0.2270846772227053,0.2447302754948675,0.03576113985542759,0.0008796296296297856,0.007029348088480596,0.4444037188686357,0.1128431255759873,0.1146255181088805,0.0,0.7071067807446058,0.6205900171709309,0.2998422649601694,0.306718259389285,0.38122736092622767,disgust,07,09,09,male,strong,1010
70,2.3356666666666666,True,1.0,0.2757325733488397,0.2893817682652109,0.2825571708070253,0.6846399571789763,-0.04773148148148154,-0.0507407407407407,0.3509029711037725,0.043697293418466496,0.2347859212804311,0.412709144192062,0.013649194916371177,0.003009259259259156,0.022734757763069532,0.5145908071712028,0.11428262335418024,0.11667152732667391,0.0,0.9999999987499999,0.6073997572857267,0.30081291020137596,0.30325248749491496,0.37193151013106507,disgust,07,09,09,male,strong,1010
80,2.6693333333333333,True,1.0,0.14611706555405732,0.13599997906051825,0.14105852230728777,0.5053289785598918,-0.05208333333333326,-0.05777777777777787,0.37013048568086515,-0.02046503634248149,0.23265069479268544,0.27914196155795856,0.010117086493539068,0.005694444444444613,0.03375720746260574,0.6704024776164192,0.11101685168426763,0.1175353847386879,0.0,0.9999999987499999,0.6055633820950255,0.3006526462059694,0.2908510052239456,0.37330716661660324,disgust,07,09,09,male,strong,1010
90,3.003,True,1.0,0.22771435080797942,0.21942417878514137,0.2235692647965604,0.4789410412303989,-0.04805555555555563,-0.05435185185185187,0.3875563819534873,-0.10325693730886287,0.23126187680649515,0.4667991371593699,0.00829017202283805,0.006296296296296244,0.07087944657124397,0.6238505028318423,0.11506098758595926,0.11273755994396975,0.0,0.9999999987499999,0.5807123147227641,0.3045276480304121,0.2988562072147663,0.37939732400796045,disgust,07,09,09,male,strong,1010
100,3.336666666666667,True,1.0,0.2268734834590191,0.18187182045527286,0.204372651957146,0.5119169184496705,-0.04995370370370361,-0.05791666666666667,0.39062594784153504,-0.07192459567788709,0.22986243876022253,0.39923011838734346,0.04500166300374622,0.00796296296296306,0.08040227207254674,0.5896978188732275,0.12105096545083575,0.10893581258549934,0.0,0.9999999987499999,0.5759790561849741,0.26874826359127374,0.32212406622533546,0.35577830188981646,disgust,07,09,09,male,strong,1010
0,0.0,True,1.0,0.19484312658345324,0.18309760226141922,0.18897036442243623,0.649084925436623,-0.05782407407407408,-0.06550925925925927,0.44633247077030574,-0.06610691523243829,0.222847715219885,0.29113349735448046,0.011745524322034018,0.007685185185185184,0.01323817489728386,0.42640728687587215,0.11276749633939244,0.11235042009395528,0.0,0.9999999987499999,0.6065768120685774,0.31400269641815576,0.297355848311147,0.386763369991817,disgust,07,09,09,male,strong,1011
10,0.33366666666666667,True,1.0,0.3493258727772325,0.3460285245170198,0.34767719864712615,0.7217904682673764,-0.04972222222222228,-0.05194444444444446,0.4252425638411995,-0.04354813015715506,0.2279899952498525,0.4816871570522519,0.0032973482602126625,0.002222222222222181,0.021029683272034333,0.38439650209610193,0.11442284129360088,0.1153839202275701,0.0,0.9999999987499999,0.6028551363045218,0.3137096347951719,0.3043547449019762,0.3879960495441965,disgust,07,09,09,male,strong,1011
20,0.6673333333333333,True,1.0,0.32709614223461037,0.311777688282979,0.3194369152587947,0.6585963887100209,-0.048842592592592604,-0.054629629629629695,0.42430129536447475,-0.018269581207478895,0.2270702963640584,0.48502682482737136,0.015318453951631339,0.0057870370370370905,0.027863445701558392,0.4709707167717155,0.11180970983829153,0.11612700383347782,0.0,0.9999999987499999,0.6087589557698079,0.29998627054355226,0.3065024269267061,0.3836345546243773,disgust,07,09,09,male,strong,1011
30,1.0010000000000001,True,1.0,0.3729002862374225,0.3316959893615192,0.35229813779947083,0.7572421743064596,-0.04921296296296296,-0.05523148148148149,0.3937120347690914,0.11532299066628844,0.21648172598551466,0.4652384002807721,0.04120429687590332,0.006018518518518534,0.045751870946540936,0.4272676141465785,0.10932799112535029,0.11537030634545788,0.0,0.9999999987499999,0.6331722095478818,0.29903779804573605,0.3210723846942213,0.39285382629347027,disgust,07,09,09,male,strong,1011
40,1.3346666666666667,True,1.0,0.26647556774421427,0.27101837113702526,0.26874696944061977,0.617337610129847,-0.04958333333333337,-0.05601851851851852,0.372570048385374,0.13031664821471145,0.21070074161559352,0.4353322477535318,0.00454280339281099,0.006435185185185155,0.025656302835577474,0.5268367302780272,0.11281234700460487,0.1153185611458567,0.0,0.9999999987499999,0.6386663027242148,0.2955348935432728,0.3168094391875038,0.38167549682381857,disgust,07,09,09,male,strong,1011
50,1.6683333333333334,True,1.0,0.31308362088304903,0.29423395551455306,0.30365878819880104,0.8218778681610884,-0.04814814814814816,-0.055462962962962936,0.3869393399436936,0.0847125495160202,0.21624899925284036,0.36946947954471965,0.01884966536849597,0.007314814814814774,0.04131126075295636,0.42399656209853875,0.1173164291494422,0.11412243681489774,0.0,0.9999999987499999,0.6374113137129852,0.29783523127207573,0.3286817166922535,0.3998478727234822,disgust,07,09,09,male,strong,1011
60,2.0020000000000002,True,1.0,0.30591520806412603,0.29454120736317957,0.3002282077136528,0.7496030353542292,-0.049768518518518545,-0.05740740740740735,0.3813077996425109,0.11158747342034556,0.21619289582048143,0.4005162646810498,0.011374000700946463,0.007638888888888806,0.0403658383814432,0.4488034448896589,0.110718574682657,0.11470279090194838,0.0,0.9999999987499999,0.6391151757734344,0.29667269481462605,0.3208071239781795,0.390024716423806,disgust,07,09,09,male,strong,1011
70,2.3356666666666666,True,1.0,0.13044144486479942,0.1234246362958946,0.12693304058034702,0.6368723903348935,-0.062962962962963,-0.07365740740740745,0.3635288775823123,0.09688639316269626,0.21814510723058161,0.1993068666606829,0.0070168085689048115,0.01069444444444445,0.036747766672754506,0.527451989539641,0.10301456569272724,0.11817379332273523,0.0,0.9999999987499999,0.652372721995048,0.3224699685918637,0.2884656511364991,0.4069839930012651,disgust,07,09,09,male,strong,1011
80,2.6693333333333333,True,1.0,0.38260992706026814,0.3591950820878371,0.3709025045740526,0.6167000407834868,-0.050231481481481544,-0.05750000000000005,0.37470884975159086,0.04017154166358659,0.2257431170807571,0.6014309713727914,0.023414844972431015,0.0072685185185185075,0.037744719719849745,0.5292115830809354,0.11478792482202059,0.11518624882946729,0.0,0.9999999987499999,0.6208548101584385,0.29984457296676925,0.3174486020853746,0.3866901226315803,disgust,07,09,09,male,strong,1011
90,3.003,True,1.0,0.27015477792424114,0.2543801483651184,0.26226746314467975,0.5605269148242589,-0.051435185185185195,-0.056712962962962854,0.3697083247220923,0.0,0.23194477337619107,0.4678945046321425,0.015774629559122733,0.005277777777777659,0.02098959679336406,0.5903874399812751,0.11668335657007146,0.11510116127609123,0.0,0.9999999987499999,0.6070175323723239,0.30010451047662134,0.3026566539244827,0.3792016184476439,disgust,07,09,09,male,strong,1011
100,3.336666666666667,True,1.0,0.14333388132003996,0.1461170655540563,0.1447254734370481,0.5648881790542672,-0.061296296296296404,-0.06384259259259256,0.3732526470808729,-0.053794049929649174,0.2362535672744204,0.2562019861689206,0.002783184234016328,0.0025462962962961577,0.0026537813216005713,0.5763331478138267,0.11450641474179618,0.1154661014642262,0.0,0.9999999987499999,0.5896272243037841,0.3040795595489201,0.30203725594074887,0.374088639341105,disgust,07,09,09,male,strong,1011
0,0.0,True,1.0,0.22693253081220255,0.24010668066748916,0.23351960573984587,0.5347707707077279,-0.08268518518518514,-0.08902777777777776,0.3484207107044262,0.267122124504219,0.2035681893519942,0.4366723436114518,0.013174149855286615,0.006342592592592622,0.022411308162611512,0.5349602922165141,0.12384036894138123,0.10964578134974667,0.0,0.7071067807446058,0.627811318527411,0.2943972834885787,0.3122900957856085,0.3639019756489509,surprised,08,09,09,male,normal,1012
10,0.33366666666666667,True,1.0,0.44808078224432507,0.5064026492951716,0.4772417157697484,0.8156203669634865,-0.06541666666666657,-0.07532407407407399,0.3273941303548952,0.4389491237619834,0.19335788926508637,0.5851272664346223,0.058321867050846576,0.00990740740740742,0.016141157574190976,0.3294341222850472,0.117496432880922,0.11071444526360215,0.0,0.9999999987499999,0.6136685427295918,0.30966319550460325,0.28797349313882614,0.35625133815474325,surprised,08,09,09,male,normal,1012
20,0.6673333333333333,True,1.0,0.4515444535032077,0.5365543105248733,0.49404938201404053,0.601923325800233,-0.05787037037037035,-0.06231481481481482,0.3312259996528393,0.3697994449062121,0.18530402601772236,0.8207845764362456,0.08500985702166564,0.004444444444444473,0.024510308720252796,0.46712806074803886,0.11484229911657115,0.11628462310725163,0.0,0.9999999987499999,0.6301129842796493,0.29421464294268806,0.2819410187125073,0.3564448851643285,surprised,08,09,09,male,normal,1012
30,1.0010000000000001,True,1.0,0.44109584382938455,0.509129583047962,0.47511271343867323,0.997024318905378,-0.056481481481481466,-0.06324074074074065,0.31755608076064246,0.4826094360885435,0.1831211493414412,0.47653071688391135,0.06803373921857742,0.006759259259259187,0.02107682868015269,0.31285298761149877,0.1154786921355596,0.1119698711908575,0.0,0.9999999987499999,0.6388280039359494,0.2952420593843317,0.2969618131779327,0.3563027543483392,surprised,08,09,09,male,normal,1012
40,1.3346666666666667,True,1.0,0.4100593328356225,0.4159127666277724,0.41298604973169745,0.9412479449586713,-0.05337962962962961,-0.054074074074074,0.32932559547120754,0.4174202963351249,0.17500697530741458,0.4387643574083246,0.005853433792149865,0.0006944444444443865,0.013424364053571027,0.31789735587953477,0.11843338208407855,0.11463702986552518,0.0,0.9999999987499999,0.6436035106073679,0.29332212848577205,0.30169510340624106,0.3674643785467866,surprised,08,09,09,male,normal,1012
50,1.6683333333333334,True,1.0,0.43092707356213583,0.4664464064407344,0.4486867400014351,1.03190055314197,-0.055833333333333346,-0.05842592592592594,0.31460660366319904,0.46031746031745985,0.18004807843986864,0.4348158731335657,0.03551933287859854,0.002592592592592591,0.01054729941341576,0.30283926009002327,0.11939375381361335,0.11228719686039829,0.0,0.9999999987499999,0.6388698150197579,0.29282917094175664,0.3063413097933893,0.3678585395776423,surprised,08,09,09,male,normal,1012
60,2.0020000000000002,True,1.0,0.40373326364361684,0.4371265035115918,0.42042988357760436,0.7480000361192393,-0.0568981481481482,-0.0597685185185185,0.32833693176432405,0.3662708422511968,0.18157971088822122,0.5620720097272607,0.03339323986797499,0.002870370370370301,0.01630028939066975,0.41516662786012143,0.12270520041261115,0.11022546143509893,0.0,0.9999999987499999,0.6423243059254952,0.2926069467210425,0.30732337768874396,0.36905568093557567,surprised,08,09,09,male,normal,1012
70,2.3356666666666666,True,1.0,0.46592458814322263,0.5020039474157396,0.4839642677794811,0.6347522935511423,-0.05694444444444452,-0.06032407407407414,0.33619740797675285,0.32464589770724694,0.18495996866272446,0.7624458748654964,0.036079359272516986,0.0033796296296296213,0.020372768755948106,0.47305965396840294,0.12392044936064106,0.10797879907478704,0.0,0.8497542771176461,0.6380888077731092,0.2924161163489444,0.3081349175430275,0.36391555699241135,surprised,08,09,09,male,normal,1012
80,2.6693333333333333,True,1.0,0.5129115762170094,0.5403656622269055,0.5266386192219574,0.6507634881027413,-0.05740740740740741,-0.06101851851851853,0.33645973459536666,0.32535515825597866,0.18553554424467675,0.809262702732967,0.027454086009896073,0.0036111111111111205,0.01588381142832613,0.46075044887733513,0.12029901214871343,0.11097397356768934,0.0,0.9999999987499999,0.6416415973733243,0.2928196140463624,0.3053955662602812,0.3634992940794217,surprised,08,09,09,male,normal,1012
90,3.003,True,1.0,0.5308968640202524,0.5361766789119319,0.5335367714660921,0.6721789879289455,-0.06004629629629621,-0.06245370370370368,0.33381999673102425,0.34345083776392604,0.18820903826281987,0.7937421148940929,0.005279814891679502,0.002407407407407469,0.013381189673826354,0.43736334530355464,0.12389217935399999,0.10888960672204924,0.0,0.9903288253454341,0.6426955726431197,0.29270037574552277,0.30898116734953907,0.36805780454782777,surprised,08,09,09,male,normal,1012
0,0.0,True,1.0,0.43893847380015294,0.4662484404975146,0.4525934571488338,0.9004567413499863,-0.060277777777777874,-0.06013888888888891,0.3273356261090369,0.4120546975325963,0.18498017951758144,0.5026265409155524,0.027309966697361687,0.0001388888888889661,0.008478808814929465,0.3245806039401431,0.12027271164171013,0.11219749373664369,0.0,0.9999999987499999,0.6384985033700982,0.29116585695475794,0.3039298896377508,0.36543232809945886,surprised,08,09,09,male,normal,1013
10,0.33366666666666667,True,1.0,0.48689761897383843,0.5106655811299564,0.4987816000518974,0.876389619247284,-0.05828703703703708,-0.058287037037037026,0.3290863425706174,0.38529111000068844,0.1855219738407765,0.5691322547616349,0.023767962156117983,5.551115123125783e-17,0.00677152666153541,0.32188026313907847,0.1197866101774081,0.111868007270758,0.0,0.9999999987499999,0.6409247763245924,0.2918086742113154,0.3095444573223005,0.3703862832601569,surprised,08,09,09,male,normal,1013
20,0.6673333333333333,True,1.0,0.42401976471162806,0.4520159985486801,0.4380178816301541,0.8343191754581928,-0.05638888888888893,-0.0597685185185185,0.3357258226136291,0.36499622660759296,0.18416205219965817,0.5250003769715621,0.02799623383705202,0.003379629629629566,0.017409312724826542,0.34196714096646896,0.12014971941750993,0.11130689109349128,0.0,0.9999999987499999,0.6377405018257303,0.29304826080981566,0.30832284524497733,0.3693160154712371,surprised,08,09,09,male,normal,1013
30,1.0010000000000001,True,1.0,0.36049146136405813,0.38829013735765977,0.37439079936085895,0.7868444004968641,-0.057962962962962994,-0.060462962962962885,0.3435907652143448,0.2986932436307453,0.18753295608809836,0.47581300588076186,0.02779867599360164,0.002499999999999891,0.01068891352396599,0.38584036691506024,0.12079612781679859,0.11163376850578366,0.0,0.9999999987499999,0.6433254580582233,0.2929801019925594,0.3117775224438402,0.37764274342272824,surprised,08,09,09,male,normal,1013
40,1.3346666666666667,True,1.0,0.24927791720648496,0.30505661486952745,0.27716726603800623,0.6462385295011626,-0.053472222222222254,-0.05499999999999988,0.3427112646414901,0.20560454970007194,0.18757973565010294,0.4288931306091486,0.0557786976630425,0.001527777777777628,0.016776797542702514,0.49853880827729286,0.12052522592091665,0.11311145085968778,0.0,0.9999999987499999,0.6409535238939328,0.2921442818178853,0.30782292887328466,0.3759544092955877,surprised,08,09,09,male,normal,1013
50,1.6683333333333334,True,1.0,0.3132279597729022,0.3586388344414038,0.335933397107153,0.9565924020144622,-0.05291666666666667,-0.05749999999999994,0.3380300213086162,0.3089488314345618,0.1892052886468267,0.3511771538219621,0.04541087466850163,0.004583333333333273,0.028017043072720828,0.3387855318830281,0.11900108849250725,0.11320925672735874,0.0,0.9999999987499999,0.6294523821090937,0.29795110459292135,0.31340071703965583,0.376048607763695,surprised,08,09,09,male,normal,1013
60,2.0020000000000002,True,1.0,0.23841421169630417,0.30158531842166747,0.2699997650589858,0.728523544173496,-0.05106481481481484,-0.05499999999999988,0.34204904705335326,0.24003332925551008,0.1918128790452088,0.37061227082962483,0.0631711067253633,0.003935185185185042,0.031455634847288375,0.43100866227955165,0.12040925504494512,0.10929661891145226,0.0,0.9999999987499999,0.6196526372033189,0.30296664281268515,0.3014442271571016,0.3594184080184525,surprised,08,09,09,male,normal,1013
70,2.3356666666666666,True,1.0,0.29859632760505045,0.33042608573782806,0.3145112066714393,0.8277448215404382,-0.05009259259259263,-0.054907407407407405,0.3341570614663231,0.3081204764809174,0.19408109109200655,0.37996155153967864,0.03182975813277761,0.004814814814814772,0.03173692048984064,0.39193334400658814,0.12225337999297851,0.10881721469626685,0.0,0.9999999987499999,0.6213338303524535,0.30246595912745056,0.3025510923866898,0.35617821072030525,surprised,08,09,09,male,normal,1013
80,2.6693333333333333,True,1.0,0.2344734865973078,0.2591060445995282,0.24678976559841798,0.754073660561092,-0.05194444444444446,-0.057083333333333264,0.3327785741214156,0.28638493226507117,0.19344528464691702,0.3272754088967732,0.02463255800222039,0.005138888888888804,0.03795275873740342,0.4203127793588531,0.11324474445583192,0.11489396866240432,0.0,0.9999999987499999,0.6605037444040116,0.3151741375907853,0.2793046923366387,0.39824883124367444,surprised,08,09,09,male,normal,1013
90,3.003,True,1.0,0.2792772276139594,0.3173641570157709,0.29832069231486513,0.7426428739157697,-0.05226851851851855,-0.05689814814814814,0.3398204869597222,0.24003332925551002,0.1943501804077935,0.40170141368474316,0.03808692940181152,0.004629629629629595,0.039159176106271024,0.42597875375396693,0.11604880563217448,0.11240052841775851,0.0,0.9999999987499999,0.6589120321722439,0.3160852783225269,0.28543309815870865,0.40114178914944226,surprised,08,09,09,male,normal,1013
0,0.0,True,1.0,0.3889431093747261,0.5387503847238057,0.4638467470492659,0.6586434042004645,-0.04962962962962958,-0.05652777777777779,0.32721279982753676,0.2541437938334534,0.1986856292618407,0.7042456420137316,0.14980727534907956,0.006898148148148209,0.015420690508060832,0.3912047831278982,0.11425418802459662,0.10840502931067553,0.0,0.9999999987499999,0.664575887917667,0.3150411153010304,0.2535175324034717,0.3521641557448862,surprised,08,09,09,male,normal,1014
10,0.33366666666666667,True,1.0,0.37415152916484545,0.4200969391117162,0.3971242341382808,0.7173582533036107,-0.05319444444444443,-0.0566666666666667,0.3408232300459537,0.2719772422581286,0.20348525745124635,0.5535926189033531,0.04594540994687074,0.0034722222222222654,0.0288006778796931,0.39997169047890474,0.1124925693792954,0.11245640494509256,0.0,0.9999999987499999,0.6460269551570628,0.31736573342861396,0.27672782806055063,0.38385075511520245,surprised,08,09,09,male,normal,1014
20,0.6673333333333333,True,1.0,0.29563712552026616,0.3571847414195824,0.3264109334699243,0.6879859321210834,-0.0539351851851852,-0.05555555555555558,0.34296087424789146,0.2505530896157697,0.2033433062407053,0.47444419751954603,0.06154761589931623,0.0016203703703703831,0.025225530107768655,0.43759460435296776,0.11955438368110508,0.11092026297539313,0.0,0.8208691681810443,0.6307755400050646,0.2864329056621146,0.29687530618558255,0.3612921966834225,surprised,08,09,09,male,normal,1014
30,1.0010000000000001,True,1.0,0.2829597036677031,0.35053670720650837,0.31674820543710575,0.7127020038154905,-0.05532407407407408,-0.05902777777777768,0.33514071535372275,0.26165378082110086,0.19627565372672334,0.4444328818235059,0.06757700353880525,0.003703703703703598,0.021947696605375547,0.4492944455855905,0.11117091828817553,0.11459741638857447,0.0,0.9999999987499999,0.666278169689751,0.3107659986773785,0.28267376040769576,0.39175175106671334,surprised,08,09,09,male,normal,1014
40,1.3346666666666667,True,1.0,0.2570909782663176,0.2918996814031119,0.27449532983471475,0.7094095416792124,-0.053287037037036966,-0.055277777777777815,0.3400470085591135,0.21710897207969895,0.19611388447367162,0.3869349278626403,0.034808703136794295,0.0019907407407408484,0.017596110351565455,0.46087271062998275,0.10871360172188224,0.11903043742791247,0.0,0.9999999987499999,0.6610177843402986,0.31358437170664577,0.2689133400473326,0.38209969952946415,surprised,08,09,09,male,normal,1014
50,1.6683333333333334,True,1.0,0.2274028477677186,0.2874152828975038,0.2574090653326112,0.9077056141757154,-0.05259259259259258,-0.0553703703703704,0.3535742605913232,0.19935502108703587,0.2066284406852067,0.28358210119297717,0.060012435129785185,0.0027777777777778234,0.01982632187631262,0.36667051608572565,0.1209173177202544,0.11218387064062585,0.0,0.9999999987499999,0.6284771928146259,0.29125194596130494,0.3176963181328258,0.37899401435524877,surprised,08,09,09,male,normal,1014
60,2.0020000000000002,True,1.0,0.20905760758852493,0.23726719233641885,0.2231623999624719,0.8043093761533121,-0.052037037037037104,-0.05365740740740749,0.34784835405711045,0.19045723390786234,0.20144343430390382,0.27745840913824454,0.028209584747893923,0.0016203703703703831,0.017670330149390175,0.4143929801400563,0.12025032575916224,0.11373916409453538,0.0,0.9999999987499999,0.6328831656959659,0.2922176285170035,0.31081710124027856,0.37088616779490646,surprised,08,09,09,male,normal,1014
70,2.3356666666666666,True,1.0,0.22040745379039473,0.2341561440783772,0.22728179893438596,0.7495677125638673,-0.050046296296296255,-0.05361111111111111,0.3287172744102623,0.21725094065806497,0.19579501066403796,0.3032171678753042,0.013748690287982479,0.003564814814814854,0.02422956730153518,0.45151719995447703,0.1218363229689322,0.10997909496526871,0.0,0.9999999987499999,0.6204619008775385,0.2993674819620929,0.3102002512425713,0.3611629292483596,surprised,08,09,09,male,normal,1014
80,2.6693333333333333,True,1.0,0.18477568902039007,0.24965316952524938,0.21721442927281973,0.665065472798798,-0.04884259259259255,-0.05305555555555552,0.3341822464232731,0.2239475078225421,0.1950251792888309,0.32660608339614333,0.06487748050485931,0.004212962962962974,0.03800073803749288,0.5029021183368954,0.11429732152904704,0.11418111213442977,0.0,0.9999999987499999,0.6584382265953256,0.3138158370658631,0.2826136242811313,0.3973170291695248,surprised,08,09,09,male,normal,1014
90,3.003,True,1.0,0.29215191392533607,0.3211357746325439,0.30664384427894,0.7358050419436138,-0.053472222222222254,-0.05648148148148141,0.34024405432507077,0.21629487681843457,0.20196921967202497,0.41674604929173437,0.02898386070720782,0.003009259259259156,0.02600697781896226,0.43391308388793165,0.12280405814305805,0.10837131716978918,0.0,0.9999999987499999,0.6319361735475441,0.290116828318143,0.30753951521550177,0.37146103028269717,surprised,08,09,09,male,normal,1014
100,3.336666666666667,True,1.0,0.3142163143132081,0.3638108462574389,0.3390135802853235,0.5412697531279693,-0.05726851851851855,-0.05981481481481471,0.34473076728480323,0.19195700644529565,0.20091382114078316,0.6263301770072721,0.0495945319442308,0.0025462962962961577,0.018266619452158715,0.5639691893140789,0.12155684220057876,0.11046053134755672,0.0,0.9999999987499999,0.6162210381730817,0.2987612428331629,0.3076554730231493,0.36246462651818323,surprised,08,09,09,male,normal,1014
0,0.0,True,1.0,0.3511640395295103,0.4521185812592596,0.40164131039438494,0.5788361051070524,-0.054490740740740784,-0.06018518518518523,0.3249094051816934,0.34381541986705416,0.18261393161791878,0.6938774324039508,0.10095454172974927,0.005694444444444446,0.02031105956123964,0.4830222136935811,0.11789790514049961,0.10941967079103934,0.0,0.7548586605210708,0.6446465321441076,0.2942066679872637,0.2825235936577823,0.3547650602297629,surprised,08,09,09,male,normal,1015
10,0.33366666666666667,True,1.0,0.3257388701027349,0.43324834867332057,0.37949360938802773,0.5931856917859104,-0.05268518518518511,-0.05675925925925923,0.33274742356766357,0.3416544051578949,0.1822103199780429,0.6397551637590623,0.10750947857058568,0.004074074074074119,0.030567384476028046,0.48607856536596605,0.11887263870809905,0.10923550657552734,0.0,0.9999999987499999,0.6535025149669244,0.29355365763871166,0.2852215247536954,0.36384037748611747,surprised,08,09,09,male,normal,1015
20,0.6673333333333333,True,1.0,0.36506617566821636,0.44965987205986413,0.4073630238640402,0.5571471885987586,-0.05203703703703705,-0.058240740740740815,0.33568205602769846,0.35321127791714624,0.1784963918796749,0.7311587174810487,0.08459369639164777,0.006203703703703767,0.0400590674736949,0.4974348573870184,0.1114047904367131,0.11252275397043875,0.0,0.9999999987499999,0.6646166669792916,0.3209074599603331,0.2841402858773667,0.4011704779968414,surprised,08,09,09,male,normal,1015
30,1.0010000000000001,True,1.0,0.3554347987788489,0.41237490063855115,0.38390484970870004,0.9819640933451097,-0.05101851851851846,-0.05421296296296296,0.3030542500372105,0.432239112270269,0.18385827021211362,0.3909560973873383,0.05694010185970222,0.0031944444444444997,0.04319371242062157,0.31833955448029944,0.11083897378582007,0.11391944136584257,0.0,0.9999999987499999,0.6679947715257978,0.31942764263586676,0.28381144596355634,0.39747917869459676,surprised,08,09,09,male,normal,1015
40,1.3346666666666667,True,1.0,0.28252311691746973,0.3613234327255247,0.3219232748214972,0.7595288569832165,-0.051203703703703696,-0.05407407407407405,0.3272995569810629,0.37195735887302867,0.1804971192829526,0.42384600909062076,0.07880031580805497,0.0028703703703703565,0.02638256907488427,0.39555131629168644,0.12417787022561848,0.10856369145897726,0.0,0.9999999987499999,0.636564991488783,0.28967438767288467,0.3121375259664026,0.3721808604350458,surprised,08,09,09,male,normal,1015
50,1.6683333333333334,True,1.0,0.35480389499460957,0.3755299682181837,0.3651669316063966,0.9497846172133504,-0.054120370370370374,-0.058796296296296235,0.32226156696837516,0.3829619074289436,0.1896320210632777,0.38447341111692174,0.020726073223574115,0.004675925925925861,0.01969047562798963,0.33567166929908304,0.12340057108877203,0.11065823622503596,0.0,0.9999999987499999,0.6366065425857842,0.29264273601390567,0.31439279324289443,0.37488329582457713,surprised,08,09,09,male,normal,1015
60,2.0020000000000002,True,1.0,0.3430449655381726,0.380518476030071,0.3617817207841218,0.999115907830984,-0.05236111111111108,-0.056342592592592444,0.33778481094115204,0.38200183654729086,0.18958373576250787,0.36210185219603447,0.0374735104918984,0.003981481481481364,0.011005744609795549,0.3225992570636771,0.12167545736631553,0.1122132851726977,0.0,0.9999999987499999,0.6339032332698705,0.2942625308287578,0.31223241192349055,0.3758424464686189,surprised,08,09,09,male,normal,1015
70,2.3356666666666666,True,1.0,0.34970347744118485,0.3612941161073747,0.35549879677427976,0.7075783838245114,-0.05254629629629637,-0.05675925925925923,0.3317989158329865,0.30853624046322065,0.18889535132429544,0.5024161349485883,0.011590638666189867,0.004212962962962863,0.018603130812608278,0.4432030574582329,0.12569961361643367,0.10786310481041514,0.0,0.8011384841900248,0.6337079172606542,0.29282205826683,0.3132041344089201,0.3692454108641061,surprised,08,09,09,male,normal,1015
80,2.6693333333333333,True,1.0,0.369802161254424,0.373630836827846,0.371716499041135,0.5489569873194443,-0.054814814814814816,-0.056574074074074,0.3432892790906473,0.2960181510828779,0.18958977209762073,0.6771322847282185,0.00382867557342198,0.0017592592592591827,0.01543976385308491,0.5628686224060439,0.11097374537125032,0.11725155848438717,0.0,0.9999999987499999,0.6725629929393633,0.30958141671187334,0.28037232345468427,0.4030899536211129,surprised,08,09,09,male,normal,1015
90,3.003,True,1.0,0.4381584059807891,0.4305359186767337,0.43434716232876136,0.5673729334012882,-0.056435185185185144,-0.05777777777777776,0.3308974448502804,0.3059487183869008,0.18958977209762073,0.7655408581529194,0.007622487304055403,0.0013425925925926174,0.016410032561180815,0.5480890754682219,0.12279735241574566,0.11029566058570127,0.0,0.9999999987499999,0.6349266711137581,0.29171462191299535,0.3116325401449064,0.3735180750023717,surprised,08,09,09,male,normal,1015
100,3.336666666666667,True,1.0,0.4184696103746677,0.45124848014256186,0.43485904525861474,0.5801829234791887,-0.05754629629629621,-0.05962962962962959,0.32274252862249325,0.3204869869697974,0.19315669812580716,0.7495205868019886,0.03277886976789418,0.0020833333333333814,0.02251464239929085,0.5185328223744439,0.12508823110461983,0.10822000178528492,0.0,0.9999999987499999,0.6318881401232368,0.2918847763621669,0.3137387489391229,0.3721875646163478,surprised,08,09,09,male,normal,1015
0,0.0,True,1.0,0.4730241875034123,0.4909086895345252,0.48196643851896875,0.67319643393106,-0.060601851851851796,-0.06884259259259257,0.39464338124294024,0.11820206756941919,0.19757007374558044,0.7159373018430538,0.017884502031112914,0.00824074074074077,0.04281917989997953,0.4092325714031539,0.12341187573895081,0.11030071269675891,0.0,0.9999999987499999,0.6367345570024885,0.29439483663135396,0.3249120096600682,0.38311753326296155,surprised,08,09,09,male,strong,1016
10,0.33366666666666667,True,1.0,0.26267618821020333,0.28424089747764686,0.2734585428439251,0.6800415465081631,-0.07018518518518513,-0.0777314814814814,0.39103046401882674,0.13205131594947914,0.20023827663970906,0.4021203472759331,0.021564709267443527,0.007546296296296273,0.03178788902985187,0.4226269741417582,0.12200894190496632,0.11252987238764695,0.0,0.9999999987499999,0.6316384715995773,0.29558624269453027,0.3160267806700301,0.37227969699989577,surprised,08,09,09,male,strong,1016
20,0.6673333333333333,True,1.0,0.3086383484626925,0.2969166453310084,0.30277749689685046,0.7654188777292383,-0.0792592592592592,-0.07976851851851846,0.3368206203619186,0.3236606805504933,0.21117217758995505,0.39557098172845945,0.01172170313168408,0.0005092592592592649,0.02290601985585651,0.3803541287844376,0.11858219129897536,0.11448309270529715,0.0,0.9999999987499999,0.6309363251941402,0.2962778760505064,0.306703555957355,0.3697756360954508,surprised,08,09,09,male,strong,1016
30,1.0010000000000001,True,1.0,0.22917964724798334,0.2100822710143975,0.2196309591311904,1.0703986482864387,-0.06277777777777782,-0.06731481481481472,0.3211310080345509,0.4405113077679457,0.1739553011767234,0.20518613273922703,0.019097376233585844,0.004537037037036895,0.030595285213999363,0.28109616565182355,0.11990580584734899,0.1129274474401165,0.0,0.9999999987499999,0.6424042343343588,0.2932333951005689,0.3072141671293556,0.3778698836479042,surprised,08,09,09,male,strong,1016
40,1.3346666666666667,True,1.0,0.40979609579407705,0.3651987387685923,0.3874974172813347,0.7307255239591014,-0.05509259259259258,-0.05754629629629632,0.3284733818428521,0.334268058832355,0.1794768258486595,0.5302913400121259,0.04459735702548473,0.0024537037037037357,0.022038126216104997,0.43137609197745463,0.11457094475815176,0.11390655246367982,0.0,0.9999999987499999,0.6437205647180748,0.2937089968042592,0.2955457748993591,0.36464575739612887,surprised,08,09,09,male,strong,1016
50,1.6683333333333334,True,1.0,0.36274111457173536,0.3774525353888992,0.37009682498031726,0.6491015476343862,-0.04981481481481481,-0.05407407407407405,0.3305170862250689,0.25479859943017225,0.18472387429425177,0.5701678363410381,0.014711420817163867,0.00425925925925924,0.0260465446276417,0.46897591141198014,0.11784657189810921,0.11290192573599774,0.0,0.9999999987499999,0.6429357937940802,0.29511521237453187,0.2984281070162587,0.36586377423321276,surprised,08,09,09,male,strong,1016
60,2.0020000000000002,True,1.0,0.3819188504490529,0.3859158345782764,0.3839173425136646,0.588180410173033,-0.05453703703703705,-0.057268518518518496,0.3726463046481009,0.12990238386454597,0.19445072224488824,0.6527203828511093,0.003996984129223502,0.002731481481481446,0.021757849093056603,0.4974664948692367,0.11655221497069258,0.11407075251951118,0.0,0.9999999987499999,0.6451533750453305,0.29714480244185143,0.30163035554374107,0.3742024660030401,surprised,08,09,09,male,strong,1016
70,2.3356666666666666,True,1.0,0.4872519992069996,0.48117508067008297,0.48421353993854127,1.0112450106458792,-0.05342592592592593,-0.05625000000000002,0.31133013133436976,0.4484622721059474,0.18751993709107478,0.47882910159356484,0.006076918536916609,0.00282407407407409,0.01968158568467332,0.3174880609055717,0.1186493178769538,0.11407999860151172,0.0,0.9999999987499999,0.6425049960452931,0.2965416344948126,0.3053622494383147,0.377640034911998,surprised,08,09,09,male,strong,1016
80,2.6693333333333333,True,1.0,0.4570933025194422,0.4596622165527659,0.45837775953610405,0.8956978029989185,-0.053842592592592664,-0.05523148148148144,0.3255352562736907,0.3937796536648107,0.1861373452695948,0.5117549222532339,0.0025689140333237104,0.001388888888888773,0.013009722307855139,0.3495469466740493,0.11837955647998932,0.11435990259188804,0.0,0.9999999987499999,0.6428212040675645,0.29554282728345316,0.30479957965607374,0.37361930144652017,surprised,08,09,09,male,strong,1016
90,3.003,True,1.0,0.48911393290862565,0.5250323767384777,0.5070731548235516,0.8533841211975827,-0.05435185185185187,-0.05800925925925937,0.3346708517530628,0.37333671962279164,0.1876302886530529,0.5941909888268824,0.03591844382985204,0.003657407407407498,0.022364415467591398,0.35199796565642105,0.12029535415892838,0.11011622570575953,0.0,0.9999999987499999,0.6350036548213035,0.29540410631718333,0.30535378152504095,0.3732077849243942,surprised,08,09,09,male,strong,1016
0,0.0,True,1.0,0.4827068025866819,0.6651707254248442,0.573938764005763,0.8650204781427253,-0.05958333333333338,-0.06694444444444442,0.29530571286108775,0.39849092798238894,0.19769244425966595,0.6634973142347564,0.18246392283816232,0.0073611111111110406,0.016629889238506577,0.29722464571046775,0.10730790894747144,0.11210132708319509,0.0,0.9999999987499999,0.6570865534338736,0.3233767782221502,0.2594410090262829,0.3605702790172105,surprised,08,09,09,male,strong,1017
10,0.33366666666666667,True,1.0,0.477034165536659,0.5087472882037882,0.4928907268702236,0.7714834907384641,-0.06319444444444444,-0.06574074074074082,0.33032228657922663,0.32491718599553376,0.20339770263462142,0.6388869402745463,0.03171312266712922,0.0025462962962963798,0.017084251823679415,0.3792167055055906,0.10773881736919771,0.1173438379482562,0.0,0.9999999987499999,0.6589544984712635,0.31479712578077274,0.27966801293891125,0.410500342970549,surprised,08,09,09,male,strong,1017
20,0.6673333333333333,True,1.0,0.49084148772024844,0.48757125329893236,0.48920637050959037,0.7723123853483526,-0.06263888888888886,-0.0653703703703703,0.31573185077091637,0.33201029622719375,0.20139040423879126,0.6334306943542453,0.003270234421316076,0.002731481481481446,0.014312675174897944,0.3941578507296084,0.10500047101961048,0.11868193849438441,0.0,0.9999999987499999,0.6691362631693303,0.31243177918988535,0.2794603308512643,0.4025294739842407,surprised,08,09,09,male,strong,1017
30,1.0010000000000001,True,1.0,0.5077343950495489,0.5188272210017549,0.5132808080256519,0.8965534007121484,-0.06171296296296297,-0.06587962962962968,0.31578731880369537,0.3168703521835655,0.2097353180985254,0.5725044460463189,0.011092825952206065,0.004166666666666707,0.010978950893468975,0.34912151283719933,0.11402006660255974,0.11627455401405137,0.0,0.9999999987499999,0.6322582222732843,0.289784653719079,0.300455225022667,0.3699539319155271,surprised,08,09,09,male,strong,1017
40,1.3346666666666667,True,1.0,0.3527359232064018,0.37180062270656294,0.36226827295648234,0.9035377165983398,-0.05032407407407408,-0.052870370370370345,0.32417405151923095,0.3193388305060623,0.19050827482757218,0.400944273051886,0.019064699500161153,0.0025462962962962687,0.017072335792142335,0.34912151283719933,0.11373036715900853,0.114413284925406,0.0,0.9999999987499999,0.6368040563491021,0.2989684014042726,0.2865161805396443,0.3462458562365757,surprised,08,09,09,male,strong,1017
50,1.6683333333333334,True,1.0,0.3447058257460904,0.41104760783968614,0.37787671679288826,0.5954376961915112,-0.05064814814814805,-0.05439814814814814,0.3412195887061605,0.2441805615007983,0.19281067415146866,0.6346200773142711,0.06634178209359576,0.0037500000000000866,0.007025783576982712,0.4928537293792121,0.11657262798508727,0.11168671601539791,0.0,0.9999999987499999,0.6509741320903362,0.2953079831331547,0.29053886435677934,0.3674364494636819,surprised,08,09,09,male,strong,1017
60,2.0020000000000002,True,1.0,0.36688204715490275,0.39525782688220695,0.38106993701855485,0.7094095416792136,-0.052453703703703725,-0.05810185185185179,0.34832880428332186,0.23158290355167882,0.19726823678902955,0.5371649444079089,0.028375779727304207,0.005648148148148069,0.024767293216764623,0.40631659301799117,0.10558388228693898,0.11604823963555366,0.0,0.9999999987499999,0.6493948663449756,0.3181222236540564,0.2850580963788763,0.4135430752263904,surprised,08,09,09,male,strong,1017
70,2.3356666666666666,True,1.0,0.4967131806556594,0.5510618000535629,0.5238874903546111,0.9114249332504667,-0.055555555555555525,-0.061759259259259236,0.3234152174857691,0.3692668746196425,0.199869414660641,0.5748004813586143,0.054348619397903475,0.006203703703703711,0.004698309404204559,0.3146108528603179,0.11512092516878884,0.11062871916882701,0.0,0.9999999987499999,0.6567166102378451,0.298635398568213,0.28076641696096255,0.36485291030240197,surprised,08,09,09,male,strong,1017
80,2.6693333333333333,True,1.0,0.3406775805566092,0.4288562329518685,0.38476690675423886,0.8077285837747451,-0.05972222222222223,-0.06597222222222215,0.3406227308368026,0.3124233201392885,0.19812506161276647,0.47635668030480466,0.0881786523952593,0.006249999999999922,0.0023689520139574404,0.35478040693991447,0.11500137383422886,0.11109650231784697,0.0,0.9999999987499999,0.6498958081435698,0.29859077953593116,0.267137121254098,0.3365336863038323,surprised,08,09,09,male,strong,1017
90,3.003,True,1.0,0.41998799745086396,0.4990281373818643,0.45950806741636413,0.8249831381421983,-0.060092592592592586,-0.06518518518518518,0.3359855532414978,0.33610424146534024,0.20265974212179172,0.5569908597782286,0.07904013993100034,0.005092592592592593,0.002760710822750413,0.3313037006449562,0.1127695607698019,0.10942752936059792,0.0,0.9999999987499999,0.6469445534073004,0.30128994525887887,0.2685849096283856,0.34332837254809,surprised,08,09,09,male,strong,1017
0,0.0,True,1.0,0.500562324540403,0.444958737206394,0.4727605308733985,0.8805353358452268,-0.07092592592592589,-0.07162037037037033,0.33346540322476603,0.3059487183869008,0.21648172598551466,0.5369012595270752,0.05560358733400894,0.000694444444444442,0.005733907352890719,0.3432203389830515,0.10349622380080824,0.1149687380316745,0.0,0.9999999987499999,0.6655966394448404,0.31660361143348975,0.2832257394540154,0.4068858559310417,surprised,08,09,09,male,strong,1018
10,0.33366666666666667,True,1.0,0.5182674820992369,0.44444502673624203,0.48135625441773944,0.9030725821077588,-0.06615740740740739,-0.06694444444444447,0.3278566556731503,0.3235867887784999,0.21171774011336061,0.5330205610874164,0.07382245536299487,0.000787037037037086,0.005441470464207083,0.3285335705663539,0.10251827274375822,0.11485059483452488,0.0,0.9999999987499999,0.664152386978229,0.3175047271141672,0.28394521321325206,0.4078772574189352,surprised,08,09,09,male,strong,1018
20,0.6673333333333333,True,1.0,0.30118157300163323,0.22817791067877066,0.26467974184020193,0.9030725821077581,-0.06263888888888891,-0.06666666666666665,0.3250111942657434,0.30853624046322065,0.20254528821260373,0.2930880054208304,0.07300366232286257,0.004027777777777741,0.0021269253774898874,0.33748516943462414,0.1032608074906042,0.1148489303686401,0.0,0.9999999987499999,0.6580536987763855,0.3195623106701994,0.2817358216133674,0.400458375227639,surprised,08,09,09,male,strong,1018
30,1.0010000000000001,True,1.0,0.32659851504661785,0.33541385617256214,0.33100618560959,0.9246258661410794,-0.04972222222222222,-0.05518518518518517,0.3269958711725977,0.34299225384686105,0.19662713428789932,0.3579893205789736,0.008815341125944287,0.005462962962962947,0.020394134738977547,0.3360589142402542,0.10106266061855923,0.1185687700102876,0.0,0.9999999987499999,0.6569729055450305,0.31783427033668643,0.2734251362874323,0.39895428926928034,surprised,08,09,09,male,strong,1018
40,1.3346666666666667,True,1.0,0.3647129448687742,0.4083961781365642,0.3865545615026692,0.7225215098015334,-0.05185185185185176,-0.056620370370370376,0.37452998918728747,0.21807057958833995,0.19713954476082907,0.5350076866346171,0.04368323326779,0.004768518518518616,0.02373289639718343,0.4036520758769958,0.11265497087340863,0.11313884590881022,0.0,0.9999999987499999,0.6401348904171044,0.3045427564630692,0.2872551115592252,0.36056879871860287,surprised,08,09,09,male,strong,1018
50,1.6683333333333334,True,1.0,0.2866836361985783,0.3175509561052238,0.3021172961519011,0.6183962032863298,-0.04902777777777778,-0.052592592592592635,0.3411994011847763,0.19125403850710873,0.20330625093132715,0.4885497267712278,0.03086731990664554,0.003564814814814854,0.025998571757210057,0.5107394267906793,0.11845563805152812,0.1132764090270019,0.0,0.9999999987499999,0.6338107094634728,0.29584190594923837,0.29415205059406324,0.36549865977911566,surprised,08,09,09,male,strong,1018
60,2.0020000000000002,True,1.0,0.23963626359932252,0.252438606667141,0.24603743513323179,0.6610532422575103,-0.04662037037037037,-0.05078703703703702,0.35887745159024165,0.12381153414721845,0.20155644370746376,0.372190043714193,0.012802343067818495,0.004166666666666652,0.02855356374720968,0.5188293766223016,0.113318588284839,0.11630489782618528,0.0,0.9999999987499999,0.6363855852966186,0.2956045487089711,0.2921949039295875,0.3671847336811811,surprised,08,09,09,male,strong,1018
70,2.3356666666666666,True,1.0,0.409273594860605,0.4340061959210525,0.42163989539082875,0.8280021819995925,-0.049629629629629524,-0.053750000000000075,0.3468472785744632,0.265928998125815,0.20466766131860387,0.5092255848560509,0.0247326010604475,0.004120370370370552,0.025058253338768346,0.381918213467308,0.11644371690040049,0.11147983238554522,0.0,0.9999999987499999,0.611922342351003,0.31079666579013204,0.2877998101712203,0.3521490828970848,surprised,08,09,09,male,strong,1018
80,2.6693333333333333,True,1.0,0.383502690283551,0.42845637545624615,0.4059795328698986,0.8686267394970251,-0.05180555555555555,-0.0537962962962964,0.3467184307018711,0.27216817316027475,0.2030663977965397,0.4673808834217784,0.04495368517269516,0.0019907407407408484,0.03217194777037438,0.3440295867548905,0.11431206261353066,0.11129325814981045,0.0,0.9999999987499999,0.6392557986397684,0.30840493219772075,0.2803920097458369,0.3674278687104721,surprised,08,09,09,male,strong,1018
90,3.003,True,1.0,0.42652079233911,0.4619038923333592,0.44421234233623463,0.8820686980797141,-0.05453703703703694,-0.05944444444444441,0.34498553751994826,0.30125434694889097,0.20176707803567892,0.5036028863775533,0.03538309999424921,0.004907407407407471,0.023931852580201356,0.34749845354195524,0.1153001083815923,0.10940202118140871,0.0,0.9999999987499999,0.6387377951258629,0.3067137974376349,0.2819450224980125,0.36348092868531956,surprised,08,09,09,male,strong,1018
100,3.336666666666667,True,1.0,0.4147517383507853,0.43692187688222095,0.4258368076165031,0.7381221653056881,-0.053518518518518576,-0.05740740740740741,0.3589897501182742,0.24125271607098658,0.202801725927228,0.5769191437844788,0.022170138531435624,0.0038888888888888307,0.016383588155644533,0.4115320864433656,0.11662219585914951,0.10991507670570094,0.0,0.9999999987499999,0.6316364796621773,0.30887146409082367,0.284454465427109,0.36045141469350267,surprised,08,09,09,male,strong,1018
0,0.0,True,1.0,0.27692706189490657,0.36598568813199456,0.3214563750134506,0.9227150180352989,-0.050925925925925875,-0.05925925925925929,0.31817884849455075,0.3865474945957801,0.18998373040036948,0.3483809938391543,0.08905862623708799,0.008333333333333415,0.059218072537299014,0.3196472232726716,0.10540261351078285,0.11588456019469269,0.0,0.9999999987499999,0.6435317465970763,0.32799401054423455,0.2668102140726699,0.3769282910558332,surprised,08,09,09,male,strong,1019
10,0.33366666666666667,True,1.0,0.3315484600243184,0.38552180098947125,0.35853513050689484,0.7696953824610543,-0.04574074074074069,-0.05435185185185187,0.33638468154472634,0.3070921953502373,0.19152213773352342,0.46581431911479126,0.05397334096515283,0.00861111111111118,0.06601218900387557,0.40262662999198007,0.10992980859379461,0.11496285643830426,0.0,0.9999999987499999,0.6492034161477092,0.3178880897080806,0.2825257407985183,0.4014054521930114,surprised,08,09,09,male,strong,1019
20,0.6673333333333333,True,1.0,0.3380220171949782,0.4140703267686687,0.37604617198182344,0.6710475415799672,-0.0495370370370371,-0.052361111111111136,0.3521427493599814,0.2435846509359227,0.2005759951859521,0.5603867813842679,0.07604830957369046,0.0028240740740740344,0.05216016648680248,0.4492821261167809,0.11081727426305082,0.11174568285836076,0.0,0.9999999987499999,0.6366796215673769,0.3005723639218041,0.2802443614237184,0.35600128097613254,surprised,08,09,09,male,strong,1019
30,1.0010000000000001,True,1.0,0.3644001453922955,0.4257934743207884,0.39509680985654194,0.9420547477957462,-0.05041666666666672,-0.05171296296296296,0.33032414790784964,0.35105172794069234,0.19901021296164711,0.4193989901128398,0.06139332892849292,0.0012962962962962399,0.04182142899420502,0.3263652302065427,0.11362415726376392,0.11584204179598259,0.0,0.9999999987499999,0.6356638119466537,0.3007194283993635,0.2779400827060928,0.34552429201704454,surprised,08,09,09,male,strong,1019
40,1.3346666666666667,True,1.0,0.26390728116546175,0.3060271638030416,0.28496722248425166,0.6875642588425463,-0.04768518518518522,-0.05009259259259258,0.35298457135526884,0.14416060788962554,0.21098475997354116,0.41445903974701764,0.042119882637579875,0.002407407407407358,0.03877000715092571,0.4755425602479962,0.11561907880692618,0.11401824558177646,0.0,0.9999999987499999,0.6179957166616648,0.2930379069940091,0.3061234430843022,0.36483760163496104,surprised,08,09,09,male,strong,1019
50,1.6683333333333334,True,1.0,0.22774136973909426,0.3137135899987436,0.27072747986891893,1.0742245377697495,-0.04180555555555554,-0.042962962962962925,0.34813696592108423,0.21196575613600682,0.2098670397721282,0.2520213143064015,0.08597222025964935,0.0011574074074073848,0.03337691839300948,0.3332368829096475,0.10532167869202667,0.11983647593567985,0.0,0.9999999987499999,0.6539086822619674,0.31776682389842953,0.28707087850312474,0.4079692761397184,surprised,08,09,09,male,strong,1019
60,2.0020000000000002,True,1.0,0.27318009266255094,0.30960987876159696,0.29139498571207395,0.809610821670039,-0.054629629629629584,-0.06180555555555556,0.34646524539845297,0.1463954592417949,0.227263745713788,0.3599198255663058,0.03642978609904601,0.0071759259259259744,0.03529677650613694,0.40050876520811307,0.11311150030328539,0.11715859336175054,0.0,0.9999999987499999,0.6147822424751151,0.2985292447715902,0.3000145217257548,0.36225512936346216,surprised,08,09,09,male,strong,1019
70,2.3356666666666666,True,1.0,0.40718690960484316,0.43597784061366807,0.4215823751092556,0.7820077789166963,-0.05939814814814809,-0.07111111111111107,0.3358510042358319,0.19901140795766725,0.23985303751194922,0.5391025338562072,0.028790931008824905,0.01171296296296298,0.027420036511146946,0.4068882196873946,0.11918109383621697,0.11217371352044846,0.0,0.9999999987499999,0.6038309205635378,0.2995196955962942,0.31700819012699144,0.37701137824818,surprised,08,09,09,male,strong,1019
80,2.6693333333333333,True,1.0,0.4084228804978106,0.4474896779183097,0.4279562792080601,0.8167227607107925,-0.05546296296296288,-0.06560185185185186,0.34694906635018613,0.19328381198930938,0.23001113610738608,0.5239921057613363,0.039066797420499066,0.010138888888888975,0.0352057186276352,0.4040513168252925,0.10877478988183048,0.11654775032716999,0.0,0.9999999987499999,0.6288183703246923,0.3286364212857885,0.28987540406058676,0.4038618518547324,surprised,08,09,09,male,strong,1019
90,3.003,True,1.0,0.3920980551987092,0.4317370416428112,0.4119175484207602,0.7713809615293654,-0.05717592592592585,-0.06472222222222218,0.3525484903739536,0.1856122152233229,0.22504253220928794,0.534000149036708,0.039638986444101965,0.007546296296296329,0.017490124551003332,0.39227885403220536,0.11391737975551633,0.11406017194290528,0.0,0.9999999987499999,0.6346657059933347,0.2959155521303626,0.2900338067903542,0.37496360710903287,surprised,08,09,09,male,strong,1019
100,3.336666666666667,True,1.0,0.42029914482463776,0.4673009377217894,0.4438000412732136,0.8060636781274242,-0.05314814814814811,-0.06138888888888894,0.35499990137393206,0.21586635857039407,0.2231442629503919,0.5505769002074509,0.04700179289715162,0.008240740740740826,0.01228949109279104,0.3685199556212152,0.11636126280717113,0.11190691063296195,0.0,0.9999999987499999,0.6294846026066677,0.29547941043183346,0.2943351304547428,0.37345786473186393,surprised,08,09,09,male,strong,1019
0,0.0,True,1.0,0.5479966243511908,0.5418921284609096,0.5449443764060502,0.6571337250238646,-0.06305555555555553,-0.06550925925925927,0.3290002817493146,0.3896622424776856,0.17849957907496103,0.8292747056716042,0.00610449589028117,0.0024537037037037357,0.024606299572225963,0.43227502740592627,0.12030735953929172,0.1118200970834805,0.0,0.9999999987499999,0.6308392253854669,0.29847688295454966,0.3139002798521456,0.37183625549412114,neutral,01,09,09,male,normal,1020
10,0.33366666666666667,True,1.0,0.5202098546506418,0.5161696151330647,0.5181897348918533,0.615251975824399,-0.06324074074074065,-0.06587962962962968,0.3363087181743061,0.375118342128688,0.1771182276435293,0.8422398549756978,0.004040239517577149,0.002638888888889024,0.023624912643777998,0.4826088887168033,0.11955170693775173,0.11160806670660296,0.0,0.9999999987499999,0.6331953225040016,0.29798412284180154,0.31694198966871995,0.37548337591586634,neutral,01,09,09,male,normal,1020
20,0.6673333333333333,True,1.0,0.5061597892492822,0.5332371461842907,0.5196984677167864,0.8554667962349438,-0.06087962962962962,-0.06430555555555567,0.31634779603887686,0.45939243057517026,0.1778052414767488,0.6075027926321261,0.027077356935008567,0.0034259259259260544,0.014410920592217151,0.34422977876847055,0.10470767883608594,0.11569237002309818,0.0,0.9999999987499999,0.6851413293911315,0.3131813553436063,0.27721466238027204,0.3928238810122136,neutral,01,09,09,male,normal,1020
30,1.0010000000000001,True,1.0,0.46399736129169444,0.4961499298540507,0.4800736455728726,0.8958016302185562,-0.05935185185185182,-0.06388888888888888,0.3184061131218586,0.43216395424561094,0.1778502899213846,0.5359151282809622,0.032152568562356265,0.004537037037037062,0.01868335216607533,0.326114235191987,0.10198060271885583,0.1168055973705381,0.0,0.9999999987499999,0.6839769232693077,0.31448103903106267,0.27034717477782855,0.3869773595648628,neutral,01,09,09,male,normal,1020
40,1.3346666666666667,True,1.0,0.4857130008972703,0.47985727889940505,0.4827851398983377,0.6955456352143042,-0.06171296296296297,-0.06398148148148153,0.3545483106151528,0.31919396924158266,0.17641656880366086,0.6941099411106031,0.005855721997865271,0.0022685185185185586,0.022899431469060223,0.40361432480113124,0.12105519819089634,0.111523745027014,0.0,0.9999999987499999,0.635666036953844,0.2980902515535196,0.31443054736544346,0.37399758056803356,neutral,01,09,09,male,normal,1020
50,1.6683333333333334,True,1.0,0.4780539244968085,0.5081852300106968,0.49311957725375266,0.657994116403023,-0.061990740740740735,-0.06546296296296295,0.328953845187962,0.3365329952739025,0.18198637216357724,0.7494285510475838,0.030131305513888318,0.00347222222222221,0.021180791617621566,0.44703983816285003,0.11973782508304409,0.11174986498957373,0.0,0.9999999987499999,0.6316332001550621,0.2992211874085128,0.311477194780558,0.370144779575792,neutral,01,09,09,male,normal,1020
60,2.0020000000000002,True,1.0,0.5288633151983527,0.5281352077844631,0.5284992614914079,0.6693739633806699,-0.06185185185185188,-0.06671296296296297,0.34410865212234243,0.3200396767995573,0.18474865360190323,0.789542603094726,0.0007281074138896226,0.004861111111111094,0.017815518435203948,0.4162043731370939,0.11813230504260755,0.1122640189607433,0.0,0.9999999987499999,0.6268059104110394,0.301488841660589,0.30906145354197884,0.3693938711314181,neutral,01,09,09,male,normal,1020
70,2.3356666666666666,True,1.0,0.5426588684413698,0.5214574810734207,0.5320581747573953,0.6519953193452462,-0.060324074074074086,-0.06421296296296297,0.33291328079715465,0.3408979330136173,0.18409782819833256,0.8160460036610454,0.021201387367949076,0.003888888888888886,0.019695691558868637,0.43385053396899176,0.12138546537894573,0.11133543665988235,0.0,0.9999999987499999,0.6486173914409514,0.29183353516760974,0.305495950699644,0.3719570514550769,neutral,01,09,09,male,normal,1020
80,2.6693333333333333,True,1.0,0.5148425780393475,0.5138063195960605,0.514324448817704,0.5573587052408561,-0.06180555555555556,-0.06564814814814818,0.34133722295676333,0.3150372051781133,0.1854759093090738,0.9227889400156488,0.0010362584432870303,0.0038425925925926196,0.019886450973693133,0.5202458677710814,0.11857698633068182,0.11264310675018613,0.0,0.9999999987499999,0.6469609848314326,0.29176606397465826,0.3018857772462266,0.369269836368266,neutral,01,09,09,male,normal,1020
90,3.003,True,1.0,0.24821745996741357,0.23635501378205986,0.24228623687473672,0.5570539046444299,-0.07546296296296295,-0.07856481481481487,0.3413372229567636,0.3003843119140149,0.18823498003510292,0.4349421749936196,0.011862446185353703,0.003101851851851911,0.022007815706771714,0.5185328223744438,0.12086425009082617,0.11207117229291279,0.0,0.8684190652366967,0.6459323303930948,0.29252078328058334,0.3008355334021339,0.36413806607447946,neutral,01,09,09,male,normal,1020
0,0.0,True,1.0,0.49536701678562606,0.4787597062622448,0.4870633615239354,0.567822801745177,-0.0622685185185185,-0.06449074074074074,0.34433722131838196,0.312997964879756,0.18196499023394072,0.8577735167150189,0.01660731052338127,0.0022222222222222365,0.01433329210621794,0.5054059076405115,0.1213752384685158,0.1120289156345487,0.0,0.9999999987499999,0.6481218093956334,0.29136748869349977,0.3079040211066346,0.3751689767638683,neutral,01,09,09,male,normal,1021
10,0.33366666666666667,True,1.0,0.5148661262919408,0.5197782826363054,0.5173222044641231,0.5727624075900553,-0.061712962962963025,-0.0641666666666666,0.351972775971922,0.3148948054380628,0.18197840664028836,0.9032055833426615,0.004912156344364593,0.002453703703703569,0.01632430758085767,0.5085120628911316,0.1202100801054357,0.11226459551966654,0.0,0.9999999987499999,0.6494448253832783,0.29111630463832655,0.30580061855423024,0.37339958674916784,neutral,01,09,09,male,normal,1021
20,0.6673333333333333,True,1.0,0.5029549238086607,0.5077343950495489,0.5053446594291048,0.7417255062729355,-0.06050925925925926,-0.06375000000000003,0.32500865758033637,0.41719195196398,0.18127693765341465,0.6813095345317021,0.004779471240888178,0.0032407407407407662,0.018007966178415356,0.3866921988654044,0.11843802119500538,0.11446591543405966,0.0,0.9999999987499999,0.6495507080879226,0.2909898983237644,0.30288739354822036,0.37288496496586676,neutral,01,09,09,male,normal,1021
30,1.0010000000000001,True,1.0,0.5032004473399115,0.5081852300106962,0.5056928386753039,0.8965112403242331,-0.06189814814814815,-0.06481481481481477,0.325121906190447,0.45598416533732544,0.17988189485538578,0.5640674828487533,0.0049847826707846155,0.002916666666666623,0.015933537124271042,0.3301918266553724,0.11754878160105613,0.11202774501892636,0.0,0.9999999987499999,0.6482059384066127,0.2909101468572837,0.30513651421423166,0.3751231001058365,neutral,01,09,09,male,normal,1021
40,1.3346666666666667,True,1.0,0.4686018849949816,0.47306556021704715,0.4708337226060144,0.6718963195694115,-0.06037037037037035,-0.0633333333333333,0.35723992024851586,0.25894226029045325,0.1812605229973301,0.7007535372537103,0.004463675222065533,0.002962962962962945,0.013578654151961432,0.42184603512589536,0.12002708117678687,0.11195084058443325,0.0,0.9999999987499999,0.628029761357668,0.30031751025201553,0.3160534990388995,0.37693791569000407,neutral,01,09,09,male,normal,1021
50,1.6683333333333334,True,1.0,0.4817381666733791,0.5000000000000006,0.4908690833366898,0.7412831838863064,-0.06,-0.064074074074074,0.32440711452550025,0.3783373143054067,0.18058259679984476,0.6621883431419866,0.018261833326621457,0.004074074074074008,0.016439782108140094,0.39895439745785904,0.11967967111733778,0.11282986788605058,0.0,0.9999999987499999,0.6500399254076631,0.28914515994802203,0.30458143324720216,0.3685645455962638,neutral,01,09,09,male,normal,1021
60,2.0020000000000002,True,1.0,0.48039744811350815,0.4936306618537281,0.48701405498361816,0.7258941011926263,-0.06074074074074082,-0.06398148148148147,0.3371154926777297,0.3332967595639308,0.182672721974871,0.670916121488611,0.013233213740219962,0.003240740740740655,0.017286089787160373,0.4137416437981606,0.12017494039882196,0.11230221042533,0.0,0.9999999987499999,0.6476805693058473,0.29116660139849315,0.30795805589287756,0.37539659821599763,neutral,01,09,09,male,normal,1021
70,2.3356666666666666,True,1.0,0.5148425780393475,0.5078583233935289,0.5113504507164381,0.6427025192253046,-0.060416666666666674,-0.06458333333333333,0.3266824274436047,0.3824238582657984,0.18336703828728795,0.795625402764572,0.006984254645818644,0.004166666666666652,0.01427088538531169,0.45581570044168884,0.12053672335183434,0.11174344339735993,0.0,0.7542387515219067,0.651717153853729,0.29053451699623595,0.30798062286537403,0.3741554905220785,neutral,01,09,09,male,normal,1021
80,2.6693333333333333,True,1.0,0.5109820152549487,0.5077343950495483,0.5093582051522485,0.5973058048068283,-0.06189814814814815,-0.06560185185185186,0.3350207626969588,0.34345083776392604,0.18266562172332232,0.8527595095396361,0.00324762020540037,0.003703703703703709,0.009913326108921235,0.5068669080735089,0.11968551314740308,0.11349712110365189,0.0,0.9999999987499999,0.6477211103425745,0.2915866771036267,0.3053538504794527,0.3739712250092088,neutral,01,09,09,male,normal,1021
90,3.003,True,1.0,0.5149789179679085,0.5059829059829059,0.5104809119754072,0.577524324773192,-0.06328703703703703,-0.06578703703703698,0.33966205618455686,0.34059126845598486,0.18335372349028453,0.8839124000116975,0.008996011985002661,0.0024999999999999467,0.013234442864962179,0.5054584734762513,0.12209375439884025,0.11124541153785952,0.0,0.9999999987499999,0.6495657640947005,0.2919039395390135,0.30981159106767914,0.378351987228293,neutral,01,09,09,male,normal,1021
0,0.0,True,1.0,0.530896864020254,0.5139283130644752,0.5224125885423646,0.5820158081508816,-0.06217592592592597,-0.06472222222222224,0.32722201773441517,0.32915420220664643,0.18615210035902052,0.897591751334243,0.01696855095577887,0.0025462962962962687,0.015538037644428487,0.5058123521132541,0.12459684042880173,0.10913509791878352,0.0,0.9999999987499999,0.6454744682794993,0.29243288836622605,0.30809526363460094,0.37281670304989883,neutral,01,09,09,male,normal,1022
10,0.33366666666666667,True,1.0,0.5029549238086612,0.5079830181548002,0.5054689709817307,0.5768621449628256,-0.06115740740740738,-0.06430555555555556,0.3313689717111336,0.3263467771347341,0.185457809398365,0.8762387606735823,0.005028094346138934,0.0031481481481481777,0.010942022696121106,0.5187031867877024,0.12066497564522984,0.11177551797546668,0.0,0.9999999987499999,0.6452839878764005,0.29264028936531344,0.30813523085845107,0.3760403064411137,neutral,01,09,09,male,normal,1022
20,0.6673333333333333,True,1.0,0.5149583853384389,0.5278060702464347,0.5213822277924367,0.7684274322932081,-0.061342592592592504,-0.06421296296296303,0.31471691438376587,0.38418733700131796,0.18546644821245542,0.6785054852043509,0.012847684907995816,0.002870370370370523,0.01603823549921913,0.3866921988654044,0.11973390609967789,0.11294112822063007,0.0,0.7071067807446058,0.6462252102559773,0.2928110076919518,0.30547512009644634,0.37287103251599074,neutral,01,09,09,male,normal,1022
30,1.0010000000000001,True,1.0,0.4805289006861979,0.501918092011182,0.49122349634868995,0.9126226263119964,-0.06240740740740747,-0.06467592592592591,0.315016882916723,0.40019514270970613,0.18754922856350442,0.5382547859171272,0.02138919132498407,0.0022685185185184475,0.009806473475834993,0.32606661195338255,0.11947325354808501,0.11254169276366019,0.0,0.9999999987499999,0.6469741663305947,0.29324440842343047,0.30534193386724434,0.37177313504606757,neutral,01,09,09,male,normal,1022
40,1.3346666666666667,True,1.0,0.45427804608417893,0.4733933786727179,0.46383571237844845,0.7199265381083556,-0.06060185185185185,-0.06273148148148144,0.3421519503751737,0.29384756657483924,0.18339324896887862,0.6442820035460852,0.01911533258853898,0.0021296296296295925,0.01269042737410987,0.4017857142857144,0.12007264014841428,0.11224197034367066,0.0,0.9999999987499999,0.6501942719118897,0.29111170488243543,0.30662238079881854,0.3754801175277505,neutral,01,09,09,male,normal,1022
50,1.6683333333333334,True,1.0,0.5010534554785262,0.5220794653247214,0.5115664604016238,1.0285504243962906,-0.06305555555555553,-0.06490740740740736,0.3173738336510166,0.4826094360885439,0.18409782819833256,0.49736643752968024,0.02102600984619518,0.0018518518518518268,0.01648698715392124,0.2872189871905082,0.11880286469762899,0.1125742176203768,0.0,0.9999999987499999,0.646983095410039,0.29177171615934294,0.3073978810222811,0.37476156792005666,neutral,01,09,09,male,normal,1022
60,2.0020000000000002,True,1.0,0.5183017781865844,0.5144923144610833,0.5163970463238339,0.8186283446313007,-0.06097222222222226,-0.06412037037037033,0.32464632476815897,0.44010667174302387,0.1806066769993317,0.6308076793461289,0.003809463725501061,0.0031481481481480666,0.022147297719310028,0.36126062322726177,0.12102739326935125,0.11206510890963466,0.0,0.9999999987499999,0.6493085687087335,0.291514998600001,0.3057596357664247,0.37178503558722326,neutral,01,09,09,male,normal,1022
70,2.3356666666666666,True,1.0,0.5481049714024507,0.5419198104865944,0.5450123909445226,0.7920555120034157,-0.06277777777777777,-0.06648148148148147,0.32272382831705,0.4347482470106645,0.18410901721640266,0.6880987287948729,0.0061851609158563026,0.003703703703703709,0.02190778256628014,0.37695321781588215,0.12009981981530352,0.11170237354765568,0.0,0.9999999987499999,0.6474766318089736,0.2920092604897627,0.30904159745371396,0.37586806476694895,neutral,01,09,09,male,normal,1022
80,2.6693333333333333,True,1.0,0.5149583853384404,0.5222872885271421,0.5186228369327912,0.6166418622236259,-0.06078703703703714,-0.06560185185185186,0.33209637071943904,0.36092712392373316,0.1827207458422015,0.8410438354973572,0.007328903188701719,0.004814814814814716,0.02451680790823016,0.4670566790225783,0.11901017197514518,0.11235503593509817,0.0,0.9999999987499999,0.647227458491209,0.29192955006478866,0.3053619128025248,0.37262569043155025,neutral,01,09,09,male,normal,1022
90,3.003,True,1.0,0.5010534554785272,0.5132195341337543,0.5071364948061408,0.5911355392928695,-0.061203703703703705,-0.06458333333333333,0.3291925498180023,0.32574691376856774,0.18410901721640272,0.8579022256262744,0.01216607865522712,0.0033796296296296213,0.018999652882081285,0.5052483084785409,0.1238750567436915,0.10978027423679967,0.0,0.9999999987499999,0.6454558344665992,0.2924532737085751,0.30920088374909804,0.37256625842907676,neutral,01,09,09,male,normal,1022
0,0.0,True,1.0,0.4909274916915207,0.519463864578377,0.5051956781349489,0.6329296986179331,-0.06513888888888891,-0.07004629629629627,0.34441855901055346,0.3810717567231144,0.1750017438529185,0.7981860848655,0.028536372886856287,0.00490740740740736,0.028899826301757418,0.44959912332898205,0.1194374888455667,0.11274875222871282,0.0,0.9999999987499999,0.6323080336275134,0.295121908356769,0.3169365129409419,0.37447936013373473,neutral,01,09,09,male,normal,1023
10,0.33366666666666667,True,1.0,0.5232233048955334,0.5365487532215731,0.5298860290585532,0.5654311479395054,-0.0658333333333333,-0.07078703703703709,0.3406664185514712,0.34067307977866507,0.18198637216357724,0.9371362560932792,0.013325448326039768,0.004953703703703793,0.03255408380127252,0.4766021353942936,0.10817228921907479,0.11629088153345442,0.0,0.9999999987499999,0.6803113629905088,0.3135019107432232,0.27674471106757703,0.39234972972796023,neutral,01,09,09,male,normal,1023
20,0.6673333333333333,True,1.0,0.5094666627791946,0.4924349199374589,0.5009507913583268,0.5857059083243696,-0.06587962962962968,-0.06962962962962965,0.3463572791171687,0.34281997688958227,0.18405430888416377,0.8552940720565436,0.017031742841735698,0.0037499999999999756,0.029840862164160473,0.48260888871680424,0.12077202872235646,0.11183033484628563,0.0,0.9999999987499999,0.6296053923209909,0.29741880914958174,0.31783350104100555,0.37626977818488505,neutral,01,09,09,male,normal,1023
30,1.0010000000000001,True,1.0,0.5172761916463609,0.5081844632883208,0.5127303274673408,0.9508429405947103,-0.06587962962962968,-0.07,0.3147068790568751,0.47523354887086533,0.18266562172332237,0.5392376654199595,0.009091728358040063,0.00412037037037033,0.020379762478882405,0.3097011435217096,0.11745536191430522,0.11297207356380341,0.0,0.9999999987499999,0.6278004225830957,0.29915432189476376,0.3123382175247887,0.3707046441124842,neutral,01,09,09,male,normal,1023
40,1.3346666666666667,True,1.0,0.517644197211913,0.5278060702464347,0.5227251337291738,0.6863928070022427,-0.06495370370370368,-0.06939814814814821,0.3488404349681705,0.34281997688958193,0.18752603985846872,0.7615539213065586,0.010161873034521651,0.004444444444444529,0.025632748093912278,0.43511338382899273,0.12231606235562639,0.11048482022025946,0.0,0.9999999987499999,0.6249887380264606,0.3001154507805324,0.31264042006928233,0.370367007738202,neutral,01,09,09,male,normal,1023
50,1.6683333333333334,True,1.0,0.5538944202990932,0.5683318172249044,0.5611131187619989,0.8267517160779975,-0.06541666666666668,-0.07009259259259265,0.3189946192892536,0.41279505030988695,0.18752603985846872,0.6786960436246162,0.014437396925811252,0.004675925925925972,0.029538964831925134,0.3438235490599096,0.11966101488131618,0.11149086376538567,0.0,0.9999999987499999,0.6404502948366847,0.2914628884097182,0.30824099615523404,0.3731896162247234,neutral,01,09,09,male,normal,1023
60,2.0020000000000002,True,1.0,0.4681982322333443,0.4781650248274583,0.4731816285304013,0.7228144841239461,-0.06277777777777771,-0.06800925925925927,0.3333031629059303,0.3315552525765522,0.18824349140015093,0.6546377236807854,0.009966792594114038,0.005231481481481559,0.030554376529007207,0.4034285132347521,0.11769057630491897,0.11340103829555193,0.0,0.9999999987499999,0.6430302889984119,0.2910171030989572,0.30586281662669557,0.37680172363946607,neutral,01,09,09,male,normal,1023
70,2.3356666666666666,True,1.0,0.5232233048955321,0.5303914573092878,0.52680738110241,0.5550397138654845,-0.06361111111111112,-0.06842592592592595,0.339382808305798,0.3356143269801745,0.18966219313384594,0.9491345717111755,0.00716815241375568,0.004814814814814827,0.036446922452113104,0.5089422106145096,0.12321670426677313,0.11017338239860335,0.0,0.7947129383577922,0.6470250789456407,0.28993192866458867,0.3104528658489488,0.3772429965080257,neutral,01,09,09,male,normal,1023
80,2.6693333333333333,True,1.0,0.4819541264480999,0.5127151336257834,0.4973346300369416,0.5322205360900892,-0.06337962962962962,-0.06907407407407401,0.34491253056593285,0.31587195274588176,0.18967385838108636,0.9344521609229253,0.030761007177683486,0.005694444444444391,0.031290974903252416,0.5372443143148073,0.1198767215154222,0.11194176438977622,0.0,0.9999999987499999,0.6454484636667166,0.2901956729763054,0.31039760910974185,0.37632834447498276,neutral,01,09,09,male,normal,1023
90,3.003,True,1.0,0.447857327901337,0.4302343566168837,0.43904584225911036,0.5576037108133929,-0.06666666666666665,-0.07217592592592592,0.34654818714303226,0.3285358111858494,0.18966219313384594,0.7873796994978052,0.01762297128445328,0.005509259259259269,0.026073445245110585,0.5212693314863922,0.12160171018935383,0.11109921125032853,0.0,0.9999999987499999,0.6441566757327932,0.29013750830180046,0.3078533904528653,0.37178774341277776,neutral,01,09,09,male,normal,1023
0,0.0,True,1.0,0.18809459515352964,0.20158371060348867,0.19483915287850917,0.4703089347201263,-0.0737962962962963,-0.08356481481481481,0.39995504782672364,0.29242455726686856,0.15207724517914564,0.41427908018471943,0.013489115449959038,0.00976851851851851,0.08763590062761287,0.5708116693087811,0.12119369479437253,0.1087770005237775,0.0,0.9999999987499999,0.6272047297278287,0.2982678976677012,0.3316304487368191,0.3707054774707486,calm,02,09,09,male,normal,1024
10,0.33366666666666667,True,1.0,0.15128851024019985,0.17496916761039222,0.16312883892529603,0.4727035707380067,-0.07439814814814821,-0.08245370370370375,0.3944255022837116,0.29317077437596994,0.14854716572117224,0.3450975389727049,0.02368065737019237,0.008055555555555538,0.07461722241302615,0.6170966609584302,0.10454747380091295,0.1166566241046584,0.0,0.9999999987499999,0.6862571856633279,0.31040614826162166,0.2787324568696996,0.3860045950183544,calm,02,09,09,male,normal,1024
20,0.6673333333333333,True,1.0,0.29711751907394734,0.3364044891662238,0.31676100412008557,0.5492429708037413,-0.06324074074074076,-0.07212962962962965,0.3597900200046262,0.35764677634717956,0.14947161131739908,0.5767229094558088,0.03928697009227644,0.00888888888888889,0.0941972634619249,0.5167279483247457,0.11905308144418322,0.1106001783750376,0.0,0.9999999987499999,0.6303149298156763,0.29820128304252563,0.32537718079936717,0.37023418783949436,calm,02,09,09,male,normal,1024
30,1.0010000000000001,True,1.0,0.40674135346100837,0.44894345513190037,0.42784240429645437,0.8570594508406051,-0.06046296296296294,-0.06888888888888889,0.3485529142809497,0.5020651735898061,0.15008076192968145,0.4991980473196182,0.042202101670892,0.008425925925925948,0.08986376094203573,0.33271480162311584,0.11761940526611649,0.11161272024288939,0.0,0.8931866161704982,0.6342561069193303,0.2981589801766788,0.33339373213646106,0.38806026543508737,calm,02,09,09,male,normal,1024
40,1.3346666666666667,True,1.0,0.14849120008998368,0.13500135542848365,0.14174627775923365,0.6657131191459136,-0.06601851851851842,-0.07680555555555557,0.3471049776158136,0.3920234917071103,0.13890809329034304,0.21292396631913926,0.013489844661500022,0.01078703703703715,0.08849049790485,0.4208055845686562,0.11762354200238631,0.11194924777148686,0.0,0.9999999987499999,0.6290285287552521,0.29947344770219997,0.32100178206334873,0.3698817122168821,calm,02,09,09,male,normal,1024
50,1.6683333333333334,True,1.0,0.20710816554569164,0.22755324724169207,0.21733070639369184,0.9181497511360519,-0.07856481481481487,-0.08814814814814814,0.35751858048439417,0.5694764906716206,0.13602882718013024,0.236705075751295,0.020445081696000428,0.009583333333333277,0.0867344699492489,0.3177540908116866,0.11944127027716439,0.11257563625312367,0.0,0.9999999987499999,0.6280808301601891,0.2991974308255543,0.3256320630692339,0.3820675439294749,calm,02,09,09,male,normal,1024
60,2.0020000000000002,True,1.0,0.2177081059782567,0.26942799644452925,0.24356805121139297,0.6520731593803248,-0.06268518518518523,-0.07361111111111107,0.34363669629280946,0.40577870194244603,0.1432160137058357,0.373528717916958,0.05171989046627254,0.010925925925925839,0.0904253484930698,0.43730731906928577,0.11904590510238655,0.11129476144929304,0.0,0.9999999987499999,0.6250179646936901,0.29937894739738896,0.32666750996509275,0.3753749782419429,calm,02,09,09,male,normal,1024
70,2.3356666666666666,True,1.0,0.2518094476929226,0.2935624748717685,0.27268596128234557,0.8250906652332437,-0.05902777777777779,-0.07324074074074083,0.3438836406554415,0.49824346079744686,0.1486211058364302,0.3304921177423094,0.04175302717884588,0.014212962962963038,0.09683323779679494,0.35813529633941127,0.12112123742612553,0.11110960652880827,0.0,0.9999999987499999,0.6232888886335785,0.29885772405732386,0.3308099050864431,0.37913894002716997,calm,02,09,09,male,normal,1024
80,2.6693333333333333,True,1.0,0.3454197189708339,0.3506854937801323,0.3480526063754831,0.4979275027025641,-0.05847222222222226,-0.07129629629629636,0.38266931909729296,0.28164071764954707,0.15484267478113628,0.6990025746446697,0.005265774809298407,0.012824074074074099,0.09793787248832993,0.5576358683929452,0.12303624366584053,0.1102021288184567,0.0,0.9999999987499999,0.6191999374515432,0.29904338867874597,0.3286869744932168,0.37297131767192265,calm,02,09,09,male,normal,1024
90,3.003,True,1.0,0.3035801665140776,0.339947501812661,0.3217638341633693,0.410011149372088,-0.058657407407407436,-0.07157407407407412,0.41290549066304877,0.1662715505957008,0.1592217932765803,0.7847684987496922,0.03636733529858338,0.012916666666666687,0.08772285521895158,0.6742752525173092,0.12486408289914153,0.10882923800077914,0.0,0.9999999987499999,0.6188475721773085,0.29973876754175083,0.3372541591197281,0.3799976181867857,calm,02,09,09,male,normal,1024
0,0.0,True,1.0,0.3618569553140436,0.3988241086084778,0.3803405319612607,0.5510774963892733,-0.06879629629629636,-0.0721296296296296,0.38227780826879065,0.22910128604028546,0.18047259128240484,0.6901761266850817,0.036967153294434174,0.0033333333333332438,0.06998113652215028,0.5071518392862179,0.10940765069985188,0.11429899174337255,0.0,0.9999999987499999,0.6736422179496799,0.3189070764888207,0.2845401584927685,0.38611040638115296,calm,02,09,09,male,normal,1025
10,0.33366666666666667,True,1.0,0.35526023922306854,0.37609039064706745,0.365675314935068,0.504728498306701,-0.07078703703703698,-0.07555555555555554,0.38765890097256456,0.24410784213051837,0.1796875471769262,0.724499044856515,0.02083015142399891,0.004768518518518561,0.07094492275222482,0.5775493159155032,0.1054635479839338,0.11549967263193628,0.0,0.9999999987499999,0.6767456349883703,0.31726616156296966,0.28608848669689363,0.3895904046000888,calm,02,09,09,male,normal,1025
20,0.6673333333333333,True,1.0,0.3375922334200261,0.37040925396829605,0.35400074369416107,0.5116243993360756,-0.06462962962962965,-0.0725925925925926,0.38449393931881726,0.23475360466443973,0.16933492376426662,0.6919152881558044,0.03281702054826996,0.00796296296296295,0.06563292101409528,0.571125079757951,0.10544985946461741,0.11600591930035417,0.0,0.9999999987499999,0.6811879731892758,0.315619489367803,0.283497199237874,0.3891469626431009,calm,02,09,09,male,normal,1025
30,1.0010000000000001,True,1.0,0.3264420227322406,0.3840755511776716,0.3552587869549561,0.800824833823195,-0.06638888888888894,-0.07546296296296301,0.3497547873469668,0.37138573564442257,0.17071905405840235,0.4436160967423116,0.057633528445431015,0.009074074074074068,0.07651861989270997,0.36801017916705464,0.1048358344240235,0.11850629250946017,0.0,0.9999999987499999,0.6803873721207233,0.31458331934387457,0.28084786131732237,0.3873416883293475,calm,02,09,09,male,normal,1025
40,1.3346666666666667,True,1.0,0.33053841445141874,0.36250975958538434,0.34652408701840154,0.6888606368782941,-0.06615740740740744,-0.07685185185185184,0.35541427175702595,0.3281499976915826,0.16455973023585407,0.503039466137509,0.0319713451339656,0.010694444444444395,0.06466203577510257,0.39784708732158225,0.11982491504790649,0.11182697689651172,0.0,0.9999999987499999,0.6230982139652735,0.3000331510922011,0.3269360547985462,0.37554713463395667,calm,02,09,09,male,normal,1025
50,1.6683333333333334,True,1.0,0.2913904807126098,0.3417707718696095,0.31658062629110967,1.030366683219043,-0.06601851851851853,-0.07504629629629633,0.3516104210348156,0.5134390075471098,0.15954937266510605,0.30725044923042083,0.05038029115699971,0.009027777777777801,0.07147729037447924,0.2776556307137263,0.105541978508043,0.11641412624454626,0.0,0.9999999987499999,0.6832418222757852,0.3136648216229074,0.2851183903611399,0.3930566460003954,calm,02,09,09,male,normal,1025
60,2.0020000000000002,True,1.0,0.32096936663783227,0.36451321033455725,0.3427412884861948,0.7818032550774948,-0.06750000000000006,-0.07518518518518519,0.3436701727919709,0.41628979045500203,0.16034008287965593,0.43839839020908294,0.04354384369672498,0.007685185185185128,0.07415237486101223,0.38028827859772774,0.12151217124356437,0.10999125087183576,0.0,0.9999999987499999,0.624857370370023,0.2979626763969169,0.33087454759161017,0.3689253638878452,calm,02,09,09,male,normal,1025
70,2.3356666666666666,True,1.0,0.35551852332209866,0.37634683508412575,0.36593267920311223,0.875249733945108,-0.06287037037037047,-0.07282407407407415,0.3355033331492603,0.456803403251005,0.15935176032601825,0.41808944922919794,0.020828311762027096,0.009953703703703687,0.07200964706369463,0.3321610792322483,0.107728662293297,0.11355779849955615,0.0,0.9999999987499999,0.6787079681481969,0.3137229998702066,0.28494288981571875,0.38708030068863924,calm,02,09,09,male,normal,1025
80,2.6693333333333333,True,1.0,0.348219258667863,0.39492257607790576,0.3715709173728844,0.48965496842103534,-0.0637037037037037,-0.07430555555555557,0.38557429052741476,0.2868675714316029,0.16452495471356376,0.7588423304905281,0.046703317410042744,0.010601851851851862,0.06460344855520168,0.565507975251448,0.12115023379222642,0.1095234410668359,0.0,0.7071067807446058,0.6186936587916416,0.2970663931271599,0.3278482571185606,0.3687500616991132,calm,02,09,09,male,normal,1025
90,3.003,True,1.0,0.3733257869378827,0.4073899827731108,0.3903578848554967,0.4779271878509945,-0.06305555555555559,-0.07333333333333336,0.39735434597622754,0.2602180538870806,0.1635871422623016,0.8167727109452504,0.03406419583522807,0.010277777777777775,0.06348630515254286,0.583148504183192,0.10959792910353836,0.11327871708210022,0.0,0.9999999987499999,0.681121247092587,0.31244812191194277,0.28574323663848317,0.3896485030850665,calm,02,09,09,male,normal,1025
0,0.0,True,1.0,0.21124849906696025,0.25131269795059247,0.23128059850877636,0.48953364374543745,-0.05699074074074073,-0.06925925925925924,0.38492321547838415,0.3463113399471584,0.13512533208950636,0.47245087536627955,0.04006419888363222,0.012268518518518512,0.09649244707901945,0.5990904236650023,0.12001323869946648,0.11025095911046322,0.0,0.9999999987499999,0.6245309653783387,0.3015063203863857,0.3337592575689682,0.3807779613208162,calm,02,09,09,male,normal,1026
10,0.33366666666666667,True,1.0,0.2603971280323275,0.30670713802797944,0.2835521330301535,0.8051409332112275,-0.07101851851851843,-0.08481481481481479,0.35588254459605345,0.4922815215106766,0.15668150294210717,0.352177018126793,0.046310009995651935,0.013796296296296362,0.09979455344161563,0.3511686541306215,0.1182250236653116,0.11267478453321697,0.0,0.9999999987499999,0.6198895304293592,0.3021375483575003,0.34058842649816307,0.39401390093791583,calm,02,09,09,male,normal,1026
20,0.6673333333333333,True,1.0,0.28031150297389357,0.317083905248866,0.29869770411137975,0.7780779066502465,-0.07134259259259251,-0.0836574074074074,0.3576161398593387,0.48021998446962216,0.1566352371421838,0.3838917691382892,0.036772402274972416,0.01231481481481489,0.08787836550256464,0.3582245491834342,0.12111059040285284,0.11112121179558326,0.0,0.9999999987499999,0.6237168177270909,0.30256763271095455,0.3377013692883471,0.39327464405066764,calm,02,09,09,male,normal,1026
30,1.0010000000000001,True,1.0,0.27680020367107805,0.3210304280239266,0.2989153158475023,0.6843445128568272,-0.07027777777777777,-0.08106481481481481,0.3430949100778784,0.48496628486139026,0.1509814894490381,0.43679069566827794,0.04423022435284857,0.01078703703703704,0.09581656227967947,0.41235388568516224,0.1169673417905221,0.11075842740619196,0.0,0.9999999987499999,0.6313598653367597,0.2969987743681899,0.3306708380280124,0.37703325900954304,calm,02,09,09,male,normal,1026
40,1.3346666666666667,True,1.0,0.27873855316419227,0.3318789093583448,0.30530873126126856,0.6628483722047829,-0.06953703703703706,-0.07907407407407407,0.34636592920484305,0.44575327718588637,0.1446831971552416,0.46060116319776573,0.05314035619415253,0.00953703703703701,0.09049560830484339,0.41474711873241293,0.1200630460566872,0.1110578054770175,0.0,0.9999999987499999,0.6304793850040016,0.296460626614489,0.333907199086795,0.37926788722313987,calm,02,09,09,male,normal,1026
50,1.6683333333333334,True,1.0,0.20374684729008427,0.2238365550580581,0.2137917011740712,0.8025279698151114,-0.0733333333333333,-0.08287037037037032,0.3549839063995327,0.4922815215106769,0.14996633897646197,0.26639781940973983,0.020089707767973836,0.00953703703703701,0.09662700706298655,0.3464115252315428,0.12433840015645269,0.10820386710313978,0.0,0.9999999987499999,0.6274738774884954,0.2964798425366901,0.33976662456546264,0.386694766975396,calm,02,09,09,male,normal,1026
60,2.0020000000000002,True,1.0,0.18125408884222655,0.19726324312337654,0.18925866598280155,0.9317225848059679,-0.07912037037037034,-0.08916666666666656,0.35677033531826713,0.5229122711152521,0.14873964132933018,0.2031277003145897,0.01600915428114999,0.01004629629629622,0.08978666165289635,0.3044254970100318,0.11901938266727104,0.11098031402975467,0.0,0.9999999987499999,0.6254819868572429,0.2972017938883601,0.3354939106649161,0.3835053602513241,calm,02,09,09,male,normal,1026
70,2.3356666666666666,True,1.0,0.16442699434906244,0.17860600094236476,0.17151649764571358,0.7813648971329187,-0.07421296296296293,-0.08444444444444454,0.34611854900193595,0.44660464255102195,0.14615045531063123,0.21950883418881917,0.014179006593302318,0.010231481481481619,0.10792637302156224,0.3348053164095008,0.12076055271206486,0.11012609203555836,0.0,0.9999999987499999,0.6245650788831157,0.29598537206254266,0.33317130936991884,0.373728746193272,calm,02,09,09,male,normal,1026
80,2.6693333333333333,True,1.0,0.23301217715918152,0.24853075727346524,0.24077146721632336,0.733389146857859,-0.06805555555555548,-0.07851851851851843,0.3622777836775634,0.4779529333187493,0.1456563078993292,0.3282997413418066,0.015518580114283725,0.010462962962962952,0.1181772764699449,0.3762005628025589,0.12293854014210644,0.10821873418684959,0.0,0.9999999987499999,0.6263385543357969,0.29595072751675183,0.33719524723991773,0.38596612098891825,calm,02,09,09,male,normal,1026
90,3.003,True,1.0,0.12886478486301556,0.13682550596546939,0.13284514541424247,0.4736060776006327,-0.06745370370370363,-0.07935185185185181,0.3795803492723538,0.3820259803074242,0.13094290049016777,0.2804971297819025,0.007960721102453827,0.011898148148148185,0.11752505749165938,0.6042964341512117,0.12109319546473482,0.10853836933466657,0.0,0.9999999987499999,0.6227245402379702,0.29391844723567134,0.33348582579094194,0.3704849863045361,calm,02,09,09,male,normal,1026
100,3.336666666666667,True,1.0,0.17670825041937682,0.2019132674525581,0.18931075893596747,0.43544353972585975,-0.07263888888888892,-0.08444444444444443,0.394301864110641,0.36507230307951966,0.13115248693563908,0.43475385822729395,0.025205017033181287,0.011805555555555514,0.10804029143845505,0.6244737442325623,0.1195538400485297,0.10848953617639724,0.0,0.9999999987499999,0.6098434779302345,0.30172530689510035,0.34176869328931775,0.37274821725014373,calm,02,09,09,male,normal,1026
0,0.0,True,1.0,0.2161558471423039,0.2525846907729826,0.23437026895764326,0.44325826388246903,-0.070462962962963,-0.07685185185185184,0.4046523644647182,0.24222538159217324,0.16943626731500144,0.5287442740600254,0.03642884363067872,0.006388888888888833,0.08374110454619754,0.6599275872072896,0.12141494975530634,0.1094041919417246,0.0,0.9999999987499999,0.6171078754314226,0.2987687015403308,0.3296810688597593,0.3662539628621658,calm,02,09,09,male,normal,1027
10,0.33366666666666667,True,1.0,0.3152314380697442,0.3209437077307441,0.31808757290024414,0.48233803109941636,-0.0665277777777778,-0.07578703703703704,0.39984237914466497,0.23881920425999079,0.1701279105106715,0.6594702312301848,0.0057122696609999135,0.009259259259259245,0.08797847306112129,0.5999281738190992,0.12085094453699571,0.11019991102675171,0.0,0.9999999987499999,0.6144522158629078,0.2999893570934513,0.32913464970489914,0.36756735971233884,calm,02,09,09,male,normal,1027
20,0.6673333333333333,True,1.0,0.29689916086826146,0.3198446612800171,0.3083719110741393,0.49409288709827104,-0.06513888888888891,-0.07587962962962969,0.4013399356612727,0.24428033455910586,0.16449109947800994,0.6241172846772972,0.022945500411755637,0.010740740740740773,0.08571105986693091,0.5759153979047384,0.10455229322552606,0.1155033877196777,0.0,0.9999999987499999,0.6799669846610519,0.314174279918501,0.2824078063139078,0.3908974428550352,calm,02,09,09,male,normal,1027
30,1.0010000000000001,True,1.0,0.3073631854224389,0.32633933211011057,0.31685125876627473,0.9217243165409855,-0.07236111111111115,-0.08115740740740734,0.32293531164111194,0.534575509218941,0.1691040845344961,0.34375924892091697,0.01897614668767167,0.008796296296296191,0.07886806228448802,0.3413660762269999,0.10431228391004162,0.11637687832651762,0.0,0.9999999987499999,0.6820361732818128,0.31313127858078854,0.2818193297842609,0.38949456335478083,calm,02,09,09,male,normal,1027
40,1.3346666666666667,True,1.0,0.2821450114639769,0.34177077186960947,0.3119578916667932,0.6454626318800994,-0.06907407407407412,-0.07986111111111105,0.35260978874358,0.4152807997411903,0.1636430984197668,0.48330898840437014,0.059625760405632555,0.010787037037036928,0.08249943382907665,0.4407695745547076,0.11977906106266911,0.1105053300920264,0.0,0.9999999987499999,0.6313390400535214,0.29757310664796094,0.3312579662492475,0.3751275686864759,calm,02,09,09,male,normal,1027
50,1.6683333333333334,True,1.0,0.23395915427230493,0.25692842896879414,0.24544379162054952,0.7658156590023157,-0.06791666666666668,-0.08092592592592596,0.349972264306187,0.44070518659621083,0.1581650641039736,0.32049983404662574,0.02296927469648921,0.013009259259259276,0.0989943230643126,0.3923818799602349,0.11982196635991796,0.11183013639430786,0.0,0.9999999987499999,0.6256897017009929,0.3004412911376634,0.3284417245123347,0.374820922478943,calm,02,09,09,male,normal,1027
60,2.0020000000000002,True,1.0,0.268346308430166,0.3329182391406844,0.30063227378542523,0.9717926783092085,-0.06731481481481483,-0.08074074074074072,0.32737887360041823,0.5695404282193668,0.15699091910566232,0.3093584470182322,0.06457193071051842,0.013425925925925897,0.09890587054118122,0.29990600826094826,0.1185445709882773,0.11114504193382935,0.0,0.9999999987499999,0.622728231167467,0.301041029424326,0.3300550226811739,0.3788611950422614,calm,02,09,09,male,normal,1027
70,2.3356666666666666,True,1.0,0.26923852781742114,0.28482033639060217,0.27702943210401165,0.7218284395897793,-0.06532407407407403,-0.07773148148148151,0.3436174627931624,0.4330010360486423,0.15784072241263003,0.3837884695447157,0.015581808573181033,0.012407407407407478,0.10113033222527788,0.39478462478473797,0.121506991315555,0.11034283839551558,0.0,0.9999999987499999,0.6225737487338686,0.2984719473098545,0.3313878405930038,0.3748708387384758,calm,02,09,09,male,normal,1027
80,2.6693333333333333,True,1.0,0.2819819252381276,0.35819325328932705,0.3200875892637273,0.8472897064334318,-0.06379629629629635,-0.07879629629629636,0.33895235530520024,0.49010337613260135,0.1599538816696496,0.3777782107268824,0.07621132805119946,0.015000000000000013,0.10723030228058104,0.33778724666662574,0.1040280517416726,0.114820082788336,0.0,0.9999999987499999,0.6788120997227016,0.3139222068937982,0.2813170848299039,0.3892922265888958,calm,02,09,09,male,normal,1027
90,3.003,True,1.0,0.3112502406886894,0.36936905839688206,0.34030964954278575,0.46627225446261206,-0.06138888888888894,-0.07694444444444448,0.37668703393073266,0.3133066741143251,0.16224411745529457,0.729851811437932,0.05811881770819266,0.015555555555555545,0.11867212755835806,0.6218345463532355,0.12034918783215648,0.10866368668178732,0.0,0.9999999987499999,0.620368394943915,0.299740750370027,0.32393573076352083,0.3640193635003005,calm,02,09,09,male,normal,1027
100,3.336666666666667,True,1.0,0.3334940897090469,0.3918322551764016,0.3626631724427243,0.4162492586425626,-0.06231481481481482,-0.07768518518518519,0.3815718479923449,0.28624524755558783,0.1637646105123143,0.871264428495107,0.05833816546735465,0.015370370370370368,0.1273675091417267,0.661610537304512,0.11998942306056516,0.10923537026296931,0.0,0.9999999987499999,0.6194742278083107,0.30035844369893405,0.32012712590270465,0.363966202765642,calm,02,09,09,male,normal,1027
0,0.0,True,1.0,0.4105018567485639,0.4117778101463898,0.41113983344747684,0.452949482670815,-0.06064814814814817,-0.0689351851851851,0.4135500778495315,0.05918506868570368,0.19351185785999445,0.9076946749628508,0.0012759533978259352,0.008287037037036926,0.052371743245923155,0.615795721679125,0.1218097711189291,0.1122373462883976,0.0,0.9999999987499999,0.6273442104888831,0.2988608479858916,0.32177836503996027,0.37372420765963044,calm,02,09,09,male,strong,1028
10,0.33366666666666667,True,1.0,0.36733017576208404,0.35695798233300874,0.3621440790475464,0.49006015212404785,-0.06541666666666673,-0.06745370370370363,0.40481882276179265,0.07943865053020559,0.195328027932124,0.7389788324513226,0.010372193429075305,0.002037037037036893,0.02114892697507094,0.5699127002262174,0.1200950427255359,0.11423715201995642,0.0,0.9999999987499999,0.6269015910973764,0.30088788409593015,0.3229749034377183,0.3773895876525832,calm,02,09,09,male,strong,1028
20,0.6673333333333333,True,1.0,0.1859343820518943,0.15655748250009704,0.17124593227599566,0.47966364140777806,-0.07583333333333336,-0.07870370370370378,0.4161475207138742,0.07793763587374156,0.19445856921043916,0.3570125343947297,0.02937689955179726,0.002870370370370412,0.01039473847248734,0.5910954209236405,0.12457770301508299,0.10880730793008626,0.0,0.9999999987499999,0.6323446573785764,0.29651274635069885,0.3244867282867114,0.36403506850726525,calm,02,09,09,male,strong,1028
30,1.0010000000000001,True,1.0,0.3392679173925127,0.3130676232608377,0.3261677703266752,0.9579697358864351,-0.07194444444444453,-0.07296296296296301,0.33941563104749933,0.361026830583357,0.18820093072565577,0.34047815719863367,0.026200294131675017,0.0010185185185184742,0.00909167000358801,0.32161914388009955,0.12023272590344403,0.11257931552157605,0.0,0.9999999987499999,0.6381058554515556,0.29485170856939585,0.32198456372640644,0.3724317343357879,calm,02,09,09,male,strong,1028
40,1.3346666666666667,True,1.0,0.22212515757147736,0.19891318205033348,0.2105191698109054,0.694008587157534,-0.07532407407407404,-0.0756944444444444,0.3384427147531199,0.3098892659932791,0.17432700164969134,0.30333798991325645,0.023211975521143874,0.00037037037037035425,0.03093389184400666,0.44304452788979415,0.12178291417863063,0.11311181986638343,0.0,0.9999999987499999,0.6381505849058374,0.2907282420907563,0.32129866541345176,0.3711138757147904,calm,02,09,09,male,strong,1028
50,1.6683333333333334,True,1.0,0.2366890241617405,0.2085643948635022,0.22262670951262137,0.900175500432189,-0.0748611111111111,-0.07152777777777769,0.3420869089002132,0.435497103401018,0.15842774905617685,0.24731478406792304,0.028124629298238307,0.0033333333333334103,0.04209155933112073,0.3541397727545313,0.11450548872679753,0.11346975493908601,0.0,0.9999999987499999,0.6808249124415391,0.31540389267719965,0.28985000952699624,0.38520913811716057,calm,02,09,09,male,strong,1028
60,2.0020000000000002,True,1.0,0.19128774940602822,0.17783885560742835,0.18456330250672828,0.7376161466913709,-0.07995370370370364,-0.0771296296296296,0.3415013464695114,0.3968661431168182,0.15975278994936193,0.25021591966851586,0.01344889379859987,0.0028240740740740344,0.05062106079566042,0.4005164346655541,0.12217730153782957,0.11046591171384094,0.0,0.9999999987499999,0.6218286256143084,0.2996660215015075,0.3286952334043463,0.36289152040827777,calm,02,09,09,male,strong,1028
70,2.3356666666666666,True,1.0,0.3139179685245817,0.28244268659288546,0.2981803275587336,0.7887510858254135,-0.07129629629629636,-0.06976851851851845,0.35558694194216584,0.38653551674486886,0.15768727938291652,0.3780410992990182,0.03147528193169624,0.0015277777777779056,0.06089078715681827,0.3680282920663406,0.12498554432371264,0.10833858065083152,0.0,0.9999999987499999,0.6208449596479216,0.2982633324621298,0.33798158551411256,0.3706028890838176,calm,02,09,09,male,strong,1028
80,2.6693333333333333,True,1.0,0.30776628108394477,0.28195228174906456,0.29485928141650464,0.5372607995149723,-0.07180555555555568,-0.07203703703703707,0.3764424309603827,0.300009880568448,0.1556810629594927,0.5488196452871629,0.02581399933488021,0.00023148148148138814,0.05183382067157599,0.5279623097383499,0.12583897192956825,0.10716848204362775,0.0,0.9999999987499999,0.6211799093621825,0.29955874882812933,0.3372335614807571,0.3714361899963718,calm,02,09,09,male,strong,1028
90,3.003,True,1.0,0.1764708557780917,0.16589964643824032,0.17118525110816601,0.4510182057279124,-0.07388888888888895,-0.07254629629629628,0.4046074126503951,0.2731338902734611,0.15290556524442153,0.3795528626874048,0.010571209339851395,0.001342592592592673,0.0590572787868783,0.5959495975354359,0.12503791807924083,0.10880471144438254,0.0,0.9999999987499999,0.6245724002178996,0.29922207704996917,0.3384171399757703,0.37121676608074855,calm,02,09,09,male,strong,1028
0,0.0,True,1.0,0.22428440792081114,0.18844562140419174,0.20636501466250146,0.45480638338581675,-0.07560185185185198,-0.06847222222222221,0.3911878337029356,0.25394214045748714,0.15741091323305995,0.45374256431102017,0.0358387865166194,0.007129629629629763,0.10243801786380542,0.5838275558268758,0.12457005247961483,0.10899101027170181,0.0,0.9999999987499999,0.6181749780068277,0.2965535383657188,0.34884077914452616,0.37995807836047973,calm,02,09,09,male,strong,1029
10,0.33366666666666667,True,1.0,0.16788434114990472,0.15303951614136901,0.16046192864563685,0.4512193972049569,-0.0806944444444444,-0.07250000000000001,0.3976589208536669,0.257219717846983,0.1519703500047784,0.3556184189766789,0.014844825008535706,0.008194444444444393,0.09975542423314096,0.6149290697116013,0.12298150836381917,0.10956988300699205,0.0,0.9999999987499999,0.6187710513736745,0.29671834185472407,0.3437887163466585,0.3732068216698159,calm,02,09,09,male,strong,1029
20,0.6673333333333333,True,1.0,0.15998682048037657,0.1589537565541747,0.15947028851727563,0.432777021273469,-0.0838888888888889,-0.07481481481481483,0.4064153232624716,0.2642374247567212,0.14353473822343898,0.3684814134725221,0.001033063926201866,0.009074074074074068,0.11322993020717188,0.6153140417629683,0.125207993576633,0.10755129403782307,0.0,0.9999999987499999,0.6263842385235344,0.29524032366800296,0.34595635931465923,0.37249784115669665,calm,02,09,09,male,strong,1029
30,1.0010000000000001,True,1.0,0.18048348716052914,0.14873952205878482,0.16461150460965698,0.7630594488200554,-0.08328703703703705,-0.07416666666666671,0.3709170637237733,0.3656758469141513,0.14495114519642416,0.21572566182648195,0.03174396510174432,0.009120370370370334,0.11865097673538359,0.3511686541306216,0.12138387025923891,0.11082262792383975,0.0,0.9999999987499999,0.6230488270464435,0.29560282848182423,0.34624932204639125,0.3852406462211683,calm,02,09,09,male,strong,1029
40,1.3346666666666667,True,1.0,0.17756995373378856,0.16319063862844407,0.17038029618111633,0.6076304326339094,-0.08222222222222225,-0.0730555555555556,0.35861819682136337,0.345707101246537,0.13813993485434437,0.2804011896549766,0.014379315105344487,0.009166666666666656,0.1299559232644759,0.43396453293012716,0.12344160178912353,0.10887643299638693,0.0,0.9999999987499999,0.6223314908150761,0.2947722644654622,0.3448728064117692,0.37220074227554895,calm,02,09,09,male,strong,1029
50,1.6683333333333334,True,1.0,0.1741592151691482,0.14583990250283857,0.15999955883599337,0.9439843655036052,-0.08217592592592587,-0.07074074074074072,0.350231278538318,0.49462524925785867,0.1368356257491127,0.16949386524069748,0.02831931266630963,0.01143518518518516,0.11653701647505847,0.2845650705604149,0.12680987994201934,0.1067342519499069,0.0,0.9999999987499999,0.6173723334333735,0.29902816533529114,0.3459953150501285,0.3806696554133883,calm,02,09,09,male,strong,1029
60,2.0020000000000002,True,1.0,0.1697770782907038,0.14935206743283982,0.1595645728617718,0.8118772725582992,-0.08222222222222225,-0.07328703703703704,0.3442823350191402,0.43548202227829796,0.13862659694863264,0.19653779980682218,0.020425010857863968,0.008935185185185213,0.11036623746967407,0.34884809933394445,0.12329383804429066,0.10991385696276039,0.0,0.9999999987499999,0.6209933905124551,0.2968578885913675,0.33709341661617465,0.3722972116243835,calm,02,09,09,male,strong,1029
70,2.3356666666666666,True,1.0,0.17791322753287697,0.16448068326292078,0.17119695539789886,0.7843224567751841,-0.08476851851851847,-0.0740277777777778,0.35269386636913896,0.4271742600136202,0.1394502544163693,0.21827368822485502,0.013432544269956187,0.010740740740740662,0.13157928302012853,0.3536163969153182,0.12490554784269282,0.1075486807355242,0.0,0.7071067807446058,0.6190837895314375,0.2934283974523917,0.35556448483962927,0.3854424804311363,calm,02,09,09,male,strong,1029
80,2.6693333333333333,True,1.0,0.16060493021689307,0.14512159026911434,0.1528632602430037,0.4663852585503382,-0.08208333333333329,-0.07217592592592592,0.38284098961759094,0.28156516799790493,0.13941578253440587,0.3277617751430382,0.01548333994777873,0.009907407407407365,0.12227022002012501,0.569291416803757,0.12700306449952958,0.10668304338394734,0.0,0.9999999987499999,0.6200463062881404,0.296789932170263,0.33967090987456616,0.3699867098553439,calm,02,09,09,male,strong,1029
90,3.003,True,1.0,0.15094378106666928,0.14144071421146995,0.14619224763906963,0.4225200052121072,-0.08245370370370375,-0.07185185185185178,0.4043018790404962,0.2504972642442674,0.1394502544163693,0.34600077117219663,0.009503066855199332,0.010601851851851973,0.12765372022553714,0.6222456556336675,0.12671764524104542,0.10666527376456361,0.0,0.9999999987499999,0.6129260956960909,0.29674956767706134,0.34379752165136146,0.3702753920143306,calm,02,09,09,male,strong,1029
100,3.336666666666667,True,1.0,0.07438926752120421,0.1122999148478559,0.09334459118453006,0.42008981791884903,-0.07884259259259258,-0.06916666666666665,0.4005434456452324,0.2605097046534542,0.13553750062088477,0.2222015083511544,0.037910647326651684,0.009675925925925921,0.12381477273441144,0.636396930684247,0.1247596053762015,0.1084231122328687,0.0,0.9999999987499999,0.6157892000941001,0.2985664397732829,0.34246517298093027,0.373720738805416,calm,02,09,09,male,strong,1029
0,0.0,True,1.0,0.24545698379125755,0.20970258845951717,0.22757978612538737,0.631064902531891,-0.08643518518518528,-0.0802314814814814,0.36260631428861956,0.406619089369162,0.16136142388314936,0.3606281781989715,0.03575439533174038,0.006203703703703878,0.07041915108010745,0.452191668322454,0.12421094623109241,0.108701257311667,0.0,0.7894357319906611,0.6251519609328106,0.2970441169209122,0.3371990136630278,0.37245319048310144,calm,02,09,09,male,strong,1030
10,0.33366666666666667,True,1.0,0.1584417315490288,0.1741079943604828,0.1662748629547558,0.8421817933026148,-0.09189814814814817,-0.08754629629629629,0.35828660787949485,0.5073005887345959,0.15717955077247742,0.19743345709565763,0.015666262811454,0.0043518518518518845,0.07268063689696162,0.31753121595975603,0.1232678035346447,0.10994305373096644,0.0,0.9999999987499999,0.6290238321500475,0.29861677658700475,0.3423457397008467,0.38333182429239443,calm,02,09,09,male,strong,1030
20,0.6673333333333333,True,1.0,0.24209886622626559,0.22561317453238947,0.2338560203793275,0.8378260371355172,-0.08046296296296293,-0.07476851851851857,0.3608960672567252,0.5642255726734466,0.14469986202455998,0.2791224072945606,0.01648569169387612,0.005694444444444363,0.09014441389606546,0.347304318830561,0.12073682044699106,0.11101354496032606,0.0,0.9999999987499999,0.6072855540028511,0.3067299178717019,0.3490658928486582,0.3915431134205149,calm,02,09,09,male,strong,1030
30,1.0010000000000001,True,1.0,0.36169267690692714,0.3225494648284441,0.3421210708676856,0.8102293448645824,-0.0764351851851851,-0.07037037037037042,0.34263904217503466,0.5005145491452099,0.14482898226228696,0.4222521351961968,0.039143212078483036,0.00606481481481469,0.1085780888558273,0.3394654734250286,0.12041298134906721,0.11204693966784686,0.0,0.9999999987499999,0.6064799556385055,0.30579223056048616,0.3421198917628258,0.38681203039704887,calm,02,09,09,male,strong,1030
40,1.3346666666666667,True,1.0,0.10329509999113867,0.12387933504970415,0.11358721752042142,0.6842688698293123,-0.09342592592592591,-0.08606481481481476,0.3522392145352824,0.4152807997411903,0.14955267118582535,0.16599793228757465,0.020584235058565478,0.007361111111111152,0.08161445983241981,0.3881775859292936,0.12210255091743347,0.11140690040946803,0.0,0.9999999987499999,0.626053893158826,0.2965220960362302,0.3357471390029687,0.3726875221778024,calm,02,09,09,male,strong,1030
50,1.6683333333333334,True,1.0,0.1734233607184314,0.16941767037012237,0.1714205155442769,0.7597246290643662,-0.08194444444444449,-0.08458333333333345,0.3701881085627913,0.3798431529065055,0.16180555555555554,0.2256350643198032,0.004005690348309027,0.0026388888888889683,0.0012348899656876118,0.37206176974464794,0.12096125666791677,0.11264503888024976,0.0,0.9999999987499999,0.6304900923807023,0.29783844787034164,0.32941533952905755,0.37099698121937164,calm,02,09,09,male,strong,1030
60,2.0020000000000002,True,1.0,0.1615216919048683,0.18319452581457724,0.17235810885972275,0.6749713066258233,-0.07231481481481483,-0.08569444444444446,0.3568426699848221,0.4961752832323106,0.1423729206759039,0.2553562013196379,0.02167283390970895,0.01337962962962963,0.10651504670672692,0.41109487081369794,0.11491390903389444,0.11522602597768596,0.0,0.9999999987499999,0.628885034545068,0.2981660106249229,0.3267361173398268,0.3763165788559492,calm,02,09,09,male,strong,1030
70,2.3356666666666666,True,1.0,0.14369328366279457,0.1581504910201026,0.15092188734144857,0.6951803357694359,-0.06874999999999998,-0.08624999999999997,0.34406685410586985,0.4711490233295975,0.1374971023408375,0.21709746317033835,0.014457207357308016,0.017499999999999988,0.1472035007050729,0.41001406652399164,0.1216830996449188,0.10840514152670264,0.0,0.9999999987499999,0.6212077845591361,0.2971337913570197,0.34385126840194097,0.381887986576286,calm,02,09,09,male,strong,1030
80,2.6693333333333333,True,1.0,0.14297650333571918,0.15759539331134376,0.15028594832353148,0.7957906996425607,-0.06828703703703703,-0.0849074074074074,0.34290024585587037,0.5595752592703402,0.12957136590685375,0.18885109915337575,0.014618889975624577,0.01662037037037037,0.14097517598888873,0.3614539628698246,0.120740481886027,0.10927984047671901,0.0,0.9999999987499999,0.6243698606239371,0.29626660315760844,0.3389944465317622,0.3767170711612997,calm,02,09,09,male,strong,1030
90,3.003,True,1.0,0.16931692166056517,0.2083238638241148,0.18882039274233997,0.5155405837767425,-0.06699074074074068,-0.08745370370370373,0.37126164254987376,0.4428340032049008,0.12826794946348793,0.36625708757801617,0.039006942163549635,0.020462962962963044,0.14964504347027957,0.547705452667553,0.11951490274049935,0.11096280195706539,0.0,0.9999999987499999,0.6096901172343938,0.3040919215844945,0.34994503845697295,0.3881084254147757,calm,02,09,09,male,strong,1030
100,3.336666666666667,True,1.0,0.16917291050827285,0.2098269141970756,0.18949991235267422,0.3687998665382286,-0.06819444444444445,-0.08754629629629623,0.40339120893048386,0.3241486082456489,0.13107168204619332,0.5138285816950838,0.04065400368880276,0.019351851851851787,0.15601162513270259,0.7612925964866357,0.12045742463054772,0.10924352821467553,0.0,0.9999999987499999,0.6069279992387581,0.30378414461347336,0.3575962977594708,0.3912638568497459,calm,02,09,09,male,strong,1030
110,3.6703333333333332,True,1.0,0.18401795523219286,0.20888221096591164,0.19645008309905226,0.35416519872343794,-0.06879629629629619,-0.08425925925925926,0.4257670562437011,0.29018166472112555,0.1286964306706333,0.5546848866211077,0.024864255733718782,0.015462962962963067,0.14607590246668276,0.7473292762901118,0.12076761023497883,0.10942410962048095,0.0,0.9999999987499999,0.6102894941179597,0.30226165494167534,0.36144316580432423,0.39239934235472806,calm,02,09,09,male,strong,1030
0,0.0,True,1.0,0.21949958288581728,0.22424456951012453,0.2218720761979709,0.373116717406105,-0.06648148148148147,-0.08634259259259258,0.4360092076427796,0.10100720254380981,0.17508319041329207,0.5946452298905773,0.004744986624307251,0.019861111111111107,0.149691229762403,0.7228015696719685,0.12071074629723265,0.11138451687564337,0.0,0.9999999987499999,0.617875414611157,0.2955549607296448,0.31978084396502054,0.3686614704698243,calm,02,09,09,male,strong,1031
10,0.33366666666666667,True,1.0,0.2387511490847813,0.25173640170377176,0.24524377539427653,0.39473368005996073,-0.05861111111111106,-0.07495370370370369,0.4229051225903635,0.12088103783735793,0.1745507179937303,0.6212892078452074,0.012985252618990473,0.01634259259259263,0.14804267533995308,0.7076794550878863,0.12059072795791373,0.11151444391447295,0.0,0.9999999987499999,0.6166823662824504,0.2966551849728713,0.3253174656402422,0.3732874182821767,calm,02,09,09,male,strong,1031
20,0.6673333333333333,True,1.0,0.18487030725634956,0.1954887360599802,0.19017952165816487,0.4120293474646747,-0.067962962962963,-0.08736111111111111,0.4204031288780952,0.1132075471698118,0.18799271761289646,0.4615679024525551,0.010618428803630647,0.01939814814814811,0.12552781408868013,0.6934318816665873,0.12099678563622354,0.1124375574126445,0.0,0.9999999987499999,0.6206955479066626,0.2958304160530749,0.32723163288210394,0.3757463091997771,calm,02,09,09,male,strong,1031
30,1.0010000000000001,True,1.0,0.17306631943305562,0.19395945145090854,0.18351288544198208,0.7410536736752132,-0.08212962962962972,-0.09999999999999998,0.32642928396772686,0.3587099091867295,0.19778504871428532,0.2476377784241463,0.020893132017852922,0.01787037037037026,0.1179209512532156,0.4096729088259333,0.11735179644979853,0.11375158507848053,0.0,0.9999999987499999,0.625202140113858,0.2951845517821547,0.32577073001486884,0.37467087393877924,calm,02,09,09,male,strong,1031
40,1.3346666666666667,True,1.0,0.12117226347180281,0.10679350457966155,0.11398288402573217,0.6439608844618934,-0.08407407407407408,-0.09777777777777774,0.35701874833816716,0.2998050859554493,0.18863952232966882,0.17700280681019712,0.014378758892141255,0.013703703703703662,0.07719295076474571,0.45435221469887394,0.10647059703767212,0.1162230001916212,0.0,0.9999999987499999,0.674969175193515,0.3178316234576802,0.28347059606149694,0.39056158413917424,calm,02,09,09,male,strong,1031
50,1.6683333333333334,True,1.0,0.15152750439484966,0.17961866429635318,0.16557308434560142,0.7153362940266291,-0.07856481481481481,-0.09388888888888891,0.3785299264530308,0.4107755492960296,0.16629434890443845,0.23146188125530479,0.028091159901503515,0.015324074074074101,0.09939135709451226,0.4035778963600916,0.12050403669716496,0.11006105797691783,0.0,0.9999999987499999,0.6191392312862646,0.2999925409781355,0.335196726814404,0.36985160120250055,calm,02,09,09,male,strong,1031
60,2.0020000000000002,True,1.0,0.17583200011975605,0.19762898382720687,0.18673049197348146,0.570723147497847,-0.07736111111111116,-0.09291666666666665,0.3376042156299315,0.4826706465163419,0.1439153648706511,0.3271822648023679,0.021796983707450812,0.01555555555555549,0.12445621159446196,0.479429286139912,0.12050583419057409,0.11074935241086596,0.0,0.9999999987499999,0.6203951605095164,0.29706088628332067,0.33936542524784635,0.3790069709703332,calm,02,09,09,male,strong,1031
70,2.3356666666666666,True,1.0,0.15192685119992438,0.18570950493889388,0.16881817806940913,0.7215316224108689,-0.07444444444444454,-0.0906018518518518,0.33215483949962915,0.4853679806582772,0.1539240458236336,0.2339719740977303,0.03378265373896949,0.01615740740740726,0.1316144609519558,0.3901847833662369,0.12398391960452755,0.1082584610717886,0.0,0.9999999987499999,0.6190022090633129,0.2965541556357906,0.34784462239563707,0.37672179669610034,calm,02,09,09,male,strong,1031
80,2.6693333333333333,True,1.0,0.18244064414903743,0.23063523060654328,0.20653793737779036,0.697527670349754,-0.07875000000000004,-0.09708333333333333,0.3572104394655456,0.4935476098604244,0.14910031112569078,0.29609999166660755,0.04819458645750585,0.018333333333333285,0.139904435208937,0.4044415724354725,0.12295512308626295,0.10890194019515068,0.0,0.9999999987499999,0.6191490404990122,0.2956947287964025,0.3412044316787183,0.37318160219847285,calm,02,09,09,male,strong,1031
90,3.003,True,1.0,0.17483164339955118,0.2130339217953725,0.19393278259746183,0.432682000850647,-0.07324074074074072,-0.09097222222222223,0.3739196979944568,0.36813804566252045,0.15820379181767716,0.44821088516784285,0.038202278395821326,0.017731481481481515,0.15981272285670012,0.6475165392307332,0.12206466969517246,0.10902885648296944,0.0,0.9999999987499999,0.6139590622342687,0.2973508642947694,0.33774471005212714,0.3690277408695551,calm,02,09,09,male,strong,1031
100,3.336666666666667,True,1.0,0.1907060393961957,0.2354859205056028,0.21309597995089924,0.43319693427714884,-0.06833333333333336,-0.08574074074074073,0.37526605394358736,0.362631388676629,0.15095663939156073,0.49191479230221336,0.04477988110940709,0.01740740740740737,0.15005633490041462,0.6734978088321192,0.12276537769654533,0.10929025966698797,0.0,0.9999999987499999,0.6142183623527536,0.29862484933464306,0.33900733792393534,0.37517522321236474,calm,02,09,09,male,strong,1031
0,0.0,True,1.0,0.36597203475885165,0.36695554821446386,0.36646379148665775,0.5852548966650102,-0.050185185185185055,-0.062453703703703733,0.46543430970159194,-0.07016067653202454,0.21590203019888624,0.6261610002323745,0.000983513455612206,0.012268518518518678,0.08296651894629142,0.4840699650366027,0.11921383494389327,0.11449275940801346,0.0,0.9999999987499999,0.617174571672419,0.2967764412399942,0.32582008538461027,0.38129050735656445,happy,03,09,09,male,normal,1032
10,0.33366666666666667,True,1.0,0.3339819354500027,0.3344795921136716,0.33423076378183714,0.5844919481519195,-0.05162037037037037,-0.06435185185185183,0.46564477102824153,-0.04003955077013876,0.20952685914932648,0.5718312542005537,0.0004976566636689106,0.012731481481481455,0.08949343729270086,0.4930919782437193,0.11524463056063948,0.11637806583213979,0.0,0.9999999987499999,0.6232802479272959,0.2911873562357462,0.3249832551233864,0.38491352161680353,happy,03,09,09,male,normal,1032
20,0.6673333333333333,True,1.0,0.10310070657720692,0.11402378286650366,0.1085622447218553,0.577175571655699,-0.058611111111111114,-0.07129629629629636,0.4756876475726951,-0.13358458790939734,0.22493358411507172,0.1880922375325608,0.010923076289296743,0.012685185185185244,0.07054268432619813,0.4970876218902067,0.11722311460067968,0.11554500472408649,0.0,0.9999999987499999,0.6015838533616572,0.2948806560390777,0.3127602205648489,0.3776777352344366,happy,03,09,09,male,normal,1032
30,1.0010000000000001,True,1.0,0.2028560809820701,0.21235914099468592,0.20760761098837802,0.672769487770037,-0.06046296296296294,-0.07148148148148148,0.48276918985189426,-0.06802630692895656,0.21994590496663802,0.30858654377521577,0.009503060012615805,0.011018518518518539,0.06671609464869019,0.4223763503997899,0.11815826027901119,0.11721857959259316,0.0,0.9999999987499999,0.6107467978206909,0.29637998672534016,0.32893948053152655,0.3908652330155455,happy,03,09,09,male,normal,1032
40,1.3346666666666667,True,1.0,0.3492207673118313,0.4059306321433977,0.3775756997276145,0.6219138719375796,-0.056111111111111,-0.06486111111111115,0.40023160448252026,0.04179849449225779,0.20301279415872897,0.6071189545125809,0.05670986483156637,0.008750000000000147,0.049262341211195985,0.487583294251586,0.11864421982635036,0.11475134685790585,0.0,0.9999999987499999,0.6273121402154612,0.29120262355183424,0.33724780398681775,0.3821828089406229,happy,03,09,09,male,normal,1032
50,1.6683333333333334,True,1.0,0.32883893169626316,0.3756570030887071,0.3522479673924851,0.789709627964736,-0.05314814814814822,-0.06152777777777774,0.40800959356057476,0.0521728035202284,0.2094248793615665,0.44604745202399193,0.04681807139244393,0.008379629629629515,0.05368364162500584,0.3843907309492575,0.11049083021027517,0.11754476858063416,0.0,0.9999999987499999,0.6579686240980768,0.31536984133565027,0.3103672619388551,0.42745560651530673,happy,03,09,09,male,normal,1032
60,2.0020000000000002,True,1.0,0.33757474843963015,0.33126810510544785,0.334421426772539,0.6554512552139529,-0.0534722222222222,-0.06384259259259262,0.4159285374556716,0.0,0.21714819194897772,0.510215556248156,0.006306643334182294,0.010370370370370419,0.07384700862034534,0.47464603486894535,0.11696969983586004,0.11464409448801842,0.0,0.9999999987499999,0.6141040554424895,0.29305582118769513,0.33291180603233533,0.39377699166653596,happy,03,09,09,male,normal,1032
70,2.3356666666666666,True,1.0,0.3499218018221231,0.3659510579775468,0.357936429899835,0.7042427470251724,-0.051944444444444404,-0.06268518518518518,0.4184951235879935,-0.0333747878515863,0.22027761511992427,0.5082571761112379,0.016029256155423666,0.010740740740740773,0.07284074599964972,0.4406204753290346,0.11952627783979704,0.11383229510688649,0.0,0.9999999987499999,0.6137530718146633,0.29494409927112436,0.3373988037347943,0.4010811527440033,happy,03,09,09,male,normal,1032
80,2.6693333333333333,True,1.0,0.12426185262713367,0.13067864949602787,0.12747025106158077,0.5849705411349239,-0.05967592592592602,-0.07050925925925922,0.4863968808657805,-0.16219231857791266,0.2265046263953058,0.21790883830538002,0.006416796868894195,0.010833333333333195,0.08469705111617822,0.47289603104420425,0.11859611933200373,0.1139682554291446,0.0,0.9999999987499999,0.6096655102197129,0.3014278000837572,0.3153024778628495,0.38181395935281903,happy,03,09,09,male,normal,1032
90,3.003,True,1.0,0.08553125920216738,0.07292001126309866,0.07922563523263301,0.548473906651562,-0.05740740740740735,-0.06620370370370371,0.46476552690384054,-0.27146837987516537,0.2371586280251345,0.14444740993478833,0.012611247939068718,0.008796296296296358,0.10515121888563934,0.5026452406541914,0.1176441088898583,0.11544686332758242,0.0,0.9999999987499999,0.5854362274441026,0.30622032479843875,0.28932589067688186,0.3595172654511163,happy,03,09,09,male,normal,1032
0,0.0,True,1.0,0.07358461715722875,0.10316385907960852,0.08837423811841863,0.7251101142043817,-0.07476851851851851,-0.08171296296296299,0.4566739002397308,0.05863056135788212,0.20055008579919004,0.12187698997329005,0.029579241922379776,0.006944444444444475,0.02888372064462983,0.3911614587161219,0.11773740611486055,0.11485515211481172,0.0,0.9999999987499999,0.6610653801598766,0.3136315278199889,0.3079156973583382,0.41485942503254764,happy,03,09,09,male,normal,1033
10,0.33366666666666667,True,1.0,0.3641195348656458,0.4231398258602823,0.3936296803629641,0.7798638657317922,-0.059259259259259345,-0.06282407407407403,0.4405060128521899,0.10975390389990222,0.196425000002762,0.504741529463733,0.059020290994636515,0.0035648148148146874,0.026549438217937156,0.3997994113774451,0.11325951550682953,0.11701551028243627,0.0,0.9999999987499999,0.6605475683789142,0.31440506664055323,0.3103950482594351,0.4260996525008368,happy,03,09,09,male,normal,1033
20,0.6673333333333333,True,1.0,0.36955158217891176,0.4020670817227547,0.3858093319508332,0.7143970700015811,-0.059444444444444466,-0.06398148148148147,0.44875718718157687,0.07570068411854367,0.19697603671470826,0.5400488721908943,0.03251549954384292,0.004537037037037006,0.03174090093803999,0.4027733773599959,0.12210054415465195,0.11140909979226674,0.0,0.7199026946180009,0.6180312504064125,0.29820645702734483,0.3490667588736898,0.399191632944137,happy,03,09,09,male,normal,1033
30,1.0010000000000001,True,1.0,0.3720918230100287,0.4022426354875549,0.38716722924879177,0.7813174744449723,-0.07541666666666663,-0.08490740740740738,0.436933018696322,0.12271508427654824,0.2154651725896297,0.495531255747,0.030150812477526212,0.009490740740740744,0.022828084458599268,0.3705540505849153,0.12078800659968858,0.11266181213461067,0.0,0.9999999987499999,0.6195210784548195,0.3005387967637748,0.35670444014862973,0.39983729965330694,happy,03,09,09,male,normal,1033
40,1.3346666666666667,True,1.0,0.40464331233843,0.4093162717960898,0.40697979206725987,0.6678430621515649,-0.0781944444444444,-0.08638888888888885,0.3650518504451184,0.19366223322349427,0.22085544307558083,0.6093943549493624,0.004672959457659831,0.008194444444444449,0.013758233631317727,0.4499715261402638,0.12217528576145567,0.11132713033493989,0.0,0.9999999987499999,0.6231673474389755,0.2939829147859404,0.3449009836157404,0.382083959945856,happy,03,09,09,male,normal,1033
50,1.6683333333333334,True,1.0,0.39745230233041356,0.41010305098292854,0.4037776766566711,0.866120587937995,-0.07763888888888892,-0.08421296296296299,0.4253822873830473,0.1595441595441598,0.21806815098199114,0.46619106193741383,0.012650748652514976,0.0065740740740740655,0.012172220351912465,0.3256489754189675,0.12053957876538293,0.11258964653945229,0.0,0.7071067807446058,0.6213109200633378,0.2962374609224476,0.35784948351120716,0.3988240728402518,happy,03,09,09,male,normal,1033
60,2.0020000000000002,True,1.0,0.3980294570345026,0.4029256751999733,0.40047756611723795,0.7832480013758406,-0.07587962962962963,-0.0834259259259259,0.38782290634010586,0.23620823620823642,0.22154465268609197,0.5113036553093856,0.0048962181654707004,0.007546296296296273,0.012712874220468191,0.41100451402411603,0.11301595383432554,0.11757529321267896,0.0,0.9999999987499999,0.6614166433604693,0.31217460944522585,0.31447764923504057,0.4210377616268906,happy,03,09,09,male,normal,1033
70,2.3356666666666666,True,1.0,0.3659789780490035,0.4035509906753014,0.38476498436215245,0.7367128438594369,-0.07490740740740731,-0.08310185185185182,0.3856583185377079,0.12484389034253987,0.22919995615220695,0.5222726705109063,0.037572012626297946,0.008194444444444504,0.017533105742620663,0.41023327789492997,0.11174992256880106,0.11634840345912102,0.0,0.9999999987499999,0.6566914710884354,0.3141571976838696,0.3139942145935402,0.4213728908985322,happy,03,09,09,male,normal,1033
80,2.6693333333333333,True,1.0,0.43209771759074067,0.4730761879415133,0.452586952766127,0.782870492939682,-0.07185185185185194,-0.08004629629629628,0.4163722719340717,0.15533780736515043,0.2250867888171138,0.5781121613955088,0.04097847035077262,0.008194444444444338,0.022501726545469662,0.3731985466229908,0.12085865281598239,0.11190708959207231,0.0,0.9999999987499999,0.615752194276148,0.2986065520557492,0.3508040227797633,0.3939864438882876,happy,03,09,09,male,normal,1033
90,3.003,True,1.0,0.4304640404602517,0.44485574584957743,0.4376598931549146,0.7498003169603801,-0.07050925925925922,-0.07953703703703702,0.43009203979354654,0.10063082279772874,0.22165207094831324,0.5837019313744046,0.014391705389325715,0.009027777777777801,0.024248641341470485,0.3801079037185091,0.11287965149445767,0.11525268092374186,0.0,0.9999999987499999,0.6572797993103492,0.313813975034087,0.3166833665249367,0.43161653304507086,happy,03,09,09,male,normal,1033
100,3.336666666666667,True,1.0,0.3008020766091634,0.30280230880839737,0.3018021927087804,0.7357805216435759,-0.07018518518518524,-0.08041666666666664,0.44204710826454274,0.07570068411854448,0.21541949020733542,0.4101796443790317,0.0020002321992339533,0.010231481481481397,0.02495899820760711,0.391067869013265,0.11173521705218281,0.115375967025349,0.0,0.9999999987499999,0.6583112809420644,0.31389225919488783,0.31543366790952265,0.43200824380744507,happy,03,09,09,male,normal,1033
0,0.0,True,1.0,0.4037925573749198,0.44413964449059956,0.42396610093275966,0.7550758302902199,-0.06129629629629629,-0.06787037037037041,0.44080531429856273,0.06011533428228425,0.21272427560492627,0.5614881101012128,0.04034708711567975,0.006574074074074121,0.03366363340444394,0.38705014381209446,0.10842311400009384,0.11736299763439408,0.0,0.9999999987499999,0.6593057739580207,0.3179860640116209,0.3100204662222191,0.42285976523242624,happy,03,09,09,male,normal,1034
10,0.33366666666666667,True,1.0,0.4250479365272208,0.4504980783834846,0.4377730074553527,0.7403482659010444,-0.0687962962962963,-0.07287037037037047,0.426121881453469,0.108103596676389,0.21754671134631615,0.5913068587019097,0.02545014185626382,0.004074074074074174,0.0386313523264084,0.39388684298941773,0.12111170005768855,0.11282151569416089,0.0,0.7071067807446058,0.6262070212459984,0.2918681348282785,0.3447310941067871,0.4011834551632467,happy,03,09,09,male,normal,1034
20,0.6673333333333333,True,1.0,0.42648756629015483,0.4517216453984107,0.4391046058442828,0.7146627416605279,-0.07083333333333336,-0.07643518518518527,0.4163992213571997,0.13463994135002672,0.2140614615693025,0.6144221326328244,0.02523407910825587,0.005601851851851913,0.029024909738388893,0.4067836471296112,0.12147969649661434,0.11259451843085085,0.0,0.9999999987499999,0.6149552557194753,0.2994402244546277,0.34152905898348385,0.38341525208977945,happy,03,09,09,male,normal,1034
30,1.0010000000000001,True,1.0,0.458749224105612,0.48789992170774515,0.47332457290667856,0.8312851092703246,-0.07245370370370369,-0.07597222222222222,0.3674704644261071,0.23747217196565296,0.20438179567363088,0.5693889709177489,0.02915069760213318,0.003518518518518532,0.023185388118148877,0.3690967665139307,0.11772011006822966,0.114706906957566,0.0,0.9999999987499999,0.6243557398115496,0.29373122901211546,0.3289255123103002,0.3668524067367041,happy,03,09,09,male,normal,1034
40,1.3346666666666667,True,1.0,0.4318175246080175,0.43854152181379924,0.43517952321090836,0.6207918622591093,-0.07162037037037045,-0.07606481481481475,0.3798720704531046,0.20258744514191665,0.20152560332726174,0.7010071324505714,0.006723997205781762,0.0044444444444443065,0.030036335568562538,0.49375142797864763,0.1218608364504423,0.11132950661807159,0.0,0.9999999987499999,0.6270739939022483,0.28896530939447057,0.33598341600926057,0.37392999270755434,happy,03,09,09,male,normal,1034
50,1.6683333333333334,True,1.0,0.425971832085425,0.4383670218681547,0.43216942697678984,0.6673021518922674,-0.07041666666666668,-0.07824074074074072,0.36487013414594105,0.2157737870336622,0.2133836688599105,0.647636795042977,0.012395189782729688,0.007824074074074039,0.030383181518417835,0.45365483666778705,0.10879957932017241,0.11798694880370093,0.0,0.9999999987499999,0.6670446735569228,0.3091556874720696,0.29789097961727257,0.40620732925921005,happy,03,09,09,male,normal,1034
60,2.0020000000000002,True,1.0,0.4165993364748921,0.4524380567003374,0.43451869658761477,0.6979290320948371,-0.06949074074074074,-0.07856481481481481,0.3645110371624238,0.18069964029050828,0.22592284450039332,0.6225829226266816,0.035838720225445264,0.009074074074074068,0.03415043107864521,0.44041628255757,0.10660633780606368,0.11740397832658125,0.0,0.9999999987499999,0.6587686752747974,0.3129461569450381,0.29842299172569287,0.4064442266593767,happy,03,09,09,male,normal,1034
70,2.3356666666666666,True,1.0,0.45869264149328204,0.505220450193926,0.48195654584360403,0.7984761170055927,-0.06888888888888889,-0.07574074074074072,0.3856542013639581,0.22704614564973116,0.22176046929338647,0.6035954433440222,0.04652780870064399,0.006851851851851831,0.033428177256343776,0.41097527977482573,0.11185665187618604,0.11771160155304111,0.0,0.9999999987499999,0.6615639598183024,0.3118149274152289,0.30858956557640155,0.4190040759235941,happy,03,09,09,male,normal,1034
80,2.6693333333333333,True,1.0,0.4345305075661561,0.4584930804618752,0.44651179401401564,0.7776000298880077,-0.06703703703703706,-0.07398148148148148,0.4136331704585681,0.15411831946849452,0.2140942489071658,0.5742178200254489,0.023962572895719125,0.00694444444444442,0.03655721871520289,0.3925540413158283,0.12140135209152615,0.11368895125363442,0.0,0.9999999987499999,0.6128760787518132,0.29740251683643787,0.34293009425819554,0.3870042038142823,happy,03,09,09,male,normal,1034
90,3.003,True,1.0,0.4318398903179607,0.4596383510213519,0.4457391206696563,0.7345288858327143,-0.06310185185185191,-0.07032407407407398,0.42374311942661014,0.11114702958355265,0.21135527116357994,0.6068367483796566,0.027798460703391203,0.0072222222222220744,0.035872545793396354,0.4130162294962244,0.11018010507871047,0.11735002677176012,0.0,0.9999999987499999,0.664900033982343,0.311218513797128,0.31061040799149203,0.42598073995220825,happy,03,09,09,male,normal,1034
0,0.0,True,1.0,0.36469874818798664,0.35402071370309524,0.35935973094554097,0.8036013410091853,-0.05638888888888882,-0.05898148148148147,0.46014064402237964,0.042290174408177464,0.20278718366247772,0.44718657449506843,0.010678034484891408,0.0025925925925926463,0.011795953975376621,0.3635781570106442,0.12055504311018582,0.11408608883194746,0.0,0.9999999987499999,0.6220918114745899,0.3006204479887502,0.34727805751002955,0.40221421670322616,happy,03,09,09,male,normal,1035
10,0.33366666666666667,True,1.0,0.36564162428209374,0.3877587912856716,0.3767002077838827,0.8151060929104702,-0.05791666666666656,-0.06074074074074076,0.4476601420720767,0.10865331299816072,0.18892927548355637,0.46214868353984784,0.022117167003577853,0.002824074074074201,0.029065514299078807,0.36957692403506126,0.11895284750516874,0.11492978037194386,0.0,0.9999999987499999,0.6275475960853092,0.2971417477709723,0.35094452781242497,0.4038092466542187,happy,03,09,09,male,normal,1035
20,0.6673333333333333,True,1.0,0.36632459175922377,0.35920408814174604,0.3627643399504849,0.7802774635803632,-0.05810185185185174,-0.061388888888888826,0.4558389301743115,0.09618716996479765,0.19243883260522998,0.4649171056228035,0.007120503617477736,0.0032870370370370883,0.02319961135649296,0.3708323056356871,0.12255474584114204,0.11193519713038992,0.0,0.9999999987499999,0.6283156568564926,0.29753599530885216,0.356140727211927,0.405166048327178,happy,03,09,09,male,normal,1035
30,1.0010000000000001,True,1.0,0.43694682187967165,0.45159937468890193,0.4442730982842868,1.0104843993244719,-0.08254629629629623,-0.08893518518518512,0.35678016628443504,0.3277152024068711,0.22095801714268423,0.4396634906796105,0.01465255280923028,0.006388888888888888,0.023378450476090516,0.2967519700568058,0.116720986452554,0.11489730371886393,0.0,0.9999999987499999,0.6179488347604666,0.29809757947423676,0.3426515186219129,0.3812877668673893,happy,03,09,09,male,normal,1035
40,1.3346666666666667,True,1.0,0.38250857508245223,0.4238284328681305,0.40316850397529136,0.6532580714481329,-0.08587962962962958,-0.09356481481481482,0.3696059344660655,0.176335050129095,0.22998090057600484,0.6171657444378045,0.04131985778567826,0.007685185185185239,0.01404351736963267,0.48404075285891024,0.10754265919349837,0.11929354110350154,0.0,0.9999999987499999,0.6645118634016106,0.310145134032787,0.30919024987721083,0.421952162871343,happy,03,09,09,male,normal,1035
50,1.6683333333333334,True,1.0,0.3888221541794499,0.4235792636098727,0.4062007088946613,0.9003937948098962,-0.08226851851851852,-0.0901851851851852,0.4051522134484474,0.195432062207976,0.22926286007877889,0.45113672621480483,0.03475710943042282,0.007916666666666683,0.024242622477792568,0.32663891977052284,0.11471219088699833,0.11690291845065147,0.0,0.9999999987499999,0.6551269635510455,0.3140803533076227,0.32782604037449253,0.4403582725536555,happy,03,09,09,male,normal,1035
60,2.0020000000000002,True,1.0,0.39610122399029024,0.42405661800208855,0.41007892099618937,0.8030478600627997,-0.08064814814814808,-0.08796296296296297,0.3647591487295725,0.2501190274233178,0.2264296626926589,0.5106531520601032,0.027955394011798307,0.007314814814814885,0.019041673332622043,0.3978526996006785,0.10838784407999046,0.11641776682863082,0.0,0.9999999987499999,0.6588748318546167,0.31182240319599897,0.3129157392795346,0.41981785895981244,happy,03,09,09,male,normal,1035
70,2.3356666666666666,True,1.0,0.344426943684471,0.4029256751999733,0.3736763094422222,0.7639960747151616,-0.07875000000000004,-0.08620370370370367,0.397840488300857,0.18178792808039734,0.22438207265393784,0.48910763001176255,0.05849873151550228,0.007453703703703629,0.019687325589197276,0.4132021571178582,0.1106959912081434,0.11604551750008801,0.0,0.9999999987499999,0.6576709076599391,0.3124584024839704,0.3163737362637849,0.42358431632188254,happy,03,09,09,male,normal,1035
80,2.6693333333333333,True,1.0,0.40536133320472967,0.44403538105314,0.42469835712893483,0.7609718256778408,-0.07495370370370369,-0.08185185185185184,0.4321904436917977,0.1229932278638896,0.21332359309389795,0.5580999753185762,0.03867404784841033,0.006898148148148153,0.03225298361991941,0.4010495865121146,0.1106850155061838,0.11719948624640635,0.0,0.9999999987499999,0.6622601068865047,0.3124015688160309,0.3160739631354034,0.43497525096665624,happy,03,09,09,male,normal,1035
90,3.003,True,1.0,0.4121265198226697,0.4384087962498229,0.4252676580362463,0.7305975164660301,-0.06773148148148145,-0.07722222222222225,0.4378836924485088,0.09260618893381435,0.21406146156930242,0.5820819924126029,0.026282276427153195,0.0094907407407408,0.03355349169764352,0.4051082386375493,0.11119908244894781,0.11703787502947711,0.0,0.9999999987499999,0.6595120664828432,0.31330310733134964,0.3153335836004009,0.43124005009665606,happy,03,09,09,male,normal,1035
100,3.336666666666667,True,1.0,0.4233222528696657,0.4711289839720722,0.44722561842086894,0.7143970700015806,-0.06527777777777782,-0.07208333333333328,0.4420935415678323,0.06488630067303824,0.2133675787954623,0.6260182707914514,0.04780673110240652,0.006805555555555454,0.031038556106489243,0.4216058124239062,0.10863367608520823,0.11830087453439407,0.0,0.9999999987499999,0.6624811084824556,0.3126947082580868,0.31138877663431436,0.4289851330246147,happy,03,09,09,male,normal,1035
0,0.0,True,1.0,0.1940630238650034,0.19504828042484784,0.19455565214492562,0.6828142075896686,-0.055972222222222257,-0.06953703703703706,0.46532611114968814,0.20657529272901723,0.1453293584344198,0.28493205030356106,0.0009852565598444385,0.013564814814814807,0.11273300914958956,0.3984705255560051,0.11045166354016213,0.11529081029004631,0.0,0.9999999987499999,0.6244558748421244,0.3107900768341405,0.31483124341737545,0.37758460906002933,happy,03,09,09,male,strong,1036
10,0.33366666666666667,True,1.0,0.2877941831811468,0.3531683012513464,0.32048124221624663,0.7475935602905895,-0.05722222222222223,-0.06833333333333336,0.44390300023327606,0.3199367239598079,0.1320625000114116,0.428683791887768,0.0653741180701996,0.011111111111111127,0.1036127163801669,0.3350667624503146,0.11190802139764265,0.11151089811165976,0.0,0.9999999987499999,0.6255089224205307,0.31060412956660727,0.3392525414869233,0.414023220502216,happy,03,09,09,male,strong,1036
20,0.6673333333333333,True,1.0,0.2858774206520751,0.3263393321101105,0.3061083763810928,0.7419903209573462,-0.05814814814814806,-0.07004629629629627,0.46160872696652133,0.2548896094493519,0.14564813389209624,0.41255036317204147,0.040461911458035404,0.011898148148148213,0.07250785981120857,0.36823499025509016,0.1163852865742795,0.11523733834709125,0.0,0.9928928634695939,0.6259481857586785,0.30168818270742365,0.35215937128981256,0.41152009005793116,happy,03,09,09,male,strong,1036
30,1.0010000000000001,True,1.0,0.3170069694635339,0.3499253778164788,0.33346617364000636,0.764301378143957,-0.06092592592592583,-0.07078703703703709,0.4683429370448596,0.23893738786491364,0.15491754998305304,0.4363019394912011,0.032918408352944906,0.009861111111111265,0.07604382981199849,0.35334986102124305,0.11679770861060258,0.11297933846918785,0.0,0.9999999987499999,0.6246736940557472,0.2993063038635479,0.3589155872285142,0.41067793803314473,happy,03,09,09,male,strong,1036
40,1.3346666666666667,True,1.0,0.3203980632245566,0.3505367072065088,0.3354673852155327,0.749009942412789,-0.06467592592592603,-0.07291666666666657,0.4051976372091601,0.292299901494913,0.16096551974260495,0.4478810843750487,0.030138643981952207,0.008240740740740549,0.055730085225931036,0.4000295534203757,0.12127396406163453,0.11111448333604983,0.0,0.9999999987499999,0.6206610212209884,0.29328147867684473,0.36295254060354604,0.40980051988528793,happy,03,09,09,male,strong,1036
50,1.6683333333333334,True,1.0,0.2871877246111361,0.3243874852412912,0.30578760492621365,1.1860029958116598,-0.06675925925925918,-0.07532407407407404,0.4287505271805203,0.37677747280896384,0.16779862477158836,0.2578303815471757,0.037199760630155065,0.008564814814814858,0.03988444108851902,0.25383318936958765,0.10686657618257138,0.11846084527262404,0.0,0.9999999987499999,0.6720968755314625,0.3127436618896713,0.31761888636370045,0.4411807055407899,happy,03,09,09,male,strong,1036
60,2.0020000000000002,True,1.0,0.31877978274859153,0.3651444073124105,0.341962095030501,0.8585318513714847,-0.06708333333333327,-0.07472222222222219,0.383580573379431,0.3172413466789277,0.1793917875449851,0.3983103183466339,0.04636462456381896,0.007638888888888917,0.0395447055723277,0.35981705591779634,0.10501597452439,0.11721438054337012,0.0,0.9999999987499999,0.6680547524244073,0.31215165445817444,0.30602672569265943,0.41803180446695054,happy,03,09,09,male,strong,1036
70,2.3356666666666666,True,1.0,0.30696225934032473,0.32374567527900716,0.3153539673096659,0.6761502964812861,-0.07675925925925925,-0.08324074074074073,0.3970662851921589,0.23539769648574127,0.1980033818393895,0.4663962567949477,0.016783415938682433,0.006481481481481477,0.0297948107166275,0.46333829076724525,0.12393865686133111,0.10901161332585467,0.0,0.9999999987499999,0.6151897065466811,0.29498092133637727,0.353007217918391,0.38113239343836797,happy,03,09,09,male,strong,1036
80,2.6693333333333333,True,1.0,0.3149066539793117,0.3038850967778141,0.30939587537856295,0.9322103880864991,-0.08731481481481485,-0.09407407407407409,0.4093435592791742,0.2595765741901072,0.2098153306930339,0.3318949019798461,0.011021557201497612,0.006759259259259243,0.02305307063618135,0.3155522490207514,0.10924805306420204,0.11659548775602341,0.0,0.9999999987499999,0.6692810448398111,0.3146983970051019,0.31462651038040496,0.4292461407441074,happy,03,09,09,male,strong,1036
90,3.003,True,1.0,0.3262877504577449,0.35309121890948353,0.3396894846836142,0.8683430287682242,-0.07583333333333336,-0.08532407407407405,0.4577312997856485,0.14819790922809428,0.21324597018050614,0.3911927353933801,0.026803468451738643,0.009490740740740689,0.022162780512352938,0.3379860159450557,0.11128386564519704,0.11679425255064958,0.0,0.9999999987499999,0.6630014844297094,0.318406254437018,0.3209246502669561,0.43442158592309266,happy,03,09,09,male,strong,1036
100,3.336666666666667,True,1.0,0.346056435552285,0.35575717927058337,0.3509068074114342,0.86655369524155,-0.07347222222222227,-0.08097222222222222,0.4650453323093649,0.12523886308712773,0.21052142767780604,0.40494525537003184,0.009700743718298377,0.007499999999999951,0.0221431194876442,0.32203095277492294,0.12190324742344345,0.11298212357237676,0.0,0.9999999987499999,0.620682173510029,0.2971370494376421,0.35935152753012317,0.4090155027441654,happy,03,09,09,male,strong,1036
110,3.6703333333333332,True,1.0,0.3516385805881152,0.387281849133288,0.3694602148607016,0.844953164259543,-0.06800925925925927,-0.07421296296296293,0.45785268501934784,0.13727435273165295,0.20093189757354307,0.43725525921246805,0.0356432685451728,0.006203703703703656,0.03486795514042749,0.33950142113124543,0.12065828903734889,0.11296949891658116,0.0,0.9999999987499999,0.6180580743781888,0.2985216086662516,0.3570369732518438,0.4089621618862159,happy,03,09,09,male,strong,1036
0,0.0,True,1.0,0.23935074480460217,0.48867230357580377,0.364011524190203,0.7778992459748972,-0.054444444444444295,-0.052731481481481546,0.39053890406976727,-0.03476152161627808,0.20445976181515388,0.46794173676567574,0.2493215587712016,0.0017129629629627496,0.13593273168120037,0.28255981724450385,0.12432607830503628,0.10572457423689317,0.0,0.9999999987499999,0.6678098119951106,0.2918217433582548,0.27312043329713787,0.35272140562221127,happy,03,09,09,male,strong,1037
10,0.33366666666666667,True,1.0,0.25211201470086375,0.2959675608291228,0.27403978776499327,0.7587681621076381,-0.053101851851851845,-0.05430555555555561,0.484987463936965,-0.0675435044891955,0.21353807179251652,0.36116405702077714,0.04385554612825904,0.0012037037037037623,0.006807115077555011,0.3861437110556459,0.1060675991638371,0.12556019761232215,0.0,0.9999999987499999,0.6341989656878377,0.29478801281776973,0.26984039639023205,0.34973644974596657,happy,03,09,09,male,strong,1037
20,0.6673333333333333,True,1.0,0.30516992780410357,0.323608410967429,0.3143891693857663,0.8271045034458949,-0.052777777777777646,-0.0625,0.4821626977923716,0.07133896884410956,0.19381653658425438,0.38010815812990195,0.018438483163325414,0.009722222222222354,0.05063463803797022,0.34756876111583634,0.11103754176796192,0.12024034035920313,0.0,0.9999999987499999,0.6357553273575055,0.29572435328110974,0.32701370051983697,0.397005993599431,happy,03,09,09,male,strong,1037
30,1.0010000000000001,True,1.0,0.30457418966710864,0.327066249707569,0.3158202196873388,0.7466826642553788,-0.05824074074074076,-0.0658333333333333,0.4768132316886682,0.20192482974655093,0.1577085664964762,0.4229644463519012,0.022492060040460338,0.00759259259259254,0.04873020688193432,0.37313909521479594,0.11301768586080108,0.1190230801358732,0.0,0.9999999987499999,0.6363972001769458,0.29798461025224743,0.33528652551294774,0.40884426615943303,happy,03,09,09,male,strong,1037
40,1.3346666666666667,True,1.0,0.28736971553565166,0.2795251332026981,0.2834474243691749,0.7760447921414276,-0.0616666666666667,-0.06893518518518515,0.43618820171152445,0.30233613905636364,0.14735482759668714,0.36524621676414654,0.007844582332953542,0.007268518518518452,0.034062715305326716,0.3732878598697502,0.11811730339360878,0.11529364745069122,0.0,0.9999999987499999,0.6163979045993397,0.3046522012833141,0.3545246819546409,0.40639819636423147,happy,03,09,09,male,strong,1037
50,1.6683333333333334,True,1.0,0.3033482150223944,0.271399148370919,0.28737368169665667,1.0014654209109384,-0.06337962962962962,-0.06842592592592597,0.43729342854308506,0.31504260497090875,0.1521961647124145,0.28695317451426333,0.0319490666514754,0.005046296296296354,0.022643365254194085,0.2801029627478993,0.1202208683338743,0.11326680567748396,0.0,0.9999999987499999,0.6145097414434523,0.3040060862875767,0.3589552940155966,0.4069556582436463,happy,03,09,09,male,strong,1037
60,2.0020000000000002,True,1.0,0.3209933447710105,0.3356133183407198,0.3283033315558651,0.8058749500408974,-0.06425925925925924,-0.07078703703703709,0.41470932719372466,0.25103090043253157,0.17644121757180892,0.4073874383850795,0.014619973569709288,0.0065277777777778545,0.03029404066482777,0.35975730494172453,0.10047401792296043,0.11938757979824213,0.0,0.9999999987499999,0.6820446012780111,0.31024566612894056,0.2972575957424806,0.42391886998169076,happy,03,09,09,male,strong,1037
70,2.3356666666666666,True,1.0,0.3397912386572715,0.3551454561043402,0.34746834738080584,0.8489068340092455,-0.06680555555555551,-0.07074074074074072,0.43356988448072936,0.24573618879214987,0.18517145459170184,0.40931269894455996,0.015354217447068663,0.003935185185185208,0.015986348079317102,0.34811060223264223,0.11695483801574424,0.11515666193557761,0.0,0.9999999987499999,0.6180586886707808,0.29729530446220587,0.3460852872507461,0.3981082841806589,happy,03,09,09,male,strong,1037
80,2.6693333333333333,True,1.0,0.3511909296156528,0.35147647961081413,0.35133370461323343,0.7295236308913061,-0.0851851851851852,-0.08999999999999997,0.4093609139574961,0.17060737619838992,0.21814510723058167,0.48159331615342793,0.0002855499951613383,0.004814814814814772,0.015380013930447781,0.38103270569085096,0.11951590812384108,0.11350798348144338,0.0,0.9999999987499999,0.6193843207048445,0.2975301941220249,0.3608601164152236,0.39997242751267265,happy,03,09,09,male,strong,1037
90,3.003,True,1.0,0.30699954440516747,0.34560524510910295,0.3263023947571352,0.8430766978101248,-0.09078703703703705,-0.09870370370370365,0.4378834374535012,0.16419629393392224,0.22442831033896335,0.38703761544435905,0.038605700703935486,0.0079166666666666,0.024643827455413166,0.34546468842926775,0.10518065181217712,0.11836142942733545,0.0,0.9999999987499999,0.6719238140568726,0.3143552466735505,0.3268134075218656,0.44789068197422316,happy,03,09,09,male,strong,1037
100,3.336666666666667,True,1.0,0.3289784896270607,0.309703435689046,0.31934096265805334,0.8250376794401938,-0.08185185185185184,-0.08615740740740746,0.4596575357842673,0.13054062758751972,0.2125703582971118,0.3870622768098703,0.019275053938014708,0.004305555555555618,0.0065199418050089645,0.3348827234390161,0.11685836555597101,0.11508913665170088,0.0,0.9999999987499999,0.6190187926498725,0.2996055623763861,0.3580521961442283,0.40905755811228073,happy,03,09,09,male,strong,1037
110,3.6703333333333332,True,1.0,0.33861509946669577,0.3455948103223269,0.3421049548945113,0.7901960400392373,-0.06972222222222224,-0.07564814814814819,0.4657651694503846,0.1538317106772541,0.19120219738667715,0.4329368125883345,0.006979710855631149,0.005925925925925946,0.04245037365564234,0.3635542364555917,0.10454786501631415,0.1177939462780467,0.0,0.9999999987499999,0.6744754249043368,0.31428815825910694,0.31102820576752477,0.42876542055121675,happy,03,09,09,male,strong,1037
120,4.0040000000000004,True,1.0,0.31228239208739383,0.3662927862087901,0.339287589148092,0.7732922550452341,-0.0652314814814815,-0.07208333333333333,0.47023777251988363,0.08633542510461209,0.20118651529641388,0.4387572576014552,0.054010394121396244,0.006851851851851831,0.05269199375620872,0.37773158672083845,0.11799966899013484,0.11375131272398815,0.0,0.9999999987499999,0.6303795210584234,0.29796155596271034,0.35341175550816945,0.40849925014463156,happy,03,09,09,male,strong,1037
0,0.0,True,1.0,0.34970347744118424,0.3795947591389964,0.3646491182900903,0.7909110416043749,-0.06069444444444444,-0.06328703703703709,0.46742254997031213,0.09489864949491948,0.191915290018153,0.4610494722015691,0.029891281697812133,0.0025925925925926463,0.029165467978501055,0.36094569911086005,0.12269683299543972,0.11143802476048278,0.0,0.9999999987499999,0.6264198503698354,0.2995601563426353,0.35146146285395646,0.4065268122883669,happy,03,09,09,male,strong,1038
10,0.33366666666666667,True,1.0,0.36366330268224556,0.36449073019644446,0.364077016439345,0.7325973666267662,-0.06064814814814806,-0.06449074074074074,0.4623563619949805,0.09023550875091513,0.19534560386896543,0.4969674107835416,0.0008274275141988974,0.003842592592592675,0.028376071990847594,0.3841959259371469,0.11912970832778813,0.11307390266957497,0.0,0.9999999987499999,0.6283656713857417,0.2978146797045626,0.34953053460944455,0.4018385538380173,happy,03,09,09,male,strong,1038
20,0.6673333333333333,True,1.0,0.38137657098974537,0.37112251315201417,0.3762495420708798,0.7276067025935649,-0.07481481481481478,-0.07953703703703702,0.44951780438870415,0.12119737702135017,0.205058025543551,0.5171056571218114,0.0102540578377312,0.004722222222222239,0.019211795703214324,0.3944425621860853,0.1162671159205833,0.11617941544531604,0.0,0.9999999987499999,0.6239210535542342,0.2998180236892969,0.3550883574757368,0.4072181952956281,happy,03,09,09,male,strong,1038
30,1.0010000000000001,True,1.0,0.38550222485369096,0.3816453666813236,0.3835737957675073,0.8798422004473447,-0.0874537037037037,-0.09194444444444438,0.3734953320398788,0.236300578229325,0.22442831033896335,0.4359574882546938,0.003856858172367361,0.004490740740740684,0.015538323167021627,0.3470064226580038,0.11569622079912255,0.11592913168532454,0.0,0.9999999987499999,0.6200309397977941,0.2975483908506087,0.34640007875914286,0.38918720992335715,happy,03,09,09,male,strong,1038
40,1.3346666666666667,True,1.0,0.3463979307380708,0.38538039051453327,0.36588916062630206,0.8479282855928352,-0.08546296296296296,-0.09324074074074074,0.36138063242532553,0.22204105661809673,0.22304018585513552,0.43150955905485333,0.038982459776462475,0.007777777777777772,0.01622790266700601,0.3663569905423112,0.10806416140136713,0.11914158556570663,0.0,0.9999999987499999,0.6588866797891031,0.312891977170776,0.31858170712515466,0.4275248280723422,happy,03,09,09,male,strong,1038
50,1.6683333333333334,True,1.0,0.3808520102040558,0.3814860556167935,0.38116903291042464,1.2358522393883538,-0.09314814814814809,-0.09796296296296292,0.38036062048543867,0.4012727407014748,0.22582962030995063,0.30842605674208456,0.0006340454127377049,0.004814814814814827,0.017103199969335958,0.244390906141134,0.10747719517523849,0.11871229600395146,0.0,0.9999999987499999,0.6620037475771559,0.31390773803497524,0.3290124685948138,0.44862513331323006,happy,03,09,09,male,strong,1038
60,2.0020000000000002,True,1.0,0.3517702754103513,0.36385840056190777,0.3578143379861295,0.8047351035949513,-0.09083333333333338,-0.09347222222222223,0.3818169105635566,0.3320996627692437,0.2236452275399772,0.44463617454698334,0.012088125151556495,0.0026388888888888573,0.00896752439137649,0.3664007930641042,0.1196705764388675,0.11233184792523294,0.0,0.9999999987499999,0.6239994617300045,0.2904848004160333,0.3568365922725243,0.39399119110662817,happy,03,09,09,male,strong,1038
70,2.3356666666666666,True,1.0,0.3818235575722779,0.36368145090858767,0.3727525042404328,0.9065000764326578,-0.08949074074074076,-0.09310185185185182,0.35509299806156824,0.32962442020268656,0.2236452275399772,0.41119963906381857,0.01814210666369026,0.003611111111111065,0.011382680127402378,0.335467786796987,0.12164091549222954,0.11156975478395921,0.0,0.9999999987499999,0.619596469486232,0.292768950763243,0.34874770417897594,0.3811070221352571,happy,03,09,09,male,strong,1038
80,2.6693333333333333,True,1.0,0.37021911387889433,0.3872739369090362,0.37874652539396525,0.8899125771889856,-0.0827314814814814,-0.08833333333333337,0.40817925101022645,0.27051119971251875,0.21193555056363986,0.4255996994562456,0.017054823030141886,0.005601851851851969,0.015284200905123264,0.32173682102604073,0.12002145257969109,0.11364585922815716,0.0,0.9999999987499999,0.630590712894533,0.2922272481587834,0.3462007000689144,0.4015945832269739,happy,03,09,09,male,strong,1038
90,3.003,True,1.0,0.37849377074831775,0.3811117554335709,0.3798027630909443,0.7969641959427057,-0.07763888888888887,-0.08439814814814817,0.4263386540138405,0.21051753036981116,0.20717473426569263,0.4765618895108414,0.0026179846852531496,0.006759259259259298,0.033242694741398876,0.36254689773169985,0.12245791643313624,0.11050012334719048,0.0,0.9999999987499999,0.6248202825974141,0.2958920267209487,0.3593812801676125,0.4071203898757203,happy,03,09,09,male,strong,1038
100,3.336666666666667,True,1.0,0.3650661756682163,0.3963416638922381,0.3807039197802272,0.755930140167751,-0.07435185185185184,-0.08277777777777773,0.44114613668185004,0.14230345474273265,0.21274256606063233,0.5036231518639328,0.03127548822402182,0.008425925925925892,0.02872353014518877,0.38529119723459787,0.1062993585731017,0.11832779700466349,0.0,0.9999999987499999,0.6595449636651536,0.3150340492915191,0.31551076085751667,0.4403168421471389,happy,03,09,09,male,strong,1038
0,0.0,True,1.0,0.2537105115911807,0.1547644213454246,0.20423746646830265,0.6469378269713626,-0.056944444444444464,-0.06365740740740733,0.44622669431545287,-0.1613877205845961,0.2328437674817546,0.31569875489340254,0.0989460902457561,0.006712962962962865,0.13361044777342831,0.4296232000583942,0.11328993164845977,0.11616892505664636,0.0,0.9999999987499999,0.5649722465626876,0.2991679619613554,0.281007142054169,0.34751143243565463,happy,03,09,09,male,strong,1039
10,0.33366666666666667,True,1.0,0.34922076731183166,0.39083528856716326,0.37002802793949746,0.7249569318732277,-0.05268518518518528,-0.062499999999999944,0.48001860872431396,-8.019081769903268e-16,0.207771490843975,0.5104138075945783,0.041614521255331605,0.009814814814814665,0.06921011643719492,0.4010637323300876,0.10912177137207686,0.12088335911758491,0.0,0.9999999987499999,0.6244817287852642,0.30277542243623623,0.32177582139427735,0.3902756880402471,happy,03,09,09,male,strong,1039
20,0.6673333333333333,True,1.0,0.3929806337339972,0.3877038806161086,0.3903422571750529,0.7390478315025877,-0.056574074074074054,-0.06435185185185183,0.47782823677202785,0.06062857345690251,0.1961171359588704,0.5281691394472161,0.005276753117888611,0.007777777777777772,0.05073979162154027,0.37543886239089963,0.11681068919210487,0.11530287860109427,0.0,0.9999999987499999,0.6236518060661765,0.30024045103334057,0.3502515872456132,0.40557591236590496,happy,03,09,09,male,strong,1039
30,1.0010000000000001,True,1.0,0.33814619406598334,0.37884977657817925,0.3584979853220813,0.8270788177524484,-0.07462962962962955,-0.08337962962962964,0.42896910527137716,0.11324469025775984,0.216269108260104,0.43345081221676596,0.04070358251219591,0.008750000000000091,0.03751487321441346,0.36610543402391654,0.11650442060942638,0.11461931432507,0.0,0.9999999987499999,0.6223001060658638,0.2987537002772315,0.3568453667696869,0.3989394321539403,happy,03,09,09,male,strong,1039
40,1.3346666666666667,True,1.0,0.2627203188615955,0.30212453872746425,0.2824224287945299,0.722260003035105,-0.08185185185185179,-0.09699074074074071,0.4132678081166864,0.11645042330642848,0.22174292268029908,0.3910259845591961,0.03940421986586873,0.015138888888888924,0.03186953170423543,0.43800159005381867,0.10583775535983972,0.11969968422295722,0.0,0.9999999987499999,0.6584259237757603,0.3122671748727169,0.3175854478359429,0.43094668993735535,happy,03,09,09,male,strong,1039
50,1.6683333333333334,True,1.0,0.26098834412433974,0.2772355672174126,0.2691119556708762,0.8214238769578351,-0.07837962962962969,-0.0923148148148148,0.4280557982676476,0.15188911974377814,0.22308225571936527,0.3276164270602157,0.01624722309307286,0.013935185185185106,0.026848434765779812,0.37007266201316064,0.10773820243001717,0.11652977762067913,0.0,0.9999999987499999,0.6526984507631177,0.314660513797259,0.3270601990436015,0.4424856289946428,happy,03,09,09,male,strong,1039
60,2.0020000000000002,True,1.0,0.3064025296563877,0.31101262339552577,0.3087075765259567,0.8387744708653815,-0.08134259259259269,-0.09412037037037035,0.3847725176878164,0.2691494866879005,0.22438207265393784,0.36804598524256055,0.004610093739138066,0.012777777777777666,0.0229449464499191,0.3864687153995531,0.10455589772118137,0.11810987260038165,0.0,0.9999999987499999,0.6537264096497974,0.31366133257424317,0.31952462006968996,0.4286167326066506,happy,03,09,09,male,strong,1039
70,2.3356666666666666,True,1.0,0.30238113248521464,0.2952402428730837,0.2988106876791492,0.8445209588229541,-0.0805555555555556,-0.09092592592592597,0.3831130701110509,0.17646084722886357,0.23407471761780455,0.3538227021572262,0.007140889612130941,0.010370370370370363,0.004384264226574387,0.360994740590388,0.12042022164593014,0.11355927312532339,0.0,0.9999999987499999,0.6092536219487795,0.29705127040539175,0.3513846274941179,0.38297731104986626,happy,03,09,09,male,strong,1039
80,2.6693333333333333,True,1.0,0.2787374045667946,0.291545542412362,0.2851414734895783,0.8036001054326036,-0.07106481481481475,-0.08606481481481476,0.4436961629801405,0.08140833478302155,0.22866448555068736,0.3548300598294192,0.012808137845567447,0.015000000000000013,0.025116480185394537,0.34429572354649224,0.11842902193781374,0.11480760131269815,0.0,0.9999999987499999,0.6144038152057698,0.3008640806637581,0.34861038758544943,0.3966427840274805,happy,03,09,09,male,strong,1039
90,3.003,True,1.0,0.288354711890688,0.2770094775258011,0.28268209470824457,0.748116586637628,-0.06763888888888892,-0.08430555555555552,0.460809822892463,0.05182459223878708,0.2198945613328826,0.3778583442171024,0.011345234364886936,0.016666666666666607,0.05141410305863663,0.3864438535681157,0.10840168210677284,0.11803023328482287,0.0,0.9999999987499999,0.6629901216111443,0.3146693098727967,0.32152731593737216,0.44090140114105025,happy,03,09,09,male,strong,1039
100,3.336666666666667,True,1.0,0.06221115585987402,0.052253850143885124,0.05723250300187957,0.6914866624367647,-0.07754629629629639,-0.08851851851851861,0.47393939247756184,-0.09132055080609812,0.24491870610754443,0.08276732742782784,0.0099573057159889,0.010972222222222217,0.054273149632014996,0.425290701348497,0.10033281192471288,0.12296355632839406,0.0,0.9999999987499999,0.654660241627901,0.3211066088632388,0.2855142982357368,0.40513165561712006,happy,03,09,09,male,strong,1039
0,0.0,True,1.0,0.4742228503029706,0.42368185649044615,0.44895235339670836,0.6074188001802351,-0.051342592592592606,-0.05907407407407406,0.34176343174673585,0.08311834990583403,0.20625591847568878,0.7391150113620024,0.05054099381252447,0.00773148148148145,0.06847206428905135,0.4816436824526724,0.11988684932211333,0.11294757200092198,0.0,0.9999999987499999,0.6143975730995523,0.30678211383045717,0.30476656368728244,0.3874049355445742,sad,04,09,09,male,normal,1040
10,0.33366666666666667,True,1.0,0.43459600931580067,0.3908060038312855,0.4127010065735431,0.5841255532844222,-0.05092592592592582,-0.059768518518518554,0.33790418139794326,0.0842129940754972,0.20487042134711544,0.706527910400439,0.04379000548451517,0.008842592592592735,0.06016175217897605,0.5040498396065044,0.11483111928573604,0.11530853218824283,0.0,0.9999999987499999,0.615816931546056,0.30684039481482817,0.3009556124427176,0.38635903556855816,sad,04,09,09,male,normal,1040
20,0.6673333333333333,True,1.0,0.4750503385005183,0.4412604351718836,0.45815538683620094,0.6563501190524187,-0.05162037037037043,-0.06037037037037041,0.33336101736157586,0.13240595953335957,0.2055555555555555,0.6980350479674566,0.033789903328634685,0.00874999999999998,0.0678916929059217,0.4563691787168883,0.11828957054208963,0.11395250050630173,0.0,0.9999999987499999,0.6170185282316052,0.3062412072683406,0.3022041370394301,0.38932749275366274,sad,04,09,09,male,normal,1040
30,1.0010000000000001,True,1.0,0.2901367618726553,0.2460960592706738,0.2681164105716646,0.7450235763090886,-0.055185185185185115,-0.06467592592592586,0.3236644405023528,0.16614423209605556,0.20627996053698625,0.35987641075727633,0.04404070260198151,0.009490740740740744,0.05606312205503001,0.418674048459185,0.11114965541092132,0.11594018543144671,0.0,0.9999999987499999,0.6199095166035165,0.3029705555233337,0.2811276675630508,0.3763625960244387,sad,04,09,09,male,normal,1040
40,1.3346666666666667,True,1.0,0.22940632569728453,0.2081497399139001,0.21877803280559233,0.7623454817081821,-0.05472222222222223,-0.06462962962962965,0.334012665381867,0.1447632178129198,0.2068410092921614,0.2869801658893261,0.021256585783384435,0.00990740740740742,0.046672959310422514,0.41649306518260826,0.11331473514000466,0.11728736587674587,0.0,0.9999999987499999,0.6175122737141732,0.3023294039696081,0.2837815973954648,0.3682292761475073,sad,04,09,09,male,normal,1040
50,1.6683333333333334,True,1.0,0.5023095671744868,0.5058372935728442,0.5040734303736656,0.5724173342205662,-0.04967592592592601,-0.05749999999999994,0.3204084199517182,0.11889133568124166,0.20880740332667272,0.8806047620134333,0.0035277263983574114,0.007824074074073928,0.05236988717980513,0.517033794355706,0.12066759385117225,0.11126015781893366,0.0,0.9999999987499999,0.6141561453409489,0.30733666100654594,0.30065682643170244,0.374219166510133,sad,04,09,09,male,normal,1040
60,2.0020000000000002,True,1.0,0.5198519962325185,0.48802149368779263,0.5039367449601556,0.6030253470212543,-0.048749999999999905,-0.056990740740740786,0.3390478691793173,0.15022255732785725,0.20576923250270704,0.8356808672296056,0.031830502544725914,0.008240740740740882,0.05907144971325439,0.5069119549259362,0.11471456358413266,0.11608285077255635,0.0,0.9999999987499999,0.6273379261626525,0.3021288743528558,0.29676818892890783,0.37589074752414237,sad,04,09,09,male,normal,1040
70,2.3356666666666666,True,1.0,0.4631564091023566,0.46626699634025975,0.4647117027213082,0.6246251927031495,-0.05175925925925934,-0.06078703703703703,0.32687560110525,0.14798313124316773,0.20428770460881948,0.7439848858964618,0.0031105872379031396,0.00902777777777769,0.05701004539968392,0.4935022677845908,0.11374860601255539,0.11588436624135273,0.0,0.9999999987499999,0.6210518232761855,0.3049659515595917,0.2932183562416747,0.36886663032190625,sad,04,09,09,male,normal,1040
80,2.6693333333333333,True,1.0,0.41862158424198903,0.39435589296831386,0.40648873860515145,0.6396965846961589,-0.05134259259259255,-0.060370370370370297,0.3355625025182175,0.09868256459896763,0.2090803303492848,0.6354399074964957,0.024265691273675172,0.009027777777777746,0.07226238894780444,0.4696486527029525,0.11982839703753265,0.11368193222542437,0.0,0.9999999987499999,0.6124949964985995,0.309174344683526,0.30021178125006087,0.38486630739644934,sad,04,09,09,male,normal,1040
90,3.003,True,1.0,0.359195082087835,0.314982750573429,0.337088916330632,0.5576421677192667,-0.053055555555555634,-0.06180555555555556,0.34228543187441657,0.03746696569899955,0.2104688724428416,0.6044896455899518,0.04421233151440601,0.008749999999999925,0.07100719239212441,0.4904277365033908,0.11851560852259048,0.11321366332953707,0.0,0.9999999987499999,0.6111304657956933,0.3091206383695731,0.30327355858349536,0.3854848598484277,sad,04,09,09,male,normal,1040
0,0.0,True,1.0,0.21587040841779678,0.20735704123541404,0.2116137248266054,0.5280179350509071,-0.06398148148148147,-0.07217592592592587,0.36443769744923266,0.2266618631265138,0.18058259679984476,0.4007699564337779,0.008513367182382742,0.008194444444444393,0.04289903508067965,0.5641565045570015,0.12017571908909055,0.11264016691532099,0.0,0.9999999987499999,0.6305532967562025,0.3073862662468773,0.30294287398099273,0.36818230639045807,sad,04,09,09,male,normal,1041
10,0.33366666666666667,True,1.0,0.4294621491405603,0.4038428765023003,0.4166525128214303,0.5762060220281044,-0.0534722222222222,-0.06277777777777782,0.36240951029384855,0.24402049172126744,0.1812840922947753,0.7230964219272045,0.025619272638260027,0.009305555555555622,0.0520365854890202,0.5279589978311745,0.11634635272835872,0.11444730468343342,0.0,0.9999999987499999,0.6320900190310499,0.3070899938974297,0.3056182305291661,0.3747821367991211,sad,04,09,09,male,normal,1041
20,0.6673333333333333,True,1.0,0.42946214914056047,0.42161568047850556,0.425538914809533,0.6553149653954037,-0.05421296296296296,-0.06379629629629624,0.34835052494561985,0.2601058023015817,0.18268942736057145,0.6493654765731949,0.007846468662054906,0.009583333333333277,0.04743113532974127,0.4643028028382648,0.11485337059881787,0.11495537794774308,0.0,0.9999999987499999,0.63548684823148,0.3060877566668769,0.3022351807785208,0.3731130269221057,sad,04,09,09,male,normal,1041
30,1.0010000000000001,True,1.0,0.38166029441014854,0.39827641525053387,0.3899683548303412,0.8801165901191285,-0.053379629629629666,-0.06152777777777779,0.3401690413703513,0.3484223644245732,0.18056611902358904,0.4430871536889867,0.01661612084038533,0.008148148148148127,0.04909643487003267,0.34061049229936236,0.11600591744341579,0.11395949597571879,0.0,0.9999999987499999,0.6345932991868622,0.30631990609402643,0.3040485903974561,0.3749719130116391,sad,04,09,09,male,normal,1041
40,1.3346666666666667,True,1.0,0.39573802477318293,0.4069046067019031,0.40132131573754304,0.6511990765936453,-0.05435185185185182,-0.06143518518518515,0.35020670129229414,0.22134947570948638,0.18057625937153515,0.6162805356494256,0.011166581928720165,0.00708333333333333,0.04893654090715031,0.4594385071651263,0.11915825153788352,0.11304382319028769,0.0,0.7596090472009316,0.6421706569112019,0.29972695828152895,0.3054311514008996,0.37084610153449915,sad,04,09,09,male,normal,1041
50,1.6683333333333334,True,1.0,0.22295999745066725,0.23053356457744725,0.22674678101405726,0.8364750237207642,-0.06217592592592597,-0.06976851851851851,0.3571088432416798,0.2811097159859494,0.1820048173001131,0.2710741798427575,0.007573567126780006,0.00759259259259254,0.04259192309693767,0.3494155244712029,0.11766259880251326,0.11426679228386018,0.0,0.9999999987499999,0.6381651762189251,0.3019468341862999,0.3044917258248433,0.37229938576136085,sad,04,09,09,male,normal,1041
60,2.0020000000000002,True,1.0,0.4297302766115549,0.4677485157728967,0.4487393961922258,0.9110002655929282,-0.05546296296296305,-0.06120370370370365,0.3348255735441052,0.3548777370007239,0.18691008021618238,0.49257877647287174,0.03801823916134184,0.005740740740740602,0.029469187197389623,0.32435957883555655,0.11833738657742812,0.11373545560163426,0.0,0.9999999987499999,0.6331261886004402,0.30428881821240344,0.30571024600065605,0.37815344940569495,sad,04,09,09,male,normal,1041
70,2.3356666666666666,True,1.0,0.4225978666534994,0.4509829337777123,0.4367904002156059,0.7157696471551869,-0.052453703703703725,-0.06115740740740738,0.3240583949152392,0.25417834993564925,0.18900558257911235,0.6102387855528957,0.028385067124212904,0.008703703703703658,0.04077971917840259,0.45162528179242734,0.1204001884145265,0.11206068621844659,0.0,0.9999999987499999,0.6306144521714936,0.30468036026374884,0.30703102939332405,0.37429854023624454,sad,04,09,09,male,normal,1041
80,2.6693333333333333,True,1.0,0.43386624937812207,0.46382953168649504,0.44884789053230856,0.5558924446842101,-0.05421296296296302,-0.06185185185185188,0.37171757176055914,0.15249393365182792,0.18828563725134143,0.8074365730717727,0.029963282308372974,0.007638888888888862,0.044584175576574014,0.5214220551638526,0.1192718629100118,0.11292394603821136,0.0,0.9999999987499999,0.6320864652892407,0.30386368574501316,0.3043806803990804,0.3739336858710942,sad,04,09,09,male,normal,1041
90,3.003,True,1.0,0.41666155102241226,0.4034097839128995,0.41003566746765585,0.5318976773087031,-0.05189814814814825,-0.06032407407407414,0.3688984385310499,0.11851060986240455,0.19178167016558628,0.7708920060383703,0.013251767109512758,0.008425925925925892,0.041567963761893346,0.5511883326264382,0.11946034083893477,0.11255539920375751,0.0,0.9999999987499999,0.6364269835668642,0.2972044609429355,0.30768623557012276,0.38963167484136624,sad,04,09,09,male,normal,1041
100,3.336666666666667,True,1.0,0.3957380247731832,0.37994406108685685,0.38784104293002003,0.5301810243386548,-0.05342592592592588,-0.06189814814814815,0.3713226358594525,0.11796155115755531,0.19245032954841063,0.7315256961786044,0.01579396368632635,0.00847222222222227,0.0432728916588166,0.5547508563110555,0.11834748822674011,0.1135572939354577,0.0,0.9999999987499999,0.6346160698888931,0.29899892454031796,0.3054407497401915,0.3882628646937835,sad,04,09,09,male,normal,1041
0,0.0,True,1.0,0.45997037699366056,0.45278190102565546,0.456376139009658,0.5271152297724941,-0.04777777777777764,-0.057037037037037,0.3514985407937777,0.08499819867244343,0.20819700852954862,0.8657995694919164,0.0071884759680050925,0.009259259259259356,0.07395154506683006,0.610045049973555,0.11890913737663378,0.11431026027550996,0.0,0.9999999987499999,0.6138895271702431,0.29939904114986376,0.3009707712207565,0.3755917290452614,sad,04,09,09,male,normal,1042
10,0.33366666666666667,True,1.0,0.37687563044326505,0.4118099531582902,0.39434279180077764,0.5244303182798882,-0.048518518518518516,-0.05962962962962959,0.3518102868708151,0.07751814791753359,0.20897833097438653,0.7519450688781824,0.03493432271502517,0.011111111111111072,0.07310218451164205,0.5950636730978452,0.11630235865510145,0.11432548607440822,0.0,0.9999999987499999,0.6142363563706732,0.3077779625809462,0.30855224861790737,0.3799999334976177,sad,04,09,09,male,normal,1042
20,0.6673333333333333,True,1.0,0.48538761577949546,0.49008654176858657,0.48773707877404104,0.5505555478056956,-0.04699074074074089,-0.05740740740740741,0.3454145970472849,0.09380472473670215,0.21105529761219827,0.8858998528267946,0.004698925989091107,0.010416666666666519,0.07425470847301356,0.5950030798111045,0.1167014814095177,0.11358306095837517,0.0,0.9999999987499999,0.6140461714451406,0.29928434047552555,0.3002149875719428,0.37361418130009094,sad,04,09,09,male,normal,1042
30,1.0010000000000001,True,1.0,0.44898183499781436,0.48316552742251206,0.46607368121016324,0.7096073916071498,-0.048472222222222194,-0.0589351851851852,0.32570354127943835,0.1460154023531816,0.21232505805547314,0.6568049976967957,0.03418369242469771,0.010462962962963007,0.07202274571557392,0.4554563234327357,0.11389284723499893,0.1147507183978465,0.0,0.9999999987499999,0.6198169415422419,0.3048601657433375,0.3077036367947731,0.3776464949234499,sad,04,09,09,male,normal,1042
40,1.3346666666666667,True,1.0,0.4559376101159427,0.516979465863288,0.48645853798961536,0.6181453317305109,-0.053518518518518465,-0.06435185185185194,0.35019622462336086,0.12482129119707325,0.20794767273289688,0.7869646716052427,0.06104185574734533,0.010833333333333472,0.05532510828169998,0.5233155880858049,0.1158058076545445,0.11432960450302114,0.0,0.9999999987499999,0.6306291642203757,0.2993505009174567,0.3083996877159435,0.38434667150104884,sad,04,09,09,male,normal,1042
50,1.6683333333333334,True,1.0,0.474376697166171,0.46115091038182165,0.4677638037739963,1.0027800883926818,-0.05750000000000005,-0.06731481481481488,0.3221684562811326,0.36538137803249343,0.20498173899701774,0.4664669843253042,0.013225786784349325,0.009814814814814832,0.04629138906141112,0.34010405395170584,0.11598774033946761,0.1149765514403786,0.0,0.9999999987499999,0.6346308550842212,0.299194942052718,0.3138244989182472,0.38835400176094625,sad,04,09,09,male,normal,1042
60,2.0020000000000002,True,1.0,0.48959889838022735,0.47002349075894123,0.4798111945695843,0.781887821620851,-0.056805555555555554,-0.06912037037037033,0.34302638109104877,0.2550804726475069,0.20634467524023967,0.6136573320389327,0.019575407621286123,0.012314814814814778,0.04800115897645116,0.39049618276190434,0.10095790329359523,0.11785243577158518,0.0,0.9999999987499999,0.6634556433510905,0.3242730332046873,0.28181619973871963,0.4034061919398442,sad,04,09,09,male,normal,1042
70,2.3356666666666666,True,1.0,0.48823187491290493,0.5179497688224741,0.5030908218676895,0.736300892315444,-0.05657407407407411,-0.065925925925926,0.3284226841674381,0.24238903990346403,0.20790657697936826,0.6832679779670248,0.029717893909569193,0.009351851851851889,0.0465148206425369,0.4544716838063706,0.11779483345470876,0.11413047001974301,0.0,0.9999999987499999,0.6316798446331657,0.2992010874565492,0.308735019938368,0.3819735846895121,sad,04,09,09,male,normal,1042
80,2.6693333333333333,True,1.0,0.4554971313523522,0.4424193704268142,0.4489582508895832,0.4892275563628234,-0.05666666666666659,-0.06643518518518521,0.3744027463342915,0.05579654571635227,0.20764807457878814,0.9176879859903568,0.013077760925538029,0.00976851851851862,0.037348266387418075,0.5780831893176428,0.11234006655103629,0.11495297251835011,0.0,0.9999999987499999,0.6317825095819578,0.301530574495045,0.3014115508947849,0.384232819596248,sad,04,09,09,male,normal,1042
90,3.003,True,1.0,0.43964598727015725,0.4218459957426086,0.43074599150638293,0.50803932344922,-0.056111111111111056,-0.06175925925925918,0.36998477355845505,0.07753198641499201,0.20489127474057944,0.8478595487095937,0.01779999152754863,0.005648148148148124,0.03134948427023147,0.5781571154457937,0.11530183589145906,0.11316665019792098,0.0,0.9999999987499999,0.628423885733981,0.3026181724057653,0.30402570213005575,0.3894261728956612,sad,04,09,09,male,normal,1042
100,3.336666666666667,True,1.0,0.44958960857762453,0.4104372316288595,0.430013420103242,0.512170913751004,-0.0556018518518519,-0.06231481481481477,0.3666701761640241,0.07099631959626744,0.20763925632428706,0.8395896927335013,0.039152376948765055,0.006712962962962865,0.034892194665085884,0.5620886939449086,0.1187340156656943,0.11365708223545753,0.0,0.9999999987499999,0.6286252963919943,0.3028379561122365,0.30533867494658323,0.38968677001857177,sad,04,09,09,male,normal,1042
0,0.0,True,1.0,0.26101861022827816,0.28168265243956714,0.2713506313339227,0.591265105006646,-0.05629629629629623,-0.06449074074074079,0.35643605630909087,0.18719263879421566,0.18802660425123355,0.4589322607341636,0.02066404221128898,0.00819444444444456,0.041348506862930255,0.5228319298042637,0.12029938418371947,0.11216889466909644,0.0,0.9999999987499999,0.6291669054106017,0.29954618847134645,0.30218482218659665,0.37711827628826117,sad,04,09,09,male,normal,1043
10,0.33366666666666667,True,1.0,0.2847909052617983,0.2689032527370524,0.27684707899942534,0.508119022850167,-0.05384259259259255,-0.059629629629629644,0.3717214146798849,0.12678237523295316,0.19079671543897028,0.5448469089909697,0.015887652524745888,0.0057870370370370905,0.02901854637187156,0.5932418712123443,0.11863863148912956,0.11206932881816388,0.0,0.7371225729844414,0.6291424980929872,0.3018038241074708,0.29496989804068136,0.3678811801950712,sad,04,09,09,male,normal,1043
20,0.6673333333333333,True,1.0,0.2805853658923571,0.31674044588920425,0.2986629058907807,0.5730240340720111,-0.058564814814814736,-0.06726851851851856,0.34827927166819805,0.19051325941630035,0.19561724393009364,0.5212048502894875,0.03615507999684714,0.008703703703703825,0.05034529621915578,0.5633697672680934,0.1182259041779016,0.1143522555409003,0.0,0.9511518354649469,0.6273542429628102,0.30100724535545764,0.3016245362239956,0.37451391605476664,sad,04,09,09,male,normal,1043
30,1.0010000000000001,True,1.0,0.40278195225756175,0.4564642648052966,0.42962310853142915,0.8104800680017066,-0.058287037037037026,-0.07263888888888886,0.31580383068247914,0.29111039231224073,0.20242283150048473,0.5300847306346398,0.05368231254773487,0.014351851851851838,0.05653764651349791,0.3933624987969886,0.11748311065184995,0.11311177704806191,0.0,0.9999999987499999,0.6286065920508829,0.30797722991274196,0.3103952497268288,0.3730953290823184,sad,04,09,09,male,normal,1043
40,1.3346666666666667,True,1.0,0.28188157047799356,0.31265567158752583,0.2972686210327597,0.5763533220524261,-0.06296296296296305,-0.0762037037037036,0.3591132428894216,0.1722937924068451,0.19452133353920625,0.5157749763186402,0.03077410110953227,0.013240740740740553,0.05074731915101482,0.5208586367876921,0.1170388489768914,0.11357140144244961,0.0,0.9999999987499999,0.6371772576296144,0.30277763411271125,0.2997298388504713,0.3637921257900687,sad,04,09,09,male,normal,1043
50,1.6683333333333334,True,1.0,0.3088601332378281,0.30150366983352017,0.30518190153567415,0.8634611851856597,-0.06013888888888885,-0.07435185185185189,0.33805899618391105,0.2795799042287155,0.19723614806199724,0.35344020874552057,0.007356463404307956,0.014212962962963038,0.04942096854799913,0.3582867961014741,0.11717338630429158,0.11476839511561743,0.0,0.9999999987499999,0.6317298994910464,0.3086253697018606,0.3034637733772262,0.3730408135957709,sad,04,09,09,male,normal,1043
60,2.0020000000000002,True,1.0,0.31392197028641255,0.31344794051762637,0.31368495540201946,0.7219786362290777,-0.05717592592592596,-0.07268518518518519,0.3282054313344871,0.22675103732904708,0.20213769135755233,0.43447955335688065,0.0004740297687861883,0.015509259259259223,0.046327531435532664,0.4407475263393876,0.11648422694613927,0.11563267615731954,0.0,0.9999999987499999,0.6325905009113021,0.298861510889483,0.3030409548038813,0.38285744533678623,sad,04,09,09,male,normal,1043
70,2.3356666666666666,True,1.0,0.2238496810252563,0.21454395667456308,0.21919681884990969,0.7574409203664909,-0.06467592592592597,-0.07986111111111122,0.3287287198510905,0.2773495836796583,0.19454486494201956,0.2893913082275122,0.009305724350693212,0.015185185185185246,0.06013095523883495,0.41643349035502597,0.11879265989912466,0.11325985554120768,0.0,0.9999999987499999,0.6318389382628051,0.30863170619698327,0.30573406324674846,0.36940320599051124,sad,04,09,09,male,normal,1043
80,2.6693333333333333,True,1.0,0.4642568374137854,0.480870068697364,0.4725634530555747,0.4964091368646466,-0.052499999999999936,-0.06569444444444439,0.363851936131571,0.10570656534209123,0.19801532628674082,0.9519636484540094,0.01661323128357861,0.013194444444444453,0.06205747919518691,0.5812197076605959,0.11556475545703904,0.11424019850048195,0.0,0.9999999987499999,0.6344980147371448,0.2982117479290274,0.305922215655086,0.38888301111647045,sad,04,09,09,male,normal,1043
90,3.003,True,1.0,0.34738538028250826,0.32958042303505486,0.3384829016587816,0.5136632159936896,-0.05564814814814806,-0.06898148148148153,0.3704429845260896,0.11043871906996212,0.19521550446455993,0.6589588102079318,0.0178049572474534,0.013333333333333475,0.06411548692901034,0.5800893509914593,0.12021771693365779,0.11225641763901373,0.0,0.9999999987499999,0.6314879877028936,0.2995735496346341,0.3077500528951935,0.38602783036639693,sad,04,09,09,male,normal,1043
100,3.336666666666667,True,1.0,0.37270870434025705,0.36174435684087963,0.3672265305905683,0.5144262030649561,-0.054444444444444406,-0.06787037037037036,0.3635057183658392,0.10653677624240919,0.19729802879105035,0.7138565811823527,0.010964347499377414,0.013425925925925952,0.05923297075588052,0.6114004262091619,0.11777097994615597,0.11196442265375976,0.0,0.9999999987499999,0.6301814118616196,0.30011565473067153,0.3042055561515557,0.3843328077659938,sad,04,09,09,male,normal,1043
0,0.0,True,1.0,0.2039882374134412,0.19414856329029262,0.1990684003518669,0.6795715408429315,-0.04032407407407401,-0.052870370370370456,0.3950791913345837,0.08914925970798321,0.18827388599143427,0.29293222035894134,0.009839674123148567,0.012546296296296444,0.09257154223060475,0.4875171256251735,0.11588363804592008,0.11307739983147351,0.0,0.9999999987499999,0.6137374377407213,0.3084176356204403,0.3176202177459976,0.3889707153571576,sad,04,09,09,male,strong,1044
10,0.33366666666666667,True,1.0,0.23778037894638468,0.20476078456431046,0.22127058175534758,0.8322661709040827,-0.045231481481481484,-0.060185185185185175,0.39365436770697715,0.14009169382683068,0.19100457921116565,0.2658651636831321,0.03301959438207422,0.014953703703703691,0.0926663037669328,0.3897026651815841,0.11684645384854832,0.11259100312765168,0.0,0.9999999987499999,0.6153111382130977,0.30888086943968035,0.326455237700094,0.4060132452920555,sad,04,09,09,male,strong,1044
20,0.6673333333333333,True,1.0,0.21704266119901688,0.21554756438332942,0.21629511279117314,0.8247206975055379,-0.046435185185185246,-0.061064814814814794,0.3954878688749827,0.1922277325328854,0.18546644821245542,0.26226468360183325,0.0014950968156874633,0.014629629629629548,0.085321207098999,0.4080892327073285,0.11350169834530917,0.11380615500408117,0.0,0.9999999987499999,0.6212999474555447,0.3109219172975919,0.32074915471848636,0.4008069397324382,sad,04,09,09,male,strong,1044
30,1.0010000000000001,True,1.0,0.20659009492885314,0.19202507502962674,0.19930758497923995,0.8444198979048047,-0.04791666666666666,-0.06486111111111115,0.39775201539521743,0.2163734368158262,0.18754068568996568,0.23602900106187313,0.0145650198992264,0.016944444444444484,0.08314882700395111,0.3958528805217846,0.11518998040954691,0.11478418017196959,0.0,0.9999999987499999,0.6203563197622799,0.30607451999832724,0.32550197526090313,0.4073924465715656,sad,04,09,09,male,strong,1044
40,1.3346666666666667,True,1.0,0.22367792053504806,0.23408643868424694,0.22888217960964752,0.6718140881631175,-0.0475462962962962,-0.06134259259259267,0.37390873963032173,0.16058631827165729,0.18823498003510297,0.3406927357469684,0.010408518149198881,0.013796296296296473,0.08266797731022132,0.4919892577275175,0.11721669754348853,0.11505581552979899,0.0,0.9999999987499999,0.6324800993131627,0.30337127643123796,0.32877465403696526,0.4007114275849896,sad,04,09,09,male,strong,1044
50,1.6683333333333334,True,1.0,0.29191738667452133,0.32008048774831227,0.3059989372114168,0.9440642824040227,-0.048842592592592715,-0.06412037037037038,0.3682330413163268,0.3338715196058198,0.190310252837807,0.3241293447011918,0.02816310107379094,0.015277777777777668,0.0776698107785537,0.35652431536530294,0.11785918246153462,0.11621510832397883,0.0,0.9999999987499999,0.629154578362595,0.3054633321612393,0.33316286117659155,0.4121516831059731,sad,04,09,09,male,strong,1044
60,2.0020000000000002,True,1.0,0.3185278905555242,0.3366529334199307,0.3275904119877274,0.9437072833536058,-0.04652777777777778,-0.06277777777777771,0.37313828917358005,0.31558553362783603,0.19168617038730715,0.3471313804250674,0.01812504286440647,0.01624999999999993,0.07815636156941164,0.3514708809447071,0.11264969040846359,0.11662663102655,0.0,0.9999999987499999,0.6302553112729469,0.30698301180954635,0.3302590617772688,0.4161609221031403,sad,04,09,09,male,strong,1044
70,2.3356666666666666,True,1.0,0.2985273079671611,0.29041343344118126,0.29447037070417115,0.8365790450668635,-0.0470370370370371,-0.06203703703703706,0.36034819426895837,0.277642243357522,0.19029742384669854,0.3519934815969908,0.008113874525979836,0.014999999999999958,0.08257279429500862,0.39761037312933617,0.11783682139777536,0.11291210238744413,0.0,0.9999999987499999,0.6296721422631553,0.3053290522052609,0.32708471043632764,0.40739089162085723,sad,04,09,09,male,strong,1044
80,2.6693333333333333,True,1.0,0.37510946405882567,0.3535756633417957,0.3643425637003107,0.7150524925689803,-0.050694444444444486,-0.06120370370370365,0.3405026905729659,0.24444350137719886,0.191029741969003,0.5095326112231725,0.021533800717029983,0.010509259259259163,0.08175708634817491,0.46200399239925166,0.11729641218353845,0.11397597498620711,0.0,0.9999999987499999,0.6321844044727267,0.3038612194611906,0.318178873915115,0.3902333299760536,sad,04,09,09,male,strong,1044
90,3.003,True,1.0,0.30877151896359073,0.32321948267329326,0.31599550081844197,0.7821292327395839,-0.04787037037037034,-0.059768518518518554,0.36337876989824724,0.22211379468601775,0.19099778869268047,0.4040195502111544,0.014447963709702527,0.011898148148148213,0.08303107546159141,0.42861136235214686,0.11420141498906143,0.11444363170804646,0.0,0.9999999987499999,0.6289344550163817,0.3047599559740366,0.3233331599352236,0.40056649980232906,sad,04,09,09,male,strong,1044
100,3.336666666666667,True,1.0,0.12545667813316336,0.10082032965311852,0.11313850389314094,0.6560099698158122,-0.054629629629629584,-0.06166666666666665,0.37632967480439794,0.04072196104532154,0.20000953651580117,0.17246461044625103,0.02463634848004484,0.007037037037037064,0.0952272048015162,0.472863959069593,0.11650737557859875,0.1151139023565983,0.0,0.9999999987499999,0.6079256787246149,0.30739475373775577,0.3091812295355439,0.38327207224326265,sad,04,09,09,male,strong,1044
110,3.6703333333333332,True,1.0,0.20286293469419664,0.16315558368360983,0.18300925918890323,0.6999335602168006,-0.04819444444444443,-0.056712962962962965,0.3781705543449623,0.013382193189305749,0.20003814333537112,0.2614666156773753,0.03970735101058681,0.008518518518518536,0.10392210963324565,0.4406765586674448,0.12048802564475523,0.11315107633100305,0.0,0.9999999987499999,0.5984525996492347,0.3085627217399148,0.3197420754536673,0.39176237170325284,sad,04,09,09,male,strong,1044
0,0.0,True,1.0,0.24847108363271908,0.24637919503727687,0.247425139334998,0.5681427767454935,-0.04500000000000004,-0.06115740740740744,0.3787730592350515,0.15444499427150904,0.19240909594576572,0.43549816958393733,0.0020918885954422095,0.016157407407407398,0.07881495824205885,0.5890831493774571,0.1207503937178278,0.1123635215421464,0.0,0.9999999987499999,0.617853856730192,0.307806678959598,0.31745757258719715,0.38341328129469765,sad,04,09,09,male,strong,1045
10,0.33366666666666667,True,1.0,0.20658089581544287,0.19555313576182254,0.2010670157886327,0.839907529020522,-0.048750000000000016,-0.0681944444444445,0.3771685577771521,0.24263880797836498,0.1910205559495088,0.23939184831824492,0.011027760053620328,0.019444444444444486,0.08319459324380137,0.39995799007661204,0.11758455251438778,0.11484586117067828,0.0,0.9999999987499999,0.619384245244973,0.3089691900509604,0.325858573251774,0.40233419771335416,sad,04,09,09,male,strong,1045
20,0.6673333333333333,True,1.0,0.3398778068517566,0.3229214801786562,0.3313996435152064,0.8357732693694078,-0.04763888888888884,-0.06342592592592594,0.3855618056258043,0.21105193964075925,0.1916989064398953,0.39651859620402546,0.01695632667310043,0.0157870370370371,0.08230227602655808,0.40193590661681766,0.11628149591559948,0.11616502281373438,0.0,0.9999999987499999,0.6193608125125051,0.3074405973464105,0.32565293597284384,0.40484755118969856,sad,04,09,09,male,strong,1045
30,1.0010000000000001,True,1.0,0.3316269700215075,0.34073225005578284,0.33617961003864516,0.8259539648915181,-0.048379629629629606,-0.06481481481481477,0.39045391075460645,0.21528544182287632,0.1958524221220791,0.40701979084609086,0.009105280034275354,0.016435185185185164,0.07493153928290822,0.4075881460210373,0.11694080975259012,0.11383982763986339,0.0,0.9999999987499999,0.6230430710878101,0.3068690773754323,0.32599495570024567,0.40832072737432373,sad,04,09,09,male,strong,1045
40,1.3346666666666667,True,1.0,0.3307360558983798,0.3292977618157226,0.3300169088570512,0.7489618916229056,-0.047870370370370285,-0.062222222222222234,0.37825615561800596,0.20646002330675636,0.1944542534185721,0.44063244411801294,0.0014382940826571655,0.014351851851851949,0.07254446550779828,0.4392603317434468,0.11535023523045565,0.11561611704990492,0.0,0.9999999987499999,0.6251519319837309,0.30637836620049674,0.32280328728509733,0.3978362495440231,sad,04,09,09,male,strong,1045
50,1.6683333333333334,True,1.0,0.30561742890258936,0.3098150028446004,0.3077162158735949,0.7449467412106563,-0.05046296296296293,-0.0640277777777778,0.3759865568010557,0.22906142364542578,0.1937692940242097,0.4130714302790389,0.004197573942011035,0.013564814814814863,0.07349686686284408,0.4467404132212711,0.11623195867950546,0.11472966081773214,0.0,0.9999999987499999,0.6248307811952907,0.3053725932635697,0.3237851095020269,0.3952346392442788,sad,04,09,09,male,strong,1045
60,2.0020000000000002,True,1.0,0.3422787378892904,0.36315508618027575,0.35271691203478306,0.8887964923131151,-0.047685185185185275,-0.06407407407407406,0.3865733330674058,0.22810312459672408,0.20422047016405517,0.3968477768367745,0.020876348290985336,0.016388888888888786,0.07638523912451411,0.37029874158917137,0.11583731974374467,0.11479664955663708,0.0,0.9999999987499999,0.620057567941239,0.30914139633216986,0.32945355898938167,0.41476218334775655,sad,04,09,09,male,strong,1045
70,2.3356666666666666,True,1.0,0.311912820176248,0.3385572286338835,0.32523502440506574,0.9484452813417578,-0.048888888888888926,-0.06425925925925918,0.3647479698220954,0.2990484762044116,0.20215731705202655,0.3429138515455087,0.026644408457635493,0.015370370370370257,0.0699074616243751,0.3513985722246938,0.11725126832368976,0.11418938308603503,0.0,0.9999999987499999,0.6202602719447153,0.3093766633205257,0.3289778020181672,0.4128878345164972,sad,04,09,09,male,strong,1045
80,2.6693333333333333,True,1.0,0.30685717808945934,0.29568726102452775,0.30127221955699357,0.6022277848945665,-0.0492129629629629,-0.06384259259259262,0.3652587018117458,0.10431923588525918,0.20560046097837106,0.5002629023663164,0.01116991706493159,0.014629629629629715,0.0731338577806672,0.5450329133472898,0.11381413152474204,0.11432995953316552,0.0,0.9999999987499999,0.6223220000656512,0.30723231993991446,0.31669243782926715,0.39108006078803687,sad,04,09,09,male,strong,1045
90,3.003,True,1.0,0.283186344111905,0.2891682101294448,0.2861772771206749,0.7555810861699604,-0.04749999999999993,-0.059953703703703676,0.35120734446078355,0.1518513204730599,0.20630326016873804,0.37875124504678537,0.005981866017539805,0.012453703703703745,0.06698435492246349,0.44801286551378944,0.12078844261244939,0.11112894787140272,0.0,0.9999999987499999,0.6160464623036714,0.3098988984259169,0.3258560007505887,0.3959941453518528,sad,04,09,09,male,strong,1045
100,3.336666666666667,True,1.0,0.11775519298934443,0.11496341512174499,0.1163593040555447,0.548496189026247,-0.06023148148148144,-0.07472222222222225,0.3836220100786528,0.04654334473298139,0.20697430445724505,0.2121424111662818,0.002791777867599446,0.014490740740740804,0.07172518579780374,0.5854672142206233,0.11422045916862629,0.11358906194525475,0.0,0.9999999987499999,0.6148656055234595,0.30880897435659915,0.31638131761388966,0.38762215438856507,sad,04,09,09,male,strong,1045
110,3.6703333333333332,True,1.0,0.21557118762852343,0.19202507502962787,0.20379813132907565,0.47533564330950623,-0.04814814814814816,-0.05958333333333332,0.38435869295761077,0.020243824904706227,0.206953660957436,0.4287457382958681,0.023546112598895552,0.01143518518518516,0.0813013464297129,0.7118281614855272,0.11580487211338633,0.11482938208005783,0.0,0.9999999987499999,0.6108438936668418,0.3038866536048588,0.31011950209009337,0.3899754060562742,sad,04,09,09,male,strong,1045
0,0.0,True,1.0,0.3343525485503763,0.299813552456323,0.3170830505033497,0.7635239109628416,-0.04768518518518522,-0.06421296296296297,0.38489520409000555,0.15428655988759984,0.19874973631505968,0.4152889594557585,0.03453899609405331,0.016527777777777752,0.09649075559969383,0.42001856616558403,0.11743359663094147,0.11214848234559383,0.0,0.9999999987499999,0.6166356711043793,0.3095317612121289,0.3214810997602885,0.3940223967692372,sad,04,09,09,male,strong,1046
10,0.33366666666666667,True,1.0,0.3356971576837963,0.33168898330961605,0.33369307049670616,0.7749584549307155,-0.044629629629629686,-0.06351851851851859,0.38619707573603496,0.15675898328194873,0.1980033818393895,0.43059478656380323,0.004008174374180273,0.0188888888888889,0.09372722476791134,0.4244528371684502,0.11449320618437374,0.11247032624837944,0.0,0.9999999987499999,0.6167899217343187,0.31084376570196054,0.3232598798908855,0.3931503052048881,sad,04,09,09,male,strong,1046
20,0.6673333333333333,True,1.0,0.36136999786378704,0.3607917582276291,0.3610808780457081,0.8725828153431507,-0.047546296296296364,-0.06578703703703703,0.3753929205076809,0.21382301419283425,0.1980033818393895,0.4138070011196701,0.00057823963615794,0.01824074074074067,0.08935841321601387,0.3820076759158354,0.11155853917828686,0.11321488226886178,0.0,0.9999999987499999,0.6140184118334835,0.31248149802548364,0.32373774918873327,0.3971718359340716,sad,04,09,09,male,strong,1046
30,1.0010000000000001,True,1.0,0.3296351165977697,0.34790559490746115,0.3387703557526154,0.7438212476321902,-0.04634259259259266,-0.06421296296296292,0.35299339120888135,0.19885673718277228,0.19653127163199047,0.4554459244489516,0.018270478309691474,0.01787037037037026,0.0876610299110366,0.45506303833810613,0.11771497760353103,0.11287045425177207,0.0,0.9999999987499999,0.6169655547297044,0.30560227577895993,0.3248666867972486,0.39671346807959923,sad,04,09,09,male,strong,1046
40,1.3346666666666667,True,1.0,0.3561179579858343,0.3465361478300953,0.3513270529079648,0.7235061425345858,-0.04699074074074083,-0.06425925925925935,0.36976921466326085,0.18674391908803692,0.19933005317891397,0.4855895924769848,0.009581810155739001,0.017268518518518516,0.08008164801819781,0.4764623305479266,0.1176893808552261,0.11323415087307431,0.0,0.9999999987499999,0.6138351037758853,0.30642964831719244,0.3221628946485689,0.3937160062195684,sad,04,09,09,male,strong,1046
50,1.6683333333333334,True,1.0,0.3753923916333546,0.3418844966850826,0.3586384441592186,0.7705604438436989,-0.045138888888888895,-0.061435185185185204,0.36379551340636995,0.20209358257810567,0.20071307091842533,0.46542545367403404,0.033507894948272,0.01629629629629631,0.0873064722767996,0.4268332009926694,0.11817577776722837,0.11323233055113241,0.0,0.9999999987499999,0.6120754170105542,0.3073483006001851,0.32044800934943013,0.3900698229212045,sad,04,09,09,male,strong,1046
60,2.0020000000000002,True,1.0,0.4182283458133128,0.38149999257797784,0.3998641691956453,0.6628157535113005,-0.047592592592592575,-0.06300925925925926,0.35881671549611677,0.14302501985391225,0.20350971476839105,0.6032810280645026,0.036728353235334965,0.01541666666666669,0.08475103039812092,0.4973574941689487,0.11413233209659632,0.11113523223456657,0.0,0.9999999987499999,0.6189963763005202,0.30978944082772025,0.3072847632155285,0.37506102054577306,sad,04,09,09,male,strong,1046
70,2.3356666666666666,True,1.0,0.2886702212682097,0.24880244188728384,0.2687363315777468,0.6284776581380455,-0.053888888888888986,-0.07027777777777777,0.3598659722205669,0.1485163278193453,0.20418497639253091,0.42759886226332444,0.03986777938092584,0.016388888888888786,0.084352706532067,0.5187337814047736,0.12011446987107176,0.11185707421096297,0.0,0.9999999987499999,0.6135864049604217,0.3080714823223135,0.3220488753616679,0.38849716861747363,sad,04,09,09,male,strong,1046
80,2.6693333333333333,True,1.0,0.31894725714790295,0.29761454106253193,0.30828089910521744,0.8598713860792546,-0.04888888888888887,-0.06615740740740739,0.3482811888871429,0.19547511312217236,0.20349621824753736,0.35851977876701097,0.021332716085371017,0.017268518518518516,0.07917828578200292,0.3881268423137117,0.11655684709173976,0.11373147715536705,0.0,0.9999999987499999,0.6099523002325932,0.31011230548761154,0.32420264611860666,0.39663089196075485,sad,04,09,09,male,strong,1046
90,3.003,True,1.0,0.3155674539650589,0.2802244328663672,0.29789594341571307,0.5137799814814905,-0.0500000000000001,-0.0643981481481481,0.367995944034923,0.0892333455718995,0.20212901015410112,0.5798122818190127,0.035343021098691696,0.014398148148147993,0.08983957970651217,0.6158658346927034,0.12296434619556935,0.1101094549469664,0.0,0.9999999987499999,0.6097273516515982,0.30894740932846687,0.3232051368174346,0.3905049891663763,sad,04,09,09,male,strong,1046
100,3.336666666666667,True,1.0,0.3191410785632858,0.2624321526009751,0.2907866155821304,0.5379798717684086,-0.048842592592592604,-0.06277777777777777,0.37352873346298393,0.12311627728937372,0.2014347231801579,0.5405157903515566,0.0567089259623107,0.013935185185185162,0.08758078646688928,0.6197999872423893,0.11659584931356105,0.11234288514216348,0.0,0.9999999987499999,0.6086502748443129,0.3095735347248689,0.32238654130731564,0.3936358761410221,sad,04,09,09,male,strong,1046
0,0.0,True,1.0,0.27373939349963045,0.27520676770161395,0.2744730806006222,0.7571247644120215,-0.054027777777777786,-0.05990740740740741,0.39670323312819766,0.18913892656020437,0.19930593835407728,0.36252027869379805,0.0014673742019835068,0.0058796296296296235,0.014684201367350663,0.44711506574332144,0.11469460822502404,0.11626654778741802,0.0,0.9999999987499999,0.6233508480970512,0.2985247286801961,0.3138029825265622,0.3858058687485309,sad,04,09,09,male,strong,1047
10,0.33366666666666667,True,1.0,0.31373172713021286,0.3444768872489393,0.32910430718957606,0.8278838459473278,-0.051435185185185195,-0.0593055555555555,0.390154844936496,0.20348303976651352,0.19584735793088182,0.39752473586797654,0.030745160118726467,0.007870370370370305,0.033816991861371305,0.3864854815951622,0.1245772833850404,0.10880778837560794,0.0,0.9999999987499999,0.5836587287883903,0.2762231071219019,0.35101976012271807,0.3599924710021756,sad,04,09,09,male,strong,1047
20,0.6673333333333333,True,1.0,0.30567248409193554,0.3035474325142311,0.30460995830308335,0.893400672893949,-0.05277777777777776,-0.0624074074074073,0.3798539495936542,0.25979080829495493,0.19098660378297821,0.34095559533929526,0.0021250515777044288,0.009629629629629544,0.03554759783388522,0.3821500266294138,0.11462429476008616,0.11267540767651196,0.0,0.8493813041041587,0.624050106292517,0.30588329750514665,0.3243458592437234,0.39463557404727656,sad,04,09,09,male,strong,1047
30,1.0010000000000001,True,1.0,0.2781837824694844,0.32527134646591777,0.3017275644677011,0.7822197813487891,-0.04875000000000007,-0.0591666666666667,0.37855885770739095,0.22226687397884268,0.19027777777777782,0.38573246504637015,0.04708756399643338,0.01041666666666663,0.0329520119512437,0.4293430184098877,0.11513180729189072,0.11632601635965388,0.0,0.9999999987499999,0.6240236667479492,0.3059513213757485,0.31710564995528395,0.3875373038859622,sad,04,09,09,male,strong,1047
40,1.3346666666666667,True,1.0,0.270009762067869,0.29267849723197004,0.2813441296499195,0.741509280018447,-0.0477777777777777,-0.056342592592592555,0.37793397297548814,0.19532543470867897,0.19930708674523123,0.3794209151946424,0.02266873516410106,0.008564814814814858,0.031852637584061406,0.46127580210449504,0.11468768845340366,0.1137890073513566,0.0,0.9999999987499999,0.623068403478579,0.2995351761380651,0.31814095244775625,0.38497633608794346,sad,04,09,09,male,strong,1047
50,1.6683333333333334,True,1.0,0.28479090526179757,0.3078690201645502,0.2963299627131739,0.8312741973174724,-0.04773148148148143,-0.05777777777777782,0.37292307288968635,0.2518402076774181,0.19724117659584223,0.35647679630792434,0.023078114902752633,0.010046296296296386,0.035797924153255715,0.4158105519937727,0.11750809642270027,0.11409218358726173,0.0,0.9999999987499999,0.6262145473892682,0.2983781989631745,0.3201110913869336,0.39022081677197,sad,04,09,09,male,strong,1047
60,2.0020000000000002,True,1.0,0.26286391432556155,0.23235891696404137,0.24761141564480146,0.7300207566110795,-0.053750000000000075,-0.06546296296296295,0.3576181370870791,0.178752781359057,0.20071307091842525,0.33918407579843257,0.03050499736152018,0.01171296296296287,0.03395462797674697,0.4534620193130237,0.11253033608946299,0.11526366186129475,0.0,0.9999999987499999,0.6229115512220514,0.29813534178321816,0.308155310374594,0.3775050361260188,sad,04,09,09,male,strong,1047
70,2.3356666666666666,True,1.0,0.3085030148555049,0.32793155046178446,0.3182172826586447,0.6985593485141092,-0.04981481481481481,-0.060185185185185175,0.36693106976881357,0.19528791000723295,0.20140745113957884,0.4555336398196058,0.01942853560627955,0.010370370370370363,0.04113330701942206,0.48463482772246086,0.1184591021149401,0.11123613074926574,0.0,0.9433143631961813,0.6245930018413616,0.29828341231537553,0.3159888456056468,0.3820364994346812,sad,04,09,09,male,strong,1047
80,2.6693333333333333,True,1.0,0.3448282411942441,0.3742866569358546,0.3595574490650494,0.8067448683454757,-0.048518518518518405,-0.059675925925925966,0.3584708785358122,0.23727109380873102,0.20349059443298598,0.4456891678808605,0.02945841574161051,0.01115740740740756,0.03869778363144998,0.43260873543160655,0.11661488868747615,0.11350423467526008,0.0,0.7071067807446058,0.6235832723870799,0.2995333726267935,0.31986384991296535,0.39495349461893214,sad,04,09,09,male,strong,1047
90,3.003,True,1.0,0.1847319900456311,0.17511980855418896,0.17992589929991004,0.5539856668690001,-0.06064814814814817,-0.07180555555555557,0.37829749918486855,0.12142390712017262,0.1986356943799128,0.32478439436314294,0.009612181491442134,0.011157407407407394,0.04369315805434318,0.5910629995812593,0.11599644512705469,0.11413618300242162,0.0,0.9999999987499999,0.6252423522455858,0.30392622960030113,0.31244384784306967,0.37726146968833546,sad,04,09,09,male,strong,1047
100,3.336666666666667,True,1.0,0.25635361098021386,0.23968591538345996,0.2480197631818369,0.5291500907787917,-0.04916666666666675,-0.061203703703703705,0.37484915214322967,0.153024214043105,0.20211391152083455,0.46871344728828596,0.016667695596753906,0.012037037037036957,0.0468439243420806,0.6527954983959969,0.117239695392645,0.11302743615587499,0.0,0.9999999987499999,0.6198799145986519,0.2990230205663931,0.3128797495257014,0.3915257344989241,sad,04,09,09,male,strong,1047
110,3.6703333333333332,True,1.0,0.2824260482185908,0.2514789162381768,0.2669524822283838,0.5433023863087721,-0.05069444444444443,-0.061481481481481526,0.3834508737479111,0.13549108586629965,0.20140745113957892,0.49135157318574363,0.03094713198041399,0.010787037037037095,0.047869671879822134,0.621743871579239,0.11529302645832741,0.113511805648969,0.0,0.9999999987499999,0.6183561504914467,0.2998263109825358,0.30922586139516656,0.3857414297851277,sad,04,09,09,male,strong,1047
0,0.0,True,1.0,0.3584229390681012,0.5284702288737518,0.4434465839709265,0.6025744471816447,-0.06337962962962951,-0.0662962962962963,0.3670362497747446,-0.03583861083291407,0.22448672342295906,0.73591999469113,0.17004728980565065,0.0029166666666667895,0.06002309753380669,0.4209385314615858,0.11171889309989202,0.11539177362700061,0.0,0.9999999987499999,0.6528116190695029,0.3008109730809943,0.22486969456312714,0.2956379499507764,angry,05,09,09,male,normal,1048
10,0.33366666666666667,True,1.0,0.4824839956042645,0.47071982172422117,0.47660190866424285,0.601012819287247,-0.06296296296296294,-0.058101851851851904,0.4101265885801449,0.0,0.21458902197152216,0.7929979084796468,0.01176417388004336,0.004861111111111038,0.03891154047396537,0.4719324918933788,0.1179923875654494,0.11575114200465185,0.0,0.7381966151444145,0.62048196479373,0.2869410970823368,0.3044079313675742,0.378146115830134,angry,05,09,09,male,normal,1048
20,0.6673333333333333,True,1.0,0.5022447626179375,0.5220794653247215,0.5121621139713295,0.6664635384880734,-0.05935185185185177,-0.059259259259259345,0.4045974870055888,0.012341917379408731,0.21666807516569428,0.7684773200544636,0.019834702706784002,9.259259259242203e-05,0.004317630176502217,0.427083333333333,0.11879735595691378,0.11624349528648954,0.0,0.9999999987499999,0.6219274377641681,0.29441590254424604,0.31792732315455036,0.38758965465736805,angry,05,09,09,male,normal,1048
30,1.0010000000000001,True,1.0,0.49550701785056206,0.4932974090975786,0.4944022134740703,0.8334659382964864,-0.05884259259259261,-0.05958333333333332,0.40701493776477393,0.11031166830394634,0.2159810534951401,0.593188264519333,0.002209608752983483,0.0007407407407407085,0.015242663100564494,0.35600239718500615,0.11905914053311253,0.1151510455742687,0.0,0.9999999987499999,0.6275942921152836,0.29567679807606917,0.330702256724121,0.4073710621073455,angry,05,09,09,male,normal,1048
40,1.3346666666666667,True,1.0,0.47319888922290027,0.4856135409376509,0.4794062150802756,0.7593753366390847,-0.057222222222222174,-0.05782407407407403,0.3703210297844449,0.14237569331386937,0.2194475734396407,0.6313165465737629,0.012414651714750646,0.0006018518518518534,0.004257333137758241,0.4222314598678084,0.11979728712481984,0.11421623479624138,0.0,0.9999999987499999,0.6232208549122774,0.2984954687134955,0.3248144793465719,0.39103525652521987,angry,05,09,09,male,normal,1048
50,1.6683333333333334,True,1.0,0.5079365079365086,0.5348492184403226,0.5213928631884156,0.9009599686968407,-0.05805555555555547,-0.05708333333333332,0.4078701767202313,0.09873533903527087,0.22222359550899454,0.5787081349935719,0.026912710503814052,0.0009722222222221522,0.00768252686156914,0.33931772304169494,0.12230337095978414,0.1116992734700704,0.0,0.9999999987499999,0.619221210960947,0.30009455204016516,0.3300458618305427,0.39967978309951,angry,05,09,09,male,normal,1048
60,2.0020000000000002,True,1.0,0.4808057404904366,0.47963588266151813,0.4802208115759774,0.855199511885903,-0.05564814814814817,-0.05574074074074081,0.37579779837739014,0.20042964439128724,0.2243086167406461,0.5615307362804556,0.0011698578289184858,9.259259259264407e-05,0.002758637866427848,0.39580104709275205,0.11926129177868575,0.11444332519610592,0.0,0.9999999987499999,0.6163513015362394,0.2955534040384292,0.31295452578993654,0.38245194178863456,angry,05,09,09,male,normal,1048
70,2.3356666666666666,True,1.0,0.5448176417443922,0.5488648311341718,0.5468412364392821,0.5339488732997886,-0.0559722222222222,-0.05703703703703705,0.34901933902150106,0.11543506600703973,0.21666701879228198,1.0241453138758756,0.00404718938977966,0.0010648148148148517,0.00118447792679383,0.5934525103020198,0.12373688999034789,0.11114246705370173,0.0,0.9999999987499999,0.6169773068524285,0.2940178404473815,0.3051804528042572,0.37343803840015716,angry,05,09,09,male,normal,1048
80,2.6693333333333333,True,1.0,0.5496189693305185,0.5597244117272709,0.5546716905288946,0.6671903631501361,-0.05782407407407408,-0.05763888888888874,0.355557189961116,0.10639798974719383,0.2215291553694975,0.8313544696749139,0.010105442396752484,0.00018518518518534366,0.010664757642561118,0.4310983137008068,0.12184321813588626,0.11237070963400152,0.0,0.9999999987499999,0.6177752966342788,0.29512976782043976,0.29920789440004913,0.36925220601430425,angry,05,09,09,male,normal,1048
90,3.003,True,1.0,0.503482744674064,0.5242924378836372,0.5138875912788505,0.6763583587817964,-0.0568981481481482,-0.05986111111111114,0.35662319322642116,0.08452158348863546,0.21736146211172627,0.7597859693852598,0.020809693209573266,0.002962962962962945,0.018835707687434918,0.42381123243969193,0.10917609615468737,0.1181234964729568,0.0,0.9999999987499999,0.6589407475959134,0.3170807486196373,0.28328936320092934,0.3966681893748019,angry,05,09,09,male,normal,1048
100,3.336666666666667,True,1.0,0.5643738977072327,0.5597244117272705,0.5620491547172516,0.633791723406128,-0.05759259259259264,-0.059305555555555556,0.3571759610278304,0.07740902376239552,0.22222359550899454,0.8868041881277385,0.004649485979962176,0.0017129629629629162,0.013255020229828706,0.4643042122518862,0.1219248901295715,0.11160130629224463,0.0,0.9999999987499999,0.6176766826730693,0.2958673060494009,0.3094918618761604,0.3744160414439101,angry,05,09,09,male,normal,1048
0,0.0,True,1.0,0.5617726363321341,0.5363709156407771,0.5490717759864556,0.5731650893058934,-0.05032407407407413,-0.05796296296296288,0.37754445260580966,0.019856986227551183,0.21745094877571078,0.9579644438069057,0.025401720691357044,0.007638888888888751,0.06676289553513352,0.5127641150108563,0.12329548790526035,0.11146113511896741,0.0,0.9999999987499999,0.6112382253682724,0.30352692759876493,0.3166667774984687,0.3850725842903668,angry,05,09,09,male,normal,1049
10,0.33366666666666667,True,1.0,0.5464128892970109,0.5207881557705101,0.5336005225337606,0.5755912598560129,-0.05092592592592582,-0.058888888888888824,0.38612914797748893,-0.03898764645217888,0.2188507719894783,0.9270476460452917,0.025624733526500854,0.007962962962963005,0.06456856927255396,0.5080141011472005,0.12170884351348847,0.11200710583410807,0.0,0.9999999987499999,0.6118302750631504,0.29604625966122045,0.31033122771437427,0.3847813893511533,angry,05,09,09,male,normal,1049
20,0.6673333333333333,True,1.0,0.5343952718947326,0.4983197712098123,0.5163575215522724,0.5571998847929389,-0.05203703703703699,-0.05879629629629629,0.3904459379995076,-0.0516165960124035,0.22023902538293522,0.9267006969036903,0.03607550068492027,0.006759259259259298,0.0635790667290083,0.5210777687567697,0.11982872616300581,0.11368158530456685,0.0,0.9999999987499999,0.6134412140950131,0.29654410096516093,0.30860776816890495,0.38566685574453374,angry,05,09,09,male,normal,1049
30,1.0010000000000001,True,1.0,0.5286045958861376,0.48695672569024423,0.507780660788191,0.7929845892465952,-0.04893518518518514,-0.05888888888888888,0.3859681065174696,0.04542963492150271,0.2195031925759771,0.6403411461887639,0.04164787019589339,0.009953703703703742,0.06368631345058781,0.37154845118959196,0.11947667229252283,0.11421845374854202,0.0,0.9999999987499999,0.6062519524372249,0.3054347360302094,0.3234761712380878,0.3948835322470538,angry,05,09,09,male,normal,1049
40,1.3346666666666667,True,1.0,0.47981337040771876,0.45271084170121084,0.46626210605446483,0.7144659179389725,-0.04879629629629617,-0.05763888888888874,0.34265798210054005,0.06554515247897913,0.2250867888171138,0.6526023066285599,0.027102528706507922,0.008842592592592569,0.07461023077147645,0.46050892810890837,0.12041483580021375,0.11289193869956704,0.0,0.9999999987499999,0.605531012592537,0.2977386583113377,0.31088441952898127,0.38712673425471533,angry,05,09,09,male,normal,1049
50,1.6683333333333334,True,1.0,0.543509025564925,0.5198307558113133,0.5316698906881192,0.7404507338814277,-0.05032407407407413,-0.05898148148148141,0.3714779318219239,0.04696266525744125,0.21953342956718658,0.7180354699645126,0.023678269753611647,0.00865740740740728,0.07034764708609616,0.3977981533685316,0.12054740975529082,0.11258126201831507,0.0,0.9999999987499999,0.6096691746464211,0.2954321798084761,0.31142428694616536,0.3955627828859129,angry,05,09,09,male,normal,1049
60,2.0020000000000002,True,1.0,0.5347619929882342,0.4752669704259283,0.5050144817070813,0.7537019671798177,-0.04879629629629623,-0.056203703703703756,0.35877440528289595,0.1043192358852602,0.22091105311075254,0.6700453278591421,0.05949502256230593,0.007407407407407529,0.07579328724252135,0.4524321130770667,0.12034336859411199,0.11279934481963112,0.0,0.9999999987499999,0.6092092960465435,0.29591501200854453,0.3117475387258461,0.3878106264751734,angry,05,09,09,male,normal,1049
70,2.3356666666666666,True,1.0,0.5643584242388141,0.49910452995183,0.5317314770953221,0.5874489652135374,-0.04925925925925917,-0.05782407407407403,0.3357682889610476,0.1350603619931943,0.21742989640345986,0.9051534832511586,0.06525389428698408,0.008564814814814858,0.07153550649626153,0.5747770915270342,0.12392281254878738,0.11110673429073746,0.0,0.9999999987499999,0.6092160338041467,0.29493213184635714,0.30541840765408956,0.38635774119395005,angry,05,09,09,male,normal,1049
80,2.6693333333333333,True,1.0,0.5867738666403305,0.5354162972439063,0.5610950819421183,0.6563478013021377,-0.04893518518518519,-0.057731481481481495,0.34304602507543175,0.07264995068328606,0.21882845970163622,0.8548746271853945,0.05135756939642422,0.008796296296296302,0.06931787025445928,0.4569492200892828,0.12160657566077272,0.11346940857726263,0.0,0.9999999987499999,0.611219646428884,0.2961376384292311,0.30403686089197507,0.3870573216798912,angry,05,09,09,male,normal,1049
90,3.003,True,1.0,0.5629605587402338,0.5322447189902562,0.547602638865245,0.6644786427445374,-0.051759259259259394,-0.058240740740740704,0.3692489639144633,0.047310258420345065,0.21951257691552292,0.824108712664485,0.030715839749977603,0.00648148148148131,0.06983066957174316,0.4354265518743512,0.12414512519542316,0.10930060492607088,0.0,0.9999999987499999,0.6058389417016806,0.2961125805527304,0.3143643223005015,0.386288791308439,angry,05,09,09,male,normal,1049
100,3.336666666666667,True,1.0,0.5395248799489105,0.539830063957707,0.5396774719533088,0.6105988628874118,-0.051342592592592495,-0.059629629629629644,0.3687423661307902,0.006758608345763423,0.22018878958176905,0.8838494546178345,0.00030518400879653296,0.008287037037037148,0.07065192554854467,0.456949220089281,0.12138110394368326,0.11236219093709995,0.0,0.9999999987499999,0.6073115294008228,0.2965734707051461,0.3119155407351206,0.38830521404465773,angry,05,09,09,male,normal,1049
0,0.0,True,1.0,0.4795131378198867,0.4882877994231042,0.48390046862149544,0.6113196362772993,-0.06305555555555553,-0.06787037037037036,0.38205104977405724,0.10701975186199109,0.20514230054806157,0.791567029595618,0.008774661603217493,0.004814814814814827,0.05632412520688313,0.44583763261448944,0.11556862831893026,0.11306281516527518,0.0,0.9999999987499999,0.6400835362269909,0.2917990289775874,0.2931625596614158,0.37261763962972466,angry,05,09,09,male,normal,1050
10,0.33366666666666667,True,1.0,0.5093496950379522,0.5420006152323944,0.5256751551351733,0.6557482136448864,-0.06069444444444444,-0.06717592592592592,0.3849155171951893,0.13692518309867685,0.2053013051105908,0.8016417646237723,0.03265092019444216,0.006481481481481477,0.055797457384749,0.43043020356169986,0.11835611729494597,0.11202803643133906,0.0,0.9999999987499999,0.6148925446428573,0.2950879827949035,0.31678192054683196,0.3716588937349397,angry,05,09,09,male,normal,1050
20,0.6673333333333333,True,1.0,0.5210660779375628,0.5207881557705101,0.5209271168540364,0.6557267050526804,-0.061481481481481526,-0.06750000000000006,0.38192597631187747,0.13735989460731302,0.20711776905336665,0.7944271795552167,0.000277922167052691,0.006018518518518534,0.06587001222948424,0.44166336825850977,0.11858716924173639,0.1122935731984672,0.0,0.9227254816305794,0.6171097054603092,0.29340577502290394,0.31894378270281065,0.37680204476654244,angry,05,09,09,male,normal,1050
30,1.0010000000000001,True,1.0,0.549273603599317,0.5420006152323952,0.5456371094158561,0.7546812671714664,-0.058379629629629615,-0.06495370370370374,0.33215387303670146,0.24012794999819398,0.21047145464553296,0.723003383217521,0.0072729883669218065,0.006574074074074121,0.06952890679271195,0.4271727026100664,0.1156158922644182,0.11335114192273259,0.0,0.9999999987499999,0.6162090528398859,0.2954778430075054,0.31588595885989273,0.37809787560184277,angry,05,09,09,male,normal,1050
40,1.3346666666666667,True,1.0,0.5128349440791625,0.5322739181804785,0.5225544311298205,0.6963235598129429,-0.057638888888888795,-0.06324074074074082,0.36336619223937605,0.14336198203172712,0.2207343284098477,0.7504477247189468,0.01943897410131601,0.005601851851852024,0.062116199303383274,0.44103647208183494,0.11895052081765718,0.11156759831064791,0.0,0.9999999987499999,0.6126946494144533,0.29189931162364063,0.3126367805099244,0.36778946477858376,angry,05,09,09,male,normal,1050
50,1.6683333333333334,True,1.0,0.4501606826794828,0.4390965175433566,0.4446286001114197,0.8679345605595989,-0.05277777777777781,-0.05995370370370373,0.37482989475654915,0.2160909044128344,0.22768064666086174,0.5122835526041806,0.01106416513612618,0.007175925925925919,0.0656041004599097,0.3731081147934545,0.11994218697792065,0.11322583776962654,0.0,0.9999999987499999,0.6030665947629051,0.2945069917159704,0.3296390542880696,0.39062436938190614,angry,05,09,09,male,normal,1050
60,2.0020000000000002,True,1.0,0.46332732402300864,0.4731107117331852,0.46821901787809694,0.6727897156258409,-0.053333333333333344,-0.05995370370370373,0.3764565273175757,0.15740538249950953,0.22464084085821592,0.6959366455870262,0.009783387710176561,0.0066203703703703876,0.06879316159195306,0.4611846762256495,0.1140950511031058,0.11304287598118477,0.0,0.9999999987499999,0.6085634449404763,0.290953930981295,0.31312317411232704,0.37619865755053017,angry,05,09,09,male,normal,1050
70,2.3356666666666666,True,1.0,0.5169078417719113,0.5293486381857305,0.5231282399788209,0.5857460566328326,-0.05527777777777776,-0.06249999999999983,0.36371310350588415,0.09687047556150584,0.22471690427955412,0.8930973312667764,0.012440796413819233,0.0072222222222220744,0.0682824051064416,0.5433321972267143,0.11998177729895844,0.11250855915244533,0.0,0.9999999987499999,0.6086392471598014,0.2910324824727574,0.3054342756676596,0.3640257131625285,angry,05,09,09,male,normal,1050
80,2.6693333333333333,True,1.0,0.5632046191685997,0.5568712511956826,0.5600379351821412,0.6722598826122886,-0.055555555555555525,-0.06175925925925929,0.3682644739947982,0.1282051282051278,0.2178077191035364,0.8330676121947485,0.006333367972917059,0.006203703703703767,0.0673389593633938,0.4252226208368798,0.10431281849402399,0.11896692583076132,0.0,0.9999999987499999,0.6546976521858743,0.3176364838068727,0.28523873868313504,0.39805247095284096,angry,05,09,09,male,normal,1050
90,3.003,True,1.0,0.529376053205446,0.496532064187009,0.5129540586962276,0.7116075757294177,-0.05300925925925931,-0.06347222222222221,0.3654941749171438,0.15428655988759993,0.21485123794470784,0.720838389291226,0.03284398901843699,0.010462962962962896,0.07510062391690246,0.38711695721342404,0.10675720022146713,0.11694142847032182,0.0,0.9999999987499999,0.6564219801201732,0.31627358480367324,0.28709759541992397,0.4008589799309743,angry,05,09,09,male,normal,1050
100,3.336666666666667,True,1.0,0.548859998549564,0.5386481256154991,0.5437540620825316,0.653625315244102,-0.054953703703703616,-0.06287037037037041,0.36483645837268247,0.09081481431325912,0.21761673212484017,0.8319048381402762,0.010211872934064892,0.007916666666666794,0.07103596907275204,0.4252709366591954,0.12138990772211669,0.11218297866386769,0.0,0.9999999987499999,0.6094660012286165,0.2921901768945399,0.3163455597054145,0.3821681655184348,angry,05,09,09,male,normal,1050
110,3.6703333333333332,True,1.0,0.5620673844660082,0.5517190035756756,0.5568931940208419,0.5725177188268888,-0.05537037037037046,-0.062453703703703733,0.364436700878726,0.06442493608746236,0.22311341768907206,0.9727090982650071,0.010348380890332631,0.007083333333333275,0.07874162467280017,0.4996551162372283,0.12504739410946802,0.10896879995549004,0.0,0.9999999987499999,0.6044113634281837,0.2933977539369589,0.3108244795917868,0.3705732104232272,angry,05,09,09,male,normal,1050
0,0.0,True,1.0,0.5253662437763097,0.4935002519830311,0.5094332478796704,0.5224671804566636,-0.06342592592592594,-0.057592592592592584,0.33767011838453526,0.1940162110028132,0.19870368086634457,0.9750531075165316,0.03186599179327859,0.005833333333333357,0.05853789367022643,0.5513553886654543,0.12667977355122267,0.10724452926966203,0.0,0.8421069632701021,0.6226810834724514,0.2916758522656387,0.3155273778884807,0.3715404561510697,angry,05,09,09,male,normal,1051
10,0.33366666666666667,True,1.0,0.5195440951226888,0.48730174099279006,0.5034229180577394,0.5122355283441369,-0.06277777777777777,-0.05638888888888893,0.3435091599746779,0.21923838868569853,0.1966360440213152,0.9827957847537727,0.03224235412989879,0.006388888888888833,0.061903628421576366,0.5458500847311166,0.12467219953489098,0.10852360601578306,0.0,0.9999999987499999,0.6232446849833684,0.29198842775164363,0.3148411255147992,0.3727297182876914,angry,05,09,09,male,normal,1051
20,0.6673333333333333,True,1.0,0.5460278747909042,0.5061515546227052,0.5260897147068047,0.6353188897864268,-0.06148148148148147,-0.055324074074074026,0.34009475615357226,0.22264415028017323,0.1965883147539694,0.8280718913987566,0.039876320168198975,0.006157407407407445,0.05875049011511841,0.44693668026481637,0.12365277587027797,0.10985729546412121,0.0,0.9999999987499999,0.6221176415957008,0.2927498423636087,0.31389650358945237,0.3683669055249196,angry,05,09,09,male,normal,1051
30,1.0010000000000001,True,1.0,0.5136777057421804,0.49557649028308437,0.5046270980126324,0.740658829137077,-0.06115740740740744,-0.05472222222222223,0.3529389380212877,0.19151420911680453,0.19916517015051866,0.6813219233483799,0.018101215459096043,0.00643518518518521,0.05514454477847552,0.3953333207610272,0.1242603574161404,0.10899492636998957,0.0,0.9999999987499999,0.6208570461309524,0.29451792152172246,0.3164479162221959,0.3716278601266099,angry,05,09,09,male,normal,1051
40,1.3346666666666667,True,1.0,0.5164510142134082,0.5428508609271255,0.5296509375702669,0.7344426610520437,-0.059537037037037055,-0.05472222222222223,0.33817827362131786,0.15745439635601202,0.2087879876908927,0.721160365074075,0.026399846713717312,0.004814814814814827,0.05501041681578509,0.4385189890825739,0.12351038968914407,0.10949660334205434,0.0,0.9999999987499999,0.6225908954831932,0.2953389979649738,0.3239592232654426,0.37367813249698817,angry,05,09,09,male,normal,1051
50,1.6683333333333334,True,1.0,0.40181308784526504,0.40922862340117827,0.40552085562322165,0.8557967091951723,-0.056296296296296344,-0.05101851851851863,0.4166293831253724,0.08771365059193693,0.21240813929983454,0.4738518520415798,0.007415535555913233,0.005277777777777715,0.05096918042927295,0.3554588013915499,0.12304811775572101,0.1112214496127862,0.0,0.9999999987499999,0.6234594044336486,0.2966126429608278,0.33666701387151204,0.38973606046611203,angry,05,09,09,male,normal,1051
60,2.0020000000000002,True,1.0,0.48096433958529194,0.46320772339910893,0.4720860314922004,0.8224089310371324,-0.05935185185185188,-0.053101851851851845,0.363291181935883,0.21842684850305127,0.2087879876908927,0.5740283375775808,0.017756616186183016,0.006250000000000033,0.055142263628408614,0.37100838849492407,0.12377180571821551,0.10972317192056498,0.0,0.9999999987499999,0.6219869131871498,0.2937008818604063,0.3289923275988648,0.37998146605530514,angry,05,09,09,male,normal,1051
70,2.3356666666666666,True,1.0,0.5346580305183318,0.5143207080417482,0.5244893692800401,0.6263974127150708,-0.061620370370370436,-0.054490740740740784,0.33230756495036595,0.15989953272400548,0.20921075809615627,0.8373108806543146,0.020337322476583597,0.007129629629629652,0.04904099893660383,0.4722125272117355,0.12577513830811682,0.10812800155906162,0.0,0.9999999987499999,0.6200268448082359,0.2928927322086889,0.3180804487315318,0.37004488436499755,angry,05,09,09,male,normal,1051
80,2.6693333333333333,True,1.0,0.5503667378958852,0.5520411082142591,0.5512039230550722,0.6987044960537031,-0.06032407407407403,-0.05490740740740746,0.34124115827819146,0.16371221214387177,0.2107036026034609,0.7888941980025646,0.001674370318373919,0.00541666666666657,0.0487551512992518,0.3944296671351366,0.12381347095809718,0.11019605527916436,0.0,0.9999999987499999,0.6213650373586935,0.28930951387327575,0.3081003547713311,0.36952036839909425,angry,05,09,09,male,normal,1051
90,3.003,True,1.0,0.5918815169131274,0.556658941628419,0.5742702292707732,0.720376864558491,-0.06185185185185188,-0.054490740740740784,0.3438437026390685,0.16208340019120762,0.21005054455411834,0.7971802781627856,0.0352225752847084,0.007361111111111096,0.05178988741943479,0.37875712918851656,0.12756599795198856,0.10618884240754146,0.0,0.9999999987499999,0.6203427873414991,0.28998976859886827,0.3163336253526955,0.3726191752893725,angry,05,09,09,male,normal,1051
100,3.336666666666667,True,1.0,0.563334793858909,0.5515112510539057,0.5574230224564074,0.7034428649546358,-0.06194444444444441,-0.0557407407407407,0.352209316162152,0.14460675023741618,0.21135764645412458,0.7924211762278021,0.011823542805003306,0.006203703703703711,0.04755775767661128,0.4007835041012094,0.12440772222349387,0.10900161924741802,0.0,0.6371775887031568,0.620897942903724,0.29040827515802903,0.3145290523223833,0.37360729589010144,angry,05,09,09,male,normal,1051
0,0.0,True,1.0,0.40765186696391686,0.38457548964264565,0.39611367830328126,0.672780326935896,-0.06527777777777788,-0.06541666666666685,0.39098245363863,0.05174930522941806,0.2101423377032569,0.5887711968442024,0.023076377321271213,0.0001388888888889661,0.014802317892648468,0.4002169697769227,0.11916592174518148,0.11218983121564961,0.0,0.9999999987499999,0.6149945089207559,0.3006672297872494,0.3236787340820282,0.3845295706115947,angry,05,09,09,male,strong,1052
10,0.33366666666666667,True,1.0,0.5094171975446046,0.5161688363642811,0.5127930169544428,0.6716457867025634,-0.06004629629629621,-0.06152777777777779,0.38351783599389905,0.013168724279835344,0.21887587059453506,0.763487283188351,0.006751638819676553,0.0014814814814815835,0.0032668925864178648,0.4080634160152147,0.12192136354431901,0.11245546339841997,0.0,0.9999999987499999,0.6078804147752852,0.2998529257136371,0.3192864234579714,0.40085575421967,angry,05,09,09,male,strong,1052
20,0.6673333333333333,True,1.0,0.4081791718230149,0.41489130239317734,0.41153523710809614,0.6869835452873584,-0.06305555555555559,-0.06638888888888894,0.39051838720956467,0.012959034597601251,0.22361145230116525,0.5990467165206338,0.006712130570162456,0.003333333333333355,0.009784038646189043,0.403652075876996,0.11913740791106706,0.11473845206797906,0.0,0.7071067807446058,0.6016627346094687,0.2994114159171272,0.312293607863287,0.38498959901428503,angry,05,09,09,male,strong,1052
30,1.0010000000000001,True,1.0,0.40802269642503103,0.5293981559149252,0.46871042616997816,1.2311855479753266,-0.06731481481481483,-0.07717592592592593,0.35103842790911594,0.3571613603560938,0.22195456173949749,0.3806984470706046,0.1213754594898942,0.009861111111111098,0.01780981004895262,0.23440438288818827,0.1075376377349642,0.1172035735315863,0.0,0.9999999987499999,0.6344506958095738,0.31215358384462777,0.21522645654619166,0.28647129442938457,angry,05,09,09,male,strong,1052
40,1.3346666666666667,True,1.0,0.3939013262393194,0.4663935453445383,0.4301474357919288,1.4004914432511917,-0.05736111111111114,-0.06467592592592586,0.2886904535602754,0.5951500196701585,0.1903936202093968,0.30714035267031453,0.07249221910521891,0.0073148148148147185,0.023685146593761048,0.2253246764003849,0.1148651494268418,0.11853404553363044,0.0,0.9999999987499999,0.623775702562275,0.29718427833001365,0.2897064896053607,0.3468870598930952,angry,05,09,09,male,strong,1052
50,1.6683333333333334,True,1.0,0.365354877383154,0.34415063256688666,0.35475275497502035,1.6556194643492823,-0.05921296296296291,-0.06189814814814815,0.3074333461660482,0.6992220750347866,0.1759200840625155,0.21427191610993224,0.021204244816267315,0.002685185185185235,0.020413111850927347,0.19807698553881745,0.1088967303244013,0.11724911463485965,0.0,0.9999999987499999,0.6293773861263255,0.2923724688073689,0.29221648571361825,0.3531267550695038,angry,05,09,09,male,strong,1052
60,2.0020000000000002,True,1.0,0.38967406436074176,0.32358724201295747,0.3566306531868496,0.6708991901697525,-0.05861111111111117,-0.060833333333333406,0.36053713409717847,0.14978521984051288,0.2185795303104168,0.531571148709561,0.06608682234778429,0.0022222222222222365,0.03892910039349345,0.44457258777810876,0.10401530795295863,0.11565821376034367,0.0,0.9999999987499999,0.6009144777051445,0.3042685261452638,0.260685896163068,0.3333240016658138,angry,05,09,09,male,strong,1052
70,2.3356666666666666,True,1.0,0.35142999140287917,0.32332920557056244,0.33737959848672083,0.8665756063992844,-0.05203703703703699,-0.05763888888888902,0.3305357957759971,0.17142644688072126,0.2194945030149522,0.38932505830457154,0.028100785832316733,0.005601851851852024,0.05165604473961931,0.412175964133498,0.11953301630103011,0.11449277840758859,0.0,0.9999999987499999,0.6003701602984944,0.29688145031776053,0.30517643293281876,0.3772057254990961,angry,05,09,09,male,strong,1052
80,2.6693333333333333,True,1.0,0.5431527625664755,0.5403670809156045,0.54175992174104,1.1742469598606544,-0.060416666666666674,-0.0665277777777778,0.2634559326765803,0.5386895639928488,0.1993055555555555,0.4613679577295475,0.002785681650871008,0.006111111111111123,0.036541758336994266,0.2555573507033583,0.11584764604259178,0.1127769077911763,0.0,0.9999999987499999,0.60745119065595,0.2967549991741575,0.30024302943478065,0.3653400499895652,angry,05,09,09,male,strong,1052
90,3.003,True,1.0,0.507975562984572,0.5380446176631997,0.5230100903238859,0.7989497353151007,-0.05814814814814817,-0.06495370370370374,0.3432316770350431,0.31028211281376783,0.18680596396879412,0.654622020892984,0.030069054678627638,0.006805555555555565,0.03830398013404774,0.3580122297857518,0.11911039471577524,0.11309424716398961,0.0,0.9999999987499999,0.6309226888802396,0.29045690148981806,0.3108797435894177,0.39385216546705754,angry,05,09,09,male,strong,1052
100,3.336666666666667,True,1.0,0.5142539743529082,0.5357439474448997,0.524998960898904,0.7145151154221001,-0.05921296296296291,-0.0667592592592593,0.34885470270847724,0.2545808037558438,0.19167024913148814,0.7347625677432459,0.02148997309199152,0.007546296296296384,0.0344201950185825,0.38660620009755503,0.1203269343696683,0.11179903280600088,0.0,0.9999999987499999,0.6311723766694177,0.2937720463531783,0.31334378570305726,0.38555560414208967,angry,05,09,09,male,strong,1052
110,3.6703333333333332,True,1.0,0.5233993304635413,0.5476046951111188,0.53550201278733,0.7074364899739225,-0.05893518518518509,-0.06574074074074071,0.35187161498994474,0.21586635857039405,0.19723189304860722,0.7569612542986999,0.0242053646475775,0.00680555555555562,0.038191028596555196,0.39106819119906827,0.12111028610640992,0.1114639193326978,0.0,0.9999999987499999,0.6258474341220862,0.29577328170518236,0.3167408385363646,0.38805668064800924,angry,05,09,09,male,strong,1052
0,0.0,True,1.0,0.33625519863907444,0.32063085194735097,0.3284430252932127,0.5704471634934178,-0.05833333333333335,-0.06291666666666668,0.40056723140814965,-0.025826211790125845,0.21564905889329197,0.5757641483951431,0.015624346691723467,0.004583333333333328,0.030222675638563234,0.47299438755999024,0.11212084495121014,0.11400291636112345,0.0,0.9999999987499999,0.6417067656515733,0.29818654759283825,0.2643817460559033,0.3634880477192757,angry,05,09,09,male,strong,1053
10,0.33366666666666667,True,1.0,0.3450670585716639,0.34408498862225545,0.3445760235969597,0.5122477357579336,-0.05541666666666656,-0.06148148148148164,0.4092210273747992,-0.049746508720089504,0.21581489963220804,0.6726745665105128,0.0009820699494084706,0.006064814814815078,0.011072478861886401,0.5131713986140145,0.11631055360589569,0.11110551521607238,0.0,0.9999999987499999,0.628322007310737,0.3000461034914452,0.2701228149624427,0.353921369514516,angry,05,09,09,male,strong,1053
20,0.6673333333333333,True,1.0,0.5412778828032137,0.5420726545838249,0.5416752686935193,0.6642072061271673,-0.05481481481481476,-0.058379629629629615,0.39877126732569884,0.031244422498814258,0.2156561738360047,0.8155215175274863,0.0007947717806112697,0.003564814814814854,0.04780805523909455,0.4336889747852285,0.11577809933811752,0.11715563313171058,0.0,0.9999999987499999,0.6057642102153361,0.29279312600432894,0.30356713809847335,0.3804714793971254,angry,05,09,09,male,strong,1053
30,1.0010000000000001,True,1.0,0.3193212732640625,0.3968793074693869,0.3581002903667247,1.691782159972799,-0.06379629629629618,-0.06175925925925935,0.3303508355093909,0.6700929487824469,0.192039964103783,0.21167044956454817,0.07755803420532437,0.0020370370370368374,0.028076358249564785,0.19305484990142954,0.10529439880782458,0.11922294559852341,0.0,0.9999999987499999,0.6559603031446954,0.29317683516973675,0.20915378500012913,0.2955540540845499,angry,05,09,09,male,strong,1053
40,1.3346666666666667,True,1.0,0.22494494695092032,0.2749711349985447,0.2499580409747325,1.2817093489052986,-0.06874999999999998,-0.06828703703703703,0.3092236372534097,0.4599094862250307,0.1984436941973971,0.19501928513529249,0.050026188047624376,0.0004629629629629428,0.007735555636813065,0.26947258383944794,0.10959582070883293,0.1217125102971515,0.0,0.9999999987499999,0.6016635682476116,0.2998497518440285,0.24787782552914736,0.312285288918385,angry,05,09,09,male,strong,1053
50,1.6683333333333334,True,1.0,0.3221503219837169,0.3305390409433469,0.3263446814635319,1.4221641652500414,-0.05925925925925929,-0.05912037037037038,0.3216645131973736,0.5372515248919747,0.1871727669507032,0.22947047143896696,0.008388718959630004,0.0001388888888889106,0.006310842772546105,0.23151225803648923,0.11882912118083137,0.11422676817620979,0.0,0.9999999987499999,0.5789863239983494,0.26407471924361264,0.3039014769714345,0.32046226575293135,angry,05,09,09,male,strong,1053
60,2.0020000000000002,True,1.0,0.28878911418654707,0.25761667091529405,0.27320289255092056,1.4067846128459993,-0.06416666666666676,-0.06643518518518532,0.32053628351311014,0.479497510152948,0.19796703508232688,0.1942037821967762,0.031172443271253014,0.0022685185185185586,0.022141180874595122,0.2121193348655968,0.10481896416867278,0.12138018516496298,0.0,0.9999999987499999,0.6126177662940177,0.2936330764573953,0.27414300691567534,0.34899907168703115,angry,05,09,09,male,strong,1053
70,2.3356666666666666,True,1.0,0.35887994323167377,0.31472646444452845,0.33680320383810114,0.5359345239710105,-0.05699074074074073,-0.06199074074074068,0.32621276209460615,0.2062917754293629,0.21793063311681185,0.6284409545825775,0.04415347878714532,0.004999999999999949,0.044489392999710824,0.5780831893176428,0.11331381474550942,0.11565247644208931,0.0,0.9999999987499999,0.5948009289887829,0.3004373561703973,0.2684828935982152,0.3354784558705629,angry,05,09,09,male,strong,1053
80,2.6693333333333333,True,1.0,0.5844867071585232,0.5522191612279785,0.568352934193251,1.62118457684388,-0.06379629629629635,-0.06754629629629627,0.31043500425873305,0.5976703753883791,0.1993151252980423,0.35057879424175115,0.032267545930544705,0.00374999999999992,0.024220427886967707,0.18242366086275566,0.11925795337361178,0.11577090539525385,0.0,0.9999999987499999,0.6210999407888154,0.2882401446242902,0.3199645267244092,0.38851210661884417,angry,05,09,09,male,strong,1053
90,3.003,True,1.0,0.5172761916463609,0.5482552190214481,0.5327657053339045,0.8180064099457847,-0.05912037037037032,-0.06708333333333333,0.3555741420029525,0.2768377403042715,0.1951451443491232,0.6512977146098584,0.030979027375087287,0.007962962962963005,0.0320850951365233,0.3586238802677059,0.11757063327926676,0.11335744122179525,0.0,0.9999999987499999,0.6219768053393232,0.2930293835377137,0.3173583692775032,0.39339688715794036,angry,05,09,09,male,strong,1053
100,3.336666666666667,True,1.0,0.5206841096216048,0.5521803939614863,0.5364322517915456,0.7051165942962102,-0.05694444444444452,-0.06425925925925924,0.3548225911865102,0.17946291848868845,0.20069482459384655,0.7607709932383148,0.0314962843398815,0.0073148148148147185,0.039441173427069674,0.389893064518843,0.10749341829339448,0.11756867820879097,0.0,0.9999999987499999,0.6581250553893432,0.31592501489363123,0.29230305773516296,0.4019921936356831,angry,05,09,09,male,strong,1053
110,3.6703333333333332,True,1.0,0.5233993304635427,0.5307183165509068,0.5270588235072248,0.6823749234863195,-0.057824074074074194,-0.06370370370370376,0.35839849134308177,0.16693632650531526,0.20347559683427643,0.7723889102114572,0.007318986087364143,0.005879629629629568,0.0450143485144614,0.40599587349793115,0.12149047881052741,0.11308942321305897,0.0,0.9999999987499999,0.6089228206985919,0.2936611367852622,0.31464449686520757,0.38425361780766687,angry,05,09,09,male,strong,1053
0,0.0,True,1.0,0.4686470752974242,0.49346419293245436,0.4810556341149393,1.0320067677976248,-0.06050925925925921,-0.065925925925926,0.36384950105901054,0.38146944891620915,0.182224943352621,0.46613612344960287,0.02481711763503014,0.005416666666666792,0.07045506974682751,0.27988194176188386,0.11155754039624394,0.11636927178075208,0.0,0.9999999987499999,0.6613345112967062,0.31803465985261326,0.2896857273290341,0.4140593202252138,angry,05,09,09,male,strong,1054
10,0.33366666666666667,True,1.0,0.3996668244613801,0.4443287095616987,0.42199776701153935,0.9684661177141968,-0.06138888888888888,-0.07064814814814818,0.3758784524788038,0.36577096099121453,0.17719959440108102,0.43573828685669597,0.0446618851003186,0.0092592592592593,0.07353328077019389,0.29216441710567254,0.11755908533299929,0.11387245755062246,0.0,0.9999999987499999,0.6308601266131453,0.3037718480272578,0.31243884459225807,0.38029681290269224,angry,05,09,09,male,strong,1054
20,0.6673333333333333,True,1.0,0.45913007849638876,0.5066907902456078,0.4829104343709983,1.0313048639285927,-0.05805555555555558,-0.06726851851851845,0.363844627067271,0.41225613104848846,0.1736325127867714,0.4682518731962801,0.04756071174921905,0.009212962962962867,0.07447271873684505,0.2785197889812362,0.11565248101798266,0.11564374094238103,0.0,0.9999999987499999,0.6316054327668568,0.302292970683519,0.30993670973433174,0.37963507180631817,angry,05,09,09,male,strong,1054
30,1.0010000000000001,True,1.0,0.5113780479841004,0.6229434135617675,0.5671607307729339,0.9852884944007452,-0.08712962962962961,-0.09810185185185188,0.30571852887104234,0.45905690825849527,0.23686858699689928,0.5756291015230848,0.11156536557766716,0.010972222222222272,0.048406588417401114,0.2708955975515438,0.10565257404989187,0.11582132692739412,0.0,0.9999999987499999,0.6439324658066353,0.3092140362676916,0.2733094424578923,0.36899185118612604,angry,05,09,09,male,strong,1054
40,1.3346666666666667,True,1.0,0.6233521771978136,0.6664673236417189,0.6449097504197663,1.2639843192396178,-0.07162037037037033,-0.07541666666666669,0.31212860843786705,0.47180282761847364,0.2312547084365925,0.5102197397573162,0.04311514644390535,0.003796296296296353,0.03390962537894771,0.2716412837950977,0.09993271579439258,0.12142040305172289,0.0,0.9999999987499999,0.6492010245738921,0.31998048588218925,0.27412534853249504,0.3888247598965894,angry,05,09,09,male,strong,1054
50,1.6683333333333334,True,1.0,0.41050561034293465,0.44184060054127594,0.4261731054421053,1.2778756593479748,-0.06032407407407403,-0.06560185185185186,0.34564253245215737,0.5371130941945894,0.19114832178248242,0.33350123098796364,0.031334990198341295,0.005277777777777826,0.038692815367901805,0.26223441254618385,0.11201109697933695,0.12044632380416963,0.0,0.9999999987499999,0.6330050172178247,0.29157024254644304,0.31247048431873603,0.37881719842079004,angry,05,09,09,male,strong,1054
60,2.0020000000000002,True,1.0,0.624212514874792,0.588544303801441,0.6063784093381165,1.3137008617218398,-0.06592592592592594,-0.07050925925925927,0.35025408295042865,0.4617402640281607,0.20162552417673185,0.4615802782859937,0.03566821107335105,0.004583333333333328,0.022764883115685253,0.21035149173814394,0.10598124653615784,0.12084060503606606,0.0,0.9999999987499999,0.6280538907828757,0.2969451763319511,0.26956372887130026,0.3305228388199701,angry,05,09,09,male,strong,1054
70,2.3356666666666666,True,1.0,0.6618078530835889,0.5928493356411515,0.6273285943623702,1.8102342710266015,-0.06981481481481483,-0.07347222222222227,0.3006478858087864,0.6281362424511796,0.20859239986760778,0.34654552971566827,0.06895851744243742,0.0036574074074074425,0.015591243880765606,0.14573650828071164,0.10470303995938468,0.11797945235328425,0.0,0.9999999987499999,0.6448129232865021,0.3167206876422169,0.29699651448849457,0.41698083733477875,angry,05,09,09,male,strong,1054
80,2.6693333333333333,True,1.0,0.37408710178631005,0.34429208189973043,0.35918959184302024,0.9365479770515057,-0.053379629629629666,-0.05648148148148158,0.3623854670359103,0.29350351617445436,0.19814885430822513,0.3835250309053484,0.02979501988657962,0.003101851851851911,0.02407026289805156,0.3361050296025293,0.10878763297153915,0.11686227718092812,0.0,0.9999999987499999,0.6344672002629176,0.29158030388953915,0.31259741211187797,0.3853098221114881,angry,05,09,09,male,strong,1054
90,3.003,True,1.0,0.44426184840620364,0.41140808811934276,0.42783496826277323,0.6707475830521745,-0.06175925925925929,-0.06310185185185191,0.2896573828140626,0.5028618408173733,0.20662844068520675,0.6378479461915464,0.03285376028686088,0.0013425925925926174,0.023555239825916948,0.45051576215177114,0.11896857058894027,0.11188942086967084,0.0,0.9999999987499999,0.6099872171759328,0.29789346163423086,0.3064673873937683,0.3584853768224416,angry,05,09,09,male,strong,1054
100,3.336666666666667,True,1.0,0.6209425877904028,0.5817004182480127,0.6013215030192077,1.433831492596956,-0.06620370370370371,-0.07027777777777772,0.32227249922142115,0.5867462353835421,0.1993116802436792,0.4193808729435103,0.039242169542390126,0.004074074074074008,0.029174405282898032,0.21167352345502674,0.11999730245458695,0.11433981630480625,0.0,0.9999999987499999,0.6368586208389606,0.29057990145047174,0.3182528265974212,0.38678765842710694,angry,05,09,09,male,strong,1054
110,3.6703333333333332,True,1.0,0.5646972283751034,0.5592429831467517,0.5619701057609275,0.7848717015844267,-0.06041666666666673,-0.06712962962962965,0.3555450813516528,0.31594967332601875,0.19308756342655736,0.7160025066854545,0.005454245228351695,0.006712962962962921,0.04642132811209159,0.370930048074334,0.105627849855361,0.11600822150283023,0.0,0.9999999987499999,0.6621464789978491,0.3124153982983406,0.28777633599525604,0.4036734308250541,angry,05,09,09,male,strong,1054
120,4.0040000000000004,True,1.0,0.5521336403832569,0.5532789918921422,0.5527063161376995,0.7530925866997709,-0.06,-0.06861111111111101,0.35102313159286996,0.28513924475304264,0.19032628786065006,0.7339154917986762,0.001145351508885395,0.008611111111111014,0.05585502744543404,0.3710471320860886,0.12129274076568616,0.11109398635176933,0.0,0.9999999987499999,0.6222294015653137,0.2970656982780759,0.3179207140450411,0.37700461978977357,angry,05,09,09,male,strong,1054
0,0.0,True,1.0,0.5394107961911492,0.5018452124430101,0.5206280043170797,0.7888657824822457,-0.0589351851851852,-0.06027777777777776,0.36805766550228486,0.18630335578324758,0.19960775175404818,0.6599703217939954,0.03756558374813912,0.001342592592592562,0.02244828644658975,0.35765539280785025,0.11986562041528515,0.11263230357384603,0.0,0.9999999987499999,0.6205732878854667,0.2928102884760896,0.3222104000511726,0.41440650419693237,angry,05,09,09,male,strong,1055
10,0.33366666666666667,True,1.0,0.5431527625664747,0.5108933664526906,0.5270230645095826,0.719251050559286,-0.05800925925925926,-0.06379629629629635,0.38900329396963257,0.13043907850802094,0.2020848434758866,0.7327386787961896,0.032259396113784145,0.0057870370370370905,0.04152678294117088,0.4080481477174257,0.1169355030069625,0.11451272099339996,0.0,0.9999999987499999,0.6199010534838935,0.29757349357081353,0.32197704439863684,0.41082541518164045,angry,05,09,09,male,strong,1055
20,0.6673333333333333,True,1.0,0.483560802065608,0.48784132518133616,0.4857010636234721,0.8619011850336162,-0.053333333333333344,-0.06236111111111109,0.3895121710022658,0.22448353750784572,0.2014267692164171,0.5635229096529535,0.004280523115728185,0.009027777777777746,0.044967127930687335,0.3648706320217537,0.12194037241508,0.11243485096794903,0.0,0.9999999987499999,0.61678636300614,0.2985799442811133,0.3312043537200933,0.4148275980394325,angry,05,09,09,male,strong,1055
30,1.0010000000000001,True,1.0,0.32916152232515905,0.48619235677437567,0.40767693954976736,0.899785699969472,-0.05601851851851847,-0.059444444444444466,0.3635146848944702,0.3245128753988251,0.1915751412221287,0.4530822612135301,0.15703083444921662,0.003425925925925999,0.027496402263842628,0.28493371660222827,0.1107594165614684,0.11298957999948217,0.0,0.9999999987499999,0.6458382604682498,0.3041990822658336,0.2312989936788671,0.29783478113855594,angry,05,09,09,male,strong,1055
40,1.3346666666666667,True,1.0,0.2676709824684778,0.3130549887623033,0.29036298561539053,1.781870397953072,-0.05856481481481479,-0.06115740740740744,0.2772161096316253,0.872809720946659,0.17216885741458934,0.16295404309367603,0.045384006293825496,0.0025925925925926463,0.018239161835176057,0.1934176201620765,0.11094074911615635,0.12048788015962948,0.0,0.9999999987499999,0.6300174084946478,0.2943585580750766,0.29058058366598066,0.3729648880912182,angry,05,09,09,male,strong,1055
50,1.6683333333333334,True,1.0,0.1934570126618047,0.1788279920639767,0.1861425023628907,1.4248064130781273,-0.06550925925925927,-0.0665277777777778,0.29958832178412026,0.6872445157837452,0.1770988427644488,0.13064406550553884,0.014629020597828002,0.0010185185185185297,0.0033580309711119674,0.2316125755803337,0.11160126163147946,0.12066837704747686,0.0,0.9999999987499999,0.6227397592474491,0.28859775363246476,0.2846584957951169,0.3536647721716743,angry,05,09,09,male,strong,1055
60,2.0020000000000002,True,1.0,0.2788142351915611,0.2940062211407619,0.2864102281661615,0.6423735715271207,-0.05370370370370364,-0.05550925925925926,0.32824294762011025,0.156845243482033,0.20694591911410629,0.445862409135662,0.015191985949200792,0.0018055555555556158,0.028012689143865455,0.4714637631348836,0.1007657853150701,0.12198586005443583,0.0,0.9999999987499999,0.6460304854754402,0.31639103562853665,0.269932594694261,0.38053717005258925,angry,05,09,09,male,strong,1055
70,2.3356666666666666,True,1.0,0.27175582677466137,0.25013363736505184,0.2609447320698566,0.8429898269099302,-0.05435185185185187,-0.056620370370370376,0.3503112963837518,0.19326775837243482,0.2083952137917121,0.30954671544065665,0.021622189409609527,0.002268518518518503,0.044738859810630416,0.40147543570434485,0.11563847294443767,0.11777973543046162,0.0,0.9999999987499999,0.6046306434214311,0.2899835922788143,0.3040258186357263,0.37082409520619886,angry,05,09,09,male,strong,1055
80,2.6693333333333333,True,1.0,0.43138045172726075,0.41768097451791586,0.4245307131225883,1.250729600523095,-0.058055555555555416,-0.060509259259259374,0.24364536913316942,0.5751598161833437,0.20208333333333328,0.33942645392340276,0.01369947720934489,0.0024537037037039577,0.027725240596766013,0.24135304508598593,0.12033156359085057,0.11331745321197233,0.0,0.9999999987499999,0.6090608658385229,0.2913682521781385,0.3136003154809042,0.37425773248382815,angry,05,09,09,male,strong,1055
90,3.003,True,1.0,0.5343834339171548,0.5445721202917643,0.5394777771044595,1.187451614485984,-0.05921296296296302,-0.06375000000000003,0.3231208436616693,0.4802146204202481,0.19663993831025842,0.45431558686118345,0.010188686374609457,0.004537037037037006,0.03756976070564584,0.2538889476209954,0.12032563231450878,0.1112880282710375,0.0,0.9999999987499999,0.6235278445128051,0.2897007764658966,0.32341698461730434,0.3962724750734343,angry,05,09,09,male,strong,1055
100,3.336666666666667,True,1.0,0.5235667210811735,0.5584365590458114,0.5410016400634925,0.856549602055503,-0.056111111111111056,-0.06185185185185188,0.3412405448776283,0.3345423465548672,0.19238649301055735,0.6316057339414145,0.03486983796463783,0.005740740740740824,0.04364894248874085,0.33759351636848806,0.12072579325606955,0.11323436376020772,0.0,0.9999999987499999,0.6181021035054647,0.29368084133156347,0.31931883596724825,0.38431099168195754,angry,05,09,09,male,strong,1055
110,3.6703333333333332,True,1.0,0.5513904210378175,0.5525475885393376,0.5519690047885776,0.822844503899904,-0.056851851851851876,-0.06254629629629632,0.34210735039537327,0.3166039925699106,0.19375354394440283,0.670805969016623,0.0011571675015200622,0.005694444444444446,0.042433520647415304,0.3457276467394039,0.1259093312527009,0.10902529122189583,0.0,0.9999999987499999,0.6145238584418142,0.28898375922237163,0.3232028141500855,0.38900490238624463,angry,05,09,09,male,strong,1055
0,0.0,True,1.0,0.5155339502408939,0.4944730312025428,0.5050034907217184,0.6200008297634763,-0.05268518518518506,-0.05523148148148155,0.34304782752690344,0.014756631713965684,0.22505729793436074,0.8145206691326071,0.021060919038351056,0.002546296296296491,0.024045779191797036,0.48255730840171535,0.11817155077525966,0.11407488530954453,0.0,0.759712031368354,0.5951709400713411,0.30461142335456654,0.3103738637939869,0.3726681460869899,fearful,06,09,09,male,normal,1056
10,0.33366666666666667,True,1.0,0.5159108945930625,0.47677009525273434,0.49634049492289845,0.5960946739409698,-0.05129629629629634,-0.05509259259259258,0.345953127438834,0.007266712203863199,0.2236687648418109,0.8326537991715895,0.03914079934032816,0.003796296296296242,0.02674866084041259,0.4961187771906344,0.1206588585917716,0.11313741286591096,0.0,0.9999999987499999,0.5941141054781288,0.3040459290824979,0.31400483010706653,0.3745473771893653,fearful,06,09,09,male,normal,1056
20,0.6673333333333333,True,1.0,0.5870704193967341,0.5757239052974248,0.5813971623470795,0.6210228162761875,-0.0506018518518519,-0.05273148148148149,0.3430060992675743,0.022161505654593454,0.2271693262255663,0.936192917730924,0.011346514099309313,0.0021296296296295925,0.019862156005562837,0.4707826937596308,0.11709918365150503,0.11417859857881839,0.0,0.9999999987499999,0.590894911730317,0.30408715093116356,0.31465527462508924,0.37640515583918044,fearful,06,09,09,male,normal,1056
30,1.0010000000000001,True,1.0,0.611981530361185,0.60222854242013,0.6071050363906575,0.6355138858003188,-0.051342592592592606,-0.05217592592592596,0.341240565289017,0.05171017986071806,0.2264647020790135,0.955297830551908,0.009752987941054947,0.0008333333333333526,0.020230415201198386,0.47305965396840294,0.11697440625481803,0.11579678317834566,0.0,0.9999999987499999,0.5964913737448104,0.30259311460903887,0.3099556068090328,0.37622024631801704,fearful,06,09,09,male,normal,1056
40,1.3346666666666667,True,1.0,0.5905863804267021,0.5667297755142474,0.5786580779704747,0.5573141885740498,-0.05189814814814819,-0.05347222222222214,0.35543442990487006,0.0,0.2299261569021609,1.038297767819326,0.02385660491245467,0.00157407407407395,0.015164957075234457,0.5358892757688043,0.12129068950409862,0.11397428882841532,0.0,0.9999999987499999,0.5967329349708633,0.30277614540978215,0.312093227932641,0.37784458802881626,fearful,06,09,09,male,normal,1056
50,1.6683333333333334,True,1.0,0.59246302539553,0.5811735227764524,0.5868182740859912,0.4965630944776098,-0.051064814814814785,-0.0533333333333334,0.33812810861747167,0.01503863016348883,0.22786350859534912,1.1817597413342424,0.011289502619077574,0.002268518518518614,0.026349730544113818,0.5970131934406087,0.1208879518584519,0.11238516627849593,0.0,0.9999999987499999,0.5982812417701456,0.3015901970979006,0.3099719052300846,0.3723128799660942,fearful,06,09,09,male,normal,1056
60,2.0020000000000002,True,1.0,0.5875721220856249,0.5672613262049075,0.5774167241452662,0.6872405361776196,-0.05250000000000005,-0.053749999999999964,0.3314444066855144,0.07630642546899909,0.22648626208389835,0.8401959630565665,0.02031079588071738,0.0012499999999999178,0.017237650045381303,0.4502319046397708,0.11660086674641791,0.11468744072086591,0.0,0.9999999987499999,0.6012780790753801,0.30267175903365023,0.3090696833005816,0.3724822317183849,fearful,06,09,09,male,normal,1056
70,2.3356666666666666,True,1.0,0.6121316157574809,0.5802008708184655,0.5961662432879732,0.6354032379177676,-0.05148148148148157,-0.05296296296296299,0.34164999456129974,0.044269895141897025,0.2285927395077896,0.9382486706262703,0.031930744939015376,0.001481481481481417,0.018366817806502907,0.4725750238965815,0.1225708787137195,0.11123451796031548,0.0,0.9999999987499999,0.5948431221707432,0.3030072266516639,0.3133590722744011,0.3742774950551294,fearful,06,09,09,male,normal,1056
80,2.6693333333333333,True,1.0,0.6017016307561468,0.5762145599105789,0.5889580953333629,0.6235725579570688,-0.05166666666666675,-0.05300925925925931,0.35038331215903296,0.03624181699773006,0.22927450706014754,0.9444900802929672,0.025487070845567894,0.001342592592592562,0.02157399074928469,0.47305965396840294,0.11870425357448254,0.1135204609490996,0.0,0.9999999987499999,0.5958219655127677,0.30331940417321107,0.31509389681996736,0.37625753470815626,fearful,06,09,09,male,normal,1056
90,3.003,True,1.0,0.5973060546370359,0.5700235135627549,0.5836647840998954,0.6645151721463844,-0.05074074074074075,-0.05148148148148157,0.3424464902714566,0.0590265268558627,0.22853766331553105,0.8783317651193091,0.027282541074280964,0.0007407407407408195,0.020896446828912014,0.4518718502288874,0.1165881873435267,0.1140339860164382,0.0,0.9999999987499999,0.5977068830344638,0.30359657477072055,0.3148229183816683,0.37657835738364637,fearful,06,09,09,male,normal,1056
0,0.0,True,1.0,0.547549049284002,0.6121201279850451,0.5798345886345235,0.7941026739360155,-0.06203703703703706,-0.061759259259259236,0.32937124478448976,0.2539682539682543,0.20979868412189462,0.7301758420740987,0.06457107870104306,0.0002777777777778212,0.024708771568876756,0.37157676588560207,0.12059317357455006,0.10996338404515166,0.0,0.9999999987499999,0.6224238786921019,0.29186827581174224,0.32516730610741296,0.39128062368612965,fearful,06,09,09,male,normal,1057
10,0.33366666666666667,True,1.0,0.5699881634395223,0.6223338093534377,0.5961609863964801,0.8184218143323075,-0.06393518518518504,-0.061759259259259236,0.32746809060656906,0.2595549010268865,0.20866266287800567,0.7284275369454144,0.05234564591391544,0.0021759259259258035,0.02363803097783148,0.3784065665184171,0.11855955300094749,0.11181271770390268,0.0,0.9999999987499999,0.6210838882427971,0.29370863580203416,0.32669356603937916,0.39320091847320754,fearful,06,09,09,male,normal,1057
20,0.6673333333333333,True,1.0,0.5829572409168173,0.6163421200021262,0.5996496804594718,0.8039037688288355,-0.064074074074074,-0.06148148148148147,0.3334527727557204,0.26267641419954324,0.20925577486501218,0.7459222157063269,0.03338487908530885,0.0025925925925925353,0.007364023515264716,0.3573006870257447,0.1198150785886521,0.1113252807263901,0.0,0.9999999987499999,0.6181570549782414,0.2951869779212878,0.32941610715553554,0.3967221151107526,fearful,06,09,09,male,normal,1057
30,1.0010000000000001,True,1.0,0.5746588751172411,0.6164874551971326,0.5955731651571868,0.8268290254725309,-0.06486111111111109,-0.06263888888888891,0.3295154798360878,0.3040565977768903,0.2085441641542093,0.7203099393091796,0.04182858007989143,0.002222222222222181,0.013182940078812565,0.3717527542646619,0.11740129563772224,0.11420207906442269,0.0,0.9999999987499999,0.6244113331973414,0.2935690130117591,0.32569010096423645,0.39408731508209743,fearful,06,09,09,male,normal,1057
40,1.3346666666666667,True,1.0,0.5606852459435309,0.6021505376344086,0.5814178917889697,0.7893319179542195,-0.0637037037037037,-0.06361111111111112,0.3461450359787715,0.23807444349065693,0.2106083868350255,0.7365949337205079,0.04146529169087776,9.259259259258856e-05,0.019658587031908197,0.3835889434179414,0.1159736027155282,0.11348987283166434,0.0,0.9999999987499999,0.6214646323451256,0.29485494803998663,0.32258405049722355,0.38864685180687775,fearful,06,09,09,male,normal,1057
50,1.6683333333333334,True,1.0,0.547020290507633,0.5965526278273995,0.5717864591675162,0.6789520151251789,-0.06254629629629632,-0.06263888888888897,0.3319754006346336,0.21601253556565742,0.21270670094052047,0.8421603389189375,0.04953233731976647,9.259259259264407e-05,0.007622172445257731,0.4479834044453505,0.11930421845105511,0.10998332247646347,0.0,0.9999999987499999,0.6240677119910464,0.29501759697823127,0.3203468351989863,0.38013849731639665,fearful,06,09,09,male,normal,1057
60,2.0020000000000002,True,1.0,0.5876657586079931,0.6162341768215092,0.6019499677147511,0.7707165100771051,-0.06217592592592602,-0.06203703703703706,0.3305550140753844,0.2673209958822424,0.21135527116357994,0.7810264342910339,0.028568418213516078,0.0001388888888889661,0.016705900485628162,0.40167986066285294,0.11670755037192682,0.11205694828380731,0.0,0.9999999987499999,0.6205872989742772,0.2953504553844058,0.3180386595501489,0.38296875816883047,fearful,06,09,09,male,normal,1057
70,2.3356666666666666,True,1.0,0.6292945813398277,0.6769791933993977,0.6531368873696127,0.8568075222711788,-0.06458333333333333,-0.06374999999999997,0.32606633133995516,0.2881838226518123,0.2112859526178454,0.7622912619141262,0.047684612059569975,0.0008333333333333526,0.013070903487447825,0.32725561272500714,0.11812680675396887,0.11124695631332314,0.0,0.9999999987499999,0.6220042454638105,0.29563817792889313,0.318966272438544,0.37898416123877804,fearful,06,09,09,male,normal,1057
80,2.6693333333333333,True,1.0,0.5886189646983182,0.6410033480555025,0.6148111563769103,0.7951284721813311,-0.06333333333333335,-0.06217592592592597,0.33059107114389474,0.26497836376530365,0.20794767273289688,0.7732224135934364,0.052384383357184316,0.0011574074074073848,0.012929819011613821,0.36388206800607037,0.11797454122329559,0.11106587005382479,0.0,0.9999999987499999,0.6249969834965237,0.2957353353291308,0.3185061960526143,0.3816924221756404,fearful,06,09,09,male,normal,1057
90,3.003,True,1.0,0.5420123235857491,0.5565545074806547,0.5492834155332019,0.8266968969027004,-0.06675925925925924,-0.0660648148148148,0.33823657710648547,0.2651072124756337,0.20904111541519235,0.66443144711338,0.01454218389490558,0.000694444444444442,0.016321562947244194,0.35066471879636607,0.1200245667099808,0.10989243349425858,0.0,0.9999999987499999,0.6161155570274985,0.2943002116840653,0.31833348209183854,0.38385103285995187,fearful,06,09,09,male,normal,1057
0,0.0,True,1.0,0.5395459754152298,0.5925617325914057,0.5660538540033178,0.750360404452082,-0.06250000000000006,-0.06578703703703709,0.3187753162002646,0.2119158277854354,0.21534497159238114,0.7543759647294476,0.053015757176175904,0.0032870370370370328,0.03342442511291103,0.35703479425718904,0.11622991118844306,0.10981054847740981,0.0,0.9999999987499999,0.6325497326274261,0.3032845828990445,0.29170944101975105,0.37011876194705334,fearful,06,09,09,male,normal,1058
10,0.33366666666666667,True,1.0,0.544148178915474,0.6360342940724639,0.590091236493969,0.6993252515876917,-0.06046296296296283,-0.06277777777777777,0.3318827388591793,0.20634920634920684,0.2151269746856239,0.8438008425325318,0.09188611515698997,0.002314814814814936,0.04109224624716284,0.41107130539788217,0.11631279092897953,0.11093156048116808,0.0,0.9999999987499999,0.6305379359009229,0.3023679919375151,0.2968200864190168,0.3706492667240185,fearful,06,09,09,male,normal,1058
20,0.6673333333333333,True,1.0,0.5731201241752775,0.6582036007467221,0.6156618624609997,0.7048446160259492,-0.059814814814814876,-0.06384259259259267,0.32984133663914117,0.18416056593032767,0.2171573310659059,0.8734717531535119,0.08508347657144466,0.004027777777777797,0.04295942450788354,0.3733926987944534,0.11967271984812687,0.10835838801986171,0.0,0.9999999987499999,0.6283361143988846,0.30358273783372314,0.2987256672457381,0.37141455241581584,fearful,06,09,09,male,normal,1058
30,1.0010000000000001,True,1.0,0.6553784946960016,0.7586623430076881,0.7070204188518449,0.7115409840594534,-0.05912037037037038,-0.06023148148148144,0.3244547743183877,0.2019938235676904,0.21663579911109054,0.9936467957448943,0.10328384831168647,0.0011111111111110628,0.03225819433406581,0.3711617344936618,0.11483866495530791,0.11296401780250082,0.0,0.9999999987499999,0.6354466018516782,0.3002501472380597,0.2984581085726046,0.37867056327411414,fearful,06,09,09,male,normal,1058
40,1.3346666666666667,True,1.0,0.6219537033466567,0.7178006267362167,0.6698771650414367,0.6296723716849891,-0.05976851851851839,-0.06111111111111117,0.36681217079682854,0.09295144630670901,0.21896371026304245,1.063850337356966,0.09584692338956002,0.001342592592592784,0.044553084324383666,0.4471144730189302,0.11311690699112052,0.1118283798124062,0.0,0.9999999987499999,0.6390370728291317,0.29920709312992294,0.3046291026186613,0.38715768597807027,fearful,06,09,09,male,normal,1058
50,1.6683333333333334,True,1.0,0.6334483809923057,0.731731286949054,0.6825898339706798,0.6689113367024038,-0.060092592592592586,-0.061435185185185315,0.32318217824166784,0.20362998759323547,0.217768133732749,1.0204488943717238,0.09828290595674827,0.0013425925925927285,0.03758024450208397,0.4246658968181662,0.11731464636835369,0.11056295031592292,0.0,0.9999999987499999,0.6251675933811025,0.327462980714737,0.31115010026700984,0.41117103475565203,fearful,06,09,09,male,normal,1058
60,2.0020000000000002,True,1.0,0.6053722452256106,0.6873014788288883,0.6463368620272494,0.7600689146087488,-0.0615277777777779,-0.06194444444444447,0.3236534292637474,0.20999134017141521,0.21813509409044526,0.8503661307605984,0.08192923360327764,0.00041666666666656527,0.0401759906278317,0.38254062842053593,0.11663554534776839,0.11145019400304006,0.0,0.9999999987499999,0.617192600501138,0.29448879826725055,0.3216147905290329,0.39222152369627655,fearful,06,09,09,male,normal,1058
70,2.3356666666666666,True,1.0,0.5606896872778339,0.5824652906101293,0.5715774889439815,0.7575970220953473,-0.06291666666666668,-0.06268518518518523,0.3402020550226984,0.2241278100810589,0.21587269824847907,0.7544611083120727,0.021775603332295446,0.00023148148148144365,0.025401473956802152,0.37927589761383573,0.11859434716374023,0.11126329325724738,0.0,0.7596332443691536,0.6182162195190577,0.29565355595572623,0.31779575305530033,0.3876770721328733,fearful,06,09,09,male,normal,1058
80,2.6693333333333333,True,1.0,0.5606896872778337,0.601162810381757,0.5809262488297954,0.811007326129167,-0.06319444444444439,-0.060370370370370297,0.3332613179785944,0.2260933675776878,0.21416835829873065,0.7163020975439041,0.04047312310392326,0.00282407407407409,0.020404030360722105,0.3785171958612735,0.1196682650445056,0.11045294854348253,0.0,0.9999999987499999,0.6160235791504103,0.299276295038638,0.3177238898194918,0.3836051930394152,fearful,06,09,09,male,normal,1058
90,3.003,True,1.0,0.5412398066608028,0.5527958053810538,0.5470178060209283,0.7750278255405162,-0.06435185185185183,-0.06351851851851859,0.3401509972361198,0.220297457499743,0.21499395002187144,0.7058040859880479,0.011555998720250926,0.0008333333333332416,0.01808528688626511,0.352855338672553,0.12022980716314996,0.10931984782220693,0.0,0.9999999987499999,0.6131116578975341,0.29989997966260357,0.31965619376447707,0.38323148684133773,fearful,06,09,09,male,normal,1058
0,0.0,True,1.0,0.5340210522137077,0.5875498171976342,0.5607854347056709,0.8654710635769339,-0.06425925925925924,-0.06472222222222224,0.32753623188405817,0.26745329400196677,0.20875624392899064,0.6479539967378947,0.05352876498392656,0.0004629629629629983,0.01487230344575287,0.33791870787773987,0.11713442584081143,0.11212158622647275,0.0,0.9999999987499999,0.6176506694865447,0.29819056532243976,0.3148214942840645,0.38069555949428996,fearful,06,09,09,male,normal,1059
10,0.33366666666666667,True,1.0,0.5420123235857479,0.6024765729617774,0.5722444482737626,0.8354071158301171,-0.062222222222222234,-0.06291666666666668,0.33926890550766103,0.25504199078189443,0.21083539838621412,0.684988716794855,0.060464249376029455,0.000694444444444442,0.01383368060415303,0.35434302443735727,0.11514071243650578,0.1116368260999711,0.0,0.9999999987499999,0.6212617180465936,0.2988006574905647,0.31664739843504847,0.38766794970375185,fearful,06,09,09,male,normal,1059
20,0.6673333333333333,True,1.0,0.57435020137943,0.6508166466633282,0.6125834240213791,0.7817075376981062,-0.060972222222222205,-0.06,0.33724890121626616,0.2375200004632757,0.20880740332667266,0.7836478407580068,0.07646644528389812,0.0009722222222222077,0.01716377861609346,0.36440971438911596,0.11712722202166134,0.11144739515315352,0.0,0.9999999987499999,0.6193101382349815,0.2986884722117767,0.3203399457793963,0.3886895393502094,fearful,06,09,09,male,normal,1059
30,1.0010000000000001,True,1.0,0.6013018937680882,0.6692784626570842,0.6352901782125862,0.7823694747237534,-0.06175925925925918,-0.06083333333333324,0.33807891301891463,0.2758620689655176,0.21004937418471317,0.8120078795723729,0.06797656888899606,0.0009259259259259411,0.018010972445306216,0.3636168943338919,0.11368260894275865,0.1151246124670353,0.0,0.9999999987499999,0.6265448356608267,0.29628854759570034,0.3123186529503287,0.3849071295209096,fearful,06,09,09,male,normal,1059
40,1.3346666666666667,True,1.0,0.532091400422523,0.5592591348613809,0.545675267641952,0.6421637709321807,-0.06287037037037041,-0.06180555555555556,0.38158907105874146,0.12701644349252791,0.2153684844747212,0.8497447105274039,0.027167734438857893,0.0010648148148148517,0.02334643512895252,0.45864330960342375,0.11499994161171714,0.11330539951430345,0.0,0.9999999987499999,0.6234725625719036,0.29735822255238564,0.31986595150805147,0.3850006485824428,fearful,06,09,09,male,normal,1059
50,1.6683333333333334,True,1.0,0.560381359053312,0.5782530610286526,0.5693172100409822,0.9871761348286374,-0.06347222222222226,-0.06083333333333335,0.3197602441184156,0.3262841781439228,0.21255169407993432,0.5767128984938531,0.017871701975340604,0.002638888888888913,0.028846449782778345,0.3300554481581034,0.12251011041987903,0.11130144266518467,0.0,0.9999999987499999,0.6097572024434774,0.29450031456168374,0.33281308874471394,0.39229619272387384,fearful,06,09,09,male,normal,1059
60,2.0020000000000002,True,1.0,0.5250458688172602,0.5834379462688485,0.5542419075430544,0.8093940809522528,-0.06254629629629632,-0.06037037037037035,0.32297665835030476,0.27746337159012174,0.2118286075798015,0.6847615031864185,0.05839207745158825,0.00217592592592597,0.02679032616935412,0.38615145445210425,0.11827728744525873,0.11413230083016049,0.0,0.9999999987499999,0.6094233450645884,0.2958662179295571,0.32708999137602485,0.39151024826511066,fearful,06,09,09,male,normal,1059
70,2.3356666666666666,True,1.0,0.5440004052960431,0.5556653971195014,0.5498329012077723,0.8959324653706813,-0.06486111111111115,-0.06333333333333341,0.3209709869630959,0.30644353119234263,0.20769179289336967,0.6136990481534627,0.01166499182345826,0.001527777777777739,0.02079188156744625,0.33591924460551564,0.11984913037501643,0.11281884887706961,0.0,0.9999999987499999,0.6106590383418993,0.2947506102336722,0.32645817503284197,0.38636851474549555,fearful,06,09,09,male,normal,1059
80,2.6693333333333333,True,1.0,0.5606896872778337,0.5925692565665849,0.5766294719222094,0.8564388188670283,-0.06402777777777774,-0.06263888888888886,0.32197438067323464,0.2957215233521489,0.2090511361072119,0.6732874073655664,0.03187956928875113,0.001388888888888884,0.02377265759801277,0.3378304161494586,0.12053710538544096,0.11174303129976476,0.0,0.9999999987499999,0.6091996348383104,0.2965602492001421,0.32942452026123303,0.38816402126467925,fearful,06,09,09,male,normal,1059
90,3.003,True,1.0,0.5610093236416901,0.5783592921997086,0.5696843079206994,0.8490200161822089,-0.06546296296296295,-0.0641666666666666,0.32899111272948917,0.29315986969625074,0.20496871162709115,0.6709904325723681,0.017349968558018514,0.001296296296296351,0.016758571832194827,0.3378304161494593,0.11879759777763584,0.11257977569543948,0.0,0.9999999987499999,0.6138752221279137,0.29569034240750597,0.32713189992955427,0.3888743245624562,fearful,06,09,09,male,normal,1059
0,0.0,True,1.0,0.6426788923625754,0.6546266116354581,0.6486527519990167,1.0688166494407756,-0.06824074074074071,-0.06699074074074074,0.3170627096894994,0.5178874292616684,0.19567339824067997,0.606888704754369,0.01194771927288274,0.0012499999999999734,0.011630427822804735,0.2600318814166417,0.1141874759326107,0.11261165544519351,0.0,0.9540070028661202,0.6442272149250325,0.29859699000399725,0.3184283217332229,0.390253964243846,fearful,06,09,09,male,strong,1060
10,0.33366666666666667,True,1.0,0.6010079632529287,0.6256416674211861,0.6133248153370574,0.9365601922475517,-0.06944444444444436,-0.0681018518518518,0.32844695199177426,0.45232397386162887,0.19679003240086662,0.6548696180062961,0.024633704168257387,0.001342592592592562,0.017335579206628954,0.3240936306054981,0.11357127280078681,0.11423814722354422,0.0,0.9999999987499999,0.63807746917517,0.29809593533117457,0.3192525114921369,0.3899800821577832,fearful,06,09,09,male,strong,1060
20,0.6673333333333333,True,1.0,0.5835430342898553,0.5571295826092542,0.5703363084495547,1.1018876738867405,-0.06787037037037036,-0.06763888888888892,0.31682604614665943,0.5343283000318787,0.18553554424467675,0.5175993179393509,0.026413451680601163,0.00023148148148144365,0.02123323634580302,0.2773660163439839,0.10517005619088704,0.11609565671230147,0.0,0.9999999987499999,0.6617977893813775,0.3247331018780729,0.3080332385120106,0.4206809918715872,fearful,06,09,09,male,strong,1060
30,1.0010000000000001,True,1.0,0.559500296057679,0.5444676890980372,0.5519839925778581,1.1336872660925483,-0.06888888888888883,-0.0673611111111111,0.3174853692530008,0.5091855026062837,0.19034552810498334,0.4868926458708208,0.015032606959641814,0.001527777777777739,0.027493830572955857,0.27049785905147583,0.11487543459402876,0.11443495244484059,0.0,0.9999999987499999,0.6232750672690952,0.2983561487777749,0.33214471914059546,0.4022659834149368,fearful,06,09,09,male,strong,1060
40,1.3346666666666667,True,1.0,0.5467492415440509,0.5414915379326796,0.5441203897383653,0.7725565875592145,-0.06759259259259254,-0.06546296296296295,0.33573086478665914,0.3628949749460026,0.19034552810498334,0.7043113714911657,0.005257703611371345,0.0021296296296295925,0.02838830602025393,0.36034995539521253,0.11601368348885287,0.1157761126950042,0.0,0.9999999987499999,0.629555872442727,0.29684804176706725,0.32643315742625645,0.39499534247272133,fearful,06,09,09,male,strong,1060
50,1.6683333333333334,True,1.0,0.5784337115448609,0.5884739646372603,0.5834538380910606,0.8863258762152675,-0.06939814814814815,-0.067037037037037,0.31576699230924,0.35271682328612675,0.19584735793088182,0.6582836558743925,0.01004025309239942,0.002361111111111147,0.024914357570750525,0.34557080940857765,0.11906360727669332,0.11314350309638793,0.0,0.9999999987499999,0.6239585990099165,0.29854208504106167,0.3297676626322499,0.38955406427593936,fearful,06,09,09,male,strong,1060
60,2.0020000000000002,True,1.0,0.5637005967285046,0.5755086368446637,0.5696046167865841,0.8880316488068067,-0.06898148148148142,-0.06814814814814812,0.32232941570823953,0.347067047707639,0.19654679912151257,0.6414237798302872,0.011808040116159102,0.0008333333333332971,0.02027679531582851,0.34812947087201557,0.11465126479657167,0.11548736308588772,0.0,0.9999999987499999,0.6274980721272884,0.2984694334723438,0.32743050442418753,0.3923839728578452,fearful,06,09,09,male,strong,1060
70,2.3356666666666666,True,1.0,0.5496189693305196,0.5355354644632557,0.5425772168968876,1.1192282361422115,-0.07115740740740739,-0.06856481481481475,0.3133939539856485,0.5019896078704087,0.19445072224488813,0.4847779919912123,0.01408350486726384,0.0025925925925926463,0.01987929605356567,0.27296860213080415,0.11477095590503038,0.11668205866029438,0.0,0.9999999987499999,0.6300107003035589,0.2973131834111087,0.32247278311176997,0.39337174233750694,fearful,06,09,09,male,strong,1060
80,2.6693333333333333,True,1.0,0.5926988660508938,0.5676722064636099,0.5801855362572519,1.2127450567613522,-0.07074074074074077,-0.06921296296296298,0.31256680560553635,0.5897420748625848,0.18958494304490606,0.4784068448867919,0.025026659587283895,0.0015277777777777946,0.01350980589503408,0.2465680226585272,0.1174582438661923,0.11364166571201234,0.0,0.9999999987499999,0.6290162608011955,0.2992848196225155,0.33328888563940084,0.3961743803184291,fearful,06,09,09,male,strong,1060
90,3.003,True,1.0,0.6066681626879095,0.5789572588791964,0.5928127107835529,0.9823758553697893,-0.07111111111111107,-0.06944444444444436,0.3309939311625233,0.4287977660956158,0.19375157509440405,0.6034479649954388,0.027710903808713105,0.0016666666666667052,0.014068825481884267,0.3035593290306367,0.11862118091941533,0.11360726344925753,0.0,0.8693030077873748,0.6273902406743948,0.2984995272199679,0.32873040650584145,0.3957103707335868,fearful,06,09,09,male,strong,1060
0,0.0,True,1.0,0.5925717288349516,0.5915548331926882,0.5920632810138199,1.159998531468709,-0.06680555555555556,-0.06648148148148153,0.3281742646977244,0.4765844061293425,0.19833601578466548,0.5104000263381289,0.0010168956422633713,0.0003240740740740322,0.015166691439919102,0.26511909486726476,0.1156675819999371,0.11329839537234407,0.0,0.9999999987499999,0.6186011953609569,0.2994153686771726,0.3363963573561214,0.40413529784925023,fearful,06,09,09,male,strong,1061
10,0.33366666666666667,True,1.0,0.6428251745897846,0.6400793535991153,0.64145226409445,1.0825262416205705,-0.07189814814814816,-0.07120370370370366,0.33239745633488016,0.4626808412732276,0.19759362818968182,0.5925512374962651,0.0027458209906693343,0.0006944444444444975,0.01506226940548551,0.2611937304449823,0.1149350417436498,0.11320305808951579,0.0,0.9999999987499999,0.6246936042854642,0.29946505027363973,0.3406558006945043,0.40849128547285196,fearful,06,09,09,male,strong,1061
20,0.6673333333333333,True,1.0,0.6235489220563843,0.6255320955627711,0.6245405088095777,1.0019926788076736,-0.07199074074074069,-0.06939814814814815,0.3372192918063065,0.4392694634551607,0.1989565343444457,0.6232984751472964,0.0019831735063867706,0.0025925925925925353,0.009656112386706052,0.27730856647064195,0.11529125241459945,0.11267128893794753,0.0,0.9999999987499999,0.6237052443633704,0.30023271859816214,0.33830558706166863,0.40620918720619487,fearful,06,09,09,male,strong,1061
30,1.0010000000000001,True,1.0,0.6565908334060413,0.6546266116354588,0.6556087225207501,0.9906996478344781,-0.07009259259259254,-0.06847222222222221,0.33247652190027815,0.4402934049825161,0.19549044748619462,0.6617633547703516,0.0019642217705825304,0.0016203703703703276,0.018659388793790796,0.294631113470912,0.11329545015912657,0.11300439695891482,0.0,0.9999999987499999,0.6275108855339011,0.29824366114777484,0.33274979406678873,0.4082267673343269,fearful,06,09,09,male,strong,1061
40,1.3346666666666667,True,1.0,0.7104648693247072,0.7130035684049331,0.7117342188648201,0.7333265787148328,-0.06722222222222224,-0.06550925925925932,0.3403207157342799,0.35083453589641317,0.19276682045388732,0.9705556017240592,0.002538699080225859,0.0017129629629629162,0.02092233033493699,0.3827321098998015,0.11390215942209135,0.1105124762879634,0.0,0.9999999987499999,0.6317653980029512,0.3034457046889619,0.31783925446389916,0.3805210699899147,fearful,06,09,09,male,strong,1061
50,1.6683333333333334,True,1.0,0.670203246321495,0.7128156437808318,0.6915094450511634,1.0826062803712422,-0.06768518518518513,-0.06550925925925932,0.3254517315632574,0.4361358603560175,0.19202458231349862,0.6387450891325277,0.04261239745933687,0.0021759259259258035,0.02143275013099421,0.2601786832266842,0.1156857938686825,0.11158527475253273,0.0,0.9999999987499999,0.6269113736666541,0.30112001772555225,0.3246805040676597,0.38520559585418107,fearful,06,09,09,male,strong,1061
60,2.0020000000000002,True,1.0,0.6047474216331052,0.5951793746480577,0.5999633981405814,0.7545296907484125,-0.0700925925925926,-0.0662962962962963,0.3318350113938221,0.25929837254736704,0.1972690246162261,0.7951488264769039,0.00956804698504754,0.0037962962962962976,0.026513691012384457,0.37547514469076865,0.11418777011867651,0.11528651663081313,0.0,0.9999999987499999,0.6272089368794393,0.29840797698973964,0.33091599003322164,0.4020091762595957,fearful,06,09,09,male,strong,1061
70,2.3356666666666666,True,1.0,0.6558697762317492,0.6309142064058397,0.6433919913187944,1.3201872613824512,-0.07305555555555554,-0.06837962962962968,0.30715660770657605,0.6260961681960492,0.19445072224488813,0.4873490376244489,0.024955569825909518,0.004675925925925861,0.021446165452323272,0.23071524319163358,0.116563257912504,0.11322121074398857,0.0,0.9999999987499999,0.6299589824445403,0.2975602407577257,0.3322878860131613,0.4052723545259009,fearful,06,09,09,male,strong,1061
80,2.6693333333333333,True,1.0,0.652964836949936,0.6288901878171598,0.6409275123835478,1.2462460980343761,-0.07208333333333333,-0.06972222222222219,0.31583060893925863,0.6479750778816206,0.18194444444444446,0.5142864747134949,0.024074649132776238,0.002361111111111147,0.01844597747721265,0.2328558091749219,0.11770859566651096,0.11355024302880158,0.0,0.9999999987499999,0.6357257196159714,0.3005594031819481,0.3278397444021444,0.39255787825748456,fearful,06,09,09,male,strong,1061
90,3.003,True,1.0,0.5785895186082126,0.5699673228774607,0.5742784207428366,1.3170026298802067,-0.07226851851851857,-0.0725925925925926,0.31764271669124666,0.65843621399177,0.1826894273605715,0.436049562630769,0.008622195730751958,0.0003240740740740322,0.005898046203811465,0.2109166462355844,0.11539605433986307,0.11540541575176846,0.0,0.9999999987499999,0.631059607702456,0.302300602237086,0.3259097684026998,0.3930665576461963,fearful,06,09,09,male,strong,1061
0,0.0,True,1.0,0.6577884929166277,0.6554594012770005,0.656623947096814,1.3027835614066554,-0.0674074074074073,-0.06944444444444442,0.32329512559425416,0.6594689749025809,0.18851450800021335,0.5040161440077099,0.0023290916396271344,0.002037037037037115,0.011827267027904763,0.23501878280525748,0.11386682063744412,0.11344083745242338,0.0,0.9999999987499999,0.6336736762751977,0.30320521902923664,0.3181300776050221,0.38963783699628357,fearful,06,09,09,male,strong,1062
10,0.33366666666666667,True,1.0,0.5772429631717348,0.5732410947176829,0.5752420289447089,1.212582356364094,-0.06759259259259254,-0.07134259259259251,0.32563543088078156,0.6062745727079284,0.18745787849919715,0.47439419345467104,0.004001868454051927,0.0037499999999999756,0.005015138209062686,0.22551477491299665,0.10501926640954232,0.11623207779982618,0.0,0.9999999987499999,0.663020114280087,0.32366022087616236,0.3121442329824288,0.4353365900337909,fearful,06,09,09,male,strong,1062
20,0.6673333333333333,True,1.0,0.6972583558942924,0.6812843791583607,0.6892713675263266,1.080725008154024,-0.07018518518518507,-0.07069444444444445,0.3227782940550202,0.5806062220285461,0.18736383965078582,0.6377860809417785,0.015973976735931705,0.0005092592592593759,0.010452188769506755,0.2857974147810324,0.11390606217479425,0.11119592675103174,0.0,0.9999999987499999,0.6306490041329031,0.30170186050243863,0.32894348595761186,0.3892124171880122,fearful,06,09,09,male,strong,1062
30,1.0010000000000001,True,1.0,0.5927866599309705,0.5819762488305401,0.5873814543807553,0.9611772216683725,-0.06675925925925924,-0.06768518518518513,0.32286654324757635,0.4805667707200383,0.1845349375046438,0.6111062987543571,0.01081041110043035,0.0009259259259258856,0.014976799211040843,0.29602299250603575,0.10382177203448786,0.11795082733091979,0.0,0.9999999987499999,0.6605781741681047,0.32306851867999936,0.3042494490762104,0.42906903475803626,fearful,06,09,09,male,strong,1062
40,1.3346666666666667,True,1.0,0.6156287516530938,0.6546266116354581,0.6351276816442759,0.8866656378575671,-0.07388888888888889,-0.07069444444444445,0.3431813340457281,0.435504859239766,0.193410901017566,0.71631024653095,0.03899785998236427,0.003194444444444444,0.014452579487556108,0.35068825179732016,0.11299336617131459,0.11092743887191583,0.0,0.9999999987499999,0.6336415602256527,0.2999442305227175,0.32651656111086313,0.38630751046292605,fearful,06,09,09,male,strong,1062
50,1.6683333333333334,True,1.0,0.601803451193401,0.5808924158127613,0.5913479335030811,0.6671205194479588,-0.07574074074074072,-0.06837962962962962,0.3333333333333333,0.3888399073547342,0.19405847419334724,0.8864184450396169,0.020911035380639653,0.007361111111111096,0.004484395111208493,0.41484386158217296,0.10613493875166062,0.11718175785111394,0.0,0.9999999987499999,0.6630676354526187,0.3203104725747891,0.30630316662412577,0.42446556997778034,fearful,06,09,09,male,strong,1062
60,2.0020000000000002,True,1.0,0.6289229645135792,0.6125793602866091,0.6207511624000941,0.9508429405947103,-0.0791203703703704,-0.06976851851851851,0.332971724523224,0.3643457208009961,0.19260883806186538,0.6528430047677923,0.01634360422697012,0.009351851851851889,0.012319722144665679,0.31905926694558556,0.10105524849613831,0.11889600178107225,0.0,0.9999999987499999,0.66383794971895,0.32252944969367847,0.30037904913587904,0.4239816237347981,fearful,06,09,09,male,strong,1062
70,2.3356666666666666,True,1.0,0.5973268351577367,0.5914286466028668,0.5943777408803017,0.9047561694758104,-0.08050925925925934,-0.07092592592592589,0.33418804149881054,0.4599830581752969,0.19387754118660183,0.6569479832612437,0.005898188554869899,0.009583333333333444,0.014294449440641918,0.33929607696095293,0.1058389011143059,0.11744920863097179,0.0,0.9999999987499999,0.6634341388664842,0.32154035930291786,0.30033680270458096,0.4185138320761351,fearful,06,09,09,male,strong,1062
80,2.6693333333333333,True,1.0,0.6018124052151396,0.6125793602866102,0.6071958827508749,1.0631064029588395,-0.07824074074074078,-0.06912037037037033,0.3272085819045894,0.5235457727737648,0.1862295453986906,0.571152502760708,0.01076695507147063,0.009120370370370445,0.01958871681927879,0.2857974147810324,0.10494416793989433,0.11873172724527124,0.0,0.9999999987499999,0.663974637878589,0.32282850164773164,0.3025465220798875,0.4171250074539636,fearful,06,09,09,male,strong,1062
90,3.003,True,1.0,0.5743506689810526,0.5600447307398757,0.5671976998604642,1.1801131618570693,-0.07976851851851852,-0.07023148148148145,0.3263368510195772,0.5818181818181823,0.189686327334834,0.4806299244793619,0.014305938241176874,0.009537037037037066,0.009486860779859455,0.25421290914839845,0.10691746131874483,0.11646821911056131,0.0,0.9999999987499999,0.6651833931150586,0.32305601475806883,0.3053424526369064,0.4187296421180188,fearful,06,09,09,male,strong,1062
0,0.0,True,1.0,0.5558749861304628,0.6005964332609226,0.5782357096956927,1.2480552979171256,-0.07087962962962957,-0.0723611111111111,0.3299733092898628,0.5752639868676432,0.1887268618112976,0.4633093667089174,0.04472144713045978,0.001481481481481528,0.009209539969283682,0.23514834552832062,0.1144928015161498,0.1114497342518182,0.0,0.9999999987499999,0.632162074306285,0.30430545967418016,0.3161412396793781,0.3836238801200755,fearful,06,09,09,male,strong,1063
10,0.33366666666666667,True,1.0,0.5278054288657607,0.561277040908659,0.5445412348872098,1.2831679699363225,-0.0728240740740741,-0.07541666666666669,0.32540371907452775,0.6330616087348069,0.19093230722389617,0.4243725277168762,0.03347161204289839,0.002592592592592591,0.009186514414559435,0.23617864361289648,0.11908369706266814,0.10952846692371772,0.0,0.9999999987499999,0.6253443383525285,0.3030619619588374,0.32662799486250693,0.38913844929984154,fearful,06,09,09,male,strong,1063
20,0.6673333333333333,True,1.0,0.5361766789119324,0.5437161939882581,0.5399464364500952,0.9864001843566023,-0.07523148148148145,-0.07898148148148143,0.32900703792483044,0.5090244353905824,0.1942473317706187,0.5473908511100748,0.007539515076325665,0.0037499999999999756,0.01461730288612529,0.31373953223535095,0.11698316726091176,0.11039709674480264,0.0,0.9999999987499999,0.6242169362041692,0.30341689713630965,0.33068526311687374,0.38849282400319446,fearful,06,09,09,male,strong,1063
30,1.0010000000000001,True,1.0,0.615482938478843,0.6514264587997247,0.6334546986392838,1.245733720391022,-0.06930555555555562,-0.07245370370370369,0.31460446341796333,0.5978008865846564,0.19019444381847336,0.5084992789955541,0.03594352032088177,0.0031481481481480666,0.004497439781399565,0.23244117077327933,0.11030858048402664,0.11292474828022783,0.0,0.9999999987499999,0.63317771459365,0.30075337935500884,0.31655102624239445,0.3808563601597363,fearful,06,09,09,male,strong,1063
40,1.3346666666666667,True,1.0,0.5136907439465346,0.5277039510256395,0.520697347486087,1.0101709952322753,-0.07472222222222225,-0.07699074074074075,0.3180576498406227,0.5294379677424135,0.18490427426774558,0.5154546605907643,0.014013207079104917,0.002268518518518503,0.018301015550040326,0.2997799518326036,0.11957819058765298,0.1120907639552436,0.0,0.9999999987499999,0.633438792681135,0.2975789383345987,0.33359738746449213,0.3943202363309837,fearful,06,09,09,male,strong,1063
50,1.6683333333333334,True,1.0,0.568567701130859,0.5535985432062606,0.5610831221685597,0.9211366849790444,-0.07671296296296304,-0.07833333333333331,0.32058660733949323,0.4928649295051659,0.1882528129298553,0.6091203741183364,0.014969157924598409,0.001620370370370272,0.013829794480183314,0.32564203867838043,0.11891971461302536,0.11295790566521781,0.0,0.9999999987499999,0.6333544634885204,0.2984696134512194,0.3268548250877347,0.38376083142930156,fearful,06,09,09,male,strong,1063
60,2.0020000000000002,True,1.0,0.5363907655786103,0.5450946283651409,0.5407426969718756,0.8265381123931912,-0.0767592592592592,-0.07750000000000001,0.3538493881743379,0.3541591611351776,0.19168099612422096,0.6542259683660415,0.00870386278653057,0.0007407407407408195,0.016907534635640698,0.3519447109457912,0.11312195948391604,0.11435035056175785,0.0,0.9999999987499999,0.6365686134141156,0.29826727854904095,0.32934091374159224,0.39178732735365396,fearful,06,09,09,male,strong,1063
70,2.3356666666666666,True,1.0,0.5784708328797517,0.5427688877244653,0.5606198603021084,1.2289549282866,-0.07703703703703701,-0.07717592592592598,0.31286959206232773,0.6808287874991911,0.18681209006022537,0.4561760951507966,0.03570194515528635,0.0001388888888889661,0.021145434896444767,0.25081561174498146,0.12124167153298311,0.11217345289971413,0.0,0.9999999987499999,0.6352787855532838,0.29785555909794026,0.3349887757626246,0.39872827480808365,fearful,06,09,09,male,strong,1063
80,2.6693333333333333,True,1.0,0.6013789208098068,0.5319296528374923,0.5666542868236495,1.248738709520747,-0.07861111111111113,-0.07740740740740748,0.3224316025642651,0.6883356454606949,0.18373281708503184,0.45378130949518297,0.06944926797231454,0.0012037037037036513,0.020005859666843692,0.2383010676971463,0.11392805944485547,0.11504743886786477,0.0,0.9999999987499999,0.6418251853866547,0.29930737765113963,0.32753235433077416,0.395737777210352,fearful,06,09,09,male,strong,1063
90,3.003,True,1.0,0.6165905358604362,0.5288633151983527,0.5727269255293945,1.373050365304081,-0.0753240740740741,-0.07481481481481483,0.3177707238489281,0.7430462806065488,0.17833309333338815,0.4171201144559298,0.0877272206620835,0.0005092592592592649,0.024036981725512167,0.21869422917275785,0.11526846323346378,0.11403905119784973,0.0,0.9999999987499999,0.6393611066535989,0.3004746775009659,0.3292546793780592,0.393464645895398,fearful,06,09,09,male,strong,1063
0,0.0,True,1.0,0.32190817029616325,0.31938394743086057,0.32064605886351194,0.7212141199489485,-0.047314814814814754,-0.049537037037037046,0.411376694054192,0.0,0.20517407551075895,0.44459204277116626,0.0025242228653026832,0.002222222222222292,0.00204966240169688,0.42336265995667477,0.11581782467222998,0.11514770852352872,0.0,0.9999999987499999,0.6216404827477866,0.3038094262393899,0.3125736460226049,0.3894492709275428,disgust,07,09,09,male,normal,1064
10,0.33366666666666667,True,1.0,0.14036836465938257,0.1655700951351543,0.15296922989726844,0.6975499653804814,-0.06115740740740738,-0.06791666666666663,0.41633819937714983,-0.025364126814099518,0.20648106434160166,0.2192950146787417,0.025201730475771733,0.006759259259259243,0.014636692494627292,0.42990759976851334,0.11623553170179744,0.11538838871435231,0.0,0.9999999987499999,0.6215663172456483,0.30520653433638173,0.31220918852415114,0.3831339880359553,disgust,07,09,09,male,normal,1064
20,0.6673333333333333,True,1.0,0.2945334371433914,0.2879563513373879,0.2912448942403897,0.7116448244485339,-0.0508796296296295,-0.056111111111111056,0.43032127021082395,-0.012484389034253886,0.20136391203472068,0.4092559718481484,0.006577085806003524,0.005231481481481559,0.008417499111372104,0.42757280255845664,0.11572315762663929,0.11424662093039797,0.0,0.9999999987499999,0.6159021447407086,0.30551230155398845,0.31135115939312774,0.3895703784430818,disgust,07,09,09,male,normal,1064
30,1.0010000000000001,True,1.0,0.31198564735839013,0.32814196447111166,0.3200638059147509,0.7060116545913918,-0.049861111111111134,-0.05162037037037048,0.4296031266729722,0.0063036754874231235,0.19980104699815426,0.45334068330641036,0.01615631711272153,0.0017592592592593492,0.008926098152177849,0.43191964285714285,0.11037517707262426,0.11370057927026082,0.0,0.9999999987499999,0.6447683859403136,0.299631038126019,0.30016775518902805,0.38590277089722513,disgust,07,09,09,male,normal,1064
40,1.3346666666666667,True,1.0,0.31198564735839013,0.3461758112041224,0.32908072928125626,0.6125419523591766,-0.0467129629629629,-0.04847222222222225,0.408430320205973,-0.013031874219771875,0.20152560332726177,0.5372378626701685,0.03419016384573226,0.0017592592592593492,0.011567009517111393,0.49111738260224674,0.11561238595094775,0.11502317857494165,0.0,0.9999999987499999,0.6324674428286939,0.2998383358226161,0.30879802253183525,0.3815898120298523,disgust,07,09,09,male,normal,1064
50,1.6683333333333334,True,1.0,0.19092696351021807,0.21479627299500992,0.202861618252614,0.6149597481750471,-0.0507407407407407,-0.05449074074074073,0.3802967924914004,0.027952715826139517,0.20214712702540868,0.329877880389124,0.02386930948479185,0.003750000000000031,0.007697438903274534,0.5241477272727283,0.11452715793635947,0.11708419694843974,0.0,0.9999999987499999,0.6390756563328457,0.30129292079621395,0.3029302250324167,0.37419925846496727,disgust,07,09,09,male,normal,1064
60,2.0020000000000002,True,1.0,0.27955517651184253,0.29709497372011956,0.28832507511598104,0.671508670629298,-0.049398148148148135,-0.05370370370370364,0.37771927527797056,0.02097888472545938,0.20492404007142417,0.42936910233159004,0.01753979720827703,0.004305555555555507,0.021703810759903228,0.492052372333985,0.11318199359307744,0.11512139877267503,0.0,0.9999999987499999,0.636643045241534,0.30310953462685913,0.3064061600385819,0.377110918353016,disgust,07,09,09,male,normal,1064
70,2.3356666666666666,True,1.0,0.3426380965360153,0.35666571701538907,0.3496519067757022,0.7189329649390191,-0.048333333333333284,-0.0528703703703704,0.3778083807217484,0.07753198641499201,0.20284135306689666,0.4863484133118866,0.014027620479373781,0.004537037037037117,0.014123932762989207,0.44291596070888317,0.11787909516241464,0.11320506243863906,0.0,0.9999999987499999,0.6379130827174619,0.30253370850453515,0.31356812514843363,0.38257826800763356,disgust,07,09,09,male,normal,1064
80,2.6693333333333333,True,1.0,0.32323232323232337,0.3210707896478741,0.32215155644009874,0.7539352950958443,-0.04768518518518522,-0.0494444444444444,0.39372395663104015,0.05385252107827444,0.2069890485537468,0.42729337455828365,0.00216153358444926,0.0017592592592591827,0.008499976334629133,0.42187500000000056,0.11259253853533815,0.11733311497801635,0.0,0.9999999987499999,0.6323220931106818,0.30389809836294257,0.3108115349773033,0.38430245547310227,disgust,07,09,09,male,normal,1064
90,3.003,True,1.0,0.17370890312382425,0.19494877158679874,0.1843288373553115,0.7543498372007811,-0.05819444444444438,-0.06449074074074068,0.4048089200556623,0.0063901819984457315,0.21122816978596964,0.24435457961960125,0.021239868462974487,0.0062962962962963,0.033372378639116074,0.4006184496525528,0.11347881079450178,0.11614857386071352,0.0,0.9999999987499999,0.6198071543304822,0.30911097494542183,0.3119907019765083,0.3893448356755909,disgust,07,09,09,male,normal,1064
100,3.336666666666667,True,1.0,0.20547496387465217,0.21818834320629496,0.21183165354047356,0.6757898501842182,-0.05430555555555555,-0.0633333333333333,0.3925954743022732,-0.03309476182442436,0.21326457363692122,0.3134578796688481,0.012713379331642793,0.009027777777777746,0.04087096753727456,0.4534620193130253,0.11612275900769169,0.11599567131086136,0.0,0.9999999987499999,0.615653434717637,0.3116926420368467,0.3123134600611052,0.38695512282560973,disgust,07,09,09,male,normal,1064
0,0.0,True,1.0,0.37056557569971854,0.3841467598094476,0.3773561677545831,0.5968514947743204,-0.0505092592592592,-0.051712962962962905,0.4095429910766762,0.05304932188577033,0.20344038979405318,0.6322446555943833,0.013581184109729083,0.0012037037037037068,0.008995460258660853,0.5019322102144669,0.11512772728704866,0.11434786474369471,0.0,0.9999999987499999,0.6261696134156787,0.3005007953409829,0.31091365964659146,0.3863132791956366,disgust,07,09,09,male,normal,1065
10,0.33366666666666667,True,1.0,0.18422473709455697,0.15965103604374525,0.1719378865691511,0.5736871070984413,-0.06523148148148156,-0.06550925925925932,0.39873061755140893,0.033342492199361626,0.20634467524023967,0.2997067294030151,0.02457370105081172,0.0002777777777777657,0.02095681537556024,0.5497224629043025,0.11538182144038897,0.11558459486927018,0.0,0.9999999987499999,0.6297654159632603,0.29965466115636835,0.30955107350571626,0.37919882920666825,disgust,07,09,09,male,normal,1065
20,0.6673333333333333,True,1.0,0.34895996218338093,0.3175512597527725,0.3332556109680767,0.5512575512587025,-0.05037037037037029,-0.05291666666666661,0.382913378733408,0.05510396538521498,0.20764476777723612,0.6045370448117118,0.03140870243060845,0.0025462962962963243,0.0022262208715977034,0.5903915416909938,0.1141771883823536,0.1157916631611591,0.0,0.9999999987499999,0.6315295032466112,0.30159450183376374,0.3054637586245558,0.3811186119225802,disgust,07,09,09,male,normal,1065
30,1.0010000000000001,True,1.0,0.28569650083560993,0.31850201695108893,0.30209925889334943,0.7652069077089986,-0.046944444444444455,-0.04930555555555555,0.38668934030566804,0.17079649730172575,0.20020169578237992,0.3947942129767536,0.032805516115478994,0.0023611111111110916,0.005466284060812415,0.432266818955284,0.11271779197992014,0.11639724755378295,0.0,0.9999999987499999,0.6405336794248949,0.30098326881937304,0.30913469890952416,0.3846250290496906,disgust,07,09,09,male,normal,1065
40,1.3346666666666667,True,1.0,0.2027452679196775,0.22699197024489173,0.2148686190822846,0.6348574463595431,-0.05115740740740743,-0.05370370370370375,0.37797998550090656,0.11991751764569217,0.19810315364351708,0.3384517584449921,0.024246702325214226,0.0025462962962963243,0.00532122975374222,0.5125000000000002,0.12286105632101087,0.1098784576182926,0.0,0.9999999987499999,0.5952677695375025,0.28064766837452154,0.3365004932755364,0.34216399761001326,disgust,07,09,09,male,normal,1065
50,1.6683333333333334,True,1.0,0.2614424427208177,0.26984346359308736,0.2656429531569525,0.8353248865507973,-0.04916666666666675,-0.05467592592592602,0.3760272487696735,0.20520779073569526,0.19807080072715028,0.31801153950271827,0.008401020872269682,0.005509259259259269,0.012358490719006994,0.4016917463367709,0.11324833811751972,0.11538683606880364,0.0,0.9999999987499999,0.6354228646224115,0.3081503018150856,0.3157139974123216,0.38482637914390155,disgust,07,09,09,male,normal,1065
60,2.0020000000000002,True,1.0,0.2288483387806297,0.2534100874712081,0.2411292131259189,0.73068512380112,-0.04981481481481481,-0.05439814814814814,0.37375772327057516,0.17904593529294516,0.20221957827971743,0.33000427307392416,0.024561748690578367,0.004583333333333328,0.01406097154905897,0.4631226320077257,0.1110755497322941,0.11584684199499622,0.0,0.9999999987499999,0.6312268829641232,0.3094775296090408,0.3063414335053175,0.37142140910196403,disgust,07,09,09,male,normal,1065
70,2.3356666666666666,True,1.0,0.26628888089494757,0.2987075377920281,0.2824982093434878,0.6716472139688401,-0.0490740740740741,-0.05342592592592593,0.3614273057229736,0.12685678567261682,0.20297671333094955,0.42060504900209983,0.03241865689708051,0.004351851851851829,0.006441834025417913,0.48796810553994185,0.11746072012261972,0.11330330344200966,0.0,0.9999999987499999,0.6289582364195677,0.309146579795043,0.3125366686750356,0.37625695678888255,disgust,07,09,09,male,normal,1065
80,2.6693333333333333,True,1.0,0.17169811321228126,0.16709533414746422,0.16939672367987274,0.780959515558946,-0.05902777777777779,-0.062361111111111034,0.3777097082149509,0.15619190311178968,0.20638349432189484,0.21690845723114419,0.004602779064817042,0.0033333333333332438,0.00602891715448296,0.4197121824723489,0.11200938033838054,0.11707911249604,0.0,0.9999999987499999,0.6375476847379578,0.3034807741591627,0.30447319485345264,0.38002576875587274,disgust,07,09,09,male,normal,1065
90,3.003,True,1.0,0.32876642464363154,0.33735600535105836,0.333061214997345,0.8286374444125834,-0.04962962962962958,-0.054675925925925906,0.36765760095590366,0.1428416570373255,0.20774505067366342,0.40193840773566575,0.008589580707426825,0.0050462962962963265,0.01821995664674358,0.3979280832050928,0.11681574522076452,0.11463488475050437,0.0,0.9999999987499999,0.631685642460109,0.30410116521217456,0.3090548950419055,0.3847148804978114,disgust,07,09,09,male,normal,1065
100,3.336666666666667,True,1.0,0.3550274211408754,0.348081976731325,0.3515546989361002,0.7702723263632079,-0.050185185185185166,-0.05384259259259261,0.38406559653410594,0.144360532511301,0.20626812479547255,0.45640312770412444,0.006945444409550361,0.0036574074074074425,0.012135242796821448,0.433197048731378,0.11416962094675565,0.11579912459665699,0.0,0.9999999987499999,0.6306836705228966,0.3030215056919291,0.31398110414730457,0.39722514647314877,disgust,07,09,09,male,normal,1065
0,0.0,True,1.0,0.3175844610706645,0.32893138734199917,0.3232579242063318,0.7657917024343164,-0.048472222222222194,-0.05634259259259261,0.4063410690080911,0.0813796182122321,0.20943819171039071,0.4221225212792879,0.011346926271334656,0.007870370370370416,0.052999544549872823,0.4163586120388426,0.11398244711554549,0.11466171886736268,0.0,0.9999999987499999,0.6234477345703906,0.3049003450678317,0.31957527419570814,0.3982756665356852,disgust,07,09,09,male,normal,1066
10,0.33366666666666667,True,1.0,0.1654973280017483,0.15288139607467593,0.1591893620382121,0.5882857521474318,-0.058611111111111114,-0.068425925925926,0.4191128338064221,0.018282526687921585,0.20513631780183,0.270598703873279,0.01261593192707236,0.009814814814814887,0.04920919790578555,0.544118976943105,0.1109584032618667,0.11579463435804423,0.0,0.9999999987499999,0.6255322467737094,0.3026869750552366,0.3067861879319031,0.37707720036659187,disgust,07,09,09,male,normal,1066
20,0.6673333333333333,True,1.0,0.26024006049870807,0.26557187173906066,0.2629059661188844,0.6751016698127141,-0.05083333333333323,-0.05773148148148144,0.409984059994679,0.09716599190283366,0.20093461171075694,0.3894316632216588,0.005331811240352591,0.006898148148148209,0.02717485716663382,0.4728555486428446,0.11491566879121516,0.11288568267481114,0.0,0.9999999987499999,0.6296209395008002,0.3025385641900274,0.30449552917490824,0.3810557449818889,disgust,07,09,09,male,normal,1066
30,1.0010000000000001,True,1.0,0.35142999140287706,0.35226092505248613,0.3518454582276816,0.7727138616106397,-0.04944444444444446,-0.053194444444444544,0.4079590843270605,0.1047699994586418,0.19625037167240889,0.45533731916533404,0.0008309336496090669,0.0037500000000000866,0.002266883583886905,0.3941651956952857,0.10668489194358304,0.11116246290620774,0.0,0.9999999987499999,0.636832876048857,0.31195758867779017,0.30098268824120433,0.3920266813197556,disgust,07,09,09,male,normal,1066
40,1.3346666666666667,True,1.0,0.20577624734378513,0.23230270840650005,0.2190394778751426,0.559766039714114,-0.04962962962962969,-0.05277777777777776,0.3798508111722744,0.027985534998062292,0.2016069820043473,0.3913054067856838,0.026526461062714918,0.0031481481481480666,0.005512709804406029,0.590566609459635,0.11293932150290134,0.11716208094057923,0.0,0.9999999987499999,0.6417238651945152,0.2987625038000629,0.3072831301303743,0.3753090103875532,disgust,07,09,09,male,normal,1066
50,1.6683333333333334,True,1.0,0.2228398715047464,0.24897144671365717,0.2359056591092018,0.6377826305760179,-0.04592592592592598,-0.050277777777777755,0.3794152145612473,0.07620535854614197,0.19607667346241126,0.36988410753071455,0.026131575208910768,0.0043518518518517735,0.026342404064951183,0.5137012915253195,0.11621075265129183,0.11508271874455786,0.0,0.9999999987499999,0.6329745137664441,0.30876776331261774,0.3129544742314043,0.3714446051797163,disgust,07,09,09,male,normal,1066
60,2.0020000000000002,True,1.0,0.31434733693329575,0.32112479439925845,0.3177360656662771,0.6650843111313466,-0.046157407407407425,-0.05023148148148149,0.3823661201102442,0.07463265289313535,0.20193519129157186,0.4777380256133088,0.0067774574659627,0.004074074074074063,0.02689885418052752,0.48201583279542304,0.12263859156208123,0.10873389024734757,0.0,0.9999999987499999,0.5917968186962285,0.2791816042464962,0.33976730463831006,0.3424949476833198,disgust,07,09,09,male,normal,1066
70,2.3356666666666666,True,1.0,0.16205132066458314,0.14723047188005994,0.15464089627232153,0.70488084164344,-0.057870370370370405,-0.06361111111111117,0.3748430530891106,0.04933853680954041,0.20390521527810881,0.21938586940705326,0.014820848784523194,0.0057407407407407685,0.025916420720771233,0.46122081429377054,0.11301410379919323,0.11462328158497866,0.0,0.9999999987499999,0.6333942272924795,0.3017267440608617,0.3055590639949165,0.3713810047287175,disgust,07,09,09,male,normal,1066
80,2.6693333333333333,True,1.0,0.38980788675648215,0.36041732919074304,0.37511260797361257,0.5120136100546281,-0.045555555555555516,-0.049861111111111134,0.402655223598831,-0.05739758274018838,0.21174764762242432,0.7326223377804172,0.029390557565739106,0.004305555555555618,0.03979223626059941,0.6107303767239364,0.1119934506023095,0.11725694365725452,0.0,0.9999999987499999,0.6241402666691678,0.30409488592630324,0.30692535336804266,0.3859820341966364,disgust,07,09,09,male,normal,1066
90,3.003,True,1.0,0.2664755677442142,0.2234801337276829,0.24497785073594858,0.6328115578562838,-0.04986111111111108,-0.054398148148148084,0.4340200692874185,-0.02337540583660722,0.20762499391013925,0.38712606888192275,0.0429954340165313,0.004537037037037006,0.05194638041937043,0.48505614115078605,0.11525357436022889,0.11405409861828242,0.0,0.9999999987499999,0.6259668607052196,0.30541898927527444,0.3160493181250498,0.39326803936683624,disgust,07,09,09,male,normal,1066
100,3.336666666666667,True,1.0,0.288580330074122,0.29343097043960786,0.2910056502568649,0.8081411569131919,-0.04662037037037031,-0.051296296296296284,0.40139580406743397,0.051180154136783194,0.20723327916304787,0.3600925998725293,0.004850640365485881,0.004675925925925972,0.04707722470379512,0.40850844762736116,0.10988821729144423,0.11632038711203917,0.0,0.9999999987499999,0.6239810441989295,0.3064060456019649,0.3158676086350392,0.403941905249999,disgust,07,09,09,male,normal,1066
0,0.0,True,1.0,0.20071341767182757,0.2143321695013683,0.20752279358659792,0.7594974246966202,-0.05851851851851858,-0.05949074074074068,0.40868818010153074,0.10941912050714078,0.1937187336707651,0.2732369944104715,0.013618751829540726,0.0009722222222220966,0.0008289737327452643,0.39125711925388473,0.11723679479611271,0.1130304447767804,0.0,0.9999999987499999,0.6103252399162791,0.31175599679139404,0.31353329548037184,0.37854192168780665,disgust,07,09,09,male,normal,1067
10,0.33366666666666667,True,1.0,0.27609975632577,0.2769329724409093,0.27651636438333965,0.6242261166400194,-0.05120370370370375,-0.05495370370370373,0.39100826247169707,0.1392952463793241,0.19227022976618158,0.4429746801875673,0.0008332161151393125,0.0037499999999999756,0.013860907814290195,0.47390813482578775,0.11328793810540469,0.11233556893718234,0.0,0.9999999987499999,0.6170765312922044,0.3134204979289001,0.2966907369172414,0.3617749513475461,disgust,07,09,09,male,normal,1067
20,0.6673333333333333,True,1.0,0.28921867598289475,0.32183077977637603,0.30552472787963536,0.6664691606829309,-0.04986111111111108,-0.05356481481481484,0.40915056158567575,0.0878462985626669,0.19938633810529055,0.45842290371930217,0.032612103793481284,0.0037037037037037646,0.03138378212811702,0.4487177376697949,0.11189909232959495,0.11847803417630749,0.0,0.9999999987499999,0.6182535936640281,0.29986431664866614,0.294421504928314,0.3704209058577963,disgust,07,09,09,male,normal,1067
30,1.0010000000000001,True,1.0,0.2752136883540242,0.3229214801786562,0.29906758426634017,0.7132321630123112,-0.04611111111111099,-0.05537037037037035,0.38398388968497876,0.1033061593152132,0.19527293194877554,0.41931309295312574,0.04770779182463197,0.009259259259259356,0.07104169878764947,0.4372118843002991,0.11081333252838221,0.11494323055034418,0.0,0.9999999987499999,0.6282560406662665,0.2958723060319813,0.31375173780591764,0.3894689494821715,disgust,07,09,09,male,normal,1067
40,1.3346666666666667,True,1.0,0.289464176522719,0.33908873991448674,0.31427645821860284,0.5914389899576685,-0.050138888888888844,-0.059027777777777846,0.37556730616944173,0.08054552974489282,0.18897766819389822,0.5313759551785667,0.04962456339176774,0.008888888888889002,0.04982172306143905,0.5127099514824155,0.11131642251660806,0.11412268441789379,0.0,0.9999999987499999,0.6334074958420869,0.3007786054951062,0.30223030571577403,0.35892590654419987,disgust,07,09,09,male,normal,1067
50,1.6683333333333334,True,1.0,0.32323110880626155,0.35047645052512494,0.33685377966569324,0.8024708009342579,-0.0496759259259259,-0.05662037037037043,0.3847032266732176,0.1640992256181562,0.185069245956025,0.4197707620931741,0.02724534171886339,0.006944444444444531,0.04680518313188288,0.3804672698795554,0.11345635285882225,0.11698763799187953,0.0,0.9999999987499999,0.6332560558051346,0.30320928112531015,0.31186302480137007,0.39020886397250054,disgust,07,09,09,male,normal,1067
60,2.0020000000000002,True,1.0,0.29719934610030047,0.35057344773929877,0.3238863969197996,0.6935043278738583,-0.0499074074074074,-0.057453703703703674,0.3806618850613392,0.1663577475806119,0.18581167143284738,0.46702865995482495,0.053374101638998306,0.007546296296296273,0.04448107398848249,0.44423950241566434,0.11262867426049972,0.11350123587415954,0.0,0.9999999987499999,0.6356728544933599,0.3001450131970435,0.30815691280687,0.3743962979336083,disgust,07,09,09,male,normal,1067
70,2.3356666666666666,True,1.0,0.3409193117563687,0.34067812099053607,0.3407987163734524,0.7433652806458506,-0.048842592592592604,-0.056481481481481466,0.37040271955658977,0.2087961543437604,0.1877541409174259,0.45845390583396584,0.00024119076583262178,0.007638888888888862,0.04966346268040272,0.3991839250387715,0.1176105017440533,0.11348408309992071,0.0,0.9999999987499999,0.6346187017306923,0.2998042202617422,0.3134708322649252,0.37514225117243677,disgust,07,09,09,male,normal,1067
80,2.6693333333333333,True,1.0,0.4052540843096424,0.4126104298564206,0.4089322570830315,0.7821177877727554,-0.04824074074074086,-0.054629629629629584,0.3802158815422944,0.19510976449405829,0.19876470665850143,0.5228525210346537,0.00735634554677822,0.006388888888888722,0.04743175528747526,0.38678142116319775,0.11511783004221267,0.11402414250087557,0.0,0.9999999987499999,0.621751586822229,0.305345684284352,0.32013009157648226,0.38132012561727996,disgust,07,09,09,male,normal,1067
90,3.003,True,1.0,0.3688914697765787,0.3777214953091588,0.37330648254286874,0.7741818716866466,-0.0537037037037037,-0.05791666666666673,0.3865182971990971,0.16111098524320247,0.19945861633822345,0.48219481260853664,0.008830025532580055,0.004212962962963029,0.037071823179279866,0.3853944658429103,0.10504928240306657,0.11783305974147558,0.0,0.9999999987499999,0.6495371057407339,0.32478335271397674,0.2926704421139303,0.4079634091694269,disgust,07,09,09,male,normal,1067
100,3.336666666666667,True,1.0,0.4443973179130129,0.4082976412350076,0.42634747957401026,0.6750753510244482,-0.0532407407407407,-0.05486111111111114,0.386719918901738,0.09731540789423851,0.2021139115208346,0.6315553944119193,0.03609967667800529,0.0016203703703704386,0.019832550829053656,0.4436927758345261,0.12037868549318143,0.11276165409875014,0.0,0.9999999987499999,0.6241805476331158,0.29638542136492946,0.32313374136386164,0.38775603599858655,disgust,07,09,09,male,normal,1067
0,0.0,True,1.0,0.2599483106023691,0.22393022541043858,0.24193926800640386,0.7207528656920948,-0.04597222222222214,-0.05254629629629615,0.40166838447333386,-0.012389539339974151,0.2318312479780551,0.33567576283458045,0.03601808519193053,0.00657407407407401,0.05024178719277875,0.4471715237446096,0.11456629861268684,0.11557165212056192,0.0,0.9999999987499999,0.6068918905843588,0.3027506285539875,0.3130563508149633,0.39859731087750033,disgust,07,09,09,male,strong,1068
10,0.33366666666666667,True,1.0,0.29446954455401975,0.26453932471446207,0.2795044346342409,0.7281773397454713,-0.04888888888888887,-0.05138888888888887,0.41313045437712076,0.012549471223239123,0.23009993588846728,0.3838411598085976,0.02993021983955768,0.0025000000000000022,0.02197512478013146,0.44466703620757336,0.10888953119886632,0.11741817023018586,0.0,0.9999999987499999,0.6107136397918542,0.3011652902771245,0.3008187843854329,0.3880928179068281,disgust,07,09,09,male,strong,1068
20,0.6673333333333333,True,1.0,0.2762992328305115,0.2945349303898063,0.2854170816101589,0.6599876696522637,-0.04944444444444446,-0.053796296296296287,0.43157493491765,-0.006110665425400428,0.22311459551855972,0.4324582029851259,0.018235697559294828,0.004351851851851829,0.008539191648155366,0.4437024413797345,0.11155906030887715,0.11538130096013959,0.0,0.9999999987499999,0.6233336339066877,0.3105224041357774,0.30280082834701766,0.3885512572181399,disgust,07,09,09,male,strong,1068
30,1.0010000000000001,True,1.0,0.10564967434993232,0.12186324309738239,0.11375645872365736,0.7327007769246325,-0.052222222222222225,-0.057222222222222174,0.4220867905626971,9.925180883844217e-16,0.22449679310818962,0.15525636427072964,0.01621356874745007,0.004999999999999949,0.022214594879236913,0.4531106575026414,0.10669319850364462,0.11651028728102177,0.0,0.9999999987499999,0.6056884881139956,0.31345378286613895,0.3017923059587208,0.37803868832916365,disgust,07,09,09,male,strong,1068
40,1.3346666666666667,True,1.0,0.1476843761678861,0.148137704003079,0.14791104008548256,0.604008556962393,-0.05388888888888882,-0.060092592592592586,0.36657813859836774,0.006849754419167124,0.22773284882517006,0.24488235866945152,0.00045332783519289044,0.006203703703703767,0.04719186382137889,0.5812365351752622,0.1107877639655133,0.11758943588368816,0.0,0.9999999987499999,0.6222711845206833,0.3038772114473543,0.31770012586029484,0.37953636516372413,disgust,07,09,09,male,strong,1068
50,1.6683333333333334,True,1.0,0.18489972245310463,0.1667267694657717,0.17581324595943815,1.0426890009135266,-0.05263888888888879,-0.057592592592592584,0.36474748064252094,0.18749427821602313,0.22374754561468532,0.16861523024161917,0.01817295298733293,0.004953703703703793,0.03625764248750396,0.3395185157460013,0.11288589512247614,0.11672491761122412,0.0,0.9999999987499999,0.6228452433864171,0.3012825620675359,0.3259109510300176,0.38511946657256746,disgust,07,09,09,male,strong,1068
60,2.0020000000000002,True,1.0,0.18110514070595315,0.2057357374230932,0.19342043906452316,0.8948744790760145,-0.04921296296296296,-0.05152777777777784,0.3594424226340974,0.07099631959626748,0.23417150132193826,0.21614253572661468,0.024630596717140046,0.0023148148148148806,0.02774013099920983,0.3939964078345042,0.11018928812694585,0.11750365555076421,0.0,0.9999999987499999,0.6079487557913791,0.30499020102384433,0.3041666940964013,0.37411697760286616,disgust,07,09,09,male,strong,1068
70,2.3356666666666666,True,1.0,0.24539817612121487,0.26127264547510676,0.2533354107981608,0.5624179693060027,-0.046712962962962956,-0.048611111111110994,0.3675554043579193,-0.02811811836886504,0.2348655208086191,0.4504397523264855,0.01587446935389189,0.0018981481481480378,0.017912584840230065,0.6347219790163096,0.11221317088043743,0.11573718725830226,0.0,0.9999999987499999,0.6111214658754127,0.3033990178878084,0.30440549481451545,0.3764854025564261,disgust,07,09,09,male,strong,1068
80,2.6693333333333333,True,1.0,0.2224588763165946,0.22358645515147862,0.22302266573403662,0.6463035967755636,-0.0475000000000001,-0.047962962962962874,0.3605244932091971,-0.07178908016951836,0.23625356727442043,0.34507415221995713,0.0011275788348840132,0.0004629629629627763,0.022231063489279997,0.5267133155891949,0.10995731771412966,0.11543275662215152,0.0,0.9999999987499999,0.5907187243569303,0.30689520339322823,0.2972671338507726,0.36809822670672593,disgust,07,09,09,male,strong,1068
90,3.003,True,1.0,0.19650401360315847,0.1903702476513354,0.19343713062724693,0.45384810131786313,-0.043333333333333224,-0.04805555555555552,0.3910752568899274,-0.1288580203025074,0.23793936795382478,0.42621557755899636,0.006133765951823078,0.004722222222222294,0.045623953494202805,0.716906163800279,0.11437711745928773,0.11460100750379838,0.0,0.9999999987499999,0.57808373021865,0.31069366677857135,0.29742811492992366,0.3692328915251234,disgust,07,09,09,male,strong,1068
100,3.336666666666667,True,1.0,0.23149140992128436,0.19658281201620523,0.21403711096874478,0.4580288494352591,-0.044166666666666576,-0.04888888888888898,0.3876896488050672,-0.10403602546011421,0.2346297845146063,0.46730050133883155,0.034908597905079136,0.004722222222222405,0.045597443483469065,0.7075530784713593,0.11545515608994873,0.11418423114166844,0.0,0.9999999987499999,0.584386506876188,0.30897505151982924,0.302882527774172,0.37970316139649657,disgust,07,09,09,male,strong,1068
0,0.0,True,1.0,0.25805252235150183,0.2581702736897487,0.25811139802062527,0.6158528366172634,-0.043333333333333335,-0.05097222222222225,0.4260645777601533,-0.006001380476282558,0.21394085053380232,0.4191121363317432,0.00011775133824687423,0.007638888888888917,0.06638302403390765,0.5101062453607735,0.11155341913258163,0.115221522646426,0.0,0.9999999987499999,0.6288878161577132,0.31138119199404646,0.29848792576866906,0.3910259032006713,disgust,07,09,09,male,strong,1069
10,0.33366666666666667,True,1.0,0.2746574562730844,0.2781363048857359,0.27639688057941014,0.7561715455548781,-0.045138888888888895,-0.055509259259259314,0.4211307276150269,0.023890498003143898,0.21959602711218795,0.365521398159184,0.003478848612651464,0.010370370370370419,0.0664636636973252,0.42438501986389654,0.11106247696499988,0.11602369889800909,0.0,0.9999999987499999,0.616496947583721,0.3094701589072809,0.3214555802734084,0.3988065351461789,disgust,07,09,09,male,strong,1069
20,0.6673333333333333,True,1.0,0.2680141095067129,0.2397942811950887,0.2539041953509008,0.7692773754385287,-0.04629629629629628,-0.05365740740740749,0.41141486796410914,-0.054808743622436644,0.22834013290160657,0.3300554565330379,0.0282198283116242,0.007361111111111207,0.05247288676008163,0.40850844762736166,0.11133448155087991,0.11609140195743534,0.0,0.9999999987499999,0.6063858841349039,0.3103155338618572,0.3183554181703144,0.39164439634954434,disgust,07,09,09,male,strong,1069
30,1.0010000000000001,True,1.0,0.247651987413312,0.25986919482523935,0.2537605911192757,0.808945640244627,-0.043749999999999956,-0.05023148148148149,0.3896186305648069,0.04489670750157017,0.2210384842165504,0.3136930079041379,0.012217207411927333,0.0064814814814815325,0.05354972043258518,0.42399656209853837,0.1118667838087554,0.11458524942625338,0.0,0.9999999987499999,0.6099610603772759,0.30728579865046846,0.3240307394267733,0.40295678529925927,disgust,07,09,09,male,strong,1069
40,1.3346666666666667,True,1.0,0.202249513436338,0.24433875249322065,0.22329413296477935,0.5322800997141282,-0.040509259259259356,-0.04879629629629628,0.37427360409922344,-0.020438326296295686,0.22744327784602844,0.4195049431393434,0.04208923905688264,0.008287037037036926,0.046325619473038995,0.6667971981807203,0.09898287383263561,0.11546205807115832,0.0,0.9999999987499999,0.6364682464939101,0.33050838716826153,0.29098179844192007,0.414994301800901,disgust,07,09,09,male,strong,1069
50,1.6683333333333334,True,1.0,0.1512538528625468,0.1603318987263449,0.15579287579444584,0.8208854050629883,-0.06097222222222215,-0.06902777777777774,0.36989112146234127,0.10927864165230203,0.22264391836248565,0.18978638776321222,0.009078045863798095,0.008055555555555594,0.05004942816092161,0.4293479914295042,0.11230480485160584,0.11515299040094204,0.0,0.9999999987499999,0.6074695396908762,0.3034333164711533,0.31886208193540505,0.38155805793121544,disgust,07,09,09,male,strong,1069
60,2.0020000000000002,True,1.0,0.26503191879106774,0.2708579804185185,0.2679449496047931,0.6669501551843632,-0.042175925925926006,-0.05046296296296299,0.3591155456732582,0.02715811090940151,0.23152824008719794,0.4017465885898562,0.0058260616274507515,0.008287037037036982,0.07383959002705359,0.5028675551742537,0.1142545739188866,0.11388980867353377,0.0,0.9999999987499999,0.5968921910404786,0.30123916045528,0.29859335461391656,0.36513596289537154,disgust,07,09,09,male,strong,1069
70,2.3356666666666666,True,1.0,0.26503191879106786,0.2446166602057902,0.25482428949842906,0.5414355190406448,-0.043842592592592655,-0.0492129629629629,0.35386546274585634,-0.020687187800501036,0.2306562987480002,0.47064568270279983,0.02041525858527765,0.005370370370370248,0.06812764944719099,0.613912191797517,0.11716509379056994,0.11242896649330157,0.0,0.9999999987499999,0.5899592875509578,0.30483065951987487,0.29930080871545495,0.3607149725848137,disgust,07,09,09,male,strong,1069
80,2.6693333333333333,True,1.0,0.2599483106023683,0.2271924894299827,0.2435704000161755,0.44875318030749467,-0.04402777777777772,-0.05004629629629631,0.3653687796179194,-0.047348054948563235,0.23235719950985495,0.5427714180193134,0.03275582117238557,0.00601851851851859,0.06878288727834868,0.7512502890549287,0.11360059185829095,0.11454213945335902,0.0,0.9999999987499999,0.5895015158641581,0.3038140452219291,0.28989511688238045,0.3537032558545498,disgust,07,09,09,male,strong,1069
90,3.003,True,1.0,0.29663449472983755,0.24918091167513778,0.2729077032024877,0.47843152030823893,-0.04365740740740742,-0.048101851851851896,0.36974169055670864,-0.07494052975308411,0.23770068874877212,0.5704216624913457,0.047453583054699766,0.004444444444444473,0.04366222956962356,0.7140169451909418,0.12016538768820194,0.11298892935815442,0.0,0.9999999987499999,0.5814281053358844,0.3084905762167421,0.299100904629322,0.37933960476398354,disgust,07,09,09,male,strong,1069
100,3.336666666666667,True,1.0,0.3050656863650341,0.27033832654244466,0.2877020064537394,0.44453578007310934,-0.04175925925925916,-0.042916666666666714,0.39075411965700535,-0.1698765953000488,0.2395836517774151,0.6471965122951931,0.034727359822589454,0.0011574074074075513,0.021202071862683986,0.7116153515488904,0.1127176919269512,0.1155760444690791,0.0,0.9999999987499999,0.5754459429084134,0.30746325101297595,0.2880433298180392,0.3699920547305377,disgust,07,09,09,male,strong,1069
0,0.0,True,1.0,0.2589880289471333,0.2665487897511749,0.26276840934915413,0.7347620554653725,-0.04759259259259263,-0.05087962962962961,0.39368458336309076,0.05238794806439841,0.22596606585314738,0.357623814940642,0.007560760804041611,0.0032870370370369772,0.028356254262384795,0.4539422371084981,0.11108587095401588,0.1141803763690087,0.0,0.9999999987499999,0.6296068350934123,0.30830157030306676,0.30285616836933343,0.3877877109571788,disgust,07,09,09,male,strong,1070
10,0.33366666666666667,True,1.0,0.17796972034490632,0.21360057168578941,0.19578514601534786,0.6600869971574579,-0.048888888888888926,-0.05615740740740732,0.39907187417759016,0.013188393448030094,0.21358623366940938,0.2966050639665078,0.03563085134088309,0.0072685185185183965,0.014990833458050485,0.47079842439017755,0.1080338545465045,0.11427225488256557,0.0,0.9999999987499999,0.6189313287189876,0.30967561402289556,0.29323709921685026,0.37822465000816574,disgust,07,09,09,male,strong,1070
20,0.6673333333333333,True,1.0,0.15244360529764842,0.17270852553681676,0.16257606541723257,0.6432689644231706,-0.056342592592592666,-0.06152777777777774,0.4091997069962202,-0.006563969024726209,0.21529997242919954,0.25273419737110603,0.020264920239168344,0.0051851851851850705,0.005953650605211494,0.4928225470597536,0.1129394592502299,0.1125167168248709,0.0,0.9999999987499999,0.621834411530237,0.3057877652586236,0.2992879903389528,0.3689726696023296,disgust,07,09,09,male,strong,1070
30,1.0010000000000001,True,1.0,0.1769421786687747,0.180640496435685,0.17879133755222987,0.657629563249743,-0.05768518518518512,-0.06101851851851864,0.40027149117754823,0.026303518063150302,0.22297933244983342,0.2718724150245229,0.003698317766910292,0.0033333333333335213,0.014478131219700882,0.4985915536593315,0.10970691588485147,0.11266700746896975,0.0,0.9999999987499999,0.6143071300785939,0.3009756938245818,0.31278442698250397,0.3803482029849639,disgust,07,09,09,male,strong,1070
40,1.3346666666666667,True,1.0,0.1712836847400459,0.1904496453546975,0.1808666650473717,0.6094763743832342,-0.0507407407407407,-0.05421296296296296,0.37341145816344706,0.0880079781025653,0.22856870789229025,0.29675746698204925,0.01916596061465159,0.0034722222222222654,0.02173102121625578,0.5142628386583661,0.1109797352039164,0.11445012623289148,0.0,0.9999999987499999,0.6173924138952457,0.3019535090289774,0.31440806663681203,0.3794748422909866,disgust,07,09,09,male,strong,1070
50,1.6683333333333334,True,1.0,0.18745363616287217,0.19960802328747307,0.1935308297251726,0.7352097088754171,-0.04662037037037037,-0.050416666666666665,0.3809135991347012,-0.04010025062656628,0.231252969258809,0.26323214640513787,0.012154387124600902,0.0037962962962962976,0.018774644964671485,0.4295229917015718,0.11541492161094573,0.11571630441062639,0.0,0.9999999987499999,0.6126202889827806,0.3007955669707989,0.30860967301924513,0.3810821203259945,disgust,07,09,09,male,strong,1070
60,2.0020000000000002,True,1.0,0.12772813937383806,0.1403508771929819,0.13403950828341,0.7819379613087211,-0.04763888888888884,-0.04810185185185184,0.37343963631788,0.03429385479334516,0.22569748679172755,0.1714196201180328,0.012622737819143831,0.0004629629629629983,0.004941286513901189,0.4444037188686357,0.11125722150024638,0.11467988283619417,0.0,0.9999999987499999,0.6220774031409438,0.2992081113490215,0.3048032981989232,0.3803049131204565,disgust,07,09,09,male,strong,1070
70,2.3356666666666666,True,1.0,0.2652862220069349,0.29062409228493824,0.27795515714593655,0.6400499980470277,-0.04712962962962974,-0.05277777777777776,0.3576863693859343,0.02844444444444434,0.23411121987552191,0.43427100694329474,0.025337870278003327,0.005648148148148013,0.0199440373425177,0.5499570362847446,0.11419202634614033,0.1167602004473742,0.0,0.9999999987499999,0.6058163860622374,0.30101355494182364,0.3026229758919194,0.37183545133257645,disgust,07,09,09,male,strong,1070
80,2.6693333333333333,True,1.0,0.16106604808004138,0.1502123776166985,0.15563921284836996,0.513059805465867,-0.051851851851851705,-0.056157407407407434,0.365084976152487,-0.027681826617913213,0.23125527865596923,0.3033549133848965,0.010853670463342874,0.004305555555555729,0.02974237138990209,0.6725725816920063,0.11049057741513374,0.11673178121659644,0.0,0.9999999987499999,0.605870060203769,0.3006271607382474,0.2897452846957059,0.37180207399071946,disgust,07,09,09,male,strong,1070
90,3.003,True,1.0,0.2431081226453104,0.2211373111436627,0.23212271689448655,0.4765435153240593,-0.04754629629629625,-0.054166666666666696,0.3892755448243426,-0.10927435361893528,0.231252969258809,0.48709658075325685,0.021970811501647702,0.006620370370370443,0.07617942036060942,0.5924267135790059,0.11484844417005459,0.11312261977882429,0.0,0.9999999987499999,0.579551938236232,0.30452925519962637,0.2972676965260412,0.37833552976106827,disgust,07,09,09,male,strong,1070
100,3.336666666666667,True,1.0,0.21089088621328245,0.1948649524079099,0.20287791931059618,0.506438531075185,-0.04939814814814808,-0.05787037037037046,0.37808536067127113,-0.07974585509468057,0.22916699958545889,0.4005973220084182,0.01602593380537254,0.00847222222222238,0.07729446597864702,0.5928183456894801,0.12110487918086113,0.10905072070625385,0.0,0.9999999987499999,0.5771056881424446,0.26859889871631976,0.32206963194842886,0.3550156338269527,disgust,07,09,09,male,strong,1070
0,0.0,True,1.0,0.1620513206645818,0.15067860319529447,0.15636496192993815,0.6921311091142572,-0.05787037037037046,-0.06569444444444444,0.4184965890060248,-0.04404470694363543,0.22513750476844438,0.22591812428434765,0.011372717469287336,0.007824074074073983,0.00846553461273724,0.4135130310637189,0.11226644556721915,0.11285109802545652,0.0,0.9999999987499999,0.6067788548466262,0.3139810057161855,0.2965165649680457,0.3866761247867239,disgust,07,09,09,male,strong,1071
10,0.33366666666666667,True,1.0,0.32464589770724755,0.3328117331996504,0.328728815453449,0.6841935686374656,-0.050416666666666665,-0.05208333333333337,0.4433753186447685,-0.07202037564604881,0.22792171902725783,0.48046171510804264,0.008165835492402851,0.0016666666666667052,0.01990972062291029,0.4043659849689865,0.11322643225757029,0.11507769187410137,0.0,0.9999999987499999,0.6030754841155213,0.3137281713448549,0.30343526004623655,0.38838217141465775,disgust,07,09,09,male,strong,1071
20,0.6673333333333333,True,1.0,0.31555225821298255,0.31475421716833496,0.3151532376906587,0.6813338656805764,-0.049537037037036935,-0.053379629629629666,0.42150746834101455,-0.012144640194839981,0.22785610103259862,0.46255331426371393,0.0007980410446475905,0.0038425925925927307,0.029854301075001623,0.4734542232053285,0.11109309062302787,0.11664953279669667,0.0,0.9999999987499999,0.6085587353300695,0.2996498581378006,0.3046770876137837,0.3833771638575714,disgust,07,09,09,male,strong,1071
30,1.0010000000000001,True,1.0,0.3627411145717353,0.3508464470207399,0.3567937807962376,0.7754728588305411,-0.04842592592592593,-0.05421296296296296,0.39007866489012577,0.12904149003100868,0.2150184343503135,0.4600983473932327,0.011894667550995386,0.005787037037037035,0.046968458272531904,0.4328806022738011,0.10874139117927147,0.11542926505764249,0.0,0.9999999987499999,0.6330413001997673,0.2987960649561842,0.3195516400605683,0.39278762493885483,disgust,07,09,09,male,strong,1071
40,1.3346666666666667,True,1.0,0.32609876557719736,0.33575404386283203,0.33092640472001467,0.6255157463869084,-0.051342592592592606,-0.056574074074074,0.3772709497167443,0.10875282835955143,0.2141886626461332,0.5290456821135282,0.009655278285634672,0.005231481481481393,0.022395274132497263,0.5296858859210754,0.11249181432733286,0.11513590251493161,0.0,0.9999999987499999,0.637751357589911,0.2962199460753413,0.31719988529281345,0.38271079637363126,disgust,07,09,09,male,strong,1071
50,1.6683333333333334,True,1.0,0.32035053988114687,0.3549805916456001,0.3376655657633735,0.830201303625436,-0.04810185185185184,-0.05550925925925926,0.3861474266068612,0.08560111490606517,0.2169232145638407,0.4067273374407021,0.03463005176445322,0.007407407407407418,0.04167776834339563,0.3954804830276313,0.11725040211970741,0.11435699490303776,0.0,0.9999999987499999,0.6369133931932148,0.29787277359437864,0.32785508209756425,0.39816739942537066,disgust,07,09,09,male,strong,1071
60,2.0020000000000002,True,1.0,0.3077783703580119,0.3264366990320019,0.3171075346950069,0.7404316052144114,-0.050000000000000044,-0.05777777777777776,0.3817459621373054,0.11878241048110016,0.2168693963413105,0.4282739046548129,0.018658328673989977,0.007777777777777717,0.037655823479649846,0.4643063284866898,0.11008784371679091,0.11530828108211094,0.0,0.9999999987499999,0.6377599443996349,0.2969611831966007,0.31953202283471743,0.3890566124005061,disgust,07,09,09,male,strong,1071
70,2.3356666666666666,True,1.0,0.17448399204110057,0.15703818248364693,0.16576108726237376,0.6412813406897435,-0.06152777777777779,-0.07291666666666669,0.3616905233948116,0.10448645642811523,0.21745094877571072,0.2584841889896344,0.017445809557453645,0.011388888888888893,0.027487812384117877,0.5394344610090369,0.10276784093078468,0.11870983505371306,0.0,0.9999999987499999,0.6518761448876426,0.3224472908309687,0.2879887036437125,0.4054665574874403,disgust,07,09,09,male,strong,1071
80,2.6693333333333333,True,1.0,0.34088563987802917,0.3520038981232236,0.3464447690006264,0.6267901700851234,-0.04981481481481481,-0.05694444444444452,0.36122744253324807,0.041733876557210454,0.22575156612214684,0.552728465657935,0.011118258245194412,0.007129629629629708,0.03420279891447578,0.5409428311550113,0.11439189792776724,0.11590876234204726,0.0,0.9999999987499999,0.6204882942708333,0.2994978135627476,0.31696598021038536,0.38633183638412566,disgust,07,09,09,male,strong,1071
90,3.003,True,1.0,0.23828870148470838,0.22249053664337973,0.23038961906404404,0.5385784558825433,-0.05046296296296304,-0.05574074074074076,0.3786139133137744,-0.01346313026956861,0.23334150754143612,0.4277735519266462,0.01579816484132865,0.005277777777777715,0.02188724079921719,0.6332435245319484,0.11621456363543364,0.11573919895170733,0.0,0.9999999987499999,0.6066532879479917,0.29997205519848924,0.3011265126343624,0.3794366180004401,disgust,07,09,09,male,strong,1071
100,3.336666666666667,True,1.0,0.1569308618688909,0.14855023137654602,0.15274054662271846,0.5606530524140007,-0.06120370370370387,-0.06421296296296303,0.3791474869310129,-0.06673842588028292,0.23555954280013805,0.2724332739562629,0.008380630492344887,0.003009259259259156,0.005743994889524417,0.5897136329305015,0.11375294599366229,0.1155508160582013,0.0,0.9999999987499999,0.5899220194874826,0.3040387170386705,0.30075248754036127,0.3737638094427903,disgust,07,09,09,male,strong,1071
0,0.0,True,1.0,0.21584979517337904,0.2400111398791236,0.22793046752625132,0.508934108245734,-0.0813888888888889,-0.08879629629629626,0.3564632632299327,0.24060088751883607,0.20358055682318973,0.44785850237452984,0.024161344705744547,0.007407407407407363,0.020368458958617056,0.5497061154343766,0.12314766996157718,0.11042321191767246,0.0,0.9999999987499999,0.6275382316285889,0.2946642927933506,0.31099031176085123,0.36363925795459495,surprised,08,09,09,male,normal,1072
10,0.33366666666666667,True,1.0,0.4223499262259358,0.5217532114987149,0.47205156886232535,0.8141295966241695,-0.06666666666666671,-0.07601851851851854,0.32202801140042603,0.4467286325216308,0.19739194441377106,0.579823618769925,0.09940328527277908,0.009351851851851833,0.01622247598944433,0.3398648992590206,0.11708915641768802,0.11062964221446216,0.0,0.9999999987499999,0.6143667101371798,0.3094877777441872,0.2859275681630011,0.35497890678343497,surprised,08,09,09,male,normal,1072
20,0.6673333333333333,True,1.0,0.43560257474873565,0.5125653922278461,0.4740839834882909,0.6116421912211644,-0.058240740740740704,-0.0618055555555555,0.3306812133578129,0.36665917250764496,0.18530402601772236,0.7751001979470483,0.07696281747911049,0.0035648148148147984,0.023847129272522864,0.4558017554893446,0.1146083690006752,0.1168417600322547,0.0,0.9999999987499999,0.6325926394307723,0.29391407768191674,0.28064625686245065,0.3559849301882163,surprised,08,09,09,male,normal,1072
30,1.0010000000000001,True,1.0,0.4500338935818347,0.5377437904077299,0.49388884199478233,1.0127277659145528,-0.05805555555555553,-0.06592592592592594,0.31734302599071534,0.46678617588891924,0.18583753732165573,0.4876817429299686,0.0877098968258952,0.007870370370370416,0.028818490466112588,0.299224785928391,0.11470805319486138,0.11242079446859074,0.0,0.9999999987499999,0.6403371512823879,0.2953289231314708,0.29530614834585217,0.3563836030402377,surprised,08,09,09,male,normal,1072
40,1.3346666666666667,True,1.0,0.452418101565072,0.43069284224993687,0.44155547190750444,0.9821351951820386,-0.052870370370370345,-0.056435185185185144,0.31970744361760617,0.4520219146584579,0.17430949483188374,0.44958726056616083,0.021725259315135137,0.0035648148148147984,0.015114400613005416,0.3039376705396876,0.11829611813350169,0.11544071566369213,0.0,0.9999999987499999,0.6438214527217136,0.29319057537121507,0.30054630871831783,0.3666925470416149,surprised,08,09,09,male,normal,1072
50,1.6683333333333334,True,1.0,0.41748748609850866,0.4518840534749598,0.43468576978673423,0.9734866884774978,-0.05462962962962964,-0.05791666666666667,0.32126464733929394,0.448095059516867,0.18010527453443298,0.44652461603411236,0.03439656737645114,0.0032870370370370328,0.01191471433248484,0.3214157601500868,0.11912452793240573,0.11206390155107566,0.0,0.9999999987499999,0.6381991980464061,0.29306040912644227,0.3052043288502773,0.3677140249621579,surprised,08,09,09,male,normal,1072
60,2.0020000000000002,True,1.0,0.41171906350288345,0.4229047553526183,0.41731190942775087,0.7336832973469438,-0.05527777777777776,-0.059027777777777735,0.3268317681649649,0.37438137022365736,0.18091057199066873,0.5687902545100636,0.011185691849734836,0.0037499999999999756,0.016918018339446374,0.4121540338595475,0.12194849704833145,0.11106206654124177,0.0,0.9999999987499999,0.641679628617072,0.292416107922742,0.3052187661331139,0.36870660908726727,surprised,08,09,09,male,normal,1072
70,2.3356666666666666,True,1.0,0.4589459186195471,0.49232140599655744,0.47563366230805226,0.6254496409406951,-0.05499999999999999,-0.05981481481481482,0.33377948603816915,0.3124727070814894,0.1842283244587803,0.760466760509583,0.03337548737701035,0.004814814814814827,0.01792458473549053,0.4689759114119801,0.12366866440902004,0.10826707838789698,0.0,0.8134585585368372,0.6365404244353992,0.29251143020035875,0.3074867632350631,0.36325024800404343,surprised,08,09,09,male,normal,1072
80,2.6693333333333333,True,1.0,0.5400021193126395,0.549970468166865,0.5449862937397523,0.6268390278153432,-0.05842592592592588,-0.061620370370370325,0.3313649320685333,0.3280795471578669,0.18693783475525297,0.8694198503228752,0.009968348854225484,0.003194444444444444,0.01970876190679706,0.46897591141198014,0.11995881457609406,0.11117038270734966,0.0,0.9999999987499999,0.6402782151610643,0.2928546090837574,0.30473780467510897,0.36241736965843596,surprised,08,09,09,male,normal,1072
90,3.003,True,1.0,0.5311301164967294,0.5506089018714123,0.5408695091840708,0.6419656895646906,-0.05921296296296297,-0.06074074074074082,0.3322406007246048,0.32087304611309103,0.18612135926937018,0.8425208978860352,0.01947878537468295,0.00152777777777785,0.011335282046739998,0.4576922207612208,0.12376891282823924,0.10902969675493646,0.0,0.9738890269517256,0.6412759704663115,0.29283427411050483,0.307634359275581,0.36706566844433947,surprised,08,09,09,male,normal,1072
0,0.0,True,1.0,0.4386681370032722,0.4445545999349519,0.44161136846911203,0.9082202961923969,-0.06000000000000005,-0.06064814814814817,0.32453752955049675,0.4002144845204574,0.18498017951758144,0.4862381630541775,0.005886462931679715,0.0006481481481481199,0.008495814338079354,0.3259053719126861,0.11986233330621981,0.11263580168286723,0.0,0.9999999987499999,0.6384189013730492,0.29103292406905784,0.30268274917601545,0.3649914231487595,surprised,08,09,09,male,normal,1073
10,0.33366666666666667,True,1.0,0.4891139329086262,0.49408240477187376,0.49159816884025,0.8691672182594943,-0.05824074074074076,-0.058935185185185146,0.333819398305609,0.38206199908832056,0.1868974260438339,0.5655967672419518,0.004968471863247559,0.0006944444444443865,0.004792554575935215,0.34112250108570885,0.11963480088939679,0.11203034162521877,0.0,0.9999999987499999,0.6395803281078056,0.2915377566441963,0.30884349530061656,0.3688020114187088,surprised,08,09,09,male,normal,1073
20,0.6673333333333333,True,1.0,0.37405567242326837,0.4081791718230137,0.39111742212314105,0.8421782199516802,-0.0562037037037037,-0.05879629629629629,0.3375855459928362,0.3619712590250274,0.18277418365603598,0.464411703909395,0.03412349939974535,0.002592592592592591,0.018654268106782824,0.34715549203999785,0.12032451125968636,0.11180164069062828,0.0,0.9999999987499999,0.6377761181503852,0.2928140483675968,0.3079066862923781,0.3683008747843958,surprised,08,09,09,male,normal,1073
30,1.0010000000000001,True,1.0,0.36049146136405813,0.38860502610091835,0.37454824373248824,0.8093510579393954,-0.057962962962962994,-0.06037037037037041,0.34647596315765145,0.2962653525484703,0.18823498003510292,0.4627759982004429,0.02811356473686022,0.0024074074074074137,0.00886433632882553,0.3716330382573061,0.11981377565838691,0.1125182562125945,0.0,0.9999999987499999,0.6432983888711735,0.2933901506245453,0.31049464868720594,0.37730985989378574,surprised,08,09,09,male,normal,1073
40,1.3346666666666667,True,1.0,0.2702497546744928,0.29054004475616024,0.2803948997153265,0.6665935191278611,-0.05504629629629626,-0.05662037037037032,0.3397695784593167,0.21479124505231123,0.18757973565010294,0.4206385025797756,0.02029029008166744,0.001574074074074061,0.01850150703535639,0.4874999999999998,0.12018835389859123,0.11346933500291495,0.0,0.9999999987499999,0.6400336337816377,0.2925000503034826,0.3072149358575027,0.37614910958672054,surprised,08,09,09,male,normal,1073
50,1.6683333333333334,True,1.0,0.27618568038895086,0.3467736725974349,0.31147967649319286,0.9325217130921366,-0.05212962962962964,-0.05564814814814817,0.33906243475140496,0.2985945835153505,0.18784189206887697,0.3340186851632242,0.07058799220848405,0.003518518518518532,0.029786855049920635,0.34407540643667806,0.11845422338088152,0.1134459516210197,0.0,0.9999999987499999,0.6287657388111494,0.2979376252074748,0.31177510940656805,0.37459785111932825,surprised,08,09,09,male,normal,1073
60,2.0020000000000002,True,1.0,0.2483262118593631,0.29104855485404435,0.2696873833567037,0.7376161466913715,-0.0507407407407407,-0.05356481481481479,0.3428719561632618,0.26698267809676884,0.19117390411786966,0.3656202274942126,0.04272234299468125,0.00282407407407409,0.037620887599361275,0.42546250606772396,0.11984558476585207,0.10974092887568969,0.0,0.7214883264095694,0.6193377348048594,0.3032662154517566,0.30073776546081554,0.36001057603063485,surprised,08,09,09,male,normal,1073
70,2.3356666666666666,True,1.0,0.25195667926859455,0.27003401051924314,0.26099534489391885,0.7707831089647301,-0.050277777777777755,-0.05356481481481479,0.34491486911878727,0.27606981259648783,0.19397885727032535,0.338610618030372,0.018077331250648587,0.0032870370370370328,0.03511571310180962,0.4203608217152174,0.12150070353320322,0.10913451485271382,0.0,0.9999999987499999,0.6204241084793292,0.30249016431568626,0.3020802550959385,0.3561862003990445,surprised,08,09,09,male,normal,1073
80,2.6693333333333333,True,1.0,0.27072322247829134,0.2797876843867918,0.27525545343254154,0.7565179534979348,-0.05064814814814822,-0.0559722222222222,0.33426404271145616,0.2816858648209595,0.19349852071104093,0.3638452361372716,0.009064461908500465,0.005324074074073981,0.03841970578498856,0.43391308388793093,0.11278411615229625,0.11501535302026591,0.0,0.9999999987499999,0.6592713332911289,0.3157642883989972,0.27871828973530877,0.39836493924153893,surprised,08,09,09,male,normal,1073
90,3.003,True,1.0,0.26883475689693465,0.3161113864201074,0.292473071658521,0.7800420704527086,-0.05138888888888893,-0.056203703703703645,0.3315648451439047,0.2772555461725888,0.1950934728684284,0.3749452532589429,0.04727662952317274,0.004814814814814716,0.03826758929734118,0.4146985084663474,0.11614675454078771,0.11229931205003287,0.0,0.9999999987499999,0.6588717162724465,0.31569318590253487,0.28619642117162797,0.40201951164715066,surprised,08,09,09,male,normal,1073
0,0.0,True,1.0,0.38672947408172526,0.525730290845649,0.4562298824636871,0.6722787242102706,-0.04976851851851849,-0.05587962962962967,0.32618371846184546,0.24602215519098977,0.19755479832453926,0.6786320406013485,0.13900081676392378,0.006111111111111178,0.01113961199898394,0.40296017606252216,0.11354842033942823,0.10896936336231688,0.0,0.9999999987499999,0.6639147451558748,0.3153091834982962,0.25212574953541655,0.35193557590409746,surprised,08,09,09,male,normal,1074
10,0.33366666666666667,True,1.0,0.3941597816588635,0.4799747963170881,0.4370672889879758,0.7202137106271534,-0.05268518518518517,-0.055462962962962936,0.34039781552141196,0.26587406692978105,0.20628748537752953,0.6068577736563538,0.08581501465822461,0.002777777777777768,0.03285344342314409,0.3836092837753803,0.11276498473577465,0.11286051207677521,0.0,0.9999999987499999,0.6449298063365971,0.3176379131580432,0.2764322244147811,0.3845892312244498,surprised,08,09,09,male,normal,1074
20,0.6673333333333333,True,1.0,0.2846401796937528,0.38183364247862983,0.33323691108619136,0.6860899310763443,-0.052638888888888846,-0.05578703703703708,0.3466124005007088,0.25700152877075416,0.20271014010158656,0.4857044186079311,0.097193462784877,0.003148148148148233,0.026491278427583052,0.42955503262357436,0.11917032795375102,0.11099000151408457,0.0,0.8223896088805183,0.6312990718709357,0.28625088682996097,0.29618703079349973,0.3614870917927995,surprised,08,09,09,male,normal,1074
30,1.0010000000000001,True,1.0,0.2647632943197928,0.3409536698149058,0.30285848206734933,0.712467441859838,-0.05430555555555561,-0.05717592592592591,0.33672126822318793,0.261653780821101,0.1962340575475005,0.42508396071652343,0.07619037549511304,0.002870370370370301,0.0224683842576124,0.4380144355435981,0.10979833430150422,0.11442434694036248,0.0,0.9999999987499999,0.6657876839485795,0.3109596965060854,0.28057196170977494,0.3906840395567846,surprised,08,09,09,male,normal,1074
40,1.3346666666666667,True,1.0,0.18638240018012783,0.24951267056530269,0.21794753537271527,0.699340293559387,-0.05189814814814814,-0.053611111111111165,0.3393066575493787,0.21120104687671168,0.1981869689581888,0.31164733017661805,0.06313027038517485,0.0017129629629630272,0.021608734030989587,0.4588006588468614,0.10803640385251666,0.11916675641143612,0.0,0.9999999987499999,0.6618218022599665,0.3135931776507805,0.2683869343465876,0.3834950974027843,surprised,08,09,09,male,normal,1074
50,1.6683333333333334,True,1.0,0.23088932289067637,0.271598898879562,0.2512441108851192,0.9144975138676065,-0.05175925925925928,-0.054768518518518605,0.35469684005979685,0.20090503616710267,0.20393103094444698,0.2747346024184953,0.04070957598888564,0.0030092592592593226,0.020987027224040434,0.36677702808722185,0.12017844342592039,0.11263726025280794,0.0,0.9999999987499999,0.6273283069008854,0.2917872339828111,0.31673159261677436,0.3788693854980349,surprised,08,09,09,male,normal,1074
60,2.0020000000000002,True,1.0,0.168726686663132,0.18104873804810517,0.1748877123556186,0.7965245894378405,-0.05217592592592596,-0.05430555555555566,0.34478940794785895,0.19198058487122255,0.20285150821982148,0.2195634820000325,0.012322051384973165,0.0021296296296297035,0.020474137644323088,0.431832512294065,0.11995049549836619,0.11388815994774548,0.0,0.9999999987499999,0.6346385742890908,0.2918226632147843,0.3099742394012791,0.37120636264528534,surprised,08,09,09,male,normal,1074
70,2.3356666666666666,True,1.0,0.23227180017192584,0.2659904748005864,0.24913113748625612,0.7659857761581179,-0.049259259259259336,-0.05458333333333326,0.3275735523279067,0.22507100527721194,0.19724427101448908,0.32524251133722026,0.03371867462866057,0.005324074074073926,0.022488691971495355,0.4315112339024925,0.12172047123311033,0.11028019656504831,0.0,0.9999999987499999,0.6192321310321003,0.29937632472433046,0.30929806738412163,0.36090146839092474,surprised,08,09,09,male,normal,1074
80,2.6693333333333333,True,1.0,0.18640513873535094,0.23414717371448102,0.21027615622491597,0.7008452164113282,-0.04870370370370375,-0.05347222222222214,0.33640661105239716,0.2334708361601206,0.19700830645834475,0.3000322343664314,0.04774203497913007,0.004768518518518394,0.03497812507322181,0.47030765682722386,0.11470039684690478,0.1137761971607385,0.0,0.9999999987499999,0.6565377939066253,0.3144426713854468,0.28168763324273915,0.39649919154506935,surprised,08,09,09,male,normal,1074
90,3.003,True,1.0,0.2910728034119117,0.34344292196149817,0.317257862686705,0.7286921843825122,-0.05208333333333337,-0.05574074074074076,0.34556271309337744,0.22125005951049245,0.20063365351449455,0.43537980712054253,0.05237011854958645,0.003657407407407387,0.02314748422439981,0.4534620193130245,0.12262666814412686,0.10839638090761206,0.0,0.9999999987499999,0.6300327030187074,0.2903195733343218,0.3064646532774139,0.3698904824552378,surprised,08,09,09,male,normal,1074
100,3.336666666666667,True,1.0,0.3639030680973118,0.38510638809822895,0.37450472809777036,0.5784431185895856,-0.05805555555555558,-0.05986111111111103,0.33879263035852764,0.20949928151141145,0.2029877758302251,0.64743570467382,0.021203320000917125,0.0018055555555554492,0.015508277978676432,0.5391329340540952,0.12153034628873861,0.11014427768759519,0.0,0.7071067807446058,0.6166656066254628,0.2983253787187642,0.3070736714342562,0.36187770964514954,surprised,08,09,09,male,normal,1074
0,0.0,True,1.0,0.35116403952950936,0.4176086438975369,0.38438634171352315,0.5795257899956562,-0.05523148148148149,-0.05990740740740741,0.33286824418344635,0.3504202548363649,0.18397155542675367,0.6632773697895383,0.06644460436802752,0.004675925925925917,0.02142406443019508,0.4847614278059683,0.1174297253269712,0.10992197233559525,0.0,0.7548586605210708,0.6443478348683224,0.2943333563120296,0.2810853636497621,0.35435267682856814,surprised,08,09,09,male,normal,1075
10,0.33366666666666667,True,1.0,0.35380524891059056,0.42591540688840324,0.3898603278994969,0.600203291624434,-0.05453703703703705,-0.05685185185185182,0.3329537984785131,0.3687427194792895,0.18025023116863798,0.6495471340124618,0.07211015797781267,0.0023148148148147696,0.02966962919713786,0.47201228080869095,0.11860990781819493,0.10969454792764283,0.0,0.9999999987499999,0.6526199759200555,0.29369996987427915,0.2838969516794828,0.36298299698157077,surprised,08,09,09,male,normal,1075
20,0.6673333333333333,True,1.0,0.3495692870863327,0.434508106077423,0.39203869658187784,0.5427383797166984,-0.051574074074074105,-0.05564814814814828,0.33611259190368176,0.35321127791714624,0.17645434402466148,0.7223345745081017,0.08493881899109029,0.004074074074074174,0.041901785305819304,0.5106409324670702,0.11168620921566312,0.11258239675712667,0.0,0.9999999987499999,0.6650151636279512,0.32097286807358183,0.28422565976704617,0.40123149240600425,surprised,08,09,09,male,normal,1075
30,1.0010000000000001,True,1.0,0.33802064522731123,0.41237490063855115,0.3751977729329312,0.9959817152279572,-0.05185185185185187,-0.05504629629629626,0.3115824564989736,0.433092772419015,0.18405858707640474,0.376711507045144,0.07435425541123991,0.0031944444444443887,0.03813780041013566,0.30283167844801306,0.11023971133855869,0.11449944661442606,0.0,0.9999999987499999,0.6687870098977091,0.3192701969743165,0.2827719728102615,0.3974822029043806,surprised,08,09,09,male,normal,1075
40,1.3346666666666667,True,1.0,0.28252311691747045,0.3681333727009736,0.32532824480922207,0.7453134066759557,-0.051203703703703696,-0.05435185185185176,0.33171229955434645,0.35754685904988315,0.18000458469491343,0.4364985815298328,0.08561025578350318,0.0031481481481480666,0.029311744732680958,0.39555131629168644,0.12398707046260642,0.10913126412716166,0.0,0.9999999987499999,0.6360854127119597,0.29000009367146184,0.31046737368625754,0.37117381044656894,surprised,08,09,09,male,normal,1075
50,1.6683333333333334,True,1.0,0.30944642145429563,0.347271274937733,0.32835884819601435,1.0135219925896386,-0.05356481481481479,-0.05898148148148147,0.3184793038460063,0.4132051200557755,0.18823498003510292,0.32397801981289853,0.03782485348343739,0.005416666666666681,0.017748664419491834,0.302884615384616,0.12299992922089163,0.11075990116512727,0.0,0.9999999987499999,0.6348537889296343,0.29279964536592445,0.31355424895161377,0.374261540659102,surprised,08,09,09,male,normal,1075
60,2.0020000000000002,True,1.0,0.3517702754103513,0.3670422100180098,0.35940624271418053,0.9763545498039433,-0.054074074074074,-0.057361111111111085,0.34134999562109725,0.3569748521440612,0.18958333333333333,0.3681103783316737,0.015271934607658522,0.0032870370370370883,0.014513431170420494,0.3273792258707689,0.12161778766170851,0.11227578554097398,0.0,0.9999999987499999,0.6348886583227041,0.2937084698793047,0.3113237294790605,0.37515567852411136,surprised,08,09,09,male,normal,1075
70,2.3356666666666666,True,1.0,0.4022403833124524,0.42430559731638084,0.4132729903144166,0.7016443169345933,-0.05370370370370375,-0.05708333333333332,0.33367041245462215,0.3059487183869008,0.19098220953209083,0.5890063958901011,0.02206521400392847,0.003379629629629566,0.018062963987063804,0.4432030574582329,0.12533233809002345,0.10828964526438506,0.0,0.8813274204933644,0.6329023162468113,0.2929438549773084,0.31259692633787056,0.36826385857910443,surprised,08,09,09,male,normal,1075
80,2.6693333333333333,True,1.0,0.37800410423962194,0.39431523139698316,0.3861596678183026,0.5725064900252228,-0.05625000000000002,-0.05837962962962956,0.3367804975033977,0.3009016026802969,0.18889050451846834,0.6745070572060932,0.016311127157361216,0.002129629629629537,0.016199059291845216,0.5480199250780313,0.11045057542484008,0.11774451374445193,0.0,0.9999999987499999,0.6728689579894459,0.3094062444836458,0.27910505939944497,0.4021795709539643,surprised,08,09,09,male,normal,1075
90,3.003,True,1.0,0.43092707356213683,0.42325140622806307,0.42708923989509995,0.5821093185651858,-0.055185185185185115,-0.057638888888888906,0.33049870518641716,0.3059487183869008,0.19028419304371916,0.7336924977387622,0.007675667334073766,0.002453703703703791,0.023204396497019778,0.5191767711265576,0.12258103415050467,0.1105360238604472,0.0,0.9999999987499999,0.6347489882515507,0.291835257223937,0.31120056285468234,0.3737876092796677,surprised,08,09,09,male,normal,1075
100,3.336666666666667,True,1.0,0.4318309367025007,0.45060840330944846,0.4412196700059746,0.5708485617007407,-0.056481481481481466,-0.060416666666666674,0.3372926919039814,0.30734802836477126,0.19108764366354108,0.7729189484010258,0.018777466606947735,0.003935185185185208,0.02377100555434459,0.5198094315545789,0.12510446028297792,0.10837717615848275,0.0,0.9999999987499999,0.631410305997399,0.291650719296076,0.3129548659123198,0.37171978271043965,surprised,08,09,09,male,normal,1075
0,0.0,True,1.0,0.4632960602409342,0.49517307032494573,0.47923456528293995,0.669459818834006,-0.059907407407407354,-0.06907407407407401,0.39556447106396797,0.1114256081721449,0.19752527393860664,0.7158526199789255,0.0318770100840115,0.009166666666666656,0.03822603532256213,0.39917191153674675,0.12265850722759984,0.11113788237777014,0.0,0.9999999987499999,0.6361413018019708,0.29441759909185594,0.3234448665575198,0.3826538195244367,surprised,08,09,09,male,strong,1076
10,0.33366666666666667,True,1.0,0.25292208735134464,0.26862403628270515,0.26077306181702486,0.6848393089937193,-0.06791666666666657,-0.0765277777777778,0.3885871681196647,0.13298295145481534,0.20023827663970906,0.3807799266081796,0.01570194893136051,0.008611111111111236,0.032503956047985,0.4197850698435941,0.12114032414187038,0.11312810462521906,0.0,0.9999999987499999,0.6298441517231893,0.2955137798964937,0.31452196554824796,0.37084558342032764,surprised,08,09,09,male,strong,1076
20,0.6673333333333333,True,1.0,0.29381434833447456,0.28775112353288507,0.2907827359336798,0.7507149208788001,-0.07986111111111105,-0.08050925925925928,0.33588898309222226,0.30894883143456164,0.2111548350602787,0.38734109026804,0.006063224801589495,0.000648148148148231,0.023566355502875065,0.40117292420488926,0.11810160483127957,0.11514438541314612,0.0,0.9999999987499999,0.6304444282713085,0.2964109904543281,0.30555841617851587,0.36908004615559953,surprised,08,09,09,male,strong,1076
30,1.0010000000000001,True,1.0,0.21762972011660422,0.19540010590993534,0.2065149130132698,1.0955655889770213,-0.0635648148148148,-0.06935185185185183,0.31817140414604284,0.4603174603174614,0.17252142835376413,0.18850072975192844,0.022229614206668885,0.005787037037037035,0.032313578354143134,0.27709105837733317,0.11897072991651715,0.11357714642123638,0.0,0.9999999987499999,0.6428606149725515,0.29285108877988136,0.30533093995085364,0.37658679937035106,surprised,08,09,09,male,strong,1076
40,1.3346666666666667,True,1.0,0.40256170168875904,0.3565303017736616,0.37954600173121034,0.6841393678545822,-0.053333333333333344,-0.056296296296296344,0.3284733818428522,0.3031733556851593,0.18229675608801474,0.5547787769054171,0.04603139991509747,0.0029629629629630005,0.022465644641045994,0.460750448877337,0.11406684339480563,0.11391069955044399,0.0,0.9999999987499999,0.6447983939591463,0.2934550985611206,0.294843858448042,0.36392138162277027,surprised,08,09,09,male,strong,1076
50,1.6683333333333334,True,1.0,0.3777987432467073,0.40800638882999557,0.39290256603835144,0.6445596757277117,-0.04995370370370378,-0.05453703703703705,0.3218740414851935,0.2592983725473669,0.18402943608398534,0.6095674005587801,0.030207645583288256,0.004583333333333273,0.027571082973672566,0.4806210668027792,0.11702747756132265,0.1142520926759222,0.0,0.9999999987499999,0.6420923624137155,0.29565123980272606,0.2978676046590406,0.36640745166444966,surprised,08,09,09,male,strong,1076
60,2.0020000000000002,True,1.0,0.39550588388398694,0.400711295289808,0.39810858958689743,0.5700256701907079,-0.05601851851851858,-0.05870370370370376,0.37359237382388666,0.14927905004240935,0.19445856921043922,0.6984046691330692,0.0052054114058210366,0.0026851851851851793,0.019972582062122345,0.5222745908346911,0.11499952518513655,0.11514057824745572,0.0,0.9999999987499999,0.6459670887886405,0.29701505852296894,0.3003342731686947,0.37458369604484154,surprised,08,09,09,male,strong,1076
70,2.3356666666666666,True,1.0,0.4871061351854491,0.46579984603840024,0.4764529906119247,1.0137473060841709,-0.053240740740740755,-0.05564814814814817,0.3058557961346608,0.4568424523583398,0.18751017225010927,0.4699918685380606,0.02130628914704885,0.0024074074074074137,0.01623125448537716,0.31340468984963227,0.1186605886382422,0.11406827524607639,0.0,0.9999999987499999,0.6433659030956133,0.296166631310196,0.30519854071701663,0.3778938368704339,surprised,08,09,09,male,strong,1076
80,2.6693333333333333,True,1.0,0.47918186894769516,0.4511986663377,0.46519026764269755,0.9042138758201937,-0.05398148148148152,-0.05583333333333329,0.3245282637834052,0.3740871017863102,0.1875146478653401,0.5144692866173206,0.02798320260999515,0.0018518518518517713,0.009627796333631113,0.35876872414289857,0.11868022863779483,0.11388066603336644,0.0,0.9999999987499999,0.6442156637733218,0.29491215860941533,0.30504723984538973,0.3739843384769442,surprised,08,09,09,male,strong,1076
90,3.003,True,1.0,0.46118011152909755,0.5423217643313466,0.5017509379302221,0.8533841211975827,-0.0553703703703704,-0.06013888888888891,0.3340459127513666,0.37333671962279164,0.18566594822884935,0.5879543870890146,0.08114165280224905,0.004768518518518505,0.02481661221670284,0.3633482016440921,0.11967862498529183,0.11078620003134357,0.0,0.9999999987499999,0.6333501370001124,0.2957246393114396,0.3042047116386002,0.37212086638192265,surprised,08,09,09,male,strong,1076
0,0.0,True,1.0,0.5014013294329893,0.6888891520873084,0.5951452407601489,0.8593302246222058,-0.059907407407407465,-0.06754629629629633,0.3007426609953445,0.38754108169236606,0.19952488733003343,0.6925687281880459,0.18748782265431907,0.007638888888888862,0.015275688248262705,0.307949373607276,0.10694649127281569,0.1124461776176672,0.0,0.9999999987499999,0.6575141380145809,0.3233500389934871,0.25847401773511725,0.36071144254658644,surprised,08,09,09,male,strong,1077
10,0.33366666666666667,True,1.0,0.4891521019516508,0.56003210021451,0.5245921010830804,0.7665543219612629,-0.0639351851851852,-0.06574074074074066,0.32863081313446085,0.34551188185406867,0.2033433062407053,0.6843508490577529,0.07087999826285918,0.0018055555555554492,0.014249946100281064,0.3684917011296063,0.10634496578226163,0.1178026213088035,0.0,0.9999999987499999,0.6578670026135455,0.3147147728536372,0.2775616519922884,0.4092258127138036,surprised,08,09,09,male,strong,1077
20,0.6673333333333333,True,1.0,0.5149583853384399,0.5007824448348221,0.507870415086631,0.7571760208327758,-0.06189814814814815,-0.0651388888888888,0.3147676031356921,0.3399341830817615,0.2000015258730856,0.6707428670655108,0.014175940503617701,0.003240740740740655,0.01268669357989396,0.40227717759394127,0.10421084183705186,0.11857521724536187,0.0,0.9999999987499999,0.668653624926533,0.3126432690464923,0.2786277885769649,0.4019187533505162,surprised,08,09,09,male,strong,1077
30,1.0010000000000001,True,1.0,0.49329740909757863,0.47801487538800297,0.4856561422427908,0.9121341027265643,-0.06050925925925926,-0.06425925925925935,0.3164629675707947,0.3168703521835653,0.21042573109859142,0.532439408625399,0.015282533709575663,0.0037500000000000866,0.014359252520085358,0.34357612856748176,0.11347788781802107,0.11647707319691263,0.0,0.9999999987499999,0.633670866401248,0.28966861583012554,0.2989255130029038,0.3701706784410984,surprised,08,09,09,male,strong,1077
40,1.3346666666666667,True,1.0,0.3268024897821489,0.36614021909239686,0.34647135443727284,0.9429446081636826,-0.04999999999999999,-0.05305555555555558,0.3208950762348902,0.33787363695565953,0.1897416357108832,0.367435532731876,0.03933772931024798,0.003055555555555589,0.01938551707312687,0.3374851694346248,0.11264214253317552,0.11382312784119471,0.0,0.9999999987499999,0.6363748057426095,0.2992178676072074,0.2850465642287198,0.3463255915923567,surprised,08,09,09,male,strong,1077
50,1.6683333333333334,True,1.0,0.3751011184256161,0.4395686481757397,0.4073348833006779,0.6157754685432284,-0.049398148148148135,-0.05361111111111111,0.3359910086405449,0.2462858366279744,0.19143512395594434,0.6614990432540792,0.0644675297501236,0.004212962962962974,0.01325880096065558,0.4806847439205078,0.11638904795621499,0.11221808027490618,0.0,0.9999999987499999,0.6520315866190226,0.2953585475548022,0.2896949573096239,0.36709763414876145,surprised,08,09,09,male,strong,1077
60,2.0020000000000002,True,1.0,0.3397605622963584,0.3802312307758184,0.35999589653608843,0.7210705784251606,-0.050787037037037075,-0.05615740740740732,0.34087746072262665,0.23538958585490308,0.19641241694951284,0.49925195578265036,0.04047066847945996,0.005370370370370248,0.0212295543226229,0.3923311163238643,0.10496160366814551,0.1166113711287588,0.0,0.9999999987499999,0.6489049952402838,0.3183970668038286,0.2836581608007796,0.41295046063417906,surprised,08,09,09,male,strong,1077
70,2.3356666666666666,True,1.0,0.4486918756313766,0.5019441554519064,0.4753180155416415,0.8958729718665985,-0.05495370370370373,-0.06189814814814815,0.32975644914434216,0.3320283900002296,0.1970650728867781,0.5305640760110123,0.053252279820529824,0.00694444444444442,0.00503138351317498,0.3337107520656055,0.11528858933512733,0.11114179176124304,0.0,0.9999999987499999,0.6568498087594414,0.29866447738893376,0.28016296635067406,0.3644955128694453,surprised,08,09,09,male,strong,1077
80,2.6693333333333333,True,1.0,0.3600289256953945,0.4499761128878227,0.4050025192916086,0.8264583521220928,-0.058750000000000024,-0.0652314814814815,0.3368985126167237,0.31185351314999094,0.19788346932384382,0.4900458906993749,0.08994718719242817,0.006481481481481477,0.007086774611084789,0.3478877454945937,0.11497554648285736,0.11112323124446762,0.0,0.9999999987499999,0.6490588094769157,0.2987731302031608,0.2663976015839446,0.3359282008553137,surprised,08,09,09,male,strong,1077
90,3.003,True,1.0,0.4006244095710714,0.5016131010533208,0.45111875531219614,0.7995281954802895,-0.05995370370370362,-0.06708333333333327,0.3459041237419336,0.3183306704227081,0.20122310903686,0.5642312026797276,0.10098869148224937,0.007129629629629652,0.0003048695961679118,0.32766079009273863,0.11244465997848122,0.11010796681119192,0.0,0.9999999987499999,0.6460788891963035,0.30160932367043614,0.2676706619681122,0.34284448181396077,surprised,08,09,09,male,strong,1077
0,0.0,True,1.0,0.4938344308610921,0.444958737206394,0.46939658403374307,0.8810260620900717,-0.07041666666666668,-0.0710648148148148,0.3331476686612119,0.29865290240341413,0.2150436254593343,0.5327839938357627,0.04887569365469807,0.0006481481481481199,0.0032705948999570285,0.3432203389830515,0.10273969971728346,0.11564529029501898,0.0,0.9999999987499999,0.6645797390206083,0.3169943197555191,0.2816920123092116,0.40556636706571947,surprised,08,09,09,male,strong,1078
10,0.33366666666666667,True,1.0,0.5377437904077293,0.47852462490073994,0.5081342076542347,0.9185698666231984,-0.06564814814814823,-0.06708333333333338,0.321899968061244,0.3138447044295928,0.2103328570099493,0.5531797047972113,0.05921916550698941,0.0014351851851851505,0.002795587112013796,0.3374999999999993,0.10302309153870022,0.11637931671987276,0.0,0.9999999987499999,0.6633204080694778,0.31782682741997903,0.2836061582641394,0.40759903712894435,surprised,08,09,09,male,strong,1078
20,0.6673333333333333,True,1.0,0.2753451779513747,0.20220058468290297,0.23877288131713884,0.9100016635489412,-0.06277777777777777,-0.06634259259259256,0.32998295667017014,0.30333388784964704,0.19977393383853723,0.2623873020033191,0.07314459326847172,0.0035648148148147984,0.007204841150938611,0.33791127204900595,0.10288210130784516,0.11551862315576221,0.0,0.9999999987499999,0.6587387597148235,0.3195106078431628,0.2817880970892032,0.4007866303711492,surprised,08,09,09,male,strong,1078
30,1.0010000000000001,True,1.0,0.32354360846324326,0.34996487165448414,0.3367542400588637,0.9555017467263868,-0.050185185185185166,-0.05523148148148155,0.32166139875491156,0.3640006654195762,0.19732122906132424,0.35243707425193765,0.026421263191240885,0.005046296296296382,0.018220575453960983,0.3396568099586293,0.10091115943051758,0.11869773584790334,0.0,0.9999999987499999,0.656579256702681,0.3180404722599925,0.2721905527373281,0.3984102998412625,surprised,08,09,09,male,strong,1078
40,1.3346666666666667,True,1.0,0.34947505338166657,0.402122184014981,0.37579861869832376,0.7216506813361885,-0.05222222222222217,-0.056712962962962965,0.374963679073065,0.2246142392798585,0.19994382187018364,0.520748650860421,0.05264713063331444,0.004490740740740795,0.021068218301421214,0.415538085443741,0.11233259775794195,0.11312259059059528,0.0,0.9999999987499999,0.6402299032269156,0.30466047777631655,0.2864395415792349,0.36062425604378556,surprised,08,09,09,male,strong,1078
50,1.6683333333333334,True,1.0,0.29315669623322854,0.3588102216964361,0.32598345896483233,0.6235199291849536,-0.047453703703703776,-0.051851851851851816,0.33437178397638945,0.19283867512859448,0.20196921967202508,0.5228116114763934,0.06565352546320757,0.00439814814814804,0.027585138252351878,0.4974171259996521,0.11813314975755367,0.11361268395887517,0.0,0.9999999987499999,0.6324940761070054,0.2957530753534381,0.29206708355491373,0.36291640150146526,surprised,08,09,09,male,strong,1078
60,2.0020000000000002,True,1.0,0.2556635958261726,0.291994828652916,0.27382921223954426,0.6921535839202645,-0.048333333333333284,-0.05430555555555566,0.35905405715123606,0.1314343462815949,0.20219762948352,0.3956191495659281,0.03633123282674339,0.005972222222222379,0.030402477250121036,0.47392026342893334,0.11177580459494597,0.1158311436774398,0.0,0.9999999987499999,0.6353258199920594,0.29622625428273414,0.291401236810567,0.3673266224201325,surprised,08,09,09,male,strong,1078
70,2.3356666666666666,True,1.0,0.3951919441331444,0.4137839580959408,0.4044879511145426,0.8260592397074263,-0.050416666666666665,-0.054675925925925906,0.33936606772210137,0.27012072398639114,0.2018630859069363,0.48965973827470793,0.018592013962796416,0.00425925925925924,0.019998845626761946,0.39879384370191867,0.11647613198064805,0.11178734636862143,0.0,0.9999999987499999,0.6107543039481417,0.3110391407788229,0.28762052006025124,0.3527547964785526,surprised,08,09,09,male,strong,1078
80,2.6693333333333333,True,1.0,0.3861779281266854,0.41277962137483576,0.39947877475076055,0.898029653391609,-0.05101851851851846,-0.05495370370370373,0.3426986243236135,0.30159175944787187,0.2016986251089794,0.4448391801340189,0.02660169324815037,0.003935185185185264,0.02521265716753961,0.35065787079239863,0.11403569253100279,0.11157642133357823,0.0,0.9999999987499999,0.6393627704519308,0.3083362560956018,0.27970482716689743,0.3682011553253971,surprised,08,09,09,male,strong,1078
90,3.003,True,1.0,0.4164448512711968,0.44962506030696414,0.43303495578908047,0.8569917971185252,-0.053749999999999964,-0.05842592592592599,0.34687166640086264,0.28052768777258474,0.20293260118817777,0.5052965002058124,0.03318020903576735,0.004675925925926028,0.02064921122455273,0.36876876193271324,0.11521302051503046,0.10966759358488,0.0,0.9999999987499999,0.6383454836856617,0.30699189788464204,0.281767092788476,0.3638173458756954,surprised,08,09,09,male,strong,1078
100,3.336666666666667,True,1.0,0.40702826200097453,0.4321318022009148,0.41958003210094463,0.7099708174327439,-0.05458333333333332,-0.05912037037037038,0.35834051985477244,0.21287004359204606,0.2042361924636323,0.5909820823595918,0.025103540199940266,0.004537037037037062,0.013725649935358313,0.4329555919653022,0.11712924125329939,0.10937459256020864,0.0,0.9999999987499999,0.6315681160823705,0.30840094921259076,0.2847103303210737,0.3611260561329173,surprised,08,09,09,male,strong,1078
0,0.0,True,1.0,0.24413744328883516,0.31729763188597926,0.2807175375874072,0.9110276520941758,-0.049120370370370425,-0.05819444444444444,0.3260543983547119,0.3743119266055043,0.1880374693269315,0.3081328398124062,0.0731601885971441,0.009074074074074012,0.05954336320125805,0.31432371598653147,0.10438918854633358,0.11482417938144383,0.0,0.9999999987499999,0.6426666557404211,0.3281205713190696,0.26548092314549626,0.37602623677026786,surprised,08,09,09,male,strong,1079
10,0.33366666666666667,True,1.0,0.32379914864941056,0.3820916509748928,0.35294539981215167,0.7570769791700857,-0.04462962962962963,-0.05319444444444449,0.34089582261647444,0.27917472304567026,0.1927446210907542,0.46619486462136717,0.05829250232548222,0.008564814814814858,0.06543217313669131,0.4147003227625361,0.10901499854162904,0.11500535436665661,0.0,0.9999999987499999,0.6479621828340711,0.318008208243136,0.28183360573476524,0.40127761853471855,surprised,08,09,09,male,strong,1079
20,0.6673333333333333,True,1.0,0.3591992103229331,0.4397888401261775,0.39949402522455535,0.6900231519654013,-0.04995370370370372,-0.052314814814814814,0.34953186538729375,0.24540414530567525,0.19913552031687154,0.5789574220613782,0.08058962980324441,0.0023611111111110916,0.05159505797351954,0.42463998235001604,0.11033657080029459,0.11222035045531582,0.0,0.9999999987499999,0.6351106059845815,0.3007501195796809,0.2791810005709539,0.35467639718975513,surprised,08,09,09,male,strong,1079
30,1.0010000000000001,True,1.0,0.34156093745426813,0.4046514232753603,0.37310618036481424,0.945445501481802,-0.050277777777777755,-0.05175925925925923,0.32928346545343323,0.35965399945822357,0.19885834168662028,0.3946353119032698,0.06309048582109217,0.0014814814814814725,0.04284397196912655,0.33476111808669357,0.11220154547799067,0.11475661959537584,0.0,0.9999999987499999,0.634349302103654,0.3010863033270519,0.2757191559304093,0.3446977036129903,surprised,08,09,09,male,strong,1079
40,1.3346666666666667,True,1.0,0.277371168544774,0.3224441122279846,0.2999076403863793,0.6537538865791414,-0.04689814814814813,-0.04888888888888887,0.356225469637965,0.13596552606236278,0.21293216992553643,0.4587470094528814,0.045072943683210576,0.0019907407407407374,0.036744754359756736,0.49529039086262305,0.11407597457521573,0.1137341651012397,0.0,0.9999999987499999,0.6189989823038591,0.29281970782821226,0.30499210810937016,0.36523042156267227,surprised,08,09,09,male,strong,1079
50,1.6683333333333334,True,1.0,0.21713145349185498,0.24339595583136617,0.23026370466161056,1.0705891852191933,-0.042314814814814805,-0.04342592592592592,0.34418664058377574,0.22528848903020343,0.20932122547421647,0.21508129153617983,0.026264502339511192,0.0011111111111111183,0.040868804279600726,0.3192028613872999,0.10539859397016342,0.12056157386848047,0.0,0.9999999987499999,0.6544971727831759,0.3175665262297017,0.2867774697766059,0.40836145941690855,surprised,08,09,09,male,strong,1079
60,2.0020000000000002,True,1.0,0.2693089120897828,0.2960065363252968,0.28265772420753976,0.8050037054745984,-0.05444444444444435,-0.061620370370370436,0.3500671681833394,0.15249393365182792,0.22861361677718411,0.3511259914522951,0.026697624235513973,0.0071759259259260855,0.0314469187684103,0.4101166313901915,0.11185439105882518,0.11803700608158064,0.0,0.9999999987499999,0.6148787824739271,0.2984239495181277,0.29898428155851625,0.36234698115886005,surprised,08,09,09,male,strong,1079
70,2.3356666666666666,True,1.0,0.38390872034727586,0.42883244755107286,0.40637058394917436,0.7881522043663904,-0.05740740740740735,-0.06981481481481477,0.32504306848628073,0.21208317834539164,0.24054469850789006,0.515599121207639,0.044923727203797004,0.012407407407407423,0.027275510124015943,0.4286049621388442,0.10964760697198009,0.11833173059743526,0.0,0.9999999987499999,0.652309017896221,0.3170766545712818,0.29127713501287705,0.403077272332786,surprised,08,09,09,male,strong,1079
80,2.6693333333333333,True,1.0,0.4160180914308286,0.4663865397601438,0.44120231559548617,0.8153158656917167,-0.056064814814814734,-0.0672685185185185,0.3442960026957671,0.21093838025484232,0.22946004359370137,0.5411428063173634,0.05036844832931525,0.011203703703703771,0.028181639741842224,0.4112549919023545,0.10843392659237637,0.11604695965988285,0.0,0.9999999987499999,0.6300950598286189,0.3284297476586379,0.29045417969548704,0.4046858075548313,surprised,08,09,09,male,strong,1079
90,3.003,True,1.0,0.3898030361307374,0.4453587708135885,0.4175809034721629,0.7856519843015864,-0.057499999999999996,-0.06625000000000003,0.3531121811084346,0.1998900779328091,0.22509642995342635,0.5315087491866718,0.05555573468285108,0.008750000000000036,0.023956678495214444,0.3851532811693924,0.11392677340097714,0.11421771528131494,0.0,0.9999999987499999,0.6344896646158463,0.2960207374662554,0.2894090320668056,0.3740991358128874,surprised,08,09,09,male,strong,1079
100,3.336666666666667,True,1.0,0.41171906350288323,0.45778352641081455,0.4347512949568489,0.7811191066819008,-0.054629629629629584,-0.06231481481481482,0.3448556613283427,0.22416147307927844,0.22182660385095046,0.5565749080234635,0.046064462907931314,0.007685185185185239,0.01835362009302637,0.3821630271358101,0.11622105692648743,0.11154126686493568,0.0,0.9999999987499999,0.6288873350981017,0.29562124266390033,0.293782599559415,0.3732033787480358,surprised,08,09,09,male,strong,1079
0,0.0,True,1.0,0.6594243784382207,0.6440325380958412,0.6517284582670309,0.7146645705923774,-0.07662037037037034,-0.0775925925925926,0.3391357881651378,0.35711166523598636,0.1888892927975793,0.9119361517065558,0.015391840342379504,0.0009722222222222632,0.025388445445810946,0.31689560431005603,0.10056901623273101,0.11223112633356243,0.0,0.9999999987499999,0.6941039188018958,0.2781946752866235,0.2642557964834922,0.4154201089846409,neutral,01,10,10,female,normal,1080
10,0.33366666666666667,True,1.0,0.6853752947402533,0.67182840839105,0.6786018515656516,0.7033871694667878,-0.07592592592592601,-0.07879629629629636,0.3434212646447847,0.35899588497040824,0.18889535132429544,0.9647629087122458,0.013546886349203313,0.0028703703703703565,0.013081220460171612,0.3281024717645848,0.10037551686568234,0.11375209861026078,0.0,0.9999999987499999,0.6938389519245199,0.2800687435637144,0.2616367707695804,0.4139862910643871,neutral,01,10,10,female,normal,1080
20,0.6673333333333333,True,1.0,0.6453933322822148,0.6610801385516235,0.6532367354169192,0.9403825443430879,-0.07722222222222225,-0.07981481481481495,0.3372949264422885,0.41041901247023216,0.19099778869268047,0.6946500010516924,0.01568680626940866,0.002592592592592702,0.010814705053413112,0.24155492168499157,0.10047329728114811,0.11400047698458832,0.0,0.9999999987499999,0.6914251907090961,0.28024328244669594,0.2629834153271111,0.41060825853069904,neutral,01,10,10,female,normal,1080
30,1.0010000000000001,True,1.0,0.5039793635681978,0.5322784995783116,0.5181289315732547,0.9813333333333344,-0.08333333333333331,-0.08347222222222223,0.3530895351087904,0.3840000000000009,0.19099778869268047,0.5279846449455714,0.0282991360101138,0.0001388888888889106,0.006089734486710824,0.24456521739130407,0.10025082117362792,0.11302228736366683,0.0,0.9999999987499999,0.6977796487032313,0.2800814108283661,0.2630283197654583,0.4086181537367146,neutral,01,10,10,female,normal,1080
40,1.3346666666666667,True,1.0,0.5537415599414074,0.5361643081706439,0.5449529340560256,0.9394364079520394,-0.08384259259259264,-0.08124999999999999,0.3411075772706549,0.41832661836041235,0.1889216026949264,0.5800849631152967,0.017577251770763525,0.0025925925925926463,0.006753760744215437,0.2553514281376555,0.09730308678836079,0.11407645839339438,0.0,0.9999999987499999,0.6996935640506202,0.287943922148772,0.25731583158367693,0.3895846527080058,neutral,01,10,10,female,normal,1080
50,1.6683333333333334,True,1.0,0.6167540714746805,0.6548312514751758,0.6357926614749282,1.1321798606063982,-0.08611111111111108,-0.08254629629629628,0.34746446283739507,0.501585957877972,0.1861443130964601,0.5615650689408979,0.038077180000495314,0.0035648148148147984,0.0003378095718942273,0.21360218040311596,0.09794614654896132,0.11485953601939677,0.0,0.9999999987499999,0.7051029966127075,0.2856401616264561,0.25897232966603706,0.3901383383179064,neutral,01,10,10,female,normal,1080
60,2.0020000000000002,True,1.0,0.5980203681988422,0.6065619315168521,0.6022911498578472,1.0904478832560445,-0.0933796296296297,-0.09037037037037032,0.3358528313261265,0.5302862993916382,0.1959595185771973,0.5523337328689418,0.008541563318009926,0.003009259259259378,0.007279966784364659,0.21618786441214521,0.09749676657918406,0.1134081025432346,0.0,0.9999999987499999,0.7023706657663066,0.28472946023007606,0.2576174069783676,0.3865215013121223,neutral,01,10,10,female,normal,1080
70,2.3356666666666666,True,1.0,0.596075453132411,0.615476210628941,0.605775831880676,1.0665563210063396,-0.09129629629629626,-0.08699074074074076,0.2978788716158256,0.4993993241700942,0.2030518744871848,0.5679735987210704,0.01940075749653003,0.004305555555555507,0.005575168841805181,0.24158380257165218,0.09978029295516237,0.11460752748910916,0.0,0.9999999987499999,0.694888492436037,0.27950921467904194,0.26592973715256113,0.41186813191293403,neutral,01,10,10,female,normal,1080
80,2.6693333333333333,True,1.0,0.6199112980297892,0.6215569032026838,0.6207341006162365,0.6344021729850592,-0.08828703703703694,-0.08532407407407411,0.357097133770573,0.2748861336531545,0.19944369807999518,0.9784551930134315,0.001645605172894582,0.002962962962962834,0.0008604361404974019,0.33820438338521286,0.09985660028441948,0.11487323227624145,0.0,0.9999999987499999,0.6977884705210209,0.27795856841789085,0.2670629474622515,0.41215093158080685,neutral,01,10,10,female,normal,1080
90,3.003,True,1.0,0.63393096288226,0.607752962443328,0.620841962662794,0.632525880593972,-0.08842592592592596,-0.08453703703703697,0.37513376819035804,0.24895512408695666,0.20009763241977654,0.9815281583099711,0.026178000438932036,0.003888888888888997,0.001786469902179233,0.33575710587443497,0.10090595429535074,0.11361769495490365,0.0,0.9999999987499999,0.6964831017328806,0.2792359636932613,0.27007539942437375,0.41537803653844846,neutral,01,10,10,female,normal,1080
100,3.336666666666667,True,1.0,0.6317027450652278,0.6578571700698422,0.644779957567535,0.6656859397889473,-0.08819444444444435,-0.08689814814814817,0.3616836883695661,0.29121760301824545,0.20011021438295098,0.9685948268217286,0.0261544250046144,0.0012962962962961844,0.006317180335369239,0.3287631368620076,0.09975145591437228,0.11446630645901892,0.0,0.9999999987499999,0.69625644113114,0.2797072152298857,0.258717866759591,0.4014542796766565,neutral,01,10,10,female,normal,1080
0,0.0,True,1.0,0.5227122921068809,0.5333333333333327,0.5280228127201068,0.7350576997876705,-0.07685185185185184,-0.07574074074074072,0.3306884215105658,0.39039219331486064,0.18698557924659692,0.7183419925709668,0.0106210412264518,0.0011111111111111183,0.012114445317264402,0.2958356369957176,0.10064254478177023,0.11267361166784091,0.0,0.9999999987499999,0.6989576540303621,0.27915187065688063,0.2620058978928259,0.41390823581304786,neutral,01,10,10,female,normal,1081
10,0.33366666666666667,True,1.0,0.5804434535414261,0.5775243247731909,0.5789838891573085,0.7134603245145609,-0.07722222222222219,-0.0750925925925926,0.3329585005026722,0.38706245660166233,0.18696884965862565,0.811515187689308,0.0029191287682351907,0.0021296296296295925,0.008841317571138952,0.3238148143891431,0.10117857774618846,0.11371057786886156,0.0,0.9999999987499999,0.6961445595581982,0.27935918157208195,0.2628955803724625,0.41190988464503914,neutral,01,10,10,female,normal,1081
20,0.6673333333333333,True,1.0,0.5795293298596718,0.5952887153610064,0.587409022610339,0.7354887871055921,-0.0762962962962963,-0.07444444444444437,0.32992513746389923,0.39828038372610103,0.18494058066540367,0.7986648238676769,0.0157593855013346,0.0018518518518519378,0.008052263445461418,0.30743887703902273,0.09999088104937082,0.11442384334644594,0.0,0.9999999987499999,0.6958919597213886,0.27948361983703984,0.2590486394590529,0.4097073738989093,neutral,01,10,10,female,normal,1081
30,1.0010000000000001,True,1.0,0.6256124589766177,0.6306637639458946,0.6281381114612561,1.2113854773788504,-0.07796296296296301,-0.07726851851851851,0.32026287609290505,0.558436302209362,0.1807599545835244,0.5185286790959368,0.005051304969276971,0.0006944444444444975,0.012095007051430358,0.19892190265021376,0.0981322972583479,0.11285862594743513,0.0,0.9999999987499999,0.7022731241949904,0.2849501868704304,0.2564498280040399,0.39072911869080346,neutral,01,10,10,female,normal,1081
40,1.3346666666666667,True,1.0,0.5544684534592097,0.5674641643447508,0.5609663089019803,0.9253464000996158,-0.08134259259259258,-0.08041666666666664,0.33512919220287857,0.5298136342797545,0.1744473134619543,0.6062230412757762,0.012995710885541079,0.0009259259259259411,0.01864671732522132,0.24547999735912335,0.09853993753797977,0.11250287963339818,0.0,0.9999999987499999,0.7072945092959059,0.2801699200439628,0.25157120757462853,0.3902225528281684,neutral,01,10,10,female,normal,1081
50,1.6683333333333334,True,1.0,0.3354138561725618,0.34502825119903757,0.3402210536857997,1.1749085463463325,-0.09731481481481485,-0.09439814814814812,0.31185955895718964,0.6190476190476196,0.17317062174662054,0.28957237118054924,0.009614395026475764,0.002916666666666734,0.023183505110721314,0.205183143250681,0.09670172438739821,0.11358469031350718,0.0,0.9999999987499999,0.712050869683811,0.2779050569678635,0.24624504403495528,0.37920865155968836,neutral,01,10,10,female,normal,1081
60,2.0020000000000002,True,1.0,0.5024114715817048,0.5298851117906774,0.5161482916861911,1.1741264216128187,-0.08847222222222217,-0.08537037037037043,0.3265754096352434,0.5714337545246804,0.17737433962810661,0.43960197316503014,0.027473640208972583,0.0031018518518517446,0.028285379285780305,0.20091746070039496,0.09856837717843303,0.11264722004497209,0.0,0.9999999987499999,0.7043948309323729,0.28260764389922316,0.2503977064964593,0.38666846717939934,neutral,01,10,10,female,normal,1081
70,2.3356666666666666,True,1.0,0.5762060220281036,0.5775641538390105,0.576885087933557,0.846245373707683,-0.08148148148148149,-0.07930555555555557,0.34793529122404654,0.3941498964072395,0.19004797257361172,0.681699547030941,0.0013581318109069374,0.0021759259259259145,0.026901719809101058,0.28091560207312133,0.10073138372830152,0.11377249470551247,0.0,0.9999999987499999,0.6951013796534238,0.2807006472127395,0.260985067988062,0.4050171432594764,neutral,01,10,10,female,normal,1081
80,2.6693333333333333,True,1.0,0.6191275970711582,0.6450978296273688,0.6321127133492634,1.1131541708251018,-0.07865740740740734,-0.07537037037037037,0.2884177498107416,0.5216097300827451,0.19063830102477278,0.5678572922928756,0.02597023255621067,0.0032870370370369772,0.027578817221786057,0.2218605511456571,0.09979032391900182,0.11476492242239102,0.0,0.9999999987499999,0.6946298671187225,0.2799311615602044,0.2620679458014475,0.4054478353683411,neutral,01,10,10,female,normal,1081
90,3.003,True,1.0,0.6404257438401959,0.6188011881265858,0.6296134659833909,0.6630416821199389,-0.08222222222222214,-0.0766203703703704,0.3594534784076104,0.2760967976749064,0.18583753732165573,0.9495835374487043,0.021624555713610105,0.005601851851851747,0.03147178021163713,0.32232089602825836,0.09834178457600802,0.11284509102989482,0.0,0.9999999987499999,0.7038309772893533,0.28479080496090875,0.26048801958268686,0.392543913065162,neutral,01,10,10,female,normal,1081
100,3.336666666666667,True,1.0,0.564480375542484,0.6110998858637434,0.5877901307031137,0.6819546330764983,-0.0819907407407407,-0.0784259259259259,0.3526114339171041,0.28383610323180525,0.18581167143284733,0.8619196969913075,0.04661951032125944,0.0035648148148147984,0.026463576224947816,0.2992326768324065,0.10076819712430739,0.11340438603660188,0.0,0.9999999987499999,0.692701155165191,0.28060918601613694,0.2600088422642692,0.40629726140471945,neutral,01,10,10,female,normal,1081
110,3.6703333333333332,True,1.0,0.5744547479435995,0.5875675822848427,0.5810111651142211,0.722067110092027,-0.08180555555555558,-0.07578703703703693,0.3361056976280762,0.3677962278982874,0.18858363100397582,0.8046498130072309,0.013112834341243218,0.006018518518518645,0.03392746003410675,0.3121112165111291,0.10060638165958924,0.11371562883409375,0.0,0.9999999987499999,0.7013106343396733,0.2770966213477422,0.25783927692508785,0.40712209327455534,neutral,01,10,10,female,normal,1081
0,0.0,True,1.0,0.6145953123613747,0.6542962212138825,0.6344457667876287,0.9798457009129533,-0.07592592592592579,-0.0735648148148148,0.3286923718036061,0.39039219331485897,0.2001235580249425,0.6474955864953996,0.03970090885250788,0.0023611111111109806,0.003325576008941097,0.24806036148172478,0.1002901216411252,0.11449494144062655,0.0,0.9999999987499999,0.6907546498833909,0.2844225344748575,0.2680924440549164,0.4025969477559025,neutral,01,10,10,female,normal,1082
10,0.33366666666666667,True,1.0,0.6530520732825349,0.6699195366874052,0.6614858049849701,0.8879926288870517,-0.07750000000000007,-0.07560185185185198,0.32684355956489475,0.39039219331485925,0.19944369807999524,0.7449226305110556,0.01686746340487033,0.0018981481481480933,0.003651229830124578,0.27371947790762363,0.10214290458854408,0.11335051389070394,0.0,0.9999999987499999,0.6874926190398034,0.2850928062402971,0.27077206516972074,0.4036119548741961,neutral,01,10,10,female,normal,1082
20,0.6673333333333333,True,1.0,0.6343227548554906,0.7129076890000953,0.6736152219277929,0.9094206244192161,-0.07750000000000001,-0.07560185185185181,0.33132601591226774,0.40150200999381597,0.20018454620440232,0.7407080990251175,0.07858493414460466,0.0018981481481482043,0.013086630331063416,0.2645033460281497,0.1004164175953441,0.11321225887268292,0.0,0.9999999987499999,0.6864747774265956,0.2853298428736296,0.2666981961814665,0.4025255089187646,neutral,01,10,10,female,normal,1082
30,1.0010000000000001,True,1.0,0.4977393274162569,0.5017192868838266,0.49972930715004177,0.9312945430362225,-0.09481481481481474,-0.08907407407407408,0.3260821288488019,0.4578385528139952,0.20235837067780693,0.5365964086086188,0.0039799594675696826,0.005740740740740657,0.02863088289803954,0.25102890112932574,0.09973751980610682,0.11431190431066127,0.0,0.9999999987499999,0.693364271364796,0.28102138699264945,0.2579329229306555,0.40020778030935916,neutral,01,10,10,female,normal,1082
40,1.3346666666666667,True,1.0,0.5445721202917649,0.5483033081928705,0.5464377142423178,1.019145669363794,-0.0894907407407407,-0.08324074074074073,0.33020643737124905,0.5019245870375972,0.19401600942721844,0.5361723359757138,0.0037311879011056037,0.006249999999999978,0.024543760479061347,0.24852059968005544,0.10066264453120703,0.11416756155055481,0.0,0.9999999987499999,0.6975693720925871,0.28145425193578066,0.2640654168505949,0.4115624661389901,neutral,01,10,10,female,normal,1082
50,1.6683333333333334,True,1.0,0.6026003083543978,0.6126817695527301,0.607641038953564,1.0207900361995226,-0.09064814814814826,-0.08476851851851847,0.34590614279866727,0.48180454060065053,0.18844764883487858,0.5952654487262209,0.010081461198332309,0.00587962962962979,0.029480602433995695,0.22814762755252055,0.09860084698652424,0.11346150834040451,0.0,0.9999999987499999,0.70267499569359,0.2869004264748023,0.2626558102237987,0.3943257190203446,neutral,01,10,10,female,normal,1082
60,2.0020000000000002,True,1.0,0.6285565768619108,0.6314136492171675,0.6299851130395391,0.7178353379994625,-0.09296296296296308,-0.08884259259259258,0.33158475519527675,0.3657677764280737,0.19428833038107465,0.8776178598217893,0.0028570723552566735,0.004120370370370496,0.03221616862386117,0.29904833265376657,0.09918181290275724,0.11396153989516258,0.0,0.9999999987499999,0.699458213246236,0.2825753337679239,0.25347949798118596,0.3874313365289623,neutral,01,10,10,female,normal,1082
70,2.3356666666666666,True,1.0,0.5937546207710287,0.6050639789857496,0.5994092998783891,0.9540473279160666,-0.08893518518518517,-0.08444444444444438,0.33051971623793097,0.49162693119358725,0.195827349968927,0.6282804661144891,0.0113093582147209,0.004490740740740795,0.03322866463002698,0.267640784214037,0.1002675614740831,0.11300743649168875,0.0,0.9999999987499999,0.6974376488407864,0.2862731492245009,0.26542654567061913,0.39489619068382614,neutral,01,10,10,female,normal,1082
80,2.6693333333333333,True,1.0,0.6023528157392743,0.5833175572452745,0.5928351864922744,1.036746213568703,-0.08958333333333335,-0.08513888888888888,0.3420473658030673,0.5107839316321522,0.19362537138744687,0.5718228615001241,0.019035258493999896,0.004444444444444473,0.026874862829345363,0.22552245005537472,0.10126784928628621,0.11396591907405984,0.0,0.9999999987499999,0.6918821876563125,0.2793144267480679,0.267800425181166,0.4078293863191873,neutral,01,10,10,female,normal,1082
90,3.003,True,1.0,0.5930166579198417,0.6014844747749625,0.5972505663474021,0.5913438787263904,-0.08819444444444446,-0.08291666666666664,0.3675007478718378,0.248308778947,0.1943480092042124,1.009988583349731,0.008467816855120769,0.005277777777777826,0.03338862549052888,0.36391470407160054,0.10084631116077422,0.11417235036212428,0.0,0.9999999987499999,0.6969243483956082,0.277454400177781,0.2653247359811791,0.41100630250218595,neutral,01,10,10,female,normal,1082
100,3.336666666666667,True,1.0,0.5912066268934344,0.6346679938119362,0.6129373103526853,0.6172663416115333,-0.0867592592592592,-0.08361111111111103,0.3599433073136511,0.24659848095803494,0.196425000002762,0.9929867692971143,0.043461366918501776,0.0031481481481481777,0.028820881804138544,0.360660566816999,0.10196317365803094,0.11334425096614048,0.0,0.9999999987499999,0.6969871208483394,0.2780165128871135,0.2677535462063747,0.4103937383209622,neutral,01,10,10,female,normal,1082
110,3.6703333333333332,True,1.0,0.5825564136797288,0.596407162810665,0.5894817882451968,0.6397698145756323,-0.08629629629629626,-0.08356481481481476,0.362679649537071,0.24473794691225104,0.19633758771741705,0.921396688020062,0.013850749130936202,0.0027314814814815014,0.0288318083622061,0.34534917843520574,0.1019406535824049,0.11436841715226957,0.0,0.9999999987499999,0.6955857703784639,0.27805847488986457,0.2662919223584019,0.40822811672107157,neutral,01,10,10,female,normal,1082
0,0.0,True,1.0,0.6252991738825968,0.6488761959707577,0.6370876849266773,0.6943802492758911,-0.07527777777777783,-0.07384259259259257,0.3242995342576048,0.3394482701746057,0.1974638507927773,0.9174910801265456,0.023577022088160926,0.0014351851851852615,0.014873581325098988,0.33820438338521286,0.10187956688469352,0.11257638350576962,0.0,0.9999999987499999,0.6875727141872374,0.28258136086947233,0.26762049511796476,0.4114443480230763,neutral,01,10,10,female,normal,1083
10,0.33366666666666667,True,1.0,0.6057638928010667,0.6550266197739004,0.6303952562874835,0.7128856860750691,-0.07601851851851854,-0.07421296296296293,0.33204824015281587,0.3488339710270939,0.1946174021897175,0.884286595454381,0.04926272697283374,0.0018055555555556158,0.011806864293168124,0.33777317866836115,0.10150841166079509,0.11375170491689657,0.0,0.9999999987499999,0.6880714219125149,0.28316058922304516,0.2662102411626995,0.4082475593322182,neutral,01,10,10,female,normal,1083
20,0.6673333333333333,True,1.0,0.6472366207629999,0.6586132884269694,0.6529249545949847,0.8397683890826005,-0.07615740740740745,-0.07555555555555554,0.3166210398363282,0.4118690756880827,0.19460132869936583,0.7775059922275335,0.011376667663969497,0.0006018518518519089,0.019203507965031962,0.2889654982429371,0.1000138840972966,0.11457014949095447,0.0,0.9999999987499999,0.6871059944446528,0.2839873983136337,0.26405065283245177,0.4072460970575768,neutral,01,10,10,female,normal,1083
30,1.0010000000000001,True,1.0,0.6203055789884554,0.6347649903825955,0.6275352846855254,0.8650996786471971,-0.07884259259259258,-0.0780555555555556,0.3358388526306577,0.4175557872918303,0.19260883806186532,0.7253907268429878,0.014459411394140087,0.000787037037036975,0.019642547972279732,0.2736808720420506,0.10018252418351704,0.11291422624058309,0.0,0.9999999987499999,0.6949185496464211,0.28148098930083293,0.26497654607936777,0.41286855776311787,neutral,01,10,10,female,normal,1083
40,1.3346666666666667,True,1.0,0.5717659042709313,0.5875721220856256,0.5796690131782785,0.9876384269551708,-0.08462962962962967,-0.08111111111111108,0.3241575325585901,0.4937429384357896,0.19122174848100948,0.5869243210446587,0.015806217814694268,0.0035185185185185874,0.016460995963923836,0.24655119480125726,0.09919087966973705,0.11462045963450086,0.0,0.9999999987499999,0.6953630790675646,0.2798752853378434,0.2625806889108703,0.41247972091994445,neutral,01,10,10,female,normal,1083
50,1.6683333333333334,True,1.0,0.4505861006571788,0.451118373337074,0.4508522369971264,0.8996718110352137,-0.08976851851851847,-0.08439814814814806,0.3654127195831783,0.3952529255038674,0.18573898132602046,0.501129669138294,0.000532272679895196,0.005370370370370414,0.020251729769603218,0.26589805049955295,0.09979089037634432,0.11426531635622068,0.0,0.9999999987499999,0.6932840108152637,0.2808436902560711,0.263071035077739,0.4111469582969314,neutral,01,10,10,female,normal,1083
60,2.0020000000000002,True,1.0,0.5696892919848499,0.5768890746337554,0.5732891833093026,1.1837272402008947,-0.08634259259259253,-0.08282407407407405,0.3168918778739327,0.5442696642260297,0.19052821352148885,0.4843085162186582,0.007199782648905528,0.0035185185185184764,0.015544353531721695,0.20631999140905025,0.09953663921321465,0.11365175775404826,0.0,0.9999999987499999,0.6929853436140082,0.2810106060951857,0.2615792160462633,0.40648311889127586,neutral,01,10,10,female,normal,1083
70,2.3356666666666666,True,1.0,0.6064940743851132,0.6305652041894511,0.6185296392872821,1.1866004290189545,-0.08476851851851852,-0.08217592592592593,0.2836202949124325,0.5755086368446641,0.19328305191057024,0.5212619380212629,0.0240711298043379,0.002592592592592591,0.019364418883805967,0.20201609657694222,0.0995952095747555,0.11326451748575697,0.0,0.9999999987499999,0.6968967005943001,0.2788186747738835,0.2558051113214575,0.3930358090019366,neutral,01,10,10,female,normal,1083
80,2.6693333333333333,True,1.0,0.6540906442677454,0.6629684163841476,0.6585295303259465,0.7418749278538267,-0.08199074074074075,-0.07935185185185184,0.3381230838000369,0.356009861775868,0.19258942778070978,0.8876557295594415,0.008877772116402172,0.002638888888888913,0.015539979692308036,0.30629490342237164,0.10015124640910943,0.11394960362737434,0.0,0.9999999987499999,0.6936455832489246,0.279911872288628,0.25836198413506595,0.3986743383983424,neutral,01,10,10,female,normal,1083
90,3.003,True,1.0,0.614788459584936,0.6165905358604362,0.6156894977226861,0.6645462867561452,-0.08259259259259255,-0.08041666666666664,0.3636855797081331,0.2768182661791334,0.19542370001884557,0.9264809840832244,0.0018020762755002195,0.0021759259259259145,0.022031477179035624,0.3286954439546415,0.10061827078521031,0.1123566654720055,0.0,0.9999999987499999,0.6909711049966862,0.28200632047401175,0.26100128929935046,0.4016523328671685,neutral,01,10,10,female,normal,1083
100,3.336666666666667,True,1.0,0.6277702745752326,0.6247590129079491,0.6262646437415909,0.7041722384112321,-0.08078703703703705,-0.07888888888888895,0.35840669370088474,0.2760788151871154,0.196831898696633,0.8893628711557587,0.0030112616672834935,0.0018981481481480933,0.022615063807319934,0.3034744315644202,0.09966470006606253,0.11454185188081424,0.0,0.9999999987499999,0.6936334796653036,0.28082673402794117,0.2610710105285287,0.40225931660835734,neutral,01,10,10,female,normal,1083
0,0.0,True,1.0,0.46571409277361075,0.47006035835649707,0.4678872255650539,0.4851375319824535,-0.08583333333333332,-0.07708333333333334,0.4030572159063788,0.2776123000376263,0.17427823754810928,0.9644424409983116,0.004346265582886311,0.00874999999999998,0.06236608121102885,0.5066958783707463,0.10162304529109553,0.11331353308526078,0.0,0.9999999987499999,0.689942543916004,0.2827458288885341,0.262860182295301,0.3922317035545982,calm,02,10,10,female,normal,1084
10,0.33366666666666667,True,1.0,0.5019474270401183,0.5231020764804826,0.5125247517603004,0.5280761982013185,-0.08606481481481487,-0.07712962962962966,0.38567849162159146,0.2941812456444706,0.17653313560035122,0.9705507529140911,0.02115464944036427,0.008935185185185213,0.06737271136803238,0.4497816958237593,0.10268313261050187,0.11269242337894282,0.0,0.9999999987499999,0.6916609178280686,0.28320209659833795,0.26482402744536804,0.3955429385177153,calm,02,10,10,female,normal,1084
20,0.6673333333333333,True,1.0,0.3892313320799771,0.401642257561939,0.39543679482095806,0.5825777853388651,-0.08018518518518514,-0.07412037037037039,0.38827764156366135,0.29027203401291785,0.1738078366749519,0.6787708092764752,0.012410925481961876,0.006064814814814745,0.07138542467267395,0.413617245627851,0.10267121890885618,0.11287219659916954,0.0,0.9999999987499999,0.6943502884435024,0.2822160972117653,0.2647904466785012,0.39548524179972383,calm,02,10,10,female,normal,1084
30,1.0010000000000001,True,1.0,0.4105688525241191,0.42404209109965335,0.41730547181188626,0.8172846259309401,-0.07995370370370375,-0.0743981481481481,0.4002051390242556,0.3595716457454305,0.17173531452876376,0.5105999288027085,0.01347323857553423,0.005555555555555647,0.06393423540144405,0.3018336308119942,0.10128669899742415,0.11428307184720786,0.0,0.9999999987499999,0.6975731359575079,0.2815100886269631,0.2721477285666033,0.40965452849826767,calm,02,10,10,female,normal,1084
40,1.3346666666666667,True,1.0,0.4716773545035547,0.4633890679406073,0.467533211222081,0.9340180968325796,-0.08643518518518523,-0.08078703703703699,0.34086239085296893,0.49377771652356206,0.17755460506477094,0.500561191274097,0.008288286562947389,0.005648148148148235,0.06339402748947326,0.2827746501091614,0.10287428329814197,0.11352935096588221,0.0,0.9999999987499999,0.6921696009106768,0.2821305705678833,0.26423128661164275,0.39242534263409506,calm,02,10,10,female,normal,1084
50,1.6683333333333334,True,1.0,0.4445470128298414,0.4701011647904901,0.45732408881016573,0.938234326185489,-0.08199074074074081,-0.07402777777777769,0.3589011476722904,0.45499456843636144,0.17880520629163896,0.48743056616727615,0.025554151960648697,0.007962962962963116,0.057476217748408526,0.2956867166723168,0.10139989422639015,0.11434938260920888,0.0,0.9999999987499999,0.6924652354457408,0.28655310250184,0.2758970143170376,0.4016795628082812,calm,02,10,10,female,normal,1084
60,2.0020000000000002,True,1.0,0.46383199951415044,0.4628606908106366,0.4633463451623935,1.0179828056417546,-0.08217592592592587,-0.07550925925925933,0.36607032477717616,0.4236200885367735,0.1851886669820613,0.45516126853467986,0.0009713087035138623,0.006666666666666543,0.055346096747484266,0.26352966950037104,0.10264404474323223,0.11540048201477471,0.0,0.9999999987499999,0.6783285232921293,0.28402914674523355,0.27941407405712576,0.4200841188216457,calm,02,10,10,female,normal,1084
70,2.3356666666666666,True,1.0,0.5010323689455524,0.5185729979020215,0.509802683423787,0.8317642220286724,-0.08416666666666672,-0.07791666666666669,0.34338513738428433,0.38015757459024696,0.18808198002844334,0.6129173026706758,0.01754062895646913,0.006250000000000033,0.06220151661388139,0.29766284563344936,0.10538855083873842,0.11256161258493375,0.0,0.9999999987499999,0.680299255405287,0.28054905487201764,0.2781226767516436,0.41644640461669885,calm,02,10,10,female,normal,1084
80,2.6693333333333333,True,1.0,0.5043114773444107,0.4964349199348262,0.5003731986396185,0.5783487460136485,-0.08240740740740748,-0.07416666666666671,0.3813563769149681,0.31908320148353914,0.18454283351074247,0.865175557288768,0.00787655740958454,0.00824074074074077,0.05932333899657999,0.4520793419543564,0.10549971473220976,0.11296453120237387,0.0,0.9999999987499999,0.6777677364226941,0.28288377448241947,0.2811680984116726,0.42051670694436943,calm,02,10,10,female,normal,1084
90,3.003,True,1.0,0.45109773340303166,0.4833384208861693,0.4672180771446005,0.49462841444692984,-0.08129629629629631,-0.07217592592592592,0.3772706203200212,0.28348170395039474,0.18385295761458506,0.9445839816279493,0.03224068748313763,0.00912037037037039,0.06891804449550679,0.532235888071727,0.10396457230058916,0.11404531962843793,0.0,0.9999999987499999,0.6811855276485593,0.28216122435056934,0.28241329655964476,0.4180727439566074,calm,02,10,10,female,normal,1084
100,3.336666666666667,True,1.0,0.5001512156516927,0.4908919199524053,0.49552156780204903,0.5125916290395066,-0.08041666666666664,-0.07162037037037039,0.36853143679726164,0.29289255365201244,0.18413658012686646,0.9666985173568998,0.009259295699287462,0.008796296296296247,0.05872038701112136,0.47136815119480496,0.10617351516378055,0.11267017214434796,0.0,0.9999999987499999,0.6825096165106668,0.2816115955199072,0.27976477179474063,0.41282173603274935,calm,02,10,10,female,normal,1084
0,0.0,True,1.0,0.5629180408505235,0.5987506222875296,0.5808343315690265,0.6522585752883322,-0.0764351851851851,-0.07703703703703707,0.3548395683352662,0.29835223710396613,0.18896803849392496,0.8904970414720382,0.03583258143700607,0.0006018518518519644,0.004103384134751193,0.3596466622761784,0.10245698331360559,0.1137387107258941,0.0,0.9999999987499999,0.6874364146127201,0.2777981811754355,0.2668926728435127,0.41520802409022356,calm,02,10,10,female,normal,1085
10,0.33366666666666667,True,1.0,0.6126817695527295,0.6147373198870084,0.6137095447198689,0.6455607180619491,-0.07615740740740728,-0.07555555555555554,0.36011651478507944,0.28842136767734955,0.18763178962148838,0.9506612275949794,0.002055550334278955,0.0006018518518517424,0.005194697808170852,0.3615295392757654,0.1011721537078128,0.1143844885390458,0.0,0.9999999987499999,0.6905278604801296,0.2799924838381626,0.2612727104130837,0.4063052423526102,calm,02,10,10,female,normal,1085
20,0.6673333333333333,True,1.0,0.5691051391053795,0.5971963391553796,0.5831507391303796,0.6163779731902855,-0.07393518518518516,-0.07425925925925936,0.3707130298660865,0.2678102777572439,0.18839055565185736,0.9460927620629815,0.028091200050000098,0.00032407407407419875,0.012825323744147186,0.38438671360514637,0.1026600785769225,0.11305098040776619,0.0,0.9999999987499999,0.6889983161780336,0.2809862227391036,0.26509649706543365,0.40689286733390373,calm,02,10,10,female,normal,1085
30,1.0010000000000001,True,1.0,0.5091714759679561,0.5448176417443922,0.5269945588561742,0.8622443365996316,-0.07347222222222222,-0.07449074074074075,0.4112775421153591,0.25735011083102777,0.19122174848100948,0.6111893537444887,0.03564616577643609,0.0010185185185185297,0.020233573592670855,0.29802622810882085,0.1004542025406747,0.11518104463752035,0.0,0.9999999987499999,0.6889897099152161,0.28291298510667295,0.2825191988858503,0.4278347483376835,calm,02,10,10,female,normal,1085
40,1.3346666666666667,True,1.0,0.48373701782771245,0.4862403266725924,0.4849886722501524,0.7484333610306942,-0.08361111111111108,-0.0816203703703704,0.3798578863646987,0.2771108946183094,0.2010362880985089,0.6480051498269094,0.002503308844879981,0.001990740740740682,0.018233092524763628,0.35546648395359126,0.10014450733974191,0.11594442351556272,0.0,0.9999999987499999,0.6892946460771807,0.28054444437754966,0.27160260011178555,0.4078966316492147,calm,02,10,10,female,normal,1085
50,1.6683333333333334,True,1.0,0.5065338693248695,0.5161290322580642,0.5113314507914668,0.7822205760702494,-0.08412037037037035,-0.08148148148148132,0.37894771883223305,0.29473519842429374,0.2079065769793682,0.6536921508256839,0.009595162933194623,0.002638888888889024,0.02130107971927727,0.34448057297315327,0.10193942623829982,0.1158590548940855,0.0,0.9999999987499999,0.6860614754808173,0.28203797053953794,0.2832360165878218,0.4102330122497366,calm,02,10,10,female,normal,1085
60,2.0020000000000002,True,1.0,0.5825952533357831,0.6093807712655128,0.595988012300648,0.9201867788272696,-0.09240740740740733,-0.0870833333333334,0.37949845919648034,0.22998353651419742,0.22812050773523787,0.6476815642365606,0.02678551792972972,0.005324074074073926,0.02954354162803419,0.29196988331719403,0.08707556785367411,0.11449143638700772,0.0,0.9999999987499999,0.71405356204982,0.2988199422102056,0.259156104280527,0.4149661870575398,calm,02,10,10,female,normal,1085
70,2.3356666666666666,True,1.0,0.5934026551955917,0.623508152678043,0.6084554039368173,0.8473569726148266,-0.08768518518518525,-0.08259259259259266,0.34336743598586095,0.1763390770352839,0.2271008696348567,0.718062662609842,0.030105497482451393,0.005092592592592593,0.02828278014866237,0.2945712630061482,0.1031194136860071,0.11381006132580043,0.0,0.9999999987499999,0.6607576110913115,0.2851221087966303,0.28245487333514213,0.3973311065498278,calm,02,10,10,female,normal,1085
80,2.6693333333333333,True,1.0,0.6053854757359844,0.6690852049140285,0.6372353403250064,0.5498942215895444,-0.08365740740740746,-0.08097222222222222,0.37279998455500424,0.13727671144969694,0.22274380402386806,1.1588325814426466,0.063699729178044,0.002685185185185235,0.031132419405553016,0.4829384568270516,0.1056454739492104,0.1135016508360102,0.0,0.9999999987499999,0.6646786408625951,0.2822780663609607,0.29379426964315847,0.41672252305886,calm,02,10,10,female,normal,1085
90,3.003,True,1.0,0.6083650621049177,0.6680172176698583,0.6381911398873881,0.5246396112036433,-0.0788888888888889,-0.07555555555555549,0.37881061291242657,0.10221490511742169,0.21922694935218526,1.2164372004302755,0.059652155564940634,0.0033333333333334103,0.03558422537631861,0.5161355551905675,0.104201937940166,0.11366098453227405,0.0,0.9999999987499999,0.6593130822485245,0.2820694947853207,0.2889644673910003,0.4104593237997923,calm,02,10,10,female,normal,1085
100,3.336666666666667,True,1.0,0.6229233713527687,0.6571743237556635,0.6400488475542161,0.5152013026703661,-0.07837962962962963,-0.07532407407407399,0.3824408674279527,0.09008010198902461,0.2169833485454746,1.2423276964494194,0.034250952402894885,0.0030555555555556446,0.0338311865328863,0.5252229314068418,0.10365420000971852,0.11515769093333528,0.0,0.9999999987499999,0.6582491156697055,0.28320402576574055,0.285253930527622,0.41170831335326175,calm,02,10,10,female,normal,1085
0,0.0,True,1.0,0.5242168032446096,0.5727629744397851,0.5484898888421974,0.6039957577314766,-0.07263888888888886,-0.07083333333333341,0.3522299858513132,0.24528810677638152,0.19079671543897023,0.9081022206219602,0.04854617119517546,0.0018055555555554492,0.04192967179218574,0.402456228924397,0.10262312121845463,0.11342098038450804,0.0,0.9999999987499999,0.6775516328953457,0.2848554591475878,0.2681416879517282,0.4068939719711458,calm,02,10,10,female,normal,1086
10,0.33366666666666667,True,1.0,0.5424041493364761,0.5832182112587256,0.5628111802976008,0.5824758388033745,-0.07134259259259262,-0.07004629629629633,0.355817305563632,0.22809454475414798,0.191610360590167,0.9662395292718539,0.04081406192224957,0.0012962962962962954,0.04176394459165128,0.4177049769212408,0.10282731323155098,0.11357189506506823,0.0,0.9999999987499999,0.6769286369391507,0.2848160558449761,0.2709842049308053,0.4065724539145386,calm,02,10,10,female,normal,1086
20,0.6673333333333333,True,1.0,0.5106439733808588,0.5642667365682044,0.5374553549745316,0.5671838848486676,-0.07083333333333336,-0.06921296296296309,0.37012504446353117,0.20211302086361127,0.19154823563415124,0.9475857289526695,0.0536227631873456,0.001620370370370272,0.034379910380044856,0.45074446420611597,0.10313015474306932,0.1136327891627414,0.0,0.9999999987499999,0.6770723161530237,0.28463031865022276,0.2755499592436874,0.4121389150244956,calm,02,10,10,female,normal,1086
30,1.0010000000000001,True,1.0,0.48096433958529233,0.5536270381420674,0.5172956888636798,0.9352619020327406,-0.09111111111111109,-0.08791666666666664,0.3577916689429589,0.31594967332601764,0.21319394962392815,0.5531024921889429,0.07266269855677504,0.003194444444444444,0.039175984983927305,0.298345992965745,0.1001175410304754,0.1161318802920132,0.0,0.9999999987499999,0.6813035602913039,0.2852174056385705,0.28522450422859535,0.4207335285073701,calm,02,10,10,female,normal,1086
40,1.3346666666666667,True,1.0,0.46145498404574675,0.49167473776786097,0.47656486090680383,0.811694729296377,-0.09333333333333332,-0.08967592592592594,0.3672382226157065,0.39836507853734054,0.1987663794378593,0.5871232665511051,0.030219753722114218,0.003657407407407387,0.05028252775789381,0.3016523675094554,0.09808432808647526,0.1149074809147552,0.0,0.9999999987499999,0.6958804845688276,0.28623446420623905,0.26655178393661894,0.3957334539316106,calm,02,10,10,female,normal,1086
50,1.6683333333333334,True,1.0,0.4921260968519263,0.5007575640338806,0.49644183044290346,0.9179449606701218,-0.09532407407407406,-0.08916666666666667,0.3774308025493707,0.43262985259270087,0.19291092954032213,0.5408187328361049,0.008631467181954289,0.006157407407407389,0.05962310096455315,0.27401800546675625,0.0994515687867956,0.11422767569570635,0.0,0.9999999987499999,0.6995790332695578,0.2840097374052438,0.27658284688602686,0.4152386553094454,calm,02,10,10,female,normal,1086
60,2.0020000000000002,True,1.0,0.46257398750834267,0.5239139206438287,0.4932439540760857,1.0649009255906425,-0.09680555555555564,-0.09050925925925912,0.3606383441877806,0.4575700594868962,0.19859549839688442,0.4631829517872849,0.061339933135486024,0.006296296296296522,0.06107646795779979,0.24982025880405256,0.09701349479644007,0.11515307474525438,0.0,0.9999999987499999,0.7009293939841561,0.28517696649118063,0.2688422345654333,0.39466943845792357,calm,02,10,10,female,normal,1086
70,2.3356666666666666,True,1.0,0.4533119717729031,0.4722643761367055,0.4627881739548043,0.8844588903015257,-0.09787037037037039,-0.09175925925925921,0.3371810987908582,0.3617303428874894,0.20229643618534618,0.52324441421696,0.01895240436380241,0.006111111111111178,0.0581701151532037,0.2747685479471026,0.09803107233018626,0.11462096470030178,0.0,0.9999999987499999,0.7029119394085759,0.2841906199542756,0.26723429627704526,0.39163153456411354,calm,02,10,10,female,normal,1086
80,2.6693333333333333,True,1.0,0.5007211757097165,0.5440233238852344,0.5223722497974754,0.5587983257405998,-0.09074074074074068,-0.08393518518518522,0.37457937045477474,0.27854251012145753,0.20110928941513992,0.9348135556869335,0.04330214817551792,0.006805555555555454,0.06607383217266417,0.45994609862418445,0.10154190122752688,0.11455640550491797,0.0,0.9999999987499999,0.6854462763542917,0.2825185258762559,0.27539534852560615,0.4118542632685038,calm,02,10,10,female,normal,1086
90,3.003,True,1.0,0.2378213773772108,0.23579294828623376,0.23680716283172226,0.5044050584586204,-0.10277777777777769,-0.09495370370370376,0.3887610316359634,0.21334101079504905,0.19903756739245715,0.46947816811228327,0.0020284290909770297,0.007824074074073928,0.05506881065936841,0.4986919774336846,0.10170718340015361,0.11490817392424574,0.0,0.9999999987499999,0.6884967388048969,0.28053938465011674,0.2696012800745486,0.3960287656032414,calm,02,10,10,female,normal,1086
100,3.336666666666667,True,1.0,0.4948299756629639,0.5578602456630821,0.526345110663023,0.5685142949505309,-0.08736111111111111,-0.08106481481481476,0.37812019228043564,0.23808301035104934,0.2002987408318492,0.925825639457004,0.06303027000011824,0.006296296296296355,0.06091254509706347,0.461016708174802,0.10185262024759797,0.11428023230620149,0.0,0.9999999987499999,0.6876742122552145,0.281251379464915,0.27526279775035006,0.40696208796493705,calm,02,10,10,female,normal,1086
0,0.0,True,1.0,0.615476210628941,0.589629886126739,0.60255304837784,0.6306766895562992,-0.07060185185185197,-0.07611111111111107,0.3445464532991851,0.255883779541042,0.1924895725603434,0.95540719731017,0.025846324502202034,0.005509259259259103,0.046874607298664286,0.39397682445826937,0.09991777140471496,0.11465397997475348,0.0,0.9999999987499999,0.689548796276323,0.28287916397306734,0.2635558499553387,0.4023654455722489,calm,02,10,10,female,normal,1087
10,0.33366666666666667,True,1.0,0.5999349595567687,0.5897581774775306,0.5948465685171496,0.6156781898718623,-0.06995370370370368,-0.07583333333333331,0.35491202520617954,0.24979845428603872,0.19110161730622874,0.9661647566904257,0.010176782079238111,0.0058796296296296235,0.04860661463676584,0.37172116729152327,0.10191593801476763,0.11321857462577106,0.0,0.9999999987499999,0.6889541197025687,0.2832562303053258,0.2663817227051352,0.40389903025903395,calm,02,10,10,female,normal,1087
20,0.6673333333333333,True,1.0,0.5807776101737255,0.5481815803638729,0.5644795952687992,0.6105397171527173,-0.06699074074074074,-0.07374999999999998,0.3478235671922114,0.23931891027944446,0.19326449887396505,0.9245583528968079,0.032596029809852656,0.006759259259259243,0.05445197713080132,0.3904267441585808,0.10149665844007985,0.11376219202680317,0.0,0.9999999987499999,0.687054772565276,0.28367404509594163,0.2681359842689013,0.4083371827982142,calm,02,10,10,female,normal,1087
30,1.0010000000000001,True,1.0,0.5150439908661749,0.5280879836697946,0.5215659872679848,0.884400499022818,-0.06939814814814815,-0.07800925925925928,0.35028961485897275,0.3203065020206175,0.19047174398086422,0.589739589523375,0.013043992803619675,0.008611111111111125,0.057145929426328276,0.2968067107959384,0.0996787079634569,0.11436319120510048,0.0,0.9999999987499999,0.6904330452806124,0.28213231395579047,0.2688369818755329,0.4085708137402695,calm,02,10,10,female,normal,1087
40,1.3346666666666667,True,1.0,0.5135940055874928,0.5046527483059411,0.5091233769467169,0.885286964307216,-0.09324074074074074,-0.09546296296296297,0.35978027669098916,0.35741981273129875,0.21196434753034096,0.5750941756440896,0.008941257281551707,0.0022222222222222365,0.04246590519769486,0.28325293585236805,0.09969845375305052,0.11384502975863123,0.0,0.9999999987499999,0.691684377446291,0.2836443340146944,0.2717985664989036,0.4000004127735152,calm,02,10,10,female,normal,1087
50,1.6683333333333334,True,1.0,0.38222940042851816,0.3914558146147003,0.38684260752160926,0.9192792090421397,-0.0994444444444445,-0.10277777777777775,0.37575516449925,0.37180740663485007,0.2072332791630479,0.4208107870999141,0.009226414186182141,0.0033333333333332438,0.05113925639276048,0.2901929687137921,0.09849833475467262,0.11471898964081026,0.0,0.9999999987499999,0.6954490094944229,0.2811308585900774,0.2696606286670293,0.40019271924707034,calm,02,10,10,female,normal,1087
60,2.0020000000000002,True,1.0,0.47800323049642596,0.49046875685748603,0.484235993676956,0.8997674811133312,-0.0998148148148148,-0.101712962962963,0.362336848718699,0.40719968167799403,0.20007922169436854,0.5381790338519287,0.012465526361060075,0.0018981481481482043,0.05442367517010256,0.27818758733396165,0.09733599811816326,0.11504632203496507,0.0,0.9999999987499999,0.6974529027782989,0.28519124050547257,0.2614096498434011,0.38091052492253097,calm,02,10,10,female,normal,1087
70,2.3356666666666666,True,1.0,0.4743916267988076,0.47188057328031746,0.4731361000395625,0.8654972848559288,-0.09574074074074074,-0.10023148148148148,0.3443983373083448,0.38853479308626676,0.20148584830677616,0.546663875575671,0.002511053518490125,0.00449074074074074,0.067948741376925,0.27851645994357555,0.10085170552987133,0.1133301275745587,0.0,0.9999999987499999,0.7002910865283614,0.280669062385682,0.26753908430858697,0.3885507254113467,calm,02,10,10,female,normal,1087
80,2.6693333333333333,True,1.0,0.513601260443233,0.4898492763968848,0.5017252684200588,0.7783528870478308,-0.0919444444444445,-0.09800925925925918,0.36586890928430815,0.33457192274982095,0.20462391830818172,0.6445987119326084,0.02375198404634815,0.00606481481481469,0.07339859843667702,0.31490929859817673,0.10239585398581694,0.1139610494040017,0.0,0.9999999987499999,0.6906448255630379,0.2778649154061395,0.27316511157649415,0.3956353119696536,calm,02,10,10,female,normal,1087
90,3.003,True,1.0,0.5296024912591905,0.5015398234031382,0.5155711573311643,0.5255928382328813,-0.08837962962962964,-0.09375,0.3890796851514237,0.21004462204567445,0.20816878991115564,0.9809326151866694,0.02806266785605227,0.005370370370370359,0.06970552166095252,0.4264370990595069,0.10098049788954962,0.11304697883083306,0.0,0.9999999987499999,0.693242504916029,0.27799956686296445,0.27256421376660267,0.39518014245258815,calm,02,10,10,female,normal,1087
100,3.336666666666667,True,1.0,0.5489522092269921,0.5085167516104013,0.5287344804186966,0.5803802379756983,-0.0891203703703704,-0.09435185185185185,0.3897190340949656,0.18945809878403358,0.21030347386295636,0.9110139281496967,0.04043545761659073,0.005231481481481448,0.07215871074793644,0.4108507508551971,0.10363330526907619,0.11130693691860821,0.0,0.9999999987499999,0.6832811432150986,0.28035882675475643,0.2792501977822106,0.39316540347549206,calm,02,10,10,female,normal,1087
110,3.6703333333333332,True,1.0,0.5296478122870439,0.5274484032097931,0.5285481077484185,0.5950207785270077,-0.08856481481481482,-0.09361111111111103,0.3823140611645902,0.1964077468272338,0.2159020301988862,0.888285126877175,0.0021994090772508024,0.0050462962962962155,0.08218388450556717,0.3914332821367851,0.10448829620904797,0.11221555862813028,0.0,0.9999999987499999,0.687454640051333,0.27662451723989334,0.28086323284847814,0.3944392560243582,calm,02,10,10,female,normal,1087
0,0.0,True,1.0,0.4978124257028217,0.5160447075614643,0.506928566632143,0.84397560292784,-0.07893518518518516,-0.07175925925925924,0.35578249447816424,0.3389207442286637,0.18182927985095232,0.6006436262772935,0.018232281858642563,0.007175925925925919,0.06915208674729963,0.28768827393313,0.10304480215457276,0.11337460228647701,0.0,0.9999999987499999,0.6852215943564925,0.2830482448270682,0.2659755636943917,0.40797885291886665,calm,02,10,10,female,strong,1088
10,0.33366666666666667,True,1.0,0.5125159825231003,0.5371389086258249,0.5248274455744626,0.8068801038399817,-0.07870370370370372,-0.07291666666666663,0.35975688913544485,0.34170986100790257,0.18182927985095232,0.6504404348016307,0.02462292610272465,0.0057870370370370905,0.07368245456457184,0.2974419605314696,0.10336781854828923,0.11375210579996212,0.0,0.9999999987499999,0.6849125445099915,0.283029849293589,0.26672115862501794,0.40757932265721525,calm,02,10,10,female,strong,1088
20,0.6673333333333333,True,1.0,0.47528399242012853,0.4990025455044726,0.48714326896230054,0.8138620700819087,-0.07569444444444445,-0.06967592592592597,0.36397912091894047,0.33929903481559237,0.1798078133172702,0.598557528197958,0.023718553084344063,0.006018518518518479,0.06949830814849105,0.31575195702140285,0.10289358563788717,0.11468072794584104,0.0,0.9999999987499999,0.6824682613983094,0.2839249360542428,0.26799870179015584,0.40462260493671065,calm,02,10,10,female,strong,1088
30,1.0010000000000001,True,1.0,0.48104822969096445,0.48159843522828144,0.48132333245962294,0.8150633698987524,-0.09351851851851845,-0.08402777777777776,0.394723165723629,0.31968378294604394,0.1958990084618202,0.5905348592949444,0.0005502055373169945,0.009490740740740689,0.0689456685450768,0.32057652851846685,0.10159062012070798,0.11434670831820937,0.0,0.9999999987499999,0.6798705203722114,0.2863043412823184,0.27365576736487757,0.4118633759635172,calm,02,10,10,female,strong,1088
40,1.3346666666666667,True,1.0,0.47551262764428964,0.4666511471839696,0.4710818874141296,0.7776998732130664,-0.10189814814814813,-0.09226851851851847,0.39309274533106264,0.3442748431726616,0.19171588652722132,0.6057373848704065,0.008861480460320037,0.009629629629629655,0.059527517795367954,0.33035123111756526,0.10022903890570344,0.11219574238414765,0.0,0.9999999987499999,0.6966116381318153,0.2843399677410849,0.27089321675060934,0.40501904605397554,calm,02,10,10,female,strong,1088
50,1.6683333333333334,True,1.0,0.35929885016786167,0.37799376964100173,0.3686463099044317,1.0525856201360846,-0.10254629629629619,-0.09171296296296294,0.3553102809158023,0.5114698649058794,0.18763028865305295,0.35022928572477635,0.01869491947314006,0.01083333333333325,0.08454232036376418,0.24945616767328282,0.09843621030439406,0.11493817895798893,0.0,0.9999999987499999,0.6976857457983194,0.2827126749359288,0.26167212578315785,0.3929762893382687,calm,02,10,10,female,strong,1088
60,2.0020000000000002,True,1.0,0.34033556778783336,0.3610268152387878,0.35068119151331056,0.6063528729365076,-0.10435185185185186,-0.09532407407407412,0.3648499614609032,0.3401872106993149,0.19093230722389617,0.5783450646733079,0.020691247450954464,0.009027777777777746,0.07989949431881839,0.40298235588478215,0.10095518480183015,0.11357395335442885,0.0,0.9999999987499999,0.699946996556435,0.28081133818844034,0.2643684977926755,0.39215582009979816,calm,02,10,10,female,strong,1088
70,2.3356666666666666,True,1.0,0.3133498819538415,0.33103379949570105,0.32219184072477125,0.8095862273278301,-0.10513888888888889,-0.09416666666666657,0.36198593985327215,0.4157855327158201,0.18852320659353958,0.3979710003074254,0.01768391754185955,0.010972222222222328,0.074225138951658,0.3244050539843288,0.10202646514094912,0.11295043393191787,0.0,0.9999999987499999,0.6921795669361495,0.283462050247305,0.2677975591911636,0.39106368004934666,calm,02,10,10,female,strong,1088
80,2.6693333333333333,True,1.0,0.3221746090915694,0.3401230093186169,0.33114880920509315,0.7789542204381378,-0.10453703703703704,-0.09231481481481474,0.389284771788649,0.38695945212569516,0.1902427870110757,0.4251197317075093,0.017948400227047467,0.012222222222222301,0.08006879388837161,0.32812809835973494,0.10075298799613265,0.1140878412631661,0.0,0.9999999987499999,0.6939057069859195,0.28365110162922047,0.27454084544153906,0.3955825148495705,calm,02,10,10,female,strong,1088
90,3.003,True,1.0,0.30920342852035926,0.32053883223078816,0.3148711303755737,0.4674832393425858,-0.10273148148148142,-0.09027777777777779,0.38772450310019385,0.3042396073487133,0.1939289003882399,0.6735452822188276,0.011335403710428904,0.012453703703703634,0.07789517904308163,0.5370235948640317,0.10351938059286386,0.11327831845396903,0.0,0.9999999987499999,0.6846273071494223,0.28203775714485535,0.27242913273474956,0.39953233486877754,calm,02,10,10,female,strong,1088
100,3.336666666666667,True,1.0,0.3024719803462561,0.3109133678185958,0.30669267408242595,0.4581268676813307,-0.10203703703703704,-0.08962962962962961,0.36622033831587336,0.26463683438727453,0.1948214941218751,0.6694492196771984,0.00844138747233969,0.012407407407407423,0.08614875525409171,0.5535702563620557,0.10497809885620145,0.11260663453462369,0.0,0.9999999987499999,0.6857703473107992,0.2812022415662937,0.2738642759563629,0.39728366819034966,calm,02,10,10,female,strong,1088
110,3.6703333333333332,True,1.0,0.48114095701564397,0.49606722970428724,0.4886040933599656,0.48517328331763687,-0.09013888888888894,-0.07726851851851851,0.36773202776733904,0.25203508036883293,0.1914897157161277,1.007071308664955,0.014926272688643272,0.01287037037037042,0.08818399324567772,0.5227109907094112,0.10403769108027766,0.11347605128457436,0.0,0.9999999987499999,0.6856416248686975,0.28174060844942217,0.2740439277489942,0.40168381662716784,calm,02,10,10,female,strong,1088
0,0.0,True,1.0,0.5142299653343723,0.5191851492621726,0.5167075572982724,0.9502758863961693,-0.07717592592592593,-0.07967592592592598,0.332926597576669,0.44501232721983464,0.18403150894573134,0.5437447847464978,0.004955183927800366,0.0025000000000000577,0.03552394092341702,0.2463515217221792,0.10208881326378813,0.11255605903735864,0.0,0.9999999987499999,0.6949794779786914,0.27576143157542177,0.26285408467447197,0.40426858320740294,calm,02,10,10,female,strong,1089
10,0.33366666666666667,True,1.0,0.5413729653815336,0.5477931746066733,0.5445830699941034,0.8824869146505734,-0.07712962962962966,-0.07856481481481487,0.34794371718691475,0.4336806441912235,0.18194486376946223,0.6171004475570436,0.00642020922513975,0.001435185185185206,0.03436114895251729,0.255809132681548,0.10143020815690279,0.11365393497584052,0.0,0.9999999987499999,0.6958808644551572,0.27574721060854773,0.25948711948075065,0.40352250918666466,calm,02,10,10,female,strong,1089
20,0.6673333333333333,True,1.0,0.5392885961404289,0.532681131963746,0.5359848640520875,0.8531625133540959,-0.09671296296296295,-0.095787037037037,0.33896864792801973,0.4625730203185624,0.19861111111111107,0.6282330220357827,0.006607464176682898,0.0009259259259259411,0.03405841717900887,0.26366814139372313,0.09931276631011907,0.11418164007223665,0.0,0.9999999987499999,0.6985686845597614,0.28159410825158476,0.25526571404940374,0.38258720288220327,calm,02,10,10,female,strong,1089
30,1.0010000000000001,True,1.0,0.5591979846634918,0.5549612016467362,0.557079593155114,1.1172982808206207,-0.09722222222222221,-0.09759259259259262,0.34450415465911066,0.5874191434131837,0.18264933186801838,0.4985952298664207,0.004236783016755563,0.00037037037037040976,0.039336197655542485,0.2153115795941674,0.09888479052286779,0.11270815082198225,0.0,0.9999999987499999,0.7080802704519306,0.2775269280161928,0.2563315515614709,0.38752528422799964,calm,02,10,10,female,strong,1089
40,1.3346666666666667,True,1.0,0.4943899717077266,0.5071136947603695,0.500751833234048,0.8729074294954747,-0.09597222222222224,-0.10069444444444448,0.3553840566777475,0.525991706578116,0.1744634945369561,0.5736597218830797,0.01272372305264291,0.004722222222222239,0.04576057590023313,0.2717863228171398,0.09735682200781155,0.1140306023257856,0.0,0.9999999987499999,0.705055364028424,0.2793604622637623,0.24898466517162118,0.3774322452237654,calm,02,10,10,female,strong,1089
50,1.6683333333333334,True,1.0,0.36468475434508,0.3725775149002555,0.3686311346226677,1.2597250696947435,-0.11087962962962966,-0.11453703703703699,0.3233319768869607,0.7192625719659892,0.17556410198628306,0.2926282436468414,0.00789276055517546,0.0036574074074073315,0.054457578421358156,0.2021357817782759,0.09709732088867441,0.11524783303671612,0.0,0.9999999987499999,0.7045802906084309,0.27954304301380345,0.2504393027230521,0.37872427253323976,calm,02,10,10,female,strong,1089
60,2.0020000000000002,True,1.0,0.42349696691957983,0.4604711455034582,0.44198405621151904,0.6870284041936736,-0.09300925925925929,-0.09990740740740739,0.35106458026287796,0.4476111074619677,0.1709208442652337,0.6433271950819133,0.03697417858387836,0.006898148148148098,0.04942445914676445,0.32643412076326644,0.0992642261294521,0.112034524029552,0.0,0.9999999987499999,0.7089481815460559,0.2759400545686293,0.25080573926506144,0.3808696028192075,calm,02,10,10,female,strong,1089
70,2.3356666666666666,True,1.0,0.41836912087541234,0.44165006203113877,0.43000959145327555,0.8940723864641661,-0.09699074074074077,-0.09893518518518518,0.3467753024914589,0.5304759868504362,0.176528973825883,0.48095612610725685,0.02328094115572643,0.0019444444444444153,0.0513691764536824,0.2784699846141612,0.09825055088661215,0.1137649777016251,0.0,0.9999999987499999,0.7082950581482593,0.27833644262449714,0.25249861187510286,0.38159881127681033,calm,02,10,10,female,strong,1089
80,2.6693333333333333,True,1.0,0.46843457297350977,0.5100700590468858,0.4892523160101978,0.9359420898445749,-0.0973148148148148,-0.09972222222222227,0.35873777081515446,0.534356620133775,0.18077894688297066,0.5227378075191002,0.04163548607337608,0.002407407407407469,0.06996700219202241,0.25439099350129313,0.09963007564570053,0.1132338497014559,0.0,0.9999999987499999,0.7097736202684198,0.2770583269152317,0.2594779408243661,0.38559422880287986,calm,02,10,10,female,strong,1089
90,3.003,True,1.0,0.49461362554638655,0.5131283068110272,0.5038709661787069,0.40532502292600364,-0.09115740740740735,-0.09370370370370362,0.3777473739580089,0.379515405135005,0.18145361677040917,1.2431282000339117,0.01851468126464062,0.0025462962962962687,0.07616708661303463,0.5586252838984346,0.1017327533306082,0.11237049112798927,0.0,0.9999999987499999,0.7029619290997648,0.2771011014611641,0.26459123766157977,0.39491494704770197,calm,02,10,10,female,strong,1089
100,3.336666666666667,True,1.0,0.48805475097655904,0.524504305396759,0.506279528186659,0.42307232179051113,-0.08995370370370376,-0.09324074074074079,0.39122565030419987,0.34461334548919537,0.1829210571493353,1.196673717732234,0.036449554420199926,0.0032870370370370328,0.07289729313443512,0.5434657259258844,0.1013023447612796,0.11326441261621338,0.0,0.9999999987499999,0.695494950605242,0.2812365024749004,0.26337203008150384,0.38947274515062547,calm,02,10,10,female,strong,1089
110,3.6703333333333332,True,1.0,0.5148505599457468,0.5067012821933145,0.5107759210695306,0.4559200235846942,-0.09013888888888888,-0.09435185185185185,0.39267537203921865,0.34719236572240364,0.18650464509470793,1.1203191231951806,0.008149277752432349,0.004212962962962974,0.07589228405490493,0.5069765725795635,0.10203402636883135,0.11328047260040375,0.0,0.9999999987499999,0.6944832317380076,0.2811251630943682,0.2650911216352944,0.3866187497053399,calm,02,10,10,female,strong,1089
0,0.0,True,1.0,0.5967308662315705,0.6125793602866096,0.60465511325909,0.5734985205372783,-0.08986111111111111,-0.08337962962962969,0.38184256728309185,0.2339258787130733,0.2020560556057742,1.0543272416685971,0.015848494055039186,0.0064814814814814214,0.04432936961249565,0.4110694828853319,0.10099714181882734,0.11403894688359022,0.0,0.9999999987499999,0.6872411913046469,0.2825618196598765,0.2685627984359349,0.40677575059765947,calm,02,10,10,female,strong,1090
10,0.33366666666666667,True,1.0,0.5861413468230067,0.6099151227433737,0.5980282347831902,0.5437212795903845,-0.08810185185185188,-0.08199074074074075,0.38226327644165614,0.20646638404961387,0.20288062891186429,1.0998801357079828,0.023773775920367002,0.006111111111111123,0.04883954628654594,0.4177049769212408,0.10298670684936145,0.11275351044368877,0.0,0.9999999987499999,0.6847116407578655,0.28273954760480974,0.27345387506569985,0.4077089197122923,calm,02,10,10,female,strong,1090
20,0.6673333333333333,True,1.0,0.5585544552279182,0.6102592677052007,0.5844068614665594,0.5092620672644101,-0.08902777777777782,-0.08310185185185187,0.4021837741371405,0.1485498676680935,0.20551700631515019,1.147556236822826,0.051704812477282425,0.005925925925925946,0.04653091522586589,0.4872323126676206,0.101952014832474,0.11452476724983288,0.0,0.9999999987499999,0.681911940432423,0.2854697675280658,0.27806942432366194,0.41095416702198545,calm,02,10,10,female,strong,1090
30,1.0010000000000001,True,1.0,0.47036685757424695,0.5053509250665371,0.48785889132039206,0.8491014588038198,-0.09953703703703703,-0.09166666666666656,0.41228943702410903,0.25672778475759006,0.21045759898930425,0.574559007362522,0.03498406749229016,0.007870370370370472,0.05282006247497428,0.30101177561035164,0.09896626207023841,0.11646200592303373,0.0,0.9999999987499999,0.6845368432138482,0.2855426777642191,0.28961526459500836,0.42495991684432893,calm,02,10,10,female,strong,1090
40,1.3346666666666667,True,1.0,0.49346419293245436,0.4765524882019126,0.48500834056718345,0.8082906697328306,-0.09666666666666668,-0.08944444444444438,0.39892585330074215,0.32893092460106776,0.20212099031063355,0.6000419882707496,0.016911704730541766,0.0072222222222222965,0.04975345949168732,0.3371052412242826,0.10045661879729416,0.11451537801360513,0.0,0.9999999987499999,0.6956924286433324,0.28806866966954414,0.27874793685215415,0.4059548947439308,calm,02,10,10,female,strong,1090
50,1.6683333333333334,True,1.0,0.23265772132186324,0.2519696230177551,0.24231367216980917,0.7615575184546924,-0.1063425925925926,-0.09893518518518524,0.4038804056457138,0.37400488561363243,0.1947715164070856,0.3181817082726696,0.019311901695891864,0.007407407407407363,0.060129130225898046,0.3647999833269925,0.09936255766918357,0.1148040522151455,0.0,0.9999999987499999,0.6975122049288465,0.28481403517820414,0.273772170801491,0.3940686212902632,calm,02,10,10,female,strong,1090
60,2.0020000000000002,True,1.0,0.4160559897614596,0.41608253380793025,0.41606926178469494,0.5823291820647969,-0.10569444444444437,-0.09768518518518521,0.38116897286155194,0.3212792644771129,0.19737354377508415,0.7144915188852722,2.6544046470677873e-05,0.00800925925925916,0.07964383872187193,0.43367096867283134,0.09750395595397762,0.11423885296624585,0.0,0.9999999987499999,0.7030336059970863,0.28119475646837294,0.26219801834544765,0.3904944597326486,calm,02,10,10,female,strong,1090
70,2.3356666666666666,True,1.0,0.3853771357093443,0.4411136263440723,0.41324538102670827,0.8040849216237246,-0.09597222222222213,-0.09300925925925935,0.3752906344092523,0.406855997358321,0.191852694301864,0.513932508760671,0.05573649063472802,0.0029629629629627785,0.08642494926192432,0.33136903203487433,0.10066375524214206,0.11299239294033317,0.0,0.9999999987499999,0.703165070848652,0.2818703936398964,0.2715700089768741,0.39662156501903945,calm,02,10,10,female,strong,1090
80,2.6693333333333333,True,1.0,0.45764846330613845,0.5127105966886143,0.48517952999737635,0.8158213728117666,-0.09495370370370365,-0.09402777777777777,0.36339720676252707,0.39252241282587996,0.1895533027510088,0.5947129435027945,0.05506213338247584,0.0009259259259258856,0.08200253667377017,0.32126486215231964,0.09944134804784893,0.11339962517555147,0.0,0.9999999987499999,0.7010448217880901,0.28215408280827703,0.26883569381540695,0.3869704068273733,calm,02,10,10,female,strong,1090
90,3.003,True,1.0,0.4918176470612757,0.5293817622866475,0.5105997046739615,0.5164195895303012,-0.09657407407407403,-0.0894907407407407,0.3809841789269555,0.26720834431418977,0.206729945586796,0.9887303174117911,0.037564115225371786,0.00708333333333333,0.0892530877185808,0.4955549017348975,0.10112123454991491,0.11542415480718922,0.0,0.9999999987499999,0.6823577028155013,0.2847257493159314,0.2783090448608505,0.4092548369773464,calm,02,10,10,female,strong,1090
100,3.336666666666667,True,1.0,0.5154472203808501,0.5403440834158494,0.5278956518983497,0.44622567604301305,-0.09777777777777774,-0.08587962962962964,0.3865523216692124,0.23880801625374273,0.20780699299564157,1.183023927667184,0.024896863034999273,0.011898148148148102,0.08861881268402146,0.5547420163500032,0.10455086920368449,0.11401050308768879,0.0,0.9999999987499999,0.6817122393566803,0.284674950756302,0.2820187091269172,0.41265129234775355,calm,02,10,10,female,strong,1090
110,3.6703333333333332,True,1.0,0.48372628736882933,0.5148505599457467,0.499288423657288,0.43320095910588857,-0.09999999999999998,-0.08782407407407422,0.3943426803325817,0.23236422067817514,0.20387286371260085,1.1525561362740322,0.031124272576917356,0.012175925925925757,0.08795777943845355,0.581413498889908,0.10425948507252572,0.11394310397254169,0.0,0.9999999987499999,0.6854476828231293,0.2836533336829976,0.27939602583073686,0.4056653348254958,calm,02,10,10,female,strong,1090
0,0.0,True,1.0,0.5727629744397851,0.5838332294434899,0.5782981019416376,0.7053971626217147,-0.07296296296296295,-0.07425925925925925,0.3578760845263456,0.3456446096846402,0.18335996492176562,0.8198191495303236,0.011070255003704843,0.0012962962962962954,0.009244442504610583,0.32625000000000076,0.09864993910992591,0.113418827426322,0.0,0.9999999987499999,0.6951459802749226,0.2778240025472778,0.2517577168485686,0.39298338467373295,calm,02,10,10,female,strong,1091
10,0.33366666666666667,True,1.0,0.5980039480046493,0.6052497533494868,0.6016268506770681,0.7305518469992854,-0.08773148148148147,-0.08277777777777773,0.3525579499910689,0.3795773828210422,0.19100457921116565,0.8235238240081495,0.0072458053448375415,0.004953703703703738,0.007637755708183575,0.30880474725475654,0.10050752062687097,0.11143460550371419,0.0,0.9999999987499999,0.703219917420093,0.28105594343434487,0.2577717464023431,0.3875529990312799,calm,02,10,10,female,strong,1091
20,0.6673333333333333,True,1.0,0.5629625570441936,0.5791867689411835,0.5710746629926886,0.7077420408730491,-0.08949074074074076,-0.08675925925925926,0.3495996748084112,0.3970975197453236,0.18891473730410502,0.8068966233632641,0.01622421189698986,0.0027314814814815014,0.012235750483340588,0.321343888530282,0.10020841447894545,0.11136201676939432,0.0,0.9999999987499999,0.7033676211109443,0.27998893700341465,0.2541218934607572,0.38373951434963477,calm,02,10,10,female,strong,1091
30,1.0010000000000001,True,1.0,0.5517444699469898,0.5600293923505455,0.5558869311487676,0.953511932516696,-0.09273148148148147,-0.08953703703703708,0.3565402471263359,0.46267041803094816,0.18820093072565583,0.582988961324859,0.008284922403555717,0.0031944444444443887,0.015295045621762763,0.24986441358516176,0.09826169063775479,0.11341989754462012,0.0,0.9999999987499999,0.7018377479898209,0.2806323664369428,0.25575224005204256,0.384976267720529,calm,02,10,10,female,strong,1091
40,1.3346666666666667,True,1.0,0.5192418579512229,0.5462478826176267,0.5327448702844249,0.9175124001642724,-0.09986111111111112,-0.09805555555555556,0.35271957569066026,0.5290172311058541,0.18958977209762073,0.5806405125304482,0.027006024666403783,0.0018055555555555602,0.02201624032038017,0.2526893950669065,0.09965919636416136,0.11270221572264948,0.0,0.9999999987499999,0.7131495091708558,0.2767974483665113,0.2588330329738321,0.3878458311731401,calm,02,10,10,female,strong,1091
50,1.6683333333333334,True,1.0,0.5229894882609254,0.5342871425932075,0.5286383154270664,0.8553763435704743,-0.09884259259259265,-0.10018518518518515,0.3767777750502345,0.43400804804198123,0.19034552810498334,0.6180183955292096,0.011297654332282137,0.0013425925925925064,0.030611309114769274,0.28705781335201314,0.09936183869852763,0.11228781799058249,0.0,0.9999999987499999,0.7030599613829907,0.2825695567069015,0.2631356545132842,0.38578146811957564,calm,02,10,10,female,strong,1091
60,2.0020000000000002,True,1.0,0.5320852290566925,0.5326811319637466,0.5323831805102195,0.6727748148238131,-0.09828703703703706,-0.1004166666666666,0.38413421491584293,0.35527510005714813,0.19239323451473508,0.7913244800188315,0.0005959029070540245,0.002129629629629537,0.031123929222285827,0.33704238739415904,0.09741433644996524,0.11431528335058841,0.0,0.9999999987499999,0.7046214319712262,0.2802448867869936,0.25916942367148826,0.3819217814306729,calm,02,10,10,female,strong,1091
70,2.3356666666666666,True,1.0,0.5034330149654501,0.5222536083463335,0.5128433116558918,0.7994687351337527,-0.09810185185185183,-0.1002777777777778,0.3909778011389556,0.386490191275407,0.1980557779337933,0.6414801343921124,0.018820593380883377,0.00217592592592597,0.03610117064214598,0.31365859632470083,0.10001034476082583,0.11390615136021114,0.0,0.9999999987499999,0.699354516697304,0.28396822695426616,0.27396431159316453,0.38967491359412254,calm,02,10,10,female,strong,1091
80,2.6693333333333333,True,1.0,0.5403198329198712,0.49563099862799986,0.5179754157739356,0.7958520338635349,-0.09773148148148142,-0.09930555555555554,0.37546436939019295,0.33751112563289604,0.20287407340637154,0.6508438676211928,0.044688834291871316,0.0015740740740741166,0.03012036457371848,0.29753333432618834,0.0997060023628083,0.11417264764296738,0.0,0.9999999987499999,0.6992604228097488,0.28486655823617796,0.2707926071856371,0.38285629663384235,calm,02,10,10,female,strong,1091
90,3.003,True,1.0,0.5384767104849959,0.5312062370163849,0.5348414737506904,0.5805349549654658,-0.09490740740740738,-0.09717592592592589,0.39452763323320494,0.2512073442765319,0.20426230753072813,0.9212907322393815,0.007270473468610983,0.002268518518518503,0.04260409121607362,0.4188454833368077,0.09787116272009345,0.11475753656652114,0.0,0.9999999987499999,0.6976843549372873,0.2847566680209868,0.2687273150374792,0.38408747372529534,calm,02,10,10,female,strong,1091
100,3.336666666666667,True,1.0,0.5487673882506316,0.5163615319206142,0.532564460085623,0.5115080306935168,-0.09231481481481474,-0.09601851851851845,0.4073496460056518,0.22402492068114432,0.20023827663970895,1.0411653935590361,0.03240585633001747,0.003703703703703709,0.05378068118869653,0.44953631163042884,0.09979172996530454,0.1125848812202762,0.0,0.9999999987499999,0.6964937297340811,0.28545624792816215,0.27228286274914054,0.3948586211151856,calm,02,10,10,female,strong,1091
110,3.6703333333333332,True,1.0,0.478968496204497,0.4871617881345072,0.48306514216950214,0.5235501622115049,-0.08949074074074082,-0.09249999999999997,0.4059445226018579,0.21191546550919058,0.1981974861513387,0.9226721277842953,0.008193291930010227,0.003009259259259156,0.05885298912619583,0.43919656622017283,0.10072590788483973,0.11259909443461844,0.0,0.9999999987499999,0.7000249086196979,0.284196312998721,0.27282602617485197,0.39541884640020314,calm,02,10,10,female,strong,1091
0,0.0,True,1.0,0.6562985070185295,0.6198313906821834,0.6380649488503565,0.5406791786066549,-0.06759259259259254,-0.0641666666666667,0.4262399148000219,0.08814762377647656,0.19526552289985202,1.1801174783439365,0.03646711633634614,0.0034259259259258323,0.014461711320032778,0.46666866186039124,0.10111377206479913,0.11493447196620792,0.0,0.9999999987499999,0.6784997303921569,0.28575637663280956,0.2763874917499347,0.40445159156083815,happy,03,10,10,female,normal,1092
10,0.33366666666666667,True,1.0,0.5735845102592789,0.598693173476956,0.5861388418681175,0.6836815638928623,-0.0662962962962963,-0.06300925925925932,0.4532523327623927,0.08268980342751812,0.19874973631505963,0.8573272599756245,0.02510866321767713,0.0032870370370369772,0.011363148916301693,0.39945350055194023,0.10172398133858163,0.11406117425714259,0.0,0.9999999987499999,0.6761716910045269,0.28877390090225025,0.28742039773838235,0.41580548213410096,happy,03,10,10,female,normal,1092
20,0.6673333333333333,True,1.0,0.5895036312146931,0.6083930996652137,0.5989483654399534,0.7300743327029567,-0.06787037037037036,-0.06495370370370374,0.4544812538423403,0.10896247828250265,0.1960218023167499,0.820393675836356,0.01888946845052064,0.002916666666666623,0.015172127808354025,0.36130313283523685,0.10187919039162786,0.11442317186709197,0.0,0.9999999987499999,0.6783818624168418,0.2879244971866898,0.28812288124261815,0.4167428598460172,happy,03,10,10,female,normal,1092
30,1.0010000000000001,True,1.0,0.5502562028676795,0.5798747486528331,0.5650654757602562,0.8341050266755886,-0.09749999999999998,-0.09074074074074079,0.4567101270799386,0.20576871477712264,0.21125561860177333,0.6774512293882017,0.02961854578515355,0.006759259259259187,0.019259810699383855,0.31431625452202705,0.09863930724723087,0.11624841966823038,0.0,0.9999999987499999,0.6863071118994473,0.28226962165226,0.29295956391501055,0.4400371730157069,happy,03,10,10,female,normal,1092
40,1.3346666666666667,True,1.0,0.4801334875517558,0.49388580456758924,0.4870096460596725,0.7360642861693326,-0.091712962962963,-0.09648148148148145,0.40649729887309693,0.32567435197593897,0.200366257046666,0.6616400974895762,0.01375231701583346,0.00476851851851845,0.014022701603794699,0.3628395156927481,0.09896370570720806,0.1151480491552109,0.0,0.9999999987499999,0.6954420889293217,0.2851243278820705,0.2834864459338286,0.40587388573379746,happy,03,10,10,female,normal,1092
50,1.6683333333333334,True,1.0,0.49043954087293584,0.5140109294136089,0.5022252351432723,0.8926147514395532,-0.08379629629629631,-0.09078703703703705,0.4076166177211212,0.32567435197593914,0.2010138961536734,0.562645009320443,0.02357138854067309,0.006990740740740742,0.01703809751521539,0.3218111686515684,0.10118740942255179,0.11667981549766761,0.0,0.9999999987499999,0.6801500335368522,0.28151937325248266,0.29688794235774535,0.43519509029385417,happy,03,10,10,female,normal,1092
60,2.0020000000000002,True,1.0,0.4053015733377743,0.45971579421017134,0.4325086837739728,0.7045388586543647,-0.10148148148148156,-0.09597222222222218,0.3989213931976637,0.21621105926314024,0.22580394312245503,0.6138890402724465,0.05441422087239706,0.00550925925925938,0.033551721802752836,0.378509592274244,0.10162485081512428,0.11678943749149406,0.0,0.9999999987499999,0.6760306019907962,0.2846258742630834,0.2919146499442321,0.4195336077776463,happy,03,10,10,female,normal,1092
70,2.3356666666666666,True,1.0,0.5449967924750421,0.5828779599271404,0.5639373762010913,0.8541425896114506,-0.09962962962962962,-0.09388888888888891,0.3786152518763436,0.24580919983973193,0.2280994366767997,0.6602379778973747,0.03788116745209835,0.005740740740740713,0.030638517538135054,0.30821026915193733,0.10125551342763446,0.11629352637048165,0.0,0.9999999987499999,0.671816515262355,0.2882894137997366,0.293451333155712,0.413028160539186,happy,03,10,10,female,normal,1092
80,2.6693333333333333,True,1.0,0.5843685550232471,0.6163372151350418,0.6003528850791444,0.7636337464512427,-0.09250000000000003,-0.08324074074074062,0.4370933210435735,0.1234234648545268,0.2267337182960348,0.7861790915725021,0.03196866011179467,0.009259259259259411,0.03351160576153407,0.3602217024904527,0.10619891240713357,0.1141582653374149,0.0,0.9999999987499999,0.6589556195994022,0.2847000730357471,0.3054622626247112,0.44570055994178315,happy,03,10,10,female,normal,1092
90,3.003,True,1.0,0.5733278642252707,0.6122418720418145,0.5927848681335426,0.7530441403647398,-0.09111111111111114,-0.08361111111111119,0.45060438036365474,0.13830898145059234,0.21781553326084618,0.7871847563230822,0.03891400781654375,0.007499999999999951,0.032443191174119576,0.3602217024904522,0.10158436777416895,0.11534757782001669,0.0,0.9999999987499999,0.6721822481336284,0.290356950571764,0.2992570738680893,0.4318435478286529,happy,03,10,10,female,normal,1092
100,3.336666666666667,True,1.0,0.5845589769412283,0.5973398325164622,0.5909494047288453,0.7294146182805704,-0.08874999999999994,-0.08300925925925923,0.45827893388899166,0.11971667291847213,0.21544923797498283,0.8101694014878321,0.012780855575233896,0.005740740740740713,0.016588360102639428,0.3537610195262961,0.08600881398291596,0.11363048871052764,0.0,0.9999999987499999,0.7228516542007428,0.2967404261615198,0.26614023559280603,0.4372748844934331,happy,03,10,10,female,normal,1092
0,0.0,True,1.0,0.5863932183720195,0.6303190593679254,0.6083561388699725,0.7476492378251332,-0.08236111111111111,-0.07768518518518519,0.4186497469448812,0.13642672195266523,0.2120489160035015,0.8136919133892841,0.04392584099590591,0.004675925925925917,0.02011691585667218,0.3601742902450099,0.08778878238306591,0.1129378126475835,0.0,0.9999999987499999,0.7128738846710558,0.29963019990970513,0.260814035474387,0.43150040653665545,happy,03,10,10,female,normal,1093
10,0.33366666666666667,True,1.0,0.6249986291386797,0.6537375469142235,0.6393680880264516,0.7653618002152334,-0.0825462962962964,-0.0762962962962963,0.4126295748030392,0.15544010276764775,0.20996799734218943,0.835380192539855,0.028738917775543826,0.006250000000000089,0.021932368302075633,0.3459102819483605,0.0885037160830415,0.11271699061185411,0.0,0.9999999987499999,0.7147869901632528,0.2982120111924981,0.26294701551107325,0.43254038910724885,happy,03,10,10,female,normal,1093
20,0.6673333333333333,True,1.0,0.5880037561260921,0.6429883955234397,0.6154960758247658,0.7819448514645407,-0.08328703703703699,-0.07898148148148149,0.4117330965654937,0.1743294398147337,0.2106616315924037,0.7871348915105391,0.054984639397347546,0.004305555555555507,0.019661023001994155,0.3318704571441308,0.10236440471580714,0.11281326477688508,0.0,0.9999999987499999,0.6759885948051096,0.2889451058342572,0.28497974913879875,0.4030395835439875,happy,03,10,10,female,normal,1093
30,1.0010000000000001,True,1.0,0.5694122141426218,0.6015740146137467,0.5854931143781843,0.7640754125902262,-0.0857870370370371,-0.09333333333333338,0.4688993879186694,0.14849772815211254,0.21404613533042138,0.7662766066419473,0.032161800471124935,0.007546296296296273,0.00281689706663675,0.34470223764978847,0.10014578690163853,0.11627149674670961,0.0,0.9999999987499999,0.676785770941189,0.2900079982325851,0.3119592036977483,0.439957653067128,happy,03,10,10,female,normal,1093
40,1.3346666666666667,True,1.0,0.43083400987614073,0.4372800728385162,0.4340570413573285,1.0580358119036581,-0.08722222222222226,-0.09115740740740746,0.37465617541236235,0.39838659473610505,0.20634467524023975,0.41024796748264747,0.006446062962375487,0.003935185185185208,0.004870892201965651,0.2711080332551576,0.10054505931417308,0.11674523705474395,0.0,0.9999999987499999,0.6807904103360093,0.28338502184132947,0.29665910954241126,0.417983367863013,happy,03,10,10,female,normal,1093
50,1.6683333333333334,True,1.0,0.6191275970711588,0.6129012902299769,0.6160144436505679,0.5623819661112882,-0.0836574074074074,-0.09444444444444444,0.3885107459560577,0.14697418596422937,0.22308225571936527,1.0953666382834661,0.006226306841181972,0.01078703703703704,0.0029057559097578744,0.5006063537798479,0.10145398220895234,0.11628437864519311,0.0,0.9999999987499999,0.6789669977834885,0.28727188877624577,0.29874599253068307,0.4159204101114106,happy,03,10,10,female,normal,1093
60,2.0020000000000002,True,1.0,0.6034635433360118,0.6433100222825587,0.6233867828092853,0.6934405667105388,-0.0979166666666666,-0.09601851851851867,0.39459327488031176,0.13237718523588565,0.23897063362381557,0.8989765132525108,0.039846478946546915,0.0018981481481479268,0.008633390134752198,0.4094733358623467,0.10305821161392609,0.11602025631166062,0.0,0.9999999987499999,0.6602405249677996,0.28353865444056986,0.30382571883400633,0.42721267781263444,happy,03,10,10,female,normal,1093
70,2.3356666666666666,True,1.0,0.5847945766430263,0.5931130455419289,0.5889538110924776,0.824104888104259,-0.09513888888888877,-0.09041666666666676,0.4205955525429789,0.1471568360807557,0.23965497258872334,0.7146588008321193,0.008318468898902642,0.004722222222222017,0.0009232063745194915,0.345524558738255,0.10316008426336427,0.1156005362249185,0.0,0.9999999987499999,0.6602384709821428,0.28337983952017703,0.30617833947969175,0.43421720707122274,happy,03,10,10,female,normal,1093
80,2.6693333333333333,True,1.0,0.1599486170370282,0.16936102559813782,0.16465482131758302,0.704467887549176,-0.10763888888888878,-0.10240740740740739,0.4564787275054259,0.06502537020591792,0.2327336471674163,0.23372934980814034,0.009412408561109614,0.005231481481481393,0.007506055349451368,0.35512778013393564,0.10453724363105212,0.11452316622491567,0.0,0.9999999987499999,0.662198481056485,0.2819251113279945,0.29192449167724766,0.41709956574385904,happy,03,10,10,female,normal,1093
90,3.003,True,1.0,0.4638504941225233,0.46579984603840013,0.46482517008046176,0.737996750293545,-0.0973148148148148,-0.09203703703703692,0.45350829694682687,0.14437148054856033,0.22241988821682002,0.6298471773697829,0.001949351915876807,0.005277777777777881,0.020358622967564178,0.35894060994532223,0.10260787063257402,0.11559757783806128,0.0,0.9999999987499999,0.6793772346516732,0.2831849368246118,0.29949615034069565,0.4315836633082817,happy,03,10,10,female,normal,1093
100,3.336666666666667,True,1.0,0.4916565709464678,0.5389050230515653,0.5152807969990165,0.7388122508833311,-0.09717592592592589,-0.08976851851851864,0.4564352453406321,0.11080752827296729,0.2279706267798172,0.6974448466209673,0.04724845210509748,0.0074074074074072516,0.022417211673484795,0.37069755178879893,0.10290626823803381,0.11500116164758237,0.0,0.9999999987499999,0.6719862093196654,0.28987862686118143,0.30195342304111245,0.41951682887528907,happy,03,10,10,female,normal,1093
0,0.0,True,1.0,0.5346580305183322,0.5686721529994037,0.5516650917588679,0.5485213681810668,-0.06902777777777769,-0.06467592592592591,0.3994401917870445,0.0996578915449496,0.1974638507927773,1.0057312691176024,0.034014122481071496,0.0043518518518517735,0.03837428979978578,0.43965096567909606,0.10366688705523287,0.11431598204583546,0.0,0.9999999987499999,0.6633138311340161,0.2837428146124389,0.2706122569951427,0.40517751992877676,happy,03,10,10,female,normal,1094
10,0.33366666666666667,True,1.0,0.5610455293797121,0.6147373198870077,0.58789142463336,0.564908233968698,-0.0702314814814815,-0.06490740740740747,0.39208128054649205,0.1003575913421159,0.19883225111080474,1.0406848215031248,0.05369179050729567,0.005324074074074037,0.03403927784951755,0.4298948197016448,0.08972147333904427,0.11276838493127365,0.0,0.9999999987499999,0.7113070133522158,0.29926680509503345,0.2518540567895648,0.4182645207910366,happy,03,10,10,female,normal,1094
20,0.6673333333333333,True,1.0,0.5346662989611176,0.5545117109204215,0.5445890049407696,0.6814617673334026,-0.06967592592592597,-0.06467592592592591,0.42874984145354805,0.10387628759850862,0.2002196059955168,0.7991482883504621,0.019845411959303894,0.00500000000000006,0.03664099862516392,0.4033460369586355,0.10453228393981645,0.11318904956928127,0.0,0.9999999987499999,0.6694373831876501,0.282440740850937,0.2824188247426435,0.41555572552562403,happy,03,10,10,female,normal,1094
30,1.0010000000000001,True,1.0,0.5232012587574604,0.5422023509135746,0.5327018048355174,0.7178315928941023,-0.08865740740740735,-0.08037037037037031,0.4775001788006305,0.08970133241144972,0.22020680649743116,0.7420985787039663,0.01900109215611423,0.008287037037037037,0.026942672898470865,0.38894504469730556,0.10147432653639846,0.1157739885898954,0.0,0.9999999987499999,0.6698646989498925,0.28271817087232676,0.29501099346564397,0.43225224315994687,happy,03,10,10,female,normal,1094
40,1.3346666666666667,True,1.0,0.5403207425179879,0.5909048064947373,0.5656127745063626,0.6932067238282296,-0.08134259259259258,-0.08569444444444452,0.45060777924599255,0.10621278810759437,0.22708870884310345,0.8159366536186634,0.050584063976749416,0.00435185185185194,0.022284326976605744,0.39043817358580085,0.10376124270879576,0.11472961072476699,0.0,0.9999999987499999,0.654917064583646,0.2891721519317812,0.30464014253047145,0.42348711444211823,happy,03,10,10,female,normal,1094
50,1.6683333333333334,True,1.0,0.586376879886797,0.5982695816787303,0.5923232307827637,0.5308237461117837,-0.090787037037037,-0.0852777777777779,0.4046713828534841,0.030861845704173357,0.23892082375471246,1.1158566946589257,0.011892701791933358,0.005509259259259103,0.018433761463010328,0.48457000405700035,0.10443883197736177,0.11544107163902453,0.0,0.9999999987499999,0.6571569349224065,0.2875819610849907,0.29415507574834776,0.40891247144137755,happy,03,10,10,female,normal,1094
60,2.0020000000000002,True,1.0,0.591887914832639,0.6068374849930015,0.5993626999128203,0.7256570878743369,-0.08592592592592596,-0.08064814814814808,0.39678209879318904,0.056298333404383186,0.23478592128043108,0.8259585828184081,0.014949570160362469,0.005277777777777881,0.021604162034860444,0.378607715756225,0.10278660168669246,0.11609696560123728,0.0,0.9999999987499999,0.6627086710543593,0.28556657285805503,0.2967865224214965,0.415545530793923,happy,03,10,10,female,normal,1094
70,2.3356666666666666,True,1.0,0.562639131536493,0.6209989728554237,0.5918190521959583,0.7280948387540029,-0.08467592592592593,-0.07856481481481481,0.46633099491387375,0.01605597234569953,0.2292518780972385,0.8128323683886362,0.05835984131893068,0.006111111111111123,0.03094807504760339,0.35589282706732395,0.1051790030898576,0.11258835036238475,0.0,0.9999999987499999,0.6496947055540967,0.29024087482241473,0.29835577344884895,0.41173058076737185,happy,03,10,10,female,normal,1094
80,2.6693333333333333,True,1.0,0.3177877070315235,0.3299613753492896,0.32387454119040654,0.8598650730479184,-0.08856481481481476,-0.08370370370370378,0.42501293569001103,0.09295570079883773,0.22571607802300317,0.3766573981687447,0.012173668317766118,0.004861111111110983,0.019887409950100545,0.3192475337421584,0.1054350717192044,0.11469812659668345,0.0,0.9999999987499999,0.6595764434367497,0.28479213474728887,0.29477487370548516,0.41958884725581835,happy,03,10,10,female,normal,1094
90,3.003,True,1.0,0.5772049958783886,0.6119812319080773,0.594593113893233,0.6404728276069818,-0.08467592592592599,-0.07791666666666675,0.3810853727656375,0.0784045824461769,0.22640540147926308,0.9283658701257155,0.03477623602968871,0.006759259259259243,0.02092333764181236,0.40219769288508617,0.10485516753061841,0.11522850530733406,0.0,0.9999999987499999,0.6600335157891282,0.2803840868506451,0.28872820026111873,0.4092870964457243,happy,03,10,10,female,normal,1094
0,0.0,True,1.0,0.6148072397573484,0.6769791933993977,0.6458932165783731,0.5482204569150712,-0.08412037037037035,-0.07560185185185186,0.379770989336927,0.15595058580871649,0.20753347612233494,1.1781632889311044,0.062171953642049305,0.00851851851851848,0.0429721274292459,0.4557186168174732,0.10291244304962713,0.11382999892763199,0.0,0.9999999987499999,0.6723766957642431,0.28407132893364817,0.27287289622664496,0.4013493008048451,happy,03,10,10,female,normal,1095
10,0.33366666666666667,True,1.0,0.6607910834682316,0.7054673721340392,0.6831292278011354,0.5911729032164684,-0.08625000000000005,-0.0793518518518519,0.38558541757578885,0.17317301464890955,0.2088895975375949,1.1555489503736533,0.04467628866580764,0.006898148148148153,0.03294977035146106,0.4289336374744343,0.10523006700065718,0.1132157591381255,0.0,0.9999999987499999,0.6731892536624025,0.2835155590507255,0.27954423834295844,0.4086704060026442,happy,03,10,10,female,normal,1095
20,0.6673333333333333,True,1.0,0.6168143347589496,0.6555168031622194,0.6361655689605845,0.5976176349131682,-0.08870370370370362,-0.0825925925925926,0.3758253804699786,0.21897255514731276,0.20582595315464647,1.0645026716004076,0.03870246840326974,0.006111111111111012,0.012824181037639337,0.3851203225675218,0.10259484649128632,0.11494806132064903,0.0,0.9999999987499999,0.6765985512095464,0.2822317105653822,0.27302934198871215,0.41725439237940865,happy,03,10,10,female,normal,1095
30,1.0010000000000001,True,1.0,0.6188007699069221,0.5893671602106942,0.6040839650588081,0.6159431390080761,-0.09662037037037041,-0.09175925925925932,0.4191299999344457,0.20727642961452097,0.204170029800638,0.9807463169922371,0.02943360969622788,0.004861111111111094,0.0019634819787251834,0.41148321501412727,0.09759140321815321,0.11549149991102081,0.0,0.9999999987499999,0.6946160485053396,0.28480817682773074,0.26906926668071185,0.3947755127507449,happy,03,10,10,female,normal,1095
40,1.3346666666666667,True,1.0,0.5361766789119313,0.5454258387637527,0.540801258837842,0.686809551309984,-0.08495370370370375,-0.09333333333333332,0.43921149635638845,0.3150426049709077,0.18750651030364252,0.7874108008637132,0.009249159851821398,0.00837962962962957,0.01674642172394471,0.3884162745149416,0.09879174543323604,0.11479881298698584,0.0,0.9999999987499999,0.7041643677002051,0.2800881722286748,0.2878226714266504,0.4172636789369895,happy,03,10,10,female,normal,1095
50,1.6683333333333334,True,1.0,0.5928051395091948,0.5849323705954468,0.5888687550523208,0.5204641560698865,-0.08842592592592591,-0.09865740740740736,0.4086176179501073,0.1813092241222707,0.2139017296661856,1.1314299902974474,0.007872768913747996,0.010231481481481453,0.02156515370672222,0.48390799495495534,0.09755977893461015,0.11715586858363541,0.0,0.9999999987499999,0.6879749003038715,0.2777048069227738,0.2782077859238184,0.412218004738485,happy,03,10,10,female,normal,1095
60,2.0020000000000002,True,1.0,0.6307712808165152,0.618285539995578,0.6245284104060467,0.6689164762036821,-0.08449074074074081,-0.0943518518518518,0.40628892525730087,0.13960176613976846,0.2252118279123915,0.9336418411315683,0.01248574082093723,0.009861111111110987,0.02458446242306557,0.41193640950174887,0.09871168889327454,0.11732918698296882,0.0,0.9999999987499999,0.6758643029008478,0.2884140368377704,0.2986968686154684,0.41715070499771684,happy,03,10,10,female,normal,1095
70,2.3356666666666666,True,1.0,0.6176999305750166,0.5950096340746241,0.6063547823248203,0.7436508851194831,-0.08324074074074084,-0.089861111111111,0.4543367780387022,0.09290551661807657,0.23271266596136836,0.8153755941908101,0.02269029650039245,0.0066203703703701655,0.03215924588926697,0.3567172290901263,0.10372142153258,0.11493150015790306,0.0,0.9999999987499999,0.6599299708867923,0.28377695952466553,0.30842423760217746,0.43404122889320607,happy,03,10,10,female,normal,1095
80,2.6693333333333333,True,1.0,0.5722698341244526,0.5334296997065712,0.5528497669155119,0.6945506120324649,-0.09199074074074076,-0.09083333333333332,0.45019382995829516,0.055068216704590625,0.2340747176178045,0.7959819735781478,0.03884013441788148,0.0011574074074074403,0.02622222078784795,0.39374555454503257,0.1031877285410218,0.1154108993626093,0.0,0.9999999987499999,0.6596407756696429,0.28456396589970123,0.29875099738425465,0.4276371001706315,happy,03,10,10,female,normal,1095
90,3.003,True,1.0,0.6575626336922789,0.6236050998480663,0.6405838667701726,0.4554022866627799,-0.09115740740740741,-0.0906481481481482,0.4057522148238809,0.07977297009314815,0.23406037588764872,1.4066329606388595,0.03395753384421252,0.0005092592592592093,0.030317459045379518,0.5936517035219029,0.10384668595417869,0.11514971439119392,0.0,0.9999999987499999,0.6674179215905113,0.27968189591978126,0.2889633067442003,0.4147131322010274,happy,03,10,10,female,normal,1095
0,0.0,True,1.0,0.5838139385701395,0.6128996397953894,0.5983567891827645,0.6380280043976436,-0.07652777777777775,-0.07398148148148154,0.43273578126909146,0.11019907402173428,0.2049817389970178,0.9378221411263407,0.029085701225249894,0.0025462962962962132,0.0009395834394023757,0.4196902338540346,0.10039576005741607,0.11339871159508215,0.0,0.9999999987499999,0.6816805484615721,0.28566416213995016,0.2799176971419696,0.4029778019054189,happy,03,10,10,female,strong,1096
10,0.33366666666666667,True,1.0,0.5587873479337007,0.5828992924608586,0.5708433201972796,0.667952332237279,-0.07662037037037023,-0.07398148148148154,0.4371063431026831,0.10364777569199206,0.20638349432189496,0.8546168530997762,0.024111944527157925,0.0026388888888886908,0.001889321345290658,0.39800293165481376,0.10159430526890982,0.11467619121544993,0.0,0.9999999987499999,0.6822556062190501,0.28429976622594433,0.28950710778870176,0.4185300959549841,happy,03,10,10,female,strong,1096
20,0.6673333333333333,True,1.0,0.5853409112336904,0.5821947656296155,0.5837678384316529,0.6593077468494466,-0.07856481481481487,-0.07745370370370375,0.44685811450521346,0.10615972195033507,0.2105341114586271,0.8854254196484616,0.0031461456040748903,0.0011111111111111183,0.005890025325497726,0.4103078476030577,0.10101297108213245,0.11584829372050388,0.0,0.9999999987499999,0.6791196090232968,0.2856086786182048,0.28825077656336545,0.4178204834709238,happy,03,10,10,female,strong,1096
30,1.0010000000000001,True,1.0,0.5845958728626026,0.5661928915051745,0.5753943821838885,0.7423446140001864,-0.08226851851851857,-0.08921296296296294,0.47763252307575166,0.11500752812324724,0.22090103743005285,0.7751041380678004,0.018402981357428128,0.006944444444444364,0.007692758221191605,0.3726137397171732,0.10079600469981169,0.11636503261997348,0.0,0.9999999987499999,0.6752509153036214,0.29207004454093755,0.3172623404775341,0.43676404414007136,happy,03,10,10,female,strong,1096
40,1.3346666666666667,True,1.0,0.22930307905844727,0.2673082789591021,0.24830567900877468,0.6490833426385964,-0.09856481481481494,-0.1040740740740741,0.4917574269431982,0.07988418946278333,0.2208388609764167,0.3825482225431704,0.03800519990065482,0.005509259259259158,5.830998928948259e-05,0.4240225845107535,0.09848708522692191,0.11832560764037535,0.0,0.9999999987499999,0.6778306106348789,0.2891873077610797,0.29272252816849825,0.39893136768503124,happy,03,10,10,female,strong,1096
50,1.6683333333333334,True,1.0,0.4720746146278115,0.5204257624606884,0.49625018854424996,0.7618836327637142,-0.08638888888888896,-0.09342592592592597,0.4491945757537716,0.2815563346977059,0.19452133353920625,0.6513464356021333,0.04835114783287692,0.007037037037037008,0.008135148158766708,0.36683563671919533,0.09713116227012246,0.11669801021304452,0.0,0.9999999987499999,0.6903691547087585,0.2883996058185457,0.28729925061994804,0.402710732394364,happy,03,10,10,female,strong,1096
60,2.0020000000000002,True,1.0,0.5237518874228398,0.5629426051096905,0.5433472462662652,0.8886701383488926,-0.08754629629629634,-0.09444444444444444,0.4294959880169526,0.2338541576070703,0.21875,0.6114161181062963,0.039190717686850673,0.006898148148148098,0.0032256599039985957,0.3111250909813715,0.09716419460010492,0.11601548073150773,0.0,0.9999999987499999,0.6789645807932548,0.28619522085421545,0.30323369332208805,0.43168475888364816,happy,03,10,10,female,strong,1096
70,2.3356666666666666,True,1.0,0.6307507003972118,0.6726970409990434,0.6517238706981276,0.7416704538470115,-0.09337962962962965,-0.0907407407407409,0.43110270010365875,0.10006664853491387,0.24098013731422277,0.8787243273851143,0.041946340601831555,0.0026388888888887463,0.018734136656564315,0.37500000000000017,0.10094871441947872,0.117698546996501,0.0,0.9999999987499999,0.662509290309874,0.28325591364799885,0.2974534441380735,0.42240331029162004,happy,03,10,10,female,strong,1096
80,2.6693333333333333,True,1.0,0.6597881517415141,0.6594926683480269,0.6596404100447705,0.7721942694871904,-0.09314814814814826,-0.08490740740740743,0.40411486109658146,0.07351594320158865,0.24794159237661548,0.8542415245878913,0.00029548339348717256,0.008240740740740826,0.00438751587619336,0.3495330357064393,0.10289792918297296,0.1209827651000098,0.0,0.9999999987499999,0.650427056072429,0.28580221778757287,0.2893184634941954,0.4063549064779829,happy,03,10,10,female,strong,1096
90,3.003,True,1.0,0.2538121309454966,0.22799326013885912,0.24090269554217786,0.8233297285051451,-0.10074074074074058,-0.09407407407407409,0.45322304845450107,0.010685468261024277,0.24446972417641766,0.292595648136702,0.025818870806637473,0.0066666666666664876,0.02283858780835743,0.3525721001011061,0.10635918580541835,0.11417594354207025,0.0,0.9999999987499999,0.6497462362523134,0.28304139166719555,0.2977526903423457,0.41625501143772764,happy,03,10,10,female,strong,1096
100,3.336666666666667,True,1.0,0.6633166992056818,0.6352287973635958,0.6492727482846388,0.7304183217888213,-0.0955555555555555,-0.0918518518518519,0.39280156058454146,0.049483916485555786,0.2437653365567808,0.8889053422079364,0.028087901842085983,0.003703703703703598,0.012816519392068956,0.3529046638636532,0.10772737406650884,0.11439480273996397,0.0,0.9999999987499999,0.6514592523259304,0.28412038540264933,0.3031093061839713,0.40698237459245695,happy,03,10,10,female,strong,1096
110,3.6703333333333332,True,1.0,0.696131493969837,0.7111801416325995,0.7036558178012182,0.35558668310559377,-0.09444444444444455,-0.09212962962962967,0.3692939726368021,-0.08552998890270648,0.2402806354761922,1.978858745934147,0.015048647662762482,0.0023148148148148806,0.01701785059430491,0.6452734430388127,0.10576683074993799,0.11538724276147326,0.0,0.9999999987499999,0.6609118394232694,0.27863975081450504,0.2989503039422045,0.4143818688815892,happy,03,10,10,female,strong,1096
0,0.0,True,1.0,0.5652761797524862,0.5833175572452727,0.5742968684988794,0.5228750739015293,-0.08546296296296296,-0.07865740740740745,0.40363043734794773,0.13973112357161763,0.21070074161559352,1.0983443219307756,0.018041377492786448,0.006805555555555509,0.03482307970013588,0.475703965400689,0.10214034090508887,0.1140231489980535,0.0,0.9999999987499999,0.679634035254727,0.28176321977115437,0.27971298481053736,0.40992554867614184,happy,03,10,10,female,strong,1097
10,0.33366666666666667,True,1.0,0.5691933805894364,0.610370039657951,0.5897817101236937,0.5350164727909367,-0.08328703703703716,-0.07601851851851854,0.4031151424469712,0.1275805910871293,0.20935601492261577,1.102361777847833,0.04117665906851464,0.0072685185185186185,0.025427504000630284,0.48131430468230174,0.1031675043248481,0.11393381208698491,0.0,0.9999999987499999,0.6751506322607167,0.28449944786112935,0.28612806496829496,0.41583891543649737,happy,03,10,10,female,strong,1097
20,0.6673333333333333,True,1.0,0.5902660632373894,0.5868494101345718,0.5885577366859807,0.7728314705060633,-0.09777777777777774,-0.09060185185185193,0.4349703142363481,0.2182928663214331,0.21837022326820224,0.7615602613860729,0.0034166531028175795,0.007175925925925808,0.019403636232509663,0.34495743677702195,0.10155087599606846,0.11537706474623426,0.0,0.9999999987499999,0.6793431605142057,0.2844738278599094,0.29722305399479576,0.4337263134737787,happy,03,10,10,female,strong,1097
30,1.0010000000000001,True,1.0,0.5861605250358941,0.6143218266444659,0.60024117584018,0.7959797813398466,-0.0897222222222222,-0.09638888888888886,0.48206290943529984,0.23978948147688992,0.2070774910871179,0.754090983102377,0.028161301608571776,0.006666666666666654,0.01799441115273856,0.3326856493460593,0.09862996839944596,0.11642010689993672,0.0,0.9999999987499999,0.6889504861475841,0.29220015886875145,0.3073214974081897,0.43384731900219925,happy,03,10,10,female,strong,1097
40,1.3346666666666667,True,1.0,0.32079231639353256,0.3475650690553145,0.3341786927244235,1.3686593382934829,-0.1027777777777778,-0.10648148148148145,0.3603143535057419,0.6097892581830895,0.19538309391661998,0.24416498932531688,0.026772752661781918,0.0037037037037036535,0.020205336099662467,0.21255475658800838,0.0966596928853744,0.11594422974010277,0.0,0.9999999987499999,0.6894770640521833,0.29041944461476216,0.26770570371725627,0.3829723095280623,happy,03,10,10,female,strong,1097
50,1.6683333333333334,True,1.0,0.500580380906151,0.5362726582939168,0.5184265196000339,0.4860644350068282,-0.09138888888888885,-0.09916666666666668,0.3857303308300085,0.26858513189448435,0.20157216352205912,1.066579824118897,0.035692277387765814,0.007777777777777828,0.006406485736333545,0.5354288617972699,0.09985376715743527,0.11404343716804405,0.0,0.9999999987499999,0.6936605085315375,0.2824515408628257,0.27463361431971617,0.39499330028637897,happy,03,10,10,female,strong,1097
60,2.0020000000000002,True,1.0,0.5686050795905252,0.5870449644849434,0.5778250220377343,0.7723557447363544,-0.10120370370370374,-0.09962962962962962,0.3940467547808579,0.23906249241839547,0.23958333333333331,0.7481332610984546,0.018439884894418168,0.0015740740740741166,0.0030665125177914737,0.37500000000000017,0.09906912362932649,0.11767693136569567,0.0,0.9999999987499999,0.6707609105829831,0.2902803104619615,0.29714079414902345,0.41343497459870454,happy,03,10,10,female,strong,1097
70,2.3356666666666666,True,1.0,0.592711962503614,0.6172355275372239,0.6049737450204189,0.8884511218598763,-0.09393518518518518,-0.08907407407407414,0.42332551271880564,0.15575078181665697,0.23959479705363726,0.6809308133394799,0.024523565033609862,0.004861111111111038,0.0014013536034399832,0.3143581771785501,0.1043270076283389,0.11570691454320817,0.0,0.9999999987499999,0.6543222713382227,0.2891414096488901,0.3092692161894967,0.42952686350325825,happy,03,10,10,female,strong,1097
80,2.6693333333333333,True,1.0,0.42300924690932196,0.42829299668179366,0.4256511217955578,0.7669566208699459,-0.10481481481481492,-0.10018518518518515,0.38178047479699023,0.12141345797044938,0.2395861993148327,0.5549872185896889,0.005283749772471702,0.004629629629629761,0.011999215688881293,0.32849027040334455,0.10723381049326604,0.11352284494214541,0.0,0.9999999987499999,0.6502421432401085,0.28719856893435936,0.29654445435738813,0.40588937172491496,happy,03,10,10,female,strong,1097
90,3.003,True,1.0,0.6758449436982225,0.700146597900495,0.6879957707993587,0.4895866410576034,-0.10009259259259262,-0.09546296296296297,0.37295575314616997,0.05152979066022524,0.24236614777081045,1.4052584631662999,0.024301654202272593,0.00462962962962965,0.0028476949985670468,0.5334856688328347,0.10775030413496907,0.1142065060672309,0.0,0.9999999987499999,0.6488103439657114,0.28123260429095115,0.30034766733888935,0.4087447608436815,happy,03,10,10,female,strong,1097
100,3.336666666666667,True,1.0,0.6314066978467878,0.6374894649903854,0.6344480814185867,0.6005567890287695,-0.09921296296296289,-0.09550925925925924,0.3892000053564175,0.13136277794356072,0.2404923281684671,1.0564331184143747,0.006082767143597567,0.0037037037037036535,0.006440767500181374,0.44722686224941544,0.10644837274890351,0.1150903562999136,0.0,0.9999999987499999,0.6566554671087185,0.2767982573303315,0.3005401699821999,0.4273789873460657,happy,03,10,10,female,strong,1097
0,0.0,True,1.0,0.591576811851596,0.6219322182865942,0.6067545150690952,0.5043589791659792,-0.07250000000000006,-0.0677314814814815,0.4089528121961664,0.02401709424599892,0.21673567235461483,1.2030211419502035,0.030355406434998122,0.004768518518518561,0.007294793384584056,0.5228638141705112,0.10577404115340727,0.11438560578789397,0.0,0.9999999987499999,0.6643914505489695,0.2786453515934203,0.281715831772622,0.3947689210066767,happy,03,10,10,female,strong,1098
10,0.33366666666666667,True,1.0,0.6137477383921276,0.6792664051827951,0.6465070717874614,0.4919712812744384,-0.07300925925925944,-0.0687962962962963,0.4113396964497534,0.01199817041850609,0.21882845970163628,1.314115470546781,0.06551866679066753,0.0042129629629631404,0.0036210588321582905,0.5235693462282575,0.10583379027053845,0.11382930900170095,0.0,0.9999999987499999,0.6629837701408688,0.2794783542396665,0.2818929891896453,0.39933118772143333,happy,03,10,10,female,strong,1098
20,0.6673333333333333,True,1.0,0.6402968420619024,0.6614181593350438,0.6508575006984731,0.5210666979293713,-0.08578703703703705,-0.0818518518518519,0.4214853183272866,0.0710313357851293,0.22786350859534904,1.2490867355078878,0.02112131727314137,0.003935185185185153,0.004597980687009708,0.49893421919455155,0.10655489414423625,0.1139933200786722,0.0,0.9999999987499999,0.6623055689775911,0.280543942764997,0.2894881673016631,0.4125561335670747,happy,03,10,10,female,strong,1098
30,1.0010000000000001,True,1.0,0.6278122732452924,0.6171138054956898,0.6224630393704911,0.7241317501756956,-0.09453703703703709,-0.0873148148148149,0.4551430691443788,0.08777035785124353,0.23480541753745435,0.8595991533577464,0.010698467749602592,0.0072222222222221855,0.000880777300874837,0.38380796072066026,0.10230667713030185,0.1168466628430938,0.0,0.9999999987499999,0.6619556815695028,0.28129760264161185,0.3044190531779768,0.4275353020922611,happy,03,10,10,female,strong,1098
40,1.3346666666666667,True,1.0,0.6523742916357127,0.6103155800950415,0.6313449358653771,0.7221820584840379,-0.07944444444444454,-0.08782407407407405,0.4331957559917961,0.18913538135099273,0.22295807545936389,0.8742185276530675,0.0420587115406712,0.008379629629629515,0.0010274792640460023,0.4110045140241155,0.1015797749010876,0.11666545502633964,0.0,0.9999999987499999,0.670739436141644,0.2890871266764282,0.3151939869724078,0.4197558208146565,happy,03,10,10,female,strong,1098
50,1.6683333333333334,True,1.0,0.5790075062585233,0.5870704193967341,0.5830389628276287,0.9366573613022396,-0.08675925925925926,-0.08050925925925922,0.4602540609557404,0.2767170635068283,0.1960218023167499,0.6224677100888062,0.008062913138210837,0.006250000000000033,0.0203186999906201,0.28122702005385825,0.10162254252987157,0.11613710032729885,0.0,0.9999999987499999,0.6860149137545644,0.28149768942443426,0.30555724778098237,0.45171193232844026,happy,03,10,10,female,strong,1098
60,2.0020000000000002,True,1.0,0.5497992870691831,0.5826305789128889,0.566214932991036,1.1928187571947955,-0.08324074074074078,-0.07680555555555557,0.41686081929488267,0.4532639570132985,0.18273285421608929,0.47468647652945084,0.03283129184370581,0.00643518518518521,0.009430194439947302,0.23062135152700944,0.09324713986969514,0.11950586296173236,0.0,0.9999999987499999,0.6907152704206682,0.29006795184030576,0.27262570667951674,0.40245933998615174,happy,03,10,10,female,strong,1098
70,2.3356666666666666,True,1.0,0.6319667283920383,0.6173977149765445,0.6246822216842913,0.8158580848017245,-0.0778240740740741,-0.07222222222222219,0.3770127879822757,0.2302730470457451,0.2029135564446334,0.7656751012476709,0.01456901341549377,0.005601851851851913,0.008886544222785559,0.3179366002437206,0.10229841755801784,0.11554220435781247,0.0,0.9999999987499999,0.6745158645958385,0.28633986325643057,0.28855288728936956,0.410608473473396,happy,03,10,10,female,strong,1098
80,2.6693333333333333,True,1.0,0.5813619887915045,0.599506422244178,0.5904342055178413,0.9338582552185409,-0.07185185185185183,-0.06828703703703698,0.4436492188055084,0.17439121155767007,0.20007475409596903,0.6322524882319194,0.01814443345267358,0.003564814814814854,0.005573818895530204,0.2916579168309035,0.10481936150383435,0.11443162285771721,0.0,0.9999999987499999,0.6617963974105269,0.2854184736343617,0.29817392762350203,0.43655953298902667,happy,03,10,10,female,strong,1098
90,3.003,True,1.0,0.36928515674542367,0.39859865070632383,0.3839419037258738,0.5363556519949236,-0.08171296296296299,-0.07800925925925933,0.38086688565048005,0.11110161930252418,0.20144343430390393,0.7158345442950746,0.02931349396090016,0.0037037037037036535,0.005440900116701961,0.4667054946831801,0.10299023610268337,0.11575188217958603,0.0,0.9999999987499999,0.6666688416616646,0.2870791730416241,0.28166576754920347,0.40073826990246897,happy,03,10,10,female,strong,1098
100,3.336666666666667,True,1.0,0.6101393725109997,0.6433068456934303,0.626723109102215,0.5620915730830583,-0.07467592592592592,-0.07074074074074072,0.3798457955021192,0.12417239804399761,0.20288648318920724,1.1149839974733196,0.03316747318243063,0.003935185185185208,0.001408688487389395,0.4601658978405579,0.10343554357644993,0.11535412990366611,0.0,0.9999999987499999,0.6681976268866923,0.286399990668573,0.29050529743546283,0.40982905886709675,happy,03,10,10,female,strong,1098
110,3.6703333333333332,True,1.0,0.6384382823567564,0.6517892009088403,0.6451137416327983,0.677895889759497,-0.0747685185185184,-0.07,0.3870679989113689,0.10231814548361373,0.20842706224907012,0.951641323362605,0.013350918552083924,0.004768518518518394,0.0032851467351928004,0.40372026359665697,0.10695837297514045,0.11411678571419008,0.0,0.9999999987499999,0.6640745447710336,0.28029220441874725,0.2871982436667816,0.40953607550540705,happy,03,10,10,female,strong,1098
0,0.0,True,1.0,0.5174257428816614,0.5457744441399512,0.5316000935108063,0.6526910512716207,-0.06842592592592606,-0.06342592592592589,0.44330464567162203,0.07442968128536005,0.19940352799112815,0.8144743098210154,0.02834870125828981,0.005000000000000171,0.004926298022848621,0.4148448166657445,0.10416541065302923,0.11352676579261814,0.0,0.9999999987499999,0.6636054579956983,0.28510430889422833,0.2820953310297577,0.41575953070684313,happy,03,10,10,female,strong,1099
10,0.33366666666666667,True,1.0,0.5610005421321409,0.5660691145838291,0.5635348283579851,0.6612266387997486,-0.06791666666666657,-0.06305555555555564,0.43595637115764,0.08699926896452632,0.19661510550733943,0.85225669277467,0.005068572451688236,0.004861111111110927,0.010168472785871822,0.40610405823639634,0.10400706580755202,0.11333614469782015,0.0,0.9999999987499999,0.6634325601099814,0.2856035298116281,0.2815999680907517,0.4153370167629917,happy,03,10,10,female,strong,1099
20,0.6673333333333333,True,1.0,0.6157840555025296,0.609527900026192,0.6126559777643608,0.6598982743407449,-0.06754629629629622,-0.062268518518518556,0.44574204041235316,0.07395411695197972,0.2015115953102048,0.9284097285697854,0.0062561554763376215,0.005277777777777659,0.011029337069349549,0.4076923198266794,0.10519050010838507,0.11291556983126616,0.0,0.9999999987499999,0.6626071460146558,0.2854265808109168,0.28507522405406216,0.416777692691279,happy,03,10,10,female,strong,1099
30,1.0010000000000001,True,1.0,0.5165768320282518,0.5577631706865906,0.5371700013574212,0.6836350041963051,-0.09064814814814814,-0.08111111111111113,0.4801647689558668,0.07361947462637108,0.22438207265393795,0.7857555538557143,0.04118633865833887,0.00953703703703701,0.0005972479513325233,0.40671554024500883,0.10293553901742417,0.11514054879931077,0.0,0.9999999987499999,0.6586269146330408,0.28968493942548496,0.3031431143063426,0.4268879170640226,happy,03,10,10,female,strong,1099
40,1.3346666666666667,True,1.0,0.44355209887068836,0.47073187304517555,0.457141985957932,1.0341922181623837,-0.08666666666666661,-0.09430555555555553,0.4455153827979323,0.28100948512592,0.20626331633148556,0.44202806589495514,0.027179774174487192,0.007638888888888917,0.0006719224141246202,0.281438920490741,0.10070957542122695,0.11806471223012055,0.0,0.9999999987499999,0.6607606875328257,0.2942938113571556,0.3116240997846698,0.44173367859297014,happy,03,10,10,female,strong,1099
50,1.6683333333333334,True,1.0,0.47308773967667944,0.5185729979020209,0.49583036878935016,0.6986321694241238,-0.08226851851851846,-0.0925462962962963,0.4886497436120219,0.09246602242378157,0.22514948647457675,0.7097159141670483,0.045485258225341496,0.01027777777777783,0.0014775580621417897,0.40533088235294046,0.10620723603798209,0.11695344656080935,0.0,0.9999999987499999,0.625875443552421,0.29726803639965366,0.31650716789383654,0.42677149783195917,happy,03,10,10,female,strong,1099
60,2.0020000000000002,True,1.0,0.5122075171413536,0.5454745099898753,0.5288410135656145,0.7699884259685011,-0.07652777777777764,-0.08263888888888893,0.45792353475473535,0.0892473340193078,0.22641618456171886,0.6868168348120709,0.03326699284852175,0.006111111111111289,0.006651760029861085,0.3833115542787462,0.10504166806466879,0.11670262224758036,0.0,0.9999999987499999,0.6248476008450256,0.2975110864355141,0.3246200526979066,0.42960880339863855,happy,03,10,10,female,strong,1099
70,2.3356666666666666,True,1.0,0.5178814910160292,0.5845374113566415,0.5512094511863354,0.7952973549612777,-0.08740740740740743,-0.09486111111111117,0.438015503291877,0.15335897127147055,0.23404864109113074,0.6930859856979824,0.0666559203406123,0.00745370370370374,0.003091995230963208,0.36268729807601413,0.09185015609600226,0.1173803656913286,0.0,0.9999999987499999,0.6700625777732967,0.3164382459049195,0.2881636698796105,0.43679654907945753,happy,03,10,10,female,strong,1099
80,2.6693333333333333,True,1.0,0.5671816752302128,0.5669560631058433,0.5670688691680281,0.9144898418263987,-0.0831481481481483,-0.08847222222222229,0.4176387244721785,0.15237931673846283,0.23263921683875108,0.620093130871187,0.00022561212436944533,0.005324074074073981,0.005642947988629244,0.3174922934626731,0.1082042965829979,0.11593289260768036,0.0,0.9999999987499999,0.63372204304378,0.2955048439969829,0.31516939095273644,0.4235935919430315,happy,03,10,10,female,strong,1099
90,3.003,True,1.0,0.5974438402955603,0.5987676596274389,0.5981057499614997,1.0058413786469036,-0.09273148148148147,-0.08879629629629626,0.4183090428755284,0.1597198049620252,0.22917865143850905,0.5946322776719472,0.0013238193318786395,0.003935185185185208,0.009054406472667802,0.27152496695642564,0.10610875022298814,0.11556852187242507,0.0,0.9999999987499999,0.6328047207476741,0.29396571713980274,0.3097315274988043,0.4322755111769769,happy,03,10,10,female,strong,1099
100,3.336666666666667,True,1.0,0.6577187024619471,0.675151435786086,0.6664350691240166,0.4176317749342223,-0.09615740740740741,-0.0918518518518518,0.3749638956455896,0.013463130269568618,0.2305823579909605,1.5957479988896468,0.01743273332413897,0.004305555555555618,0.0067423864752474165,0.5630535579187846,0.10691166770222109,0.11466011286929725,0.0,0.9999999987499999,0.6424361921721814,0.28771064866752255,0.2924973436670263,0.41531236502841656,happy,03,10,10,female,strong,1099
110,3.6703333333333332,True,1.0,0.5671950253484653,0.6259483341362208,0.596571679742343,0.3489864895182173,-0.09773148148148136,-0.0879629629629628,0.3720025664124296,-0.06697187486665668,0.23279756262151735,1.7094406163571603,0.05875330878775542,0.009768518518518565,0.047358835487397104,0.6790974074710541,0.10806194061193071,0.11374430584727244,0.0,0.9999999987499999,0.6493571699226566,0.28579820431549025,0.29080923875343123,0.41020908888822555,happy,03,10,10,female,strong,1099
0,0.0,True,1.0,0.5602494393747214,0.5675816972443672,0.5639155683095443,0.6387812775547557,-0.06587962962962962,-0.06305555555555559,0.3426158289362651,0.3193645424940813,0.1841773797792302,0.8827991491363114,0.007332257869645864,0.0028240740740740344,0.003912332319469917,0.3861753811986569,0.1037207325248413,0.11258746551747784,0.0,0.9999999987499999,0.6832095662640058,0.2808303071924653,0.2662409444168431,0.4003603894154407,sad,04,10,10,female,normal,1100
10,0.33366666666666667,True,1.0,0.5445721202917648,0.5469121792424348,0.5457421497670998,0.6481400910676118,-0.06847222222222227,-0.06467592592592597,0.3494340243047308,0.323852202980917,0.1836593041949172,0.8420126409217444,0.002340058950670021,0.0037962962962962976,0.019931927127546007,0.4205619795819193,0.10212462129457134,0.11286169341457505,0.0,0.9999999987499999,0.6842496969803548,0.2797687643281488,0.26554635572995583,0.40134858776350174,sad,04,10,10,female,normal,1100
20,0.6673333333333333,True,1.0,0.48783314262828015,0.48468235400042203,0.4862577483143511,0.5944015227060037,-0.07180555555555557,-0.06648148148148147,0.370730651537273,0.2768471871157451,0.18053852750901522,0.8180627568056527,0.0031507886278581143,0.005324074074074092,0.04014669540140235,0.42637050176453795,0.10375223906258117,0.11255843210092419,0.0,0.9999999987499999,0.6870089581301272,0.2805627666296162,0.26627221688755887,0.40656043420010857,sad,04,10,10,female,normal,1100
30,1.0010000000000001,True,1.0,0.4260595529462163,0.47006035835649707,0.4480599556513567,0.7480102851246475,-0.07657407407407413,-0.0681944444444445,0.41513570966124097,0.26152184877078855,0.18229929299523487,0.599002399514724,0.044000805410280786,0.008379629629629626,0.06698671436445022,0.35464281104888873,0.10247878774751823,0.11438724404042404,0.0,0.9999999987499999,0.6859500179681248,0.2821767230944843,0.2807897483412346,0.4133587307141934,sad,04,10,10,female,normal,1100
40,1.3346666666666667,True,1.0,0.4611954277179994,0.526912933447669,0.4940541805828342,1.0514597175584797,-0.07240740740740748,-0.0652314814814815,0.34524826367438916,0.4054257631602675,0.18665722232723383,0.4698745680243866,0.06571750572966961,0.0071759259259259744,0.06036466225585536,0.27781865592455296,0.10251117731882585,0.11535348173118358,0.0,0.9999999987499999,0.6749088858121374,0.285380603101758,0.2731990565315142,0.4018305275777602,sad,04,10,10,female,normal,1100
50,1.6683333333333334,True,1.0,0.48732339961503784,0.5492204414124741,0.5182719205137559,0.6727922508950319,-0.06888888888888889,-0.06027777777777771,0.35969757853756384,0.20509374855723844,0.19400209033991067,0.7703298006543419,0.061897041797436214,0.00861111111111118,0.057623035173600186,0.4138867859136706,0.10653047404937384,0.11334577538374424,0.0,0.9999999987499999,0.6611737655452805,0.28075333296309407,0.27196878344841346,0.39779549010723986,sad,04,10,10,female,normal,1100
60,2.0020000000000002,True,1.0,0.5388355291143335,0.5675816972443684,0.553208613179351,0.78838475086748,-0.06731481481481466,-0.06055555555555553,0.34650963159921006,0.23171984791666472,0.19814885430822513,0.7016987740702002,0.028746168130034833,0.006759259259259132,0.05664790315946478,0.3475011928375683,0.10628646281352999,0.11290163298586663,0.0,0.9999999987499999,0.6625862104685625,0.28270816799872706,0.27020261168373005,0.38288393965774836,sad,04,10,10,female,normal,1100
70,2.3356666666666666,True,1.0,0.5231252903307422,0.610369627136516,0.5667474587336291,0.80774979417166,-0.06722222222222213,-0.05972222222222229,0.34451912355748204,0.27769984215424687,0.1967288919921129,0.7016373917059594,0.08724433680577381,0.00749999999999984,0.0623230413186379,0.35008230440382093,0.10707649886540388,0.11232238533308742,0.0,0.9999999987499999,0.6607765644539066,0.28093090762341055,0.26772224129594535,0.3810100304641524,sad,04,10,10,female,normal,1100
80,2.6693333333333333,True,1.0,0.5524352368924902,0.6108754792877717,0.5816553580901309,0.5932813673036853,-0.06606481481481485,-0.05958333333333332,0.35801512469729685,0.18130499327524957,0.1979362017116556,0.9804038861587855,0.05844024239528156,0.0064814814814815325,0.053812723023881265,0.4228905700537903,0.10897613516447623,0.11082465752741719,0.0,0.9999999987499999,0.6594824445168693,0.2808844880530619,0.27261369372405264,0.38212043741509494,sad,04,10,10,female,normal,1100
90,3.003,True,1.0,0.567497558949888,0.5971103134496241,0.582303936199756,0.6323072763519142,-0.06759259259259248,-0.060324074074074086,0.34839009893459744,0.22638312618862186,0.19717927802487828,0.9209192397078654,0.029612754499736105,0.0072685185185183965,0.04989183598388599,0.3936168697743655,0.10788481190772757,0.11171690186988895,0.0,0.9999999987499999,0.661537315770058,0.28025716404931894,0.2721976879635462,0.3880469739915737,sad,04,10,10,female,normal,1100
0,0.0,True,1.0,0.5362520139893417,0.5253396351081832,0.5307958245487625,0.9394953078362189,-0.08134259259259258,-0.07268518518518513,0.32962198153490435,0.4618313596060976,0.17818971697181502,0.5649797504271256,0.010912378881158591,0.008657407407407447,0.03957077285155728,0.24042949298269475,0.10304702757493873,0.1126983851373435,0.0,0.9999999987499999,0.6920088045452557,0.2780052294112637,0.2621490742155348,0.4024452441085124,sad,04,10,10,female,normal,1101
10,0.33366666666666667,True,1.0,0.49848236609281876,0.5398992777083369,0.5191908219005779,0.9101834368923702,-0.08333333333333326,-0.07412037037037028,0.3313439567482306,0.46195684594292585,0.18119711593625304,0.5704243791484996,0.04141691161551814,0.009212962962962978,0.04796170786482504,0.2583338337075404,0.10233016082447036,0.11334969823725327,0.0,0.9999999987499999,0.6888318193918191,0.2784886242583144,0.2591208818872198,0.3976191986521425,sad,04,10,10,female,normal,1101
20,0.6673333333333333,True,1.0,0.5459771642765185,0.5233993304635417,0.5346882473700301,0.8417520466602704,-0.08472222222222214,-0.07412037037037034,0.33638727719423456,0.45610859728506836,0.18053852750901528,0.6352087286172401,0.022577833812976844,0.010601851851851807,0.05477529417559251,0.27504581965935404,0.10364092320515436,0.11433952186170737,0.0,0.9999999987499999,0.6832608935605492,0.28027012832483056,0.260603487770894,0.39935608305222636,sad,04,10,10,female,normal,1101
30,1.0010000000000001,True,1.0,0.5073702596527268,0.5577631706865901,0.5325667151696585,1.0002218517872494,-0.08162037037037034,-0.07111111111111107,0.34243835199657624,0.4423742551136325,0.18113310427484242,0.532448590498238,0.05039291103386334,0.010509259259259274,0.06625371481259369,0.25469752595358003,0.10336634128340783,0.11341798393461758,0.0,0.9999999987499999,0.6866503977684824,0.2797817529087827,0.27706773024870346,0.41255401244030465,sad,04,10,10,female,normal,1101
40,1.3346666666666667,True,1.0,0.3216312056091122,0.3251626637970093,0.32339693470306075,0.81653396679861,-0.0891203703703703,-0.0767592592592593,0.3443614029355399,0.35791773398811144,0.18462545845004602,0.39606060231762946,0.0035314581878971296,0.01236111111111099,0.05880537214367032,0.3075309486957413,0.10208800436893485,0.11556341392877897,0.0,0.9999999987499999,0.6900969101312402,0.28035776240460863,0.2639530715547161,0.3995648201053044,sad,04,10,10,female,normal,1101
50,1.6683333333333334,True,1.0,0.3362471898751283,0.3704403189177586,0.35334375439644344,0.7681044825410083,-0.08712962962962961,-0.07800925925925933,0.34862955967621934,0.31961032872722434,0.18842780990276645,0.46002043006900273,0.03419312904263028,0.009120370370370279,0.03027795008628854,0.3254877132138771,0.10307635090960483,0.11434999459384917,0.0,0.9999999987499999,0.6828406279152288,0.28262398857836063,0.2646563585370692,0.39310992024034175,sad,04,10,10,female,normal,1101
60,2.0020000000000002,True,1.0,0.523675377340488,0.5113264528942085,0.5175009151173482,0.8285665252256242,-0.07421296296296298,-0.06819444444444439,0.34221850013948596,0.3415354735815715,0.18966219313384594,0.6245737660912976,0.012348924446279441,0.00601851851851859,0.006717424660087153,0.28827101712150627,0.10336269063848783,0.11308486140567456,0.0,0.9999999987499999,0.6815763668279811,0.2849094233508274,0.2690663090080953,0.39740814130659124,sad,04,10,10,female,normal,1101
70,2.3356666666666666,True,1.0,0.6612550274686315,0.6278929330036969,0.6445739802361642,0.9037035312681573,-0.0667592592592593,-0.0647685185185185,0.3311119302222987,0.39153604490212385,0.19167024913148814,0.7132582289809586,0.033362094464934655,0.001990740740740793,0.01795706191827647,0.28120057455515535,0.10231653143130127,0.11486461086084428,0.0,0.9999999987499999,0.6748307254464285,0.2776410871622556,0.25709827755949205,0.392934600315452,sad,04,10,10,female,normal,1101
80,2.6693333333333333,True,1.0,0.4371265035115917,0.4096047598773738,0.42336563169448277,0.5924994652847798,-0.07328703703703704,-0.07277777777777783,0.3545324844907606,0.1690431669772708,0.192364680643087,0.7145417953938502,0.027521743634217888,0.0005092592592592093,0.031578451930655636,0.38783672994418766,0.1058303188236137,0.11399978208803832,0.0,0.9999999987499999,0.6752112901801346,0.2764935304912094,0.2642370362189915,0.4067303052297404,sad,04,10,10,female,normal,1101
90,3.003,True,1.0,0.6069096579558736,0.5734126662634904,0.5901611621096821,0.6250171279664025,-0.0639351851851852,-0.06462962962962965,0.35166094695186156,0.20570278017790922,0.1909722222222222,0.9442319829376034,0.03349699169238318,0.000694444444444442,0.0351985936236489,0.3574874486977552,0.10560572606460614,0.11150683458962658,0.0,0.9999999987499999,0.6757567359834559,0.27543804822937684,0.2660578719637819,0.40268888811246834,sad,04,10,10,female,normal,1101
100,3.336666666666667,True,1.0,0.6527777777777786,0.5966958892334245,0.6247368335056016,0.7154283181837948,-0.06578703703703703,-0.06532407407407415,0.3416880469061966,0.30643047246015964,0.18958333333333333,0.8732347009852434,0.05608188854435403,0.0004629629629628873,0.035488109121423424,0.32188497206889033,0.10276889777739986,0.1134569583460644,0.0,0.9999999987499999,0.6824623557548019,0.2733483008584916,0.2558877238937809,0.3884399566887645,sad,04,10,10,female,normal,1101
0,0.0,True,1.0,0.5683257763791925,0.6080885340590176,0.588207155219105,0.7388199113703514,-0.07587962962962963,-0.06643518518518521,0.31753337203559945,0.3907845200351561,0.18494131405453404,0.7961441566025309,0.03976275767982518,0.009444444444444422,0.060581367448841114,0.3205960251422193,0.1034817596860475,0.11212955618229387,0.0,0.9999999987499999,0.6850346251547493,0.28269013976665924,0.26509932637292377,0.40140660320561344,sad,04,10,10,female,normal,1102
10,0.33366666666666667,True,1.0,0.5996183645564251,0.6173977149765459,0.6085080397664855,0.7402847085440448,-0.07527777777777783,-0.0662962962962963,0.31667379791759376,0.3846153846153856,0.18697652701763087,0.821991907631415,0.0177793504201208,0.008981481481481535,0.053127089223044224,0.3377079076666163,0.10305418785475924,0.11269183763960715,0.0,0.9999999987499999,0.6829643974621098,0.283906823598575,0.2648429577655517,0.3996118383365789,sad,04,10,10,female,normal,1102
20,0.6673333333333333,True,1.0,0.5331839553253347,0.5769718073440037,0.5550778813346692,0.6948125099308379,-0.07291666666666669,-0.06472222222222224,0.33991809175983984,0.3318164488348141,0.18621157438254948,0.7988887266723537,0.04378785201866897,0.008194444444444449,0.052880869904094636,0.36544250304795206,0.1024790794617442,0.11287801505407871,0.0,0.9999999987499999,0.678599111410189,0.2853239451122794,0.26581884465778777,0.3983723226286534,sad,04,10,10,female,normal,1102
30,1.0010000000000001,True,1.0,0.540007575134919,0.5354206309540699,0.5377141030444945,0.8966013781385365,-0.0676388888888888,-0.058796296296296235,0.3455929738629194,0.3266932110859838,0.1895340417198953,0.5997248232663444,0.004586944180849151,0.008842592592592569,0.04199106366310712,0.3131634348191498,0.10416958577391305,0.1125114796029681,0.0,0.9999999987499999,0.6656827452856143,0.2837366403986127,0.26982740798271104,0.4019538523598154,sad,04,10,10,female,normal,1102
40,1.3346666666666667,True,1.0,0.5182603967248307,0.5742472363777653,0.546253816551298,0.8867130101595644,-0.06532407407407415,-0.05921296296296297,0.3416009683949225,0.2611096156101688,0.19359581698252118,0.6160435341452805,0.055986839652934606,0.006111111111111178,0.03986507951420376,0.3016523675094558,0.10483821377819176,0.1135787130131812,0.0,0.9999999987499999,0.6676284887236145,0.280875277855606,0.2642349121475898,0.38845917842007965,sad,04,10,10,female,normal,1102
50,1.6683333333333334,True,1.0,0.5299695500294018,0.5521962215304607,0.5410828857799312,0.8458669150614089,-0.06601851851851848,-0.058148148148148227,0.367298441121349,0.23481332628720208,0.19148927794198778,0.6396785075116094,0.022226671501058837,0.00787037037037025,0.03500203619247789,0.31868158704253724,0.10307516025257979,0.11385014219004647,0.0,0.9999999987499999,0.6650948054534312,0.28065045038434405,0.2646547641607812,0.3848505030617047,sad,04,10,10,female,normal,1102
60,2.0020000000000002,True,1.0,0.5365341061255949,0.5641391194465818,0.5503366127860884,0.7562041923715961,-0.06300925925925932,-0.05703703703703694,0.35820714481607585,0.2169527026866269,0.1981031536435172,0.7277619171352794,0.02760501332098686,0.005972222222222379,0.026581323153371656,0.3718507001785248,0.10490312018293804,0.11284544609341293,0.0,0.9999999987499999,0.6593484695206207,0.28523835271395265,0.27056679331658856,0.38045366519160445,sad,04,10,10,female,normal,1102
70,2.3356666666666666,True,1.0,0.5011020782870805,0.5547482819145617,0.5279251801008211,0.7170068273464385,-0.054768518518518494,-0.05120370370370375,0.34112086235821715,0.11203231677288064,0.199336559854055,0.736290311285616,0.05364620362748118,0.003564814814814743,0.01983148317447806,0.37500000000000044,0.10399984342088474,0.1128373703999421,0.0,0.9999999987499999,0.6557929766359669,0.28119871376736755,0.2588081684989272,0.3704854462356145,sad,04,10,10,female,normal,1102
80,2.6693333333333333,True,1.0,0.5922333229074064,0.5945931471493748,0.5934132350283906,0.5725360098873863,-0.05555555555555558,-0.05310185185185179,0.3497995053402088,0.07156700123592315,0.20000953651580117,1.036464475212853,0.0023598242419684556,0.002453703703703791,0.004604789603573234,0.46473541279555003,0.1048071205996276,0.11360740552415467,0.0,0.9999999987499999,0.6563902822926045,0.2808228964209791,0.2580284626900011,0.3722515375758176,sad,04,10,10,female,normal,1102
90,3.003,True,1.0,0.5645541632746115,0.5792029498700006,0.5718785565723061,0.5304114403271305,-0.056944444444444464,-0.05337962962962961,0.3503008149555845,0.050174055166079694,0.19931933583917838,1.0781791513011123,0.014648786595389152,0.003564814814814854,0.0035405008625684358,0.45608108108108075,0.10583590317697353,0.11264961924910906,0.0,0.9999999987499999,0.6622221517669569,0.27654951517076515,0.266274071132649,0.3816290432070713,sad,04,10,10,female,normal,1102
100,3.336666666666667,True,1.0,0.639525162318931,0.6575809332942705,0.6485530478066007,0.5279580988093286,-0.05976851851851839,-0.05689814814814814,0.3585735514883925,0.04860642321765182,0.1993090007157837,1.2284176514561334,0.018055770975339502,0.0028703703703702454,0.0006549183416965857,0.4438844639092703,0.1049264581919128,0.11383242676861963,0.0,0.9999999987499999,0.6641044770095539,0.282989190632209,0.2673510153334409,0.3809622461425884,sad,04,10,10,female,normal,1102
0,0.0,True,1.0,0.5661928915051736,0.5873936189494682,0.576793255227321,0.746870208106507,-0.06865740740740744,-0.0647685185185185,0.32538379809005036,0.35809848616880025,0.1863094152695318,0.7722804430633652,0.021200727444294576,0.0038888888888889417,0.025609241121413984,0.31585474505638433,0.10174501842250917,0.1126980013053537,0.0,0.9999999987499999,0.6822133797972313,0.2847369714230871,0.2602245611003016,0.3846877947292794,sad,04,10,10,female,normal,1103
10,0.33366666666666667,True,1.0,0.5785667249298192,0.5692248784272427,0.5738958016785309,0.7683154622444248,-0.06967592592592597,-0.06268518518518523,0.32346811812595516,0.3528673064115541,0.18779639659020522,0.746953341277358,0.009341846502576523,0.006990740740740742,0.026349178267561068,0.3201572760966688,0.10464855175874313,0.11206612448777921,0.0,0.9999999987499999,0.6781942808920444,0.284570799264493,0.26792840795784395,0.39738854683431135,sad,04,10,10,female,normal,1103
20,0.6673333333333333,True,1.0,0.5420223113973008,0.5503820057365987,0.5462021585669498,0.7073090215969109,-0.06902777777777774,-0.0628240740740742,0.3303230755313604,0.3304896261212843,0.18848974903696683,0.7722256353153453,0.00835969433929784,0.006203703703703545,0.03282122875944914,0.34052211089838624,0.10431239285777405,0.1125484974881743,0.0,0.9999999987499999,0.6751527533904187,0.2852142436580478,0.267735459114445,0.39737801464069905,sad,04,10,10,female,normal,1103
30,1.0010000000000001,True,1.0,0.5771120033254742,0.5970965182665234,0.5871042607959989,1.0550437093403298,-0.07074074074074072,-0.06342592592592594,0.329730678869354,0.41400054014702786,0.18989857604528734,0.556473874587706,0.019984514941049247,0.007314814814814774,0.03729768844260157,0.26038734793659546,0.10449718437922469,0.11472590514971193,0.0,0.9999999987499999,0.6620353440204207,0.28214909201582655,0.26391423850038787,0.4022571361027552,sad,04,10,10,female,normal,1103
40,1.3346666666666667,True,1.0,0.5516561417804913,0.6225921386245941,0.5871241402025427,0.7554458237054368,-0.06291666666666662,-0.05625000000000002,0.35037128725275357,0.22785388500714973,0.19744491779549958,0.7771889416539736,0.07093599684410279,0.006666666666666599,0.05609638065047612,0.34399746909699985,0.1071278807273573,0.11261225475864887,0.0,0.9999999987499999,0.6513118638783638,0.28240543320590883,0.26268706201462544,0.3850831357441378,sad,04,10,10,female,normal,1103
50,1.6683333333333334,True,1.0,0.5533124309105734,0.6888765627851756,0.6210944968478744,0.5995268851554338,-0.06499999999999995,-0.05435185185185187,0.345956483049084,0.17972111692852602,0.19368683010433155,1.035974386180945,0.13556413187460226,0.010648148148148073,0.11673974362767502,0.4007935938313191,0.1093506129583998,0.1102825564162654,0.0,0.9999999987499999,0.6460135152732969,0.28505582584873274,0.27120167819470287,0.37416913149023623,sad,04,10,10,female,normal,1103
60,2.0020000000000002,True,1.0,0.6026389985167829,0.6991566946954663,0.6508978466061246,0.8134230935820413,-0.06513888888888897,-0.056342592592592666,0.3587276065342834,0.1826273633378083,0.1941040741498295,0.8001959272385416,0.09651769617868333,0.008796296296296302,0.0733267079868186,0.2927063832243557,0.10664090862889035,0.11407998528735455,0.0,0.9999999987499999,0.6581583899340986,0.2817784281570799,0.27283530147297796,0.3893036509095862,sad,04,10,10,female,normal,1103
70,2.3356666666666666,True,1.0,0.5638935583626582,0.638381914465213,0.6011377364139356,0.7397411717296836,-0.06171296296296286,-0.05527777777777776,0.3469147833500144,0.21590209565762827,0.20177644700980643,0.8126325252497958,0.07448835610255478,0.006435185185185099,0.058600081533269795,0.3575510020098585,0.10873656991913502,0.1120842754309199,0.0,0.9999999987499999,0.6531980085549843,0.2792642989517507,0.2703656704897129,0.38468809893856953,sad,04,10,10,female,normal,1103
80,2.6693333333333333,True,1.0,0.5672800591540257,0.6295344996573959,0.5984072794057108,0.778443850748894,-0.061851851851851825,-0.05560185185185196,0.32197149653960905,0.1793787071605054,0.20517407551075895,0.768722469616812,0.062254440503370256,0.006249999999999867,0.049039205368758,0.3397665224777164,0.10933012093353216,0.11235644543388829,0.0,0.9999999987499999,0.6527839932144733,0.2788722138552289,0.2737718995091543,0.3796889519190814,sad,04,10,10,female,normal,1103
90,3.003,True,1.0,0.5786927867545824,0.6391059555387527,0.6088993711466675,0.5128006343668771,-0.06152777777777785,-0.056064814814814734,0.35744680527082806,0.08074765755651071,0.2044191213948448,1.1873998008961855,0.06041316878417036,0.005462962962963114,0.04270433655197696,0.5045176588743813,0.10844402361901359,0.11270593628048829,0.0,0.9999999987499999,0.6535349872839761,0.2785723372515945,0.27349715110595996,0.3795531768725273,sad,04,10,10,female,normal,1103
100,3.336666666666667,True,1.0,0.5760540247835114,0.6482038832347496,0.6121289540091306,0.5216823946543113,-0.06111111111111106,-0.05509259259259258,0.3691743508066188,0.0909711750550851,0.2045027062885483,1.173374758821894,0.07214985845123822,0.006018518518518479,0.04206906585114412,0.4461629407972043,0.1094727760196035,0.11119412664255839,0.0,0.9999999987499999,0.6522327664659614,0.27910150787452226,0.279540465938135,0.38777905718296446,sad,04,10,10,female,normal,1103
110,3.6703333333333332,True,1.0,0.581066854491637,0.6183098057993296,0.5996883301454833,0.5511484031480502,-0.06078703703703692,-0.05685185185185193,0.3578628068659507,0.09401890635680171,0.20591193113232592,1.0880705209707269,0.03724295130769262,0.003935185185184986,0.030858128346805146,0.44935342901763387,0.10955799237490033,0.11213426096044989,0.0,0.9999999987499999,0.6523101943355467,0.27987513982409445,0.2754883506458339,0.3803801865746797,sad,04,10,10,female,normal,1103
0,0.0,True,1.0,0.6008112044125972,0.5746872646719587,0.5877492345422779,0.5035514142350768,-0.06638888888888883,-0.06685185185185188,0.3757557443202334,0.1734246210420241,0.19250423708691936,1.1672079909359452,0.026123939740638424,0.00046296296296305384,0.041414135270137216,0.4655381564200089,0.10525314780591943,0.11353042715598602,0.0,0.9999999987499999,0.6736441656193728,0.27580220458650834,0.27117382740700996,0.4072391515495015,sad,04,10,10,female,strong,1104
10,0.33366666666666667,True,1.0,0.5872592540603209,0.5703012440696474,0.5787802490649842,0.62406269008086,-0.0668981481481482,-0.06708333333333327,0.37757618295008244,0.18423511299039563,0.1938637676317847,0.9274392753554798,0.01695800999067343,0.0001851851851850661,0.0430573085520069,0.4013527771650484,0.10746606361453412,0.11313473233409187,0.0,0.9999999987499999,0.6724107640243596,0.27569407327661166,0.2770355212062161,0.4026159959077565,sad,04,10,10,female,strong,1104
20,0.6673333333333333,True,1.0,0.5880156244169511,0.5582974783774968,0.5731565513972239,0.9547684928999672,-0.06712962962962948,-0.06657407407407412,0.37020127959629145,0.3415552887155912,0.19312233139743268,0.6003094526677835,0.02971814603945433,0.0005555555555553648,0.03340883624765406,0.28225220785448196,0.10795457232494353,0.1124994615791114,0.0,0.9999999987499999,0.6649100719819178,0.27832656202185957,0.2823635952314449,0.40925343857299107,sad,04,10,10,female,strong,1104
30,1.0010000000000001,True,1.0,0.5163303500017502,0.5059829059829053,0.5111566279923278,0.9142057190329463,-0.07393518518518533,-0.06865740740740733,0.41076338401118445,0.30080921248550024,0.1855092249813157,0.5591264825306859,0.010347444018844909,0.005277777777777992,0.012935326674551325,0.28586787780656847,0.1017357349423516,0.11815311581413532,0.0,0.9999999987499999,0.6749789468052845,0.28270412414372587,0.28231657227361334,0.4127908322442914,sad,04,10,10,female,strong,1104
40,1.3346666666666667,True,1.0,0.43884085632344566,0.4479254925938419,0.4433831744586438,0.7269639911223639,-0.08347222222222228,-0.07092592592592589,0.374590307607147,0.40505211589519646,0.17208325648517755,0.6099107794515406,0.00908463627039624,0.012546296296296389,0.08590594648080689,0.3711202916847681,0.10190819056449149,0.11751905119551902,0.0,0.9999999987499999,0.6885084344206432,0.2815312110025396,0.27048357697498304,0.40600753128920325,sad,04,10,10,female,strong,1104
50,1.6683333333333334,True,1.0,0.4850975795442138,0.4976407388594483,0.49136915920183105,0.9117991351488636,-0.10162037037037042,-0.09157407407407409,0.3931123999254484,0.3350096676548052,0.2189781245460532,0.5389006638195685,0.012543159315234531,0.010046296296296331,0.07852759365815137,0.31335222276520236,0.1032098121635597,0.11604970261314865,0.0,0.9999999987499999,0.6617096411924144,0.2851702097101691,0.29712846545394295,0.41779823418045775,sad,04,10,10,female,strong,1104
60,2.0020000000000002,True,1.0,0.526282628317055,0.5740314857287385,0.5501570570228967,0.7272545213929068,-0.08606481481481482,-0.07583333333333336,0.4044627280691098,0.18401348067800954,0.22311341768907206,0.7564848905568629,0.047748857411683554,0.010231481481481453,0.06632294173290174,0.39343619847471456,0.10356631677186907,0.11687833189483941,0.0,0.9999999987499999,0.6490782710975016,0.28521744494589896,0.3007964894407469,0.42881444761574,sad,04,10,10,female,strong,1104
70,2.3356666666666666,True,1.0,0.582562168240666,0.659867302836111,0.6212147355383885,0.7600919356060786,-0.07662037037037034,-0.0672222222222223,0.3615678675505238,0.18595724992664958,0.220382535273966,0.8172889441894251,0.07730513459544497,0.009398148148148044,0.06119820353245879,0.3837201574636792,0.10692601584262976,0.11514419287420433,0.0,0.9999999987499999,0.6476769771111569,0.28395369268467036,0.2923875984879785,0.39932512529555514,sad,04,10,10,female,strong,1104
80,2.6693333333333333,True,1.0,0.566419466335,0.6731565134784326,0.6197879899067162,0.4357977161242465,-0.07208333333333339,-0.06449074074074079,0.3962023294475492,0.12612612612612575,0.21711692432476457,1.4221919183486815,0.10673704714343268,0.007592592592592595,0.05496834064801738,0.6728369196304955,0.09453630415108003,0.11339464361101598,0.0,0.9999999987499999,0.6901147466330282,0.3004039163462249,0.2683301681805981,0.4124511872480469,sad,04,10,10,female,strong,1104
90,3.003,True,1.0,0.5825621682406658,0.6731565134784334,0.6278593408595496,0.3863352022652485,-0.07245370370370385,-0.06504629629629632,0.38940770805217184,0.17780184442330982,0.2140173676176195,1.6251673085396874,0.09059434523776766,0.007407407407407529,0.04038587224921577,0.8086081015990984,0.09329948610297346,0.11324281991523888,0.0,0.9999999987499999,0.6963223636016908,0.2986944968314224,0.2695950467930392,0.41823774490326254,sad,04,10,10,female,strong,1104
100,3.336666666666667,True,1.0,0.5887993749435587,0.6984695106557564,0.6436344427996575,0.43042776217389433,-0.076388888888889,-0.06856481481481475,0.37194285671798577,0.21857264177357763,0.21139482318013636,1.495336730950981,0.10967013571219764,0.007824074074074261,0.06362773270959748,0.6371667980232522,0.10995108738267083,0.11140734564247845,0.0,0.9999999987499999,0.6557268484581332,0.2793006292534482,0.29650546693072477,0.4072760924131129,sad,04,10,10,female,strong,1104
0,0.0,True,1.0,0.5712780153060841,0.6101702158477516,0.5907241155769178,0.9394511460049743,-0.06712962962962965,-0.06240740740740741,0.34090452593525983,0.38287799724499266,0.18629180588200323,0.6287970567591282,0.03889220054166742,0.004722222222222239,0.021025049200649088,0.2891850464999033,0.1062197100139008,0.1114362085916553,0.0,0.9999999987499999,0.6677217854407388,0.2813230849128505,0.27021634134835404,0.40712534761009855,sad,04,10,10,female,strong,1105
10,0.33366666666666667,True,1.0,0.5539929755807161,0.5876854603426765,0.5708392179616963,0.954837374545074,-0.0662037037037036,-0.06259259259259264,0.3370922484221192,0.3744638735912172,0.18767935757500243,0.5978392061094895,0.033692484761960406,0.003611111111110954,0.021413270354127004,0.2806483232524243,0.10588476319902973,0.11311014049718145,0.0,0.9999999987499999,0.6686567109812676,0.28112428392829086,0.2687314108848586,0.40251601935343295,sad,04,10,10,female,strong,1105
20,0.6673333333333333,True,1.0,0.5403207425179872,0.5462999942625354,0.5433103683902614,0.8926253077537425,-0.06624999999999998,-0.060185185185185175,0.35442529896603286,0.34158940489752015,0.18426642021493544,0.6086656558701894,0.005979251744548164,0.006064814814814801,0.019835556374529866,0.2916163540846237,0.10474400972191099,0.11416733065043086,0.0,0.9999999987499999,0.6664423353403861,0.28084511891252517,0.26744120104803815,0.40294510340358514,sad,04,10,10,female,strong,1105
30,1.0010000000000001,True,1.0,0.4792584514030716,0.484682354000421,0.4819704027017463,0.8858419550906855,-0.07324074074074077,-0.06611111111111106,0.417895971584376,0.30275281866375703,0.17619571337068468,0.544081706597884,0.005423902597349373,0.007129629629629708,0.033854429782661705,0.28855781478081344,0.10145261725475407,0.1146354840338899,0.0,0.9999999987499999,0.6834885215961385,0.2822069729351568,0.284229143665191,0.43029760883661416,sad,04,10,10,female,strong,1105
40,1.3346666666666667,True,1.0,0.4273784896272212,0.4557949173160975,0.44158670347165935,0.760698587696135,-0.0730555555555556,-0.06587962962962962,0.37913456878152246,0.3537759410728649,0.18309323293737131,0.5805015424164998,0.02841642768887631,0.0071759259259259744,0.04907267944699022,0.37545532654426966,0.10261198274261457,0.11460075231132157,0.0,0.9999999987499999,0.6847672253432624,0.2801898649159135,0.27836481616997005,0.4157688034132348,sad,04,10,10,female,strong,1105
50,1.6683333333333334,True,1.0,0.45225966578686333,0.51448099291356,0.4833703293502116,0.9047183353022974,-0.07125000000000004,-0.06282407407407403,0.37985167822066546,0.3484120230837255,0.18863540795047914,0.5342771451500439,0.062221327126696646,0.008425925925926003,0.04113562639637265,0.3321358520336149,0.10150704752693028,0.11590978660198752,0.0,0.9999999987499999,0.6752507735672394,0.28490796968902354,0.28252485617371154,0.4105233224451954,sad,04,10,10,female,strong,1105
60,2.0020000000000002,True,1.0,0.5197660592075518,0.5641493278328318,0.5419576935201917,0.8627437188814522,-0.06601851851851848,-0.05800925925925915,0.38673253343460035,0.25977209577527405,0.19695008416134846,0.6281792398591325,0.04438326862527997,0.008009259259259327,0.04525340897404197,0.36277242071992666,0.10501096778944802,0.11458882753018572,0.0,0.9999999987499999,0.6605519324370374,0.2838582751451139,0.2854263845389543,0.4068144364973372,sad,04,10,10,female,strong,1105
70,2.3356666666666666,True,1.0,0.519560699865472,0.5575681481430401,0.5385644240042561,0.7860822934747154,-0.06282407407407409,-0.0571759259259258,0.3508353932607136,0.2243122198149371,0.2018792670735439,0.685124736271113,0.03800744827756808,0.005648148148148291,0.02590705935315883,0.3719981346966908,0.10734060909797787,0.1124095031115662,0.0,0.9999999987499999,0.6577695312343688,0.2833266610023808,0.2811723915277121,0.38885046331118794,sad,04,10,10,female,strong,1105
80,2.6693333333333333,True,1.0,0.5276591559694896,0.5892747025645836,0.5584669292670366,0.6113671202030659,-0.06337962962962967,-0.05731481481481482,0.38981388028256564,0.1869562055991943,0.20242283150048473,0.9134722997231867,0.06161554659509394,0.006064814814814856,0.027643113190573908,0.46988980165088506,0.10746851767345614,0.11279508988975066,0.0,0.9999999987499999,0.6579842768748125,0.28188128790804856,0.2827912357768892,0.38872955189173913,sad,04,10,10,female,strong,1105
90,3.003,True,1.0,0.5526758954484164,0.5918270396024963,0.5722514675254564,0.44877424212910016,-0.06634259259259262,-0.05972222222222223,0.3853598817813782,0.15535101715812935,0.20044049391667962,1.2751432988010822,0.03915114415407983,0.0066203703703703876,0.03951972175138047,0.5998418010680888,0.1095266797998773,0.11131232119046713,0.0,0.9999999987499999,0.6598373805147059,0.2805530945699156,0.2886870044255019,0.40037200481084584,sad,04,10,10,female,strong,1105
100,3.336666666666667,True,1.0,0.5215145897553605,0.5835425407434754,0.552528565249418,0.46116558466642776,-0.06819444444444439,-0.06023148148148155,0.3823020181966258,0.18020717990342988,0.1998869446886146,1.1981131802128626,0.06202795098811498,0.007962962962962838,0.042630669736881434,0.5915908346814301,0.10979426163533483,0.11173254825217353,0.0,0.9999999987499999,0.6596694208620949,0.280152150832276,0.28607196549576813,0.4042500105292142,sad,04,10,10,female,strong,1105
0,0.0,True,1.0,0.5330991118756124,0.5777816662455791,0.5554403890605958,0.5816949671321471,-0.06726851851851856,-0.06004629629629632,0.35012404513984957,0.3116600617989562,0.17749688421866758,0.9548653855456396,0.04468255436996671,0.007222222222222241,0.0438835524763583,0.44905819242566075,0.10289623717032245,0.11434559811650927,0.0,0.9999999987499999,0.6853893768288566,0.2800600759766049,0.26315584369114575,0.39936684834760694,sad,04,10,10,female,strong,1106
10,0.33366666666666667,True,1.0,0.5587873479337013,0.6012706207925845,0.580028984363143,0.6755655069574833,-0.0681944444444445,-0.06166666666666665,0.34600949671215686,0.32283152589254904,0.17816359721662406,0.8585828885423648,0.0424832728588832,0.0065277777777778545,0.04203733070732951,0.37380281233051,0.10449359229209998,0.11254968994970015,0.0,0.9999999987499999,0.6840619509366246,0.2806969672658437,0.2654105959150146,0.40115835513864856,sad,04,10,10,female,strong,1106
20,0.6673333333333333,True,1.0,0.5443074055035287,0.5676911593889973,0.555999282446263,0.698460185497137,-0.06717592592592597,-0.059444444444444355,0.34947228984734885,0.29965600175374263,0.17912124465450466,0.7960357569279689,0.02338375388546854,0.007731481481481617,0.05652750144403456,0.3297417182531698,0.10415491445239965,0.11353639558858068,0.0,0.9999999987499999,0.683930398276498,0.28071630230621986,0.26671540495542106,0.4012734699702718,sad,04,10,10,female,strong,1106
30,1.0010000000000001,True,1.0,0.5102410325093181,0.5537459945028955,0.5319935135061068,0.9232904610219558,-0.06615740740740744,-0.05949074074074068,0.35495985589870127,0.35783810969826213,0.18248708110561557,0.5761930139701249,0.04350496199357745,0.006666666666666765,0.047736960283325545,0.266682759980779,0.10314045028199433,0.11395830378015846,0.0,0.9999999987499999,0.6810905171365421,0.28290568106803726,0.27105611488333187,0.397622713315085,sad,04,10,10,female,strong,1106
40,1.3346666666666667,True,1.0,0.5207729814442448,0.5415676103981953,0.5311702959212201,0.8871562722158031,-0.06481481481481483,-0.05722222222222223,0.36564599979236134,0.31532075244281377,0.1880266042512335,0.5987336307667017,0.020794628953950567,0.007592592592592595,0.037207272059303256,0.3154716884167858,0.10643609375124734,0.11191259588590959,0.0,0.9999999987499999,0.6684883551936399,0.2788466463863666,0.27569519000595083,0.4048787557773893,sad,04,10,10,female,strong,1106
50,1.6683333333333334,True,1.0,0.5088395410526055,0.5548098686719625,0.531824704862284,0.7489344308101699,-0.06374999999999997,-0.05750000000000005,0.4253781683957601,0.17826527819795418,0.19489749505027285,0.710108499467671,0.04597032761935693,0.006249999999999922,0.04335991352597785,0.37928764683632993,0.10703373340493413,0.11320774932472501,0.0,0.9999999987499999,0.6660272189813425,0.281291668526396,0.2899065869537784,0.40556279637256326,sad,04,10,10,female,strong,1106
60,2.0020000000000002,True,1.0,0.5697538233097893,0.6134261636078691,0.5915899934588291,0.5180701269579314,-0.060972222222222205,-0.05509259259259247,0.36928136329122935,0.0663089872219311,0.19905467856433973,1.1419110322623711,0.04367234029807976,0.0058796296296297346,0.03769848808815414,0.5283850184965834,0.10573248526100575,0.1135884519496123,0.0,0.9999999987499999,0.6579835551720687,0.28375679310338586,0.2773112791252652,0.38011333780071727,sad,04,10,10,female,strong,1106
70,2.3356666666666666,True,1.0,0.5459709550274667,0.581417873430272,0.5636944142288693,0.6758608658323364,-0.061851851851851825,-0.055046296296296315,0.3644657375777926,0.1686985408725518,0.20118651529641388,0.8340391384174437,0.03544691840280523,0.006805555555555509,0.0428331428275225,0.4274178663502157,0.10702033676844853,0.11220623167443629,0.0,0.9999999987499999,0.6557704090933247,0.27998290904580314,0.2748745885739865,0.38172764972847084,sad,04,10,10,female,strong,1106
80,2.6693333333333333,True,1.0,0.5622041894341482,0.6282147137054913,0.5952094515698197,0.8529612157649491,-0.06300925925925932,-0.05611111111111111,0.353185453441598,0.19908179324239114,0.20052155201440475,0.6978153760907247,0.06601052427134313,0.006898148148148209,0.03785930178719391,0.3094428846731414,0.10882289820218334,0.11234015826202236,0.0,0.9999999987499999,0.6581068384306847,0.282152997117002,0.27845865563008787,0.37840337532711454,sad,04,10,10,female,strong,1106
90,3.003,True,1.0,0.5622595813602637,0.6145641808360327,0.5884118810981482,0.5268585314609635,-0.06060185185185185,-0.053472222222222254,0.358253539716739,0.08084520834544513,0.19847252670963544,1.116830887157695,0.05230459947576904,0.007129629629629597,0.04233816147905209,0.47777314027023793,0.10816286158734685,0.11263801227781581,0.0,0.9999999987499999,0.6594334636120073,0.2816871229564218,0.27838070186046754,0.38388098344108673,sad,04,10,10,female,strong,1106
100,3.336666666666667,True,1.0,0.5918419426883879,0.6463189869752428,0.6190804648318153,0.5854611749735429,-0.06231481481481482,-0.0559722222222222,0.3648407490771542,0.09295185165871232,0.19919452712971497,1.057423602615138,0.05447704428685496,0.006342592592592622,0.04086719718477624,0.39918895512739805,0.1096675394994999,0.11100204173473335,0.0,0.9999999987499999,0.6603354211372049,0.2814098030734462,0.2815939819635804,0.38727222542113743,sad,04,10,10,female,strong,1106
0,0.0,True,1.0,0.5711404113004491,0.5918270396024957,0.5814837254514724,0.5558797951500851,-0.0676388888888888,-0.06046296296296294,0.3671347330411409,0.2049807295960612,0.19322975648338905,1.0460601923739183,0.020686628302046595,0.007175925925925863,0.030008708959626026,0.44733815762112716,0.10676378081615684,0.11160002812126836,0.0,0.9999999987499999,0.6768955755114546,0.2763826601655922,0.2717284099315745,0.3967101789626886,sad,04,10,10,female,strong,1107
10,0.33366666666666667,True,1.0,0.545001765758761,0.6010079632529288,0.573004864505845,0.5547651577376558,-0.0668981481481481,-0.061574074074074225,0.3687426438036109,0.18477263852615577,0.19392357711161795,1.0328782485954437,0.0560061974941678,0.00532407407407387,0.023374538198058775,0.4473381576211269,0.10618507840841522,0.11232054238612117,0.0,0.9999999987499999,0.6687385613385979,0.2788189220149272,0.2709207747378134,0.397079841831713,sad,04,10,10,female,strong,1107
20,0.6673333333333333,True,1.0,0.580886760143305,0.6134172395758732,0.5971519998595891,0.5973992311752829,-0.06449074074074074,-0.058888888888888824,0.3708832438089286,0.19236010214287572,0.19529521528455354,0.9995861539439758,0.03253047943256826,0.005601851851851913,0.022339701073810288,0.44612509680871504,0.10707780746393913,0.11181111824215151,0.0,0.9999999987499999,0.6674452153830283,0.2795423765007215,0.2724046175057859,0.39414165402213747,sad,04,10,10,female,strong,1107
30,1.0010000000000001,True,1.0,0.4998404583278203,0.5244919868140813,0.5121662225709508,0.8296302596560222,-0.0664351851851851,-0.060601851851851796,0.3826339125138563,0.2719599523746345,0.19068791969091642,0.6173427458917699,0.024651528486260954,0.0058333333333333015,0.01988915924023364,0.31955121818902,0.10550224410073149,0.11245505664693677,0.0,0.9999999987499999,0.6683522644057623,0.27959670788802743,0.2751721459677396,0.4057986995823893,sad,04,10,10,female,strong,1107
40,1.3346666666666667,True,1.0,0.5332334776028322,0.6012728626865914,0.5672531701447119,0.6956231658496773,-0.06004629629629621,-0.05435185185185187,0.3935321945800942,0.17698443027184324,0.19739274606235463,0.8154604360420252,0.06803938508375917,0.005694444444444335,0.024261423736375656,0.40238661070362636,0.10387548257106732,0.11429328629122963,0.0,0.9999999987499999,0.6634896711966036,0.2845566735344596,0.27707065845701667,0.38579138536364416,sad,04,10,10,female,strong,1107
50,1.6683333333333334,True,1.0,0.5656681551709584,0.586443237569418,0.5760556963701882,0.744281069236397,-0.06166666666666676,-0.056944444444444575,0.40449664731499896,0.10542128868434343,0.2044191213948448,0.7739760154872655,0.0207750823984596,0.004722222222222183,0.02339876358921907,0.37825216496495545,0.10517098508045773,0.11343871897553308,0.0,0.9999999987499999,0.6586691270570728,0.28027322301315405,0.28293073230856575,0.39246304587176406,sad,04,10,10,female,strong,1107
60,2.0020000000000002,True,1.0,0.549322488868678,0.5942850035465211,0.5718037462075996,0.7276022510817286,-0.059259259259259345,-0.05425925925925912,0.392126278725015,0.12117267467373094,0.20511271111206514,0.7858740752347826,0.04496251467784318,0.0050000000000002265,0.01522243062565068,0.3881482087801718,0.10593305846646606,0.11390431871584823,0.0,0.9999999987499999,0.6568276045965261,0.28012989308489133,0.27740103011609,0.38344729526672955,sad,04,10,10,female,strong,1107
70,2.3356666666666666,True,1.0,0.6183561208786291,0.6446337722818286,0.6314949465802289,0.6900538517367778,-0.06361111111111106,-0.0564351851851852,0.37075960593714996,0.14199220315977565,0.20584633911246286,0.9151386446011951,0.026277651403199487,0.007175925925925863,0.02427361263197107,0.4120804554476785,0.10466360402138239,0.1137396373804785,0.0,0.9999999987499999,0.6592190966777336,0.2796678046941914,0.26945686794695456,0.37842458673217805,sad,04,10,10,female,strong,1107
80,2.6693333333333333,True,1.0,0.5918419426883883,0.6544533577693202,0.6231476502288542,0.5222204146954604,-0.062129629629629424,-0.05666666666666664,0.37888963373365797,0.10435126280641698,0.2037453847043289,1.1932655880414993,0.06261141508093193,0.005462962962962781,0.030003284034325898,0.5155734353002545,0.10736514618810096,0.11221641674866975,0.0,0.9999999987499999,0.6552571128842162,0.28089531355874636,0.2752368089310974,0.38650673615472186,sad,04,10,10,female,strong,1107
90,3.003,True,1.0,0.558989806600051,0.6408564436355362,0.5999231251177937,0.5203949554661843,-0.06277777777777782,-0.05726851851851855,0.3764076240965393,0.09084483256580209,0.20588932833276133,1.1528227143946195,0.08186663703548513,0.005509259259259269,0.028424564645474527,0.5201695628609336,0.10749778686299905,0.11242878865446922,0.0,0.9999999987499999,0.6544798129173545,0.2811150146639323,0.27885692975372756,0.38730238193107064,sad,04,10,10,female,strong,1107
100,3.336666666666667,True,1.0,0.5918419426883879,0.6662866852705855,0.6290643139794867,0.5438171823037715,-0.0623148148148146,-0.05699074074074062,0.3801856772302788,0.09689320910649467,0.20586746424767738,1.1567569662190205,0.07444474258219769,0.005324074074073981,0.029058830469255743,0.4825502329387089,0.10669177164194968,0.1131939599208321,0.0,0.9999999987499999,0.6573887355410913,0.28115133398606745,0.2765029357538909,0.38533154268862474,sad,04,10,10,female,strong,1107
0,0.0,True,1.0,0.5873735300278119,0.5834379462688485,0.5854057381483302,0.7619501127429033,-0.06944444444444442,-0.0650925925925927,0.3594895391228631,0.3033032125006904,0.1749364559249825,0.7682992998596189,0.003935583758963412,0.004351851851851718,0.026075766089315097,0.3070827759491683,0.09918850270233455,0.11362085030126333,0.0,0.9999999987499999,0.7024882855095163,0.2779315870289517,0.2515203900904893,0.3959530743951983,angry,05,10,10,female,normal,1108
10,0.33366666666666667,True,1.0,0.5583264254253472,0.5471166987022782,0.5527215620638126,0.7607198238700356,-0.06824074074074077,-0.06472222222222224,0.3547874423970876,0.2956911418521416,0.1756284057721372,0.7265770454777077,0.011209726723068969,0.003518518518518532,0.03178698851230433,0.3069995444051663,0.1016022991675573,0.11180893251803024,0.0,0.9999999987499999,0.6974317664018733,0.27928506929343244,0.25958498121711626,0.3994976289232519,angry,05,10,10,female,normal,1108
20,0.6673333333333333,True,1.0,0.5609451251835388,0.5693294510261696,0.5651372881048542,0.763646487100865,-0.06759259259259254,-0.06351851851851859,0.36983694534144296,0.2793237927160419,0.1762255883084451,0.7400509236287615,0.008384325842630824,0.004074074074073952,0.025578382496961205,0.3355036182158447,0.10188309512762057,0.11155312417931153,0.0,0.9999999987499999,0.6949528668342337,0.2793313739403114,0.2603804211309008,0.3983063707839365,angry,05,10,10,female,normal,1108
30,1.0010000000000001,True,1.0,0.5426882430623332,0.5582226096402025,0.5504554263512679,0.7911871164346009,-0.07495370370370369,-0.07560185185185181,0.3844054360647609,0.2460590045294313,0.18596741045639337,0.6957335564712374,0.01553436657786933,0.0006481481481481199,0.024480612103452124,0.3146680859577073,0.10058789139621206,0.11238386359358256,0.0,0.9999999987499999,0.6937375221338536,0.2770439898193378,0.25924063516767576,0.39691843565414386,angry,05,10,10,female,normal,1108
40,1.3346666666666667,True,1.0,0.5339113621806975,0.5213402122140431,0.5276257871973703,0.8274794391537611,-0.07074074074074083,-0.06652777777777774,0.359898135558861,0.37899502235591565,0.17730176564270106,0.637630087506413,0.012571149966654316,0.004212962962963085,0.03207871624192293,0.29232487455647815,0.10251384489134195,0.11080195054668676,0.0,0.9999999987499999,0.6935419616752951,0.2776717731362005,0.26219622908927487,0.39803886735730193,angry,05,10,10,female,normal,1108
50,1.6683333333333334,True,1.0,0.6080359254003848,0.6068033844975709,0.6074196549489779,1.155641917096378,-0.08592592592592585,-0.08347222222222217,0.33357959448274976,0.5101609452950162,0.19807491408217814,0.5256123423379773,0.0012325409028138834,0.00245370370370368,0.025057025602006257,0.24240845859364435,0.10192140872721941,0.11100441066623923,0.0,0.9999999987499999,0.6906918584777662,0.27912484980152674,0.2714196994308723,0.4042175797413704,angry,05,10,10,female,normal,1108
60,2.0020000000000002,True,1.0,0.5853409112336898,0.5924581983210326,0.5888995547773612,0.7277739586120024,-0.06949074074074069,-0.0660648148148148,0.3746067685246065,0.15491327580343622,0.19128517602455195,0.8091792070995505,0.007117287087342827,0.003425925925925888,0.010685512187429368,0.34129800078096045,0.1022472174144119,0.1152573896056641,0.0,0.9999999987499999,0.6748116675185699,0.27832499113940634,0.26291117732372815,0.403301536801288,angry,05,10,10,female,normal,1108
70,2.3356666666666666,True,1.0,0.5532346421310204,0.5719156685664125,0.5625751553487164,0.8501028567930152,-0.07111111111111101,-0.0693981481481481,0.37062054990904814,0.3103055404182169,0.1974638507927773,0.6617730441125824,0.018681026435392156,0.0017129629629629162,0.004432983571161249,0.3188339326430041,0.10590806189181666,0.11258178158265959,0.0,0.9999999987499999,0.6736742382812501,0.2767537565106765,0.27574280743658497,0.4094960064675877,angry,05,10,10,female,normal,1108
80,2.6693333333333333,True,1.0,0.5863857420524353,0.6229362879644935,0.6046610150084644,1.0392313957094832,-0.0690277777777778,-0.06518518518518518,0.3060377603296359,0.3895763746060344,0.1954451709893087,0.5818348228362196,0.0365505459120582,0.0038425925925926196,0.007860095927988637,0.2504312232916719,0.10632266627060256,0.11286753982214365,0.0,0.9999999987499999,0.6751343357811875,0.2768580681736442,0.27192734943300506,0.4064839992281713,angry,05,10,10,female,normal,1108
90,3.003,True,1.0,0.6183514965303177,0.6443512830136402,0.6313513897719789,0.5358279721139182,-0.06314814814814823,-0.06060185185185185,0.3738720763214632,0.09376062481331784,0.196831898696633,1.1782725475887479,0.025999786483322462,0.0025462962962963798,0.010763917194847504,0.4609316496004935,0.10485391721101299,0.11373185618381543,0.0,0.9999999987499999,0.6721273210612371,0.27794779004691195,0.2717978884898544,0.3966149271938996,angry,05,10,10,female,normal,1108
100,3.336666666666667,True,1.0,0.5975435852571626,0.6256042264026277,0.6115739058298951,0.5719504059190267,-0.06180555555555567,-0.05884259259259267,0.3651588922075133,0.061258428894507916,0.19748355463768139,1.069277859585046,0.028060641145465137,0.0029629629629630005,0.007073065634773403,0.4343272564523703,0.10761499256913408,0.11163603487571667,0.0,0.9999999987499999,0.6721532594444029,0.27879780339145227,0.27758937984760224,0.39895243001549213,angry,05,10,10,female,normal,1108
110,3.6703333333333332,True,1.0,0.582595253335783,0.5937726743733804,0.5881839638545817,0.5711571340348115,-0.06296296296296305,-0.05884259259259261,0.36851306425212144,0.06797051772471964,0.1961607016210435,1.0298111129234926,0.011177421037597446,0.004120370370370441,0.007643842630797465,0.4079392147508867,0.10722495774898141,0.11218067254150212,0.0,0.9999999987499999,0.6719013517985318,0.27903417256620056,0.27606651141891503,0.39668151628723264,angry,05,10,10,female,normal,1108
0,0.0,True,1.0,0.6062490544201291,0.6389378296739874,0.6225934420470582,0.6648599819331528,-0.07217592592592598,-0.07060185185185186,0.34941399321084815,0.34688346883468835,0.173618142218734,0.9364279080789312,0.03268877525385827,0.0015740740740741166,0.003320874882983747,0.35461956521739113,0.10173730247057237,0.11371470108391396,0.0,0.9999999987499999,0.6906589783100741,0.27853943803551395,0.2598390787905978,0.40913699522396557,angry,05,10,10,female,normal,1109
10,0.33366666666666667,True,1.0,0.6113618094952158,0.5953630383163729,0.6033624239057944,0.7639288381283627,-0.07291666666666663,-0.07157407407407412,0.3625326795928799,0.3611111111111108,0.17430599325732166,0.7898149589221446,0.015998771178842852,0.0013425925925925064,0.0027887956644026216,0.30680213692969394,0.10210132755596042,0.11372351895565977,0.0,0.9999999987499999,0.688497166882378,0.279301615933619,0.2607212700388121,0.40656439055786425,angry,05,10,10,female,normal,1109
20,0.6673333333333333,True,1.0,0.613796268839322,0.6481925687719838,0.6309944188056529,0.7136745470040584,-0.07509259259259254,-0.07157407407407412,0.356876903589454,0.3498191874757798,0.1736128689147122,0.8841486941835193,0.0343962999326618,0.003518518518518421,0.003089881664517173,0.31983348822814084,0.10038454176366379,0.11391150972073213,0.0,0.9999999987499999,0.6902552470597613,0.2794963831574747,0.258042644044411,0.4080737580385424,angry,05,10,10,female,normal,1109
30,1.0010000000000001,True,1.0,0.6113743882512136,0.6648783780967193,0.6381263831739665,0.8953315020875926,-0.08032407407407405,-0.0784259259259259,0.38378580998170314,0.3827739377173402,0.17504359111107867,0.7127263831174087,0.05350398984550575,0.0018981481481481488,0.007823623006323258,0.27716470329894793,0.0997862755308309,0.11292764037030893,0.0,0.9999999987499999,0.6988276381490096,0.2856607102017829,0.2686487825557685,0.40335658239664746,angry,05,10,10,female,normal,1109
40,1.3346666666666667,True,1.0,0.5974266945503135,0.6133104188196562,0.6053685566849849,0.7638443370450941,-0.07587962962962957,-0.07384259259259257,0.3774922069652796,0.35543230212787325,0.17160293092747086,0.7925286963922945,0.015883724269342703,0.002037037037037004,0.00838449857563155,0.30051938245112986,0.10031919505729887,0.11329841827880109,0.0,0.9999999987499999,0.6975903353528912,0.2849197309400095,0.2589216775728677,0.3888174406331546,angry,05,10,10,female,normal,1109
50,1.6683333333333334,True,1.0,0.5686773735775933,0.5736721740380917,0.5711747738078425,1.2138958877042274,-0.07550925925925928,-0.07305555555555548,0.34275074798244554,0.6429460708453651,0.18062695257212014,0.47053028154504506,0.004994800460498383,0.002453703703703791,0.010147382782995922,0.2555241972368714,0.10160325266576024,0.11450199471929019,0.0,0.9999999987499999,0.6883764626944526,0.2805442868167524,0.27460380676866164,0.41329200703314567,angry,05,10,10,female,normal,1109
60,2.0020000000000002,True,1.0,0.5877934035232931,0.5843667474331142,0.5860800754782036,0.8854142607716089,-0.07250000000000006,-0.07157407407407407,0.38550204028050244,0.3400052154101385,0.1799565268766711,0.6619275309248515,0.0034266560901788923,0.0009259259259259967,0.015638352675861056,0.27751566615454665,0.10207383437271811,0.11256964313781687,0.0,0.9999999987499999,0.6871088880630376,0.2791998467666658,0.2773662575818456,0.41614582814521334,angry,05,10,10,female,normal,1109
70,2.3356666666666666,True,1.0,0.6153468771412061,0.6203093128955921,0.6178280950183991,0.8576668296251381,-0.07250000000000006,-0.07162037037037039,0.3729443140103388,0.3298224610634067,0.18206558918309676,0.7203590877922075,0.004962435754386041,0.0008796296296296746,0.023738199354191598,0.2957909435184175,0.10128593226780759,0.11344715109588836,0.0,0.9999999987499999,0.6857288206532612,0.27974131969507904,0.2734126391942105,0.4087063413752969,angry,05,10,10,female,normal,1109
80,2.6693333333333333,True,1.0,0.6109753001766279,0.6300944686058191,0.6205348843912235,1.0814625745818596,-0.07134259259259251,-0.0706018518518518,0.2936413179909853,0.48151441680414653,0.1889922613380744,0.5737922873855799,0.019119168429191147,0.0007407407407407085,0.024629405717133866,0.2393164862461188,0.10143674608515584,0.11398288687673101,0.0,0.9999999987499999,0.6822618910767433,0.28387040664274393,0.2674123810905875,0.3980704592605038,angry,05,10,10,female,normal,1109
90,3.003,True,1.0,0.5794030110587153,0.622573727330333,0.6009883691945241,0.8705137090517626,-0.06842592592592583,-0.06680555555555562,0.34604964344584727,0.36376410532696063,0.18412103429325438,0.6903835780474631,0.043170716271617726,0.0016203703703702166,0.022301348232453146,0.26931742600018005,0.0887837868423102,0.11249651962076604,0.0,0.9999999987499999,0.7174844452234018,0.2953005049149708,0.24877985507108785,0.4209126235549775,angry,05,10,10,female,normal,1109
100,3.336666666666667,True,1.0,0.6292832088686816,0.6183514965303185,0.6238173526995001,0.7326493524333522,-0.06782407407407409,-0.06787037037037036,0.34155262149414617,0.3445875848136893,0.19038039609174412,0.8514541787658888,0.010931712338363098,4.6296296296266526e-05,0.02233024435640469,0.3220717419308179,0.08957395011952805,0.112547549876464,0.0,0.9999999987499999,0.7172330797162616,0.2964222545102713,0.24599648453167228,0.418012131483199,angry,05,10,10,female,normal,1109
110,3.6703333333333332,True,1.0,0.6502543046922363,0.6668173494730192,0.6585358270826278,0.7628284683858677,-0.06717592592592597,-0.06699074074074074,0.35211527199390175,0.3327140370585326,0.18969959983660586,0.8632816607855218,0.016563044780782854,0.00018518518518523264,0.03298405814041782,0.32913185065976475,0.09021214730874043,0.1128837089165171,0.0,0.9999999987499999,0.717351785229717,0.2958979321447612,0.2460592799841187,0.4156857763258509,angry,05,10,10,female,normal,1109
0,0.0,True,1.0,0.45892307730459386,0.46606139801971086,0.46249223766215236,0.8500853913518536,-0.06583333333333319,-0.06523148148148145,0.32448798294347264,0.30114202813974233,0.1904224696420173,0.5440538590207641,0.007138320715116997,0.0006018518518517424,0.02972300381252304,0.29856205719179363,0.1051307614585717,0.11144305581937845,0.0,0.9999999987499999,0.6733204687968939,0.279379377272544,0.26205432207580953,0.39753116992535026,angry,05,10,10,female,normal,1110
10,0.33366666666666667,True,1.0,0.5968199995982871,0.5674548710017737,0.5821374353000304,0.8960835247121104,-0.06291666666666668,-0.06347222222222226,0.324461774550474,0.3320283900002284,0.18901971014220054,0.6496463992986109,0.029365128596513412,0.0005555555555555869,0.024163645695373902,0.2736165652170931,0.10484668202403216,0.11205093867855,0.0,0.9999999987499999,0.673880694363683,0.2793713996889598,0.26215485697209706,0.3930025255243529,angry,05,10,10,female,normal,1110
20,0.6673333333333333,True,1.0,0.5921813794641733,0.5985181038332669,0.5953497416487201,0.9604107598148519,-0.0616666666666667,-0.06222222222222229,0.3224819977704105,0.3404408164253143,0.1876175575483025,0.619890745251013,0.006336724369093605,0.0005555555555555869,0.027265396867706505,0.26332795361059863,0.10398579391351458,0.11301901699209467,0.0,0.9999999987499999,0.6757870546187225,0.27832117058396266,0.26049481963289145,0.39289847396202426,angry,05,10,10,female,normal,1110
30,1.0010000000000001,True,1.0,0.6245317200174095,0.6350918192954966,0.6298117696564531,1.0153434338711358,-0.0627314814814815,-0.06277777777777782,0.32762708467193546,0.3919360800006467,0.18763178962148844,0.6202943247047057,0.010560099278087098,4.629629629632204e-05,0.026987021069475207,0.2656955439309612,0.10435196991284122,0.11251180367257839,0.0,0.9999999987499999,0.6733613724630477,0.2809922202835726,0.266790167297683,0.402466595470153,angry,05,10,10,female,normal,1110
40,1.3346666666666667,True,1.0,0.6210583042564802,0.5992137653217948,0.6101360347891376,0.9958466638286491,-0.06384259259259262,-0.06333333333333341,0.35501316905338276,0.3910235316478234,0.18763178962148844,0.6126807037173757,0.02184453893468541,0.0005092592592592093,0.01979632106985925,0.30653259679377426,0.10459958499983632,0.11211183015421067,0.0,0.9999999987499999,0.6763002774312851,0.2795095873314726,0.2746652219246036,0.407991730140965,angry,05,10,10,female,normal,1110
50,1.6683333333333334,True,1.0,0.5876854603426759,0.5521672136144042,0.5699263369785401,0.9014428085329342,-0.06888888888888889,-0.06787037037037036,0.3939004653875624,0.30447427063022525,0.19465189690688672,0.6322379318839703,0.03551824672827164,0.0010185185185185297,0.029344404875903528,0.3336749966501835,0.10316861479021759,0.11343003378728807,0.0,0.9999999987499999,0.6725752133900437,0.28119553912527123,0.2795238904411146,0.4097779607579523,angry,05,10,10,female,normal,1110
60,2.0020000000000002,True,1.0,0.6069721763963246,0.5977102595657011,0.6023412179810128,0.6952163836250896,-0.06120370370370365,-0.06231481481481482,0.3959552284276051,0.06939111513956353,0.1920011393901785,0.8664082610369526,0.009261916830623496,0.0011111111111111738,0.03030545390431056,0.35131852724206214,0.10470513295910652,0.11201326160271172,0.0,0.9999999987499999,0.6688883357874399,0.27871159757660896,0.27703278857793506,0.40227460530422765,angry,05,10,10,female,normal,1110
70,2.3356666666666666,True,1.0,0.5971963391553788,0.5826222088185147,0.5899092739869467,0.4324392162358739,-0.060277777777777874,-0.06208333333333327,0.36230190599041817,0.027735416094746286,0.19271773703907932,1.3641437960270024,0.014574130336864166,0.0018055555555553937,0.029610313725309863,0.5386161328351472,0.10534302630806663,0.11124243122021417,0.0,0.9999999987499999,0.6679497297278285,0.27959803796584365,0.27166202262138317,0.39565669111305535,angry,05,10,10,female,normal,1110
80,2.6693333333333333,True,1.0,0.6347041614167497,0.6083846358018135,0.6215443986092816,0.804502903705217,-0.06726851851851867,-0.06796296296296295,0.3568857349236553,0.29569114185214024,0.20217995971685995,0.7725819207695807,0.026319525614936223,0.0006944444444442754,0.03156658518187154,0.33655393375755505,0.10306154663136399,0.11402966759204777,0.0,0.9999999987499999,0.6666225497230144,0.2798675804120523,0.2726998718835835,0.399692556793878,angry,05,10,10,female,normal,1110
90,3.003,True,1.0,0.6198313906821828,0.6318406571377023,0.6258360239099425,0.9536068243111624,-0.062037037037037,-0.061620370370370436,0.3382816624945815,0.30540500593696573,0.19444444444444442,0.656283080148902,0.012009266455519474,0.00041666666666656527,0.016481395304260325,0.2816401846885907,0.10598003139231889,0.11115114252340313,0.0,0.9999999987499999,0.6716308737244897,0.2797649580321246,0.26220733244936634,0.3779126644211942,angry,05,10,10,female,normal,1110
100,3.336666666666667,True,1.0,0.6056236973920152,0.5795608443577966,0.5925922708749058,0.7139967452516461,-0.05944444444444441,-0.0593055555555555,0.34297242651311083,0.1675596244757833,0.19583489167154802,0.8299649470615561,0.026062853034218514,0.0001388888888889106,0.0187325542384053,0.34436506545823864,0.10632525824293654,0.11184769413299772,0.0,0.9999999987499999,0.6685875315438675,0.28234935422693624,0.26236611280302113,0.37914718957058136,angry,05,10,10,female,normal,1110
110,3.6703333333333332,True,1.0,0.6347999202777926,0.6301239875362208,0.6324619539070067,0.7659974635006577,-0.06037037037037035,-0.060972222222222205,0.3497067148398098,0.22400551046347658,0.19382716457339644,0.82567108122867,0.004675932741571853,0.0006018518518518534,0.026933253859592412,0.34012719128821034,0.10546586239772122,0.11350083184480249,0.0,0.9999999987499999,0.6709921331892132,0.2790034794766204,0.2609789349697349,0.384632186786783,angry,05,10,10,female,normal,1110
120,4.0040000000000004,True,1.0,0.6541400557140304,0.6257130315561771,0.6399265436351038,0.7855945517265281,-0.06138888888888894,-0.06037037037037035,0.3442409504882667,0.2182088705451519,0.1967512593689596,0.8145760968284661,0.028427024157853364,0.0010185185185185852,0.011915682775943829,0.31467006221350224,0.10776006150177657,0.11115373209422803,0.0,0.9999999987499999,0.665611256463523,0.28184517375751533,0.2617070785193338,0.3767376413155449,angry,05,10,10,female,normal,1110
0,0.0,True,1.0,0.5330991118756121,0.5734767025089612,0.5532879071922867,0.6726576136209272,-0.06615740740740744,-0.061851851851851936,0.33287201503231145,0.3209798854368811,0.18445181754004802,0.8225401690080167,0.040377590633349114,0.004305555555555507,0.0292436450836912,0.35584810630035746,0.10302291031246659,0.11373002919542291,0.0,0.9999999987499999,0.6809072770748925,0.2857004744758468,0.2653001251487528,0.4001225760248276,angry,05,10,10,female,normal,1111
10,0.33366666666666667,True,1.0,0.5309582585576693,0.5605822809418668,0.5457702697497681,0.6375323237738942,-0.0672222222222223,-0.06194444444444447,0.33681170868026455,0.2887185150345493,0.18784189206887697,0.8560668210814197,0.02962402238419748,0.005277777777777826,0.028048209878824372,0.38519554902592074,0.10624840174876912,0.11192070563180374,0.0,0.9999999987499999,0.6711035368287941,0.2780467986462636,0.26477567057801876,0.40642599233031285,angry,05,10,10,female,normal,1111
20,0.6673333333333333,True,1.0,0.5289826541093868,0.5469178668793193,0.5379502604943531,0.7955166505157312,-0.06444444444444442,-0.060046296296296264,0.3382601529651191,0.3383725296664247,0.18791620472966133,0.676227531058717,0.017935212769932485,0.004398148148148151,0.025496207802708296,0.33085525340423505,0.10512225827964095,0.1129791044282431,0.0,0.9999999987499999,0.6725695946112821,0.277940359926357,0.26546751467074675,0.40585921464927954,angry,05,10,10,female,normal,1111
30,1.0010000000000001,True,1.0,0.5157807134376693,0.5302480126138569,0.5230143630257631,0.9999716219092321,-0.06662037037037039,-0.061111111111111116,0.37758510139283025,0.36824925288410637,0.1900210738067449,0.5230292055960338,0.014467299176187609,0.005509259259259269,0.022952931845668115,0.311830545023041,0.10363031011743082,0.11418240714004779,0.0,0.9999999987499999,0.6707317638461633,0.28138933398816834,0.28415684049101786,0.4209903295553793,angry,05,10,10,female,normal,1111
40,1.3346666666666667,True,1.0,0.4885490088523342,0.4859236767061831,0.48723634277925865,1.0527907246741994,-0.06486111111111104,-0.06064814814814817,0.3773385924670204,0.35509749385253014,0.19007567030999364,0.46280455494138273,0.002625332146151127,0.004212962962962863,0.022131607036702913,0.2905305560923808,0.10565333909128641,0.11265186687120922,0.0,0.9999999987499999,0.6713352976503102,0.2805885325109965,0.2874574707181816,0.4236487228157263,angry,05,10,10,female,normal,1111
50,1.6683333333333334,True,1.0,0.5011892203166985,0.5160362861272115,0.5086127532219551,1.025798092051859,-0.06805555555555554,-0.06513888888888897,0.3991459130624497,0.31255952628124023,0.20060942307130036,0.49582150440989736,0.014847065810512983,0.0029166666666665675,0.019993295547252307,0.3055660344685279,0.1046683291509083,0.11456978540747312,0.0,0.9999999987499999,0.6656174963110244,0.282086647448073,0.2898689662451905,0.4205549090406288,angry,05,10,10,female,normal,1111
60,2.0020000000000002,True,1.0,0.5608252989671987,0.5775641538390105,0.5691947264031045,0.8465496408401767,-0.06143518518518526,-0.05736111111111114,0.4109552802947251,0.19334106675042576,0.19378488728646984,0.672370170564593,0.016738854871811815,0.004074074074074119,0.0170462129088021,0.31605468278243454,0.10624591490453146,0.11344473684256108,0.0,0.9999999987499999,0.665586421873437,0.28019701217442744,0.2841708938387171,0.4046551905107039,angry,05,10,10,female,normal,1111
70,2.3356666666666666,True,1.0,0.5659767669477942,0.6118281511822218,0.588902459065008,0.4463595593885295,-0.061296296296296404,-0.05754629629629637,0.36670270127250926,0.0,0.1977800340083248,1.319345461922556,0.045851384234427583,0.003750000000000031,0.0264306563885054,0.5574660096359751,0.1081122959982152,0.11217818882456866,0.0,0.9999999987499999,0.6654481095406912,0.2806049231609543,0.2742185437429755,0.3857313070061148,angry,05,10,10,female,normal,1111
80,2.6693333333333333,True,1.0,0.6772895097056094,0.7025538645066777,0.6899216871061435,0.7833487781376264,-0.06097222222222215,-0.05652777777777784,0.3615017434570644,0.2335280194148848,0.19818696895818885,0.8807337246971889,0.025264354801068256,0.0044444444444443065,0.021920544262876974,0.34665149744365037,0.10756846385388662,0.11253060130580395,0.0,0.9999999987499999,0.6630420057319802,0.2814686279190833,0.2751963593823905,0.3868264305203296,angry,05,10,10,female,normal,1111
90,3.003,True,1.0,0.6817852406034484,0.7277602787856062,0.7047727596945272,0.8742842879770126,-0.059814814814814765,-0.055185185185185226,0.3466197896756399,0.2791877284290005,0.1958604629999525,0.8061139487308935,0.04597503818215787,0.004629629629629539,0.01721732220456134,0.30195936171741866,0.10720446111682894,0.11321449579318536,0.0,0.9999999987499999,0.664479279618097,0.28092826929923875,0.27086596554920594,0.3799668470536733,angry,05,10,10,female,normal,1111
100,3.336666666666667,True,1.0,0.6817923334243848,0.7267904447679036,0.7042913890961442,0.6879371198559691,-0.05962962962962953,-0.05615740740740738,0.3513805741106614,0.16118932731019298,0.19711736001659586,1.0237729129133186,0.04499811134351872,0.0034722222222221544,0.02594984693720649,0.35859671737011845,0.10813030187912033,0.11165008090853044,0.0,0.9999999987499999,0.6679444856380052,0.2798619842874079,0.2725206244935152,0.38538290898209304,angry,05,10,10,female,normal,1111
110,3.6703333333333332,True,1.0,0.6655120814389741,0.6993009112077371,0.6824064963233556,0.703539413877951,-0.061018518518518416,-0.0568981481481482,0.35159387084373955,0.19679188487160662,0.1958273499689271,0.9699619990895613,0.03378882976876296,0.004120370370370219,0.023053182458288475,0.34650125855123665,0.10837416686689763,0.11226514349940528,0.0,0.9999999987499999,0.6641385336869122,0.28030305733660765,0.26828428495841566,0.3843303748875658,angry,05,10,10,female,normal,1111
120,4.0040000000000004,True,1.0,0.6214395627714039,0.6625857401877576,0.6420126514795808,0.758259452296039,-0.062453703703703733,-0.05759259259259253,0.34115330311423,0.24272366606126802,0.19319853271819568,0.8466925793480603,0.041146177416353735,0.004861111111111205,0.03274631986338927,0.3162606125457026,0.10780203682839633,0.11264563638779958,0.0,0.9999999987499999,0.6614259078631453,0.2797485665951809,0.26875670676852087,0.38570801447703507,angry,05,10,10,female,normal,1111
0,0.0,True,1.0,0.6020752807069463,0.6065619315168534,0.6043186061118999,0.8732120678741668,-0.07027777777777783,-0.0667592592592593,0.3364687680137337,0.4070056248566033,0.17928968833938844,0.6920639651523741,0.004486650809907178,0.003518518518518532,0.01611686754438423,0.25797264755386873,0.10226136236925168,0.11239931488150712,0.0,0.9999999987499999,0.6922686394167041,0.2787965290483321,0.2649440559340171,0.41175417275756465,angry,05,10,10,female,strong,1112
10,0.33366666666666667,True,1.0,0.6065853090594101,0.6090997000481854,0.6078425045537977,0.8887880252833432,-0.06847222222222227,-0.0656018518518518,0.3317298566508811,0.4293298088233099,0.1771935931247076,0.6839004208680908,0.0025143909887752613,0.0028703703703704675,0.014613864038274551,0.26694915254237284,0.10230295582791217,0.1133742525159028,0.0,0.9999999987499999,0.6961504028017457,0.2782786741117121,0.2627304440168665,0.40636046193487524,angry,05,10,10,female,strong,1112
20,0.6673333333333333,True,1.0,0.5654225757996779,0.6163372151350405,0.5908798954673592,0.9632722952684176,-0.07004629629629627,-0.06824074074074077,0.3321345321782397,0.4590417236160118,0.17648618189208867,0.6134090001028312,0.050914639335362555,0.0018055555555555047,0.011057621549698755,0.2553514281376545,0.10178345783349539,0.11484061694916615,0.0,0.9999999987499999,0.695008792157488,0.27822770056713936,0.2619562829020107,0.4048726912736821,angry,05,10,10,female,strong,1112
30,1.0010000000000001,True,1.0,0.5009786245741783,0.49232140599655744,0.4966500152853679,1.002866981369562,-0.07416666666666671,-0.06990740740740736,0.4073082616018832,0.48909984807982565,0.16289437195930256,0.4952301995296718,0.008657218577620862,0.0042592592592593514,0.016632349810875975,0.2822458305092723,0.09817052144119838,0.11416828594751592,0.0,0.9999999987499999,0.7072715874396632,0.2817478244879927,0.2734432222690693,0.41276953078879564,angry,05,10,10,female,strong,1112
40,1.3346666666666667,True,1.0,0.4875614959418146,0.4436239890608376,0.4655927425013261,0.8683870834703066,-0.07861111111111108,-0.07134259259259262,0.4001152394751573,0.3970305273893166,0.16812567250865137,0.5361580697869126,0.04393750688097697,0.007268518518518452,0.055427827871175006,0.2936278315244793,0.10234113226045,0.11467667649832577,0.0,0.9999999987499999,0.6923913016847364,0.27938717812090413,0.27229906014917593,0.41522633507688944,angry,05,10,10,female,strong,1112
50,1.6683333333333334,True,1.0,0.448787818861545,0.4740208073470148,0.4614043131042799,1.4239703843925842,-0.0780555555555556,-0.06953703703703706,0.3196656492936867,0.8038917506493284,0.17030069213265492,0.32402662173420044,0.025232988485469787,0.008518518518518536,0.046965569356004724,0.2181059880632665,0.09459037995132248,0.11812337830155992,0.0,0.9999999987499999,0.6966177900144433,0.28668429194323003,0.2594305014406994,0.407030655600837,angry,05,10,10,female,strong,1112
60,2.0020000000000002,True,1.0,0.5923626330470473,0.5909211267547406,0.591641879900894,2.315214994820089,-0.08106481481481492,-0.07624999999999998,0.27151597776399633,1.2387027892737472,0.16584228650490837,0.2555451140497081,0.0014415062923066602,0.004814814814814938,0.03653281576607517,0.12836470447684092,0.09883635490298377,0.11409441523761497,0.0,0.9999999987499999,0.6922502045193076,0.28634262648262565,0.25758721409142815,0.38598546040463305,angry,05,10,10,female,strong,1112
70,2.3356666666666666,True,1.0,0.5722331563523517,0.6346679938119362,0.603450575082144,0.7991968079845789,-0.06629629629629641,-0.06064814814814812,0.40981809445029704,0.1548009455180742,0.1937514195300945,0.7550713029046382,0.06243483745958445,0.005648148148148291,0.04702771972127466,0.3307895604195727,0.10625923083766446,0.1141021226932084,0.0,0.9999999987499999,0.6610080843040341,0.2822967786488126,0.2875050756183066,0.40925347973538945,angry,05,10,10,female,strong,1112
80,2.6693333333333333,True,1.0,0.6332544698885669,0.6973448510609497,0.6652996604747583,0.9641080823907918,-0.06555555555555559,-0.05999999999999994,0.3598656325949163,0.3796283011826492,0.19447672742455743,0.6900675065651878,0.06409038117238275,0.005555555555555647,0.03827981383697032,0.28251996530258777,0.10717370846565082,0.11273776169654183,0.0,0.9999999987499999,0.6576340388577306,0.28269638660608987,0.27665540973137104,0.3897186780422797,angry,05,10,10,female,strong,1112
90,3.003,True,1.0,0.6732897312072157,0.704919388972609,0.6891045600899124,1.1950526355437852,-0.06606481481481485,-0.059074074074074,0.30556457078603333,0.43758333679373607,0.19784020209065598,0.5766311370681585,0.03162965776539328,0.006990740740740853,0.036430662768006376,0.2091175821928268,0.10864432771669127,0.11114995639533119,0.0,0.9999999987499999,0.6597226859181172,0.2812898306583764,0.27563497682514804,0.3865881186572133,angry,05,10,10,female,strong,1112
100,3.336666666666667,True,1.0,0.6504830672798771,0.703150912106136,0.6768169896930065,0.7460118109451015,-0.06472222222222229,-0.057916666666666616,0.3637792958133306,0.1859037033174257,0.19392656904419986,0.9072470164186355,0.05266784482625886,0.006805555555555676,0.03781500249611187,0.3187925859728963,0.10918058558363444,0.11148103973696265,0.0,0.9999999987499999,0.6630579506333782,0.2789960683831195,0.2779267972854984,0.39322748190451573,angry,05,10,10,female,strong,1112
110,3.6703333333333332,True,1.0,0.6722598826122904,0.7135459042871385,0.6929028934497145,0.7195426155143109,-0.0660648148148148,-0.059444444444444466,0.3670728678233641,0.1859037033174247,0.19392656904419986,0.9629768668453987,0.04128602167484807,0.006620370370370332,0.03748953468398292,0.3305197346894082,0.1081049333969349,0.11252442341261594,0.0,0.9999999987499999,0.661377071086247,0.27944639018097567,0.27205481600856596,0.38693311999471885,angry,05,10,10,female,strong,1112
120,4.0040000000000004,True,1.0,0.6455296882355979,0.7085346215781015,0.6770321549068496,0.7091149402764161,-0.0670833333333335,-0.05986111111111103,0.3647673482646795,0.1964548052414922,0.19331104622677892,0.9547565795792422,0.06300493334250368,0.007222222222222463,0.05418609896157382,0.33078718158524373,0.11001495441081593,0.11117303692044281,0.0,0.9999999987499999,0.6617516082604917,0.2796250712962186,0.275178924857051,0.3875124200586713,angry,05,10,10,female,strong,1112
0,0.0,True,1.0,0.5735778286750852,0.6013883798224394,0.5874831042487623,0.8264202515705358,-0.06249999999999989,-0.060370370370370297,0.3532128955870956,0.21695270268662703,0.1962831782043662,0.7108769456366837,0.0278105511473542,0.0021296296296295925,0.009324504903762831,0.3278780094782957,0.10896648924739731,0.10945033299336816,0.0,0.9999999987499999,0.6585074346769958,0.2838569270109314,0.26968452341975807,0.3806964269676729,angry,05,10,10,female,strong,1113
10,0.33366666666666667,True,1.0,0.5610646825292538,0.5834091394637716,0.5722369109965126,0.8248592989169233,-0.061157407407407494,-0.058888888888888824,0.3491017620791257,0.23461411898869447,0.19195662969373248,0.6937388130895595,0.02234445693451781,0.0022685185185186696,0.019981664631435525,0.3218348645935886,0.10918750649776071,0.11181555709776766,0.0,0.9999999987499999,0.6607575504264205,0.282312824496676,0.26940114994185027,0.38611445730381644,angry,05,10,10,female,strong,1113
20,0.6673333333333333,True,1.0,0.6015196270565479,0.6077303463349804,0.6046249866957641,0.8264743541572497,-0.061759259259259236,-0.058750000000000024,0.3422856040119364,0.23919599218501958,0.19262903852213903,0.7315713834971881,0.0062107192784324194,0.0030092592592592116,0.01444730645662366,0.31035504292931365,0.1091116159112206,0.11474777891273583,0.0,0.9999999987499999,0.6629441854319854,0.28206722747107577,0.2705254294294218,0.3901387664164646,angry,05,10,10,female,strong,1113
30,1.0010000000000001,True,1.0,0.5772065703486854,0.5776702584505686,0.577438414399627,0.9785141693299048,-0.06486111111111104,-0.06060185185185185,0.42047136319366013,0.2651624534805145,0.18855895105063453,0.5901175808164965,0.0004636881018832417,0.004259259259259185,0.013792769802256303,0.2935407948964464,0.10677717373483758,0.11428634870596666,0.0,0.9999999987499999,0.6613210058163891,0.2827150412986251,0.2962753531402883,0.43323766827039545,angry,05,10,10,female,strong,1113
40,1.3346666666666667,True,1.0,0.3944849729606822,0.3890127561152144,0.3917488645379483,1.3121717790494585,-0.08171296296296299,-0.0765277777777778,0.3634703412143599,0.7684370716890568,0.16018060192949568,0.29854998468396604,0.005472216845467781,0.005185185185185182,0.058369189790134064,0.22919156065030358,0.10067691569143312,0.1156472839654715,0.0,0.9999999987499999,0.6957561667166867,0.2842777474592541,0.26799287826220414,0.4030995359602081,angry,05,10,10,female,strong,1113
50,1.6683333333333334,True,1.0,0.250912656586889,0.30943489401939933,0.28017377530314413,1.3387832541726108,-0.1072685185185186,-0.10305555555555557,0.3525679302119265,0.7352441193879342,0.1890503835011424,0.2092749326150602,0.05852223743251034,0.004212962962963029,0.04746117507948518,0.21115313180429596,0.08048343031809481,0.11630558847407547,0.0,0.9999999987499999,0.7513866584915215,0.28650621860234804,0.24883797989225392,0.43154498514162315,angry,05,10,10,female,strong,1113
60,2.0020000000000002,True,1.0,0.6194992367062981,0.7011081912802377,0.6603037139932679,2.6561081550547154,-0.09865740740740736,-0.1031481481481481,0.26596146781473035,1.3837782462039905,0.19945861633822345,0.24859820287689519,0.08160895457393957,0.00449074074074074,0.04080472271675557,0.10715555658541863,0.10504530413464921,0.11522066924157777,0.0,0.9999999987499999,0.6567142401179221,0.2899191488831441,0.29595383454882934,0.4288575688150024,angry,05,10,10,female,strong,1113
70,2.3356666666666666,True,1.0,0.7545757652235144,0.7913614163500694,0.7729685907867919,1.254242699519529,-0.07754629629629634,-0.07027777777777772,0.4076539218636303,0.4358985854192617,0.18971367571775177,0.6162831093877589,0.036785651126554963,0.0072685185185186185,0.031387632109336115,0.22144253053362312,0.10381685435060228,0.11714477808135272,0.0,0.9999999987499999,0.6529586694443402,0.2923579992187162,0.3049605411332897,0.44297338915927237,angry,05,10,10,female,strong,1113
80,2.6693333333333333,True,1.0,0.7572780537534053,0.8681604744235277,0.8127192640884665,1.693473929114722,-0.08018518518518514,-0.07874999999999999,0.3742819534768506,0.6827400050143146,0.1846169945639716,0.47991247465694525,0.11088242067012244,0.0014351851851851505,0.008727180879872693,0.14988997591630165,0.10306602717101782,0.1123423431014454,0.0,0.9999999987499999,0.6629231456019908,0.2933261212118499,0.2948345356732212,0.4215301414847372,angry,05,10,10,female,strong,1113
90,3.003,True,1.0,0.6311207843630438,0.6806419529550529,0.6558813686590483,1.3072273976948254,-0.07833333333333331,-0.07245370370370374,0.34859987963511213,0.6951595437499927,0.18739226585964627,0.5017347171698164,0.04952116859200917,0.005879629629629568,0.023297337012249095,0.2299517972044682,0.10411319995809863,0.11307028380623546,0.0,0.9999999987499999,0.6567891816257753,0.2861609458068618,0.2903149742580249,0.4228459435365272,angry,05,10,10,female,strong,1113
100,3.336666666666667,True,1.0,0.7331589527570984,0.7435582291985059,0.7383585909778021,1.4579713600685107,-0.07314814814814813,-0.07675925925925925,0.33008869991966566,0.7870809331932276,0.16918392199878401,0.5064287346104702,0.010399276441407479,0.0036111111111111205,0.05033005353315622,0.1785397206344165,0.10120572602577768,0.11535007849614763,0.0,0.9999999987499999,0.693861970272484,0.2864001862226724,0.2826618267186895,0.4177267273451172,angry,05,10,10,female,strong,1113
110,3.6703333333333332,True,1.0,0.6883159408189539,0.6437735090178583,0.666044724918406,0.8508505075102477,-0.06995370370370374,-0.0717592592592593,0.362406500631382,0.34480673355403585,0.1757678160590203,0.7827987631662594,0.04454243180109552,0.0018055555555555602,0.04214865085376001,0.24990128631139757,0.10473483832364945,0.11566778345612212,0.0,0.9999999987499999,0.680559196397309,0.27797485228744745,0.280025541801317,0.4298439532028556,angry,05,10,10,female,strong,1113
120,4.0040000000000004,True,1.0,0.6907656840022725,0.6725452074074405,0.6816554457048565,0.8658616256990365,-0.06787037037037036,-0.07180555555555557,0.36773242430727293,0.3275499084618407,0.18129208832451157,0.7872567919320079,0.018220476594831947,0.003935185185185208,0.04135179433336745,0.25097613469946684,0.10690877495996609,0.11298902838360567,0.0,0.9999999987499999,0.6757185763289691,0.2810517481607368,0.2886162537716196,0.4238350206411916,angry,05,10,10,female,strong,1113
130,4.337666666666666,True,1.0,0.6860307190118855,0.6761199919064043,0.6810753554591449,0.8669984325750937,-0.0696296296296296,-0.07314814814814818,0.3615971302463799,0.3342007582256965,0.1854759093090738,0.7855554633890929,0.009910727105481243,0.0035185185185185874,0.04491733561790779,0.2621579530455718,0.10748339887767189,0.11159214097414616,0.0,0.9999999987499999,0.6760285870207458,0.28087599294302495,0.28229649685600855,0.40389556745142235,angry,05,10,10,female,strong,1113
0,0.0,True,1.0,0.6395683752971193,0.6596933832088647,0.649630879252992,0.7504265638894781,-0.06837962962962957,-0.06277777777777771,0.32872765973621076,0.3451088747583929,0.1906627118210062,0.865682147345558,0.02012500791174543,0.005601851851851858,0.012933995771564576,0.3174491820292181,0.1096183623262645,0.1112220350358144,0.0,0.9999999987499999,0.6586277406822105,0.2813472941252221,0.2737329438171073,0.4073659745869037,angry,05,10,10,female,strong,1114
10,0.33366666666666667,True,1.0,0.6592462299777861,0.6836780753048637,0.6714621526413249,0.756492086698959,-0.06652777777777769,-0.06254629629629638,0.32099370421468837,0.3548777370007241,0.19066271182100608,0.8875997045406356,0.02443184532707754,0.003981481481481308,0.018189487964672856,0.32188497206889033,0.1089874639399224,0.11149910872017228,0.0,0.9999999987499999,0.6603296343850041,0.28085997722434447,0.27279959793753095,0.4081146535488467,angry,05,10,10,female,strong,1114
20,0.6673333333333333,True,1.0,0.6292893287043106,0.6518641297900973,0.640576729247204,0.7288231190044291,-0.06685185185185177,-0.06347222222222226,0.3338973030011063,0.34916970059542507,0.18930203999344278,0.8789193324742915,0.02257480108578669,0.0033796296296295103,0.0192197583362104,0.33504794273616334,0.10807274444001737,0.1127244797979718,0.0,0.9999999987499999,0.6599531892913415,0.2805276772982382,0.27162429619010064,0.41010871396110554,angry,05,10,10,female,strong,1114
30,1.0010000000000001,True,1.0,0.7110151009427119,0.6835951831338108,0.6973051420382614,1.5628568388142587,-0.07837962962962963,-0.07439814814814821,0.2991154457713848,0.846315038902885,0.19138087590063388,0.44617339523388955,0.027419917808901073,0.003981481481481419,0.03045863850476395,0.1994361260233215,0.10403881998741689,0.11414462364117998,0.0,0.9999999987499999,0.6779833846741822,0.2847603801687396,0.2927328181091089,0.43530588571269646,angry,05,10,10,female,strong,1114
40,1.3346666666666667,True,1.0,0.6325472260077232,0.6120625845392196,0.6223049052734714,1.7193480155104375,-0.08064814814814808,-0.07287037037037031,0.30104581018297516,0.8831227342564492,0.17100482937214276,0.3619423756328485,0.020484641468503595,0.007777777777777772,0.045952023983901975,0.15209841836834795,0.10547770169887663,0.11382508203537874,0.0,0.9999999987499999,0.6787441080025761,0.28057612727378106,0.27870717865066846,0.41902730314461495,angry,05,10,10,female,strong,1114
50,1.6683333333333334,True,1.0,0.6436072900181266,0.5644652533853228,0.6040362717017247,1.3825004075498935,-0.0835648148148147,-0.0768518518518519,0.32502186531410676,0.8049465349602066,0.16464927128658813,0.43691580009890557,0.07914203663280373,0.00671296296296281,0.030165808624110772,0.2042168889693797,0.09498956455838245,0.1150203807927213,0.0,0.9999999987499999,0.6931899746695553,0.2832891165226628,0.25193026676506075,0.38128807094453326,angry,05,10,10,female,strong,1114
60,2.0020000000000002,True,1.0,0.4383862539919473,0.41586551863171156,0.42712588631182946,1.221959084499072,-0.08379629629629631,-0.07791666666666663,0.39964473834920305,0.7181009572664871,0.12840264896606204,0.34954188870155567,0.022520735360235744,0.005879629629629679,0.05196383221649532,0.20595265424622253,0.09796813078328767,0.11632429461409743,0.0,0.9999999987499999,0.7090802415341136,0.28094596422473367,0.27098724205962077,0.4104557698577095,angry,05,10,10,female,strong,1114
70,2.3356666666666666,True,1.0,0.5712040036783897,0.5716971724191019,0.5714505880487458,1.280187946399587,-0.08064814814814814,-0.07310185185185186,0.36340601754945157,0.5183679528171957,0.16556603292584235,0.4463802285093364,0.0004931687407121466,0.007546296296296273,0.046148625339704,0.20549539372867023,0.09451706374080539,0.12025950465822588,0.0,0.9999999987499999,0.6943756785526711,0.28809696019703684,0.24009572812997548,0.3664567158119377,angry,05,10,10,female,strong,1114
80,2.6693333333333333,True,1.0,0.5825091046436007,0.597957408688295,0.5902332566659478,1.4044132321607572,-0.07245370370370369,-0.0759259259259259,0.2722064361625031,0.9432934089029423,0.1647505928354333,0.4202703614219339,0.015448304044694217,0.00347222222222221,0.06455091533717103,0.19100225069159502,0.098618668769561,0.1180546890296642,0.0,0.9999999987499999,0.7043694489514555,0.2761859732812302,0.2493246955354261,0.3815015038560545,angry,05,10,10,female,strong,1114
90,3.003,True,1.0,0.5992335205293483,0.5803985674872423,0.5898160440082953,0.42104691275973083,-0.06916666666666665,-0.07416666666666666,0.3574572283366968,0.17373119903167783,0.17601072234641735,1.400832130895761,0.01883495304210603,0.0050000000000000044,0.07182304326332493,0.5244873384136891,0.10265433278352715,0.11456281854563757,0.0,0.9999999987499999,0.6895738072807248,0.27507149434340344,0.2652518285249261,0.40461202491517195,angry,05,10,10,female,strong,1114
100,3.336666666666667,True,1.0,0.6249085499365711,0.634186750843509,0.62954765039004,0.6364317270359057,-0.06685185185185188,-0.07379629629629636,0.3702324737698932,0.19355487008503497,0.18306614579044347,0.9891833226512334,0.009278200906937872,0.006944444444444475,0.059266591652812665,0.35684337103579483,0.10513764865466,0.11346961664329065,0.0,0.9999999987499999,0.6817083609928347,0.2805517091914215,0.2773985655547254,0.4058564622289215,angry,05,10,10,female,strong,1114
110,3.6703333333333332,True,1.0,0.6517857233912502,0.6205176402995017,0.636151681845376,0.6989787728698427,-0.06805555555555565,-0.07291666666666663,0.3561543903169346,0.29400664451514785,0.18428670713176193,0.9101158812498505,0.031268083091748444,0.004861111111110983,0.06658641661207276,0.3159377411619528,0.10537757629503333,0.11557811533879882,0.0,0.9999999987499999,0.6867246453190651,0.2775138699164781,0.2723318666273725,0.4018399605152194,angry,05,10,10,female,strong,1114
0,0.0,True,1.0,0.5845958728626008,0.6068082134935757,0.5957020431780883,1.2511009060357707,-0.06837962962962957,-0.06449074074074079,0.32048093853227316,0.6254147440558767,0.18303988826881024,0.47614228421081195,0.02221234063097488,0.003888888888888775,0.024119453645517024,0.24331609739243487,0.10340105751504827,0.11321818293568561,0.0,0.9999999987499999,0.6858768221116569,0.2822205125336227,0.28293593289422786,0.41960917877430354,angry,05,10,10,female,strong,1115
10,0.33366666666666667,True,1.0,0.5845958728626027,0.605945402901287,0.5952706378819448,1.260503616332184,-0.0701388888888888,-0.06513888888888886,0.3146334177641492,0.6298626852192389,0.1783330933333881,0.4722482586873209,0.021349530038684228,0.004999999999999949,0.031073313034853407,0.22624485661525168,0.10212295068008215,0.11387153614608445,0.0,0.9999999987499999,0.6876925660107792,0.27990794839765487,0.2761169057335128,0.4284177639875559,angry,05,10,10,female,strong,1115
20,0.6673333333333333,True,1.0,0.5659389509753256,0.5937726743733791,0.5798558126743524,1.0746030471195722,-0.07240740740740742,-0.06884259259259257,0.3333333333333335,0.4999660011837957,0.17638786362344194,0.5396000078620949,0.027833723398053456,0.003564814814814854,0.03340194604105277,0.23731630995311212,0.10331129796406689,0.11313181430548834,0.0,0.9999999987499999,0.6889805225215085,0.2793967768318009,0.2743130739499725,0.4185730629619151,angry,05,10,10,female,strong,1115
30,1.0010000000000001,True,1.0,0.4900241032703139,0.4809809756400512,0.48550253945518257,1.467855434563073,-0.0762962962962963,-0.06949074074074069,0.314675601943301,0.7952304770840696,0.16854264331575355,0.3307563728847037,0.009043127630262715,0.00680555555555562,0.05025014590799845,0.19397330267793458,0.10018935910819798,0.11474927617542201,0.0,0.9999999987499999,0.6962195047159488,0.28769898283120665,0.27164649671512064,0.40622572849657745,angry,05,10,10,female,strong,1115
40,1.3346666666666667,True,1.0,0.4693443942533015,0.44904356798618034,0.4591939811197409,1.7705749734082683,-0.0800925925925925,-0.07180555555555551,0.30321627741102747,0.9233162529343003,0.16132108955641056,0.2593473803799539,0.020300826267121153,0.008287037037036982,0.06937832237715781,0.17471988041066344,0.09793922563764644,0.11536195457333732,0.0,0.9999999987499999,0.6983053016284639,0.28430226889684995,0.2608634365015492,0.39863539473215964,angry,05,10,10,female,strong,1115
50,1.6683333333333334,True,1.0,0.3758285157668547,0.3321440890300892,0.35398630239847195,1.575907208287526,-0.07685185185185184,-0.06958333333333333,0.3304149108912286,0.9336748623851032,0.13954938029606448,0.22462382336783293,0.043684426736765536,0.0072685185185185075,0.06976023966775462,0.18951983837248365,0.1170495653214092,0.11372800271270547,0.0,0.9999999987499999,0.6322168013768006,0.269123862768528,0.29643174718268817,0.3798385129540095,angry,05,10,10,female,strong,1115
60,2.0020000000000002,True,1.0,0.38151516783107264,0.36635830251124435,0.3739367351711585,1.202694810709276,-0.08106481481481476,-0.07097222222222227,0.4024771295669264,0.6351433042757085,0.14299318338617484,0.31091573010997975,0.015156865319828294,0.010092592592592486,0.06607046049327125,0.21914813740560543,0.09825850266379421,0.11525555554309977,0.0,0.9999999987499999,0.6972339707758105,0.28351058358684766,0.28057522563077975,0.43782553587006706,angry,05,10,10,female,strong,1115
70,2.3356666666666666,True,1.0,0.42329496709417985,0.49618926130626373,0.4597421142002218,0.4398999464544472,-0.07962962962962972,-0.0698611111111111,0.3788068318899866,0.19764235376052408,0.1751259486780604,1.0451060926597073,0.07289429421208388,0.00976851851851862,0.08466064066653432,0.5048261015837492,0.09795128521342279,0.11617460111538004,0.0,0.9999999987499999,0.7022319788384105,0.273735039749077,0.2569483532729733,0.39406162344611617,angry,05,10,10,female,strong,1115
80,2.6693333333333333,True,1.0,0.4514172258734408,0.5188836931891956,0.4851504595313182,1.1443660729133363,-0.06699074074074074,-0.06217592592592597,0.3778538073545362,0.592377731861021,0.15581198250076245,0.42394690913565647,0.06746646731575479,0.004814814814814772,0.012579708173638427,0.27157847101152005,0.09482950087820313,0.1143221387066022,0.0,0.9999999987499999,0.6903743760238471,0.2815621705268242,0.2616136712177188,0.4027094505445584,angry,05,10,10,female,strong,1115
90,3.003,True,1.0,0.5089044281718457,0.5489067008895593,0.5289055645307025,1.7868356395984426,-0.06259259259259264,-0.0635648148148148,0.2924111249170496,0.984924326381363,0.16331408144287765,0.2960012397388514,0.040002272717713616,0.0009722222222221522,0.029991898772285253,0.16920109455520083,0.09909909493546766,0.11503155069330713,0.0,0.9999999987499999,0.6892322040847589,0.28612368960101187,0.2556361076702194,0.3679683140755579,angry,05,10,10,female,strong,1115
100,3.336666666666667,True,1.0,0.6465713449910317,0.5643424911827993,0.6054569180869156,0.5241812073392764,-0.053611111111111165,-0.05606481481481479,0.38656079078498695,0.16108062504845974,0.17883137454304238,1.1550526985890843,0.08222885380823242,0.0024537037037036247,0.057340497242843846,0.46727945136884264,0.10417857187191552,0.11468353030642717,0.0,0.9999999987499999,0.6726417482618048,0.2823136188681652,0.26378266552246926,0.3762531876863591,angry,05,10,10,female,strong,1115
110,3.6703333333333332,True,1.0,0.656219906629155,0.5820256783562976,0.6191227924927263,0.47133701106804393,-0.0559722222222222,-0.05976851851851844,0.3894064070604063,0.15337382723915186,0.18442575730281766,1.313545887452805,0.07419422827285738,0.003796296296296242,0.061807998460361994,0.48632031532232256,0.10840075351678197,0.11291640676200222,0.0,0.9999999987499999,0.6683783024381629,0.27844238837906404,0.2658865217220679,0.39026083558689445,angry,05,10,10,female,strong,1115
120,4.0040000000000004,True,1.0,0.6940702101068806,0.6268981851162022,0.6604841976115414,1.0576522104618855,-0.05875000000000008,-0.06199074074074068,0.32395786306602103,0.45370575085678594,0.18227289916618855,0.6244814609928366,0.06717202499067843,0.0032407407407405997,0.06289890297036546,0.24783555954104933,0.10807083522934988,0.11136601559436958,0.0,0.9999999987499999,0.6692056507524886,0.27746970499598833,0.26799099831759715,0.38785505201536036,angry,05,10,10,female,strong,1115
0,0.0,True,1.0,0.5700623591653166,0.583437946268849,0.5767501527170829,0.9683381558236807,-0.06560185185185191,-0.06064814814814812,0.34539009790501984,0.39732622355612435,0.17800465517998554,0.5956082069558561,0.013375587103532482,0.004953703703703793,0.02927737560453932,0.2618844198431887,0.10283868544892247,0.11238108754355267,0.0,0.9999999987499999,0.6857102560477316,0.28176706043003286,0.2649781803766606,0.39297455608340587,fearful,06,10,10,female,normal,1116
10,0.33366666666666667,True,1.0,0.5996705590670298,0.6250000000000012,0.6123352795335155,0.9457102678509344,-0.06416666666666676,-0.05893518518518526,0.3520156083243941,0.3879459694776257,0.1760107223464173,0.6474871853987669,0.025329440932971403,0.005231481481481504,0.031904525304438984,0.25348554137405177,0.10218480012837745,0.11331274676672716,0.0,0.9999999987499999,0.6841507496436076,0.2824924731850626,0.2656972252056478,0.39176076422320427,fearful,06,10,10,female,normal,1116
20,0.6673333333333333,True,1.0,0.6274864550058715,0.6386425465281261,0.6330645007669988,0.9589641606390936,-0.06537037037037052,-0.06004629629629632,0.35005767386438486,0.3862305181729559,0.17735240166427144,0.6601544945591067,0.011156091522254608,0.005324074074074203,0.026481288314134353,0.2639360300141728,0.10176236638151287,0.11352457354203849,0.0,0.9999999987499999,0.6834618909360619,0.28293421763614457,0.2665691894187785,0.3920092979632257,fearful,06,10,10,female,normal,1116
30,1.0010000000000001,True,1.0,0.5640527360420081,0.6208112874779549,0.5924320117599815,0.862199311580855,-0.06527777777777782,-0.06092592592592594,0.4105292378454866,0.2668590233581698,0.18096117153927227,0.6871172405296273,0.05675855143594677,0.0043518518518518845,0.023358454661442884,0.3137188695654511,0.10230056503826465,0.114046596125526,0.0,0.9999999987499999,0.6804281116118323,0.2845490226247137,0.2840919333675531,0.41138567650442137,fearful,06,10,10,female,normal,1116
40,1.3346666666666667,True,1.0,0.5496934268357176,0.5846488450061731,0.5671711359209454,0.9986293663235732,-0.06249999999999989,-0.05597222222222231,0.35748435835266956,0.34657712193597134,0.19276682045388732,0.567949586751059,0.03495541817045544,0.006527777777777577,0.028080100743191713,0.2902524106860502,0.10467246892815073,0.11473217966935444,0.0,0.9999999987499999,0.6688740397956058,0.2800911549784679,0.2707876137202528,0.3940799695392912,fearful,06,10,10,female,normal,1116
50,1.6683333333333334,True,1.0,0.5892031800790477,0.6291913397443152,0.6091972599116815,0.5613114690527627,-0.05967592592592591,-0.05398148148148141,0.3565729130740211,0.08412189418744502,0.19529521528455354,1.0853105512697399,0.039988159665267475,0.005694444444444502,0.018487926210444375,0.46966627246644366,0.1053156522979744,0.1134724477322788,0.0,0.9999999987499999,0.6613255975749676,0.28405145662584136,0.27130917981791625,0.3815347052972148,fearful,06,10,10,female,normal,1116
60,2.0020000000000002,True,1.0,0.6301391764533188,0.6622552018598227,0.6461971891565708,0.8390262598075685,-0.062453703703703844,-0.057962962962962994,0.3534985045842725,0.22042215300029366,0.2007005267484722,0.7701751662752209,0.03211602540650382,0.004490740740740851,0.017185689759046975,0.3436385817447524,0.10593105417816137,0.11306678876477029,0.0,0.9999999987499999,0.6568173815619996,0.28583898460689006,0.27732077907303754,0.38573601883136804,fearful,06,10,10,female,normal,1116
70,2.3356666666666666,True,1.0,0.624473946559422,0.6650331598288137,0.6447535531941179,0.970756684068393,-0.06462962962962965,-0.06115740740740727,0.3597418498616926,0.27735009811261474,0.20279621290136177,0.664176269682726,0.040559213269391714,0.0034722222222223764,0.01166543085752296,0.29868143204563563,0.10555889208536004,0.11374979190177793,0.0,0.9999999987499999,0.6565514310567977,0.28448472224532984,0.2787434323655656,0.38683534365069433,fearful,06,10,10,female,normal,1116
80,2.6693333333333333,True,1.0,0.6401790024661007,0.6687480125298697,0.6544635074979852,0.9004447909710913,-0.06495370370370357,-0.06129629629629624,0.3681552966422823,0.2754703968753682,0.1965665948917417,0.726822470472814,0.028569010063768996,0.0036574074074073315,0.009204202953261853,0.30366653474873306,0.10694327717668219,0.11210986766569449,0.0,0.9999999987499999,0.6609964656878377,0.2817603404253559,0.27806022188258384,0.38597362063432905,fearful,06,10,10,female,normal,1116
90,3.003,True,1.0,0.626953289092249,0.648938040322993,0.6379456647076209,0.9132992722344511,-0.06527777777777777,-0.06157407407407406,0.3617912584258518,0.29984704693396835,0.19521550446455993,0.6985067043214015,0.02198475123074395,0.003703703703703709,0.009627501367767115,0.32037817320967527,0.10827270542540961,0.11151199043709598,0.0,0.9999999987499999,0.6632113272340187,0.2793333143596757,0.2809470411667626,0.39148303070301393,fearful,06,10,10,female,normal,1116
100,3.336666666666667,True,1.0,0.6147752123607214,0.6275124575643405,0.6211438349625309,0.8892673271993664,-0.06597222222222227,-0.06074074074074082,0.3588235888994206,0.3077196212969264,0.19390744610831734,0.6984894372750025,0.012737245203619074,0.005231481481481448,0.016063377011240786,0.30627772093342936,0.1071909346148015,0.11221318279309693,0.0,0.9999999987499999,0.658143504730017,0.28031237076366294,0.2763344304406677,0.38951388302309,fearful,06,10,10,female,normal,1116
0,0.0,True,1.0,0.5813619887915031,0.5826445841276064,0.5820032864595548,0.9636002511440795,-0.06592592592592583,-0.06175925925925929,0.3489683749515321,0.36669169043167615,0.18287934372030076,0.603988309227342,0.0012825953361033093,0.004166666666666541,0.02858152905645712,0.2535926897728009,0.08946777406880731,0.11109916920789517,0.0,0.9999999987499999,0.7148381190757553,0.29890906469879264,0.24546201334971285,0.4162611035119445,fearful,06,10,10,female,normal,1117
10,0.33366666666666667,True,1.0,0.591247169595703,0.6103700396579499,0.6008086046268264,0.8761310162629772,-0.0666666666666666,-0.06101851851851853,0.343726449397801,0.3647981815001896,0.18424695923669349,0.6857520090882039,0.01912287006224689,0.005648148148148069,0.013765053258330214,0.2854592290440156,0.10525280232211895,0.11184002477362978,0.0,0.9999999987499999,0.6705253867171869,0.2809146752864465,0.26189030873905356,0.3958075553837483,fearful,06,10,10,female,normal,1117
20,0.6673333333333333,True,1.0,0.6102309506860767,0.6146580899283555,0.6124445203072161,0.9470823197785967,-0.06490740740740741,-0.059398148148148144,0.34515673380317413,0.371422530714216,0.18511870879413211,0.6466645058376654,0.004427139242278777,0.005509259259259269,0.012679052797402718,0.2699370555119474,0.10420596558779681,0.11348954164934719,0.0,0.9999999987499999,0.6731241640640632,0.2784333324718632,0.26203800584475795,0.39608821767222563,fearful,06,10,10,female,normal,1117
30,1.0010000000000001,True,1.0,0.6365979860604527,0.6410469274833315,0.6388224567718921,0.9232250992763582,-0.06129629629629629,-0.056203703703703645,0.36838192376835033,0.2916526987091929,0.1861070673615551,0.691946587319402,0.004448941422878772,0.0050925925925926485,0.023889658122899282,0.30328895324973465,0.10486724918848271,0.11049056118282116,0.0,0.9999999987499999,0.6722407806169343,0.27770690976008244,0.27064844599591875,0.3937455710278907,fearful,06,10,10,female,normal,1117
40,1.3346666666666667,True,1.0,0.6547039416535786,0.6760723016007394,0.665388121627159,0.9625747872304405,-0.06013888888888902,-0.05439814814814814,0.3533030861319555,0.3157912245804635,0.189013595802706,0.6912586226589633,0.021368359947160798,0.0057407407407408795,0.02129166389910007,0.28667454900282946,0.10653593816190517,0.110273430722775,0.0,0.9999999987499999,0.6610141193743123,0.2829931453367529,0.26822520127318744,0.3815968886830268,fearful,06,10,10,female,normal,1117
50,1.6683333333333334,True,1.0,0.7132853671361823,0.7262165339661172,0.7197509505511497,0.6379903084529248,-0.059629629629629644,-0.055787037037037024,0.34125591942685474,0.13343014649413815,0.1901944438184733,1.1281534233591852,0.012931166829934893,0.0038425925925926196,0.014052479294809787,0.36496134884254355,0.10458164283963269,0.11212856738455738,0.0,0.9999999987499999,0.6661530295008629,0.2794051186000388,0.26197899803072716,0.37880178624154776,fearful,06,10,10,female,normal,1117
60,2.0020000000000002,True,1.0,0.6993960143306944,0.6864319359603182,0.6929139751455062,0.9189529612881068,-0.05986111111111114,-0.055462962962962825,0.33625883037628546,0.3086185844732394,0.1896000458458318,0.7540255098304932,0.012964078370376275,0.0043981481481483176,0.013796297535515195,0.28986325600330587,0.10634096760491397,0.11063380224563228,0.0,0.9999999987499999,0.6644169224799296,0.2808043930366025,0.26601946811365107,0.37793424609063636,fearful,06,10,10,female,normal,1117
70,2.3356666666666666,True,1.0,0.7259861639553594,0.7525810319838113,0.7392835979695853,1.0601131410570066,-0.05976851851851861,-0.05606481481481479,0.3405827694553771,0.38069707342513787,0.19016355379472766,0.6973629222560793,0.0265948680284519,0.00370370370370382,0.009902219935448056,0.24917552027921305,0.10599334843370027,0.1113097371002069,0.0,0.9999999987499999,0.6660320780656013,0.2798533746503089,0.26675829057479317,0.37812177483081966,fearful,06,10,10,female,normal,1117
80,2.6693333333333333,True,1.0,0.7287358959616335,0.7103366986715668,0.7195362973166002,0.9908189125203571,-0.060833333333333406,-0.05717592592592591,0.3289947443048349,0.35809848616879997,0.18935523216230785,0.7262036364307053,0.01839919729006667,0.003657407407407498,0.011316925938673214,0.27853338487401547,0.10525266114074629,0.11166967768058583,0.0,0.9999999987499999,0.6685531106583257,0.2789541655275899,0.2630577239540344,0.38107960200775626,fearful,06,10,10,female,normal,1117
90,3.003,True,1.0,0.7255573257543281,0.7237160180418001,0.7246366718980641,0.9565924020144619,-0.061851851851851825,-0.05740740740740746,0.3411953712975601,0.35308437878235616,0.18655699904292775,0.7575187408681812,0.0018413077125279953,0.004444444444444362,0.016210864760889707,0.27211881374407365,0.10664269355325397,0.11017019358678973,0.0,0.9999999987499999,0.6665251308101365,0.27982512939593723,0.2648571113134267,0.3863750372333545,fearful,06,10,10,female,normal,1117
0,0.0,True,1.0,0.6402936130168871,0.6699195366874048,0.655106574852146,0.7499951250505769,-0.07541666666666669,-0.06912037037037033,0.337021397005692,0.32123604094327063,0.1939581952229413,0.8734811107045103,0.02962592367051764,0.006296296296296355,0.02091195417844366,0.3352022595011163,0.10137705899358224,0.11403597619473906,0.0,0.9999999987499999,0.6784150800945379,0.28080064622903056,0.26108661852356935,0.4022507035401325,fearful,06,10,10,female,normal,1118
10,0.33366666666666667,True,1.0,0.6210754808267176,0.6575626336922789,0.6393190572594982,0.8875053015551967,-0.07550925925925928,-0.06939814814814815,0.3232607009466254,0.3801868390966915,0.19460132869936583,0.7203551980356672,0.036487152865561256,0.006111111111111123,0.014250722946029332,0.2734226945289184,0.10330130361719636,0.11280365451004314,0.0,0.9999999987499999,0.6791274255952382,0.28143384472075655,0.2630246284973367,0.4019659095383375,fearful,06,10,10,female,normal,1118
20,0.6673333333333333,True,1.0,0.6863477323081787,0.6852991695713228,0.6858234509397507,0.9570958946268376,-0.07374999999999993,-0.06768518518518513,0.3249998173086873,0.384260359701493,0.1953112316702645,0.7165671222601436,0.0010485627368559403,0.006064814814814801,0.009524251799490074,0.26931742600017905,0.10134389141928946,0.11489755161358543,0.0,0.9999999987499999,0.6787181391540992,0.28121944793414144,0.26199076604521454,0.4025951864177303,fearful,06,10,10,female,normal,1118
30,1.0010000000000001,True,1.0,0.7476364416670106,0.7598519807453179,0.7537442112061643,1.1634844237499014,-0.07884259259259252,-0.07624999999999993,0.314311219984178,0.525183941275998,0.2001102143829511,0.6478335212918902,0.012215539078307303,0.002592592592592591,0.015271986081455873,0.2191904736400919,0.09977602849527031,0.1154394044264534,0.0,0.9999999987499999,0.6857456860634878,0.2873266904377548,0.2754192639744314,0.40833464888115945,fearful,06,10,10,female,normal,1118
40,1.3346666666666667,True,1.0,0.7044274710137417,0.7126172207877933,0.7085223459007675,0.994350282485876,-0.0803240740740741,-0.07731481481481484,0.33545595767237735,0.4519774011299432,0.1994295438290704,0.7125480410479307,0.008189749774051625,0.003009259259259267,0.012129406290209957,0.2556818181818182,0.10125728967121492,0.11364049191595202,0.0,0.9999999987499999,0.6863832271658664,0.28528146806639454,0.27961102933580956,0.4119396981852803,fearful,06,10,10,female,normal,1118
50,1.6683333333333334,True,1.0,0.7065073873775971,0.7320162333115527,0.7192618103445749,0.9216633151696499,-0.07824074074074072,-0.07412037037037045,0.36233227404697127,0.34212016922227945,0.2001235580249425,0.7803953987386174,0.025508845933955637,0.004120370370370274,0.005858995103691267,0.29981981652191037,0.0995746032388192,0.11627048695425724,0.0,0.9999999987499999,0.6826387238958083,0.2864097947233744,0.27845043035849615,0.40566393149717916,fearful,06,10,10,female,normal,1118
60,2.0020000000000002,True,1.0,0.6736919868346404,0.6934989615891098,0.683595474211875,0.8949329294014616,-0.07935185185185195,-0.07550925925925922,0.3765079686872976,0.23729282218978173,0.20841571450629237,0.7638510683354441,0.019806974754469464,0.0038425925925927307,0.005005948081415817,0.298680007054148,0.10140725932062036,0.11599709946490395,0.0,0.9999999987499999,0.6657287076393057,0.28340185139801655,0.27853919966916085,0.4040469998862115,fearful,06,10,10,female,normal,1118
70,2.3356666666666666,True,1.0,0.6897161215146367,0.7066252876832879,0.6981707045989622,0.9360789212741425,-0.07750000000000001,-0.07398148148148159,0.3266556253068134,0.30143544493034796,0.21196434753034096,0.7458459844909745,0.016909166168651235,0.003518518518518421,0.005579594483976658,0.29602299250603753,0.10382694934174948,0.11333319053041264,0.0,0.9999999987499999,0.6684731602875525,0.28121397358589373,0.28437508915144283,0.40515022720941535,fearful,06,10,10,female,normal,1118
80,2.6693333333333333,True,1.0,0.714232129248379,0.7074809019589906,0.7108565156036848,0.9590866693231311,-0.07328703703703704,-0.0696296296296296,0.3639994348337458,0.3243858635038783,0.20434744998859247,0.7411806861056331,0.006751227289388373,0.0036574074074074425,0.0023649756048496717,0.3074655875607093,0.10308132362569691,0.11417877277433826,0.0,0.9999999987499999,0.6687585330929247,0.2809039327753018,0.2788277959161425,0.39877623713558125,fearful,06,10,10,female,normal,1118
90,3.003,True,1.0,0.679860080254154,0.6995318346899527,0.6896959574720534,1.0819963245292477,-0.07314814814814818,-0.07180555555555546,0.326406557977543,0.4250699846364899,0.200804277671704,0.6374291130537107,0.019671754435798716,0.0013425925925927285,0.003894314726951983,0.2732142857142862,0.10231113344069095,0.11403711531248961,0.0,0.9999999987499999,0.6705750793989471,0.28116290257491616,0.2756697975986584,0.40578377754902756,fearful,06,10,10,female,normal,1118
100,3.336666666666667,True,1.0,0.7251787575916421,0.73204038919635,0.728609573393996,1.063136932966311,-0.07592592592592584,-0.07171296296296298,0.33321379342072033,0.42525477318652416,0.19669890365235196,0.6853393488654997,0.006861631604707874,0.004212962962962863,0.002457030067909302,0.2667133316418774,0.10207434905074891,0.11441574589250192,0.0,0.9999999987499999,0.6823389933317078,0.28571140823814567,0.27845053298363265,0.39882597778887113,fearful,06,10,10,female,normal,1118
0,0.0,True,1.0,0.6352287973635964,0.6506141494840754,0.6429214734238359,0.6853845420614488,-0.0750925925925926,-0.06129629629629646,0.3316547387565712,0.27381176576583605,0.20237910593082759,0.9380448988389851,0.015385352120478979,0.01379629629629614,0.01954416861034386,0.36811942988356344,0.1043449789707537,0.11386481692849412,0.0,0.9999999987499999,0.6698009166557247,0.2806616390104759,0.26889541650905147,0.3973243075118247,fearful,06,10,10,female,normal,1119
10,0.33366666666666667,True,1.0,0.67648251104725,0.6871765866665301,0.6818295488568901,0.692100691340255,-0.07449074074074075,-0.06180555555555545,0.32806097833645914,0.2843304346157638,0.20029884898882963,0.9851594679619886,0.010694075619280152,0.0126851851851853,0.023443490808276297,0.352562776038982,0.10557744084556915,0.11187473091662471,0.0,0.9999999987499999,0.6706847214120023,0.2808698227033342,0.2698469011880234,0.40403643548376295,fearful,06,10,10,female,normal,1119
20,0.6673333333333333,True,1.0,0.7118090526867606,0.7467755576910003,0.7292923051888804,0.731887079238596,-0.07958333333333328,-0.06662037037037039,0.3320144793729729,0.3123837858068255,0.19958442085386893,0.9964546797951196,0.0349665050042397,0.012962962962962898,0.021121585701445622,0.34217710722811473,0.10148083701054761,0.11427755497794236,0.0,0.9999999987499999,0.6781034132090336,0.2872008743510631,0.26903360383068275,0.3965010263974703,fearful,06,10,10,female,normal,1119
30,1.0010000000000001,True,1.0,0.7251432523230728,0.7349777599984295,0.7300605061607511,0.8999284441439726,-0.08324074074074073,-0.07189814814814816,0.3178713452096478,0.40228627355836927,0.2050937402197338,0.8112428392628452,0.009834507675356763,0.01134259259259257,0.027520989492314515,0.2713844590846556,0.1009385385758064,0.11541900654600197,0.0,0.9999999987499999,0.6782722770123674,0.28590583593911323,0.2727919703899856,0.40134460510030195,fearful,06,10,10,female,normal,1119
40,1.3346666666666667,True,1.0,0.722280306588022,0.7179731351872786,0.7201267208876503,0.9702642812875877,-0.08523148148148157,-0.07398148148148143,0.32907932102972803,0.38635099074876617,0.20648106434160166,0.7421964662370207,0.004307171400743437,0.011250000000000149,0.024964686354892993,0.2639713533376377,0.10238193213509689,0.1134709646762551,0.0,0.9999999987499999,0.6781025118406737,0.2857195795957799,0.2825812036455142,0.41090488829792315,fearful,06,10,10,female,normal,1119
50,1.6683333333333334,True,1.0,0.739158563523251,0.7596094648739374,0.7493840141985942,0.9120030566189158,-0.08087962962962969,-0.07097222222222216,0.34699185194276205,0.31842649238355797,0.20368808468108635,0.8216902440840474,0.02045090135068639,0.009907407407407531,0.018143417527569806,0.27855591785332134,0.1010566203713658,0.11548073029261517,0.0,0.9999999987499999,0.6776765190763806,0.2860109605051583,0.2767349484704421,0.40328128701079047,fearful,06,10,10,female,normal,1119
60,2.0020000000000002,True,1.0,0.7301289169003772,0.7458086339269319,0.7379687754136546,0.8752219575751159,-0.07254629629629628,-0.06666666666666665,0.3337451688270676,0.36200762108991724,0.19742675586761846,0.8431790005112142,0.015679717026554685,0.0058796296296296235,0.01163456054584207,0.3049344566465625,0.10196034989354257,0.11451734668538796,0.0,0.9999999987499999,0.6779608194918592,0.2873797119987248,0.27601639591110744,0.3978650638876674,fearful,06,10,10,female,normal,1119
70,2.3356666666666666,True,1.0,0.716154346149631,0.7317284099313685,0.7239413780404997,0.995376327432925,-0.07083333333333325,-0.06337962962962973,0.325880000613513,0.3964574651267474,0.19944369807999512,0.7273041944924933,0.015574063781737424,0.007453703703703518,0.011058953010842887,0.24798375461398922,0.1052041208148063,0.11323986966567488,0.0,0.9999999987499999,0.665624610859969,0.27932453820335956,0.27407586417376456,0.3947815655010314,fearful,06,10,10,female,normal,1119
80,2.6693333333333333,True,1.0,0.6930801893623271,0.6811318722711872,0.6871060308167571,0.9923177739701248,-0.0693981481481481,-0.06518518518518512,0.32836702996068906,0.3662708422511955,0.19944369807999524,0.6924253992425651,0.01194831709113986,0.004212962962962974,0.009373396682676291,0.2721188137440727,0.1053118702635941,0.1138112511563163,0.0,0.9999999987499999,0.6678138915566226,0.27862333667977307,0.2713999812050937,0.39543903912480766,fearful,06,10,10,female,normal,1119
90,3.003,True,1.0,0.6968952335767086,0.7183379838971126,0.7076166087369106,0.9485497201199942,-0.06898148148148148,-0.06259259259259259,0.3244331363914687,0.3809101135531496,0.19734751940380232,0.745998437116607,0.02144275032040399,0.006388888888888888,0.005353548423034708,0.2809291511263403,0.10481565028597978,0.11359953597192661,0.0,0.9999999987499999,0.6677465479473038,0.27860312025316647,0.26929898953950676,0.39581284917787735,fearful,06,10,10,female,normal,1119
100,3.336666666666667,True,1.0,0.7174104527981041,0.7156182363587852,0.7165143445784447,0.9028986599229052,-0.06953703703703706,-0.06310185185185191,0.32563820316953745,0.3579786861631272,0.19665351742298964,0.7935711684848716,0.0017922164393189277,0.006435185185185155,0.009441037402535072,0.2763819576960135,0.10619841620044748,0.11230793166464229,0.0,0.9999999987499999,0.6657521962144232,0.27948961728263505,0.2687863423278636,0.39829181619420456,fearful,06,10,10,female,normal,1119
0,0.0,True,1.0,0.5886721969203145,0.6108754792877706,0.5997738381040425,0.9485497201199947,-0.07087962962962974,-0.06541666666666662,0.3246820234947221,0.4275521682739421,0.18149229494664507,0.6323061673859005,0.022203282367456167,0.005462962962963114,0.022323960159046016,0.2718565269506534,0.10084937554147849,0.11197926681795303,0.0,0.9999999987499999,0.6906874104563702,0.28214806272795406,0.26004028774851623,0.3931862625887967,fearful,06,10,10,female,strong,1120
10,0.33366666666666667,True,1.0,0.5786156604459031,0.5686721529994032,0.5736439067226531,0.9616428290210064,-0.0710648148148148,-0.06550925925925927,0.33400283150112614,0.44318877623421943,0.18138633073239702,0.5965249148757727,0.009943507446499855,0.005555555555555536,0.01586478568314921,0.2504795667261425,0.10009820477701774,0.11432996816112179,0.0,0.9999999987499999,0.6891368473795769,0.2807771362047202,0.2634770698389256,0.3992655145259213,fearful,06,10,10,female,strong,1120
20,0.6673333333333333,True,1.0,0.6345154715299699,0.6665011186374541,0.650508295083712,1.162947509655753,-0.07162037037037039,-0.06680555555555562,0.3194342953392973,0.5264542715355618,0.17933691644693353,0.5593616992019447,0.031985647107484194,0.004814814814814772,0.014278565211299894,0.22208342244185805,0.10119192544652977,0.11469968624262347,0.0,0.9999999987499999,0.6924498090876976,0.2783772915717148,0.2682606943661845,0.4024748004994213,fearful,06,10,10,female,strong,1120
30,1.0010000000000001,True,1.0,0.6133104188196561,0.5694444444444436,0.5913774316320499,0.9604317930988587,-0.0756944444444444,-0.06930555555555562,0.4078874374164454,0.3693584275765588,0.1758350826348499,0.6157412071126414,0.043865974375212446,0.006388888888888777,0.012657761842743585,0.2752068041061694,0.10070002034026977,0.11430139966562813,0.0,0.9999999987499999,0.6948737755023885,0.27991838424681337,0.2838411413837035,0.42923380734128863,fearful,06,10,10,female,strong,1120
40,1.3346666666666667,True,1.0,0.5772892638226731,0.5782530610286531,0.5777711624256632,0.9756925875047502,-0.07435185185185178,-0.06888888888888889,0.36806505949550467,0.5013822789505404,0.17654496410821915,0.5921651653655207,0.0009637972059800548,0.005462962962962892,0.01955719144249201,0.2893871433851487,0.09847909697756237,0.1144029199679192,0.0,0.9999999987499999,0.6978448281421944,0.2852422399454441,0.26726129675051213,0.3918498929004159,fearful,06,10,10,female,strong,1120
50,1.6683333333333334,True,1.0,0.6334483809923064,0.6525260801483023,0.6429872305703044,1.221750958575545,-0.07388888888888895,-0.06749999999999995,0.35814480066934506,0.4998072103263597,0.18067763154958041,0.5262833853799234,0.019077699155995886,0.006388888888888999,0.011259442692810987,0.2439586744509737,0.0998295681880482,0.115722846349906,0.0,0.9999999987499999,0.690378986422694,0.27881248743694137,0.27902812969317115,0.4192599408034429,fearful,06,10,10,female,strong,1120
60,2.0020000000000002,True,1.0,0.5902245103663332,0.6143218266444667,0.6022731685053999,0.8679640556940517,-0.07629629629629636,-0.07064814814814824,0.3838146436005848,0.3419128165466404,0.1896320210632777,0.6938918317577139,0.024097316278133496,0.005648148148148124,0.006059671901912967,0.30718090937022946,0.10087684117616418,0.11414537650025557,0.0,0.9999999987499999,0.6877500505749177,0.2798116547592182,0.28497882113096895,0.41487376198330667,fearful,06,10,10,female,strong,1120
70,2.3356666666666666,True,1.0,0.6702132353028232,0.6838775145847901,0.6770453749438066,1.2584480049788427,-0.07930555555555552,-0.07694444444444443,0.3275767641180649,0.5269751020848907,0.19724117659584228,0.5380002767418184,0.013664279281966896,0.0023611111111110916,0.0036115886511420225,0.20543310051951758,0.09766607586097145,0.11592246547648678,0.0,0.9999999987499999,0.6841938786217612,0.2837812690928739,0.2751378971115869,0.40318004625011766,fearful,06,10,10,female,strong,1120
80,2.6693333333333333,True,1.0,0.6737141003922728,0.6894976525284738,0.6816058764603733,1.0405417260238952,-0.07379629629629625,-0.07101851851851848,0.35856098743167675,0.3974291314674598,0.18750651030364252,0.6550490570569591,0.015783552136201084,0.002777777777777768,0.007218533900976328,0.25038550524055453,0.09893252180073679,0.11484353053885316,0.0,0.9999999987499999,0.6855265678615197,0.2851990594945712,0.27645360785216566,0.41475681414448184,fearful,06,10,10,female,strong,1120
90,3.003,True,1.0,0.6964639591793741,0.7038109442287455,0.7001374517040597,1.00273325482642,-0.07157407407407401,-0.06819444444444445,0.34310614784526866,0.3874196666374803,0.1847920093949727,0.6982290138819205,0.007346985049371368,0.003379629629629566,6.719218321987156e-05,0.26463864088645406,0.09881166347707383,0.11310964642524833,0.0,0.9999999987499999,0.6859661810818077,0.28468096066016957,0.2749808569175256,0.4156534413343794,fearful,06,10,10,female,strong,1120
100,3.336666666666667,True,1.0,0.6794698148796057,0.7042073039773811,0.6918385594284934,0.9425848530209435,-0.07166666666666666,-0.06800925925925927,0.33739996606347733,0.3862888444110927,0.18406135556647352,0.7339801368663849,0.0247374890977754,0.003657407407407387,0.005232892519230084,0.27856365215915774,0.09863083480501493,0.11477121114132952,0.0,0.9999999987499999,0.6863933897074456,0.2841066148239931,0.270164176747905,0.4159246546474715,fearful,06,10,10,female,strong,1120
0,0.0,True,1.0,0.6506965549591125,0.6714499334671521,0.6610732442131323,0.7345935888189167,-0.07467592592592598,-0.06814814814814818,0.3365212805737034,0.3221307051136822,0.19540300757883083,0.8999169803210633,0.0207533785080396,0.006527777777777799,0.02293035873024056,0.3238177488399784,0.10370115430750028,0.11277456402106477,0.0,0.9999999987499999,0.6742609412515007,0.2812425920320955,0.2681699564911273,0.41144207466466187,fearful,06,10,10,female,strong,1121
10,0.33366666666666667,True,1.0,0.6909315983625477,0.7220282159973728,0.7064799071799602,0.9312945430362236,-0.07537037037037037,-0.0690277777777778,0.32945348935860613,0.38153212734499664,0.1925894277807099,0.7585998570083762,0.031096617634825074,0.006342592592592566,0.02560536856052941,0.26931742600017955,0.10147660029245281,0.11394740694736075,0.0,0.9999999987499999,0.6852263392544519,0.28626798795495534,0.2699330601837022,0.3993616829024651,fearful,06,10,10,female,strong,1121
20,0.6673333333333333,True,1.0,0.7517938589342706,0.7627911148563049,0.7572924868952877,1.1094509589719879,-0.07694444444444454,-0.07087962962962968,0.3158077618136389,0.5069157854622561,0.19124209545640394,0.6825831108361846,0.010997255922034266,0.006064814814814856,0.022686227939578276,0.22892703880930743,0.10120169900994062,0.11435834915738909,0.0,0.9999999987499999,0.6850665850949754,0.2835037713733133,0.2745002867317611,0.41266544007502776,fearful,06,10,10,female,strong,1121
30,1.0010000000000001,True,1.0,0.7140785444085106,0.6941766810088326,0.7041276127086715,1.035645979752108,-0.07814814814814819,-0.07152777777777775,0.37277719193179115,0.416903886954783,0.1884087787601568,0.6798921894885464,0.019901863399678033,0.006620370370370443,0.01839348913932887,0.2486893797423287,0.10131996067642335,0.11425358407053093,0.0,0.9999999987499999,0.6896277794008229,0.27966828807803523,0.2829971983696303,0.42950907587998993,fearful,06,10,10,female,strong,1121
40,1.3346666666666667,True,1.0,0.6521987211719221,0.6803809930082911,0.6662898570901066,1.0218077572947444,-0.07620370370370372,-0.06953703703703706,0.3379026284186744,0.5330993767137148,0.1835346388292238,0.6520696797743264,0.02818227183636901,0.006666666666666654,0.017572506409827087,0.2445570911461306,0.09995999732265934,0.11494913221519565,0.0,0.9999999987499999,0.6949460986347664,0.2777626924621431,0.27687604161399676,0.4168625453860633,fearful,06,10,10,female,strong,1121
50,1.6683333333333334,True,1.0,0.6326870336416496,0.6340087571776555,0.6333478954096525,1.1004195736898752,-0.07884259259259252,-0.07208333333333333,0.3555195986407259,0.4726160989565493,0.18829819813198714,0.5755512811226541,0.0013217235360059032,0.006759259259259187,0.01136250315861351,0.2455272557180971,0.10026152161498891,0.115348806390012,0.0,0.9999999987499999,0.685627993548982,0.2807166128017443,0.28139477079336794,0.4195859043050566,fearful,06,10,10,female,strong,1121
60,2.0020000000000002,True,1.0,0.6288288850940487,0.6819559303455414,0.655392407719795,0.9918926353777757,-0.07486111111111104,-0.06958333333333333,0.38858927621026224,0.2898310236515521,0.19724117659584234,0.6607493435720287,0.0531270452514927,0.005277777777777715,0.005354124083170913,0.28519083446586707,0.10108351702354487,0.11595117083627736,0.0,0.9999999987499999,0.6716404177295918,0.29073069860212686,0.29164746362805066,0.4061484525331991,fearful,06,10,10,female,strong,1121
70,2.3356666666666666,True,1.0,0.6583271373165083,0.6789674306790286,0.6686472839977684,1.0300144629219166,-0.07314814814814807,-0.06842592592592595,0.30575647898189384,0.3737801882931874,0.2034815960064079,0.6491630050523448,0.02064029336252038,0.004722222222222128,0.0016763285531084305,0.2726436771347837,0.10365555717442435,0.11482510410262906,0.0,0.9999999987499999,0.6609876307085335,0.2843305571241233,0.2784119790353477,0.396583208268903,fearful,06,10,10,female,strong,1121
80,2.6693333333333333,True,1.0,0.656025917663959,0.6794228330281674,0.6677243753460632,0.9875879117372678,-0.07060185185185192,-0.06777777777777783,0.3577666618159551,0.35975255293707425,0.19725355397916716,0.6761163916754185,0.023396915364208404,0.00282407407407409,0.006650408297041001,0.2976548210303815,0.10386361866470595,0.11413726797545765,0.0,0.9999999987499999,0.6640115180134556,0.28342172455415154,0.2802397070643054,0.40543865007547425,fearful,06,10,10,female,strong,1121
90,3.003,True,1.0,0.6696272264689757,0.6823752219725858,0.6760012242207807,0.9735449735449739,-0.07231481481481472,-0.06865740740740739,0.35456963389456964,0.39506172839506165,0.19243883260523004,0.6943708227050408,0.012747995503610166,0.0036574074074073315,0.005848705374833198,0.2775525499421981,0.0897214872045,0.11310576487095872,0.0,0.9999999987499999,0.7091767545533838,0.3024835754083792,0.25889640249685986,0.422577836140669,fearful,06,10,10,female,strong,1121
100,3.336666666666667,True,1.0,0.6415108774328143,0.6610532422575113,0.6512820598451627,0.9614801026063374,-0.07092592592592595,-0.06819444444444445,0.3435323122201648,0.39327564076619964,0.19243883260523004,0.6773744543227638,0.019542364824696956,0.0027314814814815014,0.007267335552152268,0.3071474482749314,0.1166093118861325,0.10940757374488891,0.0,0.9999999987499999,0.6308006027020183,0.2657718809537881,0.30144865134231086,0.37801401514686234,fearful,06,10,10,female,strong,1121
110,3.6703333333333332,True,1.0,0.6936692363491044,0.7044241369472148,0.6990466866481596,0.9095081030472206,-0.07152777777777775,-0.06800925925925932,0.3428419627607217,0.39601092207684707,0.1910620892167896,0.7685986351370263,0.010754900598110462,0.003518518518518421,0.009530846500545807,0.3178973558795347,0.11559244095802768,0.11048138487748999,0.0,0.9999999987499999,0.6317562286398936,0.26608374829428905,0.2969351333906454,0.374897667529787,fearful,06,10,10,female,strong,1121
0,0.0,True,1.0,0.6309274534231601,0.6133104188196562,0.6221189361214081,1.009109459203325,-0.07490740740740737,-0.07004629629629627,0.3085602801046941,0.5045339654997973,0.1798717153623356,0.6165029278514152,0.017617034603503945,0.004861111111111094,0.0035460521410240167,0.24494959651554712,0.10036921395569778,0.11240984669433082,0.0,0.9999999987499999,0.6956520710862472,0.2802503767063013,0.2608191943284964,0.4048937123929322,fearful,06,10,10,female,strong,1122
10,0.33366666666666667,True,1.0,0.6632323229894591,0.6578571700698416,0.6605447465296503,1.1598556283264605,-0.07587962962962963,-0.07152777777777775,0.31351864383418937,0.5718732611887417,0.17709022658152102,0.5695060060903797,0.005375152919617543,0.0043518518518518845,0.0019430498574832342,0.2191904736400919,0.0997144414517529,0.1138310267351063,0.0,0.9999999987499999,0.6938772958871048,0.2803936829385895,0.2616977520158681,0.40108642911653136,fearful,06,10,10,female,strong,1122
20,0.6673333333333333,True,1.0,0.6267035647556579,0.6118718191098588,0.6192876919327583,1.3133607563335057,-0.07782407407407399,-0.07328703703703704,0.3191172168063219,0.704135078883286,0.17432700164969134,0.47152900598432435,0.014831745645799144,0.004537037037036951,0.0038357445042302564,0.21719689628166078,0.11474755908260367,0.11152959447251842,0.0,0.9999999987499999,0.6429226342021185,0.26712685477036696,0.2938853459209337,0.3919924320322875,fearful,06,10,10,female,strong,1122
30,1.0010000000000001,True,1.0,0.6213553582877486,0.6000376609407341,0.6106965096142414,1.8266847277835496,-0.0826851851851852,-0.07800925925925928,0.2953009536861362,0.9986876634765871,0.1689131336767974,0.33431960114718,0.021317697347014497,0.004675925925925917,0.012179368855939628,0.17347891128340748,0.09644182789616429,0.11513692190275518,0.0,0.9999999987499999,0.7042926266522235,0.28116926066719355,0.2681360040172868,0.40918169491679507,fearful,06,10,10,female,strong,1122
40,1.3346666666666667,True,1.0,0.5236162255856368,0.5133927375842238,0.5185044815849302,0.8650510977654434,-0.08069444444444446,-0.07361111111111113,0.38961147188092266,0.4388419835626649,0.16762348325143964,0.5993917387357868,0.01022348800141304,0.00708333333333333,0.03316599945945746,0.30544068886895626,0.09792659798571661,0.11471023536658237,0.0,0.9999999987499999,0.7021639743709984,0.2823216202619031,0.26385482720544234,0.4034352575342739,fearful,06,10,10,female,strong,1122
50,1.6683333333333334,True,1.0,0.5476046951111189,0.5683012641243309,0.5579529796177249,0.7662368843089233,-0.07481481481481483,-0.06824074074074071,0.4422275375360572,0.23437128738545446,0.18482792506197773,0.7281729593596219,0.02069656901321204,0.006574074074074121,0.020137918830542237,0.3621246586723522,0.10007159066602755,0.11633536148070756,0.0,0.9999999987499999,0.6788090185839961,0.28514138602618666,0.2906415072208851,0.4246173522823692,fearful,06,10,10,female,strong,1122
60,2.0020000000000002,True,1.0,0.6230100709307564,0.6453407358224442,0.6341754033766003,0.7056590915964013,-0.07638888888888895,-0.06865740740740733,0.3753148276296964,0.23746753193270007,0.19861149524808674,0.898699401635874,0.02233066489168778,0.007731481481481617,0.008524491494223796,0.3898748118282348,0.10210524641561072,0.1147208010432608,0.0,0.9999999987499999,0.671595549071191,0.2898137556318403,0.2858447989726677,0.40120196831034965,fearful,06,10,10,female,strong,1122
70,2.3356666666666666,True,1.0,0.5707685012607712,0.6069968343264757,0.5888826677936234,0.777777777777778,-0.07175925925925941,-0.06527777777777782,0.41134367901901997,0.23456790123456808,0.20069786576314122,0.7571348585918013,0.0362283330657045,0.006481481481481588,0.008545324236566966,0.3931776790800596,0.10392747325341106,0.11441265411353095,0.0,0.9999999987499999,0.6557876653786513,0.28832186785020947,0.28907646213841337,0.41135344172345356,fearful,06,10,10,female,strong,1122
80,2.6693333333333333,True,1.0,0.651211515799486,0.6682239041974654,0.6597177099984757,0.9419922237221676,-0.0721296296296296,-0.06606481481481485,0.38508633254666813,0.31174702643248203,0.20347259718188104,0.7003430531429246,0.01701238839797936,0.006064814814814745,0.004859386941930446,0.3092609010066809,0.10280977234804478,0.11558299950709895,0.0,0.9999999987499999,0.6533489061874751,0.2887976910486277,0.28933988123050786,0.40385778651665005,fearful,06,10,10,female,strong,1122
90,3.003,True,1.0,0.6592194721790301,0.6617856011915688,0.6605025366852995,0.831266946271464,-0.06722222222222235,-0.06305555555555553,0.39596253094145106,0.2621688061317698,0.19930708674523126,0.7945733192542958,0.0025661290125387204,0.004166666666666818,0.004724106880952088,0.3551410774766036,0.10630177253549992,0.11254917222763107,0.0,0.9999999987499999,0.6529180321269132,0.28850764964043796,0.2911718176353355,0.40431766381590295,fearful,06,10,10,female,strong,1122
100,3.336666666666667,True,1.0,0.6446337722818277,0.6823752219725855,0.6635044971272066,0.9076736450510308,-0.07189814814814821,-0.06736111111111098,0.37514067875871554,0.32034444422535907,0.19446366956824931,0.7309945603740686,0.03774144969075777,0.004537037037037228,0.0007491030090585161,0.31467127870560246,0.1045545559764313,0.11400712210280996,0.0,0.9999999987499999,0.6597577206976541,0.28360387346251936,0.28081155073038516,0.4113906299105003,fearful,06,10,10,female,strong,1122
110,3.6703333333333332,True,1.0,0.6759856616872294,0.7017252044155845,0.688855433051407,0.8385767174839431,-0.07245370370370358,-0.06546296296296295,0.3802448375528435,0.2994439456451004,0.19385078024088526,0.8214578567340167,0.025739542728355103,0.006990740740740631,0.01867315428097641,0.3407133536589706,0.10436444093407159,0.1155083291978129,0.0,0.9999999987499999,0.6637281201230493,0.28564920634908103,0.27269914342127516,0.4047390212869785,fearful,06,10,10,female,strong,1122
0,0.0,True,1.0,0.6062921370285552,0.6704098705794896,0.6383510038040224,0.6720265292824772,-0.07212962962962965,-0.06666666666666665,0.36463271911939005,0.27271133230291106,0.18285973512150927,0.949889589158913,0.06411773355093442,0.005462962962963003,0.027142988882747344,0.36821407875768636,0.10009613975808905,0.11383076553483006,0.0,0.9999999987499999,0.6844933373661964,0.2865132954841985,0.272708746344011,0.40999620335934756,fearful,06,10,10,female,strong,1123
10,0.33366666666666667,True,1.0,0.5694380317139666,0.6263278723313555,0.597882952022661,0.6557161991979369,-0.07268518518518519,-0.06638888888888889,0.36677807934419077,0.2718772814490469,0.18482792506197773,0.911801405476917,0.05688984061738889,0.0062962962962963,0.021737165663838827,0.3804016930963683,0.09879800924733954,0.11545538353817812,0.0,0.9999999987499999,0.6830941271508603,0.28814456563308455,0.27140635925590534,0.4067550313349774,fearful,06,10,10,female,strong,1123
20,0.6673333333333333,True,1.0,0.5722960862818481,0.6264325983756254,0.5993643423287367,0.6236782366307955,-0.07300925925925927,-0.06675925925925924,0.375880277605913,0.2574330631459704,0.18206558918309676,0.9610153234889097,0.054136512093777234,0.006250000000000033,0.032584233151889665,0.3964352378636079,0.09997465651955964,0.11493638290714486,0.0,0.9999999987499999,0.6879789997092587,0.2849740443935963,0.26759642732149014,0.40693900785122156,fearful,06,10,10,female,strong,1123
30,1.0010000000000001,True,1.0,0.5119018745423827,0.5326592470574976,0.5222805607999401,0.894510297909286,-0.07541666666666663,-0.06916666666666671,0.41000324627696294,0.3043726877963618,0.188214307974696,0.5838731672744873,0.02075737251511489,0.006249999999999922,0.02128513137156758,0.328408791105697,0.09914316027795467,0.11449545929500067,0.0,0.9999999987499999,0.6867464985916242,0.2844628488424431,0.29198282448245755,0.43421289951919234,fearful,06,10,10,female,strong,1123
40,1.3346666666666667,True,1.0,0.5384417226948466,0.5604249182370832,0.5494333204659649,0.6966966966966972,-0.0674074074074073,-0.06314814814814812,0.4239807653769337,0.16816816816816857,0.19791666666666669,0.788626274634337,0.0219831955422366,0.004259259259259185,0.005408495787026896,0.4173821208375932,0.098720716846741,0.11748386976445112,0.0,0.9999999987499999,0.6656472549175921,0.28665277041720305,0.27982933416196387,0.4043739960202154,fearful,06,10,10,female,strong,1123
50,1.6683333333333334,True,1.0,0.5260415117430538,0.5394907859736194,0.5327661488583366,0.7217530797737467,-0.06824074074074077,-0.06430555555555545,0.4546232350317148,0.1554021476725217,0.19446366956824931,0.7381556986571457,0.013449274230565633,0.003935185185185319,0.005806014636893495,0.39823991486569393,0.10266003459044486,0.11571601601901932,0.0,0.9999999987499999,0.6632858064632102,0.2867500688925004,0.2936525239031984,0.4118305884204183,fearful,06,10,10,female,strong,1123
60,2.0020000000000002,True,1.0,0.517881491016028,0.5615904095399901,0.539735950278009,0.54039434047342,-0.06657407407407412,-0.06314814814814818,0.3943005254545059,0.16724991588748878,0.19862071431262085,0.9987816486108381,0.04370891852396208,0.0034259259259259434,0.011505299380760937,0.5490579031851894,0.10340064219494974,0.11422375637913787,0.0,0.9999999987499999,0.6614401129514306,0.28552988031355353,0.2849203273276517,0.4025260020914474,fearful,06,10,10,female,strong,1123
70,2.3356666666666666,True,1.0,0.4932974090975796,0.5224694622501787,0.5078834356738791,0.7224164082598153,-0.06976851851851851,-0.06787037037037041,0.40347886330193944,0.2674779981802725,0.19343496192197215,0.703034191730623,0.029172053152599076,0.0018981481481480933,0.01291843961886449,0.4293430184098875,0.09930257800552832,0.11617537541714716,0.0,0.9999999987499999,0.6741795771746198,0.28798204456608256,0.2874580062711766,0.4131359390556875,fearful,06,10,10,female,strong,1123
80,2.6693333333333333,True,1.0,0.5503820057365987,0.5717608473676707,0.5610714265521347,0.8074957695164269,-0.07124999999999998,-0.0687037037037036,0.3651182010996397,0.2940431936837299,0.19609651669141637,0.694828936240911,0.021378841631072065,0.0025462962962963798,0.03019429236843276,0.34338897314315653,0.10006818172051586,0.11568138487408462,0.0,0.9999999987499999,0.674923700566164,0.28993482764465817,0.2799979587601304,0.39489757549337107,fearful,06,10,10,female,strong,1123
90,3.003,True,1.0,0.5555555555555554,0.5623248740193297,0.5589402147874425,0.8078328593999476,-0.06981481481481483,-0.06685185185185183,0.39061522420626793,0.28192062457975925,0.1924626186247637,0.6919008162191115,0.006769318463774376,0.0029629629629630005,0.023591809505452303,0.3672112557021943,0.10336367860719115,0.11425720665308904,0.0,0.9999999987499999,0.6663690620388781,0.28477881755428025,0.27964180282837076,0.41194882460567456,fearful,06,10,10,female,strong,1123
100,3.336666666666667,True,1.0,0.6024426333915861,0.5782695434073355,0.5903560883994607,0.9200551033712125,-0.07152777777777769,-0.06814814814814812,0.36945326210576984,0.3516775024892007,0.18960908707859386,0.641652968649717,0.024173089984250606,0.003379629629629566,0.01383074670392443,0.3238485224836989,0.10127384945286756,0.11529027281867707,0.0,0.9999999987499999,0.6739705082032814,0.28750255662989155,0.2786716595617183,0.4014545122957828,fearful,06,10,10,female,strong,1123
110,3.6703333333333332,True,1.0,0.6164451583156583,0.5920960929609083,0.6042706256382833,0.9848709068324635,-0.07527777777777778,-0.0712037037037036,0.36184757783528865,0.4160251471689213,0.18611480051309184,0.6135531280761812,0.02434906535475001,0.004074074074074174,0.009479666545058328,0.3009713408137866,0.10225714586760129,0.11441903560666816,0.0,0.9999999987499999,0.6800430850777811,0.28349092664738323,0.281711820620674,0.4198397346748986,fearful,06,10,10,female,strong,1123
0,0.0,True,1.0,0.5258506853840554,0.5448028673835115,0.5353267763837835,0.6952362100611797,-0.06444444444444447,-0.06194444444444447,0.3439356217822068,0.31028211281376783,0.1766175504234996,0.7699926566492782,0.01895218199945603,0.0025000000000000022,0.02715062644080831,0.36114184163736546,0.1006532757497018,0.11333842445273874,0.0,0.9999999987499999,0.6850444693658713,0.28589451402206534,0.26035476273242597,0.4049742280579977,disgust,07,10,10,female,normal,1124
10,0.33366666666666667,True,1.0,0.5222536083463325,0.5582226096402025,0.5402381089932675,0.6452881620489695,-0.06388888888888888,-0.06041666666666656,0.3483874349697041,0.3224070543968172,0.177949356356956,0.8372044317035992,0.03596900129387004,0.003472222222222321,0.024739303024637505,0.41442912963559386,0.10143738282400859,0.11263719519957863,0.0,0.9999999987499999,0.6824989409357494,0.28679601074706285,0.2631889672809934,0.40206455180571854,disgust,07,10,10,female,normal,1124
20,0.6673333333333333,True,1.0,0.35880604882114364,0.32477440826850484,0.3417902285448242,0.5715159558273492,-0.068888888888889,-0.06472222222222218,0.37699479318476514,0.23114139430601488,0.17586805555555549,0.5980414458421115,0.0340316405526388,0.004166666666666818,0.021206420294268762,0.4870122074694315,0.11407218637569792,0.11170979013186905,0.0,0.9999999987499999,0.6286520850840337,0.2695118209906037,0.27662119678286745,0.3511899111244132,disgust,07,10,10,female,normal,1124
30,1.0010000000000001,True,1.0,0.33245012779699246,0.35254512289047824,0.34249762534373535,0.9156904530726758,-0.05504629629629637,-0.05129629629629634,0.4145555257363039,0.2597905615491628,0.16889642085184187,0.3740321024364248,0.02009499509348578,0.003750000000000031,0.02115414120382423,0.3278883571401315,0.11508694308111359,0.1103192120778537,0.0,0.9999999987499999,0.6257945439816552,0.2757152286242273,0.3028487306550046,0.3712935519353317,disgust,07,10,10,female,normal,1124
40,1.3346666666666667,True,1.0,0.398534183987862,0.41401831360025165,0.4062762487940568,0.8288001038727095,-0.0492129629629629,-0.044212962962962954,0.42037209749424526,0.2376380985433913,0.1661050163293491,0.49019811519769596,0.015484129612389652,0.004999999999999949,0.013277674185218776,0.35016847052872446,0.09998892863050805,0.11392495129724242,0.0,0.9999999987499999,0.685172201239871,0.286834050288232,0.2820247799394082,0.4166764548567454,disgust,07,10,10,female,normal,1124
50,1.6683333333333334,True,1.0,0.32946092035685237,0.3453245334818798,0.33739272691936606,0.9531582272926126,-0.05430555555555561,-0.05037037037037034,0.3872714276411603,0.2713770469602808,0.16960691018234497,0.3539734718313342,0.01586361312502743,0.003935185185185264,0.010757587661234658,0.3137225649286581,0.11426401936435457,0.11134258326101772,0.0,0.9999999987499999,0.6232989675245099,0.273445471125691,0.2936177267186779,0.36579786348988336,disgust,07,10,10,female,normal,1124
60,2.0020000000000002,True,1.0,0.48783314262828087,0.5167490639229598,0.5022911032756203,0.7064248027762859,-0.052453703703703725,-0.05046296296296299,0.3558505010741767,0.25227795024379956,0.17647364491622908,0.7110326552827567,0.02891592129467896,0.0019907407407407374,0.011893436301543036,0.38099394214286225,0.11766869879989028,0.10809126785664165,0.0,0.9999999987499999,0.6200272631943402,0.27124628588305527,0.2804365360803179,0.33622267651578697,disgust,07,10,10,female,normal,1124
70,2.3356666666666666,True,1.0,0.4496473891514414,0.4761254157490553,0.46288640245024837,0.9271339670930229,-0.05231481481481487,-0.04944444444444457,0.3291540304574244,0.3090310755288742,0.178533769246012,0.49926593014556786,0.02647802659761389,0.002870370370370301,0.01140864112810139,0.3191714066544984,0.1035610394841179,0.1125652473058728,0.0,0.9999999987499999,0.6665798099083383,0.28511000309779766,0.262851757301509,0.3861501251620119,disgust,07,10,10,female,normal,1124
80,2.6693333333333333,True,1.0,0.46257398750834366,0.4765524882019132,0.46956323785512843,0.8739311687233398,-0.049861111111111245,-0.04777777777777775,0.37074158290743475,0.26339861267133835,0.1779017598901021,0.5373000239150161,0.01397850069356954,0.0020833333333334925,0.013281713031221894,0.3512312787635552,0.10259133568834652,0.11361754085060616,0.0,0.9999999987499999,0.6675040172006301,0.28446899495532507,0.26960417262729797,0.3988577812737176,disgust,07,10,10,female,normal,1124
90,3.003,True,1.0,0.44440240216995547,0.4887082663743697,0.46655533427216256,0.82229626026738,-0.05166666666666675,-0.0477777777777777,0.36862819631544547,0.24380173166560343,0.1778743110935235,0.5673810727540658,0.044305864204414236,0.0038888888888890527,0.01583269877577312,0.38270305481040073,0.10449522479483506,0.11152787923998173,0.0,0.9999999987499999,0.6662933518016582,0.28522877051919543,0.2704349232449435,0.3966557617968947,disgust,07,10,10,female,normal,1124
100,3.336666666666667,True,1.0,0.4685365484326451,0.4824602154247447,0.47549838192869487,0.7822424707650804,-0.05277777777777787,-0.04791666666666661,0.3748088320110675,0.22633944163607897,0.17852394024248935,0.6078657190060631,0.013923666992099626,0.00486111111111126,0.013560977478283836,0.40783540650817873,0.10464501960112024,0.11223929553676583,0.0,0.9999999987499999,0.6650753811446455,0.28549704205938115,0.2705073259291135,0.3932751766463592,disgust,07,10,10,female,normal,1124
110,3.6703333333333332,True,1.0,0.5253662437763088,0.5232381965428602,0.5243022201595845,0.7682210992148972,-0.05250000000000005,-0.04699074074074083,0.3748088320110673,0.2400569835534172,0.17785028992138466,0.6824887010984315,0.0021280472334486156,0.005509259259259214,0.01663103034931194,0.39334586142393835,0.10367734575810265,0.11313375962346384,0.0,0.9999999987499999,0.6609379817083082,0.2871035573414817,0.2660580542579942,0.3906752950698633,disgust,07,10,10,female,normal,1124
0,0.0,True,1.0,0.5632992397997263,0.5939815027128253,0.5786403712562758,0.594566421516613,-0.06287037037037035,-0.05754629629629643,0.35289429884085827,0.24516170467338394,0.18549729783568353,0.973214009933973,0.030682262913099057,0.005324074074073926,0.017412022324433476,0.46656383720767197,0.10130009550368954,0.11360233609051507,0.0,0.9999999987499999,0.672613082045318,0.28470129604658617,0.2582527295235189,0.40214706378742693,disgust,07,10,10,female,normal,1125
10,0.33366666666666667,True,1.0,0.5756055942104639,0.5914286466028675,0.5835171204066657,0.6133554215457064,-0.06319444444444439,-0.05870370370370376,0.35426671653690484,0.2626546906801368,0.1847920093949727,0.951352347935809,0.01582305239240367,0.004490740740740629,0.017254257917714316,0.41756358618088696,0.10344580481153606,0.11233245911855885,0.0,0.9999999987499999,0.672599877685449,0.28431137340103074,0.2627188144914009,0.40469224761242606,disgust,07,10,10,female,normal,1125
20,0.6673333333333333,True,1.0,0.5625812976166278,0.6058428766148274,0.5842120871157276,0.6276675785609958,-0.0642592592592593,-0.0593055555555555,0.3558864223140559,0.2626546906801369,0.18272074584220155,0.930766710071444,0.0432615789981996,0.004953703703703793,0.02224574028426911,0.4080422474764271,0.1022412461746555,0.11342990560458853,0.0,0.9999999987499999,0.6725752318739996,0.2841641909219929,0.2589788228012656,0.40398157587001327,disgust,07,10,10,female,normal,1125
30,1.0010000000000001,True,1.0,0.6000544909827822,0.6166971096408655,0.6083758003118238,0.9413895555972573,-0.0768981481481481,-0.07097222222222221,0.3851567201831913,0.3829710395584383,0.1938165365842545,0.6462529743341421,0.016642618658083363,0.00592592592592589,0.020184710205974652,0.3160546827824349,0.09913158506301527,0.11433897552588689,0.0,0.9999999987499999,0.6762909043695604,0.2920617306191875,0.28287323461275254,0.41806319133119185,disgust,07,10,10,female,normal,1125
40,1.3346666666666667,True,1.0,0.5748719672006728,0.5920960929609083,0.5834840300807905,0.7952492425615336,-0.06837962962962973,-0.06212962962962959,0.38904960070006434,0.2649783005824332,0.19241821567656017,0.7337121481579312,0.017224125760235465,0.006250000000000144,0.014924139646223696,0.36888210035417784,0.10304041339785583,0.11304201434374954,0.0,0.9999999987499999,0.6649075471438575,0.2873199210728678,0.280939565423867,0.4183083987305196,disgust,07,10,10,female,normal,1125
50,1.6683333333333334,True,1.0,0.44380419833252194,0.4947823907153665,0.4692932945239442,0.7130922421168265,-0.06277777777777782,-0.058101851851851904,0.40825274929223804,0.19096831901439823,0.18965133174141804,0.6581102230629224,0.05097819238284457,0.004675925925925917,0.016358122402246166,0.42779282217864867,0.10220197577566893,0.11430175759763532,0.0,0.9999999987499999,0.6650054421768709,0.2869381063240069,0.27742596030429556,0.40734851649428966,disgust,07,10,10,female,normal,1125
60,2.0020000000000002,True,1.0,0.4284257527776833,0.4600177673383312,0.4442217600580073,0.8539875712432513,-0.060092592592592475,-0.05546296296296299,0.39826625528027915,0.2458091998397319,0.18477219086616276,0.5201735657713388,0.03159201456064792,0.004629629629629484,0.017701609908130682,0.35918274745439277,0.10207623733939526,0.11391341260135597,0.0,0.9999999987499999,0.6623140861969788,0.2882630744664857,0.2807365983944615,0.41229739971811225,disgust,07,10,10,female,normal,1125
70,2.3356666666666666,True,1.0,0.41471155685248445,0.41645411283807443,0.41558283484527947,0.7692149765224039,-0.05134259259259255,-0.04722222222222233,0.42041523140093434,0.17082774989873653,0.18197840664028836,0.5402687772982737,0.0017425559855899775,0.004120370370370219,0.011893436301543103,0.39548048302763017,0.10309671201318377,0.11332740033697462,0.0,0.9999999987499999,0.6622005882118472,0.2918086406801354,0.2903036900693573,0.4120441589954582,disgust,07,10,10,female,normal,1125
80,2.6693333333333333,True,1.0,0.20844073842748623,0.1947871037764453,0.20161392110196574,0.7436564430941178,-0.06046296296296294,-0.05773148148148144,0.3997837477443174,0.16305079875879597,0.18682025786964934,0.2711116443274725,0.013653634651040941,0.0027314814814815014,0.01826519497647063,0.41476404033037273,0.1020172533118616,0.11479905733042262,0.0,0.9999999987499999,0.6596766064863445,0.29206449518232647,0.2819495323865938,0.40326603380704995,disgust,07,10,10,female,normal,1125
90,3.003,True,1.0,0.4708757610918989,0.5034330149654519,0.4871543880286754,0.7628661713963376,-0.05314814814814811,-0.049675925925925846,0.3509991005124419,0.16133778306834531,0.18754068568996568,0.6385843366694266,0.032557253873553016,0.0034722222222222654,0.022695010112642328,0.40199007368004464,0.1032457073525118,0.11369550321267184,0.0,0.9999999987499999,0.6582229620989021,0.29228677810352993,0.27176203464146614,0.3855748654662117,disgust,07,10,10,female,normal,1125
100,3.336666666666667,True,1.0,0.5447696474294142,0.5631513425841095,0.5539604950067618,0.789590213977525,-0.05203703703703699,-0.048564814814814894,0.38501264740347035,0.1701623024847412,0.1910297419690029,0.7015797374390076,0.018381695154695232,0.003472222222222099,0.02229106962410847,0.3817351176633795,0.10430932668672693,0.1125513392031186,0.0,0.9999999987499999,0.6561730089145031,0.28556943114468025,0.27544735042946555,0.3980334914199764,disgust,07,10,10,female,normal,1125
110,3.6703333333333332,True,1.0,0.5701003658294596,0.5877485280757996,0.5789244469526296,0.7750148087468954,-0.05467592592592607,-0.0503703703703704,0.3841098034178223,0.1767233460842722,0.19172397807097877,0.746985012955662,0.017648162246340027,0.0043055555555556735,0.03304557152113397,0.3962160639321587,0.10408340700028751,0.11376953749847328,0.0,0.9999999987499999,0.6557763109071754,0.2861444549063823,0.27303686095090696,0.39490602795854424,disgust,07,10,10,female,normal,1125
120,4.0040000000000004,True,1.0,0.5904105398250971,0.6147884595849357,0.6025994997050164,0.7648696872584106,-0.05509259259259258,-0.04962962962962958,0.38115279058791357,0.19113066305731685,0.19105050873278584,0.7878459687230729,0.024377919759838607,0.005462962962963003,0.03856758091353625,0.393187227168191,0.10429528526185206,0.11340746359974604,0.0,0.9999999987499999,0.655231109076443,0.2851364270171195,0.2727447734327931,0.39567257880057777,disgust,07,10,10,female,normal,1125
0,0.0,True,1.0,0.5793898396742007,0.6143218266444667,0.5968558331593337,0.6337064945054985,-0.06254629629629638,-0.05851851851851847,0.3313543325694002,0.23936930441876964,0.1863094152695318,0.9418490079150591,0.034931986970266005,0.004027777777777908,0.023217762846984298,0.41768520223523087,0.10298950863780537,0.1135926791342626,0.0,0.9999999987499999,0.668688223218975,0.28413606237891154,0.26260096950110734,0.39618996298993164,disgust,07,10,10,female,normal,1126
10,0.33366666666666667,True,1.0,0.5513323360474877,0.6013784312034127,0.5763553836254502,0.5657903688455652,-0.06041666666666673,-0.05435185185185193,0.3468189161773107,0.2601058023015817,0.1836364552134917,1.0186730198349643,0.05004609515592506,0.006064814814814801,0.027107313334808824,0.51328060210125,0.10228186734345149,0.11456335866978579,0.0,0.9999999987499999,0.6710770283816652,0.28258893606547064,0.25965014289018207,0.3943762031553929,disgust,07,10,10,female,normal,1126
20,0.6673333333333333,True,1.0,0.505772813638852,0.5344210616179385,0.5200969376283953,0.820654549216651,-0.05481481481481487,-0.05018518518518533,0.3644325362452124,0.28956910409426817,0.17937264837066702,0.6337586724217266,0.028648247979086494,0.004629629629629539,0.029608322574842524,0.3742987116166443,0.10385629924291327,0.11263170425075643,0.0,0.9999999987499999,0.6672680892278787,0.28639189392419606,0.2706245204900606,0.3997645307963505,disgust,07,10,10,female,normal,1126
30,1.0010000000000001,True,1.0,0.3102252848155916,0.3692897279657982,0.3397575063906949,1.0038082444720735,-0.043935185185185244,-0.04120370370370374,0.3606518111104503,0.33914520981761026,0.16825564184553238,0.33846853546155264,0.05906444315020659,0.0027314814814815014,0.035068519084235236,0.3258794828741705,0.11457899853122719,0.11204335656107814,0.0,0.9999999987499999,0.6210618031040542,0.2699974583113291,0.30067075735329296,0.36675135290009864,disgust,07,10,10,female,normal,1126
40,1.3346666666666667,True,1.0,0.30212892635893873,0.3599680179375449,0.33104847214824185,0.9323139775477198,-0.04199074074074066,-0.03740740740740739,0.38007968773929884,0.27695502463466376,0.16825564184553238,0.3550826010557129,0.05783909157860617,0.004583333333333273,0.023804414765626104,0.3450949237855578,0.1004480009943454,0.11551678165283671,0.0,0.9999999987499999,0.6659039042257527,0.28718153394860935,0.27685252963824303,0.4085910911712936,disgust,07,10,10,female,normal,1126
50,1.6683333333333334,True,1.0,0.3224980118458921,0.34508155125974266,0.33378978155281736,0.8248956662942619,-0.04222222222222222,-0.039305555555555594,0.4069721184319752,0.21566927502974223,0.17109038080142838,0.4046448480597858,0.02258353941385055,0.002916666666666623,0.01564486383197453,0.37484041428028586,0.10358300244228201,0.11254503723031502,0.0,0.9999999987499999,0.6673098224680498,0.28702233167120766,0.2833234078285236,0.4038448021660704,disgust,07,10,10,female,normal,1126
60,2.0020000000000002,True,1.0,0.3918729312377936,0.4179785922872054,0.4049257617624995,0.8879213750258409,-0.04518518518518533,-0.04125000000000001,0.3871014344100137,0.19872534551660143,0.17654496410821915,0.45603785780099626,0.02610566104941181,0.003935185185185319,0.022017617240859922,0.33604583620063405,0.10186627145324673,0.11509869775596045,0.0,0.9999999987499999,0.6639020229810675,0.2867267842250186,0.2740801195319792,0.3911292249131258,disgust,07,10,10,female,normal,1126
70,2.3356666666666666,True,1.0,0.36714745932453957,0.4032792410186969,0.38521335017161823,0.7908403653860135,-0.04555555555555557,-0.03953703703703704,0.3834629313826475,0.19081175713979842,0.17926245206354585,0.48709368797025615,0.03613178169415732,0.006018518518518534,0.03568678680568255,0.41827207919153636,0.10057415356007329,0.11573666349837707,0.0,0.9999999987499999,0.6605648101584385,0.28354744580372393,0.27174197607901224,0.3993564684686154,disgust,07,10,10,female,normal,1126
80,2.6693333333333333,True,1.0,0.5172817486470586,0.5780951352492988,0.5476884419481787,0.9293503568184526,-0.05328703703703708,-0.048518518518518516,0.32029743007425904,0.2282170453073906,0.19516390952681315,0.5893239701581875,0.06081338660224023,0.004768518518518561,0.04684096468148274,0.30586148534147006,0.11719163297506915,0.10825690799938244,0.0,0.9999999987499999,0.6096802825895984,0.2616276968162302,0.28327010425496363,0.34762626774869243,disgust,07,10,10,female,normal,1126
90,3.003,True,1.0,0.5735493854170167,0.6252346665200589,0.5993920259685378,0.9444599392296811,-0.04861111111111116,-0.045648148148148215,0.36029091262540935,0.21774855170050947,0.19033550738708566,0.6346399683796149,0.05168528110304216,0.002962962962962945,0.06215232624414876,0.3299737647614509,0.10571319259806332,0.11191682756152187,0.0,0.9999999987499999,0.6477822940816951,0.28727989263416986,0.2697244769794529,0.38163736843881724,disgust,07,10,10,female,normal,1126
100,3.336666666666667,True,1.0,0.5999039860843951,0.6495025802441339,0.6247032831642645,0.8767572065414921,-0.052314814814814814,-0.04847222222222214,0.3655044546286352,0.2297250565424599,0.19031786964211186,0.7125157095982201,0.049598594159738774,0.003842592592592675,0.05249905472393389,0.3423965077133111,0.10636039676488931,0.11095906220676063,0.0,0.9999999987499999,0.6470131918392357,0.28969024017244777,0.27247411220274287,0.3774513210998082,disgust,07,10,10,female,normal,1126
110,3.6703333333333332,True,1.0,0.6148072397573486,0.6786188164462598,0.6467130281018042,0.8625802563206272,-0.05291666666666672,-0.048842592592592604,0.37056082970803333,0.22609680654507386,0.18892160269492653,0.7497424423558987,0.06381157668891113,0.004074074074074119,0.0461749138543856,0.36087720656751227,0.10748536112056685,0.10969612884326943,0.0,0.9999999987499999,0.6517041919502176,0.2896437502848875,0.27601894732787896,0.38325120527863604,disgust,07,10,10,female,normal,1126
0,0.0,True,1.0,0.5529139899119464,0.6243168872177064,0.5886154385648263,0.5681123469213057,-0.06425925925925935,-0.05638888888888893,0.37404308710411127,0.1866228093443031,0.19538309391661998,1.0360898539780559,0.07140289730576,0.007870370370370416,0.05396157107586756,0.4942652804957518,0.10396692729212206,0.11303637276021802,0.0,0.9999999987499999,0.6671644434258079,0.28608275780227055,0.27299159260792855,0.3910076102951727,disgust,07,10,10,female,normal,1127
10,0.33366666666666667,True,1.0,0.6359031080969377,0.7128156437808318,0.6743593759388848,0.5856437893003021,-0.08648148148148138,-0.07421296296296304,0.36301824611107114,0.19218390121237092,0.2162108928469318,1.1514838682820758,0.07691253568389411,0.012268518518518345,0.04369990052694538,0.4883419267057746,0.10327915446396789,0.11349738253968948,0.0,0.9999999987499999,0.6617566397574655,0.2884848183047008,0.2799454009571159,0.40210743542323424,disgust,07,10,10,female,normal,1127
20,0.6673333333333333,True,1.0,0.6464493663613022,0.6949398344739748,0.6706946004176385,0.6523980967587288,-0.08967592592592588,-0.07888888888888879,0.37814960778377416,0.21693045781865544,0.22530496910091105,1.0280449985213187,0.04849046811267255,0.010787037037037095,0.04931929443503884,0.4404417472867182,0.10079321733031434,0.11571070361010086,0.0,0.9999999987499999,0.6661476669964861,0.28813755821127696,0.29383603563710925,0.416341032798929,disgust,07,10,10,female,normal,1127
30,1.0010000000000001,True,1.0,0.4459786710911571,0.5103005421413535,0.47813960661625526,0.9196971075023075,-0.0641666666666667,-0.06337962962962962,0.39030956715620696,0.2691227300137755,0.1996054442683331,0.5198881269886517,0.06432187105019638,0.000787037037037086,0.04255564765712904,0.33993593499205077,0.10316143668502656,0.11543440125734242,0.0,0.9999999987499999,0.6667856208889806,0.28852522358825805,0.29569815878660505,0.4142473577733349,disgust,07,10,10,female,normal,1127
40,1.3346666666666667,True,1.0,0.34991150549399014,0.3759657540872203,0.3629386297906052,0.9631208698573357,-0.045648148148148215,-0.042916666666666714,0.3857859681755804,0.24734781101176595,0.1787609675488494,0.37683601420075785,0.02605424859323019,0.0027314814814815014,0.039657144811005386,0.3305985374346501,0.1149894956694898,0.11281047900082639,0.0,0.9999999987499999,0.6092422731592637,0.2663226233819979,0.2899541081326014,0.3650441525850507,disgust,07,10,10,female,normal,1127
50,1.6683333333333334,True,1.0,0.25567113480673914,0.29842671885206074,0.27704892682939997,0.8088180883960928,-0.04379629629629622,-0.039583333333333304,0.406862614974845,0.18950087770035162,0.18143553609964513,0.3425355228872232,0.04275558404532159,0.004212962962962918,0.02983294304912397,0.39813752933367946,0.10247010570201427,0.11372688857353012,0.0,0.9999999987499999,0.6603883973589436,0.288084957185247,0.2807346175730773,0.3960315034473459,disgust,07,10,10,female,normal,1127
60,2.0020000000000002,True,1.0,0.26595901734280597,0.2888490557683531,0.27740403655557955,0.7862183312206865,-0.04421296296296284,-0.0414351851851853,0.4272639878421056,0.14885633885281174,0.17943261096045243,0.35283333590668214,0.022890038425547155,0.002777777777777546,0.024379539728637822,0.3860807607653152,0.11820563956458818,0.1099569320462375,0.0,0.9999999987499999,0.6049795424497925,0.26264317659787195,0.3086687224451658,0.3601046213891205,disgust,07,10,10,female,normal,1127
70,2.3356666666666666,True,1.0,0.28921867598289597,0.3100883376165554,0.2996535067997257,0.6273746427169001,-0.04615740740740737,-0.04162037037037036,0.3790464602267561,0.16355293469125595,0.18275957330591067,0.4776308865497819,0.020869661633659442,0.004537037037037006,0.033809716836727434,0.49072890601341596,0.11551939307888201,0.11141605975720335,0.0,0.9999999987499999,0.6070313946906889,0.2603475470640655,0.28989868728311835,0.349575107679679,disgust,07,10,10,female,normal,1127
80,2.6693333333333333,True,1.0,0.286573001834958,0.3061460270801607,0.29635951445755937,0.8363155460925451,-0.044212962962962954,-0.041388888888888864,0.40223181719807816,0.23521374733852846,0.17854445233177615,0.3543632733388945,0.019573025245202713,0.00282407407407409,0.023302385513869345,0.37825254700906896,0.10957116383327378,0.11246072259299625,0.0,0.9999999987499999,0.6253194594165791,0.2729625994272187,0.28837520240683895,0.36597540619902696,disgust,07,10,10,female,normal,1127
90,3.003,True,1.0,0.2912549251756383,0.27320776566110877,0.2822313454183735,0.7664394903349399,-0.044351851851851865,-0.04328703703703707,0.35850826794969104,0.16314358427903064,0.18620332423026978,0.36823695670357004,0.01804715951452951,0.0010648148148147962,0.013034896662359316,0.40773576321924754,0.1175112120697584,0.1094873852772476,0.0,0.9999999987499999,0.6037352610106543,0.2617289501305782,0.29756873189310495,0.3557310730815686,disgust,07,10,10,female,normal,1127
100,3.336666666666667,True,1.0,0.2846379399615766,0.317439735605777,0.3010388377836768,0.8915382915659485,-0.04351851851851851,-0.04069444444444448,0.39653234028243417,0.15496776884521138,0.18285973512150927,0.3376622637878123,0.03280179564420038,0.0028240740740740344,0.013093526005811694,0.36315695598147973,0.10407450622485122,0.11411208667051763,0.0,0.9999999987499999,0.6604388726975164,0.2841778836437604,0.2833532475389906,0.39969174147674896,disgust,07,10,10,female,normal,1127
110,3.6703333333333332,True,1.0,0.36763984173140996,0.4233157692593024,0.39547780549535616,0.850260230820031,-0.04541666666666666,-0.043935185185185244,0.40231632044345567,0.15223713531511246,0.1841773797792301,0.4651256064439692,0.055675927527892466,0.001481481481481417,0.016029538556900088,0.35533081294066643,0.11841864484121108,0.109553734469332,0.0,0.9999999987499999,0.6005431254923844,0.2613545628270626,0.29913333034321654,0.36227080703821596,disgust,07,10,10,female,normal,1127
120,4.0040000000000004,True,1.0,0.39033583511428577,0.418972856726744,0.40465434592051486,0.8481307921091544,-0.04712962962962952,-0.04527777777777764,0.3994120969411424,0.18627088926735916,0.1828059049670385,0.4771131406680915,0.028637021612458236,0.0018518518518518823,0.017136234869990326,0.3607111221053735,0.1183925116557841,0.11044785694213029,0.0,0.9999999987499999,0.6071986811365172,0.26390120717203375,0.29431426510968123,0.36685890940108123,disgust,07,10,10,female,normal,1127
0,0.0,True,1.0,0.5227122921068799,0.5227173695421545,0.5227148308245172,0.7237423685738573,-0.06287037037037041,-0.060416666666666674,0.35909722869759353,0.28947862943959823,0.17925010926358437,0.722238815249317,5.077435274669639e-06,0.0024537037037037357,0.002841992794136232,0.36494265852094654,0.09950488246966749,0.11451446497655848,0.0,0.9999999987499999,0.6815951512245524,0.2850203581960117,0.26214691014307495,0.39160081668238755,disgust,07,10,10,female,strong,1128
10,0.33366666666666667,True,1.0,0.48661920806511866,0.5324117667669044,0.5095154874160115,0.6311113362986069,-0.05856481481481485,-0.055694444444444546,0.37051539215156154,0.280406313958151,0.17651384654991625,0.8073305898833307,0.045792558701785724,0.002870370370370301,0.002779435878513588,0.4795057255720831,0.10237453801144933,0.11246577316709519,0.0,0.9999999987499999,0.6818750750378276,0.28579387670400125,0.26822457916501674,0.389527766599031,disgust,07,10,10,female,strong,1128
20,0.6673333333333333,True,1.0,0.4630474712020872,0.49374198438902644,0.4783947277955568,0.6557971977819458,-0.06768518518518529,-0.06726851851851856,0.370441402089584,0.23713531929449827,0.18961592732921567,0.7294857761112671,0.03069451318693922,0.0004166666666667318,0.005021534910384408,0.43282338306656576,0.09987211072474704,0.11452752384841026,0.0,0.9999999987499999,0.6797889143548046,0.286837137554453,0.2744950092265486,0.40530700855573437,disgust,07,10,10,female,strong,1128
30,1.0010000000000001,True,1.0,0.4314418078382594,0.43744301838298555,0.4344424131106225,0.7828317386165528,-0.06453703703703711,-0.06069444444444433,0.42374055470430305,0.3056874050498908,0.18482792506197773,0.5549626971926102,0.006001210544726132,0.003842592592592786,0.005410604483136833,0.39660261877226166,0.09902159918248354,0.11641495929184055,0.0,0.9999999987499999,0.6807135821906888,0.2877181771877053,0.2918031585002514,0.42131722454877524,disgust,07,10,10,female,strong,1128
40,1.3346666666666667,True,1.0,0.2926987762794032,0.310712442652973,0.3017056094661881,0.7782973730700297,-0.04972222222222217,-0.0474074074074074,0.42798587825882084,0.2334105656374439,0.1757678160590203,0.38764824333929904,0.01801366637356977,0.0023148148148147696,0.017805728455786256,0.3905051818101665,0.10258854136646936,0.11412199950070238,0.0,0.9999999987499999,0.6654370434580081,0.2871106449418774,0.28744214689484243,0.40966201252637074,disgust,07,10,10,female,strong,1128
50,1.6683333333333334,True,1.0,0.29646835491329543,0.2984267188520631,0.2974475368826793,0.7899043935598332,-0.04537037037037028,-0.043472222222222134,0.40020836751529143,0.21366266383175836,0.17317062174662043,0.376561441242507,0.001958363938767693,0.0018981481481481488,0.006867163589098427,0.378429016983265,0.10878558051026917,0.1137245065297502,0.0,0.9999999987499999,0.6319387902270283,0.26745306528797996,0.2968766003915858,0.38352018467581467,disgust,07,10,10,female,strong,1128
60,2.0020000000000002,True,1.0,0.2695771967833692,0.25996588020693845,0.26477153849515384,1.1326071831455844,-0.05282407407407408,-0.05143518518518514,0.3947155114012791,0.34238683127572,0.1729607828386932,0.23377172812890445,0.009611316576430773,0.0013888888888889395,0.00924283859476648,0.2812259389295933,0.10844165617790631,0.11471873825819989,0.0,0.9999999987499999,0.6323095677880528,0.2719207519885886,0.2943354664634183,0.38327668993086295,disgust,07,10,10,female,strong,1128
70,2.3356666666666666,True,1.0,0.3113166739603012,0.29528040370801667,0.3032985388341589,0.9064168699490639,-0.04930555555555555,-0.047685185185185275,0.40772260576654096,0.21108338067306998,0.17933691644693353,0.33461263673435687,0.016036270252284546,0.001620370370370272,0.00030901758676208437,0.33931772304169605,0.10426862953249014,0.11309555397359276,0.0,0.9999999987499999,0.6605459834246199,0.2846053950791931,0.2871891908535647,0.41278850709595905,disgust,07,10,10,female,strong,1128
80,2.6693333333333333,True,1.0,0.35940580250845017,0.33961462224639444,0.3495102123774223,0.6534681070144781,-0.04828703703703702,-0.0470370370370371,0.37273722581122576,0.18377528668352053,0.18227289916618855,0.5348542777003172,0.01979118026205573,0.0012499999999999178,0.0010685426040906124,0.4588951461635257,0.10426129176005788,0.11343871635565561,0.0,0.9999999987499999,0.6611562978472638,0.28158216844459605,0.2740699554302007,0.3883281452937457,disgust,07,10,10,female,strong,1128
90,3.003,True,1.0,0.363908632749338,0.36203900052729554,0.36297381663831674,0.7270221055183225,-0.04717592592592584,-0.04486111111111113,0.40204522517823943,0.21555400024184135,0.18504574647628638,0.49926104568655244,0.00186963222204245,0.002314814814814714,0.006851111877289095,0.4318514953516292,0.10527125720909826,0.11334567248745034,0.0,0.9999999987499999,0.6527413109071754,0.2876903530837783,0.28798169060785683,0.396828741845596,disgust,07,10,10,female,strong,1128
100,3.336666666666667,True,1.0,0.38556284808013896,0.3866359117324955,0.38609937990631726,0.900630732750717,-0.04990740740740729,-0.0467129629629629,0.36753777234512097,0.2726709415746061,0.1921262676280201,0.428698872763411,0.0010730636523565429,0.0031944444444443887,0.01190193056986029,0.3406012937176583,0.10628796461701727,0.11290021915971252,0.0,0.9999999987499999,0.6440881654536815,0.28448664135427604,0.27716655543818264,0.37372032372155384,disgust,07,10,10,female,strong,1128
110,3.6703333333333332,True,1.0,0.3520665945479672,0.3947522988159105,0.3734094466819389,0.854175666964838,-0.04726851851851843,-0.04472222222222222,0.39619556947933815,0.1523543890660225,0.19095060345594608,0.4371576727405303,0.042685704267943325,0.0025462962962962132,0.02550121386908401,0.3592976951734968,0.1088254998552746,0.11301398454784163,0.0,0.9999999987499999,0.6405006900494572,0.28502061610385543,0.29357787068515145,0.39642872899275433,disgust,07,10,10,female,strong,1128
120,4.0040000000000004,True,1.0,0.42209910283278124,0.45817029074709087,0.44013469678993605,0.7999425000035779,-0.05009259259259258,-0.04648148148148157,0.40001505528111586,0.19017957541357786,0.19112432784083747,0.5502079171790065,0.03607118791430963,0.0036111111111110095,0.0192894001840871,0.38223592047883076,0.10622348052992232,0.11677565622112142,0.0,0.9999999987499999,0.6308533131143083,0.2863756503248063,0.2778416609952563,0.382263890425799,disgust,07,10,10,female,strong,1128
130,4.337666666666666,True,1.0,0.4516670570035485,0.46587919805886624,0.45877312753120736,0.8523022917512116,-0.052361111111111025,-0.04874999999999996,0.39031776751397873,0.22211584866210363,0.18916530454907346,0.5382751307503512,0.014212141055317762,0.003611111111111065,0.03697048607968477,0.36693783118893963,0.10871897125391769,0.1164363103248513,0.0,0.9999999987499999,0.6355712508050095,0.2852551761283357,0.2786575564039883,0.38380643283027394,disgust,07,10,10,female,strong,1128
0,0.0,True,1.0,0.6145958564723379,0.6064940743851129,0.6105449654287254,0.9785061370639127,-0.06018518518518512,-0.05949074074074068,0.3204732007117082,0.36692367717759405,0.18409782819833262,0.6239561943481676,0.008101782087225007,0.000694444444444442,0.0024236611213598836,0.27237340736015947,0.10296679732294568,0.1127716921644852,0.0,0.9999999987499999,0.6708672798103616,0.2860637262135155,0.2558675167566831,0.389419290969852,disgust,07,10,10,female,strong,1129
10,0.33366666666666667,True,1.0,0.5731438252857665,0.5989309314012509,0.5860373783435087,0.9448875757331834,-0.0593055555555555,-0.0589351851851852,0.3186644975306831,0.3828243766752845,0.18416205219965828,0.6202191598177955,0.025787106115484404,0.00037037037037029874,0.007983525179278965,0.2914449780102566,0.1027492309057786,0.112293346476625,0.0,0.9999999987499999,0.6694276288874926,0.28716913463240923,0.2572135146183463,0.39020683613724355,disgust,07,10,10,female,strong,1129
20,0.6673333333333333,True,1.0,0.5330234721222374,0.5693866179983984,0.5512050450603179,1.0025817053238801,-0.05624999999999991,-0.0558333333333334,0.33196832996097564,0.39157298715226735,0.18075995458352442,0.5497856604936285,0.03636314587616096,0.00041666666666650976,0.012808577977183315,0.30243553264495115,0.10139627359314923,0.11468532359608252,0.0,0.9999999987499999,0.6663817666050795,0.2900821779873186,0.25588469566537875,0.3892617602874014,disgust,07,10,10,female,strong,1129
30,1.0010000000000001,True,1.0,0.4053137165038236,0.3964300118085494,0.4008718641561865,1.0191620309739025,-0.04828703703703702,-0.04759259259259263,0.3855324520801282,0.34191822329520216,0.16962445256901024,0.39333477108945747,0.008883704695274164,0.0006944444444443865,0.010912462759196027,0.3193077357671737,0.11468171988140821,0.11244765725038659,0.0,0.9999999987499999,0.6277881758484644,0.27309461393290896,0.29750045900247296,0.3636891336584024,disgust,07,10,10,female,strong,1129
40,1.3346666666666667,True,1.0,0.30190302527473206,0.3819188504490541,0.3419109378618931,0.9268533461258677,-0.04638888888888887,-0.04537037037037028,0.4164934850106304,0.29034056529621655,0.17037593875452697,0.3688943232400665,0.08001582517432204,0.0010185185185185852,0.016855350199747116,0.3416015505119493,0.102912248753642,0.11366267944647167,0.0,0.9999999987499999,0.6656244006977791,0.28707092280363855,0.27992215328294345,0.40922445148546926,disgust,07,10,10,female,strong,1129
50,1.6683333333333334,True,1.0,0.30275658156460045,0.29425344602344744,0.29850501379402394,0.90439663531813,-0.04587962962962955,-0.043749999999999956,0.4068743310081116,0.29514898618611923,0.17319220837772042,0.33005984557762313,0.008503135541153006,0.0021296296296295925,0.010801865602132466,0.35261514505772557,0.10194460363301107,0.11453136440559705,0.0,0.9999999987499999,0.666830257423282,0.28342583942909727,0.2816584652315078,0.41332434361104264,disgust,07,10,10,female,strong,1129
60,2.0020000000000002,True,1.0,0.3209475806523356,0.3153365994894962,0.3181420900709159,1.1021659602258718,-0.0553703703703704,-0.052592592592592524,0.385898248521563,0.38251642149015613,0.17439132410786204,0.2886517108600574,0.005610981162839368,0.002777777777777879,0.004901639299123107,0.27819005352879356,0.10115051926932624,0.11473620287947836,0.0,0.9999999987499999,0.6856120267325679,0.283144254636793,0.2845003553045704,0.4166587648121136,disgust,07,10,10,female,strong,1129
70,2.3356666666666666,True,1.0,0.34932103920755814,0.34443828139258786,0.346879660300073,0.9920069916372908,-0.04865740740740737,-0.04875000000000007,0.41229545848555926,0.2694080144123485,0.17519215524607729,0.3496746124012231,0.004882757814970273,9.259259259269959e-05,0.002753797341723807,0.3057753707055932,0.10209540046322366,0.11472956350347675,0.0,0.9999999987499999,0.68415417931235,0.28565005025574697,0.2909532272588922,0.4117502488280419,disgust,07,10,10,female,strong,1129
80,2.6693333333333333,True,1.0,0.3748534189777465,0.3981009121807361,0.3864771655792413,0.960099975361512,-0.052685185185185224,-0.05069444444444443,0.37950741261123355,0.3156118306584375,0.17648618189208873,0.40253846005330723,0.023247493202989633,0.001990740740740793,0.0059931630307521145,0.30848681163331365,0.10144637701741709,0.11430814687617194,0.0,0.9999999987499999,0.6796730319393381,0.2862253751433417,0.279659367604427,0.3940215507246607,disgust,07,10,10,female,strong,1129
90,3.003,True,1.0,0.3754708109633371,0.366743009085611,0.37110691002447405,0.7433612425617083,-0.050277777777777755,-0.04703703703703693,0.40060435887402057,0.25828653343245794,0.17783956513626245,0.4992282201121987,0.008727801877726094,0.0032407407407408217,0.006063056863482369,0.41030784760305705,0.10422907747088718,0.11279469378951468,0.0,0.9999999987499999,0.6676853376741322,0.28158947821406133,0.27846932267487956,0.3961362846626524,disgust,07,10,10,female,strong,1129
100,3.336666666666667,True,1.0,0.3712120744914722,0.38112585538678145,0.3761689649391268,0.8037154801087305,-0.04777777777777786,-0.04620370370370369,0.37934301505171186,0.2568817574368672,0.1813211235722843,0.46803747625743986,0.009913780895309254,0.001574074074074172,0.012526138092233,0.37205343574722827,0.1048740762814007,0.11253434834212467,0.0,0.9999999987499999,0.6646420175648384,0.28104314323008767,0.27967100895253855,0.3970887800238696,disgust,07,10,10,female,strong,1129
110,3.6703333333333332,True,1.0,0.35686357297421,0.378576262864513,0.36771991791936154,0.7176995464154062,-0.04759259259259252,-0.045138888888889006,0.4193656375290109,0.17935396473190227,0.1778618719629574,0.5123591337851068,0.021712689890303005,0.0024537037037035136,0.00920935829697948,0.4136810281251555,0.1047104316841007,0.11352883628073883,0.0,0.9999999987499999,0.6638967248930822,0.28267703600591787,0.28025893089761134,0.3999815199177577,disgust,07,10,10,female,strong,1129
120,4.0040000000000004,True,1.0,0.33994750181266115,0.35880604882114336,0.34937677531690225,0.722536730639563,-0.04777777777777781,-0.04546296296296298,0.4182424808501234,0.19260030163782985,0.17926245206354585,0.4835418886008006,0.018858547008482218,0.002314814814814825,0.001814942842134756,0.415355009786943,0.1069402576019302,0.11228255524601871,0.0,0.9999999987499999,0.6622978707889406,0.2829453496810997,0.2833290950489833,0.3982235767568955,disgust,07,10,10,female,strong,1129
130,4.337666666666666,True,1.0,0.4048307699387387,0.39068212012930675,0.39775644503402274,0.7972939251045409,-0.04939814814814819,-0.046111111111111214,0.40184172290694986,0.21177301953301886,0.17652897382588295,0.4988830749988081,0.014148649809431924,0.0032870370370369772,0.01638104947447893,0.3616900684084848,0.10583189792691947,0.11180458292044462,0.0,0.9999999987499999,0.6628509954450531,0.2824037085319276,0.28139232810847137,0.4053139376329863,disgust,07,10,10,female,strong,1129
0,0.0,True,1.0,0.6638545449369848,0.7342810296985041,0.6990677873177444,0.5278930865902858,-0.06083333333333335,-0.057962962962962994,0.3794224299889666,0.18256140406256977,0.19523895220162935,1.3242601675901708,0.07042648476151925,0.0028703703703703565,0.019543048742065857,0.5244071737104361,0.10422302299145537,0.11178229435361217,0.0,0.9999999987499999,0.6664238063975592,0.28303030263434803,0.2679662905537284,0.390601221805509,disgust,07,10,10,female,strong,1130
10,0.33366666666666667,True,1.0,0.6090019139047005,0.665141384744044,0.6370716493243722,0.536251569174447,-0.05898148148148158,-0.055509259259259314,0.38197015832112363,0.20091562459996673,0.193229756483389,1.1880089233214488,0.056139470839343564,0.0034722222222222654,0.019287705471606582,0.5391329340540953,0.10493324701359666,0.11247917631265687,0.0,0.9999999987499999,0.6619151644016982,0.2850944584777103,0.26859790874642697,0.38641268625441183,disgust,07,10,10,female,strong,1130
20,0.6673333333333333,True,1.0,0.42439314432424086,0.47981337040771976,0.45210325736598034,0.5756770912111129,-0.047314814814814865,-0.04546296296296304,0.40662414874356245,0.19165294709516478,0.1786790044856999,0.7853417554185504,0.05542022608347891,0.0018518518518518268,0.015447122023642838,0.5409428311550113,0.10378853589436232,0.11387141495808527,0.0,0.9999999987499999,0.66446239410608,0.2872857603944165,0.26807606399860656,0.3822703820716624,disgust,07,10,10,female,strong,1130
30,1.0010000000000001,True,1.0,0.31164181587000217,0.3245048281820671,0.31807332202603467,0.8983143147971311,-0.045787037037037126,-0.04138888888888881,0.4151399140182571,0.2521466086509203,0.1744984755156803,0.354077984494621,0.012863012312064936,0.0043981481481483176,0.014492426633768318,0.36301996693980515,0.10378092681480673,0.11387834981803961,0.0,0.9999999987499999,0.6643442284726391,0.2902176722866072,0.2866629934947263,0.40310042280857444,disgust,07,10,10,female,strong,1130
40,1.3346666666666667,True,1.0,0.274119953370735,0.3091602806123375,0.29164011699153625,0.9443491554828178,-0.04356481481481467,-0.04189814814814807,0.4120395906324296,0.2360291130607278,0.17742078753825452,0.30882657679979525,0.0350403272416025,0.0016666666666665941,0.011175282537026392,0.33530758889775586,0.10411941266966111,0.11340107268381854,0.0,0.9999999987499999,0.6610429001288015,0.2886068877140135,0.27858617856450485,0.395571576172054,disgust,07,10,10,female,strong,1130
50,1.6683333333333334,True,1.0,0.2783822921666923,0.2698935202514995,0.2741379062090959,0.8175328030868088,-0.04365740740740731,-0.04009259259259257,0.41131603794836186,0.19523171416998447,0.1802682896491062,0.335323433107536,0.008488771915192816,0.003564814814814743,0.0013243581405673582,0.37809321470271395,0.10392474918701666,0.11391448451237747,0.0,0.9999999987499999,0.6607023362548144,0.2820337544280607,0.27911294471485276,0.39562134055315484,disgust,07,10,10,female,strong,1130
60,2.0020000000000002,True,1.0,0.2687664086982589,0.30254887834228483,0.2856576435202719,0.9093330832258,-0.04263888888888889,-0.0409722222222223,0.43218398272478564,0.18068201277604395,0.18218581582877835,0.3141397237048937,0.033782469644025925,0.0016666666666665941,0.01041662031480692,0.33268564934605843,0.1160572096123903,0.11154106166033974,0.0,0.9999999987499999,0.6043921216689802,0.2662806359946835,0.3151206448129291,0.3804553080879624,disgust,07,10,10,female,strong,1130
70,2.3356666666666666,True,1.0,0.261841716950141,0.2843368719926571,0.27308929447139907,0.6740865656009064,-0.04296296296296298,-0.03888888888888886,0.38528655018329255,0.13870661880833904,0.1820517601238657,0.4051249622931691,0.02249515504251609,0.004074074074074119,0.006199720595057854,0.4536548366677878,0.10500868931371168,0.1130846691277357,0.0,0.9999999987499999,0.6547344051370548,0.2836793966769815,0.27655439204455606,0.38377958323787564,disgust,07,10,10,female,strong,1130
80,2.6693333333333333,True,1.0,0.26387266746670657,0.3018702937691974,0.282871480617952,0.7388861416686652,-0.04162037037037036,-0.036250000000000115,0.4021482976787535,0.22292930038970865,0.18284095896059616,0.3828350061880015,0.03799762630249082,0.005370370370370248,0.01789179328863639,0.4667706825667814,0.10368514435090645,0.11379826985190997,0.0,0.9999999987499999,0.6529242524353491,0.2868942454762024,0.2799252236741543,0.3913850110854603,disgust,07,10,10,female,strong,1130
90,3.003,True,1.0,0.32660641782946515,0.3305408145731119,0.32857361620128855,0.8907777858457029,-0.042453703703703605,-0.039398148148148016,0.37904870761877296,0.2658195169822695,0.18346811599750412,0.3688614842245323,0.003934396743646762,0.003055555555555589,0.013826163766911384,0.3636583508010759,0.11702679331290872,0.11000500963023978,0.0,0.9999999987499999,0.6081400246583009,0.2635289161858555,0.3034074279855598,0.3648797379623866,disgust,07,10,10,female,strong,1130
100,3.336666666666667,True,1.0,0.2483976200836548,0.27521140637518027,0.26180451322941756,0.79223179456787,-0.04273148148148154,-0.03888888888888897,0.40298418182516865,0.1979356659422203,0.18072449695109205,0.330464537051585,0.026813786291525477,0.003842592592592564,0.021818854326354907,0.3955719536952976,0.11821477562389543,0.10942602574881898,0.0,0.9999999987499999,0.6071021118134755,0.2618263412212957,0.3049060163366869,0.36313857580731757,disgust,07,10,10,female,strong,1130
110,3.6703333333333332,True,1.0,0.3358734312503385,0.34544395410488093,0.34065869267760973,0.7721942694871899,-0.04407407407407404,-0.03962962962962968,0.4133815037967954,0.17153720080370446,0.1778743110935235,0.4411567220044761,0.009570522854542407,0.004444444444444362,0.024002344880832048,0.4028934202075951,0.11641857633779588,0.11099232169374441,0.0,0.9999999987499999,0.6117946807629301,0.26314270303977266,0.29462267724046354,0.35983037078300834,disgust,07,10,10,female,strong,1130
120,4.0040000000000004,True,1.0,0.3426619270783226,0.3470205496687804,0.3448412383735515,0.761984236256905,-0.043472222222222356,-0.039861111111111014,0.4180722268659774,0.19339650573042189,0.17451727489447394,0.45255691911359613,0.0043586225904577724,0.0036111111111113425,0.021519759110266143,0.41320215711785874,0.10558358768480543,0.11288614232839586,0.0,0.9999999987499999,0.6625613287189875,0.2889438202303566,0.2844104759508509,0.3994204730088562,disgust,07,10,10,female,strong,1130
0,0.0,True,1.0,0.4963068588834024,0.5037582836152155,0.500032571249309,1.1206631289567364,-0.06203703703703711,-0.059768518518518554,0.33104627767331724,0.46692872108233946,0.17719359312470767,0.4461934709271701,0.007451424731813039,0.0022685185185185586,0.015729714373866867,0.27378165144085104,0.11214532813192903,0.11178471662338282,0.0,0.9999999987499999,0.6383939577784239,0.2697385711978291,0.2785274079214139,0.3684277244633565,disgust,07,10,10,female,strong,1131
10,0.33366666666666667,True,1.0,0.4793732983742456,0.5209796117574758,0.5001764550658607,1.1207657177730534,-0.06291666666666662,-0.06023148148148144,0.3307215568922177,0.4824930117850843,0.17719359312470767,0.4462810087193822,0.041606313383230176,0.0026851851851851793,0.005373004070205965,0.2659553970841198,0.09963668944591957,0.11423314095715179,0.0,0.9999999987499999,0.6846043568833783,0.28480734954084663,0.2682180396694343,0.4051596060224111,disgust,07,10,10,female,strong,1131
20,0.6673333333333333,True,1.0,0.3591146725289359,0.4130177669270631,0.3860662197279995,0.8046548725325764,-0.06847222222222216,-0.06643518518518515,0.38344585225972294,0.3016925499663548,0.18553554424467675,0.47979106683700545,0.05390309439812718,0.002037037037037004,0.009766008520641047,0.3689631161682483,0.10010106262842884,0.11382643646155675,0.0,0.9999999987499999,0.6880157324726766,0.2834392317605292,0.281805992625014,0.42113945774031153,disgust,07,10,10,female,strong,1131
30,1.0010000000000001,True,1.0,0.29104855485404446,0.3371647509578546,0.3141066529059495,0.8706766731536801,-0.06597222222222221,-0.06351851851851859,0.37548100605805335,0.3883249027480048,0.18010527453443292,0.3607615347821632,0.046116196103810125,0.0024537037037036247,0.02198994008747964,0.3490995872382433,0.09955741578965684,0.1143022368025043,0.0,0.9999999987499999,0.6935716301676921,0.2817636420602272,0.2834704518652898,0.42905551475856496,disgust,07,10,10,female,strong,1131
40,1.3346666666666667,True,1.0,0.31994960752521084,0.35232495483462817,0.3361372811799195,1.1710908600424976,-0.059166666666666645,-0.05675925925925923,0.38080581403789704,0.3682492528841057,0.17943261096045235,0.287029207253587,0.032375347309417324,0.0024074074074074137,0.01778742603270608,0.27532344149508003,0.09917819723372769,0.11611761751746294,0.0,0.9999999987499999,0.6752951146943152,0.2898152581420678,0.28489283433701185,0.40719755648652883,disgust,07,10,10,female,strong,1131
50,1.6683333333333334,True,1.0,0.2519696230177539,0.2623150021299233,0.25714231257383857,0.8164550777288676,-0.047083333333333255,-0.04541666666666666,0.43832032066886883,0.16437983885880575,0.1787609675488494,0.3149497376991409,0.010345379112169428,0.0016666666666665941,0.01875307605090586,0.36168306997490884,0.10588435663750964,0.11311052108663848,0.0,0.9999999987499999,0.661418678377601,0.285783119636942,0.29377302703868413,0.41125233090247704,disgust,07,10,10,female,strong,1131
60,2.0020000000000002,True,1.0,0.33139575399162446,0.31978529334438377,0.3255905236680041,0.7504119181966458,-0.049398148148148135,-0.04856481481481478,0.4404589787823752,0.20465036342481568,0.17739713502959983,0.4338823994832702,0.011610460647240695,0.0008333333333333526,0.007920322780383847,0.3932005619633204,0.11119713610563604,0.11033648149879993,0.0,0.9999999987499999,0.6413272659298094,0.2720179158462668,0.29668094706737563,0.37066444030656165,disgust,07,10,10,female,strong,1131
70,2.3356666666666666,True,1.0,0.3094832812835411,0.32094758065233403,0.3152154309679376,0.8629886953727991,-0.051712962962963016,-0.050925925925925875,0.44382523134793106,0.17930318999053835,0.18563420824815238,0.3652602086887927,0.011464299368792952,0.0007870370370371416,0.01742477690166514,0.3370053260123382,0.10367715702745764,0.11661676379846186,0.0,0.9999999987499999,0.6613879513055221,0.28558143349695986,0.2953096906998976,0.426684769778427,disgust,07,10,10,female,strong,1131
80,2.6693333333333333,True,1.0,0.32384295173177485,0.3632821047562163,0.3435625282439956,0.5641828732504599,-0.048981481481481626,-0.045370370370370394,0.37308009552814225,0.16777620199121543,0.1905698540911311,0.6089559689478141,0.03943915302444145,0.0036111111111112315,0.02825709693860923,0.5532870048536628,0.10655162138687303,0.11248217165741302,0.0,0.9999999987499999,0.6509614367543892,0.2828832104620565,0.2816467715448032,0.3857534869429255,disgust,07,10,10,female,strong,1131
90,3.003,True,1.0,0.34084764235697396,0.36928972796579584,0.3550686851613849,0.7874723535311534,-0.04787037037037034,-0.044907407407407396,0.4150364935668227,0.17556175989081474,0.1877342286984449,0.45089669950849637,0.028442085608821888,0.002962962962962945,0.029637824744942455,0.39191385182304966,0.10420913909975524,0.11482180209382711,0.0,0.9999999987499999,0.6519366939275711,0.2843855223976747,0.2867565174890635,0.39649590546541796,disgust,07,10,10,female,strong,1131
100,3.336666666666667,True,1.0,0.37650729376772796,0.38487041873184974,0.3806888562497889,0.9387486088982053,-0.053749999999999964,-0.04916666666666658,0.352520305235116,0.2769956182302621,0.1899451746671662,0.4055280110578246,0.008363124964121782,0.004583333333333384,0.02494762160549015,0.312338583885506,0.10535034127464525,0.11377564107233724,0.0,0.9999999987499999,0.6553176229163541,0.28665831522979085,0.2753612383164523,0.3761143237943701,disgust,07,10,10,female,strong,1131
110,3.6703333333333332,True,1.0,0.3043005257632815,0.3305390409433485,0.317419783353315,0.8041107093720646,-0.045509259259259194,-0.043657407407407534,0.4040311860638035,0.160671805215356,0.1892052886468268,0.3947463696898033,0.026238515180067035,0.0018518518518516602,0.02247377396476948,0.3831976853118725,0.10628287832778513,0.11341010768641245,0.0,0.9999999987499999,0.649945012106405,0.2852525824050983,0.28493417660892895,0.3917323461357549,disgust,07,10,10,female,strong,1131
120,4.0040000000000004,True,1.0,0.3003454848394434,0.34775578278311225,0.32405063381127786,0.725308060473029,-0.04773148148148154,-0.04444444444444462,0.4322718813777337,0.1149634151217445,0.18640971608603982,0.4467765511939018,0.047410297943668855,0.0032870370370369217,0.02854420963413134,0.42381114945244625,0.10496235535641502,0.11396662195145318,0.0,0.9999999987499999,0.6508390791785464,0.2846878086070837,0.28441825126043285,0.397475637221279,disgust,07,10,10,female,strong,1131
130,4.337666666666666,True,1.0,0.3683228838902278,0.40027933804439,0.3843011109673089,0.7316595006515847,-0.04805555555555563,-0.045509259259259305,0.42591363589052744,0.1506833407231521,0.1851990577305364,0.5252458426700763,0.03195645415416215,0.0025462962962963243,0.035196155100815696,0.4207907552053697,0.10585489930266277,0.11347438102817643,0.0,0.9999999987499999,0.6514629674447904,0.2899164948641303,0.28685835909228524,0.3960160187469403,disgust,07,10,10,female,strong,1131
140,4.671333333333333,True,1.0,0.36217951885148003,0.38646180667398705,0.37432066276273357,0.7482688319295876,-0.051435185185185084,-0.04662037037037048,0.42989341111798357,0.17244512268261675,0.18240051830268506,0.5002489035891813,0.02428228782250702,0.004814814814814605,0.025403788314863594,0.39641371306110895,0.10657358045518045,0.11313697317980842,0.0,0.9999999987499999,0.6566698661495849,0.2890936933155858,0.2888207725519682,0.39962930070957337,disgust,07,10,10,female,strong,1131
0,0.0,True,1.0,0.7055911037645614,0.730331622723439,0.7179613632440002,0.6584649898824376,-0.09930555555555554,-0.09143518518518523,0.35102827970870976,0.28609668012811595,0.22108504626811995,1.090356168172563,0.024740518958877633,0.007870370370370305,0.02986187364293346,0.34831285036482745,0.10095439864835323,0.11357465215869157,0.0,0.9999999987499999,0.6804373495726416,0.28635019796518496,0.27512050185258974,0.40906833420802624,surprised,08,10,10,female,normal,1132
10,0.33366666666666667,True,1.0,0.6851444706067801,0.7161125605496884,0.7006285155782342,0.6559859993897906,-0.09412037037037041,-0.08611111111111108,0.3493458847369337,0.29911426972205896,0.2141886626461333,1.0680540685776385,0.03096808994290834,0.008009259259259327,0.03210707128477062,0.35684833515345843,0.10176530446335767,0.11284863768400988,0.0,0.9999999987499999,0.6799451148115496,0.28501780622669903,0.2748452104937589,0.40755478153815106,surprised,08,10,10,female,normal,1132
20,0.6673333333333333,True,1.0,0.7704199351891142,0.777556318331397,0.7739881267602556,1.1184697918990563,-0.08546296296296296,-0.07921296296296304,0.3198310785557003,0.48132841633323664,0.20390521527810881,0.6920062860581123,0.0071363831422828206,0.006249999999999922,0.03042378512932265,0.23024965830387614,0.10006238208872013,0.11486001807676961,0.0,0.9999999987499999,0.6854060129129778,0.28366391617212244,0.27243638437519,0.4069356640628729,surprised,08,10,10,female,normal,1132
30,1.0010000000000001,True,1.0,0.7423324243811978,0.7273488153758241,0.7348406198785109,0.8837193642856686,-0.07300925925925938,-0.07009259259259254,0.3816976924879018,0.2920476530668041,0.1912380616965148,0.8315316485935557,0.014983609005373766,0.002916666666666845,0.02443321125961068,0.2843391791739369,0.10186711419539415,0.11326250530474655,0.0,0.9999999987499999,0.6821077336794091,0.28169848698292904,0.27616684328990376,0.4112829487425599,surprised,08,10,10,female,normal,1132
40,1.3346666666666667,True,1.0,0.38248474926498033,0.4157508881241097,0.399117818694545,1.1162411753433055,-0.08212962962962972,-0.07416666666666671,0.3461941082208765,0.44344985419857863,0.19154823563415124,0.35755518387125823,0.03326613885912938,0.007962962962963005,0.026023878035180487,0.2409685038784772,0.10222000197521235,0.11209752682890609,0.0,0.9999999987499999,0.6835171852178371,0.28359930236616393,0.2677722222728259,0.38601954506809544,surprised,08,10,10,female,normal,1132
50,1.6683333333333334,True,1.0,0.5975435852571641,0.6555168031622194,0.6265301942096917,0.538505632314643,-0.06967592592592597,-0.06499999999999995,0.363358031189335,0.10329053588386794,0.19498085751574243,1.1634608008029468,0.057973217905055274,0.004675925925926028,0.022614009103216336,0.44353011844852347,0.10539357858648511,0.11340007321852448,0.0,0.9999999987499999,0.665632515748487,0.2805524067934377,0.2672444367380215,0.4047307469234403,surprised,08,10,10,female,normal,1132
60,2.0020000000000002,True,1.0,0.6806658044396798,0.7274587380308692,0.7040622712352745,0.9815054294388138,-0.06819444444444434,-0.06222222222222218,0.3129127441500597,0.31628939285448365,0.19928757737463884,0.7173289623449456,0.04679293359118941,0.005972222222222157,0.02582824415748837,0.25305296291924617,0.10655600539163541,0.11298502785053602,0.0,0.9999999987499999,0.664149255639756,0.28084385212951163,0.26921155779980555,0.3935690033538685,surprised,08,10,10,female,normal,1132
70,2.3356666666666666,True,1.0,0.7060701642823124,0.7672039660827326,0.7366370651825225,0.947499261521252,-0.06717592592592592,-0.060972222222222205,0.3509205265245637,0.324974744312078,0.19919452712971503,0.7774539728926216,0.06113380180042016,0.006203703703703711,0.014636289139770565,0.274968125534101,0.10796078873914312,0.11215426314236021,0.0,0.9999999987499999,0.6611573788343463,0.2806354257578513,0.27107310127114964,0.3952894357081636,surprised,08,10,10,female,normal,1132
80,2.6693333333333333,True,1.0,0.7068590576794976,0.7156532606562932,0.7112561591678954,0.870571135588106,-0.06828703703703703,-0.06347222222222237,0.358953131484589,0.2760967976749066,0.1970585198882231,0.8169994732106678,0.008794202976795562,0.004814814814814661,0.018871159642631682,0.28765298443183684,0.10596780002401061,0.11320077856029397,0.0,0.9999999987499999,0.6677192924513556,0.279389922903975,0.26857380809253195,0.3952033074941539,surprised,08,10,10,female,normal,1132
90,3.003,True,1.0,0.3257671809950485,0.3197037517346709,0.3227354663648597,0.7711525418183685,-0.08583333333333343,-0.07731481481481484,0.3650420288284592,0.23665367193296055,0.19897992466497905,0.4185105395669881,0.006063429260377562,0.008518518518518592,0.018190014672083282,0.33298719645104247,0.10609761029382343,0.11257253730697013,0.0,0.9999999987499999,0.6666237461859742,0.2812679443236112,0.26300329322934357,0.38963335042969216,surprised,08,10,10,female,normal,1132
0,0.0,True,1.0,0.6473121488765712,0.6629684163841476,0.6551402826303594,0.6747357157312102,-0.07851851851851854,-0.07314814814814813,0.342634096095932,0.35200970851275226,0.1890503835011424,0.9709583580000427,0.015656267507576427,0.005370370370370414,0.010076554844930618,0.3430550937319477,0.10146848694277927,0.11277823585185325,0.0,0.9999999987499999,0.6944338455147685,0.27839721029457465,0.2635886782307057,0.41440761220198497,surprised,08,10,10,female,normal,1133
10,0.33366666666666667,True,1.0,0.6515005611294876,0.6699250814343793,0.6607128212819335,0.7042127551862392,-0.08171296296296293,-0.07564814814814819,0.340202572232568,0.4106779932648774,0.18424695923669349,0.9382289889185529,0.018424520304891723,0.006064814814814745,0.015091742273233072,0.30531507438174965,0.09897968088204531,0.11228599171834092,0.0,0.9999999987499999,0.703762314496111,0.2834817872597773,0.2588234799537887,0.39478703290850803,surprised,08,10,10,female,normal,1133
20,0.6673333333333333,True,1.0,0.7080687545423922,0.7220315938688221,0.7150501742056071,0.7117336289406698,-0.09916666666666674,-0.09199074074074076,0.3423360432677211,0.3774308229475491,0.20454896181055954,1.0046598125058017,0.013962839326429943,0.0071759259259259744,0.030941061154516454,0.32381774883997755,0.09958171207750828,0.11293950334695088,0.0,0.9999999987499999,0.6997295363926821,0.2854634926836038,0.2656917896734938,0.39670369089351026,surprised,08,10,10,female,normal,1133
30,1.0010000000000001,True,1.0,0.3526810089485769,0.34913419287224423,0.35090760091041057,1.0149843233958513,-0.10310185185185194,-0.10592592592592603,0.3960057675630567,0.36957459032823026,0.20242283150048462,0.3457271140271139,0.0035468160763326706,0.00282407407407409,0.016947007476652034,0.2718975371026895,0.09972753542435554,0.11448714753233197,0.0,0.9999999987499999,0.6873662486869748,0.2792282266808906,0.2858345591315583,0.4062671855995792,surprised,08,10,10,female,normal,1133
40,1.3346666666666667,True,1.0,0.747572007917551,0.7636270280446191,0.755599517981085,1.0212730426371985,-0.10365740740740742,-0.09560185185185188,0.3458291894737901,0.3810717567231144,0.23593462562634684,0.7398604353933853,0.016055020127068165,0.008055555555555538,0.02117336589271263,0.26288256526791876,0.10010777442407923,0.11646792278145725,0.0,0.9999999987499999,0.6732015065323006,0.2900953611447619,0.29283995695626885,0.4121313765409936,surprised,08,10,10,female,normal,1133
50,1.6683333333333334,True,1.0,0.7212614758184926,0.7410324724134942,0.7311469741159935,1.0609714776411587,-0.09314814814814815,-0.0831944444444444,0.3438450590191327,0.2398015027274867,0.23347748436243287,0.6891297169849854,0.01977099659500159,0.009953703703703742,0.011758861460972934,0.25574491755402196,0.10530260995808757,0.11432087773849675,0.0,0.9999999987499999,0.6543583491756078,0.288536939539417,0.2922162514125807,0.4006102178673157,surprised,08,10,10,female,normal,1133
60,2.0020000000000002,True,1.0,0.7322730130233072,0.7011592306773351,0.7167161218503211,0.7936004518829151,-0.06282407407407398,-0.059351851851851656,0.3538511348411095,0.22673154851795332,0.20582595315464644,0.9031195989742995,0.031113782345972063,0.003472222222222321,0.00704515380880243,0.3357573760431431,0.1069918635345528,0.11155230278153046,0.0,0.9999999987499999,0.6530245363770508,0.288025137290515,0.27364110158723126,0.3782135352894036,surprised,08,10,10,female,normal,1133
70,2.3356666666666666,True,1.0,0.7314841196261235,0.7522671488406344,0.741875634233379,0.967154524976711,-0.06263888888888886,-0.060694444444444495,0.3297865131629539,0.27952492294167625,0.20646295823948657,0.767070426777193,0.020783029214510917,0.0019444444444443598,0.017765887749457303,0.27286644510342484,0.1041336866077083,0.11321981605126219,0.0,0.9999999987499999,0.6579722226312402,0.2821950859352409,0.2639182681568519,0.3762240465641675,surprised,08,10,10,female,normal,1133
80,2.6693333333333333,True,1.0,0.7280606073864861,0.7389065275710891,0.7334835674787876,0.9445703275026454,-0.06472222222222213,-0.06050925925925932,0.3370421380101059,0.280376002565349,0.20575180537213697,0.7765261581083632,0.010845920184602953,0.004212962962962807,0.0036624500009171937,0.2742048367496483,0.10842635943085324,0.11187465832151613,0.0,0.9999999987499999,0.6553530073123,0.28691011564409064,0.2735032282930132,0.38387945362184495,surprised,08,10,10,female,normal,1133
90,3.003,True,1.0,0.7450192433794999,0.7430080768827978,0.7440136601311489,0.9309316286038742,-0.06578703703703692,-0.06324074074074071,0.33773275202086916,0.2880995735097149,0.2050580255435511,0.7992140746651312,0.002011166496702077,0.0025462962962962132,0.00014491816115313043,0.278555917853322,0.10801519227103624,0.11210186833887176,0.0,0.9999999987499999,0.655331153430122,0.28605829503857,0.27184794613811736,0.38406314703279276,surprised,08,10,10,female,normal,1133
100,3.336666666666667,True,1.0,0.4301840909828456,0.45260662726367884,0.4413953591232622,0.8695695875403245,-0.07569444444444451,-0.07041666666666674,0.33766924448632346,0.28734788556634544,0.20778581119812373,0.5076021119503485,0.02242253628083324,0.00527777777777777,0.0012435001708741092,0.29044876878808096,0.10705393105972805,0.11217418042143996,0.0,0.9999999987499999,0.6611309217827757,0.28187115500181803,0.26865658278948273,0.38827980504949644,surprised,08,10,10,female,normal,1133
0,0.0,True,1.0,0.6188007699069211,0.627254418233807,0.623027594070364,0.7549940514618184,-0.07615740740740734,-0.07541666666666663,0.33984821319523556,0.36260501123588285,0.19514514434912314,0.8252086130533861,0.008453648326885888,0.0007407407407407085,0.015862086903217283,0.3087484213384828,0.10202870848796618,0.11328526229600108,0.0,0.9999999987499999,0.6840181690254227,0.28227907276796405,0.2712304455013563,0.4110330936746035,surprised,08,10,10,female,normal,1134
10,0.33366666666666667,True,1.0,0.7317551228291155,0.6935380737480603,0.7126465982885879,0.7820545202070542,-0.08550925925925928,-0.08124999999999999,0.3357284165521196,0.3759657540872229,0.204172645533205,0.9112492542078906,0.038217049081055166,0.004259259259259296,0.009036394339191855,0.3028668960474004,0.10020541663739103,0.11456908217708925,0.0,0.9999999987499999,0.6824881489392632,0.2831184609592193,0.2695409250378546,0.410005562942662,surprised,08,10,10,female,normal,1134
20,0.6673333333333333,True,1.0,0.7191613795393939,0.7531247946906804,0.7361430871150372,0.9551569744761785,-0.09944444444444445,-0.10004629629629619,0.3364913910666904,0.42534334019642284,0.22572182409378813,0.7707037762235347,0.033963415151286536,0.0006018518518517424,0.003306688098722042,0.26367187499999994,0.0996027311927831,0.11690012607505168,0.0,0.9999999987499999,0.6775396423178648,0.28679038506804744,0.29489600510025504,0.42612030996364336,surprised,08,10,10,female,normal,1134
30,1.0010000000000001,True,1.0,0.8384786690974836,0.8446917448814463,0.8415852069894649,1.6604845591465514,-0.10282407407407407,-0.09953703703703709,0.2994312524152614,0.6540880503144657,0.2347485489285906,0.5068310947871862,0.006213075783962685,0.0032870370370369772,4.541208798904425e-05,0.17727967124559887,0.10068240249860942,0.11744076333378006,0.0,0.9999999987499999,0.664608351950155,0.29249224483430053,0.3079232098539378,0.4258158529210991,surprised,08,10,10,female,normal,1134
40,1.3346666666666667,True,1.0,0.6877196524039292,0.6843480991730829,0.686033875788506,1.003759892923306,-0.09115740740740746,-0.09893518518518518,0.3394815870051716,0.38367242456310874,0.23404375141892922,0.6834641238658493,0.003371553230846258,0.007777777777777717,0.014265679962097983,0.27328963348352325,0.10199677571026498,0.11776617654500289,0.0,0.9999999987499999,0.649682166944903,0.2878492638660341,0.30696055605820277,0.4238762805841431,surprised,08,10,10,female,normal,1134
50,1.6683333333333334,True,1.0,0.7569875414966328,0.7482441091784179,0.7526158253375254,1.0057897148621584,-0.07337962962962963,-0.07120370370370377,0.3835293330364271,0.21552061682445076,0.21043443258590483,0.7482834773675031,0.00874343231821495,0.002175925925925859,0.020606148811121626,0.2705968080187564,0.10590515690507515,0.1145972086474424,0.0,0.9999999987499999,0.6577256027098339,0.2813014619683204,0.28752126011604445,0.4066839659437684,surprised,08,10,10,female,normal,1134
60,2.0020000000000002,True,1.0,0.7116053811536115,0.6933654559946207,0.7024854185741161,0.7742369762799487,-0.06347222222222226,-0.06259259259259253,0.3779070917026286,0.20325349506457507,0.20772154547471225,0.9073261031130491,0.018239925158990755,0.0008796296296297301,0.009334362497601468,0.3433889731431558,0.1070536683540271,0.11402739330278129,0.0,0.9999999987499999,0.6484372823582558,0.2796361830180342,0.27250552349574336,0.3887274073686513,surprised,08,10,10,female,normal,1134
70,2.3356666666666666,True,1.0,0.7546207894545047,0.737344139312435,0.7459824643834698,0.9316443251538558,-0.06087962962962967,-0.06074074074074087,0.31793934501851706,0.21737412350533272,0.2118185226278854,0.8007159430293047,0.017276650142069694,0.00013888888888879958,0.018306393321724162,0.2723734073601601,0.10719676557312219,0.1142269481209302,0.0,0.9999999987499999,0.649823344486232,0.2822307933928787,0.26898457861477737,0.3781723837589624,surprised,08,10,10,female,normal,1134
80,2.6693333333333333,True,1.0,0.7600095780704672,0.7287964302656504,0.7444030041680588,0.9683430616911234,-0.06064814814814812,-0.060694444444444495,0.3356449730146641,0.2640072813845643,0.20973131666752298,0.7687389248888988,0.031213147804816765,4.629629629637755e-05,0.018672937230988267,0.2896780568461124,0.10910957599647073,0.11257062938444777,0.0,0.9999999987499999,0.6482759756871499,0.28160453263694984,0.2764810118453858,0.3841796512684676,surprised,08,10,10,female,normal,1134
90,3.003,True,1.0,0.7898833281402508,0.7602589471705525,0.7750711376554016,0.9394364079520402,-0.06287037037037035,-0.06601851851851848,0.3344688366725498,0.28622347572028234,0.2097353180985255,0.8250384284605778,0.029624380969698216,0.003148148148148122,0.020262333438219832,0.28123913768280195,0.10854813798053867,0.11192685237458998,0.0,0.9999999987499999,0.6507218134363121,0.28000685063781444,0.2755036808448986,0.3889636641388877,surprised,08,10,10,female,normal,1134
100,3.336666666666667,True,1.0,0.7566130147851363,0.7433236800358182,0.7499683474104772,0.8958483951217393,-0.06523148148148156,-0.06777777777777766,0.33361084608494923,0.2937207852858162,0.20972258600760627,0.8371598938998623,0.013289334749318149,0.002546296296296102,0.019793149853740127,0.28633033276239284,0.10768396205040179,0.11343235274199166,0.0,0.9999999987499999,0.6524997676492471,0.28530674135827233,0.2733676274861049,0.3808889034084897,surprised,08,10,10,female,normal,1134
0,0.0,True,1.0,0.5826441097735784,0.5790444510644787,0.5808442804190286,0.7946518458830015,-0.0705555555555556,-0.06777777777777783,0.328379360634936,0.3896622424776839,0.18543147910168942,0.730941837520815,0.003599658709099729,0.002777777777777768,0.012372185853775806,0.29268261122263184,0.10211504443263465,0.11253226168456679,0.0,0.9999999987499999,0.6936737209024235,0.27801105846902613,0.26189042444603033,0.40299258591950177,surprised,08,10,10,female,normal,1135
10,0.33366666666666667,True,1.0,0.7501174097054258,0.7258394603471068,0.7379784350262664,0.7996197779005298,-0.06291666666666657,-0.0628703703703703,0.3269808794300386,0.4072841360712287,0.17917049906572252,0.9229116830550288,0.024277949358319062,4.6296296296266526e-05,0.018873171220926032,0.2925457313104757,0.10188076568479815,0.11308187165829184,0.0,0.9999999987499999,0.693684502746411,0.2772785621687225,0.2594507583197868,0.3932604899941889,surprised,08,10,10,female,normal,1135
20,0.6673333333333333,True,1.0,0.7385858354017811,0.7384808629434954,0.7385333491726382,0.8205357273228889,-0.06273148148148144,-0.06402777777777774,0.3272993044354009,0.41750315791870524,0.18056611902358907,0.9000623916550291,0.00010497245828577917,0.0012962962962962954,0.02246911176166266,0.2816146526542913,0.10040036399809885,0.1145647021148698,0.0,0.9999999987499999,0.6919566789684625,0.2791444617863047,0.25741948111308044,0.3915049519096591,surprised,08,10,10,female,normal,1135
30,1.0010000000000001,True,1.0,0.7774816435653494,0.7016258429123611,0.7395537432388553,1.1965335245637712,-0.05759259259259264,-0.05689814814814825,0.3137246026504749,0.5420475378564139,0.1791670924928322,0.6180802527104117,0.07585580065298836,0.0006944444444443865,0.02248285980762532,0.22523640179803434,0.10245842252399558,0.11289676551536014,0.0,0.9999999987499999,0.6813668876847614,0.27750981410115355,0.25550105349073404,0.38270505881980477,surprised,08,10,10,female,normal,1135
40,1.3346666666666667,True,1.0,0.6835807427880206,0.6298905217009073,0.656735632244464,0.8558208454650618,-0.053009259259259256,-0.05263888888888879,0.35057369754602113,0.3224672610518737,0.18129208832451157,0.7673751296482936,0.0536902210871133,0.0003703703703704653,0.03484846670013194,0.31502005263299787,0.10377603629829203,0.11321165058477582,0.0,0.9999999987499999,0.6712729943227291,0.2801563254984062,0.2608410850775274,0.3843045673757564,surprised,08,10,10,female,normal,1135
50,1.6683333333333334,True,1.0,0.7091438756559737,0.6955299854998204,0.702336930577897,0.8082217125431473,-0.08384259259259264,-0.08537037037037037,0.39162166765969525,0.11985473511410648,0.2215773656838859,0.868990426362002,0.01361389015615333,0.001527777777777739,0.04182358527361123,0.30890228414375287,0.10164258159794161,0.1159553745265286,0.0,0.9999999987499999,0.6667940912224264,0.2826732450366807,0.28627974220258623,0.40992156280249875,surprised,08,10,10,female,normal,1135
60,2.0020000000000002,True,1.0,0.6573879298909198,0.6268981851162023,0.642143057503561,0.7900152813329868,-0.0860185185185185,-0.08671296296296305,0.3861381639337142,0.09056128415148083,0.23617443556974152,0.8128235904754626,0.030489744774717442,0.000694444444444553,0.041226912885541055,0.3412196416992586,0.10216032818283963,0.11566431847533225,0.0,0.9999999987499999,0.6578746268116622,0.2845275852888747,0.29507335368189247,0.4025240865293857,surprised,08,10,10,female,normal,1135
70,2.3356666666666666,True,1.0,0.692012634738181,0.6373583124360415,0.6646854735871113,0.898253326148599,-0.08277777777777784,-0.08175925925925931,0.3118544907677801,0.1889588055657722,0.23551030730062544,0.7399755216460525,0.05465432230213951,0.0010185185185185297,0.042068701020017946,0.28596150867297504,0.10396510875991874,0.11404483058726926,0.0,0.9999999987499999,0.6513584839326356,0.28280782335746085,0.28605071943758353,0.39048613340987315,surprised,08,10,10,female,normal,1135
80,2.6693333333333333,True,1.0,0.7128917833514495,0.6646554830527136,0.6887736332020815,0.9022268130707717,-0.07824074074074072,-0.07810185185185181,0.32253662544227185,0.25213439219144296,0.22993577946162527,0.7634151670330078,0.048236300298735935,0.0001388888888889106,0.034129488116122236,0.31439011466523864,0.10442776593483875,0.11445666718181405,0.0,0.9999999987499999,0.6542988651085434,0.281460396665445,0.283177304231611,0.3870079977931871,surprised,08,10,10,female,normal,1135
90,3.003,True,1.0,0.7451484467722298,0.6785433940736375,0.7118459204229337,0.8877222292957867,-0.07851851851851849,-0.07898148148148149,0.33787493854157347,0.26185064465418345,0.22710483460899233,0.8018791204402166,0.06660505269859229,0.0004629629629629983,0.03590954052340125,0.30418690485405403,0.10605959058839738,0.1122694723210699,0.0,0.9999999987499999,0.6517900461903512,0.2896577379957434,0.28493047098749685,0.3887925938249061,surprised,08,10,10,female,normal,1135
100,3.336666666666667,True,1.0,0.6630439081084171,0.6255882787724953,0.6443160934404562,0.8803722589540429,-0.08731481481481479,-0.08509259259259266,0.3352693710556086,0.2786743525725956,0.22922292307844508,0.7318677830738992,0.037455629335921725,0.0022222222222221255,0.03063024373898599,0.3186240066268863,0.1048292510225231,0.11341913110595786,0.0,0.9999999987499999,0.659811712935174,0.2854464791871086,0.28009319324167564,0.39408017577723536,surprised,08,10,10,female,normal,1135
0,0.0,True,1.0,0.5972398015817585,0.6144439998905328,0.6058419007361456,0.7530015788626133,-0.0658333333333333,-0.06328703703703709,0.3330648865908117,0.3312997303017975,0.18621602556979983,0.8045692303212059,0.017204198308774288,0.0025462962962962132,0.010021459198302623,0.32684176965664963,0.10386601345007543,0.11413508869969205,0.0,0.9999999987499999,0.6727800365458685,0.27957530837198624,0.25871615126131203,0.39772476373674026,surprised,08,10,10,female,strong,1136
10,0.33366666666666667,True,1.0,0.7429998818953532,0.7710044497073828,0.7570021658013679,0.7406594656976232,-0.06328703703703709,-0.06217592592592602,0.33795933547125623,0.348109948877883,0.18482792506197773,1.0220650661479789,0.028004567812029646,0.0011111111111110628,0.0026568589940423183,0.30374999999999963,0.10518158860537288,0.11207712034028391,0.0,0.9999999987499999,0.6730310540231718,0.2797668972520056,0.2604215011994487,0.39848558725510963,surprised,08,10,10,female,strong,1136
20,0.6673333333333333,True,1.0,0.7918686337234845,0.7997654168545784,0.7958170252890314,0.9871985806115742,-0.06657407407407412,-0.06439814814814815,0.32879930778416033,0.4556301141284196,0.18409782819833262,0.806136719520017,0.007896783131093876,0.00217592592592597,0.002658404265991711,0.2255253564247983,0.10228603554323956,0.11439321012489931,0.0,0.9999999987499999,0.6867975529586835,0.2811255217760867,0.26795797650548614,0.4008764677806276,surprised,08,10,10,female,strong,1136
30,1.0010000000000001,True,1.0,0.7642316816676251,0.7678150617464397,0.7660233717070324,1.0271096809676332,-0.09800925925925924,-0.09546296296296303,0.4038661328009494,0.36682488605986857,0.21947260379526076,0.7458048404191525,0.0035833800788145354,0.0025462962962962132,0.001129420641887917,0.26812156260845726,0.10055689373599622,0.1162443917234152,0.0,0.9999999987499999,0.6821565312374949,0.2819637861343647,0.3029606585950972,0.44222496664435507,surprised,08,10,10,female,strong,1136
40,1.3346666666666667,True,1.0,0.21530667650852173,0.2299531462817409,0.22262991139513133,1.0367716694907403,-0.11662037037037032,-0.11902777777777768,0.35959680996981647,0.4038939080870605,0.2368107103748166,0.21473379138965729,0.014646469773219178,0.002407407407407358,0.011757335383541243,0.27150836409812806,0.08990009591913725,0.11530085573258546,0.0,0.9999999987499999,0.7047905895717662,0.2994835541137176,0.27662458810060064,0.4221569072565298,surprised,08,10,10,female,strong,1136
50,1.6683333333333334,True,1.0,0.668472207992056,0.6768758520353938,0.6726740300137248,0.9478046059778951,-0.10236111111111101,-0.10120370370370368,0.36294494054037235,0.2536060183450762,0.24444444444444446,0.7097180429078999,0.008403644043337821,0.0011574074074073293,0.018033157687374683,0.2614108483097301,0.10628320056226045,0.11639439455959483,0.0,0.9999999987499999,0.6454626664103141,0.2864067830013759,0.3137401632837534,0.4152268658135796,surprised,08,10,10,female,strong,1136
60,2.0020000000000002,True,1.0,0.7244951086054081,0.7360189958471477,0.7302570522262779,0.726658367546804,-0.10175925925925933,-0.0960185185185185,0.37802931364206593,0.1751677342096293,0.2513916202815952,1.0049523749263674,0.011523887241739583,0.005740740740740824,0.012774838176020258,0.3816771744264219,0.08956611460328322,0.11638189477527558,0.0,0.9999999987499999,0.6906888085703031,0.30342856360643744,0.2915740913938946,0.4317738356266574,surprised,08,10,10,female,strong,1136
70,2.3356666666666666,True,1.0,0.8871057972922904,0.867604657755094,0.8773552275236922,1.0027696718727612,-0.09824074074074074,-0.09393518518518529,0.32071682742252927,0.3114550261203275,0.25347703810112976,0.8749319531026039,0.019501139537196455,0.0043055555555554514,0.019593477886107106,0.26419495048029984,0.0928316388850967,0.11512581256501461,0.0,0.9999999987499999,0.6845620914850316,0.30415251818092565,0.2905138285128739,0.4309483077819209,surprised,08,10,10,female,strong,1136
80,2.6693333333333333,True,1.0,0.7989907375355458,0.7749142237085278,0.7869524806220368,0.9694193919624134,-0.09592592592592597,-0.09268518518518509,0.3280860109287858,0.3084068245501073,0.2472234566380309,0.8117771184966648,0.02407651382701803,0.0032407407407408773,0.021523798653673987,0.28973064007002164,0.09249101841512992,0.11440478016483115,0.0,0.9999999987499999,0.6865264655315252,0.30365378123671144,0.2871171338161155,0.43007738332306794,surprised,08,10,10,female,strong,1136
90,3.003,True,1.0,0.7727203790465051,0.7595252231956582,0.7661228011210817,0.9759406123485459,-0.09050925925925929,-0.089861111111111,0.33190875510802265,0.32044681840208883,0.24305586945044216,0.7850096526646744,0.013195155850846962,0.0006481481481482865,0.018485040736938903,0.27704247533680887,0.10669508861334373,0.11585261293994041,0.0,0.9999999987499999,0.6489252371261004,0.28028339991572654,0.30506835095271423,0.41712098064573844,surprised,08,10,10,female,strong,1136
100,3.336666666666667,True,1.0,0.5820583986906193,0.5779075546259993,0.5799829766583093,0.9471116004951474,-0.09745370370370371,-0.0955092592592593,0.3286344965397132,0.3132636457590741,0.2423614259054088,0.6123702595925293,0.004150844064619963,0.0019444444444444153,0.010545320958706361,0.3028732746505383,0.1091296357275742,0.11456446286103765,0.0,0.9999999987499999,0.6468009662224266,0.2864796263727386,0.3018032029778354,0.40461114373107304,surprised,08,10,10,female,strong,1136
0,0.0,True,1.0,0.6512682568979111,0.6185785656712368,0.634923411284574,0.767624649792342,-0.07250000000000001,-0.0702314814814814,0.3335684905419294,0.3988395303548946,0.18613119697045138,0.8271274397667318,0.03268969122667431,0.002268518518518614,0.008394518130743711,0.309426554574075,0.10245104269233964,0.11340856979630606,0.0,0.9999999987499999,0.6895939623193028,0.2806704183874002,0.2644667357421206,0.40285259287777964,surprised,08,10,10,female,strong,1137
10,0.33366666666666667,True,1.0,0.7129271172589244,0.7259180240488384,0.7194225706538815,0.7910339168239457,-0.06999999999999995,-0.06773148148148145,0.33460520931761367,0.4104190124702326,0.18752603985846872,0.9094712064210994,0.012990906789913992,0.002268518518518503,0.002423068636209243,0.2977514216915681,0.10207553715476421,0.11341118406764449,0.0,0.9999999987499999,0.6891054327434097,0.2812048456142616,0.2676303433067465,0.40464846221181894,surprised,08,10,10,female,strong,1137
20,0.6673333333333333,True,1.0,0.8599545743170866,0.8318727003667034,0.845913637341895,0.7806568927813891,-0.08027777777777778,-0.08115740740740746,0.3339814597705823,0.39012307581383554,0.2062592475436328,1.0835920942528334,0.028081873950383196,0.0008796296296296746,0.013509578002974382,0.3033348189026491,0.10097729952520518,0.11455654012444082,0.0,0.9999999987499999,0.6829446262020432,0.2836061612467978,0.28052026226124616,0.4243538009865136,surprised,08,10,10,female,strong,1137
30,1.0010000000000001,True,1.0,0.8310996863248358,0.845961152674614,0.838530419499725,1.0855321447978636,-0.09879629629629633,-0.09740740740740739,0.3595336672014734,0.36169359682915825,0.23752601882560287,0.7724602385274065,0.014861466349778252,0.0013888888888889395,0.019490067211926983,0.25359741715398,0.10076790329332258,0.11655294502332818,0.0,0.9999999987499999,0.6648990321441076,0.28410274975786926,0.30893060969974334,0.43958504014181915,surprised,08,10,10,female,strong,1137
40,1.3346666666666667,True,1.0,0.8074779087430253,0.773340466312341,0.7904091875276831,0.9147154542225253,-0.09648148148148156,-0.09513888888888883,0.36985935258049846,0.34963650030368026,0.23265495788849502,0.8641038957841835,0.034137442430684284,0.0013425925925927285,0.02131030354764198,0.315614056425175,0.10209905016324353,0.11588293716585575,0.0,0.9999999987499999,0.6614015501044168,0.2841549528898898,0.3133110938827218,0.4473659242274707,surprised,08,10,10,female,strong,1137
50,1.6683333333333334,True,1.0,0.6351704081875693,0.5728436253845065,0.6040070167860379,1.0228730277629712,-0.09879629629629633,-0.09768518518518521,0.3462557772378778,0.3455864100816301,0.22852030321923364,0.590500482847812,0.06232678280306281,0.0011111111111111183,0.02618660984493472,0.2616913969877334,0.10294217061070561,0.11496902510089867,0.0,0.9999999987499999,0.6627939944727891,0.2827959637603757,0.28926345356509714,0.40808706805923667,surprised,08,10,10,female,strong,1137
60,2.0020000000000002,True,1.0,0.7084858127590945,0.6824414221066231,0.6954636174328588,0.934861076292067,-0.10083333333333333,-0.09703703703703698,0.337254575272743,0.3708436060165288,0.23060320217590397,0.7439218885775748,0.02604439065247144,0.003796296296296353,0.024570259721691433,0.2962418923236835,0.0876797987551114,0.11319088600935473,0.0,0.9999999987499999,0.7128978095925872,0.3009566257030824,0.2709617987345925,0.42658982148630165,surprised,08,10,10,female,strong,1137
70,2.3356666666666666,True,1.0,0.7137066912625125,0.7122680493120856,0.7129873702872991,1.093875988394841,-0.09685185185185174,-0.09634259259259259,0.3346369916251062,0.4120276460756397,0.2306627466109197,0.6517990867808884,0.0014386419504268666,0.0005092592592591538,0.029784554722317558,0.23884150254917763,0.08798865517358356,0.1139585189049932,0.0,0.9999999987499999,0.710638225727791,0.30142477932795997,0.2687862668472288,0.4210997924212812,surprised,08,10,10,female,strong,1137
80,2.6693333333333333,True,1.0,0.7377591009241812,0.7309749613331352,0.7343670311286582,0.9675033112865301,-0.09592592592592586,-0.09583333333333338,0.3350808799443394,0.3571116652359868,0.2285473443349346,0.7590330932843417,0.006784139591045957,9.259259259247754e-05,0.030832701254713265,0.277256678145655,0.08843338214703485,0.11411571423308917,0.0,0.9999999987499999,0.7116931702133978,0.30083948258738724,0.266941741450459,0.4214652583478762,surprised,08,10,10,female,strong,1137
90,3.003,True,1.0,0.7374392053301949,0.6989846918546336,0.7182119485924143,0.9234006544222629,-0.09527777777777774,-0.0956481481481482,0.32857961721959905,0.3329023846031594,0.22858039024317678,0.7777901663300992,0.03845451347556128,0.0003703703703704653,0.02801564249846081,0.29496911985847757,0.10350603325970807,0.11462797324092573,0.0,0.9999999987499999,0.6719454023328082,0.28131971525693256,0.28973937956478824,0.41788863022296546,surprised,08,10,10,female,strong,1137
100,3.336666666666667,True,1.0,0.5101462574539861,0.5025493249160626,0.5063477911850244,0.8363893527098718,-0.10032407407407407,-0.10078703703703706,0.3369194991868723,0.308008494948658,0.22781127021823394,0.6053972226505222,0.007596932537923484,0.0004629629629629983,0.030797210139100046,0.30578707513749814,0.10375137791511338,0.11523559558092533,0.0,0.9999999987499999,0.6658987079441152,0.2816240898654782,0.28247548264017586,0.4056398856897322,surprised,08,10,10,female,strong,1137
0,0.0,True,1.0,0.658270212094659,0.660965132738341,0.6596176724164999,0.7364386879290199,-0.07305555555555548,-0.06675925925925935,0.3356699669741126,0.389426350933932,0.179580664907038,0.8956857960184674,0.0026949206436820416,0.006296296296296133,0.04531117143102158,0.30255441599085536,0.102817114194974,0.11273931428600262,0.0,0.9999999987499999,0.6889769550632753,0.27968651234316494,0.26551296366592175,0.40849004503068975,surprised,08,10,10,female,strong,1138
10,0.33366666666666667,True,1.0,0.7033240494129901,0.7337337041234177,0.7185288767682039,1.3559560449087684,-0.07143518518518521,-0.06675925925925935,0.30290027786296386,0.6367704983065967,0.18417410672954754,0.5299057292204099,0.03040965471042756,0.004675925925925861,0.03898659131061783,0.18911336259832293,0.10222835055167097,0.11411133176944832,0.0,0.9999999987499999,0.6863935068402361,0.28168365417063157,0.2663342639725451,0.4064556164985954,surprised,08,10,10,female,strong,1138
20,0.6673333333333333,True,1.0,0.761437123887734,0.7827529021558871,0.7720950130218105,1.8767101495992968,-0.06662037037037027,-0.06421296296296292,0.290719968256318,0.844243657890678,0.17978050883927033,0.4114087693225634,0.02131577826815312,0.002407407407407358,0.02902369448827076,0.15576357017326048,0.10053877659725044,0.11543778474740408,0.0,0.9999999987499999,0.682756878829657,0.2836512693193116,0.26536893872424605,0.40668958296323965,surprised,08,10,10,female,strong,1138
30,1.0010000000000001,True,1.0,0.7403283475219805,0.7685493747119595,0.75443886111697,1.7026574259101395,-0.0692592592592593,-0.06694444444444442,0.2893065685045253,0.8168129403703276,0.18500121296028993,0.4430949230516478,0.028221027189978987,0.0023148148148148806,0.022649682202472942,0.16598243473314653,0.1016494303441327,0.11446100234600368,0.0,0.9999999987499999,0.6858699632274784,0.28159169043038174,0.27247478619032917,0.4137374717044841,surprised,08,10,10,female,strong,1138
40,1.3346666666666667,True,1.0,0.7686455491061687,0.741747918879074,0.7551967339926213,1.098494404214042,-0.06555555555555548,-0.0623611111111112,0.34446948437663555,0.4480578139114721,0.18896803849392496,0.6874834601756159,0.026897630227094682,0.0031944444444442777,0.001198030720798291,0.2516378446419297,0.10403269094120202,0.11415020975108026,0.0,0.9999999987499999,0.6699421226381176,0.2798492378266679,0.27219058616902087,0.4060824173674788,surprised,08,10,10,female,strong,1138
50,1.6683333333333334,True,1.0,0.5422213929565268,0.5525837687981168,0.5474025808773217,0.9531814220828495,-0.06939814814814821,-0.06805555555555559,0.3831596935370645,0.2858820718816481,0.18910243610228725,0.5742900230694405,0.010362375841589944,0.0013425925925926174,0.024905997402731677,0.3011066453062986,0.1019155491858733,0.11653584790416692,0.0,0.9999999987499999,0.6786942416732317,0.28643450816073046,0.27750065796402074,0.4050623554176097,surprised,08,10,10,female,strong,1138
60,2.0020000000000002,True,1.0,0.6976042053458223,0.7143707171767657,0.705987461261294,1.0771239293140358,-0.06611111111111118,-0.06736111111111115,0.37029112190954633,0.26912273001377557,0.1938271645733964,0.6554375425591934,0.016766511830943354,0.0012499999999999734,0.023910091010637523,0.24800691741182293,0.10361831431524142,0.11469272015576529,0.0,0.9999999987499999,0.6627286795421293,0.28267839227403063,0.26487588981774673,0.3877320498735138,surprised,08,10,10,female,strong,1138
70,2.3356666666666666,True,1.0,0.7432897338411344,0.6823221188200003,0.7128059263305673,1.0855274226909999,-0.06300925925925921,-0.06328703703703703,0.3156966825977651,0.3563857521306494,0.19660385211087328,0.6566447898327029,0.060967615021134125,0.0002777777777778212,0.027227567041083804,0.22097829434184058,0.10531553510420066,0.11430897084958698,0.0,0.9999999987499999,0.6658498760988771,0.27991800032118835,0.26861992960947473,0.38782056652321084,surprised,08,10,10,female,strong,1138
80,2.6693333333333333,True,1.0,0.7185741823246055,0.7125948228193163,0.7155845025719609,0.992935611856425,-0.06476851851851867,-0.06657407407407412,0.3721071007813608,0.352512143260964,0.1931329975882596,0.720675634983099,0.005979359505289161,0.0018055555555554492,0.027374915848482142,0.2739770677443396,0.10554640254494703,0.11392873085205242,0.0,0.9999999987499999,0.6677493071056547,0.27801149503278955,0.2801165233064768,0.4082887102583085,surprised,08,10,10,female,strong,1138
90,3.003,True,1.0,0.7452023970083694,0.7281891084599458,0.7366957527341575,1.0660203676603857,-0.06620370370370371,-0.06750000000000006,0.3496650615184965,0.39430303884478385,0.19450093735393315,0.6910709917775747,0.017013288548423655,0.001296296296296351,0.024980357429265358,0.258460888707047,0.10725587633894794,0.11249035399560008,0.0,0.9999999987499999,0.6663170446225365,0.2781771558023615,0.28151469112303174,0.4062076678490988,surprised,08,10,10,female,strong,1138
100,3.336666666666667,True,1.0,0.7433265787643614,0.7228216390261485,0.7330741088952549,1.0426366985811129,-0.06694444444444447,-0.06736111111111104,0.35518374849339013,0.41245354251173166,0.19588046757961872,0.7030963996307337,0.02050493973821288,0.00041666666666656527,0.030447606766445492,0.25829575174950303,0.10749526153439673,0.1117513295508629,0.0,0.9999999987499999,0.6700157383734744,0.2768147178248647,0.28122640124138965,0.40326254250036075,surprised,08,10,10,female,strong,1138
0,0.0,True,1.0,0.6475280331740396,0.6827400050143158,0.6651340190941777,0.9034245580177628,-0.06736111111111115,-0.0646296296296297,0.32487708340378335,0.421011188868966,0.18500121296028993,0.736236372136676,0.035211971840276135,0.002731481481481446,0.015137244019562065,0.2501429829154194,0.10303346142369092,0.11254162689601088,0.0,0.9999999987499999,0.6844713671015283,0.2828334415650662,0.26674128087261545,0.4008411378909615,surprised,08,10,10,female,strong,1139
10,0.33366666666666667,True,1.0,0.7808432631163761,0.7801604409885055,0.7805018520524407,1.3003672097591155,-0.06337962962962967,-0.06064814814814812,0.30202322045660995,0.5678243105419376,0.1835346388292238,0.6002164974592243,0.0006828221278706303,0.002731481481481557,0.009797339069424049,0.20094768028802598,0.10184951132864985,0.11361421125679597,0.0,0.9999999987499999,0.680395873763568,0.28516980951501225,0.26429869402030176,0.38979713934416627,surprised,08,10,10,female,strong,1139
20,0.6673333333333333,True,1.0,0.8076449719507093,0.8042071297643325,0.8059260508575209,1.6383735598588525,-0.06606481481481474,-0.06361111111111112,0.28600379190590325,0.7494553376906303,0.1848712622643976,0.49190616267449544,0.0034378421863767716,0.0024537037037036247,0.011097470955680776,0.16889566019611268,0.1034846604220079,0.11314177256889167,0.0,0.9999999987499999,0.6767161725784064,0.28631352230614343,0.26782939223740354,0.39184630990107727,surprised,08,10,10,female,strong,1139
30,1.0010000000000001,True,1.0,0.7519835162599325,0.7500191203470894,0.7510013183035109,1.4485596707818926,-0.06518518518518507,-0.06342592592592605,0.30221763645535327,0.6419753086419754,0.18550922498131564,0.5184469328061171,0.001964395912843142,0.0017592592592590162,0.009685407844828483,0.18571730224886712,0.10283528464072351,0.11373231675908467,0.0,0.9999999987499999,0.6788725087925794,0.28473713615331825,0.2713036019138039,0.3943907053837808,surprised,08,10,10,female,strong,1139
40,1.3346666666666667,True,1.0,0.6969051686869887,0.6917120595533967,0.6943086141201926,1.0298987742893246,-0.06495370370370368,-0.061481481481481526,0.34340385025564735,0.42185656400737304,0.19099179685822754,0.674152287052964,0.005193109133592055,0.0034722222222221544,0.0030049443531002524,0.2670001597361512,0.10502630502675754,0.11440836532232132,0.0,0.9999999987499999,0.6649620083267682,0.27952917386989545,0.2725197252024655,0.402825211414905,surprised,08,10,10,female,strong,1139
50,1.6683333333333334,True,1.0,0.761776997087162,0.7233417371350757,0.7425593671111188,0.9731949316008076,-0.06388888888888888,-0.06453703703703689,0.3609897396771653,0.27695502463466365,0.19584735793088182,0.7630119547475278,0.0384352599520863,0.0006481481481480089,0.009498066624224453,0.2580603651524804,0.10493457702049623,0.11499063088581014,0.0,0.9999999987499999,0.6609835907487995,0.278167447501591,0.2617765560774065,0.37905791214197626,surprised,08,10,10,female,strong,1139
60,2.0020000000000002,True,1.0,0.5153791583222163,0.5197906269113537,0.517584892616785,0.8937492799969075,-0.06597222222222221,-0.06495370370370368,0.3533986083539893,0.3181826900631216,0.20347559683427638,0.5791164303019924,0.004411468589137435,0.0010185185185185297,0.022902796222251613,0.32417077396432403,0.10903688998765866,0.11297880638119227,0.0,0.9999999987499999,0.654391774436337,0.27725594921979546,0.2743964343876425,0.38538802634506225,surprised,08,10,10,female,strong,1139
70,2.3356666666666666,True,1.0,0.7047669907961365,0.7082676790324994,0.7065173349143179,1.0451573564002834,-0.06351851851851853,-0.062037037037037,0.331139223987801,0.35783500617961667,0.20694591911410629,0.6759913524865722,0.0035006882363629588,0.001481481481481528,0.018086678561184837,0.2468896104564083,0.10937553504934684,0.1131572279832571,0.0,0.9999999987499999,0.654760786666229,0.2756916869616127,0.2729483603632336,0.38095135570665184,surprised,08,10,10,female,strong,1139
80,2.6693333333333333,True,1.0,0.7269509640156285,0.7380155975141913,0.73248328076491,1.0516092961245287,-0.06439814814814826,-0.06374999999999997,0.33167956140617266,0.3765463039186987,0.2048611111111111,0.6965355702581877,0.011064633498562793,0.0006481481481482865,0.02116565351217234,0.25117930636470764,0.11058204441221363,0.11197846831385301,0.0,0.9999999987499999,0.6583570855060775,0.2795486729934386,0.2791566247497017,0.3839729704140901,surprised,08,10,10,female,strong,1139
90,3.003,True,1.0,0.7274532285834227,0.6951188198045013,0.711286024193962,1.0002976181315337,-0.06449074074074068,-0.0635648148148148,0.3377096194993631,0.36626019511742147,0.20347372205671155,0.7110743955609737,0.03233440877892135,0.0009259259259258856,0.025269122591600864,0.2697003140543232,0.11106978263516282,0.11080908585331654,0.0,0.9999999987499999,0.6507913226071679,0.27854067055255016,0.27958667411993743,0.3795205535685862,surprised,08,10,10,female,strong,1139
100,3.336666666666667,True,1.0,0.7416342705747583,0.7483310269455072,0.7449826487601328,1.0246148097002696,-0.06421296296296292,-0.06421296296296292,0.329468443676917,0.3751639645228803,0.2020837108700296,0.7270855756789836,0.0066967563707489575,0.0,0.0173952764343752,0.25348930745185994,0.10912598945970589,0.11339790269815987,0.0,0.9999999987499999,0.6590812641540992,0.27862348585211755,0.27255637637078733,0.3840651154284774,surprised,08,10,10,female,strong,1139
0,0.0,True,1.0,0.645097829627368,0.6338184177573316,0.6394581236923498,0.715291027693688,-0.07611111111111107,-0.0780555555555556,0.3389989123575183,0.36499622660759273,0.19097262172464527,0.893983146627959,0.011279411870036338,0.0019444444444445264,0.022846419175357662,0.3286954439546422,0.10035314828076582,0.11259352699735926,0.0,0.9999999987499999,0.6930358933260805,0.27854534785156826,0.26293133757927983,0.4137850020032078,neutral,01,10,10,female,normal,1140
10,0.33366666666666667,True,1.0,0.6850778617179669,0.6758901136441187,0.6804839876810428,0.7103043479122322,-0.07624999999999998,-0.07791666666666669,0.342199303049208,0.3697217707454299,0.19028780153576583,0.9580174888147044,0.009187748073848256,0.0016666666666667052,0.012525434942116465,0.316895604310056,0.10105283104241242,0.1138223416238838,0.0,0.9999999987499999,0.693345919328669,0.28002575188200285,0.26106396596510817,0.41206128158589583,neutral,01,10,10,female,normal,1140
20,0.6673333333333333,True,1.0,0.6702255140098583,0.6717647840807355,0.6709951490452969,0.9553045302840245,-0.07689814814814816,-0.07907407407407407,0.3382522728043956,0.4104190124702326,0.19099179685822754,0.702388743876051,0.0015392700708771745,0.0021759259259259145,0.00997505902869098,0.24655119480125726,0.10029804546621826,0.1144880002006881,0.0,0.9999999987499999,0.6908849144188925,0.28041266099046797,0.2619882773687218,0.409766602610308,neutral,01,10,10,female,normal,1140
30,1.0010000000000001,True,1.0,0.49571740678839066,0.5167490639229585,0.5062332353556745,1.0054644808743178,-0.08481481481481479,-0.08490740740740743,0.3464804531317106,0.3934426229508205,0.1909917968582275,0.5034819677722193,0.021031657134567838,9.259259259264407e-05,0.010146720722220563,0.2368568492449323,0.09970191052838687,0.1136745247239477,0.0,0.9999999987499999,0.6980674198976465,0.27960999751276205,0.26220112151517877,0.4079944874334466,neutral,01,10,10,female,normal,1140
40,1.3346666666666667,True,1.0,0.5248462489699054,0.5152333418305881,0.5200397954002467,0.9025353786065488,-0.08537037037037037,-0.0819907407407407,0.3515282333286706,0.42254840729134874,0.18824349140015093,0.5761987925649537,0.009612907139317284,0.003379629629629677,0.006091536608413408,0.2588872980448034,0.09724197643016369,0.11446193678785259,0.0,0.9999999987499999,0.699542581493535,0.2880574458321162,0.25679382924084143,0.3886462586304258,neutral,01,10,10,female,normal,1140
50,1.6683333333333334,True,1.0,0.6313395742118669,0.6143218266444667,0.6228307004281668,1.126342252392699,-0.08592592592592596,-0.08296296296296296,0.3457225108084022,0.48373697859884873,0.18616070695444292,0.5529675363816655,0.017017747567400265,0.0029629629629630005,0.004726539170210936,0.2091291774393077,0.09737696215944915,0.11484587949329593,0.0,0.9999999987499999,0.7045217695906487,0.28587496906608134,0.25819365182918763,0.3889157807255784,neutral,01,10,10,female,normal,1140
60,2.0020000000000002,True,1.0,0.6265423096269513,0.6020061877670991,0.6142742486970252,1.0962962962962972,-0.09425925925925938,-0.09078703703703694,0.3395130570849117,0.518518518518519,0.1959458913701307,0.5603177268520158,0.02453612185985221,0.003472222222222432,0.007934078317563622,0.2284405900392961,0.0979619448073645,0.1141805684787131,0.0,0.9999999987499999,0.702188083678784,0.2849687540384643,0.25702232823387977,0.38635047655047244,neutral,01,10,10,female,normal,1140
70,2.3356666666666666,True,1.0,0.6161091600993047,0.6229362879644935,0.6195227240318991,1.010004738462452,-0.09287037037037038,-0.08824074074074073,0.30955221258141485,0.46427637171257885,0.2044000861286962,0.6133859579461077,0.006827127865188798,0.00462962962962965,0.006188749726145383,0.24549010009158478,0.09993842486168278,0.11546396468422067,0.0,0.9999999987499999,0.6960616206795218,0.27899572953134,0.26584909377126714,0.41160448604314004,neutral,01,10,10,female,normal,1140
80,2.6693333333333333,True,1.0,0.6020248303088809,0.6188011881265862,0.6104130092177336,0.6289361060881163,-0.0888888888888888,-0.08652777777777781,0.3613421643244529,0.27952715826138513,0.2007799599219375,0.9705485236241348,0.016776357817705367,0.0023611111111109806,0.006054330602451674,0.3528105846512758,0.09992648612081531,0.11481244482077212,0.0,0.9999999987499999,0.6973201957658063,0.2780286855713612,0.26630003814155273,0.41144696857293406,neutral,01,10,10,female,normal,1140
90,3.003,True,1.0,0.5767783660024131,0.5711575990368295,0.5739679825196213,0.6369366139188838,-0.087824074074074,-0.08361111111111103,0.37043318936819136,0.24391570327323617,0.20015252972733072,0.9011383079207286,0.005620766965583557,0.004212962962962974,0.0018334547592075666,0.33575710587443497,0.10080720907243575,0.11370531569932905,0.0,0.9999999987499999,0.6950551554059123,0.2796981198331354,0.2697671773310729,0.41415367933746955,neutral,01,10,10,female,normal,1140
100,3.336666666666667,True,1.0,0.6294794180970423,0.6432829319010032,0.6363811749990227,0.6658230339211776,-0.08620370370370373,-0.08444444444444449,0.3612477361427751,0.29121760301824545,0.20012355802494236,0.9557812550449549,0.013803513803960832,0.0017592592592592382,0.013319638920049188,0.35208255389204646,0.09940537506490621,0.11426787753897316,0.0,0.9999999987499999,0.6944004285229718,0.279898360059496,0.25802689426671205,0.3998716794822281,neutral,01,10,10,female,normal,1140
0,0.0,True,1.0,0.5427936619229778,0.5538493055388561,0.5483214837309169,0.7634988422351731,-0.0771296296296296,-0.07750000000000007,0.32454267520298286,0.39722635014168844,0.18698557924659692,0.7181693715810807,0.011055643615878297,0.0003703703703704653,0.00585044677899113,0.31053829131843225,0.10030042577733768,0.1131467768995889,0.0,0.9999999987499999,0.6991599067830259,0.279023576265579,0.26143289567578026,0.41262579358730456,neutral,01,10,10,female,normal,1141
10,0.33366666666666667,True,1.0,0.5515735633120007,0.5683012641243304,0.5599374137181655,0.7220524838182693,-0.07675925925925925,-0.07546296296296295,0.3358244529884918,0.375965754087222,0.18556514895392778,0.7754802126809027,0.01672770081232966,0.0012962962962962954,0.012740347791664929,0.3170043234007798,0.10070831614115905,0.1134575664476717,0.0,0.9999999987499999,0.6963018582354816,0.27928802293999,0.26210176395262336,0.4112214306690412,neutral,01,10,10,female,normal,1141
20,0.6673333333333333,True,1.0,0.5798724639853642,0.5589100673497409,0.5693912656675526,0.7326397052086978,-0.07722222222222214,-0.07685185185185184,0.32342767292974933,0.4052610269351696,0.1863278419162122,0.7771777336383336,0.02096239663562327,0.00037037037037029874,0.0067543172128380164,0.31187443464656067,0.1000262983928557,0.1148914430738727,0.0,0.9999999987499999,0.6956403300070028,0.2796296932548916,0.25833372179224834,0.40953126095419407,neutral,01,10,10,female,normal,1141
30,1.0010000000000001,True,1.0,0.6269349991361813,0.6557377049180334,0.6413363520271074,1.248641312587131,-0.07884259259259258,-0.07800925925925922,0.31315202173750545,0.5762810055019776,0.18141829471211002,0.5136273688544599,0.028802705781852067,0.0008333333333333526,0.010769842541421082,0.2023244069732839,0.09754126618958141,0.11353775827221634,0.0,0.9999999987499999,0.7016328592218138,0.2856428710818242,0.25577108837076323,0.3904729384752692,neutral,01,10,10,female,normal,1141
40,1.3346666666666667,True,1.0,0.5488823357897211,0.5876854603426765,0.5682838980661988,0.9337013012127964,-0.08166666666666667,-0.08064814814814814,0.3313466554781145,0.5120086741027773,0.1744984755156803,0.6086356496751667,0.038803124552955426,0.0010185185185185297,0.017271210418113785,0.24547999735912335,0.0982480051281706,0.1129267490536026,0.0,0.9999999987499999,0.7081559094887956,0.2792692904743161,0.25010517950094135,0.3878980157329874,neutral,01,10,10,female,normal,1141
50,1.6683333333333334,True,1.0,0.3444633613936768,0.3581977097487571,0.35133053557121696,1.1495812021262681,-0.09712962962962957,-0.09273148148148147,0.3241036705062216,0.5899690334087803,0.17241747326453355,0.3056161103899361,0.013734348355080306,0.0043981481481480955,0.022724865039291508,0.20288713343479983,0.0965819882250107,0.1145213720710799,0.0,0.9999999987499999,0.7108820886010654,0.2782616291806878,0.24439924135030053,0.3779720515096806,neutral,01,10,10,female,normal,1141
60,2.0020000000000002,True,1.0,0.5035091002242971,0.5237887388861522,0.5136489195552246,1.1474064442423995,-0.08833333333333337,-0.0849537037037037,0.3361244734338361,0.5437698886194743,0.1760107223464172,0.44766082858665895,0.020279638661855115,0.003379629629629677,0.027519162806779265,0.19889537452018563,0.09836531436497026,0.11349802590122388,0.0,0.9999999987499999,0.7047983077606044,0.28262834030394973,0.2491224461517338,0.3854265022249901,neutral,01,10,10,female,normal,1141
70,2.3356666666666666,True,1.0,0.5905117533337844,0.5951793746480583,0.5928455639909214,0.8443303497883692,-0.08115740740740746,-0.07962962962962966,0.34885230390796856,0.40053535217936026,0.187890625,0.7021488261549732,0.004667621314273895,0.0015277777777777946,0.02666220785225188,0.2810048834324809,0.10043028063471361,0.11387118601051542,0.0,0.9999999987499999,0.69621133230636,0.28000367699429046,0.26040439875371446,0.40341405931658514,neutral,01,10,10,female,normal,1141
80,2.6693333333333333,True,1.0,0.5788358085605539,0.6410033480555032,0.6099195783080286,1.1178911518328434,-0.07930555555555557,-0.0773611111111111,0.2839701490235755,0.5674559453183704,0.1899214750727084,0.5455983592928813,0.06216753949494924,0.0019444444444444708,0.023612977707135104,0.23415418584237047,0.09958211700002423,0.11560672095616617,0.0,0.9999999987499999,0.6929087576905762,0.28076084324041817,0.2612336136537634,0.40492028678514325,neutral,01,10,10,female,normal,1141
90,3.003,True,1.0,0.5922786950686544,0.6443043612282627,0.6182915281484586,0.6838986705897996,-0.08106481481481476,-0.07643518518518516,0.35788031178739677,0.2858197061387412,0.18724978985117816,0.9040689136231821,0.05202566615960835,0.004629629629629595,0.032307280323127505,0.31560543015272496,0.0983078047277131,0.11270577955672373,0.0,0.9999999987499999,0.7026880264840311,0.2849878271386848,0.2594273549091376,0.39073014996998723,neutral,01,10,10,female,normal,1141
100,3.336666666666667,True,1.0,0.5912653391695223,0.5775641538390113,0.5844147465042668,0.669420171132639,-0.08189814814814811,-0.07847222222222222,0.3594157215702663,0.27187728144904655,0.18719762965729664,0.8730163381773431,0.013701185330511012,0.003425925925925888,0.029411772503508883,0.3109463146034776,0.10002147174704301,0.11406353279432994,0.0,0.9999999987499999,0.6926321921815601,0.28070796235938283,0.25963449608958705,0.405838846700745,neutral,01,10,10,female,normal,1141
110,3.6703333333333332,True,1.0,0.5960868180692592,0.6164460748350028,0.606266446452131,0.722067110092027,-0.08249999999999996,-0.0775925925925926,0.33754618870699354,0.3677962278982874,0.18858363100397582,0.839626175986416,0.020359256765743572,0.00490740740740736,0.03178746268172204,0.3121112165111291,0.10004280388700065,0.11404482327040515,0.0,0.9999999987499999,0.7014665354110393,0.2765944855388038,0.2574707468008365,0.4066746643109699,neutral,01,10,10,female,normal,1141
0,0.0,True,1.0,0.6523742916357116,0.6734370333307791,0.6629056624832453,0.9889376360187678,-0.07694444444444443,-0.07425925925925914,0.32494843315889554,0.4017403981875361,0.2000976324197766,0.6703209973400839,0.0210627416950675,0.0026851851851852904,0.0025057836022127546,0.2480603614817254,0.10019744353075064,0.1150738209435401,0.0,0.9999999987499999,0.6890521135954383,0.28487960205747626,0.2668901352294658,0.40151382294773175,neutral,01,10,10,female,normal,1142
10,0.33366666666666667,True,1.0,0.6416426546458851,0.6841589929003222,0.6629008237731037,0.9040863439411844,-0.07555555555555549,-0.07527777777777778,0.32290262229130134,0.4052610269351691,0.2001235580249425,0.733227338534193,0.042516338254437125,0.0002777777777777102,0.0027255011022059733,0.28176472522779233,0.10180659540507192,0.1133169060385595,0.0,0.9999999987499999,0.6873420893826282,0.28492547224321996,0.27043217678089165,0.4034139962521583,neutral,01,10,10,female,normal,1142
20,0.6673333333333333,True,1.0,0.6388747802186759,0.7033876435799317,0.6711312118993038,0.9243693368862762,-0.07745370370370364,-0.07504629629629633,0.3306447356500277,0.40150200999381597,0.19879694664620132,0.7260422702466515,0.06451286336125572,0.0024074074074073026,0.009083865615020321,0.27185652695065265,0.1003403629497562,0.11395042709408024,0.0,0.9999999987499999,0.6856385426514356,0.28571302934925746,0.2662662867028669,0.4024867828867428,neutral,01,10,10,female,normal,1142
30,1.0010000000000001,True,1.0,0.49200931444503104,0.4953715049632593,0.4936904097041452,0.908274611099994,-0.09449074074074065,-0.08763888888888893,0.3283807871551467,0.45395779718612755,0.20230067779449257,0.5435475170953488,0.0033621905182282807,0.00685185185185172,0.025147063625943624,0.2645033460281495,0.10014737419534876,0.11495177880868167,0.0,0.9999999987499999,0.6939419949307848,0.2806531522435432,0.25754938788181414,0.39943296058431454,neutral,01,10,10,female,normal,1142
40,1.3346666666666667,True,1.0,0.553104983999632,0.5965526278274,0.574828805913516,1.0063076591453075,-0.0916203703703703,-0.085787037037037,0.3253837980900507,0.49524258725472264,0.19470950513359941,0.571225708847072,0.043447643827768,0.0058333333333333015,0.02461662792273282,0.2559816520539819,0.10012871294836484,0.11463612413888438,0.0,0.9999999987499999,0.7009227253166893,0.27992225764886564,0.26302534885224255,0.4107208017605621,neutral,01,10,10,female,normal,1142
50,1.6683333333333334,True,1.0,0.6143567350311606,0.6269204312832188,0.6206385831571897,1.039306439155721,-0.08967592592592594,-0.08453703703703708,0.3495501611769502,0.484415577846202,0.1885120097659645,0.5971661097966107,0.01256369625205822,0.0051388888888888595,0.03243311985679538,0.22203211479086277,0.09905966558430476,0.1139005851314721,0.0,0.9999999987499999,0.704204111308586,0.28574363577263917,0.26167096621023406,0.393149220954725,neutral,01,10,10,female,normal,1142
60,2.0020000000000002,True,1.0,0.5996216225295914,0.6174124980879128,0.6085170603087521,0.7029321454751378,-0.0922222222222222,-0.08768518518518525,0.33249736878081826,0.3508384794310095,0.19287444354852,0.865683927283526,0.017790875558321373,0.004537037037036951,0.03332986622763493,0.31708219395390086,0.09907857842386054,0.11438491062537899,0.0,0.9999999987499999,0.6993141739117522,0.28293685216244113,0.252754267403145,0.38754022829996443,neutral,01,10,10,female,normal,1142
70,2.3356666666666666,True,1.0,0.6055710704752032,0.6173977149765456,0.6114843927258744,0.9728303010524615,-0.09101851851851855,-0.08648148148148149,0.3280060251738975,0.5085604868590664,0.19932011555925752,0.6285622395440775,0.01182664450134241,0.004537037037037062,0.03503979396462785,0.24651648766007234,0.10009900859631476,0.11332500612028171,0.0,0.9999999987499999,0.6967342182654311,0.286660738004007,0.2649586095584963,0.3948029269813461,neutral,01,10,10,female,normal,1142
80,2.6693333333333333,True,1.0,0.5769969270742638,0.6155840210397698,0.5962904740570167,1.063099997247638,-0.08777777777777773,-0.08467592592592593,0.3368622852349883,0.5018878702615208,0.1935670463614978,0.5608978229713203,0.03858709396550608,0.0031018518518518,0.02957972112506553,0.222365216106157,0.10106248440666235,0.11464769556142582,0.0,0.9999999987499999,0.6914988095003627,0.27964095462394506,0.2670132740143542,0.40701372456949714,neutral,01,10,10,female,normal,1142
90,3.003,True,1.0,0.6203055789884554,0.6282189809363199,0.6242622799623876,0.6003075825259109,-0.08921296296296294,-0.08416666666666661,0.36261372174669976,0.2520726909876476,0.1950102020135643,1.0399040394187304,0.007913401947864496,0.0050462962962963265,0.03017332210902428,0.3564755448156037,0.10065514083660093,0.11550140396327235,0.0,0.9999999987499999,0.695858346346351,0.27773410699456075,0.2636544064311622,0.40961179362219813,neutral,01,10,10,female,normal,1142
100,3.336666666666667,True,1.0,0.6077347971776638,0.6109800518867,0.6093574245321819,0.6275246673889495,-0.08740740740740743,-0.08023148148148151,0.36201328120322657,0.23844714012345056,0.195827349968927,0.9710493566215346,0.0032452547090362494,0.007175925925925919,0.034040793495102015,0.3361407665889693,0.1017208423371661,0.11322574949554923,0.0,0.9999999987499999,0.695080977836447,0.2785855584805518,0.2666432617716951,0.4104261587714511,neutral,01,10,10,female,normal,1142
110,3.6703333333333332,True,1.0,0.6115260148735923,0.624137426397764,0.6178317206356781,0.6261891527838398,-0.08662037037037024,-0.08143518518518528,0.36322767704908393,0.24473794691225104,0.19645568220197762,0.9866535022029571,0.012611411524171778,0.0051851851851849595,0.026310864583487897,0.32921824663519633,0.10108976005133956,0.11429073615089949,0.0,0.9999999987499999,0.6960906878063725,0.27821922139424426,0.2651194067973167,0.4075796385486008,neutral,01,10,10,female,normal,1142
0,0.0,True,1.0,0.6277702745752326,0.6608684434073199,0.6443193589912762,0.728745920313728,-0.07587962962962963,-0.07462962962962955,0.31564967958671136,0.36434572080099636,0.195328027932124,0.8841481523682414,0.03309816883208727,0.0012500000000000844,0.00569972023500771,0.3308532256160314,0.10141383707547895,0.11350080953021266,0.0,0.9999999987499999,0.6856868980951756,0.2840355312290364,0.265984808700692,0.4100731208842887,neutral,01,10,10,female,normal,1143
10,0.33366666666666667,True,1.0,0.6370998163861511,0.6428856941394738,0.6399927552628124,0.7344554490144445,-0.07550925925925933,-0.07444444444444442,0.3290913668334037,0.3518299496045344,0.1960218023167498,0.8713840385030974,0.005785877753322732,0.0010648148148149073,0.014009786120667927,0.30531507438174965,0.10111125276587393,0.11360286409769565,0.0,0.9999999987499999,0.6888167884106767,0.28291432651892245,0.265737559300974,0.40773453432319456,neutral,01,10,10,female,normal,1143
20,0.6673333333333333,True,1.0,0.5990072948895826,0.6091992145022763,0.6041032546959295,0.8249538647943827,-0.07606481481481481,-0.07421296296296298,0.3204516513393049,0.4046715582713612,0.193229756483389,0.7322873199054597,0.010191919612693723,0.0018518518518518268,0.019151896616299985,0.29953928717564154,0.09963709849651424,0.11439944461177598,0.0,0.9999999987499999,0.686760248302446,0.2839188419406034,0.26314084106391583,0.4058553867427565,neutral,01,10,10,female,normal,1143
30,1.0010000000000001,True,1.0,0.5948140555954489,0.6305652041894511,0.61268962989245,0.8929459525800584,-0.08120370370370361,-0.07967592592592598,0.33114379047163023,0.4236939440403858,0.19334343563495973,0.6861441368563888,0.03575114859400219,0.001527777777777628,0.016826060688847365,0.2579257633786202,0.0999418292239984,0.11363143602496574,0.0,0.9999999987499999,0.6951364973098615,0.2813951662298238,0.2640808342104587,0.4123257170608151,neutral,01,10,10,female,normal,1143
40,1.3346666666666667,True,1.0,0.5659935653557406,0.5589100673497416,0.5624518163527411,0.9962684880536992,-0.08625000000000005,-0.08194444444444438,0.3217792830845859,0.4824930117850841,0.19122174848100948,0.5645584730392725,0.007083498005999056,0.0043055555555556735,0.021687781324283013,0.24655119480125726,0.09949218683280794,0.11518899632100396,0.0,0.9999999987499999,0.6926297972704707,0.28094280900234553,0.2617312051626279,0.4109744193076011,neutral,01,10,10,female,normal,1143
50,1.6683333333333334,True,1.0,0.4650220189296546,0.45817029074709087,0.46159615483837274,0.9137988217534162,-0.09046296296296297,-0.08490740740740738,0.3596371336388239,0.40138648595974297,0.18710305224310314,0.5051398008509711,0.006851728182563743,0.005555555555555591,0.020522357217591623,0.25738717384354376,0.09981976157917467,0.11490524493008775,0.0,0.9999999987499999,0.6944278980732919,0.2802417050253883,0.26136688612315423,0.41013575724268436,neutral,01,10,10,female,normal,1143
60,2.0020000000000002,True,1.0,0.5923626330470484,0.6117621078585332,0.6020623704527908,1.1593573717913714,-0.08800925925925918,-0.08458333333333334,0.318688886616507,0.5325392625270815,0.18985518084013486,0.5193069756588679,0.01939947481148485,0.0034259259259258323,0.01897977088276085,0.20695459116460363,0.09939448346402448,0.11494228497798303,0.0,0.9999999987499999,0.6945869547193878,0.2802474990553248,0.2598400980190793,0.4050073012980807,neutral,01,10,10,female,normal,1143
70,2.3356666666666666,True,1.0,0.6037451719653594,0.6263278723313555,0.6150365221483574,1.1574111799099356,-0.0831944444444444,-0.07944444444444437,0.28577891681450995,0.5523205585544804,0.19334343563495973,0.531389823101775,0.022582700365996078,0.003750000000000031,0.0193361340314214,0.19832235251967414,0.1168674196690791,0.10930626230370662,0.0,0.9999999987499999,0.6407760023853291,0.2640741930998666,0.2767423409466626,0.3638102621252313,neutral,01,10,10,female,normal,1143
80,2.6693333333333333,True,1.0,0.6583271373165097,0.6527130671943077,0.6555201022554087,0.7467811403502995,-0.08249999999999996,-0.0800925925925926,0.34916861359800094,0.3445875848136893,0.19122174848100948,0.8777941311532289,0.005614070122202053,0.002407407407407358,0.01584219197746055,0.31597698497314675,0.09980485186125505,0.11441975273840665,0.0,0.9999999987499999,0.6928822919245823,0.2798710106672337,0.2574018988773673,0.3981767584768414,neutral,01,10,10,female,normal,1143
90,3.003,True,1.0,0.6094310268609919,0.6347649903825948,0.6220980086217933,0.6594298836481998,-0.08143518518518517,-0.07824074074074067,0.3656770053577966,0.26095266599379374,0.19536395927035805,0.9433876505264316,0.025333963521602887,0.0031944444444444997,0.020064183370659197,0.35208255389204646,0.10082216263718013,0.11251291529418694,0.0,0.9999999987499999,0.6919707188265932,0.28149555844876806,0.2611227208129188,0.40075792062403104,neutral,01,10,10,female,normal,1143
100,3.336666666666667,True,1.0,0.6158875387474051,0.6241330926950364,0.6200103157212207,0.686050686539507,-0.0818518518518519,-0.07800925925925922,0.36066408963185786,0.25377452547075524,0.1961607016210435,0.9037383503667943,0.008245553947631268,0.003842592592592675,0.02195399369298609,0.3174491820292179,0.09970882585308359,0.11500152242940707,0.0,0.9999999987499999,0.692262547073517,0.2812110296855404,0.2604585216917116,0.4006075484833922,neutral,01,10,10,female,normal,1143
0,0.0,True,1.0,0.44380419833252327,0.45648716584025756,0.4501456820863904,0.4981669472578958,-0.08712962962962967,-0.07717592592592598,0.4007983996074316,0.28457219654091387,0.17438458343642962,0.9036040720167544,0.012682967507734288,0.009953703703703687,0.0691762539228891,0.4872323126676194,0.10127040271197886,0.11346101401556878,0.0,0.9999999987499999,0.6901283177880526,0.2825064061148727,0.26144601257134903,0.3908256796442798,calm,02,10,10,female,normal,1144
10,0.33366666666666667,True,1.0,0.5088777897932885,0.5069182737098751,0.5078980317515818,0.5263723379349349,-0.08472222222222225,-0.07574074074074078,0.38535368373677514,0.2745151175375027,0.17649553200692536,0.9649025891903219,0.001959516083413382,0.00898148148148148,0.0724965235444242,0.4497816958237593,0.10229134809610127,0.11355263077963834,0.0,0.9999999987499999,0.6921854245370023,0.28270121286121225,0.26391906785652286,0.3941558361564398,calm,02,10,10,female,normal,1144
20,0.6673333333333333,True,1.0,0.43012212427660057,0.4208765531308582,0.42549933870372936,0.584572094411289,-0.07949074074074075,-0.0733333333333333,0.38802118591651485,0.2850685648736681,0.17238674167589785,0.7278817151411262,0.00924557114574237,0.006157407407407445,0.06518355831057336,0.42062242630237473,0.10276416229711802,0.11463063433210689,0.0,0.9999999987499999,0.6935562150719663,0.28297346688509784,0.26318447034807946,0.3941243232848294,calm,02,10,10,female,normal,1144
30,1.0010000000000001,True,1.0,0.4079835967372752,0.42088177832883467,0.41443268753305496,0.8256284013047781,-0.07930555555555568,-0.0750925925925926,0.3951336207305026,0.3571885212551059,0.171775736803369,0.5019603091149821,0.012898181591559477,0.004212962962963085,0.06126900769561418,0.30973387845673567,0.10080075892359243,0.11471191265462452,0.0,0.9999999987499999,0.695109470272484,0.2830703574343242,0.27159325231823983,0.40738465683107167,calm,02,10,10,female,normal,1144
40,1.3346666666666667,True,1.0,0.43929644498645354,0.44699994891638123,0.4431481969514174,0.9201406042058178,-0.08777777777777779,-0.08027777777777773,0.3421918274287936,0.4659592536208263,0.17820041539783252,0.4816092181193361,0.007703503929927691,0.007500000000000062,0.059950338131440316,0.2823980227352651,0.10240910446682855,0.11344644187638059,0.0,0.9999999987499999,0.6917828981436324,0.2818999811566044,0.26349534143226716,0.3924272055475282,calm,02,10,10,female,normal,1144
50,1.6683333333333334,True,1.0,0.45859100496549854,0.49900254550447326,0.47879677523498587,0.922472899330923,-0.08101851851851866,-0.07513888888888892,0.3578907023604244,0.45999999999999924,0.17949567579841275,0.5190361425059327,0.04041154053897472,0.0058796296296297346,0.06237862690591987,0.30201312730320784,0.10116915231433225,0.1143871431794384,0.0,0.9999999987499999,0.6925319900929121,0.28650746880418315,0.2755600827747388,0.4002161422583807,calm,02,10,10,female,normal,1144
60,2.0020000000000002,True,1.0,0.4698813097058523,0.46940236729034235,0.4696418384980973,1.035737372724471,-0.08328703703703705,-0.0748611111111111,0.36167070007939117,0.4376393156647393,0.18510295539872612,0.45343718481715195,0.000478942415509942,0.008425925925925948,0.05551470207407437,0.26707212912200573,0.10237465065705226,0.11481281433604013,0.0,0.9999999987499999,0.6789789357539892,0.2838664749535396,0.2782941760519651,0.4182749642293523,calm,02,10,10,female,normal,1144
70,2.3356666666666666,True,1.0,0.4960555990299593,0.5325557911383939,0.5143056950841767,0.8620596103971482,-0.08476851851851858,-0.07694444444444437,0.3423006770507594,0.374428117279076,0.18827010382073348,0.5966010805763625,0.03650019210843458,0.007824074074074205,0.06291934773097298,0.2796025128299536,0.10474457035479598,0.11349733984439744,0.0,0.9999999987499999,0.6803114261095062,0.2808360183343632,0.27754646830634355,0.4157546379974699,calm,02,10,10,female,normal,1144
80,2.6693333333333333,True,1.0,0.5147013192862093,0.4755157066936666,0.49510851298993797,0.5964834781330607,-0.08356481481481476,-0.07467592592592592,0.37579346921837625,0.31617086038301523,0.1858356721379565,0.8300456444151358,0.03918561259254272,0.008888888888888835,0.06775207228408556,0.4094848415661386,0.10517949928041674,0.11426754453607733,0.0,0.9999999987499999,0.6795556125731544,0.2817014121594935,0.2796294514869021,0.4176396091991324,calm,02,10,10,female,normal,1144
90,3.003,True,1.0,0.43999860953329245,0.435599683374964,0.4377991464541282,0.5207301772747525,-0.08037037037037037,-0.07083333333333336,0.38356490985602393,0.27774470734107093,0.18242856652609435,0.840740878021234,0.004398926158328431,0.00953703703703701,0.06895447443763379,0.49532611652130426,0.10386070430100051,0.11430671578034586,0.0,0.9999999987499999,0.681592371042167,0.2815364797186193,0.2807223724127283,0.41677716152691713,calm,02,10,10,female,normal,1144
100,3.336666666666667,True,1.0,0.4971264844108443,0.4737863073106872,0.4854563958607657,0.5161166022434074,-0.08162037037037045,-0.07259259259259265,0.37588136044155285,0.29405706803384996,0.18275907338966788,0.940594419459923,0.023340177100157067,0.009027777777777801,0.06680353769449679,0.4809777002381472,0.10611748539289015,0.11322885740715306,0.0,0.9999999987499999,0.6812147954416141,0.2816908366862111,0.2778615449572946,0.4102917751963058,calm,02,10,10,female,normal,1144
0,0.0,True,1.0,0.5587942910380391,0.5769425970328322,0.5678684440354357,0.6199680399115509,-0.0764351851851851,-0.07759259259259255,0.35743742244233967,0.3030718096186835,0.18828563725134137,0.9159640618191413,0.018148305994793112,0.0011574074074074403,0.004103384134751193,0.3900099893586155,0.10224929695809874,0.1140925631511474,0.0,0.9999999987499999,0.6874449643294819,0.27758479967598565,0.26588816742232857,0.4133827591059576,calm,02,10,10,female,normal,1145
10,0.33366666666666667,True,1.0,0.5943246368385163,0.5807721452476393,0.5875483910430779,0.6283839842858195,-0.07597222222222222,-0.07606481481481486,0.3542742056145231,0.2862638150635401,0.18897974658960048,0.9350149044789028,0.013552491590877014,9.259259259264407e-05,0.004850865007302775,0.37762456043268067,0.10106227834896143,0.11414825405681485,0.0,0.9999999987499999,0.6918162544158288,0.27921140546687884,0.2614423574509982,0.40551300583548133,calm,02,10,10,female,normal,1145
20,0.6673333333333333,True,1.0,0.5560668205092634,0.5776702584505686,0.566868539479916,0.6073092308204867,-0.07384259259259257,-0.07412037037037039,0.3670550918142581,0.24284781424034305,0.18767935757500237,0.9334100499576887,0.02160343794130526,0.0002777777777778212,0.013465349763780284,0.3930701328816428,0.10210740166263839,0.1143862499065775,0.0,0.9999999987499999,0.6890758328096864,0.2811057971032564,0.2637972386942419,0.40558710183844876,calm,02,10,10,female,normal,1145
30,1.0010000000000001,True,1.0,0.5258214436995526,0.5502745440524248,0.5380479938759888,0.8669393713259396,-0.07467592592592598,-0.07370370370370366,0.41051217444081933,0.26482541475201554,0.18916173439610218,0.6206293215788226,0.02445310035287218,0.0009722222222223187,0.01811729658172164,0.3074388770390226,0.10045576992365214,0.11501414779780157,0.0,0.9999999987499999,0.688145848042342,0.28305969018518823,0.2819508800354205,0.4265206563568562,calm,02,10,10,female,normal,1145
40,1.3346666666666667,True,1.0,0.503855685007002,0.521838128245369,0.5128469066261855,0.7484333610306938,-0.08305555555555566,-0.08037037037037037,0.38047915369549495,0.27711089461830923,0.1996730864142668,0.6852272137093489,0.017982443238367063,0.0026851851851852904,0.021119751743035098,0.336480897146343,0.09986746486817281,0.11683722414329688,0.0,0.9999999987499999,0.689918773149885,0.2804870371457401,0.2713752041585848,0.4075712091865913,calm,02,10,10,female,normal,1145
50,1.6683333333333334,True,1.0,0.5198929559587281,0.5079365079365075,0.5139147319476178,0.7835603662447475,-0.08444444444444449,-0.08138888888888884,0.38270899073927633,0.2905680124738721,0.2072984323368375,0.6558712692559733,0.011956448022220623,0.0030555555555556446,0.026029949037120945,0.34800821174612734,0.10164359936782935,0.11595448237513338,0.0,0.9999999987499999,0.6841941732943178,0.2825371248582223,0.2815782325530176,0.4088567665455952,calm,02,10,10,female,normal,1145
60,2.0020000000000002,True,1.0,0.5880037561260921,0.6341100404654968,0.6110568982957945,0.9336924971300464,-0.09476851851851853,-0.08884259259259258,0.37408891694827323,0.24627085553380926,0.22805929594164398,0.6544519744712968,0.04610628433940467,0.005925925925925946,0.02756679708548435,0.29420914052415437,0.0865837060774492,0.11502960189393154,0.0,0.9999999987499999,0.7132383144429647,0.2992215666746784,0.2575012048572306,0.41341393182780356,calm,02,10,10,female,normal,1145
70,2.3356666666666666,True,1.0,0.610617945341938,0.623508152678043,0.6170630490099905,0.8605678596888964,-0.08777777777777773,-0.0825925925925926,0.3396556408184968,0.17915904382147155,0.22713211059367258,0.7170417092186836,0.01289020733610502,0.005185185185185126,0.023839986605545854,0.285459229044015,0.10277632006537195,0.11411998760796098,0.0,0.9999999987499999,0.6606051141394058,0.2849338455644294,0.2807240675914846,0.3956644767790264,calm,02,10,10,female,normal,1145
80,2.6693333333333333,True,1.0,0.6106179453419398,0.642588794200313,0.6266033697711264,0.528820239743353,-0.08185185185185179,-0.07694444444444448,0.3795254317106622,0.12242786490437861,0.22274380402386806,1.1849080702267172,0.0319708488583732,0.004907407407407305,0.029382358066047554,0.495007728917701,0.10562028484825377,0.11419440497284171,0.0,0.9999999987499999,0.6654073264149409,0.281517545574811,0.29318798236002686,0.4160169753242303,calm,02,10,10,female,normal,1145
90,3.003,True,1.0,0.6175854548498093,0.6796868838021172,0.6486361693259632,0.5347930987186194,-0.0797222222222222,-0.07597222222222222,0.37337792342524345,0.0977452494415627,0.21994590496663796,1.212873110891138,0.06210142895230786,0.0037499999999999756,0.035793287874908264,0.5030200051070642,0.10362488175064823,0.11335002170309634,0.0,0.9861188402272214,0.6571165133866046,0.2826368274450248,0.2863797988935635,0.40721118746542534,calm,02,10,10,female,normal,1145
100,3.336666666666667,True,1.0,0.6052372671484797,0.6645462867561441,0.6348917769523119,0.5340770979791647,-0.07763888888888903,-0.07384259259259257,0.38733854867822254,0.09529402396054999,0.21631143690174023,1.1887642802033802,0.05930901960766444,0.003796296296296464,0.03325031360981739,0.5173456476225309,0.10395101891627087,0.11505553691457152,0.0,0.9999999987499999,0.6572225055256478,0.28390771469286713,0.28565646933803784,0.4116147832108729,calm,02,10,10,female,normal,1145
0,0.0,True,1.0,0.5377495964782751,0.5733603955989796,0.5555549960386273,0.622782579266217,-0.07222222222222224,-0.07050925925925933,0.34917095754665955,0.2613184597923895,0.191610360590167,0.892052884159349,0.03561079912070442,0.0017129629629629162,0.04224058180230805,0.3933471473057725,0.10246123286483277,0.11339936336772707,0.0,0.9999999987499999,0.6777043196341036,0.28477548100746813,0.267858706973255,0.4065507646778224,calm,02,10,10,female,normal,1146
10,0.33366666666666667,True,1.0,0.5156316945552745,0.5415733868364131,0.5286025406958438,0.5638497372263926,-0.07004629629629627,-0.06944444444444453,0.359341807190243,0.22638312618862172,0.191610360590167,0.9374883161178158,0.02594169228113863,0.0006018518518517424,0.04669352501039275,0.43532817194053947,0.10280990982203382,0.11308334225351736,0.0,0.8596391123528262,0.6770935175554598,0.2847098427352714,0.2703785112137213,0.40547638277587644,calm,02,10,10,female,normal,1146
20,0.6673333333333333,True,1.0,0.5631271438006491,0.6256471439000887,0.594387143850369,0.5719451617633843,-0.07185185185185183,-0.07097222222222216,0.3659981864645954,0.20360980522660876,0.19290331746801778,1.0392379962054281,0.06252000009943959,0.0008796296296296746,0.029685778450978986,0.46298643138170237,0.10269942652025534,0.11402222319548252,0.0,0.9999999987499999,0.6769838727522259,0.2844616715849448,0.27475510663844277,0.4120784518691679,calm,02,10,10,female,normal,1146
30,1.0010000000000001,True,1.0,0.4984982452193284,0.5478307474679017,0.5231644963436151,0.9627029732219213,-0.09092592592592585,-0.08902777777777776,0.3597437238451444,0.3159496733260178,0.21304538526248493,0.543432928842753,0.04933250224857333,0.0018981481481480933,0.038710578562124,0.2866632889583379,0.10011049559474698,0.11613795380448179,0.0,0.9999999987499999,0.6821375476831358,0.284745244176281,0.28470216865790926,0.4196441455644917,calm,02,10,10,female,normal,1146
40,1.3346666666666667,True,1.0,0.47202289180936025,0.5092991230038999,0.4906610074066301,0.8352016873634897,-0.09564814814814815,-0.09064814814814814,0.36779584405064736,0.37686915700729545,0.1994222892089864,0.5874760729417547,0.037276231194539655,0.0050000000000000044,0.05191793117714198,0.3093518970805915,0.09752943639001142,0.11537882658305969,0.0,0.9999999987499999,0.698063427042692,0.2854033054643445,0.2659446398678693,0.39495614402435064,calm,02,10,10,female,normal,1146
50,1.6683333333333334,True,1.0,0.45156504421265514,0.4552439325150766,0.4534044883638659,0.9302319802813868,-0.09467592592592589,-0.08962962962962961,0.3804260450566129,0.4453542600218979,0.19148684311249697,0.4874101277691132,0.003678888302421468,0.005046296296296271,0.057415664597718866,0.27039862376586987,0.09999914887575821,0.11441661786234376,0.0,0.9999999987499999,0.7014001678405737,0.28314915209217106,0.2770228678899799,0.41489209128226573,calm,02,10,10,female,normal,1146
60,2.0020000000000002,True,1.0,0.4900142390341589,0.5150090811711481,0.5025116601026535,1.0783373598017854,-0.09773148148148153,-0.09050925925925918,0.36110222549785514,0.4575700594868957,0.19859549839688442,0.4660059818339436,0.02499484213698916,0.007222222222222352,0.059334395394964,0.2467074171302297,0.0964590039131751,0.11578261228420891,0.0,0.9999999987499999,0.7014537362679448,0.28497135540227503,0.2676648758189859,0.39348990263633504,calm,02,10,10,female,normal,1146
70,2.3356666666666666,True,1.0,0.5034353382950125,0.515671084096604,0.5095532111958083,0.8688536954392548,-0.09652777777777782,-0.09050925925925912,0.34576048610501336,0.3622250392241888,0.20153244572836107,0.5864660688796406,0.01223574580159148,0.006018518518518701,0.059986878338439416,0.28774530492755485,0.0983645840821967,0.11582487132292268,0.0,0.9999999987499999,0.6995605080235219,0.2853208565104466,0.26523078936988376,0.389947203121724,calm,02,10,10,female,normal,1146
80,2.6693333333333333,True,1.0,0.47873581230399487,0.48911214732039127,0.48392397981219304,0.5627723992120535,-0.09111111111111103,-0.08351851851851849,0.37444170652053477,0.28052345449647637,0.2019257737078277,0.8598928811891675,0.010376335016396399,0.00759259259259254,0.06223316363287554,0.464712459678189,0.10141863670262419,0.11549332281224717,0.0,0.9999999987499999,0.6829435153748998,0.2842644418262394,0.2739327645015806,0.41290940437727464,calm,02,10,10,female,normal,1146
90,3.003,True,1.0,0.2646610734923093,0.2534606446562981,0.25906085907430365,0.520474064026291,-0.10259259259259251,-0.09546296296296303,0.387601532654997,0.2148179571492026,0.20018558133718978,0.4977401891465192,0.01120042883601119,0.007129629629629486,0.05401015701373798,0.4866412913959526,0.1015861018605871,0.11534605061888697,0.0,0.9999999987499999,0.6867652994400885,0.2818429339691584,0.2691425446718312,0.39667556065187987,calm,02,10,10,female,normal,1146
100,3.336666666666667,True,1.0,0.49544691892695325,0.5253396351081827,0.510393277017568,0.567189110235625,-0.08726851851851847,-0.08055555555555549,0.3804746283103112,0.23082785277581672,0.20098975372768546,0.899864379987016,0.02989271618122946,0.006712962962962976,0.05970631435005408,0.44853551189544705,0.1020520552171599,0.11493400502326569,0.0,0.9999999987499999,0.6869514154880704,0.2817621760300818,0.27494274800935237,0.4068853026911405,calm,02,10,10,female,normal,1146
0,0.0,True,1.0,0.5857637615002759,0.5541011670732918,0.5699324642867838,0.6492910524229032,-0.06990740740740742,-0.07527777777777767,0.3482062574920197,0.2661831756392895,0.19318355521996863,0.8777765566921277,0.03166259442698405,0.005370370370370248,0.04688314987300578,0.3765669510604018,0.09965482556090162,0.11405039312285982,0.0,0.9999999987499999,0.6894683706920267,0.2828410716336085,0.2620959063952195,0.4012778623611215,calm,02,10,10,female,normal,1147
10,0.33366666666666667,True,1.0,0.5966621996858157,0.5848569228600812,0.5907595612729484,0.6483352721725579,-0.06958333333333333,-0.07541666666666663,0.34285804605350234,0.2793927653674152,0.19255297870187246,0.9111945418198912,0.011805276825734512,0.0058333333333333015,0.05177538887601495,0.34744141362015085,0.1013963751189644,0.11351640950595346,0.0,0.9999999987499999,0.6888254175420169,0.28282520541199785,0.26445428202332094,0.40202396926986317,calm,02,10,10,female,normal,1147
20,0.6673333333333333,True,1.0,0.5714795957965435,0.5711490722766996,0.5713143340366216,0.6136657725616226,-0.06865740740740756,-0.07500000000000001,0.35463850893967463,0.24209475282009638,0.19248957256034352,0.9309861484563273,0.00033052351984386164,0.006342592592592455,0.05225329600006525,0.3813861889921188,0.10079035161632696,0.1140548338966165,0.0,0.9999999987499999,0.6867508382884404,0.2836703138700071,0.26704591654691595,0.4070965616344664,calm,02,10,10,female,normal,1147
30,1.0010000000000001,True,1.0,0.5412543928303905,0.5539784747211953,0.5476164337757929,0.8646408335774882,-0.06907407407407407,-0.07537037037037048,0.3594777045922439,0.31295770765577846,0.1918258227334399,0.6333455609654782,0.012724081890804873,0.006296296296296411,0.05157335769299565,0.29662438495317894,0.09966193318169296,0.11404418224348384,0.0,0.9999999987499999,0.6893523068836909,0.2827777774054413,0.268623475644024,0.40861967835273755,calm,02,10,10,female,normal,1147
40,1.3346666666666667,True,1.0,0.5213158954828677,0.4904687568574854,0.5058923261701765,0.8646408335774882,-0.09342592592592591,-0.09689814814814818,0.3628724701574597,0.3407761705585142,0.2112859526178454,0.5850895614969114,0.030847138625382298,0.0034722222222222654,0.04169552260577907,0.29181604445969417,0.09934048346209357,0.11465710911025691,0.0,0.9999999987499999,0.6905580810996274,0.2839010699049151,0.2697463870254125,0.3986171741822279,calm,02,10,10,female,normal,1147
50,1.6683333333333334,True,1.0,0.3930238652021655,0.4185733646401396,0.40579861492115255,0.9054597548184941,-0.09888888888888892,-0.10231481481481475,0.37534889020329953,0.3585285706836056,0.20854416415420923,0.4481685826030974,0.025549499437974132,0.0034259259259258323,0.051567327694500606,0.29462199874612977,0.09847116759916331,0.11490823135475561,0.0,0.9999999987499999,0.6959172667582658,0.28105359667285584,0.2695325142443084,0.4000362787488873,calm,02,10,10,female,normal,1147
60,2.0020000000000002,True,1.0,0.4640779478185116,0.46888257335081224,0.4664802605846619,0.9001185963533053,-0.09810185185185183,-0.1016203703703703,0.35658186975609446,0.41321725455992275,0.19796973277377938,0.5182431098241236,0.004804625532300655,0.0035185185185184764,0.057309402753677845,0.2775870701420502,0.09696422469834926,0.11585423477069208,0.0,0.9999999987499999,0.6964145213632327,0.2860860531941604,0.2613327412487388,0.3806179247732014,calm,02,10,10,female,normal,1147
70,2.3356666666666666,True,1.0,0.4601650640394059,0.46510263554301595,0.4626338497912109,0.868693231631843,-0.09606481481481483,-0.1005092592592593,0.3420982645991992,0.39670879984351803,0.20154036748044105,0.5325629726873222,0.004937571503610072,0.004444444444444473,0.06893020092168782,0.2739347347607682,0.10101007786592214,0.11402748892881237,0.0,0.9999999987499999,0.7001615118156639,0.28128398855308173,0.26714257021704063,0.3887507931541734,calm,02,10,10,female,normal,1147
80,2.6693333333333333,True,1.0,0.5046200779942415,0.4936142085503727,0.49911714327230705,0.7676401315553631,-0.09111111111111114,-0.09712962962962957,0.37193191286843597,0.3299670869963906,0.20398489659363264,0.6501967820012419,0.011005869443868777,0.006018518518518423,0.07264305002899922,0.31490929859817673,0.10184463268745103,0.1139534582410828,0.0,0.9999999987499999,0.6902891352634805,0.2776287745440101,0.27176175847637907,0.3938095776700567,calm,02,10,10,female,normal,1147
90,3.003,True,1.0,0.5669560631058427,0.5215298569073845,0.5442429600066137,0.5278743264459127,-0.08967592592592594,-0.09587962962962959,0.38668892934323,0.1919235621410412,0.20819700852954873,1.0310085805288318,0.04542620619845816,0.006203703703703656,0.0711086484590597,0.47016732631883307,0.10065689185051427,0.11333521297414166,0.0,0.9999999987499999,0.6927403150010003,0.27827603642915,0.2709986350025205,0.3942097058815091,calm,02,10,10,female,normal,1147
100,3.336666666666667,True,1.0,0.5323509138948082,0.5017077690821967,0.5170293414885024,0.5813974815898328,-0.08865740740740741,-0.09425925925925921,0.3885919906396923,0.18945809878403347,0.20894802708309645,0.889287205157278,0.030643144812611434,0.005601851851851802,0.07471243109212387,0.40416115857281426,0.10320914330331092,0.11118748609162872,0.0,0.9999999987499999,0.6849742383125124,0.2796888394722538,0.2794507354814693,0.3928607922989335,calm,02,10,10,female,normal,1147
110,3.6703333333333332,True,1.0,0.542862020113429,0.5404371828507643,0.5416496014820966,0.6224906750310261,-0.08750000000000013,-0.0924537037037037,0.3792643442133906,0.19768905604298867,0.21379516221401257,0.870132876215535,0.0024248372626647363,0.004953703703703571,0.0813529748873269,0.3815715958217347,0.10502333135937844,0.11273357618001556,0.0,0.9999999987499999,0.6857326786652161,0.2775150176630476,0.2813614260202064,0.39595100284469026,calm,02,10,10,female,normal,1147
0,0.0,True,1.0,0.49076978092784007,0.5290548486867978,0.5099123148073189,0.8151000723793557,-0.07837962962962963,-0.07143518518518521,0.36194243595846226,0.33929903481559254,0.17990452959556294,0.6255824678297914,0.03828506775895768,0.00694444444444442,0.072184326520398,0.292365028222825,0.1025574605791058,0.1138156358947931,0.0,0.9999999987499999,0.6846876817992822,0.2831837998809271,0.26547393873096864,0.4072029993053343,calm,02,10,10,female,strong,1148
10,0.33366666666666667,True,1.0,0.49781242570282325,0.529596779797551,0.5137046027501871,0.8163000405663826,-0.07810185185185187,-0.0710648148148148,0.35469494488599246,0.3524775739978102,0.17911854704805127,0.6293085596244216,0.031784354094727796,0.007037037037037064,0.07312121015641274,0.28865693944591136,0.10283165406606427,0.11457009340159352,0.0,0.9999999987499999,0.684326716467837,0.28300371857621487,0.26526310028384653,0.40570552862082376,calm,02,10,10,female,strong,1148
20,0.6673333333333333,True,1.0,0.4754131070096294,0.4907474343237319,0.4830802706666807,0.7920515339874985,-0.07740740740740731,-0.07199074074074086,0.3666747076585023,0.3288529732036288,0.18403877145490408,0.6099101509653859,0.015334327314102503,0.005416666666666459,0.07124506891328436,0.32074710155514247,0.10219695542578719,0.11513660443842554,0.0,0.9999999987499999,0.6829144075130054,0.28404502786589153,0.2678202946283558,0.40571872211810384,calm,02,10,10,female,strong,1148
30,1.0010000000000001,True,1.0,0.4633098574831701,0.4802553336324037,0.4717825955577869,0.8376693913242674,-0.0930555555555555,-0.08277777777777784,0.39096006617741225,0.32392614509730117,0.19378367700647872,0.5632085885482196,0.016945476149233585,0.010277777777777664,0.07304115237859717,0.30290147354816294,0.1014824222644455,0.11477521363915553,0.0,0.9999999987499999,0.6801022204506801,0.28611820909265795,0.2727904354741218,0.41101341658812324,calm,02,10,10,female,strong,1148
40,1.3346666666666667,True,1.0,0.4970557178204732,0.4731960492982434,0.48512588355935826,0.7753234885752257,-0.10407407407407404,-0.09277777777777774,0.3998008594565776,0.3376297898737944,0.19246091552601502,0.6257077087279408,0.023859668522229815,0.011296296296296304,0.05803802442485439,0.3386238843245693,0.10012984859266265,0.11329775794280428,0.0,0.9999999987499999,0.6958527597523384,0.2844761400016034,0.26913656041719597,0.4032905439536805,calm,02,10,10,female,strong,1148
50,1.6683333333333334,True,1.0,0.40445367583648706,0.41252356061372575,0.4084886182251064,1.0495082600137906,-0.10365740740740731,-0.09092592592592585,0.3545707411307677,0.503264330427797,0.18763028865305295,0.3892190598097235,0.00806988477723869,0.012731481481481455,0.08364002504115134,0.24696387874817408,0.09779830408287213,0.11548144526208205,0.0,0.9999999987499999,0.6989146504539316,0.2817381122231272,0.259542555597287,0.39120740492853784,calm,02,10,10,female,strong,1148
60,2.0020000000000002,True,1.0,0.3541995327441457,0.33797641410276275,0.3460879734234542,0.6123042953591606,-0.10486111111111113,-0.094212962962963,0.3601482234982483,0.33691991404540483,0.18817444366991565,0.5652221878019795,0.016223118641382928,0.010648148148148129,0.08780707032756016,0.3942212201187633,0.10084777745637304,0.11366933623987964,0.0,0.9999999987499999,0.7017194573376225,0.2798834799235429,0.2644317015239762,0.39163938821507194,calm,02,10,10,female,strong,1148
70,2.3356666666666666,True,1.0,0.3306021294647992,0.3251557013055237,0.32787891538516145,0.7887165953138674,-0.10486111111111124,-0.09513888888888877,0.3656612332758137,0.3791145091800148,0.19000556823621967,0.4157119519650566,0.00544642815927554,0.009722222222222465,0.07496956192150074,0.3377872466666251,0.1020654498152092,0.11274635302897483,0.0,0.9999999987499999,0.6940114142922795,0.2827222072101193,0.2678851656022602,0.39071478806831594,calm,02,10,10,female,strong,1148
80,2.6693333333333333,True,1.0,0.32217460909156914,0.3580335077651737,0.34010405842837144,0.7646143941603011,-0.10398148148148151,-0.09212962962962956,0.38498204479748627,0.3796755448709229,0.19093230722389617,0.44480467674411683,0.03585889867360453,0.011851851851851947,0.07715190393703433,0.34674365086502407,0.1006885659553189,0.11481040279627641,0.0,0.9999999987499999,0.6947065959743274,0.28322422786952867,0.27426554792096686,0.3951246341246394,calm,02,10,10,female,strong,1148
90,3.003,True,1.0,0.30297215250894427,0.3297995318517935,0.3163858421803689,0.48143293034871787,-0.10212962962962957,-0.09166666666666667,0.3842010773060596,0.31089461602398577,0.1932400901702381,0.6571753244033393,0.026827379342849234,0.010462962962962896,0.08143858422543179,0.5214589862284574,0.10372845677423892,0.11375879146479918,0.0,0.9999999987499999,0.6854534926861371,0.28136971204779276,0.271801408928598,0.39840379431852724,calm,02,10,10,female,strong,1148
100,3.336666666666667,True,1.0,0.30404138401337305,0.3322539509054863,0.3181476674594297,0.47061450894872564,-0.09851851851851856,-0.08712962962962967,0.37125085172878464,0.26971973154702106,0.19339282293475527,0.6760260497920443,0.028212566892113267,0.011388888888888893,0.08342800949870455,0.523090415359099,0.1050891774151317,0.11351450945168265,0.0,0.9999999987499999,0.6845179774097139,0.28177180439354405,0.27254319762826323,0.39538362306269115,calm,02,10,10,female,strong,1148
110,3.6703333333333332,True,1.0,0.4552056941557201,0.48190835269654847,0.46855702342613426,0.48197505869991747,-0.08967592592592594,-0.0769907407407408,0.37043716051108266,0.2503736846855163,0.19286487655288467,0.9721603119672269,0.026702658540828372,0.012685185185185133,0.09014871521845083,0.5227109907094112,0.10415765969325186,0.11386899995348962,0.0,0.9999999987499999,0.6855892281834608,0.2816005446779753,0.2738381810189538,0.4007545469040417,calm,02,10,10,female,strong,1148
0,0.0,True,1.0,0.5371130941945876,0.5440749082880769,0.5405940012413323,0.9194679136551612,-0.07694444444444448,-0.08087962962962963,0.34553593116027326,0.430734481017111,0.1847288304216915,0.5879422144186726,0.0069618140934892825,0.003935185185185153,0.030624812690440806,0.25663283042108653,0.10219451961188997,0.11296718206420389,0.0,0.9999999987499999,0.6946034348348714,0.2761207589166657,0.26220419476346757,0.4038601954141743,calm,02,10,10,female,strong,1149
10,0.33366666666666667,True,1.0,0.5479470212733689,0.5464430964554888,0.5471950588644289,0.8824869146505724,-0.07773148148148146,-0.07912037037037045,0.3491017620791259,0.41946160667675675,0.18333499792094693,0.6200602522033939,0.0015039248178800868,0.001388888888888995,0.031209910071965923,0.255809132681548,0.10127826356685783,0.113789355351094,0.0,0.9999999987499999,0.6962920266387805,0.2756871228635659,0.2593926870263872,0.4034606509122933,calm,02,10,10,female,strong,1149
20,0.6673333333333333,True,1.0,0.5913200358412622,0.5491181293564432,0.5702190825988527,0.8670363983230662,-0.09805555555555551,-0.09759259259259262,0.3387798324417964,0.4772578781064532,0.1986126476545555,0.6576645267738616,0.04220190648481903,0.0004629629629628873,0.03487565479287642,0.27835102396063915,0.09888314261612191,0.11505176413516377,0.0,0.9999999987499999,0.6980310685602367,0.2817022349812794,0.2539520580422101,0.38166108743924965,calm,02,10,10,female,strong,1149
30,1.0010000000000001,True,1.0,0.5230697677009843,0.5515735633120001,0.5373216655064923,1.123015158609567,-0.09648148148148156,-0.09805555555555551,0.3460942873017752,0.5827253304535822,0.18194612173871696,0.4784634128819451,0.028503795611015792,0.00157407407407395,0.03971981585816408,0.2125037998972492,0.09857318718252037,0.1128120201029683,0.0,0.9999999987499999,0.7086791213516658,0.27724763864963825,0.2559294414293276,0.3865429265228543,calm,02,10,10,female,strong,1149
40,1.3346666666666667,True,1.0,0.48459363504049174,0.4790535451202929,0.4818235900803923,0.8705711355881062,-0.10078703703703706,-0.10171296296296295,0.3579043111925631,0.5245839155823228,0.17517429935995182,0.5534568863863157,0.005540089920198832,0.0009259259259258856,0.03997541699672872,0.263008966842775,0.09728228113492086,0.11426106416083548,0.0,0.9999999987499999,0.70445164049995,0.27946224598640373,0.24839062665278297,0.37639620795567547,calm,02,10,10,female,strong,1149
50,1.6683333333333334,True,1.0,0.3383506397958069,0.3488975632169883,0.34362410150639755,1.266375692619486,-0.11032407407407413,-0.11305555555555563,0.32630594080081926,0.7153198597245761,0.17478156341680173,0.27134451767280404,0.010546923421181409,0.0027314814814815014,0.04988759851011635,0.20207698507297464,0.09705676559695008,0.11561204474627017,0.0,0.9999999987499999,0.7052311767988444,0.2791382651517041,0.24896295974195165,0.3768452595824944,calm,02,10,10,female,strong,1149
60,2.0020000000000002,True,1.0,0.4558961419500737,0.4643093061195821,0.4601027240348279,0.6899804531264578,-0.09527777777777785,-0.09999999999999998,0.35016864998719294,0.44213367139707965,0.17022675682426716,0.6668344327002281,0.00841316416950838,0.004722222222222128,0.05250971964215167,0.3305670899068456,0.0991193070100058,0.11317732911840203,0.0,0.9999999987499999,0.7090517923497525,0.2760525395247681,0.24981597024643953,0.3797643767144359,calm,02,10,10,female,strong,1149
70,2.3356666666666666,True,1.0,0.5122907166883679,0.5206543836094494,0.5164725501489087,0.9043963720649663,-0.0977777777777778,-0.09902777777777783,0.34729504230357083,0.5356628606506539,0.17651384654991634,0.5710687991479564,0.00836366692108148,0.0012500000000000289,0.05692420758599352,0.25328093074996333,0.09855113847755488,0.11417412051736438,0.0,0.9999999987499999,0.7062563560893107,0.2791030449496619,0.25192141762185205,0.38045393104798425,calm,02,10,10,female,strong,1149
80,2.6693333333333333,True,1.0,0.4484908125573962,0.4649445220032179,0.45671766728030705,0.9359420898445749,-0.09578703703703706,-0.09925925925925927,0.35856344165127974,0.534356620133775,0.17933691644693356,0.4879764167419277,0.016453709445821696,0.00347222222222221,0.063958492334019,0.25439099350129313,0.09953654269522469,0.1141536381240642,0.0,0.9999999987499999,0.7094244024641108,0.27703515751731433,0.2584229368314763,0.3842573249210178,calm,02,10,10,female,strong,1149
90,3.003,True,1.0,0.4732444090258054,0.4666083129800035,0.4699263610029044,0.4278484223616125,-0.08912037037037035,-0.09328703703703706,0.3809645510721537,0.38445546506576994,0.18072449695109213,1.098347770944281,0.006636096045801898,0.004166666666666707,0.06524987392522684,0.5364493946350011,0.10166308931975361,0.11260284452006998,0.0,0.9999999987499999,0.7034988449285963,0.2768174381379582,0.2639210117485608,0.3932527136584719,calm,02,10,10,female,strong,1149
100,3.336666666666667,True,1.0,0.5014740988891025,0.4863280819744645,0.49390109043178354,0.40938639932420884,-0.0901851851851852,-0.09449074074074065,0.3916576804441301,0.3494725907630592,0.18301446072955652,1.2064423518883056,0.015146016914638072,0.0043055555555554514,0.0739523572046594,0.5364493946349991,0.10096843746914079,0.1140643620818634,0.0,0.9999999987499999,0.6952732958417741,0.2813785766739863,0.2624173508894384,0.38842119006958503,calm,02,10,10,female,strong,1149
110,3.6703333333333332,True,1.0,0.5036866523744266,0.5182969057332081,0.5109917790538173,0.46178600705483996,-0.09143518518518517,-0.09453703703703709,0.3958452115741973,0.3499702682736059,0.187125477935715,1.1065553551802054,0.014610253358781522,0.003101851851851911,0.07917435409365096,0.4882082309454116,0.10215811603777254,0.11383998914024879,0.0,0.9999999987499999,0.6933164859146784,0.28177519559833214,0.26355083312280037,0.385856751238122,calm,02,10,10,female,strong,1149
0,0.0,True,1.0,0.5513323360474881,0.5714795957965436,0.5614059659220159,0.5686209959468658,-0.09078703703703705,-0.08449074074074081,0.37458680615459206,0.2372975889563519,0.2020247133695327,0.9873113548808807,0.020147259749055513,0.006296296296296244,0.04861836707689192,0.4080510876951992,0.10111701539452209,0.11459960318258156,0.0,0.9999999987499999,0.6882347745895234,0.28217870382263527,0.26874329233590427,0.40666342423505647,calm,02,10,10,female,strong,1150
10,0.33366666666666667,True,1.0,0.6187676840868406,0.6098107504004606,0.6142892172436506,0.5492121631555072,-0.0885185185185185,-0.08180555555555558,0.3807123104210635,0.21506866033405425,0.2027801978026373,1.11849164758887,0.008956933686379953,0.006712962962962921,0.04450287610801157,0.4433694369775219,0.10251990411738614,0.11384946620282918,0.0,0.9999999987499999,0.6837057927702331,0.2833163415601024,0.27292249200478264,0.4067190230751405,calm,02,10,10,female,strong,1150
20,0.6673333333333333,True,1.0,0.5273583791692403,0.5795479242716753,0.5534531517204578,0.51476608403252,-0.08861111111111108,-0.0826851851851852,0.3957624233442468,0.15622211249406634,0.20416434611805995,1.0751546554599618,0.05218954510243501,0.00592592592592589,0.04791742852773326,0.49315784523756845,0.10149797366223924,0.11492735524939997,0.0,0.9999999987499999,0.6816584080429047,0.28519066363654955,0.27686981906156183,0.4090434650470023,calm,02,10,10,female,strong,1150
30,1.0010000000000001,True,1.0,0.4883383466456911,0.4909173676390558,0.48962785714237345,0.8426907470780263,-0.09805555555555556,-0.09004629629629624,0.41019066961311246,0.2584179413631642,0.21194212354925557,0.5810291128033923,0.0025790209933647112,0.008009259259259327,0.05486711517538376,0.31310515351596857,0.09914777437187149,0.11712368857968176,0.0,0.9999999987499999,0.6844757248211784,0.28532664391883117,0.28920312908920076,0.4242240818170287,calm,02,10,10,female,strong,1150
40,1.3346666666666667,True,1.0,0.43319439699915574,0.4611735402900733,0.4471839686446145,0.8028107710059723,-0.09754629629629635,-0.08953703703703703,0.40208783274222903,0.3143725640597184,0.19932011555925744,0.557022881100941,0.027979143290917552,0.008009259259259327,0.04746423304614446,0.3326226561804601,0.0995316177647186,0.11465751321595942,0.0,0.9999999987499999,0.6952287393707485,0.2884377575157144,0.2778806789475939,0.40602021651797776,calm,02,10,10,female,strong,1150
50,1.6683333333333334,True,1.0,0.23765800361744865,0.24687061602058355,0.2422643098190161,0.7620109434964248,-0.10796296296296304,-0.10037037037037033,0.4006894091827788,0.37400488561363227,0.1968839559250434,0.31792759918565755,0.009212612403134895,0.007592592592592706,0.06503055106942236,0.3561087859682143,0.09959438571182842,0.11443663163044367,0.0,0.9999999987499999,0.6978177127804245,0.2845172134136876,0.2736553561086484,0.39310543138861354,calm,02,10,10,female,strong,1150
60,2.0020000000000002,True,1.0,0.4511215875106659,0.4648973922666242,0.45800948988864504,0.5601318379066653,-0.10055555555555562,-0.09620370370370374,0.38178324795697743,0.31617086038301606,0.19654135026258499,0.8176815865356383,0.013775804755958299,0.0043518518518518845,0.07151780610566667,0.45982539390880167,0.09744478038287277,0.11462224751293924,0.0,0.9999999987499999,0.7021114479072879,0.28201078097794974,0.26129382441478355,0.39037369794623417,calm,02,10,10,female,strong,1150
70,2.3356666666666666,True,1.0,0.4444917421213758,0.488982175125705,0.4667369586235404,0.788641558945374,-0.1006481481481481,-0.09476851851851847,0.38169613662303575,0.3860430897831286,0.19392656904419997,0.5918239450222397,0.0444904330043292,0.0058796296296296235,0.08949274499915964,0.3392314896229269,0.10058559220781686,0.11339849653787797,0.0,0.9999999987499999,0.7037068921162215,0.28178703162745344,0.271553946305986,0.3963440072695055,calm,02,10,10,female,strong,1150
80,2.6693333333333333,True,1.0,0.44639241345974745,0.4718805732803166,0.45913649337003204,0.8409207547439635,-0.09652777777777777,-0.09504629629629624,0.35613828220584637,0.39813776274421914,0.1904351863423394,0.5459925810843211,0.025488159820569123,0.001481481481481528,0.08407333591819777,0.30790686697214176,0.09918609894605915,0.11445826403113733,0.0,0.9999999987499999,0.700447296762455,0.2821527383030605,0.267331719057832,0.3856853311629456,calm,02,10,10,female,strong,1150
90,3.003,True,1.0,0.48904352096744175,0.541049041039796,0.5150462810036189,0.5166393676972189,-0.09953703703703709,-0.08884259259259264,0.3914720490099201,0.24339168587897092,0.20969552943202668,0.9969164434744865,0.05200552007235426,0.01069444444444445,0.08725610358462059,0.5083606936412873,0.10044490008428933,0.11634117728361007,0.0,0.9999999987499999,0.6807733954988243,0.2853901764290087,0.27600137351586496,0.4078295980778306,calm,02,10,10,female,strong,1150
100,3.336666666666667,True,1.0,0.4918176470612756,0.5345711281783689,0.5131943876198223,0.45209930811996685,-0.09953703703703703,-0.08750000000000002,0.3815302699314673,0.24195142663958183,0.20869229509899345,1.135136414505734,0.04275348111709332,0.012037037037037013,0.08981380541398543,0.5547420163500032,0.10397520821136119,0.11453573740499698,0.0,0.9999999987499999,0.6808515330741671,0.2849402522803049,0.28139123480601574,0.411238229832257,calm,02,10,10,female,strong,1150
110,3.6703333333333332,True,1.0,0.503488076440282,0.5224086569541208,0.5129483666972015,0.4487837384690381,-0.10106481481481477,-0.08782407407407422,0.39186337662617493,0.23383437968748028,0.204613068557598,1.1429744946798917,0.018920580513838714,0.013240740740740553,0.08795777943845369,0.5647763674622059,0.10408560194595844,0.11426881720501303,0.0,0.9999999987499999,0.6848553379867571,0.2840535145705376,0.27853211680667816,0.40433234183619937,calm,02,10,10,female,strong,1150
0,0.0,True,1.0,0.5870704193967341,0.5848642274723096,0.5859673234345218,0.7025552477253462,-0.07273148148148151,-0.07402777777777775,0.35021183371942405,0.3440860215053765,0.18404809099924888,0.8340515928557939,0.0022061919244245054,0.0012962962962962399,0.00827321047833881,0.3328862299429647,0.09864906431974098,0.11392240715715042,0.0,0.9999999987499999,0.6947258276279262,0.2780559599055795,0.2513903808956572,0.3928586572881318,calm,02,10,10,female,strong,1151
10,0.33366666666666667,True,1.0,0.6026902433056917,0.5952887153610064,0.598989479333349,0.7163650022433103,-0.08638888888888879,-0.0825925925925926,0.35158171930169835,0.3652537079976067,0.19031025283780695,0.8361512322036982,0.007401527944685293,0.0037962962962961866,0.007762863344734207,0.30367314246186616,0.10043728444850764,0.11268767692969418,0.0,0.9999999987499999,0.7023829344472163,0.2812554392692079,0.25648659146424774,0.3861717924054046,calm,02,10,10,female,strong,1151
20,0.6673333333333333,True,1.0,0.5681800091372493,0.5573143408668461,0.5627471750020476,0.7106445380034794,-0.08925925925925926,-0.08583333333333337,0.35514695362611426,0.3907555984061969,0.1882272789446145,0.7918827837375039,0.01086566827040325,0.003425925925925888,0.01631429140266432,0.32616744931089303,0.10027415755371843,0.1128328585371827,0.0,0.9999999987499999,0.7034881560202205,0.2799799679063225,0.25310873018796876,0.3825676611006116,calm,02,10,10,female,strong,1151
30,1.0010000000000001,True,1.0,0.5516296643079552,0.5197408557399161,0.5356852600239357,0.9718471199355876,-0.0925462962962963,-0.08967592592592588,0.35451977177625893,0.46465750862479316,0.18820093072565583,0.5512032181146351,0.031888808568039106,0.002870370370370412,0.020469573258740725,0.2542981723147531,0.09818408084596364,0.11415662514445049,0.0,0.9999999987499999,0.7044581468915692,0.27953322879565706,0.2564739399891071,0.38581011774174984,calm,02,10,10,female,strong,1151
40,1.3346666666666667,True,1.0,0.5192344087174992,0.5171376808054302,0.5181860447614647,0.9247909948026827,-0.10115740740740742,-0.09907407407407404,0.3527405664307824,0.5332139067924871,0.18958977209762068,0.56032773640062,0.002096727912068941,0.0020833333333333814,0.023581999059306195,0.2512821541613838,0.09922569509375628,0.11342051920549541,0.0,0.9999999987499999,0.7128079679606217,0.2770155712753485,0.25767836120801935,0.38749898409450045,calm,02,10,10,female,strong,1151
50,1.6683333333333334,True,1.0,0.5153247419481051,0.5113264528942082,0.5133255974211566,0.8243888062359863,-0.09912037037037036,-0.10087962962962965,0.3789259783201616,0.42500897446024394,0.18964127434192102,0.6226741478513161,0.003998289053896875,0.0017592592592592937,0.02992479519028476,0.3139082251714762,0.0996221361836605,0.11324083483212619,0.0,0.9999999987499999,0.7027695058335833,0.28256773436309846,0.2628044959171986,0.38373241501536837,calm,02,10,10,female,strong,1151
60,2.0020000000000002,True,1.0,0.5657319195070296,0.5832733696331389,0.5745026445700843,0.6846486570881195,-0.0999074074074075,-0.10074074074074069,0.3779610869597933,0.36788292838958364,0.19447622372529053,0.8391203847729761,0.017541450126109304,0.000833333333333186,0.031685547650647856,0.326104348029466,0.09708264792947,0.11476323615150748,0.0,0.9999999987499999,0.703691753044968,0.28031540970561036,0.25911076828421553,0.381474222296281,calm,02,10,10,female,strong,1151
70,2.3356666666666666,True,1.0,0.5030549975560972,0.5389551917906312,0.5210050946733642,0.8102555499871748,-0.09810185185185183,-0.1022222222222221,0.3902386978859092,0.37909051261623994,0.20011021438295098,0.6430132995468048,0.035900194234534055,0.004120370370370274,0.03362384876676169,0.31058088137359424,0.09989349971053256,0.11434236742113023,0.0,0.9999999987499999,0.697199251685049,0.2848931427868779,0.27287737815074536,0.3883740564364212,calm,02,10,10,female,strong,1151
80,2.6693333333333333,True,1.0,0.5193618966558786,0.5020450305857385,0.5107034636208085,0.7883243346819527,-0.09643518518518518,-0.09879629629629622,0.3716231950178896,0.3399602222594639,0.20217995971685995,0.6478341986320268,0.017316866070140158,0.002361111111111036,0.036505992044646926,0.2992273077359159,0.0994394862083911,0.114404846748857,0.0,0.9951555877360305,0.6977675377025809,0.28522576940292393,0.2703839999171234,0.38179371597415307,calm,02,10,10,female,strong,1151
90,3.003,True,1.0,0.5460752369423878,0.531840326621114,0.5389577817817509,0.5831989340697014,-0.09601851851851856,-0.09787037037037033,0.4018743027538181,0.2655680311182005,0.20360753778916188,0.9241405467269546,0.014234910321273775,0.0018518518518517713,0.039217899606124824,0.42178942208914605,0.09725151478734564,0.11495212772093966,0.0,0.9999999987499999,0.6962848507762479,0.2856484159481152,0.26754727447271237,0.38326840433610543,calm,02,10,10,female,strong,1151
100,3.336666666666667,True,1.0,0.5516260536625367,0.5359529360254538,0.5437894948439952,0.5052433104514475,-0.0924537037037037,-0.0941203703703703,0.403020608477317,0.2201423146703308,0.2016448213616301,1.0762923201459227,0.0156731176370829,0.0016666666666665941,0.05851682264727866,0.45964557340641954,0.09953306231412669,0.1138223969182538,0.0,0.9999999987499999,0.6981876259800796,0.28515565942897475,0.27146780949269217,0.3938227237823383,calm,02,10,10,female,strong,1151
110,3.6703333333333332,True,1.0,0.5289012454292062,0.5216278920613531,0.5252645687452797,0.5235501622115046,-0.08870370370370367,-0.09300925925925924,0.4059445226018582,0.21191546550919046,0.199584420853869,1.003274579319264,0.007273353367853175,0.0043055555555555625,0.05809834055071863,0.451923282134999,0.10002386366578181,0.113559232028577,0.0,0.9999999987499999,0.7002830091098939,0.28389510457899075,0.27131864492169666,0.39409132566583976,calm,02,10,10,female,strong,1151
0,0.0,True,1.0,0.6141066698241179,0.6172667209283856,0.6156866953762518,0.5406791786066553,-0.06717592592592592,-0.06402777777777774,0.42879666663631616,0.07639460727294652,0.19526552289985202,1.1387283249243902,0.003160051104267758,0.0031481481481481777,0.013563188114025551,0.46666866186039124,0.10116323299542883,0.11489093975196145,0.0,0.9999999987499999,0.6759818645270609,0.2863601667768884,0.2760227145550097,0.4041234989778819,happy,03,10,10,female,normal,1152
10,0.33366666666666667,True,1.0,0.5958448476985879,0.608074056305426,0.601959452002007,0.6712121664313475,-0.06652777777777774,-0.06263888888888897,0.46442380863899696,0.08118165682914967,0.1973475194038022,0.8968244053180109,0.012229208606838071,0.003888888888888775,0.011066344902660653,0.3994535005519409,0.10141363188625717,0.1145037076585819,0.0,0.9999999987499999,0.6750137814969739,0.2893939300686669,0.2860886197777196,0.41403885637530286,happy,03,10,10,female,normal,1152
20,0.6673333333333333,True,1.0,0.6077347971776614,0.6015740146137467,0.6046544058957041,0.7303779034213392,-0.06851851851851842,-0.06388888888888888,0.45587271838066523,0.10355739646082059,0.19597392345146358,0.8278651408583099,0.006160782563914724,0.004629629629629539,0.01301755129896619,0.36130313283523685,0.10127702798261211,0.11412482446981789,0.0,0.9999999987499999,0.6791598033353967,0.2877612840708339,0.28796207547236696,0.41735765773251565,happy,03,10,10,female,normal,1152
30,1.0010000000000001,True,1.0,0.5671866637064653,0.582812459333738,0.5749995615201017,0.8499294305784644,-0.09870370370370368,-0.09148148148148144,0.45620311762520416,0.21792495656500616,0.21057650598031288,0.6765262395123267,0.01562579562727273,0.007222222222222241,0.010369404630704434,0.30314794486640584,0.09866179286257173,0.11639313805334119,0.0,0.9999999987499999,0.6847652088100866,0.28309506347218005,0.2923543670534707,0.4379986864556975,happy,03,10,10,female,normal,1152
40,1.3346666666666667,True,1.0,0.4583212056208122,0.47216213655442074,0.4652416710876165,0.7430930936320268,-0.08712962962962956,-0.09300925925925924,0.4094302906169771,0.3234852592611057,0.19754728890644693,0.6260880030705818,0.013840930933608553,0.005879629629629679,0.011083591128797022,0.3551665251165807,0.09901626130069426,0.11559835687514386,0.0,0.9999999987499999,0.6956082039143784,0.28508917656563637,0.2833100734636956,0.4060703868384022,happy,03,10,10,female,normal,1152
50,1.6683333333333334,True,1.0,0.4968224883983466,0.4939511381697335,0.49538681328404005,0.8858655260018801,-0.09013888888888882,-0.09513888888888888,0.41075775808970505,0.31719897381498846,0.20721302965471397,0.5592122040461801,0.0028713502286130677,0.00500000000000006,0.016466912273988516,0.3142448151948104,0.10081525750040866,0.11732673574346669,0.0,0.9999999987499999,0.6792279653267557,0.2820237641735766,0.29604067480458784,0.43454861099841097,happy,03,10,10,female,normal,1152
60,2.0020000000000002,True,1.0,0.4350220199202418,0.46698029175377015,0.45100115583700595,0.7047787496390208,-0.1018055555555556,-0.09287037037037038,0.3983412372624443,0.20385614159096085,0.22445550452785076,0.6399187774432804,0.03195827183352834,0.008935185185185213,0.03660793909441952,0.3783807560418251,0.10104565551951607,0.11696559587557429,0.0,0.9999999987499999,0.6742893893416743,0.2854175922068894,0.2897266446163289,0.4182521988063949,happy,03,10,10,female,normal,1152
70,2.3356666666666666,True,1.0,0.5994474854304687,0.5975596667593017,0.5985035760948851,0.8606033553672641,-0.09972222222222221,-0.09273148148148153,0.37536660790762266,0.24760561017566668,0.2267125183469945,0.6954464822409072,0.001887818671166941,0.006990740740740686,0.027421247735206312,0.30813199415785314,0.10131240408350557,0.11722322184426659,0.0,0.9999999987499999,0.6701126586259505,0.2889754147063826,0.292204545736409,0.41212144492224284,happy,03,10,10,female,normal,1152
80,2.6693333333333333,True,1.0,0.5512137645919327,0.5783592921997093,0.564786528395821,0.7757371643663862,-0.09236111111111106,-0.08222222222222209,0.4374237811030755,0.11798424854067836,0.22469840643549058,0.7280642907667477,0.027145527607776554,0.010138888888888975,0.029100050972519373,0.34495743677702195,0.10611405029943,0.1147363879204976,0.0,0.9999999987499999,0.657463795189951,0.284848402065667,0.3040950039218303,0.4441208453519167,happy,03,10,10,female,normal,1152
90,3.003,True,1.0,0.5595344184277262,0.6023670031379141,0.5809507107828202,0.7533270101033906,-0.09060185185185188,-0.08222222222222225,0.4493602394353187,0.13830898145059234,0.21779066276925743,0.7711799829174948,0.042832584710187915,0.008379629629629626,0.03199850543196695,0.36277242071992666,0.10161583499681645,0.11597881424161224,0.0,0.9999999987499999,0.6726467170774559,0.29046247401369585,0.29955281882600393,0.4313789176562962,happy,03,10,10,female,normal,1152
100,3.336666666666667,True,1.0,0.5478332705732832,0.567660921367997,0.5577470959706401,0.7452088758813044,-0.0874537037037037,-0.0830555555555556,0.4530283866985748,0.13696818236403793,0.2154340104642345,0.7484439786241585,0.019827650794713714,0.0043981481481480955,0.014634141856751498,0.35595368686249873,0.08571974773696554,0.1136812427267295,0.0,0.9999999987499999,0.7237264489311351,0.2960384689484478,0.2659382255787457,0.43727596481723946,happy,03,10,10,female,normal,1152
0,0.0,True,1.0,0.5953845144819723,0.600797166958443,0.5980908407202077,0.7416042606145452,-0.0824537037037037,-0.07671296296296293,0.41514758751969033,0.14348317178552106,0.21206798423256434,0.8064824765496732,0.005412652476470714,0.0057407407407407685,0.021018142136760013,0.3659792867478447,0.08779340254327718,0.11293422115488964,0.0,0.9999999987499999,0.7134533698244923,0.29897108743084855,0.26144010733816425,0.4320289083159649,happy,03,10,10,female,normal,1153
10,0.33366666666666667,True,1.0,0.6278122732452924,0.6293261944563779,0.6285692338508352,0.7524928487132748,-0.08120370370370383,-0.07699074074074086,0.41549518280851483,0.16122276447013711,0.20925577486501223,0.8353158902781032,0.0015139212110855116,0.004212962962962974,0.01500767327930514,0.36268487324454124,0.08793862869257582,0.11265217918034422,0.0,0.9999999987499999,0.7132949923485019,0.2988996781129579,0.2621667058113174,0.4311378086239207,happy,03,10,10,female,normal,1153
20,0.6673333333333333,True,1.0,0.6080410216889692,0.6735005863546433,0.6407708040218063,0.7680292293515211,-0.08333333333333337,-0.07773148148148157,0.40417164815807644,0.16451868360696262,0.2106808253813734,0.8343052315376535,0.06545956466567404,0.005601851851851802,0.019811408849848274,0.3513291946519284,0.10176529582012268,0.113521947554493,0.0,0.9999999987499999,0.6751461908669717,0.2892795285834768,0.28424796766319776,0.40246612979686686,happy,03,10,10,female,normal,1153
30,1.0010000000000001,True,1.0,0.5757255491765604,0.5756983893181602,0.5757119692473602,0.7490207261838955,-0.07486111111111116,-0.07791666666666663,0.47433777352714757,0.1370758270482178,0.19945861633822345,0.7686195443222149,2.715985840018309e-05,0.003055555555555478,0.0023954546335234078,0.3509668434575197,0.10034450113470846,0.11675459936206257,0.0,0.9999999987499999,0.6778158568818152,0.289622301001719,0.3124387480025689,0.43978958478780183,happy,03,10,10,female,normal,1153
40,1.3346666666666667,True,1.0,0.42224719837325186,0.43641774109030496,0.4293324697317784,1.0507664193717594,-0.09490740740740744,-0.10009259259259257,0.3762133007656569,0.38916336426692033,0.21262957044709382,0.40858982721247517,0.014170542717053092,0.005185185185185126,0.00400983704641304,0.2641711490659079,0.10005885749072078,0.11716221389661514,0.0,0.9999999987499999,0.679981446250375,0.2838749646403815,0.29561118287594623,0.41743942676663803,happy,03,10,10,female,normal,1153
50,1.6683333333333334,True,1.0,0.6145914045468294,0.5990108425954603,0.6068011235711448,0.5666859542241927,-0.08722222222222231,-0.09550925925925935,0.38651041722093676,0.14165991307808626,0.22521182791239144,1.0707890658801855,0.015580561951369032,0.008287037037037037,0.0013068734705857967,0.5006063537798479,0.10103007764569695,0.11616186461666045,0.0,0.9999999987499999,0.6750828388933698,0.2883752365954021,0.2974439123358494,0.4145147086238723,happy,03,10,10,female,normal,1153
60,2.0020000000000002,True,1.0,0.6073546973034085,0.6194636685491632,0.6134091829262859,0.6961389024203891,-0.08981481481481479,-0.09402777777777777,0.398877558986489,0.13052604420382258,0.23619381721400637,0.8811591778501932,0.012108971245754718,0.004212962962962974,0.011267098267954419,0.402182343912687,0.10230129747493966,0.11636121130196259,0.0,0.9999999987499999,0.6603635704828807,0.2835196342319413,0.30218606597324027,0.4268981846098661,happy,03,10,10,female,normal,1153
70,2.3356666666666666,True,1.0,0.5799136750284856,0.6057638928010656,0.5928387839147755,0.8178049512393553,-0.09444444444444439,-0.09092592592592602,0.4177811977775703,0.15407407407407345,0.23689864719403936,0.7249146425640353,0.02585021777258001,0.0035185185185183654,0.0001594938439682589,0.3426865050978958,0.10303071292231114,0.11620873890600122,0.0,0.9999999987499999,0.6602591213516656,0.28293168788247425,0.3047319615964853,0.433206398963968,happy,03,10,10,female,normal,1153
80,2.6693333333333333,True,1.0,0.18327703446238053,0.17437882516147046,0.1788279298119255,0.7259290989812535,-0.1069444444444444,-0.10069444444444436,0.45261822465403223,0.08125785636395451,0.23346408631884788,0.24634352041113533,0.008898209300910065,0.006250000000000033,0.010058994544276983,0.3696913562262547,0.10423686818637577,0.11578812505638887,0.0,0.9999999987499999,0.6608911751106693,0.28238374219910434,0.2907400547193639,0.4164042251182547,happy,03,10,10,female,normal,1153
90,3.003,True,1.0,0.4425336401465268,0.48005951519933593,0.46129657767293136,0.7419103798364394,-0.09634259259259259,-0.09236111111111123,0.45497836625594024,0.1505275390444372,0.223097645150993,0.6217685992944704,0.03752587505280913,0.003981481481481364,0.01822029066573456,0.36797892353495004,0.10269363400103854,0.11568619883572118,0.0,0.9999999987499999,0.6803184084883953,0.28285659132649926,0.30001868932303216,0.43149561385620344,happy,03,10,10,female,normal,1153
100,3.336666666666667,True,1.0,0.5013977833094052,0.5030949974064709,0.502246390357938,0.7283814898527713,-0.0960185185185185,-0.08736111111111111,0.4637465143704028,0.1319137241344857,0.2265994184546516,0.6895375532668434,0.0016972140970656913,0.008657407407407391,0.015049833149973673,0.3597573049417247,0.08945683858220947,0.11481841695355365,0.0,0.9999999987499999,0.704834431022409,0.29980738803806156,0.27594286064267776,0.44399188785720883,happy,03,10,10,female,normal,1153
0,0.0,True,1.0,0.5424125375723557,0.5766385086137552,0.5595255230930555,0.552545729814814,-0.06939814814814815,-0.06518518518518518,0.40501030964241,0.09202627172903848,0.19744491779549958,1.0126320644638422,0.03422597104139946,0.004212962962962974,0.03569816377683052,0.4545919461291421,0.1036677291330794,0.11431521840578945,0.0,0.9999999987499999,0.6634972949335984,0.2836545070177744,0.2699194399623579,0.40471728548004793,happy,03,10,10,female,normal,1154
10,0.33366666666666667,True,1.0,0.5876160479942868,0.6050639789857496,0.5963400134900182,0.5807396216657011,-0.0706944444444444,-0.06685185185185177,0.3949539907103808,0.09462215930060959,0.19739274606235463,1.0268629713598176,0.0174479309914628,0.0038425925925926196,0.029778800729779703,0.4447229415296378,0.08961441068193386,0.11302217819422031,0.0,0.9999999987499999,0.7109615485412916,0.29924017991252283,0.2516734795907791,0.4168969633785898,happy,03,10,10,female,normal,1154
20,0.6673333333333333,True,1.0,0.5346662989611164,0.5629180408505235,0.54879216990582,0.6865475660578825,-0.06967592592592597,-0.06523148148148145,0.42842870183298076,0.11050060588015581,0.19883225111080474,0.7993505432652741,0.028251741889407156,0.004444444444444529,0.03556800052136749,0.3940219758927041,0.10387500013577768,0.11379254665670795,0.0,0.9999999987499999,0.669003830321191,0.2824830014052394,0.28088348843530525,0.4152238454123466,happy,03,10,10,female,normal,1154
30,1.0010000000000001,True,1.0,0.4810848004416151,0.5237518874228393,0.5024183439322272,0.7077943431169352,-0.0881944444444443,-0.07856481481481475,0.473600834393894,0.08448596424370895,0.2201887895817691,0.7098366196594796,0.04266708698122418,0.009629629629629544,0.0228967247776538,0.3872231633103705,0.10110338237996341,0.1159338496903333,0.0,0.9999999987499999,0.6694377547972314,0.283012700267615,0.2951082181743021,0.43249645425109257,happy,03,10,10,female,normal,1154
40,1.3346666666666667,True,1.0,0.5368741801877082,0.5864717893740816,0.5616729847808949,0.7021679356063631,-0.08398148148148155,-0.08620370370370373,0.4449119474925049,0.11323425336164153,0.22710483460899233,0.7999126082222159,0.04959760918637346,0.002222222222222181,0.021539696787840266,0.39038998002185077,0.10298758154131965,0.11492834842338077,0.0,0.9999999987499999,0.6540655945190578,0.28915756555987765,0.3025350413000855,0.4215487349223249,happy,03,10,10,female,normal,1154
50,1.6683333333333334,True,1.0,0.6045327733720446,0.6257696591553055,0.615151216263675,0.543168484393453,-0.089212962962963,-0.08240740740740743,0.40354020222716874,0.030861845704173357,0.23823319772643595,1.1325237636911203,0.021236885783260884,0.006805555555555565,0.01869661371935326,0.49909727716276,0.10402738171951514,0.1153173996233474,0.0,0.9999999987499999,0.6569998454381752,0.28747525866080303,0.29335818952394055,0.40762187942551975,happy,03,10,10,female,normal,1154
60,2.0020000000000002,True,1.0,0.5912170257082391,0.6319867913501597,0.6116019085291994,0.6983783209879046,-0.08731481481481485,-0.08115740740740734,0.4043258797938271,0.0551351306043081,0.23339741144881396,0.875745838822783,0.040769765641920586,0.0061574074074075,0.018127921734611214,0.38526807359932375,0.1027333459748137,0.11630801554690154,0.0,0.9999999987499999,0.6632279911652161,0.285573215292045,0.29602567170237865,0.4142576870732849,happy,03,10,10,female,normal,1154
70,2.3356666666666666,True,1.0,0.6013551478369663,0.6355582891062748,0.6184567184716205,0.717450323446592,-0.08398148148148143,-0.07703703703703701,0.45277365346862536,0.0275901111243073,0.22921460199420343,0.8620202657385231,0.03420314126930846,0.00694444444444442,0.028710006571317972,0.3723775072333792,0.10508697563577439,0.11301192315423797,0.0,0.9999999987499999,0.6496295642788367,0.29007265482704575,0.2980986054360729,0.4103848519501659,happy,03,10,10,female,normal,1154
80,2.6693333333333333,True,1.0,0.30369113267016645,0.3370849978885184,0.32038806527934244,0.8714008722259318,-0.08990740740740738,-0.08430555555555547,0.42770506546629566,0.0871400872225929,0.22502746414413655,0.3676701223180255,0.03339386521835197,0.005601851851851913,0.01803513766893473,0.3149999999999998,0.10501609766402321,0.1150818570620328,0.0,0.9999999987499999,0.6620713420446303,0.28401729295749245,0.2938516873197968,0.41922093763238244,happy,03,10,10,female,normal,1154
90,3.003,True,1.0,0.5898436483002146,0.6500197911513727,0.6199317197257936,0.6486056071115353,-0.08407407407407408,-0.07819444444444446,0.3840236754050832,0.06486056071115426,0.22571607802300306,0.9557914901268949,0.06017614285115802,0.0058796296296296235,0.01892078808754945,0.3937499999999995,0.10437429932441694,0.1153343502116542,0.0,0.9999999987499999,0.6605700567805247,0.2801722378488361,0.2888890656070783,0.4101968460039204,happy,03,10,10,female,normal,1154
0,0.0,True,1.0,0.6139356688718437,0.6593302972388672,0.6366329830553554,0.550402238206705,-0.08273148148148152,-0.07569444444444451,0.3792945297487084,0.1630950316839972,0.20675578667177769,1.1566685940987513,0.04539462836702346,0.007037037037037008,0.0439315103879599,0.4686069262956836,0.1032339900900358,0.1140407590428611,0.0,0.9999999987499999,0.671985610486382,0.284348656199978,0.2722102016917097,0.39952817895682713,happy,03,10,10,female,normal,1155
10,0.33366666666666667,True,1.0,0.6607910834682316,0.6912657306135124,0.676028407040872,0.5809925287129775,-0.08597222222222223,-0.08037037037037043,0.3855448515319588,0.16751542639325934,0.21030347386295634,1.1635750437934533,0.03047464714528081,0.005601851851851802,0.031465562622617606,0.4384288087468094,0.10458002793482292,0.11448409787228547,0.0,0.9999999987499999,0.6719979443652462,0.2837492107677216,0.27753744145014986,0.4078824475184456,happy,03,10,10,female,normal,1155
20,0.6673333333333333,True,1.0,0.6491604527118623,0.6728203771428698,0.660990414927366,0.6019558034988299,-0.08875,-0.08356481481481481,0.3810368333191336,0.22885098624782357,0.20649990778221308,1.0980713386022714,0.023659924431007506,0.005185185185185182,0.016687291190279816,0.3843867136051481,0.10262367528069714,0.11541859660533452,0.0,0.9999999987499999,0.6787600646664916,0.2815150195289733,0.27346190902036066,0.4161975459656141,happy,03,10,10,female,normal,1155
30,1.0010000000000001,True,1.0,0.5913271880645768,0.6004585316181078,0.5958928598413423,0.6200717135837143,-0.09893518518518518,-0.09347222222222223,0.4199660367394969,0.20866577246654738,0.20486706971089572,0.9610063590828392,0.009131343553530957,0.005462962962962947,0.0018005379119329268,0.4006786768886382,0.09768434705551836,0.11623535009552503,0.0,0.9999999987499999,0.6942728283969838,0.2849669627492011,0.26835881860283806,0.39435641570814906,happy,03,10,10,female,normal,1155
40,1.3346666666666667,True,1.0,0.5132131237243159,0.5385777724249653,0.5258954480746406,0.6925504908166974,-0.0899537037037037,-0.0986574074074073,0.4366524259380884,0.30642151310063637,0.19514514434912314,0.7593604438204541,0.02536464870064936,0.008703703703703602,0.01863137205554949,0.39670336311286186,0.0984639561782345,0.11557567912498634,0.0,0.9999999987499999,0.7037570998555673,0.28010430570623196,0.2863608704881277,0.41543588293453115,happy,03,10,10,female,normal,1155
50,1.6683333333333334,True,1.0,0.559372519701585,0.588301700402994,0.5738371100522894,0.5240005862221198,-0.08893518518518512,-0.09833333333333327,0.4067700071315873,0.18254117717722404,0.21391171640450982,1.0951077635036164,0.02892918070140904,0.009398148148148155,0.023467076964920227,0.48557699287768546,0.09753027391657104,0.11847398557949117,0.0,0.9999999987499999,0.6871214490014755,0.2787553106715692,0.27771045684164725,0.4124571046822007,happy,03,10,10,female,normal,1155
60,2.0020000000000002,True,1.0,0.6453629712513671,0.6416209355269847,0.6434919533891759,0.6553053171437242,-0.08458333333333329,-0.09300925925925924,0.40637044800337413,0.1332281625214311,0.22519522780245593,0.9819727332504501,0.0037420357243823643,0.008425925925925948,0.020597013554585823,0.432615376156771,0.0983631518703363,0.11778340266729788,0.0,0.9999999987499999,0.6768406255705407,0.288037498284416,0.29767525412060364,0.4161736849914555,happy,03,10,10,female,normal,1155
70,2.3356666666666666,True,1.0,0.6194068713780906,0.5891643632815569,0.6042856173298237,0.7424544230632149,-0.08523148148148146,-0.09111111111111114,0.4547270482452084,0.08729980297801099,0.23132422003627426,0.813902643123419,0.030242508096533727,0.005879629629629679,0.03364111442844165,0.37464287997734713,0.10407243087013954,0.11527674499281904,0.0,0.9999999987499999,0.6608984874105892,0.2835398661236893,0.3074520889070355,0.4322894820434508,happy,03,10,10,female,normal,1155
80,2.6693333333333333,True,1.0,0.5580093964787234,0.5610711606664425,0.5595402785725829,0.6932515520031804,-0.09203703703703714,-0.09101851851851855,0.44908213134384545,0.06048339958490808,0.23338041284712482,0.807124451370887,0.003061764187719085,0.0010185185185185852,0.027755187859613208,0.39388660054016017,0.10338298354202886,0.1160597323135147,0.0,0.9999999987499999,0.6594200397190126,0.2846910471527296,0.29785532224242456,0.4269437672227579,happy,03,10,10,female,normal,1155
90,3.003,True,1.0,0.6861105257824243,0.6389719513172822,0.6625412385498533,0.42530770353585523,-0.09245370370370365,-0.09032407407407395,0.3983411498171692,0.07479882411913445,0.23475472390135357,1.557792706414024,0.047138574465142025,0.0021296296296297035,0.03007627410702265,0.629273159612166,0.10359230248672043,0.11554362691880246,0.0,0.9999999987499999,0.6668008476750075,0.2798450146563501,0.2874717595656499,0.41342513149852944,happy,03,10,10,female,normal,1155
0,0.0,True,1.0,0.5748719672006728,0.597421638668476,0.5861468029345744,0.6542551649392497,-0.07680555555555557,-0.07513888888888887,0.4306237510519413,0.11683127945343788,0.20566279274614485,0.8958993896349302,0.02254967146780318,0.0016666666666667052,0.005273838103281034,0.4133760434138574,0.1003210639210546,0.11363258560016914,0.0,0.9999999987499999,0.6810287522977942,0.2860628670771844,0.2797317697630377,0.40296654597497594,happy,03,10,10,female,strong,1156
10,0.33366666666666667,True,1.0,0.600192415431384,0.6249365558480202,0.6125644856397021,0.661595167861904,-0.07675925925925925,-0.0741203703703705,0.4347735746061008,0.1160693276950713,0.2057191718812778,0.9258902050620235,0.024744140416636196,0.0026388888888887463,0.005253672376066857,0.40612383212589437,0.10194960652286973,0.11502488954486591,0.0,0.9999999987499999,0.6812585251131703,0.28459005653250485,0.2895629486994629,0.4183640880872447,happy,03,10,10,female,strong,1156
20,0.6673333333333333,True,1.0,0.5617150829992618,0.5917284607862826,0.5767217718927722,0.6747211997440857,-0.07907407407407407,-0.07837962962962963,0.4465593641844694,0.10683085662614739,0.2125606674658217,0.8547556711001765,0.030013377787020845,0.000694444444444442,0.004617734585974561,0.4034693834763394,0.10086439875801802,0.11679614841952515,0.0,0.9999999987499999,0.6786654406762704,0.2858562231396129,0.2876680082478987,0.4171157591915636,happy,03,10,10,female,strong,1156
30,1.0010000000000001,True,1.0,0.6166610234346332,0.6068374849930018,0.6117492542138175,0.75279952028238,-0.0796296296296296,-0.08740740740740738,0.47753726344599295,0.13591798778201947,0.21880021745018902,0.8126323645694493,0.009823538441631419,0.007777777777777772,0.0138748862731429,0.37524566208887633,0.10041406359048255,0.11669477800362982,0.0,0.9999999987499999,0.6742415997336435,0.29211453042759145,0.3167085986423882,0.4354403654718454,happy,03,10,10,female,strong,1156
40,1.3346666666666667,True,1.0,0.26852091192103333,0.27507909988020585,0.2718000059006196,0.6628667539109028,-0.09749999999999992,-0.10611111111111104,0.49032349414673665,0.09541263882050839,0.22292522283277727,0.4100371670430054,0.006558187959172512,0.008611111111111125,0.005691714359410485,0.4090909090909094,0.09817676816895769,0.11906422390606249,0.0,0.9999999987499999,0.6768122964107518,0.2892708648895651,0.29096664833944147,0.39766037295000256,happy,03,10,10,female,strong,1156
50,1.6683333333333334,True,1.0,0.4521524970161193,0.4948774546602659,0.4735149758381926,0.7555347687878456,-0.0829166666666667,-0.08750000000000002,0.4475360074103878,0.2722054199370955,0.1910297419690029,0.6267282399165878,0.04272495764414658,0.004583333333333328,0.010681548688913637,0.37222991199655003,0.09691111079885516,0.11769301004285088,0.0,0.9999999987499999,0.6907031284779537,0.2883092979719003,0.28627756151531103,0.40174180378301894,happy,03,10,10,female,strong,1156
60,2.0020000000000002,True,1.0,0.5549905052470968,0.5926379822712495,0.5738142437591731,0.87147920630613,-0.08787037037037032,-0.09546296296296297,0.4342663482886282,0.22933035202628424,0.21805590543833617,0.6584371028097781,0.03764747702415272,0.007592592592592651,0.005269982040730851,0.3185197365866489,0.09806174617014561,0.11899897988082953,0.0,0.9999999987499999,0.6828177145936499,0.2823859995858461,0.3008011570321555,0.4348481019633771,happy,03,10,10,female,strong,1156
70,2.3356666666666666,True,1.0,0.6489780522667781,0.6918209708875602,0.6703995115771691,0.7434735997764601,-0.09199074074074076,-0.09111111111111109,0.43310012419468624,0.10454693704552966,0.2395861993148327,0.9017125985088615,0.042842918620782156,0.0008796296296296746,0.020007497341064034,0.36912636820867745,0.10055534928477357,0.1193190857231999,0.0,0.9999999987499999,0.662823877832383,0.2833407893644089,0.2959687780539721,0.42139489059476287,happy,03,10,10,female,strong,1156
80,2.6693333333333333,True,1.0,0.6157149401122095,0.6226164247232995,0.6191656824177545,0.7669479289692588,-0.0934259259259258,-0.08537037037037043,0.40915815454289417,0.060847059059075656,0.24723734339119255,0.8073112385216079,0.00690148461108997,0.008055555555555372,0.0033983532249170375,0.35842245938122014,0.10260147072881033,0.11981158524180817,0.0,0.9999999987499999,0.6510526137095463,0.2853719452718539,0.2886612048539073,0.40545997952170537,happy,03,10,10,female,strong,1156
90,3.003,True,1.0,0.33510216469595494,0.30112552877183546,0.3181138467338952,0.8288720991583621,-0.09875,-0.09310185185185182,0.45513935017144186,0.021244293890798713,0.24585847025660598,0.38379123516994773,0.03397663592411948,0.00564814814814818,0.02035545210503217,0.3325819090083529,0.10663793300053323,0.11491473978218653,0.0,0.9999999987499999,0.648113282523947,0.2837861358651732,0.29730158889578595,0.4152241631104676,happy,03,10,10,female,strong,1156
100,3.336666666666667,True,1.0,0.6775602580317558,0.6483497168660585,0.6629549874489071,0.7088898170875721,-0.09523148148148164,-0.09106481481481482,0.3797730647848342,0.04426989514189702,0.2430709359283013,0.9352017358249195,0.029210541165697324,0.004166666666666818,0.01586717827171466,0.36175591475859026,0.10777238995372272,0.11468512491091791,0.0,0.9999999987499999,0.6498052083880428,0.28459650349769694,0.30229656687520806,0.4064165978217157,happy,03,10,10,female,strong,1156
110,3.6703333333333332,True,1.0,0.6713429111898365,0.6960078638445751,0.6836753875172058,0.32709419370221177,-0.09597222222222218,-0.09365740740740741,0.3709736643446665,-0.0913784393112649,0.2395836517774151,2.090148344668042,0.02466495265473867,0.0023148148148147696,0.01969615636598073,0.7194730682479723,0.10586691748493188,0.11579009415232125,0.0,0.9999999987499999,0.6618610745001126,0.27794028857425485,0.2984718790174145,0.41363611862875194,happy,03,10,10,female,strong,1156
0,0.0,True,1.0,0.5825952533357827,0.6066681626879077,0.5946317080118452,0.5380471912526948,-0.08574074074074073,-0.07870370370370378,0.39910102626081445,0.13433627266533996,0.2093345129182755,1.105166456918786,0.024072909352125027,0.007037037037036953,0.03559870248009856,0.48991668000823463,0.10168780722489845,0.1132554191937346,0.0,0.9999999987499999,0.6777186858415241,0.28238933045485376,0.2780930818868115,0.4080148477663194,happy,03,10,10,female,strong,1157
10,0.33366666666666667,True,1.0,0.5793898396742018,0.6102655877894069,0.5948277137318043,0.5432648524867293,-0.08273148148148163,-0.07657407407407402,0.4064287504976381,0.13879098578278304,0.20866266287800567,1.0949129342880406,0.030875748115205104,0.006157407407407611,0.02823161150949285,0.49538278835767613,0.10286161891869518,0.11437674058148728,0.0,0.9999999987499999,0.672224064969738,0.28600766264442967,0.28460812833256194,0.414286355503846,happy,03,10,10,female,strong,1157
20,0.6673333333333333,True,1.0,0.5735845102592789,0.5777816662455784,0.5756830882524286,0.7614607673867613,-0.09833333333333333,-0.08939814814814817,0.43542684224824424,0.2182928663214331,0.21763612184034806,0.756024621239649,0.004197155986299439,0.008935185185185157,0.02485139894143735,0.3501085998708844,0.10114287762438233,0.11639150132605502,0.0,0.9999999987499999,0.6778774290184824,0.28481742186888986,0.2952549040247645,0.43188040387852233,happy,03,10,10,female,strong,1157
30,1.0010000000000001,True,1.0,0.5610431466735076,0.6244262279306544,0.592734687302081,0.8108303211773257,-0.08643518518518523,-0.09129629629629615,0.4790208373740446,0.24117190873318106,0.20077995992193756,0.731021857250516,0.06338308125714676,0.004861111111110927,0.00964934767548836,0.3277429275978443,0.09851609429031813,0.11635285632687647,0.0,0.9999999987499999,0.6880710986347665,0.29246290680268233,0.3068507422093225,0.4331564886639287,happy,03,10,10,female,strong,1157
40,1.3346666666666667,True,1.0,0.3013840927375137,0.35086316921325666,0.3261236309753852,1.393720610401041,-0.10851851851851851,-0.1118055555555556,0.35577126767002426,0.6216992501782799,0.20240059295151966,0.2339949833141548,0.049479076475742956,0.0032870370370370883,0.024848657637647622,0.19876831405330359,0.09577069824069212,0.1165162222590831,0.0,0.9999999987499999,0.6896677837072328,0.28995252429917256,0.2657830055936397,0.3823374779981654,happy,03,10,10,female,strong,1157
50,1.6683333333333334,True,1.0,0.521146812109769,0.5417765082306114,0.5314616601701903,0.5080963975412388,-0.09101851851851861,-0.09930555555555559,0.38969790025805245,0.27299386381579976,0.20087835266630077,1.045985885241501,0.020629696120842422,0.008287037037036982,0.004541781988869783,0.5225027685651485,0.09997261637416392,0.11427320003886893,0.0,0.9999999987499999,0.6938246463976214,0.28212221155082606,0.2740895171410787,0.3945535797820651,happy,03,10,10,female,strong,1157
60,2.0020000000000002,True,1.0,0.595511717790714,0.6267967301842214,0.6111542239874677,0.7599248260938559,-0.09175925925925926,-0.09597222222222224,0.39846663900940515,0.2328801886416656,0.23125527865596923,0.8042298435345313,0.03128501239350745,0.004212962962962974,0.0007382468500818694,0.3901209677419351,0.09872845329345734,0.11844642580234653,0.0,0.9999999987499999,0.6698180864689627,0.2905686539877396,0.29634587447828725,0.4118510930014247,happy,03,10,10,female,strong,1157
70,2.3356666666666666,True,1.0,0.592711962503614,0.6172355275372239,0.6049737450204189,0.8768432316724927,-0.09597222222222235,-0.08879629629629643,0.42216574434450194,0.1557507818166569,0.24305838059494142,0.6899451614246832,0.024523565033609862,0.007175925925925919,0.00014389155660593278,0.3034456361858563,0.10420109672704145,0.11696612187754973,0.0,0.9999999987499999,0.654780532283226,0.2890101616739748,0.30885970974213145,0.42936041949109566,happy,03,10,10,female,strong,1157
80,2.6693333333333333,True,1.0,0.44999012423748,0.4581919365188677,0.4540910303781739,0.7487993858724676,-0.10425925925925938,-0.09999999999999992,0.38472921635798524,0.1205474802533052,0.2402828581070176,0.6064254845095624,0.008201812281387666,0.0042592592592594625,0.006883582356529392,0.35269012742363115,0.1069921339882076,0.1142520089268269,0.0,0.9999999987499999,0.6502956791466586,0.28693941827509906,0.29425005997862586,0.4047683323412592,happy,03,10,10,female,strong,1157
90,3.003,True,1.0,0.6865545129753248,0.6729064453323584,0.6797304791538417,0.5043668233918781,-0.09972222222222227,-0.09425925925925932,0.36313941696511537,0.05306799336650064,0.24236898084589528,1.347690703727575,0.013648067642966333,0.005462962962962947,0.0006388218317987137,0.5030690590971738,0.10780120598196065,0.11432522908570013,0.0,0.9999999987499999,0.6487998299241572,0.2813118813219673,0.2996389896971156,0.4081995137822524,happy,03,10,10,female,strong,1157
100,3.336666666666667,True,1.0,0.6305958425119107,0.6374894649903861,0.6340426537511483,0.6217712139381022,-0.09986111111111096,-0.09495370370370365,0.3806929663429752,0.13323668870102146,0.23979850505199907,1.019736262371046,0.006893622478475359,0.004907407407407305,0.01065556272858467,0.4291347882578715,0.10655207538478355,0.11549031668450128,0.0,0.9999999987499999,0.6565440738248425,0.2767679277370356,0.2999229845973684,0.4266471774289595,happy,03,10,10,female,strong,1157
0,0.0,True,1.0,0.6310263716468522,0.6257599288096174,0.6283931502282347,0.49585318439313614,-0.07282407407407404,-0.06768518518518529,0.4072270553873692,0.006046421036504599,0.21813426503883476,1.2672967926934084,0.005266442837234764,0.0051388888888887485,0.004627382879271824,0.5372294286074516,0.10584970376556345,0.11448213290187119,0.0,0.9999999987499999,0.6651449780537215,0.2783837763011267,0.2813971480004263,0.3949179276707159,happy,03,10,10,female,strong,1158
10,0.33366666666666667,True,1.0,0.6851444706067796,0.6892828894484048,0.6872136800275922,0.5039683495521404,-0.07458333333333345,-0.07101851851851848,0.4113396964497534,0.01199817041850609,0.21742989640345994,1.3636048387528614,0.0041384188416251355,0.003564814814814965,0.0035933460743981295,0.5111056722685848,0.1058999619035159,0.1146020093941958,0.0,0.9999999987499999,0.6621571273509403,0.27922701825738144,0.2804183175830812,0.3976710321180482,happy,03,10,10,female,strong,1158
20,0.6673333333333333,True,1.0,0.637446784063427,0.6348031216177341,0.6361249528405806,0.5243844935235535,-0.08574074074074067,-0.08194444444444443,0.42014862853578916,0.05958914699131268,0.22715891475609842,1.2130887939996038,0.002643662445692918,0.003796296296296242,0.0015796265795449801,0.5133798635489325,0.10626196693137063,0.11426642933367612,0.0,0.9999999987499999,0.6618504007071578,0.2809820009302236,0.28848378936023655,0.41190255399873826,happy,03,10,10,female,strong,1158
30,1.0010000000000001,True,1.0,0.6320626952963627,0.6338402586408596,0.6329514769686111,0.7196652067988711,-0.09356481481481477,-0.08740740740740743,0.46041638524578515,0.09813616456348294,0.23551030730062553,0.8795082365924431,0.0017775633444968575,0.006157407407407334,0.0024958295744557523,0.3838218997739672,0.10241570908409711,0.1178878660772173,0.0,0.9999999987499999,0.6608835846682422,0.2815895129583757,0.30385377190678947,0.42756619615054786,happy,03,10,10,female,strong,1158
40,1.3346666666666667,True,1.0,0.5922786950686562,0.6161596495285434,0.6042191722985998,0.7247300544635515,-0.08143518518518528,-0.09101851851851855,0.42131174091521184,0.19286377073174374,0.2243545295048362,0.833716179668919,0.02388095445988725,0.009583333333333277,0.0037226007569222857,0.39917712024755825,0.10138544306926235,0.11667119203899123,0.0,0.9999999987499999,0.6727654368778762,0.28844012273407577,0.31406672697227045,0.41886825286430435,happy,03,10,10,female,strong,1158
50,1.6683333333333334,True,1.0,0.5820418730918061,0.5821204181283723,0.5820811456100892,0.9308240948424862,-0.08754629629629629,-0.08046296296296301,0.4648600409231274,0.26970539809557526,0.19668300026825306,0.6253395768709541,7.854503656623546e-05,0.007083333333333275,0.017064083350611763,0.2876185432369001,0.10098423179361257,0.11603765062128535,0.0,0.9999999987499999,0.686250115577481,0.28148748800805395,0.30542874911450996,0.45159396497346727,happy,03,10,10,female,strong,1158
60,2.0020000000000002,True,1.0,0.5443419565305649,0.56818000913725,0.5562609828339075,1.2011145508588048,-0.08189814814814816,-0.07703703703703701,0.4134439177624603,0.4624291020806399,0.18349971734954013,0.4631206760722174,0.023838052606685034,0.004861111111111149,0.014884416665378979,0.23062499999999958,0.09292298237530518,0.11991706996981613,0.0,0.9999999987499999,0.6939424101750076,0.28832274714079176,0.2720940423721729,0.4013141966094049,happy,03,10,10,female,strong,1158
70,2.3356666666666666,True,1.0,0.5895324362275985,0.6012728626865903,0.5954026494570944,0.8219369839367892,-0.07666666666666683,-0.07092592592592589,0.3743027773781624,0.23198879473837877,0.2008316316205687,0.7243896564981479,0.01174042645899176,0.005740740740740935,0.007972561720508654,0.3088764163485751,0.10172437104509702,0.11555434961904797,0.0,0.9999999987499999,0.6720110545702657,0.2876265478648193,0.2872631500588545,0.41018423564625234,happy,03,10,10,female,strong,1158
80,2.6693333333333333,True,1.0,0.6308247336010641,0.6443092152165897,0.6375669744088268,0.9338582552185409,-0.07134259259259262,-0.06712962962962954,0.445996141356365,0.17439121155767007,0.20148584830677616,0.6827234977535469,0.013484481615525623,0.004212962962963085,0.007969621090383273,0.2916579168309035,0.10497004249568732,0.11528923939262976,0.0,0.9999999987499999,0.6604704634353741,0.28575453145103413,0.29696082447729977,0.4355700260707458,happy,03,10,10,female,strong,1158
90,3.003,True,1.0,0.37720152218251546,0.39215257780882246,0.384677049995669,0.5492165263099893,-0.08064814814814814,-0.07745370370370369,0.38178928071103735,0.10457516339869248,0.201434723180158,0.7004105513360849,0.014951055626306997,0.003194444444444444,0.008657322172314491,0.4558157004416898,0.1027811527248045,0.11560844999438423,0.0,0.9999999987499999,0.6663533830797945,0.28668817117118933,0.28042913002004577,0.3995700881977228,happy,03,10,10,female,strong,1158
100,3.336666666666667,True,1.0,0.5832332312691755,0.6080740563054281,0.5956536437873018,0.6011129913693742,-0.07467592592592598,-0.07162037037037039,0.39040349330403584,0.12149286137813689,0.20286241504005734,0.9909179344641418,0.024840825036252623,0.003055555555555589,0.0008249659513086471,0.44482719192138725,0.10385954247672834,0.11596252016194418,0.0,0.9999999987499999,0.6688204269129527,0.2862718050271708,0.29071470910150937,0.40929009816597456,happy,03,10,10,female,strong,1158
110,3.6703333333333332,True,1.0,0.621765461140042,0.6343227548554916,0.6280441079977668,0.6510042853742565,-0.07458333333333322,-0.06981481481481483,0.3943023117551418,0.09388935582136129,0.2098153306930338,0.9647311424942616,0.012557293715449558,0.004768518518518394,0.004993982255916873,0.41148321501412727,0.10705490792708558,0.11402622952854127,0.0,0.9999999987499999,0.6659501222129477,0.2794890025451195,0.28661031617000515,0.4093065045591859,happy,03,10,10,female,strong,1158
0,0.0,True,1.0,0.5368741801877092,0.5378577532673327,0.5373659667275209,0.6612266387997484,-0.06796296296296295,-0.06333333333333335,0.43877047379103096,0.07539936643592278,0.19938057002093038,0.8126804565873842,0.0009835730796234898,0.004629629629629595,0.0061997205950579835,0.4148246181575189,0.10422407386768165,0.11364068682433068,0.0,0.9999999987499999,0.6635793148040466,0.2855596844410767,0.2811841064050545,0.4146585558833448,happy,03,10,10,female,strong,1159
10,0.33366666666666667,True,1.0,0.5547397029103527,0.5660691145838291,0.560404408747091,0.6366900195438703,-0.06703703703703706,-0.06250000000000006,0.44766353490962724,0.06821678780827163,0.19868638776562578,0.880184063743561,0.011329411673476453,0.004537037037037006,0.005613818851915578,0.4133760434138573,0.10414941979545253,0.11387653656129146,0.0,0.9999999987499999,0.6639816686205733,0.2853231596006603,0.2807608494020952,0.414488215751675,happy,03,10,10,female,strong,1159
20,0.6673333333333333,True,1.0,0.5821381846598809,0.5688919760042798,0.5755150803320803,0.6594599598916102,-0.06740740740740736,-0.06268518518518512,0.4474549398282706,0.06821678780827166,0.2001102143829511,0.8727066316909867,0.01324620865560111,0.004722222222222239,0.01042377137013475,0.4184293997287968,0.10451037785940226,0.11404762156810863,0.0,0.9999999987499999,0.65978928938763,0.28646340481517374,0.2826471795716017,0.414570957693902,happy,03,10,10,female,strong,1159
30,1.0010000000000001,True,1.0,0.5165768320282518,0.5583559067195221,0.5374663693738869,0.6797268477753734,-0.09009259259259256,-0.08148148148148143,0.4815150420827334,0.07842708428709126,0.223687865758821,0.7907093432206186,0.04177907469127029,0.008611111111111125,0.002355187888233308,0.40700638734967,0.10242534647170445,0.11559463469629079,0.0,0.9999999987499999,0.6584857870570103,0.2897344563443091,0.3020554420645826,0.42618036626961353,happy,03,10,10,female,strong,1159
40,1.3346666666666667,True,1.0,0.4150039227689784,0.45649661361810817,0.4357502681935433,1.0795724512027136,-0.08712962962962967,-0.09379629629629632,0.44779588656948616,0.2755111565621683,0.2076480745787881,0.40363225988963436,0.041492690849129765,0.006666666666666654,0.0035533886361215727,0.2697278329935724,0.09999324933806827,0.11802808628673798,0.0,0.9999999987499999,0.6625709153036216,0.2936994151888741,0.31206695695407644,0.4424564377274945,happy,03,10,10,female,strong,1159
50,1.6683333333333334,True,1.0,0.48585434440493575,0.5007575640338796,0.4933059542194077,0.692173784034113,-0.08226851851851846,-0.09157407407407414,0.48065413705252397,0.08781309200432827,0.22587319727499106,0.7126908958388053,0.014903219628943865,0.009305555555555678,0.006563953703548515,0.40326137570466536,0.10616494519414339,0.11699183758483965,0.0,0.9999999987499999,0.6269732279317977,0.2967340548303762,0.3157441752552501,0.4270534060401042,happy,03,10,10,female,strong,1159
60,2.0020000000000002,True,1.0,0.532714034414428,0.5789065576540371,0.5558102960342326,0.7811410555392748,-0.0782870370370371,-0.08796296296296302,0.45143736570721776,0.08924733401930782,0.22848057034335797,0.7115364018992946,0.046192523239609096,0.009675925925925921,0.007930381251498777,0.3778388784479808,0.10447067643708022,0.11753867333384009,0.0,0.9999999987499999,0.6241475131068052,0.29763891770200657,0.3228022300284416,0.42874827528178105,happy,03,10,10,female,strong,1159
70,2.3356666666666666,True,1.0,0.568371799286354,0.594430412288902,0.581401105787628,0.791529461987101,-0.08712962962962956,-0.09476851851851853,0.4439031908235709,0.13933628829642544,0.23335981672855563,0.734528698815639,0.02605861300254808,0.007638888888888973,0.00300560329743567,0.3488321815143692,0.0914742346664134,0.11702414292370175,0.0,0.9999999987499999,0.669826163152761,0.31650153409370424,0.2878014168047342,0.4365485443664069,happy,03,10,10,female,strong,1159
80,2.6693333333333333,True,1.0,0.5525475885393382,0.5394907859736198,0.546019187256479,0.925772698505816,-0.08865740740740735,-0.0919907407407407,0.4254641649723614,0.13883502114715404,0.23472254726129085,0.5897983253748422,0.013056802565718395,0.003333333333333355,0.006130560323132627,0.296302899775009,0.10733812846633692,0.11673530556207691,0.0,0.9999999987499999,0.6316689356992797,0.29543945663018845,0.31270953199764745,0.4225273673734228,happy,03,10,10,female,strong,1159
90,3.003,True,1.0,0.5827400430265643,0.5690863348739521,0.5759131889502582,1.0243664984350866,-0.09435185185185174,-0.09037037037037032,0.41454387419316463,0.16078796111465624,0.2291749894913857,0.5622140023420079,0.013653708152612243,0.003981481481481419,0.005095046217640358,0.2683976183060928,0.10579420519295957,0.11618495670319838,0.0,0.9999999987499999,0.6343647708458383,0.2933325915245295,0.3085072402292107,0.43069712471602684,happy,03,10,10,female,strong,1159
100,3.336666666666667,True,1.0,0.6749297751190726,0.6790915546966146,0.6770106649078436,0.4548032380673239,-0.09634259259259259,-0.092175925925926,0.364400028739496,0.02066987188567277,0.22919363152202052,1.4885792541512788,0.004161779577542046,0.004166666666666596,0.004450316113008448,0.5148677910603358,0.1067954245988532,0.11426929428621113,0.0,0.9040913432527421,0.6413734085899986,0.28843753342694217,0.2920548857272953,0.4146417161248763,happy,03,10,10,female,strong,1159
110,3.6703333333333332,True,1.0,0.5663211118152695,0.6462079515049715,0.6062645316601205,0.3298717727055442,-0.09717592592592594,-0.08874999999999994,0.36526515354758926,-0.04805353596320851,0.2314096260726042,1.8378793877622708,0.079886839689702,0.008425925925926003,0.04982732372214267,0.7133663824537175,0.10772341342818385,0.11406496535340291,0.0,0.9999999987499999,0.6495019262470614,0.28556447519161743,0.2891035265370642,0.40934782263025876,happy,03,10,10,female,strong,1159
0,0.0,True,1.0,0.5653964844831504,0.5675816972443672,0.5664890908637588,0.6389378296739876,-0.06685185185185177,-0.06453703703703711,0.3417410302685671,0.3193645424940813,0.18349971734954013,0.8866106599961452,0.0021852127612168593,0.0023148148148146586,0.002016891659374871,0.38608076076531667,0.10376818246602079,0.11288179636194653,0.0,0.9999999987499999,0.6832457859393759,0.2806084847249686,0.26569601716154223,0.39917656491037673,sad,04,10,10,female,normal,1160
10,0.33366666666666667,True,1.0,0.5384417226948454,0.5547001962252285,0.546570959460037,0.646553519058358,-0.06814814814814818,-0.06398148148148153,0.3520970548083833,0.31615446863553415,0.1836364552134917,0.8453607371220625,0.016258473530383122,0.004166666666666652,0.02068760210889755,0.40864653787275657,0.1030064763024856,0.11407941674565387,0.0,0.9999999987499999,0.6832048209127402,0.2801571650273963,0.26567974072200934,0.40092791787815346,sad,04,10,10,female,normal,1160
20,0.6673333333333333,True,1.0,0.4848767841979183,0.47715619435522455,0.4810164892765714,0.5897358545518256,-0.07148148148148153,-0.06620370370370365,0.3761978147599492,0.2617778062461158,0.18053852750901522,0.8156473539193638,0.007720589842693748,0.005277777777777881,0.03316699974659269,0.43873620248836476,0.10342270369702287,0.11319840989449027,0.0,0.9999999987499999,0.6872894519682873,0.28009979835871984,0.2646971112665475,0.40545317886511256,sad,04,10,10,female,normal,1160
30,1.0010000000000001,True,1.0,0.43216676559214817,0.4789684962044965,0.4555676308983223,0.7365256722324214,-0.07652777777777786,-0.06902777777777785,0.4193532999184441,0.2520056952986983,0.18040410398188542,0.618535983297757,0.046801730612348325,0.007500000000000007,0.07184006289627297,0.3631609794448408,0.10191158964490722,0.11439431625392722,0.0,0.9999999987499999,0.6874878374787415,0.28151611179222824,0.28034159743376463,0.4143693490823125,sad,04,10,10,female,normal,1160
40,1.3346666666666667,True,1.0,0.45354862052958,0.5059397473916505,0.47974418396061524,1.0298104689933363,-0.07324074074074077,-0.06509259259259248,0.3473353655817312,0.4024134641065018,0.18665722232723383,0.46585677501373274,0.05239112686207048,0.008148148148148293,0.061830917439579344,0.28155153709324693,0.10188726159666014,0.11508011735098793,0.0,0.9999999987499999,0.6751373078762757,0.28506584760011233,0.27210448795879394,0.4000739056600177,sad,04,10,10,female,normal,1160
50,1.6683333333333334,True,1.0,0.46946383260479924,0.5254709910209162,0.4974674118128577,0.6516805214270446,-0.07018518518518524,-0.061203703703703705,0.3643158807980294,0.2095197747839253,0.19550253101062062,0.7633608730908631,0.056007158416116976,0.008981481481481535,0.05980741139061515,0.4114978692492669,0.10616313495148873,0.11335425700399725,0.0,0.9999999987499999,0.6591047381218113,0.2815572206191304,0.27010398305179495,0.39710380947069457,sad,04,10,10,female,normal,1160
60,2.0020000000000002,True,1.0,0.5083084802411743,0.5964071628106657,0.55235782152592,0.7690748975115134,-0.06680555555555562,-0.06041666666666651,0.344379644711945,0.22727066375309837,0.19458144432746535,0.7182107013415439,0.0880986825694915,0.0063888888888891104,0.05330802642953722,0.3603047486539978,0.10596047206561997,0.11303922027618521,0.0,0.9999999987499999,0.6624595883665966,0.2825642559257003,0.26888670874603804,0.38175159848727697,sad,04,10,10,female,normal,1160
70,2.3356666666666666,True,1.0,0.502344952617521,0.5464079845136187,0.5243764685655699,0.7849425748131303,-0.06680555555555562,-0.058611111111111,0.3484537571219068,0.2677000367156965,0.19669204634360551,0.6680443708769487,0.044063031896097726,0.008194444444444615,0.06400074740636977,0.34118596548214336,0.10637990897524854,0.11315084520309941,0.0,0.9999999987499999,0.6610009226893884,0.28098597567560846,0.2662874274281734,0.3808549355690759,sad,04,10,10,female,normal,1160
80,2.6693333333333333,True,1.0,0.5383514754218618,0.6290127068279401,0.583682091124901,0.6032198612290094,-0.06541666666666673,-0.05958333333333332,0.36800400721525,0.17619085498506834,0.19648713619111316,0.9676108640317282,0.09066123140607829,0.0058333333333334125,0.05885904883763266,0.4220745700187633,0.1084362444050301,0.11152393285053357,0.0,0.9999999987499999,0.6599962689763406,0.2805262625208882,0.27155369150069103,0.38160067449394897,sad,04,10,10,female,normal,1160
90,3.003,True,1.0,0.5236311460645826,0.6061532305524233,0.564892188308503,0.6281103312336116,-0.06773148148148145,-0.06078703703703703,0.35284409968914565,0.22469647559015687,0.19717927802487825,0.8993518498558241,0.08252208448784071,0.00694444444444442,0.04307103044661654,0.4050317728752638,0.10770960200253246,0.11222588086129559,0.0,0.9999999987499999,0.6605102526479342,0.2805292489836181,0.27105438426639633,0.3857334718891877,sad,04,10,10,female,normal,1160
0,0.0,True,1.0,0.5108865366603625,0.5092765251984415,0.510081530929402,0.9416938828085063,-0.0824999999999999,-0.07305555555555548,0.3324359966503185,0.4705562364082778,0.17830271573260048,0.5416638466506076,0.0016100114619210792,0.009444444444444422,0.042318447220342975,0.250363589484703,0.10250416476069571,0.11319236772524621,0.0,0.9999999987499999,0.6913254927048945,0.27825544205737845,0.2616601579948361,0.40200484930789426,sad,04,10,10,female,normal,1161
10,0.33366666666666667,True,1.0,0.5605335330797577,0.5604028971827061,0.5604682151312319,0.9198402532131916,-0.08499999999999996,-0.0753240740740741,0.3350732777235555,0.46675555924665185,0.1811023537898536,0.6093103809856123,0.00013063589705164524,0.009675925925925866,0.04485899148344418,0.24548503889990728,0.10202943741802463,0.11378802112934751,0.0,0.9999999987499999,0.6889463092815251,0.27813795399865227,0.2579696271467119,0.3964228180985765,sad,04,10,10,female,normal,1161
20,0.6673333333333333,True,1.0,0.4900656417297188,0.515631454916792,0.5028485483232554,0.8441649951981705,-0.08398148148148149,-0.07365740740740734,0.33482066103385477,0.4649596843730316,0.18057275413047255,0.5956756690736864,0.025565813187073183,0.010324074074074152,0.05701843924414337,0.293668479394434,0.10340538828979678,0.11405253637204865,0.0,0.9999999987499999,0.6846440355595363,0.2795012778955612,0.2604343192471257,0.39903406324343976,sad,04,10,10,female,normal,1161
30,1.0010000000000001,True,1.0,0.532226555366139,0.5637334726602705,0.5479800140132047,1.0002218517872494,-0.08236111111111116,-0.07115740740740756,0.34328105878076765,0.42833062796716803,0.18176491043657364,0.5478584706323352,0.031506917294131465,0.011203703703703605,0.07038225914654264,0.26229841467527476,0.10280452571689216,0.11342467650289655,0.0,0.9999999987499999,0.6875757612263657,0.2795672257602612,0.2759039000486706,0.4112336842506732,sad,04,10,10,female,normal,1161
40,1.3346666666666667,True,1.0,0.31593701504848115,0.3239349792496115,0.3199359971490463,0.7877845564902607,-0.08791666666666664,-0.07689814814814822,0.35173726041156883,0.3444477920626897,0.18320987024948612,0.40612118441928563,0.007997964201130359,0.011018518518518428,0.0590673934967658,0.3172617445096816,0.10201517009659326,0.11546282690766323,0.0,0.9999999987499999,0.6896425098476892,0.2804425235074142,0.26314274884501954,0.3984700457220114,sad,04,10,10,female,normal,1161
50,1.6683333333333334,True,1.0,0.3080400758569961,0.33827194841939084,0.32315601213819345,0.7781289034792658,-0.08648148148148155,-0.07814814814814808,0.3490649813357796,0.32497474431207896,0.18844764883487858,0.4152988157787977,0.030231872562394735,0.00833333333333347,0.02829718957151437,0.3248555374290928,0.10243844552413617,0.11508746328942653,0.0,0.9999999987499999,0.6824992586018783,0.2827891866007642,0.2630293995671115,0.3919015351795098,sad,04,10,10,female,normal,1161
60,2.0020000000000002,True,1.0,0.5178814910160303,0.5610349450891536,0.539458218052592,0.8074523270417081,-0.07231481481481483,-0.06638888888888894,0.34588520479747537,0.33877324747024634,0.18828563725134137,0.6680991558090176,0.04315345407312332,0.00592592592592589,0.009757471725162963,0.2934166553987068,0.10313916933027924,0.11379215828634301,0.0,0.9999999987499999,0.6823853788155888,0.28436009939764484,0.2679811669973021,0.39612650512500613,sad,04,10,10,female,normal,1161
70,2.3356666666666666,True,1.0,0.6248176649403004,0.6119952283282261,0.6184064466342633,0.8818912878282796,-0.06745370370370374,-0.06550925925925921,0.3402312894395241,0.36730945821854916,0.19166825888152061,0.7012275267591467,0.012822436612074384,0.0019444444444445264,0.019754189787652303,0.2717675350641073,0.10177245489304773,0.1148503679349163,0.0,0.9999999987499999,0.6742905783641583,0.27740198584813247,0.25617067205343036,0.3913150297421801,sad,04,10,10,female,normal,1161
80,2.6693333333333333,True,1.0,0.4014306448060397,0.37366449589504486,0.38754757035054227,0.5780531509298069,-0.07393518518518527,-0.07134259259259262,0.3537246491306546,0.15495623639583156,0.19374999999999998,0.6704358755369924,0.027766148910994826,0.0025925925925926463,0.030953712152060466,0.39752928383852465,0.10553121756289412,0.11344006823183243,0.0,0.9999999987499999,0.6751031959268081,0.276390203413222,0.2638481926782187,0.405770250672075,sad,04,10,10,female,normal,1161
90,3.003,True,1.0,0.6165905358604362,0.5769001390229689,0.5967453374417026,0.6427801549380842,-0.0639351851851852,-0.06412037037037038,0.3592623675345073,0.20247928382543115,0.1902781787382358,0.9283817069604211,0.039690396837467334,0.00018518518518517713,0.03533965994184235,0.34216114609391113,0.10559889207186718,0.11185448326393475,0.0,0.9999999987499999,0.6753527896783714,0.27577917118109907,0.26594345409232056,0.40293236840273694,sad,04,10,10,female,normal,1161
100,3.336666666666667,True,1.0,0.6350176701025391,0.5922333229074066,0.6136254965049728,0.7457874839282131,-0.06717592592592592,-0.06620370370370365,0.33998883852154116,0.314228639348276,0.1888892927975793,0.8227886760352742,0.042784347195132466,0.0009722222222222632,0.037367718147435086,0.32027810698369974,0.10277309429190794,0.11294824918923038,0.0,0.9999999987499999,0.6806217195159314,0.2739709704644844,0.25480380928329915,0.3860944654972665,sad,04,10,10,female,normal,1161
0,0.0,True,1.0,0.5825836953072315,0.6252553260520956,0.6039195106796635,0.728711230200001,-0.07638888888888878,-0.06745370370370374,0.32157050003913784,0.39339719261457173,0.18428964596827224,0.8287501079322089,0.04267163074486402,0.008935185185185046,0.06483016151048047,0.31482055222111793,0.10303562749298437,0.11253964379029023,0.0,0.9999999987499999,0.6861865486272635,0.2823900607352303,0.2644513094394998,0.4002910299238689,sad,04,10,10,female,normal,1162
10,0.33366666666666667,True,1.0,0.5870004183072194,0.6144294168568739,0.6007149175820466,0.7655328594419781,-0.07569444444444445,-0.06657407407407412,0.3156612002450619,0.38153656951126946,0.1869393916688721,0.7847016756667079,0.027428998549654526,0.009120370370370334,0.049925219109394695,0.31948888257671726,0.10270496180267674,0.11284149404603296,0.0,0.9999999987499999,0.6817143843318577,0.28435368469437844,0.2647292854537607,0.3996923357374816,sad,04,10,10,female,normal,1162
20,0.6673333333333333,True,1.0,0.5591698312694462,0.5769718073440031,0.5680708193067247,0.6660596756220369,-0.0732870370370371,-0.06527777777777788,0.3385187174166714,0.31738964671156145,0.18759457812706037,0.8528827672628584,0.017801976074556913,0.008009259259259216,0.05225410520510577,0.38121812815199135,0.10252414919870262,0.11334248401840392,0.0,0.9999999987499999,0.6780528374162166,0.2850672869550326,0.26532518845230946,0.39680645151051996,sad,04,10,10,female,normal,1162
30,1.0010000000000001,True,1.0,0.5187689625402082,0.5326508754326884,0.5257099189864483,0.8966013781385374,-0.06768518518518518,-0.06023148148148144,0.34523129233205624,0.31248915843007186,0.18814991529362962,0.5863362825494328,0.013881912892480197,0.00745370370370374,0.04410653974986876,0.3175405988292687,0.10403865659840905,0.11297035660282638,0.0,0.9999999987499999,0.6669200806963411,0.2831715824877011,0.2690131353854418,0.40077135267298053,sad,04,10,10,female,normal,1162
40,1.3346666666666667,True,1.0,0.5255976249070456,0.5692248784272427,0.5474112516671441,0.8854652211789691,-0.06717592592592592,-0.06037037037037041,0.3354859587873622,0.26534820606892817,0.1941783476932756,0.6182188058592333,0.04362725352019703,0.006805555555555509,0.04282823452005329,0.30698107415445747,0.10435000049695396,0.11402742001012789,0.0,0.9999999987499999,0.665644067017432,0.2814236404787455,0.26278566839041706,0.3874728678308713,sad,04,10,10,female,normal,1162
50,1.6683333333333334,True,1.0,0.547608773679812,0.5606852459435315,0.5541470098116718,0.8190487647030992,-0.06537037037037036,-0.05907407407407411,0.3679245271389188,0.22139542192793335,0.1935118578599945,0.6765738911926045,0.013076472263719552,0.006296296296296244,0.03206542270538452,0.3327655129257703,0.10294346099329894,0.11463595930792625,0.0,0.9999999987499999,0.6636823543792517,0.28107095296967927,0.2632501115414529,0.38379740084139713,sad,04,10,10,female,normal,1162
60,2.0020000000000002,True,1.0,0.5396095115818971,0.5778959565740506,0.5587527340779739,0.7197229444996393,-0.062129629629629646,-0.05662037037037032,0.3702209745107373,0.19680560216407086,0.1966678714655428,0.776344200706879,0.0382864449921535,0.005509259259259325,0.021692988166087442,0.41009498511653875,0.10480080858600546,0.11327734876288055,0.0,0.9999999987499999,0.6597054306488219,0.2847926305265234,0.26906706989766294,0.3789840334757652,sad,04,10,10,female,normal,1162
70,2.3356666666666666,True,1.0,0.5190710839648971,0.5458404113905568,0.532455747677727,0.7374768674486732,-0.05523148148148138,-0.05166666666666675,0.33782350416158147,0.11287911236459247,0.19933005317891384,0.7219965414234294,0.02676932742565974,0.003564814814814632,0.01689078456521622,0.37937584718004036,0.10364098193637673,0.11367100904006075,0.0,0.9999999987499999,0.6547322853047469,0.281756975918236,0.2571535042079789,0.37000270505226635,sad,04,10,10,female,normal,1162
80,2.6693333333333333,True,1.0,0.5540637510421071,0.5698967358281782,0.5619802434351426,0.5628044763949835,-0.05541666666666667,-0.05319444444444443,0.3458713005958793,0.0865762995052798,0.19864222379929886,0.9985354896870748,0.01583298478607109,0.0022222222222222365,0.009339055788907081,0.4766021353942935,0.10456861593967333,0.11349172561738727,0.0,0.9999999987499999,0.6571074544974241,0.28070944029456846,0.2577490476255456,0.37275376637400304,sad,04,10,10,female,normal,1162
90,3.003,True,1.0,0.5834203085596892,0.6000364516196979,0.5917283800896935,0.5159169852459152,-0.05777777777777782,-0.05481481481481487,0.3484534227373046,0.04299308210382722,0.20209277153915417,1.1469449485320633,0.016616143060008692,0.002962962962962945,0.0014818197503109374,0.46957232396966414,0.10620304484842481,0.11298010521105145,0.0,0.9999999987499999,0.6607771414346989,0.27733666994994904,0.2659428667597174,0.38090392878658175,sad,04,10,10,female,normal,1162
100,3.336666666666667,True,1.0,0.6288288850940483,0.6349188611907562,0.6318738731424023,0.5416707619210718,-0.059120370370370434,-0.05731481481481476,0.3585735514883925,0.062493972708409486,0.19792283433372324,1.166527561689723,0.006089976096707916,0.0018055555555556713,0.0023589247905108613,0.4182257322963924,0.10512432202135262,0.11398450696279712,0.0,0.9999999987499999,0.6626263541510354,0.283578934516361,0.2671513558701447,0.38036489881525903,sad,04,10,10,female,normal,1162
0,0.0,True,1.0,0.5887988092178075,0.5964071628106663,0.5926029860142369,0.7535378833048526,-0.06712962962962948,-0.06356481481481485,0.32477905508158844,0.36117649802542956,0.1863880229335427,0.7864275959361321,0.00760835359285883,0.003564814814814632,0.020816312732569352,0.3238177488399792,0.11627927823110808,0.109236287114277,0.0,0.9999999987499999,0.6318371902745472,0.2637757979343213,0.2816133571561558,0.36744738238200875,sad,04,10,10,female,normal,1163
10,0.33366666666666667,True,1.0,0.5821381846598807,0.5969919456675958,0.5895650651637383,0.7372273362617809,-0.06824074074074071,-0.062222222222222234,0.32367943438123564,0.3375252496110518,0.18578662325189146,0.7997059199584408,0.014853761007715183,0.006018518518518479,0.024754735667235944,0.3336579823835831,0.10434907475882228,0.11234503211057395,0.0,0.9999999987499999,0.6773300625797194,0.28484521107686334,0.2669584517158046,0.3965194897849822,sad,04,10,10,female,normal,1163
20,0.6673333333333333,True,1.0,0.5754124748929224,0.5784832451499122,0.5769478600214173,0.7132671685881832,-0.06768518518518513,-0.0618055555555555,0.3278100644907693,0.33327356597133106,0.18784189206887703,0.8088804383964683,0.0030707702569898743,0.0058796296296296235,0.0313007568900236,0.34052211089838624,0.1041771607228108,0.11301135637274372,0.0,0.9999999987499999,0.6744077345313125,0.28521719051497674,0.266432162865939,0.39621865954340635,sad,04,10,10,female,normal,1163
30,1.0010000000000001,True,1.0,0.5604999163693059,0.5969919456675958,0.5787459310184508,1.0639698205113928,-0.0712037037037036,-0.06388888888888894,0.3254402258764049,0.41750315791870585,0.1906146876084448,0.5439495743782271,0.036492029298289985,0.007314814814814663,0.034602078803931,0.25247361328697926,0.10437514557892254,0.11500272948406343,0.0,0.9999999987499999,0.6623178074432898,0.2815690965763849,0.2636728002656418,0.40153441048655575,sad,04,10,10,female,normal,1163
40,1.3346666666666667,True,1.0,0.5296168118271961,0.6242125148747926,0.5769146633509943,0.8011565308617842,-0.06310185185185185,-0.05648148148148158,0.33961429004661303,0.25458080375584274,0.1974449177954996,0.7201023035166693,0.09459570304759646,0.0066203703703702765,0.05996391822251064,0.32128352883714845,0.10633442243535673,0.11319359261384751,0.0,0.9999999987499999,0.6506514835856217,0.2823686296142706,0.260040695037171,0.38423869716841313,sad,04,10,10,female,normal,1163
50,1.6683333333333334,True,1.0,0.5398179137438645,0.6856170846819425,0.6127174992129034,0.6167731891888045,-0.06337962962962962,-0.0529166666666665,0.3427619859836498,0.1810341106840231,0.1924012633037443,0.9934243413186697,0.14579917093807804,0.010462962962963118,0.11665028566333696,0.3924327571653839,0.10938845561520683,0.1107622518044429,0.0,0.9999999987499999,0.6456953523518782,0.2847159111113948,0.2702752305865204,0.3736897753224981,sad,04,10,10,female,normal,1163
60,2.0020000000000002,True,1.0,0.5642619097324826,0.6628754602035777,0.6135686849680302,0.814930635373027,-0.06537037037037041,-0.05629629629629629,0.36540293946330304,0.179978941196186,0.19620736838186043,0.7529090923022851,0.0986135504710951,0.009074074074074123,0.07377987248000431,0.28792799345628484,0.10658463713464045,0.11413256136234627,0.0,0.9999999987499999,0.6573523026866998,0.28193481878401006,0.27178470324456083,0.38824856030130195,sad,04,10,10,female,normal,1163
70,2.3356666666666666,True,1.0,0.5462232701484117,0.6230358024185857,0.5846295362834987,0.7402803975509019,-0.06328703703703686,-0.055462962962962936,0.35089440555196727,0.22983126311941054,0.20244582133005787,0.7897406688298799,0.07681253227017404,0.007824074074073928,0.054925901129089245,0.3469511798281821,0.1089217985778347,0.11275233021469079,0.0,0.9999999987499999,0.6535047295715161,0.2787990304675568,0.26879564476435425,0.38367434309384457,sad,04,10,10,female,normal,1163
80,2.6693333333333333,True,1.0,0.5796291019765337,0.6369905864941815,0.6083098442353576,0.7698854734131061,-0.0602314814814815,-0.05425925925925923,0.32111038237402195,0.19594758523399594,0.20448069393904506,0.7901303054057626,0.057361484517647776,0.005972222222222268,0.04654203810496292,0.3502599529975441,0.10930760706030813,0.11237834850693115,0.0,0.9999999987499999,0.651437935564851,0.2788504672972484,0.27308120044990347,0.37839280267369535,sad,04,10,10,female,normal,1163
90,3.003,True,1.0,0.5659456591190224,0.6275124575643405,0.5967290583416814,0.5188982282894173,-0.0625,-0.057037037037037,0.35447140616140593,0.10213476163188907,0.20586746424767738,1.1499924759983062,0.061566798445318094,0.005462962962963003,0.04649224368355929,0.4760711923121734,0.10731280065324783,0.11311180909827406,0.0,0.9999999987499999,0.6532569469584709,0.27839512538789346,0.27135252141943594,0.3783016484325621,sad,04,10,10,female,normal,1163
100,3.336666666666667,True,1.0,0.5886946479631506,0.657961910344187,0.6233282791536688,0.5053267189255708,-0.062268518518518445,-0.05685185185185182,0.3623203985341604,0.09283258211070311,0.20515287897548254,1.2335153788800122,0.06926726238103642,0.005416666666666625,0.04893940822143904,0.5045176588743802,0.10862102042037959,0.11219625822422091,0.0,0.9999999987499999,0.6534986996126576,0.2785407927708564,0.2780864985123926,0.38762833843653655,sad,04,10,10,female,normal,1163
110,3.6703333333333332,True,1.0,0.528750475929541,0.5920141654345066,0.5603823206820238,0.5342884077972762,-0.060555555555555585,-0.057037037037037,0.3703577781929463,0.11060069160043731,0.2050937402197338,1.048838628171488,0.06326368950496553,0.0035185185185185874,0.02432034529443092,0.4814169107019158,0.10882030570759745,0.1128502868403474,0.0,0.9999999987499999,0.6538204498830783,0.27882281310065943,0.27500530772077153,0.3786621540203259,sad,04,10,10,female,normal,1163
0,0.0,True,1.0,0.5735016042120247,0.566178718898463,0.5698401615552439,0.5209708507045291,-0.06768518518518524,-0.06777777777777777,0.37241159656272804,0.1814627356564914,0.19179559324362383,1.0938043093670728,0.007322885313561622,9.259259259253305e-05,0.03991707468765169,0.46782291521130903,0.10546583582425532,0.11350085653762357,0.0,0.9999999987499999,0.6728503315623124,0.2761443497045301,0.27058967618428165,0.406504894896155,sad,04,10,10,female,strong,1164
10,0.33366666666666667,True,1.0,0.5963027109421208,0.5617645755296322,0.5790336432358765,0.619727284253094,-0.06717592592592603,-0.06708333333333338,0.37410391204030197,0.18688874288211596,0.19662713428789932,0.934336211989985,0.034538135412488624,9.259259259264407e-05,0.039097790135156504,0.41156133330067407,0.10761564426909623,0.11349716930494347,0.0,0.9999999987499999,0.6719298319405889,0.27563371148060617,0.2755779820567521,0.4014085950573786,sad,04,10,10,female,strong,1164
20,0.6673333333333333,True,1.0,0.5878143730755315,0.5454545454545453,0.5666344592650384,0.958827104953401,-0.06712962962962948,-0.06634259259259268,0.3697552282479087,0.3558175360307194,0.19309507067744297,0.590966250680384,0.04235982762098622,0.0007870370370368085,0.03449658857361688,0.2897031975438263,0.10733299510863761,0.11326098467815418,0.0,0.9999999987499999,0.6634921386992297,0.27861772631753456,0.2800621611140911,0.4074620880159506,sad,04,10,10,female,strong,1164
30,1.0010000000000001,True,1.0,0.5398225221672512,0.5332477651798884,0.5365351436735698,0.9092211953878983,-0.07412037037037039,-0.06962962962962965,0.4142649003535316,0.29341585835639594,0.18760413774754542,0.5901040873169147,0.006574756987362873,0.00449074074074074,0.011182601838900342,0.3000518694960415,0.10178000556242746,0.11843714325991668,0.0,0.9999999987499999,0.6754851148428122,0.2820601064731742,0.2812746258829938,0.41133285894734756,sad,04,10,10,female,strong,1164
40,1.3346666666666667,True,1.0,0.40540339168314365,0.44860718820235834,0.427005289942751,0.7283709545181685,-0.08287037037037043,-0.07157407407407407,0.3741899561981789,0.412079683821938,0.17139387648662163,0.5862470040766841,0.04320379651921469,0.01129629629629636,0.08825705203122838,0.3643262674677429,0.1012679022788352,0.11855433568007347,0.0,0.9999999987499999,0.6894127442773986,0.28145472722382014,0.2696552266544258,0.40604588540060554,sad,04,10,10,female,strong,1164
50,1.6683333333333334,True,1.0,0.49208628360329093,0.5131351665724845,0.5026107250878877,0.9237315515034126,-0.1029166666666666,-0.0923148148148148,0.39247029325401256,0.3350096676548052,0.2189310842810413,0.5441090804680941,0.02104888296919355,0.010601851851851807,0.07476256743734092,0.3093044567431667,0.10263979629350288,0.11688061821885187,0.0,0.9999999987499999,0.6623120910629876,0.2847124048098605,0.29650890011345477,0.4174139867268746,sad,04,10,10,female,strong,1164
60,2.0020000000000002,True,1.0,0.547025121389597,0.5968199995982865,0.5719225604939417,0.7154336694562617,-0.08657407407407397,-0.0766203703703705,0.4028528710110507,0.18401348067800954,0.2230118349984653,0.7994068282089796,0.04979487820868944,0.009953703703703465,0.0675423649285431,0.3910144893215815,0.10386574244961504,0.11758850992624484,0.0,0.9999999987499999,0.6490924362479368,0.284768396639372,0.29966595691259934,0.42712703950221076,sad,04,10,10,female,strong,1164
70,2.3356666666666666,True,1.0,0.5478121713415091,0.6154829384788436,0.5816475549101763,0.7825946181332935,-0.07694444444444448,-0.06819444444444445,0.35711140494854593,0.19473499277711875,0.22252977916724537,0.7432296893346494,0.06767076713733455,0.008750000000000036,0.06213193903852299,0.3826372948553641,0.10647094550097243,0.11572985668600093,0.0,0.9999999987499999,0.6461609635651135,0.2841605402963644,0.29049526903654005,0.3983020088989857,sad,04,10,10,female,strong,1164
80,2.6693333333333333,True,1.0,0.5634413600007759,0.649941603686876,0.606691481843826,0.4366872603258526,-0.07120370370370377,-0.0632407407407406,0.39510243234123305,0.13813813813813772,0.21623394567270943,1.3893042846982018,0.0865002436861001,0.007962962962963172,0.050918529391550636,0.6568676631335628,0.09408866423093402,0.11343091893601555,0.0,0.9999999987499999,0.6908864638042719,0.2997363872950983,0.2681673187535299,0.41221777108886326,sad,04,10,10,female,strong,1164
90,3.003,True,1.0,0.5824716597818047,0.673327157518599,0.6278994086502019,0.40103847309305213,-0.07287037037037036,-0.06504629629629632,0.3858387026154923,0.17897649250897912,0.21470915045736508,1.5656837205853606,0.09085549773679424,0.007824074074074039,0.03858756034253153,0.7749945031558926,0.09306537338195833,0.11343529718203638,0.0,0.9999999987499999,0.696846235533276,0.29827829989567917,0.26954918762838276,0.41751155072530755,sad,04,10,10,female,strong,1164
100,3.336666666666667,True,1.0,0.5668535582683721,0.6528683325145993,0.6098609453914857,0.43221822338627014,-0.07407407407407396,-0.06703703703703712,0.3690318335917899,0.21321093407550884,0.20990229967322105,1.4110023881303533,0.08601477424622717,0.007037037037036842,0.061783433975048034,0.6622633903676561,0.1096542622937686,0.11271825373629228,0.0,0.9999999987499999,0.6556358425088785,0.2797479999305579,0.2960211238191365,0.4070500952272692,sad,04,10,10,female,strong,1164
0,0.0,True,1.0,0.5592244350322109,0.5783592921997086,0.5687918636159597,0.9108185817008053,-0.0668981481481481,-0.06101851851851853,0.3429662603001425,0.35398154462272896,0.18693783475525297,0.6244842552002327,0.019134857167497743,0.005879629629629568,0.02081999236611817,0.3050323642780506,0.1058640720392859,0.11194443969909688,0.0,0.9999999987499999,0.667890438073667,0.28089700127983347,0.2691520394568331,0.40582716721271184,sad,04,10,10,female,strong,1165
10,0.33366666666666667,True,1.0,0.5532346421310206,0.5359418614411909,0.5445882517861058,0.9342079194311002,-0.06768518518518518,-0.06087962962962973,0.3371875676042261,0.3647981815001894,0.18488735635236406,0.5829411638018879,0.017292780689829645,0.006805555555555454,0.02394484710016412,0.28288246866398,0.10521708655522082,0.11423293526766874,0.0,0.9999999987499999,0.6680804221063424,0.2808603384804092,0.2671881907912346,0.4010048164808937,sad,04,10,10,female,strong,1165
20,0.6673333333333333,True,1.0,0.5216947646941589,0.5317682873752355,0.5267315260346972,0.880743575663797,-0.06671296296296286,-0.061203703703703705,0.36053957704312173,0.3164072539317816,0.18500121296028996,0.5980532138854504,0.010073522681076641,0.005509259259259158,0.015978710200745025,0.30237716152691907,0.10435444579365839,0.11435704025640486,0.0,0.9999999987499999,0.666083031564188,0.28104590242147276,0.2667567674781584,0.4017168139134594,sad,04,10,10,female,strong,1165
30,1.0010000000000001,True,1.0,0.5038419391727499,0.5063732022338042,0.505107570703277,0.8836009217880365,-0.07296296296296301,-0.06773148148148145,0.42030790633770276,0.30788693840246845,0.1769485632315414,0.571646722234232,0.002531263061054334,0.005231481481481559,0.030760544689826388,0.295851260855192,0.1010602015746648,0.11531249411991731,0.0,0.9999999987499999,0.6835427123036715,0.2818912018954214,0.2835840042169332,0.43172459546145797,sad,04,10,10,female,strong,1165
40,1.3346666666666667,True,1.0,0.42536717033373067,0.46293944212577015,0.4441533062297504,0.7450073712640695,-0.07356481481481475,-0.0652314814814815,0.3781202762621709,0.34622810123617115,0.18185681019434627,0.5961730358132514,0.03757227179203948,0.008333333333333248,0.05348350514495601,0.3684229190566104,0.10208391581890246,0.11473978241480699,0.0,0.9999999987499999,0.6847143156793968,0.27971943957396384,0.2767980993537006,0.41418022280992933,sad,04,10,10,female,strong,1165
50,1.6683333333333334,True,1.0,0.48632808197446414,0.5286330418121419,0.507480561893303,0.919913700528245,-0.0710648148148148,-0.06305555555555548,0.37624919331501216,0.3559027309571013,0.1880266042512335,0.5516610542944309,0.042304959837677736,0.008009259259259327,0.04741138006029339,0.3242656990192507,0.10122903760562382,0.11664370156877554,0.0,0.9999999987499999,0.6786795854357368,0.283831581603314,0.2814440213550591,0.4098642333220515,sad,04,10,10,female,strong,1165
60,2.0020000000000002,True,1.0,0.48889776964221915,0.5554569204565902,0.5221773450494047,0.8564363568057473,-0.06611111111111101,-0.056064814814814845,0.3858757488681095,0.2360713805673613,0.1963099962061537,0.6097094558163911,0.06655915081437108,0.010046296296296164,0.0376070877837423,0.3487536857746007,0.10452066398879398,0.11520172523693495,0.0,0.9999999987499999,0.6601773933245174,0.28401788968532754,0.283622156290147,0.4056216011246943,sad,04,10,10,female,strong,1165
70,2.3356666666666666,True,1.0,0.5505909984010255,0.5952687344297656,0.5729298664153956,0.781405738532765,-0.06379629629629635,-0.05740740740740724,0.3536825942324729,0.23005000737996278,0.2025192959020785,0.7332040682106817,0.044677736028740034,0.0063888888888891104,0.03248023502481155,0.3751902237551408,0.10766785445134953,0.11294270939944492,0.0,0.9999999987499999,0.6571508096285389,0.2834588593004771,0.2804448093827212,0.3878789885556433,sad,04,10,10,female,strong,1165
80,2.6693333333333333,True,1.0,0.5411711615846896,0.5893755616741256,0.5652733616294077,0.613841588724534,-0.06268518518518523,-0.05731481481481482,0.3884731256784434,0.19371541949264331,0.20244582133005798,0.9208782396187208,0.04820440008943605,0.005370370370370414,0.028591404357615664,0.4741065598013788,0.10738337363023942,0.1135492908466896,0.0,0.9999999987499999,0.6580534385394783,0.28199147327814233,0.28259551175781994,0.38936181200563624,sad,04,10,10,female,strong,1165
90,3.003,True,1.0,0.5504249405759739,0.5968048712149187,0.5736149058954463,0.45887486195517746,-0.06583333333333335,-0.05796296296296288,0.38517586800270404,0.14854986766809344,0.20121419645027497,1.2500464798864412,0.046379930638944744,0.007870370370370472,0.04277308886136226,0.5843288342113435,0.10916451967882795,0.11200822280072899,0.0,0.9999999987499999,0.6603347451480592,0.2805724830434823,0.2872741637005066,0.3993247749835292,sad,04,10,10,female,strong,1165
100,3.336666666666667,True,1.0,0.5707251138420727,0.5835425407434754,0.5771338272927741,0.45978283683359084,-0.06782407407407398,-0.06060185185185196,0.3851594033112457,0.17347144235987844,0.1998289200730822,1.2552313419686347,0.012817426901402751,0.007222222222222019,0.040680620801603694,0.5768406498411743,0.10964228291013334,0.11222174441716298,0.0,0.9999999987499999,0.6589186700226966,0.2803405858509495,0.28520293868603874,0.4034515085769109,sad,04,10,10,female,strong,1165
0,0.0,True,1.0,0.5458404113905562,0.6012706207925852,0.5735555160915706,0.5987628195977388,-0.06787037037037041,-0.06027777777777776,0.3496970315660577,0.33454234655486714,0.17952442970375942,0.9579010207696214,0.05543020940202903,0.007592592592592651,0.04131775225995079,0.4123276995046992,0.10265637734913857,0.11406098272091897,0.0,0.9999999987499999,0.684884845797694,0.28006363327198713,0.2626110588996076,0.39864222859485204,sad,04,10,10,female,strong,1166
10,0.33366666666666667,True,1.0,0.5587873479337013,0.5635944921169483,0.5611909200253249,0.6612436151162259,-0.06791666666666668,-0.06305555555555553,0.3447454909026005,0.3228315258925492,0.18021749556061167,0.8486901154072923,0.004807144183247014,0.004861111111111149,0.04458663784217902,0.3763102331605463,0.10387292162972599,0.11329105718120236,0.0,0.9999999987499999,0.6832408626419318,0.2810412806198239,0.26460165068551916,0.400529127646938,sad,04,10,10,female,strong,1166
20,0.6673333333333333,True,1.0,0.5113780479840992,0.5858713517126846,0.5486246998483919,0.6799961457559456,-0.06787037037037036,-0.06148148148148158,0.35388125450875746,0.2974069822513175,0.17902538370630094,0.8068056021677752,0.07449330372858531,0.006388888888888777,0.053177507427529025,0.35357367878928964,0.10319242531412082,0.11374386530895984,0.0,0.9999999987499999,0.6836928698745123,0.2806399955955305,0.264918420107451,0.3995577702536664,sad,04,10,10,female,strong,1166
30,1.0010000000000001,True,1.0,0.507340798768924,0.5637000388475928,0.5355204188082584,0.9378717312657716,-0.06703703703703712,-0.05981481481481471,0.3486661281084033,0.36332334995366233,0.1810724407743788,0.57099537277396,0.05635924007866877,0.0072222222222224075,0.04800758373214137,0.27473625538812424,0.10333322945888393,0.11411791739165836,0.0,0.9999999987499999,0.6817815436174469,0.2823966364160623,0.2709489004025275,0.3961145888344746,sad,04,10,10,female,strong,1166
40,1.3346666666666667,True,1.0,0.5207729814442448,0.5785948302307458,0.5496839058374953,0.8900735066757077,-0.06453703703703711,-0.057638888888888795,0.3692813632912293,0.3182831386652653,0.1880866473571755,0.6175713597975553,0.057821848786500984,0.00689814814814832,0.035292544399823524,0.31892251127204546,0.10632700213429012,0.1137043502386239,0.0,0.9999999987499999,0.6673566346382303,0.2791245458111361,0.27428925394349213,0.4031371291252319,sad,04,10,10,female,strong,1166
50,1.6683333333333334,True,1.0,0.505271944489561,0.5775641538390105,0.5414180491642857,0.7328532328881328,-0.06324074074074071,-0.05717592592592591,0.4292683450777761,0.1771529352623231,0.19423177563420363,0.7387810067106999,0.07229220934944947,0.006064814814814801,0.03946588926004351,0.3851918400732142,0.1070310153668253,0.11371406327262489,0.0,0.9999999987499999,0.6661372616390306,0.28074084060343646,0.288885579043965,0.4052483372656673,sad,04,10,10,female,strong,1166
60,2.0020000000000002,True,1.0,0.5570323596737639,0.6271403852838097,0.5920863724787868,0.532764795496195,-0.06092592592592594,-0.05513888888888896,0.366950139128672,0.08643764021839209,0.20044049391667962,1.1113466533150753,0.07010802561004581,0.0057870370370369795,0.03927722324208658,0.5014508175225043,0.1059247316166867,0.11407919125739666,0.0,0.9999999987499999,0.6594886177752352,0.28319227835374666,0.27703307938284516,0.37937830547888984,sad,04,10,10,female,strong,1166
70,2.3356666666666666,True,1.0,0.4985323424562606,0.5590163081715902,0.5287743253139254,0.6694783374031574,-0.06046296296296283,-0.053148148148148056,0.36744960379401315,0.160310009783461,0.19974758090367734,0.7898303735487403,0.0604839657153296,0.007314814814814774,0.046135047361872274,0.416215923368232,0.10704833025195809,0.11251868197767753,0.0,0.9999999987499999,0.6551224349349114,0.2804304697290942,0.2738575850340143,0.3808867281587458,sad,04,10,10,female,strong,1166
80,2.6693333333333333,True,1.0,0.5558673315534703,0.645705874539175,0.6007866030463227,0.830745863499873,-0.06300925925925932,-0.05601851851851858,0.3488534356498964,0.20044672114758372,0.20046675576268408,0.7231894005649955,0.0898385429857047,0.006990740740740742,0.040701037493443996,0.31989614773572134,0.1081101214717516,0.11268863328659033,0.0,0.9999999987499999,0.6583758196716186,0.2822329520432296,0.2776581169432458,0.37705627801904285,sad,04,10,10,female,strong,1166
90,3.003,True,1.0,0.5939665853921958,0.6577884929166264,0.6258775391544111,0.5578413498269889,-0.06282407407407403,-0.054907407407407405,0.3584818455429315,0.09501790910575131,0.1998869446886146,1.1219633312383948,0.06382190752443062,0.007916666666666627,0.04176779346889251,0.4545790741968062,0.10789893895166583,0.11289085618329514,0.0,0.9999999987499999,0.6583091158103865,0.2817851834778452,0.277115554411816,0.3829701309215342,sad,04,10,10,female,strong,1166
100,3.336666666666667,True,1.0,0.5801698931500364,0.6657316346957269,0.6229507639228817,0.5496977078053165,-0.06273148148148133,-0.05620370370370387,0.36185140136553307,0.06687913642738846,0.19913630075668212,1.1332606177493993,0.08556174154569052,0.006527777777777466,0.04056744157501146,0.4414062726666903,0.10935440206983339,0.1119930936578305,0.0,0.9999999987499999,0.6607988290785064,0.2811872969461509,0.28057373537012975,0.38587024770439066,sad,04,10,10,female,strong,1166
0,0.0,True,1.0,0.5252974474076522,0.5783827298844332,0.5518400886460426,0.5579306315439174,-0.067037037037037,-0.06180555555555567,0.3578265263523532,0.20394828909354265,0.19467031771769586,0.9890836914958031,0.053085282476781015,0.005231481481481337,0.030093713951466133,0.458230611973058,0.10694838185764716,0.11227481697379034,0.0,0.9999999987499999,0.6774548135426045,0.2761217396201599,0.271570979388262,0.39673786071013495,sad,04,10,10,female,strong,1167
10,0.33366666666666667,True,1.0,0.5463237038789089,0.5908606549293411,0.5685921794041251,0.5724884069979697,-0.0676388888888888,-0.06217592592592591,0.3660399424936601,0.18613693021734565,0.19394049355166268,0.9931942244660015,0.044536951050432205,0.005462962962962892,0.023396268354495212,0.44099173052110496,0.10578676144703254,0.11286469850397358,0.0,0.9999999987499999,0.6689194553993473,0.27864011904369745,0.2695848847650426,0.3948900938632958,sad,04,10,10,female,strong,1167
20,0.6673333333333333,True,1.0,0.5589578713923228,0.6119258911046495,0.5854418812484861,0.5973992311752829,-0.06398148148148147,-0.05884259259259256,0.3723048821783427,0.19236010214287572,0.1925708079176121,0.9799843232083296,0.052968019712326675,0.005138888888888915,0.018444774393771173,0.4216721983382251,0.10628837139556546,0.11273095877835052,0.0,0.9999999987499999,0.6663122679384254,0.2799275838158624,0.27093991773144405,0.39359085631462387,sad,04,10,10,female,strong,1167
30,1.0010000000000001,True,1.0,0.5341076849065848,0.5695542860083896,0.5518309854574872,0.8225846707248085,-0.06671296296296308,-0.060787037037037084,0.38246225242968773,0.273922064866843,0.19135575931595175,0.670850071848834,0.035446601101804864,0.005925925925926001,0.017523262757458566,0.3185674710469393,0.10495849665104069,0.11363535121770639,0.0,0.9999999987499999,0.6678768527176495,0.27975563427333044,0.27387680742630904,0.40470947211490826,sad,04,10,10,female,strong,1167
40,1.3346666666666667,True,1.0,0.5601272312286439,0.5712245023492596,0.5656758667889518,0.6910201799411345,-0.060694444444444495,-0.05560185185185196,0.39939504593188446,0.17574904454755436,0.19889095009340102,0.8186097645326937,0.011097271120615648,0.0050925925925925375,0.026892124591603676,0.41036065408600797,0.10339161589752324,0.11473118552753907,0.0,0.9999999987499999,0.6633920547828506,0.2788741778790712,0.2724872414984047,0.3915621706012978,sad,04,10,10,female,strong,1167
50,1.6683333333333334,True,1.0,0.5559541035615294,0.5987074278792821,0.5773307657204058,0.7327755053733495,-0.06101851851851847,-0.05671296296296291,0.41282695650765117,0.09769910739297548,0.2016448213616302,0.7878685374810058,0.042753324317752694,0.0043055555555555625,0.01772254141757567,0.39009641153835556,0.10501762785554804,0.11391569163370908,0.0,0.9999999987499999,0.6589065901516857,0.2802713938299019,0.2823537903443456,0.3931121879365379,sad,04,10,10,female,strong,1167
60,2.0020000000000002,True,1.0,0.5535551597143828,0.5864432375694181,0.5699991986419004,0.7247200883528376,-0.058657407407407436,-0.05277777777777781,0.38836118713845263,0.10997996568222183,0.20443890126402905,0.786509450755545,0.032888077855035225,0.0058796296296296235,0.020003319783404337,0.39811950576689425,0.10523460769798249,0.1147161191298908,0.0,0.9999999987499999,0.6557879691095186,0.2800764145400121,0.27580426013312564,0.38183106929344185,sad,04,10,10,female,strong,1167
70,2.3356666666666666,True,1.0,0.566507993639812,0.6403892080797263,0.6034486008597691,0.720103259029999,-0.06361111111111112,-0.05787037037037046,0.3601578071338622,0.14526954062702482,0.20719351461974436,0.8380028742997674,0.07388121443991436,0.005740740740740657,0.02440232142400831,0.3859800032713697,0.10449231084647188,0.11473034397923916,0.0,0.9999999987499999,0.65870183581245,0.27936753307922485,0.26815162512125745,0.3779393225828103,sad,04,10,10,female,strong,1167
80,2.6693333333333333,True,1.0,0.5957675783124994,0.6521660002263333,0.6239667892694163,0.5144607242442472,-0.06374999999999986,-0.05754629629629637,0.3747595465204121,0.08560111490606516,0.20443890126402894,1.2128560254741227,0.05639842191383393,0.006203703703703489,0.028349396357253757,0.5142664085636363,0.10721843796175459,0.11269522287983834,0.0,0.9999999987499999,0.6544847403727116,0.28094334850883795,0.2732802195405215,0.3849384328566774,sad,04,10,10,female,strong,1167
90,3.003,True,1.0,0.5712444204018458,0.6386115707793997,0.6049279955906227,0.539533029953643,-0.06393518518518526,-0.058796296296296235,0.38232506452585296,0.10903486107523924,0.20734553600044153,1.1212066027590535,0.06736715037755392,0.005138888888889026,0.031535994327392264,0.49591156592924884,0.10750430353938768,0.1129298156461688,0.0,0.9999999987499999,0.6547179451858868,0.2809829843491195,0.27882037396995824,0.3866204866612928,sad,04,10,10,female,strong,1167
100,3.336666666666667,True,1.0,0.5863214993875215,0.6408564436355362,0.6135889715115288,0.5602748164235486,-0.06337962962962962,-0.05828703703703697,0.3782302038537433,0.09758884552979759,0.20593527240313422,1.0951571506074558,0.05453494424801464,0.0050925925925926485,0.03157188996285416,0.4717383604657062,0.10662886213484302,0.11358917357611661,0.0,0.9999999987499999,0.6581457003035589,0.28093658956054024,0.2756691627741721,0.3843705465179515,sad,04,10,10,female,strong,1167
0,0.0,True,1.0,0.5686525816489664,0.5642608685128747,0.5664567250809205,0.7603185604233706,-0.06935185185185183,-0.06467592592592591,0.3530285481272306,0.2938208318672144,0.17490374358428257,0.7450255124187664,0.004391713136091657,0.004675925925925917,0.028284062517076027,0.31266306128883087,0.09917059179291073,0.11380401733813536,0.0,0.9999999987499999,0.7021264710728041,0.27802800451197957,0.25155275619516676,0.3952141942039413,angry,05,10,10,female,normal,1168
10,0.33366666666666667,True,1.0,0.5131283068110278,0.5303673134951541,0.521747810153091,0.7509603972461354,-0.06814814814814818,-0.06444444444444458,0.3562856265721932,0.2903186943381142,0.1762563239004262,0.6947740680685756,0.017239006684126257,0.003703703703703598,0.02722103128542501,0.3023593964812743,0.10129969261754854,0.11225302138517845,0.0,0.9999999987499999,0.6977157823051097,0.2790353978956449,0.25819097614073366,0.39822863134492925,angry,05,10,10,female,normal,1168
20,0.6673333333333333,True,1.0,0.5731488662003211,0.5732410947176829,0.573194980459002,0.7717525763078105,-0.06884259259259262,-0.06550925925925932,0.37177689982743944,0.2772228728357537,0.1762255883084451,0.7427185837218189,9.222851736179205e-05,0.0033333333333332993,0.02842263310435974,0.31734673365464827,0.1012840285705503,0.11209732442583843,0.0,0.9999999987499999,0.6942054091480343,0.27950777833694845,0.2594243528340451,0.3976112874628438,angry,05,10,10,female,normal,1168
30,1.0010000000000001,True,1.0,0.5547952733431485,0.5582226096402025,0.5565089414916755,0.7855587635508946,-0.07625000000000004,-0.07643518518518527,0.38749491586624635,0.2571669348682569,0.18463376380313304,0.7084243309515578,0.003427336297054051,0.00018518518518523264,0.027889253938604888,0.31981944519637123,0.10065341057226976,0.1124946735598328,0.0,0.9999999987499999,0.6922604401604393,0.2776940214517846,0.2586678012764662,0.39557209810268507,angry,05,10,10,female,normal,1168
40,1.3346666666666667,True,1.0,0.5534072322977239,0.5483033081928699,0.5508552702452969,0.8404072024425383,-0.07199074074074074,-0.06722222222222224,0.3540351618795685,0.38491608541175754,0.17522928600577403,0.6554623385476767,0.005103924104854052,0.004768518518518505,0.031123840778458093,0.2946875816709531,0.10194227334887618,0.11149904704205713,0.0,0.9999999987499999,0.6932505700795943,0.2777820772640805,0.2604915272208347,0.39656958417037674,angry,05,10,10,female,normal,1168
50,1.6683333333333334,True,1.0,0.577883514800522,0.5590293682310364,0.5684564415157792,1.140640832824678,-0.08749999999999997,-0.08240740740740743,0.33116482133356034,0.5251656789801636,0.1980390893607475,0.49836585291099583,0.018854146569485586,0.0050925925925925375,0.02795530657143567,0.23714886894986623,0.10200364504938143,0.11110046394345117,0.0,0.9999999987499999,0.6903448208189525,0.2794503074775247,0.2704867171422973,0.40211728855751533,angry,05,10,10,female,normal,1168
60,2.0020000000000002,True,1.0,0.5430388568281058,0.550157135317054,0.54659799607258,0.7412382249788957,-0.06935185185185183,-0.06657407407407406,0.3738533885631512,0.16838399543851754,0.1899696745290374,0.7374120460235878,0.007118278488948193,0.002777777777777768,0.007769289003963239,0.3316309894356505,0.10196499313405626,0.11567196484216802,0.0,0.9999999987499999,0.6763938745810824,0.2779254749120511,0.2626654077182746,0.40341657336968895,angry,05,10,10,female,normal,1168
70,2.3356666666666666,True,1.0,0.5592244350322116,0.5578751058267261,0.5585497704294689,0.8424538603314312,-0.07180555555555557,-0.0690277777777778,0.3738780863293885,0.3008284187980934,0.1974638507927773,0.6630033960669713,0.0013493292054855832,0.002777777777777768,0.006478116575770713,0.3160569100482714,0.1058456951043714,0.11331495813000958,0.0,0.9999999987499999,0.6730409346238497,0.2769586020271728,0.27479419362080615,0.4087180606577228,angry,05,10,10,female,normal,1168
80,2.6693333333333333,True,1.0,0.6125110113728282,0.6270427462922196,0.6197768788325239,1.0713402273306052,-0.0702314814814815,-0.06578703703703703,0.2974740478707627,0.4183468782155066,0.1954030075788308,0.5785061206716611,0.014531734919391415,0.004444444444444473,0.011084023818891082,0.23927029732531463,0.10651369984327869,0.11336153864664439,0.0,0.9999999987499999,0.6740257572951056,0.2771258090046527,0.27019959271500216,0.40528366178224645,angry,05,10,10,female,normal,1168
90,3.003,True,1.0,0.6279248383051708,0.6619381565767566,0.6449314974409637,0.5453204656948994,-0.06324074074074082,-0.06143518518518515,0.3754524729125589,0.07977297009314811,0.19683189869663298,1.1826651263108754,0.034013318271585824,0.0018055555555556713,0.012482257839257936,0.4361870437534166,0.10453338366613388,0.11419349680399982,0.0,0.9999999987499999,0.670252413824905,0.2786225240847861,0.2693506669096755,0.3949394288158638,angry,05,10,10,female,normal,1168
100,3.336666666666667,True,1.0,0.6336391009501893,0.6347116967542273,0.6341753988522083,0.5624192186108621,-0.06356481481481491,-0.06023148148148161,0.3651969706595984,0.061728938628022305,0.19824059463303687,1.1275848652871059,0.0010725958040380679,0.0033333333333332993,0.011477490542583103,0.40453824724742743,0.10708221841902944,0.11197716490206089,0.0,0.9999999987499999,0.6709978307182249,0.2788760724262568,0.2757454171501069,0.39709981093643293,angry,05,10,10,female,normal,1168
110,3.6703333333333332,True,1.0,0.5763579473237116,0.6369912495898501,0.6066745984567808,0.6206095793653206,-0.06379629629629635,-0.06037037037037035,0.36158751638760517,0.07579900447118379,0.1967900324008665,0.9775463006504176,0.0606333022661385,0.003425925925925999,0.006642840960019368,0.3729770214327719,0.10747549975055296,0.11211072989298955,0.0,0.9999999987499999,0.6705510674660491,0.279293571661926,0.2749932759951805,0.3949009056374274,angry,05,10,10,female,normal,1168
0,0.0,True,1.0,0.6233211990285606,0.6715481709386608,0.6474346849836108,0.699453551912568,-0.07342592592592584,-0.07120370370370371,0.34462842259115,0.3788706739526409,0.17362693070286372,0.9256292761875065,0.04822697191010017,0.0022222222222221255,0.0016652082012494182,0.32812500000000056,0.1014944017125787,0.11376420539865033,0.0,0.9999999987499999,0.6889751531393807,0.2790106722937983,0.25932781421659307,0.40877138077040864,angry,05,10,10,female,normal,1169
10,0.33366666666666667,True,1.0,0.5978090994160522,0.5940702258913166,0.5959396626536844,0.7559465211972901,-0.07120370370370371,-0.07023148148148156,0.3597003930335605,0.3639545056867889,0.1743055555555555,0.7883357432610679,0.0037388735247355642,0.0009722222222221522,0.0007107120227567738,0.3124830471695431,0.10226933536205912,0.11374008460008515,0.0,0.9999999987499999,0.6888070582373576,0.2792937617127722,0.25994625598648996,0.4059442058884105,angry,05,10,10,female,normal,1169
20,0.6673333333333333,True,1.0,0.6233211990285608,0.6443043612282627,0.6338127801284117,0.7025755586614929,-0.07564814814814824,-0.07273148148148151,0.36340438164520994,0.34439978365759455,0.17292372601051914,0.9021275680809561,0.020983162199701977,0.002916666666666734,0.009388181815519443,0.3204533842725552,0.10021353458572312,0.11472816370809436,0.0,0.9999999987499999,0.6916274004523685,0.27887271480424264,0.257255965938274,0.40735204883551757,angry,05,10,10,female,normal,1169
30,1.0010000000000001,True,1.0,0.6069721763963246,0.6395636549434197,0.6232679156698722,0.8759337603691353,-0.07990740740740726,-0.07763888888888887,0.38658190310941093,0.36711929662530013,0.17572961454399938,0.7115468587570082,0.0325914785470951,0.002268518518518392,0.007057748685590526,0.2812500000000005,0.09950487751409852,0.11300720396159471,0.0,0.9999999987499999,0.7005472303140007,0.28487725774421013,0.2686605074510166,0.40281439582649564,angry,05,10,10,female,normal,1169
40,1.3346666666666667,True,1.0,0.5974956063411071,0.6133104188196562,0.6054030125803816,0.7693598531932219,-0.07620370370370366,-0.0743981481481481,0.3757460251171169,0.35808292272895187,0.1702034493440003,0.7868918686979328,0.0158148124785491,0.0018055555555555602,0.00868320017162296,0.31028646412358796,0.10016468881799326,0.11410487888588774,0.0,0.9999999987499999,0.6973756848208033,0.2850863612877155,0.2586908461691266,0.3882538181049581,angry,05,10,10,female,normal,1169
50,1.6683333333333334,True,1.0,0.6066681626879095,0.6225921386245943,0.6146301506562519,1.2069578886052716,-0.07509259259259254,-0.07300925925925927,0.3429213960984768,0.6541344520527517,0.1820266136881089,0.5092391014292157,0.01592397593668482,0.0020833333333332704,0.0054093057283179456,0.2653059022979256,0.10116159153050189,0.11406024902891478,0.0,0.9999999987499999,0.6869099742240645,0.28089194165384684,0.2733364503438264,0.4123836337191422,angry,05,10,10,female,normal,1169
60,2.0020000000000002,True,1.0,0.5784708328797515,0.5812633549370478,0.5798670939083996,0.8855613164827258,-0.07259259259259271,-0.07050925925925927,0.38566718949384116,0.3271748299229633,0.18063835658170105,0.6548017433863494,0.0027925220572962983,0.002083333333333437,0.014707711571342633,0.28670885714787425,0.10150413440172831,0.11342006354306262,0.0,0.9999999987499999,0.6867699328246925,0.27926176218923515,0.2756909686535589,0.41581012481861335,angry,05,10,10,female,normal,1169
70,2.3356666666666666,True,1.0,0.5558900807677079,0.5637058671650637,0.5597979739663858,0.8253596737611254,-0.07050925925925933,-0.07060185185185186,0.3771366798691047,0.3143099983759233,0.18134468499349693,0.6782473044938246,0.007815786397355806,9.259259259253305e-05,0.019073514506201712,0.305117400881385,0.10123879890292228,0.11382446862970698,0.0,0.9999999987499999,0.6856536729926347,0.27974257068281805,0.2725111511996776,0.4081895164284846,angry,05,10,10,female,normal,1169
80,2.6693333333333333,True,1.0,0.5469178668793182,0.5478732481719945,0.5473955575256564,1.04242362637744,-0.06921296296296298,-0.06810185185185169,0.29911021433988216,0.4631332761357669,0.18895713720099233,0.5251181416790488,0.0009553812926762495,0.0011111111111112848,0.023074218656107613,0.24564143616919232,0.10140109502264202,0.11401460382512135,0.0,0.9999999987499999,0.682143313223727,0.2835648176582925,0.2673294492744452,0.39784888302048815,angry,05,10,10,female,normal,1169
90,3.003,True,1.0,0.5882355146341541,0.5958448476985856,0.5920401811663698,0.8549501381917779,-0.06847222222222221,-0.06782407407407404,0.34576943866902227,0.3560884163357828,0.18689742604383394,0.6924850406112999,0.007609333064431456,0.0006481481481481755,0.02774868652707225,0.2816320287328236,0.08904636759129385,0.11313395551012459,0.0,0.9999999987499999,0.7161635815341763,0.2958997443691824,0.24762837021282894,0.41949625732012313,angry,05,10,10,female,normal,1169
100,3.336666666666667,True,1.0,0.5925717288349502,0.5918879148326381,0.5922298218337942,0.7400817797560216,-0.06810185185185191,-0.06759259259259265,0.34753563834276124,0.3341473815899583,0.18968632733483395,0.800222134949777,0.0006838140023120998,0.0005092592592592649,0.024351164490656968,0.33721948348788294,0.08971015493630712,0.11311475330137871,0.0,0.9999999987499999,0.7172062687418717,0.2960443886418683,0.2448375664483682,0.4160321897177208,angry,05,10,10,female,normal,1169
110,3.6703333333333332,True,1.0,0.6426788923625754,0.6828024526128683,0.6627406724877218,0.7888676349320471,-0.06648148148148147,-0.06592592592592594,0.3476210269783824,0.33793273354530445,0.18971367571775175,0.8401164443066677,0.040123560250292956,0.0005555555555555314,0.03270533548417898,0.2917090612762848,0.08963297201045903,0.11351210304149778,0.0,0.9999999987499999,0.7165456365905737,0.29672932247517503,0.2451727736193436,0.4149075047710791,angry,05,10,10,female,normal,1169
0,0.0,True,1.0,0.451598282973144,0.47174930954211686,0.46167379625763044,0.8478558544198758,-0.06560185185185186,-0.06444444444444447,0.3268016606674025,0.3081662040885078,0.1918103108271991,0.5445192055358504,0.02015102656897283,0.0011574074074073848,0.031292290556828646,0.29700791872187393,0.10521531490500001,0.11170486605197043,0.0,0.9999999987499999,0.6715679529155413,0.2802310396222102,0.2616290710500083,0.39737178778580784,angry,05,10,10,female,normal,1170
10,0.33366666666666667,True,1.0,0.5910097315859065,0.5828692795530526,0.5869395055694795,0.8887322760927163,-0.062268518518518445,-0.0637037037037037,0.3286599629375342,0.32919624956785387,0.18901971014220054,0.6604233033483837,0.008140452032853962,0.0014351851851852615,0.026088040790598326,0.28314302914947603,0.10430775400065603,0.11305947058042225,0.0,0.9999999987499999,0.6745551385007128,0.2792629087519368,0.26195108704667275,0.39266011169182935,angry,05,10,10,female,normal,1170
20,0.6673333333333333,True,1.0,0.6163186653659797,0.6035052495106195,0.6099119574382996,0.9664203999164431,-0.06263888888888886,-0.06347222222222215,0.3214650907485288,0.3504863634706588,0.1890197101422006,0.6311041835323765,0.012813415855360222,0.0008333333333332971,0.02499003833641902,0.2724755333870401,0.10398379136839528,0.11352544434135914,0.0,0.9999999987499999,0.674153354044743,0.2790384382495193,0.25943186136428686,0.3917725350177013,angry,05,10,10,female,normal,1170
30,1.0010000000000001,True,1.0,0.6069866279150429,0.6223281874744416,0.6146574076947422,1.021666459990118,-0.06398148148148153,-0.06337962962962962,0.32996768208282456,0.3886241299293587,0.1876468337822827,0.6016223804593599,0.015341559559398754,0.0006018518518519089,0.02824151807429477,0.27015771095929453,0.10427805071532781,0.11258031679347971,0.0,0.9999999987499999,0.6731269362666942,0.28116417182955644,0.26591915674946437,0.4011815814276229,angry,05,10,10,female,normal,1170
40,1.3346666666666667,True,1.0,0.5928877217937182,0.5810250340934547,0.5869563779435865,0.9958466638286491,-0.06337962962962962,-0.06351851851851853,0.3538124999599929,0.3910235316478234,0.18693783475525294,0.5894043724432072,0.011862687700263441,0.0001388888888889106,0.020980983625024634,0.30653259679377426,0.10425430960719803,0.11243297812987497,0.0,0.9999999987499999,0.6754396189725891,0.27989404497824655,0.2735218664636371,0.40659628458276487,angry,05,10,10,female,normal,1170
50,1.6683333333333334,True,1.0,0.597509832230324,0.5624013880366061,0.5799556101334651,0.9218139360209785,-0.06842592592592589,-0.06898148148148153,0.3913123966863318,0.3007230247572324,0.1939581952229413,0.6291460645917882,0.035108444193717836,0.0005555555555556424,0.025306731432441658,0.32135782572230326,0.10285536002998932,0.11438236903433106,0.0,0.9999999987499999,0.6717465476268633,0.28129933811447033,0.27886417762556004,0.4098633222898481,angry,05,10,10,female,normal,1170
60,2.0020000000000002,True,1.0,0.6170075635321771,0.6204614574198386,0.6187345104760078,0.6889243771366177,-0.061712962962962914,-0.06319444444444433,0.39989599704416756,0.06251190525624782,0.19405847419334724,0.8981167324164945,0.0034538938876614855,0.001481481481481417,0.02995283241027936,0.3645822298704011,0.10449873089004354,0.11305162813059207,0.0,0.9999999987499999,0.6694935392281911,0.27852390827674306,0.27607853593861825,0.40139178911759965,angry,05,10,10,female,normal,1170
70,2.3356666666666666,True,1.0,0.6210145961181593,0.5996162465573558,0.6103154213377575,0.445477356084844,-0.06111111111111123,-0.06291666666666662,0.360967014475626,0.04160312414211943,0.19412804913997003,1.3700256881777826,0.021398349560803553,0.0018055555555553937,0.030751652969588435,0.5228520263796922,0.1054713708012131,0.11214475164740807,0.0,0.9999999987499999,0.6672824666350915,0.27991840473653273,0.2711771573825452,0.3944964940837792,angry,05,10,10,female,normal,1170
80,2.6693333333333333,True,1.0,0.6386678593881046,0.6075439885028473,0.6231059239454759,0.7821924699610983,-0.06722222222222218,-0.06740740740740742,0.3581523844479292,0.27187728144904655,0.2014858483067762,0.7966145774536357,0.031123870885257254,0.00018518518518523264,0.03179593829225483,0.3427582714365143,0.10262911987901435,0.11458540563956186,0.0,0.9999999987499999,0.666757373191464,0.27963419868656697,0.27134719925208717,0.39877363038614794,angry,05,10,10,female,normal,1170
90,3.003,True,1.0,0.6182285159922206,0.6134552850664483,0.6158419005293345,0.9537909093003097,-0.06152777777777785,-0.06189814814814837,0.3363786009575383,0.32030281110462255,0.1958333333333333,0.6456780983382503,0.004773230925772309,0.0003703703703705208,0.01651800402974033,0.2728137809229482,0.10563950378540017,0.1114748347308256,0.0,0.9999999987499999,0.67143464475634,0.2799236780279631,0.26202647798227224,0.3785897148640285,angry,05,10,10,female,normal,1170
100,3.336666666666667,True,1.0,0.6384415020452106,0.6355808442642565,0.6370111731547335,0.7025552477253454,-0.061064814814814905,-0.06083333333333324,0.35162753858598783,0.1720430107526875,0.1951392798610284,0.9067061632763784,0.0028606577809540124,0.0002314814814816657,0.018083664240802946,0.34496918203987365,0.1060619504132216,0.11260613544615265,0.0,0.9999999987499999,0.6685515830472814,0.28213466990268765,0.2613627077022897,0.378097653193771,angry,05,10,10,female,normal,1170
110,3.6703333333333332,True,1.0,0.5719898118918916,0.5759621623503903,0.573975987121141,0.7657575975700955,-0.05972222222222218,-0.059537037037036944,0.34992799989790146,0.20226420059431727,0.19453270740597656,0.7495531078535602,0.003972350458498752,0.00018518518518523264,0.02365712190968483,0.33114777660163286,0.10517258856947384,0.11393997332753575,0.0,0.9999999987499999,0.6701318230495322,0.2794817703441287,0.2596947406572542,0.38377346776543253,angry,05,10,10,female,normal,1170
120,4.0040000000000004,True,1.0,0.6219126286891349,0.6161734979863223,0.6190430633377286,0.7580825163673885,-0.06078703703703703,-0.05999999999999983,0.3511813274655098,0.2216534488852293,0.19532802793212406,0.8165906085053709,0.005739130702812623,0.0007870370370371971,0.011265259547426814,0.33109184626126215,0.10730322508158698,0.11193573511496661,0.0,0.9999999987499999,0.6649636932351066,0.2822313848115368,0.2605836948472142,0.37601178481799735,angry,05,10,10,female,normal,1170
0,0.0,True,1.0,0.5684389437851162,0.5783646017086955,0.5734017727469058,0.6674180492425895,-0.0659722222222221,-0.06157407407407406,0.32919180635928974,0.3181247675180885,0.1858375373216557,0.8591343512475025,0.009925657923579356,0.00439814814814804,0.02750539663848546,0.3564755448156059,0.1028825589787958,0.11402421933705537,0.0,0.9999999987499999,0.6794259450030011,0.2863153977241782,0.26459532828181476,0.39979098156983534,angry,05,10,10,female,normal,1171
10,0.33366666666666667,True,1.0,0.5405545784914613,0.5605822809418668,0.550568429716664,0.6362087390084342,-0.065462962962963,-0.06000000000000005,0.3370279037118286,0.29550677410835036,0.18786585400642264,0.8653896055793806,0.020027702450405527,0.005462962962962947,0.02582258007683016,0.390065512439392,0.10569633141232,0.11244221960236196,0.0,0.9999999987499999,0.6691947336043792,0.27866431275941583,0.26368554471561695,0.40571086044362614,angry,05,10,10,female,normal,1171
20,0.6673333333333333,True,1.0,0.525370511076075,0.5470208318809839,0.5361956714785294,0.800221929402979,-0.06671296296296303,-0.06125000000000008,0.3380751971463866,0.3331367481167875,0.18710305224310314,0.6700587071871031,0.021650320804908918,0.005462962962962947,0.018736622400816593,0.3376382899882155,0.10505706351842162,0.1135442313413779,0.0,0.9999999987499999,0.6728541165606867,0.27760767828629546,0.26422901535207466,0.40481004854294445,angry,05,10,10,female,normal,1171
30,1.0010000000000001,True,1.0,0.4885490088523342,0.49923017660270685,0.49388959272752053,1.0187920182428494,-0.06439814814814815,-0.060740740740740706,0.378494199673255,0.37862415387288817,0.19076832253302697,0.484779605536517,0.010681167750372644,0.0036574074074074425,0.021317259871986877,0.3051899041550235,0.10365118257700716,0.11466301700284216,0.0,0.9999999987499999,0.6710753974324105,0.2809631270454256,0.2832563801647011,0.4203325426190186,angry,05,10,10,female,normal,1171
40,1.3346666666666667,True,1.0,0.4749421970866285,0.45833333333333404,0.46663776520998124,1.0564959385003132,-0.06472222222222229,-0.06115740740740738,0.37576083053570664,0.3563472314433015,0.1900210738067449,0.44168439101845436,0.016608863753294456,0.0035648148148149095,0.024230284369972137,0.29933047294905596,0.10531974211302082,0.11380396666833244,0.0,0.9999999987499999,0.6707022638821154,0.28081033003205763,0.28574594732905806,0.42223616889497134,angry,05,10,10,female,normal,1171
50,1.6683333333333334,True,1.0,0.4633799706806833,0.47952692865790736,0.47145344966929537,1.0382932140918049,-0.06740740740740736,-0.06532407407407415,0.39803876653218384,0.3250619073324898,0.2013324620497271,0.4540658103806214,0.01614695797722404,0.002083333333333215,0.020223757437034227,0.3018887640788854,0.10454203985874204,0.11451878802309653,0.0,0.9999999987499999,0.6655643297162613,0.2820190528787745,0.28943201868384555,0.4194421794906604,angry,05,10,10,female,normal,1171
60,2.0020000000000002,True,1.0,0.5692419786023845,0.5724352714193945,0.5708386250108894,0.840671655188048,-0.06375000000000008,-0.05773148148148133,0.4151202943908491,0.18005093911512282,0.1945108548545556,0.6790268489344985,0.003193292817010085,0.006018518518518756,0.015768977736933927,0.3342104439393899,0.10611919884818968,0.1135632792189637,0.0,0.9999999987499999,0.6643764504473665,0.2806174500846467,0.28320082400341634,0.40313276218666105,angry,05,10,10,female,normal,1171
70,2.3356666666666666,True,1.0,0.6033824031320808,0.6406721575164908,0.6220272803242858,0.45878077839983217,-0.06134259259259267,-0.05731481481481482,0.36732083554933936,0.006732051335288228,0.19850212373192655,1.3558268123042039,0.03728975438440996,0.004027777777777852,0.02269820940349456,0.5250398262846492,0.10813043739807986,0.11233043688038169,0.0,0.9999999987499999,0.665911263927446,0.28050448750484197,0.2740296772467899,0.3858405438946725,angry,05,10,10,female,normal,1171
80,2.6693333333333333,True,1.0,0.7294149081871805,0.7429615404828274,0.736188224335004,0.7523625532580209,-0.05995370370370373,-0.05453703703703705,0.3648596408276967,0.23918802179503548,0.19742018624819402,0.9785019484914874,0.013546632295646899,0.005416666666666681,0.018602653336125038,0.35495444343907356,0.10698221611645113,0.11308808991573603,0.0,0.9999999987499999,0.662178496992547,0.28195877618018145,0.2745748499196077,0.3867986556463383,angry,05,10,10,female,normal,1171
90,3.003,True,1.0,0.7032895532817695,0.7143140362080352,0.7088017947449023,0.8865380805535149,-0.0593981481481482,-0.056064814814814956,0.3470992895111066,0.2855572541897267,0.1951353556236572,0.7995164678119163,0.011024482926265788,0.0033333333333332438,0.020159366195383388,0.2849600907819673,0.10645325078127772,0.11291324215516255,0.0,0.9999999987499999,0.6657244486622774,0.28057459726726774,0.2700110359489147,0.3804489447479219,angry,05,10,10,female,normal,1171
100,3.336666666666667,True,1.0,0.7058590806000908,0.7288485459853185,0.7173538132927046,0.6632999131147858,-0.06092592592592583,-0.0562962962962964,0.35951993114514574,0.15874130147604879,0.19727791968317598,1.0814923974949544,0.022989465385227614,0.004629629629629428,0.019194634358458088,0.36090778914312244,0.10823788552791068,0.1122269071022218,0.0,0.9999999987499999,0.6669414808501525,0.2799272433730325,0.27144115196238416,0.38418341832412917,angry,05,10,10,female,normal,1171
110,3.6703333333333332,True,1.0,0.664174769681719,0.6997228050098528,0.6819487873457859,0.7324792171954441,-0.06115740740740738,-0.05712962962962953,0.35350276498348937,0.19679188487160662,0.19642500000276206,0.9310145207353024,0.03554803532813389,0.004027777777777852,0.015241973786569976,0.33775396331631785,0.10814162426267843,0.11248916210547136,0.0,0.9999999987499999,0.6634476127091461,0.28052723851547,0.26738365265519665,0.38367119519295395,angry,05,10,10,female,normal,1171
120,4.0040000000000004,True,1.0,0.6394712285248133,0.6613386639535965,0.650404946239205,0.7582594522960385,-0.06314814814814823,-0.05689814814814809,0.34144912657057236,0.2284458033517816,0.19516858606106224,0.8577604199588333,0.021867435428783222,0.006250000000000144,0.0336092407110386,0.3314072307761722,0.10763851229764972,0.1131391935049663,0.0,0.9999999987499999,0.6632096902120224,0.2795680564961562,0.2685102060042684,0.3849817306541806,angry,05,10,10,female,normal,1171
0,0.0,True,1.0,0.5722960862818469,0.5833175572452745,0.5778068217635607,0.8729728537998201,-0.07050925925925922,-0.06671296296296292,0.3308721040382596,0.4138900786701736,0.17722286935101497,0.6618840657513235,0.011021470963427538,0.0037962962962962976,0.017380200706351896,0.2624081115107572,0.10232834679911595,0.1126770143192911,0.0,0.9999999987499999,0.6914137358849791,0.2792962755243661,0.26420207991440325,0.4107608648417716,angry,05,10,10,female,strong,1172
10,0.33366666666666667,True,1.0,0.5902025770169645,0.5917571890320078,0.5909798830244861,0.9041494774905888,-0.06851851851851859,-0.06740740740740747,0.32745792897221093,0.4367303234324734,0.1778743110935234,0.6536307300256529,0.0015546120150432552,0.0011111111111111183,0.0069678245412764786,0.26747452389517334,0.10149839949831518,0.11325710161608558,0.0,0.9999999987499999,0.6949760361879127,0.2783591499338737,0.2607505332615813,0.4042572061728954,angry,05,10,10,female,strong,1172
20,0.6673333333333333,True,1.0,0.6314005294667537,0.6489660872848856,0.6401833083758197,0.9804203483934261,-0.07097222222222221,-0.06865740740740744,0.32733843020277226,0.47487276521189037,0.17719359312470764,0.6529681982068828,0.01756555781813185,0.0023148148148147696,0.011124669826589148,0.2465797591792972,0.10093450872683413,0.11375992754497195,0.0,0.9999999987499999,0.6933141971397934,0.27899903450400815,0.2607136483123346,0.40288077439476044,angry,05,10,10,female,strong,1172
30,1.0010000000000001,True,1.0,0.5016043643128923,0.4856135409376498,0.49360895262527105,0.9780179905943847,-0.07370370370370372,-0.06995370370370368,0.41371837601939665,0.464759554600053,0.16289437195930256,0.5047033463313728,0.015990823375242547,0.003750000000000031,0.017104595239704694,0.29264643620948005,0.09821735091991561,0.11512525552403371,0.0,0.9999999987499999,0.7069871328531412,0.28186046340527776,0.27238639358605987,0.4112644206007629,angry,05,10,10,female,strong,1172
40,1.3346666666666667,True,1.0,0.4802719806479261,0.4712676279777013,0.4757698043128137,0.8917884366238372,-0.0793981481481481,-0.07208333333333333,0.3952651244310352,0.4145665965331521,0.16805305023707928,0.533500755082673,0.009004352670224813,0.007314814814814774,0.05296766730088011,0.28977049618438205,0.10088986643788983,0.11513106703831386,0.0,0.9999999987499999,0.6936327539062499,0.2791279790008722,0.27063371523188495,0.4139355426127449,angry,05,10,10,female,strong,1172
50,1.6683333333333334,True,1.0,0.4627611596047891,0.4673516283198442,0.4650563939623167,1.422077166269363,-0.07787037037037037,-0.07060185185185186,0.3225885450977854,0.7791507415787442,0.16889642085184192,0.32702613120660146,0.00459046871505514,0.0072685185185185075,0.05018234295613601,0.20797351093415442,0.09471600868697072,0.11914729460582876,0.0,0.9999999987499999,0.6972741516294018,0.2865039266416073,0.259327914199433,0.40700955470563427,angry,05,10,10,female,strong,1172
60,2.0020000000000002,True,1.0,0.5682635671810167,0.562836161252288,0.5655498642166523,2.488560380136508,-0.08212962962962972,-0.07699074074074075,0.26432830879275704,1.356242863843181,0.16577970937376837,0.22725985221448775,0.005427405928728701,0.0051388888888889706,0.03243914193055224,0.11515185930771027,0.09811166592368946,0.11521533531128958,0.0,0.9999999987499999,0.6918777372589661,0.28659420568490723,0.2559758692071903,0.38540006683248634,angry,05,10,10,female,strong,1172
70,2.3356666666666666,True,1.0,0.5912428156625085,0.6427350427350427,0.6169889291987756,0.813752261206484,-0.06666666666666665,-0.05976851851851839,0.4058622097298538,0.16120116717337146,0.1944108092265978,0.7582024144350966,0.0514922270725342,0.006898148148148264,0.04559551339005729,0.33016147701442095,0.1061240598979484,0.11456094599404312,0.0,0.9999999987499999,0.6617955450539592,0.28208453134966327,0.28635694820522745,0.40885664717403786,angry,05,10,10,female,strong,1172
80,2.6693333333333333,True,1.0,0.6132756137147254,0.6836783523571238,0.6484769830359246,0.9737634227125085,-0.06532407407407415,-0.05949074074074068,0.35449287740939023,0.3767364930541928,0.1944108092265978,0.6659492109793277,0.07040273864239843,0.005833333333333468,0.0420502648959356,0.287998973256497,0.10677154896851804,0.11345506125515167,0.0,0.9999999987499999,0.6566537008475265,0.28261854753391874,0.27460324853781687,0.38842057234845556,angry,05,10,10,female,strong,1172
90,3.003,True,1.0,0.6884223868818822,0.7519328232776812,0.7201776050797817,1.2105130620567912,-0.06527777777777782,-0.06027777777777776,0.3066393357604641,0.43758333679373607,0.19772293454357184,0.594935839730736,0.06351043639579901,0.00500000000000006,0.031185410324044285,0.20644677498437222,0.10861800909692153,0.11185904809888761,0.0,0.9999999987499999,0.659425215992647,0.2813819910438741,0.2737062160908829,0.3858496705517414,angry,05,10,10,female,strong,1172
100,3.336666666666667,True,1.0,0.6298830910522586,0.6868686868686864,0.6583758889604725,0.7435574171067738,-0.06467592592592591,-0.057916666666666616,0.359819061135795,0.1751646180817966,0.19381913653484836,0.8854405508081035,0.056985595816427814,0.006759259259259298,0.03788154867910551,0.3091774980652838,0.10849453445424827,0.11231857562460859,0.0,0.9999999987499999,0.6618413710171568,0.2793976446499856,0.2768264632279096,0.39266800351169373,angry,05,10,10,female,strong,1172
110,3.6703333333333332,True,1.0,0.6813200877000993,0.7247863247863244,0.7030532062432119,0.7189608534338741,-0.06550925925925921,-0.06032407407407403,0.36609032491524623,0.19918253926866922,0.1938899778416272,0.9778741121791477,0.0434662370862251,0.005185185185185182,0.037124459385368624,0.3307871815852438,0.10788994912396341,0.11323644823942478,0.0,0.9999999987499999,0.6618048517141232,0.2789157137026581,0.27030010993723164,0.38646708949203923,angry,05,10,10,female,strong,1172
120,4.0040000000000004,True,1.0,0.65186584717863,0.6928104575163418,0.672338152347486,0.721827066199008,-0.06712962962962982,-0.06004629629629621,0.3560595444566348,0.19331071461812685,0.1947715164070856,0.931439376314717,0.040944610337711795,0.007083333333333608,0.05375978628060957,0.33078718158524373,0.10929177356145851,0.11205421237712915,0.0,0.9999999987499999,0.661252570199955,0.2800956732647188,0.2742458675555597,0.38802169993846414,angry,05,10,10,female,strong,1172
0,0.0,True,1.0,0.5775492397876322,0.5762778723004583,0.5769135560440453,0.8182564927682672,-0.06328703703703698,-0.06078703703703703,0.3576136580171455,0.22180935803902194,0.19359581698252112,0.7050522191303027,0.0012713674871738245,0.0024999999999999467,0.00962248103358888,0.3279822165574837,0.10839863395094271,0.1101858034247712,0.0,0.9999999987499999,0.6609194726875125,0.28276354950592314,0.2680810400292423,0.37900777975611183,angry,05,10,10,female,strong,1173
10,0.33366666666666667,True,1.0,0.5836221278090977,0.6109370008221732,0.5972795643156354,0.8058227817421938,-0.061574074074074225,-0.058333333333333404,0.35323618752243624,0.22609680654507366,0.19197848842347184,0.7412046145236963,0.027314873013075447,0.0032407407407408217,0.020076229525970934,0.3273992413365614,0.10874399847718849,0.11292381931868528,0.0,0.9999999987499999,0.6624295539309473,0.2812616428540581,0.26667123216855226,0.384230540276053,angry,05,10,10,female,strong,1173
20,0.6673333333333333,True,1.0,0.5958448476985861,0.6195477277047082,0.6076962877016472,0.8329099670533149,-0.061342592592592504,-0.05898148148148147,0.34767310504522053,0.2297250565424599,0.193264498873965,0.7296062140444386,0.023702880006122085,0.002361111111111036,0.0135959242261605,0.3121959373099941,0.10832678990331057,0.11647457991405934,0.0,0.9999999987499999,0.6619221575270734,0.2821011090665727,0.26816178528243884,0.38867091497185163,angry,05,10,10,female,strong,1173
30,1.0010000000000001,True,1.0,0.5597677197351779,0.5635833278691293,0.5616755238021536,0.9785141693299048,-0.06486111111111104,-0.059814814814814876,0.421045545960856,0.2651624534805145,0.18927664755212048,0.574008574844444,0.0038156081339514314,0.00504629629629616,0.010438508835364868,0.2935407948964464,0.10566842192655995,0.11498135085200634,0.0,0.9999999987499999,0.6603823610537964,0.2823418021911475,0.2923565373399044,0.43107637153607525,angry,05,10,10,female,strong,1173
40,1.3346666666666667,True,1.0,0.40206708172275674,0.42404209109965285,0.4130545864112048,1.3283593430548468,-0.08046296296296296,-0.07560185185185186,0.3575630399851815,0.7858482980245407,0.160844135876963,0.31095094002297397,0.021975009376896115,0.004861111111111094,0.04992277160472486,0.23721665137894365,0.09937090834790986,0.11725983992144594,0.0,0.9999999987499999,0.6957192243928821,0.2841849829837586,0.2643753749110973,0.40105365335145715,angry,05,10,10,female,strong,1173
50,1.6683333333333334,True,1.0,0.24094449001671758,0.2802570277749516,0.26060075889583456,1.345997047850163,-0.1086111111111111,-0.10296296296296303,0.3453936670854061,0.732463054238733,0.1911319565555269,0.19361168682507002,0.03931253775823401,0.005648148148148069,0.05024214721233046,0.21088134693993815,0.08028780123080786,0.11644072071167304,0.0,0.9999999987499999,0.751229842890281,0.2860941548786108,0.24675034025281825,0.4285914781647821,angry,05,10,10,female,strong,1173
60,2.0020000000000002,True,1.0,0.66441497604016,0.7269257591052877,0.6956703675727238,2.5945857286385015,-0.10773148148148148,-0.10791666666666655,0.26741045428365395,1.3611668350414596,0.21057650598031277,0.2681238703713113,0.0625107830651277,0.0001851851851850661,0.0486376718848157,0.11255524403583213,0.10334943702099014,0.11641737204351454,0.0,0.9999999987499999,0.6555216394370248,0.28985814934168924,0.29195641306811,0.4258155253980674,angry,05,10,10,female,strong,1173
70,2.3356666666666666,True,1.0,0.724961706120512,0.7656029249771134,0.7452823155488126,1.2407864801970796,-0.07837962962962958,-0.07300925925925927,0.4087099086497775,0.4293460424440442,0.18763178962148847,0.6006531562388044,0.040641218856601324,0.005370370370370303,0.029559025754151695,0.22890395124883048,0.10343881286422653,0.11844776890012274,0.0,0.9999999987499999,0.6526340657669317,0.2918864335789109,0.3032030193025901,0.4422874169921456,angry,05,10,10,female,strong,1173
80,2.6693333333333333,True,1.0,0.7598122610551863,0.8699603743216502,0.8148863176884182,1.6504596642640834,-0.07981481481481473,-0.07773148148148151,0.3773322502930603,0.6492507738262147,0.1846744281123686,0.4937329492700838,0.1101481132664639,0.002083333333333215,0.012128952094428571,0.1523463598833706,0.1022625900561793,0.11307418222234383,0.0,0.9999999987499999,0.6623150120204331,0.29304404919828214,0.29145979209887607,0.418357492172207,angry,05,10,10,female,strong,1173
90,3.003,True,1.0,0.6543917109535121,0.6908562509947248,0.6726239809741185,1.3377535166331767,-0.0786574074074074,-0.07300925925925933,0.3413330728774255,0.7113927736769836,0.18794928829656526,0.502801130859264,0.03646454004121269,0.005648148148148069,0.019222726674114867,0.22175060058783033,0.1028896455366269,0.11451801701866562,0.0,0.9999999987499999,0.6551598424916842,0.2867523300965195,0.2860928821799772,0.42172587343177853,angry,05,10,10,female,strong,1173
100,3.336666666666667,True,1.0,0.7048009157150211,0.7489203624499713,0.7268606390824962,1.4337079926698626,-0.07129629629629619,-0.07550925925925922,0.3252585876684797,0.7529953724421973,0.16924163410015466,0.5069795542737615,0.04411944673495016,0.004212962962963029,0.05751169115794086,0.1749984376054701,0.10100582345832054,0.11732521740864678,0.0,0.9999999987499999,0.6919059970238096,0.28660940572168464,0.2794262941950876,0.41452296985477205,angry,05,10,10,female,strong,1173
110,3.6703333333333332,True,1.0,0.6696951466409193,0.6514781156688595,0.6605866311548894,0.8150700289666523,-0.06972222222222213,-0.07175925925925919,0.3730123140372768,0.3165178164145502,0.17434932029289177,0.8104661043571713,0.018217030972059844,0.0020370370370370594,0.04341330597829798,0.2662176783093132,0.104528625929706,0.11618260086888053,0.0,0.9999999987499999,0.6790465186465211,0.2784984172850591,0.27723950979915435,0.42670720844647086,angry,05,10,10,female,strong,1173
120,4.0040000000000004,True,1.0,0.7141588578809273,0.6677674063241271,0.6909631321025271,0.857164277934734,-0.06939814814814821,-0.07175925925925919,0.3645843804822906,0.32265035618439947,0.18408746739003493,0.806103508848205,0.046391451556800134,0.0023611111111109806,0.04090425354999824,0.24633230137021528,0.10630418108367137,0.11456025256550896,0.0,0.9999999987499999,0.6742011647705957,0.2812132132200993,0.2856849685092018,0.42206194915860384,angry,05,10,10,female,strong,1173
130,4.337666666666666,True,1.0,0.7022063114085179,0.6713031816709069,0.6867547465397124,0.867072795766845,-0.06944444444444448,-0.07430555555555551,0.36843794081369785,0.3294369109620829,0.18479200939497264,0.7920381655295065,0.030903129737611,0.004861111111111038,0.04507420025293148,0.2531915821351,0.10740156434876891,0.11268990470289864,0.0,0.9999999987499999,0.6763658911142582,0.28050657344717694,0.2807364016053112,0.4020405783656784,angry,05,10,10,female,strong,1173
0,0.0,True,1.0,0.6722775907367913,0.6835050849715479,0.6778913378541696,0.7360066594020162,-0.06814814814814801,-0.06282407407407409,0.3294895353794897,0.33010414107324565,0.1906383010247729,0.9210396797291704,0.011227494234756663,0.005324074074073926,0.01597874532201955,0.3268631120003363,0.10932412591943735,0.11151126368449801,0.0,0.9999999987499999,0.6581999398978343,0.28154210353709874,0.27273199766912976,0.40659031381902655,angry,05,10,10,female,strong,1174
10,0.33366666666666667,True,1.0,0.649597663313999,0.6827400050143158,0.6661688341641574,0.7509959147341435,-0.06671296296296303,-0.06203703703703711,0.32990600388856767,0.34510887475839186,0.19066271182100608,0.8870472143646543,0.03314234170031671,0.004675925925925917,0.019121457798259,0.3172085149944438,0.10880944661573452,0.11252263152977149,0.0,0.9999999987499999,0.6606449603982217,0.2806362239645648,0.2719468419774298,0.4075686350038245,angry,05,10,10,female,strong,1174
20,0.6673333333333333,True,1.0,0.6361848271657611,0.6426788923625776,0.6394318597641693,0.6991391567354017,-0.06879629629629624,-0.0632407407407406,0.33315767503420485,0.3343114154637049,0.18927664755212048,0.9145988371613558,0.006494065196816501,0.005555555555555647,0.01793181940156217,0.3611418416373663,0.10794907490606356,0.11267395314007464,0.0,0.9999999987499999,0.6595235768838785,0.28023604957721865,0.2698620486527596,0.4094791131546661,angry,05,10,10,female,strong,1174
30,1.0010000000000001,True,1.0,0.7116226076845891,0.7101360035633649,0.710879305623977,1.6353169151827702,-0.0794907407407407,-0.07592592592592595,0.2834125021648469,0.9452715629132598,0.18999497434873844,0.4347043065622091,0.0014866041212241443,0.003564814814814743,0.0359753307659362,0.18776012312572712,0.10332774582438954,0.11462261629369529,0.0,0.9999999987499999,0.677459923485019,0.2849449081081973,0.29063186908027633,0.43398478814794983,angry,05,10,10,female,strong,1174
40,1.3346666666666667,True,1.0,0.6404257438401968,0.6051626644947429,0.6227942041674699,1.668030634352027,-0.08074074074074084,-0.07444444444444442,0.30519773198033373,0.8650492275358134,0.1724261262915175,0.37337096294361777,0.03526307934545392,0.006296296296296411,0.042825348068284426,0.16161236974451443,0.10502893102825828,0.11490445723749543,0.0,0.9999999987499999,0.6792080672737845,0.28056350854527534,0.27741890312232775,0.4189809749758205,angry,05,10,10,female,strong,1174
50,1.6683333333333334,True,1.0,0.6628164543955145,0.5492178286309927,0.6060171415132536,1.3968781918418085,-0.0844907407407407,-0.07708333333333328,0.32497584287456704,0.827251132736885,0.16450649064669753,0.43383678337350895,0.11359862576452184,0.007407407407407418,0.021677683255462342,0.19589529783373713,0.09555788498942774,0.1153772756104699,0.0,0.9999999987499999,0.6935479262329933,0.28280166236947657,0.25157348191558476,0.3808569533915817,angry,05,10,10,female,strong,1174
60,2.0020000000000002,True,1.0,0.417021598551991,0.4148917606334498,0.4159566795927204,1.2322131216475127,-0.08439814814814817,-0.07856481481481475,0.39665890092592393,0.7301612730311593,0.12845908341223336,0.33756877952782355,0.002129837918541211,0.0058333333333334125,0.050763318654547925,0.212989376876984,0.0970722397737048,0.11707295346047382,0.0,0.9999999987499999,0.7093330760194703,0.28101154303845516,0.27023841917528707,0.41072166131791615,angry,05,10,10,female,strong,1174
70,2.3356666666666666,True,1.0,0.5810144430974901,0.5627753337508895,0.5718948884241898,1.2965820439906202,-0.08120370370370361,-0.07412037037037034,0.3635120794074342,0.5262939541061732,0.167025167816194,0.4410788280423904,0.018239109346600557,0.007083333333333275,0.050934047346629575,0.20335843060492514,0.09406535031634457,0.1207710131454053,0.0,0.9999999987499999,0.6937963245845211,0.28845998703327363,0.2396051964600268,0.36567648571445566,angry,05,10,10,female,strong,1174
80,2.6693333333333333,True,1.0,0.6020726295959967,0.597957408688295,0.6000150191421458,1.3606019521368704,-0.07125000000000004,-0.07564814814814813,0.27778155676710153,0.9080525202222355,0.16476865225934542,0.44099232563925284,0.004115220907701778,0.0043981481481480955,0.06545361739221944,0.1964867547908355,0.09784736993644214,0.11724123890748372,0.0,0.9999999987499999,0.7042751199386005,0.27644566412570515,0.24848095077428067,0.38075371911579675,angry,05,10,10,female,strong,1174
90,3.003,True,1.0,0.6081696900612239,0.5760923101320929,0.5921310000966584,0.41337607220310113,-0.06888888888888889,-0.07384259259259268,0.36399475024657796,0.1771263120440229,0.17536626361993246,1.4324268865899208,0.032077379929130956,0.004953703703703793,0.07580838866517284,0.5244873384136916,0.10223122680902955,0.11494053983490862,0.0,0.9999999987499999,0.6889160380324005,0.27510833947158186,0.263169403358558,0.40349577705503337,angry,05,10,10,female,strong,1174
100,3.336666666666667,True,1.0,0.6344755558119846,0.6092342433805237,0.6218548995962541,0.6132039754297263,-0.06824074074074077,-0.07435185185185184,0.3692236370236318,0.1878394729629344,0.1824005183026851,1.0141077431216348,0.025241312431460883,0.006111111111111067,0.05862545310699198,0.3718180835403896,0.10428840130430189,0.1137492706635882,0.0,0.9999999987499999,0.6815154190582482,0.28091893240315874,0.27645847481983815,0.4063767681205688,angry,05,10,10,female,strong,1174
110,3.6703333333333332,True,1.0,0.6918814579402839,0.6611667696806597,0.6765241138104718,0.6969249300683835,-0.0673611111111112,-0.07277777777777783,0.357171094413697,0.29980508595544697,0.18428670713176193,0.970727383427208,0.0307146882596242,0.005416666666666625,0.061852946669030254,0.30570462045657865,0.10466340561403502,0.11523750331897654,0.0,0.9999999987499999,0.6868475438691102,0.27730107873686094,0.270886674434108,0.40097266668509357,angry,05,10,10,female,strong,1174
0,0.0,True,1.0,0.6145168963403933,0.6205642606161166,0.6175405784782549,1.230077562031517,-0.06856481481481475,-0.06421296296296297,0.3168828409136162,0.6070073374070422,0.18306614579044342,0.5020338534249537,0.006047364275723277,0.0043518518518517735,0.026513322619561488,0.24331008172987634,0.10330898585902681,0.11347022971195356,0.0,0.9999999987499999,0.6845376386335783,0.28232589341882575,0.2814137910854081,0.4178442760442483,angry,05,10,10,female,strong,1175
10,0.33366666666666667,True,1.0,0.5845958728626022,0.6012657219584707,0.5929307974105364,1.2177501058845346,-0.07208333333333333,-0.06842592592592583,0.319522244772411,0.6009240979725925,0.1783330933333881,0.48690679191512004,0.01666984909586855,0.003657407407407498,0.03185910375331205,0.23792075773413535,0.10175686741836952,0.11502992423988632,0.0,0.9999999987499999,0.689292561126013,0.2793129590869686,0.274296651792968,0.4274380079083162,angry,05,10,10,female,strong,1175
20,0.6673333333333333,True,1.0,0.5712343370369103,0.584542605454044,0.5778884712454772,1.1228455188426647,-0.07175925925925924,-0.06782407407407404,0.3194940886333351,0.5610065458832794,0.17836432124690896,0.5146642717522855,0.013308268417133728,0.003935185185185208,0.03598956583026916,0.24219952556022814,0.10312747009416516,0.11329941132748952,0.0,0.9999999987499999,0.6877031837969563,0.2797063720530834,0.2731029457503969,0.41761817089679965,angry,05,10,10,female,strong,1175
30,1.0010000000000001,True,1.0,0.4743465704009288,0.4774501812417863,0.4758983758213575,1.4786126351834092,-0.07495370370370374,-0.07018518518518507,0.31579582857227007,0.831020895487807,0.16854264331575355,0.32185466598716467,0.0031036108408574736,0.004768518518518672,0.05773465891828983,0.19191248528272561,0.09982534150916982,0.11456829147566308,0.0,0.9999999987499999,0.6960706263911816,0.2875688379364056,0.27081623275473954,0.4040274719183384,angry,05,10,10,female,strong,1175
40,1.3346666666666667,True,1.0,0.4890115716817243,0.46996937181216125,0.4794904717469428,1.7319654967673617,-0.07962962962962955,-0.07268518518518519,0.31240381514141335,0.8952958315553914,0.1607456080618947,0.2768475888474054,0.01904219986956307,0.006944444444444364,0.0628495895098877,0.17711602152363462,0.09793364427350393,0.11635333036096493,0.0,0.9999999987499999,0.6987531483061976,0.28423418412552837,0.2599992858821868,0.39688020434682325,angry,05,10,10,female,strong,1175
50,1.6683333333333334,True,1.0,0.36796585807748144,0.3391694612120911,0.35356765964478626,1.584402610655846,-0.07643518518518522,-0.06953703703703706,0.323637010102862,0.9411540655263022,0.14003931640568354,0.2231551862303678,0.028796396865390372,0.006898148148148153,0.06798631171088834,0.19050287920239192,0.11628643299280687,0.11450818680194522,0.0,0.9999999987499999,0.6333364869228941,0.2690712707101631,0.2948757144700275,0.37836287179746303,angry,05,10,10,female,strong,1175
60,2.0020000000000002,True,1.0,0.3599629868410821,0.33057276130296026,0.3452678740720212,1.2063400942850222,-0.08041666666666664,-0.07069444444444456,0.4043849383680126,0.6193208440063694,0.14079835021254428,0.28621105748512465,0.029390225538121817,0.009722222222222077,0.06849041328522076,0.22240191411644072,0.09746332799085614,0.11642073684955091,0.0,0.9999999987499999,0.6958353114448905,0.28387986902156226,0.2776965240900669,0.43532600759998696,angry,05,10,10,female,strong,1175
70,2.3356666666666666,True,1.0,0.43208836461826033,0.4672952585148519,0.44969181156655613,0.42095656494069805,-0.08041666666666669,-0.07069444444444456,0.38412230097088007,0.19489946846054074,0.17579212179171347,1.0682617852269536,0.03520689389659154,0.009722222222222132,0.08839797584662053,0.5528101636681091,0.09748289809942083,0.11705720242550385,0.0,0.9999999987499999,0.7014336922347065,0.2740299507967979,0.2559898048578316,0.39195952604214973,angry,05,10,10,female,strong,1175
80,2.6693333333333333,True,1.0,0.45803775785086404,0.5018627668994154,0.4799502623751397,1.1227067250119407,-0.0667592592592593,-0.062453703703703733,0.38028995396961135,0.5947672531313256,0.15564737183636576,0.42749388747986267,0.04382500904855141,0.0043055555555555625,0.02184507153389921,0.27455357142857145,0.0943566886928446,0.11586944621751663,0.0,0.9999999987499999,0.6907499869791668,0.28133622949084713,0.26041210014471455,0.4020627107703914,angry,05,10,10,female,strong,1175
90,3.003,True,1.0,0.4887082663743697,0.5060195024492452,0.49736388441180746,1.7606162143021071,-0.06277777777777777,-0.06240740740740741,0.29898728152870996,0.9613488230132466,0.1626056034563097,0.28249420877278364,0.017311236074875502,0.00037037037037035425,0.028075961306861637,0.16888318347230774,0.09825023806739026,0.11542777437292555,0.0,0.9465356219855728,0.6886429732596164,0.286573290811375,0.2550054427078335,0.3678018117322517,angry,05,10,10,female,strong,1175
100,3.336666666666667,True,1.0,0.6098030686111836,0.592569842485268,0.6011864555482258,0.5148406260203452,-0.05342592592592599,-0.05745370370370373,0.3915162716623558,0.1523543890660225,0.17960218385210255,1.1677137062693037,0.0172332261259156,0.004027777777777741,0.06200478578623911,0.48087868307133597,0.1039102729224935,0.11542293526131041,0.0,0.9999999987499999,0.6737446380036389,0.2819566321187122,0.2637968915782741,0.3763856671316818,angry,05,10,10,female,strong,1175
110,3.6703333333333332,True,1.0,0.6504465128679784,0.5944876584902608,0.6224670856791196,0.48088078265851275,-0.054490740740740895,-0.059074074074074,0.38218385926736,0.15647938598110087,0.1830144607295566,1.2944311940224722,0.05595885437771764,0.004583333333333106,0.06452934837513642,0.48632031532232256,0.10837690277513354,0.113276180723383,0.0,0.9999999987499999,0.6677614807876275,0.27807478898951865,0.26532453514158766,0.3892895594136118,angry,05,10,10,female,strong,1175
120,4.0040000000000004,True,1.0,0.6695256943931123,0.6152120419253948,0.6423688681592535,1.0294361083723336,-0.05907407407407411,-0.06351851851851842,0.3330492763912423,0.43475582254230594,0.18019336335274244,0.6240007154741429,0.054313652467717466,0.0044444444444443065,0.06346274202361163,0.2511816705077548,0.10708927438579831,0.1123102050917013,0.0,0.9999999987499999,0.667988776158901,0.277760824361774,0.2662801778584217,0.38675232055903763,angry,05,10,10,female,strong,1175
0,0.0,True,1.0,0.5950427893103629,0.6490299823633163,0.6220363858368396,0.9608338104572198,-0.06421296296296297,-0.058055555555555693,0.34481942431069523,0.39414989640723835,0.17665901492733793,0.6473922743630753,0.05398719305295341,0.006157407407407278,0.0309414834831177,0.26181987862311396,0.10245859326377767,0.1123892024787953,0.0,0.9999999987499999,0.6851343277310925,0.28241842511086224,0.2646704843400783,0.3926035337853456,fearful,06,10,10,female,normal,1176
10,0.33366666666666667,True,1.0,0.5825564136797303,0.6250000000000012,0.6037782068398658,0.9403806469248286,-0.06425925925925935,-0.05921296296296297,0.3496100007311459,0.3845754896426466,0.1774207875382545,0.6420572443874742,0.0424435863202709,0.005046296296296382,0.03282532310240696,0.25738717384354376,0.1020720484946411,0.11341432393328503,0.0,0.9999999987499999,0.6832895543451756,0.2827037050640086,0.2649003662357928,0.39032425225409917,fearful,06,10,10,female,normal,1176
20,0.6673333333333333,True,1.0,0.5950427893103629,0.6308243727598576,0.6129335810351102,0.9940009584113325,-0.0643055555555555,-0.06018518518518512,0.33685015340354996,0.4153448387385138,0.17876096754884935,0.6166327867678666,0.03578158344949467,0.004120370370370385,0.025800213061515368,0.26193054994820386,0.10125107669681054,0.11347826062654545,0.0,0.9999999987499999,0.6821629112191753,0.28345662441495606,0.266243996719897,0.3922886311611479,fearful,06,10,10,female,normal,1176
30,1.0010000000000001,True,1.0,0.5718216487653489,0.6064605274202951,0.5891410880928221,0.8651934741300634,-0.06509259259259276,-0.06018518518518512,0.41030995944904,0.2760781066431881,0.17960218385210253,0.6809356585649157,0.03463887865494619,0.004907407407407638,0.02844010334034195,0.3016971787261416,0.10191575417505389,0.11439060602159248,0.0,0.9999999987499999,0.680688857550833,0.2843452333835938,0.28284057782027405,0.4097359183617414,fearful,06,10,10,female,normal,1176
40,1.3346666666666667,True,1.0,0.5628527475458399,0.5953630383163737,0.5791078929311069,0.9988533286331771,-0.06300925925925926,-0.056574074074074054,0.36362175933639673,0.3624253317497143,0.19276682045388732,0.5797727016873974,0.0325102907705338,0.00643518518518521,0.027418883827002857,0.2939475786248904,0.10422203518444285,0.11447772881834162,0.0,0.9999999987499999,0.6676160385716787,0.2803412597269019,0.2689569533974712,0.3923659324328646,fearful,06,10,10,female,normal,1176
50,1.6683333333333334,True,1.0,0.6176756807833004,0.6571118379885087,0.6373937593859045,0.5578301350171105,-0.06083333333333335,-0.054907407407407405,0.3673853506687503,0.0951587248146075,0.19597392345146344,1.1426305596888442,0.03943615720520832,0.005925925925925946,0.02150580605405755,0.4582306119730567,0.10515103087845887,0.11379256419518798,0.0,0.9999999987499999,0.6608696015124799,0.28411586085915924,0.27046491833984854,0.3803006227124473,fearful,06,10,10,female,normal,1176
60,2.0020000000000002,True,1.0,0.6434375025888645,0.6724068005692305,0.6579221515790474,0.8742298360857675,-0.06324074074074071,-0.0596296296296297,0.3531173199540413,0.2292964378870734,0.20208937383583805,0.752573435979713,0.02896929798036607,0.0036111111111110095,0.025543215811007023,0.323148236072547,0.10509350382302438,0.11317431963598262,0.0,0.9999999987499999,0.656522550418605,0.28582059341185434,0.2758394407171459,0.38426313443758053,fearful,06,10,10,female,normal,1176
70,2.3356666666666666,True,1.0,0.6209922632196381,0.6319930720882478,0.626492667653943,0.9423064294415882,-0.0640277777777778,-0.06027777777777765,0.3655504065018914,0.2730960020057262,0.20210183180206887,0.664850252613901,0.011000808868609768,0.003750000000000142,0.005053124556745789,0.31109435411716196,0.10537040513451387,0.11442501658421929,0.0,0.9999999987499999,0.6572406084699505,0.28434733085364006,0.27803498192792664,0.38641770168808165,fearful,06,10,10,female,normal,1176
80,2.6693333333333333,True,1.0,0.6534021705488239,0.6726862104823675,0.6630441905155957,0.9074420165828123,-0.06444444444444442,-0.06162037037037055,0.3578367606101897,0.28184675395063635,0.19657474551182108,0.7306738925451629,0.019284039933543662,0.002824074074073868,0.009180540850357322,0.30718090937022907,0.10694674326222087,0.11312163697465952,0.0,0.9999999987499999,0.6615289793808149,0.2812158858669726,0.2773173837069512,0.38548228625122716,fearful,06,10,10,female,normal,1176
90,3.003,True,1.0,0.6725723220017683,0.6823683059255734,0.6774703139636709,0.9065988318858292,-0.06425925925925924,-0.06060185185185185,0.3575859668495779,0.3021557185191294,0.19383857917192496,0.7472658138710097,0.009795983923805096,0.003657407407407387,0.01586158328879746,0.3082662163982369,0.107842005596298,0.11226848389169002,0.0,0.9999999987499999,0.6621455558317076,0.27965430852953327,0.2802591846704913,0.39047486223882555,fearful,06,10,10,female,normal,1176
100,3.336666666666667,True,1.0,0.6359321549524288,0.6614154494942158,0.6486738022233223,0.8905713340087384,-0.06490740740740736,-0.060416666666666785,0.36458961164940706,0.31030554041821723,0.19458603804955857,0.7283793868633069,0.025483294541786994,0.004490740740740573,0.018468934529861952,0.29978715726755323,0.10768464933889867,0.11309528165803955,0.0,0.9999999987499999,0.6589735479816925,0.2803250670808018,0.27626904019627174,0.3890690788834984,fearful,06,10,10,female,normal,1176
0,0.0,True,1.0,0.5912066268934323,0.5928877217937195,0.5920471743435759,0.9508758517760112,-0.06601851851851837,-0.05986111111111103,0.3325966339023065,0.39217492284741023,0.1863671460066204,0.6226335154455461,0.0016810949002872277,0.006157407407407334,0.021745223037509975,0.26955997041838775,0.08947437985317165,0.11143631024221426,0.0,0.9999999987499999,0.7143375417745222,0.29891317895880015,0.24460469143413055,0.4152772467136808,fearful,06,10,10,female,normal,1177
10,0.33366666666666667,True,1.0,0.6227719910175267,0.6380005976006671,0.6303862943090969,0.8758618404244782,-0.06624999999999998,-0.06129629629629635,0.34594097674367064,0.3647981815001898,0.1843078197144377,0.719732571068042,0.015228606583140403,0.004953703703703627,0.022176654330799843,0.2947781470697778,0.10455995868050094,0.11180850946463365,0.0,0.9999999987499999,0.6730663161436449,0.2796189834352455,0.2607904267430793,0.39358463017404405,fearful,06,10,10,female,normal,1177
20,0.6673333333333333,True,1.0,0.6060640059666088,0.6282108019242465,0.6171374039454276,0.9321850101034793,-0.06504629629629632,-0.06000000000000005,0.35108414285105005,0.36548444939580305,0.18437610856573253,0.6620331771661088,0.02214679595763769,0.005046296296296271,0.010835288382673993,0.2750721707173328,0.10370482085112191,0.11344495413011767,0.0,0.9999999987499999,0.6739684768282312,0.2779280363650014,0.2613711848745503,0.39538641923243745,fearful,06,10,10,female,normal,1177
30,1.0010000000000001,True,1.0,0.6844073175210954,0.6625854716830176,0.6734963946020565,0.9319086530404787,-0.06194444444444436,-0.05648148148148152,0.37057096145845364,0.2968837689829693,0.18736383965078582,0.7227064502563453,0.02182184583807778,0.005462962962962836,0.021197464363611057,0.2964352389554723,0.1046608359380514,0.1110298220232665,0.0,0.9999999987499999,0.6704453362516882,0.2783222292945542,0.2695066316231209,0.39345667919820915,fearful,06,10,10,female,normal,1177
40,1.3346666666666667,True,1.0,0.6804565602959349,0.6850485218269677,0.6827525410614513,0.9601051941722837,-0.05986111111111109,-0.053888888888888764,0.35049775889611134,0.322139686648848,0.189669245008064,0.711122640733195,0.004591961531032807,0.005972222222222323,0.01892916269859358,0.29136763245296915,0.10574442810868848,0.11103265991289961,0.0,0.9999999987499999,0.6625909534516932,0.28244542438076675,0.26722804916709886,0.38110370439376645,fearful,06,10,10,female,normal,1177
50,1.6683333333333334,True,1.0,0.7092322225922473,0.7128028841187855,0.7110175533555163,0.6331749726828971,-0.05884259259259261,-0.05481481481481476,0.3450319816938617,0.1323439414898277,0.19157890239307263,1.1229400782263765,0.003570661526538177,0.004027777777777852,0.014995605954494834,0.38519554902592257,0.10434609620227274,0.11251725111126419,0.0,0.9999999987499999,0.6665908899809925,0.27918328340053117,0.26104202850307834,0.3788241653499533,fearful,06,10,10,female,normal,1177
60,2.0020000000000002,True,1.0,0.7191637981968073,0.6993811771151033,0.7092724876559553,0.9434786884595807,-0.060972222222222316,-0.05624999999999997,0.3350428943014876,0.31944706006014334,0.1889082156996238,0.7517631254755587,0.019782621081704033,0.00472222222222235,0.01081054596969467,0.27634269832612635,0.10608333754386591,0.11019142115488584,0.0,0.9999999987499999,0.664684927002051,0.28050627486189783,0.2654471044824523,0.37672928129967054,fearful,06,10,10,female,normal,1177
70,2.3356666666666666,True,1.0,0.7393643498640564,0.7393984030982446,0.7393813764811505,1.0367265564121007,-0.06027777777777782,-0.056574074074074054,0.34130286515359404,0.36274890350494626,0.18877893376596763,0.7131884216798678,3.405323418814721e-05,0.0037037037037037646,0.011713392694425291,0.2606141052176282,0.10594482994657278,0.11049715270453449,0.0,0.9999999987499999,0.6633524009838311,0.2804406312691356,0.2660893173059285,0.3770174407451483,fearful,06,10,10,female,normal,1177
80,2.6693333333333333,True,1.0,0.7108380658451736,0.7084456126129407,0.7096418392290571,1.0043045865940474,-0.06106481481481485,-0.05611111111111117,0.3299824115877492,0.365082354354448,0.18866250428030362,0.7066002174058609,0.002392453232232916,0.004953703703703682,0.016276618885696828,0.2679985157046385,0.104873888192885,0.11117188236388598,0.0,0.9999999987499999,0.667659783257053,0.2789905198606056,0.2623312076795665,0.3799154753329884,fearful,06,10,10,female,normal,1177
90,3.003,True,1.0,0.7181927004731139,0.7103366986715668,0.7142646995723403,0.9574382135806867,-0.06333333333333324,-0.057731481481481495,0.333715160811074,0.3589838730769882,0.18796978906612222,0.7460164942666002,0.007856001801547108,0.005601851851851747,0.01668220615841128,0.26776476486119793,0.10651403289091663,0.11063952429155577,0.0,0.9999999987499999,0.6675551769848563,0.2794130760252188,0.2643940923656585,0.38582505263728173,fearful,06,10,10,female,normal,1177
0,0.0,True,1.0,0.6343227548554913,0.6537491917524594,0.6440359733039753,0.7546975236358723,-0.0749999999999999,-0.06888888888888889,0.33333333333333337,0.3232501605742158,0.195328027932124,0.8533696655068275,0.019426436896968102,0.006111111111111012,0.01830310248915605,0.33520225950111476,0.10163060460154918,0.11397734912114002,0.0,0.9999999987499999,0.6763832817033062,0.2810816016826069,0.2595474834509602,0.4006600125931875,fearful,06,10,10,female,normal,1178
10,0.33366666666666667,True,1.0,0.6210754808267177,0.6081669936995999,0.6146212372631588,0.8713913425208663,-0.07523148148148145,-0.06833333333333336,0.33561289357606466,0.35910049796963084,0.191842128769665,0.7053331921856236,0.012908487127117785,0.006898148148148098,0.01929212035759012,0.27841268840790756,0.10262282667212809,0.11308479716731014,0.0,0.9999999987499999,0.6780791158338335,0.2816692594283394,0.2616315183403455,0.400032804709428,fearful,06,10,10,female,normal,1178
20,0.6673333333333333,True,1.0,0.6517694758750814,0.684158992900322,0.6679642343877017,0.9412111825279613,-0.07490740740740742,-0.06944444444444448,0.3256940632684489,0.36857626338714644,0.19387754118660183,0.7096858248046346,0.03238951702524062,0.005462962962962947,0.012362031328120759,0.27386266500141265,0.10140892087458112,0.11467414056584987,0.0,0.9999999987499999,0.6801919358368348,0.2809171088072944,0.26260624668765414,0.40330062361211644,fearful,06,10,10,female,normal,1178
30,1.0010000000000001,True,1.0,0.7240420751570729,0.7320162333115529,0.7280291542343129,1.2127450567613545,-0.07898148148148154,-0.07671296296296293,0.3064915812309128,0.5565171692365242,0.20152560332726183,0.6003150869800457,0.007974158154479993,0.002268518518518614,0.01653666421166072,0.22387174572389743,0.09994572812455435,0.11512714466569676,0.0,0.9999999987499999,0.6847453206985918,0.28758635764699547,0.2744260265263233,0.4066618234638035,fearful,06,10,10,female,normal,1178
40,1.3346666666666667,True,1.0,0.6962719335605052,0.6981172971037523,0.6971946153321287,1.0180436847103518,-0.08064814814814814,-0.07689814814814822,0.33451090437596764,0.4710351377018041,0.1994295438290704,0.6848376212171,0.0018453635432470472,0.00374999999999992,0.011567039276895983,0.26068881042546227,0.10109765244501329,0.11428375487011495,0.0,0.9999999987499999,0.6864409999155912,0.28506237483283825,0.27849182932681166,0.41145512849244575,fearful,06,10,10,female,normal,1178
50,1.6683333333333334,True,1.0,0.6870868214458177,0.7182156510586578,0.7026512362522377,0.9206430043198158,-0.07703703703703713,-0.07407407407407407,0.363567684247779,0.34872841072720284,0.2001235580249425,0.7632179172114238,0.031128829612840136,0.002962962962963056,0.009924690573157762,0.2913528910387201,0.09920061849338808,0.11609846336099242,0.0,0.9999999987499999,0.6833835806744574,0.2864008363659609,0.27758891090255444,0.4040783645603358,fearful,06,10,10,female,normal,1178
60,2.0020000000000002,True,1.0,0.7015272528842453,0.7332098753278157,0.7173685641060306,0.9081818996174583,-0.07935185185185184,-0.07467592592592587,0.36874590194822765,0.24768597262294337,0.20842706224907012,0.7898952450034497,0.03168262244357034,0.004675925925925972,0.00687444383181706,0.298680007054148,0.10138810592471385,0.11584950304997062,0.0,0.9999999987499999,0.6639613061865371,0.2842514412645612,0.27799518955192865,0.4036545885107404,fearful,06,10,10,female,normal,1178
70,2.3356666666666666,True,1.0,0.7046413174810735,0.6959981448502774,0.7003197311656755,0.9352588519992483,-0.07726851851851857,-0.07361111111111107,0.3324516910325639,0.29615228891416123,0.21196434753034096,0.748797757613994,0.008643172630796059,0.003657407407407498,0.0033308126197754205,0.2925174887841684,0.10328576850730248,0.11399386587375611,0.0,0.9999999987499999,0.668602746880002,0.28138589524649255,0.28351458316037753,0.4049210238251978,fearful,06,10,10,female,normal,1178
80,2.6693333333333333,True,1.0,0.7293625189338503,0.7070436547330056,0.7182030868334279,0.9662320251498688,-0.07324074074074072,-0.0708333333333333,0.36048260071505916,0.3197091259687066,0.20430152228090084,0.7433029211819283,0.022318864200844724,0.0024074074074074137,0.0028519500174454563,0.3064192672713373,0.10282277471653023,0.11424501951928424,0.0,0.9999999987499999,0.6671668574070254,0.2815163221292409,0.27851623774971357,0.3982027791932921,fearful,06,10,10,female,normal,1178
90,3.003,True,1.0,0.720608180894222,0.7106092121511236,0.7156086965226728,1.0212480466056761,-0.07361111111111118,-0.07162037037037033,0.34200295279591086,0.3922054203163632,0.200804277671704,0.7007197701881953,0.009998968743098358,0.0019907407407408484,0.00047734537318657507,0.26940288167318704,0.10209868797554104,0.1142273592819648,0.0,0.9999999987499999,0.6698752708661591,0.28149391996081824,0.27453839413393516,0.40506781143175935,fearful,06,10,10,female,normal,1178
100,3.336666666666667,True,1.0,0.6838305572077624,0.6906238344591005,0.6872271958334315,1.0291135198032624,-0.07430555555555551,-0.07027777777777788,0.33728438256193877,0.4175557872918303,0.1974093652219522,0.6677856063583831,0.006793277251338048,0.00402777777777763,0.004267825350835504,0.26244005140800075,0.10178256593411796,0.11450913049573719,0.0,0.9999999987499999,0.6810606000447054,0.28623246278378583,0.27715178161191456,0.3965451744445454,fearful,06,10,10,female,normal,1178
0,0.0,True,1.0,0.6733352144722813,0.6764804392182284,0.6749078268452549,0.6822711963510737,-0.07527777777777783,-0.06180555555555556,0.3260219684740298,0.26306790360137944,0.20166487334230243,0.9892075621172348,0.0031452247459471394,0.013472222222222274,0.02014641892500926,0.3636480549726668,0.10380630675308879,0.11368775685471605,0.0,0.9999999987499999,0.669096542007428,0.2810835784149895,0.2681302700364527,0.39693008190202306,fearful,06,10,10,female,normal,1179
10,0.33366666666666667,True,1.0,0.6591353498967154,0.7014592057396808,0.6802972778181982,0.6792413780171883,-0.07402777777777775,-0.06351851851851864,0.3345618076198027,0.28658936669618457,0.19757007374558044,1.0015545280885156,0.042323855842965385,0.010509259259259107,0.026665480178115326,0.3525627760389829,0.10482542096621204,0.1125796720206006,0.0,0.9999999987499999,0.6713829732518007,0.2801151653063838,0.26840960671367853,0.40254509516137704,fearful,06,10,10,female,normal,1179
20,0.6673333333333333,True,1.0,0.7181927004731155,0.7466930260364107,0.732442863254763,0.7215412955065093,-0.07805555555555566,-0.06662037037037033,0.3269947161885366,0.3221831928105493,0.19813858172865895,1.0151087232513851,0.028500325563295292,0.011435185185185326,0.02064717117105229,0.34091158344922307,0.10180557944646827,0.11448867056800105,0.0,0.9999999987499999,0.6777897199192178,0.28721764375132713,0.26874357993033976,0.39553838118997126,fearful,06,10,10,female,normal,1179
30,1.0010000000000001,True,1.0,0.689920242396626,0.7350590060951766,0.7124896242459013,0.9076863702263291,-0.08425925925925926,-0.07273148148148151,0.32041955905084885,0.3987690656476338,0.20303195949051053,0.7849513307864742,0.04513876369855063,0.011527777777777748,0.023101820308694555,0.276226174956336,0.10110783231867215,0.11510533410024056,0.0,0.9999999987499999,0.6788530081407562,0.2857759811520673,0.27318392726936497,0.40106925533838994,fearful,06,10,10,female,normal,1179
40,1.3346666666666667,True,1.0,0.7132409894749647,0.7337337041234187,0.7234873467991917,1.0133626433007188,-0.08717592592592599,-0.07388888888888878,0.3328885378536723,0.42458744727822023,0.20651948835949027,0.7139471260186314,0.020492714648453925,0.013287037037037208,0.03009030870312076,0.24852059968005544,0.10247445408643634,0.11439112639185085,0.0,0.9999999987499999,0.6793545945643882,0.2848309512626081,0.28196126881471295,0.41099718023127396,fearful,06,10,10,female,normal,1179
50,1.6683333333333334,True,1.0,0.7417308904389861,0.7752477345645244,0.7584893125017553,0.8816789829564204,-0.07962962962962972,-0.07097222222222216,0.34812326168739266,0.296188639378202,0.20295979823491242,0.8602783180318203,0.03351684412553835,0.008657407407407558,0.014727996163563796,0.2808694701255613,0.10131925435447302,0.11558051817680799,0.0,0.9999999987499999,0.6779912048022334,0.28559283824818743,0.2764955066151652,0.4026256445721695,fearful,06,10,10,female,normal,1179
60,2.0020000000000002,True,1.0,0.7449480030143287,0.7570174250184287,0.7509827140163787,0.8560456273902618,-0.07333333333333336,-0.06620370370370376,0.34127531807907,0.3541591611351772,0.19534560386896538,0.8772694935734003,0.012069422004099994,0.007129629629629597,0.011254656166116551,0.30500612396945037,0.10197587456191538,0.11483581560060765,0.0,0.9999999987499999,0.6770412469362744,0.28744594538187773,0.2752456009105541,0.39579217190929733,fearful,06,10,10,female,normal,1179
70,2.3356666666666666,True,1.0,0.7040115293717799,0.7432636870915965,0.7236376082316882,1.0059187580795457,-0.0706944444444444,-0.06347222222222215,0.32295002683531526,0.4164489013639536,0.19944369807999512,0.7193797733856999,0.039252157719816605,0.007222222222222241,0.002145487767082799,0.2654762574041313,0.10554920088790115,0.11359118407820953,0.0,0.9999999987499999,0.6653875320675147,0.279428022662382,0.27256475828666665,0.39432376819364706,fearful,06,10,10,female,normal,1179
80,2.6693333333333333,True,1.0,0.6892013230169878,0.7122538089580553,0.7007275659875216,0.9783157235612063,-0.06879629629629624,-0.06277777777777782,0.33197223813471294,0.35910049796963034,0.19872209579505942,0.7162591268969644,0.02305248594106757,0.006018518518518423,0.004391777437364962,0.26771308532289184,0.10484091944724008,0.1142452297376376,0.0,0.9999999987499999,0.6672941051264256,0.2787110262468249,0.26999631556269826,0.39466335274281344,fearful,06,10,10,female,normal,1179
90,3.003,True,1.0,0.7334496795956692,0.7314052341466669,0.7324274568711681,0.9310966974579906,-0.06925925925925941,-0.06319444444444444,0.3304262403591216,0.3815321273449963,0.19805577793379345,0.7866287775166487,0.0020444454490022856,0.006064814814814967,0.006312270725857333,0.28092915112633965,0.1044801996315777,0.11390813405133261,0.0,0.9999999987499999,0.6680360145933373,0.2782280816269005,0.26808153300050386,0.39483170435763015,fearful,06,10,10,female,normal,1179
100,3.336666666666667,True,1.0,0.7174374072338522,0.7425933481220643,0.7300153776779583,0.9028986599229052,-0.068425925925926,-0.061805555555555614,0.3246025584549689,0.3579786861631272,0.1960218023167498,0.8085241567866446,0.025155940888212158,0.0066203703703703876,0.010050462928794463,0.2763819576960135,0.1061599233364729,0.11285192793221914,0.0,0.9999999987499999,0.6662488130173945,0.279074531252761,0.2679803018722696,0.3966918994319467,fearful,06,10,10,female,normal,1179
0,0.0,True,1.0,0.6235170190781033,0.6585107494439302,0.6410138842610167,0.8929459525800595,-0.07046296296296306,-0.06601851851851848,0.3319032948097411,0.4085620174675149,0.18282301549403876,0.7178641466584674,0.03499373036582687,0.004444444444444584,0.01939417154484246,0.2810687079758088,0.10054328134409946,0.11276219740290623,0.0,0.9999999987499999,0.6888035646758704,0.2828400946430708,0.25990298673383416,0.39256357304496187,fearful,06,10,10,female,strong,1180
10,0.33366666666666667,True,1.0,0.6020752807069476,0.5826441097735786,0.5923596952402631,1.0257724998344118,-0.07185185185185183,-0.06527777777777777,0.32697593532199953,0.48224917997717875,0.18138633073239702,0.5774766776608716,0.01943117093336899,0.0065740740740740655,0.015190623958317447,0.24528461008610997,0.10000821231730894,0.11407515852995055,0.0,0.9999999987499999,0.6898404042163742,0.2805045505699879,0.26308426989702005,0.39786586759843134,fearful,06,10,10,female,strong,1180
20,0.6673333333333333,True,1.0,0.6569638276708533,0.6490299823633152,0.6529969050170843,1.2115225736238884,-0.07305555555555554,-0.06722222222222224,0.3096342572153833,0.5653613004615038,0.18004807843986853,0.5389886406027496,0.007933845307538046,0.0058333333333333015,0.01706162680892407,0.2328754544500243,0.10078119730081879,0.11506074078596765,0.0,0.9999999987499999,0.6922466784448154,0.2782302456655969,0.26711910692837654,0.40015597169586153,fearful,06,10,10,female,strong,1180
30,1.0010000000000001,True,1.0,0.6293244997924332,0.6349206349206352,0.6321225673565343,0.9423929539085406,-0.07643518518518516,-0.06847222222222221,0.4129866547974179,0.3610081222029135,0.17519215524607729,0.6707632572323773,0.005596135128202007,0.00796296296296295,0.010175320783767415,0.27878016055372085,0.10025445741940317,0.11419297695962864,0.0,0.9999999987499999,0.6957330081173094,0.27912883046577724,0.2831604530151836,0.4277805929038536,fearful,06,10,10,female,strong,1180
40,1.3346666666666667,True,1.0,0.595973917497364,0.592356794224474,0.594165355860919,0.9627610917791917,-0.0742592592592593,-0.06912037037037033,0.37021229277010154,0.4949250291386875,0.17928968833938844,0.6171472454946177,0.0036171232728899883,0.0051388888888889706,0.016376109236788713,0.293462764607831,0.11719351600769759,0.11086332120164274,0.0,0.9999999987499999,0.6250405002626052,0.2668608609804996,0.2994218580891646,0.3711179208258053,fearful,06,10,10,female,strong,1180
50,1.6683333333333334,True,1.0,0.6102925112353037,0.5969919456675958,0.6036422284514498,1.1842189686298479,-0.07449074074074075,-0.06777777777777766,0.36939063450116033,0.4642676638378385,0.1792756451513826,0.5097386922875161,0.013300565567707867,0.006712962962963087,0.012193227254835485,0.23759517347350087,0.09962370154907364,0.11590012054263804,0.0,0.9999999987499999,0.6923918786420818,0.2775455973880567,0.2780133898231575,0.4181079679976275,fearful,06,10,10,female,strong,1180
60,2.0020000000000002,True,1.0,0.617699930575018,0.6572684691473851,0.6374841998612015,0.9010503363216263,-0.07703703703703696,-0.0710648148148148,0.37424741921620136,0.3496613245427205,0.1917339262223218,0.7074901081149523,0.039568538572367085,0.005972222222222157,0.005728201908595666,0.29422209650110165,0.10033093773122484,0.11479159787844068,0.0,0.9999999987499999,0.6895806813897434,0.27869970316771453,0.28233550011075004,0.41219795386926694,fearful,06,10,10,female,strong,1180
70,2.3356666666666666,True,1.0,0.6721249885360436,0.6702132353028223,0.671169111919433,1.26257441144805,-0.0795370370370369,-0.07569444444444445,0.32865119424805483,0.5299567275306066,0.19585826525690575,0.5315877668942042,0.0019117532332213472,0.003842592592592453,0.002019500444915628,0.19483127872633366,0.0971282635112508,0.11702647817316102,0.0,0.9999999987499999,0.6841412345719536,0.2837503369630948,0.27418636731915697,0.404242571947678,fearful,06,10,10,female,strong,1180
80,2.6693333333333333,True,1.0,0.674175373100068,0.7040946083984139,0.689134990749241,1.0782097574963483,-0.07314814814814813,-0.07041666666666663,0.3546840780235388,0.41525646065737715,0.18681209006022537,0.639147425589473,0.029919235298345837,0.0027314814814815014,0.002780611492752956,0.23564189189189208,0.09934554465688472,0.11515015815582229,0.0,0.9999999987499999,0.6849456650785314,0.2852206597143838,0.27662085172542095,0.4138557685245859,fearful,06,10,10,female,strong,1180
90,3.003,True,1.0,0.6820272178315475,0.7070231156947939,0.6945251667631707,1.0201679631275764,-0.07162037037037045,-0.068425925925926,0.336292943246425,0.4096128942860721,0.18615210035902052,0.6807949199207673,0.024995897863246408,0.003194444444444444,0.004771286261794787,0.2642045454545456,0.09923927987266,0.11340863315537722,0.0,0.9999999987499999,0.6863302499124648,0.2848905055700861,0.27518820629538937,0.4155817024684848,fearful,06,10,10,female,strong,1180
100,3.336666666666667,True,1.0,0.667590476483719,0.7032115384541175,0.6854010074689183,0.9337013012127976,-0.07212962962962965,-0.06736111111111115,0.34612285787578806,0.3915360449021241,0.18410901721640272,0.7340688147040616,0.03562106197039849,0.004768518518518505,0.00026971941780560036,0.28123842562896073,0.09883880521527341,0.11459215970160813,0.0,0.9999999987499999,0.6867098878926571,0.2836807352352532,0.2694307171430087,0.4135746834600659,fearful,06,10,10,female,strong,1180
0,0.0,True,1.0,0.6227775281412626,0.6795954845766655,0.6511865063589641,0.7309664514476346,-0.07449074074074069,-0.06717592592592592,0.3329674062987685,0.33465882482491177,0.19330239254211215,0.8908568992042368,0.05681795643540288,0.007314814814814774,0.01987182522076679,0.33365798238358146,0.1039985992179509,0.11317569900691304,0.0,0.9999999987499999,0.6737818655978017,0.28137241836968235,0.26743452217970193,0.4114048566134035,fearful,06,10,10,female,strong,1181
10,0.33366666666666667,True,1.0,0.6450467736677561,0.6762655133454403,0.6606561435065982,0.9072045238547936,-0.07435185185185172,-0.06879629629629636,0.33409182995867814,0.37018165470654363,0.19189580958455332,0.7282328583409294,0.031218739677684182,0.005555555555555369,0.020995971961355796,0.2644220820292369,0.10175017809992257,0.11387061588194097,0.0,0.9999999987499999,0.6849098499946854,0.2863079060162932,0.26940820898324414,0.3982869313364607,fearful,06,10,10,female,strong,1181
20,0.6673333333333333,True,1.0,0.7341234568316497,0.7627911148563049,0.7484572858439773,1.1339507766572716,-0.07750000000000001,-0.07050925925925922,0.3057675917324554,0.5256108414000347,0.19191529001815288,0.6600438936602916,0.028667658024655207,0.006990740740740797,0.01935820118975969,0.22424256500361509,0.10087160077722196,0.11464962303084396,0.0,0.9999999987499999,0.6858950848386228,0.28280033322128856,0.27427441513880924,0.411555276738226,fearful,06,10,10,female,strong,1181
30,1.0010000000000001,True,1.0,0.7281485576209927,0.7192903929868613,0.723719475303927,1.022198921303625,-0.07671296296296298,-0.0704629629629629,0.3740014871984259,0.416903886954783,0.1863094152695318,0.708002581709788,0.008858164634131471,0.006250000000000089,0.016550324166415494,0.25196089623018336,0.10089016560514694,0.11413359954905863,0.0,0.9999999987499999,0.6876417727794243,0.28027974728328,0.28212572315517975,0.42801414820100264,fearful,06,10,10,female,strong,1181
40,1.3346666666666667,True,1.0,0.6642250070169335,0.6910829265952184,0.6776539668060759,1.005071144438839,-0.07777777777777778,-0.07120370370370371,0.3433790175847931,0.5243675210215991,0.18559803753688617,0.6742348246247087,0.026857919578284872,0.0065740740740740655,0.019171072187537788,0.2608608972225395,0.0999954788958233,0.11524936510529042,0.0,0.9999999987499999,0.6935741420161815,0.2781500087748056,0.2757504273686549,0.4151841915664633,fearful,06,10,10,female,strong,1181
50,1.6683333333333334,True,1.0,0.6755758297379364,0.6622754637768892,0.6689256467574127,1.0914358649244347,-0.07791666666666669,-0.0710648148148148,0.35544124513232217,0.4477685599689992,0.18620332423026978,0.6128858948608269,0.013300365961047222,0.006851851851851887,0.009725683279382037,0.2455272557180971,0.0999705202350771,0.11593024985318359,0.0,0.9999999987499999,0.6860191988514156,0.28049952124563443,0.28024748447595604,0.4187263422747864,fearful,06,10,10,female,strong,1181
60,2.0020000000000002,True,1.0,0.6328959979851752,0.6470284858990984,0.6399622419421368,0.9859075254486703,-0.07518518518518519,-0.06981481481481477,0.3849178488765096,0.28538646712907517,0.19793054364727788,0.6491098053551224,0.014132487913923297,0.005370370370370414,0.002240755498168066,0.2889431412310207,0.10094435672237484,0.11607234071137026,0.0,0.9999999987499999,0.6732350095585109,0.2900574658490033,0.29130389539695434,0.4060003851843923,fearful,06,10,10,female,strong,1181
70,2.3356666666666666,True,1.0,0.6482369610753587,0.7076121282518514,0.6779245446636051,1.0106754863613039,-0.07287037037037025,-0.06833333333333325,0.31157813814103524,0.35862678548304233,0.20418497639253086,0.6707638147080333,0.059375167176492716,0.004537037037037006,0.0041349877110471445,0.2726548977888371,0.10359236618752908,0.1148821166806272,0.0,0.9999999987499999,0.6609570966198981,0.28439160568209076,0.27829148414477006,0.3961583133396725,fearful,06,10,10,female,strong,1181
80,2.6693333333333333,True,1.0,0.6691965604308836,0.672436261131069,0.6708164107809763,0.9515081899341213,-0.07037037037037036,-0.06708333333333327,0.3608631927927046,0.36381195497481095,0.1965526216138355,0.7050032967424285,0.0032397007001854217,0.0032870370370370883,0.002618038061527835,0.298157004749123,0.10350649348254451,0.11396078793790816,0.0,0.9999999987499999,0.6635514380283363,0.2838656865676642,0.2793484079452881,0.4048698605813202,fearful,06,10,10,female,strong,1181
90,3.003,True,1.0,0.6804965993219789,0.7103095027447581,0.6954030510333685,0.9655330395022466,-0.07324074074074072,-0.06893518518518532,0.3572421841545854,0.3917974899728732,0.19245032954841068,0.7202270896828803,0.029812903422779202,0.004305555555555396,0.010425452883631128,0.27754332761658085,0.08964680596814827,0.11316496583730555,0.0,0.9999999987499999,0.7076365788346588,0.3030843542616504,0.25839176036711753,0.42154079795377125,fearful,06,10,10,female,strong,1181
100,3.336666666666667,True,1.0,0.6741219356861919,0.6914198842871841,0.6827709099866881,0.9098542212961062,-0.06995370370370374,-0.06703703703703712,0.3521447194208687,0.383844749609295,0.1924756996825622,0.7504179175143759,0.017297948600992208,0.002916666666666623,0.0019230701082832348,0.3092004148532313,0.10327096571424002,0.1131686322966776,0.0,0.9999999987499999,0.6692540935827456,0.2903864402322729,0.2798166367770773,0.3993597929198533,fearful,06,10,10,female,strong,1181
110,3.6703333333333332,True,1.0,0.6592194721790304,0.6771061041261318,0.6681627881525811,0.910193673743319,-0.07111111111111101,-0.0668981481481482,0.34152019088122243,0.38897036444038446,0.19173392622232185,0.7340885873274128,0.017886631947101383,0.004212962962962807,0.01203076154574267,0.29977995183260314,0.11555627310386223,0.11120662007083558,0.0,0.9999999987499999,0.6324016764909088,0.26551426083464114,0.2968628151303347,0.37522254326974885,fearful,06,10,10,female,strong,1181
0,0.0,True,1.0,0.6021505376344085,0.6084499853105151,0.6053002614724619,1.0337070929837984,-0.07527777777777767,-0.07055555555555554,0.30696794313867937,0.5167711596982798,0.18125042093162333,0.5855626468860352,0.006299447676106573,0.004722222222222128,0.0022370685616247827,0.23210585341947892,0.10012161454839519,0.11263043569242728,0.0,0.9999999987499999,0.6955054873511904,0.28071577888684385,0.2598998583252145,0.4036679165382171,fearful,06,10,10,female,strong,1182
10,0.33366666666666667,True,1.0,0.6452598905880633,0.6144294168568717,0.6298446537224676,1.133544025621697,-0.07606481481481486,-0.07148148148148148,0.3136730884922987,0.5507893186939476,0.17847906182851891,0.5556419860949172,0.030830473731191632,0.004583333333333384,0.0032095535650145117,0.2218240244587945,0.0997005387778139,0.11434415984941115,0.0,0.9999999987499999,0.69411621829982,0.280252801045685,0.2609542751703024,0.40005702950447386,fearful,06,10,10,female,strong,1182
20,0.6673333333333333,True,1.0,0.6121266284337398,0.5880349924582243,0.600080810445982,1.301809888603541,-0.0767592592592593,-0.07226851851851851,0.32194872146299525,0.6822581896740803,0.1757157210248491,0.4609588663439116,0.024091635975515446,0.004490740740740795,0.0024809287968577667,0.21686248977650635,0.11432919823834202,0.11212845819060882,0.0,0.9999999987499999,0.6442986939150661,0.2666731444143101,0.29264209436451616,0.3932190208185052,fearful,06,10,10,female,strong,1182
30,1.0010000000000001,True,1.0,0.5916717923471556,0.5757481849244145,0.583709988635785,1.82846861073987,-0.08314814814814814,-0.0785185185185186,0.29225168559705433,1.0349822324942657,0.16886570107632873,0.3192343501043713,0.015923607422741126,0.004629629629629539,0.012165538672118678,0.18042452830188682,0.09623307008338434,0.11547656525540294,0.0,0.9999999987499999,0.7033308498555674,0.2818557579034563,0.2674086175378974,0.4071755688216558,fearful,06,10,10,female,strong,1182
40,1.3346666666666667,True,1.0,0.5448618171471395,0.543036118289909,0.5439489677185243,0.8638287411826588,-0.08083333333333337,-0.07430555555555562,0.38879461126760156,0.44466631927124084,0.16690864798421437,0.6296953803294499,0.0018256988572304955,0.0065277777777777435,0.03452322090137293,0.32205457755956574,0.097326313566841,0.1148888048650574,0.0,0.9999999987499999,0.7021181549338485,0.2824750525210456,0.26286742358500187,0.4032415450751122,fearful,06,10,10,female,strong,1182
50,1.6683333333333334,True,1.0,0.5637058671650648,0.5783646017086955,0.5710352344368801,0.7828704929396816,-0.07550925925925916,-0.06907407407407407,0.43960072265159933,0.23588333711004408,0.18689742604383394,0.7294121308527554,0.014658734543630758,0.006435185185185099,0.01855283520274934,0.3649572800239634,0.10033341870041393,0.11660084272406833,0.0,0.9999999987499999,0.6791693098802022,0.2846807375445036,0.2895024906420912,0.42332183414642527,fearful,06,10,10,female,strong,1182
60,2.0020000000000002,True,1.0,0.6376067645334944,0.6743257963235462,0.6559662804285202,0.7084143758467003,-0.0756944444444444,-0.06782407407407404,0.3809449840273671,0.23389723437748675,0.1986145683171448,0.9259641006642562,0.03671903179005176,0.007870370370370361,0.011736700631439355,0.39266656485282675,0.10120492804073482,0.11485421319154669,0.0,0.9999999987499999,0.670661364178484,0.28998823544593294,0.28419228586239487,0.39987635435495644,fearful,06,10,10,female,strong,1182
70,2.3356666666666666,True,1.0,0.5577655921447678,0.5756419250163956,0.5667037585805816,0.7901234567901233,-0.07199074074074086,-0.06486111111111115,0.4090439599992195,0.2469135802469136,0.2006948245938466,0.7172344444535488,0.01787633287162771,0.007129629629629708,0.006376319958656205,0.37792968749999967,0.10399597486751448,0.11484913657511638,0.0,0.9999999987499999,0.6578379362213636,0.28730062603983986,0.28897592627960705,0.41016229041318014,fearful,06,10,10,female,strong,1182
80,2.6693333333333333,True,1.0,0.6358113350580336,0.6575683683787231,0.6466898517183783,0.9419864434900832,-0.07143518518518527,-0.06569444444444439,0.3861620790187675,0.30514096185737977,0.20277928274864854,0.6865171533916946,0.021757033320689567,0.0057407407407408795,0.004056616382427126,0.30896917692474934,0.1027243345577636,0.1156589389335001,0.0,0.9999999987499999,0.6518580549172794,0.28907395475646486,0.289075912463785,0.40265654423276875,fearful,06,10,10,female,strong,1182
90,3.003,True,1.0,0.6345154715299699,0.6483612011013004,0.6414383363156351,0.8251307641405019,-0.06819444444444461,-0.0635648148148148,0.3978352237190486,0.25388638896630766,0.19861149524808666,0.7773777977891659,0.013845729571330456,0.004629629629629817,0.0013065802371811733,0.3637869930761151,0.10628995103416516,0.1125603363650699,0.0,0.9999999987499999,0.65249298397484,0.2884773991310688,0.29177428543314604,0.4035394848983683,fearful,06,10,10,female,strong,1182
100,3.336666666666667,True,1.0,0.6324349650879042,0.6687480125298697,0.650591488808887,0.9147290703867201,-0.07138888888888895,-0.06638888888888894,0.37768787844835006,0.3115278100772527,0.1958524221220791,0.7112395460809355,0.03631304744196551,0.0050000000000000044,0.002298657408906136,0.31825435527600904,0.10454151927459734,0.11468550738186997,0.0,0.9999999987499999,0.6583092063153387,0.28385903886429964,0.27936200294941554,0.4091936362597224,fearful,06,10,10,female,strong,1182
110,3.6703333333333332,True,1.0,0.6622552018598228,0.6844404712158529,0.6733478365378378,0.8772459234787343,-0.07194444444444442,-0.06694444444444447,0.3729737297591091,0.31030554041821723,0.19381653658425438,0.7675702086681292,0.022185269356030157,0.004999999999999949,0.01737484935964323,0.32339264440700327,0.10391882847403494,0.1159093945037338,0.0,0.9999999987499999,0.662143769718825,0.28599496430457133,0.2713844094694326,0.40319634196095355,fearful,06,10,10,female,strong,1182
0,0.0,True,1.0,0.5790440517847556,0.6163421200021257,0.5976930858934406,0.6542552435005501,-0.07212962962962965,-0.06481481481481483,0.36596295345193913,0.2782272108421931,0.18214728491871637,0.9135472613035895,0.03729806821737014,0.0073148148148148295,0.022901089997660152,0.39206841138385845,0.10015951222754389,0.11410942284511903,0.0,0.9999999987499999,0.6832496448735744,0.2870037589789845,0.2723452680706665,0.40969240569427373,fearful,06,10,10,female,strong,1183
10,0.33366666666666667,True,1.0,0.5790075062585233,0.6166985234067742,0.5978530148326487,0.6443109281387319,-0.07268518518518519,-0.06624999999999998,0.372384177032495,0.26029839656681597,0.18554993601276254,0.9278951958175077,0.03769101714825096,0.00643518518518521,0.01971313401081592,0.3762189165708889,0.09839187945712322,0.11596609083502872,0.0,0.9999999987499999,0.6820279317430097,0.28848385851100977,0.27036025220463816,0.4057736150236664,fearful,06,10,10,female,strong,1183
20,0.6673333333333333,True,1.0,0.5856377375098353,0.6155791222056548,0.600608429857745,0.6222470867395401,-0.07277777777777777,-0.06791666666666663,0.3770934692382731,0.25017673890055825,0.18272074584220155,0.9652249767930973,0.02994138469581953,0.004861111111111149,0.02993249199616792,0.39658331938313346,0.0995872038110851,0.11460923657683046,0.0,0.9999999987499999,0.6868499854551197,0.28534271777394354,0.2671824176841451,0.40620741006600347,fearful,06,10,10,female,strong,1183
30,1.0010000000000001,True,1.0,0.5266891866693222,0.5238223902357203,0.5252557884525213,0.8887265185807371,-0.07546296296296295,-0.06898148148148148,0.41643626945815876,0.29620601710581035,0.18681576561865806,0.5910207217528909,0.0028667964336018814,0.006481481481481477,0.020815467629575195,0.33618345071585326,0.0989279181612689,0.11451523693350611,0.0,0.9999999987499999,0.6865136160792442,0.2842815365121621,0.291217713815059,0.43399393584261975,fearful,06,10,10,female,strong,1183
40,1.3346666666666667,True,1.0,0.5696892919848474,0.5817330869449495,0.5757111894648985,0.7086897910673129,-0.06819444444444445,-0.06328703703703703,0.42407735355610054,0.17416160987452697,0.1965277777777778,0.8123599305668794,0.012043794960102105,0.004907407407407416,0.002866968144565602,0.40993899679497275,0.09903689565823787,0.11754208090308507,0.0,0.9999999987499999,0.6650799433914192,0.28682702855927056,0.27909213212159717,0.40328255324398776,fearful,06,10,10,female,strong,1183
50,1.6683333333333334,True,1.0,0.5242464833407726,0.5251884480900393,0.5247174657154059,0.7105195643893211,-0.06828703703703703,-0.06490740740740741,0.4534235613798731,0.1554021476725217,0.19723189304860717,0.738498265232698,0.0009419647492666661,0.0033796296296296213,0.0051400188234357325,0.3966791792444717,0.10213999947205436,0.11617529674164286,0.0,0.9999999987499999,0.6615161355636004,0.2878101815586872,0.2920938183734951,0.41138758606604814,fearful,06,10,10,female,strong,1183
60,2.0020000000000002,True,1.0,0.5371595162197368,0.5560440460941296,0.5466017811569333,0.5484672856984685,-0.06662037037037027,-0.06384259259259262,0.38618284028939465,0.16970281586377556,0.19862071431262085,0.9965986949628919,0.01888452987439282,0.002777777777777657,0.014052349194612257,0.5360508582893588,0.10258952280966672,0.114287940516071,0.0,0.9999999987499999,0.6619914528702107,0.2853570431476816,0.2838061627410127,0.4021039192600502,fearful,06,10,10,female,strong,1183
70,2.3356666666666666,True,1.0,0.5138127374149505,0.515557138707881,0.5146849380614158,0.724762071067627,-0.06935185185185183,-0.06592592592592589,0.41091844105739467,0.2638086456232446,0.19479725633815054,0.7101433126919122,0.0017444012929305197,0.0034259259259259434,0.01679380491269277,0.4014002079194372,0.09952049521062611,0.11697014392598437,0.0,0.9999999987499999,0.6736605594659739,0.2881725465503462,0.2866663087954869,0.41268047543397895,fearful,06,10,10,female,strong,1183
80,2.6693333333333333,True,1.0,0.5221633108512372,0.5285703198241046,0.5253668153376709,0.8074957695164273,-0.07226851851851851,-0.06995370370370368,0.3692191870003841,0.29404319368373005,0.19542370001884557,0.6506124677932237,0.00640700897286739,0.002314814814814825,0.03041916531379004,0.3529046638636532,0.10017857608730373,0.11607923386683221,0.0,0.9999999987499999,0.6740707433832909,0.2901185211612906,0.279278236696372,0.3943017268868496,fearful,06,10,10,female,strong,1183
90,3.003,True,1.0,0.5644854827880638,0.5577898777954485,0.5611376802917561,0.8125019954065172,-0.06870370370370371,-0.06587962962962968,0.38221381397384585,0.2881174985112631,0.19179559324362383,0.6906292950222275,0.006695604992615234,0.0028240740740740344,0.023007461901203816,0.38215980312617504,0.10358521659892551,0.11388923690282754,0.0,0.9999999987499999,0.6658702186577756,0.28498927907525623,0.27939409222773365,0.41069646804849286,fearful,06,10,10,female,strong,1183
100,3.336666666666667,True,1.0,0.6021190358148014,0.5974240997037665,0.599771567759284,0.9131303796072205,-0.07124999999999998,-0.06870370370370371,0.37169849359165635,0.34903062889453756,0.18892927548355637,0.6568301538902619,0.004694936111034886,0.0025462962962962687,0.018835393984761584,0.3228459011564169,0.10112823918478099,0.11574768561046844,0.0,0.9999999987499999,0.6723091228835285,0.28816180718198275,0.27766725418403704,0.40094041716314976,fearful,06,10,10,female,strong,1183
110,3.6703333333333332,True,1.0,0.583317557245275,0.5733567066291286,0.5783371319372018,0.9626831619552371,-0.0748611111111111,-0.0712037037037036,0.36276673772784207,0.4055843532460372,0.18611480051309184,0.6007554248300994,0.009960850616146377,0.003657407407407498,0.012574778855469378,0.3052684516987974,0.10198873414324995,0.11415877476347754,0.0,0.9999999987499999,0.6808759807125976,0.28242659906066053,0.2812885588025564,0.41817593050288,fearful,06,10,10,female,strong,1183
0,0.0,True,1.0,0.5678533046225861,0.5975596667593005,0.5827064856909433,0.6653575784546717,-0.06601851851851848,-0.06254629629629638,0.3453443273029701,0.31028211281376766,0.1773110993101816,0.875779437343015,0.029706362136714404,0.003472222222222099,0.024948968536995526,0.37735932287360524,0.10093225235901138,0.11376192948699436,0.0,0.9999999987499999,0.6853500710909364,0.2859417225757729,0.25948550744527815,0.40372487025009735,disgust,07,10,10,female,normal,1184
10,0.33366666666666667,True,1.0,0.5131283068110271,0.553614244664427,0.533371275737727,0.6255429553217983,-0.06509259259259254,-0.06273148148148161,0.3523538437818212,0.30526274429128397,0.17867900448569984,0.852653316930641,0.040485937853399934,0.002361111111110925,0.030774598661789776,0.4369511322131798,0.10123708367051282,0.11365849288185151,0.0,0.9999999987499999,0.6814639113848665,0.28748221341949454,0.2622976554205465,0.40180935568457105,disgust,07,10,10,female,normal,1184
20,0.6673333333333333,True,1.0,0.34151582434326977,0.3245149911816591,0.3330154077624644,0.575860704596149,-0.06824074074074071,-0.06476851851851845,0.37415044619171556,0.23289856534925538,0.1758350826348498,0.578291599174158,0.017000833161610662,0.0034722222222222654,0.021905602374062475,0.4910628763152021,0.11374708498201212,0.11238037848849813,0.0,0.9999999987499999,0.6259907891515981,0.27018189880711985,0.2758020452493379,0.3493801629389929,disgust,07,10,10,female,normal,1184
30,1.0010000000000001,True,1.0,0.35727872518357956,0.3403388925678636,0.3488088088757216,0.9167433033496922,-0.05402777777777773,-0.0505092592592592,0.414079422012922,0.25389666416287715,0.16817173440589356,0.3804868904972718,0.016939832615715966,0.003518518518518532,0.02179546412600947,0.32788835714013204,0.11497354228192912,0.11043739220275733,0.0,0.7748891348639719,0.6265990579356743,0.27548074891102253,0.3022381741502547,0.37038143599505596,disgust,07,10,10,female,normal,1184
40,1.3346666666666667,True,1.0,0.45341038454112825,0.4418406005412763,0.44762549254120226,0.8110885746788519,-0.0499074074074074,-0.044490740740740775,0.42167197714835736,0.236029821947545,0.16612109145423168,0.5518823794533639,0.01156978399985198,0.005416666666666625,0.01614364580879461,0.36372240805932055,0.09937075260552265,0.11413117894903678,0.0,0.9999999987499999,0.6850390705032013,0.28667152924891615,0.28014233720413434,0.4151397014546204,disgust,07,10,10,female,normal,1184
50,1.6683333333333334,True,1.0,0.32786392611866055,0.34014402908579444,0.3340039776022275,0.9383235778759162,-0.05398148148148135,-0.05032407407407408,0.3955290708659918,0.2736693586152104,0.1716882721035375,0.35595820618545315,0.012280102967133888,0.003657407407407276,0.012394198524867055,0.3215048890321392,0.11382689658595628,0.11195971833470268,0.0,0.9999999987499999,0.6250892578828406,0.2725608630007285,0.2928753257165208,0.3656318843618915,disgust,07,10,10,female,normal,1184
60,2.0020000000000002,True,1.0,0.49563099862800003,0.5166117752983796,0.5061213869631899,0.7121847175584822,-0.05467592592592596,-0.051296296296296284,0.3530700723472288,0.25433492713521205,0.1771453629105048,0.7106602746240884,0.02098077667037962,0.003379629629629677,0.011517609569419255,0.38099394214286314,0.11676604622294484,0.10906573849411182,0.0,0.9999999987499999,0.6188154242009305,0.2712285539410934,0.27902223761572004,0.33540784985553634,disgust,07,10,10,female,normal,1184
70,2.3356666666666666,True,1.0,0.48585434440493663,0.485773314176106,0.4858138292905213,0.9440276413340769,-0.053749999999999964,-0.048935185185185304,0.3244059331017359,0.32794999143916786,0.17782068794340952,0.5146182251655058,8.103022883065858e-05,0.004814814814814661,0.010762984377200198,0.32586095017588074,0.10362340233183721,0.11284601093661509,0.0,0.9999999987499999,0.6662903712031687,0.2853913380306923,0.26259726161956753,0.38592386273741264,disgust,07,10,10,female,normal,1184
80,2.6693333333333333,True,1.0,0.4721121025287193,0.49191279232712876,0.48201244742792404,0.8541405087033362,-0.051435185185185195,-0.04749999999999999,0.36585195565572104,0.258943548367908,0.17862647713442112,0.5643245373757805,0.019800689798409432,0.003935185185185208,0.015443234568658903,0.3628395156927486,0.10252541775627619,0.11401172902962202,0.0,0.9999999987499999,0.6674666407031562,0.2845918510316735,0.2692793484937175,0.3983338512404558,disgust,07,10,10,female,normal,1184
90,3.003,True,1.0,0.45451460739544064,0.4596175725981731,0.45706608999680687,0.7935684698936178,-0.04939814814814808,-0.04740740740740734,0.37243820014523726,0.239337483230943,0.17928968833938855,0.5759630168497988,0.005102965202732457,0.0019907407407407374,0.014461334214610199,0.3892958497771527,0.10425006678010566,0.11260623058445555,0.0,0.9999999987499999,0.6660697005599114,0.28519371849404307,0.26941441610820505,0.3961899191802217,disgust,07,10,10,female,normal,1184
100,3.336666666666667,True,1.0,0.4659440198428273,0.49701250993315044,0.48147826488798884,0.7957670832000548,-0.050787037037037075,-0.04740740740740734,0.3746751467874609,0.24005698355341704,0.1778743110935235,0.6050492349492493,0.031068490090323142,0.0033796296296297323,0.015176660436408078,0.40090396145757046,0.1042136571684272,0.11247065973881937,0.0,0.9999999987499999,0.6637528966430323,0.2859363314111594,0.26918300924470645,0.39219168770091606,disgust,07,10,10,female,normal,1184
110,3.6703333333333332,True,1.0,0.527358379169241,0.5257404642866681,0.5265494217279545,0.7952556243250716,-0.05314814814814811,-0.04814814814814816,0.36977553923473966,0.25108445572358634,0.17923861692715684,0.6621134206687739,0.0016179148825729017,0.004999999999999949,0.015357706204486104,0.3863893012200005,0.10329921331915007,0.11347912635220934,0.0,0.9999999987499999,0.6602876561562125,0.287181786980336,0.2655037086696322,0.3897626984828119,disgust,07,10,10,female,normal,1184
0,0.0,True,1.0,0.5360814452240924,0.5573143408668462,0.5466978930454693,0.6097054633832698,-0.0641666666666667,-0.05870370370370376,0.3493417753963735,0.2600199898051041,0.18342694291325293,0.8966590032043177,0.02123289564275377,0.005462962962962947,0.023708906080433505,0.4413524314293673,0.1011971339422247,0.11369406403230319,0.0,0.9999999987499999,0.6723887908757252,0.2847441649263911,0.2575300609887668,0.40120056458040104,disgust,07,10,10,female,normal,1185
10,0.33366666666666667,True,1.0,0.5088777897932876,0.5506115322835022,0.5297446610383949,0.6143372613132444,-0.06555555555555559,-0.06083333333333335,0.35515007141794763,0.2557674971439445,0.18340364899485165,0.8623026705330892,0.041733742490214665,0.004722222222222239,0.021807735110545613,0.43413276510215293,0.10298410678473395,0.11275588523164298,0.0,0.9999999987499999,0.6705592482305421,0.285207319495985,0.26156669551611433,0.4038007324610907,disgust,07,10,10,female,normal,1185
20,0.6673333333333333,True,1.0,0.5579912609249937,0.5936546783316677,0.5758229696283308,0.6276675785609958,-0.06374999999999997,-0.059398148148148144,0.35633354878086404,0.2480627634201294,0.1826990322656853,0.9174011679055895,0.035663417406674,0.004351851851851829,0.019232065566002883,0.43713789530156844,0.10251104807826962,0.1140246493712542,0.0,0.9999999987499999,0.6718757252588536,0.2846292366020506,0.25842791781271895,0.4029893391724675,disgust,07,10,10,female,normal,1185
30,1.0010000000000001,True,1.0,0.576206022028105,0.5916717923471555,0.5839389071876302,0.9348204995512321,-0.07777777777777783,-0.07138888888888884,0.3864396590204319,0.387082870105643,0.19242812793720387,0.6246535109873549,0.015465770319050498,0.006388888888888999,0.022246455077355707,0.33053013301463585,0.09925039551782579,0.11506672502743713,0.0,0.9999999987499999,0.6763842574998749,0.2922155753883934,0.2826442179322554,0.41761657018712567,disgust,07,10,10,female,normal,1185
40,1.3346666666666667,True,1.0,0.5486032283890042,0.5820831433712113,0.5653431858801077,0.801166922346227,-0.06754629629629633,-0.06240740740740741,0.38756531628991775,0.26695008081033794,0.1917339262223218,0.7056496843685125,0.03347991498220704,0.005138888888888915,0.01331825167377461,0.38746017743313427,0.10283866908697085,0.11356161250777642,0.0,0.9999999987499999,0.6638455581607644,0.28752510655126373,0.27944967133270165,0.41696447691165095,disgust,07,10,10,female,normal,1185
50,1.6683333333333334,True,1.0,0.4576162662404355,0.5034330149654519,0.4805246406029437,0.7130922421168265,-0.06388888888888888,-0.05884259259259261,0.40619041885672674,0.20369954028202472,0.19034552810498334,0.6738604239705344,0.0458167487250164,0.005046296296296271,0.01366964054834953,0.4251769706062284,0.10251049368245749,0.11419211126404158,0.0,0.9999999987499999,0.6640738316029536,0.28786305536173973,0.27762170960369015,0.40805546519752756,disgust,07,10,10,female,normal,1185
60,2.0020000000000002,True,1.0,0.4505100134155917,0.48389178154639645,0.4672008974809941,0.8162717072184967,-0.06004629629629621,-0.055277777777777815,0.4084151878594451,0.2422932328206913,0.1826894273605715,0.5723595383123274,0.033381768130804734,0.004768518518518394,0.018719786362904663,0.3791609022550151,0.10158370216028932,0.11435285416266537,0.0,0.9999999987499999,0.6629495374634228,0.28809591109186117,0.28058810211459806,0.41286842006006225,disgust,07,10,10,female,normal,1185
70,2.3356666666666666,True,1.0,0.4079612411502634,0.4312352106415934,0.41959822589592843,0.7610322448655398,-0.051574074074074105,-0.04782407407407402,0.4244621829192399,0.17791745867614195,0.18059780572044004,0.5513540703785339,0.023273969491330038,0.0037500000000000866,0.02237173009866655,0.40938692893007794,0.10339080327279535,0.11373121508115462,0.0,0.9999999987499999,0.6614600757256028,0.29191858316004926,0.28950244265325425,0.4098476590496774,disgust,07,10,10,female,normal,1185
80,2.6693333333333333,True,1.0,0.17995390866044841,0.19506153790691716,0.1875077232836828,0.7382511324072641,-0.06222222222222212,-0.058148148148148115,0.4065691587404981,0.16186565441799797,0.1847556738015281,0.25398907641667134,0.015107629246468746,0.004074074074074008,0.014965375632031522,0.41476404033037273,0.1022263596994642,0.11411311527492687,0.0,0.9999999987499999,0.6604361118744373,0.29190545865453066,0.28154165941259046,0.4017887333506468,disgust,07,10,10,female,normal,1185
90,3.003,True,1.0,0.5105123335234213,0.5292575084276572,0.5198849209755392,0.7473430086848947,-0.054120370370370374,-0.05074074074074064,0.35265610378428786,0.1538553792730327,0.18961592732921567,0.6956443225318782,0.018745174904235884,0.0033796296296297323,0.0204990341696356,0.3989664349034995,0.10271862245966883,0.11417192359493214,0.0,0.9999999987499999,0.657773155340261,0.2922751592578193,0.27055242498034326,0.3847834142539356,disgust,07,10,10,female,normal,1185
100,3.336666666666667,True,1.0,0.5424041493364752,0.5631513425841095,0.5527777459602923,0.7892777211607396,-0.05282407407407408,-0.04699074074074072,0.37756313718867185,0.179931873016437,0.19102055594950887,0.7003589878951073,0.0207471932476343,0.005833333333333357,0.021921591838765884,0.3764730057233543,0.10415516852038886,0.11303162546727531,0.0,0.9999999987499999,0.6568055607555522,0.2852863278086717,0.2749447031819619,0.39867818090316154,disgust,07,10,10,female,normal,1185
110,3.6703333333333332,True,1.0,0.5960034462391767,0.6089240787136482,0.6024637624764124,0.7660344774340003,-0.05467592592592596,-0.050879629629629664,0.38291420617693755,0.1709553451649585,0.19173392622232188,0.7864708185126292,0.012920632474471505,0.0037962962962962976,0.03079177992450214,0.39328635107992554,0.10425657768473491,0.11377843922526752,0.0,0.9999999987499999,0.6552727224014605,0.28644724418141787,0.2723373170010793,0.39389920733127687,disgust,07,10,10,female,normal,1185
120,4.0040000000000004,True,1.0,0.5777891983009549,0.6144660624771896,0.5961276303890722,0.7455516461529614,-0.0564351851851852,-0.05092592592592593,0.38375657116085954,0.17613841162618957,0.19246261862476358,0.799579255796811,0.036676864176234725,0.005509259259259269,0.04027094803584339,0.4023866107036262,0.10404311498877294,0.11313477674385262,0.0,0.9999999987499999,0.6545965172084459,0.28517437862596673,0.27233044458056815,0.39576967528604234,disgust,07,10,10,female,normal,1185
0,0.0,True,1.0,0.5786483681667839,0.6553986021589552,0.6170234851628695,0.6078174919491142,-0.06162037037037038,-0.05657407407407411,0.3364811957273554,0.2505018947512239,0.1876968367849136,1.015145982693315,0.07675023399217129,0.005046296296296271,0.02219177684310541,0.42810900640952426,0.10270383330326542,0.11351585956251756,0.0,0.9999999987499999,0.668230416721376,0.2841566715903157,0.26181276787676006,0.39527101254773583,disgust,07,10,10,female,normal,1186
10,0.33366666666666667,True,1.0,0.5172100889629613,0.5674581117547131,0.5423341003588371,0.6038687249640489,-0.060092592592592475,-0.05458333333333332,0.34221664108456884,0.2713120410932267,0.18361443441400138,0.898099335068437,0.05024802279175178,0.005509259259259158,0.025470579755981833,0.4739654193314241,0.10235000581906302,0.1143359781454327,0.0,0.9999999987499999,0.6696274746304772,0.28342748138965157,0.25919785939938395,0.3934349105278009,disgust,07,10,10,female,normal,1186
20,0.6673333333333333,True,1.0,0.49127826125318896,0.5286303782935762,0.5099543197733826,0.8192722381010094,-0.05629629629629629,-0.051157407407407485,0.3608442446955494,0.30848345807510247,0.17800465517998562,0.6224479435009361,0.03735211704038721,0.005138888888888804,0.029120437125983435,0.3905298943121059,0.10322692161176192,0.11320880862300879,0.0,0.9999999987499999,0.6672822493841286,0.2864674989436108,0.2692607096242699,0.3992596059433904,disgust,07,10,10,female,normal,1186
30,1.0010000000000001,True,1.0,0.32113266470140966,0.3692897279657982,0.3452111963336039,0.9739090845919658,-0.04393518518518519,-0.04120370370370374,0.3625605957253781,0.3315174648263351,0.16894926386275155,0.3544593656585876,0.04815706326438851,0.002731481481481446,0.03382262189907788,0.336876065192963,0.11465015363006996,0.11231033265725231,0.0,0.9999999987499999,0.6228509473398735,0.2694265704354656,0.3007103386072379,0.3659730160786889,disgust,07,10,10,female,normal,1186
40,1.3346666666666667,True,1.0,0.3210689047959409,0.34610463966806876,0.33358677223200484,0.9246836394071841,-0.04120370370370369,-0.037175925925925835,0.3759530916455229,0.27188207089887967,0.16762348325143975,0.36075773163442987,0.025035734872127846,0.004027777777777852,0.028123336703118958,0.34032255343364076,0.09995991565577408,0.11577495006123503,0.0,0.9999999987499999,0.6649151032835008,0.2878879482400628,0.2750222459827391,0.407467823296813,disgust,07,10,10,female,normal,1186
50,1.6683333333333334,True,1.0,0.3083936075058639,0.3145623191000475,0.31147796330295574,0.8124329915409289,-0.04254629629629625,-0.037546296296296244,0.4073197176487587,0.21566927502974223,0.17041892190712368,0.3833891121434894,0.006168711594183585,0.0050000000000000044,0.011912442167708231,0.3877397799378052,0.1037464724479177,0.11290174975280971,0.0,0.9999999987499999,0.6656203820747049,0.28815492687386757,0.2829351679875797,0.40449742718693715,disgust,07,10,10,female,normal,1186
60,2.0020000000000002,True,1.0,0.39352292713895737,0.4404178771925231,0.4169704021657402,0.8682161855619959,-0.04495370370370377,-0.040879629629629544,0.38755913682365006,0.1972573941615227,0.17446349453695598,0.48026103302351536,0.046894950053565754,0.00407407407407423,0.02403711788721586,0.3326228127963677,0.10191617615620513,0.11555021577295037,0.0,0.9999999987499999,0.663730417034001,0.2865100723138496,0.2737989318618445,0.38985668960814435,disgust,07,10,10,female,normal,1186
70,2.3356666666666666,True,1.0,0.386714714349163,0.3942372931020991,0.39047600372563107,0.7772168202870101,-0.04393518518518513,-0.03874999999999984,0.38373030501406374,0.19081175713979853,0.1792756451513826,0.5024029248124563,0.007522578752936104,0.005185185185185293,0.0351576678635023,0.4048080766898201,0.10072841003745452,0.11658707792308301,0.0,0.9999999987499999,0.6616645849746149,0.2828642872754834,0.27102466099030526,0.39941685701584617,disgust,07,10,10,female,normal,1186
80,2.6693333333333333,True,1.0,0.5322320375928891,0.5781271759042591,0.5551796067485741,0.9289595793570905,-0.05379629629629623,-0.04879629629629634,0.3205857847522258,0.21992038660069463,0.1951705550945909,0.597635913429947,0.04589513831137004,0.004999999999999893,0.05243101783349173,0.30578707513749787,0.11658616915117072,0.10890868712699052,0.0,0.9999999987499999,0.6086808981170593,0.26163875366092343,0.2809741970206313,0.3469650218161841,disgust,07,10,10,female,normal,1186
90,3.003,True,1.0,0.566507993639812,0.6351052007596862,0.6008065971997492,0.9509147183729214,-0.04944444444444451,-0.045648148148148215,0.363221803294899,0.2159915063010191,0.19103972627181356,0.6318196422785098,0.06859720711987427,0.0037962962962962976,0.061794278087015944,0.3335710597324416,0.10546697039095825,0.11231864264091745,0.0,0.9999999987499999,0.6468850115358643,0.2871720193559581,0.2684626927807573,0.3808384004043046,disgust,07,10,10,female,normal,1186
100,3.336666666666667,True,1.0,0.5999039860843951,0.6495025802441339,0.6247032831642645,0.8565171461340533,-0.05175925925925917,-0.050416666666666554,0.3639920692489589,0.22111151500266302,0.18964127434192107,0.7293529218695785,0.049598594159738774,0.0013425925925926174,0.05553779854376224,0.3575547385086301,0.10617093795714351,0.11114035909212963,0.0,0.9999999987499999,0.6479403520158064,0.2895976296296536,0.2723103554766383,0.37712401861927586,disgust,07,10,10,female,normal,1186
110,3.6703333333333332,True,1.0,0.5786483681667847,0.6101313727300681,0.5943898704484264,0.8413229393882196,-0.05254629629629626,-0.04921296296296307,0.368705950430392,0.19940951314803773,0.18964127434192107,0.7064943110675739,0.03148300456328346,0.0033333333333331883,0.04614609048263114,0.36345784237295736,0.10736029110335084,0.11051030369528936,0.0,0.9999999987499999,0.6511043768210409,0.28938289726385,0.27396249665663014,0.38101349894062175,disgust,07,10,10,female,normal,1186
0,0.0,True,1.0,0.5630149657721972,0.6257462604064689,0.594380613089333,0.562001396293028,-0.06490740740740764,-0.05699074074074062,0.37984570559630115,0.20512820512820437,0.19334343563495973,1.0576141216194104,0.06273129463427163,0.007916666666667016,0.05514254125353437,0.5075426604986346,0.10350678658188359,0.11345787178036164,0.0,0.9999999987499999,0.6666685103025586,0.28653987900538824,0.27213780363131523,0.39085464755210236,disgust,07,10,10,female,normal,1187
10,0.33366666666666667,True,1.0,0.6359031080969366,0.7142951903899245,0.6750991492434306,0.5850412794762989,-0.08685185185185185,-0.07504629629629644,0.3626648919251571,0.19218390121237103,0.21829194836893195,1.1539342144331204,0.07839208229298789,0.011805555555555403,0.04637053044628878,0.4888448498645925,0.10328184676886491,0.11449770042670368,0.0,0.9999999987499999,0.6619298363564174,0.2883305603501039,0.27990132794978323,0.40179407722405847,disgust,07,10,10,female,normal,1187
20,0.6673333333333333,True,1.0,0.601708383555736,0.6813940461840073,0.6415512148698717,0.6471078899709866,-0.089212962962963,-0.07949074074074075,0.3769920586260614,0.21266293672264483,0.22385970067122687,0.9914130623544645,0.07968566262827137,0.009722222222222243,0.04526461774728034,0.442241240121753,0.10045360964806746,0.11633365718197788,0.0,0.9999999987499999,0.6644411820743923,0.28851619592913,0.2920131651717612,0.4133637838112435,disgust,07,10,10,female,normal,1187
30,1.0010000000000001,True,1.0,0.42356015191203084,0.4734115925662138,0.4484858722391223,0.9216925593203948,-0.06513888888888897,-0.06231481481481482,0.39033335042576783,0.2630351806315041,0.1975040290995027,0.48658944645252533,0.049851440654182955,0.0028240740740741455,0.044975338871038814,0.3477793853986804,0.10239971383760921,0.11528730147334454,0.0,0.9999999987499999,0.6668377723120499,0.2881477328527359,0.2945016404508293,0.4132395904990287,disgust,07,10,10,female,normal,1187
40,1.3346666666666667,True,1.0,0.33375015317358375,0.361323432725523,0.34753679294955336,0.9748305052227589,-0.0461111111111111,-0.04296296296296298,0.385267116492766,0.2402550727293032,0.1801476303041091,0.35650996874593865,0.027573279551939223,0.003148148148148122,0.036181223650364774,0.31843512920729933,0.11449052786993721,0.11314858977166883,0.0,0.9999999987499999,0.6084626787355568,0.2661349883388566,0.2886915591995423,0.36451148278648227,disgust,07,10,10,female,normal,1187
50,1.6683333333333334,True,1.0,0.2690617983134805,0.3234585625916153,0.29626018045254787,0.796705468862887,-0.043055555555555625,-0.03902777777777766,0.41053062392030665,0.19283297543228978,0.18214728491871637,0.37185659196665344,0.054396764278134835,0.004027777777777963,0.031977918188307745,0.3877397799378052,0.1028019232492886,0.1149287947005421,0.0,0.9999999987499999,0.65887192903724,0.2884608325172858,0.27886212467858745,0.39464482859707123,disgust,07,10,10,female,normal,1187
60,2.0020000000000002,True,1.0,0.23576974012064453,0.2598070756933326,0.24778840790698858,0.7772368885278675,-0.04439814814814813,-0.04189814814814807,0.4360289286112833,0.14123375151294293,0.1794117751694254,0.3188068033882365,0.024037335572688084,0.0025000000000000577,0.023578784892234726,0.3880563944963232,0.11760365791261562,0.11042814780616379,0.0,0.9779054045400238,0.6034871483515281,0.2627993209498345,0.3071815551340101,0.3600096068893349,disgust,07,10,10,female,normal,1187
70,2.3356666666666666,True,1.0,0.26591313931408933,0.2853534380306348,0.27563328867236203,0.6137545966793336,-0.04601851851851846,-0.04120370370370374,0.3839952188725037,0.16355293469125595,0.1827896276135042,0.449093644534236,0.019440298716545457,0.004814814814814716,0.024216668155959888,0.5140621976930382,0.10157402740866948,0.11419473196366699,0.0,0.9999999987499999,0.6606872973329957,0.28152034077988036,0.272180430127223,0.38707948181669893,disgust,07,10,10,female,normal,1187
80,2.6693333333333333,True,1.0,0.30033323895757963,0.3103262968894188,0.3053297679234992,0.8232809294487643,-0.04555555555555557,-0.04259259259259268,0.40462278411875496,0.23521374733852743,0.1785239402424893,0.3708694772365682,0.009993057931839189,0.0029629629629628895,0.024061972197812753,0.3931620080750885,0.10968887695652875,0.11268456964920613,0.0,0.9977441043568407,0.6234277271768083,0.27326847924803116,0.2864746642983938,0.3647873639242785,disgust,07,10,10,female,normal,1187
90,3.003,True,1.0,0.3158618551681438,0.30254887834228483,0.3092053667552143,0.7662317550037534,-0.04472222222222222,-0.04226851851851843,0.36179733588504714,0.16314358427903064,0.18620332423026978,0.4035402666830216,0.013312976825858969,0.002453703703703791,0.010343015343090387,0.4078463056540349,0.11730127349173719,0.10988579381147975,0.0,0.9999999987499999,0.6052953407613044,0.26153208222401514,0.2973227056585778,0.35531182766935243,disgust,07,10,10,female,normal,1187
100,3.336666666666667,True,1.0,0.31629834119518313,0.33727255068316436,0.32678544593917375,0.867389594893259,-0.04356481481481489,-0.041018518518518454,0.39636210681358425,0.14879642415830008,0.18365930419491727,0.3767458681348235,0.020974209487981232,0.0025462962962964353,0.01571341590513353,0.36356872747157337,0.10419772533630478,0.11466612836892481,0.0,0.9999999987499999,0.6599085139368247,0.2838569928775703,0.28293461521243424,0.39871445511018544,disgust,07,10,10,female,normal,1187
110,3.6703333333333332,True,1.0,0.3700283822901408,0.39641865908366253,0.3832235206869017,0.8496042465196407,-0.04569444444444448,-0.04370370370370369,0.3949229409727596,0.1544230319811861,0.18280590496703839,0.45106121144845585,0.02639027679352174,0.001990740740740793,0.020839872111595988,0.3522606864821499,0.11813621765607282,0.11003151461171715,0.0,0.9999999987499999,0.6003941838766756,0.2612367418039076,0.29814063993111045,0.36107000787384713,disgust,07,10,10,female,normal,1187
120,4.0040000000000004,True,1.0,0.41234439846165283,0.4338047061878303,0.42307455232474156,0.8355075482094352,-0.046666666666666634,-0.04495370370370366,0.397871968750502,0.1734246210420241,0.1835346388292238,0.5063683185525096,0.021460307726177463,0.0017129629629629717,0.019300993212858126,0.37694374916246204,0.11797853136389042,0.11054580119394904,0.0,0.9999999987499999,0.6067418179459284,0.26380676323695773,0.29260951360741194,0.3646412121516888,disgust,07,10,10,female,normal,1187
0,0.0,True,1.0,0.54534468960037,0.5556105758124537,0.5504776327064118,0.7308105197679822,-0.06263888888888886,-0.05902777777777779,0.3543260084299052,0.2996133537971933,0.1792624520635458,0.7532426228363236,0.010265886212083686,0.003611111111111065,0.004263799516888844,0.3733750374070893,0.09948506045167342,0.11453168588270074,0.0,0.9999999987499999,0.6810973277826756,0.2850494753425243,0.26162571650554267,0.390465162878181,disgust,07,10,10,female,strong,1188
10,0.33366666666666667,True,1.0,0.509672846236658,0.5130423105407208,0.5113575783886894,0.6369015164528846,-0.05861111111111106,-0.05611111111111117,0.364774049104906,0.29012135931598415,0.1771561297216669,0.8028832797205588,0.003369464304062819,0.002499999999999891,0.006127682179983849,0.4521541378405074,0.10193775409223944,0.11218455628075459,0.0,0.9999999987499999,0.6800501141394059,0.2865879606488364,0.2671864421774994,0.3884606594936868,disgust,07,10,10,female,strong,1188
20,0.6673333333333333,True,1.0,0.4726658953251972,0.5215534083999498,0.4971096518625735,0.6449091379655246,-0.06898148148148148,-0.06768518518518518,0.378862142255666,0.2400569835534172,0.19031786964211186,0.7708212251896295,0.04888751307475259,0.0012962962962962954,0.0020629183987291018,0.45515429072281643,0.09969130709730739,0.11518223539757548,0.0,0.9999999987499999,0.6791384344440901,0.28701639823494984,0.27345009491874406,0.40394107997318335,disgust,07,10,10,female,strong,1188
30,1.0010000000000001,True,1.0,0.4242485800576557,0.44508116516333907,0.43466487261049735,0.8077965147286613,-0.06398148148148153,-0.061481481481481415,0.4221619953152884,0.3120578683448913,0.18274579676306618,0.5380870858999698,0.020832585105683366,0.0025000000000001132,0.0046300814336412985,0.3861508432952531,0.09980983305213253,0.11639644697277851,0.0,0.9999999987499999,0.6801405281800219,0.28777586890257933,0.2914314063366083,0.41893685645257905,disgust,07,10,10,female,strong,1188
40,1.3346666666666667,True,1.0,0.2776985533161986,0.27869936643235765,0.2781989598742781,0.7781517427076347,-0.049120370370370425,-0.04782407407407413,0.4300941185407899,0.2334105656374439,0.17579212179171338,0.3575124806715268,0.0010008131161590716,0.0012962962962962954,0.020920695063696808,0.3810228397328567,0.10252984637568345,0.11550195570675025,0.0,0.9999999987499999,0.6651488821778709,0.28738454342921416,0.2863168798568103,0.40944998880961925,disgust,07,10,10,female,strong,1188
50,1.6683333333333334,True,1.0,0.29646835491329615,0.299131003677513,0.2977996792954046,0.7970599911028177,-0.04592592592592587,-0.04513888888888884,0.406673441655783,0.2121208040838146,0.17521088019601544,0.37362266657415194,0.002662648764216846,0.0007870370370370305,0.007383668076273265,0.37232532316095424,0.1078514368447652,0.11494277436033037,0.0,0.9999999987499999,0.6330046896258503,0.2673708135258996,0.2953058148978945,0.38322656362311014,disgust,07,10,10,female,strong,1188
60,2.0020000000000002,True,1.0,0.2540836488783821,0.24488606760157194,0.24948485823997701,1.10300455175808,-0.05212962962962964,-0.05166666666666664,0.4005968724089413,0.3178969991211803,0.1729801903900013,0.22618660806278892,0.00919758127681014,0.0004629629629629983,0.008638919707460748,0.29115097080888935,0.10831407288605208,0.11450692303135265,0.0,0.9999999987499999,0.6337364439916592,0.2715429332452421,0.2948661739059717,0.38407385445930264,disgust,07,10,10,female,strong,1188
70,2.3356666666666666,True,1.0,0.31382075625375316,0.31990615919287485,0.31686345772331403,0.906416869949064,-0.0490740740740741,-0.048101851851851896,0.411378994924598,0.223500050124427,0.17800465517998548,0.34957806747475934,0.006085402939121687,0.0009722222222222077,0.0045124799255607815,0.3393177230416955,0.10430978153397397,0.11389706162526322,0.0,0.9999999987499999,0.6599011110928746,0.284722973181106,0.2862510389614676,0.4113307330510445,disgust,07,10,10,female,strong,1188
80,2.6693333333333333,True,1.0,0.34344372080499136,0.32507008335761267,0.334256902081302,0.6447244701148904,-0.048055555555555574,-0.04736111111111102,0.3677988146878446,0.18518681588406366,0.18368298104921627,0.5184492253283595,0.018373637447378688,0.000694444444444553,0.0009948859430336495,0.45677368833373716,0.10431284283478046,0.11422832348118586,0.0,0.9999999987499999,0.6622619033394608,0.28089896322883656,0.27379945098626385,0.38735431400613995,disgust,07,10,10,female,strong,1188
90,3.003,True,1.0,0.3553382541034889,0.3564493495516619,0.3558938018275754,0.7210546691779525,-0.04685185185185181,-0.04532407407407435,0.40776680327083026,0.21982299163419275,0.18435252073155162,0.49357395082583216,0.001111095448173005,0.0015277777777774615,0.006837084505682619,0.4340336640251221,0.10546116541328666,0.11467413476077007,0.0,0.9999999987499999,0.6531566191476591,0.2873818556104855,0.28668867379772695,0.39669815001517567,disgust,07,10,10,female,strong,1188
100,3.336666666666667,True,1.0,0.36832288389022827,0.40093688631476043,0.38462988510249435,0.8689275236521713,-0.0499074074074074,-0.04685185185185181,0.36795588243479915,0.2576049186596544,0.1921262676280201,0.44264898352611093,0.03261400242453216,0.003055555555555589,0.016560337456140883,0.3596387402789797,0.10550572459499638,0.11479921871996154,0.0,0.9999999987499999,0.6432497784348113,0.284748708399778,0.2752274735355469,0.3736957910183168,disgust,07,10,10,female,strong,1188
110,3.6703333333333332,True,1.0,0.3747689300151671,0.40246049242967347,0.3886147112224203,0.8538729565083278,-0.04879629629629634,-0.04587962962962966,0.39666772071920015,0.15235438906602242,0.19029189503717775,0.4551200600280753,0.027691562414506377,0.0029166666666666785,0.02821504882661746,0.36351941855996484,0.10887284351847706,0.11330517182027723,0.0,0.9999999987499999,0.6383806316823604,0.28543847619096635,0.2926429803054541,0.3954934058497102,disgust,07,10,10,female,strong,1188
120,4.0040000000000004,True,1.0,0.3866360042351253,0.42993082103826163,0.40828341263669343,0.7867423504146465,-0.0493055555555556,-0.04662037037037037,0.40361780827699045,0.2024492254402604,0.19112432784083747,0.5189544104515421,0.04329481680313635,0.002685185185185235,0.01761089946895156,0.39716920121346805,0.10625024792837734,0.11658800354002169,0.0,0.9999999987499999,0.6331209397352691,0.2858567195307677,0.27760241315041906,0.38246459742681066,disgust,07,10,10,female,strong,1188
130,4.337666666666666,True,1.0,0.45048132762649984,0.5019180920111814,0.47619970981884063,0.8573964589534755,-0.0521759259259259,-0.04828703703703707,0.38895604635509456,0.23633602678152393,0.18832217203111168,0.5554020020097615,0.05143676438468159,0.0038888888888888307,0.03242760852116484,0.3631793444950683,0.10802468737329451,0.11724333643325445,0.0,0.9999999987499999,0.6364010047222013,0.2851406762447239,0.27696524599595435,0.38281075712480295,disgust,07,10,10,female,strong,1188
0,0.0,True,1.0,0.5389551917906311,0.5698048658396933,0.5543800288151621,0.9530809330743901,-0.059259259259259234,-0.05995370370370373,0.3216489995923598,0.3715231403032746,0.184815128325867,0.5816715134850898,0.030849674049062137,0.0006944444444444975,0.002414316338319765,0.286505685448646,0.10309022153825954,0.11232014170721413,0.0,0.9999999987499999,0.668984835410727,0.28674361135635673,0.25528158330288236,0.3898681083540504,disgust,07,10,10,female,strong,1189
10,0.33366666666666667,True,1.0,0.5731438252857665,0.6160415362962647,0.5945926807910156,0.9110896296167734,-0.0593055555555555,-0.05958333333333338,0.32596351031980175,0.35163150744549554,0.18275957330591067,0.6526171097360814,0.04289771101049822,0.0002777777777778767,0.004221507748473215,0.28831312017323857,0.10237288063034164,0.11314285336884615,0.0,0.9999999987499999,0.66920973011861,0.28733212316475726,0.2561481893106332,0.3895654886825595,disgust,07,10,10,female,strong,1189
20,0.6673333333333333,True,1.0,0.5567349987990842,0.5686401671603667,0.5626875829797254,1.0128450962677116,-0.056574074074074054,-0.05601851851851852,0.32979902518593696,0.40349313509042184,0.17999849379004806,0.5555514708549252,0.011905168361282525,0.0005555555555555314,0.00934788885502216,0.3004112603588076,0.10108888482420737,0.11479050990566977,0.0,0.9999999987499999,0.6653809643779387,0.2904776245929965,0.25474538289997367,0.38921776385217105,disgust,07,10,10,female,strong,1189
30,1.0010000000000001,True,1.0,0.3856351483603386,0.4180189121422174,0.401827030251278,1.0027701260243627,-0.04833333333333345,-0.04884259259259249,0.3933709929456924,0.34301535950594275,0.16960691018234497,0.4007169936786843,0.03238376378187885,0.0005092592592590428,0.0070922723782343815,0.31331718128328573,0.11484325733358636,0.11194280167245231,0.0,0.9999999987499999,0.6272836314916592,0.2728182872389699,0.29630486226158137,0.36234514088657815,disgust,07,10,10,female,strong,1189
40,1.3346666666666667,True,1.0,0.3302903453150424,0.36874930253698907,0.34951982392601577,0.9069323545826996,-0.046157407407407425,-0.04476851851851854,0.41655919415249665,0.2818111156060868,0.16968246446591664,0.38538687274734823,0.038458957221946644,0.001388888888888884,0.016063293659984247,0.34621540435774484,0.10225032434199093,0.11409164240624291,0.0,0.9999999987499999,0.6651753932119723,0.28675191675322803,0.27773488674198765,0.40747694979840227,disgust,07,10,10,female,strong,1189
50,1.6683333333333334,True,1.0,0.3090214032931847,0.3152055889672035,0.3121134961301941,0.9300440750290098,-0.04578703703703707,-0.044490740740740775,0.40230141802419456,0.28662338621533956,0.17111222986513383,0.3355900053666368,0.006184185674018794,0.0012962962962962954,0.011153942902031817,0.340105869904895,0.10166875015400315,0.11527320906122034,0.0,0.9999999987499999,0.6662207331604516,0.2836446181618254,0.2796014575415264,0.4111560910256999,disgust,07,10,10,female,strong,1189
60,2.0020000000000002,True,1.0,0.37486537119584984,0.3826254164388479,0.37874539381734884,1.1102820336673458,-0.05384259259259261,-0.05115740740740732,0.38616841293770293,0.38532473917098786,0.17300312378010296,0.34112539186671703,0.007760045242998059,0.0026851851851852904,0.007726217453330813,0.2781839623052169,0.10085210000526479,0.1151641509833291,0.0,0.9999999987499999,0.6853678666232119,0.28295539849235923,0.2837352369231492,0.41683453853199337,disgust,07,10,10,female,strong,1189
70,2.3356666666666666,True,1.0,0.31994960752521084,0.34443828139258786,0.3321939444588994,0.9785420249713319,-0.04990740740740751,-0.048194444444444484,0.4190996825563937,0.2657512156557015,0.1738236762938153,0.33947846488108835,0.02448867386737702,0.0017129629629630272,0.002085148915062288,0.3057753707055932,0.10138333480405523,0.11453053402467629,0.0,0.9999999987499999,0.6845640343481144,0.28538347715177265,0.2908600869824591,0.41150582094494315,disgust,07,10,10,female,strong,1189
80,2.6693333333333333,True,1.0,0.3749274884055552,0.3973988778332313,0.38616318311939324,0.9330789650340748,-0.05175925925925934,-0.04995370370370372,0.38619780052679165,0.28509876114722843,0.17372357468471164,0.413859059726302,0.022471389427676125,0.0018055555555556158,0.006292150547641824,0.304994584045438,0.100872549865642,0.11431595117653048,0.0,0.9999999987499999,0.68027907011242,0.28608004282524974,0.27964694684459723,0.3947335194382993,disgust,07,10,10,female,strong,1189
90,3.003,True,1.0,0.34694963395037787,0.366743009085611,0.35684632151799445,0.7424527476635291,-0.049907407407407345,-0.048611111111111216,0.3976525806584556,0.2579591465909911,0.17856838012461468,0.48063169358720326,0.01979337513523316,0.0012962962962961289,0.007862897390603809,0.40076406715304796,0.1047157688004504,0.1133559658211491,0.0,0.9999999987499999,0.6670968276607518,0.2817423478123478,0.27816491718687836,0.39565840376276384,disgust,07,10,10,female,strong,1189
100,3.336666666666667,True,1.0,0.3743389380523137,0.3968966897625899,0.3856178139074518,0.816960248211284,-0.04800925925925931,-0.04620370370370369,0.3763600368021346,0.2544197638693829,0.18135772660683627,0.4720153945699969,0.022557751710276186,0.0018055555555556158,0.01174290272724716,0.3610612149836563,0.1046236383951508,0.11360882650315159,0.0,0.9999999987499999,0.6638800477534764,0.28108661971375776,0.27852996784856965,0.3958143524517725,disgust,07,10,10,female,strong,1189
110,3.6703333333333332,True,1.0,0.33276784421626004,0.3641203486481629,0.34844409643221147,0.7105040504943699,-0.04685185185185181,-0.045740740740740804,0.41655810019563105,0.16852526393310124,0.18066369624796044,0.4904181702972185,0.03135250443190285,0.0011111111111110072,0.007988786705097947,0.42068688754299005,0.10453613084842109,0.11368935094329768,0.0,0.9999999987499999,0.6640840710815576,0.28234798001438227,0.280265165868795,0.39928028041601027,disgust,07,10,10,female,strong,1189
120,4.0040000000000004,True,1.0,0.34523528935800335,0.3925330880285854,0.36888418869329437,0.7403697455930516,-0.0475000000000001,-0.0462037037037038,0.4132947167094294,0.1880547938625068,0.1785957222481236,0.4982431965771514,0.047297798670582036,0.0012962962962962954,0.006770896498338804,0.3994018952156418,0.10617336542631935,0.11267031324844945,0.0,0.9999999987499999,0.6637035062071703,0.28243002835866327,0.28279259480801683,0.3977685178031744,disgust,07,10,10,female,strong,1189
130,4.337666666666666,True,1.0,0.3779442233181106,0.39519194413314573,0.3865680837256282,0.7927754519699359,-0.04870370370370364,-0.045231481481481595,0.40588966108229085,0.21674105477318695,0.1779017598901021,0.4876135894029774,0.017247720815035117,0.0034722222222220434,0.00925203171057939,0.37040379364943127,0.1055146663592174,0.11295056574222719,0.0,0.9999999987499999,0.6626203190494949,0.28239011960600047,0.2805664547865707,0.40466836345816937,disgust,07,10,10,female,strong,1189
0,0.0,True,1.0,0.658378150373487,0.7281778475778212,0.6932779989756541,0.5362515691744483,-0.06069444444444455,-0.05898148148148147,0.3841719175811379,0.17412687465330448,0.19316973218197206,1.292822322259953,0.06979969720433421,0.0017129629629630827,0.020483843649178924,0.48354149751809705,0.10405738570860235,0.11244595223669006,0.0,0.9999999987499999,0.6652379349317853,0.28338588113384205,0.2672367953667746,0.38986799707445735,disgust,07,10,10,female,strong,1190
10,0.33366666666666667,True,1.0,0.6317671613108955,0.679422833028168,0.6555949971695317,0.5283914092266153,-0.0590277777777779,-0.05537037037037018,0.3900675104983718,0.19797068413516683,0.1918103108271991,1.240737426312625,0.047655671717272474,0.00365740740740772,0.018466686634545572,0.5530500145846873,0.10491804078320505,0.11350497714206385,0.0,0.9999999987499999,0.6637698737229266,0.2847593279681964,0.26869301266510864,0.3866139459349618,disgust,07,10,10,female,strong,1190
20,0.6673333333333333,True,1.0,0.40744681804648636,0.471866308196655,0.43965656312157064,0.5619541058643084,-0.047962962962963096,-0.04629629629629628,0.40496177170517106,0.17219274822056616,0.18143553609964508,0.7823709419212462,0.06441949015016862,0.0016666666666668162,0.016682210621216685,0.5405372390594919,0.10326277502682113,0.11384747155363828,0.0,0.9999999987499999,0.6659240483693477,0.2867382482760728,0.2672225124079163,0.381436529373918,disgust,07,10,10,female,strong,1190
30,1.0010000000000001,True,1.0,0.2896477017987392,0.3234585625916177,0.30655313219517843,0.9158755199405442,-0.04546296296296304,-0.041712962962962896,0.41157428856917244,0.25979056154916375,0.1746011916098895,0.334710477047229,0.03381086079287848,0.003750000000000142,0.01415940262003301,0.3669406312573048,0.10370870685608252,0.11327333163705813,0.0,0.9999999987499999,0.6647750625015632,0.2896394741726631,0.2861432728644731,0.40235014007867714,disgust,07,10,10,female,strong,1190
40,1.3346666666666667,True,1.0,0.28569402398980237,0.29993154616613005,0.2928127850779662,0.9443491554828178,-0.044027777777777666,-0.04356481481481478,0.40794148565881744,0.2360291130607278,0.1761112567995942,0.31006835064967014,0.014237522176327677,0.0004629629629628873,0.014775707143267354,0.33530758889775586,0.10315430675353048,0.11394576114861342,0.0,0.9999999987499999,0.6600688235215961,0.28904544848694247,0.2761651700925638,0.39405642364263577,disgust,07,10,10,female,strong,1190
50,1.6683333333333334,True,1.0,0.27182613647963766,0.2882153314871236,0.2800207339833806,0.8128820121798659,-0.04342592592592587,-0.04064814814814821,0.41601679336151903,0.1880547938625066,0.18096117153927233,0.34447894010160557,0.016389195007485924,0.002777777777777657,0.000492685841452851,0.38734596389423553,0.10379648241815306,0.11436503577627158,0.0,0.9999999987499999,0.6601918913971839,0.2820536619675632,0.2781775674957112,0.3951479010253292,disgust,07,10,10,female,strong,1190
60,2.0020000000000002,True,1.0,0.27056616554412366,0.2837013989623377,0.2771337822532307,0.9093330832258,-0.04300925925925936,-0.03990740740740739,0.4295980099689198,0.18068201277604395,0.1807789468829707,0.30476597339900646,0.013135233418214043,0.0031018518518519667,0.01353816916098133,0.332685649346059,0.11592119758114344,0.11219301285464843,0.0,0.9999999987499999,0.6038460569227692,0.266268250323506,0.31374757048830904,0.3806784728219057,disgust,07,10,10,female,strong,1190
70,2.3356666666666666,True,1.0,0.31415096640254275,0.3365096830047554,0.3253303247036491,0.6908449148592408,-0.04212962962962974,-0.03800925925925902,0.3900273042409527,0.14335061641749056,0.18135772660683627,0.47091658012701,0.02235871660221267,0.004120370370370718,0.01441391722218558,0.44724840508023217,0.10577933453733045,0.11354482480895403,0.0,0.9999999987499999,0.6545127322960435,0.2835939711770901,0.2763022910698723,0.3822560436194155,disgust,07,10,10,female,strong,1190
80,2.6693333333333333,True,1.0,0.32002333866612714,0.3162072677179507,0.31811530319203896,0.7389903701404809,-0.041157407407407365,-0.037407407407407334,0.40620901104586316,0.2101904832245814,0.18214728491871637,0.4304728668271628,0.003816070948176431,0.003750000000000031,0.012784427031027007,0.466704848427531,0.10329693294355607,0.11481643965347248,0.0,0.9999999987499999,0.6542540045002375,0.28653444308525705,0.2797710010871157,0.39164933187533285,disgust,07,10,10,female,strong,1190
90,3.003,True,1.0,0.3081065431009005,0.3311581296549886,0.3196323363779445,0.862658669609259,-0.042037037037036984,-0.03828703703703684,0.37505112714917643,0.24920831324900516,0.18209575803052955,0.37052005345604644,0.023051586554088066,0.003750000000000142,0.013005381317458728,0.38059044439503964,0.11724155055626072,0.11046812712227845,0.0,0.9999999987499999,0.6096309165931998,0.2624418138245881,0.30306494241532234,0.36274127848691956,disgust,07,10,10,female,strong,1190
100,3.336666666666667,True,1.0,0.23699099735826606,0.2744546774864469,0.25572283742235646,0.7735355062869167,-0.041018518518518454,-0.03805555555555551,0.4031035803918222,0.16836876559830138,0.17999849379004795,0.3305896566401501,0.037463680128180854,0.002962962962962945,0.02111131303731459,0.4093869289300786,0.11745646721791006,0.11023958724320207,0.0,0.9999999987499999,0.6069416637514381,0.26205513036584593,0.3038671962265835,0.3633259938158299,disgust,07,10,10,female,strong,1190
110,3.6703333333333332,True,1.0,0.3030824780785448,0.3454439541048809,0.3242632160917128,0.7735135233024099,-0.04398148148148151,-0.040740740740740744,0.41341242247960064,0.177917458676142,0.17791676915953553,0.41920820557514693,0.04236147602633605,0.0032407407407407662,0.018766777300150705,0.41167689305590766,0.11585817355283927,0.11191814824929977,0.0,0.9999999987499999,0.6111322724949355,0.2628750826230592,0.2931873444742752,0.3594009624869845,disgust,07,10,10,female,strong,1190
120,4.0040000000000004,True,1.0,0.31206767481192654,0.3259716413284192,0.31901965807017285,0.7557326503044618,-0.043888888888888755,-0.0414351851851853,0.4205865275295254,0.1858157563054693,0.17798536684420846,0.42213295659734895,0.013903966516492672,0.002453703703703458,0.02709760545618656,0.402781133304714,0.10516353086319333,0.11327756571692098,0.0,0.9999999987499999,0.6619048977325305,0.2888687771877995,0.28279003513935563,0.39831987082099213,disgust,07,10,10,female,strong,1190
0,0.0,True,1.0,0.5245996706788956,0.5332294961690407,0.5289145834239681,1.131518337098038,-0.06106481481481485,-0.05902777777777779,0.32716758275125307,0.47930911289058653,0.1765138465499164,0.46743792485100616,0.008629825490145127,0.0020370370370370594,0.011693250530101973,0.27378165144085104,0.11200152883308237,0.11107445833278226,0.0,0.9999999987499999,0.6397966185145934,0.269329264188939,0.2781165081395099,0.36912376510896144,disgust,07,10,10,female,strong,1191
10,0.33366666666666667,True,1.0,0.49544338524377446,0.5667836229948364,0.5311135041193055,1.086220088410104,-0.061435185185185204,-0.05879629629629629,0.3362208906126526,0.4589086299189581,0.1758198956575524,0.488955700402019,0.07134023775106196,0.002638888888888913,0.010118471289190776,0.2776113565055327,0.09945107132344147,0.11355899370739132,0.0,0.9999999987499999,0.6848120576042918,0.2845422684569314,0.26784832952836085,0.4034315345377579,disgust,07,10,10,female,strong,1191
20,0.6673333333333333,True,1.0,0.3985986507063225,0.44440560718381444,0.42150212894506844,0.7922269803934479,-0.06800925925925927,-0.06458333333333333,0.3937614602740331,0.305085479759315,0.18692354984541243,0.5320471776103051,0.045806956477491945,0.0034259259259259434,0.009728186197919155,0.3609845106097383,0.09950056995319874,0.11401802077285979,0.0,0.9999999987499999,0.6837616914343864,0.28514604467692967,0.2797688969397405,0.42030341249417824,disgust,07,10,10,female,strong,1191
30,1.0010000000000001,True,1.0,0.28984381271809606,0.30131826741996254,0.2955810400690293,0.8782815959173326,-0.06537037037037041,-0.0641666666666666,0.37279679127029614,0.35801503184480893,0.18004807843986853,0.3365447271615727,0.011474454701866477,0.0012037037037038179,0.018493169802073994,0.3388489352747767,0.09938976327655397,0.1149463665146933,0.0,0.9999999987499999,0.6931180969262706,0.28227965524313503,0.28351310143815983,0.42909592788725914,disgust,07,10,10,female,strong,1191
40,1.3346666666666667,True,1.0,0.3268303181603426,0.3431185560634459,0.33497443711189423,1.190388827422428,-0.05884259259259256,-0.057083333333333264,0.38444097964844937,0.3727001776035978,0.1794542946226334,0.28139917764283867,0.016288237903103298,0.0017592592592592937,0.014572008542949351,0.2677515364976391,0.09885120654747201,0.11688612711046431,0.0,0.9999999987499999,0.6749278951111696,0.28951475261915566,0.2837441080161236,0.40542374550983773,disgust,07,10,10,female,strong,1191
50,1.6683333333333334,True,1.0,0.2580578197027883,0.28559063013203523,0.27182422491741176,0.7824551988581824,-0.04814814814814811,-0.04546296296296304,0.4426254056420212,0.15304329824785362,0.17945429462263351,0.3473990911097251,0.027532810429246934,0.0026851851851850683,0.014031603622727115,0.377399216518084,0.10583918752841509,0.11382429061609661,0.0,0.9999999987499999,0.6600222977159614,0.28649488964701647,0.2923321453438523,0.40983681607141503,disgust,07,10,10,female,strong,1191
60,2.0020000000000002,True,1.0,0.3682565008254751,0.36029612273022543,0.36427631177785025,0.745654255819195,-0.04995370370370367,-0.04865740740740743,0.4459376039372886,0.2146502477212888,0.1781139162947549,0.488532465194136,0.007960378095249687,0.0012962962962962399,0.0057892792261022875,0.4008400752520464,0.1109466952156912,0.11110393733214742,0.0,0.9999999987499999,0.6412285393766882,0.2717031369956068,0.29538310995406963,0.3702196125192977,disgust,07,10,10,female,strong,1191
70,2.3356666666666666,True,1.0,0.290681538420814,0.3309650940576644,0.3108233162392392,0.845693821621913,-0.053009259259259256,-0.05124999999999996,0.4481253768722633,0.17243452821902389,0.18421051613193204,0.367536463306693,0.04028355563685038,0.0017592592592592937,0.017517277317592398,0.34139190177543716,0.10354720083827655,0.11689526780214461,0.0,0.9999999987499999,0.6619365218978216,0.2850252089098229,0.2935053340839101,0.42591142375196905,disgust,07,10,10,female,strong,1191
80,2.6693333333333333,True,1.0,0.32384295173177446,0.36928972796579584,0.34656633984878515,0.538752614346186,-0.04759259259259263,-0.045833333333333504,0.3752661720873684,0.14792313474386543,0.18922827157085864,0.6432754674784598,0.04544677623402138,0.0017592592592591272,0.02796386540271359,0.5805024383040195,0.10604455021669965,0.1134652024744224,0.0,0.9999999987499999,0.65100955496261,0.28249055365323167,0.27998417580198937,0.3837596298348855,disgust,07,10,10,female,strong,1191
90,3.003,True,1.0,0.3310337994957016,0.37249661654381927,0.3517652080197604,0.782075719493724,-0.048981481481481515,-0.045648148148148215,0.41002778520412797,0.17097343793770647,0.18989857604528734,0.4497840800472303,0.04146281704811766,0.0033333333333332993,0.0302854599587087,0.38930878899800614,0.10413610140810305,0.1152192309763184,0.0,0.9999999987499999,0.6512373439610218,0.2845675324753043,0.2858427486654762,0.3958946654482743,disgust,07,10,10,female,strong,1191
100,3.336666666666667,True,1.0,0.39364750045238633,0.4362788295713346,0.4149631650118605,0.9533431647823198,-0.052453703703703725,-0.05004629629629631,0.3474841957903499,0.29584567032344655,0.19128517602455195,0.43527155838643944,0.04263132911894829,0.0024074074074074137,0.027212987777234156,0.3041140027110736,0.10513491797135689,0.11414177096525904,0.0,0.9999999987499999,0.6546774661505228,0.2868392717957252,0.27415295739257906,0.37503779486639965,disgust,07,10,10,female,strong,1191
110,3.6703333333333332,True,1.0,0.33462111892068364,0.3477557827831124,0.34118845085189803,0.8128323423594432,-0.045925925925925815,-0.043055555555555514,0.4078344272518928,0.16611040757309048,0.18987647787454717,0.41975255298222475,0.013134663862428786,0.002870370370370301,0.025772955661513174,0.3711180157925463,0.105579822571965,0.114231815902128,0.0,0.9999999987499999,0.6489452414168793,0.2855197654323116,0.28413395639727046,0.39065901693994076,disgust,07,10,10,female,strong,1191
120,4.0040000000000004,True,1.0,0.2998023261661371,0.3201974852590048,0.30999990571257097,0.7263585670227878,-0.04828703703703707,-0.04513888888888884,0.44113868212957713,0.13027124086479414,0.18714871627247498,0.4267863281123047,0.02039515909286771,0.003148148148148233,0.027471864747749836,0.410998897416653,0.10481595557345579,0.1139341848204016,0.0,0.9999999987499999,0.650781687761042,0.2849410862297074,0.2846716832768029,0.3978758774150458,disgust,07,10,10,female,strong,1191
130,4.337666666666666,True,1.0,0.35100709365294885,0.3921239694330766,0.37156553154301275,0.7385184885034797,-0.04902777777777784,-0.046666666666666634,0.4286298515280378,0.14972846451720087,0.18450640800630658,0.5031228565393756,0.04111687578012774,0.0023611111111112026,0.03163265433440426,0.4142408885310621,0.10570422018433372,0.11394964057089027,0.0,0.9999999987499999,0.6513247575670894,0.29019448622003624,0.286257933885929,0.39616791838009874,disgust,07,10,10,female,strong,1191
140,4.671333333333333,True,1.0,0.38122412161759095,0.41540119517000823,0.3983126583937996,0.7594995258801959,-0.05222222222222228,-0.04828703703703696,0.42323174271431263,0.18086777920807787,0.18309323293737131,0.5244409572635201,0.03417707355241728,0.003935185185185319,0.0275690490296379,0.39641371306110895,0.10667848955339165,0.11337464669384396,0.0,0.9999999987499999,0.6554149281118699,0.2892187441323284,0.2888160875562392,0.40058239691333125,disgust,07,10,10,female,strong,1191
0,0.0,True,1.0,0.7057336657100477,0.7032949818409396,0.7045143237754936,0.6457782701985594,-0.09995370370370377,-0.09060185185185188,0.3493696488038438,0.2794881083614956,0.2218375203357696,1.0909539021170138,0.0024386838691080603,0.009351851851851889,0.02942633430192445,0.38040462044552464,0.10060412138485987,0.1132139001618125,0.0,0.9999999987499999,0.6808036829106644,0.2864011398737443,0.27467347764452205,0.40809699832466567,surprised,08,10,10,female,normal,1192
10,0.33366666666666667,True,1.0,0.6765934001111858,0.7188652928939959,0.6977293465025909,0.6394290230039416,-0.09476851851851853,-0.08763888888888888,0.3545406396599156,0.2980279083933967,0.2141886626461333,1.0911755979182227,0.04227189278281007,0.007129629629629652,0.032464657379353626,0.36811942988356255,0.10128639266937231,0.11311036615692761,0.0,0.9999999987499999,0.6800246551433072,0.2847813787758605,0.27401368777346197,0.4068532307782551,surprised,08,10,10,female,normal,1192
20,0.6673333333333333,True,1.0,0.7838523288815954,0.7921275505857729,0.7879899397336841,1.1296286999508003,-0.08587962962962958,-0.07814814814814808,0.3262951205756129,0.4883611230015962,0.20254528821260384,0.697565438774709,0.008275221704177493,0.007731481481481506,0.030227567376436226,0.21449121401736154,0.0999546826988976,0.1146218023493857,0.0,0.9999999987499999,0.6858777031828357,0.2830052519940257,0.27219119029244865,0.40644408232863777,surprised,08,10,10,female,normal,1192
30,1.0010000000000001,True,1.0,0.7630027351835384,0.7796390332829948,0.7713208842332666,0.909443314731087,-0.07250000000000006,-0.06819444444444445,0.3769306957703741,0.296311551597919,0.18989597697750604,0.8481242005295715,0.016636298099456326,0.004305555555555618,0.0257651090026637,0.2722863854632292,0.1015751552847804,0.11352441099211166,0.0,0.9999999987499999,0.6828826513496022,0.2811642678096379,0.2754920421810848,0.4112933998974505,surprised,08,10,10,female,normal,1192
40,1.3346666666666667,True,1.0,0.3885063979572598,0.42311199587462445,0.4058091969159421,1.205513398192364,-0.0829629629629629,-0.07523148148148145,0.33306126803278135,0.4910285396994823,0.19154823563415124,0.3366276953242016,0.03460559791736467,0.00773148148148145,0.02400449131447414,0.23044299874733226,0.10178424343960354,0.11249334252476319,0.0,0.9999999987499999,0.6832114979116647,0.2836920917131864,0.2652900891400424,0.3840703038712252,surprised,08,10,10,female,normal,1192
50,1.6683333333333334,True,1.0,0.6056255031163666,0.6282108019242465,0.6169181525203066,0.5463296036121584,-0.06958333333333333,-0.06518518518518512,0.35929223330262583,0.10488897396265762,0.19625713402914824,1.1292050594392817,0.02258529880787985,0.0043981481481482065,0.021093420426687187,0.42994566918802385,0.10534334981013806,0.11361454841603146,0.0,0.9999999987499999,0.6644440792801495,0.28052675830675683,0.26670313151556596,0.4052683305784241,surprised,08,10,10,female,normal,1192
60,2.0020000000000002,True,1.0,0.682332294849781,0.7384885127599226,0.7104104038048518,0.9653386608289961,-0.06671296296296292,-0.060462962962962885,0.3135931012249788,0.31628939285448365,0.20064022588738445,0.7359183182353625,0.05615621791014158,0.006250000000000033,0.022529556156491905,0.25361378252217964,0.10554020842956512,0.11359953922915672,0.0,0.9999999987499999,0.6649456152539142,0.2800914666556357,0.26785751245549777,0.3918505126690243,surprised,08,10,10,female,normal,1192
70,2.3356666666666666,True,1.0,0.7043647058868441,0.71543300043944,0.709898853163142,0.9401346423702964,-0.0671296296296296,-0.06125000000000003,0.3546515759300904,0.3224488159839704,0.19856360993038252,0.7551033875034359,0.011068294552595948,0.005879629629629568,0.013808648669197265,0.2749681255341016,0.10759679780562947,0.11199432086433857,0.0,0.9999999987499999,0.6610298941607894,0.2806530612878563,0.2712426582014952,0.3946194558605225,surprised,08,10,10,female,normal,1192
80,2.6693333333333333,True,1.0,0.7062664167913153,0.7128028841187878,0.7095346504550515,0.8720770970931191,-0.06824074074074066,-0.06370370370370382,0.3524362327317372,0.27400053948413067,0.19772293454357184,0.8136145907513592,0.006536467327472484,0.00453703703703684,0.020347904025859592,0.30595288743952936,0.10608003553825296,0.11309560985677554,0.0,0.9999999987499999,0.6672404092965312,0.27937212264107003,0.26766469411191507,0.3944451435145297,surprised,08,10,10,female,normal,1192
90,3.003,True,1.0,0.3266614323590987,0.3530858552082008,0.33987364378364976,0.7906163697547048,-0.08666666666666667,-0.07680555555555557,0.36209789947417076,0.2384471401234505,0.1996730864142668,0.42988440005245315,0.02642442284910207,0.009861111111111098,0.018567685229058255,0.32405875878796886,0.10544885314891289,0.11233565194432023,0.0,0.9999999987499999,0.6665798582089086,0.28122488606843193,0.26217190430594806,0.38871417705266065,surprised,08,10,10,female,normal,1192
0,0.0,True,1.0,0.6482369610753598,0.6795954845766664,0.6639162228260131,0.6842771102449466,-0.07981481481481478,-0.0736574074074074,0.34337075243059195,0.37123014439226854,0.18839055565185742,0.9702446755647796,0.031358523501306634,0.006157407407407389,0.009046131780880548,0.3357571058744364,0.10140694308209411,0.11350696898927766,0.0,0.9999999987499999,0.6942687691013906,0.27833109800039196,0.2624683981004563,0.41330819359529397,surprised,08,10,10,female,normal,1193
10,0.33366666666666667,True,1.0,0.6601711026816501,0.6425848780355176,0.6513779903585839,0.6891297383509825,-0.08226851851851846,-0.07527777777777772,0.3422963135370959,0.38830167149860473,0.18567365916957204,0.9452182283081635,0.017586224646132576,0.006990740740740742,0.016845899180675184,0.3116959281957742,0.09904267054166607,0.11290742387359055,0.0,0.9999999987499999,0.7027843534366871,0.28381447106293256,0.25806726870846824,0.3937467822524978,surprised,08,10,10,female,normal,1193
20,0.6673333333333333,True,1.0,0.6936692363491049,0.7054673721340394,0.6995683042415721,0.7175705512078334,-0.09986111111111112,-0.09231481481481474,0.3390813717749087,0.39516175075470555,0.20517407551075895,0.9749122271866377,0.011798135784934494,0.007546296296296384,0.027931054257763373,0.3124396965630292,0.09895598722228999,0.11399067168710854,0.0,0.9999999987499999,0.7001286740790066,0.28507405437833916,0.26417457793560295,0.39512852408235255,surprised,08,10,10,female,normal,1193
30,1.0010000000000001,True,1.0,0.3320493926673342,0.33856637828268443,0.33530788547500934,1.005159819031768,-0.10731481481481481,-0.11115740740740737,0.3998190992581281,0.3956252368026703,0.20866266287800567,0.3335866387874503,0.006516985615350246,0.003842592592592564,0.021457230851812684,0.28224731600012115,0.0990951846062279,0.1148691808645686,0.0,0.9999999987499999,0.6862271599342862,0.2791090367669331,0.28437665115917143,0.4047788224603576,surprised,08,10,10,female,normal,1193
40,1.3346666666666667,True,1.0,0.7365235812076505,0.7387159436824616,0.737619762445056,0.9909461209760108,-0.10259259259259262,-0.09490740740740733,0.3513959019714493,0.3608826664662241,0.23449805475881338,0.7443590996840005,0.002192362474811138,0.007685185185185295,0.02174549070614222,0.26548596007241904,0.09951060699493228,0.11697855629399218,0.0,0.9999999987499999,0.6711562531965911,0.291359643384046,0.2922803056772447,0.41130884021206215,surprised,08,10,10,female,normal,1193
50,1.6683333333333334,True,1.0,0.7274389101513048,0.7549791275572291,0.7412090188542669,1.0305648177972968,-0.09120370370370368,-0.08240740740740748,0.3463234551422134,0.24332780420213984,0.23418551046268313,0.719226006995376,0.027540217405924272,0.008796296296296191,0.011531036749510969,0.24377528606181842,0.10537970757212897,0.11408293490043128,0.0,0.9999999987499999,0.6534426181410065,0.2884485687917786,0.2913101820848679,0.39921516762742804,surprised,08,10,10,female,normal,1193
60,2.0020000000000002,True,1.0,0.7296042464062842,0.7138613846140787,0.7217328155101814,0.7988545058160701,-0.06259259259259242,-0.058935185185185035,0.3514045352956416,0.2353767740350914,0.20586746424767732,0.9034596541117271,0.01574286179220552,0.003657407407407387,0.008533951545331703,0.3333916645523469,0.10696427104700099,0.11225967944006743,0.0,0.9999999987499999,0.6530247896267882,0.28767784675983465,0.27205832781429956,0.3770580514866731,surprised,08,10,10,female,normal,1193
70,2.3356666666666666,True,1.0,0.7291495157137728,0.769494792285565,0.749322153999669,0.9906335163950593,-0.06199074074074068,-0.05986111111111103,0.3270239935278633,0.2666690854448516,0.20575180537213686,0.7564070280263396,0.04034527657179221,0.002129629629629648,0.006920149665780036,0.263646550214805,0.08985386748701636,0.11384050926120712,0.0,0.9999999987499999,0.6994034253467011,0.3016235402899536,0.245395134597309,0.3964916266631875,surprised,08,10,10,female,normal,1193
80,2.6693333333333333,True,1.0,0.7414688100958133,0.7754742148771403,0.7584715124864768,0.9595042516864118,-0.06541666666666662,-0.061435185185185315,0.337121370591769,0.2951326342793147,0.20644558966987073,0.7904827009920982,0.034005404781326964,0.003981481481481308,0.0027751574589720326,0.2699370555119476,0.10851672205161814,0.11212735404202454,0.0,0.9999999987499999,0.6557801620726414,0.28665291793405673,0.2733282057267438,0.3837591903369105,surprised,08,10,10,female,normal,1193
90,3.003,True,1.0,0.757922355293642,0.7600720539828698,0.7589972046382559,0.9150617696931531,-0.06601851851851848,-0.06319444444444444,0.337801718022364,0.2803760025653491,0.20575180537213697,0.8294491473431022,0.0021496986892277636,0.0028240740740740344,0.00579543455727695,0.27403723301049326,0.10818539352818642,0.11176729094873857,0.0,0.9999999987499999,0.6561577495529463,0.28496115424357615,0.2718813501107389,0.382692732892651,surprised,08,10,10,female,normal,1193
100,3.336666666666667,True,1.0,0.45744088580337,0.47469467211539884,0.46606777895938445,0.8782915703938176,-0.07550925925925922,-0.0701851851851853,0.3416489208004201,0.2927124079664489,0.20922077066308842,0.5306526837669683,0.01725378631202884,0.005324074074073926,0.006743407146998972,0.30408467882709883,0.1071293004659348,0.11277996134229479,0.0,0.9999999987499999,0.6602880670783938,0.2820348061063688,0.26849244658262444,0.3873794187401578,surprised,08,10,10,female,normal,1193
0,0.0,True,1.0,0.6383819144652124,0.6511928483921592,0.6447873814286857,0.7280513170074244,-0.07583333333333331,-0.07490740740740731,0.3314516512787869,0.34883397102709535,0.19653398903121463,0.8856345237846887,0.012810933926946766,0.0009259259259259967,0.019751256597137782,0.3170696085901345,0.10192140240492813,0.1133818139795999,0.0,0.9999999987499999,0.6839003518282313,0.28222552547562285,0.2701742762971437,0.41028208837312774,surprised,08,10,10,female,normal,1194
10,0.33366666666666667,True,1.0,0.729201334887944,0.6863477323081788,0.7077745335980614,0.7893500115760769,-0.0860185185185186,-0.08134259259259258,0.33266364142111965,0.3718835367349296,0.2048745177169223,0.8966548720064809,0.042853602579765226,0.004675925925926028,0.008097196167925218,0.30347674694644217,0.10000531334956994,0.11524083156039686,0.0,0.9999999987499999,0.6854752916479091,0.2817141787085201,0.26873961080609715,0.40961215588922334,surprised,08,10,10,female,normal,1194
20,0.6673333333333333,True,1.0,0.7618847992070447,0.7606359954534008,0.7612603973302228,0.9706684411188703,-0.0985185185185185,-0.09944444444444439,0.33108079736057766,0.45500083177447115,0.22223458149767156,0.7842640855334011,0.00124880375364389,0.0009259259259258856,0.006378818603322347,0.24609375000000033,0.09995647575882956,0.11724957262814518,0.0,0.9999999987499999,0.6777584484809548,0.28651526286746937,0.29418589217954394,0.4243843996453571,surprised,08,10,10,female,normal,1194
30,1.0010000000000001,True,1.0,0.8876232982214323,0.8966337275758026,0.8921285128986174,1.7081735434890766,-0.10162037037037042,-0.09856481481481483,0.2889188675467152,0.6797385620915034,0.2375260188256028,0.5222704193605386,0.009010429354370353,0.003055555555555589,0.00496919722105832,0.1724845910199367,0.10010958246407695,0.11776776561002182,0.0,0.9999999987499999,0.6640689232646183,0.29243186495447826,0.30770514123897186,0.4255767310065068,surprised,08,10,10,female,normal,1194
40,1.3346666666666667,True,1.0,0.6396549073157051,0.65359037266674,0.6466226399912225,0.984826052123509,-0.09300925925925929,-0.09824074074074063,0.3512942070131348,0.3780293643593906,0.23889687300555756,0.6565856362115492,0.013935465351034959,0.005231481481481337,0.011635094500949975,0.28554214778374787,0.10214974353372973,0.11892214288955047,0.0,0.9999999987499999,0.6484694026829482,0.2879023013794856,0.3061469906671655,0.4231106355227551,surprised,08,10,10,female,normal,1194
50,1.6683333333333334,True,1.0,0.7499978395929283,0.7613358545311121,0.7556668470620203,1.0193655820989764,-0.07361111111111118,-0.07199074074074074,0.3810853727656371,0.20907888652313678,0.21181456055111778,0.7413109293978968,0.01133801493818376,0.0016203703703704386,0.022110145047860446,0.2671069647880765,0.10521232643890657,0.11506817503826876,0.0,0.9999999987499999,0.6580190597723464,0.2811273773818474,0.2855942855286647,0.40568685564338064,surprised,08,10,10,female,normal,1194
60,2.0020000000000002,True,1.0,0.7350447790543219,0.7156629245298555,0.7253538517920887,0.7799656394508089,-0.06324074074074071,-0.06152777777777774,0.37734726485498366,0.2179675438416766,0.20634467524023967,0.9299818031763891,0.01938185452446639,0.0017129629629629717,0.007932826507075788,0.3446397490789652,0.10652971334297248,0.11451704897731285,0.0,0.9999999987499999,0.6476906525422669,0.27959261504642197,0.27026579969952425,0.38729553600422323,surprised,08,10,10,female,normal,1194
70,2.3356666666666666,True,1.0,0.7425699095682238,0.7181768341703161,0.73037337186927,0.9398164669715261,-0.060092592592592586,-0.059814814814814654,0.31442280213005835,0.2349437922913603,0.2111472472556306,0.7771446846668184,0.024393075397907693,0.0002777777777779322,0.01659048407685931,0.2718630531556698,0.10766069728950796,0.11462389028140663,0.0,0.9999999987499999,0.6507053545637005,0.28171274031491306,0.26886815700504635,0.3783911627864201,surprised,08,10,10,female,normal,1194
80,2.6693333333333333,True,1.0,0.752436363566158,0.6934049714427087,0.7229206675044333,0.9769553947200197,-0.060833333333333295,-0.06194444444444447,0.33053005452322104,0.2738037839944428,0.20973131666752298,0.7399730544623393,0.05903139212344921,0.0011111111111111738,0.021425440271589623,0.2726876612423742,0.1092409015214424,0.11261250177824471,0.0,0.9999999987499999,0.6474711326796344,0.2814579758276252,0.2754075090705692,0.38367319415707757,surprised,08,10,10,female,normal,1194
90,3.003,True,1.0,0.7656086784067493,0.7627625654576933,0.7641856219322213,0.9253679779117044,-0.06337962962962962,-0.06486111111111104,0.33309950529242455,0.2790347460215246,0.21042246794808087,0.8258180963391164,0.002846112949056012,0.001481481481481417,0.0217210249303163,0.2771962886145379,0.10904416225625332,0.11263399509918777,0.0,0.9999999987499999,0.6509661547978566,0.280061830175422,0.2754205717250853,0.3890271827735786,surprised,08,10,10,female,normal,1194
100,3.336666666666667,True,1.0,0.7591589873089436,0.7364809070038172,0.7478199471563804,0.9031145634769266,-0.06407407407407417,-0.06689814814814815,0.33463332830377507,0.3058810539292666,0.20833333333333337,0.8280454965506557,0.022678080305126413,0.002824074074073979,0.01888067116931683,0.28123842562896134,0.1072896013130507,0.1138054294911614,0.0,0.9999999987499999,0.6496808649084634,0.2856795673848384,0.27140267638737653,0.3787337686636375,surprised,08,10,10,female,normal,1194
0,0.0,True,1.0,0.6351572103778049,0.6156599334855765,0.6254085719316906,0.7785148801257628,-0.06990740740740736,-0.06759259259259259,0.32847015768020205,0.3967934124387965,0.18472387429425183,0.8033354119457048,0.019497276892228466,0.0023148148148147696,0.01753204408878993,0.30937011524028807,0.10210138386638234,0.11254465616863918,0.0,0.9999999987499999,0.6929473350981018,0.2783593556060214,0.26076551130469466,0.4014744370352921,surprised,08,10,10,female,normal,1195
10,0.33366666666666667,True,1.0,0.7241073770371808,0.6957184926834223,0.7099129348603015,0.7707696766549141,-0.06236111111111109,-0.06351851851851847,0.33143370722624466,0.4004005652948328,0.180559358475242,0.9210441930477512,0.028388884353758415,0.0011574074074073848,0.021015162115330298,0.2977216920049658,0.10170154014958277,0.1134112022388258,0.0,0.9999999987499999,0.6925487536186349,0.2776963543450389,0.25896302695136064,0.3932057741997737,surprised,08,10,10,female,normal,1195
20,0.6673333333333333,True,1.0,0.7263772567089617,0.7221375795307141,0.7242574181198379,0.8192258148673559,-0.062407407407407356,-0.06398148148148136,0.32159973124252705,0.40924429465144424,0.18125378834941805,0.8840754343625088,0.004239677178247581,0.0015740740740740056,0.024721871421346835,0.28877048903224944,0.10061860079034791,0.1148717244543562,0.0,0.9999999987499999,0.6905757057119722,0.27951338204792564,0.25662991239939964,0.39021880358573413,surprised,08,10,10,female,normal,1195
30,1.0010000000000001,True,1.0,0.7537243386549457,0.696554014245955,0.7251391764504503,1.186040974364785,-0.05750000000000005,-0.05722222222222223,0.32536284652792136,0.5079645380451956,0.18055555555555558,0.6113947090561668,0.057170324408990725,0.0002777777777778212,0.02663627015018037,0.21900979724388064,0.10240720187023387,0.11311178967100867,0.0,0.9999999987499999,0.6807297934251826,0.2780647549243415,0.254710045449868,0.3816976071286691,surprised,08,10,10,female,normal,1195
40,1.3346666666666667,True,1.0,0.6939739188959256,0.6305939393787794,0.6622839291373526,0.8368094855162009,-0.05384259259259255,-0.0530092592592592,0.3561089280587272,0.31345936928434676,0.18197840664028841,0.7914393187462626,0.06337997951714625,0.0008333333333333526,0.026316202945174113,0.31883534167045924,0.10355812929855826,0.11408099396555972,0.0,0.9999999987499999,0.6702424655487196,0.28092589246529087,0.25975342208310753,0.38266033730000554,surprised,08,10,10,female,normal,1195
50,1.6683333333333334,True,1.0,0.7091349221671819,0.6825173128069126,0.6958261174870473,0.8082217125431473,-0.08393518518518517,-0.08560185185185193,0.3928125324049662,0.11985473511410648,0.222965945682357,0.8609346998332468,0.026617609360269245,0.0016666666666667607,0.03534723753966033,0.30890228414375287,0.10101121442559227,0.11683238305560818,0.0,0.9999999987499999,0.6673678084515056,0.2829542849488945,0.2838587822835992,0.4088446074332854,surprised,08,10,10,female,normal,1195
60,2.0020000000000002,True,1.0,0.6533108739045537,0.6330194108081884,0.643165142356371,0.7946082338404358,-0.08606481481481482,-0.08629629629629626,0.3837596117286371,0.0976313414802292,0.23616571331088496,0.8094116257112989,0.020291463096365314,0.00023148148148144365,0.040369453581026934,0.33214587401881734,0.10164122065022743,0.11562749519514796,0.0,0.9999999987499999,0.6577882804059123,0.2844784928302985,0.29338588944481175,0.4009481656074937,surprised,08,10,10,female,normal,1195
70,2.3356666666666666,True,1.0,0.713478352021883,0.6690504733991885,0.6912644127105358,0.8585962712431627,-0.08074074074074089,-0.08087962962962958,0.3090675162401047,0.19063376245173727,0.2334278097074876,0.8051099636266218,0.04442787862269448,0.00013888888888868856,0.0386247497500787,0.3023880426882448,0.10401372657968572,0.11466702968387377,0.0,0.9999999987499999,0.6518255617090587,0.28278047411531343,0.2840796674801002,0.38923243784348177,surprised,08,10,10,female,normal,1195
80,2.6693333333333333,True,1.0,0.6990796617006829,0.6529300191276993,0.6760048404141912,0.8723195154135606,-0.07726851851851857,-0.07745370370370375,0.332325702452058,0.24377656220052915,0.23062040548072354,0.7749509537152818,0.046149642572983596,0.00018518518518517713,0.04139706664146076,0.32435957883555766,0.10438198380123351,0.11433190486857264,0.0,0.9999999987499999,0.6507037441148334,0.28279519861106966,0.2834125580897667,0.38681164877759877,surprised,08,10,10,female,normal,1195
90,3.003,True,1.0,0.7480640707350403,0.6942200694819535,0.721142070108497,0.8879559360894814,-0.07828703703703704,-0.08004629629629634,0.33349785196224313,0.2661996749367099,0.2271105455431746,0.8121372252821177,0.05384400125308686,0.0017592592592592937,0.03438907151630658,0.3002515660740288,0.10626612996745839,0.11308936500776874,0.0,0.9999999987499999,0.6521588083436499,0.2893226099194179,0.28464389789061717,0.3886008608361562,surprised,08,10,10,female,normal,1195
100,3.336666666666667,True,1.0,0.6257960538334465,0.61755234503557,0.6216741994345083,0.8655144994581702,-0.08740740740740743,-0.08435185185185196,0.33712125278212424,0.26400728138456425,0.2271317083412789,0.7182712708148611,0.008243708797876503,0.003055555555555478,0.02972044128740756,0.33362579621154276,0.10492956270681209,0.11366206902917994,0.0,0.9999999987499999,0.6591774254858194,0.2856226543194321,0.27983460430653506,0.39282955084383464,surprised,08,10,10,female,normal,1195
0,0.0,True,1.0,0.6195023608838339,0.6473121488765706,0.6334072548802023,0.7484983999257917,-0.06550925925925932,-0.06305555555555553,0.3209686570038618,0.35083453589641317,0.18763178962148844,0.8462372864698177,0.0278097879927367,0.002453703703703791,0.003966009136153145,0.317069608590135,0.10410200764158534,0.1140869982732588,0.0,0.9999999987499999,0.6720953265290491,0.280075477681489,0.25841939429916905,0.3968108789333905,surprised,08,10,10,female,strong,1196
10,0.33366666666666667,True,1.0,0.7674536652780193,0.7665448384355289,0.7669992518567741,0.7445884676747256,-0.06398148148148153,-0.06074074074074076,0.32838973363397833,0.36467236467236475,0.1862295453986906,1.030098215531104,0.0009088268424903845,0.0032407407407407662,0.006344057365641553,0.3220545783590091,0.10497287858044572,0.11311791186839307,0.0,0.9999999987499999,0.6725270015662516,0.279476869925711,0.25850078330772613,0.39668222914293527,surprised,08,10,10,female,strong,1196
20,0.6673333333333333,True,1.0,0.788790498702448,0.7880753363915883,0.7884329175470182,0.9720109101406269,-0.06611111111111112,-0.06555555555555548,0.3277361319441223,0.4556301141284196,0.1840692309509921,0.811135872366855,0.0007151623108596628,0.0005555555555556424,0.005918913794178969,0.22904919011893574,0.10219219015969887,0.11464335919643237,0.0,0.9999999987499999,0.6866614486966662,0.28101585492622183,0.2670322474285403,0.39937665565920394,surprised,08,10,10,female,strong,1196
30,1.0010000000000001,True,1.0,0.7761222365137997,0.76233130024013,0.7692267683769649,1.0391855450730403,-0.09810185185185188,-0.09435185185185191,0.4002742493153498,0.39587133188444057,0.22085544307558083,0.7402208123698439,0.013790936273669785,0.0037499999999999756,0.003296987628399347,0.2622379232152393,0.10102488797904616,0.11665735823907462,0.0,0.9999999987499999,0.6830287069984243,0.28117687488854315,0.30228634554537276,0.43955432903488606,surprised,08,10,10,female,strong,1196
40,1.3346666666666667,True,1.0,0.2960469342290908,0.25886769805078297,0.27745731613993685,1.0322860841744623,-0.12296296296296294,-0.12055555555555558,0.35385631944364243,0.41280995437157314,0.24167455901489376,0.26877947924855,0.03717923617830782,0.002407407407407358,0.008323994150431377,0.28617241646176306,0.08948489505996897,0.11611666537424685,0.0,0.9999999987499999,0.7030724433914192,0.3001949752860637,0.2751215092606572,0.4212468464244691,surprised,08,10,10,female,strong,1196
50,1.6683333333333334,True,1.0,0.6973650097023525,0.6863095339929839,0.6918372718476682,0.9350412647900707,-0.10657407407407415,-0.10138888888888892,0.3580590767973891,0.2303648308691674,0.24653056302832924,0.739900256704708,0.0110554757093686,0.005185185185185237,0.02253627513784357,0.26901280026074403,0.08959455154154733,0.11685017112986974,0.0,0.9999999987499999,0.6986921197932299,0.3004805322557978,0.2827228726901389,0.4292925274945108,surprised,08,10,10,female,strong,1196
60,2.0020000000000002,True,1.0,0.7187648182899699,0.6776012581710247,0.6981830382304972,0.7290991345025611,-0.10305555555555568,-0.09444444444444455,0.38265784134060005,0.1726477503794576,0.2513901028448667,0.9575968550653171,0.041163560118945175,0.008611111111111125,0.008035074552106261,0.3847934815586233,0.08995346769582764,0.11673741369549441,0.0,0.9999999987499999,0.6885201624243447,0.30461522653008954,0.2901055302690963,0.43017326676645873,surprised,08,10,10,female,strong,1196
70,2.3356666666666666,True,1.0,0.7694214932744956,0.7509742036087961,0.7601978484416458,0.9871985806115742,-0.10078703703703706,-0.09587962962962959,0.3190827866950335,0.303753409418946,0.2541774726613414,0.7700556538186063,0.01844728966569953,0.004907407407407471,0.02019352709942796,0.26826923076923026,0.09280821327594556,0.11531004029661997,0.0,0.9999999987499999,0.6835775375462685,0.3046539691832064,0.2899730351329878,0.429698951266882,surprised,08,10,10,female,strong,1196
80,2.6693333333333333,True,1.0,0.8552305812232779,0.8485815969083076,0.8519060890657928,0.9970060515929726,-0.09078703703703705,-0.08842592592592591,0.3332567926644118,0.317843743791071,0.24654758332023738,0.854464311128959,0.0066489843149702965,0.002361111111111147,0.022525358321103563,0.2689859889969873,0.09291897254663951,0.11522080708611648,0.0,0.9999999987499999,0.6858568281296893,0.3037256482953314,0.2866403695809289,0.4288829490560899,surprised,08,10,10,female,strong,1196
90,3.003,True,1.0,0.7669442548595026,0.7177221738592654,0.7423332143593839,0.9676103319953683,-0.09328703703703706,-0.08953703703703708,0.33498955055748475,0.31045806089179867,0.24444444444444446,0.7671819841243048,0.04922208100023717,0.0037499999999999756,0.015483180448668185,0.2686188519965287,0.10621489263815628,0.11563585365760999,0.0,0.9999999987499999,0.6476157504564325,0.2805315455547474,0.3036529234535039,0.4172803670035658,surprised,08,10,10,female,strong,1196
100,3.336666666666667,True,1.0,0.6038620970798019,0.5931494346077064,0.5985057658437541,0.9844218613490999,-0.09675925925925932,-0.09416666666666662,0.32682097003894994,0.3305428378448511,0.24027904787015794,0.6079769145146091,0.010712662472095458,0.002592592592592702,0.010916730549328374,0.27741487348282934,0.10781368162974424,0.11431346408252722,0.0,0.9999999987499999,0.6486352554381128,0.28589239173851017,0.30070439223709167,0.40408632751975226,surprised,08,10,10,female,strong,1196
0,0.0,True,1.0,0.6509947351554941,0.6314197894439236,0.6412072622997089,0.7690662750186033,-0.07074074074074072,-0.06861111111111112,0.336724131474045,0.3845106415752484,0.1861258682802443,0.8337477316687675,0.01957494571157048,0.0021296296296295925,0.000303564745080541,0.3028668960474012,0.10247273759923545,0.11355686614454648,0.0,0.9999999987499999,0.6891723382946929,0.28095338520895385,0.2642537270702044,0.40247055648295,surprised,08,10,10,female,strong,1197
10,0.33366666666666667,True,1.0,0.7125193218414968,0.713478352021883,0.71299883693169,0.7690662750186028,-0.06962962962962965,-0.06731481481481483,0.3367074324748533,0.38451064157524817,0.18752603985846872,0.9270967406735439,0.0009590301803862333,0.002314814814814825,0.004034907831572883,0.3028668960474012,0.10191591139191498,0.11372230612275346,0.0,0.9999999987499999,0.6885520353610194,0.2812032978018886,0.26626132554243265,0.40288067836817887,surprised,08,10,10,female,strong,1197
20,0.6673333333333333,True,1.0,0.8482222108537549,0.8382251915598753,0.8432237012068151,0.8021727610776668,-0.08111111111111108,-0.08092592592592579,0.32932144723517043,0.39343009089464404,0.20626812479547246,1.0511746872007959,0.009997019293879639,0.00018518518518528815,0.01345600516571006,0.2765254125497068,0.10071378608224743,0.11528512931118953,0.0,0.9999999987499999,0.6813215911677171,0.28409745044072865,0.2790133341209608,0.4226418156499681,surprised,08,10,10,female,strong,1197
30,1.0010000000000001,True,1.0,0.8821740717185664,0.8724109894391371,0.8772925305788517,1.095456714772044,-0.09689814814814812,-0.09754629629629624,0.354226473860197,0.3720873279108502,0.23752601882560287,0.8008463673175891,0.009763082279429347,0.0006481481481481199,0.019401719998432432,0.25987093769326874,0.10057244327229851,0.1170476436193693,0.0,0.9999999987499999,0.6649702295762056,0.28377712765065743,0.30772066581933943,0.43809466422615617,surprised,08,10,10,female,strong,1197
40,1.3346666666666667,True,1.0,0.8192242814201023,0.7998084441516807,0.8095163627858915,0.9166112440400691,-0.09685185185185191,-0.09523148148148147,0.3638274332373263,0.3487489041365175,0.23126616550338833,0.8831621563116063,0.019415837268421554,0.0016203703703704386,0.01939300411592618,0.3137453466752142,0.10239707475793382,0.11578434349854923,0.0,0.9999999987499999,0.663244157248837,0.28241944177644673,0.31270214292598425,0.4471927518140494,surprised,08,10,10,female,strong,1197
50,1.6683333333333334,True,1.0,0.5928877217937194,0.5987268280595949,0.5958072749266572,1.055523330088473,-0.09800925925925918,-0.09703703703703709,0.33890291684568435,0.3443429917063098,0.22991719760546453,0.5644662301085446,0.005839106265875471,0.0009722222222220966,0.03086701678305618,0.2502633361650989,0.10257939194927071,0.11562285009956058,0.0,0.9999999987499999,0.6621218349370998,0.2831284436072218,0.2879447581620341,0.40780404330952447,surprised,08,10,10,female,strong,1197
60,2.0020000000000002,True,1.0,0.6568853702828932,0.6716303021391922,0.6642578362110427,0.9064832816199093,-0.09865740740740736,-0.09638888888888891,0.3411419577566835,0.3580744960015246,0.23060320217590397,0.7327855346918221,0.014744931856298993,0.0022685185185184475,0.0280020187167426,0.2997183026506251,0.08770927473136772,0.11350425016969219,0.0,0.9999999987499999,0.7113658932479241,0.30134301006659864,0.27018898879137815,0.42563826220633083,surprised,08,10,10,female,strong,1197
70,2.3356666666666666,True,1.0,0.6862863992100505,0.704035354030519,0.6951608766202848,1.089631700578694,-0.0949537037037036,-0.09532407407407417,0.3313396318587192,0.4085620174675149,0.22924156121109826,0.6379778380631648,0.017748954820468454,0.0003703703703705763,0.02920140709454479,0.2425558137555608,0.0877871740811748,0.11428063477703074,0.0,0.9999999987499999,0.7122323686818476,0.300983278932517,0.26921016981603196,0.42147628679893173,surprised,08,10,10,female,strong,1197
80,2.6693333333333333,True,1.0,0.7408551918526515,0.7408906999173203,0.7408729458849859,0.9457036474568016,-0.09527777777777774,-0.09398148148148144,0.33935918376527235,0.3324225848189032,0.22855769255739464,0.7834092084527229,3.550806466878775e-05,0.0012962962962962954,0.029787433443957418,0.27241885333472626,0.08828316114957742,0.11423196912614982,0.0,0.9999999987499999,0.7117849278617697,0.30057372651795833,0.2667879155175836,0.4206362160625903,surprised,08,10,10,female,strong,1197
90,3.003,True,1.0,0.7656801547860933,0.7085254245116198,0.7371027896488566,0.8996012754234352,-0.0956944444444443,-0.09634259259259265,0.3314400833416242,0.32213070511368197,0.22856870789229025,0.819366101167329,0.057154730274473486,0.000648148148148342,0.0309874265563519,0.2721940574220764,0.10312626961440423,0.11463784623985751,0.0,0.9999999987499999,0.6707249982102217,0.28150606745414736,0.28928418521665766,0.41658286884839013,surprised,08,10,10,female,strong,1197
100,3.336666666666667,True,1.0,0.48738825951588277,0.5144315387132863,0.5009098991145845,0.8376723016091664,-0.10078703703703695,-0.09962962962962962,0.3412783551403618,0.29601815108287804,0.22851262429442734,0.597978348039368,0.027043279197403514,0.0011574074074073293,0.03116569082222311,0.2908935601158635,0.1034980181210588,0.11513272018914873,0.0,0.9999999987499999,0.6651702459108644,0.28205861316536707,0.2821581551433853,0.4057142016349541,surprised,08,10,10,female,strong,1197
0,0.0,True,1.0,0.6752863731456034,0.6921332413949379,0.6837098072702706,0.7124824584624576,-0.07009259259259254,-0.06374999999999997,0.3382208407389496,0.3626522439030137,0.1808767061163876,0.9596163374263578,0.016846868249334568,0.006342592592592566,0.04565821545311726,0.33084878895917386,0.10279736279607425,0.11309474812808896,0.0,0.9999999987499999,0.6892388176364296,0.27932250303474676,0.26455387892990123,0.40768820475190565,surprised,08,10,10,female,strong,1198
10,0.33366666666666667,True,1.0,0.7237333082581981,0.747493527128861,0.7356134176935296,1.3858124695770937,-0.07087962962962963,-0.06541666666666657,0.2977704163223687,0.6925087691903248,0.18213851453375393,0.5308174329806801,0.02376021887066282,0.005462962962963058,0.0364229637129202,0.2022425137523711,0.10190316798030538,0.11423516141191067,0.0,0.9999999987499999,0.6847572682432348,0.2820416714004576,0.2656709648080693,0.4055063734058086,surprised,08,10,10,female,strong,1198
20,0.6673333333333333,True,1.0,0.7863769075320403,0.835016835016834,0.8106968712744371,1.8984598994394786,-0.06777777777777783,-0.06435185185185183,0.29137085869651674,0.8548877393553307,0.1804725912824049,0.4270287044323643,0.04863992748479373,0.003425925925925999,0.03105612949411626,0.15935140245864787,0.10038072500111545,0.1160687280787081,0.0,0.9999999987499999,0.6819426432447979,0.2835723608839031,0.2657426559645161,0.4068235650594355,surprised,08,10,10,female,strong,1198
30,1.0010000000000001,True,1.0,0.726711476234185,0.7825474297401391,0.754629452987162,1.6845588370965565,-0.06791666666666674,-0.064537037037037,0.2948084921112719,0.7916925557259124,0.1850230687103143,0.4479685935385988,0.05583595350595416,0.0033796296296297323,0.02704687299950109,0.1699202997659396,0.10168206519093675,0.11476451220211853,0.0,0.9999999987499999,0.68431914480636,0.28153609696265225,0.272162287790959,0.41247975501531325,surprised,08,10,10,female,strong,1198
40,1.3346666666666667,True,1.0,0.7304157693979471,0.7473955756124959,0.7389056725052214,1.0983796827873578,-0.06601851851851848,-0.06328703703703709,0.34533078178527893,0.4552370051354538,0.1889922613380744,0.6727233615884999,0.016979806214548865,0.0027314814814813904,0.005992438900255185,0.2516378446419297,0.10406784622343956,0.11528088386894209,0.0,0.9999999987499999,0.6697640443755627,0.27966678326935396,0.2704138511058035,0.4044191780815619,surprised,08,10,10,female,strong,1198
50,1.6683333333333334,True,1.0,0.5335553264845878,0.566631376460264,0.5500933514724259,0.9599972414084342,-0.06893518518518515,-0.0668981481481482,0.3821722327556815,0.3007230247572324,0.18771512723843176,0.5730155543628137,0.03307604997567615,0.0020370370370369484,0.02132088118266411,0.30257833855746996,0.10145260848089041,0.11677605618269643,0.0,0.9999999987499999,0.6781333097614046,0.2870394941558045,0.27663602190359743,0.4034608277009904,surprised,08,10,10,female,strong,1198
60,2.0020000000000002,True,1.0,0.7385858354017812,0.7047988519452589,0.7216923436735201,1.1044380227240858,-0.0665277777777778,-0.06680555555555562,0.36739622941409916,0.27920539532601835,0.19521550446455993,0.6534475713661803,0.03378698345652231,0.0002777777777778212,0.02488837430234377,0.24496052929279571,0.10280743741058467,0.11574978974645188,0.0,0.9999999987499999,0.6628647426392432,0.28265450068226855,0.26361530211655254,0.38771628026237337,surprised,08,10,10,female,strong,1198
70,2.3356666666666666,True,1.0,0.7679962455662372,0.6950707790738863,0.7315335123200617,1.0614027402433213,-0.06379629629629618,-0.06388888888888894,0.3170625514915658,0.33801415952268216,0.19662713428789944,0.6892138908105337,0.07292546649235099,9.25925925927551e-05,0.023761476090857873,0.22409384439264615,0.10506083997197826,0.11520650348609428,0.0,0.9999999987499999,0.6654842299341611,0.28001515711890074,0.2671563953844118,0.38739090441739366,surprised,08,10,10,female,strong,1198
80,2.6693333333333333,True,1.0,0.6927298728335534,0.7120666144778518,0.7023982436557026,0.9911631905357673,-0.06509259259259265,-0.06703703703703712,0.3705330577742214,0.3453665480268524,0.1945107434791823,0.7086605418387515,0.01933674164429844,0.0019444444444444708,0.02932223338218624,0.26756061211274074,0.10577367200103001,0.11371776077258301,0.0,0.9999999987499999,0.6668241428759004,0.27864201603862,0.28025656136794497,0.4077404652018719,surprised,08,10,10,female,strong,1198
90,3.003,True,1.0,0.7711053456626376,0.7475579438145182,0.7593316447385778,1.059366412252836,-0.06680555555555556,-0.0673611111111111,0.3566210973732595,0.40039760440276456,0.19448367737260402,0.716779044489236,0.02354740184811932,0.0005555555555555314,0.025172510166322635,0.2622784780680821,0.10728533988496475,0.11246225409922692,0.0,0.9999999987499999,0.6671503480142058,0.2779397625083259,0.2813043149479883,0.40557484168539343,surprised,08,10,10,female,strong,1198
100,3.336666666666667,True,1.0,0.7580536928608186,0.7571512476088785,0.7576024702348485,1.049615238835132,-0.06689814814814815,-0.06888888888888883,0.3567466907461343,0.41557930135801413,0.19521550446455993,0.7217906545217839,0.0009024452519400539,0.001990740740740682,0.02095695244789197,0.26574392285549175,0.09076553029656102,0.11260855082381838,0.0,0.9999999987499999,0.7166428601049794,0.2930448777090872,0.25234608691924404,0.40490221459129133,surprised,08,10,10,female,strong,1198
0,0.0,True,1.0,0.6644149760401592,0.6590622047380252,0.6617385903890922,0.9034245580177628,-0.06736111111111104,-0.06439814814814826,0.32654662376407173,0.421011188868966,0.18361443441400138,0.7324779745206809,0.005352771302133963,0.0029629629629627785,0.017332945311853035,0.2595904611157734,0.10302234991598726,0.11288983687733047,0.0,0.9999999987499999,0.6828654317664564,0.2833337101620017,0.2654883088234261,0.39970172872943793,surprised,08,10,10,female,strong,1199
10,0.33366666666666667,True,1.0,0.7346780507373911,0.7361479084465024,0.7354129795919467,1.3041296376525195,-0.06444444444444447,-0.06217592592592597,0.30536943417690743,0.5705426132684787,0.18282301549403876,0.5639109474696984,0.001469857709111233,0.002268518518518503,0.0143287611938644,0.1914780321860075,0.1015755713281391,0.11385919052416836,0.0,0.9999999987499999,0.6811702501078557,0.28502638900478133,0.26380841662842547,0.3898775927735069,surprised,08,10,10,female,strong,1199
20,0.6673333333333333,True,1.0,0.7729496843209261,0.7801604409885047,0.7765550626547154,1.6374670095979567,-0.06444444444444436,-0.06268518518518523,0.2856612261904805,0.7490004179424243,0.18552197384077657,0.4742416537878104,0.007210756667578533,0.0017592592592591272,0.005577914115803146,0.168886589334181,0.10327131237295026,0.11367224629785369,0.0,0.9999999987499999,0.6759156655709159,0.28639446928494683,0.26607274647314627,0.3901137965584801,surprised,08,10,10,female,strong,1199
30,1.0010000000000001,True,1.0,0.7464231997563683,0.723720915228849,0.7350720574926086,1.4319047831057576,-0.06509259259259259,-0.06203703703703711,0.3024270283850057,0.6336590132134677,0.18478168750979096,0.5133526098699522,0.022702284527519323,0.003055555555555478,0.00583806983825338,0.18785198388391158,0.10258676631838677,0.11362166661325458,0.0,0.9999999987499999,0.6770784829556822,0.28520133450300633,0.26929115921524893,0.39326344714537464,surprised,08,10,10,female,strong,1199
40,1.3346666666666667,True,1.0,0.6969051686869887,0.678730064772577,0.6878176167297829,1.040055951584175,-0.06402777777777785,-0.06134259259259267,0.3455914062318682,0.4415496362563705,0.19029221182200778,0.6613275138535811,0.018175103914411683,0.0026851851851851793,0.00815544753253492,0.2556842039689717,0.10485703236113099,0.1143971049464585,0.0,0.9999999987499999,0.6653957509644485,0.27935866852223556,0.27112009272888327,0.402081477729172,surprised,08,10,10,female,strong,1199
50,1.6683333333333334,True,1.0,0.7262165339661164,0.729276620958872,0.7277465774624943,0.967018188236988,-0.062361111111111034,-0.06217592592592591,0.36319619983526963,0.26848509914964364,0.19584307274374055,0.7525676210798888,0.0030600869927556174,0.00018518518518512161,0.009877946682059534,0.27330408330506095,0.10466516232103566,0.11540111953532706,0.0,0.9999999987499999,0.6599320064588335,0.27784264031991157,0.26008855522973473,0.37801270789286223,surprised,08,10,10,female,strong,1199
60,2.0020000000000002,True,1.0,0.49636490846401227,0.4805184725673678,0.48844169051569003,0.9006034014481604,-0.06486111111111104,-0.06472222222222224,0.3560839905037138,0.31578313788151935,0.20347559683427638,0.5423493734648138,0.015846435896644473,0.00013888888888879958,0.022329320621096185,0.3192775385538515,0.10878848139883443,0.11338617346015238,0.0,0.9999999987499999,0.6532818143116622,0.27670526686657376,0.27380775486778924,0.38480445320813444,surprised,08,10,10,female,strong,1199
70,2.3356666666666666,True,1.0,0.7168032860374829,0.6875074118047981,0.7021553489211405,1.0451573564002838,-0.06273148148148144,-0.06134259259259267,0.3318982112986256,0.3578350061796169,0.20694776243640653,0.6718178316607692,0.02929587423268476,0.001388888888888773,0.018757123454054638,0.26191633063774317,0.10938707059334267,0.11381761941545213,0.0,0.9999999987499999,0.6525210029871324,0.27617951079470926,0.27108668615768733,0.38036908772783334,surprised,08,10,10,female,strong,1199
80,2.6693333333333333,True,1.0,0.7423116264712791,0.741113204945279,0.7417124157082791,1.074396460966604,-0.06467592592592597,-0.06361111111111106,0.33002434316865725,0.3795773828210422,0.20486148352867514,0.6903526236869596,0.0011984215260001374,0.0010648148148149073,0.017943193295623994,0.26247047373246435,0.11088927640893192,0.11235457302774295,0.0,0.9999999987499999,0.6584408687771984,0.27969820831946074,0.2785237185554917,0.3833767107017299,surprised,08,10,10,female,strong,1199
90,3.003,True,1.0,0.7164421096044198,0.6920973530546458,0.7042697313295327,1.0020674046427753,-0.06467592592592586,-0.06379629629629635,0.33265251342687674,0.3721484064268015,0.20416666666666672,0.7028167247697237,0.02434475654977397,0.0008796296296295081,0.02285614216155033,0.26552880341436214,0.11085505461388975,0.11085216750806241,0.0,0.9999999987499999,0.6515741680969263,0.27821038787012986,0.27880984192606956,0.3778024572268254,surprised,08,10,10,female,strong,1199
100,3.336666666666667,True,1.0,0.7441101566975228,0.725726534797711,0.7349183457476169,1.0184395638635713,-0.06490740740740736,-0.06444444444444436,0.32526838580552697,0.3927759669812746,0.20069482459384647,0.7216121327412076,0.018383621899811797,0.0004629629629629983,0.014505818556148395,0.2575061232326026,0.10905682539011764,0.11396704168433813,0.0,0.9999999987499999,0.6593919070284363,0.27803374435268147,0.27232591599304645,0.3828083490779926,surprised,08,10,10,female,strong,1199
0,0.0,True,1.0,0.5881371915399248,0.598922092545656,0.5935296420427905,0.5290588653645528,-0.0631018518518518,-0.0691666666666666,0.36807071969807514,0.31740393683596774,0.1743073063560256,1.1218593636717786,0.010784901005731151,0.006064814814814801,0.008706277118290124,0.5506575412446689,0.1288141387036104,0.10264954131722843,0.0,0.9999999987499999,0.6004258050329507,0.27675261053145866,0.3599659310454259,0.39124813563873134,neutral,01,11,11,male,normal,1200
10,0.33366666666666667,True,1.0,0.5882355146341536,0.5850535426122869,0.5866445286232203,0.5288761825762962,-0.06384259259259267,-0.06773148148148156,0.36859375795118166,0.32364877721945867,0.1757100764688937,1.1092284885386956,0.0031819720218666525,0.003888888888888886,0.005557990882225213,0.5502225645858778,0.12952850514884734,0.10155920966989594,0.0,0.9999999987499999,0.6025231914406388,0.27645534845205993,0.36343430953719175,0.39676949346615276,neutral,01,11,11,male,normal,1200
20,0.6673333333333333,True,1.0,0.5879126594152858,0.6048464877550933,0.5963795735851896,0.5759891258995699,-0.06361111111111112,-0.067037037037037,0.3645232109194413,0.334762847196556,0.17222931003000183,1.035400751105803,0.0169338283398075,0.003425925925925888,0.008343684681920214,0.48607495658933764,0.1287205674340251,0.1018356835496146,0.0,0.9999999987499999,0.601858416233681,0.2762560113635032,0.3639330236294938,0.3945286739426795,neutral,01,11,11,male,normal,1200
30,1.0010000000000001,True,1.0,0.5970965182665228,0.5868668793160597,0.5919816987912913,0.879166070206511,-0.06499999999999995,-0.0687962962962963,0.364957990925197,0.4059129040966915,0.17222620914999004,0.6733445691918458,0.010229638950463027,0.003796296296296353,0.001079462543271804,0.34194291235647556,0.1265257154358395,0.10363500625012007,0.0,0.9999999987499999,0.5973266375065651,0.2800897299330779,0.35665488030324,0.3864999856401883,neutral,01,11,11,male,normal,1200
40,1.3346666666666667,True,1.0,0.46500795345310764,0.48739658758498916,0.4762022705190484,0.6892203759164087,-0.06708333333333333,-0.07078703703703698,0.3765672638437508,0.3443114361136137,0.1680669046848666,0.6909288917726426,0.022388634131881524,0.0037037037037036535,0.009553153653297711,0.4179468746700114,0.12769039751622455,0.10219654382280507,0.0,0.9999999987499999,0.596686699156225,0.28266247388928023,0.36077968986877373,0.38661261899007004,neutral,01,11,11,male,normal,1200
50,1.6683333333333334,True,1.0,0.5687818254461368,0.5410578059823127,0.5549198157142248,0.625684293775672,-0.06486111111111115,-0.06624999999999998,0.36185677928308757,0.3260611852579993,0.1694557005543102,0.8869006641761434,0.02772401946382408,0.0013888888888888284,0.007526981252190041,0.419302888079777,0.12724320354318527,0.10385933768312197,0.0,0.9999999987499999,0.5967617884732017,0.2795172774852924,0.362334441874018,0.38785267361744175,neutral,01,11,11,male,normal,1200
60,2.0020000000000002,True,1.0,0.574242557715855,0.5821538111928816,0.5781981844543682,0.7072655107533878,-0.06486111111111115,-0.06754629629629627,0.3543027820329376,0.31266438153371034,0.17364670316586833,0.8175122010946985,0.007911253477026592,0.002685185185185124,0.006609472056294548,0.3803541287844376,0.12494805142570664,0.10334267395927492,0.0,0.9999999987499999,0.5968895244972989,0.28055804160299597,0.36352125595306345,0.3915101268868188,neutral,01,11,11,male,normal,1200
70,2.3356666666666666,True,1.0,0.5973268351577367,0.549520189217903,0.5734235121878198,0.4024214472247711,-0.06356481481481469,-0.06671296296296292,0.3849840667327103,0.1505363870131738,0.17293828499713923,1.4249327816455473,0.047806645939833636,0.003148148148148233,0.006489607780206849,0.6168778347307382,0.128670051642877,0.10227275605028355,0.0,0.9999999987499999,0.6014691975149434,0.2818051308868589,0.3633669325222359,0.3911383399921883,neutral,01,11,11,male,normal,1200
80,2.6693333333333333,True,1.0,0.5745654491469337,0.5498376387156012,0.5622015439312675,0.4091901210779227,-0.06231481481481482,-0.06504629629629627,0.3925638977290766,0.1484517494566645,0.17501569405074077,1.373937235948584,0.024727810431332542,0.002731481481481446,0.005602786567974718,0.6151937062430702,0.12783314569102489,0.10183100756742428,0.0,0.9999999987499999,0.6031046324076506,0.28096850863858613,0.36742033693820253,0.3932065896612638,neutral,01,11,11,male,normal,1200
90,3.003,True,1.0,0.5387381596077019,0.5166396102140086,0.5276888849108552,0.49375467954084046,-0.06263888888888891,-0.06490740740740741,0.3828631892511388,0.20870093424037267,0.17503530963534364,1.0687268531846044,0.022098549393693268,0.002268518518518503,0.00619127575217377,0.5212693314863943,0.12720619567697525,0.10298377986681219,0.0,0.9999999987499999,0.6026164016465961,0.2793710342925527,0.36666384975301414,0.3951480174412738,neutral,01,11,11,male,normal,1200
0,0.0,True,1.0,0.5557757887213668,0.5596471761573009,0.5577114824393339,0.5386959092737248,-0.06277777777777782,-0.06657407407407401,0.3719950815989168,0.3019396277374709,0.17223816937956282,1.0352992715152527,0.0038713874359340705,0.0037962962962961866,0.0027762747477911003,0.5368254807131915,0.1300915705296495,0.10102570930161837,0.0,0.9999999987499999,0.6001755537449355,0.275694612806375,0.36209549824835086,0.3932920866705835,neutral,01,11,11,male,normal,1201
10,0.33366666666666667,True,1.0,0.5746747466792117,0.5443189023699865,0.559496824524599,0.5774018447907959,-0.062083333333333324,-0.06601851851851848,0.37141349559006503,0.34749791091685384,0.17086191325973663,0.9689903653274883,0.03035584430922522,0.003935185185185153,0.0009237903360508119,0.4875589062383665,0.12855019812239618,0.10148904199430453,0.0,0.9999999987499999,0.5992109175076281,0.2762171952760413,0.3619033893783059,0.390464807694819,neutral,01,11,11,male,normal,1201
20,0.6673333333333333,True,1.0,0.5925717288349516,0.6030501324652853,0.5978109306501185,0.5688137304720685,-0.061342592592592615,-0.06550925925925927,0.3696762847658646,0.33685893139168144,0.1736269307028638,1.0509783759157583,0.0104784036303337,0.004166666666666652,0.0033984441109879806,0.4985821799092306,0.12922267347957822,0.10176101132686906,0.0,0.9999999987499999,0.5991556308539041,0.2758825598228326,0.3600420908913106,0.39119046998059687,neutral,01,11,11,male,normal,1201
30,1.0010000000000001,True,1.0,0.5872592540603209,0.6030501324652854,0.5951546932628031,0.9326855626945348,-0.06467592592592597,-0.06828703703703703,0.35813525853027733,0.4390750390549541,0.1729276967647946,0.6381086156661385,0.015790878404964515,0.003611111111111065,0.011707308007645852,0.31097041305291534,0.12703958023148107,0.10263385575249982,0.0,0.9999999987499999,0.5943652118191027,0.28048539334228695,0.35911408218279245,0.3871918018249073,neutral,01,11,11,male,normal,1201
40,1.3346666666666667,True,1.0,0.6016810474544722,0.5943819217429211,0.5980314845986967,0.7301162230693564,-0.06513888888888897,-0.06856481481481475,0.37455495932114263,0.3518606039338415,0.17016086012648826,0.8190908045908295,0.007299125711551002,0.003425925925925777,0.00954543837359696,0.40318687666840697,0.12609136755063927,0.10471031495824612,0.0,0.9999999987499999,0.5960444435586736,0.2834813476407298,0.36003016455628556,0.3850373343155801,neutral,01,11,11,male,normal,1201
50,1.6683333333333334,True,1.0,0.6062500639028001,0.6033262419375524,0.6047881529201762,0.6353791995505702,-0.06467592592592597,-0.06893518518518521,0.3584038488397924,0.3174850282397365,0.17223329679369817,0.9518538745806719,0.0029238219652477637,0.00425925925925924,0.007528882555213418,0.42076774100860764,0.12579114386883636,0.10416021993019965,0.0,0.9999999987499999,0.5970201978213161,0.2798815571423435,0.35856015577148875,0.3870609909462269,neutral,01,11,11,male,normal,1201
60,2.0020000000000002,True,1.0,0.5879126594152864,0.5714506273984622,0.5796816434068743,0.708537519742339,-0.06500000000000006,-0.0675,0.355805137752012,0.31990512867131565,0.1743410058381891,0.8181382456890591,0.01646203201682417,0.0024999999999999467,0.003039460421326433,0.38019861424382667,0.12905379845074186,0.10308997797145569,0.0,0.9999999987499999,0.5950550587500625,0.2809690917335189,0.3635928558885795,0.3920137788573864,neutral,01,11,11,male,normal,1201
70,2.3356666666666666,True,1.0,0.6060302512796361,0.5765802328873704,0.5913052420835032,0.4458442617833789,-0.06296296296296294,-0.06662037037037044,0.39261946034257245,0.2103066450636079,0.17362693070286384,1.3262596219547154,0.029450018392265687,0.003657407407407498,0.0018441129816133533,0.5801511784386576,0.1270575168948699,0.10167905858378168,0.0,0.9999999987499999,0.598123282273847,0.2804025502763416,0.35990289544180476,0.3908131606073928,neutral,01,11,11,male,normal,1201
80,2.6693333333333333,True,1.0,0.547224850396008,0.5683318172249039,0.5577783338104559,0.47084392406155834,-0.06407407407407406,-0.06731481481481477,0.3900373981630352,0.24151146103298074,0.17501569405074077,1.1846353012246404,0.0211069668288959,0.0032407407407407107,0.003720950483754328,0.5531156744357054,0.1279963697642147,0.10200002187228727,0.0,0.9999999987499999,0.5980247539171919,0.2785112588034017,0.36009343764812224,0.3919487354203166,neutral,01,11,11,male,normal,1201
90,3.003,True,1.0,0.5335553264845868,0.5230989844337542,0.5283271554591705,0.49028003590161856,-0.0622685185185185,-0.06717592592592597,0.38561726011629,0.2574703922049127,0.17433356625311966,1.077602832608886,0.010456342050832568,0.004907407407407471,0.0052883964538963345,0.5786563602394224,0.12851458873142918,0.10190872121855231,0.0,0.9999999987499999,0.5991624130902362,0.2780765871483688,0.36156084174575953,0.3939749835737883,neutral,01,11,11,male,normal,1201
0,0.0,True,1.0,0.5928056221357255,0.6075723012942961,0.6001889617150108,0.5133933976826585,-0.06407407407407406,-0.06527777777777788,0.3795092941585296,0.3092238060328588,0.16668909557742045,1.1690624858522292,0.01476667915857055,0.0012037037037038179,0.0013495207757448838,0.5484482507086833,0.1288385881325445,0.10482307112926052,0.0,0.9999999987499999,0.6078233631343162,0.2834417417702854,0.3541153809856501,0.39534563822247815,neutral,01,11,11,male,normal,1202
10,0.33366666666666667,True,1.0,0.6110755340637296,0.6213715175846423,0.6162235258241859,0.5115913322772301,-0.06328703703703709,-0.06560185185185191,0.37107053865543965,0.28932622529024676,0.17015503129913082,1.2045229990140958,0.010295983520912655,0.002314814814814825,0.0018960485743548688,0.5647095085850314,0.12669221370295145,0.103982527457723,0.0,0.9999999987499999,0.6062326209624476,0.2829980927793105,0.3575935182252754,0.3949982932537708,neutral,01,11,11,male,normal,1202
20,0.6673333333333333,True,1.0,0.6022536182977122,0.6053670297213338,0.603810324009523,0.5909569050715766,-0.06342592592592589,-0.06731481481481483,0.35619466905538066,0.3655355387952464,0.16737752141912063,1.0217501797976107,0.003113411423621648,0.0038888888888889417,0.0037268765563354387,0.5002536316735213,0.12798580486271913,0.10404735609779811,0.0,0.9999999987499999,0.6070698799988745,0.2821136524466412,0.35911074005207466,0.3946173414785895,neutral,01,11,11,male,normal,1202
30,1.0010000000000001,True,1.0,0.6351191145648366,0.6233341509001178,0.6292266327324771,0.9784713945285315,-0.06319444444444439,-0.06657407407407412,0.35728254725574654,0.4612198111312848,0.16529439491774364,0.6430710557825402,0.011784963664718817,0.0033796296296297323,0.0024639786898555693,0.30565165800321953,0.12216507935212914,0.10608065497625742,0.0,0.9999999987499999,0.6024583323876426,0.2849722284360515,0.3562393978439535,0.3893815885608765,neutral,01,11,11,male,normal,1202
40,1.3346666666666667,True,1.0,0.6065667585913508,0.6050495732426635,0.6058081659170071,0.5559050505842001,-0.06231481481481482,-0.06537037037037036,0.3763694998625754,0.3174039368359675,0.16460604611541985,1.0897691346397445,0.0015171853486872777,0.0030555555555555336,0.006019648474338808,0.5240647726966675,0.12576066887308548,0.10456206458855366,0.0,0.9999999987499999,0.5942545748143007,0.28529380069649946,0.375364603532632,0.3976668033526162,neutral,01,11,11,male,normal,1202
50,1.6683333333333334,True,1.0,0.5596168714038428,0.5682870701478299,0.5639519707758363,0.6262037453472651,-0.06458333333333333,-0.06560185185185186,0.35494400558850353,0.30604842808621097,0.16807779912804383,0.9005886262514978,0.008670198743987112,0.0010185185185185297,0.002801323490949581,0.4300626097317258,0.12572022826906448,0.10479264925617875,0.0,0.9999999987499999,0.6059489290794443,0.2843695040974634,0.36081319498262465,0.39612689382091304,neutral,01,11,11,male,normal,1202
60,2.0020000000000002,True,1.0,0.6067019400352738,0.5874097478016674,0.5970558439184706,0.6874027468359672,-0.06356481481481491,-0.06578703703703698,0.35702232272002177,0.280406313958151,0.16598371379942176,0.868567730732307,0.019292192233606342,0.00222222222222207,0.007219505734582123,0.40618286754203936,0.1233772322561545,0.10485024788466353,0.0,0.9999999987499999,0.6037566883862919,0.2859191163777514,0.3601806726556953,0.39562391381082074,neutral,01,11,11,male,normal,1202
70,2.3356666666666666,True,1.0,0.5553413448070643,0.5956755690158323,0.5755084569114484,0.5068097839822484,-0.06282407407407403,-0.06398148148148153,0.3758461334270567,0.26647936418911505,0.1653073182050949,1.1355511971166015,0.04033422420876798,0.0011574074074074958,0.0006231147692076357,0.5349602922165141,0.12397495053598058,0.10377629626057873,0.0,0.9999999987499999,0.6066329575892857,0.28419224128607007,0.3531127166101402,0.3912130000929019,neutral,01,11,11,male,normal,1202
80,2.6693333333333333,True,1.0,0.6066681626879081,0.5821519235293865,0.5944100431086473,0.46657972724405977,-0.061481481481481415,-0.06347222222222226,0.3726966628162803,0.2664793641891149,0.16668909557742045,1.2739731462822896,0.024516239158521635,0.0019907407407408484,0.0002763843166901914,0.5810863488192491,0.12576433993541528,0.10253369477693677,0.0,0.9999999987499999,0.6081317928343214,0.28400705325321285,0.35753992143590596,0.3974158580368141,neutral,01,11,11,male,normal,1202
90,3.003,True,1.0,0.6206612571867748,0.6334483809923057,0.6270548190895402,0.5074342664806467,-0.06124999999999997,-0.06351851851851853,0.3762428509083028,0.2936490738732459,0.16738344696828983,1.2357360559004655,0.012787123805530931,0.0022685185185185586,0.000680700183309315,0.5647095085850325,0.12437186065993852,0.10255989719073379,0.0,0.9999999987499999,0.6070240501903887,0.2843260648357885,0.3581928781671211,0.39786372490285277,neutral,01,11,11,male,normal,1202
0,0.0,True,1.0,0.569224878427242,0.5821519235293875,0.5756884009783148,0.4807512363624265,-0.060092592592592586,-0.06263888888888886,0.37203902017189744,0.30699675904930235,0.16667811036558883,1.1974766936310435,0.012927045102145485,0.0025462962962962687,0.0006689330049472186,0.6097101458144375,0.12523256328789692,0.10373497336421372,0.0,0.9999999987499999,0.6064183592265031,0.28158487767407936,0.35425609478115716,0.39284391376532035,neutral,01,11,11,male,normal,1203
10,0.33366666666666667,True,1.0,0.6067019400352738,0.6203311636778515,0.6135165518565626,0.5050375187728963,-0.05939814814814809,-0.06333333333333341,0.36495518469655525,0.3206189026988788,0.16667811036558883,1.2147940084674123,0.013629223642577681,0.003935185185185319,0.003169549928643,0.6102237763567959,0.12665272499615998,0.10236911034463644,0.0,0.9999999987499999,0.6058080838741746,0.28220357775972854,0.3593306381185088,0.3944833489115886,neutral,01,11,11,male,normal,1203
20,0.6673333333333333,True,1.0,0.5927041776734266,0.6199368773616889,0.6063205275175578,0.8095156679029354,-0.06129629629629635,-0.06550925925925927,0.35165185530510096,0.4259779175776069,0.165285163379568,0.748991713882749,0.027232699688262252,0.004212962962962918,0.00039922556447174464,0.35562681662807527,0.12617810441676394,0.10295355004674618,0.0,0.9999999987499999,0.6048510148590687,0.28227273266849523,0.3599638510392956,0.3938983523181273,neutral,01,11,11,male,normal,1203
30,1.0010000000000001,True,1.0,0.6065667585913508,0.6347041614167499,0.6206354600040503,1.0775753947605944,-0.06518518518518523,-0.06967592592592586,0.34398588377430817,0.5313686380516783,0.16392659186469774,0.5759554858265276,0.028137402825399116,0.004490740740740629,0.0012347045575989203,0.28909212637432663,0.12435272987367975,0.10478806315305987,0.0,0.9999999987499999,0.6037631333158263,0.284496485192834,0.35912108516077085,0.3915015590144992,neutral,01,11,11,male,normal,1203
40,1.3346666666666667,True,1.0,0.5685677011308607,0.5549200903097526,0.5617438957203067,0.5694246866024626,-0.06421296296296297,-0.06787037037037036,0.3730357253054416,0.35080447533889925,0.16111537299237594,0.9865113138526111,0.013647610821108103,0.003657407407407387,0.0026346573016124497,0.4974664948692367,0.12753043211721984,0.10202329232165527,0.0,0.9999999987499999,0.5936850104729392,0.2831994621280578,0.3790855003119021,0.39904341417692013,neutral,01,11,11,male,normal,1203
50,1.6683333333333334,True,1.0,0.5547001962252289,0.5687818254461381,0.5617410108356835,0.6731605407134679,-0.06407407407407412,-0.0685648148148148,0.3614936305387277,0.3433587710444653,0.16458750530379493,0.8344829752503121,0.014081629220909164,0.004490740740740684,0.003755651927930156,0.40374720464909697,0.12864337505167148,0.1036016819758969,0.0,0.7071067807446058,0.5976584200633379,0.28271060840792767,0.38071211946153616,0.39887634315345805,neutral,01,11,11,male,normal,1203
60,2.0020000000000002,True,1.0,0.5693294510261708,0.569094956589377,0.5692122038077739,0.7562290347118228,-0.06481481481481477,-0.06912037037037033,0.3461704677894568,0.36376410532696063,0.1680669046848666,0.752698161112902,0.00023449443679379733,0.0043055555555555625,0.0021680527262297462,0.37329000042930693,0.12440161296523415,0.10473002577197893,0.0,0.9999999987499999,0.6031227311627776,0.2851917567701809,0.35615907764373306,0.390207836044601,neutral,01,11,11,male,normal,1203
70,2.3356666666666666,True,1.0,0.5833180321475817,0.6036987794457634,0.5935084057966726,0.5432136189294832,-0.06337962962962962,-0.06745370370370374,0.37299934333364515,0.29785285641982046,0.16806690468486665,1.0925874924975296,0.020380747298181734,0.004074074074074119,0.004090689867718325,0.49588566232209236,0.12452928453431365,0.10347933713754849,0.0,0.9999999987499999,0.6073780323770134,0.28280286695038775,0.35617086454453456,0.39105882666853764,neutral,01,11,11,male,normal,1203
80,2.6693333333333333,True,1.0,0.5693294510261696,0.6081669936995999,0.5887482223628848,0.4824021793148698,-0.06277777777777771,-0.06611111111111118,0.37991895461986175,0.24760561017566637,0.17084941013020882,1.2204510004474953,0.038837542673430314,0.003333333333333466,0.005393188544197521,0.5799580161533989,0.1256348448146626,0.1025066319061862,0.0,0.9999999987499999,0.608635758186087,0.2826764182957644,0.360975877687842,0.3959067141043309,neutral,01,11,11,male,normal,1203
90,3.003,True,1.0,0.5834431748972797,0.5943819217429211,0.5889125483201004,0.49982241176399533,-0.06324074074074082,-0.06606481481481474,0.37786958402880083,0.2693755562175174,0.17223329679369817,1.1782435810384817,0.010938746845641445,0.0028240740740739234,0.004108499435928976,0.5773331226796525,0.12390844281511076,0.1038556971236594,0.0,0.9999999987499999,0.6077392667223139,0.2826616490403697,0.3558626229114467,0.39406695621368043,neutral,01,11,11,male,normal,1203
0,0.0,True,1.0,0.5427982967418392,0.5291347300602481,0.5359665134010436,0.44165913483297264,-0.06115740740740744,-0.06398148148148153,0.3810033310681589,0.25923247950927286,0.16180602707109712,1.2135297815219792,0.013663566681591077,0.00282407407407409,0.01935487981275453,0.6171091748217146,0.12232146532972546,0.10223889740252533,0.0,0.9999999987499999,0.6071172136354542,0.28558481232761784,0.35248391997949824,0.3973553777799966,calm,02,11,11,male,normal,1204
10,0.33366666666666667,True,1.0,0.5483033081928705,0.5473522877334982,0.5478277979631844,0.4705322828823035,-0.06250000000000006,-0.06495370370370374,0.37943476187085046,0.27417611142519455,0.16180744160947755,1.1642725013624946,0.0009510204593723426,0.00245370370370368,0.015985815840417417,0.5989118115086258,0.1219384016378976,0.10288082025351233,0.0,0.9999999987499999,0.6047378768929448,0.2854561792916607,0.3496231238148516,0.3941429122906937,calm,02,11,11,male,normal,1204
20,0.6673333333333333,True,1.0,0.5529169063084067,0.5437489588329941,0.5483329325707005,0.6746006951853875,-0.061851851851851936,-0.06495370370370368,0.37071186610524454,0.3704447899647373,0.1583376699824147,0.8128259227779372,0.009167947475412608,0.0031018518518517446,0.017728629072768228,0.44213464231794813,0.12145504943204459,0.1036349935354573,0.0,0.9999999987499999,0.6067155946831857,0.28722463983515834,0.35053175340673637,0.3889597797309952,calm,02,11,11,male,normal,1204
30,1.0010000000000001,True,1.0,0.5252149328830801,0.5312282371875011,0.5282215850352906,0.8436199596302121,-0.06194444444444441,-0.06611111111111112,0.373176778709372,0.4017894154781762,0.1569488194698862,0.6261368984996851,0.006013304304421041,0.004166666666666707,0.010883697130670583,0.3370495810775422,0.12299898675894973,0.10401940946078075,0.0,0.9999999987499999,0.5990560436283889,0.28870724229783296,0.3732642657086231,0.40209261540040286,calm,02,11,11,male,normal,1204
40,1.3346666666666667,True,1.0,0.3151374372551656,0.3239994033731033,0.31956842031413446,0.5460410138214192,-0.06717592592592586,-0.07152777777777786,0.3821267708804456,0.292103118918493,0.15486554499172353,0.5852461852227243,0.008861966117937714,0.0043518518518519955,0.010748922016028938,0.5370564272743272,0.12326649908007148,0.10388581443301056,0.0,0.9999999987499999,0.5982658049782413,0.28463992624118073,0.3674996799509915,0.39482850393449215,calm,02,11,11,male,normal,1204
50,1.6683333333333334,True,1.0,0.5068494412821973,0.4875215885217372,0.4971855149019673,0.7098145758190868,-0.06245370370370368,-0.06736111111111115,0.3824710961280524,0.3544441675350464,0.15694881946988615,0.7004442171791734,0.019327852760460118,0.004907407407407471,0.013996319125804152,0.3999951701418168,0.12288054578099152,0.10397622713548903,0.0,0.9999999987499999,0.6011446831232493,0.2876515027877711,0.37299429559134145,0.40248793298495544,calm,02,11,11,male,normal,1204
60,2.0020000000000002,True,1.0,0.5357831362179403,0.5094171975446039,0.5226001668812721,0.6160589343043041,-0.06245370370370368,-0.06597222222222227,0.3795285417643795,0.2680164366398824,0.16113431332307035,0.8482957356529988,0.026365938673336364,0.0035185185185185874,0.009565412088164794,0.44976527270879424,0.123614322219573,0.10347169457408624,0.0,0.9999999987499999,0.6004449776473089,0.2883404608065236,0.37193364597528833,0.40233975331765554,calm,02,11,11,male,normal,1204
70,2.3356666666666666,True,1.0,0.5313684070123441,0.5279850964937794,0.5296767517530618,0.6118861418597612,-0.06199074074074068,-0.06458333333333333,0.37432948677090544,0.23215874396553837,0.16528931763555116,0.8656459356035865,0.003383310518564664,0.0025925925925926463,0.01707593536534677,0.43556271601687563,0.12030648400397007,0.10532852756556509,0.0,0.9999999987499999,0.6086952643948205,0.28888993876430047,0.3505355784632585,0.39080637926040357,calm,02,11,11,male,normal,1204
80,2.6693333333333333,True,1.0,0.5312387417027661,0.499156559179528,0.5151976504411471,0.37563094027745486,-0.059212962962962856,-0.06300925925925921,0.3838526887528257,0.1549677688452123,0.16388935441060595,1.3715527535101424,0.03208218252323808,0.003796296296296353,0.012710043919739244,0.6464490089664966,0.13404745383985578,0.0951156082872231,0.0,0.9999999987499999,0.5470205293914441,0.25101141898489265,0.3757081822550627,0.36315006899065305,calm,02,11,11,male,normal,1204
90,3.003,True,1.0,0.5371130941945889,0.5184614866053692,0.527787290399979,0.4078300549471963,-0.05925925925925929,-0.06481481481481488,0.37822818808298914,0.19652994507710483,0.16597957692328513,1.2941353487749059,0.018651607589219688,0.005555555555555591,0.015705823652523213,0.6576542721170752,0.12173348007228411,0.10275304815213816,0.0,0.9999999987499999,0.6102417971407313,0.2857969635661202,0.3545472432947593,0.39938756584815976,calm,02,11,11,male,normal,1204
0,0.0,True,1.0,0.5645976266375803,0.5502745440524242,0.5574360853450022,0.48268613439222535,-0.0625,-0.06259259259259264,0.38046902206468325,0.3065355016665375,0.16121762434314496,1.1548624367403848,0.014323082585156133,9.259259259264407e-05,0.007963774987218293,0.5952955200519559,0.1333334062528497,0.09999990274305988,0.0,0.6248658992426627,0.5990957694015107,0.2770839590915969,0.3578059145033879,0.38462433185620964,calm,02,11,11,male,normal,1205
10,0.33366666666666667,True,1.0,0.5501571353170541,0.5501571353170533,0.5501571353170538,0.48285340594179116,-0.06148148148148147,-0.06231481481481482,0.3795220581383362,0.30653550166653765,0.15912178144899197,1.1393875005271812,7.771561172376096e-16,0.0008333333333333526,0.0050581840908734505,0.5950892959622773,0.13506900506656733,0.09764292929911492,0.0,0.5850540926539918,0.600191806722689,0.27794231195736635,0.36161598480037804,0.38531011323967895,calm,02,11,11,male,normal,1205
20,0.6673333333333333,True,1.0,0.5583417637817724,0.5359418614411909,0.5471418126114816,0.5157590185616616,-0.06263888888888891,-0.06458333333333333,0.383100022933244,0.31577753107667783,0.15774774662578886,1.060847785342348,0.022399902340581423,0.0019444444444444153,0.0021153529724380364,0.5533231505312689,0.13372070530089275,0.09928971144024991,0.0,0.665873100239626,0.5965909945540717,0.27628422386659396,0.3786683459652892,0.3894806142287359,calm,02,11,11,male,normal,1205
30,1.0010000000000001,True,1.0,0.5142299653343735,0.5219620565893514,0.5180960109618624,0.8657493404323896,-0.06421296296296297,-0.06620370370370371,0.3755421437644557,0.39995042577222756,0.1556516562416219,0.5984365066950033,0.007732091254977869,0.0019907407407407374,0.0012551471948248313,0.32693102826993087,0.1312253802826793,0.10256497157073978,0.0,0.9999999987499999,0.5946424219922343,0.2800956852305356,0.37802247225557833,0.38988411288220226,calm,02,11,11,male,normal,1205
40,1.3346666666666667,True,1.0,0.5286330418121411,0.5219620565893514,0.5252975492007462,0.5393109737223342,-0.06388888888888883,-0.06685185185185183,0.38487002381272445,0.2630229024870885,0.15906663296895077,0.9740160590004927,0.006670985222789749,0.0029629629629630005,0.0026217997899478118,0.5135023474564309,0.13403209786968864,0.09886895652690167,0.0,0.9999999987499999,0.594133310691464,0.277997893823751,0.3825662608030037,0.39122541851600273,calm,02,11,11,male,normal,1205
50,1.6683333333333334,True,1.0,0.5303739381730402,0.5302480126138575,0.5303109753934488,0.7822205760702484,-0.06407407407407412,-0.06490740740740736,0.3851946541356962,0.3203643461133627,0.1633140814428776,0.6779557986797621,0.00012592555918278237,0.0008333333333332416,0.008190023476534415,0.37186382534159207,0.13200980251944486,0.10155336460508545,0.0,0.6871957638439884,0.594115577887405,0.2803604078922514,0.38489107422125457,0.39508621254336684,calm,02,11,11,male,normal,1205
60,2.0020000000000002,True,1.0,0.559712405632544,0.544148178915474,0.551930292274009,0.6925915479461064,-0.06384259259259256,-0.0658333333333333,0.3803459305325867,0.26112010611923264,0.1667440107808775,0.7969059020583906,0.015564226717070029,0.0019907407407407374,0.0015747326552048788,0.41525765835280604,0.1310168063588811,0.10283127090153274,0.0,0.7683199535485611,0.5926883792345063,0.27946639841578375,0.3810069442734253,0.39276236514647167,calm,02,11,11,male,normal,1205
70,2.3356666666666666,True,1.0,0.5361766789119324,0.5495017004711432,0.5428391896915379,0.7387451300037774,-0.07143518518518516,-0.07337962962962963,0.3594553378940216,0.31345936928434676,0.17781253580877124,0.7348125458218076,0.013325021559210781,0.0019444444444444708,0.0012464317459957462,0.35208447120191383,0.13341883900290494,0.09988589074880497,0.0,0.6532287948089108,0.591274209652611,0.2796180210574956,0.3886344272620922,0.395363541868355,calm,02,11,11,male,normal,1205
80,2.6693333333333333,True,1.0,0.5970917665564514,0.5686773735775938,0.5828845700670227,0.4563511578048441,-0.06740740740740742,-0.07162037037037033,0.3831765617383918,0.24760561017566662,0.17160293092747086,1.2772720307555128,0.028414392978857506,0.004212962962962918,0.0005040256596639845,0.5810863488192505,0.13392637386571848,0.09901212151671152,0.0,0.8121697550009307,0.5944183535445429,0.2785274964994168,0.3843486410760154,0.39452992101281137,calm,02,11,11,male,normal,1205
90,3.003,True,1.0,0.5220794653247215,0.5045214359817027,0.5133004506532122,0.46261462964043787,-0.06462962962962965,-0.06824074074074077,0.39094892273761217,0.24403859080842308,0.17087798736771298,1.109563809195073,0.017558029343018755,0.0036111111111111205,0.0035599854260215747,0.5649610336894713,0.1367356722788482,0.0952949825460533,0.0,0.5835447583510573,0.5572354423644458,0.25076515263942956,0.37111191813586514,0.3669575652989141,calm,02,11,11,male,normal,1205
0,0.0,True,1.0,0.5746453355246092,0.5460382539870394,0.5603417947558242,0.5072676032649996,-0.05986111111111103,-0.0627314814814815,0.3730626442435412,0.2669537035211326,0.1659887698413517,1.1046275992182737,0.028607081537569745,0.0028703703703704675,0.0022201297732609795,0.5501601300629375,0.13292138705626536,0.10054691757939964,0.0,0.6608520224618304,0.6065893710452932,0.2776476737343325,0.36078365074288904,0.39322565735132037,calm,02,11,11,male,normal,1206
10,0.33366666666666667,True,1.0,0.5787011036890454,0.5821519235293868,0.5804265136092162,0.5171693486388466,-0.0618981481481482,-0.0640277777777778,0.3758736407849741,0.2649671273554695,0.1687572336412576,1.122314219001683,0.003450819840341457,0.0021296296296295925,0.0038629338193857444,0.5499562746024179,0.1334762451535166,0.09980916667032148,0.0,0.6235508667316029,0.6050434620957758,0.27820203778054897,0.3624384898443461,0.39248977725245016,calm,02,11,11,male,normal,1206
20,0.6673333333333333,True,1.0,0.6023665127270844,0.6062634887218947,0.6043150007244895,0.752099518594687,-0.06287037037037035,-0.06467592592592591,0.37197660297387286,0.3490306288945364,0.1652893176355511,0.8035040387390011,0.0038969759948103144,0.0018055555555555602,0.000667951573081006,0.39318722716819243,0.13332305169793335,0.10001370734835695,0.0,0.6347020134037789,0.6006951748590061,0.2806992151940777,0.36272389311836706,0.38811680363975004,calm,02,11,11,male,normal,1206
30,1.0010000000000001,True,1.0,0.5493902926761327,0.5416831860477195,0.5455367393619261,0.9518637175120916,-0.06384259259259256,-0.06759259259259259,0.3673427616018634,0.421417209893264,0.15974562616311458,0.5731248384882326,0.0077071066284132295,0.003750000000000031,0.003868429282089951,0.3003071020676951,0.13020390548118058,0.10385863864454872,0.0,0.6897295207246821,0.593668470208396,0.28106147273530413,0.380615323637776,0.3936832155685736,calm,02,11,11,male,normal,1206
40,1.3346666666666667,True,1.0,0.5503761353453843,0.5430367781786715,0.5467064567620279,0.559807775405634,-0.06328703703703703,-0.0643981481481481,0.38188451223373804,0.2730209892953592,0.16389633707769238,0.9765967547804906,0.0073393571667128565,0.0011111111111110628,0.003775205897932497,0.48557699287768635,0.1324156083532603,0.10102366301152366,0.0,0.6550313359369794,0.5937331021080308,0.279737163159248,0.3808716148519419,0.39321738045046967,calm,02,11,11,male,normal,1206
50,1.6683333333333334,True,1.0,0.5649496848222242,0.5613515267318452,0.5631506057770347,0.5812460024173455,-0.06222222222222229,-0.06490740740740736,0.37513020684430376,0.25066507040818936,0.16462087726121413,0.9688679206995767,0.003598158090379,0.0026851851851850683,0.008145132033207497,0.4646432581832538,0.13343692274778998,0.09986173150555447,0.0,0.5585571957957276,0.6057076719125151,0.2802269464644747,0.36394233642656204,0.38952081554854073,calm,02,11,11,male,normal,1206
60,2.0020000000000002,True,1.0,0.5593725197015827,0.5430361182899096,0.5512043189957462,0.615762271693879,-0.06319444444444444,-0.06412037037037027,0.3723388344561174,0.233977659065184,0.16809232395391244,0.895157667713966,0.01633640141167314,0.0009259259259258301,0.005626237185865267,0.45657599016361067,0.13144590675513568,0.10228219503543112,0.0,0.5608299330952657,0.6038846496880003,0.2807384963724665,0.3636106508560838,0.391153157862736,calm,02,11,11,male,normal,1206
70,2.3356666666666666,True,1.0,0.5449162522237144,0.5560845548540461,0.5505004035388803,0.6327149697226597,-0.0621296296296297,-0.0643981481481482,0.37684431279708236,0.23053491052026542,0.16807189805898226,0.8700606590360636,0.011168302630331639,0.002268518518518503,0.0053155068908592095,0.4221283033640772,0.1330010081992477,0.10044157301469882,0.0,0.6287741035805071,0.6051599418361094,0.2804190328704637,0.3660867369015663,0.3935164736507231,calm,02,11,11,male,normal,1206
80,2.6693333333333333,True,1.0,0.5503761353453844,0.5254684502666249,0.5379222928060047,0.45324826588310235,-0.0622685185185185,-0.06564814814814818,0.3852140474441782,0.18738747708489853,0.16945164844089428,1.1868159975370776,0.02490768507875951,0.003379629629629677,0.006379641618005592,0.5642303622023667,0.13468348205172773,0.09817401608528836,0.0,0.5731266888511849,0.6032354616221488,0.27938153630262147,0.36727055151807086,0.39392901316603346,calm,02,11,11,male,normal,1206
90,3.003,True,1.0,0.6017016307561468,0.5668136604506339,0.5842576456033903,0.44911069015897065,-0.06064814814814812,-0.06115740740740733,0.3806523501408465,0.19789347663804444,0.17016758544842106,1.3009212615192527,0.03488797030551294,0.0005092592592592093,0.0009523034185827131,0.5648720600916275,0.13298191027557,0.10046685677910151,0.0,0.5599209871691263,0.6062827677633553,0.2793904823876062,0.3645650216035031,0.3959239931276926,calm,02,11,11,male,normal,1206
0,0.0,True,1.0,0.47514296280283014,0.47984179072705224,0.47749237676494116,0.41269892612830505,-0.06125000000000008,-0.06435185185185177,0.3885189425417199,0.32866640989613405,0.1466027363890041,1.1569993196844237,0.004698827924222104,0.003101851851851689,0.002516932758340025,0.708909509131953,0.13291103794437342,0.09979988964924401,0.0,0.6337902088104088,0.5946123221241622,0.2772704463416796,0.37717235320751635,0.3868851730956179,calm,02,11,11,male,normal,1207
10,0.33366666666666667,True,1.0,0.4904025410420989,0.4875885809380163,0.4889955609900576,0.42379328934203814,-0.062083333333333324,-0.06444444444444442,0.37653746089927453,0.33062910087079933,0.14939188824453858,1.1538539502342038,0.00281396010408258,0.0023611111111110916,0.004399534162992343,0.6699554571197269,0.13324714496961482,0.09954227386476573,0.0,0.9999999987499999,0.5948579160648635,0.27791444028022155,0.3800266551825199,0.38797975271798335,calm,02,11,11,male,normal,1207
20,0.6673333333333333,True,1.0,0.48428024621666643,0.4936306618537281,0.48895545403519725,0.44903108911183387,-0.06185185185185188,-0.06694444444444436,0.3885249817184627,0.3075497722688292,0.15008593322998534,1.0889122510477665,0.009350415637061682,0.005092592592592482,0.004916835090725047,0.6477937557814423,0.1340575802119381,0.0986414469899491,0.0,0.9999999987499999,0.5930912467877776,0.2789069866806955,0.38187683552455093,0.3880351453314929,calm,02,11,11,male,normal,1207
30,1.0010000000000001,True,1.0,0.44135547347794524,0.42955291602360407,0.4354541947507746,1.000993095131848,-0.06685185185185183,-0.06879629629629624,0.3502450773172765,0.5286271801022194,0.14947102527351444,0.4350221763452003,0.011802557454341167,0.0019444444444444153,0.002482212008443338,0.3013477933470227,0.13161057695272121,0.10188339369352377,0.0,0.9388830957059566,0.5889709349755526,0.27914164031939837,0.38300410791822587,0.3912899666281097,calm,02,11,11,male,normal,1207
40,1.3346666666666667,True,1.0,0.4472091414233015,0.44385689049990523,0.44553301596160333,0.5911666717568101,-0.06449074074074074,-0.06634259259259262,0.37815368652712444,0.36757867724561627,0.14942048452318618,0.7536504293071573,0.0033522509233962494,0.0018518518518518823,0.003928821302336907,0.49169169042617256,0.13298804906849268,0.10007871242824311,0.0,0.9999999987499999,0.594133048047344,0.27719947040432696,0.38091992259648305,0.3869882703873594,calm,02,11,11,male,normal,1207
50,1.6683333333333334,True,1.0,0.4985237828700966,0.4800595151993354,0.489291649034716,0.7459522932239554,-0.06884259259259262,-0.07087962962962968,0.38294758622759434,0.443525317629793,0.15147403418582334,0.6559288757194252,0.018464267670761203,0.0020370370370370594,0.004289833627331068,0.39895287421144937,0.13336737799988804,0.0995726486638354,0.0,0.6006575691250712,0.5938478070368773,0.27885193481855897,0.3830461810059496,0.3914200321712329,calm,02,11,11,male,normal,1207
60,2.0020000000000002,True,1.0,0.5002028699416711,0.46551225716299244,0.4828575635523318,0.7932910747771494,-0.06870370370370377,-0.06944444444444448,0.35986992077458957,0.43125005775784225,0.1521961647124145,0.6086764100906791,0.03469061277867863,0.0007407407407407085,0.010614009576228762,0.3568353359691324,0.13190794354025778,0.10131021843709132,0.0,0.719476980664188,0.5951204002929297,0.2783035624491286,0.3770942945605538,0.3877702298056288,calm,02,11,11,male,normal,1207
70,2.3356666666666666,True,1.0,0.49865629790430005,0.47971781305114714,0.48918705547772356,0.6868913454725637,-0.07652777777777786,-0.07555555555555554,0.3635780688920228,0.370827472728022,0.16681491616261504,0.7121753079319632,0.018938484853152915,0.0009722222222223187,0.0002491367625928016,0.3956763880991319,0.132231350809218,0.10107640545414766,0.0,0.7071067807446058,0.5897433322313299,0.2769788396418892,0.3845857401652365,0.3910665234500897,calm,02,11,11,male,normal,1207
80,2.6693333333333333,True,1.0,0.4920670714551404,0.5017921146953408,0.4969295930752406,0.66755316906834,-0.07657407407407407,-0.07671296296296298,0.37300715464946016,0.37373518492958524,0.16676963168745204,0.7444045150272787,0.009725043240200404,0.0001388888888889106,0.0034425752308648227,0.4278592923679822,0.13311791035590095,0.09990591483489943,0.0,0.700986326668634,0.5911460924526061,0.2780957173071784,0.39112681333808885,0.39424854890482025,calm,02,11,11,male,normal,1207
90,3.003,True,1.0,0.5285141310381054,0.5360592701765606,0.5322867006073331,0.46303495291800567,-0.0725925925925926,-0.07560185185185186,0.3862546385443956,0.28925564193247394,0.16257932634106845,1.149560518602125,0.007545139138455226,0.003009259259259267,0.0011263381394951211,0.5494214196923355,0.1328714187506589,0.10023350715010514,0.0,0.9055504352829074,0.5884264095794568,0.2770938986826144,0.3826126683792964,0.3922744188642035,calm,02,11,11,male,normal,1207
100,3.336666666666667,True,1.0,0.5483033081928694,0.5219555369807404,0.5351294225868048,0.4307041708374886,-0.06944444444444453,-0.07287037037037031,0.37963372126479633,0.28044737386513025,0.16327343339026862,1.2424523810537176,0.026347771212129056,0.003425925925925777,0.003917065134252832,0.6140274263150951,0.13305710877249796,0.09998687754702285,0.0,0.7066678823231589,0.5828064933395234,0.27708014015809446,0.38404600946898887,0.3868913710465756,calm,02,11,11,male,normal,1207
0,0.0,True,1.0,0.5677844436689493,0.5584316475278,0.5631080455983746,0.4682613845638299,-0.06004629629629621,-0.06518518518518523,0.38529673702350875,0.25900947845203287,0.16388888888888886,1.2025506782347455,0.009352796141149367,0.005138888888889026,0.0206073331769,0.6222737920208143,0.13292109702894034,0.10054730098923732,0.0,0.7072485947769754,0.6053605688603567,0.2790120049728734,0.3632901428614766,0.3906904651051523,calm,02,11,11,male,strong,1208
10,0.33366666666666667,True,1.0,0.5540648960914574,0.5142775893745594,0.5341712427330083,0.4599446720668083,-0.061203703703703705,-0.065,0.39394457803059846,0.26111728377502774,0.16458518755548332,1.1613815208091343,0.03978730671689801,0.0037962962962962976,0.02064427672033692,0.6175402477502959,0.1343229036706182,0.09866678935303337,0.0,0.5852695170510017,0.6052637809576956,0.27840636404535246,0.36612406557120186,0.3905960798421687,calm,02,11,11,male,strong,1208
20,0.6673333333333333,True,1.0,0.5512734967032381,0.5407318270935253,0.5460026618983818,0.4518587612224617,-0.05995370370370373,-0.06592592592592594,0.3888326100235135,0.23773689382740126,0.16319491194709926,1.2083480696959876,0.010541669609712812,0.005972222222222212,0.0309690249252306,0.6243043873806425,0.13456328171785764,0.09833870542723154,0.0,0.6012990531942788,0.606255246106255,0.2779457466443126,0.3674184793035396,0.39106095651499373,calm,02,11,11,male,strong,1208
30,1.0010000000000001,True,1.0,0.5394067380446697,0.5220773142416091,0.5307420261431394,0.9019226885262426,-0.06587962962962973,-0.06925925925925924,0.3703992843049435,0.40293817010057975,0.16666666666666669,0.5884562312213046,0.017329423803060573,0.0033796296296295103,0.027195966840582637,0.3350672927144679,0.13064732201879609,0.10348456416622262,0.0,0.5688004386119487,0.6020473081107444,0.28091111887437603,0.36435120466615306,0.39103163775796806,calm,02,11,11,male,strong,1208
40,1.3346666666666667,True,1.0,0.5590597856535466,0.5639010288026941,0.5614804072281203,0.6149356009433324,-0.06754629629629627,-0.07138888888888884,0.37217960617722634,0.3599728780653059,0.16250046950052366,0.9130718832456439,0.004841243149147467,0.003842592592592564,0.01974377799703205,0.4834654920395578,0.13341902396519328,0.0996947233722648,0.0,0.706924732311959,0.5951659073629452,0.2793706090700276,0.3813083916077645,0.3902455670258029,calm,02,11,11,male,strong,1208
50,1.6683333333333334,True,1.0,0.5343834339171549,0.5276296900033314,0.5310065619602431,0.967461323835823,-0.06643518518518515,-0.07097222222222227,0.3621385581231384,0.4693645560473402,0.16532393237587528,0.5488659328053452,0.006753743913823551,0.004537037037037117,0.027476735191340473,0.31029738361091874,0.13251682886802493,0.10107951245620339,0.0,0.5499381924689198,0.6007402333589686,0.28149218894806777,0.36883793363747425,0.39291970211341437,calm,02,11,11,male,strong,1208
60,2.0020000000000002,True,1.0,0.5371500387020454,0.5078339348335709,0.5224919867678082,0.48823614811604504,-0.06342592592592594,-0.06912037037037039,0.3796359838302768,0.21682675702048507,0.1687504521116629,1.0701624383691088,0.029316103868474497,0.005694444444444446,0.031605737308394805,0.5028190381391434,0.13178691231699596,0.10184244481406401,0.0,0.9880671788996334,0.5951627743441127,0.2792177768937726,0.37624079367423685,0.3878581615968494,calm,02,11,11,male,strong,1208
70,2.3356666666666666,True,1.0,0.5313490452045085,0.5237518874228404,0.5275504663136745,0.6753417313895154,-0.06587962962962962,-0.07097222222222227,0.3767062173852541,0.30338716323359105,0.1687504521116629,0.7811607691238621,0.00759715778166814,0.0050925925925926485,0.02463548546697167,0.43363173394793775,0.1321995226677416,0.10130626846499542,0.0,0.8359342359156117,0.5910350251897634,0.2804478037460681,0.3815165852133919,0.3881149728282435,calm,02,11,11,male,strong,1208
80,2.6693333333333333,True,1.0,0.5089044281718462,0.5260674929255031,0.5174859605486747,0.8333173750270682,-0.07657407407407407,-0.0804629629629629,0.3181683334483757,0.47823260992857836,0.18194444444444446,0.6209950446933444,0.01716306475365692,0.0038888888888888307,0.029283509149957646,0.35380535941387875,0.13290892895342823,0.10056338486785805,0.0,0.5966710456598299,0.5968471610831833,0.2807513139658977,0.3762604739475935,0.3943802317066444,calm,02,11,11,male,strong,1208
90,3.003,True,1.0,0.5857637615002761,0.5694380317139661,0.5776008966071211,0.6599684870918274,-0.07564814814814813,-0.08194444444444443,0.3781766332960022,0.28314214930467807,0.18125042093162325,0.8751946614183629,0.016325729786309973,0.0062962962962963,0.024942734686304837,0.42290564068056147,0.1312530536102128,0.10271520670940257,0.0,0.572439946195857,0.5998668177896158,0.2803593021208279,0.373091767081401,0.39599881536480497,calm,02,11,11,male,strong,1208
100,3.336666666666667,True,1.0,0.5187516808225792,0.5325930498887037,0.5256723653556414,0.4483029190784076,-0.07189814814814821,-0.07981481481481484,0.38684757292024746,0.19151249344531468,0.17847264970529486,1.1725829634040417,0.013841369066124543,0.007916666666666627,0.026306857480055044,0.5407878374635599,0.13378660149910587,0.09939277152274573,0.0,0.6833783694060854,0.6006138774728642,0.2790161022354054,0.3725367893133054,0.394434344060675,calm,02,11,11,male,strong,1208
110,3.6703333333333332,True,1.0,0.5171649592083224,0.5201141254874727,0.5186395423478976,0.46103052985212895,-0.06916666666666671,-0.07680555555555563,0.3887911667329527,0.2170474925713565,0.17847906182851891,1.1249570446326973,0.002949166279150317,0.007638888888888917,0.028054882565190606,0.5563530634319718,0.13378398630503538,0.09939629158093091,0.0,0.6154159720168123,0.6013750376635029,0.278696805595612,0.3730800448586433,0.39506583386221344,calm,02,11,11,male,strong,1208
0,0.0,True,1.0,0.4528365754495045,0.45831177358427105,0.45557417451688775,0.40814350080089096,-0.06185185185185188,-0.06638888888888883,0.39135124987324993,0.2985793746435621,0.1507025447451693,1.1162107778830843,0.005475198134766546,0.004537037037036951,0.013094518372075035,0.6769543895928262,0.138279121160482,0.09304118670394272,0.0,0.612829454179519,0.544935714145033,0.24375170065313526,0.3807657702959842,0.37392826897727566,calm,02,11,11,male,strong,1209
10,0.33366666666666667,True,1.0,0.4617141368690343,0.4356501540634635,0.4486821454662489,0.40441836146058263,-0.06263888888888886,-0.0665277777777778,0.39505859768447277,0.28955945986910764,0.15348017591883703,1.1094504805513894,0.026063982805570762,0.0038888888888889417,0.01291800719433432,0.706623467822954,0.13921914767446159,0.09162863467870931,0.0,0.5739975106473068,0.5467581335971889,0.24400369467896035,0.38682604208855764,0.3731661297750863,calm,02,11,11,male,strong,1209
20,0.6673333333333333,True,1.0,0.4544183269974712,0.4587356989477975,0.4565770129726343,0.4016184676263711,-0.0631018518518518,-0.06722222222222224,0.3988232784425957,0.26255000207624196,0.1569488194698862,1.1368426747681124,0.004317371950326276,0.004120370370370441,0.014237330700144076,0.7114072403166695,0.1388592315822079,0.09217316082587561,0.0,0.6078766436844513,0.5476071396996298,0.2435473712813462,0.38155181255305903,0.36917088094375544,calm,02,11,11,male,strong,1209
30,1.0010000000000001,True,1.0,0.498523782870096,0.5016270030635713,0.5000753929668337,0.7796053917591905,-0.07467592592592587,-0.07606481481481481,0.4001544637707982,0.33981667061600457,0.1715282225678134,0.6414468117497322,0.003103220193475309,0.0013888888888889395,0.013865845258446275,0.3653310829007938,0.13098653793393214,0.10305486233774032,0.0,0.7065588218164465,0.6015439693768133,0.2834430801957322,0.37379108174083986,0.399088370992114,calm,02,11,11,male,strong,1209
40,1.3346666666666667,True,1.0,0.48923669467425007,0.48173816667337854,0.4854874306738143,0.5424722402202635,-0.07814814814814813,-0.07851851851851849,0.38710842323628003,0.2770735889941188,0.17362693070286386,0.8949535011721312,0.007498528000871529,0.00037037037037035425,0.011451420242114515,0.5297466914800018,0.13209237825141734,0.10106962717200307,0.0,0.6674795644712225,0.5882722334089885,0.2806649793798543,0.38784178420113685,0.3954258275693104,calm,02,11,11,male,strong,1209
50,1.6683333333333334,True,1.0,0.4593418313352135,0.4642187205974074,0.46178027596631044,0.7082720472188013,-0.07467592592592587,-0.07675925925925925,0.39411003181618026,0.3595721420868305,0.166732571605034,0.6519815059476094,0.004876889262193873,0.0020833333333333814,0.01772330207248516,0.4070805001615831,0.13070396589923713,0.1028588315449503,0.0,0.6813464438033463,0.5896471066395309,0.2797965761618273,0.3866367150679472,0.39662774850838345,calm,02,11,11,male,strong,1209
60,2.0020000000000002,True,1.0,0.4645282034790538,0.46569382018540584,0.4651110118322298,0.8272835312482847,-0.07055555555555554,-0.07500000000000001,0.37589996311408724,0.4128362307493894,0.16112815795980323,0.5622147598301948,0.0011656167063520129,0.004444444444444473,0.017017405302945727,0.3304370201560453,0.13063586440655559,0.1031302128715011,0.0,0.9999999987499999,0.5906173484159288,0.2798259164387079,0.38563948208262666,0.39135952875994023,calm,02,11,11,male,strong,1209
70,2.3356666666666666,True,1.0,0.4686018849949822,0.4792177558617642,0.47390982042837315,0.6623294641108523,-0.06777777777777777,-0.07296296296296295,0.3665113274741951,0.31037848575492333,0.16250751184560666,0.7155197618523221,0.010615870866782007,0.005185185185185182,0.013911913825472572,0.39442966713513594,0.13355372379545294,0.09932256912177206,0.0,0.9999999987499999,0.5852922784348115,0.2770616645801249,0.39241783657651247,0.3937698187805265,calm,02,11,11,male,strong,1209
80,2.6693333333333333,True,1.0,0.47072786497747493,0.46401339544713516,0.46737063021230507,0.6514943455165552,-0.06504629629629627,-0.0703240740740741,0.3821390214465355,0.2742328953142344,0.16598371379942176,0.7173824814116191,0.006714469530339773,0.005277777777777826,0.017783010630981207,0.4007835041012084,0.13275589241305735,0.10076532539184618,0.0,0.5727703609583125,0.6000922389502676,0.27967639760395036,0.3749949779006416,0.3899226781484468,calm,02,11,11,male,strong,1209
90,3.003,True,1.0,0.528639644827699,0.4987814546897686,0.5137105497587338,0.3501756456496716,-0.06481481481481483,-0.07023148148148145,0.39396254796255614,0.1862460038752735,0.16319491194709926,1.467008217563675,0.029858190137930396,0.005416666666666625,0.005982418493399993,0.7318910253842513,0.13281813154441965,0.10030410664232473,0.0,0.9999999987499999,0.5796809438697355,0.27789242492294036,0.38480153382078447,0.3853146717603119,calm,02,11,11,male,strong,1209
100,3.336666666666667,True,1.0,0.47527294200858916,0.47566245375861055,0.4754676978835999,0.3838489314019939,-0.0643055555555555,-0.06884259259259257,0.3921573221914357,0.1973052150619792,0.16458379689082922,1.238684438033921,0.0003895117500213874,0.004537037037037062,0.013578599747322765,0.6808616265713267,0.1338649566111738,0.09909514223956692,0.0,0.9999999987499999,0.5809792309658238,0.27728598870740917,0.39088831161196486,0.3864546829763097,calm,02,11,11,male,strong,1209
110,3.6703333333333332,True,1.0,0.48454527628507194,0.44920393310247586,0.4668746046937739,0.35444912229332587,-0.0642592592592593,-0.06898148148148142,0.398805945165517,0.20681020347997964,0.16250422545588042,1.3171836952876126,0.035341343182596074,0.004722222222222128,0.013687148116543764,0.7084444313860452,0.13436097028827615,0.09822779413121782,0.0,0.6937611541334535,0.5811759160695529,0.2773618134829014,0.3894877257139359,0.3870834940653154,calm,02,11,11,male,strong,1209
0,0.0,True,1.0,0.48441276125086774,0.5012279443341623,0.492820352792515,0.5166697238518049,-0.06324074074074076,-0.06680555555555556,0.36652539299389625,0.346106403805779,0.15765631117778303,0.9538402001156729,0.01681518308329455,0.0035648148148147984,0.011650699018182933,0.5567459331452309,0.1346368995417831,0.09823789011177414,0.0,0.6668065857549429,0.6012051313728617,0.27955988098521894,0.3681471701582523,0.39092709175518586,calm,02,11,11,male,strong,1210
10,0.33366666666666667,True,1.0,0.4921978701994417,0.4932974090975791,0.4927476396485104,0.5142442307670312,-0.06361111111111106,-0.06634259259259256,0.38012697195489614,0.34909572164497316,0.1597341634368508,0.9581977009514387,0.0010995388981373533,0.0027314814814815014,0.0008732851288858331,0.5672046148394488,0.13442758758529152,0.0985241161735693,0.0,0.7859774732822459,0.5999893187353068,0.27896510427872306,0.3677175772593476,0.39078533372858104,calm,02,11,11,male,strong,1210
20,0.6673333333333333,True,1.0,0.5130176330944642,0.5020514758165827,0.5075345544555234,0.5364672547480812,-0.06453703703703706,-0.06680555555555556,0.37186942696976394,0.34815336108441836,0.15835694254147833,0.9460680963535337,0.010966157277881527,0.002268518518518503,0.001112091096614883,0.5565999047029602,0.13440168291015028,0.09855945110831112,0.0,0.6143799002595589,0.599517102598852,0.27913139297029765,0.36859442332198233,0.3914684468448424,calm,02,11,11,male,strong,1210
30,1.0010000000000001,True,1.0,0.4922483285644207,0.4877219647434187,0.4899851466539197,1.0192426510382,-0.06722222222222235,-0.06898148148148148,0.3498420414847068,0.5165575421967513,0.1611494639848281,0.4807345396651338,0.004526363821001966,0.0017592592592591272,0.004622839438897384,0.30586710589790816,0.1312761709000204,0.10268565978364035,0.0,0.6274489574372415,0.5996303983468388,0.28127120625900703,0.36996875348346314,0.392726744324992,calm,02,11,11,male,strong,1210
40,1.3346666666666667,True,1.0,0.5010947793225878,0.5303739381730402,0.515734358747814,0.5743922648455674,-0.0668981481481481,-0.06870370370370371,0.36993154289965563,0.3470398145774733,0.15976090851877864,0.8978783147201255,0.029279158850452403,0.0018055555555556158,0.0028153032549311,0.4988802475265493,0.1328372098222295,0.1002788390593598,0.0,0.7981138621118544,0.5921671027864269,0.2787400645665831,0.3827879103257586,0.3920389576230522,calm,02,11,11,male,strong,1210
50,1.6683333333333334,True,1.0,0.5382485473447092,0.5078583233935294,0.5230534353691193,0.7109036977979564,-0.06699074074074074,-0.07041666666666668,0.37629638468888243,0.3881745650199714,0.15837235890010942,0.7357584958262161,0.03039022395117974,0.0034259259259259434,0.005304065800959553,0.4064734305429576,0.13258084346960955,0.10061754231424559,0.0,0.682175946333064,0.5895008669483418,0.2802595236491674,0.38361163125198466,0.39129784093229336,calm,02,11,11,male,strong,1210
60,2.0020000000000002,True,1.0,0.5383696482720626,0.5220458553791888,0.5302077518256256,0.5961842929930083,-0.06699074074074074,-0.07134259259259257,0.36882367278139333,0.331722379001978,0.1611684003091872,0.8893353247597946,0.01632379289287378,0.004351851851851829,0.0006971949887436623,0.4494156573885748,0.13322784279744862,0.09975926914335231,0.0,0.7515810464729027,0.5923102452777986,0.2791644005445123,0.38314049966712715,0.3915963144775209,calm,02,11,11,male,strong,1210
70,2.3356666666666666,True,1.0,0.5297149632874038,0.5078583233935294,0.5187866433404666,0.6638380738647286,-0.06837962962962962,-0.07180555555555551,0.36865822766703676,0.331722379001978,0.16048513825490024,0.7814957649539407,0.02185663989387432,0.003425925925925888,0.009850565892026479,0.4150299896920915,0.1338645966213715,0.09890318320470164,0.0,0.7220634797516294,0.5891372302045819,0.28001244259407815,0.3861665517098309,0.39349003576610864,calm,02,11,11,male,strong,1210
80,2.6693333333333333,True,1.0,0.5446983408630955,0.5081844632883213,0.5264414020757084,0.725983562851428,-0.06865740740740739,-0.07129629629629619,0.3695455850826383,0.36953345922305436,0.16253802514839608,0.7251423159059103,0.0365138775747742,0.002638888888888802,0.002285540712576394,0.4064734305429596,0.13309845567587544,0.09974099972242031,0.0,0.6612044573419926,0.5895501626744447,0.28007296177954544,0.3851350853620104,0.39328811380809536,calm,02,11,11,male,strong,1210
90,3.003,True,1.0,0.5446983408630968,0.5304659498207887,0.5375821453419427,0.48134453005514594,-0.06662037037037033,-0.06949074074074069,0.37060773174685707,0.31386637798290556,0.16189794635882349,1.116834433083417,0.014232391042308112,0.0028703703703703565,0.008952053746832573,0.5625677371751696,0.13378099756091258,0.09901623386163386,0.0,0.9999999987499999,0.58795198394983,0.2795013291517617,0.38259901939162194,0.3926376561822819,calm,02,11,11,male,strong,1210
100,3.336666666666667,True,1.0,0.5439092093930179,0.5445790399817989,0.5442441246874083,0.4440810312766242,-0.06564814814814812,-0.0693981481481481,0.38036501292997893,0.30024344345129755,0.16047420378119986,1.2255513889499847,0.0006698305887810063,0.0037499999999999756,0.0028260275027152475,0.6125033323506771,0.1344301656966522,0.09813307509367498,0.0,0.9999999987499999,0.5874692281287515,0.277931259346043,0.38108790745133947,0.3898675341180146,calm,02,11,11,male,strong,1210
110,3.6703333333333332,True,1.0,0.4937545901977087,0.4938271604938262,0.49379087534576743,0.4538004544024738,-0.0667592592592593,-0.07004629629629633,0.3810632154117459,0.27213972654962715,0.16395591040729382,1.088123360290482,7.257029611751342e-05,0.0032870370370370328,0.000199074736123121,0.5950215642677639,0.13791934545397422,0.09357367109251352,0.0,0.6469455215047714,0.5457767480351515,0.2451598885487939,0.38030624340832275,0.37139088244739815,calm,02,11,11,male,strong,1210
0,0.0,True,1.0,0.5495017004711427,0.5271960708459285,0.5383488856585356,0.46885920672384945,-0.06402777777777768,-0.06703703703703706,0.37933751803785604,0.3189290488354126,0.16183572978066985,1.1482101192386618,0.022305629625214207,0.003009259259259378,0.0033491655732231385,0.5960524562176417,0.13918887678217648,0.09167461127513823,0.0,0.6242132432760712,0.5529914091495973,0.24387529139948497,0.38509400673091304,0.37355643230957947,calm,02,11,11,male,strong,1211
10,0.33366666666666667,True,1.0,0.5212164315132537,0.5219555369807409,0.5215859842469973,0.49515297852858703,-0.06671296296296297,-0.06907407407407412,0.37718736099286004,0.33194656103277675,0.16182252924949747,1.0533835135092178,0.0007391054674872333,0.002361111111111147,0.0059071323436231974,0.593854571654784,0.13888064671394165,0.09214089070886029,0.0,0.5709115196205665,0.5539476439950981,0.24400345125230655,0.38450869333672527,0.372406643075508,calm,02,11,11,male,strong,1211
20,0.6673333333333333,True,1.0,0.5295958091458327,0.5485315324039246,0.5390636707748786,0.4594926479394523,-0.06504629629629627,-0.06787037037037036,0.37752317437842264,0.30815852477532296,0.16323230782131182,1.1731714820514634,0.018935723258091897,0.00282407407407409,0.007916189551712255,0.6126701116299712,0.13607838554039925,0.0962312358886851,0.0,0.7082169914922846,0.600445954084759,0.27908670009817504,0.3752480607373213,0.3979777939244802,calm,02,11,11,male,strong,1211
30,1.0010000000000001,True,1.0,0.5143488761084087,0.5161688363642812,0.5152588562363449,0.966811790377619,-0.06486111111111109,-0.0673611111111111,0.3667317113905259,0.4698489235118766,0.15976090851877864,0.5329463928393904,0.0018199602558724992,0.0025000000000000022,0.007443219383795556,0.3214264301476729,0.13057417803744514,0.10357684008096159,0.0,0.6683286803451757,0.5968109331388807,0.2823565363119724,0.3739179878513593,0.39597924101638776,calm,02,11,11,male,strong,1211
40,1.3346666666666667,True,1.0,0.49383349426763784,0.48738825951588405,0.49061087689176097,0.5652745912035025,-0.06624999999999998,-0.0685648148148148,0.3848700238127248,0.34000521541013834,0.1562988204979887,0.8679160261691965,0.006445234751753792,0.002314814814814825,0.003339683262268047,0.5187038418017427,0.13260340114686653,0.10077704018397061,0.0,0.9999999987499999,0.5897903743294193,0.27843104952153475,0.38120096941754256,0.38917782854355004,calm,02,11,11,male,strong,1211
50,1.6683333333333334,True,1.0,0.5049489038499139,0.4938858045675898,0.49941735420875183,0.6037187206041432,-0.06685185185185177,-0.06944444444444442,0.38170331794134854,0.3528356008973133,0.15697555308701833,0.82723516293976,0.011063099282324074,0.0025925925925926463,0.0013104327241482828,0.48240751213354804,0.13456215756911022,0.09814631717231001,0.0,0.9999999987499999,0.5891630501184849,0.27932615512315845,0.3842180217157481,0.38826573799112346,calm,02,11,11,male,strong,1211
60,2.0020000000000002,True,1.0,0.483387645914767,0.4797893573976679,0.48158850165621747,0.5153785977903896,-0.06569444444444444,-0.06865740740740744,0.37419881410187233,0.3034366641783341,0.15766260208674757,0.9344363613874495,0.003598288517099091,0.0029629629629630005,0.005428412166074969,0.5283850184965819,0.1338762383277757,0.09888742431590154,0.0,0.7562388770517235,0.5914146001681923,0.27780699785945095,0.3853919423008074,0.3937083066377763,calm,02,11,11,male,strong,1211
70,2.3356666666666666,True,1.0,0.46860188499498107,0.48745519713261737,0.4780285410637992,0.6969428265991138,-0.06638888888888883,-0.06861111111111112,0.3839786835573116,0.39311080399341497,0.15280973466280237,0.6858934805261501,0.018853312137636302,0.002222222222222292,0.00969412347975786,0.4197850698435941,0.13263494994115343,0.10073551448254228,0.0,0.9999999987499999,0.5923652250665892,0.27888272699592226,0.3846858730458906,0.3940184276835447,calm,02,11,11,male,strong,1211
80,2.6693333333333333,True,1.0,0.4686018849949822,0.4730655602170471,0.47083372260601464,0.7555679513837448,-0.06490740740740736,-0.06787037037037041,0.34097881163046,0.4064639631742846,0.15766260208674757,0.6231520563355437,0.004463675222064922,0.002962962962963056,0.007942147900927286,0.3694483702511508,0.13396035391716024,0.09896614270805719,0.0,0.9999999987499999,0.5905215544967987,0.2790528380815062,0.39051830409705435,0.3941340061364106,calm,02,11,11,male,strong,1211
90,3.003,True,1.0,0.49040254104209663,0.5012279443341618,0.49581524268812927,0.6187515581997061,-0.0673611111111111,-0.07032407407407415,0.38041059227693713,0.3345832359592355,0.15279575434801376,0.8013155459854239,0.010825403292065217,0.002962962962963056,0.008140438301643573,0.4257492811368301,0.1335933938623644,0.09907709647215138,0.0,0.6510530288354999,0.592163331668605,0.27867000198722736,0.3849238983406373,0.392122916414057,calm,02,11,11,male,strong,1211
100,3.336666666666667,True,1.0,0.5111543902674558,0.5012279443341617,0.5061911673008088,0.4322820041686283,-0.06523148148148145,-0.06949074074074074,0.3899534523653092,0.2664149868014463,0.15487884587196024,1.1709744158198856,0.009926445933294059,0.004259259259259296,0.012751896655671289,0.6171091748217131,0.13398606426554308,0.0987385662206047,0.0,0.5773502689490632,0.5904364293217288,0.2779533929753328,0.3801087648621938,0.38610754720729945,calm,02,11,11,male,strong,1211
110,3.6703333333333332,True,1.0,0.4761254157490557,0.47921775586176313,0.4776715858054094,0.40062862729372883,-0.06435185185185188,-0.06944444444444442,0.3972281682726695,0.24353181985448427,0.15695222218313856,1.1923051755739738,0.0030923401127074257,0.0050925925925925375,0.01228531447976658,0.6866946183982654,0.1358001828933438,0.09642605535063832,0.0,0.6050293312532243,0.590132665034764,0.2769369190920082,0.38457747396572706,0.3880881903643872,calm,02,11,11,male,strong,1211
0,0.0,True,1.0,0.49935202922812416,0.485484524322494,0.4924182767753091,0.44582059592300066,-0.0628703703703703,-0.06560185185185186,0.38334551564737607,0.27502124857893306,0.16186259896408314,1.1045211488173519,0.013867504905630157,0.002731481481481557,0.008373649205818665,0.6470999208148489,0.1383365508065112,0.09295577702974693,0.0,0.5323106072056027,0.5613570570024885,0.24866183353093857,0.3678864706027669,0.35577397528066695,happy,03,11,11,male,normal,1212
10,0.33366666666666667,True,1.0,0.5410578059823109,0.5485315324039245,0.5447946691931177,0.45254819695415927,-0.061620370370370436,-0.06620370370370371,0.38314445353481064,0.29077367133863524,0.1611684003091872,1.2038378958524556,0.007473726421613591,0.004583333333333273,0.005320398715950263,0.6130651935875492,0.1339998175437196,0.09852672138758253,0.0,0.6182755717494436,0.5974331190054147,0.2775356611435953,0.37749835680580385,0.38697733942274726,happy,03,11,11,male,normal,1212
20,0.6673333333333333,True,1.0,0.5073770623333945,0.5305748280461866,0.5189759451897906,0.7157906629536697,-0.06240740740740741,-0.0672685185185185,0.3736036358695237,0.34447179075716283,0.16253802514839602,0.7250387187900241,0.023197765712792084,0.004861111111111094,0.00717743817891717,0.43047140536171163,0.1323112119270054,0.10134851242042624,0.0,0.6457123116076673,0.6050941670261856,0.28075505434284503,0.36106625605074477,0.3840190390132302,happy,03,11,11,male,normal,1212
30,1.0010000000000001,True,1.0,0.4544183269974707,0.4518840534749587,0.4531511902362147,0.7913317128335859,-0.06782407407407404,-0.07152777777777775,0.3888468067123039,0.4145380975680292,0.1541745845376634,0.5726437888020174,0.0025342735225120094,0.003703703703703709,0.01307674860376953,0.35942776320186925,0.13078179574200893,0.10257428470983207,0.0,0.6364069128833086,0.6046755864611469,0.28481416607308646,0.37505040961015257,0.40139214457763406,happy,03,11,11,male,normal,1212
40,1.3346666666666667,True,1.0,0.46171525303935024,0.45188405347495986,0.45679965325715505,0.9483170724758055,-0.06652777777777785,-0.06865740740740739,0.3718769312839135,0.4736083766559193,0.15627392394971282,0.4816950643570844,0.00983119956439038,0.002129629629629537,0.008628049410719723,0.31029738361091835,0.13085223416813388,0.10285554282380134,0.0,0.9999999987499999,0.5993200548656963,0.2816036363711883,0.38112378510048356,0.3970680632998667,happy,03,11,11,male,normal,1212
50,1.6683333333333334,True,1.0,0.49865629790429955,0.47921866473533803,0.4889374813198188,0.7782649489325791,-0.06337962962962962,-0.06833333333333336,0.3744286740305111,0.34898916077088193,0.16111537299237588,0.628240398068056,0.01943763316896152,0.004953703703703738,0.011589237294490254,0.37146066493752233,0.13173746250160429,0.10153180241921755,0.0,0.7071067807446058,0.5982622822644682,0.2809512415967701,0.38281706441892693,0.3926262587072431,happy,03,11,11,male,normal,1212
60,2.0020000000000002,True,1.0,0.4700367095632335,0.46513901149952264,0.4675878605313781,0.6873408561576988,-0.0635648148148148,-0.06884259259259262,0.381022537567743,0.28491042629723706,0.16532393237587534,0.6802852708992726,0.004897698063710876,0.005277777777777826,0.009477084998978478,0.4097263117526301,0.1316831749702096,0.10160220154320383,0.0,0.9999999987499999,0.595597888428809,0.27905894344332083,0.3802299934603336,0.3900694578066178,happy,03,11,11,male,normal,1212
70,2.3356666666666666,True,1.0,0.5079822517375111,0.49718520564792446,0.5025837286927177,0.3690094882534693,-0.061712962962963025,-0.06555555555555553,0.38708772196711183,0.17097808044190538,0.1694665057164012,1.361980503730293,0.010797046089586648,0.0038425925925925086,0.01673729451865478,0.717611552383596,0.13362692979665533,0.09922405711158641,0.0,0.7071067807446058,0.5916287503282562,0.27690966320796057,0.38008455369389577,0.38345361380637716,happy,03,11,11,male,normal,1212
80,2.6693333333333333,True,1.0,0.5163809868897449,0.4833876459147687,0.4998843164022568,0.3848089069826048,-0.059537037037037,-0.06412037037037033,0.3969534709037276,0.18570934695357424,0.1687572336412576,1.2990455972601849,0.03299334097497619,0.004583333333333328,0.01739656797330055,0.6765302036032074,0.13411676010594686,0.09875408084094937,0.0,0.9999999987499999,0.5917933116293392,0.277783300763812,0.3804120293635556,0.3854000713489264,happy,03,11,11,male,normal,1212
90,3.003,True,1.0,0.5159169852459138,0.48161017965815794,0.4987635824520359,0.40343568546880454,-0.06254629629629632,-0.06574074074074066,0.39779107291247245,0.1823565791683283,0.1687721520471924,1.236290195480495,0.03430680558775584,0.003194444444444333,0.011641819969714688,0.6728544197289651,0.13771071354103442,0.09388044071180626,0.0,0.6144417321109822,0.5568471443030337,0.24790506937610254,0.3745552348063432,0.35630510344807703,happy,03,11,11,male,normal,1212
0,0.0,True,1.0,0.5451752313139833,0.5207960087239718,0.5329856200189775,0.3842418248537476,-0.060972222222222205,-0.06287037037037041,0.4310389782166486,0.12778393423426043,0.1701752071586408,1.3871098499541161,0.024379222590011462,0.0018981481481482043,0.0045196329384563135,0.7337524119985431,0.1336198059961136,0.09961689222836541,0.0,0.6133475040783917,0.6054598609209308,0.278022589659385,0.37014414196828577,0.3958523822567349,happy,03,11,11,male,normal,1213
10,0.33366666666666667,True,1.0,0.5163809868897461,0.5057192418940537,0.5110501143919,0.398418111021279,-0.06027777777777771,-0.06222222222222229,0.42563201517284843,0.1403112581477659,0.1687721520471924,1.2826980005550135,0.01066174499569239,0.0019444444444445819,0.0069469596432550264,0.6989040860247009,0.13292379166917723,0.10054373864074201,0.0,0.7031889600113588,0.6066542564291342,0.27804028966987754,0.36886141038184045,0.3976222340138621,happy,03,11,11,male,normal,1213
20,0.6673333333333333,True,1.0,0.5310888407340212,0.5193608164481884,0.5252248285911048,0.37454982643553475,-0.05967592592592591,-0.061712962962963025,0.42998035901625725,0.1342723420918187,0.1673980320418562,1.4022829314579945,0.01172802428583275,0.002037037037037115,0.006819307872996566,0.7423769901509717,0.13297221878250653,0.10047968353679283,0.0,0.6772002350919538,0.6056718387198631,0.27774074633997703,0.3690539572309122,0.39840930009848446,happy,03,11,11,male,normal,1213
30,1.0010000000000001,True,1.0,0.41439140579155437,0.45187445744255644,0.4331329316170554,0.8626324510142703,-0.06518518518518523,-0.06680555555555551,0.41574308284550404,0.36024385464247294,0.15492071155702045,0.5021060025133348,0.037483051651002075,0.001620370370370272,0.005507070709998067,0.3413605679030849,0.12770920809750555,0.10655432462105124,0.0,0.7828597028666595,0.594473352559774,0.2806695855106833,0.3756316980707137,0.39733218463594183,happy,03,11,11,male,normal,1213
40,1.3346666666666667,True,1.0,0.4200601065041717,0.4086695077616802,0.41436480713292595,0.7087536201542369,-0.06254629629629627,-0.06467592592592591,0.3939359297540105,0.3790017554007024,0.15077998189393507,0.5846387169673335,0.011390598742491487,0.002129629629629648,0.010162710038566367,0.40460726521541773,0.129876068417268,0.10408542995368109,0.0,0.5373174215552123,0.5950720933529663,0.2826857308268243,0.3708360081465317,0.38362848877787453,happy,03,11,11,male,normal,1213
50,1.6683333333333334,True,1.0,0.43657111530072973,0.3876914997488703,0.4121313075248,0.5126781314824641,-0.06194444444444441,-0.06347222222222221,0.38992615224105875,0.2879263002994777,0.16047420378119986,0.8038792416073568,0.048879615551859434,0.0015277777777777946,0.011832352476484584,0.535862002882943,0.1311331981742651,0.10249709367965731,0.0,0.9999999987499999,0.5968324916060175,0.2761337127434021,0.37169874566497146,0.3785534458545114,happy,03,11,11,male,normal,1213
60,2.0020000000000002,True,1.0,0.4655122571629936,0.43683409229022857,0.4511731747266111,0.6515291866107801,-0.06305555555555553,-0.06652777777777785,0.37946324950717586,0.27302098929535934,0.166732571605034,0.6924834435638867,0.028678164872765033,0.003472222222222321,0.012324602877118885,0.4529516706942033,0.13182117086996054,0.10179809789194463,0.0,0.6959559716539604,0.5915968616040167,0.27805102421959255,0.3821890350221771,0.38669164081936025,happy,03,11,11,male,normal,1213
70,2.3356666666666666,True,1.0,0.5079822517375105,0.507833934833571,0.5079080932855408,0.4255526945031717,-0.05949074074074073,-0.06189814814814815,0.4171418407465071,0.08838748449350448,0.17849316768879103,1.1935257368738275,0.00014831690393957153,0.0024074074074074137,0.017078756588517135,0.6565966340507668,0.1297755886953536,0.10457568718306215,0.0,0.7071067807446058,0.6040380855779811,0.27695433191007723,0.36986622220823034,0.3956299718657204,happy,03,11,11,male,normal,1213
80,2.6693333333333333,True,1.0,0.506027679840701,0.47106568777453206,0.4885466838076165,0.35479605126899,-0.05805555555555558,-0.05870370370370365,0.4232987863433623,0.08814298674886957,0.18057076675375175,1.376978920876498,0.0349619920661689,0.0006481481481480644,0.012017214832830619,0.7703671297382064,0.13009139019233162,0.10399953856371362,0.0,0.7071067807446058,0.6033441268851291,0.2749144332850189,0.3729195250117203,0.40045654480261006,happy,03,11,11,male,normal,1213
90,3.003,True,1.0,0.4924278552858781,0.4781599293394404,0.4852938923126593,0.3606702417646663,-0.05592592592592588,-0.058888888888888824,0.4194619946981895,0.10154930564696636,0.17917049906572244,1.3455334987944714,0.01426792594643772,0.002962962962962945,0.015614805870390413,0.7518941775204583,0.13117295849873398,0.10281747288267602,0.0,0.7071067807446058,0.6021034695049895,0.27718509446364964,0.3726802788527355,0.4010132771046639,happy,03,11,11,male,normal,1213
0,0.0,True,1.0,0.5394114619214755,0.5115281324049195,0.5254697971631974,0.37894385735882113,-0.057638888888888906,-0.062361111111111145,0.400202345980672,0.16978026336361712,0.1694606530057904,1.3866692570916415,0.027883329516556032,0.004722222222222239,0.008980562520181895,0.7163422200218731,0.13410512554247944,0.0989625842170661,0.0,0.9999999987499999,0.6075991972804747,0.27990769410535926,0.36833584263241737,0.40087768977780497,happy,03,11,11,male,normal,1214
10,0.33366666666666667,True,1.0,0.553849305538858,0.554047226156528,0.5539482658476931,0.3638747897576088,-0.056203703703703645,-0.062499999999999944,0.4041498947767936,0.18108776348153965,0.17014606348251393,1.5223595627954871,0.0001979206176699888,0.0062962962962963,0.008022084940114815,0.7653467406161926,0.13310950059968382,0.10029774983369627,0.0,0.6549510169840417,0.6086311515074779,0.27990113281237916,0.36913624044128773,0.40041369779383434,happy,03,11,11,male,normal,1214
20,0.6673333333333333,True,1.0,0.5307112770517737,0.5133927375842238,0.5220520073179987,0.3794322332786418,-0.05856481481481485,-0.06407407407407406,0.41251990090472035,0.16456074179905814,0.17084047876316596,1.3758768009955074,0.01731853946754991,0.005509259259259214,0.014031056603292626,0.6986161129061421,0.13401550252009492,0.0990839182512376,0.0,0.6613647064181922,0.6092729253263806,0.2792621906901975,0.37169525518287516,0.39917302411461986,happy,03,11,11,male,normal,1214
30,1.0010000000000001,True,1.0,0.4563678534775892,0.44400779910796817,0.45018782629277865,0.9954984897296479,-0.0622685185185185,-0.06523148148148156,0.41393046702906555,0.3517687126084963,0.16044710209113924,0.45222351509045305,0.01236005436962101,0.002962962962963056,0.003786245879067097,0.31225514690394607,0.1293232554759906,0.10495317725881523,0.0,0.7530039069190019,0.59759774972489,0.28368166269454825,0.3911992833653061,0.4033631406534847,happy,03,11,11,male,normal,1214
40,1.3346666666666667,True,1.0,0.4779174667233073,0.42970382463166606,0.4538106456774867,0.4812284065390879,-0.06050925925925926,-0.06370370370370376,0.4148781859228343,0.31768500271580186,0.15212396227063765,0.9430254729582881,0.04821364209164125,0.0031944444444444997,0.01721424825242554,0.6245594982102842,0.131917269410051,0.1016735356683795,0.0,0.7054954476488332,0.5962780115483695,0.2820207346657506,0.38254456311358737,0.39270267582196916,happy,03,11,11,male,normal,1214
50,1.6683333333333334,True,1.0,0.40543357391617957,0.4000046576406097,0.40271911577839464,0.7491706474004274,-0.0625,-0.06592592592592589,0.4024274042412089,0.3116617671630602,0.1569682625520711,0.5375532492841295,0.005428916275569851,0.003425925925925888,0.011181711872658642,0.38949784296349144,0.13174887585267786,0.1018916460534941,0.0,0.8598911622865895,0.5978566156228116,0.27998340610840633,0.37806804938070016,0.38559674789153875,happy,03,11,11,male,normal,1214
60,2.0020000000000002,True,1.0,0.4279423197050056,0.40608675579559367,0.4170145377502996,0.6607557448576709,-0.05981481481481482,-0.06138888888888894,0.4084968226087531,0.21982299163419364,0.16604988980092208,0.6311175362389411,0.021855563909411957,0.0015740740740741166,0.011851260064043865,0.42237566202852517,0.13059838267288,0.10336216071169531,0.0,0.7060796894798951,0.595952526221426,0.2801366136652974,0.3868720220068285,0.3976626414601196,happy,03,11,11,male,normal,1214
70,2.3356666666666666,True,1.0,0.47306556021704593,0.4634519463650909,0.4682587532910684,0.39079048773685454,-0.05740740740740741,-0.05935185185185193,0.40848684988347195,0.10948775478351913,0.17084047876316602,1.1982347779313873,0.009613613851955027,0.0019444444444445264,0.016551308869364564,0.6941737042589846,0.13646089087658933,0.0956880506291034,0.0,0.5648907770643553,0.5522495944315227,0.2503947149278944,0.3826071519202405,0.3664723794324538,happy,03,11,11,male,normal,1214
80,2.6693333333333333,True,1.0,0.5307112770517736,0.5108865366603631,0.5207989068560683,0.35928927541001004,-0.05773148148148144,-0.059907407407407354,0.4192214899964767,0.08346816325265759,0.17639580927478624,1.4495253337627414,0.019824740391410467,0.0021759259259259145,0.014305655516861884,0.7768208129642583,0.13316376333860808,0.1002256948346847,0.0,0.6879146818874904,0.6034814917607668,0.2791694351127523,0.3772853789122169,0.4013253788086533,happy,03,11,11,male,normal,1214
90,3.003,True,1.0,0.5020514758165815,0.49616737198305816,0.4991094238998198,0.3744999076057349,-0.05754629629629637,-0.06115740740740738,0.4162320537486122,0.10828105292435858,0.17569444444444438,1.332735773129405,0.005884103833523335,0.0036111111111110095,0.01931277262032114,0.7163864248561318,0.13196435229002665,0.1017997421221827,0.0,0.6372854644485467,0.6048768658479017,0.2777532512249619,0.3748117037119717,0.402256168255624,happy,03,11,11,male,normal,1214
0,0.0,True,1.0,0.5335553264845878,0.5428232095303176,0.5381892680074527,0.4069306427677249,-0.05921296296296291,-0.06328703703703709,0.40735915931497757,0.1851076184657139,0.17432700164969128,1.3225577320670097,0.009267883045729786,0.004074074074074174,0.012890663509625913,0.6825307511763409,0.13427616045750942,0.09873039301304451,0.0,0.6941008223347166,0.5958237640759428,0.2716753074073296,0.3751104228166341,0.3949169606109426,happy,03,11,11,male,normal,1215
10,0.33366666666666667,True,1.0,0.51388888888889,0.5080934774618114,0.5109911831753506,0.4127820832009021,-0.0602314814814815,-0.06421296296296292,0.4125827770585932,0.18831166868392255,0.17362693070286372,1.2379199678747925,0.005795411427078512,0.003981481481481419,0.005260004054893875,0.7108513835875243,0.13428713832638753,0.09871546105751093,0.0,0.9999999987499999,0.5951377238473513,0.2732929545673573,0.3790622053395723,0.3993195187476997,happy,03,11,11,male,normal,1215
20,0.6673333333333333,True,1.0,0.5277777777777788,0.5392494606908252,0.533513619234302,0.4091051836299347,-0.05814814814814806,-0.06291666666666662,0.40509324532080854,0.1920999119333807,0.17224392771241923,1.3040988982356765,0.011471682913046455,0.004768518518518561,0.015745941294398158,0.6793686965954243,0.1346500446242719,0.0982198719937531,0.0,0.679544335878119,0.592941269867322,0.2743347947680572,0.37306186354940823,0.3926036468178647,happy,03,11,11,male,normal,1215
30,1.0010000000000001,True,1.0,0.4817381666733801,0.4700917741666543,0.4759149704200172,1.1357633162595544,-0.06925925925925924,-0.0737962962962963,0.3774397867085524,0.49106820788828015,0.1680628190866036,0.4190265380179412,0.011646392506725778,0.004537037037037062,0.009331456271220104,0.2690929937935571,0.13019930320914447,0.10386440808924668,0.0,0.6111684828588285,0.5816809619082008,0.27856915144612937,0.3907438347718224,0.3961206315915583,happy,03,11,11,male,normal,1215
40,1.3346666666666667,True,1.0,0.48536267169707653,0.4780379871158019,0.48170032940643925,0.5769325301861267,-0.06412037037037033,-0.0681944444444445,0.3988205278915591,0.3241686013875811,0.16185270031020332,0.8349335567038244,0.00732468458127461,0.004074074074074174,0.015070924445223738,0.5188293766223013,0.13448277279347226,0.0982550642260989,0.0,0.7071067807446058,0.5857489435305372,0.27547566004078755,0.3898650067946739,0.386541254090056,happy,03,11,11,male,normal,1215
50,1.6683333333333334,True,1.0,0.46500795345310764,0.4431828508325101,0.45409540214280886,0.45909974090884814,-0.06449074074074074,-0.06717592592592592,0.4020445995859312,0.228923710761475,0.16949891706985054,0.9890996698100231,0.02182510262059756,0.0026851851851851793,0.0010094006543073446,0.5997487517271911,0.13283596065965847,0.1002804937764904,0.0,0.9999999987499999,0.5876860061133828,0.2751275931935728,0.38131794404652597,0.3819704154892206,happy,03,11,11,male,normal,1215
60,2.0020000000000002,True,1.0,0.5218381282453702,0.48962662815826496,0.5057323782018176,0.6645795259354494,-0.06203703703703706,-0.0667592592592593,0.3883202089773644,0.2192391637540353,0.17364670316586833,0.7609809788978352,0.03221150008710527,0.004722222222222239,0.01385839392867337,0.41525765835280604,0.13135361935272646,0.10240068606578179,0.0,0.9152877489466705,0.5878666907856893,0.2789151462862664,0.3849509313500753,0.3860729150978454,happy,03,11,11,male,normal,1215
70,2.3356666666666666,True,1.0,0.522079465324722,0.4804876267064966,0.5012835460156093,0.5276820846527288,-0.05990740740740741,-0.06365740740740738,0.40163466817877125,0.15558854074107248,0.17362209709164386,0.9499726456423235,0.04159183861822546,0.0037499999999999756,0.019284202733659443,0.5274872029643514,0.13244366728674445,0.10117535652081265,0.0,0.6274670108850096,0.5920201263161515,0.27669078842920863,0.3755175698836006,0.3906787467043761,happy,03,11,11,male,normal,1215
80,2.6693333333333333,True,1.0,0.4923638972988663,0.472595039823562,0.48247946856121415,0.40561119678856744,-0.05606481481481479,-0.06111111111111117,0.4109625118521814,0.13078046924936582,0.17778164011680334,1.1895122037588024,0.019768857475304324,0.005046296296296382,0.01762141421699326,0.6653486366310921,0.1329939184911317,0.10045096025386317,0.0,0.5931069435139078,0.5956229851784463,0.2730862540432278,0.3784816486545556,0.3966151742160935,happy,03,11,11,male,normal,1215
90,3.003,True,1.0,0.49212366117951406,0.4663036640753841,0.4792136626274491,0.4092138022113382,-0.0597685185185185,-0.06402777777777768,0.4165430141693374,0.14547301328368603,0.18057625937153518,1.1710593827428126,0.025819997104129966,0.004259259259259185,0.01630913634660742,0.6656783589615609,0.13198824548850177,0.1017687615348622,0.0,0.6082566504172274,0.5943301313025211,0.2755879547837714,0.37635443178314076,0.3982063759004674,happy,03,11,11,male,normal,1215
0,0.0,True,1.0,0.552795805381052,0.5260674929255047,0.5394316491532783,0.3971246590518802,-0.05972222222222229,-0.0637037037037037,0.3882727373906264,0.20442981023484227,0.16876130242820955,1.3583433736931636,0.0267283124555473,0.003981481481481419,0.011936497600697548,0.6907109244543904,0.1340878334991002,0.09898601254309027,0.0,0.9999999987499999,0.607772637304922,0.277833910090075,0.3702617251045877,0.39747637270182806,happy,03,11,11,male,strong,1216
10,0.33366666666666667,True,1.0,0.5246234973712476,0.5171649592083224,0.520894228289785,0.3515846157973724,-0.06013888888888891,-0.06435185185185188,0.41136754666417996,0.16922194251412032,0.16737752141912057,1.481561492980655,0.007458538162925188,0.004212962962962974,0.014814410707236186,0.7995558390630767,0.13238931450707578,0.10105811807168841,0.0,0.9906598473950234,0.606358010633941,0.2783637711644968,0.3691331862959472,0.39732403165703023,happy,03,11,11,male,strong,1216
20,0.6673333333333333,True,1.0,0.5593725197015851,0.5473522877334983,0.5533624037175418,0.3652410038268577,-0.059768518518518554,-0.06375000000000003,0.4254557186315027,0.15253908111420036,0.17084941013020874,1.5150610088123153,0.01202023196808677,0.003981481481481475,0.005414802924391483,0.7650743193730851,0.13264418310229945,0.10091233056802312,0.0,0.5588248876671421,0.6064409114036239,0.2793778857537319,0.3782034483194243,0.4030219341084144,happy,03,11,11,male,strong,1216
30,1.0010000000000001,True,1.0,0.5121137924313964,0.48377250087341833,0.49794314665240735,0.9525533927024941,-0.0691666666666666,-0.07476851851851857,0.4393790644194781,0.3750159498342564,0.16529439491774364,0.5227456544348557,0.0283412915579781,0.005601851851851969,0.014522333036839431,0.3097109884870313,0.12842040406883923,0.10551569456587981,0.0,0.6859841553216558,0.5917562076940152,0.2838595055955155,0.3994760697924648,0.40877778957504646,happy,03,11,11,male,strong,1216
40,1.3346666666666667,True,1.0,0.4781388110150104,0.4429092258866128,0.4605240184508116,0.5918120331182133,-0.0665277777777778,-0.07097222222222216,0.44138247817973,0.31221612178715524,0.16120389992186693,0.7781592679424665,0.03522958512839758,0.004444444444444362,0.014951786485030956,0.5037890541091462,0.1317659822101136,0.10186952319525384,0.0,0.7935399231172577,0.5845794724139656,0.2794604943738733,0.399509879478832,0.397720511851642,happy,03,11,11,male,strong,1216
50,1.6683333333333334,True,1.0,0.4416998082807079,0.43611803053131143,0.4389089194060096,0.6002830229673258,-0.06180555555555556,-0.06712962962962965,0.4171474234065453,0.2996861549461573,0.15702657735393377,0.731169969186185,0.005581777749396444,0.005324074074074092,0.021565069551857108,0.4771737147052201,0.13050806388720237,0.10310728000040033,0.0,0.8931014236183008,0.5840022750428298,0.27720248396545993,0.39085604746595615,0.3915181785399603,happy,03,11,11,male,strong,1216
60,2.0020000000000002,True,1.0,0.4781388110150099,0.44773783265022327,0.4629383218326166,0.8214571385468825,-0.062268518518518445,-0.06634259259259256,0.4186502126577387,0.3282016052828427,0.16604988980092197,0.5635574884059463,0.030400978364786613,0.004074074074074119,0.013109616616685606,0.37168727086913433,0.12967318826117966,0.10415531755403534,0.0,0.6904156285823089,0.5924666157478616,0.28135882287399316,0.4010239243133824,0.40529972637952166,happy,03,11,11,male,strong,1216
70,2.3356666666666666,True,1.0,0.4649997672339101,0.4548386510335715,0.45991920913374085,0.7225035170603281,-0.05810185185185185,-0.06069444444444444,0.4103398830427945,0.24646575973807175,0.16950926939060418,0.6365632806951972,0.010161116200338605,0.002592592592592591,0.014414243354225672,0.42643590720237395,0.13065229497527503,0.1032940058348509,0.0,0.9999999987499999,0.5908960849183423,0.27990712098879017,0.3930431409188202,0.39123584125405847,happy,03,11,11,male,strong,1216
80,2.6693333333333333,True,1.0,0.43580320472590595,0.4418406005412765,0.4388219026335912,0.9425018196333482,-0.06421296296296297,-0.06671296296296297,0.3665895785576124,0.4095657065513941,0.17015503129913073,0.46559263175141835,0.00603739581537055,0.0025000000000000022,0.00904943049781928,0.3126526536155057,0.12962267764018037,0.10421817197604485,0.0,0.729432295731294,0.5932492387501875,0.28126328733473455,0.38655689063236787,0.38990511926802895,happy,03,11,11,male,strong,1216
90,3.003,True,1.0,0.4729239031420877,0.45784374516021525,0.4653838241511515,0.723938480593203,-0.05703703703703705,-0.06175925925925929,0.42924872464883157,0.217905471066057,0.17639970187254395,0.6428499611870486,0.015080157981872455,0.004722222222222239,0.021967880497552963,0.4174975025903535,0.13055412322882654,0.1036021171570405,0.0,0.5788208915601936,0.5998159713416616,0.2805239817274254,0.38823429780957525,0.41487640779003243,happy,03,11,11,male,strong,1216
100,3.336666666666667,True,1.0,0.4299308210382628,0.37860689947273285,0.4042688602554978,0.6536671868860687,-0.058101851851851904,-0.061712962962962914,0.45289424911677106,0.09234349958509791,0.18264055980567517,0.6184628330226404,0.05132392156552995,0.0036111111111110095,0.027809380756743517,0.4443917051869614,0.13052074731970564,0.10364416187352225,0.0,0.6264846983136823,0.6013732688466012,0.27752379721567516,0.38546793812029984,0.41555011979031764,happy,03,11,11,male,strong,1216
110,3.6703333333333332,True,1.0,0.5152824088986475,0.49009952136103824,0.5026909651298429,0.6694340230326353,-0.05842592592592594,-0.061620370370370325,0.44438136173071763,0.1391660742795062,0.18056611902358907,0.7509193555065791,0.025182887537609278,0.0031944444444443887,0.030614917820435125,0.4239157847100375,0.13100492969600275,0.10303148143445486,0.0,0.6169844932844728,0.6013013393326081,0.2783185395757037,0.3899732616406967,0.42114937393805285,happy,03,11,11,male,strong,1216
120,4.0040000000000004,True,1.0,0.5000511972631898,0.4842187931317627,0.4921349951974763,0.7000437394818089,-0.057638888888888906,-0.061574074074074,0.4317637833178789,0.1602303741498765,0.17986111111111108,0.7030060658234981,0.015832404131427114,0.003935185185185097,0.02359141535981934,0.40380255924067016,0.13167161486407022,0.10217809750812074,0.0,0.6770847375592586,0.5992319361807223,0.27941101009264346,0.3914592046307675,0.4199006929076617,happy,03,11,11,male,strong,1216
0,0.0,True,1.0,0.5570824624455705,0.5457744441399512,0.5514284532927609,0.7233947283108277,-0.06101851851851847,-0.06435185185185188,0.38000802935886535,0.3216344822115862,0.17015009905848213,0.762278783231364,0.011308018305619227,0.0033333333333334103,0.010233247929311068,0.4247794214962096,0.13426825284212948,0.09854800912734869,0.0,0.5771890603125907,0.604836391759829,0.28028972800136115,0.3734418881350604,0.397556918005464,happy,03,11,11,male,strong,1217
10,0.33366666666666667,True,1.0,0.5342442490084375,0.5477021243870213,0.5409731866977294,0.7373861091186908,-0.05958333333333338,-0.06550925925925927,0.38729786154965107,0.3099355376904239,0.16876130242820955,0.7336362592242072,0.013457875378583783,0.00592592592592589,0.01149446649587825,0.4002251780342321,0.13365351164238476,0.09957166563553523,0.0,0.7071067807446058,0.6043339498846413,0.27963754265201163,0.3738271040126906,0.3992675035477742,happy,03,11,11,male,strong,1217
20,0.6673333333333333,True,1.0,0.5686721529994025,0.5668136604506339,0.5677429067250181,0.7100752202081252,-0.05874999999999997,-0.06282407407407403,0.3997329712352719,0.24262529658986023,0.1694809115276025,0.7995531889686434,0.0018584925487686865,0.004074074074074063,0.011988096318716454,0.39774626578552524,0.13433917554281036,0.09864463333762881,0.0,0.7071067807446058,0.6034210123346214,0.28023431169289537,0.3761595602442388,0.40125297133099735,happy,03,11,11,male,strong,1217
30,1.0010000000000001,True,1.0,0.41734081626329045,0.4650270807264213,0.44118394849485587,0.903593932959228,-0.06907407407407401,-0.07370370370370372,0.4582685279583912,0.3399087022527669,0.15912178144899197,0.48825465997762846,0.047686264463130845,0.004629629629629706,0.012307808785867423,0.31432159814627664,0.1291949219956223,0.10474797400914646,0.0,0.7036359208038312,0.5958264241946778,0.2832054839898134,0.3941451576675646,0.4123617886047406,happy,03,11,11,male,strong,1217
40,1.3346666666666667,True,1.0,0.42792216354003154,0.443760156980183,0.4358411602601073,0.6071859485036385,-0.0673611111111111,-0.07398148148148143,0.4519903285404853,0.2761384162269795,0.16253802514839602,0.7178050831614321,0.015837993440151465,0.006620370370370332,0.014728625345736122,0.46695347932566167,0.13090050303047662,0.10297928010050322,0.0,0.9999999987499999,0.5917043180709785,0.28180231762300983,0.3950802532067716,0.40971287421721314,happy,03,11,11,male,strong,1217
50,1.6683333333333334,True,1.0,0.4270053737856149,0.4099319327584633,0.4184686532720391,1.2269019231383202,-0.07305555555555554,-0.07509259259259266,0.39367402609708696,0.5504098356842024,0.16539590783075772,0.3410775102557739,0.01707344102715158,0.002037037037037115,0.0026889047749137454,0.25562180435492904,0.13026052342804856,0.10378761901146986,0.0,0.6756808908227834,0.5839462840683148,0.28357468200164554,0.39280615843164335,0.39575752270078135,happy,03,11,11,male,strong,1217
60,2.0020000000000002,True,1.0,0.42867557149528684,0.4290683125776562,0.4288719420364715,0.4844665944103971,-0.06430555555555556,-0.06685185185185188,0.4065197877097642,0.2474100181345255,0.167438134443326,0.8852456433212179,0.00039274108236936334,0.0025462962962963243,0.013104924539038288,0.5654687171843625,0.13084212158831315,0.10268303241946261,0.0,0.8944839740861306,0.590297837846076,0.27423642883862315,0.3821142844505829,0.38059590635232005,happy,03,11,11,male,strong,1217
70,2.3356666666666666,True,1.0,0.5019180920111815,0.4896046211057596,0.49576135655847053,0.705391076543374,-0.06291666666666668,-0.06851851851851848,0.38399832471998485,0.2562914768906903,0.1785816244884626,0.7028177319563619,0.012313470905421953,0.005601851851851802,0.017259490588897274,0.4001830839640689,0.13186088571601226,0.10193372645817714,0.0,0.9037495621112881,0.5880760378604567,0.2772823970929193,0.39356418174296204,0.3859662115342725,happy,03,11,11,male,strong,1217
80,2.6693333333333333,True,1.0,0.5006024501156665,0.49096468308153457,0.49578356659860057,0.7044541065583557,-0.06268518518518518,-0.06578703703703698,0.428922029718305,0.18470418470418506,0.1842664202149354,0.7037840534719499,0.009637767034131939,0.0031018518518518,0.0024299691637713144,0.4148003248009825,0.1329139730523523,0.10055671802063315,0.0,0.6701000415430134,0.5952106820228091,0.2770715033337175,0.3898531147017897,0.4090113265962892,happy,03,11,11,male,strong,1217
90,3.003,True,1.0,0.49161618801647056,0.5092383748578277,0.5004272814371491,0.6597833741436083,-0.059675925925925966,-0.06314814814814806,0.4417286100591021,0.14531657122806382,0.18548619256239368,0.75847210015969,0.01762218684135719,0.003472222222222099,0.0005178319925770001,0.45869331364934074,0.13226103775533038,0.10141398159735343,0.0,0.5657675799285962,0.5977105897671569,0.27550097921222916,0.389970621601205,0.41519757984687145,happy,03,11,11,male,strong,1217
100,3.336666666666667,True,1.0,0.4850468553774937,0.5130176330944648,0.49903224423597925,0.7134508919037751,-0.06138888888888894,-0.06518518518518523,0.40727686738056923,0.20553323539184498,0.18691008021618244,0.6994626398242487,0.027970777716971096,0.0037962962962962976,0.000820278457046369,0.4483321620218613,0.13220938217283548,0.1014813137331816,0.0,0.5919841224846523,0.59849946061237,0.27656020944831233,0.38753849201992474,0.41158852260122303,happy,03,11,11,male,strong,1217
0,0.0,True,1.0,0.5155339502408939,0.5193608164481883,0.5174473833445411,0.37563405395969546,-0.060462962962962996,-0.06680555555555562,0.39710597350018784,0.1620641189247923,0.17434100583818915,1.3775305457264582,0.0038268662072944437,0.006342592592592622,0.007669938025581167,0.7400612494238434,0.1330099247012182,0.10042976502271807,0.0,0.7071067807446058,0.6078871555731667,0.2749423577126314,0.36820405111984306,0.3876045311249,happy,03,11,11,male,strong,1218
10,0.33366666666666667,True,1.0,0.4904025410420968,0.47319888922290027,0.48180071513249856,0.3820049374898965,-0.06541666666666668,-0.07203703703703701,0.3915733068250579,0.2535581268590536,0.16530731820509487,1.261242114560997,0.01720365181919653,0.006620370370370332,0.006854959772467792,0.740061249423848,0.13350505826553366,0.09957948203016108,0.0,0.9999999987499999,0.5983652389393258,0.27746972638995054,0.3795976509360727,0.3853222907128778,happy,03,11,11,male,strong,1218
20,0.6673333333333333,True,1.0,0.4826534092432812,0.48732099715683763,0.4849872032000594,0.3770032613071572,-0.0673611111111111,-0.07324074074074072,0.4104231679808353,0.2664563250428603,0.16183572978066985,1.2864270763029926,0.004667587913556426,0.0058796296296296235,0.01939388495012036,0.7581211797322875,0.13113116888287507,0.10194054434343214,0.0,0.6498305624101838,0.6028942375075032,0.2790484942648953,0.3757723371973223,0.3906977671341953,happy,03,11,11,male,strong,1218
30,1.0010000000000001,True,1.0,0.4360406041850627,0.42218817823753546,0.4291143912112991,0.9639701876210862,-0.08074074074074072,-0.08189814814814805,0.40412920096544136,0.49366187548125173,0.16805555555555554,0.4451531766457219,0.013852425947527225,0.0011574074074073293,0.025755498161133483,0.316019233037915,0.12682165985924782,0.1072544853307839,0.0,0.8114865798094625,0.5934856156368797,0.2835509468170947,0.3827597700718642,0.3960673910483868,happy,03,11,11,male,strong,1218
40,1.3346666666666667,True,1.0,0.4464786677946003,0.4220238572643864,0.43425126252949336,0.5055013910006577,-0.07828703703703704,-0.08106481481481487,0.4283086272605805,0.3039918975547096,0.16389075096782327,0.8590505788122121,0.024454810530213922,0.0027777777777778234,0.019385745549416605,0.5670433260428484,0.13123774879947253,0.1019902704726984,0.0,0.9999999987499999,0.5954531985763056,0.28270853459874273,0.3987109490609529,0.40295528931605823,happy,03,11,11,male,strong,1218
50,1.6683333333333334,True,1.0,0.4027260198693817,0.38490963513348003,0.3938178275014309,0.5438165687230831,-0.07685185185185178,-0.07902777777777786,0.4293892014866154,0.33602661324466554,0.16737752141912063,0.7241740140910765,0.01781638473590169,0.002175925925926081,0.029481373305534058,0.543563909037794,0.12857573775357786,0.10496396403929889,0.0,0.9999999987499999,0.5949866190538715,0.28299018872008774,0.39427039074065295,0.40792352717552005,happy,03,11,11,male,strong,1218
60,2.0020000000000002,True,1.0,0.44169042851693846,0.41232053277665087,0.42700548064679467,0.5463190606728868,-0.07884259259259258,-0.0818518518518519,0.43053451528876524,0.24927006126331883,0.18194821833481406,0.7816045812512257,0.029369895740287588,0.0030092592592593226,0.02818888688595799,0.5320586905221001,0.12853640183091036,0.10555500619390369,0.0,0.9999999987499999,0.594530462434974,0.28109269805027015,0.38858798583782905,0.39928388106104146,happy,03,11,11,male,strong,1218
70,2.3356666666666666,True,1.0,0.47248369099427495,0.45095255057951306,0.461718120786894,0.6625438240437779,-0.07699074074074075,-0.08074074074074072,0.3981793384984143,0.28672882579001624,0.18333999159310857,0.6968869137875864,0.021531140414761896,0.0037499999999999756,0.029737149511125677,0.4299996820738622,0.1319888384359146,0.10176799251092995,0.0,0.9999999987499999,0.5948221527986195,0.2779419814232634,0.3972155183033969,0.4004329016939616,happy,03,11,11,male,strong,1218
80,2.6693333333333333,True,1.0,0.4396459832683873,0.4462625909892271,0.4429542871288072,0.8546398486732856,-0.07495370370370369,-0.08240740740740737,0.38211317030981634,0.3940323836997459,0.18473709033861765,0.5182935102036661,0.006616607720839829,0.007453703703703685,0.01992299705366588,0.33183575327598763,0.13133038333552838,0.10261631539049451,0.0,0.6863841558492662,0.5886275398049846,0.277299816378098,0.3925068036037914,0.39457681319257937,happy,03,11,11,male,strong,1218
90,3.003,True,1.0,0.4723422081570948,0.48459363504049224,0.47846792159879353,0.54108739543646,-0.06467592592592591,-0.07273148148148145,0.407396497531824,0.19764355011504933,0.19027777777777782,0.8842710542404053,0.01225142688339742,0.008055555555555538,0.027973078604732308,0.5345864341299228,0.13167125937592028,0.10199192751505076,0.0,0.6619275621307689,0.5911187907037815,0.2797638697870295,0.39622086770495984,0.40285974520087003,happy,03,11,11,male,strong,1218
100,3.336666666666667,True,1.0,0.47234220815709366,0.4738178951479966,0.47308005165254513,0.4328324167703837,-0.06495370370370379,-0.07277777777777772,0.412936986322997,0.13147030501766105,0.1923626975779445,1.092986646384928,0.0014756869909029469,0.007824074074073928,0.03432654194160431,0.6310364272794199,0.13666601968309583,0.09539484700971791,0.0,0.6182817767004722,0.5669677625581483,0.24584017049588933,0.395435573220275,0.3777565831842042,happy,03,11,11,male,strong,1218
110,3.6703333333333332,True,1.0,0.48678877341585386,0.47830361450673636,0.4825461939612951,0.4288913648532547,-0.060740740740740706,-0.07171296296296298,0.4108546819868922,0.11230567839292858,0.19305713631572055,1.1251012109474352,0.008485158909117496,0.010972222222222272,0.04477450845946882,0.660450003427618,0.1308421732062424,0.10305338196458054,0.0,0.7723248778765186,0.5897972439991621,0.2764579703029254,0.3906002301272769,0.4045766214292114,happy,03,11,11,male,strong,1218
0,0.0,True,1.0,0.528009018238373,0.5233517754861386,0.5256803968622559,0.606441033064607,-0.06314814814814818,-0.06569444444444444,0.41374413532205967,0.23857574178524452,0.17850684503424205,0.866828542596742,0.004657242752234336,0.0025462962962962687,0.006678486513599037,0.491784506705694,0.1341368339939464,0.09872681292449564,0.0,0.6860191968722922,0.5893649439072504,0.27434946499466256,0.39095938577159456,0.39957751649786927,happy,03,11,11,male,strong,1219
10,0.33366666666666667,True,1.0,0.4944757744929771,0.4824839956042651,0.48847988504862105,0.6430571876349817,-0.06282407407407403,-0.0650925925925927,0.42091172934612897,0.22937418006953364,0.17778164011680334,0.759621219451942,0.011991778888712001,0.0022685185185186696,0.006708500008673546,0.47687017572744994,0.13280442639279383,0.10070135104334514,0.0,0.9999999987499999,0.5898737334230567,0.2742925556343372,0.3903455248537761,0.4045931536039335,happy,03,11,11,male,strong,1219
20,0.6673333333333333,True,1.0,0.533679954143244,0.5174831728367989,0.5255815634900214,0.6866435934693403,-0.06027777777777771,-0.06509259259259254,0.4314156444160684,0.2190449592174252,0.17639580927478637,0.765435763893848,0.016196781306445085,0.004814814814814827,0.01696398399936887,0.42832750036521744,0.13107040566241787,0.10294817400346827,0.0,0.9999999987499999,0.5896284509350617,0.2751882027652706,0.390975097609359,0.41583822786508917,happy,03,11,11,male,strong,1219
30,1.0010000000000001,True,1.0,0.4438972323015451,0.43384037973203016,0.4388688060167876,1.0235326194437888,-0.06990740740740736,-0.0703240740740741,0.4215439175906538,0.384885790532587,0.17712641173327862,0.4287785241815537,0.01005685256951494,0.0004166666666667318,0.004426604920446417,0.3020209653458874,0.12687045419741502,0.10790533663861912,0.0,0.7071067807446058,0.5836641594919217,0.2815432838526705,0.39132593532821697,0.41742578436698374,happy,03,11,11,male,strong,1219
40,1.3346666666666667,True,1.0,0.44290922588661435,0.4282041478427798,0.43555668686469706,0.5859342802378017,-0.06421296296296297,-0.0665277777777778,0.427222571588482,0.2812880401525971,0.16946650571640118,0.7433541636920887,0.01470507804383453,0.002314814814814825,0.02193141872933784,0.5134493120867769,0.13098603482756568,0.10231334547018045,0.0,0.9424206911109094,0.5815832353253801,0.27638919121290445,0.4002068868543698,0.3982711673461915,happy,03,11,11,male,strong,1219
50,1.6683333333333334,True,1.0,0.46280900383228496,0.4497577638719093,0.4562833838520971,0.8216536311972004,-0.06291666666666668,-0.06509259259259265,0.4224111773251856,0.36463453832784254,0.16182865820145273,0.5553232731257621,0.01305123996037566,0.00217592592592597,0.011152650756184799,0.3631012338292327,0.1317608699725702,0.10168895230285332,0.0,0.9042423561584417,0.5849830535651761,0.27912698629849964,0.40072514785433977,0.4111524143871627,happy,03,11,11,male,strong,1219
60,2.0020000000000002,True,1.0,0.4722984745632655,0.44089819232307714,0.45659833344317136,0.7120594636743756,-0.0643981481481481,-0.0681944444444445,0.42337963006240115,0.27522844158894366,0.17229707246693457,0.6412362404215914,0.03140028224018837,0.0037962962962964086,0.009942155652269646,0.4375160479393896,0.13226211322504733,0.10103614839129609,0.0,0.9563752264040977,0.5867774109331233,0.2784069041136576,0.4020460376697068,0.40427791979681055,happy,03,11,11,male,strong,1219
70,2.3356666666666666,True,1.0,0.472169308824635,0.4488627528450288,0.4605160308348319,0.7905235935409487,-0.062453703703703733,-0.06458333333333333,0.4028287701807646,0.28553751338547867,0.18130092563129852,0.5825455869976858,0.02330655597960618,0.0021296296296295925,0.009497203001580828,0.3682897343282618,0.13125012228603936,0.10271895234780759,0.0,0.6433305167658662,0.5940078761270133,0.27908778780879523,0.3851033433868134,0.4001996513934522,happy,03,11,11,male,strong,1219
80,2.6693333333333333,True,1.0,0.5189960753324021,0.49928024163331397,0.509138158482858,0.6825773644040167,-0.06129629629629624,-0.06495370370370374,0.4343238884242614,0.19541469111385218,0.1812504209316232,0.7459054241088191,0.019715833699088137,0.003657407407407498,0.023857501459924654,0.4374238964083376,0.13113654686925527,0.10267852696157687,0.0,0.6293143053713235,0.5884056511041917,0.27321092098289645,0.3942531455925833,0.4176050123343159,happy,03,11,11,male,strong,1219
90,3.003,True,1.0,0.4922437792391907,0.4923343074352628,0.4922890433372268,0.6354026961692755,-0.06097222222222226,-0.06458333333333327,0.4387403807864802,0.16941594206825664,0.18542695320541566,0.7747670041457894,9.052819607208162e-05,0.0036111111111110095,0.01635019625463913,0.46951736586817894,0.13176459121117523,0.10205817103170604,0.0,0.5992345872314422,0.5895841118947579,0.2740910187083865,0.40055449158110884,0.4196399291120883,happy,03,11,11,male,strong,1219
100,3.336666666666667,True,1.0,0.5002440810494424,0.4850949268516087,0.49266950395052556,0.6601612761965375,-0.061203703703703705,-0.06458333333333344,0.4393915440927905,0.18664422191370023,0.18265392658968602,0.7462865843767732,0.015149154197833692,0.0033796296296297323,0.0128559841338811,0.43543592952682963,0.13279491618498113,0.10071389182638751,0.0,0.7071067807446058,0.5875606066723565,0.2731405683168714,0.3988015244351963,0.4151697166915453,happy,03,11,11,male,strong,1219
0,0.0,True,1.0,0.5697414661372528,0.5630826630218315,0.5664120645795422,0.5859010187353271,-0.06675925925925924,-0.07208333333333322,0.3669882719387142,0.312720709943433,0.17779880505291812,0.966736780560901,0.00665880311542133,0.005324074074073981,0.024255413029542556,0.4967217916518517,0.13367657929124332,0.0995406947967581,0.0,0.9999999987499999,0.6016773902686073,0.27812785729606415,0.37685281153990285,0.4010349907741087,sad,04,11,11,male,normal,1220
10,0.33366666666666667,True,1.0,0.5857583840654428,0.5497016782867257,0.5677300311760842,0.6693938864838399,-0.06518518518518523,-0.0703703703703703,0.35868348966892316,0.33387265301063146,0.17849316768879114,0.8481255097177975,0.03605670577871711,0.0051851851851850705,0.02342927119463148,0.45192692529985423,0.13362270438903515,0.09942156051849822,0.0,0.5970264959418073,0.5996714655862345,0.2793616656627551,0.3793021454597321,0.4028993228684497,sad,04,11,11,male,normal,1220
20,0.6673333333333333,True,1.0,0.5502503769530096,0.5491181293564438,0.5496842531547267,0.6633599045651253,-0.06490740740740747,-0.07231481481481478,0.36213855812313833,0.34512099709363403,0.17708721081845544,0.8286365355697519,0.0011322475965658274,0.007407407407407307,0.025806071877180727,0.4640569246772557,0.13409907804818866,0.09877809013548118,0.0,0.6734621017234459,0.6010151849020858,0.2793558407557336,0.3779817199882316,0.4000125562394184,sad,04,11,11,male,normal,1220
30,1.0010000000000001,True,1.0,0.5570824624455705,0.5469055877041119,0.5519940250748412,0.90830201436572,-0.07212962962962965,-0.07777777777777767,0.36488767499367303,0.42002236618553107,0.1812769376534146,0.6077207980875241,0.010176874741458564,0.005648148148148013,0.02589024138404675,0.3536738353867111,0.13086980214226138,0.1032030651603046,0.0,0.9999999987499999,0.600592595295931,0.2815524246909917,0.3749555218583104,0.39970984971598966,sad,04,11,11,male,normal,1220
40,1.3346666666666667,True,1.0,0.5523765165355687,0.5516624994449174,0.552019507990243,0.6675858965726935,-0.07074074074074077,-0.0753240740740741,0.3794348961081386,0.3334685799611139,0.17921818428722594,0.8268891101867871,0.000714017090651331,0.004583333333333328,0.01325074552338053,0.4534620193130237,0.1314692061360937,0.10225224526518022,0.0,0.9999999987499999,0.6053220576433698,0.28331495430124853,0.3794213320768642,0.4052685398314611,sad,04,11,11,male,normal,1220
50,1.6683333333333334,True,1.0,0.5203022266635715,0.5215110929079612,0.5209066597857663,0.7536708279237322,-0.07203703703703696,-0.07824074074074078,0.3685088730945789,0.37653161571165605,0.1805897789497399,0.6911593768605829,0.0012088662443896503,0.006203703703703822,0.016940125989224557,0.38305457009300986,0.1318604312241804,0.10174723829785369,0.0,0.9999999987499999,0.6026980398956457,0.2794509383983761,0.3756750580918814,0.402678512204847,sad,04,11,11,male,normal,1220
60,2.0020000000000002,True,1.0,0.5610349450891544,0.5439945993540604,0.5525147722216074,0.6934237017839778,-0.07824074074074078,-0.08374999999999999,0.376268493501491,0.35304904717006813,0.18891473730410502,0.7967924528684949,0.017040345735094053,0.005509259259259214,0.01501465178941122,0.4361134571578033,0.1313314359085463,0.10261496827284065,0.0,0.9999999987499999,0.6034242102075206,0.28177968422102334,0.3812217562754178,0.4031838502209499,sad,04,11,11,male,normal,1220
70,2.3356666666666666,True,1.0,0.5840922869797471,0.5659391850161378,0.5750157359979424,0.902406102162009,-0.07921296296296293,-0.08361111111111108,0.3555148246773303,0.4364964474960179,0.1868316922029551,0.6372028453933369,0.01815310196360931,0.004398148148148151,0.019602167840872136,0.34371739867288237,0.13286953930787182,0.10061542275328521,0.0,0.607630411253077,0.6014825885901237,0.28034473611430666,0.38380827887343094,0.4050662441770709,sad,04,11,11,male,normal,1220
80,2.6693333333333333,True,1.0,0.5699673228774595,0.5292944692789772,0.5496308960782184,0.7370927372961855,-0.07296296296296301,-0.07787037037037031,0.3763952062878553,0.3682492528841065,0.1833537234902846,0.7456740085303004,0.040672853598482384,0.004907407407407305,0.020784516821621815,0.40304470289631794,0.1335044820814489,0.09977139387522399,0.0,0.9999999987499999,0.5978757475646509,0.2795211699881961,0.37936066251327644,0.4035212064384683,sad,04,11,11,male,normal,1220
90,3.003,True,1.0,0.5450946283651397,0.5357544723160009,0.5404245503405702,0.6845313700809835,-0.06870370370370366,-0.07467592592592581,0.376672219461945,0.3287939757893812,0.18057076675375175,0.7894810580801217,0.009340156049138737,0.005972222222222157,0.015521702288992925,0.4361134571578032,0.13157487875672755,0.1021162333030824,0.0,0.6587977412579409,0.5971815862907662,0.279010522262569,0.3790377564762738,0.40336248824866155,sad,04,11,11,male,normal,1220
0,0.0,True,1.0,0.5495017004711433,0.5374093623787228,0.5434555314249331,0.5569559562925556,-0.0627314814814815,-0.06666666666666665,0.3718725470803197,0.3189608035072867,0.16877215204719245,0.9757603366745735,0.012092338092420496,0.003935185185185153,0.00915036824343246,0.5124345506373055,0.13463957388212067,0.09823422477253947,0.0,0.9999999987499999,0.5994196666791717,0.2773022593772778,0.38202476000280355,0.40621127275935015,sad,04,11,11,male,normal,1221
10,0.33366666666666667,True,1.0,0.5547001962252301,0.5530326500264341,0.5538664231258321,0.6637942536437218,-0.0637962962962964,-0.06879629629629636,0.3535477563496558,0.35973171715198027,0.16876130242820966,0.8343947240964047,0.001667546198796055,0.004999999999999949,0.011713628986764054,0.4350552978747563,0.1342307702618605,0.09879209526418646,0.0,0.9999999987499999,0.5981676232915041,0.27648435567319335,0.3820216149156363,0.40733961377027966,sad,04,11,11,male,normal,1221
20,0.6673333333333333,True,1.0,0.5429172075158738,0.5470199074967772,0.5449685575063254,0.6586099759598002,-0.062453703703703733,-0.06782407407407404,0.35641496045944737,0.3569221882909018,0.1701406825656586,0.8274526311450662,0.0041026999809034015,0.005370370370370303,0.009037161184963135,0.44688406040481604,0.13499808055207388,0.0977409638744722,0.0,0.9977238133202854,0.5977094445747049,0.27727209852410817,0.3829806518962181,0.40479051898600793,sad,04,11,11,male,normal,1221
30,1.0010000000000001,True,1.0,0.5536365323582657,0.5392494606908258,0.5464429965245458,0.9456798030277164,-0.06652777777777785,-0.0702314814814815,0.3612253694529385,0.4383431513929371,0.17224392771241923,0.5778308839578024,0.01438707166743991,0.0037037037037036535,0.008300020060179804,0.3353153728676589,0.13150461871230668,0.10239293446729497,0.0,0.6562108488486587,0.5967421058267056,0.2793829991304247,0.37864552082234465,0.40443308371883946,sad,04,11,11,male,normal,1221
40,1.3346666666666667,True,1.0,0.5359418614411898,0.4971852056479239,0.5165635335445569,0.7855296755871142,-0.06569444444444439,-0.06944444444444448,0.3728369881605863,0.37929566448379376,0.1694894643986726,0.6575990056116864,0.038756655793265926,0.0037500000000000866,0.012342422601606846,0.3751292713896713,0.13276265365177248,0.10075641700117974,0.0,0.6266687350516122,0.5970618090126676,0.2781844590628957,0.38011880886426447,0.4087807676867394,sad,04,11,11,male,normal,1221
50,1.6683333333333334,True,1.0,0.5204257624606883,0.492723900340784,0.5065748314007361,1.02375646860044,-0.06777777777777766,-0.06976851851851845,0.35215387262556147,0.4907110494267634,0.17089763144651174,0.4948196635995531,0.027701862119904275,0.001990740740740793,0.005984919705161755,0.3170256963143703,0.13305339964390256,0.10018216741184979,0.0,0.6076445374569477,0.5914875330757303,0.2804447691506341,0.38380999813330424,0.40923126044157854,sad,04,11,11,male,normal,1221
60,2.0020000000000002,True,1.0,0.5154081795697713,0.4724836909942744,0.4939459352820228,0.5618633392684212,-0.063888888888889,-0.06550925925925927,0.3516857617432843,0.3299642341850937,0.17158158900111725,0.8791211327743311,0.042924488575496855,0.001620370370370272,0.0043934191498586185,0.5066665571041997,0.13267638503478738,0.10068093502760103,0.0,0.684943365673346,0.5954953019723515,0.27536372997454006,0.3772586266741632,0.4005620541112975,sad,04,11,11,male,normal,1221
70,2.3356666666666666,True,1.0,0.47921775586176363,0.48678137907540087,0.48299956746858225,0.6777633848601298,-0.06490740740740736,-0.06546296296296295,0.35613448112764434,0.3248571986321882,0.1716882721035375,0.7126374458370291,0.007563623213637238,0.0005555555555555869,0.01045773746406035,0.43787027778614085,0.1331594649316318,0.10004114515121568,0.0,0.6528046054430524,0.59546592888718,0.27728167329413095,0.3755329764157393,0.40040481836912073,sad,04,11,11,male,normal,1221
80,2.6693333333333333,True,1.0,0.5275742775667135,0.5067659339039341,0.5171701057353237,0.7931414583212406,-0.06532407407407398,-0.0672685185185185,0.36647464392743206,0.3964086198938219,0.17443200565814024,0.6520527962691087,0.020808343662779394,0.0019444444444445264,0.0035443535328084233,0.37205598851762484,0.13390679128579464,0.09923078665045268,0.0,0.6650095573934687,0.5922636039103142,0.2777007035774691,0.38285738415499315,0.4033417377275595,sad,04,11,11,male,normal,1221
90,3.003,True,1.0,0.5213402122140444,0.5073778278376047,0.5143590200258246,0.673518689496428,-0.06421296296296303,-0.06805555555555559,0.38241331498374065,0.3302059350127169,0.17229707246693457,0.7636893052075469,0.013962384376439707,0.003842592592592564,0.002495655371989058,0.4330181206549161,0.1332953055759667,0.10005068357103127,0.0,0.7065139964127386,0.5913476124746773,0.2769238134113142,0.37795805369742863,0.40098183383269587,sad,04,11,11,male,normal,1221
100,3.336666666666667,True,1.0,0.5410578059823132,0.5191103776677438,0.5300840918250285,0.653074766974573,-0.06328703703703709,-0.06694444444444442,0.3769535185513555,0.32635156896880035,0.17158158900111725,0.811674433971305,0.021947428314569417,0.0036574074074073315,0.01151796119465813,0.43895567607893465,0.13305116446393825,0.10037512344371266,0.0,0.6929935727790609,0.5949898113698605,0.27791446286475086,0.3754110611643047,0.40016424135677425,sad,04,11,11,male,normal,1221
0,0.0,True,1.0,0.534244249008438,0.5236779094248804,0.5289610792166592,0.6112053077226905,-0.06375000000000003,-0.06763888888888892,0.3658740275610262,0.34610640380577895,0.1736326429790067,0.8654392763497626,0.010566339583557682,0.003888888888888886,0.020965920510884962,0.47931864518356,0.1334541711465176,0.099838679754917,0.0,0.9999999987499999,0.5918611935868097,0.27465291832353816,0.3754811599671975,0.3978741465242586,sad,04,11,11,male,normal,1222
10,0.33366666666666667,True,1.0,0.5584549626331063,0.5178814910160296,0.538168226824568,0.648154316718714,-0.0643981481481481,-0.06870370370370377,0.36260178012213246,0.3652133851793359,0.17084449793611564,0.830308790580997,0.040573471617076695,0.0043055555555556735,0.016993071367835556,0.47079617508007376,0.13454053381275938,0.09836982531818218,0.0,0.6388910661900843,0.5908688643347966,0.27512351622891823,0.38167079338200854,0.39909394968295814,sad,04,11,11,male,normal,1222
20,0.6673333333333333,True,1.0,0.5342442490084368,0.47402437984354284,0.5041343144259898,0.6529200886976816,-0.06402777777777785,-0.06685185185185188,0.3656660561125024,0.36704079571348797,0.17362693070286384,0.7721225355947298,0.06021986916489397,0.0028240740740740344,0.014442601656471927,0.47030765682722314,0.13462538849864733,0.0982536642744786,0.0,0.6854737947356938,0.5901190628985968,0.2752947016565518,0.3818718756147494,0.39895358299599987,sad,04,11,11,male,normal,1222
30,1.0010000000000001,True,1.0,0.5285141310381054,0.5253396351081837,0.5269268830731446,1.1031687533028247,-0.06564814814814823,-0.06731481481481477,0.3453646943229656,0.47963020012161744,0.17434100583818915,0.4776484844186852,0.0031744959299216946,0.0016666666666665386,0.013592143184774023,0.30043677590510237,0.12993578989669027,0.10437656957004572,0.0,0.6210686561932858,0.5858758195934624,0.27796813158460976,0.37744677365933843,0.3953042003377007,sad,04,11,11,male,normal,1222
40,1.3346666666666667,True,1.0,0.5122354113986418,0.4883448342384763,0.500290122818559,0.5618403759611731,-0.06277777777777777,-0.06671296296296297,0.3767332688952449,0.32640013264903966,0.1680923239539124,0.8904488609646174,0.023890577160165516,0.003935185185185208,0.0150786474719936,0.5404398866738429,0.13253956383474502,0.10104969960394206,0.0,0.6207383716951639,0.5949102894204557,0.27539179038555656,0.3773901272535084,0.39719421853999554,sad,04,11,11,male,normal,1222
50,1.6683333333333334,True,1.0,0.498523782870096,0.46118011152909816,0.4798519471995971,0.7332461697521245,-0.06254629629629621,-0.0653703703703703,0.37956575219918,0.4380861736744052,0.16603840280378723,0.6544213485108448,0.037343671340997864,0.00282407407407409,0.00956623588529525,0.43723495500295917,0.13271765326945742,0.1008156847030873,0.0,0.7019240122897967,0.5918619315382404,0.27830111568623495,0.3823756306688609,0.3993473927832891,sad,04,11,11,male,normal,1222
60,2.0020000000000002,True,1.0,0.5247795749881046,0.4985168691922043,0.5116482220901544,0.9174705881945654,-0.06611111111111106,-0.0690277777777778,0.35981270458188136,0.4652635792767976,0.16811047822147207,0.5576726149848529,0.026262705795900287,0.002916666666666734,0.017925146734316073,0.34361419754478223,0.130421833019396,0.10376860432262916,0.0,0.6189973732373107,0.5894381109396885,0.27782572913911974,0.37114381764954796,0.39377799513085504,sad,04,11,11,male,normal,1222
70,2.3356666666666666,True,1.0,0.5109820152549481,0.5049785177315026,0.5079802664932254,0.8190328661361856,-0.0652314814814815,-0.06851851851851853,0.3446308147492244,0.41637666498320736,0.17230902777777773,0.6202196364715361,0.0060034975234455334,0.0032870370370370328,0.013051641492337897,0.35671387717068037,0.13250655529546365,0.10090434394876557,0.0,0.9999999987499999,0.5983692441742322,0.2804048109013556,0.37874681880508415,0.4009856146069103,sad,04,11,11,male,normal,1222
80,2.6693333333333333,True,1.0,0.5344783226875724,0.5175328856398325,0.5260056041637025,0.6988203153201888,-0.06263888888888897,-0.06759259259259248,0.37371454810389754,0.34909572164497277,0.1736853628108892,0.7527050840282092,0.016945437047739986,0.004953703703703516,0.007993119143772489,0.42789984661604663,0.13334900691973567,0.09978835692412862,0.0,0.7071067807446058,0.5999035833239545,0.2793784753614442,0.3809833427478332,0.40160149832397607,sad,04,11,11,male,normal,1222
90,3.003,True,1.0,0.5675816972443685,0.5351857293749405,0.5513837133096544,0.462996996046935,-0.06287037037037035,-0.06800925925925932,0.3822357378752115,0.2307952383086103,0.1757222337487262,1.1909012758557065,0.032395967869428,0.0051388888888889706,0.01899666647053638,0.5669118900721537,0.13203622276924393,0.10151901152345444,0.0,0.9999999987499999,0.5989733823920194,0.27847056498787026,0.3750741350199067,0.3980148471388121,sad,04,11,11,male,normal,1222
100,3.336666666666667,True,1.0,0.5408326913195989,0.5039363002029311,0.522384495761265,0.4920735323785034,-0.06273148148148144,-0.06680555555555562,0.38096405058933763,0.21953767253071713,0.17571572102484903,1.0615984428917555,0.03689639111666776,0.004074074074074174,0.013155573126776473,0.556199687507722,0.13424743990714205,0.09876944188359789,0.0,0.9999999987499999,0.5944145745798319,0.27885087946241344,0.3811620631100089,0.3982120071304743,sad,04,11,11,male,normal,1222
0,0.0,True,1.0,0.5750494274387494,0.5385777724249654,0.5568135999318574,0.6805170098752371,-0.06606481481481485,-0.06967592592592592,0.3489504934206169,0.4319375696249968,0.17084941013020882,0.8182214284899962,0.03647165501378402,0.003611111111111065,0.016055216027004666,0.44676700626091426,0.1335313388469935,0.09973544664454952,0.0,0.5895617894306319,0.5899747252182125,0.27440011005615866,0.37926276893730987,0.39959965372333517,sad,04,11,11,male,normal,1223
10,0.33366666666666667,True,1.0,0.5527032204884268,0.5482841685260011,0.550493694507214,0.762445797569966,-0.06546296296296306,-0.06884259259259257,0.35148672748299664,0.4161602218032709,0.17223816937956293,0.7220102678271996,0.004419051962425646,0.0033796296296295103,0.013876437552533183,0.39936643450380305,0.13498904855680494,0.09755834456389346,0.0,0.6278864028094525,0.5973937292573279,0.27932437523064507,0.3841382590288161,0.4065168623633219,sad,04,11,11,male,normal,1223
20,0.6673333333333333,True,1.0,0.5537407839354118,0.5560438694065855,0.5548923266709986,0.7793859837332152,-0.06680555555555562,-0.07037037037037036,0.3548747942211392,0.43125005775784325,0.17157225107354987,0.7119608746530127,0.002303085471173638,0.003564814814814743,0.00583913718100312,0.3831896923579957,0.13347391223164198,0.09981228644438131,0.0,0.9999999987499999,0.597186322083521,0.2790437031504636,0.37989368511966226,0.4043873183426044,sad,04,11,11,male,normal,1223
30,1.0010000000000001,True,1.0,0.5469031931834295,0.5392494606908254,0.5430763269371275,1.1392352842802969,-0.07097222222222233,-0.07300925925925922,0.33606515010022575,0.5690851631402962,0.17295240163192796,0.4767025165308251,0.007653732492604148,0.002037037037036893,0.012275166036851186,0.282152399956332,0.13136872632370458,0.10256722437284024,0.0,0.6160764723413662,0.5881384867149985,0.2790295342601521,0.377248249204135,0.39653961618468936,sad,04,11,11,male,normal,1223
40,1.3346666666666667,True,1.0,0.5246646619218136,0.49718520564792446,0.510924933784869,0.6215882900642141,-0.06851851851851853,-0.07157407407407412,0.3704502450172712,0.37648939390834985,0.17225810125013308,0.8219667936989082,0.027479456273889147,0.003055555555555589,0.012969003640921597,0.48006115818333966,0.13351089805500177,0.09976280806118604,0.0,0.6428121704608931,0.5984071650925996,0.27754605504562413,0.38406570409188695,0.40007980413660993,sad,04,11,11,male,normal,1223
50,1.6683333333333334,True,1.0,0.5092383748578282,0.46403357369810777,0.486635974277968,0.8790748962757795,-0.06546296296296295,-0.06819444444444445,0.3742881792316195,0.4786291980552886,0.17020344934400025,0.5535773758750389,0.04520480115972042,0.0027314814814815014,0.010787997429092033,0.33860194327433024,0.13163480837434988,0.10222551049371786,0.0,0.9999999987499999,0.5964894529921344,0.2807889569910032,0.3815550522345166,0.40588510801053956,sad,04,11,11,male,normal,1223
60,2.0020000000000002,True,1.0,0.5203022266635722,0.49924511981107333,0.5097736732373228,0.7634334077866165,-0.06648148148148136,-0.06976851851851851,0.36983099819251647,0.4077896343707484,0.1729607828386932,0.6677382310466129,0.02105710685249884,0.0032870370370371438,0.01478849675028994,0.3975339119218437,0.13261996136597767,0.10094416089495567,0.0,0.9999999987499999,0.5966061854429271,0.27959231871897816,0.38381349794201797,0.40626854365929044,sad,04,11,11,male,normal,1223
70,2.3356666666666666,True,1.0,0.5308968640202535,0.49886222937510094,0.5148795466976772,0.8012307724758175,-0.06625000000000003,-0.06884259259259251,0.3562303446363361,0.4279221635400309,0.17300312378010285,0.642610798767364,0.03203463464515255,0.0025925925925924798,0.01525463547469956,0.38802212879291276,0.13382926693969294,0.0993353163887782,0.0,0.6853015732981322,0.5884685288881178,0.2762439066842495,0.383978729376486,0.39774186822212126,sad,04,11,11,male,normal,1223
80,2.6693333333333333,True,1.0,0.5332385474873573,0.5268784153657474,0.5300584814265523,0.6615518271852021,-0.06601851851851848,-0.07060185185185186,0.3740908377355883,0.3500690855639043,0.17087798736771292,0.80123500479451,0.006360132121609907,0.004583333333333384,0.01748296886156593,0.4622504515160517,0.1329174003486164,0.10017252398273312,0.0,0.694364286654472,0.5957227752663566,0.2792094862977722,0.381760510913918,0.40125328372231656,sad,04,11,11,male,normal,1223
90,3.003,True,1.0,0.5473522877334983,0.5175135645845208,0.5324329261590095,0.5840017151311047,-0.06532407407407415,-0.07009259259259254,0.380209058278198,0.3110789754111282,0.17224392771241934,0.911697538490074,0.02983872314897751,0.004768518518518394,0.018489524441963286,0.49142339389195,0.1328947527794799,0.10039252217018112,0.0,0.6891851951906791,0.5966863310167817,0.27890883932193083,0.37905862323410733,0.39740500521866645,sad,04,11,11,male,normal,1223
100,3.336666666666667,True,1.0,0.5469031931834301,0.5318266818291293,0.5393649375062797,0.5924656504986165,-0.06486111111111115,-0.06921296296296292,0.365763930216862,0.3227413848957062,0.1722505717034359,0.9103733474714567,0.01507651135430077,0.0043518518518517735,0.012857513135609627,0.48991668000823463,0.13422214954667844,0.09861079248891008,0.0,0.6417716892404676,0.5962514258984845,0.27917716418192284,0.3824550516744435,0.4016180656723185,sad,04,11,11,male,normal,1223
0,0.0,True,1.0,0.5588058601951232,0.5224474131752903,0.5406266366852068,0.47900051060497667,-0.06898148148148153,-0.0693981481481481,0.3663523600322294,0.27911049283138306,0.17640445937537777,1.1286556584300849,0.03635844701983293,0.00041666666666656527,0.007614253476569174,0.5801511784386576,0.13489055245059867,0.0978893080545685,0.0,0.6096910350497321,0.5886386875296994,0.2730372368367242,0.39456922741390243,0.40648769036588006,sad,04,11,11,male,strong,1224
10,0.33366666666666667,True,1.0,0.5325372039111659,0.5251437403943151,0.5288404721527404,0.501824224183934,-0.06625000000000003,-0.06861111111111118,0.36907586234083156,0.2770508672932616,0.17712641173327864,1.0538360777874767,0.007393463516850773,0.002361111111111147,0.009573506808288959,0.5674538972992861,0.1342747618784466,0.09873229509189563,0.0,0.7071067807446058,0.5896022245069902,0.272375402830581,0.3933219531847394,0.4067220695444782,sad,04,11,11,male,strong,1224
20,0.6673333333333333,True,1.0,0.5259547057403535,0.5261857868522256,0.5260702462962896,0.48214862891031096,-0.06912037037037039,-0.07087962962962968,0.37404845838670725,0.2668590000459569,0.1770988427644488,1.0910955973995913,0.00023108111187208902,0.0017592592592592937,0.007516866904017488,0.5677234845636306,0.13519169688964805,0.09747298530309127,0.0,0.6142589396974407,0.5892224482449231,0.27315929090285723,0.3971213814974153,0.40945328235039363,sad,04,11,11,male,strong,1224
30,1.0010000000000001,True,1.0,0.45579317290980215,0.4726168560058496,0.46420501445782586,0.8488047921592734,-0.07055555555555554,-0.07106481481481486,0.38785373805640516,0.3429734114039462,0.17710444305856654,0.546892546726716,0.016823683096047426,0.0005092592592593204,0.014543828072413107,0.3581178847532839,0.12942896629553666,0.10482278620232625,0.0,0.6625564678253296,0.5860755252178996,0.27809066348544903,0.3923889055689649,0.40851313191620925,sad,04,11,11,male,strong,1224
40,1.3346666666666667,True,1.0,0.4093304503189324,0.36365659230596403,0.3864935213124482,0.6012912827212326,-0.08689814814814817,-0.08620370370370373,0.3835157011931171,0.2685851318944845,0.19821865666655708,0.6427725337432378,0.04567385801296836,0.000694444444444442,0.003473644329974529,0.4785863232048155,0.12889955160812278,0.10565360082036605,0.0,0.714708364372831,0.588232195425045,0.2798601252402509,0.3974678796783957,0.4032767978947943,sad,04,11,11,male,strong,1224
50,1.6683333333333334,True,1.0,0.3729553505083674,0.3558209391543296,0.3643881448313485,0.7187462588645613,-0.09606481481481483,-0.09166666666666667,0.36832080097460246,0.36588805141548836,0.19994800503993349,0.5069774490471649,0.017134411354037815,0.004398148148148151,0.022568796187735576,0.36816256431563216,0.12142132430093171,0.10957113302024284,0.0,0.9999999987499999,0.6517432925279487,0.3040331637067784,0.3837854581903235,0.45679043538411646,sad,04,11,11,male,strong,1224
60,2.0020000000000002,True,1.0,0.24714162262485173,0.20297591322953837,0.22505876792719504,0.7598961021846434,-0.10486111111111107,-0.10587962962962966,0.3703461107492606,0.35959369121237544,0.19338762614727917,0.29617044656521885,0.04416570939531336,0.0010185185185185852,0.01016269469927525,0.3620477914810784,0.1307672624218605,0.10333296110177032,0.0,0.7615646323382449,0.5801837992228142,0.2792264617588158,0.4057219229783402,0.4014313807391649,sad,04,11,11,male,strong,1224
70,2.3356666666666666,True,1.0,0.5030967853374901,0.47952692865790736,0.49131185699769875,0.8551664827361576,-0.08314814814814814,-0.08013888888888893,0.36083129377010864,0.387497312489821,0.1981974861513387,0.5745218818980327,0.02356985667958278,0.0030092592592592116,0.008878010633859392,0.3343496723030253,0.13057032424132398,0.10358169818431019,0.0,0.8744064505463087,0.5831312025435174,0.27829570438831863,0.4104958786386058,0.41181241299330024,sad,04,11,11,male,strong,1224
80,2.6693333333333333,True,1.0,0.495507017850562,0.45878136200716946,0.47714418992886576,0.4766110166714416,-0.07763888888888892,-0.0742592592592593,0.3781389515599177,0.19966137184884733,0.20086202052809746,1.0011186758987396,0.036725655843392546,0.0033796296296296213,0.015160387878088512,0.547297297297296,0.13476700245849713,0.09805933316212484,0.0,0.6544745841762758,0.5763094556025535,0.2738151684147534,0.41239367386116715,0.4131571950579442,sad,04,11,11,male,strong,1224
90,3.003,True,1.0,0.49308361994033173,0.47071982172422117,0.48190172083227645,0.4659164067665013,-0.07166666666666666,-0.06893518518518515,0.39508334639513665,0.17776441743931998,0.20003814333537118,1.0343094036475653,0.022363798216110564,0.0027314814814815014,0.003057397860244005,0.5926248461765029,0.13206193265993438,0.10167312188277378,0.0,0.8047084164780721,0.5808472779893207,0.2781238083179619,0.39527269076875815,0.41800569945137195,sad,04,11,11,male,strong,1224
0,0.0,True,1.0,0.5227598108438132,0.5045214359817016,0.5136406234127574,0.40896947274403966,-0.07004629629629633,-0.07166666666666666,0.35985925534832813,0.23752400261180848,0.17987171536233565,1.255938786742227,0.01823837486211155,0.0016203703703703276,0.022699054783321654,0.6793881422440937,0.1344039528764495,0.09855635556816802,0.0,0.6406378122754399,0.5902112963232168,0.27387251522346867,0.40217019866674303,0.4157265857861884,sad,04,11,11,male,strong,1225
10,0.33366666666666667,True,1.0,0.47695161031582506,0.46461068827789775,0.47078114929686143,0.4422393765415977,-0.06787037037037041,-0.0692592592592593,0.36677505569708113,0.20723735517201916,0.18264933186801843,1.0645391936341495,0.012340922037927304,0.001388888888888884,0.017372101911501927,0.6020797289396154,0.13328228365418868,0.1000680300367187,0.0,0.6971433032891611,0.5898757580219588,0.27455738943715585,0.4046353443085375,0.4151978643920329,sad,04,11,11,male,strong,1225
20,0.6673333333333333,True,1.0,0.5557291483635987,0.5155347280517936,0.5356319382076962,0.9032827199902104,-0.07504629629629633,-0.07712962962962966,0.34706430010799816,0.4439675744367839,0.1847288304216915,0.5929837096999944,0.04019442031180509,0.002083333333333326,0.01236146123962622,0.3306873701677869,0.13198888140815387,0.10139282549095566,0.0,0.6733976828984951,0.5931884057060325,0.28061549071627134,0.38950416752831324,0.40972341331744055,sad,04,11,11,male,strong,1225
30,1.0010000000000001,True,1.0,0.469333985818099,0.43641060287780126,0.4528722943479501,0.9434206656191105,-0.08629629629629632,-0.08773148148148147,0.4051959511092268,0.49557854593420836,0.19169890643989534,0.48003219650775525,0.03292338294029773,0.0014351851851851505,0.021458996142784043,0.3408960054135102,0.11837364468911307,0.11285677396075586,0.0,0.9999999987499999,0.6556631987873274,0.3014647458562298,0.38742286576734203,0.475498280449348,sad,04,11,11,male,strong,1225
40,1.3346666666666667,True,1.0,0.16868750974443725,0.15750290097934558,0.16309520536189143,0.7334652758195612,-0.09078703703703705,-0.09624999999999995,0.3908409452755609,0.37267754693799227,0.18478168750979107,0.22236254494754604,0.01118460876509167,0.005462962962962892,0.012599614912843253,0.44344636014757083,0.1195407252443909,0.1117903848353862,0.0,0.9999999987499999,0.6549407417341936,0.3020591780237187,0.3752666659554625,0.45631934606077423,sad,04,11,11,male,strong,1225
50,1.6683333333333334,True,1.0,0.46004159366164366,0.4507401579973407,0.45539087582949217,1.1376051031530632,-0.07240740740740742,-0.07462962962962971,0.3588798020087353,0.49313604531705435,0.17918753095872791,0.4003066394193381,0.00930143566430297,0.002222222222222292,0.01679659793081897,0.27332648473882293,0.1308726873628866,0.10301462772915165,0.0,0.9999999987499999,0.5934494227378452,0.28556036622757386,0.39197811762890394,0.41484736718337545,sad,04,11,11,male,strong,1225
60,2.0020000000000002,True,1.0,0.15259439016643814,0.15415108740227879,0.15337273878435848,0.782820613244922,-0.06972222222222224,-0.07597222222222222,0.38330985443907467,0.33233384810131084,0.17162782648735408,0.19592322454131975,0.0015566972358406483,0.006249999999999978,0.022605799163208172,0.3779036991702103,0.1324340361258696,0.10118796295488529,0.0,0.5762558857190816,0.5949300038531037,0.2771013507212017,0.3810512121743732,0.3901848287462585,sad,04,11,11,male,strong,1225
70,2.3356666666666666,True,1.0,0.30002597385435065,0.3117392514885923,0.30588261267147143,0.917627382785696,-0.06527777777777777,-0.07254629629629633,0.3164044712593605,0.4428051499962788,0.17432700164969128,0.3333407638107806,0.011713277634241626,0.007268518518518563,0.023766483960937376,0.33139926014396126,0.13122274640598244,0.10275392253858345,0.0,0.930938955792374,0.5873341468696853,0.27598905499862075,0.38155787227296567,0.38979203783589916,sad,04,11,11,male,strong,1225
80,2.6693333333333333,True,1.0,0.5026548028159397,0.48496805144987243,0.49381142713290604,0.5641565811237274,-0.07134259259259262,-0.07629629629629636,0.37032622643560414,0.23583593409252535,0.18403150894573128,0.875309167092046,0.017686751366067233,0.004953703703703738,0.024939714662467215,0.47541974499264594,0.13333869132011184,0.09999285558750227,0.0,0.9141951811634829,0.5882356439763406,0.27524062015235695,0.3856858556052067,0.3962672421710367,sad,04,11,11,male,strong,1225
90,3.003,True,1.0,0.4909646830815329,0.46641371768493173,0.4786892003832323,0.416931018772776,-0.06662037037037044,-0.0712962962962963,0.36352280438445966,0.1339437497333113,0.18681209006022537,1.1481256582737347,0.024550965396601176,0.004675925925925861,0.02264393063111999,0.6040790064979704,0.13346412840338592,0.09982536852488638,0.0,0.9547049211776117,0.5865694625115672,0.2738316511439413,0.3936669584304428,0.4050159211912012,sad,04,11,11,male,strong,1225
100,3.336666666666667,True,1.0,0.5144809929135588,0.4955484147653945,0.5050147038394767,0.3777453427534919,-0.06449074074074074,-0.07050925925925922,0.36262298497986495,0.13447557703987775,0.18958695516515212,1.3369184121722921,0.018932578148164236,0.006018518518518479,0.026496147437987314,0.7089561424243298,0.1331233201737175,0.10027940664724186,0.0,0.6600670763417218,0.5880928427152112,0.2739694293024758,0.39659159360255236,0.40497554328611235,sad,04,11,11,male,strong,1225
0,0.0,True,1.0,0.47800801227070794,0.4716322421128059,0.4748201271917569,0.429803855714021,-0.0728240740740741,-0.07361111111111113,0.35336038417149446,0.25632711510975126,0.18474865360190323,1.1047367790662364,0.006375770157902028,0.0007870370370370305,0.009481315270433834,0.6173718545737589,0.13295772791277546,0.10049885750521344,0.0,0.8049486186761746,0.591536379442402,0.2749017308536889,0.3948988829599316,0.4120770146368992,sad,04,11,11,male,strong,1226
10,0.33366666666666667,True,1.0,0.5061261306395729,0.4796508570018885,0.4928884938207307,0.4469431254253105,-0.0702314814814814,-0.06875000000000003,0.365053132900355,0.25699509797287684,0.1847635195913375,1.1027991388204006,0.026475273637684427,0.0014814814814813615,0.0077380080944444716,0.6305854698014232,0.1337739134271939,0.09940984789268216,0.0,0.7071067807446058,0.592590675582733,0.274218444765506,0.39789795291196717,0.41346039575568216,sad,04,11,11,male,strong,1226
20,0.6673333333333333,True,1.0,0.5144809929135593,0.47261685600584946,0.4935489244597044,0.4440343076229072,-0.06773148148148139,-0.06828703703703709,0.35802261348912534,0.29121760301824545,0.17920924427469392,1.1115107909158386,0.04186413690770985,0.0005555555555556979,0.010577138974878192,0.6331924550461158,0.1323910962152357,0.10124413767917392,0.0,0.7727124636092546,0.5926626510526085,0.27432317324776007,0.39502766217077007,0.4120206245917794,sad,04,11,11,male,strong,1226
30,1.0010000000000001,True,1.0,0.46453024362775325,0.45831288152954774,0.4614215625786505,1.2648307002681907,-0.07912037037037045,-0.08351851851851849,0.3371140790461017,0.5159365664742885,0.18752603985846872,0.3648089522817656,0.006217362098205503,0.00439814814814804,0.018507508790979104,0.2595536044952363,0.128373551515359,0.10611269996932872,0.0,0.7268446396129635,0.5849268061677797,0.28187972642231374,0.39850115817327425,0.4165976556225805,sad,04,11,11,male,strong,1226
40,1.3346666666666667,True,1.0,0.2575029956451939,0.2292971080553092,0.24340005185025154,0.5828960257260747,-0.08689814814814817,-0.08907407407407414,0.36781959476807985,0.37728028479843856,0.18472593936351142,0.4175702717256724,0.02820588758988471,0.00217592592592597,0.02126225841582261,0.5257284602585242,0.13221712131064212,0.10128329899956444,0.0,0.9999999987499999,0.5808122093837534,0.27792997975944816,0.4245114461838007,0.4107391878370339,sad,04,11,11,male,strong,1226
50,1.6683333333333334,True,1.0,0.45078177860605806,0.4300297273959139,0.44040575300098594,0.5860097765798996,-0.08277777777777778,-0.08458333333333334,0.36981060708409286,0.35267842487089585,0.1875146478653401,0.751533115319858,0.020752051210144173,0.0018055555555555602,0.009447277497376968,0.48755890623836673,0.13116997368185265,0.1024500262593613,0.0,0.9999999987499999,0.5880329828337586,0.27785107725893143,0.4186234434807271,0.4142529891619343,sad,04,11,11,male,strong,1226
60,2.0020000000000002,True,1.0,0.4294020074155398,0.4297051696463094,0.4295535885309246,0.7302920062180781,-0.08453703703703697,-0.08490740740740732,0.3603121424516181,0.3581757750038985,0.1931124547695311,0.5881942906036032,0.0003031622307695936,0.00037037037037035425,0.011756215021643764,0.40321106149327324,0.13049221452698712,0.1036800835219691,0.0,0.7155545862798554,0.5897764536517732,0.28139436196325956,0.4080362527339782,0.42031041519043816,sad,04,11,11,male,strong,1226
70,2.3356666666666666,True,1.0,0.45833333333333354,0.4645181598260261,0.46142574657967983,0.654208930141458,-0.08328703703703705,-0.08499999999999996,0.3657495032210023,0.2936490738732459,0.19589916232072066,0.705318630364625,0.0061848264926925856,0.0017129629629629162,0.011097222365494706,0.43610956300538367,0.13191049851879663,0.10186951532177815,0.0,0.800610501769989,0.5909496278902185,0.2791591879341986,0.4106315169908884,0.4177449780788515,sad,04,11,11,male,strong,1226
80,2.6693333333333333,True,1.0,0.485362671697075,0.4835090941184929,0.48443588290778394,0.480189539734924,-0.07967592592592598,-0.08032407407407405,0.36958609204215886,0.22650745956074783,0.19448367737260402,1.008843056379787,0.0018535775785820663,0.0006481481481480644,0.003425579951275522,0.5469794131398553,0.133042535474498,0.10019659464528721,0.0,0.7071067807446058,0.5911692680197079,0.27627458788972403,0.40214088867480413,0.4141824682018907,sad,04,11,11,male,strong,1226
90,3.003,True,1.0,0.5269651864139686,0.525107463318409,0.5260363248661888,0.49584878922495174,-0.07157407407407401,-0.07314814814814824,0.3961338695840255,0.25389666416287704,0.18889050451846834,1.060880527082505,0.001857723095559649,0.0015740740740742276,0.009026720676746123,0.5625548906039083,0.13299699256214217,0.10044689015070132,0.0,0.6336364509930112,0.5891652181575756,0.2734866236843622,0.40317665938641667,0.418062851402764,sad,04,11,11,male,strong,1226
100,3.336666666666667,True,1.0,0.4428545330916137,0.4550630926658497,0.44895881287873174,0.4805420196244702,-0.0740277777777778,-0.07314814814814813,0.3871958332064797,0.2526678369338018,0.1909722222222222,0.9342758687982795,0.012208559574236,0.0008796296296296746,0.011455528023094564,0.5921062227037506,0.1339416203303787,0.09918376941250139,0.0,0.8003519593341242,0.5944071985903737,0.271516133869044,0.4058279607168126,0.41943336923452496,sad,04,11,11,male,strong,1226
0,0.0,True,1.0,0.4802997943454359,0.4617152530393501,0.471007523692393,0.42218739815127293,-0.06217592592592591,-0.06356481481481485,0.38772445240241565,0.21720667337451985,0.17986789790391572,1.1156361505693912,0.018584541306085778,0.0013888888888889395,0.018771607772724373,0.6700844013526074,0.13263702209877412,0.10092174265384544,0.0,0.6818921499258938,0.584047153791204,0.2753022741231108,0.40751648084851244,0.4087153725316213,sad,04,11,11,male,strong,1227
10,0.33366666666666667,True,1.0,0.470036709563234,0.45579491731609695,0.4629158134396655,0.44149026045838635,-0.06875000000000009,-0.0728240740740741,0.36751125156278813,0.29364508889137253,0.18612135926937018,1.0485300694040987,0.014241792247137064,0.004074074074074008,0.0233304837973878,0.6469337516802807,0.13311253586620217,0.10029372147286031,0.0,0.7140762368453465,0.5844067340061024,0.2772833866192788,0.41292729113048615,0.4143965556148638,sad,04,11,11,male,strong,1227
20,0.6673333333333333,True,1.0,0.5149147190576024,0.49134444009191375,0.5031295795747581,0.4827269663489835,-0.0656944444444445,-0.07078703703703704,0.3683474112773203,0.3080706243866169,0.18472387429425183,1.042265327292747,0.023570278965688696,0.0050925925925925375,0.031198438958911372,0.5646168600153169,0.13241021224602464,0.1010307355057661,0.0,0.8442898354263966,0.5854015367240646,0.2764334608475624,0.4110944612998395,0.41628517455791336,sad,04,11,11,male,strong,1227
30,1.0010000000000001,True,1.0,0.4378909044861396,0.42129755828270465,0.4295942313844221,1.0328069160552855,-0.06851851851851853,-0.07296296296296295,0.35920669796180643,0.4952461365888764,0.17638888888888893,0.4159482519977879,0.016593346203434944,0.0044444444444444176,0.022879102788756944,0.31580713965719287,0.1288109994105496,0.10558124954008108,0.0,0.7164629464952268,0.5856509619629102,0.27966477853666605,0.3985224939099439,0.4145554589733559,sad,04,11,11,male,strong,1227
40,1.3346666666666667,True,1.0,0.4200601065041719,0.4013864859597429,0.4107232962319574,0.6077196777248062,-0.06967592592592586,-0.07157407407407407,0.38203742756250225,0.3355850462538022,0.17639970187254403,0.6758433391027127,0.018673620544429004,0.0018981481481482043,0.017150112781045997,0.4797527360231359,0.13652889917415337,0.09559099048701658,0.0,0.4748451999901079,0.547659218898497,0.24642928709818496,0.4236929501062031,0.38833686451899124,sad,04,11,11,male,strong,1227
50,1.6683333333333334,True,1.0,0.45001367351438487,0.44280913681570966,0.4464114051650473,0.5040601173987792,-0.06962962962962965,-0.07296296296296295,0.38040016976951463,0.2778503970569181,0.17917049906572252,0.8856312764214908,0.007204536698675212,0.0033333333333332993,0.018271411465329866,0.5486193249770107,0.13393960397545093,0.09918649231924055,0.0,0.7346201643461647,0.5881843307166618,0.27693305944280633,0.4011598679580577,0.4117001898817132,sad,04,11,11,male,strong,1227
60,2.0020000000000002,True,1.0,0.4487886881343779,0.43614115917668095,0.4424649236555294,0.7866546688115651,-0.06962962962962965,-0.07143518518518521,0.35195403783089596,0.35804629666893134,0.18267272197487106,0.5624639898520926,0.01264752895769694,0.0018055555555555602,0.020544947000924987,0.3514029898187696,0.13127293918907512,0.10268979115811541,0.0,0.7660679291736915,0.5838258852759854,0.2771063627719243,0.3951317709960824,0.4086401136264041,sad,04,11,11,male,strong,1227
70,2.3356666666666666,True,1.0,0.43549710340101827,0.4294020074155403,0.4324495554082793,0.5909360265637789,-0.07171296296296292,-0.07379629629629636,0.3707344048581921,0.2756840079342123,0.18474865360190323,0.7318043510105838,0.006095095985477972,0.002083333333333437,0.014768676580799793,0.4504076323325945,0.13441277058577625,0.09854432949326737,0.0,0.5697787212094761,0.5879039377391582,0.27514579301593484,0.39728565318151327,0.40823665977428075,sad,04,11,11,male,strong,1227
80,2.6693333333333333,True,1.0,0.47292390314208993,0.47031001685800394,0.47161696000004694,0.4528400238674641,-0.0666666666666666,-0.06810185185185186,0.38529044344736507,0.18738747708489853,0.18477219086616276,1.0414648333692307,0.0026138862840859867,0.0014351851851852615,0.006239635612007395,0.5786043399094093,0.13403081304803588,0.09906320671879608,0.0,0.6194941565760926,0.5880112126100442,0.2732984714522888,0.40050734373620955,0.4077615704737203,sad,04,11,11,male,strong,1227
90,3.003,True,1.0,0.4669802917537689,0.4646832942901975,0.4658317930219832,0.41992858289998863,-0.06361111111111112,-0.06680555555555556,0.36804713319287236,0.16231269345655414,0.18404809099924885,1.1093119449145166,0.002296997463571371,0.003194444444444444,0.008610644714015675,0.6168649784756292,0.1328610448615309,0.10043712750939947,0.0,0.7071067807446058,0.5870981164575204,0.2737988608459062,0.4003778476962715,0.40551814099689826,sad,04,11,11,male,strong,1227
0,0.0,True,1.0,0.5557752386834464,0.5371830638633789,0.5464791512734126,0.6915811426778946,-0.05361111111111111,-0.05615740740740732,0.36316388617539225,0.3593291307445258,0.15840270547151158,0.7901880452630219,0.018592174820067475,0.0025462962962962132,0.002180301234107891,0.41955054141052556,0.13412643477788028,0.09893370136294363,0.0,0.9999999987499999,0.6001771171593637,0.27359906246521604,0.3662672549498319,0.3924719978452324,angry,05,11,11,male,normal,1228
10,0.33366666666666667,True,1.0,0.5606837606837604,0.5643240571849485,0.5625039089343544,0.681198249699927,-0.05208333333333337,-0.05578703703703697,0.370657683159959,0.3672904423204213,0.15768727938291646,0.82575653883747,0.003640296501188134,0.003703703703703598,0.004999410430765906,0.40853417511698514,0.13551746688030789,0.0970195544321455,0.0,0.7071067807446058,0.6004435151482469,0.2757622537152829,0.3754704790921923,0.397307440520994,angry,05,11,11,male,normal,1228
20,0.6673333333333333,True,1.0,0.5742523826412977,0.5428210708434177,0.5585367267423578,0.6948634180802443,-0.05319444444444443,-0.05513888888888885,0.37162278318283826,0.3741353361970686,0.15701443022291076,0.803807931471587,0.03143131179788006,0.0019444444444444153,0.0006667712520629426,0.42228837454220797,0.13510568679111656,0.09759216755713938,0.0,0.9999999987499999,0.6010539094700381,0.27559440293260556,0.37326151713328765,0.3972153042605686,angry,05,11,11,male,normal,1228
30,1.0010000000000001,True,1.0,0.5408326913195983,0.5054612588378978,0.5231469750787481,0.8962333312802763,-0.055694444444444435,-0.057638888888888906,0.38061038924125323,0.46708044270804105,0.1521239622706377,0.5837173834311971,0.03537143248170049,0.0019444444444444708,0.0012371481118066865,0.34800365186407517,0.13254959699915989,0.10103653847440179,0.0,0.6306061865166012,0.600768394568765,0.28015630372218386,0.3711287618434582,0.40405151839789105,angry,05,11,11,male,normal,1228
40,1.3346666666666667,True,1.0,0.5079830181547991,0.5054612588378974,0.5067221384963483,0.9226024643326568,-0.05467592592592585,-0.057361111111111085,0.36101011392864846,0.4341064604645775,0.1570265773539337,0.5492312865898034,0.002521759316901684,0.002685185185185235,0.0037212589088213223,0.3229011097302437,0.13375417426196765,0.09943640499935429,0.0,0.5869927586847278,0.595611539225065,0.27923986846122617,0.37483258988520146,0.4031822567405608,angry,05,11,11,male,normal,1228
50,1.6683333333333334,True,1.0,0.5423363178625843,0.5357276105245437,0.5390319641935639,1.009391067418275,-0.0566666666666667,-0.05874999999999997,0.3659448706037298,0.4373535963689782,0.15838151165305547,0.5340169747808934,0.0066087073380406425,0.0020833333333332704,0.0012186223094612428,0.30026237250444937,0.13185108701896203,0.10194640073778838,0.0,0.6209908936366512,0.5945150083861669,0.27802266279182064,0.3729397380563616,0.4038532610332126,angry,05,11,11,male,normal,1228
60,2.0020000000000002,True,1.0,0.527887619341722,0.5103451930090871,0.5191164061754046,0.8011027674446024,-0.0562037037037037,-0.05699074074074073,0.3720305726034752,0.3675786772456161,0.1625793263410684,0.6480022629697161,0.01754242633263492,0.0007870370370370305,0.0015107220249459133,0.3426291694324927,0.1330140479912732,0.10042430387359423,0.0,0.6793114255712429,0.5933333720832082,0.27676590510176263,0.37383571448721237,0.3978400238474174,angry,05,11,11,male,normal,1228
70,2.3356666666666666,True,1.0,0.5471223884660694,0.5374861863306567,0.542304287398363,0.8423332118904621,-0.057222222222222285,-0.057916666666666616,0.32654247199528214,0.34588849376024433,0.16672204687006273,0.6438120683633746,0.00963620213541272,0.000694444444444331,0.0007288985664533601,0.32136373007930463,0.13460335622098749,0.09828384539601485,0.0,0.57735822406966,0.5944127249415392,0.2749319060773573,0.3776583793552041,0.39870119497881595,angry,05,11,11,male,normal,1228
80,2.6693333333333333,True,1.0,0.6010079632529287,0.5896779222610378,0.5953429427569832,0.671244702864298,-0.054537037037037106,-0.05648148148148152,0.3752879482665951,0.24343150687693174,0.16603840280378737,0.8869238598331859,0.011330040991890944,0.0019444444444444153,0.0027267764337214023,0.39744598780041857,0.13300901369893436,0.10043097154940835,0.0,0.6489347599999745,0.5942032678774636,0.27511421668880914,0.37523543884378535,0.3974570244743138,angry,05,11,11,male,normal,1228
90,3.003,True,1.0,0.5744619778647118,0.5747282779880647,0.5745951279263882,0.46289662578344476,-0.055555555555555525,-0.05740740740740741,0.38231106366057455,0.15412963630005697,0.16462968262185781,1.2413033405760856,0.00026630012335293607,0.0018518518518518823,0.005948853203069722,0.5469794131398552,0.13360628591046478,0.09963502464925482,0.0,0.658515330890963,0.5953422294620974,0.27529768530667714,0.3732383533378283,0.39593542383902564,angry,05,11,11,male,normal,1228
100,3.336666666666667,True,1.0,0.6554304048137427,0.6300014434053002,0.6427159241095215,0.46240105086230165,-0.05268518518518517,-0.0557407407407407,0.38274387577186564,0.16037981858968853,0.16739803204185624,1.389953424437428,0.02542896140844253,0.0030555555555555336,0.005069036392880964,0.533561100820748,0.13556005377726682,0.09696004121175954,0.0,0.5808840561118275,0.596569346769958,0.27418229034742286,0.3768505774537688,0.3959307792588196,angry,05,11,11,male,normal,1228
0,0.0,True,1.0,0.6313975895687997,0.6095303195763412,0.6204639545725704,0.5221339994958385,-0.055833333333333346,-0.05754629629629637,0.3635554063453402,0.27468701683557223,0.1736220970916438,1.1883232181234649,0.02186726999245847,0.0017129629629630272,0.0034375993095991817,0.5647095085850338,0.13610412793257032,0.09619482382975957,0.0,0.6640972799254903,0.597771317042442,0.2741940236159242,0.37852388769692813,0.3942925044200167,angry,05,11,11,male,normal,1229
10,0.33366666666666667,True,1.0,0.563700038847593,0.5296478122870443,0.5466739255673186,0.5358624895381185,-0.05703703703703705,-0.058101851851851904,0.3624653869441143,0.27468701683557223,0.17223816937956282,1.0201757656866763,0.03405222656054874,0.0010648148148148517,0.006239169882557866,0.5215401285829792,0.13416239699358318,0.09888492809652984,0.0,0.6600296854877596,0.5970454788790517,0.2734165605397218,0.3748882709583072,0.39399155614880843,angry,05,11,11,male,normal,1229
20,0.6673333333333333,True,1.0,0.6179660124011607,0.6016356087614599,0.6098008105813103,0.5144967563661786,-0.05782407407407414,-0.05875000000000008,0.36814294337192077,0.27052115576092306,0.17155624201521408,1.1852374247959334,0.01633040363970073,0.0009259259259259411,0.0003722545740706347,0.5202458677710824,0.13578495703183074,0.09664483025880023,0.0,0.7766080079749149,0.5960632880886729,0.27356805659746586,0.3782898649240419,0.39442898526217635,angry,05,11,11,male,normal,1229
30,1.0010000000000001,True,1.0,0.5928757291148544,0.5969413350386974,0.594908532076776,0.9058620574261886,-0.056064814814814734,-0.05708333333333332,0.3848569726889508,0.40178307918131945,0.1722581012501332,0.6567319242480252,0.004065605923842974,0.0010185185185185852,0.007876540133552793,0.3338424091226747,0.13182076095895726,0.10198561051236207,0.0,0.7969638068837961,0.5972472891578506,0.2754108508380879,0.38150881107716306,0.4103197754246609,angry,05,11,11,male,normal,1229
40,1.3346666666666667,True,1.0,0.6097975535421172,0.5563537976479879,0.5830756755950526,0.7077910808612774,-0.05699074074074073,-0.05740740740740735,0.3919792322001962,0.29056801247387193,0.17504359111107867,0.8237963028377462,0.05344375589412931,0.0004166666666666208,0.00030678811324606856,0.42319192008863593,0.1328523051072947,0.10063817764275493,0.0,0.669959573580189,0.5934491690816952,0.27571559853350885,0.378111219760743,0.3969619847985711,angry,05,11,11,male,normal,1229
50,1.6683333333333334,True,1.0,0.6098925410364667,0.58748250864054,0.5986875248385033,0.8402958655722154,-0.056296296296296344,-0.05624999999999991,0.3810453321410437,0.3553900427472205,0.17364670316586833,0.712472296208212,0.02241003239592676,4.629629629643306e-05,0.0009856679924506347,0.330171263885094,0.13400979188924975,0.09909164167291998,0.0,0.7411494322119523,0.5943064007477992,0.2765066849565565,0.38103643686182526,0.40388794559787433,angry,05,11,11,male,normal,1229
60,2.0020000000000002,True,1.0,0.5911637773966185,0.5592133208416961,0.5751885491191573,0.7104852164078728,-0.05615740740740749,-0.05814814814814806,0.3803217791143413,0.28395657759937126,0.17643213684734219,0.8095714531925674,0.03195045655492246,0.001990740740740571,0.007927826820757567,0.4224975832285861,0.1338146512994072,0.0993550042491155,0.0,0.6573091709598747,0.5952256843909439,0.27662454932084063,0.3827824924409228,0.40176484194869966,angry,05,11,11,male,normal,1229
70,2.3356666666666666,True,1.0,0.6217608295900978,0.6095303195763397,0.6156455745832188,0.7493403756879838,-0.05805555555555558,-0.05976851851851839,0.36060115043259466,0.26545319187619626,0.176410081713312,0.8215833479117988,0.012230510013758078,0.0017129629629628051,0.0066740566074229655,0.36832240377565956,0.1328908475916523,0.10058727751570369,0.0,0.692604202504887,0.5957796804112271,0.2767933792727012,0.37470863394903914,0.39359974965455935,angry,05,11,11,male,normal,1229
80,2.6693333333333333,True,1.0,0.6334333334130385,0.6063523849989702,0.6198928592060043,0.6131995362804237,-0.055555555555555636,-0.05768518518518517,0.3776639251633596,0.2345737359558945,0.177798805052918,1.0109154076765638,0.027080948414068384,0.002129629629629537,0.007984887635064825,0.4443501674100583,0.13470205826160583,0.0981485265907104,0.0,0.6808754811705504,0.5942397430534715,0.2768479432653484,0.37376599132245253,0.3886760487662193,angry,05,11,11,male,normal,1229
90,3.003,True,1.0,0.6471334687888285,0.6267962540671207,0.6369648614279746,0.5567332508004796,-0.05439814814814814,-0.05754629629629637,0.3804239495201183,0.20699722091766917,0.17641008171331193,1.1441114043613108,0.020337214721707797,0.003148148148148233,0.00798488763506476,0.4841972898974341,0.13440621738915876,0.09855326731723493,0.0,0.6991302533461092,0.5963931244841687,0.27557720739781544,0.37272567196161,0.38830461469219985,angry,05,11,11,male,normal,1229
100,3.336666666666667,True,1.0,0.6468831681827182,0.6443826498962913,0.6456329090395048,0.5438061120733365,-0.05652777777777779,-0.05754629629629637,0.38035485628159027,0.21993454722502354,0.17431649776999442,1.1872483495596242,0.002500518286426834,0.0010185185185185852,0.009514263169764071,0.49741712599965116,0.13395144101480433,0.09917050580541492,0.0,0.7058323148290692,0.5963108487691953,0.27522930395535145,0.37290850295180655,0.3906834357603161,angry,05,11,11,male,normal,1229
0,0.0,True,1.0,0.578914601591453,0.5724888287784715,0.5757017151849623,0.49878998706091393,-0.05833333333333335,-0.05958333333333332,0.37973567063771124,0.281932267347636,0.16738344696828983,1.1541966160492625,0.006425772812981512,0.0012499999999999734,0.00026315658091214457,0.5496786687150658,0.13451198895221445,0.09840885427631005,0.0,0.7178405447855366,0.5952806341052045,0.2728790720141869,0.37474378519709584,0.39983127098165233,angry,05,11,11,male,normal,1230
10,0.33366666666666667,True,1.0,0.6017094017094018,0.5485981326054545,0.5751537671574282,0.48983973357056076,-0.05731481481481471,-0.05833333333333329,0.37427458844136097,0.2645032806966397,0.16667811036558888,1.1741672382617734,0.053111269103947256,0.0010185185185185852,0.005961860653858849,0.5645044157089628,0.1342430371582929,0.09877542582108818,0.0,0.6899488952801965,0.5949274174591712,0.27298311556444604,0.3739282433202329,0.39893748463027406,angry,05,11,11,male,normal,1230
20,0.6673333333333333,True,1.0,0.5789146015914518,0.5494337928817371,0.5641741972365945,0.4719826802645925,-0.05592592592592599,-0.056851851851851876,0.3812930252813923,0.248828748714273,0.16528931763555124,1.1953281779753435,0.0294808087097147,0.0009259259259258856,0.001893912971625161,0.5625677371751696,0.13459184120951712,0.09829961369035765,0.0,0.6630020943871652,0.5960632455872974,0.27282226799998804,0.3770714691760133,0.3998385810071835,angry,05,11,11,male,normal,1230
30,1.0010000000000001,True,1.0,0.6432012039934959,0.594266703595264,0.6187339537943799,1.0282033890911568,-0.05356481481481479,-0.054629629629629695,0.36717327229974656,0.45302274341452353,0.16598876984135175,0.6017622197698526,0.048934500398231884,0.0010648148148149073,0.0005046825856053539,0.283882194205683,0.132255864358889,0.10142072822750071,0.0,0.7802312639052186,0.5938417170540092,0.27733316210115805,0.38300292456946555,0.4059371524642952,angry,05,11,11,male,normal,1230
40,1.3346666666666667,True,1.0,0.5656547439751457,0.5669818539831165,0.5663182989791311,0.8082754228172925,-0.0534722222222222,-0.056944444444444464,0.37673080590351576,0.3388287297140698,0.1666831453442138,0.7006501533910244,0.001327110007970811,0.0034722222222222654,0.005841396523707412,0.34500737758425526,0.13220220578111064,0.101302767042385,0.0,0.8283945783249035,0.5912648755127051,0.2755717240589327,0.37592188089246986,0.39382005791330116,angry,05,11,11,male,normal,1230
50,1.6683333333333334,True,1.0,0.5554511440183731,0.5286351809344986,0.5420431624764359,0.8741227260373391,-0.05615740740740727,-0.05805555555555553,0.3822900582304334,0.3671897443197233,0.16877215204719245,0.6200996111080196,0.026815963083874572,0.0018981481481482598,0.010593609191291473,0.3343754609271849,0.1333004064845385,0.10004388738207809,0.0,0.7634898001906545,0.5945126381880877,0.27661661417072503,0.3839942761350577,0.4075100692885391,angry,05,11,11,male,normal,1230
60,2.0020000000000002,True,1.0,0.5969914356640512,0.5592133208416966,0.5781023782528739,0.7329140187097251,-0.055925925925925934,-0.056666666666666754,0.3728350624878042,0.28115978310446876,0.17293828499713923,0.78877243918817,0.0377781148223546,0.0007407407407408195,0.014632106897381954,0.37519022375514016,0.13235975026905758,0.10128511381340406,0.0,0.839082631775988,0.5917892091367797,0.2757721436107717,0.37675551092533743,0.393681467423705,angry,05,11,11,male,normal,1230
70,2.3356666666666666,True,1.0,0.6283089782473968,0.5942402481985525,0.6112746132229747,0.7244155796034334,-0.05537037037037029,-0.05824074074074076,0.3690967219739769,0.24805831886122529,0.17015503129913084,0.8438175964652839,0.034068730048844365,0.0028703703703704675,0.007971646447705009,0.3662809464615569,0.13362834242321694,0.09960544097986691,0.0,0.9999999987499999,0.5924903126563126,0.2753325437824109,0.3771050096461246,0.3971767078169742,angry,05,11,11,male,normal,1230
80,2.6693333333333333,True,1.0,0.6110755340637309,0.5810670900520618,0.5960713120578964,0.6265018749392501,-0.05495370370370373,-0.0584722222222222,0.37828873534024526,0.25435924606372273,0.16875406896136053,0.9514278183376474,0.030008444011669133,0.0035185185185184764,0.007459442712442198,0.43382594858085094,0.13451108754219987,0.09841008637304902,0.0,0.7405076756006047,0.5906262327821754,0.27519860543435215,0.37318133824494176,0.3915152566600393,angry,05,11,11,male,normal,1230
90,3.003,True,1.0,0.6329484476139359,0.6038838153372987,0.6184161314756174,0.59198435457205,-0.054166666666666696,-0.05805555555555553,0.38134894956537113,0.24444218475863747,0.16944849673013346,1.0446494517961966,0.029064632276637137,0.0038888888888888307,0.009584635276675817,0.46504309743214345,0.1332723245733847,0.10008129332898225,0.0,0.6849533806178632,0.5956397663909314,0.27550722764004987,0.37221970716894126,0.39553336695567687,angry,05,11,11,male,normal,1230
100,3.336666666666667,True,1.0,0.5873574303834712,0.5830923732548629,0.5852249018191671,0.5835664447955317,-0.05523148148148155,-0.058379629629629615,0.3809006992585297,0.2591806919520259,0.17084047876316602,1.0028419334909096,0.004265057128608363,0.0031481481481480666,0.00498891330741448,0.4751855364914619,0.13422922060441458,0.09879420077949251,0.0,0.687807018148141,0.5940115016944278,0.27526384639265655,0.3727144203653933,0.39067228442756746,angry,05,11,11,male,normal,1230
0,0.0,True,1.0,0.6063204564404471,0.6023563835914328,0.60433842001594,0.5247325613392658,-0.0537037037037037,-0.05662037037037043,0.37759721349502945,0.2688191386337916,0.17153889718267493,1.1517074878553324,0.003964072849014233,0.002916666666666734,0.0031305476024620785,0.536496937006736,0.13414515528243748,0.09890831656642618,0.0,0.680409930912461,0.5983358737791993,0.2744257311126689,0.36967821350375535,0.3901243218295382,angry,05,11,11,male,normal,1231
10,0.33366666666666667,True,1.0,0.5880156244169511,0.5616557728373718,0.5748356986271614,0.5171353810914934,-0.05527777777777776,-0.057222222222222285,0.38402514160603024,0.26492712277519986,0.16737752141912057,1.111576812659545,0.02635985157957932,0.0019444444444445264,0.009121368732265994,0.536496937006737,0.1356374336204462,0.0968517649437817,0.0,0.7051060485883787,0.5958998336600265,0.2740899549642128,0.3746340986019982,0.39145040155451205,angry,05,11,11,male,normal,1231
20,0.6673333333333333,True,1.0,0.6188169050233608,0.6011676048448443,0.6099922549341026,0.5321119252774085,-0.05407407407407411,-0.05837962962962967,0.3724213242428236,0.26581951698226963,0.17153178084657758,1.14636080485528,0.017649300178516514,0.0043055555555555625,0.004688151784822647,0.5204498158241022,0.13558607854785,0.09692364559739683,0.0,0.6586284030393861,0.5976660356330032,0.2741499901782117,0.3762796141607815,0.3924505887514417,angry,05,11,11,male,normal,1231
30,1.0010000000000001,True,1.0,0.541683186047719,0.5215110929079622,0.5315971394778406,0.8571158401984824,-0.055555555555555525,-0.05731481481481471,0.38015610861639465,0.36999728396342413,0.17084047876316608,0.6202162117955241,0.020172093139756875,0.0017592592592591827,0.006529072608927164,0.3522606864821506,0.13174895172404716,0.10207835956305063,0.0,0.6556530947406913,0.5938724177405338,0.27590138392164515,0.378191019946241,0.40073719326891266,angry,05,11,11,male,normal,1231
40,1.3346666666666667,True,1.0,0.57435020137943,0.5588981239605569,0.5666241626699935,0.714451582485559,-0.05421296296296296,-0.05611111111111117,0.38393083733353545,0.3060546098787677,0.16878661712096918,0.7930896600420736,0.015452077418873111,0.0018981481481482043,0.00622445025072763,0.4031868766684071,0.1346474461998008,0.09822343408613418,0.0,0.6861890283458963,0.594145877483806,0.2756918236857654,0.3769784301578017,0.3969488803978264,angry,05,11,11,male,normal,1231
50,1.6683333333333334,True,1.0,0.5335553264845878,0.5136998426263684,0.5236275845554781,0.7449020606718942,-0.05523148148148144,-0.05629629629629623,0.38902798561764035,0.3090990537153257,0.16878661712096918,0.7029482293057039,0.019855483858219447,0.0010648148148147962,0.008381738199136974,0.4033460369586355,0.1334599936218095,0.09983089639048096,0.0,0.6769355453622032,0.5938153534304347,0.2749200875034103,0.38112263283487785,0.40035042844743574,angry,05,11,11,male,normal,1231
60,2.0020000000000002,True,1.0,0.547344368205792,0.5485557029985958,0.5479500356021939,0.7286002879551008,-0.05615740740740727,-0.058240740740740704,0.3862703798222924,0.28109098907290875,0.17362209709164386,0.752058494431944,0.0012113347928037754,0.002083333333333437,0.00826416444239363,0.39611967220077904,0.13085090148059697,0.10304229910852077,0.0,0.6926840344523381,0.5917152249337235,0.2756212246973285,0.3693525144126701,0.39308234496864625,angry,05,11,11,male,normal,1231
70,2.3356666666666666,True,1.0,0.5252806308616587,0.5057659825461716,0.5155233067039151,0.8462650163304981,-0.055833333333333235,-0.057314814814814874,0.3761802452565804,0.3189290488354126,0.17228600199496916,0.6091747818423159,0.019514648315487104,0.001481481481481639,0.005486545421027093,0.32915653443970827,0.13440566968094397,0.09855401427331996,0.0,0.6636811238190067,0.5936561071772459,0.2765974065887932,0.38096763154954405,0.3982886554375635,angry,05,11,11,male,normal,1231
80,2.6693333333333333,True,1.0,0.6063204564404476,0.5767638520213907,0.5915421542309192,0.6967872846311192,-0.05453703703703694,-0.05814814814814806,0.37263462614056164,0.2693755562175176,0.17016758544842106,0.8489565858597476,0.029556604419056942,0.0036111111111111205,0.00460981461132795,0.3929425768163784,0.13412468876688918,0.09893606842263723,0.0,0.6953424092862227,0.5940639588179023,0.27522891873610283,0.3739570628576324,0.39442062474817424,angry,05,11,11,male,normal,1231
90,3.003,True,1.0,0.5876657586079932,0.6035855319288251,0.5956256452684092,0.5783923898537747,-0.05495370370370373,-0.056851851851851876,0.38318409527622666,0.24403859080842302,0.17016086012648826,1.0297950936370226,0.015919773320831943,0.0018981481481481488,0.007435403280200459,0.4518718502288865,0.13433697895470625,0.09864762469026941,0.0,0.6666000083408637,0.596711384084884,0.2751350900935184,0.37035193856547644,0.3913550334212216,angry,05,11,11,male,normal,1231
100,3.336666666666667,True,1.0,0.5925713283425876,0.5830939434235473,0.5878326358830674,0.5861997864026214,-0.05625000000000008,-0.059398148148148144,0.37808059600443084,0.2408239756512293,0.17223816937956282,1.0027854828990412,0.009477384919040377,0.0031481481481480666,0.008021726673268425,0.4394428264378651,0.13555409072020902,0.09696837763337028,0.0,0.6724688161100916,0.5923704834042992,0.27566066882748635,0.37013298075807255,0.3903161647219602,angry,05,11,11,male,normal,1231
110,3.6703333333333332,True,1.0,0.6062500639027989,0.6169304284205237,0.6115902461616614,0.564057481956811,-0.05550925925925926,-0.05995370370370373,0.37613153494455603,0.22947975249226102,0.17086191325973663,1.0842693621223694,0.010680364517724805,0.004444444444444473,0.012951594278745112,0.4600478461056909,0.13436623663520483,0.09860776959357254,0.0,0.6849160825607212,0.5951603354388632,0.2759738062116772,0.36888872842289877,0.39013217843839976,angry,05,11,11,male,normal,1231
0,0.0,True,1.0,0.7259930226373126,0.7050512509162628,0.7155221367767877,0.5592789754986596,-0.05967592592592591,-0.06365740740740744,0.36632263560533374,0.2862176357096972,0.17989546661676634,1.2793653402379732,0.02094177172104983,0.00398148148148153,0.004965149264056106,0.47176799636579825,0.13328097407748593,0.10006977426110318,0.0,0.658581591225157,0.6033441151695053,0.2755156029527054,0.3766983241652128,0.40370441210494173,angry,05,11,11,male,strong,1232
10,0.33366666666666667,True,1.0,0.688102040078421,0.6987895784414162,0.6934458092599186,0.5238032972990393,-0.060138888888888964,-0.06615740740740739,0.3713828157700974,0.2614668766375067,0.18128409229477535,1.3238668271765963,0.010687538362995186,0.006018518518518423,0.0024635814392340886,0.5097871819504138,0.1345174339144115,0.09840141129444313,0.0,0.688812217248679,0.6047686903511406,0.27555124841444784,0.3842785565645333,0.4074160331011414,angry,05,11,11,male,strong,1232
20,0.6673333333333333,True,1.0,0.7227702163866743,0.7254853058905028,0.7241277611385886,0.5224196931300347,-0.0591666666666667,-0.06374999999999997,0.36352368589831474,0.2746870168355721,0.18058977894973996,1.3861034923856652,0.002715089503828483,0.004583333333333273,0.004974500449425028,0.5202458677710814,0.13499607415007614,0.09774373502135465,0.0,0.7501149448844308,0.6028753912658813,0.2756424520010527,0.3828905613674869,0.40435768940563044,angry,05,11,11,male,strong,1232
30,1.0010000000000001,True,1.0,0.653537148962607,0.6467783949667258,0.6501577719646664,1.130649578518797,-0.06662037037037039,-0.07370370370370372,0.39594268004938044,0.5341711506111231,0.17849957907496095,0.5750303049830903,0.006758753995881106,0.00708333333333333,0.011633016484714473,0.272817673922642,0.1294857349936865,0.10493437093857122,0.0,0.7679264865227382,0.6021144376266132,0.2794542645037082,0.38655438055144115,0.4203814662558281,angry,05,11,11,male,strong,1232
40,1.3346666666666667,True,1.0,0.6824794265065818,0.7003162466069695,0.6913978365567757,1.5284571287643802,-0.06680555555555562,-0.07652777777777775,0.33232815436301444,0.7116841159488321,0.18342694291325293,0.4523501664163184,0.017836820100387674,0.009722222222222132,0.006207540364867041,0.22077578077375304,0.13048696972770296,0.10368668430681631,0.0,0.6629317732078391,0.5909626614552071,0.2801714812199926,0.3924949855770389,0.4203320986871735,angry,05,11,11,male,strong,1232
50,1.6683333333333334,True,1.0,0.6922593800725886,0.6746360282266243,0.6834477041496064,1.5513053958215457,-0.06384259259259267,-0.07245370370370374,0.3332196876487783,0.7017810123954614,0.17923861692715676,0.4405629645783987,0.017623351845964308,0.00861111111111107,0.008532262309245899,0.1984429540423907,0.1293294830490735,0.10512688802263943,0.0,0.7158371579870206,0.5906879440213586,0.28047894009083263,0.39048207978178917,0.4149313006209762,angry,05,11,11,male,strong,1232
60,2.0020000000000002,True,1.0,0.6881020400784196,0.6732422473573073,0.6806721437178634,0.759798940317913,-0.060046296296296264,-0.06680555555555562,0.3665534589962946,0.38639507807421614,0.17580557530591,0.8958582430149988,0.014859792721112264,0.006759259259259354,0.004326692507091277,0.35683533596913053,0.13062563468497168,0.10351193812501278,0.0,0.693825162012006,0.5942826170155563,0.27380241687148,0.38259036827094345,0.397142465616722,angry,05,11,11,male,strong,1232
70,2.3356666666666666,True,1.0,0.695517780475032,0.6841995803236105,0.6898586803993212,1.316096012760123,-0.06194444444444447,-0.06884259259259257,0.26938974377209335,0.6945850322271767,0.1799836581207141,0.524170481264924,0.011318200151421487,0.006898148148148098,0.0019416751815008867,0.21093106299302583,0.1338274547975357,0.09933775774673125,0.0,0.8401770722987922,0.5947238301179847,0.27644882588418973,0.38824462561661516,0.3983657869409637,angry,05,11,11,male,strong,1232
80,2.6693333333333333,True,1.0,0.71303551209613,0.721582389270492,0.717308950683311,0.7797974329574776,-0.05972222222222223,-0.06597222222222215,0.3418376849481649,0.3682177001274833,0.17858162448846265,0.919865750215192,0.008546877174361978,0.006249999999999922,0.009097683425962495,0.37543660075665836,0.13345888631774516,0.09983237668470143,0.0,0.7071067807446058,0.5956566129420519,0.27381813700720686,0.3804607479159479,0.40010742079696654,angry,05,11,11,male,strong,1232
90,3.003,True,1.0,0.713485795333973,0.7264373297801021,0.7199615625570376,0.6772277728686849,-0.05962962962962959,-0.06550925925925916,0.3489975071370253,0.331536666432206,0.18001417588245403,1.0631010590533458,0.012951534446129065,0.005879629629629568,0.0028271453878284,0.4101280897057307,0.1330474434706029,0.1003800555761625,0.0,0.8347038121472211,0.5964883620713911,0.27445029187821723,0.37531497663583574,0.4011857659409537,angry,05,11,11,male,strong,1232
100,3.336666666666667,True,1.0,0.7171166315127308,0.7135243546643197,0.7153204930885253,0.638382742369987,-0.060833333333333406,-0.06601851851851853,0.35487829065822524,0.31222908534136007,0.17926245206354585,1.1205197847813178,0.0035922768484110135,0.005185185185185126,0.0003024686770514933,0.4279571353377085,0.13399411017906657,0.09911284583282506,0.0,0.6837808766699063,0.5987263014971614,0.2735181711682736,0.37963968466379566,0.40080731832193617,angry,05,11,11,male,strong,1232
0,0.0,True,1.0,0.6864417891182029,0.7021722850292346,0.6943070370737188,0.6098368961081018,-0.057222222222222174,-0.06407407407407406,0.3653680650720842,0.2981191928895106,0.17711090471635121,1.1385126769218037,0.015730495911031706,0.006851851851851887,0.0052584201705106175,0.4505131677655261,0.13596510098956122,0.09639122929444416,0.0,0.5765501109460729,0.6011659399853692,0.2765068762876766,0.38338298468051546,0.403262628462479,angry,05,11,11,male,strong,1233
10,0.33366666666666667,True,1.0,0.6973821911404026,0.6892188250099248,0.6933005080751637,0.5959912194753268,-0.05842592592592594,-0.06486111111111109,0.3592955650359494,0.28403815458107445,0.17920115530761813,1.163273023863509,0.008163366130477745,0.006435185185185155,0.0056025737369709006,0.4713428130266158,0.13435790663761488,0.0986191193212663,0.0,0.6823571948187647,0.6046651025019383,0.2758748776642617,0.38422126382165017,0.4042536091255654,angry,05,11,11,male,strong,1233
20,0.6673333333333333,True,1.0,0.6866735698334054,0.7017780507917655,0.6942258103125855,0.6795525120154723,-0.058981481481481524,-0.06564814814814807,0.35707824982265807,0.3189526128295068,0.18129208832451157,1.0215925892961442,0.015104480958360034,0.006666666666666543,0.0021664332747291957,0.4152486755673177,0.13317241382308057,0.10021420043137266,0.0,0.757738713888718,0.6050689637964561,0.27542277983981356,0.3821743364451834,0.4016763525816325,angry,05,11,11,male,strong,1233
30,1.0010000000000001,True,1.0,0.5200325604530003,0.5150499674865129,0.5175412639697565,1.3281621984081593,-0.060324074074073974,-0.06532407407407409,0.41135946504466153,0.609619675514355,0.16541112939446095,0.3896672142830482,0.004982592966487398,0.0050000000000001155,0.0004009949497223539,0.26647422764654843,0.1291721513595389,0.1053201456713242,0.0,0.6551141817258251,0.6020546343850041,0.28235111379634836,0.39990296100532063,0.43247827864987065,angry,05,11,11,male,strong,1233
40,1.3346666666666667,True,1.0,0.5762915930125151,0.5963560136901996,0.5863238033513574,1.288776145424184,-0.05587962962962961,-0.0626388888888888,0.36398295596214164,0.5426330755807227,0.16813226075504378,0.4549461948322891,0.020064420677684547,0.006759259259259187,0.00045679201110551676,0.29604744208088746,0.1310093719612969,0.10302583282683432,0.0,0.6690127506669993,0.5917705488289066,0.27931446712662117,0.406597874907252,0.4301642112679332,angry,05,11,11,male,strong,1233
50,1.6683333333333334,True,1.0,0.6352552078948717,0.6502147610842923,0.642734984489582,2.0376728213685467,-0.05800925925925926,-0.06388888888888883,0.30364865811643565,0.945470616273478,0.173029581607051,0.315425998594763,0.01495955318942066,0.005879629629629568,0.006713220101885397,0.15770144700552266,0.13079358451204118,0.10329964192534968,0.0,0.6404540840423386,0.5892259361791592,0.2774306020442147,0.4003142711430901,0.42372905895406104,angry,05,11,11,male,strong,1233
60,2.0020000000000002,True,1.0,0.6748887816624204,0.661440159844353,0.6681644707533867,0.4761640201037559,-0.05703703703703705,-0.061203703703703705,0.36894010705348523,0.25127811666180794,0.17168827210353751,1.4032233485591665,0.013448621818067386,0.004166666666666652,0.008934390014479331,0.5185459607658385,0.132758951676563,0.1007612947578723,0.0,0.7104537019575549,0.5943142360616122,0.2721549882786357,0.3819023874211868,0.40075769966213454,angry,05,11,11,male,strong,1233
70,2.3356666666666666,True,1.0,0.6487161494071789,0.6713828991729754,0.6600495242900772,0.9643505280941171,-0.05685185185185182,-0.060138888888888964,0.353290784570491,0.49593568846693625,0.17162782648735414,0.6844497981398511,0.022666749765796523,0.0032870370370371438,0.005847610056578313,0.3458197350451066,0.13306397074619655,0.10035814596175807,0.0,0.6728048700145093,0.5856808901607519,0.27354337755677266,0.3989459930557156,0.42083634776454665,angry,05,11,11,male,strong,1233
80,2.6693333333333333,True,1.0,0.6746475078901888,0.6892082408404804,0.6819278743653345,1.393199678844293,-0.059444444444444466,-0.06208333333333338,0.27185244247866197,0.7599068212771919,0.17101187951141808,0.4894688713472983,0.014560732950291588,0.002638888888888913,0.009487819582326638,0.19037346797611193,0.13294680372074244,0.10051330833340452,0.0,0.7071067807446058,0.590213842263468,0.2742986261084432,0.38432271501884824,0.3948555923539694,angry,05,11,11,male,strong,1233
90,3.003,True,1.0,0.7160200653952953,0.7108120536885849,0.7134160595419401,0.7127942535665319,-0.05847222222222226,-0.059027777777777735,0.35396320023413896,0.37736166365286977,0.1724174732645335,1.0008723498713645,0.005208011706710369,0.0005555555555554759,0.010567177938419565,0.38801620687464294,0.13495096716587499,0.09780600305105051,0.0,0.660726374731627,0.5903179882656187,0.2710049506638141,0.37691793602542706,0.3889051911294407,angry,05,11,11,male,strong,1233
100,3.336666666666667,True,1.0,0.7154248513364337,0.7241449598191634,0.7197849055777985,0.7247180950669395,-0.058379629629629615,-0.06009259259259264,0.3455513626476018,0.348127714943704,0.17307587307197603,0.9931929538910087,0.008720108482729638,0.0017129629629630272,0.0031081958521444867,0.3534639207408643,0.13466469164077433,0.09819978919091843,0.0,0.623161069917411,0.5927674244072628,0.2730407898493421,0.37543260784346,0.39200552541914263,angry,05,11,11,male,strong,1233
110,3.6703333333333332,True,1.0,0.7081225334505915,0.7271696453809134,0.7176460894157525,0.6288716906079195,-0.05898148148148147,-0.061342592592592615,0.36080647675567873,0.31441233908691196,0.1752108801960155,1.141164565258163,0.019047111930321936,0.002361111111111147,0.011108233367286743,0.4407208837620246,0.12536935619260386,0.10807063811655927,0.0,0.8585374515707569,0.636770562037315,0.3022046083197563,0.345250610243521,0.42897636356387553,angry,05,11,11,male,strong,1233
0,0.0,True,1.0,0.701323986423489,0.68287321013578,0.6920985982796345,0.5504340600700162,-0.06037037037037041,-0.0671296296296296,0.36117181538273807,0.2955953760945701,0.17988825674602404,1.2573687721860787,0.01845077628770908,0.006759259259259187,0.0018787713682463373,0.5082610469639822,0.1345283907858183,0.09838643120037628,0.0,0.6514827205429549,0.6008919073332458,0.2753453111907069,0.38468407755946554,0.4069196174227462,angry,05,11,11,male,strong,1234
10,0.33366666666666667,True,1.0,0.6848036159320833,0.6892188250099236,0.6870112204710035,0.5635851425665521,-0.05814814814814817,-0.06597222222222215,0.3625058166952219,0.31589006936090885,0.17710444305856668,1.219001653135092,0.004415209077840321,0.007824074074073983,0.004087912773120447,0.48224601052367605,0.1346181010159263,0.09826364867351266,0.0,0.709448502315036,0.6038375620638881,0.2737195572108559,0.3851459222382024,0.4095461156434162,angry,05,11,11,male,strong,1234
20,0.6673333333333333,True,1.0,0.7384889223325622,0.7219692761631953,0.7302290992478788,0.5557289965039754,-0.05925925925925929,-0.06680555555555551,0.3485320978292582,0.3133578063754894,0.17853376924601208,1.3140021554420638,0.016519646169366964,0.007546296296296218,0.006484344939856178,0.5071948343079602,0.1347929703166097,0.09802363452261108,0.0,0.5927519467396138,0.604307982216324,0.2748581266621651,0.3834584539417798,0.407567453534487,angry,05,11,11,male,strong,1234
30,1.0010000000000001,True,1.0,0.6434516435524912,0.6247343873346548,0.634093015443573,1.8713655883373597,-0.05777777777777776,-0.0637962962962963,0.31837295237239027,0.8265107212475635,0.1786106732015217,0.33883973254362426,0.018717256217836375,0.006018518518518534,0.0016849046867240703,0.17343559459011612,0.13188603807733268,0.10190118120921789,0.0,0.6408732601217492,0.5628192388439751,0.25409281786654414,0.37781604643226924,0.3941032076122438,angry,05,11,11,male,strong,1234
40,1.3346666666666667,True,1.0,0.6760723016007406,0.6482454862633861,0.6621588939320633,1.1523332904746608,-0.05902777777777768,-0.06504629629629627,0.3515785859567654,0.5692248784272416,0.1751259486780604,0.5746244592650027,0.027826815337354538,0.00601851851851859,0.005237361467382531,0.30520777572387775,0.13216890449884788,0.10153402609505369,0.0,0.6904880086931683,0.5914299058217036,0.2747204612454719,0.39871101132551906,0.41668375546633524,angry,05,11,11,male,strong,1234
50,1.6683333333333334,True,1.0,0.6484652366461783,0.6471334687888296,0.6477993527175039,1.1361737677527155,-0.05824074074074076,-0.062361111111111034,0.36826033140900377,0.5346700083542192,0.17372357468471164,0.5701586950020969,0.0013317678573486758,0.004120370370370274,0.0015636285587025006,0.30441176470588194,0.1331438097041443,0.1002522005202531,0.0,0.6721422992987073,0.5893243236513356,0.27522684152788174,0.3997949767612432,0.4110495335797593,angry,05,11,11,male,strong,1234
60,2.0020000000000002,True,1.0,0.6457061826319641,0.6220221830015232,0.6338641828167437,0.3127943363488076,-0.05842592592592599,-0.06259259259259259,0.37147214788511745,0.15601199388306292,0.1722860019949691,2.026456713429428,0.023683999630440877,0.004166666666666596,0.005817895904928159,0.7815438636511773,0.1313763865140917,0.10255741239795793,0.0,0.814950348381236,0.5915642543189151,0.2731915610902581,0.37390089129794957,0.39502611746668786,angry,05,11,11,male,strong,1234
70,2.3356666666666666,True,1.0,0.6917075453305593,0.6556883735628667,0.673697959446713,1.0832581282574751,-0.05944444444444441,-0.061203703703703705,0.3672626624205759,0.5218010898028012,0.1689492638627515,0.6219182130951751,0.03601917176769265,0.0017592592592592937,0.009189299207290341,0.2822989487367545,0.1333029213177267,0.10004053648274716,0.0,0.6931853581073371,0.5910330010441677,0.2755948722645723,0.3984355714932958,0.414334070717257,angry,05,11,11,male,strong,1234
80,2.6693333333333333,True,1.0,0.7049931384439323,0.7206067286702406,0.7127999335570865,1.6976329190875357,-0.061481481481481526,-0.06268518518518523,0.2541294219907236,0.8777533843009432,0.1718761398671518,0.41987871791518444,0.01561359022630826,0.0012037037037037068,0.01093423367883754,0.15340909090909127,0.13423653097613814,0.09878426759025553,0.0,0.6517449046344397,0.5847036130389656,0.27453301236150685,0.3872869487483099,0.39447642982291337,angry,05,11,11,male,strong,1234
90,3.003,True,1.0,0.7303745216002259,0.7171320083035998,0.7237532649519128,0.8885602640166257,-0.06050925925925921,-0.062129629629629535,0.3368435504365439,0.4585928757741471,0.16823704975223633,0.8145235548574686,0.013242513296626068,0.0016203703703703276,0.00794677781364809,0.3088764163485747,0.13377218223999388,0.09941217747550121,0.0,0.8107146906954801,0.5893393196419193,0.2719275870417431,0.3845299891856599,0.4025356378986147,angry,05,11,11,male,strong,1234
100,3.336666666666667,True,1.0,0.7154176600788058,0.7154248513364339,0.7154212557076198,0.747497859378503,-0.06106481481481485,-0.06245370370370368,0.34390878661050345,0.3808007962871624,0.17099447946145344,0.957088032736906,7.191257628047509e-06,0.0013888888888888284,0.011969595640514792,0.36134199898135183,0.13466237843180212,0.09820296129389608,0.0,0.5906809142451841,0.5905358824701756,0.27346022073176895,0.3746637057249273,0.39679981685205057,angry,05,11,11,male,strong,1234
110,3.6703333333333332,True,1.0,0.706800967093852,0.7181958698628742,0.7124984184783631,0.716011922391206,-0.05981481481481482,-0.06166666666666665,0.353387218127452,0.37866015126458,0.17174292150899617,0.9950929533392278,0.01139490276902222,0.0018518518518518268,0.009178624345453018,0.3786057692307694,0.1259031124559997,0.10709312150669813,0.0,0.7156328496221314,0.6305639735034639,0.30404590108689566,0.34859829363013267,0.432227605768035,angry,05,11,11,male,strong,1234
0,0.0,True,1.0,0.7247077945235857,0.6855868990651935,0.7051473467943896,0.5413387351759743,-0.05833333333333335,-0.06310185185185191,0.3540680970246028,0.2773500981126148,0.1799442316849471,1.3025990954908586,0.039120895458392146,0.004768518518518561,0.006807255762053651,0.5069314856584359,0.1324878149866514,0.1011175387927844,0.0,0.6946227446293829,0.5797676325920994,0.28067906611523363,0.36551041814460494,0.3941166839820521,angry,05,11,11,male,strong,1235
10,0.33366666666666667,True,1.0,0.697960869492463,0.6910203705160122,0.6944906200042376,0.5414221996435853,-0.05870370370370376,-0.06328703703703703,0.3529061097911046,0.2844753888665726,0.18132112357228442,1.282715449165949,0.006940498976450882,0.004583333333333273,0.0021619560616223782,0.4928537293792121,0.13415010864274357,0.09890159818149284,0.0,0.6136066043323971,0.5805244360244097,0.2809345995017047,0.37041378851365553,0.39708526784073095,angry,05,11,11,male,strong,1235
20,0.6673333333333333,True,1.0,0.6976712895747218,0.6795110765023786,0.6885911830385503,1.0644015553187718,-0.057222222222222174,-0.06097222222222226,0.3405074695259591,0.481732220763182,0.17645116259097532,0.6469280128328334,0.018160213072343168,0.0037500000000000866,0.0045159184470759915,0.291606616165317,0.13287167635422997,0.10061260057401755,0.0,0.819757028109623,0.5825763863357843,0.28008923120647217,0.3794081461916616,0.4048168766641999,angry,05,11,11,male,strong,1235
30,1.0010000000000001,True,1.0,0.6300261122581725,0.6323098561759415,0.631167984217057,2.1904271043441033,-0.05648148148148141,-0.05879629629629618,0.291911658282661,0.9873516114278348,0.17449847551568037,0.2881483629221492,0.0022837439177689767,0.0023148148148147696,0.0029389326312672555,0.15785234980644708,0.13346912957562415,0.09981868172833096,0.0,0.641652121043714,0.5380761024566076,0.24199246762083493,0.3824001929822131,0.387622821114348,angry,05,11,11,male,strong,1235
40,1.3346666666666667,True,1.0,0.5555519767559449,0.5667322447893252,0.5611421107726351,1.880540246777143,-0.057638888888888906,-0.062361111111111145,0.32536704769709485,0.8283001888035594,0.17022675682426716,0.29839409804406825,0.011180268033380236,0.004722222222222239,0.006012450512724727,0.1832003965320521,0.13218987731922482,0.10150671951087771,0.0,0.5938946721633717,0.5769027345391281,0.2759714873381229,0.41114359263335637,0.42568560950948947,angry,05,11,11,male,strong,1235
50,1.6683333333333334,True,1.0,0.5868985716543728,0.5876164588400796,0.5872575152472261,1.2120112953245659,-0.055277777777777704,-0.057638888888888906,0.3596001828059635,0.5992722515771465,0.1744040107707432,0.48453138804285134,0.0007178871857068669,0.0023611111111112026,0.004280707026006522,0.2937500000000002,0.13121805216841678,0.10275991707113699,0.0,0.8396043987588545,0.5754901081057423,0.2797829385521264,0.40006503339238414,0.42707311595120845,angry,05,11,11,male,strong,1235
60,2.0020000000000002,True,1.0,0.6148061834030836,0.6300261122581717,0.6224161478306276,0.7940010733214502,-0.05754629629629626,-0.06009259259259264,0.36052494836688437,0.3431543602279669,0.17235020083408994,0.7838983708509967,0.01521992885508816,0.0025462962962963798,0.01168180233312287,0.3245806039401418,0.1305288648086042,0.10363393856719434,0.0,0.8295390519076138,0.5753809098717612,0.27492511136387204,0.37043478782363765,0.38952230147091527,angry,05,11,11,male,strong,1235
70,2.3356666666666666,True,1.0,0.5881871917099384,0.6068093141372971,0.5974982529236177,1.2095734197047086,-0.05587962962962967,-0.05749999999999994,0.32415207410007035,0.5674405145664866,0.17581989565755235,0.4939743575627547,0.018622122427358723,0.001620370370370272,0.0070121857245773215,0.257234663815498,0.13381719861321376,0.09935157334880158,0.0,0.7680000148555284,0.5730482862520008,0.27537004956411204,0.38431045637636085,0.39823482503034896,angry,05,11,11,male,strong,1235
80,2.6693333333333333,True,1.0,0.7030909753593407,0.7008030435769834,0.7019470094681621,1.2002717447057096,-0.05870370370370365,-0.058657407407407436,0.32122057668586496,0.569734803878648,0.17382367629381526,0.5848234056699135,0.002287931782357311,4.6296296296211015e-05,0.007874575943916193,0.24241317091809034,0.13357852683799315,0.09967223755600774,0.0,0.6407480018159605,0.5759923965992647,0.2755798252117928,0.3804231240914141,0.3964182500957847,angry,05,11,11,male,strong,1235
90,3.003,True,1.0,0.6729420009698751,0.6753627053477332,0.6741523531588042,0.7558724678383756,-0.05768518518518523,-0.05856481481481479,0.3507954234191295,0.356920412832788,0.18069241024054608,0.8918863721637164,0.0024207043778581294,0.0008796296296295636,0.0025294534654945215,0.3749796566034519,0.13224305938178327,0.10143742414324264,0.0,0.6674498581680377,0.5850860810965011,0.27594898446300326,0.3666875506215326,0.3918241075513189,angry,05,11,11,male,strong,1235
100,3.336666666666667,True,1.0,0.7138968146985091,0.6884424765982675,0.7011696456483882,0.6750680521542862,-0.05731481481481482,-0.05972222222222234,0.35335356433218,0.30307180961868335,0.18001417588245397,1.0386651292574227,0.025454338100241558,0.0024074074074075247,0.007347294698888095,0.3908135549628001,0.13411413852350593,0.09895036947750073,0.0,0.6916151329075695,0.5852733417195004,0.2786660245125891,0.36441088352883644,0.39526303989687106,angry,05,11,11,male,strong,1235
110,3.6703333333333332,True,1.0,0.7138711927650945,0.7138711927650947,0.7138711927650946,0.6611155882520302,-0.057870370370370294,-0.05842592592592599,0.35540281416066904,0.2960433909886718,0.1785816244884626,1.0797978529784007,2.220446049250313e-16,0.0005555555555556979,0.01068176154171002,0.40050023960422576,0.134085694592238,0.09898890987079838,0.0,0.655759675372762,0.5852028946969413,0.27681763373053186,0.3706948041885277,0.39824204608159425,angry,05,11,11,male,strong,1235
0,0.0,True,1.0,0.6994865335146079,0.6791500521852226,0.6893182928499153,0.7096206062287159,-0.06342592592592589,-0.0715277777777778,0.36590713484032256,0.36154897538384073,0.17643213684734227,0.9713899044072333,0.02033648132938526,0.008101851851851916,0.00719963114902939,0.40060837601361593,0.13370560278007182,0.09950170630182227,0.0,0.6490520351136857,0.6048019972676572,0.2792804801031365,0.37649597236396654,0.40680509047977276,fearful,06,11,11,male,normal,1236
10,0.33366666666666667,True,1.0,0.6860410507721053,0.6684907942704083,0.6772659225212567,0.690692117104618,-0.06143518518518515,-0.06949074074074074,0.3667632053356874,0.345262067940834,0.1736972225678841,0.9805612453785576,0.01755025650169706,0.008055555555555594,6.570455837496921e-17,0.41947401548636803,0.13306725230673938,0.10035379482198484,0.0,0.6108156104472174,0.60552901114352,0.2792986386935159,0.3784138954178731,0.4049967835643945,fearful,06,11,11,male,normal,1236
20,0.6673333333333333,True,1.0,0.7082325279968305,0.6791500521852226,0.6936912900910266,0.7652069077089971,-0.06166666666666665,-0.06986111111111115,0.36621145834765934,0.38941601384793306,0.17364670316586833,0.9065408102076786,0.029082475811607833,0.008194444444444504,0.012096171981666497,0.3716330382573061,0.13341840174616645,0.09988647479613975,0.0,0.6811733813895937,0.6062896096329157,0.2787512897846985,0.37742720435829963,0.40359682435925737,fearful,06,11,11,male,normal,1236
30,1.0010000000000001,True,1.0,0.6767950753394568,0.6680505776818858,0.6724228265106713,0.8730514153085307,-0.06277777777777771,-0.06967592592592592,0.3958790342569474,0.41780397389208074,0.1729325497850929,0.7701984267135532,0.008744497657571015,0.006898148148148209,0.004308529121374235,0.3386962784884802,0.13199809227675863,0.1017559895376664,0.0,0.6598583442038052,0.601514986096001,0.2797985326511841,0.3857900802421468,0.4189052606072052,fearful,06,11,11,male,normal,1236
40,1.3346666666666667,True,1.0,0.6502543046922363,0.6600528261350691,0.6551535654136527,1.1682798419437725,-0.06597222222222221,-0.07175925925925924,0.3547414602736803,0.5418631663367613,0.17159181567205564,0.5607847896473285,0.009798521442832775,0.005787037037037035,0.006740017655107775,0.2518849990411883,0.12956785571760665,0.10483295539020225,0.0,0.65528506497547,0.5948602602916166,0.2824284900469647,0.38399487468122045,0.41897769577714716,fearful,06,11,11,male,normal,1236
50,1.6683333333333334,True,1.0,0.6867867393435204,0.68114160042588,0.6839641698847002,1.0261953630166738,-0.06222222222222218,-0.06787037037037041,0.3610786302855675,0.5130976815083363,0.1701931392480652,0.6665048338106621,0.005645138917640402,0.005648148148148235,0.003725141101436133,0.28916728415396803,0.1316714308958112,0.10217833457829234,0.0,0.6644883762380006,0.5956710485444178,0.2812849780842324,0.38346280892934703,0.40841202310345776,fearful,06,11,11,male,normal,1236
60,2.0020000000000002,True,1.0,0.5297149632874025,0.5133349763497344,0.5215249698185684,0.8125241251894527,-0.06263888888888891,-0.06791666666666663,0.3687087567174726,0.41296051263511496,0.16949891706985046,0.641857827540772,0.01637998693766818,0.005277777777777715,0.008362742988157059,0.3565769764179007,0.13001816649511577,0.10427393803061785,0.0,0.5988157522188058,0.6044829672337685,0.2805880148744655,0.37137126434783896,0.398890518815425,fearful,06,11,11,male,normal,1236
70,2.3356666666666666,True,1.0,0.7226446053430651,0.6856900960037621,0.7041673506734136,0.9400517127807277,-0.06259259259259259,-0.0667592592592593,0.3407188731116727,0.4699532564573058,0.1702397538406829,0.7490729936446215,0.036954509339303,0.004166666666666707,0.013654979781063325,0.29878196817356983,0.13060292645957206,0.10354058803930959,0.0,0.7063585138068204,0.5984080940579357,0.28136940866536164,0.37108374957315793,0.3977926292980545,fearful,06,11,11,male,normal,1236
80,2.6693333333333333,True,1.0,0.6389887482814652,0.6233341509001178,0.6311614495907916,0.7591933141852057,-0.05972222222222212,-0.06731481481481477,0.3684044632792859,0.39297529971799094,0.16739028387975716,0.83135801883105,0.015654597381347446,0.007592592592592651,0.006690602295558267,0.371911719247812,0.137253821433607,0.09454716428330943,0.0,0.5595606648687544,0.551046205982393,0.24722698490304837,0.3915027636199071,0.3773905347947008,fearful,06,11,11,male,normal,1236
90,3.003,True,1.0,0.6699250814343799,0.6640813510586021,0.667003216246491,0.6450481434780196,-0.061759259259259236,-0.06805555555555548,0.37474179413963227,0.32922071821690324,0.17159181567205564,1.0340363320016586,0.005843730375777789,0.006296296296296244,0.005855432581478665,0.422360089891025,0.13718872359548379,0.0946415970405195,0.0,0.553476809537205,0.5507130878523284,0.24729087212964249,0.3849629512222223,0.3738377808364725,fearful,06,11,11,male,normal,1236
100,3.336666666666667,True,1.0,0.6527130671943076,0.6393745998691679,0.6460438335317378,0.5604233634859276,-0.062499999999999944,-0.06902777777777774,0.36441131386308145,0.3074336951431055,0.17021465526170568,1.1527781952437466,0.013338467325139658,0.006527777777777799,0.00721906729087304,0.48247271341889936,0.1371747707848634,0.09466181929465571,0.0,0.550390656642126,0.5566340887605041,0.24649014406027858,0.3852229586931896,0.37267154346447107,fearful,06,11,11,male,normal,1236
0,0.0,True,1.0,0.682913078453413,0.6532856100364218,0.6680993442449175,0.681643036623215,-0.061203703703703705,-0.0672685185185185,0.36204223025476867,0.3816235142795962,0.1715638020344715,0.9801308138561915,0.029627468416991154,0.006064814814814801,0.011138193702833407,0.4278592923679806,0.13446597403383292,0.09847171979301678,0.0,0.5827445409287503,0.6010297812718838,0.2769008836949789,0.37467423236374575,0.39588914362308586,fearful,06,11,11,male,normal,1237
10,0.33366666666666667,True,1.0,0.6976042053458233,0.6551562658397393,0.6763802355927813,0.7307636776275003,-0.06194444444444441,-0.06750000000000006,0.3670920846138654,0.392255675853338,0.17089763144651174,0.9255799874847632,0.042447939506084054,0.005555555555555647,0.002197978986018013,0.3856730285717609,0.13388402868032154,0.09926149624139774,0.0,0.5723385386283028,0.5974380806385055,0.2771272987859308,0.3731385946231179,0.3956761670287093,fearful,06,11,11,male,normal,1237
20,0.6673333333333333,True,1.0,0.6632846224917992,0.6451155127016872,0.6542000675967432,0.7369011740811001,-0.062268518518518445,-0.06861111111111118,0.361597318777238,0.41612240563045916,0.1715562420152142,0.8877717808124225,0.018169109790111992,0.006342592592592733,0.013345510683330088,0.3961803109821182,0.13343632966976351,0.09986252398167304,0.0,0.6142770937766873,0.5994558548888306,0.2782248678846076,0.3726918277308927,0.3950927933948035,fearful,06,11,11,male,normal,1237
30,1.0010000000000001,True,1.0,0.6835915801382064,0.6448183063279066,0.6642049432330566,0.9854938274197343,-0.06319444444444439,-0.0681018518518518,0.3958790342569474,0.5300498176242809,0.1653336232044956,0.6739818401218288,0.038773273810299824,0.004907407407407416,0.003735784134464237,0.3071457137102077,0.13120711693338682,0.10277387915927233,0.0,0.5849323159037236,0.5979359821819353,0.27975209378701993,0.382369640915982,0.41578008461437027,fearful,06,11,11,male,normal,1237
40,1.3346666666666667,True,1.0,0.6236401640931,0.6084526328952714,0.6160463984941857,0.8554205265250031,-0.06217592592592586,-0.06597222222222215,0.3799938416661224,0.4535662109160446,0.16952052119611374,0.7201678933246632,0.015187531197828563,0.0037962962962962976,0.004728503499335269,0.3582230323111607,0.13248398689463878,0.10112255429979852,0.0,0.6363395901161519,0.5942314830854217,0.2777018063865066,0.3789372530381465,0.4060096739112,fearful,06,11,11,male,normal,1237
50,1.6683333333333334,True,1.0,0.5971963391553802,0.5774405951555432,0.5873184671554617,1.3200621886321218,-0.06657407407407412,-0.07212962962962965,0.3366746301746348,0.6600182034614106,0.17437951155754075,0.444917271484046,0.019755743999836928,0.005555555555555536,0.0023927637398967485,0.24475610227318606,0.13134502472636525,0.10259757429465986,0.0,0.629646120563755,0.5872181788731118,0.2793932351537134,0.3885277905027905,0.41152561307154084,fearful,06,11,11,male,normal,1237
60,2.0020000000000002,True,1.0,0.649941603686877,0.633433333413038,0.6416874685499575,1.0196507895143359,-0.06564814814814812,-0.06999999999999995,0.35071395436968167,0.5236533202381833,0.17720780130918357,0.6293208176258032,0.016508270273839054,0.004351851851851829,8.415931625411861e-05,0.30935179522603135,0.13237033523626263,0.1012712798428744,0.0,0.5898634733500999,0.589147423172394,0.27793852440916456,0.38410832001834216,0.3998341334853263,fearful,06,11,11,male,normal,1237
70,2.3356666666666666,True,1.0,0.6328597135779882,0.6429214842399357,0.6378905989089619,1.0444737003915074,-0.06805555555555548,-0.07231481481481483,0.3167588582364818,0.5767176152538954,0.18070803211393494,0.6107292109603688,0.010061770661947467,0.0042592592592593514,0.0036926913490809288,0.2686188519965287,0.1326993755428378,0.10083974168075656,0.0,0.5954469804938768,0.5861758696056548,0.2752429960335232,0.3878242478595747,0.39914687514764313,fearful,06,11,11,male,normal,1237
80,2.6693333333333333,True,1.0,0.650025518752734,0.6027217944248591,0.6263736565887965,0.8293750949593345,-0.06314814814814806,-0.07097222222222221,0.3730395039208544,0.44758141749435837,0.17298019039000134,0.7552356712851482,0.047303724327874885,0.00782407407407415,0.004251152268229089,0.3482004068292592,0.13347491297469477,0.09981094818737306,0.0,0.7302633576803232,0.5906100066198355,0.27542302583294365,0.3850810589703432,0.4016107765484209,fearful,06,11,11,male,normal,1237
90,3.003,True,1.0,0.6598673028361095,0.6448659926078754,0.6523666477219925,0.6889590318138734,-0.06212962962962959,-0.06916666666666671,0.383880230266308,0.36981598693684425,0.17366427679865595,0.946887431034119,0.015001310228234144,0.007037037037037119,0.009109793492502386,0.38700321424806683,0.1334160681421533,0.0998895917157259,0.0,0.6017664446310713,0.5930009843781262,0.2776480284437969,0.3790007585669163,0.39481210296960173,fearful,06,11,11,male,normal,1237
100,3.336666666666667,True,1.0,0.676543457442912,0.6485016316415994,0.6625225445422557,0.6734005176147032,-0.062129629629629646,-0.06921296296296298,0.3748873605185418,0.3820029444264773,0.1729700458052687,0.9838462062503618,0.028041825801312648,0.00708333333333333,0.011611374617311153,0.4222883745422057,0.13405979066813173,0.09902398849650731,0.0,0.7071067807446058,0.5927727887952057,0.27838543300998925,0.37695230838418636,0.3943869927774362,fearful,06,11,11,male,normal,1237
0,0.0,True,1.0,0.5913200358412622,0.5687818254461381,0.5800509306437002,0.6467721105971725,-0.06481481481481477,-0.07217592592592592,0.3706704345749032,0.3973862292348997,0.15729842724655874,0.8968397386648785,0.02253821039512416,0.007361111111111152,0.01923497572983031,0.42636241414144477,0.1351745021537652,0.09749682938146964,0.0,0.7071067807446058,0.6013266524500426,0.279817139086687,0.36638669843032096,0.3796428355995037,fearful,06,11,11,male,normal,1238
10,0.33366666666666667,True,1.0,0.5501298864441223,0.5453925676543614,0.5477612270492418,0.6311956093793905,-0.06287037037037041,-0.0715277777777778,0.36402358284233954,0.4183850284788117,0.15735274086583598,0.8678153315860614,0.004737318789760914,0.008657407407407391,0.010018843557403276,0.4448890600848498,0.13533233945780618,0.09708157251170836,0.0,0.5154069944224609,0.5964252979082257,0.28005174127746585,0.36493025589972616,0.3772664996289242,fearful,06,11,11,male,normal,1238
20,0.6673333333333333,True,1.0,0.6057342658532214,0.581527335574901,0.5936308007140612,0.788296735995087,-0.0652314814814815,-0.0735648148148148,0.36328218593875644,0.4769180150132122,0.16148194645131939,0.7530550027772295,0.024206930278320438,0.008333333333333304,0.008415638182973067,0.3568353359691312,0.1342568000324735,0.09875671833764968,0.0,0.6025069483564077,0.5950020271624274,0.2815399124045662,0.36669331150269735,0.3798637979193967,fearful,06,11,11,male,normal,1238
30,1.0010000000000001,True,1.0,0.6386312322715614,0.6471882998224292,0.6429097660469953,1.2148122975215374,-0.06555555555555553,-0.07412037037037039,0.33780432785197306,0.6588704573865357,0.15581479345151464,0.5292255991799402,0.008557067550867825,0.008564814814814858,0.021714529863301666,0.24949982430333434,0.1314860861292703,0.10241673166978592,0.0,0.7071067807446058,0.5964589189269459,0.2822826867283431,0.3740577310595686,0.3921253657398699,fearful,06,11,11,male,normal,1238
40,1.3346666666666667,True,1.0,0.5608126279163024,0.5421791888068141,0.5514959083615583,0.617831734906893,-0.058796296296296346,-0.06717592592592592,0.37201324159144644,0.4093739328585667,0.15785217942711174,0.8926312411657981,0.018633439109488226,0.00837962962962957,0.015939938636182545,0.45681455860158626,0.13407510319718569,0.09900325486731747,0.0,0.9999999987499999,0.5970421830372773,0.2791938030115998,0.3733975988475417,0.3817721534534884,fearful,06,11,11,male,normal,1238
50,1.6683333333333334,True,1.0,0.6449345221037459,0.5877838980561589,0.6163592100799524,0.9764737661595366,-0.06194444444444447,-0.06949074074074074,0.3570560288535087,0.5228409258635518,0.16131981088267616,0.631209184967752,0.05715062404758697,0.007546296296296273,0.015213030037354485,0.30653259679377476,0.1325371535888834,0.10086414993718222,0.0,0.7071067807446058,0.5923711904449279,0.2811680551384936,0.37575280178980014,0.38338154471664343,fearful,06,11,11,male,normal,1238
60,2.0020000000000002,True,1.0,0.6366820122120073,0.6300752301563763,0.6333786211841919,0.9929614668855572,-0.06087962962962962,-0.06837962962962962,0.3085602801046943,0.5696351223384802,0.1620999853185761,0.6378682781828343,0.006606782055630922,0.007500000000000007,0.006087888848588308,0.29548674206124725,0.13350302240594988,0.09977334704261649,0.0,0.9137310747724232,0.5964694209558823,0.28170652708169763,0.37573996702330253,0.38252142500869635,fearful,06,11,11,male,normal,1238
70,2.3356666666666666,True,1.0,0.6283086227978129,0.6030501324652852,0.615679377631549,0.8834207068070887,-0.061203703703703705,-0.06976851851851851,0.3561756842926641,0.5467923122183949,0.1586106398368169,0.6969265864921524,0.025258490332527694,0.008564814814814803,0.006399081498076623,0.32294098693335976,0.13405283799640447,0.09903340040989479,0.0,0.590828834557593,0.5965512889061875,0.280816416010949,0.3761356902284886,0.3858035985266834,fearful,06,11,11,male,normal,1238
80,2.6693333333333333,True,1.0,0.6441030111233103,0.6451277328236773,0.6446153719734937,0.7181827900087205,-0.06319444444444444,-0.07074074074074072,0.3607319687267608,0.4555300450587426,0.15935176032601825,0.8975644932478353,0.0010247217003670483,0.007546296296296273,0.006892343399432219,0.4018725839116224,0.13401134093306255,0.09889708957048976,0.0,0.6757843060729962,0.5984127833477141,0.27891249603313983,0.37007343544773025,0.3788029128545879,fearful,06,11,11,male,normal,1238
90,3.003,True,1.0,0.5554979294838216,0.5906927560135988,0.5730953427487102,0.5784428493386579,-0.06625000000000003,-0.07430555555555562,0.37239192749059374,0.37653161571165666,0.1600204852612489,0.9907553415241255,0.035194826529777234,0.008055555555555594,0.008653865924879378,0.4888467838952843,0.13485461595549703,0.09793880909629112,0.0,0.7016750084193206,0.5984817498561925,0.27855962461422495,0.3703455775530337,0.3793727998261249,fearful,06,11,11,male,normal,1238
0,0.0,True,1.0,0.648771727007757,0.64748989060652,0.6481308088071385,0.6449091379655238,-0.05995370370370373,-0.06643518518518515,0.35898219744476506,0.3772324027267985,0.1626056034563097,1.0049955422430172,0.0012818364012370242,0.0064814814814814214,0.0001779243601994857,0.4447316641147819,0.13567388034188538,0.0968007022963004,0.0,0.5391553234387599,0.605087529652486,0.2821414099833869,0.3658840593857246,0.38868845495544274,fearful,06,11,11,male,normal,1239
10,0.33366666666666667,True,1.0,0.6339118761647682,0.6317027450652274,0.6328073106149978,0.5953410440377407,-0.060601851851851796,-0.06754629629629627,0.3670604123305588,0.3787296180652917,0.16050985692787517,1.062932443433015,0.0022091310995407953,0.006944444444444475,0.0037744585346346895,0.4877579434809867,0.13434189846399716,0.09864092502078103,0.0,0.5905825385915103,0.6053223289081258,0.2821878889236261,0.36399686693975475,0.3883028805420797,fearful,06,11,11,male,normal,1239
20,0.6673333333333333,True,1.0,0.6249543159738361,0.6230358024185857,0.6239950591962109,0.8307831849712858,-0.05879629629629629,-0.06574074074074082,0.3628306662444879,0.4844319658134827,0.16052364068832686,0.7510925479525419,0.0019185135552504118,0.006944444444444531,0.004868026904978576,0.357664624671157,0.13719916655764447,0.09462645754771203,0.0,0.5984760154330871,0.548633741301208,0.2445979856420947,0.37473220953907105,0.35814312612085236,fearful,06,11,11,male,normal,1239
30,1.0010000000000001,True,1.0,0.6543015687407621,0.6526215623253335,0.6534615655330478,1.2914769169974858,-0.06375000000000003,-0.07194444444444448,0.32579806008473494,0.6992991770279591,0.1529394908428773,0.5059800581277597,0.0016800064154285366,0.008194444444444449,0.009716539964576039,0.23699546946135586,0.1313310670669899,0.102429608253456,0.0,0.6576713093664187,0.5976495440051021,0.28279964447215733,0.37241792310586697,0.39127394984423713,fearful,06,11,11,male,normal,1239
40,1.3346666666666667,True,1.0,0.49684521440487145,0.5073778278376041,0.5021115211212378,0.6295388514063709,-0.061574074074074,-0.06731481481481488,0.3692430198085008,0.458160325042091,0.1481660987434045,0.7975862331602501,0.010532613432732651,0.0057407407407408795,0.01627806876778459,0.4447229415296361,0.13401470794859927,0.09889252690460829,0.0,0.790085020765193,0.5983169413234045,0.27924153291166376,0.3775056277206748,0.3868405321422556,fearful,06,11,11,male,normal,1239
50,1.6683333333333334,True,1.0,0.5270108561769585,0.5123506322487107,0.5196807442128346,0.705040976352141,-0.0597685185185185,-0.06518518518518518,0.3479685452898191,0.42421195559742936,0.1537582960975673,0.7370929657190222,0.01466022392824784,0.005416666666666681,0.022351659109190184,0.379151071675647,0.13310522919222986,0.10011329474983363,0.0,0.7071067807446058,0.5993882455716663,0.27606549916877016,0.3708607903203562,0.381886718277741,fearful,06,11,11,male,normal,1239
60,2.0020000000000002,True,1.0,0.6389382615033875,0.6188011881265862,0.6288697248149868,1.099704681068808,-0.05782407407407408,-0.06569444444444456,0.2755541247272544,0.806414662084765,0.15388973133332454,0.5718532762848526,0.020137073376801262,0.007870370370370472,0.013355890314819499,0.2812376411955206,0.13412777907865248,0.09893187884154048,0.0,0.7017371356463545,0.5961698890962636,0.2779200576360865,0.37679462487655346,0.3848645220894919,fearful,06,11,11,male,normal,1239
70,2.3356666666666666,True,1.0,0.6028735750100248,0.5711575990368288,0.5870155870234268,0.8157704921692008,-0.062083333333333324,-0.06888888888888889,0.3577638447879988,0.49206707145514,0.1543847543343472,0.7195842368145777,0.031715975973195976,0.006805555555555565,0.021938899618559438,0.35068825179732,0.13372064314405568,0.0992897951510121,0.0,0.7071067807446058,0.5996724031878377,0.27888430018622423,0.3782176434166618,0.38696640655156456,fearful,06,11,11,male,normal,1239
80,2.6693333333333333,True,1.0,0.6224831190714931,0.607572301294296,0.6150277101828945,0.6451398984441834,-0.06134259259259256,-0.0700925925925926,0.36469698342379075,0.4046674865614735,0.15502065091829018,0.9533245605582489,0.01491081777719716,0.008750000000000036,0.02129233337591738,0.407208380015215,0.13372454813387794,0.09928453580689788,0.0,0.7071067807446058,0.602025783844788,0.27882482646472917,0.37151800087762243,0.38102609277804833,fearful,06,11,11,male,normal,1239
90,3.003,True,1.0,0.6206656647126728,0.5937735571836918,0.6072196109481823,0.5495912724421226,-0.06004629629629632,-0.06726851851851856,0.3634331017799543,0.3570931218862447,0.15711983601853374,1.1048567206134603,0.02689210752898097,0.007222222222222241,0.015986729250477876,0.4945251138822604,0.13465306979587943,0.09802155180753426,0.0,0.6052563215936493,0.6009083376944528,0.2780038979671311,0.37466931641233925,0.3825393004099462,fearful,06,11,11,male,normal,1239
0,0.0,True,1.0,0.6566152240900508,0.6275131107934484,0.6420641674417495,0.8131952510424422,-0.06421296296296297,-0.07027777777777783,0.3614085178346739,0.4471787893342662,0.17101187951141802,0.7895572024291605,0.029102113296602394,0.006064814814814856,0.0049373473819152,0.36707680437933554,0.13300649726191272,0.10043430418819319,0.0,0.7986556687025543,0.5973176541944902,0.27761859901046226,0.3645706213035361,0.38634066444784076,fearful,06,11,11,male,strong,1240
10,0.33366666666666667,True,1.0,0.6564967839220427,0.6547171288428458,0.6556069563824443,0.8253194601506939,-0.0637962962962963,-0.07249999999999995,0.3520935506440887,0.48251434868556825,0.17028411549204517,0.7943675001468375,0.0017796550791968624,0.008703703703703658,0.005319403717157405,0.3626184757155843,0.13399900453517055,0.09910622864029968,0.0,0.6346699347434025,0.5995148291660414,0.2801592786731923,0.3706744305252066,0.395152690321866,fearful,06,11,11,male,strong,1240
20,0.6673333333333333,True,1.0,0.6835050849715479,0.6582544864144874,0.6708797856930176,0.8252435253902191,-0.06587962962962962,-0.0756944444444444,0.3591655015520505,0.4605788418217709,0.1757795353139963,0.8129476512715322,0.025250598557060577,0.009814814814814776,0.003713570404568016,0.37522181382875397,0.13440694936322187,0.09855226904900397,0.0,0.5989464725082915,0.5989377362898285,0.27837078625661965,0.37002295116833156,0.3942882226483774,fearful,06,11,11,male,strong,1240
30,1.0010000000000001,True,1.0,0.6859592297028494,0.6853032118154557,0.6856312207591526,1.0599820128990127,-0.07337962962962957,-0.08212962962962972,0.39010434816106504,0.5488085239435376,0.17643213684734219,0.6468328824599352,0.0006560178873936673,0.008750000000000147,0.012764149122817857,0.2955436611070831,0.13048774907741767,0.10368570350856018,0.0,0.6533210673860791,0.595665850152561,0.2803673690283289,0.3819200195695639,0.41468001232756835,fearful,06,11,11,male,strong,1240
40,1.3346666666666667,True,1.0,0.587156404312311,0.5831185823714515,0.5851374933418813,1.6792050652406494,-0.07347222222222227,-0.08064814814814814,0.31738025690974014,0.7851412544666944,0.17998365812071404,0.34846101018521186,0.004037821940859443,0.007175925925925863,0.013147755825474243,0.19292018345753012,0.12969523900115199,0.10467532064297388,0.0,0.6181126221771026,0.5858626065348015,0.2845830388903835,0.3793663593154842,0.3997408195520386,fearful,06,11,11,male,strong,1240
50,1.6683333333333334,True,1.0,0.6691752022251052,0.64292117747584,0.6560481898504726,0.9821378911590788,-0.0743981481481481,-0.07990740740740732,0.3707915376871258,0.47066451963956923,0.18059780572044004,0.6679797162455788,0.026254024749265192,0.005509259259259214,0.01488990873977329,0.30161675973357643,0.1309979705232959,0.10304032943516071,0.0,0.6391517882865362,0.594691344373687,0.2823235394888768,0.3734686435944826,0.39449049128631436,fearful,06,11,11,male,strong,1240
60,2.0020000000000002,True,1.0,0.672828250145917,0.6626840912366743,0.6677561706912956,1.2924510821641948,-0.08013888888888882,-0.08324074074074078,0.2837916049001554,0.7537228101979473,0.1848559922190204,0.5166587578488041,0.010144158909242695,0.0031018518518519667,0.008422715199172525,0.24993136372519884,0.13002894394366685,0.10426049831129276,0.0,0.9999999987499999,0.5916468674579207,0.282260407673741,0.37698259048954147,0.39562183666663076,fearful,06,11,11,male,strong,1240
70,2.3356666666666666,True,1.0,0.6643638388299189,0.6662866852705867,0.6653252620502528,0.9129745483810207,-0.0757870370370371,-0.08087962962962963,0.35637060144587457,0.49845660908811973,0.1792279752178617,0.7287445890250448,0.0019228464406677581,0.0050925925925925375,0.011059470422670184,0.35601940188752834,0.13284229564742986,0.10046192468335569,0.0,0.705824772222512,0.5925578806131828,0.2825309691793133,0.3923225896724581,0.4029635388985891,fearful,06,11,11,male,strong,1240
80,2.6693333333333333,True,1.0,0.7109284575937239,0.6969582392545485,0.7039433484241362,0.744088788585022,-0.07282407407407404,-0.08120370370370372,0.3731576370295428,0.4193077914294302,0.18203876823245135,0.9460475137150939,0.013970218339175444,0.008379629629629681,0.010573880975504785,0.388980072990268,0.1324616040955678,0.10115187201398784,0.0,0.6014929157911725,0.5984450043845663,0.2829558752805973,0.36868669216885647,0.39700361897737285,fearful,06,11,11,male,strong,1240
90,3.003,True,1.0,0.6835882541948615,0.6579619103441876,0.6707750822695245,0.7122318673478021,-0.07615740740740734,-0.08472222222222231,0.3737069998707413,0.39640861989382314,0.18479200939497264,0.9417931336986455,0.02562634385067386,0.00856481481481497,0.0032149526472420183,0.41560828103091224,0.13105329722970582,0.10278476107338316,0.0,0.9999999987499999,0.599965573307448,0.2837053822337781,0.3717637994488968,0.4055924257482336,fearful,06,11,11,male,strong,1240
0,0.0,True,1.0,0.6160101321692191,0.6172667209283843,0.6166384265488016,0.7597989403179118,-0.06060185185185185,-0.0685648148148148,0.3793127031397874,0.34642317344584905,0.1680669046848667,0.8115810562867992,0.0012565887591652336,0.00796296296296295,0.014644650804799963,0.37524574827069646,0.1325756794245403,0.10024495601593814,0.0,0.5773502689490632,0.6048739605217087,0.28366506460143465,0.37888205323257507,0.4173658981178377,fearful,06,11,11,male,strong,1241
10,0.33366666666666667,True,1.0,0.6208112874779544,0.6457055595554376,0.633258423516696,0.7221380182875196,-0.06000000000000005,-0.06935185185185178,0.37281882324561333,0.34713109706887296,0.1618074416094775,0.8769215959830049,0.02489427207748318,0.009351851851851722,0.005778984409956117,0.383588943417943,0.13184122381282773,0.1019591559150322,0.0,0.6598386684400528,0.6059625045330633,0.27942609881768965,0.3713036384285904,0.3997963309145038,fearful,06,11,11,male,strong,1241
20,0.6673333333333333,True,1.0,0.6256416674211854,0.6414665439697476,0.6335541056954666,0.7926312806148308,-0.0627314814814815,-0.06986111111111115,0.3512922791663054,0.3455864100816299,0.16529439491774361,0.7993049494640551,0.015824876548562128,0.007129629629629652,0.009832414230871467,0.33770692391641577,0.1318961208512301,0.10188813020082899,0.0,0.8495092292039528,0.6040158790625626,0.2788610158662137,0.3740509125455766,0.40199262380286555,fearful,06,11,11,male,strong,1241
30,1.0010000000000001,True,1.0,0.5983358236331783,0.605945402901287,0.6021406132672327,1.0879839572262975,-0.06722222222222218,-0.07430555555555557,0.40132354171767043,0.5881571783137767,0.15976998172581555,0.5534462243380205,0.007609579268108679,0.007083333333333386,0.011361253165683285,0.2963343273077001,0.12765713761522016,0.10625870904997076,0.0,0.9999999987499999,0.6033288734868948,0.28587078695482515,0.39018667542573165,0.41586737765994175,fearful,06,11,11,male,strong,1241
40,1.3346666666666667,True,1.0,0.6256366885480545,0.6058441196134471,0.6157404040807508,1.5315442392520142,-0.07226851851851845,-0.07782407407407405,0.3162822130863805,0.7900843518617562,0.16954572253075878,0.4020389279655873,0.019792568934607457,0.005555555555555591,0.008920745458651314,0.20342466971101705,0.13175189295974507,0.10207456330115311,0.0,0.5301874308194353,0.5302490593581183,0.24963257267359074,0.389590906865412,0.3804808812550106,fearful,06,11,11,male,strong,1241
50,1.6683333333333334,True,1.0,0.6592272589253351,0.6517727305646444,0.6554999947449898,0.8636182182836154,-0.07143518518518521,-0.07643518518518516,0.36516352321941686,0.4316439736164636,0.16676963168745199,0.7590159411501913,0.007454528360690715,0.004999999999999949,0.0028541580519212476,0.3230383889336476,0.13400280020228605,0.0991010964099952,0.0,0.6538620350069863,0.532147384571016,0.24711192633370618,0.38635859477024626,0.3688286066069237,fearful,06,11,11,male,strong,1241
60,2.0020000000000002,True,1.0,0.6429883955234397,0.6763586815001443,0.659673538511792,1.39321231613305,-0.07583333333333331,-0.07972222222222214,0.27559619263231266,0.8683462816625374,0.16825564184553232,0.4734910328260363,0.03337028597670466,0.0038888888888888307,0.004646574394263277,0.21574701982621067,0.12950628010369786,0.10344597432690314,0.0,0.9999999987499999,0.6058532108468387,0.2840978055418454,0.3872950601138503,0.4044279362944444,fearful,06,11,11,male,strong,1241
70,2.3356666666666666,True,1.0,0.6366820122120058,0.6368727506292113,0.6367773814206086,0.9466339496630738,-0.07504629629629628,-0.08180555555555558,0.35194524835960045,0.5471882207032368,0.16950926939060415,0.6726754112793552,0.000190738417205516,0.006759259259259298,0.01933971909001801,0.31635737806613434,0.1297389080474393,0.10443892742779572,0.0,0.6877556657185301,0.604864841389681,0.28568514091416225,0.36721267725287843,0.40724411226613555,fearful,06,11,11,male,strong,1241
80,2.6693333333333333,True,1.0,0.6888939000371957,0.71577389784589,0.7023338989415429,0.7085809247494101,-0.07027777777777783,-0.07995370370370364,0.3666471102368097,0.42512165347116165,0.16953267230728394,0.991183751086615,0.02687999780869421,0.00967592592592581,0.010178933583769654,0.40546786875703766,0.13183119681748987,0.10197212029288508,0.0,0.9999999987499999,0.6086852627379077,0.2857485916764452,0.36363556472391384,0.4010580788597829,fearful,06,11,11,male,strong,1241
90,3.003,True,1.0,0.7223067225519901,0.6914198842871829,0.7068633034195866,0.48076435594615063,-0.06842592592592589,-0.07657407407407407,0.3773717472734459,0.3158900693609082,0.17093378850645183,1.4702905793181573,0.030886838264807204,0.008148148148148182,0.00862159516002996,0.5493373689976133,0.13227681010149486,0.1013934084683124,0.0,0.9999999987499999,0.6090310725149435,0.28376838001084936,0.3646975023526735,0.3995830332707285,fearful,06,11,11,male,strong,1241
0,0.0,True,1.0,0.6009093807357475,0.6156415436847622,0.6082754622102549,0.7816885491520787,-0.06314814814814812,-0.07268518518518519,0.3737796887080702,0.423947403768751,0.16192621871902643,0.77815577939586,0.014732162949014693,0.009537037037037066,0.0013254624753574595,0.3721912240843828,0.13415767161927164,0.09889133894057117,0.0,0.5755747855550082,0.6042203680534713,0.2820039607924925,0.36684946248498396,0.391476458554793,fearful,06,11,11,male,strong,1242
10,0.33366666666666667,True,1.0,0.6248588337968045,0.628603314956587,0.6267310743766957,0.7603568747170042,-0.06277777777777788,-0.0708333333333333,0.3723325822079353,0.4067784048322001,0.16263562924645578,0.8242591015040899,0.0037444811597824312,0.008055555555555427,0.0017408754842898504,0.38519305628713574,0.1326839790279363,0.10085999940964849,0.0,0.6808262860020583,0.6009393810961885,0.2809395677164083,0.361520012329193,0.3784040572070143,fearful,06,11,11,male,strong,1242
20,0.6673333333333333,True,1.0,0.652713067194307,0.6492557650024307,0.6509844160983689,0.8260614737286593,-0.06398148148148142,-0.07124999999999992,0.36774951782720444,0.44003989051282844,0.16536822867081513,0.7880580765496408,0.0034573021918763436,0.0072685185185185075,0.0031553121948524826,0.34152405759822335,0.13331924630536637,0.10001877991740256,0.0,0.6847664037637156,0.5988816724658614,0.2810185351022261,0.364723194916219,0.38567201137531526,fearful,06,11,11,male,strong,1242
30,1.0010000000000001,True,1.0,0.6247590129079483,0.6418695138057775,0.6333142633568629,2.0527376933977886,-0.06768518518518513,-0.07328703703703704,0.29013545361931264,1.0522319363691714,0.16896868064544532,0.3085217684625702,0.017110500897829173,0.005601851851851913,0.006782875962456301,0.15598565233530018,0.13331976020022576,0.10001809492218892,0.0,0.6390508783851309,0.5335103495695153,0.24961523529688412,0.39413169321409347,0.3864328062182908,fearful,06,11,11,male,strong,1242
40,1.3346666666666667,True,1.0,0.5880156244169507,0.6070547932054732,0.5975352088112119,0.7110116268170366,-0.05962962962962959,-0.06888888888888894,0.3673689657974592,0.4784535594800829,0.1674777716962633,0.8404014593772243,0.01903916878852252,0.009259259259259356,0.007997748478006656,0.42221428214859086,0.1313405771710354,0.1026032677833708,0.0,0.659851521347728,0.598195200142557,0.2821682426915283,0.3724853893855724,0.3872053728505544,fearful,06,11,11,male,strong,1242
50,1.6683333333333334,True,1.0,0.6252535831595645,0.6665929415651448,0.6459232623623546,0.7960897554867452,-0.062037037037037,-0.06976851851851856,0.38179508116595,0.4178736737286458,0.16745043666383252,0.8113698963095238,0.04133935840558034,0.007731481481481561,0.005092597175597071,0.37493409940687433,0.13536377837013755,0.09723386898242656,0.0,0.6123211369563795,0.5321643465511204,0.24433508965753753,0.39854306504734427,0.3785761107454712,fearful,06,11,11,male,strong,1242
60,2.0020000000000002,True,1.0,0.6943526536259941,0.6971751866709794,0.6957639201484868,1.2638393199306952,-0.06865740740740744,-0.07564814814814813,0.320186531728136,0.663898763157339,0.17515731280342142,0.5505161211368548,0.0028225330449853647,0.006990740740740686,0.002402473974070768,0.24241317091809056,0.13685108202433308,0.09512917071530169,0.0,0.6212041929709831,0.5310202246054673,0.2433517591870024,0.40248202484533163,0.38505115212789737,fearful,06,11,11,male,strong,1242
70,2.3356666666666666,True,1.0,0.652964836949938,0.6630439081084162,0.6580043725291771,0.8616403372523948,-0.06856481481481486,-0.07833333333333331,0.37299778967519714,0.47120955943490267,0.17647364491622902,0.7636647729694578,0.01007907115847817,0.009768518518518454,0.003135737663670514,0.33398437499999967,0.13157924490073233,0.1021106073588867,0.0,0.6478532637790767,0.6011935935780562,0.2831856292205256,0.37554732007373176,0.4046431984561565,fearful,06,11,11,male,strong,1242
80,2.6693333333333333,True,1.0,0.6565908334060419,0.6662866852705854,0.6614387593383136,0.7942896782316534,-0.067962962962963,-0.07680555555555557,0.3772122118531961,0.4104395289001173,0.17648618189208867,0.8327424835872108,0.009695851864543581,0.008842592592592569,0.01320666569898494,0.3720559885176261,0.13629045504267234,0.09593065013988107,0.0,0.6410818804366281,0.5428754667960934,0.24572146719461105,0.3934055706330277,0.37908364153031116,fearful,06,11,11,male,strong,1242
90,3.003,True,1.0,0.6700115766010373,0.6614255615451202,0.6657185690730787,0.7083442656553917,-0.06648148148148147,-0.07504629629629628,0.3790333107798253,0.387497312489821,0.17093378850645183,0.9398234747578936,0.008586015055917051,0.008564814814814803,0.006408032749746059,0.39260024408555616,0.1364330454146714,0.09572774880323774,0.0,0.5367464048796391,0.5546033074401636,0.2482952414244286,0.39462635695169623,0.37766262818215696,fearful,06,11,11,male,strong,1242
0,0.0,True,1.0,0.6973448510609497,0.6833364524495953,0.6903406517552725,0.42646758478933494,-0.06361111111111106,-0.07124999999999998,0.3762795846795754,0.28613532583865164,0.17087798736771304,1.6187412042026235,0.014008398611354389,0.007638888888888917,0.004666363096238744,0.6000815293971883,0.13360765775514624,0.09963318503789954,0.0,0.5865236951497023,0.5977877957120349,0.2798066337021945,0.3706423750638942,0.38815907524715426,fearful,06,11,11,male,strong,1243
10,0.33366666666666667,True,1.0,0.6948837086500611,0.6934680019425674,0.6941758552963142,0.6194745760274047,-0.06462962962962959,-0.07263888888888881,0.356812313898257,0.35889638289837517,0.16813226075504384,1.1205881276806504,0.0014157067074936913,0.008009259259259216,0.0010052140219701544,0.43511066278084837,0.13399301746186787,0.09911432309740992,0.0,0.6967318833296064,0.5982819525544594,0.2793930669872911,0.37151350531798455,0.38792886999045595,fearful,06,11,11,male,strong,1243
20,0.6673333333333333,True,1.0,0.638642546528125,0.6630333267760684,0.6508379366520967,0.6586149537502436,-0.06550925925925927,-0.07398148148148143,0.37368344206768483,0.35609587888767186,0.1681576701446504,0.9881918607315799,0.02439078024794339,0.008472222222222159,0.0081477076115367,0.41365989386072965,0.1335474563797697,0.09971386396124084,0.0,0.7069430638122459,0.5977566088075855,0.2813388899777476,0.3691592086416112,0.38454070215588315,fearful,06,11,11,male,strong,1243
30,1.0010000000000001,True,1.0,0.635119114564838,0.6242327983394176,0.6296759564521278,1.4050412367720417,-0.07050925925925922,-0.07504629629629628,0.3385829610944964,0.665499187341774,0.17168827210353751,0.44815478718528773,0.010886316225420467,0.004537037037037062,0.008237927457542529,0.2370592865146478,0.12769307122555038,0.1071086239847372,0.0,0.9999999987499999,0.5883675386248248,0.2849981976892987,0.379542020753582,0.39998748132541095,fearful,06,11,11,male,strong,1243
40,1.3346666666666667,True,1.0,0.5919279355075475,0.59192833556507,0.5919281355363087,0.6634847811376151,-0.06879629629629624,-0.07398148148148148,0.4010804642550985,0.3567795521211703,0.17586805555555554,0.8921502834192897,4.0005752244276493e-07,0.005185185185185237,0.0041251807450106495,0.46736214683101546,0.13226409776867154,0.10140999069597331,0.0,0.7815704487511863,0.5878005009581958,0.28228381393795354,0.38690442767503613,0.3944196111058726,fearful,06,11,11,male,strong,1243
50,1.6683333333333334,True,1.0,0.6426788923625754,0.6146580899283555,0.6286684911454654,0.9083571765955514,-0.07435185185185184,-0.07763888888888892,0.37922678894884587,0.4080889394801491,0.17932032420492686,0.6920939332495436,0.028020802434219894,0.0032870370370370883,0.004113404446467621,0.32607612152817417,0.1315339220781279,0.10235528864773036,0.0,0.6595021291686944,0.5948941208905437,0.28124515001269207,0.38758869760524955,0.4010909777614737,fearful,06,11,11,male,strong,1243
60,2.0020000000000002,True,1.0,0.6565043058942555,0.6542979764698471,0.6554011411820513,1.1356486210838765,-0.07324074074074077,-0.07717592592592587,0.30841834193580625,0.6172003375455856,0.1793543579180893,0.5771161334713978,0.0022063294244083487,0.003935185185185097,0.0038224689167457937,0.25271739130434856,0.13087045959055152,0.10320223145803731,0.0,0.6994758207293121,0.5918827328431373,0.2820262115210202,0.3865113703129086,0.40125838472166975,fearful,06,11,11,male,strong,1243
70,2.3356666666666666,True,1.0,0.6290130626758415,0.6095117114019615,0.6192623870389015,0.8619079871390769,-0.07050925925925927,-0.0763888888888889,0.3747998557261495,0.4646043298744177,0.17794935635695605,0.7184785339957381,0.019501351273879974,0.0058796296296296235,0.005443641574202086,0.35189595962345,0.13227528032751348,0.10139540416510752,0.0,0.9809639757014967,0.5973224874168417,0.2825756120855965,0.3774818608720231,0.4060068742711256,fearful,06,11,11,male,strong,1243
80,2.6693333333333333,True,1.0,0.6563450778972107,0.6321687243650712,0.644256901131141,0.750552208153925,-0.0706944444444444,-0.07689814814814816,0.3770114729056729,0.40161126927534624,0.18012603010604572,0.8583771976579346,0.02417635353213954,0.006203703703703767,0.00018927624374134484,0.3848684210526312,0.13141209375441687,0.10251165488094713,0.0,0.9999999987499999,0.5988792446119072,0.28104766382318475,0.3737064799256543,0.39794523876905447,fearful,06,11,11,male,strong,1243
90,3.003,True,1.0,0.6728509605315844,0.6482038832347496,0.660527421883167,0.7779995013359083,-0.07037037037037036,-0.07879629629629631,0.3819046588831973,0.3825164214901549,0.18001417588245391,0.8490075131783129,0.024647077296834796,0.008425925925925948,0.0047172135247389845,0.35625000000000073,0.13080517684650078,0.10310033721455056,0.0,0.9999999987499999,0.5929132981161214,0.2794175528225401,0.3789592926269403,0.40011977634770646,fearful,06,11,11,male,strong,1243
0,0.0,True,1.0,0.5373614955635557,0.4909646830815345,0.5141630893225451,0.5326944310032764,-0.05361111111111111,-0.05458333333333326,0.3958652880228655,0.2663233315480448,0.16331408144287765,0.9652120604192738,0.04639681248202121,0.0009722222222221522,0.00759633800842885,0.5511186334063034,0.13477509784780375,0.09804820636774247,0.0,0.5796265200839167,0.6043776401967036,0.27655258687352147,0.3830121298151759,0.40343175611870025,disgust,07,11,11,male,normal,1244
10,0.33366666666666667,True,1.0,0.48504685537749354,0.4833876459147686,0.4842172506461311,0.498356706301913,-0.05203703703703694,-0.05374999999999991,0.3897441374082799,0.2682343430059258,0.16470196146710311,0.9716278411086215,0.0016592094627249088,0.0017129629629629717,0.005740683607875528,0.607683250149443,0.13398741934021532,0.09912189077253794,0.0,0.6170867124936456,0.6045160223308073,0.2764166334637397,0.38441956616888173,0.40083576035194296,disgust,07,11,11,male,normal,1244
20,0.6673333333333333,True,1.0,0.48692193842742965,0.45620375382618467,0.47156284612680716,0.5319827829035424,-0.05111111111111111,-0.05356481481481479,0.3943932880305172,0.2912194523915037,0.164687600888779,0.8864250146462157,0.03071818460124498,0.00245370370370368,0.00044060190462872153,0.5509704397077262,0.13308802652357216,0.10032624266679421,0.0,0.6410271601183113,0.6050338259366247,0.27634114173574287,0.380923651098944,0.3991805321974858,disgust,07,11,11,male,normal,1244
30,1.0010000000000001,True,1.0,0.45936029810604984,0.41588545317721104,0.43762287564163044,1.079867352413055,-0.05407407407407405,-0.05615740740740732,0.3782777019396162,0.5265663735227738,0.16123229398435285,0.4052561406396119,0.043474844928838796,0.0020833333333332704,0.0018304316650033547,0.3163709194559111,0.13079861456238717,0.1032932727721818,0.0,0.602587242089694,0.5985384454797545,0.280346652544203,0.38604258844777783,0.4147411419440168,disgust,07,11,11,male,normal,1244
40,1.3346666666666667,True,1.0,0.385185185185185,0.335012582874911,0.36009888403004797,0.7317763627465211,-0.0537037037037037,-0.054814814814814816,0.39388119653699943,0.409738906682505,0.15632029668680264,0.49208870682638056,0.05017260231027404,0.0011111111111111183,0.0009431397439050558,0.4374535368280907,0.13640123554404832,0.09577306883477579,0.0,0.565186001784402,0.5405191693317953,0.2460186485876859,0.4066073453525483,0.39818397464497296,disgust,07,11,11,male,normal,1244
50,1.6683333333333334,True,1.0,0.42252547132056645,0.3641441118205557,0.39333479157056106,1.3385728594876949,-0.054166666666666585,-0.057129629629629586,0.34591502555945014,0.6837211277081454,0.15660555249500455,0.29384638182571554,0.05838135950001072,0.0029629629629630005,0.0031068265548339774,0.24476547272945237,0.13081017367800019,0.10327863396590471,0.0,0.5957071936507355,0.5969404158538416,0.2813837303784232,0.37584573345722344,0.40266147922750156,disgust,07,11,11,male,normal,1244
60,2.0020000000000002,True,1.0,0.316384180790961,0.2815920915433477,0.29898813616715436,0.9095125718756911,-0.05550925925925926,-0.05833333333333329,0.3632951366427094,0.5234876711595443,0.15445145430235066,0.3287344731811129,0.03479208924761329,0.0028240740740740344,0.004359540485749844,0.3326228127963665,0.13291078467251652,0.10056093222144859,0.0,0.9999999987499999,0.5932953589638981,0.28183618034594715,0.38636274186830233,0.38668141723871413,disgust,07,11,11,male,normal,1244
70,2.3356666666666666,True,1.0,0.428355632269444,0.36764343113178544,0.39799953170061475,0.991779986058069,-0.05629629629629623,-0.06032407407407414,0.3132561234348348,0.6421089966012665,0.15575161642964586,0.4012982085699315,0.06071220113765857,0.004027777777777908,0.0025646515824159213,0.3226910278003008,0.13322160370670771,0.0999583819894625,0.0,0.5988965166854875,0.5910911909763905,0.2794744663384607,0.3885070343833244,0.381770304427716,disgust,07,11,11,male,normal,1244
80,2.6693333333333333,True,1.0,0.39153604490212457,0.37858260825157136,0.38505932657684794,0.9176101708806049,-0.055787037037037024,-0.05999999999999994,0.3491172329388845,0.5805854954932101,0.15583780507052047,0.4196328013750297,0.012953436650553207,0.004212962962962918,0.003771031388255327,0.3342980288381031,0.13223558040411063,0.10125919760320808,0.0,0.7922260493201648,0.5955094777442226,0.2783032914995776,0.3902690201848349,0.388664846743113,disgust,07,11,11,male,normal,1244
90,3.003,True,1.0,0.44455459993495083,0.4227670387109831,0.43366081932296696,0.7862831861914023,-0.05342592592592593,-0.058611111111111114,0.36840446327928605,0.47428053414240234,0.15863420777400147,0.5515326118361157,0.021787561223967744,0.005185185185185182,0.003324369718218812,0.39895287421144937,0.1329931812206841,0.10045193636978174,0.0,0.5995055105134954,0.5982062160723665,0.2797699691410835,0.3761909995846315,0.3944649558068506,disgust,07,11,11,male,normal,1244
100,3.336666666666667,True,1.0,0.4655317562367634,0.43698261319017123,0.4512571847134673,0.7843558594121914,-0.05523148148148144,-0.05958333333333332,0.3786624977830009,0.44429263386166423,0.16485012658809547,0.5753220037798232,0.028549143046592174,0.0043518518518518845,0.0046564192948457105,0.4033099027906214,0.1336723183319706,0.09954641672833921,0.0,0.6196643872148184,0.5986166204372374,0.27698625473623184,0.37720539779176593,0.3926939875392566,disgust,07,11,11,male,normal,1244
0,0.0,True,1.0,0.54168318604772,0.5316604979144283,0.5366718419810741,0.7983637627898789,-0.053240740740740755,-0.05675925925925923,0.3661056751817463,0.44635990700552347,0.16120389992186693,0.6722146808187743,0.010022688133291768,0.0035185185185184764,0.001272457476522159,0.4016917463367704,0.133757106953964,0.09943246004769012,0.0,0.5686458173742166,0.6002537059589461,0.27697119761958755,0.38091937146512017,0.3992499040619441,disgust,07,11,11,male,normal,1245
10,0.33366666666666667,True,1.0,0.5502745440524224,0.5132195341337544,0.5317470390930884,0.8138680549020794,-0.05416666666666675,-0.057453703703703674,0.3712818129717291,0.4734633892309221,0.1611684003091872,0.6533577966235149,0.03705500991866795,0.0032870370370369217,0.0022166733841421154,0.3977174583216725,0.13382048919587916,0.09934714109219815,0.0,0.5713752094702018,0.6006501010326005,0.2778702479112725,0.3804379342894012,0.3968166400807883,disgust,07,11,11,male,normal,1245
20,0.6673333333333333,True,1.0,0.4875215885217361,0.47175320002175797,0.479637394271747,0.8142434121430385,-0.05615740740740732,-0.057037037037037,0.3719243932448661,0.480516666338038,0.15918314163723735,0.5890589805441236,0.015768388499978137,0.0008796296296296746,0.005397488419785051,0.3886638848291476,0.13356492137331424,0.09969046870339679,0.0,0.5231233530967532,0.6026319074504802,0.27928014271990415,0.3808673176964177,0.40435152072991315,disgust,07,11,11,male,normal,1245
30,1.0010000000000001,True,1.0,0.5100182149362475,0.4590647926020189,0.4845415037691332,1.1248787972846916,-0.0693981481481481,-0.07018518518518524,0.39629771037987155,0.5942869258553601,0.16739803204185613,0.43074996607523597,0.05095342233422867,0.0007870370370371416,0.0012262808009405179,0.29485692357020854,0.13448129899965233,0.09845078969315608,0.0,0.510737096725216,0.5444313519313977,0.2522160467921822,0.41239968673294836,0.4093547827845756,disgust,07,11,11,male,normal,1245
40,1.3346666666666667,True,1.0,0.436417741090306,0.40143064480604196,0.41892419294817396,0.6551343720891041,-0.06435185185185188,-0.06282407407407409,0.37920245684093157,0.4207145066579369,0.16260560345630964,0.6394477389612471,0.03498709628426405,0.0015277777777777946,0.002968367334344712,0.4605089281089084,0.1349587899299064,0.0977952084335968,0.0,0.517151839824649,0.5392528802458484,0.2505113310922491,0.4066827547951737,0.3930322588966326,disgust,07,11,11,male,normal,1245
50,1.6683333333333334,True,1.0,0.48029979434543535,0.40817917182301533,0.44423948308422534,1.033750931904978,-0.061990740740740735,-0.06314814814814818,0.3488323512833628,0.589600817564192,0.16411404705355687,0.42973550917684655,0.07212062252242002,0.0011574074074074403,0.0019892244188205125,0.3102213331321408,0.13548943785009313,0.09705869359814624,0.0,0.5854005810424594,0.5400081360669268,0.25170793291459886,0.4083171930305888,0.3966953502457055,disgust,07,11,11,male,normal,1245
60,2.0020000000000002,True,1.0,0.4663461865434233,0.4518840534749587,0.45911512000919097,0.7427880198095048,-0.06050925925925926,-0.06365740740740738,0.36838811458815723,0.4743274639657054,0.16130041934138542,0.6180970987212954,0.014462133068464611,0.003148148148148122,0.009962864395388262,0.4168744839567632,0.13158058821326407,0.10192212066975895,0.0,0.9999999987499999,0.5950190364661488,0.28128328645565637,0.3956990626554869,0.40359911160226525,disgust,07,11,11,male,normal,1245
70,2.3356666666666666,True,1.0,0.42681940547226094,0.39702760735249587,0.4119235064123784,0.8954156889160558,-0.061851851851851825,-0.06425925925925924,0.3116952104896409,0.563657940245024,0.16340048334474566,0.46003606091717225,0.029791798119765067,0.0024074074074074137,0.0015081423020669269,0.3441737715366925,0.13229958135398795,0.10117556324315832,0.0,0.6933240674046519,0.5960182529339861,0.2813914853169275,0.39665872028636834,0.39460780515996763,disgust,07,11,11,male,normal,1245
80,2.6693333333333333,True,1.0,0.477293605794688,0.40545062332625487,0.44137211456047143,0.8172264626165887,-0.0599074074074073,-0.06245370370370368,0.3548902023397935,0.5015859578779731,0.1649727251006261,0.5400854411239817,0.07184298246843313,0.0025462962962963798,0.006362587909465043,0.39611967220077904,0.13224742335115647,0.10105537538093727,0.0,0.7071067807446058,0.5962636248171144,0.2833234707277628,0.4039714965607442,0.4113796943397994,disgust,07,11,11,male,normal,1245
90,3.003,True,1.0,0.43731210447678076,0.4159325543563346,0.42662232941655764,0.8332614679227398,-0.05601851851851852,-0.05986111111111114,0.36755360095211714,0.4642632034097336,0.160690377961608,0.5119909486275611,0.021379550120446178,0.0038425925925926196,0.00046624026201032417,0.38749363309086277,0.132185374823554,0.10151258273855991,0.0,0.587242237489415,0.5985983520752051,0.28144919582591743,0.3806099743972784,0.4100910604811517,disgust,07,11,11,male,normal,1245
100,3.336666666666667,True,1.0,0.44440560718381317,0.44460063955139334,0.4445031233676032,0.8550194056106337,-0.0559722222222222,-0.059629629629629644,0.3763486923834248,0.4952894237453467,0.160646691480114,0.5198748945939421,0.0001950323675801724,0.0036574074074074425,0.0023337086637371593,0.37527595773705563,0.136375723619128,0.0958093929600278,0.0,0.5758957015060414,0.5390257882215387,0.24599074532051762,0.4090463721369204,0.3966663701139633,disgust,07,11,11,male,normal,1245
0,0.0,True,1.0,0.4932974090975786,0.4833876459147687,0.48834252750617363,0.4979912251038929,-0.05282407407407397,-0.06013888888888885,0.3923441707618094,0.2871831720689855,0.16607561779133434,0.9806247638285066,0.009909763182809894,0.007314814814814885,0.002108035452294289,0.6507905616594196,0.13330710034863244,0.10003496772768794,0.0,0.6815491210130602,0.6019729756980917,0.27498721917583185,0.37929071506239476,0.4073207647534422,disgust,07,11,11,male,normal,1246
10,0.33366666666666667,True,1.0,0.472074614627811,0.46875551977572655,0.47041506720176873,0.49130587985187457,-0.05166666666666664,-0.05773148148148144,0.39768291460088234,0.2644393227391997,0.16756202664121514,0.9574790094993281,0.0033190948520844255,0.006064814814814801,0.0027636580030231893,0.6507905616594196,0.13417170953583296,0.09887229203376333,0.0,0.5760091101471881,0.6027967491215236,0.27695143125970695,0.3834395218195188,0.4097812431586252,disgust,07,11,11,male,normal,1246
20,0.6673333333333333,True,1.0,0.45982802129057054,0.4694178776799023,0.4646229494852364,0.5041730099138725,-0.050925925925925875,-0.05907407407407406,0.39744719482735436,0.23308784724392545,0.16750874600721052,0.9215545861223464,0.009589856389331741,0.008148148148148182,0.0012064878635567123,0.6190100696281694,0.13414920071018727,0.09890282968916997,0.0,0.6372011906811264,0.6042521189804048,0.27712457052026873,0.38572908358154495,0.4098694564309345,disgust,07,11,11,male,normal,1246
30,1.0010000000000001,True,1.0,0.3112087235829985,0.2853210515429243,0.29826488756296143,1.2608497000527694,-0.048518518518518516,-0.05138888888888882,0.3355342289797858,0.5851846137207527,0.16407499217578697,0.23655863783802175,0.025887672040074194,0.002870370370370301,0.0009927940208271765,0.25686619817802187,0.1296683641709758,0.10470861045923818,0.0,0.9999999987499999,0.5996379306410063,0.28009150159429014,0.3879033854561517,0.420927910255111,disgust,07,11,11,male,normal,1246
40,1.3346666666666667,True,1.0,0.3063206564303859,0.3093928428477294,0.3078567496390576,0.7108874608737129,-0.0461111111111111,-0.0506018518518519,0.3653618453726168,0.36208857427965735,0.15591269171065952,0.433059755000725,0.00307218641734347,0.004490740740740795,0.005039282392710654,0.41263591947586953,0.13686397560238217,0.09511061956699364,0.0,0.5175975361729773,0.5493893232527385,0.2480869986577563,0.4018718101418635,0.38498185249303635,disgust,07,11,11,male,normal,1246
50,1.6683333333333334,True,1.0,0.33555627063369287,0.33408975509626193,0.3348230128649774,0.9807344873010575,-0.04893518518518514,-0.05416666666666664,0.3504542710936958,0.5328485432811784,0.15447565679663497,0.34140026398622636,0.0014665155374309347,0.005231481481481504,0.010236659360006544,0.3018881389348336,0.13610303550225922,0.09619636946945204,0.0,0.567981892385963,0.5451290519254576,0.2484470022150531,0.40852272041955917,0.3956618371546024,disgust,07,11,11,male,normal,1246
60,2.0020000000000002,True,1.0,0.3411488751442541,0.32044681840208916,0.33079784677317164,0.8259108963916512,-0.050138888888888844,-0.05402777777777784,0.35686355518199836,0.46176132746803006,0.15311498553955638,0.40052486075484056,0.020702056742164965,0.003888888888888997,0.006300923024816609,0.3530168249820881,0.13501012222028322,0.09772432997982754,0.0,0.521927048167589,0.5398935167113721,0.2468873410861269,0.3977102794016978,0.3701027475746208,disgust,07,11,11,male,normal,1246
70,2.3356666666666666,True,1.0,0.37408710178631094,0.34074074074074073,0.35741392126352584,0.8136435206790629,-0.05402777777777784,-0.05810185185185185,0.33389239342299404,0.4594582164600348,0.15935176032601828,0.43927581573467206,0.033346361045570205,0.004074074074074008,0.005991804395339255,0.3853330531139598,0.13322730427274376,0.09995078399064997,0.0,0.7051926306172769,0.5891704669914841,0.2804043311833253,0.3963385974624984,0.39507276881177245,disgust,07,11,11,male,normal,1246
80,2.6693333333333333,True,1.0,0.40677966101694973,0.34957834734773313,0.3781790041823414,0.8679493434786936,-0.052453703703703614,-0.056620370370370376,0.35471338804019437,0.48289232324436104,0.1571586774624327,0.43571552536305935,0.0572013136692166,0.004166666666666763,0.004099510000865949,0.3450783422948396,0.13655788949869524,0.09554957136340732,0.0,0.581150022240407,0.5366616693239797,0.24556751144724537,0.40676684989557377,0.386050734933581,disgust,07,11,11,male,normal,1246
90,3.003,True,1.0,0.41397952153990236,0.37904792394140174,0.39651372274065205,0.8402584004272756,-0.054027777777777786,-0.05842592592592594,0.3614337052035566,0.48881583163245845,0.15861063983681695,0.47189498199485164,0.03493159759850062,0.004398148148148151,0.0004138710278774142,0.3719743961698147,0.13271234594535522,0.10063352849654923,0.0,0.7071067807446058,0.593604272638743,0.2820331876989876,0.397855600479756,0.4031686980728017,disgust,07,11,11,male,normal,1246
100,3.336666666666667,True,1.0,0.4227252690544494,0.3950638405475129,0.40889455480098114,0.8613631601933942,-0.05314814814814811,-0.05717592592592585,0.3674664197486353,0.49872577212103847,0.15715867746243264,0.47470634187463473,0.02766142850693648,0.004027777777777741,0.0033431851484128825,0.3761015641673928,0.13445899580830536,0.09848124805267783,0.0,0.5987334671437144,0.597641594872324,0.2800965581299055,0.3812492701079149,0.4039279413157231,disgust,07,11,11,male,normal,1246
0,0.0,True,1.0,0.5355378998134451,0.5014420612726842,0.5184899805430647,0.49255654808009847,-0.05138888888888887,-0.05796296296296294,0.38883913665634134,0.2913581779523986,0.1716882721035376,1.0526506703931768,0.034095838540760925,0.0065740740740740655,0.012993439421346183,0.6085859593954195,0.13315513255713576,0.10023716099974743,0.0,0.6451404448679352,0.6031751074726766,0.2768714524658687,0.38365436199588143,0.4049510410410034,disgust,07,11,11,male,normal,1247
10,0.33366666666666667,True,1.0,0.5499704681668658,0.5286351809344979,0.5393028245506819,0.4627951347417115,-0.052083333333333315,-0.059166666666666645,0.3923967641600065,0.27585328797426345,0.17030069213265484,1.1653165387135491,0.021335287232367883,0.00708333333333333,0.013920442729451482,0.6107105750244164,0.13394113572830466,0.09918442383496873,0.0,0.668378217053428,0.6034896882034064,0.2775072586498082,0.3860040436663881,0.4064450543522218,disgust,07,11,11,male,normal,1247
20,0.6673333333333333,True,1.0,0.5155339502408928,0.4871492815820938,0.5013416159114933,0.46954484083137943,-0.0524074074074074,-0.0593055555555555,0.3825438847417026,0.25384148784859395,0.17172381840952736,1.0677182929404874,0.02838466865879896,0.006898148148148098,0.006422044202450702,0.6293031714726975,0.13243251860770225,0.10118994903960837,0.0,0.9999999987499999,0.6024602536327032,0.27718020832007745,0.3787604791723536,0.40000350618673286,disgust,07,11,11,male,normal,1247
30,1.0010000000000001,True,1.0,0.4294411645749383,0.4078414052390218,0.41864128490698005,1.7347672101649831,-0.057870370370370405,-0.06050925925925926,0.3109442957018083,0.8431066700439676,0.16475059283543336,0.24132418600831498,0.021599759335916513,0.0026388888888888573,0.006265746548403059,0.18837140064232735,0.13220533640619342,0.10148658432206471,0.0,0.6010702893234449,0.5360203930869223,0.24951872108928785,0.3995316108471907,0.39339811972766553,disgust,07,11,11,male,normal,1247
40,1.3346666666666667,True,1.0,0.3920802645718603,0.3549328999156127,0.3735065822437365,0.9974973241827177,-0.052870370370370456,-0.056666666666666754,0.3414288966917547,0.5573487051451915,0.1586842179194581,0.37444369342019307,0.03714736465624757,0.0037962962962962976,0.006813456526243136,0.3173756813193637,0.13222862028278926,0.10145624549376456,0.0,0.583510426333538,0.6004586124058999,0.2810221556463828,0.37931148786065955,0.4081932636011795,disgust,07,11,11,male,normal,1247
50,1.6683333333333334,True,1.0,0.40817046527038414,0.379924415731138,0.39404744050076107,0.7993456100630599,-0.0538425925925925,-0.05768518518518523,0.36227589189922926,0.44083172308172186,0.16015154502272974,0.4929625377809667,0.028246049539246143,0.0038425925925927307,0.0019142527390742217,0.3796407189310616,0.13217332274703178,0.10152827451290919,0.0,0.6464282633128206,0.6001546088044593,0.28018956500736436,0.3745446493925402,0.39692755798909585,disgust,07,11,11,male,normal,1247
60,2.0020000000000002,True,1.0,0.3934426229508189,0.3945931775481046,0.3940179002494617,0.9779910188369039,-0.05180555555555555,-0.05777777777777782,0.3566081615867627,0.5236533202381826,0.1599532457021971,0.40288498836937753,0.0011505545972856912,0.005972222222222268,0.0036256898726762135,0.30553333679855815,0.13067397351008106,0.10345090825281428,0.0,0.6239685642483045,0.5947177973298694,0.279166285920263,0.37614887609803127,0.392091083646626,disgust,07,11,11,male,normal,1247
70,2.3356666666666666,True,1.0,0.3831482380118891,0.3638584005619082,0.3735033192868986,0.991659635546338,-0.052685185185185224,-0.057453703703703674,0.32105835877980154,0.4955139019604189,0.16338133875623884,0.376644673130336,0.019289837449980862,0.00476851851851845,0.007745311470809504,0.31230089198360916,0.1331162672529613,0.10028876888436287,0.0,0.58507111647097,0.5953355461559624,0.2816645167710901,0.3767628523692191,0.38335986806624733,disgust,07,11,11,male,normal,1247
80,2.6693333333333333,True,1.0,0.3731107100514025,0.3611407503798162,0.36712573021560935,0.8468187839602714,-0.05222222222222217,-0.05615740740740732,0.354055815379368,0.4936306618537273,0.16263562924645575,0.43353517561182614,0.011969959671586317,0.003935185185185153,0.008427221133535752,0.3668834496302526,0.13130329457487303,0.10265097469183333,0.0,0.8419024925044029,0.5984613874065252,0.27958035738305836,0.3748306854046331,0.3920160351953949,disgust,07,11,11,male,normal,1247
90,3.003,True,1.0,0.4368833831804053,0.43546496278855323,0.43617417298447925,0.7389515852132539,-0.05203703703703699,-0.05722222222222234,0.3782941430277075,0.3893033937669828,0.16197568347488953,0.5902608258951144,0.0014184203918520821,0.005185185185185348,0.001645476793132728,0.41236633883119517,0.13640943070566147,0.09576139611795535,0.0,0.5894484607207223,0.5523240880883604,0.24834302030422506,0.38991453823826994,0.3705762847050977,disgust,07,11,11,male,normal,1247
100,3.336666666666667,True,1.0,0.4806702276031344,0.4629394421257686,0.47180483486445146,0.7738731565121592,-0.050185185185185166,-0.05717592592592596,0.3818597314290912,0.42011540171194434,0.16260560345630964,0.6096668826075743,0.017730785477365785,0.006990740740740797,0.009668749944899918,0.40861165797621923,0.13741179310250143,0.09431742621820456,0.0,0.5683867709756659,0.5497595837006679,0.2485536168721796,0.3958573861324406,0.3775677966219236,disgust,07,11,11,male,normal,1247
0,0.0,True,1.0,0.45887618992406337,0.45649661361810817,0.45768640177108577,0.5008532319773937,-0.057083333333333264,-0.05962962962962959,0.38665304573014053,0.28868367346143853,0.16148194645131939,0.9138134138899671,0.0023795763059552,0.0025462962962963243,0.0026811870077708445,0.5957708451984418,0.13336933444014507,0.09976118711770321,0.0,0.7398695162805006,0.5958409343268558,0.2768256617227347,0.37938510854537333,0.4026006686896078,disgust,07,11,11,male,strong,1248
10,0.33366666666666667,True,1.0,0.4656560516006958,0.46293944212576904,0.46429774686323244,0.4867547757666006,-0.057592592592592584,-0.06004629629629621,0.387980562156948,0.3007230247572323,0.16207692134798826,0.9538637728453715,0.0027166094749267455,0.0024537037037036247,0.0028697335802624242,0.6260859763634662,0.1342566617462467,0.09856379964736445,0.0,0.774492098021751,0.5942882869866697,0.2764564460622763,0.3800026556148893,0.40134369539971176,disgust,07,11,11,male,strong,1248
20,0.6673333333333333,True,1.0,0.5020514758165809,0.4892366946742511,0.49564408524541603,0.4399321845048527,-0.056620370370370376,-0.06027777777777771,0.38639656233280095,0.29077367133863524,0.16279317378698843,1.1266374743718002,0.012814781142329812,0.0036574074074073315,0.005604209645995965,0.6995716562654675,0.13415749735778937,0.09869873214422777,0.0,0.7808916795477601,0.5962489606154963,0.2771210588803517,0.3833733787144534,0.4031098095668361,disgust,07,11,11,male,strong,1248
30,1.0010000000000001,True,1.0,0.39679341243879773,0.4000046576406097,0.39839903503970375,1.2183521969853053,-0.061064814814814794,-0.06287037037037035,0.3880882317401202,0.653494235057393,0.1475457561154844,0.3269982489673377,0.0032112452018119853,0.0018055555555555602,0.012226693644336229,0.2761348646014852,0.13254716517109763,0.10103972870416111,0.0,0.5614749563506326,0.545451890873537,0.2493006744676974,0.40436132014020015,0.38551001863466905,disgust,07,11,11,male,strong,1248
40,1.3346666666666667,True,1.0,0.38584622345672015,0.35166172683210783,0.368753975144414,0.6975401381454387,-0.05722222222222223,-0.05990740740740741,0.4124087981271837,0.45623729084178133,0.15450084312123866,0.5286491127590538,0.034184496624612315,0.0026851851851851793,0.01661591057404045,0.48896632656103095,0.13196283638169398,0.10161438696364244,0.0,0.7820182664445314,0.5802489673525661,0.2814237805772474,0.3897442763549397,0.40656762193843654,disgust,07,11,11,male,strong,1248
50,1.6683333333333334,True,1.0,0.45905779661458906,0.371562057752988,0.41530992718378856,0.7895464651872341,-0.056388888888888766,-0.05837962962962956,0.36177234587281587,0.47059105250452715,0.1599131746537943,0.5260107485698152,0.08749573886160106,0.001990740740740793,0.00911296467918502,0.40769658842194095,0.13149166696213788,0.10222336006727299,0.0,0.6707517756151418,0.5863974538018333,0.28034527845686474,0.39289090840714985,0.4069984479177715,disgust,07,11,11,male,strong,1248
60,2.0020000000000002,True,1.0,0.38250807701421885,0.3702079004956356,0.3763579887549272,1.0747226286516511,-0.05861111111111106,-0.06222222222222218,0.34845764959855213,0.6677622252148948,0.14806565495809085,0.3501908108393573,0.012300176518583228,0.0036111111111111205,0.020982897583441313,0.2899790080767009,0.1333132125463366,0.09983617172428699,0.0,0.9999999987499999,0.5339381842502626,0.24657492784111854,0.4000487023233416,0.3911640859342759,disgust,07,11,11,male,strong,1248
70,2.3356666666666666,True,1.0,0.45906990830465083,0.4140883832348825,0.43657914576976664,0.8000069306401753,-0.05435185185185182,-0.05777777777777776,0.3514306377367747,0.501403142066563,0.1544060026364701,0.5457192044829046,0.044981525069768324,0.0034259259259259434,0.011945306808612348,0.36966399839660796,0.13646411983180035,0.09568344564550435,0.0,0.6190162267335336,0.5353579831620149,0.24559579720293623,0.3986344427371504,0.36996931739685235,disgust,07,11,11,male,strong,1248
80,2.6693333333333333,True,1.0,0.41122381371801453,0.3911873108467188,0.4012055622823667,0.7976993314691896,-0.05430555555555561,-0.05768518518518512,0.3147846773067659,0.5533598331288098,0.15242207744234515,0.5029533640744476,0.020036502871295714,0.0033796296296295103,0.0077123464920199345,0.40374720464909697,0.131772147431745,0.10129888026301953,0.0,0.9999999987499999,0.6055362848811401,0.2823112031311671,0.3813478022739841,0.38921388992497147,disgust,07,11,11,male,strong,1248
90,3.003,True,1.0,0.4289173363204167,0.398608552705847,0.41376294451313184,0.4846780566817903,-0.05421296296296296,-0.0571296296296297,0.37876702374658305,0.363109837025134,0.15299784522169485,0.8536861506498592,0.03030878361456968,0.002916666666666734,0.009919553385640014,0.5956893416812185,0.13437350516332464,0.09859786448922024,0.0,0.5681830558505169,0.5429042999621724,0.24379502284136986,0.3832856616735913,0.3622590180382001,disgust,07,11,11,male,strong,1248
100,3.336666666666667,True,1.0,0.4826342344065905,0.44773104661218815,0.4651826405093893,0.506385743320324,-0.050694444444444486,-0.05472222222222212,0.3937285271747757,0.28538646712907517,0.16055405583427368,0.9186329722855745,0.034903187794402324,0.00402777777777763,0.009827855507785399,0.6201418769131084,0.13666669822601882,0.09539387489753473,0.0,0.6269761868732883,0.5470316719891082,0.24582062460746276,0.40321967248353524,0.3779412010036897,disgust,07,11,11,male,strong,1248
110,3.6703333333333332,True,1.0,0.44497904736755034,0.42650165865260814,0.43574035301007924,0.456351157804845,-0.05157407407407405,-0.055787037037037024,0.39198430922524996,0.28670123283498217,0.16336312596803015,0.9548356469743421,0.0184773887149422,0.004212962962962974,0.0004961453527453799,0.6960073037281496,0.1323154968063949,0.10115474842489809,0.0,0.6111349176758555,0.6021966793436124,0.279909268211907,0.38527664016465435,0.4057629747721231,disgust,07,11,11,male,strong,1248
0,0.0,True,1.0,0.47324386655414996,0.4302343566168832,0.4517391115855166,0.46791530451975055,-0.05712962962962964,-0.06217592592592597,0.36699154503989967,0.31648763168487215,0.1626356292464558,0.9654292287984969,0.043009509937266766,0.0050462962962963265,0.009599007994868843,0.6458022194604881,0.13803083241125325,0.09340913807549672,0.0,0.5356693856757786,0.548367076439951,0.2426185097381179,0.3879782245667045,0.3751216595203196,disgust,07,11,11,male,strong,1249
10,0.33366666666666667,True,1.0,0.4888208035566498,0.4661044631303116,0.4774626333434807,0.42713424914922754,-0.05898148148148147,-0.06254629629629627,0.36570954467060524,0.3235823110806413,0.16050985692787512,1.1178280231437727,0.02271634042633819,0.0035648148148147984,0.007900716882115756,0.68981620100334,0.13780698198428531,0.09373907130159238,0.0,0.6384826317074481,0.5447351192820878,0.24346376441686382,0.3899167414625268,0.3751971795065169,disgust,07,11,11,male,strong,1249
20,0.6673333333333333,True,1.0,0.47339004924781886,0.4437154076627244,0.4585527284552716,0.4641280196077753,-0.05749999999999994,-0.06097222222222226,0.37010499306257966,0.3342622602605321,0.1599131746537944,0.9879876005822376,0.029674641585094474,0.003472222222222321,0.010719478959937058,0.6620556577188239,0.13717876307094035,0.09465603379834321,0.0,0.6418623531822043,0.5458173136832858,0.2432504002966515,0.3887426166708931,0.3738535699803229,disgust,07,11,11,male,strong,1249
30,1.0010000000000001,True,1.0,0.516253838598847,0.4833601757991445,0.49980700719899573,1.0918918911326678,-0.06361111111111106,-0.06768518518518513,0.382845097099663,0.6312236613168747,0.15912178144899197,0.4577440415648877,0.03289366279970252,0.004074074074074063,0.0070705719373188435,0.31931693705018654,0.12922184238858725,0.10471476198743356,0.0,0.9999999987499999,0.598357505228654,0.284984769559177,0.39774204968406796,0.42079431082955987,disgust,07,11,11,male,strong,1249
40,1.3346666666666667,True,1.0,0.4733900492478199,0.47407407407407476,0.47373206166094733,0.6687047378493012,-0.07000000000000006,-0.07453703703703701,0.4042164744991708,0.510273395317783,0.15628954577687085,0.7084323391884016,0.0006840248262548476,0.004537037037036951,0.0033599915380826285,0.4784096907484265,0.13121634133973495,0.10239063258723015,0.0,0.9999999987499999,0.5924895301479968,0.2827694850796127,0.3827583607551453,0.39995678648886385,disgust,07,11,11,male,strong,1249
50,1.6683333333333334,True,1.0,0.44440560718381317,0.4220238572643869,0.4332147322241,0.7674255535016383,-0.06328703703703703,-0.06754629629629633,0.35640870679120734,0.49697423717387346,0.16253802514839608,0.5645039186503648,0.022381749919426264,0.004259259259259296,0.01106265472925133,0.38685646726953776,0.13088739022361626,0.10262532343006127,0.0,0.7071067807446058,0.59893072265625,0.28034623220150556,0.3834184299952873,0.3958125045808314,disgust,07,11,11,male,strong,1249
60,2.0020000000000002,True,1.0,0.46692872108234007,0.44361167558832565,0.4552701983353329,0.5859455495361641,-0.06287037037037035,-0.06791666666666674,0.35185594504295203,0.36589050995806083,0.15833766998241475,0.7769837977193033,0.02331704549401442,0.005046296296296382,0.008719612278970178,0.46966627246644493,0.13092138182073892,0.10239606322169742,0.0,0.7071067807446058,0.6000882846810599,0.28156136300378143,0.3791908476479876,0.39644111500873547,disgust,07,11,11,male,strong,1249
70,2.3356666666666666,True,1.0,0.45955428891473205,0.44366612489451673,0.4516102069046244,0.8220653454738931,-0.06189814814814815,-0.06759259259259259,0.3574467619808341,0.4685161933099147,0.1653336232044956,0.5493604728518099,0.015888164020215312,0.005694444444444446,0.002038685005781732,0.366652955891948,0.13115818926745446,0.10209256275230372,0.0,0.7513745877590595,0.600684289348552,0.28263361042224217,0.3841341298614285,0.4010278552742956,disgust,07,11,11,male,strong,1249
80,2.6693333333333333,True,1.0,0.45816035745174594,0.44424948059476366,0.45120491902325477,0.9472249369507102,-0.06236111111111109,-0.0673611111111111,0.31468867570195447,0.5316718587746622,0.1592008741604577,0.47634400386012393,0.01391087685698228,0.0050000000000000044,0.008123167131793582,0.325594484395758,0.1368236675069285,0.09516859661753578,0.0,0.5520906373990943,0.5324414433742247,0.24479129372203967,0.3979954436292225,0.36487168703357076,disgust,07,11,11,male,strong,1249
90,3.003,True,1.0,0.43682332423164616,0.4352954743231112,0.4360593992773787,0.4928572823939554,-0.059537037037037,-0.06592592592592594,0.3661056359715837,0.35889638289837517,0.16069037796160796,0.8847579509413103,0.0015278499085349395,0.006388888888888944,0.005507577561841056,0.613065193587548,0.13195325713550782,0.10106285129898539,0.0,0.9999999987499999,0.6097899772408965,0.283955060794842,0.37779959211676967,0.4015619651050208,disgust,07,11,11,male,strong,1249
100,3.336666666666667,True,1.0,0.4835142473439878,0.4587570999931139,0.47113567366855086,0.49723089866050985,-0.059166666666666645,-0.06458333333333338,0.36288539046979434,0.3407823340620852,0.164156810782357,0.9475188990421615,0.024757147350873865,0.005416666666666736,0.005842375476198611,0.5950215642677625,0.13502007764280996,0.09771057468390103,0.0,0.5768287857079339,0.5505058060880602,0.25008742143810775,0.38014444046994494,0.3620660451272657,disgust,07,11,11,male,strong,1249
110,3.6703333333333332,True,1.0,0.49057294470491003,0.457234496383627,0.47390372054426855,0.5507246046191193,-0.05870370370370365,-0.06458333333333333,0.36730457255250726,0.34564460968464,0.16630699059765452,0.8605094389636359,0.03333844832128302,0.005879629629629679,0.002717307465072756,0.5337700561303726,0.1354419749967644,0.09712491534548394,0.0,0.5261819836042699,0.5532889365199205,0.2493012032933921,0.3792089513389735,0.3650547707569891,disgust,07,11,11,male,strong,1249
0,0.0,True,1.0,0.5080539634085554,0.5157703615643977,0.5119121624864765,0.49227730194313635,-0.05861111111111106,-0.06402777777777785,0.37340089188266873,0.3588563479260637,0.1687789327048847,1.0398857726444763,0.007716398155842352,0.005416666666666792,0.010766733809570477,0.6098718161498355,0.13147340901511967,0.10243300490224028,0.0,0.9999999987499999,0.5987834679731268,0.27960311809656985,0.37696231384304163,0.40140883060379146,disgust,07,11,11,male,strong,1250
10,0.33366666666666667,True,1.0,0.5645970678688967,0.5502734850987513,0.557435276483824,0.47776412775379107,-0.059444444444444355,-0.06541666666666673,0.3658569897332854,0.34790561782218643,0.16809232395391244,1.1667583313644894,0.014323582770145449,0.005972222222222379,0.01157660275781165,0.6450586890154322,0.13746859324822502,0.09423462019076052,0.0,0.5080145496421747,0.5518390999134029,0.24339918697030657,0.3930727193781907,0.37434219270882474,disgust,07,11,11,male,strong,1250
20,0.6673333333333333,True,1.0,0.4663461865434233,0.5002042064476374,0.48327519649553036,0.5123504594464802,-0.06504629629629627,-0.07212962962962971,0.3575013965719803,0.4013864859597438,0.16675636420940662,0.943251221083394,0.03385801990421411,0.007083333333333441,0.016034405854210874,0.5799580161533989,0.13156552369040547,0.10194156587203582,0.0,0.6350754311417207,0.5940961977447229,0.2773796407799084,0.38431646118789015,0.3905374870857795,disgust,07,11,11,male,strong,1250
30,1.0010000000000001,True,1.0,0.4188145185898207,0.41480011835214137,0.41680731847098107,1.492679461099344,-0.07750000000000001,-0.07949074074074075,0.33794132241053026,0.8126436287979638,0.1662152145368267,0.27923430939687915,0.00401440023767935,0.0019907407407407374,0.009599332990557694,0.2371810717050411,0.12672245336408797,0.10754897393292183,0.0,0.9999999987499999,0.5860741811490221,0.2845451762387938,0.3904031411623584,0.4038953751200117,disgust,07,11,11,male,strong,1250
40,1.3346666666666667,True,1.0,0.36816902821762826,0.37232251148531237,0.3702457698514703,0.7972623909942612,-0.07745370370370369,-0.0775925925925926,0.38191165539134236,0.4569601857086577,0.16679890790460353,0.4643963819611997,0.0041534832676841105,0.0001388888888889106,0.021831715181025432,0.40827373566694836,0.1321150110874712,0.1010400404503711,0.0,0.6994173530810436,0.5944817921778087,0.2799715537919146,0.4014344703488684,0.4108691807382499,disgust,07,11,11,male,strong,1250
50,1.6683333333333334,True,1.0,0.3828659804203814,0.3354138561725622,0.3591399182964718,0.7322216978201275,-0.0717592592592593,-0.07046296296296295,0.38919397718258647,0.48113945576906453,0.15640812311565694,0.49047975410405775,0.047452124247819194,0.001296296296296351,0.005327790634168385,0.44492168857504927,0.13071659470583094,0.10284278194028326,0.0,0.7050045271624655,0.5916168982749349,0.2792947828636193,0.3976346724888177,0.40752845273977717,disgust,07,11,11,male,strong,1250
60,2.0020000000000002,True,1.0,0.41915243209455916,0.37760739931971055,0.3983799157071348,0.5506309222122316,-0.06935185185185183,-0.06967592592592597,0.3675094090100693,0.4540909498087297,0.15558694189808323,0.7234971732182993,0.04154503277484861,0.00032407407407414324,0.017644635039031388,0.5207068514435642,0.13179111427756665,0.10146215120025778,0.0,0.9999999987499999,0.5896251522483994,0.277031436207164,0.387341146044143,0.3917721009512351,disgust,07,11,11,male,strong,1250
70,2.3356666666666666,True,1.0,0.40242142982712975,0.3527469646447018,0.37758419723591574,0.7434716144178573,-0.06861111111111112,-0.06824074074074077,0.35221044646163807,0.3999566397045125,0.16183572978066985,0.5078663259142266,0.04967446518242796,0.00037037037037035425,0.0127251078042096,0.3895331450053928,0.1323589707466936,0.10072025015774136,0.0,0.619769289852415,0.5887102565479317,0.27950381667286484,0.40260829102135764,0.4044397978442994,disgust,07,11,11,male,strong,1250
80,2.6693333333333333,True,1.0,0.38752364403338535,0.3697217707454299,0.3786227073894076,0.7797795404417618,-0.0656018518518518,-0.06791666666666668,0.3640864996737729,0.5123894919051761,0.15561489002972426,0.48555096376972107,0.01780187328795546,0.0023148148148148806,0.015817536513085824,0.3958116907666199,0.13074811308687706,0.10298786724841309,0.0,0.6891157586949502,0.5901723482205382,0.27843973883201945,0.40520950801227124,0.41317756054745175,disgust,07,11,11,male,strong,1250
90,3.003,True,1.0,0.40662793750689435,0.3944340562802999,0.40053099689359717,0.47822313802796085,-0.06162037037037038,-0.06444444444444453,0.3955963330585451,0.2891658607594672,0.16529439491774364,0.8375399788167064,0.012193881226594427,0.0028240740740741455,0.014310640150898718,0.6233200309212725,0.13179988999012174,0.10201258142914162,0.0,0.8288285006503157,0.5897287288274686,0.27813264208120186,0.39441546055891047,0.41177949155887933,disgust,07,11,11,male,strong,1250
100,3.336666666666667,True,1.0,0.43712650351159066,0.4422904850732816,0.43970849429243614,0.5456171222641156,-0.06050925925925921,-0.06263888888888886,0.39171218459299495,0.3165428830342444,0.1673684047799813,0.8058920373829241,0.005163981561690956,0.002129629629629648,0.009431219420621577,0.5372023271502498,0.13250121622461547,0.10091135477605502,0.0,0.9999999987499999,0.5901807830554098,0.2789999844955242,0.39899216696221407,0.4210055183714913,disgust,07,11,11,male,strong,1250
110,3.6703333333333332,True,1.0,0.4592139232036398,0.44184060054127483,0.4505272618724573,0.5428762478521614,-0.06055555555555553,-0.062361111111111034,0.37959072676670125,0.29686369476297875,0.1729171078841008,0.8298894336507185,0.017373322662364965,0.0018055555555555047,0.014492244112911395,0.5396813521367928,0.1305794145460661,0.10320167814938079,0.0,0.6682591378759136,0.5942557272831008,0.27912090233432985,0.39279102217685397,0.4242189430191192,disgust,07,11,11,male,strong,1250
0,0.0,True,1.0,0.46551225716299244,0.4514588726197041,0.4584855648913483,0.3921326084380451,-0.0667592592592593,-0.06976851851851856,0.39959936167051335,0.3614414117393549,0.16194176641321595,1.1692105043689234,0.01405338454328836,0.003009259259259267,0.00502429200142894,0.8108803444266,0.1332935769515762,0.09948008982893586,0.0,0.9999999987499999,0.5785698819918592,0.27674648574250194,0.40736146969030307,0.4008804047783014,disgust,07,11,11,male,strong,1251
10,0.33366666666666667,True,1.0,0.4294020074155398,0.443760156980183,0.4365810821978614,0.40455917371415984,-0.06712962962962965,-0.07037037037037036,0.39948446695498563,0.37369366298475687,0.16268769208594114,1.0791525951314271,0.014358149564643208,0.0032407407407407107,0.006059628583081557,0.7842206819822068,0.13354491316977385,0.09914243337475784,0.0,0.5874496901743279,0.5788898163327831,0.2762241242066297,0.4078982167828384,0.40129677462007696,disgust,07,11,11,male,strong,1251
20,0.6673333333333333,True,1.0,0.48881219812481397,0.4588772992337877,0.4738447486793008,0.38552692860649657,-0.0637962962962964,-0.06643518518518521,0.3971706857645841,0.3852733120109873,0.16478763567354424,1.2290834012348573,0.02993489889102624,0.002638888888888802,0.0039586357657985065,0.8347510335279401,0.13397424950947553,0.09856148536526307,0.0,0.5823754920907358,0.5808229360103417,0.2772067798506297,0.4107585954682944,0.4024546579892556,disgust,07,11,11,male,strong,1251
30,1.0010000000000001,True,1.0,0.3475650690553149,0.321030428023927,0.33429774853962096,1.381168358210268,-0.06611111111111112,-0.0668981481481481,0.34255728616764497,0.7704250213065738,0.15098578148759492,0.24203982559577847,0.026534641031387918,0.000787037037036975,0.0021876741484835776,0.2506416655479215,0.12860777901174467,0.10510612356532696,0.0,0.9999999987499999,0.5819175379448656,0.2815750730424364,0.40341513873158685,0.419434258062625,disgust,07,11,11,male,strong,1251
40,1.3346666666666667,True,1.0,0.31858196629412394,0.3257047077338622,0.32214333701399306,0.9468137436305115,-0.05990740740740741,-0.06365740740740744,0.3594470992832874,0.6500283188170862,0.132305343245818,0.34023939679915294,0.007122741439738234,0.003750000000000031,0.01511876221209084,0.3204120417174964,0.13499267301905335,0.09774843222826136,0.0,0.5597489913952451,0.5339083314497675,0.24336467198761141,0.4065232168876639,0.3690717648226814,disgust,07,11,11,male,strong,1251
50,1.6683333333333334,True,1.0,0.325433264973927,0.3162651072718562,0.3208491861228916,0.7571712459552623,-0.06189814814814809,-0.06662037037037039,0.3857513983837001,0.5221625103500807,0.13730655167335135,0.423747187755528,0.0091681577020708,0.004722222222222294,0.014561909723803921,0.3991029284073516,0.13657650209239341,0.09552296503011652,0.0,0.5463564087072117,0.5262450870035514,0.24039739143238445,0.4065439640325595,0.36332607139233164,disgust,07,11,11,male,strong,1251
60,2.0020000000000002,True,1.0,0.30471622491748407,0.2770610475437193,0.2908886362306017,0.5117381024703718,-0.060740740740740706,-0.0650925925925927,0.3732905236278775,0.4646043298744166,0.14102038065661723,0.5684326315088944,0.027655177373764772,0.0043518518518519955,0.002024999036975225,0.5773026315789469,0.13146977222850217,0.10150348281621037,0.0,0.9999999987499999,0.5971291539193802,0.2739734436970504,0.37710585481057046,0.3925568074829914,disgust,07,11,11,male,strong,1251
70,2.3356666666666666,True,1.0,0.35122890322052464,0.3204578439145755,0.33584337356755006,0.6063657859907748,-0.06277777777777777,-0.06444444444444442,0.36252491106658463,0.44784722418957734,0.14073515168928813,0.5538626705641,0.030771059305949144,0.0016666666666666496,0.0054763050028208094,0.4735183567420399,0.13189904939801453,0.10132179773741619,0.0,0.9999999987499999,0.5973949676354918,0.2756297854201652,0.37385538954362807,0.3861097864106488,disgust,07,11,11,male,strong,1251
80,2.6693333333333333,True,1.0,0.3794445769636874,0.36092712392373316,0.3701858504437103,0.6907395727128212,-0.06087962962962956,-0.06500000000000006,0.34428802395055647,0.5142332415059684,0.14256908742285287,0.5359268023255663,0.018517453039954224,0.004120370370370496,0.005056949814484419,0.45515429072281555,0.13230184176595475,0.10079528061493187,0.0,0.9999999987499999,0.5996282816720439,0.2775662695737601,0.380537227756422,0.3954478651334048,disgust,07,11,11,male,strong,1251
90,3.003,True,1.0,0.40486087888677585,0.3850162165154616,0.3949385477011187,0.41140288355319055,-0.05611111111111117,-0.06282407407407409,0.38297296392388114,0.3315582617860656,0.1451273628132001,0.9599800183463149,0.01984466237131427,0.006712962962962921,0.0037029760592794977,0.7441607823260362,0.13147435619089756,0.10130966266986799,0.0,0.7071067807446058,0.60397134422519,0.27535794458062635,0.3829131438747126,0.39956083142266874,disgust,07,11,11,male,strong,1251
100,3.336666666666667,True,1.0,0.4126835875141941,0.385185185185185,0.3989343863496896,0.40719624053056086,-0.056342592592592555,-0.06166666666666665,0.37655424492099315,0.33927056827820173,0.14938992110353244,0.9797103868883799,0.027498402329009075,0.005324074074074092,0.0011372383340466834,0.750608444007638,0.13182023883701782,0.10142430952064965,0.0,0.9999999987499999,0.6051331702133979,0.27608038736769647,0.38306083868512725,0.40153685815066315,disgust,07,11,11,male,strong,1251
110,3.6703333333333332,True,1.0,0.43631832128800935,0.40545062332625487,0.4208844723071321,0.41050638754698426,-0.057129629629629586,-0.06375000000000003,0.37171353511284283,0.348685346162727,0.14923867632652948,1.0252811772848724,0.03086769796175448,0.006620370370370443,0.00013264665588442413,0.7502130670575842,0.13117585094925366,0.10169587117390654,0.0,0.9999999987499999,0.6028404532281663,0.2782846600937078,0.3775032867852791,0.39874662239029357,disgust,07,11,11,male,strong,1251
0,0.0,True,1.0,0.5548156384412078,0.5596471761573009,0.5572314072992544,0.6426749517509087,-0.056666666666666754,-0.06361111111111112,0.36724745144015003,0.32133747587545436,0.16673257160503394,0.8670501406366138,0.004831537716093015,0.006944444444444364,5.464239674862808e-05,0.4686910518238583,0.13368177456163718,0.09953371751188535,0.0,0.7053811801227449,0.6072533411880378,0.2756715511833593,0.37045470881998105,0.40049340713477494,surprised,08,11,11,male,normal,1252
10,0.33366666666666667,True,1.0,0.5640520955648508,0.5538560047854806,0.5589540501751658,0.661544127962647,-0.05888888888888888,-0.06374999999999997,0.36029521617343285,0.34453057708871654,0.1681445121901066,0.8449233037508362,0.010196090779370226,0.004861111111111094,0.0002530687605787176,0.44576895559640045,0.13459533048592334,0.09829483599455484,0.0,0.7059086534251137,0.6077090878148134,0.2764553173199014,0.3735237163390577,0.40062828378597015,surprised,08,11,11,male,normal,1252
20,0.6673333333333333,True,1.0,0.5925697390010739,0.5683318172249033,0.5804507781129886,0.6750680521542869,-0.05874999999999997,-0.06583333333333335,0.3594635329361324,0.3581757750038987,0.1681445121901066,0.859840391291879,0.024237921776170568,0.007083333333333386,0.002489544617537573,0.4481394564081803,0.13319474072024817,0.10018452383541794,0.0,0.6065544929894864,0.6063161448485644,0.2757878573916628,0.3692242092431497,0.39950377276270366,surprised,08,11,11,male,normal,1252
30,1.0010000000000001,True,1.0,0.5693294510261696,0.5607919123774918,0.5650606817018307,1.0019703657042798,-0.0888888888888889,-0.09050925925925923,0.3435509724540886,0.5152824088986478,0.19394049355166262,0.5639494949580195,0.00853753864867779,0.0016203703703703276,0.011157331954189546,0.3066810035730745,0.1296486687305366,0.10473299607834127,0.0,0.6992750844194143,0.6030068064335109,0.2834327182607431,0.39165638702888883,0.41677670079815626,surprised,08,11,11,male,normal,1252
40,1.3346666666666667,True,1.0,0.5831084120474186,0.5925925925925926,0.5878505023200056,1.1901113403335617,-0.08041666666666664,-0.08296296296296296,0.3432207464143604,0.5730027548209361,0.18149229494664507,0.4939458035541819,0.00948418054517397,0.0025462962962963243,0.010407016013688467,0.2569382490559562,0.13129136732272087,0.10210799574659234,0.0,0.6767197243123425,0.5971699208824156,0.2830433018298717,0.40069299173841905,0.4086300666842896,surprised,08,11,11,male,normal,1252
50,1.6683333333333334,True,1.0,0.5880164986677865,0.5742472363777653,0.5811318675227759,0.6568268168904,-0.07527777777777767,-0.07560185185185181,0.38316165543403014,0.30907617398855064,0.18212927311106022,0.8847566094728212,0.013769262290021178,0.00032407407407414324,0.005012554173285295,0.4526032567331034,0.13112416880693095,0.10287968762618811,0.0,0.7071067807446058,0.6047807373027336,0.2824486606321107,0.37495943013624894,0.40688933627912766,surprised,08,11,11,male,normal,1252
60,2.0020000000000002,True,1.0,0.5787011036890456,0.5872592540603198,0.5829801788746827,0.833369953622456,-0.07300925925925933,-0.07569444444444445,0.35743173914364174,0.41666666666666724,0.18006629842695704,0.6995454735806228,0.008558150371274165,0.002685185185185124,0.0005616967604174206,0.35662397884870467,0.13021177611749102,0.1040320678033559,0.0,0.9999999987499999,0.6020703857636807,0.27875174454885643,0.37442146741444726,0.4044802167921876,surprised,08,11,11,male,normal,1252
70,2.3356666666666666,True,1.0,0.6668497469966111,0.6367669876291565,0.6518083673128838,0.79786094657292,-0.07203703703703701,-0.07550925925925928,0.3557595053561484,0.3989110496366465,0.1827595733059106,0.816944819912065,0.030082759367454637,0.0034722222222222654,0.0013988967075706483,0.38524931516233485,0.13277029064622867,0.10074635325066711,0.0,0.6485045316786532,0.6050280650775937,0.2774602931927988,0.37933846942066274,0.40888587867285764,surprised,08,11,11,male,normal,1252
80,2.6693333333333333,True,1.0,0.6329484476139345,0.6256195875505344,0.6292840175822345,0.7718309174680797,-0.07,-0.07421296296296298,0.3623758858418911,0.39272756582778334,0.18206558918309676,0.8153133067622411,0.007328860063400167,0.004212962962962974,0.0016844458845417202,0.4017046625991305,0.13279395473269126,0.10071515952465016,0.0,0.7071067807446058,0.6045809241352793,0.27664165164120813,0.37761281232570315,0.40650354010338,surprised,08,11,11,male,normal,1252
90,3.003,True,1.0,0.6419595111168543,0.6177003751410095,0.6298299431289319,0.7636342829455874,-0.06874999999999998,-0.07263888888888886,0.3586639296982268,0.38873894136494563,0.18201529665858626,0.8247795537668524,0.024259135975844837,0.003888888888888886,0.0062640440729398944,0.3988427780086027,0.13247667320156992,0.10113213549122861,0.0,0.6946407190150484,0.6045930039906587,0.2773039882793954,0.3797195089218817,0.4081152070917616,surprised,08,11,11,male,normal,1252
0,0.0,True,1.0,0.6062500639027997,0.6013883798224393,0.6038192218626195,0.5547770973085754,-0.06041666666666673,-0.06499999999999989,0.3660922094748082,0.3110993291250612,0.16817173440589356,1.0883996920420205,0.004861684080360362,0.004583333333333162,0.0061543065733841145,0.5097685060713284,0.13322241281409666,0.10014772336726528,0.0,0.6312354500093814,0.6017075116609144,0.27589799253792235,0.3674566968087593,0.3967448531548993,surprised,08,11,11,male,normal,1253
10,0.33366666666666667,True,1.0,0.5645970678688985,0.5664864098240333,0.5655417388464659,0.5739323143264162,-0.061574074074074114,-0.06625000000000003,0.3692384809758211,0.3134194266739905,0.16883859075034502,0.9853805487676751,0.0018893419551347934,0.004675925925925917,0.0012843901289197601,0.4988802475265493,0.13382961867605125,0.09933484251123328,0.0,0.7071067807446058,0.5999909287230517,0.27666396246168745,0.37018954352440686,0.39765730001243876,surprised,08,11,11,male,normal,1253
20,0.6673333333333333,True,1.0,0.6390799269032617,0.6240055257273849,0.6315427263153233,0.5780136756811666,-0.06027777777777782,-0.06495370370370368,0.3695091397479374,0.31578313788151935,0.17025364610587834,1.092608623093692,0.015074401175876773,0.004675925925925861,0.006033677044253548,0.4860749565893375,0.13398086201571832,0.09913075398298582,0.0,0.6459895672344136,0.6017308755220838,0.2764619022928342,0.37099521957000176,0.39953101318626094,surprised,08,11,11,male,normal,1253
30,1.0010000000000001,True,1.0,0.645706182631966,0.6339556687040868,0.6398309256680264,0.8945088313729225,-0.09555555555555556,-0.09898148148148145,0.3797344752723695,0.3682138024348445,0.21257035829711185,0.7152874328652431,0.01175051392787918,0.003425925925925888,0.0006579378048194867,0.3403225534336398,0.12313776424492982,0.11060664225742939,0.0,0.9999999987499999,0.6288526941245248,0.31281354401959993,0.35941752901468604,0.4428937548606404,surprised,08,11,11,male,normal,1253
40,1.3346666666666667,True,1.0,0.6748803617680502,0.6734945637894126,0.6741874627787314,1.0441998490646325,-0.08870370370370367,-0.09282407407407411,0.3755473273384701,0.38644831042335814,0.20496871162709104,0.6456498374163253,0.0013857979786375818,0.004120370370370441,0.006076739608529787,0.27150836409812784,0.12906994244583395,0.10526454189578589,0.0,0.6268331822468672,0.5984658697072579,0.2839453343131341,0.39234408299134266,0.4190459128038132,surprised,08,11,11,male,normal,1253
50,1.6683333333333334,True,1.0,0.6716278050678595,0.6568291400190177,0.6642284725434386,0.7941093124543778,-0.08652777777777787,-0.09162037037037035,0.38053408723157345,0.3027832590246768,0.20561827198298485,0.836444633158233,0.014798665048841753,0.005092592592592482,0.007175648753552681,0.35309700557313567,0.1307358523464378,0.10318822963445198,0.0,0.9424123174164629,0.606447871742447,0.2845445377522435,0.392608236507984,0.41928577895228075,surprised,08,11,11,male,normal,1253
60,2.0020000000000002,True,1.0,0.6984606919390599,0.6878696925020309,0.6931651922205454,0.918955501009566,-0.08513888888888888,-0.09013888888888894,0.33904816143558736,0.41426560500494847,0.20295979823491228,0.7542967983314023,0.010590999437029014,0.00500000000000006,0.001062845815798688,0.3135112611107491,0.1305241499917218,0.10363987668970522,0.0,0.7190331652969194,0.6023302140387405,0.281771555537805,0.3918142048304294,0.413152348656456,surprised,08,11,11,male,normal,1253
70,2.3356666666666666,True,1.0,0.7013329126193298,0.6974235598819728,0.6993782362506513,0.8538470513886564,-0.08185185185185184,-0.08712962962962967,0.36781646454469225,0.37866015126458,0.1980280405519255,0.819090767032826,0.003909352737357041,0.005277777777777826,0.0071820027490049655,0.3447013232689068,0.13133968162050638,0.10260441415080364,0.0,0.7071067807446058,0.6039222465783188,0.2807250577731964,0.3922836992476782,0.4192074527515782,surprised,08,11,11,male,normal,1253
80,2.6693333333333333,True,1.0,0.7098571557918266,0.7213914683106948,0.7156243120512606,0.8263128147713548,-0.08004629629629623,-0.08615740740740735,0.36886726044165624,0.3786601512645803,0.19662713428789932,0.8660452788079751,0.011534312518868162,0.006111111111111123,0.0002146590874162798,0.35657697641790126,0.1327205741678499,0.10081183940464793,0.0,0.6775003203458209,0.6041030412399335,0.2786194772669675,0.39184267465519634,0.41389471624015384,surprised,08,11,11,male,normal,1253
90,3.003,True,1.0,0.713035512096129,0.6819422310321598,0.6974888715641444,0.7788699503369776,-0.0805555555555556,-0.0863888888888889,0.36853968343400423,0.3484248544955196,0.20006445799670577,0.8955139060922511,0.031093281063969247,0.0058333333333333015,0.007063827189822009,0.37539187991343664,0.13118998974956705,0.10279574096650382,0.0,0.7071067807446058,0.6005167435958758,0.2779801241826675,0.387957320676707,0.4119200247803362,surprised,08,11,11,male,normal,1253
0,0.0,True,1.0,0.6146580899283554,0.6375377213023109,0.6260979056153331,0.6196741084364875,-0.06300925925925932,-0.0696296296296296,0.3596208104437415,0.3235823110806413,0.1785957222481236,1.0103664121049911,0.022879631373955545,0.0066203703703702765,0.00032181766667154215,0.4754823883314367,0.13259835261689368,0.10097254406482221,0.0,0.6724215344605073,0.6029190799288465,0.27403152588665636,0.3785227052747923,0.40417791932582176,surprised,08,11,11,male,normal,1254
10,0.33366666666666667,True,1.0,0.6584818881445884,0.6658859960758774,0.6621839421102329,0.6010075570588975,-0.06185185185185188,-0.06870370370370366,0.36163332540268844,0.3140604023065846,0.1792279752178617,1.1017897101838607,0.0074041079312889835,0.006851851851851776,1.340888874640764e-05,0.4877579434809867,0.13399085915191125,0.09911724085897804,0.0,0.6183921886568894,0.6021299329497425,0.27403320960178107,0.38212460417276994,0.40485949478873784,surprised,08,11,11,male,normal,1254
20,0.6673333333333333,True,1.0,0.713706691262513,0.7132662022088643,0.7134864467356886,1.0246148097002694,-0.06907407407407407,-0.07657407407407413,0.34317366827218687,0.519457797031681,0.1847920093949727,0.696346021920574,0.00044048905364868496,0.007500000000000062,0.0032019955659526944,0.293097011741213,0.13121879393779162,0.102758969871348,0.0,0.5940020964987481,0.5998603129298595,0.27944090616614253,0.38059229280302886,0.40630291292287735,surprised,08,11,11,male,normal,1254
30,1.0010000000000001,True,1.0,0.7208171824559948,0.7067858118218369,0.7138014971389158,1.4552807578045135,-0.07648148148148143,-0.08175925925925925,0.3286620451295887,0.674012957074941,0.1876468337822827,0.4904905760011431,0.014031370634157936,0.005277777777777826,0.0033737152489621016,0.21341390451286943,0.12727996072506306,0.10759920710117034,0.0,0.6581816016249881,0.6001353565488695,0.2812460901434738,0.37678802228781105,0.4072385435828202,surprised,08,11,11,male,normal,1254
40,1.3346666666666667,True,1.0,0.6659192192126231,0.6832299123529845,0.6745745657828037,0.6745498313959969,-0.07976851851851846,-0.08671296296296288,0.3844819369985692,0.3502470278402296,0.19455780600042563,1.0000366679904962,0.017310693140361377,0.00694444444444442,0.012007849631053747,0.432692307692308,0.13154550923519776,0.10234039657658184,0.0,0.6889190037889528,0.6030286413002701,0.28066293587535285,0.3921807489338095,0.41863405363371053,surprised,08,11,11,male,normal,1254
50,1.6683333333333334,True,1.0,0.7040949015061746,0.7067858118218386,0.7054403566640066,0.8951489465888288,-0.07921296296296304,-0.08481481481481479,0.3625561102842778,0.3648906912185956,0.19523895220162935,0.7880703645491061,0.0026909103156640413,0.005601851851851747,0.004654048167579315,0.2945885872447502,0.129570258821103,0.10482998521459194,0.0,0.998766202256688,0.5978886195337509,0.2811265373894594,0.3868793511251746,0.41589397012748475,surprised,08,11,11,male,normal,1254
60,2.0020000000000002,True,1.0,0.7303737711198587,0.7676371583990557,0.7490054647594572,0.8812312698642977,-0.07412037037037039,-0.08078703703703699,0.3284276404871935,0.4178055228443426,0.19531123167026457,0.849953344114534,0.03726338727919698,0.006666666666666599,0.008002611523259345,0.3204921094008944,0.1293380088986814,0.10493499548665786,0.0,0.6753401546091237,0.5962240221791841,0.27801929141874926,0.39164796208293773,0.4170525837449751,surprised,08,11,11,male,normal,1254
70,2.3356666666666666,True,1.0,0.715653260656291,0.7546258238281178,0.7351395422422045,0.8746626180711289,-0.0710648148148148,-0.08055555555555555,0.35746391169734776,0.4165060086053001,0.19179559324362389,0.8404835499468228,0.038972563171826846,0.009490740740740744,0.006500942595497458,0.33928571428571397,0.13284717385114309,0.10064495104777182,0.0,0.7842970876766124,0.5961041527626675,0.2773940307049451,0.3918733161950761,0.4131981261938061,surprised,08,11,11,male,normal,1254
80,2.6693333333333333,True,1.0,0.7198527080514896,0.741634270574759,0.7307434893131243,0.8405747900173617,-0.07180555555555562,-0.07976851851851857,0.3592070759014122,0.42028739500868034,0.1890503835011424,0.8693378602254193,0.02178156252326935,0.00796296296296295,0.003063828450415125,0.3596311475409827,0.13267381680300813,0.10087336668536756,0.0,0.9308177527682896,0.595404018795018,0.2756726151418172,0.3887124334509537,0.41201299191484947,surprised,08,11,11,male,normal,1254
90,3.003,True,1.0,0.6913116694622784,0.7307826288452053,0.7110471491537418,0.7677141471495089,-0.07212962962962971,-0.08171296296296304,0.368551529011339,0.4040404040404038,0.18763178962148844,0.9261873729874989,0.039470959382926885,0.009583333333333333,0.005600079148183236,0.38484968207444853,0.13230696789311303,0.1013540527974768,0.0,0.6944176311711283,0.5960260485287866,0.275242545386488,0.3842940637601782,0.407550684719545,surprised,08,11,11,male,normal,1254
0,0.0,True,1.0,0.5826441097735784,0.5590163081715903,0.5708302089725843,0.9571439543134808,-0.0658333333333333,-0.07018518518518518,0.35218640036316834,0.4714951667914444,0.17235020083408994,0.596389086928953,0.023627801601988074,0.0043518518518518845,0.003640028264890004,0.32631128652469404,0.13393920155063582,0.09918703574432669,0.0,0.6526356344307267,0.598807795852716,0.2769835042076001,0.3761302444240515,0.39755165259264946,surprised,08,11,11,male,normal,1255
10,0.33366666666666667,True,1.0,0.6291538785438282,0.63172928485289,0.6304415816983591,0.9879199326404554,-0.06574074074074071,-0.0736574074074074,0.34490525427279434,0.5152824088986478,0.1744040107707432,0.6381504825126376,0.002575406309061834,0.007916666666666683,0.008447292092362096,0.301540269410627,0.13246661848979652,0.10114530516702067,0.0,0.7071067807446058,0.5950919966658539,0.2779720858386332,0.37346012978692533,0.39592416110932327,surprised,08,11,11,male,normal,1255
20,0.6673333333333333,True,1.0,0.6976056252723786,0.6969592022050377,0.6972824137387081,1.0027867178583454,-0.07449074074074069,-0.08361111111111114,0.34561731113745414,0.522814131055398,0.1848031563834302,0.6953446842892936,0.0006464230673408622,0.009120370370370445,0.0086942859753084,0.3053177150220142,0.13325971156386618,0.10009808712188033,0.0,0.6819032983022233,0.5916471366359044,0.27931398616191816,0.38766264163256964,0.40999826541136103,surprised,08,11,11,male,normal,1255
30,1.0010000000000001,True,1.0,0.6734006734006723,0.6603135419194239,0.6668571076600481,1.170242874867124,-0.07675925925925925,-0.08499999999999991,0.3446646414120722,0.5634502730841704,0.18691008021618244,0.5698450483928533,0.013087131481248404,0.00824074074074066,0.0063486061115951365,0.2569444444444448,0.12877300483946724,0.10562758658666965,0.0,0.7980366855587682,0.5949997422719088,0.27964842742971147,0.3853498710511853,0.41688780881219833,surprised,08,11,11,male,normal,1255
40,1.3346666666666667,True,1.0,0.7038741182161045,0.7111831118939637,0.7075286150550341,0.7811783510951602,-0.07106481481481486,-0.08013888888888887,0.36988632902771634,0.3905181895282087,0.18477219086616276,0.9057196913651356,0.007308993677859199,0.009074074074074012,0.00709180479537484,0.36261847571558475,0.13158522918408308,0.10228932120186242,0.0,0.7693774349433299,0.5979008625481442,0.2796072577209868,0.38773991724428636,0.41547730206669636,surprised,08,11,11,male,normal,1255
50,1.6683333333333334,True,1.0,0.6908449702344477,0.6793004070739732,0.6850726886542104,0.621983226568834,-0.06851851851851853,-0.07856481481481481,0.3723246702605725,0.25127811666180805,0.18754922856350442,1.1014327386823741,0.011544563160474475,0.010046296296296275,0.0067120899848455845,0.41915290737731237,0.13250631349496725,0.1010932967878439,0.0,0.7212182874100345,0.5994233206798344,0.2791362009948092,0.38963924514404774,0.4207969350136099,surprised,08,11,11,male,normal,1255
60,2.0020000000000002,True,1.0,0.7295808025552588,0.734304532589946,0.7319426675726024,0.9401409550102571,-0.06777777777777771,-0.07537037037037037,0.36328218593875655,0.4216231726928399,0.18134468499349693,0.7785456677234286,0.004723730034687179,0.007592592592592651,0.0031898974814470464,0.306377341201601,0.13178237256185538,0.10203520987024116,0.0,0.9999999987499999,0.5979674514336986,0.27850893450919756,0.38591404485057096,0.4132819701351464,surprised,08,11,11,male,normal,1255
70,2.3356666666666666,True,1.0,0.6869539033575658,0.671392396368182,0.6791731498628739,0.8999624998839216,-0.06995370370370374,-0.07796296296296301,0.359781744977,0.4567501391955703,0.18065060453086212,0.7546682777898797,0.015561506989383744,0.008009259259259272,0.0006506275807291745,0.330171263885094,0.13235394430774183,0.10129270061391062,0.0,0.6737131845507366,0.5982454278351965,0.2785417412249284,0.38098319843050443,0.4110553628534521,surprised,08,11,11,male,normal,1255
80,2.6693333333333333,True,1.0,0.7050725596717015,0.7241449598191654,0.7146087597454334,0.8305386522743183,-0.06435185185185183,-0.07490740740740742,0.3527213247206739,0.42926822268237086,0.17992218303025748,0.8604160177116061,0.01907240014746392,0.010555555555555596,0.008769881810692229,0.3435761285674825,0.13265830123572384,0.1008937702973216,0.0,0.9999999987499999,0.6006523338710484,0.2800601943496245,0.3789542796505564,0.4114383087032818,surprised,08,11,11,male,normal,1255
0,0.0,True,1.0,0.6015827611147173,0.5966353933505226,0.59910907723262,0.6605412780936819,-0.06375000000000003,-0.07097222222222221,0.35987260965485346,0.3715289589344145,0.1715918156720556,0.9069971811022093,0.004947367764194688,0.0072222222222221855,0.0018540194136850204,0.44576895559640056,0.1325801684521366,0.10099641926748386,0.0,0.6332661724148709,0.6038030812637555,0.2755589447511414,0.3704501619016115,0.3973578664090624,surprised,08,11,11,male,strong,1256
10,0.33366666666666667,True,1.0,0.6152528628141483,0.6380027989681165,0.6266278308911324,0.6473499889424744,-0.06296296296296305,-0.06824074074074071,0.3596340381178545,0.3511212311726109,0.1729912164377912,0.9679892509379753,0.022749936153968253,0.005277777777777659,0.0030501927092526143,0.46855684350821253,0.13424569943027503,0.09877180749737961,0.0,0.6533064858918326,0.6032915832348565,0.27570841657038275,0.37862563123051657,0.40131926366078763,surprised,08,11,11,male,strong,1256
20,0.6673333333333333,True,1.0,0.7173527915936698,0.7181958698628745,0.7177743307282722,0.9231215247568434,-0.08435185185185184,-0.08907407407407408,0.3614772844429745,0.4546077144280245,0.19734751940380224,0.7775512881874778,0.0008430782692047112,0.004722222222222239,0.0022145900681755687,0.31059054762098565,0.13156128888208513,0.10232011062902484,0.0,0.7003964431744597,0.5975556367390706,0.28026490546735466,0.39224719143358067,0.4099909253997517,surprised,08,11,11,male,strong,1256
30,1.0010000000000001,True,1.0,0.6796656217389414,0.7013239864234889,0.6904948040812151,0.997569983411276,-0.09356481481481488,-0.09490740740740733,0.37272881228741195,0.512389491905176,0.1973339880473261,0.6921768052001815,0.021658364684547515,0.001342592592592451,0.003537190766754547,0.29277345473770056,0.11799958988487402,0.1118938621759226,0.0,0.9999999987499999,0.6732953039731517,0.3034162716812513,0.37598229416232104,0.4648014285248778,surprised,08,11,11,male,strong,1256
40,1.3346666666666667,True,1.0,0.6994865335146094,0.679199682661865,0.6893431080882373,1.2873563218390807,-0.09407407407407403,-0.09564814814814815,0.3330553097930608,0.5823754789272034,0.2022342917691288,0.5354718786042557,0.020286850852744398,0.0015740740740741166,0.008681762393380981,0.22798959459537596,0.13066358573919445,0.10346402820884217,0.0,0.6006665648622491,0.6037219727813001,0.2849494792456934,0.40773230098690705,0.4365750488299836,surprised,08,11,11,male,strong,1256
50,1.6683333333333334,True,1.0,0.6712944213600062,0.6850485218269677,0.678171471593487,0.7079087185849972,-0.08782407407407405,-0.09194444444444438,0.3846816866465644,0.32722239406728554,0.20149834358696814,0.9579928227880137,0.013754100466961572,0.00412037037037033,0.00015481699295433258,0.38251951977090515,0.13113824000915741,0.1028617508055715,0.0,0.6015489313295573,0.6113112701330532,0.28441059451670014,0.39895820903351104,0.4286226034471645,surprised,08,11,11,male,strong,1256
60,2.0020000000000002,True,1.0,0.7010916388471008,0.7100924083331387,0.7055920235901197,0.8462611785099371,-0.0881481481481482,-0.09069444444444452,0.3628713921612817,0.39490452948298227,0.19663993831025842,0.8337757202008227,0.009000769486037896,0.0025462962962963243,0.010088066669174294,0.3285335705663539,0.1299673293715851,0.10415453480151128,0.0,0.7649070252629946,0.6118108206642032,0.28286358570898046,0.39737204074532523,0.4293097718711314,surprised,08,11,11,male,strong,1256
70,2.3356666666666666,True,1.0,0.7145380941737627,0.7125713156336279,0.7135547049036952,0.8119716776391345,-0.08384259259259258,-0.08657407407407408,0.36393249936846384,0.41290792857126557,0.1911016173062288,0.8787926039223516,0.001966778540134828,0.0027314814814815014,0.002683584221135531,0.3490722721390356,0.13226447592642707,0.10140949748158919,0.0,0.6261027235642634,0.6044021715092287,0.2818481766645357,0.39042501797727497,0.41738557685592964,surprised,08,11,11,male,strong,1256
80,2.6693333333333333,True,1.0,0.7250672820775056,0.7127948269624339,0.7189310545199697,0.785575547930395,-0.08356481481481481,-0.08712962962962961,0.3687114017190433,0.3995037490428106,0.19245032954841063,0.91516475584557,0.01227245511507169,0.0035648148148147984,0.0035860504525050845,0.3748357695233842,0.13291224158141823,0.10055900660507298,0.0,0.6709098089713371,0.6044115726837611,0.2807235813258176,0.39445340620527525,0.41939330122975566,surprised,08,11,11,male,strong,1256
90,3.003,True,1.0,0.7053107119514348,0.7024267807683957,0.7038687463599153,0.7716111714669124,-0.08194444444444438,-0.08611111111111103,0.3687066454432842,0.3857277576965071,0.193838579171925,0.9122065262764252,0.00288393118303909,0.004166666666666652,0.0014127693432097852,0.3816194294691731,0.13142578905152302,0.1024940961403818,0.0,0.7187783856824502,0.603659938311262,0.27982784072917993,0.3907389414757462,0.4217590530965212,surprised,08,11,11,male,strong,1256
0,0.0,True,1.0,0.6555168031622194,0.6300752301563763,0.6427960166592979,0.6647693152497751,-0.06990740740740742,-0.07800925925925933,0.36400514382141896,0.35271149912746946,0.18341488036054654,0.9669459794752693,0.025441573005843043,0.008101851851851916,0.0010823949966244492,0.4481394564081787,0.13405865199910263,0.0990255300210721,0.0,0.5966520477099193,0.600453506277511,0.2779182843661567,0.38725620413221895,0.41065635578193693,surprised,08,11,11,male,strong,1257
10,0.33366666666666667,True,1.0,0.63609604612929,0.631397589568799,0.6337468178490445,0.6836967571818173,-0.06787037037037053,-0.07490740740740748,0.3601270072805945,0.3623592813063631,0.1827595733059106,0.9269413832842132,0.00469845656049106,0.007037037037036953,0.0002676072256915898,0.4274999999999998,0.13382080806648433,0.09934671157206454,0.0,0.5750949190196286,0.6009802177746099,0.27781271910802974,0.3862039139329475,0.41167386624593344,surprised,08,11,11,male,strong,1257
20,0.6673333333333333,True,1.0,0.7187824974156929,0.7198527080514896,0.7193176027335912,1.2631074361670667,-0.08481481481481479,-0.08958333333333335,0.3381305468254283,0.6168136491002143,0.193838579171925,0.5694825175888282,0.001070210635796709,0.004768518518518561,0.0004009949497223538,0.2550653864710264,0.12965865837096935,0.10472062872578812,0.0,0.9999999987499999,0.5940318600956008,0.28290607888295627,0.3938119237847689,0.4150835150684973,surprised,08,11,11,male,strong,1257
30,1.0010000000000001,True,1.0,0.6631972119056129,0.6632846224917992,0.663240917198706,0.8947291559825477,-0.09217592592592594,-0.09273148148148153,0.38481599439588077,0.43438305491254975,0.196683000268253,0.741275628232286,8.741058618633168e-05,0.0005555555555555869,0.008776855828959991,0.31792421848996966,0.12924179896572918,0.10505346840359267,0.0,0.8318389733931241,0.5977508255724165,0.28367024542115765,0.41316540561249127,0.4418999963846717,surprised,08,11,11,male,strong,1257
40,1.3346666666666667,True,1.0,0.6848036159320818,0.6860410507721053,0.6854223333520936,1.6182569952126706,-0.09546296296296303,-0.09643518518518523,0.32265827497949373,0.7139260537824051,0.20359367301714432,0.42355592182193263,0.001237434840023477,0.0009722222222222077,0.007282189006008427,0.18198252691411404,0.1282021966645708,0.10631966231064237,0.0,0.6653802117710569,0.5949462146342913,0.28652049644187977,0.4208772521783355,0.4391701915662702,surprised,08,11,11,male,strong,1257
50,1.6683333333333334,True,1.0,0.6445415011221518,0.6493406071524539,0.6469410541373029,0.8141743951978321,-0.09486111111111112,-0.0949537037037037,0.37942284883139105,0.35959369121237544,0.2070509622938526,0.794597641430502,0.004799106030302092,9.259259259258856e-05,0.009687470488473493,0.32812499999999983,0.12934270406727152,0.10474748102248425,0.0,0.9043585330358153,0.6025993903264432,0.28327591332040924,0.4163320907868491,0.4421549398966501,surprised,08,11,11,male,strong,1257
60,2.0020000000000002,True,1.0,0.6998554389655341,0.7290365169209306,0.7144459779432324,0.9339806367384296,-0.08856481481481487,-0.09143518518518523,0.34053569673862216,0.4594582164600333,0.2021924121016952,0.7649473124391122,0.029181077955396484,0.0028703703703703565,0.011667240016695425,0.2998292985777737,0.13038016004882638,0.10363728908730084,0.0,0.9999999987499999,0.600875793106305,0.28345531967120885,0.4134442084701306,0.44236569553729715,surprised,08,11,11,male,strong,1257
70,2.3356666666666666,True,1.0,0.699486533514609,0.687869692502032,0.6936781130083205,0.9179719219769688,-0.0837962962962962,-0.08791666666666664,0.35358562824287554,0.44439726491403514,0.19733398804732605,0.7556637587720514,0.011616841012576984,0.004120370370370441,0.0018910179279268734,0.3214157601500862,0.13160293068788304,0.10226654587762253,0.0,0.7071067807446058,0.6004337237394959,0.2822351831520687,0.40173970187892094,0.43197239505558777,surprised,08,11,11,male,strong,1257
80,2.6693333333333333,True,1.0,0.7288120660355434,0.7407588089301147,0.7347854374828291,0.8532845392562299,-0.08347222222222223,-0.08958333333333329,0.36113664104316184,0.43373391396831873,0.19736182297188898,0.8611259242119971,0.011946742894571316,0.006111111111111067,0.005786812614981737,0.34685975747447545,0.13060040277385943,0.1035437712591368,0.0,0.8602167090396214,0.6000239280946754,0.2808215356991006,0.39370131602135616,0.4232660877550289,surprised,08,11,11,male,strong,1257
90,3.003,True,1.0,0.7363790343357376,0.714538094173763,0.7254585642547503,0.8105846916784974,-0.08134259259259263,-0.08800925925925929,0.36003552222574187,0.43373391396831873,0.19663993831025836,0.8949818220135957,0.021840940161974576,0.006666666666666654,0.005852009910463502,0.365131578947369,0.13153320908869146,0.10235620488360452,0.0,0.7507104003502362,0.6011819597526511,0.28092966804623615,0.3936588281643206,0.4238282802580441,surprised,08,11,11,male,strong,1257
0,0.0,True,1.0,0.5973220816147967,0.5953630383163736,0.5963425599655852,0.5167396373787603,-0.06217592592592597,-0.067037037037037,0.3747867744635512,0.3179605528265633,0.1688516946180601,1.1540484159307436,0.001959043298423113,0.004861111111111038,0.0021698279136491694,0.5504136082123393,0.13440075276720778,0.09856071949484739,0.0,0.7395519572749228,0.6013941741384053,0.2755631434901869,0.3799481191463845,0.40113666547307053,surprised,08,11,11,male,strong,1258
10,0.33366666666666667,True,1.0,0.5835425592043636,0.5740021074954486,0.5787723333499061,0.5301438064173108,-0.06250000000000006,-0.06749999999999995,0.37272780342678713,0.3179605528265633,0.1688657010763287,1.0917270490458517,0.009540451708915043,0.004999999999999893,0.0001014111846627732,0.5364969370067358,0.13519127323692282,0.09747357289262246,0.0,0.6676809766338923,0.5996786531409438,0.2755173312344811,0.38100948814140445,0.4018759825611935,surprised,08,11,11,male,strong,1258
20,0.6673333333333333,True,1.0,0.728737218894383,0.7038741182161042,0.7163056685552436,1.1465955444972455,-0.08587962962962958,-0.09078703703703711,0.3494218133087408,0.5732410947176833,0.19179559324362389,0.62472392465935,0.024863100678278793,0.004907407407407527,0.0012123106473774779,0.26745329418285774,0.1308493076749007,0.1032290484914323,0.0,0.6672693976725022,0.5937795728682098,0.2813790422953101,0.39538813915660753,0.40982530896616476,surprised,08,11,11,male,strong,1258
30,1.0010000000000001,True,1.0,0.6631972119056115,0.6927298728335527,0.6779635423695821,1.16174095157339,-0.0924537037037037,-0.09462962962962962,0.3567364927921446,0.5528767179174569,0.20016815745708813,0.5835754876776877,0.029532660927941157,0.0021759259259259145,0.0005411594302903228,0.2442732087101248,0.1283064210980686,0.10637311726211143,0.0,0.7517498247335057,0.5918044459033613,0.2802894176487483,0.40247173638962297,0.4209115887730961,surprised,08,11,11,male,strong,1258
40,1.3346666666666667,True,1.0,0.6758311119076706,0.678970341094832,0.6774007265012514,0.6979211814186201,-0.08449074074074081,-0.08787037037037038,0.37907624195713413,0.375276104076962,0.20221957827971732,0.9705977473335053,0.003139229187161363,0.003379629629629566,0.003100177943250161,0.4245043944354889,0.13174491227484728,0.10208357292530688,0.0,0.632088538968584,0.5970671630370898,0.2814201918952423,0.4047366063389975,0.4158838009941114,surprised,08,11,11,male,strong,1258
50,1.6683333333333334,True,1.0,0.672507445189873,0.6495919599270747,0.6610497025584738,0.7083442656553913,-0.07657407407407407,-0.08208333333333334,0.3778024794281115,0.3206874310260588,0.19038039609174412,0.9332322355244049,0.022915485262798296,0.005509259259259269,0.006312783279269539,0.39305316422249303,0.13128764139912052,0.10229919399529794,0.0,0.7956724777483529,0.6005754218015331,0.28101650246260035,0.3905781027563835,0.41972492368693676,surprised,08,11,11,male,strong,1258
60,2.0020000000000002,True,1.0,0.7384885127599211,0.7409826761465369,0.739735594453229,0.9539641838991004,-0.07157407407407412,-0.08050925925925928,0.35120664426011394,0.4769647696476961,0.1835167631876629,0.7754332992143759,0.0024941633866157886,0.008935185185185157,0.006093227570052109,0.29866916005312405,0.131280813341763,0.10249400895712896,0.0,0.9841809487824198,0.5998726788684224,0.28135910522850704,0.38701511262635957,0.4177256805973034,surprised,08,11,11,male,strong,1258
70,2.3356666666666666,True,1.0,0.6725958103202572,0.6746480141916618,0.6736219122559595,0.8744992824195365,-0.06870370370370366,-0.07824074074074078,0.3533081271900961,0.4515664964947196,0.18072449695109213,0.7702944139556113,0.00205220387140459,0.009537037037037122,0.0027900458961671462,0.34117401944405024,0.1323116626108692,0.1013479240474127,0.0,0.6777553059724705,0.6002775503404486,0.27969295657547794,0.37992882992340765,0.40916282824047967,surprised,08,11,11,male,strong,1258
80,2.6693333333333333,True,1.0,0.7201484161731749,0.6947205944007507,0.7074345052869628,0.8392636396211404,-0.06912037037037028,-0.07773148148148151,0.35510910740175855,0.44088888888888933,0.18208025521939505,0.8429228574781487,0.025427821772424197,0.008611111111111236,0.0056502292018043,0.3526901274236307,0.13345689082566636,0.09983504426227253,0.0,0.6171916486891549,0.6017820412852641,0.279344192892396,0.38103505435801827,0.409544995606713,surprised,08,11,11,male,strong,1258
90,3.003,True,1.0,0.7241165932117054,0.6998536429640019,0.7119851180878536,0.7836345092977268,-0.06800925925925927,-0.07726851851851851,0.35989608356535585,0.4057902574719055,0.18135772660683633,0.9085678459029535,0.02426295024770353,0.009259259259259245,0.0013902334111675094,0.38167717442642135,0.13122673510823793,0.10274882852959545,0.0,0.6437362207634425,0.6021762766903637,0.2793263456765122,0.3780745352409174,0.4098142065585912,surprised,08,11,11,male,strong,1258
0,0.0,True,1.0,0.5972222222222218,0.595363038316373,0.5962926302692975,0.5014402158831286,-0.0665277777777778,-0.06972222222222219,0.368500905892973,0.32522093769764787,0.16745043666383252,1.189159966396226,0.0018591839058487158,0.0031944444444443887,0.00013988922648658163,0.5650259321591554,0.13380233966606808,0.09937158382347631,0.0,0.6508115032158007,0.6018642886842237,0.2771671605533832,0.3743218797335824,0.4045505163568117,surprised,08,11,11,male,strong,1259
10,0.33366666666666667,True,1.0,0.6112109705036861,0.5983364402108602,0.6047737053572732,0.5016139865302399,-0.06435185185185183,-0.06935185185185189,0.36955736699513053,0.33877181010171614,0.16814451219010665,1.2056555869596237,0.012874530292825925,0.00500000000000006,0.002990760313358906,0.595089295962275,0.13334215282082035,0.09998823957206115,0.0,0.6996434970935526,0.5987594364230067,0.27725957132632734,0.3768501540010587,0.40569866544204924,surprised,08,11,11,male,strong,1259
20,0.6673333333333333,True,1.0,0.6690852049140285,0.673489439621253,0.6712873222676408,1.0987226435692636,-0.08587962962962958,-0.09027777777777779,0.3316956811413313,0.5944966584535227,0.18966219313384594,0.6109706814514402,0.004404234707224508,0.0043981481481482065,0.0035424218073597403,0.2854231729343698,0.12991277638544058,0.10422257123747566,0.0,0.9999999987499999,0.5912635399941226,0.28099832821744664,0.404091710392576,0.4079649645465311,surprised,08,11,11,male,strong,1259
30,1.0010000000000001,True,1.0,0.6898839137645102,0.7163214598798233,0.7031026868221668,1.2341597796143249,-0.09499999999999997,-0.09625,0.342706673677644,0.617079889807163,0.19944369807999512,0.5697015074027826,0.026437546115313126,0.0012500000000000289,0.002929860075028848,0.23437500000000064,0.11917801401694263,0.11251614996860511,0.0,0.9999999987499999,0.6607775272530887,0.30082657284913794,0.38181028200730194,0.4630728688811847,surprised,08,11,11,male,strong,1259
40,1.3346666666666667,True,1.0,0.6794473492254296,0.6732338480050566,0.6763405986152431,0.6973706923254547,-0.0925925925925925,-0.09365740740740736,0.36615796942197176,0.4033810867372731,0.20498173899701774,0.9698437374245187,0.006213501220373008,0.0010648148148148517,0.0009711554449857876,0.43014705882352955,0.13053813085063956,0.1036222667442195,0.0,0.6445966091467992,0.5955794304518683,0.2821234453300847,0.4177446237831674,0.43183191907447904,surprised,08,11,11,male,strong,1259
50,1.6683333333333334,True,1.0,0.6920212277928571,0.6764570643280068,0.684239146060432,0.6971331233799994,-0.08828703703703711,-0.09212962962962956,0.37966347441472914,0.3419128165466404,0.20285150821982156,0.9815042824861744,0.015564163464850345,0.003842592592592453,0.007239971348222891,0.38198942667783825,0.12972035445958216,0.10464419434380992,0.0,0.7071067807446058,0.5935166141456583,0.2800727999571213,0.40283564297883845,0.42451752277702387,surprised,08,11,11,male,strong,1259
60,2.0020000000000002,True,1.0,0.7070185697683014,0.7307826288452061,0.7189005993067537,0.8961764600502606,-0.08564814814814808,-0.08967592592592594,0.3428131988303888,0.477450765775897,0.1973339880473261,0.8021864346519828,0.02376405907690471,0.004027777777777852,0.004270342474973273,0.30429034166631586,0.13227567450658903,0.10139488993737118,0.0,0.6239401862029802,0.5938303710077781,0.27875068827429217,0.4032298621041349,0.4266515636030898,surprised,08,11,11,male,strong,1259
70,2.3356666666666666,True,1.0,0.7021628874919945,0.7286441399667005,0.7154035137293475,0.9021903873744556,-0.07874999999999999,-0.08555555555555555,0.3562329479317998,0.47224028089131703,0.19033550738708582,0.7929629086509189,0.026481252474706007,0.006805555555555565,0.00042313986729698683,0.32557047147579704,0.13245222425716305,0.10116415403136077,0.0,0.9999999987499999,0.598006776421506,0.28180825068822957,0.39382271919033096,0.42647723870545506,surprised,08,11,11,male,strong,1259
80,2.6693333333333333,True,1.0,0.7181236815539114,0.7198527080514908,0.718988194802701,0.7730471443988639,-0.07921296296296293,-0.08625,0.3734519177732054,0.4135674901021913,0.19106208921678955,0.9300703068527598,0.0017290264975794445,0.007037037037037064,0.003516873464092413,0.37533706054298993,0.13285063961318702,0.10064037622099957,0.0,0.9999999987499999,0.5989175729276085,0.27967124728382314,0.39115117883954953,0.4253531577201674,surprised,08,11,11,male,strong,1259
90,3.003,True,1.0,0.7050723496750652,0.7005358397320798,0.7028040947035725,0.7760656598688811,-0.0784259259259259,-0.08384259259259258,0.3613909670898542,0.4225933519376984,0.1896863273348339,0.9055987541341717,0.004536509942985378,0.005416666666666681,0.007238449418923564,0.3619747560717041,0.13223936552010768,0.10106591949466676,0.0,0.5865053097128784,0.5962208198748249,0.2774247016574829,0.38571639133331087,0.41503313712975354,surprised,08,11,11,male,strong,1259
0,0.0,True,1.0,0.5880156244169501,0.5744405652140705,0.5812280948155103,0.5461153917930809,-0.06342592592592589,-0.06796296296296306,0.36576261965699386,0.3260611852579983,0.17430949483188368,1.0642953916884537,0.013575059202879602,0.004537037037037173,0.00991427817513894,0.5368254807131935,0.12835047060938767,0.10230174788038271,0.0,0.9999999987499999,0.6017393049719889,0.2766313327411339,0.3590925376827253,0.39210979355702497,neutral,01,11,11,male,normal,1260
10,0.33366666666666667,True,1.0,0.5742523826412973,0.5498376387156011,0.5620450106784491,0.5594130210577658,-0.06430555555555556,-0.06865740740740744,0.3627208688974443,0.33936980506444714,0.17292769676479455,1.0047049130456538,0.024414743925696203,0.0043518518518518845,0.011081693118253407,0.5240647726966667,0.12876124608651687,0.10084400177329689,0.0,0.9999999987499999,0.6017703929931348,0.2766378555563595,0.3622840331415295,0.3961211601900904,neutral,01,11,11,male,normal,1260
20,0.6673333333333333,True,1.0,0.5965068684550462,0.5732560983275645,0.5848814833913054,0.5816741035234293,-0.06439814814814826,-0.06791666666666668,0.36960577548795,0.32364877721945895,0.17085521526842076,1.005514049617213,0.023250770127481668,0.003518518518518421,0.005843171456092772,0.47754902149050993,0.12934263566900858,0.10104441361757681,0.0,0.9999999987499999,0.6008943553593312,0.2758344481076056,0.3629425797297251,0.39319229018506074,neutral,01,11,11,male,normal,1260
30,1.0010000000000001,True,1.0,0.6009093807357475,0.5958761988496545,0.598392789792701,0.8798927579017904,-0.06629629629629624,-0.07092592592592595,0.36246778207343755,0.41304301449312775,0.17224392771241928,0.6800746845781982,0.00503318188609303,0.004629629629629706,0.003978454938515313,0.3335710597324426,0.12813272975093346,0.10477949160845718,0.0,0.9999999987499999,0.5971557175604617,0.28097281884842196,0.35551344120226974,0.3847636545635134,neutral,01,11,11,male,normal,1260
40,1.3346666666666667,True,1.0,0.48456073503317665,0.47229847456326657,0.4784296047982216,0.7065752648005753,-0.06657407407407412,-0.07004629629629627,0.37474713249331343,0.3467916816751269,0.16737752141912057,0.6771106046759989,0.01226226046991008,0.0034722222222221544,0.011730305834435358,0.42080395092952844,0.12769703059920995,0.1038526604911892,0.0,0.9999999987499999,0.597132502821441,0.2826471477515853,0.358537174174566,0.3859858110166236,neutral,01,11,11,male,normal,1260
50,1.6683333333333334,True,1.0,0.5687818254461381,0.5403656622269062,0.5545737438365221,0.6123795676623849,-0.06541666666666673,-0.06759259259259254,0.3639124213573359,0.3260611852579993,0.16876627525682525,0.9056045843486861,0.028416163219231905,0.0021759259259258035,0.005148472884480641,0.4284127774017006,0.12827939538400962,0.10368517385533775,0.0,0.9999999987499999,0.5971512749318477,0.2796807100373296,0.3621418570979955,0.38755454933865424,neutral,01,11,11,male,normal,1260
60,2.0020000000000002,True,1.0,0.5825349116808715,0.5717710494021835,0.5771529805415274,0.7330279362558776,-0.06435185185185188,-0.0671296296296296,0.34942937958263753,0.3248571986321894,0.17433356625311966,0.7873546859475503,0.010763862278687975,0.0027777777777777124,0.004533431291533806,0.37318497348477725,0.12620545327107968,0.10493652599936489,0.0,0.9999999987499999,0.5958618464495172,0.28053186980775013,0.36217559492069595,0.3906105298981039,neutral,01,11,11,male,normal,1260
70,2.3356666666666666,True,1.0,0.5785895186082132,0.5532069630886304,0.5658982408484218,0.40242144722477113,-0.0631018518518518,-0.06648148148148147,0.3838345199884872,0.1505363870131738,0.1736326429790067,1.4062328058085365,0.025382555519582795,0.003379629629629677,0.010593646752588138,0.599435405988019,0.13121595488170618,0.10164412068826645,0.0,0.9999999987499999,0.6023013560736795,0.28150043027716454,0.36292712245488823,0.3911172880532016,neutral,01,11,11,male,normal,1260
80,2.6693333333333333,True,1.0,0.5742425577158555,0.5498376387156012,0.5620400982157283,0.3986599541104902,-0.062083333333333324,-0.06504629629629627,0.3903595661572989,0.1555104640582975,0.17502136100099502,1.4098233153861164,0.02440491900025432,0.002962962962962945,0.005602786567974718,0.6175427591006294,0.12827753687767102,0.10239318560078832,0.0,0.9999999987499999,0.6034778248721364,0.2813403960319064,0.36738710505353767,0.39346895819585015,neutral,01,11,11,male,normal,1260
90,3.003,True,1.0,0.5743506689810526,0.5545983742637027,0.5644745216223777,0.46792140195588655,-0.06236111111111109,-0.06648148148148142,0.3844642203369499,0.18950087770035048,0.17502789956175557,1.2063447392295035,0.01975229471734985,0.00412037037037033,0.0012016017184211646,0.5342777632205177,0.12781861705026307,0.10315035631287747,0.0,0.9999999987499999,0.6007361974946229,0.27961401999443275,0.36489281540642976,0.39372797923967723,neutral,01,11,11,male,normal,1260
0,0.0,True,1.0,0.5608949158832297,0.550601733471951,0.5557483246775903,0.5347592161194865,-0.06328703703703709,-0.06666666666666671,0.3737425787527494,0.31276498127452607,0.17362693070286375,1.0392496434384293,0.010293182411278745,0.0033796296296296213,0.0037463257567193053,0.5504781791708162,0.12937613866576936,0.10118996796411314,0.0,0.9999999987499999,0.6007462984178047,0.27575545033484133,0.36109276522074574,0.3933443127266161,neutral,01,11,11,male,normal,1261
10,0.33366666666666667,True,1.0,0.5605771346783338,0.5495352781286897,0.5550562064035118,0.5733716502609811,-0.06287037037037041,-0.06689814814814815,0.3675500009182495,0.3464231734458493,0.17084449793611559,0.9680565932251225,0.011041856549644069,0.004027777777777741,0.0009367103189604735,0.5015790142034997,0.12879803206488313,0.10117433478164878,0.0,0.9999999987499999,0.6012239198960835,0.275959909020287,0.36120010204751457,0.3899332890945792,neutral,01,11,11,male,normal,1261
20,0.6673333333333333,True,1.0,0.5608949158832286,0.5457003225927857,0.5532976192380071,0.5646359281382002,-0.06384259259259267,-0.06708333333333333,0.37132102305330744,0.33438478220301016,0.1743125586519252,0.979919257108595,0.015194593290442926,0.003240740740740655,0.006752788377551303,0.5142192686603533,0.1280552615831967,0.1011756360273365,0.0,0.9999999987499999,0.6008425751159838,0.27598905884104835,0.35928473156880575,0.3919704824516147,neutral,01,11,11,male,normal,1261
30,1.0010000000000001,True,1.0,0.6240377207533822,0.603050132465286,0.6135439266093341,0.9191828440035603,-0.06421296296296297,-0.06921296296296298,0.3572433622225679,0.4255650378532632,0.17222931003000191,0.6674884443415021,0.020987588288096104,0.0050000000000000044,0.0093277462171717,0.32377103814490604,0.12656420066683205,0.10303476332774394,0.0,0.9999999987499999,0.5958350575542718,0.2806181139161816,0.3581052507001643,0.3874329042190409,neutral,01,11,11,male,normal,1261
40,1.3346666666666667,True,1.0,0.5880156244169511,0.5640213939098235,0.5760185091633874,0.7486130179201538,-0.06601851851851859,-0.07032407407407404,0.3687170917140505,0.36757867724561655,0.1715495711333122,0.7694476256420442,0.023994230507127567,0.0043055555555554514,0.011295500758641847,0.3862953001505811,0.12483556212574155,0.1047594094954084,0.0,0.9999999987499999,0.5956969488498525,0.283706272635981,0.35920800319375584,0.3859751118080583,neutral,01,11,11,male,normal,1261
50,1.6683333333333334,True,1.0,0.5605822809418664,0.5729641677077614,0.5667732243248138,0.6335317762989462,-0.06537037037037036,-0.06912037037037033,0.3603750331813862,0.316561911424412,0.17361814221873406,0.8946247773645518,0.012381886765895023,0.0037499999999999756,0.008168857681277963,0.4234454455903478,0.12697165822024542,0.10437383210703084,0.0,0.9999999987499999,0.5966814059686376,0.2793381137191074,0.3575700446468998,0.3856223844368657,neutral,01,11,11,male,normal,1261
60,2.0020000000000002,True,1.0,0.5882355146341541,0.5717729034050535,0.5800042090196038,0.7082478215938266,-0.06421296296296297,-0.06861111111111107,0.35775433991121647,0.31990512867131565,0.17294490231316767,0.8189283345967433,0.016462611229100643,0.0043981481481480955,0.0036376407552802634,0.39111191166599335,0.12851149760828404,0.10413178827841124,0.0,0.9999999987499999,0.594192515076343,0.2807584412976427,0.3618456583920247,0.3917166988723824,neutral,01,11,11,male,normal,1261
70,2.3356666666666666,True,1.0,0.5606852459435315,0.5581973818333168,0.5594413138884242,0.42456181647536995,-0.06351851851851847,-0.06680555555555556,0.38723556616837546,0.20578404684236723,0.17502136100099508,1.3176910691894004,0.0024878641102147325,0.0032870370370370883,0.0077811733073213304,0.6013484922249115,0.12966879259996095,0.1025013884095466,0.0,0.9999999987499999,0.5976780469844188,0.2805661867055899,0.36010908567215216,0.3893176303952994,neutral,01,11,11,male,normal,1261
80,2.6693333333333333,True,1.0,0.5605771346783334,0.5498376387156017,0.5552073866969676,0.47439397199710415,-0.06453703703703706,-0.06837962962962968,0.3904581056857506,0.24319932808643485,0.17502789956175557,1.1703508464908503,0.010739495962731715,0.0038425925925926196,0.004645257394284714,0.5644006880832534,0.12839037196985686,0.10280911998824524,0.0,0.9999999987499999,0.5972272420687025,0.27822538880440806,0.3592968271377119,0.3906364324349102,neutral,01,11,11,male,normal,1261
90,3.003,True,1.0,0.5469121792424347,0.549520189217904,0.5482161842301694,0.4978040886891278,-0.0643055555555555,-0.06810185185185186,0.3777618229040407,0.26779778364392187,0.17502136100099502,1.101268946331462,0.002608009975469283,0.003796296296296353,0.004971477480897925,0.5643047999126635,0.12880868263326406,0.10172420657339167,0.0,0.9999999987499999,0.5992231203106243,0.2784041985255595,0.3615713130145266,0.39342593776427703,neutral,01,11,11,male,normal,1261
0,0.0,True,1.0,0.6249543159738347,0.6075723012942961,0.6162633086340654,0.5211012964308146,-0.06296296296296294,-0.06481481481481483,0.3728484343079159,0.3138663779829056,0.16875406896136053,1.1826171089096211,0.017382014679538593,0.0018518518518518823,0.0016580282332297705,0.5502419744382158,0.12871039321719985,0.10479880134451558,0.0,0.9999999987499999,0.6074196838891807,0.28328495920004,0.3524197813039173,0.39460906565565984,neutral,01,11,11,male,normal,1262
10,0.33366666666666667,True,1.0,0.6387423674169811,0.6137962688393221,0.6262693181281516,0.5115913322772301,-0.06217592592592591,-0.06490740740740741,0.37213436667859207,0.3027832590246768,0.1687613024282096,1.2241593604419743,0.02494609857765895,0.0027314814814815014,0.0016723968908513565,0.5499794338379212,0.1270467314031994,0.10555356219439554,0.0,0.9999999987499999,0.6063728098973966,0.28297012812543726,0.3571533778407719,0.39434572311416993,neutral,01,11,11,male,normal,1262
20,0.6673333333333333,True,1.0,0.6022585251807464,0.6287086937321633,0.6154836094564549,0.5918632936435638,-0.06222222222222212,-0.06689814814814815,0.35649411121097824,0.3662601951174212,0.16736840477998136,1.0399083978793182,0.026450168551416908,0.004675925925926028,0.0002908660022358082,0.48431499754203083,0.1284429333756174,0.10458133250551076,0.0,0.9999999987499999,0.6073601402826756,0.281720228058896,0.3578285728775855,0.3951103540806675,neutral,01,11,11,male,normal,1262
30,1.0010000000000001,True,1.0,0.5923567942244727,0.5691105829907304,0.5807336886076016,0.9862124808465633,-0.06486111111111115,-0.06717592592592586,0.3585195944144966,0.4648687091874962,0.16461299838138876,0.5888525037820457,0.023246211233742375,0.002314814814814714,0.0008022021139575216,0.29865250811399213,0.12199029025566131,0.10610220124510747,0.0,0.9999999987499999,0.602748153605192,0.2847526770518515,0.3560954836491831,0.39024650343525974,neutral,01,11,11,male,normal,1262
40,1.3346666666666667,True,1.0,0.5493902926761327,0.5355385505904934,0.542464421633313,0.578596984917163,-0.06495370370370379,-0.06666666666666665,0.37786958402880066,0.3219366403575208,0.1604285561915648,0.9375514144979115,0.01385174208563933,0.0017129629629628607,0.000738288381793747,0.49019642844079736,0.12493269376097678,0.10372923281737627,0.0,0.9999999987499999,0.5967876501694428,0.2847397734398794,0.3753696610768583,0.3982517486428168,neutral,01,11,11,male,normal,1262
50,1.6683333333333334,True,1.0,0.5693346776385504,0.568781825446138,0.5690582515423441,0.641041890590026,-0.06398148148148153,-0.06634259259259256,0.35833844253452546,0.313459369284347,0.16806281908660353,0.887708369602138,0.0005528521924124119,0.002361111111111036,0.005341843222450088,0.41790310133240693,0.13534346648336343,0.09528317992518584,0.0,0.9999999987499999,0.552049906173407,0.2489560469826724,0.37444223323322956,0.3632298493156198,neutral,01,11,11,male,normal,1262
60,2.0020000000000002,True,1.0,0.5642555590038885,0.6007952188429148,0.5825253889234017,0.6874027468359672,-0.0631018518518518,-0.06513888888888891,0.35516480752663565,0.280406313958151,0.1687613024282096,0.8474295332753563,0.036539659839026295,0.002037037037037115,0.00028069080011967554,0.38351471037339835,0.12391180197429905,0.10603028212503121,0.0,0.9999999987499999,0.6051600273390606,0.28567743877517066,0.3597278685594446,0.3972726407579373,neutral,01,11,11,male,normal,1262
70,2.3356666666666666,True,1.0,0.5787011036890443,0.6053670297213344,0.5920340667051893,0.5032607817527174,-0.06356481481481485,-0.06592592592592594,0.37615641054674637,0.2713770469602808,0.16668314534421375,1.1763961909435885,0.02666592603229012,0.0023611111111110916,0.0022252502763724924,0.5352530039536959,0.1243673709660893,0.10495237297179368,0.0,0.9999999987499999,0.6078334720606993,0.28418193697150257,0.3539472991075971,0.39292824018496664,neutral,01,11,11,male,normal,1262
80,2.6693333333333333,True,1.0,0.6065667585913495,0.6050495732426631,0.6058081659170063,0.4674102497756166,-0.061203703703703705,-0.06407407407407406,0.3730811462788213,0.26695370352113273,0.16740669132805946,1.2960951673777554,0.0015171853486863895,0.0028703703703703565,0.0010077526174266478,0.5629344296451104,0.12545355109652614,0.1038352253260223,0.0,0.9999999987499999,0.60858722568715,0.2838723565190319,0.35576092863022757,0.39683926423983895,neutral,01,11,11,male,normal,1262
90,3.003,True,1.0,0.6164451583156583,0.615059859317674,0.6157525088166662,0.49211256528483655,-0.06092592592592594,-0.06407407407407406,0.36570989696119377,0.28675080210601245,0.1666959609671985,1.2512432159911755,0.00138529899798423,0.003148148148148122,0.0016211414412203133,0.5490867127348674,0.1260600680637734,0.10346697365102436,0.0,0.9999999987499999,0.6086885623780762,0.2835293953508049,0.3587799894171394,0.3970953554797773,neutral,01,11,11,male,normal,1262
0,0.0,True,1.0,0.5695490573799591,0.5691105829907298,0.5693298201853445,0.4845123481857446,-0.06143518518518515,-0.0643981481481482,0.37003122861836885,0.31624029275910803,0.16807189805898226,1.175057400120345,0.00043847438922928195,0.002962962962963056,0.0022226996502138665,0.6099333329901687,0.12520328678263645,0.10303329944871852,0.0,0.9999999987499999,0.6061539860944378,0.2817425505780419,0.3532908797412217,0.39138872253282714,neutral,01,11,11,male,normal,1263
10,0.33366666666666667,True,1.0,0.6112066301182987,0.6138090227941824,0.6125078264562405,0.4883670600548671,-0.06083333333333324,-0.0637962962962963,0.3684779364960353,0.29811919288951044,0.16877893270488473,1.2541956175083275,0.0026023926758836913,0.002962962962963056,0.0028455250436302273,0.6267760587691575,0.12576479363494986,0.10290409292577407,0.0,0.9999999987499999,0.6060028531021785,0.28235485937221266,0.35718291847940836,0.3925879381865238,neutral,01,11,11,male,normal,1263
20,0.6673333333333333,True,1.0,0.5927041776734266,0.6070965256711665,0.5999003516722965,0.8226350243356583,-0.06074074074074076,-0.06513888888888891,0.34507462947115525,0.4328814975264013,0.165285163379568,0.7292424148324619,0.014392347997739807,0.004398148148148151,0.001331907020841407,0.36548163161521025,0.12645221040653007,0.10298734815557652,0.0,0.9999999987499999,0.6048595340792569,0.2820837163777132,0.3582140096052666,0.3929977794617469,neutral,01,11,11,male,normal,1263
30,1.0010000000000001,True,1.0,0.6066681626879095,0.6109691157240812,0.6088186392059953,1.050066422731603,-0.065462962962963,-0.06916666666666665,0.35200586610470375,0.5319899487359717,0.16530731820509487,0.5797905980292538,0.0043009530361717285,0.0037037037037036535,0.00023095408946072584,0.28909212637432663,0.12361795106207209,0.10511151192341536,0.0,0.9999999987499999,0.6034159334124275,0.28448246308701736,0.3570019078509723,0.3899513404171716,neutral,01,11,11,male,normal,1263
40,1.3346666666666667,True,1.0,0.526069926590423,0.5409423637663314,0.5335061451783771,0.5698742608225691,-0.06513888888888891,-0.06837962962962962,0.37258247007522,0.35770562192988464,0.15972652116233096,0.936182210455167,0.01487243717590847,0.0032407407407407107,0.0077824412268375645,0.4844042470937517,0.1280881313683971,0.10300062826215263,0.0,0.9999999987499999,0.5943777688888056,0.28352710778120954,0.37963555880671135,0.3993007294130457,neutral,01,11,11,male,normal,1263
50,1.6683333333333334,True,1.0,0.5641493278328324,0.5777816662455791,0.5709654970392057,0.6688969635231486,-0.0643981481481481,-0.06745370370370368,0.35346829933991647,0.3413224243318442,0.16320192432621883,0.853592598225999,0.013632338412746692,0.003055555555555589,0.0009297776605343941,0.4005002396042274,0.12889363637493076,0.10384203771758045,0.0,0.9999999987499999,0.5968752967827756,0.28254387732943836,0.38059248809325275,0.39845567520123937,neutral,01,11,11,male,normal,1263
60,2.0020000000000002,True,1.0,0.5692248784272433,0.5676911593889973,0.5684580189081203,0.7504499554816227,-0.06620370370370365,-0.06916666666666665,0.3507799608469726,0.3608826664662237,0.16737752141912057,0.7574895764279126,0.001533719038246062,0.0029629629629630005,0.00530374583485048,0.35208447120191233,0.1336357311959171,0.09785874305080741,0.0,0.9999999987499999,0.5490963724396009,0.25038545227387277,0.36684000961320873,0.3612904349072892,neutral,01,11,11,male,normal,1263
70,2.3356666666666666,True,1.0,0.5974266945503122,0.5956613867979054,0.5965440406741087,0.5470226825658758,-0.06412037037037027,-0.06703703703703706,0.36913107494065683,0.30008242979424626,0.1687613024282096,1.0905288933832633,0.0017653077524067973,0.0029166666666667895,0.006901826580085977,0.4961187771906344,0.1250429876840908,0.10377999272475066,0.0,0.9999999987499999,0.6061584450733419,0.2828036376818487,0.3553302949888833,0.39026152122858715,neutral,01,11,11,male,normal,1263
80,2.6693333333333333,True,1.0,0.5694392502374767,0.5581973818333174,0.563818316035397,0.5027764232212608,-0.06361111111111101,-0.06699074074074068,0.3743663229638096,0.2512781166618079,0.1715317808465777,1.121409616670257,0.011241868404159305,0.003379629629629677,0.004725285231466112,0.5480890754682197,0.12729911859763526,0.10488638120202137,0.0,0.9999999987499999,0.6088605353938451,0.28201715920077663,0.35916919439153144,0.3949001454376862,neutral,01,11,11,male,normal,1263
90,3.003,True,1.0,0.6379966248844651,0.6413162695580171,0.6396564472212412,0.5002112271275404,-0.06222222222222212,-0.06629629629629635,0.37867551481297373,0.26300985888203143,0.17223329679369817,1.278772671486132,0.003319644673552058,0.00407407407407423,0.0016474077743763274,0.5496786687150657,0.12485765130014947,0.1036358754283546,0.0,0.7071067807446058,0.6071580287505628,0.2832581996741049,0.35687217128208887,0.3949849208852274,neutral,01,11,11,male,normal,1263
0,0.0,True,1.0,0.537361495563555,0.550972687613994,0.5441670915887744,0.45532056427029477,-0.06175925925925918,-0.06407407407407406,0.3831049501461757,0.26613839723684923,0.16180744160947755,1.1951296170004242,0.013611192050439036,0.0023148148148148806,0.011208242016562798,0.6154296224938091,0.12229300972756249,0.1026448278738408,0.0,0.9999999987499999,0.6068402434489422,0.28553120358009354,0.3513396205600197,0.39717652763196004,calm,02,11,11,male,normal,1264
10,0.33366666666666667,True,1.0,0.5286396448276983,0.5351825171705713,0.5319110809991348,0.44165913483297287,-0.062037037037037,-0.06365740740740738,0.38148743164825055,0.259232479509273,0.16180602707109712,1.2043475138361928,0.006542872342872985,0.0016203703703703831,0.012061560156101906,0.6171091748217149,0.12197183309868626,0.1030262726111446,0.0,0.9999999987499999,0.6048431075555222,0.28541264586142245,0.34910685410317766,0.3927492145988703,calm,02,11,11,male,normal,1264
20,0.6673333333333333,True,1.0,0.5527958053810533,0.5433925385614516,0.5480941719712524,0.673058323510468,-0.06101851851851853,-0.06523148148148145,0.37172599915588084,0.3496365003036807,0.1583338151890968,0.8143338442240183,0.009403266819601686,0.004212962962962918,0.0117115282532445,0.4201269291071026,0.12128593893215958,0.10383285575837586,0.0,0.9999999987499999,0.6061450013208409,0.2874590875531827,0.34929742946621906,0.3880645960066662,calm,02,11,11,male,normal,1264
30,1.0010000000000001,True,1.0,0.550009395935236,0.5391825286563281,0.5445959622957821,0.8307522808127312,-0.06148148148148147,-0.06620370370370371,0.37306409674413776,0.4017894154781762,0.15625439446945358,0.6555455517534057,0.010826867278907915,0.004722222222222239,0.013806508527437698,0.3422702056307837,0.1224657286403604,0.10464670848568626,0.0,0.9999999987499999,0.5982026406812725,0.2885326901578205,0.3713251950850086,0.40120923667762426,calm,02,11,11,male,normal,1264
40,1.3346666666666667,True,1.0,0.32878418418936173,0.32044681840208883,0.32461550129572525,0.5369719184080807,-0.06574074074074066,-0.0702314814814815,0.3804160070715215,0.28115978310446865,0.15486899347777114,0.6045297531723592,0.008337365787272899,0.004490740740740851,0.011115726586660157,0.5501165010549315,0.12317428454541968,0.10399513384009468,0.0,0.9999999987499999,0.5983838563784889,0.28489747871572446,0.3666380905765256,0.393653679351951,calm,02,11,11,male,normal,1264
50,1.6683333333333334,True,1.0,0.5067222600364001,0.47319888922290027,0.48996057462965015,0.733651927921742,-0.06273148148148144,-0.06527777777777777,0.37612270617566096,0.35962297838943647,0.15695659699178277,0.6678379160231878,0.03352337081349982,0.0025462962962963243,0.011024326701713594,0.3946709925957054,0.12276351329389212,0.10429721037500758,0.0,0.9999999987499999,0.602904388989971,0.2873214600008727,0.37189099132562325,0.4028842868933156,calm,02,11,11,male,normal,1264
60,2.0020000000000002,True,1.0,0.519361113070754,0.5102058792603232,0.5147834961655386,0.5999776271059962,-0.06282407407407409,-0.06680555555555562,0.3729434371093733,0.27920539532601946,0.1604399693065449,0.858004487014969,0.009155233810430818,0.00398148148148153,0.013751605502682354,0.4659713960065322,0.1234213705979241,0.10370177199779791,0.0,0.9999999987499999,0.5996574628210659,0.2887720819034688,0.37086278729785566,0.40172276563303877,calm,02,11,11,male,normal,1264
70,2.3356666666666666,True,1.0,0.5459953734167312,0.5232339307414614,0.5346146520790963,0.6172918223050312,-0.06009259259259253,-0.06393518518518515,0.3688241670547723,0.22770437454663012,0.1659887698413517,0.866064692194998,0.022761442675269805,0.0038425925925926196,0.017337729869828004,0.42006045995683167,0.11985062049336882,0.10530558264920047,0.0,0.9999999987499999,0.6102808897621549,0.28859580110181854,0.35035500910456063,0.39121668496670986,calm,02,11,11,male,normal,1264
80,2.6693333333333333,True,1.0,0.4802033096370404,0.4849423872119701,0.4825728484245052,0.38573906610241865,-0.06115740740740738,-0.06435185185185177,0.3880704384144825,0.16668544988955206,0.1638907509678233,1.2510344189415752,0.004739077574929695,0.0031944444444443887,0.008618389200707358,0.6250233059669577,0.1339823392254207,0.09520730852451173,0.0,0.9999999987499999,0.5481680989661489,0.25110143368962423,0.37507775007792876,0.36387059050828846,calm,02,11,11,male,normal,1264
90,3.003,True,1.0,0.5382485473447097,0.5287585556017337,0.5335035514732217,0.4138531505163972,-0.058379629629629615,-0.06314814814814823,0.3721755906931963,0.21272792024839604,0.1631963144470284,1.2891131813483292,0.009489991742976045,0.004768518518518616,0.020947358739267008,0.621925150995685,0.12182895406036853,0.10263983158364243,0.0,0.9999999987499999,0.6102790247192628,0.28589163543479945,0.354320369447334,0.3998762691099949,calm,02,11,11,male,normal,1264
0,0.0,True,1.0,0.5644854827880651,0.5693294510261702,0.5669074669071177,0.4864147149651819,-0.06185185185185177,-0.06351851851851847,0.3777438793431518,0.3087963693225198,0.1598029274610467,1.165481737014674,0.0048439682381050675,0.0016666666666667052,0.007081971194509076,0.5950892959622773,0.1330702272567588,0.10034984997216967,0.0,0.6109053413970233,0.5990095492806498,0.27723548699143014,0.3562964973304052,0.3828944174155785,calm,02,11,11,male,normal,1265
10,0.33366666666666667,True,1.0,0.5500455946370116,0.5502745440524242,0.550160069344718,0.4701019202602635,-0.06277777777777771,-0.06425925925925924,0.381722607056999,0.2934914377658339,0.16048513825490024,1.1702995576791766,0.000228949415412516,0.001481481481481528,0.0017743083937182711,0.595689341681222,0.13461483457221182,0.09807405435272026,0.0,0.6453020049358668,0.5983430904861946,0.2762850579324618,0.3800355428115262,0.3889821995563353,calm,02,11,11,male,normal,1265
20,0.6673333333333333,True,1.0,0.5495017004711432,0.5643724091929171,0.5569370548320302,0.5031366064365197,-0.06245370370370368,-0.06513888888888891,0.38634258231935764,0.3028886522572218,0.15841474615060325,1.1069301015017647,0.014870708721773873,0.002685185185185235,0.00223524893900009,0.5499562746024211,0.13360993129579976,0.09943872526929912,0.0,0.668958619392156,0.5977892369838561,0.27673250278547795,0.37781653661012193,0.38865482846212107,calm,02,11,11,male,normal,1265
30,1.0010000000000001,True,1.0,0.5203087256211212,0.5363901137659658,0.5283494196935434,0.8932091057219559,-0.06351851851851847,-0.06527777777777777,0.36857856752132184,0.4130430144931287,0.1556384214058764,0.591518174533715,0.01608138814484461,0.0017592592592592937,0.0015707291687546852,0.32197520744896974,0.13100430499849378,0.10284719682855342,0.0,0.9999999987499999,0.5973135940704407,0.2797825094685604,0.37738812092867413,0.3900916579872013,calm,02,11,11,male,normal,1265
40,1.3346666666666667,True,1.0,0.5295958091458332,0.5017118834371568,0.515653846291495,0.5386463489223121,-0.06449074074074074,-0.06620370370370371,0.3875117930084196,0.2562914768906902,0.1597800094078435,0.9573142885367756,0.02788392570867637,0.0017129629629629717,0.0005183206336353955,0.5240647726966684,0.13357800515861915,0.09948160815904693,0.0,0.9999999987499999,0.5951628503901562,0.27814183009271115,0.38129502198044307,0.38935695138794363,calm,02,11,11,male,normal,1265
50,1.6683333333333334,True,1.0,0.5446923782388499,0.5502745440524248,0.5474834611456374,0.7703642209575114,-0.062361111111111145,-0.06481481481481483,0.3859561759847221,0.3271748299229633,0.1625793263410684,0.7106813196297614,0.0055821658135749574,0.00245370370370368,0.0018912481399287646,0.3780529236847258,0.1323084042517992,0.10116402516812306,0.0,0.7071067807446058,0.5949876150616498,0.28111282898290973,0.38614109576215117,0.3941436003838933,calm,02,11,11,male,normal,1265
60,2.0020000000000002,True,1.0,0.5594824527799437,0.5501571353170535,0.5548197940484986,0.7056360213758638,-0.06398148148148147,-0.06675925925925924,0.3814112989137633,0.2741761114251942,0.16676963168745199,0.786269092338426,0.009325317462890226,0.002777777777777768,0.0006289143670239146,0.4023554862416695,0.1306398118754473,0.1031252123840569,0.0,0.6742930721885433,0.596252472418655,0.279584003816442,0.3804644692465241,0.39247383602040986,calm,02,11,11,male,normal,1265
70,2.3356666666666666,True,1.0,0.5493902926761327,0.5409423637663325,0.5451663282212327,0.7536210769154664,-0.0727314814814814,-0.07393518518518516,0.3579931677553927,0.3208301378690267,0.17781253580877124,0.7233958084778777,0.008447928909800173,0.0012037037037037623,0.001546795924838523,0.3559242292174372,0.1332889929979704,0.10005909312608059,0.0,0.6461301449354271,0.592321027145233,0.28016570624495846,0.3889416041210597,0.39514840840275806,calm,02,11,11,male,normal,1265
80,2.6693333333333333,True,1.0,0.5834379462688479,0.5965068684550469,0.5899724073619474,0.4634184392152888,-0.06722222222222224,-0.07171296296296298,0.378582852584273,0.2380529526269758,0.17159181567205564,1.2730878994822774,0.013068922186198928,0.00449074074074074,0.006209756358360691,0.562571653811843,0.13345647898908977,0.09964457857741099,0.0,0.6588769236831497,0.5925007973892682,0.2782803931789665,0.38260905429964864,0.3927323999365222,calm,02,11,11,male,normal,1265
90,3.003,True,1.0,0.5360592701765612,0.5181451764989315,0.5271022233377464,0.45254819695415904,-0.06606481481481491,-0.0693981481481481,0.3874994698915874,0.25200384849348384,0.16949891706985046,1.164742732123048,0.01791409367762964,0.0033333333333331883,0.002708554852316909,0.5651031977323784,0.1367027704434904,0.09534217495466474,0.0,0.5602541711856913,0.5566798460399784,0.25079898593932665,0.3700781067916528,0.3675562372458047,calm,02,11,11,male,normal,1265
0,0.0,True,1.0,0.6110755340637295,0.5717710494021836,0.5914232917329565,0.5068614035096234,-0.0622685185185185,-0.06379629629629624,0.3744289548669609,0.2734084360347577,0.1687572336412576,1.166834340981198,0.0393044846615459,0.001527777777777739,0.0,0.563053553385261,0.13272490614840696,0.1008061360213113,0.0,0.5816810737210434,0.6059121057485495,0.2775531079936076,0.3602999140766035,0.3925594324730631,calm,02,11,11,male,normal,1266
10,0.33366666666666667,True,1.0,0.6020164877106179,0.6036987794457634,0.6028576335781907,0.5151587640728938,-0.06208333333333338,-0.06421296296296297,0.36851468959312456,0.284568320485442,0.16737752141912057,1.1702365865077036,0.001682291735145558,0.0021296296296295925,0.0042676746562942255,0.5647095085850314,0.1331288065686675,0.10027212291153377,0.0,0.6510595953388988,0.6060559685827456,0.27842390146996565,0.3622362435682153,0.39304088308455576,calm,02,11,11,male,normal,1266
20,0.6673333333333333,True,1.0,0.5974212493342185,0.5877329473544015,0.5925770983443099,0.7534585566105809,-0.06342592592592594,-0.06587962962962962,0.37120847986092825,0.3496613245427205,0.16390052653515236,0.7864760352712786,0.00968830197981696,0.00245370370370368,0.004713750246230983,0.3831896923579955,0.13234603836990086,0.10130303005993023,0.0,0.6138087796769423,0.6009034328028086,0.28073238717631765,0.36306038731756,0.38774341077778046,calm,02,11,11,male,normal,1266
30,1.0010000000000001,True,1.0,0.5493902926761327,0.5502745440524237,0.5498324183642782,0.9667948332294494,-0.06495370370370368,-0.06703703703703706,0.3678665794586028,0.42880900226155005,0.1604399693065449,0.5687167529926037,0.0008842513762910009,0.0020833333333333814,6.118386601597295e-05,0.3039212069928984,0.12965444467196366,0.10454376500019982,0.0,0.7101880985359982,0.5941318969072004,0.28105351478369717,0.37998555140193896,0.39348444785967035,calm,02,11,11,male,normal,1266
40,1.3346666666666667,True,1.0,0.5278054288657605,0.5214574810734207,0.5246314549695906,0.568655196335845,-0.06504629629629627,-0.06634259259259262,0.385815796240909,0.27104946043576345,0.16321735049979055,0.9225827150619157,0.006347947792339825,0.001296296296296351,0.002382059807423267,0.48991668000823463,0.13201960873864146,0.10154061617033888,0.0,0.6420006398090565,0.5944084359446904,0.27988947336030645,0.38088108302508505,0.39326751417609157,calm,02,11,11,male,normal,1266
50,1.6683333333333334,True,1.0,0.5362726582939173,0.5073770623333945,0.5218248603136559,0.617531051961834,-0.06314814814814812,-0.06509259259259259,0.37027698517056395,0.2614668766375077,0.166001639071374,0.8450180094683026,0.028895595960522824,0.0019444444444444708,0.0031289010620102705,0.4539871426177804,0.1332905787429953,0.10005698071569523,0.0,0.5569025036544788,0.6053104687109218,0.2805879641879873,0.36470381666154256,0.3886923119946651,calm,02,11,11,male,normal,1266
60,2.0020000000000002,True,1.0,0.5361773304652132,0.5351825171705713,0.5356799238178922,0.6284548866422579,-0.06467592592592597,-0.06532407407407403,0.374092226233102,0.22690756868878734,0.16741626159698858,0.8523760976383704,0.0009948132946419053,0.0006481481481480644,0.0022172168619447033,0.4501181918496377,0.13170120639237062,0.1021399530361128,0.0,0.6123892751434806,0.6049944340548721,0.28087078397734977,0.36365314050749664,0.3915013038444131,calm,02,11,11,male,normal,1266
70,2.3356666666666666,True,1.0,0.5539773480565965,0.544504667411648,0.5492410077341223,0.650667646012693,-0.06324074074074082,-0.06407407407407412,0.3751607322566774,0.2322436190956346,0.16740669132805946,0.8441191307111771,0.009472680644948439,0.0008333333333332971,0.003459467919246996,0.4061828675420387,0.13234675072418509,0.10111385363417155,0.0,0.5481369544655791,0.6034588207001551,0.28049717016813247,0.36469623834933984,0.39240055584630523,calm,02,11,11,male,normal,1266
80,2.6693333333333333,True,1.0,0.5833180321475817,0.5492156345199681,0.5662668333337749,0.4528400238674641,-0.062453703703703733,-0.06435185185185183,0.3841813027145237,0.20031075136661558,0.17015009905848222,1.250478763996153,0.03410239762761358,0.0018981481481480933,0.004436677383815184,0.5328077357148878,0.134434242164226,0.09851503593635708,0.0,0.5403495731545508,0.6056832407337936,0.27953598906654953,0.36795798163400006,0.39482598429944354,calm,02,11,11,male,normal,1266
90,3.003,True,1.0,0.5214574810734207,0.5307129907297048,0.5260852359015628,0.442578094514797,-0.0618981481481482,-0.06328703703703703,0.3840625872583797,0.1950149923538283,0.17016086012648826,1.1886834039500203,0.009255509656284078,0.0013888888888888284,0.003503365142484452,0.5813087612915864,0.1326977361115266,0.10084189904239069,0.0,0.5954007414314172,0.6049774418751876,0.27903578733115325,0.3637563672051771,0.39428112983595603,calm,02,11,11,male,normal,1266
0,0.0,True,1.0,0.5067147827650925,0.5017921146953397,0.5042534487302162,0.39751329093319915,-0.06078703703703703,-0.0643981481481481,0.3918903475251203,0.3331789199578971,0.14868501942673648,1.2685197205518202,0.0049226680697528336,0.003611111111111065,0.005771543377605934,0.7281888433899356,0.13310862148697572,0.09953620882504342,0.0,0.7540668273887176,0.5955058839551445,0.27716327074528974,0.37593055369476236,0.386504994106134,calm,02,11,11,male,normal,1267
10,0.33366666666666667,True,1.0,0.5111543902674558,0.47971781305114547,0.49543610165930063,0.4401098198091817,-0.06217592592592591,-0.06361111111111106,0.3849101293472872,0.32343315768385766,0.1500996576497178,1.125710173597369,0.031436577216310324,0.0014351851851851505,0.0027487688876435138,0.6672559784230034,0.13302322147549442,0.09984131648306682,0.0,0.9999999987499999,0.5937027680837961,0.27835358936196536,0.37914404374130023,0.386857023961399,calm,02,11,11,male,normal,1267
20,0.6673333333333333,True,1.0,0.5068494412821979,0.5019254985007403,0.5043874698914691,0.4582638825690685,-0.06291666666666668,-0.06671296296296292,0.3899060421856707,0.31808353101551107,0.1500996576497178,1.1006485325961706,0.00492394278145758,0.003796296296296242,0.013018656892362725,0.6457071080425644,0.13352962278553152,0.09935496824585363,0.0,0.9999999987499999,0.5939672627957433,0.2788022181564081,0.3821014441238856,0.3875269310405182,calm,02,11,11,male,normal,1267
30,1.0010000000000001,True,1.0,0.43964598326838716,0.4501571646129578,0.4449015739406725,0.9854919936941661,-0.06624999999999998,-0.06861111111111107,0.3548122244689636,0.527788798379963,0.14942048452318618,0.45145123125043024,0.01051118134457063,0.0023611111111110916,0.0025966477957755753,0.3056023407979637,0.1317779984176987,0.10166675469114798,0.0,0.6707198762135499,0.5891806720578857,0.2790344658499683,0.38218660232530416,0.3900645586165684,calm,02,11,11,male,normal,1267
40,1.3346666666666667,True,1.0,0.4701692245974376,0.44385689049990523,0.4570130575486714,0.5902751666914715,-0.06449074074074074,-0.06662037037037039,0.3786750612379461,0.37372416834454064,0.14874247828269846,0.7742373105584935,0.026312334097532364,0.002129629629629648,0.006591826277656183,0.49188360007417536,0.13294010875313367,0.10033245391532777,0.0,0.754100420476642,0.5928502210493573,0.2776546344498891,0.3801757125663021,0.3861293184093533,calm,02,11,11,male,normal,1267
50,1.6683333333333334,True,1.0,0.48428024621666477,0.4802033096370393,0.482241777926852,0.7125440280317717,-0.06814814814814818,-0.06893518518518527,0.3813510817157105,0.4337999538402356,0.1521816266976414,0.6767887442112549,0.00407693657962549,0.000787037037037086,0.0029921439836972166,0.3990900194404734,0.1331206850905249,0.09990221758083441,0.0,0.6078075463044863,0.5942201552574156,0.2783229495635536,0.38324930548493247,0.3917218351400665,calm,02,11,11,male,normal,1267
60,2.0020000000000002,True,1.0,0.5003397419304356,0.45873453284910454,0.4795371373897701,0.7882967359950865,-0.06870370370370377,-0.07041666666666663,0.3601937446495046,0.43544688327293274,0.1508083149624396,0.6083205923521153,0.041605209081331085,0.0017129629629628607,0.007336222772953199,0.3568353359691324,0.13165324563385858,0.10182825143540537,0.0,0.6177141766256208,0.596154353022459,0.2782126573057806,0.3761186487587068,0.388256426764049,calm,02,11,11,male,normal,1267
70,2.3356666666666666,True,1.0,0.49865629790430005,0.4795269286579079,0.48909161328110395,0.681858569534145,-0.07439814814814821,-0.07560185185185186,0.36742320346979696,0.38162351427959595,0.16675636420940668,0.7172918771340777,0.019129369246392136,0.0012037037037036513,0.002188952059742305,0.4067389302996602,0.1323027488025601,0.10098293190246284,0.0,0.6729922938545552,0.5891594318274186,0.2772351042192577,0.384333529614433,0.39078991596832047,calm,02,11,11,male,normal,1267
80,2.6693333333333333,True,1.0,0.4909646830815345,0.49375459019770923,0.4923596366396219,0.6866843138206272,-0.07523148148148145,-0.07629629629629625,0.36787527443117546,0.39698249516568723,0.16539590783075772,0.7170101700739213,0.002789907116174717,0.0010648148148147962,0.004360543371035648,0.3973252304460369,0.13224327095072444,0.10106080924196537,0.0,0.6796817667362891,0.5925058012501875,0.2778414588528826,0.3907923030657533,0.395057938047994,calm,02,11,11,male,normal,1267
90,3.003,True,1.0,0.5062496664366875,0.5138063195960594,0.5100279930163734,0.45345789903601724,-0.07217592592592587,-0.07379629629629625,0.38241331498374037,0.27840892559895775,0.16049702270746358,1.1247526928092235,0.007556653159371929,0.0016203703703703831,0.0017116819138490256,0.5629344296451104,0.13305753553102562,0.10017667424314111,0.0,0.9133253630702167,0.5897122403101865,0.276857330967722,0.38363884548641186,0.3919913900197164,calm,02,11,11,male,normal,1267
100,3.336666666666667,True,1.0,0.543909209393018,0.5304659498207887,0.5371875796069033,0.41495184747280334,-0.07018518518518524,-0.07356481481481475,0.3855973584332749,0.2784089255989576,0.1632995988143311,1.2945781128064782,0.01344325957222936,0.0033796296296295103,0.0016411520620763396,0.6327044973749029,0.13296957913312718,0.10010325120401652,0.0,0.7899661555829703,0.5849143529208559,0.27712344023489244,0.38463539829567395,0.3870882735720282,calm,02,11,11,male,normal,1267
0,0.0,True,1.0,0.5535926385073592,0.566624279769919,0.5601084591386392,0.47549909259460393,-0.06064814814814812,-0.06685185185185188,0.3888171376722479,0.27579406036678294,0.16320192432621883,1.177938018939966,0.013031641262559845,0.006203703703703767,0.01884266153682054,0.592203534398603,0.13279739621350153,0.1007106217363584,0.0,0.6889621443132862,0.6042608864639606,0.27908879913323636,0.36229498797658816,0.3902180077173391,calm,02,11,11,male,strong,1268
10,0.33366666666666667,True,1.0,0.5540472261565274,0.5531049839996296,0.5535761050780785,0.4478778760870828,-0.061481481481481415,-0.06708333333333333,0.39209440955614794,0.2611172837750276,0.1652819322193933,1.2359978794095299,0.0009422421568977546,0.005601851851851913,0.026837499597324514,0.6398915010269135,0.1332306535116401,0.10013676016553327,0.0,0.5942710231994,0.6050755137680072,0.2785272136350603,0.36479085051764404,0.38979509809556234,calm,02,11,11,male,strong,1268
20,0.6673333333333333,True,1.0,0.5092765251984416,0.4860732563010489,0.49767489074974525,0.4398420293027176,-0.061018518518518416,-0.06675925925925924,0.3908237371226952,0.23773689382740126,0.16597222222222224,1.1314855279717362,0.02320326889739266,0.005740740740740824,0.02619033272094946,0.6573736971639061,0.13425228808232806,0.09876285190465514,0.0,0.6661238966046397,0.6062942835571729,0.27831959937214173,0.3677677499642913,0.3911812650401455,calm,02,11,11,male,strong,1268
30,1.0010000000000001,True,1.0,0.531129471076732,0.5226516936839093,0.5268905823803207,0.9214273200589874,-0.06504629629629638,-0.06879629629629636,0.3731481370593428,0.39996986451700556,0.16666849771129602,0.5718200132665814,0.008477777392822738,0.0037499999999999756,0.025470746408217865,0.3066518178082639,0.13068205966432705,0.10344069341039638,0.0,0.5863429766243181,0.6013872999903087,0.2806760600652013,0.3631909195463176,0.389058175977566,calm,02,11,11,male,strong,1268
40,1.3346666666666667,True,1.0,0.5512734967032381,0.5318266818291283,0.5415500892661832,0.6368391243343914,-0.06958333333333339,-0.07226851851851851,0.3749220533923811,0.35733977977714443,0.1638893544106059,0.8503718891834701,0.01944681487410982,0.002685185185185124,0.020538669869424986,0.44044174728671825,0.13299777439116775,0.10025600147134271,0.0,0.7854588124562846,0.5957488681722689,0.2795163069930467,0.380387982949574,0.38966001199328826,calm,02,11,11,male,strong,1268
50,1.6683333333333334,True,1.0,0.5427964995680264,0.5365254635011346,0.5396609815345805,0.9640064622490339,-0.06504629629629627,-0.06986111111111115,0.3568653644072211,0.44634929681292623,0.1660181837584221,0.5598105434641462,0.006271036066891833,0.004814814814814883,0.03106250213594541,0.31464822309290413,0.13219683797037585,0.10149765417096503,0.0,0.5513091134142841,0.5995540153405112,0.28162853167843344,0.3672102207089137,0.3914797124260919,calm,02,11,11,male,strong,1268
60,2.0020000000000002,True,1.0,0.5624867184325858,0.5059709980904049,0.5342288582614954,0.477425503461549,-0.06351851851851853,-0.06916666666666665,0.37778084634691106,0.21093119018342524,0.16945164844089428,1.118978467610332,0.056515720342180886,0.005648148148148124,0.02876352548514567,0.5534795685090853,0.13213276781050165,0.10139332075906819,0.0,0.9999999987499999,0.5953559277304672,0.2796013421240449,0.3750496772861882,0.38701801729333773,calm,02,11,11,male,strong,1268
70,2.3356666666666666,True,1.0,0.5456965564113501,0.5544013418363855,0.5500489491238678,0.687882417136544,-0.067037037037037,-0.07250000000000001,0.3784166783348322,0.31657790946113856,0.16875180843938387,0.7996264120451907,0.008704785425035388,0.005462962962963003,0.027715705728741175,0.43612104703709825,0.13219052472791884,0.10131800923822644,0.0,0.9999999987499999,0.5924786825667767,0.28035361549617505,0.3800984532258502,0.3870218568540192,calm,02,11,11,male,strong,1268
80,2.6693333333333333,True,1.0,0.5233797903962438,0.5260674929255031,0.5247236416608735,0.8036652228205168,-0.07689814814814816,-0.07999999999999996,0.3329690439050528,0.4381648257131425,0.17986153529316398,0.6529132115725014,0.002687702529259317,0.0031018518518518,0.029093355830442813,0.35699075422743115,0.13205947436361118,0.10167631485426527,0.0,0.6008874336048481,0.5961076931319403,0.28082430297793864,0.374712006423322,0.39286754558052217,calm,02,11,11,male,strong,1268
90,3.003,True,1.0,0.5272545855135718,0.5694380317139661,0.548346308613769,0.6535792600018365,-0.0761574074074074,-0.08277777777777778,0.37231797113977816,0.29250089034154414,0.181253788349418,0.8389897632495684,0.04218344620039427,0.0066203703703703876,0.027045673755978668,0.427755942675542,0.1315358232383375,0.10235284547304171,0.0,0.6034652587772046,0.6027568006655787,0.2796694282618671,0.37403043777316186,0.39666490138948024,calm,02,11,11,male,strong,1268
100,3.336666666666667,True,1.0,0.5330054251471822,0.5418525195933694,0.5374289723702759,0.42891495643451705,-0.07212962962962965,-0.07925925925925925,0.3822371103222732,0.1942571088390248,0.17847906182851886,1.2529965773117677,0.008847094446187254,0.007129629629629597,0.02912396193837804,0.5845132301008623,0.13342867931215605,0.09987274557464138,0.0,0.7186242453187578,0.6016520596754327,0.27915807358330985,0.3720155411439557,0.39323953073597673,calm,02,11,11,male,strong,1268
110,3.6703333333333332,True,1.0,0.5337741058767169,0.5186050289267099,0.5261895674017134,0.45523410595727765,-0.06916666666666665,-0.0773611111111111,0.37989237754168775,0.22714817460751452,0.17847393214836946,1.1558658732197336,0.015169076950007021,0.008194444444444449,0.031177965807970814,0.5519710306693956,0.13382828284333023,0.09933664219626563,0.0,0.6110327186395933,0.6019156957392332,0.27857451585913384,0.37257779600182395,0.3964216716852834,calm,02,11,11,male,strong,1268
0,0.0,True,1.0,0.47396226656654666,0.45817029074709087,0.46606627865681877,0.39852626719846085,-0.0627314814814815,-0.0666666666666666,0.38789760700756004,0.28208306904385666,0.15348017591883703,1.1694744287074155,0.015791975819455795,0.003935185185185097,0.011371161931234646,0.7174414917651699,0.13793844145406373,0.09354551908786313,0.0,0.5977516674091415,0.5452398815229217,0.24403086076348698,0.37753939277334736,0.37181852139843447,calm,02,11,11,male,strong,1269
10,0.33366666666666667,True,1.0,0.4827854429924949,0.45106026713728103,0.46692285506488795,0.40441836146058263,-0.062083333333333324,-0.06638888888888889,0.39404989725171696,0.28955945986910764,0.1527902617315046,1.1545540449216163,0.03172517585521384,0.0043055555555555625,0.010824537366840884,0.6941737042589846,0.1389128716113522,0.09209230083437346,0.0,0.5950461002538028,0.5466495735090912,0.2441438391272995,0.3855105944923184,0.3730737241677885,calm,02,11,11,male,strong,1269
20,0.6673333333333333,True,1.0,0.47527294200859016,0.46594897416294334,0.47061095808576675,0.40725692948371517,-0.06319444444444439,-0.06671296296296292,0.3912119268798159,0.26623603320200606,0.1555634027348577,1.1555628008156087,0.009323967845646819,0.003518518518518532,0.010929714927359137,0.6769543895928292,0.13830630110126785,0.09300077874862321,0.0,0.5923869324605991,0.5478179307035314,0.24421180027233422,0.3804222631540644,0.3690842033213836,calm,02,11,11,male,strong,1269
30,1.0010000000000001,True,1.0,0.5111543902674558,0.47961050059900495,0.4953824454332304,0.8039545769804392,-0.07560185185185186,-0.07657407407407402,0.39794404595012667,0.33981667061600457,0.17014068256565848,0.6161821321968585,0.03154388966845084,0.0009722222222221522,0.01387872258333989,0.34274377551046836,0.13154606284853324,0.10233968497365514,0.0,0.7071067807446058,0.6001780526507479,0.28357103021313596,0.37242022123263663,0.39743039442315803,calm,02,11,11,male,strong,1269
40,1.3346666666666667,True,1.0,0.5188683951359264,0.4975479832242974,0.5082081891801119,0.5604706193635586,-0.07624999999999998,-0.07851851851851849,0.3829693510389917,0.2790677573749462,0.17569835258094374,0.9067525961614309,0.021320411911629034,0.002268518518518503,0.014683518096299183,0.5036150538129319,0.13127496274048484,0.10212908540766691,0.0,0.733349165503106,0.5902380081798343,0.28073823865959063,0.3861680808612246,0.39588430167466987,calm,02,11,11,male,strong,1269
50,1.6683333333333334,True,1.0,0.45008791075360916,0.45737569024781183,0.4537318005007105,0.7306316761831811,-0.0748611111111111,-0.07745370370370369,0.3895699176366633,0.35188144999654947,0.1653336232044956,0.6210130429479936,0.007287779494202673,0.002592592592592591,0.01840714887237503,0.4036590127410522,0.12999237644264292,0.1039401363418111,0.0,0.9999999987499999,0.5887013072338311,0.2794659993277692,0.38364429292362257,0.395415144649436,calm,02,11,11,male,strong,1269
60,2.0020000000000002,True,1.0,0.4505042292777736,0.4588761899240634,0.45469020960091855,0.8333059662859146,-0.07069444444444445,-0.07375000000000004,0.37549776680420954,0.41584158415841554,0.16044710209113924,0.5456461707906581,0.008371960646289811,0.003055555555555589,0.013890779142666764,0.3477659920638642,0.13042923075949756,0.10320698470662946,0.0,0.9999999987499999,0.5901490828284438,0.2794479618530214,0.38482121500189026,0.3904603690820243,calm,02,11,11,male,strong,1269
70,2.3356666666666666,True,1.0,0.452836575449505,0.46499976723391107,0.45891817134170804,0.6658256146129551,-0.06574074074074077,-0.07134259259259262,0.3712027098004174,0.3057963853570699,0.16250422545588042,0.6892467956620706,0.012163191784406058,0.005601851851851858,0.008589056257290313,0.4087741391932393,0.13373849864573728,0.09907362846214464,0.0,0.5982207847408836,0.5849504790041016,0.27722181152894126,0.3933656049888159,0.39259252400101885,calm,02,11,11,male,strong,1269
80,2.6693333333333333,True,1.0,0.4487886881343785,0.4505842238840251,0.44968645600920176,0.6467197461501034,-0.06472222222222213,-0.07060185185185186,0.3785837867403615,0.2841075762162219,0.16876627525682525,0.6953343526097155,0.0017955357496465818,0.0058796296296297346,0.016536488777992363,0.39766657109185166,0.13204043234432075,0.1017010422658578,0.0,0.60022809105829,0.5987509976177973,0.28010180759996456,0.3730835614661412,0.39025472304955544,calm,02,11,11,male,strong,1269
90,3.003,True,1.0,0.46293944212576965,0.4776559439324671,0.4702976930291184,0.3509067334289872,-0.06310185185185174,-0.06879629629629619,0.39054925218521463,0.18041368207963826,0.16180555555555554,1.340235590333271,0.014716501806697424,0.005694444444444446,0.014770716003635848,0.7123346724614829,0.13277131223483474,0.10074500691859398,0.0,0.6560674748060162,0.5937742366165216,0.27848816819923955,0.37097782446888916,0.3903890561768227,calm,02,11,11,male,strong,1269
100,3.336666666666667,True,1.0,0.48454527628507255,0.4896046211057601,0.48707494869541634,0.3568106704794078,-0.06407407407407406,-0.06990740740740731,0.3971460474708416,0.20165195903821417,0.16389307853674048,1.365079547764047,0.005059344820687539,0.005833333333333246,0.006652348926111105,0.6881054308825401,0.1331157707431494,0.09990876566107192,0.0,0.808506102590225,0.5803958308792266,0.2774692412368715,0.3903200824975381,0.3856743030403235,calm,02,11,11,male,strong,1269
110,3.6703333333333332,True,1.0,0.4923829870815244,0.47866157743980325,0.48552228226066385,0.35044790178970203,-0.06462962962962965,-0.06874999999999998,0.40783012119977663,0.21606112693814739,0.16182252924949747,1.3854335545487664,0.013721409641721138,0.00412037037037033,0.006713149396411652,0.751891034624677,0.13382368667180586,0.09895853051677674,0.0,0.9999999987499999,0.5822489139562075,0.2768898591133605,0.389091318502453,0.38616629242521516,calm,02,11,11,male,strong,1269
0,0.0,True,1.0,0.4986562979042997,0.4932974090975797,0.4959768535009397,0.5356514895854092,-0.06486111111111115,-0.0665277777777778,0.37129942353403705,0.35430902658442104,0.15834537928752473,0.9259319970991261,0.00535888880672003,0.0016666666666666496,0.004718915964745851,0.5565999047029605,0.13444970627588543,0.09849393003700718,0.0,0.6682274863570946,0.6012889761138831,0.2792950897064045,0.3668777601502198,0.39069604832404786,calm,02,11,11,male,strong,1270
10,0.33366666666666667,True,1.0,0.5285141310381054,0.5073770623333945,0.51794559668575,0.5356514895854092,-0.06444444444444442,-0.06768518518518524,0.3723803655014168,0.3409388746378392,0.15975278994936187,0.9669451252467095,0.021137068704710882,0.0032407407407408217,0.0027697038021294294,0.5387608278494402,0.1340550257443019,0.0990304389795477,0.0,0.6918318811291211,0.6005129459205557,0.2791900235084325,0.36726714847527175,0.3904584521469826,calm,02,11,11,male,strong,1270
20,0.6673333333333333,True,1.0,0.498523782870096,0.5018452124430101,0.500184497656553,0.5356514895854093,-0.0640277777777778,-0.06657407407407412,0.3703384136793464,0.35430902658442104,0.1590354536296491,0.9337871869705665,0.0033214295729140364,0.0025462962962963243,0.0011813932354010639,0.5526683028974327,0.13385943265112296,0.09929466280737032,0.0,0.8645161071331869,0.5995834345456934,0.27926358736128837,0.36749136195638593,0.39123438945048183,calm,02,11,11,male,strong,1270
30,1.0010000000000001,True,1.0,0.47763973857533565,0.46587919805886624,0.4717594683171009,1.0127464044676089,-0.0681944444444445,-0.06902777777777774,0.35317503716888116,0.5201851898240041,0.15907574577540337,0.4658219137940069,0.011760540516469409,0.0008333333333332416,0.0028092358911649797,0.3058018224144356,0.13133524917381467,0.10261008769055782,0.0,0.6566146550154917,0.5994563558157638,0.28144152031409514,0.3698926285789956,0.39109981247798475,calm,02,11,11,male,strong,1270
40,1.3346666666666667,True,1.0,0.5353033620946935,0.5303739381730402,0.5328386501338669,0.5487129988800596,-0.06648148148148142,-0.06870370370370371,0.3825252604359913,0.3263515689688015,0.1597699817258156,0.9710698511269228,0.004929423921653298,0.002222222222222292,0.004089437119030079,0.5240647726966684,0.13303372347163003,0.10001798986061632,0.0,0.6426048885262086,0.5891953404408639,0.27893106988012334,0.38048761952133053,0.3907833736696477,calm,02,11,11,male,strong,1270
50,1.6683333333333334,True,1.0,0.5584549626331063,0.5161290322580642,0.5372919974455852,0.7317959405265405,-0.06745370370370368,-0.07018518518518513,0.37910267468685943,0.39838659473610455,0.1556045939336626,0.7342101365839688,0.042325930375042176,0.002731481481481446,0.003671671929622226,0.38194053930165656,0.13250995295042017,0.10071088444400772,0.0,0.6341698713491546,0.5894879651157339,0.28102197990038913,0.38370946253573873,0.39140302013387607,calm,02,11,11,male,strong,1270
60,2.0020000000000002,True,1.0,0.5203022266635727,0.5220458553791888,0.5211740410213808,0.5824058480618122,-0.06620370370370365,-0.07004629629629627,0.36778599308002013,0.331722379001978,0.16115845901633363,0.894864024384019,0.0017436287156160635,0.0038425925925926196,0.001294768763769853,0.445222672472782,0.13278738060406678,0.10015476764129319,0.0,0.669796870071979,0.5905379176670669,0.27861435926613504,0.3804899494524966,0.38951749986916107,calm,02,11,11,male,strong,1270
70,2.3356666666666666,True,1.0,0.5286330418121419,0.5219555369807398,0.5252942893964408,0.6539002749451076,-0.06898148148148142,-0.07203703703703701,0.3732135816084613,0.3134194266739903,0.16048513825490024,0.8033247721765177,0.006677504831402059,0.003055555555555589,0.010190839667063818,0.426448720643444,0.1333080467255365,0.0996520674884005,0.0,0.7858651264646802,0.5880002010882478,0.28031727205361756,0.3858286071783271,0.3930296232595256,calm,02,11,11,male,strong,1270
80,2.6693333333333333,True,1.0,0.5382485473447097,0.5362726582939173,0.5372606028193135,0.7371009575127428,-0.06754629629629627,-0.07111111111111101,0.3649551846965555,0.3615489753838405,0.16324118808252217,0.7288833332034106,0.0019758890507923788,0.003564814814814743,0.005244854269013733,0.3870032142480674,0.132914937305559,0.0999854257877025,0.0,0.880329834718084,0.588459136756265,0.28004343931344455,0.3838463065508989,0.39194047146126376,calm,02,11,11,male,strong,1270
90,3.003,True,1.0,0.5518713552298242,0.5304659498207887,0.5411686525253064,0.4771736536760897,-0.0673611111111111,-0.07023148148148145,0.37371096405261844,0.3047121964587908,0.15907574577540345,1.1341125989589047,0.02140540540903557,0.0028703703703703565,0.006319151123822532,0.5805048213720981,0.13350290836113513,0.09939086142919414,0.0,0.7356784228804312,0.5888961143129127,0.27957249604547507,0.38245720116114446,0.392305873399659,calm,02,11,11,male,strong,1270
100,3.336666666666667,True,1.0,0.5493902926761327,0.5446983408630955,0.5470443167696142,0.4536247831275615,-0.06550925925925921,-0.06949074074074069,0.37892139232860755,0.28509876114722943,0.16115845901633363,1.2059401009750004,0.004691951813037165,0.003981481481481475,0.004337109531623313,0.5792016699631423,0.13384240965603114,0.09874044412755738,0.0,0.6461205018333339,0.5882886900072529,0.2779337012348028,0.38020920145198045,0.38992692827694186,calm,02,11,11,male,strong,1270
110,3.6703333333333332,True,1.0,0.4937545901977087,0.485923676706182,0.4898391334519453,0.4441014562879131,-0.06518518518518529,-0.06907407407407418,0.39148837137395703,0.2790053949550956,0.16323230782131176,1.102989252830507,0.007830913491526703,0.003888888888888886,0.005988814767903615,0.5950215642677639,0.13760360750337686,0.09403735945995617,0.0,0.6605829962189229,0.5464336200495823,0.24463937112382683,0.38058633443867146,0.37333716159061564,calm,02,11,11,male,strong,1270
0,0.0,True,1.0,0.49994579963064034,0.522079465324721,0.5110126324776807,0.44874171681741,-0.06388888888888894,-0.06694444444444442,0.38534490712553765,0.3075497722688282,0.16113431332307035,1.1387678330909634,0.022133665694080706,0.003055555555555478,0.00259435138867095,0.6482114873147482,0.13477990266068177,0.09804160142833417,0.0,0.5878088666773299,0.6013147512286166,0.27873524073146905,0.3721666798089184,0.3992993665895816,calm,02,11,11,male,strong,1271
10,0.33366666666666667,True,1.0,0.5285141310381054,0.5218089799097668,0.5251615554739362,0.4555635662548037,-0.06537037037037041,-0.0693981481481481,0.38082118486538663,0.3120239877661245,0.1604399693065449,1.1527733874578663,0.006705151128338582,0.004027777777777686,0.005519350484768209,0.6159844414504594,0.13438308472045493,0.09858480771775197,0.0,0.6159169835431632,0.6014079702115221,0.2781871805436263,0.3719293190163339,0.39857001442515777,calm,02,11,11,male,strong,1271
20,0.6673333333333333,True,1.0,0.5285141310381054,0.5214574810734196,0.5249858060557625,0.4519824057692812,-0.06564814814814818,-0.07050925925925933,0.3814668266754878,0.30977081192658673,0.16321735049979055,1.1615182346804591,0.007056649964685802,0.004861111111111149,0.005505740163309739,0.6482114873147485,0.13523186284520305,0.09741725228757835,0.0,0.6965327120052756,0.6014366022424595,0.27892231673048984,0.37471150726584646,0.39897060819630475,calm,02,11,11,male,strong,1271
30,1.0010000000000001,True,1.0,0.506126130639573,0.5020514758165815,0.5040888032280773,0.9453863582346174,-0.06513888888888891,-0.0672685185185185,0.3740093597818672,0.4458387635160389,0.16113431332307035,0.5332093052087146,0.004074654822991519,0.0021296296296295925,0.0066041850350363656,0.3116981457276629,0.1313530409256797,0.10258731116001484,0.0,0.6669240112422286,0.5967834662067952,0.2821992094714575,0.3734758805097599,0.39401743287720364,calm,02,11,11,male,strong,1271
40,1.3346666666666667,True,1.0,0.5211887142370726,0.5102818278791491,0.5157352710581109,0.5780886056012464,-0.06611111111111106,-0.06837962962962962,0.3817033179413485,0.3271748299229633,0.15627392394971282,0.8921387933632001,0.010906886357923473,0.0022685185185185586,0.0005553006595465654,0.5037955137209253,0.13236215336846802,0.10090505553296311,0.0,0.6603881062600172,0.5903948695103043,0.27837948586522515,0.38213185532074034,0.39003377713009546,calm,02,11,11,male,strong,1271
50,1.6683333333333334,True,1.0,0.4827854429924937,0.45859287577414676,0.47068915938332023,0.620221899128525,-0.06541666666666668,-0.06763888888888892,0.3794386756418859,0.3613992805810175,0.15489263817098564,0.7589044502373852,0.02419256721834695,0.0022222222222222365,0.0011114364165357438,0.4723796239627627,0.13473995376730513,0.09790208722481104,0.0,0.9999999987499999,0.5875360734371875,0.28027555675047466,0.3837183528574619,0.3873051338595395,calm,02,11,11,male,strong,1271
60,2.0020000000000002,True,1.0,0.5121137924313959,0.4861748359132279,0.49914431417231186,0.5227186794409122,-0.06462962962962954,-0.06907407407407401,0.369775268075202,0.30798181942083175,0.15905128390421408,0.9549004728627357,0.025938956518167966,0.004444444444444473,0.0024563619806992837,0.524407173710434,0.1336433128227388,0.09920198997187409,0.0,0.6583958903873667,0.5943811992687701,0.27703377406545754,0.38394063393747196,0.39448266935365767,calm,02,11,11,male,strong,1271
70,2.3356666666666666,True,1.0,0.5111543902674546,0.4872549305100314,0.499204660388743,0.7040492882259762,-0.06773148148148145,-0.06800925925925927,0.38633154992582575,0.3833058941903295,0.15490101146767424,0.7090478873242111,0.02389945975742319,0.0002777777777778212,0.007028612004007714,0.40467863908338625,0.13238524433574755,0.10068571403705777,0.0,0.8332681146946046,0.5911540697919794,0.27892721820263233,0.3835263492970796,0.39369468476519714,calm,02,11,11,male,strong,1271
80,2.6693333333333333,True,1.0,0.48579452695431175,0.4809497178576402,0.48337212240597593,0.7720764381488591,-0.06486111111111109,-0.06814814814814818,0.33450392865810746,0.4450123272198361,0.1583569425414784,0.6260677033026879,0.004844809096671565,0.0032870370370370883,0.01077527890594828,0.3719378378435676,0.1336973087378326,0.09912920615518776,0.0,0.5764579155426123,0.5905959968127875,0.2787725614299171,0.38981835006126214,0.394492228774755,calm,02,11,11,male,strong,1271
90,3.003,True,1.0,0.5067222600363995,0.4947421139479735,0.5007321869921866,0.6232250406217064,-0.06717592592592586,-0.07027777777777777,0.38307767293826783,0.3240405993865908,0.15489263817098578,0.8034532542092253,0.011980146088426014,0.003101851851851911,0.0006964943909960451,0.44890713608113075,0.13374953815499985,0.09905872460238214,0.0,0.6374355971452713,0.5915745285067152,0.2783665686365064,0.38503799683610174,0.39208475472373705,calm,02,11,11,male,strong,1271
100,3.336666666666667,True,1.0,0.5089044281718468,0.524623497371248,0.5167639627715475,0.42110571207439923,-0.06490740740740747,-0.06912037037037039,0.3884911316837794,0.26735564662015715,0.15487342713271865,1.227159708249808,0.015719069199401248,0.004212962962962918,0.015167986597993885,0.6357241887925438,0.13351994266738676,0.0993679766657631,0.0,0.7071067807446058,0.5930214271724316,0.2774988744091975,0.38041428894077844,0.3869020109980163,calm,02,11,11,male,strong,1271
110,3.6703333333333332,True,1.0,0.5130176330944648,0.498516117056928,0.5057668750756964,0.3783491127601897,-0.06240740740740747,-0.06662037037037033,0.3924300132516916,0.24523815819189085,0.15697555308701827,1.3367729909182273,0.014501516037536799,0.004212962962962863,0.01117124863205909,0.6989570940098,0.13524647524639347,0.09700495250339047,0.0,0.6370866033779743,0.591261883761317,0.27706890597050027,0.383281377000828,0.38756842385584284,calm,02,11,11,male,strong,1271
0,0.0,True,1.0,0.5353033620946924,0.5271960708459283,0.5312497164703104,0.44314021763870515,-0.06148148148148147,-0.06490740740740747,0.38357540407632357,0.2798765122433216,0.16186259896408314,1.1988298405888347,0.008107291248764081,0.003425925925925999,0.0035519100916720165,0.663557150227842,0.13544736082468106,0.09711740429778111,0.0,0.557818792975893,0.6051647581532612,0.27955728403928803,0.36287747081356847,0.3875548492158468,happy,03,11,11,male,normal,1272
10,0.33366666666666667,True,1.0,0.528758555601733,0.5291149758732773,0.5289367657375051,0.4586054713797775,-0.06314814814814818,-0.06638888888888889,0.37805143120328,0.27502124857893306,0.16115845901633363,1.15335903897118,0.0003564202715442555,0.0032407407407407107,0.00628620910614173,0.6163816606624716,0.1335309274263986,0.09916126940331214,0.0,0.6044283539644688,0.5989582826880753,0.27770134383887685,0.3776447046675119,0.3876874892726996,happy,03,11,11,male,normal,1272
20,0.6673333333333333,True,1.0,0.5608748490220141,0.5584549626331063,0.5596649058275602,0.7226146592073515,-0.0647685185185185,-0.06763888888888886,0.37134060770015787,0.34093887463783906,0.16603840280378723,0.7744997955638852,0.002419886388907777,0.0028703703703703565,0.004389678667531237,0.4179468746700121,0.13164177181060907,0.10221654311305746,0.0,0.6225413544528176,0.6060738203093737,0.28023500058202794,0.360771388853338,0.38483357191393697,happy,03,11,11,male,normal,1272
30,1.0010000000000001,True,1.0,0.47612541574905526,0.4875215885217361,0.4818235021353957,0.8040784734662383,-0.06750000000000006,-0.07097222222222216,0.38793717796126054,0.4272931159547377,0.15417903816140746,0.5992244762608069,0.011396172772680846,0.003472222222222099,0.009350926809332067,0.353729886920573,0.13045294765695672,0.10317700507550442,0.0,0.6346896034814395,0.6035728789719013,0.28465128637277676,0.3731145556471892,0.39940384204450674,happy,03,11,11,male,normal,1272
40,1.3346666666666667,True,1.0,0.45246741035397475,0.4515386986574883,0.4520030545057315,0.9711810497885232,-0.06893518518518521,-0.07120370370370371,0.3650730755827713,0.47154210011021325,0.1576626020867475,0.4654158507357163,0.0009287116964864506,0.002268518518518503,0.008243682985521951,0.316654287176232,0.12976049649977137,0.10422947483432267,0.0,0.9999999987499999,0.5989602044333359,0.2818555426460303,0.38008858545381485,0.39672760684053665,happy,03,11,11,male,normal,1272
50,1.6683333333333334,True,1.0,0.5128924763089958,0.4923214059965591,0.5026069411527775,0.773080246829304,-0.0641666666666666,-0.06953703703703706,0.3782091964165417,0.34646027175399535,0.16180744160947755,0.6501355366589169,0.020571070312436712,0.00537037037037047,0.010631212225746471,0.3677590283062765,0.13165849981412778,0.10163417415145265,0.0,0.9999999987499999,0.5973960701077305,0.2809382258274631,0.38179521848807335,0.3913121561017859,happy,03,11,11,male,normal,1272
60,2.0020000000000002,True,1.0,0.4825213754940687,0.48578714771650133,0.484154261605285,0.6973296015384638,-0.062361111111111145,-0.0669907407407408,0.37444887183675934,0.28905087230610255,0.16323230782131182,0.6942975897439795,0.003265772222432628,0.00462962962962965,0.010751062050070878,0.38891093812403404,0.1321295303527019,0.10120947132090563,0.0,0.9999999987499999,0.5958314887439351,0.27886153453814044,0.3788220305615465,0.38746697359228066,happy,03,11,11,male,normal,1272
70,2.3356666666666666,True,1.0,0.5060276798407015,0.4826464627303823,0.49433707128554194,0.3683306769531745,-0.06009259259259264,-0.065,0.3889797307643789,0.1896261752912606,0.16878661712096912,1.342101275339568,0.023381217110319208,0.00490740740740736,0.0162644011530334,0.6983965498578806,0.13363602528812957,0.0992118068663327,0.0,0.9999999987499999,0.5917931391931772,0.27718059910201887,0.38121195005585345,0.3839497594584767,happy,03,11,11,male,normal,1272
80,2.6693333333333333,True,1.0,0.5002440810494402,0.4623259935481087,0.4812850372987745,0.3848089069826048,-0.05870370370370365,-0.06342592592592594,0.3950017801186841,0.18570934695357424,0.1687721520471924,1.2507117911398316,0.037918087501331466,0.004722222222222294,0.014064856465342827,0.6546819055769068,0.13358060812197103,0.09928640899067935,0.0,0.9823636424272074,0.5931058823060473,0.27727974588740345,0.38035726083622207,0.3855864259959236,happy,03,11,11,male,normal,1272
90,3.003,True,1.0,0.5363901137659647,0.49585018420758986,0.5161201489867773,0.38031750204975784,-0.057962962962962994,-0.0618055555555555,0.38742416968679777,0.1896261752912606,0.1687721520471924,1.3570770374886718,0.04053992955837482,0.0038425925925925086,0.020941758784363253,0.6989570940098019,0.13458323893764343,0.09772828519026552,0.0,0.6821277746986059,0.5920977250822204,0.2779403830630381,0.38418178031989286,0.3860672975562759,happy,03,11,11,male,normal,1272
0,0.0,True,1.0,0.5305919271366294,0.521146812109769,0.5258693696231992,0.3847415575303608,-0.05995370370370373,-0.06259259259259259,0.42853974596537964,0.12778393423426043,0.16947325859287188,1.3668119789261435,0.009445115026860407,0.0026388888888888573,0.007056869285948584,0.7190512571617876,0.13360415322328695,0.09963788442711079,0.0,0.626804173469678,0.6056031658991722,0.278035361956194,0.36891229486837834,0.39467131354928353,happy,03,11,11,male,normal,1273
10,0.33366666666666667,True,1.0,0.5163809868897461,0.521146812109769,0.5187638994997575,0.36290364986733625,-0.060185185185185175,-0.06148148148148147,0.4276515205507826,0.13427234209181865,0.1673980320418562,1.4294810749062399,0.00476582522002289,0.0012962962962962954,0.004190787612783126,0.7482511796914747,0.13251523944118487,0.10070392838528665,0.0,0.6424559580265659,0.6053497895720789,0.27885179088506823,0.3688933703522809,0.396615458495204,happy,03,11,11,male,normal,1273
20,0.6673333333333333,True,1.0,0.5502745440524248,0.5389050230515653,0.544589783551995,0.3739640052693574,-0.05824074074074076,-0.0602314814814815,0.4282360383465849,0.12823353409694446,0.16740669132805946,1.4562625704036407,0.011369521000859528,0.0019907407407407374,0.006774235556998427,0.7249852088085597,0.13148580084151656,0.10223090531162318,0.0,0.7071067807446058,0.6067294477712961,0.2783080327762813,0.368752947553246,0.3995000863101736,happy,03,11,11,male,normal,1273
30,1.0010000000000001,True,1.0,0.4342179441593973,0.4516922679844146,0.4429551060719059,0.8439574912991715,-0.0650925925925927,-0.06814814814814807,0.41564338678843404,0.36819971246786026,0.15419091386249625,0.5248547594382148,0.01747432382501729,0.003055555555555367,0.0088161926765633,0.3587279240336266,0.1277839949179055,0.10646462591531135,0.0,0.6615346646400724,0.5945938112276161,0.2802827286291789,0.374540301557948,0.39414994594150915,happy,03,11,11,male,normal,1273
40,1.3346666666666667,True,1.0,0.3835116712615898,0.3806775972978759,0.3820946342797329,0.6965787500520294,-0.06185185185185188,-0.06597222222222221,0.3936591496302933,0.3604834318697341,0.15215555505477873,0.548530419929108,0.002834073963713879,0.00412037037037033,0.0024409958467038334,0.3898245304030739,0.1296599561453614,0.1043545190613945,0.0,0.5424325510611926,0.5974427325070654,0.28288178913515566,0.3705302900313843,0.3850584199195901,happy,03,11,11,male,normal,1273
50,1.6683333333333334,True,1.0,0.4354971034010171,0.38080079628716207,0.40814894984408956,0.534023299546132,-0.062361111111111145,-0.06398148148148142,0.3899534523653094,0.2791014147443711,0.1604471020911392,0.7642905285049857,0.054696307113855036,0.001620370370370272,0.012926713986653,0.5233155880858058,0.13080023580595013,0.10273638226950872,0.0,0.6806305724320256,0.5968771694615347,0.275581730310248,0.3708109871486208,0.3765147980231771,happy,03,11,11,male,normal,1273
60,2.0020000000000002,True,1.0,0.47247537316867105,0.44295973719901954,0.45771755518384527,0.6377202291288757,-0.06310185185185185,-0.06481481481481488,0.38072786864704866,0.2730209892953592,0.16603840280378732,0.7177403730928943,0.02951563596965151,0.0017129629629630272,0.009257620045093987,0.4627597182929405,0.13255353734728137,0.10084261777981504,0.0,0.9999999987499999,0.5923317921152838,0.27818391983517804,0.37971999759090586,0.38419095112751567,happy,03,11,11,male,normal,1273
70,2.3356666666666666,True,1.0,0.5081844632883208,0.4883628356051703,0.49827364944674557,0.4312286894187949,-0.058333333333333404,-0.060972222222222205,0.4134568591177987,0.09541023165423156,0.1805825967998447,1.1554742568689322,0.01982162768315049,0.002638888888888802,0.014627088994659037,0.6432019303796125,0.1295868632825398,0.10480945871285582,0.0,0.6246969924164716,0.603804189496111,0.27692887448730286,0.3698176175658136,0.39574522727616923,happy,03,11,11,male,normal,1273
80,2.6693333333333333,True,1.0,0.5000511972631876,0.46233184143176786,0.4811915193474777,0.3787122587760301,-0.059120370370370434,-0.06050925925925921,0.4277079637421927,0.08238635504921613,0.18058977894973996,1.2705992694893293,0.03771935583141972,0.001388888888888773,0.006652641049767478,0.7227663223471561,0.1309039877853028,0.10315970023793901,0.0,0.6194621059029105,0.6013533870813951,0.27591880366797755,0.3727438385434172,0.3998849404666256,happy,03,11,11,male,normal,1273
90,3.003,True,1.0,0.5078583233935294,0.46198898656154685,0.48492365497753814,0.33557878831624816,-0.057083333333333264,-0.05916666666666659,0.4198846845904867,0.10087954907905815,0.17986789790391566,1.4450366705554345,0.04586933683198258,0.002083333333333326,0.016869619073297235,0.8422384882530994,0.13190068354808696,0.1018822234294195,0.0,0.6415449911109377,0.603583619260204,0.2764629189700683,0.3744017997768176,0.40297991780343945,happy,03,11,11,male,normal,1273
0,0.0,True,1.0,0.5100652576109047,0.5119018745423832,0.510983566076644,0.3664182524523391,-0.05731481481481476,-0.06263888888888897,0.39728902632183993,0.17636155186138713,0.16946065300579047,1.394536332883987,0.0018366169314785186,0.005324074074074203,0.007638738862031291,0.7612184540305053,0.13371606273957667,0.09948764916861283,0.0,0.9999999987499999,0.609085984448467,0.27979548432763207,0.3676576729404966,0.4004578373660541,happy,03,11,11,male,normal,1274
10,0.33366666666666667,True,1.0,0.530585299735934,0.5175328856398325,0.5240590926878832,0.3664243272437174,-0.05763888888888885,-0.06324074074074076,0.40026825827002144,0.18235657916832934,0.17085521526842073,1.4301973251337083,0.013052414096101583,0.005601851851851913,0.005403704369870179,0.7599406336409,0.13292226625797732,0.10054575527800731,0.0,0.7071067807446058,0.6069596653661464,0.28010328698680337,0.3676937047838973,0.3979985171597971,happy,03,11,11,male,normal,1274
20,0.6673333333333333,True,1.0,0.5220458553791893,0.5113264528942092,0.5166861541366993,0.37490644384406174,-0.05791666666666667,-0.06143518518518509,0.40565992397473893,0.15552903627555117,0.17015503129913073,1.3781735753563342,0.010719402484980156,0.003518518518518421,0.008665819869488745,0.758433988334279,0.13356939357954015,0.09968447657688537,0.0,0.6223877261204022,0.6089141829466161,0.27967817172631104,0.3706214693183233,0.39942648955965615,happy,03,11,11,male,normal,1274
30,1.0010000000000001,True,1.0,0.4415105830000559,0.42218817823753546,0.4318493806187957,0.99718722223105,-0.06287037037037035,-0.06532407407407409,0.4108628063305142,0.35844070829240915,0.1597394172884935,0.43306750326443255,0.01932240476252045,0.0024537037037037357,0.004115352857624068,0.3009511713387852,0.12876055949692583,0.10564275716591572,0.0,0.9219991119104928,0.5990132979207309,0.28299448722816295,0.39113808411371065,0.40361184194972505,happy,03,11,11,male,normal,1274
40,1.3346666666666667,True,1.0,0.4541377651708888,0.42882617187859684,0.4414819685247428,0.4775163094978775,-0.05986111111111103,-0.06421296296296292,0.41871248460305205,0.3155754383679598,0.15281822208708182,0.9245379890562778,0.025311593292291934,0.0043518518518518845,0.021081554489029732,0.6113910103254969,0.1310558541285052,0.10278150087660694,0.0,0.7071067807446058,0.5964872045693278,0.281909029357533,0.3812881179665962,0.39229665713634676,happy,03,11,11,male,normal,1274
50,1.6683333333333334,True,1.0,0.4413554734779446,0.40797971598988,0.4246675947339123,0.7477194899890103,-0.06379629629629635,-0.06749999999999995,0.4017583262446902,0.31727923400212343,0.1576626020867475,0.5679504151217911,0.03337575748806465,0.003703703703703598,0.014980553906891058,0.38949784296349144,0.131334385342689,0.10242535355357854,0.0,0.9999999987499999,0.5979254928377601,0.2801175164744817,0.3787010345757697,0.38695806678404815,happy,03,11,11,male,normal,1274
60,2.0020000000000002,True,1.0,0.45096499912664845,0.44184060054127483,0.44640279983396164,0.6660395981357589,-0.06245370370370368,-0.06384259259259262,0.40410800280486175,0.22787137168423216,0.16813226075504387,0.6702346243127895,0.009124398585373616,0.0013888888888889395,0.007897258426993117,0.4123890164923836,0.1303078186545138,0.10372823251752572,0.0,0.6966739672587616,0.5971012697891657,0.28037280910747986,0.3869917103042201,0.39834771080267484,happy,03,11,11,male,normal,1274
70,2.3356666666666666,True,1.0,0.47324386655414996,0.4707318730451767,0.47198786979966334,0.3881727740462723,-0.058148148148148115,-0.06060185185185185,0.4112415552385552,0.10875435004711491,0.17015009905848222,1.2159221392054658,0.0025119935089732426,0.0024537037037037357,0.015235746573140578,0.6719253747940748,0.13582762893438452,0.09658484865686376,0.0,0.5686037859515082,0.5524244061609017,0.2499429781700348,0.38097547200494686,0.3668323061569416,happy,03,11,11,male,normal,1274
80,2.6693333333333333,True,1.0,0.5278054288657607,0.5053737596962476,0.5165895942810041,0.33555272743919534,-0.05495370370370367,-0.05879629629629629,0.41909060711791496,0.07154413993084936,0.17569618140473187,1.5395183887295747,0.022431669169513002,0.0038425925925926196,0.015128907561428985,0.786814898809329,0.132300817774689,0.10136208061999837,0.0,0.6696182460946339,0.6061093684270583,0.27877429283429306,0.37738339835063517,0.40194662688963073,happy,03,11,11,male,normal,1274
90,3.003,True,1.0,0.5305852997359335,0.48790348802243727,0.5092443938791854,0.3720289525777404,-0.05736111111111114,-0.060324074074073974,0.4183658283158131,0.10756661319626747,0.17361506614418626,1.3688300073171644,0.04268181171349622,0.002962962962962834,0.013258742111054593,0.6986161129061439,0.1325644296318656,0.10101707661530974,0.0,0.5827955403289493,0.6047207573576305,0.2775611735506394,0.37607752487393525,0.4033967236429143,happy,03,11,11,male,normal,1274
0,0.0,True,1.0,0.5555555555555566,0.5310521924848053,0.543303874020181,0.42166380335331777,-0.05898148148148158,-0.0631944444444445,0.4026083858434468,0.18635215980195774,0.1736326429790066,1.2884764347793434,0.024503363070751294,0.004212962962962918,0.0096412318758708,0.6760189914078361,0.13352162810832685,0.09974844659937693,0.0,0.6353763305783884,0.596492673835159,0.27167950003470365,0.37376795404701235,0.3958738810036959,happy,03,11,11,male,normal,1275
10,0.33366666666666667,True,1.0,0.51388888888889,0.5080934774618115,0.5109911831753507,0.4010375591599043,-0.0584722222222222,-0.06273148148148155,0.4135213351343403,0.17654218939117738,0.17502789956175552,1.274172883571748,0.005795411427078401,0.0042592592592593514,0.011590363106602278,0.7152836118783656,0.13348506900631582,0.09979736531567807,0.0,0.7071067807446058,0.5938092952493498,0.273303089435366,0.37654418403572154,0.3989858863769091,happy,03,11,11,male,normal,1275
20,0.6673333333333333,True,1.0,0.5195776634804574,0.5307129907297041,0.5251453271050808,0.417904652467086,-0.059675925925925966,-0.06291666666666662,0.4059972474284608,0.1908204633084632,0.1736326429790066,1.2566151728747288,0.011135327249246707,0.003240740740740655,0.007149906666208056,0.6796309308750986,0.1337109677306824,0.09949449673303785,0.0,0.7134936347552208,0.5936343491928021,0.27467414163777565,0.3722056951996663,0.39441140674524877,happy,03,11,11,male,normal,1275
30,1.0010000000000001,True,1.0,0.4636535846366817,0.48473695878881223,0.474195271712747,1.1279990003761997,-0.06847222222222221,-0.07305555555555554,0.38335873205671456,0.48760415533432466,0.16876130242820966,0.4203862517206113,0.02108337415213052,0.004583333333333328,0.006080553562802854,0.2690339527959271,0.1303449082376358,0.10368162190237801,0.0,0.7831006329142448,0.5848151527876775,0.27812920514253897,0.39172385365154383,0.395589898770018,happy,03,11,11,male,normal,1275
40,1.3346666666666667,True,1.0,0.4915728036103072,0.4780379871158019,0.48480539536305456,0.5622981332199426,-0.06351851851851847,-0.06875000000000009,0.40210331287127704,0.3284167424391693,0.16326175104347274,0.8621856746826922,0.013534816494505275,0.005231481481481615,0.01320173733850396,0.5206859888891039,0.1333640868363158,0.09976820218134914,0.0,0.7512793756277358,0.5836722719634729,0.2757031859527797,0.38707088730149936,0.38454242004571215,happy,03,11,11,male,normal,1275
50,1.6683333333333334,True,1.0,0.4576276618858131,0.4440343076229072,0.4508309847543601,0.48639611861319465,-0.06375000000000003,-0.0675,0.3993439434362421,0.2183392009294128,0.16948091152760264,0.9268803090776355,0.013593354262905921,0.0037499999999999756,0.003900862617552571,0.5699127002262174,0.1322257740763628,0.10108370069588653,0.0,0.984112093269724,0.58784551136861,0.27501923237722464,0.3795788880861854,0.38230322592566934,happy,03,11,11,male,normal,1275
60,2.0020000000000002,True,1.0,0.46542319546208716,0.455794917316097,0.4606090563890921,0.6532777866411213,-0.06259259259259259,-0.0647685185185185,0.3855986443908221,0.2132598816019973,0.17644121757180892,0.7050738075105071,0.009628278145990155,0.0021759259259259145,0.015932442128128346,0.41225059233801037,0.1346660227746626,0.09819796373598677,0.0,0.6569126404663601,0.5552466800313876,0.24577738544220146,0.37535203415436175,0.35386517833678577,happy,03,11,11,male,normal,1275
70,2.3356666666666666,True,1.0,0.508184463288322,0.49621544855810645,0.5021999559232142,0.5290264383438841,-0.06120370370370365,-0.06467592592592597,0.4033927336608756,0.16183952968540896,0.1729276967647946,0.9492908473446996,0.011969014730215555,0.003472222222222321,0.015731949068130732,0.5270156171049711,0.13263775234148717,0.10092078292081523,0.0,0.6287481535576136,0.5930698472982944,0.27657552407643976,0.3762562370991338,0.39085404687759456,happy,03,11,11,male,normal,1275
80,2.6693333333333333,True,1.0,0.48617483591322735,0.450971060638752,0.46857294827598966,0.39701571355235526,-0.05888888888888888,-0.06236111111111109,0.4047738485978124,0.11968349287774738,0.17711090471635124,1.1802377897926652,0.03520377527447538,0.00347222222222221,0.019429577314365086,0.6889152261732855,0.13322675265796746,0.100141949989676,0.0,0.6199633745643097,0.5971553474280338,0.2735725837460726,0.3774221557986413,0.39448095389734494,happy,03,11,11,male,normal,1275
90,3.003,True,1.0,0.49980721032635916,0.47165406521405956,0.48573063777020936,0.418141271290555,-0.0598611111111112,-0.0637037037037036,0.40730527562963487,0.14885633885281166,0.17917731201720288,1.1616424187716412,0.028153145112299605,0.0038425925925923976,0.01509199088798816,0.635072616102106,0.13213997035799366,0.10157167914989877,0.0,0.6159602053349772,0.5944720082798745,0.27521416315363023,0.376316660059039,0.39655903692813005,happy,03,11,11,male,normal,1275
0,0.0,True,1.0,0.5448176417443911,0.5337050984542286,0.5392613700993099,0.4075916505764977,-0.0593981481481482,-0.06305555555555548,0.39263127374464013,0.19694098285180217,0.16806281908660348,1.323043220675837,0.011112543290162424,0.003657407407407276,0.01122499990920204,0.7216264695918163,0.13372712251918242,0.099472782580767,0.0,0.9999999987499999,0.6074753051298645,0.2781049197763123,0.369847752833095,0.39879272069705557,happy,03,11,11,male,strong,1276
10,0.33366666666666667,True,1.0,0.5391825286563281,0.5115281324049195,0.5253553305306238,0.3583793796132382,-0.05925925925925929,-0.06347222222222226,0.4044549861599001,0.17271856646069492,0.16737752141912063,1.4659195266691556,0.02765439625140864,0.004212962962962974,0.010267867469787684,0.758319974761448,0.13258943780698657,0.10098425002670329,0.0,0.9999999987499999,0.6066156255783565,0.27834079312353904,0.369214193713969,0.3993681948238026,happy,03,11,11,male,strong,1276
20,0.6673333333333333,True,1.0,0.5592591348613832,0.5544013418363855,0.5568302383488843,0.3676432057659212,-0.060324074074074086,-0.06462962962962965,0.42399319301142613,0.15354233560259617,0.17084941013020874,1.5145941217350247,0.004857793024997781,0.0043055555555555625,3.0921564314502934e-05,0.7341714132650081,0.13236015776678448,0.10128458129172295,0.0,0.9999999987499999,0.6076264333311451,0.2793676406291809,0.3771978636807761,0.4018513301801786,happy,03,11,11,male,strong,1276
30,1.0010000000000001,True,1.0,0.45579317290980165,0.4573756902478124,0.456584431578807,0.9618960092701372,-0.06907407407407401,-0.07430555555555562,0.435177442915629,0.37880170822656717,0.1666739907244912,0.47467130248856315,0.001582517338010736,0.005231481481481615,0.009547022205522308,0.32279341891237257,0.12885362821215643,0.10516752552474831,0.0,0.9999999987499999,0.5911724790775685,0.28347890514056523,0.3980107384345011,0.4069652993726914,happy,03,11,11,male,strong,1276
40,1.3346666666666667,True,1.0,0.46293944212577015,0.42169490768090595,0.44231717490333805,0.5818825306498859,-0.06449074074074074,-0.06791666666666663,0.4391541313826139,0.30708022889319664,0.15840270547151158,0.7601485722716718,0.0412445344448642,0.003425925925925888,0.02073680108408641,0.5237957607901946,0.13112207801695927,0.10269700326811142,0.0,0.9285174018588631,0.583878173284939,0.27972656516133526,0.39702983610789455,0.3976796217598564,happy,03,11,11,male,strong,1276
50,1.6683333333333334,True,1.0,0.4473039741593295,0.44310093106320375,0.4452024526112666,0.5960478660293808,-0.062499999999999944,-0.0662962962962963,0.4187293675789618,0.28605846793474515,0.15565165624162194,0.7469239938346184,0.004203043096125736,0.003796296296296353,0.024900790761726608,0.47743434846106125,0.13001195076139654,0.1037321482850673,0.0,0.8155510889337142,0.5840114033972963,0.27713304144968187,0.38904551664228104,0.39184298832195635,happy,03,11,11,male,strong,1276
60,2.0020000000000002,True,1.0,0.4570933025194432,0.44892835919444346,0.4530108308569433,0.7968124971170278,-0.06171296296296297,-0.06527777777777771,0.41798596470401067,0.31025725615441013,0.1646500721753899,0.5685287724477163,0.00816494332499973,0.003564814814814743,0.011526298151656225,0.39287569441080133,0.12922790725126881,0.10470727728307613,0.0,0.7071067807446058,0.5904761839970364,0.2813819379462403,0.3991660022938598,0.40182597489093475,happy,03,11,11,male,strong,1276
70,2.3356666666666666,True,1.0,0.4953715049632598,0.4690222090310842,0.482196856997172,0.7129167800020706,-0.059953703703703676,-0.0637962962962963,0.41450750111211127,0.2431954608721421,0.1687789327048847,0.6763718718975468,0.02634929593217561,0.0038425925925926196,0.017173012451794048,0.42643590720237395,0.1300480879210999,0.10387042266312253,0.0,0.7071067807446058,0.591155190232343,0.27994804136772805,0.39150967306913687,0.3908234444965925,happy,03,11,11,male,strong,1276
80,2.6693333333333333,True,1.0,0.46345194636508974,0.45607475743093806,0.4597633518980139,0.9203547586809535,-0.06388888888888888,-0.06694444444444442,0.3667620800157446,0.42597660947932814,0.17084449793611553,0.4995501436391156,0.007377188934151679,0.0030555555555555336,0.011563694302351884,0.31714795999235174,0.13283113262812216,0.10066612129421987,0.0,0.6080649196554576,0.547794608077606,0.24803624192460602,0.377938308557597,0.3563313729619531,happy,03,11,11,male,strong,1276
90,3.003,True,1.0,0.4795269286579068,0.4767382754798861,0.47813260206889646,0.7431027951059728,-0.05652777777777779,-0.06050925925925926,0.4236972388574792,0.231647713953648,0.17639970187254395,0.6434272690371333,0.0027886531780206836,0.003981481481481475,0.0216000276316509,0.39942949179914006,0.13048187432119362,0.10369309641906281,0.0,0.6269774144366874,0.6007665439769658,0.2806577824824168,0.38962542371607606,0.4157478446605731,happy,03,11,11,male,strong,1276
100,3.336666666666667,True,1.0,0.4299308210382628,0.4045728307234748,0.4172518258808688,0.6546336914042803,-0.06060185185185191,-0.06324074074074076,0.4537211209233406,0.09792003979471191,0.18195115352876315,0.6373821441817417,0.025357990314788026,0.0026388888888888573,0.02717057627303101,0.4443917051869614,0.13034547883871667,0.1038644978688769,0.0,0.7071067807446058,0.599454773299945,0.27759491711697465,0.3861772548725891,0.4159498709309151,happy,03,11,11,male,strong,1276
110,3.6703333333333332,True,1.0,0.5079822517375105,0.490747434323733,0.4993648430306218,0.6642142351878993,-0.05819444444444438,-0.06171296296296297,0.45223130145456586,0.1215112382728399,0.18196499023394078,0.7518129190491628,0.017234817413777526,0.0035185185185185874,0.016755911329676475,0.41695560490283,0.12995532644167002,0.10435224434758852,0.0,0.9999999987499999,0.5985122894626601,0.278536946705052,0.3873456418141511,0.4187500472541408,happy,03,11,11,male,strong,1276
120,4.0040000000000004,True,1.0,0.48665560840427935,0.49299608019096536,0.4898258442976223,0.6780130825660252,-0.05777777777777776,-0.061481481481481415,0.4385063388621556,0.16350146883296682,0.18055597810614282,0.722443057357854,0.006340471786686008,0.0037037037037036535,0.03064895297048728,0.4291036919254866,0.1323473739008981,0.10130128524833887,0.0,0.6556771409468868,0.5980886360481693,0.2799019185052704,0.3934579858702411,0.4202282354851685,happy,03,11,11,male,strong,1276
0,0.0,True,1.0,0.5572013732196057,0.5437515879775208,0.5504764805985632,0.7283013402104692,-0.060185185185185175,-0.06458333333333333,0.3785051801053913,0.33722636159352026,0.16738344696828983,0.755836149415135,0.013449785242084955,0.004398148148148151,0.006526614054715193,0.4149630734413931,0.1337783852966706,0.09921198239937032,0.0,0.5777075939723424,0.6058511284044867,0.27980978522799327,0.3728134530418775,0.39853833401586425,happy,03,11,11,male,strong,1277
10,0.33366666666666667,True,1.0,0.5413729653815341,0.542204972579916,0.541788968980725,0.7129736426115659,-0.06037037037037035,-0.064537037037037,0.38439416407098387,0.3040622580626154,0.1673902838797571,0.7599004179119371,0.0008320071983818345,0.004166666666666652,0.012670018173458577,0.42477942149621034,0.13261849783671356,0.10094608364379191,0.0,0.7071067807446058,0.6035844810971264,0.2797499599009452,0.371729150207845,0.39827470468505954,happy,03,11,11,male,strong,1277
20,0.6673333333333333,True,1.0,0.5695542860083885,0.5791111198335228,0.5743327029209557,0.6871260818281718,-0.05874999999999997,-0.0631018518518518,0.4072166487986098,0.23270982054471054,0.16945570055431014,0.8358476240530452,0.009556833825134281,0.004351851851851829,0.011165059230316474,0.41722177522314546,0.13296229948020258,0.1004928091386434,0.0,0.5429521145653288,0.6043413328769007,0.2800934357399491,0.3737227559745139,0.4027855891272092,happy,03,11,11,male,strong,1277
30,1.0010000000000001,True,1.0,0.4402358675330281,0.46513901149952147,0.45268743951627477,0.8879774664025322,-0.06796296296296295,-0.07337962962962963,0.46224942441715194,0.32734653343701947,0.1598029274610467,0.5097960890271798,0.024903143966493346,0.005416666666666681,0.012699534933700235,0.3265350313598351,0.1294304943313499,0.10463898419437799,0.0,0.7004836215847718,0.5951985715379902,0.2828051229415786,0.39329486451273304,0.4091500652006347,happy,03,11,11,male,strong,1277
40,1.3346666666666667,True,1.0,0.42867557149528746,0.450028862668672,0.4393522170819797,0.6035356559059074,-0.07041666666666663,-0.07504629629629639,0.4560501249740626,0.2637144660313466,0.1625919961946544,0.7279639782383888,0.021353291173384525,0.004629629629629761,0.015398670190353363,0.4967174606990745,0.1304693415368675,0.10352499573817903,0.0,0.9999999987499999,0.5914129867415716,0.28251096003948506,0.3931541070970882,0.40912502621952496,happy,03,11,11,male,strong,1277
50,1.6683333333333334,True,1.0,0.4176341559337279,0.4240524029459931,0.4208432794398605,1.2566859844391078,-0.07351851851851848,-0.07574074074074078,0.38710568163839076,0.5455164015458186,0.165411129394461,0.3348834033727956,0.006418247012265232,0.002222222222222292,0.0011832191437270508,0.24189212202631427,0.1299213705262046,0.10421185779155133,0.0,0.702488784754074,0.5843179741974915,0.2834463946033683,0.3911424956783548,0.39634206247209836,happy,03,11,11,male,strong,1277
60,2.0020000000000002,True,1.0,0.4347683724364689,0.42935105214868785,0.43205971229257834,0.47803284401355084,-0.06523148148148145,-0.06888888888888889,0.4099514051531479,0.24412439571861064,0.167438134443326,0.9038285082359963,0.0054173202877810245,0.0036574074074074425,0.009687478753351334,0.5830984322320697,0.13085335144232801,0.10266872135656428,0.0,0.627131994691669,0.5899822237957684,0.2744868830105474,0.381053827127252,0.3789263542569012,happy,03,11,11,male,strong,1277
70,2.3356666666666666,True,1.0,0.4590647926020189,0.45462313533735743,0.4568439639696882,0.7033885682634196,-0.06453703703703706,-0.06981481481481483,0.39035858597612855,0.25089397835529087,0.17930458142782335,0.6494901745383496,0.004441657264661447,0.00527777777777777,0.008717780209293398,0.39287053359360685,0.13124570991778114,0.10253895577769198,0.0,0.9027164752759949,0.5893273968415491,0.2769150023522647,0.3925835124588634,0.3864066897662577,happy,03,11,11,male,strong,1277
80,2.6693333333333333,True,1.0,0.46374557460289395,0.45740160664446555,0.46057359062367975,0.6929145832936484,-0.06078703703703703,-0.06564814814814812,0.42651005737120196,0.18470418470418506,0.18424695923669343,0.6646902832300392,0.006343967958428398,0.004861111111111094,0.002841237513745553,0.4310795383775502,0.13232056885364288,0.10133629571770456,0.0,0.6722262730940356,0.5980913766287764,0.2762605054013227,0.38963125224484274,0.4102586592137141,happy,03,11,11,male,strong,1277
90,3.003,True,1.0,0.4937354778898456,0.5257133772456467,0.5097244275677462,0.6455525108279245,-0.06185185185185188,-0.06490740740740747,0.4361378542745214,0.1471667947663711,0.18550922498131564,0.7895940593802693,0.03197789935580109,0.003055555555555589,0.001439781894415659,0.4747739605409807,0.13167199216569847,0.10217761129796503,0.0,0.5872204736244279,0.597758168142257,0.27574336806388644,0.3907448630849309,0.41473015553456416,happy,03,11,11,male,strong,1277
100,3.336666666666667,True,1.0,0.548837263160428,0.5508022565895905,0.5498197598750092,0.7133523037906314,-0.05967592592592602,-0.06634259259259256,0.40747013294584394,0.19941528086737878,0.19036797259896426,0.7707548667795163,0.001964993429162454,0.006666666666666543,0.003592059333791724,0.41966217422772134,0.1317053606710778,0.10213459620483747,0.0,0.5902636696122366,0.5984184248933948,0.27658804723616204,0.38699151651768304,0.41147224396019233,happy,03,11,11,male,strong,1277
0,0.0,True,1.0,0.49316635105116524,0.4975479832242985,0.49535716713773187,0.35690090063607205,-0.06152777777777779,-0.06842592592592595,0.38712600876151665,0.15881881629976757,0.1729700458052687,1.3879403673537998,0.004381632173133254,0.006898148148148153,0.014304153695729828,0.7485728996821968,0.13249043353595288,0.10111410778417705,0.0,0.671754147029193,0.6088349005383403,0.27501994079078396,0.36666035860696555,0.3872603937063873,happy,03,11,11,male,strong,1278
10,0.33366666666666667,True,1.0,0.4615716037075133,0.45126216777477784,0.4564168857411456,0.4124829570899104,-0.0647685185185185,-0.07041666666666663,0.385892978640717,0.2700252816116694,0.1667440107808775,1.1065108943195894,0.010309435932735478,0.005648148148148124,0.012583017447496328,0.7076004884539369,0.13293908883616234,0.10014373937372063,0.0,0.9916337167753022,0.5989047417091837,0.2777861573745537,0.3768167758961564,0.38375757383873643,happy,03,11,11,male,strong,1278
20,0.6673333333333333,True,1.0,0.45441832699746953,0.45817029074708926,0.4562943088722794,0.3778633986607466,-0.06745370370370368,-0.07166666666666666,0.40808850499685806,0.2609946062613073,0.16253004529932308,1.2075641898355698,0.0037519637496197245,0.004212962962962974,0.020185933809642887,0.740470425466108,0.129865049299636,0.10354866973416324,0.0,0.9999999987499999,0.6016882829381753,0.279803012805046,0.3738004421363911,0.389868091010065,happy,03,11,11,male,strong,1278
30,1.0010000000000001,True,1.0,0.39672860573280005,0.4083437716970303,0.40253618871491514,0.966464181662387,-0.08374999999999999,-0.08472222222222225,0.4012266404933465,0.5137342378400035,0.16944624547227038,0.41650399089030316,0.011615165964230234,0.0009722222222222632,0.023798583390379158,0.3130801544178514,0.12666251224657585,0.10744238467363011,0.0,0.8155972657532141,0.5935252915072278,0.28396251553319135,0.3812510783809466,0.39590173830545866,happy,03,11,11,male,strong,1278
40,1.3346666666666667,True,1.0,0.3981713004590471,0.39194739306091664,0.3950593467599819,0.46065343970487893,-0.0765277777777777,-0.07814814814814808,0.4272536773464676,0.30507816222839973,0.1638893544106059,0.8576064188581325,0.006223907398130446,0.0016203703703703831,0.028307146934322736,0.638612902765255,0.13029171824165556,0.10301129157071091,0.0,0.7458869029751316,0.595490756677671,0.2826374893155646,0.39621783003621786,0.4017139534963509,happy,03,11,11,male,strong,1278
50,1.6683333333333334,True,1.0,0.4022403833124528,0.3564493495516619,0.37934486643205734,0.5355681614606358,-0.07574074074074066,-0.07754629629629639,0.42674489017511164,0.3382431939709585,0.16807189805898226,0.7083036179699027,0.04579103376079091,0.0018055555555557268,0.024678236807042953,0.5717631005448471,0.12797073152207425,0.1058808287977637,0.0,0.9999999987499999,0.5971016109881453,0.28267052844237284,0.3940321357658033,0.408481315594295,happy,03,11,11,male,strong,1278
60,2.0020000000000002,True,1.0,0.4544183269974696,0.42904898417366105,0.4417336555855653,0.5433233540291927,-0.07856481481481481,-0.08171296296296293,0.421566694785279,0.2589035392728405,0.18264055980567517,0.8130216606920067,0.02536934282380854,0.003148148148148122,0.028250548967020513,0.5230504529819467,0.12933116281722817,0.10494343308611899,0.0,0.7390839387363856,0.5923782036799096,0.28117972243937656,0.38753134496732594,0.3969378755212419,happy,03,11,11,male,strong,1278
70,2.3356666666666666,True,1.0,0.4431009310632049,0.42497724316873403,0.4340390871159695,0.6612604643926945,-0.07620370370370366,-0.08004629629629623,0.39955805515449605,0.27995226529599226,0.1847288304216915,0.6563814268173337,0.018123687894470886,0.003842592592592564,0.02669298765862067,0.44402691301830044,0.13212941452310134,0.10158541031668063,0.0,0.7048689626650408,0.5938246517669568,0.2780693289251394,0.39640030405381776,0.39972495875831265,happy,03,11,11,male,strong,1278
80,2.6693333333333333,True,1.0,0.47165155511476253,0.4501686563138353,0.4609101057142989,0.8675294637432965,-0.0737962962962963,-0.07944444444444437,0.3819596159079146,0.40695147824727856,0.18336703828728795,0.5312904344776042,0.02148289880092724,0.005648148148148069,0.020718150310994544,0.33506729271446817,0.13098141185696077,0.10306137743749455,0.0,0.6404320862692606,0.5874377593928195,0.2775410494474818,0.39096139277387015,0.3932640951833411,happy,03,11,11,male,strong,1278
90,3.003,True,1.0,0.49316635105116474,0.516576832028252,0.5048715915397084,0.5434738797415744,-0.06587962962962962,-0.07481481481481483,0.40538075248019356,0.20453087774601145,0.1868055555555555,0.9289712171259792,0.023410480977087256,0.008935185185185213,0.029638686487526253,0.5224102249379413,0.13172204660742934,0.10192632761675308,0.0,0.6616430295340673,0.5920842024075255,0.27964074114031184,0.39692111296901517,0.4030337785135845,happy,03,11,11,male,strong,1278
100,3.336666666666667,True,1.0,0.47234220815709366,0.49098954573313325,0.4816658769451134,0.45660179682837476,-0.06449074074074074,-0.07240740740740748,0.41320378762129395,0.13147030501766105,0.1930571363157205,1.0548926445117772,0.01864733757603959,0.007916666666666738,0.033226487218304096,0.5981864806199255,0.13676599214017357,0.09525146280168463,0.0,0.5946541933289812,0.5649414410217211,0.2459265509606049,0.39387066268238163,0.3776252102819219,happy,03,11,11,male,strong,1278
110,3.6703333333333332,True,1.0,0.5015859578779723,0.46705126233652344,0.48431861010724786,0.4305025988680469,-0.061481481481481526,-0.07101851851851859,0.42536959027573373,0.12726863026300367,0.1930555555555556,1.1250074015364913,0.03453469554144889,0.009537037037037066,0.04046238446234433,0.6737940026007307,0.13216653866263692,0.10153710567723932,0.0,0.9999999987499999,0.5879994048166143,0.27663784907040395,0.3918613900939766,0.40210868592278803,happy,03,11,11,male,strong,1278
0,0.0,True,1.0,0.5079830181548001,0.489966568636641,0.49897479339572054,0.6303633259071839,-0.06217592592592591,-0.0658333333333333,0.4105788730021638,0.24480947418507473,0.1778052414767488,0.7915669787382121,0.01801644951815906,0.003657407407407387,0.011165068556802027,0.4842020983335134,0.1339504289073124,0.09917187286287171,0.0,0.9999999987499999,0.590077803363533,0.27427943931002075,0.389671491528492,0.39904067584875097,happy,03,11,11,male,strong,1279
10,0.33366666666666667,True,1.0,0.522079465324722,0.4958501842075903,0.5089648247661562,0.6548613383317322,-0.06222222222222218,-0.06513888888888891,0.4206324655547399,0.22937418006953375,0.17708721081845544,0.7772100671918589,0.026229281117131742,0.002916666666666734,0.01122885422018947,0.4682743905015083,0.1328145049047162,0.100498662234662,0.0,0.6995218655440731,0.5911800117156237,0.27460588897049754,0.3904545960248545,0.40406845460491,happy,03,11,11,male,strong,1279
20,0.6673333333333333,True,1.0,0.5278054288657594,0.5022437599999561,0.5150245944328578,0.6978537144587383,-0.06162037037037027,-0.06407407407407406,0.4307287047953998,0.21904495921742517,0.17501569405074083,0.7380122563828659,0.025561668865803355,0.002453703703703791,0.010586281572590695,0.4125012388768311,0.1311767738182524,0.10262713010833899,0.0,0.7323015126326539,0.5888361903667717,0.27535163040946903,0.39051035625236086,0.4151392836795574,happy,03,11,11,male,strong,1279
30,1.0010000000000001,True,1.0,0.43627588102724196,0.44892835919444285,0.44260212011084243,1.048141894043463,-0.06958333333333333,-0.07027777777777788,0.41843671174508695,0.38986767560027824,0.1771044430585666,0.42227309358220266,0.012652478167200887,0.000694444444444553,0.003918583096851184,0.2907107026578577,0.12608151650047927,0.10882612287584205,0.0,0.9999999987499999,0.5832876606345663,0.28097207685276293,0.3902158478442514,0.4164475290202192,happy,03,11,11,male,strong,1279
40,1.3346666666666667,True,1.0,0.45762766188581516,0.44187164158960335,0.44974965173770926,0.5775594358224179,-0.062361111111111145,-0.06657407407407401,0.4253626883640843,0.27703408512092237,0.16739803204185613,0.7787071318422607,0.015756020296211815,0.004212962962962863,0.018642439157743444,0.523486713456235,0.13073469812122432,0.1026343056113013,0.0,0.8305777856402422,0.5810598377163365,0.27646043345176263,0.39917881127697746,0.39656710881622514,happy,03,11,11,male,strong,1279
50,1.6683333333333334,True,1.0,0.45016783143550204,0.42861298435286743,0.4393904078941847,0.7653662270292682,-0.0635648148148148,-0.06662037037037044,0.4232559812404589,0.35938069359529995,0.1646060461154199,0.5740917124076107,0.02155484708263461,0.0030555555555556446,0.008687484136219309,0.40931773973885477,0.1309543463943617,0.10272550334151744,0.0,0.78872512522134,0.5838730363942453,0.279369884928487,0.39977777527772507,0.41080346700447024,happy,03,11,11,male,strong,1279
60,2.0020000000000002,True,1.0,0.4647834577806528,0.44072374741251613,0.4527536025965845,0.6993997480771285,-0.06328703703703703,-0.06731481481481483,0.4150156821758558,0.27334360401933383,0.17162782648735408,0.6473459617927338,0.024059710368136644,0.004027777777777797,0.014344759601149374,0.44468328736166957,0.13134419212172024,0.10222657713259109,0.0,0.9999999987499999,0.5871761159463785,0.2780598480188821,0.4005342008613207,0.40352720728372915,happy,03,11,11,male,strong,1279
70,2.3356666666666666,True,1.0,0.47845355948008317,0.46681595504640416,0.47263475726324367,0.8084585960681103,-0.06351851851851847,-0.06583333333333335,0.39791065944583154,0.2997180157337935,0.18129208832451157,0.5846121985242959,0.011637604433679005,0.0023148148148148806,0.008332378997959,0.3541859025956661,0.1306807993104636,0.10344228566229818,0.0,0.6585433403274698,0.593315836897259,0.2782562836763218,0.38545930326265043,0.4015046238207307,happy,03,11,11,male,strong,1279
80,2.6693333333333333,True,1.0,0.48604567017459843,0.4685368042753164,0.4772912372249574,0.6846421236365346,-0.061111111111111005,-0.0639351851851852,0.43698132541054524,0.1982455801365262,0.1826426484301614,0.6971397475366905,0.017508865899282022,0.002824074074074201,0.023752819173765687,0.43908189368437234,0.13091403960002426,0.10314694375959052,0.0,0.6199811568268838,0.5889960337259904,0.27353721650697527,0.39535893782158044,0.41823677061868214,happy,03,11,11,male,strong,1279
90,3.003,True,1.0,0.4850851695024883,0.47168843795503085,0.4783868037287596,0.6207203729232467,-0.06064814814814817,-0.06379629629629624,0.4414106236099068,0.1575271463510502,0.18473254743001213,0.7706961533674569,0.013396731547457463,0.0031481481481480666,0.015178437463148722,0.46797928419369544,0.13261805701434426,0.10094666277375708,0.0,0.6918576634000785,0.5883980862579407,0.2744139630926778,0.4006994590845402,0.41666843683635385,happy,03,11,11,male,strong,1279
100,3.336666666666667,True,1.0,0.4983661953287834,0.4978757588980547,0.4981209771134191,0.6638362965193675,-0.06083333333333335,-0.06490740740740736,0.43751328147390567,0.18779009551257167,0.1840427019957316,0.7503671910155735,0.0004904364307287135,0.004074074074074008,0.016979240302406693,0.4356838341326773,0.13225476832085825,0.10123413495571057,0.0,0.9999999987499999,0.5861455472188876,0.2738548610934009,0.3981910176380986,0.4145418764328248,happy,03,11,11,male,strong,1279
0,0.0,True,1.0,0.5699667587945193,0.568917854996041,0.5694423068952801,0.5903551248785293,-0.06759259259259259,-0.07250000000000006,0.365391838746366,0.3150980590019346,0.17779322663045252,0.9645758678091392,0.001048903798478329,0.004907407407407471,0.021140830945135542,0.4918188458712921,0.1331114941812088,0.10010496461672443,0.0,0.6789737701611082,0.6004175860578607,0.27868631848198144,0.37461925154050213,0.39936388177242693,sad,04,11,11,male,normal,1280
10,0.33366666666666667,True,1.0,0.5765326139332217,0.5772553929181481,0.5768940034256849,0.6648185185712625,-0.06527777777777777,-0.07157407407407412,0.3606581317691647,0.325127067117627,0.17709022658152102,0.8677465914539609,0.0007227789849263422,0.006296296296296355,0.02283650268241837,0.4295550326235734,0.13325876673527345,0.09990883300423346,0.0,0.7071067807446058,0.5989063098755126,0.2798542264942529,0.3777245356050826,0.4021688436903287,sad,04,11,11,male,normal,1280
20,0.6673333333333333,True,1.0,0.5698487503263158,0.5496726539373982,0.5597607021318569,0.6596717539094654,-0.06518518518518523,-0.07148148148148142,0.35806711538864666,0.33646832972240504,0.17570139218256636,0.8485442931495889,0.020176096388917597,0.006296296296296189,0.021369230012742595,0.4739081348257884,0.13296220286195054,0.10030317260214158,0.0,0.9999999987499999,0.6010149982102216,0.27955120939179773,0.37559223366615835,0.3992040262725311,sad,04,11,11,male,normal,1280
30,1.0010000000000001,True,1.0,0.5699673228774609,0.5608245024004141,0.5653959126389375,0.90830201436572,-0.07296296296296295,-0.07736111111111116,0.3670872481672884,0.42002236618553107,0.1812706245000568,0.6224756784600565,0.009142820477046731,0.0043981481481482065,0.023865971479418817,0.3453136747486712,0.13082611474576997,0.10325844019680164,0.0,0.9999999987499999,0.6006459782584909,0.2820561828231694,0.37382836156568283,0.3996974557987334,sad,04,11,11,male,normal,1280
40,1.3346666666666667,True,1.0,0.5485315324039246,0.5374093623787223,0.5429704473913235,0.6708488085820264,-0.07222222222222224,-0.07583333333333336,0.3848983062063823,0.328666409896134,0.18131060409212146,0.8093782689112924,0.011122170025202327,0.0036111111111111205,0.014133400646688558,0.4361134571578031,0.13098584903136787,0.10287070125779355,0.0,0.9999999987499999,0.6069986053718363,0.28317836320212936,0.3784282179887272,0.4030283104773834,sad,04,11,11,male,normal,1280
50,1.6683333333333334,True,1.0,0.5271294287281028,0.5221112386771461,0.5246203337026245,0.786439389191563,-0.07236111111111115,-0.07824074074074078,0.3647323076131793,0.3658259318390103,0.18199517575738963,0.6670829830152825,0.005018190050956606,0.0058796296296296235,0.018415456730847577,0.35057296046926884,0.13202341449577248,0.10172313304404228,0.0,0.9599242149546294,0.6006870801523734,0.2797637203046172,0.37557338550559904,0.40208496659004245,sad,04,11,11,male,normal,1280
60,2.0020000000000002,True,1.0,0.5609235088813376,0.5391646262493227,0.5500440675653302,0.6801137940565076,-0.0764814814814816,-0.0816203703703704,0.37287839042386545,0.32640383606289325,0.18959782024548774,0.8087529945314261,0.021758882632014864,0.005138888888888804,0.020101397636151843,0.4446482493120058,0.13031032619167357,0.10390859761856758,0.0,0.9999999987499999,0.6021744937271785,0.2819389934820321,0.3796345043690197,0.40289445741669117,sad,04,11,11,male,normal,1280
70,2.3356666666666666,True,1.0,0.6169994935674367,0.5844044436716076,0.6007019686195221,0.9186786590048197,-0.0762962962962963,-0.08231481481481479,0.36085266389698073,0.44516134994357937,0.18543147910168942,0.6538760454828096,0.032595049895829065,0.006018518518518479,0.019909713904084057,0.3240296267181002,0.1328514320809566,0.10063933011348589,0.0,0.5897284440962731,0.599087000823767,0.2809981365677458,0.38357396751386785,0.40462496700966194,sad,04,11,11,male,normal,1280
80,2.6693333333333333,True,1.0,0.5660655442286336,0.5630570494618603,0.5645612968452469,0.7357043992492418,-0.0702314814814814,-0.07606481481481481,0.37009741779534405,0.3676791785310028,0.18195953953629374,0.7673751814198204,0.0030084947667733397,0.0058333333333334125,0.021873245791762214,0.41051071424153807,0.13286928548438703,0.1004262256530336,0.0,0.9999999987499999,0.5970451943277311,0.27974910058352626,0.3781457884738995,0.4029734066015058,sad,04,11,11,male,normal,1280
90,3.003,True,1.0,0.5449783248369,0.5351857293749416,0.5400820271059208,0.6822509177209075,-0.06842592592592595,-0.07560185185185181,0.36949237469370017,0.3409388746378391,0.17918753095872791,0.7916178829192215,0.009792595461958431,0.007175925925925863,0.01760703372780822,0.4448373189486704,0.1321069220699915,0.10123897973401655,0.0,0.663380517485542,0.5979668807601166,0.2783703651466432,0.3805310622059629,0.4047562035358648,sad,04,11,11,male,normal,1280
0,0.0,True,1.0,0.5493902926761327,0.5233321150368835,0.5363612038565081,0.5761503573074349,-0.06134259259259256,-0.06671296296296308,0.36308406776913155,0.3287573635447036,0.17083511971881044,0.9309396359018567,0.026058177639249225,0.005370370370370525,0.012770501596689106,0.5170216911079605,0.1337714743493756,0.09941313002892727,0.0,0.9999999987499999,0.5998420863267182,0.2772975140799153,0.3808547482391839,0.4060630366575675,sad,04,11,11,male,normal,1281
10,0.33366666666666667,True,1.0,0.5495017004711433,0.5477021243870213,0.5486019124290823,0.6412813406897437,-0.062453703703703733,-0.06800925925925932,0.35982247550511787,0.355253951855593,0.17014292463502947,0.8554777406107308,0.0017995760841220676,0.005555555555555591,0.014845042879598204,0.4542243583404804,0.13347991060044043,0.09980426462765912,0.0,0.6372942069859628,0.598608010196266,0.2766159173435718,0.38223265104373116,0.408104971421439,sad,04,11,11,male,normal,1281
20,0.6673333333333333,True,1.0,0.5582226096402025,0.5477021243870213,0.5529623670136119,0.6597094891706639,-0.06347222222222226,-0.0676388888888888,0.3539764968909125,0.35050789244768976,0.1729184315296482,0.8381907128678014,0.010520485253181278,0.004166666666666541,0.007124042440371279,0.44688406040481604,0.1339636957612069,0.09915395095349681,0.0,0.9999999987499999,0.5945259228378851,0.2773617781023266,0.37999396309331485,0.40127836004319895,sad,04,11,11,male,normal,1281
30,1.0010000000000001,True,1.0,0.560918230775806,0.5683318172249046,0.5646250240003553,0.9470134836373689,-0.06824074074074077,-0.07287037037037031,0.3634937388378356,0.4321025703961495,0.17083511971881032,0.5962164570579249,0.007413586449098508,0.004629629629629539,0.01201236362940791,0.32879797461071397,0.1321198634012245,0.10159783199687858,0.0,0.6512302730439856,0.5970666646189726,0.27865369816339425,0.37842933746236007,0.4028860051508226,sad,04,11,11,male,normal,1281
40,1.3346666666666667,True,1.0,0.5062431674791397,0.484682354000421,0.49546276073978035,0.7839116533283667,-0.06486111111111115,-0.0696296296296296,0.36711678224037403,0.3850350342481905,0.17085521526842073,0.6320390296994856,0.021560813478718688,0.00476851851851845,0.014217776343652294,0.3796407189310635,0.13236803623015497,0.10108598720165565,0.0,0.606145976172369,0.5989417393754376,0.27794583629692293,0.38032649911742855,0.4092101896619718,sad,04,11,11,male,normal,1281
50,1.6683333333333334,True,1.0,0.5063732022338052,0.530217678310695,0.5182954402722502,1.0158370645700512,-0.0668981481481481,-0.0685648148148148,0.35185458037957085,0.486695852617385,0.17092084426523366,0.5102151303089305,0.023844476076889776,0.0016666666666667052,0.008442366863820728,0.3136938484662633,0.1326514044260699,0.10052449840872421,0.0,0.6382387231311536,0.5907240411242621,0.28057384223941867,0.38367057142518474,0.4091879232085774,sad,04,11,11,male,normal,1281
60,2.0020000000000002,True,1.0,0.521216431513253,0.5063739662234422,0.5137951988683476,0.5860738634775048,-0.06587962962962962,-0.06625000000000003,0.35398103649060636,0.334779274298115,0.17021465526170562,0.8766731138967921,0.014842465289810813,0.00037037037037040976,0.007206094066397881,0.4843149975420309,0.1321916303168877,0.10131656675036149,0.0,0.6877573889594145,0.5973809284104266,0.27518932592597994,0.37618006980321494,0.4002540739572239,sad,04,11,11,male,normal,1281
70,2.3356666666666666,True,1.0,0.4938858045675898,0.49232140599655744,0.49310360528207364,0.6777633848601298,-0.06537037037037036,-0.06648148148148147,0.3523216827719696,0.3248571986321882,0.17099447946145332,0.7275453591873152,0.001564398571032355,0.0011111111111111183,0.0070951219950753965,0.43787027778614085,0.1327425535202029,0.10078289664627046,0.0,0.9999999987499999,0.5941670531884631,0.2773198699565483,0.3747239781779739,0.4002103888941134,sad,04,11,11,male,normal,1281
80,2.6693333333333333,True,1.0,0.5775641538390113,0.5485315324039246,0.5630478431214679,0.807229825363803,-0.06643518518518515,-0.06731481481481477,0.3671938735865467,0.4034553744723696,0.17369722256788406,0.6975062434886038,0.02903262143508667,0.0008796296296296191,0.003867194837801118,0.374851772502218,0.1338180679959409,0.0993504023621493,0.0,0.7071067807446058,0.5924517270658265,0.2778700739991319,0.3819594732037459,0.40259478639523055,sad,04,11,11,male,normal,1281
90,3.003,True,1.0,0.5354206309540699,0.5204257624606895,0.5279231967073796,0.6758305415387844,-0.06490740740740741,-0.06842592592592583,0.37676505589052206,0.31796055282656316,0.17020344934400025,0.7811472910137538,0.014994868493380387,0.003518518518518421,0.009987046675725305,0.4304890058671022,0.13283318623282805,0.10066341145993642,0.0,0.9999999987499999,0.5923036392291291,0.27767697937149266,0.3771068276518349,0.3996303841050331,sad,04,11,11,male,normal,1281
100,3.336666666666667,True,1.0,0.5440283635345877,0.5275254690307111,0.5357769162826493,0.6654090911475581,-0.06509259259259259,-0.0683333333333333,0.37835783506353904,0.3326236294679448,0.17021465526170562,0.8051842444151968,0.016502894503876653,0.0032407407407407107,0.010978888573152268,0.44150458230489903,0.1326815581121437,0.10086318410821211,0.0,0.9999999987499999,0.5953165941220238,0.27797519117640396,0.37504512952962177,0.39919834690284306,sad,04,11,11,male,normal,1281
0,0.0,True,1.0,0.560812627916301,0.5337076790345044,0.5472601534754027,0.6386521706077618,-0.06305555555555553,-0.06694444444444447,0.36485768011806247,0.3596792039550251,0.17295240163192807,0.8568986040626974,0.027104948881796598,0.0038888888888889417,0.020003575003225672,0.44688406040481593,0.13335460544535346,0.09997163086649608,0.0,0.9999999987499999,0.5939373852509754,0.2742846400817781,0.37525835717948186,0.39808839479552083,sad,04,11,11,male,normal,1282
10,0.33366666666666667,True,1.0,0.5201851898240055,0.5171649592083223,0.5186750745161639,0.6535054119267943,-0.06268518518518512,-0.067037037037037,0.3574216413315753,0.3819327889585644,0.17294490231316773,0.7936813759306187,0.0030202306156832393,0.0043518518518518845,0.021729833052887698,0.4705606350098668,0.1341896419800429,0.09884795272029433,0.0,0.6302155156687129,0.5913119812768859,0.2750345023676333,0.3815690049727842,0.399080650055612,sad,04,11,11,male,normal,1282
20,0.6673333333333333,True,1.0,0.5637000388475918,0.535185729374941,0.5494428841112664,0.651896893974871,-0.06388888888888883,-0.0672685185185185,0.36409566092207984,0.3461064038057788,0.17432131212675453,0.842837094622583,0.028514309472650767,0.003379629629629677,0.015349166694600765,0.44939944143672156,0.13398861233199325,0.09912027813226063,0.0,0.6605087449645429,0.5917244056841486,0.27525715606707324,0.38102396425253465,0.3987528875881265,sad,04,11,11,male,normal,1282
30,1.0010000000000001,True,1.0,0.5269651864139687,0.5178814910160303,0.5224233387149995,1.120089155401938,-0.06685185185185183,-0.06768518518518513,0.34332426667116606,0.5023951300143744,0.17365505086318994,0.4664122817326364,0.009083695397938407,0.0008333333333332971,0.01614825329169336,0.2822989768717337,0.12956743201561424,0.10483347906141695,0.0,0.6013818229852604,0.5857566818524285,0.2790842745792133,0.37659291916371895,0.3951343130919718,sad,04,11,11,male,normal,1282
40,1.3346666666666667,True,1.0,0.506249666436689,0.4909646830815329,0.498607174759111,0.5491385165715175,-0.06226851851851861,-0.06634259259259256,0.37929981331263946,0.32640013264903944,0.16530731820509487,0.9079807001557766,0.015284983355156101,0.004074074074073952,0.023669683419383292,0.5662051176862667,0.13258801135062934,0.10098612289599682,0.0,0.6301140614095919,0.5939588986453956,0.27586652173780774,0.3769461649928369,0.39676590050612986,sad,04,11,11,male,normal,1282
50,1.6683333333333334,True,1.0,0.49206707145514045,0.4609226749362979,0.47649487319571915,0.6944953958065408,-0.06064814814814817,-0.06430555555555556,0.3785093998450394,0.4380861736744052,0.16603840280378723,0.6861022781041617,0.031144396518842543,0.003657407407407387,0.008660842794682542,0.461631362818954,0.13295315199369978,0.10050491105695515,0.0,0.6326116744423814,0.5927420574167167,0.27843062139405644,0.38369014601625795,0.3997563144260704,sad,04,11,11,male,normal,1282
60,2.0020000000000002,True,1.0,0.5328887108338345,0.5113455429574555,0.522117126895645,0.960104740025032,-0.06555555555555559,-0.06782407407407409,0.3513873889851513,0.47258872645456346,0.1667440107808775,0.5438126749400616,0.021543167876379,0.002268518518518503,0.016021954564055738,0.307213448112684,0.13064406774925374,0.1034886724873029,0.0,0.6075487961335123,0.5908499554040367,0.278175279041589,0.37243814608899034,0.3936233172191248,sad,04,11,11,male,normal,1282
70,2.3356666666666666,True,1.0,0.5229888527332772,0.5041679598118481,0.5135784062725627,0.8256732169371499,-0.06393518518518526,-0.06708333333333327,0.3479220284421205,0.4052425691622896,0.1715918156720556,0.6220117060084512,0.018820892921429078,0.003148148148148011,0.013344755384288254,0.3429549491167025,0.132305122265336,0.10097982223590424,0.0,0.7071067807446058,0.5994833660026511,0.28055281722974656,0.37902195881143974,0.40153217224022913,sad,04,11,11,male,normal,1282
80,2.6693333333333333,True,1.0,0.5261851474404927,0.5099439243866462,0.5180645359135694,0.7405820631232711,-0.06208333333333338,-0.06814814814814812,0.3667774728790266,0.3765316157116569,0.1736853628108892,0.6995369746449512,0.016241223053846565,0.006064814814814745,0.01472600341128463,0.3999951701418153,0.1326734614942084,0.10068478752532938,0.0,0.9999999987499999,0.5983341872295794,0.2797199050417858,0.3782497033043457,0.4003871482417326,sad,04,11,11,male,normal,1282
90,3.003,True,1.0,0.5493902926761322,0.5236753773404875,0.5365328350083098,0.484263201400985,-0.06245370370370368,-0.06643518518518515,0.3850755979150259,0.22916198281727757,0.17572961454399944,1.1079364144459203,0.025714915335644628,0.003981481481481475,0.019349502417051214,0.5528131942091011,0.1323321040878651,0.1011330215686497,0.0,0.7071067807446058,0.5969056963957459,0.2782495926348564,0.37546626401615574,0.39595261520445,sad,04,11,11,male,normal,1282
100,3.336666666666667,True,1.0,0.5218381282453696,0.5184935107422703,0.5201658194938199,0.5086027785631952,-0.06120370370370376,-0.065925925925926,0.37874925555065403,0.2341317173928696,0.17431255865192516,1.02273491498275,0.003344617503099223,0.004722222222222239,0.020716670301584916,0.5235382499895286,0.133630628793299,0.09941090922203594,0.0,0.6286022876772799,0.5940129687265533,0.2786546466801155,0.38001762404513006,0.39754324758732507,sad,04,11,11,male,normal,1282
0,0.0,True,1.0,0.5697414661372542,0.5337076790345039,0.551724572585879,0.6526633289921135,-0.06666666666666671,-0.0696296296296296,0.34761811962835604,0.41777568209630817,0.17085521526842085,0.8453433004086335,0.03603378710275029,0.0029629629629628895,0.020915619266071342,0.4804436531259274,0.13352763655140007,0.09974040329103784,0.0,0.5773171038952635,0.5910602309830183,0.2742834325604653,0.3785276856310169,0.3995936067508051,sad,04,11,11,male,normal,1283
10,0.33366666666666667,True,1.0,0.5261851474404939,0.5303907147231134,0.5282879310818036,0.7888676349320467,-0.06662037037037044,-0.07162037037037039,0.35117260800499117,0.4364964474960188,0.17293254978509287,0.6696787999514145,0.004205567282619449,0.004999999999999949,0.014043265611430432,0.3753225718767719,0.13395897236196116,0.09916033226742342,0.0,0.9999999987499999,0.5977072425141932,0.2794236285947987,0.3834789047270287,0.40708075768725716,sad,04,11,11,male,normal,1283
20,0.6673333333333333,True,1.0,0.5624682620578365,0.5733567066291281,0.5679124843434823,0.7704760792785343,-0.06763888888888897,-0.07037037037037036,0.3555594236548792,0.4129099825326112,0.17226651623639172,0.7370929476165822,0.010888444571291567,0.0027314814814813904,0.00803333245541886,0.39211747046169937,0.1329713172651482,0.10048087657053689,0.0,0.984709053938692,0.5959788290316127,0.278746431908471,0.3795807053078697,0.4047101474091522,sad,04,11,11,male,normal,1283
30,1.0010000000000001,True,1.0,0.5384628593586727,0.5389222100642252,0.538692534711449,1.1135815776441043,-0.07263888888888897,-0.07412037037037039,0.3402504656890372,0.5562567129785746,0.17435850949207057,0.48374770697186653,0.00045935070555258584,0.001481481481481417,0.01509338202618116,0.2930785300743856,0.13098074809743193,0.10306222100824727,0.0,0.9999999987499999,0.5887783054706258,0.2792346482545596,0.37591932800041983,0.39426939150832996,sad,04,11,11,male,normal,1283
40,1.3346666666666667,True,1.0,0.5048545604859579,0.49838809997250966,0.5016213302292338,0.6528095073551236,-0.06833333333333325,-0.07115740740740739,0.36676629051343634,0.3926042842902437,0.17227581653246082,0.7684038369195434,0.006466460513448236,0.0028240740740741455,0.010495747854385151,0.4719324918933773,0.1326076508194108,0.10096033238731374,0.0,0.622413535253892,0.5973668457226641,0.2777824248984644,0.38212121220706735,0.3997208760455055,sad,04,11,11,male,normal,1283
50,1.6683333333333334,True,1.0,0.503071227336902,0.4856135409376492,0.4943423841372756,0.8517660911142704,-0.06569444444444444,-0.0702314814814814,0.3755755718655137,0.4583687476315544,0.1694809115276025,0.5803734021515023,0.017457686399252825,0.004537037037036951,0.01521517133483735,0.36454327760098926,0.13193803929995207,0.1014589752666618,0.0,0.8003957209267021,0.5977164761685924,0.28006779137155163,0.3828390933304872,0.40621711964056345,sad,04,11,11,male,normal,1283
60,2.0020000000000002,True,1.0,0.5470199074967773,0.49034263140914686,0.5186812694529621,0.7660872183993884,-0.06569444444444456,-0.06981481481481472,0.37506131494425854,0.408979851718625,0.17227581653246082,0.6770525039389904,0.05667727608763046,0.004120370370370163,0.011370215980931747,0.40830480319057016,0.13180637235170004,0.10162996646589768,0.0,0.5917220428711901,0.5968476017047444,0.2793004613284491,0.3829671743791984,0.4058686119579302,sad,04,11,11,male,normal,1283
70,2.3356666666666666,True,1.0,0.5030776855742862,0.49000637156207777,0.49654202856818197,0.793829447131197,-0.06458333333333327,-0.06824074074074071,0.3604467299035275,0.4308074698156967,0.17228600199496905,0.6255021533436741,0.013071314012208457,0.0036574074074074425,0.017023003710392174,0.3891678659188523,0.13382394227776312,0.09934248962514507,0.0,0.6143739652414383,0.589354729532438,0.2761879833491573,0.3852477917396756,0.3990140659444728,sad,04,11,11,male,normal,1283
80,2.6693333333333333,True,1.0,0.5192182317894499,0.5048803674372386,0.5120492996133443,0.6917774182042017,-0.0652314814814815,-0.06925925925925919,0.37109850225124674,0.3721473237751779,0.16946650571640118,0.7401937185844877,0.014337864352211294,0.004027777777777686,0.012393336285094137,0.43399227017956715,0.13263195993436092,0.10092839528809591,0.0,0.9999999987499999,0.5968377979629351,0.27905585776893294,0.3798671148636701,0.40088307490146,sad,04,11,11,male,normal,1283
90,3.003,True,1.0,0.5454258387637535,0.5178814910160303,0.531653664889892,0.6019558034988299,-0.06481481481481488,-0.06953703703703695,0.3749914752063765,0.3203913807469526,0.1736326429790067,0.8832104646216362,0.027544347747723186,0.004722222222222072,0.015253763301523617,0.4810172656026045,0.1333662402865901,0.09976532351415172,0.0,0.7472482430063291,0.5981370626766331,0.2782396667392094,0.38004764596700114,0.39825278157923505,sad,04,11,11,male,normal,1283
100,3.336666666666667,True,1.0,0.5204257624606884,0.5385231689119924,0.5294744656863404,0.5846897784732861,-0.06509259259259259,-0.07,0.36839727005926787,0.3118700027855661,0.17223329679369823,0.9055647715766106,0.018097406451303977,0.004907407407407416,0.015967733581371976,0.4899166800082355,0.13405535604916224,0.09883741871716487,0.0,0.699906528329245,0.5971361287249275,0.27887595301890455,0.38195418433157574,0.40099278340472344,sad,04,11,11,male,normal,1283
0,0.0,True,1.0,0.5813183589761793,0.5174831728367985,0.5494007659064889,0.4691450093756414,-0.06958333333333339,-0.07037037037037036,0.37514700516743743,0.26685900004595664,0.17920924427469404,1.171068123771913,0.06383518613938088,0.000787037037036975,0.007420379145442196,0.5834594724706244,0.1346369789487278,0.09823778128275787,0.0,0.6456955972312264,0.5910345544311475,0.27345649839325187,0.39419331248818124,0.40686424564128937,sad,04,11,11,male,strong,1284
10,0.33366666666666667,True,1.0,0.5259547057403541,0.5389050230515642,0.5324298643959591,0.5008094198680153,-0.0665277777777778,-0.06856481481481486,0.37272323993518114,0.28322860435346764,0.17502789956175563,1.0631386776556182,0.012950317311210102,0.0020370370370370594,0.006996815245232527,0.5647095085850328,0.13419818285092694,0.09883635713219585,0.0,0.5773502689490632,0.5894418466996173,0.2728816271488843,0.39263802623433514,0.40585468639866523,sad,04,11,11,male,strong,1284
20,0.6673333333333333,True,1.0,0.5451764489708519,0.5303907147231135,0.5377835818469827,0.4854099849733838,-0.06810185185185186,-0.07004629629629638,0.3731153024911783,0.25570600991994824,0.17570139218256636,1.1078955903152068,0.014785734247738436,0.0019444444444445264,0.013843369921345746,0.568051120748534,0.13442939769203266,0.09852164639235349,0.0,0.6072185213133857,0.5908227706942152,0.273243950355964,0.3953378427038174,0.40876301222350225,sad,04,11,11,male,strong,1284
30,1.0010000000000001,True,1.0,0.4922483285644203,0.48895857302722584,0.49060345079582307,0.8485438333099491,-0.07148148148148142,-0.07148148148148142,0.3913764341171918,0.3429734114039462,0.17778850629011578,0.578171016672299,0.003289755537194461,0.0,0.008860399574237742,0.3582280193479372,0.13018063397186083,0.10407103492243196,0.0,0.6538644811763901,0.5871773138552296,0.27812111771166254,0.3925340843430473,0.4083774645574457,sad,04,11,11,male,strong,1284
40,1.3346666666666667,True,1.0,0.39538047735744164,0.3638001855956719,0.37959033147655674,0.6010699457655211,-0.08666666666666673,-0.08458333333333334,0.38257997092282997,0.27495752838210014,0.1988706184202498,0.6315243910475535,0.03158029176176974,0.0020833333333333814,0.0013868139738614851,0.47872340425531923,0.12789641746065913,0.10686572964128083,0.0,0.7614604184230566,0.586727291682298,0.2799421653244129,0.39543353221984273,0.40204553979961005,sad,04,11,11,male,strong,1284
50,1.6683333333333334,True,1.0,0.451454102289653,0.416317562084522,0.4338858321870875,0.7189304268532865,-0.0922222222222222,-0.0913888888888888,0.37191042743814134,0.35944641539052047,0.19919452712971497,0.6035157450299866,0.03513654020513102,0.0008333333333334081,0.01840337863838904,0.3886160401109448,0.12259064000646522,0.10843712517786126,0.0,0.9999999987499999,0.6532410771027161,0.30368624640251,0.3849593978992601,0.4563548370036124,sad,04,11,11,male,strong,1284
60,2.0020000000000002,True,1.0,0.2559037429654296,0.21814847557672642,0.23702610927107803,0.7735368956743011,-0.10523148148148148,-0.10620370370370374,0.3691452502446405,0.36641221374045796,0.19470950513359928,0.3064186215247815,0.03775526738870319,0.0009722222222222632,0.011396594721999168,0.3749999999999995,0.1307315487459188,0.10337814050291015,0.0,0.8368440432292515,0.5793977910382904,0.2791100194093478,0.40451617683270785,0.400073986004711,sad,04,11,11,male,strong,1284
70,2.3356666666666666,True,1.0,0.4444317244714958,0.4305359186767348,0.4374838215741153,0.8490459698595901,-0.08263888888888882,-0.08009259259259266,0.3643179297199741,0.36481035008056373,0.19891204680219887,0.5152651765680764,0.013895805794761018,0.0025462962962961577,0.010139274894885154,0.34276019905091504,0.13041615015175076,0.10377574644796736,0.0,0.8495144852562283,0.5824228147040066,0.27779610869865207,0.4084865259733104,0.41141225895561,sad,04,11,11,male,strong,1284
80,2.6693333333333333,True,1.0,0.48772005588624767,0.4732599948673184,0.48049002537678304,0.5059123735469971,-0.0775925925925926,-0.07550925925925928,0.3745989744430828,0.1945816821334607,0.19876470665850138,0.9497495030770334,0.014460061018929271,0.002083333333333326,0.014436786442034102,0.5624999999999994,0.13368760510394315,0.09952588614651053,0.0,0.7123743644903723,0.5759922270158063,0.2742231542388894,0.4104313820150805,0.4127119234903657,sad,04,11,11,male,strong,1284
90,3.003,True,1.0,0.50774804259178,0.46421872059740693,0.4859833815945934,0.45058478554773757,-0.07212962962962954,-0.0691666666666666,0.3999810229676657,0.18264840182648423,0.2007324558209925,1.078561454319468,0.04352932199437304,0.002962962962962945,0.001535244320843988,0.6232387928208614,0.1323089434521327,0.10135147386194683,0.0,0.6428869053284115,0.5831722241162092,0.2786219698481035,0.3966367943925412,0.4182705605279243,sad,04,11,11,male,strong,1284
0,0.0,True,1.0,0.5187516808225797,0.49718520564792446,0.507968443235252,0.4323107196328866,-0.06930555555555556,-0.07101851851851848,0.35288352150939667,0.25693660348121533,0.17987638103482617,1.175007743658573,0.021566475174655264,0.0017129629629629162,0.019234715377311588,0.6397839155697511,0.1340850342302233,0.09898980435931816,0.0,0.6477224911247814,0.589499353569553,0.2740239071311982,0.39883069274868155,0.41310388814232757,sad,04,11,11,male,strong,1285
10,0.33366666666666667,True,1.0,0.5047313651246716,0.48630451603919855,0.4955179405819351,0.4385173338549643,-0.06972222222222219,-0.07134259259259257,0.3715604007059304,0.1924304272506679,0.18681576561865806,1.1299848428473371,0.018426849085473096,0.0016203703703703831,0.017252146507243594,0.602690087415508,0.1323624026724737,0.10128164754857848,0.0,0.653199392660247,0.5895503400422669,0.27461014047365645,0.4021375670590625,0.41474054461358173,sad,04,11,11,male,strong,1285
20,0.6673333333333333,True,1.0,0.4946582373954182,0.4716515551147619,0.48315489625509006,0.9051502943363615,-0.07319444444444445,-0.07537037037037037,0.3426091943411966,0.45213877469506736,0.1833537234902846,0.5337841674230794,0.023006682280656277,0.0021759259259259145,0.021864631760027797,0.336932623363295,0.13114183925911144,0.10285716196276654,0.0,0.6949033173291981,0.5915597029671243,0.27755153220917184,0.3938516996200662,0.40765837529816806,sad,04,11,11,male,strong,1285
30,1.0010000000000001,True,1.0,0.45553004505874317,0.43698261319017057,0.4462563291244569,0.981282268092008,-0.08930555555555553,-0.0888425925925927,0.3996349601623337,0.5023198774781085,0.19102974196900294,0.45476856520820624,0.018547431868572606,0.0004629629629628318,0.015621701549286311,0.3366793287449188,0.11957815339599323,0.11192070546396667,0.0,0.9999999987499999,0.6564396612942052,0.30139084238885716,0.3875437269676969,0.4727146581686609,sad,04,11,11,male,strong,1285
40,1.3346666666666667,True,1.0,0.16066333142727507,0.14712543497058755,0.1538943831989313,0.7374947561356433,-0.09106481481481488,-0.0983796296296296,0.38842864217360795,0.37482316091149354,0.18545780939836506,0.20867183382470908,0.013537896456687515,0.0073148148148147185,0.011679713020481687,0.44150585342304194,0.11898390347643505,0.11204328606350702,0.0,0.9999999987499999,0.6561391360215962,0.3024086838737279,0.3743349215152127,0.4535614477959688,sad,04,11,11,male,strong,1285
50,1.6683333333333334,True,1.0,0.49734365876743813,0.5020039474157396,0.4996738030915889,1.1512955625083596,-0.0705555555555556,-0.07347222222222222,0.3602893312943589,0.49313604531705435,0.17918199577107896,0.4340100139037587,0.0046602886483014805,0.002916666666666623,0.01081216850823251,0.2700762636384391,0.13011096739518369,0.10415811986903659,0.0,0.9999999987499999,0.5943922668676846,0.28559501520328046,0.3914000599044432,0.416643902273041,sad,04,11,11,male,strong,1285
60,2.0020000000000002,True,1.0,0.14363209754503703,0.1422157688628615,0.14292393320394925,0.7999181831810553,-0.0674074074074073,-0.07402777777777769,0.3787714596744147,0.3397264416164807,0.16740669132805944,0.17867318959494075,0.0014163286821755328,0.0066203703703703876,0.025656830263140064,0.37621413397153974,0.132254344441053,0.10142271021805345,0.0,0.5929067627584134,0.5961971941198355,0.2766206502025268,0.38045165963518546,0.3890911673404234,sad,04,11,11,male,strong,1285
70,2.3356666666666666,True,1.0,0.30890600152974806,0.3061589453394529,0.3075324734346005,0.9384193134309511,-0.06907407407407401,-0.07370370370370372,0.3081264895401118,0.4690111876141648,0.17782068794340947,0.32771328236013414,0.0027470561902951385,0.004629629629629706,0.01777299115725156,0.33005216014561956,0.13049574302163894,0.10367564238782152,0.0,0.9117802307954262,0.587186858126063,0.2760572952781385,0.3802122092524359,0.38980076098411576,sad,04,11,11,male,strong,1285
80,2.6693333333333333,True,1.0,0.4593326902988571,0.4752729420085897,0.4673028161537234,0.5736557549402825,-0.070462962962963,-0.07560185185185181,0.3646822226441652,0.24646820274136874,0.18333999159310851,0.8146049475305438,0.015940251709732622,0.005138888888888804,0.029928557005679795,0.4495910833804241,0.1329694490221064,0.10048334886061913,0.0,0.851956951868144,0.587449329661552,0.2753363526610436,0.3847125363077531,0.39708858704444117,sad,04,11,11,male,strong,1285
90,3.003,True,1.0,0.48441276125086835,0.47773698581055285,0.4810748735307106,0.405076461873,-0.06750000000000006,-0.07296296296296306,0.37463401283919273,0.1368433492181864,0.1881960660357054,1.187614978432239,0.006675775440315501,0.005462962962963003,0.020670500928919415,0.6407261651920643,0.13366860237589046,0.09955140637132052,0.0,0.7618357979800215,0.5854905562537517,0.27369537184909964,0.39280208434803987,0.40433710285678104,sad,04,11,11,male,strong,1285
100,3.336666666666667,True,1.0,0.47800801227070727,0.46169960248487796,0.4698538073777926,0.39566089450201186,-0.0643981481481481,-0.07009259259259254,0.3672206112811304,0.13151759031575255,0.1875101722501092,1.1875164159681781,0.016308409785829314,0.005694444444444446,0.0217697294776594,0.680456104119372,0.13300138106685325,0.10044107927503458,0.0,0.6333661931290976,0.5880971186130702,0.27412412986361184,0.39593280652739027,0.40389205488523905,sad,04,11,11,male,strong,1285
0,0.0,True,1.0,0.48455358478072763,0.4781650248274573,0.4813593048040925,0.4338958079750763,-0.06990740740740736,-0.07152777777777775,0.3600722735272607,0.2574665756773045,0.18195953953629362,1.1093891573890076,0.006388559953270312,0.0016203703703703831,0.015448681762163552,0.5981031835724925,0.13292685088191566,0.10053969408252371,0.0,0.7798706792428719,0.5919172983177647,0.27461694967960204,0.39446402046729034,0.4121386448263542,sad,04,11,11,male,strong,1286
10,0.33366666666666667,True,1.0,0.4986489396555645,0.46542319546208605,0.4820360675588253,0.46148774585133084,-0.07013888888888886,-0.06851851851851859,0.3542060105268085,0.2655508003483161,0.18335996492176562,1.0445262564222326,0.03322574419347846,0.001620370370370272,0.011274240995304151,0.5970131934406085,0.13323372572281753,0.10013267249817273,0.0,0.8003461855270411,0.5921139465473689,0.274168552653916,0.39523222498803273,0.4115818639092019,sad,04,11,11,male,strong,1286
20,0.6673333333333333,True,1.0,0.5218381282453696,0.5071295009318139,0.5144838145885917,0.5037390197246224,-0.06722222222222218,-0.06805555555555559,0.354054882748394,0.2867114245812793,0.183367038287288,1.0213300825293286,0.014708627313555711,0.0008333333333334081,0.007664481765069294,0.5778429189878413,0.13251951061842976,0.10107599654206897,0.0,0.6514142958604655,0.5939664490640006,0.274448026530884,0.39588356125708,0.4122043865184966,sad,04,11,11,male,strong,1286
30,1.0010000000000001,True,1.0,0.5313684070123453,0.4947505676733827,0.513059487342864,1.2856090996731253,-0.0791203703703704,-0.08333333333333331,0.33274018972561725,0.5540376413648376,0.18824349140015098,0.39907891712442983,0.03661783933896262,0.004212962962962918,0.01487529524371209,0.2585720534363234,0.12874082304135298,0.10584695675221156,0.0,0.7039968376511695,0.5850850711378301,0.28178481837042535,0.39777996622892525,0.415991098727823,sad,04,11,11,male,strong,1286
40,1.3346666666666667,True,1.0,0.2423005234062809,0.2119000484383504,0.22710028592231563,0.5860097765798999,-0.08523148148148146,-0.08884259259259258,0.3656240280009927,0.3659870446773449,0.18402943608398545,0.38753668453746604,0.030400474967930496,0.0036111111111111205,0.010043385665847905,0.513002715152522,0.13156301134474307,0.10213152240923591,0.0,0.9999999987499999,0.5816027908428997,0.2780644631650517,0.423880766095738,0.4114893846429096,sad,04,11,11,male,strong,1286
50,1.6683333333333334,True,1.0,0.4144092973611111,0.41665238505655705,0.4155308412088341,0.5642985732587732,-0.08416666666666661,-0.08550925925925923,0.3734596551660614,0.34749791091685367,0.18613119697045138,0.7363669888604911,0.0022430876954459555,0.0013425925925926174,0.0028422440546625235,0.5118961838636531,0.1312380923025689,0.10236275203936487,0.0,0.6501314849384722,0.5857430797787866,0.2780666741999015,0.41828227743657986,0.4124020042642831,sad,04,11,11,male,strong,1286
60,2.0020000000000002,True,1.0,0.39995663970451206,0.40882862902948486,0.40439263436699846,0.7772602969583658,-0.08458333333333329,-0.08504629629629629,0.3529061097911048,0.38161332652832847,0.191744669646052,0.5202795459249604,0.008871989324972795,0.0004629629629629983,0.00592919863851254,0.3619747560717034,0.13082035595376634,0.10308107630318618,0.0,0.9999999987499999,0.5806249264940352,0.2794075642307943,0.42508849626261197,0.41867228659895894,sad,04,11,11,male,strong,1286
70,2.3356666666666666,True,1.0,0.5001220405247206,0.4969271435637906,0.4985245920442556,0.66755316906834,-0.08212962962962961,-0.08370370370370372,0.36756923591746876,0.30699675904930235,0.19449191528203494,0.7467938362722681,0.0031948969609300604,0.0015740740740741166,0.016317882771148578,0.42739183013151455,0.1323788178810589,0.10126019132894218,0.0,0.7344770585263114,0.5891403324454783,0.2796017748369736,0.4097153136455145,0.4160470946541145,sad,04,11,11,male,strong,1286
80,2.6693333333333333,True,1.0,0.472169308824637,0.4694552799105882,0.4708122943676126,0.4728318624311214,-0.0786574074074074,-0.08018518518518525,0.37380207381958946,0.22317276832769603,0.19517798222610216,0.9957287817848718,0.0027140289140487606,0.00152777777777785,0.013697206962014303,0.5785095428576406,0.13276663121996854,0.10075117570568604,0.0,0.6565665653676371,0.5918632461578383,0.2761370287371601,0.4018675536782428,0.4147671293842354,sad,04,11,11,male,strong,1286
90,3.003,True,1.0,0.4356501540634612,0.44724911350919244,0.44144963378632684,0.4680589937346428,-0.0735648148148148,-0.07291666666666663,0.3984908486009669,0.23392700413182083,0.1875,0.9431495595544487,0.01159895944573125,0.0006481481481481755,0.009659833504055365,0.5924302027141652,0.1327307419085266,0.10079845199153106,0.0,0.7232450047047466,0.5903068297397085,0.2733284421330676,0.4030476058201518,0.41857017296253274,sad,04,11,11,male,strong,1286
100,3.336666666666667,True,1.0,0.5061261306395723,0.4899941328557816,0.49806013174767694,0.48685376744046893,-0.07134259259259268,-0.0712037037037036,0.39189043641899407,0.2556710885011238,0.18820457916060043,1.0230179266479196,0.016131997783790764,0.00013888888888907713,0.01816143946705598,0.5786563602394224,0.13422237746935894,0.09880349770127858,0.0,0.7944334752172516,0.5919375537871399,0.27216783716697074,0.40650298306113875,0.41800919756336213,sad,04,11,11,male,strong,1286
0,0.0,True,1.0,0.49369843906106237,0.4752738434005181,0.48448614123079026,0.47776945871802784,-0.06013888888888891,-0.06347222222222226,0.38195166407178816,0.22555537934048447,0.1805707667537517,1.0140584174860925,0.018424595660544274,0.003333333333333355,0.02185309868777939,0.5469538528713361,0.13255742277527358,0.10102627103222449,0.0,0.6776676349847335,0.5844474952012054,0.27512817999065975,0.406224415195134,0.407790773635586,sad,04,11,11,male,strong,1287
10,0.33366666666666667,True,1.0,0.5002028699416716,0.49238392092397903,0.49629339543282536,0.44537818934103013,-0.06981481481481483,-0.07481481481481478,0.36344665837981555,0.2958462694877307,0.1854183125512156,1.1143190378656127,0.007818949017692589,0.004999999999999949,0.02615118976083867,0.6482065397255223,0.13188141899778266,0.10190715919206755,0.0,0.7655130605734768,0.5837104613017081,0.2774491727481331,0.4106618707784614,0.41312238845868055,sad,04,11,11,male,strong,1287
20,0.6673333333333333,True,1.0,0.4790866978153499,0.48145183577948614,0.480269266797418,0.4837260248367186,-0.065462962962963,-0.07120370370370371,0.36595846203935584,0.31541925974348595,0.18680718920315206,0.9928538927785259,0.0023651379641362325,0.005740740740740713,0.026740795392798222,0.5680156378001332,0.13188424706006538,0.10190349919761016,0.0,0.8351411179913005,0.5846706926911389,0.2768338196515788,0.40834693119208626,0.4156235008200019,sad,04,11,11,male,strong,1287
30,1.0010000000000001,True,1.0,0.46213568876925404,0.4287306780929176,0.44543318343108584,1.0319847669430757,-0.07018518518518524,-0.07416666666666677,0.3649034581009771,0.48183440529824173,0.17639061901081732,0.4316276729069742,0.033405010676336444,0.00398148148148153,0.025711725928224016,0.304459478273391,0.1290233599740957,0.10550237131067697,0.0,0.7071067807446058,0.5869613188400361,0.279451432292056,0.3992814764454261,0.41412600270378247,sad,04,11,11,male,strong,1287
40,1.3346666666666667,True,1.0,0.4560747574309381,0.42866616497616195,0.44237046120355006,0.6064710556578312,-0.06962962962962971,-0.07078703703703698,0.3802511083336616,0.32866640989613405,0.17500392364463038,0.729417269095747,0.02740859245477617,0.0011574074074072738,0.02019915836222783,0.4942595668342683,0.13625665359420963,0.09597865451882642,0.0,0.47922788539390365,0.5470767952259028,0.24618068071862886,0.42161213771101813,0.3881773653807213,sad,04,11,11,male,strong,1287
50,1.6683333333333334,True,1.0,0.4346297866351342,0.4430551529846962,0.4388424698099152,0.49851721571255436,-0.06930555555555556,-0.07208333333333339,0.37423752535194865,0.26881913863379264,0.17917731201720288,0.8802955163397052,0.008425366349562036,0.0027777777777778234,0.02611600128360975,0.548089075468223,0.1334367136756946,0.09986201087028744,0.0,0.6430536731554345,0.5888852577280912,0.27698350265559063,0.40036464782779957,0.4113371754834045,sad,04,11,11,male,strong,1287
60,2.0020000000000002,True,1.0,0.42060947093722667,0.3875455726507864,0.4040775217940065,0.780519677038768,-0.07148148148148148,-0.07263888888888892,0.3551022216404119,0.355253951855593,0.1847370903386176,0.5177031837647524,0.033063898286440296,0.0011574074074074403,0.015462815032012134,0.36144307524216385,0.13136159128556182,0.10257636231778972,0.0,0.7071067807446058,0.5832851847145109,0.2773299070912005,0.3952768137766986,0.40749699003380724,sad,04,11,11,male,strong,1287
70,2.3356666666666666,True,1.0,0.4938334942676377,0.45016891969321615,0.4720012069804269,0.5823615865642786,-0.07171296296296292,-0.07263888888888881,0.37809950573191115,0.2846211787617949,0.18268065722355606,0.8104950907992785,0.04366457457442152,0.0009259259259258856,0.017967357681401817,0.4628889292367965,0.13408846786686582,0.09898515321477712,0.0,0.6073486445330061,0.5872150350765306,0.2752610048931565,0.3963802716943432,0.4077488801578434,sad,04,11,11,male,strong,1287
80,2.6693333333333333,True,1.0,0.47261685600585013,0.44200006683442733,0.4573084614201387,0.44041054147542563,-0.06763888888888892,-0.06851851851851853,0.38272829678372405,0.18112256830296064,0.18618037767855122,1.0383685637680313,0.030616789171422798,0.0008796296296296191,0.005654851125649326,0.6120851020738393,0.13370560053953073,0.09950170931170149,0.0,0.6470634151770905,0.5860820362051071,0.2735940350919388,0.39864454753955786,0.4058363273693804,sad,04,11,11,male,strong,1287
90,3.003,True,1.0,0.49523599207595653,0.4791903048396928,0.4872131484578247,0.41676802281338954,-0.06532407407407398,-0.06722222222222224,0.3719534169297987,0.17451531444726875,0.1854429990664996,1.1690271848806821,0.016045687236263706,0.0018981481481482598,0.005888663908536752,0.6349593030910669,0.13318379708950312,0.10019907167480517,0.0,0.5781165595941106,0.5875579770267482,0.27375882454204603,0.4010753812610701,0.4057730216484599,sad,04,11,11,male,strong,1287
0,0.0,True,1.0,0.5389335647839488,0.5282373768392503,0.5335854708115996,0.6762460982290937,-0.053333333333333344,-0.055185185185185115,0.37354999917529386,0.3380408151902103,0.15840270547151158,0.7890403688966431,0.01069618794469851,0.0018518518518517713,0.0025159892764011135,0.43182592065182374,0.13364080093673866,0.09958872474614991,0.0,0.6960576740314316,0.6001260742656439,0.2732411886723052,0.36377867392548735,0.3907679160879618,angry,05,11,11,male,normal,1288
10,0.33366666666666667,True,1.0,0.5742523826412977,0.5765802328873687,0.5754163077643333,0.6579646244313355,-0.052731481481481546,-0.05523148148148149,0.375274221400318,0.3486991855264153,0.15772066016739558,0.8745398861856032,0.0023278502460709616,0.0024999999999999467,0.001868808780995389,0.45174569379532975,0.13486790091451964,0.09792051406501055,0.0,0.5912587929066639,0.6019321953078106,0.2763815240596036,0.37383036946894926,0.39714628847242667,angry,05,11,11,male,normal,1288
20,0.6673333333333333,True,1.0,0.5880156244169511,0.5581973818333162,0.5731065031251337,0.6864756762105452,-0.051574074074074105,-0.05523148148148144,0.3659448706037298,0.3431543602279669,0.15699304898955815,0.8348533283637559,0.029818242583634857,0.0036574074074073315,0.0006130168048224669,0.43048900586710287,0.13432433486405226,0.09866484092657243,0.0,0.5871867474431418,0.6004963399578582,0.2761953866540207,0.37204807139923596,0.3969628477235219,angry,05,11,11,male,normal,1288
30,1.0010000000000001,True,1.0,0.5030949974064706,0.511602951776442,0.5073489745914563,0.9368683573290012,-0.056805555555555554,-0.05870370370370365,0.3764513692150418,0.45547868479471326,0.15142113889418593,0.5415371013681167,0.008507954369971427,0.0018981481481480933,0.006853787639813523,0.31702569631437083,0.13225164860419086,0.10142622546942247,0.0,0.586242653811035,0.6026378200733419,0.2803945941548088,0.3701655604448411,0.4040460235000203,angry,05,11,11,male,normal,1288
40,1.3346666666666667,True,1.0,0.5557752386834462,0.5271960708459285,0.5414856547646874,0.9019071925261323,-0.05425925925925923,-0.057592592592592584,0.3629332422277477,0.4238965626345471,0.15633249775243666,0.6003784638284699,0.028579167837517794,0.003333333333333355,0.00372083320499992,0.3370380996876424,0.132977241581127,0.10047303614899383,0.0,0.6070889027350757,0.5956600616496599,0.27912352252327527,0.37445168601339207,0.402697751975055,angry,05,11,11,male,normal,1288
50,1.6683333333333334,True,1.0,0.5599547943628211,0.5384574197142468,0.5492061070385339,0.9884593978877214,-0.05810185185185185,-0.05925925925925918,0.3697413640220165,0.420714506657938,0.16047420378119986,0.5556182764938595,0.021497374648574374,0.0011574074074073293,0.001170939034846503,0.30521762259811663,0.13139831775141522,0.10252931221626271,0.0,0.6606790010618733,0.5918462096791841,0.2778104437472785,0.37170581405327535,0.40325871380517325,angry,05,11,11,male,normal,1288
60,2.0020000000000002,True,1.0,0.49230769230769167,0.4762221136829512,0.48426490299532143,0.7929226715161232,-0.05379629629629634,-0.05550925925925915,0.37073001927707067,0.36327923973612697,0.16047420378119986,0.6107340859221156,0.01608557862474047,0.0017129629629628051,0.0018170470786901787,0.3390080419274228,0.13295360999487588,0.10050430518559124,0.0,0.6440554894067574,0.5940326022127601,0.27734881733203826,0.3718580049641331,0.3970825879234566,angry,05,11,11,male,normal,1288
70,2.3356666666666666,True,1.0,0.5197719611156422,0.5171608968302076,0.5184664289729248,0.8267577307885229,-0.056111111111111,-0.057499999999999885,0.32077663081159935,0.34446369998369925,0.16532393237587528,0.6271080507205367,0.002611064285434561,0.001388888888888884,0.00020180189237219834,0.3130312334091193,0.13443045954919455,0.09852019750850514,0.0,0.6194427315556192,0.5963156213188401,0.2747569910160202,0.37846054337782303,0.39854795487581934,angry,05,11,11,male,normal,1288
80,2.6693333333333333,True,1.0,0.5880156244169511,0.5610976294247724,0.5745566269208617,0.6438047865737647,-0.055833333333333235,-0.05810185185185185,0.3825522065025636,0.2252746598676417,0.16602783406449764,0.8924391972581758,0.02691799499217873,0.002268518518518614,0.004289354078135436,0.4161446767070016,0.1331051877516593,0.10030347334537658,0.0,0.6417595217712823,0.593882052641369,0.27521776697286837,0.37477995131718606,0.3969246208488988,angry,05,11,11,male,normal,1288
90,3.003,True,1.0,0.5334414850270636,0.5271696588902757,0.5303055719586696,0.4402622608222968,-0.054768518518518605,-0.05689814814814814,0.39386060465920825,0.1508691447440704,0.16600163907137405,1.2045219841650634,0.006271826136787895,0.002129629629629537,0.004092698335631269,0.565103197732377,0.1334632651800303,0.09982652262392643,0.0,0.6701577899428108,0.5950944392366321,0.2753015147012696,0.3726416239193298,0.3948408845379295,angry,05,11,11,male,normal,1288
100,3.336666666666667,True,1.0,0.6194007906409431,0.5694209304085165,0.5944108605247298,0.4595860005227896,-0.05449074074074073,-0.057314814814814874,0.3869444689219987,0.15302730493938452,0.1666890955774205,1.293361546802065,0.04997986023242662,0.0028240740740741455,0.011929801666021263,0.5469794131398553,0.13476209964577843,0.09806607094628145,0.0,0.5925077290633933,0.5943551906622023,0.274375025111376,0.375581270115139,0.39514185323601103,angry,05,11,11,male,normal,1288
0,0.0,True,1.0,0.6522454466546416,0.6152577695099096,0.6337516080822756,0.5045212658200505,-0.05652777777777784,-0.05814814814814817,0.36623135403478163,0.27258822448542597,0.17294490231316767,1.25614448987036,0.036987677144731945,0.0016203703703703276,0.008687407337653434,0.5477111070733571,0.13576028942186932,0.09667947862930766,0.0,0.6151300967993022,0.5972654448888931,0.2742704479598442,0.3781381304514284,0.39521940037919573,angry,05,11,11,male,normal,1289
10,0.33366666666666667,True,1.0,0.6313975895687997,0.6095303195763399,0.6204639545725698,0.5314031398067525,-0.05740740740740752,-0.05930555555555561,0.3657377394975676,0.2790661760749754,0.17432131212675447,1.167595574987014,0.021867269992459804,0.0018981481481480933,0.0053034899007158515,0.5212693314863922,0.1341943149262023,0.09884160871410709,0.0,0.6321750999548525,0.5983430049050871,0.2738336812369829,0.3748658171531997,0.3938968981899742,angry,05,11,11,male,normal,1289
20,0.6673333333333333,True,1.0,0.624531720017408,0.6035855319288246,0.6140586259731162,0.5224196931300353,-0.057083333333333375,-0.05888888888888888,0.36348291466395266,0.26095266599379385,0.17295240163192796,1.175412477837567,0.020946188088583395,0.0018055555555555047,0.005941489253558172,0.5349602922165151,0.13525478810440877,0.09738542019527724,0.0,0.7126051309665385,0.5981542999621724,0.27376359325977956,0.37631784317425243,0.39327523913712564,angry,05,11,11,male,normal,1289
30,1.0010000000000001,True,1.0,0.5922320057723017,0.5611131264373186,0.5766725661048102,0.8609729259952933,-0.057314814814814874,-0.057638888888888906,0.3821232498648468,0.40465744909805507,0.1681009474754647,0.6697917538326434,0.03111887933498314,0.0003240740740740322,0.007254900451092843,0.35533081294066715,0.13116826301279416,0.10282346303022223,0.0,0.807687703333226,0.5968512794727266,0.27516913790730446,0.3800786319941902,0.40924865727210313,angry,05,11,11,male,normal,1289
40,1.3346666666666667,True,1.0,0.6004792772888626,0.5759280878158959,0.5882036825523793,0.7179418783385603,-0.05532407407407414,-0.05648148148148141,0.3864371376081202,0.2947351984242936,0.17502789956175557,0.819291505760303,0.02455118947296675,0.0011574074074072738,0.0009146768578069724,0.4131884873246803,0.13268721180956916,0.100855746458555,0.0,0.6521245303615203,0.5947238981530113,0.27558484647890474,0.37822660017387033,0.39753657667487874,angry,05,11,11,male,normal,1289
50,1.6683333333333334,True,1.0,0.5925717288349516,0.5695591899032811,0.5810654593691164,0.8214300632051359,-0.0556018518518519,-0.05587962962962961,0.3838179666213843,0.35283560089731325,0.17364670316586833,0.707382752832126,0.023012538931670434,0.0002777777777777102,5.5706664211061476e-05,0.3615783700175509,0.13408546591144413,0.09898921963003003,0.0,0.6714130334853127,0.5942080981845863,0.27634270310205367,0.38058204096434833,0.401479511170286,angry,05,11,11,male,normal,1289
60,2.0020000000000002,True,1.0,0.5908606549293417,0.5675926598483414,0.5792266573888416,0.7257952475868841,-0.05754629629629632,-0.05814814814814806,0.38374741231900744,0.29263684853426936,0.1757222337487262,0.7980579361943302,0.023267995081000303,0.0006018518518517424,0.006997836838164214,0.40769658842194173,0.1332915315375021,0.10005571144145195,0.0,0.672051682072045,0.5946005157609919,0.27666562737496486,0.38090600736372693,0.3990131364955781,angry,05,11,11,male,normal,1289
70,2.3356666666666666,True,1.0,0.6339556687040871,0.6104406019921983,0.6221981353481427,0.7112936589999541,-0.05648148148148152,-0.05865740740740727,0.365975420161769,0.24805831886122431,0.1764165688036608,0.8747415747005596,0.023515066711888855,0.002175925925925748,0.00907269103215619,0.3835889434179422,0.13311684042518002,0.10028800809096533,0.0,0.7393348552648215,0.596221139252576,0.2769810748963785,0.37515400268857274,0.39315075845936154,angry,05,11,11,male,normal,1289
80,2.6693333333333333,True,1.0,0.6190938603342953,0.6156972902376208,0.617395575285958,0.6339076808832468,-0.055833333333333346,-0.05796296296296294,0.37851062940166663,0.22615729993004974,0.1770988427644487,0.9739518764399859,0.0033965700966744894,0.0021296296296295925,0.012458020256659577,0.41483892270625616,0.13430418803870758,0.09869226335976813,0.0,0.6698550784559361,0.5926726122792867,0.27667029184648595,0.37324469501688634,0.3881106133344308,angry,05,11,11,male,normal,1289
90,3.003,True,1.0,0.6466224523983632,0.6182857023374548,0.632454077367909,0.5347592161194862,-0.05523148148148149,-0.05708333333333343,0.3746129789133656,0.20850998751635094,0.17571007646889364,1.1826894391037368,0.02833675006090841,0.0018518518518519378,0.007963234226278572,0.4803952339539588,0.13376491053145514,0.0994219617698428,0.0,0.7858720746515273,0.5952524843296695,0.27605565000644966,0.3721896292198905,0.38718587471289995,angry,05,11,11,male,normal,1289
100,3.336666666666667,True,1.0,0.6112220768885289,0.6183208909061628,0.6147714838973459,0.5529888322549346,-0.055972222222222257,-0.05912037037037038,0.38382831215975377,0.2249766103919244,0.17640445937537766,1.1117249536314846,0.007098814017633903,0.003148148148148122,0.009860376817957995,0.4990934805608526,0.1340402213221995,0.09905047622125224,0.0,0.6739311768062657,0.592991839220063,0.27514053591110244,0.371753277484313,0.3890552618167927,angry,05,11,11,male,normal,1289
0,0.0,True,1.0,0.5607919123774918,0.5459359996271392,0.5533639560023156,0.5022081751854777,-0.0589351851851852,-0.05949074074074073,0.375350916298569,0.27705086729326167,0.16530039514109188,1.1018617046565298,0.014855912750352585,0.0005555555555555314,4.3131456034793476e-05,0.549258425306439,0.13456568953118336,0.09833541057429517,0.0,0.7499645463273557,0.5935928013002075,0.2728835144946324,0.37281991772824624,0.3978938206237504,angry,05,11,11,male,normal,1290
10,0.33366666666666667,True,1.0,0.565859451349685,0.5214188093743489,0.5436391303620169,0.4987899870609142,-0.057499999999999996,-0.05851851851851847,0.37759721349502945,0.2688191386337927,0.16808460779645007,1.0899158853716635,0.04444064197533604,0.0010185185185184742,0.001853110851243686,0.5496786687150657,0.13385850450223744,0.09929591403467564,0.0,0.6761816314768708,0.5981516464320102,0.2721560037386851,0.37403108644874944,0.3984727526508694,angry,05,11,11,male,normal,1290
20,0.6673333333333333,True,1.0,0.5557757887213675,0.5271696588902758,0.5414727238058217,0.46766496362265286,-0.05749999999999994,-0.05874999999999997,0.395773902599481,0.25863390208833376,0.16529439491774373,1.157821872332353,0.028606129831091676,0.0012500000000000289,0.00026833866733288743,0.5791561780327993,0.13453408370896167,0.09837864652642937,0.0,0.6584102165346593,0.596603098966149,0.2733544841740961,0.3761645083620759,0.3994081596139396,angry,05,11,11,male,normal,1290
30,1.0010000000000001,True,1.0,0.6322612147414247,0.5945449617082462,0.6134030882248355,1.0516673446458626,-0.05523148148148138,-0.05685185185185193,0.3626565372380842,0.4641744674249132,0.16807189805898232,0.5832672197608191,0.03771625303317849,0.0016203703703705497,0.0005531322260572948,0.2801985784250411,0.1317356820047409,0.10209548402448698,0.0,0.6966526981345621,0.5910955411305147,0.2775590850958731,0.3812592508598597,0.404543684230924,angry,05,11,11,male,normal,1290
40,1.3346666666666667,True,1.0,0.606320456440447,0.5857677273617385,0.5960440919010928,0.8153438942867909,-0.054166666666666696,-0.05703703703703705,0.3801891859860222,0.34930781029856617,0.1666890955774205,0.7310339797447958,0.02055272907870842,0.0028703703703703565,0.013211425225417376,0.34845089621263775,0.1318346084587901,0.10196770951529452,0.0,0.8389527821975292,0.5933319282869398,0.2753803415137568,0.3764982031153026,0.3948825173883038,angry,05,11,11,male,normal,1290
50,1.6683333333333334,True,1.0,0.5278054288657608,0.49757006060657466,0.5126877447361677,0.8656606918226994,-0.057453703703703674,-0.05712962962962964,0.38349151708933443,0.36897689597799155,0.1666890955774205,0.592250231042227,0.0302353682591861,0.0003240740740740322,0.012534941918650191,0.33200527536336144,0.13339352190633025,0.09991969818286858,0.0,0.7944173620624384,0.5928776483171394,0.27670039432506116,0.3834660116578491,0.4055168574283533,angry,05,11,11,male,normal,1290
60,2.0020000000000002,True,1.0,0.5388326553074925,0.5230989844337542,0.5309658198706233,0.7121027973055536,-0.05833333333333329,-0.057916666666666616,0.3895093193624643,0.2604703321588349,0.17295240163192807,0.7456308581846409,0.015733670873738226,0.0004166666666666763,0.008071241629245973,0.38305457009300925,0.1320085689652813,0.10174239770708078,0.0,0.7505179632282237,0.592142389838748,0.2760977224296699,0.3753596814179144,0.39283308275279927,angry,05,11,11,male,normal,1290
70,2.3356666666666666,True,1.0,0.60537224522561,0.594544961708246,0.599958603466928,0.718821413017485,-0.05430555555555544,-0.056851851851851876,0.36986884690997285,0.2462094664193051,0.17016086012648832,0.8346420857837387,0.01082728351736395,0.0025462962962964353,0.0070026844174046615,0.37674280128465587,0.1329630983316425,0.10049175216712651,0.0,0.7353715966413968,0.5906008563347214,0.2749846768570585,0.3750779539946856,0.39566423550309154,angry,05,11,11,male,normal,1290
80,2.6693333333333333,True,1.0,0.5873574303834707,0.5899027175803648,0.5886300739819177,0.6094670834330875,-0.054398148148148195,-0.05680555555555544,0.37963957683617255,0.23326262275682355,0.17014292463502945,0.96581109953667,0.002545287196894175,0.002407407407407247,0.009306054492567339,0.4549914863105557,0.13373414143037096,0.09946334594951954,0.0,0.7204717087864541,0.5955820009253702,0.275136450557623,0.37379792461858014,0.39371177503962496,angry,05,11,11,male,normal,1290
90,3.003,True,1.0,0.6426788923625754,0.6393057083959139,0.6409923003792446,0.5968675036078568,-0.055555555555555525,-0.05824074074074076,0.38067674836289633,0.23988317957857108,0.17085521526842076,1.073927289565387,0.0033731839666614194,0.002685185185185235,0.006201826395953089,0.46486945349618636,0.13309302294698447,0.10031961430532893,0.0,0.6736379254546372,0.5940975270889606,0.2751271371259448,0.3712010942454008,0.3936198322778271,angry,05,11,11,male,normal,1290
100,3.336666666666667,True,1.0,0.6419595111168543,0.6368418351816008,0.6394006731492275,0.5833387648505405,-0.05356481481481484,-0.057916666666666616,0.3807708359392696,0.2591806919520259,0.17084047876316602,1.0961052336596402,0.005117675935253585,0.0043518518518517735,0.008692520968526941,0.47537100370764585,0.13367688785640888,0.09954028041234557,0.0,0.9999999987499999,0.5961904195740797,0.2755485168801731,0.37262654727898403,0.39172359934662676,angry,05,11,11,male,normal,1290
0,0.0,True,1.0,0.596506868455048,0.5783386704106864,0.5874227694328672,0.5286151143440818,-0.053009259259259256,-0.055648148148148224,0.3756160344929429,0.27080816053056667,0.1694606530057904,1.111248531290588,0.01816819804436154,0.0026388888888889683,0.008799196718194286,0.5085120628911326,0.13439013472595876,0.09857519698232582,0.0,0.6569963199105407,0.5983010286614645,0.2748897441078643,0.36890152847364915,0.3903850287052908,angry,05,11,11,male,normal,1291
10,0.33366666666666667,True,1.0,0.6098797987908084,0.5818554487017492,0.5958676237462788,0.534169874654448,-0.05305555555555558,-0.0568981481481482,0.37808059600443106,0.26685900004595664,0.16875723364125755,1.1155021127534435,0.028024350089059236,0.0038425925925926196,0.008753048864621705,0.5095289775073177,0.13516922115095806,0.09750415081049693,0.0,0.6730565709968345,0.5952980367928421,0.2744190588063337,0.37393383200855435,0.3912273321294249,angry,05,11,11,male,normal,1291
20,0.6673333333333333,True,1.0,0.6153468771412061,0.5830939434235473,0.5992204102823766,0.5453913770708051,-0.05268518518518528,-0.056064814814814845,0.37236202802630436,0.2791104928313829,0.16806281908660348,1.0986979909742562,0.032252933717658805,0.003379629629629566,0.00625087252562118,0.5124345506373065,0.13468870552305845,0.09816684968085913,0.0,0.6686635649337334,0.5975479349005227,0.274859621652806,0.37481175279755324,0.39218180883792364,angry,05,11,11,male,normal,1291
30,1.0010000000000001,True,1.0,0.5607919123774914,0.5406440890939961,0.5507180007357437,0.8320673554016109,-0.05513888888888879,-0.05629629629629629,0.3846037934412048,0.36470664704600503,0.16947325859287193,0.6618670918412978,0.020147823283495292,0.0011574074074074958,0.007984887635064697,0.35601940188752834,0.13234975169652197,0.10129817864797515,0.0,0.6650285175599857,0.593156888927446,0.2759558518137776,0.3776052307179851,0.3989136846261626,angry,05,11,11,male,normal,1291
40,1.3346666666666667,True,1.0,0.5198864343300375,0.5015502264937701,0.5107183304119038,0.7093779154185007,-0.05509259259259247,-0.05685185185185182,0.3866258478555559,0.3038811677128745,0.16738344696828994,0.7199523967568165,0.018336207836267326,0.0017592592592593492,0.008408412026530736,0.4131884873246795,0.13440271770906412,0.09855803997726298,0.0,0.667887402530486,0.5940666609378127,0.27516349620186886,0.37613382830766207,0.39551927934248604,angry,05,11,11,male,normal,1291
50,1.6683333333333334,True,1.0,0.4850851695024888,0.461323963985991,0.47320456674423994,0.7332878693682219,-0.05481481481481476,-0.05587962962962967,0.3833223084510623,0.303201404320562,0.16807189805898232,0.6453189620495677,0.023761205516497796,0.0010648148148149073,0.006169082210999065,0.4102899176546743,0.1334699411916013,0.0998175964948523,0.0,0.6874578568618713,0.5959876934133028,0.27504096151382545,0.38192668788520523,0.40146820367331726,angry,05,11,11,male,normal,1291
60,2.0020000000000002,True,1.0,0.5610093236416911,0.5323623753040849,0.546685849472888,0.730750739917945,-0.05703703703703705,-0.059074074074074,0.38506332684634076,0.2819206245797601,0.17502789956175563,0.7481153553594412,0.02864694833760617,0.0020370370370369484,0.009186809062070476,0.3862953001505811,0.13120539962083455,0.10277607154270539,0.0,0.6823468994179495,0.5915978348292442,0.2762169118237695,0.3693959415914909,0.39382754186225566,angry,05,11,11,male,normal,1291
70,2.3356666666666666,True,1.0,0.5925717288349504,0.558926729150776,0.5757492289928632,0.865351764270193,-0.05523148148148138,-0.05675925925925923,0.3667662905134365,0.3260611852579983,0.17017520715864085,0.6653354771610476,0.03364499968417434,0.00152777777777785,0.010060044819807792,0.32155896442415266,0.13451060850706284,0.09841074113567712,0.0,0.6585321060507585,0.5928219635901236,0.27701916900385065,0.3816813075278009,0.3963841543583293,angry,05,11,11,male,normal,1291
80,2.6693333333333333,True,1.0,0.5515966665478338,0.551192835293882,0.5513947509208579,0.6620627575210282,-0.05347222222222214,-0.05638888888888893,0.36993955067580797,0.25813914223051093,0.17085521526842076,0.8328436309957289,0.0004038312539518252,0.0029166666666667895,0.0015530430302416456,0.4278592923679807,0.13374400922924573,0.09945007675705289,0.0,0.672091687300962,0.5946366819618473,0.27628969538280485,0.3736197175981258,0.3935151949246112,angry,05,11,11,male,normal,1291
90,3.003,True,1.0,0.6558697762317487,0.64583447745549,0.6508521268436194,0.6265018749392492,-0.0553703703703704,-0.05912037037037038,0.37637875087249917,0.24131518216301803,0.17363264297900666,1.0388670056362264,0.010035298776258639,0.0037499999999999756,0.0034163160626155477,0.4221283033640778,0.13438934866493057,0.09857626863072692,0.0,0.6665096586286705,0.5967500484725141,0.2750627119913243,0.36947719374945026,0.39161129721469284,angry,05,11,11,male,normal,1291
100,3.336666666666667,True,1.0,0.60537224522561,0.6123253278193612,0.6088487865224856,0.5682310043047876,-0.05458333333333337,-0.05842592592592594,0.3726257693589212,0.23117769801389826,0.17015009905848213,1.0714811087568032,0.00695308259375127,0.003842592592592564,0.005891504431267112,0.445222672472782,0.13492082865576474,0.09784757414783568,0.0,0.6773918425161596,0.5931570083814776,0.2753124915929284,0.3701310957654506,0.38962509161933895,angry,05,11,11,male,normal,1291
110,3.6703333333333332,True,1.0,0.5836378952585565,0.5857677273617381,0.5847028113101473,0.5642985732587729,-0.05560185185185185,-0.05907407407407406,0.37509214352757686,0.22947975249226102,0.16946650571640118,1.036158585221192,0.002129832103181628,0.00347222222222221,0.012070810919487685,0.4450324552387555,0.13445320178981074,0.09848915828758172,0.0,0.6545768520715475,0.5946281859618848,0.2757932918121067,0.3690900632650106,0.3905615007004117,angry,05,11,11,male,normal,1291
0,0.0,True,1.0,0.7262181409816976,0.7280790123941816,0.7271485766879395,0.5543790195142,-0.058657407407407436,-0.06231481481481482,0.3706567819443838,0.2769550246346627,0.17990352436566096,1.3116451941582075,0.001860871412484033,0.003657407407407387,0.0009745346281975332,0.49887070455562493,0.1327783961168395,0.10073567042657336,0.0,0.6611731863003851,0.6028933451427447,0.2753973814672081,0.3748248140853785,0.4026816947637981,angry,05,11,11,male,strong,1292
10,0.33366666666666667,True,1.0,0.7125713156336272,0.7138613846140776,0.7132163501238524,0.5378190310236475,-0.058333333333333404,-0.06513888888888897,0.3698759272486844,0.2684850991496437,0.17989546661676634,1.3261270222557313,0.0012900689804503651,0.006805555555555565,0.004019331666832096,0.4939398526287138,0.1338849237402295,0.09926028897152712,0.0,0.6816427114757926,0.6051278657244148,0.2753314761013368,0.38272555126021446,0.4070176099884324,angry,05,11,11,male,strong,1292
20,0.6673333333333333,True,1.0,0.7255396188949327,0.7011592306773331,0.713349424786133,0.5317891848154677,-0.059953703703703676,-0.06472222222222218,0.36676468351969965,0.2790661760749756,0.18058259679984479,1.3414139383704602,0.02438038821759958,0.004768518518518505,0.003775709439604533,0.5097871819504138,0.13427289726256064,0.0987348308979593,0.0,0.7428138056462008,0.6039594976115447,0.27525953425795247,0.38131966515692217,0.4044424706547155,angry,05,11,11,male,strong,1292
30,1.0010000000000001,True,1.0,0.6652743126336418,0.6729399187524642,0.669107115693053,1.1336951404310236,-0.06444444444444453,-0.0700925925925926,0.39839191129678053,0.5107466941678686,0.17992218303025742,0.5902002150583999,0.007665606118822388,0.005648148148148069,0.00976254103018656,0.27900493725233233,0.12925431781125968,0.10521929052381412,0.0,0.7848282333595779,0.6033402005177071,0.27974947261965966,0.38582815806606713,0.4216444904856447,angry,05,11,11,male,strong,1292
40,1.3346666666666667,True,1.0,0.6922593800725898,0.7081225334505914,0.7001909567615906,1.5076712040346711,-0.06652777777777785,-0.07564814814814808,0.33831711453219526,0.687874158721155,0.18408746739003493,0.4644188699020139,0.015863153378001593,0.009120370370370223,0.004661303468799365,0.23117979560545987,0.12978402427659969,0.10456521799222243,0.0,0.6587675585501334,0.5895903521799345,0.2800887406327764,0.39034947458693925,0.418920298198713,angry,05,11,11,male,strong,1292
50,1.6683333333333334,True,1.0,0.6829319619833583,0.697960869492463,0.6904464157379107,1.5217567216154217,-0.064537037037037,-0.07222222222222224,0.3342302760204357,0.6870066752923982,0.1799442316849471,0.45371668541405674,0.015028907509104794,0.007685185185185239,0.004487655635187925,0.20229621528593228,0.12892635111247192,0.10562089641651728,0.0,0.8467867519211432,0.5914929553305698,0.28077588766743605,0.3897597426964635,0.41463992068088273,angry,05,11,11,male,strong,1292
60,2.0020000000000002,True,1.0,0.6522541700284428,0.6413781384226199,0.6468161542255313,0.7539811611125901,-0.061064814814814905,-0.06759259259259254,0.36929635588198095,0.3835297570101271,0.17514119582942933,0.8578677924406972,0.010876031605822845,0.0065277777777776325,0.0028146516349219393,0.3569221682530721,0.13081551142538936,0.10327187294631304,0.0,0.6781336122516514,0.5916043810571104,0.2735318497044962,0.3820643295098714,0.39666848579689346,angry,05,11,11,male,strong,1292
70,2.3356666666666666,True,1.0,0.7010916388471012,0.7106363442231558,0.7058639915351286,1.3481982831134445,-0.059629629629629644,-0.06680555555555551,0.2681388131052476,0.7017810123954608,0.1799836581207141,0.5235609630840432,0.009544705376054563,0.007175925925925863,0.0017388621245109427,0.20033651841005273,0.134081508289737,0.09899458018737863,0.0,0.8112481243722722,0.5936655631705807,0.2773213817206054,0.3881240762350009,0.39908120133656283,angry,05,11,11,male,strong,1292
80,2.6693333333333333,True,1.0,0.70433264898847,0.7112275743740625,0.7077801116812663,0.82311493600746,-0.059953703703703676,-0.06680555555555551,0.3419877042367288,0.3682177001274833,0.1779017598901022,0.8598800492120479,0.006894925385592443,0.006851851851851831,0.0017670822602356426,0.3458231694563049,0.13342434875782683,0.09987853087727928,0.0,0.5971487910600588,0.5940951901620023,0.2737557877845178,0.3803904465276603,0.39875197115664224,angry,05,11,11,male,strong,1292
90,3.003,True,1.0,0.7237136405814238,0.713485795333973,0.7185997179576984,0.6579177602799663,-0.059444444444444466,-0.06564814814814818,0.3517621675189717,0.32195975503062124,0.17793263472483226,1.0922333479064463,0.010227845247450795,0.006203703703703711,0.0006928525664051967,0.4308510638297859,0.13297422297656913,0.10047703118312316,0.0,0.8004713258818831,0.5991113618572429,0.27347961152688827,0.3759533435948615,0.4028201425634296,angry,05,11,11,male,strong,1292
100,3.336666666666667,True,1.0,0.7284157306468434,0.7239066892305653,0.7261612099387044,0.6337429785259582,-0.06092592592592588,-0.06731481481481488,0.35648462552631244,0.31684780096498727,0.17996966908377496,1.1458291997612415,0.004509041416278059,0.006388888888888999,0.0003241001954218633,0.4285088433423047,0.13343975810174885,0.09966696936229187,0.0,0.6231498961290891,0.600088826913578,0.27381006790450246,0.3795249442466347,0.4004491836988743,angry,05,11,11,male,strong,1292
0,0.0,True,1.0,0.6881206052630323,0.6919500265716882,0.6900353159173602,0.5874900841561836,-0.0598611111111112,-0.06796296296296295,0.36995409337593915,0.28030138869718935,0.18129208832451157,1.174548021365268,0.0038294213086559337,0.008101851851851749,0.003073607456588263,0.46063755611084417,0.13562354337390167,0.09687121478870267,0.0,0.5741190471444424,0.601782652256215,0.2763816202941468,0.3822823079786789,0.4027895706571779,angry,05,11,11,male,strong,1293
10,0.33366666666666667,True,1.0,0.6699600390534816,0.662907782942104,0.6664339109977928,0.5780136756811668,-0.05981481481481482,-0.06699074074074068,0.36947725892389044,0.2889079772107509,0.18058259679984479,1.1529725662847443,0.007052256111377608,0.007175925925925863,0.006171296902958042,0.4860749565893375,0.13384967258694094,0.09930781902773606,0.0,0.662002074631122,0.6037082698001077,0.2758406940982175,0.3822596957886704,0.40277113262717934,angry,05,11,11,male,strong,1293
20,0.6673333333333333,True,1.0,0.6998554389655337,0.6922820851323681,0.696068762048951,0.668568568494466,-0.058750000000000024,-0.06490740740740736,0.36184399107435555,0.3069755451372236,0.17988825674602404,1.0411329440993793,0.007573353833165597,0.006157407407407334,0.006443325843587678,0.4266734232288714,0.13237191562367448,0.10126921410553508,0.0,0.8512387269618651,0.6045201754529937,0.275367687952153,0.37948056817595954,0.40162215260943607,angry,05,11,11,male,strong,1293
30,1.0010000000000001,True,1.0,0.49109535682191213,0.4991267839744907,0.4951110703982014,1.3038118187909977,-0.05773148148148155,-0.06435185185185188,0.40907917848775277,0.6096196755143547,0.16541112939446095,0.3797412044149971,0.00803142715257854,0.006620370370370332,0.0015696752610468714,0.2766471269208949,0.12886883462269794,0.10569106506269807,0.0,0.6535270957409625,0.6044883568271059,0.2815625913965618,0.3978129769849642,0.43125551499173487,angry,05,11,11,male,strong,1293
40,1.3346666666666667,True,1.0,0.5896779222610377,0.5724888287784715,0.5810833755197546,1.2500755965017813,-0.05564814814814806,-0.06356481481481474,0.3731785859405764,0.5197591633318271,0.16813226075504378,0.4648385882788702,0.017189093482566142,0.007916666666666683,0.00075857552032294,0.2962345141981832,0.129684700888696,0.10468837627276253,0.0,0.6777172761839795,0.592428091603829,0.27952243137162114,0.4042190519917376,0.4317334242565722,angry,05,11,11,male,strong,1293
50,1.6683333333333334,True,1.0,0.6334333334130372,0.6389774309314911,0.6362053821722642,2.0384648732088526,-0.05666666666666664,-0.06425925925925918,0.3036466587056568,0.9540015606617426,0.1716278264873542,0.31210024294938205,0.005544097518453861,0.00759259259259254,0.0006097687184607641,0.15750000000000006,0.13006762112222317,0.10421224355582658,0.0,0.7071067807446058,0.5885295756114945,0.2773930451966155,0.39847336669397826,0.4233500274585809,angry,05,11,11,male,strong,1293
60,2.0020000000000002,True,1.0,0.630823970235175,0.6517785982188797,0.6413012842270274,0.4947196555605667,-0.05754629629629632,-0.06203703703703706,0.37380039342333465,0.25384148784859306,0.17304413168756036,1.2962923082172044,0.020954627983704732,0.00449074074074074,0.009223488200167345,0.49126021296637784,0.1327992469180412,0.10070818134361516,0.0,0.6895127672741481,0.5903324495657638,0.2730787991547101,0.38007972248245536,0.3979280491015772,angry,05,11,11,male,strong,1293
70,2.3356666666666666,True,1.0,0.5191097468539245,0.549107345540336,0.5341085461971302,1.0034386364748973,-0.05842592592592594,-0.06208333333333338,0.3589290567495181,0.4949250291386864,0.17094762437009114,0.5322782348440017,0.029997598686411497,0.0036574074074074425,0.004627141494567325,0.327964126275643,0.13308972900455532,0.10032398419702035,0.0,0.6778258341135113,0.5855078000809699,0.2734560487721117,0.3970570301427688,0.4192343447304291,angry,05,11,11,male,strong,1293
80,2.6693333333333333,True,1.0,0.7181236815539114,0.7156532606562911,0.7168884711051012,1.39590696607165,-0.0602314814814815,-0.06189814814814815,0.2728257929939066,0.7795324615724796,0.1724174732645335,0.5135646490271217,0.0024704208976202846,0.0016666666666666496,0.010629881359195521,0.19724025974025983,0.132716875989284,0.10081670793714348,0.0,0.6098338199185086,0.5877501425335759,0.27504068135058146,0.38131416350766323,0.39124145829157403,angry,05,11,11,male,strong,1293
90,3.003,True,1.0,0.7108120536885841,0.6840517378146379,0.697431895751611,0.7525609877204379,-0.05782407407407408,-0.0597685185185185,0.34648010198385726,0.3833801258198457,0.16959026572786812,0.9267446853233557,0.026760315873946228,0.0019444444444444153,0.011088652353600893,0.37194114085988267,0.13486725555453952,0.09792140292627641,0.0,0.6637814575725858,0.5900578907500501,0.2716864913263961,0.3766821310732642,0.38850917142337554,angry,05,11,11,male,strong,1293
100,3.336666666666667,True,1.0,0.691311669462277,0.7030909753593417,0.6972013224108093,0.738926541985193,-0.058611111111111114,-0.06009259259259264,0.34451720497012694,0.362337009431202,0.17236569352316897,0.943532655543425,0.011779305897064773,0.001481481481481528,0.005857345786932547,0.3466673407427067,0.13409580347304614,0.09897521539608009,0.0,0.7134535066802415,0.5922265511986045,0.2730346126415372,0.37506666210014006,0.391513294667137,angry,05,11,11,male,strong,1293
110,3.6703333333333332,True,1.0,0.710812053688583,0.7241189700772854,0.7174655118829343,0.6772277728686837,-0.058657407407407436,-0.06046296296296305,0.348857993118524,0.3456446096846402,0.1745369464946361,1.0594153704651046,0.013306916388702406,0.0018055555555556158,0.005005341068996135,0.38669219886540357,0.12501741538160818,0.10830180145672308,0.0,0.9999999987499999,0.6377103655212085,0.30262733511055095,0.3465320446370038,0.43057789652981,angry,05,11,11,male,strong,1293
0,0.0,True,1.0,0.6850485218269685,0.6787498099022031,0.6818991658645859,0.531564724324171,-0.0596296296296297,-0.06837962962962962,0.3544694529928786,0.30022790360322515,0.18058259679984479,1.2828149323331217,0.006298711924765388,0.008749999999999925,0.007783077195406604,0.5198481264919689,0.13448824896370926,0.09844129551362069,0.0,0.6789587785584397,0.6012548207642431,0.2751421515722374,0.3840829675574277,0.40704012364346953,angry,05,11,11,male,strong,1294
10,0.33366666666666667,True,1.0,0.6984606919390614,0.6923316344521837,0.6953961631956225,0.5448259866963773,-0.0598611111111112,-0.06574074074074077,0.35557700281765187,0.3002279036032238,0.1778052414767488,1.276363793533871,0.006129057486877643,0.005879629629629568,0.004660028299114521,0.5071948343079602,0.13339811159625478,0.09991357062086881,0.0,0.6447307068640109,0.6034603459274335,0.2740174412400823,0.38453472228209234,0.4088764880743484,angry,05,11,11,male,strong,1294
20,0.6673333333333333,True,1.0,0.7255396188949327,0.718383210409475,0.7219614146522038,0.5360921586514942,-0.05856481481481485,-0.06638888888888894,0.34307298112808576,0.332900423855538,0.17643213684734227,1.3467113872141907,0.0071564084854577326,0.007824074074074094,0.001874339442315902,0.5226692276492514,0.13418970121617793,0.09884787230482965,0.0,0.580369557968939,0.6035389069065127,0.27458432928829885,0.38294836319007763,0.40840647678848346,angry,05,11,11,male,strong,1294
30,1.0010000000000001,True,1.0,0.6164368102837299,0.6305348640063153,0.6234858371450226,1.8713655883373583,-0.05935185185185182,-0.06597222222222232,0.31740867123047434,0.8421052631578944,0.1779017598901022,0.3331715839121353,0.014098053722585435,0.006620370370370499,0.003753675256859792,0.18300032446911063,0.1320110414495714,0.1017391896318593,0.0,0.589005901365762,0.5626416971788716,0.25402467874973345,0.37444061759609015,0.39108100751052616,angry,05,11,11,male,strong,1294
40,1.3346666666666667,True,1.0,0.6496024188867667,0.6372169247444408,0.6434096718156037,1.1428914289564516,-0.06032407407407414,-0.06689814814814815,0.353387218127452,0.5576631318623809,0.17373806664523814,0.562966573651783,0.012385494142325926,0.00657407407407401,0.006122214007121597,0.2984292164344754,0.13165040783012744,0.10220542005965803,0.0,0.6650184210424321,0.5919573879082883,0.2751126730054911,0.3977590583732113,0.4170860934934449,angry,05,11,11,male,strong,1294
50,1.6683333333333334,True,1.0,0.6231243598139731,0.65630816205838,0.6397162609361766,1.0823200797129486,-0.058472222222222314,-0.06300925925925926,0.3682669973730471,0.5211170754173462,0.17372357468471164,0.5910601428607342,0.03318380224440698,0.004537037037036951,0.005906865828761534,0.3196829192757966,0.13268117942168062,0.10086368225897403,0.0,0.7951566285610808,0.5897279450061275,0.2749315090320364,0.3989671892488229,0.41050417535181344,angry,05,11,11,male,strong,1294
60,2.0020000000000002,True,1.0,0.6728414313195077,0.6355329286386199,0.6541871799790637,0.3277375794830889,-0.05907407407407417,-0.06194444444444447,0.36880910254165156,0.15715499918796216,0.16953267230728394,1.9960700906220596,0.03730850268088781,0.002870370370370301,0.0030389865623711445,0.7070317989464389,0.13125762367530602,0.10252370482383383,0.0,0.7071067807446058,0.591072363367222,0.2730231888664119,0.3718628622302975,0.3916248407732447,angry,05,11,11,male,strong,1294
70,2.3356666666666666,True,1.0,0.6664050380559209,0.6386477284427741,0.6525263832493475,1.1070724209072025,-0.06069444444444433,-0.06305555555555553,0.36358155106710077,0.526811376749899,0.1696428926093046,0.5894161672952053,0.02775730961314682,0.0023611111111112026,0.011010821275288544,0.2856304498007445,0.13261531894894238,0.10095025978935644,0.0,0.7384767344204843,0.5893785418933198,0.27546457857945544,0.3957547543960464,0.41496737705552156,angry,05,11,11,male,strong,1294
80,2.6693333333333333,True,1.0,0.7068009670938545,0.7207418075587398,0.7137713873262972,1.7185581569286017,-0.060555555555555585,-0.062962962962963,0.2538928739470105,0.9268443148840114,0.17185172423239856,0.41533152919418553,0.013940840464885307,0.0024074074074074137,0.011457119794155573,0.1516823637944295,0.13394529073557815,0.09917881256374118,0.0,0.6382041038382645,0.5840040223902061,0.2746600067405434,0.38512381988990035,0.3927138888408463,angry,05,11,11,male,strong,1294
90,3.003,True,1.0,0.7409751481474284,0.7301529878297913,0.7355640679886098,0.8525951343398956,-0.060046296296296264,-0.06171296296296297,0.3397887239151048,0.44759277635619044,0.16823704975223633,0.8627354747433614,0.010822160317637053,0.0016666666666667052,0.007028660166973266,0.3191714066544966,0.13463452181546195,0.09824114874789613,0.0,0.6467200395347186,0.5877190617340686,0.2723910222083625,0.38437610838736425,0.40093019917615996,angry,05,11,11,male,strong,1294
100,3.336666666666667,True,1.0,0.7414215982746951,0.7309997306777216,0.7362106644762083,0.7416584441884915,-0.06050925925925926,-0.062083333333333324,0.34560124006235765,0.37780472247384317,0.17174292150899623,0.9926545976049069,0.0104218675969735,0.001574074074074061,0.013825038056751338,0.3507239555226705,0.13407928290693272,0.09899759424802301,0.0,0.5653950015699122,0.5912952887248649,0.27312760440873773,0.3744567496527892,0.3978096590878321,angry,05,11,11,male,strong,1294
110,3.6703333333333332,True,1.0,0.7546258238281183,0.7547311246990845,0.7546784742636015,0.716053812927504,-0.05888888888888888,-0.06064814814814817,0.353387218127452,0.36489069121859535,0.17307587307197597,1.0539410036491321,0.00010530087096627394,0.0017592592592592937,0.009240826254104273,0.389874811828234,0.1337875985078527,0.09939142949541369,0.0,0.6505479166118321,0.5889654101249875,0.27546011358233297,0.37468706947308383,0.39486716367122815,angry,05,11,11,male,strong,1294
0,0.0,True,1.0,0.7267904447679042,0.6981391844781951,0.7124648146230497,0.5551936003721867,-0.05884259259259256,-0.06324074074074071,0.35217380002058196,0.29121760301824545,0.18063835658170116,1.2832727433195064,0.028651260289709102,0.004398148148148151,0.003082694803475855,0.4783526554099909,0.1322991487242006,0.10136425907729399,0.0,0.6887839185024335,0.5795664408810399,0.2805628681604365,0.3643005267146625,0.39387100568907063,angry,05,11,11,male,strong,1295
10,0.33366666666666667,True,1.0,0.7135243546643202,0.7105363069018786,0.7120303307830994,0.5372323180642976,-0.058796296296296346,-0.06347222222222226,0.3556072618796005,0.2822739309426874,0.18131060409212146,1.325367642342547,0.002988047762441548,0.004675925925925917,0.005846890471648986,0.5071948343079591,0.13321080848308944,0.10016315827090415,0.0,0.7348748061458775,0.5823093104351115,0.2806848194562116,0.36875020399922126,0.3965172315103225,angry,05,11,11,male,strong,1295
20,0.6673333333333333,True,1.0,0.6746350961188454,0.6824970309643559,0.6785660635416007,1.068535619434076,-0.05587962962962967,-0.06064814814814817,0.34287635285043616,0.47003670956323296,0.1771354568662358,0.6350429982867456,0.007861934845510454,0.004768518518518505,0.0018383614159119006,0.27026061657654815,0.1314465966867108,0.10246740940815162,0.0,0.7907249613589401,0.5836216014765281,0.2802105959261868,0.3763403983803452,0.4042575675308029,angry,05,11,11,male,strong,1295
30,1.0010000000000001,True,1.0,0.6280802131004444,0.6217588249828138,0.624919519041629,1.8935503803660159,-0.056435185185185144,-0.06023148148148144,0.3326768571339179,0.8293141732408182,0.17302958160705104,0.33002529297416133,0.006321388117630611,0.0037962962962962976,0.0012168671345290259,0.17877227166773338,0.12836546530273504,0.1063018583493643,0.0,0.6543184522866086,0.5654508944202681,0.2833899642278118,0.3877820731288225,0.41515815494047903,angry,05,11,11,male,strong,1295
40,1.3346666666666667,True,1.0,0.6352552078948729,0.6166881480753348,0.6259716779851039,1.8544261679199865,-0.057731481481481495,-0.05912037037037038,0.31771401910687913,0.8735632183908039,0.17093378850645183,0.3375554599120135,0.0185670598195381,0.001388888888888884,0.004271928521259438,0.17200227367323367,0.1347150706987945,0.09813066543355271,0.0,0.578457508660618,0.5403994668101616,0.24235479768764262,0.386343048635863,0.3965964003394248,angry,05,11,11,male,strong,1295
50,1.6683333333333334,True,1.0,0.5304749057171178,0.5615168806377763,0.545995893177447,1.19741984463788,-0.05638888888888888,-0.05782407407407403,0.3657953386180334,0.5855514624877546,0.1751115715765238,0.45597698720498936,0.03104197492065852,0.0014351851851851505,0.009673053195169496,0.3030838969645257,0.1308293372945658,0.10325435716876763,0.0,0.7902401182411839,0.574347707293855,0.2797862942246033,0.3981289482227992,0.42578107503434875,angry,05,11,11,male,strong,1295
60,2.0020000000000002,True,1.0,0.6289808178441956,0.6205876175228162,0.6247842176835059,0.8074220240658041,-0.058009259259259205,-0.05972222222222218,0.35969649649604757,0.3431543602279669,0.17236569352316897,0.7738013071991539,0.008393200321379357,0.0017129629629629717,0.00907253445793755,0.3281250000000003,0.13000186986744558,0.10429425488547571,0.0,0.7191732617052223,0.5763879898600065,0.27409844078921286,0.36990628039262147,0.39027025210916594,angry,05,11,11,male,strong,1295
70,2.3356666666666666,True,1.0,0.6139640088139525,0.6285760221064793,0.621270015460216,1.2095442547338264,-0.055138888888888904,-0.05615740740740738,0.32170574043532313,0.5674405145664866,0.17583508263484984,0.5136397556589886,0.014612013292526815,0.0010185185185184742,0.0012938998807316977,0.25694444444444353,0.1331089556184493,0.10029847309714879,0.0,0.8367962997479833,0.5737851593918818,0.2754671629935263,0.38353124982853787,0.399164189956631,angry,05,11,11,male,strong,1295
80,2.6693333333333333,True,1.0,0.7002993738627302,0.7005350073226347,0.7004171905926825,1.1647463193733159,-0.0597685185185185,-0.05893518518518526,0.32598348150994305,0.537575224326146,0.17586805555555554,0.6013474169804953,0.00023563345990451623,0.0008333333333332416,0.005566097504949592,0.25272923673812514,0.132829788181089,0.1006678952960396,0.0,0.6230800674517237,0.5757116604766908,0.2763526365364287,0.3797400579545049,0.3976499845596137,angry,05,11,11,male,strong,1295
90,3.003,True,1.0,0.6987175136789348,0.6848220882014092,0.691769800940172,0.7698686012601812,-0.05694444444444441,-0.05634259259259261,0.3498294160709213,0.356920412832788,0.17725558411710035,0.8985556753552867,0.013895425477525536,0.0006018518518517979,0.003402297635534302,0.3686112012702799,0.13177347869379438,0.10204669560729837,0.0,0.6149889728878002,0.5831738360656763,0.2753703208341674,0.3654951418310158,0.39118201722089746,angry,05,11,11,male,strong,1295
100,3.336666666666667,True,1.0,0.6855594649837043,0.7138649959469835,0.6997122304653439,0.6860278072457476,-0.05671296296296291,-0.05870370370370376,0.347913271868168,0.31492977602893074,0.17861067320152166,1.0199473302321902,0.028305530963279146,0.0019907407407408484,0.004588840248785476,0.39020329321534347,0.133125893099751,0.10027599093474755,0.0,0.6625880196903337,0.5860973586309525,0.27860835678477747,0.36350886891359835,0.39602035342501346,angry,05,11,11,male,strong,1295
110,3.6703333333333332,True,1.0,0.713524354664321,0.7112525928100425,0.7123884737371817,0.6373007224525554,-0.05851851851851858,-0.05874999999999997,0.35806797121255385,0.3050907713868617,0.17995652687667116,1.1178215379949084,0.0022717618542784646,0.00023148148148138814,0.007339050738733156,0.42103886277886776,0.13342997839160112,0.09987100999785416,0.0,0.7932040212092852,0.585677764527686,0.2769682332931431,0.3698242482815721,0.39877149143754503,angry,05,11,11,male,strong,1295
0,0.0,True,1.0,0.7131680454616974,0.692013590855588,0.7025908181586427,0.6777151017319116,-0.0640277777777778,-0.07018518518518524,0.36719574882830003,0.35232268250578486,0.17434932029289182,1.0367052709363578,0.02115445460610943,0.006157407407407445,0.011557019675445647,0.41662475869064397,0.13332200415021342,0.10001510376476574,0.0,0.6257947232470621,0.6070536691864246,0.27902496504024743,0.3761032424696603,0.4068023684594055,fearful,06,11,11,male,normal,1296
10,0.33366666666666667,True,1.0,0.682913078453413,0.6684907942704083,0.6757019363619106,0.677027286009433,-0.06398148148148147,-0.07189814814814821,0.36570122732577737,0.345262067940834,0.17365505086318989,0.9980423984750536,0.01442228418300473,0.007916666666666738,0.0049795266600373604,0.42794050079484997,0.13291850037999597,0.10055073360396892,0.0,0.7071067807446058,0.6055472810061525,0.2787140325955479,0.3778293656367596,0.40519986510241157,fearful,06,11,11,male,normal,1296
20,0.6673333333333333,True,1.0,0.6994865335146094,0.6713923963681814,0.6854394649413954,0.7783615036015068,-0.06231481481481477,-0.06898148148148153,0.36555040650189147,0.39598920290830236,0.17436857329742897,0.880618403877687,0.028094137146428055,0.006666666666666765,0.008623106699066642,0.3753918799134365,0.13326316592317214,0.10009348819872835,0.0,0.6774153747505272,0.6047910637301797,0.27941753730959457,0.37595031005169394,0.4009412839109203,fearful,06,11,11,male,normal,1296
30,1.0010000000000001,True,1.0,0.7004833648892751,0.6835807427880216,0.6920320538386484,0.8792807259701286,-0.06337962962962956,-0.06986111111111115,0.39649327319399275,0.4333038307838775,0.1722581012501332,0.7870433564606061,0.016902622101253484,0.006481481481481588,0.0014718343944203666,0.33866347956978116,0.13207801842091413,0.10165222487241733,0.0,0.6551013328597806,0.5996235275438301,0.2804781739875508,0.3842023083143138,0.4174259685897624,fearful,06,11,11,male,normal,1296
40,1.3346666666666667,True,1.0,0.6601066426421182,0.6699600390534807,0.6650333408477994,1.1870274916453953,-0.06625000000000003,-0.07222222222222224,0.35017452116066067,0.5648587890946177,0.17226651623639166,0.5602510013697872,0.009853396411362514,0.005972222222222212,0.003950764593541952,0.2586312237821055,0.12939805467924295,0.10504247339194768,0.0,0.755325075561188,0.5953676658944828,0.2826821430177677,0.3841268895986818,0.4176011657539965,fearful,06,11,11,male,normal,1296
50,1.6683333333333334,True,1.0,0.6466421789058053,0.6600728567857295,0.6533575178457673,1.0283459324450668,-0.06194444444444441,-0.06907407407407407,0.3563862726753831,0.5071295009318132,0.16810094747546464,0.635347986734677,0.013430677879924136,0.007129629629629652,0.008344556582667386,0.29312847982731005,0.13117847785454803,0.10281043098357484,0.0,0.59904476575156,0.5964051983215162,0.2813881588626401,0.3821762077012043,0.4075709556174675,fearful,06,11,11,male,normal,1296
60,2.0020000000000002,True,1.0,0.5361766789119313,0.510982015254947,0.5235793470834391,0.8179084085209292,-0.061620370370370436,-0.06782407407407398,0.36934097443927527,0.40888233672813823,0.1660278340644976,0.6401442284109266,0.025194663656984306,0.006203703703703545,0.009693683386047864,0.3753042220038186,0.13086113944013011,0.10321404921681789,0.0,0.5771746901446289,0.6040281283607193,0.281167258825632,0.37114949149436965,0.3961005828032632,fearful,06,11,11,male,normal,1296
70,2.3356666666666666,True,1.0,0.6562549797349484,0.6565727830850929,0.6564138814100207,0.9875773040107632,-0.06060185185185185,-0.06754629629629627,0.32957831714301855,0.47857723525806356,0.171614934594706,0.6646708857566725,0.00031780335014452987,0.00694444444444442,0.007267174774510944,0.2773397134527503,0.13578078772903113,0.09665068781807543,0.0,0.554421878798067,0.5495367520289366,0.24714354740956235,0.39115109865378034,0.3743100523969081,fearful,06,11,11,male,normal,1296
80,2.6693333333333333,True,1.0,0.6562549797349484,0.6668132420204472,0.6615341108776978,0.7669010742413424,-0.059675925925925855,-0.06680555555555551,0.37125011765824656,0.4034553744723696,0.1673980320418562,0.862606838218503,0.010558262285498832,0.007129629629629652,0.005750178849139976,0.36665295589194813,0.13688928059026778,0.09507419540314421,0.0,0.5666506914922896,0.5509778790422419,0.24676746652180273,0.3887804500467162,0.3739480121793116,fearful,06,11,11,male,normal,1296
90,3.003,True,1.0,0.6527777777777771,0.6495285560996968,0.6511531669387369,0.631611505360534,-0.06263888888888891,-0.07041666666666674,0.3757295112577911,0.32922071821690324,0.17086191325973665,1.0309393692362336,0.003249221678080283,0.007777777777777828,0.007423454366668131,0.43134520120544756,0.1369840223265498,0.09493763952894119,0.0,0.5425230839668611,0.5516953713204032,0.24725215106779047,0.38518274971513344,0.3763399569758029,fearful,06,11,11,male,normal,1296
100,3.336666666666667,True,1.0,0.6526215623253323,0.6372699661545052,0.6449457642399188,0.5826441097735787,-0.062499999999999944,-0.06935185185185172,0.3611012654086208,0.30508510792387594,0.17090879184902513,1.106929175840379,0.015351596170827153,0.006851851851851776,0.005654754926439297,0.4558157004416898,0.1372160157484166,0.09460202320333674,0.0,0.5753384126867501,0.5575172232643058,0.24723119959647713,0.3829998163261051,0.3710481410603789,fearful,06,11,11,male,normal,1296
0,0.0,True,1.0,0.6668500651780107,0.6515376400594574,0.659193852618734,0.6685685684944657,-0.06342592592592589,-0.06967592592592592,0.3627446322695665,0.3888356905071494,0.17088736323246195,0.9859779290898428,0.015312425118553352,0.006250000000000033,0.011789953239295308,0.4481394564081803,0.13426845553251143,0.09874087107527263,0.0,0.7634892347560287,0.6016541653614571,0.27739557862413927,0.3735464369775491,0.3964469848413257,fearful,06,11,11,male,normal,1297
10,0.33366666666666667,True,1.0,0.7005008224061207,0.6924335782682335,0.696467200337177,0.7418158774196308,-0.06240740740740741,-0.06796296296296306,0.36246538694411407,0.41203052525335815,0.17223816937956282,0.9388680150117615,0.008067244137887175,0.005555555555555647,0.005009236908394965,0.397476035827742,0.13423783331769473,0.09878249783209359,0.0,0.5645502807692719,0.5991677370479442,0.27708780710463426,0.374217768472244,0.3963715457126838,fearful,06,11,11,male,normal,1297
20,0.6673333333333333,True,1.0,0.6601066426421196,0.6451155127016872,0.6526110776719034,0.7123521825147667,-0.06152777777777774,-0.06685185185185188,0.3682995448661754,0.396408619893823,0.16877893270488473,0.9161354365028215,0.01499112994043239,0.005324074074074148,0.009387576507019591,0.41425159710787024,0.13340429765248485,0.09990531086749031,0.0,0.6006218929577674,0.5985401932022809,0.2782074638753972,0.3721841282355255,0.39504864033326104,fearful,06,11,11,male,normal,1297
30,1.0010000000000001,True,1.0,0.6839374295897362,0.6819126549254867,0.6829250422576114,0.9094862415386007,-0.06263888888888886,-0.0673611111111111,0.3962440114611831,0.5107466941678676,0.16600945204572945,0.7508910097444574,0.002024774664249551,0.004722222222222239,0.009321166501262365,0.34010586990489505,0.13075813473952838,0.103344511082178,0.0,0.5978856926540996,0.5983686554778161,0.2790352185540551,0.3809660600627013,0.41482196905484214,fearful,06,11,11,male,normal,1297
40,1.3346666666666667,True,1.0,0.63317802370903,0.6085397985214939,0.6208589111152619,0.8684335603785105,-0.06189814814814809,-0.06634259259259251,0.368699267050612,0.47413857099545237,0.16814451219010665,0.7149181462363775,0.02463822518753611,0.0044444444444444176,0.0009193379468446586,0.36463875179368266,0.13179467566003494,0.10201931797058077,0.0,0.6452398817620629,0.595092410143745,0.2783778997334393,0.3782737050532338,0.4058491881089489,fearful,06,11,11,male,normal,1297
50,1.6683333333333334,True,1.0,0.605840862130589,0.6095196469605842,0.6076802545455866,1.3092787943732185,-0.06592592592592589,-0.07027777777777772,0.3384868011627348,0.6400793535991149,0.17299121643779125,0.4641335803781172,0.0036787848299952852,0.004351851851851829,0.00579921571503752,0.24399834773338003,0.13079015190864687,0.10330398799250606,0.0,0.5794615032521652,0.5889643631984043,0.2792570911214252,0.3877234535043852,0.4114322911440283,fearful,06,11,11,male,normal,1297
60,2.0020000000000002,True,1.0,0.5876164588400777,0.599645464112473,0.5936309614762754,1.0348041145915587,-0.06625000000000003,-0.07050925925925927,0.36239410850353043,0.5173468429122768,0.17580557530590993,0.5736650570920698,0.012029005272395255,0.00425925925925924,0.00224710076163607,0.2933286162242623,0.1317294491499827,0.10210352588491355,0.0,0.5898432776902847,0.5874826603532037,0.27785337426561285,0.3824161940705568,0.39906726013602384,fearful,06,11,11,male,normal,1297
70,2.3356666666666666,True,1.0,0.6625857401877565,0.6466224523983651,0.6546040962930608,0.9969602513359992,-0.06592592592592594,-0.07041666666666668,0.31520075972288486,0.5218463815586877,0.18140189284711347,0.6565999952514092,0.01596328778939138,0.00449074074074074,0.002595620047679351,0.29003906249999967,0.13276788813604964,0.10074951936182786,0.0,0.5667012584468606,0.5879718930540966,0.2749810212981593,0.3878298513919736,0.39877764216933514,fearful,06,11,11,male,normal,1297
80,2.6693333333333333,True,1.0,0.6404728978679943,0.6117470781693237,0.626109988018659,0.8491477669104778,-0.062037037037037,-0.06930555555555556,0.37596124413767645,0.46369587256169664,0.17299121643779125,0.7373392622778543,0.028725819698670607,0.007268518518518563,0.0024454989632277596,0.3550878970660682,0.13294186078404663,0.10051984591555117,0.0,0.72057797413847,0.5900931906981544,0.27588411638286203,0.38356468997804216,0.4003020759336662,fearful,06,11,11,male,normal,1297
90,3.003,True,1.0,0.673582312206487,0.6721562583180327,0.6728692852622599,0.7021501491757355,-0.0631018518518518,-0.0696296296296296,0.38131044381167545,0.38929274436017974,0.1729912164377913,0.9582982871286877,0.0014260538884542928,0.006527777777777799,0.01344640911254558,0.3889800729902659,0.13385558411832535,0.09929985081575886,0.0,0.5987513814132247,0.5939784249012106,0.2776885680757997,0.37957322813882083,0.3936833904067098,fearful,06,11,11,male,normal,1297
100,3.336666666666667,True,1.0,0.6760819574929416,0.6487370491306137,0.6624095033117776,0.6817030139874104,-0.06217592592592591,-0.06939814814814815,0.37782609015166674,0.37924628608924443,0.17157225107354987,0.9716980704503837,0.027344908362327947,0.007222222222222241,0.000921718144537534,0.4141350454202816,0.13407016155839063,0.09900994673009621,0.0,0.5855151126057919,0.5946789268363596,0.2782227013597456,0.3781840588225836,0.39329911717624877,fearful,06,11,11,male,normal,1297
0,0.0,True,1.0,0.5914286466028661,0.5665019645990301,0.578965305600948,0.6429762121832201,-0.06388888888888883,-0.07115740740740739,0.36708333677075944,0.4034546145893034,0.1553647763637817,0.9004459179525109,0.024926682003835965,0.007268518518518563,0.021803329246933928,0.4354288144719895,0.13486178249462924,0.09792894053476296,0.0,0.6469470107524551,0.599270578098427,0.2801558026482465,0.36553147295763583,0.38009343552432173,fearful,06,11,11,male,normal,1298
10,0.33366666666666667,True,1.0,0.5534804013020197,0.5542013649683784,0.5538408831351991,0.6073092308204868,-0.06425925925925924,-0.07189814814814816,0.37013979611312187,0.37776326659609033,0.1587106592220398,0.9119586119034434,0.0007209636663586538,0.007638888888888917,0.013924834823082632,0.4769257251395802,0.1352138786142264,0.09724649533296319,0.0,0.5903878304311929,0.5945477352816126,0.2806076459188141,0.3640516347640519,0.37581270497450886,fearful,06,11,11,male,normal,1298
20,0.6673333333333333,True,1.0,0.5678966808742888,0.5769559650924262,0.5724263229833575,0.7885651460023928,-0.06412037037037038,-0.0725925925925926,0.36224525538712343,0.4769180150132119,0.15937713348283025,0.725908729145912,0.009059284218137398,0.008472222222222214,0.012197082705141662,0.3783807560418263,0.1332504362520683,0.10011043407302908,0.0,0.626898464486165,0.5971480853044343,0.2813757994825923,0.3650477446449259,0.3787016374683632,fearful,06,11,11,male,normal,1298
30,1.0010000000000001,True,1.0,0.6529206397071755,0.6383819144652122,0.6456512770861939,1.214555332286979,-0.06310185185185185,-0.0717592592592593,0.33771563392045006,0.6588704573865353,0.1565309973296025,0.5315947819935447,0.014538725241963313,0.008657407407407447,0.024232774207169475,0.24805938859531754,0.1311695365805125,0.10282183836444558,0.0,0.9999999987499999,0.5955979848267432,0.28247849192252766,0.37198936976836433,0.3914403780594641,fearful,06,11,11,male,normal,1298
40,1.3346666666666667,True,1.0,0.5400203020440095,0.5474547459510523,0.5437375239975308,0.6160096897537558,-0.05907407407407411,-0.06851851851851848,0.3728906555033965,0.4151059305237302,0.156465183858153,0.8826769010969371,0.0074344439070427315,0.009444444444444366,0.01602782095151767,0.45449591787992943,0.13323886228881474,0.10012583756231308,0.0,0.9999999987499999,0.5951457622580283,0.27901892424292984,0.37219510375540094,0.38064806726717,fearful,06,11,11,male,normal,1298
50,1.6683333333333334,True,1.0,0.616893890707931,0.6078839971458997,0.6123889439269153,1.0080570534745323,-0.06407407407407412,-0.07203703703703701,0.3587497125611987,0.5388825195764598,0.16272707991930074,0.6074943296276304,0.009009893562031301,0.007962962962962894,0.012269370167709591,0.2842416094276308,0.13302760729725638,0.10040634177351242,0.0,0.6175973503607519,0.5922712668817528,0.28059430718179307,0.37530643910441314,0.3824983552778688,fearful,06,11,11,male,normal,1298
60,2.0020000000000002,True,1.0,0.6620857373276466,0.6410352340748415,0.651560485701244,0.984715250146397,-0.059305555555555556,-0.06740740740740736,0.3052387202312675,0.5659874606219248,0.16279317378698843,0.6616740073888131,0.02105050325280511,0.008101851851851805,0.004100928999108806,0.3017268595307605,0.13303522624432096,0.10039624669121112,0.0,0.811410449117261,0.5934019897255778,0.28136922231909195,0.37338405109293543,0.3820031020280346,fearful,06,11,11,male,normal,1298
70,2.3356666666666666,True,1.0,0.6367772012734508,0.6313975895687989,0.6340873954211248,0.883680596533922,-0.06134259259259256,-0.06999999999999995,0.3515681316604164,0.5554979294838219,0.15997470820647106,0.717552697103703,0.005379611704651954,0.008657407407407391,0.004410560449490892,0.3279861223962593,0.13379384154352317,0.09919113765426164,0.0,0.584736510987721,0.5956552728904062,0.2804662947848463,0.37667848165603174,0.3855769850280056,fearful,06,11,11,male,normal,1298
80,2.6693333333333333,True,1.0,0.5624807189321395,0.5918637755033006,0.5771722472177201,0.7223691782602965,-0.06453703703703706,-0.0733333333333333,0.36158839570411555,0.4652635792767967,0.15727271872781304,0.7989989946798969,0.029383056571161137,0.008796296296296247,0.009255343847364251,0.38288655340419386,0.1337398812226119,0.0994556280067745,0.0,0.9999999987499999,0.5972077235581732,0.27890812908941237,0.3689227529764932,0.37773786604485937,fearful,06,11,11,male,normal,1298
90,3.003,True,1.0,0.5884739646372603,0.5906927560135988,0.5895833603254296,0.6178317349068924,-0.0658333333333333,-0.07458333333333333,0.37201324159144683,0.3959518366992691,0.1586842179194581,0.9542782071793061,0.0022187913763385136,0.008750000000000036,0.014333446831639274,0.43263854115871314,0.1343876263220796,0.09838516003755159,0.0,0.7021346733551859,0.598662055150185,0.2783060376604723,0.3703089642160808,0.3790160803055426,fearful,06,11,11,male,normal,1298
0,0.0,True,1.0,0.6350220793829341,0.6198313906821816,0.6274267350325579,0.6271403852838096,-0.05958333333333338,-0.06666666666666671,0.3643308384365857,0.39525292550386715,0.16192621871902643,1.0004565959320555,0.015190688700752464,0.00708333333333333,0.0008060957963428448,0.45439402598544404,0.1356633195377161,0.09681550239538302,0.0,0.5377337279287423,0.6051595983471514,0.2821979185886036,0.36457241297000165,0.3884739800972594,fearful,06,11,11,male,normal,1299
10,0.33366666666666667,True,1.0,0.6108754792877717,0.6230358024185851,0.6169556408531784,0.591446763836724,-0.05995370370370362,-0.06666666666666665,0.3674567629051097,0.38297103955843814,0.15912178144899206,1.0431296248050763,0.012160323130813389,0.006712962962963032,0.0021286061281497047,0.4877579434809867,0.13333271688832826,0.10000082189109263,0.0,0.5970742618799467,0.6050713967852765,0.2830709317915369,0.3624088081392976,0.38976948409258066,fearful,06,11,11,male,normal,1299
20,0.6673333333333333,True,1.0,0.5741442713760996,0.5847465849286009,0.5794454281523502,0.8446187169719755,-0.06078703703703703,-0.06847222222222227,0.3617723458728159,0.47059105250452604,0.16121762434314496,0.6860437929077722,0.010602313552501297,0.007685185185185239,0.007659598667543605,0.35180579125826134,0.13719162236070764,0.09463739496711822,0.0,0.6204245563966508,0.5475138786139456,0.2447009844864348,0.37271762865210695,0.35572928273777993,fearful,06,11,11,male,normal,1299
30,1.0010000000000001,True,1.0,0.6625891564490785,0.6558697762317498,0.6592294663404141,1.3334672973637904,-0.06185185185185177,-0.06953703703703706,0.3239306031199612,0.7053614545376519,0.1529773987848076,0.4943724286629927,0.006719380217328652,0.007685185185185295,0.008494104718533535,0.23656522691629894,0.1311745579705004,0.10281543226865093,0.0,0.9999999987499999,0.597401679499925,0.2820454235592462,0.37030750818945846,0.3889402175952667,fearful,06,11,11,male,normal,1299
40,1.3346666666666667,True,1.0,0.5048221994966605,0.507253281632604,0.5060377405646322,0.6935489045210981,-0.06101851851851847,-0.06722222222222224,0.3610127690041828,0.4713448858329218,0.14957562606886765,0.7296352676298379,0.002431082135943452,0.006203703703703767,0.02448912065621488,0.40156616209638996,0.1332369593132996,0.09993791321097929,0.0,0.7535470507184502,0.5991597868600566,0.27924357354048784,0.37668600067665237,0.3859556619176502,fearful,06,11,11,male,normal,1299
50,1.6683333333333334,True,1.0,0.5748329436142084,0.5766385086137553,0.5757357261139819,0.6803814409440605,-0.0597685185185185,-0.065462962962963,0.3543504240577021,0.4251216534711614,0.15242207744234526,0.8461955183773416,0.0018055649995468714,0.005694444444444502,0.015096539004361871,0.40050023960422576,0.1327090718102035,0.1006378461773215,0.0,0.7071067807446058,0.5976055918382978,0.27535376623053553,0.36940891085256367,0.38042364278913615,fearful,06,11,11,male,normal,1299
60,2.0020000000000002,True,1.0,0.6243218555877414,0.5964071628106652,0.6103645091992034,1.0703132408672618,-0.059259259259259234,-0.06560185185185191,0.2800424550315978,0.7889858368169751,0.1531971794738131,0.570267175901358,0.027914692777076255,0.006342592592592677,0.010980802122706535,0.31501759415185254,0.13301766773089677,0.10022960588258736,0.0,0.9999999987499999,0.5973724265721915,0.27761033614188735,0.3752310186847986,0.385370225515919,fearful,06,11,11,male,normal,1299
70,2.3356666666666666,True,1.0,0.5983358236331792,0.5683318172249039,0.5833338204290415,0.8070323396615006,-0.06231481481481477,-0.06805555555555559,0.35250351276903874,0.516557542196751,0.1536709411374745,0.7228134385218236,0.030004006408275274,0.005740740740740824,0.020752832640660503,0.366652955891948,0.13364663284246556,0.09938939256216905,0.0,0.7071067807446058,0.6014202569543442,0.2792591699738858,0.37904998901772685,0.3877557344960298,fearful,06,11,11,male,normal,1299
80,2.6693333333333333,True,1.0,0.5480670599780241,0.5399172380165544,0.5439921489972892,0.630542135742659,-0.06412037037037033,-0.07175925925925924,0.36512450906493693,0.3972484809498495,0.15710186860294753,0.862737187827376,0.008149821961469628,0.007638888888888917,0.023738843182489217,0.44206189779513166,0.13400734865872385,0.09890249910632465,0.0,0.9987423103825646,0.6014507088851165,0.27848973113347025,0.3710054660189963,0.3806694849708187,fearful,06,11,11,male,normal,1299
90,3.003,True,1.0,0.5868494101345718,0.5661757328259156,0.5765125714802437,0.5030399529308246,-0.06125000000000003,-0.06800925925925927,0.3671231085800028,0.33985258862360035,0.1585259587597389,1.1460572229329917,0.020673677308656213,0.006759259259259243,0.019181524653689646,0.5630838568119009,0.13546969613134746,0.09688980985823038,0.0,0.7071067807446058,0.6015675253069978,0.2779947370897656,0.3752700359131552,0.38109543477543156,fearful,06,11,11,male,normal,1299
0,0.0,True,1.0,0.6568607673345643,0.6565848496805912,0.6567228085075778,0.8051044165204688,-0.06305555555555542,-0.07125000000000004,0.361914561646858,0.4570524783154223,0.1702841154920451,0.8156989267874442,0.0002759176539731678,0.008194444444444615,0.007149420179343218,0.37214049346739353,0.13239272425133627,0.10124200875555754,0.0,0.7986556687025543,0.5978479953543919,0.27771803096675696,0.363339206642538,0.38590060164142037,fearful,06,11,11,male,strong,1300
10,0.33366666666666667,True,1.0,0.6563453910664019,0.6568268329253801,0.656586111995891,0.8056698191874107,-0.06578703703703703,-0.07393518518518516,0.3606447866309512,0.4369536032091611,0.17026843340072254,0.8149568177421815,0.00048144185897824876,0.008148148148148127,0.0024677717281610476,0.36266790828024165,0.13298340028374964,0.10046488451482986,0.0,0.6592317084491897,0.5998635094193927,0.2799604978970177,0.36880726780813405,0.3957699033147588,fearful,06,11,11,male,strong,1300
20,0.6673333333333333,True,1.0,0.6837606837606836,0.668490794270409,0.6761257390155463,0.8178006095908085,-0.06620370370370371,-0.07643518518518516,0.364308381948241,0.46339998162522344,0.17441757135544247,0.8267611091092851,0.015269889490274524,0.010231481481481453,0.005868054520945699,0.37646202322478994,0.1338723370895107,0.09927726393270889,0.0,0.5866881919439523,0.6001229562371824,0.27879067619046854,0.3697932691208433,0.39384171902706355,fearful,06,11,11,male,strong,1300
30,1.0010000000000001,True,1.0,0.7030619038574121,0.6845323158619214,0.6937971098596667,1.0663927973589749,-0.07351851851851848,-0.08189814814814822,0.3936540555744382,0.5394220534638747,0.17712641173327862,0.650601834125214,0.01852958799549065,0.008379629629629737,0.0023560614327410323,0.29328202190565034,0.13098100279756397,0.10306189731231981,0.0,0.6351811421721291,0.5966762951430572,0.2805289497407967,0.38162713180364344,0.41324709406321164,fearful,06,11,11,male,strong,1300
40,1.3346666666666667,True,1.0,0.6725142618123093,0.6471334687888285,0.6598238653005689,1.69585257780805,-0.07620370370370372,-0.0819907407407407,0.3151965651443976,0.8007758291630513,0.1792624520635458,0.3890809106493294,0.02538079302348084,0.0057870370370369795,0.010869733554004566,0.19269787908788433,0.1290201850326243,0.10550625396301859,0.0,0.6077953802507361,0.5869986499756153,0.28532924583814884,0.3776482661955652,0.39979933658584155,fearful,06,11,11,male,strong,1300
50,1.6683333333333334,True,1.0,0.641775604713456,0.6445411935850801,0.643158399149268,0.9893491600479729,-0.0756944444444444,-0.07884259259259258,0.36698468753072777,0.46066969194541985,0.1813324839254194,0.6500823219156335,0.0027655888716241472,0.0031481481481481777,0.015056645502293221,0.30935179522603135,0.1308597863584198,0.1032157647141675,0.0,0.6185807752020133,0.5950458403283188,0.2825276632459299,0.37333861273394364,0.3936646219786315,fearful,06,11,11,male,strong,1300
60,2.0020000000000002,True,1.0,0.6803809930082905,0.6730015622236116,0.676691277615951,1.2533429928022946,-0.0767592592592592,-0.08217592592592587,0.29176646681440865,0.6527031379376017,0.18414755196368418,0.5399090923251318,0.007379430784678842,0.005416666666666681,0.006554640278372213,0.23434639500813176,0.13000306389892902,0.10429276651864944,0.0,0.6622049329231117,0.5913958679331108,0.2816705065647891,0.37562591295971504,0.39387976702509275,fearful,06,11,11,male,strong,1300
70,2.3356666666666666,True,1.0,0.6624178183886732,0.6730015622236134,0.6677096903061432,0.9348885291663181,-0.07481481481481478,-0.08152777777777781,0.36058311519815195,0.5161180478762596,0.1806163926619766,0.7142131596176176,0.010583743834940207,0.006712962962963032,0.01414452755662212,0.3192775385538503,0.1329086094590848,0.10037417673681759,0.0,0.7071067807446058,0.5931236080369648,0.2823246597460031,0.392537943116296,0.4024567553968166,fearful,06,11,11,male,strong,1300
80,2.6693333333333333,True,1.0,0.7108452883704109,0.7234799055472699,0.7171625969588404,0.7394147057943002,-0.0736574074074074,-0.08203703703703696,0.3713994206707545,0.42328378056458943,0.18130092563129846,0.9699057799891119,0.012634617176858987,0.00837962962962957,0.012532872350013356,0.4093021422933063,0.1321968905934358,0.1014975856309218,0.0,0.6034769522408053,0.5999038906421943,0.282613870213951,0.36830682144313087,0.39648866466019467,fearful,06,11,11,male,strong,1300
90,3.003,True,1.0,0.6835915801382053,0.6850583059205696,0.6843249430293874,0.6854833115090496,-0.07606481481481486,-0.0843518518518519,0.3715104766176947,0.38297103955843936,0.18618037767855122,0.9983101434269608,0.0014667257823642865,0.008287037037037037,0.009295971865374437,0.4304890058671013,0.13159950620246239,0.1022709525652598,0.0,0.6215455753750114,0.6012301506149336,0.2840448071911765,0.3715243514494693,0.4070056842321588,fearful,06,11,11,male,strong,1300
0,0.0,True,1.0,0.641103088892719,0.6403892080797271,0.6407461484862231,0.7989868559645572,-0.06171296296296297,-0.06870370370370377,0.37433117414573724,0.3588017568796902,0.16944489470319568,0.8019482970251095,0.0007138808129919516,0.006990740740740797,0.014941357982440754,0.3543148365967348,0.13217118962182525,0.1007776692296773,0.0,0.9038663873397567,0.6051458129814425,0.28325599052626377,0.37779928307352084,0.41785106839084796,fearful,06,11,11,male,strong,1301
10,0.33366666666666667,True,1.0,0.6347693979084948,0.6322057816347784,0.6334875897716366,0.7480578301450891,-0.060833333333333406,-0.06893518518518521,0.3654679275148106,0.35986374603287313,0.16111537299237588,0.8468430704732666,0.0025636162737164847,0.008101851851851805,0.009268134097006542,0.36614205711850634,0.1313119163696446,0.10245415776385346,0.0,0.6436148902919843,0.6070206132374826,0.27983840319482894,0.37059072275447735,0.39994363024309326,fearful,06,11,11,male,strong,1301
20,0.6673333333333333,True,1.0,0.6347693979084948,0.6317027450652277,0.6332360714868612,0.8214069235834767,-0.060833333333333406,-0.06810185185185186,0.34998975556555667,0.33118697632822885,0.16180602707109706,0.7709164036800424,0.003066652843267126,0.007268518518518452,0.014162602673673825,0.3174855596280906,0.13174321618238596,0.1020857617952214,0.0,0.60092082442498,0.6023494212606918,0.2788953621990818,0.3720007326666826,0.3997716251754701,fearful,06,11,11,male,strong,1301
30,1.0010000000000001,True,1.0,0.5983358236331783,0.5917571890320067,0.5950465063325925,1.144749538557557,-0.06611111111111106,-0.07314814814814813,0.4065972290488638,0.5909397634215324,0.15837235890010942,0.5198049759272072,0.006578634601171585,0.007037037037037064,0.017342517106772294,0.27701490215592667,0.1281127836264554,0.10570890551252779,0.0,0.9999999987499999,0.6048235697872899,0.28560768377629586,0.3902004885399961,0.41395726242969416,fearful,06,11,11,male,strong,1301
40,1.3346666666666667,True,1.0,0.5869572205453999,0.5776702584505686,0.5823137394979843,1.5445563957542916,-0.07300925925925922,-0.07708333333333334,0.31506045362441987,0.7884123122825671,0.16817173440589364,0.37701034491110863,0.009286962094831264,0.004074074074074119,0.011506082871268825,0.20128403642454157,0.13154295380136738,0.1023436811764734,0.0,0.5103435996988702,0.5298222511660914,0.24934581207959233,0.3880908008930346,0.3805658909887642,fearful,06,11,11,male,strong,1301
50,1.6683333333333334,True,1.0,0.6442014496515477,0.649029982363316,0.6466157160074318,0.8497325245795428,-0.07134259259259251,-0.07777777777777772,0.3683610013500231,0.44579623504651134,0.16750874600721052,0.760963829561996,0.0048285327117683075,0.00643518518518521,0.004211499950556127,0.32958211982839797,0.13349627396581398,0.09978237624423049,0.0,0.6212040866090452,0.5344570536261379,0.24759877101040773,0.38506977647486756,0.36972131043333156,fearful,06,11,11,male,strong,1301
60,2.0020000000000002,True,1.0,0.6715481709386607,0.664451414777024,0.6679997928578423,1.38929420191561,-0.0766666666666666,-0.08143518518518522,0.2780471184123101,0.8467979700497817,0.1689307481077676,0.48081953551434936,0.007096756161636741,0.004768518518518616,0.004260086910274423,0.22385181119013073,0.1287329310316913,0.10422415608293678,0.0,0.8869525614700223,0.6040435337728841,0.2842193107160504,0.38564257195806534,0.40208412668649235,fearful,06,11,11,male,strong,1301
70,2.3356666666666666,True,1.0,0.660872470999349,0.6556107122545417,0.6582415916269453,0.9535024089298375,-0.0733333333333333,-0.07953703703703707,0.35383366547011025,0.5426816339571596,0.16811047822147207,0.6903407746664448,0.005261758744807277,0.006203703703703767,0.019793626133181915,0.320513692652139,0.1292985782989517,0.104801944284538,0.0,0.9999999987499999,0.6036811901401186,0.28552365886452524,0.36651445279343386,0.40530026349449366,fearful,06,11,11,male,strong,1301
80,2.6693333333333333,True,1.0,0.7184334596534037,0.7322680660184938,0.7253507628359488,0.7219409140845159,-0.07041666666666663,-0.0778240740740741,0.36717988822464553,0.4316439736164636,0.16746364915329032,1.0047231687315532,0.013834606365090152,0.007407407407407474,0.009176569119034231,0.37695321781588287,0.13146318834632706,0.10244612184495053,0.0,0.9999999987499999,0.6091295865064776,0.28636245731024507,0.3636746415451865,0.40016138024810305,fearful,06,11,11,male,strong,1301
90,3.003,True,1.0,0.7073304943879268,0.6937259143620141,0.7005282043749705,0.44297339240710765,-0.0698611111111111,-0.07763888888888887,0.3748920461613726,0.2972097774720019,0.17229707246693463,1.5814227589795309,0.013604580025912694,0.007777777777777772,0.009096712594410219,0.615172737069547,0.13121842394730465,0.10275944233048562,0.0,0.9999999987499999,0.6085795321019033,0.2834286820177308,0.3636790833889171,0.4000171543266277,fearful,06,11,11,male,strong,1301
0,0.0,True,1.0,0.6529993426257952,0.6448064813969931,0.6489029120113942,0.7553033815458554,-0.06166666666666665,-0.07134259259259251,0.3737796887080703,0.41069904740097735,0.16329959881433115,0.8591288320241665,0.008192861228802029,0.009675925925925866,0.0026646336085586622,0.38519305628713524,0.13331675278990784,0.10002210354327846,0.0,0.7276698721856792,0.6028453973308074,0.28241320255450664,0.364950710412017,0.3909847639974844,fearful,06,11,11,male,strong,1302
10,0.33366666666666667,True,1.0,0.6282147137054913,0.6462386382339136,0.6372266759697025,0.7461798597338409,-0.06240740740740741,-0.07203703703703701,0.3747763937920239,0.4130430144931275,0.16260560345630964,0.8539853597723723,0.018023924528422275,0.009629629629629599,0.005972416225128183,0.3921280792749343,0.13286811695442277,0.10061730104009642,0.0,0.6688154153666377,0.6023927887873899,0.2808019362328922,0.36237919366421384,0.38033140298177515,fearful,06,11,11,male,strong,1302
20,0.6673333333333333,True,1.0,0.6562549797349484,0.6546727464366883,0.6554638630858183,0.8467025260660483,-0.06060185185185185,-0.06958333333333333,0.3684800938090582,0.4367213608999742,0.1653442363174795,0.774137129519663,0.0015822332982601273,0.00898148148148148,0.007052901324269228,0.3574384318078361,0.13251481053780906,0.10089350232816567,0.0,0.7071067807446058,0.5997552142028687,0.2815776158201761,0.36430671445983415,0.38585537230659145,fearful,06,11,11,male,strong,1302
30,1.0010000000000001,True,1.0,0.663329358171363,0.6699250814343793,0.6666272198028711,2.070911719304097,-0.06560185185185186,-0.0725925925925926,0.2884296618733044,1.061330596081222,0.1662152145368267,0.321900356055198,0.006595723263016384,0.006990740740740742,0.003181944829553705,0.15937324908280945,0.13299643538742886,0.1004476278758433,0.0,0.6111212371033458,0.5353681761610894,0.2498445374549011,0.39200794293315944,0.3862150228162245,fearful,06,11,11,male,strong,1302
40,1.3346666666666667,True,1.0,0.6419595111168543,0.6070551366312448,0.6245073238740495,0.7328244274809159,-0.05856481481481485,-0.06935185185185183,0.370056497175141,0.4749787955894822,0.16607561779133428,0.8521922857031302,0.03490437448560957,0.010787037037036984,0.005817731255966678,0.39583333333333476,0.13109819254082236,0.10291278678534316,0.0,0.7071067807446058,0.5985418234481292,0.28228358307995055,0.37116006108355637,0.38715607067460334,fearful,06,11,11,male,strong,1302
50,1.6683333333333334,True,1.0,0.6489657201490755,0.6407658920001558,0.6448658060746156,0.8092500897528165,-0.062361111111111145,-0.06861111111111112,0.38288589615211355,0.4046078428166253,0.16675636420940668,0.7968683775760697,0.00819982814891973,0.006249999999999978,0.004113629959650472,0.3503949388884852,0.13457491203050495,0.09832278893428067,0.0,0.6181234006094333,0.5322826382427971,0.24370857592841938,0.3967089728669926,0.37841067815911156,fearful,06,11,11,male,strong,1302
60,2.0020000000000002,True,1.0,0.6943526536259935,0.697258355894293,0.6958055047601432,1.25912696377655,-0.06828703703703698,-0.07462962962962966,0.31735860561502194,0.6699201153426522,0.17446349453695603,0.5526094863961819,0.0029057022682994482,0.006342592592592677,0.0023952882343153755,0.23832585271566642,0.13662533509287103,0.09545310672203719,0.0,0.5828395384880136,0.5289013261632778,0.24264287086199787,0.3993490591854178,0.3841087729047771,fearful,06,11,11,male,strong,1302
70,2.3356666666666666,True,1.0,0.6154829384788436,0.6591508424297163,0.63731689045428,0.8820552877520571,-0.06902777777777774,-0.08004629629629634,0.37113898696371034,0.4817198504920495,0.17368536281088914,0.722536216611206,0.04366790395087272,0.011018518518518594,0.000316381739399948,0.34648258419900935,0.13133347945254684,0.10242651511548133,0.0,0.70705023808557,0.5990028243797519,0.28286657299758705,0.3737299630380167,0.4031557966764413,fearful,06,11,11,male,strong,1302
80,2.6693333333333333,True,1.0,0.6666666666666674,0.6682757999598096,0.6674712333132384,0.7996468003509601,-0.06694444444444442,-0.07592592592592595,0.3755990445956065,0.4200770445261279,0.1750736626495134,0.8347075646651614,0.001609133293142162,0.008981481481481535,0.011990038162998626,0.36222229302967474,0.13643944574667782,0.09571862627697642,0.0,0.6143827007696242,0.5425549321994423,0.24567937201324505,0.39371490391383945,0.37743251876426975,fearful,06,11,11,male,strong,1302
90,3.003,True,1.0,0.6667582068316382,0.6630439081084163,0.6649010574700273,0.6949853563851744,-0.06722222222222224,-0.07574074074074066,0.381220033262969,0.387497312489821,0.1723502008340899,0.9567123269019299,0.0037142987232219316,0.008518518518518425,0.0033633552159280464,0.4114110184343224,0.1366261314855776,0.09545196680706494,0.0,0.49429530459880805,0.5540427529527436,0.24747943550109516,0.3939280468773383,0.37553507000904296,fearful,06,11,11,male,strong,1302
0,0.0,True,1.0,0.6839337387842553,0.668051657273515,0.6759926980288852,0.4338720712237113,-0.0621296296296297,-0.07087962962962957,0.3709027452550299,0.2775636232465532,0.1681009474754647,1.558046122033821,0.01588208151074033,0.008749999999999869,0.0036323430509902143,0.6151727370695486,0.13345137158731507,0.09984242181073937,0.0,0.6308913118370196,0.6005666232352317,0.27957355354546887,0.37051740081124845,0.38866019851362626,fearful,06,11,11,male,strong,1303
10,0.33366666666666667,True,1.0,0.6872913632626061,0.6813851061125548,0.6843382346875804,0.595991219475327,-0.06402777777777774,-0.07129629629629625,0.3583853159946758,0.35331575325938647,0.1681576701446504,1.1482354308676368,0.0059062571500513306,0.0072685185185185075,0.006418861361804859,0.43216413084196,0.13416738620239316,0.09887815861591677,0.0,0.6920241015085544,0.5988895726259255,0.2794076554074864,0.3716930740301153,0.3866622838716645,fearful,06,11,11,male,strong,1303
20,0.6673333333333333,True,1.0,0.6668497469966106,0.681643312850801,0.6742465299237058,0.6591507701197002,-0.0653703703703703,-0.07300925925925933,0.3744609099131088,0.37655834950754635,0.16882638968335378,1.0229018313993083,0.014793565854190449,0.007638888888889028,0.006907212369265142,0.4016798606628523,0.13265850411788707,0.10089350354030788,0.0,0.7606635049623737,0.5980094447700955,0.2815840466369536,0.3685073307480041,0.38613890073955187,fearful,06,11,11,male,strong,1303
30,1.0010000000000001,True,1.0,0.6527130671943084,0.6144660045128835,0.6335895358535959,1.4214262365373542,-0.06953703703703701,-0.07430555555555557,0.34169499742887327,0.6520537502523743,0.169606910182345,0.4457421142000607,0.03824706268142497,0.004768518518518561,0.0017595261428251503,0.22637941630602193,0.12836268082169847,0.10630522067767942,0.0,0.6032545717159177,0.5872353420118047,0.2854006953090917,0.3786769421472308,0.3981703379731841,fearful,06,11,11,male,strong,1303
40,1.3346666666666667,True,1.0,0.5965068684550481,0.5860646826436652,0.5912857755493566,0.6508132301779278,-0.06884259259259262,-0.0737037037037036,0.4023923711689898,0.36295353221461346,0.1772078013091835,0.9085337361499292,0.010442185811382898,0.004861111111110983,0.009858861571777927,0.476349880423918,0.1317417634439828,0.10208763654858609,0.0,0.7762354190105807,0.5878400316767333,0.2821086395659345,0.3842883111768828,0.39246307503792144,fearful,06,11,11,male,strong,1303
50,1.6683333333333334,True,1.0,0.6380959695423198,0.610369627136516,0.6242327983394179,0.895331502087593,-0.07444444444444442,-0.07796296296296301,0.385904435778969,0.39574932543657115,0.18069241024054614,0.6972085723376539,0.02772634240580385,0.0035185185185185874,0.00016885003256690846,0.3508312845848758,0.1309916033475595,0.1030484236841695,0.0,0.6229823096035149,0.5930432598508154,0.28138706177586986,0.386525985268994,0.39954375249307644,fearful,06,11,11,male,strong,1303
60,2.0020000000000002,True,1.0,0.6527777777777786,0.6517727305646436,0.6522752541712111,1.1145694209098231,-0.07439814814814821,-0.07671296296296298,0.3143849706856943,0.6138208405010624,0.18145361677040917,0.5852262245260226,0.0010050472131349908,0.0023148148148147696,0.00037507854571423307,0.2690217391304346,0.13104921634361244,0.10297514587089597,0.0,0.9999999987499999,0.5911575938265932,0.2818466580527532,0.3847439640339084,0.3997191008351145,fearful,06,11,11,male,strong,1303
70,2.3356666666666666,True,1.0,0.6699250814343793,0.6445415011221526,0.6572332912782659,0.8554286380080546,-0.07064814814814813,-0.0761574074074074,0.37678508300680447,0.4477461343797627,0.17727323036547304,0.7683087309406603,0.02538358031222676,0.005509259259259269,0.0015728374864477817,0.3515489221035021,0.13157673149722726,0.10174001011155624,0.0,0.5406781243115771,0.5982389726828232,0.2825685946550879,0.377050508902275,0.40749451245299256,fearful,06,11,11,male,strong,1303
80,2.6693333333333333,True,1.0,0.6563450778972107,0.62944624422817,0.6428956610626904,0.7576232499799731,-0.07097222222222216,-0.07708333333333334,0.38120265945152126,0.3983865947361061,0.17798536684420846,0.8485690758298199,0.026898833669040778,0.006111111111111178,0.0019693727741324054,0.37860771575622376,0.13189619558552815,0.10170087223830124,0.0,0.6603948533879332,0.5990449144423393,0.2815092888746027,0.37347375423349954,0.39686160093466577,fearful,06,11,11,male,strong,1303
90,3.003,True,1.0,0.6695314443788586,0.6555243139060638,0.6625278791424611,0.7412959712330729,-0.0723611111111111,-0.08037037037037031,0.38746678265542206,0.3642403739113495,0.1821120974028016,0.8937427220067191,0.014007130472794782,0.008009259259259216,0.0019187134624239846,0.387912792041333,0.13221947996548541,0.10128021989291239,0.0,0.9081447768020972,0.5927307463766758,0.2802826837521343,0.3802926111509651,0.3983902472605116,fearful,06,11,11,male,strong,1303
0,0.0,True,1.0,0.543036118289909,0.5287585556017341,0.5358973369458215,0.5074831308277218,-0.05319444444444443,-0.05666666666666664,0.39703129875992216,0.2663233315480448,0.16185270031020332,1.0559904445922277,0.014277562688174927,0.00347222222222221,0.008422710204473468,0.564494632000243,0.13434419815331444,0.09863779293120858,0.0,0.599979129929201,0.6047850498480641,0.27614172485889754,0.3810700536336142,0.4025607064265165,disgust,07,11,11,male,normal,1304
10,0.33366666666666667,True,1.0,0.528758555601734,0.48468235400042203,0.506720454801078,0.49480620875867415,-0.053240740740740755,-0.05537037037037029,0.39254075874783695,0.2663233315480448,0.16400801931989356,1.0240786106388868,0.04407620160131198,0.002129629629629537,0.005769793301059239,0.5916556884559823,0.13336328155614272,0.09996005654352691,0.0,0.6142551476109442,0.6061100381793342,0.27621727516173156,0.3844319879805794,0.40348489272431787,disgust,07,11,11,male,normal,1304
20,0.6673333333333333,True,1.0,0.4932974090975797,0.4837725008734183,0.488534954985499,0.5917996118465021,-0.053101851851851845,-0.056157407407407434,0.3935180479322262,0.30829263860874645,0.1618852221858364,0.8255073933914857,0.00952490822416141,0.003055555555555589,0.005019196735262407,0.4908362835086701,0.13249766706947655,0.10110462893780517,0.0,0.6515430798122864,0.604324841491284,0.2760461652908202,0.37926219319177545,0.3976911388377214,disgust,07,11,11,male,normal,1304
30,1.0010000000000001,True,1.0,0.45968164638816106,0.41588545317721104,0.4377835497826861,1.1104764995661638,-0.05472222222222212,-0.05726851851851844,0.38338824897147344,0.5420670059524059,0.16049702270746352,0.39423035962824743,0.04379619321095002,0.0025462962962963243,0.0018551254005570034,0.29866337668665033,0.13101631544705483,0.1030170027624723,0.0,0.6023378023034808,0.5993965222886029,0.2807727072799266,0.38507889912655086,0.41403928926652284,disgust,07,11,11,male,normal,1304
40,1.3346666666666667,True,1.0,0.39344262295081983,0.37888705105492837,0.3861648370028741,0.7443743984118977,-0.05365740740740732,-0.05615740740740732,0.39386662817930396,0.40973890668250523,0.1542379128728119,0.5187776981942771,0.014555571895891461,0.0025000000000000022,0.003344563215885409,0.4300499301609855,0.13572448841847934,0.0967297318069424,0.0,0.5496771448315467,0.5395696186755953,0.24618732728834622,0.40251158530357783,0.39484610298894834,disgust,07,11,11,male,normal,1304
50,1.6683333333333334,True,1.0,0.4299835069004891,0.3702079004956356,0.40009570369806235,1.347050164108656,-0.05638888888888882,-0.05796296296296294,0.34103256808303906,0.6882095111211659,0.15593960295719472,0.2970161871906277,0.059775606404853465,0.0015740740740741166,0.001333731670520047,0.2420295918043127,0.12906170586411003,0.1054554590849122,0.0,0.5682512403503697,0.5978666609690751,0.2816998335066576,0.37253386130550015,0.40288569957213366,disgust,07,11,11,male,normal,1304
60,2.0020000000000002,True,1.0,0.3458884937602439,0.29663449472983744,0.3212614942450407,0.9168799554264581,-0.05625000000000002,-0.059398148148148144,0.3536328101332361,0.5218381282453702,0.1544060026364701,0.350385557393515,0.04925399903040645,0.003148148148148122,0.010123942351486292,0.3377998733039895,0.13265878887521781,0.10089312913013353,0.0,0.9999999987499999,0.5951185955788565,0.280957256283529,0.3856926170051658,0.3882647943593411,disgust,07,11,11,male,normal,1304
70,2.3356666666666666,True,1.0,0.39828038372610125,0.37040302019452337,0.3843417019603123,0.9421007777273039,-0.055787037037037024,-0.05842592592592594,0.31809247458792156,0.5986840420586386,0.15581479345151458,0.4079624081061549,0.02787736353157788,0.002638888888888913,0.0012694281374046852,0.34315796181758584,0.13287679597869284,0.10041628809383953,0.0,0.7297160493578545,0.5911575819781038,0.2789951442627553,0.3876216718987033,0.38125019035161206,disgust,07,11,11,male,normal,1304
80,2.6693333333333333,True,1.0,0.43664717348927823,0.4001719274376394,0.41840955046345885,0.9106191635616311,-0.056481481481481466,-0.060740740740740706,0.3474238279970288,0.5853047208884414,0.15445145430235066,0.4594780861265509,0.03647524605163882,0.00425925925925924,0.0012988934047137018,0.3306855368427072,0.13177058193011945,0.10186357328199612,0.0,0.7071067807446058,0.5956649321525485,0.2783853973781112,0.38989715397386915,0.3887717740961333,disgust,07,11,11,male,normal,1304
90,3.003,True,1.0,0.47436695235541854,0.401443085773315,0.43790501906436674,0.7933935366929691,-0.05388888888888882,-0.05930555555555561,0.370470476681196,0.4904716822415084,0.15720139196621616,0.551939231682737,0.07292386658210354,0.005416666666666792,0.003017757936321459,0.39207192644146793,0.13295363392188367,0.10050427353385616,0.0,0.6056650013805354,0.5977951388055223,0.2797387163214608,0.3760463927672978,0.3942851757750258,disgust,07,11,11,male,normal,1304
100,3.336666666666667,True,1.0,0.47319888922290027,0.42920512505060565,0.45120200713675296,0.7946495209004854,-0.0553703703703704,-0.05814814814814817,0.3665137555601065,0.47120955943490245,0.16552178956651328,0.5678000115389956,0.043993764172294614,0.002777777777777768,0.0029410780034630486,0.4016917463367704,0.13287936750768722,0.100602442626351,0.0,0.6382377295222439,0.5983361383381477,0.2769416352193218,0.376458227970977,0.3931149053426605,disgust,07,11,11,male,normal,1304
0,0.0,True,1.0,0.5502745440524236,0.5132195341337538,0.5317470390930887,0.7950410985462857,-0.05407407407407411,-0.056435185185185144,0.3727278034267871,0.4504441165042987,0.16120389992186693,0.6688296241104716,0.037055009918669835,0.002361111111111036,0.0025436673038276925,0.40442968979470867,0.13365749751195216,0.09956631524093448,0.0,0.5608440481916364,0.6001354982305424,0.2772544966571145,0.3791134049817248,0.39835611615539673,disgust,07,11,11,male,normal,1305
10,0.33366666666666667,True,1.0,0.5502745440524224,0.527689853216236,0.5389821986343292,0.8124170358986716,-0.05379629629629634,-0.057268518518518385,0.36672251278772094,0.48065895732939684,0.16047420378119986,0.6634304486711348,0.022584690836186416,0.0034722222222220434,0.006883135125269235,0.39408525801315125,0.13325999804937627,0.10009770572619592,0.0,0.553922315344584,0.6007082102919292,0.2778515024245318,0.37866701000927727,0.3972335219796701,disgust,07,11,11,male,normal,1305
20,0.6673333333333333,True,1.0,0.4881216791374407,0.4716170194168628,0.47986934927715175,0.8063965321490648,-0.05268518518518511,-0.05601851851851847,0.37160773233782984,0.45015894123535816,0.15912178144899197,0.5950786370550096,0.016504659720577908,0.003333333333333355,0.005271042074687601,0.39508897271182486,0.13331300729238804,0.10002709562096734,0.0,0.5360226171941611,0.6024247395911491,0.27931081539744285,0.38014797258934646,0.4034144988083585,disgust,07,11,11,male,normal,1305
30,1.0010000000000001,True,1.0,0.5159169852459149,0.4732516633752935,0.4945843243106042,1.1168556342085387,-0.06893518518518515,-0.07097222222222221,0.4013069644950955,0.5773589843710956,0.1660094520457294,0.4428363963629839,0.04266532187062139,0.0020370370370370594,0.01083389169281724,0.29485692357020854,0.13431984662917573,0.09867095101061304,0.0,0.49951719464203065,0.5433078989251952,0.2518516208770659,0.41054076665913464,0.40768235313398976,disgust,07,11,11,male,normal,1305
40,1.3346666666666667,True,1.0,0.4801514779247209,0.4299531679418293,0.45505232293327513,0.7004205078073205,-0.06449074074074074,-0.06319444444444444,0.376370386649933,0.4238965626345471,0.16396754329668475,0.649684465062031,0.0501983099828916,0.0012962962962962954,0.0038804476702932167,0.43271456690583515,0.1346981212476132,0.09815392964236895,0.0,0.5136307611923245,0.5410987969640981,0.2500772758636147,0.4054399754496534,0.3927756357501263,disgust,07,11,11,male,normal,1305
50,1.6683333333333334,True,1.0,0.4578385528139962,0.40676522588024205,0.4323018893471191,1.0482112186287265,-0.061990740740740735,-0.062499999999999944,0.34983145671031873,0.5750427726860635,0.16405685639359974,0.4124186820979248,0.05107332693375416,0.0005092592592592093,0.0016429074904359075,0.31372256492865774,0.1353934827758776,0.09719250276491785,0.0,0.5448399759617003,0.5403963429746899,0.2519233264708967,0.4089880584067944,0.39745781977171263,disgust,07,11,11,male,normal,1305
60,2.0020000000000002,True,1.0,0.4663461865434233,0.43732306981937064,0.45183462818139697,0.7635858094024651,-0.0597685185185185,-0.06287037037037035,0.3639101145807124,0.5065049606648734,0.159239208000743,0.5917273770906962,0.029023116724052667,0.0031018518518518556,0.0028933558482782933,0.42069400286441955,0.1315960179557246,0.10190219788900134,0.0,0.6456801655453587,0.5949588896730567,0.28121438311656216,0.3946233925257703,0.40248458956943217,disgust,07,11,11,male,normal,1305
70,2.3356666666666666,True,1.0,0.460463317705836,0.4112998013634265,0.43588155953463126,0.9556235713979563,-0.06125000000000003,-0.06231481481481482,0.3080496727799755,0.5866721476202704,0.16138364461263352,0.4561226539200909,0.04916351634240951,0.0010648148148147962,0.004696852557734872,0.3354609839229012,0.13176915805055775,0.10186541518401869,0.0,0.5773502689490632,0.5951207120348139,0.28142941258456117,0.3953829067797523,0.39319700757850257,disgust,07,11,11,male,normal,1305
80,2.6693333333333333,True,1.0,0.4519311299244732,0.38693773893443717,0.41943443442945516,0.8206570386077475,-0.05819444444444444,-0.061574074074074114,0.36989622407911016,0.4786324786324794,0.16217480295931297,0.5110958837823772,0.06499339099003604,0.003379629629629677,0.004659515691558192,0.37530422200381847,0.13543137391073992,0.0971396969965423,0.0,0.536469662081687,0.5373052133665966,0.24880512939639982,0.4081577637270229,0.3908598146814901,disgust,07,11,11,male,normal,1305
90,3.003,True,1.0,0.4518744574425558,0.39506172839506165,0.4234680929188087,0.8541362599041699,-0.055138888888888904,-0.059259259259259234,0.3586294420926312,0.496889202178979,0.16140680764793475,0.4957851724575185,0.056812729047494126,0.00412037037037033,0.0007110194048570223,0.3793476328331352,0.13129102689069705,0.1026666646453115,0.0,0.6026646926199719,0.5989405413806148,0.2812435756555613,0.38054675278152844,0.41099148956500353,disgust,07,11,11,male,normal,1305
100,3.336666666666667,True,1.0,0.47401248753682385,0.45905779661458784,0.46653514207570584,0.8340180049074668,-0.056342592592592666,-0.06027777777777776,0.37144769592588606,0.47845355948008317,0.1613198108826762,0.5593825784701941,0.014954690922236002,0.003935185185185097,0.0025279723700126003,0.39678765726456044,0.13583583742741487,0.09657330398373219,0.0,0.5903093730762698,0.5385840728635205,0.24623333566029187,0.4074304284856356,0.3945606222573954,disgust,07,11,11,male,normal,1305
0,0.0,True,1.0,0.5073770623333952,0.5032144476766117,0.5052957550050035,0.49465191486804266,-0.051851851851851816,-0.059398148148148144,0.39372122192644365,0.2790053949550958,0.16679890790460358,1.0215178387408046,0.00416261465678347,0.007546296296296329,0.000582087321972419,0.6653712986921166,0.13303256405773944,0.10039977426179156,0.0,0.6484692793491224,0.6019843418461134,0.2751309390572812,0.37783454042406484,0.40666691193021015,disgust,07,11,11,male,normal,1306
10,0.33366666666666667,True,1.0,0.4875215885217372,0.46875551977572655,0.47813855414873185,0.5111245920247423,-0.053379629629629666,-0.05856481481481479,0.3931242567481466,0.2554612790532637,0.1682556418455323,0.935463801995241,0.018766068746010667,0.005185185185185126,0.0012084814175433963,0.6065113295052124,0.13374837818346483,0.09944420096234277,0.0,0.5795871822098294,0.6040462846154087,0.27673477096790383,0.38293943749562664,0.4102396540542646,disgust,07,11,11,male,normal,1306
20,0.6673333333333333,True,1.0,0.47261685600584896,0.4621133859659972,0.4673651209859231,0.5035339537188984,-0.0505092592592592,-0.057592592592592584,0.3990504987030134,0.22020902757767563,0.16889642085184198,0.9281700221686205,0.010503470039851748,0.007083333333333386,0.0012084814175433963,0.6205215421877351,0.13319666028394408,0.10018197173555589,0.0,0.6496835357884431,0.6043895407069078,0.27674407948877144,0.3837235282326491,0.40993211450901623,disgust,07,11,11,male,normal,1306
30,1.0010000000000001,True,1.0,0.32578027063343346,0.29079035286820704,0.30828531175082025,1.2494536689623414,-0.049537037037037046,-0.05319444444444443,0.33367363224686125,0.5794461101382425,0.16195825476092435,0.24673608906751066,0.03498991776522642,0.003657407407407387,0.00526216947665493,0.25185608714188135,0.13048062693307333,0.1036946660465895,0.0,0.5773502689490632,0.5978455259369372,0.280801054109825,0.3871996830795006,0.4178847353673815,disgust,07,11,11,male,normal,1306
40,1.3346666666666667,True,1.0,0.3463027940689657,0.3442232992258346,0.34526304664740015,0.7271532017670703,-0.04875000000000007,-0.05319444444444449,0.36017251804196915,0.39133802156593983,0.15588675465946436,0.47481472378636186,0.00207949484313108,0.0044444444444444176,0.0016740767488340792,0.41263591947586953,0.13582621748865414,0.09658683354745375,0.0,0.5374073321165092,0.5489205401535614,0.24825612214988071,0.398980861165415,0.38358894773312835,disgust,07,11,11,male,normal,1306
50,1.6683333333333334,True,1.0,0.340935946070089,0.32556771444470595,0.33325183025739746,0.9729648565021576,-0.04976851851851849,-0.054814814814814816,0.35417885440017444,0.514530455299495,0.15301928611053756,0.34251168275023763,0.015368231625383033,0.0050462962962963265,0.0055253599143749955,0.3018881389348336,0.1361310001075128,0.09615679165709748,0.0,0.5440232431510108,0.544058352497249,0.24799365595441114,0.407193930472053,0.39402585015018055,disgust,07,11,11,male,normal,1306
60,2.0020000000000002,True,1.0,0.32592592592592595,0.3248579905324299,0.32539195822917794,0.8255069146781706,-0.050462962962962876,-0.05402777777777784,0.3590325228318792,0.45454250238495547,0.15521984508056155,0.3941722987941708,0.0010679353934960334,0.003564814814814965,0.006568431038955718,0.36253613300735255,0.13428919170163692,0.0987126676977177,0.0,0.5272004781325264,0.5428403444033864,0.24777948981281311,0.397133893833589,0.3707414984741624,disgust,07,11,11,male,normal,1306
70,2.3356666666666666,True,1.0,0.36141788760196036,0.33541385617256214,0.34841587188726125,0.807116500516747,-0.0506018518518519,-0.05583333333333329,0.3368372068799663,0.46311858076564066,0.15865873394965355,0.4316797781537015,0.026004031429398222,0.005231481481481393,0.0015437805938580012,0.4064734305429576,0.1335658461379605,0.09949793248908259,0.0,0.9999999987499999,0.5880881726831358,0.2806722076157039,0.3969711073872029,0.39382491242462614,disgust,07,11,11,male,normal,1306
80,2.6693333333333333,True,1.0,0.37666014157895367,0.3702079004956356,0.3734340210372946,0.8408963716170709,-0.05203703703703705,-0.05629629629629623,0.3633418983360071,0.47540705337047595,0.15852595875973896,0.4440904178468138,0.006452241083318044,0.004259259259259185,0.004194330407544198,0.37016517145445105,0.13589049530361624,0.09649637847141207,0.0,0.7071067807446058,0.5387281438122123,0.2457064685681092,0.40715469790018455,0.38777351629302814,disgust,07,11,11,male,normal,1306
90,3.003,True,1.0,0.42181297262430867,0.39277596698127576,0.4072944698027922,0.8404783717699112,-0.053750000000000075,-0.057638888888888906,0.3624926447882278,0.4683837057743296,0.15717955077247742,0.4845983947749852,0.02903700564303291,0.0038888888888888307,0.008281222708631325,0.361061214983655,0.13609004096995406,0.09621475209550902,0.0,0.5135950142270633,0.5399900711378302,0.24542831133797888,0.40088648710608676,0.38183256041742547,disgust,07,11,11,male,normal,1306
100,3.336666666666667,True,1.0,0.42201575391870977,0.38469053015354776,0.40335314203612876,0.8414520302347535,-0.05222222222222217,-0.05722222222222234,0.36904343562994224,0.4410111307321592,0.1585456896424815,0.4793536975882022,0.03732522376516201,0.005000000000000171,0.008406703707617605,0.3722640448171443,0.13687154883729966,0.09509972077192304,0.0,0.606069461652977,0.5397004046931273,0.24462651901582733,0.4031096048013903,0.38576407645154154,disgust,07,11,11,male,normal,1306
0,0.0,True,1.0,0.5133349763497344,0.5175328856398319,0.5154339309947831,0.5260783706538492,-0.053101851851851845,-0.06009259259259253,0.38106213056534655,0.30879636932252086,0.17097797008486287,0.9797664373735107,0.004197909290097557,0.006990740740740686,0.010419280213016243,0.5782121428270486,0.13275906765371545,0.10076114195106542,0.0,0.6341951728799002,0.6034100847135729,0.27684784553078456,0.38261686754578916,0.4063513878754214,disgust,07,11,11,male,normal,1307
10,0.33366666666666667,True,1.0,0.5009786245741783,0.5017891792636671,0.5013839019189227,0.48268057612937,-0.05194444444444429,-0.058518518518518525,0.3831526775785346,0.27366935861520936,0.1738236762938153,1.0387488677077814,0.0008105546894887627,0.006574074074074232,0.010861702378998925,0.6250005338942403,0.1328192209676843,0.10068183705601741,0.0,0.7252679055566136,0.6048271384100514,0.2771270137677061,0.3848598313166735,0.40642545492419313,disgust,07,11,11,male,normal,1307
20,0.6673333333333333,True,1.0,0.47362333665549966,0.4660529294917175,0.46983813307360855,0.48569011760822206,-0.052870370370370345,-0.059537037037037,0.3818939656138526,0.255706009919949,0.17101187951141802,0.9673619372519323,0.007570407163782156,0.006666666666666654,0.005684903233889279,0.6279095372250997,0.13213793740134336,0.1015743238755,0.0,0.6340003750860507,0.6028101612598165,0.27774481116895416,0.3787155648440061,0.4012917243603223,disgust,07,11,11,male,normal,1307
30,1.0010000000000001,True,1.0,0.39946656255571583,0.3782287089449316,0.3888476357503237,1.7468755564807503,-0.05680555555555561,-0.06092592592592588,0.30958278457804084,0.8409855777909158,0.16473345770569384,0.222596071201371,0.02123785361078423,0.004120370370370274,0.009503136970971481,0.1895233115747408,0.1320570535384634,0.1016794589989138,0.0,0.6243982324337707,0.535162454622474,0.24935834217513117,0.39665136140719737,0.39034867639489024,disgust,07,11,11,male,normal,1307
40,1.3346666666666667,True,1.0,0.4001719274376394,0.37038802560095896,0.3852799765192992,1.0284949341063347,-0.05342592592592593,-0.057962962962962994,0.3351841899087456,0.558667693787133,0.15999712152599793,0.3746056142260644,0.02978390183668045,0.004537037037037062,0.004847811831891542,0.3109704130529152,0.13170090291393197,0.10214034434618113,0.0,0.5736917908796975,0.59921043704982,0.2812323288063186,0.3772687184676317,0.4066808805944084,disgust,07,11,11,male,normal,1307
50,1.6683333333333334,True,1.0,0.38679759112608386,0.35746610535502515,0.3721318482405545,0.7732352576331103,-0.051805555555555605,-0.05638888888888899,0.3681171618371515,0.44068666978102333,0.1627702080388177,0.48126601130380176,0.029331485771058707,0.004583333333333384,0.002891165180553781,0.3862953001505797,0.13262088638968492,0.10094294559200248,0.0,0.6385600897884223,0.5989388012001676,0.2801377106213107,0.37347172669932366,0.3970216101946657,disgust,07,11,11,male,normal,1307
60,2.0020000000000002,True,1.0,0.39947940098336504,0.34446383827185706,0.37197161962761105,0.9630019986851321,-0.05226851851851849,-0.05722222222222223,0.3590015739602551,0.5161180478762596,0.159303875439169,0.386262562419907,0.05501556271150798,0.004953703703703738,0.004238681270867787,0.3190837250533145,0.13101142569419494,0.10302322121150566,0.0,0.6217677654759118,0.5946936298972715,0.27938112711851854,0.37593910850865697,0.3918731424486381,disgust,07,11,11,male,normal,1307
70,2.3356666666666666,True,1.0,0.38314823801188996,0.36414411182055534,0.37364617491622265,1.044056754999387,-0.052962962962962934,-0.05796296296296294,0.30876029381429354,0.5300008670343019,0.1647686522593455,0.35787917958199694,0.019004126191334625,0.0050000000000000044,0.012243122345803792,0.2987243022062901,0.13276904976305506,0.10074798854917132,0.0,0.5844530791867873,0.5947487023950204,0.2817559749933963,0.37731949238800166,0.38351041437635086,disgust,07,11,11,male,normal,1307
80,2.6693333333333333,True,1.0,0.4017592394293573,0.3950638405475129,0.39841153998843515,0.8397452128641851,-0.05212962962962975,-0.057453703703703785,0.3570159400642016,0.46852842553526064,0.16057068668037433,0.47444335958706035,0.006695398881844394,0.005324074074074037,0.008741433965444854,0.3575547385086316,0.130848344971962,0.10323026876547414,0.0,0.6020802743871264,0.5984211215189201,0.279806517504269,0.37395892536648656,0.3921873197732551,disgust,07,11,11,male,normal,1307
90,3.003,True,1.0,0.4149821580200646,0.40679191183950386,0.41088703492978423,0.745033321728959,-0.05222222222222217,-0.056342592592592666,0.3740775712540626,0.3723414458185466,0.16197568347488953,0.5515015542878816,0.008190246180560745,0.004120370370370496,0.007052306161490555,0.41051071424153807,0.13638137744902412,0.09580134475569028,0.0,0.5697295172520137,0.5533002878338835,0.24801810203505908,0.3897020773716821,0.37065964885978614,disgust,07,11,11,male,normal,1307
100,3.336666666666667,True,1.0,0.48225814903194586,0.4562224321159869,0.4692402905739664,0.7704074668576365,-0.052222222222222114,-0.05782407407407403,0.3791415970072868,0.39854503544988173,0.16259199619465434,0.6090806628444545,0.026035716915958962,0.005601851851851913,0.010387071032787633,0.3980557525142557,0.1367175644925369,0.09532095955867984,0.0,0.5518036460769019,0.5503364068127251,0.2481837231207885,0.3944237707959097,0.3788738658719115,disgust,07,11,11,male,normal,1307
0,0.0,True,1.0,0.47319888922290027,0.455794917316097,0.46449690326949866,0.5167439202115875,-0.05712962962962964,-0.059675925925925855,0.3846195589147913,0.30977081192658656,0.16212398719099055,0.8988918593939225,0.01740397190680326,0.0025462962962962132,0.0032648866534332167,0.5809033742071975,0.13304763879839054,0.10018981801698257,0.0,0.6579726915849197,0.5954898899794293,0.27625667178605345,0.3782088692917522,0.40211525028493245,disgust,07,11,11,male,strong,1308
10,0.33366666666666667,True,1.0,0.48752158852173666,0.48338764591476807,0.48545461721825234,0.49095383287385,-0.05689814814814814,-0.05986111111111109,0.3846195589147913,0.2839565775993711,0.160690377961608,0.98879891491343,0.004133942606968588,0.002962962962962945,0.0003018786959246736,0.6007970918025556,0.13359195510793545,0.09946287425227986,0.0,0.804440773173437,0.5949297699001476,0.27696947209998585,0.37902798381253655,0.4023041610497117,disgust,07,11,11,male,strong,1308
20,0.6673333333333333,True,1.0,0.45159828297314275,0.4365620883110286,0.4440801856420857,0.5167439202115875,-0.05847222222222215,-0.06250000000000006,0.3825260440318979,0.32267792909019427,0.15921956306053683,0.8593815394291455,0.015036194662114144,0.004027777777777908,0.013581442988367786,0.5922108540000647,0.13317841839095027,0.10020622059733676,0.0,0.9999999987499999,0.5967280878523284,0.27687335152102666,0.3818965773181342,0.4041541025974618,disgust,07,11,11,male,strong,1308
30,1.0010000000000001,True,1.0,0.38385192099188203,0.3934528155277505,0.3886523682598163,1.1799143903865716,-0.06097222222222226,-0.0637037037037037,0.3975918801014677,0.6705001503732804,0.14823868492879447,0.32939031121781925,0.009600894535868487,0.002731481481481446,0.01570611765697679,0.2858793610733381,0.13226680771867652,0.10140645614257007,0.0,0.5596013456200903,0.5445888539634604,0.24856978258150397,0.40240553020058956,0.3828907286036275,disgust,07,11,11,male,strong,1308
40,1.3346666666666667,True,1.0,0.40646396317428285,0.38567247400078,0.3960682185875314,0.6964867504806861,-0.058657407407407325,-0.06240740740740752,0.41404821826539306,0.4375661358161048,0.15306514955311035,0.5686658336489268,0.020791489173502875,0.0037500000000001976,0.0208567986809569,0.46980335780045185,0.13087000967344528,0.10301802945052331,0.0,0.8370839359591651,0.5812164622958559,0.28169382546387456,0.38809306535014143,0.4065673362685061,disgust,07,11,11,male,strong,1308
50,1.6683333333333334,True,1.0,0.36972177074542983,0.3580091112381266,0.3638654409917782,0.7795216634355179,-0.056435185185185144,-0.05754629629629626,0.37302431943848585,0.49669743342684114,0.15646518385815295,0.46678040913981245,0.011712659507303214,0.0011111111111111183,0.0028333902184770206,0.4197281304516449,0.13150356034167252,0.10220805957171304,0.0,0.6784307975587378,0.5869385864658363,0.28075165035060834,0.3928746538234077,0.40625766759923704,disgust,07,11,11,male,strong,1308
60,2.0020000000000002,True,1.0,0.4426989514189719,0.42944116457493714,0.43607005799695453,1.0406492281731359,-0.056805555555555554,-0.060462962962962885,0.3452997209755235,0.6520537502523743,0.1521961647124145,0.4190365458325255,0.01325778684403478,0.0036574074074073315,0.020057890052599132,0.3101726779816611,0.13336216888090593,0.09996154102002526,0.0,0.5773502689490632,0.5326462691873624,0.2464024918291797,0.3983227015902087,0.3917257231332258,disgust,07,11,11,male,strong,1308
70,2.3356666666666666,True,1.0,0.421081644577689,0.384690530153549,0.402886087365619,0.8212242918303294,-0.05425925925925923,-0.05796296296296305,0.33935425472570646,0.5447379620059459,0.15507822217943282,0.49059202385218537,0.03639111442414,0.00370370370370382,0.011079489481023136,0.35824742573034063,0.13659683100659833,0.09549389263743789,0.0,0.587831138969792,0.5357834538033963,0.24534220384622643,0.39897323284292124,0.37038992858894826,disgust,07,11,11,male,strong,1308
80,2.6693333333333333,True,1.0,0.4358001396768502,0.38451064157524706,0.41015539062604867,0.8051221022738125,-0.05166666666666664,-0.05629629629629623,0.31941029376459784,0.5630157064865594,0.14893162786097394,0.5094325313734334,0.05128949810160316,0.004629629629629595,0.00786220282260194,0.39537641484846786,0.1311277406369029,0.10213166804035372,0.0,0.9999999987499999,0.604405741749825,0.2824659528907121,0.3795249371481849,0.38801677060359857,disgust,07,11,11,male,strong,1308
90,3.003,True,1.0,0.42184557438794756,0.3984290562770743,0.41013731533251097,0.4810512954680434,-0.05277777777777776,-0.05740740740740741,0.38469691929629474,0.3539344262360422,0.1522838646542298,0.8525854086588915,0.023416518110873252,0.00462962962962965,0.008137150134675237,0.6253117259351448,0.13395313258992106,0.09916822092319252,0.0,0.58269815255637,0.545010760632378,0.24360087178471512,0.3831292097300014,0.36608039373625584,disgust,07,11,11,male,strong,1308
100,3.336666666666667,True,1.0,0.45936029810604917,0.46171413686903423,0.46053721748754173,0.49627172601149433,-0.051296296296296284,-0.0539351851851852,0.3901715914408966,0.30024344345129655,0.16055405583427368,0.9279940672599895,0.002353838762985061,0.002638888888888913,0.00858425595097067,0.6367779235135957,0.13612344464013215,0.09616748718390672,0.0,0.6362384467171558,0.5475225724899335,0.24631599420142725,0.4023832620169823,0.3782991674262409,disgust,07,11,11,male,strong,1308
110,3.6703333333333332,True,1.0,0.464817225824896,0.4686018849949815,0.46670955540993875,0.5071975494881241,-0.05273148148148149,-0.05685185185185182,0.3823075052946383,0.33309920523639336,0.16470196146710306,0.9201731275731777,0.0037846591700855248,0.00412037037037033,0.0001148617179967149,0.5816570181646946,0.13142594528751333,0.1023078429503031,0.0,0.7071067807446058,0.6014566284169919,0.28033453728389196,0.3834046486181346,0.40431265321194193,disgust,07,11,11,male,strong,1308
0,0.0,True,1.0,0.4952958084562054,0.4656656313734162,0.4804807199148108,0.4814502908634712,-0.05870370370370365,-0.0637037037037037,0.36727133110821897,0.3643384868142371,0.16126446787813892,0.9979861452634674,0.0296301770827892,0.00500000000000006,0.011432488797466958,0.6431595915997966,0.13782029229021847,0.09371950066637472,0.0,0.5267126256382694,0.5468562804809425,0.24279204918784178,0.38502581448885215,0.37265384499823306,disgust,07,11,11,male,strong,1309
10,0.33366666666666667,True,1.0,0.46579984603840013,0.4585928757741468,0.4621963609062735,0.43685716138316505,-0.05972222222222218,-0.06143518518518515,0.3712161093716413,0.34790561782218765,0.16053837374423738,1.0580033973642098,0.007206970264253321,0.0017129629629629717,0.00617925623685755,0.705461485240836,0.13723604586821583,0.09457296382425096,0.0,0.607845913643302,0.5435197076565,0.2431736664718842,0.3885882403783839,0.37451342558059114,disgust,07,11,11,male,strong,1309
20,0.6673333333333333,True,1.0,0.4584549957243328,0.45096499912664845,0.4547099974254906,0.4709410280211545,-0.05745370370370373,-0.06124999999999997,0.37649298463947306,0.3227642995778961,0.15989456682489425,0.96553489793857,0.007489996597684345,0.003796296296296242,0.01213416344912843,0.6592072688579802,0.13666447384866698,0.09539706158838045,0.0,0.6183947227540673,0.5453657931766457,0.2427930796399657,0.38760422647365633,0.37305526619619356,disgust,07,11,11,male,strong,1309
30,1.0010000000000001,True,1.0,0.49530452803058295,0.4518840534749587,0.4735942907527708,1.1023831422733268,-0.06444444444444447,-0.06837962962962962,0.387293908700285,0.6418495886021247,0.16052364068832686,0.42960951831695104,0.043420474555624256,0.003935185185185153,0.001618767565117975,0.31185669199931926,0.12957375460552897,0.1044615335584555,0.0,0.9999999987499999,0.5972697917135604,0.2847118834043098,0.3960570958693161,0.41737429175098206,disgust,07,11,11,male,strong,1309
40,1.3346666666666667,True,1.0,0.4436661248945156,0.44460063955139456,0.44413338222295506,0.6854256379093844,-0.06962962962962965,-0.07462962962962966,0.4002627409294985,0.5199645996890411,0.15486899347777103,0.6479672741416641,0.0009345146568789375,0.0050000000000000044,0.007550162400971917,0.4698032765345706,0.13115051153679255,0.10228885204284058,0.0,0.9999999987499999,0.591453632413903,0.2830674845931683,0.3819215623995897,0.39795066410042174,disgust,07,11,11,male,strong,1309
50,1.6683333333333334,True,1.0,0.451540239414415,0.4361202747411773,0.44383025707779616,0.7404717383681358,-0.06504629629629627,-0.06847222222222227,0.3667692856438355,0.46779696607944293,0.1618357297806698,0.5993885169147938,0.015419964673237696,0.003425925925925999,0.007542809438375577,0.4048582965580006,0.13026352189660118,0.10341605674033434,0.0,0.5950778867772814,0.5973970169005102,0.28021224713161214,0.3818997692068782,0.3967728372396889,disgust,07,11,11,male,strong,1309
60,2.0020000000000002,True,1.0,0.4980573024878299,0.45115890490466615,0.47460810369624806,0.6281328477351079,-0.064537037037037,-0.06861111111111112,0.35912491715100564,0.37802936435939083,0.1597394172884935,0.7555855507438718,0.046898397583163776,0.004074074074074119,0.0006653243181315434,0.474841254023681,0.13028247194080866,0.10320774915758314,0.0,0.6086715521479716,0.5997732139183799,0.281317193785323,0.3780113559853038,0.39524712995912986,disgust,07,11,11,male,strong,1309
70,2.3356666666666666,True,1.0,0.4750241828660021,0.46619753506815614,0.4706108589670791,0.8345958722453937,-0.06361111111111106,-0.0690277777777778,0.3509004777586993,0.4683398527463178,0.1646060461154199,0.5638787281573169,0.008826647797845977,0.005416666666666736,0.009534064049759918,0.35683533596913103,0.13103362097537546,0.10243854793342018,0.0,0.9999999987499999,0.599970094897334,0.2829867095156334,0.38457841401165754,0.4001856485557702,disgust,07,11,11,male,strong,1309
80,2.6693333333333333,True,1.0,0.4426209209102584,0.4368720512743899,0.43974648609232414,0.9383172909605095,-0.061435185185185315,-0.06731481481481477,0.3176296913627205,0.5267489711934152,0.1585259587597389,0.468654356398119,0.005748869635868514,0.005879629629629457,0.0027287877118635823,0.326114235191987,0.1364030845453661,0.09577043540999577,0.0,0.551740268214588,0.5324753176192352,0.24496577933465968,0.3962435124364366,0.3634994891368644,disgust,07,11,11,male,strong,1309
90,3.003,True,1.0,0.4678362573099409,0.4430101147642571,0.45542318603709897,0.5061879098440296,-0.06055555555555553,-0.0656944444444445,0.3683444050874005,0.36553553879524625,0.15801787302825412,0.8997117022755983,0.02482614254568377,0.0051388888888889706,0.0036290359573599613,0.5962706439338937,0.13075021333673156,0.10205602309976387,0.0,0.9999999987499999,0.6085238785514205,0.2844917393313505,0.376527637252382,0.40063802599566545,disgust,07,11,11,male,strong,1309
100,3.336666666666667,True,1.0,0.49878280238174627,0.47250394289000364,0.485643372635875,0.497582149858506,-0.05949074074074073,-0.06550925925925927,0.3657851334223442,0.33391842045620485,0.16482837318026203,0.9760064197921369,0.026278859491742634,0.006018518518518534,0.005922783096131385,0.6110666735971155,0.13489057347235434,0.0978892790864967,0.0,0.545902677019038,0.5503084369529061,0.24993324439080564,0.379065120696319,0.3624978309321232,disgust,07,11,11,male,strong,1309
110,3.6703333333333332,True,1.0,0.47540885535194577,0.44898754637825483,0.46219820086510033,0.5502743936833362,-0.05791666666666667,-0.06523148148148156,0.3653433711613907,0.3243858635038785,0.1669758281663555,0.8399413204952425,0.026421308973690938,0.007314814814814885,0.006186924079377223,0.5196473409862694,0.13518923530738974,0.09747639934309021,0.0,0.5324632584153057,0.5534793773134253,0.24924775004306746,0.3779605446604663,0.36447935361369305,disgust,07,11,11,male,strong,1309
0,0.0,True,1.0,0.5363901137659646,0.5400026537402683,0.5381963837531165,0.4911975621494045,-0.05546296296296299,-0.06185185185185188,0.36520641218354327,0.3543646918310535,0.16740669132805946,1.095682114947909,0.0036125399743037745,0.006388888888888888,0.008865312507765455,0.5956893416812198,0.13127574582407464,0.10268620321007312,0.0,0.9999999987499999,0.5982387664440776,0.27995384277988894,0.3754843361429051,0.4013220109772229,disgust,07,11,11,male,strong,1310
10,0.33366666666666667,True,1.0,0.5450415672138023,0.5271360129624275,0.5360887900881148,0.5364193018396071,-0.06074074074074076,-0.06523148148148145,0.36310561325520097,0.3780871089581705,0.16742674269242558,0.999383855595131,0.017905554251374745,0.004490740740740684,0.010492727300083585,0.5645979537434677,0.13652410382663943,0.0955978391301616,0.0,0.5172268022421134,0.5525893123655713,0.24362195332863676,0.3920988449452473,0.37532463128699395,disgust,07,11,11,male,strong,1310
20,0.6673333333333333,True,1.0,0.4570933025194427,0.4759130743431793,0.466503188431311,0.48747275297913484,-0.06328703703703703,-0.07013888888888892,0.3658232069773287,0.3652035602772468,0.16673257160503394,0.9569831043485596,0.01881977182373662,0.006851851851851887,0.013218490955642603,0.6423241097381817,0.13144994644163183,0.10209055517929261,0.0,0.7071067807446058,0.592337179574955,0.2775123314446646,0.3832021745069546,0.38856020209996484,disgust,07,11,11,male,strong,1310
30,1.0010000000000001,True,1.0,0.3890811375428833,0.385016216515461,0.3870486770291721,1.5123301097043815,-0.07666666666666672,-0.0781944444444444,0.3422307374123769,0.7994976636200298,0.16548122276236094,0.2559286987315417,0.004064921027422341,0.0015277777777776835,0.016185126185622595,0.22890395124883048,0.1270684832941957,0.10731759632812174,0.0,0.7039463354988699,0.5864388697353942,0.285006964658787,0.39043614087194456,0.40395726240241775,disgust,07,11,11,male,strong,1310
40,1.3346666666666667,True,1.0,0.3560268076660596,0.3641441118205559,0.36008545974330775,0.7912732963299299,-0.07509259259259254,-0.07685185185185184,0.3796702610680149,0.49400337968628294,0.16603840280378732,0.45507091091466106,0.008117304154496296,0.0017592592592592937,0.020596206371018607,0.41506350129784075,0.13119777632510765,0.10204168495503811,0.0,0.9999999987499999,0.5946789225377651,0.27966937121620494,0.39926617390327507,0.40945953780254046,disgust,07,11,11,male,strong,1310
50,1.6683333333333334,True,1.0,0.3973988778332313,0.3501134643786487,0.37375617110594,0.6937799053777796,-0.07254629629629628,-0.07037037037037042,0.3901336932345785,0.4683090702818893,0.15708487050752512,0.5387244113137306,0.04728541345458259,0.002175925925925859,0.013722288042061624,0.46957444526737085,0.13007257998583313,0.103287859738254,0.0,0.7071067807446058,0.5938330094303347,0.2791607788588144,0.397364155653627,0.4078693390922745,disgust,07,11,11,male,strong,1310
60,2.0020000000000002,True,1.0,0.38926307925236103,0.3581977097487571,0.37373039450055906,0.523407943018812,-0.06981481481481483,-0.07004629629629633,0.36576669497965125,0.4540909498087299,0.15697555308701833,0.7140327147979997,0.031065369503603946,0.00023148148148149916,0.009593493961235388,0.5496786687150657,0.13140555875572707,0.10196099772347109,0.0,0.9999999987499999,0.5893457846966912,0.2770225911340071,0.3856423628115513,0.39166915109414,disgust,07,11,11,male,strong,1310
70,2.3356666666666666,True,1.0,0.4163858459535134,0.3824238582657986,0.39940485210965604,0.787199964344723,-0.06851851851851848,-0.06699074074074074,0.34854034368916365,0.4440203687829092,0.16048513825490027,0.5073740729169451,0.0339619876877148,0.001527777777777739,0.015606122266591768,0.3749487565647754,0.13167307925940094,0.10161528490956563,0.0,0.6207971854469931,0.5887174963735495,0.2796804986706488,0.4022755427063788,0.40519204521849533,disgust,07,11,11,male,strong,1310
80,2.6693333333333333,True,1.0,0.3920785138073869,0.3829619074289436,0.3875202106181652,0.7789297506142694,-0.06574074074074071,-0.06777777777777777,0.3662856348565465,0.5188824038108797,0.15766986051596377,0.4975034145409956,0.009116606378443304,0.0020370370370370594,0.015345898598154842,0.39481903511458494,0.13043774056768564,0.1033806834552808,0.0,0.9846928887281553,0.5877333514421393,0.2785432391406098,0.4048801001952102,0.41328569305710333,disgust,07,11,11,male,strong,1310
90,3.003,True,1.0,0.42887725406469906,0.42944116457493714,0.4291592093198181,0.4503149582723587,-0.06124999999999997,-0.06518518518518518,0.40080541665865954,0.2621721697193326,0.1631963144470284,0.9530201061192705,0.0005639105102380748,0.003935185185185208,0.009434574864335292,0.6573147930679436,0.13116687244012343,0.10282523690922628,0.0,0.9999999987499999,0.5896845672175121,0.27775952596805226,0.39219242402425225,0.4098110577501382,disgust,07,11,11,male,strong,1310
100,3.336666666666667,True,1.0,0.46551225716299194,0.43596980348423897,0.45074103032361545,0.5460988599770707,-0.060740740740740706,-0.06462962962962959,0.39170514055360267,0.323158813232188,0.17014292463502936,0.8253835767804768,0.029542453678752967,0.003888888888888886,0.020442363972164597,0.5226555687755053,0.13127791403535233,0.10249772246350206,0.0,0.9999999987499999,0.5896909059952106,0.2788750223655944,0.3967665370473789,0.4206414523318975,disgust,07,11,11,male,strong,1310
110,3.6703333333333332,True,1.0,0.47305723214794193,0.45692285542724626,0.4649900437875941,0.5570036757454685,-0.06037037037037046,-0.06351851851851842,0.3924226015139366,0.3032014043205619,0.1715437894924944,0.8348060597001851,0.016134376720695676,0.0031481481481479556,0.020405758573901454,0.5274872029643514,0.1307414364377922,0.10299634301415744,0.0,0.673248603521135,0.5945427615655638,0.2796928620177998,0.3937576638829085,0.42318191490046825,disgust,07,11,11,male,strong,1310
0,0.0,True,1.0,0.44385689049990457,0.45145887261970397,0.44765788155980424,0.4320228912459949,-0.06662037037037044,-0.06865740740740744,0.3933352400793777,0.38259943876167263,0.1598945668248942,1.0361901895261072,0.0076019821197994,0.002037037037037004,0.007221529994123507,0.7397420850557291,0.1328431153283016,0.10008083052578608,0.0,0.9999999987499999,0.5786116772568403,0.2771093929749005,0.4069308987177344,0.40247707978911756,disgust,07,11,11,male,strong,1311
10,0.33366666666666667,True,1.0,0.44386631627078865,0.45145887261970463,0.44766259444524664,0.39503494344792023,-0.06578703703703698,-0.06810185185185186,0.39149955319468616,0.3639479950138233,0.16336312596803013,1.1332227740107872,0.00759255634891598,0.0023148148148148806,0.002784137215685158,0.8262522298344104,0.1327788781949305,0.100166039325618,0.0,0.6923458760860427,0.5779874891909887,0.2762105519792128,0.4065175870006068,0.3999124997982046,disgust,07,11,11,male,strong,1311
20,0.6673333333333333,True,1.0,0.4888208035566493,0.4589230773045928,0.4738719404306211,0.3980394115198479,-0.06481481481481483,-0.06787037037037036,0.39271891787382945,0.39157813261146973,0.16338133875623878,1.1905151266836096,0.0298977262520565,0.0030555555555555336,0.005504296167203536,0.808697783912081,0.1329170875397345,0.09979183243755461,0.0,0.6278937483211546,0.5827412961981668,0.27719504094117325,0.409283383703552,0.4029634228580542,disgust,07,11,11,male,strong,1311
30,1.0010000000000001,True,1.0,0.37050520824230576,0.3645799397237799,0.3675425739830428,1.4632879952785063,-0.06648148148148153,-0.06939814814814815,0.335419247836534,0.8435052803341286,0.1501835018519532,0.2511758281137875,0.0059252685185258724,0.002916666666666623,0.001538418484364007,0.23158933108581103,0.12866914305863966,0.10503099379642543,0.0,0.9999999987499999,0.5819617639555822,0.2815078195236421,0.4031908954185151,0.4186900373955612,disgust,07,11,11,male,strong,1311
40,1.3346666666666667,True,1.0,0.33370902462129515,0.3110126233955257,0.32236082400841043,0.9394935637860492,-0.061620370370370436,-0.06467592592592597,0.362286070357399,0.644934522103747,0.132305343245818,0.34312190783865937,0.022696401225769436,0.0030555555555555336,0.013133165907911658,0.3203781732096745,0.13458716687115066,0.09830601347539726,0.0,0.7071067807446058,0.5347805484146784,0.24358951048650795,0.40573557887883194,0.3691257246753518,disgust,07,11,11,male,strong,1311
50,1.6683333333333334,True,1.0,0.34511391472586794,0.33128215541240763,0.3381980350691378,0.7678345817172321,-0.05995370370370373,-0.06509259259259254,0.3803942592556143,0.5361351415556764,0.13523093677874282,0.44045689413046635,0.013831759313460312,0.005138888888888804,0.013705859850781977,0.38944227177203766,0.13630950386908805,0.09590358140818306,0.0,0.5336301512653276,0.5267845563147134,0.24027291201326886,0.4067336501800583,0.36510373937438306,disgust,07,11,11,male,strong,1311
60,2.0020000000000002,True,1.0,0.329498514654079,0.3052860901699583,0.31739230241201866,0.4785877300272722,-0.06092592592592588,-0.06574074074074077,0.3696046781697132,0.4580768273118177,0.1396388781072655,0.6631852061772084,0.024212424484120698,0.004814814814814883,0.001918640235355785,0.6274365770046122,0.13090213234298737,0.10242067041972927,0.0,0.9999999987499999,0.595367663713923,0.2739241105341773,0.3738451141596784,0.3908117982715709,disgust,07,11,11,male,strong,1311
70,2.3356666666666666,True,1.0,0.34642447687058153,0.33031979979673354,0.33837213833365754,0.6111610469260186,-0.06129629629629629,-0.0635648148148148,0.3611254569806442,0.4444444444444441,0.14142394038787812,0.5536546218637158,0.016104677073847995,0.002268518518518503,0.00038263009954083777,0.4735183567420399,0.1311418203393258,0.10192684137092925,0.0,0.9999999987499999,0.5973877726559376,0.27583851882348326,0.37161530190495434,0.3872728185123045,disgust,07,11,11,male,strong,1311
80,2.6693333333333333,True,1.0,0.38173321552735007,0.35512776339768193,0.368430489462516,0.7026366445639338,-0.05842592592592588,-0.06259259259259264,0.34943641190092023,0.501585957877972,0.14049913589978075,0.5243542196566892,0.02660545212966814,0.004166666666666763,0.0022615024156371955,0.43787027778614085,0.13183552924288786,0.10140443362187992,0.0,0.7071067807446058,0.5996081413268434,0.277221427668559,0.3792042776844342,0.39361878104632136,disgust,07,11,11,male,strong,1311
90,3.003,True,1.0,0.38788916042711363,0.3524904214559384,0.37018979094152604,0.42738979981267766,-0.057916666666666616,-0.06365740740740744,0.3811218922358137,0.3336921294014155,0.1465477872005468,0.8661643097326561,0.035398738971175236,0.005740740740740824,0.009721163878837823,0.7054614852408349,0.13193999081675556,0.10089151033163232,0.0,0.669053477886493,0.6038484803296318,0.2753929436242463,0.38198684209266537,0.3986618419338364,disgust,07,11,11,male,strong,1311
100,3.336666666666667,True,1.0,0.41249060885205663,0.37037037037037024,0.3914304896112134,0.4308911154233319,-0.05939814814814809,-0.06504629629629638,0.38206457422677315,0.3566113939623971,0.1508116064001707,0.9084208877842604,0.04212023848168639,0.005648148148148291,0.001473511713618605,0.7054614852408365,0.13131981634724005,0.10207140521842185,0.0,0.9999999987499999,0.604522619571266,0.275644389101211,0.3812082117696354,0.40045733261136035,disgust,07,11,11,male,strong,1311
110,3.6703333333333332,True,1.0,0.47772574215758884,0.4208479895095999,0.44928686583359434,0.41347009884613317,-0.058287037037037026,-0.0642592592592593,0.37216905227372765,0.35138782205643804,0.15081160640017063,1.0866248057293977,0.056877752647988944,0.005972222222222268,0.008517530541965211,0.7528248123472973,0.1306587034011731,0.10254541071636147,0.0,0.9999999987499999,0.6026881070318753,0.2787025783918048,0.37583781824929574,0.39855806568957547,disgust,07,11,11,male,strong,1311
0,0.0,True,1.0,0.5694392502374754,0.5680036900884544,0.5687214701629649,0.6427209768958593,-0.057962962962962994,-0.06342592592592594,0.36606621452818944,0.32133747587545436,0.1674777716962632,0.8848652690778994,0.0014355601490210201,0.005462962962962947,0.006603466443261217,0.46720654517142696,0.1332653963415859,0.10009051857986426,0.0,0.7056099852230033,0.6072629264909088,0.27593225616323197,0.36959864347523136,0.4001346317192048,surprised,08,11,11,male,normal,1312
10,0.33366666666666667,True,1.0,0.5593725197015825,0.5629361022832005,0.5611543109923915,0.6377699429049677,-0.058009259259259316,-0.06347222222222221,0.36588330791322393,0.332454544705781,0.16817173440589359,0.8798694846552334,0.00356358258161793,0.005462962962962892,0.0019188412771206558,0.4672400041523702,0.13425480583903399,0.09875942932640457,0.0,0.5790036144209284,0.6067979570500075,0.2766122934139052,0.3722273951439831,0.4010915729624881,surprised,08,11,11,male,normal,1312
20,0.6673333333333333,True,1.0,0.5600576441108306,0.550601733471952,0.5553296887913912,0.6376395250703576,-0.05689814814814814,-0.06351851851851847,0.36605203114977825,0.32557984534843326,0.1667440107808775,0.8709147832862396,0.009455910638878628,0.006620370370370332,0.002168970671812633,0.4552520572966131,0.13331868312170053,0.10001953060454051,0.0,0.5605828564942112,0.6077422649841187,0.2766167195662435,0.3697763227128464,0.40037089889147714,surprised,08,11,11,male,normal,1312
30,1.0010000000000001,True,1.0,0.6110755340637295,0.57435020137943,0.5927128677215798,1.0072659127623595,-0.089212962962963,-0.0894907407407407,0.3466265612063335,0.5178035501030112,0.19319816707044563,0.588437333391045,0.03672533268429945,0.0002777777777777102,0.012362018923209431,0.3023618258548959,0.12948952342080447,0.10492969596546867,0.0,0.6032514588951536,0.6050930879617472,0.283074973020503,0.39106236271968287,0.416023046000835,surprised,08,11,11,male,normal,1312
40,1.3346666666666667,True,1.0,0.5924581983210326,0.5969919456675958,0.5947250719943142,1.1703703703703698,-0.07763888888888887,-0.08083333333333331,0.33760510584115067,0.5629629629629621,0.18361443441400138,0.5081511691090662,0.0045337473465631994,0.003194444444444444,0.007969523932581275,0.26344936708860794,0.13120434114255297,0.10240600930451009,0.0,0.6727094403117326,0.5964340645476941,0.28303729962125146,0.3998967859150246,0.4074547654940146,surprised,08,11,11,male,normal,1312
50,1.6683333333333334,True,1.0,0.5970965182665228,0.5880156244169511,0.5925560713417369,0.6486466503865155,-0.07648148148148148,-0.07703703703703701,0.38472605671755056,0.3113306914135365,0.1821120974028017,0.9135267575784823,0.00908089384957167,0.0005555555555555314,0.004146200471382003,0.45041572321401535,0.13125745018308582,0.10270958836813221,0.0,0.9999999987499999,0.6041362841230242,0.28278825453179063,0.37494351919719904,0.4061237880795663,surprised,08,11,11,male,normal,1312
60,2.0020000000000002,True,1.0,0.5928056221357244,0.6009140541606066,0.5968598381481656,0.8465608465608473,-0.07324074074074077,-0.0762962962962963,0.3529017978345753,0.4232804232804242,0.18006629842695704,0.7050406838125199,0.008108432024882206,0.0030555555555555336,0.0021736656060120756,0.3566396504565609,0.13124349988266595,0.10272741362402138,0.0,0.6746598412377749,0.6017983333880428,0.27867482240974356,0.37324395735639304,0.401195220381985,surprised,08,11,11,male,normal,1312
70,2.3356666666666666,True,1.0,0.6839277433661964,0.6591508424297168,0.6715392928979567,0.7852697409818227,-0.07106481481481475,-0.0748611111111111,0.36350005190930074,0.3857277576965073,0.18349971734954007,0.8551702145791727,0.024776900936479662,0.003796296296296353,0.0014139461382061513,0.38524931516233485,0.13337341989103196,0.09994652889546433,0.0,0.6027483009917644,0.6041758003592061,0.2776003073786099,0.38024056064817857,0.4071063341188756,surprised,08,11,11,male,normal,1312
80,2.6693333333333333,True,1.0,0.6702817227938769,0.6492567805052818,0.6597692516495793,0.7856081010091391,-0.06824074074074077,-0.07319444444444445,0.36137436917232085,0.40650748041823226,0.18346811599750412,0.839819817033562,0.021024942288595083,0.004953703703703682,0.004020036116113336,0.38479348155862403,0.13279943312006148,0.10070793580762362,0.0,0.6458620483238845,0.604127938511342,0.2768630059854856,0.3773116707301159,0.4059214525064909,surprised,08,11,11,male,normal,1312
90,3.003,True,1.0,0.6060302512796347,0.608357545602271,0.6071938984409528,0.755872467838376,-0.06768518518518513,-0.07162037037037045,0.3557727380248505,0.3849141707020265,0.18067763154958041,0.8033020440305093,0.002327294322636231,0.003935185185185319,0.0034631953036932625,0.3958118597480884,0.1323816322754066,0.10125651192721012,0.0,0.7773707716933835,0.6069022867193753,0.2770159607709974,0.38007397329139087,0.4082965754516078,surprised,08,11,11,male,normal,1312
0,0.0,True,1.0,0.6390799269032617,0.6219537033466559,0.6305168151249587,0.5648337333583544,-0.06111111111111117,-0.0656018518518518,0.3705852959657715,0.31578313788151935,0.17023975384068282,1.1162874628186064,0.017126223556605757,0.004490740740740629,0.0016058871611131617,0.5107394267906803,0.13328771497449077,0.10006079556179616,0.0,0.634197490644953,0.6012470308045093,0.2763846655815809,0.36654032517938423,0.395786710274333,surprised,08,11,11,male,normal,1313
10,0.33366666666666667,True,1.0,0.5835425592043628,0.5923536931573182,0.5879481261808406,0.546488306031506,-0.06148148148148158,-0.0662962962962963,0.3747904122255019,0.30645126881748214,0.16883859075034502,1.075865887141132,0.008811133952955408,0.004814814814814716,0.0003471150934080346,0.5126754451054957,0.13306796735399307,0.10035284667507247,0.0,0.6355521364594903,0.6015987881168092,0.276831801158173,0.3711318801759709,0.4007442093148928,surprised,08,11,11,male,normal,1313
20,0.6673333333333333,True,1.0,0.5833175572452737,0.5717729034050529,0.5775452303251634,0.5731266825714989,-0.06199074074074079,-0.06722222222222207,0.37265990671590554,0.31977523702693783,0.16885169461806004,1.0077095481470857,0.011544653840220742,0.0052314814814812816,0.006600227948473047,0.4990934805608526,0.13407578842452178,0.09900232689148648,0.0,0.9999999987499999,0.6006626893257303,0.2768576761648432,0.3705427527578868,0.3975207982652668,surprised,08,11,11,male,normal,1313
30,1.0010000000000001,True,1.0,0.6746475078901899,0.6636981644825336,0.6691728361863618,0.8810310545690359,-0.09305555555555556,-0.09513888888888888,0.38779982778885047,0.3561044397195976,0.21463452564928703,0.7595337675284257,0.010949343407656298,0.002083333333333326,0.0029551287703215687,0.31553854227340905,0.12952211651881357,0.10470766522116655,0.0,0.7071067807446058,0.598688281687675,0.28418465177442215,0.3922537941301081,0.41332166201753273,surprised,08,11,11,male,normal,1313
40,1.3346666666666667,True,1.0,0.6713828991729748,0.6600528261350702,0.6657178626540226,1.0572153790057044,-0.08949074074074082,-0.09333333333333332,0.3737257068622118,0.39297529971799094,0.2056282899951161,0.6296899154835607,0.011330073037904564,0.0038425925925925086,0.0025587663755859452,0.25987093769326874,0.12891846569945475,0.10563052102811879,0.0,0.6977734212769376,0.5994766889880953,0.28399791866763924,0.3927469265613217,0.4190634189769182,surprised,08,11,11,male,normal,1313
50,1.6683333333333334,True,1.0,0.6484547959957511,0.6451155127016865,0.6467851543487189,0.8079297976484383,-0.08703703703703697,-0.09203703703703703,0.38052145864909154,0.33657825673921654,0.20561827198298485,0.8005462309117113,0.003339283294064521,0.00500000000000006,0.0005182828397953238,0.3284902704033447,0.13023847378659326,0.10363160628890687,0.0,0.6306921371165182,0.6055627028233169,0.2847131959813005,0.3914851101685821,0.4182721156611611,surprised,08,11,11,male,normal,1313
60,2.0020000000000002,True,1.0,0.6976712895747208,0.6764388138204854,0.6870550516976031,0.9036429652498632,-0.08620370370370362,-0.09018518518518515,0.34779038336086204,0.40736270613369263,0.2043642502296289,0.7603169372403932,0.02123247575423537,0.00398148148148153,0.0008194194414356731,0.3139395370993409,0.13032681244824043,0.10388791906861378,0.0,0.603679885150556,0.6002514430694152,0.281832699504985,0.38936971192699565,0.4111923714258342,surprised,08,11,11,male,normal,1313
70,2.3356666666666666,True,1.0,0.6866735698334054,0.6864232692272961,0.6865484195303508,0.8404783717699112,-0.08351851851851844,-0.08750000000000002,0.36976788138012917,0.3719517663502023,0.19873553263911467,0.8168543565072247,0.0002503006061093105,0.003981481481481586,0.0036015613050231245,0.34152405759822335,0.13080246914754953,0.1032883915852327,0.0,0.67948376101133,0.603900767869648,0.28070911147698907,0.39289674962802557,0.4198076803679041,surprised,08,11,11,male,normal,1313
80,2.6693333333333333,True,1.0,0.6996129578303051,0.6746360282266235,0.6871244930284643,0.7926448123000404,-0.07976851851851846,-0.08606481481481487,0.36962885146167124,0.36208857427965735,0.1980415244866766,0.8668756577547203,0.024976929603681586,0.006296296296296411,0.0033881673576757537,0.36886818702146124,0.13166913315804285,0.10218129547450268,0.0,0.6675241177406919,0.6024354735487946,0.2791811284478317,0.3897793262442824,0.4134048567655722,surprised,08,11,11,male,normal,1313
90,3.003,True,1.0,0.7259847532509139,0.7081225334505921,0.7170536433507531,0.7990450731483201,-0.0803240740740741,-0.08592592592592585,0.36659774899152026,0.37195176635020244,0.19938057002093038,0.8973882293341572,0.017862219800321877,0.005601851851851747,0.006438846896396987,0.36892022016333126,0.1304672727424199,0.10371146761291221,0.0,0.6194010799617826,0.6010186208936699,0.2783814444288762,0.38696200748876347,0.41222710094716586,surprised,08,11,11,male,normal,1313
0,0.0,True,1.0,0.6277038715852142,0.6372583416419876,0.6324811066136009,0.6152995670362448,-0.062453703703703733,-0.06935185185185183,0.36241715998805896,0.32109741492724325,0.18001417588245403,1.027923860990372,0.009554470056773345,0.006898148148148098,0.004937145669034327,0.4767396513448404,0.13251497079925545,0.10108194836735242,0.0,0.6573043313863429,0.6046492463235295,0.27376943155934413,0.3776497557434199,0.40373851953806583,surprised,08,11,11,male,normal,1314
10,0.33366666666666667,True,1.0,0.6445411935850801,0.6561618357756963,0.6503515146803882,0.6285781005565918,-0.061620370370370436,-0.06925925925925919,0.36137522207163664,0.32109741492724325,0.18137160858411835,1.0346391547916107,0.011620642190616204,0.007638888888888751,0.007093523931230272,0.4651473772410858,0.13266092333537616,0.100890322585308,0.0,0.6987361245940713,0.6036066543648709,0.27445326867953435,0.3811131252632646,0.4062212126140161,surprised,08,11,11,male,normal,1314
20,0.6673333333333333,True,1.0,0.7298138030937915,0.7264373297801029,0.7281255664369473,1.0569541402232763,-0.06833333333333341,-0.07671296296296293,0.3373704650824923,0.521073507080513,0.184815128325867,0.6888904056737356,0.0033764733136886216,0.008379629629629515,0.0028469792515579697,0.2890272205100294,0.13125537578437935,0.10271223928611171,0.0,0.6240251402014256,0.5995406077196503,0.2799562998648921,0.3790920847862126,0.4043180595914624,surprised,08,11,11,male,normal,1314
30,1.0010000000000001,True,1.0,0.7313887420312061,0.7564179066764,0.743903324353803,1.4711926241497706,-0.07787037037037031,-0.08384259259259258,0.3265983287981239,0.6665883883969329,0.1890055825791123,0.505646447747601,0.02502916464519389,0.005972222222222268,0.00674882338184041,0.21092301756294768,0.12757894111281515,0.10724454091247797,0.0,0.657384501745671,0.5984131618428622,0.28092538274606177,0.37552099419531065,0.4056161932339297,surprised,08,11,11,male,normal,1314
40,1.3346666666666667,True,1.0,0.6782924640167531,0.6780452184224535,0.6781688412196033,0.6698316991058096,-0.07847222222222217,-0.0856944444444444,0.39056629314664004,0.3413565389673842,0.19522683788910974,1.0124466222260358,0.0002472455942996721,0.007222222222222241,0.011437886175358273,0.4331194472905852,0.13104549816117808,0.10297987756371217,0.0,0.6945226206434932,0.601641430173632,0.2809138119676815,0.38968549926955803,0.41693693964770845,surprised,08,11,11,male,normal,1314
50,1.6683333333333334,True,1.0,0.7121265866627357,0.7409751481474304,0.726550867405083,0.9012495368131449,-0.07712962962962966,-0.08374999999999999,0.36461771919848673,0.35502480260744373,0.19454486494201956,0.8061594904938276,0.028848561484694724,0.006620370370370332,0.0029132334806499178,0.2901580370436443,0.12896213878986276,0.10557719701558761,0.0,0.9999999987499999,0.5961826427680448,0.2809087224726702,0.38580771401850544,0.4151934186983456,surprised,08,11,11,male,normal,1314
60,2.0020000000000002,True,1.0,0.7173527915936688,0.7158733585050253,0.7166130750493471,0.8592053843081754,-0.0733333333333332,-0.0806944444444444,0.33489801023709137,0.3925495168197412,0.1952952152845536,0.8340416484079155,0.0014794330886435114,0.007361111111111207,0.01000033386099,0.32972587323513247,0.1299257848504531,0.1043890233801343,0.0,0.6763647864092771,0.5941733907078457,0.2778828251704788,0.38962440258946474,0.4141305611344526,surprised,08,11,11,male,normal,1314
70,2.3356666666666666,True,1.0,0.7181958698628735,0.7546258238281178,0.7364108468454957,0.8958002518156254,-0.07120370370370382,-0.08120370370370367,0.3545037253225161,0.42690480750588466,0.18974423689279155,0.8220703726672591,0.03642995396524429,0.009999999999999842,0.007415863161727532,0.32519531249999956,0.13290970696276797,0.10056235660880589,0.0,0.6815929382779619,0.5978231334252451,0.27768078219679954,0.3936595933425534,0.4129276088076982,surprised,08,11,11,male,normal,1314
80,2.6693333333333333,True,1.0,0.7431823237728957,0.7435878919055676,0.7433851078392317,0.8131291141839009,-0.0721296296296296,-0.08101851851851849,0.36098217687722733,0.4134366925064607,0.19039362020939674,0.9142276360198123,0.0004055681326718963,0.00888888888888889,0.010322780362332572,0.3721912240843815,0.1331885720067078,0.10019272457841578,0.0,0.694874436641989,0.5954820444740397,0.27615825063670424,0.389393952239438,0.41259480358698114,surprised,08,11,11,male,normal,1314
90,3.003,True,1.0,0.6913116694622784,0.715424851336434,0.7033682603993562,0.7795251340287324,-0.07240740740740748,-0.08189814814814811,0.36296741493540957,0.42393162393162376,0.18763178962148844,0.9023035046531686,0.024113181874155565,0.009490740740740633,0.005596632212993301,0.3947176226404609,0.13172816447725078,0.10210518329121215,0.0,0.73698236237931,0.5953711147974814,0.27538810056019314,0.38380843066394904,0.4075679274167066,surprised,08,11,11,male,normal,1314
0,0.0,True,1.0,0.547020290507633,0.5640213939098235,0.5555208422087283,0.9580423644769551,-0.06337962962962962,-0.07004629629629627,0.3494333867350936,0.4789556397689348,0.1709476243700912,0.5798499761667804,0.01700110340219052,0.006666666666666654,0.009156048633598904,0.32290110973024383,0.13321025985086513,0.1001638879144466,0.0,0.649266753952304,0.5978225463466637,0.2771607697658805,0.3744038522779311,0.39676590629104025,surprised,08,11,11,male,normal,1315
10,0.33366666666666667,True,1.0,0.62901270682794,0.6319788049467012,0.6304957558873205,0.9940768299414289,-0.06717592592592597,-0.07467592592592581,0.3457954651971942,0.5111735010931272,0.17647364491622908,0.6342525415510081,0.002966098118761251,0.00749999999999984,0.006416583196525847,0.3053177150220142,0.13284842411274342,0.10064330073246912,0.0,0.6555044397245686,0.5960455461168843,0.27786556116194,0.37557904021288896,0.39624089047515804,surprised,08,11,11,male,normal,1315
20,0.6673333333333333,True,1.0,0.7298375891344612,0.7134873741782088,0.7216624816563351,1.0113157092785239,-0.07513888888888887,-0.08194444444444438,0.3447077190409554,0.5414966178345321,0.1855092249813157,0.7135877303549172,0.01635021495625233,0.006805555555555509,0.010181063945722602,0.30553333679855815,0.1323906140984234,0.10124476811209024,0.0,0.6761036954397565,0.5927386404483669,0.27941536923473964,0.3866644593037365,0.40839062615944727,surprised,08,11,11,male,normal,1315
30,1.0010000000000001,True,1.0,0.6600214261532387,0.6866735698334061,0.6733474979933224,1.1657781486438301,-0.07874999999999999,-0.08601851851851855,0.34831316157391995,0.5402259438945625,0.18554993601276257,0.5775948869659627,0.02665214368016744,0.007268518518518563,0.005277671438614201,0.25409780424021283,0.12909981227410136,0.10522790644304135,0.0,0.7485872846918038,0.5937355927449105,0.27988336722664847,0.3844392718342962,0.4158073271962164,surprised,08,11,11,male,normal,1315
40,1.3346666666666667,True,1.0,0.702243490806696,0.7262165339661165,0.7142300123864063,0.799578606445787,-0.06930555555555556,-0.07958333333333328,0.37162208620664633,0.4130430144931288,0.1833836804240681,0.8932580319541509,0.023973043159420504,0.010277777777777719,0.004349407425098383,0.35774317684461293,0.13111152143976276,0.10271048032885709,0.0,0.9999999987499999,0.599426091053609,0.27987414663881693,0.3882012685235048,0.4162009133779194,surprised,08,11,11,male,normal,1315
50,1.6683333333333334,True,1.0,0.687869692502032,0.6927278758721911,0.6902987841871115,0.6219832265688335,-0.06847222222222227,-0.07768518518518519,0.3741462733279873,0.23805295262697593,0.186846392460444,1.1098350481171981,0.004858183370159086,0.009212962962962923,0.012744583010063992,0.43109831370080776,0.1315964024042136,0.10227494632420767,0.0,0.9999999987499999,0.6001293547418967,0.2794985098986373,0.38864920387607993,0.4221647543187008,surprised,08,11,11,male,normal,1315
60,2.0020000000000002,True,1.0,0.7030619038574135,0.7056851290453653,0.7043735164513893,0.9477961601314921,-0.06907407407407407,-0.07699074074074069,0.3635962019810956,0.42576487609513647,0.1820266136881089,0.7431698355410813,0.002623225187951772,0.007916666666666627,0.001132896003520023,0.3100802233328401,0.13200966831852043,0.10174097130406966,0.0,0.8288479269487097,0.5982872325727165,0.27873443508168305,0.38518316045693135,0.41431934386463193,surprised,08,11,11,male,normal,1315
70,2.3356666666666666,True,1.0,0.7187824974156929,0.737451789539121,0.728117143477407,0.8593603562950689,-0.06694444444444442,-0.07550925925925928,0.35933564122195677,0.4364488716733606,0.17923861692715679,0.8472780227104187,0.01866929212342816,0.008564814814814858,0.007504730020550286,0.3450073775842552,0.13162380062993367,0.10223968348529008,0.0,0.6869817098461438,0.5983446099768033,0.2778272826835016,0.38022990799075823,0.41161619777681296,surprised,08,11,11,male,normal,1315
80,2.6693333333333333,True,1.0,0.7057945695648622,0.697960869492463,0.7018777195286626,0.8113161558018815,-0.06643518518518515,-0.07648148148148154,0.36216095159701306,0.4193329753899719,0.17994423168494725,0.8651099999789192,0.007833700072399141,0.010046296296296386,0.006580095375798648,0.38278997802470427,0.13218841173345344,0.10150862808114428,0.0,0.5506439477950813,0.6012191631183724,0.279821741026157,0.3785758049099447,0.41081040784339085,surprised,08,11,11,male,normal,1315
0,0.0,True,1.0,0.6069096579558729,0.5966619553783741,0.6017858066671236,0.6662716370075812,-0.0635648148148148,-0.06939814814814815,0.35683782775444894,0.36773647829093475,0.1730295816070509,0.9032139044218028,0.010247702577498852,0.005833333333333357,0.004049363184132965,0.44567717098543147,0.13240097097856443,0.10123122371854393,0.0,0.642973967150053,0.6051266217737096,0.2757499296854533,0.3705377349400211,0.3981380762379823,surprised,08,11,11,male,strong,1316
10,0.33366666666666667,True,1.0,0.6110755340637295,0.6393745998691677,0.6252250669664485,0.6559035823252908,-0.0636574074074075,-0.07078703703703704,0.36141047023861633,0.36208857427965757,0.1736642767986559,0.9532270958940616,0.028299065805438173,0.007129629629629541,0.0027614837945573478,0.4574744262016093,0.13355248195207425,0.09970713282493947,0.0,0.640247705264912,0.6022687687184248,0.2757480539395748,0.3755023605443048,0.39910844378032745,surprised,08,11,11,male,strong,1316
20,0.6673333333333333,True,1.0,0.7299323925011698,0.7070185697683011,0.7184754811347355,0.9231215247568438,-0.08597222222222223,-0.08935185185185185,0.36249264478822785,0.4683837057743285,0.19732122906132424,0.7783108310945155,0.022913822732868683,0.0033796296296296213,0.002511344112849586,0.31898488674587727,0.13051099578350864,0.10365644095225787,0.0,0.6376625729442839,0.5983241438841163,0.2805145144086492,0.39072171692989677,0.4092713754562012,surprised,08,11,11,male,strong,1316
30,1.0010000000000001,True,1.0,0.6928870423445096,0.7252947130000461,0.7090908776722779,0.9959946689838366,-0.09273148148148141,-0.09569444444444442,0.3744305718741827,0.5116259085620394,0.19595951857719734,0.7119424428202289,0.032407670655536513,0.0029629629629630005,0.0008290102859611016,0.29279952690700056,0.11888884131286431,0.11197413407601967,0.0,0.9999999987499999,0.672397136182598,0.30358800439251726,0.37546763718571585,0.4611501515244446,surprised,08,11,11,male,strong,1316
40,1.3346666666666667,True,1.0,0.6848041298553893,0.6758306047183216,0.6803173672868554,1.2829679609150317,-0.09342592592592591,-0.094212962962963,0.3312387584637482,0.5950979784910869,0.20152560332726177,0.5302683995332533,0.008973525137067728,0.000787037037037086,0.006939210195810793,0.23719334819305363,0.12957513596973397,0.10482395675466255,0.0,0.7391811199411776,0.6028748584980868,0.28537085420886277,0.4051778387293723,0.4340917638355408,surprised,08,11,11,male,strong,1316
50,1.6683333333333334,True,1.0,0.6715393272548933,0.6696954180267675,0.6706173726408304,0.7056795244646591,-0.08976851851851847,-0.09222222222222215,0.39085653787744457,0.31361832978470466,0.20086202052809743,0.9503143415554994,0.0018439092281258285,0.00245370370370368,0.0008032763882716262,0.3853957581757688,0.1306462502349283,0.10330165111612409,0.0,0.9999999987499999,0.6107729150566477,0.28451113547389717,0.3994153201890251,0.428253548077782,surprised,08,11,11,male,strong,1316
60,2.0020000000000002,True,1.0,0.6877860126002705,0.6878696925020314,0.687827852551151,0.8535588174409033,-0.08680555555555552,-0.0904166666666667,0.3681819761997224,0.4057902574719044,0.19525184725676928,0.80583533143429,8.367990176094686e-05,0.003611111111111176,0.0023948831656785516,0.3323717429990229,0.1294300383581493,0.10445731711678177,0.0,0.8400256682327197,0.6105500672925421,0.2833172015281243,0.3951622539391928,0.42705083073238354,surprised,08,11,11,male,strong,1316
70,2.3356666666666666,True,1.0,0.6862863992100499,0.7013161478286932,0.6938012735193715,0.8053964128568707,-0.0824537037037037,-0.08712962962962961,0.3668846087610404,0.40262247498512355,0.1931444532112036,0.8614407296133176,0.015029748618643368,0.004675925925925917,0.00045879054397420844,0.3684651761467608,0.13220376608447462,0.10148862992810108,0.0,0.6461123255758473,0.6058384347410839,0.28165358053881584,0.39153057820427245,0.4175123499713083,surprised,08,11,11,male,strong,1316
80,2.6693333333333333,True,1.0,0.7050723496750652,0.7284157306468445,0.7167440401609548,0.7789837071833597,-0.08203703703703707,-0.08481481481481479,0.37278683117992484,0.3757522940637964,0.19315669812580716,0.9201014521247814,0.02334338097177935,0.0027777777777777124,0.0058196934444644886,0.37492698203147845,0.1322486330489576,0.10143015739011542,0.0,0.7177290175849358,0.6050418263320954,0.2807006408901634,0.3940335938847826,0.41922117415280175,surprised,08,11,11,male,strong,1316
90,3.003,True,1.0,0.7093935044571331,0.7080569398800253,0.7087252221685791,0.7578380096444685,-0.08319444444444446,-0.08657407407407403,0.3708304327634054,0.3857277576965071,0.19451074347918235,0.9351935547559431,0.001336564577107846,0.003379629629629566,0.0035698132515099013,0.3783299547477913,0.13182777587802505,0.10197654278592375,0.0,0.7040301680897528,0.6034104647718463,0.28002806270843755,0.39131483510101794,0.41966732840521526,surprised,08,11,11,male,strong,1316
0,0.0,True,1.0,0.614559913605205,0.6030376020626972,0.6087987578339511,0.6600467108675427,-0.06856481481481486,-0.07597222222222222,0.36467395310691564,0.3568699925122333,0.1806269525721201,0.9223570814159,0.011522311542507824,0.007407407407407363,0.002994114635882969,0.4595158694795585,0.13381782719137414,0.09935072670864023,0.0,0.6036651275616033,0.5999360777592287,0.27786808845357236,0.3847212084090594,0.40835824469262044,surprised,08,11,11,male,strong,1317
10,0.33366666666666667,True,1.0,0.6153468771412061,0.6075988625753491,0.6114728698582776,0.6733396085136475,-0.0683333333333333,-0.07629629629629636,0.36669544832620066,0.3568699925122331,0.1799442316849471,0.908119561253887,0.007748014565856942,0.00796296296296306,0.002057737673912205,0.4392056039032281,0.1328995573368427,0.1005757696031436,0.0,0.6069779236652731,0.6019447707207883,0.2775444407738626,0.38558167824473605,0.4108752001080495,surprised,08,11,11,male,strong,1317
20,0.6673333333333333,True,1.0,0.7029812155239314,0.704332648988468,0.7036569322561997,1.2737603226782528,-0.08574074074074073,-0.09106481481481482,0.33817227608625827,0.6219492728326682,0.193838579171925,0.5524249105017388,0.0013514334645365889,0.005324074074074092,0.00039538713810443563,0.24849867693965066,0.12848902018102748,0.1061524821377925,0.0,0.9784248201494521,0.5946945877178996,0.2822383407741575,0.39255496617603386,0.41406454616149047,surprised,08,11,11,male,strong,1317
30,1.0010000000000001,True,1.0,0.6896411845150181,0.7005008224061194,0.6950710034605687,0.9151008025295418,-0.09236111111111112,-0.09472222222222215,0.37747932971004644,0.45091923602905015,0.19801532628674087,0.7595567630792565,0.010859637891101337,0.002361111111111036,0.006267181863141495,0.2934782608695659,0.12965567781845386,0.1045422356417124,0.0,0.8475952301803248,0.5968341480185825,0.283710588388232,0.41146355157626807,0.4389618626160191,surprised,08,11,11,male,strong,1317
40,1.3346666666666667,True,1.0,0.6860415656240678,0.6973448510609497,0.6916932083425087,1.5611661253921987,-0.09689814814814818,-0.09675925925925921,0.33028814032477133,0.6878405205935928,0.2057039658732983,0.44306188629908966,0.01130328543688186,0.0001388888888889661,0.006580448436524598,0.1896151083763532,0.127582335415894,0.1070626989818728,0.0,0.7071067807446058,0.5945883281593888,0.28624577726164796,0.4186198232084966,0.43789893612507136,surprised,08,11,11,male,strong,1317
50,1.6683333333333334,True,1.0,0.6734945637894126,0.6789703410948317,0.6762324524421222,0.8006412066922195,-0.09449074074074076,-0.09648148148148145,0.3791365260730759,0.34602411795907795,0.20639791097840596,0.8446136006862781,0.005475777305419038,0.001990740740740682,0.01377531049103865,0.32413781141928194,0.12893529686369667,0.10542942210806183,0.0,0.9999999987499999,0.6037138516187726,0.28358299006435356,0.4163823613593951,0.44091261142839894,surprised,08,11,11,male,strong,1317
60,2.0020000000000002,True,1.0,0.6880183601766596,0.7180472012026843,0.7030327806896719,0.942109046317959,-0.08763888888888888,-0.09152777777777776,0.33837206405610465,0.45584045584045535,0.20221957827971737,0.7462329158575985,0.030028841026024655,0.003888888888888886,0.015561822755876992,0.3179366002437202,0.13004445957907307,0.10405821618950784,0.0,0.9999999987499999,0.6029059463785514,0.2832854073570389,0.4138463305429634,0.4445251898095093,surprised,08,11,11,male,strong,1317
70,2.3356666666666666,True,1.0,0.740975148147429,0.7157911452010177,0.7283831466742234,0.9031689908766511,-0.08347222222222228,-0.08740740740740743,0.3590712874679401,0.42289560782838714,0.19947429843234002,0.8064749277621083,0.02518400294641132,0.003935185185185153,0.008938945157665081,0.3124875445903615,0.13139012304987335,0.10253981342065428,0.0,0.6810176087435927,0.5997655252647934,0.28247954135654113,0.4031219570546614,0.4312624531856886,surprised,08,11,11,male,strong,1317
80,2.6693333333333333,True,1.0,0.713706691262512,0.7299323925011679,0.7218195418818399,0.8606211264848086,-0.0855555555555555,-0.0899537037037037,0.361722884361893,0.4444002124516797,0.19662713428789932,0.838719291995653,0.016225701238655965,0.0043981481481482065,0.010920125798087144,0.3319530999996161,0.1305468132851935,0.10361132810849331,0.0,0.6497912416825327,0.6002717571247248,0.2817167982866718,0.39368453261701225,0.42387783531416895,surprised,08,11,11,male,strong,1317
90,3.003,True,1.0,0.7227806148075993,0.7143140362080341,0.7185473255078167,0.8106241604102113,-0.08324074074074067,-0.08828703703703705,0.361966430948903,0.4195131299037837,0.19455780600042563,0.8864124221811996,0.008466578599565122,0.005046296296296382,0.008978967310868538,0.35524586037641476,0.13158121924011176,0.10229447939474105,0.0,0.8828845231712955,0.6012128036448955,0.2808834290915391,0.39497802464080795,0.42400728146272354,surprised,08,11,11,male,strong,1317
0,0.0,True,1.0,0.5555609432296782,0.5590163081715902,0.5572886257006342,0.5126837395621182,-0.06236111111111109,-0.06675925925925924,0.3777950772176014,0.3219366403575206,0.16746364915329026,1.0870027322821139,0.003455364941912009,0.004398148148148151,0.004713122426747957,0.5502419744382169,0.13372838570446796,0.09947108438421028,0.0,0.7167886836104462,0.6023183132080958,0.2752205956579864,0.37875861270796235,0.4019011520903199,surprised,08,11,11,male,strong,1318
10,0.33366666666666667,True,1.0,0.5554511440183725,0.5590163081715902,0.5572337260949813,0.526071726419936,-0.06347222222222221,-0.06675925925925924,0.37738982539631677,0.31561183065843734,0.1688657010763287,1.0592352679493182,0.003565164153217726,0.0032870370370370328,0.007250140688172245,0.536656023502754,0.13480343225943098,0.09800924661938742,0.0,0.6347358164461309,0.6014377161958533,0.27542734187515233,0.3818608159993898,0.40311577946006477,surprised,08,11,11,male,strong,1318
20,0.6673333333333333,True,1.0,0.716554247071381,0.7409911565065045,0.7287727017889427,1.132614927490967,-0.08652777777777776,-0.09069444444444452,0.34834605901599175,0.5662500511600452,0.1917562082085004,0.6434426071033352,0.024436909435123444,0.004166666666666763,0.00350184297946359,0.2776617210542017,0.13051152244576927,0.10365577784334414,0.0,0.6846725571468828,0.592938452537265,0.2819143532453992,0.3933686295717296,0.40950178697634804,surprised,08,11,11,male,strong,1318
30,1.0010000000000001,True,1.0,0.6764595423770541,0.7057150670079962,0.6910873046925252,1.1464821894353658,-0.09148148148148139,-0.09291666666666659,0.3492248343436732,0.5445790399817989,0.19944369807999512,0.602789394428256,0.029255524630942165,0.001435185185185206,0.005727419657142438,0.2604563771806376,0.12861104603532944,0.10600460654507822,0.0,0.7688266119744819,0.5920671265068527,0.28059633420730906,0.4025881636590555,0.4211965679344288,surprised,08,11,11,male,strong,1318
40,1.3346666666666667,True,1.0,0.6624984217033764,0.6778162666769182,0.6701573441901473,0.7084377610693394,-0.08611111111111103,-0.08902777777777776,0.3746056145708644,0.3876357560568083,0.20430152228090073,0.9459650247589705,0.015317844973541828,0.002916666666666734,0.0007026191399522644,0.4139150943396235,0.13166103714868443,0.10219172700592803,0.0,0.6541376518751367,0.5963312821691177,0.281251296666127,0.40268178594705734,0.4143064592567811,surprised,08,11,11,male,strong,1318
50,1.6683333333333334,True,1.0,0.6713828991729734,0.6748887816624182,0.6731358404176958,0.7188590063968786,-0.07624999999999998,-0.08361111111111114,0.3817676247029869,0.3266857601924004,0.19179559324362386,0.9363948068086954,0.0035058824894447227,0.007361111111111152,0.00973716362247273,0.3889800729902665,0.13063138642163055,0.10332044669527005,0.0,0.7862128462668667,0.5976830963322829,0.2816254739732631,0.38758440333398697,0.41730229247672673,surprised,08,11,11,male,strong,1318
60,2.0020000000000002,True,1.0,0.7147793679459931,0.7444400739100522,0.7296097209280226,0.9844240396556859,-0.07189814814814816,-0.08124999999999999,0.34364044941751615,0.4995408631772262,0.1841773797792302,0.7411539047575598,0.02966070596405912,0.009351851851851833,0.0035840348458524122,0.29383292838752517,0.131117102570757,0.10251768281528374,0.0,0.5832863666604685,0.5987525749440401,0.2812212599695251,0.3863908178747967,0.41602250266042906,surprised,08,11,11,male,strong,1318
70,2.3356666666666666,True,1.0,0.6594166096146554,0.6600528261350699,0.6597347178748627,0.8332895862030472,-0.07189814814814816,-0.07944444444444437,0.365707101334875,0.42357025946811094,0.1828059049670385,0.7917232241926825,0.0006362165204144565,0.007546296296296218,0.0005867391960091148,0.3562343455143265,0.13296845125364465,0.10048466919306898,0.0,0.679767728273037,0.599695835013693,0.27978258343954965,0.38126703825588354,0.40816236959300783,surprised,08,11,11,male,strong,1318
80,2.6693333333333333,True,1.0,0.6943523722481028,0.6746480141916611,0.684500193219882,0.824844264011654,-0.06856481481481486,-0.07805555555555549,0.35412549675801414,0.41951312990378486,0.1827741836560361,0.8298538561580042,0.019704358056441662,0.009490740740740633,0.008731022874932912,0.3588193326382328,0.13323489828223284,0.10013111230442588,0.0,0.7071067807446058,0.6026104496486094,0.27884762151073333,0.38018525669101405,0.40787694469688285,surprised,08,11,11,male,strong,1318
90,3.003,True,1.0,0.680735901472406,0.6600528261350697,0.6703943638037378,0.7577191485538745,-0.06796296296296295,-0.07703703703703707,0.36766094188508575,0.4132797403891146,0.1806636962479604,0.8847530976130165,0.020683075337336376,0.009074074074074123,0.004464615390967422,0.3886160401109448,0.13187691762792605,0.10191298429744836,0.0,0.7071067807446058,0.6036932171149709,0.27866784277314743,0.3785853170120463,0.409524928861588,surprised,08,11,11,male,strong,1318
0,0.0,True,1.0,0.5928051395091948,0.559647176157302,0.5762261578332484,0.494092584777203,-0.067037037037037,-0.07101851851851854,0.3720344330597581,0.3336921294014155,0.16745043666383252,1.1662311388321709,0.033157963351892805,0.00398148148148153,0.002455255417503693,0.5932469246733987,0.13354396800532342,0.09971853579494497,0.0,0.6238647963029181,0.6001700797819127,0.27742641473220675,0.3719957118007092,0.4035629018666763,surprised,08,11,11,male,strong,1319
10,0.33366666666666667,True,1.0,0.6252405914053223,0.599890486867263,0.6125655391362926,0.5054610883592691,-0.06472222222222218,-0.06967592592592597,0.3626539006555013,0.3413700025071571,0.16814451219010665,1.2118945518134452,0.025350104538059304,0.004953703703703793,0.005340230618264821,0.5648301941524365,0.13358906053301547,0.09965811897406054,0.0,0.7071067807446058,0.5992949216014531,0.27704610444287703,0.3760365336248787,0.40500927235013984,surprised,08,11,11,male,strong,1319
20,0.6673333333333333,True,1.0,0.7297626366746932,0.7155666943156297,0.7226646654951614,1.0715350775479948,-0.08393518518518511,-0.08888888888888885,0.34300028619510126,0.5944641418805863,0.18760413774754542,0.6744199799308882,0.014195942359063518,0.004953703703703738,0.003279530967742502,0.29279952690700056,0.12916424706750343,0.10496745760267154,0.0,0.6842232669454315,0.5907822270470687,0.2812677220418985,0.4029323323091143,0.40700849698585456,surprised,08,11,11,male,strong,1319
30,1.0010000000000001,True,1.0,0.7033093567243565,0.6920216729736779,0.6976655148490172,1.2194954055443379,-0.09263888888888888,-0.09337962962962959,0.34084079659400884,0.6023875114784211,0.19941615374813357,0.5720935984482901,0.011287683750678568,0.0007407407407407085,0.006290894963531177,0.2439703009985693,0.1283519714792917,0.10631815079463817,0.0,0.6182508410705526,0.5895429221766832,0.2794210446722673,0.4004529587474285,0.42906150670502313,surprised,08,11,11,male,strong,1319
40,1.3346666666666667,True,1.0,0.6791996826618636,0.6679703410807417,0.6735850118713027,0.6868064006839218,-0.09092592592592585,-0.09310185185185177,0.37070460521451815,0.38380357685278016,0.20636981605012514,0.9807494676819358,0.011229341581121877,0.0021759259259259145,0.0008524367938125381,0.4191176470588227,0.130321751999972,0.10389426705527587,0.0,0.6432070336840753,0.5952754808016957,0.28211435046661526,0.41652973754103495,0.42987610947092614,surprised,08,11,11,male,strong,1319
50,1.6683333333333334,True,1.0,0.7143140362080336,0.7024267807683957,0.7083704084882146,0.7234284014903564,-0.08884259259259264,-0.09231481481481474,0.38188462934528716,0.3550633094907419,0.20285150821982156,0.9791852338515874,0.011887255439637867,0.003472222222222099,0.0017544305808739548,0.3681048208356899,0.12994512460674293,0.10436494795691348,0.0,0.6737833883669595,0.5933312861316401,0.2799281525911795,0.40211076901960985,0.4238486830674054,surprised,08,11,11,male,strong,1319
60,2.0020000000000002,True,1.0,0.7038741182161051,0.7151284216522134,0.7095012699341592,0.903345681669524,-0.08495370370370359,-0.0895833333333334,0.34202599289533187,0.4738661126344144,0.19807080072715022,0.785415023651732,0.011254303436108226,0.004629629629629817,0.002767939567084517,0.31351126111074845,0.1316084781548484,0.10225940665441499,0.0,0.6562719420550374,0.5944315189669618,0.2786405241351603,0.4020690019285596,0.42631661284435657,surprised,08,11,11,male,strong,1319
70,2.3356666666666666,True,1.0,0.7404721648262776,0.767162382606451,0.7538172737163643,0.9026737872134312,-0.08101851851851849,-0.08699074074074081,0.35704184798882355,0.46542319546208666,0.191050508732786,0.835093789577529,0.02669021778017333,0.005972222222222323,0.0008045958815304997,0.3339714759983267,0.13282297363489584,0.10048746936242697,0.0,0.9999999987499999,0.597293324681435,0.2816411466292995,0.3942099391620297,0.42414406298579493,surprised,08,11,11,male,strong,1319
80,2.6693333333333333,True,1.0,0.7154860910009265,0.7138404891660096,0.7146632900834681,0.8182199730383306,-0.07935185185185184,-0.08638888888888885,0.3611148485258966,0.4437601569801838,0.190356349887814,0.8734366229532126,0.00164560183491691,0.007037037037037008,0.004156221686258257,0.34362296525763303,0.13246489909767192,0.10095902302937511,0.0,0.7038135660817797,0.598582860284739,0.28021851990673546,0.3893892753674021,0.42431196074120814,surprised,08,11,11,male,strong,1319
90,3.003,True,1.0,0.7131771224044021,0.7026639649864156,0.7079205436954088,0.7709283654531802,-0.07967592592592593,-0.08499999999999996,0.3628915948120315,0.4128099543715728,0.19038039609174406,0.9182701991763748,0.01051315741798653,0.005324074074074037,0.0054742461457844595,0.37191171924781147,0.1329595432947821,0.10049645575091995,0.0,0.5963785224253164,0.5966207362398084,0.2778575014634093,0.38784679821906165,0.41494371923386614,surprised,08,11,11,male,strong,1319
0,0.0,True,1.0,0.645870359588015,0.6263101340886198,0.6360902468383174,0.6709253788182501,-0.06416666666666665,-0.06175925925925929,0.3099250348335317,0.2149507737816658,0.1972469785909827,0.9480789770670318,0.01956022549939518,0.002407407407407358,0.011421565882819324,0.449859556677301,0.12243920325295321,0.11307705017625183,0.0,0.7703775625046066,0.590264444574705,0.2793435074067824,0.2683481347764256,0.3407663197404668,neutral,01,12,12,female,normal,1320
10,0.33366666666666667,True,1.0,0.6458703595880143,0.668228274794581,0.6570493171912977,0.6919660555159258,-0.06555555555555559,-0.062962962962963,0.31411197088833254,0.24462762980912708,0.19654679912151257,0.9495398104483688,0.022357915206566714,0.002592592592592591,0.009710833339509707,0.4415599103339822,0.1190944120199942,0.11643107337584893,0.0,0.88323333596542,0.5904552491621649,0.27974080645816746,0.26285152158397,0.34242455354963475,neutral,01,12,12,female,normal,1320
20,0.6673333333333333,True,1.0,0.6286798782709747,0.6327054601693919,0.6306926692201833,0.7425609238883063,-0.06513888888888891,-0.06263888888888897,0.3141958059945648,0.26149850083044474,0.19307491897578213,0.8493480452993108,0.004025581898417174,0.0024999999999999467,0.007361311579477642,0.39877468897972396,0.11546809461035973,0.12018692481290533,0.0,0.7991339246732356,0.6565791617897159,0.29952578892909154,0.24838778871619835,0.365271162207435,neutral,01,12,12,female,normal,1320
30,1.0010000000000001,True,1.0,0.6327054601693912,0.6510399132197904,0.6418726866945907,0.9816879299388792,-0.07013888888888892,-0.06791666666666674,0.3355813599745677,0.3876698748907975,0.1924007688575171,0.6538459597181299,0.018334453050399158,0.002222222222222181,0.009182563639559478,0.3189646546586159,0.11688915134867334,0.11880532002564462,0.0,0.8171167222387776,0.6618403237466861,0.2977541259912618,0.2583908807615763,0.3867686373402513,neutral,01,12,12,female,normal,1320
40,1.3346666666666667,True,1.0,0.6025636462725958,0.6125024252849848,0.6075330357787903,0.929088662995527,-0.07009259259259265,-0.06574074074074082,0.316224276406113,0.35474294405283735,0.19449191528203494,0.6539021085673448,0.009938779012388932,0.004351851851851829,0.014420250362292445,0.3379893911240356,0.11657413713221852,0.1191144337226081,0.0,0.7943211858083058,0.6605231865480568,0.29918460192256996,0.25848378811281814,0.3807786348942812,neutral,01,12,12,female,normal,1320
50,1.6683333333333334,True,1.0,0.6756122696284835,0.668228274794581,0.6719202722115323,1.0050621527810357,-0.06648148148148147,-0.06314814814814812,0.32008864499653156,0.3266308460746131,0.19794133618182036,0.6685360406342132,0.0073839948339025074,0.003333333333333355,0.011370430511323193,0.29251748878416667,0.1183140007838742,0.11738643442907572,0.0,0.6894889348933707,0.5913228862560649,0.2819787484837379,0.2743849683144387,0.34721300075699874,neutral,01,12,12,female,normal,1320
60,2.0020000000000002,True,1.0,0.6300175639559019,0.6261951840846157,0.6281063740202588,0.9797762380370497,-0.06615740740740744,-0.06324074074074076,0.33363392913197965,0.2810355566813214,0.19586488726564813,0.6410712463068606,0.0038223798712861967,0.0029166666666666785,0.009800253289413117,0.30601244129976934,0.11962702496155025,0.11588377246521904,0.0,0.7071067807446058,0.5912231643751251,0.27985686516466346,0.27256796333812355,0.3419930560183596,neutral,01,12,12,female,normal,1320
70,2.3356666666666666,True,1.0,0.6300175639559005,0.6171725655023926,0.6235950647291466,0.7960590604552092,-0.06486111111111115,-0.06263888888888891,0.3365868208836305,0.24663788073828682,0.19730924259563265,0.7833527632642698,0.012844998453507839,0.0022222222222222365,0.01066144463282244,0.37955561693502377,0.11790613248655167,0.11779610219016891,0.0,0.8589876383155053,0.5875018269338985,0.28061573573120857,0.2734092518388261,0.34752084867985117,neutral,01,12,12,female,normal,1320
80,2.6693333333333333,True,1.0,0.6571494538441236,0.6412038739476021,0.6491766638958629,0.7829730816324055,-0.06388888888888883,-0.06125000000000003,0.3285607198972896,0.22811666986755091,0.1986664191881459,0.8291174743101091,0.015945579896521456,0.002638888888888802,0.012945506146075668,0.3837263426930708,0.11900130890570887,0.11668961499660896,0.0,0.6889168920494461,0.5900181152929921,0.27858285440714076,0.2705466909979988,0.3412360341324875,neutral,01,12,12,female,normal,1320
90,3.003,True,1.0,0.6224566024683086,0.6394844204488337,0.6309705114585711,0.6529493294657789,-0.06254629629629627,-0.059537037037036944,0.3367172377045904,0.16707727404851694,0.20145290248943265,0.9663391675044829,0.017027817980525106,0.0030092592592593226,0.008990172702003809,0.4761535341348272,0.11996565736709963,0.11569796377702926,0.0,0.6869407758781843,0.6399701992593912,0.2910611282627243,0.2452105128840155,0.3482674962007045,neutral,01,12,12,female,normal,1320
100,3.336666666666667,True,1.0,0.6683366590206006,0.6568227117538559,0.6625796853872282,0.6403016878735756,-0.06388888888888883,-0.061111111111111005,0.334232580826144,0.16792981999979528,0.20214712702540874,1.0347929701507383,0.011513947266744706,0.0027777777777778234,0.004688902127907739,0.4558017554893456,0.11893450519826644,0.11675770314019898,0.0,0.8733034808278548,0.6410705268279188,0.2903641950388809,0.2425657739677217,0.34719273803516076,neutral,01,12,12,female,normal,1320
0,0.0,True,1.0,0.606200645181289,0.6196148034661262,0.6129077243237075,0.655507229146493,-0.064074074074074,-0.06064814814814812,0.32863147591237746,0.18019323427129305,0.19726090268305602,0.935012913773274,0.013414158284837163,0.003425925925925888,0.0018455486055230863,0.4698982275130483,0.12303791768576665,0.11242530222956744,0.0,0.6877285314434184,0.5889823895573854,0.27938066487401964,0.26473196913103086,0.33803844439391023,neutral,01,12,12,female,normal,1321
10,0.33366666666666667,True,1.0,0.6097735166722181,0.6327054601693914,0.6212394884208048,0.6555072291464931,-0.0639351851851852,-0.06189814814814815,0.3263183606595702,0.19657443738686375,0.19586488726564813,0.9477233214188854,0.022931943497173313,0.0020370370370370594,0.007798062113035951,0.4525902892961408,0.1166299433253899,0.11889966417652606,0.0,0.8922738707991075,0.5914792408447754,0.2806895273209638,0.2587049956812416,0.33607358598597603,neutral,01,12,12,female,normal,1321
20,0.6673333333333333,True,1.0,0.3860597884896743,0.40073293830549617,0.3933963633975852,0.9998206112265059,-0.07319444444444445,-0.06967592592592592,0.3209136349267384,0.3248132578621727,0.19728758777933106,0.39346694695060913,0.014673149815821851,0.003518518518518532,0.006176699623472209,0.3110425581384478,0.11661615072228704,0.11907330162396905,0.0,0.7266194028347926,0.5907559824632977,0.2834417170940296,0.2678386740793613,0.3399402444696974,neutral,01,12,12,female,normal,1321
30,1.0010000000000001,True,1.0,0.6130615349608454,0.5980514727495805,0.6055565038552129,0.9712658221619725,-0.06666666666666671,-0.06268518518518518,0.33236777125548195,0.3103678767710486,0.19592097059741992,0.6234714431804927,0.015010062211264885,0.00398148148148153,0.012158826382803222,0.315113721405686,0.11857266928570324,0.11712514618028741,0.0,0.9500683215700217,0.59120930879383,0.28230032566030405,0.2724571971641945,0.34793366717295454,neutral,01,12,12,female,normal,1321
40,1.3346666666666667,True,1.0,0.6015586949760019,0.6090913661569787,0.6053250305664903,0.8526146565265961,-0.06574074074074071,-0.06259259259259259,0.33560135170820343,0.2412924456370958,0.1972361480619973,0.7099632007646682,0.00753267118097678,0.003148148148148122,0.006561200579747777,0.35224305304691106,0.11753449287638598,0.11816691903170602,0.0,0.7392537174533919,0.5886718829094137,0.2818233860789426,0.2707372672296102,0.34471215600378396,neutral,01,12,12,female,normal,1321
50,1.6683333333333334,True,1.0,0.6280639124642248,0.6045129030868502,0.6162884077755375,0.9184590429970083,-0.06328703703703709,-0.060416666666666674,0.31547930711764083,0.2720769746628522,0.19932431181857696,0.6710026021024706,0.023551009377374532,0.002870370370370412,0.0057526110028925945,0.3353118753058268,0.11736106031300844,0.11833917057095149,0.0,0.9260765884252833,0.6417503051533113,0.29206883228090097,0.24698064571739253,0.3517314989315906,neutral,01,12,12,female,normal,1321
60,2.0020000000000002,True,1.0,0.6564486915361855,0.6415484769371993,0.6489985842366923,1.0582625894842788,-0.06537037037037041,-0.0631944444444445,0.32351115245930584,0.33065597838491223,0.19724117659584223,0.6132680023707232,0.014900214598986161,0.0021759259259259145,0.0060950890389718125,0.2816401846885901,0.11876179431767006,0.11693337410585192,0.0,0.7984970670573966,0.5896376343896934,0.2802515836359565,0.26888865979280874,0.34111579555550026,neutral,01,12,12,female,normal,1321
70,2.3356666666666666,True,1.0,0.6103886401422126,0.6106933987133952,0.6105410194278039,0.8334230025521313,-0.06458333333333338,-0.06291666666666668,0.3015393939862611,0.2925008903415446,0.1972690246162261,0.7325703964951629,0.0003047585711826173,0.0016666666666667052,0.009202406315073184,0.38053780789396313,0.11596262617872342,0.11794618974665023,0.0,0.8594664515522787,0.5908940769198305,0.28154100109520697,0.26495397443356083,0.34445893434300323,neutral,01,12,12,female,normal,1321
80,2.6693333333333333,True,1.0,0.6300175639559007,0.6266547370782165,0.6283361505170586,0.7428897100394524,-0.06412037037037033,-0.06148148148148147,0.32390015167253194,0.22279729973104637,0.19726090268305602,0.8458000454518205,0.0033628268776841885,0.0026388888888888573,0.009165054816527275,0.4177219615620084,0.11882299869120937,0.11670804943783379,0.0,0.8610858421884428,0.5924438901341786,0.27988567629600897,0.2646838069097683,0.34102679968847416,neutral,01,12,12,female,normal,1321
90,3.003,True,1.0,0.6374463910225913,0.6398123183857471,0.6386293547041693,0.6220190408832547,-0.06379629629629624,-0.06120370370370365,0.33751665468924846,0.15942574642835794,0.19726090268305602,1.0267038671313475,0.002365927363155884,0.002592592592592591,0.004538121413836312,0.478517190459556,0.12211254361134599,0.1134297335907034,0.0,0.6835974545208586,0.5908248626403686,0.27970705799372275,0.2686252197793938,0.34329679343124536,neutral,01,12,12,female,normal,1321
100,3.336666666666667,True,1.0,0.6606018204482637,0.6568045387784698,0.6587031796133667,0.6553129103582357,-0.06421296296296297,-0.06185185185185188,0.32838888297839675,0.18019323427129308,0.19726090268305602,1.0051735120757466,0.0037972816697938727,0.0023611111111110916,0.006830043306569778,0.4561620880846132,0.11939685574017975,0.11628485975657905,0.0,0.9999999987499999,0.5888115984128027,0.28023455300735756,0.26494013564058905,0.3431673074686809,neutral,01,12,12,female,normal,1321
0,0.0,True,1.0,0.6449221967219337,0.653402773751209,0.6491624852365714,0.7494912192081177,-0.06370370370370376,-0.06046296296296305,0.2920355499799042,0.23762119523561243,0.19932431181857682,0.8661375458440332,0.008480577029275294,0.0032407407407407107,0.0017981181084984247,0.42805290204285434,0.12171667731888662,0.1138544168315663,0.0,0.9468969579867065,0.6538030164331359,0.2912905957737796,0.2496535106141771,0.35475277417624224,neutral,01,12,12,female,normal,1322
10,0.33366666666666667,True,1.0,0.6157916592108645,0.6094348509672519,0.6126132550890582,0.978947742439858,-0.06402777777777774,-0.06064814814814812,0.29712628501755267,0.32631591414661987,0.19794133618182042,0.6257874946033641,0.006356808243612622,0.0033796296296296213,0.0005624371201620056,0.3250337147490913,0.11550743191354661,0.12014911960356554,0.0,0.9078565719713801,0.6549946156665792,0.2923513052090507,0.24782256069925857,0.3582882006221164,neutral,01,12,12,female,normal,1322
20,0.6673333333333333,True,1.0,0.6213151282566433,0.6125024252849848,0.616908776770814,1.1727698303902676,-0.07097222222222227,-0.06796296296296295,0.29107485718892695,0.467275479296122,0.19584735793088187,0.526027154506117,0.008812702971658481,0.0030092592592593226,0.006490417257737192,0.27290859841415577,0.12125505776157953,0.11434591701040184,0.0,0.6524158025709491,0.5958150068855668,0.2793752373233812,0.27184724121141973,0.345666478987412,neutral,01,12,12,female,normal,1322
30,1.0010000000000001,True,1.0,0.6350636805189295,0.6179487932093815,0.6265062368641554,0.8607638967538644,-0.07060185185185186,-0.06939814814814821,0.2986080411402456,0.31379862458962154,0.2048644628448152,0.7278491108036156,0.01711488730954802,0.0012037037037036513,0.0023433780461751754,0.3772818090924662,0.11733118381558318,0.11836879265048961,0.0,0.7913756330007807,0.6516633492850267,0.2937342991758012,0.24887440373338482,0.3644652298135779,neutral,01,12,12,female,normal,1322
40,1.3346666666666667,True,1.0,0.6465812560598139,0.6246213467982821,0.635601301429048,0.9933615570820967,-0.06949074074074069,-0.06865740740740739,0.3081639011666542,0.32239112339229475,0.20486260077730523,0.639848901839996,0.021959909261531796,0.0008333333333332971,0.002103991617037408,0.3079116843930215,0.11797949763917417,0.11772262274585053,0.0,0.913444511122575,0.5995958596798093,0.28056207890046436,0.27780240939880096,0.3459543743559876,neutral,01,12,12,female,normal,1322
50,1.6683333333333334,True,1.0,0.6546524281260429,0.6300175639559012,0.6423349960409721,0.9727198530016683,-0.06884259259259268,-0.0690277777777778,0.30135781833545494,0.3358724410753184,0.19941615374813357,0.6603494254371618,0.0246348641701416,0.00018518518518512161,0.0235776079583109,0.3072118636241211,0.12185632131385266,0.11370494591581189,0.0,0.6685832218501236,0.5973003342665191,0.2790370086269208,0.27322784270557576,0.3416391195782539,neutral,01,12,12,female,normal,1322
60,2.0020000000000002,True,1.0,0.6592294560555167,0.6611517919155054,0.6601906239855111,1.1548258221380436,-0.06921296296296298,-0.07004629629629633,0.3008736649709982,0.42639722663558516,0.2000308966613423,0.5716798250694072,0.0019223358599886886,0.0008333333333333526,0.015175686760667165,0.2769230769230771,0.11765129135635874,0.11805063071177781,0.0,0.7935359846661957,0.6521018161717812,0.2935740280940411,0.2514260450822571,0.3628846329332436,neutral,01,12,12,female,normal,1322
70,2.3356666666666666,True,1.0,0.6412043959774922,0.6241537658201048,0.6326790808987985,0.907311633617186,-0.06745370370370374,-0.06620370370370376,0.2915710374647634,0.3795645521234283,0.20000038146936283,0.6973117696909629,0.017050630157387392,0.0012499999999999734,0.013415076922955113,0.36788915584835363,0.11682397922958454,0.11886940584539785,0.0,0.8696094508837926,0.6471267073235544,0.2944288234969328,0.2472781058055398,0.36249931337108415,neutral,01,12,12,female,normal,1322
80,2.6693333333333333,True,1.0,0.6527248929644678,0.6685091243573175,0.6606170086608927,0.6764435898053801,-0.06662037037037044,-0.06523148148148145,0.3176249126945231,0.24518655920296195,0.19930708674523126,0.9766032506139338,0.01578423139284968,0.001388888888888995,0.005976241531301689,0.45064935280077023,0.12025185744616948,0.115400470320939,0.0,0.8806388481798593,0.6501922672740972,0.2926166997037871,0.2492551742348133,0.3623198503680983,neutral,01,12,12,female,normal,1322
90,3.003,True,1.0,0.6663178496179571,0.6480790905426611,0.6571984700803091,0.677128373159255,-0.0665277777777778,-0.06597222222222215,0.3193272001809868,0.23690125283093702,0.2006959650377324,0.9705670241139658,0.01823875907529604,0.0005555555555556424,0.007148154966086195,0.45259028929614176,0.11948359510412199,0.11619573258203056,0.0,0.869761818502058,0.649987485173757,0.2926783314210655,0.2489741232953482,0.3611833684814921,neutral,01,12,12,female,normal,1322
100,3.336666666666667,True,1.0,0.678853313877517,0.637163932588248,0.6580086232328826,0.6895436279875415,-0.06634259259259251,-0.0643055555555555,0.31253482059350585,0.23269796711719892,0.20208937383583805,0.954266846252071,0.04168938128926902,0.002037037037037004,0.007615898300250772,0.46468946798813515,0.11636624420213142,0.1193175384395185,0.0,0.9366018805089709,0.651075241088623,0.29444279782046145,0.24565489329696644,0.36180722251412223,neutral,01,12,12,female,normal,1322
0,0.0,True,1.0,0.6534148268309928,0.6465711570342818,0.6499929919326373,0.6417249248492732,-0.05254629629629631,-0.05138888888888882,0.31831390124634495,0.09278979061725459,0.20001373243870652,1.012884129575154,0.006843669796711027,0.0011574074074074958,0.0023316708368846233,0.4761299703288566,0.12021014398733282,0.11544392167579656,0.0,0.8107972741367194,0.5963565738482893,0.2746504336786032,0.25246614994574557,0.3037325617215636,neutral,01,12,12,female,normal,1323
10,0.33366666666666667,True,1.0,0.643927842784978,0.645784470756767,0.6448561567708726,0.634739019409454,-0.051620370370370317,-0.04944444444444457,0.322534950613322,0.0834360620414628,0.20001869114320453,1.0159390506208856,0.0018566279717889822,0.002175925925925748,0.004967019749699668,0.47612997032885657,0.1202717551903003,0.11521449008345344,0.0,0.9655295174027012,0.5986993823701355,0.2759791232742465,0.24985400700826182,0.30516308126576625,neutral,01,12,12,female,normal,1323
20,0.6673333333333333,True,1.0,0.6184684938769455,0.641387974266224,0.6299282340715847,0.6332467546878005,-0.05175925925925917,-0.049398148148148135,0.32409850779949956,0.09161399580727911,0.19933005317891384,0.9947595142151944,0.02291948038927849,0.002361111111111036,0.005280977352296818,0.47639049215219004,0.12049158752309287,0.11515014157799139,0.0,0.9051431187923705,0.5971748341602265,0.27492428790161255,0.24967354019273869,0.3118360597576004,neutral,01,12,12,female,normal,1323
30,1.0010000000000001,True,1.0,0.302675655826631,0.3133064824765856,0.3079910691516083,1.1453729534217862,-0.06370370370370365,-0.060324074074074086,0.3025062790244326,0.31299455200795073,0.19726090268305613,0.26890024618748776,0.010630826649954628,0.003379629629629566,0.007670586984847396,0.28280607076906467,0.11709696509213471,0.11827878355721837,0.0,0.9999999987499999,0.5982646408876051,0.2773582044061267,0.26455359841942677,0.33483498249626065,neutral,01,12,12,female,normal,1323
40,1.3346666666666667,True,1.0,0.6377688692209748,0.6141098712725824,0.6259393702467786,0.9819124547513304,-0.0537037037037037,-0.051481481481481406,0.31359089463328227,0.25828484953074443,0.1972690246162262,0.6374696310429201,0.023658997948392324,0.002222222222222292,0.0031767910238809285,0.32739924133656184,0.11845617298448556,0.11724296503932384,0.0,0.9521704649611019,0.649573240640006,0.29339677644648177,0.2527699214666765,0.3516228479488122,neutral,01,12,12,female,normal,1323
50,1.6683333333333334,True,1.0,0.5964130838988705,0.645325066622145,0.6208690752605077,0.9502884920009038,-0.05249999999999999,-0.05203703703703699,0.3295568721518782,0.22933684361800902,0.19793054364727783,0.6533479890440652,0.04891198272327446,0.0004629629629629983,0.004233920777143946,0.32183486459358934,0.12089921668754414,0.11472208668643179,0.0,0.8303425066270759,0.5972081447266406,0.2774358278163792,0.26198272876562323,0.3172752439386058,neutral,01,12,12,female,normal,1323
60,2.0020000000000002,True,1.0,0.6801634554967481,0.6640432802228321,0.6721033678597901,1.0895117884302086,-0.056481481481481466,-0.054259259259259174,0.3041406615138432,0.321372333308694,0.19584735793088193,0.6168848974348141,0.01612017527391596,0.002222222222222292,0.006536976054320403,0.29678433157510314,0.11658404389703592,0.1191047374270875,0.0,0.8507151994644383,0.6501572591927396,0.2940855592470295,0.24441216689401873,0.3426717389447428,neutral,01,12,12,female,normal,1323
70,2.3356666666666666,True,1.0,0.6391925900284365,0.6071990364639265,0.6231958132461815,0.8407308670235767,-0.056435185185185144,-0.05374999999999991,0.3105128077488524,0.24506177280535876,0.19725355397916716,0.7412548268299813,0.03199355356451006,0.002685185185185235,0.0017989895821423185,0.39149483768489146,0.12060825485049563,0.1146962019267001,0.0,0.8494662940538623,0.6493920734153037,0.2928153498896882,0.2472468320533708,0.34534794750733494,neutral,01,12,12,female,normal,1323
80,2.6693333333333333,True,1.0,0.6423224481784278,0.6640432802228312,0.6531828642006294,0.7556460327675991,-0.05523148148148149,-0.055092592592592526,0.3145192973217787,0.22318611511079844,0.1951705550945909,0.8644032203918386,0.02172083204440345,0.0001388888888889661,0.002478597829554142,0.4272095091089916,0.1195182260829482,0.1161601110685968,0.0,0.7658998213055458,0.6512982620391907,0.29122957237527863,0.24405077144797782,0.3421883570205772,neutral,01,12,12,female,normal,1323
90,3.003,True,1.0,0.6641914765694479,0.6606343878461647,0.6624129322078063,0.6302466543198454,-0.05421296296296274,-0.05152777777777778,0.32663223014956283,0.132625397704711,0.19517798222610205,1.051037601972952,0.003557088723283197,0.0026851851851849573,0.004942961579790467,0.4910988620048421,0.11582370897198419,0.11936638708637912,0.0,0.9589757200213067,0.6514765115421168,0.294289661309606,0.23995598724969938,0.3436004822180902,neutral,01,12,12,female,normal,1323
100,3.336666666666667,True,1.0,0.6383001582244646,0.6611605421823558,0.6497303502034102,0.6514102226890166,-0.054259259259259174,-0.053657407407407376,0.3256229405508882,0.1668721240829255,0.19515804560261085,0.9974211757398097,0.02286038395789114,0.0006018518518517979,0.0006038597036736684,0.4816867736229245,0.1192980002202401,0.1163862745890944,0.0,0.8216470716760113,0.6523491701133578,0.2924091608515219,0.24324397356700195,0.34530786636481314,neutral,01,12,12,female,normal,1323
0,0.0,True,1.0,0.6332996925188445,0.6125024252849848,0.6229010589019146,0.6283010959329655,-0.06685185185185183,-0.06629629629629624,0.33916236613277095,0.14545880794858607,0.19937023807184537,0.9914053356487746,0.020797267233859773,0.0005555555555555869,0.014462798821853693,0.48531495385286433,0.11815877116346922,0.11754268401911382,0.0,0.8554900191382897,0.6517725450180072,0.29529661216147746,0.2560014396155511,0.3652319207958736,calm,02,12,12,female,normal,1324
10,0.33366666666666667,True,1.0,0.5711613869529942,0.5979512497952032,0.5845563183740987,0.6078174919491143,-0.06814814814814818,-0.0660648148148148,0.3427194976210934,0.15941029665987025,0.19801532628674093,0.9617300030303126,0.026789862842208967,0.0020833333333333814,0.01745033989251698,0.483541497518099,0.11818506685871881,0.11751624458411339,0.0,0.8446912773817209,0.6530186808473389,0.2927770947455517,0.25750310123028775,0.36991945809839044,calm,02,12,12,female,normal,1324
20,0.6673333333333333,True,1.0,0.5392087817795906,0.5518667206195663,0.5455377511995785,0.9867410756037273,-0.06958333333333344,-0.06638888888888894,0.3365270782428596,0.3235745142929343,0.19527997896688165,0.552868188714853,0.01265793883997568,0.0031944444444444997,0.016824954668407152,0.3109760033270896,0.11758597084988912,0.1181156942521926,0.0,0.7071067807446058,0.652384685053709,0.2933736027186314,0.2640834168974137,0.37781957680968464,calm,02,12,12,female,normal,1324
30,1.0010000000000001,True,1.0,0.5581753172975278,0.561275666304167,0.5597254918008474,0.8979582545604231,-0.06916666666666671,-0.06699074074074074,0.3908211155616588,0.25076286657121133,0.1931835552199687,0.6233313062808798,0.003100349006639247,0.00217592592592597,0.016343798574263605,0.33362798921150155,0.11466119847931948,0.12095696479401492,0.0,0.74581280156501,0.653111844683186,0.2978796862746935,0.2729544997693735,0.4044016499917831,calm,02,12,12,female,normal,1324
40,1.3346666666666667,True,1.0,0.5372844109410453,0.5437161939882575,0.5405003024646514,0.8381557077992666,-0.07250000000000001,-0.06935185185185189,0.3453607276783946,0.2690680607407581,0.18985518084013475,0.644868605481236,0.006431783047212258,0.003148148148148122,0.028244413329167564,0.3386550587039635,0.11607065871825395,0.11960510003278103,0.0,0.7300562449615863,0.6566114845000499,0.29802852829622156,0.26576211977493225,0.39152399107605973,calm,02,12,12,female,normal,1324
50,1.6683333333333334,True,1.0,0.16229689403616115,0.15968280987764366,0.1609898519569024,1.0695603915824112,-0.08148148148148143,-0.07842592592592595,0.33192170824442574,0.2871826923353332,0.2007799599219375,0.15051964641166118,0.0026140841585174934,0.003055555555555478,0.01809070102391883,0.2970677573987432,0.11666828061102659,0.11902222510311361,0.0,0.8319879927072746,0.6440949488389107,0.29025240501594674,0.2534718795710314,0.3569121362197193,calm,02,12,12,female,normal,1324
60,2.0020000000000002,True,1.0,0.6000455099444144,0.6242778619880083,0.6121616859662113,0.7846346405317425,-0.0593981481481482,-0.05689814814814814,0.3472705042382814,0.16138544470614946,0.2028319496941836,0.7801869231153914,0.024232352043593863,0.0025000000000000577,0.010773804383657668,0.3827418899128673,0.11730448368901665,0.11839525275890832,0.0,0.8235980083943601,0.6414684230645383,0.29546804776099195,0.2544222219761954,0.3501036724585659,calm,02,12,12,female,normal,1324
70,2.3356666666666666,True,1.0,0.5886157904094096,0.6156684652938439,0.6021421278516268,0.7953171159178557,-0.05925925925925929,-0.05611111111111111,0.36807135749411496,0.13725814995575272,0.20155588760357976,0.7571094797283591,0.027052674884434302,0.0031481481481481777,0.019609692923842632,0.3718892344364293,0.1195150086498529,0.11616342142499328,0.0,0.7234309349269459,0.6416927746645533,0.2949067112438005,0.2599827454209266,0.35762279148218057,calm,02,12,12,female,normal,1324
80,2.6693333333333333,True,1.0,0.6154203556127685,0.6429557048309806,0.6291880302218746,0.7776236267810811,-0.0593055555555555,-0.05685185185185193,0.3308661795593573,0.16182723109512615,0.20235837067780704,0.8091164009848244,0.027535349218212102,0.002453703703703569,0.02914095872910311,0.40006301100670066,0.11763029324199652,0.11807155407283015,0.0,0.852897024445785,0.6440914233505902,0.294731175283409,0.2478279411511911,0.345867496996496,calm,02,12,12,female,normal,1324
90,3.003,True,1.0,0.6189046248571252,0.6604244928546434,0.6396645588558842,0.6531796505329005,-0.05749999999999994,-0.05412037037037026,0.36261968882544154,0.06666640946650992,0.204438901264029,0.9793087680150631,0.04151986799751828,0.003379629629629677,0.03255338236948259,0.4483530019022251,0.11707097085309674,0.11862615880502682,0.0,0.721791792417527,0.6377960517566401,0.2945524514864778,0.2437290203206879,0.3365464547587747,calm,02,12,12,female,normal,1324
100,3.336666666666667,True,1.0,0.6189046248571246,0.643292102333232,0.6310983635951783,0.6525958001134867,-0.058518518518518525,-0.05495370370370367,0.34996510065889774,0.0682016062801506,0.2071393783918461,0.9670585736001213,0.024387477476107366,0.003564814814814854,0.0356908832668798,0.45377046539016663,0.12128528999190345,0.11431384955945517,0.0,0.8271243112505328,0.5886483898324956,0.27467672274281346,0.25422486478138273,0.3154776487638129,calm,02,12,12,female,normal,1324
110,3.6703333333333332,True,1.0,0.6136500416830445,0.6586746087091807,0.6361623251961126,0.663686291719274,-0.055416666666666614,-0.0523148148148147,0.3478140597439524,0.08477413204458832,0.20511271111206517,0.9585286499562004,0.04502456702613622,0.003101851851851911,0.03231027368794319,0.4495910833804241,0.12044746678337141,0.11519629123842959,0.0,0.8071770255588403,0.5883968448082358,0.27531390886194396,0.25340455396600325,0.3137087671785318,calm,02,12,12,female,normal,1324
0,0.0,True,1.0,0.5865864429596652,0.6065720548946858,0.5965792489271755,0.649096249732097,-0.06638888888888894,-0.06319444444444444,0.34295486893492183,0.15083650878746618,0.20154036748044105,0.9190921210427622,0.019985611935020575,0.0031944444444444997,0.01607751383762757,0.44985986262763955,0.12112167646663484,0.11448719255660357,0.0,0.9359249229125034,0.5835605010754302,0.2765447735039442,0.2605357302021689,0.33118135105480667,calm,02,12,12,female,normal,1325
10,0.33366666666666667,True,1.0,0.6072620001771024,0.6368747017910468,0.6220683509840745,0.6273185744866928,-0.06740740740740742,-0.06518518518518529,0.33860904609838305,0.16805212073266942,0.20086202052809746,0.9916306901849442,0.02961270161394436,0.0022222222222221255,0.02067380390202708,0.47145803283496895,0.1184526475668245,0.11724652683109679,0.0,0.6720163039264769,0.647646326014781,0.2935874470256208,0.2577819132930722,0.36156370381227,calm,02,12,12,female,normal,1325
20,0.6673333333333333,True,1.0,0.37955658949225374,0.39211323492036276,0.3858349122063083,0.9515746855693408,-0.07370370370370372,-0.06972222222222224,0.34886952708382396,0.30469536841042405,0.19465189690688672,0.4054699206037177,0.012556645428109026,0.003981481481481475,0.013840226827098937,0.3197484966646633,0.11597864549105155,0.1196943255091765,0.0,0.9999999987499999,0.6569094130542842,0.29180927404174906,0.25857301697939034,0.37070665562906757,calm,02,12,12,female,normal,1325
30,1.0010000000000001,True,1.0,0.515790666772773,0.5251656789801634,0.5204781728764682,0.8822632501583713,-0.07291666666666669,-0.07064814814814813,0.3742962716369385,0.3236436791027859,0.1877541409174259,0.5899352294035136,0.009375012207390454,0.0022685185185185586,0.02184765924405254,0.3394543902330107,0.12038698384182263,0.11525949805148478,0.0,0.7071067807446058,0.5925281913390357,0.2772485555955116,0.28918556131840306,0.3813656046599369,calm,02,12,12,female,normal,1325
40,1.3346666666666667,True,1.0,0.5319669048824539,0.5423728813559329,0.5371698931191934,0.9205066704692059,-0.08509259259259261,-0.08259259259259255,0.3268383288359451,0.32496965086206325,0.2044594255201452,0.5835589359123102,0.010405976473478962,0.0025000000000000577,0.024313795171696507,0.31754220874652933,0.1169933582078318,0.1187027038637691,0.0,0.7182293143028008,0.6579230462731968,0.29593685887509713,0.2677802021476602,0.38837469045429485,calm,02,12,12,female,normal,1325
50,1.6683333333333334,True,1.0,0.5522478365189611,0.5517351835093398,0.5519915100141505,0.9736025671877835,-0.07148148148148148,-0.06800925925925932,0.32960062115412425,0.2871826923353344,0.20709185943119485,0.5669577388323435,0.0005126530096213333,0.0034722222222221544,0.018394179574955444,0.32634661990227326,0.11707279894893044,0.11862435464695929,0.0,0.8119028328559225,0.6378431532847514,0.29167941059504254,0.2556838817080363,0.3629335187788642,calm,02,12,12,female,normal,1325
60,2.0020000000000002,True,1.0,0.5878084766627762,0.6110742001889619,0.599441338425869,0.7695433480699412,-0.06370370370370365,-0.06134259259259256,0.3240371456552361,0.17161227200770537,0.2098153306930339,0.7789572087515306,0.02326572352618561,0.0023611111111110916,0.0046667111336554995,0.4198403058882005,0.1179338178081004,0.11776838449458218,0.0,0.8546211568637723,0.6388599618206657,0.2915027568014213,0.2509555209729966,0.35312774054302504,calm,02,12,12,female,normal,1325
70,2.3356666666666666,True,1.0,0.6082106661445049,0.5945781270689636,0.6013943966067343,0.777217218054322,-0.06074074074074065,-0.05972222222222223,0.3334729001107672,0.13474351377207383,0.20836995120899815,0.7737790448238643,0.013632539075541295,0.0010185185185184187,0.0002197276432342778,0.43226208279055967,0.11968186661708133,0.11599150215606126,0.0,0.845930299104108,0.6372211803705857,0.29648391496096677,0.25242659015783775,0.34419931204797494,calm,02,12,12,female,normal,1325
80,2.6693333333333333,True,1.0,0.6458703595880134,0.62719395990172,0.6365321597448668,0.9428879292134326,-0.06416666666666665,-0.06430555555555567,0.32705561229682856,0.2357108974865412,0.2062947542589623,0.6750878232961036,0.01867639968629342,0.00013888888888902162,0.006642983371351293,0.3315239060676239,0.11738087812132215,0.11815838215414655,0.0,0.7883974186354697,0.6412640176851991,0.294647082509499,0.2560116840608659,0.35959514213253785,calm,02,12,12,female,normal,1325
90,3.003,True,1.0,0.6300175639558999,0.6092998882516966,0.6196587261037982,0.6539346740793819,-0.062361111111111034,-0.0627314814814815,0.34088313024688066,0.12451432562195691,0.20421187750114678,0.9475850580582261,0.020717675704203353,0.0003703703703704653,0.002425118986056606,0.4607600770919274,0.11819367491978389,0.11750758689660577,0.0,0.7023718125332915,0.6406501915297369,0.29310933386177546,0.24857242182779132,0.35134705501946745,calm,02,12,12,female,normal,1325
100,3.336666666666667,True,1.0,0.6414633009070152,0.6195135753275769,0.630488438117296,0.6465582994846832,-0.06347222222222221,-0.06402777777777785,0.34680793893755546,0.12314291831398774,0.20420403171054258,0.9751455338517886,0.021949725579438306,0.0005555555555556424,0.0057389843803324425,0.460884007043626,0.12061644870622379,0.11501934650788688,0.0,0.8225209969489131,0.6352461938369098,0.29157327291895085,0.2436207318074388,0.34298357549497954,calm,02,12,12,female,normal,1325
110,3.6703333333333332,True,1.0,0.6050632830195576,0.6235689042228589,0.6143160936212082,0.6418541911774112,-0.06212962962962959,-0.062037037037037,0.3492899524954328,0.12988741415922755,0.20212901015410112,0.9570960228433075,0.018505621203301348,9.259259259258856e-05,0.0034301206552588273,0.45779920178140765,0.12012363878037714,0.11553393084147592,0.0,0.7498243601859141,0.5886630006299395,0.27843307776886267,0.2672770271792163,0.33866395027219715,calm,02,12,12,female,normal,1325
0,0.0,True,1.0,0.5724760373753915,0.5873040673531867,0.5798900523642891,0.6495436596756705,-0.06749999999999995,-0.06490740740740741,0.34106780438940787,0.2548124853490116,0.18492201578443426,0.8927653187375261,0.014828029977795198,0.0025925925925925353,0.01307850362019457,0.44705803907554,0.1214909290599712,0.114095275651261,0.0,0.7816135096735005,0.6518383497305171,0.29209738633699583,0.25375141370599613,0.3736890067681522,calm,02,12,12,female,normal,1326
10,0.33366666666666667,True,1.0,0.5389864709717361,0.5571859100530229,0.5480861905123795,0.6464674346827561,-0.06643518518518515,-0.06379629629629618,0.34213595369743743,0.268975741176915,0.18349971734954001,0.8478171692922851,0.01819943908128674,0.0026388888888889683,0.01745609596362014,0.45146183490591024,0.11557954605837088,0.12007974975902441,0.0,0.7071067807446058,0.649498974378814,0.2945521837252052,0.24902921029669137,0.37491293219188315,calm,02,12,12,female,normal,1326
20,0.6673333333333333,True,1.0,0.45155401126980405,0.4764971836124097,0.4640255974411069,0.7933817453345567,-0.07018518518518518,-0.06754629629629633,0.3380791229850772,0.27974497576703367,0.18971367571775175,0.5848705243973499,0.02494317234260568,0.0026388888888888573,0.013988534989778142,0.3719634071610783,0.11543875590417975,0.1202151047264491,0.0,0.8449934377601138,0.6537062228406989,0.29322426068891283,0.25215448192003526,0.37246433208618535,calm,02,12,12,female,normal,1326
30,1.0010000000000001,True,1.0,0.5118479025631438,0.521114213949212,0.5164810582561778,0.9103984510532018,-0.06949074074074069,-0.06680555555555556,0.323088299448246,0.3272806096587221,0.1890055825791123,0.5673131996860085,0.009266311386068149,0.002685185185185124,0.018295867181755902,0.33720823474216877,0.11850186168269936,0.11719678556711745,0.0,0.694532813916714,0.6541127991274636,0.29470963613212964,0.26254671486892067,0.38614484152611694,calm,02,12,12,female,normal,1326
40,1.3346666666666667,True,1.0,0.5448689874516748,0.5669182251865722,0.5558936063191235,0.9086202053510695,-0.06824074074074082,-0.06601851851851859,0.3300428226639944,0.29759547023572275,0.19108764366354108,0.61179974101978,0.02204923773489742,0.0022222222222222365,0.011420573095564018,0.3218348645935899,0.11450044288980055,0.1211091505498909,0.0,0.9999999987499999,0.6594776224943103,0.29582465835160987,0.2618309244424641,0.3856815294051624,calm,02,12,12,female,normal,1326
50,1.6683333333333334,True,1.0,0.5235300380728517,0.5307094053724488,0.5271197217226502,0.8873195034462941,-0.06708333333333338,-0.06671296296296297,0.3463677226387693,0.2706953429428002,0.18961592732921562,0.5940585321018527,0.007179367299597117,0.00037037037037040976,0.00435956187082806,0.34362296525763164,0.1155954655374792,0.12006442485760091,0.0,0.8203428367057,0.6566062900316377,0.298156656364408,0.25744732164191514,0.38080492393007087,calm,02,12,12,female,normal,1326
60,2.0020000000000002,True,1.0,0.5349514536293437,0.560997876220144,0.5479746649247439,0.6519067363568573,-0.06263888888888886,-0.062499999999999944,0.3256134171743469,0.18725662250320246,0.1944542534185721,0.8405721775281358,0.026046422590800256,0.0001388888888889106,0.003941161495917081,0.45580175548934365,0.12176292308814099,0.11380495740842689,0.0,0.7783102281412533,0.5922336407219138,0.27767002595674234,0.27160559605287793,0.34790622985177133,calm,02,12,12,female,normal,1326
70,2.3356666666666666,True,1.0,0.5600560506784927,0.5924415391869032,0.576248794932698,0.7543734222387827,-0.06587962962962962,-0.06412037037037038,0.3512266793818327,0.18100381054495784,0.19035634988781405,0.7638773821359487,0.0323854885084105,0.0017592592592592382,0.006750311509059326,0.3981944149677311,0.11413310276517112,0.12114125939211273,0.0,0.7427124699721436,0.659621719211122,0.29823854585317616,0.25394198180809613,0.3794291322920264,calm,02,12,12,female,normal,1326
80,2.6693333333333333,True,1.0,0.5811121841847045,0.5819425013385787,0.5815273427616416,0.9349998831033538,-0.0616666666666667,-0.06027777777777776,0.3422367258110578,0.22586898979220155,0.19520495206399283,0.621954455043884,0.0008303171538742715,0.0013888888888889395,0.004384316750429523,0.33178146642378903,0.11671634048713228,0.11897509669035733,0.0,0.6796456798088936,0.5903439820381278,0.2790126829684878,0.27388254193928524,0.34377564879165445,calm,02,12,12,female,normal,1326
90,3.003,True,1.0,0.590450794732192,0.5906836019435633,0.5905671983378776,0.6049167387792459,-0.05819444444444444,-0.05717592592592602,0.3657853151777963,0.08107872176053105,0.19869752321601986,0.9762784867379825,0.00023280721137131088,0.0010185185185184187,0.0068851809877746315,0.4895791561201235,0.12139764243194612,0.11419452780958968,0.0,0.8002832980840037,0.6415380163940577,0.28991296278511575,0.24408553342579908,0.3457386977758156,calm,02,12,12,female,normal,1326
100,3.336666666666667,True,1.0,0.6192761788329325,0.6090913661569782,0.6141837724949554,0.5937707790985417,-0.05694444444444441,-0.05435185185185187,0.3543038230406316,0.09119770538060376,0.19872209579505942,1.0343785752262928,0.01018481267595428,0.0025925925925925353,0.021349526177711006,0.5001637934608445,0.11692592490667945,0.11876912837003487,0.0,0.797661640294225,0.6404438395592612,0.2909840709739625,0.23723968651160274,0.34231440472181146,calm,02,12,12,female,normal,1326
110,3.6703333333333332,True,1.0,0.6031357694386049,0.6090913661569768,0.6061135677977909,0.5949224503160973,-0.05578703703703697,-0.05305555555555552,0.3559736712883696,0.06858072881106306,0.19941615374813362,1.0188110525594514,0.0059555967183718694,0.002731481481481446,0.005628025006069781,0.5146400043618263,0.1183100562988031,0.11739040994818944,0.0,0.7200050500396653,0.642832885208771,0.29005145767847484,0.2379185190838876,0.3423756121270008,calm,02,12,12,female,normal,1326
0,0.0,True,1.0,0.6172845006063682,0.6241145899577255,0.6206995452820468,0.619228066929928,-0.0637962962962964,-0.06291666666666673,0.33784640605936483,0.18569499077744422,0.19031786964211192,1.0023763108145505,0.006830089351357316,0.0008796296296296746,0.012530355524400991,0.4837803051505955,0.11792567161967667,0.11777654156283113,0.0,0.6867691445672559,0.6561645596988795,0.2980652938740439,0.2528563480918403,0.37196702846283847,calm,02,12,12,female,normal,1327
10,0.33366666666666667,True,1.0,0.6108435149081782,0.5925648101238393,0.6017041625160088,0.640045608426743,-0.06370370370370382,-0.06162037037037038,0.33904017334499714,0.20292219385886714,0.18827388599143427,0.9400957597303433,0.018278704784338906,0.002083333333333437,0.010364714724337306,0.455321375334341,0.11789374273076715,0.11780850221569093,0.0,0.7156437838462072,0.6576189610297245,0.29610138342693415,0.2514577373095869,0.37571661203376555,calm,02,12,12,female,normal,1327
20,0.6673333333333333,True,1.0,0.5008053317754173,0.5237130404082497,0.5122591860918335,0.9192201907623845,-0.06504629629629627,-0.06259259259259253,0.33859934041946815,0.31933202005104594,0.18137160858411835,0.5572758205702325,0.022907708632832424,0.0024537037037037357,0.01240376500967615,0.33534288325273814,0.11705664228562764,0.11864029781678763,0.0,0.7910991003653371,0.6593901753982843,0.29457859039018675,0.2545315707896079,0.38286303893465634,calm,02,12,12,female,normal,1327
30,1.0010000000000001,True,1.0,0.4687949870327614,0.475950702521603,0.4723728447771822,0.8784866095143116,-0.06759259259259254,-0.0660648148148148,0.33855894981747925,0.32152397444410685,0.17992218303025742,0.5377120603333302,0.007155715488841585,0.001527777777777739,0.012417526745745313,0.3533006174552978,0.11801966175952461,0.11768235724778202,0.0,0.766666560206735,0.5949926499271583,0.2798216984873831,0.2784626849289232,0.3609968637991504,calm,02,12,12,female,normal,1327
40,1.3346666666666667,True,1.0,0.46090534979423786,0.46187868737419996,0.4613920185842189,0.8628057346396143,-0.06907407407407401,-0.07,0.33929159091226896,0.2901557818154134,0.18333707863421062,0.5347577097142706,0.0009733375799620969,0.0009259259259259967,0.0033358217757443417,0.3393823417825481,0.11731144153034953,0.1183883586142989,0.0,0.7236079131846304,0.6654550263464761,0.29722385956568237,0.25723665477630975,0.3868361518334758,calm,02,12,12,female,normal,1327
50,1.6683333333333334,True,1.0,0.542837827704916,0.5314788163109749,0.5371583220079454,0.8603999990342565,-0.06208333333333338,-0.061388888888888826,0.3893441739041903,0.17346060296742274,0.19167024913148814,0.6243123228857171,0.011359011393941021,0.000694444444444553,0.000985357455572672,0.35418349123773757,0.11644971376849583,0.11907618563170881,0.0,0.6578224240838909,0.6003078838175896,0.2825911245775101,0.28103909506068714,0.36738558708103514,calm,02,12,12,female,normal,1327
60,2.0020000000000002,True,1.0,0.5920334151729615,0.5537794441670402,0.5729064296700008,0.9364266471676645,-0.06111111111111106,-0.06240740740740747,0.32990374923375415,0.27923075949376835,0.1909758177139437,0.6118006481370704,0.03825397100592132,0.0012962962962964064,0.0006934083158051497,0.3274789106434386,0.1172908811238738,0.1182477189060668,0.0,0.9999999987499999,0.5970012653186275,0.28053670548615484,0.26597141569422517,0.3426770384232032,calm,02,12,12,female,normal,1327
70,2.3356666666666666,True,1.0,0.5476773428331507,0.5427292884974595,0.5452033156653051,0.6488513870858313,-0.06013888888888891,-0.061620370370370436,0.3688914334550973,0.007367894501701139,0.19793555454007017,0.8402591510422163,0.004948054335691232,0.001481481481481528,0.0014846582739481919,0.4240049447970886,0.11882533253989672,0.11686880728394107,0.0,0.7532799168566116,0.5965783862216762,0.2801292870587203,0.2732833885276689,0.3477403864778427,calm,02,12,12,female,normal,1327
80,2.6693333333333333,True,1.0,0.5704088367130026,0.5989171627897109,0.5846629997513567,0.740491250414315,-0.056203703703703645,-0.055416666666666614,0.3682660962360989,0.06662734962335722,0.1986145683171448,0.7895609832313748,0.02850832607670828,0.0007870370370370305,0.00043823230210727115,0.412721172221286,0.11660401709653181,0.11908518365406975,0.0,0.8110789478810206,0.6459224573657589,0.29567966053846123,0.24879425918347461,0.35311363561163434,calm,02,12,12,female,normal,1327
90,3.003,True,1.0,0.5603041426163906,0.5742958850050692,0.5673000138107299,0.5707888539695901,-0.05592592592592599,-0.054120370370370374,0.37382751386903085,0.08042061642718469,0.1951705550945909,0.9938876869535962,0.013991742388678619,0.0018055555555556158,0.0018045602969976465,0.524407173710436,0.11771857725031577,0.1179835341870344,0.0,0.763480097096396,0.6429187523134253,0.2931261387232959,0.24124145486546852,0.3484267241659505,calm,02,12,12,female,normal,1327
100,3.336666666666667,True,1.0,0.5631146761188751,0.5887000176819206,0.5759073469003979,0.5989303977952004,-0.05731481481481476,-0.055185185185185226,0.37206171355261,0.10210277858520593,0.19656659489174175,0.9615597221654543,0.025585341563045483,0.002129629629629537,0.006362870091883561,0.4758406891945289,0.12035393229602413,0.11496304125795884,0.0,0.7390458486976303,0.5942584283244547,0.27916685488097986,0.265013002112202,0.33643181872242833,calm,02,12,12,female,normal,1327
0,0.0,True,1.0,0.5857368753476058,0.5514651466976775,0.5686010110226416,0.7157864984596383,-0.07175925925925924,-0.06921296296296292,0.32771141834994255,0.3169905173094862,0.1807987811545623,0.7943723613762796,0.034271728649928224,0.0025462962962963243,0.013357923963703661,0.40942073865950757,0.1230685320494792,0.11222214684109923,0.0,0.7851554129262974,0.5964455237172994,0.2812951899948139,0.2661845515216412,0.3548081756201904,calm,02,12,12,female,strong,1328
10,0.33366666666666667,True,1.0,0.5641788259000885,0.5769858998155327,0.5705823628578106,0.6957778241556469,-0.07157407407407407,-0.0696296296296296,0.3355517395035445,0.3160303087599849,0.1780676491833018,0.8200640248203285,0.012807073915444223,0.0019444444444444708,0.018144655039998684,0.39861196274310906,0.11877222893565781,0.11659643008131954,0.0,0.9999999987499999,0.5952742482618049,0.2814994407205152,0.2625748293083705,0.3559877424754371,calm,02,12,12,female,strong,1328
20,0.6673333333333333,True,1.0,0.5226617584285286,0.49878280238174755,0.5107222804051381,0.9217864212393257,-0.0717592592592593,-0.06949074074074069,0.3312085535676412,0.38126752490347277,0.1815343270956281,0.5540570664064252,0.02387895604678103,0.002268518518518614,0.013691783106142635,0.3144925658842318,0.11979586205229702,0.11570922719070482,0.0,0.7071067807446058,0.5939109603450755,0.2812970473546567,0.2710349533504675,0.35657312441121053,calm,02,12,12,female,strong,1328
30,1.0010000000000001,True,1.0,0.23465183628861458,0.2572811999034356,0.2459665180960251,0.9183167752103405,-0.0911111111111112,-0.0869907407407407,0.35328975680276997,0.36274890350494604,0.1814725364735409,0.26784495800992686,0.02262936361482104,0.004120370370370496,0.016477386488613674,0.3121241557085694,0.1200544031572906,0.1151104087793531,0.0,0.9999999987499999,0.5919523936136954,0.2820528122047379,0.27066327808133284,0.3442097375863827,calm,02,12,12,female,strong,1328
40,1.3346666666666667,True,1.0,0.2784804529647253,0.2720365500194679,0.27525850149209663,0.9007840409541182,-0.09074074074074068,-0.08662037037037035,0.3424232375168188,0.33574827206359703,0.1835346388292238,0.3055765743812917,0.006443902945257374,0.00412037037037033,0.00999312864702615,0.30683672876995977,0.11834386508718864,0.11735632648247722,0.0,0.8739084080590933,0.59325341391244,0.28153704285470954,0.26834484763929684,0.3437344308580244,calm,02,12,12,female,strong,1328
50,1.6683333333333334,True,1.0,0.4921398136502063,0.5070828010609884,0.49961130735559733,1.2456374532638352,-0.0759259259259259,-0.07342592592592584,0.3070156304746185,0.5201905366801162,0.18563420824815238,0.40108886100567176,0.014942987410782038,0.0025000000000000577,0.01593765997665284,0.26328991079820574,0.11618421978180031,0.11949479002497428,0.0,0.693645414938842,0.6566985131396308,0.2977542113078993,0.25741910967325027,0.3875188258133048,calm,02,12,12,female,strong,1328
60,2.0020000000000002,True,1.0,0.5504781501570385,0.5517351835093399,0.5511066668331892,0.778381560839821,-0.07018518518518524,-0.0673611111111111,0.38055570741995304,0.15971734810994578,0.19600506550650687,0.7080160869157569,0.0012570333523014288,0.0028240740740741455,0.012183804890151945,0.36525915560207256,0.11869085189497072,0.11700538212318519,0.0,0.7317887255839547,0.593456623500963,0.28210095354660353,0.2823880024385349,0.3623908858647218,calm,02,12,12,female,strong,1328
70,2.3356666666666666,True,1.0,0.5552915428300368,0.5768545766124744,0.5660730597212555,0.9337319433712034,-0.06472222222222224,-0.06324074074074076,0.3370363441171077,0.22140257499813976,0.20012355802494236,0.6062479320108408,0.021563033782437624,0.0014814814814814725,0.013293647874917245,0.3278780094782964,0.11876040932778233,0.1169347807354147,0.0,0.9999999987499999,0.5917327517882153,0.2809259454013807,0.2718343346043672,0.342801134067164,calm,02,12,12,female,strong,1328
80,2.6693333333333333,True,1.0,0.529132331993299,0.5300936888891857,0.5296130104412424,0.7526983906642785,-0.06754629629629633,-0.06513888888888886,0.3454067829013879,0.17623615609428553,0.20398489659363261,0.7036191614198131,0.0009613568958867225,0.002407407407407469,0.027414357178488002,0.40809621977705485,0.11736101814276775,0.11833921239317703,0.0,0.9227158257756927,0.5907300673081732,0.2811759494854254,0.272830148363586,0.3499231041538122,calm,02,12,12,female,strong,1328
90,3.003,True,1.0,0.5304228592927203,0.5516076624548145,0.5410152608737674,0.8377760340914141,-0.062268518518518556,-0.05949074074074068,0.3587265277909511,0.17937870716050547,0.20230067779449254,0.6457755281344494,0.021184803162094257,0.002777777777777879,0.020488283982175982,0.3584561441107278,0.12014864439141602,0.11550792622433158,0.0,0.6959161733784355,0.6385159293326705,0.29181857044194676,0.25796030903131617,0.35814802633443676,calm,02,12,12,female,strong,1328
100,3.336666666666667,True,1.0,0.5920829426247174,0.5857116097464189,0.5888972761855682,0.6262118445905269,-0.06134259259259267,-0.05972222222222229,0.361006658858317,0.10428450055621531,0.2043642502296289,0.9404122283420584,0.006371332878298497,0.0016203703703703831,0.014179625770481442,0.47794152548097185,0.11577651661902022,0.11988984931399055,0.0,0.8367895175118857,0.6382286452237145,0.2922482642092991,0.2429503822960213,0.3475693616762737,calm,02,12,12,female,strong,1328
110,3.6703333333333332,True,1.0,0.5856599021769927,0.5887000176819212,0.5871799599294569,0.60271824345516,-0.060092592592592586,-0.05833333333333329,0.3615860664980451,0.08280010802940538,0.2043313951343341,0.9742196562084667,0.0030401155049284423,0.0017592592592592937,0.003102964023111934,0.49742653457141967,0.11782002296393951,0.11788222918625639,0.0,0.8196184518171443,0.6393228246611143,0.2915725081413087,0.24274513804812115,0.34178103418424716,calm,02,12,12,female,strong,1328
0,0.0,True,1.0,0.5722935857344209,0.5516076624548153,0.5619506240946182,0.6631237554520264,-0.06972222222222224,-0.06708333333333338,0.33222575927429965,0.22875101829789568,0.1967512593689596,0.8474294872931488,0.02068592327960561,0.0026388888888888573,0.008544253470323438,0.44733815762112716,0.12061955233539973,0.1150160917603077,0.0,0.9999999987499999,0.5817312383547169,0.2793189257548314,0.2659701776935394,0.346016501206098,calm,02,12,12,female,strong,1329
10,0.33366666666666667,True,1.0,0.5482771116843532,0.5575711776690008,0.552924144676677,0.6750226414560108,-0.07013888888888892,-0.06689814814814815,0.33135066122345896,0.23515131630106292,0.19972198849450515,0.8191194053639895,0.009294065984647548,0.0032407407407407662,0.012467089541819777,0.4537704653901652,0.12133493209897005,0.11426115710226097,0.0,0.8558297626328798,0.5877020806134955,0.2801882235111868,0.2569820065511951,0.33446605214282954,calm,02,12,12,female,strong,1329
20,0.6673333333333333,True,1.0,0.5786785801057864,0.5670457462410968,0.5728621631734416,0.9652365647819885,-0.0681944444444445,-0.06629629629629635,0.33883572553234576,0.31388479609958025,0.19821865666655708,0.5934940553177553,0.011632833864689607,0.0018981481481481488,0.01986834537808517,0.31590589136796826,0.1189043493235593,0.11678841330077899,0.0,0.8711543051298546,0.5904538042404462,0.27892129107316777,0.2634530437580488,0.3403594644932587,calm,02,12,12,female,strong,1329
30,1.0010000000000001,True,1.0,0.5635913108021613,0.5456887037297369,0.5546400072659491,0.9531368205340294,-0.07004629629629627,-0.06842592592592595,0.3569350650396605,0.27844245606997864,0.20020169578237992,0.5819101678971881,0.017902607072424415,0.0016203703703703276,0.014824141718543628,0.3147501948690995,0.11861910438224185,0.1170781185573105,0.0,0.9009653213426811,0.5931890500575231,0.2782436942142073,0.2812214708485204,0.36250132775103094,calm,02,12,12,female,strong,1329
40,1.3346666666666667,True,1.0,0.5413592276331174,0.5509600133213745,0.5461596204772459,0.797895712963343,-0.06444444444444447,-0.062962962962963,0.3394612482620651,0.11727342510014255,0.20775790395451832,0.6845000062086278,0.009600785688257063,0.0014814814814814725,0.008661071880413462,0.3721215703526634,0.11722360425768867,0.11847533234441744,0.0,0.8837606874150363,0.6435634696456708,0.2986642094783708,0.2604572573595233,0.3634407459534572,calm,02,12,12,female,strong,1329
50,1.6683333333333334,True,1.0,0.6007206710229447,0.5917861818182816,0.5962534264206132,1.1248213838078627,-0.06513888888888886,-0.0632407407407406,0.3255049464311624,0.2771206978732611,0.2007005267484722,0.5300872076259022,0.00893448920466311,0.0018981481481482598,0.00043687813699377063,0.2771647032989485,0.11697038247613134,0.11872534435413676,0.0,0.9999999987499999,0.5862878193777511,0.2778494315070619,0.2730723243929848,0.3477117279801846,calm,02,12,12,female,strong,1329
60,2.0020000000000002,True,1.0,0.580279413966732,0.5841757743704862,0.582227594168609,0.692780458823643,-0.06087962962962978,-0.05907407407407406,0.3601249048588682,0.08104683951871253,0.2069625084237732,0.8404215025886336,0.0038963604037541844,0.0018055555555557268,0.005831449897841737,0.44726773258262026,0.11765768259159042,0.11804426075187543,0.0,0.7947009216424656,0.6295786456692053,0.2893726648225453,0.24096945413088303,0.33728281421788747,calm,02,12,12,female,strong,1329
70,2.3356666666666666,True,1.0,0.6075074286641038,0.5992546081148462,0.603381018389475,0.8173013429624904,-0.06421296296296297,-0.06074074074074076,0.3504604356736761,0.19671504544732135,0.20216826132333857,0.7382601577557507,0.008252820549257578,0.00347222222222221,0.0012417586223232274,0.37674280128465565,0.11884291614889943,0.11685092661503695,0.0,0.7798750221532595,0.6462965030308999,0.2930211621202923,0.2558114832221352,0.36268362682298777,calm,02,12,12,female,strong,1329
80,2.6693333333333333,True,1.0,0.5631146761188742,0.571719023818633,0.5674168499687536,0.8271206619184309,-0.064537037037037,-0.06388888888888883,0.34046214223535953,0.22596978598366657,0.1980557779337934,0.6860145999166337,0.008604347699758819,0.0006481481481481755,0.009105877198416138,0.38372039250165085,0.11545323885337454,0.12020119553218654,0.0,0.8593511452015797,0.6415473563487897,0.2915693005475588,0.24951384825032433,0.36045475545109124,calm,02,12,12,female,strong,1329
90,3.003,True,1.0,0.6074645506016474,0.6263302620302333,0.6168974063159404,0.6457198431069446,-0.06194444444444436,-0.060462962962962996,0.3494845791779444,0.1455863898170197,0.2057191718812778,0.9553638670103086,0.018865711428585952,0.0014814814814813615,0.004599099973127566,0.4820770061141491,0.11754821165627642,0.11815327209012078,0.0,0.8721587575784887,0.6405691291594763,0.2935335037520016,0.2518796236122029,0.35583131022249703,calm,02,12,12,female,strong,1329
100,3.336666666666667,True,1.0,0.5920272519206637,0.5935057621939569,0.5927665070573103,0.634583916311094,-0.06199074074074068,-0.05986111111111109,0.3455138653807294,0.13125163214008878,0.20431608584256833,0.9341026329553498,0.0014785102732931543,0.0021296296296295925,0.010457355063002145,0.4810108831145565,0.11964247270844404,0.11603213560764622,0.0,0.8027179739133248,0.6394219185408538,0.2910928928389683,0.24671133034938225,0.35186644736325745,calm,02,12,12,female,strong,1329
110,3.6703333333333332,True,1.0,0.6248889062926396,0.6216937782248934,0.6232913422587665,0.6155427021074074,-0.06328703703703698,-0.05972222222222218,0.34636416004687004,0.12291423982642942,0.2043313951343341,1.0125883064242829,0.0031951280677462446,0.0035648148148147984,0.00785220254896221,0.4602496685584918,0.11731608184460089,0.1183837603293979,0.0,0.8205121031108241,0.643360831957783,0.29058644701625214,0.24293443189353983,0.3482313936427635,calm,02,12,12,female,strong,1329
0,0.0,True,1.0,0.5098029485272424,0.5325454312931811,0.5211741899102118,0.6067206793265068,-0.07157407407407412,-0.06717592592592592,0.3431734453822582,0.2269599188160977,0.1894712359693194,0.859001856486487,0.02274248276593871,0.0043981481481482065,0.03180043695121647,0.48726758496978234,0.11862579265234018,0.11707134187019196,0.0,0.6967130053457975,0.6514259825258228,0.29760150938768243,0.2574159579758301,0.3740714403812545,calm,02,12,12,female,strong,1330
10,0.33366666666666667,True,1.0,0.5089700620516985,0.5279085856558072,0.5184393238537528,0.6088324970978379,-0.07259259259259249,-0.06828703703703703,0.34916385703379554,0.22962874371797576,0.18667147211418775,0.8515303081307778,0.018938523604108748,0.0043055555555554514,0.03326069485258776,0.4888448498645934,0.11756763475480116,0.11813394528102414,0.0,0.7980971743199466,0.6525589469381503,0.2961963202899755,0.2555080664850312,0.37583210232868236,calm,02,12,12,female,strong,1330
20,0.6673333333333333,True,1.0,0.29196260279656866,0.2925932974292013,0.292277950112885,0.7885223298870313,-0.08629629629629626,-0.07999999999999996,0.34390223778138734,0.2955402938806485,0.18522748054414506,0.3706654067168378,0.0006306946326326557,0.0062962962962963,0.032190549151826335,0.35441129274393446,0.11516704709737177,0.12047542916274136,0.0,0.6795009436791317,0.6576936241215238,0.29527695875137683,0.24894902229879523,0.3634453765131346,calm,02,12,12,female,strong,1330
30,1.0010000000000001,True,1.0,0.5047000234197991,0.5125263157338734,0.5086131695768363,0.8678955841240159,-0.07444444444444448,-0.07203703703703718,0.33957390194339254,0.36479082152241143,0.1836364552134917,0.5860303691833962,0.007826292314074279,0.0024074074074073026,0.03202941915895624,0.3421870680675012,0.12054548759753379,0.11509371481310983,0.0,0.7254964209789366,0.5954640261807848,0.27813050627970953,0.2737554127222869,0.35396337230053415,calm,02,12,12,female,strong,1330
40,1.3346666666666667,True,1.0,0.3112428591958672,0.3091461427413473,0.31019450096860723,0.8455645916749197,-0.07861111111111108,-0.07601851851851854,0.35229262185615196,0.28184114057256243,0.18689742604383394,0.3668489717079622,0.00209671645451992,0.0025925925925925353,0.01961201592325024,0.35697429806017006,0.11779115367255698,0.11791107617990744,0.0,0.7598737548005282,0.660337828037465,0.29458220797640233,0.25510085105224034,0.37252307599457496,calm,02,12,12,female,strong,1330
50,1.6683333333333334,True,1.0,0.3626170235041205,0.34132224993363264,0.3519696367188766,0.863644950978902,-0.07703703703703713,-0.0750925925925926,0.3778376814158397,0.2465984809580351,0.18704065390021432,0.4075397376201124,0.021294773570487868,0.0019444444444445264,0.02033691852801306,0.3335588409169468,0.11488833701453927,0.12074124310720663,0.0,0.7852607384947999,0.6591782190923244,0.29682538154625404,0.2597861952942204,0.3791188858947273,calm,02,12,12,female,strong,1330
60,2.0020000000000002,True,1.0,0.5564568711155322,0.5447501745960631,0.5506035228557977,0.6415098602488519,-0.06708333333333333,-0.06495370370370368,0.3263030141883641,0.23172394948038744,0.19475181868613867,0.8582931564640485,0.011706696519469095,0.002129629629629648,0.02520014530610159,0.4653849098885011,0.11939391689303812,0.11595974509797902,0.0,0.9999999987499999,0.5920017832679948,0.27725483913742366,0.26060808334590535,0.3404018150356589,calm,02,12,12,female,strong,1330
70,2.3356666666666666,True,1.0,0.5679839639035772,0.5661296257604639,0.5670567948320205,0.7379565108791476,-0.06527777777777777,-0.060972222222222205,0.3639832367803231,0.14426802123252802,0.19628317820436608,0.7684149221157631,0.00185433814311331,0.0043055555555555625,0.04037442243231005,0.4184542329338748,0.11925284723501764,0.11643253924837171,0.0,0.8277590219558435,0.641312126459959,0.2922286961435074,0.25606513697665984,0.3600836798023771,calm,02,12,12,female,strong,1330
80,2.6693333333333333,True,1.0,0.5572775655242387,0.5812842645640145,0.5692809150441266,0.8714117210360662,-0.06481481481481471,-0.06064814814814817,0.35169809996392615,0.24010731021012452,0.19412804913997003,0.653285813469756,0.024006699039775814,0.004166666666666541,0.03070707572469047,0.34596831035764825,0.1138911841273858,0.1216822745788059,0.0,0.8957078390592865,0.6447872515646884,0.2917533984219193,0.2530389586593052,0.36160006423932467,calm,02,12,12,female,strong,1330
90,3.003,True,1.0,0.5350562494175226,0.5667836229948359,0.5509199362061792,0.6499526894301451,-0.06583333333333335,-0.062962962962963,0.35950383074457254,0.1768988040459533,0.19195662969373248,0.8476308278518022,0.031727373577313256,0.0028703703703703565,0.025220730201281936,0.4730834237149888,0.1201968100201459,0.11545780454656374,0.0,0.6889040759344915,0.5906970289053121,0.27932387397654246,0.26771184964593175,0.34856173658740036,calm,02,12,12,female,strong,1330
100,3.336666666666667,True,1.0,0.5602746670275142,0.5670457462410974,0.5636602066343057,0.6599033864580828,-0.06365740740740744,-0.060740740740740706,0.3540074364161753,0.15736125593579312,0.19473027126662731,0.8541556509652941,0.00677107921358322,0.002916666666666734,0.01554817105828197,0.4522756731350541,0.12089619950339145,0.11472526624644576,0.0,0.7319413204533814,0.5895456274697379,0.2800502119753684,0.26539731056569754,0.345935177966298,calm,02,12,12,female,strong,1330
110,3.6703333333333332,True,1.0,0.5786785801057851,0.6125024252849834,0.5955905026953843,0.6262118445905279,-0.06263888888888891,-0.06064814814814812,0.3602752667503117,0.13408007214370657,0.19607667346241126,0.9511006663964229,0.03382384517919834,0.001990740740740793,0.009711654014827787,0.4779415254809719,0.12217290496817912,0.11336471700426919,0.0,0.8936263530939328,0.5946541450095665,0.28049677096860665,0.26889593543111945,0.3452883982382595,calm,02,12,12,female,strong,1330
0,0.0,True,1.0,0.5809811527011972,0.5462602308360004,0.5636206917685989,0.6186624500985316,-0.06837962962962962,-0.06648148148148153,0.34762168361534523,0.16592015966621262,0.1938637676317848,0.9110310342559719,0.03472092186519682,0.0018981481481480933,0.011582740061584313,0.48247271341890036,0.11750884030850625,0.11819242877111633,0.0,0.6539838165329238,0.6557127482086585,0.29770910584841637,0.25417975110924257,0.37035376910200274,calm,02,12,12,female,strong,1331
10,0.33366666666666667,True,1.0,0.5529985147157858,0.5311198890736261,0.5420592018947059,0.6402353578196933,-0.06967592592592597,-0.06671296296296303,0.34803839350273713,0.17523968472090273,0.19039362020939674,0.8466561480463621,0.0218786256421597,0.002962962962962945,0.012018453201691875,0.46076007709192707,0.11771568390604385,0.11798642096440547,0.0,0.8473609654883452,0.6565600938578556,0.2969500182220718,0.2531797408445997,0.37339020022961944,calm,02,12,12,female,strong,1331
20,0.6673333333333333,True,1.0,0.45281669901088273,0.4929456989593026,0.4728811989850927,0.9164102521240468,-0.06912037037037022,-0.06685185185185177,0.3550637200733642,0.310282112813768,0.183572878541769,0.5160147410933621,0.0401289999484199,0.0022685185185184475,0.01626777202480839,0.3300554481581034,0.11510997848538251,0.12052995736379561,0.0,0.8663567970808457,0.6568625778514531,0.295245225552917,0.2582370613771224,0.38597141202853286,calm,02,12,12,female,strong,1331
30,1.0010000000000001,True,1.0,0.49066886251751246,0.49878280238174627,0.49472583244962937,0.8549316694864721,-0.07009259259259254,-0.06819444444444445,0.36417181151221734,0.28947862943959823,0.18008536388131072,0.5786729514263919,0.00811393986423381,0.0018981481481480933,0.018922966547998923,0.3465728253023142,0.11917330992160181,0.11651394754181105,0.0,0.8760286065310299,0.594151113929947,0.28067653155110206,0.28445180674992104,0.3665911475642013,calm,02,12,12,female,strong,1331
40,1.3346666666666667,True,1.0,0.5076718308578982,0.507828349925812,0.5077500903918551,0.9308007528433654,-0.08055555555555555,-0.07504629629629633,0.340010643270248,0.33330266533097885,0.19255297870187252,0.5454981518233678,0.00015651906791380732,0.005509259259259214,0.0217260966152893,0.3202630742794672,0.11632136007655851,0.11936129590110858,0.0,0.8831406491716568,0.660434040710034,0.29704375828526824,0.2636830752961928,0.39003013539333,calm,02,12,12,female,strong,1331
50,1.6683333333333334,True,1.0,0.5541955781322216,0.5460910789583863,0.5501433285453039,0.8733290138775364,-0.07296296296296295,-0.07069444444444445,0.35166845522566004,0.26345488918447285,0.19243883260522998,0.629938224659107,0.008104499173835378,0.002268518518518503,0.011383711610115954,0.3411225010857086,0.11925018575700527,0.1164352651316498,0.0,0.8431194603066477,0.5947256076571253,0.28206674225925105,0.2773236730171484,0.3629221049879205,calm,02,12,12,female,strong,1331
60,2.0020000000000002,True,1.0,0.5498199215864612,0.5614077628560672,0.5556138422212642,0.7468702081065065,-0.06851851851851848,-0.06527777777777771,0.34984896769412493,0.16000145126691132,0.2014195725023809,0.7439228880609354,0.011587841269605992,0.0032407407407407662,0.0066407664970891235,0.39233111632386514,0.11878794032266832,0.11690681333073868,0.0,0.808851164719766,0.5981693067226891,0.2800661582075864,0.2724571025379724,0.35014972997976873,calm,02,12,12,female,strong,1331
70,2.3356666666666666,True,1.0,0.5441490802548454,0.5564992596499536,0.5503241699523995,0.7748671459188845,-0.06490740740740736,-0.06282407407407409,0.3623713694801668,0.14152914909273967,0.2034857203346512,0.7102174519217636,0.012350179395108185,0.0020833333333332704,0.005382344880416486,0.40199007368004525,0.11968677997638388,0.1159864322599525,0.0,0.7739624949737456,0.642853762129852,0.2930422610845762,0.25758169437091,0.3635179040529807,calm,02,12,12,female,strong,1331
80,2.6693333333333333,True,1.0,0.6169331017540232,0.622697731256397,0.6198154165052101,1.0296961844675903,-0.06675925925925918,-0.0643055555555555,0.30805587183248223,0.3639272265936967,0.20002441257256576,0.6019400924804716,0.005764629502373886,0.00245370370370368,0.0009426077300146604,0.32188026313907864,0.11719638889035582,0.11850225398854013,0.0,0.6913840384983657,0.643638909470038,0.2931392741166682,0.251020655404228,0.3580165293429576,calm,02,12,12,female,strong,1331
90,3.003,True,1.0,0.5730292233024282,0.5557848427488258,0.564407033025627,0.6568418936251103,-0.06268518518518523,-0.06106481481481485,0.3735208646735538,0.10214349082005385,0.20214712702540874,0.8592738047061291,0.017244380553602445,0.0016203703703703831,0.001700315608320327,0.4671341461511693,0.11745388746002523,0.11824703839700385,0.0,0.692894339850039,0.6445595640912616,0.2932711791610979,0.24686964178936546,0.3503821969816524,calm,02,12,12,female,strong,1331
100,3.336666666666667,True,1.0,0.5850055051484943,0.5763062027648495,0.5806558539566719,0.5938775524520563,-0.060740740740740706,-0.05810185185185185,0.36922581891929485,0.08900246544396789,0.20284135306689666,0.9777366589446032,0.008699302383644802,0.0026388888888888573,0.00639478690164327,0.4974265345714196,0.11946715079077855,0.11621263980923556,0.0,0.8532213431247738,0.6447747123693227,0.29423517795380166,0.24812566549600995,0.34822138201614244,calm,02,12,12,female,strong,1331
110,3.6703333333333332,True,1.0,0.6220036216953718,0.6173091273959086,0.6196563745456403,0.607817491949113,-0.06078703703703697,-0.057731481481481384,0.360871523347325,0.09868256459896654,0.2014529024894326,1.0194776931452942,0.0046944942994632255,0.003055555555555589,0.0071757083745281796,0.4974265345714196,0.11667515033899667,0.11901549085043844,0.0,0.8235406016683828,0.6495004375578357,0.2954618372903392,0.24672805146090346,0.3516649053487405,calm,02,12,12,female,strong,1331
0,0.0,True,1.0,0.5633201001779999,0.5235300380728509,0.5434250691254254,0.656638843856328,-0.05814814814814817,-0.05412037037037043,0.3311288464927911,0.16390061984485718,0.1892052886468267,0.8275859313073571,0.039790062105149016,0.004027777777777741,0.009805200469840961,0.45548716394689326,0.11920946231137111,0.11647695851438393,0.0,0.8928470386134167,0.5943805940657513,0.28388387141642213,0.24050117207654104,0.32256079338235694,happy,03,12,12,female,normal,1332
10,0.33366666666666667,True,1.0,0.567126793181253,0.5555628248343161,0.5613448090077846,0.6543425546843692,-0.05893518518518509,-0.054537037037036995,0.33122544621783984,0.17161227200770407,0.18853507720254264,0.8578760543528408,0.01156396834693696,0.0043981481481480955,0.0077956244065533675,0.4605675494223313,0.11899762172368256,0.11669337510524258,0.0,0.7956131411218518,0.5920981804831308,0.2833130771910409,0.2442346692468711,0.3275146780419272,happy,03,12,12,female,normal,1332
20,0.6673333333333333,True,1.0,0.3953385444364609,0.38402576210432965,0.38968215327039524,1.0194152217703092,-0.06541666666666662,-0.06231481481481488,0.36303842853458734,0.2622687598929883,0.18514467149425623,0.3822604812528461,0.011312782332131233,0.0031018518518517446,0.011290634133008286,0.31157170584424965,0.11569264357739602,0.11997078807335151,0.0,0.8095339364386186,0.6011358271902512,0.2837596540697617,0.26295130467690836,0.3544128256518039,happy,03,12,12,female,normal,1332
30,1.0010000000000001,True,1.0,0.4123656073175049,0.4309542562738546,0.42165993179567973,0.9372105251763433,-0.06870370370370366,-0.06462962962962959,0.42453365124586945,0.34186631367698367,0.16138364461263344,0.4499095138910665,0.018588648956349707,0.004074074074074063,0.01616301840953458,0.3127438072232009,0.11600303273543557,0.11951138112115557,0.0,0.8643582061771804,0.6030224289090637,0.2859913565568503,0.29677138502391526,0.40155214481292956,happy,03,12,12,female,normal,1332
40,1.3346666666666667,True,1.0,0.37540260393271657,0.3641083744870224,0.36975548920986945,0.7926131592915905,-0.06717592592592592,-0.062268518518518556,0.3620040421859702,0.28597328558371643,0.17484091873342036,0.466501829896874,0.011294229445694193,0.00490740740740736,0.029614842350268795,0.3376382899882155,0.11447015916529771,0.12113777457791239,0.0,0.7253193347075862,0.6670367175542092,0.30312391455589627,0.2610911998846289,0.39946504304489694,happy,03,12,12,female,normal,1332
50,1.6683333333333334,True,1.0,0.4528270429024073,0.4442037854724998,0.44851541418745355,0.7890749550771748,-0.05805555555555558,-0.05212962962962964,0.4095074629167373,0.10023327903280013,0.193410901017566,0.5684066023152222,0.008623257429907494,0.005925925925925946,0.02670057964975952,0.3776778517849837,0.11313390931576513,0.12238666729356222,0.0,0.9999999987499999,0.5941781560749301,0.2857313508241362,0.26801938446080337,0.36090134436239085,happy,03,12,12,female,normal,1332
60,2.0020000000000002,True,1.0,0.5063066311090914,0.509347861199913,0.5078272461545021,0.8610616426966392,-0.05513888888888879,-0.04902777777777767,0.3943737966966608,0.11980077405437116,0.19074072537770187,0.5897687470598605,0.0030412300908216894,0.006111111111111123,0.0377419154387092,0.3378649267999847,0.11379122126977546,0.1216192081160197,0.0,0.9696373422639231,0.5940793875909739,0.2864301341217962,0.2595924076929938,0.33815281373154965,happy,03,12,12,female,normal,1332
70,2.3356666666666666,True,1.0,0.4035840343589139,0.41659005423844836,0.41008704429868115,0.7167305964928387,-0.05865740740740738,-0.053101851851851845,0.40277067567078173,0.08772324125372692,0.18736383965078582,0.5721634409153881,0.01300601987953448,0.005555555555555536,0.038636920903381236,0.39906715134869253,0.11721596916391722,0.11848288628449183,0.0,0.7989026668017921,0.6544265678302571,0.29686858476832967,0.25968326879953463,0.38772610688422093,happy,03,12,12,female,normal,1332
80,2.6693333333333333,True,1.0,0.4649905520597299,0.4609053497942385,0.46294795092698415,0.7738108858136908,-0.05657407407407422,-0.050462962962962876,0.4185002380787657,0.08518842856733407,0.1899214750727084,0.5982701450887153,0.004085202265491417,0.006111111111111345,0.028765894205499833,0.3683093699015252,0.11473448464761492,0.12088745096809134,0.0,0.7907800301522668,0.6527146735491072,0.29814408249229346,0.25652112287359374,0.3799405448314215,happy,03,12,12,female,normal,1332
90,3.003,True,1.0,0.5161837593636821,0.5013402474620529,0.5087620034128675,0.7373068115014579,-0.05722222222222212,-0.051342592592592606,0.40800936215237504,0.10715499978665011,0.1877342286984449,0.6900275373515404,0.014843511901629247,0.0058796296296295125,0.026235964920041023,0.3921174704617001,0.11526442907606112,0.12038226264232844,0.0,0.6970424568151112,0.654575126769458,0.2980569030331787,0.2528437523278701,0.37769511913046727,happy,03,12,12,female,normal,1332
100,3.336666666666667,True,1.0,0.5388346134637236,0.517171717171718,0.5280031653177208,0.7070449614027255,-0.05814814814814817,-0.05342592592592593,0.37334298893305917,0.1617537062653451,0.1856946140625524,0.7467745251591937,0.021662896292005684,0.004722222222222239,0.02136332826299949,0.41781963116753285,0.11906865154871236,0.1166208985884415,0.0,0.9999999987499999,0.597332937573467,0.2813305198125861,0.26122778450210976,0.3401157065908028,happy,03,12,12,female,normal,1332
0,0.0,True,1.0,0.5888219007844148,0.5917021814543642,0.5902620411193895,0.6593817659508101,-0.057453703703703785,-0.052592592592592524,0.323623877534184,0.16469894227664875,0.19460132869936583,0.8951749526592506,0.0028802806699493866,0.00486111111111126,0.013679247212793315,0.43840555449642254,0.12229766982344215,0.11323010962402888,0.0,0.8257016003073179,0.5890426920221215,0.2799216572348594,0.2568343144732422,0.32642069226161574,happy,03,12,12,female,normal,1333
10,0.33366666666666667,True,1.0,0.5906487526115426,0.5868096203235017,0.5887291864675221,0.6031041103335598,-0.05856481481481485,-0.05199074074074084,0.32749754233608436,0.13840706880671386,0.19529521528455354,0.9761651038025801,0.003839132288040892,0.00657407407407401,0.011446097173394005,0.5126721051897294,0.11632235354503463,0.11936032772602065,0.0,0.7057631696518719,0.6357458926304898,0.29122809676975825,0.23184775113013717,0.3374501615936571,happy,03,12,12,female,normal,1333
20,0.6673333333333333,True,1.0,0.5603041426163909,0.555432639685268,0.5578683911508295,0.9142238394644762,-0.059907407407407354,-0.05648148148148152,0.3824067204749574,0.2108484480767201,0.1918771224123703,0.6102098491301774,0.0048715029311229285,0.0034259259259258323,0.012892644166446528,0.3258571239145959,0.1151329366769587,0.12050802737244942,0.0,0.8202824163896217,0.6507199936068178,0.2948308400529547,0.25594133944332376,0.3756890792213927,happy,03,12,12,female,normal,1333
30,1.0010000000000001,True,1.0,0.4110496902318003,0.4354546665214089,0.4232521783766046,0.8745871067227771,-0.06615740740740744,-0.06476851851851856,0.4267577191768892,0.2708628468894757,0.17511157157652374,0.48394513836660674,0.024404976289608582,0.001388888888888884,0.013893523087237222,0.33376913516625584,0.11453657742805977,0.12107497759677117,0.0,0.7071067807446058,0.6608015815232343,0.301562253559786,0.2742487139275808,0.42015783917819943,happy,03,12,12,female,normal,1333
40,1.3346666666666667,True,1.0,0.4115165787290275,0.4354546665214089,0.4234856226252182,0.8256487006154382,-0.06620370370370371,-0.06467592592592591,0.3560093359842983,0.2850899400178032,0.18691008021618244,0.5129126010972369,0.02393808779238138,0.0015277777777777946,0.009061787003379474,0.3596276141561209,0.11408849389186633,0.12134038644420417,0.0,0.7701981544680784,0.5936831408579057,0.28349010320520934,0.2824698694874177,0.36876155475270594,happy,03,12,12,female,normal,1333
50,1.6683333333333334,True,1.0,0.3856414415112441,0.39508426906084204,0.3903628552860431,0.8122433793777097,-0.06240740740740747,-0.0596759259259258,0.3925166524464785,0.12381153414721954,0.1896738583810863,0.48059838368287444,0.009442827549597965,0.002731481481481668,0.012549440293727463,0.3561412002195019,0.11335071004574489,0.12218590058133955,0.0,0.8534878946505254,0.6519018524128402,0.29671581090251764,0.2609385135716973,0.3900952056352016,happy,03,12,12,female,normal,1333
60,2.0020000000000002,True,1.0,0.47964325227320914,0.47724924545249026,0.4784462488628497,0.8886551289230737,-0.06064814814814817,-0.05949074074074068,0.3659658413181233,0.19250810825773096,0.19098220953209089,0.538393616703321,0.002394006820718886,0.0011574074074074958,0.001453044205374694,0.3297558160475816,0.11561386565592098,0.12004670689818854,0.0,0.689255869420878,0.6497450237126101,0.2943863514977979,0.25113120402792294,0.37035073325247636,happy,03,12,12,female,normal,1333
70,2.3356666666666666,True,1.0,0.4595979773781095,0.4507068143664132,0.4551523958722613,0.6941766810088328,-0.05550925925925926,-0.053240740740740755,0.39038869628888734,0.055534134480707466,0.19584735793088182,0.6556722637395391,0.00889116301169629,0.002268518518518503,0.006124753034176914,0.3942576093114749,0.11361450958114785,0.12194064532105035,0.0,0.8889649554676518,0.6498607725981018,0.2944852836452994,0.2536790391597177,0.3689455152883296,happy,03,12,12,female,normal,1333
80,2.6693333333333333,True,1.0,0.5149580160963181,0.5229239193566818,0.5189409677265,0.7497825879682019,-0.05527777777777776,-0.052824074074074134,0.4314297164070572,0.06988228423773596,0.1959458913701307,0.6921219244804712,0.007965903260363727,0.0024537037037036247,0.000832350924004181,0.37521447437312994,0.11715939417313816,0.11853882961367299,0.0,0.6936269749495858,0.6490733774759905,0.29526629142336047,0.25932177149104724,0.3781652963160455,happy,03,12,12,female,normal,1333
90,3.003,True,1.0,0.5064425610544908,0.5222212109300637,0.5143318859922772,0.6942223657796515,-0.054120370370370374,-0.050277777777777755,0.4327905308786657,0.01892443186012192,0.19876470665850138,0.7408748426228721,0.01577864987557287,0.0038425925925926196,0.002416138500176954,0.41530983348811773,0.1191228867577105,0.11656549926906459,0.0,0.8632384911966269,0.5925247610919367,0.28271451258544594,0.2728141715765533,0.3443321522728792,happy,03,12,12,female,normal,1333
100,3.336666666666667,True,1.0,0.4835039556458754,0.48503104107239425,0.48426749835913485,0.6965095813012983,-0.05902777777777779,-0.05314814814814811,0.42393043288908094,0.09665357755608754,0.19122174848100948,0.6952775831947227,0.0015270854265188594,0.005879629629629679,0.006674273180321584,0.4023554862416696,0.11473208740583628,0.12088972614902044,0.0,0.9646285926625138,0.6509596862807623,0.29721942321522793,0.2540365368783142,0.378922833766996,happy,03,12,12,female,normal,1333
110,3.6703333333333332,True,1.0,0.4993444569597128,0.5081038598368114,0.5037241583982621,0.5621112315167127,-0.06023148148148155,-0.05499999999999999,0.4060943409642499,0.06013996741968013,0.186432225179185,0.8961289690638131,0.008759402877098588,0.005231481481481559,0.010563058484873454,0.48293845682705167,0.11760365814269039,0.11809808364614686,0.0,0.6810609695195947,0.6541576032209759,0.2936501172376904,0.252760932054322,0.37247985138049733,happy,03,12,12,female,normal,1333
0,0.0,True,1.0,0.5528502464779753,0.5863924434144161,0.5696213449461958,0.6216750509459331,-0.067037037037037,-0.06439814814814815,0.3292113989142956,0.22076151737192273,0.19247569968256215,0.9162686263176669,0.03354219693644078,0.0026388888888888573,0.012621449718528967,0.4946085966946355,0.1174022817771526,0.11829827556989994,0.0,0.8759809919114723,0.6516524164431399,0.29748937528403646,0.24567073751922192,0.36891410222849547,happy,03,12,12,female,normal,1334
10,0.33366666666666667,True,1.0,0.5510618000535634,0.549129122383424,0.5500954612184937,0.6274079119847985,-0.06712962962962965,-0.06472222222222218,0.32719038096329267,0.2227972997310452,0.19389210073779597,0.876774823381287,0.0019326776701393822,0.002407407407407469,0.01235686931237811,0.4946085966946345,0.11745775596224832,0.11824319571866179,0.0,0.8639614732681316,0.6534867019073255,0.29700721163607446,0.24766725159651748,0.37184334735256985,happy,03,12,12,female,normal,1334
20,0.6673333333333333,True,1.0,0.4700588415530904,0.45990948622502936,0.4649841638890599,0.989009996481517,-0.07314814814814813,-0.06925925925925924,0.3574633537479089,0.2921650581263618,0.19248957256034346,0.4701511264226637,0.01014935532806105,0.003888888888888886,0.010740678191950077,0.30826621639823676,0.11852077791279407,0.11717765560128572,0.0,0.753455928949424,0.5944226342490122,0.2795626771028785,0.27449791627082554,0.3529477907634073,happy,03,12,12,female,normal,1334
30,1.0010000000000001,True,1.0,0.5239716897021145,0.5237025928504938,0.5238371412763041,0.8628977189300449,-0.07199074074074074,-0.070462962962963,0.3522016881642205,0.24211082516593418,0.1931329975882596,0.6070674771580565,0.0002690968516206871,0.001527777777777739,0.0073853159556249584,0.32598728623155604,0.11588762895897367,0.11978244956176409,0.0,0.7352077058912772,0.5925503503276311,0.2817003674303849,0.2827154340012297,0.3620419318430465,happy,03,12,12,female,normal,1334
40,1.3346666666666667,True,1.0,0.49410834988648344,0.49902534113060354,0.49656684550854346,0.7390511431595905,-0.05810185185185196,-0.05435185185185187,0.37483362113669166,0.1157537097239963,0.1966678714655428,0.6718978112740905,0.004916991244120095,0.0037500000000000866,0.02237083116850679,0.38989306451884276,0.11645875569543924,0.11922724517097712,0.0,0.8912798615247628,0.652392182607418,0.29782122809317346,0.2605072809462117,0.3703261745010266,happy,03,12,12,female,normal,1334
50,1.6683333333333334,True,1.0,0.5328690586756835,0.5305724440138684,0.5317207513447759,0.7767958897669411,-0.058796296296296346,-0.056805555555555554,0.40483507927514073,0.1606861666543474,0.1847920093949727,0.6845051040425895,0.0022966146618150773,0.001990740740740793,0.009537586802275308,0.370074586384164,0.11637832012155991,0.11930576002376107,0.0,0.8771884301155227,0.6581311338988721,0.29658067340920774,0.2658392034407302,0.3997256932752894,happy,03,12,12,female,normal,1334
60,2.0020000000000002,True,1.0,0.4842766182141462,0.4683122881567569,0.47629445318545155,0.7565557062408154,-0.05976851851851844,-0.05634259259259261,0.41973981214205575,0.16305079875879597,0.18409782819833262,0.6295563555419734,0.015964330057389287,0.0034259259259258323,0.009136941729712043,0.38831398722604193,0.11470807928080866,0.12091250686606538,0.0,0.7201183559705817,0.6586693119513432,0.296678066847586,0.2603055392020055,0.3924554728855042,happy,03,12,12,female,normal,1334
70,2.3356666666666666,True,1.0,0.46874807377860017,0.5108674708587936,0.4898077723186969,0.8243614874685175,-0.05995370370370362,-0.05740740740740735,0.34815067764095325,0.1823000480445719,0.1889034290576577,0.5941662483806932,0.04211939708019341,0.0025462962962962687,0.0013086571998115284,0.34402602330293136,0.11743992107861019,0.11826090945979255,0.0,0.8516328295317347,0.654058354255765,0.2990507194421235,0.2515693853614749,0.36854896873801396,happy,03,12,12,female,normal,1334
80,2.6693333333333333,True,1.0,0.4932580093507006,0.4917420271856653,0.4925000182681829,0.5742152165754735,-0.05893518518518509,-0.05430555555555555,0.37851120207958905,0.09316270278716518,0.19031025283780695,0.8576923844083638,0.00151598216503529,0.004629629629629539,0.008051957770984598,0.4832077601778815,0.11789217327682278,0.11781007278425581,0.0,0.9130853477283267,0.6522898015221715,0.29898076897840853,0.25162648712465596,0.3677973633438744,happy,03,12,12,female,normal,1334
90,3.003,True,1.0,0.47562151932440117,0.4987130002199499,0.48716725977217556,0.5827395238454774,-0.05884259259259256,-0.053888888888888875,0.38008269549827933,0.1277262464543119,0.19039362020939674,0.8359948825117887,0.023091480895548744,0.004953703703703682,0.0013763038905263553,0.48141691070191395,0.11477463340352005,0.12084933303791132,0.0,0.9968112501525511,0.6518761316088935,0.2992930061112809,0.2481461272866293,0.3678912721984765,happy,03,12,12,female,normal,1334
100,3.336666666666667,True,1.0,0.5628891708673176,0.5604592679952882,0.5616742194313029,0.540855938550496,-0.05782407407407408,-0.054166666666666696,0.3844198196474045,0.12086181887296324,0.19035634988781405,1.0384913604472945,0.002429902872029377,0.003657407407407387,0.004326846439745384,0.5281568480820897,0.11793088086537735,0.11777132548985401,0.0,0.8181435658284123,0.6527260536402061,0.2989350054464761,0.25050816027786693,0.36677598381361604,happy,03,12,12,female,normal,1334
0,0.0,True,1.0,0.5856599021769934,0.591579808847005,0.5886198555119992,0.612296087971843,-0.05851851851851858,-0.055277777777777815,0.33472820987544794,0.12877752354041652,0.19395819522294142,0.9613320533562962,0.005919906670011632,0.0032407407407407662,0.004972829081730597,0.49433811200702943,0.11826372106973511,0.11743708974650463,0.0,0.7140337552181361,0.6427596812865772,0.2961812304145904,0.24097304511678527,0.3513906802249228,happy,03,12,12,female,normal,1335
10,0.33366666666666667,True,1.0,0.5368041707400061,0.5499881403279543,0.5433961555339801,0.6314853391201453,-0.059675925925925966,-0.05662037037037032,0.3430172605685768,0.11829827512707314,0.1925894277807099,0.8605047843091644,0.013183969587948208,0.0030555555555556446,0.0010632922921756734,0.46966627246644466,0.11630533249878056,0.11937691318488688,0.0,0.6920135060111373,0.6424144865368023,0.29516744092268443,0.23927677760257687,0.35283708167593963,happy,03,12,12,female,normal,1335
20,0.6673333333333333,True,1.0,0.5461508538261709,0.5459540510008059,0.5460524524134884,0.8663115826281711,-0.06129629629629635,-0.058287037037037026,0.394341234823601,0.2096075379977652,0.18500121296028993,0.6303187714019739,0.00019680282536505,0.0030092592592593226,0.010188067719432335,0.3480889039463295,0.11737441731026756,0.11832592247775914,0.0,0.7558679348656968,0.5904922921512354,0.28088954007798006,0.28228361689560044,0.37161950177903813,happy,03,12,12,female,normal,1335
30,1.0010000000000001,True,1.0,0.46096890603647817,0.45224171539960956,0.4566053107180439,0.7611361704360087,-0.06472222222222229,-0.06152777777777774,0.4345551168548371,0.21743281280921053,0.1710301699629144,0.5998996348530939,0.00872719063686861,0.0031944444444445552,0.004196789450199311,0.37628135936410273,0.1140368734067659,0.12154574970913215,0.0,0.6807824566059425,0.6629784398056097,0.29836512032486723,0.27115679637674817,0.4185594383910813,happy,03,12,12,female,normal,1335
40,1.3346666666666667,True,1.0,0.40345129459861667,0.4208326446833343,0.4121419696409755,0.8812794793421165,-0.05939814814814803,-0.05495370370370367,0.39369370572438434,0.1721182505748097,0.19589916232072066,0.46766318665293716,0.01738135008471764,0.004444444444444362,0.008621566601181296,0.3515489221035021,0.11272192349389376,0.12276622390673414,0.0,0.9147089502658429,0.6513969156021784,0.2980445771879699,0.26200619489432897,0.38505994022970597,happy,03,12,12,female,normal,1335
50,1.6683333333333334,True,1.0,0.5831345277926911,0.588463538347425,0.5857990330700581,0.7384639894375502,-0.04967592592592596,-0.04569444444444448,0.45426927469558476,-0.005955109670913197,0.20012355802494236,0.7932668910724149,0.005329010554733893,0.003981481481481475,0.004721055436821333,0.38239563267290777,0.11823536972044635,0.11746563376702679,0.0,0.8820522272547477,0.6333431955829207,0.2939368206617147,0.25512976717571545,0.36238862415613204,happy,03,12,12,female,normal,1335
60,2.0020000000000002,True,1.0,0.45564759385585646,0.4772936057946867,0.4664705998252716,0.6512412500294344,-0.05874999999999997,-0.054259259259259174,0.372123113836312,0.12266771696338082,0.19408088240735,0.7162792587296771,0.021646011938830256,0.004490740740740795,0.024847890690523525,0.44518833195239127,0.11380708091072456,0.12176093833166146,0.0,0.9789433151095792,0.6476887351815726,0.2975521732524031,0.24860983738657452,0.3650366370894213,happy,03,12,12,female,normal,1335
70,2.3356666666666666,True,1.0,0.44239925236715744,0.4253351804915177,0.43386721642933757,0.706129104167418,-0.06425925925925924,-0.0590277777777779,0.40928583984923855,0.20515132294098692,0.17210326102556192,0.6144304403667107,0.01706407187563974,0.005231481481481337,0.03483907074621376,0.4121727041224762,0.11303688229579968,0.12247628754035934,0.0,0.7159057018450752,0.6663373972166993,0.29848908681521064,0.2687044888313525,0.41073437730405093,happy,03,12,12,female,normal,1335
80,2.6693333333333333,True,1.0,0.5000766266162191,0.5059202056060129,0.5029984161111161,0.8517572451726227,-0.06324074074074076,-0.057731481481481495,0.38732230381856475,0.2510714794572702,0.17883137454304232,0.5905419871235438,0.005843578989793818,0.005509259259259269,0.024857080399658386,0.33802256723685126,0.11743318884020475,0.11810639263109902,0.0,0.7071067807446058,0.5915731787089835,0.28331831177382777,0.2841190445711121,0.37503091961357754,happy,03,12,12,female,normal,1335
90,3.003,True,1.0,0.5149731969581758,0.5079956175602973,0.5114844072592366,0.55450959244417,-0.06027777777777771,-0.05550925925925926,0.38557578574072376,0.12074167974139587,0.18987647787454717,0.9224085826986568,0.006977579397878464,0.00476851851851845,0.018524014031023002,0.5343244530144523,0.11553006579332357,0.12012735603028875,0.0,0.6958941419152693,0.6520326711700305,0.29660140528629364,0.2517080020272471,0.37438887917662533,happy,03,12,12,female,normal,1335
100,3.336666666666667,True,1.0,0.5282464467624024,0.5237025928504933,0.5259745198064478,0.5690943340845884,-0.058240740740740704,-0.053518518518518576,0.38232580857806153,0.13494658324038478,0.19054863455326013,0.9242308143033956,0.004543853911909146,0.004722222222222128,0.017028922135011806,0.5289987405074149,0.11593428651295944,0.11973729151664722,0.0,0.8808030967700834,0.652009636120073,0.2970063980597827,0.24924318115199143,0.36968157866541607,happy,03,12,12,female,normal,1335
110,3.6703333333333332,True,1.0,0.551011217742381,0.5611306526794657,0.5560709352109234,0.5539230715819374,-0.05805555555555547,-0.0526388888888889,0.3848961508075299,0.12749729800866338,0.19189580958455324,1.0038775485968692,0.01011943493708467,0.00541666666666657,0.020858427613660895,0.519484262680266,0.11679244518603818,0.11890038905190081,0.0,0.8091609893524601,0.650432570536027,0.29604182685571895,0.2505256083978305,0.3639620161995695,happy,03,12,12,female,normal,1335
0,0.0,True,1.0,0.5985509424807047,0.6087565408058514,0.6036537416432781,0.5404245877970854,-0.048055555555555574,-0.0463425925925926,0.3407759680956821,0.031772293741957246,0.1958991623207207,1.1169990323792107,0.01020559832514667,0.0017129629629629717,0.004097160900640777,0.5527375516944086,0.12375145212614565,0.11163940104909867,0.0,0.8254501986442597,0.6371928637861395,0.28458702191373025,0.23561739972762533,0.3238201715950247,happy,03,12,12,female,strong,1336
10,0.33366666666666667,True,1.0,0.6103846834663262,0.6561125828559558,0.633248633161141,0.5563022935434327,-0.04898148148148168,-0.046111111111111214,0.3429481017878648,0.04765844061293526,0.19660385211087322,1.1383174948418593,0.04572789938962951,0.0028703703703704675,0.000595655524507965,0.5211105188265159,0.12009202280759333,0.11556679379249965,0.0,0.9270463749132923,0.6368429833964836,0.2846117950001536,0.23128037480530222,0.324235372270153,happy,03,12,12,female,strong,1336
20,0.6673333333333333,True,1.0,0.6076223513456047,0.6153168519357758,0.6114696016406902,0.5994989794020454,-0.048981481481481515,-0.04564814814814816,0.33797981680483524,0.048518398718707854,0.1966038521108732,1.0199677107884062,0.007694500590171072,0.003333333333333355,0.0010313459546173677,0.48857774216932814,0.12025264467918728,0.11539964998664788,0.0,0.8478016537929782,0.5944402560789941,0.2762886009192436,0.24015590901994802,0.30463683325017554,happy,03,12,12,female,strong,1336
30,1.0010000000000001,True,1.0,0.4888964098689218,0.46641389063913,0.47765515025402594,0.6101487214393903,-0.05162037037037043,-0.048888888888888926,0.3593794724745297,0.05334056685304905,0.19590967732862752,0.7828503665912775,0.022482519229791775,0.0027314814814815014,0.005232192072128437,0.483541497518099,0.120443289844725,0.11520065842193668,0.0,0.9099360804844243,0.6369159593603066,0.2859589071906166,0.23219184759010575,0.32406539779037674,happy,03,12,12,female,strong,1336
40,1.3346666666666667,True,1.0,0.505962101796708,0.5146688501257216,0.5103154759612147,0.8937765856252353,-0.08782407407407405,-0.08425925925925926,0.46308636762789124,0.25206461531692403,0.19876470665850138,0.5709653667020456,0.008706748329013636,0.0035648148148147984,0.011218449492586421,0.3247386015904294,0.1140556225085697,0.12152815617403599,0.0,0.6802944472198478,0.6105394646217862,0.2849360582259323,0.31046839969471396,0.40368385064194073,happy,03,12,12,female,strong,1336
50,1.6683333333333334,True,1.0,0.5461508538261702,0.49549376131848427,0.5208223075723273,0.8296626977536681,-0.08638888888888901,-0.08500000000000002,0.41136789784251687,0.19753086419753016,0.21392455581158965,0.6277518670930564,0.050657092507685964,0.001388888888888995,0.0017624018475141726,0.3396432721515754,0.11259691946621178,0.12288088336027071,0.0,0.8181474579228921,0.6679427083724113,0.30292407257107645,0.2819181910272108,0.4143634162742016,happy,03,12,12,female,strong,1336
60,2.0020000000000002,True,1.0,0.5168909252015487,0.5314788163109749,0.5241848707562617,1.2811906294530164,-0.07000000000000006,-0.06777777777777777,0.3967830480916648,0.31684780096498727,0.19308756342655736,0.40913885779827625,0.014587891109426265,0.002222222222222292,0.006238025744238604,0.23612772602006077,0.11455811719713299,0.12105459740539917,0.0,0.8646088290593477,0.6031453225118173,0.28612487888788163,0.29186096147134766,0.3820415787168038,happy,03,12,12,female,strong,1336
70,2.3356666666666666,True,1.0,0.5014953129209739,0.4912416827652917,0.4963684978431328,0.49474467605106887,-0.07578703703703704,-0.0740277777777778,0.3746684391020009,0.16713438068885483,0.19659337423165427,1.003282141012663,0.010253630155682258,0.0017592592592592382,0.0055321261453257576,0.5360544966134092,0.11753010709710102,0.11817128117658941,0.0,0.8281417274072037,0.6089599988120249,0.28329518900770556,0.28565959033074334,0.3723788351519104,happy,03,12,12,female,strong,1336
80,2.6693333333333333,True,1.0,0.5235295586448062,0.5155845586531286,0.5195570586489674,0.7207749995070587,-0.07231481481481478,-0.07078703703703704,0.40816994424607167,0.1334768517605658,0.2007324558209925,0.7208311317738474,0.007944999991677637,0.001527777777777739,0.004293848672896774,0.3858612995268703,0.11623673365215088,0.11944370857771404,0.0,0.8594621467976169,0.6001683719972364,0.2887466829970436,0.2903730481386615,0.37763305483409154,happy,03,12,12,female,strong,1336
90,3.003,True,1.0,0.5185350774611444,0.5375465638320159,0.5280408206465801,0.887595240235597,-0.0725925925925926,-0.07032407407407415,0.4027796438379517,0.19116720140400859,0.2007404372956028,0.5949117308317479,0.019011486370871578,0.0022685185185184475,0.003999915893204858,0.32165526777575604,0.11771669093345175,0.11782382822413104,0.0,0.7071067807446058,0.5982259880202081,0.2857653318999198,0.2956788983952344,0.381780806164697,happy,03,12,12,female,strong,1336
100,3.336666666666667,True,1.0,0.550546785088295,0.555400372684491,0.552973578886393,0.763155186148308,-0.07,-0.0677314814814815,0.4399317922276122,0.09383055567397293,0.20279132211353704,0.7245886405847352,0.0048535875961960295,0.002268518518518503,0.005343651282041583,0.3600045933633027,0.11656161957856652,0.11912668303251214,0.0,0.710227736943122,0.599859837184874,0.28685900686935056,0.2941682206596097,0.3849673839718339,happy,03,12,12,female,strong,1336
110,3.6703333333333332,True,1.0,0.5682576336477531,0.5887000176819205,0.5784788256648368,0.7355942689000486,-0.07009259259259254,-0.06898148148148153,0.43510445010028126,0.10145650725639908,0.2055793084061552,0.7864101857806066,0.020442384034167427,0.0011111111111110072,0.003108818399622935,0.38829572677627733,0.11579398311654172,0.11955468768677328,0.0,0.7071067807446058,0.6003351895367522,0.2868353650514065,0.2935774373441584,0.38383731451106556,happy,03,12,12,female,strong,1336
120,4.0040000000000004,True,1.0,0.5711613869529938,0.5861788162502582,0.578670101601626,0.746332287705626,-0.07064814814814818,-0.06810185185185186,0.42633062263171684,0.1029230251615326,0.2048745177169223,0.7753518253653116,0.015017429297264462,0.0025462962962963243,0.0014421349078867296,0.37855431627332803,0.11783303156604935,0.11786922601406188,0.0,0.8291770993351592,0.6010931113304697,0.28697508552413836,0.29318635247389424,0.3825666605462831,happy,03,12,12,female,strong,1336
0,0.0,True,1.0,0.6125132900915253,0.6354130998097559,0.6239631949506406,0.5088441592250718,-0.05754629629629626,-0.05532407407407414,0.3284610449341398,0.11473043389140002,0.19453270740597647,1.2262363311802296,0.02289980971823058,0.0022222222222221255,0.014664539178320708,0.6116295123670771,0.11974476834971923,0.11592656392006018,0.0,0.8571856218292226,0.6462245932904412,0.2933672194648011,0.24341859582212888,0.343538741496529,happy,03,12,12,female,strong,1337
10,0.33366666666666667,True,1.0,0.6493452171603571,0.6508665299478562,0.6501058735541067,0.5062532412878135,-0.056481481481481466,-0.054166666666666585,0.3286273071203116,0.11424004642716391,0.19453270740597647,1.2841515283938905,0.0015213127874991184,0.0023148148148148806,0.00463587772934333,0.5838340714140434,0.1195965734757391,0.1160794442715441,0.0,0.8254383195843304,0.6466872290635004,0.29352541518997277,0.24279273243365082,0.34342204098994067,happy,03,12,12,female,strong,1337
20,0.6673333333333333,True,1.0,0.6445582538065379,0.6480790905426603,0.646318672174599,0.520460583868889,-0.05763888888888885,-0.053379629629629666,0.32071059548745756,0.11744604560642838,0.19452133353920625,1.2418205954620674,0.003520836736122468,0.004259259259259185,0.0027134561750571866,0.5658152979268312,0.11879261096049706,0.11690206734957646,0.0,0.7222701252125727,0.646907158058536,0.29365384367039365,0.24157612747007115,0.3436015348301859,happy,03,12,12,female,strong,1337
30,1.0010000000000001,True,1.0,0.6065663230143896,0.6041460464819882,0.605356184748189,0.6559727654218099,-0.05898148148148141,-0.05680555555555561,0.3374660474473237,0.16792981999979653,0.1938637676317847,0.9228373747482138,0.0024202765324013997,0.0021759259259258035,0.000858638037937073,0.4449127292470722,0.11697032624759118,0.11872539975388051,0.0,0.8058963470732093,0.6477349013667968,0.2949602223983084,0.2434657635980737,0.3462003410767845,happy,03,12,12,female,strong,1337
40,1.3346666666666667,True,1.0,0.5504782766173819,0.5875731995930364,0.5690257381052092,1.0038111745356295,-0.08541666666666664,-0.08087962962962969,0.45182515275979473,0.31727011110800396,0.19520495206399283,0.5668653154498352,0.03709492297565453,0.004537037037036951,0.014156414496255404,0.29115089341771255,0.11401938689076961,0.12156215357658924,0.0,0.8434102431471571,0.6679231321200356,0.2998994499858154,0.28697583262329646,0.42352912978494495,happy,03,12,12,female,strong,1337
50,1.6683333333333334,True,1.0,0.6195135753275779,0.6034950035284474,0.6115042894280127,0.8086757418216638,-0.07921296296296293,-0.07611111111111113,0.37978058201751186,0.15161905299366857,0.220161068370942,0.7561798355055233,0.016018571799130465,0.0031018518518518,0.000848736646299275,0.3615889020881889,0.11551755704716576,0.12013938481131092,0.0,0.6890677447450931,0.6516633179287341,0.298803759603936,0.2729934239495782,0.3955252721875192,happy,03,12,12,female,strong,1337
60,2.0020000000000002,True,1.0,0.6315145545730579,0.6106933987133952,0.6211039766432266,0.8951628349887146,-0.05925925925925929,-0.055787037037037024,0.42006286639769247,0.18429823073297105,0.1854429990664996,0.6938446865380161,0.02082115585966271,0.0034722222222222654,0.008828460291271623,0.3060661764705885,0.11463078667874571,0.12098578641292636,0.0,0.6948679787018868,0.6023350088160263,0.28415456414254037,0.2862869056405514,0.3697870721611144,happy,03,12,12,female,strong,1337
70,2.3356666666666666,True,1.0,0.4862139757913894,0.46666832737880604,0.4764411515850977,1.0713398091397321,-0.06356481481481485,-0.061111111111111116,0.3558740710577914,0.3671269039351667,0.17099447946145344,0.44471525049337235,0.019545648412583383,0.0024537037037037357,0.022915075676122918,0.25859174040326244,0.11742501841381695,0.11827570680372812,0.0,0.7164367887098249,0.6007668151401186,0.2864112469249363,0.27456706566302586,0.3667321883565729,happy,03,12,12,female,strong,1337
80,2.6693333333333333,True,1.0,0.5081091336827337,0.4919829935734764,0.500046063628105,0.6971331233799994,-0.05893518518518526,-0.05500000000000005,0.4179987969751697,0.09205345060871059,0.1827741836560361,0.717289204683989,0.01612614010925728,0.003935185185185208,0.014309246984135241,0.3824549128236409,0.11769374090906996,0.11800830953811703,0.0,0.8441152219498776,0.6022987481398809,0.286191154637161,0.2858129686197067,0.37670722560185743,happy,03,12,12,female,strong,1337
90,3.003,True,1.0,0.5009492279810213,0.4847778613275654,0.49286354465429333,0.9349513106118595,-0.05648148148148152,-0.05402777777777784,0.41778590586009073,0.18030621713911643,0.17782969776269256,0.5271542368679595,0.016171366653455865,0.00245370370370368,0.005949755709272173,0.30534728446636483,0.11520663294475583,0.1204375750932497,0.0,0.7215292814729823,0.6016253528520784,0.28795025592306495,0.28557482273923723,0.381651016620545,happy,03,12,12,female,strong,1337
100,3.336666666666667,True,1.0,0.4848581591262481,0.48402069430621225,0.4844394267162302,0.7412959712330729,-0.05444444444444457,-0.05157407407407405,0.44242689511921535,0.08307236597978124,0.18061639266197652,0.6535033853083174,0.000837464820035827,0.002870370370370523,0.0026444041863668078,0.38829572677627855,0.11716397312846455,0.11853430376865257,0.0,0.9550623663996521,0.6609231650160065,0.29849416658183897,0.25792025428772114,0.38764959741118793,happy,03,12,12,female,strong,1337
110,3.6703333333333332,True,1.0,0.5009492279810203,0.5311543273407456,0.516051777660883,0.7029567805680969,-0.05240740740740729,-0.05037037037037034,0.4387463644422293,0.057511637986002395,0.1847635195913375,0.7341159398787419,0.030205099359725374,0.0020370370370369484,0.005410407127830448,0.4094733358623461,0.11557747778005437,0.12008174048961284,0.0,0.8837910806258003,0.6543668084733895,0.3027736044553236,0.25461664906673337,0.37917581320184834,happy,03,12,12,female,strong,1337
120,4.0040000000000004,True,1.0,0.5322308803895407,0.5356772954057853,0.533954087897663,0.7258523626772078,-0.0534722222222222,-0.05027777777777781,0.43644563098709277,0.07775420758560848,0.18759153039354048,0.7356235446120832,0.0034464150162446527,0.0031944444444443887,0.00021499966068258338,0.38328629585530694,0.11611591569526607,0.11956116380749865,0.0,0.7655645589912805,0.5987209202352817,0.28624462824261326,0.2654055743830538,0.35382604879224794,happy,03,12,12,female,strong,1337
0,0.0,True,1.0,0.5722901521659556,0.6031357645239048,0.5877129583449302,0.6029764427208142,-0.06851851851851848,-0.0672685185185185,0.3377191487629987,0.16644786995373842,0.195328027932124,0.9746864333422207,0.030845612357949248,0.0012499999999999734,0.008010832934450299,0.47974528397542304,0.1224696235538384,0.11304410235148124,0.0,0.7365563658158616,0.5936986030662265,0.28391596348833087,0.2672437416165648,0.3510057237046287,happy,03,12,12,female,strong,1338
10,0.33366666666666667,True,1.0,0.5670854656845571,0.5863924434144159,0.5767389545494865,0.5713050332730952,-0.0690277777777778,-0.06763888888888886,0.3394438475578825,0.150595691862906,0.195328027932124,1.0095114185241105,0.019306977729858787,0.0013888888888889395,0.012219514431458684,0.5063409000377334,0.11971689295543853,0.11595535050420709,0.0,0.9999999987499999,0.5941296302896159,0.2834529956432025,0.26528275356006537,0.3523024105018815,happy,03,12,12,female,strong,1338
20,0.6673333333333333,True,1.0,0.5436467923064496,0.5550281701462544,0.5493374812263521,0.5926493966951173,-0.06847222222222227,-0.06634259259259256,0.35369026971780854,0.14422836364464342,0.1966989036523519,0.9269181480479147,0.011381377839804752,0.0021296296296297035,0.008532658704144411,0.4959171171247586,0.11887762615388936,0.11681561440785425,0.0,0.8569065625227552,0.5953493628623325,0.28255649224850343,0.26806889308767884,0.3507941706968189,happy,03,12,12,female,strong,1338
30,1.0010000000000001,True,1.0,0.43615029355697865,0.4505942691198961,0.44337228133843737,0.7908198992798636,-0.0735185185185186,-0.07180555555555557,0.42720870003707523,0.26343867727305537,0.17594439017383295,0.5606488680193569,0.014443975562917433,0.0017129629629630272,0.015054306812827493,0.3583225665910459,0.11650872717488191,0.11917841356988201,0.0,0.7071067807446058,0.5993086950014381,0.2853513185243378,0.2927115331071876,0.3833108146100415,happy,03,12,12,female,strong,1338
40,1.3346666666666667,True,1.0,0.41826135439228657,0.4097293352479745,0.41399534482013056,0.7606743524757684,-0.06574074074074077,-0.060740740740740706,0.4237621652373774,0.20910276150318072,0.17747066249385265,0.5442478025881891,0.008532019144312064,0.00500000000000006,0.027969996978691767,0.3856651370970543,0.11356425227688495,0.12198745170562877,0.0,0.6899686645476194,0.6684731801626901,0.3004662017895377,0.2694366103181063,0.4086004471594043,happy,03,12,12,female,strong,1338
50,1.6683333333333334,True,1.0,0.410347306590785,0.4108498960164261,0.41059860130360554,0.7805069209398161,-0.062268518518518556,-0.05708333333333343,0.4666412523007673,0.17732998291199079,0.1771453629105048,0.5260665732588248,0.0005025894256410757,0.005185185185185126,0.016387448415854166,0.37609945857508914,0.11492148728918816,0.12070969111057064,0.0,0.8065629216466792,0.6024482395770807,0.2876130467887737,0.2877384040449245,0.3760530842236278,happy,03,12,12,female,strong,1338
60,2.0020000000000002,True,1.0,0.4031987652976016,0.420411658008927,0.41180521165326434,0.4242736148745335,-0.06513888888888891,-0.06300925925925932,0.40506089531393,0.29827130752077363,0.16045518553036878,0.9706123530096107,0.017212892711325367,0.0021296296296295925,0.0004644193839984275,0.6334857721150559,0.11965469214039902,0.1160195346407266,0.0,0.6765515199466511,0.6068348201468087,0.279520644962771,0.2907105328703448,0.39181152202130426,happy,03,12,12,female,strong,1338
70,2.3356666666666666,True,1.0,0.4368319051646237,0.44440390389228734,0.4406179045284555,0.7285162187753206,-0.06143518518518515,-0.05750000000000005,0.42868319680839845,0.14697418596422826,0.18061639266197657,0.6048155046831498,0.00757199872766362,0.003935185185185097,0.0076644143794323515,0.385249315162334,0.11674315579365473,0.11894878454285276,0.0,0.7732993299778933,0.5980805313922444,0.28533456675568275,0.2889356265357024,0.38233677595259724,happy,03,12,12,female,strong,1338
80,2.6693333333333333,True,1.0,0.42623223702915713,0.4182402391043006,0.42223623806672883,0.7747936090308785,-0.061342592592592615,-0.05810185185185185,0.3897363930926364,0.21120795846581467,0.1794117751694253,0.5449660827673414,0.007991997924856553,0.0032407407407407662,0.014963846528396742,0.36191623188103994,0.11380101130107524,0.12176661116989504,0.0,0.8087154366903612,0.6624701949217188,0.30276529431112814,0.2626978804376329,0.3988512548904048,happy,03,12,12,female,strong,1338
90,3.003,True,1.0,0.41072003465348944,0.412669814863284,0.41169492475838676,0.7272795207263465,-0.059027777777777846,-0.05587962962962967,0.45240110631701,0.08483436643751831,0.18901971014220054,0.5660752338347435,0.0019497802097945827,0.0031481481481481777,0.013034982017922038,0.3875452734615518,0.11930604339688756,0.11637802962063667,0.0,0.8691081162439568,0.5963039591305273,0.2825390060703567,0.2903264725416267,0.3766001841872435,happy,03,12,12,female,strong,1338
100,3.336666666666667,True,1.0,0.4593504697547282,0.4688694249107769,0.46410994733275257,0.7052831388312368,-0.059444444444444466,-0.05458333333333337,0.44274120811929296,0.07422587472833221,0.19040764478510802,0.6580476999660796,0.00951895515604867,0.004861111111111094,0.016359240010569494,0.41587523445936414,0.11695143611437518,0.11874400767941383,0.0,0.7860905972646881,0.5986634942570779,0.2846432764411369,0.28368893007885543,0.36788553521525574,happy,03,12,12,female,strong,1338
110,3.6703333333333332,True,1.0,0.45788102291107996,0.4525252525252522,0.4552031377181661,0.7310258117069175,-0.06120370370370376,-0.05629629629629629,0.44608568955293626,0.10527422660412038,0.1841773797792302,0.6226909233961029,0.0053557703858277406,0.004907407407407471,0.018525997501570236,0.38270305481040073,0.11710948170948886,0.11858814048084518,0.0,0.913506724723474,0.6002254200508328,0.2847673453859365,0.28530497578191105,0.3767518570698501,happy,03,12,12,female,strong,1338
0,0.0,True,1.0,0.6392589502903728,0.6785355978858316,0.6588972740881023,0.596215174106495,-0.057962962962962994,-0.05606481481481479,0.33845185180410803,0.09658314265531233,0.19732122906132435,1.1051333523598161,0.03927664759545879,0.0018981481481482043,0.002437603605349949,0.49783624895166095,0.12192414823038236,0.11363221307369996,0.0,0.8336967801161473,0.6435534886767207,0.29261606527338496,0.24211990162968697,0.33585016965223563,happy,03,12,12,female,strong,1339
10,0.33366666666666667,True,1.0,0.6337116447746926,0.6374350046549327,0.6355733247148126,0.6068720835259684,-0.05615740740740727,-0.0539351851851852,0.33828508541593644,0.1116821581304073,0.19873553263911478,1.0472937246051721,0.0037233598802401957,0.00222222222222207,0.0014712533332508595,0.48476142780596787,0.11672008351570455,0.11897142460812571,0.0,0.7951490883994027,0.6452064157694327,0.29448724550547534,0.23921001366113623,0.34066043412422975,happy,03,12,12,female,strong,1339
20,0.6673333333333333,True,1.0,0.6031357694386053,0.6266547370782167,0.614895253258411,0.7553819699972568,-0.058379629629629615,-0.05583333333333318,0.3340814043256603,0.18461607640296546,0.19807080072715028,0.8140189701120931,0.023518967639611477,0.0025462962962964353,0.0009456569853852192,0.40355031675247593,0.11797054368692521,0.11773159555252097,0.0,0.7889417440412257,0.6509417144279588,0.293113928020536,0.24743904375174475,0.34926357286393617,happy,03,12,12,female,strong,1339
30,1.0010000000000001,True,1.0,0.6799594217112307,0.6596759459171443,0.6698176838141875,0.7832480013758416,-0.07791666666666663,-0.07166666666666666,0.4302235749033364,0.11188811188811151,0.21809788729698323,0.8551795633536197,0.020283475794086403,0.006249999999999978,0.005545413023052279,0.3482004068292604,0.11509300994984407,0.12054616057549034,0.0,0.7375151025012072,0.6495302516240872,0.2938374291831967,0.28105675114695716,0.39685243429050937,happy,03,12,12,female,strong,1339
40,1.3346666666666667,True,1.0,0.5564564928361734,0.5910490538966027,0.5737527733663881,0.779920745020054,-0.06273148148148144,-0.06490740740740747,0.42782580644307483,0.11507027385541838,0.19931512529804216,0.7356552278291242,0.034592561060429294,0.0021759259259260255,0.00484572162078882,0.359631147540984,0.11420021789831056,0.12139228970720072,0.0,0.9999999987499999,0.6059677224014606,0.28725395392185304,0.29806122436536575,0.38173030330588165,happy,03,12,12,female,strong,1339
50,1.6683333333333334,True,1.0,0.3952813640400939,0.4110496902318003,0.4031655271359471,0.7997297321887171,-0.0652314814814815,-0.06263888888888886,0.4627138365307113,0.24696690901753107,0.1660181837584222,0.5041272206205905,0.015768326191706428,0.0025925925925926463,0.011680655393983351,0.34772567020972944,0.11670560515092325,0.11898562726450534,0.0,0.8317831753532752,0.609411192891219,0.2859555609750985,0.2967905641219046,0.39702381001653037,happy,03,12,12,female,strong,1339
60,2.0020000000000002,True,1.0,0.40834748834848367,0.4022894726538994,0.40531848050119157,0.5445381226383296,-0.062268518518518556,-0.0602314814814815,0.387261092605691,0.19336961011638076,0.17580557530590993,0.7443344435416055,0.006058015694584251,0.0020370370370370594,0.0034034257919070715,0.4889809293473334,0.11677452107565704,0.11891799273737169,0.0,0.8064073785377188,0.6134317398209285,0.2855742216876581,0.2745545469089937,0.37582114287924634,happy,03,12,12,female,strong,1339
70,2.3356666666666666,True,1.0,0.44460054668719917,0.41950819890534147,0.43205437279627035,0.7185876546414097,-0.0597685185185185,-0.05791666666666673,0.44577332830669597,0.1386478085369645,0.1792279752178617,0.6012549339048616,0.025092347781857705,0.0018518518518517713,0.004687846966624389,0.38479348155862214,0.11528652262478115,0.1203611044722163,0.0,0.7129156403370916,0.6105679112113596,0.2908263336956347,0.2816384826296611,0.38193002353392824,happy,03,12,12,female,strong,1339
80,2.6693333333333333,True,1.0,0.45394216959491757,0.4608292336714846,0.4573857016332011,1.1378482679333601,-0.0597685185185185,-0.05662037037037032,0.360115206080186,0.3740871017863102,0.17446349453695598,0.40197424781771396,0.006887064076567029,0.0031481481481481777,0.011353486116110095,0.26198630136986295,0.11728698282018865,0.11841258982981495,0.0,0.7071067807446058,0.6098888643816902,0.2867128525618653,0.28553076093852653,0.37487195724433886,happy,03,12,12,female,strong,1339
90,3.003,True,1.0,0.4955211414128699,0.4854713990002559,0.4904962702065629,0.8044033437721149,-0.05495370370370373,-0.051342592592592606,0.44149663447484144,0.10377689713784514,0.18273285421608929,0.6097640866414885,0.010049742412614027,0.0036111111111111205,0.0021066430212977926,0.3632016853313314,0.11842695690675574,0.11727247608428652,0.0,0.6854460598735367,0.6076185179853192,0.28811102429623003,0.27993602389550737,0.37135904613392273,happy,03,12,12,female,strong,1339
100,3.336666666666667,True,1.0,0.4873230672073808,0.4947791551179354,0.4910511111626581,0.7409770574341317,-0.0527314814814816,-0.05032407407407413,0.4453730325126317,0.07663838371597984,0.18345356091256915,0.6627075781038059,0.007456087910554632,0.002407407407407469,0.003654650937457083,0.3882409608796563,0.11494922058403902,0.1205253106538968,0.0,0.7071067807446058,0.608306620171506,0.29128026983964017,0.2788926497119566,0.37369518552095443,happy,03,12,12,female,strong,1339
110,3.6703333333333332,True,1.0,0.5272995579269766,0.5430783598512912,0.5351889588891339,0.7360036509771869,-0.054120370370370485,-0.05111111111111105,0.4312433383796709,0.09855203276250599,0.18274579676306624,0.7271553044316659,0.01577880192431458,0.0030092592592594336,0.006524128716226742,0.37328852584849703,0.11742567982610311,0.11827505014420805,0.0,0.8276227861653861,0.6062884323885805,0.2903152567762682,0.2770212661845124,0.3646815881308989,happy,03,12,12,female,strong,1339
0,0.0,True,1.0,0.5888219007844134,0.6026441477005131,0.5957330242424632,0.6420493648506946,-0.057083333333333375,-0.05324074074074081,0.3098962741668619,0.2253506578310894,0.1883731408123746,0.9278617141549512,0.013822246916099679,0.003842592592592564,0.007537897943497967,0.4889719867251069,0.12354756410545711,0.11186499529999315,0.0,0.86282119782789,0.6418672227328432,0.29241206500744704,0.24257478079095637,0.3465549316672405,sad,04,12,12,female,normal,1340
10,0.33366666666666667,True,1.0,0.5962750664539096,0.6076483585254585,0.6019617124896841,0.6694843590804643,-0.05462962962962964,-0.05078703703703702,0.3048041007903969,0.24640928487678362,0.1870031233040835,0.8991423090398669,0.011373292071548913,0.0038425925925926196,0.010559196977172863,0.47612997032885573,0.1205601681739,0.11507833688148873,0.0,0.9593894812941915,0.6412469955169569,0.292672309366955,0.24021940639991402,0.34822465988931717,sad,04,12,12,female,normal,1340
20,0.6673333333333333,True,1.0,0.6135015713862042,0.6232067898759179,0.6183541806310611,0.6426519611810709,-0.0534722222222222,-0.04944444444444451,0.322373985669016,0.19429529099114753,0.19045451944182112,0.9621913850455616,0.00970521848971373,0.004027777777777686,0.01245702014430163,0.4651647872390326,0.11937767181593878,0.11630455382914325,0.0,0.8355838910891792,0.6395096630839836,0.29336520797150567,0.241382479981083,0.33730410385880705,sad,04,12,12,female,normal,1340
30,1.0010000000000001,True,1.0,0.6149895674111754,0.6292532666827716,0.6221214170469735,0.9990516646117615,-0.05421296296296296,-0.04828703703703702,0.3224970546875576,0.3158670435821187,0.19010416666666666,0.6227119568323168,0.014263699271596209,0.005925925925925946,0.03550171830527481,0.3251330943775641,0.12009270882114571,0.11556608091276822,0.0,0.8939055898340708,0.6379208045952757,0.29199848453550364,0.24624164207456223,0.341586995846133,sad,04,12,12,female,normal,1340
40,1.3346666666666667,True,1.0,0.5578492427575764,0.6190476190476201,0.5884484309025982,0.7562753403172228,-0.052314814814814814,-0.049120370370370425,0.3435144048391875,0.1964616636910676,0.19343496192197215,0.7780875555928759,0.061198376290043655,0.0031944444444443887,0.03598047442262744,0.4108147621115495,0.1196734023238907,0.11600023511096925,0.0,0.8598282686036446,0.6407181016859869,0.29173285151059875,0.2490115356653105,0.344926388238441,sad,04,12,12,female,normal,1340
50,1.6683333333333334,True,1.0,0.5096164727163865,0.5118074859308599,0.5107119793236232,0.9214616279980117,-0.05856481481481479,-0.05337962962962961,0.3217102564924017,0.30915494701708374,0.19441080922659787,0.55424117923739,0.0021910132144733474,0.005185185185185182,0.05318900712071172,0.33440031330865133,0.12014317060340533,0.11534856903928568,0.0,0.8592406255422023,0.5804651101456207,0.27927730081348917,0.25362570365729226,0.31762836743136397,sad,04,12,12,female,normal,1340
60,2.0020000000000002,True,1.0,0.5517465126201645,0.5968684322906546,0.5743074724554096,1.033585844424029,-0.05587962962962967,-0.05106481481481484,0.3264577042501541,0.266195551183507,0.19146098774034745,0.555645644291351,0.04512191967049006,0.004814814814814827,0.034104406267996934,0.29199541476414553,0.11988456580533127,0.11578198759473875,0.0,0.6873099086537934,0.6405393017675821,0.29577502975460673,0.2481388013657032,0.3398285225842684,sad,04,12,12,female,normal,1340
70,2.3356666666666666,True,1.0,0.5373605407935871,0.5712729138975301,0.5543167273455586,0.7876677093930036,-0.05287037037037029,-0.04986111111111108,0.33311596744422844,0.24507154069793652,0.19290331746801778,0.7037443845104796,0.033912373103943017,0.0030092592592592116,0.043025169773192824,0.415762167660892,0.12052854489040969,0.11511145745047721,0.0,0.791210975159316,0.6381616299801172,0.2988524978259788,0.2478572985071815,0.34095310920386074,sad,04,12,12,female,normal,1340
80,2.6693333333333333,True,1.0,0.6037323219306693,0.6382531510945849,0.6209927365126271,0.8294912297479656,-0.05560185185185185,-0.052175925925926014,0.3156730577263249,0.2932751350998615,0.19076832253302697,0.7486429201925509,0.034520829163915634,0.0034259259259258323,0.040220768032119804,0.3998165496644797,0.11904160586689662,0.11664850552927852,0.0,0.938766969500142,0.6422122294542816,0.2967358194397107,0.2415932197749948,0.33713203183568463,sad,04,12,12,female,normal,1340
90,3.003,True,1.0,0.6353815127725585,0.6505914301197204,0.6429864714461395,0.7665689803681109,-0.05347222222222231,-0.049907407407407456,0.3072936514168835,0.2607980897131493,0.19202458231349862,0.8387848816128375,0.015209917347161928,0.003564814814814854,0.022809262594202576,0.4306798332757796,0.12111833953136959,0.11449072276309244,0.0,0.8809030081075976,0.6393734100046269,0.30161285934075577,0.24047715078568124,0.33747111659831436,sad,04,12,12,female,normal,1340
100,3.336666666666667,True,1.0,0.5929165373526488,0.6188679841496902,0.6058922607511695,0.7399025533084419,-0.05384259259259255,-0.05055555555555552,0.3124998024831439,0.2575552098696193,0.19341090101756594,0.8188811594742427,0.025951446797041422,0.0032870370370370328,0.02830599041854357,0.4534223930607627,0.12067773909657525,0.11495503928056618,0.0,0.9118427239193903,0.6296610317955307,0.29029428412830927,0.23167315650373094,0.3293606935661405,sad,04,12,12,female,normal,1340
0,0.0,True,1.0,0.598954626749016,0.6100663573267124,0.6045104920378642,0.6286972844188786,-0.05064814814814811,-0.0475000000000001,0.3089697736151451,0.15686823644986364,0.19665351742298975,0.9615287150422943,0.011111730577696433,0.003148148148148011,0.02010910266919677,0.5059097356386032,0.1212668241279139,0.1143334383957207,0.0,0.9252061625471263,0.6295132880808573,0.28578630978004416,0.22768290012917933,0.31905782564845564,sad,04,12,12,female,normal,1341
10,0.33366666666666667,True,1.0,0.2861649052557731,0.26176477932240144,0.27396484228908724,0.6466759077632301,-0.07166666666666671,-0.06833333333333336,0.30816276790754693,0.18343136546441438,0.19526552289985197,0.423650918489753,0.024400125933371652,0.003333333333333355,0.013396552201176066,0.47798674397040425,0.1211364396675547,0.11447157181540596,0.0,0.9999999987499999,0.5840034652923669,0.27771299221917445,0.25021394402658165,0.3098555667254029,sad,04,12,12,female,normal,1341
20,0.6673333333333333,True,1.0,0.612924843019732,0.618867984149691,0.6158964135847116,0.6639517876703436,-0.05625000000000002,-0.053888888888888986,0.32006140734672517,0.20410188462780582,0.19047174398086422,0.9276221933911084,0.005943141129958973,0.002361111111111036,0.01480000014332307,0.5146400043618248,0.11759911182676341,0.11810261075318453,0.0,0.8443322064720739,0.6455890159344988,0.2949061156333848,0.24073639753654605,0.34356096798104996,sad,04,12,12,female,normal,1341
30,1.0010000000000001,True,1.0,0.573398302709074,0.5658069255826542,0.5696026141458641,1.0384393942178822,-0.053796296296296287,-0.05217592592592596,0.3327540966942934,0.32639108273117157,0.18771512723843176,0.548517917672865,0.007591377126419774,0.0016203703703703276,0.017243128020655165,0.2941335977985198,0.11784558900169545,0.11785667109656253,0.0,0.8197223028452367,0.5922922398725116,0.2805515985350877,0.25974070104107244,0.3234461688836082,sad,04,12,12,female,normal,1341
40,1.3346666666666667,True,1.0,0.5018974113371731,0.517222347580537,0.5095598794588551,0.8479584225613038,-0.0539351851851852,-0.05106481481481473,0.3307460017896961,0.23705362825257956,0.19389210073779597,0.6009255476461949,0.01532493624336384,0.0028703703703704675,0.010436022556568758,0.37304113719966847,0.12047229320509752,0.1151703275127346,0.0,0.9080169761271496,0.5898700400316376,0.2811409463879418,0.2587051728876288,0.31820918519177155,sad,04,12,12,female,normal,1341
50,1.6683333333333334,True,1.0,0.19762857989753882,0.20130917940649018,0.19946887965201449,0.7224629858269558,-0.07351851851851848,-0.0703703703703703,0.378306321159579,0.06005697558404942,0.19700276039763306,0.27609563889795075,0.00368059950895136,0.0031481481481481777,0.0370611579184642,0.4221348845832689,0.11660222377828973,0.11908693958363913,0.0,0.7145990551846634,0.6278683790781937,0.2900421977099384,0.242949702295245,0.3299654541841303,sad,04,12,12,female,normal,1341
60,2.0020000000000002,True,1.0,0.6003310796894242,0.666456453537108,0.6333937666132661,0.7965825342385958,-0.05305555555555558,-0.051342592592592606,0.3579652543419075,0.1479427514431448,0.19757007374558055,0.7951389082597551,0.0661253738476838,0.0017129629629629717,0.024060907366968032,0.3971025579535296,0.11984819160660345,0.1158196388283098,0.0,0.8480168558677363,0.6323754074207809,0.2878680298494239,0.23829500186391014,0.32803204029464256,sad,04,12,12,female,normal,1341
70,2.3356666666666666,True,1.0,0.22982787246856878,0.2304193158190085,0.23012359414378863,0.9139283529069328,-0.07148148148148137,-0.06967592592592592,0.29643881415356216,0.3353753999572262,0.19549044748619462,0.2517960991272831,0.0005914433504397298,0.0018055555555554492,0.027247044793673177,0.3759118413207089,0.12074684696575684,0.11488244738724337,0.0,0.8810752100417947,0.6415196520483194,0.2981676339483745,0.2471534884692408,0.33939281795636916,sad,04,12,12,female,normal,1341
80,2.6693333333333333,True,1.0,0.6344202137348731,0.6552062139394854,0.6448132138371793,0.8476526319319974,-0.055416666666666614,-0.053055555555555634,0.31406491343936177,0.28513360621600387,0.1919355634716339,0.7607045498903249,0.020786000204612298,0.0023611111111109806,0.021361228851051392,0.37591184132070754,0.11723636117471542,0.11846270884932553,0.0,0.8177043223693882,0.6432033039231317,0.29868909522630893,0.2425045807716528,0.3381874412148274,sad,04,12,12,female,normal,1341
90,3.003,True,1.0,0.608377024433799,0.6391887364885493,0.6237828804611742,0.7640209736997586,-0.053333333333333344,-0.05166666666666664,0.32222828633078804,0.24587738109551582,0.19195662969373248,0.8164473253142728,0.030811712054750306,0.0016666666666667052,0.0177672664127188,0.4214421086466675,0.11957689883958253,0.11609971159837709,0.0,0.8438439462599621,0.5892432870726415,0.2797953241926519,0.25212773215368567,0.3128015495149169,sad,04,12,12,female,normal,1341
100,3.336666666666667,True,1.0,0.6083770244337988,0.623608259087763,0.6159926417607808,0.6668517435505318,-0.05453703703703694,-0.0509722222222222,0.33857201014590504,0.20300300625064033,0.19202458231349862,0.9237325203365881,0.015231234653964143,0.003564814814814743,0.022403224445020627,0.4814169107019158,0.12183175896920617,0.1137312634067146,0.0,0.9206209328695805,0.5861820200971014,0.27968304699884033,0.25334226258071674,0.31250188465853634,sad,04,12,12,female,normal,1341
0,0.0,True,1.0,0.23671426003531895,0.20909590301346184,0.2229050815243904,0.659790902661518,-0.07097222222222221,-0.06472222222222224,0.30396810644259475,0.23814157427037708,0.1834681159975041,0.3378420051340778,0.02761835702185711,0.006249999999999978,0.014153694637858493,0.47180038547442366,0.1190655664911175,0.11662404831522534,0.0,0.8968461949588649,0.5956048825624,0.28435570743807176,0.24711462241180568,0.3233338973388,sad,04,12,12,female,normal,1342
10,0.33366666666666667,True,1.0,0.44308262004514326,0.4265623673096637,0.43482249367740344,0.6173056067499393,-0.06268518518518523,-0.05643518518518509,0.3062580996008478,0.2538721633405889,0.17861067320152169,0.7043877277685947,0.01652025273547958,0.006250000000000144,0.011206535340874806,0.5155953569678544,0.12119451017342492,0.11441008903698854,0.0,0.8710787109748167,0.5930503009641358,0.28341686215086054,0.24859807648665277,0.32738781356017604,sad,04,12,12,female,normal,1342
20,0.6673333333333333,True,1.0,0.4090469247981471,0.37410584016142173,0.39157638247978444,0.648570130281639,-0.06328703703703714,-0.05652777777777779,0.3105339893264993,0.24294703572742105,0.17932032420492686,0.6037533401511166,0.03494108463672535,0.006759259259259354,0.010672107253020011,0.4909521050102479,0.12009157811326218,0.11556725589669523,0.0,0.8587330144298883,0.594262299357243,0.28371485040591904,0.24723734737115852,0.3250221786833383,sad,04,12,12,female,normal,1342
30,1.0010000000000001,True,1.0,0.5440321410114046,0.5202587473662802,0.5321454441888425,0.7865363772936,-0.0553703703703704,-0.04874999999999996,0.3011606814790282,0.26486503510307485,0.1793917875449851,0.6765681277449702,0.02377339364512443,0.006620370370370443,0.018206625610160877,0.4109188357411095,0.11983851493198637,0.11582965124779454,0.0,0.8090878870482936,0.5961643682082208,0.2833007034313207,0.2481699741715205,0.32601599103942,sad,04,12,12,female,normal,1342
40,1.3346666666666667,True,1.0,0.4652085011087734,0.46980568185289107,0.46750709148083225,0.9807623476295487,-0.05435185185185193,-0.04833333333333334,0.30835397396224296,0.3296170890063759,0.18001417588245403,0.4766772425662266,0.00459718074411769,0.00601851851851859,0.01480386763341574,0.3290115381441933,0.12273592083823352,0.11275491787874892,0.0,0.7870302195921901,0.5924469595416292,0.2836275129215655,0.2577224757560341,0.3294379939548857,sad,04,12,12,female,normal,1342
50,1.6683333333333334,True,1.0,0.6108743342819576,0.5981218087722007,0.6044980715270791,1.0589205160265782,-0.05458333333333332,-0.0501388888888889,0.31078283623863384,0.37929653315501455,0.17933691644693361,0.5708625551947533,0.012752525509756918,0.0044444444444444176,0.012400304139583304,0.2924147138320269,0.12169032622486615,0.11388258107784864,0.0,0.7132531412949839,0.5928010932263531,0.28248504939991326,0.2574601004183217,0.3271234746039123,sad,04,12,12,female,normal,1342
60,2.0020000000000002,True,1.0,0.5547050821900804,0.5332146088366497,0.5439598455133651,1.0292425663178975,-0.054027777777777675,-0.04805555555555552,0.33128190310318084,0.3233808333817772,0.1807599545835244,0.5285050029162461,0.021490473353430684,0.005972222222222157,0.020381438601156508,0.30296846229919167,0.11844356544486388,0.11725570166979614,0.0,0.8534073172066249,0.5922625099883704,0.28405638521098514,0.25557654739865016,0.32594013117461,sad,04,12,12,female,normal,1342
70,2.3356666666666666,True,1.0,0.5850353260452763,0.5821022034029855,0.5835687647241309,0.8824204127908002,-0.051574074074073994,-0.04731481481481481,0.2938865815288093,0.32797409936861,0.1834835015461247,0.6613273630859222,0.002933122642290842,0.004259259259259185,0.01618670310972868,0.3738028123305092,0.12366805264252818,0.11173177938935204,0.0,0.8554709534959504,0.5928517071828733,0.28229711925752704,0.25185036442739483,0.32011947120265255,sad,04,12,12,female,normal,1342
80,2.6693333333333333,True,1.0,0.5733983027090735,0.565806925582653,0.5696026141458632,0.8528342898578284,-0.0507407407407407,-0.04689814814814813,0.3013194665990004,0.3445407931050846,0.18074180452164612,0.6678936587327167,0.007591377126420551,0.003842592592592564,0.021122674611410486,0.3762189165708889,0.12279873911664373,0.1126865007050716,0.0,0.7987537738729473,0.5909761415269233,0.28101882743171624,0.25087805049373824,0.3169881488488496,sad,04,12,12,female,normal,1342
90,3.003,True,1.0,0.5650606179473965,0.5659619338363092,0.5655112758918528,0.7987262406091381,-0.05138888888888893,-0.04777777777777781,0.30802037567330276,0.2925008903415448,0.18285973512150927,0.7080163980346671,0.0009013158889127348,0.0036111111111111205,0.02146853711461719,0.4173311409915881,0.12118332017777486,0.11442194142810429,0.0,0.8062523051642588,0.5908137599883705,0.28053231632006925,0.24662303930480106,0.31573088488613343,sad,04,12,12,female,normal,1342
100,3.336666666666667,True,1.0,0.5640227776479285,0.5712802476822679,0.5676515126650983,0.762861813963,-0.05111111111111111,-0.04671296296296301,0.30691482340690096,0.2747735636541783,0.18359324209445113,0.7441079134846174,0.007257470034339408,0.0043981481481480955,0.015888044796555045,0.424052363990121,0.12364922994815426,0.11175260937952831,0.0,0.767032058353485,0.5921487809576955,0.2782573092444086,0.24922514293665843,0.31622296461356586,sad,04,12,12,female,normal,1342
0,0.0,True,1.0,0.6200951452260716,0.6391887364885507,0.6296419408573111,0.6447761956730265,-0.056111111111111056,-0.04999999999999999,0.31414564429435815,0.23661770875765975,0.18653041488993785,0.9765278946132339,0.019093591262479115,0.006111111111111067,0.036569104302800554,0.48333658804264384,0.12507967232804992,0.11014923213740356,0.0,0.8758544169421904,0.5886174035629876,0.27910944475594635,0.25161946979323474,0.31439585140868515,sad,04,12,12,female,normal,1343
10,0.33366666666666667,True,1.0,0.6187416203111542,0.6507109275600833,0.6347262739356188,0.6233235600023345,-0.054907407407407405,-0.04814814814814816,0.3110217773493007,0.21601030773939744,0.18576239310956727,1.0182934107821011,0.0319693072489291,0.006759259259259243,0.02555988178484311,0.5212984304695628,0.11904534110652071,0.1166446935363583,0.0,0.7390433807721246,0.6464622909007354,0.2940968113022527,0.2377660436042933,0.3431708557097502,sad,04,12,12,female,normal,1343
20,0.6673333333333333,True,1.0,0.5882654889374768,0.587145271099656,0.5877053800185663,0.6257127472514894,-0.05472222222222223,-0.04944444444444446,0.3202797782212216,0.21051546956546707,0.18647968999484862,0.9392574829266712,0.0011202178378207917,0.00527777777777777,0.03505597059321053,0.5110832291547133,0.12122167679813892,0.11438130460790254,0.0,0.8085412951790971,0.5854613648115496,0.2785354300349404,0.2453125080312879,0.3114510458776308,sad,04,12,12,female,normal,1343
30,1.0010000000000001,True,1.0,0.24078697636103058,0.2203862034869464,0.2305865899239885,0.872590066678205,-0.06912037037037033,-0.0643055555555555,0.32998423764359425,0.20094414372133196,0.18994517466716626,0.2642553459286909,0.020400772874084178,0.004814814814814827,0.035893179597728586,0.3715041908398968,0.11985488613422718,0.1156480872804436,0.0,0.9999999987499999,0.5855961891553496,0.2806792584256461,0.26009565920904976,0.3206819185493681,sad,04,12,12,female,normal,1343
40,1.3346666666666667,True,1.0,0.5827750715181973,0.5872773419712612,0.5850262067447293,0.8256100877106478,-0.05134259259259266,-0.0473148148148147,0.3306182510266331,0.2306459813325783,0.1906146876084448,0.7085986659477008,0.00450227045306395,0.004027777777777963,0.02969743088087761,0.37890950199715356,0.12065042505401073,0.1149837062532148,0.0,0.7174647176889902,0.5858405741359044,0.28103816446977015,0.25606631236525274,0.3165327764250541,sad,04,12,12,female,normal,1343
50,1.6683333333333334,True,1.0,0.5430945115327492,0.5598334920493051,0.5514640017910272,0.8844070834502636,-0.05157407407407405,-0.04666666666666669,0.3442839126441465,0.18139068852817689,0.1905698540911311,0.6235409147105049,0.016738980516555868,0.00490740740740736,0.029913204047029504,0.35517305294045165,0.11878396961776926,0.11691084779044826,0.0,0.8507816550957314,0.5866767493325455,0.2820431997811478,0.2605889525988311,0.3270832550459461,sad,04,12,12,female,normal,1343
60,2.0020000000000002,True,1.0,0.5628012241559888,0.5871379373149168,0.5749695807354528,0.776514610278514,-0.05004629629629631,-0.04462962962962963,0.34975928176791077,0.17044535971465913,0.19068791969091642,0.7404491468991515,0.024336713158928047,0.005416666666666681,0.04153058581905876,0.3944582484337446,0.12169550927797373,0.11387704242427343,0.0,0.8044158641844531,0.5833315177946179,0.27834040383093406,0.2501217515949221,0.3025176015648013,sad,04,12,12,female,normal,1343
70,2.3356666666666666,True,1.0,0.5976615436082438,0.6139485894210457,0.6058050665146447,0.8523311995614575,-0.05064814814814822,-0.04597222222222225,0.29146133844969013,0.31384429678480363,0.19004797257361172,0.7107625144149883,0.016287045812801937,0.004675925925925972,0.0508165421560952,0.3879277468005383,0.12260749345668204,0.11289455397846859,0.0,0.8941718785910889,0.5792363454835059,0.27824321655005146,0.2469827167347386,0.30321054649311024,sad,04,12,12,female,normal,1343
80,2.6693333333333333,True,1.0,0.6252572034157254,0.6056649957209592,0.6154610995683423,0.7896198168847949,-0.05175925925925928,-0.045370370370370505,0.3058844392548586,0.2537204639742351,0.18884196976507397,0.7794397840678025,0.019592207694766217,0.006388888888888777,0.05370163994900294,0.4139826774040771,0.11982747801831833,0.11584106906090294,0.0,0.7814433080958486,0.5827941480811074,0.27803746379774397,0.24461606523048643,0.3006970902932826,sad,04,12,12,female,normal,1343
90,3.003,True,1.0,0.5976729535959202,0.6178036135321241,0.6077382835640222,0.7213274367139423,-0.050185185185185166,-0.04449074074074072,0.3129434136729764,0.22229327843914834,0.18941163177568857,0.8425276131636091,0.020130659936203887,0.005694444444444446,0.052639233736626996,0.4557186168174742,0.12323174449787602,0.11221281084544356,0.0,0.73926399075044,0.5805142138730492,0.27722729440054966,0.2491489526658928,0.3041788703897084,sad,04,12,12,female,normal,1343
100,3.336666666666667,True,1.0,0.6018642587637771,0.6390654655516134,0.6204648621576953,0.7478845698137058,-0.0493055555555556,-0.044629629629629575,0.3081817266172291,0.23408105728525685,0.1880266042512335,0.829626505480986,0.03720120678783623,0.004675925925926028,0.042592630251728505,0.43312239739867503,0.12256867554585069,0.11293669706822475,0.0,0.9084517992489638,0.5839170465608119,0.2820512325315472,0.2512808570812945,0.3087202451315968,sad,04,12,12,female,normal,1343
0,0.0,True,1.0,0.6179308046643768,0.609071823863171,0.613501314263774,0.8152542723624951,-0.05555555555555558,-0.051574074074074105,0.30883687605449534,0.26001998980510316,0.19178167016558628,0.7525275672409925,0.00885898080120573,0.003981481481481475,0.012940292883135144,0.3850874066527368,0.12391989374973103,0.1114524010642029,0.0,0.8903603615131508,0.5883056889161915,0.2759237754519354,0.2580948485384833,0.3151097162201139,sad,04,12,12,female,strong,1344
10,0.33366666666666667,True,1.0,0.6074645506016475,0.6217025529744005,0.614583551788024,0.9472974523158829,-0.05472222222222223,-0.051157407407407374,0.30649291261135353,0.2893107687666321,0.19243883260522998,0.6487756831663967,0.014238002372752967,0.003564814814814854,0.01009577749770137,0.3480404992233931,0.11939755607502214,0.1162841406757658,0.0,0.8281760428879764,0.639286674607343,0.2874042721559827,0.2357377047232544,0.33424035203012387,sad,04,12,12,female,strong,1344
20,0.6673333333333333,True,1.0,0.6157860181010774,0.6352279895124059,0.6255070038067416,1.0431619021824745,-0.06,-0.05912037037037032,0.3025700323538491,0.3358724410753184,0.19315669812580724,0.5996260048397791,0.01944197141132853,0.0008796296296296746,0.016182664701502147,0.29743441886745836,0.11823339290394481,0.1174676235038506,0.0,0.8221135207554184,0.5965380859296844,0.2808402315265755,0.2588274256514986,0.32839864089756615,sad,04,12,12,female,strong,1344
30,1.0010000000000001,True,1.0,0.4191928090706688,0.4350807533441271,0.42713678120739795,1.0140346020648479,-0.06726851851851862,-0.07157407407407412,0.333079444008225,0.4006412722675645,0.1917685417661383,0.42122505517822795,0.0158879442734583,0.004305555555555507,0.0009619139339255705,0.32814801173875363,0.11813203431486705,0.1175695548942337,0.0,0.7972376379414501,0.660501829872574,0.29218566721667366,0.2578828692537334,0.3806280723412575,sad,04,12,12,female,strong,1344
40,1.3346666666666667,True,1.0,0.4733099268877438,0.48646584336710114,0.4798878851274225,0.8682463020357629,-0.0639351851851851,-0.06277777777777782,0.34348946052500134,0.2918024119801117,0.19473027126662731,0.5527093913354277,0.013155916479357321,0.0011574074074072738,0.017089114989145202,0.3718892344364296,0.11632400347792513,0.11935871976554115,0.0,0.8642950224585921,0.6545114278914691,0.29728980992677956,0.2635915509417519,0.3699133232834565,sad,04,12,12,female,strong,1344
50,1.6683333333333334,True,1.0,0.3030532341754735,0.26591805966438053,0.284485646919927,1.525373919814885,-0.08143518518518511,-0.07740740740740748,0.3160308257478197,0.5249044625592816,0.19279254467118762,0.18650223609070973,0.03713517451109294,0.00402777777777763,0.03592318899091838,0.22106364475493945,0.11905803110913477,0.11663174095418048,0.0,0.7371413428132576,0.588921372392707,0.2780010800665208,0.2621330796959905,0.33032337295909164,sad,04,12,12,female,strong,1344
60,2.0020000000000002,True,1.0,0.510672797315137,0.5272525572975705,0.5189626773063538,0.4947425095983398,-0.059537037037036944,-0.05509259259259258,0.3529641873225062,0.175614016904577,0.1967665062195166,1.048955097324621,0.01657975998243344,0.004444444444444362,0.05839917293487109,0.5961238871272533,0.11907715021129732,0.11661222091684761,0.0,0.6592457853300665,0.6355900769682874,0.2959694691691327,0.2545993853522428,0.34517028924490906,sad,04,12,12,female,strong,1344
70,2.3356666666666666,True,1.0,0.48018011214330125,0.5081519287156341,0.49416602042946767,0.7619584353793372,-0.0587037037037037,-0.05425925925925934,0.37192714381726544,0.18248106821481874,0.1955641944980746,0.6485472139742762,0.02797181657233283,0.004444444444444362,0.04111332381647258,0.3891704876283088,0.12121007459436883,0.11439359941214396,0.0,0.7371019363940875,0.5884244600730918,0.2797620538714404,0.2732153290583402,0.3328831188147472,sad,04,12,12,female,strong,1344
80,2.6693333333333333,True,1.0,0.5713634544212269,0.574886857781287,0.5731251561012569,1.0195011711478121,-0.05592592592592588,-0.05134259259259266,0.32360043316557235,0.31052661363514567,0.19338762614727917,0.5621623322472501,0.0035234033600600734,0.004583333333333217,0.03435092618618493,0.3161195147499312,0.11934038198760927,0.11634281669551748,0.0,0.7820727338371807,0.5877249505661639,0.27905729112243294,0.2580240020699154,0.3104976322916951,sad,04,12,12,female,strong,1344
90,3.003,True,1.0,0.5733565181967845,0.58179835380401,0.5775774360003972,0.8303903751658044,-0.054814814814814816,-0.05171296296296296,0.3228627609216065,0.21601030773939583,0.19265002891296656,0.6955492901577431,0.008441835607225556,0.0031018518518518556,0.026867621554444478,0.39516164670506804,0.12236461619863295,0.1131577592231893,0.0,0.7102230690013618,0.5894950842837134,0.27939356198244375,0.2565481309678021,0.3090732893967728,sad,04,12,12,female,strong,1344
100,3.336666666666667,True,1.0,0.5713634544212257,0.5924162762648324,0.5818898653430291,0.8181940350688791,-0.0537037037037037,-0.051435185185185195,0.3197158181200532,0.23107331517224222,0.19114832178248242,0.7111881050245534,0.021052821843606684,0.002268518518518503,0.016068555639179156,0.4084939520293307,0.1209539624334572,0.11466436561225823,0.0,0.7606039697159283,0.5898197320412539,0.27832535430919336,0.25575801160154743,0.3090191419914804,sad,04,12,12,female,strong,1344
110,3.6703333333333332,True,1.0,0.5917359935782154,0.5978095971525362,0.5947727953653759,0.766726756874541,-0.0532407407407407,-0.05175925925925923,0.3133396846414556,0.22271424932863165,0.19040764478510802,0.7757298020873663,0.006073603574320852,0.0014814814814814725,0.014925615732127811,0.4208567467540572,0.12026308259320014,0.11538877213396308,0.0,0.8330791239216424,0.5888655026229241,0.2794422773349056,0.25244006514117356,0.30791393462202526,sad,04,12,12,female,strong,1344
0,0.0,True,1.0,0.5686104884719493,0.5655115819017125,0.5670610351868308,0.6537366549160445,-0.06143518518518515,-0.058148148148148115,0.3148172593208816,0.2837350213917984,0.18339324896887868,0.8674150836159785,0.0030989065702368146,0.0032870370370370328,0.003037845444499281,0.4763904921521901,0.12337902503520749,0.11205085430824695,0.0,0.6978236773591341,0.5914349215154813,0.27984174808586,0.25948255097808715,0.34529298663950947,sad,04,12,12,female,strong,1345
10,0.33366666666666667,True,1.0,0.547677342833152,0.5302144249512674,0.5389458838922097,0.7728087111141331,-0.060787037037037084,-0.05740740740740735,0.31588130470363246,0.3605314167174453,0.18133248392541945,0.6973858810613418,0.017462917881884588,0.0033796296296297323,0.011038617381576224,0.3899186271609706,0.11419236094647611,0.12139968068519824,0.0,0.9999999987499999,0.6563782224530437,0.29634890846780265,0.2426554027956469,0.36409656220364933,sad,04,12,12,female,strong,1345
20,0.6673333333333333,True,1.0,0.5426425345262471,0.5557124546348488,0.5491774945805479,1.222998344181941,-0.07037037037037053,-0.06967592592592592,0.2947436036542603,0.538408451701685,0.1868643578713441,0.4490418954310937,0.01306992010860164,0.0006944444444446085,0.006416190348531281,0.2702719066880994,0.11439763464876876,0.12120626615736074,0.0,0.8545648261717271,0.6607810039093763,0.30006420008550827,0.25176778680122597,0.3764704429224215,sad,04,12,12,female,strong,1345
30,1.0010000000000001,True,1.0,0.47847977768662564,0.48628911810933434,0.48238444789797996,0.995376327432925,-0.06861111111111107,-0.06990740740740742,0.357652592026821,0.3809101135531483,0.1924626186247637,0.48462519612260535,0.007809340422708699,0.001296296296296351,0.007725713309145812,0.32657985942504264,0.115899349447368,0.11977110906496394,0.0,0.8762289271409783,0.6033337163380977,0.28363155348037566,0.2706780239618861,0.3469693980336873,sad,04,12,12,female,strong,1345
40,1.3346666666666667,True,1.0,0.21413347164815053,0.20366046827507128,0.2088969699616109,0.7525521784213963,-0.07569444444444434,-0.07194444444444448,0.3865302810345787,0.1547866506337411,0.19821865666655705,0.27758469904346983,0.010473003373079243,0.0037499999999998646,0.02686380558596374,0.3986029756614387,0.11650715531514638,0.1191799501991681,0.0,0.7935781390385683,0.5924437731889631,0.28437335329200203,0.2710252954260353,0.3366089295813624,sad,04,12,12,female,strong,1345
50,1.6683333333333334,True,1.0,0.43880842917885843,0.4565185962587749,0.44766351271881666,1.0810882990837134,-0.05949074074074079,-0.05500000000000016,0.3378911910950224,0.26147494941688254,0.19856360993038252,0.41408598455670836,0.01771016707991646,0.004490740740740629,0.0380809004759327,0.2926367146935462,0.11644074229603155,0.11924483763660487,0.0,0.691057517264447,0.6273078953534539,0.2938699055590332,0.25182264713876323,0.34096255411480236,sad,04,12,12,female,strong,1345
60,2.0020000000000002,True,1.0,0.2638070686374551,0.24122477198279121,0.25251592031012315,1.0012164165738842,-0.07444444444444442,-0.06953703703703701,0.3584449067021564,0.16644533752082963,0.20004528145287162,0.25220912894558883,0.022582296654663908,0.004907407407407416,0.045927211880680135,0.32586007069599515,0.11825229628148388,0.11744859383482129,0.0,0.6780337327362136,0.6268681218112245,0.29324733867081826,0.2531294007323487,0.3405138702436632,sad,04,12,12,female,strong,1345
70,2.3356666666666666,True,1.0,0.4831511923242036,0.49899965942650587,0.49107542587535474,0.687406859377351,-0.048055555555555685,-0.04379629629629617,0.37553477637307636,0.10383197054766391,0.19562775964685905,0.7143883119236952,0.015848467102302255,0.004259259259259518,0.04993425469497441,0.44733721784809377,0.11841722998539192,0.11728229794796435,0.0,0.8719131344633227,0.5800493374068377,0.27650761679013075,0.2500999926156786,0.29422555124435773,sad,04,12,12,female,strong,1345
80,2.6693333333333333,True,1.0,0.5051877585921025,0.5413507372366301,0.5232692479143664,0.9294283591279174,-0.049861111111111245,-0.04601851851851868,0.34021110062050985,0.1703828543493658,0.19461790552359415,0.563001163860924,0.036162978644527555,0.003842592592592564,0.05347138385383465,0.35556749209582444,0.12110778793163526,0.11450188414306801,0.0,0.7991609213433593,0.5756024689719639,0.2744792912435068,0.2487935192888711,0.287507978589999,sad,04,12,12,female,strong,1345
90,3.003,True,1.0,0.5477087988303265,0.5807479370045298,0.5642283679174281,0.8089335814975578,-0.053101851851851845,-0.048240740740740806,0.3447560495964925,0.15322300379970688,0.195795010664038,0.6974965322528541,0.03303913817420323,0.004861111111111038,0.04795538244810154,0.3941356129709581,0.12330311339287163,0.11213438365529001,0.0,0.7225587567232129,0.5753689431319403,0.27213980519028824,0.2520135931928526,0.292334316591958,sad,04,12,12,female,strong,1345
100,3.336666666666667,True,1.0,0.5485245381106387,0.5332052218753421,0.5408648799929905,0.7135307258392622,-0.05291666666666678,-0.04907407407407416,0.33551240790729964,0.140746031818365,0.1949808575157425,0.7580120384540128,0.015319316235296587,0.0038425925925926196,0.04321522922953885,0.44065346033695413,0.12024918941604164,0.11540325045010641,0.0,0.7302313986172224,0.5776878822232018,0.2745390021402298,0.24260186247658178,0.29028762094751165,sad,04,12,12,female,strong,1345
110,3.6703333333333332,True,1.0,0.5536944757118085,0.5653613004615051,0.5595278880866568,0.7024218769462338,-0.05342592592592593,-0.04981481481481492,0.3279290078126086,0.12515218720307045,0.19431777945947842,0.7965695637487744,0.011666824749696603,0.0036111111111110095,0.04282939502935302,0.4510989144001866,0.12164919431427068,0.11392651707388632,0.0,0.6762798849447802,0.5843391026332408,0.2781949178837175,0.24481622950081527,0.2924802618424658,sad,04,12,12,female,strong,1345
0,0.0,True,1.0,0.6446847668723974,0.6522393198339869,0.6484620433531921,0.6724069168987802,-0.053379629629629666,-0.05087962962962961,0.30732097881500836,0.22980745968311303,0.1890055825791123,0.9643893110796292,0.007554552961589467,0.0025000000000000577,0.013803523849865235,0.4797452839754217,0.12314680196884636,0.11230602359063743,0.0,0.7578748650844623,0.5866311842940302,0.27689961612525327,0.253253821981274,0.3094415204847596,sad,04,12,12,female,strong,1346
10,0.33366666666666667,True,1.0,0.661986374704086,0.648480727012784,0.655233550858435,0.7077288391492053,-0.05305555555555558,-0.049814814814814756,0.30840138289653124,0.22980745968311303,0.18763178962148844,0.92582570415828,0.013505647691301914,0.0032407407407408217,0.011146009258546533,0.43840555449642254,0.11955677546274747,0.11612043407779069,0.0,0.7016437750314176,0.5868326374143408,0.2765547109754217,0.25109019568110635,0.3112769697320627,sad,04,12,12,female,strong,1346
20,0.6673333333333333,True,1.0,0.6709332516261465,0.6795841829238859,0.6752587172750162,0.6710452643271225,-0.05333333333333329,-0.0499074074074074,0.3107828362386336,0.23816293942291683,0.18693783475525297,1.0062789399938894,0.008650931297739417,0.003425925925925888,0.011581402927463348,0.4651647872390336,0.12315651418982754,0.1122953729352091,0.0,0.7140087983319687,0.5869794355320254,0.27438522323976794,0.25400989228127996,0.3084660229101096,sad,04,12,12,female,strong,1346
30,1.0010000000000001,True,1.0,0.4977733673978144,0.5170720661403289,0.5074227167690717,1.1537478275544255,-0.05574074074074076,-0.05226851851851849,0.2938726481701061,0.3905284785429883,0.19052821352148874,0.4398038329091763,0.019298698742514442,0.0034722222222222654,0.02546932225420319,0.29057898266257814,0.11989267355520447,0.11577359196863726,0.0,0.9121401132849757,0.6432280091020784,0.2918216227897731,0.25201529155269203,0.35546403219284334,sad,04,12,12,female,strong,1346
40,1.3346666666666667,True,1.0,0.17480551875869677,0.16727394311527347,0.1710397309369851,0.8917174650109512,-0.06370370370370365,-0.06194444444444458,0.34947843759589736,0.24670267127955167,0.19185922873339611,0.19180933159684674,0.0075315756434232994,0.0017592592592590717,0.014534670440623638,0.35321157154988125,0.11800922408500197,0.11769282391063746,0.0,0.8215453697757625,0.5930036665134804,0.27617061706813606,0.26684738549402554,0.3236206651048681,sad,04,12,12,female,strong,1346
50,1.6683333333333334,True,1.0,0.18545345043074246,0.19424822688738447,0.18985083865906346,0.8359891205330143,-0.06703703703703695,-0.0641666666666667,0.44872325235842064,0.11219823617870268,0.18935523216230785,0.22709725999546188,0.008794776456642006,0.0028703703703702454,0.035211142363794655,0.3634535947828799,0.12135555130241722,0.11423925742926859,0.0,0.6969886420954995,0.6429593099427272,0.29535877502247976,0.2717534726227224,0.3789679494262494,sad,04,12,12,female,strong,1346
60,2.0020000000000002,True,1.0,0.4402421803928649,0.46964515472374224,0.45494366755830357,0.9358697585967773,-0.05717592592592596,-0.05291666666666667,0.34253493607094865,0.24585092976728726,0.19071392431844095,0.48611856872096837,0.02940297433087735,0.004259259259259296,0.023893539285412588,0.35183537243739027,0.11811007360880718,0.11759161654521512,0.0,0.7061410168896998,0.6429931978260054,0.29789325058971927,0.25424799611897475,0.3471744671361201,sad,04,12,12,female,strong,1346
70,2.3356666666666666,True,1.0,0.4994206242260542,0.5020162538586079,0.500718439042331,0.7013825589090945,-0.0526388888888889,-0.04777777777777775,0.37505516160802643,0.17861647559777788,0.18796978906612227,0.7139020391683687,0.00259562963255372,0.004861111111111149,0.03068158909587131,0.4310708797567594,0.11628232494046394,0.11939932443588616,0.0,0.7308500854239786,0.6439326089654612,0.2983951244357987,0.2533249429307993,0.34804363627595014,sad,04,12,12,female,strong,1346
80,2.6693333333333333,True,1.0,0.5644499060556034,0.5976676604878767,0.58105878327174,0.9814514190558814,-0.050370370370370454,-0.046574074074074046,0.3235851173545465,0.23189638550429825,0.18884196976507392,0.5920402905226794,0.03321775443227326,0.0037962962962964086,0.034844514553451646,0.3364632589047024,0.1230580312294007,0.11240328607235711,0.0,0.7498095530033329,0.5882022602947429,0.2788202658083789,0.25709913981910837,0.3087843085579706,sad,04,12,12,female,strong,1346
90,3.003,True,1.0,0.5644499060556055,0.5474945214150038,0.5559722137353047,0.8639374679413216,-0.051203703703703696,-0.04708333333333331,0.31983485956814495,0.24152069949400135,0.18600988466164986,0.6435329342297562,0.016955384640601756,0.004120370370370385,0.044994181518269234,0.37304113719966986,0.12349053677562344,0.11192794600449278,0.0,0.7209987997959971,0.584058349277211,0.277984393432487,0.2532989442692738,0.30654840538547284,sad,04,12,12,female,strong,1346
100,3.336666666666667,True,1.0,0.5441516088737727,0.564619986392627,0.5543857976331998,0.7777574673639274,-0.05101851851851852,-0.04726851851851854,0.3316466489848024,0.21078057358867752,0.18541520872586661,0.7128003534471914,0.02046837751885433,0.0037499999999999756,0.045309223798308956,0.4167951175336946,0.12194737515578834,0.11360728613208805,0.0,0.8429763242248096,0.5841531755123924,0.2781264080832516,0.24734124999289642,0.30314625932046807,sad,04,12,12,female,strong,1346
110,3.6703333333333332,True,1.0,0.5527976004477575,0.542351352262396,0.5475744763550767,0.7011058783795137,-0.0499074074074074,-0.046342592592592546,0.323206966955305,0.1876605651682051,0.18396520674505748,0.7810153833265547,0.01044624818536155,0.003564814814814854,0.03516371519588525,0.4545790741968062,0.12409990661251602,0.11125192559547363,0.0,0.8643588133864025,0.5874975027120223,0.2778561435162091,0.2486161002347244,0.3075399622231511,sad,04,12,12,female,strong,1346
0,0.0,True,1.0,0.625082761087437,0.6452943177820195,0.6351885394347283,0.5918853664377438,-0.05106481481481473,-0.04712962962962963,0.30698597343449047,0.15648291902482409,0.19725355397916722,1.073161418498322,0.020211556694582522,0.003935185185185097,0.014490757527746496,0.5320148422350488,0.12441442517989838,0.11090008375599635,0.0,0.7849021050108029,0.6304742124427897,0.28274202838026663,0.2323028236904738,0.3193044217444017,sad,04,12,12,female,strong,1347
10,0.33366666666666667,True,1.0,0.6250827610874375,0.6345658631504063,0.629824312118922,0.6197379729839493,-0.05134259259259255,-0.04694444444444451,0.3086736447612487,0.16336258807406623,0.19795521143305866,1.0162751672072126,0.009483102062968762,0.00439814814814804,0.011496465224257143,0.5025251644237178,0.12026344756189115,0.11538839174677834,0.0,0.8986690339593727,0.6313143059567577,0.28346247192248125,0.22690490287824167,0.31920126589299375,sad,04,12,12,female,strong,1347
20,0.6673333333333333,True,1.0,0.5235300380728501,0.5395676162678801,0.5315488271703651,1.3033333354046095,-0.07152777777777786,-0.07236111111111115,0.2894090060754969,0.5608836061807853,0.19251969308138647,0.4078379741628798,0.016037578195029933,0.0008333333333332971,0.017137661240311214,0.2658580785236559,0.11259202021903165,0.12288537240760923,0.0,0.9999999987499999,0.6584828747045695,0.298418404544854,0.2564505829774651,0.3779028669185798,sad,04,12,12,female,strong,1347
30,1.0010000000000001,True,1.0,0.20902337244905075,0.20561829956109,0.2073208360050704,0.9669285580072152,-0.08023148148148151,-0.0789814814814816,0.35147383576935676,0.2658002481581462,0.20705096229385256,0.2144117414758613,0.0034050728879607417,0.0012499999999999178,0.009640005395430586,0.32841814149532006,0.11521787400700684,0.12042682125722477,0.0,0.8347560238107555,0.6001593379383003,0.2833587583310947,0.2749144046608586,0.33624989237480374,sad,04,12,12,female,strong,1347
40,1.3346666666666667,True,1.0,0.12813282482519708,0.12583841133858126,0.12698561808188918,0.7950151110451544,-0.06763888888888892,-0.06254629629629621,0.38827384284460964,0.20232161477459096,0.19338762614727917,0.15972730117663989,0.002294413486615826,0.005092592592592704,0.016796725623034803,0.396390222151931,0.11557869566053562,0.12008056828012238,0.0,0.9233842283965344,0.6414987208242673,0.29143086999894036,0.2627898545890643,0.35615685662659985,sad,04,12,12,female,strong,1347
50,1.6683333333333334,True,1.0,0.45058188310038527,0.4232474244859375,0.4369146537931614,0.9550856691532557,-0.06300925925925932,-0.06152777777777774,0.4027945327097405,0.32235053608046405,0.1859491709689177,0.45746121830151015,0.027334458614447776,0.0014814814814815835,0.02945200832658491,0.3291676269164917,0.11451498322885244,0.12109540199914785,0.0,0.698179902797403,0.6498598448285564,0.2973316294929457,0.2688400127606534,0.38539645678421947,sad,04,12,12,female,strong,1347
60,2.0020000000000002,True,1.0,0.5002973721717701,0.48443616750296165,0.4923667698373658,0.8139133515443132,-0.06398148148148153,-0.06074074074074076,0.3201444053497338,0.29510247250487487,0.19112432784083735,0.6049375758527031,0.015861204668808415,0.0032407407407407662,0.0558407475051153,0.3820660889695018,0.11643497818819037,0.1192504659261661,0.0,0.6741335511208335,0.6462657696906887,0.29715058726834237,0.25591395022631475,0.35567253853566616,sad,04,12,12,female,strong,1347
70,2.3356666666666666,True,1.0,0.22600270183878407,0.218974419399966,0.22248856061937505,0.7048031106429131,-0.06768518518518513,-0.06467592592592586,0.39440375669465083,0.18953078830673564,0.19523737463360924,0.3156747710951837,0.007028282438818062,0.003009259259259267,0.048668992151305907,0.4481902265984078,0.11504143893986775,0.12043729135171198,0.0,0.8729005767291556,0.6442308298788264,0.2996987009460342,0.26337203055730907,0.3613427904356308,sad,04,12,12,female,strong,1347
80,2.6693333333333333,True,1.0,0.6041497028714522,0.6314908632704158,0.6178202830709341,1.4420358632473036,-0.056712962962962965,-0.05162037037037037,0.2920798187269271,0.49760306717946967,0.19196838121695023,0.4284361428291193,0.027341160398963615,0.005092592592592593,0.05592893273861922,0.224936448652673,0.11947578247995012,0.11620376573196664,0.0,0.8433083619892632,0.5797519784241821,0.2795518665756174,0.2560560701640474,0.3137412586003471,sad,04,12,12,female,strong,1347
90,3.003,True,1.0,0.5428772191501271,0.5602442119785638,0.5515607155643454,0.949225122799973,-0.05564814814814806,-0.04990740740740729,0.3165137372866981,0.2829824191833044,0.18989597697750604,0.5810641778394796,0.017366992828436678,0.0057407407407407685,0.0588239589264187,0.3473381846734452,0.12384579964847203,0.11153472858004826,0.0,0.7212410296138467,0.5802124511835985,0.2786044936988487,0.26103904936740807,0.31194892912389816,sad,04,12,12,female,strong,1347
100,3.336666666666667,True,1.0,0.5658131253336388,0.6045267252343008,0.5851699252839698,0.9352886037473057,-0.05675925925925923,-0.05060185185185195,0.3173083804010308,0.27591269485452524,0.19119935987353456,0.6256570677109092,0.03871359990066203,0.006157407407407278,0.04979930364912417,0.3498302078629246,0.12106168919972579,0.11455062277341138,0.0,0.8247595951276341,0.5805741032115972,0.27793883500165956,0.25549566017909786,0.3101080164336557,sad,04,12,12,female,strong,1347
110,3.6703333333333332,True,1.0,0.5592826632631841,0.5714954682073367,0.5653890657352604,0.8746001521955997,-0.05513888888888885,-0.05217592592592596,0.3194609117124831,0.26132381873856503,0.18963424626223144,0.6464543418108325,0.012212804944152555,0.0029629629629628895,0.040583894868840883,0.3721267600736884,0.11950437564015062,0.11617436021903965,0.0,0.716049164389302,0.5809468121545492,0.2780388161128655,0.25129827191131593,0.30944603690439054,sad,04,12,12,female,strong,1347
0,0.0,True,1.0,0.5791985251129343,0.5958869223254637,0.587542723719199,0.6452007836284158,-0.052638888888888735,-0.04907407407407405,0.31704649242463195,0.2091576485998162,0.1828059049670385,0.9106354775563583,0.01668839721252935,0.0035648148148146874,0.006128553300790112,0.47798674397040214,0.12058605173915457,0.11505121422838745,0.0,0.6992337084561636,0.6000900989301972,0.2774696311973016,0.24889289589130384,0.32268084186966434,angry,05,12,12,female,normal,1348
10,0.33366666666666667,True,1.0,0.578134717882944,0.5900120829087206,0.5840734003958323,0.6417301535540231,-0.051342592592592495,-0.04865740740740748,0.3082419654399309,0.18707996943605187,0.18351676318766286,0.910154209150253,0.011877365025776632,0.002685185185185013,0.005352464115590985,0.47180038547442366,0.12134271037859555,0.1142528967139941,0.0,0.7077280427331905,0.5974544120929622,0.27704917489956427,0.24964323373595565,0.32259231757046863,angry,05,12,12,female,normal,1348
20,0.6673333333333333,True,1.0,0.572139863874699,0.590468792145421,0.58130432801006,0.6351786940616589,-0.05194444444444429,-0.048472222222222194,0.31055553250979046,0.18523784177338004,0.1820655891830967,0.9151823470225386,0.018328928270722078,0.003472222222222099,0.0023149131534419888,0.4719730901542892,0.11913434835553484,0.11655378505785545,0.0,0.8574555989219846,0.6447102831992172,0.29503778656006013,0.23771628878544404,0.34751840586855265,angry,05,12,12,female,normal,1348
30,1.0010000000000001,True,1.0,0.5662855803022945,0.5577519368021353,0.562018758552215,0.9194722195280817,-0.05087962962962972,-0.04643518518518519,0.33659655101992403,0.27417516040236906,0.1792756451513826,0.6112406080530314,0.008533643500159172,0.004444444444444529,0.00428501534173035,0.3453274834500455,0.11838011848675384,0.11731975671783401,0.0,0.8444939510089485,0.6521752653874049,0.29047605695624373,0.2446472682045183,0.3536155072712407,angry,05,12,12,female,normal,1348
40,1.3346666666666667,True,1.0,0.6986478729443956,0.6637647534003486,0.681206313172372,1.0375002579744563,-0.05189814814814814,-0.05203703703703705,0.3226818909229224,0.4183468782155063,0.17639061901081732,0.6565842349787093,0.03488311954404699,0.0001388888888889106,0.016161218070684366,0.2998292985777743,0.1204372172560181,0.11520700703147288,0.0,0.8213757583500761,0.5928195686712184,0.2792996707019392,0.26699984020488426,0.3473917368780848,angry,05,12,12,female,normal,1348
50,1.6683333333333334,True,1.0,0.6948245478062733,0.67198877447852,0.6834066611423967,1.477905622093191,-0.04851851851851863,-0.04893518518518519,0.28555667561403986,0.558936951350048,0.17781253580877124,0.46241563123257656,0.022835773327753328,0.00041666666666656527,0.013547350977230203,0.2178546584942525,0.11870601232320681,0.11682703651153419,0.0,0.9999999987499999,0.5972894766344039,0.27871475452423666,0.2722959658214555,0.3456501735101927,angry,05,12,12,female,normal,1348
60,2.0020000000000002,True,1.0,0.6937542372704635,0.6743184881014146,0.684036362685939,0.8634920634920645,-0.04768518518518522,-0.04699074074074072,0.3197417587442505,0.16931216931217005,0.18752603985846872,0.7921744641399652,0.019435749169048888,0.0006944444444444975,0.0144766241253461,0.34247353526482177,0.11874336404654821,0.11695208960956595,0.0,0.9282630803550341,0.5941233159513806,0.27697009728817523,0.25372960318702414,0.3143922484735324,angry,05,12,12,female,normal,1348
70,2.3356666666666666,True,1.0,0.6394844204488334,0.6380052741108083,0.6387448472798208,0.5197094374118082,-0.042870370370370336,-0.04324074074074069,0.3226707108863612,0.08381030680289532,0.18895713720099233,1.2290422326383332,0.0014791463380250391,0.00037037037037035425,0.014214924696850343,0.4908993932875876,0.12287941527536791,0.112598521620002,0.0,0.8275757168779879,0.5879799413124625,0.27290164729655314,0.2533497811559711,0.31421117138168636,angry,05,12,12,female,normal,1348
80,2.6693333333333333,True,1.0,0.6252214435188448,0.5983399458668194,0.6117806946928321,0.8291876715000404,-0.04236111111111113,-0.04277777777777764,0.36247242063414314,0.15540214767252197,0.18896803849392496,0.7378072729736701,0.02688149765202541,0.00041666666666650976,0.01063208392219621,0.35321157154988003,0.1204839354254821,0.11515814809929383,0.0,0.8839453473842802,0.5881052348673844,0.27546535428468344,0.262399311783444,0.3254089065686812,angry,05,12,12,female,normal,1348
90,3.003,True,1.0,0.7096296386419582,0.6925151472850101,0.7010723929634841,0.8505220981161372,-0.04504629629629636,-0.04569444444444437,0.2882028502342728,0.3023842342623884,0.18897974658960054,0.824284747587774,0.01711449135694809,0.0006481481481480089,0.0098392029228845,0.38746973010970676,0.12057990066130114,0.11505766087426737,0.0,0.8921482142617291,0.5845565908472765,0.2770710652962357,0.25147294898618705,0.3134552944299117,angry,05,12,12,female,normal,1348
100,3.336666666666667,True,1.0,0.7370780606519229,0.7170697821603637,0.7270739214061432,0.8000624975587846,-0.04444444444444445,-0.04444444444444445,0.30412403951528555,0.17777777777777715,0.18968632733483395,0.9087714067646591,0.020008278491559284,0.0,0.016289146324222833,0.38746973010970676,0.12234627420334415,0.11317759035325338,0.0,0.7833724064059412,0.5878505736357043,0.2757665487427926,0.2521496224432412,0.31114105492975763,angry,05,12,12,female,normal,1348
110,3.6703333333333332,True,1.0,0.7255492104840768,0.7233895869424496,0.7244693987132632,0.7995572580332946,-0.04370370370370369,-0.04486111111111113,0.3044274728228256,0.19543206220797602,0.18901971014220054,0.9060882024825486,0.0021596235416272425,0.0011574074074074403,0.012224713228718204,0.38746973010970676,0.12164266296259388,0.11393349076092484,0.0,0.7519493040967236,0.5856006851803222,0.27673104448549146,0.24903975751139704,0.31177758657388127,angry,05,12,12,female,normal,1348
120,4.0040000000000004,True,1.0,0.7101585340226443,0.6817719841984112,0.6959652591105278,0.7817921263108661,-0.04328703703703707,-0.04328703703703701,0.3040674402060043,0.17766551109816014,0.18976072179864673,0.8902177902387689,0.028386549824233054,5.551115123125783e-17,0.015910901524452202,0.40905748371470235,0.12027261753912519,0.11537883358584335,0.0,0.8538009974214209,0.5848059454797544,0.27787940260901833,0.24821193762575966,0.31297864162808997,angry,05,12,12,female,normal,1348
0,0.0,True,1.0,0.6021093321101841,0.6147646463298453,0.6084369892200148,0.6519014926796156,-0.05023148148148149,-0.04736111111111124,0.3101212012923966,0.15840596884936092,0.19185922873339611,0.9333265777917739,0.012655314219661151,0.0028703703703702454,0.0021087608900600846,0.47771105442854916,0.12425012638962578,0.11108412965979973,0.0,0.701804631702802,0.5980206924879327,0.28118535699003844,0.23788918950410443,0.3011082841638935,angry,05,12,12,female,normal,1349
10,0.33366666666666667,True,1.0,0.6440816684163833,0.6311589938142045,0.6376203311152939,0.6357985319198726,-0.04847222222222225,-0.04518518518518522,0.3083406981629826,0.14995444334035404,0.19116548380802514,1.0028653718182081,0.012922674602178774,0.0032870370370370328,0.005422812624624018,0.48701581416013096,0.12062650209038464,0.11500880297970063,0.0,0.931374990129023,0.598160182307298,0.2816800225118811,0.23470147666856422,0.3004212374237281,angry,05,12,12,female,normal,1349
20,0.6673333333333333,True,1.0,0.5968531206636355,0.6259287230845492,0.6113909218740923,0.651901492679617,-0.0469444444444444,-0.044907407407407396,0.31049144665446893,0.1408053056438764,0.19247569968256215,0.9378578339512501,0.02907560242091367,0.002037037037037004,0.00012580962343710777,0.46275119070081483,0.12335306022830178,0.11207943746375648,0.0,0.7795066531449018,0.5961142222748474,0.2797820325354081,0.2390886724946205,0.3017153684257411,angry,05,12,12,female,normal,1349
30,1.0010000000000001,True,1.0,0.6022439426045354,0.619803216317947,0.6110235794612412,0.9456071781868717,-0.04421296296296279,-0.0430092592592593,0.3733689521662722,0.2182088705451519,0.19102974196900294,0.6461706230200488,0.017559273713411594,0.0012037037037034848,0.0011232424154011525,0.33748736318202827,0.12081494868317734,0.11481082677228586,0.0,0.827939290294324,0.5981545681006778,0.2792275547222186,0.26609670538974306,0.34816727941456643,angry,05,12,12,female,normal,1349
40,1.3346666666666667,True,1.0,0.6785193512640961,0.6716939103491486,0.6751066308066224,0.8344294923803581,-0.0476388888888889,-0.04893518518518514,0.3030215776598097,0.23965939312267914,0.1868255667542865,0.8090637219458303,0.006825440914947523,0.0012962962962962399,0.013274964607714514,0.3829512983599646,0.11854138399785884,0.1168311180885581,0.0,0.722950748623164,0.5954554914465787,0.27528915045318186,0.25210201140325317,0.3145076748391428,angry,05,12,12,female,normal,1349
50,1.6683333333333334,True,1.0,0.7063356499419012,0.6830321636165306,0.6946839067792159,1.3437735004147005,-0.0474074074074074,-0.0475462962962962,0.28952358720252075,0.44786983186438145,0.18541831255121555,0.5169650291249457,0.023303486325370604,0.00013888888888879958,0.007734815387347972,0.2499694880086741,0.12216596428506782,0.11337219650380478,0.0,0.712899171834945,0.6465705777701706,0.2912529895510843,0.25337990263070054,0.35337991732925217,angry,05,12,12,female,normal,1349
60,2.0020000000000002,True,1.0,0.6564174126708329,0.6630221178979423,0.6597197652843876,0.710259241337704,-0.04537037037037034,-0.04578703703703707,0.3215101185865595,0.14373005194656535,0.18750162759710254,0.9288436205938971,0.006604705227109431,0.0004166666666667318,0.0031957128574257817,0.4158234302272105,0.12101192270257193,0.1146031951269755,0.0,0.6825259921581949,0.5885332702143358,0.27725318342535943,0.25047606098980724,0.3164653562463043,angry,05,12,12,female,normal,1349
70,2.3356666666666666,True,1.0,0.6011375349742303,0.632179875057517,0.6166587050158736,0.768768768768769,-0.04624999999999996,-0.04662037037037037,0.3403642968080998,0.16016016016016096,0.187579735650103,0.8021380811339291,0.031042340083286768,0.00037037037037040976,0.005113823028431175,0.38727951066295785,0.11939822671900915,0.11628345207077949,0.0,0.901558678955775,0.5908961648643832,0.27719561102776674,0.250136802268901,0.3154228867863326,angry,05,12,12,female,normal,1349
80,2.6693333333333333,True,1.0,0.6840684612405906,0.6577501090688345,0.6709092851547125,0.8332964202286088,-0.04652777777777789,-0.04509259259259252,0.2997790301947143,0.24453610209476676,0.19108764366354108,0.8051268058617765,0.026318352171756154,0.0014351851851853725,0.007618542432094569,0.3912750951659053,0.12241652544937501,0.11310160063710192,0.0,0.7655096404150965,0.5868478911486471,0.2765958172473235,0.24950953967751655,0.31335547964627286,angry,05,12,12,female,normal,1349
90,3.003,True,1.0,0.682779098451578,0.6670885772010466,0.6749338378263123,0.8000624975587846,-0.04379629629629628,-0.04407407407407404,0.3052650114553994,0.17777777777777715,0.1890503835011424,0.8436013934982893,0.015690521250531386,0.0002777777777777657,0.010289721535914443,0.37497070655777964,0.122174936834524,0.11336252722576903,0.0,0.7880672641393422,0.588155038999975,0.27708734489486475,0.2497700460297918,0.31049727440094055,angry,05,12,12,female,normal,1349
100,3.336666666666667,True,1.0,0.6944756828412462,0.6725980317570532,0.6835368572991497,0.7541548068520394,-0.04435185185185181,-0.04476851851851854,0.30401024756562006,0.15261288168590909,0.18839055565185742,0.9063614672859275,0.02187765108419293,0.0004166666666667318,0.011384799711022998,0.41514134143270276,0.12019438062583183,0.11546033360095315,0.0,0.8555619898212291,0.5879766093390482,0.2769998861812224,0.24656437190834948,0.3091257675898052,angry,05,12,12,female,normal,1349
110,3.6703333333333332,True,1.0,0.706162008690727,0.692633593730276,0.6993978012105015,0.7462620656093804,-0.04444444444444429,-0.04430555555555554,0.30524222736208895,0.14213240887852802,0.1911319565555269,0.937201331062419,0.013528414960450985,0.00013888888888874407,0.01423970227904925,0.41514134143270276,0.12336817850849748,0.11206279624051152,0.0,0.8422757578066395,0.5892702388611695,0.2755026395845321,0.2503673973881247,0.30793381875062725,angry,05,12,12,female,normal,1349
0,0.0,True,1.0,0.27887867728358545,0.27098217173260086,0.27493042450809313,0.6547495792386934,-0.06999999999999995,-0.0666666666666666,0.30280800322708856,0.17269683491636387,0.19386376763178476,0.4199016436601105,0.00789650555098459,0.003333333333333355,0.011289333558222071,0.47180038547442477,0.12045859343042963,0.1151846562614947,0.0,0.8904146261530164,0.5983539373640081,0.2803260059392862,0.24704783184993317,0.3197615203088203,angry,05,12,12,female,normal,1350
10,0.33366666666666667,True,1.0,0.6272852637474496,0.6484807270127854,0.6378829953801175,0.6773479611016735,-0.055833333333333346,-0.0524074074074074,0.3089513740394228,0.2048971093823424,0.18969959983660586,0.9417360529773086,0.021195463265335723,0.0034259259259259434,0.009921653962292392,0.450844370366572,0.12144195534725256,0.11414740142058714,0.0,0.7173815601462483,0.5976933627904286,0.28062168697942863,0.2505585521686423,0.3235580187516139,angry,05,12,12,female,normal,1350
20,0.6673333333333333,True,1.0,0.6279180526068592,0.6021016898404344,0.6150098712236468,0.6470005082800482,-0.057870370370370405,-0.05472222222222217,0.30585786397539627,0.21543028717994672,0.1890055825791123,0.9505554684316345,0.02581636276642474,0.003148148148148233,0.01773825721909156,0.4909521050102479,0.11973053271502074,0.11594126661804006,0.0,0.8908953612185686,0.6004671584102391,0.2823375500808693,0.25291123584866654,0.32842667226112177,angry,05,12,12,female,normal,1350
30,1.0010000000000001,True,1.0,0.540861868849597,0.5647700331105843,0.5528159509800906,1.2497861856327752,-0.0557407407407407,-0.05087962962962972,0.28230612283126855,0.42946473916991607,0.19248957256034346,0.44232842172134923,0.023908164260987297,0.004861111111110983,0.013488264482613336,0.2552725696172346,0.11756474512401091,0.11813682098741944,0.0,0.9324632993574828,0.6501363521033413,0.2936997899306581,0.25085590915142275,0.35729160722075504,angry,05,12,12,female,normal,1350
40,1.3346666666666667,True,1.0,0.5337108477283732,0.5385980220536464,0.5361544348910098,0.9224914437094281,-0.05444444444444457,-0.050462962962962876,0.3210629373806132,0.25590077068391726,0.1966989036523519,0.5812026101131957,0.004887174325273191,0.003981481481481697,0.026301265672726726,0.34548619749375836,0.1202884436488768,0.11536233394857486,0.0,0.7888053823075043,0.6470450486053796,0.29473282771762643,0.25415541172727996,0.35277876342131026,angry,05,12,12,female,normal,1350
50,1.6683333333333334,True,1.0,0.5569446050094385,0.5807562687465045,0.5688504368779715,0.9735406858207749,-0.05314814814814817,-0.04749999999999993,0.3498840427848932,0.1930397616280403,0.19522683788910986,0.5843109026289783,0.023811663737066002,0.005648148148148235,0.02475778517224026,0.32122377461171175,0.11988130623042158,0.11578536257184115,0.0,0.869045255997717,0.6482294654815051,0.29557697226452473,0.2567835847683063,0.36575974367000247,angry,05,12,12,female,normal,1350
60,2.0020000000000002,True,1.0,0.6149895674111732,0.6057942503586631,0.6103919088849181,1.1082032232216714,-0.053101851851851845,-0.04814814814814816,0.33007749592786584,0.2849557298961769,0.19458603804955865,0.5507942010044333,0.009195317052510088,0.004953703703703682,0.028409771273234945,0.28139362156825803,0.11863299356248068,0.11706404489597712,0.0,0.8921027812107308,0.5967818295912115,0.28004302075500237,0.2610792150264092,0.32478661243602214,angry,05,12,12,female,normal,1350
70,2.3356666666666666,True,1.0,0.5639203752192008,0.5746251870177146,0.5692727811184577,0.9698685404282088,-0.05245370370370367,-0.04675925925925922,0.3236283287775627,0.2670981224085045,0.19950795339897917,0.5869587035652448,0.010704811798513791,0.005694444444444446,0.030984656964541578,0.3236484095768753,0.1225406294949927,0.11296712748757953,0.0,0.8843533415799468,0.5925775353735243,0.2778656147139825,0.2639152201189081,0.32292021983030594,angry,05,12,12,female,normal,1350
80,2.6693333333333333,True,1.0,0.6099393114447518,0.6237256621373326,0.6168324867910422,0.8113957045263693,-0.05231481481481487,-0.04800925925925931,0.32145539252701416,0.1601932359273938,0.19401600942721836,0.760211673971212,0.013786350692580829,0.0043055555555555625,0.0324417989785207,0.38824026811587325,0.12164865455784186,0.1139270934146496,0.0,0.8520167753921107,0.5906081161917891,0.277100075556608,0.2525045127923253,0.3102309839390989,angry,05,12,12,female,normal,1350
90,3.003,True,1.0,0.6020787724227148,0.6424720818865418,0.6222754271546282,0.6397272466622853,-0.05115740740740743,-0.04768518518518522,0.3297087850093368,0.09805310603133092,0.19262903852213903,0.9727199058681489,0.04039330946382702,0.00347222222222221,0.03306015315092356,0.46340106862881725,0.12025880431662406,0.11539323096990414,0.0,0.8907201188433371,0.590936300754677,0.27849089450612446,0.24699181802472006,0.3119761758966764,angry,05,12,12,female,normal,1350
100,3.336666666666667,True,1.0,0.6128604565926563,0.6415661959298921,0.6272133262612742,0.6823488737829444,-0.05041666666666661,-0.046898148148148244,0.3194683333584118,0.11048909578223463,0.19397668191048115,0.9191974228432466,0.028705739337235747,0.0035185185185183654,0.030534174736893696,0.4320297790081934,0.12317476997773101,0.11227534818833323,0.0,0.8867832614898964,0.5910944572125725,0.2786398987299563,0.25039973053736003,0.3100266987890166,angry,05,12,12,female,normal,1350
110,3.6703333333333332,True,1.0,0.6397348127508684,0.6505329668290435,0.6451338897899559,0.6894784725812899,-0.05018518518518511,-0.0465740740740741,0.32423547443787093,0.11743984711498871,0.1946895205370573,0.9356838762125299,0.010798154078175082,0.0036111111111110095,0.02786346620258901,0.43532817194053947,0.12113754117893427,0.11447040616017683,0.0,0.9444608611210511,0.5898609953747125,0.2777184158543311,0.24880466138414445,0.3098821080214346,angry,05,12,12,female,normal,1350
0,0.0,True,1.0,0.5969441362816785,0.6187359132780849,0.6078400247798816,0.6285702470111303,-0.0562962962962964,-0.052962962962963045,0.32243532382562967,0.21196325956509976,0.18428670713176193,0.9670200390014936,0.02179177699640633,0.003333333333333355,0.016627044376943415,0.49228757328425304,0.12193238215791748,0.1136233776602521,0.0,0.7852301265996612,0.5969486195493822,0.2801951661485271,0.2525745430354864,0.3294181894440672,angry,05,12,12,female,normal,1351
10,0.33366666666666667,True,1.0,0.6128671919482677,0.6142834249338167,0.6135753084410422,0.6135003977587707,-0.05652777777777779,-0.05379629629629634,0.3226444599471836,0.20410188462780718,0.1835346388292238,1.0001221037224184,0.0014162329855490485,0.002731481481481446,0.01604464275545804,0.49053404462969663,0.12146305734088321,0.11412494675112804,0.0,0.726204852287071,0.5968767699267206,0.27990379500660695,0.25305140632399253,0.3340826777017359,angry,05,12,12,female,normal,1351
20,0.6673333333333333,True,1.0,0.6198407569924517,0.6144112405718624,0.617125998782157,0.6412350667856673,-0.056203703703703756,-0.052314814814814814,0.3161911975846579,0.21601030773939606,0.18428670713176193,0.9624021372936412,0.005429516420589309,0.0038888888888889417,0.017040990062389353,0.4821334295734859,0.11864723025121472,0.11656028774997422,0.0,0.7836652547739495,0.5961618485831833,0.28080722263023633,0.24959129919887363,0.33209856805105886,angry,05,12,12,female,normal,1351
30,1.0010000000000001,True,1.0,0.6254294109004197,0.6033001363905411,0.6143647736454805,1.1159639707075006,-0.053657407407407376,-0.04944444444444446,0.2967592884276773,0.39273091411835354,0.18586422057692653,0.5505238428584612,0.02212927450987856,0.004212962962962918,0.032840834604199697,0.31475288714070876,0.11726672097174824,0.118432655639642,0.0,0.6807950624918332,0.6515148869547819,0.2915841414859317,0.24467833440545425,0.358582325055271,angry,05,12,12,female,normal,1351
40,1.3346666666666667,True,1.0,0.5577831816022117,0.5494949494949501,0.553639065548581,0.970765085921492,-0.0490740740740741,-0.043888888888888866,0.32301914725389935,0.3258267524380309,0.18953404171989524,0.5703120905126526,0.008288232107261595,0.005185185185185237,0.03688288009268906,0.321551613808037,0.11957190589578749,0.11610485386050433,0.0,0.7155872209770751,0.6455169410420418,0.2957867644751032,0.2469148343094191,0.35481577007951315,angry,05,12,12,female,normal,1351
50,1.6683333333333334,True,1.0,0.620314141092521,0.646127200527434,0.6332206708099775,0.6884482869267414,-0.05101851851851863,-0.04680555555555549,0.3583509285858586,0.09709941411125504,0.18802660425123355,0.9197795721690265,0.025813059434912966,0.0042129629629631404,0.04053982383532388,0.40010261300126576,0.1173449507251135,0.11835514483300179,0.0,0.8518945608626104,0.6446873351918893,0.2966192295705118,0.24141159880382307,0.35255759900225025,angry,05,12,12,female,normal,1351
60,2.0020000000000002,True,1.0,0.6262757910302091,0.650465960112857,0.638370875571533,0.5069765377277176,-0.0498148148148147,-0.04675925925925922,0.33371300844653484,0.12193510119075197,0.19074072537770193,1.2591724233092294,0.024190169082647817,0.003055555555555478,0.03795653434151921,0.5817299082730369,0.11915163984714228,0.11653610809961046,0.0,0.946998360760838,0.5942575057132228,0.27880944205819386,0.2473150186704988,0.3200028801381205,angry,05,12,12,female,normal,1351
70,2.3356666666666666,True,1.0,0.6125843003492905,0.6081871345029227,0.6103857174261066,0.7956593256422347,-0.0508796296296295,-0.046898148148148244,0.327136519290499,0.19015723876294222,0.19079671543897023,0.7671445526430797,0.004397165846367734,0.003981481481481253,0.03745428511626554,0.39462127498371335,0.12212890191636652,0.11341212054451383,0.0,0.7723120555643076,0.5880705667657687,0.27945889991716055,0.25434987783097324,0.3181065117495438,angry,05,12,12,female,normal,1351
80,2.6693333333333333,True,1.0,0.6462780957052662,0.685826353274904,0.666052224490085,0.7716378515591423,-0.05023148148148138,-0.04625000000000001,0.3182423122824768,0.1880943125254333,0.1914609877403474,0.8631668640208422,0.03954825756963787,0.003981481481481364,0.03751926352112363,0.4019862790745122,0.11853589250988592,0.11716236578355853,0.0,0.9999999987499999,0.5887354130167692,0.2804973479153266,0.24639408821662592,0.31234532221024647,angry,05,12,12,female,normal,1351
90,3.003,True,1.0,0.6412717018855842,0.6693817325000734,0.6553267171928288,0.6874716246608147,-0.04814814814814816,-0.043842592592592655,0.32404394565608086,0.10862200841140728,0.19359581698252112,0.953241841095848,0.028110030614489134,0.004305555555555507,0.03577356934534229,0.4353550684429821,0.12092009745243204,0.11470007760025319,0.0,0.8812809475476706,0.5912003696713061,0.2801672992752819,0.24613848907629682,0.31168123185291685,angry,05,12,12,female,normal,1351
100,3.336666666666667,True,1.0,0.6495307837155356,0.6694946332152354,0.6595127084653856,0.6492135371357444,-0.04893518518518525,-0.044768518518518485,0.3188628271397155,0.11061426478959413,0.1942596623240399,1.0158640735913795,0.01996384949969976,0.004166666666666763,0.032474216556891415,0.47550160546481307,0.12019478700583758,0.11512941870163679,0.0,0.9999999987499999,0.5826081503382603,0.27629298318309703,0.24102132282517758,0.303673640792585,angry,05,12,12,female,normal,1351
110,3.6703333333333332,True,1.0,0.6412717018855837,0.6693817325000742,0.655326717192829,0.6887967672904562,-0.04712962962962958,-0.04356481481481478,0.314908105811258,0.1288313252801656,0.1928463565482035,0.951407945438987,0.028110030614490467,0.0035648148148147984,0.03942524492132482,0.43249711025577137,0.12092833230922247,0.11469139555491727,0.0,0.7272663763803501,0.5907865532853767,0.2799948561313417,0.2450856705067905,0.3102670352538198,angry,05,12,12,female,normal,1351
120,4.0040000000000004,True,1.0,0.621306818661746,0.652245165043531,0.6367759918526386,0.6515576530367176,-0.04805555555555552,-0.04319444444444437,0.320852431177764,0.10259689774114598,0.1942596623240399,0.9773133488415244,0.030938346381785053,0.004861111111111149,0.028439544024516233,0.46189869943578915,0.11970642917361368,0.11596615275019566,0.0,0.8728437812366534,0.5844233835799946,0.2756951380197749,0.23831509328604028,0.30292575224341034,angry,05,12,12,female,normal,1351
0,0.0,True,1.0,0.6460067083130433,0.6453250666221445,0.6456658874675939,0.6235165401739462,-0.04745370370370372,-0.04583333333333334,0.3128223544452114,0.12975680234413559,0.193838579171925,1.0355232714235112,0.0006816416908987932,0.0016203703703703831,0.0029822581443756675,0.5025251644237178,0.12228234441100287,0.11324666006152151,0.0,0.9446808810513944,0.6331116717780862,0.28503837628308865,0.22706893077288404,0.32104756194362816,angry,05,12,12,female,strong,1352
10,0.33366666666666667,True,1.0,0.6200951452260726,0.6480790905426602,0.6340871178843663,0.6103793661312463,-0.04768518518518522,-0.04560185185185189,0.3197238338580416,0.11855470013301363,0.193838579171925,1.0388410111294986,0.027983945316587655,0.002083333333333326,0.0010921037352891441,0.5217427099698516,0.12191001571451318,0.11347961002157861,0.0,0.75863897927642,0.5797481615458685,0.2737064443994343,0.23988276270280268,0.29610303324553006,angry,05,12,12,female,strong,1352
20,0.6673333333333333,True,1.0,0.6140262816591959,0.6147462219645401,0.614386251811868,0.6033524959419979,-0.046805555555555545,-0.044629629629629575,0.31785682187927683,0.12913980737100952,0.19454486494201956,1.018287412323775,0.0007199403053441689,0.00217592592592597,0.008167304233665811,0.5049472265739563,0.12099005939848237,0.11462627663965586,0.0,0.8583614687557226,0.5822059897318301,0.27347449637810256,0.23827807733625203,0.29792435914856696,angry,05,12,12,female,strong,1352
30,1.0010000000000001,True,1.0,0.6043105916107967,0.5884260106218882,0.5963683011163424,1.0593140125524192,-0.04319444444444437,-0.03976851851851848,0.37644330821528227,0.22901440395495523,0.18894704285044794,0.5629759391923759,0.015884580988908548,0.003425925925925888,0.010935629893297692,0.2891338734602939,0.1189280759544402,0.11676425188816383,0.0,0.906932006546311,0.6336386261692177,0.28755481664521365,0.24567120178728125,0.35783848137669505,angry,05,12,12,female,strong,1352
40,1.3346666666666667,True,1.0,0.7614383271613229,0.7357789272427535,0.7486086272020382,1.405121890885979,-0.049861111111111134,-0.04814814814814816,0.31660910075272714,0.4993993241700922,0.18138633073239696,0.5327713076408012,0.02565939991856936,0.0017129629629629717,0.009961463007095538,0.22396373045812312,0.11966668283842433,0.11600716696831563,0.0,0.8011496333451483,0.6002645930481567,0.2770106879415235,0.28112601229669776,0.35708691833721296,angry,05,12,12,female,strong,1352
50,1.6683333333333334,True,1.0,0.7758813878980216,0.7575083710436479,0.7666948794708348,1.7026308233676477,-0.057083333333333375,-0.053009259259259256,0.2995216728700357,0.7447859282303607,0.17579212179171347,0.4503001290405295,0.018373016854373758,0.004074074074074119,0.020164346487116225,0.19360984584228166,0.1160492723045736,0.11946648157126175,0.0,0.9097166418118258,0.5987108606645785,0.27714675059736765,0.2756298473341855,0.36330316243214195,angry,05,12,12,female,strong,1352
60,2.0020000000000002,True,1.0,0.7762929352095104,0.7553178140288812,0.7658053746191957,1.4998231918956821,-0.055555555555555636,-0.049259259259259225,0.29421047372379877,0.5690923979050676,0.1834835015461247,0.5105971015498606,0.020975121180629164,0.006296296296296411,0.029167378120011033,0.2114240251320245,0.11881985574636618,0.11671124925240631,0.0,0.7408821146318748,0.5912227266140833,0.28172523964088747,0.27187793869606974,0.3444635345748809,angry,05,12,12,female,strong,1352
70,2.3356666666666666,True,1.0,0.7647975843042287,0.7849308431970118,0.7748642137506203,1.4697661683442815,-0.052499999999999936,-0.047407407407407454,0.2719483726251208,0.6268182270615168,0.18220633440097006,0.527202374390968,0.020133258892783057,0.005092592592592482,0.02812941010247581,0.21159115618445223,0.12275211811539544,0.11273728428611442,0.0,0.7914183819972589,0.5951078366346539,0.2803004608725759,0.2694010561398802,0.3424659610732681,angry,05,12,12,female,strong,1352
80,2.6693333333333333,True,1.0,0.7058436061397775,0.7235572013545033,0.7147004037471404,0.9855185632216216,-0.05166666666666658,-0.04648148148148146,0.2999948615248557,0.33121556996553514,0.18424695923669349,0.7252023761082823,0.01771359521472582,0.005185185185185126,0.02286789812768068,0.32143446469947273,0.11864600289535945,0.11705085974112352,0.0,0.8466106461788366,0.5893598645708282,0.2774392933795183,0.2493619356316768,0.3209482316054857,angry,05,12,12,female,strong,1352
90,3.003,True,1.0,0.735044575900692,0.7524193123592179,0.743731944129955,0.8847933846968495,-0.04814814814814816,-0.04537037037037028,0.29572340842918665,0.28843738411573194,0.18638802293354273,0.8405713209358755,0.01737473645852583,0.002777777777777879,0.024728363827619608,0.3605022109919849,0.11997397248533448,0.11568934132190879,0.0,0.8706017159526933,0.5868654296562376,0.27830266696672146,0.24904887771787226,0.3158955930818769,angry,05,12,12,female,strong,1352
100,3.336666666666667,True,1.0,0.709424968856274,0.7183790392147313,0.7139020040355026,0.8610768617482275,-0.048472222222222194,-0.04555555555555568,0.31051306646856724,0.27209475190593685,0.18632784191621216,0.8290804639507806,0.0089540703584573,0.002916666666666512,0.01711039461270361,0.38333815204856847,0.1197219273302755,0.11595015259049711,0.0,0.850586473516888,0.6373777784629477,0.29473677141414834,0.243025586161599,0.348116451604286,angry,05,12,12,female,strong,1352
0,0.0,True,1.0,0.647149662484815,0.6216937782248935,0.6344217203548542,0.5805983285906186,-0.04731481481481481,-0.04444444444444451,0.319166493930104,0.0938048508767417,0.19740936522195215,1.0927033184799033,0.025455884259921513,0.002870370370370301,6.62066441270512e-05,0.5360544966134105,0.12335173436647094,0.1120808966707875,0.0,0.9429593025326141,0.5826273659151161,0.27493418040365736,0.23427408886838483,0.29573274415340683,angry,05,12,12,female,strong,1353
10,0.33366666666666667,True,1.0,0.5970683788854566,0.6332996925188442,0.6151840357021504,0.6079867378102932,-0.04731481481481492,-0.045277777777777695,0.31011831348369906,0.10401159757855917,0.19742675586761846,1.0118379192246507,0.03623131363338761,0.002037037037037226,0.0018730631922002276,0.500447566565935,0.12452455382980109,0.11077641113310155,0.0,0.7958571129389715,0.5789897388877426,0.27354782824656354,0.2368113490293191,0.29395259881071584,angry,05,12,12,female,strong,1353
20,0.6673333333333333,True,1.0,0.6094495994419177,0.6220358412427636,0.6157427203423407,0.632216536953946,-0.04805555555555552,-0.04527777777777786,0.3124805933682221,0.11086027830887663,0.19878044349622456,0.973942762252033,0.012586241800845888,0.002777777777777657,0.0009947040635862674,0.47732588925026537,0.12319451449792132,0.11208383210672394,0.0,0.9499585653136191,0.5803565231717688,0.26969619302761993,0.2355856276823797,0.29244479968107967,angry,05,12,12,female,strong,1353
30,1.0010000000000001,True,1.0,0.6416301625036132,0.6495879147941612,0.6456090386488872,1.3591050240309437,-0.04782407407407402,-0.04291666666666666,0.37464425887276215,0.37442263245202934,0.19102055594950898,0.4750251284732122,0.00795775229054807,0.00490740740740736,0.01452693313556339,0.2355372363107879,0.11494993996071097,0.12068259639198063,0.0,0.9152542783283909,0.6396773101506228,0.28970110032756985,0.2711255895682005,0.36516400257715675,angry,05,12,12,female,strong,1353
40,1.3346666666666667,True,1.0,0.6693917822941241,0.681955930345541,0.6756738563198326,1.3646236108826142,-0.05189814814814814,-0.050416666666666665,0.3108199667705796,0.46856481695103325,0.19174466964605202,0.4951356923121232,0.012564148051416923,0.0014814814814814725,0.013721630483267338,0.2374991299128322,0.1227748621326148,0.11271251482588415,0.0,0.7051572247569495,0.5824337202928046,0.2711192970141309,0.2876269617732257,0.3588582637427808,angry,05,12,12,female,strong,1353
50,1.6683333333333334,True,1.0,0.7459272377964088,0.7557440950268891,0.7508356664116489,1.5161133380158214,-0.05023148148148138,-0.04930555555555555,0.30339692951577296,0.5194735616009811,0.18964127434192113,0.49523716175090704,0.009816857230480314,0.0009259259259258301,0.015155902113958621,0.2237211345426487,0.11857300000080045,0.11712481137697262,0.0,0.8548346001876157,0.6345972423422495,0.29316058127707445,0.2588400063019102,0.35869347116205663,angry,05,12,12,female,strong,1353
60,2.0020000000000002,True,1.0,0.7230743310888555,0.726012501969663,0.7245434165292592,1.146640017836543,-0.05203703703703705,-0.050138888888888844,0.34412223864014696,0.34692397021117055,0.19238649301055735,0.6318839437475006,0.0029381708808075002,0.0018981481481482043,0.019388903628565296,0.26031513495630787,0.11952431920249372,0.11615384147175117,0.0,0.8463201811698758,0.5864697620063651,0.2706290965277771,0.28033525781130464,0.34442852595164697,angry,05,12,12,female,strong,1353
70,2.3356666666666666,True,1.0,0.7701681079375231,0.759977051196843,0.7650725795671831,1.9468289817702897,-0.05101851851851846,-0.04555555555555563,0.26564124599496247,0.7765645656486999,0.1891213974426982,0.39298396866451396,0.010191056740680104,0.005462962962962836,0.03498616526463859,0.17160321417900914,0.12368484403052113,0.11171319137487835,0.0,0.830187925005629,0.6126225094803546,0.28824307396550863,0.24584399042552602,0.3413282695019182,angry,05,12,12,female,strong,1353
80,2.6693333333333333,True,1.0,0.7335033096160497,0.7420907109360749,0.7377970102760623,1.1420246588087366,-0.04638888888888898,-0.04291666666666666,0.2979119853315074,0.3715377293117626,0.19130790907986384,0.6460429769053058,0.008587401320025223,0.003472222222222321,0.03574492525039564,0.3013450437077543,0.12122136232670805,0.11438163788587873,0.0,0.7252217782579883,0.62053465998118,0.2835631333535125,0.24799309021870633,0.33933372415876195,angry,05,12,12,female,strong,1353
90,3.003,True,1.0,0.7174750886016459,0.7530635500469861,0.735269319324316,0.9290074359360491,-0.0475000000000001,-0.04555555555555557,0.29943699529474826,0.28311175097499497,0.1948211460242426,0.7914568720146719,0.035588461445340225,0.0019444444444445264,0.038406564667743004,0.350709388449671,0.12040123236605625,0.11524461381934106,0.0,0.7338242663958675,0.6140039899866196,0.2871431117509176,0.24236042116451487,0.34003503706955235,angry,05,12,12,female,strong,1353
100,3.336666666666667,True,1.0,0.7301457275179444,0.7839831052790752,0.7570644163985099,0.9033938976791326,-0.04837962962962966,-0.046064814814814836,0.30546785870012705,0.29747064249063276,0.19546742023366895,0.838022504184995,0.053837377761130845,0.002314814814814825,0.03661153966508265,0.3572905591650603,0.12451463730195696,0.11078755736886779,0.0,0.8789750782965278,0.6162164014668368,0.285023637654302,0.2447448576101265,0.3397997619748881,angry,05,12,12,female,strong,1353
0,0.0,True,1.0,0.5816040550572279,0.5978373045448433,0.5897206798010356,0.6577622729351242,-0.05481481481481476,-0.05254629629629637,0.2992646951847132,0.22813917444986742,0.1834835015461247,0.896555950479696,0.016233249487615398,0.002268518518518392,0.0014949042775006,0.487015814160132,0.1222175130442006,0.11331662400234967,0.0,0.6802336746026827,0.6471628200498949,0.2936429338942824,0.24274928104059879,0.35430649637257006,angry,05,12,12,female,strong,1354
10,0.33366666666666667,True,1.0,0.5980680994407226,0.6080202501566765,0.6030441747986995,0.6363403947714285,-0.055694444444444435,-0.05171296296296296,0.3066851234382651,0.20287954098989217,0.1863094152695318,0.9476754575910762,0.0099521507159539,0.003981481481481475,0.00026337721518626613,0.490534044629696,0.11579728895306408,0.11986978618543696,0.0,0.8876843138302807,0.6480585306466338,0.2944375098474677,0.23637097403607155,0.35374740158386264,angry,05,12,12,female,strong,1354
20,0.6673333333333333,True,1.0,0.6155516125640894,0.6276228695415663,0.6215872410528278,0.6552756250631184,-0.05462962962962953,-0.05120370370370375,0.30982901008456515,0.2298074596831132,0.18559803753688622,0.9485889864939725,0.012071256977476907,0.003425925925925777,0.00212880325429158,0.4773258892502654,0.11830678565262277,0.11739370612570028,0.0,0.8654468039834483,0.6470359467771484,0.2949422633844472,0.23732050077103511,0.3489936857450263,angry,05,12,12,female,strong,1354
30,1.0010000000000001,True,1.0,0.6526204743454888,0.66741984648599,0.6600201604157394,1.3089657884269998,-0.04745370370370372,-0.04680555555555549,0.3178503797154798,0.4476937391866224,0.18421051613193204,0.5042302604477491,0.014799372140501199,0.000648148148148231,0.008089440871558407,0.2529546367563543,0.11799364373821737,0.11770844407483695,0.0,0.7878997001246814,0.5965271209499424,0.2825516369761857,0.270539599933021,0.35441467225834294,angry,05,12,12,female,strong,1354
40,1.3346666666666667,True,1.0,0.7740203375422511,0.775200203724476,0.7746102706333635,0.8790680464339325,-0.045694444444444426,-0.04564814814814805,0.27935409482406687,0.409943614662193,0.19099778869268047,0.881172138807323,0.0011798661822248757,4.629629629637755e-05,0.006326975105569999,0.3525627760389829,0.11678922992950713,0.11890354721941192,0.0,0.8755352594546961,0.5948649720435049,0.27688706977157507,0.2720495325734038,0.3440850892040855,angry,05,12,12,female,strong,1354
50,1.6683333333333334,True,1.0,0.6835515286045141,0.6185786080870253,0.6510650683457697,0.798841647392518,-0.04541666666666666,-0.042268518518518594,0.39393885408609036,0.1286270449191339,0.18129208832451152,0.8150114236919136,0.06497292051748882,0.0031481481481480666,0.005313352153261245,0.3336864406779664,0.11959362197043816,0.11608248512653332,0.0,0.8258577534843302,0.5933448709561951,0.2739644687427689,0.2700182574196954,0.34391830075384267,angry,05,12,12,female,strong,1354
60,2.0020000000000002,True,1.0,0.7879242851723188,0.7596492780269803,0.7737867815996495,0.5534821350872337,-0.04930555555555555,-0.04620370370370375,0.3187028158336971,0.1591278480876328,0.19031786964211186,1.3980338886235126,0.028275007145338482,0.0031018518518518,0.004459660326232403,0.514270631141676,0.12085023306839232,0.11477368573483916,0.0,0.7406677840565999,0.6409371118212911,0.28944332691278213,0.2526112299649189,0.35430380750432955,angry,05,12,12,female,strong,1354
70,2.3356666666666666,True,1.0,0.7200476947384156,0.6931938428172372,0.7066207687778263,0.9769034964758697,-0.04865740740740737,-0.046203703703703636,0.32798110985938683,0.2929552057740755,0.193095070677443,0.7233270955902249,0.026853851921178395,0.0024537037037037357,0.005224464718023698,0.3296834092548404,0.1184368073659665,0.11726252781732666,0.0,0.8719386213564858,0.585469284745148,0.2746868308181887,0.26905964964109835,0.32839703064126124,angry,05,12,12,female,strong,1354
80,2.6693333333333333,True,1.0,0.7495750422577537,0.7235713956533137,0.7365732189555337,1.2560856782350618,-0.04486111111111113,-0.042592592592592515,0.27624084889549055,0.3671497584541064,0.1937515750944041,0.5864036440495842,0.02600364660443999,0.002268518518518614,0.008685550525584654,0.26006108790117627,0.12016515575076293,0.11549074903576848,0.0,0.9294126368442674,0.6258285830504077,0.2865462537618515,0.23860537316820943,0.32802571765512106,angry,05,12,12,female,strong,1354
90,3.003,True,1.0,0.71066560956851,0.7057767916238356,0.7082212005961728,0.772628082947231,-0.04541666666666666,-0.04425925925925922,0.30495247232736195,0.15802464972885502,0.19513888888888892,0.9166392164967979,0.0048888179446744395,0.0011574074074074403,0.008817189665739477,0.41157478429711153,0.12363037853769343,0.11177346407956264,0.0,0.8255859983252196,0.5714563534319977,0.27241565253499433,0.2494565935933813,0.30302548700174237,angry,05,12,12,female,strong,1354
100,3.336666666666667,True,1.0,0.6804268476994989,0.6660731889717325,0.6732500183356157,0.7560812869548684,-0.04439814814814824,-0.04425925925925933,0.30457085443620635,0.1494068037115024,0.19722570377434895,0.890446609315174,0.014353658727766394,0.0001388888888889106,0.010256507896617426,0.4080422474764262,0.12153310260955612,0.11405035177350147,0.0,0.9056520697212731,0.573001482366384,0.2717057386569076,0.24355271286458474,0.30252558093749077,angry,05,12,12,female,strong,1354
110,3.6703333333333332,True,1.0,0.7057447071426785,0.6850091091295235,0.695376908136101,0.7734631220402095,-0.04398148148148151,-0.04342592592592587,0.30632703621093527,0.1494068037115024,0.19583372291904957,0.8990433911081166,0.020735598013154943,0.0005555555555556424,0.01356401363460326,0.39692552729386815,0.1223397356593875,0.11318465818509311,0.0,0.7218908734785656,0.5763376749215312,0.2720246726212051,0.2426032498864538,0.30323880166711825,angry,05,12,12,female,strong,1354
0,0.0,True,1.0,0.6201608938520297,0.6505329668290428,0.6353469303405362,0.6072520905666957,-0.04972222222222222,-0.04638888888888898,0.3214422307352123,0.13479689797995467,0.19395819522294142,1.0462655299344001,0.030372072977013165,0.0033333333333332438,0.008829514810279333,0.5063409000377332,0.12486517792822817,0.11039232360597534,0.0,0.6840891726225152,0.6253203182601166,0.28533720308473765,0.234234977132215,0.3283420065633051,angry,05,12,12,female,strong,1355
10,0.33366666666666667,True,1.0,0.6340054395627974,0.6501661102241812,0.6420857748934894,0.5837774986838017,-0.050879629629629664,-0.04768518518518511,0.3239565072897643,0.10819249066923901,0.19605760650748655,1.099880992914511,0.016160670661383825,0.0031944444444445552,0.0028360106900404587,0.5203056326080003,0.11874431474445794,0.11695112434306423,0.0,0.9411363014582514,0.6212475323410614,0.28612107000014986,0.22834494997890553,0.3284890599831808,angry,05,12,12,female,strong,1355
20,0.6673333333333333,True,1.0,0.6454976650894915,0.6339712449255326,0.639734455007512,0.6307991030353184,-0.04847222222222225,-0.04583333333333339,0.32268005133175987,0.10779361112725877,0.19603931605314545,1.0141651310681927,0.011526420163958884,0.0026388888888888573,0.008984216968998034,0.48476142780596887,0.12029935012112816,0.11535096068049201,0.0,0.8690457034326132,0.6207307091508478,0.2840997565028345,0.23234823230504692,0.32848667763846784,angry,05,12,12,female,strong,1355
30,1.0010000000000001,True,1.0,0.7102918608682379,0.7073233057839717,0.7088075833261048,1.0009631053683072,-0.04398148148148151,-0.04273148148148148,0.3627507765804762,0.141907601245649,0.20072523421335153,0.7081255837749355,0.002968555084266189,0.0012500000000000289,0.015430314899087277,0.30219620849609524,0.12075467125231157,0.1148742231330268,0.0,0.7871212546779103,0.6257696842565152,0.28283249743277666,0.2598277938280674,0.34491834120116377,angry,05,12,12,female,strong,1355
40,1.3346666666666667,True,1.0,0.6918324479055734,0.6827931658021279,0.6873128068538507,1.3120176212978183,-0.04449074074074072,-0.04444444444444445,0.31718266059267713,0.34915436107606906,0.1910297419690029,0.5238594327521122,0.009039282103445512,4.6296296296266526e-05,0.015109206207782378,0.2486098057928589,0.11607884527031656,0.11959715485531038,0.0,0.844549649657248,0.5907630226074805,0.276678833124132,0.272455496673506,0.33495122988293136,angry,05,12,12,female,strong,1355
50,1.6683333333333334,True,1.0,0.6189399378914182,0.6195135753275773,0.6192267566094978,0.9305103548419734,-0.04231481481481475,-0.041435185185185186,0.3735724411968882,0.15744740271903085,0.18477219086616276,0.6654700330708945,0.0005736374361591245,0.0008796296296295636,0.008254149206792896,0.3201443606665963,0.12083863398482964,0.11478589767979848,0.0,0.7993796796114236,0.5887297758478391,0.2755627962054123,0.2679945300120025,0.33272468215686773,angry,05,12,12,female,strong,1355
60,2.0020000000000002,True,1.0,0.7269654309110228,0.7185673610041228,0.7227663959575727,0.4298666096995542,-0.050185185185185166,-0.04833333333333334,0.33914582407006155,0.06346396244551061,0.18616070695444292,1.6813736625478644,0.008398069906900063,0.0018518518518518268,0.003514532210661685,0.5510352500006666,0.11970187936363591,0.11597084912304756,0.0,0.6995974761813116,0.636610755778874,0.2943067453575315,0.25345691702398715,0.35730411700581416,angry,05,12,12,female,strong,1355
70,2.3356666666666666,True,1.0,0.6810901942467419,0.6863326878311587,0.6837114410389503,0.9165800877583758,-0.044120370370370365,-0.04347222222222219,0.35635092572235655,0.24788524772422363,0.18824349140015104,0.7459374801726948,0.005242493584416863,0.0006481481481481755,0.014195240636588995,0.33191077145173786,0.11920670378274312,0.11631610204560533,0.0,0.8513831019824254,0.5883522111188226,0.27575028510084665,0.27031507988489356,0.3326198605185328,angry,05,12,12,female,strong,1355
80,2.6693333333333333,True,1.0,0.738795146413733,0.7272187964343245,0.7330069714240288,1.6310863057318796,-0.04509259259259257,-0.04273148148148137,0.2696677528689589,0.5839550906504745,0.186846392460444,0.44939802930607253,0.011576349979408485,0.0023611111111112026,0.007667252786997568,0.2097863640175097,0.11984132699415173,0.11582674178965457,0.0,0.7499760344183738,0.5867046463585435,0.27667769144724935,0.2530979294306199,0.3149226697031992,angry,05,12,12,female,strong,1355
90,3.003,True,1.0,0.6961589111799417,0.6946384919372403,0.695398701558591,0.8587351041647426,-0.045277777777777806,-0.043055555555555514,0.30478933225761584,0.2056821341766524,0.1875146478653401,0.8097941940256158,0.0015204192427014096,0.002222222222222292,0.000362535182900891,0.36556253812758394,0.12252445258805897,0.11298467280002396,0.0,0.7359801720756001,0.5883874990855718,0.2742652272093635,0.25359224240905204,0.3079582917494795,angry,05,12,12,female,strong,1355
100,3.336666666666667,True,1.0,0.720362859806457,0.7210414114378313,0.7207021356221441,0.8036818661893664,-0.04356481481481478,-0.04208333333333325,0.3042169181523329,0.19639420368864577,0.18753295608809836,0.8967505252287598,0.0006785516313743134,0.001481481481481528,0.004115644614996013,0.38991862716096964,0.1195917071159693,0.1160844578671603,0.0,0.9605254949721285,0.5895288631468213,0.2762723405142403,0.2471111415411089,0.30699654455749337,angry,05,12,12,female,strong,1355
110,3.6703333333333332,True,1.0,0.6957710240025631,0.6756890713509738,0.6857300476767685,0.7693354945454635,-0.044259259259259165,-0.04287037037037045,0.3038085964586724,0.16991132823288688,0.18822038822814358,0.8913277140318471,0.020081952651589297,0.0013888888888887174,0.00020641619842610564,0.382070377629018,0.12083716714051213,0.11478744185155475,0.0,0.8234154912483866,0.5913342059558199,0.27824919751066024,0.24563999577740445,0.30964157486871924,angry,05,12,12,female,strong,1355
0,0.0,True,1.0,0.65376605750085,0.6475403819535146,0.6506532197271824,0.7498877855180858,-0.057083333333333264,-0.05231481481481476,0.3114220614696692,0.2438159597602395,0.19458144432746532,0.8676674461068281,0.006225675547335441,0.004768518518518505,0.009678175708300757,0.4027651767823509,0.12255855195222014,0.11294768308052973,0.0,0.9397980075411386,0.5879807280568478,0.28213521349488946,0.24118669143547333,0.30332259407856677,fearful,06,12,12,female,normal,1356
10,0.33366666666666667,True,1.0,0.6540996721328987,0.6478342749529192,0.6509669735429089,0.7559511138251676,-0.05865740740740727,-0.054398148148148195,0.3132463643286272,0.2659534630371152,0.19603762000389144,0.8611231092034096,0.006265397179979426,0.004259259259259074,0.00846951307162069,0.4060694217863657,0.12302683636440405,0.11243742839444004,0.0,0.8484567806960348,0.5943084548116122,0.2811845250685954,0.2418068062589843,0.30975627773240433,fearful,06,12,12,female,normal,1356
20,0.6673333333333333,True,1.0,0.6438835042092781,0.6327683615819212,0.6383259328955997,0.7778800814993345,-0.05939814814814809,-0.0558333333333334,0.3067579697900986,0.2678527815968524,0.19793620171165563,0.8205968350099035,0.011115142627356911,0.0035648148148146874,0.0016079775794899836,0.39307013288164183,0.12259623004037859,0.1127379182095258,0.0,0.9999999987499999,0.595978205321191,0.27963621650005693,0.24553122970026453,0.3124224795037904,fearful,06,12,12,female,normal,1356
30,1.0010000000000001,True,1.0,0.5512335293069026,0.5263520557221109,0.5387927925145067,0.8089396604850447,-0.08842592592592591,-0.08550925925925928,0.4243617827958975,0.24505314400529296,0.2047342520425402,0.6660481848441496,0.024881473584791758,0.002916666666666623,0.022846661878770477,0.3607111221053733,0.11266370435925369,0.12281965432642647,0.0,0.8639344390835522,0.6551604603794644,0.29704828934344657,0.29371046933568923,0.41328580963508404,fearful,06,12,12,female,normal,1356
40,1.3346666666666667,True,1.0,0.5968295381660742,0.6040939464150303,0.6004617422905523,0.9809388721118573,-0.08875000000000005,-0.08486111111111111,0.304862319335332,0.6964405070525954,0.1725924160407211,0.6121296233248682,0.0072644082489561335,0.0038888888888889417,0.01952821531455338,0.2864983291661592,0.12073157753603055,0.11489849413837816,0.0,0.9175751828484754,0.5944436821916267,0.27896191127156383,0.29317414925857616,0.3785959280295943,fearful,06,12,12,female,normal,1356
50,1.6683333333333334,True,1.0,0.7001849683053238,0.6930320150659126,0.6966084916856182,0.5229060521794702,-0.06157407407407406,-0.06027777777777776,0.3296673105948249,0.17527627406233398,0.195827349968927,1.3321867069278641,0.0071529532394112305,0.0012962962962962954,0.02336474249141951,0.5666733014473603,0.11915401539726801,0.11653367918382644,0.0,0.7593572625382288,0.5925242257215386,0.28338341874614165,0.2801447624243355,0.3439965832803176,fearful,06,12,12,female,normal,1356
60,2.0020000000000002,True,1.0,0.7687025616933836,0.7943293645644033,0.7815159631288935,0.9516741222644737,-0.06268518518518518,-0.06513888888888886,0.2923697200950941,0.3726393332858069,0.1995079533989793,0.8212012335370693,0.025626802871019705,0.00245370370370368,0.01814207721735506,0.3355605719766062,0.1172346178291564,0.11846443412164133,0.0,0.8851739659744187,0.5998540240861971,0.2843865421624265,0.27021306930495476,0.35162959435536745,fearful,06,12,12,female,normal,1356
70,2.3356666666666666,True,1.0,0.7492991266985144,0.765041604137001,0.7571703654177577,0.9714646822968164,-0.05435185185185187,-0.05388888888888904,0.2945768090229554,0.352201303655343,0.19284635654820356,0.7794111090354757,0.015742477438486557,0.0004629629629628318,0.01327542531482427,0.33588661841163325,0.120477894973757,0.11516446757735141,0.0,0.9336381736181818,0.5986944903195655,0.28457897304723345,0.2572309529615387,0.31614144788073223,fearful,06,12,12,female,normal,1356
80,2.6693333333333333,True,1.0,0.6886664273945408,0.7344557994533017,0.7115611134239213,0.7650664509565962,-0.05379629629629623,-0.05305555555555558,0.30021139789463774,0.2703433940779172,0.19143349044003863,0.9300644571909082,0.04578937205876099,0.000740740740740653,0.008918661455433343,0.41768520223523087,0.12084547097199036,0.11477869974480259,0.0,0.8871655574738232,0.595127386306085,0.2832573052789608,0.2523067543240092,0.3244069201899068,fearful,06,12,12,female,normal,1356
90,3.003,True,1.0,0.7444397333334981,0.7650416041370018,0.75474066873525,0.791881256809469,-0.05652777777777779,-0.05333333333333329,0.2947252671795207,0.3108454076028587,0.18794259286519016,0.9530982861952557,0.02060187080350373,0.0031944444444444997,0.014048270797283576,0.3945880174611081,0.11891721714765043,0.11677531089724615,0.0,0.8962212705290704,0.5942267658157013,0.28400009114743874,0.25209773023287707,0.3267103710614574,fearful,06,12,12,female,normal,1356
100,3.336666666666667,True,1.0,0.7358075454130625,0.7219494021375277,0.7288784737752951,0.786021330171624,-0.05689814814814814,-0.05342592592592593,0.2967258855596558,0.3178950025063211,0.18727708666033402,0.9273011377644778,0.013858143275534807,0.00347222222222221,0.016343132997226693,0.39458801746110617,0.1192483914678924,0.11643710277103109,0.0,0.8798452760744383,0.5945863545340011,0.2837233500380493,0.25299348342646527,0.3284379229824316,fearful,06,12,12,female,normal,1356
0,0.0,True,1.0,0.5795454505206072,0.5771350786398424,0.5783402645802248,0.6612853837253401,-0.06148148148148147,-0.05986111111111103,0.30190944508151657,0.30351831479154323,0.1877748636374488,0.8745698586624653,0.002410371880764872,0.0016203703703704386,0.0023204639507131202,0.488971986725108,0.12302456177778175,0.11243991715231792,0.0,0.803153985581108,0.649515880703844,0.29126712732228616,0.2481791961360538,0.3597963755686943,fearful,06,12,12,female,normal,1357
10,0.33366666666666667,True,1.0,0.5781411706509212,0.5767176152538946,0.5774293929524079,0.6963791430571313,-0.06064814814814812,-0.060185185185185175,0.3002018385567737,0.303518314791543,0.18987647787454717,0.8291882356175554,0.0014235553970265435,0.0004629629629629428,0.0005851476410694067,0.4356753332967216,0.11952990681853107,0.11614809144143859,0.0,0.9401107230571134,0.5996443308807898,0.28626028711155616,0.2456446404557848,0.3273063177928388,fearful,06,12,12,female,normal,1357
20,0.6673333333333333,True,1.0,0.39340347535982045,0.36711867298243767,0.3802610741711291,1.010120191577907,-0.07101851851851843,-0.06930555555555551,0.2932729428816805,0.3948445165414267,0.19284635654820356,0.37645131474614313,0.026284802377382788,0.0017129629629629162,0.003118946806760996,0.30894939226102075,0.12139482867659628,0.11419751897608667,0.0,0.9273713968885917,0.6016114737379328,0.2870006513712398,0.2479233888163962,0.32406975607785604,fearful,06,12,12,female,normal,1357
30,1.0010000000000001,True,1.0,0.559564396890461,0.5355278146521041,0.5475461057712825,0.9311802078172264,-0.07777777777777783,-0.07689814814814822,0.36052352196878235,0.3398327902246018,0.1918526943018639,0.5880130410576292,0.02403658223835692,0.0008796296296296191,0.011097807051798334,0.3336518301015885,0.11798878652936336,0.117713312852324,0.0,0.7043831248260403,0.606270394157663,0.28450173210002544,0.28189095975183676,0.3721185615226427,fearful,06,12,12,female,normal,1357
40,1.3346666666666667,True,1.0,0.3364623181186069,0.3173208241766448,0.32689157114762585,1.1085134485289656,-0.08685185185185179,-0.08444444444444449,0.2971474202443976,0.4432301130918708,0.20814130056593272,0.2948918405829193,0.019141493941962073,0.0024074074074073026,0.007822423050000272,0.29098743991933745,0.11413367240397812,0.12129789216961587,0.0,0.9999999987499999,0.5955806501897634,0.2931200712586466,0.28118128877135284,0.34579070181486965,fearful,06,12,12,female,normal,1357
50,1.6683333333333334,True,1.0,0.6757106993509676,0.6705653021442493,0.6731380007476084,0.8996221285510366,-0.06467592592592591,-0.0602314814814815,0.3488056837212015,0.21297508600149037,0.19271773703907943,0.7482452680791528,0.005145397206718361,0.0044444444444444176,0.02024445090156585,0.3273992413365614,0.1204008094704983,0.11524505563552415,0.0,0.6833047753696229,0.5957141505899236,0.28341101161334,0.28325343734088826,0.3419582570121287,fearful,06,12,12,female,normal,1357
60,2.0020000000000002,True,1.0,0.33626394878009125,0.3176138681853923,0.32693890848274176,0.7397121890558997,-0.06620370370370365,-0.06518518518518523,0.35100956539412903,0.1335388568978385,0.2013017651583419,0.44198123718904286,0.01865008059469897,0.0010185185185184187,0.008137860312465278,0.39676985336672377,0.11592700439190672,0.11974434191965164,0.0,0.8830814973063781,0.6326123535976892,0.2977364561330193,0.2609302322626143,0.34825676639224645,fearful,06,12,12,female,normal,1357
70,2.3356666666666666,True,1.0,0.6957424789909725,0.7327432050840467,0.7142428420375095,1.0039775693473727,-0.05342592592592582,-0.05458333333333337,0.30136643335979646,0.33449590156108383,0.19919452712971497,0.7114131469110383,0.03700072609307414,0.0011574074074075513,0.005231891437058849,0.31088088870674646,0.11875704180341548,0.11693820073645578,0.0,0.7323530459706128,0.5918638082186,0.2815985358245476,0.2558011533803997,0.3088439638124701,fearful,06,12,12,female,normal,1357
80,2.6693333333333333,True,1.0,0.7031245421178527,0.7190620563318276,0.7110932992248402,0.8060577501024472,-0.05624999999999991,-0.05541666666666667,0.30598458257332734,0.28639700899601184,0.19790343599173343,0.882186542011987,0.015937514213974935,0.0008333333333332416,0.01196170969536131,0.38512032256752265,0.12252145033062772,0.11298792846460631,0.0,0.8778803804688186,0.5970582409917092,0.28268701123464995,0.24719894527379818,0.30585372227027013,fearful,06,12,12,female,normal,1357
90,3.003,True,1.0,0.7467140858891975,0.7835413071705979,0.7651276965298976,0.9045884406935211,-0.06046296296296305,-0.0602314814814815,0.30728958598940326,0.32795554371627683,0.1963950899551894,0.8458296194270369,0.03682722128140037,0.00023148148148155467,0.01371903447323408,0.3613530068498891,0.11988664912868918,0.1157798304126164,0.0,0.767886451438765,0.6398668820262481,0.29588257857357647,0.25847194954204195,0.3502736627423518,fearful,06,12,12,female,normal,1357
100,3.336666666666667,True,1.0,0.7814018187167414,0.8093087917063854,0.7953553052115634,0.8999455331804014,-0.06027777777777776,-0.06,0.3067041850240242,0.3087297362889656,0.19764304478317019,0.8837816022051725,0.027906972989643952,0.0002777777777777657,0.008574881621990027,0.3507068384836373,0.11663739544588747,0.11905249158532893,0.0,0.8590380532009773,0.6377271415441177,0.2937800433669227,0.25702154089061824,0.350248492430621,fearful,06,12,12,female,normal,1357
0,0.0,True,1.0,0.6760246735535799,0.6750190304642733,0.6755218520089266,0.6013992768393324,-0.053472222222222254,-0.05268518518518528,0.3253157218930623,0.1501849116746342,0.19869752321601986,1.123250190055344,0.0010056430893066182,0.000787037037036975,0.003741264090498538,0.49095210501024683,0.11962238955289943,0.11605284006430566,0.0,0.891313989539623,0.6334164199820554,0.29812992965905444,0.23846929308133083,0.3257567332947225,fearful,06,12,12,female,normal,1358
10,0.33366666666666667,True,1.0,0.6458703595880129,0.6550012153490584,0.6504357874685356,0.6464659332464935,-0.05990740740740741,-0.0584722222222222,0.3124755781008641,0.23806735282999444,0.19314445321120366,1.0061408560264047,0.009130855761045553,0.001435185185185206,0.004853976198544746,0.46168773191628787,0.12154886581198224,0.1140335520345228,0.0,0.7590509145353984,0.5854322161130077,0.27814256980385593,0.2550183748355879,0.326110991713307,fearful,06,12,12,female,normal,1358
20,0.6673333333333333,True,1.0,0.6072599964164163,0.5967156319746323,0.6019878141955243,1.399750669958151,-0.07625000000000004,-0.07337962962962963,0.2821071743106097,0.6904659907909201,0.18086333297338336,0.43006788788572053,0.010544364441783971,0.002870370370370412,0.015047587973722819,0.23399795133042278,0.1157583193884145,0.11990741954415335,0.0,0.7607371076564748,0.6607936337269283,0.3003096666465883,0.26241892631120345,0.39503829393048534,fearful,06,12,12,female,normal,1358
30,1.0010000000000001,True,1.0,0.551957678667617,0.5170520418621565,0.5345048602648867,0.8999219613707328,-0.07092592592592595,-0.06921296296296292,0.33072833455573525,0.30815616771539467,0.19043809459322833,0.5939457899779952,0.03490563680546055,0.0017129629629630272,0.004389523865885083,0.3352209925625114,0.11636448614871955,0.1193192529833148,0.0,0.7043471617293638,0.5961792108015082,0.2833722796445279,0.2796009406539681,0.35743941601889906,fearful,06,12,12,female,normal,1358
40,1.3346666666666667,True,1.0,0.6557526005258608,0.634733007567077,0.6452428040464688,0.7890910098752847,-0.06000000000000005,-0.06087962962962973,0.3182365540268591,0.28931076876663087,0.1890842798456326,0.8177039099057142,0.02101959295878386,0.0008796296296296746,0.0033255472908628562,0.4178198383849003,0.11792031225185631,0.11778190747277342,0.0,0.8471129614603665,0.6537884532250401,0.2994521317107824,0.24758924363076557,0.34666455671857244,fearful,06,12,12,female,normal,1358
50,1.6683333333333334,True,1.0,0.6643817892937266,0.6833995490457143,0.6738906691697204,0.6799907855928478,-0.05884259259259267,-0.058379629629629615,0.331985650254304,0.1782158608262864,0.19248957256034357,0.9910291189934155,0.019017759751987717,0.00046296296296305384,0.0006330188502043789,0.45548716394689415,0.11884500550838467,0.11684880159954124,0.0,0.8763385202249184,0.6507852818705607,0.30004467791398765,0.24498693344364725,0.3407318462364172,fearful,06,12,12,female,normal,1358
60,2.0020000000000002,True,1.0,0.6759949280445856,0.6693817325000734,0.6726883302723294,0.8233674332904181,-0.05689814814814809,-0.053009259259259256,0.3200776115362053,0.27105120165675606,0.19477414713283756,0.8169965231489291,0.006613195544512229,0.0038888888888888307,0.009256528926217401,0.3916204949982083,0.11760732630844196,0.11809443072371525,0.0,0.8999315324409202,0.59335545415041,0.28370000092650594,0.26501387230198603,0.32245921466258654,fearful,06,12,12,female,normal,1358
70,2.3356666666666666,True,1.0,0.7286784957491155,0.7427742283351427,0.735726362042129,0.9735479905866412,-0.05342592592592599,-0.052685185185185224,0.29474537000692297,0.27672573811223616,0.19665351742298964,0.7557165842423388,0.014095732586027254,0.000740740740740764,0.005363365485762212,0.3331171054063676,0.12156306883739267,0.11401841107695579,0.0,0.8206326602270598,0.5918675846979418,0.2787327491680357,0.2588650044280438,0.3110389925660965,fearful,06,12,12,female,normal,1358
80,2.6693333333333333,True,1.0,0.7317638128239092,0.7306792386574595,0.7312215257406844,0.7668225660282961,-0.05736111111111103,-0.05462962962962964,0.30372090251203687,0.2646414423618458,0.19523895220162935,0.9535733012240305,0.0010845741664496922,0.0027314814814813904,0.007981972898214777,0.417750654543855,0.11892566610247846,0.11676670634836298,0.0,0.9064308898688822,0.6442881186771585,0.2943352317485028,0.24380419333564343,0.34109345748266373,fearful,06,12,12,female,normal,1358
90,3.003,True,1.0,0.7582573240834727,0.7632576901908309,0.7607575071371517,0.8287262300597827,-0.05731481481481482,-0.05375000000000002,0.2905616933519584,0.3106708051520404,0.19118344241757562,0.917984105658478,0.005000366107358212,0.0035648148148147984,0.007861244271445472,0.38940892543315025,0.11835132687829257,0.11734880142352151,0.0,0.8450719687740107,0.6401541530518458,0.2928492119152674,0.24330860464145188,0.34588684700991906,fearful,06,12,12,female,normal,1358
0,0.0,True,1.0,0.675268699898267,0.6342911906267684,0.6547799452625177,0.6981704892363136,-0.05662037037037043,-0.05398148148148152,0.29721644760256993,0.3030202103690025,0.18355334403178752,0.9378510770037585,0.04097750927149857,0.002638888888888913,0.00581275378898855,0.46168773191628476,0.1223362036940263,0.11318847571858678,0.0,0.7614550133498085,0.6483553175801571,0.2939942712009096,0.24259150401387358,0.34755095533675295,fearful,06,12,12,female,normal,1359
10,0.33366666666666667,True,1.0,0.6351789284073671,0.6337766036974964,0.6344777660524318,0.6768396658420569,-0.055833333333333235,-0.05425925925925923,0.291354502715204,0.2818789248266156,0.1863094152695318,0.9374122086403984,0.0014023247098706726,0.0015740740740740056,0.00632084591508049,0.48731268454074095,0.11688328975343311,0.11881108679532347,0.0,0.9999999987499999,0.6481486206357543,0.2945013236803476,0.23759308132912443,0.3493434581628394,fearful,06,12,12,female,normal,1359
20,0.6673333333333333,True,1.0,0.6716533811107219,0.6667862243072551,0.6692198027089885,1.1227682479935803,-0.06291666666666668,-0.06324074074074071,0.29774214565802537,0.44172610429938575,0.18910243610228725,0.596044467685031,0.004867156803466832,0.0003240740740740322,0.013387519536332585,0.2968852511896465,0.11887463197312918,0.11665545720283123,0.0,0.8490054232417894,0.5982061488032713,0.28311598118000164,0.2695038332791598,0.33884108874461244,fearful,06,12,12,female,normal,1359
30,1.0010000000000001,True,1.0,0.5461549699366828,0.5394107961911512,0.542782883063917,0.9084519213415025,-0.06898148148148142,-0.06736111111111115,0.3341026472802142,0.32181832183373305,0.18914116362473726,0.5974811328071105,0.006744173745531601,0.001620370370370272,0.00923345342799823,0.3377069239164165,0.11747830497575716,0.11822277965458636,0.0,0.7060730835760495,0.5990582837822628,0.2840290931279316,0.2849062434327166,0.35975081693926064,fearful,06,12,12,female,normal,1359
40,1.3346666666666667,True,1.0,0.6131288914699101,0.5976676604878753,0.6053982759788927,0.9000315700545368,-0.07722222222222219,-0.07638888888888884,0.30872705378921633,0.38691564949181656,0.1960218023167498,0.6726411562898944,0.01546123098203478,0.0008333333333333526,0.019700945689394688,0.3286097920023516,0.11282158418183207,0.1226746424955511,0.0,0.7047281986791334,0.6071602178371349,0.2899588678233955,0.2726934640815126,0.352725743150941,fearful,06,12,12,female,normal,1359
50,1.6683333333333334,True,1.0,0.7739947926200554,0.7670582457523177,0.7705265191861865,0.5962832800641839,-0.06162037037037038,-0.06069444444444444,0.31492764790216116,0.2704100476084989,0.1863278419162122,1.2922155373923065,0.006936546867737703,0.0009259259259259411,0.009279203409634463,0.49128363654772916,0.11638989229911478,0.11929447069954885,0.0,0.8305544294674754,0.6052843492865896,0.28532870534639243,0.26090760771384486,0.3505876538174659,fearful,06,12,12,female,normal,1359
60,2.0020000000000002,True,1.0,0.7246835716706576,0.7299651040035156,0.7273243378370866,0.9424921011857033,-0.05143518518518525,-0.048333333333333284,0.2991632926090358,0.32968452321515296,0.18445181754004802,0.7717033775901946,0.005281532332857997,0.0031018518518519667,0.017470960956686644,0.3425967824187811,0.117584493209067,0.11811716524691589,0.0,0.9025570866231917,0.6563612563931823,0.2957687642875286,0.2465278241632468,0.34865991637993365,fearful,06,12,12,female,normal,1359
70,2.3356666666666666,True,1.0,0.749105957959148,0.7763237416973269,0.7627148498282375,0.8001667131462848,-0.050787037037036964,-0.048472222222222305,0.2967490822054999,0.31591279591879995,0.18044088259701319,0.9531949246291622,0.027217783738178847,0.0023148148148146586,0.012876760701417139,0.4154874036262157,0.11419744199589156,0.12139490108818203,0.0,0.8177817104369576,0.6517387858893557,0.2937040431602136,0.2416372150595479,0.34638012359898834,fearful,06,12,12,female,normal,1359
80,2.6693333333333333,True,1.0,0.7512925092647876,0.7817102052395087,0.7665013572521482,0.7476893007465919,-0.05296296296296299,-0.0493055555555556,0.29964632074746655,0.29134281629169057,0.182581124560668,1.0251602590631854,0.030417695974721104,0.003657407407407387,0.02045234480008038,0.41741077247090325,0.11785003353785962,0.11785222681091446,0.0,0.9244098873160226,0.6523186255674144,0.29404871264571436,0.24098696553685667,0.3501209853919499,fearful,06,12,12,female,normal,1359
90,3.003,True,1.0,0.748145007524741,0.7353922130701921,0.7417686102974665,0.7989264652467083,-0.05458333333333337,-0.050972222222222086,0.300202475021785,0.34454079310508284,0.18110235378985365,0.9284566760076081,0.01275279445454891,0.003611111111111287,0.014431867893807826,0.38902788135130695,0.11998792396060586,0.11567487139941503,0.0,0.760435360916225,0.6507036042307549,0.29599046280546887,0.24283896844892122,0.3523558511532831,fearful,06,12,12,female,normal,1359
0,0.0,True,1.0,0.6245562442882295,0.6372034839569829,0.6308798641226062,0.8512423621324624,-0.05990740740740741,-0.057129629629629586,0.2998854967905189,0.3369269675327821,0.18965133174141804,0.7411283697655481,0.012647239668753363,0.0027777777777778234,0.0022206988590658997,0.37728180909246706,0.12214437123831015,0.11339545998312055,0.0,0.694651307537802,0.6382380856952157,0.29060451509877255,0.2541209971958621,0.3558647669123584,fearful,06,12,12,female,strong,1360
10,0.33366666666666667,True,1.0,0.6039635814037316,0.6121207337862022,0.6080421575949669,0.850615490312925,-0.060555555555555474,-0.05759259259259253,0.29384764382513756,0.32567435197593964,0.1911016173062288,0.7148261047671257,0.008157152382470612,0.002962962962962945,0.0019111664063268367,0.38522519808575206,0.11801957712536862,0.11768244212517494,0.0,0.8988362532623031,0.6371613806929023,0.2912961615890879,0.25072769773650466,0.3560797829581621,fearful,06,12,12,female,strong,1360
20,0.6673333333333333,True,1.0,0.6000712493979301,0.6085563885120797,0.6043138189550049,0.860583153736979,-0.06499999999999989,-0.06157407407407406,0.30010713221801766,0.3336075938720255,0.19453270740597647,0.7022143256358723,0.008485139114149609,0.0034259259259258323,0.004680096150613975,0.3809186627229684,0.11542793526725177,0.12022549450450236,0.0,0.9999999987499999,0.6399465913474764,0.29099907601787633,0.2477338555206546,0.36000924990088534,fearful,06,12,12,female,strong,1360
30,1.0010000000000001,True,1.0,0.5972112296648555,0.6178215983819827,0.607516414023419,0.9980852643132405,-0.07930555555555557,-0.07773148148148151,0.4062622563436147,0.29805779574482966,0.201434723180158,0.6086818789389072,0.02061036871712718,0.001574074074074061,0.009722603314729083,0.3151197430663676,0.11342371773509263,0.12211813142977995,0.0,0.9264087911342164,0.6510320196437951,0.3040187123391714,0.2913314727379242,0.41030965640088546,fearful,06,12,12,female,strong,1360
40,1.3346666666666667,True,1.0,0.6822213971679595,0.6894415713212488,0.6858314842446042,0.9199744169414075,-0.08175925925925925,-0.07953703703703702,0.3182765556907269,0.476315612786491,0.20288648318920713,0.7454897349480146,0.007220174153289349,0.0022222222222222365,0.013764308768825256,0.31730096994809465,0.11507863759007832,0.1202434074871348,0.0,0.8699930391183726,0.5951284632681197,0.2843439834996108,0.3103106360532143,0.387311863697046,fearful,06,12,12,female,strong,1360
50,1.6683333333333334,True,1.0,0.7308370770918967,0.7274514076804701,0.7291442423861834,0.9769062333172351,-0.0668981481481481,-0.0616666666666667,0.36036841381757573,0.3546081289300202,0.18999497434873844,0.7463809908452136,0.003385669411426595,0.005231481481481393,0.029491049338354523,0.2992985456496991,0.11379211810567043,0.12177492199118137,0.0,0.8898853942370738,0.6532674671040292,0.3006133159024902,0.2618330612334248,0.3949205574624075,fearful,06,12,12,female,strong,1360
60,2.0020000000000002,True,1.0,0.7036977085218586,0.739541013339497,0.7216193609306778,0.9150524359371217,-0.059398148148148144,-0.06037037037037046,0.3548423438299497,0.3276634820973026,0.1953112316702645,0.7886098463763493,0.03584330481763831,0.0009722222222223187,0.01717114015740815,0.3316795324061989,0.1185027351371015,0.11719590237857824,0.0,0.6931434372112862,0.5947839542770234,0.2804022655522931,0.2806107026534819,0.36672588861887834,fearful,06,12,12,female,strong,1360
70,2.3356666666666666,True,1.0,0.7671867370158886,0.7692015012718042,0.7681941191438464,1.288534180249825,-0.06824074074074071,-0.06092592592592594,0.29398034273141166,0.5521576303742326,0.19389210073779597,0.596176749455654,0.0020147642559156242,0.007314814814814774,0.01729884314364119,0.2666788935109461,0.11655674512089534,0.11913145233757326,0.0,0.9097130425626083,0.6512531843284189,0.2938139522624578,0.2528258920116759,0.369111370107236,fearful,06,12,12,female,strong,1360
80,2.6693333333333333,True,1.0,0.7936465267138743,0.7839037279620732,0.7887751273379737,1.031131080753299,-0.06833333333333341,-0.06245370370370368,0.309095286187664,0.4280065194169689,0.19527997896688165,0.7649610627212685,0.009742798751801063,0.0058796296296297346,0.011896848400235227,0.3091665779328333,0.11703208417711564,0.11866452309951368,0.0,0.799480140691384,0.6517679793714362,0.2936721109201608,0.24846001406603813,0.367616085373486,fearful,06,12,12,female,strong,1360
90,3.003,True,1.0,0.79302824080648,0.7825469289567006,0.7877875848815903,1.0976477526769859,-0.06935185185185183,-0.06203703703703706,0.2886175655817987,0.44631826119198603,0.19663993831025836,0.7177052774538129,0.010481311849779407,0.007314814814814774,0.011831085255269973,0.2973668780298802,0.11990490492616473,0.11576092408198826,0.0,0.8661260517669218,0.6445068142022434,0.2940507106464856,0.2583120303970053,0.3626733542410764,fearful,06,12,12,female,strong,1360
100,3.336666666666667,True,1.0,0.77845355574543,0.7828061822714686,0.7806298690084492,1.0495591499762078,-0.06976851851851851,-0.06240740740740741,0.2922100272421298,0.4233208499535771,0.19663993831025847,0.7437692949712698,0.004352626526038628,0.007361111111111096,0.016068945614913448,0.31759366143479384,0.11632623432666353,0.11935654559586643,0.0,0.884054974439801,0.6430804303127501,0.29186171557059143,0.2597879490875892,0.36598503574597274,fearful,06,12,12,female,strong,1360
110,3.6703333333333332,True,1.0,0.7957949274280901,0.7704938370254395,0.7831443822267647,1.0338314130668933,-0.0700925925925926,-0.062083333333333324,0.30152415950152045,0.4008856487915381,0.19525184725676928,0.7575165276740261,0.025301090402650606,0.008009259259259272,0.01996617944662687,0.3121225805958653,0.11664761170181491,0.11904248171769541,0.0,0.8267802424112582,0.6442710519442152,0.29027076172828237,0.2604909040195093,0.3665180524238297,fearful,06,12,12,female,strong,1360
0,0.0,True,1.0,0.653414826830994,0.6501401667152277,0.6517774967731109,0.6847549689467542,-0.060879629629629506,-0.05828703703703708,0.31133906434861464,0.21693376130780462,0.2008464467873758,0.951840477734149,0.0032746601157663813,0.0025925925925924242,0.010960876328265295,0.43118816847734387,0.1258001784766362,0.10932562767021246,0.0,0.9481526870824898,0.5858969631837111,0.2753135096344364,0.2580466555244433,0.32001620062694697,fearful,06,12,12,female,strong,1361
10,0.33366666666666667,True,1.0,0.6571494538441252,0.6625435205157685,0.6598464871799468,0.696479682765823,-0.06083333333333335,-0.05874999999999997,0.3074597599309949,0.22913467820522485,0.20015252972733066,0.9474023485647127,0.005394066671643327,0.0020833333333333814,0.005421435966275613,0.427731045012682,0.12205390674447164,0.11332483254154407,0.0,0.875857339841185,0.5857571965895734,0.2766229885025576,0.2585120886708429,0.3242334844096612,fearful,06,12,12,female,strong,1361
20,0.6673333333333333,True,1.0,0.6262036995563883,0.6321885881371673,0.6291961438467778,0.7303981789544315,-0.06129629629629629,-0.05870370370370365,0.3077525607316699,0.24610761733153647,0.19878044349622456,0.8614426513870491,0.0059848885807789465,0.0025925925925926463,0.012035504722298852,0.4078679152321841,0.12094483328725532,0.11467399474471789,0.0,0.7779686611774204,0.5870536390181073,0.277129012450911,0.2520929042406586,0.32280892619974916,fearful,06,12,12,female,strong,1361
30,1.0010000000000001,True,1.0,0.5917861818182812,0.595190118658194,0.5934881502382376,1.1459154505759452,-0.09166666666666673,-0.0856481481481482,0.40323889757207726,0.47513919520377773,0.1932135675544401,0.517916177794746,0.0034039368399128023,0.006018518518518534,0.03491585913432458,0.26933816952382955,0.11678804545707312,0.11890471061986274,0.0,0.6755047075595019,0.5976635963682347,0.2801631924299352,0.32109740394561853,0.39856116686684234,fearful,06,12,12,female,strong,1361
40,1.3346666666666667,True,1.0,0.6383762427289235,0.6284476156694089,0.6334119291991662,1.0953836600989593,-0.085787037037037,-0.08416666666666672,0.3361639198761532,0.4761904761904772,0.2111472472556306,0.5782557767403089,0.009928627059514583,0.001620370370370272,0.001059886141687622,0.2856559541016422,0.11284050198572773,0.12265724145159908,0.0,0.8326063875655498,0.6579220580107044,0.30553975129436084,0.28452927386872057,0.4053066075187966,fearful,06,12,12,female,strong,1361
50,1.6683333333333334,True,1.0,0.756055363371253,0.7663274983663296,0.7611914308687913,0.9542516623930161,-0.06944444444444448,-0.06587962962962968,0.3711572230500494,0.29334142376062705,0.20430152228090084,0.7976841548904617,0.01027213499507662,0.0035648148148147984,0.018664955078614508,0.3029915823092823,0.11169781773454669,0.12369872789185679,0.0,0.9337542873975209,0.6516286714920343,0.3052512603565131,0.27768874346176653,0.3939916500268784,fearful,06,12,12,female,strong,1361
60,2.0020000000000002,True,1.0,0.725549210484076,0.7099675083458795,0.7177583594149777,0.8251747674633738,-0.06925925925925919,-0.06509259259259254,0.3722681533549217,0.289478629439597,0.20006445799670566,0.869825869277851,0.01558170213819643,0.004166666666666652,0.00871786850609853,0.35692216825307316,0.1182645324486582,0.11743627265163085,0.0,0.7655225243076734,0.6521352796352915,0.2982038805046492,0.27795533892285057,0.3931877122141547,fearful,06,12,12,female,strong,1361
70,2.3356666666666666,True,1.0,0.799973212762999,0.7842565752764603,0.7921148940197297,1.9783833598408425,-0.0702314814814814,-0.06782407407407404,0.27172005648713465,0.7814119799747646,0.2043313951343341,0.4003849355483125,0.01571663748653873,0.002407407407407358,0.01694473276149294,0.18109624312869144,0.11621177248267989,0.1194679944817037,0.0,0.8979838340525418,0.6394713982546144,0.30101506310335435,0.2659040936539194,0.3752687220899506,fearful,06,12,12,female,strong,1361
80,2.6693333333333333,True,1.0,0.7924504201267438,0.771443803826013,0.7819471119763783,1.16502855107945,-0.06592592592592594,-0.0622685185185185,0.3041542467170791,0.43222163080455267,0.1960766734624114,0.6711827888268233,0.021006616300730863,0.0036574074074074425,0.016525587500101,0.2742462933610995,0.11559956994294139,0.12006047308826401,0.0,0.7071067807446058,0.6429430550345138,0.2934672089669186,0.2624404154961259,0.3690840228729217,fearful,06,12,12,female,strong,1361
90,3.003,True,1.0,0.8157597103408447,0.8117845677326404,0.8137721390367425,1.0574264809569096,-0.06578703703703709,-0.06268518518518518,0.29640193434044837,0.4007913400764503,0.19945861633822345,0.7695779836157743,0.003975142608204307,0.003101851851851911,0.01196509571151731,0.30239014782668394,0.1191354614356393,0.11655264732368703,0.0,0.8394397996296316,0.6445301085903111,0.2904289503667766,0.2674937676037881,0.3663706457707403,fearful,06,12,12,female,strong,1361
100,3.336666666666667,True,1.0,0.8207864559105791,0.7990423523085143,0.8099144041095467,0.97431571089915,-0.0643055555555555,-0.061759259259259236,0.29865215777987486,0.37871567959752656,0.1980557779337933,0.831264850858368,0.0217441036020648,0.0025462962962962687,0.010466855390161069,0.3352209925625119,0.11766105322903951,0.1180409010571792,0.0,0.8124130501263618,0.641351889490171,0.2943328689458673,0.2658751122491051,0.36738352351957865,fearful,06,12,12,female,strong,1361
0,0.0,True,1.0,0.6527071384851771,0.6213151282566453,0.6370111333709112,0.6654591054859524,-0.05624999999999997,-0.053379629629629666,0.31124289163749974,0.22755736046211883,0.19114832178248242,0.9572506080681441,0.031392010228531886,0.002870370370370301,0.003051287532884392,0.46168773191628504,0.12261656000858723,0.11288470658848666,0.0,0.7038316641103262,0.6495632863379727,0.29227879981987004,0.24380984127283592,0.3462619029505133,fearful,06,12,12,female,strong,1362
10,0.33366666666666667,True,1.0,0.6220075195944336,0.6217025529744006,0.6218550362844171,0.6833108408738108,-0.05754629629629626,-0.05569444444444438,0.31232934822364217,0.2275573604621187,0.19185922873339611,0.9100617158205705,0.000304966620032987,0.0018518518518518823,0.006632921835651577,0.4674674122549724,0.11804739261642726,0.11765454035381745,0.0,0.7626221868082415,0.6497166093234169,0.29288054627807214,0.23898253250598347,0.3469904393588093,fearful,06,12,12,female,strong,1362
20,0.6673333333333333,True,1.0,0.6652341634859625,0.6354176528950519,0.6503259081905073,0.666583396286217,-0.05763888888888885,-0.055694444444444435,0.30976952384376216,0.23670881080906303,0.19048976799342796,0.975610721499686,0.029816510590910617,0.0019444444444444153,0.0027680483281779596,0.465419309294089,0.11795884789524229,0.11774331391841694,0.0,0.8631015470294441,0.6499947863442253,0.2929334281738414,0.23857643670648265,0.3456649719728644,fearful,06,12,12,female,strong,1362
30,1.0010000000000001,True,1.0,0.6000455099444146,0.5865065763760668,0.5932760431602407,0.9246145990179298,-0.08337962962962953,-0.07810185185185192,0.36594243540662424,0.32267556613668824,0.20649990778221305,0.6416468480925815,0.013538933568347788,0.005277777777777604,0.005209603618402281,0.3212237746117128,0.11650195633640407,0.11918503236176098,0.0,0.7187205044336912,0.6565965553252552,0.3002136531964121,0.2902516888148559,0.4086831488625548,fearful,06,12,12,female,strong,1362
40,1.3346666666666667,True,1.0,0.6874703767713297,0.6705653021442501,0.6790178394577899,0.7930601916073101,-0.06560185185185191,-0.062453703703703733,0.3471279984023066,0.24570876040790082,0.20168079019673588,0.8561996260102421,0.016905074627079575,0.0031481481481481777,0.009124421497208867,0.36200928860115844,0.1146940344227966,0.1209258294860519,0.0,0.7641932342357853,0.6059315830863596,0.2886973488183464,0.2618791084897449,0.334946391909762,fearful,06,12,12,female,strong,1362
50,1.6683333333333334,True,1.0,0.7556329450289575,0.7302609584777302,0.7429469517533438,0.5202430483440826,-0.07124999999999998,-0.07009259259259254,0.33651198075272537,0.17574904454755322,0.20084644678737587,1.4280766540141587,0.0253719865512273,0.0011574074074074403,0.016503951345410283,0.49807564602396764,0.11484294798338157,0.1207844156631962,0.0,0.908491977558952,0.6089582499327856,0.28702299350505733,0.27313559802182497,0.357628395345196,fearful,06,12,12,female,strong,1362
60,2.0020000000000002,True,1.0,0.7503263788728595,0.7759888015100443,0.7631575901914519,1.0213747995588616,-0.053333333333333344,-0.05402777777777784,0.30293128225256033,0.38037608662224376,0.1842664202149354,0.747186625831247,0.02566242263718488,0.0006944444444444975,0.010812004233199982,0.30870733827529756,0.11966750783144771,0.11600631594495849,0.0,0.6634739322054622,0.6042358723333084,0.28865583472183737,0.26490334887676725,0.350064534506565,fearful,06,12,12,female,strong,1362
70,2.3356666666666666,True,1.0,0.7851922574538133,0.7803351123026347,0.782763684878224,1.3845462526733647,-0.052685185185185224,-0.0501388888888889,0.2838974042710195,0.5214359259166952,0.1789094298938383,0.5653575554928678,0.004857145151178521,0.0025462962962963243,0.014038501479025543,0.2380567724768995,0.11674584947302145,0.11894614075223732,0.0,0.8854600552791384,0.6040555173241172,0.2891093526994304,0.25501704508880746,0.3412159838340809,fearful,06,12,12,female,strong,1362
80,2.6693333333333333,True,1.0,0.7945097375528779,0.8090303718838453,0.8017700547183616,1.0388669822512007,-0.054351851851851984,-0.050925925925925986,0.29300396737113765,0.4135332324361821,0.17883137454304238,0.7717735460038825,0.014520634330967397,0.003425925925925999,0.009017894033950041,0.29394503730723776,0.11930940986801362,0.11637457835040606,0.0,0.9999999987499999,0.5993126107396085,0.28811917402046283,0.2542640958758312,0.33958548736970906,fearful,06,12,12,female,strong,1362
90,3.003,True,1.0,0.7536274254480567,0.7628513073064334,0.7582393663772451,0.9634685766091227,-0.055740740740740646,-0.0526388888888889,0.28579205110062345,0.4029775966430725,0.1801700748248418,0.786989202124089,0.009223881858376637,0.0031018518518517446,0.011728001353692244,0.3239243576756668,0.1219826283464383,0.11356943317354808,0.0,0.8796301070568823,0.5965083410473565,0.286318185551736,0.2575947046081651,0.33493697476588524,fearful,06,12,12,female,strong,1362
100,3.336666666666667,True,1.0,0.7938244894929938,0.7788044957163316,0.7863144926046627,0.9022602705806683,-0.05425925925925934,-0.05185185185185187,0.29879002966636314,0.37583856643548863,0.17945429462263351,0.871494089059927,0.015019993776662188,0.002407407407407469,0.012668252429759514,0.3306691145946674,0.11751015570120829,0.11819112096967821,0.0,0.9999999987499999,0.5957140353406988,0.28688255410197766,0.2511402094914055,0.332890923747603,fearful,06,12,12,female,strong,1362
0,0.0,True,1.0,0.6431081051665968,0.6246213467982821,0.6338647259824395,0.6731972314959974,-0.05541666666666656,-0.054675925925925906,0.3054347789735408,0.20364151765272756,0.19392357711161795,0.9415735780342528,0.018486758368314704,0.000740740740740653,0.004980590414066501,0.44699113484435704,0.12083481027069738,0.11478992288712139,0.0,0.9082978956783605,0.5933032658375851,0.28032413153382724,0.24425303487382213,0.3159799451313865,fearful,06,12,12,female,strong,1363
10,0.33366666666666667,True,1.0,0.6329039598187061,0.6350636805189297,0.6339838201688179,0.6912565513571777,-0.05736111111111103,-0.054675925925925906,0.3064686238577067,0.20364151765272756,0.19460132869936592,0.9171469245739322,0.002159720700223633,0.002685185185185124,0.0037437283275156266,0.4353133346652234,0.12121954743268123,0.11438356127373117,0.0,0.8888346718849762,0.5926228123983969,0.27946953430410876,0.2511263629202279,0.323342384592399,fearful,06,12,12,female,strong,1363
20,0.6673333333333333,True,1.0,0.6329039598187061,0.6394667589513214,0.6361853593850137,0.6897091537901593,-0.0559722222222222,-0.05509259259259264,0.30596109201050575,0.21212996278441215,0.1946342583266655,0.9223965723652989,0.006562799132615371,0.0008796296296295636,0.0037070126039746992,0.42122601706738455,0.12064735744422066,0.11498692495673697,0.0,0.8480043652593076,0.5915567822050696,0.27937552965152157,0.2477085359641363,0.3193844016160619,fearful,06,12,12,female,strong,1363
30,1.0010000000000001,True,1.0,0.6124107248631971,0.6129819537164947,0.6126963392898459,0.8671893507958396,-0.08638888888888896,-0.08236111111111111,0.3698357366454603,0.31784374379107116,0.20519601347794633,0.7065312076625023,0.0005712288532975229,0.004027777777777852,0.010828131143547266,0.33736659525199636,0.11340650044420256,0.12213412064604512,0.0,0.7561051599345634,0.6631297018182273,0.30136840068443543,0.2824746526623607,0.39873899916577743,fearful,06,12,12,female,strong,1363
40,1.3346666666666667,True,1.0,0.6170622639912139,0.6346009366954717,0.6258316003433428,0.898083319219895,-0.0797222222222222,-0.07754629629629622,0.3281308991596093,0.4064732575989001,0.1996054442683331,0.696852493471275,0.017538672704257796,0.00217592592592597,0.032501354646403226,0.34153957072979113,0.11480751367074601,0.12081809704613768,0.0,0.7919720085645839,0.6065294708039467,0.29290652255620164,0.3007835337513874,0.383766909217372,fearful,06,12,12,female,strong,1363
50,1.6683333333333334,True,1.0,0.5685809055562493,0.5870058664433113,0.5777933859997804,0.8956606541746671,-0.08328703703703694,-0.07861111111111113,0.3634480343424181,0.40163168142754874,0.20029884898882977,0.6451030122923118,0.018424960887062025,0.004675925925925806,0.0325051240882281,0.33698740152225837,0.11457812950221918,0.12103565593904184,0.0,0.9307423630206192,0.6068160799554196,0.28762544099519455,0.29675744865889986,0.3958114483746677,fearful,06,12,12,female,strong,1363
60,2.0020000000000002,True,1.0,0.5806928532016996,0.5871452710996553,0.5839190621506775,0.8523623908712296,-0.07800925925925917,-0.07407407407407413,0.3752799688415215,0.31572444243965403,0.1954030075788308,0.6850596276940766,0.006452417897955698,0.003935185185185042,0.028031442496390165,0.35057296046926956,0.11385599088572056,0.12171520491789885,0.0,0.9561747566450507,0.6062915330350891,0.2906150017322978,0.3046762919726398,0.4064437160002324,fearful,06,12,12,female,strong,1363
70,2.3356666666666666,True,1.0,0.7670633832384043,0.8123537781416609,0.7897085806900326,1.5896467141969517,-0.06967592592592597,-0.06736111111111104,0.2831163674515299,0.6394951801028675,0.1983110106485378,0.49678244457541176,0.04529039490325659,0.002314814814814936,0.03431617371736229,0.20715502164021596,0.1168577447304323,0.11883621192959484,0.0,0.8132478854170422,0.597092696047169,0.2859639819469729,0.2822588805496432,0.36089951788229097,fearful,06,12,12,female,strong,1363
80,2.6693333333333333,True,1.0,0.7674019302504059,0.7972270014622779,0.7823144658563419,1.0011301610731402,-0.06870370370370366,-0.06680555555555562,0.3031446835228472,0.3908402053370322,0.19881421591760165,0.7814313225942134,0.029825071211871945,0.0018981481481480378,0.021372093646055385,0.32128352883714845,0.11725446778508183,0.11844478694106558,0.0,0.8288751187190083,0.5917505229904463,0.2877410684223909,0.27182507394246785,0.3559201546280484,fearful,06,12,12,female,strong,1363
90,3.003,True,1.0,0.8349680520970266,0.7992929022680321,0.8171304771825294,0.930010949598457,-0.07023148148148162,-0.06685185185185177,0.30740967076804515,0.38257355189115716,0.20013766319340198,0.8786245769851796,0.03567514982899456,0.0033796296296298434,0.014093508820559644,0.3438189088316306,0.11453093114581799,0.12108031871422292,0.0,0.8703958189171933,0.641038018707483,0.29808282789736956,0.26352661804820493,0.3638697052886937,fearful,06,12,12,female,strong,1363
100,3.336666666666667,True,1.0,0.7917288699179454,0.807889221121212,0.7998090455195788,0.8894888334016926,-0.06810185185185186,-0.06453703703703706,0.31011959088716334,0.362674519057982,0.19945861633822345,0.8991782869952967,0.016160351203266532,0.0035648148148147984,0.007765692177655933,0.3607154811800977,0.11921598799583942,0.11647027936694371,0.0,0.7369981252675346,0.6395308612194878,0.294899790211094,0.26560329732276033,0.3572564099029897,fearful,06,12,12,female,strong,1363
0,0.0,True,1.0,0.5698011976474644,0.5968557892757501,0.5833284934616072,0.5865106686969221,-0.05379629629629634,-0.05180555555555555,0.3182728252307505,0.1087970275770569,0.20783317149375594,0.9945743949681514,0.027054591628285718,0.001990740740740793,0.014741689320811512,0.5207746958731911,0.124522528121555,0.11077868820391928,0.0,0.7557707643610642,0.630011650222589,0.2841436616479743,0.23610724874514272,0.3202992187469592,disgust,07,12,12,female,normal,1364
10,0.33366666666666667,True,1.0,0.630591481888973,0.6308503756951024,0.6307209287920377,0.5954713057823918,-0.05555555555555558,-0.05495370370370378,0.32261987648359586,0.11572959243472014,0.2083699512089982,1.059196173967327,0.00025889380612942325,0.0006018518518517979,0.0033290362062078304,0.5183562141128665,0.12021263055432577,0.11544133239280269,0.0,0.8017366073021311,0.6342555215758179,0.2839917712119642,0.22962428507686944,0.3210814459258833,disgust,07,12,12,female,normal,1364
20,0.6673333333333333,True,1.0,0.6140262816591958,0.6206171784380338,0.6173217300486148,0.605582984903632,-0.055601851851851736,-0.05634259259259261,0.3172329538809811,0.14291510569761978,0.20845195190820423,1.019384205695361,0.006590896778837951,0.000740740740740875,0.00014411557631040762,0.5183562141128665,0.12145524740827202,0.11413325828393425,0.0,0.7860521423284788,0.6325272873758878,0.2836573530816154,0.23184555419991246,0.32098936822379043,disgust,07,12,12,female,normal,1364
30,1.0010000000000001,True,1.0,0.5402872503364542,0.5650489003287684,0.5526680753326113,1.1853221385580124,-0.06875000000000003,-0.06935185185185189,0.33122670352427946,0.35235235235235257,0.22229945642032806,0.4662598101854,0.024761649992314227,0.0006018518518518534,0.0014442876670665008,0.28121750407770607,0.11754226911436048,0.1181591839027265,0.0,0.8892709182423048,0.6428937707583033,0.2975926080348718,0.27449505675648983,0.3733124295369236,disgust,07,12,12,female,normal,1364
40,1.3346666666666667,True,1.0,0.52642410243732,0.5629768192606576,0.5447004608489887,0.9970360327178586,-0.06648148148148164,-0.06680555555555545,0.2985642883116849,0.3113225748005084,0.2212092433059743,0.5463197346681332,0.036552716823337605,0.00032407407407381017,0.009860432381974146,0.3454153118615112,0.11628109680752624,0.11940052049331791,0.0,0.8045114944378658,0.6408702240192953,0.29848674531364366,0.26330488825462367,0.3549098270590256,disgust,07,12,12,female,normal,1364
50,1.6683333333333334,True,1.0,0.5931129680200644,0.5826313488181457,0.5878721584191051,1.5542442390613753,-0.07013888888888886,-0.07092592592592589,0.29661074767097245,0.5148931219141074,0.22147120833389775,0.3782366655411426,0.010481619201918702,0.0007870370370370305,0.022439952247159136,0.22351991908142557,0.11869341220557039,0.11700278487461514,0.0,0.7738339469951893,0.6356121979260454,0.29831597629364437,0.2737202542945394,0.365782551227677,disgust,07,12,12,female,normal,1364
60,2.0020000000000002,True,1.0,0.5878905643473223,0.6750190304642734,0.6314547974057978,0.7191354078424043,-0.0625,-0.0637037037037036,0.31477395396085855,0.1709775478710656,0.22234612719338814,0.87807496407433,0.08712846611695102,0.0012037037037035958,0.022557508562656262,0.46026535513583294,0.1190015787556543,0.11668933980050639,0.0,0.8853902288196377,0.6349475710909364,0.2849230994943663,0.25160483314475657,0.3334277394257097,disgust,07,12,12,female,normal,1364
70,2.3356666666666666,True,1.0,0.5789173880473498,0.5959783993788987,0.5874478937131242,0.9189177611084138,-0.0671296296296296,-0.06412037037037044,0.32169710352655173,0.21701722445690977,0.22714010573056764,0.6392823368704234,0.017061011331548914,0.003009259259259156,0.03510716439724122,0.3617839351975176,0.11684443935372381,0.1188492943234987,0.0,0.7911654366175681,0.6336679558385855,0.2921243409210758,0.2641899294183405,0.3471928105972547,disgust,07,12,12,female,normal,1364
80,2.6693333333333333,True,1.0,0.5883178826800196,0.5548425188880439,0.5715802007840318,1.0804459270444469,-0.062499999999999944,-0.06152777777777785,0.30813344250948577,0.30496457618190054,0.22304018585513552,0.5290224956908172,0.03347536379197569,0.0009722222222220966,0.014949450759542706,0.27217741935483863,0.11950975744855592,0.11616882389044486,0.0,0.8607786790006763,0.6383604063422244,0.2843111212794556,0.2634345189264871,0.3404055448507395,disgust,07,12,12,female,normal,1364
90,3.003,True,1.0,0.572201004896985,0.5765718092288199,0.5743864070629024,0.6962855168478568,-0.060694444444444495,-0.05981481481481482,0.3112861347550757,0.16535146161085978,0.22155567234061305,0.8249294192750096,0.004370804331834899,0.0008796296296296746,0.015122816068435772,0.47873081554584307,0.12079246698276709,0.1148344795334125,0.0,0.8020225763912247,0.5841787015743797,0.27445078079734125,0.2581018501209671,0.31174124831701555,disgust,07,12,12,female,normal,1364
100,3.336666666666667,True,1.0,0.5878637705159009,0.5871531289270587,0.5875084497214798,0.7060450270063576,-0.059814814814814765,-0.059537037037037055,0.31104091148128055,0.15497090971844585,0.22226376039325066,0.8321118728256257,0.0007106415888421536,0.0002777777777777102,0.030089262422598153,0.4807567194835018,0.11873427276792764,0.11696131941646183,0.0,0.8716222702047106,0.6363273494632228,0.2881803826940903,0.2554089753289712,0.33332061202634006,disgust,07,12,12,female,normal,1364
110,3.6703333333333332,True,1.0,0.6027037348255503,0.5820873790000122,0.5923955569127812,0.7862099273136085,-0.060416666666666674,-0.05902777777777779,0.31224671503406415,0.2136440019873929,0.2236687648418109,0.7534826721622947,0.020616355825538113,0.001388888888888884,0.015685991026763064,0.42798913043478176,0.11873943011227973,0.11695608366312903,0.0,0.9437426811062172,0.6377210802445978,0.28724084163733504,0.2574842526414318,0.33577670013120625,disgust,07,12,12,female,normal,1364
0,0.0,True,1.0,0.5914112532168013,0.6057942503586624,0.5986027517877319,0.723781078583019,-0.07120370370370377,-0.07185185185185189,0.30665984327915274,0.3443797993743252,0.19876470665850138,0.827049462193244,0.014382997141861087,0.0006481481481481199,0.005046854641266811,0.430861182946953,0.12391779402751513,0.1114547356262864,0.0,0.7268186255480796,0.5890507946772459,0.2803668663861879,0.2778338603421484,0.3531796774428338,disgust,07,12,12,female,normal,1365
10,0.33366666666666667,True,1.0,0.592073597641737,0.5906427973557581,0.5913581974987475,0.7062443043731652,-0.07092592592592595,-0.07050925925925933,0.30665984327915274,0.32716080940560904,0.19876470665850138,0.8373280943109537,0.0014308002859788616,0.0004166666666666208,0.00509092446155271,0.43953594287043396,0.12226766790102446,0.1132625055173408,0.0,0.7216331236945144,0.5880618885444803,0.28178506493315236,0.27629498937012076,0.3550027116302842,disgust,07,12,12,female,normal,1365
20,0.6673333333333333,True,1.0,0.5914112532168014,0.5906836019435631,0.5910474275801822,0.8701040700932536,-0.06694444444444453,-0.06763888888888892,0.30057292872670066,0.310669583677545,0.20697430445724505,0.6792836028417113,0.0007276512732383722,0.0006944444444443865,0.0012087132628977209,0.3809186627229674,0.11715263372095493,0.11854551101372118,0.0,0.8969779260251524,0.6501462760494823,0.29287520126940325,0.2537834182180468,0.361964427397908,disgust,07,12,12,female,normal,1365
30,1.0010000000000001,True,1.0,0.5092765272368558,0.4906688625175118,0.49997269487718377,1.1011775556409855,-0.05870370370370376,-0.054629629629629695,0.3419707431173764,0.3224773012758286,0.19883225111080471,0.4540345853545427,0.018607664719343997,0.004074074074074063,0.0003786662287724759,0.30534728446636483,0.11955147191869119,0.11612589431917543,0.0,0.8613490097805733,0.5990619876153587,0.2847846350629451,0.2681501043822536,0.34835591011228795,disgust,07,12,12,female,normal,1365
40,1.3346666666666667,True,1.0,0.48537058710111086,0.4752399269564662,0.48030525702878857,0.827126194067934,-0.0464814814814814,-0.04583333333333328,0.27408487482231286,0.23630057822932424,0.19174466964605202,0.580691629008354,0.010130660144644643,0.0006481481481481199,0.005301256407799789,0.3757214028643805,0.11987325871096158,0.11579369419580038,0.0,0.7863575313937885,0.6470398912846389,0.2944394184261489,0.2538601042182504,0.3504364058089792,disgust,07,12,12,female,normal,1365
50,1.6683333333333334,True,1.0,0.5476773428331505,0.5441649597849673,0.5459211513090589,1.2906105047954537,-0.047916666666666774,-0.04833333333333334,0.3054571866092674,0.3889049317714211,0.18889898634705438,0.42299450475616646,0.003512383048183243,0.00041666666666656527,0.01294124583175332,0.26231304352424,0.1183628887593768,0.11733713961751407,0.0,0.778140165256753,0.5940906091889883,0.27910019349494813,0.26971261754939185,0.3360886379037001,disgust,07,12,12,female,normal,1365
60,2.0020000000000002,True,1.0,0.5230181305476784,0.540287250336454,0.5316526904420662,1.1964064111294042,-0.041018518518518565,-0.044120370370370476,0.31807047515574743,0.2991016027823514,0.19447622372529053,0.4443746585578621,0.017269119788775544,0.003101851851851911,0.00819437763635879,0.2732142857142851,0.12000746716068249,0.11565459608169927,0.0,0.9509055740526595,0.5843571259284964,0.27787440476844144,0.2544217173413281,0.312974739397662,disgust,07,12,12,female,normal,1365
70,2.3356666666666666,True,1.0,0.5411193809242101,0.5385662138677328,0.5398427973959714,0.9252915127470067,-0.04203703703703704,-0.0437499999999999,0.2973048437898522,0.2775874538241011,0.191744669646052,0.5834299677009739,0.0025531670564772346,0.0017129629629628607,0.015622431471425934,0.3150000000000006,0.12326544633257584,0.11217578843146228,0.0,0.9053870500819222,0.583482874712385,0.2791623873815478,0.2616618143965711,0.3189956426150072,disgust,07,12,12,female,normal,1365
80,2.6693333333333333,True,1.0,0.49247637157378416,0.4788893564305698,0.485682864002177,1.051271334385287,-0.03861111111111126,-0.03944444444444439,0.33615882428602206,0.22641919402063193,0.19722841160573593,0.46199572661816346,0.013587015143214365,0.0008333333333331305,0.00424414729453824,0.32165526777575604,0.11900181390258328,0.1166890999931437,0.0,0.7083009075193764,0.6374174189988495,0.2836454768201237,0.24580025678814865,0.33281937506038806,disgust,07,12,12,female,normal,1365
90,3.003,True,1.0,0.5165218317077098,0.48115195659975213,0.498836894153731,0.8113812188169142,-0.041990740740740884,-0.04212962962962963,0.3224235786728788,0.19041365837563956,0.19586488726564819,0.6147996559263372,0.03536987510795769,0.00013888888888874407,0.00468394701652498,0.41374164379816136,0.12348053008005636,0.1119389854380804,0.0,0.8803185992572254,0.6320847463985595,0.28604845511682236,0.24040072908846472,0.3211066686016849,disgust,07,12,12,female,normal,1365
100,3.336666666666667,True,1.0,0.556541567973667,0.578289509731835,0.5674155388527511,0.828561475927254,-0.04231481481481486,-0.04356481481481489,0.317405247362701,0.22827714132689578,0.19521550446455999,0.6848200831661271,0.021747941758167966,0.0012500000000000289,0.002421338099734466,0.4017857142857136,0.12133894895347287,0.1142568914180376,0.0,0.920712728891576,0.6339739765437425,0.28612301301724136,0.23693679649189928,0.31990293019985316,disgust,07,12,12,female,normal,1365
0,0.0,True,1.0,0.637768869220975,0.6505329668290416,0.6441509180250082,0.6643139682743472,-0.059259259259259234,-0.05796296296296294,0.3131654874386872,0.21289900065613868,0.19588046757961877,0.9696483120749133,0.012764097608066627,0.0012962962962962954,0.0031657580092112184,0.47866645153958326,0.11963416731353195,0.11604069881208533,0.0,0.6876585660375127,0.646256412776048,0.2966960508016333,0.24479533067302914,0.3460318682618367,disgust,07,12,12,female,normal,1366
10,0.33366666666666667,True,1.0,0.6391136400368135,0.6519814562610848,0.6455475481489492,0.6815461991335672,-0.05611111111111111,-0.055277777777777704,0.31308978491962625,0.22993092070862978,0.19730924259563265,0.9471809086010865,0.012867816224271356,0.0008333333333334081,0.0020661079964418823,0.4805422495698433,0.11698878997964277,0.11870720613469261,0.0,0.8121911414613842,0.6447247188719238,0.29818186923425327,0.24103067180329024,0.3438476261876097,disgust,07,12,12,female,normal,1366
20,0.6673333333333333,True,1.0,0.5802794139667337,0.6217025529743994,0.6009909834705665,1.088793450361212,-0.06402777777777774,-0.06578703703703703,0.30475594467505157,0.40384077152929343,0.20918867833246066,0.551978874662761,0.0414231390076657,0.0017592592592592937,0.005273082489990534,0.3088382903241969,0.11800434298233634,0.1176977179331633,0.0,0.8340708573529213,0.6467218406972164,0.2944320971284012,0.26084531989012405,0.364285283512924,disgust,07,12,12,female,normal,1366
30,1.0010000000000001,True,1.0,0.5552915428300372,0.569001565489622,0.5621465541598296,1.220480114474202,-0.07777777777777772,-0.07606481481481492,0.2986668078797168,0.3948071862941625,0.22035538984303332,0.46059460329839896,0.013710022659584764,0.0017129629629628051,0.0021473543067169407,0.2650777899211723,0.11514771993522374,0.12049390176608323,0.0,0.856478801761806,0.6455772524009604,0.2954279329391762,0.2757480741848732,0.3797176920955788,disgust,07,12,12,female,normal,1366
40,1.3346666666666667,True,1.0,0.47732245994071537,0.49124168276529223,0.48428207135300383,1.0954240938323736,-0.07425925925925914,-0.07476851851851851,0.30734079656815083,0.3999007930634354,0.21886297305977204,0.4420955081047457,0.01391922282457686,0.0005092592592593759,0.0060374366707929405,0.2950583426614243,0.11433342609971318,0.12126683571831387,0.0,0.913994241374037,0.6443777147890405,0.299554161012116,0.276895344610668,0.378257740412328,disgust,07,12,12,female,normal,1366
50,1.6683333333333334,True,1.0,0.5277250905148695,0.557743884713389,0.5427344876141292,1.1138413858324596,-0.06398148148148136,-0.07277777777777766,0.3158989288346465,0.3795945979796792,0.21189774860577812,0.4872637114381433,0.030018794198519494,0.008796296296296302,0.008338904479455216,0.28278535817767403,0.11980093855116325,0.1158685155325246,0.0,0.84450967873724,0.5921862159942102,0.2796747417751953,0.2849236399529711,0.3505259224458921,disgust,07,12,12,female,normal,1366
60,2.0020000000000002,True,1.0,0.5204052350002007,0.5096558325343086,0.5150305337672547,0.9346748749485164,-0.06837962962962968,-0.06796296296296289,0.3638461815712259,0.20767241936925548,0.21399195006007607,0.551026402411452,0.010749402465892177,0.0004166666666667873,0.024401985746996997,0.3425564930692901,0.11542550103818763,0.12022783154964137,0.0,0.757015912929672,0.6070880116030788,0.28468978450467697,0.2681415405420813,0.3472980857543655,disgust,07,12,12,female,normal,1366
70,2.3356666666666666,True,1.0,0.5692280075015549,0.533766664076959,0.551497335789257,1.0303434369976856,-0.07435185185185184,-0.07430555555555546,0.26647371708811246,0.49484852605922547,0.21958346785170524,0.5352558341093172,0.03546134342459584,4.629629629637755e-05,0.022165264511955707,0.3221696278149637,0.11470863608619342,0.12091197862999228,0.0,0.8604374147674587,0.6427515092443228,0.2987675691503936,0.27429769326630554,0.3771931785169365,disgust,07,12,12,female,normal,1366
80,2.6693333333333333,True,1.0,0.5732318735335026,0.5450317394352504,0.5591318064843764,0.8706507835436917,-0.07245370370370369,-0.07236111111111121,0.31457144076580834,0.29875271984342405,0.21607428970609985,0.6421998544681923,0.028200134098252172,9.259259259247754e-05,0.006621295079837402,0.38602941176470523,0.11757592252699772,0.11812569665995952,0.0,0.7610337197649824,0.6481324119882328,0.2958913068707822,0.27159332251192314,0.3667382828973917,disgust,07,12,12,female,normal,1366
90,3.003,True,1.0,0.5935594230729528,0.5882924935158058,0.5909259582943793,0.776297315492184,-0.06990740740740742,-0.06999999999999984,0.313215232711456,0.24149585424866135,0.21746252671172428,0.761210874366767,0.0052669295571470265,9.259259259242203e-05,0.008370570715115416,0.39996875366163204,0.11844850811781289,0.11725070871429115,0.0,0.8600254740149742,0.5899240270639506,0.27936109720352004,0.28805965852329096,0.3495349658525054,disgust,07,12,12,female,normal,1366
100,3.336666666666667,True,1.0,0.6153168519357746,0.6134950736269664,0.6144059627813705,0.7618550921975096,-0.07055555555555554,-0.07106481481481486,0.3170420188145495,0.2623962550724223,0.21400442814737727,0.8064604005063037,0.0018217783088081418,0.0005092592592593204,0.001056211693445992,0.40058551386401187,0.11740432475522872,0.11829624802926553,0.0,0.9025827266530253,0.5891557254698755,0.27915930149858464,0.2847816403479347,0.34772044021012627,disgust,07,12,12,female,normal,1366
0,0.0,True,1.0,0.59480519796399,0.5863924434144159,0.590598820689203,0.7016367777380353,-0.07041666666666668,-0.06912037037037039,0.3046555004765888,0.3068447547524889,0.1966989036523519,0.8417443888748236,0.00841275454957413,0.0012962962962962954,0.00688986061473338,0.4525902892961408,0.12361253223209448,0.1117932003532235,0.0,0.7743712803387354,0.5912032309877076,0.2829965378388421,0.2757865903862221,0.3562097425674103,disgust,07,12,12,female,normal,1367
10,0.33366666666666667,True,1.0,0.5571519051151022,0.5705595086823604,0.5638557068987313,0.725391008621124,-0.06967592592592592,-0.06842592592592589,0.3013860018384191,0.31819494417661753,0.19739274606235474,0.7773127874448695,0.01340760356725823,0.0012500000000000289,0.0040514655163078886,0.4311881684773438,0.119208387298441,0.11647805873692806,0.0,0.9309479991896596,0.5903201364373876,0.2814573390041622,0.2649546749985654,0.34751205950380126,disgust,07,12,12,female,normal,1367
20,0.6673333333333333,True,1.0,0.18846324503274034,0.1547499910281477,0.17160661803044402,0.6377976867863092,-0.07537037037037031,-0.07078703703703704,0.3077291379357364,0.22134947570948668,0.19185922873339611,0.2690612110795252,0.03371325400459263,0.004583333333333273,0.012893445568151808,0.5005266723301971,0.12247530712421388,0.11303794457922302,0.0,0.7170693062803253,0.5885235904283589,0.2786002688585984,0.26331830467419187,0.33365484290428077,disgust,07,12,12,female,normal,1367
30,1.0010000000000001,True,1.0,0.39547425769225164,0.3827886524525265,0.3891314550723891,1.100982943969257,-0.046990740740740666,-0.04120370370370369,0.3090676186817143,0.3930672117094596,0.16960691018234508,0.35344003937926116,0.012685605239725117,0.0057870370370369795,0.028306009505182778,0.3139957361780228,0.11831852965717674,0.1173818695931929,0.0,0.8349482352496514,0.655927943325768,0.29268631644689175,0.25682895234674236,0.3672851969855996,disgust,07,12,12,female,normal,1367
40,1.3346666666666667,True,1.0,0.36716815801954183,0.3763439568421555,0.37175605743084866,1.018375238856718,-0.045787037037037126,-0.04124999999999995,0.2934479516043488,0.44417290518459585,0.17120851086845368,0.36504820938910665,0.009175798822613657,0.004537037037037173,0.017820279504067775,0.2986712349803836,0.11973887633432616,0.11593264968730041,0.0,0.8174249100086038,0.5983864926830107,0.27883287592748657,0.26103119618485787,0.32864050614287094,disgust,07,12,12,female,normal,1367
50,1.6683333333333334,True,1.0,0.42243715683875527,0.4265623673096644,0.4244997620742098,1.1468821883326485,-0.04773148148148154,-0.043564814814814834,0.30929877302597936,0.43222163080455134,0.17809035584183266,0.3701337124184942,0.004125210470909135,0.004166666666666707,0.024926698230204984,0.28594819768611696,0.12257971231153332,0.1129247178411679,0.0,0.9686976960868767,0.5927236611754076,0.28004153672677967,0.2730001753865105,0.3465691196512422,disgust,07,12,12,female,normal,1367
60,2.0020000000000002,True,1.0,0.46800184578642706,0.4623690100557892,0.4651854279211081,1.0991713364774376,-0.04541666666666666,-0.04254629629629625,0.3135451421958682,0.3485960809996953,0.18270947180724784,0.4232146640685775,0.005632835730637886,0.002870370370370412,0.031059991599666676,0.30492313590291387,0.11872674131192157,0.11696896454510045,0.0,0.8554032053516492,0.5906021005120797,0.28158675826677887,0.2566838634189488,0.3225154237728621,disgust,07,12,12,female,normal,1367
70,2.3356666666666666,True,1.0,0.512330165926023,0.549407073211027,0.530868619568525,0.858670947933451,-0.03671296296296289,-0.035092592592592564,0.2903222285338712,0.22358359997148308,0.1939581952229413,0.6182445334224451,0.03707690728500401,0.0016203703703703276,0.036028318727687164,0.3881968222350603,0.12021148124027303,0.115442529196795,0.0,0.8765683533230835,0.5768396155102666,0.2726224320917271,0.23766101273163462,0.29276316744938485,disgust,07,12,12,female,normal,1367
80,2.6693333333333333,True,1.0,0.5540349564684789,0.5787016320795826,0.5663682942740307,1.071234176529903,-0.03837962962962982,-0.038703703703703574,0.3056612327284827,0.28964925202890063,0.1927668204538872,0.5287063339490278,0.024666675611103694,0.00032407407407375466,0.03217909439149775,0.305947431568048,0.1231188173088419,0.11233670190260263,0.0,0.8335198961214569,0.5737950594378376,0.2724189532802842,0.2469715223394297,0.30333126143917916,disgust,07,12,12,female,normal,1367
90,3.003,True,1.0,0.5930531385134118,0.5764897154684764,0.5847714269909441,0.7740612389072454,-0.04125000000000001,-0.04407407407407404,0.3025825289170004,0.21109036175232238,0.19663993831025836,0.755458867590987,0.01656342304493541,0.0028240740740740344,0.008927408760304768,0.4218405300807861,0.12360776777634604,0.11179846830367185,0.0,0.834529818768356,0.5851916203043718,0.27215895104879056,0.2465608854787438,0.3074967967022278,disgust,07,12,12,female,normal,1367
100,3.336666666666667,True,1.0,0.617667337005543,0.607819266142788,0.6127433015741655,0.7248761400602595,-0.04037037037037028,-0.04509259259259252,0.31017601937773115,0.18120278469679332,0.19938057002093051,0.8453075880290771,0.009848070862754965,0.004722222222222239,0.016981665717366416,0.4559383005117649,0.12156615705886972,0.11401511841610507,0.0,0.9489980224891248,0.5871610689822805,0.2714685470825002,0.24557088176228806,0.3070599551888292,disgust,07,12,12,female,normal,1367
0,0.0,True,1.0,0.5796268209136082,0.6061816750764196,0.592904247995014,0.6707570414713474,-0.05685185185185193,-0.05435185185185182,0.31044292059526496,0.22321451522033675,0.19740936522195215,0.8839329464129687,0.026554854162811448,0.0025000000000001132,0.01903251966555805,0.4955571129477862,0.1231080898960714,0.11234845780912156,0.0,0.7185949434296324,0.6318251772896659,0.28796634595461823,0.23542498914576848,0.3307207210781147,disgust,07,12,12,female,strong,1368
10,0.33366666666666667,True,1.0,0.625743955940095,0.6412043959774921,0.6334741759587936,0.6915794424222009,-0.05745370370370362,-0.05523148148148149,0.30661115016058044,0.20714637949702744,0.19742675586761846,0.9159817905230117,0.015460440037397105,0.0022222222222221255,0.01618464405889842,0.4554871639468936,0.12174648267566436,0.11382254489189603,0.0,0.8277067616059386,0.5821621192930299,0.27608700658223434,0.25597962623461856,0.32004622862659754,disgust,07,12,12,female,strong,1368
20,0.6673333333333333,True,1.0,0.577783570827941,0.5852110517881035,0.5814973113080222,1.2170513024652525,-0.04999999999999993,-0.04749999999999999,0.3170244814990034,0.4308286887194994,0.18634708557960425,0.47779194692133714,0.007427480960162547,0.0024999999999999467,0.01714799174672945,0.2841809416341567,0.1218164182737644,0.11374769452034328,0.0,0.7027427521870948,0.5865018705294618,0.27666291186782543,0.2679331795919158,0.32655271762137295,disgust,07,12,12,female,strong,1368
30,1.0010000000000001,True,1.0,0.4424149657185443,0.4579251919111138,0.45017007881482907,1.1793221591458245,-0.03685185185185186,-0.03657407407407404,0.3419729150926582,0.3876763203164604,0.17432131212675447,0.38171934218626435,0.015510226192569532,0.0002777777777778212,0.015507005059941606,0.2863820940108508,0.11979518165080431,0.1158744675176662,0.0,0.8581807544073095,0.5970558584058622,0.2783648853367877,0.27023205318496174,0.33744660819551214,disgust,07,12,12,female,strong,1368
40,1.3346666666666667,True,1.0,0.1063329368903058,0.11949131713370424,0.11291212701200502,0.93419845679909,-0.05495370370370367,-0.05250000000000005,0.29562947604434864,0.38120503462451893,0.17099447946145338,0.12086524676874741,0.013158380243398438,0.0024537037037036247,0.00282621747038391,0.321990944586521,0.11959502925051164,0.11591679257233169,0.0,0.8775385916469474,0.6046568457930047,0.2798500386991312,0.2714995026216429,0.34800917453046637,disgust,07,12,12,female,strong,1368
50,1.6683333333333334,True,1.0,0.4890480219256239,0.4790066541608161,0.48402733804322,1.9798305920061865,-0.04925925925925928,-0.048194444444444484,0.2773235554083278,0.8686868686868691,0.16597635928167098,0.24447916907514253,0.010041367764807796,0.0010648148148147962,0.011184654539030824,0.16676381010575037,0.12007974541725804,0.11557955057065741,0.0,0.6631224628581985,0.5997072767857143,0.2802023825555948,0.27777651856672947,0.36120579899999267,disgust,07,12,12,female,strong,1368
60,2.0020000000000002,True,1.0,0.39934463095347,0.3814998735718894,0.3904222522626797,0.7566659624974922,-0.050833333333333286,-0.043379629629629546,0.32366112316189216,0.3166355426284817,0.18266562172332237,0.5159770250191129,0.01784475738158059,0.00745370370370374,0.013236589145372006,0.4184614589816871,0.11991233006241007,0.11575323264702674,0.0,0.8364742624515187,0.6061324589210684,0.2805031223922242,0.2542504005233297,0.32867611236263583,disgust,07,12,12,female,strong,1368
70,2.3356666666666666,True,1.0,0.43580115286398413,0.4247290243412637,0.4302650886026239,0.8869453304356167,-0.048564814814814894,-0.0459722222222223,0.33725894655288985,0.28447587718654355,0.18333333333333335,0.48510891690618896,0.011072128522720437,0.002592592592592591,0.003300775850093495,0.37144134513105276,0.1170285095758849,0.11850739119375724,0.0,0.9999999987499999,0.5989230668126625,0.2791900578815179,0.2660658977065083,0.33181360091588763,disgust,07,12,12,female,strong,1368
80,2.6693333333333333,True,1.0,0.5146442184875436,0.49209805736116,0.5033711379243518,1.1929550157836444,-0.053657407407407376,-0.051712962962963016,0.24990115079849456,0.5625879043600561,0.1814725364735409,0.42195315939360095,0.02254616112638358,0.0019444444444443598,0.019422851098946838,0.27588125260066027,0.11963571852837071,0.11603909953883629,0.0,0.8614985804316866,0.6094718333583433,0.27966938374955436,0.25801037308319497,0.33304339421350543,disgust,07,12,12,female,strong,1368
90,3.003,True,1.0,0.5136315398013843,0.49408619699309714,0.5038588683972407,1.12777491542217,-0.05055555555555541,-0.05027777777777781,0.2910203591171046,0.45692179695717394,0.17960218385210258,0.44677254433224095,0.01954534280828718,0.00027777777777759916,0.028250659055430817,0.2914449780102559,0.120085992727684,0.11557305966488857,0.0,0.75175143277408,0.6116731913312201,0.2824782759789963,0.2511542755267572,0.3287375582239257,disgust,07,12,12,female,strong,1368
100,3.336666666666667,True,1.0,0.5479812560735844,0.5327144780004965,0.5403478670370405,0.9441080839038741,-0.05152777777777778,-0.04907407407407405,0.2987214131490548,0.3682021527225112,0.18447870122785934,0.5723368714339458,0.01526677807308785,0.0024537037037037357,0.030992182621005074,0.34932300597012034,0.12066156610485011,0.11497201500701162,0.0,0.8660581707225615,0.6094035633081358,0.28207760269169974,0.2433412952286808,0.3149072429819527,disgust,07,12,12,female,strong,1368
110,3.6703333333333332,True,1.0,0.4984761634157322,0.5020286139944845,0.5002523887051084,0.9441678263533309,-0.05023148148148138,-0.049120370370370425,0.2948518658281649,0.2926735060102013,0.18866250428030362,0.5298341828033246,0.0035524505787523086,0.0011111111111109517,0.03276932389507782,0.3599772209122108,0.11966279291670247,0.11601117946603536,0.0,0.9276654527982112,0.646571770817702,0.3020807457225297,0.2397171559140781,0.33335453125967873,disgust,07,12,12,female,strong,1368
0,0.0,True,1.0,0.6400736540355335,0.6239172360162135,0.6319954450258736,0.6593665029945498,-0.05935185185185182,-0.058379629629629615,0.3076322861139539,0.2253506578310892,0.19874973631505963,0.9584888558269656,0.016156418019319996,0.0009722222222222077,0.014573671083129193,0.4761299703288576,0.12411569394375432,0.11123431254222745,0.0,0.7162313224266565,0.5902263182226016,0.2763093439019208,0.2663624684438786,0.3261415950175013,disgust,07,12,12,female,strong,1369
10,0.33366666666666667,True,1.0,0.6342954840982011,0.6538233011496152,0.6440593926239082,0.6682393191644992,-0.059768518518518554,-0.05731481481481476,0.3014468106134268,0.23698575166000838,0.19883225111080474,0.9638154687293421,0.019527817051414043,0.002453703703703791,0.025421725975976625,0.4939601778701838,0.12127339344699341,0.11432647030056024,0.0,0.7139043695523359,0.5852456896039666,0.27511425187813116,0.2652535540013986,0.32732252945359247,disgust,07,12,12,female,strong,1369
20,0.6673333333333333,True,1.0,0.5897921286191429,0.6029963598675603,0.5963942442433516,1.2431876638910901,-0.05819444444444449,-0.05754629629629626,0.29287205853967335,0.5205967931336314,0.18702148160187476,0.4797298602341979,0.013204231248417408,0.000648148148148231,0.019728027538957433,0.28444598692263234,0.12039294255688841,0.115253273933819,0.0,0.7691049230754867,0.6438908082060949,0.2881200491366496,0.26504816220974065,0.3625406715368379,disgust,07,12,12,female,strong,1369
30,1.0010000000000001,True,1.0,0.4093641374774946,0.4362627049136878,0.4228134211955912,1.2308106625597142,-0.045277777777777806,-0.04249999999999993,0.3444708256926024,0.46539000274399556,0.1697256232415337,0.3435243405482587,0.026898567436193177,0.002777777777777879,0.0168580032688737,0.28235033278635313,0.12157092237258507,0.1140100372910535,0.0,0.8067924455847946,0.5925321807707459,0.281529490921054,0.2898398780012398,0.3756449493083134,disgust,07,12,12,female,strong,1369
40,1.3346666666666667,True,1.0,0.4033414461621637,0.3855274112933198,0.39443442872774176,1.0088534783144614,-0.043842592592592544,-0.03935185185185186,0.3399383432039142,0.4322107541264825,0.17222399420151366,0.3909729581214725,0.01781403486884392,0.004490740740740684,0.015088410492386992,0.34953303570643846,0.11852874620054749,0.1171695954315303,0.0,0.8467284532851714,0.5945252359303096,0.2819518551559423,0.2834654426335973,0.34622452143513377,disgust,07,12,12,female,strong,1369
50,1.6683333333333334,True,1.0,0.4687411135492436,0.45311348756856945,0.4609273005589065,1.7936512562535216,-0.04125000000000001,-0.038194444444444475,0.2935971136081418,0.6933752452815373,0.1771182276435293,0.25697710129095314,0.01562762598067413,0.0030555555555555336,0.0050219681942807485,0.17975595196212546,0.123674497345568,0.11172464578864569,0.0,0.7169685597837672,0.6324681559733268,0.28580573377634433,0.257640523902738,0.3518249559393827,disgust,07,12,12,female,strong,1369
60,2.0020000000000002,True,1.0,0.43953109473576824,0.47341159256621373,0.45647134365099096,0.9678096662261536,-0.05601851851851869,-0.05888888888888888,0.4015734581440095,0.16355293469125595,0.20575180537213686,0.47165404477818546,0.0338804978304455,0.00287037037037019,0.025700992389743202,0.33389477721891797,0.119314928533568,0.1163689202430428,0.0,0.755825020759497,0.5585217396958784,0.27429347804059045,0.2879308572769058,0.3359630667588733,disgust,07,12,12,female,strong,1369
70,2.3356666666666666,True,1.0,0.41709371095093817,0.4183006535947724,0.4176971822728553,0.8841063203682334,-0.055046296296296315,-0.05777777777777782,0.36801002730966637,0.19125403850710887,0.20015252972733066,0.4724513021226711,0.0012069426438342523,0.0027314814814815014,0.03257493593669122,0.3665618695913773,0.11679298752479655,0.11889985632579723,0.0,0.8370031504501111,0.632948588732368,0.29976503359619777,0.26551477297229087,0.370149064844329,disgust,07,12,12,female,strong,1369
80,2.6693333333333333,True,1.0,0.38058955957560553,0.41047021233343345,0.3955298859545195,0.9141232888857165,-0.04824074074074075,-0.04587962962962966,0.3281944768031711,0.2787715044655591,0.1876968367849136,0.43268768093268495,0.02988065275782792,0.0023611111111110916,0.028935925129730637,0.39170604449710067,0.12242965713513652,0.1130873857852237,0.0,0.7741047092304,0.5869795614808424,0.277665415461722,0.2670365602747655,0.329128968317131,disgust,07,12,12,female,strong,1369
90,3.003,True,1.0,0.44345957874701586,0.4870321457265024,0.4652458622367591,0.9997024733268713,-0.039351851851851805,-0.03342592592592597,0.2863822242334593,0.3157205905624079,0.17945429462263351,0.46538432648714506,0.04357256697948653,0.0059259259259258346,0.08179742669184324,0.3424271903893741,0.12424228735760774,0.11109289717283313,0.0,0.7896658827013177,0.6024671260613621,0.2800828134808048,0.235480000481451,0.3081881601234989,disgust,07,12,12,female,strong,1369
100,3.336666666666667,True,1.0,0.46397182318418134,0.4612582616033331,0.4626150423937572,1.3559568124883286,-0.03851851851851856,-0.03222222222222215,0.29616573224461595,0.5102606040054484,0.17323801598776395,0.34117240175578173,0.002713561580848234,0.006296296296296411,0.05898097546441385,0.25547961440158506,0.11932431918350264,0.11635929108058889,0.0,0.9107363303075924,0.5977110898187401,0.2763526723965404,0.2469510399993273,0.3148048970025612,disgust,07,12,12,female,strong,1369
110,3.6703333333333332,True,1.0,0.44108295375831624,0.452883973639608,0.44698346369896214,1.1145182955164237,-0.038842592592592595,-0.03402777777777782,0.2962671009893935,0.3989310176769876,0.17342596464391827,0.401055294917207,0.01180101988129173,0.004814814814814772,0.03910159807696886,0.309483786055702,0.12314302469342328,0.11231016534265531,0.0,0.6894643277409721,0.6031784110909988,0.278364430237468,0.25024676961248893,0.3143645890999295,disgust,07,12,12,female,strong,1369
120,4.0040000000000004,True,1.0,0.4730947410930111,0.4708002401826337,0.4719474906378224,1.0764928245015428,-0.040509259259259245,-0.03662037037037047,0.2932229000756831,0.38708431440058805,0.17192762329231798,0.4384121100448134,0.0022945009103773617,0.003888888888888775,0.02422965146512261,0.3157279848686139,0.12241751417443548,0.11310053047241907,0.0,0.7769009626413458,0.6054807107296044,0.2834101855963793,0.2510072426429469,0.3213124534027337,disgust,07,12,12,female,strong,1369
130,4.337666666666666,True,1.0,0.5360260054446219,0.5021926819441468,0.5191093436943843,1.0703483027710268,-0.04023148148148148,-0.03722222222222227,0.2927667754200809,0.3918041672515615,0.17247719980380163,0.4849910466999024,0.033833323500475077,0.0030092592592592116,0.005165962195069495,0.32190798200436943,0.12102112274784355,0.11459347982516147,0.0,0.7419501824567627,0.6051427622767858,0.2830062371205783,0.2433106457938749,0.31359153489721064,disgust,07,12,12,female,strong,1369
0,0.0,True,1.0,0.5617783061736489,0.5551673647502581,0.5584728354619535,0.7039872070226106,-0.06277777777777771,-0.061342592592592615,0.29631296247936767,0.28854527969335225,0.19542370001884557,0.7932996933622068,0.006610941423390804,0.001435185185185095,0.002169761413502499,0.46394462345161924,0.12457799431557365,0.11071630910781909,0.0,0.7506122747519856,0.6457767904583709,0.2922107689725009,0.25143309256094504,0.35909167346418813,disgust,07,12,12,female,strong,1370
10,0.33366666666666667,True,1.0,0.568171646792346,0.576145085519293,0.5721583661558195,0.696958239254548,-0.06365740740740744,-0.06134259259259256,0.2999778637796311,0.2856642962743936,0.19475181868613867,0.8209363688243189,0.007973438726947002,0.0023148148148148806,0.006429522599462211,0.48168677362292445,0.11947804904863463,0.11620143529673531,0.0,0.7175176660062664,0.6463980051942654,0.29284581443062746,0.24973502288059501,0.3627562245155182,disgust,07,12,12,female,strong,1370
20,0.6673333333333333,True,1.0,0.37259664528532915,0.383484866444888,0.37804075586510855,1.1559242961789262,-0.047685185185185164,-0.04532407407407402,0.32191994552939684,0.49413384406159405,0.17802479854392464,0.32704629283663,0.010888221159558842,0.002361111111111147,0.005742584641361902,0.3100802233328401,0.11893385682397442,0.11675836359992726,0.0,0.8999345622867433,0.644054091402186,0.2938762674994719,0.2622966754453282,0.37953135271132327,disgust,07,12,12,female,strong,1370
30,1.0010000000000001,True,1.0,0.31573266826515645,0.3383710010747124,0.3270518346699344,1.1548593700598315,-0.04199074074074077,-0.03874999999999995,0.30374447565083496,0.46727547929612345,0.17187613986715172,0.2831962428923189,0.02263833280955596,0.0032407407407408217,0.008377637880035213,0.30346258475950677,0.12107835762776861,0.1145330043439367,0.0,0.8318049733555406,0.6532162317739596,0.29025834144012336,0.25700324352723053,0.36161563589212825,disgust,07,12,12,female,strong,1370
40,1.3346666666666667,True,1.0,0.13734466641240073,0.13349769926634034,0.13542118283937055,1.1666526375733877,-0.052361111111111025,-0.0463425925925926,0.30069333844619683,0.45362592814751446,0.16946650571640118,0.11607669539156375,0.0038469671460603927,0.006018518518518423,0.003793513307169773,0.3039376705396888,0.1207180733312177,0.11491268224518768,0.0,0.8463851144446713,0.60425689034989,0.28270909610595113,0.27996853968836644,0.3621775135938475,disgust,07,12,12,female,strong,1370
50,1.6683333333333334,True,1.0,0.19902321509640708,0.21366604248297125,0.20634462878968918,0.9837201564390647,-0.04662037037037037,-0.04347222222222208,0.3179055163748109,0.3882916814931299,0.1715495711333122,0.2097594803146345,0.014642827386564167,0.0031481481481482887,0.013361475265412004,0.3453779198104033,0.11927990020357561,0.11640482454237505,0.0,0.9136795927688531,0.6030893405096414,0.28118814699984707,0.2696585910464534,0.34901163155569975,disgust,07,12,12,female,strong,1370
60,2.0020000000000002,True,1.0,0.37947123797224486,0.3489229879916786,0.3641971129819617,1.363572859474806,-0.043842592592592544,-0.04106481481481483,0.3228639581400182,0.4832793959007549,0.17331330795029454,0.26709032117450326,0.030548249980566267,0.0027777777777777124,0.021358703308410634,0.2563226164837387,0.12148158833228616,0.11410522102866497,0.0,0.8534076261299541,0.602617590067277,0.28803845754734736,0.25583313110754413,0.34512516644837893,disgust,07,12,12,female,strong,1370
70,2.3356666666666666,True,1.0,0.41014320209470834,0.41101802140050026,0.4105806117476043,1.3808613063361435,-0.044490740740740775,-0.043749999999999956,0.30265058370296183,0.4751807743785701,0.18065060453086207,0.2973366042365275,0.0008748193057919185,0.0007407407407408195,0.024074480953639663,0.2486893797423282,0.12132809820714911,0.11426841363670526,0.0,0.7489010873486858,0.6031550595628877,0.28127058582256537,0.257828360688043,0.3328725862340529,disgust,07,12,12,female,strong,1370
80,2.6693333333333333,True,1.0,0.4681835037891461,0.4466466122448278,0.45741505801698695,1.0594837261503927,-0.041064814814814776,-0.041481481481481564,0.2984743739604522,0.3232323232323233,0.1862295453986906,0.4317339159884909,0.02153689154431826,0.0004166666666667873,0.030527023819324157,0.31461864406779616,0.12161673594859204,0.1139611657836623,0.0,0.8600186092895619,0.593483659870198,0.27835524726782346,0.24579264367852147,0.3162697936286065,disgust,07,12,12,female,strong,1370
90,3.003,True,1.0,0.5086370969751574,0.45605079885695293,0.48234394791605517,1.3169194307497682,-0.04037037037037039,-0.039907407407407336,0.2740046734434835,0.43550706171310755,0.19106208921678955,0.3662668623861369,0.05258629811820442,0.00046296296296305384,0.046298270270927304,0.24846113837946043,0.12397119649673188,0.11139533297724731,0.0,0.8896886382679938,0.5936497957542393,0.2753387979169333,0.24663476458004374,0.3098904954479635,disgust,07,12,12,female,strong,1370
100,3.336666666666667,True,1.0,0.5589386558686029,0.4943354926360604,0.5266370742523316,1.0772572621390952,-0.04032407407407418,-0.04083333333333339,0.2891782128167366,0.3376459781858031,0.19248957256034346,0.48886843724459605,0.0646031632325425,0.0005092592592592093,0.05903518185282242,0.29591543264278874,0.12168695727543719,0.11388618089451363,0.0,0.9366833554913787,0.6302257905505954,0.3008776504659802,0.24109606159260422,0.327388502608376,disgust,07,12,12,female,strong,1370
110,3.6703333333333332,True,1.0,0.5719504712812553,0.4904831618991431,0.5312168165901991,0.9280111330845275,-0.038842592592592484,-0.04134259259259265,0.2939534847642956,0.24541129172325313,0.19662713428789932,0.5724250471269007,0.08146730938211222,0.0025000000000001688,0.07159585576309076,0.3531419143827127,0.12037343627795058,0.11527364663362209,0.0,0.8283161569092656,0.632204258273622,0.2919861809465509,0.23299719911480443,0.3296280819664508,disgust,07,12,12,female,strong,1370
120,4.0040000000000004,True,1.0,0.6153182536621467,0.5277469076381958,0.5715325806501712,0.9044945199503417,-0.03847222222222213,-0.04050925925925941,0.2983552295316546,0.2120558842896938,0.19479725633815054,0.6318806449833984,0.08757134602395089,0.0020370370370372815,0.07557330704939001,0.3325577494608977,0.12407500088613027,0.11127970131674132,0.0,0.87999839028673,0.6277712913915566,0.2969322646306379,0.23401899446312813,0.3257942595684713,disgust,07,12,12,female,strong,1370
0,0.0,True,1.0,0.6209457093208927,0.6312046319333803,0.6260751706271365,0.7099377494241016,-0.04412037037037042,-0.04560185185185173,0.3072188117904232,0.09515498838569944,0.21192223064313012,0.8818733348592971,0.01025892261248762,0.001481481481481306,0.004694301613107013,0.4582306119730569,0.12287460470168113,0.11260377120326402,0.0,0.8214030202470142,0.6185869356492597,0.281402140473248,0.2269284557944633,0.3100967974945305,disgust,07,12,12,female,strong,1371
10,0.33366666666666667,True,1.0,0.6185783429992788,0.6212512598003357,0.6199148013998073,0.7053038998441259,-0.04601851851851846,-0.04652777777777789,0.30605516066423333,0.09457834046393372,0.21190962994774007,0.8789328990479284,0.002672916801056857,0.0005092592592594314,0.010771925278585543,0.45519289961543435,0.1216591341645786,0.11391590250719802,0.0,0.8287113989118822,0.6245689517682073,0.2824851307742785,0.23510798457199905,0.3041383676785109,disgust,07,12,12,female,strong,1371
20,0.6673333333333333,True,1.0,0.3410715413191284,0.34286551363061524,0.34196852747487183,1.1542992802309924,-0.043194444444444424,-0.04018518518518521,0.31292735275923206,0.26688893523341956,0.191842128769665,0.296256381106327,0.0017939723114868134,0.0030092592592592116,0.008286354760262165,0.30536541323884603,0.12288538964725464,0.11259200140738602,0.0,0.8214026512347811,0.5740827721322904,0.26487185318496614,0.25694331298331546,0.3044432193971976,disgust,07,12,12,female,strong,1371
30,1.0010000000000001,True,1.0,0.4456797430094915,0.41800195867456785,0.43184085084202967,1.1068160215805214,-0.03842592592592586,-0.03708333333333341,0.29252517630210717,0.3226937369625765,0.18270947180724795,0.3901649799262623,0.027677784334923627,0.001342592592592451,0.005577235859357677,0.3203614997132306,0.12102076319638694,0.11459385954216211,0.0,0.8751583062310522,0.590634705022634,0.27269461412967494,0.2602275901110658,0.32071716721076454,disgust,07,12,12,female,strong,1371
40,1.3346666666666667,True,1.0,0.3738265916235631,0.36220389529832403,0.36801524346094355,1.2583300657196421,-0.039953703703703713,-0.03578703703703712,0.3188300951928225,0.3705930587422068,0.17723879703089862,0.29246320459685965,0.011622696325239046,0.004166666666666596,0.002250002173083424,0.28509427619892175,0.12087302680824318,0.1147496804339232,0.0,0.8185170260135467,0.5960533328096864,0.27740499719762857,0.267222141726078,0.33979054139240705,disgust,07,12,12,female,strong,1371
50,1.6683333333333334,True,1.0,0.37831905456472514,0.3382949128286864,0.35830698369670577,1.233154043612242,-0.0370833333333333,-0.0352777777777778,0.32251692137839233,0.3885279863435831,0.17854445233177615,0.29056141489600734,0.04002414173603874,0.0018055555555555047,0.0028807183371505323,0.2777352920950736,0.1211073653675077,0.11450233108225322,0.0,0.8859579612506578,0.5938423496117197,0.27940161596117385,0.2715620879292115,0.3366241495316707,disgust,07,12,12,female,strong,1371
60,2.0020000000000002,True,1.0,0.4931588487660036,0.4939737419306583,0.49356629534833096,1.2794660151500707,-0.039583333333333304,-0.03912037037037036,0.3175114798915649,0.44022999954530906,0.18333999159310857,0.38575959775722507,0.0008148931646547175,0.0004629629629629428,0.01018287173356435,0.2924260334833453,0.11925757812363226,0.11642769356787559,0.0,0.9174809809904123,0.6298578344306472,0.28761872274551986,0.2535664083302167,0.3522229794948154,disgust,07,12,12,female,strong,1371
70,2.3356666666666666,True,1.0,0.4287512662278173,0.42938387705747305,0.4290675716426452,0.8730959967596872,-0.03699074074074071,-0.03736111111111129,0.36378162553002213,0.2182329505715456,0.18473254743001213,0.49143229751944756,0.0006326108296557664,0.0003703703703705763,0.019831963033197855,0.3979280832050928,0.12483644144662215,0.11042481902627505,0.0,0.7143622985129293,0.5782006129170418,0.2729786904574074,0.2755908090407662,0.3233847715178757,disgust,07,12,12,female,strong,1371
80,2.6693333333333333,True,1.0,0.45973838216084734,0.4644627448923212,0.46210056352658424,1.194944715462329,-0.036805555555555536,-0.03879629629629633,0.25897143952889784,0.43263205151602646,0.18888888888888877,0.3867129228215346,0.004724362731473863,0.001990740740740793,0.02173896625490645,0.27153895442893283,0.11988664113507799,0.11577983868855861,0.0,0.7918833404216207,0.6192846823573179,0.2905907698956879,0.2359870446593811,0.3131122612354999,disgust,07,12,12,female,strong,1371
90,3.003,True,1.0,0.4747042189835333,0.45850698028147036,0.4666055996325018,1.0722135325178355,-0.037083333333333246,-0.03675925925925927,0.31204529231343636,0.2900249719105623,0.1875406856899658,0.435179733776341,0.016197238702062966,0.0003240740740739767,0.013890255121613515,0.3135245901639342,0.12305866731588021,0.11240258968615417,0.0,0.8757910766681467,0.5629009317398835,0.2665845617993624,0.24362410855384636,0.29783866137026316,disgust,07,12,12,female,strong,1371
100,3.336666666666667,True,1.0,0.47556093906726016,0.4423004653035529,0.45893070218540655,1.0546826067947312,-0.03902777777777788,-0.03810185185185189,0.30918461507419864,0.3076022429354448,0.18478168750979107,0.43513631421317867,0.03326047376370728,0.0009259259259259967,0.013203704373515096,0.3098099941324962,0.12440680864441134,0.11090862785561634,0.0,0.7305043590924261,0.5724414431084933,0.26962506051598706,0.25230802743954067,0.30167461658342787,disgust,07,12,12,female,strong,1371
110,3.6703333333333332,True,1.0,0.5277250905148683,0.5165218317077083,0.5221234611112883,0.9491726353436581,-0.03907407407407415,-0.038935185185185184,0.31017381109375725,0.2900249719105623,0.1854759093090738,0.5500827159036753,0.01120325880716,0.0001388888888889661,0.01361446664237361,0.35416666666666696,0.12237016617008528,0.11315175739316072,0.0,0.7861811704438929,0.5829814763170893,0.2735057022349326,0.24379120911085236,0.3068808119051599,disgust,07,12,12,female,strong,1371
0,0.0,True,1.0,0.6020769423390431,0.5833071192800136,0.5926920308095283,0.6918746084737828,-0.07064814814814807,-0.06874999999999998,0.30629307016950597,0.2837279726591852,0.19797216875281845,0.8566465997602616,0.018769823059029522,0.0018981481481480933,0.0036972941289874404,0.44985955667730027,0.12217180328763781,0.11336590427084765,0.0,0.8143255054063636,0.5959477668723739,0.28391312114931266,0.26871820109309613,0.3498624602959719,surprised,08,12,12,female,normal,1372
10,0.33366666666666667,True,1.0,0.6027884621979642,0.611542762316091,0.6071656122570276,0.704883672048812,-0.07148148148148148,-0.06949074074074074,0.30162785697530636,0.2800295926199539,0.20213769135755233,0.8613699484515545,0.008754300118126723,0.0019907407407407374,0.0017755061314718775,0.44985955667730104,0.117018538980383,0.11851723653670494,0.0,0.775638876787979,0.5964969663099615,0.28539014981629746,0.2650139102187006,0.3481479592672572,surprised,08,12,12,female,normal,1372
20,0.6673333333333333,True,1.0,0.46907402919887153,0.4614845699971217,0.46527929959799663,1.026368364689207,-0.07287037037037036,-0.07050925925925922,0.2966144000149651,0.3359023738982849,0.20630326016873798,0.45332583856370817,0.00758945920174986,0.002361111111111147,0.0017828669954746885,0.31912401084456243,0.11542759933607567,0.12022581702972199,0.0,0.6989239361435708,0.6515715321050297,0.2983417232276625,0.24817930254203588,0.3549169046424477,surprised,08,12,12,female,normal,1372
30,1.0010000000000001,True,1.0,0.7776838280233259,0.7733573897426043,0.7755206088829651,0.9363179264546908,-0.054027777777777675,-0.053101851851851845,0.34721426975765235,0.18564051389013336,0.19168617038730715,0.828266325968387,0.004326438280721656,0.0009259259259258301,0.002428400063810906,0.3204921094008944,0.11804679129814488,0.11765514367588618,0.0,0.8805013161510731,0.6041330908066351,0.2845511766559637,0.2605026620702345,0.3286989371056074,surprised,08,12,12,female,normal,1372
40,1.3346666666666667,True,1.0,0.7604207343936485,0.7027853107120074,0.731603022552828,0.6781009791027575,-0.05254629629629626,-0.051990740740740726,0.373406919058572,0.0677889171826277,0.1840381419464258,1.0788998174296442,0.057635423681641096,0.0005555555555555314,0.0027590897468103216,0.3873789629831478,0.11450840405117028,0.12110162331846235,0.0,0.8770042795054386,0.607713564683686,0.2868765990742498,0.26004445202334114,0.33797953659466873,surprised,08,12,12,female,normal,1372
50,1.6683333333333334,True,1.0,0.6605256510196272,0.6738064830536004,0.6671660670366137,0.8030486265905838,-0.055555555555555636,-0.05398148148148152,0.3631431047823898,0.1312598845549366,0.18263930661951858,0.8307916170271383,0.013280832033973122,0.0015740740740741166,0.006306272757783029,0.3466673407427065,0.11625050114665529,0.11943030918538294,0.0,0.7653616860378142,0.6058482673772634,0.2874570248369313,0.2618668435230696,0.3343443932479779,surprised,08,12,12,female,normal,1372
60,2.0020000000000002,True,1.0,0.6716853859833297,0.6472395974972848,0.6594624917403072,0.7352803937877103,-0.055046296296296204,-0.053101851851851845,0.37120673252256187,0.1200378694811809,0.1861373452695948,0.8968857286445024,0.02444578848604495,0.0019444444444443598,0.0022338249153628655,0.4038269955817147,0.11701906316436246,0.11851671897920821,0.0,0.8017745113715212,0.6525714185517957,0.2957755087260515,0.24377031588666054,0.35091221220096264,surprised,08,12,12,female,normal,1372
70,2.3356666666666666,True,1.0,0.6992357723763393,0.670765648235793,0.6850007103060661,0.9247931631239317,-0.056203703703703645,-0.05212962962962964,0.3276508740984917,0.1597286475443986,0.1910297419690029,0.7407069360159934,0.028470124140546282,0.004074074074074008,0.011132006264337423,0.33176969648557575,0.1152590916231492,0.12038737295503273,0.0,0.9144888033971461,0.6503370820124925,0.2932204938521804,0.24344671087689101,0.3463168341089121,surprised,08,12,12,female,normal,1372
80,2.6693333333333333,True,1.0,0.627615730342415,0.6263302620302341,0.6269729961863246,0.752918765043879,-0.05638888888888888,-0.0537037037037037,0.3574280817094633,0.15807293351068422,0.19039362020939674,0.8327232967155302,0.001285468312180904,0.0026851851851851793,0.014428223509284204,0.3844885048327338,0.11851359378872534,0.11718492162565215,0.0,0.923327390185524,0.6431526552417842,0.2953566906300092,0.24425039645749155,0.3506056273880605,surprised,08,12,12,female,normal,1372
90,3.003,True,1.0,0.6911495585617446,0.7038155528906321,0.6974825557261883,0.7906730145422622,-0.05532407407407408,-0.051435185185185195,0.3443044494850613,0.1937806193784755,0.1924007688575171,0.8821378027299643,0.012665994328887487,0.003888888888888886,0.014466538074188457,0.3770219865412204,0.12058464386085968,0.11505268981896924,0.0,0.8198419634411821,0.6425589671102817,0.2936459164074666,0.2485352974358958,0.35032136129395375,surprised,08,12,12,female,normal,1372
100,3.336666666666667,True,1.0,0.6877721906115932,0.6939228462521998,0.6908475184318965,0.7597250683762373,-0.055833333333333235,-0.05212962962962975,0.3423561488543422,0.16614423209605556,0.1909917968582275,0.9093388479446216,0.006150655640606573,0.003703703703703487,0.0017130356758988411,0.4005002396042266,0.11746571426828878,0.11823528974328923,0.0,0.8049536006662241,0.6419970073185526,0.29265505321578295,0.2432911018360243,0.34390537731012316,surprised,08,12,12,female,normal,1372
0,0.0,True,1.0,0.619003805341617,0.6356453556320683,0.6273245804868426,0.564666987246506,-0.053657407407407376,-0.049907407407407456,0.33240049975060804,0.09963348109744227,0.1861373452695948,1.110963797522279,0.016641550290451224,0.00374999999999992,0.0018360654921585951,0.5161593839434614,0.11906698141771671,0.11662260375014437,0.0,0.9090035038886076,0.6513732423594438,0.2933519317975321,0.24056062484834742,0.34050308388998174,surprised,08,12,12,female,normal,1373
10,0.33366666666666667,True,1.0,0.6321612728589308,0.6421441093003056,0.6371526910796181,0.5471592360945989,-0.053749999999999964,-0.05240740740740746,0.33290435406323554,0.09946904827853319,0.18757973565010294,1.1644739758527263,0.009982836441374876,0.0013425925925925064,0.003431862709008252,0.5487315099928096,0.11890795147986971,0.11662149414534961,0.0,0.9298626500043053,0.6508443134519433,0.29318919975489605,0.23964392500521245,0.34362417412732177,surprised,08,12,12,female,normal,1373
20,0.6673333333333333,True,1.0,0.6189635852637164,0.6124160848572281,0.6156898350604723,0.5805357768977553,-0.05467592592592602,-0.05148148148148152,0.331954869145807,0.09946904827853319,0.18824349140015098,1.0605545076835263,0.006547500406488327,0.0031944444444444997,0.005156906710469298,0.5012217333713153,0.11877722975984358,0.11691769523882212,0.0,0.871564256394388,0.6503472942067453,0.29343066332998174,0.239624745071409,0.340412262498015,surprised,08,12,12,female,normal,1373
30,1.0010000000000001,True,1.0,0.14427263984667676,0.15840596884936234,0.15133930434801957,0.8560359886509575,-0.09347222222222218,-0.09282407407407411,0.36022979609566086,0.18677148843293662,0.21533766265670737,0.17679081995900417,0.014133329002685574,0.0006481481481480644,0.002006736320119629,0.3482022899274831,0.11495104288304742,0.12068154585130907,0.0,0.7219276401326059,0.6495643395326881,0.29691057070396465,0.25425354530189537,0.3531652172739476,surprised,08,12,12,female,normal,1373
40,1.3346666666666667,True,1.0,0.3182081534986671,0.3131368324406381,0.3156724929696526,0.7893966740557473,-0.08717592592592588,-0.08564814814814814,0.3810213158746103,0.12422992718420169,0.22362339362510394,0.39989083225775,0.005071321058028988,0.001527777777777739,0.005186201947782067,0.34417377153669293,0.11328762018101968,0.12208844717922356,0.0,0.9999999987499999,0.6006536230742298,0.28700185441920906,0.28829452134246986,0.3411554363444915,surprised,08,12,12,female,normal,1373
50,1.6683333333333334,True,1.0,0.6045492948732339,0.5646395117243799,0.5845944032988069,1.141577184574934,-0.07671296296296287,-0.07356481481481486,0.340670302231543,0.2364619252922276,0.21181456055111783,0.5120936290580128,0.03990978314885407,0.003148148148148011,0.00325303286355248,0.28160348627709936,0.11474772237117092,0.12087488564399423,0.0,0.8576697843871804,0.6543690589751525,0.2994898641265974,0.2629079310996555,0.375059008916935,surprised,08,12,12,female,normal,1373
60,2.0020000000000002,True,1.0,0.6087237060178716,0.5850055051484937,0.5968646055831827,1.047379414152544,-0.07074074074074072,-0.07120370370370366,0.3320114086921747,0.27028033832597165,0.20705096229385256,0.5698647476913778,0.023718200869377926,0.0004629629629629428,0.017553096440951575,0.2907582979888133,0.11397802747939466,0.12160093346840961,0.0,0.8077328602559153,0.5993855590439301,0.2874094578723737,0.27291644187671543,0.3428978805978746,surprised,08,12,12,female,normal,1373
70,2.3356666666666666,True,1.0,0.21319861331779344,0.19160475807829563,0.20240168569804454,0.860216440354974,-0.08199074074074075,-0.07962962962962966,0.30763825406030193,0.2057039313892322,0.21598953117742903,0.23529158035450023,0.021593855239497806,0.0023611111111110916,0.0011405030501222347,0.37969891953273766,0.11697779822483631,0.11871803776863453,0.0,0.7499777113712242,0.6019806188569179,0.2853201756614981,0.27407613762909344,0.3373282140337952,surprised,08,12,12,female,normal,1373
80,2.6693333333333333,True,1.0,0.5906614120790682,0.5856421172446934,0.5881517646618808,0.8473030841929802,-0.07143518518518521,-0.07046296296296295,0.34950465177758616,0.19179900406117986,0.21598105349514005,0.6941456671576619,0.005019294834374799,0.0009722222222222632,0.011043729323969558,0.3506647187963663,0.11595332220526071,0.11971885748936122,0.0,0.789575102459461,0.595169918092237,0.2857261829843981,0.28801057478407643,0.35015246212854295,surprised,08,12,12,female,normal,1373
90,3.003,True,1.0,0.6216826060590035,0.5871531289270597,0.6044178674930316,0.8834771391103847,-0.07217592592592592,-0.07120370370370377,0.33927887623974506,0.17170340240038434,0.21809054105509598,0.6841352659126515,0.034529477131943764,0.0009722222222221522,0.023864702916666883,0.3352209925625119,0.11508386912554187,0.1205548872328118,0.0,0.9372717030045968,0.5900537506408814,0.28512644555765065,0.28971103525051406,0.3476525024890629,surprised,08,12,12,female,normal,1373
100,3.336666666666667,True,1.0,0.5906614120790666,0.5827744453615729,0.5867179287203197,0.8679478794163246,-0.07199074074074069,-0.0701388888888888,0.3438269038143835,0.16862133400879276,0.2181059328970488,0.6759829047740451,0.007886966717493782,0.0018518518518518823,0.02913153813375306,0.3454397731011751,0.11793725659411616,0.11776494077730777,0.0,0.7591538692664823,0.5874525040172319,0.28312444868745035,0.290501844190935,0.3438186665716651,surprised,08,12,12,female,normal,1373
0,0.0,True,1.0,0.6390529299578457,0.6546733174121491,0.6468631236849973,0.6021434024374296,-0.05175925925925934,-0.04930555555555549,0.3206961721842406,0.11685542855372065,0.19324673365914027,1.0742675599641975,0.015620387454303386,0.0024537037037038467,0.007684460076699943,0.49053404462969774,0.12221312979446412,0.11332135136691175,0.0,0.7105287295122404,0.588769147526198,0.2747794448264684,0.2517500379457466,0.3027104124397735,surprised,08,12,12,female,normal,1374
10,0.33366666666666667,True,1.0,0.6551179755686571,0.678535597885832,0.6668267867272446,0.6072520905666949,-0.05208333333333326,-0.049768518518518545,0.3189416085993904,0.13479689797995348,0.19322975648338903,1.098105378451565,0.023417622317174813,0.002314814814814714,0.004037894651471859,0.49095210501024905,0.12084905771829822,0.11477492329736176,0.0,0.9999999987499999,0.5884959620957757,0.2756698661635,0.25052013842155724,0.303883714670304,surprised,08,12,12,female,normal,1374
20,0.6673333333333333,True,1.0,0.6668993828699604,0.6965747633045338,0.6817370730872472,1.0664981469402495,-0.07430555555555557,-0.07375000000000004,0.30307378764832377,0.41771177421826466,0.2021139115208346,0.6392294961253613,0.029675380434573406,0.0005555555555555314,0.004440730860971777,0.28174339438179896,0.11567942259047699,0.1199835361975872,0.0,0.791853025279248,0.6604774761076307,0.29834294919944343,0.26055994977981906,0.3674266965696473,surprised,08,12,12,female,normal,1374
30,1.0010000000000001,True,1.0,0.46014818966299675,0.46139951786970107,0.46077385376634894,0.7310930732495725,-0.07685185185185178,-0.07759259259259255,0.31123588826580084,0.2697839636808756,0.20843914142542516,0.6302533434194568,0.0012513282067043163,0.000740740740740764,0.0014748685215240187,0.42919380447326555,0.11685622478888626,0.11883770654707394,0.0,0.7246411823038905,0.6044683485972514,0.2845926699867951,0.2611334447036299,0.3394459418609515,surprised,08,12,12,female,normal,1374
40,1.3346666666666667,True,1.0,0.6229073199288662,0.6477138050595389,0.6353105624942026,0.8133273692895316,-0.07226851851851857,-0.07069444444444445,0.3302544569753791,0.25720924331313355,0.20839521379171216,0.7811252719174658,0.02480648513067274,0.0015740740740741166,0.006794936969328976,0.3809186627229674,0.11616009857300112,0.11951823822590714,0.0,0.7778805497756094,0.6555711287014807,0.29194645875107844,0.2547844685905069,0.36009902233968133,surprised,08,12,12,female,normal,1374
50,1.6683333333333334,True,1.0,0.3357711704470032,0.30120975231516356,0.3184904613810834,0.9681320142301514,-0.09134259259259259,-0.09027777777777773,0.3425052380957063,0.30948482422111406,0.20558561729579652,0.3289742067194666,0.03456141813183966,0.0010648148148148517,0.0020895400071848755,0.30474453298068793,0.12019626290915167,0.11545837410975217,0.0,0.7458425609282389,0.6000952238942453,0.2841824090114082,0.27522868148755764,0.3390717250923165,surprised,08,12,12,female,normal,1374
60,2.0020000000000002,True,1.0,0.6465812560598132,0.6725482259375223,0.6595647409986678,0.8242424242424239,-0.07560185185185181,-0.07421296296296293,0.3362672223827714,0.24242424242424157,0.2111114725031743,0.8002072225351488,0.02596696987770908,0.001388888888888884,0.008966990886218277,0.3749999999999992,0.11531306585526381,0.12033567472654942,0.0,0.7744204436553401,0.6512360578919067,0.29739836831096644,0.25602270435450153,0.36738725072066925,surprised,08,12,12,female,normal,1374
70,2.3356666666666666,True,1.0,0.7058337837494866,0.6797756552347732,0.6928047194921299,1.0556373210965049,-0.07175925925925936,-0.07305555555555565,0.31029396727637604,0.3518172695872028,0.21180879739806163,0.65629047557025,0.02605812851471334,0.0012962962962962954,0.019375514322654035,0.2999472795254993,0.11610555923467032,0.1195712209689144,0.0,0.8598738198098529,0.6528219525231967,0.2973317176224032,0.2607161025826172,0.3640706733016484,surprised,08,12,12,female,normal,1374
80,2.6693333333333333,True,1.0,0.7281386847983506,0.70824659675004,0.7181926407741953,0.5248788961826941,-0.06902777777777774,-0.06944444444444448,0.3203478467823058,0.21160988312292148,0.21042246794808087,1.3683016139483244,0.019892088048310663,0.0004166666666667318,0.02205276408197891,0.5814448167327846,0.11894321213700355,0.11674883321011692,0.0,0.8800510806104326,0.6510994574783038,0.29665406960354096,0.25304769037297514,0.35671901796555705,surprised,08,12,12,female,normal,1374
90,3.003,True,1.0,0.7063356499419033,0.7029023178414873,0.7046189838916953,0.5418049876925408,-0.06722222222222235,-0.0673611111111111,0.32034784678230604,0.19468109247308774,0.21041992990714248,1.3005029482887427,0.0034333321004160755,0.00013888888888874407,0.020990621542145177,0.5632803693771808,0.11676158328428858,0.11893069594542308,0.0,0.8947685132951818,0.6483099073223039,0.2975404811013264,0.2495536700272867,0.35575183309083186,surprised,08,12,12,female,normal,1374
100,3.336666666666667,True,1.0,0.696892982669555,0.7039557594101561,0.7004243710398556,0.5925831381008043,-0.0694907407407408,-0.07106481481481486,0.3003296450696303,0.22443070836163242,0.20902923774983853,1.1819849840558683,0.007062776740601073,0.001574074074074061,0.019188170320841164,0.5462163026642965,0.11579090786997409,0.11987595014631429,0.0,0.8193941524192135,0.6504690108777887,0.2964236600528678,0.2507531933335721,0.3590070885617851,surprised,08,12,12,female,normal,1374
0,0.0,True,1.0,0.649345217160357,0.6514769947027873,0.6504111059315721,0.6386808836550741,-0.06324074074074071,-0.061851851851851825,0.3243333435297252,0.20133607818245003,0.20288648318920724,1.0183663274989032,0.0021317775424303242,0.001388888888888884,0.0077201798708761244,0.4904550443499987,0.11911936344822631,0.11656909977019982,0.0,0.7203729726969869,0.6424778590264231,0.2908977487169245,0.24083984375431616,0.34636852657271067,surprised,08,12,12,female,normal,1375
10,0.33366666666666667,True,1.0,0.6353815127725588,0.6619668730886644,0.6486741929306117,0.604671453695589,-0.061990740740740735,-0.06120370370370387,0.3226579551413344,0.18455807166724583,0.20427463297768625,1.0727713189800674,0.02658536031610559,0.000787037037036864,0.015775201076246057,0.5063409000377332,0.11811170071151297,0.11758998224487581,0.0,0.8725739327428075,0.6395338525800945,0.28852947879193985,0.23820044491929562,0.34166375793353954,surprised,08,12,12,female,normal,1375
20,0.6673333333333333,True,1.0,0.5812460472500951,0.606961108097871,0.594103577673983,0.5705338272268109,-0.06870370370370371,-0.06226851851851861,0.3173626539048433,0.20746787503316702,0.19826279146447842,1.0413117493168413,0.02571506084777586,0.006435185185185099,0.06052663513689092,0.5364649007143053,0.11622563898856339,0.11945450435543492,0.0,0.9433578738895384,0.647878325416104,0.2959972201267329,0.24281362121185082,0.3475531521334083,surprised,08,12,12,female,normal,1375
30,1.0010000000000001,True,1.0,0.6375409695161268,0.663903863430257,0.650722416473192,0.7150027356885743,-0.08148148148148143,-0.07495370370370363,0.3114781768403838,0.2686923690674478,0.20529395058529715,0.910097799621035,0.02636289391413016,0.006527777777777799,0.04577298539246605,0.42670972604482416,0.11190655529464465,0.12350992126371037,0.0,0.9462739913355682,0.6580776726393683,0.3049420544639668,0.2514013712323529,0.3757472514550869,surprised,08,12,12,female,normal,1375
40,1.3346666666666667,True,1.0,0.18093019554218906,0.1380385546699435,0.15948437510606628,0.8457365783486608,-0.09564814814814815,-0.092824074074074,0.32850734073131144,0.25874555812356714,0.21187614445887964,0.18857452685500112,0.04289164087224556,0.0028240740740741455,0.011798522548824278,0.35624085347245554,0.11413593988279361,0.12145272741212951,0.0,0.703925248732153,0.6552732366618522,0.29504390411897996,0.25015664862454967,0.34935969057733307,surprised,08,12,12,female,normal,1375
50,1.6683333333333334,True,1.0,0.6609151434145395,0.6505914301197204,0.65575328676713,0.9729164644493099,-0.07731481481481478,-0.07351851851851854,0.3225464689456401,0.31552540749449637,0.2023383874235771,0.6740078010071495,0.01032371329481907,0.003796296296296242,0.01767103244936034,0.304019299654752,0.11756732846752702,0.11813425009788724,0.0,0.7441995475615858,0.6035915734262455,0.28676626652300635,0.27675703721488787,0.3513481465258272,surprised,08,12,12,female,normal,1375
60,2.0020000000000002,True,1.0,0.25208268288866115,0.2221656122808189,0.23712414758474004,0.930647953401629,-0.0910185185185185,-0.08912037037037035,0.3408334482558848,0.27744011275168495,0.2002196059955168,0.2547946801129504,0.02991707060784224,0.0018981481481481488,0.01449890545294052,0.30628949182463433,0.11317504394591696,0.12234862972874345,0.0,0.884903446972991,0.6075271539240696,0.2884644816735889,0.2545647829402975,0.3211910132220014,surprised,08,12,12,female,normal,1375
70,2.3356666666666666,True,1.0,0.6344202137348727,0.6346009366954702,0.6345105752151714,0.8811403290750783,-0.06856481481481475,-0.06828703703703698,0.2930030063785011,0.3348161473709224,0.2010362880985089,0.7201016163693347,0.00018072296059756798,0.0002777777777777657,0.024505865408439357,0.3704611081539126,0.11640009004011397,0.11912469458570525,0.0,0.8389530007283921,0.6036316751700681,0.2888165973005651,0.26562414776996746,0.34426866227329117,surprised,08,12,12,female,normal,1375
80,2.6693333333333333,True,1.0,0.6799014654722144,0.665634867208317,0.6727681663402657,0.589524882742352,-0.0675,-0.06819444444444439,0.3126344025028756,0.24995625924009582,0.20020169578237992,1.1412040204489462,0.014266598263897423,0.0006944444444443865,0.0016669868968830573,0.5358609062743922,0.11983901036539472,0.11582913866649128,0.0,0.71539782408688,0.605758482900973,0.2851464174836746,0.26807747127736425,0.3490343943941342,surprised,08,12,12,female,normal,1375
90,3.003,True,1.0,0.6843369331094379,0.7059977288978082,0.695167331003623,0.6377976867863073,-0.0672685185185185,-0.0691666666666666,0.3133407074430632,0.23905743376624386,0.2007404372956027,1.0899495959390917,0.021660795788370324,0.0018981481481480933,0.00602256270396507,0.48731268454074206,0.11757676772888828,0.1181248553835999,0.0,0.7071067807446058,0.6079241622742846,0.28494033674261793,0.2660145001889317,0.3465298362169335,surprised,08,12,12,female,normal,1375
100,3.336666666666667,True,1.0,0.6831714330238772,0.6785355978858305,0.6808535154548538,0.6263123950077392,-0.06699074074074074,-0.06717592592592597,0.3094194411980381,0.24145294012041835,0.20077995992193742,1.0870829331845504,0.004635835138046662,0.00018518518518523264,0.0014941074513394779,0.5052728431414414,0.11840727124172708,0.11729235220807516,0.0,0.6965060806362688,0.606451778914691,0.28449797383317404,0.2687092726925907,0.35047396266725345,surprised,08,12,12,female,normal,1375
0,0.0,True,1.0,0.6134203241846622,0.6372034839569841,0.6253119040708232,0.6721811553114282,-0.06708333333333338,-0.06388888888888894,0.3256198757303694,0.16778006515204058,0.20452546232845528,0.9302728871967706,0.023783159772321927,0.003194444444444444,0.007840198883573554,0.4693421117204345,0.12130511558686205,0.11429281124394236,0.0,0.8507750078095501,0.6435185566179598,0.2966071155868013,0.25090307299055004,0.3536157126712136,surprised,08,12,12,female,strong,1376
10,0.33366666666666667,True,1.0,0.6238429903786525,0.6259494605546667,0.6248962254666597,0.6554303066295394,-0.06810185185185186,-0.06462962962962959,0.32309856039304524,0.1510020586368365,0.2072542629294639,0.9534136873836411,0.0021064701760141746,0.0034722222222222654,0.0035072315467372345,0.49555711294778515,0.1168644602801173,0.118829607811082,0.0,0.9118401587821074,0.6429355882118473,0.2967793384682182,0.24558481669005483,0.35306299326663393,surprised,08,12,12,female,strong,1376
20,0.6673333333333333,True,1.0,0.24858263195734576,0.20887217887587026,0.22872740541660802,1.1543474926374169,-0.08509259259259255,-0.08069444444444446,0.33540776476222395,0.3205640478307025,0.21206798423256434,0.1981443255826015,0.0397104530814755,0.0043981481481480955,0.003459396315220666,0.27651794804289354,0.11827600668104543,0.11742471636289407,0.0,0.7507371733918992,0.6425604191051422,0.29411511543256064,0.25334616280853745,0.34743584021393503,surprised,08,12,12,female,strong,1376
30,1.0010000000000001,True,1.0,0.7784535557454285,0.7924504201267447,0.7854519879360866,0.8793039532070768,-0.06050925925925921,-0.061203703703703705,0.3956313069749597,0.17854656094312238,0.204172645533205,0.8932656165951662,0.013996864381316199,0.0006944444444444975,0.004624803325434602,0.3353266332937718,0.11625358450217738,0.1194273078465429,0.0,0.808033673828062,0.6576012107577407,0.2995339677997001,0.2683411228808849,0.37364428483027523,surprised,08,12,12,female,strong,1376
40,1.3346666666666667,True,1.0,0.21413347164814914,0.2292057644342643,0.22166961804120672,0.7172636984504043,-0.07430555555555557,-0.07226851851851845,0.33054520421588734,0.19632321589710647,0.19043809459322833,0.30904898508053275,0.01507229278611516,0.002037037037037115,0.007520306998362098,0.43105420862933347,0.11730574647939292,0.11839400158782246,0.0,0.8074564723934842,0.602186855117047,0.2819982835096664,0.24354177540005878,0.3126586196340727,surprised,08,12,12,female,strong,1376
50,1.6683333333333334,True,1.0,0.7227456527710888,0.7058337837494868,0.7142897182602879,0.9181224799068103,-0.059398148148148144,-0.059629629629629755,0.3759629631790156,0.2332834988868258,0.18337494349058064,0.7779895753481479,0.016911869021602022,0.00023148148148161019,0.001985497083648587,0.323148236072547,0.12010354242631983,0.1155548219080093,0.0,0.704018522656393,0.605003569849815,0.28803981311144883,0.2723799419704224,0.3600944184430625,surprised,08,12,12,female,strong,1376
60,2.0020000000000002,True,1.0,0.6870364499175937,0.6625880675024116,0.6748122587100027,0.9604166103277753,-0.0637037037037037,-0.0642592592592593,0.3434905963798346,0.3580563626127589,0.18752603985846872,0.702624518832197,0.0244483824151821,0.0005555555555555869,0.008366134114940431,0.295982643814072,0.11806385053145636,0.11763802517442255,0.0,0.8563830481747315,0.6065051890912615,0.28605335195815573,0.2665295050128834,0.3537484548365725,surprised,08,12,12,female,strong,1376
70,2.3356666666666666,True,1.0,0.7001542517046376,0.6781876750386766,0.6891709633716572,0.9234905238410535,-0.05888888888888888,-0.05726851851851844,0.29134788212953494,0.41353323243618245,0.1863094152695318,0.7462674987775768,0.021966576665961024,0.0016203703703704386,0.001468511631647628,0.33066911459466825,0.1172594048641326,0.11827893215874573,0.0,0.8439955187113142,0.6002359558354592,0.2848949988886756,0.2593600296042425,0.33769982526616804,surprised,08,12,12,female,strong,1376
80,2.6693333333333333,True,1.0,0.7838577832154396,0.7653844169150439,0.7746211000652418,1.0152562794236766,-0.05842592592592594,-0.057453703703703674,0.30736920358088204,0.398830561734757,0.18618037767855117,0.7629808510073589,0.018473366300395755,0.0009722222222222632,0.003921402935644332,0.3134095574873852,0.11851422982314955,0.11718427837748348,0.0,0.8749086099968553,0.6603221697741597,0.2945987614000376,0.24523501691955235,0.35024363844353457,surprised,08,12,12,female,strong,1376
90,3.003,True,1.0,0.7851261636275304,0.8008106351850288,0.7929683994062796,0.9070294784580498,-0.059398148148148255,-0.05935185185185182,0.3014978681085461,0.36281179138322023,0.19032628786064995,0.8742476603454233,0.015684471557498414,4.629629629643306e-05,0.012287933983259842,0.32686245195800706,0.120595061434725,0.11504177035797179,0.0,0.806305602591148,0.6505497135104042,0.2919524441207257,0.2407722822795195,0.34584094886503813,surprised,08,12,12,female,strong,1376
100,3.336666666666667,True,1.0,0.7371013052525116,0.7217671476570033,0.7294342264547575,0.888362961862505,-0.05851851851851858,-0.05763888888888885,0.3008112842401831,0.32631591414661987,0.1903455281049834,0.8210993228775049,0.015334157595508269,0.0008796296296297301,0.00938230166182873,0.35642856242064713,0.1176529824416946,0.11804894532276458,0.0,0.7204378236835997,0.6481060926479968,0.29390284204145434,0.2412169191613174,0.34964867871302946,surprised,08,12,12,female,strong,1376
0,0.0,True,1.0,0.7199074074098194,0.7252880924610466,0.722597749935433,0.659005917788852,-0.058981481481481524,-0.05907407407407411,0.31221313749761415,0.17334665987006861,0.20217995971685995,1.0964966025797602,0.005380685051227241,9.259259259258856e-05,0.004333270577120246,0.46168773191628687,0.12385727919493678,0.1115219806150472,0.0,0.8103802245527059,0.5894963823654462,0.27877943861192644,0.2583363958030616,0.31902961643203587,surprised,08,12,12,female,strong,1377
10,0.33366666666666667,True,1.0,0.6950243076840891,0.6796686429974574,0.6873464753407732,0.6763331866296162,-0.05874999999999997,-0.05912037037037032,0.31306824954415613,0.19068132585707548,0.20009763241977654,1.0162838212420713,0.015355664686631632,0.00037037037037035425,0.0069954160593841885,0.464185640617639,0.11910948606780344,0.11657919238766452,0.0,0.9999999987499999,0.5928751623227416,0.2801362987298664,0.2551035544648835,0.3245656583021053,surprised,08,12,12,female,strong,1377
20,0.6673333333333333,True,1.0,0.678853313877517,0.6854045094849222,0.6821289116812196,1.264813086288612,-0.06606481481481491,-0.06537037037037036,0.3006402423619837,0.4606938459231491,0.19594589137013074,0.539312028849113,0.006551195607405136,0.000694444444444553,0.002005309733691198,0.26065616235398975,0.11564293972059338,0.12001869963396779,0.0,0.8304792719205806,0.6540586388070854,0.29512662265591466,0.24789628970128552,0.36055568275379196,surprised,08,12,12,female,strong,1377
30,1.0010000000000001,True,1.0,0.7809038167837776,0.7923501648491461,0.7866269908164618,1.0182224017885946,-0.06180555555555556,-0.061759259259259236,0.3405572755417954,0.38787878787878804,0.17709884276444876,0.7725492873017568,0.011446348065368483,4.629629629632204e-05,0.0010036032073796328,0.294631113470912,0.11877993028447062,0.11691495169981173,0.0,0.6770324232500878,0.6052430864689625,0.28173897671687237,0.2746455471031799,0.3598821083115587,surprised,08,12,12,female,strong,1377
40,1.3346666666666667,True,1.0,0.7689707088551434,0.7330578894500578,0.7510142991526005,0.9884125623608687,-0.05833333333333324,-0.057268518518518496,0.30406270172291616,0.46664911831654043,0.179912429878786,0.7598186503809385,0.035912819405085616,0.0010648148148147407,0.009499974725942193,0.33531187530582723,0.11555482614658907,0.12010353834635913,0.0,0.905078196041956,0.664547013414741,0.2980587287271865,0.2515137247975581,0.36071808830510005,surprised,08,12,12,female,strong,1377
50,1.6683333333333334,True,1.0,0.3369269675327821,0.33499991409855034,0.3359634408156662,0.9123083645431894,-0.06837962962962962,-0.0660648148148148,0.34176207710449824,0.30137238163799024,0.17989546661676634,0.368256451297462,0.0019270534342317736,0.002314814814814825,0.004815101144536282,0.3319371213318399,0.11557490152797444,0.11992546000834033,0.0,0.7628211783182288,0.6069426753435749,0.28887415758196183,0.25614499677240005,0.34203717214961926,surprised,08,12,12,female,strong,1377
60,2.0020000000000002,True,1.0,0.6870364499175954,0.6619668730886652,0.6745016615031303,0.8491372810377097,-0.055462962962962936,-0.05388888888888882,0.36119520942292554,0.23587146695491867,0.18268065722355606,0.7943375901230464,0.025069576828930185,0.0015740740740741166,0.008105802461358547,0.35465048048169695,0.1192684608389567,0.11641654529540016,0.0,0.7807081159417122,0.6065819120616996,0.2859509148872588,0.26280288199893415,0.34038276633206255,surprised,08,12,12,female,strong,1377
70,2.3356666666666666,True,1.0,0.7281867293879363,0.718681659200102,0.7234341942940191,1.0576825679556963,-0.052731481481481435,-0.051666666666666694,0.31105592322279374,0.36182115556750016,0.1847556738015281,0.6839804457515859,0.009505070187834308,0.0010648148148147407,0.0032721827722846414,0.30067996154564075,0.11725442408975364,0.11844483019664337,0.0,0.8283434214785206,0.6033800560693027,0.2826905366856336,0.2524092054527615,0.3197856737384632,surprised,08,12,12,female,strong,1377
80,2.6693333333333333,True,1.0,0.7074362278906134,0.6939228462521991,0.7006795370714063,0.9611335414400746,-0.0528703703703704,-0.05212962962962964,0.34639607133179995,0.23621078560815328,0.1847424590865799,0.7290137185531702,0.013513381638414312,0.000740740740740764,0.0009850079184771231,0.3150748561325761,0.11734421176094373,0.1183558774846862,0.0,0.7808601529371548,0.5963960310921244,0.2828106148400157,0.2565451152077078,0.3310941075949271,surprised,08,12,12,female,strong,1377
90,3.003,True,1.0,0.7097214305307463,0.6912694551500337,0.70049544284039,0.8399653606856647,-0.05412037037037043,-0.05495370370370373,0.3504789599368363,0.2099913401714165,0.18680923124255766,0.8339575363781367,0.018451975380712637,0.0008333333333332971,0.008488064880733654,0.36829088357714623,0.11929065237059729,0.11639380579133114,0.0,0.8735045657451205,0.6484277119832307,0.2979816965993586,0.2444809384752977,0.35036621516745287,surprised,08,12,12,female,strong,1377
100,3.336666666666667,True,1.0,0.7119569126296069,0.7065034869946947,0.7092301998121509,0.8807817265326233,-0.054444444444444406,-0.054444444444444406,0.3404936620348319,0.2446483180428141,0.18402943608398534,0.8052281041344715,0.005453425634912246,0.0,0.0111514408098848,0.3437313518864971,0.11939684920208767,0.11628486646965136,0.0,0.8156787776932922,0.5977235295446305,0.28624851361374976,0.25955662774250454,0.333257034341525,surprised,08,12,12,female,strong,1377
110,3.6703333333333332,True,1.0,0.7305920980684009,0.6947933988329336,0.7126927484506672,0.888455768833056,-0.05564814814814817,-0.05490740740740735,0.33972171119823524,0.263231872872593,0.18333707863421062,0.8021702075126992,0.0357986992354673,0.0007407407407408195,0.00884021608254421,0.3437313518864971,0.1179574878204125,0.11742061548660579,0.0,0.7236918751579299,0.5993813341352167,0.28424286036220914,0.25896945701137986,0.3337920573916136,surprised,08,12,12,female,strong,1377
0,0.0,True,1.0,0.6336447318278203,0.6235716856237984,0.6286082087258094,0.633343707527921,-0.054259259259259174,-0.053750000000000075,0.329729595800564,0.18627145957788488,0.1850935668365558,0.9925230191034891,0.01007304620402194,0.0005092592592590983,0.04194444951260664,0.46317588398977466,0.11937986800455427,0.11630229956700744,0.0,0.7448171203329227,0.6420579948932699,0.29286956617574716,0.23984852520852107,0.33886680983630746,surprised,08,12,12,female,strong,1378
10,0.33366666666666667,True,1.0,0.6504659601128574,0.6240266395948368,0.6372462998538471,0.6194462870536592,-0.052222222222222225,-0.0531018518518519,0.32021651359135894,0.1836299591558467,0.18504574647628638,1.0287353611962904,0.02643932051802056,0.0008796296296296746,0.04768356941299648,0.49177824762272,0.11981439098692144,0.11585460492351195,0.0,0.834614981515483,0.6423462404258578,0.29329703450836137,0.24153539189422504,0.3427646198619818,surprised,08,12,12,female,strong,1378
20,0.6673333333333333,True,1.0,0.23151752249636026,0.2328621233809667,0.23218982293866347,0.629638845065272,-0.07199074074074069,-0.07370370370370377,0.32256640011533927,0.1819452156247645,0.19334343563495973,0.3687666743537612,0.001344600884606445,0.0017129629629630827,0.0448593420967738,0.47576595678227385,0.1178287058864054,0.1177118086295422,0.0,0.8161796128620743,0.6428202867240647,0.2925768621931775,0.24055976739482135,0.3401222064945212,surprised,08,12,12,female,strong,1378
30,1.0010000000000001,True,1.0,0.718473681189031,0.6865704814692675,0.7025220813291493,0.8494193710833682,-0.06768518518518507,-0.06574074074074077,0.352858306330986,0.1930397616280403,0.21130220119229365,0.8270615260788521,0.03190319971976352,0.0019444444444443043,0.017822197113588227,0.3394355796548516,0.1148689420793024,0.12075969490902037,0.0,0.830251152628737,0.642934103195966,0.2937667567833192,0.2571708474033667,0.3551083396618739,surprised,08,12,12,female,strong,1378
40,1.3346666666666667,True,1.0,0.7060922076210994,0.6796976321474866,0.692894919884293,0.9347958723758851,-0.04851851851851846,-0.04597222222222225,0.3635887383765731,0.22219612946564482,0.18681209006022537,0.7412259086288275,0.02639457547361279,0.0025462962962962132,0.000843005622026161,0.31351126111074845,0.12108489759456112,0.11452609023309748,0.0,0.7875178552316251,0.6472405581138706,0.29465291024951984,0.25715140095706485,0.35526554117456444,surprised,08,12,12,female,strong,1378
50,1.6683333333333334,True,1.0,0.4863487358007334,0.48654724961486073,0.48644799270779704,0.778557474850294,-0.04532407407407402,-0.0429166666666666,0.4405227683423575,-0.006487693859615904,0.18125042093162325,0.6248067848829456,0.00019851381412733238,0.0024074074074074137,0.006043729341305951,0.3562343455143265,0.11840538085976406,0.11729426052600282,0.0,0.8331240448982244,0.6065008681285015,0.28379015709054545,0.2662918335373955,0.3460027538363821,surprised,08,12,12,female,strong,1378
60,2.0020000000000002,True,1.0,0.7119569126296093,0.6974626776580072,0.7047097951438082,0.9687915624425867,-0.05046296296296299,-0.05097222222222225,0.38444484313178706,0.18347658700018024,0.17708721081845544,0.7274111609385236,0.014494234971602071,0.0005092592592592649,0.006325877140451764,0.29015803704364407,0.11579861630444478,0.11986850391475011,0.0,0.7830915844455723,0.6055322404117897,0.2861824559659927,0.2615368520443542,0.33824176651132043,surprised,08,12,12,female,strong,1378
70,2.3356666666666666,True,1.0,0.7247891023589803,0.7272187964343247,0.7260039493966526,0.6850105550675168,-0.04814814814814805,-0.05143518518518525,0.3637198416125118,0.09127058858861317,0.186846392460444,1.0598434491642181,0.002429694075344435,0.0032870370370371993,0.005376283346245767,0.4021788790164035,0.12165587303991812,0.11391938520089046,0.0,0.822229761815028,0.6484673891431573,0.2939667228919969,0.24761410152046737,0.34865766453978503,surprised,08,12,12,female,strong,1378
80,2.6693333333333333,True,1.0,0.7181504325475219,0.7248119594132003,0.7214811959803611,0.8144083670923914,-0.0464814814814814,-0.05064814814814805,0.3403551868925526,0.1676315317764181,0.1868745647217282,0.8858960997124823,0.0066615268656784465,0.004166666666666652,0.0022445233402039674,0.36440971438911574,0.11941596108093808,0.11626523989776857,0.0,0.9165577393718831,0.6453461006121198,0.29603684071053626,0.2471573843604411,0.348920082088536,surprised,08,12,12,female,strong,1378
90,3.003,True,1.0,0.7195850342968878,0.7236067698370459,0.7215959020669669,0.7450787848721315,-0.04828703703703702,-0.0528703703703704,0.36152674726298717,0.1266313439250841,0.19308084616518598,0.9684826849429156,0.004021735540158056,0.004583333333333384,0.0004154163607675128,0.3844885048327338,0.11672131699259711,0.1188099658314802,0.0,0.9999999987499999,0.6406790210381027,0.29653535706594136,0.24743071456199042,0.34956426865884926,surprised,08,12,12,female,strong,1378
100,3.336666666666667,True,1.0,0.6982229250710889,0.697600231246117,0.6979115781586029,0.7045500940806945,-0.050509259259259254,-0.054027777777777786,0.3670173469608022,0.139442206120137,0.18960305135840616,0.9905776523516705,0.0006226938249718206,0.003518518518518532,0.0038971606170190255,0.3989817905419098,0.12209029845067527,0.11345367686466888,0.0,0.7534718070664073,0.6435429179249824,0.29277778137939336,0.24911687668413263,0.35157225915737056,surprised,08,12,12,female,strong,1378
110,3.6703333333333332,True,1.0,0.7094811483569711,0.6769546483967285,0.6932178983768498,0.6872082166199813,-0.05356481481481479,-0.0537037037037037,0.367261837108951,0.1344537815126046,0.18680923124255766,1.0087450667956606,0.032526499960242594,0.0001388888888889106,0.007111590980706118,0.42798913043478265,0.11811763099751436,0.11758402534795166,0.0,0.8397211627415244,0.6476490425154436,0.29419055553774487,0.2433401687974103,0.3452869873124998,surprised,08,12,12,female,strong,1378
0,0.0,True,1.0,0.6881586033389907,0.6634642374794467,0.6758114204092187,0.6809239853588392,-0.06185185185185188,-0.06185185185185188,0.30249584525344086,0.23284566024602266,0.19868638776562583,0.9924917243928097,0.024694365859543987,0.0,0.0033623889046710924,0.4763904921521911,0.11881503186010302,0.11687927948634066,0.0,0.9584676958445387,0.6494860473955207,0.2927246880509468,0.24302304590421786,0.35049059999444476,surprised,08,12,12,female,strong,1379
10,0.33366666666666667,True,1.0,0.6605460748366146,0.678853313877517,0.6696996943570659,0.6456073942246425,-0.0627314814814815,-0.06106481481481474,0.3040490063238799,0.24207322468342138,0.19797216875281853,1.0373172617723154,0.018307239040902368,0.0016666666666667607,0.002482329543992067,0.5030155526003487,0.11854154445914256,0.11715664730004599,0.0,0.7345424058408454,0.6462676023456257,0.29333269914499094,0.2421663180528114,0.3509353328909996,surprised,08,12,12,female,strong,1379
20,0.6673333333333333,True,1.0,0.506109534156638,0.5037839687616441,0.504946751459141,1.1881059761780672,-0.07407407407407418,-0.07125000000000004,0.2992222052702136,0.4204067300322391,0.20283194969418356,0.4250014405983109,0.002325565394993845,0.0028240740740741455,0.0030282346087421694,0.278627235019613,0.11591891535001315,0.11975217256116323,0.0,0.8869227847295602,0.6512587700783438,0.2931490934343904,0.24762522447234442,0.35643218588493253,surprised,08,12,12,female,strong,1379
30,1.0010000000000001,True,1.0,0.6526204743454886,0.6694322266602046,0.6610263505028466,0.9970663260470858,-0.07393518518518516,-0.06981481481481483,0.32713046147110353,0.3378504229074642,0.2064289588189179,0.6629712921140515,0.01681175231471599,0.00412037037037033,0.0033729177966981766,0.30543028868987465,0.11365446369565704,0.1219034070514225,0.0,0.9046122922619616,0.6013178136254502,0.2833043583509534,0.2724658901803068,0.3483019512826339,surprised,08,12,12,female,strong,1379
40,1.3346666666666667,True,1.0,0.6899043382481028,0.6969074632750833,0.6934059007615931,0.9958236847833771,-0.06703703703703706,-0.06550925925925921,0.33482206316692253,0.29039753277289254,0.2008316316205687,0.6963139272113523,0.007003125026980528,0.00152777777777785,0.011793066972082189,0.29105134810113115,0.1167659066208666,0.11796133745784386,0.0,0.7071067807446058,0.6051649632900035,0.28906420141123357,0.27846766525783745,0.3595370092477684,surprised,08,12,12,female,strong,1379
50,1.6683333333333334,True,1.0,0.6056714365659288,0.5910131522110846,0.5983422943885067,0.8054778704639483,-0.050509259259259254,-0.05148148148148152,0.4037990333578593,0.0763815221991683,0.18265392658968596,0.7428413819039705,0.014658284354844175,0.0009722222222222632,0.008610198037218414,0.3495633848782819,0.11702330165913778,0.11867318415584928,0.0,0.9999999987499999,0.6035613064444529,0.28769942979693486,0.2702465937154377,0.3441975380788919,surprised,08,12,12,female,strong,1379
60,2.0020000000000002,True,1.0,0.6338959210813435,0.640877329728498,0.6373866254049207,0.7620050790968229,-0.06537037037037041,-0.06597222222222227,0.37163558120271156,0.18672052795480118,0.19791666666666663,0.8364598122631834,0.006981408647154463,0.0006018518518518534,0.01409000388329616,0.38593552667310516,0.11373191479615302,0.12183115088307778,0.0,0.9999999987499999,0.6045689565670018,0.28662198011506745,0.27169007227801906,0.3553766687400085,surprised,08,12,12,female,strong,1379
70,2.3356666666666666,True,1.0,0.1418639863295933,0.10698914080898911,0.1244265635692912,0.7902930595564707,-0.08351851851851849,-0.08254629629629628,0.32734760190753875,0.22698281493151395,0.21323022752658174,0.15744357370305395,0.034874845520604186,0.0009722222222222077,0.006927302411241505,0.3882336347655078,0.11733195015824108,0.11836803302092894,0.0,0.7497521018172467,0.6522441728410114,0.29175445746686435,0.253985514124328,0.3477596599982578,surprised,08,12,12,female,strong,1379
80,2.6693333333333333,True,1.0,0.6796686429974595,0.6563608287569763,0.6680147358772179,0.9277366558096423,-0.06847222222222221,-0.0660648148148148,0.3297722021752437,0.26040462735473263,0.20768334385255344,0.7200477977171623,0.023307814240483227,0.0024074074074074137,0.0032019605842364524,0.33596830685767853,0.1168650079666582,0.11882906918035684,0.0,0.8182538674107862,0.6425800592502626,0.2940202282069298,0.2590564544180443,0.361029960438808,surprised,08,12,12,female,strong,1379
90,3.003,True,1.0,0.7490176029612038,0.7163916457017796,0.7327046243314916,0.8631423429338672,-0.06731481481481477,-0.06597222222222227,0.3307382221444287,0.23974875507647433,0.21043987083276572,0.848880408115525,0.03262595725942419,0.0013425925925925064,0.004949891986517602,0.36503353815534484,0.11643175641684456,0.11925361154644777,0.0,0.8084839026162173,0.6404325548578808,0.29523243110051534,0.25810605884551197,0.3613171609743194,surprised,08,12,12,female,strong,1379
100,3.336666666666667,True,1.0,0.7235832228660772,0.7450976575345518,0.7343404402003145,0.8722717207120363,-0.0653703703703703,-0.06393518518518526,0.33046046746912655,0.24229770019778807,0.2083629943078147,0.8418711999523173,0.02151443466847458,0.0014351851851850395,0.0021154114288860874,0.3650533419550687,0.11889888894891312,0.11679397234550064,0.0,0.7230236552310371,0.6390487475302621,0.2978077384298387,0.2578931589026513,0.3568732454009104,surprised,08,12,12,female,strong,1379
0,0.0,True,1.0,0.6305936057618959,0.6259483341362199,0.6282709699490578,0.668777490657004,-0.06421296296296297,-0.060555555555555474,0.3189813284661196,0.20891035648530354,0.19793555454007006,0.9394319915460182,0.004645271625676073,0.003657407407407498,0.009098902074185273,0.4560268632384723,0.12223499088769856,0.11329777037745635,0.0,0.794189734993184,0.5898265330897986,0.2794092586793627,0.2675052162988506,0.3392479913917349,neutral,01,12,12,female,normal,1380
10,0.33366666666666667,True,1.0,0.6414633009070151,0.6415661959298914,0.6415147484184532,0.6983744386447173,-0.06412037037037033,-0.06254629629629627,0.3117670327629764,0.22993092070862978,0.19724117659584223,0.9185828016033815,0.0001028950228763037,0.001574074074074061,0.013089578377025138,0.42596357920293965,0.11947513705728162,0.11620442932415358,0.0,0.828500428729157,0.5915841563656712,0.27906237815268103,0.26364816821542264,0.3442071175296322,neutral,01,12,12,female,normal,1380
20,0.6673333333333333,True,1.0,0.6599883915138047,0.6543041897935352,0.65714629065367,0.7326231708193179,-0.06625000000000003,-0.06305555555555559,0.3112248590902924,0.24696284076112124,0.19515296339244412,0.8969772139731269,0.0056842017202695105,0.003194444444444444,0.008044631342379614,0.3950533112649451,0.1154050491206033,0.12024746320213917,0.0,0.8002350112344374,0.6584405779968238,0.29828552514332435,0.24907275666428677,0.3664731123288214,neutral,01,12,12,female,normal,1380
30,1.0010000000000001,True,1.0,0.594841937670952,0.591702900481343,0.5932724190761475,0.9717402616854309,-0.06949074074074074,-0.06666666666666665,0.336745654041405,0.37591006766617574,0.19033550738708577,0.6105257160459201,0.003139037189608951,0.00282407407407409,0.011722753079698897,0.31896465465861656,0.11663654461586569,0.11905332515076068,0.0,0.7992027737639491,0.6623112995901485,0.2975447419071705,0.2571173051250703,0.3848361171497946,neutral,01,12,12,female,normal,1380
40,1.3346666666666667,True,1.0,0.6124107248631954,0.623725662137332,0.6180681935002637,0.9550350293158077,-0.06907407407407407,-0.06597222222222227,0.31229032866025147,0.35813813599342775,0.19450093735393315,0.6471680875863276,0.011314937274136683,0.0031018518518518,0.013417354985149777,0.3219242210235698,0.11613571047341581,0.11954193624778346,0.0,0.8371747188644396,0.6604710857780612,0.2989562164365564,0.2584938893831149,0.3811469469060238,neutral,01,12,12,female,normal,1380
50,1.6683333333333334,True,1.0,0.6449221967219355,0.6195780990564757,0.6322501478892055,1.0050621527810357,-0.0641666666666666,-0.06092592592592594,0.32008864499653156,0.3266308460746131,0.1958582652569057,0.6290657210996865,0.025344097665459864,0.003240740740740655,0.01076641961960316,0.30044940323585007,0.11806805768836227,0.1176338026382241,0.0,0.6655526231226186,0.5936761608237044,0.280491019588045,0.2742777225858446,0.3459387177811587,neutral,01,12,12,female,normal,1380
60,2.0020000000000002,True,1.0,0.6351066652002084,0.6306731989789918,0.6328899320896001,0.9728691047684126,-0.06648148148148153,-0.06328703703703703,0.3356551560935317,0.2869663435710433,0.19727791968317587,0.650539655322138,0.004433466221216653,0.0031944444444444997,0.01515275992181318,0.29678433157510314,0.11967777345119107,0.11583136174507491,0.0,0.7071067807446058,0.5902343211268882,0.2793195910011336,0.2724802365626145,0.3421761210861812,neutral,01,12,12,female,normal,1380
70,2.3356666666666666,True,1.0,0.6103923054308794,0.6274113236051752,0.6189018145180273,0.7870913631077873,-0.0660648148148148,-0.06402777777777785,0.3324844093421336,0.24883036384747362,0.19867601971628515,0.7863150880913332,0.01701901817429574,0.0020370370370369484,0.012587540594563351,0.37608497922684375,0.11827333118510473,0.11742741119337359,0.0,0.7813178595976111,0.586847379029737,0.2798650345406995,0.27245675972851485,0.34587748540022306,neutral,01,12,12,female,normal,1380
80,2.6693333333333333,True,1.0,0.626776254244782,0.653935206473927,0.6403557303593546,0.7759968060377457,-0.0633333333333333,-0.0616666666666667,0.3315145079976388,0.2260841545818221,0.19937023807184537,0.825204079935616,0.027158952229144995,0.0016666666666665941,0.01232623116847427,0.3837263426930708,0.11876186187481975,0.11693330549220124,0.0,0.6889168920494461,0.5907686194946729,0.2786591944100003,0.27035621686271305,0.3411557059753108,neutral,01,12,12,female,normal,1380
90,3.003,True,1.0,0.6184684938769441,0.6242979246178031,0.6213832092473737,0.6374909971997611,-0.062037037037037,-0.05874999999999997,0.3357079274608804,0.16707727404851694,0.20286241504005728,0.9747325248150289,0.005829430740858954,0.0032870370370370328,0.008626024508806597,0.47396541933142505,0.12051318835123966,0.11512753451329105,0.0,0.6924474946122048,0.6398550086518984,0.2905630031332085,0.2453503712780237,0.3483588349300918,neutral,01,12,12,female,normal,1380
100,3.336666666666667,True,1.0,0.6528891603498109,0.6394844204488347,0.6461867903993228,0.6350894770270923,-0.06310185185185185,-0.060370370370370297,0.33508730745982107,0.16644786995373834,0.20145290248943265,1.017473621865344,0.013404739900976237,0.002731481481481557,0.0062636899285155615,0.47396541933142405,0.11965943423358147,0.11601464376703825,0.0,0.8577385649553743,0.6397084459799545,0.2903458288956293,0.24303840575021607,0.3469052001073987,neutral,01,12,12,female,normal,1380
0,0.0,True,1.0,0.6220075195944329,0.6196148034661262,0.6208111615302796,0.6615734591123388,-0.06402777777777785,-0.06064814814814812,0.32561812330664475,0.18186078811170217,0.1972690246162261,0.9383858330158049,0.0023927161283067155,0.0033796296296297323,0.0018134871158640457,0.4665638372076728,0.12304398500079118,0.11241866181824924,0.0,0.7411053102159162,0.5882211478185023,0.27919828045193174,0.2639359694125033,0.33702038550112845,neutral,01,12,12,female,normal,1381
10,0.33366666666666667,True,1.0,0.6136799752971256,0.6213151282566438,0.6174975517768847,0.6555072291464931,-0.06388888888888888,-0.06115740740740744,0.32658442819723515,0.19657443738686375,0.19725355397916716,0.9420148616528622,0.007635152959518221,0.002731481481481446,0.0040617381955081475,0.4525902892961398,0.11706956672537848,0.11846683235504603,0.0,0.8720215859612729,0.5925196072257027,0.2807762611371448,0.2580659003715037,0.33496287003019887,neutral,01,12,12,female,normal,1381
20,0.6673333333333333,True,1.0,0.41987984538531326,0.3840457258972036,0.4019627856412584,1.0014087269750758,-0.0735648148148148,-0.07018518518518513,0.3213957910155879,0.31705703575756,0.19866641918814604,0.40139732639983566,0.03583411948810966,0.003379629629629677,0.00552495236021133,0.30179312635999506,0.11646717595137361,0.11921901985354218,0.0,0.7071067807446058,0.5900260000406413,0.28383623619834514,0.2669512881454032,0.33968045811831044,neutral,01,12,12,female,normal,1381
30,1.0010000000000001,True,1.0,0.6124107248631961,0.5972112296648555,0.6048109772640258,0.9710594850265944,-0.06657407407407417,-0.0631944444444445,0.3333565905455095,0.3103678767710488,0.19592097059741992,0.6228361769695929,0.015199495198340629,0.003379629629629677,0.011879165410612928,0.31518067885123485,0.11775837637106001,0.11794381104387913,0.0,0.9200384439208048,0.5902589414515806,0.2823692356735569,0.2715514709177037,0.3476706281281202,neutral,01,12,12,female,normal,1381
40,1.3346666666666667,True,1.0,0.6041460464819882,0.6110742001889627,0.6076101233354755,0.8455058490133714,-0.06513888888888891,-0.06282407407407409,0.33223224516010214,0.2519668214511292,0.1972361480619973,0.7186350325600956,0.006928153706974527,0.002314814814814825,0.005154783946664355,0.3482025640565464,0.11805287845132457,0.11764903594439238,0.0,0.7609248056402894,0.5896516421724941,0.28068446725431456,0.2708477772199731,0.3441398585805356,neutral,01,12,12,female,normal,1381
50,1.6683333333333334,True,1.0,0.6239268433149348,0.5890668742867825,0.6064968588008586,0.9184590429970083,-0.062499999999999944,-0.05981481481481482,0.3153930883540132,0.2720769746628522,0.20071307091842536,0.6603417576703353,0.03485996902815225,0.002685185185185124,0.00795932816286022,0.34566449812099753,0.11683147932348058,0.1188620343429473,0.0,0.9509321606462094,0.6411472979191677,0.291874835531657,0.24667323899657762,0.3520472548105347,neutral,01,12,12,female,normal,1381
60,2.0020000000000002,True,1.0,0.6477290662659232,0.6433954222846096,0.6455622442752664,1.0582625894842788,-0.06523148148148145,-0.06277777777777771,0.3235111524593059,0.34718877730415776,0.19586488726564813,0.6100208499195527,0.00433364398131364,0.0024537037037037357,0.00550166381347485,0.29167264792817466,0.11779471714234421,0.1175839040318922,0.0,0.9999999987499999,0.5907398569740395,0.2798954528955632,0.2680280505591093,0.3403495829623637,neutral,01,12,12,female,normal,1381
70,2.3356666666666666,True,1.0,0.6091261970488216,0.611074200188962,0.6101001986188919,0.8450638419995988,-0.06430555555555556,-0.061435185185185204,0.30487367018750694,0.2992112744932389,0.19587228806931042,0.7219575235585355,0.0019480031401403197,0.0028703703703703565,0.00588345221116452,0.36851718648219284,0.11655784749126419,0.11832804494088535,0.0,0.9999999987499999,0.5921931829841312,0.2810302749329281,0.26502604409603003,0.34492497215058193,neutral,01,12,12,female,normal,1381
80,2.6693333333333333,True,1.0,0.6173091273959079,0.623917236016213,0.6206131817060605,0.7359292123060334,-0.06384259259259262,-0.06171296296296297,0.32776284948481266,0.2207615173719239,0.19588046757961872,0.8433055398920364,0.006608108620305031,0.002129629629629648,0.01118290079693615,0.4148549954956686,0.11901548444407234,0.11634811703118028,0.0,0.8281594227931511,0.5925305714864071,0.27971897187753225,0.2642455488680462,0.3406582574095177,neutral,01,12,12,female,normal,1381
90,3.003,True,1.0,0.6492350745998482,0.6398123183857471,0.6445236964927976,0.6265683333994291,-0.0643981481481481,-0.06148148148148147,0.33405614402069617,0.16862133400879273,0.19796330488050065,1.0286566718045775,0.009422756214101047,0.002916666666666623,0.005454552945102756,0.478517190459556,0.12216512266409735,0.11337310339855315,0.0,0.6824727818356225,0.5908576008606568,0.27908235733100106,0.26873514989415026,0.3434367340448214,neutral,01,12,12,female,normal,1381
100,3.336666666666667,True,1.0,0.6262036995563895,0.652356800261481,0.6392802499089353,0.6484410854008356,-0.06379629629629624,-0.06189814814814809,0.3309673443420356,0.18635312250642075,0.19864952113169718,0.9858725245852713,0.02615310070509147,0.0018981481481481488,0.005171522897676346,0.4525902892961408,0.11919737780081563,0.11616176220995608,0.0,0.7071067807446058,0.5886896713372849,0.2796435503299697,0.26524517649467133,0.3435414495111964,neutral,01,12,12,female,normal,1381
0,0.0,True,1.0,0.6449221967219337,0.6486869408852116,0.6468045688035726,0.7344284991583765,-0.06351851851851859,-0.060324074074073974,0.29802503668822283,0.25075686488033166,0.19932431181857682,0.8806909992528651,0.0037647441632778778,0.0031944444444446107,0.0011555784684581744,0.42805290204285434,0.12147863341723153,0.11410836688274037,0.0,0.9614253111711061,0.6528271519232693,0.29181112852368374,0.24952407873903631,0.3555790133110879,neutral,01,12,12,female,normal,1382
10,0.33366666666666667,True,1.0,0.6315145545730585,0.6196148034661269,0.6255646790195927,0.9890265144150061,-0.06351851851851859,-0.061481481481481526,0.29321010657778473,0.3479908106275026,0.19793054364727783,0.6325054686623892,0.011899751106931644,0.0020370370370370594,0.000900967987987908,0.3250337147490913,0.11473371606826449,0.12073047758663072,0.0,0.8748614167684527,0.6559273309558198,0.2921982581197207,0.24739084227200428,0.35821811470904114,neutral,01,12,12,female,normal,1382
20,0.6673333333333333,True,1.0,0.649730448458355,0.6323111787993765,0.6410208136288658,1.1609977324263043,-0.0727314814814814,-0.06958333333333339,0.29507498190141096,0.47165532879818584,0.19583956661179183,0.5521292554889252,0.017419269658978553,0.003148148148148011,0.003190204667370808,0.2729085984141558,0.12078207410108943,0.11484541064185674,0.0,0.6698409320757379,0.597619895567602,0.27899980496383325,0.27129089562161385,0.3456150356265757,neutral,01,12,12,female,normal,1382
30,1.0010000000000001,True,1.0,0.60451290308685,0.6041267793863732,0.6043198412366115,0.8439407089800315,-0.07023148148148156,-0.06912037037037044,0.3046014107752638,0.30760224293544436,0.20486706971089577,0.716069073107019,0.0003861237004768592,0.0011111111111111183,0.0004950537970910218,0.3888501557555158,0.11907049166913627,0.11661901981699759,0.0,0.6874752326262833,0.5996903332426722,0.2792864864587754,0.2713174758169095,0.34575438668949693,neutral,01,12,12,female,normal,1382
40,1.3346666666666667,True,1.0,0.6094324498349668,0.6246213467982821,0.6170268983166245,0.9664148517162351,-0.07,-0.06865740740740739,0.3112201065158695,0.3020046411613236,0.20486260077730523,0.6384700082173405,0.015188896963315268,0.0013425925925926174,7.542246210518789e-05,0.331953866282535,0.11769187080188007,0.1180101746304594,0.0,0.9999999987499999,0.5988739597245148,0.28048718282497526,0.27744198797536906,0.3466680246215733,neutral,01,12,12,female,normal,1382
50,1.6683333333333334,True,1.0,0.6591192663809495,0.6262036995563901,0.6426614829686699,0.9566965301794632,-0.06874999999999998,-0.06907407407407412,0.300673076629942,0.363013140163557,0.20013766319340198,0.6717506154727199,0.03291556682455943,0.00032407407407414324,0.025329425692944822,0.32275910790311907,0.12102420961145302,0.114590219729383,0.0,0.6811752963629474,0.5963088487582534,0.27864504737418816,0.27189245243584365,0.34118238455301064,neutral,01,12,12,female,normal,1382
60,2.0020000000000002,True,1.0,0.6706827622823707,0.6453250666221446,0.6580039144522576,1.160099887642247,-0.07087962962962963,-0.07037037037037036,0.30502919129261036,0.43064314010962185,0.20003814333537112,0.5671959125774638,0.025357695660226054,0.0005092592592592649,0.01563595211311101,0.27272727272727293,0.11925650609197638,0.11642879164607586,0.0,0.7534079729764698,0.5968581310805573,0.2794429618930665,0.27430801927494713,0.3470809877208353,neutral,01,12,12,female,normal,1382
70,2.3356666666666666,True,1.0,0.6412043959774922,0.6200800130575486,0.6306422045175204,0.8888012245416678,-0.06634259259259262,-0.06587962962962968,0.2968075898272127,0.3718209116034007,0.2020848434758867,0.7095424568555546,0.021124382919943674,0.0004629629629629428,0.013262448529826273,0.3793508523806836,0.11608473809261365,0.11959143510703978,0.0,0.9239134621220587,0.6476815156922144,0.2945314548775002,0.24590284987278205,0.3621091161915528,neutral,01,12,12,female,normal,1382
80,2.6693333333333333,True,1.0,0.6523568002614827,0.637761545318448,0.6450591727899653,0.6829308757527838,-0.06717592592592597,-0.06458333333333333,0.3155244390109413,0.24753796787026452,0.19791820860144968,0.9445453349563774,0.014595254943034708,0.0025925925925926463,0.009653052218366365,0.45064935280076923,0.12013180686463223,0.11552543767042571,0.0,0.912258470104252,0.6497839202790492,0.2924698552328522,0.2484260673217977,0.36160302293571606,neutral,01,12,12,female,normal,1382
90,3.003,True,1.0,0.6480790905426604,0.6090913661569788,0.6285852283498197,0.6933513767450753,-0.0665277777777778,-0.06555555555555553,0.31859200752442457,0.24518655920296195,0.2006959650377324,0.9065897168917453,0.038987724385681655,0.0009722222222222632,0.005156679313485287,0.4553213753343429,0.11912910900133583,0.11655914017261892,0.0,0.8728407792273749,0.6500820608790392,0.2925970600777982,0.24880291631676466,0.36119175752881005,neutral,01,12,12,female,normal,1382
100,3.336666666666667,True,1.0,0.6663178496179571,0.6339712449255334,0.6501445472717453,0.7001983845866653,-0.06680555555555551,-0.06398148148148147,0.3174711720784447,0.23046638387921178,0.20069786576314116,0.9285147775019971,0.032346604692423786,0.0028240740740740344,0.00789662596803354,0.44155991033398395,0.11689068191627601,0.11880381412340832,0.0,0.9126528371144276,0.6508989333467763,0.2938891464889505,0.24587183222739703,0.36216159928993,neutral,01,12,12,female,normal,1382
0,0.0,True,1.0,0.6345593280472585,0.6414778171874876,0.638018572617373,0.6343919021403195,-0.05125000000000007,-0.05050925925925931,0.32174302544624117,0.10012327444975537,0.19931933583917824,1.005716766662402,0.006918489140229189,0.000740740740740764,0.0009764489445735289,0.4946085966946334,0.12024122705583101,0.11541154658637709,0.0,0.8365471206677605,0.5954810024009605,0.2749713524139363,0.25182325160061086,0.302716366050925,neutral,01,12,12,female,normal,1383
10,0.33366666666666667,True,1.0,0.6601572046146016,0.6566028116754932,0.6583800081450474,0.6343919021403195,-0.05129629629629634,-0.04972222222222228,0.32260504782785837,0.0834360620414628,0.20001869114320453,1.0378127556858725,0.0035543929391084195,0.001574074074074061,0.0033367822055912376,0.4763904921521901,0.12071593248281924,0.11491493120641719,0.0,0.9566893499940475,0.5980219561027537,0.27597902390347584,0.249979771636555,0.3057332541248353,neutral,01,12,12,female,normal,1383
20,0.6673333333333333,True,1.0,0.6334881349702124,0.6566028116754907,0.6450454733228516,0.626935868906671,-0.05125000000000007,-0.0494444444444444,0.31955521918938173,0.10161831439972469,0.19864952113169718,1.0288858961727017,0.023114676705278336,0.0018055555555556713,0.006395201650589544,0.48925417500974155,0.11962315988853961,0.11555849403990334,0.0,0.869864546053611,0.5960415687837636,0.27515453074390456,0.24866728281351078,0.3113781533939193,neutral,01,12,12,female,normal,1383
30,1.0010000000000001,True,1.0,0.3352065546821702,0.3459392233439389,0.34057288901305455,1.1586686235536432,-0.06416666666666654,-0.06078703703703703,0.300039058418016,0.3075813324217208,0.1979552114330587,0.2939346782072303,0.010732668661768696,0.0033796296296295103,0.006378974048578771,0.2815097794338796,0.11676866375589191,0.11876343286411788,0.0,0.9999999987499999,0.5980494416829232,0.27697976378722544,0.263368466925839,0.33482939279442614,neutral,01,12,12,female,normal,1383
40,1.3346666666666667,True,1.0,0.6220090923416064,0.6345658631504063,0.6282874777460064,0.9815302182467127,-0.05374999999999991,-0.05250000000000005,0.31550611639100085,0.25828484953074426,0.19796330488050076,0.6401101729382346,0.01255677080879991,0.0012499999999998623,0.002655798584882211,0.33961266103424004,0.11863352791091944,0.11706350338470908,0.0,0.9545984396911594,0.6493846621070303,0.2930064466104672,0.2520844971207997,0.3517769925400809,neutral,01,12,12,female,normal,1383
50,1.6683333333333334,True,1.0,0.6025288538451706,0.6262036995563897,0.6143662767007801,0.9502884920009038,-0.05189814814814814,-0.05175925925925917,0.3294752627319617,0.21295564050243704,0.19724697859098275,0.6465050159738184,0.023674845711219028,0.0001388888888889661,0.00643860724460384,0.33147714736616174,0.12051837346947941,0.1151221065891417,0.0,0.8181308927807636,0.5965148099474166,0.2770840219705593,0.26162305125337315,0.3167899864346989,neutral,01,12,12,female,normal,1383
60,2.0020000000000002,True,1.0,0.6719887744785191,0.6794323566209032,0.6757105655497111,1.1161699595201662,-0.055787037037037024,-0.05291666666666661,0.29998416569806824,0.3329274193301692,0.19654175282197453,0.6053832212436486,0.007443582142384053,0.002870370370370412,0.005502235619481917,0.294218260134479,0.11626840447326894,0.11941287991718932,0.0,0.9094550058207377,0.6508454768704357,0.2937771228929099,0.24492171550189523,0.3433977993749625,neutral,01,12,12,female,normal,1383
70,2.3356666666666666,True,1.0,0.6259232179646806,0.6173091273959074,0.621616172680294,0.8549603159940977,-0.05694444444444441,-0.0534722222222222,0.3108505964740054,0.24401725669978572,0.19724117659584223,0.7270702055422481,0.00861409056877327,0.00347222222222221,0.0004792021994668902,0.3871142679173381,0.12002432603825564,0.11547222601576641,0.0,0.7698693684788963,0.6504000161001899,0.2921219968320585,0.24711472427365958,0.34575160389793863,neutral,01,12,12,female,normal,1383
80,2.6693333333333333,True,1.0,0.6059550515115193,0.6294128638485298,0.6176839576800246,0.7470533882221266,-0.05472222222222212,-0.054027777777777786,0.31728459448009105,0.21216173907891211,0.19377519997409368,0.8268270613831474,0.023457812337010497,0.000694444444444331,0.0008090816268777346,0.43688655654518954,0.11889319289869384,0.11679977076889626,0.0,0.7945969967300445,0.6505392476834484,0.2913164183117516,0.24288927241307418,0.3416608858869565,neutral,01,12,12,female,normal,1383
90,3.003,True,1.0,0.6531917087794548,0.6453250666221448,0.6492583877007998,0.6072815627026675,-0.05421296296296285,-0.05250000000000005,0.3312158211005398,0.12304075230911483,0.19654679912151268,1.0691225085301737,0.007866642157309922,0.0017129629629628051,0.0006705002319115322,0.5079642119541953,0.11600493721132332,0.11950953252269925,0.0,0.9433542246416146,0.6508408003279438,0.2937513110210986,0.23910584299432844,0.3435252466512791,neutral,01,12,12,female,normal,1383
100,3.336666666666667,True,1.0,0.6374463910225927,0.6371639325882466,0.6373051618054196,0.6615734591123389,-0.05509259259259258,-0.05310185185185179,0.3264541731095466,0.16532798919245534,0.19308756342655736,0.9633173051720045,0.0002824584343461556,0.001990740740740793,0.0056174184826548864,0.4525902892961398,0.12157615954993004,0.11400445253845806,0.0,0.9999999987499999,0.5950246410439176,0.27768152565641774,0.25256543853877006,0.3172561387078921,neutral,01,12,12,female,normal,1383
0,0.0,True,1.0,0.6025636462725971,0.5827612621692023,0.5926624542208997,0.6239170964209138,-0.06648148148148159,-0.06449074074074079,0.3408752169087181,0.15211764764768662,0.19938057002093051,0.9499057769384657,0.019802384103394743,0.001990740740740793,0.019350757629043806,0.4855430994522725,0.11808951734126938,0.11761225983450116,0.0,0.8550660531487109,0.6514956277198379,0.29520327403108776,0.2551155431912618,0.3648679604548,calm,02,12,12,female,normal,1384
10,0.33366666666666667,True,1.0,0.5593882315648396,0.5878164828495216,0.5736023572071807,0.6229862613378354,-0.06828703703703715,-0.0660648148148148,0.3440579980182392,0.17459222967509577,0.19941615374813368,0.9207303480102355,0.02842825128468196,0.0022222222222223476,0.015205442300683238,0.4717679963657954,0.11765397863457898,0.11804795246331286,0.0,0.9999999987499999,0.6536848594515932,0.29257335036169546,0.256433303604443,0.3697283444682534,calm,02,12,12,female,normal,1384
20,0.6673333333333333,True,1.0,0.5373337331442835,0.5616784121170848,0.5495060726306842,0.9933698561213403,-0.06907407407407412,-0.06768518518518518,0.3386040376277431,0.3208267759441885,0.19734751940380224,0.5531736938105377,0.024344678972801348,0.0013888888888889395,0.014889301519196891,0.32339264440700327,0.11782613174227122,0.11787612331627792,0.0,0.7056416599918652,0.6515966973117373,0.2934772396096854,0.2634529126828777,0.3764700828805189,calm,02,12,12,female,normal,1384
30,1.0010000000000001,True,1.0,0.5320056730432227,0.5422669338487693,0.5371363034459959,0.9000391480369381,-0.06953703703703706,-0.06754629629629633,0.3887140051672418,0.24465441919529865,0.1932135675544401,0.59679215578293,0.01026126080554668,0.0019907407407407374,0.01758015520276917,0.3417196547373238,0.11508234051853108,0.12055634645176402,0.0,0.9070125093976616,0.6531254068580558,0.29731126290408966,0.272647503493048,0.4050034645978705,calm,02,12,12,female,normal,1384
40,1.3346666666666667,True,1.0,0.47372376738534827,0.4968551394407586,0.4852894534130534,0.8309018814819321,-0.07222222222222224,-0.06967592592592586,0.34646861979499316,0.28168586482095814,0.18987647787454717,0.5840514556875582,0.023131372055410326,0.0025462962962963798,0.02511897118804374,0.33880853459320953,0.11551308385506404,0.12014368575760422,0.0,0.6960100081649432,0.656749538901498,0.2970336536149737,0.2651098397372689,0.3915857157071193,calm,02,12,12,female,normal,1384
50,1.6683333333333334,True,1.0,0.2016870214860258,0.16018488407484574,0.18093595278043578,1.0691016766714603,-0.08240740740740737,-0.08027777777777778,0.3371897487023474,0.290699454487803,0.20149834358696814,0.16924110842643286,0.04150213741118006,0.0021296296296295925,0.01766961167329522,0.2826290151366695,0.11619093208386094,0.11948826331748884,0.0,0.7965220378131463,0.6439711855210836,0.2898124007082186,0.2527966327833653,0.3569705318117644,calm,02,12,12,female,normal,1384
60,2.0020000000000002,True,1.0,0.6172749873299483,0.6293922900666841,0.6233336386983162,0.7692798325234104,-0.05981481481481471,-0.05842592592592594,0.3495077163703225,0.16138544470614946,0.2042298096049972,0.8102820486709524,0.012117302736735724,0.001388888888888773,0.009240867754050058,0.39038140935416166,0.11712803174820538,0.11856981887578115,0.0,0.6735013231599907,0.6423086719609719,0.2951662094828513,0.25421621693707547,0.34993080520177855,calm,02,12,12,female,normal,1384
70,2.3356666666666666,True,1.0,0.5645250849613436,0.617172565502392,0.5908488252318678,0.8095628770905281,-0.05949074074074073,-0.057361111111111196,0.3769614403503207,0.14191805161590218,0.20224975864232014,0.7298368563480919,0.0526474805410484,0.002129629629629537,0.01913638854479748,0.3588611584283288,0.11906274350462724,0.11662693033283651,0.0,0.6871120175712168,0.6420639611860368,0.2944226929727724,0.2594796861349118,0.3579888115704962,calm,02,12,12,female,normal,1384
80,2.6693333333333333,True,1.0,0.6190091165517146,0.6263101340886195,0.622659625320167,0.7850617239548219,-0.05935185185185188,-0.055925925925926046,0.32668603321945733,0.17960193541981007,0.20233838742357724,0.7931346113570038,0.007301017536904819,0.0034259259259258323,0.030955060250831515,0.38853239666940986,0.11734498828557076,0.1183551075943552,0.0,0.7453492661679492,0.6427233376866371,0.29376271529969844,0.24739908977740832,0.3450852824036102,calm,02,12,12,female,normal,1384
90,3.003,True,1.0,0.5638708169697155,0.6390144237705995,0.6014426203701575,0.6639643590414268,-0.055787037037037024,-0.05314814814814817,0.3567296924872632,0.06776714460548706,0.20376597881466713,0.9058357006368042,0.07514360680088394,0.0026388888888888573,0.03255338236948259,0.44835300190222593,0.11711533276487232,0.11858236209808753,0.0,0.739063414869406,0.6366744429021609,0.29412307551675654,0.24302831979365105,0.3357277842876979,calm,02,12,12,female,normal,1384
100,3.336666666666667,True,1.0,0.5980778039639477,0.6306731989789913,0.6143755014714696,0.6586004745709068,-0.057037037037036886,-0.052083333333333315,0.3473582995872115,0.0687763473810981,0.20441912139484475,0.932850074047926,0.032595395015043604,0.004953703703703571,0.034088092722968685,0.4534223930607636,0.120994188444174,0.11462191820191259,0.0,0.8188866441304041,0.5886341411330157,0.27414323707793037,0.2540541622588785,0.31558351088130254,calm,02,12,12,female,normal,1384
110,3.6703333333333332,True,1.0,0.6207639278005116,0.6456553760918994,0.6332096519462055,0.6795771329302166,-0.05550925925925926,-0.053148148148148,0.3454486509574101,0.08477413204458836,0.20440008612869615,0.9317700982902666,0.024891448291387785,0.002361111111111258,0.034405127518319055,0.4306798332757792,0.1206666536767761,0.11496667543303174,0.0,0.7378116013809102,0.5863071051467462,0.27533543122496734,0.2531537292453387,0.3124066967695457,calm,02,12,12,female,normal,1384
0,0.0,True,1.0,0.6158862214921657,0.6168160440401527,0.6163511327661592,0.6328018880760453,-0.06601851851851848,-0.06319444444444444,0.34361746600486603,0.14301836841442744,0.2008316316205687,0.9740033087450124,0.0009298225479870137,0.0028240740740740344,0.01544087184066888,0.4441638532108064,0.1210344838848372,0.11441296925118168,0.0,0.9257919296891128,0.5832624783038216,0.2764826775729128,0.2598502653674106,0.33045747403383063,calm,02,12,12,female,normal,1385
10,0.33366666666666667,True,1.0,0.6164493426361037,0.5976749103673756,0.6070621265017397,0.618276703719026,-0.06685185185185188,-0.06412037037037038,0.3383263289653788,0.14671021883730978,0.19949074418220805,0.9818615562420048,0.018774432268728103,0.0027314814814815014,0.01732227754237008,0.4835414975181,0.11809468285049446,0.11760707313763151,0.0,0.6689949465913879,0.647050936288578,0.29326275572778226,0.2575122556727799,0.3612997636025192,calm,02,12,12,female,normal,1385
20,0.6673333333333333,True,1.0,0.4116975491252476,0.4182402391043013,0.41496889411477444,0.9491663691434146,-0.07328703703703693,-0.06976851851851851,0.3483520959693246,0.3113370084863221,0.19463425832666542,0.43719300178035975,0.006542689979053717,0.003518518518518421,0.017829088382358214,0.32240796855070036,0.11581479779166935,0.1198528697266514,0.0,0.7655771392944066,0.6559902581188727,0.2921396303186694,0.25852589439554535,0.370835609815726,calm,02,12,12,female,normal,1385
30,1.0010000000000001,True,1.0,0.5272905824995979,0.5263520557221109,0.5268213191108544,0.9029029549772983,-0.07314814814814818,-0.07041666666666663,0.3716859448691824,0.3261289943767673,0.1863671460066204,0.583475019332615,0.0009385267774870698,0.002731481481481557,0.021546379085071243,0.33424185029467424,0.11968874903476348,0.11598440034745486,0.0,0.9999999987499999,0.5918672326821355,0.277768700071448,0.28796580439683706,0.3812043712960373,calm,02,12,12,female,normal,1385
40,1.3346666666666667,True,1.0,0.5257073613474006,0.5123899757739421,0.5190486685606713,0.8846959574075275,-0.08513888888888882,-0.08157407407407408,0.3348800968778909,0.3022913811792182,0.2051324241019558,0.5866972310822667,0.013317385573458518,0.003564814814814743,0.020074889920850936,0.32309971079899424,0.1162807486205627,0.11924118970334933,0.0,0.7912350967563953,0.6555173440001,0.29695561991717107,0.26703833578503083,0.38887729308867347,calm,02,12,12,female,normal,1385
50,1.6683333333333334,True,1.0,0.5578875426831116,0.551607662454816,0.5547476025689637,0.9710107424824441,-0.06949074074074069,-0.06708333333333338,0.33048039209323715,0.27846212341419596,0.20641306586494382,0.5713094390188928,0.00627988022829562,0.0024074074074073026,0.01780997535900501,0.3354620889125798,0.11703161399761965,0.11866498680865102,0.0,0.8087783007840571,0.6386905124237194,0.290881777385699,0.25520215103141286,0.3632202708512081,calm,02,12,12,female,normal,1385
60,2.0020000000000002,True,1.0,0.6115919795349456,0.6138496755586782,0.6127208275468119,0.7787929319183181,-0.06412037037037033,-0.06254629629629632,0.32077701717469026,0.16540474147706002,0.20840509831657258,0.7867570472648764,0.0022576960237326027,0.0015740740740740056,0.009154255762000615,0.41497732228434686,0.11780585925420188,0.1178963837211811,0.0,0.8530843992244672,0.6381872879229816,0.2920175523000404,0.250843622042198,0.3536567296435207,calm,02,12,12,female,normal,1385
70,2.3356666666666666,True,1.0,0.5964130838988699,0.5890892794614669,0.5927511816801685,0.7788826750441636,-0.05972222222222223,-0.05800925925925926,0.33259259355724125,0.14297532183880182,0.2069975259336926,0.7610275599551097,0.007323804437402992,0.0017129629629629717,0.004037079780431249,0.40618286754203936,0.11912584566987909,0.11656247536321457,0.0,0.8207333021097829,0.636715310788378,0.2969675186127195,0.25184708763782165,0.3444040371806943,calm,02,12,12,female,normal,1385
80,2.6693333333333333,True,1.0,0.6200800130575497,0.6563608287569761,0.6382204209072628,0.9267681212495844,-0.06439814814814815,-0.06504629629629638,0.32713421972973,0.21945497352195226,0.20628698768720852,0.6886516770200667,0.03628081569942643,0.000648148148148231,0.0056561174643939205,0.3372902909687676,0.11719002616906057,0.11850854625631127,0.0,0.7606178553212309,0.6403537830991771,0.29408770790143596,0.2552598169223895,0.35790585340066294,calm,02,12,12,female,normal,1385
90,3.003,True,1.0,0.6276157303424148,0.6495879147941606,0.6386018225682877,0.6321693547054078,-0.06296296296296294,-0.0627314814814815,0.34526014063617033,0.10018426359503645,0.20490616872228276,1.0101752288607495,0.021972184451745758,0.00023148148148144365,0.0021695897185437306,0.48554309945227286,0.11828190432044626,0.11725640678496052,0.0,0.7446601240236933,0.641031893968525,0.2926369604889169,0.2485648073210973,0.3512031536401345,calm,02,12,12,female,normal,1385
100,3.336666666666667,True,1.0,0.6147462219645389,0.6189233919983712,0.6168348069814551,0.6257715734651171,-0.06240740740740741,-0.061620370370370436,0.3518860134787551,0.12209028075039968,0.20419693287833293,0.9857188040131385,0.004177170033832334,0.000787037037036975,0.0041333161735380855,0.47212299011247477,0.12038752981766626,0.1152589277842469,0.0,0.8783657665485244,0.6343043636907888,0.2908923787789994,0.2432265775823231,0.3432330316952549,calm,02,12,12,female,normal,1385
110,3.6703333333333332,True,1.0,0.6300175639559007,0.6117288277000816,0.6208731958279912,0.6410314566714254,-0.06347222222222226,-0.06277777777777771,0.3507459631283465,0.13735156584419936,0.203509714768391,0.9685533983806246,0.01828873625581906,0.000694444444444553,0.0007208397434805608,0.45779920178140765,0.12021954023886311,0.11526897226344877,0.0,0.7867214732238839,0.5890805751910139,0.2775238202949994,0.26698085467061144,0.3389357018008048,calm,02,12,12,female,normal,1385
0,0.0,True,1.0,0.5871809314922125,0.5723773115890437,0.579779121540628,0.629532944646315,-0.06662037037037033,-0.06310185185185174,0.334376428649501,0.2435590024086988,0.18559803753688617,0.9209670859502996,0.014803619903168808,0.0035185185185185874,0.011048507139075046,0.4554871639468951,0.12149334637508238,0.11409270159140708,0.0,0.7647251821960444,0.6505332980535964,0.2925394213525305,0.2529350667920649,0.37300187766985393,calm,02,12,12,female,normal,1386
10,0.33366666666666667,True,1.0,0.5688727817945385,0.5564293160490885,0.5626510489218135,0.6485983834705663,-0.06597222222222221,-0.06458333333333333,0.3410835000580895,0.2619412734752329,0.18216613257776024,0.8674875905658912,0.012443465745449966,0.001388888888888884,0.019160818663006274,0.4466986586870231,0.1151093167281458,0.12053058936020725,0.0,0.7991337686069768,0.64979569856849,0.2932424198963479,0.24854449319791697,0.37540632295955756,calm,02,12,12,female,normal,1386
20,0.6673333333333333,True,1.0,0.45338284771647525,0.45177879398412635,0.4525808208503008,0.7796467809859933,-0.07087962962962957,-0.06648148148148153,0.3373024813657204,0.2570233332118167,0.1904224696420173,0.5804946956594074,0.001604053732348898,0.00439814814814804,0.014000046462717039,0.390381409354163,0.11593327775367114,0.11973826822874405,0.0,0.8471176357087703,0.6540127420890233,0.29324979267965884,0.25236877775054245,0.3739893001443654,calm,02,12,12,female,normal,1386
30,1.0010000000000001,True,1.0,0.49641396122948456,0.505661135460318,0.5010375483449012,0.9257401044483804,-0.06944444444444448,-0.06657407407407406,0.3277570364865914,0.32152397444410663,0.1897442368927915,0.5412291699768736,0.009247174230833433,0.002870370370370412,0.018215546825204897,0.32578695429607385,0.11775943090227205,0.11794275816247177,0.0,0.7071067807446058,0.6541340113232793,0.2947286969213693,0.26194937810837987,0.3863295923645278,calm,02,12,12,female,normal,1386
40,1.3346666666666667,True,1.0,0.5286583545978724,0.5305724440138672,0.5296153993058698,0.8941675973883692,-0.06847222222222232,-0.06625000000000009,0.33028963445453907,0.274471685501067,0.19247569968256215,0.5922999232501138,0.0019140894159948019,0.0022222222222222365,0.013124442758265223,0.34710479609653394,0.11480784696258836,0.12081778033399272,0.0,0.7427771083487537,0.6591714157147234,0.29596603787524345,0.2615995040898709,0.3857460933903316,calm,02,12,12,female,normal,1386
50,1.6683333333333334,True,1.0,0.5302477604340302,0.5307094053724488,0.5304785829032395,0.8798896808064408,-0.06726851851851856,-0.06615740740740744,0.34732914640436763,0.2535160137128976,0.1903102528378069,0.6028921516809274,0.0004616449384186039,0.0011111111111111183,0.002080401217298925,0.3448745934971807,0.11583773990061452,0.11983069633399827,0.0,0.7402668209573515,0.6548488515328007,0.29834923264172075,0.2567785392842308,0.38097658089519404,calm,02,12,12,female,normal,1386
60,2.0020000000000002,True,1.0,0.5941397977361081,0.5765549721552147,0.5853473849456614,0.6538322000859185,-0.06282407407407409,-0.0627314814814815,0.325006685781494,0.19584007958942504,0.19515296339244406,0.8952562826803916,0.01758482558089347,9.259259259258856e-05,0.0006683599505724151,0.4554871639468942,0.1217550049363096,0.11381342865746531,0.0,0.6925657983832524,0.59222270635598,0.27601020472859583,0.27085417935356065,0.3457699563298809,calm,02,12,12,female,normal,1386
70,2.3356666666666666,True,1.0,0.5853425939775903,0.5976692442320246,0.5915059191048074,0.774466939630632,-0.06537037037037047,-0.06481481481481483,0.34665832625488474,0.17459222967509574,0.18966219313384594,0.7637587724363232,0.012326650254434357,0.0005555555555556424,0.009344253196275718,0.3794932555997053,0.11364251699123916,0.12160159623008679,0.0,0.8424877576550068,0.6594679091245873,0.29704906545799653,0.2536708045430385,0.3784752460351956,calm,02,12,12,female,normal,1386
80,2.6693333333333333,True,1.0,0.5686723205455826,0.5921127871172666,0.5803925538314245,0.9292163372905836,-0.06120370370370376,-0.06027777777777776,0.3415202289032732,0.2361985069572149,0.1938271645733964,0.6246043365140757,0.02344046657168397,0.0009259259259259967,0.0069519648663961715,0.32805671104646034,0.11669793225849633,0.1189931526423783,0.0,0.7071067807446058,0.5887538883600316,0.2787078961241236,0.272903171935781,0.34437874286154546,calm,02,12,12,female,normal,1386
90,3.003,True,1.0,0.5856599021769932,0.5781807255874862,0.5819203138822397,0.6004011878754622,-0.057962962962962994,-0.056296296296296344,0.36766578980315373,0.08042061642718461,0.19869752321601986,0.9692191248677946,0.0074791765895069195,0.0016666666666666496,0.00727209934418664,0.48925749020590203,0.12132746761360867,0.11426908318561861,0.0,0.8318907178952685,0.6400247544642858,0.28934699356850496,0.24363246060193178,0.34550700508949733,calm,02,12,12,female,normal,1386
100,3.336666666666667,True,1.0,0.5943036134155184,0.6109592501849573,0.6026314318002379,0.615382793175908,-0.05791666666666667,-0.05532407407407408,0.3608415232351138,0.0974141108173957,0.19870942593845456,0.979278976407738,0.01665563676943893,0.002592592592592591,0.01905987957909663,0.47584068919452793,0.11772230431029905,0.11797981537962496,0.0,0.8954212652166419,0.6405130580513455,0.2907147601185954,0.2370912588113902,0.34150790977846135,calm,02,12,12,female,normal,1386
110,3.6703333333333332,True,1.0,0.6074645506016473,0.6242778619880074,0.6158712062948273,0.6064909305460726,-0.05777777777777776,-0.054953703703703616,0.35753178475344155,0.07574399226621249,0.19872209579505937,1.0154664732419145,0.016813311386360108,0.0028240740740741455,0.01221058250862464,0.5017971548040662,0.11832603562165049,0.11737430324945634,0.0,0.7783136041040148,0.6431507499718637,0.28935202563662415,0.23795098831095615,0.3420560900131512,calm,02,12,12,female,normal,1386
0,0.0,True,1.0,0.6290720350778078,0.6026441477005131,0.6158580913891605,0.6142281405450889,-0.06351851851851859,-0.06194444444444447,0.3429120804017929,0.1687626248055251,0.18963202106327776,1.0026536570640106,0.026427887377294734,0.0015740740740741166,0.010989841764591482,0.483541497518099,0.11737755154305111,0.1183228133673748,0.0,0.6865430434876295,0.6543657103075606,0.2984452990520594,0.25134277405083266,0.37093177736507316,calm,02,12,12,female,normal,1387
10,0.33366666666666667,True,1.0,0.594841937670952,0.5929752938250178,0.5939086157479849,0.6246228778675214,-0.06337962962962956,-0.061990740740740735,0.33816376814098525,0.18731279433126208,0.18755858459758648,0.9508275101539737,0.0018666438459341572,0.0013888888888888284,0.00964769916572605,0.47452701320561613,0.1176032806591926,0.11809845954743402,0.0,0.7609263919460022,0.6578049518870049,0.2962965564668907,0.250896161986956,0.37598802171587486,calm,02,12,12,female,normal,1387
20,0.6673333333333333,True,1.0,0.501282999360201,0.5081038598368101,0.5046934295985055,0.897694609247355,-0.0643055555555555,-0.06231481481481477,0.33983898950485514,0.3094916512957418,0.18135772660683638,0.5622106052543309,0.006820860476609014,0.0019907407407407374,0.011314659437635297,0.3411225010857077,0.11684119558511859,0.1188524832865991,0.0,0.7644047614911633,0.6598091061111946,0.2943615736495963,0.254281684233481,0.3823453082566357,calm,02,12,12,female,normal,1387
30,1.0010000000000001,True,1.0,0.5014290870700313,0.48265710874352075,0.49204309790677603,0.9103984510532018,-0.06814814814814818,-0.06662037037037033,0.3314903907902359,0.3272806096587221,0.17992218303025742,0.5404700516982998,0.018771978326510563,0.00152777777777785,0.013731421213145046,0.3273992413365614,0.11859354578946886,0.11710400790085831,0.0,0.7516593516382404,0.5958892514740272,0.27907850916064597,0.27789887107449157,0.36025693069296844,calm,02,12,12,female,normal,1387
40,1.3346666666666667,True,1.0,0.4771077695815731,0.4947327210024359,0.4859202452920045,0.8700804793508421,-0.0687037037037036,-0.06944444444444448,0.3293126387882132,0.3302366719540617,0.1847259393635113,0.5584773556286937,0.017624951420862844,0.000740740740740875,0.0046855627926502925,0.34566449812099675,0.11715026142442399,0.11854785538954979,0.0,0.6931724001323215,0.6649091201402436,0.2965866049724453,0.2566194529872294,0.38654500157379745,calm,02,12,12,female,normal,1387
50,1.6683333333333334,True,1.0,0.5264556271339551,0.5316284742574277,0.5290420506956914,0.845917799243475,-0.06203703703703706,-0.061388888888888826,0.3884543583241302,0.16641005886756932,0.19167661779251202,0.6254059805442405,0.005172847123472546,0.000648148148148231,0.002312496274899397,0.3507930988097314,0.11622890560194954,0.11945132595112758,0.0,0.6728701814610636,0.5980528211831608,0.28258698606502203,0.279761346310059,0.3654872745692054,calm,02,12,12,female,normal,1387
60,2.0020000000000002,True,1.0,0.576074501495601,0.567982518074356,0.5720285097849784,0.9453699814797681,-0.060601851851851796,-0.06194444444444447,0.32689592940659107,0.28182897012251223,0.1902813863914834,0.6050842749307461,0.008091983421245064,0.001342592592592673,0.002909361703881746,0.3175936614347934,0.117503777030359,0.11803616481809781,0.0,0.9999999987499999,0.5964770132975066,0.2803865391112486,0.2661726790659367,0.3429371871763178,calm,02,12,12,female,normal,1387
70,2.3356666666666666,True,1.0,0.5264220340298125,0.54364679230645,0.5350344131681313,0.6597648856193437,-0.06101851851851853,-0.06171296296296297,0.3511346154735879,0.03068411360100582,0.19723614806199735,0.810947088622148,0.017224758276637497,0.000694444444444442,0.0038049442212023826,0.4501676299703658,0.11818374219196405,0.11751757677374398,0.0,0.941835619486582,0.6441530532134729,0.29367565265117007,0.24696682637328632,0.36047580738501844,calm,02,12,12,female,normal,1387
80,2.6693333333333333,True,1.0,0.5628891708673164,0.5494361717417419,0.5561626713045291,0.7209281043098463,-0.0559722222222222,-0.05537037037037029,0.3695190111906099,0.07355924557965725,0.1986145683171448,0.7714537246913834,0.013452999125574516,0.0006018518518519089,0.001724791311867003,0.40639689172847554,0.11691079309709172,0.11878402344762672,0.0,0.774775740677784,0.645252154041304,0.2945435723730081,0.24813403539301293,0.3524736633700042,calm,02,12,12,female,normal,1387
90,3.003,True,1.0,0.5921101686242208,0.5833330310564037,0.5877215998403122,0.5915392529804311,-0.05675925925925929,-0.055694444444444435,0.37330254253200185,0.08865203223250588,0.19725355397916716,0.9935462386969524,0.008777137567817173,0.0010648148148148517,0.003818696906034553,0.4974265345714186,0.11786426948226193,0.11783798941139653,0.0,0.8037078489465003,0.6417241937634429,0.29250146659451426,0.24055118099908385,0.3470000850311324,calm,02,12,12,female,normal,1387
100,3.336666666666667,True,1.0,0.588821900784414,0.6062044798415448,0.5975131903129793,0.6153827931759079,-0.0584722222222222,-0.05666666666666664,0.36185887568736397,0.0974141108173957,0.19656659489174175,0.9709618093630697,0.01738257905713081,0.0018055555555555602,0.009105201046783461,0.47145803283496807,0.12045723713988123,0.11518607463614985,0.0,0.7071067807446058,0.5908165045940251,0.27925035402865317,0.2639103558727022,0.3371564242329168,calm,02,12,12,female,normal,1387
0,0.0,True,1.0,0.5477063271454974,0.5455436901050349,0.5466250086252662,0.6922374554664867,-0.0706944444444444,-0.06898148148148148,0.33134383994875327,0.3056370978069891,0.18012603010604566,0.7896495693907594,0.0021626370404624895,0.0017129629629629162,0.01094308967614538,0.4189276758798452,0.12312453425985885,0.1123304359164294,0.0,0.9999999987499999,0.5963803180569102,0.2812624431281774,0.2663729396635699,0.3554212102873859,calm,02,12,12,female,strong,1388
10,0.33366666666666667,True,1.0,0.5476773428331507,0.5545865185169881,0.5511319306750695,0.6957778241556469,-0.07180555555555551,-0.06939814814814804,0.3355517395035446,0.3160303087599849,0.17804579664582248,0.7921090778423259,0.006909175683837421,0.002407407407407469,0.018867677789831686,0.39861196274310906,0.11939699034545764,0.11628472154925935,0.0,0.8890574099764121,0.5943166262129852,0.28101006913300575,0.26171308875144683,0.3550596269272797,calm,02,12,12,female,strong,1388
20,0.6673333333333333,True,1.0,0.5641788259000888,0.5611306526794664,0.5626547392897776,0.915391270855303,-0.07296296296296295,-0.07023148148148156,0.33370265739912136,0.3865103412619627,0.18019336335274247,0.6146603722406668,0.003048173220622452,0.0027314814814813904,0.012636772938418908,0.3121225805958654,0.1199429933339526,0.11572145920032427,0.0,0.9999999987499999,0.5928916460021509,0.28139219110094715,0.2700766048151668,0.3559581309993905,calm,02,12,12,female,strong,1388
30,1.0010000000000001,True,1.0,0.2513857114172354,0.25531797312454807,0.25335184227089175,0.9337286995944761,-0.09162037037037035,-0.08666666666666673,0.3474584323292921,0.3688368448582615,0.1814725364735409,0.27133346375764605,0.003932261707312645,0.004953703703703627,0.01579245750382864,0.2942182601344794,0.11994479489884834,0.11538984379542108,0.0,0.7386235199547151,0.5933418481298769,0.28181701262549635,0.2705285828095142,0.34439121400312317,calm,02,12,12,female,strong,1388
40,1.3346666666666667,True,1.0,0.25507216374642394,0.24145393201482723,0.2482630478806256,0.878023132692101,-0.09064814814814814,-0.08726851851851852,0.3450302998027079,0.31777045803028964,0.1834835015461247,0.28275228594425283,0.013618231731596708,0.0033796296296296213,0.013386658654448708,0.3121225805958654,0.11831633059901529,0.11738408615676262,0.0,0.9007968487824428,0.592464509483481,0.281332492022792,0.26787102708131966,0.3422846219630918,calm,02,12,12,female,strong,1388
50,1.6683333333333334,True,1.0,0.48493752972908294,0.46710453011716146,0.47602102992312223,1.2197546504582186,-0.07560185185185186,-0.07240740740740736,0.30841677566419184,0.5080915719986261,0.18559803753688617,0.3902596556973962,0.017832999611921474,0.0031944444444444997,0.013971143114607643,0.2592334371703436,0.11557248289640493,0.12008654781639444,0.0,0.7784297466157943,0.6566677781346915,0.29731564545138883,0.2569038845769611,0.38691031291232114,calm,02,12,12,female,strong,1388
60,2.0020000000000002,True,1.0,0.5096558325343089,0.5365410501214828,0.5230984413278958,0.7827294642533252,-0.06935185185185183,-0.06615740740740739,0.3781235459258069,0.1536806711637583,0.1959891058214574,0.6683004348467946,0.026885217587173882,0.003194444444444444,0.013830611799744015,0.3653880005454959,0.11857541831447047,0.1171223631118786,0.0,0.6655224350007368,0.5916565903236295,0.2814666081280096,0.2814191178909335,0.3610457030988121,calm,02,12,12,female,strong,1388
70,2.3356666666666666,True,1.0,0.5793258997291822,0.5768545766124744,0.5780902381708284,0.9420052910574515,-0.06625000000000003,-0.06407407407407412,0.33608215547383613,0.23931891027944568,0.2008316316205687,0.6136804576988003,0.0024713231167078353,0.0021759259259259145,0.013958636350421392,0.3372931234528822,0.11740492093955508,0.11813449267998173,0.0,0.7071146142806096,0.5936427080441551,0.28027457463422795,0.2721336020030337,0.3438731573691202,calm,02,12,12,female,strong,1388
80,2.6693333333333333,True,1.0,0.5569446050094387,0.5517241379310346,0.5543343714702367,0.7785852127341563,-0.06824074074074082,-0.06555555555555559,0.33421762404889077,0.19814921133431956,0.20254528821260373,0.7119764958334897,0.005220467078404067,0.002685185185185235,0.02642903086128052,0.40809621977705485,0.11719846839075786,0.11850019736727957,0.0,0.9999999987499999,0.5885050117625175,0.28079430717791576,0.27179083557713635,0.34848942699383384,calm,02,12,12,female,strong,1388
90,3.003,True,1.0,0.5765368410473576,0.6125024252849841,0.5945196331661708,0.8617857708705972,-0.062129629629629646,-0.060277777777777874,0.3576376823527433,0.18890534069507722,0.20372553750109942,0.6898694005652617,0.035965584237626524,0.0018518518518517713,0.01640590851854656,0.35898334836234436,0.12012620324998113,0.11553126443688543,0.0,0.779740432921494,0.6372024763264681,0.2915456237097073,0.25754545645322524,0.35804058885452134,calm,02,12,12,female,strong,1388
100,3.336666666666667,True,1.0,0.5709259033471815,0.5906836019435633,0.5808047526453723,0.6164339499089718,-0.061620370370370436,-0.060787037037037084,0.35621863157308276,0.10515579012949924,0.20297671333094944,0.9422011112969024,0.019757698596381768,0.0008333333333333526,0.012091629153383306,0.5030200051070652,0.1160188821354495,0.11965532481660192,0.0,0.887447362572015,0.6379929400822829,0.2918941309904536,0.24214063317748033,0.34638387745641563,calm,02,12,12,female,strong,1388
110,3.6703333333333332,True,1.0,0.5822992592692016,0.5917861818182827,0.5870427205437421,0.6064909305460718,-0.060694444444444495,-0.05870370370370359,0.35812057437878664,0.07574399226621134,0.20568950057858734,0.9679332220437015,0.009486922549081123,0.001990740740740904,0.004409952911069049,0.49742653457141867,0.11820692917956249,0.11749425374525563,0.0,0.8355025450990287,0.6395275849324105,0.2912586612823804,0.24197316640229358,0.34126750585919274,calm,02,12,12,female,strong,1388
0,0.0,True,1.0,0.5788877979525041,0.5714205144669645,0.5751541562097343,0.6641991143348098,-0.07027777777777777,-0.06847222222222227,0.32975037110429606,0.23702273156998893,0.1967512593689596,0.8659363492011679,0.0074672834855396,0.0018055555555555047,0.0078016348362826855,0.47078269375963017,0.11713171179833427,0.11856618346149446,0.0,0.8018868611258103,0.6524761291235245,0.30124396333027087,0.25348778313346876,0.367605107099607,calm,02,12,12,female,strong,1389
10,0.33366666666666667,True,1.0,0.5631146761188766,0.5673120547794839,0.5652133654491802,0.6647436299123836,-0.06935185185185194,-0.0660648148148148,0.32826596603482666,0.2214025749981398,0.1983110106485377,0.850272706672914,0.0041973786606073205,0.0032870370370371438,0.015406249841049668,0.44733815762112616,0.1212790655794194,0.11432045320949041,0.0,0.902641486605318,0.5864125973670719,0.2798117042515291,0.2558293929718849,0.33302325146717193,calm,02,12,12,female,strong,1389
20,0.6673333333333333,True,1.0,0.5631579546515209,0.5768545766124743,0.5700062656319975,0.9735406858207741,-0.06814814814814812,-0.065462962962963,0.3361582162409828,0.3165852090699842,0.19821865666655708,0.5854981450019583,0.013696621960953448,0.002685185185185124,0.017678809139203836,0.31590589136796826,0.11891076396623931,0.11678188208096457,0.0,0.8980705561625859,0.5915991847285789,0.278524909956763,0.26305987050669677,0.33966880479747347,calm,02,12,12,female,strong,1389
30,1.0010000000000001,True,1.0,0.5512335293069043,0.5456887037297369,0.5484611165183206,0.941062187391782,-0.07064814814814818,-0.06787037037037036,0.35960105076902477,0.27491506059449217,0.20023827663970895,0.5828107046128567,0.0055448255771674,0.0027777777777778234,0.013095014821845111,0.32585712391459637,0.11828681837938988,0.11708884862318585,0.0,0.8826327027407647,0.5933478758456507,0.278287844430701,0.2806938605762572,0.3624111658720953,calm,02,12,12,female,strong,1389
40,1.3346666666666667,True,1.0,0.5571925086835406,0.559235739694149,0.5582141241888448,0.7711555863629266,-0.06587962962962968,-0.06402777777777774,0.35123220202935207,0.09823077716144021,0.2084270622490702,0.7238670562209144,0.0020432310106083262,0.0018518518518519378,0.009812391636676377,0.3829046362413951,0.11705989737848899,0.11863708608587456,0.0,0.7273866133336817,0.6448762636304521,0.2978956379347273,0.26028378964367815,0.3639434050900613,calm,02,12,12,female,strong,1389
50,1.6683333333333334,True,1.0,0.6015092337629757,0.5790622580513795,0.5902857459071775,1.1457850326205903,-0.06486111111111109,-0.06277777777777771,0.3184677127133724,0.2822948631094211,0.20070394796348634,0.5151801857256778,0.022446975711596262,0.0020833333333333814,0.004783947910399647,0.26902173913043514,0.11706685738644232,0.11863021820150235,0.0,0.9999999987499999,0.5860610819718514,0.2772735133364773,0.27322849915127434,0.34743683277452,calm,02,12,12,female,strong,1389
60,2.0020000000000002,True,1.0,0.5631579546515206,0.5744360844920011,0.5687970195717609,0.698539425918014,-0.060833333333333406,-0.05935185185185188,0.35715592787633055,0.08172056822446092,0.20695771609312438,0.8142661651835229,0.011278129840480489,0.001481481481481528,0.008955335399703912,0.44726773258262104,0.11765204303917937,0.11804988156701081,0.0,0.7858306322214179,0.6292481038430998,0.2887209270437353,0.24061953669678154,0.33651953618206715,calm,02,12,12,female,strong,1389
70,2.3356666666666666,True,1.0,0.607541099481796,0.6158012724977119,0.6116711859897539,0.7858755278650388,-0.06597222222222221,-0.06342592592592589,0.35195636762646754,0.18886819117680853,0.2014529024894326,0.7783308734036548,0.008260173015915862,0.0025462962962963243,0.0007234229273375075,0.3804653275083572,0.11793403264723878,0.11776816935404692,0.0,0.7563379191883766,0.644981345921181,0.2930887041899144,0.25345089055558195,0.3609114198182858,calm,02,12,12,female,strong,1389
80,2.6693333333333333,True,1.0,0.5942067426963474,0.6017836709089431,0.5979952068026453,0.8409093947881422,-0.06351851851851853,-0.06314814814814806,0.33471013611581796,0.22985308514781197,0.19878044349622462,0.7111291781361339,0.007576928212595702,0.0003703703703704653,0.009683675049748536,0.3778500799972317,0.11551691256124097,0.12014000450067584,0.0,0.8669325060310817,0.641225730917367,0.2914982285444231,0.24934670196318753,0.36028587579713156,calm,02,12,12,female,strong,1389
90,3.003,True,1.0,0.6082106661445044,0.6133641822340492,0.6107874241892768,0.6700924127302107,-0.06342592592592589,-0.06180555555555556,0.3494731533537623,0.14438437971842163,0.206397910978406,0.911497298858671,0.005153516089544841,0.0016203703703703276,0.012564086239716794,0.4668084187877255,0.11732632803169966,0.11837360567198994,0.0,0.8793553513623164,0.6411682148171769,0.2934077692731461,0.2517057797645013,0.3557956122720437,calm,02,12,12,female,strong,1389
100,3.336666666666667,True,1.0,0.5766456439437332,0.5809473354235094,0.5787964896836213,0.6340487074914883,-0.062037037037037,-0.05967592592592591,0.34463499358016597,0.13125163214008878,0.20498173899701772,0.9128580862084499,0.004301691479776215,0.0023611111111110916,0.009162470011627106,0.4814169107019129,0.11874451866772315,0.11695091729299932,0.0,0.8173166131527468,0.6396536682329182,0.29084891959493414,0.2467411076638572,0.3523532680708534,calm,02,12,12,female,strong,1389
110,3.6703333333333332,True,1.0,0.628712377933073,0.6138694030543017,0.6212908904936874,0.6329034996488311,-0.062499999999999944,-0.0593055555555555,0.34510713972428303,0.13101456770527103,0.20430152228090073,0.9816518487232461,0.014842974878771287,0.003194444444444444,0.010174957460445246,0.46244042965604243,0.11776971063931269,0.11793249350827804,0.0,0.773418620817236,0.641903049907463,0.2913981106202926,0.24264527195625224,0.34808466440278185,calm,02,12,12,female,strong,1389
0,0.0,True,1.0,0.5349514536293423,0.5356772954057853,0.5353143745175638,0.603861807046989,-0.07143518518518521,-0.0667592592592593,0.3457892311617602,0.21836079928434454,0.1873943769179915,0.8864849014634051,0.0007258417764430813,0.004675925925925917,0.03299570889396851,0.4794191241796814,0.1185249781359458,0.11717340708337266,0.0,0.7419693437457504,0.6508010657544268,0.29737699085979896,0.25637955013559377,0.3729674020107348,calm,02,12,12,female,strong,1390
10,0.33366666666666667,True,1.0,0.49664541099028575,0.5126797918331528,0.5046626014117193,0.5859184949799666,-0.07083333333333336,-0.0667592592592593,0.34520542301608015,0.2097849168234128,0.1866126090194014,0.8613187768189061,0.01603438084286707,0.004074074074074063,0.0325234485173017,0.5137872644872864,0.11725502650560797,0.11828327261702452,0.0,0.8095361385438731,0.6532228116793594,0.2949037112308439,0.25476305667116506,0.37626647607957314,calm,02,12,12,female,strong,1390
20,0.6673333333333333,True,1.0,0.30900922438280165,0.29299046114082117,0.3009998427618114,0.7949010921659844,-0.08708333333333335,-0.08064814814814808,0.3474324374984493,0.29969273831916077,0.18592003776837338,0.37866326481151596,0.016018763241980483,0.006435185185185266,0.02843403938375757,0.35795279778404004,0.11409368168521651,0.12149242597169235,0.0,0.9999999987499999,0.6582619235741172,0.29473966409323843,0.24811204445909177,0.36276011075278786,calm,02,12,12,female,strong,1390
30,1.0010000000000001,True,1.0,0.4942879895084757,0.5021297602015827,0.4982088748550292,0.8776268106922787,-0.07449074074074069,-0.07134259259259262,0.3358086676362574,0.36119599529471375,0.1836364552134917,0.5676773644392635,0.007841770693107042,0.0031481481481480666,0.030598901699774753,0.3421870680675012,0.12012169184748364,0.11553595508432182,0.0,0.7555289224653217,0.596622744269583,0.2779588088181305,0.2735597252214619,0.3542960505542062,calm,02,12,12,female,strong,1390
40,1.3346666666666667,True,1.0,0.339472126809003,0.3573311276653564,0.3484016272371797,0.8614066802085366,-0.08018518518518514,-0.07847222222222217,0.3461478393540555,0.30974383352996526,0.18827388599143427,0.4044566117746332,0.01785900085635339,0.0017129629629629717,0.015613435723454654,0.35692216825307194,0.11684690235202327,0.11884687282375264,0.0,0.735966063559179,0.6597960137648808,0.29480814773373326,0.254330323906437,0.3721972715746275,calm,02,12,12,female,strong,1390
50,1.6683333333333334,True,1.0,0.39599192260097593,0.3755947153098243,0.38579331895540014,0.836982288249933,-0.07773148148148146,-0.07606481481481486,0.38309063908714674,0.24290490189515554,0.18706063994881547,0.46093367132303953,0.02039720729115163,0.0016666666666665941,0.022941179074277056,0.33005544815810445,0.11451414764996477,0.12109619216586466,0.0,0.7912646070090145,0.6593858252207133,0.2968480477015542,0.2597079316348404,0.3796759096004135,calm,02,12,12,female,strong,1390
60,2.0020000000000002,True,1.0,0.5571925086835406,0.5361466704005206,0.5466695895420306,0.6248760831042763,-0.06708333333333333,-0.06472222222222224,0.32467038377655777,0.23172394948038744,0.19549044748619462,0.8748447961494551,0.02104583828302009,0.0023611111111110916,0.02344642019066203,0.4715725050727121,0.11909371140382145,0.11593985459405814,0.0,0.9999999987499999,0.5906560921712435,0.2771069461434509,0.2599685904933971,0.33882737463307777,calm,02,12,12,female,strong,1390
70,2.3356666666666666,True,1.0,0.5376472438890403,0.5744887549783789,0.5560679994337097,0.7701820043426556,-0.06574074074074071,-0.062222222222222234,0.3613413159008533,0.152036199095022,0.19636595241209728,0.7219955754592181,0.03684151108933864,0.0035185185185184764,0.036319838443171756,0.392139114014111,0.12194344096388741,0.11361150899372437,0.0,0.7082354131459062,0.5903832642041191,0.27753242300384656,0.27407754585776156,0.34230273928959054,calm,02,12,12,female,strong,1390
80,2.6693333333333333,True,1.0,0.566780155026961,0.5509600133213757,0.5588700841741683,0.8494604413327016,-0.06509259259259254,-0.06101851851851853,0.35354618111787584,0.2232705944972237,0.19623186398861023,0.6579118426013671,0.015820141705585322,0.004074074074074008,0.029726013392754633,0.36548784338617385,0.11378797952630967,0.12177878913856872,0.0,0.8217046375936028,0.6433600405631003,0.29152024658968123,0.25163287040185794,0.35968487983143527,calm,02,12,12,female,strong,1390
90,3.003,True,1.0,0.5475940506646101,0.5923045778283241,0.5699493142464671,0.666623472553004,-0.06449074074074079,-0.06319444444444444,0.3584475896715721,0.1848125765718735,0.19197848842347184,0.8549793664836033,0.04471052716371404,0.001296296296296351,0.025220730201281936,0.44556926404740477,0.12003159647025445,0.11562955339599823,0.0,0.6778817222244597,0.5899490298619448,0.278646110630521,0.26783382360283353,0.348233810264602,calm,02,12,12,female,strong,1390
100,3.336666666666667,True,1.0,0.5232518720487308,0.561267614038046,0.5422597430433884,0.6658156255355342,-0.06268518518518512,-0.06124999999999997,0.3512670551629856,0.15868048618386496,0.19473027126662731,0.8144292837934431,0.03801574198931523,0.0014351851851851505,0.013875734644483825,0.45598920153247285,0.12056331064511133,0.11507504462755065,0.0,0.6778148680957485,0.5885619777833009,0.27955730494199077,0.2644641601100105,0.34478766823836,calm,02,12,12,female,strong,1390
110,3.6703333333333332,True,1.0,0.5786785801057864,0.6072599964164136,0.5929692882611,0.6314437999429389,-0.06291666666666673,-0.06087962962962962,0.35498682897311257,0.13520030159507157,0.19605760650748655,0.9390689849432116,0.02858141631062716,0.002037037037037115,0.011304420423257468,0.477941525480971,0.1222593784466049,0.11327145338340762,0.0,0.910687346465215,0.5918429903211284,0.28115893101034384,0.2679465724717296,0.34500691599118055,calm,02,12,12,female,strong,1390
0,0.0,True,1.0,0.5788877979525036,0.5771431348214691,0.5780154663869863,0.6242103986132643,-0.06898148148148153,-0.06680555555555562,0.34523818738336676,0.16732941241245672,0.19248957256034355,0.9259946128278158,0.0017446631310344962,0.0021759259259259145,0.013575777006554516,0.4853149538528634,0.11754044948438647,0.11816099400582084,0.0,0.675058695873573,0.6540861245670143,0.29791325217592723,0.25331525336882504,0.36968381884623897,calm,02,12,12,female,strong,1391
10,0.33366666666666667,True,1.0,0.567985925798313,0.5618399881624281,0.5649129569803706,0.6613848592342126,-0.06944444444444448,-0.06569444444444439,0.34389104716141194,0.19211515852416497,0.19179559324362386,0.8541365123393625,0.0061459376358848905,0.0037500000000000866,0.013297864081529725,0.43695113221318077,0.11741075052105165,0.11828987036689105,0.0,0.7775904309601205,0.6560885043783137,0.2965934494511756,0.25307316700587845,0.37325750651564055,calm,02,12,12,female,strong,1391
20,0.6673333333333333,True,1.0,0.4936637677052748,0.516264459301451,0.5049641135033629,0.9235877119932725,-0.06962962962962965,-0.06722222222222218,0.3592302032050474,0.3077521882878712,0.18357287854176907,0.5467419141096597,0.022600691596176226,0.002407407407407469,0.015613902932431636,0.32752191489225563,0.11565303014499687,0.12000897627832639,0.0,0.7422354732373038,0.6555990714254453,0.29435885290586533,0.2577363968524398,0.3843115163495301,calm,02,12,12,female,strong,1391
30,1.0010000000000001,True,1.0,0.516033042149288,0.5137663958870533,0.5148997190181707,0.862074469599185,-0.0702314814814814,-0.06782407407407404,0.3675461062151326,0.3015141367119781,0.18010527453443298,0.5972798605874147,0.002266646262234717,0.002407407407407358,0.016201496978357485,0.3316795324061996,0.11894198331484515,0.11675008511533184,0.0,0.9999999987499999,0.5961904932285415,0.2806625298291175,0.2843940904202965,0.36704147614691646,calm,02,12,12,female,strong,1391
40,1.3346666666666667,True,1.0,0.5384306972285441,0.5143697649561777,0.5264002310923609,0.9247839846050502,-0.08152777777777775,-0.0759259259259259,0.3367283646450948,0.3445842286939945,0.1925894277807099,0.5692142596059034,0.024060932272366387,0.005601851851851858,0.01933745580976416,0.3278780094782964,0.11573415433034512,0.11977178024534256,0.0,0.8802990359899582,0.660442465978579,0.29698523007229,0.26314898731284236,0.3892428286191773,calm,02,12,12,female,strong,1391
50,1.6683333333333334,True,1.0,0.5226617584285292,0.5143697649561758,0.5185157616923526,0.8733290138775364,-0.07203703703703707,-0.06972222222222224,0.3516684552256599,0.26345488918447285,0.19243883260522998,0.5937232743364027,0.008291993472353432,0.002314814814814825,0.010070008008862227,0.3411225010857086,0.1192535805406235,0.11643178817538323,0.0,0.8562267506103916,0.5942909278086234,0.28195617439621545,0.2768499000656822,0.3616404082197043,calm,02,12,12,female,strong,1391
60,2.0020000000000002,True,1.0,0.5621460122385445,0.538014563263364,0.5500802877509543,0.7164021119928208,-0.06921296296296292,-0.06643518518518515,0.3550573442920714,0.16000145126691132,0.20212108351226904,0.7678373340089578,0.02413144897518049,0.002777777777777768,0.008151190202787933,0.43542881447199033,0.11724226271967708,0.11845686810654836,0.0,0.7656088253854006,0.6428797721432322,0.2921616406679006,0.24751860035136888,0.3568034810347428,calm,02,12,12,female,strong,1391
70,2.3356666666666666,True,1.0,0.5522684142996139,0.5557848427488259,0.5540266285242199,0.7747311919948899,-0.06495370370370362,-0.0631018518518518,0.36257748525870326,0.1564269542603965,0.20349059443298603,0.7151211081325279,0.0035164284492119613,0.0018518518518518268,0.0005479132000528481,0.3898748118282356,0.11898931567871239,0.11670184456036739,0.0,0.7512283961938478,0.6412895169474039,0.29284879424980276,0.2559839939963799,0.3629606156111991,calm,02,12,12,female,strong,1391
80,2.6693333333333333,True,1.0,0.6147877739893287,0.6226334539729641,0.6187106139811465,1.0371061212480364,-0.06532407407407409,-0.06305555555555553,0.309280543629826,0.360334056010092,0.20072523421335153,0.5965740644135822,0.00784567998363539,0.0022685185185185586,0.002734431543234995,0.3164251655755312,0.11715634626117934,0.11854184197995889,0.0,0.6897513024207151,0.6430392216730443,0.29293764981912074,0.25074074037004396,0.3578138266933681,calm,02,12,12,female,strong,1391
90,3.003,True,1.0,0.5786785801057845,0.583700029573055,0.5811893048394198,0.6606570255435126,-0.06263888888888891,-0.06124999999999997,0.38077808528067353,0.10050471223732683,0.20075867947458667,0.8797141063644697,0.005021449467270456,0.0013888888888889395,0.0020625110966574906,0.4448890600848513,0.11729224596492978,0.11840737648314703,0.0,0.7074699609507789,0.6443932438678597,0.29286055371670533,0.2470438312351483,0.35040192218295363,calm,02,12,12,female,strong,1391
100,3.336666666666667,True,1.0,0.5802794139667324,0.6169612045487529,0.5986203092577427,0.5887066646794814,-0.06041666666666673,-0.058842592592592724,0.3721566805168859,0.08827109469558989,0.20352620930066811,1.0168397016256963,0.03668179058202048,0.0015740740740740056,0.007942355782347194,0.511573111232161,0.11911611410427352,0.11657242010912582,0.0,0.8531338996037107,0.6430274496048419,0.2937002157830698,0.2475440566299381,0.3489837774128945,calm,02,12,12,female,strong,1391
110,3.6703333333333332,True,1.0,0.6336860232889776,0.6015813258230107,0.6176336745559942,0.6038827096234217,-0.060046296296296264,-0.05787037037037035,0.3632228920308195,0.090501905272479,0.2007404372956027,1.0227709201032555,0.03210469746596689,0.0021759259259259145,0.006517021670776978,0.4974265345714196,0.11689172134871513,0.11880279142003812,0.0,0.903805259466458,0.6478396404264831,0.29561688461769897,0.24568424512264725,0.34983762215065506,calm,02,12,12,female,strong,1391
0,0.0,True,1.0,0.5480564239683903,0.5450317394352516,0.546544081701821,0.6566388438563284,-0.05819444444444438,-0.0539351851851852,0.3311288464927909,0.14751055786037157,0.1891617343961022,0.8323358979070754,0.003024684533138644,0.004259259259259185,0.009243525736018747,0.45548716394689326,0.11930260421738265,0.11638155522361356,0.0,0.8859179650941004,0.5942514896427322,0.28324889596971525,0.24012767304014887,0.3218095527988439,happy,03,12,12,female,normal,1392
10,0.33366666666666667,True,1.0,0.573398302709075,0.5718628325729095,0.5726305676409922,0.6664991002511742,-0.058425925925925826,-0.05384259259259261,0.3334607136842113,0.16242323984788865,0.1885120097659645,0.8591618014565855,0.0015354701361655065,0.004583333333333217,0.0054175742367936095,0.4493534290176329,0.11895430499175684,0.11673753078249816,0.0,0.7339821778086596,0.5910858855729793,0.2831181722295122,0.24354811818354194,0.326210132088459,happy,03,12,12,female,normal,1392
20,0.6673333333333333,True,1.0,0.40181332326749786,0.4157655820011465,0.4087894526343222,1.0258666793815414,-0.06643518518518521,-0.06273148148148139,0.36625797320295145,0.2601058023015805,0.18511870879413211,0.39848204532850884,0.013952258733648637,0.00370370370370382,0.009699178375812745,0.2990595829505234,0.1155118055423867,0.12014491478694392,0.0,0.8178852270071665,0.601559385582358,0.28310480490570233,0.26171546196887674,0.35280876480331336,happy,03,12,12,female,normal,1392
30,1.0010000000000001,True,1.0,0.43603445832537857,0.43077403850300117,0.4334042484141899,0.9258722478720602,-0.06893518518518515,-0.0649074074074073,0.41914812894559333,0.3535346734730235,0.1599327343959658,0.4681037253360671,0.005260419822377405,0.004027777777777852,0.018324096059757444,0.32142643014767347,0.11548687330681526,0.12001023254367094,0.0,0.8639522874876191,0.6035856780602866,0.2850079628316338,0.29620995485838036,0.4014562594816337,happy,03,12,12,female,normal,1392
40,1.3346666666666667,True,1.0,0.39344979077296693,0.3916801591788491,0.39256497497590803,0.8307024453623271,-0.06717592592592597,-0.06129629629629635,0.3462996855646286,0.29971582588284795,0.1769485632315414,0.4725699041426117,0.0017696315941178598,0.0058796296296296235,0.02583318535403699,0.3171246953568279,0.11457354734232184,0.12103999346662685,0.0,0.8108436715888527,0.6675161258644082,0.30258097692877456,0.26079588154431804,0.3987117563955656,happy,03,12,12,female,normal,1392
50,1.6683333333333334,True,1.0,0.4442764579994459,0.4600950213718006,0.45218573968562326,0.7949594919315381,-0.05935185185185182,-0.052870370370370456,0.4061296248636924,0.11444487269989986,0.19202458231349867,0.5688160771398971,0.01581856337235471,0.006481481481481366,0.027723790294324636,0.36830936990152496,0.11285059243169435,0.12264795781479007,0.0,0.8793366077896076,0.5929390087441226,0.2851911993532407,0.26730604215950554,0.3590085694410126,happy,03,12,12,female,normal,1392
60,2.0020000000000002,True,1.0,0.5106727973151364,0.5420361801937856,0.526354488754461,0.846989314866,-0.05537037037037035,-0.04828703703703707,0.3964724707456648,0.10570656534209233,0.19209965987476846,0.621441710675812,0.03136338287864926,0.007083333333333275,0.033722666804323745,0.3313888092432081,0.1144204812954573,0.12102738236056855,0.0,0.9543140468059178,0.5928411984012355,0.28662648544552805,0.2599932706545195,0.3372719485429425,happy,03,12,12,female,normal,1392
70,2.3356666666666666,True,1.0,0.42717829916834177,0.40819867878938804,0.4176884889788649,0.703262516489825,-0.0593981481481482,-0.053379629629629555,0.4065281277858161,0.08772324125372692,0.18592003776837343,0.5939296908125604,0.018979620378953732,0.006018518518518645,0.03447003367999668,0.4002761080601437,0.11690051981807267,0.11879413384348068,0.0,0.7333758194607951,0.6534646686956033,0.2971121308338999,0.2592254600620849,0.3875313324994912,happy,03,12,12,female,normal,1392
80,2.6693333333333333,True,1.0,0.4505360999989247,0.47746706193913335,0.464001580969029,0.7607146574123178,-0.057314814814814874,-0.05120370370370375,0.42308580278744773,0.07208251648005194,0.19126323805885817,0.6099548318779584,0.026930961940208664,0.006111111111111123,0.026018619265366295,0.3746500701675139,0.1149563334939511,0.12067650624101958,0.0,0.7509774643082143,0.6524489287590036,0.2971184015128049,0.2570721989237684,0.3813764773261143,happy,03,12,12,female,normal,1392
90,3.003,True,1.0,0.5005550193652181,0.517171717171718,0.508863368268468,0.727692400333472,-0.05671296296296291,-0.05129629629629634,0.4052669572763291,0.10098077002932344,0.18561571274232222,0.6992836094416768,0.01661669780649988,0.00541666666666657,0.022513904095176517,0.38906250422931776,0.11426736345955374,0.12132908726625154,0.0,0.6987616939667415,0.6540142529433648,0.29826344313877223,0.2524166044479419,0.37706545348075715,happy,03,12,12,female,normal,1392
100,3.336666666666667,True,1.0,0.5388346134637236,0.5169017604219477,0.5278681869428357,0.69569109917113,-0.058425925925925826,-0.052731481481481546,0.3747611019732405,0.15524256432037284,0.1856946140625524,0.7587680618190397,0.021932853041775946,0.00569444444444428,0.021902084692427246,0.4269523218222209,0.11833385518783172,0.11736641975279538,0.0,0.7254922763393999,0.5957581918783139,0.2821575857325165,0.2603880078345946,0.33941354881937413,happy,03,12,12,female,normal,1392
0,0.0,True,1.0,0.5709259033471819,0.5917029004813442,0.5813144019142631,0.6696867853891562,-0.05893518518518526,-0.053611111111111165,0.3259374592559173,0.16320006632452116,0.19458603804955857,0.8680392305732303,0.020776997134162367,0.005324074074074092,0.011346736389126713,0.4311881684773429,0.12174405506261433,0.11382514145201009,0.0,0.754903446798373,0.5908933978356968,0.2797033181929906,0.2564582198774446,0.3268723063521374,happy,03,12,12,female,normal,1393
10,0.33366666666666667,True,1.0,0.5802673515410797,0.5761450855192942,0.5782062185301869,0.6138089262212256,-0.05828703703703714,-0.05421296296296296,0.33073691565756874,0.13716418361306681,0.1953112316702645,0.9419970838315783,0.004122266021785448,0.004074074074074174,0.01831746951702696,0.4943381120070294,0.11738440738746246,0.11831601189808631,0.0,0.7745465964733738,0.586666018657463,0.27836721975127027,0.24814509970817608,0.31997527409598336,happy,03,12,12,female,normal,1393
20,0.6673333333333333,True,1.0,0.5595643968904601,0.5871534670127457,0.5733589319516029,0.9166722629941823,-0.059074074074074,-0.057222222222222285,0.38044380191557775,0.20436602632804304,0.1925529787018724,0.6254786526198642,0.02758907012228562,0.0018518518518517157,0.011601708518668484,0.32585712391459654,0.11480063941638982,0.12082462894051192,0.0,0.7625198891427778,0.650581641984919,0.2949172060852714,0.2559817938242369,0.3747482510660033,happy,03,12,12,female,normal,1393
30,1.0010000000000001,True,1.0,0.41171669714881515,0.4356508433722224,0.42368377026051873,0.8919795139566924,-0.06694444444444442,-0.0647685185185185,0.4282118133650027,0.2786670704226699,0.1765449641082192,0.47499271410519134,0.023934146223407227,0.0021759259259259145,0.014067078295213942,0.33841868055058866,0.11629613445963331,0.11938587386651037,0.0,0.7071067807446058,0.5959747659688875,0.2811101115518904,0.29716750963396005,0.39028086280139757,happy,03,12,12,female,normal,1393
40,1.3346666666666667,True,1.0,0.4199335370886819,0.41932671590950493,0.4196301264990934,0.8119966709010322,-0.06592592592592589,-0.06481481481481477,0.3626306791413249,0.2656193708513833,0.18553554424467675,0.5167879888392286,0.0006068211791769862,0.0011111111111111183,0.013872999981978884,0.3417184966200552,0.11438616552417374,0.121217089988734,0.0,0.7337034065120721,0.5928342860581733,0.2831945557427272,0.2817087963906295,0.36809651019898165,happy,03,12,12,female,normal,1393
50,1.6683333333333334,True,1.0,0.4279542702503232,0.4527965196859577,0.44037539496814043,0.8119853120012414,-0.06324074074074076,-0.05990740740740741,0.39269416852105454,0.12381153414721954,0.189651331741418,0.5423440405378505,0.02484224943563451,0.003333333333333355,0.011569890749771971,0.34682454239409727,0.11304899227332732,0.12246510978488832,0.0,0.8715377073902449,0.6509613564566451,0.2968921605592528,0.25979974627969105,0.3898387249503884,happy,03,12,12,female,normal,1393
60,2.0020000000000002,True,1.0,0.45357941514298344,0.45351169550922277,0.4535455553261031,0.8519504951783649,-0.06027777777777776,-0.059629629629629644,0.3712761715287653,0.17623247117149018,0.18889898634705432,0.5323613964578405,6.771963376067669e-05,0.0006481481481481199,0.001467796706689523,0.3507706724212516,0.11584218980847814,0.11982639454399409,0.0,0.8356664166598156,0.6489722543783139,0.2938417985566942,0.2508320689143753,0.369725517158656,happy,03,12,12,female,normal,1393
70,2.3356666666666666,True,1.0,0.47724924545249103,0.48172782805297487,0.47948853675273295,0.7026182907910036,-0.0563425925925925,-0.05527777777777776,0.39222326791049467,0.04132797403891234,0.19723189304860717,0.682431048319177,0.004478582600483838,0.0010648148148147407,0.003557917737971332,0.39751849508429155,0.11318540035933128,0.12233904901596099,0.0,0.8738660576305939,0.6498222997636555,0.2945556931321678,0.2531787994635454,0.3688641051604314,happy,03,12,12,female,normal,1393
80,2.6693333333333333,True,1.0,0.5144833027921283,0.5315210637491482,0.5230021832706382,0.7422449225876496,-0.05499999999999994,-0.05120370370370375,0.42563625592250026,0.07038198451764989,0.1973475194038022,0.704622109703793,0.01703776095701992,0.0037962962962961866,0.0025393628914728394,0.3894422717720384,0.11698732536544604,0.11870864952915916,0.0,0.7220967831167641,0.6497126434011105,0.295172560425949,0.25979783271690426,0.37816057750977555,happy,03,12,12,female,normal,1393
90,3.003,True,1.0,0.4915482917363111,0.5222212109300637,0.5068847513331873,0.7118516920571775,-0.05388888888888893,-0.04972222222222222,0.42827976440782284,0.01905880479210979,0.19808659269170656,0.7120651070847961,0.03067291919375259,0.004166666666666707,0.004365168822987976,0.4079003758114506,0.11852159355393513,0.11685119484007361,0.0,0.9999999987499999,0.592412327001113,0.28263495559632673,0.27243054018661794,0.3440508118708028,happy,03,12,12,female,normal,1393
100,3.336666666666667,True,1.0,0.4844382602624934,0.5009188861271437,0.49267857319481856,0.6968490017525413,-0.05930555555555561,-0.055833333333333346,0.4252315376367559,0.09665357755608754,0.18977800930782332,0.7070090822484584,0.016480625864650322,0.0034722222222222654,0.008281782094683129,0.41238901649238274,0.11447779518874947,0.12113055839695216,0.0,0.9530210008702521,0.6506871112038566,0.29679517503981695,0.2540644135233987,0.3790586373481553,happy,03,12,12,female,normal,1393
110,3.6703333333333332,True,1.0,0.49847616341573203,0.4851907928622182,0.49183347813897516,0.5762215285808057,-0.060972222222222205,-0.05611111111111122,0.3947363577965439,0.06849957804389974,0.185069245956025,0.8535492926658389,0.013285370553513809,0.004861111111110983,0.011206030233661485,0.48293845682705167,0.117380817817309,0.11831957309725705,0.0,0.7325368193896437,0.6533359926392431,0.29283559486783894,0.25207475629259496,0.3718271307198104,happy,03,12,12,female,normal,1393
0,0.0,True,1.0,0.5510618000535634,0.5808905283967097,0.5659761642251366,0.6274079119847981,-0.06768518518518524,-0.06462962962962965,0.32818346041153956,0.22279729973104506,0.19248957256034346,0.9020864311938261,0.029828728343146316,0.003055555555555589,0.012054816547877613,0.4946085966946355,0.11732710346125144,0.1183728370982838,0.0,0.7948413663154728,0.651293569076068,0.29747730773342296,0.2454035893992444,0.3687701851618274,happy,03,12,12,female,normal,1394
10,0.33366666666666667,True,1.0,0.5872954796376771,0.5822495835258035,0.5847725315817403,0.6383522267712093,-0.06837962962962968,-0.06550925925925927,0.3303569483082503,0.2207615173719226,0.1938637676317847,0.9160656249912755,0.005045896111873671,0.002870370370370412,0.010656910747638122,0.47826873198293685,0.11737915871475789,0.11832121901316921,0.0,0.8751782539343328,0.6532907896830608,0.2965191849302461,0.24733866125493986,0.37199884227356556,happy,03,12,12,female,normal,1394
20,0.6673333333333333,True,1.0,0.4694926928474971,0.4935597616361107,0.48152622724180394,0.9988522292161246,-0.07287037037037042,-0.06884259259259257,0.35394107345581677,0.30263853145741865,0.19247569968256215,0.48207954405797765,0.024067068788613588,0.004027777777777852,0.009540910569944066,0.29863662613932174,0.11756709350183148,0.11813448393567219,0.0,0.7689540233040193,0.5941340513392858,0.27942238014348786,0.2740606547982459,0.35354915086297567,happy,03,12,12,female,normal,1394
30,1.0010000000000001,True,1.0,0.521753211498713,0.5147740295048019,0.5182636205017574,0.8477725376128377,-0.07175925925925924,-0.0710648148148148,0.35134925748457746,0.24211082516593405,0.19381653658425438,0.6113239076617023,0.006979181993911121,0.000694444444444442,0.004371119893650606,0.3432243952874172,0.11572694733447474,0.1199376981162939,0.0,0.8116149908965316,0.592557085263793,0.2818616488650231,0.282631916650908,0.36204836403302965,happy,03,12,12,female,normal,1394
40,1.3346666666666667,True,1.0,0.4817196624447662,0.4920634920634915,0.48689157725412885,0.7312927628614276,-0.05731481481481482,-0.05319444444444449,0.37817684971439564,0.10737989554961569,0.1959595185771974,0.6657957004100555,0.010343829618725264,0.00412037037037033,0.019363980406236034,0.3825329492352495,0.11612221570446922,0.11955504501694608,0.0,0.84610901244849,0.6530036392056823,0.2976287218520397,0.26148831260814664,0.3722486668152044,happy,03,12,12,female,normal,1394
50,1.6683333333333334,True,1.0,0.5008286180188967,0.5078480169908643,0.5043383175048806,0.7901839281040803,-0.058240740740740704,-0.05495370370370378,0.40325469976324635,0.17407668054220962,0.1848031563834302,0.6382543349305515,0.007019398971967683,0.0032870370370369217,0.011878501221183549,0.36380443512710187,0.11614782581958173,0.11953016492273358,0.0,0.8397315253357309,0.6578790795693277,0.29664161923204163,0.26575622427109763,0.4010057581767895,happy,03,12,12,female,normal,1394
60,2.0020000000000002,True,1.0,0.4842766182141462,0.5083491164585789,0.4963128673363626,0.7510919565688169,-0.05976851851851844,-0.05615740740740732,0.42191383015438993,0.16186565441799797,0.1840779349313567,0.6607884201072378,0.02407249824443275,0.0036111111111111205,0.005039317209433961,0.3894422717720382,0.11476056201435826,0.12086269554787399,0.0,0.7365146436798378,0.6584700811183849,0.29668917558716407,0.2604367594007475,0.39114676741824966,happy,03,12,12,female,normal,1394
70,2.3356666666666666,True,1.0,0.5020223813680493,0.5177325485234273,0.5098774649457383,0.8117362635806303,-0.06069444444444444,-0.05791666666666656,0.3545358284522563,0.18731279433126077,0.1889034290576577,0.628131928831946,0.015710167155377985,0.002777777777777879,0.002845440167757841,0.35457711907953204,0.11695593899576318,0.11873957260651308,0.0,0.8383945302304724,0.6540683527942428,0.2989842706636027,0.25078070374023387,0.3687004080159189,happy,03,12,12,female,normal,1394
80,2.6693333333333333,True,1.0,0.49854935053779914,0.5235300380728507,0.5110396943053249,0.5776981115367038,-0.05874999999999991,-0.05495370370370367,0.3763565936104266,0.10093760918193614,0.19308084616518592,0.8846137525807997,0.02498068753505156,0.003796296296296242,0.005738750649811467,0.5070110261900845,0.11827668266718777,0.11742403547219857,0.0,0.9215059758025229,0.6524680714316977,0.29867744251457323,0.2510557468521216,0.3669314859563089,happy,03,12,12,female,normal,1394
90,3.003,True,1.0,0.49183198863693395,0.47595070252160426,0.4838913455792691,0.5544007388636183,-0.058796296296296346,-0.05550925925925915,0.38226965079160574,0.12772624645431185,0.19175620820850034,0.8728187241797771,0.015881286115329685,0.0032870370370371993,0.0032129991676723953,0.5199687196227136,0.1157858211471591,0.11988086331969046,0.0,0.8685847291620078,0.6511918661527111,0.298680737218372,0.2483540913350479,0.3675083674597905,happy,03,12,12,female,normal,1394
100,3.336666666666667,True,1.0,0.5406153443088955,0.5280620617550866,0.534338703031991,0.5550613348170168,-0.056712962962962965,-0.053287037037036966,0.3820720388196524,0.1350808563874295,0.18965133174141804,0.9626660506052772,0.012553282553808831,0.003425925925925999,0.0037586514850252487,0.5343244530144539,0.11746125576471843,0.11823971906007424,0.0,0.7646434715541238,0.6522944731877126,0.2983359679288886,0.2499148607738435,0.36601764328347225,happy,03,12,12,female,normal,1394
0,0.0,True,1.0,0.5897921286191431,0.5863940360593722,0.5880930823392576,0.6283778353321302,-0.05967592592592602,-0.05625000000000002,0.3337196278115719,0.12877752354041636,0.19328305191057035,0.9358908753177457,0.00339809255977086,0.003425925925925999,0.0038961758303045356,0.4816867736229245,0.11829323279436624,0.1174073628204464,0.0,0.856044099181587,0.6421499615783813,0.29637370455254275,0.24078277384881347,0.35127520959335573,happy,03,12,12,female,normal,1395
10,0.33366666666666667,True,1.0,0.5498215359188011,0.5495097255144951,0.5496656307166481,0.635089477027094,-0.05972222222222229,-0.056712962962963076,0.34003509120965036,0.118891335681243,0.19536395927035816,0.8654932109561602,0.00031181040430605655,0.0030092592592592116,0.0020147637358167614,0.46934211172043344,0.1158264379730025,0.11984162063174379,0.0,0.7383531903052774,0.6426742298872674,0.2946732143129548,0.23873263477799683,0.3524140775838825,happy,03,12,12,female,normal,1395
20,0.6673333333333333,True,1.0,0.5372844109410458,0.5460929325314114,0.5416886717362286,0.8641954351814809,-0.06101851851851864,-0.05791666666666667,0.39754478825463335,0.21591546835125047,0.1843078197144377,0.6268126973182565,0.008808521590365603,0.0031018518518519667,0.010340501558359637,0.3395722233154114,0.11755200297356558,0.11814950006669293,0.0,0.8138089153468748,0.5898457508159514,0.2803766580410029,0.2810899535406782,0.3714644352396773,happy,03,12,12,female,normal,1395
30,1.0010000000000001,True,1.0,0.46096890603647817,0.4442358126175744,0.4526023593270263,0.7663371356059304,-0.06444444444444453,-0.06129629629629629,0.4301904634702484,0.20675642343497477,0.17380480189281358,0.5906047590518512,0.016733093418903777,0.003148148148148233,0.004218581297164252,0.3690967665139325,0.11409745309211285,0.12148888412769428,0.0,0.7379042343005758,0.6624999349349115,0.2979144748237312,0.27018309793665307,0.4174931160151008,happy,03,12,12,female,normal,1395
40,1.3346666666666667,True,1.0,0.4122601456493852,0.40404234044029946,0.4081512430448423,0.8955717083254443,-0.05935185185185177,-0.05555555555555558,0.3878384699353161,0.1679132099883749,0.19522683788910974,0.45574378829810364,0.008217805209085716,0.0037962962962961866,0.003357506710019921,0.3339714759983274,0.1130714809156887,0.1224443464275276,0.0,0.903223481829286,0.6511443015956382,0.29765754717473003,0.26191371777451133,0.3848538867287594,happy,03,12,12,female,normal,1395
50,1.6683333333333334,True,1.0,0.5578350082352318,0.5684903042784317,0.5631626562568317,0.7555159774406756,-0.04879629629629628,-0.04560185185185184,0.44876584466140884,-0.005995202759518584,0.2015115953102047,0.7454013853744771,0.010655296043199924,0.003194444444444444,0.0028550341998203536,0.3762813593641016,0.11788565866972182,0.11781659157006828,0.0,0.7354034713422842,0.6328173028977218,0.2937923772315692,0.25395086932602207,0.3613780007619946,happy,03,12,12,female,normal,1395
60,2.0020000000000002,True,1.0,0.4742569948274935,0.46085589594682436,0.4675564453871589,0.6662763887568959,-0.06050925925925921,-0.05523148148148155,0.3743570585813764,0.10823622085004203,0.19408088240735,0.7017454817204338,0.013401098880669149,0.005277777777777659,0.023801474719340073,0.4517859898974578,0.11425946761286078,0.12133652306582468,0.0,0.9015442681101463,0.6488964413499776,0.29658766412558646,0.2485692053055529,0.3640665506306832,happy,03,12,12,female,normal,1395
70,2.3356666666666666,True,1.0,0.44161746602874014,0.42471955607177553,0.43316851105025783,0.68808246565599,-0.06449074074074068,-0.05759259259259264,0.41297696475736106,0.20369954028202472,0.16924163410015458,0.6295299367021255,0.016897909956964607,0.006898148148148042,0.029954451225546054,0.3993664345038039,0.11248464410747586,0.12298366805678752,0.0,0.816764830656764,0.6663865702062076,0.2989425846878283,0.2679425145894094,0.4105343603381571,happy,03,12,12,female,normal,1395
80,2.6693333333333333,True,1.0,0.48204670633126445,0.48100450478852547,0.481525605559895,0.8583612619209402,-0.06231481481481488,-0.05740740740740735,0.38172418600621794,0.2530181376920641,0.1796021838521025,0.5609824521697091,0.0010422015427389852,0.004907407407407527,0.027000782597358868,0.3415740473163833,0.11727405191666511,0.1184253964154946,0.0,0.6990190849331934,0.5915158090345513,0.2831448015896985,0.28359037619308675,0.37489157568928433,happy,03,12,12,female,normal,1395
90,3.003,True,1.0,0.4820467063312627,0.5101743757422172,0.49611054103673996,0.5532320110240694,-0.060462962962962996,-0.05500000000000005,0.3867469514143657,0.12037604399385124,0.18985518084013478,0.896749521269397,0.02812766941095457,0.005462962962962947,0.017881154316945924,0.5566653534051641,0.11608168253274802,0.11959440099585505,0.0,0.73226736490466,0.6521466645095538,0.29619943638840107,0.25166136359350477,0.37515959473501254,happy,03,12,12,female,normal,1395
100,3.336666666666667,True,1.0,0.49847616341573464,0.5241140978162229,0.5112951306159788,0.5781723663979923,-0.057361111111111085,-0.05226851851851849,0.37493761713622187,0.13709921307671977,0.19052821352148874,0.8843299339976104,0.025637934400488227,0.005092592592592593,0.01689849608749321,0.5206307934001647,0.11622222528315893,0.11945782569364218,0.0,0.8414917741969227,0.652374732752476,0.2964766931452731,0.24930453383354204,0.36951667726903514,happy,03,12,12,female,normal,1395
110,3.6703333333333332,True,1.0,0.5490942642678603,0.545827517760459,0.5474608910141596,0.5397943608304189,-0.05782407407407397,-0.052592592592592524,0.38373017360466527,0.11333093156325634,0.19330239254211215,1.014202686689699,0.00326674650740133,0.005231481481481448,0.020487981157385496,0.5474014632214601,0.11651549725047469,0.11917179477383474,0.0,0.7759911345343984,0.649233104780975,0.2959132304126436,0.24919568920205498,0.363072808141288,happy,03,12,12,female,normal,1395
0,0.0,True,1.0,0.599457305914216,0.594245354081654,0.596851329997935,0.5760404467652303,-0.04888888888888887,-0.04611111111111105,0.33746604744732345,0.055976606666598455,0.19451074347918235,1.0361274687386428,0.005211951832561956,0.0027777777777778234,0.00443114858066497,0.52206074883509,0.12355744423864956,0.11185408237128426,0.0,0.8478430928754837,0.6369712631302522,0.2847863199499146,0.2343393009000263,0.32371706161234615,happy,03,12,12,female,strong,1396
10,0.33366666666666667,True,1.0,0.6304647138069724,0.6399101204010972,0.6351874171040348,0.5600551568845367,-0.04888888888888887,-0.04504629629629647,0.33943007731103586,0.03998329047614173,0.1945107434791823,1.1341515372118744,0.009445406594124739,0.0038425925925923976,0.004822087390912227,0.5369615890521199,0.12032099135171506,0.11532838683349317,0.0,0.907419236176384,0.6351625148965837,0.2843970245095118,0.2309798644048977,0.3242352199398478,happy,03,12,12,female,strong,1396
20,0.6673333333333333,True,1.0,0.6081908960095138,0.6414633009070152,0.6248270984582645,0.5705734883077719,-0.048703703703703805,-0.04597222222222214,0.3347797236487672,0.0407079614137394,0.19587228806931042,1.0950861041780962,0.033272404897501384,0.002731481481481668,0.0047164868003051795,0.5049472265739564,0.12067920400902728,0.11495350142234204,0.0,0.8132045259035733,0.5944704070143683,0.2761679699355417,0.23993227809142204,0.3039129202755279,happy,03,12,12,female,strong,1396
30,1.0010000000000001,True,1.0,0.4815161811167985,0.5086693318070631,0.4950927564619308,0.6136835985696575,-0.05185185185185187,-0.04861111111111116,0.3564265631129141,0.04598536604869904,0.1972980287910503,0.8067557249629415,0.027153150690264583,0.0032407407407407107,0.002844562431502431,0.5017971548040652,0.12007522537635335,0.11558424641938447,0.0,0.861318245552769,0.6366155876491222,0.2855849632930747,0.23129612447521555,0.3234745106860558,happy,03,12,12,female,strong,1396
40,1.3346666666666667,True,1.0,0.474877752815506,0.46776294877773167,0.4713203507966188,0.8542258197840303,-0.08754629629629629,-0.08458333333333334,0.4660465884411853,0.24487118143295677,0.2008175751955657,0.5517514688513868,0.007114804037774314,0.002962962962962945,0.009593247164322262,0.3377537726098166,0.11324251968351592,0.1222861787140952,0.0,0.9460458873959563,0.6647243549372873,0.2980673507630759,0.28866506289107896,0.4259309189936101,happy,03,12,12,female,strong,1396
50,1.6683333333333334,True,1.0,0.536554310524872,0.4891460392879771,0.5128501749064246,0.849087893864013,-0.08666666666666678,-0.08495370370370375,0.40832072822886833,0.2122719734660027,0.21252907946711813,0.6040012802120589,0.047408271236894894,0.0017129629629630272,0.0005216038108056086,0.32557047147579743,0.1126085442196835,0.12287023047682437,0.0,0.8157154263618542,0.6672782743644333,0.3026319276746818,0.28049816675073136,0.41465455163242415,happy,03,12,12,female,strong,1396
60,2.0020000000000002,True,1.0,0.5086693318070631,0.4840206943062129,0.49634501305663803,1.2850125664853165,-0.07000000000000006,-0.06888888888888889,0.3996655458900494,0.31441233908691213,0.19446955443027228,0.3862569332019911,0.024648637500850168,0.0011111111111111738,0.010351256212949309,0.23337348120376797,0.11428987586188581,0.12130788121209311,0.0,0.8232546355544321,0.6023473085327882,0.28671402427632886,0.291353396667861,0.3818462081914691,happy,03,12,12,female,strong,1396
70,2.3356666666666666,True,1.0,0.4842935891367933,0.4761050131576674,0.48019930114723036,0.4860796744572947,-0.0767592592592593,-0.07500000000000001,0.38171164121667484,0.17831573790537364,0.19520495206399283,0.9879024497030662,0.008188575979125923,0.0017592592592592937,0.004128556398276141,0.5355429635543376,0.11727170862950924,0.11842771687540844,0.0,0.8186998068363271,0.6071356877047694,0.283755520866245,0.2844766735499203,0.3717687934479456,happy,03,12,12,female,strong,1396
80,2.6693333333333333,True,1.0,0.4909752685532124,0.5155845586531286,0.5032799136031705,0.728697707074347,-0.07212962962962971,-0.0710648148148148,0.41354015113063347,0.14573192004550778,0.20143472318015795,0.6906566450219697,0.024609290099916192,0.0010648148148149073,0.005717698469170269,0.3886160401109455,0.11635222587726618,0.11933120841761999,0.0,0.855840811610492,0.6006163656556371,0.2883520922414245,0.2899305928121431,0.3773409505262421,happy,03,12,12,female,strong,1396
90,3.003,True,1.0,0.5481299573243654,0.5477063271454974,0.5479181422349314,0.9013878188659972,-0.0736574074074075,-0.07004629629629633,0.394076325765716,0.19414506867883055,0.201434723180158,0.607860602026159,0.00042363017886803966,0.003611111111111176,0.004973520136918986,0.3205616949915534,0.1159958360739925,0.11967766618197909,0.0,0.8629147692965452,0.6602246015437425,0.3045979351865219,0.2738423488046542,0.40669798509807803,happy,03,12,12,female,strong,1396
100,3.336666666666667,True,1.0,0.5529985147157862,0.555400372684491,0.5541994437001386,0.7562607738379858,-0.06902777777777774,-0.0685648148148148,0.43395810059418294,0.11343911607569843,0.2048745177169223,0.7328152707003485,0.002401857968704846,0.0004629629629629428,0.0036564104585320133,0.37537018765184005,0.11620760284158467,0.1193124757236846,0.0,0.9999999987499999,0.5993197681885254,0.2869625212119265,0.29468296552066436,0.38591726954095307,happy,03,12,12,female,strong,1396
110,3.6703333333333332,True,1.0,0.5661511007963174,0.5611637071809433,0.5636574039886304,0.7430836220794095,-0.06921296296296298,-0.06907407407407401,0.43563337512163297,0.1133311383168005,0.2055793084061552,0.7585383222568123,0.004987393615374036,0.0001388888888889661,0.00021521481022295153,0.38166301784204504,0.11642901500872191,0.11925628802330583,0.0,0.714184693103238,0.6000125987348064,0.28659048893164835,0.29377930806505803,0.38311485132963724,happy,03,12,12,female,strong,1396
120,4.0040000000000004,True,1.0,0.5577891935970498,0.5861788162502582,0.571984004923654,0.7355942689000486,-0.06935185185185178,-0.06837962962962962,0.4311633292049913,0.10145650725639908,0.20418011887017865,0.7775808337644542,0.028389622653208435,0.0009722222222221522,9.390330409091706e-05,0.37978350943714534,0.11765753337530353,0.11804440947910379,0.0,0.8191690621099847,0.600086717390081,0.28625921933441684,0.29260257024833936,0.3821724580579137,happy,03,12,12,female,strong,1396
0,0.0,True,1.0,0.6175712353803647,0.6350462432048936,0.6263087392926292,0.5101477341202664,-0.056574074074074054,-0.054675925925925906,0.32790695845352014,0.12324037967061251,0.19383857917192496,1.2277007176610886,0.01747500782452882,0.0018981481481481488,0.01197899692599727,0.605663356896026,0.11971750602035612,0.11595471754855537,0.0,0.8218651680766412,0.6452033884647609,0.293576586711356,0.24288585396842768,0.3437014205612577,happy,03,12,12,female,strong,1397
10,0.33366666666666667,True,1.0,0.6179760343862114,0.637163932588248,0.6275699834872297,0.527362213301558,-0.056111111111111,-0.054490740740740784,0.32761037577097457,0.11528925959365319,0.19385078024088526,1.1900169706098578,0.01918789820203659,0.0016203703703702166,0.005357003305544325,0.5656121415381301,0.11939860852253578,0.11628306004033372,0.0,0.7761191354093222,0.6447620144073255,0.2933798090876228,0.24178685270785474,0.3428938215814423,happy,03,12,12,female,strong,1397
20,0.6673333333333333,True,1.0,0.6329039598187056,0.637163932588248,0.6350339462034769,0.5372278976621307,-0.056805555555555554,-0.05365740740740749,0.32168310314326193,0.13422405212163244,0.1931329975882596,1.1820569053970789,0.004259972769542375,0.0031481481481480666,0.002965003003920365,0.5872422565273359,0.11821215324202074,0.11748899776248417,0.0,0.8007080480438711,0.6458370818092863,0.29387120199388816,0.24141402642277318,0.343857483633443,happy,03,12,12,female,strong,1397
30,1.0010000000000001,True,1.0,0.6103886401422126,0.6465812560598136,0.6284849481010131,0.6719602075159471,-0.05865740740740738,-0.05726851851851861,0.3373726982308463,0.16792981999979653,0.19454486494201956,0.9353008423286698,0.036192615917601034,0.001388888888888773,0.0024599002341270876,0.44753856498328193,0.11645297279008561,0.11891288829390012,0.0,0.8716601624478115,0.6474024153255051,0.2947363647856988,0.24258961724453984,0.34633154809770217,happy,03,12,12,female,strong,1397
40,1.3346666666666667,True,1.0,0.5577891935970498,0.555555555555556,0.5566723745763029,1.0287958816581377,-0.0872222222222222,-0.0828240740740741,0.44596436917189103,0.333128331263922,0.19523895220162935,0.5410911770749891,0.0022336380414937906,0.0043981481481480955,0.014148832294067128,0.28211491397703115,0.11367094368837243,0.12188804014333551,0.0,0.8042727471948621,0.6664392468628076,0.2996251450193757,0.28564212146967916,0.42255179216471384,happy,03,12,12,female,strong,1397
50,1.6683333333333334,True,1.0,0.5988044591450858,0.5936278887602184,0.5962161739526521,0.8103783726063195,-0.07967592592592587,-0.07694444444444443,0.38581334348483953,0.15638119428526776,0.22154981821739442,0.7357256734716598,0.005176570384867407,0.002731481481481446,0.0007431483037584492,0.3453779198104038,0.11475178414771857,0.12087102962942688,0.0,0.9999999987499999,0.6522722204194178,0.29861058985469846,0.27238872600176733,0.3956225388567738,happy,03,12,12,female,strong,1397
60,2.0020000000000002,True,1.0,0.63567414527386,0.6211981789386537,0.6284361621062569,0.9018384720580983,-0.05791666666666667,-0.05495370370370373,0.41449846574732446,0.18567262660019712,0.18475567380152816,0.6968389368797872,0.014475966335206314,0.002962962962962945,0.00711485970780258,0.32261029411764636,0.11451473682099576,0.1210956350133721,0.0,0.7071067807446058,0.600684710040266,0.28467482428468655,0.28525781821385404,0.36982986270066004,happy,03,12,12,female,strong,1397
70,2.3356666666666666,True,1.0,0.4940861969930999,0.46666832737880604,0.480377262185953,1.0760261607875377,-0.06333333333333335,-0.06194444444444447,0.35930186110784373,0.37119997150371675,0.17101187951141814,0.44643641548116964,0.027417869614293877,0.001388888888888884,0.02170798658107667,0.2550092544196915,0.11674369368401366,0.11894825662580641,0.0,0.6995523808809342,0.6016368499978115,0.28716709752267805,0.2734144267092445,0.36620610367527046,happy,03,12,12,female,strong,1397
80,2.6693333333333333,True,1.0,0.48863824384131777,0.49181572593898976,0.49022698489015376,0.6922159306186972,-0.05819444444444449,-0.054259259259259285,0.42108654844481636,0.09137843931126385,0.1827896276135042,0.7081995129063162,0.003177482097671991,0.003935185185185208,0.01430924698413546,0.3929425768163789,0.11778292630941962,0.11791929460119233,0.0,0.8444617278315365,0.6029234182813751,0.2857819749748638,0.2854036363609814,0.37614874232744216,happy,03,12,12,female,strong,1397
90,3.003,True,1.0,0.5028983779490279,0.5103478318866658,0.5066231049178469,0.9562622640836554,-0.05736111111111114,-0.053981481481481464,0.4191057770527939,0.2087352786392311,0.1778395651362625,0.5297951450623453,0.007449453937637851,0.003379629629629677,0.011702480554384663,0.3089400934569539,0.114678471516677,0.12094058846890948,0.0,0.7682251313802074,0.6013487618250426,0.2881224540927594,0.28509073063788004,0.3818481953625955,happy,03,12,12,female,strong,1397
100,3.336666666666667,True,1.0,0.5028983779490267,0.4988406534637515,0.5008695157063892,0.7852764850258336,-0.05569444444444438,-0.05203703703703705,0.43896805992789034,0.09654628280041742,0.18061639266197652,0.6378256897504219,0.004057724485275194,0.0036574074074073315,0.007800615393997612,0.3599892882787166,0.11678696005399239,0.1189057766908215,0.0,0.7009210926295185,0.6023175983987347,0.29084621652979026,0.28350673657913233,0.37585269793927945,happy,03,12,12,female,strong,1397
110,3.6703333333333332,True,1.0,0.5243331742906264,0.5551849454827398,0.539759059886683,0.7029567805680969,-0.052222222222222114,-0.04962962962962958,0.44148205969669685,0.057511637986002395,0.18546644821245542,0.7678410320624193,0.030851771192113353,0.0025925925925925353,0.005523140122247564,0.42990759976851406,0.11616056685643228,0.11951778309826952,0.0,0.8351815277347504,0.6532558495507579,0.3022806561673369,0.25401833106288224,0.378776513855882,happy,03,12,12,female,strong,1397
120,4.0040000000000004,True,1.0,0.5380420346124567,0.5361436674124246,0.5370928510124406,0.7128959898043907,-0.0537037037037037,-0.05027777777777781,0.4366412250437725,0.06479517298800724,0.1875687536705291,0.7533958090573799,0.001898367200032114,0.003425925925925888,0.0031154062049721836,0.40043404819599265,0.11634779587481964,0.11933552766856731,0.0,0.7153564070579079,0.5985640487679448,0.2858535825340269,0.26573400407707604,0.35355723628512703,happy,03,12,12,female,strong,1397
0,0.0,True,1.0,0.567834219065816,0.5705595086823605,0.5691968638740883,0.5862162804813931,-0.06791666666666668,-0.06824074074074077,0.3392307451885064,0.1581446964272432,0.1960218023167498,0.970967342303546,0.0027252896165445017,0.0003240740740740877,0.011816423584025267,0.4922875732842513,0.12161134149818366,0.1139669223450152,0.0,0.7479082409444009,0.5953639901429321,0.2839278422085236,0.26692995814056075,0.35190108999256486,happy,03,12,12,female,strong,1398
10,0.33366666666666667,True,1.0,0.5866211902933806,0.5705595086823604,0.5785903494878705,0.58714029346442,-0.06810185185185186,-0.06657407407407401,0.3374098359182769,0.1664478699537382,0.195328027932124,0.9854379880384284,0.016061681611020173,0.00152777777777785,0.011411855865472437,0.473880925922415,0.11917978410844307,0.11650732521680314,0.0,0.9999999987499999,0.5952971691801721,0.2827339906391133,0.2647791752663297,0.35193035873843576,happy,03,12,12,female,strong,1398
20,0.6673333333333333,True,1.0,0.5598839773165577,0.5618150590978043,0.560849518207181,0.5963786505355291,-0.06796296296296295,-0.06587962962962962,0.35253994796415883,0.13749718969036717,0.1966989036523519,0.9404252109017583,0.0019310817812465686,0.002083333333333326,0.009596888522885911,0.4816867736229238,0.11840071703302602,0.11729896834759061,0.0,0.8282380363095645,0.5956129014965361,0.2820219439965173,0.267336363261363,0.35009530117578846,happy,03,12,12,female,strong,1398
30,1.0010000000000001,True,1.0,0.444467741963782,0.45158261713331294,0.4480251795485475,0.7984700815074981,-0.07356481481481475,-0.0708333333333333,0.4294666812903555,0.2556710885011239,0.17735240166427144,0.5611045296809162,0.00711487516953091,0.002731481481481446,0.016081270386602793,0.354550507804293,0.11619431232732849,0.11948497625966543,0.0,0.6757977239382761,0.5981915454228567,0.28523631257146237,0.2914838501274237,0.3823909040328515,happy,03,12,12,female,strong,1398
40,1.3346666666666667,True,1.0,0.36950592722634973,0.3606023131676624,0.36505412019700606,0.7654390823499365,-0.06495370370370368,-0.06097222222222215,0.4187743173262132,0.20403640658584557,0.1774452968113274,0.47692119283519147,0.008903614058687337,0.00398148148148153,0.03262692292094773,0.3763297546668279,0.1137469746162908,0.12181709048600173,0.0,0.6941076696650859,0.66848719523747,0.3006021826931766,0.2687913264219801,0.40774054516065744,happy,03,12,12,female,strong,1398
50,1.6683333333333334,True,1.0,0.40070227461223734,0.4114999197832129,0.40610109719772514,0.7981292915986745,-0.061574074074074225,-0.0566666666666667,0.46870873243330285,0.17013695350813723,0.17785028992138466,0.508816179875185,0.010797645170975534,0.004907407407407527,0.015309948261522462,0.36504462098470086,0.11439980068607122,0.1212042217570527,0.0,0.7747161590871213,0.6022312750803447,0.2876309236114517,0.2869034357940283,0.3758095220105994,happy,03,12,12,female,strong,1398
60,2.0020000000000002,True,1.0,0.3952460924016872,0.4193969085869397,0.4073215004943134,0.41823760161589557,-0.06509259259259254,-0.06314814814814812,0.4122884440866754,0.28082989465004143,0.15767808633181746,0.9738997615723529,0.0241508161852525,0.0019444444444444153,0.000943730566284871,0.6529833204051788,0.11894572076476262,0.11674627737580175,0.0,0.668134200949242,0.6070173692289416,0.27929476731154895,0.2894867813202369,0.3917238331708426,happy,03,12,12,female,strong,1398
70,2.3356666666666666,True,1.0,0.4201374271234426,0.411739528555243,0.4159384778393428,0.7281000959936916,-0.06111111111111106,-0.058472222222222314,0.42879307464482985,0.1532767674319577,0.18199517575738963,0.5712655171013005,0.008397898568199613,0.0026388888888887463,0.00937894584358588,0.385249315162334,0.11653477808774912,0.1191529406473727,0.0,0.7740915166369137,0.5976895390968888,0.2851513193792652,0.288608639795325,0.3826350246930181,happy,03,12,12,female,strong,1398
80,2.6693333333333333,True,1.0,0.44480597387765264,0.44247752072532154,0.4436417473014871,0.8014343294186462,-0.061805555555555614,-0.05759259259259264,0.38556012704589354,0.21457251009608533,0.18151289191581024,0.5535597004227422,0.0023284531523311003,0.004212962962962974,0.02486067737075037,0.35545935851471705,0.11546997869956456,0.1201851146694994,0.0,0.7464309473919422,0.5983984073707609,0.2843572093160616,0.28287066423610374,0.3773403297319922,happy,03,12,12,female,strong,1398
90,3.003,True,1.0,0.4593504697547262,0.44444444444444564,0.45189745709958595,0.7210169351296741,-0.06027777777777776,-0.054675925925925906,0.45021276758119566,0.09161722874899625,0.1897442368927915,0.6267501289942832,0.014906025310280568,0.005601851851851858,0.01275449902191432,0.39219653580563646,0.11904206433860841,0.11664803764874256,0.0,0.8998926943720293,0.5932080707204757,0.2825333031093477,0.2894453715507964,0.37640903770958134,happy,03,12,12,female,strong,1398
100,3.336666666666667,True,1.0,0.4593504697547287,0.44463752032505727,0.451993995039893,0.7054547623774423,-0.06064814814814812,-0.05518518518518528,0.44385497451950856,0.0865968538497219,0.18971367571775175,0.6407129402835625,0.01471294942967144,0.005462962962962836,0.019683939905821096,0.41577406003072126,0.11727096903492489,0.11842844924529294,0.0,0.7845215908315555,0.5976317700361395,0.2846389685152322,0.2841783899485065,0.3690465230129147,happy,03,12,12,female,strong,1398
110,3.6703333333333332,True,1.0,0.4678655892921499,0.46065577752703674,0.4642606834095933,0.7413153814866635,-0.06055555555555553,-0.05560185185185185,0.4374355829058066,0.10675601628008627,0.18554993601276257,0.6262660872873652,0.00720981176511315,0.004953703703703682,0.01738510360019612,0.38270305481040073,0.1169598620199943,0.11873570838343157,0.0,0.8961096883167383,0.5983069218234169,0.2848058176730115,0.2845705044773638,0.3758090388512902,happy,03,12,12,female,strong,1398
0,0.0,True,1.0,0.6453797112505257,0.6490253209861727,0.6472025161183492,0.5976882802359796,-0.0559722222222222,-0.054675925925925906,0.33547930634416656,0.10489025805705239,0.19805577793379345,1.0828429091211564,0.003645609735646982,0.0012962962962962954,0.0009770127749919408,0.4926848113876142,0.12153834000955983,0.11404477049568895,0.0,0.8129835619194091,0.6438636056453833,0.29245236422969534,0.2415451878203783,0.3357142865041976,happy,03,12,12,female,strong,1399
10,0.33366666666666667,True,1.0,0.6192828536564213,0.6679891368039405,0.6436359952301809,0.5976882802359796,-0.05805555555555558,-0.05523148148148149,0.3361906746551555,0.12102722083506026,0.19804152448667672,1.0768757168470162,0.048706283147519125,0.00282407407407409,0.0042301513229449665,0.4926848113876142,0.11668973377033866,0.1190011924385593,0.0,0.8196811923571397,0.6452817683323329,0.29421962206112423,0.23908704633562552,0.33990456202459496,happy,03,12,12,female,strong,1399
20,0.6673333333333333,True,1.0,0.6184189186529321,0.619614803466127,0.6190168610595295,0.7389610413081772,-0.05888888888888899,-0.056111111111110945,0.3339805503866495,0.16856250454183813,0.19873553263911475,0.8376853804954163,0.0011958848131948807,0.0027777777777780455,0.0032187361905421505,0.4244715081211202,0.11724948429365271,0.11844972014261713,0.0,0.8311308464790169,0.6504295856780213,0.292644630946207,0.24562529567375602,0.3474477069515161,happy,03,12,12,female,strong,1399
30,1.0010000000000001,True,1.0,0.6512372892016544,0.6625572873804151,0.6568972882910347,0.8012201140561429,-0.07782407407407399,-0.07208333333333333,0.4258534045252339,0.10640793659754172,0.21809788729698323,0.8198711899099986,0.011319998178760726,0.005740740740740657,0.006802032394852639,0.34276019905091504,0.11407481510118457,0.12151014084556705,0.0,0.8047668034129006,0.6493433266978667,0.29366396019365554,0.28012558902665274,0.39707002593863794,happy,03,12,12,female,strong,1399
40,1.3346666666666667,True,1.0,0.5871809314922124,0.6015586949760027,0.5943698132341075,0.7740417153106991,-0.06375000000000008,-0.06574074074074077,0.4323536212075357,0.10785827180558981,0.19931512529804216,0.7678782699657581,0.014377763483790273,0.001990740740740682,0.0005706903355719165,0.3784290169832656,0.11428498804541964,0.12131248606811794,0.0,0.9999999987499999,0.6068997303843412,0.28680117451824527,0.297754097469844,0.38131434607349546,happy,03,12,12,female,strong,1399
50,1.6683333333333334,True,1.0,0.39340808055566046,0.3944079252653992,0.39390800291052985,0.7997297321887171,-0.06375000000000003,-0.06240740740740741,0.46271383653071146,0.24696690901753107,0.16604988980092208,0.492551404625753,0.0009998447097387397,0.0013425925925926174,0.010203994032500083,0.3559902177296603,0.11618816244130134,0.1194909564673201,0.0,0.9999999987499999,0.611147493473952,0.28560211538195596,0.2965840171297885,0.39695149087688775,happy,03,12,12,female,strong,1399
60,2.0020000000000002,True,1.0,0.4088764581168515,0.4024933626886589,0.4056849104027552,0.5200905177216317,-0.062268518518518556,-0.0602314814814815,0.3830620585461879,0.18049887261151143,0.17579212179171338,0.7800275078652561,0.006383095428192653,0.0020370370370370594,0.0019281407967805448,0.533886343826154,0.11617431160991565,0.11950442289294304,0.0,0.8251976220570416,0.6124258997896034,0.2850340788432567,0.27252881035316884,0.37360861468113427,happy,03,12,12,female,strong,1399
70,2.3356666666666666,True,1.0,0.42753380971358534,0.41947628699955763,0.4235050483565715,0.7386298324658467,-0.06055555555555553,-0.05898148148148141,0.4488273447937244,0.14396367892608686,0.17921818428722594,0.5733657506666627,0.00805752271402771,0.0015740740740741166,0.004717297229842419,0.38171504658043076,0.11492993740866585,0.12054369874990131,0.0,0.7503367430733084,0.6111606943324205,0.2906501960019702,0.28104078360216705,0.3830972624225679,happy,03,12,12,female,strong,1399
80,2.6693333333333333,True,1.0,0.43685895931102053,0.42796857078356515,0.43241376504729284,1.1279634256803892,-0.05958333333333338,-0.057083333333333264,0.36226072232816775,0.37083729063464854,0.17372357468471153,0.3833579664043275,0.008890388527455384,0.0025000000000001132,0.009395912891732498,0.26198630136986295,0.11761925499545604,0.11808255003858638,0.0,0.6994004483006878,0.6104600551157964,0.28579556880781665,0.2844956702832535,0.37348133620450114,happy,03,12,12,female,strong,1399
90,3.003,True,1.0,0.4879095421652135,0.4606707612137996,0.4742901516895065,0.8044033437721151,-0.05328703703703702,-0.05115740740740743,0.44172851571075705,0.1037768971378452,0.18132112357228442,0.5896173298651421,0.02723878095141391,0.0021296296296295925,0.0008103336141597118,0.3719145856322413,0.11822022433746451,0.11748087642965227,0.0,0.6957152244878265,0.6069081914562698,0.2884147671306606,0.2794835394545987,0.37104100110751975,happy,03,12,12,female,strong,1399
100,3.336666666666667,True,1.0,0.46072350480161134,0.4856478270857948,0.47318566594370304,0.7591952873837592,-0.05407407407407416,-0.05134259259259266,0.4435944729026892,0.0900576470163411,0.18342694291325287,0.6232726596266613,0.024924322284183453,0.0027314814814815014,0.004017573046839747,0.37214049346739225,0.11551262076603111,0.12014413099496414,0.0,0.7071067807446058,0.6066258735369148,0.29069954802648035,0.27842396912236556,0.3734235698708441,happy,03,12,12,female,strong,1399
110,3.6703333333333332,True,1.0,0.5294299161621616,0.5266372018896319,0.5280335590258968,0.7175735796928222,-0.05435185185185193,-0.05143518518518525,0.4372046758362809,0.07174235145387023,0.18482792506197773,0.7358598114104711,0.002792714272529695,0.0029166666666666785,0.006657521102325076,0.39919432132056526,0.11752762132402211,0.11817375341036121,0.0,0.8675134330044666,0.6055658687537515,0.2903235845249949,0.276974450358375,0.36382371343089753,happy,03,12,12,female,strong,1399
0,0.0,True,1.0,0.6220075195944342,0.6292518829053919,0.625629701249913,0.6483365087902908,-0.05782407407407414,-0.05421296296296302,0.3078186022589045,0.22755736046211872,0.1883731408123746,0.9649768180065231,0.00724436331095768,0.0036111111111111205,0.007926280526707937,0.5040688052947812,0.12315319688029314,0.11229901098402083,0.0,0.8719903507924672,0.6421156339332608,0.29217507228419876,0.24218233901147004,0.3467813420247242,sad,04,12,12,female,normal,1400
10,0.33366666666666667,True,1.0,0.628215109826914,0.6180607663527939,0.623137938089854,0.6699965886178166,-0.05499999999999994,-0.05189814814814814,0.3049489492622069,0.24640928487678362,0.18979609920100676,0.9300613595292616,0.010154343474120031,0.0031018518518518,0.009565404170552278,0.4793785064290398,0.11997630014442527,0.11568692740797222,0.0,0.9465126032393358,0.6409752763683598,0.29217597402840206,0.24002144483877647,0.3483961119447695,sad,04,12,12,female,normal,1400
20,0.6673333333333333,True,1.0,0.6438835042092785,0.6501661102241811,0.6470248072167298,0.6492413418483172,-0.05162037037037026,-0.04925925925925928,0.3178552949030397,0.19613741546955232,0.19187712241237034,0.9965859619702019,0.006282606014902603,0.0023611111111109806,0.015798239165679837,0.47937850642904045,0.11912757903494152,0.11656070385350402,0.0,0.8164776170149944,0.6382746406765831,0.2933319619082063,0.2408830497062433,0.33697612088288226,sad,04,12,12,female,normal,1400
30,1.0010000000000001,True,1.0,0.6033361413624198,0.6291115517067867,0.6162238465346033,0.9769534681552204,-0.053657407407407376,-0.04939814814814808,0.32891506390529046,0.3008969255034944,0.19079671543897023,0.6307606929306651,0.025775410344366922,0.004259259259259296,0.03813694948651944,0.3161293173640553,0.12027332545288688,0.11537809564238856,0.0,0.8893582341811109,0.6374935145698905,0.2916971832367958,0.24552193753074386,0.3405107888449113,sad,04,12,12,female,normal,1400
40,1.3346666666666667,True,1.0,0.544314982721203,0.5925925925925934,0.5684537876568982,0.7809792702046883,-0.05078703703703702,-0.04861111111111116,0.34390147487549655,0.19480153964109193,0.19425966232403985,0.7278730810715516,0.0482776098713904,0.002175925925925859,0.04156019321837009,0.4053276623255423,0.1189724064104201,0.11671908276858559,0.0,0.8058329922609604,0.639547420765181,0.29174902759263927,0.24817130182093466,0.34419820333215345,sad,04,12,12,female,normal,1400
50,1.6683333333333334,True,1.0,0.47630947412757246,0.47951552746304604,0.4779125007953092,0.9723136366588342,-0.05967592592592591,-0.05347222222222231,0.31047803444829586,0.33184279436878406,0.19375141953009456,0.4915209277919439,0.00320605333547358,0.0062037037037036,0.051572914037073404,0.31749228598534335,0.11803964168570796,0.11766231665346408,0.0,0.7001532517011069,0.6363183717236894,0.2964282347087992,0.24578289122097738,0.3452392821437844,sad,04,12,12,female,normal,1400
60,2.0020000000000002,True,1.0,0.59391343027709,0.6188613832849457,0.6063874067810178,0.9945747857947828,-0.05513888888888879,-0.05166666666666664,0.33408304255716487,0.25219497139713526,0.1914334904400386,0.6096951334800255,0.024947953007855683,0.0034722222222221544,0.03711104651736206,0.30561874864337674,0.1198792292176036,0.11578751302215944,0.0,0.8031534228146442,0.6414623322766607,0.2955138556158693,0.24850931064149423,0.3398251338058901,sad,04,12,12,female,normal,1400
70,2.3356666666666666,True,1.0,0.5373605407935871,0.5871379373149168,0.562249239054252,0.8141418427757776,-0.052592592592592524,-0.049629629629629635,0.32609872030473547,0.24014543053525408,0.19296342464193014,0.6906035404559113,0.04977739652132973,0.0029629629629628895,0.042013241903523034,0.4186807789540726,0.12028758896196495,0.115363225125517,0.0,0.9999999987499999,0.6379073918551795,0.2987377573258067,0.24730736886083568,0.34098338850702803,sad,04,12,12,female,normal,1400
80,2.6693333333333333,True,1.0,0.6037323219306693,0.649485850123515,0.6266090860270921,0.8259346522531507,-0.055787037037037024,-0.05162037037037043,0.31666164810149905,0.2834289156163659,0.19076832253302697,0.7586666624504758,0.04575352819284573,0.004166666666666596,0.04261426372969475,0.3998165496644797,0.11852362390921736,0.11717477691440735,0.0,0.8776290267041074,0.6419259962109845,0.2968239619157024,0.24098892908073885,0.33619551569266043,sad,04,12,12,female,normal,1400
90,3.003,True,1.0,0.6129508819341286,0.6234785029771837,0.6182146924556562,0.761507023714499,-0.053750000000000075,-0.05041666666666661,0.315180176003357,0.2535189736689212,0.19204881690341583,0.8118305848843157,0.010527621043055047,0.003333333333333466,0.024409772620614344,0.43365434891405374,0.120839369358547,0.11478512352540793,0.0,0.9217569152239011,0.6383224039225066,0.3012860019427925,0.2401612404121028,0.33726085459396826,sad,04,12,12,female,normal,1400
100,3.336666666666667,True,1.0,0.5876193421514206,0.623608259087763,0.6056138006195918,0.7643083619779559,-0.05342592592592599,-0.051435185185185195,0.30979006549473215,0.26002899394639944,0.19410407414982944,0.7923684088086149,0.03598891693634232,0.001990740740740793,0.027297018869158363,0.4556550872239499,0.1197374253837974,0.11593414825562662,0.0,0.9168682479529534,0.6297053495929622,0.2901005071335245,0.23163174841854367,0.32969321638431287,sad,04,12,12,female,normal,1400
0,0.0,True,1.0,0.588317882680019,0.628714722561874,0.6085163026209466,0.6348602158421353,-0.05120370370370364,-0.04800925925925936,0.3048041007903968,0.1584059688493623,0.19523895220162946,0.9585043879521672,0.04039683988185494,0.0031944444444442777,0.014650695470545637,0.5059097356386032,0.12160757991529014,0.1139709361049376,0.0,0.9120383170631923,0.6301130280237095,0.2856022795884152,0.22809971602866028,0.3194008219515761,sad,04,12,12,female,normal,1401
10,0.33366666666666667,True,1.0,0.2696224435549577,0.2611201061192318,0.2653712748370948,0.6599194581854755,-0.07171296296296309,-0.06833333333333336,0.3029213273020847,0.18707996943605049,0.1959458913701307,0.40212676190328384,0.00850233743572587,0.0033796296296297323,0.01603822740903678,0.4926848113876153,0.12067792790245942,0.11495484107393018,0.0,0.9999999987499999,0.5848843687006052,0.27740448619456937,0.24963262330664096,0.3111408292849918,sad,04,12,12,female,normal,1401
20,0.6673333333333333,True,1.0,0.5978879100835505,0.6193893201855343,0.6086386151345424,0.6726436259799089,-0.056851851851851765,-0.053888888888888986,0.3150229670753863,0.21523301228501726,0.19045451944182107,0.9048455848338356,0.02150141010198381,0.0029629629629627785,0.015506365611388085,0.5001637934608445,0.11749755104812812,0.11820365166429504,0.0,0.8359586170360022,0.6454104455297744,0.29438183552822705,0.24076622980060544,0.34325390849055826,sad,04,12,12,female,normal,1401
30,1.0010000000000001,True,1.0,0.5744547107193877,0.5819601926105845,0.5782074516649861,1.0384393942178822,-0.05435185185185187,-0.052222222222222225,0.332965906446927,0.32639108273117157,0.1876968367849136,0.5568042342042239,0.007505481891196819,0.002129629629629648,0.016833831479759937,0.30308051432769145,0.11793305339526972,0.11776914997591087,0.0,0.8343357798592644,0.5928127939222563,0.2797653137418133,0.25951716935882985,0.32376454815606015,sad,04,12,12,female,normal,1401
40,1.3346666666666667,True,1.0,0.519627129027731,0.532381789210751,0.526004459119241,0.8141492883525361,-0.05416666666666664,-0.05152777777777773,0.32953236159160276,0.22012122623453825,0.19389210073779597,0.6460786328065609,0.012754660183019961,0.002638888888888913,0.0122987038202251,0.3772734970854621,0.1199014620662907,0.11576449008103343,0.0,0.8118867455602404,0.5913231690254227,0.2798721549362948,0.2584396381702862,0.31816830101455507,sad,04,12,12,female,normal,1401
50,1.6683333333333334,True,1.0,0.20813092811202832,0.17682765498667957,0.19247929154935395,0.7560097037026172,-0.07435185185185178,-0.07115740740740739,0.37753977866737964,0.08290439633495633,0.1998010469981542,0.25459896957231026,0.03130327312534875,0.0031944444444443887,0.038496254685328496,0.39413561297095734,0.11600026929275048,0.11967336919024398,0.0,0.7897004663469525,0.6277785798303697,0.2896194635081356,0.24257124661920007,0.329831111170605,sad,04,12,12,female,normal,1401
60,2.0020000000000002,True,1.0,0.598954626749016,0.6496177219931928,0.6242861743711043,0.7959561532227546,-0.05222222222222228,-0.05013888888888879,0.3557613150500714,0.1479427514431448,0.19757007374558055,0.784322317056569,0.05066309524417678,0.0020833333333334925,0.02326482173260309,0.38227804139142413,0.12055405132904393,0.11508474476612646,0.0,0.864456641150677,0.6306458835799945,0.28731588170975164,0.23734524426214412,0.3265845609109343,sad,04,12,12,female,normal,1401
70,2.3356666666666666,True,1.0,0.23456681208499494,0.19806611205138772,0.21631646206819133,0.9287882785641917,-0.07171296296296281,-0.07013888888888892,0.2928413693449711,0.3502958579881643,0.19540300757883083,0.2329018001848534,0.036500700033607225,0.0015740740740738945,0.02478224432307748,0.36472589155714347,0.11984249399649569,0.11582553432838556,0.0,0.8332020852246258,0.6424722892047445,0.29804918202854364,0.24663650142329382,0.3402346930723802,sad,04,12,12,female,normal,1401
80,2.6693333333333333,True,1.0,0.6039326435610858,0.6664564535371073,0.6351945485490965,0.8558184282716108,-0.054675925925925906,-0.052453703703703836,0.31039698203262855,0.2878804188491843,0.1919355634716339,0.7422071406336964,0.06252380997602147,0.00222222222222207,0.02504773139923338,0.3808546489894907,0.11706345914175112,0.11863357156880175,0.0,0.8529676811348235,0.6419972022480869,0.29856484658128934,0.24191130115258572,0.3386348286945936,sad,04,12,12,female,normal,1401
90,3.003,True,1.0,0.59291653735265,0.6081445674502695,0.6005305524014597,0.7541514571235403,-0.054120370370370374,-0.05240740740740746,0.3207234689098383,0.24820288031190074,0.19195662969373248,0.796299664648244,0.015228030097619416,0.0017129629629629162,0.021314581866152156,0.43099563419345827,0.1189886953686591,0.11621168745456938,0.0,0.8712223880656762,0.5886360331163716,0.28036306859763865,0.2512445263159,0.311116537773105,sad,04,12,12,female,normal,1401
100,3.336666666666667,True,1.0,0.598954626749017,0.6241145899577255,0.6115346083533713,0.6795451164619565,-0.05194444444444446,-0.05069444444444443,0.32850530377080167,0.2066926508292851,0.19126323805885817,0.8999175971380957,0.025159963208708502,0.0012500000000000289,0.022784382805625916,0.4486794562192657,0.12187327450798059,0.11368677465002881,0.0,0.8887745137597416,0.5863091076977667,0.27921380941225205,0.25266421169706627,0.3118328133190364,sad,04,12,12,female,normal,1401
0,0.0,True,1.0,0.20948164757085264,0.18864750015513262,0.19906457386299264,0.6463697496526178,-0.07078703703703698,-0.06393518518518526,0.3111367695243298,0.23338281111160866,0.18351676318766288,0.3079732211632383,0.02083414741572001,0.00685185185185172,0.01385695865426546,0.47197309015428807,0.11909010554729094,0.11659899026142842,0.0,0.9002116129999578,0.5949726393760629,0.28442222603442735,0.24678864731441782,0.323240247776955,sad,04,12,12,female,normal,1402
10,0.33366666666666667,True,1.0,0.3982484971370431,0.3848791279582664,0.3915638125476547,0.6470005082800477,-0.06217592592592586,-0.056342592592592444,0.3093492853794672,0.26928785897493285,0.17862647713442123,0.605198616595476,0.01336936917877668,0.0058333333333334125,0.011975331003433717,0.4909521050102479,0.12075518581543414,0.11487368222604188,0.0,0.8419219662069447,0.5930100566476592,0.2830440732028384,0.2479003713764854,0.3266216618732907,sad,04,12,12,female,normal,1402
20,0.6673333333333333,True,1.0,0.38260643949112355,0.39869731770115985,0.3906518785961417,0.6547495792386929,-0.06208333333333338,-0.05685185185185182,0.30550185989926953,0.26358990592497544,0.18138633073239702,0.5966431915089894,0.016090878210036297,0.005231481481481559,0.011994292889868703,0.5066495504169212,0.12015572892437008,0.11550055660446423,0.0,0.8024307561456776,0.593468386995423,0.2834312337107625,0.24680170714626967,0.3249086228249147,sad,04,12,12,female,normal,1402
30,1.0010000000000001,True,1.0,0.5275651260863579,0.5199663144113733,0.5237657202488656,0.7653919386246091,-0.055694444444444435,-0.04898148148148146,0.3009934454854737,0.27313389027346036,0.18008536388131072,0.6843104739123069,0.007598811674984551,0.006712962962962976,0.020169199922441313,0.40775653994173083,0.11953513162955952,0.11614271425986196,0.0,0.8791245985890733,0.5960572744175795,0.28312939716075486,0.24789887763610427,0.3252621554975927,sad,04,12,12,female,normal,1402
40,1.3346666666666667,True,1.0,0.47522025338975415,0.4695270567487552,0.47237365506925466,0.9985648628651604,-0.055555555555555525,-0.049861111111111134,0.30851698122342747,0.34743422895266635,0.1786431338204418,0.4730525503509939,0.005693196640998932,0.005694444444444391,0.013081866414160427,0.3331228899081039,0.12215330250708678,0.11338583887051346,0.0,0.8145486663483451,0.5917009639011855,0.2834739267366945,0.25690347937805924,0.32945728095786786,sad,04,12,12,female,normal,1402
50,1.6683333333333334,True,1.0,0.5643731002126247,0.5655115819017138,0.5649423410571692,1.0735485234099649,-0.05356481481481479,-0.04888888888888887,0.3052993017327117,0.38453616389548195,0.18072449695109213,0.5262382917380531,0.0011384816890891436,0.004675925925925917,0.015985886761152708,0.30172685953076095,0.12151123876847504,0.11407364560936802,0.0,0.8427876836778907,0.5920771429743774,0.2818160566657997,0.25576788530468303,0.325466486179715,sad,04,12,12,female,normal,1402
60,2.0020000000000002,True,1.0,0.5119013207557473,0.5430783598512912,0.5274898403035193,1.0384393942178842,-0.05393518518518514,-0.04805555555555552,0.32799398679649366,0.3263910827311718,0.1807418045216461,0.5079640114200463,0.031177039095543813,0.0058796296296296235,0.02202154548582592,0.31203434088837523,0.11869606034650423,0.11700009840829133,0.0,0.8584791998577155,0.5910555569024485,0.28428379216934974,0.25518366455932484,0.32642041652492826,sad,04,12,12,female,normal,1402
70,2.3356666666666666,True,1.0,0.5597189084907712,0.5817983538040087,0.57075863114739,0.8824204127908002,-0.05106481481481484,-0.046712962962962956,0.2938865815288093,0.32797409936861,0.18282301549403876,0.6468103217855893,0.022079445313237467,0.0043518518518518845,0.01685246159443207,0.3738028123305084,0.12345232898646206,0.1119700863522338,0.0,0.8624571417605174,0.5924372719556573,0.28206413259097785,0.25102201052449724,0.32002054664969326,sad,04,12,12,female,normal,1402
80,2.6693333333333333,True,1.0,0.5896956239067559,0.581968541744269,0.5858320828255125,0.8709565819064216,-0.05208333333333337,-0.04712962962962958,0.3033666610426641,0.3445407931050846,0.18145361677040917,0.6726306396849254,0.0077270821624868535,0.004953703703703793,0.01954670673141304,0.3799379362386273,0.12190754882012014,0.11365002116285144,0.0,0.7657079065504343,0.5912583700120674,0.2802642074444381,0.24983841255439243,0.3166871660032925,sad,04,12,12,female,normal,1402
90,3.003,True,1.0,0.5706244564173253,0.5820818122146215,0.5763531343159733,0.7909393297851209,-0.05124999999999996,-0.04754629629629631,0.3091686262871728,0.28964925202890063,0.18285973512150927,0.7286944935113475,0.011457355797296231,0.0037037037037036535,0.021328209979634537,0.40501155359825786,0.12102559275909221,0.11458875890246255,0.0,0.8705144890958585,0.5920743124906213,0.2796123769312804,0.24682963714989384,0.31675295429729133,sad,04,12,12,female,normal,1402
100,3.336666666666667,True,1.0,0.5923890552485985,0.5978095971525349,0.5950993262005667,0.7709056004921472,-0.05124999999999996,-0.047037037037037044,0.3044593609694205,0.2775049369981515,0.1835346388292238,0.7719483758071735,0.005420541903936371,0.004212962962962918,0.018316865903692546,0.42379900403374016,0.12347748851317177,0.1119423405166712,0.0,0.7751556280186722,0.5928363529786915,0.2782412181303047,0.24886486571074592,0.3154847559385131,sad,04,12,12,female,normal,1402
0,0.0,True,1.0,0.6149895674111739,0.6081445674502695,0.6115670674307216,0.5934510793155752,-0.055416666666666614,-0.0490740740740741,0.3138317318298434,0.2028151789351358,0.187890625,1.0305265063061972,0.006844999960904485,0.006342592592592511,0.03819311048000045,0.5197044095130681,0.12486971269070304,0.11038719410660425,0.0,0.8952872508089756,0.5883981456957784,0.2787822792716866,0.251031511710766,0.31385708365481535,sad,04,12,12,female,normal,1403
10,0.33366666666666667,True,1.0,0.6039326435610858,0.5874410621869827,0.5956868528740342,0.6102995405442049,-0.053657407407407376,-0.04791666666666661,0.31850377142035513,0.23661770875765836,0.1844005208652884,0.9760565317530134,0.016491581374103115,0.0057407407407407685,0.021491543998899625,0.5106409324670708,0.11885119843411938,0.11684250254157967,0.0,0.7181695060652853,0.6465666393823154,0.29372874042079855,0.2372919590262369,0.34254355981940315,sad,04,12,12,female,normal,1403
20,0.6673333333333333,True,1.0,0.5716968572042583,0.5862532488104102,0.5789750530073343,0.6233305860982509,-0.05458333333333332,-0.04939814814814819,0.3205476609452493,0.21810257321355198,0.18581167143284733,0.9288410771424505,0.014556391606151853,0.005185185185185126,0.035277243840119106,0.5174224200033931,0.12072091709286577,0.11474377542265797,0.0,0.7660454052140686,0.5861108861513356,0.2783780975316424,0.2457215323426954,0.31152692056297476,sad,04,12,12,female,normal,1403
30,1.0010000000000001,True,1.0,0.20677828867389683,0.2203862034869464,0.21358224608042162,0.9060141197557047,-0.068425925925926,-0.06458333333333333,0.3232399640140473,0.22178066792606177,0.18992147507270846,0.23573831955070568,0.01360791481304957,0.003842592592592675,0.034443394229979905,0.35406326176239356,0.11974504255089741,0.11592628068630224,0.0,0.9999999987499999,0.5855407324101516,0.2805083352658512,0.2600877331668489,0.32155530449028347,sad,04,12,12,female,normal,1403
40,1.3346666666666667,True,1.0,0.5565508223238312,0.5978095971525362,0.5771802097381837,0.8256100877106478,-0.05175925925925923,-0.04814814814814811,0.32962187272626187,0.2306459813325783,0.19126323805885817,0.6990953942176982,0.04125877482870499,0.0036111111111111205,0.029913204047029577,0.38360928377537956,0.12051791678659647,0.11512258467789999,0.0,0.9999999987499999,0.585975634558511,0.28051226928267453,0.25588158715377335,0.31651645055264543,sad,04,12,12,female,normal,1403
50,1.6683333333333334,True,1.0,0.5430945115327492,0.5430783598512905,0.5430864356920199,0.8901076147727714,-0.05101851851851852,-0.04712962962962958,0.341318455453467,0.20625787794791065,0.19054863455326013,0.6101357034572276,1.6151681458742573e-05,0.0038888888888889417,0.034275159148789223,0.3450678921507538,0.11871655385938278,0.11697930419100336,0.0,0.8819574988557729,0.5870506597795369,0.28171478438297726,0.2599500689506006,0.32711466505639597,sad,04,12,12,female,normal,1403
60,2.0020000000000002,True,1.0,0.5628012241559888,0.5455436901050361,0.5541724571305124,0.7736659659708001,-0.049490740740740724,-0.04388888888888881,0.3440466634304814,0.17339472298700204,0.19068791969091642,0.7162942167620544,0.01725753405095265,0.005601851851851913,0.04468529638824496,0.38688538965441893,0.12220787290816078,0.11332702047227382,0.0,0.7565016423110517,0.5833891609456282,0.2780556438232125,0.2502546509601761,0.3029660613515238,sad,04,12,12,female,normal,1403
70,2.3356666666666666,True,1.0,0.5858258892028112,0.6028708898606968,0.5943483895317541,0.8357328592137,-0.05064814814814822,-0.045416666666666716,0.2988761304805617,0.3077324772750672,0.18938303121371416,0.7111703015853024,0.01704500065788561,0.005231481481481504,0.046524133662959107,0.3764702058764997,0.12260488002773742,0.11289739218906812,0.0,0.8140683681173054,0.5794976789153161,0.27806806816032725,0.246352632313556,0.30350160772784135,sad,04,12,12,female,normal,1403
80,2.6693333333333333,True,1.0,0.6046868650912429,0.6056649957209592,0.6051759304061011,0.7839652904919162,-0.05101851851851846,-0.044907407407407396,0.3105032394431928,0.2686923690674464,0.18874862050361782,0.7719422501809616,0.0009781306297163006,0.006111111111111067,0.05147352889040852,0.42508232052173645,0.12015811194075682,0.115498077491911,0.0,0.7616320481730201,0.5811264409513806,0.27810791720165867,0.24454088617039166,0.30033475719813807,sad,04,12,12,female,normal,1403
90,3.003,True,1.0,0.5963050456625365,0.617935485401801,0.6071202655321688,0.7178723949272953,-0.049907407407407456,-0.04467592592592595,0.3140317120658138,0.22973731917838797,0.18947123596931945,0.8457217046124984,0.021630439739264484,0.005231481481481504,0.05509076854176791,0.4557186168174742,0.12336552848166471,0.1120657135448604,0.0,0.6940552432759339,0.5805584026032289,0.27672318626107795,0.2490149622237212,0.3034968368572066,sad,04,12,12,female,normal,1403
100,3.336666666666667,True,1.0,0.5871029677149641,0.6128544326619699,0.599978700188467,0.7478845698137058,-0.04879629629629634,-0.043842592592592544,0.30782594123175233,0.23408105728525685,0.18871911091885504,0.8022343612971166,0.025751464947005864,0.004953703703703793,0.043610712174999886,0.43312239739867503,0.12214943754238279,0.11322185623902681,0.0,0.9217740559946849,0.5850054960890606,0.2814608606814016,0.2509003639551542,0.3077159889451144,sad,04,12,12,female,normal,1403
0,0.0,True,1.0,0.6125132900915253,0.6272961049357922,0.6199046975136588,0.7815965126985759,-0.05523148148148149,-0.05125000000000002,0.30788954192891854,0.2517690996488062,0.19319816707044563,0.7931262325791956,0.014782814844266912,0.003981481481481475,0.017870850987460225,0.40233585138060785,0.12323737463855353,0.11220662753182094,0.0,0.8994178017186025,0.5890993281687675,0.27604080550598015,0.2566910643175807,0.314891940299293,sad,04,12,12,female,strong,1404
10,0.33366666666666667,True,1.0,0.6191468297127547,0.6301123751949852,0.62462960245387,0.9297721828798043,-0.05444444444444446,-0.05046296296296293,0.3061085913471115,0.2893107687666321,0.19381653658425438,0.6718093033491179,0.010965545482230499,0.00398148148148153,0.015519242777579628,0.34153957072979096,0.11907414495962232,0.11661528961275265,0.0,0.847470871465572,0.6380458657681822,0.2872265532683201,0.2348154614382895,0.3326086295959729,sad,04,12,12,female,strong,1404
20,0.6673333333333333,True,1.0,0.6164078669627153,0.6189934541565512,0.6177006605596332,1.0538178697468648,-0.05972222222222229,-0.05999999999999994,0.2997200532268803,0.35708037034299345,0.1938165365842545,0.5861550447118625,0.0025855871938358366,0.00027777777777765467,0.015177732383219532,0.29736687802987977,0.11793151207081351,0.11777069342554584,0.0,0.8294801675333131,0.5965795531806473,0.28054331847797714,0.25839809955954457,0.3275849429152177,sad,04,12,12,female,strong,1404
30,1.0010000000000001,True,1.0,0.43659378571390656,0.4612689696760347,0.4489313776949706,1.00688491709635,-0.06731481481481488,-0.07148148148148142,0.32984032241247285,0.40433584025263863,0.19248957256034352,0.44586165714905807,0.024675183962128144,0.004166666666666541,0.00552074330819729,0.33352567298616703,0.11750358511218947,0.1181976533401141,0.0,0.8349517488524539,0.6602795432938801,0.29233967905070846,0.2572611410697299,0.3805209726413385,sad,04,12,12,female,strong,1404
40,1.3346666666666667,True,1.0,0.44199180840245483,0.4525756567356361,0.44728373256904547,0.8840064584667411,-0.06435185185185188,-0.06333333333333335,0.3447413801344514,0.2918024119801117,0.1939959533898597,0.5059733764217443,0.010583848333181267,0.0010185185185185297,0.015216225500995996,0.35845614411072857,0.11567145799368538,0.11999121457289166,0.0,0.869181184845078,0.655028854119773,0.29658530667700983,0.26373712621099615,0.37048718484833115,sad,04,12,12,female,strong,1404
50,1.6683333333333334,True,1.0,0.28651965432242804,0.2765298118617696,0.2815247330920988,1.556304422811179,-0.08222222222222209,-0.07893518518518522,0.3124460385666286,0.5468958829397846,0.19279254467118762,0.18089310096772448,0.009989842460658427,0.0032870370370368662,0.03898036769614554,0.2125886129833687,0.1189188702511922,0.11677362744960355,0.0,0.6943750997905852,0.5894918504354868,0.2774941828939892,0.26131121102186883,0.33049723011444654,sad,04,12,12,female,strong,1404
60,2.0020000000000002,True,1.0,0.5323312785032591,0.5335925684388103,0.5329619234710348,0.5127208832023596,-0.06018518518518512,-0.05430555555555561,0.346115997179625,0.16164251054738632,0.1947319496809974,1.0394776981625038,0.0012612899355511908,0.0058796296296295125,0.058179415529746176,0.5485371987137926,0.11861257893016804,0.11708472952982203,0.0,0.6879459005128569,0.6337911916094563,0.295507552866723,0.2533844382444713,0.3447431031164182,sad,04,12,12,female,strong,1404
70,2.3356666666666666,True,1.0,0.4621633105758629,0.507979218910984,0.48507126474342344,0.761294417282451,-0.05768518518518517,-0.05416666666666664,0.3703917150995841,0.18248106821481874,0.1963099962061537,0.637166454569514,0.04581590833512106,0.003518518518518532,0.04099115098684358,0.38950993087220076,0.1208468222878388,0.11477727698715766,0.0,0.6769868190754993,0.5874524758028211,0.2796867011627338,0.27211838632873847,0.33174678435729377,sad,04,12,12,female,strong,1404
80,2.6693333333333333,True,1.0,0.5957390096245054,0.5807404816787518,0.5882397456516286,1.0334299545917116,-0.05518518518518517,-0.05111111111111122,0.3195627192962306,0.3235127245580635,0.19408088240735,0.5692110462232836,0.014998527945753626,0.004074074074073952,0.03269638110072034,0.3161195147499312,0.11871414963128737,0.11698174407465325,0.0,0.7782011372990987,0.5876798080404038,0.2786606624341177,0.2576183541139703,0.3104711599166749,sad,04,12,12,female,strong,1404
90,3.003,True,1.0,0.5946001276315749,0.5979440668288434,0.5962720972302091,0.8235987999296576,-0.054259259259259285,-0.05175925925925923,0.3177724658956503,0.2275433351327421,0.1919355634716339,0.7239836887585751,0.0033439391972684973,0.0025000000000000577,0.02713444087558316,0.38021137752831136,0.12226254972025925,0.11326803037838001,0.0,0.693853408073545,0.5895190787955809,0.27906383396816803,0.2564553757453142,0.30890397981823614,sad,04,12,12,female,strong,1404
100,3.336666666666667,True,1.0,0.6214566928912792,0.6033140780599984,0.6123853854756388,0.8435412235363279,-0.05365740740740749,-0.05166666666666664,0.320473996049177,0.25454025178297196,0.19114832178248242,0.7259697195453849,0.01814261483128088,0.0019907407407408484,0.01660797444268919,0.37975567502830027,0.12061121202296111,0.11502483776938863,0.0,0.7687297335357663,0.5893004971676171,0.2784879985627778,0.25520281747639784,0.30913336194421365,sad,04,12,12,female,strong,1404
110,3.6703333333333332,True,1.0,0.5838332036409325,0.6078818634702772,0.5958575335556049,0.7861543536782402,-0.05296296296296299,-0.05199074074074078,0.31497803524574913,0.23210224072294622,0.19040764478510802,0.7579396218665214,0.024048659829344676,0.0009722222222222077,0.01223751214981267,0.4113060321545913,0.12007541900125245,0.11558404526966982,0.0,0.8323403276097109,0.5877737120238721,0.2792607706744469,0.2519980081369231,0.3078026214310536,sad,04,12,12,female,strong,1404
0,0.0,True,1.0,0.5719504712812554,0.5647719500847646,0.56836121068301,0.6709253788182501,-0.06050925925925921,-0.05662037037037043,0.3157777073183464,0.2837350213917984,0.18339324896887868,0.8471302899349347,0.007178521196490872,0.003888888888888775,0.00407595125924826,0.464185640617638,0.12274988020514535,0.11273972094793826,0.0,0.7130788741243923,0.5919288901732569,0.28005323307619784,0.2587449148001584,0.3457910128701212,sad,04,12,12,female,strong,1405
10,0.33366666666666667,True,1.0,0.5426425345262482,0.5496547012847747,0.5461486179055115,0.7652776247492338,-0.061759259259259236,-0.05768518518518517,0.3121260910599191,0.3477398200551627,0.18201529665858626,0.7136607686452006,0.00701216675852645,0.004074074074074063,0.00769127075507204,0.398774688979724,0.11405949045959878,0.12152452594080262,0.0,0.7968263920753024,0.6535532155752928,0.2967925898254968,0.2410423731555292,0.36368710464133946,sad,04,12,12,female,strong,1405
20,0.6673333333333333,True,1.0,0.5659674651711021,0.5715607088346264,0.5687640870028643,1.2744559368047026,-0.07106481481481491,-0.06944444444444442,0.29296457305040746,0.572505562743667,0.1868643578713441,0.4462799148857679,0.005593243663524317,0.0016203703703704941,0.009339303618695905,0.25434040791025053,0.1145616144555178,0.1210512877358341,0.0,0.8249280568038491,0.6608000625640882,0.29958622612135594,0.2513676426654214,0.3756105699334768,sad,04,12,12,female,strong,1405
30,1.0010000000000001,True,1.0,0.48001533073182634,0.48628911810933434,0.48315222442058037,0.9951842163122944,-0.06833333333333325,-0.06935185185185189,0.35765259202682087,0.3809101135531483,0.19387754118660183,0.48549024040084304,0.006273787377508,0.0010185185185186407,0.007081008026214875,0.32664290265034823,0.1153797825594855,0.12011319493678344,0.0,0.8956475649874053,0.6029625143260429,0.28376161700293445,0.2693355681078321,0.34634350834914157,sad,04,12,12,female,strong,1405
40,1.3346666666666667,True,1.0,0.22805012056202814,0.23895665305358596,0.23350338680780705,0.7591743973028182,-0.07476851851851835,-0.07125000000000004,0.38422707297050446,0.15606348138094833,0.19817708333333328,0.3075754235619561,0.010906532491557819,0.00351851851851831,0.029557781721649728,0.39838537633920523,0.11570814894082086,0.11995583369588603,0.0,0.838770980609039,0.592252692217512,0.28439029058599463,0.27030174458823714,0.33531190973043873,sad,04,12,12,female,strong,1405
50,1.6683333333333334,True,1.0,0.4159823181459287,0.4229455897000321,0.4194639539229804,1.0597359250358176,-0.0600925925925927,-0.055185185185185226,0.33967903988926146,0.25210282947590107,0.19856360993038252,0.3958193206565146,0.006963271554103423,0.004907407407407471,0.04118236352161522,0.29987949800988184,0.11627093631363544,0.11941041469705296,0.0,0.6871461885181269,0.6271155264058749,0.2933614982139114,0.2513676135691486,0.3424737833517978,sad,04,12,12,female,strong,1405
60,2.0020000000000002,True,1.0,0.2448835542786601,0.22889381199277978,0.23688868313571992,1.0069435419136752,-0.07287037037037047,-0.0678703703703703,0.3512943395516583,0.1781825616248843,0.19935341384847188,0.23525517894033854,0.01598974228588032,0.005000000000000171,0.046052751092010194,0.3267614168612951,0.11782968427649311,0.11787257218215284,0.0,0.7694748306865359,0.6272854953934699,0.2928307696759836,0.2521951068686194,0.34027786647690994,sad,04,12,12,female,strong,1405
70,2.3356666666666666,True,1.0,0.4846866266277152,0.5149068753055918,0.4997967509666535,0.7349842495555656,-0.04925925925925928,-0.043842592592592655,0.3647387126649431,0.13704940949514838,0.19562775964685905,0.6800101516037567,0.030220248677876538,0.005416666666666625,0.04692409722832413,0.44028355700656474,0.1177573191195517,0.1176213571931,0.0,0.8811510024851118,0.578994002046131,0.27615053955823726,0.24961386630217802,0.2951204263455594,sad,04,12,12,female,strong,1405
80,2.6693333333333333,True,1.0,0.5434418120398953,0.5572657116450491,0.5503537618424722,0.9285763877276896,-0.0508333333333334,-0.045509259259259305,0.341707837098572,0.1703828543493658,0.19323525485348644,0.5926855012857236,0.013823899605153844,0.005324074074074092,0.05550012026539841,0.346679343113527,0.12156417325440473,0.11401723357039581,0.0,0.7904938090206467,0.5754109765156062,0.27386922689578214,0.24799613668318837,0.28742537596425227,sad,04,12,12,female,strong,1405
90,3.003,True,1.0,0.5477087988303265,0.5792357813120721,0.5634722900711993,0.825013510157184,-0.05282407407407408,-0.04773148148148143,0.3462735580118584,0.15322300379970688,0.19573265475753085,0.6829855307022121,0.03152698248174557,0.0050925925925926485,0.04688181827263078,0.37582489921346207,0.12352257630738502,0.11189258649485742,0.0,0.7225287697447298,0.5759480645148686,0.27161400206683384,0.25189581743853784,0.2922287122169966,sad,04,12,12,female,strong,1405
100,3.336666666666667,True,1.0,0.5376680712228351,0.5332052218753423,0.5354366465490887,0.7266345013872374,-0.05208333333333337,-0.04879629629629639,0.32905088554807044,0.14333079004029964,0.19639508995518945,0.7368720388680585,0.004462849347492859,0.0032870370370369772,0.04424169278359645,0.4461190796800642,0.12059788607765012,0.11503880929223542,0.0,0.712094698306378,0.5770629853503901,0.2740807265509051,0.24221120451042646,0.28965706566995486,sad,04,12,12,female,strong,1405
110,3.6703333333333332,True,1.0,0.5376680712228349,0.5758197219087962,0.5567438965658156,0.6832096442672346,-0.05347222222222231,-0.050370370370370454,0.331545435169606,0.13299664992931437,0.1936253713874468,0.8148946684775538,0.03815165068596127,0.0031018518518518556,0.041412629452944494,0.4620504068550661,0.12189430647181507,0.11366422400931936,0.0,0.7526469651069194,0.5846115950442677,0.27752671137883433,0.2447433069626418,0.2919974263434409,sad,04,12,12,female,strong,1405
0,0.0,True,1.0,0.6651530657951661,0.6527248929644675,0.6589389793798168,0.6604589460216085,-0.05384259259259261,-0.05097222222222225,0.31398048930961425,0.21704232728345502,0.1889922613380744,0.9976986205562852,0.012428172830698636,0.0028703703703703565,0.011844559964525714,0.4797452839754217,0.12274982144393831,0.11273978492713117,0.0,0.7597899136637942,0.5867405896342912,0.2764037895614831,0.2529349016764008,0.3099373426145285,sad,04,12,12,female,strong,1406
10,0.33366666666666667,True,1.0,0.6557268431087235,0.6479871007060947,0.6518569719074091,0.7007992986032207,-0.05245370370370367,-0.0498148148148147,0.31226097785264917,0.24506177280536,0.18763178962148844,0.9301621351600099,0.007739742402628869,0.0026388888888889683,0.01455202332300436,0.441948954366878,0.11962045785823962,0.11605483114148944,0.0,0.7034973141481224,0.5854599917857768,0.2766305362025276,0.25015457346050246,0.3097978140444409,sad,04,12,12,female,strong,1406
20,0.6673333333333333,True,1.0,0.6509782485375947,0.6796977938646924,0.6653380212011435,0.6710452643271225,-0.0524074074074074,-0.05018518518518522,0.3109277425368752,0.23816293942291683,0.18767935757500243,0.9914949953015437,0.02871954532709775,0.002222222222222181,0.009261300456502945,0.4797452839754217,0.1226722933357501,0.11282413845319693,0.0,0.7175838784479611,0.585737413113683,0.27374732616568836,0.2527924262035391,0.30780296655562733,sad,04,12,12,female,strong,1406
30,1.0010000000000001,True,1.0,0.520426638654518,0.5332146088366504,0.5268206237455841,1.1120407858981327,-0.05722222222222223,-0.053518518518518465,0.2988381306221284,0.36435576370586376,0.1905698540911311,0.47374217782857736,0.012787970182132402,0.0037037037037037646,0.026099699140060682,0.30453743855001614,0.1192618371019041,0.11642333091150488,0.0,0.8887341852504177,0.6445991207889405,0.29117590157948314,0.2524563098873411,0.35702258936323655,sad,04,12,12,female,strong,1406
40,1.3346666666666667,True,1.0,0.18962590960301856,0.16644815231990392,0.17803703096146123,0.8822080328378159,-0.06462962962962954,-0.06328703703703703,0.35748972860843936,0.2519450740876944,0.1925708079176121,0.20180844464628828,0.023177757283114636,0.0013425925925925064,0.015162308879401686,0.3432243952874165,0.11770247093910897,0.11799960213477276,0.0,0.7622463759132931,0.5916002701471212,0.27597030406229656,0.26593402586485154,0.3230031831006402,sad,04,12,12,female,strong,1406
50,1.6683333333333334,True,1.0,0.18010592669154524,0.17045754244486486,0.17528173456820506,0.8334490918699213,-0.06564814814814818,-0.06319444444444439,0.44111903633297816,0.1198573806956108,0.1907139243184409,0.21030886742577645,0.00964838424668038,0.002453703703703791,0.033355082161537195,0.36895055986523984,0.12109194807623311,0.11451863551816542,0.0,0.6936420636887988,0.642450566093625,0.29500820419866636,0.2708469689664012,0.3788775408661227,sad,04,12,12,female,strong,1406
60,2.0020000000000002,True,1.0,0.44920658415197345,0.5030838825520781,0.4761452333520258,0.9504265940632636,-0.057870370370370405,-0.05472222222222217,0.334909292916379,0.24135247918522387,0.19140678638278338,0.5009805452900995,0.05387729840010469,0.003148148148148233,0.023566910755586364,0.3461970464737973,0.11819247783083825,0.11750879096411178,0.0,0.7362381779074817,0.641998586934774,0.29792179637629496,0.2534434399463518,0.34630892526119256,sad,04,12,12,female,strong,1406
70,2.3356666666666666,True,1.0,0.47743641089832506,0.5020162538586079,0.4897263323784665,0.7038036514259223,-0.051851851851851816,-0.04749999999999999,0.37299050481510254,0.17176499597569034,0.18935523216230785,0.6958280642424486,0.02457984296028287,0.004351851851851829,0.030536628652087897,0.4426506772957797,0.11647091604490667,0.11921536597677049,0.0,0.6982971594568974,0.6436970234421894,0.2983510216948342,0.2526116869594337,0.34889695100225004,sad,04,12,12,female,strong,1406
80,2.6693333333333333,True,1.0,0.5647482740830512,0.5914489318797297,0.5780986029813904,0.9979809030714674,-0.050370370370370454,-0.04611111111111116,0.32184773667997246,0.24907389554165366,0.1888100503188157,0.5792682016280943,0.026700657796678517,0.004259259259259296,0.03771866637421923,0.32155161380803743,0.12295795006894202,0.11251275609795786,0.0,0.7240290262834768,0.5867572363242173,0.27834063918510343,0.25661235788199893,0.30724684680785586,sad,04,12,12,female,strong,1406
90,3.003,True,1.0,0.5592826632631853,0.5647700331105856,0.5620263481868855,0.8323621473350847,-0.05171296296296296,-0.04754629629629642,0.32850149821159313,0.22012122623453703,0.1859791200647089,0.6752185331664656,0.005487369847400281,0.004166666666666541,0.039351007396416914,0.39106819119906827,0.12322165706898716,0.11222388782729811,0.0,0.8161397073022177,0.5823485088879301,0.27764308175508484,0.2534180911857329,0.3057503861044329,sad,04,12,12,female,strong,1406
100,3.336666666666667,True,1.0,0.5481430126921825,0.5750311858827751,0.5615870992874787,0.78827598557439,-0.051342592592592606,-0.04699074074074078,0.3266453136803487,0.20508595610242036,0.1867335852508942,0.7124244675274095,0.026888173190592668,0.004351851851851829,0.04376437944081692,0.41679511753369447,0.12141069301417252,0.11418065243939789,0.0,0.853945593790887,0.5850184870979642,0.2783553905621922,0.24738094690599427,0.30373512429662863,sad,04,12,12,female,strong,1406
110,3.6703333333333332,True,1.0,0.5527976004477575,0.5759642842102934,0.5643809423290255,0.7118386175286955,-0.0499074074074074,-0.04648148148148157,0.32097302842592873,0.16455151176000202,0.18390215858813824,0.7928495707192709,0.023166683762535945,0.0034259259259258323,0.03126563380887038,0.4545790741968062,0.12336455509530377,0.11206678507049561,0.0,0.7938467492653724,0.5875911406828357,0.2775244324266575,0.24798463416528127,0.30645693209235497,sad,04,12,12,female,strong,1406
0,0.0,True,1.0,0.6659115820714241,0.6564486915361848,0.6611801368038044,0.6015837037679668,-0.05199074074074078,-0.047222222222222276,0.3108988685096841,0.15451346430747734,0.1986422237992989,1.0990659033191235,0.009462890535239299,0.004768518518518505,0.01384823203400299,0.5168501885822061,0.12413285542563446,0.11121516071912012,0.0,0.910384365185403,0.629661869919843,0.2829389833483869,0.23131476145336052,0.3188852345962481,sad,04,12,12,female,strong,1407
10,0.33366666666666667,True,1.0,0.6446847668723963,0.6640432802228321,0.6543640235476142,0.6197379729839497,-0.050231481481481544,-0.046481481481481624,0.30763238955039424,0.18055864997659948,0.19726090268305607,1.0558720815459235,0.019358513350435813,0.00374999999999992,0.012753090798390211,0.5025251644237178,0.11978087147457163,0.11588926006369248,0.0,0.9306905818579119,0.6301309138733618,0.2837078141169237,0.22698490436255733,0.31936737096477336,sad,04,12,12,female,strong,1407
20,0.6673333333333333,True,1.0,0.5555845416593437,0.5545783349533477,0.5550814383063457,1.3078672406454583,-0.07162037037037045,-0.07162037037037033,0.292198590380807,0.5552473436635954,0.19182582273344,0.42441726580168954,0.0010062067059959379,1.1102230246251565e-16,0.018105597654343532,0.2622741247247398,0.11221410578613303,0.12323056532912707,0.0,0.8295210292357332,0.6585996211609644,0.29834113695590864,0.25625087660487184,0.3777062278244603,sad,04,12,12,female,strong,1407
30,1.0010000000000001,True,1.0,0.20902337244905073,0.20694765457312103,0.20798551351108588,0.9580628323842365,-0.08087962962962969,-0.0794907407407408,0.3544836785957779,0.2634209785057999,0.20777149084397495,0.21708963804961814,0.0020757178759296946,0.001388888888888884,0.011290922840076429,0.3280673369810157,0.11506017321359163,0.12057750332784221,0.0,0.7790919750118127,0.5987684008603441,0.2831949477673183,0.27351707438961503,0.33548623116485143,sad,04,12,12,female,strong,1407
40,1.3346666666666667,True,1.0,0.12599391379768382,0.1235506790683213,0.12477229643300256,0.7929695540445895,-0.06666666666666665,-0.06254629629629621,0.3908750049367787,0.19432693275721538,0.19336513759495064,0.15734815516761502,0.0024432347293625173,0.004120370370370441,0.02203770965024339,0.4068882196873947,0.1156785651497641,0.1199843628725744,0.0,0.9498136343202005,0.6402031628432624,0.2917759746612965,0.2619996192366089,0.35596114495758985,sad,04,12,12,female,strong,1407
50,1.6683333333333334,True,1.0,0.4421651975025428,0.4565195439131069,0.44934237070782485,0.9684966202177385,-0.06347222222222215,-0.06171296296296297,0.4003989171243317,0.32235053608046405,0.18525672265525495,0.4639586358151701,0.0143543464105641,0.0017592592592591827,0.030545032169153424,0.3246095821650329,0.11438528427924488,0.12121792156899779,0.0,0.7175899883743856,0.6498217297465861,0.29693708799357016,0.2682110242530487,0.38589807131225184,sad,04,12,12,female,strong,1407
60,2.0020000000000002,True,1.0,0.48788882599400835,0.5161939987726071,0.5020414123833077,0.8118888960867682,-0.06347222222222221,-0.061481481481481526,0.3125146397890639,0.31773541479642864,0.19174409982250779,0.6183622103998495,0.02830517277859873,0.001990740740740682,0.05621062276679708,0.37887086037362844,0.11580222023713665,0.11986502224317275,0.0,0.7071067807446058,0.6465897836322029,0.2970123539733076,0.25522627649478846,0.3553905011158532,sad,04,12,12,female,strong,1407
70,2.3356666666666666,True,1.0,0.1943222065801392,0.1927959977127294,0.1935591021464343,0.7101601087494506,-0.06638888888888889,-0.06458333333333333,0.39145176181867275,0.19097135526615722,0.19520259253288277,0.27255699068662176,0.0015262088674098118,0.0018055555555555602,0.051219926165617845,0.43727276326919046,0.11443562029942798,0.12117040305124992,0.0,0.9999999987499999,0.6440340653214411,0.2999853603473215,0.2628189467083469,0.36118011162774166,sad,04,12,12,female,strong,1407
80,2.6693333333333333,True,1.0,0.5976185831509903,0.6194073261554209,0.6085129546532055,1.4420358632473036,-0.057222222222222174,-0.051712962962963016,0.29123594653700857,0.47917332395060047,0.1913589046067608,0.421981845363334,0.021788743004430677,0.005509259259259158,0.05668647769412974,0.23183820053043944,0.11925350779295055,0.11643186268662921,0.0,0.8177413510613744,0.5780822607246023,0.2793169385053019,0.2557777437564893,0.31356096967362634,sad,04,12,12,female,strong,1407
90,3.003,True,1.0,0.5528809388604515,0.5820683337158928,0.5674746362881722,0.9597688792326627,-0.056481481481481466,-0.05064814814814811,0.31580858593260047,0.28989961127201336,0.19066839783778478,0.5912617595413902,0.029187394855441307,0.005833333333333357,0.06177995818784336,0.3371190530112491,0.1236329391718093,0.11177063174974436,0.0,0.6986613507513725,0.581043448707608,0.27789330504695453,0.26094281615263243,0.3116137158642852,sad,04,12,12,female,strong,1407
100,3.336666666666667,True,1.0,0.598385861853746,0.5937176939548553,0.5960517779043006,0.9481651955754289,-0.05555555555555558,-0.05032407407407413,0.3122504269584743,0.288716390039647,0.19112432784083738,0.6286370567974336,0.004668167898890685,0.005231481481481448,0.052112444584773876,0.3447594653871475,0.121028704767505,0.11458547199370539,0.0,0.7642295465299885,0.580985986894758,0.27793763364246443,0.2553221675601138,0.31129806205560856,sad,04,12,12,female,strong,1407
110,3.6703333333333332,True,1.0,0.5445303561449625,0.5612770409086589,0.5529036985268108,0.8543180695562911,-0.05629629629629623,-0.05189814814814814,0.3233656851098462,0.2467548983767869,0.18963424626223144,0.6471871756311716,0.01674668476369645,0.0043981481481480955,0.04583012194340224,0.3721267600736884,0.11962128604430372,0.11605397750430817,0.0,0.8405676089973734,0.5815814225846588,0.27775242253006727,0.25130249757073975,0.3091463380743789,sad,04,12,12,female,strong,1407
0,0.0,True,1.0,0.5741135515853015,0.5792515274754853,0.5766825395303934,0.6414953312663946,-0.05240740740740729,-0.04837962962962966,0.31015405695608306,0.18707996943605174,0.1828059049670385,0.8989660741442149,0.005137975890183721,0.00402777777777763,0.0060907417000279455,0.4914311996399947,0.12038826542308133,0.11525815944200753,0.0,0.6918836861873823,0.5996380397002551,0.2778014864178861,0.24832985228456222,0.3219823430159456,angry,05,12,12,female,normal,1408
10,0.33366666666666667,True,1.0,0.5808794742741401,0.5740951614244348,0.5774873178492874,0.646606356243296,-0.05212962962962964,-0.04935185185185187,0.3072365493843503,0.197477763248283,0.18346811599750404,0.8931049196676912,0.006784312849705265,0.002777777777777768,0.0010028670770819833,0.4912513748368872,0.11953405247460527,0.11614382492647571,0.0,0.8002422060582949,0.6471846660304746,0.29517303468643596,0.2383357776310594,0.34657413424439126,angry,05,12,12,female,normal,1408
20,0.6673333333333333,True,1.0,0.5792864538575375,0.5777447016327809,0.5785155777451592,0.6595388348828801,-0.05291666666666661,-0.04870370370370375,0.30919506157527776,0.187079969436052,0.1841620521996583,0.8771516507407651,0.0015417522247566096,0.004212962962962863,0.005781019295434191,0.4741544050771265,0.12041279301018266,0.11523253468107156,0.0,0.694377342487981,0.5944614084930847,0.2760824601244586,0.24674510488797366,0.32108453873185777,angry,05,12,12,female,normal,1408
30,1.0010000000000001,True,1.0,0.6118797741826507,0.5882629338078805,0.6000713539952656,0.9105154190561432,-0.04986111111111119,-0.04546296296296298,0.3351469855538835,0.2682227454157195,0.1785957222481236,0.6590457903692728,0.023616840374770187,0.0043981481481482065,0.0012697338276298727,0.35194471094578994,0.11856463759696183,0.11713327657324801,0.0,0.8117252869083512,0.6508821283278937,0.2906879171983695,0.24354577692096555,0.3530905812753953,angry,05,12,12,female,normal,1408
40,1.3346666666666667,True,1.0,0.6853880983963424,0.6640755531248289,0.6747318257605857,1.0217682877205845,-0.052314814814814814,-0.05148148148148152,0.32242659419905384,0.4103823450681033,0.17500174385291856,0.6603569849146655,0.021312545271513494,0.0008333333333332971,0.01326492066706664,0.30474453298068793,0.12024206800295854,0.11508003717764714,0.0,0.7609782538906571,0.5924814060624249,0.27942354166067346,0.2662894180296045,0.3470039421840967,angry,05,12,12,female,normal,1408
50,1.6683333333333334,True,1.0,0.6826592401802718,0.6564174126708332,0.6695383264255526,1.4772767763529098,-0.04893518518518519,-0.04842592592592593,0.2908951533535779,0.5609911808935099,0.17781253580877124,0.4532247017911592,0.026241827509438598,0.0005092592592592649,0.016817565334417323,0.22217494425887319,0.11909860878789415,0.11659030471791756,0.0,0.7742839098059748,0.5966418852306548,0.2775474279410847,0.2723079146266743,0.34509776931370534,angry,05,12,12,female,normal,1408
60,2.0020000000000002,True,1.0,0.6937542372704635,0.6483873645941214,0.6710708009322924,0.8473520249221191,-0.044907407407407396,-0.04648148148148146,0.32499555535120683,0.16614745586708274,0.18751993709107473,0.7919622319825944,0.045366872676342096,0.001574074074074061,0.011551353789383103,0.35348541916313614,0.11913464694568887,0.11655347985469233,0.0,0.93580221693777,0.5926347266875501,0.2771253049061602,0.2533705337939063,0.31307546262077085,angry,05,12,12,female,normal,1408
70,2.3356666666666666,True,1.0,0.6723739283797033,0.6743184881014139,0.6733462082405586,0.5482905777111173,-0.043472222222222245,-0.043564814814814834,0.32667864270639674,0.09136849047166765,0.1875687536705291,1.228082764164024,0.0019445597217105925,9.259259259258856e-05,0.012902661002017854,0.4781643009881995,0.12252803217702318,0.11298079084617232,0.0,0.7912799944412845,0.5894350771714936,0.27351053666629294,0.253361023186234,0.3149532109498393,angry,05,12,12,female,normal,1408
80,2.6693333333333333,True,1.0,0.6246213467982827,0.5977378561521602,0.6111796014752215,0.8067564722639383,-0.042083333333333306,-0.04277777777777764,0.36051074098179176,0.13439380608153573,0.18896803849392496,0.7575763225798678,0.0268834906461225,0.000694444444444331,0.007692398061503246,0.35592422921743644,0.11997161749280101,0.11569178348270039,0.0,0.8229719386337373,0.5869752384000476,0.2752540247870793,0.26178955848014474,0.32485588241111774,angry,05,12,12,female,normal,1408
90,3.003,True,1.0,0.7096312387053185,0.7054227391727644,0.7075269889390414,0.8792360553880992,-0.04430555555555549,-0.043749999999999956,0.2822282921380376,0.3153545736414995,0.18896803849392496,0.804706522899286,0.004208499532554089,0.0005555555555555314,0.012696005507678942,0.36682040171803587,0.12021499755056597,0.11543886751483765,0.0,0.8962498598133483,0.5858334415953883,0.2768469578561927,0.2512023452999282,0.3134793323772572,angry,05,12,12,female,normal,1408
100,3.336666666666667,True,1.0,0.737078060651921,0.7293796781681672,0.7332288694100442,0.7822861400653036,-0.0436111111111111,-0.04416666666666663,0.30443121310930915,0.17777777777777715,0.18897974658960054,0.9372898634620265,0.007698382483753874,0.0005555555555555314,0.011404089701790878,0.3834913909825331,0.12193107536445966,0.11362477999992344,0.0,0.8172243131877431,0.5883079019732893,0.27550915755094413,0.2522735859264407,0.31116058925490353,angry,05,12,12,female,normal,1408
110,3.6703333333333332,True,1.0,0.6944756828412462,0.666380994377806,0.680428338609526,0.781728248831907,-0.04351851851851851,-0.04518518518518516,0.30327685477924043,0.17766551109816,0.18977800930782332,0.8704154412051147,0.02809468846344021,0.0016666666666666496,0.015184588290170617,0.39630681818181834,0.1216446265457213,0.11393139427794502,0.0,0.8341792831918964,0.5849746701258628,0.27651761577518535,0.2490124185636512,0.3120090069523283,angry,05,12,12,female,normal,1408
120,4.0040000000000004,True,1.0,0.7217671476570038,0.6957710240025616,0.7087690858297827,0.7896788944673109,-0.043842592592592655,-0.04425925925925922,0.3002479347237372,0.17945781195189153,0.18976072179864673,0.8975408748994019,0.02599612365444215,0.00041666666666656527,0.014537876721246479,0.3962744373486177,0.12000443474115943,0.11565774254993208,0.0,0.877713925763341,0.5853756924566701,0.2776958446500447,0.2484061885679627,0.31240524401425523,angry,05,12,12,female,normal,1408
0,0.0,True,1.0,0.6186963345560164,0.5886779023335718,0.6036871184447941,0.6455731323668275,-0.04972222222222228,-0.04648148148148157,0.3131612266652274,0.15686823644986217,0.1912021973866771,0.9351180961195378,0.030018432222444602,0.0032407407407407107,0.0027702606225022425,0.47771105442854916,0.12395288478598376,0.11141570860216163,0.0,0.701804631702802,0.5988151992750226,0.28122067517256144,0.2382682602576168,0.30243275924635493,angry,05,12,12,female,normal,1409
10,0.33366666666666667,True,1.0,0.6187416203111545,0.6311062505565238,0.6249239354338392,0.6407989831286004,-0.04935185185185187,-0.047407407407407454,0.3134576493484926,0.14705770932335369,0.19185922873339611,0.9752261659073587,0.012364630245369268,0.0019444444444444153,0.005181138001627257,0.4926848113876142,0.1206439592981845,0.11499049027786176,0.0,0.8790917044927016,0.5981120232233518,0.2812874359988591,0.23445475913024474,0.30137486683427944,angry,05,12,12,female,normal,1409
20,0.6673333333333333,True,1.0,0.6289640787100164,0.6398574528390661,0.6344107657745413,0.6694843590804643,-0.04685185185185187,-0.04467592592592584,0.30946276414023194,0.1408053056438764,0.19178167016558628,0.9476110340290897,0.010893374129049782,0.0021759259259260255,0.0004838704876335274,0.46516478723903365,0.12379457880599821,0.11159157686939346,0.0,0.7681897410693088,0.5970795295305623,0.27899292936892456,0.2396108262617357,0.30145810797503636,angry,05,12,12,female,normal,1409
30,1.0010000000000001,True,1.0,0.6178903415824974,0.6126898854589787,0.615290113520738,0.9671260780276193,-0.04472222222222211,-0.0435185185185184,0.3694572110568688,0.22711984559352272,0.18964127434192113,0.6362046557317282,0.005200456123518715,0.0012037037037037068,0.002462422180189897,0.32420608960578956,0.12032537087176268,0.11532381754855117,0.0,0.8073153748917786,0.5997925284254326,0.27907850364547726,0.26505861415583076,0.34704338537729795,angry,05,12,12,female,normal,1409
40,1.3346666666666667,True,1.0,0.681437716637244,0.6677087385742865,0.6745732276057652,0.8352670784530257,-0.04907407407407405,-0.04916666666666669,0.30392609322964675,0.24873171553742562,0.18683169220295504,0.8076138100104735,0.013728978062957475,9.259259259264407e-05,0.009334575491483465,0.37090440048373136,0.1183899686296369,0.11665837863962511,0.0,0.7686469703525411,0.5944082508706608,0.2753852319451078,0.25105874129557204,0.31341521097833713,angry,05,12,12,female,normal,1409
50,1.6683333333333334,True,1.0,0.6942405622438848,0.668594192717152,0.6814173774805183,1.3578637395125657,-0.04657407407407399,-0.04712962962962958,0.28649304124032365,0.43374879113920106,0.1840281923557306,0.5018304544498167,0.025646369526732715,0.0005555555555555869,0.006622251009483896,0.24999237095469726,0.12166510559579428,0.11390952484388213,0.0,0.7606324183614925,0.6458018428621449,0.2914127365427471,0.2527744832727926,0.3539695274073501,angry,05,12,12,female,normal,1409
60,2.0020000000000002,True,1.0,0.6564174126708344,0.6490890631719681,0.6527532379214013,0.7340781116152704,-0.04490740740740745,-0.04527777777777786,0.3184607411174986,0.14510846392394963,0.18750162759710254,0.8892149589981354,0.007328349498866293,0.00037037037037040976,0.0027866395978767547,0.4081818743360697,0.12127352674803281,0.11432632889904845,0.0,0.745590891136238,0.5882853659198054,0.27622489282740675,0.250053684804189,0.31586238657949145,angry,05,12,12,female,normal,1409
70,2.3356666666666666,True,1.0,0.6151379508846878,0.6178903415824981,0.616514146233593,0.7757575757575761,-0.045879629629629715,-0.04611111111111116,0.3372428371585943,0.16161616161616243,0.187579735650103,0.7947252666292407,0.002752390697810303,0.00023148148148144365,0.007349423777993244,0.37500000000000044,0.11880428906680875,0.11689019919741264,0.0,0.8930253911247488,0.5918885254726891,0.2772500781083297,0.2504996633573268,0.316890511990299,angry,05,12,12,female,normal,1409
80,2.6693333333333333,True,1.0,0.6817712797560553,0.6483873645941214,0.6650793221750884,0.8151840191051238,-0.046018518518518514,-0.04537037037037023,0.3007722467588286,0.24453610209476676,0.19040764478510802,0.8158640338719908,0.03338391516193395,0.0006481481481482865,0.006315787537375234,0.38746973010970764,0.12188263793520149,0.1136767361407103,0.0,0.7310109659115561,0.5861522556991546,0.27690539215024834,0.24856962501949822,0.31302981866847984,angry,05,12,12,female,normal,1409
90,3.003,True,1.0,0.6676350341152253,0.6835178603766061,0.6755764472459157,0.8177097086805711,-0.04430555555555549,-0.04476851851851854,0.3042832997313341,0.16886220659887224,0.19043809459322833,0.8261812720017757,0.015882826261380822,0.00046296296296305384,0.012208601912483389,0.3790477484419706,0.12174351625674339,0.1138257177397268,0.0,0.764101638572965,0.5880544899991246,0.2768959251260141,0.24965753659461343,0.3106318548035755,angry,05,12,12,female,normal,1409
100,3.336666666666667,True,1.0,0.6674180492425874,0.668427776937451,0.6679229130900193,0.7216283029074405,-0.044861111111111185,-0.04527777777777775,0.30940422102829873,0.14959178987991195,0.18979609920100676,0.9255774896840351,0.001009727694863627,0.00041666666666656527,0.008344031029647772,0.411546635990215,0.12044664472636749,0.11519715076110085,0.0,0.7203247404630263,0.5835683205235219,0.27697322138409103,0.24558774655015847,0.3087348243457852,angry,05,12,12,female,normal,1409
110,3.6703333333333332,True,1.0,0.6906426025325327,0.6889149490801367,0.6897787758063347,0.7639616977220909,-0.04439814814814813,-0.04407407407407404,0.3061738780688461,0.15989895998834402,0.1897285547994645,0.9028970665192407,0.0017276534523960052,0.0003240740740740877,0.014587621864144142,0.4055232558139536,0.12291746806958571,0.11255698029471671,0.0,0.8070783595419894,0.5865091781243748,0.2759689622785935,0.24877324911479118,0.30681880984032883,angry,05,12,12,female,normal,1409
0,0.0,True,1.0,0.2575401759845168,0.255072163746423,0.2563061698654699,0.6402077069725995,-0.07050925925925922,-0.0662962962962963,0.3103613263905633,0.1599738335807821,0.1945578060004257,0.40034846046681477,0.0024680122380937863,0.004212962962962918,0.013071677512009088,0.4873126845407399,0.1203363909361175,0.11531231844765057,0.0,0.8633740215396609,0.599564797098527,0.2801799512964604,0.24608762608927973,0.3188624107954308,angry,05,12,12,female,normal,1410
10,0.33366666666666667,True,1.0,0.6511835940011907,0.6440823148890196,0.6476329544451052,0.6841505376979098,-0.05564814814814811,-0.051342592592592606,0.30574513607055187,0.20695488228632192,0.18829819813198714,0.9466234677302422,0.007101279112171177,0.004305555555555507,0.011612468236723952,0.450844370366572,0.12126219036757543,0.11433835295653379,0.0,0.7001036095594806,0.5991725543029712,0.280243989232518,0.2500415538015042,0.3241151199695894,angry,05,12,12,female,normal,1410
20,0.6673333333333333,True,1.0,0.6436286628553112,0.6130038382283389,0.628316250541825,0.651901492679617,-0.05754629629629637,-0.05416666666666664,0.3131093930235869,0.21120795846581597,0.18832574809705546,0.9638208496181753,0.030624824626972247,0.0033796296296297323,0.01641927603334712,0.4926848113876142,0.11930146374357742,0.11638272431024198,0.0,0.8494266557221399,0.6006678086703432,0.28220248216430455,0.2531154114599354,0.3290472256789978,angry,05,12,12,female,normal,1410
30,1.0010000000000001,True,1.0,0.5320992629827752,0.52291348754111,0.5275063752619427,1.2362219243099213,-0.05462962962962964,-0.04958333333333326,0.28365370902702974,0.38618513120167103,0.18969959983660586,0.4267084775708092,0.009185775441665212,0.005046296296296382,0.014000550760668676,0.23722223998734784,0.11743111109780874,0.11826965762797989,0.0,0.9036805991823638,0.648149622989821,0.2937453702547903,0.2503438974714173,0.3564797159816672,angry,05,12,12,female,normal,1410
40,1.3346666666666667,True,1.0,0.5128225057174584,0.5388938004408117,0.5258581530791351,0.8970273955750907,-0.053240740740740755,-0.0507407407407407,0.32407930627329296,0.23661770875765992,0.19668300026825294,0.5862230692987962,0.026071294723353344,0.0025000000000000577,0.026289387595430386,0.3474185158725508,0.11982918399600366,0.11583930435011866,0.0,0.8088567531817168,0.6465077316004528,0.2944353103625663,0.25330643602586617,0.3518987534601266,angry,05,12,12,female,normal,1410
50,1.6683333333333334,True,1.0,0.5476151764280976,0.5646283181346007,0.5561217472813491,0.9975548884902612,-0.052870370370370456,-0.046342592592592546,0.3471125691297087,0.21029181808239586,0.19455780600042574,0.5574848599288663,0.017013141706503032,0.00652777777777791,0.029418361134872527,0.30782358690244827,0.11974985641070998,0.11592130804568788,0.0,0.7974550561453421,0.6488020603475766,0.2948568755404284,0.2560791123036504,0.3656518044742405,angry,05,12,12,female,normal,1410
60,2.0020000000000002,True,1.0,0.6087707551315176,0.6180607663527955,0.6134157607421565,1.0435718346933363,-0.05287037037037029,-0.04689814814814808,0.33333333333333365,0.2523893607651854,0.19457153042485725,0.587804059432492,0.009290011221277927,0.005972222222222212,0.025675856322191215,0.30004076469859375,0.11729487734578514,0.11840476982591519,0.0,0.8418877594064545,0.6498956057032188,0.2955121531044651,0.2505752279499584,0.3501040947223861,angry,05,12,12,female,normal,1410
70,2.3356666666666666,True,1.0,0.5870360501722415,0.5915726140793304,0.5893043321257859,0.9621100006478385,-0.052222222222222114,-0.04722222222222211,0.3203567316265094,0.26959379595990685,0.19807080072715016,0.6125124276111638,0.0045365639070888975,0.0050000000000000044,0.03268345705043341,0.317177304521516,0.12204644952937692,0.11350084549060793,0.0,0.8309999358307177,0.5921736112726341,0.2778445645914034,0.2629583025058736,0.32301855091363957,angry,05,12,12,female,normal,1410
80,2.6693333333333333,True,1.0,0.6225574960210448,0.6425930592664274,0.6325752776437361,0.8078431072827137,-0.052083333333333315,-0.048055555555555685,0.3238531525037822,0.167886157220518,0.19408088240735,0.7830422416692842,0.02003556324538258,0.00402777777777763,0.03629855345200151,0.3769898338390089,0.12106179670554441,0.11455050915665572,0.0,0.8438378200364777,0.5909411322419593,0.2771186569626136,0.2528308743568015,0.3100897963317804,angry,05,12,12,female,normal,1410
90,3.003,True,1.0,0.6128604565926569,0.6120055151168212,0.612432985854739,0.661165627317704,-0.05124999999999996,-0.048240740740740806,0.3281114181852378,0.09893059670660538,0.19542370001884557,0.9262928388145806,0.0008549414758356466,0.003009259259259156,0.03710224219238644,0.4389203550125423,0.12011093117130464,0.11554714181853891,0.0,0.8422336782522629,0.5886310548907063,0.2787084160282552,0.24655996531621555,0.31110845059772485,angry,05,12,12,female,normal,1410
100,3.336666666666667,True,1.0,0.6166112096424499,0.6368353912539972,0.6267233004482236,0.6853076264294574,-0.05101851851851852,-0.0465740740740741,0.3155611148056547,0.10254297805120949,0.19465189690688672,0.9145138274814394,0.020224181611547376,0.0044444444444444176,0.03328857830359788,0.43249711025577137,0.1230804272120882,0.1123787622602648,0.0,0.8987349269431003,0.5908939968878176,0.27872871029224255,0.25003525061355025,0.3105752669997579,angry,05,12,12,female,normal,1410
110,3.6703333333333332,True,1.0,0.6285542502796022,0.6682282747945816,0.6483912625370919,0.6797026880955226,-0.0499074074074074,-0.04638888888888898,0.32055275930227706,0.10159441210824786,0.19397668191048117,0.9539336446554846,0.03967402451497937,0.003518518518518421,0.025816426257875693,0.45189897663496637,0.12095158939066614,0.11466686876830119,0.0,0.9647896306085774,0.5886278508825407,0.27710659504066926,0.24805343460706566,0.3096641114060001,angry,05,12,12,female,normal,1410
0,0.0,True,1.0,0.6031853811879955,0.6507936507936508,0.6269895159908232,0.6116453188021646,-0.05708333333333343,-0.05319444444444438,0.3232144683978857,0.21196325956509976,0.1836144344140014,1.025086756518808,0.04760826960565534,0.0038888888888890527,0.018065999499495312,0.4905340446296989,0.1217049503237986,0.11386695234476814,0.0,0.7181752652389795,0.5969323012329932,0.27982041973470945,0.2523335655797171,0.32970654101102276,angry,05,12,12,female,normal,1411
10,0.33366666666666667,True,1.0,0.6128671919482677,0.6031357645239048,0.6080014782360863,0.6135003977587707,-0.05625000000000008,-0.05319444444444449,0.3216575381977781,0.20410188462780718,0.1835167631876629,0.9910368118052196,0.009731427424362837,0.003055555555555589,0.015608667568411172,0.49053404462969663,0.12127811536956751,0.11432146124835264,0.0,0.7528422536878382,0.5962281786933523,0.27972446988464467,0.2519676691666505,0.33257189080789296,angry,05,12,12,female,normal,1411
20,0.6673333333333333,True,1.0,0.5978739823611392,0.6188753179344301,0.6083746501477847,0.6351723969947741,-0.0557407407407407,-0.051296296296296284,0.3201861594917236,0.21396800026888008,0.18435252073155162,0.9578102780067599,0.02100133557329087,0.0044444444444444176,0.01674636031589,0.4821334295734859,0.11879595615143604,0.11689866796176855,0.0,0.9999999987499999,0.5958539134481918,0.28052063887148154,0.24921340685583482,0.33156653531193114,angry,05,12,12,female,normal,1411
30,1.0010000000000001,True,1.0,0.6254294109004197,0.6033001363905411,0.6143647736454805,1.1197878654529454,-0.0539351851851852,-0.04888888888888887,0.2939854403811016,0.3940766221504138,0.18589172084668074,0.5486438928296251,0.02212927450987856,0.0050462962962963265,0.03264353586163866,0.3055970935500822,0.11709506106335381,0.11860237958769673,0.0,0.7804833343954657,0.6505716943808774,0.2915141599990298,0.24368029515002046,0.3571826517626873,angry,05,12,12,female,normal,1411
40,1.3346666666666667,True,1.0,0.5606281867738714,0.582103081648616,0.5713656342112436,0.9454793574156963,-0.051342592592592606,-0.04453703703703693,0.32668321207723694,0.30632959866350273,0.19019444381847325,0.6043131769401845,0.021474894874744632,0.006805555555555676,0.03360099419737656,0.3461970464737973,0.11932644896924736,0.11635710698442132,0.0,0.7844513085965125,0.6457679895473813,0.29553103694647126,0.2460038492737398,0.35430605061502485,angry,05,12,12,female,normal,1411
50,1.6683333333333334,True,1.0,0.5813438941985338,0.6350527723266889,0.6081983332626113,0.6723347626111688,-0.051805555555555494,-0.04657407407407399,0.36670116526854335,0.08023801670360013,0.18802660425123355,0.9046064060417333,0.05370887812815506,0.005231481481481504,0.03810698056368015,0.40010261300126576,0.11746292741118174,0.11823805839589649,0.0,0.8954856052973696,0.6448844386504603,0.2960506509490018,0.24148549411382825,0.35252174595707586,angry,05,12,12,female,normal,1411
60,2.0020000000000002,True,1.0,0.6071621829796758,0.6236082590877624,0.6153852210337192,0.5150191998200125,-0.04962962962962958,-0.0468055555555556,0.3265775768970748,0.10754618823405371,0.19146098774034745,1.1948782127904791,0.01644607610808657,0.002824074074073979,0.038529198000367956,0.5654248049261363,0.11999528151758505,0.11566723902183444,0.0,0.9612773363863544,0.5933790781937776,0.278232474558611,0.24766700939521336,0.31898374078363484,angry,05,12,12,female,normal,1411
70,2.3356666666666666,True,1.0,0.6275769554999862,0.6234785029771825,0.6255277292385844,0.7956593256422347,-0.05037037037037029,-0.04504629629629625,0.32580891388506916,0.19015723876294222,0.1921536657915397,0.7861753253927807,0.004098452522803608,0.005324074074074037,0.037959512527115304,0.38320160840759726,0.12177634135299235,0.11379059915649696,0.0,0.7566330884329816,0.5883786806597638,0.2792203206176731,0.2545677623759223,0.3188786097406727,angry,05,12,12,female,normal,1411
80,2.6693333333333333,True,1.0,0.6643647194860826,0.7015205131350254,0.682942616310554,0.7788405540996967,-0.04944444444444451,-0.04555555555555568,0.31307617228333723,0.20710913681636345,0.1921536657915397,0.8768708983060131,0.037155793648942836,0.0038888888888888307,0.03962803844969828,0.3900192712643614,0.11934916902413698,0.11633380257966792,0.0,0.9617975315928761,0.588023598603504,0.2791375602293872,0.24661496618016085,0.3119246172475468,angry,05,12,12,female,normal,1411
90,3.003,True,1.0,0.608455995428058,0.6693817325000734,0.6389188639640657,0.667563793111462,-0.04865740740740743,-0.04467592592592601,0.3256237145672716,0.09978002484577589,0.19353905987391748,0.957090349352405,0.06092573707201543,0.003981481481481419,0.03577356934534229,0.4250293668302395,0.12045922056793697,0.11518400040574654,0.0,0.8556183470141884,0.5918442003832783,0.2798282644715761,0.24594963155325542,0.31192085477413295,angry,05,12,12,female,normal,1411
100,3.336666666666667,True,1.0,0.6174284652198734,0.6812933676658994,0.6493609164428864,0.639712386929724,-0.049120370370370314,-0.044212962962962954,0.32546387712064234,0.1175203100543639,0.19356704636149774,1.0150826054181477,0.06386490244602605,0.00490740740740736,0.035788037126205985,0.4760711923121739,0.12085305850574903,0.11477071063265806,0.0,0.930797110127136,0.5823430844056372,0.2766894053793102,0.24136385174949024,0.3046085479922943,angry,05,12,12,female,normal,1411
110,3.6703333333333332,True,1.0,0.616449638497629,0.6677660429415119,0.6421078407195704,0.6856679785026027,-0.048379629629629606,-0.04379629629629622,0.3160673608461406,0.11969638069800342,0.19492450369649345,0.9364705088340843,0.05131640444388286,0.004583333333333384,0.03557441384541052,0.43249711025577137,0.12040623881170329,0.11523938313199297,0.0,0.725957770208039,0.5932630099617971,0.2798418616323906,0.24581373515910118,0.3112268227020143,angry,05,12,12,female,normal,1411
120,4.0040000000000004,True,1.0,0.6199569586441245,0.6659416911341043,0.6429493248891144,0.6492513629552558,-0.04773148148148143,-0.04379629629629622,0.3214070471539985,0.11062070962627109,0.19359581698252118,0.9902933772253387,0.04598473248997981,0.003935185185185208,0.034129702519414544,0.475501605464812,0.11959712800822285,0.11607887293241607,0.0,0.9421748868573917,0.5838691329656862,0.2750490053356692,0.2380368830404899,0.3019342505301063,angry,05,12,12,female,normal,1411
0,0.0,True,1.0,0.6304647138069731,0.6097735166722172,0.6201191152395952,0.6062351505207659,-0.047685185185185164,-0.04550925925925936,0.3128223544452114,0.12975680234413559,0.193838579171925,1.022901946063178,0.020691197134755868,0.0021759259259258035,0.003717189282599617,0.5168501885822061,0.12213148164271476,0.11340934247889098,0.0,0.9301348168354215,0.6327298204750651,0.28511949716123547,0.2266778310413107,0.3208791713318159,angry,05,12,12,female,strong,1412
10,0.33366666666666667,True,1.0,0.6200951452260726,0.6300175639559004,0.6250563545909864,0.6103793661312463,-0.04768518518518522,-0.04467592592592595,0.32077072043343946,0.11855470013301363,0.193838579171925,1.024045682528174,0.009922418729827798,0.003009259259259267,0.002313297521107339,0.5180404320463292,0.12168026667698331,0.11389332935268161,0.0,0.7723661462595716,0.5788950950301995,0.2734898380440707,0.2390927377067128,0.29571132184006477,angry,05,12,12,female,strong,1412
20,0.6673333333333333,True,1.0,0.6342954840982025,0.6342409587099956,0.6342682214040991,0.5991165641997547,-0.046342592592592546,-0.04416666666666669,0.31815018526893235,0.11968428350974726,0.1945715304248572,1.0586724842957678,5.452538820682751e-05,0.002175925925925859,0.007408913500564622,0.5207746958731888,0.1208839019662494,0.114738223861646,0.0,0.8595850221526001,0.5814033737870149,0.2729829771047341,0.2379464020212507,0.29769552577638486,angry,05,12,12,female,strong,1412
30,1.0010000000000001,True,1.0,0.5775118246286817,0.5783550723844197,0.5779334485065507,1.059466985494659,-0.04435185185185181,-0.040416666666666656,0.37611586296683114,0.2147010037077706,0.18964127434192107,0.5454945330238081,0.0008432477557380746,0.003935185185185153,0.014621605264936437,0.28909212637432524,0.11836576875272585,0.11733423437682126,0.0,0.8598828674886683,0.6338043551326781,0.2873818516413226,0.24524105612346658,0.3576015314611007,angry,05,12,12,female,strong,1412
40,1.3346666666666667,True,1.0,0.7622816932549996,0.7360696602684247,0.7491756767617122,1.4036105993710994,-0.050416666666666665,-0.048981481481481515,0.3159082893936538,0.4988278273439581,0.1827595733059106,0.5337489451115481,0.02621203298657493,0.0014351851851851505,0.010028298289878399,0.2239483030489278,0.11909524243096194,0.11659374339913285,0.0,0.8685673045689377,0.5995422059995873,0.2769674249914606,0.28051995470562596,0.3562169977443649,angry,05,12,12,female,strong,1412
50,1.6683333333333334,True,1.0,0.7758622724715457,0.7432616003540883,0.759561936412817,1.6875338802112734,-0.0589351851851852,-0.053379629629629666,0.30143619692663215,0.7294567475326258,0.17509806473913594,0.4501017403678571,0.03260067211745743,0.005555555555555536,0.01887614243475213,0.18777623580217237,0.11562237712730956,0.11987968855842716,0.0,0.8982890674968663,0.5990885667391956,0.2771153682111617,0.2749065008211752,0.36317117139504934,angry,05,12,12,female,strong,1412
60,2.0020000000000002,True,1.0,0.7999732127630014,0.7852009992613941,0.7925871060121977,1.4645636392146764,-0.05375000000000002,-0.047962962962962985,0.2990537654058895,0.5204301268871143,0.1828409589605961,0.5411762826757028,0.01477221350160729,0.005787037037037035,0.03207055082871017,0.20469390541280721,0.11883717671529657,0.11669361273058267,0.0,0.7694741684939085,0.5912450996023411,0.28178423043505274,0.27138859112422103,0.3452245545891323,angry,05,12,12,female,strong,1412
70,2.3356666666666666,True,1.0,0.7793936553441887,0.7849308431970118,0.7821622492706002,1.5096097035729166,-0.052731481481481435,-0.047685185185185164,0.2609799208222848,0.6526345250993401,0.18359324209445102,0.5181221658945309,0.005537187852823089,0.005046296296296271,0.029692251471474602,0.2091478029204619,0.12194771073033366,0.1136069259224973,0.0,0.8484932113054137,0.5960051646439827,0.2802972991825614,0.2679947795612247,0.3415578425477288,angry,05,12,12,female,strong,1412
80,2.6693333333333333,True,1.0,0.7485842661270573,0.7527713671043919,0.7506778166157246,0.9927990165221766,-0.04819444444444454,-0.044351851851851865,0.2966035574543829,0.3244920571301983,0.1856946140625524,0.7561226432771717,0.004187100977334546,0.003842592592592675,0.02512007456502648,0.3348186845656559,0.11909426564927064,0.11659474112799831,0.0,0.8511984368210906,0.5879823809680123,0.27651276136227454,0.2482912506600047,0.31933963848854074,angry,05,12,12,female,strong,1412
90,3.003,True,1.0,0.7138304785675401,0.735722305925687,0.7247763922466135,0.9022789977186272,-0.04814814814814816,-0.04555555555555557,0.2968285312689245,0.3064647206229651,0.1863094152695318,0.8032730386933297,0.021891827358146876,0.002592592592592591,0.02476788676620139,0.36459678426917586,0.12094318426665653,0.11467573391532633,0.0,0.7965125109207487,0.5876054544942978,0.27792192365784985,0.24947226854361332,0.31618076228018843,angry,05,12,12,female,strong,1412
100,3.336666666666667,True,1.0,0.7380114703301086,0.7483682467314696,0.7431898585307891,0.8440612127722548,-0.04949074074074056,-0.04509259259259263,0.31010791388504944,0.28964925202890063,0.1863278419162122,0.8804928449322279,0.010356776401361012,0.004398148148147929,0.019779241611657256,0.39106596531098964,0.12029929593534622,0.1153510171906776,0.0,0.8506663932262727,0.6359695970966511,0.2945313488123757,0.24260835993690236,0.34771064798611584,angry,05,12,12,female,strong,1412
0,0.0,True,1.0,0.6340631572228127,0.6332996925188442,0.6336814248708285,0.5976333858644649,-0.04699074074074078,-0.043888888888888866,0.3189397553855288,0.11086027830887656,0.19675125936895957,1.0603179806533412,0.0007634647039684861,0.003101851851851911,0.0034984131419559233,0.52077469587319,0.12303279231325866,0.11243091116458147,0.0,0.9297055624374743,0.5836981764502676,0.27481730468914256,0.2336717394291796,0.2952264354634475,angry,05,12,12,female,strong,1413
10,0.33366666666666667,True,1.0,0.6340631572228131,0.6368373919247329,0.635450274573773,0.6210805810682793,-0.048101851851851896,-0.04532407407407402,0.31316383239443624,0.1119211663882082,0.19807080072715016,1.023136600859066,0.002774234701919731,0.002777777777777879,0.0014799437147985438,0.49053404462969885,0.12465448628863413,0.11063018041295179,0.0,0.7471980334924525,0.5783796534316853,0.2722240611596172,0.23561475580161256,0.29352397598993135,angry,05,12,12,female,strong,1413
20,0.6673333333333333,True,1.0,0.6094495994419177,0.6226334539729644,0.6160415267074411,0.6146695728984923,-0.04833333333333334,-0.04527777777777786,0.3124805933682221,0.11086027830887663,0.19947429843234002,1.002232018420042,0.013183854531046757,0.003055555555555478,0.0003451713987172134,0.49095210501024905,0.12294843382826037,0.11252315490064815,0.0,0.9571121003848139,0.5802571741430947,0.269479727096541,0.23440321143156095,0.29197527405939766,angry,05,12,12,female,strong,1413
30,1.0010000000000001,True,1.0,0.6490794130527048,0.6414816394947952,0.64528052627375,1.3590378671246963,-0.047870370370370396,-0.04287037037037028,0.3735563443941492,0.38829013735766,0.19241821567656028,0.4748068776324562,0.007597773557909582,0.0050000000000001155,0.015248161845580378,0.23554887539199332,0.11473193921393192,0.1208898667928072,0.0,0.8151546947216136,0.6389616361153837,0.2899214461028257,0.2702702296356903,0.3642881968219983,angry,05,12,12,female,strong,1413
40,1.3346666666666667,True,1.0,0.7204255436398852,0.7358421875238899,0.7281338655818875,1.3481514031573565,-0.05175925925925923,-0.0507407407407407,0.3118242540391681,0.45212394618082163,0.1931033678257058,0.5400979918699084,0.015416643884004655,0.0010185185185185297,0.013048459106151556,0.2263719512195124,0.12194112300430979,0.11361399689496567,0.0,0.7081151097078462,0.5827567047131353,0.27102222681857235,0.2863140087159634,0.3582593040336545,angry,05,12,12,female,strong,1413
50,1.6683333333333334,True,1.0,0.7555437362785782,0.7512307456973244,0.7533872409879513,1.5454062249063436,-0.0509722222222222,-0.04893518518518519,0.30086474214061365,0.5322130437257533,0.1889377555716291,0.48750110414082803,0.004312990581253784,0.002037037037037004,0.01664905158677425,0.20740724728671983,0.11759529839765075,0.11810640780232823,0.0,0.8011245860987147,0.6345434161711561,0.2934925862123893,0.25860490980031325,0.359509137716225,angry,05,12,12,female,strong,1413
60,2.0020000000000002,True,1.0,0.7186270328374994,0.6972863807964693,0.7079567068169843,1.1637074171926995,-0.05291666666666661,-0.05032407407407413,0.3435345355747006,0.33996274411825445,0.19239323451473508,0.6083631472632893,0.021340652041030084,0.0025925925925924798,0.01994435426917162,0.26420312829955916,0.11900238407036379,0.11668851852240357,0.0,0.8542646802361672,0.5873210301620649,0.2705514435927286,0.2790740205411983,0.34425462497857023,angry,05,12,12,female,strong,1413
70,2.3356666666666666,True,1.0,0.7410491315817664,0.7579186600726668,0.7494838958272166,2.039999069721591,-0.0503703703703704,-0.046018518518518514,0.2548468818052179,0.8157931563741738,0.1877748636374488,0.36739423412065697,0.0168695284909004,0.0043518518518518845,0.037506695499572064,0.17135255510297018,0.123063209079519,0.11239761714983425,0.0,0.8252326569831588,0.6116741513245924,0.28841297117901826,0.2446638922867267,0.3415294790027382,angry,05,12,12,female,strong,1413
80,2.6693333333333333,True,1.0,0.7439585562561423,0.7675552824570478,0.7557569193565951,1.1279426149217786,-0.04722222222222233,-0.044212962962962954,0.29721735641465347,0.38972726469473973,0.19338762614727917,0.6700313556368342,0.023596726200905582,0.003009259259259378,0.03512099815302239,0.30850739878975714,0.12113456089790493,0.1144735599422507,0.0,0.7533942899843619,0.619383677814876,0.28362069814928303,0.24757436997413504,0.33909580556758295,angry,05,12,12,female,strong,1413
90,3.003,True,1.0,0.7312879173398436,0.7695520790228305,0.7504199981813371,0.9673083474122659,-0.048842592592592604,-0.04574074074074075,0.2935226749324689,0.2984248855619676,0.1948211460242426,0.775781580081319,0.038264161682986964,0.0031018518518518556,0.03158255789608514,0.35458437122056097,0.12024950261662463,0.1154029240970438,0.0,0.7118418000366958,0.6134588546668668,0.28644625633005083,0.2417309190395213,0.3395745541327729,angry,05,12,12,female,strong,1413
100,3.336666666666667,True,1.0,0.7481582515532713,0.7857226251660866,0.766940438359679,0.8950454558213545,-0.04708333333333331,-0.04574074074074064,0.30862093907091237,0.2947216573916533,0.19475181868613867,0.8568731714925946,0.03756437361281528,0.001342592592592673,0.03630379557000395,0.3572905591650603,0.12390441157094793,0.11146961273523354,0.0,0.8552219245576689,0.6162577634882078,0.28454696541294155,0.24448081678664954,0.34045008569731133,angry,05,12,12,female,strong,1413
0,0.0,True,1.0,0.5808794742741399,0.5916017453547127,0.5862406098144263,0.6573615648425374,-0.05592592592592588,-0.051296296296296284,0.3012759772072413,0.22813917444986742,0.18421051613193204,0.8918084676198749,0.010722271080572776,0.004629629629629595,0.003968954837501736,0.48731268454073984,0.12193395752630581,0.11362168706714125,0.0,0.6782783203584728,0.6474604398478142,0.29338881388760757,0.2421692507539494,0.35438359043367634,angry,05,12,12,female,strong,1414
10,0.33366666666666667,True,1.0,0.5629076196468967,0.575185951679608,0.5690467856632524,0.6670848530941382,-0.05601851851851841,-0.053009259259259256,0.30341112819576693,0.2249509590068715,0.1863094152695318,0.8530350869515984,0.012278332032711226,0.003009259259259156,0.00010351083971777051,0.4584262764047668,0.11563645989261394,0.1200249428764868,0.0,0.9999999987499999,0.6470288856636405,0.29396195933752256,0.23605876445026194,0.35321815387220246,angry,05,12,12,female,strong,1414
20,0.6673333333333333,True,1.0,0.5839084670079959,0.6131313876192658,0.5985199273136308,0.6235165401739463,-0.05481481481481493,-0.05222222222222228,0.3137761828040245,0.2162613372402274,0.18630941526953185,0.9599102650054127,0.029222920611269854,0.0025925925925926463,0.0016838524284907446,0.49095210501024905,0.11797316705360997,0.11772896680364531,0.0,0.8845962044056516,0.645069679348302,0.29492722527073617,0.23675567051832264,0.3481284495508479,angry,05,12,12,female,strong,1414
30,1.0010000000000001,True,1.0,0.687286585630123,0.7128092881238193,0.7000479368769712,1.2621564053382575,-0.04564814814814816,-0.04601851851851846,0.319939260808241,0.44340912075376704,0.18492201578443426,0.5546443641343789,0.02552270249369626,0.00037037037037029874,0.008292742793600436,0.2663594975476675,0.11743864842544412,0.11826217326351054,0.0,0.7571781096541571,0.5955749704725641,0.281768125081964,0.26865960495700003,0.3531787547610569,angry,05,12,12,female,strong,1414
40,1.3346666666666667,True,1.0,0.7879205788914382,0.753038755320755,0.7704796671060966,1.1525951283644789,-0.044861111111111074,-0.04500000000000004,0.28616961748498676,0.5192594461471302,0.19167024913148814,0.6684738189023927,0.034881823570683146,0.0001388888888889661,0.006389737013683141,0.26923737035346146,0.11700612414352678,0.11869012040508577,0.0,0.8703495799838705,0.5937091147865396,0.2765500643310718,0.271352065031475,0.34370538459746686,angry,05,12,12,female,strong,1414
50,1.6683333333333334,True,1.0,0.6380052741108083,0.6371639325882472,0.6375846033495278,0.7995014718400505,-0.04583333333333334,-0.04273148148148159,0.39351858884020113,0.10840697923254893,0.18268065722355606,0.7974777105564653,0.000841341522561101,0.0031018518518517446,0.007504309554457689,0.33411661806057263,0.11909612297257102,0.11659284395751059,0.0,0.7779008291877962,0.5927388450223839,0.2738526148149002,0.2691743639039234,0.3437323081483126,angry,05,12,12,female,strong,1414
60,2.0020000000000002,True,1.0,0.7944485145305721,0.7924955383057409,0.7934720264181565,0.5423510632683829,-0.04925925925925917,-0.04754629629629625,0.32404887517390973,0.14782804914376024,0.18960305135840613,1.4630229018754706,0.0019529762248311489,0.0017129629629629162,0.005114256777008209,0.5119633041079606,0.12030146119137994,0.11534875900904147,0.0,0.762963702919949,0.6394994956263756,0.28960977087803613,0.25112435395651794,0.3544467040133909,angry,05,12,12,female,strong,1414
70,2.3356666666666666,True,1.0,0.705412169929859,0.6819333973261438,0.6936727836280014,0.9667162427354663,-0.04814814814814822,-0.04675925925925917,0.3324005436372376,0.28190935410712603,0.19445856921043916,0.7175557345195235,0.023478772603715226,0.0013888888888890505,0.008236398132491928,0.32975581604758175,0.11833639073443956,0.11736386325087989,0.0,0.912057944745777,0.586142060902486,0.2743125139480394,0.2678446328957143,0.32662227866766214,angry,05,12,12,female,strong,1414
80,2.6693333333333333,True,1.0,0.7557665319839973,0.7282513504363501,0.7420089412101738,1.2348715164073372,-0.04518518518518522,-0.04402777777777778,0.28527019597061803,0.36484840257489526,0.19444483681291022,0.6008794691199382,0.027515181547647205,0.0011574074074074403,0.009655037183967409,0.2642045454545456,0.12050932882132466,0.11513157445540359,0.0,0.8175097466744239,0.6257802992994074,0.2865305754695069,0.23784208413447416,0.32757205034227654,angry,05,12,12,female,strong,1414
90,3.003,True,1.0,0.7210098893431761,0.7098244378697289,0.7154171636064526,0.7478964462133244,-0.04458333333333331,-0.044212962962962954,0.30793491242441307,0.15648291902482397,0.1951392798610284,0.9565724870450746,0.011185451473447183,0.00037037037037035425,0.00864558648608087,0.40804224747642803,0.12386891176542475,0.11150906002599237,0.0,0.8218234683078364,0.5715632620548221,0.2713254443113572,0.2484081727188222,0.3021387597381203,angry,05,12,12,female,strong,1414
100,3.336666666666667,True,1.0,0.6994971979254653,0.6667365355189757,0.6831168667222205,0.7664816588278077,-0.04412037037037042,-0.04425925925925933,0.30553575542148104,0.13934891496603366,0.19583333333333336,0.8912370685645913,0.03276066240648956,0.0001388888888889106,0.009116383669168684,0.4096882589293431,0.12105100762200209,0.11456191043780946,0.0,0.8601350072286357,0.5735485495995273,0.27148465550426676,0.2433836002145425,0.3034371119211311,angry,05,12,12,female,strong,1414
110,3.6703333333333332,True,1.0,0.6904557468242926,0.6850091091295235,0.687732427976908,0.7564718461364007,-0.04495370370370377,-0.04342592592592587,0.30689443228223434,0.15831777131424213,0.19444444444444448,0.909131557888675,0.005446637694769052,0.0015277777777779056,0.017212876200872973,0.4061547921184676,0.12196869588758671,0.1135843959052906,0.0,0.7154562420189305,0.5756327949695504,0.2722141357782115,0.24270929310133188,0.30370461650456326,angry,05,12,12,female,strong,1414
0,0.0,True,1.0,0.6489095875528614,0.6663178496179571,0.6576137185854093,0.5854832053551086,-0.05120370370370364,-0.04819444444444454,0.32444567705791877,0.13354906120425347,0.19328305191057035,1.1231982618298197,0.017408262065095714,0.0030092592592591005,0.007515914139711947,0.5203056326080004,0.12434606161912513,0.11097673057862954,0.0,0.6981636444070023,0.6233270907112846,0.2859699351895492,0.23317275645286925,0.3276269212307558,angry,05,12,12,female,strong,1415
10,0.33366666666666667,True,1.0,0.6353815127725594,0.6242778619880095,0.6298296873802844,0.5870394167866728,-0.04967592592592596,-0.045787037037037015,0.3219131542061838,0.10879702757705817,0.19675125936895957,1.072891648107441,0.01110365078454989,0.0038888888888889417,0.00486563143359353,0.5257458692839656,0.11882154389304571,0.11687265923280045,0.0,0.8996436795142598,0.6212001766097064,0.2852703421083026,0.2280440896894518,0.32816409935885393,angry,05,12,12,female,strong,1415
20,0.6673333333333333,True,1.0,0.6053212321333304,0.6477469559609422,0.6265340940471363,0.6577497426058597,-0.04810185185185184,-0.046435185185185246,0.3183903726010177,0.13479689797995334,0.19603931605314545,0.9525417548092777,0.04242572382761178,0.0016666666666665941,0.010469210148112557,0.45829938142615706,0.1203338374857359,0.11531498309191816,0.0,0.7183003752566969,0.6197170941110819,0.2842025877753194,0.2317925034528727,0.32774044234381716,angry,05,12,12,female,strong,1415
30,1.0010000000000001,True,1.0,0.7093368756881354,0.7132488765256473,0.7112928761068913,1.0010747980885777,-0.04425925925925933,-0.042407407407407394,0.3619076070231895,0.14939309056956074,0.20141957250238088,0.7105292006801217,0.003912000837511864,0.0018518518518519378,0.01196172709806926,0.30219620849609524,0.12065446289486849,0.11497946926811968,0.0,0.7967814875230609,0.6243515135194704,0.28280294215151985,0.2591051837172881,0.3439986575005899,angry,05,12,12,female,strong,1415
40,1.3346666666666667,True,1.0,0.6674312587782543,0.6637647534003491,0.6655980060893016,1.3162358680024837,-0.04490740740740751,-0.044444444444444564,0.32103718539568477,0.32898198491572217,0.19102055594950887,0.5056829267989874,0.003666505377905138,0.0004629629629629428,0.01649103798341461,0.2393021212252478,0.11649185623038677,0.11919490425755558,0.0,0.9677200741619112,0.5882510602678571,0.27630419945623513,0.2708473675950566,0.333752674471612,angry,05,12,12,female,strong,1415
50,1.6683333333333334,True,1.0,0.6327785236094644,0.6158862214921664,0.6243323725508154,0.9236231903819783,-0.041712962962962785,-0.041111111111111154,0.3717876136704662,0.15872321575967965,0.18544999298171577,0.6759600441524356,0.016892302117297975,0.0006018518518516314,0.006977478335335883,0.31674288605752926,0.1202678112880315,0.11538384348511786,0.0,0.7734634282637226,0.5890985122564651,0.2757742016657456,0.2675559020539848,0.3332022347041535,angry,05,12,12,female,strong,1415
60,2.0020000000000002,True,1.0,0.7175987764291337,0.6955128886243537,0.7065558325267437,0.4062684732236813,-0.050462962962962876,-0.04879629629629623,0.3342154470972271,0.048446604553247334,0.18754068568996568,1.7391352740721568,0.022085887804780047,0.0016666666666666496,0.0025842726963196294,0.6026839112913912,0.11943911026185036,0.11624145865122462,0.0,0.6780324620455505,0.6359762621611145,0.29397578422544973,0.2527539093619684,0.3572850785849648,angry,05,12,12,female,strong,1415
70,2.3356666666666666,True,1.0,0.6858719075712377,0.6976002312461165,0.6917360694086772,0.9015593362686901,-0.045277777777777695,-0.04375000000000001,0.3555682230429541,0.23286189937730098,0.18892927548355637,0.7672662703173652,0.011728323674878749,0.0015277777777776835,0.011212339425285383,0.32806733698101503,0.11902042441078993,0.11667011760689538,0.0,0.8269542409717533,0.5860665673691351,0.2765709285648721,0.270163110695627,0.33268495309060525,angry,05,12,12,female,strong,1415
80,2.6693333333333333,True,1.0,0.7595956930994737,0.7279421345748187,0.7437689138371462,1.6861475908654218,-0.04546296296296298,-0.04291666666666666,0.2632056062194513,0.5860253137875004,0.18544999298171572,0.4411054630487026,0.03165355852465501,0.0025462962962963243,0.008370371517154524,0.20041782169175149,0.1192397042655934,0.11644599905527633,0.0,0.6824511253134286,0.5858214313147135,0.27672727821928234,0.252656505191454,0.3151781638897833,angry,05,12,12,female,strong,1415
90,3.003,True,1.0,0.6968676092046295,0.7050848557940831,0.7009762324993563,0.850040348352097,-0.04500000000000004,-0.043055555555555514,0.3059678009173285,0.20364151765272615,0.1875146478653401,0.82463877609843,0.008217246589453553,0.0019444444444445264,0.00019608887990518715,0.3772818090924662,0.12228783136085529,0.11324073503273759,0.0,0.6868360446522948,0.587429309817677,0.27405177633112465,0.2527941431738575,0.30729380639378817,angry,05,12,12,female,strong,1415
100,3.336666666666667,True,1.0,0.6911586389600528,0.7055992084480067,0.6983789237040298,0.7957359114116583,-0.04375000000000001,-0.04250000000000009,0.3071777092426099,0.19445246588570983,0.186846392460444,0.8776516350318858,0.014440569487953914,0.0012499999999999178,0.005061392665664853,0.3775066080448484,0.1195446142721078,0.11613295384082714,0.0,0.9770013122045484,0.5887535683023208,0.27567458305696085,0.24662468368878018,0.3066852218532137,angry,05,12,12,female,strong,1415
110,3.6703333333333332,True,1.0,0.6957710240025631,0.7055992084480058,0.7006851162252845,0.7872149184314982,-0.04342592592592581,-0.04212962962962957,0.3037503075410628,0.16991132823288688,0.18682556675428655,0.8900810945267378,0.009828184445442756,0.0012962962962962399,0.0018344552549343469,0.38608076076531567,0.12089213284740913,0.11472955148973325,0.0,0.7976350435404912,0.5893101068865046,0.27799083798177154,0.24456173766463432,0.3085497463659344,angry,05,12,12,female,strong,1415
0,0.0,True,1.0,0.6280876419892719,0.6478342749529205,0.6379609584710961,0.7188301160048647,-0.056574074074074054,-0.0526388888888889,0.31592437152022956,0.22217645244428852,0.1938899778416272,0.8874989295339689,0.019746632963648536,0.003935185185185153,0.012605058564439053,0.42535197972925903,0.12223579068105654,0.11329690748827843,0.0,0.8528160794794225,0.5880762185968137,0.2820800725473755,0.24129062493622308,0.3047904473217655,fearful,06,12,12,female,normal,1416
10,0.33366666666666667,True,1.0,0.6382586669647637,0.6370370370370372,0.6376478520009005,0.7600568577177527,-0.059166666666666645,-0.054768518518518494,0.3115542417799555,0.2587721780292885,0.1967665062195166,0.8389475675748606,0.001221629927726564,0.004398148148148151,0.00846951307162069,0.39363557360412155,0.1226845828701485,0.11281077473268047,0.0,0.8801263588362938,0.5917802851062299,0.2807429311255248,0.24115233691069884,0.3084471782449583,fearful,06,12,12,female,normal,1416
20,0.6673333333333333,True,1.0,0.6438835042092793,0.6368640588123756,0.6403737815108275,0.7712470559352378,-0.060879629629629506,-0.05703703703703711,0.3092040904353007,0.2653203203334125,0.19727791968317587,0.8303095312750214,0.00701944539690369,0.0038425925925923976,0.005835505698492452,0.40501155359825786,0.12263094614121613,0.11286907822097257,0.0,0.8712556703759868,0.595132403555172,0.2791331033650729,0.24503631213450605,0.3115282043671568,fearful,06,12,12,female,normal,1416
30,1.0010000000000001,True,1.0,0.5404049640230816,0.5114455687653907,0.5259252663942362,0.8147176866042253,-0.08787037037037038,-0.0843518518518519,0.42112348924128484,0.2344037687680856,0.20265675363222346,0.6455306850969604,0.028959395257690868,0.0035185185185184764,0.024418116361477293,0.36061951366861966,0.11278116388078947,0.12271180400655472,0.0,0.8720834817251244,0.6550186516950529,0.2970816575871287,0.29371272127879156,0.4130500153835031,fearful,06,12,12,female,normal,1416
40,1.3346666666666667,True,1.0,0.5976692442320259,0.5592958882350791,0.5784825662335525,0.9870208822173197,-0.08777777777777784,-0.08453703703703702,0.3073982193049105,0.6801924366571297,0.1712562735753298,0.5860894907653876,0.0383733559969468,0.0032407407407408217,0.017462841991074136,0.2718940086052046,0.11983713576049043,0.11583107813668676,0.0,0.891340534790374,0.5963148810070904,0.27883956936684584,0.2924325087230505,0.3787038564679023,fearful,06,12,12,female,normal,1416
50,1.6683333333333334,True,1.0,0.7038185306285072,0.6930320150659135,0.6984252728472103,0.5310890356305601,-0.061064814814814794,-0.059444444444444355,0.32498507978073576,0.1784512695902609,0.19507122442920338,1.3150813253336562,0.01078651556259369,0.0016203703703704386,0.016679096355000513,0.5846336526325429,0.11866668312578842,0.11702989398146404,0.0,0.6814532665825833,0.5917613799816802,0.2834686588063376,0.2793957900543021,0.3437717850584448,fearful,06,12,12,female,normal,1416
60,2.0020000000000002,True,1.0,0.7823858139577999,0.7825469289566994,0.7824663714572497,0.9053057397557143,-0.061620370370370325,-0.06435185185185183,0.3024502193342359,0.3434732248795394,0.2009132913867677,0.8643117314912736,0.0001611149988994809,0.0027314814814815014,0.016834622438759342,0.3572432730272253,0.11700355843323795,0.11853202578089943,0.0,0.9561291377989645,0.601001982840011,0.2840223749127202,0.26967953120307464,0.35082363547788015,fearful,06,12,12,female,normal,1416
70,2.3356666666666666,True,1.0,0.7542266761248279,0.7497483715638625,0.7519875238443452,0.952136333324374,-0.05365740740740749,-0.05365740740740749,0.2929189114722755,0.31412548704395477,0.19423177563420363,0.7897897575432172,0.004478304560965318,0.0,0.011486967788398509,0.3358302646120417,0.1198025541413526,0.11586684508849204,0.0,0.919952148005707,0.5991899121679922,0.2844917261180759,0.25621703760867115,0.31605830182995,fearful,06,12,12,female,normal,1416
80,2.6693333333333333,True,1.0,0.7047554849461176,0.7191628769038837,0.7119591809250007,0.7678142727948657,-0.05486111111111114,-0.05467592592592602,0.30755341816890314,0.2648650351030763,0.1935390598739176,0.9272544235645023,0.01440739195776608,0.00018518518518512161,0.006963257129658512,0.40775653994173106,0.12121922096254067,0.11438390725482263,0.0,0.8662061597987383,0.5934750784688876,0.28265099475444094,0.2513989102635836,0.3232393125707878,fearful,06,12,12,female,normal,1416
90,3.003,True,1.0,0.7567049891290687,0.7650416041370018,0.7608732966330353,0.7594378169515845,-0.05708333333333332,-0.05342592592592588,0.30001091831309246,0.29611527012306266,0.18791620472966136,1.0018901872535302,0.008336615007933146,0.0036574074074074425,0.015449664036523288,0.4041960329965371,0.11845428819240698,0.1169194230354089,0.0,0.8912274152773486,0.5962574550914116,0.2836615718724336,0.25240363157303713,0.3268305295948909,fearful,06,12,12,female,normal,1416
100,3.336666666666667,True,1.0,0.7491054604937621,0.7199683859664132,0.7345369232300877,0.7754004306354993,-0.05773148148148155,-0.05416666666666653,0.29434758433943997,0.32123552024131147,0.18866250428030362,0.9473001228901551,0.029137074527348927,0.0035648148148150205,0.01647044670754834,0.40419603299653517,0.11890005796413224,0.11662954187445056,0.0,0.957385005517403,0.5953558567176871,0.28314184591793723,0.25319849536065786,0.32839996800653765,fearful,06,12,12,female,normal,1416
0,0.0,True,1.0,0.5872876284765055,0.608187134502924,0.5977373814897148,0.6791213492591545,-0.060694444444444495,-0.05949074074074062,0.30190944508151657,0.30351831479154323,0.18779639659020517,0.8801628488660819,0.020899506026418546,0.0012037037037038734,0.003736034169675778,0.46143525053449713,0.12261401645920386,0.11288746935586128,0.0,0.812493548192026,0.64835276557498,0.2913944474510895,0.24741874194139918,0.35883223090489647,fearful,06,12,12,female,normal,1417
10,0.33366666666666667,True,1.0,0.5941397977361083,0.5769843327230535,0.5855620652295809,0.6965963605470639,-0.06143518518518509,-0.060462962962962885,0.3002018385567736,0.303518314791543,0.1899214750727084,0.840604542880064,0.01715546501305476,0.0009722222222222077,0.0005851476410695531,0.449859556677303,0.11961120795853575,0.11606436447193084,0.0,0.9406810669320195,0.5988710107558649,0.2857739449333672,0.2450465258449057,0.32629656403419594,fearful,06,12,12,female,normal,1417
20,0.6673333333333333,True,1.0,0.3663166048107408,0.34907324686712904,0.3576949258389349,1.0124977686515921,-0.06962962962962971,-0.06791666666666657,0.2872651182280787,0.40310224248966947,0.1914609877403474,0.3532797176583412,0.01724335794361176,0.0017129629629631382,0.0023539084821460393,0.31467006221350224,0.12033338212801149,0.11531545826649076,0.0,0.9537042833663758,0.6020301620335635,0.2868547112447849,0.24685134370493753,0.32439174147209743,fearful,06,12,12,female,normal,1417
30,1.0010000000000001,True,1.0,0.5679859257983145,0.5714679462125773,0.569726936005446,0.9314398012611957,-0.07879629629629631,-0.07731481481481489,0.3607641677373035,0.3398327902246018,0.19177950917397157,0.6116626487659425,0.003482020414262821,0.001481481481481417,0.008790208065663644,0.32278667889543394,0.1169298653273797,0.11876524897339495,0.0,0.723285587477771,0.6049053069274586,0.2849054576817829,0.28015963178369885,0.3710399009064833,fearful,06,12,12,female,normal,1417
40,1.3346666666666667,True,1.0,0.3309330122595165,0.3009559113667646,0.3159444618131405,1.0679564826645211,-0.08662037037037024,-0.08412037037037046,0.2977827569150511,0.46013135864519406,0.20747611910888017,0.2958402022382673,0.029977100892751907,0.00249999999999978,0.011099424116327155,0.3010131441723656,0.11414083437666192,0.12144812759599717,0.0,0.9999999987499999,0.5958742681056798,0.2927740936654627,0.28024841882908413,0.3449352757187658,fearful,06,12,12,female,normal,1417
50,1.6683333333333334,True,1.0,0.6383001582244646,0.6549707602339188,0.6466354592291916,0.8571778787849063,-0.06388888888888888,-0.059629629629629644,0.351437311556,0.19815222613540404,0.1940584741933473,0.7543772129838799,0.01667060200945414,0.00425925925925924,0.01853859671245375,0.36596371704492553,0.11970163143531846,0.11597110502775064,0.0,0.804167159747753,0.6403349287996449,0.29475922893344786,0.2615103766473538,0.35319064123626115,fearful,06,12,12,female,normal,1417
60,2.0020000000000002,True,1.0,0.326885770229663,0.3469424659107592,0.3369141180702111,0.7581158074574748,-0.06541666666666668,-0.0639351851851852,0.3505888050517306,0.12613629280769947,0.20193519129157195,0.4444098312632925,0.020056695681096248,0.0014814814814814725,0.009462004173382816,0.3946078985808063,0.11525969354426509,0.12038679667263621,0.0,0.8688137955618416,0.634787267696141,0.2973865102897372,0.26090933219422824,0.3490557980188585,fearful,06,12,12,female,normal,1417
70,2.3356666666666666,True,1.0,0.7031245421178527,0.7173853568902336,0.7102549495040431,1.0039775693473734,-0.05430555555555555,-0.054537037037037106,0.300260598622861,0.3344959015610841,0.19775110052926942,0.7074410536539556,0.014260814772380948,0.00023148148148155467,0.00832818201997598,0.3172449908534732,0.11812410745462357,0.11757751914099573,0.0,0.8819283503692433,0.5903838152526636,0.2813222252604661,0.2547498853436356,0.30804399616552863,fearful,06,12,12,female,normal,1417
80,2.6693333333333333,True,1.0,0.6916307510766913,0.6894415713212503,0.6905361611989708,0.7982066343570023,-0.05652777777777773,-0.05638888888888888,0.3107302869628737,0.2836074618866501,0.19655235804795143,0.8651095236200763,0.002189179755440973,0.0001388888888888551,0.005059660431537167,0.38512032256752265,0.12169754472453491,0.11387486719101787,0.0,0.8930957206434417,0.5962730203331333,0.2819619777194458,0.24611728035789268,0.30477823248375796,fearful,06,12,12,female,normal,1417
90,3.003,True,1.0,0.7596944159338683,0.7788171280400875,0.7692557719869779,0.8981372772560937,-0.06018518518518523,-0.05925925925925929,0.303628708935502,0.32314543076991914,0.19778003400832475,0.8565013294372296,0.019122712106219186,0.0009259259259259411,0.011936735937234612,0.36475806982230125,0.11963864848803006,0.11603607868933535,0.0,0.8021784609299397,0.6389028600737171,0.2957907653522764,0.25773078869678745,0.3495632338338151,fearful,06,12,12,female,normal,1417
100,3.336666666666667,True,1.0,0.7453322657555987,0.7807136756898082,0.7630229707227034,0.8872633264092986,-0.06013888888888891,-0.06023148148148144,0.30445603990046316,0.2925008903415443,0.19769553637926987,0.8599735253463158,0.03538140993420946,9.259259259253305e-05,0.006575007102834304,0.35744626538670965,0.11591746217755702,0.11975357920048389,0.0,0.9999999987499999,0.6378221558388981,0.29345599984696163,0.2564754737100342,0.3500485183120693,fearful,06,12,12,female,normal,1417
0,0.0,True,1.0,0.6760778945871883,0.6759111416722844,0.6759945181297363,0.6116967332021283,-0.05365740740740732,-0.05240740740740746,0.3197403523689998,0.16124292169997356,0.19870942593845448,1.1051138275514734,0.00016675291490386712,0.0012499999999998623,0.00540287306705221,0.5180404320463292,0.11915827561466177,0.11652932301268737,0.0,0.8742036906921773,0.6323550089645232,0.29859987576308483,0.23759288785157887,0.32550213522680504,fearful,06,12,12,female,normal,1418
10,0.33366666666666667,True,1.0,0.6619565284964872,0.6736275957023151,0.6677920620994011,0.6582376590133615,-0.05967592592592591,-0.058009259259259205,0.3150497729687737,0.24462762980912572,0.19452133353920634,1.014515126801406,0.01167106720582789,0.0016666666666667052,0.003943534073277298,0.449859556677303,0.12093519662697631,0.11468415752183513,0.0,0.7553316799781471,0.5855645095381902,0.27716099712318554,0.25414036334327267,0.32556336367791167,fearful,06,12,12,female,normal,1418
20,0.6673333333333333,True,1.0,0.6076483585254605,0.587423163471223,0.5975357609983418,1.3686162025305177,-0.07597222222222222,-0.07037037037037042,0.28640747580660425,0.6748852387406938,0.18088653224666926,0.43659848531204115,0.020225195054237477,0.005601851851851802,0.015112471012734585,0.2446765281960208,0.11529731949182022,0.12035076188880313,0.0,0.9253829654371085,0.6594705469297093,0.3008194766841606,0.260770663510976,0.3937956495234585,fearful,06,12,12,female,normal,1418
30,1.0010000000000001,True,1.0,0.5514924378676651,0.5332146088366511,0.5423535233521581,0.8834771391103861,-0.07138888888888889,-0.06898148148148148,0.3368844289666287,0.302525042324488,0.191842128769665,0.6138851808868296,0.018277829031014048,0.0024074074074074137,0.004974307519633769,0.35592422921743594,0.11569044021078734,0.11997291283049985,0.0,0.7010958020509638,0.596579644943915,0.28323008416604484,0.27988725083709226,0.35752149205373807,fearful,06,12,12,female,normal,1418
40,1.3346666666666667,True,1.0,0.6681890258310292,0.6665705210924265,0.6673797734617279,0.7835268963767035,-0.059537037037037055,-0.06013888888888885,0.32989124849358725,0.29805860091859415,0.18977800930782332,0.8517637065784474,0.0016185047386026996,0.0006018518518517979,6.273020871861547e-05,0.4179968106161356,0.1174860133973258,0.11821511927546138,0.0,0.8650621486606161,0.6533438170268108,0.2991059157682858,0.24608387898508377,0.34528145023856127,fearful,06,12,12,female,normal,1418
50,1.6683333333333334,True,1.0,0.6846006322761548,0.6954943712066876,0.6900475017414212,0.6791412028202868,-0.05856481481481485,-0.058657407407407436,0.32132472377865845,0.18254217391122202,0.19387754118660194,1.0160589563346232,0.010893738930532804,9.259259259258856e-05,0.003535158040348991,0.4579666853244912,0.11857056364691923,0.11712727780469619,0.0,0.8608683818618408,0.6501293957270409,0.29978591575202945,0.24438568004318253,0.3405201740785098,fearful,06,12,12,female,normal,1418
60,2.0020000000000002,True,1.0,0.6666666666666669,0.6824295719433139,0.6745481193049904,0.8370810358921441,-0.05717592592592591,-0.05212962962962964,0.3128421436640113,0.27574285196616305,0.1948211460242426,0.8058337130837884,0.015762905276647032,0.005046296296296271,0.00814769655531934,0.3802113775283105,0.11733622976911613,0.11836379071661397,0.0,0.9633842812764757,0.5920148740902611,0.2834419342115129,0.26390695331212816,0.32237894914131865,fearful,06,12,12,female,normal,1418
70,2.3356666666666666,True,1.0,0.7422984771059973,0.7518860639112406,0.7470922705086189,0.9532537873491569,-0.0537037037037037,-0.05273148148148149,0.29328819059334854,0.26684352423716345,0.19665351742298964,0.7837286150062519,0.009587586805243298,0.0009722222222222077,0.007047584533504877,0.3286097920023516,0.12081699715703684,0.11480867113395928,0.0,0.8256379807728387,0.5914913082342312,0.27920786230816275,0.25847194017008396,0.3121414614861252,fearful,06,12,12,female,normal,1418
80,2.6693333333333333,True,1.0,0.7503263788728587,0.7461648187879787,0.7482455988304186,0.7722604328736651,-0.05740740740740735,-0.056157407407407434,0.2933818512427229,0.25418520421530627,0.19593304199252465,0.9689031924711141,0.0041615600848800005,0.0012499999999999178,0.009948572150443796,0.4279321205305003,0.11906542296056524,0.11662419485107581,0.0,0.8375254675881904,0.6433377465517458,0.2946403067181288,0.24309398374457558,0.34104228065392445,fearful,06,12,12,female,normal,1418
90,3.003,True,1.0,0.7445236119918753,0.7458078924101149,0.7451657522009951,0.8375570208414239,-0.05810185185185185,-0.054768518518518494,0.28812281005151025,0.33301043766002686,0.19122174848100948,0.8896895777345273,0.0012842804182395806,0.003333333333333355,0.010970795368690025,0.38608076076531567,0.11849791497408745,0.11720077609047075,0.0,0.8598158547565812,0.6410309871057799,0.29243028970281615,0.24330970659281342,0.3457672661288596,fearful,06,12,12,female,normal,1418
0,0.0,True,1.0,0.5999905209369851,0.6026441477005138,0.6013173343187495,0.6547495792386916,-0.05569444444444449,-0.05435185185185182,0.30045854868282573,0.263589905924974,0.1841935344958589,0.9183928533683514,0.0026536267635286492,0.001342592592592673,0.0031877384183900967,0.4718003854744246,0.12172761114789589,0.11384272683817655,0.0,0.7408007826712804,0.6479841069943603,0.29380375224927563,0.24161266969750364,0.3474206204120999,fearful,06,12,12,female,normal,1419
10,0.33366666666666667,True,1.0,0.6154021652774619,0.6180607663527946,0.6167314658151283,0.6629126073623879,-0.05574074074074076,-0.05467592592592596,0.29736413292870995,0.2944840695329233,0.18488735635236406,0.93033600351786,0.002658601075332667,0.0010648148148147962,0.007225674267409872,0.48731268454074095,0.11719751518759576,0.11850114009134294,0.0,0.8452950971565265,0.6468425104807549,0.2949889832522796,0.23682620167113083,0.3483513396563696,fearful,06,12,12,female,normal,1419
20,0.6673333333333333,True,1.0,0.6701276729001595,0.6239114956192023,0.6470195842596809,1.1113323260201922,-0.06273148148148144,-0.06212962962962959,0.3010954818506943,0.4372269164470362,0.18771512723843176,0.5822017133045448,0.04621617728095717,0.0006018518518518534,0.010089775243738587,0.2877225312409394,0.11859032700650379,0.11694446614690411,0.0,0.792749327854986,0.5985676706463835,0.2828231067837511,0.2700153084747048,0.3412312982440862,fearful,06,12,12,female,normal,1419
30,1.0010000000000001,True,1.0,0.5621460122385449,0.5456806514636158,0.5539133318510803,0.9084519213415025,-0.06875000000000009,-0.0671296296296297,0.33307413598889185,0.32181832183373305,0.18777486363744883,0.609733238312845,0.016465360774929105,0.0016203703703703831,0.00882335826049766,0.33770692391641577,0.11721153563008602,0.11848727224662897,0.0,0.7183788651506088,0.5973827979473039,0.28362410664377324,0.28332319363251196,0.35754295966927474,fearful,06,12,12,female,normal,1419
40,1.3346666666666667,True,1.0,0.6020769423390431,0.5979797979797972,0.6000283701594201,0.8910824669595822,-0.07722222222222219,-0.07550925925925928,0.31476018575756876,0.3830685088452459,0.19603931605314545,0.673370190086611,0.004097144359245908,0.0017129629629629162,0.02095514775145264,0.3286097920023516,0.11263523850542907,0.12269057367183236,0.0,0.6561775642386819,0.6059216150444554,0.28967325008367134,0.2724971968078778,0.35293172140954826,fearful,06,12,12,female,normal,1419
50,1.6683333333333334,True,1.0,0.7814018187167405,0.78033452668642,0.7808681727015803,0.5962832800641839,-0.06138888888888888,-0.059953703703703676,0.3146033275492469,0.2704100476084989,0.18702148160187476,1.3095590616217307,0.0010672920303205213,0.001435185185185206,0.012777196743292116,0.49128363654772794,0.11622301866673367,0.11945705379284192,0.0,0.7831405669015522,0.6058957207492373,0.2852534275699965,0.26100396048668517,0.3502556364585572,fearful,06,12,12,female,normal,1419
60,2.0020000000000002,True,1.0,0.669159225811122,0.6655661450506556,0.6673626854308887,0.939330313801002,-0.051018518518518574,-0.04861111111111116,0.29901665632443786,0.31919056942614343,0.18589172084668074,0.7104664627828354,0.003593080760466383,0.0024074074074074137,0.019350281936769558,0.3425967824187811,0.11709962173595782,0.11859787670340435,0.0,0.8796799464458525,0.6554829102813001,0.29577007170132164,0.24603793628288284,0.34750036906679393,fearful,06,12,12,female,normal,1419
70,2.3356666666666666,True,1.0,0.7326254283431324,0.760582855294352,0.7466041418187421,0.8214242490312003,-0.05175925925925928,-0.04833333333333345,0.296882801561085,0.32627651009403763,0.17974867806665526,0.9089141727910979,0.02795742695121961,0.0034259259259258323,0.011642505983542129,0.38902788135130695,0.113835076894509,0.12173476511296852,0.0,0.7071067807446058,0.65116157759979,0.29379703610226005,0.24080456650136395,0.34585334297689446,fearful,06,12,12,female,normal,1419
80,2.6693333333333333,True,1.0,0.7661886024176624,0.7798298774561866,0.7730092399369245,0.7408577685972461,-0.05291666666666667,-0.04833333333333334,0.3026646606356083,0.2884373841157304,0.18327315656202503,1.0433976300208805,0.013641275038524192,0.004583333333333328,0.021763903273989162,0.43532817194053947,0.11788678148408187,0.1178154680865823,0.0,0.9362092319463964,0.6490493495601365,0.2946400869630606,0.2408943775486,0.3491198584430071,fearful,06,12,12,female,normal,1419
90,3.003,True,1.0,0.7143141455375399,0.7046499096692556,0.7094820276033977,0.7822821144906534,-0.053379629629629555,-0.0506018518518519,0.301128842263996,0.3363043627318648,0.18170781687338228,0.9069388325020622,0.009664235868284354,0.002777777777777657,0.007433602519897587,0.41116449554047096,0.12000724601182135,0.11565482555529458,0.0,0.8125140478836993,0.6485515495260604,0.29621008073497507,0.24215133884376291,0.3519071543951654,fearful,06,12,12,female,normal,1419
0,0.0,True,1.0,0.5980616319869995,0.5958186603775781,0.5969401461822887,0.8764424891616234,-0.05967592592592591,-0.05768518518518523,0.29739320264390134,0.34876535795171687,0.19103972627181356,0.6810944854502688,0.0022429716094213292,0.001990740740740682,0.00047180275028160454,0.3564285624206493,0.12170385263163552,0.11386812558617826,0.0,0.6965538133803177,0.6387913918926946,0.29035962223468426,0.25364124204173655,0.3549580303060214,fearful,06,12,12,female,strong,1420
10,0.33366666666666667,True,1.0,0.6046615356986291,0.5968295381660729,0.600745536932351,0.860583153736979,-0.06037037037037035,-0.057083333333333264,0.3027152842771577,0.3336075938720255,0.19036797259896426,0.6980679720764759,0.007831997532556256,0.0032870370370370883,0.004814461424342729,0.36951018062582874,0.1182509152561818,0.11744998429325135,0.0,0.9319573828609711,0.6382254977928673,0.29088536093385203,0.25076146584919606,0.3561488009090456,fearful,06,12,12,female,strong,1420
20,0.6673333333333333,True,1.0,0.6000712493979301,0.6125024252849829,0.6062868373414565,0.8615132526966083,-0.06444444444444442,-0.061203703703703705,0.3005935780344007,0.360334056010092,0.1931444532112036,0.703746385146982,0.012431175887052781,0.0032407407407407107,0.006053876161518311,0.38091866272296826,0.11571545491087955,0.11994878600407756,0.0,0.8895169086468135,0.6393776347101341,0.291103728224096,0.24735769001835295,0.35969021913487476,fearful,06,12,12,female,strong,1420
30,1.0010000000000001,True,1.0,0.6372034839569841,0.6325947302619407,0.6348991071094624,1.0133095419823268,-0.07944444444444448,-0.07726851851851857,0.40129109584066763,0.3092238060328588,0.2014267692164171,0.6265598820548122,0.004608753695043433,0.0021759259259259145,0.010072267445867655,0.3070601449176067,0.1126311347944269,0.12284952276503087,0.0,0.9655553701592924,0.6497542510988771,0.304024830802226,0.29086098519241826,0.4098323786433231,fearful,06,12,12,female,strong,1420
40,1.3346666666666667,True,1.0,0.6822213971679595,0.7078759493130057,0.6950486732404826,0.9100482472634374,-0.08203703703703702,-0.07935185185185184,0.3157882040729296,0.45480210648084274,0.20359367301714432,0.7637492576141213,0.025654552145046194,0.0026851851851851793,0.014450467460422414,0.3336844482201326,0.11522596586473662,0.12026076089849848,0.0,0.8467828089781837,0.5960806324248449,0.28443421364065147,0.31034030124083556,0.38791909145344317,fearful,06,12,12,female,strong,1420
50,1.6683333333333334,True,1.0,0.7215585046318033,0.7099593738129869,0.7157589392223951,0.990886586482496,-0.06773148148148139,-0.06092592592592594,0.3528884337481372,0.38216305012978424,0.18930203999344278,0.7223419400228596,0.011599130818816361,0.006805555555555454,0.03498083523239851,0.29083577837005875,0.11345882592449248,0.12208551342684668,0.0,0.9382754980498982,0.6536371386914142,0.3005056111302207,0.26105655101924957,0.39403497351187955,fearful,06,12,12,female,strong,1420
60,2.0020000000000002,True,1.0,0.6975469838119294,0.739541013339497,0.7185439985757132,0.9385686072304027,-0.05833333333333346,-0.05981481481481482,0.3518438443655939,0.34582595294174745,0.19389210073779597,0.7655742937067176,0.04199402952756759,0.0014814814814813615,0.017173955549570134,0.3261250148189669,0.1178824735620058,0.11781977845866745,0.0,0.8108540594161029,0.5946742634084885,0.28042848048182567,0.27988646233198233,0.3659712207473493,fearful,06,12,12,female,strong,1420
70,2.3356666666666666,True,1.0,0.7541159289970011,0.7690212831504952,0.7615686060737481,1.3162164920804638,-0.06851851851851848,-0.06231481481481477,0.29585791871040223,0.5483566043898767,0.1959595185771973,0.5786043638383399,0.014905354153494144,0.006203703703703711,0.019940420361128957,0.25150777630017407,0.11555872842814258,0.12009978373544482,0.0,0.8710631056497528,0.6501576211969163,0.2940470967006563,0.251865676052001,0.36910116308171415,fearful,06,12,12,female,strong,1420
80,2.6693333333333333,True,1.0,0.7492470966037255,0.7692015012718035,0.7592242989377644,0.9965024120705532,-0.06671296296296292,-0.06166666666666659,0.3174046496626525,0.412035904819937,0.19526552289985197,0.761889072962937,0.019954404668078074,0.0050462962962963265,0.01107152559686072,0.33129031021301425,0.11675079959171104,0.11894128200035763,0.0,0.9038766960798841,0.6501319348520659,0.29296024761431083,0.24751085336180734,0.3660929775297254,fearful,06,12,12,female,strong,1420
90,3.003,True,1.0,0.766175060052768,0.7694820812632683,0.7678285706580181,1.0659631339945155,-0.06837962962962962,-0.06250000000000006,0.2902309450901898,0.44993910024488115,0.19661510550733943,0.720314376896611,0.003307021210500305,0.005879629629629568,0.014980627365567333,0.3023901478266832,0.12008113565942176,0.11557810618093213,0.0,0.8760489529984644,0.6431692346391682,0.2939566831825824,0.25740419111746266,0.36191943092935697,fearful,06,12,12,female,strong,1420
100,3.336666666666667,True,1.0,0.8113878063848685,0.8109596245022253,0.8111737154435469,1.0570788442662566,-0.06958333333333339,-0.06180555555555556,0.2955077109912551,0.41900912826174164,0.19662713428789944,0.7673729541022095,0.00042818188264326373,0.007777777777777828,0.013449185591379902,0.30493445664656177,0.11613184755377447,0.11954568897660743,0.0,0.8963717460547843,0.6428705737998324,0.29172613964626765,0.25963355792045295,0.3664149890022871,fearful,06,12,12,female,strong,1420
110,3.6703333333333332,True,1.0,0.7808430069174458,0.7831673734785166,0.7820051901979812,1.048028440228833,-0.06893518518518515,-0.06180555555555556,0.2883222172425042,0.4487929447148069,0.19588942569902665,0.7461679093624916,0.002324366561070823,0.007129629629629597,0.01933745112517886,0.3255995738266143,0.11666073999975617,0.1190296161129001,0.0,0.7671437076714612,0.6431444857396084,0.2903863555731294,0.26033928676971896,0.36668281647195916,fearful,06,12,12,female,strong,1420
0,0.0,True,1.0,0.6266433156848421,0.64373739317075,0.635190354427796,0.6896146746819167,-0.06009259259259253,-0.05875000000000008,0.30925032164516075,0.22698281493151531,0.2008316316205687,0.9210801013200252,0.017094077485907855,0.001342592592592451,0.0076625529887712875,0.4415599103339822,0.12538028223488,0.10980693328220384,0.0,0.9501684760783241,0.5858422880402161,0.2751095317299157,0.2569683150623554,0.3198743053285332,fearful,06,12,12,female,strong,1421
10,0.33366666666666667,True,1.0,0.6463221063216551,0.6331432219206554,0.6397326641211553,0.6961524228894491,-0.06055555555555553,-0.05847222222222226,0.308143761369927,0.22913467820522485,0.19945861633822345,0.9189548769591032,0.01317888440099968,0.0020833333333332704,0.007793736929836621,0.4449127292470719,0.12210943902750289,0.11343307573228327,0.0,0.9149164781501786,0.5880872735031513,0.2756801969355768,0.2589217117945736,0.3252309656812675,fearful,06,12,12,female,strong,1421
20,0.6673333333333333,True,1.0,0.6267762542447807,0.6412043959774936,0.6339903251111372,0.713119128119173,-0.06064814814814801,-0.058009259259259316,0.30916538243431685,0.24610761733153647,0.19878044349622456,0.8890384510975953,0.014428141732712896,0.0026388888888886908,0.007216790511793426,0.417750654543855,0.12050268440487949,0.11513852882815644,0.0,0.7946419514518274,0.5873451334440026,0.2768248285502229,0.25107169503864396,0.321341163084404,fearful,06,12,12,female,strong,1421
30,1.0010000000000001,True,1.0,0.6220358412427628,0.605542201193425,0.6137890212180939,1.1647231731285568,-0.08953703703703714,-0.08462962962962955,0.4078261966268579,0.4786810733721095,0.19389210073779597,0.5269827503898616,0.016493640049337843,0.004907407407407582,0.03017175394728043,0.2633566577945979,0.11607567133029106,0.11960023534403148,0.0,0.7071067807446058,0.5971174427114596,0.2796399738742619,0.31930098309521776,0.3972526148140648,fearful,06,12,12,female,strong,1421
40,1.3346666666666667,True,1.0,0.6732859569655547,0.6739360194136145,0.6736109881895846,1.0761664029042404,-0.08546296296296291,-0.08356481481481481,0.3422204419514219,0.45224171539961106,0.20907193742222244,0.6259357162346983,0.0006500624480597628,0.0018981481481480933,0.0005981944113983729,0.27751566615454776,0.11281386545561288,0.12252634648256594,0.0,0.8157147206060842,0.6586883497539641,0.30517908279940176,0.28463606863657986,0.4057830150717907,fearful,06,12,12,female,strong,1421
50,1.6683333333333334,True,1.0,0.7577586004506102,0.7972270014622765,0.7774928009564434,0.9542516623930161,-0.07032407407407404,-0.0668981481481481,0.3703514146888381,0.27867435257259576,0.203607537789162,0.8147670385050132,0.039468401011666376,0.0034259259259259434,0.0247637704822587,0.3112472351505422,0.11139007517016145,0.12397592073561363,0.0,0.8133232840069838,0.6506609545458808,0.304983944841969,0.27663532831175264,0.3930310453208267,fearful,06,12,12,female,strong,1421
60,2.0020000000000002,True,1.0,0.6911687568687251,0.6768464832470763,0.6840076200579007,0.8314543266707307,-0.06949074074074069,-0.06587962962962968,0.37736207308968217,0.29382083186721436,0.20284135306689666,0.8226640936451326,0.01432227362164884,0.0036111111111110095,0.005792391269428114,0.35077067242125143,0.11755360017317128,0.1181479109243743,0.0,0.7832116129517388,0.6526883401094813,0.29798736300078954,0.27706649730329364,0.39299196476729453,fearful,06,12,12,female,strong,1421
70,2.3356666666666666,True,1.0,0.820808089644072,0.800522180845318,0.810665135244695,1.9587600898307578,-0.06986111111111115,-0.06708333333333338,0.27123849647038234,0.7616293982032517,0.20504128214762385,0.41386647576362384,0.020285908798754027,0.002777777777777768,0.020375389402217538,0.17869810906243447,0.11583121467550564,0.11983700378333881,0.0,0.8626278642736862,0.6397843271449205,0.300774720009552,0.26558673307886504,0.3752408727205668,fearful,06,12,12,female,strong,1421
80,2.6693333333333333,True,1.0,0.7655628519962173,0.7867219555675073,0.7761424037818623,1.1306997894836313,-0.06513888888888891,-0.06365740740740738,0.30844605372831185,0.4259317391261842,0.19603931605314545,0.6864265926292527,0.021159103571290028,0.001481481481481528,0.019256415384539385,0.27846045584513784,0.11934643264750583,0.11617272845349774,0.0,0.8325707358995623,0.5995337066389056,0.28064835377577074,0.2781263396595891,0.3545493587244406,fearful,06,12,12,female,strong,1421
90,3.003,True,1.0,0.8024128572756146,0.8095794760173903,0.8059961666465025,1.048296083693296,-0.06527777777777782,-0.06263888888888886,0.2981174638245842,0.40649456993219035,0.1980557779337933,0.7688630904799946,0.00716661874177571,0.0026388888888889683,0.009931691336583972,0.3121225805958646,0.11886480474689785,0.1168286607048495,0.0,0.7979231508616659,0.644039157647434,0.29010600691410304,0.26687716386182797,0.3661022041754828,fearful,06,12,12,female,strong,1421
100,3.336666666666667,True,1.0,0.8201992333323779,0.8133471954284494,0.8167732143804136,0.9629603733583543,-0.06486111111111109,-0.06245370370370368,0.303563101117411,0.36525136889895715,0.1980557779337933,0.8481898497358636,0.006852037903928521,0.0024074074074074137,0.005964611655704567,0.32475193427588345,0.11753751761729454,0.11816391040314494,0.0,0.8534792602717678,0.6412874247042567,0.29352264419074353,0.2657092826689948,0.3669351333441858,fearful,06,12,12,female,strong,1421
0,0.0,True,1.0,0.621087788042973,0.6213151282566453,0.6212014581498091,0.6724069168987801,-0.055972222222222145,-0.0539351851851852,0.30732273264347126,0.2298074596831116,0.19045451944182107,0.9238475133701233,0.00022734021367221136,0.0020370370370369484,0.0038292788776534024,0.4614352505344964,0.12246062350703403,0.11305385203580229,0.0,0.6873873544115539,0.6503685022133855,0.2919053427059954,0.2433516285059484,0.34579290349070324,fearful,06,12,12,female,strong,1422
10,0.33366666666666667,True,1.0,0.617062263991214,0.632705460169392,0.624883862080303,0.6564047699019447,-0.05694444444444441,-0.05532407407407414,0.3067940773177789,0.2213494757094865,0.19185922873339611,0.9519794656179138,0.015643196178177998,0.001620370370370272,0.005743030789124546,0.47349884887055177,0.11734012129245076,0.11835993285051687,0.0,0.6955352973032287,0.6503042425251351,0.29251935442887056,0.23866487581407428,0.3467920382105928,fearful,06,12,12,female,strong,1422
20,0.6673333333333333,True,1.0,0.6535813452500351,0.6346979660757633,0.6441396556628992,0.6427421868529489,-0.05736111111111103,-0.05486111111111108,0.31192978955114625,0.21704232728345485,0.19043809459322833,1.002174229167674,0.01888337917427174,0.0024999999999999467,0.004721942228452974,0.4741544050771265,0.11855655367473572,0.1171414587157905,0.0,0.7833561451258094,0.6490582053524535,0.2922878134719863,0.23832718474935474,0.3451532957656609,fearful,06,12,12,female,strong,1422
30,1.0010000000000001,True,1.0,0.6103886401422127,0.5851846137207538,0.5977866269314833,0.9166118880651863,-0.08300925925925923,-0.07907407407407402,0.36202509603401234,0.3176482477158405,0.20580630659388352,0.6521698384179921,0.025204026421458914,0.003935185185185208,0.00644185980330735,0.32639804287126584,0.11581281570575325,0.11985478500050896,0.0,0.7182610118558117,0.6558397800682774,0.299729694705883,0.28922666473499414,0.40692871092673655,fearful,06,12,12,female,strong,1422
40,1.3346666666666667,True,1.0,0.6558501535505988,0.6394936784617095,0.6476719160061541,0.7911736957005377,-0.06449074074074074,-0.06282407407407414,0.34818341709793854,0.23721704464086274,0.20095141135747835,0.8186216497411214,0.016356475088889377,0.0016666666666665941,0.01388455573213682,0.3731861835949827,0.11452524517598886,0.12108569686973081,0.0,0.8943607296964825,0.6052261313040841,0.28844903789435045,0.2608075591150381,0.33386818590284006,fearful,06,12,12,female,strong,1422
50,1.6683333333333334,True,1.0,0.7301426059642036,0.7173809848885657,0.7237617954263846,0.5192196971089411,-0.07101851851851843,-0.07074074074074066,0.3349236474705232,0.17574904454755322,0.2008620205280974,1.393941330531856,0.01276162107563783,0.0002777777777777657,0.012562994959099037,0.5168587554899058,0.11415773476787561,0.12127524650035897,0.0,0.9325286220485903,0.6107827369619722,0.28659716794112094,0.2731392398654676,0.3586739000025505,fearful,06,12,12,female,strong,1422
60,2.0020000000000002,True,1.0,0.7739331357578824,0.7914743816405636,0.7827037586992229,1.0480284402288311,-0.052361111111111136,-0.053518518518518576,0.3024909526961357,0.3739941205956734,0.1842664202149354,0.7468344642711451,0.017541245882681245,0.0011574074074074403,0.010256726647192783,0.2959410130958313,0.11966599642765818,0.11600787502835817,0.0,0.6695060123130601,0.6031871635294743,0.28843403116324917,0.2634978173193834,0.34750399007471205,fearful,06,12,12,female,strong,1422
70,2.3356666666666666,True,1.0,0.7713396766939663,0.7939725955196321,0.7826561361067992,1.3849598145010587,-0.052870370370370456,-0.04986111111111108,0.2838974042710195,0.5214359259166952,0.1789094298938383,0.5651110796949416,0.02263291882566576,0.003009259259259378,0.015207058571117496,0.2379856865198272,0.1162758043328195,0.11940567447026922,0.0,0.8354328048418768,0.6050390651182348,0.2893880472595621,0.25434701717860636,0.34203809763673826,fearful,06,12,12,female,strong,1422
80,2.6693333333333333,True,1.0,0.763598259110065,0.7805316791948406,0.7720649691524528,1.059770223581354,-0.054259259259259285,-0.051620370370370317,0.2873025352481773,0.4119317752460819,0.17883137454304238,0.728521100114854,0.016933420084775608,0.0026388888888889683,0.008919487178266456,0.29211136715535796,0.11924505968554373,0.11644051489928509,0.0,0.9123046071364521,0.599447093837535,0.28814047936000586,0.2528975679798174,0.33705533119916975,fearful,06,12,12,female,strong,1422
90,3.003,True,1.0,0.7855096610396693,0.7939719996689271,0.7897408303542982,0.9427194547711101,-0.05499999999999999,-0.05273148148148149,0.29284124750880247,0.39429912860194116,0.18086333297338336,0.8377262465067566,0.008462338629257715,0.002268518518518503,0.011837834921155187,0.3239243576756668,0.12207151073696115,0.11347389142918315,0.0,0.7949412238705955,0.5967137678118123,0.28660429281034083,0.2569599699081859,0.33393181845404546,fearful,06,12,12,female,strong,1422
100,3.336666666666667,True,1.0,0.7959568382439439,0.7937727998691938,0.7948648190565688,0.9020744936060978,-0.053750000000000075,-0.051064814814814785,0.299898373161147,0.37583856643548863,0.1787609675488494,0.881152082993776,0.002184038374750119,0.0026851851851852904,0.012092410819847039,0.3307372139679771,0.11797970081113539,0.11756046962367826,0.0,0.7213553893313963,0.5947458935683648,0.2868670376964396,0.2508361260353381,0.3320818107566358,fearful,06,12,12,female,strong,1422
0,0.0,True,1.0,0.6374463910225927,0.6550012153490599,0.6462238031858263,0.7156990156066447,-0.05740740740740735,-0.055972222222222257,0.30240449508694955,0.2235675371485368,0.19253594035313737,0.9029267738171618,0.017554824326467156,0.001435185185185095,0.00634030157553385,0.4224480430992349,0.12049397109329792,0.11514764739124654,0.0,0.9169107415262738,0.5931827786583383,0.28054651925348867,0.24402651751074572,0.3158517466095886,fearful,06,12,12,female,strong,1423
10,0.33366666666666667,True,1.0,0.6683366590206011,0.6663178496179574,0.6673272543192792,0.7048836720488121,-0.05777777777777776,-0.055972222222222257,0.2996507045686813,0.2258303166289954,0.19389210073779603,0.9467196940165012,0.002018809402643762,0.0018055555555555047,0.0005652674474231437,0.43553947800420856,0.12066285220700086,0.11497066524418195,0.0,0.8636911071814486,0.5930527279896333,0.27898082886243475,0.2502969086119669,0.32284589631787275,fearful,06,12,12,female,strong,1423
20,0.6673333333333333,True,1.0,0.6635741043377417,0.6550012153490593,0.6592876598434005,0.6965963605470659,-0.056342592592592555,-0.054583333333333484,0.3030380357609587,0.21424822220579665,0.19461740218971757,0.946441436078757,0.008572888988682359,0.0017592592592590717,0.003273209073922731,0.4355394780042096,0.12044399758874567,0.11519991846428568,0.0,0.848583529108714,0.5932448950517708,0.27884602371742684,0.24758049388889125,0.3199112643358792,fearful,06,12,12,female,strong,1423
30,1.0010000000000001,True,1.0,0.6273181389309594,0.5822367014837311,0.6047774202073453,0.8742914524608809,-0.08652777777777781,-0.08300925925925928,0.36903825037446664,0.3058810539292666,0.20586746424767738,0.691734339281334,0.04508143744722837,0.003518518518518532,0.01087269103280363,0.33736659525199636,0.11335311734537988,0.12218366730851107,0.0,0.7964377389012667,0.6606840775607119,0.30216381125230274,0.2817894170633196,0.39877555547621674,fearful,06,12,12,female,strong,1423
40,1.3346666666666667,True,1.0,0.6383928036940648,0.6504659601128584,0.6444293819034617,0.9003760267560856,-0.08175925925925925,-0.07861111111111108,0.32742422734328436,0.4158370085946665,0.2009922608886078,0.7157336076852693,0.012073156418793585,0.0031481481481481777,0.032501354646403226,0.33984024727831025,0.11446270442241407,0.12114481856589575,0.0,0.7436122811939225,0.604484889776223,0.2929789929544417,0.2992013818243278,0.38236235847429817,fearful,06,12,12,female,strong,1423
50,1.6683333333333334,True,1.0,0.5785872477159234,0.59673417264045,0.5876607101781868,0.9032416031027996,-0.08337962962962958,-0.07847222222222222,0.3661364943670011,0.38327181220796963,0.19889095009340113,0.650612979029603,0.01814692492452663,0.00490740740740736,0.034229708768476357,0.322138506785255,0.11379827793661547,0.12176916566725021,0.0,0.9011457893613277,0.6055651807754351,0.2883584036349977,0.29619108023781215,0.3968036137642902,fearful,06,12,12,female,strong,1423
60,2.0020000000000002,True,1.0,0.6164078669627149,0.6020877761874217,0.6092478215750683,0.8523623908712301,-0.07722222222222219,-0.07388888888888895,0.37496693255932345,0.3157244424396542,0.1954030075788308,0.7147755791434371,0.01432009077529317,0.0033333333333332438,0.029805003449495455,0.35898016147216427,0.11368585316331235,0.1218741340862572,0.0,0.9311240413294688,0.6071116207967562,0.2904256240820774,0.30460781460275554,0.4060539069564539,fearful,06,12,12,female,strong,1423
70,2.3356666666666666,True,1.0,0.7638285132368557,0.738229755178908,0.7510291342078819,1.5809986928459099,-0.07185185185185172,-0.06819444444444445,0.28177579412834025,0.624351246380986,0.20044049391667973,0.47503463323930784,0.025598758057947757,0.003657407407407276,0.03567507328015053,0.20971053122286187,0.11595626786184778,0.11971600441344873,0.0,0.9072444701405862,0.5939917526776335,0.2864026115071704,0.2804640420511577,0.3615268685870829,fearful,06,12,12,female,strong,1423
80,2.6693333333333333,True,1.0,0.7698557350612936,0.7543259863024382,0.7620908606818659,1.0011301610731402,-0.06902777777777774,-0.06662037037037033,0.3024208546078986,0.3908402053370322,0.19881421591760165,0.7612305475493405,0.015529748758855377,0.0024074074074074137,0.020593344720014766,0.3187075842552877,0.11715458947689457,0.1185435782051054,0.0,0.7652058624660131,0.5921225432594914,0.28718842312589327,0.2715912274338053,0.3562165419990428,fearful,06,12,12,female,strong,1423
90,3.003,True,1.0,0.840139253916762,0.8081621017731975,0.8241506778449798,0.946172421179787,-0.07009259259259254,-0.06796296296296289,0.3092022853969118,0.37266159113530956,0.20081757519556567,0.8710364616391401,0.03197715214356456,0.002129629629629648,0.012118622936294999,0.33994504994535674,0.11486193874236326,0.12076635623152573,0.0,0.9097798859092467,0.6424655297118848,0.2971931779953078,0.2633726843604143,0.36421113626989843,fearful,06,12,12,female,strong,1423
100,3.336666666666667,True,1.0,0.8135794705629803,0.825433489167728,0.8195064798653542,0.8802574554750805,-0.06912037037037028,-0.06601851851851848,0.30823558945713886,0.3846902353598375,0.20015252972733066,0.930984991684122,0.011854018604747663,0.0031018518518518,0.005991413329411218,0.36526186062009947,0.11878812187645223,0.11690662885666116,0.0,0.7522391106297961,0.6390319641841112,0.2951972536020082,0.2649838939951352,0.35805871713655657,fearful,06,12,12,female,strong,1423
0,0.0,True,1.0,0.5776977770339693,0.6071990364639278,0.5924484067489486,0.5939971014002118,-0.05351851851851852,-0.05263888888888896,0.3136098455021681,0.1185547001330123,0.20851050409233648,0.9973927572245513,0.029501259429958515,0.0008796296296295636,0.01435361872558682,0.5203056326080016,0.12405719154224142,0.11129955523951025,0.0,0.812948186029181,0.62940386656225,0.2840873575108048,0.23508458988585812,0.3197603050290888,disgust,07,12,12,female,normal,1424
10,0.33366666666666667,True,1.0,0.5939465646449179,0.6266433156848421,0.6102949401648801,0.5958342874106035,-0.0534722222222222,-0.05379629629629634,0.3223586103099692,0.11572959243472014,0.2076756292107354,1.0242695881385413,0.0326967510399242,0.00032407407407414324,0.00887155635255359,0.5335611008207469,0.11980660276905747,0.1158626587918295,0.0,0.8297301602363077,0.6344316821650535,0.2829924673440095,0.22900673676278638,0.3211236260934025,disgust,07,12,12,female,normal,1424
20,0.6673333333333333,True,1.0,0.6305914818889744,0.6566028116754922,0.6435971467822332,0.5782936150038329,-0.055555555555555525,-0.0566666666666667,0.32214923979531873,0.12377627762835842,0.2091098853667772,1.112924524988863,0.026011329786517767,0.0011111111111111738,0.0027786664281864437,0.5487708379650575,0.12109403986637331,0.11451642361835374,0.0,0.8503309936895392,0.631476915336447,0.2834622270031642,0.23002257336674745,0.31987208214747087,disgust,07,12,12,female,normal,1424
30,1.0010000000000001,True,1.0,0.5458462929766813,0.5678440415858402,0.5568451672812608,1.2444776494323793,-0.06944444444444448,-0.06893518518518527,0.3263368510195772,0.4040404040404039,0.2243722119150429,0.44745292736695136,0.02199774860915893,0.0005092592592592093,0.0024960916417924484,0.26297999600233857,0.11678666106949427,0.11890607034689547,0.0,0.883047482380536,0.6420122924091511,0.29680941616190964,0.27280353219487175,0.3718440767783113,disgust,07,12,12,female,normal,1424
40,1.3346666666666667,True,1.0,0.5158437277191805,0.5477501642493373,0.5317969459842589,1.046371975016071,-0.06722222222222235,-0.06814814814814812,0.293252756203285,0.34251939363743145,0.22190251134237104,0.5082293473848926,0.03190643653015679,0.0009259259259257746,0.014262214202653166,0.34309985760728523,0.11614576358892488,0.11953216876290577,0.0,0.8392969707616004,0.6404215921681172,0.2975585484809092,0.26258686379578283,0.3545093491043326,disgust,07,12,12,female,normal,1424
50,1.6683333333333334,True,1.0,0.5800410786962261,0.5726238582689884,0.5763324684826072,1.6184135995407887,-0.07018518518518524,-0.07120370370370366,0.2917493389707572,0.5544477331525334,0.2215011766726333,0.35610950664659313,0.007417220427237692,0.0010185185185184187,0.01860200834279227,0.2088031335743997,0.11801280939812771,0.11768922884987199,0.0,0.7238921369215073,0.6354014927846139,0.2982286095912368,0.2730369822369555,0.36710501957241554,disgust,07,12,12,female,normal,1424
60,2.0020000000000002,True,1.0,0.6075796559175898,0.6487145212616926,0.6281470885896412,0.7414144667350573,-0.06194444444444447,-0.06337962962962962,0.31182033373091045,0.18079573031941326,0.22163933496498991,0.8472279902438268,0.04113486534410282,0.0014351851851851505,0.02069446963162191,0.4495910833804241,0.11874475294689213,0.11695067942094861,0.0,0.8130825688234182,0.6347416944981117,0.2848929963167597,0.250656063720509,0.3330086396119523,disgust,07,12,12,female,normal,1424
70,2.3356666666666666,True,1.0,0.5734419948884486,0.5703711380095846,0.5719065664490166,0.931613042108503,-0.06671296296296303,-0.06435185185185188,0.32554507220675527,0.2327154979114185,0.22712398246892257,0.613888535903953,0.0030708568788639923,0.002361111111111147,0.032346350453684135,0.3553340146586822,0.11660864195129844,0.11908065498361889,0.0,0.8394230179973627,0.6336810465436175,0.2918915301036726,0.26356792240219173,0.3468952382940874,disgust,07,12,12,female,normal,1424
80,2.6693333333333333,True,1.0,0.5585552460113153,0.5856511793230603,0.5721032126671879,1.1087391485217053,-0.06240740740740741,-0.06078703703703703,0.3043241068318391,0.3255821309151041,0.22022759341470943,0.5159944189126718,0.02709593331174498,0.0016203703703703831,0.013097478926217253,0.27678571428571497,0.11975727409714887,0.11591364488441709,0.0,0.8519525004342141,0.6375874066267133,0.28365302245765556,0.2634227697404072,0.3398715938225881,disgust,07,12,12,female,normal,1424
90,3.003,True,1.0,0.5428828842051576,0.5383149845269385,0.540598934366048,0.7316474120399367,-0.06097222222222226,-0.0602314814814815,0.31112336006468666,0.19160475807829577,0.22016695942028897,0.7388790358169676,0.004567899678219134,0.000740740740740764,0.01177143724601496,0.45531630995844774,0.11973827275752745,0.11593327307698356,0.0,0.8459104964608015,0.5835213171127825,0.27420525686469094,0.25724217395322446,0.31212427251225255,disgust,07,12,12,female,normal,1424
100,3.336666666666667,True,1.0,0.628672697662408,0.5777515316027527,0.6032121146325804,0.6962855168478563,-0.057592592592592695,-0.05796296296296294,0.30609724025793683,0.16535146161085829,0.222965945682357,0.866328682755564,0.05092116605965524,0.00037037037037024323,0.025195668265637763,0.47873081554584207,0.11874714917853564,0.11694824638000541,0.0,0.8242111049528713,0.6367271570034264,0.2880370963424055,0.25576819612938256,0.33393348205477186,disgust,07,12,12,female,normal,1424
110,3.6703333333333332,True,1.0,0.5855634587913279,0.5905971351075595,0.5880802969494436,0.7938407710526205,-0.06060185185185191,-0.059675925925925966,0.3092452240835738,0.19846019276315444,0.22229945642032806,0.7408038468087981,0.005033676316231639,0.0009259259259259411,0.01759588719469161,0.42798913043478265,0.11842950033740722,0.11726990755977357,0.0,0.9209688908853958,0.6379761064425771,0.28697908916112946,0.25730677165315047,0.33560550765126207,disgust,07,12,12,female,normal,1424
0,0.0,True,1.0,0.5837000295730558,0.5954378589020122,0.589568944237534,0.6881144693972916,-0.07199074074074074,-0.0712962962962963,0.3062588187617155,0.31812714519686447,0.2008464467873758,0.8567890524870492,0.011737829328956395,0.000694444444444442,0.003719713238394277,0.4525902892961408,0.12373967390204374,0.11165245573987335,0.0,0.7099075108899846,0.5883834334671368,0.28067158739004433,0.27711448048298537,0.35395899683896564,disgust,07,12,12,female,normal,1425
10,0.33366666666666667,True,1.0,0.5811121841847056,0.591702900481343,0.5864075423330243,0.7119658289215854,-0.07064814814814818,-0.07111111111111107,0.3032108242175241,0.33858603056218906,0.20013766319340198,0.8236456280791674,0.010590716296637437,0.0004629629629628873,0.005471705490889581,0.4396599994984993,0.12187864100795305,0.11368102144142649,0.0,0.7307741235714567,0.5871258886054421,0.281589428173699,0.2755981641297372,0.35566558384749947,disgust,07,12,12,female,normal,1425
20,0.6673333333333333,True,1.0,0.5866211902933818,0.5994204393859872,0.5930208148396845,0.8695213954842154,-0.06800925925925927,-0.06842592592592595,0.2945786943959325,0.3351050287965325,0.20627996053698627,0.6820083070060002,0.012799249092605436,0.0004166666666666763,0.001237227137598044,0.38893023717452313,0.116900567203929,0.1187940872123757,0.0,0.903638153253176,0.6501608630092662,0.29288065045139167,0.25266535410405105,0.3614278392393291,disgust,07,12,12,female,normal,1425
30,1.0010000000000001,True,1.0,0.4931408554551149,0.5070828010609865,0.5001118282580507,1.1322175923408322,-0.05893518518518526,-0.05453703703703705,0.3421917366723273,0.3459448182005484,0.19883225111080471,0.44170999606540445,0.013941945605871586,0.0043981481481482065,0.00227891396342094,0.2968659405087025,0.11928463647181875,0.11639997109578142,0.0,0.9357568954122398,0.5991302072547768,0.28481975305204976,0.26739451690869304,0.34827817641322945,disgust,07,12,12,female,normal,1425
40,1.3346666666666667,True,1.0,0.49550269397514896,0.466850031309456,0.48117636264230246,0.816699425579964,-0.047685185185185164,-0.0461111111111111,0.27750732053054383,0.22360002829819228,0.19242812793720382,0.5891719126661611,0.02865266266569294,0.001574074074074061,0.005718701277066002,0.3757214028643815,0.11986312821405679,0.11580418068564843,0.0,0.8277002272186366,0.6458124576080432,0.29515321694503494,0.25351789378173706,0.3504072774091442,disgust,07,12,12,female,normal,1425
50,1.6683333333333334,True,1.0,0.5155516592312562,0.5132873182938114,0.5144194887625337,1.2626010888755541,-0.04662037037037037,-0.04842592592592582,0.3098380857374628,0.4120486706676269,0.19097861416070602,0.40742835824786505,0.0022643409374448753,0.0018055555555554492,0.014678998454895854,0.26595539708412036,0.1180554608218878,0.11764644465131024,0.0,0.7562274226330676,0.5958553926179847,0.2790639419931177,0.26976662477667906,0.3368446608552032,disgust,07,12,12,female,normal,1425
60,2.0020000000000002,True,1.0,0.5320335210979137,0.5249825405819658,0.5285080308399397,1.2074792712433118,-0.040740740740740744,-0.044907407407407396,0.31515369640712565,0.3104946697482805,0.19448367737260402,0.43769532399156463,0.00705098051594788,0.004166666666666652,0.008775780731437114,0.2732142857142851,0.11973842843954548,0.11593311228446121,0.0,0.9501437009177381,0.5834929006837111,0.2780645737773039,0.253665041062152,0.3125634311136327,disgust,07,12,12,female,normal,1425
70,2.3356666666666666,True,1.0,0.5404049640230824,0.5549583103693484,0.5476816371962154,0.9167985500599924,-0.04175925925925922,-0.04351851851851857,0.2941646859443581,0.2712975301197928,0.19243883260522998,0.59738492950319,0.014553346346266038,0.0017592592592593492,0.008418071276590697,0.321428571428572,0.12252087526766271,0.1129885520454305,0.0,0.9292215026385023,0.5815668972276411,0.27987627500912177,0.26006571960752367,0.3183290649399473,disgust,07,12,12,female,normal,1425
80,2.6693333333333333,True,1.0,0.5009653064064075,0.4819380685934736,0.4914516874999405,1.0167907321227454,-0.03861111111111126,-0.039305555555555594,0.33587327828817,0.21784899750310613,0.19583956661179178,0.4833361201807386,0.01902723781293386,0.000694444444444331,0.0006707078073174557,0.32294098693335915,0.11930882549022968,0.11637517746226728,0.0,0.807758596252734,0.6368408839160664,0.28314575119834695,0.24584984819722236,0.3334269412147199,disgust,07,12,12,female,normal,1425
90,3.003,True,1.0,0.5143516020346268,0.4899446078186978,0.5021481049266623,0.8022708507979428,-0.04092592592592603,-0.04185185185185181,0.3194173688727141,0.17548469944765385,0.19656659489174175,0.6259084502786348,0.024406994215929012,0.0009259259259257746,0.0031008872778424956,0.4238985138882978,0.12349690016556815,0.11192092485023128,0.0,0.8099330741800262,0.6313482421718688,0.28553892362903743,0.2394626672685496,0.3205812011587063,disgust,07,12,12,female,normal,1425
100,3.336666666666667,True,1.0,0.5572155145947463,0.5286410452137544,0.5429282799042503,0.8371729160851344,-0.04259259259259268,-0.04458333333333331,0.31409315785948816,0.22209246688105308,0.19660385211087322,0.6485258534678138,0.02857446938099184,0.0019907407407406263,0.0034419753847081632,0.40175924303461175,0.1211298497342024,0.11447854503384021,0.0,0.8291886887595579,0.6329252631677672,0.28626932989237186,0.2369527513646056,0.319917900668721,disgust,07,12,12,female,normal,1425
0,0.0,True,1.0,0.6493452171603565,0.6480790905426591,0.6487121538515078,0.6718199453519482,-0.05796296296296294,-0.05625000000000008,0.309763206491536,0.22384686959331065,0.1944762237252906,0.9656041895446631,0.0012661266176974273,0.0017129629629628607,0.003221942230203512,0.478517190459557,0.11947626913192656,0.11620326537521519,0.0,0.6979808915606153,0.6456937544627227,0.29656925154926495,0.2441179536853229,0.34564754388557606,disgust,07,12,12,female,normal,1426
10,0.33366666666666667,True,1.0,0.6851698900347978,0.6659842864991459,0.6755770882669718,0.6413739872250863,-0.05754629629629637,-0.057361111111111085,0.31798393567244715,0.21088588776648756,0.19800338183938943,1.0533278581968466,0.019185603535651907,0.00018518518518528815,0.0014346348573317392,0.4910988620048431,0.11587612857196963,0.11947507146307829,0.0,0.7891059765732218,0.6445305337056696,0.29810924143142997,0.24053361883604402,0.34340684087313317,disgust,07,12,12,female,normal,1426
20,0.6673333333333333,True,1.0,0.5920829426247181,0.6158012724977113,0.6039421075612147,1.0578191639715726,-0.06412037037037033,-0.06546296296296295,0.3076961245894823,0.3640279857271455,0.20918867833246066,0.5709313350816215,0.02371832987299327,0.0013425925925926174,0.0045110792961238115,0.3230383889336476,0.11765674900878222,0.11804519127037479,0.0,0.7614316532574587,0.6462175998915192,0.29415199073643306,0.2597810228870752,0.36359517750781106,disgust,07,12,12,female,normal,1426
30,1.0010000000000001,True,1.0,0.5215441762560941,0.528198493794423,0.5248713350252585,1.2384234758020483,-0.07847222222222211,-0.07652777777777786,0.298666807879717,0.41275296748935136,0.2204104337536782,0.4238221781812822,0.006654317538328902,0.0019444444444442488,0.0027980699174970287,0.26937603153181694,0.1148705038989935,0.1207582092568986,0.0,0.813646424524188,0.6449534529124151,0.2953946138927488,0.2752166823908753,0.37969309804367174,disgust,07,12,12,female,normal,1426
40,1.3346666666666667,True,1.0,0.46149813852388977,0.4755690686409721,0.4685336035824309,1.0767071508024733,-0.07430555555555551,-0.07537037037037042,0.30672938533796135,0.3733128029275416,0.21954489768136606,0.4351541672526567,0.014070930117082325,0.0010648148148149073,0.006073741625939066,0.3010783945978468,0.11423070237624741,0.12136360411383441,0.0,0.7736506816612431,0.6445501876688176,0.2986959600253426,0.27723346490262873,0.3783144262751856,disgust,07,12,12,female,normal,1426
50,1.6683333333333334,True,1.0,0.5193070186380949,0.5573577610129121,0.5383323898255035,1.103206914343836,-0.0637962962962963,-0.07222222222222213,0.3197383171072518,0.3760386416735458,0.2112036072953488,0.4879704639502664,0.038050742374817204,0.008425925925925837,0.009656867602837932,0.2828366902183869,0.11940654236919182,0.11627491306748752,0.0,0.7316243687579439,0.5912961796828106,0.2791621767457437,0.28338912866539145,0.3489606581300727,disgust,07,12,12,female,normal,1426
60,2.0020000000000002,True,1.0,0.5054431973735425,0.5036666095040269,0.5045549034387846,0.936407706964433,-0.06731481481481483,-0.06791666666666663,0.36223623266540106,0.21544513440994356,0.21259189189618688,0.5388196825872011,0.0017765878695156223,0.0006018518518517979,0.02375880383997321,0.33365183010158933,0.1151577753914434,0.1204842916567209,0.0,0.7535663013190907,0.60717628868735,0.28389331167335696,0.2673836151216229,0.34701541514279155,disgust,07,12,12,female,normal,1426
70,2.3356666666666666,True,1.0,0.5723802597466946,0.5468710855324358,0.5596256726395652,0.9770882213424389,-0.0737500000000001,-0.07421296296296298,0.2707491386541824,0.4685726612488875,0.21814510723058167,0.5727483562033789,0.0255091742142588,0.0004629629629628873,0.024639033190195305,0.3126043259878778,0.11481039297291591,0.12081536092039567,0.0,0.8687924036412904,0.6438066777492247,0.29791840237302536,0.27477790413679765,0.3793841748438499,disgust,07,12,12,female,normal,1426
80,2.6693333333333333,True,1.0,0.5630955935403821,0.5441490802548449,0.5536223368976134,0.8365076155615868,-0.07245370370370369,-0.07240740740740748,0.3174152353602971,0.28168113585237153,0.21607428970609985,0.6618258179585619,0.018946513285537203,4.6296296296211015e-05,0.005349501235980601,0.4017857142857136,0.11723444036982042,0.1184646097386139,0.0,0.700124085699112,0.6465620948535664,0.2962283410510034,0.2702092041145398,0.36464374793026094,disgust,07,12,12,female,normal,1426
90,3.003,True,1.0,0.5631146761188753,0.5611637071809428,0.562139191649909,0.7688416748445318,-0.06972222222222224,-0.06999999999999984,0.31526245149309157,0.23917650279497993,0.21745094877571072,0.7311507818089852,0.0019509689379325623,0.00027777777777759916,0.004840893021470945,0.4124677772135582,0.1185037912584197,0.117194834471423,0.0,0.7936520546278386,0.589526425992272,0.2789762981426741,0.28783453126402053,0.3491893118566799,disgust,07,12,12,female,normal,1426
100,3.336666666666667,True,1.0,0.6253080944946843,0.6087118003187932,0.6170099474067388,0.7546698107274957,-0.07027777777777777,-0.06972222222222219,0.3201205503859471,0.25992151811957914,0.21472550407600502,0.8175892802866277,0.016596294175891035,0.0005555555555555869,0.0032831353264494876,0.41306587519613464,0.1177321861277127,0.1179699543050312,0.0,0.8868239153037502,0.588821910318815,0.2787338164459063,0.2850465691197632,0.34775577144688835,disgust,07,12,12,female,normal,1426
0,0.0,True,1.0,0.59480519796399,0.5917029004813442,0.5932540492226671,0.7266409734942063,-0.06939814814814815,-0.0683333333333333,0.3026779918551504,0.3275972240500394,0.19736182297188903,0.8164335220045189,0.0031022974826457883,0.0010648148148148517,0.004809100863902811,0.4413524314293672,0.12293122526537481,0.11254195495335716,0.0,0.8173073308660198,0.5907801444718512,0.2829271657057167,0.2744003729502221,0.354725068707025,disgust,07,12,12,female,normal,1427
10,0.33366666666666667,True,1.0,0.5502624643611208,0.559106485056445,0.5546844747087829,0.7253910086211236,-0.06861111111111107,-0.06763888888888892,0.302480147659472,0.3181949441766173,0.19807080072715028,0.7646696307459997,0.008844020695324195,0.0009722222222221522,0.0003259414039435878,0.44135243142936614,0.11899122418929557,0.11669989860917428,0.0,0.9552337000689787,0.5891700989849065,0.28113621338725925,0.2639696575728882,0.3458304677631679,disgust,07,12,12,female,normal,1427
20,0.6673333333333333,True,1.0,0.15496755230586864,0.15152186729921477,0.1532447098025417,0.6427421868529489,-0.07546296296296301,-0.07074074074074066,0.313023770394637,0.21704232728345485,0.19045451944182107,0.23842329465391401,0.0034456850066538758,0.00472222222222235,0.011535032861523067,0.4892541750097405,0.12176132745393226,0.11380666459595858,0.0,0.6636694056223728,0.5884708263070854,0.27817913328538935,0.2618647490679722,0.3321669958644582,disgust,07,12,12,female,normal,1427
30,1.0010000000000001,True,1.0,0.39547425769225275,0.3830135985067379,0.3892439280994953,1.1359101096426274,-0.04754629629629631,-0.04249999999999998,0.31069466137889806,0.41053686556321334,0.17099447946145344,0.3426714180948321,0.012460659185514866,0.0050462962962963265,0.03003471847046609,0.31483262821131797,0.11802710291647216,0.11767489429164976,0.0,0.7962998379788175,0.6552803423713235,0.29260996604889006,0.2554830652604537,0.3655188861625391,disgust,07,12,12,female,normal,1427
40,1.3346666666666667,True,1.0,0.36399010824705574,0.3683857640059831,0.36618793612651945,1.002401040771333,-0.04648148148148151,-0.04305555555555546,0.288281286154933,0.43461276267942334,0.17049008891602965,0.36531080997755466,0.004395655758927364,0.0034259259259260544,0.01687581695642422,0.29928658463851376,0.1197440936795046,0.11592726080652724,0.0,0.8561477388132551,0.597873943139756,0.2787684784487621,0.2601117880916646,0.3280137105023666,disgust,07,12,12,female,normal,1427
50,1.6683333333333334,True,1.0,0.46624697440653085,0.43581359537505826,0.45103028489079455,1.1606850097701835,-0.04814814814814816,-0.04328703703703701,0.3043767664402181,0.44635046292874114,0.17665901492733793,0.3885897388991858,0.030433379031472585,0.004861111111111149,0.019323117050391532,0.28718673070425293,0.12240739470953113,0.1131114825746925,0.0,0.9361921186668302,0.5891711398074855,0.28014708120486403,0.2705357862510858,0.34278270681446854,disgust,07,12,12,female,normal,1427
60,2.0020000000000002,True,1.0,0.47666736882487876,0.47882556694622885,0.4777464678855538,1.0782313975654776,-0.04541666666666666,-0.04231481481481486,0.31866469654527657,0.3419550957421325,0.18273285421608915,0.4430834317793475,0.0021581981213500967,0.0031018518518518,0.030674507934169617,0.30492313590291387,0.11856832063645706,0.11712954841000726,0.0,0.8444122885752103,0.5886952377044569,0.2816515074787427,0.2549785927316198,0.3203747509695808,disgust,07,12,12,female,normal,1427
70,2.3356666666666666,True,1.0,0.512330165926023,0.549407073211027,0.530868619568525,0.8621196229908412,-0.03643518518518507,-0.035370370370370274,0.2894192773999992,0.21512817840271067,0.1939235771116179,0.6157714143274579,0.03707690728500401,0.0010648148148147962,0.035104787755443054,0.37631023316054546,0.11967134949381036,0.1160023529053958,0.0,0.8850204288805132,0.5762800751472464,0.2729708880422669,0.23707340114677203,0.29336529179537213,disgust,07,12,12,female,normal,1427
80,2.6693333333333333,True,1.0,0.5393898950096953,0.5905608074160276,0.5649753512128615,1.0231989704345883,-0.038425925925925974,-0.03847222222222224,0.30952683772391787,0.2600289939463991,0.19487126568121646,0.5521656760198818,0.051170912406332314,4.6296296296266526e-05,0.03167274440738782,0.3185707656457553,0.12287734547843246,0.1126007803617276,0.0,0.7776592554608299,0.5738813811149459,0.27147037548335773,0.24728118779392133,0.30336920785072574,disgust,07,12,12,female,normal,1427
90,3.003,True,1.0,0.5791907726967923,0.5637334726602719,0.5714621226785321,0.7817921263108656,-0.04194444444444456,-0.045787037037037015,0.299590388957241,0.23096516442760945,0.19662713428789932,0.7309642850653378,0.01545730003652046,0.003842592592592453,0.009564134439886098,0.4224522190028016,0.12354927686992581,0.11186310363412336,0.0,0.7950728756356676,0.5843733844787915,0.27201587186700815,0.24573923858913058,0.30685777098748945,disgust,07,12,12,female,normal,1427
100,3.336666666666667,True,1.0,0.617667337005543,0.5946854737981434,0.6061764054018433,0.7179487179487182,-0.04009259259259251,-0.044861111111111074,0.31303318416539655,0.1880341880341874,0.1993916667032484,0.8443171360954242,0.02298186320739959,0.004768518518518561,0.0190012480977303,0.44260515504338016,0.12168544557421036,0.11388779611942824,0.0,0.8386777332176245,0.5864963342993449,0.27165260290666876,0.2452554018429281,0.3075093994588675,disgust,07,12,12,female,normal,1427
0,0.0,True,1.0,0.6102956597911914,0.6321921597094565,0.621243909750324,0.6644341244396577,-0.05712962962962964,-0.05458333333333326,0.3126660950584453,0.2211103750134578,0.1974449177954996,0.9349969950358019,0.021896499918265144,0.0025462962962963798,0.01829348642924137,0.4813370997671362,0.12264903925565929,0.11284941709897993,0.0,0.7371716808301061,0.632003512530012,0.28805625261555323,0.23512690904793698,0.3303183303857398,disgust,07,12,12,female,strong,1428
10,0.33366666666666667,True,1.0,0.5936357850291818,0.6232067898759177,0.6084212874525498,0.6549532076163587,-0.05754629629629626,-0.05370370370370375,0.30995996156782823,0.21523301228501587,0.19671558142997747,0.9289538250630797,0.029571004846735915,0.0038425925925925086,0.016380541269967484,0.49920764554892133,0.1196665113363526,0.11600734387986077,0.0,0.8016345991663341,0.631092424907463,0.2888688597960942,0.2311433666625832,0.3315925680597685,disgust,07,12,12,female,strong,1428
20,0.6673333333333333,True,1.0,0.5555489502467409,0.5695736551775744,0.5625613027121577,1.1887339163879058,-0.049537037037037046,-0.04726851851851854,0.3200026405480915,0.4100811039442925,0.1877342286984449,0.4732440918498901,0.01402470493083352,0.002268518518518503,0.01714799174672945,0.278637177079186,0.12171147502481768,0.11385997811795408,0.0,0.701320699266298,0.5851403371661165,0.27614566213306213,0.26652705058249226,0.3258551500545162,disgust,07,12,12,female,strong,1428
30,1.0010000000000001,True,1.0,0.42486110393092746,0.425363260385623,0.42511218215827523,1.1521406747524372,-0.038194444444444475,-0.03611111111111115,0.34317237126748373,0.3599451125551839,0.17639970187254403,0.36897593451391686,0.0005021564546955348,0.002083333333333326,0.014185540027004461,0.28931652239858435,0.11953117233855443,0.1161467890586754,0.0,0.8461822016248985,0.5968810910457933,0.2781829110128319,0.26949546560369664,0.33623994592772166,disgust,07,12,12,female,strong,1428
40,1.3346666666666667,True,1.0,0.08976157061865671,0.09121964827189397,0.09049060944527534,0.9057709781405368,-0.05481481481481476,-0.05384259259259261,0.29062981352297973,0.36605788621263435,0.17165627413460113,0.0999045140870423,0.001458077653237258,0.0009722222222221522,0.002820550963029655,0.3495732346389385,0.11971500615529454,0.11579288027780603,0.0,0.9179306121477036,0.6040542726387429,0.2800527046102999,0.27099969465294244,0.3476173896724099,disgust,07,12,12,female,strong,1428
50,1.6683333333333334,True,1.0,0.4630096622696924,0.489473871219929,0.4762417667448107,1.9984017660417777,-0.04976851851851849,-0.04805555555555552,0.27835165268671663,0.8881642264723858,0.16528193221939325,0.2383113219961269,0.0264642089502366,0.0017129629629629717,0.011548018851175616,0.17075081619561075,0.11906762473633539,0.11662194694430095,0.0,0.6639493650652856,0.5986852276457458,0.2802615207334235,0.27653671934993346,0.360667212637385,disgust,07,12,12,female,strong,1428
60,2.0020000000000002,True,1.0,0.4091201275256989,0.37361436121145386,0.3913672443685764,0.7564718461364013,-0.05148148148148146,-0.04393518518518508,0.3226962634415862,0.3166355426284817,0.1812769376534147,0.5173586384839602,0.03550576631424501,0.007546296296296384,0.01051310278845938,0.4185688393370687,0.119897233444305,0.11576886965733094,0.0,0.6984974227613655,0.6061844951339911,0.27993177941236275,0.2532272476109955,0.3267640284900281,disgust,07,12,12,female,strong,1428
70,2.3356666666666666,True,1.0,0.43580115286398413,0.4268251567064926,0.43131315478523835,0.8857799114976844,-0.048842592592592604,-0.04546296296296298,0.3366150743659474,0.27576167056060036,0.1826388888888889,0.48693038664194843,0.008975996157491506,0.0033796296296296213,0.0008574446777936567,0.3714622641509436,0.11707392972805114,0.11862323864578998,0.0,0.8496367470783627,0.5981340936687176,0.27967357348071453,0.26535657977445154,0.33213996384860694,disgust,07,12,12,female,strong,1428
80,2.6693333333333333,True,1.0,0.5250926975604632,0.4926329959901607,0.5088628467753119,1.2297592972108486,-0.053379629629629666,-0.05199074074074084,0.2455031985659216,0.5919778748025408,0.18079878115456233,0.41379060758429437,0.03245970157030248,0.0013888888888888284,0.016571061764136415,0.26036017102294595,0.11945481311012049,0.11622532165743005,0.0,0.8766155799538079,0.6094380976453082,0.27970235682972905,0.25660565894556553,0.33137080594094487,disgust,07,12,12,female,strong,1428
90,3.003,True,1.0,0.5312560074124816,0.511399085264326,0.5213275463384037,1.1015519683027346,-0.050231481481481544,-0.050694444444444375,0.2969420480775951,0.4368017907052273,0.18088653224666923,0.47326641079100645,0.019856922148155598,0.0004629629629628318,0.02880718217125512,0.30260336591012676,0.12041230196188091,0.11523304780288038,0.0,0.8031534296610433,0.6108003713360345,0.28168115495022644,0.25091095990908524,0.3288517783223943,disgust,07,12,12,female,strong,1428
100,3.336666666666667,True,1.0,0.5470573078182559,0.5136150179645552,0.5303361628914056,0.9252868838293903,-0.051805555555555494,-0.050277777777777866,0.2977771698174828,0.3682021527225112,0.18517145459170178,0.573158630214834,0.03344228985370068,0.001527777777777628,0.03135593580787603,0.35642856242064763,0.12022040096101538,0.1154332402834352,0.0,0.8524138791904131,0.6092721423725741,0.2816553893430738,0.24293634762097904,0.31432044448388,disgust,07,12,12,female,strong,1428
110,3.6703333333333332,True,1.0,0.5077925815892397,0.48864431030318933,0.4982184459462145,0.9245588287273967,-0.04847222222222225,-0.047361111111111076,0.30292049499595536,0.32357511446471704,0.18796978906612227,0.5388715465861531,0.019148271286050345,0.0011111111111111738,0.03508477226610102,0.35997722091221135,0.11990406661795605,0.11576179239377422,0.0,0.8744003472382105,0.646539055161127,0.302108232494572,0.24026778275061847,0.3341972658511127,disgust,07,12,12,female,strong,1428
0,0.0,True,1.0,0.6565625343644204,0.6508665299478553,0.6537145321561378,0.6819539913999424,-0.058472222222222314,-0.05768518518518517,0.30434603186128745,0.23584032702567578,0.19874973631505963,0.9585903747174593,0.005696004416565037,0.0007870370370371416,0.015492220844393683,0.467467412254973,0.12358286240844157,0.11182599826862734,0.0,0.6955699005464753,0.5905497483212034,0.2758476691794427,0.2662924440684753,0.32674253012522303,disgust,07,12,12,female,strong,1429
10,0.33366666666666667,True,1.0,0.6342954840982011,0.6415661959298913,0.6379308400140462,0.6791412028202858,-0.059768518518518554,-0.058009259259259316,0.304595441464748,0.2346970807429976,0.19883225111080474,0.9393198901272602,0.0072707118316901465,0.0017592592592592382,0.024446171346280028,0.4671280607480382,0.12084632570407251,0.11477779982791107,0.0,0.6951435260591613,0.586048745169943,0.2751402859461563,0.26571588710835886,0.3285729542665814,disgust,07,12,12,female,strong,1429
20,0.6673333333333333,True,1.0,0.5711203565719253,0.5874271205175253,0.5792737385447253,1.2254108862636675,-0.057499999999999996,-0.05782407407407408,0.2919994504159244,0.4840636848435517,0.18561571274232222,0.4727179634505752,0.016306763945600045,0.0003240740740740877,0.019368070459222127,0.2885723849440779,0.11970143425710436,0.11597130854952543,0.0,0.714278709889127,0.6425582501047293,0.2885965188697445,0.2628308322088077,0.36217575645901556,disgust,07,12,12,female,strong,1429
30,1.0010000000000001,True,1.0,0.4093641374774946,0.4025303889428454,0.40594726321017,1.2576746374830874,-0.04611111111111116,-0.044490740740740775,0.34306971893797034,0.5013634932455392,0.17039698394439287,0.3227760591742306,0.006833748534649242,0.0016203703703703831,0.012260619502011877,0.2787779184183639,0.12086623337327221,0.11475683596113408,0.0,0.894976347541958,0.5908098767084958,0.2816055786480609,0.2876672130995612,0.3739103639300184,disgust,07,12,12,female,strong,1429
40,1.3346666666666667,True,1.0,0.41034730659078505,0.4102419673371121,0.4102946369639486,1.0458060858160032,-0.0430092592592593,-0.03902777777777772,0.3256882059792239,0.47293312480156735,0.1729184315296482,0.3923238184675614,0.0001053392536729536,0.003981481481481586,0.01767650723457446,0.3484508962126369,0.11756036587302436,0.11814117887172054,0.0,0.8097050188707924,0.6519110462309924,0.29286661236317274,0.27158739156023143,0.3734069066707699,disgust,07,12,12,female,strong,1429
50,1.6683333333333334,True,1.0,0.4364344445887321,0.41951272398387585,0.42797358428630394,1.7035389996752262,-0.04171296296296301,-0.038981481481481506,0.2931953383756336,0.6202640242017015,0.17920924427469395,0.2512261734940589,0.01692172060485625,0.0027314814814815014,0.006073416338353701,0.1956375475829522,0.1231055721274348,0.11235121664404833,0.0,0.7215514268007124,0.6299365472282663,0.28712262159989493,0.2566345117143739,0.351550963566182,disgust,07,12,12,female,strong,1429
60,2.0020000000000002,True,1.0,0.4618739001699677,0.48198253140492864,0.47192821578744815,0.9603519352355961,-0.05625000000000013,-0.06037037037037052,0.3992746558383551,0.15775173204938864,0.20571917188127772,0.4914117402925558,0.020108631234960928,0.004120370370370385,0.023493099276358786,0.3386634795697806,0.11972400869890487,0.1159480034782136,0.0,0.7969894037176115,0.5570766072835385,0.2735606302802918,0.28648637810404576,0.33494368795814355,disgust,07,12,12,female,strong,1429
70,2.3356666666666666,True,1.0,0.4169801480683417,0.4623651123574251,0.4396726302128834,0.861812535171441,-0.05615740740740738,-0.05847222222222226,0.36797095915635225,0.17800493088793332,0.20154036748044105,0.5101720064044079,0.045384964289083396,0.0023148148148148806,0.03347207276504399,0.37915998738072504,0.11657296403020356,0.11911558179525104,0.0,0.9444776577805402,0.6327757971469838,0.2992361912807448,0.2645355760045317,0.36846364420690525,disgust,07,12,12,female,strong,1429
80,2.6693333333333333,True,1.0,0.3952911932307634,0.42757566426890503,0.41143342874983424,0.9414513431134501,-0.047037037037037044,-0.0462499999999999,0.311016515902419,0.2747735636541783,0.18844764883487858,0.4370203853437535,0.03228447103814164,0.0007870370370371416,0.03282878458756473,0.3782854928883771,0.12143542047385446,0.11415435350502093,0.0,0.7259911457960567,0.5878232708552171,0.27722870424512036,0.2667494066208439,0.3292626792541728,disgust,07,12,12,female,strong,1429
90,3.003,True,1.0,0.4594058188565002,0.5046024507263066,0.4820041347914034,0.9840398625887791,-0.038842592592592595,-0.03337962962962959,0.29179143302121563,0.357861096525497,0.17950020431936695,0.48982175734564565,0.04519663186980638,0.005462962962963003,0.08037998814883288,0.3368719160276264,0.12420988551072776,0.11112912359704633,0.0,0.7337215686172862,0.6010468653008079,0.27952393987091395,0.23431111372680766,0.3066374503839891,disgust,07,12,12,female,strong,1429
100,3.336666666666667,True,1.0,0.46397182318418134,0.4789912598945321,0.47148154153935673,1.3604124244459272,-0.037685185185185155,-0.032175925925925886,0.2996429478088423,0.5050336839483363,0.17252142835376424,0.34657250482799956,0.015019436710350775,0.005509259259259269,0.0575458044885919,0.2661136489029774,0.11849774896978459,0.11703827284579518,0.0,0.9287172789075617,0.5983072943083483,0.2758118827545954,0.24688065880063234,0.3158541166883226,disgust,07,12,12,female,strong,1429
110,3.6703333333333332,True,1.0,0.4049954323525707,0.4180467448980999,0.4115210886253353,1.1099827772507134,-0.038101851851851776,-0.03282407407407406,0.2940464603535657,0.39463049475726336,0.1727039722764103,0.37074547196544877,0.013051312545529214,0.005277777777777715,0.03618450636829597,0.32555050579069766,0.12250148761455924,0.11300957172799071,0.0,0.757657415828012,0.6036182524572329,0.278313273486674,0.24964761641332672,0.31459147935633497,disgust,07,12,12,female,strong,1429
120,4.0040000000000004,True,1.0,0.4903645846875415,0.495630017073559,0.49299730088055027,1.067589460320872,-0.040000000000000036,-0.036759259259259214,0.2918142416770199,0.4002652863557448,0.1705419907644688,0.46178547016788296,0.00526543238601751,0.0032407407407408217,0.02125183603344939,0.3218592796875839,0.12220558226051978,0.1133294905756635,0.0,0.7798399618422613,0.6056059631665166,0.28367274465867526,0.2509037757777562,0.3215717977384946,disgust,07,12,12,female,strong,1429
130,4.337666666666666,True,1.0,0.5237134195615639,0.5032168664455683,0.5134651430035662,1.0703483027710268,-0.04101851851851851,-0.03763888888888889,0.29276677542008084,0.3918041672515615,0.17317062174662054,0.4797178093096007,0.02049655311599563,0.0033796296296296213,0.007144559466006169,0.311368221242607,0.1207073426044517,0.1149239540344287,0.0,0.7867938274270742,0.605030620044893,0.2827906869108962,0.2425900815886102,0.3136310259129612,disgust,07,12,12,female,strong,1429
0,0.0,True,1.0,0.5945084998760636,0.6131313876192658,0.6038199437476647,0.7184765519070494,-0.06194444444444441,-0.060833333333333406,0.29208960855930005,0.2944840695329233,0.19475181868613867,0.8404170493037634,0.0186228877432022,0.0011111111111110072,0.0021577364260951934,0.45326006659381046,0.12402340576392946,0.111337202195771,0.0,0.8109128672869524,0.6464258761317028,0.2923645535549754,0.25140785759564777,0.36009012893895953,disgust,07,12,12,female,strong,1430
10,0.33366666666666667,True,1.0,0.5535811160779436,0.5705595086823599,0.5620703123801518,0.6969582392545479,-0.06314814814814812,-0.06101851851851853,0.29919456343901063,0.3035183147915432,0.1947095051335993,0.8064619667619262,0.01697839260441636,0.0021296296296295925,0.005146721035633701,0.48168677362292445,0.11934549325180623,0.1163375735090757,0.0,0.7397342107339536,0.6457668355779812,0.29305740626506344,0.24891916949415802,0.36174468573622054,disgust,07,12,12,female,strong,1430
20,0.6673333333333333,True,1.0,0.365370642173617,0.40062813052734386,0.3829993863504804,1.145034032766578,-0.04842592592592582,-0.044629629629629575,0.32385172733941864,0.472933124801567,0.176659014927338,0.33448733870826103,0.035257488353726885,0.003796296296296242,0.006381728318403567,0.3101111306774372,0.11885788770018227,0.11683569788765345,0.0,0.8950283402208783,0.645531858962335,0.29307847006752347,0.2617556331144035,0.37902956461471415,disgust,07,12,12,female,strong,1430
30,1.0010000000000001,True,1.0,0.35247593634129126,0.35555555555555574,0.3540157459484235,1.1425153419013783,-0.04180555555555554,-0.03851851851851851,0.3052675053787082,0.45321654742586176,0.17185172423239845,0.3098564482812714,0.003079619214264473,0.0032870370370370328,0.011954847351057648,0.3127906749876181,0.12080452963924797,0.11482178969378702,0.0,0.8053081016281418,0.652497192040879,0.29004413034158677,0.2551566840967011,0.3601351870679684,disgust,07,12,12,female,strong,1430
40,1.3346666666666667,True,1.0,0.15438531864349833,0.16727394311527324,0.1608296308793858,1.1232395570120939,-0.05217592592592596,-0.047314814814814754,0.3073593120951531,0.4075601701579477,0.17086191325973674,0.1431837312667347,0.012888624471774912,0.004861111111111205,0.0026184121401235418,0.30883829032419685,0.1202585242259817,0.11539352287094908,0.0,0.8737451774043481,0.6042121435527336,0.2824098049814483,0.27963554972615745,0.36155018883535667,disgust,07,12,12,female,strong,1430
50,1.6683333333333334,True,1.0,0.24866210485913995,0.2491326014082433,0.24889735313369163,1.0131732395932378,-0.04768518518518511,-0.04300925925925908,0.3077225121395412,0.3999368051025936,0.1715562420152141,0.24566119929659544,0.0004704965491033608,0.004675925925926028,0.012632231380964308,0.3261301142424906,0.11895574967378332,0.1165727388422562,0.0,0.9999999987499999,0.6034786736647785,0.28098957954921727,0.2695309038143349,0.3494235717596661,disgust,07,12,12,female,strong,1430
60,2.0020000000000002,True,1.0,0.37947123797224486,0.3486476377033805,0.3640594378378127,1.3673216127193184,-0.0446759259259259,-0.041064814814814776,0.32810300124926367,0.48710832453125713,0.174006169438894,0.2662573563170512,0.030823600268864382,0.0036111111111111205,0.022577057128385015,0.26015625000000037,0.12114537320572777,0.11446211740388597,0.0,0.8771659073748662,0.6019165491899885,0.2876420297694783,0.25402619397561194,0.3430044771853408,disgust,07,12,12,female,strong,1430
70,2.3356666666666666,True,1.0,0.4446606894307298,0.42622189201328226,0.435441290722006,1.371169736587102,-0.04310185185185178,-0.04240740740740745,0.3087472184562931,0.4833749531842707,0.18135772660683633,0.3175692105091506,0.018438797417447528,0.000694444444444331,0.022885585322315587,0.24550172177995833,0.12082528700701724,0.11479994681725325,0.0,0.8039357602357071,0.6020024728016208,0.28148993787069454,0.2563319443401686,0.33222100832210466,disgust,07,12,12,female,strong,1430
80,2.6693333333333333,True,1.0,0.4694926928474984,0.43226922722489564,0.45088096003619704,1.0811963218285783,-0.04046296296296292,-0.04138888888888892,0.2931561580986621,0.33900377909718726,0.18763178962148844,0.4170204346178708,0.03722346562260276,0.0009259259259259967,0.03343807978923475,0.3055413070297753,0.12132481978308514,0.11427189450673929,0.0,0.8558406653877428,0.5930746127591662,0.2782089393744023,0.245886342270621,0.3158457126335708,disgust,07,12,12,female,strong,1430
90,3.003,True,1.0,0.5413791962594507,0.4861215943909946,0.5137503953252227,1.2834086543894583,-0.0406481481481481,-0.040462962962963034,0.2773580287100296,0.4308588048268125,0.19032628786065,0.40030148898257467,0.05525760186845613,0.0001851851851850661,0.048172963415749025,0.2606061640547457,0.12360691088170422,0.11179941570581216,0.0,0.945712890620293,0.5938249247277037,0.27543478067573546,0.2459744036412602,0.3101614798066407,disgust,07,12,12,female,strong,1430
100,3.336666666666667,True,1.0,0.5581791301184523,0.45520034817768595,0.5066897391480691,1.086354083716097,-0.040601851851852,-0.041018518518518565,0.2861697855293383,0.3496998325703476,0.19316973218197206,0.466413066184492,0.10297878194076637,0.00041666666666656527,0.05671339928607878,0.29591543264278874,0.12150180601627661,0.11408369254412622,0.0,0.8856130436273925,0.6298099236569628,0.3004405051125341,0.24026535917904815,0.32631375645818145,disgust,07,12,12,female,strong,1430
110,3.6703333333333332,True,1.0,0.5772969630884152,0.5102216435484742,0.5437593033184447,0.9026165126143938,-0.04018518518518499,-0.04236111111111118,0.2975196913457293,0.23444303975085032,0.19734751940380224,0.6024256101225834,0.06707531953994095,0.002175925925926192,0.0714763506831498,0.360190618983813,0.1199354706930439,0.11572925576175035,0.0,0.8687952295038086,0.6317967297387705,0.29167289222067094,0.2328063279012117,0.32968877363375537,disgust,07,12,12,female,strong,1430
120,4.0040000000000004,True,1.0,0.6404255326402685,0.5444060637266219,0.5924157981834453,0.885649629165474,-0.041157407407407365,-0.041620370370370474,0.2960481962611436,0.23049552640184112,0.19687685628289103,0.668905375979962,0.09601946891364654,0.00046296296296310935,0.06730691688300613,0.3519618044501827,0.12355604964664334,0.11185562286132224,0.0,0.8476892046918688,0.6273628021364795,0.29649036443228466,0.23305825753066836,0.32565751074065674,disgust,07,12,12,female,strong,1430
0,0.0,True,1.0,0.6126073977473249,0.6458353570291155,0.6292213773882203,0.6936608251027158,-0.04458333333333331,-0.04638888888888881,0.30586244770021903,0.10400799592204125,0.2119355505636399,0.9071023685027139,0.033227959281790675,0.0018055555555555047,0.002355874178727426,0.4698982275130476,0.12244602375274458,0.11306966452982584,0.0,0.7822755651063666,0.6191483439156913,0.2814418617749763,0.22669837855071592,0.3097870715804607,disgust,07,12,12,female,strong,1431
10,0.33366666666666667,True,1.0,0.5968094284504822,0.6174215037136641,0.6071154660820732,0.6940034047990795,-0.0461111111111111,-0.046296296296296446,0.3043928835625912,0.08667332993503576,0.21054751919608725,0.8748018552702042,0.020612075263181873,0.00018518518518534366,0.01091599973578803,0.4523668779370426,0.12146856717584939,0.11411908235637094,0.0,0.8703391274174104,0.6234008747405212,0.28222918542086606,0.23474803369770875,0.30410050734874616,disgust,07,12,12,female,strong,1431
20,0.6673333333333333,True,1.0,0.33633936057858826,0.3496412260390058,0.34299029330879705,1.1546649323571458,-0.043194444444444424,-0.04120370370370363,0.31011557016655006,0.28410757621622074,0.18977800930782332,0.2970474669293133,0.013301865460417561,0.001990740740740793,0.008484049811897567,0.2969736838246186,0.12258211132453398,0.11292211365740755,0.0,0.8236823841039309,0.5738201144676621,0.26442815672068115,0.25572078176443247,0.3041044922149497,disgust,07,12,12,female,strong,1431
30,1.0010000000000001,True,1.0,0.4456797430094915,0.42552671827738625,0.43560323064343887,1.09714688167834,-0.038703703703703685,-0.035138888888888886,0.2951031965305825,0.3107354091542624,0.1820266136881089,0.397032738202822,0.02015302473210523,0.0035648148148147984,0.0061327504497254975,0.30970114352170997,0.12070739350336859,0.11492390057361354,0.0,0.9274583169115937,0.5899557530746674,0.2724270427784278,0.25943185722320034,0.32034689340113737,disgust,07,12,12,female,strong,1431
40,1.3346666666666667,True,1.0,0.3907318205565941,0.36903032155045246,0.3798810710535233,1.2302007292986865,-0.039490740740740715,-0.03606481481481483,0.3218576831279299,0.3416807182785441,0.1751259486780604,0.308796005404814,0.021701499006141656,0.003425925925925888,0.0002460224349564636,0.28902722051002855,0.12045539102236495,0.11518800520480754,0.0,0.7693808333198432,0.5950469196741196,0.2771310024913507,0.26573286084572034,0.33938248032446033,disgust,07,12,12,female,strong,1431
50,1.6683333333333334,True,1.0,0.3834911229527166,0.3462043391831315,0.364847731067924,1.2398051118650324,-0.03671296296296295,-0.03560185185185183,0.31647252048401947,0.37881777931175786,0.17855598934648134,0.29427829227053715,0.03728678376958511,0.0011111111111111183,0.0013606729009201363,0.27483642598874714,0.12120210014697111,0.11440204844984356,0.0,0.8971207625938207,0.5928684405637255,0.2790945773114324,0.2710454486011954,0.33612364499845193,disgust,07,12,12,female,strong,1431
60,2.0020000000000002,True,1.0,0.46951493761151075,0.44863697556275245,0.45907595658713163,1.2340382099658473,-0.038842592592592484,-0.03912037037037036,0.32254455526596465,0.4112998013634258,0.18195115352876315,0.37201113618664755,0.020877962048758303,0.0002777777777778767,0.009720386643048579,0.29368002199871146,0.11911769601748803,0.11657080365597441,0.0,0.6960863462301262,0.6289321277886154,0.28842792933066425,0.2524388043145957,0.3513634533973535,disgust,07,12,12,female,strong,1431
70,2.3356666666666666,True,1.0,0.45301800364362266,0.4385095297558915,0.4457637666997571,0.8657738255846883,-0.0379166666666666,-0.037638888888889,0.36585969170977034,0.21640275202975826,0.18265392658968602,0.5148732307756205,0.014508473887731133,0.00027777777777759916,0.016584310860223665,0.38824096087965687,0.1244929880130106,0.11081188431580774,0.0,0.7330742219938903,0.5779019241915515,0.2726578064806426,0.27459218484799186,0.32309413248322155,disgust,07,12,12,female,strong,1431
80,2.6693333333333333,True,1.0,0.46860843218372583,0.4568277313838798,0.4627180817838028,1.2090762734280587,-0.03847222222222224,-0.03874999999999995,0.2550985085498322,0.41684444637523954,0.18958373576250787,0.382703797893471,0.011780700799846056,0.0002777777777777102,0.025085221866217415,0.27150065610814,0.12006736406645033,0.11559241262102601,0.0,0.8289174751348785,0.6180162844590962,0.29027476340145036,0.235120452451869,0.3121447526556785,disgust,07,12,12,female,strong,1431
90,3.003,True,1.0,0.45959797737810704,0.46606671297068253,0.46283234517439475,1.1062166389224168,-0.03662037037037036,-0.03675925925925927,0.3113708865562748,0.31604929945770865,0.18754922856350453,0.41839213847411216,0.006468735592575492,0.0001388888888889106,0.015182102708679493,0.2950583426614233,0.12322666629738259,0.11221838745470232,0.0,0.9227883047978964,0.5626196583633454,0.26651680443144915,0.24349602459095965,0.29876029669987375,disgust,07,12,12,female,strong,1431
100,3.336666666666667,True,1.0,0.4808196394034559,0.48947774447445047,0.48514869193895316,1.0296477630455818,-0.038287037037037064,-0.03805555555555551,0.3061726314052554,0.2929170360388295,0.18476351959133755,0.4711792802850735,0.00865810507099457,0.00023148148148155467,0.011559178112962434,0.3297413793103445,0.12408781132918788,0.11126541623235726,0.0,0.8763658214332412,0.571856397301108,0.2689441094517058,0.250862335003854,0.30127737960708423,disgust,07,12,12,female,strong,1431
110,3.6703333333333332,True,1.0,0.5193070186380937,0.5165218317077083,0.517914425172901,0.9843271773934231,-0.03879629629629633,-0.03865740740740736,0.31103472720325465,0.2900249719105623,0.1854759093090738,0.5261608508508113,0.0027851869303854304,0.0001388888888889661,0.01668206059462625,0.3515624999999997,0.12313518684054647,0.11231875859090439,0.0,0.873023682309917,0.5817679412858894,0.272162831852441,0.24342234245502523,0.30708789753829874,disgust,07,12,12,female,strong,1431
0,0.0,True,1.0,0.6138534722529982,0.5954632921465944,0.6046583821997964,0.6918746084737828,-0.07148148148148148,-0.06898148148148148,0.3072308373722155,0.2837279726591852,0.19796330488050065,0.8739421490457959,0.01839018010640381,0.0025000000000000022,0.004105075280463818,0.4355394780042099,0.1219452598183319,0.11360955671686858,0.0,0.8561104301104829,0.5967215656418817,0.28395114951918793,0.26843364327771035,0.35095024952763615,surprised,08,12,12,female,normal,1432
10,0.33366666666666667,True,1.0,0.6296388450652723,0.611542762316091,0.6205908036906816,0.6988275468230902,-0.07143518518518521,-0.06949074074074074,0.3032456275731314,0.2686680695146428,0.2007404372956027,0.8880457081463413,0.018096082749181397,0.0019444444444444708,0.004487200650129248,0.449859556677301,0.1169521223882971,0.1187433317617561,0.0,0.7971991768516671,0.5955854852097089,0.284814077315961,0.2645890574825358,0.3475453756117535,surprised,08,12,12,female,normal,1432
20,0.6673333333333333,True,1.0,0.48427875351079636,0.4771402045164256,0.48070947901361094,1.0276753841729487,-0.07240740740740742,-0.07032407407407404,0.295383093740627,0.3456545524613122,0.20489834951687996,0.46776393247997833,0.007138548994370775,0.0020833333333333814,0.0001972419607912898,0.32926951242689817,0.11529126552261272,0.12035656136360656,0.0,0.6995114219768693,0.6534635775403912,0.2976228434021818,0.24898079935108428,0.3571774159927893,surprised,08,12,12,female,normal,1432
30,1.0010000000000001,True,1.0,0.7716914321433344,0.7654554179481255,0.7685734250457299,0.9443662278248786,-0.05370370370370364,-0.05305555555555558,0.34228631579959273,0.19530347051604946,0.19099179685822756,0.8138510277055913,0.0062360141952088055,0.0006481481481480644,0.0001176393246601477,0.31069191188482287,0.11779140465462315,0.11791082545124207,0.0,0.8180511588992765,0.6057080259369373,0.2838393680392732,0.2599017013635462,0.3285288191094457,surprised,08,12,12,female,normal,1432
40,1.3346666666666667,True,1.0,0.7381897587425464,0.698703900217056,0.7184468294798012,0.6716472139688402,-0.051944444444444404,-0.052222222222222225,0.3757179782405514,0.06715947476785597,0.1840381419464258,1.0696788649422317,0.03948585852549047,0.0002777777777778212,0.0024886862504655207,0.38810635367556673,0.1141321317739462,0.12129934178701782,0.0,0.830895715842296,0.6085588156903387,0.28725569488676345,0.2599364408972893,0.3379787359203108,surprised,08,12,12,female,normal,1432
50,1.6683333333333334,True,1.0,0.6416540928858404,0.6421441093003057,0.641899101093073,0.8105694737560358,-0.054305555555555496,-0.05351851851851863,0.35977369120504343,0.12469570059543626,0.18263930661951858,0.7919112696393881,0.000490016414465333,0.000787037037036864,0.007636393700942004,0.35746786528684626,0.11606180573933769,0.11961369076102964,0.0,0.719101562309745,0.6045944401979542,0.28714301164922806,0.26084416147472217,0.33296001625097005,surprised,08,12,12,female,normal,1432
60,2.0020000000000002,True,1.0,0.6449221967219348,0.6305052854880259,0.6377137411049804,0.7363380630832641,-0.056296296296296344,-0.052314814814814814,0.36965217871741546,0.11267511260191981,0.18682556675428655,0.8660610840008532,0.01441691123390898,0.00398148148148153,0.00028058883582051715,0.39073633531584573,0.11688219965279756,0.11881215919779949,0.0,0.7849349368631396,0.6517832019448404,0.29545320555749605,0.24277913406208107,0.3496879704234043,surprised,08,12,12,female,normal,1432
70,2.3356666666666666,True,1.0,0.6601572046146028,0.6550012153490594,0.6575792099818312,0.8996164358908086,-0.05379629629629634,-0.05236111111111108,0.32488455339955186,0.14426998257365922,0.1910297419690029,0.7309550867983976,0.0051559892655433925,0.0014351851851852615,0.006933651597213432,0.34428792325588325,0.11464826839927182,0.12096922055515251,0.0,0.8884681060686568,0.6499431292829632,0.2932216943977585,0.24287768379642213,0.3462824418901722,surprised,08,12,12,female,normal,1432
80,2.6693333333333333,True,1.0,0.6620514416585243,0.6430656880398572,0.6525585648491907,0.752918765043879,-0.05782407407407403,-0.054629629629629584,0.3597697384964662,0.17312749860693974,0.18971367571775175,0.8667051415714955,0.018985753618667056,0.003194444444444444,0.01413610258204297,0.3870793179192467,0.11909035038192213,0.11659874019554795,0.0,0.8586675569964022,0.6428864928705857,0.29464445762226216,0.24428692567790036,0.34961497759026744,surprised,08,12,12,female,normal,1432
90,3.003,True,1.0,0.6756890713509759,0.6873014788288889,0.6814952750899324,0.7753186555653816,-0.05583333333333329,-0.052962962962962934,0.34700354776309783,0.17827816982819733,0.19239323451473508,0.8789873301745449,0.011612407477913034,0.0028703703703703565,0.008247318059829917,0.3981944149677311,0.12043058054169692,0.11521394464194637,0.0,0.8329659545626784,0.6414799539659615,0.29318826432189904,0.24730608625682793,0.34817821228893703,surprised,08,12,12,female,normal,1432
100,3.336666666666667,True,1.0,0.6911925739997764,0.6679891368039415,0.6795908554018589,0.752026600550005,-0.055046296296296315,-0.05236111111111108,0.34586083578315613,0.17229211434699665,0.1909917968582275,0.903679277973453,0.023203437195834953,0.002685185185185235,0.002299323053410412,0.4005002396042266,0.11736789444911172,0.11833239252962716,0.0,0.8682855637277013,0.6422305808651586,0.29234219642165366,0.2437573225853908,0.34344640767651347,surprised,08,12,12,female,normal,1432
0,0.0,True,1.0,0.6190038053416155,0.6073393443552388,0.6131715748484272,0.5699880753496368,-0.053657407407407376,-0.051435185185185084,0.3282783937237757,0.10057236816347447,0.1861443130964601,1.0757621104131014,0.011664460986376635,0.002222222222222292,0.0008590165464936232,0.5325968310337996,0.11909523282031212,0.11659375321581185,0.0,0.8686222459778494,0.6507745775497699,0.29316639293424157,0.24006585318584364,0.3401654511492468,surprised,08,12,12,female,normal,1433
10,0.33366666666666667,True,1.0,0.6154021652774623,0.6120390753613302,0.6137206203193962,0.5692631222712426,-0.053240740740740755,-0.050185185185185166,0.3297516075893097,0.10040325077172133,0.18824349140015098,1.0780965713548725,0.0033630899161321004,0.003055555555555589,0.001086112762905816,0.5159476569799796,0.11885178444699493,0.11684190645139904,0.0,0.9352805076920291,0.6493255298291193,0.2926180361003666,0.23974484653531922,0.34340311384447786,surprised,08,12,12,female,normal,1433
20,0.6673333333333333,True,1.0,0.6321612728589308,0.6388348503649014,0.6354980616119161,0.5642781286376685,-0.052731481481481546,-0.05152777777777784,0.3305772882542831,0.10786194074421673,0.18754922856350442,1.1262142361359873,0.00667357750597064,0.0012037037037037068,0.003179177635507477,0.5490405495845345,0.1184893661996886,0.11720941884913455,0.0,0.8356883630494518,0.6504590364505177,0.2928251038858,0.2397306626098124,0.34077296361248666,surprised,08,12,12,female,normal,1433
30,1.0010000000000001,True,1.0,0.16035077654297317,0.1238973545213243,0.14212406553214874,0.8560359886509575,-0.09287037037037033,-0.09217592592592594,0.3577892137143557,0.18677148843293662,0.21533766265670737,0.16602580664409286,0.03645342202164886,0.0006944444444443865,0.002246390731982224,0.3482022899274831,0.11459182036371611,0.1210226940481199,0.0,0.8600709738962401,0.6479906814522685,0.2967705827488235,0.25279876644083904,0.35154706842288,surprised,08,12,12,female,normal,1433
40,1.3346666666666667,True,1.0,0.3176138681853932,0.3230740374521826,0.3203439528187879,0.7765657076953673,-0.08824074074074079,-0.08481481481481479,0.3861228170238421,0.10785049718578676,0.22223904440044584,0.41251364777551197,0.005460169266789383,0.003425925925925999,0.0032297344180860056,0.34572074793799307,0.1129606783497979,0.12239100852454766,0.0,0.9999999987499999,0.599152497616234,0.2863315596549635,0.28673729103705503,0.339656509498122,surprised,08,12,12,female,normal,1433
50,1.6683333333333334,True,1.0,0.577719066869668,0.5807210158670595,0.5792200413683637,1.1469117730975797,-0.07620370370370366,-0.0737962962962963,0.3439242192016141,0.2584508802109737,0.21181456055111783,0.5050258049091308,0.0030019489973914792,0.002407407407407358,0.004306910669880143,0.2776374907015065,0.11421420722033941,0.12122206354590467,0.0,0.8993189424368357,0.6537609475196329,0.2990797189217814,0.2620643053275798,0.3738522601165404,surprised,08,12,12,female,normal,1433
60,2.0020000000000002,True,1.0,0.5653613004615051,0.5528502464779749,0.55910577346974,1.0484270545694028,-0.0708333333333333,-0.07055555555555554,0.3316796463925583,0.27900539495509596,0.20703880212757156,0.5332805663808143,0.012511053983530251,0.0002777777777777657,0.018104992444071516,0.29031063290731507,0.11481174887409623,0.12081407239678295,0.0,0.770405494227264,0.5997988687584409,0.28652838489428023,0.273151393161842,0.3430745423576837,surprised,08,12,12,female,normal,1433
70,2.3356666666666666,True,1.0,0.21366604248297122,0.1921541610439991,0.20291010176348517,0.8425040678350049,-0.0827314814814814,-0.07990740740740748,0.3111011771322177,0.20146836404750046,0.21598953117742903,0.24084168790413826,0.02151188143897212,0.0028240740740739234,0.005218009381133305,0.37969891953273865,0.11648501977049847,0.1192015853007544,0.0,0.7361725151496149,0.6011091336925395,0.28533497365417915,0.2732741669759808,0.3364948949330289,surprised,08,12,12,female,normal,1433
80,2.6693333333333333,True,1.0,0.5902739873613121,0.5910776540970228,0.5906758207291675,0.839094920030694,-0.0706018518518518,-0.06995370370370374,0.34654737157130067,0.193535407342849,0.21389459599619023,0.703943983724226,0.0008036667357107508,0.0006481481481480644,0.006655168753059224,0.3788943955893712,0.11575275750600399,0.11991278872027962,0.0,0.859771449727245,0.5950904765812575,0.28509765856738456,0.28746010898764396,0.35018186468560747,surprised,08,12,12,female,normal,1433
90,3.003,True,1.0,0.600721401009048,0.5464098948783461,0.573565647943697,0.8355166882419819,-0.07208333333333339,-0.0712962962962963,0.34441016489252974,0.16862133400879276,0.2180978872969833,0.6864801816831949,0.0543115061307019,0.000787037037037086,0.02425195420174387,0.36959948756569805,0.1168058464819219,0.11888722385902645,0.0,0.8103500701538081,0.6374953053643332,0.29290813880672195,0.2600364319633533,0.35622490639534504,surprised,08,12,12,female,normal,1433
100,3.336666666666667,True,1.0,0.5954378589020133,0.5886157904094098,0.5920268246557115,0.8598998398297811,-0.07277777777777783,-0.07203703703703701,0.3458456714004225,0.16712116441517944,0.218800217450189,0.6884834689269211,0.0068220684926034725,0.0007407407407408195,0.029777038486960217,0.3455708094085789,0.11783578876470607,0.11786646959753784,0.0,0.8283305111314189,0.58791058961866,0.28266022633698107,0.29047414091549717,0.3441989318900993,surprised,08,12,12,female,normal,1433
0,0.0,True,1.0,0.6342954840982016,0.6659842864991468,0.6501398852986742,0.6072520905666945,-0.04995370370370372,-0.04847222222222225,0.3175863813168522,0.11794728573245919,0.1925529787018724,1.0706260141351778,0.03168880240094518,0.0014814814814814725,0.010014434478105391,0.49641047738208327,0.12180357867883357,0.11376144333983693,0.0,0.7099636092391675,0.5890556172703456,0.27480012601056686,0.250902298661956,0.3025984393966093,surprised,08,12,12,female,normal,1434
10,0.33366666666666667,True,1.0,0.6340054395627971,0.6394844204488358,0.6367449300058164,0.6088965904022352,-0.05032407407407413,-0.04879629629629628,0.31712391705146026,0.12671432021161716,0.1925529787018724,1.0457357456792207,0.005478980886038709,0.00152777777777785,0.005665491634165504,0.49095210501024905,0.12072794073825446,0.11490231544480871,0.0,0.8517424957762312,0.5888226562421844,0.2755253765998816,0.25008020473449255,0.303063736345203,surprised,08,12,12,female,normal,1434
20,0.6673333333333333,True,1.0,0.6691464545197445,0.6822519402463131,0.6756991973830289,1.0774410774410774,-0.07546296296296301,-0.07546296296296306,0.3009074610857653,0.4130190796857467,0.20280825126122082,0.6271333175711237,0.013105485726568555,5.551115123125783e-17,0.0053306706339331655,0.2911025049750991,0.11533005366456099,0.1203193936612321,0.0,0.7880664409529929,0.658669676690989,0.29852538875427087,0.2601648778665828,0.3672116390320323,surprised,08,12,12,female,normal,1434
30,1.0010000000000001,True,1.0,0.47044489150902397,0.45220719592663694,0.4613260437178305,0.7310275144901136,-0.07708333333333334,-0.0773611111111111,0.3122373782966282,0.2697839636808756,0.20843914142542516,0.6310652261011024,0.018237695582387026,0.0002777777777777657,0.0021700178547890926,0.41586072139299834,0.11676377929660708,0.11892853994599985,0.0,0.7791371289145061,0.6028784275897859,0.28454474761703913,0.25917598640820944,0.33817396116820797,surprised,08,12,12,female,normal,1434
40,1.3346666666666667,True,1.0,0.6799014654722145,0.6480790905426591,0.6639902780074368,0.8287798245241824,-0.07203703703703707,-0.07124999999999998,0.32417968916424994,0.27900539495509596,0.20839521379171216,0.8011660737381556,0.03182237492955542,0.000787037037037086,0.004515676413603791,0.3907363353158449,0.11624469805508669,0.11943595749708225,0.0,0.7113217713592619,0.6541614437884529,0.29214832878445174,0.25431047752014146,0.3607703346432127,surprised,08,12,12,female,normal,1434
50,1.6683333333333334,True,1.0,0.31850201695108804,0.29565609828751804,0.30707905761930304,0.9449449449449441,-0.09143518518518512,-0.09027777777777773,0.3383699058043346,0.30430430430430444,0.2062736728838656,0.32497031627297035,0.022845918663569997,0.0011574074074073848,0.0030561815664290845,0.3050847457627117,0.11935325673305214,0.11632960876969657,0.0,0.6938109725536521,0.6008236944856069,0.283943219065385,0.2741652174077576,0.33916694650620915,surprised,08,12,12,female,normal,1434
60,2.0020000000000002,True,1.0,0.6756122696284841,0.6678136322190469,0.6717129509237655,0.8317442536348801,-0.07351851851851848,-0.07435185185185189,0.3321856618343463,0.23646192529222615,0.21180591576272875,0.8075955415240351,0.0077986374094372035,0.0008333333333334081,0.010930605889692923,0.3644761947648627,0.11582889424787371,0.11983924660250819,0.0,0.9159273180676648,0.6504175803446378,0.29687478780728666,0.2559075235269909,0.3670260203240634,surprised,08,12,12,female,normal,1434
70,2.3356666666666666,True,1.0,0.7092931384071719,0.679723296057941,0.6945082172325565,1.0579977288052835,-0.07199074074074069,-0.0735185185185186,0.30533746418482605,0.349661324542721,0.21041992990714237,0.6564363970958726,0.02956984234923088,0.0015277777777779056,0.018577363649842804,0.30507088133579346,0.11543640321489866,0.12021736389515024,0.0,0.8538770662287589,0.6540263131893382,0.29652086015528195,0.26080700816094954,0.36602784340965017,surprised,08,12,12,female,normal,1434
80,2.6693333333333333,True,1.0,0.6972265457883675,0.667473582688876,0.6823500642386218,0.5470930506976893,-0.07032407407407415,-0.06990740740740747,0.31712556045266355,0.2051282051282058,0.2111143636174089,1.2472285351978858,0.029752963099491492,0.0004166666666666763,0.023688558837063972,0.5799885264545771,0.11849462944195778,0.11720409789225382,0.0,0.7989256673152378,0.6477248118856919,0.2963960293840482,0.25135361639956105,0.35409926980884626,surprised,08,12,12,female,normal,1434
90,3.003,True,1.0,0.6942405622438852,0.7074873203638763,0.7008639413038807,0.5534616825849841,-0.06888888888888889,-0.0678703703703703,0.3246155829587261,0.1928449973145268,0.21041811700201477,1.2663278477209903,0.013246758119991098,0.0010185185185185852,0.02013832614987911,0.5802528604862291,0.11684487855511425,0.11884886252911432,0.0,0.8821036827769199,0.6498997359646983,0.29676034258251566,0.2501554885439878,0.35651395519407414,surprised,08,12,12,female,normal,1434
100,3.336666666666667,True,1.0,0.6972265457883675,0.6775469625062461,0.6873867541473069,0.5756576469281134,-0.06949074074074069,-0.07074074074074083,0.31841003498030396,0.22853867377275494,0.2097280427126452,1.1940895040922577,0.019679583282121382,0.0012500000000001399,0.01957107034761829,0.5458811814876813,0.1167292909903506,0.11896239067008331,0.0,0.889122893815086,0.6498377499046494,0.29557803003100963,0.2511627793066929,0.3593506292604952,surprised,08,12,12,female,normal,1434
0,0.0,True,1.0,0.6490890631719685,0.6934314146571078,0.6712602389145381,0.6332745384112354,-0.06277777777777782,-0.061851851851851825,0.3180231722183758,0.20517305744528022,0.20425072840303024,1.0599829903134927,0.04434235148513932,0.0009259259259259967,0.011107301241204001,0.5076712322374174,0.11897749976687515,0.11671389085606901,0.0,0.7232028289830063,0.6422892832132854,0.29068779380593396,0.24059400727862393,0.3458872045588585,surprised,08,12,12,female,normal,1435
10,0.33366666666666667,True,1.0,0.6467393219250764,0.6508665299478553,0.6488029259364658,0.6103793661312455,-0.060694444444444384,-0.059166666666666756,0.31979532310797026,0.18630024306616327,0.20430152228090084,1.062950292780635,0.004127208022778883,0.001527777777777628,0.01283389457994833,0.5268821956067569,0.11752245450492842,0.1181788917546567,0.0,0.9345887052848318,0.6387549264002477,0.2889959906917844,0.2374532249477287,0.34228610567674567,surprised,08,12,12,female,normal,1435
20,0.6673333333333333,True,1.0,0.5950664692634475,0.6391951084141297,0.6171307888387887,0.5668758704854858,-0.06898148148148153,-0.06254629629629638,0.3212090026752224,0.19789219425551988,0.19900294305492477,1.0886524210498911,0.044128639150682214,0.006435185185185155,0.060886359421841424,0.531471829367552,0.11589738118693468,0.11977301366776796,0.0,0.8806768754729658,0.6491184079960108,0.29592733840533664,0.24206451093648113,0.34669054840615976,surprised,08,12,12,female,normal,1435
30,1.0010000000000001,True,1.0,0.6326660043082484,0.6678786711477334,0.6502723377279909,0.7485232302999113,-0.08226851851851857,-0.07490740740740742,0.31103868385944083,0.28602736062018624,0.20529395058529715,0.8687403562177299,0.035212666839484985,0.007361111111111152,0.047478151843735765,0.40760073851646167,0.11161757906875108,0.12377113480651553,0.0,0.9133629726807084,0.6580226957814376,0.3047792424610508,0.24998550525349067,0.3753395342419892,surprised,08,12,12,female,normal,1435
40,1.3346666666666667,True,1.0,0.2314325935927872,0.2253506578310906,0.22839162571193888,0.8530901869258943,-0.0939814814814815,-0.09259259259259256,0.3227154523137159,0.2697839636808754,0.20770097624356015,0.2677227205425335,0.006081935761696605,0.0013888888888889395,0.009275931299094563,0.3467066990113606,0.11524462847347243,0.12040121833670339,0.0,0.8131675749675752,0.6006872197394584,0.28841086757266193,0.26986559854702047,0.32876044609035726,surprised,08,12,12,female,normal,1435
50,1.6683333333333334,True,1.0,0.6288478986863234,0.6187359132780842,0.6237919059822038,1.0095130011211928,-0.07648148148148148,-0.07351851851851854,0.3185897697742058,0.32162192546262824,0.2030319594905105,0.6179136923342279,0.01011198540823921,0.002962962962962945,0.01550125674570121,0.2951633905820527,0.11722254683767229,0.11847637858256668,0.0,0.798633474135936,0.6037686896555498,0.2867767147677973,0.2763658269036369,0.35111207636981545,surprised,08,12,12,female,normal,1435
60,2.0020000000000002,True,1.0,0.2546193796932624,0.22525224329438087,0.23993581149382165,0.9391952896170244,-0.09152777777777776,-0.08976851851851847,0.3377316246970341,0.27998820187030193,0.19879694664620132,0.2554695643668105,0.029367136398881555,0.0017592592592592937,0.015105667977522694,0.30779182127752364,0.11282348567376092,0.12267289370106635,0.0,0.9110547585392496,0.6075885572275785,0.28794101214873535,0.2548166189668672,0.3218576033628062,surprised,08,12,12,female,normal,1435
70,2.3356666666666666,True,1.0,0.6186963345560154,0.6234785029771825,0.6210874187665989,0.8811403290750777,-0.06861111111111112,-0.06856481481481475,0.292736256792034,0.33481614737092213,0.2009922608886078,0.7048677699482293,0.004782168421167188,4.629629629637755e-05,0.019724224836163717,0.36468928722639765,0.11624580721895487,0.11943487795853558,0.0,0.8319816660277362,0.6041667850343263,0.2884539602793334,0.2648756404342458,0.34391724019358166,surprised,08,12,12,female,normal,1435
80,2.6693333333333333,True,1.0,0.6865833916953149,0.6773342076920034,0.6819587996936591,0.5883071829208513,-0.06643518518518526,-0.06819444444444439,0.31491546439823,0.24053138927492201,0.20020169578237992,1.1591882939586808,0.009249184003311539,0.0017592592592591272,0.006880597292186833,0.5358609062743922,0.11928378789967871,0.11640084069183239,0.0,0.759088181224812,0.6048193676767583,0.2853650426015183,0.2668813256236172,0.347451023028571,surprised,08,12,12,female,normal,1435
90,3.003,True,1.0,0.6799014654722144,0.6906426025325344,0.6852720340023744,0.6260699424146269,-0.0675,-0.06893518518518515,0.3113564363806127,0.24145294012041799,0.20073245582099242,1.094561466023136,0.010741137060319983,0.0014351851851851505,0.004259246418075824,0.48545460179999494,0.11782174620210485,0.11771877481283376,0.0,0.7071067807446058,0.6077273852978692,0.2842679373442602,0.26627147758706987,0.34777988532353304,surprised,08,12,12,female,normal,1435
100,3.336666666666667,True,1.0,0.6832564015462657,0.6785355978858306,0.6808959997160482,0.64395310015341,-0.0674537037037038,-0.06745370370370368,0.3094194411980383,0.24145294012041818,0.20214712702540868,1.0573689288145942,0.004720803660435036,1.1102230246251565e-16,0.0022437111809622454,0.4874910675683257,0.11798284617112745,0.11755731296305111,0.0,0.7029068395933884,0.6049734777661065,0.28449036537564104,0.2670932105763644,0.34797603506001923,surprised,08,12,12,female,normal,1435
0,0.0,True,1.0,0.603074465687547,0.618479302429061,0.610776884058304,0.6488854656597907,-0.06689814814814815,-0.06476851851851845,0.3273134425503809,0.1662253556510132,0.20588932833276125,0.9412707116767708,0.01540483674151405,0.0021296296296297035,0.012043425894626468,0.46746741225497207,0.12136440571478374,0.11422985071798317,0.0,0.8681612954818572,0.6430708219381501,0.29665367852724744,0.25003501968509806,0.3528846644732967,surprised,08,12,12,female,strong,1436
10,0.33366666666666667,True,1.0,0.6229434135617675,0.6390966709677594,0.6310200422647634,0.6717172200503002,-0.06875000000000003,-0.06476851851851856,0.3226579551413342,0.1510020586368365,0.20658265077581534,0.9394132284080952,0.016153257405991828,0.003981481481481475,0.00731004821394572,0.48354149751809833,0.11704852098827362,0.11864831015906031,0.0,0.9412747248198137,0.6437584686452708,0.2959938521339669,0.24671006712002272,0.3552068233346903,surprised,08,12,12,female,strong,1436
20,0.6673333333333333,True,1.0,0.2698434635930875,0.2289094641503528,0.24937646387172013,1.1485930518702396,-0.085787037037037,-0.08157407407407419,0.33518932370932625,0.32345599145804377,0.21282288199712573,0.2171147243714069,0.04093399944273468,0.004212962962962807,0.006800465918028335,0.2725830797458002,0.11788269897411537,0.11781955292664793,0.0,0.7828172287994556,0.6431606491893632,0.2935117301382644,0.2532816484739515,0.34827059614206385,surprised,08,12,12,female,strong,1436
30,1.0010000000000001,True,1.0,0.7936465267138749,0.7971840882966612,0.7954153075052681,0.8791342444615802,-0.06083333333333335,-0.06152777777777774,0.3956955693422046,0.17854656094312238,0.2041681613997155,0.9047711569834421,0.003537561582786286,0.0006944444444443865,0.003009551751576487,0.3342980288381038,0.11586480253858399,0.11980452955439225,0.0,0.8723317722885381,0.6563695012927045,0.2993687208354105,0.26670038888736164,0.3725884196604029,surprised,08,12,12,female,strong,1436
40,1.3346666666666667,True,1.0,0.21413347164814897,0.2071463794970266,0.2106399255725878,0.7333932110747018,-0.07430555555555557,-0.07305555555555554,0.3276796561475163,0.18759616647274702,0.19045451944182107,0.2872128107975252,0.006987092151122365,0.0012500000000000289,0.00455380137921783,0.4081469541838294,0.11693132081424482,0.11876381596094818,0.0,0.8286596134529095,0.600424072285164,0.28195867802478447,0.242336353854908,0.31078745270375074,surprised,08,12,12,female,strong,1436
50,1.6683333333333334,True,1.0,0.7221705749967482,0.6958511727097475,0.7090108738532479,0.9180834472320231,-0.059398148148148144,-0.06004629629629632,0.3770837606072003,0.2332834988868258,0.18337494349058064,0.7722727993744808,0.026319402287000693,0.0006481481481481755,0.003980357154418275,0.32274590163934347,0.11950008076096187,0.11617877804330479,0.0,0.6902547413629582,0.6052418774931847,0.2878450076985314,0.2723574877493215,0.3604226204579874,surprised,08,12,12,female,strong,1436
60,2.0020000000000002,True,1.0,0.6765876317802739,0.6803952057040497,0.6784914187421618,0.9611772216683726,-0.0631018518518518,-0.064074074074074,0.34312910718321504,0.3665339776678257,0.185457809398365,0.7058962732850284,0.003807573923775731,0.0009722222222222077,0.005176086444932998,0.30554130702977705,0.11765519858410091,0.11804673657173129,0.0,0.9999999987499999,0.6055975461434574,0.285808095857198,0.2652574189099693,0.35238778095625306,surprised,08,12,12,female,strong,1436
70,2.3356666666666666,True,1.0,0.7040642535332348,0.6954943712066876,0.6997793123699612,0.9122105817796705,-0.059768518518518554,-0.05782407407407414,0.2897216914835886,0.4074667411009611,0.1862750139854037,0.767124747670359,0.008569882326547207,0.0019444444444444153,0.0017466031012981736,0.34957323463893936,0.11678018939537939,0.11891242632303811,0.0,0.9215577065653736,0.5998828310230342,0.2850320369072273,0.25865590204025657,0.3377973439631931,surprised,08,12,12,female,strong,1436
80,2.6693333333333333,True,1.0,0.7831241113323302,0.8159551116018587,0.7995396114670945,1.0257088665159613,-0.05759259259259253,-0.057731481481481495,0.30426054610945297,0.38462142227250234,0.18686435787134414,0.7794995612964731,0.032831000269528565,0.0001388888888889661,0.005551179865673382,0.30343300046308436,0.118414963600972,0.11728458622027013,0.0,0.7918928787323193,0.6591096920721413,0.29365046395007155,0.24442878923519595,0.3490430750014377,surprised,08,12,12,female,strong,1436
90,3.003,True,1.0,0.7068981180727989,0.722300007147704,0.7145990626102514,0.8799102132435471,-0.058333333333333404,-0.059027777777777846,0.3064597739653589,0.35914702581369295,0.18961592732921562,0.8121272510022113,0.01540188907490514,0.000694444444444442,0.01174668291376553,0.36791339545550955,0.12008656817457346,0.1155724617437755,0.0,0.899058055054238,0.6504509694112021,0.2916743325224674,0.2403156733690172,0.34598337928816114,surprised,08,12,12,female,strong,1436
100,3.336666666666667,True,1.0,0.7222933019931947,0.7248119594132009,0.7235526307031979,0.906721812048462,-0.058750000000000024,-0.05935185185185188,0.30674390523254774,0.337777777777778,0.19243883260523004,0.7979874544636253,0.0025186574200061207,0.0006018518518518534,0.0065074937480941305,0.3441324141681177,0.11829234452554684,0.11740825778452761,0.0,0.6869845661821264,0.6476294175013756,0.2935265422694763,0.24089250210405203,0.3489749674816683,surprised,08,12,12,female,strong,1436
0,0.0,True,1.0,0.7120171407108613,0.6976778264203604,0.7048474835656109,0.659005917788852,-0.05842592592592599,-0.05856481481481485,0.3131651082896869,0.17334665987006861,0.2021924121016952,1.0695616906302907,0.014339314290500949,0.0001388888888888551,0.004083273765714372,0.4910988620048432,0.12361383253306188,0.11179176256028875,0.0,0.789158188065991,0.5888734718027837,0.27856336850853264,0.2571432408329115,0.31912224708552667,surprised,08,12,12,female,strong,1437
10,0.33366666666666667,True,1.0,0.6498520541690181,0.664075553124827,0.6569638036469225,0.6634634877742914,-0.059259259259259234,-0.05962962962962959,0.31903303305669023,0.18705292008070992,0.19940352799112818,0.9902034034319307,0.014223498955808878,0.00037037037037035425,0.008094253903757925,0.46771025949408973,0.11923760851399562,0.1164481450474412,0.0,0.9999999987499999,0.5915067303796518,0.2797509060672226,0.25470169777405194,0.3239852952931909,surprised,08,12,12,female,strong,1437
20,0.6673333333333333,True,1.0,0.6794323566209024,0.6854045094849222,0.6824184330529123,1.279663974295157,-0.06606481481481491,-0.06509259259259254,0.29715122129140337,0.4569638369915638,0.19594589137013074,0.5332793973736665,0.005972152864019753,0.0009722222222223742,0.0031900284164072903,0.25869188294927914,0.11518636787813974,0.12045695672770679,0.0,0.766586371731434,0.6522611623790141,0.2952747437375834,0.2469708280866679,0.3593891639783255,surprised,08,12,12,female,strong,1437
30,1.0010000000000001,True,1.0,0.7509959147341425,0.7507233889507865,0.7508596518424645,1.018211174308824,-0.061712962962962914,-0.06143518518518515,0.34060174904975465,0.37974838830725927,0.177094103915715,0.7374301822528696,0.00027252578335601463,0.0002777777777777657,0.0010036032073796328,0.2945958908785682,0.11855828796171812,0.11713970345227047,0.0,0.686944303334048,0.60422482116284,0.2814807761076277,0.27342140944278875,0.3585659291071152,surprised,08,12,12,female,strong,1437
40,1.3346666666666667,True,1.0,0.7409366057193605,0.7147629865793387,0.7278497961493495,0.9875237243414615,-0.05819444444444444,-0.057268518518518385,0.3045084687528724,0.43868528351190017,0.17989546661676634,0.7370453774512833,0.02617361914002181,0.0009259259259260522,0.007765723194451028,0.34557080940857815,0.11512321547483043,0.1205173142243632,0.0,0.8553527691926651,0.6644171067020559,0.2976078266637653,0.25111650856590295,0.36038742602077795,surprised,08,12,12,female,strong,1437
50,1.6683333333333334,True,1.0,0.3358724410753184,0.32346069490459645,0.3296665679899574,0.9207352083377484,-0.06740740740740736,-0.06583333333333335,0.33863416843696403,0.3041561092489161,0.17989546661676634,0.3580470964992441,0.012411746170721938,0.0015740740740740056,0.005478408323660768,0.32190798200436826,0.11511869683574832,0.12020505610254316,0.0,0.9999999987499999,0.6056917912008554,0.2890280866641627,0.2552098118111722,0.3411052261813659,surprised,08,12,12,female,strong,1437
60,2.0020000000000002,True,1.0,0.6513607339872245,0.657783766395944,0.6545722501915843,0.8726219212408959,-0.05449074074074073,-0.05412037037037032,0.3590095313077368,0.23797535126080088,0.18268065722355606,0.7501212544153851,0.006423032408719553,0.00037037037037040976,0.0009408746469034757,0.3477090885203197,0.11914676389361474,0.11654109328092208,0.0,0.7577317562513954,0.6054176937102966,0.2855939975935654,0.2628746655097621,0.3401078403648961,surprised,08,12,12,female,strong,1437
70,2.3356666666666666,True,1.0,0.7148619216814239,0.7063356499419026,0.7105987858116632,1.0336076913427954,-0.053287037037036966,-0.05268518518518511,0.31372023739689386,0.3413908015488176,0.18476351959133744,0.6874937094251881,0.008526271739521363,0.0006018518518518534,0.00020429586057881216,0.306002406720591,0.116740741111508,0.11895115440195952,0.0,0.8083270273267316,0.6021517654014731,0.2831283595375282,0.2516997502779923,0.320381164991796,surprised,08,12,12,female,strong,1437
80,2.6693333333333333,True,1.0,0.7230690550990816,0.7098795789247462,0.7164743170119139,0.9363179264546884,-0.05291666666666661,-0.0521759259259259,0.34952750874270266,0.2340684740353836,0.1847424590865799,0.7652041008386979,0.013189476174335413,0.0007407407407407085,0.000744902232655481,0.3108087693585386,0.11733250230727617,0.1183674857009768,0.0,0.8285507873279014,0.5956706151601265,0.2824153295553911,0.2563529321400063,0.33042082072739387,surprised,08,12,12,female,strong,1437
90,3.003,True,1.0,0.722415154737871,0.6920924772657796,0.7072538160018254,0.8643091062405552,-0.05467592592592602,-0.05550925925925926,0.3460722558798691,0.2364619252922276,0.1854183125512156,0.8182880533078427,0.030322677472091386,0.0008333333333332416,0.0065019247350299805,0.36134199898135105,0.11939921720298272,0.1162824350488101,0.0,0.8750714898908376,0.6484908027586036,0.29756239736426315,0.2438830270599837,0.35002341882938964,surprised,08,12,12,female,strong,1437
100,3.336666666666667,True,1.0,0.7116310888318694,0.7022013535294572,0.7069162211806633,0.8971211198788319,-0.053240740740740755,-0.05375000000000002,0.3343747111789553,0.2408805657889433,0.18263930661951858,0.787983033189701,0.009429735302412201,0.0005092592592592649,0.007028113182879218,0.32289914874186065,0.11885836946231727,0.11683520778378863,0.0,0.8859971938977363,0.5989366779055373,0.2860552001812604,0.25986314739523375,0.33412277089757175,surprised,08,12,12,female,strong,1437
110,3.6703333333333332,True,1.0,0.7435221351319166,0.694724284290146,0.7191232097110313,0.8889613402473777,-0.0562037037037037,-0.05499999999999999,0.33962088930372203,0.2715681485200567,0.1840381419464258,0.8089476753971276,0.048797850841770574,0.0012037037037037068,0.008352605368995803,0.34417377153669376,0.11776243331258654,0.1177781096889296,0.0,0.9999999987499999,0.5998619106783339,0.28431451326435137,0.25941852519337283,0.334546773914169,surprised,08,12,12,female,strong,1437
0,0.0,True,1.0,0.6494858501235158,0.6235987463488689,0.6365422982361923,0.6165836950327516,-0.05319444444444432,-0.05300925925925931,0.3307055373660965,0.18627145957788488,0.18511870879413211,1.032369657784059,0.02588710377464687,0.0001851851851850106,0.043149036806267874,0.4757659567822728,0.11885825447790756,0.11683532475974831,0.0,0.8591606762028261,0.6430320867409464,0.2924601611755487,0.23928006012537062,0.33833544475538024,surprised,08,12,12,female,strong,1438
10,0.33366666666666667,True,1.0,0.6504659601128574,0.6443080027724177,0.6473869814426376,0.6137630743046937,-0.05138888888888882,-0.05226851851851849,0.32318159677843955,0.1819452156247645,0.1864555499174749,1.05478320307235,0.006157957340439668,0.0008796296296296746,0.04643539435121421,0.4730089622117714,0.11997164410024358,0.11569175589223585,0.0,0.8297010051250089,0.6419700911770958,0.29272570314953406,0.24079008643555447,0.3419009667653209,surprised,08,12,12,female,strong,1438
20,0.6673333333333333,True,1.0,0.23151752249635993,0.21502341050843726,0.2232704665023986,0.6358181370939342,-0.0714351851851851,-0.07259259259259265,0.32752284778233226,0.17866556383267757,0.19054863455326013,0.35115460455858805,0.016494111987922666,0.0011574074074075513,0.045021346484597984,0.4626495868548694,0.1178155661246821,0.11788668350538367,0.0,0.7465864713910267,0.6434015830160189,0.2925686672337546,0.24055078305021635,0.34011295596312696,surprised,08,12,12,female,strong,1438
30,1.0010000000000001,True,1.0,0.7507233889507855,0.7154515106883444,0.733087449819565,0.8661064847399,-0.06717592592592592,-0.06509259259259259,0.3457109936766442,0.2047053726962531,0.2106083868350255,0.8464172278304994,0.03527187826244105,0.002083333333333326,0.021652387434963616,0.3394355796548516,0.11533828035463772,0.12031150757068222,0.0,0.7505734118507092,0.6429599932785615,0.29293267564638886,0.2573902806261011,0.35531394947112327,surprised,08,12,12,female,strong,1438
40,1.3346666666666667,True,1.0,0.7347436470748605,0.7022266086164785,0.7184851278456694,0.9040110954147209,-0.04902777777777778,-0.04606481481481489,0.3687690845636465,0.2033667515478844,0.18680923124255766,0.794774678640487,0.03251703845838205,0.0029629629629628895,0.0028217666073217192,0.3378518892403346,0.12039841884302936,0.11524755316080794,0.0,0.8328512100423945,0.6467977283022583,0.2943608093632074,0.25612219762297206,0.3548470636022147,surprised,08,12,12,female,strong,1438
50,1.6683333333333334,True,1.0,0.4776694972782835,0.4865472496148602,0.48210837344657187,0.7728827297374726,-0.04560185185185173,-0.0429166666666666,0.44513235566975395,-0.006440689414478913,0.18125042093162325,0.6237794621317662,0.008877752336576672,0.002685185185185124,0.008058807081005806,0.35624999999999957,0.117781880191048,0.11792033949906686,0.0,0.889173309919458,0.6074259900444553,0.28356912134925716,0.26571475174348586,0.34562640872431416,surprised,08,12,12,female,strong,1438
60,2.0020000000000002,True,1.0,0.6837501456808343,0.6637111456411129,0.6737306456609735,0.9613404552062653,-0.04995370370370367,-0.0507407407407407,0.3886937714635587,0.17478917367386598,0.17708376416920632,0.7008241898198467,0.020039000039721366,0.0007870370370370305,0.0022046891462837144,0.29829545454545486,0.11580600702916691,0.11986136368613848,0.0,0.7451105604776475,0.6071101723032962,0.28541398207907814,0.2615612198270489,0.3388053978616752,surprised,08,12,12,female,strong,1438
70,2.3356666666666666,True,1.0,0.703106828279077,0.7121289151443371,0.707617871711707,0.6938998141507482,-0.048472222222222305,-0.05148148148148152,0.36680911772390784,0.09050190527248013,0.18824349140015098,1.0197695074724125,0.00902208686526007,0.0030092592592592116,0.004170523503211353,0.41799681061613475,0.1208003087369919,0.11482623035987553,0.0,0.8061727969390512,0.6477828966117698,0.29432659157490926,0.2465668466849249,0.3485738338747606,surprised,08,12,12,female,strong,1438
80,2.6693333333333333,True,1.0,0.7109738868553714,0.7242945774025442,0.7176342321289578,0.8056591525239538,-0.04763888888888884,-0.05037037037037023,0.3382768213734541,0.16914561246427487,0.18685496707656818,0.8907417359819805,0.013320690547172775,0.0027314814814813904,0.0029370522266922872,0.37330418363334245,0.11932771453348788,0.11635580910971696,0.0,0.9109396499761112,0.6453799369826057,0.2956185344147394,0.24676438631653802,0.3489922964387481,surprised,08,12,12,female,strong,1438
90,3.003,True,1.0,0.7240488898139463,0.7504464673322304,0.7372476785730884,0.7424488585100646,-0.04898148148148146,-0.052731481481481546,0.3544469639542315,0.14393468282797245,0.19238054442833316,0.9929945613393306,0.026397577518284088,0.0037500000000000866,0.00029782232948777956,0.4038269955817147,0.11800548051897514,0.11769657742137823,0.0,0.8708945671006618,0.6419429559948979,0.2950067133179316,0.24769899763089676,0.34902220423748137,surprised,08,12,12,female,strong,1438
100,3.336666666666667,True,1.0,0.713329275677197,0.6838128601348549,0.698571067906026,0.7045500940806945,-0.05027777777777781,-0.0537037037037037,0.36813286868447803,0.12476407916012257,0.18961592732921567,0.991513696151769,0.029516415542342078,0.003425925925925888,0.006906415404187754,0.4106850096994545,0.1213223187259873,0.114274549873168,0.0,0.9322085662446311,0.6425310387670693,0.293111475130471,0.24814904954711448,0.35163024070069004,surprised,08,12,12,female,strong,1438
110,3.6703333333333332,True,1.0,0.697462677658009,0.6809416738481371,0.6892021757530731,0.6811825369119693,-0.05384259259259261,-0.05532407407407408,0.3727434736034346,0.1332748441784283,0.18750651030364252,1.0117731127950806,0.01652100380987187,0.0014814814814814725,0.010426184548093522,0.4285408796863863,0.1180080400728813,0.11769401109492725,0.0,0.8443563051667271,0.647361736608706,0.29376331769450115,0.24269940513992752,0.34504933584309044,surprised,08,12,12,female,strong,1438
0,0.0,True,1.0,0.6414633009070158,0.6756455770353539,0.6585544389711848,0.6569201638826543,-0.06291666666666673,-0.06222222222222218,0.3061319359048324,0.23965939312267773,0.1986760197162852,1.0024877834147627,0.03418227612833813,0.000694444444444553,0.0017474581736446097,0.4894237226684667,0.11858435218062616,0.11711331771846142,0.0,0.9239093887876402,0.6500918739683373,0.29267491524022304,0.24362442887596625,0.35231034478026385,surprised,08,12,12,female,strong,1439
10,0.33366666666666667,True,1.0,0.6570081429951866,0.6593699511775234,0.658189047086355,0.6807003406653146,-0.0637037037037037,-0.0622685185185185,0.3025358127009085,0.2507568648803321,0.19727791968317593,0.9669292165228577,0.0023618081823367776,0.001435185185185206,0.003708550431180707,0.4765470106659196,0.11839854238457477,0.11730116338075945,0.0,0.8135417575352069,0.647111879916029,0.2924989099445819,0.24250447089234523,0.35255314704014173,surprised,08,12,12,female,strong,1439
20,0.6673333333333333,True,1.0,0.506109534156638,0.46971833338874136,0.48791393377268966,1.146317096595808,-0.07379629629629636,-0.07023148148148156,0.30528603694796586,0.394046501954809,0.2028624150400572,0.42563609599964675,0.03639120076789659,0.0035648148148147984,0.0004765846418240631,0.28298078556679446,0.11562885799579213,0.12003226636035222,0.0,0.8488723041552311,0.6506807695500075,0.2932589802940028,0.2471616915839139,0.3556599436581271,surprised,08,12,12,female,strong,1439
30,1.0010000000000001,True,1.0,0.7095981164812398,0.670609931518013,0.6901040239996263,0.9877023832877673,-0.07388888888888884,-0.06916666666666671,0.33113208526115995,0.31794362744378535,0.2064289588189179,0.6986963235853247,0.03898818496322687,0.004722222222222128,0.005465117472903736,0.30543028868987465,0.11371113940045255,0.12185054183310115,0.0,0.783108794239553,0.5996940773027962,0.28349665624539333,0.27202195773765847,0.3481657782301672,surprised,08,12,12,female,strong,1439
40,1.3346666666666667,True,1.0,0.6783875290538525,0.6698505068399337,0.6741190179468931,0.9958236847833771,-0.06592592592592594,-0.06490740740740736,0.3327484495191048,0.29039753277289254,0.2008175751955657,0.6769461584894269,0.008537022213918721,0.0010185185185185852,0.011066256860659504,0.2910513481011298,0.1171337772493312,0.11856414296228013,0.0,0.7421156943226698,0.6050959828540792,0.28901486566364243,0.27706756815431227,0.35827134911003394,surprised,08,12,12,female,strong,1439
50,1.6683333333333334,True,1.0,0.6056714365659288,0.5993201113484705,0.6024957739571997,0.7913614163500683,-0.04912037037037037,-0.05125000000000007,0.40264581737180705,0.05553413448070639,0.182659356566283,0.7613408507279036,0.006351325217458292,0.0021296296296297035,0.00831083252317102,0.3556960758410593,0.11657941763025793,0.1187889273408737,0.0,0.8518993785344522,0.6031916036023786,0.28761144541112676,0.2689809085338889,0.34368096345030164,surprised,08,12,12,female,strong,1439
60,2.0020000000000002,True,1.0,0.6484807270127853,0.6402622062585029,0.6443714666356442,0.7768028407641783,-0.0658333333333333,-0.06625000000000003,0.3716355812027117,0.18672052795480118,0.1972237695863105,0.8295173920859313,0.00821852075428231,0.0004166666666667318,0.014763568371584077,0.3785836200592523,0.11339543241345729,0.12214439682698383,0.0,0.8180927895964871,0.604260929700005,0.28685234123928705,0.27110312172332424,0.35609047046739456,surprised,08,12,12,female,strong,1439
70,2.3356666666666666,True,1.0,0.10639798974719533,0.0690487931656753,0.08772339145643532,0.8286424104873013,-0.08333333333333337,-0.08212962962962966,0.3188444412139729,0.25893297437128243,0.21182320498670149,0.10586398951611427,0.03734919658152003,0.0012037037037037068,0.0068269960712075434,0.3685930804449064,0.11656693380598734,0.11912148300036196,0.0,0.7859409482501293,0.6519996813334709,0.2921724882590662,0.25254570688104483,0.346570858617667,surprised,08,12,12,female,strong,1439
80,2.6693333333333333,True,1.0,0.6791278409476573,0.6589988038751837,0.6690633224114205,0.9351552496138897,-0.06717592592592603,-0.06462962962962965,0.32715611675319173,0.2542842214388359,0.20769179289336956,0.715456949728578,0.0201290370724736,0.0025462962962963798,0.0025680428121056882,0.33596830685767853,0.11676925029416127,0.1189231682855604,0.0,0.7628223327724564,0.6419814595369399,0.2933420577862549,0.2594061383486202,0.3607233216283369,surprised,08,12,12,female,strong,1439
90,3.003,True,1.0,0.6838128601348539,0.6746416900043373,0.6792272750695956,0.8547813824309152,-0.06805555555555565,-0.06615740740740733,0.3318456827335068,0.2257913085666571,0.2104529220518775,0.7946210446675139,0.009171170130516604,0.0018981481481483153,0.0018700935563927034,0.37337408586050497,0.116616923792605,0.11907254450258793,0.0,0.8061527818182045,0.6399064771142832,0.2954609635492376,0.2581141332127432,0.361205849284781,surprised,08,12,12,female,strong,1439
100,3.336666666666667,True,1.0,0.7240488898139456,0.730524677085151,0.7272867834495482,0.8726606588306528,-0.06620370370370371,-0.06527777777777771,0.33333333333333326,0.23431283533852218,0.20905113610721196,0.8334130524734522,0.006475787271205458,0.0009259259259259967,0.0023555104306465595,0.36503353815534484,0.11914116607186673,0.1165468159865471,0.0,0.7434389233129818,0.6392960436596514,0.2966641877640572,0.25814214265360563,0.35720202758701886,surprised,08,12,12,female,strong,1439
0,0.0,True,1.0,0.5767659623628706,0.5684212545370358,0.5725936084499532,0.4033163403823715,-0.04921296296296285,-0.05087962962962961,0.34980482424775705,0.21659581242756923,0.1805593584752419,1.4197133890164113,0.00834470782583474,0.0016666666666667607,0.013235611893140264,0.7291666666666671,0.127480674977505,0.10736133045875951,0.0,0.9354728068799575,0.6310648224914966,0.2842051641050152,0.3026090561600715,0.3984730271076301,neutral,01,13,13,male,normal,1440
10,0.33366666666666667,True,1.0,0.596662199685815,0.5537340619307834,0.5751981308082992,0.4079712595932127,-0.05162037037037043,-0.0527777777777777,0.35862148972641095,0.21127083086077025,0.1784739321483694,1.4098986565421987,0.04292813775503157,0.0011574074074072738,0.0126437745381088,0.7433035714285711,0.12868461638412051,0.1059152834905834,0.0,0.8957901134884659,0.6340409020092412,0.2827399601872069,0.30469528113177535,0.3950764177195597,neutral,01,13,13,male,normal,1440
20,0.6673333333333333,True,1.0,0.29674579659705713,0.3254332649739276,0.3110895307854924,0.6801675495113818,-0.06092592592592594,-0.061712962962963025,0.3314517016041475,0.3168703521835655,0.17917049906572252,0.4573719093317119,0.028687468376870473,0.000787037037037086,0.00029683848273232043,0.47297271554512454,0.12718538040300467,0.10771098728707564,0.0,0.8351105996421009,0.6359871341661666,0.28254093824051757,0.29853477217505237,0.3895892403021313,neutral,01,13,13,male,normal,1440
30,1.0010000000000001,True,1.0,0.5543402759489893,0.5462478826176267,0.550294079283308,0.8213974207792374,-0.05537037037037035,-0.05416666666666664,0.3526968376184875,0.3080084949486582,0.1805572457519714,0.6699486331004777,0.00809239333136258,0.0012037037037037068,0.018537195970935557,0.3519979656564218,0.12690948338969338,0.10803592363796619,0.0,0.6907109406070908,0.6331864926048545,0.2838890185583265,0.3046078992616135,0.3952620316357531,neutral,01,13,13,male,normal,1440
40,1.3346666666666667,True,1.0,0.5161696151330646,0.5004775631118445,0.5083235891224546,0.8720733438803102,-0.05319444444444443,-0.05175925925925917,0.32297975168217746,0.37259367042102043,0.17709410391571503,0.5828908688581824,0.015692052021220038,0.0014351851851852615,0.013301986189197354,0.37882582801060044,0.12669540904892407,0.10828689254236365,0.0,0.7263706661430606,0.634752458303634,0.2837640421925316,0.30570359349800125,0.3947821983728493,neutral,01,13,13,male,normal,1440
50,1.6683333333333334,True,1.0,0.5471882207032368,0.5479076927335413,0.5475479567183891,0.8271246589918888,-0.05236111111111119,-0.05212962962962958,0.34870929522896654,0.3458884937602441,0.17569618140473192,0.6619896417859773,0.0007194720303045354,0.00023148148148161019,0.00423912431678882,0.35841600846497734,0.131029940673124,0.1029996719331465,0.0,0.65344744067921,0.5776582983271434,0.2566049730731249,0.32696279677667517,0.35823551899993133,neutral,01,13,13,male,normal,1440
60,2.0020000000000002,True,1.0,0.537361495563555,0.515401563040219,0.526381529301887,0.7379698817777137,-0.05212962962962969,-0.05222222222222217,0.329986967093375,0.34543271061935543,0.18124999999999997,0.7132832142605516,0.021959932523335945,9.259259259247754e-05,0.003417516592751619,0.4433300037117238,0.12508659285141605,0.1101413730580559,0.0,0.7071067807446058,0.6304226705994899,0.28556232615808264,0.3013082692137555,0.39150891206973387,neutral,01,13,13,male,normal,1440
70,2.3356666666666666,True,1.0,0.41881451858982016,0.4274626525487794,0.4231385855692998,0.3720324762928578,-0.05240740740740746,-0.0530092592592592,0.37185518893059355,0.16531189615564607,0.17569487868612618,1.1373700215252502,0.008648133958959248,0.0006018518518517424,0.003237381193883922,0.7715551790281132,0.12820292219427407,0.10649783336572365,0.0,0.9413454364327406,0.6321854971207234,0.28330277144189475,0.30208757543037024,0.3956703298122119,neutral,01,13,13,male,normal,1440
80,2.6693333333333333,True,1.0,0.5244955091964242,0.5383696482720632,0.5314325787342438,0.37185609291905836,-0.05162037037037043,-0.05180555555555555,0.373106552585778,0.1858877106207945,0.1791670924928321,1.4291350574963426,0.013874139075639058,0.00018518518518512161,0.006145069668288645,0.791494919909753,0.12821435179224328,0.10648407282428721,0.0,0.7933877244521604,0.6318394714448279,0.28322840420268736,0.30500937103510734,0.39995165712463393,neutral,01,13,13,male,normal,1440
90,3.003,True,1.0,0.5394114619214756,0.5298407339585252,0.5346260979400004,0.3836509511624477,-0.051435185185185195,-0.051064814814814896,0.3615812733516084,0.1918254755812233,0.17986492871357404,1.3935221490266185,0.009570727962950443,0.00037037037037029874,0.005183073248541182,0.7916666666666681,0.12690422437369672,0.10804210108415044,0.0,0.830416132665368,0.6311028111244499,0.28289088680670427,0.30275469199576144,0.39986343412003206,neutral,01,13,13,male,normal,1440
0,0.0,True,1.0,0.5625847421202751,0.5782530610286526,0.5704189015744638,0.38682313891015707,-0.0526388888888889,-0.0537037037037037,0.36273192846962043,0.22201695976325045,0.17989546661676628,1.4746245614509335,0.0156683189083775,0.0010648148148147962,0.012858677319941055,0.7923606219642362,0.1286007656187854,0.10601707811941737,0.0,0.6864950575115797,0.6336476902870524,0.28157468672124514,0.30590083920908734,0.40263893030306364,neutral,01,13,13,male,normal,1441
10,0.33366666666666667,True,1.0,0.5228516358972859,0.5439092093930173,0.5333804226451516,0.3999522519554779,-0.050416666666666665,-0.05194444444444457,0.3501807781430355,0.2146029658334811,0.17848290899188046,1.3336102498168374,0.021057573495731452,0.0015277777777779056,0.006085016430007167,0.7502629503886001,0.12954985457501897,0.10485519992110393,0.0,0.800854328238272,0.6329568969228317,0.2820528103699578,0.3090759357532247,0.4034407288254058,neutral,01,13,13,male,normal,1441
20,0.6673333333333333,True,1.0,0.5238291148686546,0.5228524247487298,0.5233407698086923,0.41131915333009916,-0.05166666666666664,-0.05208333333333337,0.3531121924008581,0.2128328409202092,0.1798717153623356,1.2723471921296394,0.000976690119924739,0.0004166666666667318,0.005325457673974378,0.7427043328326011,0.12818861635225814,0.10651505249677506,0.0,0.7332743633607154,0.6317646990905738,0.2820231243525569,0.30662384423958233,0.40171879413755085,neutral,01,13,13,male,normal,1441
30,1.0010000000000001,True,1.0,0.508747288203787,0.5083425650824624,0.5085449266431248,0.9000643876658609,-0.05398148148148152,-0.052314814814814814,0.35495336649648596,0.3774308229475488,0.176410081713312,0.5650094966671613,0.00040472312132455723,0.0016666666666667052,1.2045636183989306e-05,0.33605891424025436,0.12710539541555307,0.10780536270040028,0.0,0.8993593966587141,0.6377940223120497,0.2830988245868455,0.31010367685524687,0.40901074444853125,neutral,01,13,13,male,normal,1441
40,1.3346666666666667,True,1.0,0.5083425650824617,0.4845461952627007,0.4964443801725812,0.8576403820244828,-0.0528703703703704,-0.05203703703703705,0.3275875682779521,0.35083453589641334,0.17849957907496103,0.5788491197216147,0.023796369819760965,0.0008333333333333526,0.0034762004643445446,0.38904109110731333,0.127995477467603,0.10674706327837455,0.0,0.9514587616926333,0.6310866027582909,0.2832599578926933,0.3082320590678429,0.4017791157086183,neutral,01,13,13,male,normal,1441
50,1.6683333333333334,True,1.0,0.5100652576109047,0.5326600507061575,0.5213626541585311,0.6478161851703289,-0.052499999999999936,-0.05129629629629634,0.33900836789360866,0.2937519744580547,0.177094103915715,0.804800290720508,0.022594793095252808,0.0012037037037035958,0.007686332870248476,0.45780966802491846,0.12738733996177415,0.1074720586392876,0.0,0.8108509246484384,0.6310089594118897,0.28272625117395955,0.3062041543600709,0.39698379836535125,neutral,01,13,13,male,normal,1441
60,2.0020000000000002,True,1.0,0.5011021736630402,0.522851635897287,0.5119769047801637,0.713700168042753,-0.05143518518518514,-0.04958333333333337,0.327785619165736,0.34088357081072096,0.18126052299733003,0.7173557296255176,0.021749462234246786,0.0018518518518517713,0.00507369310987436,0.43736334530355364,0.1261883135025688,0.10887739575274391,0.0,0.9026807098300359,0.6301029482965061,0.28452560580665803,0.3064813895473221,0.40161512692633883,neutral,01,13,13,male,normal,1441
70,2.3356666666666666,True,1.0,0.5681860694271491,0.5573143408668462,0.5627502051469977,0.37735753196976,-0.052685185185185224,-0.052499999999999936,0.37108845673699364,0.2024792838254313,0.1770988427644488,1.4912918319385615,0.01087172856030294,0.00018518518518528815,0.004250800013795506,0.791845488771657,0.12908437488120697,0.10542770950927863,0.0,0.9362413639254911,0.6341378758847288,0.28149494801807984,0.30759763548364955,0.4015074999617405,neutral,01,13,13,male,normal,1441
80,2.6693333333333333,True,1.0,0.5681860694271491,0.5518720258550245,0.5600290476410867,0.4084636737698244,-0.05388888888888882,-0.05236111111111119,0.36706687119668774,0.20407833537358622,0.17640445937537777,1.3710620640323374,0.016314043572124626,0.001527777777777628,0.0042390559442311475,0.7179603229443275,0.12860802425818776,0.10600827263535663,0.0,0.7556862273703047,0.6342974266659789,0.2823359934645996,0.30765229658542576,0.405932268464624,neutral,01,13,13,male,normal,1441
90,3.003,True,1.0,0.5591427064880885,0.5573155664475707,0.5582291364678296,0.38860342277482385,-0.052314814814814814,-0.05240740740740746,0.37367299317315206,0.20801257358446137,0.17847906182851886,1.4365008225655678,0.0018271400405177607,9.259259259264407e-05,0.0016177309508646647,0.7461256889994766,0.1262228823850455,0.10848665280881012,0.0,0.9999999987499999,0.6332543074417267,0.28348222233665493,0.30466811321798315,0.4040889006398922,neutral,01,13,13,male,normal,1441
0,0.0,True,1.0,0.5727629744397851,0.595731308170584,0.5842471413051845,0.44374410622730787,-0.052592592592592635,-0.05212962962962975,0.3524468770687725,0.28098854576652715,0.17781253580877124,1.3166307633298548,0.022968333730798873,0.0004629629629628873,0.0029769586992211073,0.7131539528358004,0.1273664048319412,0.10749686828378467,0.0,0.8641762627532071,0.6342301343662466,0.28340068592338724,0.3048251378564328,0.402293584021936,neutral,01,13,13,male,normal,1442
10,0.33366666666666667,True,1.0,0.5675792126820672,0.5573143408668451,0.5624467767744561,0.4256649960620577,-0.05087962962962961,-0.050370370370370454,0.3553736988469717,0.24934021019653185,0.17503530963534364,1.3213366895981669,0.010264871815222176,0.0005092592592591538,0.0010269137554639962,0.7179603229443309,0.12847616421478178,0.1061680413277569,0.0,0.7783901050481775,0.633618328237545,0.28454270991851593,0.3069826454513546,0.40255495850541334,neutral,01,13,13,male,normal,1442
20,0.6673333333333333,True,1.0,0.5246234973712468,0.5663818855212913,0.5455026914462691,0.4478085273792047,-0.0506018518518519,-0.050648148148148164,0.34826015451441955,0.2611757352083291,0.17573786330129448,1.2181605710789354,0.04175838815004451,4.6296296296266526e-05,0.0014731472934997854,0.693628083902718,0.12905119514020494,0.10546832132753745,0.0,0.7874734011877471,0.6332176942417591,0.2828325849987664,0.3082725677899358,0.40495898020902366,neutral,01,13,13,male,normal,1442
30,1.0010000000000001,True,1.0,0.4802033096370398,0.5068494412821968,0.4935263754596183,0.7661176647924945,-0.05523148148148144,-0.05467592592592596,0.3372056006127059,0.36764343113178566,0.17920115530761807,0.6441913535478803,0.026646131645157,0.0005555555555554759,0.004604261987587542,0.4273918301315153,0.12692972670116426,0.10801213936407887,0.0,0.8322354623219596,0.6336675442677071,0.2856843579850206,0.30263199146398856,0.4022122375569604,neutral,01,13,13,male,normal,1442
40,1.3346666666666667,True,1.0,0.4959131125145149,0.5111618882838789,0.5035375003991969,0.5768621449628256,-0.051435185185185195,-0.04958333333333337,0.34029396619548014,0.31116785726800233,0.1743795115575408,0.8728905247052501,0.015248775769363954,0.0018518518518518268,0.022258053778280645,0.547637373131346,0.13043298554177105,0.1037545856995744,0.0,0.6809252638642475,0.5808444694049495,0.2552645486718511,0.32976625869109427,0.3580203934805682,neutral,01,13,13,male,normal,1442
50,1.6683333333333334,True,1.0,0.5391825286563274,0.5292575084276566,0.5342200185419921,0.7708501897455577,-0.052592592592592635,-0.05018518518518522,0.3295786509701084,0.4168609016492415,0.17295240163192802,0.6930270312553565,0.009925020228670811,0.0024074074074074137,0.01876928342127934,0.41323807854988737,0.1277567827558813,0.1070326222727944,0.0,0.7870332626169292,0.6349849220391282,0.2845737998011201,0.3050203993796372,0.3983445360211108,neutral,01,13,13,male,normal,1442
60,2.0020000000000002,True,1.0,0.31285350166864667,0.33461090470085303,0.3237322031847498,0.8808079105762494,-0.05768518518518517,-0.05518518518518517,0.31639178637769905,0.4484622721059474,0.17086950399915843,0.3675400723557933,0.021757403032206357,0.0025000000000000022,0.01353070083283132,0.37491864627304305,0.12578781473447637,0.10933985291202422,0.0,0.9345920027080931,0.6340104623411865,0.28473465423855826,0.3017037759576144,0.39807885802652915,neutral,01,13,13,male,normal,1442
70,2.3356666666666666,True,1.0,0.5036205141446399,0.5131854267628883,0.508402970453764,0.41126003646945913,-0.05226851851851849,-0.051018518518518574,0.3663307976834243,0.21256082673558138,0.17365505086318994,1.236208056630659,0.009564912618248322,0.0012499999999999178,0.011232197444148936,0.7179603229443309,0.1319273296391053,0.1018477170354452,0.0,0.6917659889546476,0.5822083746858118,0.2545911127629399,0.32628541501282016,0.35284755034531795,neutral,01,13,13,male,normal,1442
80,2.6693333333333333,True,1.0,0.5335936864527373,0.5740009366340066,0.553797311543372,0.42882617187859706,-0.05138888888888882,-0.051157407407407374,0.3629522406133345,0.2285466512597218,0.17226651623639172,1.2914261019034885,0.04040725018126934,0.00023148148148144365,0.0165201395716212,0.6940624979009667,0.1325607448409631,0.10102191197145113,0.0,0.7006258505610965,0.5841270304059124,0.25432315705827907,0.3318106732598027,0.3596290498944918,neutral,01,13,13,male,normal,1442
90,3.003,True,1.0,0.5246234973712468,0.545344689600371,0.5349840934858089,0.421692658590607,-0.049675925925925846,-0.04921296296296296,0.36028519567916617,0.23226512181387668,0.17365505086318994,1.2686587792963901,0.020721192229124163,0.0004629629629628873,0.01625439804122988,0.6979461329762584,0.13088661923234782,0.10318173615956369,0.0,0.6949525730969277,0.5865023338632328,0.2559715784761068,0.32784636345719964,0.3598600812774895,neutral,01,13,13,male,normal,1442
0,0.0,True,1.0,0.5530380072357612,0.544487507320408,0.5487627572780847,0.3905417183831861,-0.05111111111111111,-0.05111111111111116,0.36711982629186485,0.23845747888047633,0.17223816937956293,1.4051322341436967,0.008550499915353282,5.551115123125783e-17,0.011777009472804327,0.7701650771753542,0.12928549119008012,0.10518098468152692,0.0,0.8727316015957278,0.6325984765625,0.2847872733696173,0.3013167809698017,0.39641434721286456,neutral,01,13,13,male,normal,1443
10,0.33366666666666667,True,1.0,0.5312387417027655,0.5629632411472446,0.5471009914250051,0.39669421487603373,-0.052083333333333315,-0.052731481481481546,0.3597114424543365,0.2350780532598716,0.17153178084657764,1.3791504158838648,0.03172449944447908,0.000648148148148231,0.01753670983392084,0.749999999999997,0.12594239443803845,0.10916176552971743,0.0,0.7093257120252164,0.6324033637517507,0.2864595396972027,0.2977165468128458,0.39864602679699535,neutral,01,13,13,male,normal,1443
20,0.6673333333333333,True,1.0,0.5781736937788757,0.5506903559027506,0.5644320248408132,0.7686701882309297,-0.05111111111111105,-0.052499999999999936,0.32919472588653054,0.37632811298805935,0.1715495711333122,0.7342967549448429,0.027483337876125113,0.001388888888888884,0.011469430421427522,0.39898179054190813,0.12646986722103798,0.10855022089179085,0.0,0.902949713768608,0.6359906095485068,0.28763613721935555,0.2967274401958487,0.39422930790187566,neutral,01,13,13,male,normal,1443
30,1.0010000000000001,True,1.0,0.39891274302061264,0.3878670507595786,0.3933898968900956,0.7637611661470496,-0.051944444444444404,-0.0526388888888889,0.34038730185494037,0.3585001392118805,0.17084047876316608,0.5150692576772814,0.011045692261034024,0.0006944444444444975,0.006211745703373753,0.42523490151940857,0.12985447745761947,0.1044777127195764,0.0,0.8185710685179406,0.5828860857702456,0.25995507017134084,0.32606653114325224,0.3639129317242775,neutral,01,13,13,male,normal,1443
40,1.3346666666666667,True,1.0,0.48015147792472157,0.4576014471544882,0.4688764625396049,0.5722449887031036,-0.05069444444444443,-0.05009259259259263,0.3492515512269968,0.301181573001634,0.17153489427994736,0.8193631605271617,0.022550030770233376,0.0006018518518517979,0.004730371661002658,0.5335441137615893,0.12912234545224235,0.10538120171899144,0.0,0.69594829838736,0.5889814309395633,0.2605547124617164,0.32168400888085347,0.35954760080636267,neutral,01,13,13,male,normal,1443
50,1.6683333333333334,True,1.0,0.5342869619606025,0.5368160389213966,0.5355515004409996,1.0558389968285395,-0.05342592592592593,-0.05189814814814814,0.3296421880082979,0.5039231575772569,0.16806281908660353,0.5072283767218813,0.0025290769607940744,0.0015277777777777946,0.007612942951570151,0.29016857493957005,0.12894174866349253,0.10560209856976907,0.0,0.6940276155368708,0.5820307044067627,0.26127304695778625,0.3209221379133417,0.3560068175810094,neutral,01,13,13,male,normal,1443
60,2.0020000000000002,True,1.0,0.5101609452950165,0.5003321417502429,0.5052465435226297,0.8541675877349449,-0.051064814814814785,-0.049537037037037046,0.32308159238027656,0.4270588086375271,0.17153489427994736,0.5915075106776491,0.009828803544773668,0.001527777777777739,0.0006975091495483185,0.3682693378464375,0.13074805084204338,0.10335726859778356,0.0,0.7932775151724294,0.5843530979657489,0.2593965801025779,0.32820938525874815,0.3597003311773893,neutral,01,13,13,male,normal,1443
70,2.3356666666666666,True,1.0,0.5461182173080485,0.5466160919195658,0.5463671546138071,0.41905465152536303,-0.05129629629629623,-0.050462962962962876,0.3672348229161763,0.2311590863935066,0.1694557005543102,1.3038088292899872,0.0004978746115172905,0.0008333333333333526,0.005083224353400446,0.6796266641504249,0.12996711368210676,0.10433756337956596,0.0,0.6961063949782849,0.5868947086725315,0.2603039792413777,0.3209558926997765,0.35882850662604576,neutral,01,13,13,male,normal,1443
80,2.6693333333333333,True,1.0,0.5401704126653109,0.5313615855940829,0.5357659991296968,0.43006332999497,-0.04995370370370361,-0.049398148148148135,0.37129037906075313,0.2508702758303996,0.1687613024282096,1.24578396194803,0.008808827071227987,0.0005555555555554759,0.00036863240622416057,0.6749999999999995,0.1307632730035533,0.10333800948514918,0.0,0.6894427540683565,0.588054922984819,0.2596307340627525,0.3257074119939902,0.35926006086865137,neutral,01,13,13,male,normal,1443
90,3.003,True,1.0,0.5459953734167323,0.5373629550401993,0.5416791642284657,0.4079236951321477,-0.049907407407407456,-0.050555555555555465,0.3653417574096513,0.21848646709233366,0.1694557005543102,1.3278933552829963,0.008632418376533058,0.0006481481481480089,0.004038103699968076,0.7431536258083918,0.13136570315114884,0.10257109635072839,0.0,0.6957134284607132,0.5866646821150335,0.26051903468899484,0.3280064497885815,0.36331321007257344,neutral,01,13,13,male,normal,1443
0,0.0,True,1.0,0.46651426829953824,0.48464578108720985,0.475580024693374,0.34983767384174747,-0.05046296296296293,-0.06078703703703703,0.3723444157518922,0.20801562071059704,0.1715918156720557,1.359430559524322,0.01813151278767161,0.010324074074074097,0.0702492589589326,0.8401149739685143,0.1313812538987707,0.10255117695544437,0.0,0.6756885844781049,0.5727120871004652,0.26483276733488886,0.329080320488507,0.3726851066349572,calm,02,13,13,male,normal,1444
10,0.33366666666666667,True,1.0,0.4635660212034265,0.4970652165780786,0.4803156188907526,0.37401641886215786,-0.050509259259259254,-0.06152777777777774,0.3762994805660209,0.22044658692012153,0.1695205211961138,1.2842099829520341,0.033499195374652124,0.011018518518518483,0.07087172809172829,0.7683667347734989,0.1315802036472839,0.10229578573515076,0.0,0.6771258676714647,0.5717660950473941,0.26386424288847826,0.3319273308831616,0.37115620331121696,calm,02,13,13,male,normal,1444
20,0.6673333333333333,True,1.0,0.46995642227664236,0.49385840460297925,0.4819074134398108,0.37112722697294254,-0.051203703703703696,-0.06106481481481485,0.365447144220215,0.21287004359204487,0.1729700458052687,1.2984965219890612,0.02390198232633689,0.009861111111111154,0.07404124135252793,0.7682008638447015,0.1275617258679084,0.10726501696403275,0.0,0.6742509694508961,0.6285102115377402,0.2898216485133156,0.30842997893396884,0.4030561424259898,calm,02,13,13,male,normal,1444
30,1.0010000000000001,True,1.0,0.49063106384119826,0.4999951346811939,0.49531309926119604,0.8335371266655994,-0.05152777777777784,-0.06037037037037035,0.3679085856599701,0.33831338567409636,0.17227581653246093,0.5942303988816889,0.00936407083999563,0.008842592592592513,0.0691977017366008,0.35717483121006577,0.12664509325401588,0.1083457342273203,0.0,0.6598622889325045,0.6328683555140807,0.29014768482853737,0.31566995891659494,0.4113473433864148,calm,02,13,13,male,normal,1444
40,1.3346666666666667,True,1.0,0.4462439505095136,0.4515182778211044,0.44888111416530896,0.6302030090494507,-0.04879629629629628,-0.05874999999999997,0.35813770194885475,0.284599042788702,0.17295240163192807,0.7122801822897774,0.005274327311590776,0.009953703703703687,0.06274128374296375,0.48912088621975414,0.12683344824853166,0.10812517827046442,0.0,0.6673472732624445,0.6274159992825256,0.29160958288388056,0.3181532564730723,0.4141625525657523,calm,02,13,13,male,normal,1444
50,1.6683333333333334,True,1.0,0.4860668275219669,0.4751856881614401,0.4806262578417035,0.5909152609276201,-0.05435185185185193,-0.059537037037036944,0.34826416707772506,0.3098047587399281,0.17570139218256636,0.8133590205255746,0.010881139360526815,0.005185185185185015,0.04967302414941941,0.49509540039723016,0.1261884405553268,0.10887724849931317,0.0,0.7266010173080361,0.6288731357933799,0.2893522285158801,0.3069945183500805,0.4013267445273335,calm,02,13,13,male,normal,1444
60,2.0020000000000002,True,1.0,0.4668567558164072,0.4445809019834536,0.45571882889993043,0.7139994971956641,-0.05199074074074078,-0.05921296296296291,0.36418669710841106,0.2982232272568455,0.17431255865192524,0.6382621145950828,0.02227585383295355,0.00722222222222213,0.04373105476998504,0.4205584412361361,0.123268500034824,0.11183222600874308,0.0,0.9999999987499999,0.6304982655171444,0.2945422047989474,0.3113277284322158,0.4070780249441404,calm,02,13,13,male,normal,1444
70,2.3356666666666666,True,1.0,0.49617674262461414,0.514668850125721,0.5054227963751675,0.6400191845083953,-0.0537037037037037,-0.060740740740740706,0.37226394802406654,0.30540542522823755,0.17362209709164386,0.7896994474679496,0.018492107501106803,0.007037037037037008,0.03616116761913949,0.4581228472908504,0.12661274739607914,0.10838353180842256,0.0,0.7071067807446058,0.6315303989955359,0.292715801462439,0.3107499710348199,0.4052162084113495,calm,02,13,13,male,normal,1444
80,2.6693333333333333,True,1.0,0.4952243515062375,0.4745180675524604,0.4848712095293489,0.4087126029244767,-0.052407407407407514,-0.05782407407407403,0.3735713875265991,0.21779530061559027,0.1743270016496914,1.186337798394108,0.020706283953777105,0.005416666666666514,0.03809346909476651,0.7229172359160406,0.13024249913914165,0.10399360167253663,0.0,0.6910386314002497,0.5710434502629177,0.26334431967973704,0.331690368344345,0.3716872497833066,calm,02,13,13,male,normal,1444
90,3.003,True,1.0,0.4914809180559756,0.481890516802614,0.4866857174292948,0.37703012143688996,-0.05189814814814814,-0.05717592592592602,0.39274714011466866,0.2214645866284052,0.17084449793611564,1.2908404123641346,0.00959040125336158,0.005277777777777881,0.041552839972821234,0.788233392586307,0.12495768542733891,0.11028759958822758,0.0,0.7935937309663026,0.6314107190141682,0.29020268264714566,0.30852265880656393,0.4070759287774038,calm,02,13,13,male,normal,1444
0,0.0,True,1.0,0.521692010254396,0.5155497033917783,0.5186208568230872,0.4321616482044607,-0.053888888888888875,-0.059675925925925966,0.37788694271799717,0.17414409404685982,0.18751017225010916,1.2000621965827973,0.006142306862617741,0.0057870370370370905,0.0418057624401581,0.7079301211462017,0.12631509420916306,0.1087302843995974,0.0,0.6338144294298433,0.6277593999240321,0.2883018139150228,0.30574760230324866,0.400151125889249,calm,02,13,13,male,normal,1445
10,0.33366666666666667,True,1.0,0.5312387417027661,0.5325224621443044,0.5318806019235353,0.4131001093989502,-0.05476851851851855,-0.05805555555555553,0.3821758496472565,0.16512398174862927,0.18889535132429544,1.287534401037578,0.0012837204415383496,0.0032870370370369772,0.020880550885714163,0.7502130670575834,0.12802749131646243,0.10652997367149934,0.0,0.6104616805811578,0.6287900790628751,0.2866218366026214,0.30945734709895173,0.3977572914483307,calm,02,13,13,male,normal,1445
20,0.6673333333333333,True,1.0,0.5454828528614675,0.5723773115890443,0.5589300822252559,0.4157337136829767,-0.05560185185185185,-0.05791666666666667,0.395435965633197,0.16760697220353094,0.1868316922029551,1.3444425213286297,0.026894458727576787,0.002314814814814825,0.02863249013839249,0.7264033706626633,0.12723780103792823,0.10764905832185881,0.0,0.6403191270061797,0.6262150854091637,0.28927380436535427,0.3081869637083992,0.4003761999465344,calm,02,13,13,male,normal,1445
30,1.0010000000000001,True,1.0,0.5251656789801644,0.5421268314029418,0.5336462551915531,0.8818077593069334,-0.05870370370370365,-0.060416666666666674,0.37544236955255056,0.30093439404919153,0.18750651030364252,0.6051730091499515,0.016961152422777404,0.0017129629629630272,0.008462040179774262,0.34965840374160906,0.12489473169411647,0.11035888620934195,0.0,0.6912030165434265,0.6300613696806847,0.2913044243212396,0.32069051261518067,0.4263294099455212,calm,02,13,13,male,normal,1445
40,1.3346666666666667,True,1.0,0.5066556226062059,0.49709844905393286,0.5018770358300694,1.2189130073445096,-0.055694444444444435,-0.05740740740740735,0.32080441540267124,0.4611570383746154,0.1826426484301614,0.4117414719557755,0.009557173552273035,0.0017129629629629162,0.010951251125538238,0.2673856774144525,0.12549702049707218,0.10949964232488296,0.0,0.8189503199131661,0.6281878498586935,0.2925649333310578,0.31495486871104383,0.4194182070617355,calm,02,13,13,male,normal,1445
50,1.6683333333333334,True,1.0,0.5214526990801516,0.5122410546139361,0.5168468768470438,0.6157149377161175,-0.05342592592592599,-0.05722222222222223,0.35274084722150256,0.2850899400178032,0.18333374948165368,0.8394255932204491,0.009211644466215474,0.003796296296296242,0.028775381541107436,0.48224601052367505,0.12681424378364095,0.10814770152069306,0.0,0.8996822795756821,0.6291653309761405,0.28793518859526707,0.31010321348199377,0.40402583338206677,calm,02,13,13,male,normal,1445
60,2.0020000000000002,True,1.0,0.508560486859067,0.5243675210215997,0.5164640039403333,0.7253036516394347,-0.05388888888888882,-0.05624999999999997,0.351157858206334,0.29463437823582067,0.1840277777777778,0.712065908909941,0.015807034162532707,0.002361111111111147,0.01781280816403435,0.42389851388829886,0.1236488435880542,0.11175303686920464,0.0,0.8239183446651577,0.6271612728059974,0.29224046523513303,0.30893173216677816,0.4080968636708988,calm,02,13,13,male,normal,1445
70,2.3356666666666666,True,1.0,0.4953045280305817,0.5115932499644531,0.5034488889975174,0.4231863644944185,-0.05518518518518517,-0.056851851851851876,0.37370342951674856,0.21155599793731245,0.1826426484301614,1.189662359747788,0.016288721933871375,0.0016666666666667052,0.011478928281978043,0.7311214938434046,0.12769960150539195,0.10710083821378463,0.0,0.826610324954151,0.6275715183729741,0.28824534660500756,0.31073282702620253,0.4045631084075621,calm,02,13,13,male,normal,1445
80,2.6693333333333333,True,1.0,0.5131854267628873,0.5099372694360815,0.5115613480994844,0.39522315161204363,-0.0532407407407407,-0.055462962962962936,0.3725409859521975,0.1974522647414917,0.18194612173871702,1.2943607833015813,0.003248157326805723,0.0022222222222222365,0.023810571633885128,0.7636117150385354,0.1275020782906932,0.10733591105583785,0.0,0.6771063734272003,0.6258593287940176,0.28952530632566637,0.311169809632147,0.40564336691280434,calm,02,13,13,male,normal,1445
90,3.003,True,1.0,0.5017254782748352,0.4740038821049893,0.48786468018991225,0.3888173769664512,-0.05569444444444438,-0.055972222222222145,0.3798363593453787,0.20825300430264995,0.17917347976387143,1.254739908993335,0.027721596169845875,0.0002777777777777657,0.005323828402175766,0.7841375063448628,0.12572832797768158,0.10940825066880502,0.0,0.7782682762623083,0.6259760531165591,0.29070330746212053,0.3075920954733361,0.4057005282986453,calm,02,13,13,male,normal,1445
0,0.0,True,1.0,0.4339411367203964,0.45822311955404454,0.4460821281372205,0.377997735300179,-0.05550925925925926,-0.05509259259259264,0.3791362801420857,0.21695162348659597,0.17847606953301587,1.180118520506409,0.02428198283364813,0.0004166666666666208,0.004137272137293098,0.7914949199097552,0.12732659383186457,0.1075440201676426,0.0,0.6728023958009485,0.6264837668035964,0.29047439204309133,0.3088146923027866,0.40577644711641303,calm,02,13,13,male,normal,1446
10,0.33366666666666667,True,1.0,0.4707791717098087,0.5266241111317951,0.49870164142080187,0.4198568084714858,-0.05583333333333318,-0.05671296296296291,0.37681355467538746,0.2238842799844985,0.17847264970529494,1.1877898163337055,0.05584493942198637,0.0008796296296297301,0.006346624384448915,0.7318807002395975,0.12929278455885437,0.10517201924431796,0.0,0.8340748642879191,0.6258297535654888,0.2910814711451208,0.3128395220074473,0.40490455469417336,calm,02,13,13,male,normal,1446
20,0.6673333333333333,True,1.0,0.48710613518544915,0.5167490639229592,0.5019275995542042,0.42328042328042287,-0.05601851851851847,-0.056481481481481466,0.3760717466065191,0.2257495590828916,0.18056611902358907,1.1858039539468086,0.02964292873751001,0.0004629629629629983,0.00901379243894644,0.7132793009131227,0.12574693572848747,0.10938686358584443,0.0,0.9999999987499999,0.6249072937456233,0.29131003843745157,0.3100707378395085,0.40604818937844595,calm,02,13,13,male,normal,1446
30,1.0010000000000001,True,1.0,0.48218938967046354,0.48866400899807827,0.4854266993342709,1.0110785771115915,-0.055416666666666614,-0.05384259259259255,0.3253019133600695,0.38323139616326435,0.1840281923557306,0.48010778818103167,0.006474619327614728,0.001574074074074061,0.011120879447291383,0.34475806451612867,0.12932680958481196,0.10513017689262026,0.0,0.8681174679024783,0.5811473057660564,0.27021442267744317,0.32775261796690147,0.38282749753548384,calm,02,13,13,male,normal,1446
40,1.3346666666666667,True,1.0,0.4574555831329377,0.48866282768067915,0.47305920540680846,0.5222142915714497,-0.05472222222222228,-0.053749999999999964,0.3547537670997737,0.2535160137128962,0.17847393214836946,0.9058718097953169,0.03120724454774143,0.0009722222222223187,0.009113064334453034,0.5789774544631221,0.12741097341625734,0.10726657296723625,0.0,0.9999999987499999,0.6260482383812901,0.2914855108495222,0.3187640581129232,0.41661737318494524,calm,02,13,13,male,normal,1446
50,1.6683333333333334,True,1.0,0.5114455687653914,0.5262717810874364,0.5188586749264139,0.8242424242424244,-0.05611111111111111,-0.05675925925925929,0.32806269594769716,0.4202020202020203,0.17917731201720288,0.6294976570798403,0.014826212322045063,0.0006481481481481755,0.012425755035053356,0.375,0.12626587792873153,0.10878743420698433,0.0,0.8004361976743635,0.6274527703581433,0.2915338612247512,0.3112797801032916,0.4049795414831653,calm,02,13,13,male,normal,1446
60,2.0020000000000002,True,1.0,0.4951562116098684,0.5167490639229596,0.505952637766414,0.7393382029250701,-0.05435185185185176,-0.05435185185185187,0.3363464337963434,0.33820790133806405,0.18333499792094693,0.6843317926284554,0.021592852313091215,1.1102230246251565e-16,0.002668604587888758,0.4194229886292292,0.12405227421527909,0.11113373513347911,0.0,0.8039884437487762,0.6280589077740472,0.2924158485939305,0.3102506348814022,0.4083801213721142,calm,02,13,13,male,normal,1446
70,2.3356666666666666,True,1.0,0.5182910606938905,0.5020010076059632,0.5101460341499269,0.42331268839234254,-0.053611111111111054,-0.05513888888888885,0.37390364402728843,0.2045651771602976,0.18333707863421062,1.2051281431873921,0.016290053087927303,0.0015277777777777946,0.0056255622925572854,0.7506084440076383,0.12870821037629654,0.1058866108274,0.0,0.7173539295531646,0.6268728650053772,0.2882978293051317,0.3121268656916752,0.40277911105648556,calm,02,13,13,male,normal,1446
80,2.6693333333333333,True,1.0,0.5187865250104684,0.5083425650824618,0.5135645450464651,0.4336349865193041,-0.0538425925925925,-0.05388888888888893,0.37811884723627304,0.2027958856794419,0.18264055980567517,1.1843245148846004,0.010443959928006619,4.629629629643306e-05,0.01188891179515606,0.7082795455090634,0.1273671582053356,0.10749597565116918,0.0,0.9999999987499999,0.6261900772340185,0.2899529318708055,0.31190460378820417,0.40435753398117413,calm,02,13,13,male,normal,1446
90,3.003,True,1.0,0.44383317504516784,0.47234950347148336,0.45809133925832557,0.44783773273678334,-0.054259259259259174,-0.054490740740740784,0.3768135546753877,0.2098915124854683,0.18194612173871702,1.0228958075034933,0.028516328426315518,0.00023148148148161019,0.01151984248958663,0.6685960576762072,0.12610206766986198,0.10897727423557159,0.0,0.7266251313181318,0.6245789975677771,0.2902417526092851,0.3086309364919502,0.40458539736844584,calm,02,13,13,male,normal,1446
0,0.0,True,1.0,0.5126864324327011,0.4876021773003444,0.5001443048665227,0.4393696360222841,-0.06134259259259267,-0.0591666666666667,0.3714597147140214,0.23351231359579241,0.1820048173001131,1.1383224143444364,0.02508425513235668,0.00217592592592597,0.040252228497509215,0.7095456179064552,0.12604890197544077,0.10903876412241172,0.0,0.8020122582982349,0.6297809242681448,0.28863729863801707,0.3113509496279458,0.4086819485055425,calm,02,13,13,male,normal,1447
10,0.33366666666666667,True,1.0,0.5182903310843014,0.5115685502169285,0.514929440650615,0.45642649379042033,-0.059583333333333266,-0.05856481481481485,0.36659634242118133,0.22789658645490024,0.18198637216357724,1.1281760538796806,0.006721780867372962,0.0010185185185184187,0.03578062472459245,0.690967345158299,0.12461444099944051,0.11067528569975527,0.0,0.7765819208633904,0.6300089770361269,0.2893261081582103,0.3115730920862006,0.40978780748467053,calm,02,13,13,male,normal,1447
20,0.6673333333333333,True,1.0,0.5273401780846269,0.5343518632853844,0.5308460206850056,0.4173125905807461,-0.05824074074074076,-0.0562037037037037,0.3804052430963462,0.2152712083221006,0.1812706245000569,1.2720584824585872,0.007011685200757567,0.0020370370370370594,0.036100271322187114,0.7331237391827562,0.1266929210360748,0.10793735977274553,0.0,0.9999999987499999,0.6317699028830281,0.28972265288942733,0.313043026255284,0.40843843818006714,calm,02,13,13,male,normal,1447
30,1.0010000000000001,True,1.0,0.5060411978915271,0.4973175708840107,0.5016793843877689,0.999965735660126,-0.06106481481481468,-0.05731481481481476,0.3395165713890572,0.46828198582815317,0.17432131212675442,0.5016965746897177,0.008723627007516443,0.00374999999999992,0.04276787569940319,0.3263783661341739,0.1263681405489382,0.10866862852210267,0.0,0.7147212187144906,0.6325783618291067,0.2912207513522477,0.318198716650992,0.4243761228822635,calm,02,13,13,male,normal,1447
40,1.3346666666666667,True,1.0,0.4354649627885539,0.4494350938267457,0.4424500283076498,0.6509643498199466,-0.060833333333333406,-0.05555555555555547,0.3548095525632877,0.28073143540293305,0.17362693070286372,0.6796839618483397,0.01397013103819178,0.005277777777777937,0.05898264721900853,0.477276490761024,0.12515337903807527,0.11006547817467499,0.0,0.8172879834164927,0.6309643555469063,0.2911390743662101,0.31569313279288397,0.42262373312672813,calm,02,13,13,male,normal,1447
50,1.6683333333333334,True,1.0,0.4873436362099591,0.47149030657129964,0.47941697139062933,0.7595200165368604,-0.059768518518518554,-0.056296296296296344,0.3489505191315905,0.35616394390744793,0.17570139218256636,0.6312104499583819,0.01585332963865943,0.00347222222222221,0.0576607823610765,0.4195972837813823,0.12633861996292559,0.1087029478738386,0.0,0.6306384181254745,0.6326401468243548,0.2897791755519492,0.3187821406279326,0.4169596823106528,calm,02,13,13,male,normal,1447
60,2.0020000000000002,True,1.0,0.45304681199943997,0.4338109875199314,0.4434288997596857,0.6699194396389274,-0.062453703703703733,-0.059027777777777735,0.3615839193372841,0.31979906544801073,0.17569487868612624,0.6619137668234923,0.019235824479508556,0.003425925925925999,0.049740281624988815,0.4562698078221853,0.12488154775995136,0.11037380486084475,0.0,0.8470483361007554,0.6307427039722139,0.29041252661721306,0.31076592607114356,0.4108406153825133,calm,02,13,13,male,normal,1447
70,2.3356666666666666,True,1.0,0.44456173377286395,0.4583592944959666,0.45146051413441524,0.42030625073413513,-0.05837962962962967,-0.05754629629629632,0.37419763749001933,0.22353552169273758,0.17710444305856665,1.0741227696372917,0.01379756072310262,0.0008333333333333526,0.035167994935503266,0.7359888685758053,0.12434304645380084,0.11098010888807765,0.0,0.7284950566624043,0.6293079185971264,0.290261050232527,0.3111708870619418,0.4084694568856534,calm,02,13,13,male,normal,1447
80,2.6693333333333333,True,1.0,0.5124356683421242,0.48901157168172593,0.500723620011925,0.4173125905807461,-0.056759259259259176,-0.05407407407407405,0.37466850220672665,0.20138274326906191,0.18058977894973996,1.1998766184243361,0.02342409666039824,0.002685185185185124,0.04664726923307202,0.7554431067960206,0.12637083597041518,0.10866549400146126,0.0,0.9999999987499999,0.6309447615530588,0.28779718991977493,0.3136112136141164,0.4083296339305513,calm,02,13,13,male,normal,1447
0,0.0,True,1.0,0.4928126008012266,0.4970125099331526,0.4949125553671896,0.46518974256920803,-0.06287037037037041,-0.058796296296296346,0.37774654277486863,0.1911306630573179,0.18966219313384594,1.0638939556874678,0.004199909131926027,0.004074074074074063,0.046250400793551194,0.6661640638309079,0.12888426909126072,0.10567224305225606,0.0,0.6981919589934128,0.6243758287768233,0.28741957188097533,0.31876702499944926,0.40764609540881813,calm,02,13,13,male,strong,1448
10,0.33366666666666667,True,1.0,0.4719459969969503,0.4876021773003455,0.4797740871486479,0.4757474163452667,-0.06333333333333335,-0.05861111111111106,0.38265017329368894,0.17613841162618962,0.18893775557162903,1.0084638837018065,0.015656180303395217,0.004722222222222294,0.042866624934530896,0.635072616102106,0.12598272445613307,0.1084145521552988,0.0,0.6940397369975391,0.6285658946234745,0.28813142959098453,0.31512407138702936,0.40812112255931116,calm,02,13,13,male,strong,1448
20,0.6673333333333333,True,1.0,0.4374324929590186,0.4279736859697451,0.43270308946438185,0.5446237142644513,-0.06310185185185191,-0.06004629629629632,0.3811284339925745,0.19031744962921618,0.1868255667542865,0.7944991709528746,0.009458806989273483,0.003055555555555589,0.04077895640575982,0.5638265631263433,0.12658435250103947,0.10841669369824893,0.0,0.6036717879895639,0.629559536603704,0.2870296434868202,0.31602541658754113,0.40539516966803635,calm,02,13,13,male,strong,1448
30,1.0010000000000001,True,1.0,0.5007226535518765,0.47538481642633257,0.48805373498910454,0.9655576268787889,-0.0635648148148148,-0.05736111111111114,0.390012690585906,0.30798181942083175,0.18264055980567512,0.5054630830960981,0.02533783712554394,0.006203703703703656,0.052290752987183796,0.3147951595581703,0.12555084712867828,0.10961187233111777,0.0,0.6778194463509417,0.6344114772080708,0.2906215221688137,0.3225666382419021,0.4331426385594169,calm,02,13,13,male,strong,1448
40,1.3346666666666667,True,1.0,0.2812494656470429,0.26925384366725136,0.2752516546571471,0.9582142373486593,-0.06555555555555559,-0.060324074074074086,0.34909390634404003,0.4038568572116116,0.17708376416920632,0.28725481622852683,0.011995621979791538,0.005231481481481504,0.03992768068267316,0.3282395286052239,0.12349204863306924,0.11192627794481619,0.0,0.9999999987499999,0.6345755991459084,0.29009076475987555,0.31110233916134555,0.41897005014655614,calm,02,13,13,male,strong,1448
50,1.6683333333333334,True,1.0,0.4219944068583571,0.42957934322661406,0.4257868750424856,0.64528152515247,-0.06124999999999997,-0.05847222222222226,0.35221158082823484,0.35125488955973844,0.17638932142096195,0.6598466846573343,0.007584936368256967,0.0027777777777777124,0.04488994010559338,0.47422253947482446,0.12476215884743226,0.11050873942799555,0.0,0.7406339489641705,0.6277870926730067,0.2883588652958967,0.314155272254782,0.4109025189277428,calm,02,13,13,male,strong,1448
60,2.0020000000000002,True,1.0,0.4299531679418293,0.4287917406376006,0.42937245428971493,0.7015414387503258,-0.05847222222222215,-0.05638888888888893,0.3635156123660169,0.3435216059324321,0.18125042093162333,0.6120414712131151,0.0011614273042286904,0.002083333333333215,0.03382956365147658,0.4380144355435983,0.12662693680875217,0.1083669536575329,0.0,0.7835131471220245,0.6233518077465361,0.2902699072814574,0.3203132406220955,0.41787031793207075,calm,02,13,13,male,strong,1448
70,2.3356666666666666,True,1.0,0.48734363620996013,0.4823490350112375,0.4848463356105988,0.6050128369400626,-0.059953703703703676,-0.05546296296296305,0.3998233150086536,0.20348303976651344,0.17986153529316398,0.801381898048275,0.004994601198722637,0.004490740740740629,0.04052253023675645,0.4804436531259268,0.1250073134391495,0.11023134471314441,0.0,0.6223088934857611,0.636876974039616,0.28939753580547833,0.3120228364287325,0.41138546131412884,calm,02,13,13,male,strong,1448
80,2.6693333333333333,True,1.0,0.12297767929378134,0.12807604958333815,0.12552686443855976,0.49030666350184393,-0.06601851851851853,-0.06587962962962962,0.38180872088446255,0.21100125508108017,0.18125042093162333,0.25601704766161654,0.005098370289556814,0.0001388888888889106,0.02748770040669042,0.6457071080425657,0.12516587116214267,0.11005127198905672,0.0,0.9999999987499999,0.6280366646893133,0.2883273053607184,0.30940863801899926,0.39732306528039707,calm,02,13,13,male,strong,1448
90,3.003,True,1.0,0.44456173377286395,0.45891782800623043,0.4517397808895472,0.39935957946095313,-0.05754629629629626,-0.05675925925925923,0.387887313690794,0.18607366188758898,0.1805572457519714,1.131160498263985,0.014356094233366479,0.0007870370370370305,0.03480986908854549,0.7331237391827525,0.12675272729290352,0.10804360206320807,0.0,0.8473671373145593,0.6231695771042792,0.28792947770377264,0.31572838021108607,0.4061415233005008,calm,02,13,13,male,strong,1448
0,0.0,True,1.0,0.45087291974773136,0.46564759787528653,0.45826025881150895,0.4354019107798248,-0.054259259259259285,-0.06,0.37576370310691115,0.18323280201482467,0.18476351959133744,1.0524994205715446,0.014774678127555174,0.005740740740740713,0.035318898236580305,0.707600488453935,0.13052284166008585,0.10364152438078772,0.0,0.6410729258731893,0.6300929202853017,0.2869085699363993,0.31904394852231266,0.3994681118344954,calm,02,13,13,male,strong,1449
10,0.33366666666666667,True,1.0,0.4798133704077194,0.4859283415806861,0.48287085599420276,0.4447919893047284,-0.054166666666666696,-0.060972222222222205,0.3794065314637612,0.18185471507359874,0.18546644821245536,1.0856105046968065,0.006114971172966721,0.006805555555555509,0.03527851587211273,0.7043424483410153,0.1287672381887036,0.10563461644941005,0.0,0.7349878721708383,0.6308139448513781,0.2870145958558366,0.31822555981406736,0.40058839802572227,calm,02,13,13,male,strong,1449
20,0.6673333333333333,True,1.0,0.49606348388330973,0.4872549305100314,0.49165920719667056,0.4399463789508963,-0.0557407407407407,-0.059305555555555445,0.37993414360580585,0.18653555493238086,0.1875146478653401,1.1175434796601567,0.00880855337327835,0.003564814814814743,0.027445379066230666,0.7010793436948553,0.12611310157587696,0.1087895189517917,0.0,0.8343115131031922,0.6311089105954882,0.2845806104947508,0.31535075482424607,0.39736779145364765,calm,02,13,13,male,strong,1449
30,1.0010000000000001,True,1.0,0.46541038868421714,0.5182910606938905,0.49185072468905383,0.975075593990655,-0.057592592592592584,-0.06101851851851853,0.3718664795240513,0.4324818236688785,0.17643213684734213,0.504423172644569,0.05288067200967339,0.0034259259259259434,0.024939404518859638,0.3274681316678469,0.12596650434839696,0.10913394317401744,0.0,0.6509731487253518,0.6319950818296068,0.287744054099402,0.3314690666369242,0.4290415013438239,calm,02,13,13,male,strong,1449
40,1.3346666666666667,True,1.0,0.39253253947854017,0.4154011951700067,0.40396686732427345,0.7772760696590734,-0.05592592592592588,-0.05930555555555561,0.3615481094085596,0.3532334177305206,0.17086191325973674,0.5197212201598593,0.02286865569146651,0.0033796296296297323,0.02449121242038796,0.39530001401940434,0.12674273654832782,0.10823149496697267,0.0,0.7071067807446058,0.6311158592655812,0.28873082143755596,0.3279990422562877,0.4245258596945317,calm,02,13,13,male,strong,1449
50,1.6683333333333334,True,1.0,0.47638584279397345,0.4810023594576303,0.4786941011258019,0.5705294678674484,-0.05856481481481479,-0.06328703703703698,0.3527021215038318,0.32884392489935854,0.17430949483188368,0.8390348405930494,0.004616516663656867,0.004722222222222183,0.03768169698255242,0.5069314856584369,0.12604322158395426,0.10869533645982624,0.0,0.6819043805575067,0.6311400741781088,0.28477793488644887,0.32248735031838976,0.4099264524104846,calm,02,13,13,male,strong,1449
60,2.0020000000000002,True,1.0,0.4785197203160025,0.46481834949677264,0.47166903490638756,0.6919571207207014,-0.05337962962962972,-0.061342592592592615,0.3553610851715835,0.31660399256990956,0.17849957907496108,0.6816448892311783,0.013701370819229841,0.007962962962962894,0.049000791365048334,0.4178196311675337,0.12691210335091047,0.10803284590131919,0.0,0.6974014108973309,0.626698743872549,0.2914493996607335,0.3193458359342386,0.4045213353534301,calm,02,13,13,male,strong,1449
70,2.3356666666666666,True,1.0,0.5253222769657262,0.5447049655409819,0.535013621253354,0.5219238206964283,-0.057453703703703674,-0.06152777777777779,0.3822503496063564,0.26071796295834787,0.18264557246431654,1.02507990637304,0.019382688575255713,0.004074074074074119,0.03513340865981977,0.5814846095437362,0.12703892026588484,0.10788368972308116,0.0,0.7868199649985292,0.629005782023747,0.2851312331126988,0.3194336185065538,0.4041111378753086,calm,02,13,13,male,strong,1449
80,2.6693333333333333,True,1.0,0.47612541574905476,0.5015859578779729,0.4888556868135138,0.40425403692519096,-0.056203703703703756,-0.05768518518518517,0.3976749957170271,0.20850998751635105,0.1791670924928322,1.2092784293060226,0.02546054212891813,0.001481481481481417,0.017469687869836728,0.7260450050475877,0.12650564060527167,0.10833280536366506,0.0,0.6821218597307664,0.626539762991134,0.2862716051549512,0.31630987018605644,0.4030104493720272,calm,02,13,13,male,strong,1449
90,3.003,True,1.0,0.49606348388330906,0.510018214936247,0.503040849409778,0.4172776058550834,-0.055740740740740646,-0.05958333333333332,0.3937234846822565,0.19547811329657788,0.17917049906572252,1.205530424713181,0.01395473105293793,0.003842592592592675,0.022653420470731843,0.6879649644051363,0.1286173710177137,0.10599693223508633,0.0,0.683557534905206,0.6242289608812275,0.2856517025273916,0.3203995721091588,0.403900850123625,calm,02,13,13,male,strong,1449
0,0.0,True,1.0,0.5137709245262209,0.5402357234532641,0.5270033239897425,0.40455977768853163,-0.05907407407407406,-0.057268518518518496,0.38113675435719685,0.17481825015184077,0.19589916232072066,1.3026587245049346,0.02646479892704323,0.0018055555555555602,0.03653794713731656,0.8067357867682884,0.12777313497257992,0.10701310083293715,0.0,0.9246672729583222,0.6203695352203382,0.2843882752083839,0.3162624276606122,0.4147678521540467,calm,02,13,13,male,strong,1450
10,0.33366666666666667,True,1.0,0.5091295830479631,0.5489093549728911,0.5290194690104271,0.42137974138294965,-0.059259259259259234,-0.058379629629629615,0.3791837840768219,0.1832328020148236,0.19378937351945408,1.255445900826197,0.03977977192492799,0.0008796296296296191,0.03260768893054336,0.727590984065929,0.12651701219515277,0.10849526900079456,0.0,0.7820238283467504,0.6358642936471464,0.2865612793207465,0.31610089734860114,0.4073472507288585,calm,02,13,13,male,strong,1450
20,0.6673333333333333,True,1.0,0.5071167372897306,0.5506115322835022,0.5288641347866164,0.4126302534807091,-0.0698611111111111,-0.0675,0.38827966274316683,0.1860736618875891,0.19654679912151257,1.2816901580178037,0.043494794993771624,0.0023611111111110916,0.027756189489878225,0.727590984065927,0.12688549186667392,0.10806410007146587,0.0,0.7071067807446058,0.6302467677070829,0.28370527332207923,0.3228584018432155,0.40943879993960186,calm,02,13,13,male,strong,1450
30,1.0010000000000001,True,1.0,0.5437515879775209,0.5432324207746099,0.5434920043760654,1.0015833381968156,-0.06625000000000009,-0.06231481481481482,0.34062663530001364,0.37916735981205874,0.19793555454007017,0.5426328330845963,0.0005191672029110084,0.003935185185185264,0.03684354842323141,0.3240296267181002,0.12728369795261296,0.10759478614788373,0.0,0.6312996813790562,0.6333161038946828,0.2877047796281887,0.33325198666267014,0.42294272108565734,calm,02,13,13,male,strong,1450
40,1.3346666666666667,True,1.0,0.4891731579618093,0.48768905192373774,0.48843110494277353,0.6240280369178308,-0.0622685185185185,-0.06101851851851853,0.3815526950314433,0.25775071090084334,0.18755858459758648,0.7827069875821748,0.0014841060380715865,0.0012499999999999734,0.013366624714562582,0.48961328824152994,0.12493951379528226,0.11013533363727782,0.0,0.7071067807446058,0.635587303140006,0.28618344649515326,0.3204965438600928,0.4141865292867442,calm,02,13,13,male,strong,1450
50,1.6683333333333334,True,1.0,0.5312282371875011,0.552199512651541,0.541713874919521,0.9487623975567143,-0.06027777777777776,-0.05884259259259256,0.33795614216585,0.3977208125964315,0.18613119697045138,0.570968955256407,0.020971275464039874,0.001435185185185206,0.036100013149361586,0.3359483316045647,0.1267936418631618,0.10817185472069325,0.0,0.807157351783619,0.6328977579547445,0.28706340696263766,0.3206262155677565,0.4071029267805201,calm,02,13,13,male,strong,1450
60,2.0020000000000002,True,1.0,0.5165691653079915,0.5216378390833883,0.5191035021956899,0.723265503999333,-0.05856481481481479,-0.05629629629629623,0.34954283661262486,0.32464589770724595,0.18057625937153504,0.7177219144633347,0.005068673775396881,0.0022685185185185586,0.030504650316741485,0.42658911814096223,0.12604605667957267,0.10904205319972313,0.0,0.6835134245454202,0.6337330498762006,0.28747604296412854,0.3130315995365621,0.40234159724993596,calm,02,13,13,male,strong,1450
70,2.3356666666666666,True,1.0,0.5184211801492148,0.5030977394994927,0.5107594598243537,0.3873973204049691,-0.054259259259259174,-0.05481481481481487,0.3858119532655601,0.16695020105473746,0.1798628078333204,1.318438287829216,0.015323440649722131,0.0005555555555556979,0.003321122628388443,0.8152312983803421,0.1256412993210584,0.10950818086000635,0.0,0.6777674171657538,0.6341085378682724,0.28679351722547103,0.3124556384262078,0.3987734029895493,calm,02,13,13,male,strong,1450
80,2.6693333333333333,True,1.0,0.3292835324873258,0.3380194144302992,0.3336514734588125,0.38996193442458443,-0.060462962962962885,-0.06097222222222226,0.38472007428557314,0.18793956940475087,0.18194612173871696,0.8556001086391628,0.008735881942973422,0.0005092592592593759,0.009512179643125297,0.775316459014655,0.12685551137234088,0.10809929234222714,0.0,0.9999999987499999,0.6311320392453856,0.28757213276355736,0.3100772426448715,0.3958262236201246,calm,02,13,13,male,strong,1450
0,0.0,True,1.0,0.43026535638072927,0.4550342549094115,0.4426498056450704,0.36391885230009896,-0.05819444444444444,-0.06027777777777776,0.3763681894012947,0.2589422602904546,0.1673725073290452,1.216342057706995,0.02476889852868225,0.002083333333333326,0.016410911788915506,0.8004807692307663,0.1258468801849318,0.10927186517186421,0.0,0.6779437703672939,0.6292087923606943,0.29058602048866294,0.30733969975952646,0.40305404663557903,calm,02,13,13,male,strong,1451
10,0.33366666666666667,True,1.0,0.40240849684886304,0.426964914023193,0.41468670543602804,0.3906104311536509,-0.05750000000000005,-0.05921296296296302,0.3804379568435261,0.2087352786392311,0.17500392364463038,1.0616375610125641,0.024556417174329936,0.0017129629629629717,0.0003535066874528442,0.7571086325466557,0.12777843542307327,0.10700677180153777,0.0,0.9999999987499999,0.6280746019345239,0.2892491278084135,0.31013725873918574,0.3965033040078716,calm,02,13,13,male,strong,1451
20,0.6673333333333333,True,1.0,0.48549102082573903,0.5184211801492153,0.5019561004874772,0.41735703835662824,-0.05439814814814814,-0.057592592592592584,0.3853559162716998,0.20194695404352928,0.18333499792094693,1.202701893956224,0.032930159323476316,0.003194444444444444,0.019007309886938096,0.7083961353277877,0.12672921431945341,0.10824732795124019,0.0,0.6644254257683354,0.629351083902311,0.2907104387900459,0.3043734816745016,0.3928928707555698,calm,02,13,13,male,strong,1451
30,1.0010000000000001,True,1.0,0.45231362650777235,0.4634530667364731,0.4578833466221227,1.14443704629156,-0.05634259259259261,-0.05805555555555558,0.3339644383067483,0.4546258781820539,0.1798649287135741,0.4000948309964715,0.011139440228700725,0.0017129629629629717,0.01466500409755244,0.28041655336585575,0.12357566051896547,0.11183395681761375,0.0,0.685507926756715,0.6334759365074155,0.29247146644648003,0.31719830765909823,0.4150276230825331,calm,02,13,13,male,strong,1451
40,1.3346666666666667,True,1.0,0.42499111715944105,0.4072830435896912,0.4161370803745661,0.624252545325303,-0.057870370370370405,-0.05819444444444438,0.36319037575673324,0.3050075706086238,0.17500174385291845,0.6666165536541204,0.01770807356974985,0.0003240740740739767,0.001864231527424267,0.48787748289519195,0.12764531913955834,0.10716552744446699,0.0,0.663862947699377,0.6252122541516606,0.2896153456750419,0.31800216037864815,0.4163590545169079,calm,02,13,13,male,strong,1451
50,1.6683333333333334,True,1.0,0.45845499572433396,0.487251999207,0.47285349746566696,0.815723958537622,-0.05587962962962967,-0.053888888888888875,0.3544989023321615,0.34957834734773335,0.18197127929757903,0.579673420789759,0.02879700348266606,0.001990740740740793,0.01201488025141997,0.38209463599912113,0.130461467054648,0.1037187706487231,0.0,0.7131622190133545,0.564049680661327,0.2557772789648851,0.3421575863197683,0.3751478027765375,calm,02,13,13,male,strong,1451
60,2.0020000000000002,True,1.0,0.5037582836152148,0.4843258202329025,0.49404205192405864,0.7516782099219,-0.05800925925925926,-0.05731481481481482,0.358157287690823,0.3251692893824673,0.18197840664028836,0.6572520599943824,0.019432463382312304,0.000694444444444442,0.01424059146944402,0.4325910809843119,0.12445597543793513,0.1108534525760014,0.0,0.8208488335339976,0.626076632699955,0.291351728377948,0.30843882817633567,0.39961751646672755,calm,02,13,13,male,strong,1451
70,2.3356666666666666,True,1.0,0.4889585730272246,0.49134444009191475,0.4901515065595697,0.4003911348356209,-0.05537037037037035,-0.055416666666666725,0.3869740134520857,0.1933864547562924,0.18127693765341465,1.2241817161131692,0.002385867064690128,4.629629629637755e-05,0.015791428036222247,0.7151094770172594,0.12769929854420775,0.10710119944217321,0.0,0.6744461982236931,0.625730131951218,0.28774205978423867,0.31313199097670985,0.39897983048434577,calm,02,13,13,male,strong,1451
80,2.6693333333333333,True,1.0,0.48961193390934765,0.5053509250665382,0.49748142948794294,0.4392325273366393,-0.057268518518518496,-0.05685185185185182,0.37808174779127385,0.19890435780140286,0.17988189485538578,1.1326151833620013,0.015738991157190574,0.0004166666666666763,0.019012303113368732,0.6704721436709222,0.12647485492661992,0.10854440953734616,0.0,0.6469602704482472,0.6291360486303897,0.28773030570057795,0.3101729016833775,0.4001389792059909,calm,02,13,13,male,strong,1451
90,3.003,True,1.0,0.5187865250104672,0.4821033237210432,0.5004449243657552,0.422525754278217,-0.0559722222222222,-0.05537037037037035,0.37979867066611156,0.20391155317416013,0.18197840664028836,1.1844128299839243,0.03668320128942398,0.0006018518518518534,0.025090349186133228,0.726756449521971,0.1251282961802231,0.11009399286742363,0.0,0.7071067807446058,0.6276107842277536,0.2893878592494418,0.3101418985495622,0.4027614510363583,calm,02,13,13,male,strong,1451
0,0.0,True,1.0,0.5039214151111052,0.5003594960938289,0.5021404556024671,0.6182539855525189,-0.055833333333333235,-0.05148148148148157,0.3831854960219501,0.18793956940475098,0.18846829530139966,0.8121912148349778,0.003561919017276316,0.0043518518518516625,0.03186940092806762,0.48902864067811297,0.1266178596042507,0.10837755948422037,0.0,0.6734952968620612,0.630478306197479,0.2878594009627058,0.31488655486349604,0.4058350713171552,happy,03,13,13,male,normal,1452
10,0.33366666666666667,True,1.0,0.5076341475875353,0.48911214732039077,0.49837314745396305,0.6570547543465467,-0.055046296296296315,-0.050000000000000044,0.39379479757416097,0.1837893386228088,0.18702148160187476,0.7584956111452302,0.018522000267144567,0.005046296296296271,0.03484755582793209,0.46251311093306774,0.13168538174178723,0.10197369297504508,0.0,0.681119777500828,0.5649759529436775,0.2563747553453058,0.34379570545538646,0.3769829209741102,happy,03,13,13,male,normal,1452
20,0.6673333333333333,True,1.0,0.5030967853374902,0.5135713636413495,0.5083340744894198,0.6449344448062895,-0.05361111111111111,-0.05046296296296304,0.3944701563749076,0.15132228805863365,0.18693783475525297,0.7881949531197725,0.010474578303859228,0.0031481481481480666,0.021414653820571884,0.4480509099128714,0.1310854648132522,0.10292899827376409,0.0,0.7071067807446058,0.5710193001263005,0.2580471698421203,0.3384587095189917,0.37272784400596876,happy,03,13,13,male,normal,1452
30,1.0010000000000001,True,1.0,0.48916683108106496,0.4838917815463976,0.48652930631373126,0.889080909165751,-0.05560185185185179,-0.052314814814814814,0.400428787681629,0.25118688716467846,0.18553554424467675,0.5472272560325866,0.005275049534667342,0.0032870370370369772,0.022156549304187527,0.3425954504992901,0.12491527359398183,0.11033563428582249,0.0,0.683278127822156,0.6288630795521334,0.28946875657765564,0.32255979070473056,0.43019642278841025,happy,03,13,13,male,normal,1452
40,1.3346666666666667,True,1.0,0.4672021569825851,0.43881231410266736,0.45300723554262623,0.8597840633583866,-0.05773148148148155,-0.05509259259259258,0.3565330278354557,0.33515482695810556,0.17855598934648134,0.5268848945317073,0.028389842879917748,0.0026388888888889683,0.022364323030620137,0.33367127646102457,0.12498564892282214,0.11025590838378396,0.0,0.9999999987499999,0.6313282258372099,0.28917244121873065,0.3185611380259679,0.4259435644175129,happy,03,13,13,male,normal,1452
50,1.6683333333333334,True,1.0,0.5330993767137148,0.531498874218663,0.5322991254661888,0.5277846946853127,-0.054305555555555496,-0.05328703703703708,0.3761779316548393,0.2708072150697757,0.18616070695444292,1.0085535462212822,0.0016005024950517255,0.0010185185185184187,0.013249219124825132,0.5624383832159784,0.12686613684539205,0.10755672573060641,0.0,0.6549538710836778,0.6257746752998075,0.28730571479460226,0.3103871298839894,0.40354472468381186,happy,03,13,13,male,normal,1452
60,2.0020000000000002,True,1.0,0.531910290276373,0.5026548028159395,0.5172825465461564,0.680696451630062,-0.05578703703703708,-0.05319444444444443,0.3754568301855239,0.2360200715430031,0.18896803849392496,0.7599313105091429,0.029255487460433494,0.0025925925925926463,0.028819499867200508,0.4264487206434439,0.12488795214479083,0.11036655824744272,0.0,0.7861032100095142,0.6250965310030262,0.28992732695870477,0.31552396281363254,0.4179178262185001,happy,03,13,13,male,normal,1452
70,2.3356666666666666,True,1.0,0.5484016529534995,0.5228516358972864,0.535626644425393,0.7527774148817918,-0.05504629629629626,-0.05282407407407397,0.40476594974025165,0.1946472019464714,0.1869529347588194,0.711533892803495,0.02555001705621307,0.002222222222222292,0.008672005578086414,0.3684651761467613,0.12654998753790245,0.10828099776498812,0.0,0.777776307722282,0.6254183646583633,0.2893605369129994,0.3229789696981021,0.42330139834578745,happy,03,13,13,male,normal,1452
80,2.6693333333333333,True,1.0,0.5246242888959847,0.5211961915083817,0.5229102402021832,0.6305761378325483,-0.05495370370370373,-0.05157407407407405,0.414780109108414,0.1386478085369636,0.18691008021618244,0.8292578942164854,0.0034280973876029686,0.003379629629629677,0.018060632033276146,0.45018790207484094,0.1271024441682324,0.10780884220293356,0.0,0.6944882546864377,0.6259569956576381,0.28735171116446623,0.3189992756492523,0.41701812545002886,happy,03,13,13,male,normal,1452
90,3.003,True,1.0,0.48916683108106496,0.48534315593963173,0.48725499351034834,0.6050964229550158,-0.05375000000000002,-0.05203703703703694,0.4113842906563913,0.13851583572053272,0.18625903980083214,0.8052518161168704,0.003823675141433225,0.0017129629629630827,0.017982750203275732,0.4817430823036368,0.12575481850378642,0.10937780119231764,0.0,0.6833375999115312,0.6285863339163791,0.28692181004068495,0.3132569492957759,0.4096000035440796,happy,03,13,13,male,normal,1452
0,0.0,True,1.0,0.5035091002242971,0.4865091367773715,0.4950091185008343,0.6255147070760642,-0.053611111111111,-0.05097222222222225,0.37918802127959156,0.19680560216407084,0.17937264837066702,0.7913628774848933,0.01699996344692556,0.0026388888888887463,0.038501343552941714,0.49253934600792054,0.1284053788667746,0.10625364204991504,0.0,0.6409062729528165,0.6284648448910816,0.28664331584137015,0.3176077926999317,0.4041200090509098,happy,03,13,13,male,normal,1453
10,0.33366666666666667,True,1.0,0.4662306976561066,0.4798133704077194,0.473022034031913,0.6213530389265328,-0.05435185185185187,-0.05018518518518511,0.3844440745589675,0.2023731785336191,0.17793263472483226,0.7612774129971575,0.01358267275161279,0.004166666666666763,0.042419008010252404,0.4807660574580038,0.12592604315813016,0.10918062751745389,0.0,0.6911838616543594,0.6315053184945854,0.28721346675253856,0.31730491033021024,0.40818193200690917,happy,03,13,13,male,normal,1453
20,0.6673333333333333,True,1.0,0.48158550876329437,0.46286069081063697,0.47222309978696564,0.6793998271443407,-0.0539351851851852,-0.049027777777777726,0.39031116813564476,0.21959222680640736,0.1751573128034215,0.695059199193232,0.018724817952657402,0.004907407407407471,0.02788169065009698,0.433728657389479,0.12543201865989578,0.10974783125564545,0.0,0.6210809082077622,0.6296694586897259,0.2875363512913351,0.3136266654312565,0.40833038451752374,happy,03,13,13,male,normal,1453
30,1.0010000000000001,True,1.0,0.5041978225020811,0.43183382989238717,0.46801582619723414,0.8952651588533145,-0.06745370370370374,-0.06379629629629624,0.42029236079714355,0.29827611252463493,0.18759153039354048,0.5227678320428379,0.07236399260969395,0.003657407407407498,0.021147550575772733,0.32913800716830366,0.1250441941742583,0.11018950618618174,0.0,0.7761511603286289,0.6345260823391857,0.2887104398955617,0.32642659883473824,0.43964140662668816,happy,03,13,13,male,normal,1453
40,1.3346666666666667,True,1.0,0.45956189350688187,0.42953888659680484,0.4445503900518434,1.0581255024568956,-0.06023148148148144,-0.0584722222222222,0.36642011282943543,0.35975255293707403,0.18059780572044007,0.4201301159641532,0.030023006910077032,0.0017592592592592382,0.020221131609040165,0.2778123222976562,0.12473043113610217,0.11054454902332887,0.0,0.9999999987499999,0.6308716423366221,0.29074251398119244,0.3211113499484587,0.430957473701483,happy,03,13,13,male,normal,1453
50,1.6683333333333334,True,1.0,0.4600298219569489,0.4383516092944038,0.44919071562567636,0.7219859858290989,-0.05634259259259261,-0.05509259259259258,0.37685202381924043,0.27767067240353305,0.18203876823245135,0.6221598818290694,0.021678212662545104,0.0012500000000000289,0.01662946998224888,0.41148321501412866,0.12408981221808672,0.11126318471877056,0.0,0.9999999987499999,0.6306982925826581,0.28801006434727283,0.3143035459016021,0.41836147030796794,happy,03,13,13,male,normal,1453
60,2.0020000000000002,True,1.0,0.4803386503493345,0.4729263790621599,0.4766325147057472,0.8228352042808962,-0.05615740740740738,-0.05175925925925923,0.36551453187006017,0.30301704826848047,0.18131060409212146,0.5792563471105889,0.007412271287174588,0.004398148148148151,0.03214986756408991,0.3653927169788146,0.12665315639348243,0.10816030602151186,0.0,0.6338160965029433,0.6241777464345112,0.2902563094384872,0.32186370391894015,0.42299618419153334,happy,03,13,13,male,normal,1453
70,2.3356666666666666,True,1.0,0.45936029810605045,0.4765274369656775,0.467943867535864,0.7822212073641456,-0.05435185185185187,-0.05138888888888887,0.3946077431725374,0.22522205825214922,0.1799836581207141,0.5982244704317038,0.017167138859627062,0.0029629629629630005,0.02599331375799607,0.36360626078445535,0.12645253486856586,0.10857041123521237,0.0,0.6811735086041834,0.6294554431616396,0.2886841337086277,0.3224997317977158,0.42540334960660714,happy,03,13,13,male,normal,1453
80,2.6693333333333333,True,1.0,0.5262506050124283,0.49478239071536806,0.5105164978638982,0.6556881290909458,-0.054814814814814816,-0.05041666666666661,0.4057256529248349,0.15412963630005594,0.18075995458352442,0.7785965235815457,0.031468214297060204,0.0043981481481482065,0.03555621804655427,0.44248555045267013,0.12490426516333086,0.10982891455156407,0.0,0.9999999987499999,0.6316347985756803,0.28757908302553914,0.3185316355739543,0.4193513705384881,happy,03,13,13,male,normal,1453
90,3.003,True,1.0,0.5187865250104678,0.5068494412821978,0.5128179831463329,0.6311429920579612,-0.051712962962963016,-0.050694444444444375,0.40629000559477507,0.14803763362730674,0.184815128325867,0.8125226606322488,0.01193708372827007,0.0010185185185186407,0.017763206487821755,0.45936463524642657,0.12620950417177626,0.10885283104817112,0.0,0.9999999987499999,0.6302521957689325,0.2891399921884606,0.3169060090682928,0.4156408358996253,happy,03,13,13,male,normal,1453
0,0.0,True,1.0,0.4896119339093478,0.5049489038499144,0.49728041887963115,0.5528535354056017,-0.05078703703703702,-0.04981481481481487,0.39658864761145857,0.16448074788981812,0.18065060453086212,0.8994794950796521,0.015336969940566603,0.0009722222222221522,0.014223177290288526,0.5226763443189547,0.12617865315915544,0.10888859103380834,0.0,0.7056432024582034,0.6281526177814877,0.286131247335683,0.30887641142539773,0.39539891866089905,happy,03,13,13,male,normal,1454
10,0.33366666666666667,True,1.0,0.5102818278791486,0.5445901601896047,0.5274359940343767,0.5228828430544988,-0.05208333333333326,-0.050787037037037075,0.3973513610751683,0.16338473426841782,0.18201529665858626,1.0087077842395438,0.03430833231045616,0.0012962962962961844,0.010266937079145031,0.5349065883657166,0.12738544187692982,0.10729689194440871,0.0,0.6530203571720775,0.6274548188415991,0.2858000097115525,0.31228012298932045,0.3993434558678763,happy,03,13,13,male,normal,1454
20,0.6673333333333333,True,1.0,0.5248470408307182,0.5000713134202333,0.5124591771254757,0.5206419416047918,-0.05314814814814811,-0.051666666666666694,0.40933995752467955,0.1460199736689156,0.18478168750979101,0.9842833167568212,0.02477572741048495,0.001481481481481417,0.0017202849915764237,0.5355661890205166,0.12470576354491751,0.11057237588521351,0.0,0.8673645650605348,0.6281518024944354,0.2860507412495559,0.3071128052051367,0.3988797163567259,happy,03,13,13,male,normal,1454
30,1.0010000000000001,True,1.0,0.5423922955069636,0.5099372694360809,0.5261647824715222,0.8887975486562728,-0.0647685185185185,-0.063425925925926,0.36649121704778004,0.27954116449673105,0.20282329820624523,0.5919962124861884,0.03245502607088269,0.0013425925925925064,0.011554683262121068,0.3538306451612907,0.1248661883478292,0.11039118070655028,0.0,0.9833569900436034,0.6320723375756553,0.28981184911006885,0.32087338238120816,0.4150909149472901,happy,03,13,13,male,normal,1454
40,1.3346666666666667,True,1.0,0.5272078551986865,0.5020010076059643,0.5146044314023255,0.6111111111111113,-0.05685185185185182,-0.05717592592592591,0.3724581330103597,0.20833333333333265,0.1931444532112036,0.8420799786583506,0.02520684759272218,0.0003240740740740877,0.017518285440167036,0.49857954545454525,0.1266765374732197,0.10830896834664455,0.0,0.8657648884372006,0.6322857299951231,0.2870047275850093,0.3186900466549033,0.4160309953129334,happy,03,13,13,male,normal,1454
50,1.6683333333333334,True,1.0,0.5191995632176262,0.5131854267628873,0.5161924949902568,0.9617835624556513,-0.05458333333333337,-0.05092592592592593,0.3543124159927117,0.39344262295081933,0.18206558918309676,0.5367033864379013,0.0060141364547389164,0.0036574074074074425,0.02195404341473464,0.3071809093702284,0.12356104014702682,0.11185011009318122,0.0,0.6472372777528241,0.6310836097485869,0.28977295986072704,0.3084161685348967,0.4123881853994698,happy,03,13,13,male,normal,1454
60,2.0020000000000002,True,1.0,0.5274394326590394,0.5232381965428619,0.5253388146009506,0.7964230467528265,-0.051805555555555605,-0.048379629629629606,0.3495439678729326,0.37576261958675927,0.17952442970375948,0.6596228182281518,0.004201236116177509,0.003425925925925999,0.03810072536939099,0.37649787149305913,0.12387890728788115,0.11149795558284666,0.0,0.9798738291282232,0.6323589615455557,0.2883432138617159,0.31194817788589196,0.4104620364892384,happy,03,13,13,male,normal,1454
70,2.3356666666666666,True,1.0,0.5108584721479528,0.50075756403388,0.5058080180909164,0.485252231665425,-0.05106481481481484,-0.04851851851851846,0.3950075402419934,0.15038779096285484,0.17952442970375948,1.0423610342912637,0.010100908114072715,0.0025462962962963798,0.03581286102171011,0.581686767002848,0.1265321545555577,0.10830183602574084,0.0,0.8164612553055137,0.6295426620023009,0.28568216228263416,0.31160549197156295,0.40149975459953696,happy,03,13,13,male,normal,1454
80,2.6693333333333333,True,1.0,0.547004708802038,0.5603850251197077,0.5536948669608728,0.4649050035076678,-0.05175925925925923,-0.04800925925925925,0.40082462965950966,0.13533322760429006,0.1801476303041091,1.1909849599021158,0.013380316317669672,0.0037499999999999756,0.03233999225729118,0.6262423402353643,0.12614035584706004,0.1089329536786803,0.0,0.9999999987499999,0.6300816224614847,0.2870363683278937,0.3109723292419695,0.39943164043694235,happy,03,13,13,male,normal,1454
90,3.003,True,1.0,0.5098026538063904,0.5174025087629397,0.5136025812846651,0.4775112753008642,-0.05222222222222217,-0.049166666666666636,0.40030393837077055,0.12868585998432097,0.1815128919158103,1.0755821021421137,0.007599854956549246,0.0030555555555555336,0.031592915573957214,0.6158662749848413,0.12622280282147214,0.10883741001295831,0.0,0.7297578984677274,0.6284488384807048,0.2855323332009854,0.31025382318077743,0.39815080439673217,happy,03,13,13,male,normal,1454
0,0.0,True,1.0,0.5153014042506165,0.5298502444605879,0.5225758243556022,0.40569424949965666,-0.054537037037036995,-0.05157407407407405,0.3823622633023681,0.1279089753704773,0.1856946140625524,1.2881026166875567,0.014548840209971381,0.002962962962962945,0.044810510279299366,0.7400612494238458,0.12866013961378456,0.10594501519822538,0.0,0.7071067807446058,0.6293223641722313,0.28294562975305415,0.3114309484033313,0.39905928288811016,happy,03,13,13,male,normal,1455
10,0.33366666666666667,True,1.0,0.47338259192875054,0.5030328202252926,0.4882077060770216,0.40080068512314837,-0.05384259259259261,-0.05060185185185179,0.3855548668674433,0.15320996386625654,0.18220633440097017,1.2180810168201606,0.02965022829654207,0.0032407407407408217,0.029521019990495504,0.7359888685758066,0.12737525901640576,0.10748637662940538,0.0,0.9999999987499999,0.6263314628351341,0.28527983781788596,0.3124299981089209,0.40297084485483636,happy,03,13,13,male,normal,1455
20,0.6673333333333333,True,1.0,0.5470047088020374,0.5317072116473389,0.5393559602246882,0.4767757554057354,-0.05657407407407411,-0.05458333333333332,0.38249565053863666,0.16312924253932712,0.18698557924659692,1.1312571038049055,0.015297497154698525,0.001990740740740793,0.028660876695273264,0.6280886286510683,0.12580493404635323,0.1091457392318768,0.0,0.6664726428763298,0.6277776190632502,0.2864442182239791,0.3093119508866024,0.4008394744729793,happy,03,13,13,male,normal,1455
30,1.0010000000000001,True,1.0,0.4931937727539308,0.5164821099888004,0.5048379413713656,1.0386258561054547,-0.06611111111111118,-0.06305555555555559,0.3451371228551778,0.30853624046322065,0.2056757761534294,0.48606332916105255,0.023288337234869616,0.003055555555555589,0.02649547798268201,0.2934392607239852,0.12427226513092147,0.11105936200650328,0.0,0.9010914789774169,0.6293806649300346,0.29015648468256566,0.3255193456370777,0.42366483285947876,happy,03,13,13,male,normal,1455
40,1.3346666666666667,True,1.0,0.5004775631118434,0.5020000555239954,0.5012388093179194,0.6642855110682865,-0.06138888888888899,-0.06060185185185185,0.35928440775961556,0.26713833146503624,0.20287407340637148,0.754553277117004,0.0015224924121519656,0.0007870370370371416,0.026619345585049192,0.4651473772410858,0.1256300106764672,0.10952113123885436,0.0,0.9999999987499999,0.6270280020992772,0.28649345951599664,0.3203836434391161,0.41837818159302004,happy,03,13,13,male,normal,1455
50,1.6683333333333334,True,1.0,0.5453505812643511,0.5565545074806547,0.550952544372503,0.8355388759280674,-0.05986111111111103,-0.06245370370370379,0.34241692480484,0.2959889374012705,0.20568950057858734,0.6593978571739553,0.011203926216303617,0.0025925925925927573,0.026035528702741104,0.3683224037756575,0.12362326941465884,0.11178132683675596,0.0,0.7196061591705198,0.6261610422215761,0.28942596697357886,0.30850212713404085,0.40409370368531755,happy,03,13,13,male,normal,1455
60,2.0020000000000002,True,1.0,0.5276277035008643,0.5462478826176276,0.5369377930592459,0.8241952456733356,-0.057222222222222285,-0.058888888888888935,0.3399508024383948,0.3342680588323548,0.1953112316702645,0.6514691705368776,0.01862017911676328,0.0016666666666666496,0.02115866951199109,0.3651793311357532,0.12604287911332318,0.10904572616738863,0.0,0.6682596361280898,0.626679735847464,0.2890964327769344,0.31689300268578785,0.40258942423462873,happy,03,13,13,male,normal,1455
70,2.3356666666666666,True,1.0,0.5232339307414596,0.5243675210216003,0.52380072588153,0.6007162279712863,-0.05421296296296291,-0.05495370370370367,0.4234402965627996,0.09189188434051355,0.19463425832666542,0.871960339161284,0.001133590280140706,0.000740740740740764,0.011095246044164543,0.45936463524642734,0.12607933392337173,0.10882865146788322,0.0,0.9999999987499999,0.6263880567539515,0.2859536222889278,0.3114126196377791,0.4050391164171711,happy,03,13,13,male,normal,1455
80,2.6693333333333333,True,1.0,0.509129583047963,0.48592834158068554,0.49752896231432425,0.5384120523913423,-0.05509259259259264,-0.05319444444444449,0.45208865616605,0.03432741414516228,0.18914116362473726,0.9240672828636787,0.023201241467277423,0.0018981481481481488,0.02080486564987702,0.49196974220032097,0.1258586253356259,0.10925833697685361,0.0,0.9999999987499999,0.6272515938328457,0.2857023688672005,0.31537058743842583,0.4087397187114892,happy,03,13,13,male,normal,1455
90,3.003,True,1.0,0.47874968095318926,0.5063732022338041,0.4925614415934967,0.5947889176171886,-0.05550925925925915,-0.053472222222222254,0.4495777703023669,0.05710777286255499,0.1884087787601568,0.828128142613635,0.02762352128061485,0.002037037037036893,0.024094674631487054,0.4573068744598875,0.12644199220341365,0.10823119921242447,0.0,0.7234791003949438,0.6205094662161741,0.2866478036059278,0.31738081414659813,0.4110067171078633,happy,03,13,13,male,normal,1455
0,0.0,True,1.0,0.48678877341585336,0.5077343950495489,0.4972615842327011,0.6634107169880247,-0.05750000000000005,-0.05652777777777779,0.42438862178505243,0.12062013036145851,0.19379764094220978,0.7495531372937969,0.02094562163369551,0.0009722222222222632,0.013601335926743017,0.43977272727272665,0.12756172523184853,0.10726501771982094,0.0,0.6615815754337256,0.6196520943299195,0.2874175910297208,0.32590127078944153,0.423412565265387,happy,03,13,13,male,strong,1456
10,0.33366666666666667,True,1.0,0.4512621677747774,0.4560758599683422,0.4536690138715598,0.6559438900900477,-0.05717592592592596,-0.05638888888888882,0.4306992543153265,0.10135194662660836,0.19338762614727917,0.6916277759813881,0.004813692193564811,0.0007870370370371416,0.012293334546043281,0.4411812894823767,0.12584788760592505,0.10927070492818591,0.0,0.7352377381466375,0.6175539416157088,0.2878403160116257,0.3273027763560933,0.42397988426333244,happy,03,13,13,male,strong,1456
20,0.6673333333333333,True,1.0,0.46666154927381504,0.44226245672844644,0.4544620030011307,0.7455277322908835,-0.05768518518518517,-0.05495370370370367,0.43285107452152266,0.13004198746879247,0.18979609920100676,0.6095843029267927,0.024399092545368595,0.0027314814814815014,0.0234617280256454,0.3776352174024332,0.1254744179941006,0.1096993536867863,0.0,0.7364073651391071,0.6189652748755753,0.2893237022745439,0.32405126701469883,0.42652710385194587,happy,03,13,13,male,strong,1456
30,1.0010000000000001,True,1.0,0.405483714721518,0.37511834212868805,0.39030102842510306,0.8489661754244464,-0.08287037037037032,-0.08037037037037031,0.44458450970384905,0.19498207885304683,0.22232142035749358,0.4597368419654286,0.030365372592829953,0.0025000000000000022,0.021490661988157453,0.34983224650966166,0.12540926697914512,0.10977382896740992,0.0,0.8842041370379554,0.6254702123583809,0.28943819013438926,0.3425897207989552,0.44733422110609283,happy,03,13,13,male,strong,1456
40,1.3346666666666667,True,1.0,0.45093233253203613,0.43529547432310994,0.44311390342757306,0.7343815880550761,-0.06513888888888891,-0.06305555555555564,0.3999960384819992,0.22542412950676285,0.2021573170520266,0.6033837321563419,0.015636858208926185,0.0020833333333332704,0.01851686034504326,0.3851930562871359,0.12419178369375472,0.11114935282357127,0.0,0.8916571718870973,0.6233436735866222,0.2909445515471474,0.3263198111209023,0.42947088729573224,happy,03,13,13,male,strong,1456
50,1.6683333333333334,True,1.0,0.41451756723275135,0.4149691002494858,0.4147433337411186,0.7302414634323307,-0.0589351851851852,-0.05625000000000002,0.42288236513001287,0.21891856598997336,0.19594589137013074,0.5679536899914088,0.0004515330167344511,0.0026851851851851793,0.012970361495064139,0.41522739926870034,0.12562365100107625,0.10952842589770169,0.0,0.6710411259466506,0.6217725222198255,0.2908734152359328,0.3226988557397352,0.4288885258656249,happy,03,13,13,male,strong,1456
60,2.0020000000000002,True,1.0,0.42240716971184505,0.42240716971184517,0.4224071697118451,0.7320934288415355,-0.05842592592592594,-0.056296296296296344,0.44953289923125506,0.168470835297013,0.1854232501172056,0.576985331476424,1.1102230246251565e-16,0.0021296296296295925,0.013613992960800266,0.3931150063006576,0.12906471924299764,0.10545177104955214,0.0,0.9999999987499999,0.5590427601665667,0.26229753540539097,0.3625443139734215,0.40192092850427064,happy,03,13,13,male,strong,1456
70,2.3356666666666666,True,1.0,0.41498215802006405,0.4151512140770028,0.4150666860485334,0.8681794753805164,-0.05759259259259264,-0.05518518518518506,0.421419934893906,0.19563993923192946,0.19652777777777775,0.4780885724885547,0.00016905605693873227,0.00240740740740758,0.0009037337850489899,0.340658323276006,0.12434165591801354,0.11098166683705879,0.0,0.6907484736977145,0.6214180992475116,0.2909981945235856,0.3250273166642411,0.42905331850578093,happy,03,13,13,male,strong,1456
80,2.6693333333333333,True,1.0,0.4818905168026158,0.4729409956067422,0.477415756204679,0.7187455988821638,-0.05476851851851844,-0.05467592592592596,0.46533424305649773,0.08291976585083213,0.19722260906438244,0.664234684632761,0.008949521195873611,9.259259259247754e-05,0.014139102290998408,0.37332941810953485,0.12667405928136272,0.10831186673530319,0.0,0.7034281676201645,0.6171173616243373,0.2914286700683232,0.32554759694839086,0.4249106861744331,happy,03,13,13,male,strong,1456
90,3.003,True,1.0,0.4662484404975141,0.45441832699746904,0.46033338374749155,0.5836222001932971,-0.054490740740740784,-0.055601851851851736,0.4651367237191279,0.04954166881073228,0.19654679912151268,0.7887523531404871,0.011830113500045092,0.0011111111111109517,0.01826075604098037,0.47785925388196154,0.12545279594338432,0.1093762582341453,0.0,0.9999999987499999,0.6176086622227016,0.28968391741678357,0.32433188196440427,0.41747547873563506,happy,03,13,13,male,strong,1456
100,3.336666666666667,True,1.0,0.4808142049703362,0.45831177358427105,0.46956298927730367,0.592283267150147,-0.05574074074074076,-0.0557407407407407,0.47302014612206217,0.04845954003955734,0.19722841160573604,0.7928013761669666,0.02250243138606517,5.551115123125783e-17,0.0018027884495549543,0.4605862797287617,0.1252570835960885,0.1099474455329318,0.0,0.8058516874834135,0.6173587439428896,0.2892452317609973,0.3256604154320082,0.4144609701199216,happy,03,13,13,male,strong,1456
0,0.0,True,1.0,0.5020514758165809,0.485928341580685,0.49398990869863296,0.6260874570497479,-0.05717592592592591,-0.053009259259259256,0.41308996536525144,0.1314450981499045,0.1945715304248572,0.7890110289485983,0.016123134235895953,0.004166666666666652,0.012859483733519786,0.48404075285891024,0.1264709888959279,0.10854891403533162,0.0,0.7704818535955604,0.6197404934551947,0.28650374288214436,0.3183988982654045,0.4165775643704964,happy,03,13,13,male,strong,1457
10,0.33366666666666667,True,1.0,0.5100652576109047,0.5068494412821973,0.508457349446551,0.6777886980443776,-0.056574074074074054,-0.05504629629629637,0.40446328433850914,0.14064144582328897,0.19385078024088526,0.7501708879383825,0.003215816328707377,0.0015277777777776835,0.0133809831494345,0.4566549288183349,0.1280190357351977,0.10671880930819731,0.0,0.7246035240771892,0.6201958073463761,0.287692143700092,0.3228347570096691,0.41927938249891683,happy,03,13,13,male,strong,1457
20,0.6673333333333333,True,1.0,0.5102818278791486,0.5063739662234432,0.5083278970512959,0.6985161201543747,-0.058287037037037026,-0.055509259259259314,0.4098882223426961,0.16502615282810099,0.19389210073779597,0.7277253629292815,0.003907861655705336,0.0027777777777777124,0.0096913111644934,0.429727862994674,0.12784037793030958,0.10693276177746697,0.0,0.6730050082077668,0.6198938882427971,0.2877776331792292,0.3221614491539616,0.4200934292959621,happy,03,13,13,male,strong,1457
30,1.0010000000000001,True,1.0,0.4729711758710398,0.46619753506815614,0.469584355469598,1.0054401511497477,-0.058564814814814736,-0.05652777777777779,0.42245775588718926,0.3186781528780685,0.19032628786065006,0.46704356786688467,0.006773640802883674,0.0020370370370369484,0.019845869335032185,0.30881359075733217,0.12162670726159629,0.11361564133273615,0.0,0.8380511293884927,0.6311457229766907,0.28892692624040983,0.3440440547438954,0.4460303680864606,happy,03,13,13,male,strong,1457
40,1.3346666666666667,True,1.0,0.4200601065041708,0.4152834760280319,0.4176717912661013,0.6455607180619496,-0.05958333333333338,-0.05657407407407411,0.37258149066086776,0.2472183151520152,0.18891473730410502,0.6469907161018129,0.00477663047613891,0.003009259259259267,0.03609990689857451,0.45674097884397274,0.11977418856239773,0.11573166194397609,0.0,0.9999999987499999,0.6391995993475516,0.2949065840405557,0.33382739073858314,0.42846409517833234,happy,03,13,13,male,strong,1457
50,1.6683333333333334,True,1.0,0.45077532789559405,0.4384290516970145,0.4446021897963043,0.97973246486321,-0.056574074074074054,-0.05291666666666672,0.4107387761169676,0.3136174729441143,0.17431649776999447,0.45379958890959027,0.012346276198579531,0.0036574074074073315,0.02914569211014829,0.28350666580648004,0.12167083936912029,0.11390340037622514,0.0,0.8588538655692486,0.6398073170440052,0.2901197848823611,0.3282996948558868,0.4285758203834823,happy,03,13,13,male,strong,1457
60,2.0020000000000002,True,1.0,0.45804055583547765,0.468490031838011,0.4632652938367443,1.1577223157344436,-0.0791203703703704,-0.07356481481481486,0.40973353419671876,0.3143107182168123,0.20912119544110308,0.40015234010830564,0.010449476002533375,0.005555555555555536,0.03080576061547019,0.2541891844692235,0.11776923729914397,0.11793296619438774,0.0,0.9774520966880638,0.6312189408732243,0.29330640504420963,0.3140257252873479,0.4325520576783676,happy,03,13,13,male,strong,1457
70,2.3356666666666666,True,1.0,0.4643137626807134,0.4592592592592588,0.46178651096998613,0.9674367324930021,-0.06907407407407412,-0.06754629629629633,0.3952800728880447,0.18294402570774482,0.22226376039325066,0.47732993327636175,0.005054503421454581,0.0015277777777777946,0.02044745411711093,0.3118041473236724,0.12205835079170509,0.11332004599588534,0.0,0.6751842793300327,0.6135587625050021,0.2902576815221817,0.32362625539653694,0.42903508039648836,happy,03,13,13,male,strong,1457
80,2.6693333333333333,True,1.0,0.48546689125713643,0.4642187205974075,0.47484280592727196,0.7234037939016125,-0.0524074074074074,-0.05250000000000005,0.43620163971885884,0.005925509773049034,0.21049823250208474,0.6564007680499581,0.02124817065972895,9.259259259264407e-05,0.017562773296230464,0.3873784491094289,0.12598487359208482,0.10911273709563062,0.0,0.6766290161355291,0.6097767017431973,0.2917079041522289,0.3231176727762932,0.4295313811579032,happy,03,13,13,male,strong,1457
90,3.003,True,1.0,0.4287917406376004,0.43672448951115367,0.432758115074377,0.5875347514973458,-0.05166666666666664,-0.05101851851851852,0.4720310136928016,-0.059812304367283055,0.20639791097840596,0.7365659886014964,0.007932748873553275,0.0006481481481481199,0.015979055669681306,0.45960298353304996,0.12396904374505184,0.11071150876456483,0.0,0.7687841070590613,0.6161006925035639,0.2876316412932229,0.3227834252783909,0.4202246599780923,happy,03,13,13,male,strong,1457
100,3.336666666666667,True,1.0,0.4736294372238791,0.4587813620071678,0.46620539961552343,0.5914085810907803,-0.05305555555555552,-0.0507407407407407,0.4749281846006717,-0.03760363882310322,0.2057039658732983,0.7882966438458924,0.014848075216711332,0.002314814814814825,0.026198126762102345,0.45291490077623225,0.12713381642408994,0.10777184461597984,0.0,0.6717837008437375,0.6196826589385755,0.2871802383988967,0.3260938919733983,0.4255115395742627,happy,03,13,13,male,strong,1457
0,0.0,True,1.0,0.5326600507061573,0.5337741058767163,0.5332170782914367,0.5078107251935328,-0.057499999999999996,-0.05370370370370364,0.3907826451632136,0.17370569180578233,0.18688558749401266,1.0500311471133685,0.0011140551705589585,0.003796296296296353,0.031442444360704584,0.5778388064531683,0.12856383335932237,0.10606186177282702,0.0,0.6606182610052039,0.619311465554972,0.2855818955727275,0.3126265556086913,0.3995114018645909,happy,03,13,13,male,strong,1458
10,0.33366666666666667,True,1.0,0.5186797969860438,0.5302725493204369,0.5244761731532404,0.4480511289601209,-0.05689814814814814,-0.05342592592592593,0.38372432481477603,0.15593528315328548,0.18964127434192107,1.170572149590369,0.011592752334393053,0.00347222222222221,0.023329115315623587,0.6475895809329522,0.12740505259961818,0.10745106022123777,0.0,0.8005727097858673,0.6219495502654186,0.2858672964012935,0.3084248067598802,0.40040481680018714,happy,03,13,13,male,strong,1458
20,0.6673333333333333,True,1.0,0.5189718066400311,0.5068494412821962,0.5129106239611136,0.48662446403671644,-0.05601851851851847,-0.05319444444444443,0.398723008774192,0.11835443649691361,0.18823498003510292,1.0540173416402958,0.012122365357834841,0.0028240740740740344,0.020641812416180842,0.5801589966024596,0.12553767232287544,0.10962696109156747,0.0,0.7562743014961214,0.6215753353450756,0.2871058207515474,0.30480637208502454,0.398836125222066,happy,03,13,13,male,strong,1458
30,1.0010000000000001,True,1.0,0.5690100220978878,0.5304659498207893,0.5497379859593385,1.0754734061717581,-0.07222222222222213,-0.06986111111111115,0.3628966427736758,0.39966917121247825,0.20695771609312438,0.5111590698613172,0.03854407227709844,0.0023611111111109806,0.006205959140380308,0.28124999999999944,0.12281241164602055,0.11267159941950002,0.0,0.9999999987499999,0.6288475550845338,0.2901716874979891,0.3158669526493133,0.4214634888123153,happy,03,13,13,male,strong,1458
40,1.3346666666666667,True,1.0,0.5020010076059633,0.5017921146953402,0.5018965611506518,0.6165402005026374,-0.06476851851851861,-0.06467592592592597,0.3654602303824238,0.21505376344086063,0.21462634991820098,0.8140532616388652,0.000208892910623093,9.259259259264407e-05,0.011085222728915451,0.4970504967127692,0.12273194836587527,0.11275924184069523,0.0,0.6925764594594223,0.6203822762229892,0.29024995759463745,0.31479892189277825,0.42311992053499914,happy,03,13,13,male,strong,1458
50,1.6683333333333334,True,1.0,0.5481997612042525,0.5536203049543263,0.5509100330792894,0.5000610314314138,-0.062453703703703733,-0.0626388888888888,0.37861444093562374,0.2222222222222226,0.20976623567341046,1.1016855912613737,0.005420543750073836,0.0001851851851850661,0.003355740787301446,0.5780544410200594,0.12281878750323806,0.1126646493195809,0.0,0.9386473019338262,0.6204726131233743,0.2891502116561677,0.30221657891993353,0.40992047101114654,happy,03,13,13,male,strong,1458
60,2.0020000000000002,True,1.0,0.5237518874228398,0.5534990499672446,0.5386254686950422,0.7534008231238299,-0.060046296296296264,-0.05995370370370373,0.3469030765579764,0.26362356682133126,0.2147116465703714,0.7149255113124732,0.029747162544404793,9.259259259253305e-05,0.018399713573810178,0.40489752328248646,0.12362163310487269,0.11161256941315262,0.0,0.7993624297001879,0.6211968018613695,0.28804398962197214,0.3174244937942674,0.4171848796629777,happy,03,13,13,male,strong,1458
70,2.3356666666666666,True,1.0,0.5419282870642772,0.5821209942395091,0.5620246406518932,0.8693816146618871,-0.05837962962962967,-0.05879629629629629,0.4069529851046663,0.1232661833327021,0.21690457316180986,0.6464648333637366,0.040192707175231934,0.0004166666666666208,0.010062693476056568,0.3445277095145302,0.12469985780063263,0.11057903614506166,0.0,0.6759768224877049,0.601816557458921,0.29543251192740083,0.3075721636326903,0.4126486180888891,happy,03,13,13,male,strong,1458
80,2.6693333333333333,True,1.0,0.5313488196474656,0.5573143408668462,0.5443315802571559,0.6269386003380084,-0.05703703703703705,-0.05740740740740752,0.4561610433237017,-0.028473393189879487,0.21614313153710765,0.8682374637064687,0.02596552121938056,0.0003703703703704653,0.015513777673106764,0.420540220258242,0.1250482209845073,0.11001189140934879,0.0,0.8670374273785565,0.6238631580288365,0.29010048101276065,0.3174598685339884,0.4211393773000371,happy,03,13,13,male,strong,1458
90,3.003,True,1.0,0.4991542706521039,0.5304932390543375,0.5148237548532207,0.5318760873023616,-0.05564814814814806,-0.054166666666666696,0.48016491701499475,-0.08121718124322988,0.2142314023503885,0.9679392759775514,0.03133896840223366,0.0014814814814813615,0.0243646375914316,0.48784889186506414,0.1258327157480742,0.10928817602090835,0.0,0.6619525744960341,0.6228318887789491,0.29099308526408374,0.31528278989431796,0.4150067277952039,happy,03,13,13,male,strong,1458
100,3.336666666666667,True,1.0,0.5162569185431971,0.509801756548777,0.5130293375459871,0.5334347419620271,-0.05254629629629631,-0.05212962962962964,0.47765700533238065,-0.07068726879769816,0.20927436846584568,0.9617471401637868,0.006455161994420089,0.0004166666666666763,0.022240149768051637,0.4968812649978168,0.1253686018896168,0.1096466482987035,0.0,0.7071067807446058,0.6215167367806498,0.290650204613232,0.314316689748508,0.41586633524321664,happy,03,13,13,male,strong,1458
0,0.0,True,1.0,0.5537666547730917,0.560743191562538,0.5572549231678149,0.5924994652847809,-0.06009259259259253,-0.0539351851851852,0.3693588994272421,0.22539088930302886,0.1862750139854037,0.9405154870476955,0.006976536789446319,0.006157407407407334,0.028378568856053697,0.5104196070235322,0.12707273450449116,0.10784385896400998,0.0,0.7181878980561283,0.6239398138317828,0.2865438739201166,0.30843899484743864,0.3984045824483338,happy,03,13,13,male,strong,1459
10,0.33366666666666667,True,1.0,0.5322784995783129,0.5177606752057702,0.5250195873920416,0.5689310754662779,-0.0568981481481482,-0.05388888888888893,0.3733967001023378,0.22861607563842706,0.1863880229335427,0.9228175609176422,0.014517824372542676,0.003009259259259267,0.032118701641390184,0.49555985287345433,0.12674119130894837,0.10823330446793282,0.0,0.9999999987499999,0.6244056970131804,0.2873463556047722,0.3076608990729,0.3966154138148534,happy,03,13,13,male,strong,1459
20,0.6673333333333333,True,1.0,0.5544039196740644,0.5378551526206409,0.5461295361473526,0.6022675435919665,-0.05842592592592588,-0.053055555555555634,0.3701313360099926,0.2236217266091072,0.18424695923669349,0.9067889212329078,0.016548767053423563,0.005370370370370248,0.027250149468107204,0.4852045228120752,0.12676832908694194,0.10820151806209148,0.0,0.9470402959387185,0.6259151806816478,0.28766354670857425,0.31307501186414,0.40367214778078864,happy,03,13,13,male,strong,1459
30,1.0010000000000001,True,1.0,0.5302176783106951,0.5211961915083806,0.5257069349095378,1.0636709313808208,-0.07634259259259252,-0.07138888888888889,0.35595120696246957,0.356974852144061,0.21258076647568716,0.49423832070608836,0.009021486802314516,0.004953703703703627,0.017858416376280387,0.2850942761989212,0.12392039583468296,0.11145184281275357,0.0,0.7288206761533509,0.6332196268898184,0.28658779906181525,0.33034718797563556,0.43582418000680256,happy,03,13,13,male,strong,1459
40,1.3346666666666667,True,1.0,0.5035357470542612,0.5100652576109054,0.5068005023325832,0.6999568008733998,-0.06435185185185183,-0.0637037037037037,0.37291309867099137,0.2659667541557308,0.2021471270254088,0.7240454006593008,0.006529510556644191,0.0006481481481481199,0.016549798641365347,0.4499715261402631,0.12305584749395593,0.11206617809331565,0.0,0.9999999987499999,0.630808270042392,0.28731411086508557,0.3288650503944311,0.43385856368181225,happy,03,13,13,male,strong,1459
50,1.6683333333333334,True,1.0,0.5002042064476357,0.500969008651464,0.5005866075495499,0.508133887762439,-0.06148148148148147,-0.059212962962962856,0.36869244036605997,0.24688900691759935,0.2084270622490702,0.9851470638061094,0.0007648022038282409,0.002268518518518614,0.0180694803603982,0.6090776713655653,0.12448191297576132,0.1108243254536103,0.0,0.68918861498361,0.6268271834671368,0.286363129504371,0.31814856975974953,0.4155641410156405,happy,03,13,13,male,strong,1459
60,2.0020000000000002,True,1.0,0.5125629586074316,0.5220458553791882,0.5173044069933099,1.00549789086806,-0.060694444444444495,-0.059305555555555556,0.35828928324432385,0.30601092896174864,0.21187614445887956,0.5144758747795224,0.009482896771756621,0.0013888888888889395,0.023390453113252083,0.30162041241356075,0.12316008931287616,0.11229145190314983,0.0,0.9999999987499999,0.6253252680681647,0.2879575466684114,0.3184073744814513,0.4170109060107239,happy,03,13,13,male,strong,1459
70,2.3356666666666666,True,1.0,0.5266891866693221,0.5361552028218696,0.5314221947455958,0.8763818158838865,-0.05740740740740746,-0.0557407407407407,0.41156639718928695,0.1460199736689156,0.20705096229385264,0.606382041610052,0.009466016152547496,0.0016666666666667607,0.017063285804340907,0.32631128652469454,0.12491298140356999,0.11033822930973786,0.0,0.6927963920892478,0.619217068139756,0.28906794359266313,0.31868858167599945,0.42146822470856327,happy,03,13,13,male,strong,1459
80,2.6693333333333333,True,1.0,0.5002140814806791,0.5079365079365086,0.5040752947085938,0.6529504184163357,-0.05495370370370373,-0.05268518518518511,0.4316413674457491,0.05438598569110304,0.20220561833854564,0.7719962810211175,0.007722426455829434,0.002268518518518614,0.014204377352492099,0.42847710096307084,0.12668814531259578,0.10829539051949247,0.0,0.8153591018987753,0.6255712879448654,0.2842817174892281,0.3221287655601871,0.4255120873240416,happy,03,13,13,male,strong,1459
90,3.003,True,1.0,0.5371595162197378,0.5389332854944219,0.5380464008570798,0.6607843483894109,-0.05625000000000002,-0.05342592592592588,0.43093273974615237,0.06602321123884267,0.19945861633822345,0.8142541544280045,0.0017737692746840894,0.0028240740740741455,0.021659110564516835,0.4307216409583482,0.1262388987668453,0.10881874015398255,0.0,0.6903707258042228,0.6242186080682274,0.2851497623729912,0.3200877073846942,0.42136877763365516,happy,03,13,13,male,strong,1459
0,0.0,True,1.0,0.4985237828700965,0.5017118834371557,0.5001178331536261,0.4290820799645866,-0.05513888888888879,-0.05333333333333329,0.3570684835570916,0.250253893902678,0.1820048173001131,1.1655528312785803,0.003188100567059149,0.0018055555555555047,0.0013442110425102125,0.7131539528358023,0.13030421306978954,0.10391626353654565,0.0,0.8869569209344602,0.6237058570615746,0.2823321561475804,0.3097812426918114,0.38778295956544795,sad,04,13,13,male,normal,1460
10,0.33366666666666667,True,1.0,0.4920670714551399,0.5010947793225866,0.4965809253888632,0.46159324355683395,-0.05620370370370359,-0.05365740740740743,0.3550931381826501,0.28110971598594825,0.18131060409212146,1.0757976472151751,0.009027707867446721,0.0025462962962961577,0.0021792535304053073,0.6682864838158714,0.12824137298986707,0.10645152899064755,0.0,0.8085587420686172,0.6242613744716636,0.28436377438149435,0.30747723547926964,0.38848054148356864,sad,04,13,13,male,normal,1460
20,0.6673333333333333,True,1.0,0.3739415344551966,0.38191885044905244,0.37793019245212456,0.7797719162569546,-0.056620370370370376,-0.054907407407407405,0.34758540307671254,0.32366068055049424,0.18132112357228442,0.48466761186560475,0.007977315993855816,0.0017129629629629717,0.01066757702422987,0.40372026359665697,0.12918503179576266,0.10530434621105543,0.0,0.7963049792302442,0.6226031328156262,0.28543162497494656,0.3105644527388876,0.3924170296299096,sad,04,13,13,male,normal,1460
30,1.0010000000000001,True,1.0,0.4842802462166647,0.45111837333707344,0.4676993097768691,0.7995394750982285,-0.05638888888888882,-0.05282407407407408,0.3501363703738412,0.4215533135451076,0.18201529665858626,0.5849608735321158,0.03316187287959127,0.003564814814814743,0.003792506891849745,0.37882582801059983,0.1279697678664722,0.10677788293008127,0.0,0.6542571702940099,0.6225479917748349,0.28526593063545286,0.31408774996829203,0.40147703173000915,sad,04,13,13,male,normal,1460
40,1.3346666666666667,True,1.0,0.46832957033247896,0.480949717857639,0.474639644095059,0.7514835748827065,-0.05731481481481476,-0.05462962962962964,0.35201145751901436,0.36842977093386087,0.18134468499349693,0.631603484040409,0.012620147525160053,0.002685185185185124,0.005843320316585439,0.434296720250725,0.12590246282948384,0.10920781851161535,0.0,0.6799984576960931,0.6214176378442003,0.28548801023601045,0.30779223916017623,0.3890632265230149,sad,04,13,13,male,normal,1460
50,1.6683333333333334,True,1.0,0.5270108561769591,0.5154015630402184,0.5212062096085888,0.9408407730374764,-0.05912037037037032,-0.05555555555555558,0.3518644575890836,0.39079614974345833,0.1841210342932545,0.5539791902575503,0.01160929313674064,0.003564814814814743,0.003442685895869187,0.32165526777575665,0.12845208996749408,0.10619716735350508,0.0,0.6857233926006895,0.6230320795740172,0.28407074525137677,0.31389573843382096,0.39759260920459544,sad,04,13,13,male,normal,1460
60,2.0020000000000002,True,1.0,0.48428024621666477,0.5018627668994153,0.49307150655804005,0.846922252508053,-0.05666666666666664,-0.05439814814814814,0.3447914697250051,0.39374455599058555,0.18274579676306618,0.5821921730098262,0.01758252068275057,0.002268518518518503,0.0061314917313726085,0.3556960758410588,0.1287155408843922,0.10587769975680883,0.0,0.6742331477370878,0.6214648319249575,0.285322499340208,0.3090219004452796,0.38629957264010883,sad,04,13,13,male,normal,1460
70,2.3356666666666666,True,1.0,0.47904681374112107,0.47234950347148397,0.4756981586063025,0.8469871492292494,-0.05490740740740735,-0.053009259259259256,0.3272487702407819,0.4156285523301865,0.18478168750979101,0.5616356269858208,0.006697310269637102,0.0018981481481480933,0.0029027289936442748,0.4079126742865666,0.12649515544481732,0.10834504821232337,0.0,0.650836225087747,0.6201124674479167,0.28697496997332667,0.3084617673855466,0.3892200178940967,sad,04,13,13,male,normal,1460
80,2.6693333333333333,True,1.0,0.47895563976893646,0.4801948559116301,0.47957524784028327,0.5904323431146292,-0.05462962962962964,-0.0521759259259259,0.35470079557122086,0.2591898075612227,0.1827094718072479,0.81224420279967,0.0012392161426936221,0.0024537037037037357,0.003018836175617604,0.5081597432931084,0.12895380359981434,0.1055873775984798,0.0,0.6465548626257269,0.6240084065813826,0.28363168531722033,0.30880969047504314,0.38752141022017805,sad,04,13,13,male,normal,1460
90,3.003,True,1.0,0.49317362839678847,0.5143554791239658,0.5037645537603772,0.45137387584319344,-0.05625000000000002,-0.05347222222222214,0.36227501221361574,0.21849923444225125,0.1820048173001131,1.1160693622760396,0.021181850727177376,0.002777777777777879,0.004173998746486945,0.6331924550461158,0.12752196454161896,0.10731228415243857,0.0,0.8257047777294617,0.6213807061652786,0.2841202352686976,0.3059623577895798,0.39307041999883274,sad,04,13,13,male,normal,1460
100,3.336666666666667,True,1.0,0.4931736283967896,0.4573756902478112,0.4752746593223004,0.4402496390146914,-0.05532407407407397,-0.05291666666666667,0.36181282339282356,0.21298895878880356,0.18130092563129852,1.0795571812074563,0.03579793814897836,0.0024074074074073026,0.008610611135618639,0.6720348659124467,0.12812252536737645,0.10659454143679888,0.0,0.9999999987499999,0.6208605213335333,0.28350712213630086,0.30707651074834114,0.39539432466550806,sad,04,13,13,male,normal,1460
0,0.0,True,1.0,0.45906590236768163,0.4406561915691294,0.4498610469684055,0.4509682524576693,-0.05740740740740741,-0.05407407407407405,0.3759145693212479,0.19812393687000168,0.17572961454399944,0.9975448260864711,0.018409710798552248,0.003333333333333355,0.015393828906277556,0.6476331954506382,0.13013111359951093,0.10413294888960488,0.0,0.6435655342284881,0.6214045365099166,0.2837820154085329,0.3056724069953441,0.38612527880761094,sad,04,13,13,male,normal,1461
10,0.33366666666666667,True,1.0,0.4726168560058491,0.4328938114496258,0.45275533372773746,0.6646320591460819,-0.057453703703703674,-0.05208333333333337,0.3562877174118742,0.28894885799188297,0.17782969776269256,0.6812119991765619,0.039723044556223275,0.005370370370370303,0.021620092934533736,0.47686652223344733,0.12677308930443362,0.10819594076873666,0.0,0.9999999987499999,0.6234179814738395,0.28545093729941756,0.3027182525559166,0.38568542404942746,sad,04,13,13,male,normal,1461
20,0.6673333333333333,True,1.0,0.5094171975446046,0.4856278928145042,0.4975225451795544,0.7525750351328228,-0.058287037037037026,-0.053379629629629555,0.3402440855777481,0.3536878854090579,0.1778125358087713,0.661093607884224,0.02378930473010038,0.004907407407407471,0.016728785256649673,0.41670383478377143,0.1292360784001551,0.10524169236030023,0.0,0.6250288448917792,0.6206642228610194,0.28519513888414383,0.3082433564992045,0.388603465840274,sad,04,13,13,male,normal,1461
30,1.0010000000000001,True,1.0,0.3784056585982508,0.3672767877844439,0.3728412231913474,0.7501627427598632,-0.0591666666666667,-0.055185185185185115,0.3686390940336759,0.33333333333333315,0.17644121757180897,0.4970137837286578,0.011128870813806924,0.003981481481481586,0.015439323718524486,0.4065836307430434,0.12677465923993675,0.10819410124986888,0.0,0.7071067807446058,0.6226571371126576,0.28509871418718796,0.31178261225715365,0.4073386080025862,sad,04,13,13,male,normal,1461
40,1.3346666666666667,True,1.0,0.46639354534453936,0.4237764740675655,0.44508500970605247,0.7133912000960658,-0.0559722222222222,-0.05199074074074078,0.3537308814233966,0.3275560097578841,0.17710444305856665,0.6239003363738114,0.04261707127697384,0.003981481481481419,0.01873366472039573,0.45960668174861186,0.12707008497786285,0.10784698083136383,0.0,0.9999999987499999,0.6237721616302772,0.2845654892065449,0.3108178020955935,0.39865245407255934,sad,04,13,13,male,normal,1461
50,1.6683333333333334,True,1.0,0.4661115357609421,0.46330887673422394,0.464710206247583,0.9248694232723603,-0.0562037037037037,-0.05305555555555552,0.34738661075542876,0.40364849140039794,0.17850684503424205,0.5024603414862087,0.0028026590267181684,0.0031481481481481777,0.02444784481942057,0.32137733550389364,0.12923385101714216,0.1052444275116167,0.0,0.6583104008016961,0.6227457620001126,0.2848188082023064,0.3160560777218441,0.40377128601421514,sad,04,13,13,male,normal,1461
60,2.0020000000000002,True,1.0,0.4736233366554986,0.4843003603710032,0.4789618485132509,0.8747966503096537,-0.06370370370370376,-0.05925925925925918,0.36237054451675704,0.3368829418293936,0.186846392460444,0.5475122113735937,0.010677023715504608,0.004444444444444584,0.015656234552223234,0.3414515037266675,0.1275577728448218,0.10726971780319777,0.0,0.7071067807446058,0.6235361901791967,0.2858235723530902,0.3123861998572979,0.3998811662017703,sad,04,13,13,male,normal,1461
70,2.3356666666666666,True,1.0,0.4729239031420877,0.502000055523995,0.48746197933304136,0.7573974271704736,-0.06027777777777782,-0.058379629629629504,0.3341237094037824,0.34778453288440125,0.18544999298171572,0.6436013139813905,0.02907615238190725,0.0018981481481483153,0.019969402835849442,0.43622448979591816,0.12750290449730414,0.1073349296156934,0.0,0.63604416728245,0.6186028286627152,0.28640039336287987,0.31345838767258866,0.4014887741078072,sad,04,13,13,male,normal,1461
80,2.6693333333333333,True,1.0,0.4875225131441714,0.49238392092397915,0.48995321703407524,0.6790298162809242,-0.06032407407407403,-0.05675925925925923,0.3577027215981431,0.317843743791071,0.18130092563129852,0.7215489000432563,0.004861407779807758,0.0035648148148147984,0.01060781852185169,0.45478723404255295,0.13011673972770516,0.10415090884743546,0.0,0.7082433777725737,0.6223320205113295,0.2826699416512446,0.31385464202567787,0.39653000168450336,sad,04,13,13,male,normal,1461
90,3.003,True,1.0,0.4862331516358318,0.4927865214341601,0.4895098365349959,0.4900020269109227,-0.0602314814814815,-0.05499999999999988,0.36646717003509455,0.23797025371828542,0.17920115530761813,0.9989955340000741,0.006553369798328268,0.005231481481481615,0.025944902644085728,0.6106354300440278,0.12809292016850504,0.10663011569683806,0.0,0.643486575486662,0.6202173939810299,0.2838263181532563,0.30914709383829586,0.3979388436605179,sad,04,13,13,male,normal,1461
100,3.336666666666667,True,1.0,0.49395842709596816,0.5068494412821962,0.5004039341890822,0.43006332999497,-0.05874999999999997,-0.055416666666666725,0.35824813453356086,0.236534831497234,0.17920115530761813,1.1635587116784287,0.012891014186228067,0.0033333333333332438,0.019039230405765866,0.6758225440980128,0.12769757738158885,0.10710325159166925,0.0,0.7071067807446058,0.6196306223348714,0.28462187856173626,0.3044512091272319,0.39264072832355484,sad,04,13,13,male,normal,1461
0,0.0,True,1.0,0.4921136700473167,0.48079821577795767,0.48645594291263716,0.4285557087176251,-0.05175925925925934,-0.051944444444444404,0.37125950471844693,0.16564728911227025,0.186846392460444,1.1351055020787564,0.011315454269359038,0.0001851851851850661,0.01349150421621425,0.7095456179064553,0.12867023138115052,0.10593275851797877,0.0,0.6912076518503688,0.6222473979591837,0.2859538783407796,0.29582673726113745,0.37856276124017324,sad,04,13,13,male,normal,1462
10,0.33366666666666667,True,1.0,0.47763973857533687,0.495235992075956,0.4864378653256464,0.4782696097593114,-0.05125000000000007,-0.051712962962963016,0.36372448098284466,0.16870871021319123,0.18408746739003493,1.017078767706871,0.017596253500619108,0.0004629629629629428,0.012495791568354592,0.6290198479231103,0.12923356494472985,0.10524477878999515,0.0,0.8241954808486175,0.6232524140906363,0.2852822494745987,0.3013589431705933,0.38074005503961195,sad,04,13,13,male,normal,1462
20,0.6673333333333333,True,1.0,0.498523782870096,0.4954462659380697,0.4969850244040829,0.5754301038293691,-0.05328703703703702,-0.052592592592592635,0.35333738231124245,0.237271093808731,0.1834036489948516,0.8636757463621553,0.0030775169320263474,0.0006944444444443865,0.01373060696857431,0.5487899970534422,0.12899270551904066,0.10553984884283958,0.0,0.8567391160880554,0.623089294366184,0.2852766445727815,0.29994807360262693,0.38080567933772197,sad,04,13,13,male,normal,1462
30,1.0010000000000001,True,1.0,0.45606732259387617,0.44444444444444464,0.4502558835191604,0.7753186555653832,-0.05078703703703702,-0.04999999999999999,0.33004902235897876,0.31780021578070095,0.182672721974871,0.580736553012286,0.011622878149431526,0.0007870370370370305,0.00988792163059044,0.4292586246926435,0.12745048921958388,0.10739716275785582,0.0,0.7727188500827907,0.6226671949170293,0.28581421188854245,0.3004146543849099,0.38335578560403716,sad,04,13,13,male,normal,1462
40,1.3346666666666667,True,1.0,0.4791818689476953,0.4731182795698923,0.4761500742587938,0.6126319644106258,-0.05277777777777776,-0.05162037037037037,0.3510756654311173,0.26946340463580426,0.18265935656628304,0.7772204225694743,0.006063589377803047,0.0011574074074073848,0.010051383068819735,0.5237366087351997,0.12864464076097587,0.10596383427559458,0.0,0.678234670819374,0.6231656992015556,0.2831748002889807,0.30499091732334693,0.38641772970174687,sad,04,13,13,male,normal,1462
50,1.6683333333333334,True,1.0,0.448691875631376,0.4594154543662081,0.4540536649987921,0.7209281043098478,-0.05217592592592596,-0.05245370370370367,0.3457976678469073,0.2942369823186304,0.1826894273605715,0.6298182333083859,0.010723578734832095,0.0002777777777777102,0.0086897688734739,0.4137416437981608,0.1270642181045815,0.10785389305989185,0.0,0.6888871074768653,0.6250729004257953,0.28513487299899887,0.30016922924917094,0.3850156624220815,sad,04,13,13,male,normal,1462
60,2.0020000000000002,True,1.0,0.4416904285169383,0.42959729116398787,0.43564385984046305,0.7783412953049118,-0.051064814814814785,-0.05101851851851852,0.34446434381596175,0.3010395846517634,0.183367038287288,0.5597080130122114,0.012093137352950423,4.6296296296266526e-05,0.007433994020794103,0.42826114372198665,0.12594031395441932,0.10916416578548398,0.0,0.6791020586860596,0.6240384185471064,0.2864241132884131,0.30347216368336233,0.3886105487364386,sad,04,13,13,male,normal,1462
70,2.3356666666666666,True,1.0,0.4987814546897692,0.4874551971326168,0.493118325911193,0.8187449084667345,-0.053287037037036966,-0.05250000000000005,0.335524087064274,0.37871996133105856,0.1840779349313567,0.6022856701908007,0.011326257557152386,0.0007870370370369195,0.009824623235464607,0.39721762684875705,0.12849580312961742,0.1061442713906979,0.0,0.651405377430543,0.6240201305678521,0.28480516481334384,0.3076155729012497,0.3856198303863154,sad,04,13,13,male,normal,1462
80,2.6693333333333333,True,1.0,0.492248328564421,0.49544626593806906,0.49384729725124504,0.4489272739357134,-0.05277777777777781,-0.052222222222222225,0.36275511279001577,0.21030473546861242,0.18621602556979983,1.1000608025476397,0.003197937373648041,0.0005555555555555869,0.005966254873739012,0.6354988246370175,0.1287005843130741,0.10589587984662319,0.0,0.6127069261486303,0.6282355045533838,0.2835236173632919,0.3030896804438782,0.385014460975425,sad,04,13,13,male,normal,1462
90,3.003,True,1.0,0.49224832856442086,0.4955903044370913,0.49391931650075604,0.4133732560349295,-0.05277777777777787,-0.05166666666666664,0.35696394056709924,0.19940951314803773,0.1820266136881089,1.1948506810489463,0.003341975872670433,0.0011111111111112293,0.006866071909323588,0.6792435924601385,0.1279057447813413,0.10685456575559109,0.0,0.6434955761429076,0.6274145290303621,0.2834462590793693,0.3008243469928319,0.386038268261557,sad,04,13,13,male,normal,1462
100,3.336666666666667,True,1.0,0.48440540300213325,0.4875969124300418,0.48600115771608754,0.4248662622897711,-0.0524074074074074,-0.052314814814814925,0.35947068524351367,0.20520779073569528,0.18201529665858626,1.1438920922947293,0.003191509427908523,9.259259259247754e-05,0.004233887636676797,0.6778077753433303,0.12905871537087465,0.10545911889376135,0.0,0.6398889979064115,0.626542676367422,0.28223837619795994,0.30386826754252394,0.38761003664123855,sad,04,13,13,male,normal,1462
0,0.0,True,1.0,0.46832957033247896,0.45110879356435235,0.45971918194841566,0.44359871654604976,-0.052592592592592524,-0.052638888888888846,0.3582387360945557,0.2502538939026791,0.1792756451513826,1.0363401984746103,0.01722077676812661,4.629629629632204e-05,0.015837116611924457,0.7079301211462017,0.12768537310595537,0.10711780088098989,0.0,0.7912031880028071,0.6229579608171394,0.28514508656663623,0.30131396733467125,0.3868106063828955,sad,04,13,13,male,normal,1463
10,0.33366666666666667,True,1.0,0.4522784381300695,0.4516922679844139,0.45198535305724175,0.5430361182899093,-0.05287037037037029,-0.05259259259259258,0.3560544807329611,0.25711498266718685,0.17716775714279095,0.8323301854775367,0.0005861701456555957,0.0002777777777777102,0.00840378795731776,0.5794429502258717,0.13021373558298963,0.10402961518988364,0.0,0.6941463274898132,0.6273356787089838,0.28212837485026526,0.30672642561791774,0.38381692242944804,sad,04,13,13,male,normal,1463
20,0.6673333333333333,True,1.0,0.4902683874551193,0.48087431693989124,0.48557135219750525,0.7599719060401197,-0.05328703703703702,-0.051342592592592495,0.3430141215093924,0.3724446448436273,0.1764995825022167,0.6389332925839386,0.009394070515228059,0.0019444444444445264,0.008979781169056128,0.4318259206518239,0.12723576202493903,0.10765146832536492,0.0,0.6942442737253751,0.6314249593743748,0.2847992218488614,0.30903511824148344,0.4015558748658572,sad,04,13,13,male,normal,1463
30,1.0010000000000001,True,1.0,0.46860188499498273,0.4516826760246919,0.4601422805098373,0.9303349824117756,-0.0524074074074074,-0.050925925925925875,0.3189349146967461,0.4327614645714503,0.1778743110935235,0.49459849324054944,0.01691920897029081,0.001481481481481528,0.009787034565640564,0.36986599377764073,0.12626244226792602,0.10879142173518065,0.0,0.7027308016299495,0.6238240141134579,0.28447397967021354,0.30470449231472935,0.3897271596454518,sad,04,13,13,male,normal,1463
40,1.3346666666666667,True,1.0,0.4713774682231758,0.46623997601761435,0.46880872212039504,0.6275363829500493,-0.05305555555555552,-0.05124999999999996,0.3415421890180094,0.3060505884398169,0.18343983648900017,0.7470622179968668,0.0051374922055614225,0.0018055555555555602,0.0077427439725938265,0.5240647726966665,0.12780831010936994,0.10697108785936454,0.0,0.7008219209390584,0.6266243993456758,0.2835657403866922,0.30850442083679247,0.3921245745281909,sad,04,13,13,male,normal,1463
50,1.6683333333333334,True,1.0,0.4684698512457697,0.47386611263441325,0.47116798194009146,0.7317283324702257,-0.05398148148148135,-0.05236111111111108,0.341183117040089,0.30605058843981675,0.18274579676306624,0.6439110815204951,0.005396261388643575,0.001620370370370272,0.012022430421103488,0.4037472046490978,0.12732962565800476,0.10754043053902866,0.0,0.6984184521092875,0.6251364219359619,0.28502382994694625,0.3018586481639034,0.3867362001346066,sad,04,13,13,male,normal,1463
60,2.0020000000000002,True,1.0,0.44008624092258924,0.4516922679844134,0.44588925445350136,0.7767321199892454,-0.053240740740740644,-0.051481481481481406,0.34350896593115726,0.32097988543688094,0.18134468499349693,0.5740579576645743,0.011606027061824176,0.0017592592592592382,0.007929290059558055,0.41263591947587097,0.1253831388644127,0.10980367142742031,0.0,0.6991508238136867,0.6275950735450431,0.2855353009487028,0.3031565059810621,0.38886509378049217,sad,04,13,13,male,normal,1463
70,2.3356666666666666,True,1.0,0.46846160408169146,0.488812198124814,0.47863690110325274,0.827717410287157,-0.05370370370370364,-0.05212962962962964,0.32854225843032697,0.37462558866252404,0.18275957330591067,0.5782612461144209,0.02035059404312256,0.0015740740740740056,0.006273935591769007,0.3942978351532848,0.12801383605754885,0.10672504649187962,0.0,0.6595963871332039,0.6224816073538791,0.28471501629528145,0.30673079128048103,0.38579276372971655,sad,04,13,13,male,normal,1463
80,2.6693333333333333,True,1.0,0.470036709563234,0.5037037037037031,0.4868702066334686,0.49954192052885843,-0.05254629629629626,-0.051944444444444404,0.3582234921118117,0.2353767740350927,0.18206558918309676,0.97463333230978,0.033666994140469086,0.0006018518518518534,0.008169330742129171,0.6130651935875466,0.12865736746274936,0.10594838162231053,0.0,0.7032971711160932,0.6247423647115097,0.2831768110674585,0.30356058698367616,0.3877256015074243,sad,04,13,13,male,normal,1463
90,3.003,True,1.0,0.45579317290980376,0.4664464064407337,0.46111978967526873,0.4522634694547717,-0.05101851851851846,-0.052222222222222114,0.3626654821210531,0.21196575613600677,0.17858162448846265,1.0195822143919202,0.01065323353092995,0.0012037037037036513,0.010438218228316769,0.6357932100976621,0.12712544740235152,0.10778171641523143,0.0,0.6953960940675487,0.6231484558667217,0.28424168748427636,0.2987998542654446,0.38823897888544495,sad,04,13,13,male,normal,1463
100,3.336666666666667,True,1.0,0.46832957033247896,0.4955903044370912,0.48195993738478504,0.3898304558308076,-0.052592592592592524,-0.052499999999999936,0.36733833480372,0.2086693827860533,0.17858162448846265,1.2363321802490543,0.027260734104612216,9.259259259258856e-05,0.00822475356745325,0.7261471825902615,0.12912510967680224,0.10537781465687396,0.0,0.6412672633104773,0.6216930862266782,0.2841697359399677,0.30339482532907847,0.3884058566181767,sad,04,13,13,male,normal,1463
0,0.0,True,1.0,0.4236781273250208,0.42018526524645805,0.42193169628573945,0.46506100310741444,-0.05805555555555558,-0.054166666666666696,0.3596772847369747,0.21815270333038508,0.19031786964211186,0.9072609689191389,0.003492862078562753,0.003888888888888886,0.030537227336913435,0.6986074964205186,0.12975329667765143,0.10460334493816714,0.0,0.6254433962465643,0.6197406374659239,0.28732541051280336,0.3102023206179822,0.38818079829696905,sad,04,13,13,male,strong,1464
10,0.33366666666666667,True,1.0,0.45215249701611987,0.44773104661218754,0.44994177181415373,0.4908675186535596,-0.058750000000000024,-0.053888888888888875,0.35140713686523395,0.21644074876320066,0.18894704285044794,0.9166256774299012,0.0044214504039323255,0.004861111111111149,0.03183334503258273,0.6785748166659823,0.12707903862048214,0.10783643036516544,0.0,0.7831108902765223,0.6177224081976541,0.2842071242163662,0.3095604624785964,0.3965364562096106,sad,04,13,13,male,strong,1464
20,0.6673333333333333,True,1.0,0.45972508478926116,0.46494452200321773,0.46233480339623945,0.8003027097831112,-0.06013888888888902,-0.0557407407407407,0.33922035232213404,0.34810994887788277,0.18683863413534252,0.5776999099772335,0.005219437213956568,0.0043981481481483176,0.02718937566886985,0.4064734305429596,0.12685932645089956,0.10809481515326294,0.0,0.7016641270809819,0.622076643196341,0.2885369803449189,0.30925953124696304,0.3958496377846714,sad,04,13,13,male,strong,1464
30,1.0010000000000001,True,1.0,0.4744122470510258,0.43904251414288287,0.45672738059695434,0.9311506032138489,-0.06101851851851853,-0.05509259259259258,0.3571029760787464,0.42311199587462467,0.1889292754835563,0.4904978625590407,0.03536973290814294,0.005925925925925946,0.026916139428630376,0.3496458833949124,0.12671727001861818,0.10826131003107796,0.0,0.8264357782152516,0.6238860937968939,0.2872519502583685,0.3213022927333123,0.4129094847230488,sad,04,13,13,male,strong,1464
40,1.3346666666666667,True,1.0,0.4450072478760822,0.44805332096655603,0.44653028442131915,0.9342774851883179,-0.059629629629629644,-0.053379629629629666,0.3318097434193715,0.3915360449021253,0.18476351959133738,0.47794182295992516,0.003046073090473833,0.006249999999999978,0.03324656165694643,0.37173110438116336,0.12646517284699574,0.10855568998146814,0.0,0.6536938368971819,0.6195747912368071,0.28892003136473443,0.3134183334514298,0.39531840076755226,sad,04,13,13,male,strong,1464
50,1.6683333333333334,True,1.0,0.44445989029348665,0.4461502778583983,0.4453050840759425,0.5726850686400093,-0.0588425925925925,-0.05319444444444449,0.34294161606386275,0.3009016026802969,0.18754068568996568,0.7775741126504939,0.0016903875649116329,0.005648148148148013,0.031751858412332946,0.5484482507086824,0.12618946151400867,0.10887606519910584,0.0,0.7567663890254739,0.6196251668870674,0.28747607525257957,0.306892403192038,0.39368412420255305,sad,04,13,13,male,strong,1464
60,2.0020000000000002,True,1.0,0.42218817823753546,0.4074797794185156,0.41483397882802553,0.7982036662214976,-0.05652777777777779,-0.05273148148148149,0.3405143103832032,0.2880995735097161,0.18752603985846872,0.5197094380582701,0.014708398819019863,0.0037962962962962976,0.03316257791322426,0.4064734305429596,0.12686391737374134,0.10791302188184834,0.0,0.8742348644369659,0.6183269996748699,0.2886074303612975,0.31251792271001494,0.3937477127542867,sad,04,13,13,male,strong,1464
70,2.3356666666666666,True,1.0,0.4674296879134846,0.45289941270123985,0.46016455030736225,0.8733231977000138,-0.05805555555555558,-0.05254629629629631,0.33046566465816324,0.36764343113178566,0.18820457916060043,0.5269120888111672,0.014530275212244759,0.005509259259259269,0.03270840218234243,0.37492698203147923,0.12710283264246056,0.10780838420480009,0.0,0.7264265837084837,0.6222539012558148,0.2875985423779286,0.30855184678591824,0.38850838917184005,sad,04,13,13,male,strong,1464
80,2.6693333333333333,True,1.0,0.47975530276820577,0.4600415936616447,0.4698984482149252,0.4097160044157998,-0.05851851851851847,-0.05416666666666664,0.3705154311768153,0.2048220015042948,0.18615210035902052,1.146888193652424,0.01971370910656106,0.004351851851851829,0.035615845024612285,0.6781649932894123,0.1263224891744949,0.10854631523765679,0.0,0.655998769323383,0.6201470747517758,0.28749086197088497,0.3034872032619645,0.3912830110048712,sad,04,13,13,male,strong,1464
90,3.003,True,1.0,0.49271337367704987,0.47896849620449805,0.48584093494077396,0.40561924461669285,-0.05925925925925929,-0.05430555555555561,0.35773328013819167,0.19566901078296992,0.18406135556647346,1.19777584862841,0.01374487747255182,0.004953703703703682,0.036619909540948466,0.7179603229443309,0.12807459698669313,0.10665212317376199,0.0,0.6485233343249807,0.6191464673134879,0.2852985006202831,0.3091457712325351,0.3988044494708477,sad,04,13,13,male,strong,1464
0,0.0,True,1.0,0.44987338784710645,0.4272325416474005,0.43855296474725347,0.5573313161375707,-0.06134259259259256,-0.054814814814814816,0.35948870555873164,0.2364919671575269,0.18685496707656818,0.7868801771027735,0.022640846199705966,0.0065277777777777435,0.0501127728931689,0.5638265631263443,0.12773272630372334,0.10706133009506394,0.0,0.6887533249555272,0.6252227886857868,0.28520049704472916,0.31018611639875093,0.3948487272628507,sad,04,13,13,male,strong,1465
10,0.33366666666666667,True,1.0,0.4408862271863304,0.4208706588902991,0.4308784430383148,0.5742152165754737,-0.060694444444444495,-0.05356481481481473,0.352744185511841,0.2508226613500614,0.18827388599143427,0.7503779603891444,0.020015568296031294,0.007129629629629763,0.04342094358355914,0.5918021137445213,0.12823929817048965,0.10645402846036386,0.0,0.7742239745042216,0.6196577809483168,0.2852536344367757,0.3137502456588965,0.4050145787277227,sad,04,13,13,male,strong,1465
20,0.6673333333333333,True,1.0,0.45119866633769834,0.3937669670391094,0.4224828166884039,0.8237462866351978,-0.061851851851851825,-0.055185185185185226,0.33219648397182394,0.32906855032057286,0.18615210035902052,0.5128797829415934,0.057431699298588934,0.006666666666666599,0.05365237883365161,0.39999517014181746,0.12824863726462196,0.1064427771646476,0.0,0.6683117476023255,0.6237240047816002,0.285000581245334,0.3105918185388683,0.3933345543082439,sad,04,13,13,male,strong,1465
30,1.0010000000000001,True,1.0,0.34861507556537386,0.326163364009092,0.3373892197872329,0.927797192904016,-0.06115740740740738,-0.05537037037037035,0.35316107473700453,0.40655988242424995,0.1841210342932545,0.36364544144739297,0.02245171155628184,0.005787037037037035,0.05290177618127082,0.3462881544065595,0.12752718344965608,0.10730608208321393,0.0,0.6585285666814614,0.6170707651107318,0.2841193739119149,0.31986030618331773,0.41706961304068435,sad,04,13,13,male,strong,1465
40,1.3346666666666667,True,1.0,0.4357742700325802,0.4247820171184527,0.4302781435755164,0.7822755817902391,-0.05810185185185185,-0.053564814814814954,0.3470971219013458,0.33953331831159617,0.18549729783568353,0.5500339696029167,0.010992252914127476,0.004537037037036895,0.05188367916122968,0.439845486833254,0.1266364585432131,0.10835582650630478,0.0,0.9999999987499999,0.6173625959524436,0.2848258710537964,0.31502835205961255,0.3966085596189783,sad,04,13,13,male,strong,1465
50,1.6683333333333334,True,1.0,0.49955367010642465,0.4645282034790523,0.4820409367927385,0.6589970293081584,-0.061249999999999916,-0.05490740740740735,0.33556032063846236,0.31411088894236483,0.18685496707656812,0.7314766461068944,0.035025466627372326,0.006342592592592566,0.047425548706920666,0.4474353869283669,0.12770123730851132,0.10709888776466121,0.0,0.7071067807446058,0.6187985764071253,0.28582628162992874,0.3099582959032831,0.39485146766801626,sad,04,13,13,male,strong,1465
60,2.0020000000000002,True,1.0,0.4434600568827008,0.4480533209665554,0.4457566889246281,0.8198601383652594,-0.06013888888888885,-0.0539351851851852,0.3460460062479939,0.2997495703195064,0.18825281292985535,0.5436984530232608,0.004593264083854631,0.006203703703703656,0.04166508075903568,0.3849523031450662,0.12588081762301467,0.1092327676338634,0.0,0.9999999987499999,0.6189259389068127,0.2880240354933207,0.3116627210105815,0.3959708591249998,sad,04,13,13,male,strong,1465
70,2.3356666666666666,True,1.0,0.4707747110783596,0.4660552081668267,0.46841495962259316,0.8383048641891166,-0.061111111111111116,-0.05430555555555561,0.3364963754846612,0.373941534455196,0.18891473730410502,0.5587644538788236,0.004719502911532891,0.006805555555555509,0.04706276218955066,0.38180585751926716,0.12788498234861007,0.10687941364234463,0.0,0.6540819513034052,0.6206803740558723,0.2853330441558176,0.31259592142105513,0.39170252480117296,sad,04,13,13,male,strong,1465
80,2.6693333333333333,True,1.0,0.4552633447633811,0.44108986728913524,0.4481766060262582,0.4447139557473674,-0.05958333333333332,-0.051712962962963016,0.3637608128976733,0.19408318828414434,0.18684639246044404,1.0077862415472696,0.014173477474245855,0.007870370370370305,0.05165528494324985,0.634325358783351,0.12918456744948995,0.10530491585708862,0.0,0.8088572634443443,0.6201439674307223,0.28325308904656565,0.3108967872585658,0.3930221956710114,sad,04,13,13,male,strong,1465
90,3.003,True,1.0,0.46211338596599866,0.43389255515306613,0.4480029705595324,0.4442351206506077,-0.059537037037036944,-0.05282407407407408,0.3613538458710477,0.22180935803902194,0.18407793493135666,1.008481656973466,0.02822083081293253,0.006712962962962865,0.048177074111612574,0.6853065282906857,0.12646001860580428,0.10856169427921246,0.0,0.6925899807597182,0.6229139149018983,0.28354919003813467,0.3089943505385775,0.39532478880466776,sad,04,13,13,male,strong,1465
0,0.0,True,1.0,0.4297338425888807,0.4109836410218618,0.42035874180537125,0.4740184781468682,-0.05773148148148144,-0.0531018518518519,0.36455019525942145,0.20866938278605324,0.18335372349028448,0.886798218180703,0.018750201567018898,0.004629629629629539,0.03765461201199464,0.6793686965954255,0.1297095416499101,0.10465759683805458,0.0,0.6822961289499438,0.6197683723958334,0.282830211612518,0.31241776148321093,0.3951663754999564,sad,04,13,13,male,strong,1466
10,0.33366666666666667,True,1.0,0.4077808400504704,0.42953888659680584,0.41865986332363814,0.4747079844846775,-0.05986111111111109,-0.054120370370370374,0.36169052339481167,0.21593867661810476,0.18335996492176557,0.8819313704573923,0.021758046546335452,0.005740740740740713,0.03432510655310264,0.6958164420840087,0.12857606573779418,0.10604703244391445,0.0,0.6565652325611792,0.6198605708689726,0.282331110223209,0.30945168143424734,0.39609416607160997,sad,04,13,13,male,strong,1466
20,0.6673333333333333,True,1.0,0.4435520988706879,0.4228812555040899,0.4332166771873889,0.45042229789187543,-0.06009259259259253,-0.054675925925925906,0.3586247531343404,0.24571804673357955,0.18335996492176562,0.961801134657377,0.020670843366598024,0.005416666666666625,0.04265895634784249,0.7041588314326568,0.1275767070546523,0.10724719850758187,0.0,0.7233143657693387,0.6181721677577281,0.28556033309904993,0.3094306977186916,0.3967589636354728,sad,04,13,13,male,strong,1466
30,1.0010000000000001,True,1.0,0.45153077215182963,0.441788664789283,0.4466597184705563,0.9621402896808202,-0.05814814814814806,-0.052453703703703725,0.3263910360438368,0.395312463532091,0.18339324896887862,0.46423554159521885,0.009742107362546604,0.005694444444444335,0.0406368444575886,0.38201851465949044,0.12649466236445583,0.10852132584761041,0.0,0.8319589299439455,0.6190143180240847,0.2868687014003445,0.3119659524793564,0.39883320117706944,sad,04,13,13,male,strong,1466
40,1.3346666666666667,True,1.0,0.44397515838373786,0.4295388865968052,0.43675702249027154,0.9474136274565632,-0.05759259259259264,-0.05217592592592596,0.33719398106915444,0.3981187311934527,0.18753295608809842,0.46099930361229247,0.01443627178693263,0.005416666666666681,0.04523815681594888,0.37596688677721496,0.12727327904525107,0.10742991326472369,0.0,0.9999999987499999,0.6184763455929246,0.2865960043345166,0.31633271588319434,0.4038173199162705,sad,04,13,13,male,strong,1466
50,1.6683333333333334,True,1.0,0.45892517780221803,0.44827120037948814,0.4535981890908531,0.9708806141682849,-0.060046296296296264,-0.053796296296296287,0.3566077661667607,0.3936536571641128,0.18683863413534246,0.4672028491159366,0.010653977422729888,0.006249999999999978,0.04522527308410806,0.34241355883569763,0.12573693586595958,0.10939835798294512,0.0,0.7900286800209012,0.6201009824085885,0.2867301860885049,0.3188327866049843,0.4122440313257008,sad,04,13,13,male,strong,1466
60,2.0020000000000002,True,1.0,0.44355209887068875,0.4276807774204378,0.4356164381455633,0.8431617435489166,-0.058425925925925826,-0.05305555555555552,0.3420391772085488,0.3471969219219655,0.1868202578696493,0.5166463510453266,0.01587132145025094,0.005370370370370303,0.040783999684388034,0.3946463937606049,0.1264579919772086,0.10856405498869094,0.0,0.9999999987499999,0.6178056149491047,0.28579266285021576,0.31441972384380895,0.39867393222340114,sad,04,13,13,male,strong,1466
70,2.3356666666666666,True,1.0,0.45866017227078393,0.45194930187388344,0.45530473707233365,0.8688376168067542,-0.05787037037037024,-0.05259259259259258,0.3263910360438364,0.3643075644315353,0.18546644821245536,0.5240389323216906,0.006710870396900492,0.005277777777777659,0.0419623081490891,0.39304857952250105,0.12782249680303434,0.1069541354115453,0.0,0.6667625704398273,0.6166585132334184,0.2854484113578772,0.3118271282974359,0.39243619657710177,sad,04,13,13,male,strong,1466
80,2.6693333333333333,True,1.0,0.4927133736770488,0.4622127778479422,0.47746307576249547,0.5666375288977785,-0.05842592592592588,-0.054675925925925906,0.3573407027954599,0.2543589073632079,0.18265935656628304,0.842625225849857,0.030500595829106636,0.0037499999999999756,0.042590265096065866,0.5616685912866218,0.12712128676021286,0.10760972202984416,0.0,0.9999999987499999,0.6232985367740846,0.2832011868674851,0.3124227091173332,0.3975198624328946,sad,04,13,13,male,strong,1466
90,3.003,True,1.0,0.470731873045175,0.4649445220032168,0.46783819752419586,0.47798270100149126,-0.05912037037037032,-0.05407407407407405,0.3611817533373833,0.23167701549166175,0.18265392658968602,0.9787764212888036,0.005787351041958211,0.005046296296296271,0.042180171009827884,0.6285903398188424,0.12807973101929448,0.1066459576008125,0.0,0.9999999987499999,0.6186850252132103,0.2836558831138169,0.3104926090133787,0.3990579135596258,sad,04,13,13,male,strong,1466
100,3.336666666666667,True,1.0,0.4301981512937669,0.46494452200321623,0.4475713366484916,0.45263201675778003,-0.05731481481481471,-0.053518518518518576,0.36994951520145486,0.2054733522154395,0.18128409229477535,0.9888194384799858,0.03474637070944936,0.003796296296296131,0.043911240487061166,0.664594670023797,0.1291009142456439,0.10540745567512505,0.0,0.6566262721092574,0.6214284058154512,0.28119309431940126,0.3112424639720276,0.3960580145996143,sad,04,13,13,male,strong,1466
0,0.0,True,1.0,0.45692285542724725,0.47006035835649823,0.46349160689187274,0.42642717927310786,-0.056574074074074054,-0.050509259259259254,0.35581093644666906,0.2128770774238544,0.18061639266197657,1.0869185394841512,0.013137502929250977,0.006064814814814801,0.04254956129218354,0.7554431067960206,0.13064319354319007,0.10348977607472619,0.0,0.6258672273423955,0.6243883870423169,0.28297085070413286,0.3119425314391475,0.393993807465704,sad,04,13,13,male,strong,1467
10,0.33366666666666667,True,1.0,0.47766454976364503,0.49299608019096597,0.4853303149773055,0.4071313916137089,-0.057499999999999996,-0.05175925925925928,0.3612062198674262,0.21695270268662678,0.18342694291325293,1.1920729400247099,0.015331530427320939,0.005740740740740713,0.04399753687216855,0.7765872992430705,0.1281530744106793,0.1065578119615533,0.0,0.6397380126930725,0.6251403990971388,0.2850876884873848,0.30862176193670166,0.3947667055046679,sad,04,13,13,male,strong,1467
20,0.6673333333333333,True,1.0,0.4649848564692046,0.47006035835649707,0.46752260741285084,0.41138946431530915,-0.05740740740740735,-0.05162037037037037,0.35884904773830867,0.23367114422335838,0.18135772660683627,1.1364476924341418,0.005075501887292444,0.0057870370370369795,0.03960139370457442,0.7622167829800471,0.13063199388009783,0.1035039127083549,0.0,0.9999999987499999,0.6217276320450055,0.2843916942838018,0.3132620748517295,0.3955837839451614,sad,04,13,13,male,strong,1467
30,1.0010000000000001,True,1.0,0.45063319806420865,0.4328909925681644,0.4417620953161865,0.8837748139422298,-0.05874999999999997,-0.05305555555555552,0.33121078962600004,0.3802941191192189,0.1806776315495804,0.49985820861496444,0.017742205496044272,0.005694444444444446,0.045975880663397604,0.381108391490023,0.1274655266028583,0.10737931504107118,0.0,0.6794004416134819,0.6276415718318579,0.28488922170204006,0.31626958499990504,0.4035736365551819,sad,04,13,13,male,strong,1467
40,1.3346666666666667,True,1.0,0.4342405285787502,0.4203966506890437,0.4273185896338969,0.6326357208797785,-0.05787037037037046,-0.05305555555555558,0.3574664539658863,0.27380010921741854,0.18132112357228436,0.6754575746049304,0.01384387788970648,0.004814814814814883,0.04856564596566865,0.5123415292108474,0.12660232748675238,0.10839570307747216,0.0,0.6019432281115938,0.6246312207539266,0.2840826804246831,0.31440093942620034,0.4000141492794681,sad,04,13,13,male,strong,1467
50,1.6683333333333334,True,1.0,0.42100695727444754,0.4200604124468509,0.42053368486064924,0.5335329912078356,-0.058009259259259205,-0.053009259259259256,0.34130161919317586,0.2807314354029341,0.18548619256239368,0.7882055876406564,0.0009465448275966515,0.004999999999999949,0.04993953262420454,0.5945318193988935,0.13002624997259998,0.10426385801944278,0.0,0.6262502976314299,0.621667971032163,0.28367054278298187,0.3178198618795404,0.39856591301446037,sad,04,13,13,male,strong,1467
60,2.0020000000000002,True,1.0,0.43018942765351265,0.4179282278261767,0.4240588277398447,0.7073077651065381,-0.05879629629629629,-0.05203703703703705,0.35343340058866873,0.2595538521821225,0.18478168750979096,0.5995393358589396,0.012261199827335922,0.006759259259259243,0.04324453542277492,0.46275971829293905,0.1271230410106096,0.10778455462117226,0.0,0.6247196518782804,0.6211520904377377,0.2872615163416167,0.3162731170114615,0.40310865792009026,sad,04,13,13,male,strong,1467
70,2.3356666666666666,True,1.0,0.45172164539841125,0.4362530202649846,0.4439873328316979,0.5838577303151614,-0.05874999999999997,-0.05523148148148149,0.3516167765102926,0.2772712315320934,0.178506845034242,0.7604375343151444,0.015468625133426672,0.0035185185185184764,0.04623321690759301,0.5228319298042617,0.12745533423626482,0.10739141281007247,0.0,0.9865247378506096,0.6219527683026335,0.28442416409056215,0.3128269251949285,0.39864365336756,sad,04,13,13,male,strong,1467
80,2.6693333333333333,True,1.0,0.44445989029348665,0.4598179135681426,0.45213890193081463,0.42771360921790347,-0.059583333333333266,-0.054629629629629584,0.38091916743250764,0.22690756868878734,0.17853376924601208,1.0571066531120534,0.015358023274655963,0.004953703703703682,0.04804883995480464,0.687434797345764,0.1304172780524092,0.1037743289855694,0.0,0.8096228364889713,0.619147966639781,0.2827514602993696,0.31538261500258885,0.39646299347843755,sad,04,13,13,male,strong,1467
90,3.003,True,1.0,0.45873569894779753,0.4598179135681425,0.45927680625797,0.41731259058074704,-0.05879629629629629,-0.05342592592592593,0.3669386359074833,0.22915967337513915,0.17711090471635124,1.1005582305073136,0.0010822146203449678,0.005370370370370359,0.037676835083976686,0.7144826705105866,0.12794096509751743,0.10681239263534685,0.0,0.918470374040053,0.6219750275031889,0.28447452523515393,0.3135263372035201,0.4025118451966193,sad,04,13,13,male,strong,1467
0,0.0,True,1.0,0.5780182703583036,0.5596833257648379,0.5688507980615707,0.46612909497951993,-0.050694444444444486,-0.051018518518518574,0.33684540309413596,0.20184740039780893,0.19307491897578208,1.220371790107983,0.01833494459346563,0.0003240740740740877,0.017493477930215058,0.6753478569596549,0.12927505373527154,0.10519381280573738,0.0,0.6602368273112602,0.6072140344887955,0.2910523919184356,0.29963283587208983,0.39562378240246543,angry,05,13,13,male,normal,1468
10,0.33366666666666667,True,1.0,0.5036224080953952,0.4723559169561589,0.48798916252577706,0.4452543022289827,-0.04935185185185176,-0.05023148148148143,0.342306260665061,0.18410468160602858,0.1924007688575171,1.095978545480324,0.03126649113923624,0.0008796296296296746,0.021507790242806836,0.7011459209385381,0.1284303351611791,0.10622347565928407,0.0,0.7913607601249489,0.6082376012827007,0.28978993923760654,0.29693026347647844,0.39471406624934957,angry,05,13,13,male,normal,1468
20,0.6673333333333333,True,1.0,0.48281095618502895,0.48798294703943973,0.48539695161223434,0.5134754038907402,-0.04847222222222214,-0.05009259259259252,0.3467884287294589,0.19608746142370573,0.19032628786065,0.9453168504942049,0.0051719908544107795,0.0016203703703703831,0.023035067135135777,0.6141961826398679,0.1274730018041192,0.10737044091155461,0.0,0.7739697191649576,0.6100674860725541,0.29032300262493543,0.2961875968872142,0.39241655587435614,angry,05,13,13,male,normal,1468
30,1.0010000000000001,True,1.0,0.527207855198688,0.5108584721479534,0.5190331636733208,0.8321140051179262,-0.048148148148147996,-0.047731481481481486,0.380000557485223,0.2495355277938997,0.1930571363157205,0.6237524671871902,0.016349383050734523,0.00041666666666650976,0.00895827979390233,0.37816910948941895,0.12707981382797914,0.10783551682107656,0.0,0.9420940251875245,0.6157820602850514,0.28988393329181944,0.30652282032253847,0.41250591268059256,angry,05,13,13,male,normal,1468
40,1.3346666666666667,True,1.0,0.5029591967756373,0.4871061351854496,0.4950326659805434,0.6781606389128766,-0.04722222222222211,-0.048981481481481515,0.36414985011188306,0.2307145352729969,0.18750651030364252,0.72996372478076,0.015853061590187678,0.0017592592592594047,0.010799094542334377,0.45894894949595827,0.12736895710323357,0.10749384418186908,0.0,0.8031919225169298,0.6085324944821678,0.2918800078205487,0.30604289531581175,0.40649718828459935,angry,05,13,13,male,normal,1468
50,1.6683333333333334,True,1.0,0.5737621155213284,0.5440349800641405,0.5588985477927344,1.0544688471321337,-0.050787037037037075,-0.051666666666666694,0.33695164065988,0.3953041138497449,0.18891473730410502,0.530028506117355,0.02972713545718786,0.0008796296296296191,0.015663031537315606,0.3173214174651837,0.12603407004064401,0.10905590749388314,0.0,0.8642737471242983,0.6133154799966862,0.29002999545275376,0.3028934934339928,0.4081732245705537,angry,05,13,13,male,normal,1468
60,2.0020000000000002,True,1.0,0.5150515910463676,0.5029591967756384,0.509005393911003,0.8338151924347288,-0.04930555555555555,-0.05074074074074081,0.3584459091529756,0.28512764006001967,0.18685496707656818,0.6104534896092674,0.012092394270729168,0.0014351851851852615,0.015083510446631986,0.36874378295713617,0.13138666078285682,0.1025442496650755,0.0,0.6733212466171735,0.5661071429431148,0.2596176120177037,0.32495480788694653,0.37386853317074814,angry,05,13,13,male,normal,1468
70,2.3356666666666666,True,1.0,0.561977091533054,0.5522543206991989,0.5571157061161265,0.9954114084465742,-0.04916666666666669,-0.05124999999999991,0.31237392919277296,0.3731317308251276,0.19098660378297827,0.5596838667798211,0.009722770833855088,0.002083333333333215,0.017469177336094384,0.3296834092548404,0.1265936006220683,0.10840589491326423,0.0,0.8053927278829017,0.6045888711656537,0.29115935948262006,0.30054367641208285,0.3946782610975107,angry,05,13,13,male,normal,1468
80,2.6693333333333333,True,1.0,0.5473181692952759,0.5462478826176278,0.5467830259564519,0.649096249732097,-0.04967592592592596,-0.04981481481481487,0.3437145283418758,0.21117111230245095,0.19030343754396392,0.8423758821316976,0.0010702866776480802,0.0001388888888889106,0.015297890986741947,0.4627777215775891,0.12725473567707027,0.10762903891743211,0.0,0.788924131172197,0.609656923746061,0.289162870366251,0.29682181207393654,0.3934672256306174,angry,05,13,13,male,normal,1468
90,3.003,True,1.0,0.5770060337882231,0.5377437904077299,0.5573749120979765,0.5404341033877124,-0.049490740740740724,-0.05148148148148152,0.3459321448936231,0.19506153790691713,0.19031786964211186,1.0313466685467676,0.03926224338049322,0.001990740740740793,0.021378753610493326,0.5683618832683139,0.1274684411785195,0.10737585517306279,0.0,0.7947029494510364,0.6126609288793643,0.28903873226323845,0.297870997137593,0.397753368905513,angry,05,13,13,male,normal,1468
100,3.336666666666667,True,1.0,0.5622233160748229,0.5530386792786584,0.5576309976767406,0.514353833968789,-0.048888888888888815,-0.05046296296296299,0.3439936108332475,0.20397764647095312,0.1861443130964601,1.084138895930885,0.009184636796164547,0.001574074074074172,0.01675304906607923,0.5977502640067195,0.1284836806348331,0.1061589448947796,0.0,0.8462369279199438,0.6122318582667442,0.28885096058570586,0.3008632834710395,0.395348493400695,angry,05,13,13,male,normal,1468
0,0.0,True,1.0,0.5716000894193455,0.5757481849244147,0.5736741371718801,0.4430101147642558,-0.047685185185185164,-0.05009259259259263,0.35428356593289484,0.17707958056758805,0.1889292754835563,1.294945912187933,0.004148095505069227,0.002407407407407469,0.01620046760309857,0.6778077753433303,0.12940758829811086,0.10503072817896404,0.0,0.7727247802025871,0.6136722330963635,0.28873914107718807,0.3037224836261154,0.39644719912196646,angry,05,13,13,male,normal,1469
10,0.33366666666666667,True,1.0,0.5768890746337554,0.5560519924766184,0.566470533555187,0.450195242057015,-0.050046296296296255,-0.050787037037037075,0.3474480218843236,0.17230247017708628,0.18961592732921567,1.2582774774937453,0.020837082157136977,0.0007407407407408195,0.021255025659400996,0.6399647157007311,0.1274157970274725,0.10743831922742222,0.0,0.8108340796892817,0.61554345259979,0.288770122508822,0.300227719948916,0.3995314916683007,angry,05,13,13,male,normal,1469
20,0.6673333333333333,True,1.0,0.5777647118571584,0.5609983746287106,0.5693815432429346,0.44645318515950044,-0.049259259259259225,-0.04986111111111108,0.3509694898038309,0.156011993883063,0.18891473730410502,1.2753443410634793,0.01676633722844778,0.0006018518518518534,0.016113778263659347,0.6772136644588981,0.12930922912962156,0.10515179995021179,0.0,0.7270066464133788,0.6145512787849515,0.2885120964425386,0.30343556302038394,0.3976001118989792,angry,05,13,13,male,normal,1469
30,1.0010000000000001,True,1.0,0.5422669338487681,0.5270433893285522,0.5346551615886601,0.7235564669222354,-0.04986111111111108,-0.049398148148148135,0.37334358691437103,0.2643145515290005,0.19028780153576588,0.7389266574631036,0.015223544520215904,0.0004629629629629428,0.00553163749522179,0.4558453500515517,0.12691666242918714,0.10802748987376641,0.0,0.7807349490850536,0.6161305625218838,0.28925585351994176,0.3132709643372116,0.4204576190316317,angry,05,13,13,male,normal,1469
40,1.3346666666666667,True,1.0,0.5480378121888649,0.54816257514267,0.5481001936657675,1.0302592608961572,-0.0490740740740741,-0.048518518518518405,0.3469672063576775,0.3635711628778153,0.1902841930437192,0.5320022002898667,0.00012476295380503544,0.0005555555555556979,0.004634659738027306,0.3239039025117495,0.12605346955664906,0.10903348377096131,0.0,0.8593739417569154,0.6128676884503802,0.29251752694941385,0.3117513429041228,0.4238914243414267,angry,05,13,13,male,normal,1469
50,1.6683333333333334,True,1.0,0.5866317678076317,0.5927159208382431,0.5896738443229375,1.1047629237031515,-0.051712962962963016,-0.05101851851851841,0.3418127174022441,0.4295775904140652,0.18751464786534006,0.5337560047239439,0.006084153030611383,0.0006944444444446085,0.004034340664760656,0.29813532196694625,0.12629964054645065,0.10874823478276516,0.0,0.6995026547053502,0.6148617542016807,0.29148643642509287,0.31142686225355765,0.4208489735462104,angry,05,13,13,male,normal,1469
60,2.0020000000000002,True,1.0,0.5879242811247588,0.5479076927335413,0.5679159869291501,0.8173766190680751,-0.05175925925925923,-0.051203703703703696,0.3539908893093728,0.37888627085886567,0.18680718920315206,0.6948033179327476,0.04001658839121747,0.0005555555555555314,0.00651580721077326,0.4004340481959934,0.12642813826408605,0.10859881963259474,0.0,0.7880989634698394,0.6130614750744048,0.29210846234324933,0.2987707780709899,0.4003575274230624,angry,05,13,13,male,normal,1469
70,2.3356666666666666,True,1.0,0.5479076927335413,0.5629629629629633,0.5554353278482523,1.1717106965419022,-0.05046296296296299,-0.05055555555555563,0.29715762976261784,0.5237001553421483,0.19097861416070608,0.4740379425463315,0.015055270229421991,9.259259259264407e-05,0.004388940619533238,0.2731379041363129,0.1260153903852086,0.10907749152043239,0.0,0.7351481557809834,0.6018409488639206,0.2951617627579292,0.2987553586043391,0.39902073672059657,angry,05,13,13,male,normal,1469
80,2.6693333333333333,True,1.0,0.5487918020918209,0.587548525129417,0.5681701636106189,0.6853502723042476,-0.04939814814814808,-0.048611111111111105,0.35089832736182053,0.21601817493102357,0.18819809300513313,0.829021577098595,0.03875672303759614,0.000787037037036975,0.002219363990785742,0.4407208837620237,0.12916887575926791,0.1053241629730595,0.0,0.8404040523297155,0.6121325067917792,0.2895669425805728,0.30209315519768115,0.3972666249144106,angry,05,13,13,male,normal,1469
90,3.003,True,1.0,0.5780182703583029,0.5628461282086915,0.5704321992834972,0.5916133214407738,-0.050324074074073966,-0.05087962962962961,0.3535555049925842,0.2070441916174401,0.18889898634705443,0.9641976923276616,0.015172142149611378,0.0005555555555556424,0.005636734449228407,0.5226577053949335,0.12683647256284164,0.10812163057539889,0.0,0.725657394471104,0.6139650431500726,0.29109342583189995,0.3008835674108355,0.40215447816056116,angry,05,13,13,male,normal,1469
100,3.336666666666667,True,1.0,0.5880719665599701,0.5627160087533667,0.5753939876566684,0.5511419199739184,-0.049398148148148247,-0.05041666666666672,0.34146220802412613,0.20667821999021896,0.18820093072565572,1.0440033080479483,0.02535595780660338,0.0010185185185184742,0.002745237088242093,0.563185453415012,0.12804200648079692,0.10669124775271632,0.0,0.7753774138266586,0.6146027676070428,0.29152545605727875,0.3016415258010962,0.3991309477641261,angry,05,13,13,male,normal,1469
0,0.0,True,1.0,0.5319560483456525,0.542846483896148,0.5374012661209002,0.4798268797342412,-0.055185185185185115,-0.049537037037037046,0.3483964156211359,0.2094072592949091,0.1876626898353799,1.1199899147345547,0.010890435550495514,0.005648148148148069,0.031512627470509987,0.6343253587833532,0.12735128425102493,0.10751478117081593,0.0,0.8960668239602075,0.6134680400441427,0.2898464986303347,0.2990896192195475,0.39820149265231114,angry,05,13,13,male,normal,1470
10,0.33366666666666667,True,1.0,0.5557327572325214,0.5514729989379963,0.5536028780852589,0.4690865771450626,-0.05449074074074073,-0.05101851851851852,0.3441262012606287,0.18886819117680748,0.18831156847136002,1.1801720728283813,0.004259758294525073,0.00347222222222221,0.03751425257778811,0.6374055550890615,0.13007292227595024,0.10420562682259224,0.0,0.7671126342884127,0.6123408015393658,0.2892382297030001,0.30345744758238463,0.3975584348787544,angry,05,13,13,male,normal,1470
20,0.6673333333333333,True,1.0,0.5227524654888874,0.5278327221292134,0.5252925938090505,0.4798268797342416,-0.054907407407407516,-0.05087962962962961,0.34561975378958115,0.22436492067311703,0.18621602556979983,1.0947544124664101,0.005080256640325964,0.004027777777777908,0.037583187110723545,0.6343253587833506,0.12841356299049977,0.10624375092592467,0.0,0.8067047381415244,0.6141358587341187,0.2902612924663772,0.3044780775134388,0.39966654298417964,angry,05,13,13,male,normal,1470
30,1.0010000000000001,True,1.0,0.5083052413760285,0.5432324207746099,0.5257688310753192,1.1074478255957287,-0.05541666666666667,-0.05120370370370375,0.30426491216360224,0.5194735616009811,0.19178167016558628,0.4747572020311591,0.034927179398581365,0.004212962962962918,0.04523797213789094,0.3027825946139202,0.12594148129571303,0.10916281903434596,0.0,0.735420990910841,0.6128931358793517,0.291081539811835,0.3097140642033092,0.412349593553537,angry,05,13,13,male,normal,1470
40,1.3346666666666667,True,1.0,0.5380607383061109,0.5076364494001546,0.5228485938531328,0.9940945081808815,-0.05550925925925926,-0.05087962962962961,0.316836526944447,0.41540517469020166,0.19036797259896426,0.5259546145264463,0.030424288905956276,0.00462962962962965,0.04252148013574306,0.34105804483636354,0.12939091161567623,0.10505127206358034,0.0,0.6716094156042377,0.6112459602825505,0.28926694231382244,0.31539732917273106,0.4147540341840912,angry,05,13,13,male,normal,1470
50,1.6683333333333334,True,1.0,0.55685875692607,0.5890743391898811,0.5729665480579755,1.006503012693288,-0.05777777777777776,-0.05546296296296288,0.3483258266107267,0.38451064157524706,0.19308756342655736,0.5692646130534493,0.03221558226381105,0.0023148148148148806,0.035490683976332274,0.3226694238339081,0.1266122046506475,0.10838416583681115,0.0,0.6970720691892272,0.6194882820159313,0.2892818649711439,0.3175828344070666,0.4238786049603383,angry,05,13,13,male,normal,1470
60,2.0020000000000002,True,1.0,0.5470047088020369,0.5592952085885321,0.5531499586952845,0.9791699265326678,-0.059629629629629644,-0.05555555555555558,0.3455147088856027,0.4065951235522055,0.19517798222610205,0.5649172260161627,0.012290499786495213,0.004074074074074063,0.03338443078567974,0.3204537200416318,0.12374971103126618,0.11164133101087029,0.0,0.7946477272586355,0.6170926323341838,0.29208478739698673,0.3025370415029566,0.40596084742295213,angry,05,13,13,male,normal,1470
70,2.3356666666666666,True,1.0,0.5834163791355963,0.6154257650419905,0.5994210720887934,1.143054320048883,-0.058148148148148115,-0.056296296296296344,0.29196046367929146,0.5356205555144895,0.20001869114320453,0.5244029628120901,0.03200938590639424,0.0018518518518517713,0.029044951296410916,0.27281378092294695,0.12914277920467437,0.10535615952636403,0.0,0.8202819151105047,0.6058910391656663,0.2920303277780638,0.30971644744802534,0.403028732924703,angry,05,13,13,male,normal,1470
80,2.6693333333333333,True,1.0,0.5770788421507246,0.5865065763760662,0.5817927092633954,0.7475474960562707,-0.05722222222222223,-0.053842592592592664,0.3343001332516677,0.28015723264940307,0.19446366956824931,0.778268554617166,0.0094277342253416,0.003379629629629566,0.025933014475234654,0.40990301596464734,0.12772253939042721,0.10707348272241919,0.0,0.7652018090147329,0.6136388683207659,0.2903078073564708,0.30679222581163473,0.40298171858220877,angry,05,13,13,male,normal,1470
90,3.003,True,1.0,0.5654225757996783,0.5915548331926882,0.5784887044961833,0.5875205989932524,-0.0559722222222222,-0.05361111111111111,0.34571128884474556,0.23328349888682445,0.19237538884161803,0.9846271015645311,0.02613225739300995,0.0023611111111110916,0.026748691659830556,0.5331549861375039,0.12618340661014849,0.10888308255513274,0.0,0.8359343763895102,0.6167580386607768,0.29146368501434305,0.3014681580870388,0.40250043053476026,angry,05,13,13,male,normal,1470
100,3.336666666666667,True,1.0,0.5515735633120006,0.5622239992795602,0.5568987812957804,0.566248874224174,-0.05481481481481487,-0.05296296296296288,0.34095503074152994,0.2141573606288475,0.1910297419690029,0.9834876617790996,0.010650435967559657,0.0018518518518519933,0.027810175653612546,0.5470444874962576,0.1293603147621628,0.10508894678080363,0.0,0.8419042281238965,0.6149021629667493,0.2904322779273798,0.3059248959264881,0.4030025571785755,angry,05,13,13,male,normal,1470
0,0.0,True,1.0,0.5568587569260698,0.5540626455476506,0.5554607012368602,0.427660755395513,-0.053333333333333344,-0.04958333333333337,0.3444660761563009,0.22891927640699822,0.18413387926676386,1.2988348690614693,0.002796111378419175,0.0037499999999999756,0.035060635578865615,0.7435611477561699,0.12953806479838567,0.10486976465649991,0.0,0.8357793344920865,0.6167596505399034,0.2903599706249213,0.3036830930168835,0.39979670539760925,angry,05,13,13,male,normal,1471
10,0.33366666666666667,True,1.0,0.5329627009579776,0.5115685502169295,0.5222656255874536,0.4015217885989908,-0.0539351851851852,-0.04884259259259255,0.35245644947703775,0.20058684927822368,0.1834535609125692,1.3007155288129395,0.021394150741048112,0.0050925925925926485,0.03105929151948549,0.7294737347804024,0.12687785544459726,0.1080730658778757,0.0,0.8178555282001471,0.6166477054024735,0.2918789096968341,0.2986662529985607,0.40148116004276185,angry,05,13,13,male,normal,1471
20,0.6673333333333333,True,1.0,0.5269079103343037,0.5369744339971647,0.5319411721657342,0.4087513040265149,-0.05435185185185182,-0.0492129629629629,0.3459008865199794,0.20397764647095315,0.18621602556979983,1.3013809789123714,0.010066523662860982,0.005138888888888915,0.03405219102055957,0.7314921986660644,0.12727438657307366,0.10760580046177365,0.0,0.8221571349925861,0.6148081167076205,0.2907878871536207,0.2999186540444014,0.40096138490280725,angry,05,13,13,male,normal,1471
30,1.0010000000000001,True,1.0,0.5322753060868671,0.5703117253968069,0.551293515741837,1.118413477519338,-0.06643518518518515,-0.06300925925925921,0.3045405658880602,0.4384995785145965,0.20634467524023967,0.4929245997326645,0.03803641930993973,0.0034259259259259434,0.029083699106970912,0.3117313910383194,0.12531810658259687,0.10987788645988315,0.0,0.9453818560560532,0.6153184782272284,0.29522027227892333,0.31608411705571693,0.4217750498720384,angry,05,13,13,male,normal,1471
40,1.3346666666666667,True,1.0,0.5096766874276883,0.49388983551683946,0.5017832614722639,0.6844240921145243,-0.05537037037037035,-0.05152777777777773,0.35716921622661507,0.22564969561098722,0.19035634988781405,0.7331466955261722,0.015786851910848887,0.0038425925925926196,0.03620489787735853,0.45465700704457523,0.1253382492886583,0.10985490901912032,0.0,0.9470530629347871,0.6140785347967312,0.293064453625259,0.3078029980207136,0.41022503030827867,angry,05,13,13,male,normal,1471
50,1.6683333333333334,True,1.0,0.515978467900038,0.5151808628549388,0.5155796653774884,0.4394622033887211,-0.05375000000000002,-0.04939814814814808,0.34495197296949204,0.23484079829827023,0.1904224696420173,1.173205935349663,0.0007976050450991812,0.00435185185185194,0.03560460510826076,0.698995291943934,0.12517749665656908,0.10986477212224086,0.0,0.9470911629690082,0.6161926594700381,0.2902896252434254,0.30123009553880736,0.40334115657223096,angry,05,13,13,male,normal,1471
60,2.0020000000000002,True,1.0,0.5076341475875364,0.5298859112538663,0.5187600294207013,1.124576447699714,-0.05328703703703702,-0.05046296296296299,0.31819800375761953,0.47945116865812215,0.19105050873278595,0.46129369904714684,0.02225176366632986,0.0028240740740740344,0.03535074491654306,0.2977024628245812,0.1298599351620568,0.10447092902153828,0.0,0.6530386354087656,0.5693810603147509,0.25810065649815783,0.338545996985976,0.38392175038233317,angry,05,13,13,male,normal,1471
70,2.3356666666666666,True,1.0,0.54534468960037,0.5536894201286338,0.5495170548645019,1.0023289842318808,-0.05384259259259255,-0.05152777777777784,0.31677478566517486,0.37778279225627437,0.18965133174141804,0.548240212055342,0.008344730528263788,0.002314814814814714,0.02871861105775093,0.31383282025521614,0.12598053781114074,0.10911774311789851,0.0,0.9467416861481057,0.611528629928534,0.29372636246530115,0.29863146201072693,0.400306271879757,angry,05,13,13,male,normal,1471
80,2.6693333333333333,True,1.0,0.5562014516041948,0.5553069917116593,0.555754221657927,0.5198339884512195,-0.05277777777777776,-0.05009259259259263,0.342312631163172,0.20629177542936292,0.18896803849392496,1.0690994317507543,0.0008944598925354486,0.002685185185185124,0.025528278796076186,0.5959878456690569,0.12797131798153297,0.10677602513973782,0.0,0.9544803525813417,0.6143150124112146,0.2916061087639135,0.3011483451903245,0.40030395180390155,angry,05,13,13,male,normal,1471
90,3.003,True,1.0,0.5459891646654692,0.5462478826176277,0.5461185236415484,0.5000060373956293,-0.05495370370370373,-0.05175925925925928,0.3442803496691653,0.1967150454473226,0.18897974658960054,1.092223858907993,0.0002587179521584826,0.003194444444444444,0.028392931348939103,0.6135824179353002,0.12735574199520222,0.10750950074922565,0.0,0.9283216794612811,0.6146174383425247,0.29050247794852296,0.300665749969685,0.4012581702096147,angry,05,13,13,male,normal,1471
100,3.336666666666667,True,1.0,0.5395297321175277,0.5592958882350798,0.5494128101763038,0.46939851477830785,-0.054814814814814816,-0.05212962962962969,0.3478918678216674,0.1967150454473226,0.18827388599143427,1.1704613305727776,0.01976615611755206,0.002685185185185124,0.033522913780023776,0.6535915725092453,0.12722874970447515,0.10765975580102456,0.0,0.9456930896629719,0.6163749164900336,0.29203193182398707,0.29941875404863416,0.40268088051599255,angry,05,13,13,male,normal,1471
0,0.0,True,1.0,0.5604623547176428,0.5607431915625382,0.5606027731400904,0.433054799652315,-0.0529629629629631,-0.04708333333333331,0.34188124469479847,0.18578985878684323,0.19334343563495973,1.2945307928469545,0.0002808368448953269,0.00587962962962979,0.05395875693891299,0.7217037099181389,0.12859178559416307,0.10602797012338523,0.0,0.6836985139304528,0.6106720123127376,0.2873352447077533,0.29714495888775627,0.39560003753985507,angry,05,13,13,male,strong,1472
10,0.33366666666666667,True,1.0,0.5499464204162895,0.5317072116473385,0.5408268160318139,0.44503737182072334,-0.05425925925925934,-0.047546296296296364,0.3441282902138035,0.18426982218302512,0.19341090101756594,1.2152391018740736,0.01823920876895102,0.006712962962962976,0.05290351267420381,0.7149731080860476,0.12764899203957744,0.10716115248507818,0.0,0.7028874209973178,0.6110749562012305,0.28665298684793566,0.29979675994461624,0.3972485786011226,angry,05,13,13,male,strong,1472
20,0.6673333333333333,True,1.0,0.5585199711895028,0.5406837873734882,0.5496018792814955,0.7362103103596654,-0.05342592592592604,-0.047175925925925954,0.33132038824268034,0.2679504356947649,0.19063830102477278,0.7465283649898832,0.017836183816014595,0.006250000000000089,0.051658289533399286,0.4257492811368294,0.12748786274604915,0.1073527951337091,0.0,0.7031223327422296,0.6118773278920943,0.28869451014488867,0.3013128847681621,0.39639654026861115,angry,05,13,13,male,strong,1472
30,1.0010000000000001,True,1.0,0.5438164169580492,0.5277039510256394,0.5357601839918442,1.0361479785233558,-0.05990740740740752,-0.05402777777777784,0.398019283897939,0.39608275733000614,0.19956415983179726,0.5170691784346976,0.01611246593240978,0.005879629629629679,0.03968649692737194,0.3212050653140061,0.126476281661874,0.10854274709742776,0.0,0.7153951040105161,0.614947737532513,0.28918233651562386,0.3171778367065177,0.43081030836335643,angry,05,13,13,male,strong,1472
40,1.3346666666666667,True,1.0,0.5422341192534047,0.5326811319637454,0.537457625608575,1.1744705325615667,-0.054305555555555496,-0.048472222222222305,0.3340459127513669,0.48000435380073125,0.1884087787601568,0.45761695224175497,0.009552987289659254,0.0058333333333331905,0.04526594375274641,0.2703444638259659,0.1292344550633216,0.10524368577335842,0.0,0.6925020149900397,0.5752906819055749,0.2642755996290865,0.33511861239913093,0.38506971453566236,angry,05,13,13,male,strong,1472
50,1.6683333333333334,True,1.0,0.4931937727539302,0.48651280339321323,0.48985328807357176,1.1596954900054157,-0.053240740740740755,-0.04939814814814819,0.3764581755509485,0.43779838814014493,0.18629180588200323,0.4223982004718188,0.006680969360716993,0.003842592592592564,0.04363194311133779,0.2831084963745859,0.1294340204522296,0.10499815293758853,0.0,0.64809661145402,0.5779080467108718,0.2625252163787894,0.33184974510528237,0.3912093763737436,angry,05,13,13,male,strong,1472
60,2.0020000000000002,True,1.0,0.47865497090938347,0.4925397601100518,0.48559736550971766,0.7518515570363304,-0.052777777777777646,-0.04675925925925928,0.36865081562772944,0.3276525652411155,0.18571638821074307,0.6458686704378973,0.013884789200668324,0.006018518518518368,0.04925946073123724,0.4406977522139042,0.12414983644329279,0.11119620443766094,0.0,0.8059375521435185,0.6248607025622749,0.2901247322117708,0.3078835830985314,0.40896564698231425,angry,05,13,13,male,strong,1472
70,2.3356666666666666,True,1.0,0.612125435937469,0.6192969047921348,0.6157111703648019,1.6951712534321284,-0.05490740740740735,-0.05097222222222225,0.2550410722008207,0.6280867586953157,0.19468952053705738,0.363214730734846,0.007171468854665797,0.003935185185185097,0.04114054870169083,0.1592272874121029,0.12479774386768364,0.11046855161435179,0.0,0.8557200493990322,0.6060865159188675,0.29089031237083895,0.3060885359732155,0.4073797242612712,angry,05,13,13,male,strong,1472
80,2.6693333333333333,True,1.0,0.568694204429211,0.5657500712240406,0.5672221378266258,0.8070707868790433,-0.05268518518518511,-0.04814814814814822,0.3437971102491561,0.23447785774314012,0.19410407414982944,0.702815845955822,0.002944133205170396,0.004537037037036895,0.0400923441744085,0.35152005028356503,0.12706281725609975,0.10785554339656231,0.0,0.9339548951910783,0.6049620320081159,0.2864649404921152,0.29863916701368787,0.3976447463524886,angry,05,13,13,male,strong,1472
90,3.003,True,1.0,0.5589191614582779,0.5540648960914574,0.5564920287748676,0.5292353592705066,-0.05268518518518528,-0.04768518518518522,0.34211933750027046,0.18356072234863643,0.19260883806186532,1.0515019811637896,0.004854265366820543,0.00500000000000006,0.04666962707302277,0.5469794131398565,0.12682758319923837,0.10813205773625084,0.0,0.7519082547142966,0.6141949764671494,0.2861000983731643,0.29773077377479656,0.4028378177797717,angry,05,13,13,male,strong,1472
100,3.336666666666667,True,1.0,0.5671866637064658,0.5824035972816386,0.5747951304940522,0.5590019255160079,-0.052870370370370456,-0.04907407407407399,0.3446702280727673,0.19824558013652738,0.193229756483389,1.0282525055051748,0.015216933575172842,0.003796296296296464,0.04044742241515641,0.519848126491969,0.12765215650529976,0.10715738290041465,0.0,0.807375088144628,0.6152856701743198,0.28535218646911864,0.29966858693525505,0.4012070794387193,angry,05,13,13,male,strong,1472
0,0.0,True,1.0,0.582185642947289,0.571777674342229,0.576981658644759,0.39311677048745813,-0.05328703703703702,-0.0499074074074074,0.3548038011835768,0.18911435447246625,0.18265935656628293,1.4677106192374128,0.010407968605059992,0.0033796296296296213,0.035160574275461876,0.7294737347804047,0.1283224417273135,0.10635379034074206,0.0,0.789921065387023,0.6241087060136555,0.28531656833584185,0.30225444578966765,0.4009888513412043,angry,05,13,13,male,strong,1473
10,0.33366666666666667,True,1.0,0.5560845548540472,0.571777674342229,0.563931114598138,0.42920237559333896,-0.055046296296296315,-0.05166666666666664,0.36238338707183987,0.18569415414852403,0.18406135556647352,1.3139049237985858,0.01569311948818186,0.003379629629629677,0.03488326012889349,0.6772136644588967,0.12931214929914908,0.10514820880336224,0.0,0.736436243850833,0.6256579047634678,0.2840190055284414,0.3052354768928142,0.40286292925368855,angry,05,13,13,male,strong,1473
20,0.6673333333333333,True,1.0,0.5365254635011364,0.5864264430892949,0.5614759532952156,0.3513810149050934,-0.053009259259259256,-0.051157407407407374,0.3688808738286937,0.14743082804014776,0.18336703828728795,1.597912037014487,0.049900979588158534,0.0018518518518518823,0.031450795878464215,0.8101671735084748,0.1266638923497776,0.1083237561449754,0.0,0.7601221607302245,0.625326900197579,0.2847348933666265,0.30027460004507955,0.3996400477040965,angry,05,13,13,male,strong,1473
30,1.0010000000000001,True,1.0,0.4935253136112988,0.49053669462907634,0.4920310041201876,1.0933415574722924,-0.05379629629629623,-0.048842592592592604,0.3975437349773222,0.4692369302460128,0.19040764478510805,0.45002497230391486,0.0029886189822224685,0.004953703703703627,0.030434767274518826,0.30515276007330294,0.12516500036927047,0.11005226237036178,0.0,0.9849654845087628,0.6285930157766232,0.286469450941546,0.3162438491970746,0.4259773178649902,angry,05,13,13,male,strong,1473
40,1.3346666666666667,True,1.0,0.5932713269087603,0.5764897154684757,0.584880521188618,2.021482888302485,-0.06263888888888891,-0.06148148148148147,0.2977497894160385,0.9228067288063331,0.1862295453986906,0.2893324126427625,0.01678161144028456,0.0011574074074074403,0.023076176412917405,0.15747742385432184,0.12328465973379245,0.11215467196898488,0.0,0.9106935318115776,0.6253044893269808,0.29016912868992323,0.32740572711345517,0.42684181226374146,angry,05,13,13,male,strong,1473
50,1.6683333333333334,True,1.0,0.46568158095845547,0.44685709232406273,0.4562693366412591,1.1115367516562014,-0.05254629629629637,-0.04699074074074078,0.35305769558989564,0.41845211427552,0.18844764883487858,0.4104851557642274,0.018824488634392733,0.005555555555555591,0.04150852312715234,0.3069618938846073,0.12358534939553248,0.11165274397589127,0.0,0.8119176828777926,0.6175584945228092,0.2887299454086939,0.32624266289138376,0.42981963676797447,angry,05,13,13,male,strong,1473
60,2.0020000000000002,True,1.0,0.4507687236157585,0.46534537830909994,0.4580570509624292,1.0157883068565696,-0.05277777777777781,-0.050046296296296255,0.39173846432697196,0.39703412201959554,0.1876626898353799,0.4509375111630492,0.014576654693341462,0.002731481481481557,0.02818404327400437,0.32539528082970964,0.12437107055218491,0.1109487024703783,0.0,0.7873525084115144,0.6260731373877676,0.2871131519820966,0.3254303923381314,0.43444002254609954,angry,05,13,13,male,strong,1473
70,2.3356666666666666,True,1.0,0.5881067882222591,0.5548790297926531,0.5714929090074561,1.2211958582012465,-0.056064814814814845,-0.052314814814814814,0.31049537992421244,0.5533598331288081,0.1849801795175815,0.46797809308756855,0.033227758429606014,0.003750000000000031,0.030706326703042353,0.24774742555593807,0.12618188348073084,0.10888484766751627,0.0,0.8876634631849536,0.620810594573767,0.2875098501130406,0.3061359767712027,0.3975582256163903,angry,05,13,13,male,strong,1473
80,2.6693333333333333,True,1.0,0.47874968095318926,0.497012509933152,0.4878810954431706,0.8951692521550614,-0.05208333333333337,-0.04814814814814816,0.3779449158777269,0.32522093769764765,0.1931835552199687,0.5450154753066292,0.01826282897996273,0.003935185185185208,0.03548911957003377,0.3673945483827404,0.1277097138474528,0.10708877980234227,0.0,0.6722230734201655,0.5580017774140907,0.25546325099392714,0.33937649962750527,0.38316795294825284,angry,05,13,13,male,strong,1473
90,3.003,True,1.0,0.6394874464583108,0.6410571074549659,0.6402722769566384,1.4321207600631602,-0.05564814814814817,-0.05412037037037026,0.2550942057302513,0.6150331140858849,0.19949074418220805,0.4470798097559878,0.00156966099665512,0.0015277777777779056,0.030757420786205216,0.1906079503420711,0.12490706407502329,0.11034492790450634,0.0,0.7486004161326989,0.5981560971654286,0.29221124275367294,0.31009835783807616,0.40715258234914875,angry,05,13,13,male,strong,1473
100,3.336666666666667,True,1.0,0.5753275556564201,0.5773747887521941,0.5763511722043071,0.6159180596724398,-0.0531018518518519,-0.05041666666666661,0.3497847425045307,0.1831611658012281,0.1932135675544401,0.9357594945516367,0.002047233095773926,0.0026851851851852904,0.030614434996577792,0.4549900417352861,0.12719241698218858,0.10770267792716609,0.0,0.8472206284122725,0.6081230083908563,0.28633305804103726,0.30275260085466327,0.403835041300931,angry,05,13,13,male,strong,1473
110,3.6703333333333332,True,1.0,0.5948956263945803,0.562473554748788,0.5786845905716842,0.45500779776548395,-0.05236111111111119,-0.04902777777777784,0.358933654815075,0.18459043095029656,0.18832574809705546,1.2718124687391503,0.03242207164579225,0.003333333333333355,0.023032543861481774,0.6494881665122145,0.12760598699433978,0.10721235867919102,0.0,0.7407814361463911,0.6139175656668918,0.28814239604369996,0.3026267827417873,0.4066646250872243,angry,05,13,13,male,strong,1473
120,4.0040000000000004,True,1.0,0.556422226999711,0.5699667587945193,0.5631944928971151,0.4763457207655379,-0.05393518518518503,-0.05111111111111116,0.35517647498724364,0.1946144187595038,0.18896803849392496,1.1823229817032932,0.013544531794808301,0.002824074074073868,0.029194086795459248,0.6305854698014219,0.12607159920897282,0.10901252057973676,0.0,0.8358161601846605,0.6230229259985243,0.28485009287474605,0.3028874693212784,0.4018960434063853,angry,05,13,13,male,strong,1473
0,0.0,True,1.0,0.5804756243508398,0.5842049333083803,0.58234027882961,0.3824426083991481,-0.05314814814814811,-0.049027777777777726,0.3645177498190177,0.20520779073569528,0.1855092249813157,1.5226867143993341,0.0037293089575405336,0.004120370370370385,0.03912468343200326,0.7737129345390755,0.12814066522927897,0.10639381437716054,0.0,0.8558698395730648,0.6267823466652285,0.283071455367651,0.30382052085824,0.40025201055629483,angry,05,13,13,male,strong,1474
10,0.33366666666666667,True,1.0,0.5804756243508389,0.5537107804116,0.5670932023812194,0.4029667210222345,-0.05250000000000005,-0.04907407407407405,0.3572024847756889,0.19413089493441618,0.1855092249813157,1.407295374026504,0.026764843939238836,0.003425925925925999,0.036377682405433466,0.7636117150385355,0.12949184610717213,0.10492682956522671,0.0,0.7646120814819578,0.6251109444637231,0.283518125515528,0.3078849049924559,0.4008455152107629,angry,05,13,13,male,strong,1474
20,0.6673333333333333,True,1.0,0.5943246368385184,0.5984435950388691,0.5963841159386938,0.3939712700477181,-0.0521759259259259,-0.04916666666666669,0.3656044672205192,0.18276776939762265,0.1855092249813157,1.5137756513729017,0.004118958200350686,0.0030092592592592116,0.03388462031149362,0.7235118295171816,0.1275224759251742,0.10731167645870722,0.0,0.9999999987499999,0.6235113509778911,0.28381194142641214,0.3054499661384767,0.40056642390273345,angry,05,13,13,male,strong,1474
30,1.0010000000000001,True,1.0,0.6877196524039292,0.6658230339211765,0.6767713431625528,1.3175813316959455,-0.06680555555555556,-0.06194444444444441,0.32758018517151477,0.4920634920634927,0.21188658673825525,0.5136467304765437,0.021896618482752706,0.004861111111111149,0.032447016984500116,0.2510192340928227,0.12350279022824205,0.11174405858200069,0.0,0.7466743241506392,0.6263600178508903,0.2885527808567351,0.32473338114154066,0.4306903479806022,angry,05,13,13,male,strong,1474
40,1.3346666666666667,True,1.0,0.5685718124988062,0.543036118289909,0.5558039653943576,1.0810073034551875,-0.050324074074073966,-0.04597222222222219,0.36349450822037566,0.3839999999999998,0.19106208921678966,0.5141537560549868,0.02553569420889712,0.0043518518518517735,0.03397729014300199,0.32562222186188206,0.1254261035996168,0.10940686637998849,0.0,0.8344405690054086,0.6211290917929673,0.28890437644589734,0.3266881265697286,0.429959200419803,angry,05,13,13,male,strong,1474
50,1.6683333333333334,True,1.0,0.5706443513861725,0.5650614204691876,0.5678528859276801,1.3372718127720211,-0.05083333333333334,-0.04726851851851849,0.35934927580343323,0.4693333333333328,0.18968632733483395,0.42463535124589363,0.005582930916984918,0.003564814814814854,0.03241385339821787,0.2514828036442705,0.12495164482557274,0.11029444331269374,0.0,0.9999999987499999,0.6213692898643833,0.28797756431390065,0.32467843594427526,0.4309929469123743,angry,05,13,13,male,strong,1474
60,2.0020000000000002,True,1.0,0.6711707661893859,0.6591443532209242,0.6651575597051551,1.5866916981843968,-0.05587962962962967,-0.051342592592592606,0.3487266457384359,0.639049486500046,0.1889922613380744,0.41921033586189094,0.01202641296846163,0.004537037037037062,0.024641810135968032,0.20852768009608919,0.12393180727522111,0.11143915342373864,0.0,0.7651920069679705,0.6258617576796344,0.2909458737372856,0.3123197813954389,0.41594591059883573,angry,05,13,13,male,strong,1474
70,2.3356666666666666,True,1.0,0.6908966255563654,0.721110255092798,0.7060034403245817,0.948366633012232,-0.05453703703703705,-0.05231481481481487,0.2547280080266045,0.4537129530141774,0.19944369807999512,0.7444414593986203,0.030213629536432585,0.002222222222222181,0.030515157874062424,0.2878355197408635,0.13145842764678728,0.10245223068169738,0.0,0.6395436780210721,0.543138570834584,0.2583780695831652,0.3287106254089141,0.3819554498240796,angry,05,13,13,male,strong,1474
80,2.6693333333333333,True,1.0,0.6545810837886579,0.6487717270077575,0.6516764053982077,0.841728399282535,-0.052453703703703725,-0.04986111111111119,0.3369844013048152,0.27534517795137514,0.19247569968256215,0.7742122113898948,0.005809356780900332,0.0025925925925925353,0.03033548886499116,0.34756371749212756,0.12817159014597015,0.10653553984471699,0.0,0.9006728419286312,0.6006704493125375,0.28998854947158154,0.3070233464276615,0.3990418626807341,angry,05,13,13,male,strong,1474
90,3.003,True,1.0,0.6443953147117628,0.6525260801483028,0.6484606974300329,0.5424076019046254,-0.051342592592592606,-0.04916666666666669,0.34962862293755914,0.1978140590653274,0.19385078024088526,1.1955228782801155,0.00813076543654001,0.0021759259259259145,0.02565781908018683,0.5622401677044871,0.12716616082871335,0.10773367769884336,0.0,0.9322652733421671,0.6027584788524785,0.2903998090046275,0.30380900336233363,0.39922978208203436,angry,05,13,13,male,strong,1474
100,3.336666666666667,True,1.0,0.6340250882447404,0.6426788923625754,0.6383519903036579,0.4912256174950442,-0.05069444444444454,-0.05027777777777781,0.35738558540256005,0.22381860203827392,0.1882528129298553,1.2995087543660078,0.008653804117835007,0.0004166666666667318,0.023083920050746633,0.6117975370069089,0.1256922558278862,0.10944968979015658,0.0,0.9999999987499999,0.6443006553168142,0.3138046207587734,0.2833470587100486,0.41921206654415843,angry,05,13,13,male,strong,1474
0,0.0,True,1.0,0.6326870336416509,0.6328554355264301,0.6327712345840405,0.40600542804020545,-0.05180555555555555,-0.04749999999999999,0.35820603408427215,0.20263504060771917,0.1827741836560361,1.5585290020343747,0.00016840188477917906,0.0043055555555555625,0.032598969615255595,0.7027563211440417,0.12748984069778005,0.10735044615475409,0.0,0.6860009122144551,0.6263588705169567,0.2841277592230217,0.3038531514828959,0.40175833641789255,angry,05,13,13,male,strong,1475
10,0.33366666666666667,True,1.0,0.6511928483921587,0.6411595167210871,0.6461761825566229,0.3777079412210603,-0.05018518518518522,-0.04699074074074078,0.3579114891466357,0.1812090849886504,0.18417737977923015,1.7107826233879389,0.010033331671071677,0.003194444444444444,0.037706675921696506,0.7809923655238087,0.1301013989558447,0.10417007132859983,0.0,0.6552416444622979,0.6248095490930747,0.2832763082848835,0.30960269028868315,0.40329326891902784,angry,05,13,13,male,strong,1475
20,0.6673333333333333,True,1.0,0.6507079533953997,0.6104565538121479,0.6305822536037737,0.4457512628686505,-0.05083333333333334,-0.04712962962962963,0.3621413898334783,0.2010094244746514,0.1862295453986906,1.4146505150554949,0.040251399583251746,0.003703703703703709,0.03806563887214179,0.6734666407905254,0.12784111596876535,0.10693187943062288,0.0,0.8806267427081729,0.6266167067451982,0.2831496043944078,0.30653377259800046,0.4011076476317681,angry,05,13,13,male,strong,1475
30,1.0010000000000001,True,1.0,0.6752701713729702,0.6507093385455189,0.6629897549592445,1.5589002203643578,-0.05898148148148147,-0.05370370370370375,0.3100538397010565,0.720768638504903,0.19874973631505963,0.4252932588618697,0.02456083282745125,0.005277777777777715,0.04058777727213016,0.2127791891758157,0.12260550261734912,0.11289671606380802,0.0,0.6991868151435842,0.6264147484931473,0.28933688845911953,0.3224225092347408,0.4276085278117396,angry,05,13,13,male,strong,1475
40,1.3346666666666667,True,1.0,0.7342293767676459,0.7316928437491897,0.7329611102584178,1.8731203844951034,-0.061759259259259236,-0.061064814814814794,0.3252087478360858,0.7856153230228285,0.19253594035313742,0.3913048602351238,0.002536533018456133,0.000694444444444442,0.0344798185995654,0.1813092378577925,0.1229777777747751,0.11249108384088696,0.0,0.6955322867725082,0.6227616522468363,0.29318170239000974,0.33438135716717693,0.446209578064455,angry,05,13,13,male,strong,1475
50,1.6683333333333334,True,1.0,0.6735005863546433,0.6644514147770246,0.668976000565834,1.280709638961179,-0.05384259259259255,-0.050416666666666665,0.34241399349463364,0.5498434393702047,0.18414755196368424,0.5223479079211584,0.009049171577618642,0.003425925925925888,0.030230064809548148,0.264653732276168,0.12431598755495091,0.11083866230158843,0.0,0.9999999987499999,0.6075830279377377,0.29004223842412225,0.32571624534413496,0.44002776875349797,angry,05,13,13,male,strong,1475
60,2.0020000000000002,True,1.0,0.7237160180417987,0.7342408800458452,0.728978449043822,1.2622481350846413,-0.0826851851851852,-0.08046296296296296,0.4042845388294497,0.5151269566475848,0.21333754076164213,0.5775238867712327,0.010524862004046454,0.0022222222222222365,0.025097640157218305,0.24103569679631787,0.12134315837277673,0.11408554570380311,0.0,0.6941486856889462,0.6127710058632828,0.29136895522912465,0.3455896871791268,0.45139201521736005,angry,05,13,13,male,strong,1475
70,2.3356666666666666,True,1.0,0.6537627758814364,0.6388308718686805,0.6462968238750584,2.0223325990812526,-0.05731481481481476,-0.055833333333333346,0.3355460910756461,0.781242291155044,0.18971367571775175,0.319579887190006,0.014931904012755903,0.001481481481481417,0.025725452709641557,0.1705980309514856,0.12539593531947058,0.109615387734192,0.0,0.7556828238288847,0.5990954412702582,0.29117200073515,0.3292883808041034,0.426829048485265,angry,05,13,13,male,strong,1475
80,2.6693333333333333,True,1.0,0.6329020950779752,0.6188007699069221,0.6258514324924487,1.4880573233765781,-0.05481481481481493,-0.052453703703703725,0.2729955008677085,0.5742702761901342,0.19336513759495064,0.42058287853610216,0.014101325171053114,0.0023611111111112026,0.031452508434006377,0.19258502294926902,0.1274585947703322,0.10738754299096084,0.0,0.9999999987499999,0.5447747231236245,0.2485889708838412,0.30885280441363017,0.37186657599719136,angry,05,13,13,male,strong,1475
90,3.003,True,1.0,0.6072565910788114,0.5733409636394803,0.5902987773591458,2.1665205589322962,-0.0534722222222222,-0.04944444444444446,0.2758438960258215,0.7869021202558905,0.18910243610228725,0.2724639629776034,0.033915627439331075,0.004027777777777741,0.025256649340698233,0.1490229620826225,0.12295914216327755,0.11251145332068689,0.0,0.9999999987499999,0.5705732811483969,0.2983999863141465,0.29820905090064526,0.3887718899583613,angry,05,13,13,male,strong,1475
100,3.336666666666667,True,1.0,0.5828101630918856,0.5812207778791155,0.5820154704855005,0.5546921141123953,-0.05148148148148152,-0.04902777777777784,0.3630107258447118,0.17039116703104318,0.1868643578713441,1.0492585989199206,0.001589385212770078,0.00245370370370368,0.016471030325569985,0.49023933230675587,0.13002852401784568,0.10426102202016778,0.0,0.8739122074310052,0.6134315979204182,0.28261759496409866,0.2992888219833501,0.3839470501632031,angry,05,13,13,male,strong,1475
110,3.6703333333333332,True,1.0,0.6013096702336421,0.605738015001889,0.6035238426177656,0.5485568028539304,-0.05319444444444443,-0.05115740740740743,0.35781310715080783,0.1875819822614406,0.18823498003510297,1.1002030044616398,0.004428344768246828,0.002037037037037004,0.02146117172272377,0.5205305282850148,0.13331401903631926,0.10002574718387587,0.0,0.7399270201667465,0.5815693199076506,0.2540865751021415,0.3202350475076989,0.36393648395720557,angry,05,13,13,male,strong,1475
120,4.0040000000000004,True,1.0,0.6199112980297905,0.6188011881265866,0.6193562430781885,0.4948774546602659,-0.051990740740740726,-0.0496759259259259,0.35506999539769263,0.1745670964361227,0.18822727894461455,1.251534571328123,0.0011101099032039263,0.002314814814814825,0.021234563689948437,0.5794734758510346,0.12668826045941634,0.10829525581643365,0.0,0.7663795654549492,0.6246257576389931,0.2845656921749102,0.29754195983355225,0.39157070136517597,angry,05,13,13,male,strong,1475
0,0.0,True,1.0,0.5542722266053991,0.5622239992795602,0.5582481129424797,0.6377363746411562,-0.052870370370370345,-0.05342592592592593,0.33520977180395434,0.3574519134800988,0.17919391750124905,0.87535874562055,0.00795177267416114,0.0005555555555555869,0.02780032959597325,0.48224601052367694,0.12770732296822654,0.10709163100311925,0.0,0.890248053422404,0.620421528541104,0.28877906854509844,0.2989451633387818,0.3969658625782832,fearful,06,13,13,male,normal,1476
10,0.33366666666666667,True,1.0,0.5107777620698423,0.524363309651056,0.5175705358604492,0.6143715681523908,-0.051342592592592606,-0.052499999999999936,0.3289267959839337,0.34642447687057976,0.17644121757180897,0.8424389452411464,0.013585547581213775,0.0011574074074073293,0.027429779782853676,0.4928537293792122,0.1297961339701588,0.10455018592695077,0.0,0.7694847238869761,0.6206694175404537,0.28785098654226215,0.3032818725742206,0.39774982195675945,fearful,06,13,13,male,normal,1476
20,0.6673333333333333,True,1.0,0.5423520427586138,0.5481481481481479,0.5452500954533809,0.7909236086923163,-0.05175925925925928,-0.051990740740740726,0.3286582605536557,0.41117621071083,0.17432131212675453,0.6893840182048392,0.005796105389534123,0.00023148148148144365,0.017401871796250103,0.3956763880991321,0.12792710674380095,0.10682899012411298,0.0,0.6534159493381771,0.6249255741593512,0.28878310475995844,0.3015188143472324,0.3948850531014794,fearful,06,13,13,male,normal,1476
30,1.0010000000000001,True,1.0,0.593545658778568,0.558222609640202,0.575884134209385,0.879592913411448,-0.06180555555555556,-0.06004629629629632,0.36640023117222936,0.46105795557117607,0.17569618140473192,0.65471665975099,0.035323049138366036,0.0017592592592592382,0.0034925357486703546,0.3451209421462926,0.12589446980116378,0.1092170327556743,0.0,0.7071067807446058,0.637890159344988,0.2891694712727278,0.31473312340861104,0.41458355318863777,fearful,06,13,13,male,normal,1476
40,1.3346666666666667,True,1.0,0.5192277430689006,0.5139799424659546,0.5166038427674275,1.3849181377556368,-0.056620370370370376,-0.054814814814814816,0.30579876427686753,0.6839101914842651,0.17222222222222222,0.37302121236178093,0.005247800602946051,0.0018055555555555602,0.006600963811631774,0.244306500624775,0.12641425833177877,0.10861497622798767,0.0,0.6271984746682238,0.6319681346913766,0.2928913660405018,0.3120034453708391,0.4079047657627495,fearful,06,13,13,male,normal,1476
50,1.6683333333333334,True,1.0,0.5444676890980378,0.5253563380726343,0.534912013585336,1.158305739365418,-0.05791666666666667,-0.053518518518518465,0.3383029942290404,0.5636453866182596,0.17291666666666666,0.4618055452944484,0.01911135102540351,0.0043981481481482065,0.015536757349767779,0.2549713173401073,0.12458051803693625,0.11071346935155471,0.0,0.9999999987499999,0.6315832814297594,0.29502398443071975,0.30282102356893426,0.3957209036793814,fearful,06,13,13,male,normal,1476
60,2.0020000000000002,True,1.0,0.5154081795697701,0.5449572520706113,0.5301827158201907,0.8634208350266,-0.054259259259259285,-0.0531018518518519,0.3123874143473377,0.49939932417009286,0.17778850629011583,0.614049017943674,0.029549072500841156,0.0011574074074073848,0.012708638570702592,0.35291971114829385,0.13018605691058752,0.10406425109985762,0.0,0.7005509122500841,0.5698018172894158,0.25761955000771997,0.3301652700977596,0.3622842214868921,fearful,06,13,13,male,normal,1476
70,2.3356666666666666,True,1.0,0.5092893719843163,0.5448279802620395,0.5270586761231779,0.8649454884055655,-0.054490740740740784,-0.05208333333333337,0.33942967011417535,0.409221993024215,0.1743059932573217,0.6093547896235105,0.03553860827772315,0.0024074074074074137,0.013070070020048383,0.36197475607170465,0.1329275889717563,0.10053871822047204,0.0,0.8450323996184225,0.5671413154167917,0.2570384888443887,0.3312679821718663,0.3602099806974689,fearful,06,13,13,male,normal,1476
80,2.6693333333333333,True,1.0,0.5536203049543258,0.5609976929133311,0.5573089989338285,0.7638114891052944,-0.053472222222222254,-0.051342592592592606,0.3360725949997707,0.3740871017863102,0.17430555555555555,0.7296420738402918,0.007377387959005333,0.002129629629629648,0.015438335895509194,0.40175924303461175,0.13167543505292215,0.10217317443775241,0.0,0.6714717983650637,0.576738466816414,0.2576988416674397,0.32869029394340427,0.35958947098094174,fearful,06,13,13,male,normal,1476
90,3.003,True,1.0,0.5481610863342793,0.5553000556054818,0.5517305709698805,0.6800905556830458,-0.05407407407407405,-0.05083333333333334,0.34001851959976803,0.3553857368582051,0.1722226652187543,0.8112604510670679,0.0071389692712025,0.0032407407407407107,0.016703109757526622,0.4472969995417914,0.13172251769623824,0.1021124679111543,0.0,0.8837743984110455,0.5768373684551945,0.25759115876512767,0.32652456120295603,0.35844525066575555,fearful,06,13,13,male,normal,1476
0,0.0,True,1.0,0.5038501428443768,0.48716557076079825,0.4955078568025875,0.5420842352112234,-0.052222222222222225,-0.0474074074074074,0.3463440278460729,0.3235867887784996,0.16533362320449554,0.914079075938286,0.01668457208357854,0.004814814814814827,0.03077627135897215,0.5629106617648815,0.1269457994128903,0.10799324877977205,0.0,0.7811483956617489,0.6310946516497223,0.28767908161124073,0.2985212273199429,0.3869952825000694,fearful,06,13,13,male,normal,1477
10,0.33366666666666667,True,1.0,0.49746422843573784,0.5087620127559758,0.5031131205958568,0.5318793275522635,-0.05337962962962961,-0.04916666666666669,0.34278678730442913,0.31116785726800233,0.16741626159698852,0.9459159146327601,0.011297784320237925,0.004212962962962918,0.03584699943128673,0.5786043399094081,0.1262056080629148,0.1085067480331965,0.0,0.9870457034081846,0.6343069726640657,0.28754836444278764,0.3024553067116242,0.388851589782506,fearful,06,13,13,male,normal,1477
20,0.6673333333333333,True,1.0,0.5185589496197908,0.5261245905007065,0.5223417700602486,0.567497807113078,-0.0524074074074074,-0.04814814814814816,0.3388790096467391,0.32915420220664643,0.1646500721753899,0.9204295831863335,0.007565640880915714,0.00425925925925924,0.03537953496352195,0.546953852871335,0.12692334560437676,0.10766630956773934,0.0,0.9999999987499999,0.6334902282397333,0.2867028451765881,0.3036283713533662,0.3875582767007527,fearful,06,13,13,male,normal,1477
30,1.0010000000000001,True,1.0,0.5104488479918238,0.49772288123635045,0.5040858646140871,0.9523246468653658,-0.06101851851851853,-0.056712962962962965,0.3672445501467324,0.40496489289369497,0.17435850949207068,0.5293214517479058,0.012725966755473328,0.0043055555555555625,0.03456890814485594,0.3189287084714189,0.12422215209525511,0.11111541161797257,0.0,0.6915857746465486,0.6361279387770733,0.2876914996242061,0.3092110523185393,0.4111710797303518,fearful,06,13,13,male,normal,1477
40,1.3346666666666667,True,1.0,0.49550701785056206,0.5109571270150441,0.5032320724328031,1.3882914704360998,-0.05736111111111114,-0.05138888888888887,0.3124703749194738,0.702544811968097,0.17366427679865595,0.36248301106015174,0.015450109164482084,0.005972222222222268,0.030474375821037392,0.24692798159412863,0.12511318982669986,0.11011115975135581,0.0,0.6666410708025026,0.6353017521774335,0.28943469878433414,0.3064124225120667,0.4005564592726561,fearful,06,13,13,male,normal,1477
50,1.6683333333333334,True,1.0,0.5104713522748583,0.5170207427457061,0.5137460475102822,1.037532458046639,-0.054537037037037106,-0.05083333333333334,0.3303426462316434,0.47930911289058775,0.17225810125013308,0.4951614222050568,0.0065493904708477935,0.0037037037037037646,0.032908681707318144,0.28156580669530024,0.12643041697280236,0.10859616675810861,0.0,0.9999999987499999,0.63385592926233,0.28967659093368836,0.302593141251283,0.3896609867706247,fearful,06,13,13,male,normal,1477
60,2.0020000000000002,True,1.0,0.49558183636323044,0.49614004251578864,0.49586093943950954,0.9725853053603549,-0.05259259259259258,-0.04875000000000007,0.3084474800507285,0.60546767384079,0.17364670316586833,0.5098379923145013,0.0005582061525581938,0.0038425925925925086,0.038012048677404285,0.3273992413365614,0.12501238713291857,0.1102255906471912,0.0,0.9963389596182451,0.626382089132528,0.29199629325657184,0.3010505857623517,0.3893427166182107,fearful,06,13,13,male,normal,1477
70,2.3356666666666666,True,1.0,0.5390612736692469,0.5087620127559758,0.5239116432126114,0.764213953476912,-0.05277777777777776,-0.048611111111111105,0.33325947362251557,0.40526102693517035,0.16946650571640118,0.6855562383138815,0.030299260913271175,0.004166666666666652,0.03563673585992842,0.424982955091648,0.12580811633296976,0.10861712500763226,0.0,0.9999999987499999,0.633608316404687,0.2881227735956582,0.3015171520904097,0.39050254327156597,fearful,06,13,13,male,normal,1477
80,2.6693333333333333,True,1.0,0.5686647108832315,0.5377175196012599,0.5531911152422457,0.774995090425694,-0.054907407407407405,-0.048981481481481515,0.3430167241014153,0.4100671027155779,0.16807779912804377,0.7137995092825499,0.030947191281971542,0.00592592592592589,0.03326537447698145,0.41888840371644137,0.1282455626540119,0.106446481530522,0.0,0.7768374804779016,0.6329127886936025,0.2875736271022558,0.30401590984131643,0.39125270537339896,fearful,06,13,13,male,normal,1477
90,3.003,True,1.0,0.53087064761791,0.5349532703156378,0.5329119589667739,0.607396882456065,-0.05472222222222223,-0.04902777777777784,0.3422182203038854,0.32634677713473426,0.16946650571640118,0.8773702571733584,0.004082622697727745,0.005694444444444391,0.0358538957763648,0.5207068514435642,0.12502834335663376,0.10986119984994103,0.0,0.9999999987499999,0.6328257588191527,0.28797508536498384,0.29884993840262203,0.3920737723698098,fearful,06,13,13,male,normal,1477
0,0.0,True,1.0,0.5394114619214755,0.5320852290566915,0.5357483454890835,0.5770516735261433,-0.05365740740740743,-0.04958333333333337,0.34442714967095184,0.34152569700146584,0.1687721520471924,0.9284235191890686,0.007326232864783955,0.004074074074074063,0.023271317674223396,0.5185328223744438,0.12927093100986575,0.10501761861284292,0.0,0.7378735110931864,0.6321537918917567,0.2887572787198905,0.3041654673708324,0.3890585053198706,fearful,06,13,13,male,normal,1478
10,0.33366666666666667,True,1.0,0.5633532191393655,0.557494575629123,0.5604238973842443,0.5873872221765072,-0.053379629629629666,-0.05032407407407408,0.3351548135757461,0.3474526355865983,0.16948091152760256,0.9540961672738592,0.005858643510242567,0.003055555555555589,0.02627600655062172,0.5182492543382032,0.12797603856338502,0.10677036725809552,0.0,0.6545753421552736,0.6331568113182773,0.29089877950743076,0.3027585734665721,0.38850296041189386,fearful,06,13,13,male,normal,1478
20,0.6673333333333333,True,1.0,0.5541050067003085,0.5412893201398536,0.5476971634200811,0.6131420012056599,-0.054675925925925906,-0.04976851851851849,0.33013152948759555,0.3378736369556597,0.17086191325973668,0.8932631630896425,0.012815686560454842,0.004907407407407416,0.027452488351834742,0.5052483084785397,0.12666770142607456,0.10831930200109074,0.0,0.7019640255536801,0.6343124177092713,0.29107488813135024,0.30147806879736166,0.38894925803572955,fearful,06,13,13,male,normal,1478
30,1.0010000000000001,True,1.0,0.5591427064880884,0.5607431915625382,0.5599429490253133,0.9202452188828294,-0.0683333333333333,-0.06263888888888891,0.3344486528711096,0.38986354775828425,0.19241821567656017,0.6084714568852416,0.0016004850744497645,0.005694444444444391,0.030413403072527493,0.3526901274236307,0.12674473680853987,0.10822915255148513,0.0,0.6579510482149258,0.6346370976906387,0.2900489114237152,0.31600778831907406,0.40683204890103253,fearful,06,13,13,male,normal,1478
40,1.3346666666666667,True,1.0,0.530493239054337,0.534133906980157,0.532313573017247,0.7852294056380832,-0.06592592592592589,-0.06092592592592588,0.35155504965624224,0.34074074074074073,0.19031786964211186,0.6779083528904335,0.0036406679258199626,0.0050000000000000044,0.026751697806504035,0.3825195197709049,0.12597202824747764,0.10912756695557947,0.0,0.6738769101826773,0.6383628211831608,0.2891586505535142,0.3209917153677621,0.4162552635748379,fearful,06,13,13,male,normal,1478
50,1.6683333333333334,True,1.0,0.5395459754152298,0.5743680285150135,0.5569570019651215,0.841728399282535,-0.06240740740740747,-0.05625000000000002,0.3366932694146448,0.42831472125769404,0.19102055594950887,0.6616825598849411,0.0348220530997837,0.006157407407407445,0.022843716183693786,0.35824742573034063,0.12445807633350346,0.1106790904284511,0.0,0.8975868578201371,0.6255381125184449,0.28689727129577497,0.2965597355824929,0.3974893685486677,fearful,06,13,13,male,normal,1478
60,2.0020000000000002,True,1.0,0.5686647108832327,0.557494575629123,0.5630796432561778,0.8743818898375291,-0.05490740740740735,-0.05208333333333337,0.30632580388266667,0.5226286427702721,0.1861258682802443,0.6439745033612314,0.011170135254109703,0.002824074074073979,0.02942865474724814,0.36587688991322553,0.12785678342674336,0.10691314560166096,0.0,0.7983414121755437,0.618156748887055,0.2875048052229526,0.30344913348331554,0.39958403716913093,fearful,06,13,13,male,normal,1478
70,2.3356666666666666,True,1.0,0.5828124593337374,0.5894060618533686,0.586109260593553,0.8353286050019354,-0.05833333333333324,-0.053749999999999964,0.34846422652027587,0.3500984214399371,0.1840692309509921,0.7016511311643577,0.006593602519631259,0.004583333333333273,0.03092025074804938,0.36159204400257755,0.12735992995958192,0.10750453949221467,0.0,0.874901116735406,0.6246157126053546,0.2885655554836399,0.30501297557821694,0.3991152854011144,fearful,06,13,13,male,normal,1478
80,2.6693333333333333,True,1.0,0.5682635671810164,0.5629426051096917,0.565603086145354,0.7456440783411031,-0.05898148148148141,-0.052962962962962934,0.3496907707577111,0.32030281110462255,0.18195492727998097,0.758542986626674,0.0053209620713247086,0.006018518518518479,0.03218831270753462,0.4050835867542384,0.12688698430898063,0.10770915972427565,0.0,0.8237973916011174,0.6271847651326156,0.28826239455405417,0.30224956701977657,0.3976829375856983,fearful,06,13,13,male,normal,1478
90,3.003,True,1.0,0.5476511456373769,0.5629605587402338,0.5553058521888053,0.6719902137264612,-0.05694444444444441,-0.05212962962962969,0.33925175125196044,0.3204869869697974,0.1778125358087713,0.8263600285328663,0.015309413102856828,0.004814814814814716,0.040032497958091794,0.4604495857656311,0.1273026613920879,0.10757234855246794,0.0,0.9834583774189295,0.6292725983362095,0.287439462226512,0.30327381714139573,0.3995361741159343,fearful,06,13,13,male,normal,1478
0,0.0,True,1.0,0.5388805768450289,0.5495602086135231,0.5442203927292759,0.6075752992532826,-0.054768518518518605,-0.049861111111111134,0.33527296949314006,0.3579786861631274,0.17015009905848222,0.8957250128471802,0.01067963176849418,0.004907407407407471,0.03797804557771,0.5193775266738576,0.1326054654835532,0.1009632026780659,0.0,0.6731386199230027,0.5740818087860144,0.2571984337114141,0.33183501038555974,0.3608648631643218,fearful,06,13,13,male,normal,1479
10,0.33366666666666667,True,1.0,0.5236193671252086,0.5146299828216492,0.5191246749734288,0.6061087921477233,-0.05384259259259261,-0.04874999999999996,0.3339178237598084,0.34158790836552216,0.17154378949249435,0.8564876169077345,0.008989384303559445,0.0050925925925926485,0.039524624855546066,0.5212693314863921,0.13199041962253588,0.1017659417434215,0.0,0.6871797205639459,0.5760637566979917,0.2556725203803421,0.32935116594191627,0.36031889407858714,fearful,06,13,13,male,normal,1479
20,0.6673333333333333,True,1.0,0.5392435618290353,0.5199669857737595,0.5296052738013974,0.5714837184125475,-0.054490740740740784,-0.04865740740740743,0.3384818831977837,0.3240188033484876,0.17292769676479455,0.9267197939995929,0.019276576055275774,0.005833333333333357,0.0429617135573682,0.5473952024461206,0.13137212782173294,0.10256286756085352,0.0,0.9999999987499999,0.5734786527032688,0.25669601150276117,0.3297730368263303,0.35838404480758884,fearful,06,13,13,male,normal,1479
30,1.0010000000000001,True,1.0,0.503758283615216,0.5136826786053249,0.5087204811102705,0.9326706658027456,-0.05689814814814814,-0.051435185185185195,0.3321741975163948,0.4582439477019775,0.17709884276444876,0.5454449247338737,0.009924394990108887,0.005462962962962947,0.04101257146645847,0.3530168249820886,0.1310491486088892,0.10297523207037083,0.0,0.7197783078859555,0.5755155584421269,0.2576730707776327,0.33662612008836373,0.3765041402651817,fearful,06,13,13,male,normal,1479
40,1.3346666666666667,True,1.0,0.4900249721165067,0.4387942832061725,0.4644096276613396,0.8967042842206426,-0.05532407407407408,-0.04851851851851857,0.3304408368421694,0.44029340498251585,0.17376968127308687,0.5179072251951762,0.05123068891033422,0.006805555555555509,0.033924693162019556,0.3649716703254008,0.12402542589272574,0.11133495184455097,0.0,0.7184619986703371,0.6350513163390357,0.28901106896959694,0.2989118716483852,0.3980922002639858,fearful,06,13,13,male,normal,1479
50,1.6683333333333334,True,1.0,0.5104713522748582,0.4911947413036479,0.500833046789253,0.5588439307375559,-0.05472222222222223,-0.04879629629629634,0.32591063129749065,0.40710514859987323,0.17293828499713917,0.8961948394576984,0.019276610971210306,0.00592592592592589,0.03906970317701372,0.5150122464652046,0.12457602373724369,0.11037383831844026,0.0,0.6687509730104332,0.6297204226690676,0.2906173301550058,0.29840730482389066,0.38772077047463516,fearful,06,13,13,male,normal,1479
60,2.0020000000000002,True,1.0,0.48817032594582116,0.5023095671744874,0.49523994656015424,1.253189437967667,-0.053379629629629666,-0.04856481481481478,0.2989592555337635,0.6615637206192118,0.17639970187254403,0.39518362631853887,0.014139241228666222,0.004814814814814883,0.03404274369941047,0.2392194204274652,0.12993017492643594,0.10438355911882331,0.0,0.7335298198462415,0.5713414650704032,0.2581681129489989,0.32429378651572627,0.3623931659837111,fearful,06,13,13,male,normal,1479
70,2.3356666666666666,True,1.0,0.534459875108001,0.5226930152141639,0.5285764451610824,0.9898538577238971,-0.05523148148148149,-0.04893518518518525,0.33656160871214286,0.448095059516867,0.1743410058381891,0.5339944286083894,0.011766859893837078,0.006296296296296244,0.030748530929543216,0.31610117143197614,0.12798432696180392,0.10676043191658927,0.0,0.6459498231334185,0.6355981980995524,0.28905079826046376,0.29919205331336124,0.3815134211446409,fearful,06,13,13,male,normal,1479
80,2.6693333333333333,True,1.0,0.518233298242806,0.5176665196483619,0.5179499089455839,0.6888467800355152,-0.054166666666666696,-0.04777777777777775,0.3396822802898169,0.3365329952739025,0.17435850949207063,0.7519087320389009,0.0005667785944440951,0.006388888888888944,0.03928668811319435,0.4627083319339774,0.13181930552543283,0.10198749169371926,0.0,0.7725409938010285,0.5841999488623575,0.2677644116750814,0.3125535970167783,0.35812279494695837,fearful,06,13,13,male,normal,1479
90,3.003,True,1.0,0.5152333418305866,0.5260501107333496,0.520641726281968,0.666674716527505,-0.05421296296296291,-0.048194444444444484,0.3433868320398811,0.31777045803028964,0.17225810125013313,0.7809531595765683,0.010816768902763063,0.006018518518518423,0.03938659751313773,0.4601868134514757,0.13189199280417174,0.10189347381172124,0.0,0.660051473972686,0.5864988396999424,0.26793018267521074,0.3146266095741327,0.3614408670356951,fearful,06,13,13,male,normal,1479
0,0.0,True,1.0,0.5667441047764427,0.5317072116473378,0.5492256582118902,0.560463285093655,-0.05388888888888893,-0.04893518518518514,0.3416418687714218,0.257242751738805,0.17644121757180886,0.97994939689959,0.03503689312910485,0.004953703703703793,0.034889383145668626,0.5342777632205177,0.12692603340815486,0.10801647936263369,0.0,0.8735148126278153,0.6259540326990171,0.28681635099767566,0.2974596966723386,0.39422552147420165,fearful,06,13,13,male,strong,1480
10,0.33366666666666667,True,1.0,0.5577414842268915,0.5343715605631267,0.5460565223950091,0.6168840935010039,-0.05458333333333326,-0.04879629629629634,0.34387674173800675,0.29295529276499294,0.17715612972166683,0.8851849612395954,0.02336992366376478,0.005787037037036924,0.03606756682955949,0.49555985287345433,0.1279448533041637,0.10680773512985015,0.0,0.6852938400717143,0.6219843866765457,0.28824752983464963,0.3019695545268165,0.3940473458660028,fearful,06,13,13,male,strong,1480
20,0.6673333333333333,True,1.0,0.5581167299890655,0.5263266179230259,0.5422216739560457,0.6822750853291872,-0.055694444444444435,-0.049259259259259225,0.34242365882888687,0.2954448752784685,0.17923861692715684,0.794725889330155,0.031790112066039544,0.00643518518518521,0.033041694523149735,0.4627083319339775,0.12355486021565042,0.1113447908283108,0.0,0.6943047457394848,0.6286249065641882,0.28941010242389664,0.2937615850241043,0.3912098921182695,fearful,06,13,13,male,strong,1480
30,1.0010000000000001,True,1.0,0.5600293923505443,0.5306599868501957,0.54534468960037,0.9011882321970012,-0.07879629629629631,-0.06861111111111107,0.4094900284700866,0.260128773178186,0.20358055682318985,0.6051396035996581,0.02936940550034861,0.010185185185185242,0.03378912306658986,0.3171246840115002,0.12394338567087193,0.11142627571061717,0.0,0.9999999987499999,0.6304599205150809,0.2870276722738761,0.3280562505346207,0.4311744427884764,fearful,06,13,13,male,strong,1480
40,1.3346666666666667,True,1.0,0.5301978836940169,0.528604595886137,0.5294012397900769,0.955836925732276,-0.07449074074074075,-0.06949074074074074,0.35098745354592187,0.3434508377639259,0.2062947542589623,0.5538614647937957,0.0015932878078799284,0.0050000000000000044,0.024327109743476023,0.33539136500297984,0.12397547843181086,0.11121939835499157,0.0,0.6682805493664128,0.6271682192408213,0.28863552425620553,0.33351547471163207,0.4370070830119226,fearful,06,13,13,male,strong,1480
50,1.6683333333333334,True,1.0,0.5764662303390319,0.5485468997861196,0.5625065650625758,1.0310679004817875,-0.07842592592592595,-0.0723611111111111,0.3629118765088656,0.42940200741554024,0.20627996053698633,0.5455572468115175,0.02791933055291229,0.006064814814814856,0.02868866416458695,0.3048550729072191,0.12276971872447567,0.11271811715258316,0.0,0.8150268491173656,0.6266202547347063,0.2886600918164033,0.32427475361280844,0.43126781776731943,fearful,06,13,13,male,strong,1480
60,2.0020000000000002,True,1.0,0.48692286191258227,0.47478759346946997,0.4808552276910261,0.9261340856687833,-0.07629629629629625,-0.0702314814814815,0.3386270420461264,0.3703072038268425,0.21670926971223467,0.519206921688655,0.012135268443112301,0.006064814814814745,0.03396299003092015,0.3471379009623766,0.12311092300391237,0.1121756411152682,0.0,0.6632498553206072,0.6251589171527986,0.28656222438259044,0.32404421977035575,0.42363192660679644,fearful,06,13,13,male,strong,1480
70,2.3356666666666666,True,1.0,0.5960754531324115,0.6037617498040192,0.5999186014682154,0.9432432331933984,-0.06879629629629636,-0.06282407407407414,0.34079543874995344,0.3786987135852366,0.20702737829043383,0.6360168622012375,0.007686296671607695,0.005972222222222212,0.03131976671197471,0.36098451060973846,0.12629638698076884,0.10875201334314483,0.0,0.7517511472058167,0.6168731922378327,0.28637501433525897,0.3167728184010629,0.41069776355953147,fearful,06,13,13,male,strong,1480
80,2.6693333333333333,True,1.0,0.5665944410537485,0.5685718124988061,0.5675831267762772,0.7845161441318592,-0.059212962962962856,-0.05365740740740732,0.3502946623727043,0.3105662874261611,0.191744669646052,0.7234817677389689,0.0019773714450576074,0.005555555555555536,0.04135993653993105,0.4139720382073485,0.12446400824304413,0.11050013813148132,0.0,0.9999999987499999,0.6230602531012405,0.28612696404452204,0.30290023447646797,0.399796440406122,fearful,06,13,13,male,strong,1480
90,3.003,True,1.0,0.5759079309478077,0.560743191562538,0.5683255612551729,0.7460598762132766,-0.058657407407407436,-0.053379629629629666,0.3512325507384202,0.32807954715786675,0.18823498003510292,0.7617693691554392,0.015164739385269632,0.00527777777777777,0.0389466318426951,0.44031888472117475,0.1271229411389512,0.1077846724112942,0.0,0.9098490629010603,0.6215804112191752,0.28500444647746037,0.30555930784036306,0.39879081255015125,fearful,06,13,13,male,strong,1480
100,3.336666666666667,True,1.0,0.5516094044054225,0.560743191562538,0.5561762979839803,0.6719902137264604,-0.057222222222222174,-0.052268518518518436,0.3399495791468126,0.2899644167821974,0.18683863413534252,0.8276553536393861,0.009133787157115547,0.004953703703703738,0.03351675933552902,0.4859695218942187,0.12814503654038414,0.10656747806325222,0.0,0.865698672176328,0.6215627073720112,0.2853636976197358,0.3049119381461943,0.39989171429316217,fearful,06,13,13,male,strong,1480
0,0.0,True,1.0,0.5878164828495201,0.578173693778876,0.5829950883141981,0.639616866232559,-0.05615740740740738,-0.05111111111111111,0.33835870240495486,0.3274853801169592,0.17862647713442112,0.9114754771057371,0.009642789070644198,0.005046296296296271,0.013915919218233368,0.48000226396159523,0.12849698834556844,0.10614283657859011,0.0,0.7714508371328141,0.6262262606839611,0.28835506708142433,0.3056669369040325,0.3970884328920081,fearful,06,13,13,male,strong,1481
10,0.33366666666666667,True,1.0,0.5986956692215568,0.5704303917226554,0.5845630304721061,0.6350916998783775,-0.053842592592592664,-0.0509722222222222,0.3363020321401806,0.32535584084783803,0.1778743110935234,0.9204387816500391,0.028265277498901398,0.0028703703703704675,0.0013172761902443023,0.49199295140916216,0.12707767147411975,0.10783804144784478,0.0,0.8643368361869587,0.622612732553959,0.2904083576765294,0.3016253838921161,0.3953408003244153,fearful,06,13,13,male,strong,1481
20,0.6673333333333333,True,1.0,0.5823578490720799,0.5702985463614543,0.5763281977167671,0.6081764436833846,-0.056064814814814845,-0.05263888888888896,0.3402201380716573,0.304056597776892,0.1785816244884626,0.9476332135231504,0.012059302710625608,0.003425925925925888,0.0015639940713963619,0.5198094315545809,0.12660691348006634,0.10839034656997622,0.0,0.9841612088560039,0.6189343195637631,0.290769020588778,0.3003864991661677,0.39739529381671757,fearful,06,13,13,male,strong,1481
30,1.0010000000000001,True,1.0,0.6128478336933619,0.5767659623628711,0.5948068980281165,0.8888419943729222,-0.06638888888888883,-0.06199074074074068,0.4002758072402297,0.31174702643248203,0.19247569968256215,0.6691930644520825,0.03608187133049079,0.004398148148148151,0.016093666066031097,0.33580906101431507,0.1243496680536762,0.11097268954587637,0.0,0.9149847462853437,0.6249890493853792,0.2898049797344545,0.30764131867049105,0.41065378647171247,fearful,06,13,13,male,strong,1481
40,1.3346666666666667,True,1.0,0.5784708328797505,0.6061684754999699,0.5923196541898602,2.207900926917144,-0.07481481481481478,-0.06958333333333333,0.28514565982201173,0.9074434628144838,0.20490616872228276,0.268272750361542,0.027697642620219343,0.005231481481481448,0.032760171409743334,0.14300197562615338,0.12552953248153756,0.1096362816099314,0.0,0.6840013432505698,0.5709041787105468,0.26484773522606087,0.3432122906578184,0.39634326287269234,fearful,06,13,13,male,strong,1481
50,1.6683333333333334,True,1.0,0.5253938303188369,0.5462493662297464,0.5358215982742917,0.5618795807780096,-0.0811574074074074,-0.07731481481481478,0.3505938483194533,0.3718835367349296,0.21600083423622596,0.9536235460494282,0.020855535910909495,0.0038425925925926196,0.022778411275953397,0.5345860977051389,0.12118319443890906,0.1144220745984059,0.0,0.9951883459481973,0.6352175411336409,0.2882032217129534,0.30734075020161933,0.4136130546016142,fearful,06,13,13,male,strong,1481
60,2.0020000000000002,True,1.0,0.6220663857712208,0.6098003171043392,0.61593335143778,1.412255491055555,-0.06726851851851856,-0.06263888888888886,0.28272675309426004,0.7156700123592346,0.19098660378297827,0.43613450635438217,0.012266068666881513,0.004629629629629706,0.015819361366480714,0.20568089467132766,0.1241110177211399,0.1112395300704063,0.0,0.9101349402647403,0.6125154432319804,0.2943128491825818,0.3040633775017211,0.40643328489918684,fearful,06,13,13,male,strong,1481
70,2.3356666666666666,True,1.0,0.5629613435475217,0.5854281893016263,0.574194766424574,0.9126312382154403,-0.05833333333333335,-0.05435185185185187,0.34176889936366894,0.3168703521835655,0.19309507067744297,0.6291640504738308,0.022466845754104625,0.003981481481481475,0.022464247184519923,0.3243595788355572,0.12502124249685478,0.11021554652063384,0.0,0.7536712173602619,0.6176936711168843,0.29191520956019085,0.302413981710173,0.4016899579355895,fearful,06,13,13,male,strong,1481
80,2.6693333333333333,True,1.0,0.6175121408973814,0.6203194218253621,0.6189157813613717,0.7801710480774897,-0.06115740740740744,-0.05458333333333337,0.3399285921286219,0.31189083820662805,0.1917339262223218,0.7933078045981251,0.002807280927980771,0.0065740740740740655,0.02275918078427161,0.4047695367091415,0.1249864211713223,0.11025503296034402,0.0,0.8244972181959223,0.6227386345788315,0.2901141576202038,0.30026704128499593,0.40071666850974974,fearful,06,13,13,male,strong,1481
90,3.003,True,1.0,0.5877502667600202,0.5747168029646836,0.5812335348623519,0.7484983999257917,-0.05967592592592591,-0.05384259259259255,0.3377984595564041,0.3196492438167321,0.19107446757872656,0.7765327687006105,0.013033463795336542,0.005833333333333357,0.022024516205044465,0.4218460351258962,0.12665895534944802,0.10832952875529488,0.0,0.8399879143831717,0.6247231954500551,0.28899137333341374,0.3011122323045498,0.4003619959199038,fearful,06,13,13,male,strong,1481
0,0.0,True,1.0,0.5632103038575412,0.5776414377117453,0.5704258707846432,0.5272471336426625,-0.055277777777777704,-0.05175925925925923,0.3552125731726731,0.26362356682133126,0.1771453629105048,1.0818946835114418,0.014431133854204026,0.0035185185185184764,0.006427023292843255,0.56322515615925,0.13228092226433183,0.10138804355620579,0.0,0.6824504793239492,0.5847357925045018,0.25797654135082276,0.32469699919913975,0.36129730026538376,fearful,06,13,13,male,strong,1482
10,0.33366666666666667,True,1.0,0.5878151901948844,0.5702985463614537,0.579056868278169,0.5122530192674348,-0.05699074074074073,-0.05375000000000002,0.35736232873648927,0.2636235668213299,0.17780524147674873,1.1304118209127774,0.017516643833430656,0.0032407407407407107,0.0071251609370461405,0.5797112715998857,0.13003840386916576,0.10424869922449057,0.0,0.8694411605432822,0.5795968973995849,0.25935535806005405,0.3172105279518319,0.3573316789501244,fearful,06,13,13,male,strong,1482
20,0.6673333333333333,True,1.0,0.5584692845956235,0.560868709319132,0.5596689969573778,0.5164514599104584,-0.05726851851851855,-0.0526388888888889,0.35249540745016056,0.27337806847705154,0.1778052414767488,1.083681701770022,0.002399424723508514,0.00462962962962965,0.020183603693427577,0.5955067434411077,0.13102125665358053,0.10301071825714889,0.0,0.6832760923386888,0.5853296205200831,0.2603483056226426,0.3193743754576214,0.356802528523097,fearful,06,13,13,male,strong,1482
30,1.0010000000000001,True,1.0,0.548791802091822,0.5554319009666816,0.5521118515292518,1.5236954905018196,-0.07680555555555552,-0.07101851851851854,0.29829994475076743,0.7164354150407017,0.20837764014534615,0.36235051883458497,0.006640098874859612,0.0057870370370369795,0.016157806093919844,0.22096232689160003,0.12199637903028189,0.11355466205116034,0.0,0.6761200941424358,0.6277286606830231,0.29121290165839653,0.3170688983452097,0.4250173786755888,fearful,06,13,13,male,strong,1482
40,1.3346666666666667,True,1.0,0.5614054224147461,0.5564293160490892,0.5589173692319176,1.436147234735683,-0.05754629629629626,-0.05726851851851844,0.32038500403232995,0.6250232823788072,0.1854429990664996,0.3891783207971598,0.004976106365656929,0.0002777777777778212,0.011995655577606467,0.23934725710066324,0.12019213819898036,0.11480074866780672,0.0,0.6799182794986458,0.6125379515712535,0.295146374145409,0.3373870975299345,0.44868614129129014,fearful,06,13,13,male,strong,1482
50,1.6683333333333334,True,1.0,0.5610227690244309,0.5448869367387699,0.5529548528816004,1.3007025611325225,-0.05703703703703694,-0.05736111111111103,0.37185539571002674,0.5274968472204474,0.18820903826281987,0.42512013845820545,0.016135832285661067,0.0003240740740740877,0.016990149107985297,0.2627299191613489,0.12298923118946924,0.1123090505435326,0.0,0.7080492681228441,0.6157878809101766,0.2931997402769499,0.3373281461641869,0.44549655403071725,fearful,06,13,13,male,strong,1482
60,2.0020000000000002,True,1.0,0.5582159324352467,0.5361466704005206,0.5471813014178837,0.9487597699682128,-0.06666666666666671,-0.06592592592592589,0.3604876949731001,0.34635880895187776,0.2055926681786478,0.5767332455888348,0.022069262034726145,0.0007407407407408195,0.013886230534643853,0.35712862238898496,0.12433831712854578,0.11098540743653837,0.0,0.6734189613281849,0.6110209227909915,0.29188969618687277,0.3219442252449056,0.4244214620615941,fearful,06,13,13,male,strong,1482
70,2.3356666666666666,True,1.0,0.6742336886572226,0.6664760631385354,0.670354875897879,1.3499307516269266,-0.062361111111111145,-0.06129629629629629,0.2947179679764912,0.5639451994956509,0.19725355397916716,0.4965846396861263,0.0077576255186871945,0.0010648148148148517,0.01198812090366272,0.2392339257946906,0.12415599567445192,0.11118932731307009,0.0,0.721059078203682,0.6054914591227116,0.295747006147414,0.308757259336266,0.40544959333618713,fearful,06,13,13,male,strong,1482
80,2.6693333333333333,True,1.0,0.6330933137368874,0.6212389050036945,0.6271661093702909,0.7663874680841797,-0.05833333333333335,-0.05574074074074076,0.35268616054453217,0.2528438714609063,0.19245032954841063,0.8183407681992567,0.011854408733192878,0.002592592592592591,0.01732919091046399,0.3824032164334605,0.1272465207493203,0.10763875105087338,0.0,0.8094277685270731,0.6160811777445354,0.29047369349468466,0.30721612430591166,0.4040679106406107,fearful,06,13,13,male,strong,1482
90,3.003,True,1.0,0.6017633958655652,0.5904986769354964,0.5961310364005308,0.6705411448249552,-0.057268518518518496,-0.05319444444444449,0.3447345769718911,0.2728713056972105,0.1897285547994645,0.889029764991007,0.011264718930068751,0.004074074074074008,0.02361760114582298,0.48397022048348465,0.1250254966253273,0.10969088896150046,0.0,0.7163291280303391,0.6191986929693752,0.290017604444136,0.30336761929671924,0.40545527677351906,fearful,06,13,13,male,strong,1482
100,3.336666666666667,True,1.0,0.6072565910788125,0.6033021637743018,0.6052793774265571,0.6337521462150322,-0.057453703703703785,-0.05282407407407402,0.3458021610461237,0.2781279679759869,0.18553554424467675,0.9550727063276655,0.003954427304510677,0.004629629629629761,0.02291158032674387,0.4806210668027792,0.12574626376493617,0.10938763604425437,0.0,0.9999999987499999,0.6192999182719963,0.2912729858432326,0.301755397913531,0.40411929407056046,fearful,06,13,13,male,strong,1482
0,0.0,True,1.0,0.6035915498249798,0.5650614204691864,0.5843264851470831,0.5818835165920523,-0.05638888888888888,-0.050416666666666665,0.3305331597409607,0.3144952892732262,0.17918199577107896,1.0041983807503925,0.03853012935579336,0.005972222222222212,0.020025247391353605,0.5320331158226872,0.12977012931877493,0.10458246175841437,0.0,0.6383804969565043,0.6194825262761355,0.2882316925821883,0.3055361106236992,0.3957832662118381,fearful,06,13,13,male,strong,1483
10,0.33366666666666667,True,1.0,0.5980039480046493,0.570288944895725,0.5841464464501871,0.6191120044356125,-0.05615740740740738,-0.05203703703703705,0.32579190625305776,0.33333333333333354,0.17919391750124905,0.9435230495695196,0.027715003108924274,0.00412037037037033,0.018515681663497947,0.5047551941508177,0.1270736116111625,0.10784282545754056,0.0,0.6985588547823514,0.620866069888893,0.28894010347473764,0.30278721663601776,0.3980453618224532,fearful,06,13,13,male,strong,1483
20,0.6673333333333333,True,1.0,0.5686647108832328,0.5485296123037285,0.5585971615934806,0.6338760723671512,-0.05740740740740741,-0.05078703703703702,0.33733268239756803,0.32463768115942016,0.17919391750124905,0.8812403337886718,0.02013509857950424,0.0066203703703703876,0.021157185115197773,0.49385596318825825,0.12674068766361932,0.10823389423384942,0.0,0.7395274999252223,0.620229145353454,0.28939540602774066,0.30146862682082004,0.3990086163628727,fearful,06,13,13,male,strong,1483
30,1.0010000000000001,True,1.0,0.5980203681988427,0.5845265553266463,0.5912734617627445,0.9637005620095717,-0.058657407407407436,-0.05310185185185179,0.310116123950224,0.4818276220145377,0.1805825967998447,0.6135447929279841,0.01349381287219642,0.005555555555555647,0.02037786039593141,0.3394236930361664,0.12631083974858032,0.10873522673189452,0.0,0.8023486624227638,0.6265709379376752,0.2886626154956686,0.3038908386615419,0.4009805785166404,fearful,06,13,13,male,strong,1483
40,1.3346666666666667,True,1.0,0.568301264124329,0.5373614955635544,0.5528313798439417,0.622335714536005,-0.055833333333333346,-0.04953703703703699,0.3405666677032978,0.32634677713473426,0.18889898634705438,0.8883169757598057,0.030939768560774628,0.006296296296296355,0.025212350471429123,0.5630285374629064,0.12676867529270966,0.10820111244861047,0.0,0.7059924068108868,0.6212722457264156,0.2884776060901842,0.3142336775040414,0.4161510437714521,fearful,06,13,13,male,strong,1483
50,1.6683333333333334,True,1.0,0.5977665605488749,0.5698600386883967,0.5838132996186358,1.0492396404718345,-0.05999999999999994,-0.05435185185185187,0.33958225870628095,0.4628840047835532,0.18680718920315206,0.5564155957318766,0.02790652186047815,0.005648148148148069,0.014738608669059213,0.2895121537750949,0.12535088398057787,0.10984049187649658,0.0,0.7486000104452636,0.6181751570393782,0.2913841402932947,0.30400248281928904,0.40290034934164304,fearful,06,13,13,male,strong,1483
60,2.0020000000000002,True,1.0,0.5593725197015825,0.548529612303728,0.5539510660026552,0.8318042813455649,-0.05652777777777779,-0.05199074074074078,0.3208991374219582,0.39143730886850125,0.18959339380643883,0.6659632300840751,0.01084290739785454,0.004537037037037006,0.019751242755650367,0.38602941176470684,0.1261931739709535,0.1088717622422612,0.0,0.6521140532900803,0.6151929570031137,0.29041602178387177,0.3094725939176057,0.40433609584175056,fearful,06,13,13,male,strong,1483
70,2.3356666666666666,True,1.0,0.588456747391933,0.5571954300928104,0.5728260887423717,0.8345649571803733,-0.05712962962962964,-0.053240740740740755,0.3373608740795853,0.3553857368582051,0.1875146478653401,0.686376876735513,0.031261317299122626,0.003888888888888886,0.024352572496641096,0.3957474599548776,0.12730911726319208,0.10756470811691456,0.0,0.6775757550103612,0.6222221615677522,0.2879879271928894,0.3087486548499109,0.403879537049241,fearful,06,13,13,male,strong,1483
80,2.6693333333333333,True,1.0,0.6123273398146425,0.5806628045346905,0.5964950721746665,0.7506053385607285,-0.057638888888888906,-0.0521759259259259,0.3406667665809442,0.33700647853747007,0.1875146478653401,0.7946853579784476,0.031664535279951944,0.005462962962963003,0.018325964110767215,0.42474489795918413,0.1265274130658177,0.10848313930449038,0.0,0.8714202348516041,0.6229847439522684,0.28879165895634556,0.30598767323284876,0.4050701427031194,fearful,06,13,13,male,strong,1483
90,3.003,True,1.0,0.5977665605488749,0.5571954300928115,0.5774809953208432,0.7202735155583112,-0.05694444444444441,-0.04953703703703699,0.3401718592328759,0.3447870974466898,0.18266562172332237,0.801752366076123,0.04057113045606342,0.007407407407407418,0.02144731702719114,0.44278743872871,0.12651041310238823,0.1085029637709224,0.0,0.764000606580829,0.6220661804565577,0.28885218750044267,0.30685348529254847,0.4030360545818473,fearful,06,13,13,male,strong,1483
0,0.0,True,1.0,0.45968567978357805,0.4587570999931139,0.459221389888346,0.4568846544607053,-0.046203703703703636,-0.04532407407407407,0.3509347275575737,0.19893315154593075,0.18218581582877835,1.0051144975100967,0.0009285797904641235,0.0008796296296295636,0.009282597281188602,0.7104791589328725,0.13051253787226666,0.10365449932004998,0.0,0.6825212650872919,0.5694813628107493,0.2565617532127577,0.3217593814158071,0.3593458303578178,disgust,07,13,13,male,normal,1484
10,0.33366666666666667,True,1.0,0.42914522534667876,0.421837377529197,0.4254913014379379,0.44607550314950245,-0.046388888888888924,-0.046527777777777724,0.36183783350277543,0.17975082864297803,0.1814725364735409,0.9538548932496171,0.007307847817481783,0.00013888888888879958,0.007086842630084198,0.7281888433899375,0.13223708891301478,0.1014452073145192,0.0,0.680971925449934,0.5693779794652236,0.25515234048211977,0.32897426031405774,0.3601188985672051,disgust,07,13,13,male,normal,1484
20,0.6673333333333333,True,1.0,0.483302556958713,0.45920417151699916,0.4712533642378561,0.4503099072068087,-0.04708333333333342,-0.0461111111111111,0.3594854534057062,0.18871541147377385,0.1863671460066204,1.046508985691556,0.024098385441713832,0.0009722222222223187,0.0074182755065405346,0.7462525793825584,0.13161586962614746,0.10224989307433635,0.0,0.659532688891057,0.5652533276279261,0.2551053838076822,0.3253065441030712,0.3598372368204458,disgust,07,13,13,male,normal,1484
30,1.0010000000000001,True,1.0,0.44440884501488515,0.41335237397939495,0.42888060949714,0.8581800655661125,-0.044722222222222274,-0.0438425925925926,0.3396578330607738,0.2988154844537978,0.18424695923669349,0.49975596813032697,0.031056471035490196,0.0008796296296296746,0.006379712226589909,0.3933458614239385,0.1306349290257268,0.10350020816138622,0.0,0.6247781020986378,0.5685985820187451,0.25697381187093565,0.33106617578119313,0.37841457817586094,disgust,07,13,13,male,normal,1484
40,1.3346666666666667,True,1.0,0.45132877625341977,0.43580456883220003,0.4435666725428099,1.1474689361116928,-0.04472222222222216,-0.04458333333333325,0.3218843486409122,0.46054591773433545,0.17800465517998554,0.3865609417243813,0.015524207421219738,0.0001388888888889106,0.01011589993009252,0.3171744296864653,0.12637157316793085,0.10848916682348514,0.0,0.7444032509937709,0.6223180173163017,0.2925311892774638,0.3136455268985235,0.40922652244274427,disgust,07,13,13,male,normal,1484
50,1.6683333333333334,True,1.0,0.44477913925016604,0.4352954743231095,0.44003730678663777,0.8580077573806979,-0.04337962962962966,-0.04379629629629628,0.33996169613800004,0.3216880022403128,0.18143553609964513,0.512859357041213,0.009483664927056545,0.0004166666666666208,0.001572017691370695,0.3920687531724302,0.1308999631293697,0.1031648070994417,0.0,0.6512580736683385,0.5600487274284716,0.25719720006985985,0.3207794920832123,0.3618767633516148,disgust,07,13,13,male,normal,1484
60,2.0020000000000002,True,1.0,0.49049526256162246,0.4587570999931138,0.4746261812773681,0.6488108805520144,-0.04365740740740742,-0.044490740740740775,0.33632803957736557,0.28568327814898087,0.17933691644693361,0.7315324010496737,0.03173816256850864,0.0008333333333333526,0.001162342374472939,0.5226763443189566,0.13051288575962347,0.1036540612884365,0.0,0.6384512594058986,0.5658614103219413,0.25587990287100987,0.3213860688613553,0.36022188846916436,disgust,07,13,13,male,normal,1484
70,2.3356666666666666,True,1.0,0.421213651029401,0.4131905562194183,0.4172021036244097,0.602627729892205,-0.043981481481481566,-0.04328703703703701,0.34460313182690183,0.2636235668213311,0.17933691644693361,0.6923048557673187,0.0080230948099827,0.000694444444444553,0.0072800802348338784,0.5770471970513421,0.13243097831608885,0.10119196486601607,0.0,0.6604460236073815,0.5642834887548769,0.25707341835911207,0.32356293537952496,0.36155673207784517,disgust,07,13,13,male,normal,1484
80,2.6693333333333333,True,1.0,0.43683686207374156,0.4437844648806821,0.4403106634772118,0.5229124970635292,-0.0439814814814814,-0.043194444444444424,0.3486558440004913,0.253854967042902,0.18140189284711347,0.8420350746058342,0.006947602806940512,0.000787037037036975,0.005020142403867983,0.675255681082291,0.126967783223264,0.10779079666848984,0.0,0.8061591408524946,0.6203968500368898,0.2887606568872543,0.30163467880414563,0.3904966742428693,disgust,07,13,13,male,normal,1484
90,3.003,True,1.0,0.4756695248452435,0.4353067653347217,0.4554881450899826,0.5074271426904703,-0.04564814814814805,-0.044351851851851865,0.3465013764191144,0.23132707975594982,0.17935435791808924,0.8976424530128645,0.04036275951052182,0.0012962962962961844,0.009830732125155485,0.6954751338219832,0.1261576011349845,0.1089129810738579,0.0,0.7517540443908199,0.6205377570715787,0.2891157245474902,0.3005995212002979,0.39299979856405665,disgust,07,13,13,male,normal,1484
0,0.0,True,1.0,0.5757481849244146,0.5680648144400668,0.5719064996822407,0.5071488717845375,-0.053981481481481575,-0.05342592592592599,0.3461137286849802,0.2309159800986817,0.1939235771116179,1.1276895828829046,0.007683370484347751,0.0005555555555555869,0.010247101379950602,0.6285903398188424,0.1345313499839025,0.09838238482118124,0.0,0.6684206547766239,0.5631392495670143,0.25360229648162874,0.3327978758305868,0.36358341295097163,disgust,07,13,13,male,normal,1485
10,0.33366666666666667,True,1.0,0.5453446896003711,0.5392901554503453,0.5423174225253582,0.49240520579474534,-0.053194444444444544,-0.05226851851851855,0.3467713948314605,0.22369060033490978,0.19463425832666542,1.1013641126113893,0.00605453415002577,0.0009259259259259967,0.009988690960159616,0.6671421194648837,0.13353585146718558,0.0997294046123914,0.0,0.6716486099130381,0.5623871872733468,0.25422111929348545,0.33442916275366225,0.3641291744136543,disgust,07,13,13,male,normal,1485
20,0.6673333333333333,True,1.0,0.5352484544146965,0.5247257343595878,0.5299870943871421,0.4878363568354425,-0.05157407407407416,-0.05157407407407405,0.34975729954157175,0.19945355089134117,0.19114832178248242,1.086403436236545,0.01052272005510868,1.1102230246251565e-16,0.013101598894224301,0.6671421194648856,0.13289507962332262,0.10058168612234099,0.0,0.6587077330759568,0.5608557339029362,0.2543917504536676,0.3316238940543367,0.3624706734292828,disgust,07,13,13,male,normal,1485
30,1.0010000000000001,True,1.0,0.48866400899807827,0.46634618654342286,0.47750509777075056,0.934008643566134,-0.04828703703703707,-0.04615740740740748,0.3407217034304831,0.27106341570147074,0.19189580958455324,0.5112426967994542,0.02231782245465541,0.0021296296296295925,0.015323677102905478,0.35406694457785387,0.13158634279106707,0.10228788863783139,0.0,0.7614443325198399,0.56495362863114,0.2561609303373037,0.3371033050745586,0.37746171654787647,disgust,07,13,13,male,normal,1485
40,1.3346666666666667,True,1.0,0.44457035031032255,0.4354649627885538,0.44001765654943814,1.0789692232388761,-0.04694444444444451,-0.04518518518518516,0.3255775114931623,0.4124906088520576,0.18696884965862565,0.40781298212434863,0.00910538752176876,0.0017592592592593492,0.014552947599428158,0.32256615269726735,0.13191176282135075,0.10186787815828417,0.0,0.5952542752127564,0.5600784422284539,0.25337540608445147,0.33246038646470816,0.37022760884934564,disgust,07,13,13,male,normal,1485
50,1.6683333333333334,True,1.0,0.4665047413735787,0.44285453309161477,0.45467963723259675,0.8562150477004076,-0.04736111111111119,-0.04495370370370372,0.33021884065269097,0.2957215233521489,0.1876968367849136,0.5310343919483305,0.023650208281963958,0.002407407407407469,0.010946364011804485,0.4004340481959933,0.13110161417617727,0.10290842789376581,0.0,0.6650554930132395,0.5660579117115597,0.2548660711748337,0.32826681531495744,0.3589976285510932,disgust,07,13,13,male,normal,1485
60,2.0020000000000002,True,1.0,0.43695749526302885,0.4584549957243334,0.4477062454936811,0.7913632477787311,-0.045879629629629604,-0.04449074074074072,0.3254943355977446,0.3085535738926745,0.1848712622643976,0.5657405075991877,0.021497500461304553,0.001388888888888884,0.01260891307122736,0.4166247586906456,0.13242011840899978,0.1012061757597298,0.0,0.7759930633851385,0.5607336781196853,0.2529307067007353,0.3314642489608747,0.360453892975708,disgust,07,13,13,male,normal,1485
70,2.3356666666666666,True,1.0,0.48213600750420754,0.43612027474117676,0.4591281411226922,0.6517167604265047,-0.04694444444444451,-0.045416666666666605,0.34007616375066846,0.24999181754331865,0.18693783475525294,0.7044903077561235,0.04601573276303078,0.0015277777777779056,0.013361609789333477,0.5381660425090132,0.13221385519852022,0.1014754860288327,0.0,0.6344713725100327,0.5585355085784313,0.25451530648654525,0.3308634236073277,0.3601273453661488,disgust,07,13,13,male,normal,1485
80,2.6693333333333333,True,1.0,0.4738936228561119,0.46634618654342275,0.47011990469976733,0.5861543031135966,-0.04638888888888898,-0.04615740740740748,0.34309828826172933,0.24788524772422374,0.18559803753688617,0.8020412069015522,0.007547436312689171,0.00023148148148149916,0.011790275001422351,0.5789569696419133,0.13252863485174177,0.10106403274941492,0.0,0.7343244341779556,0.5601542982192876,0.25502849051859805,0.3299196970133776,0.3615788213812551,disgust,07,13,13,male,normal,1485
90,3.003,True,1.0,0.45971434359916474,0.4651467442395729,0.46243054391936883,0.5661786161140837,-0.04712962962962969,-0.04555555555555557,0.3457141174626484,0.24581378526633746,0.1863094152695318,0.8167573461061096,0.005432400640408175,0.0015740740740741166,0.014335264632436829,0.6091190174036419,0.13329239801469123,0.10005455713153472,0.0,0.6711231581736369,0.5607286558529662,0.25530934883288425,0.3314770274201389,0.3604359605622192,disgust,07,13,13,male,normal,1485
0,0.0,True,1.0,0.5558270516311478,0.54827832470785,0.5520526881694989,0.5068025797697143,-0.05111111111111116,-0.04912037037037037,0.34685862712867516,0.2309159800986817,0.1918103108271991,1.0892854736855242,0.007548726923297777,0.001990740740740793,0.013696304388556244,0.6290198479231088,0.13142624254098714,0.1024935146373307,0.0,0.6956867459997219,0.5641305136898509,0.2552480648776942,0.3245414268734049,0.3624897322810638,disgust,07,13,13,male,normal,1486
10,0.33366666666666667,True,1.0,0.520018632212011,0.4880327373839671,0.504025684797989,0.507309508768392,-0.051342592592592606,-0.04856481481481478,0.34651202866463304,0.22369060033490978,0.19251969308138642,0.9935269812340495,0.03198589482804387,0.0027777777777778234,0.013696304388556244,0.6475420762898111,0.1318986715906787,0.10188482813356682,0.0,0.6868152893731883,0.5627107886435825,0.254637955020629,0.3284674859784206,0.3623964878610877,disgust,07,13,13,male,normal,1486
20,0.6673333333333333,True,1.0,0.5373699922204449,0.5391621129326044,0.5382660525765246,0.5220288837511368,-0.053750000000000075,-0.05189814814814814,0.34656262430362067,0.20112036976336797,0.19878044349622456,1.0311039663336492,0.0017921207121595062,0.0018518518518519378,0.016787380292853215,0.6446429892623332,0.13239103515477554,0.10124421752368847,0.0,0.63147244439358,0.5650518596501101,0.2552021551306513,0.330607802280196,0.3672456935512144,disgust,07,13,13,male,normal,1486
30,1.0010000000000001,True,1.0,0.4797300831675927,0.47339004924781936,0.476560066207706,0.9196725859617909,-0.07342592592592595,-0.06851851851851859,0.3310853923962932,0.29615228891416234,0.22170988999433722,0.5181844859595558,0.006340033919773336,0.00490740740740736,0.0169611687472961,0.37219122408438265,0.12299100240459049,0.11230711086124563,0.0,0.8882818934839039,0.6253800637989572,0.2911025006063371,0.31769653499025385,0.41078167791127196,disgust,07,13,13,male,normal,1486
40,1.3346666666666667,True,1.0,0.4652768578371315,0.466831438152533,0.46605414799483225,0.7260375567178875,-0.05523148148148149,-0.05222222222222228,0.34897509569253776,0.19997805573835764,0.20566279274614474,0.6419146553542883,0.0015545803154014548,0.0030092592592592116,0.016669809898330657,0.47053926534791357,0.13081833959899167,0.10326829036852177,0.0,0.6880452497219967,0.56371257026248,0.2567275156062581,0.3391011679636634,0.3764339008099135,disgust,07,13,13,male,normal,1486
50,1.6683333333333334,True,1.0,0.4970087638442939,0.5034827446740652,0.5002457542591795,0.6501182176307824,-0.05421296296296302,-0.05152777777777784,0.3229766583503046,0.2774633715901219,0.20358055682318973,0.7694689068739202,0.0064739808297712975,0.0026851851851851793,0.01826075604098037,0.5075741843879313,0.13179704865198377,0.1020162523217689,0.0,0.6677049925786795,0.5611702568449255,0.25711050857544476,0.33859022914742365,0.3748115986169604,disgust,07,13,13,male,normal,1486
60,2.0020000000000002,True,1.0,0.4804481107661476,0.47386611263441386,0.47715711170028074,0.7789244829928584,-0.05199074074074084,-0.04828703703703707,0.328438468262358,0.2570288147975628,0.20152560332726174,0.6125845600165267,0.006581998131733713,0.0037037037037037646,0.01997100015299792,0.40546786875703766,0.1292728489804842,0.10519652222012205,0.0,0.9999999987499999,0.5586778241374675,0.2577736756323946,0.32869295423483463,0.3687971629066336,disgust,07,13,13,male,normal,1486
70,2.3356666666666666,True,1.0,0.4739742394962567,0.495235992075956,0.4846051157861063,0.7750936827994209,-0.0528703703703704,-0.04939814814814819,0.3469930033432767,0.23091598009868047,0.20086202052809735,0.6252213461937254,0.021261752579699256,0.00347222222222221,0.013228753062585754,0.43629184282624756,0.1304204115694011,0.10377039084907967,0.0,0.7476506656844335,0.5694343967118097,0.26362401759307647,0.32372559837179243,0.35977909928643015,disgust,07,13,13,male,normal,1486
80,2.6693333333333333,True,1.0,0.503154760817157,0.5029591967756383,0.5030569787963977,0.5957155249703294,-0.05041666666666672,-0.047592592592592686,0.3464732017668515,0.17855583261799376,0.19945861633822345,0.8444583995380232,0.00019556404151876983,0.0028240740740740344,0.023841598996201443,0.5642159814946501,0.1324683398273237,0.10114305074775762,0.0,0.6132623561141639,0.5583830159876451,0.2562712524470428,0.3334648965543091,0.368385301946858,disgust,07,13,13,male,normal,1486
90,3.003,True,1.0,0.49592018149484646,0.4656560516006964,0.4807881165477714,0.5672413455832145,-0.05111111111111122,-0.04740740740740751,0.3483861921336371,0.19386518695692173,0.1994295438290704,0.8475900430943457,0.03026412989415006,0.003703703703703709,0.017002687933945236,0.6085859593954195,0.12493471462669188,0.11031362042498345,0.0,0.8453865939106836,0.6069389064141282,0.2926827659736229,0.30346974004514726,0.3960810572352427,disgust,07,13,13,male,normal,1486
0,0.0,True,1.0,0.48881219812481397,0.518518518518519,0.5036653583216665,0.45925925925926,-0.04685185185185187,-0.04597222222222219,0.3478214691018326,0.23703703703703738,0.18125042093162325,1.0966906995713688,0.029706320393705077,0.0008796296296296746,2.6610859287887817e-05,0.726522943842269,0.12862425796649146,0.10598857501350721,0.0,0.796432063987615,0.6162235521396059,0.2887564618537324,0.30060255941241837,0.39189442690876647,disgust,07,13,13,male,normal,1487
10,0.33366666666666667,True,1.0,0.49627479539513264,0.4818905168026152,0.4890826560988739,0.4157706093189975,-0.04800925925925925,-0.047361111111111076,0.3635918957650592,0.21505376344086075,0.1840281923557306,1.1763281125136678,0.014384278592517452,0.0006481481481481755,0.002639105756128423,0.7952586206896552,0.12792116841459825,0.10683610083693278,0.0,0.8723203091924183,0.6179772608574681,0.2889423911391255,0.303202850957451,0.3935631619709774,disgust,07,13,13,male,normal,1487
20,0.6673333333333333,True,1.0,0.5145238365010203,0.4907256197723493,0.5026247281366848,0.4443956794185749,-0.0474074074074074,-0.04620370370370369,0.3488335663045367,0.22960443436626365,0.18263930661951858,1.1310297363698358,0.023798216728670996,0.0012037037037037068,0.002927558658965508,0.75,0.12875203067781157,0.10583332351936352,0.0,0.7313293954841873,0.6156222166991797,0.289285114625139,0.3034479905896455,0.39132775440849626,disgust,07,13,13,male,normal,1487
30,1.0010000000000001,True,1.0,0.36712690393516734,0.3744744851420043,0.37080069453858583,0.7992110451729665,-0.04249999999999998,-0.04222222222222222,0.351147668476769,0.28860398853468267,0.17847264970529486,0.46395842096793916,0.007347581206836984,0.0002777777777777657,0.0050937318256421005,0.4166666666666662,0.1317904423652663,0.10202478655792442,0.0,0.6666683347239407,0.5670956729566826,0.2591763469216265,0.33565556462451074,0.3696769289400714,disgust,07,13,13,male,normal,1487
40,1.3346666666666667,True,1.0,0.3270961422346124,0.33722664659332136,0.33216139441396686,0.7857223911488811,-0.04300925925925919,-0.04189814814814813,0.35523413525479025,0.29094516072687054,0.17986280783332048,0.4227465045615938,0.010130504358708936,0.0011111111111110628,0.0005154446335313952,0.42739189038153336,0.1303890186326118,0.10380983378684318,0.0,0.7863105608048794,0.5633873631249375,0.26188284496165387,0.33578262449809654,0.3749636837440467,disgust,07,13,13,male,normal,1487
50,1.6683333333333334,True,1.0,0.3581837668563852,0.34313720356937727,0.35066048521288123,0.8006981127405517,-0.041712962962962896,-0.03976851851851848,0.32363927553409416,0.3443001884784374,0.17986153529316398,0.43794343914796374,0.01504656328700793,0.0019444444444444153,0.005768674644124191,0.4049999999999995,0.12654255678087592,0.1084654742021042,0.0,0.7845103324976301,0.6179689172856642,0.2892878799953625,0.3099319328475045,0.3979188682637566,disgust,07,13,13,male,normal,1487
60,2.0020000000000002,True,1.0,0.41408838323488134,0.4142554333855324,0.4141719083102069,1.0311596013502435,-0.04259259259259257,-0.042314814814814805,0.2915099519013966,0.4444444444444446,0.18055597810614282,0.40165645334424743,0.0001670501506510491,0.0002777777777777657,0.007030999082234929,0.27153895442893244,0.12619270628485776,0.10869716971221406,0.0,0.7751606169698115,0.6121155816154588,0.2929285634258885,0.30391335204298536,0.396173229421943,disgust,07,13,13,male,normal,1487
70,2.3356666666666666,True,1.0,0.4364487009200859,0.4361202747411785,0.43628448783063223,0.827242597177709,-0.04495370370370372,-0.04291666666666666,0.33827855756723524,0.3063695259431551,0.1812516837206279,0.527396061710431,0.0003284261789074372,0.0020370370370370594,0.00705835646591455,0.41705536019217804,0.12688386847662733,0.10806600617656886,0.0,0.8138325108306735,0.6178155100946627,0.28874393925112324,0.30340426898285117,0.3930057983187298,disgust,07,13,13,male,normal,1487
80,2.6693333333333333,True,1.0,0.42103758590068274,0.4290903687177257,0.4250639773092042,0.597505689455365,-0.04398148148148151,-0.04273148148148148,0.34896986777211925,0.21659581242756937,0.18334373675797258,0.7113973721265417,0.00805278281704297,0.0012500000000000289,0.00511031014383441,0.5490070048790368,0.13292005626096084,0.10054867684284288,0.0,0.6515358054258085,0.5593833386557748,0.25645622003650326,0.3333797420000031,0.3618648989855982,disgust,07,13,13,male,normal,1487
90,3.003,True,1.0,0.4374048668735062,0.4294650012675655,0.43343493407053585,0.5671244535952294,-0.0445370370370371,-0.0440740740740741,0.34915313690774125,0.21640275202975814,0.18125378834941805,0.7642677569673074,0.007939865605940732,0.0004629629629629983,0.009926223320860933,0.5926897699765907,0.1323156344288068,0.10134273855053143,0.0,0.6812964746208892,0.5605098834143032,0.2566193101756385,0.3297556790250469,0.361869677448243,disgust,07,13,13,male,normal,1487
0,0.0,True,1.0,0.46713906217579027,0.4294411645749377,0.44829011337536395,0.5036484366743834,-0.04685185185185187,-0.04444444444444445,0.3519399914027745,0.1703516771104528,0.19446366956824937,0.8900853864164588,0.03769789760085257,0.0024074074074074137,0.0018402266763312381,0.712004794370012,0.12816044579537494,0.10654894604952062,0.0,0.7037187269329411,0.6048875811730943,0.29048375767303874,0.3031873972966069,0.3959134151140307,disgust,07,13,13,male,strong,1488
10,0.33366666666666667,True,1.0,0.4600932772327697,0.43688338318040415,0.44848833020658696,0.5140113742501793,-0.04453703703703704,-0.04222222222222216,0.35603596557503364,0.1762324711714904,0.19238054442833316,0.8725260814720784,0.023209894052365565,0.0023148148148148806,0.001125514527341806,0.6916618002451529,0.12778979472747795,0.10699320601876565,0.0,0.7825352223405173,0.6044910381965286,0.29175369072814483,0.30082229908221986,0.3992659085336333,disgust,07,13,13,male,strong,1488
20,0.6673333333333333,True,1.0,0.44457035031032255,0.4362901460899305,0.44043024820012655,0.4927772889656325,-0.043333333333333335,-0.04263888888888884,0.3520528589032885,0.14932645120170646,0.19376929402420967,0.8937714015282942,0.008280204220392051,0.0006944444444444975,0.010004509456915838,0.732954545454547,0.12627413472590984,0.10877785008774006,0.0,0.8936167021782889,0.6039541244701007,0.29173573733994573,0.2987424128617143,0.3945243887352473,disgust,07,13,13,male,strong,1488
30,1.0010000000000001,True,1.0,0.2812494656470421,0.26053639846743337,0.27089293205723775,0.9568613775910406,-0.041666666666666685,-0.04078703703703701,0.3392869943998157,0.25819039800610444,0.19029221182200778,0.2831057229410052,0.020713067179608746,0.0008796296296296746,0.0013240796505413779,0.37498505350843403,0.1252161642476286,0.10999404520877668,0.0,0.7595754084344036,0.6050193941092062,0.2943825212048416,0.31576503785778526,0.4324244781041372,disgust,07,13,13,male,strong,1488
40,1.3346666666666667,True,1.0,0.3763468350841262,0.40659512355220573,0.391470979318166,0.8278234479133865,-0.04717592592592584,-0.04879629629629617,0.3504278259559963,0.26338459551738386,0.1993300531789139,0.4728918712134919,0.03024828846807953,0.0016203703703703276,0.006349136314005785,0.41068241330450006,0.12633671097867655,0.10870516652637406,0.0,0.730202720751651,0.6080330784657614,0.2946356113773645,0.310251460919864,0.41227655874932195,disgust,07,13,13,male,strong,1488
50,1.6683333333333334,True,1.0,0.36865131594333755,0.3624087052494176,0.3655300105963776,0.9672434549970177,-0.0467129629629629,-0.04597222222222219,0.3644265919801302,0.22755555555555587,0.19934383176905962,0.37790900388931,0.006242610693919959,0.0007407407407407085,0.0006973097620106738,0.33942664007819284,0.12445971455331525,0.11084925450123524,0.0,0.8256853451794653,0.6056567579219189,0.29282310917934296,0.3051892585620969,0.4155534221548246,disgust,07,13,13,male,strong,1488
60,2.0020000000000002,True,1.0,0.3744744851420039,0.38314176245210685,0.37880812379705536,0.7996924476321174,-0.04749999999999999,-0.04560185185185184,0.3530526353962047,0.23693305631720707,0.20142676921641706,0.4736922612170504,0.008667277310102972,0.0018981481481481488,0.004447901446967928,0.4270601644650425,0.12516750274678143,0.11004941629336994,0.0,0.6942963264340882,0.6045565103150636,0.2933830121249607,0.3093733978044191,0.40611908585588274,disgust,07,13,13,male,strong,1488
70,2.3356666666666666,True,1.0,0.4444088450148835,0.48881219812481463,0.46661052156984906,0.9680403693975792,-0.05101851851851846,-0.05083333333333334,0.314259206223878,0.3671186729824361,0.20492404007142412,0.4820155608388783,0.044403353109931154,0.00018518518518512161,0.0007604046737605582,0.3507706724212521,0.12502395436882163,0.11021247027523012,0.0,0.834983070795251,0.5992393893494898,0.29371089718615895,0.30518859897936473,0.40103551551083677,disgust,07,13,13,male,strong,1488
80,2.6693333333333333,True,1.0,0.39087380569933355,0.4446175581050467,0.41774568190219014,0.7779845413367433,-0.04699074074074078,-0.04671296296296301,0.3540251276042826,0.18347658700018035,0.20003814333537112,0.5369588464886641,0.05374375240571316,0.0002777777777777657,0.005873172504040232,0.4261781491561509,0.12579129417823243,0.10933584992744674,0.0,0.7494726499646216,0.6032652910148435,0.2905399779838565,0.30395641222979414,0.40326893379801965,disgust,07,13,13,male,strong,1488
90,3.003,True,1.0,0.44457035031032255,0.45177235950245015,0.4481713549063864,0.7314847740300056,-0.04777777777777775,-0.04449074074074072,0.3482601545144198,0.18655409657737781,0.20210749426013644,0.6126871957118856,0.007202009192127601,0.0032870370370370328,0.0034236032299277243,0.4723052985453205,0.12640562805441494,0.10862501998386107,0.0,0.7650073101227286,0.6056281513464762,0.2910001044816654,0.3046158569551472,0.4037092762179784,disgust,07,13,13,male,strong,1488
100,3.336666666666667,True,1.0,0.4450886125454974,0.46683143815253236,0.4559600253490149,0.7401975183996512,-0.04749999999999999,-0.045648148148148104,0.35120458805046584,0.18500255675300084,0.20141957250238082,0.6159977762892616,0.021742825607034943,0.0018518518518518823,0.0002481534932884835,0.4628640209928264,0.12708356768307197,0.10783109289811427,0.0,0.723351688511501,0.6040772311971664,0.2901532618196918,0.30373873641702337,0.39821603658151083,disgust,07,13,13,male,strong,1488
0,0.0,True,1.0,0.4893971564975065,0.4806702276031332,0.4850336920503199,0.42962962962963047,-0.04472222222222222,-0.04296296296296298,0.35188703044243574,0.17777777777777834,0.19166825888152056,1.128957731496432,0.008726928894373265,0.0017592592592592382,0.0004751279303252951,0.7960058633096264,0.12701115581012498,0.10791637535743828,0.0,0.8963567947624093,0.6069489372936675,0.2919357374273989,0.30091524822564475,0.3988293916222136,disgust,07,13,13,male,strong,1489
10,0.33366666666666667,True,1.0,0.5277600263868047,0.46625803245723557,0.4970090294220202,0.4518047782385209,-0.045740740740740804,-0.04439814814814819,0.35882352941176476,0.17486338797814258,0.19305911224772535,1.1000526186547648,0.061501993929569176,0.0013425925925926174,0.0,0.7619713461733715,0.12782847054500324,0.10694699569780158,0.0,0.8196382481523291,0.6076626983840412,0.291820898527874,0.30411888004058013,0.40240608241681614,disgust,07,13,13,male,strong,1489
20,0.6673333333333333,True,1.0,0.5122898505899522,0.5030977394994921,0.5076937950447222,0.4661044631303119,-0.04699074074074072,-0.04648148148148151,0.3568332228387186,0.18935493814668944,0.1958430727437407,1.0892274912690183,0.009192111090460142,0.0005092592592592093,0.004692166070505667,0.7558593749999984,0.12817853007538818,0.10652718994846977,0.0,0.8239780760361913,0.6059751080822955,0.29128530505534317,0.3037627840030225,0.3985315083368767,disgust,07,13,13,male,strong,1489
30,1.0010000000000001,True,1.0,0.4952830333633092,0.5170308146710906,0.5061569240171999,0.9034245580177634,-0.05055555555555552,-0.048333333333333284,0.337493423169341,0.34446369998369947,0.2020867311382089,0.5602647387932171,0.021747781307781378,0.0022222222222222365,0.001723622110999929,0.4007094419843761,0.1245844177510831,0.11053685664105618,0.0,0.8323943191068924,0.6053402180168944,0.2918986450284039,0.31733098353451666,0.43288945545673113,disgust,07,13,13,male,strong,1489
40,1.3346666666666667,True,1.0,0.5557291483635985,0.5502510456084244,0.5529900969860115,0.8581367758673162,-0.05782407407407403,-0.05629629629629623,0.33921653404493196,0.23752000046327434,0.21599482955988764,0.6444078759206027,0.00547810275517413,0.0015277777777777946,0.0020022984452227432,0.4322886251532213,0.12431294094448306,0.1110138301466537,0.0,0.9999999987499999,0.6026288136739071,0.2939112943165554,0.31443649680398805,0.40974983889115807,disgust,07,13,13,male,strong,1489
50,1.6683333333333334,True,1.0,0.5530386792786571,0.5674641643447508,0.560251421811704,1.0539502041697804,-0.05370370370370364,-0.052731481481481435,0.33235318270727277,0.35393850140029937,0.20560046097837117,0.5315729524935443,0.014425485066093646,0.0009722222222222077,0.004308849886612201,0.3529276798499615,0.12682766377152577,0.10813196323378177,0.0,0.676604345545923,0.6007193310683648,0.293364550988839,0.3159278969721722,0.4139858188284883,disgust,07,13,13,male,strong,1489
60,2.0020000000000002,True,1.0,0.5171376808054303,0.5143628583617759,0.5157502695836031,0.6491977947175488,-0.053333333333333344,-0.050509259259259365,0.33711880591405446,0.2241278100810589,0.21321197890506977,0.7944424238347796,0.0027748224436544566,0.002824074074073979,0.008664590682623742,0.5223214285714283,0.12527585869275348,0.10992605241290723,0.0,0.7924630551215612,0.601411988904937,0.29122256202891333,0.3052359053899877,0.4011978133697635,disgust,07,13,13,male,strong,1489
70,2.3356666666666666,True,1.0,0.5706421030858494,0.5470199074967772,0.5588310052913132,0.865183003422954,-0.05703703703703705,-0.05504629629629626,0.33237589571411824,0.24382430096464994,0.21390636642410638,0.645910753078124,0.023622195589072192,0.001990740740740793,0.001414501844877106,0.36863047859891596,0.12599208909755136,0.10910440529712921,0.0,0.6917714012224733,0.6082624379595589,0.2922245135623413,0.3109799481857121,0.4065239564721767,disgust,07,13,13,male,strong,1489
80,2.6693333333333333,True,1.0,0.5798747486528335,0.5678972429085217,0.5738859957806777,0.9105040185399721,-0.052870370370370234,-0.05384259259259261,0.33983892075923466,0.2160125355656588,0.2160075451475421,0.6302948521862932,0.011977505744311778,0.0009722222222223742,0.0036087175857748913,0.3846609079296292,0.12659849580250984,0.10840017818704177,0.0,0.7638326757611275,0.5999613615524335,0.29193902916734193,0.3152359121506924,0.40983569842614886,disgust,07,13,13,male,strong,1489
90,3.003,True,1.0,0.5361643081706432,0.5556230862692908,0.5458936972199671,0.7079794243970343,-0.05291666666666661,-0.05208333333333337,0.348068316551712,0.19576802245106265,0.2111472472556306,0.7710587036973412,0.0194587780986476,0.0008333333333332416,0.007647077107131425,0.49101191385573534,0.12570347633360088,0.1092625730083824,0.0,0.9294633436758785,0.604091111483656,0.290770194589705,0.3049804248806254,0.40362958924944664,disgust,07,13,13,male,strong,1489
100,3.336666666666667,True,1.0,0.517549096863141,0.5276531284666925,0.5226011126649168,0.6919838399237523,-0.050555555555555465,-0.04837962962962966,0.34662645329984354,0.16542493179837833,0.20904091715924558,0.7552215565070143,0.010104031603551555,0.0021759259259258035,0.002628776445217292,0.4933115990067771,0.12717922144311766,0.10771825937883563,0.0,0.8452083075124737,0.6026332536686551,0.2908165276292322,0.3083740358989842,0.4012025484536083,disgust,07,13,13,male,strong,1489
110,3.6703333333333332,True,1.0,0.5155683003846977,0.5228524247487304,0.519210362566714,0.6986850731226227,-0.049398148148148135,-0.04828703703703707,0.3452730834499376,0.18225204565136818,0.20766864904976146,0.7431250251937042,0.007284124364032696,0.0011111111111110628,0.0016743498710764288,0.5032027800366388,0.1283582235677543,0.10631060254351675,0.0,0.7738960110594264,0.6023069064266332,0.2896688437602556,0.3098302875108084,0.4015803125784623,disgust,07,13,13,male,strong,1489
0,0.0,True,1.0,0.5187865250104684,0.48755176329915706,0.5031691441548127,0.5506903559027491,-0.05004629629629631,-0.048240740740740695,0.3395245622742407,0.2141573606288464,0.19862993294926812,0.9137061122669661,0.031234761711311343,0.0018055555555556158,0.007195767025177852,0.5943994174276026,0.1266516363346879,0.10833808556712246,0.0,0.7794532042592611,0.6121940419292716,0.28931037807405874,0.3049430808225515,0.39802830058500455,disgust,07,13,13,male,strong,1490
10,0.33366666666666667,True,1.0,0.5127087272966135,0.4582231195540445,0.485465923425329,0.5455032703860047,-0.04930555555555555,-0.0469444444444444,0.34197607035389954,0.20453875980816966,0.2007005267484722,0.8899413620046814,0.05448560774256905,0.002361111111111147,0.0034175165927515534,0.6093006270211431,0.12790416028539126,0.10685646237992277,0.0,0.8871877814232605,0.609075536191039,0.2906266801513312,0.30613715829941646,0.3980361161293105,disgust,07,13,13,male,strong,1490
20,0.6673333333333333,True,1.0,0.49723855149976104,0.4654532581141195,0.4813459048069403,0.5117186427194874,-0.048611111111111105,-0.045740740740740804,0.34325887015880086,0.2031824022562666,0.19931168024367926,0.9406456294984024,0.031785293385641566,0.002870370370370301,0.0019976553316792085,0.6783088235294128,0.12544721502620712,0.10973046073230777,0.0,0.7630800905218451,0.6092937528136255,0.290772059693297,0.3026696946095653,0.3977927753432482,disgust,07,13,13,male,strong,1490
30,1.0010000000000001,True,1.0,0.33722664659332174,0.2965428119788581,0.3168847292860899,0.7947912955886215,-0.053472222222222254,-0.053009259259259256,0.33617199073252557,0.2215726476833894,0.2083366292057002,0.39870181146285133,0.04068383461446362,0.0004629629629629983,3.828333668835686e-05,0.4222142821485887,0.12469134580759626,0.11058863436612634,0.0,0.7922257972382616,0.607275101126388,0.2941873536384566,0.31916752866466724,0.40467831347995686,disgust,07,13,13,male,strong,1490
40,1.3346666666666667,True,1.0,0.3744978606382999,0.357337792600433,0.36591782661936645,0.6493448510934465,-0.04939814814814819,-0.04777777777777786,0.3508521347451985,0.19183621228155495,0.2020837108700297,0.5635184848284992,0.01716006803786685,0.0016203703703703276,0.006157594395942381,0.5118266147412576,0.12608022512635073,0.10900254401887777,0.0,0.8846726636944978,0.6077264929956357,0.29301057523849194,0.31828611473819185,0.4033187711459618,disgust,07,13,13,male,strong,1490
50,1.6683333333333334,True,1.0,0.4597143435991669,0.46713906217579076,0.46342670288747884,0.9608377352886628,-0.052592592592592635,-0.05185185185185193,0.3190022614521568,0.3443001884784374,0.20277815402154253,0.4823152608054599,0.007424718576623857,0.0007407407407407085,0.0012391652968340313,0.33749999999999997,0.12385115227195193,0.11135782821011023,0.0,0.7071067807446058,0.6214642088944954,0.2954605799639077,0.3097167741864301,0.3959256716877058,disgust,07,13,13,male,strong,1490
60,2.0020000000000002,True,1.0,0.4295446485774972,0.4299531679418293,0.4297489082596633,0.7611870082216686,-0.05430555555555561,-0.05199074074074078,0.34620352129590226,0.24625140748213992,0.20555592671495437,0.5645773031040937,0.0004085193643321161,0.002314814814814825,3.3592457515553335e-05,0.41909215698859903,0.12407470744466882,0.11128002849947984,0.0,0.778888054542334,0.6129229047947304,0.2938751462324126,0.3135429684418516,0.40187232499740133,disgust,07,13,13,male,strong,1490
70,2.3356666666666666,True,1.0,0.5114533377615363,0.5669182251865722,0.5391857814740543,0.8653306618815214,-0.05703703703703711,-0.054444444444444406,0.3363998089656198,0.2626764141995434,0.21041992990714248,0.6230979730935249,0.05546488742503586,0.002592592592592702,0.0021481627040587092,0.40216205638419666,0.125242935614531,0.10996356146060912,0.0,0.7064652170407952,0.60344631620617,0.2940809592966905,0.3210061207022198,0.41001018438831505,disgust,07,13,13,male,strong,1490
80,2.6693333333333333,True,1.0,0.4370816672897068,0.4669902085745531,0.4520359379321299,0.6816852553634791,-0.05495370370370373,-0.05175925925925928,0.35087245253783517,0.16296296296296228,0.20972549626796166,0.6631153224681402,0.02990854128484627,0.003194444444444444,0.0012583560800394791,0.48946692978704276,0.12436189657115053,0.1109589854470103,0.0,0.697511009150017,0.608376726761017,0.29346678864802916,0.3155847657149366,0.40776064898281345,disgust,07,13,13,male,strong,1490
90,3.003,True,1.0,0.4599316960876485,0.48980494841457767,0.4748683222511131,0.5289330957598823,-0.053981481481481464,-0.05009259259259269,0.35382023365392723,0.15425332432759792,0.20763888888888893,0.8977852323059913,0.029873252326929167,0.003888888888888775,0.010005999045131162,0.625540624140335,0.12470415498814279,0.11040175520119304,0.0,0.6881941796480673,0.6058834600246349,0.2934253903674924,0.31575689263941514,0.4066766557786527,disgust,07,13,13,male,strong,1490
100,3.336666666666667,True,1.0,0.45993169608764845,0.459231186690343,0.4595814413889957,0.5142441471664484,-0.05092592592592593,-0.04601851851851857,0.35696576756434406,0.13956253153449347,0.20208484347588665,0.8937028139675458,0.0007005093973054266,0.00490740740740736,0.0046381562218785815,0.6588434903106611,0.12720422954869942,0.10768872622324935,0.0,0.7721023383982202,0.6055852141168968,0.2944034317859304,0.3174447289178487,0.4076713856056793,disgust,07,13,13,male,strong,1490
0,0.0,True,1.0,0.4826342344065905,0.47234950347148347,0.47749186893903695,0.5416549722991374,-0.055138888888888904,-0.05189814814814814,0.3456112030232683,0.2556567127793112,0.1890055825791123,0.8815424824999754,0.010284730935107012,0.0032407407407407662,0.02776624686460402,0.6097101458144386,0.13040284126782098,0.10379246967011106,0.0,0.8071345463509383,0.6107705958789766,0.2886495611229051,0.3102175661554816,0.39572908582308,disgust,07,13,13,male,strong,1491
10,0.33366666666666667,True,1.0,0.48207576257196777,0.4639930550147664,0.4730344087933671,0.585949233198458,-0.05458333333333332,-0.05069444444444443,0.33315312754646054,0.2543138998950938,0.18976072179864673,0.8072958918493076,0.018082707557201372,0.003888888888888886,0.02716660549198787,0.5794429502258707,0.12743274934100562,0.1074182115196167,0.0,0.7998305285994458,0.6117459635729292,0.2885915160832278,0.30906551620004397,0.4032210376106563,disgust,07,13,13,male,strong,1491
20,0.6673333333333333,True,1.0,0.467425143840547,0.45920417151699966,0.46331465767877333,0.5773843421778815,-0.05291666666666667,-0.05055555555555552,0.3414843792817534,0.24300272753515703,0.19172397807097866,0.8024371702411608,0.008220972323547349,0.002361111111111147,0.015643395398182755,0.5776490193615772,0.1268825132947582,0.10806759732056782,0.0,0.7840506410236986,0.6121856899556699,0.29012499600211894,0.3035344821750843,0.39826553995369846,disgust,07,13,13,male,strong,1491
30,1.0010000000000001,True,1.0,0.42976456096101867,0.3996464511340161,0.4147055060475174,1.0005224819991358,-0.0537037037037037,-0.049768518518518545,0.35095271511520415,0.2837202572832423,0.1965526216138355,0.41448894303594025,0.03011810982700258,0.003935185185185153,0.010851708048171262,0.3193675363741092,0.1264571225314787,0.108565067731988,0.0,0.6819748284259298,0.6116540543795644,0.292095039545264,0.31738638961013216,0.4188652780768949,disgust,07,13,13,male,strong,1491
40,1.3346666666666667,True,1.0,0.4291778339358099,0.39845341612341084,0.41381562502961033,0.7278802870081559,-0.052037037037037104,-0.04689814814814813,0.3731530553481698,0.18895786561735792,0.19516390952681315,0.5685215445668108,0.03072441781239904,0.0051388888888889706,0.015750914003986528,0.4235998216724407,0.12576134407738415,0.10937029809881284,0.0,0.966843724325301,0.6093057999996873,0.29255386795412675,0.31627246731162484,0.4165902707546587,disgust,07,13,13,male,strong,1491
50,1.6683333333333334,True,1.0,0.4138915973483321,0.43627882957133335,0.42508521345983274,0.820064635222261,-0.04981481481481487,-0.04708333333333331,0.3523340856270995,0.23091598009868183,0.19449191528203494,0.5183557431965378,0.022387232223001263,0.002731481481481557,0.024876519455866532,0.35949615406545754,0.1252451582438872,0.10996102994591804,0.0,0.9388658125389084,0.6036519818396108,0.2934667245990105,0.3037833579168993,0.3987344621404689,disgust,07,13,13,male,strong,1491
60,2.0020000000000002,True,1.0,0.4448733303683345,0.4952958084562053,0.4700845694122699,0.7824978126316819,-0.0634722222222221,-0.061388888888888826,0.35517394396130303,0.2656193708513831,0.2049147322715695,0.6007487328703071,0.050422478087870815,0.0020833333333332704,0.024072920976178285,0.40704843754885756,0.12593957198321518,0.1091650217752413,0.0,0.9999999987499999,0.618786899470726,0.29062299731753777,0.31696296997560824,0.41037311384500186,disgust,07,13,13,male,strong,1491
70,2.3356666666666666,True,1.0,0.4668238175945208,0.5325292984654576,0.4996765580299892,0.7379541535340073,-0.05782407407407408,-0.05601851851851847,0.3584515707843034,0.24314051855613877,0.20144343430390382,0.6771105706730907,0.0657054808709368,0.0018055555555556158,0.015428597119592607,0.4231989924059331,0.12622878789995692,0.10883046850871822,0.0,0.826101544500534,0.6047664034832684,0.29221104099172807,0.3118172613937504,0.4041051034379531,disgust,07,13,13,male,strong,1491
80,2.6693333333333333,True,1.0,0.4608449728732115,0.504941808437935,0.48289339065557324,0.7602038696545703,-0.05782407407407408,-0.05560185185185185,0.35131543807142535,0.2458137852663385,0.199336559854055,0.6352156440284835,0.04409683556472349,0.0022222222222222365,0.01864166986975831,0.4448373189486696,0.1263968274981149,0.10863526024739883,0.0,0.7113498498557641,0.6050991339582709,0.2918376845560989,0.30612711016302596,0.4012082194916422,disgust,07,13,13,male,strong,1491
90,3.003,True,1.0,0.5127087272966111,0.5036128641293889,0.508160795713,0.6804914752008986,-0.05495370370370373,-0.05189814814814814,0.3537820975471124,0.2366219332770757,0.1972690246162261,0.7467555645175097,0.009095863167222218,0.003055555555555589,0.01885731636679219,0.481196941274203,0.12821752130563155,0.10648025639015987,0.0,0.74939655574282,0.6064774480573479,0.29084450932785805,0.30532274664290976,0.397255148483438,disgust,07,13,13,male,strong,1491
100,3.336666666666667,True,1.0,0.5041711406354551,0.5332226508591291,0.5186968957472922,0.6357855192331576,-0.05291666666666672,-0.05060185185185184,0.3550410163726158,0.2142278879944046,0.19796330488050065,0.8158362844956111,0.029051510223674026,0.0023148148148148806,0.02110662406520086,0.4988802475265502,0.1271175625330364,0.10779101570295035,0.0,0.8295035156218159,0.6060172351284264,0.2919508899391679,0.3046953638518207,0.39911269047830306,disgust,07,13,13,male,strong,1491
0,0.0,True,1.0,0.5428289325009021,0.5678972429085218,0.555363087704712,0.43329866124401684,-0.058240740740740815,-0.05356481481481484,0.3953785327152333,0.13768785149535773,0.1925708079176121,1.2817096782857431,0.0250683104076197,0.004675925925925972,0.03107228177820408,0.6836132686432205,0.12825149253230345,0.1064393368728842,0.0,0.7010608854313871,0.6213850989927221,0.2853910611825216,0.30930455026668935,0.39998374015260574,surprised,08,13,13,male,normal,1492
10,0.33366666666666667,True,1.0,0.563901028802694,0.5540648960914578,0.5589829624470759,0.45305005964925477,-0.05768518518518523,-0.0524074074074074,0.3895707943864432,0.13974050796771414,0.19118344241757562,1.2338216286293682,0.009836132711236178,0.005277777777777826,0.03041828628284696,0.6800176072734777,0.12769687684107742,0.10710408683042837,0.0,0.6418316179177793,0.6208369178140005,0.28497873098710313,0.3111429467200657,0.39879516779603336,surprised,08,13,13,male,normal,1492
20,0.6673333333333333,True,1.0,0.5854261280648517,0.570288944895726,0.5778575364802889,0.43700065759101353,-0.057361111111111085,-0.05185185185185176,0.3925359368643374,0.1322516403483193,0.19111638833184727,1.322326468948023,0.015137183169125712,0.005509259259259325,0.027775230997824342,0.6836132686432188,0.12762226224350975,0.10719298461370994,0.0,0.6619302848657571,0.6243114914325104,0.28363055554996386,0.31467716080454555,0.40177325505246675,surprised,08,13,13,male,normal,1492
30,1.0010000000000001,True,1.0,0.6001612405664212,0.6080091875995135,0.6040852140829673,0.8827656955286931,-0.08453703703703702,-0.07824074074074072,0.3732954773299863,0.3651677366468874,0.22301555591072217,0.6843097972006915,0.007847947033092328,0.0062962962962963,0.032641394773975714,0.35122352381330685,0.1244061318940055,0.11090938696723268,0.0,0.6902536573967939,0.6287348970838336,0.28794406107696713,0.3375058760917937,0.4306033290930425,surprised,08,13,13,male,normal,1492
40,1.3346666666666667,True,1.0,0.6026003083543979,0.6011628103817565,0.6018815593680772,0.8956059588528883,-0.05962962962962959,-0.05537037037037046,0.35994124142066414,0.31045806089179867,0.1979818029465337,0.6720383595247403,0.0014374979726414772,0.004259259259259129,0.023109444790533333,0.37218748941808516,0.12166206511696134,0.11391277224906361,0.0,0.7071067807446058,0.6284762856627025,0.2908947574018872,0.3528813887262603,0.4455955839827741,surprised,08,13,13,male,normal,1492
50,1.6683333333333334,True,1.0,0.6699753965967937,0.6481000900340483,0.6590377433154211,0.6863840897080836,-0.07509259259259271,-0.06870370370370377,0.3344486528711096,0.31189083820662766,0.21612795291532877,0.9601588282672857,0.02187530656274539,0.006388888888888944,0.022297046646969174,0.44729699954179053,0.12397491649872493,0.11139119287154323,0.0,0.9999999987499999,0.6244227494747899,0.28990853685142515,0.329077595752176,0.421136581427246,surprised,08,13,13,male,normal,1492
60,2.0020000000000002,True,1.0,0.6294794180970423,0.6380049313033955,0.633742174700219,0.9642612013774583,-0.07351851851851854,-0.06805555555555554,0.32873447887388013,0.31603030875998506,0.21822483325163633,0.657230814425501,0.008525513206353197,0.005462962962963003,0.027326842507576898,0.3518057912582609,0.123073333472169,0.11238653103529243,0.0,0.7045362517782847,0.626631656748637,0.29058724539824426,0.3277088997825032,0.42353227556940237,surprised,08,13,13,male,normal,1492
70,2.3356666666666666,True,1.0,0.6615328601722279,0.6806470957205278,0.6710899779463779,0.9963872284354321,-0.06861111111111118,-0.06300925925925921,0.3357991410330366,0.3447870974466898,0.21750146615530386,0.6735232636413363,0.01911423554829994,0.005601851851851969,0.019637538462009507,0.34637884756705134,0.12385415416941507,0.11152545119868984,0.0,0.7508215089719562,0.6253489587944554,0.2932295623547932,0.3233314387499852,0.41073409303612773,surprised,08,13,13,male,normal,1492
80,2.6693333333333333,True,1.0,0.6280455313212254,0.6014844747749625,0.614765003048094,0.7206073466217432,-0.06462962962962959,-0.058379629629629615,0.3499180064927056,0.2423980810862245,0.20989822065203334,0.8531206432048669,0.02656105654626295,0.006249999999999978,0.02134316386626185,0.43624194767579116,0.12677519685215333,0.10819347130763332,0.0,0.9999999987499999,0.625079493211347,0.29056688665411723,0.3140353137276368,0.40267928741914727,surprised,08,13,13,male,normal,1492
90,3.003,True,1.0,0.6214359117140779,0.6442014496515484,0.6328186806828131,0.5498130720823314,-0.06462962962962954,-0.058750000000000024,0.36755384275846986,0.17592959945998826,0.20925577486501223,1.150970598582007,0.022765537937470492,0.0058796296296295125,0.02636677798368653,0.5477655505169413,0.12453938339383194,0.11075973886760389,0.0,0.9999999987499999,0.625055161939776,0.28914967161082955,0.31164590877040693,0.4080302391313209,surprised,08,13,13,male,normal,1492
100,3.336666666666667,True,1.0,0.611616246477114,0.6199310501948863,0.6157736483360001,0.5588474788112882,-0.06314814814814812,-0.057129629629629586,0.3684855237366279,0.1813387735781461,0.20786840936191575,1.1018635167609565,0.008314803717772268,0.006018518518518534,0.02786393490815279,0.5481405143222441,0.12494299070280043,0.11030424672035613,0.0,0.9396627306093013,0.6239369230504702,0.2882938740348058,0.31135808658644204,0.4036342484056627,surprised,08,13,13,male,normal,1492
0,0.0,True,1.0,0.4881703259458201,0.4548150941793587,0.4714927100625894,0.42525352700611846,-0.05328703703703702,-0.050787037037037075,0.3523111519878722,0.3003843119140149,0.16758160415573115,1.1087332147060727,0.03335523176646138,0.0024999999999999467,0.004875069411861378,0.69860130312314,0.12963469697080232,0.10475028931749655,0.0,0.8201264685808454,0.6264993834643232,0.2843690617842224,0.3108940492866115,0.4008561408829703,surprised,08,13,13,male,normal,1493
10,0.33366666666666667,True,1.0,0.47415886243923444,0.47695450941853684,0.47555668592888567,0.41061203978162597,-0.052175925925926014,-0.05037037037037029,0.353818857069313,0.30038431191401505,0.16619455793871593,1.1581654697261166,0.002795646979302402,0.0018055555555557268,0.011094106236707885,0.706174040639444,0.1280441592662533,0.10668866410424417,0.0,0.988047128995523,0.6272480773793893,0.2860729511691463,0.3061916043617046,0.3990120145564776,surprised,08,13,13,male,normal,1493
20,0.6673333333333333,True,1.0,0.5184288301644647,0.5276099920040204,0.5230194110842425,0.40253452779128557,-0.048703703703703694,-0.04847222222222208,0.3467573094177584,0.312472707081487,0.16690864798421437,1.2993156486576687,0.00918116183955564,0.00023148148148161019,0.005980514105377706,0.7521814291943354,0.12738491467244611,0.10747493328466824,0.0,0.6698369957235041,0.6280142952806123,0.28587569879199304,0.3068648818340377,0.3994265786513138,surprised,08,13,13,male,normal,1493
30,1.0010000000000001,True,1.0,0.5329217429222063,0.5080850548296716,0.5205033988759389,0.9842702025816882,-0.04689814814814813,-0.04537037037037045,0.35069564622503213,0.5206180327293289,0.16376461051231425,0.5288216564015514,0.024836688092534698,0.0015277777777776835,0.03308396474354293,0.33225048058463735,0.13102700935575678,0.10300340086824476,0.0,0.6955623674629178,0.5663043764302595,0.2594652994712198,0.3451336127862931,0.40160867002061684,surprised,08,13,13,male,normal,1493
40,1.3346666666666667,True,1.0,0.5481610863342797,0.49071167272118865,0.5194363795277341,1.3964596962670954,-0.046018518518518514,-0.04412037037037031,0.31525881186801086,0.6655263066186426,0.1638681287242683,0.37196661021886274,0.05744941361309108,0.0018981481481482043,0.029717564858129663,0.24303747829466874,0.12899692532765375,0.10553469110611244,0.0,0.6788480391505703,0.5632151332876901,0.2605584267726766,0.3302881585457177,0.37770767074611117,surprised,08,13,13,male,normal,1493
50,1.6683333333333334,True,1.0,0.5366757155280698,0.4942858289690886,0.5154807722485792,1.0192725956278006,-0.04541666666666666,-0.04199074074074072,0.3243692015900742,0.5331960959912877,0.16638241299052947,0.5057339660261141,0.04238988655898118,0.0034259259259259434,0.029940419697875694,0.3352360718354609,0.1261648948048421,0.10890453199627037,0.0,0.9010937281091068,0.622495141923957,0.29022303986866976,0.3035856250560811,0.39920238909121025,surprised,08,13,13,male,normal,1493
60,2.0020000000000002,True,1.0,0.49754445945543674,0.46517994570076665,0.4813622025781017,0.8527586861319248,-0.04611111111111105,-0.04379629629629639,0.32385752636728243,0.45041256518924677,0.16581054076482285,0.5644764578846321,0.03236451375467009,0.0023148148148146586,0.021294174365816206,0.39305316422249303,0.12678844630691305,0.10817794439505908,0.0,0.8546706317821443,0.6260903139302597,0.28858252838312975,0.3064183887543086,0.3967578937985695,surprised,08,13,13,male,normal,1493
70,2.3356666666666666,True,1.0,0.5215679070284827,0.4600415936616442,0.49080475034506343,0.6589970293081587,-0.046712962962962956,-0.044351851851851865,0.3443951247579684,0.38889919583340404,0.16656690084057127,0.744775360915253,0.06152631336683845,0.0023611111111110916,0.023505985075533253,0.5254284341788165,0.12704761888799498,0.10787344578435802,0.0,0.7613484039887584,0.6266203015815701,0.28791054184537607,0.30714336935851794,0.39515843886124813,surprised,08,13,13,male,normal,1493
80,2.6693333333333333,True,1.0,0.5122888789944344,0.49701625570852337,0.5046525673514789,0.5663124568728294,-0.04597222222222219,-0.04351851851851857,0.35684524504125587,0.34067307977866373,0.16638541898539427,0.89112037220259,0.015272623285911058,0.0024537037037036247,0.021931484903795196,0.5782362926524722,0.13259406242167365,0.1009781777497406,0.0,0.7071067807446058,0.5607847624127775,0.25583704669888035,0.3362958453508138,0.364138904675915,surprised,08,13,13,male,normal,1493
90,3.003,True,1.0,0.5189718066400311,0.4891121473203913,0.5040419769802111,0.5269100596431309,-0.04759259259259252,-0.04574074074074075,0.3530270926276989,0.3210223997201668,0.16707814602556573,0.9565996468573631,0.029859659319639742,0.0018518518518517713,0.024832796660623404,0.6100433341362372,0.12760546213915772,0.10721298336826046,0.0,0.774486580100805,0.6263491088779263,0.28733585936277933,0.3076763244753061,0.3988855776283721,surprised,08,13,13,male,normal,1493
0,0.0,True,1.0,0.5339751957659192,0.5479076927335401,0.5409414442497297,0.48760176610250644,-0.04819444444444437,-0.050277777777777755,0.3523707030124021,0.31694409415480473,0.16399359797450994,1.1093918887406364,0.013932496967620889,0.0020833333333333814,0.02176497874726644,0.6321195467582751,0.12983261478740857,0.10450487983070686,0.0,0.6967920352082441,0.6299350030559099,0.2841384968258351,0.311107077786153,0.3932716966295395,surprised,08,13,13,male,normal,1494
10,0.33366666666666667,True,1.0,0.5425325248712921,0.5574387947269303,0.5499856597991112,0.5106652588213031,-0.04912037037037037,-0.05032407407407408,0.3437258369025758,0.33720269129098623,0.1646876008887789,1.0769983865136348,0.014906269855638143,0.0012037037037037068,0.03155731279711248,0.6136100824314723,0.1284671397101792,0.10617896112376458,0.0,0.7978671694685643,0.6295416236963536,0.28569553734181696,0.30985985368710733,0.3964283814160762,surprised,08,13,13,male,normal,1494
20,0.6673333333333333,True,1.0,0.5334888348682404,0.5391621129326045,0.5363254739004224,0.4749642261191579,-0.047083333333333255,-0.04902777777777778,0.3509440133895844,0.3331367481167875,0.16336312596803015,1.1291913041170185,0.005673278064364129,0.0019444444444445264,0.03020363703956809,0.6692340986330232,0.12708789298635684,0.10782599513489631,0.0,0.6968000967432918,0.6308836850208833,0.2862036320143944,0.30807165263673114,0.39438433434806114,surprised,08,13,13,male,normal,1494
30,1.0010000000000001,True,1.0,0.4123388014879901,0.4592139232036398,0.43577636234581496,0.9458617358185987,-0.043564814814814834,-0.04481481481481486,0.33898459174957773,0.4191044538453869,0.166194557938716,0.4607188829439972,0.04687512171564967,0.0012500000000000289,0.02391229801440117,0.32786486250459035,0.13107802305724675,0.10293847503516779,0.0,0.6674282408770283,0.5672852017369447,0.2634580772066406,0.3212874389169769,0.36460464359565,surprised,08,13,13,male,normal,1494
40,1.3346666666666667,True,1.0,0.4214841762173248,0.4225716997275249,0.4220279379724249,0.6447207374903243,-0.04527777777777775,-0.04555555555555557,0.34950282384344716,0.3655725295484537,0.17109038080142838,0.654590295350564,0.0010875235102000835,0.0002777777777778212,0.018361746772962886,0.49322179309518943,0.1259306811526952,0.1091752779474504,0.0,0.76087765702494,0.6384326855585986,0.28935843308223025,0.3058923325892788,0.39222546366994876,surprised,08,13,13,male,normal,1494
50,1.6683333333333334,True,1.0,0.4618613990283443,0.489035328029562,0.47544836352895314,1.1664465943397309,-0.04379629629629633,-0.04550925925925925,0.3462848694465583,0.5082396702881,0.16974854687787153,0.40760405648754244,0.027173929001217734,0.0017129629629629162,0.019170606524822543,0.2694725838394482,0.13066798447056227,0.10345847285502038,0.0,0.6740341459603858,0.5672795604335484,0.2655563226281084,0.3121610037703344,0.36429693469380564,surprised,08,13,13,male,normal,1494
60,2.0020000000000002,True,1.0,0.45274562885503855,0.45920417151699855,0.45597490018601855,0.8707127603068888,-0.04495370370370366,-0.04675925925925922,0.33285390355248023,0.4196174636505521,0.1717238184095274,0.5236800480853261,0.006458542661959998,0.0018055555555555602,0.013052577710786368,0.35321157154988053,0.12736782612089906,0.10749518426361748,0.0,0.6912017510317983,0.6262356216158338,0.28717514697990854,0.31045528235315045,0.39773872332937665,surprised,08,13,13,male,normal,1494
70,2.3356666666666666,True,1.0,0.47187585923482545,0.4754088553519451,0.4736423572933853,0.775409714858796,-0.04523148148148143,-0.045138888888888895,0.34786765874824305,0.3873424306373724,0.1689307481077676,0.6108285055206417,0.0035329961171196578,9.259259259253305e-05,0.018387833339452236,0.42191830209106224,0.1268622280385279,0.10809140977743915,0.0,0.7135559929971428,0.6294736380489696,0.2869650523060744,0.3104404710882617,0.39808755537363116,surprised,08,13,13,male,normal,1494
80,2.6693333333333333,True,1.0,0.47471138958571185,0.4890353280295608,0.4818733588076363,0.6623060767551492,-0.04462962962962963,-0.046157407407407425,0.3570816323209383,0.35251285422500606,0.16831684520001686,0.7275689831633271,0.014323938443848938,0.0015277777777777946,0.017857749563190372,0.49072890601341507,0.12849997943678357,0.10613921544632421,0.0,0.6959693767692663,0.6300978338835533,0.28605140466774864,0.31024485927659284,0.3953027073286448,surprised,08,13,13,male,normal,1494
90,3.003,True,1.0,0.45717386982624736,0.47436809911327016,0.46577098446975873,0.6597487698182333,-0.04550925925925914,-0.04777777777777775,0.36033061126158533,0.33681900238436757,0.16827513866328836,0.7059823462771788,0.0171942292870228,0.002268518518518614,0.01892783337288394,0.5029021183368955,0.12801199461298024,0.10672725521588142,0.0,0.8179462933143381,0.6284666088544795,0.2861234882808041,0.31050767398650814,0.3943921386694259,surprised,08,13,13,male,normal,1494
0,0.0,True,1.0,0.4079606190095936,0.40639581235896083,0.4071782156842772,0.5220282048765353,-0.04819444444444443,-0.04865740740740737,0.3418523240543169,0.34264907325613725,0.16536822867081508,0.7799927511207536,0.001564806650632744,0.0004629629629629428,0.02851447127392132,0.6126701116299722,0.13021248752964965,0.10403117735690993,0.0,0.7554925100607702,0.6262651461443953,0.2826841155388982,0.31161381582502257,0.3935807374966742,surprised,08,13,13,male,normal,1495
10,0.33366666666666667,True,1.0,0.50479886459457,0.5038338802634063,0.5043163724289881,0.5425594365611065,-0.04865740740740743,-0.04768518518518511,0.3408822117089777,0.3537822797620059,0.16608985835800663,0.9295135950919706,0.0009649843311637651,0.0009722222222223187,0.02659502339326101,0.5646168600153166,0.12700522101968978,0.10792335986313127,0.0,0.693781408216686,0.6297919730392157,0.2848029713042712,0.3094987660375001,0.39409606859542484,surprised,08,13,13,male,normal,1495
20,0.6673333333333333,True,1.0,0.4571342922309945,0.4522965018207114,0.45471539702585295,0.555087511878348,-0.045277777777777695,-0.04712962962962958,0.344398215321116,0.367176263850186,0.1654272719466866,0.8191778544740663,0.004837790410283094,0.0018518518518518823,0.023941113174979614,0.5645044157089639,0.12805808639393337,0.10667194701381767,0.0,0.6888151343007689,0.6315359521855618,0.28563474025959423,0.3105241558512022,0.3935351394766192,surprised,08,13,13,male,normal,1495
30,1.0010000000000001,True,1.0,0.3285315381624245,0.34315957250724916,0.33584555533483684,1.1726566518210781,-0.03898148148148145,-0.04060185185185183,0.32250221112361793,0.5132951376817949,0.16831684520001677,0.28639717756538985,0.01462803434482468,0.0016203703703703831,0.018952939598267732,0.28989913045779336,0.12534788689885243,0.1098439120772944,0.0,0.6907627339896746,0.6302662673975841,0.28736710011672106,0.3162140967421945,0.4131947627878337,surprised,08,13,13,male,normal,1495
40,1.3346666666666667,True,1.0,0.3922618571467781,0.3487322823443405,0.3704970697455593,0.6968882364835025,-0.04092592592592592,-0.04046296296296287,0.3400453746341329,0.34751003418628557,0.17317062174662043,0.531644889882325,0.043529574802437576,0.00046296296296305384,0.011827848880945173,0.4594909812358133,0.12579146875530448,0.10933564907600253,0.0,0.7882625642131319,0.6256603331176221,0.28645939426898837,0.31227610784308213,0.40652252909092457,surprised,08,13,13,male,normal,1495
50,1.6683333333333334,True,1.0,0.3983681381107542,0.38316374918316715,0.3907659436469607,0.7953031857044043,-0.04222222222222233,-0.04249999999999993,0.34149408748366966,0.40458519673086824,0.17536626361993232,0.49134210785394655,0.015204388927587076,0.00027777777777759916,0.014647538665832039,0.3961898131131078,0.12645606901307718,0.10856629486280098,0.0,0.6971357522501459,0.6251730456244998,0.28580914938551566,0.3111015601121809,0.39956240424531897,surprised,08,13,13,male,normal,1495
60,2.0020000000000002,True,1.0,0.4134291358854459,0.39848222548032364,0.4059556806828848,0.9850036787236651,-0.04384259259259271,-0.04365740740740742,0.33641047091230053,0.4241663566907847,0.1765618171624511,0.41213620766260345,0.014946910405122249,0.00018518518518528815,0.024046764607434296,0.33878553188302873,0.12772135745523774,0.10707489257763626,0.0,0.6712321520089687,0.6214314075786564,0.2872484738567276,0.31449733789950185,0.4031390616464388,surprised,08,13,13,male,normal,1495
70,2.3356666666666666,True,1.0,0.4134291358854453,0.4444088450148839,0.4289189904501646,0.7301838766084819,-0.044120370370370365,-0.04472222222222222,0.34467384007173324,0.372444644843627,0.17596563653248487,0.5874123000940311,0.03097970912943865,0.0006018518518518534,0.019522281705862787,0.4494423644624805,0.12655172012462587,0.10845478276216024,0.0,0.8969106851900589,0.6237304938928697,0.285718667738769,0.30875510777787674,0.3957493220077654,surprised,08,13,13,male,normal,1495
80,2.6693333333333333,True,1.0,0.41528347602803295,0.46043215274992955,0.43785781438898125,0.6903860060500376,-0.04425925925925922,-0.0444444444444444,0.34946429311423627,0.33040930022754506,0.17247719980380152,0.634221740521847,0.0451486767218966,0.00018518518518517713,0.02176443760300251,0.4671062113399929,0.12825688764404705,0.10643283582882691,0.0,0.6772750431487519,0.6230620661389557,0.28595403687561,0.3099867398443674,0.39329931686226577,surprised,08,13,13,male,normal,1495
90,3.003,True,1.0,0.45234565120515957,0.48359521512232595,0.46797043316374276,0.7152900974905421,-0.04398148148148151,-0.045416666666666716,0.3482419814344906,0.35754685904988215,0.17313008447457534,0.654238657581766,0.03124956391716638,0.001435185185185206,0.015163992642399904,0.4588006588468606,0.12810890588405924,0.10661090940342366,0.0,0.7415274359423893,0.6217776882471739,0.285136010646345,0.30919863685411775,0.39509971902885005,surprised,08,13,13,male,normal,1495
0,0.0,True,1.0,0.48939715649750765,0.4966058480001014,0.4930015022488045,0.4039703943963106,-0.05074074074074081,-0.04703703703703693,0.35780499566191326,0.2811097159859494,0.1634415665969691,1.220390179794094,0.007208691502593734,0.0037037037037038756,0.01899473083190512,0.7836634354913785,0.1265206712430238,0.10849100201756755,0.0,0.6830979884441167,0.6257765399597338,0.28724649317857687,0.3021220157480451,0.39180909748644294,surprised,08,13,13,male,strong,1496
10,0.33366666666666667,True,1.0,0.5127358609914575,0.494285828969088,0.5035108449802728,0.4015023979710788,-0.049398148148148024,-0.046157407407407314,0.36246226300401474,0.3005814051908784,0.16058826598777404,1.2540668437465767,0.0184500320223695,0.0032407407407407107,0.030225365766713214,0.7628436721867593,0.12894738882270781,0.1055952114754304,0.0,0.6931962164517685,0.624555821172219,0.28794744501197267,0.3076863161512014,0.3928710920454763,surprised,08,13,13,male,strong,1496
20,0.6673333333333333,True,1.0,0.48240823638637664,0.4844540495595226,0.48343114297294965,0.3980592070751376,-0.048981481481481515,-0.046805555555555434,0.3680527791139333,0.28341443564744023,0.15993273439596586,1.2144704465577083,0.0020458131731459495,0.002175925925926081,0.0223819736176177,0.7642637044247161,0.1274134680849906,0.10726360973628572,0.0,0.6500826528830486,0.6256454654752526,0.28908708891908586,0.3080530986506049,0.3965599513069645,surprised,08,13,13,male,strong,1496
30,1.0010000000000001,True,1.0,0.5127087272966121,0.5062118837006135,0.5094603054986129,1.2617997462754047,-0.05504629629629626,-0.051342592592592606,0.35427006945724654,0.5866828475212529,0.1718761398671518,0.403756861580012,0.006496843595998558,0.0037037037037036535,0.02828016497577877,0.2748612314521515,0.12947197220929252,0.1045876583923112,0.0,0.6316893936777009,0.5651661002213385,0.2583571130276576,0.3549933362312098,0.40139429073635685,surprised,08,13,13,male,strong,1496
40,1.3346666666666667,True,1.0,0.5045878004942022,0.43953420922497133,0.47206100485958674,0.8934326300558261,-0.05874999999999997,-0.053611111111111054,0.3456135831702501,0.39343009089464415,0.18387187119666,0.5283677682894681,0.06505359126923083,0.005138888888888915,0.03064628707028758,0.37309285795002173,0.12622043522944282,0.10884015573730686,0.0,0.6952850778122491,0.6229025951630652,0.2880261674366007,0.3247648150478068,0.4266686148738328,surprised,08,13,13,male,strong,1496
50,1.6683333333333334,True,1.0,0.512435668342124,0.5007575640338806,0.5065966161880022,0.5587009813659704,-0.05370370370370364,-0.05166666666666664,0.33582750337975964,0.3488051148812569,0.18168052317185793,0.9067401581243371,0.011678104308243342,0.002037037037037004,0.03395398609867424,0.5646168600153154,0.12586744937320896,0.10907364031299817,0.0,0.9999999987499999,0.6202002867944053,0.2884933319853073,0.3039442602353487,0.3984738556399416,surprised,08,13,13,male,strong,1496
60,2.0020000000000002,True,1.0,0.42193018161813706,0.4019389123245595,0.4119345469713483,0.9454383833153275,-0.05009259259259258,-0.04958333333333337,0.32322501167823475,0.40015509015197387,0.18176491043657364,0.4357074498359538,0.01999126929357753,0.0005092592592592093,0.023795998782211236,0.33715544565414446,0.12398833456301911,0.1113762571753078,0.0,0.9999999987499999,0.6231678003857793,0.2886793064962426,0.3114341653935171,0.4071694650746341,surprised,08,13,13,male,strong,1496
70,2.3356666666666666,True,1.0,0.467159260753003,0.4604711455034583,0.46381520312823066,1.058225590768907,-0.04972222222222222,-0.04898148148148157,0.33947128270297766,0.3678829283895849,0.1874908419911767,0.43829520583718107,0.006688115249544713,0.000740740740740653,0.023386066406416394,0.33904896538083745,0.127084901857595,0.10782952049610672,0.0,0.6585474793927789,0.6240075726071678,0.2888613280037446,0.31423101681002075,0.40491971388526077,surprised,08,13,13,male,strong,1496
80,2.6693333333333333,True,1.0,0.5196206444119421,0.5009849597202328,0.5103028020660875,0.9267276877954689,-0.05226851851851849,-0.049537037037037046,0.3400593299554544,0.38713929188825436,0.18528678367595916,0.5506502166564301,0.018635684691709287,0.002731481481481446,0.03445935661533565,0.3809999815753025,0.12721731865121472,0.10714112078529592,0.0,0.7078199914920639,0.6186566079244198,0.28946522420323756,0.31249358353668205,0.39893218951661785,surprised,08,13,13,male,strong,1496
90,3.003,True,1.0,0.5511891793019097,0.5066348080742477,0.5289119936880786,0.8419250665905851,-0.05254629629629626,-0.05060185185185184,0.3445705770833111,0.39057864905242695,0.18320987024948612,0.6282174206190729,0.04455437122766204,0.0019444444444444153,0.03115573083425641,0.395068353478044,0.12591919837800966,0.10918852160415475,0.0,0.8272998990116582,0.6194826920924621,0.2897617127265877,0.3075785228218344,0.3980830276031688,surprised,08,13,13,male,strong,1496
0,0.0,True,1.0,0.5016466423885312,0.524590163934426,0.5131184031614786,0.4892389743987438,-0.049166666666666636,-0.05157407407407405,0.35017036228701287,0.3331367481167884,0.1611494639848281,1.0488093345222174,0.02294352154589485,0.0024074074074074137,0.03174704913151671,0.6497075506717886,0.1290606641942657,0.1054567339177337,0.0,0.6618748394024441,0.6223043826749449,0.2893493274884628,0.304941789459263,0.3952972228179771,surprised,08,13,13,male,strong,1497
10,0.33366666666666667,True,1.0,0.5051784944279448,0.4888208035566505,0.49699964899229765,0.5029798866583941,-0.047824074074074074,-0.048888888888888926,0.3529918087184052,0.3250574515191843,0.16460604611541985,0.9881103840834932,0.01635769087129435,0.0010648148148148517,0.023693844283335225,0.6504251982354747,0.12757217333076312,0.10725259140119635,0.0,0.6686594307964863,0.6237458927555397,0.28975217249284574,0.3027561265850089,0.3960659754505749,surprised,08,13,13,male,strong,1497
20,0.6673333333333333,True,1.0,0.4788359196543357,0.49709844905393286,0.4879671843541343,0.5974080193381993,-0.04712962962962969,-0.04842592592592598,0.34814225101473073,0.35083847943101043,0.1632617510434727,0.8168072214609671,0.01826252939959716,0.0012962962962962954,0.022779493857857634,0.5207068514435632,0.1273337340441055,0.10735825071856242,0.0,0.679208017092979,0.6220982074939351,0.2900367610334752,0.30100455918725294,0.3905245932516236,surprised,08,13,13,male,strong,1497
30,1.0010000000000001,True,1.0,0.5106420598861008,0.5035357470542623,0.5070889034701815,0.8913005738166733,-0.0476388888888889,-0.04870370370370375,0.40652615019230254,0.4201303018316749,0.1709476243700911,0.5689314226498882,0.0071063128318384905,0.0010648148148148517,0.015175231527705139,0.35611337267521714,0.1254203157873771,0.10976120515994907,0.0,0.699461556082509,0.6287381141284639,0.2888269928306566,0.31275488209744123,0.4168991482000254,surprised,08,13,13,male,strong,1497
40,1.3346666666666667,True,1.0,0.36050902398094714,0.36753002028126514,0.3640195221311061,0.7252179833026385,-0.04032407407407407,-0.04148148148148145,0.37909384941888313,0.1709553451649585,0.17176291084958745,0.5019449744935492,0.007020996300317994,0.0011574074074073848,0.017736777965683997,0.41542117179644406,0.12339923001871006,0.1120286026019105,0.0,0.6918088455680222,0.6259602022449605,0.29236911116401487,0.3087177111130504,0.42012671357718767,surprised,08,13,13,male,strong,1497
50,1.6683333333333334,True,1.0,0.43219285790266887,0.4370703302405897,0.4346315940716293,1.0279393525544558,-0.041388888888888864,-0.04162037037037042,0.36071561981190137,0.318426492383558,0.16893074810776754,0.4228183238549615,0.004877472337920852,0.00023148148148155467,0.013279384703750625,0.2725830797457996,0.129260479797401,0.10521172051373132,0.0,0.7002914875140758,0.5731883761317027,0.2687678557333187,0.315487086163397,0.3700731216669744,surprised,08,13,13,male,strong,1497
60,2.0020000000000002,True,1.0,0.42680980450108275,0.44460602558956375,0.43570791504532325,0.7558762278360044,-0.04208333333333336,-0.04217592592592595,0.3729477780460104,0.3009343940491907,0.17298019039000134,0.5764275935660922,0.017796221088481,9.259259259258856e-05,0.005126686212851794,0.38717112974105283,0.13073670370097462,0.1033716212329123,0.0,0.8078866949360695,0.5669553853650836,0.26694011518106275,0.32051232526464557,0.3741463351210878,surprised,08,13,13,male,strong,1497
70,2.3356666666666666,True,1.0,0.4576014471544886,0.46634618654342214,0.46197381684895533,0.9202591677234293,-0.04444444444444445,-0.04217592592592595,0.34439558503826817,0.36200762108991724,0.17014292463502945,0.502004036527887,0.008744739388933553,0.002268518518518503,0.002725575427119628,0.3323152325571086,0.12560272240309783,0.10955242532801471,0.0,0.9999999987499999,0.6220191391478466,0.28971528544742087,0.2957382378070061,0.3877235252518821,surprised,08,13,13,male,strong,1497
80,2.6693333333333333,True,1.0,0.4957489288768012,0.4872519992069996,0.4915004640419004,0.8569518501041927,-0.04518518518518522,-0.04509259259259252,0.3467642322090118,0.3324225848189028,0.17083377993145385,0.5735450177068189,0.008496929669801645,9.259259259269959e-05,0.0005162487622170546,0.37821497224029904,0.12599594216276408,0.10892518708427823,0.0,0.7307926908990325,0.620369256265006,0.2895032947866701,0.2988813136350518,0.38940340570385,surprised,08,13,13,male,strong,1497
90,3.003,True,1.0,0.49530452803058234,0.4871061351854496,0.49120533160801594,0.7791866955475217,-0.04564814814814816,-0.04509259259259257,0.36130121635532486,0.3318758147702404,0.17083377993145385,0.6304077500487274,0.00819839284513274,0.0005555555555555869,6.124039798313866e-05,0.4062499999999995,0.1272816416269129,0.10759721871519447,0.0,0.7010536262132087,0.6197786734928347,0.28769481478136455,0.30127381332941267,0.39135690234947473,surprised,08,13,13,male,strong,1497
0,0.0,True,1.0,0.5266241111317952,0.5049506177758566,0.5157873644538259,0.49524440799215197,-0.04847222222222225,-0.046666666666666745,0.3557191803384659,0.29843992000162806,0.1695326723072839,1.0414804410310463,0.0216734933559386,0.0018055555555555047,0.006210906532159492,0.6146158553922819,0.12720119321709275,0.10769231270078489,0.0,0.7067879388532393,0.6224416220707033,0.28578636030132387,0.2998625271768076,0.3908181751628906,surprised,08,13,13,male,strong,1498
10,0.33366666666666667,True,1.0,0.5178780161974933,0.497012509933152,0.5074452630653227,0.5478606380105637,-0.04902777777777784,-0.04675925925925928,0.34952419820138203,0.3034041930749227,0.16878661712096907,0.9262305554711857,0.020865506264341305,0.0022685185185185586,0.015438563845928767,0.5780674216440126,0.127973361192836,0.10677357629933759,0.0,0.6661687025934182,0.6230818373599439,0.2854364536459096,0.3030713374397262,0.3942699898187962,surprised,08,13,13,male,strong,1498
20,0.6673333333333333,True,1.0,0.5203810782956482,0.5092336807397038,0.514807379517676,0.5333399083529184,-0.048611111111111105,-0.04749999999999993,0.3508730341447347,0.318483570249977,0.16740669132805944,0.9652519368136628,0.011147397555944405,0.0011111111111111738,0.001625270813523966,0.5943268721881261,0.1276303004407893,0.10718341373598399,0.0,0.8369241409736757,0.6241226314979117,0.28662463354305573,0.30035915279281433,0.3922077638701483,surprised,08,13,13,male,strong,1498
30,1.0010000000000001,True,1.0,0.5397952151722833,0.5590180105303575,0.5494066128513204,1.1339992139498136,-0.07152777777777775,-0.07055555555555554,0.34315963001102856,0.40608258143721193,0.20071307091842525,0.4844858850807237,0.01922279535807414,0.0009722222222222077,0.0044115114144525,0.2739741973976398,0.1260654202141781,0.10901966610107805,0.0,0.7001811005608534,0.6269165267982193,0.28698912806463855,0.314099741765592,0.4112032883263197,surprised,08,13,13,male,strong,1498
40,1.3346666666666667,True,1.0,0.4963192071784678,0.5098017565487781,0.503060481863623,0.7819059714263416,-0.06699074074074074,-0.0691666666666666,0.3645005589435131,0.22746355532402598,0.21183473035207934,0.6433772093413577,0.013482549370310348,0.002175925925925859,0.005828009085553669,0.3988636363636372,0.12442249857331991,0.1108910258722346,0.0,0.8110666953474481,0.6298515266106444,0.2872293541962717,0.3174542823232468,0.4221243230878745,surprised,08,13,13,male,strong,1498
50,1.6683333333333334,True,1.0,0.5326592470574965,0.5392901554503442,0.5359747012539203,0.785567964525078,-0.06490740740740747,-0.06625000000000003,0.38044727985050447,0.20671834625322938,0.2070166909043381,0.6822766780948718,0.006630908392847745,0.001342592592592562,0.002011333299906027,0.38484968207444975,0.12493895150570385,0.11030882180088832,0.0,0.6909345865607904,0.6283255375744048,0.2874898391787169,0.31358255286730474,0.41117909528772445,surprised,08,13,13,male,strong,1498
60,2.0020000000000002,True,1.0,0.573249995785234,0.5777777777777781,0.575513886781506,0.7704154411673131,-0.060694444444444495,-0.06254629629629627,0.35812827910062167,0.23703703703703619,0.20353558059849144,0.7470175908072436,0.004527781992544111,0.0018518518518517713,0.0025791035788864944,0.4114832150141279,0.12408458116836157,0.11126901853887737,0.0,0.630198209685399,0.6275529033566553,0.2892780655397705,0.31216975939857994,0.4083417065419572,surprised,08,13,13,male,strong,1498
70,2.3356666666666666,True,1.0,0.5781342107922965,0.5715931291357456,0.574863669964021,0.9316562892885454,-0.05629629629629629,-0.05606481481481479,0.36480511623870837,0.2866205473588418,0.18971367571775183,0.6170340677923323,0.006541081656550984,0.00023148148148149916,0.015359587917646694,0.320513692652139,0.1268659956091393,0.10808698778620997,0.0,0.6696324845844144,0.6247419104204182,0.2897857980383933,0.3113969236518316,0.40026718092725583,surprised,08,13,13,male,strong,1498
80,2.6693333333333333,True,1.0,0.5574579397800832,0.5337741058767167,0.5456160228283999,0.8355205711756911,-0.05467592592592596,-0.052222222222222114,0.36258183838631763,0.2735892413146227,0.18359324209445102,0.6530252415696288,0.02368383390336648,0.0024537037037038467,0.01558861357793235,0.36998762991742257,0.1267397542248898,0.10823498727099228,0.0,0.9999999987499999,0.6258601567970938,0.2871882774396573,0.31018755909848705,0.39877451696400895,surprised,08,13,13,male,strong,1498
90,3.003,True,1.0,0.5871259479690911,0.5624807189321395,0.5748033334506153,0.7297385764607541,-0.05291666666666672,-0.05268518518518511,0.3711146430655462,0.252365682562335,0.1821858158287782,0.7876839076240457,0.024645229036951655,0.00023148148148161019,0.01792590818194408,0.4254034611295869,0.12407246131989795,0.11042319672251988,0.0,0.7963530328716104,0.6284433690272985,0.2874838706313212,0.3068004713666419,0.398491640869696,surprised,08,13,13,male,strong,1498
0,0.0,True,1.0,0.49865814093455674,0.5273401780846275,0.5129991595095922,0.4955010634700487,-0.046388888888888924,-0.04962962962962969,0.35215138893708564,0.26946340463580426,0.1729801903900014,1.0353139424505013,0.028682037150070783,0.0032407407407407662,0.03613819414366647,0.6146158553922831,0.1291867925393164,0.10530218613225491,0.0,0.7209000336607763,0.6247827256214986,0.2855106218662362,0.3061298775002348,0.38665915901624753,surprised,08,13,13,male,strong,1499
10,0.33366666666666667,True,1.0,0.5067719613191962,0.5208281941033635,0.5138000777112799,0.5231323781496596,-0.04722222222222222,-0.04912037037037037,0.3465404532119935,0.29112129144275256,0.16950926939060426,0.982160728664151,0.014056232784167233,0.0018981481481481488,0.035319407166330245,0.6126701116299724,0.1267083393693628,0.1082717622689087,0.0,0.6688860717486771,0.6252970728291316,0.28659787442863277,0.3015004773047036,0.3879061170152878,surprised,08,13,13,male,strong,1499
20,0.6673333333333333,True,1.0,0.5237214767176097,0.5518667206195658,0.5377940986685877,0.573743626774493,-0.04736111111111113,-0.049814814814814756,0.34472327162116245,0.30167301757493103,0.17160293092747084,0.9373421743993768,0.028145243901956052,0.0024537037037036247,0.030786635990867662,0.5644006880832501,0.1268204994395411,0.10814036569411045,0.0,0.7743621079791513,0.6269520454353616,0.2872771665853627,0.3043769176222552,0.3924205742229208,surprised,08,13,13,male,strong,1499
30,1.0010000000000001,True,1.0,0.5256763809449824,0.5392901554503448,0.5324832681976636,1.3654072496093101,-0.05773148148148155,-0.06060185185185185,0.3171899367094458,0.5656655462649498,0.1834835015461247,0.38998128093286843,0.013613774505362386,0.002870370370370301,0.015544144857764723,0.2447895780600617,0.12408643976163536,0.11126694584437392,0.0,0.7071067807446058,0.6289507444696628,0.29047101285964266,0.31056817289978894,0.41266800370076206,surprised,08,13,13,male,strong,1499
40,1.3346666666666667,True,1.0,0.5025286741102114,0.510018214936247,0.5062734445232292,0.7266060027670614,-0.053842592592592664,-0.05625000000000002,0.3688960592647205,0.27699561823026214,0.18563420824815238,0.6967647426462737,0.00748954082603559,0.002407407407407358,0.013894496265142067,0.42512794985377544,0.12341186334581858,0.1120146854451459,0.0,0.9999999987499999,0.6335748891978666,0.2893339975447471,0.3135611618410763,0.42233062297886653,surprised,08,13,13,male,strong,1499
50,1.6683333333333334,True,1.0,0.5480670599780249,0.5723773115890424,0.5602221857835337,0.5062866635229991,-0.05384259259259261,-0.056157407407407434,0.35747175842266876,0.2748782749368246,0.18556514895392778,1.1065315880241124,0.02431025161101752,0.002314814814814825,0.014313993060024628,0.5971798574099262,0.12966563684323507,0.1047119878183664,0.0,0.7053583256535657,0.5746753678893433,0.2663642549144429,0.3084442469554604,0.3620900951726161,surprised,08,13,13,male,strong,1499
60,2.0020000000000002,True,1.0,0.5067147827650926,0.533099376713716,0.5199070797394043,0.8048236995250755,-0.0535648148148149,-0.05560185185185185,0.34726455378737847,0.3112296268121263,0.19039362020939674,0.6459887799603816,0.02638459394862336,0.0020370370370369484,0.011714822341316442,0.36273509982131125,0.13039699424298382,0.10379981533355108,0.0,0.7455645850455112,0.5688579814503927,0.2677283438068937,0.3252070828757413,0.3705258067190928,surprised,08,13,13,male,strong,1499
70,2.3356666666666666,True,1.0,0.5624807189321395,0.5875721220856256,0.5750264205088825,0.9406956583187192,-0.056296296296296344,-0.05666666666666659,0.35194012627728105,0.33590918243394524,0.18757973565010289,0.6112778510497351,0.025091403153486125,0.00037037037037024323,0.016827955665435063,0.3217689607343437,0.12547563279211896,0.1096979641830744,0.0,0.7134284168540245,0.6239052098417491,0.2903107610370423,0.30419238603555965,0.3951700680344826,surprised,08,13,13,male,strong,1499
80,2.6693333333333333,True,1.0,0.5128924763089963,0.568427317400094,0.5406598968545451,0.7571034188265037,-0.05324074074074081,-0.0559722222222222,0.36507590714080107,0.2571149826671857,0.18474865360190318,0.7141163061878097,0.05553484109109774,0.0027314814814813904,0.01654235569676995,0.3820539549919394,0.12510365226491352,0.11012199580626494,0.0,0.7108395747952092,0.6223628963694854,0.28910330982365395,0.30457906422924175,0.39793491635404005,surprised,08,13,13,male,strong,1499
90,3.003,True,1.0,0.5626007576367942,0.5592591348613827,0.5609299462490884,0.6435100128926028,-0.05351851851851852,-0.05541666666666667,0.36503843641950134,0.250253893902678,0.18338368042406805,0.871672444889686,0.0033416227754115013,0.0018981481481481488,0.010197146930220492,0.4755195339420814,0.12729651394146313,0.10757962311224435,0.0,0.690829608878331,0.6245126887630054,0.2877576259506092,0.3051034476151011,0.3982878479689958,surprised,08,13,13,male,strong,1499
0,0.0,True,1.0,0.6052497533494867,0.5733603955989796,0.5893050744742332,0.41481481481481475,-0.05046296296296299,-0.052453703703703614,0.3515194249356258,0.2074074074074068,0.18125168372062772,1.4206461616789552,0.031889357750507163,0.0019907407407406263,0.015424573454532282,0.7031250000000004,0.12786035244428798,0.10690887729060844,0.0,0.9170002353663236,0.6325859136545242,0.28172683912554053,0.3000812922106637,0.3928362386714165,neutral,01,13,13,male,normal,1500
10,0.33366666666666667,True,1.0,0.577006033788222,0.5683060109289619,0.5726560223585919,0.387096774193548,-0.05032407407407408,-0.053657407407407376,0.3622599976957711,0.21505376344085936,0.17777777777777776,1.4793613910930306,0.008700022859260081,0.0033333333333332993,0.013556405774261223,0.7916666666666665,0.12796877992245004,0.10677906693664506,0.0,0.8820672066114107,0.6357041635247849,0.28309001058946626,0.30338206724782274,0.39467153207979255,neutral,01,13,13,male,normal,1500
20,0.6673333333333333,True,1.0,0.2914829610763525,0.3639731588616979,0.3277280599690252,0.6535194579860197,-0.061342592592592615,-0.06217592592592591,0.3391515708258037,0.29626209801689696,0.180559358475242,0.5014817171305036,0.07249019778534538,0.0008333333333332971,0.004667930427040585,0.4838460619475756,0.12615598275917786,0.10891485566521372,0.0,0.8933198928874007,0.6355536631293142,0.28329537522122805,0.2968208448122239,0.38984983125871453,neutral,01,13,13,male,normal,1500
30,1.0010000000000001,True,1.0,0.5343739847293804,0.544590160189604,0.5394820724594922,0.8298489628274016,-0.05444444444444446,-0.053657407407407376,0.3550912366065537,0.312997964879756,0.1798628078333204,0.6500967002735145,0.010216175460223686,0.000787037037037086,0.02220934031396087,0.35697429806017006,0.12723046206113453,0.10765773216240763,0.0,0.6735540702864657,0.6332603557594914,0.2833836429339322,0.3049078488893034,0.3949970536766501,neutral,01,13,13,male,normal,1500
40,1.3346666666666667,True,1.0,0.48752158852173716,0.5004775631118445,0.4939995758167909,0.8486588945547001,-0.052361111111111136,-0.05120370370370364,0.3278312092929347,0.36930374271897676,0.17777820693070223,0.5820943832515859,0.012955974590107389,0.0011574074074074958,0.01015983892907602,0.3858403669150603,0.12604414850511836,0.10904425889603934,0.0,0.752679332619551,0.6370604452171493,0.2835933450078013,0.3043531120856937,0.3944480757321501,neutral,01,13,13,male,normal,1500
50,1.6683333333333334,True,1.0,0.5264841989288795,0.541522829092369,0.5340035140106243,0.8420223777379332,-0.05060185185185184,-0.05037037037037034,0.33853149319800346,0.35977319776075295,0.1763893214209619,0.6341915941060949,0.015038630163489497,0.00023148148148149916,0.004592449123353883,0.3482022899274838,0.1308524676506269,0.10322504289568576,0.0,0.8074557477426461,0.5762079165806948,0.25555949914685466,0.3246827720821525,0.35660864808050724,neutral,01,13,13,male,normal,1500
60,2.0020000000000002,True,1.0,0.5570824624455717,0.5727629744397857,0.5649227184426787,0.7679356313091479,-0.051574074074074105,-0.05222222222222217,0.322891479705561,0.3439475519971755,0.17986492871357404,0.7356381126366277,0.015680511994214053,0.0006481481481480644,0.004655222406667707,0.3984101442855675,0.12521003365592412,0.11000102382368175,0.0,0.6737474209726713,0.6304634476290516,0.28560267601706707,0.3011017469829173,0.39074429781492404,neutral,01,13,13,male,normal,1500
70,2.3356666666666666,True,1.0,0.38908113754288276,0.4140582514312424,0.4015696944870626,0.3749367477495779,-0.05222222222222217,-0.05282407407407402,0.370080008612892,0.1527188698219436,0.175,1.0710331726546924,0.02497711388835966,0.0006018518518518534,0.0003178951949705544,0.7706661062279185,0.12904552713205486,0.1054752563309965,0.0,0.8430334456690942,0.6330804965111043,0.2828819069006551,0.30324600926195533,0.39488749635329207,neutral,01,13,13,male,normal,1500
80,2.6693333333333333,True,1.0,0.5683012641243316,0.5683012641243309,0.5683012641243312,0.3888173769664525,-0.05166666666666664,-0.05166666666666675,0.3710787852171458,0.19436947068247346,0.17847264970529486,1.46161488089398,6.661338147750939e-16,1.1102230246251565e-16,0.006179169073409102,0.7632388589383451,0.12742660243667328,0.10742550331334728,0.0,0.8007363779276571,0.6325289719794167,0.28306414224930915,0.3043549991452393,0.3993026331640851,neutral,01,13,13,male,normal,1500
90,3.003,True,1.0,0.5018452124430084,0.5298407339585252,0.5158429732007668,0.37552550778607213,-0.05092592592592593,-0.05189814814814819,0.3536650309910171,0.1949387824204311,0.1798628078333204,1.3736562830097554,0.027995521515516764,0.0009722222222222632,0.008102985819164032,0.8228220368686461,0.12687825972723218,0.10807259124850833,0.0,0.7737473906503084,0.6305608979294843,0.2827886223510052,0.3022315190291194,0.4001254983745352,neutral,01,13,13,male,normal,1500
0,0.0,True,1.0,0.500969008651464,0.5297289741574078,0.5153489914044359,0.4077075028685429,-0.051712962962962905,-0.051990740740740726,0.3549140598916379,0.22564969561098605,0.179193917501249,1.264016452428642,0.02875996550594384,0.0002777777777778212,0.010859058318714395,0.7640736557659984,0.1282655892194198,0.10642234912309563,0.0,0.7071067807446058,0.6342201409704507,0.28160143009878874,0.30434557433004417,0.40157815694004023,neutral,01,13,13,male,normal,1501
10,0.33366666666666667,True,1.0,0.5285141310381066,0.5529236309413416,0.5407188809897241,0.3931525034999209,-0.05129629629629634,-0.052499999999999936,0.3580351196178424,0.21109165073285793,0.17848761096782254,1.3753413145691258,0.024409499903234932,0.0012037037037035958,0.009899785812937375,0.7715551790281118,0.12842536247599554,0.10622948763715619,0.0,0.789303966430596,0.6319180557457358,0.2821539721196975,0.3072933458307345,0.40303174808719733,neutral,01,13,13,male,normal,1501
20,0.6673333333333333,True,1.0,0.5285141310381054,0.5440349800641394,0.5362745555511224,0.42250085489299777,-0.05185185185185193,-0.05277777777777776,0.35600571271516435,0.2256496956109862,0.18057625937153512,1.2692863205849343,0.015520849026034012,0.0009259259259258301,0.005976326184896217,0.7566818881310835,0.12744401810266082,0.10722731029434523,0.0,0.7202354756759298,0.6315931106114322,0.2819497125048435,0.3055394399702126,0.40032983565279046,neutral,01,13,13,male,normal,1501
30,1.0010000000000001,True,1.0,0.4942382173889635,0.517740427635641,0.5059893225123022,0.8725433789592146,-0.05356481481481473,-0.05282407407407408,0.3484362751774905,0.3845106415752468,0.17847906182851886,0.5799016240497468,0.02350221024667748,0.000740740740740653,0.0008437460320792101,0.34363858174475176,0.1265212042191028,0.10849038046607068,0.0,0.8811309536248726,0.6365789955669767,0.28234925258383714,0.3086227535490978,0.4080291192889232,neutral,01,13,13,male,normal,1501
40,1.3346666666666667,True,1.0,0.5082150091744295,0.5068494412821968,0.5075322252283132,0.842856981613122,-0.051944444444444404,-0.05125000000000007,0.3341753561986799,0.34478709744668956,0.17851496546228487,0.60215699258605,0.001365567892232744,0.000694444444444331,0.007875605023419274,0.3890410911073126,0.12746421932549967,0.10738086683565859,0.0,0.9494621186465798,0.6310629108596564,0.2827035266054798,0.30596566970289585,0.39927049190655073,neutral,01,13,13,male,normal,1501
50,1.6683333333333334,True,1.0,0.5094171975446045,0.5166117752983796,0.513014486421492,0.6480559555900086,-0.05226851851851849,-0.05250000000000005,0.34186562730381675,0.30131826741996254,0.17918199577107888,0.7916206648458759,0.007194577753775189,0.00023148148148155467,0.007221113569936393,0.4576922207612198,0.12777806732060176,0.10700721135770408,0.0,0.781421615197969,0.6311529499846814,0.28203990752023783,0.30691199303224903,0.396323126040684,neutral,01,13,13,male,normal,1501
60,2.0020000000000002,True,1.0,0.5083425650824629,0.49878145468976853,0.5035620098861158,0.7017238875479037,-0.05148148148148146,-0.05106481481481473,0.33143121649232427,0.31964924381673226,0.17917731201720283,0.717607051465438,0.00956111039269436,0.0004166666666667318,0.00018567293806612273,0.4374658243174106,0.1256547647736452,0.10949272971347705,0.0,0.8533548873776852,0.6303361621914391,0.28466469301318614,0.30542673632460193,0.40130628534760765,neutral,01,13,13,male,normal,1501
70,2.3356666666666666,True,1.0,0.5184211801492155,0.5272545855135717,0.5228378828313935,0.38033765978483275,-0.05129629629629623,-0.051435185185185195,0.36610563597158385,0.19000396741678724,0.176410081713312,1.3746676653770677,0.008833405364356284,0.0001388888888889661,0.00031639812663019484,0.771053571967382,0.12946221034529135,0.1049633929679936,0.0,0.9134496678326939,0.6343421900244474,0.2806944675841471,0.30794670137332864,0.401022894900874,neutral,01,13,13,male,normal,1501
80,2.6693333333333333,True,1.0,0.5448183037980344,0.5714742183617109,0.5581462610798726,0.411715007094332,-0.05328703703703702,-0.05412037037037026,0.3621074931470505,0.20570278017790947,0.1757222337487262,1.355661686997944,0.02665591456367644,0.0008333333333332416,0.0025680817733811363,0.7373205488043051,0.12878250031225885,0.10579624465948773,0.0,0.769208117852936,0.6334893974542942,0.28270520295678564,0.3068986214854766,0.40495642580075314,neutral,01,13,13,male,normal,1501
90,3.003,True,1.0,0.5333596156243655,0.5591666164265079,0.5462631160254368,0.39089094959653653,-0.051064814814814785,-0.05148148148148152,0.3693336011506299,0.19528791000723406,0.1757013921825663,1.397482127916417,0.025807000802142377,0.0004166666666667318,0.0022497869435307745,0.7235118295171795,0.12679062676340722,0.10817538876928257,0.0,0.86455303818541,0.6337790058836036,0.2834867357334432,0.30498113831302437,0.4044977885904411,neutral,01,13,13,male,normal,1501
0,0.0,True,1.0,0.5738259283491879,0.5858713517126822,0.5798486400309351,0.4476956550650053,-0.05208333333333337,-0.05129629629629634,0.3485315434912173,0.2833414270908854,0.17434932029289177,1.2951848727384705,0.012045423363494345,0.0007870370370370305,0.00030840756617041363,0.6940624979009649,0.12725750887342535,0.10762575995543885,0.0,0.8359966940456107,0.6351955472970437,0.28353441442922844,0.30402171868778083,0.4020911696390578,neutral,01,13,13,male,normal,1502
10,0.33366666666666667,True,1.0,0.5977665605488733,0.582011422381093,0.5898889914649832,0.4400894747273748,-0.05185185185185176,-0.05111111111111105,0.35537369884697145,0.249340210196532,0.178506845034242,1.3403842294351749,0.01575513816778029,0.0007407407407407085,0.0016753548268748984,0.6944282824035525,0.12757431140137238,0.1070722601497367,0.0,0.7720676415906013,0.6342319789712761,0.28345954175828325,0.3056471281943585,0.401150340536414,neutral,01,13,13,male,normal,1502
20,0.6673333333333333,True,1.0,0.5333596156243643,0.5357831362179386,0.5345713759211514,0.429199842479347,-0.05189814814814825,-0.051620370370370317,0.3513218995057484,0.25141080410689154,0.17643213684734219,1.2455069247768302,0.002423520593574313,0.0002777777777779322,0.0020470464719475052,0.7373205488043058,0.12806591062772577,0.10666255343727407,0.0,0.6951430586128242,0.6322366971554246,0.2834882596380727,0.30606615141716637,0.4037907882127991,neutral,01,13,13,male,normal,1502
30,1.0010000000000001,True,1.0,0.4584549957243328,0.477495366240923,0.4679751809826279,0.7489093930839431,-0.05402777777777784,-0.052083333333333315,0.33218336846950736,0.33524188985657305,0.1757222337487262,0.6248755661289642,0.019040370516590188,0.0019444444444445264,0.008367837953544774,0.4333260454483418,0.12601578544370784,0.10907703511462347,0.0,0.8439906507103143,0.6329049776707558,0.2866004235648687,0.3014997536628416,0.4021401331684359,neutral,01,13,13,male,normal,1502
40,1.3346666666666667,True,1.0,0.48917315796180877,0.4961991860670506,0.49268617201442966,0.5865675772624581,-0.05171296296296296,-0.05009259259259263,0.34261767499797907,0.30077260326977784,0.17576781605902037,0.8399478442259323,0.007026028105241833,0.0016203703703703276,0.019366862802807777,0.534213929576153,0.13019200588588956,0.10405680839967273,0.0,0.7071067807446058,0.5819095308201406,0.2551897073838618,0.3296738981017668,0.3569101102704579,neutral,01,13,13,male,normal,1502
50,1.6683333333333334,True,1.0,0.5480378121888662,0.5195536476600946,0.5337957299244804,0.7615734117453632,-0.050833333333333286,-0.04902777777777778,0.32747390035937174,0.3966255854346694,0.17712641173327864,0.7009117199891931,0.02848416452877156,0.0018055555555555047,0.021466600884884456,0.4218460351258962,0.12729851061441716,0.10757726045037301,0.0,0.8032782518976819,0.635626251922644,0.2838172722706345,0.30536013772694476,0.3975503319545264,neutral,01,13,13,male,normal,1502
60,2.0020000000000002,True,1.0,0.3141108889423654,0.3260061796983941,0.3200585343203798,0.8806646004507398,-0.058379629629629615,-0.05476851851851855,0.31731122709968085,0.4647699910916185,0.17361814221873412,0.3634284086774558,0.011895290756028742,0.003611111111111065,0.013836654571285656,0.38539575817577015,0.12513745101451537,0.11008358698710075,0.0,0.9999999987499999,0.631056415261417,0.2846348076673638,0.29890755817151515,0.3960486790104454,neutral,01,13,13,male,normal,1502
70,2.3356666666666666,True,1.0,0.5332371461842907,0.5361442915484315,0.5346907188663611,0.41455238473177597,-0.05199074074074067,-0.05115740740740743,0.3621513312319054,0.21426248555598926,0.17227581653246093,1.2898025401839557,0.0029071453641407174,0.0008333333333332416,0.014844528096824234,0.7179603229443309,0.13142098494767504,0.10250025603073244,0.0,0.6910060678050892,0.5821318086297018,0.25444644722249976,0.3254391001627971,0.35315619512294966,neutral,01,13,13,male,normal,1502
80,2.6693333333333333,True,1.0,0.533359615624365,0.553689420128635,0.5435245178765,0.4166898508352911,-0.04995370370370367,-0.050046296296296366,0.36200185822712416,0.22972505654245975,0.17365505086318994,1.3043862642369566,0.02032980450427002,9.259259259269959e-05,0.017840053829157806,0.7204365669826388,0.13191079373033948,0.10186913305132239,0.0,0.6976244228948012,0.5832525532869398,0.2546051170079377,0.33136185253933287,0.35949301955252516,neutral,01,13,13,male,normal,1502
90,3.003,True,1.0,0.49571740678839116,0.5072306132349015,0.5014740100116464,0.43170521170211285,-0.05009259259259252,-0.049861111111111134,0.36053171399833245,0.2516511601001704,0.1736467031658684,1.1616121288748205,0.011513206446510327,0.00023148148148138814,0.017202099042289563,0.6964563183778312,0.13123609837002556,0.10273686901812822,0.0,0.6890953784492878,0.5847740627501,0.25504634322847375,0.3269472345610036,0.35877294641575197,neutral,01,13,13,male,normal,1502
0,0.0,True,1.0,0.5251656789801633,0.5272000756387992,0.5261828773094812,0.4114251944527551,-0.04972222222222217,-0.050833333333333286,0.3601579142474026,0.24239808108622463,0.17016086012648832,1.2789272130243934,0.0020343966586359175,0.0011111111111111183,0.004138749471502082,0.723949512143408,0.13205828084530408,0.10167786500164784,0.0,0.7588976956318303,0.5798393600565226,0.25859496070971005,0.3234582485513655,0.35969167249337286,neutral,01,13,13,male,normal,1503
10,0.33366666666666667,True,1.0,0.5459953734167312,0.5574435945971566,0.5517194840069439,0.4080145719489992,-0.05046296296296299,-0.05074074074074064,0.3651867015991558,0.23315118397085652,0.1729237260105192,1.3522053424991582,0.011448221180425433,0.00027777777777765467,0.010173969228295405,0.723214285714283,0.13078288028822277,0.10331319370956556,0.0,0.677093357126797,0.5804512248180522,0.2596014881943932,0.3197333021697848,0.3602123301573747,neutral,01,13,13,male,normal,1503
20,0.6673333333333333,True,1.0,0.5903881124499462,0.577524324773192,0.5839562186115691,0.774900565043582,-0.052175925925926014,-0.05203703703703694,0.3285173418457739,0.37935235447114046,0.1736220970916438,0.7535885827863943,0.012863787676754113,0.00013888888888907713,0.01219635402228871,0.4106568131018768,0.1260592911645694,0.10902675305461909,0.0,0.8574014832390043,0.6359145003939076,0.2865007838268515,0.29645282894258823,0.39229248174206344,neutral,01,13,13,male,normal,1503
30,1.0010000000000001,True,1.0,0.4293698949052033,0.39587814658811465,0.41262402074665894,0.7812898079613895,-0.053981481481481464,-0.05435185185185171,0.34742420831706927,0.352324954834628,0.17222399420151366,0.5281318360255,0.03349174831708862,0.00037037037037024323,0.003011746124338223,0.3989664349035011,0.1293354813091687,0.10511950839546173,0.0,0.8790663027712066,0.581691059455032,0.26053008017597445,0.3239619748288846,0.3624057431490274,neutral,01,13,13,male,normal,1503
40,1.3346666666666667,True,1.0,0.48677647247259964,0.48044811076614874,0.4836122916193742,0.5875039489161078,-0.050925925925925875,-0.0501388888888889,0.35018323177857513,0.3088161782764162,0.17084047876316602,0.8231643251276789,0.006328361706450902,0.000787037037036975,0.002699976286864735,0.5198634954600101,0.1293684997782521,0.10507887054917026,0.0,0.696644757663057,0.5873060960165316,0.2605688740683035,0.321381065729187,0.3591027255585477,neutral,01,13,13,male,normal,1503
50,1.6683333333333334,True,1.0,0.525305275826499,0.53308755709918,0.5291964164628395,1.0654538167082268,-0.05361111111111111,-0.05263888888888896,0.326720199018295,0.4923509281433944,0.170146063482514,0.4966863961291335,0.007782281272680991,0.0009722222222221522,0.0060231353382656375,0.2812397859951588,0.12881122014425814,0.10576127521752049,0.0,0.702161863011942,0.5816721527360944,0.2610092486723526,0.3185692685187057,0.35517148695080225,neutral,01,13,13,male,normal,1503
60,2.0020000000000002,True,1.0,0.5253052758265009,0.5088397697275886,0.5170725227770447,0.8471503083233027,-0.0502777777777777,-0.05037037037037034,0.32673309954092244,0.4316955736976605,0.17153178084657764,0.6103669180035421,0.016465506098912286,9.259259259264407e-05,0.0021898728496888955,0.3682693378464383,0.13042973890234655,0.10375866701540346,0.0,0.8429219670784521,0.584776088458821,0.25903156825665,0.3264256763166495,0.35961575283522695,neutral,01,13,13,male,normal,1503
70,2.3356666666666666,True,1.0,0.5553069917116582,0.5461182173080485,0.5507126045098534,0.41905465152536303,-0.05129629629629623,-0.05157407407407405,0.36597341893551083,0.2311590863935066,0.16875406896136053,1.314178478881583,0.009188774403609656,0.0002777777777778212,0.009135336858097882,0.6787516402703476,0.13036604914570304,0.10383867777010214,0.0,0.6890435002782002,0.5859381896039666,0.26004569543578426,0.32073678483319923,0.3575219173693835,neutral,01,13,13,male,normal,1503
80,2.6693333333333333,True,1.0,0.5461182173080492,0.5313615855940829,0.5387399014510661,0.41905465152536303,-0.05037037037037034,-0.049675925925925846,0.3673123783738711,0.2311590863935066,0.16877893270488473,1.2856077351487392,0.01475663171396635,0.0006944444444444975,0.0014104205321119189,0.6981445442780749,0.1308565344480795,0.10321988744025563,0.0,0.6877173315978417,0.5867688895870848,0.25930182722758727,0.32512845260196566,0.3573837423523861,neutral,01,13,13,male,normal,1503
90,3.003,True,1.0,0.5264841989288802,0.5326600507061569,0.5295721248175185,0.41129206879071306,-0.049675925925925846,-0.048981481481481404,0.3591604504367248,0.23497662822865348,0.1687613024282096,1.2875816603382948,0.006175851777276642,0.000694444444444442,0.0019748233023979766,0.7230683926784365,0.13170807097994805,0.10213110108947566,0.0,0.6864961451642502,0.5863079350333883,0.2600494476129348,0.3282758259153357,0.36148667174962906,neutral,01,13,13,male,normal,1503
0,0.0,True,1.0,0.518667126261463,0.5153419991060817,0.5170045626837724,0.3354505928911181,-0.05175925925925923,-0.06152777777777774,0.3758946420956516,0.2082316825181407,0.1729700458052687,1.541224173217019,0.0033251271553813577,0.00976851851851851,0.06529832914104762,0.8631828656714919,0.12842425023016812,0.10623083226411364,0.0,0.7711655762225729,0.6358708528958458,0.29050466657242885,0.30991094443982226,0.40294348373330313,calm,02,13,13,male,normal,1504
10,0.33366666666666667,True,1.0,0.4913188125175615,0.48954939151183535,0.4904341020146984,0.37901431674934916,-0.05162037037037037,-0.06143518518518509,0.37394787938131396,0.2159020956576281,0.17439132410786204,1.2939724974532656,0.001769421005726135,0.00981481481481472,0.07511891411951348,0.7866439440653061,0.1306421715325506,0.1034910662237764,0.0,0.670127375031005,0.5704224360681772,0.2637627318552055,0.329218764630699,0.3703597831241964,calm,02,13,13,male,normal,1504
20,0.6673333333333333,True,1.0,0.49710615197544883,0.46923223810337916,0.483169195039414,0.3928397206759858,-0.05175925925925923,-0.061064814814814794,0.3726693464695375,0.2159020956576281,0.17367438083230521,1.229939768330942,0.027873913872069667,0.009305555555555567,0.06622325592877615,0.7589591919877148,0.13080858232831305,0.10328064949523245,0.0,0.6759823040578272,0.5721047221623025,0.26538507614948326,0.3243651954219962,0.37121066912053213,calm,02,13,13,male,normal,1504
30,1.0010000000000001,True,1.0,0.4955159188990749,0.49428798950847685,0.4949019542037759,0.8252497806751679,-0.05430555555555561,-0.062361111111111034,0.36718511443716145,0.35511041211421623,0.1715638020344716,0.5996995888915936,0.0012279293905980704,0.008055555555555427,0.06934343864211358,0.3684229190566109,0.125490768143596,0.10968064952898196,0.0,0.9999999987499999,0.6318353352825505,0.2900599370124844,0.313783685340012,0.4104416921397006,calm,02,13,13,male,normal,1504
40,1.3346666666666667,True,1.0,0.4249762693144534,0.44280123648807784,0.4338887529012656,0.6470164426258986,-0.050185185185185166,-0.05847222222222215,0.35542903440155116,0.2782814169464319,0.173664276798656,0.6705992681427692,0.017824967173624418,0.008287037037036982,0.0644515905681015,0.49692348943485526,0.12620866448840246,0.10885380461247368,0.0,0.6955237129521463,0.6267483705122675,0.29169212953668544,0.3156728357885997,0.4130824939991391,calm,02,13,13,male,normal,1504
50,1.6683333333333334,True,1.0,0.4709776044068553,0.4677849423616056,0.46938127338423047,0.5905955602140186,-0.053009259259259256,-0.0593055555555555,0.3563152131871969,0.2874609226055207,0.17433356625311971,0.7947592311972972,0.0031926620452497056,0.006296296296296244,0.05154831806447677,0.49708321386481247,0.126217319397554,0.108843769020658,0.0,0.748948911171364,0.6296883964523311,0.28876272234193817,0.30722402094570506,0.4015905247275998,calm,02,13,13,male,normal,1504
60,2.0020000000000002,True,1.0,0.4776930028949742,0.4840065642126017,0.48084978355378794,0.7300436097556767,-0.05282407407407408,-0.06009259259259253,0.3635333668711234,0.30630833575561445,0.17708505667053603,0.6586589857484181,0.006313561317627503,0.007268518518518452,0.0419693461821014,0.4124082768467503,0.12437306173801004,0.11094647035496272,0.0,0.704497107689908,0.6309355019742272,0.29396409803105544,0.31127829386059075,0.405793019730166,calm,02,13,13,male,normal,1504
70,2.3356666666666666,True,1.0,0.5004721255024054,0.5084967170280115,0.5044844212652084,0.6274169033653146,-0.05356481481481484,-0.06013888888888885,0.3696784783406865,0.2990582240718824,0.17431649776999453,0.804065715410717,0.008024591525606084,0.00657407407407401,0.039830766410171574,0.46464325818325203,0.12647006050649615,0.10854999569769158,0.0,0.6872098799926382,0.6307995674363496,0.2928774375001668,0.3109184623900264,0.4040541718107437,calm,02,13,13,male,normal,1504
80,2.6693333333333333,True,1.0,0.500472125502404,0.5202476521586632,0.5103598888305336,0.4090421785718166,-0.05208333333333326,-0.057592592592592584,0.38802604834083637,0.2175448416997787,0.17225057170343588,1.2476950191603002,0.019775526656259146,0.005509259259259325,0.0409747075924461,0.7174682717338001,0.12962275460414502,0.10476506698124063,0.0,0.7071067807446058,0.5721138361672794,0.26325447106875954,0.33067776408874094,0.37153402345077086,calm,02,13,13,male,normal,1504
90,3.003,True,1.0,0.5216259810883098,0.527193114411053,0.5244095477496814,0.3698868143751379,-0.05226851851851855,-0.057129629629629586,0.3872615985293057,0.21843504349407625,0.17014606348251404,1.4177568038903574,0.005567133322743167,0.004861111111111038,0.042405943535420494,0.7923780160956357,0.12442892113262231,0.11071186661082681,0.0,0.9999999987499999,0.6322933199842437,0.2905982514913727,0.3087036006371918,0.4063496066551905,calm,02,13,13,male,normal,1504
0,0.0,True,1.0,0.5107777620698427,0.5225965240812228,0.5166871430755328,0.3954443407295772,-0.0539351851851852,-0.05958333333333338,0.38307603972964444,0.15654931828596308,0.18611275085435394,1.306598906238658,0.011818762011380102,0.00564814814814818,0.03785723745009448,0.7776057842503304,0.12696391183409836,0.1079719540551604,0.0,0.6297903190343578,0.6268360308420243,0.28811291960552404,0.30414875787054263,0.39842520626320643,calm,02,13,13,male,normal,1505
10,0.33366666666666667,True,1.0,0.5101609452950153,0.495235992075956,0.5026984686854856,0.41965144191966636,-0.05486111111111114,-0.057083333333333264,0.3766052305636371,0.1748240393788293,0.18889535132429544,1.1978952494144341,0.014924953219059345,0.0022222222222221255,0.027306748325154968,0.7498681988137467,0.12735358500211683,0.10733470179891799,0.0,0.6895662472447981,0.6283935402754852,0.28707529637668994,0.3081993487829192,0.39780700164849125,calm,02,13,13,male,normal,1505
20,0.6673333333333333,True,1.0,0.5150439908661744,0.5238223902357203,0.5194331905509473,0.4118155102652697,-0.052731481481481435,-0.05638888888888888,0.38172165520942797,0.15775173204938864,0.1847370903386176,1.2613249807331346,0.008778399369545942,0.0036574074074074425,0.021734660690320998,0.6940624979009649,0.12668987825911587,0.10829336321911777,0.0,0.6460756875234337,0.6259626924050871,0.28951389374631314,0.3060263515201099,0.3993210312143491,calm,02,13,13,male,normal,1505
30,1.0010000000000001,True,1.0,0.49356338385448706,0.48817032594582116,0.49086685490015414,0.8777212176035748,-0.05791666666666656,-0.05865740740740749,0.37413638457500603,0.2995278417605981,0.18681576561865806,0.5592514400419285,0.005393057908665899,0.0007407407407409305,0.002438670318153805,0.34964446729792287,0.12443638608227389,0.11087544177635227,0.0,0.7572451492784698,0.6292779282337936,0.29178949532863807,0.31864792072374576,0.42504139455415796,calm,02,13,13,male,normal,1505
40,1.3346666666666667,True,1.0,0.5002028699416711,0.5182910606938905,0.5092469653177808,1.1346560056852606,-0.05601851851851852,-0.05879629629629629,0.34200061419730715,0.4040760761079388,0.18195115352876315,0.4488117656507073,0.018088190752219457,0.002777777777777768,0.01042284882973991,0.2787138330394939,0.125146129875589,0.11007372051359028,0.0,0.6706911018546102,0.6268945288896809,0.2926124064790422,0.3137454947303089,0.4189596206367307,calm,02,13,13,male,normal,1505
50,1.6683333333333334,True,1.0,0.5216920102543937,0.5185185185185185,0.5201052643864561,0.594860061256354,-0.053888888888888875,-0.056620370370370376,0.35677271162018737,0.2748782749368246,0.1847288304216915,0.8743321299600874,0.0031734917358752224,0.0027314814814815014,0.02329219426554152,0.4923840375270846,0.12701484601918892,0.10791203205133497,0.0,0.8331253395361933,0.6285819464817178,0.28825196528968045,0.31038743108488265,0.4032181525862967,calm,02,13,13,male,normal,1505
60,2.0020000000000002,True,1.0,0.5214225027810782,0.5184288301644648,0.5199256664727715,0.7316360728898057,-0.052962962962962934,-0.055833333333333346,0.3462703850358243,0.29714555235283424,0.18194486376946223,0.7106342698757,0.0029936726166133187,0.002870370370370412,0.01737118907057269,0.4238112324396936,0.12376974110520718,0.11161912451205079,0.0,0.8269088092063898,0.626817976675045,0.2919518488839637,0.3082642174469521,0.4064074702981092,calm,02,13,13,male,normal,1505
70,2.3356666666666666,True,1.0,0.5164821099888004,0.5185589496197908,0.5175205298042955,0.4058665847605926,-0.05481481481481476,-0.056481481481481466,0.3777860099074898,0.20989151248546847,0.1798649287135741,1.2751001172209433,0.002076839630990368,0.0016666666666667052,0.010598149226077344,0.7183652296339514,0.12801987352787822,0.10671780429077482,0.0,0.8273514003106968,0.6252543051830107,0.28829997420972964,0.3111772700731933,0.4036409793571853,calm,02,13,13,male,normal,1505
80,2.6693333333333333,True,1.0,0.5086919185997768,0.5036291195764758,0.5061605190881263,0.4091125099697309,-0.05407407407407405,-0.057268518518518496,0.3721074032947417,0.20440250963952566,0.18056231624629018,1.2372159412225643,0.005062799023300979,0.003194444444444444,0.019184534858368376,0.7558969545631329,0.12730986671550465,0.10756382109003229,0.0,0.6436833091767397,0.6280322382781237,0.2890728315902705,0.3106521412116631,0.40403118894999746,calm,02,13,13,male,normal,1505
90,3.003,True,1.0,0.5085604868590682,0.5094189266370802,0.5089897067480742,0.40273893523197357,-0.05416666666666664,-0.05578703703703697,0.37632174798895224,0.21525701710674502,0.17916836996525629,1.2638204609020511,0.0008584397780120323,0.0016203703703703276,0.007967180357720387,0.7370689655172414,0.12623923557264413,0.10881834942946514,0.0,0.7435492808213136,0.6258412448026086,0.2901405140818533,0.3078316349543577,0.40520192166169305,calm,02,13,13,male,normal,1505
0,0.0,True,1.0,0.5017254782748342,0.49544412487691863,0.49858480157587637,0.3981819538069812,-0.05726851851851844,-0.05574074074074076,0.3720614325479022,0.22042215300029255,0.17847264970529494,1.2521531847662928,0.006281353397915523,0.0015277777777776835,0.005631547405030974,0.7834821428571431,0.12688353934123414,0.10806639262394836,0.0,0.927942952119943,0.6267133523174895,0.29019673845310434,0.3086192416092855,0.4064946021458053,calm,02,13,13,male,normal,1506
10,0.33366666666666667,True,1.0,0.48549102082574014,0.5115942202406579,0.49854262053319903,0.39498420911116255,-0.054953703703703616,-0.05574074074074076,0.3749603786248568,0.2115559979373112,0.1791670924928322,1.262183674772911,0.026103199414917788,0.0007870370370371416,0.005336637098408812,0.7632388589383474,0.12750465170890546,0.10733285407187111,0.0,0.9071617324041673,0.627534524536377,0.2909855700358845,0.309732694548148,0.40487576009404513,calm,02,13,13,male,normal,1506
20,0.6673333333333333,True,1.0,0.4791818689476958,0.4793253600462669,0.47925361449698134,0.43360433604336013,-0.055277777777777815,-0.05620370370370381,0.3682582565272005,0.23125564588979147,0.17777949438325966,1.105278648433664,0.00014349109857109132,0.0009259259259259967,0.005115084770919745,0.6937500000000012,0.12591207844978652,0.10919673196084327,0.0,0.73482606257465,0.6252276360075281,0.2912756737979364,0.30983670306765737,0.4063363639323229,calm,02,13,13,male,normal,1506
30,1.0010000000000001,True,1.0,0.47436695235541854,0.5124356683421235,0.493401310348771,1.0020202020202016,-0.054166666666666696,-0.05342592592592593,0.3281318852198325,0.35555555555555535,0.18472222222222218,0.49240654964242286,0.03806871598670497,0.000740740740740764,0.013598504660785805,0.3360727447492092,0.12875508971363275,0.10582960192538693,0.0,0.6553009846145452,0.5779775501606892,0.27050377093907235,0.32564114515446907,0.38147125178441105,calm,02,13,13,male,normal,1506
40,1.3346666666666667,True,1.0,0.46530494169340547,0.4495176839543683,0.4574113128238869,0.5030967853374899,-0.05314814814814811,-0.053333333333333344,0.3567027961762433,0.23662193327707423,0.17986111111111114,0.909191483934933,0.015787257739037164,0.00018518518518523264,0.006857164719217687,0.6146158553922846,0.12708884468178996,0.10782487342027705,0.0,0.9824510697583639,0.6260250234937725,0.29128894614686923,0.3167928682930703,0.41466925123296583,calm,02,13,13,male,normal,1506
50,1.6683333333333334,True,1.0,0.5355357170991996,0.5254371211877014,0.5304864191434504,0.8402943060415947,-0.05782407407407414,-0.0566666666666667,0.32915593509487506,0.3959078941926745,0.17987171536233565,0.6313102627607133,0.010098595911498198,0.0011574074074074403,0.01064335521334034,0.3790938551071873,0.12603305399003162,0.10905708171597242,0.0,0.7352986945387625,0.627638065632503,0.29176035087790303,0.31079787780752316,0.4044010551703596,calm,02,13,13,male,normal,1506
60,2.0020000000000002,True,1.0,0.49642344687040046,0.5496752920118001,0.5230493694411003,0.7142515425660166,-0.05412037037037032,-0.054398148148148195,0.331329367586276,0.3412268574745615,0.18264055980567517,0.7323041509465917,0.053251845141399634,0.0002777777777778767,0.011644466628447685,0.4374658243174106,0.12388556625772087,0.11149055674460036,0.0,0.8317723002006275,0.6260990767713335,0.2939006267165992,0.30847128112470956,0.4073715402930802,calm,02,13,13,male,normal,1506
70,2.3356666666666666,True,1.0,0.49746422843573784,0.48725199920699896,0.4923581138213684,0.40579025747190467,-0.05458333333333326,-0.05472222222222223,0.375840083876373,0.18190597748740614,0.18403150894573128,1.2133315296645764,0.010212229228738878,0.0001388888888889661,0.006969077010939543,0.7766279744520841,0.12851169129182854,0.10612503461494006,0.0,0.8873639286781912,0.6251077298106743,0.2891015491541113,0.31046471574470347,0.40095350083699416,calm,02,13,13,male,normal,1506
80,2.6693333333333333,True,1.0,0.48881219812481524,0.4871061351854486,0.48795916665513195,0.43707040315479595,-0.054259259259259285,-0.05574074074074076,0.37413874494798044,0.21849923444225136,0.18125042093162325,1.1164315019571638,0.0017060629393666482,0.0014814814814814725,0.008942091626253455,0.7082795455090635,0.1265697570587521,0.10843373261325542,0.0,0.9139411931387363,0.625783869321166,0.2897951692569529,0.3102267386009022,0.4039574848262251,calm,02,13,13,male,normal,1506
90,3.003,True,1.0,0.4972385514997623,0.4954441248769192,0.49634133818834075,0.44783773273678334,-0.05444444444444435,-0.05527777777777787,0.37563236002891537,0.22388427998449947,0.18125378834941805,1.108306205364043,0.001794426622843126,0.0008333333333335191,0.01294397133363148,0.6861527569519935,0.12544084114258958,0.10973774712394341,0.0,0.6927626038331546,0.6265838379257953,0.28997197335218566,0.3084192405719686,0.40550645577290617,calm,02,13,13,male,normal,1506
0,0.0,True,1.0,0.49731530727573187,0.487602177300345,0.49245874228803843,0.4215270112083951,-0.060972222222222205,-0.057685185185185284,0.37303727329883957,0.23167701549166198,0.17989546661676634,1.1682732759552057,0.00971312997538687,0.0032870370370369217,0.04323490777206763,0.7524282679430782,0.12560216695525597,0.1095530621505478,0.0,0.6946791398802303,0.6299245855295242,0.28829847409066695,0.3104223452447222,0.4083679145606444,calm,02,13,13,male,normal,1507
10,0.33366666666666667,True,1.0,0.5337732773499447,0.5238435465422906,0.5288084119461176,0.4349158934672362,-0.06143518518518526,-0.05930555555555561,0.3732816483207255,0.21030473546861228,0.18335996492176562,1.2158866113867477,0.009929730807654136,0.002129629629629648,0.03934739414117606,0.7281888433899377,0.12378835039441109,0.11159848599688364,0.0,0.7071067807446058,0.6298739221860619,0.288457870948742,0.3109144837940377,0.4101776256169616,calm,02,13,13,male,normal,1507
20,0.6673333333333333,True,1.0,0.5178780161974945,0.5238435465422905,0.5208607813698924,0.4419496681812926,-0.05884259259259261,-0.05624999999999991,0.3693820562077641,0.2203950814742282,0.18268065722355614,1.178552262553639,0.005965530344795966,0.002592592592592702,0.03507887946460231,0.7087317810920605,0.12616323494868673,0.10890645489504192,0.0,0.6684720774645185,0.6318888318452381,0.290181864766476,0.3109940772218863,0.4074705429159185,calm,02,13,13,male,normal,1507
30,1.0010000000000001,True,1.0,0.48266503323538634,0.4870150590281866,0.48484004613178644,0.9827690129534493,-0.06087962962962962,-0.057361111111111196,0.3381247755930379,0.4283722220196949,0.1729276967647945,0.4933407949796152,0.0043500257928002495,0.003518518518518421,0.048359406288289254,0.322529989646967,0.1251598841761686,0.1100580808645742,0.0,0.6477176726602419,0.6319004538690477,0.2911128890670567,0.3168104969648353,0.42448249771420077,calm,02,13,13,male,normal,1507
40,1.3346666666666667,True,1.0,0.4735373766911163,0.45620214733144315,0.4648697620112797,0.6789362859133568,-0.059814814814814765,-0.05652777777777768,0.36671974405614083,0.3028128275458094,0.1715437894924943,0.6847030739944935,0.017335229359673132,0.0032870370370370883,0.046374310762772736,0.4584246258098684,0.12435938345147235,0.11078997053178939,0.0,0.8578178308312748,0.6308930105401536,0.29100280975856657,0.31427346060934275,0.4213896779314116,calm,02,13,13,male,normal,1507
50,1.6683333333333334,True,1.0,0.4873436362099591,0.49681423302670547,0.4920789346183323,0.7956130428980026,-0.060046296296296264,-0.056157407407407434,0.3595706728831629,0.3382122949184485,0.17501089879566256,0.6184902811873796,0.00947059681674639,0.0038888888888888307,0.06191225965466015,0.398934546809058,0.12634508495489205,0.10869543356723266,0.0,0.6409384215676638,0.6329845281393808,0.2902761707717522,0.31866537386336197,0.4178373412071719,calm,02,13,13,male,normal,1507
60,2.0020000000000002,True,1.0,0.42982312177576937,0.43464775718294085,0.4322354394793551,0.6738648121668777,-0.06032407407407403,-0.057638888888888795,0.3598998884532325,0.328993430838484,0.17362209709164386,0.6414275262266034,0.004824635407171485,0.002685185185185235,0.051465361245745224,0.4562698078221853,0.1252867115859311,0.10991368281663688,0.0,0.9673926396396278,0.6302499759825805,0.28958615831451234,0.3105620191596389,0.4098419349827372,calm,02,13,13,male,normal,1507
70,2.3356666666666666,True,1.0,0.45968164638815984,0.45087291974773136,0.45527728306794557,0.4027095293571655,-0.05796296296296294,-0.05703703703703705,0.3806627041289126,0.22180935803902083,0.17639970187254408,1.1305351621420348,0.008808726640428477,0.0009259259259258856,0.03364464009436558,0.7583199747614515,0.12536089784561905,0.10982906291951944,0.0,0.720789530159442,0.6276951482624299,0.2908499397324471,0.3109662577165272,0.40758523466314633,calm,02,13,13,male,normal,1507
80,2.6693333333333333,True,1.0,0.48831650863949005,0.4876021773003455,0.4879593429699178,0.41225854330976747,-0.05717592592592596,-0.054629629629629584,0.36960177543420425,0.19868527226226412,0.17920924427469404,1.1836245746477336,0.0007143313391445583,0.0025462962962963798,0.04110621110740369,0.7814064216742888,0.12625109914539273,0.10880458508321521,0.0,0.695265435361652,0.6313650567805248,0.28818426694509086,0.3129049061231074,0.40791785826692806,calm,02,13,13,male,normal,1507
0,0.0,True,1.0,0.49464666842720695,0.5051719785592877,0.49990932349324735,0.4862095351004596,-0.06310185185185191,-0.05851851851851858,0.37200000590709825,0.20794627316158312,0.18892160269492644,1.028176716834558,0.0105253101320808,0.004583333333333328,0.04735656202072528,0.6313162120084825,0.12872492375020375,0.10586629197416896,0.0,0.6753568039796103,0.6236772764496423,0.28710940110368616,0.3179239340600004,0.40649263900654087,calm,02,13,13,male,strong,1508
10,0.33366666666666667,True,1.0,0.4866192080651198,0.4844540495595236,0.48553662881232174,0.4984787626069631,-0.06449074074074079,-0.059398148148148144,0.3882666424860077,0.1882658078558274,0.1889292754835563,0.9740367398463354,0.002165158505596232,0.0050925925925926485,0.04717257764817196,0.5973203181115887,0.12633020824456798,0.10871272352064729,0.0,0.9999999987499999,0.627243242250025,0.2876514495533382,0.31369117014846654,0.4071840363712649,calm,02,13,13,male,strong,1508
20,0.6673333333333333,True,1.0,0.421423126003852,0.4114208595003863,0.41642199275211916,0.5446237142644513,-0.06287037037037047,-0.059907407407407465,0.3810084171310737,0.19031744962921618,0.186815765618658,0.7646049590670566,0.010002266503465695,0.0029629629629630005,0.03361178696906195,0.5498428043870642,0.12520235947160976,0.10983643751294087,0.0,0.9999999987499999,0.6281927715695653,0.2870275884260762,0.3135146089868244,0.40402276322867614,calm,02,13,13,male,strong,1508
30,1.0010000000000001,True,1.0,0.49993726295493235,0.490081916346062,0.4950095896504972,0.9720829291973612,-0.06277777777777777,-0.05675925925925923,0.3929335519845553,0.3056924445296098,0.18264264843016134,0.5092256789852503,0.00985534660887033,0.006018518518518534,0.052290752987183796,0.31035771987667654,0.12367921191128392,0.1117194267412707,0.0,0.6930786694356751,0.6351891896367923,0.28902423307233344,0.320711737789355,0.43196942540923855,calm,02,13,13,male,strong,1508
40,1.3346666666666667,True,1.0,0.25428176205122466,0.2736314288631421,0.2639565954571834,0.9623522659243681,-0.06546296296296295,-0.062268518518518556,0.34839166895189816,0.40560090478521227,0.17639970187254408,0.274282718297177,0.019349666811917465,0.0031944444444443887,0.03538555092606535,0.3195512181890205,0.12370999263753224,0.11168534143690474,0.0,0.6241299275044199,0.6338616846895009,0.28922595080643176,0.3112247557759452,0.4180619518391673,calm,02,13,13,male,strong,1508
50,1.6683333333333334,True,1.0,0.4225038930245703,0.42672505425269985,0.4246144736386351,0.6250664672185559,-0.05995370370370373,-0.058796296296296235,0.3571538972151061,0.31936454249408,0.17847606953301587,0.679310914770553,0.004221161228129544,0.0011574074074074958,0.046152892746076965,0.47257502389658174,0.12481906083972026,0.1104444648744337,0.0,0.7010613424389696,0.6279066848927071,0.2883446471746544,0.313248432927566,0.4117954625245727,calm,02,13,13,male,strong,1508
60,2.0020000000000002,True,1.0,0.42976456096101867,0.42006041244685083,0.4249124867039348,0.6865991828595498,-0.05898148148148147,-0.05634259259259261,0.36403296395828755,0.3217550064463018,0.17986153529316404,0.6188654127641957,0.009704148514167843,0.0026388888888888573,0.03502708628598042,0.43547156195221964,0.1259191177800035,0.10918861455299196,0.0,0.8149763382273432,0.6221286524766158,0.2906180846510401,0.3188757351191527,0.41831130864645594,calm,02,13,13,male,strong,1508
70,2.3356666666666666,True,1.0,0.48734363620996013,0.4742994748679896,0.4808215555389749,0.6050128369400626,-0.06004629629629632,-0.055648148148148224,0.3975248836569533,0.20348303976651344,0.181253788349418,0.7947295101551852,0.013044161341970506,0.0043981481481480955,0.04543354879822593,0.4804436531259268,0.12590942364636112,0.10919979307459314,0.0,0.6563502808995485,0.6363854527826756,0.2892991717410472,0.31231711148489333,0.41155558794850555,calm,02,13,13,male,strong,1508
80,2.6693333333333333,True,1.0,0.13795220665313446,0.13136136405050564,0.13465678535182005,0.49820001943361464,-0.06787037037037041,-0.06722222222222224,0.3776824704033301,0.21426751399144361,0.18055555555555558,0.2702865919292946,0.006590842602628821,0.0006481481481481755,0.029615139683066977,0.6298394986170164,0.12519329348006195,0.10984677095996019,0.0,0.8365423424411159,0.6255173768257304,0.2882678895379751,0.3081769248727631,0.3973381906504367,calm,02,13,13,male,strong,1508
90,3.003,True,1.0,0.44502945695738527,0.453360117509504,0.44919478723344464,0.40898073418514114,-0.05865740740740738,-0.056620370370370376,0.3936192919151587,0.19101464014536304,0.1791670924928321,1.0983274997743513,0.00833066055211873,0.002037037037037004,0.033769798094915204,0.7131917874487962,0.1273661123516289,0.10749721482460184,0.0,0.7072346237457579,0.6243650465733168,0.2872522471943333,0.3166039694632498,0.4051032163935451,calm,02,13,13,male,strong,1508
0,0.0,True,1.0,0.46448164720384233,0.49487745466026706,0.4796795509320547,0.42527362109303074,-0.056712962962962965,-0.06231481481481477,0.37153327483145404,0.19177512873441016,0.18685496707656812,1.127931588371719,0.030395807456424728,0.005601851851851802,0.03574961580440177,0.7311471684197242,0.12998032599853715,0.10432110344633086,0.0,0.6285294575641295,0.6292952400725915,0.28703107190590044,0.31746575916649955,0.39855292468244846,calm,02,13,13,male,strong,1509
10,0.33366666666666667,True,1.0,0.47940893947958196,0.49426437358303205,0.48683665653130703,0.44434923787396313,-0.0537962962962964,-0.05828703703703697,0.38034326962206577,0.18826580785582855,0.182672721974871,1.0956171745913856,0.014855434103450083,0.004490740740740573,0.03434002624018408,0.7005712455717545,0.1277149716468716,0.10690444256525128,0.0,0.7849368452114561,0.6292167123802647,0.2875674700432125,0.31607755626791534,0.3998281797602995,calm,02,13,13,male,strong,1509
20,0.6673333333333333,True,1.0,0.5083575818278384,0.5159169852459154,0.5121372835368769,0.4558482274171024,-0.055925925925925934,-0.06087962962962967,0.39372795812451333,0.18875392686177547,0.18613119697045138,1.123482011630748,0.0075594034180770375,0.004953703703703738,0.032348879324584204,0.6770647582332131,0.1258803384982162,0.10923331977852625,0.0,0.9999999987499999,0.630859043179772,0.28433612121443913,0.31468526916745476,0.3981393230105821,calm,02,13,13,male,strong,1509
30,1.0010000000000001,True,1.0,0.5016466423885316,0.5098017565487787,0.5057241994686552,0.98880135323734,-0.05925925925925918,-0.06231481481481477,0.3737793005680407,0.4324818236688785,0.17711822764352925,0.5114517671450509,0.008155114160247057,0.003055555555555589,0.027945437744168942,0.32292247775918326,0.12553664800761297,0.10962813405976092,0.0,0.647053465253566,0.6323996729316728,0.2870712507011588,0.329413521486868,0.4272905934424064,calm,02,13,13,male,strong,1509
40,1.3346666666666667,True,1.0,0.3986382724588639,0.4302343566168832,0.41443631453787355,0.7961812421205818,-0.05675925925925929,-0.061064814814814794,0.35085499450253,0.37619955660298915,0.17084449793611564,0.5205301162760967,0.03159608415801929,0.004305555555555507,0.02525114828540135,0.3821402579499634,0.12564235403055435,0.10933285277742973,0.0,0.9999999987499999,0.6312541525516457,0.28809891991210973,0.32671701357811234,0.4234735408494474,calm,02,13,13,male,strong,1509
50,1.6683333333333334,True,1.0,0.45105937274219027,0.47487276521188976,0.46296606897704,0.594566421516612,-0.05842592592592588,-0.06129629629629624,0.34620279184347474,0.3343114154637051,0.17500392364463033,0.7786616469125728,0.02381339246969949,0.0028703703703703565,0.03623207721108544,0.4945251138822614,0.1262434650242679,0.1086382131738478,0.0,0.6888227300168909,0.6300319011510854,0.2845450759514241,0.3212542788756909,0.4085612664875357,calm,02,13,13,male,strong,1509
60,2.0020000000000002,True,1.0,0.44594831741570556,0.48033865034933393,0.46314348388251975,0.689905251974878,-0.053796296296296287,-0.06124999999999997,0.3638182027581288,0.3092443905125228,0.17921818428722594,0.6713146226336955,0.034390332933628365,0.007453703703703685,0.048477974989336425,0.4361123222908951,0.12636594659189634,0.10867117976885585,0.0,0.7071067807446058,0.6261661545712034,0.29120238662235576,0.317769166812296,0.4037062671919448,calm,02,13,13,male,strong,1509
70,2.3356666666666666,True,1.0,0.5047988645945696,0.5159169852459138,0.5103579249202417,0.5210397259074186,-0.05532407407407408,-0.05995370370370373,0.378401338879329,0.26695008081033794,0.18125168372062783,0.9794990660864217,0.01111812065134421,0.00462962962962965,0.02866344403397856,0.5499562746024179,0.12708689032566536,0.10782717689876521,0.0,0.6651269550980978,0.6288391769363996,0.2845528894753788,0.32003317357708033,0.4039768112969409,calm,02,13,13,male,strong,1509
80,2.6693333333333333,True,1.0,0.44569689969327286,0.47292390314208826,0.45931040141768054,0.39458413053168684,-0.054398148148148084,-0.05768518518518512,0.38828599709858985,0.19725739416152374,0.1812605229973301,1.1640366803367828,0.0272270034488154,0.0032870370370370328,0.017224870047457427,0.7318807002395975,0.1266180288405953,0.10837736176433745,0.0,0.6844846798971794,0.6255021177689827,0.2859202108420754,0.3162115457874387,0.4026692559339003,calm,02,13,13,male,strong,1509
90,3.003,True,1.0,0.47130230380041516,0.509801756548777,0.4905520301745961,0.40773238700462827,-0.05564814814814817,-0.05898148148148147,0.3890539731798125,0.19725739416152266,0.18194486376946223,1.2031225524624016,0.03849945274836186,0.0033333333333332993,0.02488909348514805,0.7466209191724547,0.12941581313545852,0.10502059360571316,0.0,0.7571376745944165,0.6261741097141982,0.28575568399854917,0.32147283730921283,0.4043159051346093,calm,02,13,13,male,strong,1509
0,0.0,True,1.0,0.537159516219739,0.5130184071088756,0.5250889616643073,0.3947941216616574,-0.0602314814814815,-0.05722222222222223,0.3795344807107778,0.16966000186557748,0.19657474551182108,1.3300323709336126,0.024141109110863423,0.003009259259259267,0.03891031341303014,0.8151194627135944,0.12782050366818937,0.10695651739199515,0.0,0.9000281105418267,0.6199341168107868,0.2840873255181989,0.3161900206927859,0.41385386917962624,calm,02,13,13,male,strong,1510
10,0.33366666666666667,True,1.0,0.5381060096628826,0.571777674342229,0.5549418420025558,0.41159632150794134,-0.0596296296296297,-0.05685185185185182,0.37764663673960214,0.1780769052533811,0.19379764094220966,1.3482672536271654,0.03367166467934646,0.002777777777777879,0.03418888224146031,0.7704174191934225,0.12639932560941208,0.1086323536327699,0.0,0.7400008965807264,0.6344323239452031,0.28561652134012105,0.3151377541041806,0.40702043082632605,calm,02,13,13,male,strong,1510
20,0.6673333333333333,True,1.0,0.5305748280461877,0.5257133772456468,0.5281441026459173,0.43017305119344884,-0.06912037037037039,-0.06592592592592594,0.38204431986672405,0.201363824362233,0.19586488726564813,1.2277479985802524,0.004861450800540901,0.003194444444444444,0.03505188381772753,0.7224043011146488,0.12606490115768734,0.10902026631089273,0.0,0.9999999987499999,0.6301455709236821,0.28355540433023957,0.321562030510495,0.4096448156432243,calm,02,13,13,male,strong,1510
30,1.0010000000000001,True,1.0,0.5152364330753828,0.5449775977193633,0.530107015397373,1.01674135828794,-0.06597222222222232,-0.061435185185185204,0.3403859757429457,0.36400066541957643,0.1972469785909828,0.5213784322593153,0.029741164643980467,0.004537037037037117,0.039563320352637085,0.3275807124184798,0.1269075571851945,0.10803818630443969,0.0,0.6227450317063198,0.6344190346841863,0.286935737981271,0.3316696105985254,0.4224373594907669,calm,02,13,13,male,strong,1510
40,1.3346666666666667,True,1.0,0.49487839323367255,0.4977393274162568,0.4963088603249647,0.6288716906079198,-0.06166666666666665,-0.062407407407407356,0.37352748926014195,0.2597319322891885,0.185457809398365,0.7892052826311694,0.0028609341825842627,0.0007407407407407085,0.007802685042027314,0.5017922682029823,0.1250780387444686,0.11015108712232666,0.0,0.6549702691854656,0.6358811755639756,0.2855625653700949,0.320764575580268,0.4129896523330096,calm,02,13,13,male,strong,1510
50,1.6683333333333334,True,1.0,0.4952614962463479,0.5518556161480017,0.5235585561971748,0.9397110714762389,-0.06101851851851864,-0.05884259259259256,0.340230245472057,0.38635099074876605,0.18475567380152816,0.5571484385883532,0.056594119901653805,0.002175925925926081,0.037883829961985215,0.33594833160456405,0.1264308202057824,0.10859569730272821,0.0,0.6099183376120034,0.632001484961172,0.28792127073113427,0.32075254179049006,0.4072502788702185,calm,02,13,13,male,strong,1510
60,2.0020000000000002,True,1.0,0.5016270030635697,0.526124590500706,0.5138757967821379,0.7181809803978888,-0.05819444444444438,-0.053518518518518465,0.35201750365475115,0.3003843119140139,0.17988189485538572,0.7155240960258219,0.02449758743713637,0.004675925925925917,0.029808242425448318,0.42658911814096223,0.12477920824877696,0.11048948800318589,0.0,0.6581134465862608,0.6325805201611896,0.28792012498517244,0.3104280092329223,0.4012506937072671,calm,02,13,13,male,strong,1510
70,2.3356666666666666,True,1.0,0.5009690086514647,0.5148800128038402,0.5079245107276524,0.38143602825604755,-0.054768518518518494,-0.05523148148148155,0.3941263644533759,0.17095640827332073,0.17917049906572252,1.3316112613953095,0.013911004152375561,0.00046296296296305384,0.0026952691088022677,0.8152312983803421,0.12631646661548576,0.10872869001394342,0.0,0.68815948316281,0.6332545187371824,0.28639985144099994,0.3118436159984395,0.39843098665924265,calm,02,13,13,male,strong,1510
80,2.6693333333333333,True,1.0,0.3204869869697966,0.32374404400447143,0.322115515487134,0.38704869906207073,-0.060462962962962885,-0.06143518518518515,0.3888121831761315,0.17321158672292516,0.1819444444444444,0.8322351070232549,0.003257057034674826,0.0009722222222222632,0.010774314757093065,0.7946616238380179,0.12621044495882286,0.10885174024186922,0.0,0.6524088420536904,0.6298794398228041,0.286842769423363,0.31002197091434447,0.396044521117107,calm,02,13,13,male,strong,1510
0,0.0,True,1.0,0.4378922751271369,0.45526186368372706,0.44657706940543196,0.3528229604839414,-0.058240740740740704,-0.060046296296296375,0.37163542647031433,0.2539682539682532,0.1652893176355511,1.2657256454990766,0.017369588556590154,0.0018055555555556713,0.00487003298061695,0.8547836602630291,0.12638387220739808,0.10865033187397538,0.0,0.6735863177530613,0.6296952688497274,0.2904862994442946,0.307967996819652,0.40272140039120735,calm,02,13,13,male,strong,1511
10,0.33366666666666667,True,1.0,0.41209795538515076,0.45683252973851385,0.4344652425618323,0.379983036471586,-0.05601851851851841,-0.057638888888888795,0.3785677457079215,0.2171331636980496,0.17500392364463038,1.1433806271883937,0.04473457435336309,0.0016203703703703831,0.005038390263632283,0.7842957212557662,0.1267711887794546,0.10819816757183429,0.0,0.9999999987499999,0.6279622730107669,0.28895093789041454,0.3082307760978574,0.3968630600505784,calm,02,13,13,male,strong,1511
20,0.6673333333333333,True,1.0,0.4707791717098076,0.47400388210498984,0.4723915269073987,0.4130838013795416,-0.054629629629629584,-0.057638888888888906,0.37600571999214566,0.1996571706667779,0.18333374948165368,1.1435731087246512,0.00322471039518224,0.0030092592592593226,0.01248144284746443,0.7312499999999991,0.1264094561782028,0.10862056508430705,0.0,0.6465650647164742,0.6285089521589887,0.29086235415520784,0.3041566144098484,0.3921044933612816,calm,02,13,13,male,strong,1511
30,1.0010000000000001,True,1.0,0.48939041594845023,0.48153463226471654,0.4854625241065834,1.2021959337947559,-0.05717592592592585,-0.05740740740740746,0.33095191094100584,0.49024855892445107,0.17917731201720288,0.40381314764076026,0.007855783683733686,0.00023148148148161019,0.017360069954852102,0.2619717425372454,0.12362655367513341,0.11177769454006795,0.0,0.6919209012761427,0.6337904136654662,0.291890488122812,0.3167496038220779,0.41476218940122317,calm,02,13,13,male,strong,1511
40,1.3346666666666667,True,1.0,0.4339298811305385,0.3992744923267028,0.41660218672862065,0.6527694672987933,-0.057731481481481495,-0.058148148148148115,0.3652291294875019,0.30500757060862366,0.17500043596485879,0.63820721954498,0.034655388803835674,0.0004166666666666208,0.004575082089009497,0.46656404099982085,0.12662095012849697,0.10837394871067685,0.0,0.6424429114157609,0.6242025870113671,0.2896398860176335,0.3156952449349321,0.4149707460239675,calm,02,13,13,male,strong,1511
50,1.6683333333333334,True,1.0,0.4738661126344144,0.487251999207,0.48055905592070725,0.7933028108276439,-0.05486111111111114,-0.05416666666666664,0.3515521889938536,0.35992442343106024,0.18264933186801838,0.6057700153858593,0.013385886572585604,0.0006944444444444975,0.010532599773861626,0.3962662782850667,0.12992587896739238,0.10438890623742729,0.0,0.6245174708884311,0.563918102772359,0.25571236503277217,0.3400307374060579,0.3739206848685586,calm,02,13,13,male,strong,1511
60,2.0020000000000002,True,1.0,0.4802033096370398,0.47226437613670613,0.476233842886873,0.7724052617495691,-0.05689814814814814,-0.05685185185185182,0.35421611322023755,0.3278340478874033,0.18127062450005685,0.6165595529581963,0.007938933500333645,4.629629629632204e-05,0.015250199489253127,0.414251597107871,0.12471132160315505,0.11056610707803531,0.0,0.8378396885268232,0.6270867828928447,0.29067095494732104,0.3086272344851973,0.4004207197005353,calm,02,13,13,male,strong,1511
70,2.3356666666666666,True,1.0,0.4808142049703352,0.5072306132349015,0.49402240910261835,0.4195838121430843,-0.05740740740740735,-0.055972222222222257,0.3818245083231341,0.21641692460873857,0.18127693765341465,1.1774105549480764,0.02641640826456626,0.001435185185185095,0.010840194427171086,0.7101286494073444,0.12809687934936423,0.10662535942051392,0.0,0.6488908598133297,0.6248737188703606,0.2879084508204108,0.31396600186181095,0.39849714703687666,calm,02,13,13,male,strong,1511
80,2.6693333333333333,True,1.0,0.48958619616896604,0.4765524882019125,0.4830693421854393,0.4352800591317881,-0.057268518518518496,-0.0562037037037037,0.3797986706661118,0.20391155317416002,0.182672721974871,1.109789736632944,0.013033707967053554,0.0010648148148147962,0.02496904521430666,0.6704721436709222,0.12626899196122662,0.10878381975053603,0.0,0.6553943454465136,0.6279761041369673,0.2875462056451757,0.30978406851797474,0.3988701945904739,calm,02,13,13,male,strong,1511
90,3.003,True,1.0,0.49614992985404904,0.4814482073057538,0.4887990685799014,0.43540191077982476,-0.056574074074074165,-0.05518518518518517,0.3822375918567188,0.19680560216407086,0.18059780572044004,1.1226387769048598,0.01470172254829527,0.001388888888888995,0.02723590084042883,0.704158831432655,0.1260094500989351,0.10908435385633784,0.0,0.8154711552957142,0.6275864032175371,0.2883490216877017,0.3109594041807203,0.4018995382194389,calm,02,13,13,male,strong,1511
0,0.0,True,1.0,0.4866192080651191,0.48205355349169554,0.48433638077840735,0.6269436759186564,-0.054398148148148084,-0.050879629629629664,0.38746190237202965,0.17321158672292516,0.18634708557960425,0.77253571474138,0.004565654573423561,0.003518518518518421,0.030819852318774574,0.4919697422003193,0.13058008904447052,0.10356938792913244,0.0,0.6796019757841405,0.5621321316729817,0.2558737663628208,0.33618340604437236,0.36672837811188386,happy,03,13,13,male,normal,1512
10,0.33366666666666667,True,1.0,0.5076341475875353,0.4970125099331521,0.5023233287603437,0.6402527196465657,-0.05587962962962961,-0.050648148148148164,0.3868843662683635,0.17321158672292505,0.18702148160187476,0.7845703943868255,0.010621637654383231,0.005231481481481448,0.02968121957856094,0.4584232923933906,0.13105785557057537,0.10296415038316914,0.0,0.6872493017196027,0.5657151751247375,0.2559702562969824,0.34231995802037934,0.3775326082581504,happy,03,13,13,male,normal,1512
20,0.6673333333333333,True,1.0,0.4662306976561066,0.4866192080651191,0.4764249528606128,0.6499537148169626,-0.05398148148148152,-0.0506018518518519,0.3883474372080829,0.16570628195598583,0.18829819813198714,0.7330136623571445,0.020388510409012517,0.0033796296296296213,0.020101351495728288,0.46072102983810315,0.13023811396761087,0.10399909346265385,0.0,0.6339962124665013,0.5710642788834284,0.25775942597287377,0.33634037016044543,0.3726714032974228,happy,03,13,13,male,normal,1512
30,1.0010000000000001,True,1.0,0.47459744590951636,0.48389178154639817,0.47924461372795724,0.8758320148913368,-0.05458333333333326,-0.051203703703703696,0.40205388175381285,0.2510203352810862,0.18549729783568353,0.5471878232122132,0.009294335636881812,0.003379629629629566,0.020342472463618765,0.3558076757744442,0.12447593026116001,0.11083104509096024,0.0,0.6891074512487949,0.6283506024050246,0.28948658875337313,0.3215285605174345,0.42972571254956754,happy,03,13,13,male,normal,1512
40,1.3346666666666667,True,1.0,0.4672021569825852,0.45759674266114353,0.4623994498218644,0.8391148716966903,-0.05828703703703708,-0.056620370370370376,0.36387448549718304,0.3411953329860401,0.18065060453086212,0.551056196736083,0.009605414321441685,0.0016666666666667052,0.026957339057078856,0.3430800381655379,0.12396422436572123,0.11140309173227977,0.0,0.9953715933161357,0.6299712312659439,0.28998452820450304,0.3155530642088561,0.42410002456831397,happy,03,13,13,male,normal,1512
50,1.6683333333333334,True,1.0,0.5245030339089032,0.49917856561666585,0.5118407997627845,0.5362139402059459,-0.05625000000000002,-0.05439814814814814,0.3738040293496973,0.26807760141093506,0.1861443130964601,0.9545458657158367,0.025324468292237334,0.0018518518518518823,0.007850710594689,0.5772393933006086,0.12667457267045595,0.10778227389785239,0.0,0.9999999987499999,0.625307437013868,0.2879294524050388,0.3094776634679578,0.4033998905888903,happy,03,13,13,male,normal,1512
60,2.0020000000000002,True,1.0,0.5035091002242972,0.4909387158456992,0.49722390803499816,0.7193264124404742,-0.05472222222222217,-0.053101851851851845,0.368857699336478,0.246692684047703,0.18760413774754542,0.6912354383708168,0.012570384378597976,0.0016203703703703276,0.034599823756359976,0.38631565056735606,0.1239393573273904,0.1112596491454349,0.0,0.7905286795679317,0.6258808556703932,0.2897039479081456,0.31472746587592526,0.41746517873341776,happy,03,13,13,male,normal,1512
70,2.3356666666666666,True,1.0,0.5339838355910579,0.49238298708152567,0.5131834113362918,0.754733488867931,-0.0558333333333334,-0.05250000000000005,0.4118901848341599,0.17905675459632223,0.18763178962148844,0.6799531475753721,0.04160084850953222,0.003333333333333355,0.008971638834331826,0.37214049346739403,0.12630314521928618,0.10874416434078349,0.0,0.6814739417828152,0.6244484094731642,0.28928339202709075,0.3229376509697069,0.4213675197025399,happy,03,13,13,male,normal,1512
80,2.6693333333333333,True,1.0,0.5184288301644647,0.5277039510256394,0.5230663905950521,0.635077360115431,-0.05398148148148152,-0.051157407407407374,0.4092681863677108,0.15233183337978468,0.18761755754830256,0.823626259484325,0.009275120861174657,0.0028240740740741455,0.019672995857371246,0.4614206820137456,0.1272237982953957,0.1076656069411241,0.0,0.6938516777378032,0.6255656989514556,0.2866218399827435,0.31835171101991566,0.41574395991689633,happy,03,13,13,male,normal,1512
90,3.003,True,1.0,0.5243400434416202,0.4827863586324634,0.5035632010370418,0.6299759198430821,-0.05425925925925923,-0.052268518518518436,0.4115555125760144,0.15110818442239918,0.1862295453986906,0.7993372209567504,0.04155368480915683,0.001990740740740793,0.01646549713694361,0.46271771142913326,0.12598574072838373,0.1091117358662977,0.0,0.6264036866808553,0.6277382677680448,0.2865451687471065,0.312741511152566,0.40865125299026317,happy,03,13,13,male,normal,1512
0,0.0,True,1.0,0.4891668310810649,0.45981791356814194,0.4744923723246034,0.6213530389265328,-0.055138888888888904,-0.052222222222222225,0.3839784415905486,0.2023731785336191,0.1800662984269571,0.7636437622391771,0.029348917512922956,0.0029166666666666785,0.03759995142336179,0.4928698672206344,0.12845951427216945,0.10618818655442692,0.0,0.7071067807446058,0.628346620382528,0.2863647607014833,0.317692334773011,0.40335415296518173,happy,03,13,13,male,normal,1513
10,0.33366666666666667,True,1.0,0.4307332863869323,0.42768077742043736,0.4292070319036848,0.5944036307690235,-0.05657407407407411,-0.05175925925925928,0.38508691445878745,0.1888816332980446,0.17798536684420846,0.7220800979098803,0.003052508966494949,0.004814814814814827,0.0386353833312364,0.5025633010144579,0.12574515490762156,0.10921460451894668,0.0,0.6413088094807455,0.6309251793217286,0.2858415379147885,0.31599260964428044,0.4070361889715356,happy,03,13,13,male,normal,1513
20,0.6673333333333333,True,1.0,0.4891731579618093,0.47006035835649823,0.4796167581591538,0.6761836579989593,-0.054768518518518494,-0.050138888888888844,0.3829080360311655,0.23642502102959118,0.17720780130918357,0.709299540865112,0.019112799605311093,0.00462962962962965,0.030219702898666104,0.4289331918164407,0.12508744790048995,0.11014040197903698,0.0,0.6754457137736597,0.6289389086181347,0.287033569947081,0.3128917398789791,0.40806890323990147,happy,03,13,13,male,normal,1513
30,1.0010000000000001,True,1.0,0.49612367387739825,0.4604711455034577,0.478297409690428,0.8828431368449224,-0.06648148148148147,-0.064074074074074,0.4192535998076074,0.29827611252463493,0.1868745647217282,0.5417694148926077,0.03565252837394056,0.002407407407407469,0.019787697478938396,0.3249660203791783,0.12377870156923383,0.11092427605207228,0.0,0.9999999987499999,0.6328447480085785,0.2889728284436125,0.32486341964976906,0.4377366256621921,happy,03,13,13,male,normal,1513
40,1.3346666666666667,True,1.0,0.495718346954832,0.4611735402900734,0.47844594362245274,1.0863406160339801,-0.06129629629629629,-0.05972222222222218,0.36949040654875864,0.3738604961895087,0.1785444523317762,0.44041982464870594,0.03454480666475862,0.0015740740740741166,0.02083233151464838,0.263300459178053,0.12327483222085302,0.11216547379226832,0.0,0.7071067807446058,0.6301170230123299,0.2908193361244609,0.3180422134405729,0.430701582427606,happy,03,13,13,male,normal,1513
50,1.6683333333333334,True,1.0,0.46713906217578904,0.4679079209163405,0.46752349154606476,0.7076298000326376,-0.05657407407407411,-0.0557407407407407,0.37976879341032593,0.2773500981126148,0.17993278368223806,0.6606893767397888,0.0007688587405514369,0.0008333333333334081,0.014051931350820387,0.4316947175265415,0.12404780128784883,0.11113872780513076,0.0,0.9999999987499999,0.6317818840426797,0.2875602151862783,0.31379941684307255,0.41883516531726495,happy,03,13,13,male,normal,1513
60,2.0020000000000002,True,1.0,0.4813811175874443,0.4824602154247463,0.48192066650609533,0.8164991946493616,-0.055555555555555525,-0.05180555555555555,0.3690774145344088,0.3005814051908784,0.18060667699933172,0.5902279753172959,0.0010790978373020343,0.0037499999999999756,0.025744552110896556,0.3763448626996243,0.12576081401618494,0.10919657266114347,0.0,0.7071067807446058,0.6235836383147009,0.2898552046814596,0.3197259055860982,0.4215451163232719,happy,03,13,13,male,normal,1513
70,2.3356666666666666,True,1.0,0.48939715649750776,0.4909173676390558,0.4901572620682818,0.802725575671809,-0.05472222222222223,-0.05199074074074078,0.3989346063595739,0.23670887299382828,0.1806924102405461,0.6106162266700725,0.0015202111415480446,0.002731481481481446,0.025465053135174782,0.3505547112778179,0.12648370009735183,0.10853410238375034,0.0,0.6568213836593756,0.628642565432423,0.28864404103387004,0.32218689940104295,0.4235739071245297,happy,03,13,13,male,normal,1513
80,2.6693333333333333,True,1.0,0.5039252129560039,0.49701625570852387,0.5004707343322639,0.6600884345938491,-0.05425925925925934,-0.0499074074074074,0.40287364402981496,0.16154092852146343,0.18208025521939505,0.7581874005112699,0.00690895724748003,0.00435185185185194,0.029809849449633916,0.4422439954173199,0.1243476993701366,0.11028604463593832,0.0,0.7509459007779683,0.6300290179509305,0.2873760505863195,0.31767593710334135,0.41860488936333534,happy,03,13,13,male,normal,1513
90,3.003,True,1.0,0.5041978225020811,0.5068494412821978,0.5055236318921394,0.6310677809602854,-0.05282407407407402,-0.05041666666666661,0.4041539366687107,0.1415191595971059,0.18414755196368424,0.8010607531300243,0.00265161878011666,0.0024074074074074137,0.017012801024551077,0.46050892810890914,0.1268175404085762,0.10814383577182528,0.0,0.6548291722075391,0.629340539160977,0.28806965218405794,0.3179545131226438,0.4151011920398937,happy,03,13,13,male,normal,1513
0,0.0,True,1.0,0.5191995632176251,0.5057306677357009,0.512465115476663,0.5478027634516504,-0.0526388888888889,-0.05074074074074075,0.38981339604870785,0.18030621713911538,0.18135772660683638,0.9354920231648186,0.013468895481924203,0.0018981481481481488,0.011312291429297763,0.5370778413093438,0.12703892934946096,0.10788367902650103,0.0,0.6560564488093098,0.6274628222148234,0.2857407857916202,0.3079691941820474,0.39397109857391654,happy,03,13,13,male,normal,1514
10,0.33366666666666667,True,1.0,0.4893971564975065,0.5298859112538659,0.5096415338756861,0.566252549665794,-0.05305555555555558,-0.051296296296296284,0.3931947097492944,0.15796991205683153,0.1820266136881089,0.900025146335288,0.04048875475635938,0.0017592592592592937,0.010049199209494545,0.5105294938952164,0.125819873702144,0.1091285169165402,0.0,0.7071067807446058,0.6271535078640832,0.28540513208330487,0.3110560866433124,0.3972644459121741,happy,03,13,13,male,normal,1514
20,0.6673333333333333,True,1.0,0.4888208035566493,0.4791818689476958,0.48400133625217256,0.5244298440447657,-0.052222222222222225,-0.051203703703703696,0.40629553989273404,0.14068745003996755,0.18546644821245542,0.9229095974386574,0.009638934608953487,0.0010185185185185297,0.005492717083212707,0.5355661890205184,0.12533141884812316,0.10986270167687813,0.0,0.8303307534586343,0.6279867549988747,0.2854648523514728,0.3079665493453966,0.3965785937687626,happy,03,13,13,male,normal,1514
30,1.0010000000000001,True,1.0,0.5115942202406579,0.5092893719843158,0.5104417961124869,0.8742298360857685,-0.06379629629629624,-0.06458333333333338,0.3665080785317067,0.2722895199908998,0.20489834951688005,0.5838759729339742,0.00230484825634214,0.0007870370370371416,0.012493922854545448,0.3688367777773513,0.12432512452003744,0.11100018550966628,0.0,0.998577080691196,0.6320302377591662,0.2894941411170735,0.3200119251971291,0.4153517342559069,happy,03,13,13,male,normal,1514
40,1.3346666666666667,True,1.0,0.5329492533220784,0.548030966878955,0.5404901101005167,0.6017094017094018,-0.056944444444444464,-0.057129629629629586,0.3804878048780488,0.2051282051282044,0.19453270740597647,0.8982577113886427,0.015081713556876597,0.00018518518518512161,0.018109516905064633,0.48579545454545414,0.1263434809021739,0.10869729805288703,0.0,0.7218723101344813,0.6301354591993047,0.28630832200164663,0.3165599745862053,0.4142557553966105,happy,03,13,13,male,normal,1514
50,1.6683333333333334,True,1.0,0.539673908701152,0.5481877648308298,0.5439308367659909,0.9843178050242126,-0.05421296296296302,-0.05032407407407402,0.35262184358401977,0.41868759460347826,0.1799565268766712,0.5525967670092192,0.00851385612967781,0.003888888888888997,0.021226653962717102,0.3022281549128822,0.1237303888772968,0.1116627450779239,0.0,0.7071067807446058,0.630907996729942,0.28880325697035386,0.30892967630354423,0.4120853061547455,happy,03,13,13,male,normal,1514
60,2.0020000000000002,True,1.0,0.48875451619425797,0.5266717839353169,0.5077131500647875,0.817590239840225,-0.05291666666666667,-0.04986111111111108,0.34539490582631927,0.36402798572714545,0.17947682584865957,0.6209872932974416,0.03791726774105891,0.003055555555555589,0.038111644678177514,0.3697991766514919,0.12422774648443798,0.11110915701902899,0.0,0.7309158274979826,0.6315610266215862,0.28847880859179653,0.31228931515281666,0.41035249637771803,happy,03,13,13,male,normal,1514
70,2.3356666666666666,True,1.0,0.527043389328551,0.5146110132310974,0.5208272012798242,0.4649050035076678,-0.05236111111111119,-0.048101851851851896,0.4007790256389675,0.14822210642374625,0.18021749556061167,1.1202873648384688,0.012432376097453623,0.004259259259259296,0.03581286102171011,0.6262423402353643,0.12681432337295187,0.10814760819403405,0.0,0.7648101911206779,0.6303571535567353,0.28485910348030435,0.3127553942399488,0.4010239214237803,happy,03,13,13,male,normal,1514
80,2.6693333333333333,True,1.0,0.5178446813603355,0.5317072116473384,0.5247759465038369,0.4938159105368578,-0.051944444444444404,-0.04819444444444437,0.39880402015534083,0.14929714966945137,0.17945429462263351,1.062695501109554,0.013862530287002905,0.003750000000000031,0.03242386839133136,0.5967571039598842,0.12587037275234525,0.10907026673608644,0.0,0.9999999987499999,0.6292674587803871,0.2860122429234019,0.31002558850447154,0.3989550027365136,happy,03,13,13,male,normal,1514
90,3.003,True,1.0,0.539880826730008,0.5203333685157935,0.5301070976229008,0.481234682914279,-0.05125000000000007,-0.048611111111111105,0.39651701565412867,0.13631478882862957,0.1801700748248418,1.101556301828992,0.019547458214214553,0.0026388888888889683,0.03196790590692834,0.6093800934136321,0.1258484300425615,0.10927008019631602,0.0,0.6990259123162177,0.6271503726490597,0.28527684687407134,0.3093807527179755,0.3993402056903361,happy,03,13,13,male,normal,1514
0,0.0,True,1.0,0.5000806747146045,0.5013830276602841,0.5007318511874443,0.42120458000707406,-0.05467592592592585,-0.052499999999999936,0.38009643258181575,0.1488483469490025,0.1849801795175815,1.1888091320826442,0.0013023529456795968,0.0021759259259259145,0.042483882301334035,0.7163864248561335,0.12886122803310265,0.10570033907497782,0.0,0.7040702213580987,0.6296836003151262,0.2825624625923643,0.31117413154510876,0.39846889871612606,happy,03,13,13,male,normal,1515
10,0.33366666666666667,True,1.0,0.48087483827469196,0.5087620127559752,0.4948184255153336,0.3873783779038354,-0.054907407407407405,-0.051574074074074105,0.3882916780121419,0.1462504451707716,0.18220633440097017,1.277351689562213,0.02788717448128325,0.0033333333333332993,0.02879074004608662,0.7599406336409047,0.1266819251640963,0.10812660939657331,0.0,0.8307042773675336,0.6266642062449981,0.28463812359217194,0.3105155354853119,0.40206333896127067,happy,03,13,13,male,normal,1515
20,0.6673333333333333,True,1.0,0.5028266772051732,0.49554841476539563,0.49918754598528436,0.47244840446014497,-0.05652777777777779,-0.053749999999999964,0.38573323989211417,0.16838399543851731,0.1862750139854037,1.056596955927269,0.0072782624397775275,0.0027777777777778234,0.030373051233768204,0.64406235746931,0.12491231095996438,0.10999311090154552,0.0,0.6886773640728131,0.6280854262642558,0.2861902511503516,0.30834494676347474,0.4005725012238269,happy,03,13,13,male,normal,1515
30,1.0010000000000001,True,1.0,0.5013007270152774,0.5167490639229586,0.509024895469118,1.0322018643418682,-0.06537037037037036,-0.06231481481481488,0.3434149182268538,0.31116785726800233,0.2056757761534294,0.4931447162166019,0.015448336907681215,0.003055555555555478,0.025179981116352838,0.29778392959724004,0.1237108969251521,0.11168433977912436,0.0,0.9970023539773606,0.6289723109087385,0.28929745527488687,0.3240255923601128,0.4223895156365481,happy,03,13,13,male,normal,1515
40,1.3346666666666667,True,1.0,0.5395297321175268,0.4871061351854496,0.5133179336514881,0.6783224379348248,-0.062407407407407356,-0.06111111111111117,0.3612836622251303,0.25227795024380073,0.20426230753072813,0.7567462093901857,0.052423596932077154,0.0012962962962961844,0.02320028425921296,0.45476385335110925,0.1246657640341749,0.11061747171287532,0.0,0.6355317103758716,0.6259002891312776,0.2863141170095732,0.31863536634962103,0.4181443251805379,happy,03,13,13,male,normal,1515
50,1.6683333333333334,True,1.0,0.5306631706502123,0.5564293160490892,0.5435462433496507,0.8733209712282659,-0.061851851851851825,-0.06384259259259262,0.33986382386063513,0.31384470442959317,0.20494488800911725,0.6223900046568106,0.025766145398876894,0.001990740740740793,0.02400878477719081,0.34557088356937826,0.12355636645421501,0.11185527291484511,0.0,0.6735867231796512,0.6269326281137456,0.2883541110113661,0.3084134648993528,0.40322638472438643,happy,03,13,13,male,normal,1515
60,2.0020000000000002,True,1.0,0.541655789520081,0.5755086368446636,0.5585822131823723,0.8162352534909965,-0.0558333333333334,-0.05722222222222223,0.34000355475239447,0.33864302536346413,0.1960218023167498,0.6843397302350576,0.0338528473245826,0.0013888888888888284,0.022714733617671443,0.3731849734847785,0.12531893017622575,0.10987694712685614,0.0,0.6442216188920357,0.6266255113764256,0.28884512271522045,0.3155291686900138,0.40199881195457776,happy,03,13,13,male,normal,1515
70,2.3356666666666666,True,1.0,0.5238698513110013,0.5243675210216003,0.5241186861663008,0.5884713871308841,-0.05513888888888885,-0.05439814814814814,0.42206938102053904,0.07963963309511174,0.19465189690688672,0.8906442991589829,0.000497669710599058,0.0007407407407407085,0.014600154721030394,0.47030765682722386,0.12647439221016232,0.10836928503030645,0.0,0.9999999987499999,0.6259696790278612,0.2854243404052145,0.3118862327777816,0.4042461010111028,happy,03,13,13,male,normal,1515
80,2.6693333333333333,True,1.0,0.5091295830479619,0.4927133736770499,0.5009214783625059,0.5424199381958736,-0.0553703703703704,-0.05370370370370381,0.4585697035594562,0.02822005198465353,0.18916173439610218,0.9234938524358184,0.016416209370911927,0.0016666666666665941,0.025527088999603147,0.481743082303636,0.12628280879216736,0.10876778003597672,0.0,0.8515587324543553,0.6244070289990995,0.2857262978802643,0.3146997513280551,0.40791501434198313,happy,03,13,13,male,normal,1515
90,3.003,True,1.0,0.5091295830479632,0.5002042064476357,0.5046668947477995,0.5837665536001109,-0.053611111111111054,-0.05120370370370375,0.438467195745818,0.06411297227537101,0.18839055565185742,0.864501214801532,0.00892537660032744,0.0024074074074073026,0.02160124163440465,0.47554256024799624,0.1268831492420482,0.10789040857015776,0.0,0.8067562339177364,0.6195088229979493,0.28674894187145106,0.3175867886339584,0.4093252925077673,happy,03,13,13,male,normal,1515
0,0.0,True,1.0,0.4857945269543103,0.4936306618537281,0.4897125944040192,0.6594723035470471,-0.05754629629629637,-0.05731481481481482,0.42342253234648813,0.12589925794989124,0.19517798222610216,0.7425825038747558,0.007836134899417813,0.00023148148148155467,0.01132524672250111,0.45036715967352337,0.12715008130137,0.10775265470329953,0.0,0.6576397727290834,0.6194658097457734,0.2873939483468468,0.3255378936385389,0.4236059569723752,happy,03,13,13,male,strong,1516
10,0.33366666666666667,True,1.0,0.4813811175874433,0.4629394421257686,0.4721602798566059,0.6679369256009069,-0.05842592592592588,-0.056157407407407434,0.43091352387937076,0.11917829398262536,0.19477414713283756,0.7068935130840815,0.01844167546167469,0.0022685185185184475,0.011159716048462581,0.4430474736767986,0.12423546399031651,0.11110052770916483,0.0,0.9705850808488333,0.6162333657916291,0.2881318801902711,0.32570303746837964,0.4234466636362962,happy,03,13,13,male,strong,1516
20,0.6673333333333333,True,1.0,0.49423821738896173,0.46899755364380036,0.4816178855163811,0.7570753519967953,-0.058379629629629726,-0.054814814814814816,0.4316173149716346,0.14186398632959188,0.19126323805885817,0.6361558122928029,0.025240663745161374,0.0035648148148149095,0.021996420195162843,0.38059044439503964,0.12462932573666975,0.11065852401244705,0.0,0.6669303637021311,0.6190166302224015,0.28924605632062317,0.32323172872789063,0.4278407542177908,happy,03,13,13,male,strong,1516
30,1.0010000000000001,True,1.0,0.40639581235896033,0.405127809498983,0.4057618109289717,0.8777292770715797,-0.08263888888888887,-0.08157407407407408,0.44232043996761794,0.2077922077922079,0.2230155559107221,0.4622858340589241,0.0012680028599773019,0.0010648148148147962,0.016531055988161604,0.34795814791232293,0.12527276436853876,0.10992957872161455,0.0,0.8434977205571138,0.6261214122055071,0.28927030110588037,0.3424053460251053,0.44660428471637276,happy,03,13,13,male,strong,1516
40,1.3346666666666667,True,1.0,0.43597261032914464,0.4139868568193696,0.4249797335742571,0.7584259705495315,-0.06527777777777771,-0.06421296296296292,0.3937142047816857,0.2679509642002066,0.2028515082198216,0.560344384391703,0.021985753509775052,0.0010648148148147962,0.0128505456887906,0.3892958497771527,0.12396177922307507,0.11140581251428171,0.0,0.9999999987499999,0.6221820608008828,0.290993471563965,0.32496097751804676,0.4293338140428098,happy,03,13,13,male,strong,1516
50,1.6683333333333334,True,1.0,0.4140183136002506,0.4445631252942028,0.4292907194472267,0.7331123621974449,-0.05912037037037032,-0.055972222222222257,0.4147424107178738,0.21740906271168656,0.1945578060004257,0.585572882934974,0.03054481169395218,0.0031481481481480666,0.01671977025190824,0.41128195970681075,0.12538971428672802,0.10979616259911654,0.0,0.9999999987499999,0.6217046413252802,0.2897515515221116,0.32281806728590057,0.42753428765163254,happy,03,13,13,male,strong,1516
60,2.0020000000000002,True,1.0,0.42275112082119326,0.3929402879544248,0.40784570438780904,0.7273402109113406,-0.05791666666666667,-0.056435185185185144,0.4487142777387992,0.16737701507748742,0.1840427019957316,0.5607358128554281,0.029810832866768444,0.001481481481481528,0.008893332220194674,0.4109553792118466,0.12901583704360495,0.10551157075305755,0.0,0.666931129927522,0.558619447497749,0.26144404731570053,0.3609344338223387,0.40092035718685454,happy,03,13,13,male,strong,1516
70,2.3356666666666666,True,1.0,0.46644640644073326,0.4518744574425565,0.4591604319416449,0.8688942734503741,-0.05694444444444452,-0.05513888888888879,0.4209391502987377,0.20191979716434091,0.19653127163199047,0.5284422351160418,0.014571948998176765,0.0018055555555557268,0.004513596097874071,0.340658323276006,0.12408345753852483,0.11127027157196384,0.0,0.6776215790123014,0.6210263593562425,0.29054434013891106,0.323175769360851,0.42780953783468245,happy,03,13,13,male,strong,1516
80,2.6693333333333333,True,1.0,0.4888208035566505,0.4866192080651191,0.4877200058108848,0.7270632033887994,-0.05472222222222223,-0.05569444444444438,0.45144205760382633,0.09655935228203698,0.1965281659868687,0.6708082647253364,0.002201595491531372,0.0009722222222221522,0.01632713861651968,0.3879643373733997,0.1261295976895766,0.10894540998625789,0.0,0.6969737447943363,0.6166587725168192,0.291506749897843,0.32425027730269407,0.4247692300304274,happy,03,13,13,male,strong,1516
90,3.003,True,1.0,0.4808142049703351,0.4686018849949811,0.4747080449826581,0.6126372563979177,-0.055277777777777815,-0.05685185185185182,0.4588638489452447,0.06681917851959195,0.1972411765958423,0.7748599028628577,0.012212319975353991,0.0015740740740740056,0.01542973122414642,0.4717591316013785,0.12573237185394148,0.10940360340745814,0.0,0.693617166912647,0.616793150596176,0.2892674013692475,0.3235536078397284,0.4164683980064592,happy,03,13,13,male,strong,1516
100,3.336666666666667,True,1.0,0.47339337867271847,0.4873882595158846,0.48039081909430154,0.5607525759770241,-0.05587962962962961,-0.055787037037037024,0.4868329374247498,0.021159282906068107,0.197225703774349,0.8566894556967398,0.013994880843166135,9.259259259258856e-05,0.008847175691385012,0.48854449461074995,0.12519975535261452,0.11001272212707217,0.0,0.8425028041041515,0.6161278706795218,0.28824317625263407,0.3245035154442401,0.4140612780993889,happy,03,13,13,male,strong,1516
0,0.0,True,1.0,0.5081844632883208,0.5144817691358117,0.5113331162120662,0.6307264605836423,-0.05694444444444441,-0.05449074074074062,0.41195741544747316,0.14498453621073285,0.1945715304248572,0.8107050332705313,0.006297305847490886,0.002453703703703791,0.0049582533429005735,0.483474724402586,0.12595160659335938,0.10915113635235549,0.0,0.7951845451048047,0.6192165245863971,0.2864573414339225,0.31640805190392357,0.4156362290022905,happy,03,13,13,male,strong,1517
10,0.33366666666666667,True,1.0,0.4731988892228997,0.4847805074918926,0.47898969835739613,0.647503793763511,-0.057314814814814874,-0.05342592592592593,0.4072304642937676,0.14592589714873888,0.19455780600042563,0.739748095641797,0.0115816182689929,0.0038888888888889417,0.014802953652469602,0.47441023436592655,0.12670600200982576,0.10827449757519153,0.0,0.7631260061597016,0.6204132999996874,0.28686543876637033,0.32147598453743415,0.4190673262214504,happy,03,13,13,male,strong,1517
20,0.6673333333333333,True,1.0,0.5100652576109047,0.48566163392690886,0.4978634457689068,0.6859937195330446,-0.05768518518518517,-0.05486111111111108,0.40991677983064556,0.14601997366891653,0.19454486494201956,0.7257551076528836,0.024403623683995845,0.00282407407407409,0.00985406534470613,0.4272760503223832,0.12639373704917437,0.10863885587249092,0.0,0.6774693715931241,0.6191233050876601,0.2878711115882154,0.3205475084287927,0.4198285127060426,happy,03,13,13,male,strong,1517
30,1.0010000000000001,True,1.0,0.48134153245509786,0.4885031066792038,0.4849223195671508,0.9745166012189804,-0.057268518518518496,-0.05458333333333332,0.4225693113636643,0.30826632694146877,0.18824349140015098,0.49760293355760443,0.00716157422410596,0.0026851851851851793,0.01692959741825493,0.32837544544758296,0.1228163431398119,0.11249808745163689,0.0,0.931823801259677,0.6312756806316276,0.2876069152248562,0.3443077434263418,0.444812435951475,happy,03,13,13,male,strong,1517
40,1.3346666666666667,True,1.0,0.4209791676556093,0.4087406340324636,0.41485990084403646,0.6133714191194747,-0.057083333333333375,-0.0537037037037037,0.3776088076309995,0.23169999081261214,0.188214307974696,0.6763600127302778,0.012238533623145698,0.003379629629629677,0.035728422955271004,0.47703747405159863,0.11977330265596736,0.11540286780649306,0.0,0.7012742808319355,0.6374477198457508,0.29375759527845136,0.3331028230062705,0.42738180540166953,happy,03,13,13,male,strong,1517
50,1.6683333333333334,True,1.0,0.43764344475842126,0.4598955808031011,0.44876951278076116,0.9477188278913682,-0.05574074074074076,-0.05291666666666672,0.41695339275065596,0.2890461123559329,0.17502789956175557,0.4735260074755011,0.02225213604467985,0.0028240740740740344,0.02802235641318935,0.30183512924149686,0.12175438229088,0.11381409474739794,0.0,0.7903776162849911,0.6401274155834208,0.2900784669318827,0.3286746176798717,0.4292509870980124,happy,03,13,13,male,strong,1517
60,2.0020000000000002,True,1.0,0.46573473173972946,0.4533601175095034,0.4595474246246164,1.1537330210341568,-0.07981481481481484,-0.07449074074074075,0.41487041806647207,0.3223368296822726,0.2091098853667771,0.3983134886896951,0.012374614230226066,0.005324074074074092,0.028708257115855874,0.2559037429654301,0.11720071687524289,0.11849797354099838,0.0,0.9670331928649345,0.6295068833001951,0.29103300798133175,0.3119718535265584,0.43106686267680294,happy,03,13,13,male,strong,1517
70,2.3356666666666666,True,1.0,0.46431376268071456,0.4886744286542386,0.4764940956674766,0.9344844739172918,-0.07018518518518518,-0.06870370370370382,0.4023102028233486,0.17516773420963033,0.22295807545936389,0.5099004948365247,0.024360665973524043,0.0014814814814813615,0.012627124730532327,0.3214264301476725,0.12267233925790114,0.11282408852323737,0.0,0.6806496651409133,0.6112737864833434,0.2906472240275554,0.32184700602429234,0.4271506590841406,happy,03,13,13,male,strong,1517
80,2.6693333333333333,True,1.0,0.47478759346946947,0.48579452695431186,0.48029106021189066,0.7300164662585366,-0.05226851851851855,-0.05189814814814814,0.4390304357854002,0.01177010026295713,0.21185741908285274,0.6579181188521229,0.011006933484842385,0.00037037037037040976,0.016965355926111255,0.3812484002075857,0.12452512843977644,0.11077576520774556,0.0,0.6935188075596682,0.6105464755433424,0.2917407639322764,0.3211094624634134,0.4300151816704251,happy,03,13,13,male,strong,1517
90,3.003,True,1.0,0.5040985548446559,0.4952830333633087,0.4996907941039823,0.6030493446785348,-0.05180555555555555,-0.05046296296296299,0.47034477921634255,-0.032850677587502,0.20636981605012514,0.8286068105593425,0.008815521481347233,0.001342592592592562,0.015334569946342028,0.46105920099725306,0.12414454317017713,0.1110306544319292,0.0,0.9999999987499999,0.6157619005023884,0.28762993553907307,0.3219734238978199,0.4207436400085144,happy,03,13,13,male,strong,1517
100,3.336666666666667,True,1.0,0.500757564033881,0.47952692865790625,0.49014224634589365,0.6060688517529174,-0.05240740740740735,-0.05032407407407408,0.4755811400171855,-0.03783162058783836,0.20777149084397495,0.8087237034674655,0.021230635375974805,0.0020833333333332704,0.020189970001167522,0.4346813535755995,0.12641679117839497,0.10861202824074723,0.0,0.6920506454281349,0.6200926366249626,0.2874771996524676,0.3250222868894238,0.4261193130728633,happy,03,13,13,male,strong,1517
0,0.0,True,1.0,0.5541258232201708,0.5629426051096911,0.558534214164931,0.47158114751424046,-0.05680555555555561,-0.05379629629629634,0.38729145501817547,0.15486810995813957,0.1868745647217282,1.1843862230477837,0.008816781889520287,0.003009259259259267,0.02873157896793532,0.6110666735971155,0.12800292875219232,0.106738128152602,0.0,0.9999999987499999,0.619435638278749,0.285504174019692,0.31137919399486935,0.3992142230256313,happy,03,13,13,male,strong,1518
10,0.33366666666666667,True,1.0,0.5250303835599364,0.5272545855135714,0.5261424845367539,0.44805112896012056,-0.056712962962962965,-0.053379629629629666,0.3863536570964199,0.1559352831532854,0.1889292754835563,1.174291170201658,0.002224201953635041,0.0033333333333332993,0.020918364775351413,0.6666586169030267,0.12612426482338052,0.1089515837108982,0.0,0.7915968903674254,0.6222839398571929,0.28532709937733686,0.3068560829207221,0.3999653425990219,happy,03,13,13,male,strong,1518
20,0.6673333333333333,True,1.0,0.5395661190372478,0.5428464838961481,0.5412063014666979,0.48662446403671644,-0.05583333333333346,-0.0527777777777777,0.3953915070874153,0.11835443649691361,0.1868745647217282,1.1121641870965682,0.0032803648589002643,0.0030555555555557556,0.018141357038448262,0.6238244017992489,0.12618795482025102,0.10887781146217468,0.0,0.7594777126050163,0.621076443202281,0.28699649819065043,0.3045169410427639,0.39797568149358314,happy,03,13,13,male,strong,1518
30,1.0010000000000001,True,1.0,0.5686647108832328,0.5479076927335413,0.5582862018083871,1.0633323724784027,-0.07138888888888884,-0.07027777777777783,0.3653417574096512,0.39327564076619986,0.2055648343394821,0.5250345200223144,0.020757018149691442,0.0011111111111110072,0.006431505666616323,0.285094276198922,0.12195799120079806,0.11359588967947953,0.0,0.9999999987499999,0.6275478729226066,0.2900979821768759,0.31462099852418657,0.42079215991301117,happy,03,13,13,male,strong,1518
40,1.3346666666666667,True,1.0,0.5466364995000983,0.5537340619307829,0.5501852807154406,0.6397412493488254,-0.064537037037037,-0.06500000000000006,0.3696449764215555,0.24168002753177872,0.21256066746582167,0.8600122022387312,0.007097562430684601,0.00046296296296305384,0.010803393483964174,0.48800622655914216,0.12241770968421861,0.11310031885765665,0.0,0.6800509252595588,0.618431434503489,0.2905199062310113,0.3135674349293514,0.42181996334697264,happy,03,13,13,male,strong,1518
50,1.6683333333333334,True,1.0,0.5377237148187076,0.5391621129326051,0.5384429138756563,0.4655621273303308,-0.060185185185185175,-0.06171296296296286,0.371534536308072,0.20456517716029748,0.20838606103582785,1.1565436324540512,0.0014383981138974544,0.0015277777777776835,0.0073208621478759875,0.6477272727272742,0.1224626471837764,0.11305165993810182,0.0,0.97278311710949,0.619396057344813,0.2884022629549781,0.3005018399725577,0.40902893578117944,happy,03,13,13,male,strong,1518
60,2.0020000000000002,True,1.0,0.5469817954222372,0.5829877177611232,0.5649847565916802,0.77654297551846,-0.06055555555555553,-0.061203703703703594,0.3537720687737536,0.2837202572832436,0.2147116465703714,0.7275640555688079,0.036005922338886,0.0006481481481480644,0.01998932112382603,0.4002169697769227,0.12365003112616936,0.11141023147631904,0.0,0.7951809196988031,0.6213158740527462,0.2884390259614776,0.3153538292688089,0.4157303732269237,happy,03,13,13,male,strong,1518
70,2.3356666666666666,True,1.0,0.5525184139254262,0.5725360098873871,0.5625272119064066,0.8631544115821608,-0.05874999999999997,-0.05990740740740741,0.4108080746181243,0.12882447665056318,0.2182569951539743,0.651710985147252,0.020017595961960843,0.0011574074074074403,0.012704027986697636,0.3445277095145302,0.12389942545555031,0.1114751548191843,0.0,0.6809752294783268,0.60023755035608,0.2953806239694216,0.3047761724148117,0.4115059766700752,happy,03,13,13,male,strong,1518
80,2.6693333333333333,True,1.0,0.5212290260975792,0.543036118289909,0.5321325721937441,0.626105379447402,-0.057314814814814874,-0.058009259259259316,0.4649726354373497,-0.044712791147097475,0.21540567734731106,0.8499089604746762,0.021807092192329902,0.000694444444444442,0.015548114809152275,0.41213416603039943,0.12469232612462229,0.11041511503596832,0.0,0.7077084031974049,0.6235432153408238,0.2886443724141028,0.3176687717576086,0.42023854805325694,happy,03,13,13,male,strong,1518
90,3.003,True,1.0,0.5339113621806966,0.5295958091458338,0.5317535856632651,0.5540563517365777,-0.0566666666666667,-0.05421296296296296,0.4689457516841329,-0.07186379707072119,0.21420967739970553,0.9597463940203752,0.004315553034862751,0.0024537037037037357,0.025045335953424504,0.47813661710497596,0.1264580978268759,0.10856393169308788,0.0,0.665718107464882,0.6229655152217137,0.289404238572818,0.3158060957533776,0.41483558017149336,happy,03,13,13,male,strong,1518
100,3.336666666666667,True,1.0,0.5125066336090603,0.5159169852459138,0.514211809427487,0.5658188384453324,-0.053888888888888875,-0.0521759259259259,0.46782986085255224,-0.060927103292151,0.20920436042725912,0.9087923103450514,0.003410351636853437,0.0017129629629629717,0.02151647177841547,0.4582608204644024,0.12586442942471512,0.10925165067905657,0.0,0.6851658291495938,0.6211061021674295,0.2897756202340487,0.3147727070066521,0.4141374471771827,happy,03,13,13,male,strong,1518
0,0.0,True,1.0,0.5623832644592001,0.5464128892970102,0.5543980768781052,0.5650224983364204,-0.05902777777777779,-0.052870370370370345,0.3776147551791745,0.20640497718578632,0.18773422869844486,0.9811964629911262,0.01597037516218991,0.006157407407407445,0.03022680966668147,0.5364727727662285,0.12686609505125712,0.10808687106725706,0.0,0.6484490668271646,0.6228424855645383,0.28699413994968975,0.30699541519820767,0.3980503692385954,happy,03,13,13,male,strong,1519
10,0.33366666666666667,True,1.0,0.5322784995783129,0.5464155313222199,0.5393470154502664,0.5878487540098438,-0.05912037037037038,-0.053240740740740644,0.3712031043527754,0.22362172660910834,0.1828997844892348,0.9174928274854093,0.014137031743907014,0.0058796296296297346,0.026444478490173798,0.4999403780032455,0.12635529559721623,0.10868356382089886,0.0,0.9999999987499999,0.624516911155087,0.28662555006837254,0.3077066114996733,0.3964928446191941,happy,03,13,13,male,strong,1519
20,0.6673333333333333,True,1.0,0.5392435618290365,0.5320852290566914,0.5356643954428639,0.5971184813495819,-0.05810185185185185,-0.05374999999999991,0.3761003561595763,0.22188007849009092,0.18349971734954013,0.8970822578329479,0.007158332772345122,0.00435185185185194,0.023473904160677832,0.4855769928776845,0.12674584366593544,0.10822785632116824,0.0,0.8696486414557046,0.6260981226240495,0.2865253153797065,0.3118135900084277,0.40202285542252914,happy,03,13,13,male,strong,1519
30,1.0010000000000001,True,1.0,0.5165272047026547,0.48592741998171435,0.5012273123421845,1.0367908691429324,-0.0765277777777778,-0.07171296296296298,0.3629183438724973,0.3455864100816298,0.211181932137033,0.4834410943033538,0.030599784720940326,0.004814814814814827,0.023044894545981954,0.2893871433851478,0.12388019457860748,0.111325519149387,0.0,0.7582016879788152,0.6333013263742997,0.28676435190620814,0.32884045677281454,0.43471651475384576,happy,03,13,13,male,strong,1519
40,1.3346666666666667,True,1.0,0.5002042064476357,0.5012279443341618,0.5007160753908988,0.6996826475417075,-0.060925925925925994,-0.0622685185185185,0.36969310220455287,0.27985534998062406,0.20146312763000518,0.7156331190292261,0.0010237378865260993,0.0013425925925925064,0.016670310797933262,0.43917781306153636,0.12280944908513915,0.11250561336138516,0.0,0.9999999987499999,0.631150810839961,0.2863719902793742,0.3277261498667802,0.4338144826783923,happy,03,13,13,male,strong,1519
50,1.6683333333333334,True,1.0,0.5005803809061499,0.5160429108050982,0.508311645855624,0.5079479511015464,-0.061759259259259236,-0.061342592592592615,0.36678786056550855,0.2468890069175992,0.20770097624356026,1.0007160079163404,0.015462529898948363,0.0004166666666666208,0.0149889276953562,0.5936775340206017,0.1258800724013614,0.10923362642875209,0.0,0.6884267763578179,0.62689341796875,0.2864922218234691,0.3188477505605685,0.41438615066776524,happy,03,13,13,male,strong,1519
60,2.0020000000000002,True,1.0,0.5045870973076709,0.507253281632604,0.5059201894701375,1.0283554955173158,-0.06013888888888885,-0.058518518518518525,0.3543547620899979,0.3158520450517471,0.21188658673825514,0.4919701325810814,0.002666184324933041,0.0016203703703703276,0.022179974416938957,0.28928571428571387,0.12302096439062024,0.11244385305836092,0.0,0.6661343899276595,0.6247249822428971,0.2870807084003888,0.31669947975009793,0.4144447928735598,happy,03,13,13,male,strong,1519
70,2.3356666666666666,True,1.0,0.5408574171970815,0.5359418614411904,0.5383996393191359,0.8383377858395579,-0.056064814814814845,-0.05523148148148149,0.41834684697198765,0.11885203718703118,0.20501002414986697,0.6422227989878241,0.004915555755891088,0.0008333333333333526,0.012259720018980423,0.33577356499565997,0.1254214821086797,0.10975987243091215,0.0,0.6817506703492838,0.619414223540979,0.2882141898971101,0.3196201128098144,0.42140157353384533,happy,03,13,13,male,strong,1519
80,2.6693333333333333,True,1.0,0.5371595162197391,0.5302480126138563,0.5337037644167977,0.6607808933122227,-0.05486111111111108,-0.05342592592592588,0.43047956637880247,0.060042735614997296,0.20220561833854567,0.8076864355770947,0.006911503605882774,0.001435185185185206,0.014289149631651071,0.4105107142415373,0.12640372138521203,0.10862723871303882,0.0,0.8924237200201023,0.6250348452584159,0.28343550070345536,0.32098347259088444,0.423099133815582,happy,03,13,13,male,strong,1519
90,3.003,True,1.0,0.5402357234532635,0.5446983408630955,0.5424670321581795,0.6244886342067824,-0.05486111111111114,-0.05189814814814819,0.4317570310907729,0.04799268167402436,0.2008316316205687,0.8686579746118427,0.004462617409832004,0.002962962962962945,0.01772857462773635,0.4339922701795664,0.1260358194078296,0.10905388574778044,0.0,0.6864124695961094,0.6237996818727491,0.2854528633274832,0.31976889118736473,0.4217906361260656,happy,03,13,13,male,strong,1519
0,0.0,True,1.0,0.48428024621666527,0.4803386503493333,0.48230944828299926,0.4325525007091765,-0.05546296296296288,-0.05356481481481479,0.35407445948160976,0.26669383311487505,0.18133248392541945,1.115031001999169,0.0039415958673319484,0.0018981481481480933,0.0031614717344376903,0.7131539528358004,0.13041184489654628,0.10378115667982558,0.0,0.8682730169448751,0.6229835906003026,0.2828084193299106,0.3084033273262643,0.386300978285166,sad,04,13,13,male,normal,1520
10,0.33366666666666667,True,1.0,0.47919030483969094,0.5178780161974945,0.49853416051859273,0.43672448951115395,-0.05499999999999999,-0.05282407407407408,0.3520154819679668,0.26185064465418245,0.18201529665858626,1.141530123663606,0.03868771135780358,0.0021759259259259145,0.0009845256800819371,0.7127783047371935,0.12799969541776732,0.10674200552533165,0.0,0.7172714548387743,0.6230688468356094,0.28501452237902297,0.3060730037204805,0.38716294042032656,sad,04,13,13,male,normal,1520
20,0.6673333333333333,True,1.0,0.37063929581705196,0.37549856418407757,0.37306893000056474,0.7957757762695401,-0.05745370370370362,-0.05574074074074076,0.34838656492294956,0.34629104157995444,0.18270947180724795,0.4688116189581036,0.004859268367025604,0.0017129629629628607,0.004134607645429211,0.3962447812129663,0.12851999712781942,0.10611497589525005,0.0,0.8184056554744897,0.6224506754654987,0.2853317161298346,0.3090771208592555,0.39233206705475693,sad,04,13,13,male,normal,1520
30,1.0010000000000001,True,1.0,0.47003670956323346,0.4587596344368375,0.46439817200003547,0.7977714199502084,-0.05708333333333321,-0.0530092592592592,0.3519190474243519,0.42787320322688643,0.17994423168494725,0.5821193394331174,0.011277075126395975,0.004074074074074008,0.0035432123314487543,0.3903134668254976,0.12769466616827665,0.10710672249246529,0.0,0.646365732717182,0.6237966426726941,0.28546781062078197,0.3136995818236446,0.40195766130653415,sad,04,13,13,male,normal,1520
40,1.3346666666666667,True,1.0,0.48428024621666527,0.4883165086394889,0.4862983774280771,0.7699610843083162,-0.05638888888888888,-0.054305555555555496,0.3425252341346178,0.3775549811990254,0.18134468499349693,0.6315882547037249,0.004036262422823622,0.0020833333333333814,0.006796885457903014,0.42577659047904837,0.12636577828429976,0.10867137548253614,0.0,0.6667920194982827,0.6221759895911491,0.28556204819506237,0.3079165183156896,0.389056760522718,sad,04,13,13,male,normal,1520
50,1.6683333333333334,True,1.0,0.4768293195301935,0.47247537316866994,0.4746523463494317,0.9316619115516175,-0.05731481481481476,-0.05402777777777784,0.3550319228665094,0.3798171729015206,0.18342694291325293,0.5094684460792559,0.004353946361523531,0.0032870370370369217,0.004209485726225308,0.31304252072313377,0.12843888285183952,0.10621314016046057,0.0,0.6659262546127771,0.6231471445296869,0.28342885576793825,0.3136824885208074,0.3957813094206715,sad,04,13,13,male,normal,1520
60,2.0020000000000002,True,1.0,0.5000786926580433,0.487251999207,0.49366534593252165,0.8196637786119833,-0.05537037037037029,-0.05277777777777781,0.35718829342522573,0.3523116241402381,0.18410901721640266,0.6022778593053038,0.012826693451043258,0.0025925925925924798,0.002338273196484288,0.3766379535383451,0.12828881489580968,0.1063943501486111,0.0,0.6812900953313044,0.6214988573476266,0.28501716074820127,0.30754338934199776,0.38539733475635357,sad,04,13,13,male,normal,1520
70,2.3356666666666666,True,1.0,0.4857871477165013,0.4935633838544877,0.4896752657854945,0.8384430478062821,-0.05513888888888879,-0.052453703703703725,0.33143833521336796,0.41922152390314166,0.18616070695444292,0.5840292516786798,0.0077762361379864475,0.0026851851851850683,0.004795355929441282,0.3962662782850667,0.12619301955693835,0.10887194122340536,0.0,0.6661793147255087,0.6200412720322505,0.28633398024234985,0.30845248151657695,0.38837155291035574,sad,04,13,13,male,normal,1520
80,2.6693333333333333,True,1.0,0.479094884034548,0.47234220815709527,0.47571854609582165,0.5863642992831163,-0.05527777777777776,-0.05180555555555566,0.35515359749200265,0.25025389390267927,0.1827094718072479,0.8113020296041742,0.006752675877452707,0.003472222222222099,0.005209209494839168,0.5081597432931074,0.12899663581773319,0.10553504497876463,0.0,0.6834102909514553,0.6236666579053497,0.2832348104905474,0.3082526671305636,0.38671243926040577,sad,04,13,13,male,normal,1520
90,3.003,True,1.0,0.49206707145513934,0.4857945269543108,0.48893079920472504,0.454657154696994,-0.05675925925925934,-0.0535648148148149,0.35653656784169685,0.22718822270805705,0.18060667699933172,1.0753834931522692,0.006272544500828536,0.003194444444444444,0.004127859815632112,0.633192455046117,0.1272483979652891,0.10763653183636089,0.0,0.7959952578326045,0.6207493506230618,0.28380923394369834,0.30640189737105883,0.39166032392781147,sad,04,13,13,male,normal,1520
100,3.336666666666667,True,1.0,0.5077343950495494,0.5000713134202345,0.503902854234892,0.443650545245686,-0.055694444444444435,-0.052592592592592635,0.3708135741016994,0.21476055590276474,0.18059780572044007,1.1358102895057625,0.0076630816293149495,0.0031018518518518,0.015090803127336606,0.6354988246370171,0.1276021381268326,0.10721693950208844,0.0,0.6760577159496095,0.6203766091592888,0.2830725790949773,0.3073538759592734,0.3966512088982171,sad,04,13,13,male,normal,1520
0,0.0,True,1.0,0.49473459879596643,0.4905366946290753,0.49263564671252086,0.45445818798421495,-0.056944444444444464,-0.05245370370370367,0.3688434733060304,0.2134266307127637,0.17711822764352933,1.0840065373178664,0.004197904166891142,0.004490740740740795,0.01096198490304587,0.6305902166229896,0.13041596188158983,0.1037759830484612,0.0,0.6451540252547022,0.6190325095741422,0.2841642311115892,0.3046545141710773,0.3840463159215135,sad,04,13,13,male,normal,1521
10,0.33366666666666667,True,1.0,0.4663935453445384,0.4416656925221667,0.4540296189333526,0.66664559471242,-0.05791666666666667,-0.051481481481481406,0.3447529793782718,0.2888571916220733,0.17921818428722594,0.6810659554860083,0.02472785282237172,0.006435185185185266,0.01549525007146614,0.4874619185251154,0.12661991074611187,0.10819922377664862,0.0,0.6610301413763526,0.6232373303149386,0.2853342044987336,0.30202028620963006,0.3855171709833518,sad,04,13,13,male,normal,1521
20,0.6673333333333333,True,1.0,0.4796663390113461,0.4837469234414209,0.48170663122638346,0.7375254585780102,-0.05810185185185185,-0.05370370370370364,0.34127602731696377,0.3536878854090576,0.17779322663045252,0.6531389874393495,0.004080584430074807,0.0043981481481482065,0.014716147941467705,0.4252068853419891,0.12919642074384155,0.10529037295983373,0.0,0.6065446349844842,0.6199475137867647,0.28539884495154955,0.3068425800995761,0.38786713675690776,sad,04,13,13,male,normal,1521
30,1.0010000000000001,True,1.0,0.3751183421286876,0.34883969976746787,0.36197902094807777,0.7557734049029513,-0.058611111111111114,-0.05472222222222217,0.36671210376676594,0.3358264199767489,0.17782068794340958,0.4789517844896374,0.02627864236121974,0.0038888888888889417,0.019935880190369973,0.416576273636713,0.1270712436077454,0.10784561566776418,0.0,0.6719854624794431,0.6237252950867846,0.28493729063935697,0.3110923669438999,0.4068225487021467,sad,04,13,13,male,normal,1521
40,1.3346666666666667,True,1.0,0.46639241786471713,0.4399550007495811,0.4531737093071491,0.7164169182369104,-0.05532407407407408,-0.05041666666666661,0.34481628603248626,0.33579737383928143,0.17711090471635124,0.6325558453063919,0.02643741711513603,0.004907407407407471,0.023894784742342457,0.4691805196011609,0.12601767148873416,0.10907485614519526,0.0,0.9999999987499999,0.6225462710318502,0.2843920927321176,0.3106213876347188,0.39829359434257344,sad,04,13,13,male,normal,1521
50,1.6683333333333334,True,1.0,0.5022447626179363,0.47612541574905526,0.4891850891834958,0.9253679779117056,-0.056481481481481466,-0.05231481481481487,0.34819626401235565,0.4112090994001427,0.17849316768879114,0.5286384453106412,0.02611934686888101,0.004166666666666596,0.024737928013585337,0.33030448371233456,0.12933949688238872,0.10511456757844319,0.0,0.657244948099529,0.6220001885207208,0.2848441629323677,0.3156127637521806,0.40197611155403445,sad,04,13,13,male,normal,1521
60,2.0020000000000002,True,1.0,0.48094971785763957,0.4856278928145042,0.4832888053360719,0.8458296539713273,-0.06342592592592594,-0.05921296296296302,0.36026650060106824,0.32254749749622796,0.18683863413534252,0.5713784129782412,0.0046781749568646225,0.004212962962962918,0.01795291112324436,0.35314514016011084,0.12715376003668172,0.10774831357955103,0.0,0.6671885240981259,0.6229655896968163,0.2858797625817628,0.31056411633401665,0.39970860420720017,sad,04,13,13,male,normal,1521
70,2.3356666666666666,True,1.0,0.5010947793225855,0.5004766139192002,0.5007856966208928,0.7707994030495411,-0.06152777777777774,-0.05861111111111106,0.3273638657246374,0.36966910146253507,0.18820903826281987,0.6496965288758872,0.000618165403385329,0.0029166666666666785,0.01900471799327887,0.42474489795918413,0.12685593120621114,0.10809879966313593,0.0,0.6397183890820105,0.6183640433907938,0.2865322062726746,0.3120399503758547,0.4010973469826783,sad,04,13,13,male,normal,1521
80,2.6693333333333333,True,1.0,0.5012279443341612,0.5068494412821968,0.504038692808179,0.6956594294502405,-0.06032407407407414,-0.0559722222222222,0.34609004336749216,0.33300460215540273,0.1806163926619766,0.7245480639952027,0.005621496948035598,0.00435185185185194,0.01493483128721376,0.4552520572966131,0.1300239628388731,0.10426671021359447,0.0,0.6454259189981578,0.6227094221907513,0.2829479358900659,0.31182394921120565,0.3956484748508317,sad,04,13,13,male,normal,1521
90,3.003,True,1.0,0.5015859578779734,0.5067147827650921,0.5041503703215328,0.48355555555555585,-0.060092592592592586,-0.05550925925925926,0.362198641392833,0.25600000000000006,0.17988825674602404,1.0425903798009633,0.005128824887118633,0.004583333333333328,0.017102329830625554,0.6293640890409882,0.12840205337742858,0.10625766070910195,0.0,0.6471085304378461,0.6204246747605292,0.28317242078460675,0.30970711318260147,0.3973239860764799,sad,04,13,13,male,normal,1521
100,3.336666666666667,True,1.0,0.5018452124430095,0.49878145468976753,0.5003133335663885,0.41343669250645965,-0.058240740740740815,-0.05486111111111114,0.37378899791740344,0.22049956933677897,0.17782969776269256,1.210132875563703,0.003063757753241969,0.003379629629629677,0.01718439729288205,0.6937500000000012,0.12732458967454557,0.10754639294202167,0.0,0.7302459549322761,0.6193249326449329,0.28496897214706696,0.3035101120675961,0.3928101673838049,sad,04,13,13,male,normal,1521
0,0.0,True,1.0,0.49211367004731665,0.49523599207595537,0.493674831061636,0.4550582286400182,-0.0528703703703704,-0.05273148148148149,0.370794183666441,0.18605210188381205,0.18546644821245542,1.084860793611022,0.0031223220286387132,0.0001388888888889106,0.014368714587473309,0.6501787592592774,0.12816076266494808,0.10654856490825056,0.0,0.6929729089259696,0.621991765526523,0.2860438457524914,0.29530261764241633,0.37836417725528576,sad,04,13,13,male,normal,1522
10,0.33366666666666667,True,1.0,0.5018627668994154,0.48081420497033694,0.49133848593487617,0.4820682157997765,-0.050879629629629664,-0.05148148148148152,0.35879816494214317,0.1700486613884654,0.185457809398365,1.0192302040069574,0.021048561929078502,0.0006018518518518534,0.01300861877539363,0.6290198479231103,0.12849064245791947,0.10615051847034525,0.0,0.835767775893007,0.6220395756818352,0.28539036163243225,0.29944246994022844,0.38038708942367727,sad,04,13,13,male,normal,1522
20,0.6673333333333333,True,1.0,0.5082150091744291,0.5099372694360815,0.5090761393052553,0.5898046246201512,-0.05277777777777776,-0.05333333333333329,0.35434755987931055,0.237271093808731,0.18338368042406805,0.8631267339300925,0.001722260261652453,0.0005555555555555314,0.01519436810063569,0.5080163584403963,0.1279768371445612,0.10676941006317073,0.0,0.8249876105418553,0.6230153352825505,0.2849116651514922,0.29890249045054285,0.38007571652861805,sad,04,13,13,male,normal,1522
30,1.0010000000000001,True,1.0,0.4842802462166642,0.48081420497033694,0.4825472255935006,0.7838775209655361,-0.051851851851851816,-0.05166666666666664,0.33081909116903624,0.33043807266156305,0.18266562172332232,0.615590079683783,0.003466041246327267,0.00018518518518517713,0.012358148193952614,0.4209226996057498,0.1266744113829954,0.10831145494162848,0.0,0.7004583345551045,0.6202971601765706,0.28586535465888824,0.29950475155517664,0.3834928270893103,sad,04,13,13,male,normal,1522
40,1.3346666666666667,True,1.0,0.45606732259387667,0.44444444444444403,0.45025588351916035,0.5987755446100974,-0.0505092592592592,-0.050277777777777755,0.34854485714750183,0.2626546906801367,0.18196499023394078,0.751961043787037,0.011622878149432636,0.00023148148148144365,0.00780677340160021,0.5504781791708161,0.12822151423442799,0.10647544814761639,0.0,0.6862718349292057,0.6233613831939026,0.2837431462399718,0.30425907141747,0.3857828999799236,sad,04,13,13,male,normal,1522
50,1.6683333333333334,True,1.0,0.47778280820620206,0.48204928722463536,0.47991604771541874,0.7357786290773755,-0.05291666666666661,-0.05291666666666661,0.34244010925473645,0.308948831434563,0.18478168750979101,0.6522560302100731,0.0042664790184333,0.0,0.014475434179625385,0.4180616968360404,0.12660752773723372,0.10838962907450778,0.0,0.6966631404135282,0.624264512891094,0.28491654913586795,0.29870824662647405,0.38380218701372354,sad,04,13,13,male,normal,1522
60,2.0020000000000002,True,1.0,0.4197440126874173,0.41463284855511173,0.41718843062126454,0.748584414022301,-0.05069444444444443,-0.05041666666666672,0.35325882276497733,0.29495973516786256,0.18405430888416377,0.557303121473801,0.005111164132305557,0.0002777777777777102,0.011560085072737352,0.42557746603479385,0.1262823441846703,0.10876831945805773,0.0,0.8500035903371377,0.6238339214357618,0.28634297626152755,0.3028087409791387,0.3875257812850553,sad,04,13,13,male,normal,1522
70,2.3356666666666666,True,1.0,0.5127673195235273,0.5098017565487776,0.5112845380361524,0.8187449084667345,-0.053796296296296287,-0.05203703703703716,0.336484009114501,0.3635711628778163,0.18409782819833262,0.6244735481697664,0.0029655629747497025,0.0017592592592591272,0.010155369091431244,0.38685646726953793,0.1282081827743823,0.106491500321164,0.0,0.6207318673218855,0.6235731251328657,0.2843938602797094,0.30742973026596604,0.38428148548916236,sad,04,13,13,male,normal,1522
80,2.6693333333333333,True,1.0,0.4985237828700966,0.5101537853614094,0.504338784115753,0.42460165549717477,-0.053287037037036966,-0.05356481481481484,0.3586660234966008,0.21196575613600563,0.1847920093949727,1.1877927878665766,0.011630002491312852,0.0002777777777778767,0.008764926543685197,0.7144826705105887,0.12810341093051644,0.10661751206466372,0.0,0.5963368450255679,0.6261983869094513,0.2820156862235356,0.30161899298899403,0.3836761019887596,sad,04,13,13,male,normal,1522
90,3.003,True,1.0,0.5270108561769585,0.5017921146953414,0.5144014854361499,0.43153393979184773,-0.05402777777777773,-0.05356481481481479,0.3666453100515393,0.20866938278605218,0.18409782819833262,1.1920301927683226,0.02521874148161718,0.0004629629629629428,0.005696437505914645,0.6559722447925168,0.12739369203347048,0.10746452903562591,0.0,0.7071067807446058,0.6269590333320829,0.2832154395863373,0.30026808519062054,0.3857657247223415,sad,04,13,13,male,normal,1522
100,3.336666666666667,True,1.0,0.45579317290980215,0.4587813620071683,0.45728726745848525,0.3995426679322034,-0.051666666666666694,-0.05175925925925923,0.35571017673633953,0.19940951314803773,0.18197127929757909,1.1445267405985293,0.002988189097366145,9.259259259253305e-05,0.012180164697462786,0.7254168216726089,0.12873218967744263,0.10585745657148311,0.0,0.5968207646632784,0.626581603047469,0.2824234518973407,0.3034372520573608,0.3878546973199997,sad,04,13,13,male,normal,1522
0,0.0,True,1.0,0.43814910142084934,0.43711691155186927,0.4376330064863593,0.44310062792666627,-0.05282407407407408,-0.05226851851851849,0.3572603420829074,0.25711498266718674,0.1778743110935235,0.9876605423334858,0.0010321898689800713,0.0005555555555555869,0.004837367472856618,0.6920722747298169,0.12805804684967945,0.10667199448728132,0.0,0.7535621201603794,0.6229976772427722,0.2847434250172001,0.300846663965645,0.386521402908262,sad,04,13,13,male,normal,1523
10,0.33366666666666667,True,1.0,0.4400862409225887,0.45110879356435235,0.4455975172434705,0.5762051086466202,-0.05342592592592582,-0.054027777777777675,0.353300220073101,0.27358924131462387,0.1778743110935235,0.7733314241001467,0.011022552641763661,0.0006018518518518534,0.006192129621956197,0.5504943041339222,0.12870560945775208,0.105889772239488,0.0,0.6777601966782163,0.6261264068439875,0.28349258938978267,0.3045559442324139,0.38432230520053906,sad,04,13,13,male,normal,1523
20,0.6673333333333333,True,1.0,0.475982882587535,0.4516826760246926,0.4638327793061138,0.824661128801023,-0.05287037037037029,-0.05203703703703694,0.3407102877078553,0.38216305012978424,0.17723879703089862,0.5624525797408221,0.02430020656284243,0.0008333333333333526,0.012697664086090263,0.40032942239886116,0.1269736246652386,0.10796053172369502,0.0,0.6810680434094414,0.6295878725396409,0.2847243890776625,0.30874380467606666,0.4023832368593,sad,04,13,13,male,normal,1523
30,1.0010000000000001,True,1.0,0.4451204293270294,0.4584549957243333,0.45178771252568134,0.9277694610405671,-0.05245370370370378,-0.05226851851851849,0.32730841868523686,0.41640732669874436,0.17647364491622908,0.48696118108798875,0.013334566397303904,0.00018518518518528815,0.007696136516861033,0.3730928579500236,0.12563754458786103,0.10951248860461073,0.0,0.7547989805602073,0.622547204334859,0.28457847777707457,0.302053849405339,0.38748630618181257,sad,04,13,13,male,normal,1523
40,1.3346666666666667,True,1.0,0.44154963625637145,0.4220238572643864,0.4317867467603789,0.6235199291849539,-0.05152777777777784,-0.05134259259259255,0.34295610275251365,0.29667488481322357,0.17994423168494725,0.6924987102253448,0.019525778991985043,0.00018518518518528815,0.0035991089929420456,0.5240647726966665,0.12825349439007744,0.10643692473770028,0.0,0.6978111399758721,0.6252882871507979,0.28326257148505457,0.30826175336143213,0.39048565882424874,sad,04,13,13,male,normal,1523
50,1.6683333333333334,True,1.0,0.46846160408169146,0.45920417151699855,0.463832887799345,0.7453134066759551,-0.054259259259259174,-0.05287037037037029,0.34324725001159606,0.3277512874623922,0.1834148803605466,0.6223326772934445,0.009257432564692913,0.001388888888888884,0.008286741753906155,0.3955513162916879,0.12697807252542367,0.10795530032553238,0.0,0.7075570102931309,0.6248206112288666,0.285053672458234,0.30119986928168463,0.38599607173095346,sad,04,13,13,male,normal,1523
60,2.0020000000000002,True,1.0,0.4470710433854779,0.43711691155186927,0.44209397746867357,0.7605182938351303,-0.05143518518518514,-0.050787037037037075,0.3498281247955466,0.31437150057899593,0.1799836581207141,0.5813061711366451,0.009954131833608604,0.0006481481481480644,0.005373330742054615,0.4149894237638929,0.1249017423963731,0.11035095158957813,0.0,0.7071067807446058,0.6265081467977817,0.2855349055048131,0.302445543945612,0.38844930340917283,sad,04,13,13,male,normal,1523
70,2.3356666666666666,True,1.0,0.4736868368706952,0.47338145511600294,0.4735341459933491,0.8413497975074554,-0.053101851851851845,-0.05203703703703699,0.3302731047324985,0.39721787860007984,0.1806924102405461,0.5628267189178862,0.0003053817546922466,0.0010648148148148517,0.0050411335005652105,0.37674280128465587,0.12888251814510512,0.10567437857661253,0.0,0.6346720830959531,0.6230714162149235,0.2841253231636949,0.30700026835805333,0.3845980286632152,sad,04,13,13,male,normal,1523
80,2.6693333333333333,True,1.0,0.4791818689476963,0.4742205132147461,0.4767011910812212,0.5060321537449938,-0.052592592592592524,-0.05138888888888893,0.36499058517733546,0.2457180467335807,0.18067763154958041,0.94203735385844,0.004961355732950201,0.0012037037037035958,0.008477906056078672,0.5956893416812185,0.1281346781564796,0.10657993256031385,0.0,0.7011120343822617,0.6243739134325605,0.2827388380848429,0.302446371530259,0.3869283491180634,sad,04,13,13,male,normal,1523
90,3.003,True,1.0,0.4713774682231758,0.4731182795698923,0.472247873896534,0.43936963602228507,-0.053148148148148056,-0.05282407407407402,0.3632957099834267,0.23351231359579233,0.1820517601238657,1.074830473429851,0.0017408113467164976,0.0003240740740740322,0.008024971111620535,0.6554336769108442,0.12661264993042098,0.10838364566745681,0.0,0.7066600162131146,0.6219353495226215,0.2839644207470777,0.29912564582381695,0.38791550420650867,sad,04,13,13,male,normal,1523
100,3.336666666666667,True,1.0,0.4844127612508689,0.49537996944315843,0.48989636534701364,0.3733939969028382,-0.05314814814814811,-0.05226851851851849,0.37211452513465276,0.18605210188381308,0.18067763154958041,1.3120092165661967,0.010967208192289524,0.0008796296296296191,0.004624719600905142,0.7510458154755828,0.12988367165615972,0.10444141711080794,0.0,0.6881400014218934,0.6208225509735145,0.2837702992642095,0.30424167760641285,0.3872657329332397,sad,04,13,13,male,normal,1523
0,0.0,True,1.0,0.4231398258602822,0.4194283040958478,0.42128406497806503,0.4654761113975198,-0.05763888888888885,-0.054166666666666696,0.358342474942747,0.22539088930302872,0.19100457921116565,0.9050605491079338,0.0037115217644344,0.0034722222222221544,0.03020169923860533,0.6986074964205186,0.12952344689209838,0.10488781853089646,0.0,0.6321768753273793,0.6206481846254127,0.2870881118226307,0.3100448848708013,0.38913290120412664,sad,04,13,13,male,strong,1524
10,0.33366666666666667,True,1.0,0.4594348228602227,0.44065619156912994,0.4500455072146763,0.49723089866050957,-0.05851851851851847,-0.05361111111111111,0.3548706123365584,0.24138748662731055,0.19035634988781405,0.9051036619547458,0.01877863129109275,0.00490740740740736,0.034776785085394016,0.6592072688579786,0.12711400874854073,0.10779520652809582,0.0,0.8316604072807481,0.6168500824235944,0.28429373922505113,0.3090891654550632,0.3969305760143816,sad,04,13,13,male,strong,1524
20,0.6673333333333333,True,1.0,0.4377742376855383,0.45087291974773186,0.4443235787166351,0.7783349522012827,-0.0584722222222222,-0.05509259259259258,0.34347728143744904,0.35961411052035425,0.18408746739003493,0.5708642242777374,0.013098682062193556,0.0033796296296296213,0.024190188201768298,0.3929425768163782,0.12664347684643149,0.10834762361402153,0.0,0.9999999987499999,0.6207427951336785,0.2887563468442681,0.3084996065484808,0.39484998675414684,sad,04,13,13,male,strong,1524
30,1.0010000000000001,True,1.0,0.43042109639189635,0.4096047598773732,0.42001292813463476,0.9173252945284398,-0.05912037037037032,-0.05490740740740746,0.3551702611552646,0.4444002124516808,0.1868316922029551,0.45786694277360634,0.020816336514523137,0.004212962962962863,0.03449229832732804,0.35468818226202226,0.12615930431495717,0.10891100819198976,0.0,0.7645503205006853,0.6229876613145258,0.28747656109396924,0.32049729351069134,0.41270293952642334,sad,04,13,13,male,strong,1524
40,1.3346666666666667,True,1.0,0.45982802129057054,0.422703851902673,0.4412659365966218,0.9583511129113511,-0.05805555555555558,-0.0537962962962964,0.3276195083246615,0.4326435057404246,0.18475567380152805,0.46044286968698867,0.03712416938789753,0.004259259259259185,0.030633296292274445,0.36276888009639363,0.12624504987302754,0.10863637146685116,0.0,0.7202822369038662,0.6186776838000826,0.2886438662961698,0.31242014265049445,0.3945939619842087,sad,04,13,13,male,strong,1524
50,1.6683333333333334,True,1.0,0.45916403144447515,0.4245978388693353,0.4418809351569052,0.5821093185651858,-0.058888888888888824,-0.05305555555555558,0.33842150161078893,0.32087304611309103,0.18961592732921567,0.7591030087717492,0.034566192575139876,0.005833333333333246,0.030570647392115964,0.5335983481022935,0.126215212172172,0.10884621255151256,0.0,0.7423915361838601,0.6190130114545819,0.28720779525692375,0.30585018557745186,0.39269783481248943,sad,04,13,13,male,strong,1524
60,2.0020000000000002,True,1.0,0.407653548881362,0.39249550543022166,0.40007452715579184,0.7924084791994952,-0.056944444444444464,-0.05175925925925928,0.3459214621501093,0.2640072813845645,0.18752603985846872,0.5048842076500166,0.015158043451140357,0.005185185185185182,0.03286726752166438,0.4064734305429589,0.12694767246983266,0.10799104696745582,0.0,0.7071067807446058,0.619953645692652,0.2888282064013307,0.31235198322481517,0.39541833905678575,sad,04,13,13,male,strong,1524
70,2.3356666666666666,True,1.0,0.4877200558862488,0.47478759346946886,0.4812538246778588,0.8719959194664739,-0.059444444444444466,-0.05402777777777784,0.3234159960511564,0.3735429768658718,0.19168099612422096,0.551899170551522,0.012932462416779922,0.005416666666666625,0.030642241666746554,0.3618835239359526,0.1275425044336167,0.10728787132567962,0.0,0.7956296136188387,0.6217132009522559,0.2868400461027349,0.30769203036576076,0.38705435919521347,sad,04,13,13,male,strong,1524
80,2.6693333333333333,True,1.0,0.4582262074056665,0.4524181015650725,0.4553221544853695,0.4200066559835002,-0.058379629629629615,-0.05416666666666664,0.37303023891001597,0.1827858006745586,0.18613119697045138,1.0840831877275219,0.005808105840593991,0.004212962962962974,0.03250665208606691,0.6559722447925168,0.1268978308234375,0.10804961037799536,0.0,0.9999999987499999,0.6193334993528662,0.28580002466485616,0.30453443694681415,0.3912205136998552,sad,04,13,13,male,strong,1524
90,3.003,True,1.0,0.494642940510288,0.4796202384262129,0.4871315894682504,0.40561924461669285,-0.05949074074074079,-0.055138888888888904,0.35951944885082915,0.18169265286990072,0.18199517575738963,1.2009577847534973,0.015022702084075135,0.0043518518518518845,0.03724736508839641,0.6977510349813525,0.12815439607705018,0.1065562224220903,0.0,0.6527953603920327,0.6174796105473439,0.2847180031033164,0.30883660980658867,0.397277859688561,sad,04,13,13,male,strong,1524
0,0.0,True,1.0,0.42258030529039414,0.4351892789997116,0.4288847921450529,0.5467886949814608,-0.058657407407407436,-0.05370370370370364,0.35796157968364056,0.2309496512470545,0.18616070695444292,0.7843702623727334,0.012608973709317461,0.004953703703703793,0.051100702057286396,0.5925802472827039,0.1276060970580315,0.10721222768071752,0.0,0.6875658960223965,0.6243733400235093,0.285462558565926,0.30890209106603983,0.39405369317846745,sad,04,13,13,male,strong,1525
10,0.33366666666666667,True,1.0,0.4269552098355502,0.41432966655696263,0.4206424381962564,0.5516067006609299,-0.059027777777777846,-0.05310185185185179,0.3570873113153452,0.24687470784939863,0.186846392460444,0.7625767375418875,0.012625543278587559,0.005925925925926057,0.04406571035687639,0.6063613389660995,0.12761051739190998,0.10720696629223214,0.0,0.7524916422685856,0.619248806358481,0.2851496080785011,0.3122752203019578,0.40374700064056473,sad,04,13,13,male,strong,1525
20,0.6673333333333333,True,1.0,0.44346005688269985,0.445625714623296,0.44454288575299794,0.8331126935896791,-0.062361111111111145,-0.05564814814814817,0.3362621769195184,0.3491697005954253,0.1847920093949727,0.5335927410223115,0.0021656577405961275,0.006712962962962976,0.052449616188254555,0.38288105132127837,0.1269991022419605,0.10793056008529604,0.0,0.6719302556148281,0.6222125650416417,0.28578721192050915,0.3087072614374786,0.3928661489317444,sad,04,13,13,male,strong,1525
30,1.0010000000000001,True,1.0,0.3535125804394395,0.34063011610179583,0.3470713482706177,0.8924809658242464,-0.06189814814814815,-0.05513888888888885,0.3526522363947913,0.42421195559742936,0.18409782819833262,0.38888375389617597,0.012882464337643673,0.006759259259259298,0.0470092333090731,0.3719428291601072,0.12730591431238958,0.10756849888175521,0.0,0.6929922452169123,0.6173650071669292,0.28445885747819755,0.31772352880543725,0.4168573662472237,sad,04,13,13,male,strong,1525
40,1.3346666666666667,True,1.0,0.4569184698052788,0.44805332096655615,0.45248589538591744,0.7384712530457292,-0.05777777777777782,-0.051435185185185195,0.3474249364995855,0.32508509200046426,0.1847920093949727,0.6127332560606765,0.008865148838722636,0.006342592592592622,0.05196937365014968,0.45291246439695,0.12657937050756035,0.1084225102651654,0.0,0.9999999987499999,0.6169387463266558,0.28520773386930864,0.3141238859702398,0.39536149696673445,sad,04,13,13,male,strong,1525
50,1.6683333333333334,True,1.0,0.5137709245262209,0.5009849597202328,0.5073779421232268,0.6375323237738942,-0.061574074074074114,-0.05509259259259264,0.33833937249312473,0.3183306704227081,0.18683863413534246,0.795846615462234,0.012785964805988037,0.006481481481481477,0.04531721769793852,0.459576546093464,0.12744569180470433,0.10740285569316284,0.0,0.6667500768888556,0.6177870591986794,0.28545923099187875,0.30809230003671917,0.3938598902766907,sad,04,13,13,male,strong,1525
60,2.0020000000000002,True,1.0,0.451345910874282,0.43443254277064525,0.4428892268224636,0.8265692927292385,-0.05986111111111109,-0.053888888888888875,0.3429607205411788,0.3022025083801613,0.18823498003510297,0.5358162113185857,0.01691336810363675,0.005972222222222212,0.0450138242205794,0.382881051321279,0.1258229445316982,0.10912497629937913,0.0,0.7071067807446058,0.6186250101993922,0.2877666940052972,0.31056781161595437,0.394591409023954,sad,04,13,13,male,strong,1525
70,2.3356666666666666,True,1.0,0.4776645497636439,0.4798133704077193,0.4787389600856816,0.8388038518592477,-0.06092592592592583,-0.053796296296296287,0.32938185802359166,0.3580984861688,0.1861373452695948,0.5707400592218723,0.0021488206440754,0.007129629629629541,0.045252073912346,0.3798345736440111,0.12824728323242238,0.10644440856296306,0.0,0.7002145108627925,0.6210707702143358,0.2849327959846223,0.3130936510165461,0.3915628241294867,sad,04,13,13,male,strong,1525
80,2.6693333333333333,True,1.0,0.4776645497636456,0.4649112795250957,0.47128791464437064,0.4723758446222555,-0.060925925925925994,-0.05375000000000002,0.3620892574094928,0.20794627316158323,0.18615210035902058,0.9976968975228722,0.012753270238549885,0.0071759259259259744,0.05356438143987183,0.6007746519983316,0.12973726280721312,0.10462323073881717,0.0,0.838115895290129,0.6204745259744524,0.28385477865215875,0.31109531749880626,0.39331025561251887,sad,04,13,13,male,strong,1525
90,3.003,True,1.0,0.4767434997348121,0.4622127778479422,0.4694781387913771,0.44162517275385943,-0.060046296296296264,-0.0539351851851852,0.36387846363555765,0.2136153762369694,0.1833749434905805,1.063069244590008,0.014530721886869935,0.006111111111111067,0.05272907702858934,0.7049178348218742,0.12732859530543483,0.10754165048081954,0.0,0.6901065855956894,0.62128027000644,0.2823986763052548,0.30905916291087576,0.394728434627704,sad,04,13,13,male,strong,1525
0,0.0,True,1.0,0.44397515838373625,0.42507059228113475,0.4345228753324355,0.4937156084638358,-0.05851851851851847,-0.0537962962962964,0.36016471368065867,0.2176359842497419,0.1833599649217655,0.8801076325790578,0.018904566102601494,0.004722222222222072,0.035934905414286754,0.642412015130747,0.12919104271779344,0.10529697171502558,0.0,0.6945006606286673,0.6200633798675721,0.28281103417375864,0.3116798352387636,0.3951653792617939,sad,04,13,13,male,strong,1526
10,0.33366666666666667,True,1.0,0.4362617130662649,0.4461502778583989,0.44120599546233186,0.4924505139238278,-0.05902777777777779,-0.05375000000000002,0.36041828062459,0.2176359842497419,0.18335996492176557,0.8959397604173839,0.009888564792134014,0.00527777777777777,0.03554842178567073,0.6600392190948652,0.1278391675891263,0.10693420874898578,0.0,0.6686921698559538,0.6195995064197555,0.2833218018075022,0.3087194669358312,0.3966110118482153,sad,04,13,13,male,strong,1526
20,0.6673333333333333,True,1.0,0.42178869003289277,0.4127870372610285,0.41728786364696063,0.4608077807185901,-0.05796296296296294,-0.054490740740740784,0.3622297335950394,0.22987020414185358,0.1847486536019033,0.9055573302087828,0.009001652771864266,0.0034722222222221544,0.03690080311898114,0.6998617605368602,0.12718444416555155,0.10771209278831145,0.0,0.6787349998936021,0.6188734484653236,0.2834665980261878,0.3093338021239103,0.39603518082635014,sad,04,13,13,male,strong,1526
30,1.0010000000000001,True,1.0,0.4439751583837369,0.441788664789283,0.44288191158650997,0.9535184527190853,-0.05851851851851847,-0.05319444444444449,0.3287338932688296,0.3919149233892955,0.18408746739003493,0.4644712541467583,0.0021864935944538866,0.005324074074073981,0.04850050026722858,0.37312628969127937,0.12533310627506442,0.10968722028633308,0.0,0.8805959208918208,0.6190985229716887,0.28639332654975097,0.31065878950809994,0.3978612567363033,sad,04,13,13,male,strong,1526
40,1.3346666666666667,True,1.0,0.4435520988706887,0.4302884041681737,0.4369202515194312,0.9712681104961632,-0.059259259259259345,-0.05356481481481484,0.33241491530823375,0.4095007485970243,0.18544299906649955,0.4498451527418465,0.013263694702514983,0.005694444444444502,0.04436468814270519,0.3604674635728997,0.12670049871246675,0.1081048447065449,0.0,0.6940788600448872,0.6202546043964461,0.28595256089617455,0.31713903778236124,0.40391271281608715,sad,04,13,13,male,strong,1526
50,1.6683333333333334,True,1.0,0.4724728582958407,0.4489592947654647,0.4607160765306527,0.9436105329152126,-0.05972222222222229,-0.05453703703703705,0.35055730110206823,0.3999566397045132,0.18683863413534246,0.48824812829007497,0.02351356353037598,0.005185185185185237,0.04233700570205254,0.34944301533850447,0.1259395940649378,0.10899033200032923,0.0,0.9999999987499999,0.6204087819268332,0.28661356472845667,0.3185963393613584,0.41105377019146816,sad,04,13,13,male,strong,1526
60,2.0020000000000002,True,1.0,0.4365620883110297,0.4343339255342652,0.43544800692264746,0.8292205932887772,-0.05759259259259253,-0.05282407407407402,0.3424252193019463,0.34014402908579694,0.18474245908657996,0.5251292725324322,0.0022281627767645196,0.004768518518518505,0.037012202987477295,0.40127994452135696,0.1266140388060302,0.10838202317667747,0.0,0.6470687887994548,0.6169959350458935,0.2855283034878294,0.3127211426616856,0.39740494749475214,sad,04,13,13,male,strong,1526
70,2.3356666666666666,True,1.0,0.4578279637376391,0.4480533209665561,0.45294064235209763,0.89952255933753,-0.05810185185185174,-0.05282407407407408,0.32506037796579956,0.37981001398181313,0.18545780939836495,0.5035345002193987,0.00977464277108303,0.005277777777777659,0.03883263061986409,0.38929584977715337,0.12770913851602075,0.10708946591570732,0.0,0.6707051005159796,0.6168426602594164,0.2857522202015023,0.3112523436197604,0.3920217193997779,sad,04,13,13,male,strong,1526
80,2.6693333333333333,True,1.0,0.4637455746028934,0.46940236729034296,0.4665739709466182,0.5798635953861994,-0.0597685185185185,-0.05495370370370373,0.3573407027954599,0.2543589073632079,0.18195953953629374,0.8046271134435878,0.005656792687449563,0.004814814814814772,0.04413127630034755,0.5504781791708161,0.12755595952552698,0.10709412221301544,0.0,0.7182645307065701,0.6224941348570678,0.2823124319725324,0.31109182792714446,0.39614331428304267,sad,04,13,13,male,strong,1526
90,3.003,True,1.0,0.48016002588953194,0.4694023672903422,0.47478119658993706,0.46421847323666765,-0.05694444444444441,-0.05319444444444438,0.359956115983362,0.22494494695092118,0.1819951757573897,1.0227537764269117,0.010757658599189757,0.003750000000000031,0.0404935210153697,0.6841090677798779,0.1285539063575055,0.10607389372964354,0.0,0.6844576452224204,0.6194665751691302,0.2827898575806068,0.3103772538848725,0.3989360390846586,sad,04,13,13,male,strong,1526
100,3.336666666666667,True,1.0,0.463354687093867,0.4574337847815838,0.46039423593772544,0.4735661433120443,-0.05717592592592591,-0.0524074074074074,0.36224040462436863,0.19475809060031649,0.1826894273605715,0.9721857071914037,0.005920902312283205,0.004768518518518505,0.042995876080490075,0.6285903398188434,0.12914620616331657,0.10535195871259567,0.0,0.6652518612204361,0.6221898517532014,0.2804693351053793,0.31102305572354216,0.3957983154108099,sad,04,13,13,male,strong,1526
0,0.0,True,1.0,0.4634491060264518,0.46559626422493217,0.46452268512569195,0.42388279353944325,-0.05814814814814806,-0.051296296296296284,0.35539270240449816,0.21866045552375205,0.17993278368223806,1.0958753037529632,0.002147158198480381,0.006851851851851776,0.045125539020487763,0.7517687508351267,0.1302819496102498,0.10394417432870169,0.0,0.6052414287396154,0.6230907291432198,0.2832374730483056,0.30984522997916236,0.3920164339730287,sad,04,13,13,male,strong,1527
10,0.33366666666666667,True,1.0,0.44346005688269957,0.4482712003794878,0.4458656286310937,0.4230836643312405,-0.0568055555555555,-0.052407407407407514,0.3600725748107019,0.22528848903020335,0.18274579676306624,1.0538474212561815,0.004811143496788239,0.0043981481481479845,0.044267703548208734,0.7331237391827536,0.1274605249668194,0.10738525199531407,0.0,0.629506892598659,0.6244188908219538,0.2849294226907275,0.3082318726423122,0.3945747979722731,sad,04,13,13,male,strong,1527
20,0.6673333333333333,True,1.0,0.45698806198494285,0.4701011647904896,0.46354461338771624,0.41465195970462887,-0.058333333333333404,-0.05273148148148149,0.35260818543849887,0.22125005951049145,0.18348350154612475,1.11791251081489,0.013113102805546728,0.005601851851851913,0.04703375657175401,0.7583199747614501,0.1296574626722061,0.1047221091480474,0.0,0.9999999987499999,0.621721805448742,0.28463430756780894,0.31122139704258567,0.3959073397788497,sad,04,13,13,male,strong,1527
30,1.0010000000000001,True,1.0,0.4439422962180866,0.4421958642185607,0.4430690802183237,0.892461762195393,-0.05837962962962956,-0.05217592592592596,0.3284018042565638,0.37654571070736215,0.1806636962479604,0.49645721417621863,0.0017464319995258992,0.0062037037037036,0.04389165588505252,0.3697097805887142,0.12709004667497129,0.10782345666428378,0.0,0.6753965064162853,0.6253055781140583,0.2846665345110944,0.31447162779725174,0.40236117338169697,sad,04,13,13,male,strong,1527
40,1.3346666666666667,True,1.0,0.47874968095318926,0.441788664789283,0.46026917287123614,0.6662487055766269,-0.05884259259259256,-0.05328703703703702,0.3463861701896648,0.2894786294395984,0.1834398364890001,0.690836873706015,0.036961016163906235,0.005555555555555536,0.04664123551812737,0.4907289060134168,0.12658535008419164,0.10841552893702948,0.0,0.5869965325520843,0.6232939455078906,0.28382654179510947,0.3134664314709579,0.3987285709063127,sad,04,13,13,male,strong,1527
50,1.6683333333333334,True,1.0,0.4498733878471076,0.40290513164711145,0.4263892597471095,0.5509538665777233,-0.058750000000000024,-0.05402777777777784,0.3398725676002526,0.27496899100452915,0.18550922498131564,0.7739110034668549,0.04696825619999617,0.004722222222222183,0.04525252308534264,0.5640492714498893,0.1298510878562388,0.10448192548747928,0.0,0.6500899607980324,0.6224247999590462,0.28316741473840823,0.31675317719588225,0.3979411502858983,sad,04,13,13,male,strong,1527
60,2.0020000000000002,True,1.0,0.45076872361575954,0.4487631503320522,0.4497659369739059,0.6858073114241848,-0.05675925925925923,-0.051712962962963016,0.35033856432339516,0.2548978151960311,0.18338368042406805,0.6558196879527245,0.002005573283707318,0.0050462962962962155,0.04518436572463457,0.4820975825246745,0.12685532765862986,0.10809950793244784,0.0,0.9999999987499999,0.621416339082508,0.28683195109817594,0.31423468290230433,0.4025092552816047,sad,04,13,13,male,strong,1527
70,2.3356666666666666,True,1.0,0.44397515838373575,0.46050148452411205,0.4522383214539239,0.5954383705813624,-0.059259259259259234,-0.05407407407407405,0.34860445355649344,0.2750046979676196,0.1813324839254194,0.7595048350887705,0.016526326140376302,0.005185185185185182,0.04329603411705914,0.5354688537677684,0.12711295286744803,0.10779645163000973,0.0,0.6311803564756677,0.6205127050507704,0.284434052031972,0.31152929621442604,0.3972733189062059,sad,04,13,13,male,strong,1527
80,2.6693333333333333,True,1.0,0.46527685783713035,0.41605477718276473,0.44066581750994754,0.4338393309476322,-0.05754629629629643,-0.05277777777777781,0.37373796574394064,0.2303348459727105,0.17853376924601208,1.0157350569101338,0.04922208065436562,0.004768518518518616,0.04452665120473588,0.6879649644051345,0.12996747483208698,0.10433711351541163,0.0,0.8049531182830322,0.6182787759869572,0.2839820362452765,0.31392669927616734,0.3972969047746222,sad,04,13,13,male,strong,1527
90,3.003,True,1.0,0.4797553027682056,0.4591742598887636,0.46946478132848457,0.4242483452581014,-0.05944444444444441,-0.054444444444444406,0.3726276017059683,0.22566105561774646,0.17574697989839716,1.1065801118042657,0.020581042879442013,0.0050000000000000044,0.0378542158204233,0.7079301211462017,0.12797921772595902,0.10676655656588957,0.0,0.8670947245037909,0.6198182563259679,0.2839269655040145,0.31356785790912145,0.40121386617050286,sad,04,13,13,male,strong,1527
0,0.0,True,1.0,0.577524324773192,0.5596446626847494,0.5685844937289708,0.44672884217306846,-0.05055555555555552,-0.05185185185185187,0.3410185414261239,0.2001072422602293,0.1930654350942442,1.2727731904731012,0.017879662088442605,0.001296296296296351,0.015202787346574433,0.6792435924601353,0.1290824955361058,0.10543001051425363,0.0,0.6553678010644896,0.606901917407588,0.29124782026333484,0.29863739952050866,0.3952171570343723,angry,05,13,13,male,normal,1528
10,0.33366666666666667,True,1.0,0.5039152441125448,0.48866400899807827,0.49628962655531156,0.4578696532895875,-0.04962962962962958,-0.05125000000000007,0.34394873272274096,0.22095438508287693,0.19377519997409368,1.083910285361115,0.015251235114466577,0.0016203703703704941,0.019768060134557598,0.693454139455575,0.1277896389455826,0.10681517683020016,0.0,0.7967050383696977,0.6093356272040066,0.2901501618774058,0.2954778223398199,0.3931231270406986,angry,05,13,13,male,normal,1528
20,0.6673333333333333,True,1.0,0.5123818625482823,0.4976219524427665,0.5050019074955244,0.5134754038907402,-0.04796296296296282,-0.0505092592592592,0.3453822296441972,0.19608746142370573,0.19032628786065,0.9834977560151668,0.014759910105515806,0.0025462962962963798,0.025808787639962458,0.6176986172482976,0.1272102709129017,0.10768158962782941,0.0,0.8010673663156236,0.6087836782916292,0.2900365636672942,0.2942497548207154,0.39015327985861836,angry,05,13,13,male,normal,1528
30,1.0010000000000001,True,1.0,0.5122888789944332,0.5108855079231498,0.5115871934587914,0.845971700066854,-0.04874999999999996,-0.04902777777777778,0.37665679390008056,0.24953552779389954,0.19167024913148814,0.6047332238399495,0.0014033710712834102,0.0002777777777778212,0.009151499944839603,0.37197439616981487,0.12582813015834876,0.109293455573584,0.0,0.9329170881984732,0.6146405656246873,0.290228484604222,0.3037829364822389,0.41177605598682043,angry,05,13,13,male,normal,1528
40,1.3346666666666667,True,1.0,0.5266241111317939,0.481236165231645,0.5039301381817194,0.6783157122693424,-0.04782407407407396,-0.049166666666666636,0.3561975316065291,0.21375299373230927,0.18959339380643883,0.7429138512740527,0.045387945900148885,0.001342592592592673,0.011898528951590845,0.46908798836545823,0.12616868374981788,0.10872505260366996,0.0,0.7547894960508966,0.6091689277195254,0.29100625682819514,0.30464856054545986,0.40687165969493577,angry,05,13,13,male,normal,1528
50,1.6683333333333334,True,1.0,0.5621002038039382,0.5773750475245728,0.5697376256642555,1.1528828539108975,-0.04916666666666669,-0.05023148148148149,0.3400002765429914,0.40730612235361313,0.18820903826281987,0.49418518432427705,0.01527484372063459,0.0010648148148147962,0.01681096233444136,0.2712831589627998,0.12534890213282038,0.10984275353608018,0.0,0.8993205038795085,0.6137210700217586,0.28948194759941354,0.30229968770553994,0.40662577253077553,angry,05,13,13,male,normal,1528
60,2.0020000000000002,True,1.0,0.5065876015192976,0.47353737669111573,0.49006248910520667,0.85352469125344,-0.04930555555555555,-0.04962962962962969,0.3565757260255891,0.30880253014293274,0.185457809398365,0.5741632247164725,0.03305022482818187,0.00032407407407414324,0.014635588575239928,0.3622724170374873,0.1305927575446694,0.10355341350140469,0.0,0.6856928406443124,0.5661621822322679,0.25869872953772977,0.3216623849343058,0.3721375548748413,angry,05,13,13,male,normal,1528
70,2.3356666666666666,True,1.0,0.561977091533054,0.5609983746287108,0.5614877330808824,0.9809078693975747,-0.04972222222222228,-0.0509722222222222,0.31268130328254423,0.3823183179973317,0.19169214051731778,0.5724163813934131,0.0009787169043431465,0.0012499999999999178,0.015716475086059514,0.32805671104646106,0.12685118639355034,0.1081043675390156,0.0,0.9999999987499999,0.6022950125987896,0.2907068467074054,0.3010070186358721,0.39205904846916173,angry,05,13,13,male,normal,1528
80,2.6693333333333333,True,1.0,0.5621002038039388,0.5518720258550239,0.5569861148294813,0.6306712286782715,-0.04944444444444446,-0.04930555555555555,0.33608064062288967,0.2074843712060982,0.1896090870785938,0.8831639838664979,0.01022817794891484,0.0001388888888889106,0.019204327555325484,0.48224601052367533,0.12739044371007596,0.10729095336681177,0.0,0.9999999987499999,0.6085989606311275,0.28894566705464647,0.29620327328959184,0.39305056363038543,angry,05,13,13,male,normal,1528
90,3.003,True,1.0,0.5767659623628711,0.5522543206991988,0.564510141531035,0.5791163082018745,-0.04921296296296296,-0.0501388888888889,0.341220210322264,0.2057161516288856,0.18891473730410502,0.9747785264134747,0.024511641663672368,0.0009259259259259411,0.015676630112089338,0.5207015490463013,0.12783500320998706,0.10693918704086118,0.0,0.7985027674572627,0.6114767885357268,0.28889457413632014,0.29896915831839826,0.3967615450636111,angry,05,13,13,male,normal,1528
100,3.336666666666667,True,1.0,0.5777647118571584,0.5890394439198854,0.5834020778885218,0.48830101934618264,-0.04787037037037034,-0.049166666666666636,0.34221845778807974,0.1904779181748943,0.18754922856350442,1.194759082562793,0.011274732062727,0.0012962962962962954,0.015414551502269126,0.6175427591006295,0.1280506262471268,0.1066809021725239,0.0,0.854473778577465,0.6114677628316952,0.28850728396852704,0.29884102376695976,0.39473892219304935,angry,05,13,13,male,normal,1528
0,0.0,True,1.0,0.5976692442320238,0.5609983746287106,0.5793338094303673,0.4204715201150169,-0.04814814814814816,-0.050416666666666665,0.34624947078714746,0.1650520705366222,0.18752603985846872,1.3778193806607753,0.03667086960331323,0.002268518518518503,0.01828422000132737,0.72614718259026,0.12905964046749277,0.10545798676849741,0.0,0.7693774458548663,0.6136932165053521,0.2887313909043261,0.3033024415040105,0.39639989039789225,angry,05,13,13,male,normal,1529
10,0.33366666666666667,True,1.0,0.576882921517338,0.5522543206991989,0.5645686211082684,0.45322484519252476,-0.04893518518518525,-0.05041666666666672,0.3435811333916001,0.18100381054495784,0.18961592732921567,1.2456700622148067,0.024628600818139113,0.0014814814814814725,0.024429272729929872,0.6772136644588981,0.12691917828510224,0.10802453403700574,0.0,0.7893916521253911,0.6167521881565127,0.287830002187706,0.3006380628955346,0.4006604989945576,angry,05,13,13,male,normal,1529
20,0.6673333333333333,True,1.0,0.5566866506874222,0.571719023818633,0.5642028372530277,0.45085358685861937,-0.04884259259259266,-0.050185185185185166,0.3485636875422786,0.1650520705366221,0.18959782024548774,1.251410332973469,0.015032373131210863,0.0013425925925925064,0.01577577238239985,0.6958458617051084,0.1285873998031767,0.10603328903033718,0.0,0.7438498741224265,0.6146742619313351,0.28840451842122167,0.3016726056165404,0.3968160574591883,angry,05,13,13,male,normal,1529
30,1.0010000000000001,True,1.0,0.5333604203297039,0.5337732773499453,0.5335668488398246,0.7280116406769844,-0.04930555555555555,-0.04976851851851849,0.37433681868777985,0.2729404969283368,0.1916861703873071,0.7329097764750796,0.00041285702024140836,0.0004629629629629428,0.0047651143310175155,0.46662247303515064,0.1263869961664709,0.10864669792738767,0.0,0.6998650989150397,0.6148879505943002,0.28959913701961226,0.3111012173054075,0.41880102805813696,angry,05,13,13,male,normal,1529
40,1.3346666666666667,True,1.0,0.5244955091964236,0.5177480676054554,0.5211217884009396,1.0413213154929668,-0.049120370370370425,-0.0496759259259259,0.34102739588510195,0.37513060997267195,0.19098220953209089,0.5004428322436076,0.006747441590968184,0.0005555555555554759,0.008619097243142566,0.3156680283104389,0.12562151987298636,0.10953087014731899,0.0,0.8778241820930204,0.6117551741399686,0.29158221496059294,0.31136906854940616,0.4242299097003679,angry,05,13,13,male,normal,1529
50,1.6683333333333334,True,1.0,0.5776475989186058,0.5782707671173045,0.5779591830179551,1.2321826560661318,-0.05175925925925928,-0.05189814814814814,0.34474041681639284,0.47156470770782966,0.186807189203152,0.4690531717620085,0.0006231681986986759,0.0001388888888888551,0.006430826837192274,0.25812186577132057,0.1263316273157502,0.10871107445994854,0.0,0.7097591353138084,0.6130630101259253,0.2914061759163278,0.3107180885099921,0.41946859533959774,angry,05,13,13,male,normal,1529
60,2.0020000000000002,True,1.0,0.5416557895200806,0.5330993767137153,0.537377583116898,0.8253706850981182,-0.050648148148148164,-0.04958333333333337,0.357987724720209,0.37576261958675905,0.1854269532054156,0.6510742298207692,0.008556412806365321,0.0010648148148147962,0.00421491527216713,0.4032885215276836,0.12549530710160536,0.10967545607807082,0.0,0.6896448330242105,0.6123259731392557,0.2917036327632275,0.2968670883973276,0.40029309746058644,angry,05,13,13,male,normal,1529
70,2.3356666666666666,True,1.0,0.597311538082893,0.5828779599271404,0.5900947490050167,1.1539588035309598,-0.04962962962962958,-0.05092592592592593,0.2962743670768229,0.5237001553421486,0.19097581771394376,0.5113655246611972,0.014433578155752524,0.001296296296296351,0.0031843814127964875,0.28598031506175625,0.12604718993069183,0.10904074321536672,0.0,0.7215624204142121,0.6032592001722564,0.2939237944824247,0.29972234770022055,0.40032763539345245,angry,05,13,13,male,normal,1529
80,2.6693333333333333,True,1.0,0.5727555452077242,0.587548525129417,0.5801520351685706,0.7009474091130364,-0.0490740740740741,-0.04972222222222222,0.3505812261725578,0.2386033070239022,0.1882045791606005,0.8276684208058952,0.014792979921692817,0.0006481481481481199,0.0006915952660439184,0.43291635298925873,0.12841782730064627,0.10623859657478198,0.0,0.6930173872450314,0.6128014426786339,0.2905983753779703,0.300990780926008,0.39792394871192394,angry,05,13,13,male,normal,1529
90,3.003,True,1.0,0.568906162084111,0.552923630941342,0.5609148965127265,0.6171305524323925,-0.04893518518518514,-0.05083333333333334,0.34635196850378314,0.2182329505715456,0.18822038822814363,0.908908000587405,0.01598253114276904,0.0018981481481482043,0.0002089247782126185,0.5081597432931074,0.12767469472034543,0.10713052832241796,0.0,0.8290865649480185,0.6141793459571329,0.2901507935695105,0.30108235621668156,0.40092319134062093,angry,05,13,13,male,normal,1529
100,3.336666666666667,True,1.0,0.5632096194542637,0.5675792126820671,0.5653944160681654,0.567186583752085,-0.04935185185185187,-0.0496759259259259,0.3513413434949426,0.21640275202975814,0.1861115210482762,0.9968402502187835,0.004369593227803392,0.0003240740740740322,0.0008899110891525815,0.5334856688328358,0.12775831494231804,0.10703079338972783,0.0,0.9999999987499999,0.6144199375140681,0.29041852996352974,0.3001446318096633,0.3990926867546233,angry,05,13,13,male,normal,1529
0,0.0,True,1.0,0.5319560483456526,0.5432324207746098,0.5375942345601312,0.4640256309415995,-0.054074074074074,-0.05009259259259258,0.3482789212722985,0.20154550946036634,0.18763178962148844,1.1585442671975825,0.011276372428957182,0.003981481481481419,0.03636832175446837,0.6342310155173647,0.1267909846414821,0.10817496930499211,0.0,0.8946381639345528,0.6136834336625275,0.289297602602964,0.29856908376907687,0.39891314587616644,angry,05,13,13,male,normal,1530
10,0.33366666666666667,True,1.0,0.5417516638294813,0.5518276792001727,0.546789671514827,0.4730846104981914,-0.05481481481481476,-0.05138888888888887,0.3395147713886689,0.1904779181748931,0.18968632733483395,1.1557967842983077,0.010076015370691471,0.003425925925925888,0.03469873853735984,0.6554336769108486,0.1286321904644033,0.10597894765968983,0.0,0.8338960254402479,0.6118495767682073,0.28969719827993906,0.3008239523173889,0.3985119151205407,angry,05,13,13,male,normal,1530
20,0.6673333333333333,True,1.0,0.5557327572325218,0.5540626455476493,0.5548977013900855,0.4682854559491836,-0.054398148148148084,-0.05097222222222231,0.34299423853603667,0.1960874614237044,0.18759153039354048,1.184956086806806,0.0016701116848725217,0.003425925925925777,0.037903913478490925,0.6530549592127566,0.12784481126782857,0.10692746140497567,0.0,0.8192590898990111,0.6135445903361345,0.2903737802335268,0.30263736754056086,0.3995457212909588,angry,05,13,13,male,normal,1530
30,1.0010000000000001,True,1.0,0.506399245118409,0.49892501379118515,0.502662129454797,1.1186734941040666,-0.054537037037036995,-0.04921296296296296,0.31158945702083873,0.4672419474321925,0.19036797259896426,0.4493376593832445,0.0074742313272238015,0.005324074074074037,0.038443567662002874,0.310459316393959,0.12582897754183814,0.10929247998454404,0.0,0.8162214114646579,0.6121628377444728,0.29107376116880296,0.30757105107613475,0.4112668846595645,angry,05,13,13,male,normal,1530
40,1.3346666666666667,True,1.0,0.5444827866917471,0.5245996706788951,0.5345412286853211,1.002054285794815,-0.05499999999999999,-0.049861111111111134,0.31857652659065816,0.39590789419267425,0.19105050873278595,0.5334453794200688,0.019883116012851976,0.0051388888888888595,0.046284409446167143,0.3356302358144617,0.12823994602750674,0.10645324801819796,0.0,0.6774855360806046,0.6123987382296667,0.2891398245066951,0.31364512864585503,0.414165161398472,angry,05,13,13,male,normal,1530
50,1.6683333333333334,True,1.0,0.5476511456373758,0.5428667507406499,0.5452589481890129,1.027225218013396,-0.05944444444444441,-0.057314814814814874,0.35222983602551583,0.38134385088881484,0.19172397807097866,0.5308075956736317,0.004784394896725885,0.002129629629629537,0.03456822928249519,0.3055333367985587,0.12705837716231366,0.10786077397991459,0.0,0.683429683165532,0.6170920657559898,0.28974815568475704,0.3170965916168496,0.4226857546409024,angry,05,13,13,male,normal,1530
60,2.0020000000000002,True,1.0,0.5881067882222594,0.5835916051944908,0.5858491967083751,1.003315768949681,-0.06041666666666673,-0.05662037037037032,0.34289802046122947,0.4329984509477722,0.19239323451473508,0.5839130758621187,0.004515183027768543,0.0037962962962964086,0.03040771593789334,0.3236756046910254,0.12392562504456206,0.11144602831688821,0.0,0.7183377655875952,0.6148431678765257,0.2913880167312037,0.30071721525603895,0.40448625109780206,angry,05,13,13,male,normal,1530
70,2.3356666666666666,True,1.0,0.5580093964787235,0.5756253410330973,0.5668173687559104,1.1581321359173107,-0.05787037037037035,-0.055555555555555525,0.2894430311728957,0.5427905866265647,0.19935186884018494,0.48942374637325536,0.017615944554373764,0.002314814814814825,0.03093867400973797,0.26409363417504733,0.12932469647400932,0.1051327763009583,0.0,0.7078424209921355,0.6047245355407788,0.29209293002450104,0.30907722035544394,0.40115714347086495,angry,05,13,13,male,normal,1530
80,2.6693333333333333,True,1.0,0.5753275556564201,0.5865065763760662,0.5809170660162432,0.7571232147655543,-0.05708333333333332,-0.053842592592592664,0.33560056828092144,0.27024093878957534,0.1944585692104391,0.7672688601895875,0.011179020719646049,0.003240740740740655,0.02817472615090173,0.41352375158365007,0.1269488947630974,0.10798961009740975,0.0,0.7855159130686901,0.6136055885557349,0.2904536271364176,0.30514528008494357,0.4025332781959758,angry,05,13,13,male,normal,1530
90,3.003,True,1.0,0.5459554422921059,0.5757481849244144,0.5608518136082601,0.5818571463111107,-0.056157407407407434,-0.053611111111111054,0.3407650576799706,0.22945431495947843,0.18960305135840613,0.9638995020753438,0.029792742632308467,0.0025462962962963798,0.029251091045089505,0.5477893441183276,0.12615503964470196,0.10891594806397319,0.0,0.8676160773982027,0.6169936660054647,0.2912034004665625,0.3015339443799345,0.4030478223290667,angry,05,13,13,male,normal,1530
100,3.336666666666667,True,1.0,0.5531984395531492,0.5757481849244145,0.5644733122387818,0.5507154399544345,-0.05393518518518514,-0.05203703703703694,0.34050048776005537,0.22157264768338955,0.18892160269492644,1.0249818168989153,0.022549745371265306,0.0018981481481482043,0.026748691659830556,0.5462751734835035,0.12926578086499999,0.1052052074194651,0.0,0.8212024438581543,0.6159506370907737,0.2895082835051134,0.3054096616810086,0.4020232090647673,angry,05,13,13,male,normal,1530
0,0.0,True,1.0,0.5562014516041965,0.5428464838961485,0.5495239677501725,0.4567371697316128,-0.05425925925925934,-0.048888888888888815,0.34753022406023737,0.23531996173599837,0.18485599221902047,1.20315140559522,0.013354967708048004,0.005370370370370525,0.03271569579211945,0.6949939128604347,0.1294357777866523,0.10499598658805326,0.0,0.8295367555226828,0.6167548120420043,0.29032361338819906,0.30321873607430494,0.3995443212443007,angry,05,13,13,male,normal,1531
10,0.33366666666666667,True,1.0,0.5470047088020379,0.549190279109206,0.548097493955622,0.407611943487846,-0.05472222222222228,-0.050138888888888955,0.34820862380138606,0.19608746142370562,0.18482792506197773,1.344655137594036,0.00218557030716815,0.004583333333333328,0.02938930776467948,0.7322841142370087,0.12622022992095294,0.10884039382994205,0.0,0.7040585431944234,0.6161049774753652,0.29073241001791295,0.29700714747047396,0.40085549985743085,angry,05,13,13,male,normal,1531
20,0.6673333333333333,True,1.0,0.5159784679000385,0.5387386730969026,0.5273585704984706,0.4166836778729412,-0.05375000000000002,-0.04925925925925928,0.35053088381151504,0.20767241936925684,0.184815128325867,1.2656088983146523,0.02276020519686406,0.00449074074074074,0.032949994598179294,0.7443283902117707,0.12632698961361125,0.10871646363624898,0.0,0.7341617124653617,0.6141572918307948,0.29098525737618375,0.29928029773268844,0.40034558167170103,angry,05,13,13,male,normal,1531
30,1.0010000000000001,True,1.0,0.5459891646654692,0.5839648306135063,0.5649769976394878,1.1036874710742548,-0.0660648148148148,-0.06384259259259256,0.3133460273911786,0.4763156127864907,0.20635687630992722,0.5118994393309343,0.03797566594803714,0.0022222222222222365,0.028661964221008036,0.3081319941578536,0.1251220537454979,0.11010108735485315,0.0,0.9999999987499999,0.6159213657181624,0.2945160346167325,0.3148293479760148,0.4202398185176177,angry,05,13,13,male,normal,1531
40,1.3346666666666667,True,1.0,0.5013007270152767,0.4919127923271286,0.49660675967120266,0.6701205249282951,-0.05453703703703705,-0.05175925925925923,0.36005110807094004,0.22564969561098736,0.1917339262223218,0.7410708092015852,0.009387934688148136,0.0027777777777778234,0.03703276523920983,0.4521415144812396,0.1259751536756026,0.10912395899529963,0.0,0.9413209150243319,0.6129169859975241,0.2920790645136939,0.3072590240190269,0.4092287620095434,angry,05,13,13,male,normal,1531
50,1.6683333333333334,True,1.0,0.5306631706502123,0.5445901601896045,0.5376266654199084,0.40639532946045137,-0.053611111111111054,-0.050138888888888955,0.34575525978003246,0.22557945245233366,0.1918103108271991,1.3229154629648074,0.013926989539392198,0.003472222222222099,0.034019717932624906,0.7493498048192632,0.12490328670240036,0.11034920362722804,0.0,0.9710220269451473,0.6142759906228117,0.289865167282141,0.2989586173976193,0.4028963681996459,angry,05,13,13,male,normal,1531
60,2.0020000000000002,True,1.0,0.5019790739535852,0.5131854267628883,0.5075822503582368,1.0995126332830587,-0.05416666666666664,-0.05101851851851852,0.32020788670463285,0.45114942513341794,0.19105050873278595,0.4616429452407799,0.011206352809303044,0.003148148148148122,0.03692909466906451,0.29412881904734084,0.1298217975218636,0.10451831733765171,0.0,0.6848842841043407,0.5712136823010454,0.25769864243500196,0.3363672784439051,0.38379175714296626,angry,05,13,13,male,normal,1531
70,2.3356666666666666,True,1.0,0.5629593351405928,0.5514729989379957,0.5572161670392943,0.9859100315637732,-0.05532407407407408,-0.05203703703703699,0.3197655391063898,0.3613574534625218,0.19036797259896426,0.5651795287603288,0.011486336202597092,0.0032870370370370883,0.029722648693070845,0.3190592669455866,0.1255586637268802,0.10960291845321198,0.0,0.9854759222243104,0.6102929042945302,0.2937992645063309,0.2977551423974285,0.3996805590167461,angry,05,13,13,male,normal,1531
80,2.6693333333333333,True,1.0,0.5459891646654685,0.5703047892906304,0.5581469769780495,0.5260887495232186,-0.05337962962962961,-0.05087962962962961,0.3490053716932006,0.20281520268345687,0.18895713720099233,1.0609369188827635,0.024315624625161902,0.0025000000000000022,0.027916805992846044,0.578977454463122,0.12801735070124423,0.10672083062840604,0.0,0.943505974429738,0.6144740292288792,0.2913096872230279,0.3008607143199006,0.40115772524185,angry,05,13,13,male,normal,1531
90,3.003,True,1.0,0.5544565565597654,0.5755086368446636,0.5649825967022145,0.4996436645323807,-0.05393518518518525,-0.051666666666666694,0.3458598961929094,0.21184697202019348,0.18826294450387393,1.1307710610740656,0.021052080284898134,0.0022685185185185586,0.034303615857512855,0.6140274263150922,0.12734752755270948,0.10751923082241041,0.0,0.9501195468324484,0.6141856091655411,0.2907203707106409,0.3012279156293487,0.40203976978560313,angry,05,13,13,male,normal,1531
100,3.336666666666667,True,1.0,0.5373699922204448,0.5449572520706117,0.5411636221455283,0.4785092653646189,-0.054675925925925906,-0.052361111111111136,0.3395535524072309,0.2080750090050768,0.18967385838108636,1.1309365592600749,0.00758725985016695,0.0023148148148147696,0.03180979871143713,0.653054959212755,0.1270162512212633,0.10791037807437732,0.0,0.965178302448618,0.6153285792051196,0.29197691872988496,0.2993460589822837,0.4017321415306752,angry,05,13,13,male,normal,1531
0,0.0,True,1.0,0.5335454831159954,0.543511653549321,0.5385285683326582,0.46033367841179673,-0.05342592592592604,-0.048101851851851785,0.3327776466590023,0.19860705177497306,0.19470950513359928,1.1698656726369503,0.009966170433325594,0.005324074074074259,0.05126614777044432,0.6939031341930205,0.1285527000924939,0.10607535561916864,0.0,0.6826211626765633,0.6110218946484843,0.2866681212995111,0.29630343027507616,0.39570854769323155,angry,05,13,13,male,strong,1532
10,0.33366666666666667,True,1.0,0.5516222196093779,0.5374856562407362,0.544553937925057,0.44142506193751213,-0.05324074074074081,-0.04749999999999993,0.34732448642496155,0.1827741282436014,0.19267180897617384,1.2336271428153387,0.014136563368641664,0.0057407407407408795,0.05084413170724827,0.7149731080860476,0.1267614511219399,0.10820957573128903,0.0,0.7192606133880085,0.6110598809133029,0.28689478122937856,0.2984810444197783,0.3967489217565756,angry,05,13,13,male,strong,1532
20,0.6673333333333333,True,1.0,0.563292155541957,0.5431527625664754,0.5532224590542162,0.7367642664294678,-0.053379629629629666,-0.04893518518518519,0.3327992761941966,0.25263898222649267,0.19269437844399315,0.7508812306211073,0.020139392975481618,0.004444444444444473,0.05150726907950294,0.43699620683240403,0.12592871304644532,0.10917754806232473,0.0,0.6848701277423589,0.6130426290828831,0.2889460343695045,0.2993145136756365,0.3968998576594463,angry,05,13,13,male,strong,1532
30,1.0010000000000001,True,1.0,0.5528896848244321,0.5819803992797921,0.5674350420521121,1.0561174616997193,-0.05731481481481493,-0.052685185185185224,0.3970005511187022,0.398926165951396,0.1974835546376814,0.5372840262851825,0.029090714455359934,0.004629629629629706,0.03640785435077315,0.30938914477997115,0.12613451601224435,0.10893971562630592,0.0,0.7079933157477593,0.616389701677546,0.28774542489684213,0.31755073904731557,0.43091684033925587,angry,05,13,13,male,strong,1532
40,1.3346666666666667,True,1.0,0.5117505656452104,0.5435090255649251,0.5276297956050677,1.1893017267196513,-0.05388888888888882,-0.04995370370370361,0.3248672718078227,0.4925970810941353,0.18704065390021432,0.4436467077706039,0.03175845991971471,0.003935185185185208,0.048736176669884265,0.2675606121127411,0.1289445883015522,0.10559863123380682,0.0,0.6598724775965038,0.5768694200492697,0.2636956872181963,0.33293908126222854,0.3840959484004185,angry,05,13,13,male,strong,1532
50,1.6683333333333334,True,1.0,0.49386114957528865,0.49186312002694277,0.49286213480111574,1.161166018214045,-0.05314814814814828,-0.049629629629629635,0.37515593615047566,0.4317294475383899,0.18839055565185742,0.42445449407757585,0.001998029548345881,0.003518518518518643,0.04081011042032006,0.28850671756797636,0.1293054578236081,0.10515643750016158,0.0,0.6564001845583274,0.5782224647984193,0.26158341782140915,0.33083945653060043,0.3903299114823287,angry,05,13,13,male,strong,1532
60,2.0020000000000002,True,1.0,0.4724907632540932,0.46385049412252327,0.4681706286883083,0.794574624059478,-0.0531018518518519,-0.04648148148148157,0.3673454764481885,0.34874890413651644,0.18638802293354279,0.5892091372065555,0.008640269131569955,0.006620370370370332,0.04812401811513783,0.41951167736811823,0.12304097085195789,0.11242196076255825,0.0,0.809019612388644,0.6238642371010904,0.2909441941217529,0.3066484294573837,0.4082818003418135,angry,05,13,13,male,strong,1532
70,2.3356666666666666,True,1.0,0.605612770811636,0.5917504508411658,0.5986816108264009,1.8335404080165727,-0.05527777777777776,-0.04967592592592596,0.24780561717601582,0.6924544625873925,0.19348544065059478,0.32651672589753455,0.01386231997047016,0.005601851851851802,0.044951111135893444,0.156595635059055,0.12456945983417268,0.11072591136175083,0.0,0.822558202422354,0.604753333903874,0.2911998308720938,0.30417712899124105,0.406797189637482,angry,05,13,13,male,strong,1532
80,2.6693333333333333,True,1.0,0.568694204429211,0.5519610184651343,0.5603276114471727,0.7940571432364877,-0.051574074074073994,-0.04726851851851843,0.34056087391118245,0.2423001535001999,0.19269437844399315,0.705651496519936,0.01673318596407669,0.0043055555555555625,0.04276764097160505,0.3556159695695069,0.12685571821711045,0.108099049607437,0.0,0.7631896593607645,0.6042402146874375,0.2859821782561462,0.29747149214105206,0.39713653619032674,angry,05,13,13,male,strong,1532
90,3.003,True,1.0,0.5419282870642784,0.5178814910160298,0.5299048890401541,0.5439045449566261,-0.051435185185185195,-0.04768518518518522,0.3421413492628441,0.18356072234863643,0.19054863455326013,0.9742608219653902,0.024046796048248664,0.0037499999999999756,0.04192331081234807,0.549389060141464,0.12773249059347552,0.10706161131548095,0.0,0.6666209020136034,0.613162293542417,0.2857353056004938,0.2978519910356862,0.4007801745589793,angry,05,13,13,male,strong,1532
100,3.336666666666667,True,1.0,0.579676789029854,0.5682176968189492,0.5739472429244016,0.5631854504452685,-0.05319444444444443,-0.04958333333333337,0.34154661954514387,0.1998820488700729,0.1918771224123703,1.0191087899565314,0.011459092210904798,0.003611111111111065,0.04289987599641175,0.5182492543382043,0.12741717027366012,0.10743669061307383,0.0,0.8650758321686326,0.6139509319665366,0.2848743999085504,0.2987519995335643,0.4004060380961091,angry,05,13,13,male,strong,1532
0,0.0,True,1.0,0.5818578557767461,0.5647182863434941,0.57328807106012,0.4296848412122566,-0.05328703703703702,-0.050787037037037075,0.3626037014872597,0.19305300386778015,0.18335996492176557,1.3342059483474449,0.01713956943325201,0.0024999999999999467,0.03147633264469169,0.656058929494189,0.12801451777593897,0.10672422878307371,0.0,0.7853427707374647,0.6222824795230593,0.28533903796194204,0.300033869127051,0.4001573181148326,angry,05,13,13,male,strong,1533
10,0.33366666666666667,True,1.0,0.5667441047764438,0.5502510456084233,0.5584975751924335,0.41494152987344657,-0.0528703703703704,-0.04879629629629639,0.36338277046900397,0.1714099884447917,0.182680657223556,1.345966925419035,0.016493059168020463,0.004074074074074008,0.026404598150689924,0.7172869973033156,0.1282443515388677,0.10644794065254767,0.0,0.7190723411658847,0.6259661327968689,0.2835370042693398,0.304468028045262,0.40126331734651116,angry,05,13,13,male,strong,1533
20,0.6673333333333333,True,1.0,0.5560845548540472,0.571777674342229,0.563931114598138,0.3294188937811384,-0.0531018518518519,-0.05157407407407405,0.36301130365632506,0.14284165703732532,0.18267272197487106,1.7118966921575738,0.01569311948818186,0.00152777777777785,0.029572303137094295,0.8338148826920629,0.1272859622787432,0.1075921074115293,0.0,0.9999999987499999,0.6238240003657713,0.28341173265679426,0.30062697888321255,0.39869582624350486,angry,05,13,13,male,strong,1533
30,1.0010000000000001,True,1.0,0.5306599868501967,0.4843258202329025,0.5074929035415496,0.996946450564239,-0.052962962962962934,-0.04861111111111116,0.39898135954672176,0.44705723834321176,0.1875687536705291,0.5090473046514437,0.04633416661729417,0.0043518518518517735,0.03132576595861026,0.3396900438337885,0.12505342296716163,0.11017903237230456,0.0,0.9999999987499999,0.6278729010510454,0.2858016673138643,0.31591037890129947,0.42418268527007424,angry,05,13,13,male,strong,1533
40,1.3346666666666667,True,1.0,0.5250303835599376,0.5383529810627136,0.5316916823113256,2.1457855322473205,-0.06328703703703698,-0.06111111111111117,0.29208077443652697,0.92211591114235,0.18410901721640266,0.24778416776558054,0.013322597502775979,0.0021759259259258035,0.02595371456901347,0.1542903001356522,0.12237445448415923,0.1131471195376348,0.0,0.9999999987499999,0.6235518239326981,0.28979528391664994,0.32526708180400415,0.4264346628418942,angry,05,13,13,male,strong,1533
50,1.6683333333333334,True,1.0,0.45119866633770056,0.4295388865968052,0.4403687764672529,1.1960074904437072,-0.05277777777777776,-0.048472222222222305,0.344620507978361,0.4722122148469041,0.18842780990276645,0.3681990121181267,0.021659779740895335,0.0043055555555554514,0.0450254593659677,0.2994497446553195,0.12422535410343061,0.1111118318091696,0.0,0.7591603367353478,0.6163090992803371,0.2883277373823803,0.3254147084783296,0.4284803749901181,angry,05,13,13,male,strong,1533
60,2.0020000000000002,True,1.0,0.4517216453984102,0.45087291974773075,0.45129728257307045,0.9901628580270516,-0.05282407407407408,-0.04916666666666669,0.3871283212801942,0.3825940548335518,0.18559803753688617,0.4557808636372228,0.0008487256506794494,0.003657407407407387,0.030890156230546056,0.3457860157021818,0.12425696970654632,0.11107647477976783,0.0,0.7926544226814882,0.624407185764931,0.2858199869222463,0.322789645885086,0.43185310138750505,angry,05,13,13,male,strong,1533
70,2.3356666666666666,True,1.0,0.6086392250451846,0.5985851378252182,0.6036121814352013,1.2500536369483304,-0.056203703703703645,-0.053287037037036966,0.30837861119898485,0.5836509123425135,0.18421051613193204,0.48286902545138627,0.010054087219966479,0.0029166666666666785,0.0362790976476592,0.23710343629729214,0.12643998493062145,0.10858502650537853,0.0,0.8488434930225343,0.620337115041329,0.2873181328523953,0.3072260187112551,0.3963362277030249,angry,05,13,13,male,strong,1533
80,2.6693333333333333,True,1.0,0.49319005578679614,0.4887082663743708,0.4909491610805835,0.914620255401223,-0.052870370370370456,-0.049259259259259225,0.37234632040155147,0.3342622602605321,0.19534560386896538,0.5367792350774205,0.00448178941242533,0.0036111111111112315,0.039292271279995274,0.37039831256450084,0.12747976389825877,0.10736241226333045,0.0,0.6475070457723114,0.5559549433054471,0.25536336316278146,0.33709945713751804,0.3811711507127267,angry,05,13,13,male,strong,1533
90,3.003,True,1.0,0.6531571018408798,0.6429883955234393,0.6480727486821596,1.3057937789130496,-0.05689814814814809,-0.052592592592592635,0.2543676668933901,0.5608883254565044,0.1994586163382236,0.49630558756499754,0.01016870631744049,0.0043055555555554514,0.026105630468423693,0.20268096041936695,0.12577186370813165,0.1093582007421983,0.0,0.7343473608421268,0.5958952675523336,0.29207422137839284,0.3081366506560849,0.40431700109038776,angry,05,13,13,male,strong,1533
100,3.336666666666667,True,1.0,0.5564222269997129,0.5540472261565278,0.5552347265781203,0.6298161094698529,-0.05282407407407408,-0.049629629629629635,0.3484280200474063,0.1902630651781911,0.1911016173062288,0.8815822876386706,0.0023750008431850933,0.003194444444444444,0.028451837754088223,0.4580864654200363,0.1268334854016879,0.10812513468781088,0.0,0.7370143305343441,0.6074243492318802,0.285871065090334,0.30090730470401983,0.40269167460067334,angry,05,13,13,male,strong,1533
110,3.6703333333333332,True,1.0,0.5853994981431293,0.595403521000041,0.5904015095715851,0.47600049540860195,-0.05300925925925931,-0.05009259259259263,0.3555682009666472,0.18019853588842955,0.19038039609174412,1.2403380149106369,0.01000402285691171,0.0029166666666666785,0.022996111824749168,0.6132800930987837,0.12810345861879996,0.10661745476387732,0.0,0.7852828639818268,0.6130600788674845,0.2866835655641414,0.30295253805077155,0.40559944908889306,angry,05,13,13,male,strong,1533
120,4.0040000000000004,True,1.0,0.5722720888379544,0.5609182307758059,0.5665951598068801,0.47988161945614566,-0.05356481481481479,-0.050925925925925986,0.35242407366133655,0.19620122950430752,0.18965133174141804,1.1806977738572437,0.011353858062148503,0.002638888888888802,0.035817201741732606,0.5970131934406072,0.12564270735627872,0.10933244674321156,0.0,0.8263663966630361,0.6217547128460759,0.2847682436173088,0.30274545766300415,0.4015763416663497,angry,05,13,13,male,strong,1533
0,0.0,True,1.0,0.5865325264836826,0.5842049333083799,0.5853687298960313,0.3598654686276139,-0.05240740740740735,-0.04949074074074078,0.3577160000764805,0.19413089493441618,0.18619144154760403,1.6266321192983548,0.0023275931753027335,0.0029166666666665675,0.03742066251025974,0.8131181640290257,0.12836575906125625,0.10630150361707777,0.0,0.8033994443330832,0.6258043397671568,0.28301982668168857,0.3030677755915498,0.39919267845509804,angry,05,13,13,male,strong,1534
10,0.33366666666666667,True,1.0,0.5564222269997104,0.5703044309401838,0.5633633289699471,0.38912205171882774,-0.0525462962962962,-0.049166666666666636,0.3574950977174223,0.18719263879421555,0.184815128325867,1.4477805266534287,0.013882203940473348,0.003379629629629566,0.03633042746029445,0.7502629503885987,0.12804413517214766,0.10668869302170164,0.0,0.8276686081862148,0.624787603009954,0.284135074571799,0.3049131445024981,0.4010429597269781,angry,05,13,13,male,strong,1534
20,0.6673333333333333,True,1.0,0.5798724639853642,0.5842049333083804,0.5820386986468723,0.34908131967326544,-0.052222222222222225,-0.04865740740740737,0.3690355315482599,0.16738963714905683,0.18621602556979983,1.667344156919228,0.00433246932301623,0.003564814814814854,0.037748234694661126,0.8101671735084748,0.12727166211780863,0.10760902281959406,0.0,0.9999999987499999,0.6235821463116498,0.2842858227059587,0.3034071526941031,0.400028150291438,angry,05,13,13,male,strong,1534
30,1.0010000000000001,True,1.0,0.6633179610201443,0.6368727506292108,0.6500953558246776,1.3216524388492517,-0.06870370370370377,-0.06310185185185185,0.32859903543121965,0.5034414945919377,0.20912119544110305,0.4918807219776392,0.026445210390933505,0.005601851851851913,0.03194426094463233,0.2477456392420964,0.1233488059497063,0.11208411948527953,0.0,0.9999999987499999,0.6255523630389657,0.2878115955845645,0.3243733375499924,0.42822590969309837,angry,05,13,13,male,strong,1534
40,1.3346666666666667,True,1.0,0.585426128064852,0.5469031931834295,0.5661646606241407,1.0551352069944462,-0.05106481481481484,-0.046527777777777724,0.35538819496679735,0.390243902439024,0.19107446757872665,0.5365802002161044,0.038522934881422444,0.004537037037037117,0.03499567792691489,0.3316088269567206,0.12430032247320795,0.11033943906461793,0.0,0.7856289649766498,0.6201973399125276,0.2879625534879771,0.32351143125056264,0.42880160980778886,angry,05,13,13,male,strong,1534
50,1.6683333333333334,True,1.0,0.6138456894904741,0.5984431078222421,0.6061443986563582,1.347333628714988,-0.05078703703703702,-0.04712962962962963,0.36073475681387474,0.45859287577414565,0.18967385838108636,0.4498844129901701,0.015402581668232052,0.003657407407407387,0.03136184391834885,0.2574921602264531,0.12530902540764624,0.10988824287309758,0.0,0.6498113339248199,0.6200381773568803,0.2869832039709955,0.3251036519158019,0.429812626989443,angry,05,13,13,male,strong,1534
60,2.0020000000000002,True,1.0,0.7095815747535503,0.6672066760714873,0.6883941254125188,1.5348400057802543,-0.05523148148148155,-0.05444444444444446,0.3454593252624137,0.5884633041224466,0.1911016173062288,0.44851197702692497,0.04237489868206301,0.000787037037037086,0.02651919611625209,0.20838099950312902,0.12320671792015807,0.112240288797804,0.0,0.7815474156219592,0.6249245198626325,0.29095103459760824,0.3097607511413194,0.4148452028794321,angry,05,13,13,male,strong,1534
70,2.3356666666666666,True,1.0,0.6885390567367403,0.721110255092798,0.7048246559147692,1.0323656860703359,-0.05384259259259261,-0.0528703703703704,0.24508547810649056,0.4945930063285755,0.19944369807999512,0.6827277053324581,0.03257119835605771,0.0009722222222222077,0.027914335137520133,0.2759742358262987,0.13139824250186657,0.1025294086513503,0.0,0.646545344406006,0.5411095067949054,0.2579843327388867,0.3278765394237158,0.38138310271835396,angry,05,13,13,male,strong,1534
80,2.6693333333333333,True,1.0,0.6646161499703424,0.6488646831883275,0.6567404165793349,0.8131263528168358,-0.052731481481481546,-0.05041666666666672,0.33957203078659326,0.26338459551738386,0.1924626186247637,0.8076732654208685,0.01575146678201489,0.002314814814814825,0.02937303517228421,0.35399386028083996,0.127659852743575,0.10714821402127128,0.0,0.9064891308647047,0.5992429185736795,0.2901738568219132,0.3044800151568638,0.3978964234161948,angry,05,13,13,male,strong,1534
90,3.003,True,1.0,0.6541141690246511,0.6417756047134565,0.6479448868690538,0.5048164775111632,-0.05189814814814814,-0.048472222222222305,0.35556820096664743,0.1946144187595037,0.19315669812580716,1.2835256290831465,0.012338564311194622,0.0034259259259258323,0.02410253477328032,0.6110666735971155,0.12651626189177329,0.10849614392779186,0.0,0.9134954929858895,0.6035985058710985,0.2901028896069069,0.30227569455645453,0.4000972163309724,angry,05,13,13,male,strong,1534
100,3.336666666666667,True,1.0,0.6379834911509108,0.6387423674169818,0.6383629292839463,0.48104319675928536,-0.05027777777777781,-0.049212962962963014,0.35329083969330627,0.19653360585473095,0.18896803849392496,1.3270386809012165,0.0007588762660709625,0.0010648148148147962,0.02370460590557979,0.6305854698014232,0.13343423151984715,0.09986532746682819,0.0,0.6701581343560945,0.583229550257603,0.2551710311017424,0.32155769936817113,0.36601425925434317,angry,05,13,13,male,strong,1534
0,0.0,True,1.0,0.6165321309591435,0.6432829319010025,0.629907531430073,0.38591353018803815,-0.05152777777777778,-0.0503703703703704,0.363082637490165,0.19258099693780217,0.18482792506197773,1.6322504451273,0.026750800941859,0.0011574074074073848,0.030034829165545545,0.7702197298591033,0.12758514142820174,0.10723716453463177,0.0,0.9824134802892969,0.6253876392119346,0.2846332239622126,0.30221720779213407,0.40099356783443,angry,05,13,13,male,strong,1535
10,0.33366666666666667,True,1.0,0.6242625557417629,0.6126817695527296,0.6184721626472462,0.3839376888372522,-0.05175925925925934,-0.04828703703703702,0.352677969677945,0.1912540385071099,0.18487126226439754,1.6108659832804566,0.011580786189033354,0.003472222222222321,0.03708955725442865,0.779721421464354,0.12908775450383422,0.1054235714059975,0.0,0.6835475528196606,0.6254409862538766,0.2828646711168416,0.30758390262319135,0.4026000176950287,angry,05,13,13,male,strong,1535
20,0.6673333333333333,True,1.0,0.6198811829068926,0.6208940224037368,0.6203876026553148,0.4643093061195817,-0.05041666666666661,-0.047685185185185164,0.35586780053222095,0.21710897207969782,0.1848712622643976,1.336151557762522,0.0010128394968441645,0.002731481481481446,0.03810517069124664,0.6692340986330249,0.12684137183430746,0.10811588302221559,0.0,0.8400249117286208,0.6277082857439851,0.28292820204819935,0.3047634175662949,0.40038357700928157,angry,05,13,13,male,strong,1535
30,1.0010000000000001,True,1.0,0.6610544997662428,0.6429883955234398,0.6520214476448413,1.5532880623834668,-0.05810185185185185,-0.05305555555555558,0.3005517747807744,0.7161824347539949,0.19874973631505963,0.41976853066412995,0.01806610424280297,0.005046296296296271,0.03916014695058337,0.22525658388276348,0.12219780236695395,0.11333787922282286,0.0,0.7048931014638985,0.6253694910073405,0.2893307911729234,0.32072095881982665,0.42707695613108093,angry,05,13,13,male,strong,1535
40,1.3346666666666667,True,1.0,0.7366276830066117,0.7206498390402036,0.7286387610234077,1.9227652129117991,-0.062453703703703733,-0.06115740740740744,0.32211200343344526,0.8238121806724784,0.19250423708691947,0.3789535800473377,0.015977843966408112,0.0012962962962962954,0.025424833150969724,0.1748461313772746,0.12144245036860635,0.11397984502024093,0.0,0.7014805936864539,0.6231258512545644,0.2937302539103008,0.3317368422186401,0.4477653320660847,angry,05,13,13,male,strong,1535
50,1.6683333333333334,True,1.0,0.6479957772097135,0.6371462723716276,0.6425710247906705,1.2505873099480942,-0.051990740740740726,-0.04976851851851849,0.3410595399843902,0.5197150317334817,0.18409782819833262,0.5138154047135985,0.010849504838085888,0.0022222222222222365,0.027996282575149217,0.27102832662455784,0.12490616336559278,0.11034594747183894,0.0,0.6628274640991192,0.605705082079707,0.2895943194562569,0.324969700121138,0.4384152464992451,angry,05,13,13,male,strong,1535
60,2.0020000000000002,True,1.0,0.7480640707350403,0.7360680572785754,0.7420660640068079,1.2586333442216575,-0.08310185185185182,-0.08189814814814805,0.39903635525647685,0.5059123735469971,0.21190962994774012,0.5895808079561913,0.011996013456464949,0.0012037037037037623,0.025558858490611826,0.24349120477951408,0.12028759045697338,0.11453450839835175,0.0,0.7071067807446058,0.6117883054002852,0.2927089074682282,0.34466037779506525,0.4510534744239971,angry,05,13,13,male,strong,1535
70,2.3356666666666666,True,1.0,0.6671176463821327,0.6553006441083977,0.6612091452452652,1.9699274875935535,-0.05916666666666659,-0.056574074074074,0.33951377867126953,0.7802774911200582,0.18977800930782332,0.3356515147940763,0.011817002273734944,0.002592592592592591,0.028608139068159955,0.16889993665199474,0.12569296298573285,0.10944887768371225,0.0,0.7857885776515018,0.5989345889136906,0.2905076203085449,0.3286904120470926,0.42540541522111547,angry,05,13,13,male,strong,1535
80,2.6693333333333333,True,1.0,0.6340595456712955,0.6177490359504813,0.6259042908108884,1.5388108035861403,-0.05300925925925931,-0.050787037037037075,0.2631588409824856,0.662205862446402,0.19195662969373248,0.4067454487271873,0.01631050972081427,0.0022222222222222365,0.031084721634164973,0.19264358422692895,0.12109104848992924,0.11451958673130284,0.0,0.9999999987499999,0.573740032348877,0.2948413849273475,0.2888168004185254,0.38509059545697294,angry,05,13,13,male,strong,1535
90,3.003,True,1.0,0.5966481247621358,0.5750494274387489,0.5858487761004423,2.1367951568407557,-0.05342592592592588,-0.05004629629629631,0.2864684405796858,0.7451099517606167,0.1912021973866771,0.2741717072059531,0.02159869732338693,0.003379629629629566,0.022359639435621064,0.14651888233749286,0.12242880913982675,0.1130883038267068,0.0,0.7546687579638204,0.5681444979241697,0.2969175836182238,0.2956142971785149,0.3866864423043806,angry,05,13,13,male,strong,1535
100,3.336666666666667,True,1.0,0.5833840453452463,0.5791867689411835,0.581285407143215,0.54876297743849,-0.052314814814814814,-0.04981481481481481,0.3554998507766942,0.1657826530173541,0.18760413774754542,1.0592649851426437,0.004197276404062866,0.0025000000000000022,0.01585867284526468,0.5051492454609603,0.1289642096193897,0.10557466745432323,0.0,0.8845785306728349,0.6123570038484144,0.28303546117786504,0.2965430007823219,0.38434698624597924,angry,05,13,13,male,strong,1535
110,3.6703333333333332,True,1.0,0.6013320163493462,0.6144294168568728,0.6078807166031095,0.523170350730845,-0.05217592592592596,-0.05018518518518528,0.3570024106286983,0.17419884136040786,0.1889571372009924,1.1619173673621375,0.013097400507526613,0.001990740740740682,0.018564758764117895,0.5313922361174322,0.1288384092957316,0.10572815169551994,0.0,0.8903052895216171,0.6189579635760554,0.2839305811639414,0.30010655749918047,0.38882534578557054,angry,05,13,13,male,strong,1535
120,4.0040000000000004,True,1.0,0.6206348151966932,0.6186952934460525,0.6196650543213729,0.5134137837720366,-0.05203703703703699,-0.0496759259259259,0.35347683808152064,0.19067192544440797,0.18821430797469604,1.2069505609465938,0.0019395217506407159,0.0023611111111110916,0.020851272223612514,0.5792016699631447,0.12650442279112317,0.10850994786131897,0.0,0.7266045498549432,0.6234588286095688,0.28350902962173496,0.2973399270122972,0.3904495210995872,angry,05,13,13,male,strong,1535
0,0.0,True,1.0,0.5600447307398764,0.5757481849244147,0.5678964578321455,0.6116477399035906,-0.05300925925925931,-0.05370370370370375,0.33286774941647,0.3448885972415571,0.17641008171331204,0.9284698050574972,0.015703454184538335,0.000694444444444442,0.03179743827237196,0.5071948343079602,0.1279199421014543,0.10683756915691194,0.0,0.8995034340068588,0.6204419837231768,0.2886627751223126,0.29893900653485084,0.39681911293605987,fearful,06,13,13,male,normal,1536
10,0.33366666666666667,True,1.0,0.5423588171345851,0.5474412815661606,0.5449000493503728,0.5977008740804567,-0.05166666666666664,-0.05254629629629631,0.32999133769785327,0.337839906566906,0.1771354568662358,0.9116601179288617,0.005082464431575451,0.0008796296296296746,0.024767728222567505,0.5202458677710804,0.12863529277943184,0.1059751821054715,0.0,0.9467903616150882,0.6205322817877151,0.2881631567489816,0.3015823068279552,0.39719266161622896,fearful,06,13,13,male,normal,1536
20,0.6673333333333333,True,1.0,0.5480670599780249,0.5445790399817984,0.5463230499799117,0.7452657749500381,-0.05208333333333337,-0.0521759259259259,0.3283935087837947,0.38837836322539193,0.1770988427644488,0.7330580154664108,0.003488019996226499,9.259259259253305e-05,0.02181781404073295,0.4209182995285667,0.1272541575504088,0.10762972246002113,0.0,0.6824164078285845,0.6253932484790792,0.28890484574570924,0.30068617458807256,0.3945978311347044,fearful,06,13,13,male,normal,1536
30,1.0010000000000001,True,1.0,0.5738845866128962,0.5517444699469912,0.5628145282799437,0.8508973221743755,-0.05967592592592591,-0.05875000000000008,0.37372501288816923,0.4324232293017323,0.1763893214209619,0.6614364784246028,0.022140116665904985,0.0009259259259258301,0.0024356791231366164,0.36921657801820273,0.12525197878314334,0.10995326089433215,0.0,0.7071067807446058,0.6389861468571805,0.2879398528686808,0.3124866410787438,0.41306590689465816,fearful,06,13,13,male,normal,1536
40,1.3346666666666667,True,1.0,0.5479470212733701,0.5428464838961485,0.5453967525847594,1.3718472443962895,-0.057638888888888906,-0.055555555555555525,0.30780718352993414,0.711328200798076,0.17083333333333334,0.3975637628843821,0.005100537377221603,0.0020833333333333814,0.00822142350401715,0.2503046459622271,0.12531461304175928,0.10988187079201885,0.0,0.6482995117289736,0.6337184326543118,0.2930180833322942,0.3106044935639523,0.4092502990230302,fearful,06,13,13,male,normal,1536
50,1.6683333333333334,True,1.0,0.5444676890980378,0.5424808138621888,0.5434742514801133,1.1683127945343748,-0.056620370370370376,-0.05416666666666664,0.33536757028772857,0.5685788933400624,0.17083511971881038,0.4651787209920202,0.0019868752358489505,0.0024537037037037357,0.01509691692378911,0.2474999999999996,0.12472335218575097,0.11055253588143808,0.0,0.7296403293972189,0.631308923671031,0.294426416599018,0.3032488076212357,0.3949325943415831,fearful,06,13,13,male,normal,1536
60,2.0020000000000002,True,1.0,0.5382485473447098,0.575748184924414,0.5569983661345619,0.8549171240924143,-0.054675925925925906,-0.05268518518518517,0.31565361665174574,0.48609977945679483,0.17500697530741452,0.651523230074348,0.037499637579704204,0.0019907407407407374,0.004260086910274423,0.35291971114829385,0.12981659821978744,0.10452477504166205,0.0,0.6977945510397162,0.5698361216283389,0.2576401451273147,0.32813815509597033,0.3618483788995748,fearful,06,13,13,male,normal,1536
70,2.3356666666666666,True,1.0,0.5775243247731909,0.5608748490220142,0.5691995868976025,0.8726219212408959,-0.05416666666666664,-0.052453703703703725,0.33141329458061203,0.41249060885205613,0.17639278163936417,0.652286600923551,0.0166494757511767,0.0017129629629629162,0.011212829539748894,0.3477090885203197,0.13327571455347534,0.10007677893276619,0.0,0.7641592822615213,0.5668033105742297,0.2572137652886305,0.3319072646478229,0.3609727966097465,fearful,06,13,13,male,normal,1536
80,2.6693333333333333,True,1.0,0.5332371461842901,0.5237887388861517,0.5285129425352209,0.7775910099509937,-0.05375000000000002,-0.051805555555555605,0.32849962370815317,0.38076056201728264,0.1743059932573217,0.6796798519681052,0.00944840729813834,0.0019444444444444153,0.009514475874565853,0.41315642811036235,0.12708670987872295,0.10729601157633707,0.0,0.9175335074268861,0.6257484541785465,0.2888819601584782,0.30137749509590883,0.39867213016658226,fearful,06,13,13,male,normal,1536
90,3.003,True,1.0,0.5635792805481393,0.5445901601896047,0.554084720368872,0.6740680327979272,-0.05453703703703705,-0.05171296296296296,0.3431239620073857,0.352324954834628,0.1722239942015136,0.8220011829799622,0.018989120358534617,0.00282407407407409,0.013467998142275641,0.46018966917904086,0.13120280165192466,0.10277938805873783,0.0,0.7598295988090508,0.5781864991465337,0.2581249748052895,0.3260059138181952,0.358095555866621,fearful,06,13,13,male,normal,1536
0,0.0,True,1.0,0.4898100135177479,0.48716557076079825,0.48848779213927307,0.5565346383940208,-0.052222222222222225,-0.04712962962962963,0.337154007660209,0.31656795686778944,0.16532393237587528,0.8777311571277774,0.0026444427569496387,0.005092592592592593,0.03359788035359093,0.5625677371751707,0.12606525055983422,0.10901986228114059,0.0,0.8002208827167943,0.6311414135341636,0.287678187108855,0.29717420575180387,0.3871957108386746,fearful,06,13,13,male,normal,1537
10,0.33366666666666667,True,1.0,0.4813811175874443,0.4729263790621599,0.47715374832480206,0.5416549722991377,-0.05166666666666664,-0.047314814814814865,0.34551712968734744,0.31581123343326667,0.1667440107808775,0.8809182463505314,0.008454738525284389,0.0043518518518517735,0.03888581044218919,0.5785095428576394,0.12537765298810583,0.10963629852401473,0.0,0.7354191339848999,0.6333574680419044,0.2868739883656786,0.3007193571712216,0.388636025567019,fearful,06,13,13,male,normal,1537
20,0.6673333333333333,True,1.0,0.48158550876329437,0.48356080206560903,0.48257315541445167,0.5626574995573376,-0.053101851851851845,-0.048518518518518516,0.3413351833402196,0.3263467771347341,0.16534423631747944,0.8576676855709005,0.0019752933023146624,0.004583333333333328,0.03872283309624292,0.5317981776921382,0.12613315251379545,0.10876627078150361,0.0,0.9999999987499999,0.6334575257759354,0.28634018388570776,0.3022262905926046,0.38784853947455045,fearful,06,13,13,male,normal,1537
30,1.0010000000000001,True,1.0,0.5189718066400311,0.47981337040771993,0.49939258852387547,0.8814438815503205,-0.06018518518518523,-0.05518518518518517,0.36175079682962097,0.4189758440882296,0.17507366264951346,0.566561977429037,0.03915843623231113,0.00500000000000006,0.036230208062131675,0.3595700024060493,0.1241354978942179,0.11121221125766073,0.0,0.7071067807446058,0.6357665184980242,0.2867117923186531,0.30853843519558705,0.40943770533796053,fearful,06,13,13,male,normal,1537
40,1.3346666666666667,True,1.0,0.5043924017753567,0.48901157168172593,0.4967019867285413,1.3212283322858487,-0.05740740740740735,-0.0524074074074074,0.3235558343032022,0.6034658511722734,0.17363264297900666,0.3759395515453414,0.015380830093630782,0.004999999999999949,0.029046361625822054,0.26386344032439635,0.12450603326798775,0.11079722672621686,0.0,0.681070389365871,0.6348835744532187,0.2893840701962919,0.30603663758648436,0.40010204516217596,fearful,06,13,13,male,normal,1537
50,1.6683333333333334,True,1.0,0.5486684738461719,0.522856177699596,0.535762325772884,1.0392613268907005,-0.055787037037037024,-0.0506018518518519,0.3236568230730578,0.49548076049138084,0.1722505717034358,0.5155222386421296,0.025812296146575875,0.005185185185185126,0.03671955560251058,0.2871329940360916,0.12606332491093916,0.10884719534938311,0.0,0.6701490823680546,0.6333543388605443,0.28887779557487864,0.30185053375140763,0.38866922275999694,fearful,06,13,13,male,normal,1537
60,2.0020000000000002,True,1.0,0.4953799694431596,0.4918631200269438,0.4936215447350517,0.9702389692356033,-0.05152777777777778,-0.048518518518518516,0.31042042401515224,0.5442716923408187,0.17294490231316761,0.5087628516137095,0.0035168494162157726,0.003009259259259267,0.03478092044940758,0.3272878019289174,0.12447695197440245,0.11048555698478074,0.0,0.9983610845140867,0.6265805452493497,0.2912645960505703,0.30039257574268263,0.3882723123499336,fearful,06,13,13,male,normal,1537
70,2.3356666666666666,True,1.0,0.5394448640501649,0.5162569185431964,0.5278508912966806,0.7579239136265375,-0.054444444444444406,-0.05004629629629631,0.33637517222048924,0.3862888444110937,0.1701608601264882,0.6964431149440892,0.023187945506968455,0.0043981481481480955,0.031457108867783946,0.41333337802330833,0.12537347189182513,0.10946717508464196,0.0,0.9999999987499999,0.6328485028542667,0.2888381264599811,0.3007196631660074,0.3899214968940534,fearful,06,13,13,male,normal,1537
80,2.6693333333333333,True,1.0,0.5395661190372466,0.5234916391610491,0.5315288790991479,0.796747163399212,-0.053611111111111054,-0.04837962962962966,0.34108057553000615,0.39828038372610125,0.1694606530057904,0.667123654173368,0.01607447987619748,0.005231481481481393,0.035687641847167294,0.38933197288588167,0.1281136138558332,0.10660525181894553,0.0,0.9999999987499999,0.6332645323832659,0.2866071476723809,0.3040562224534566,0.39019383916589334,fearful,06,13,13,male,normal,1537
90,3.003,True,1.0,0.548427790180987,0.5146299828216492,0.5315288865013181,0.5925668666701238,-0.053333333333333344,-0.0468055555555556,0.34976751354041435,0.3109746364163341,0.17015503129913073,0.896993936715019,0.033797807359337795,0.0065277777777777435,0.03617688993354676,0.5341637758156603,0.1257301466318449,0.10905732484928521,0.0,0.9999999987499999,0.6324470064666491,0.28816292444883124,0.2984875216668672,0.3908168907527494,fearful,06,13,13,male,normal,1537
0,0.0,True,1.0,0.5391825286563274,0.5320852290566915,0.5356338788565095,0.5823571414010421,-0.05361111111111111,-0.04958333333333337,0.3405508598201544,0.3523249548346278,0.16946065300579047,0.9197687136932412,0.007097299599635898,0.004027777777777741,0.020156731553480797,0.5178652078941476,0.1291784688726639,0.10513133216633842,0.0,0.7071067807446058,0.6317856550745299,0.28867106465975334,0.30282988300897373,0.38760073510457543,fearful,06,13,13,male,normal,1538
10,0.33366666666666667,True,1.0,0.5481997612042525,0.5399357067058346,0.5440677339550435,0.6179378287178694,-0.05365740740740743,-0.050416666666666665,0.3365758867007492,0.36289497494600237,0.17156380203447152,0.8804570762141305,0.008264054498417939,0.0032407407407407662,0.03204318340925318,0.4926272122429795,0.13229103297787762,0.10137485075037779,0.0,0.6620638126291081,0.5775183237513757,0.25941533973379516,0.3225698963456951,0.35607314064897394,fearful,06,13,13,male,normal,1538
20,0.6673333333333333,True,1.0,0.5781342107922978,0.5548790297926531,0.5665066202924754,0.6288106456841268,-0.05407407407407405,-0.04981481481481481,0.34336152579940676,0.34478709744669,0.17084941013020874,0.9009176676328905,0.02325518099964463,0.00425925925925924,0.0303077199712364,0.47977672187407866,0.13125198956890502,0.10271656636120512,0.0,0.7840032155764302,0.5771287618484894,0.25854495108856107,0.32201085724727246,0.3543425163995312,fearful,06,13,13,male,normal,1538
30,1.0010000000000001,True,1.0,0.5734683387795967,0.5770144165909084,0.5752413776852525,0.9463737992707351,-0.06949074074074074,-0.06421296296296297,0.3222961255704338,0.440366972477064,0.19446366956824931,0.6078373874345708,0.0035460778113116653,0.00527777777777777,0.023259268479705743,0.3494155244712031,0.12669778887397395,0.10828410809107147,0.0,0.8194833283830968,0.6334414047025061,0.2901517632820568,0.3146613122862724,0.4046090341461916,fearful,06,13,13,male,normal,1538
40,1.3346666666666667,True,1.0,0.5307112770517748,0.5237518874228402,0.5272315822373075,0.772028994126949,-0.06680555555555556,-0.06171296296296297,0.35787683493269856,0.3641441118205555,0.1910121683285029,0.6829168156223572,0.006959389628934609,0.005092592592592593,0.024644486765995163,0.3926665648528275,0.12561191793999665,0.10954188167927928,0.0,0.9999999987499999,0.63498672954338,0.28871850849065744,0.31798854518487335,0.41358009723516087,fearful,06,13,13,male,normal,1538
50,1.6683333333333334,True,1.0,0.5541050067003085,0.5812554854251606,0.5676802460627346,0.8723084225206529,-0.06050925925925926,-0.05629629629629629,0.34047450527069023,0.3977208125964305,0.1882272789446145,0.6507792787582469,0.0271504787248521,0.004212962962962974,0.0240345233383837,0.3470203521900099,0.1287264299081817,0.1058644605794692,0.0,0.6679727661392603,0.5772021537677572,0.25751646879498585,0.3135002131572221,0.3575131057662496,fearful,06,13,13,male,normal,1538
60,2.0020000000000002,True,1.0,0.5189718066400311,0.5343518632853851,0.5266618349627081,0.8491301497197752,-0.05462962962962964,-0.050370370370370454,0.3086558600251043,0.517674643352545,0.18403814194642587,0.620236880219733,0.015380056645354023,0.004259259259259185,0.025994738919716456,0.38436696947280785,0.1261064461249891,0.10897220753999784,0.0,0.7865103063512325,0.6193361665291117,0.2876480073431019,0.3010375324078903,0.3997208918612003,fearful,06,13,13,male,normal,1538
70,2.3356666666666666,True,1.0,0.5975809544209307,0.5985851378252182,0.5980830461230744,0.888286725507238,-0.05754629629629626,-0.053379629629629666,0.347427568526972,0.375965754087222,0.18405430888416377,0.673299542759182,0.0010041834042874287,0.004166666666666596,0.0305677033981458,0.33502340552716114,0.12781992290533362,0.10695721144101582,0.0,0.7774261506575543,0.6255457549113396,0.2875066278418422,0.3070444203533241,0.3987170619153159,fearful,06,13,13,male,normal,1538
80,2.6693333333333333,True,1.0,0.5532343862305674,0.569095117810043,0.5611647520203051,0.737914072423799,-0.05791666666666667,-0.0531018518518519,0.34571053936860535,0.3235867887784996,0.18265935656628304,0.7604743871831419,0.01586073157947554,0.004814814814814772,0.03562973929358904,0.4036143248011306,0.1266703439354249,0.10831621179600462,0.0,0.8636305517729431,0.6267184649328481,0.28769898940854205,0.30150520163530437,0.3959338038486995,fearful,06,13,13,male,normal,1538
90,3.003,True,1.0,0.5381060096628826,0.5519610184651345,0.5450335140640086,0.6517167604265058,-0.057962962962962994,-0.05171296296296296,0.34073813689246923,0.3257469137685679,0.17990352436566096,0.8363042768875852,0.013855008802251878,0.006250000000000033,0.03999089760043719,0.4582822622419763,0.1275968216423686,0.10704543395145155,0.0,0.9999999987499999,0.6283861924066502,0.2873143816461056,0.3030868172930388,0.39901566437837477,fearful,06,13,13,male,normal,1538
0,0.0,True,1.0,0.5392435618290365,0.5663168779619584,0.5527802198954974,0.6073549560209217,-0.05365740740740749,-0.04944444444444446,0.33466363394677395,0.3342680588323552,0.17015009905848222,0.9101435897008728,0.027073316132921854,0.004212962962963029,0.03703089225102583,0.504619382929722,0.13226324253856597,0.10141110611895511,0.0,0.678032452313507,0.5726436536802221,0.25645616476732663,0.3302972371549197,0.359747910128888,fearful,06,13,13,male,normal,1539
10,0.33366666666666667,True,1.0,0.5319102902763742,0.5195536476600945,0.5257319689682343,0.5962567893763866,-0.05384259259259261,-0.04893518518518525,0.3338986396081514,0.33720807075845344,0.17431649776999447,0.8817207255922186,0.012356642616279667,0.00490740740740736,0.036528399359574366,0.5037562828921058,0.13179419482647067,0.10201993913460457,0.0,0.665287229652096,0.5732218347417092,0.25495688509197395,0.3280382411993684,0.35909387886664074,fearful,06,13,13,male,normal,1539
20,0.6673333333333333,True,1.0,0.533441379329314,0.5131789951409492,0.5233101872351316,0.5815589215538827,-0.053888888888888875,-0.04814814814814811,0.331150769629513,0.32973122377302133,0.17153489427994736,0.8998403563939579,0.02026238418836479,0.0057407407407407685,0.04556791732480464,0.5322272978059541,0.1311653681129955,0.1024559226375626,0.0,0.6858716032149419,0.572964099639856,0.2564339358079839,0.32848699038746787,0.35805434621083426,fearful,06,13,13,male,normal,1539
30,1.0010000000000001,True,1.0,0.5185589496197908,0.5317319183169243,0.5251454339683576,0.934723519974604,-0.057129629629629586,-0.05180555555555555,0.3246622216537928,0.4591095195458902,0.17501569405074077,0.5618190007486122,0.01317296869713358,0.005324074074074037,0.04147450629061483,0.35068825179732,0.13050830110210207,0.10365983365967225,0.0,0.7393866825583293,0.5762965011160714,0.25791584943021234,0.3354144970449792,0.3763688132911357,fearful,06,13,13,male,normal,1539
40,1.3346666666666667,True,1.0,0.47362333665549966,0.4387942832061725,0.45620880993083607,0.8888475952965394,-0.055555555555555525,-0.0490740740740741,0.33920503761084597,0.4289173363204164,0.17238206999475356,0.5132587547572028,0.034829053449327185,0.0064814814814814214,0.03472089936646673,0.36878151402251164,0.1221830163328926,0.1131856189723868,0.0,0.7071067807446058,0.6350915894482793,0.2890035392267439,0.29687755522735065,0.3968322501492182,fearful,06,13,13,male,normal,1539
50,1.6683333333333334,True,1.0,0.4959131125145154,0.5062487749122839,0.5010809437133996,0.5658741917850328,-0.054490740740740784,-0.04921296296296296,0.3316532678591249,0.3925371711583585,0.17363923383335508,0.8854988458348932,0.010335662397768508,0.005277777777777826,0.04546289779321122,0.5313922361174345,0.12925608857382867,0.10521711523000477,0.0,0.7071067807446058,0.5751212693202281,0.2583254167946563,0.31974519153410474,0.35867056874297076,fearful,06,13,13,male,normal,1539
60,2.0020000000000002,True,1.0,0.48020330963704094,0.511286793613033,0.49574505162503696,1.2355567169126824,-0.05365740740740743,-0.04884259259259255,0.2983994985159439,0.6615637206192118,0.17779880505291804,0.40123212867456864,0.031083483975992032,0.004814814814814883,0.038245802852404094,0.25061086668565735,0.1294335210715345,0.10499876853377592,0.0,0.7488040611900482,0.5714028276701305,0.25737610137551703,0.32243864730498517,0.36163313798512325,fearful,06,13,13,male,normal,1539
70,2.3356666666666666,True,1.0,0.5337580617614102,0.5143242861496877,0.524041173955549,0.9902085404429388,-0.05500000000000005,-0.04865740740740743,0.33760185026081535,0.4405270749869074,0.17294490231316767,0.5292230399478635,0.019433775611722437,0.006342592592592622,0.029599301401625488,0.32525655677522236,0.12810254213381841,0.10661855593550502,0.0,0.6417258777212105,0.6348213160264106,0.2885357462732593,0.29925871542257354,0.38120259526050926,fearful,06,13,13,male,normal,1539
80,2.6693333333333333,True,1.0,0.524723146454298,0.5389551917906308,0.5318391691224644,0.7350600405625294,-0.05398148148148152,-0.04879629629629623,0.34066883495932054,0.3518299496045344,0.17363923383335508,0.7235316025551554,0.014232045336332821,0.005185185185185293,0.03918952103109564,0.42192580288137854,0.13128498220614873,0.10267439417071676,0.0,0.789383317615021,0.584343304298282,0.269019178835059,0.3122714165116231,0.35870871023239287,fearful,06,13,13,male,normal,1539
90,3.003,True,1.0,0.49531601126871544,0.5289100786049131,0.5121130449368143,0.6826475788715262,-0.05495370370370373,-0.04962962962962969,0.34470255126556587,0.32574691376856774,0.17364670316586833,0.7501865688638055,0.033594067336197686,0.005324074074074037,0.04060488207346957,0.4624558504618871,0.1323253348772289,0.1013300721450341,0.0,0.6838111034913555,0.5852920105698529,0.2674423175255495,0.3145411322940513,0.3617109451603211,fearful,06,13,13,male,normal,1539
0,0.0,True,1.0,0.5761163942263521,0.5460547228541807,0.5610855585402663,0.5609155357383123,-0.05444444444444457,-0.05009259259259252,0.344070305760436,0.25724275173880484,0.17852394024248924,1.0003031165855127,0.030061671372171417,0.004351851851852051,0.03195958558171091,0.5640492714498893,0.12689539550632847,0.1080524704478898,0.0,0.8788950487290078,0.6238466325905362,0.28711823921116447,0.29569918067400675,0.3933488823129435,fearful,06,13,13,male,strong,1540
10,0.33366666666666667,True,1.0,0.5877502667600181,0.5548790297926531,0.5713146482763356,0.6221264765196761,-0.05430555555555561,-0.049259259259259225,0.34363672294676034,0.2651428367883693,0.17785028992138466,0.9183255653615741,0.032871236967364936,0.005046296296296382,0.03138898669574068,0.4937613535988238,0.1274863650511057,0.10735457371109577,0.0,0.6834625444863447,0.6219086877797995,0.2883239308532889,0.3017171960099058,0.3941139691830864,fearful,06,13,13,male,strong,1540
20,0.6673333333333333,True,1.0,0.5629640655881091,0.5402996611594522,0.5516318633737807,0.6981372356522147,-0.0558333333333334,-0.049768518518518545,0.3440621817071897,0.28816719345716474,0.17992218303025748,0.7901481760365272,0.022664404428656915,0.006064814814814856,0.034738586509444905,0.46638982915386057,0.12446142647805372,0.11015768379513732,0.0,0.6922463420592442,0.628977960051208,0.28823371251989083,0.2932894679969592,0.39033626894142237,fearful,06,13,13,male,strong,1540
30,1.0010000000000001,True,1.0,0.5801003194157339,0.5337741058767157,0.5569372126462249,0.785543513274118,-0.07861111111111108,-0.06981481481481477,0.4024830821033164,0.2896388484012533,0.20496871162709115,0.7089832749365214,0.046326213539018224,0.008796296296296302,0.03347750697848696,0.3598669178340171,0.12394951135088524,0.11141946152307189,0.0,0.9999999987499999,0.6301781199354741,0.2869921099888235,0.3264142065462856,0.42850065556669054,fearful,06,13,13,male,strong,1540
40,1.3346666666666667,True,1.0,0.5020039474157407,0.4747875934694694,0.48839577044260507,0.903460885255023,-0.07513888888888887,-0.06939814814814804,0.3518040109828476,0.34059126845598464,0.20493409202043844,0.5405831933772584,0.02721635394627131,0.005740740740740824,0.03390581474008304,0.35073345633574854,0.12329048515870722,0.1119782572296061,0.0,0.6722871824927296,0.62571449624381,0.287465937507445,0.33217482808528537,0.4355676618329265,fearful,06,13,13,male,strong,1540
50,1.6683333333333334,True,1.0,0.5250070877521666,0.5013830276602835,0.5131950577062251,1.035436606225337,-0.07652777777777775,-0.07037037037037036,0.3733488582893862,0.39859880978372936,0.20628698768720852,0.4956315573746877,0.023624060091883115,0.006157407407407389,0.031511796382793625,0.2966234623367001,0.12289146656815415,0.11258536856484665,0.0,0.6997186514765421,0.6269952127647934,0.2884156014849448,0.3236790935322701,0.431576769752944,fearful,06,13,13,male,strong,1540
60,2.0020000000000002,True,1.0,0.4938344308610908,0.48432582023290205,0.4890801255469964,0.9741330120771436,-0.07699074074074064,-0.06953703703703695,0.33212192748408836,0.37683568431202397,0.21670926971223467,0.5020670888712938,0.009508610628188752,0.007453703703703685,0.037412583251627385,0.3460361373649082,0.12368295135213703,0.1117152868455287,0.0,0.6350982946646074,0.6229172462813249,0.2864044767621549,0.32194687177383474,0.4214957528413754,fearful,06,13,13,male,strong,1540
70,2.3356666666666666,True,1.0,0.5586023941762942,0.5848642274723101,0.5717333108243021,0.9840239868516145,-0.0712037037037036,-0.0636574074074075,0.3305975228166118,0.4043037700313197,0.20566279274614474,0.5810156240739245,0.026261833296015946,0.007546296296296107,0.034319901789366086,0.3368854170339634,0.12592318262567104,0.10900929272487372,0.0,0.7051816376053442,0.614805175593675,0.2864652558683663,0.31588931247016966,0.40920001279243984,fearful,06,13,13,male,strong,1540
80,2.6693333333333333,True,1.0,0.5137709245262209,0.5485468997861208,0.5311589121561708,0.7742538068155222,-0.05842592592592599,-0.05282407407407408,0.34038597574294577,0.30333388784964704,0.1896320210632777,0.6860268654548928,0.03477597525989995,0.005601851851851913,0.03809160677863043,0.41916833000513815,0.1252856326895251,0.10956769650214315,0.0,0.9999999987499999,0.6232539002788616,0.2852538639881281,0.30236197362481204,0.39899953273768457,fearful,06,13,13,male,strong,1540
90,3.003,True,1.0,0.6052271915123439,0.6106518384446601,0.6079395149785021,0.7284962595991816,-0.05902777777777779,-0.0521759259259259,0.3444442886223245,0.3105958945235183,0.18896803849392496,0.8345128845452002,0.005424646932316146,0.006851851851851887,0.03893325905469446,0.45814087783158514,0.12660360311604876,0.10839421316934122,0.0,0.8735553913143242,0.6222307839776535,0.28537746594678154,0.30469533945707356,0.39863650708225684,fearful,06,13,13,male,strong,1540
100,3.336666666666667,True,1.0,0.5279850964937789,0.560743191562538,0.5443641440281585,0.656740400590672,-0.05782407407407403,-0.05115740740740732,0.342698409348011,0.27470313168839794,0.1868745647217282,0.8288878581834735,0.03275809506875915,0.00666666666666671,0.036374132094285264,0.4858672855979716,0.12891421791879268,0.10563570508711796,0.0,0.8230212970122247,0.6202875779452407,0.2847679166383289,0.30596900349020106,0.39711871580274527,fearful,06,13,13,male,strong,1540
0,0.0,True,1.0,0.5875485251294151,0.5683911323718989,0.5779698287506569,0.6451973500484167,-0.055462962962962936,-0.05120370370370364,0.3366732026737075,0.3382079013380639,0.1792756451513825,0.8958031658178465,0.019157392757516267,0.004259259259259296,0.011044511598752435,0.48000226396159523,0.12839623450347587,0.10626469185982014,0.0,0.9255915379077331,0.6256432660251601,0.28821549193631196,0.30498572173842287,0.39700404624598057,fearful,06,13,13,male,strong,1541
10,0.33366666666666667,True,1.0,0.5875485251294158,0.5445901601896052,0.5660693426595105,0.6238433509958863,-0.05537037037037035,-0.05273148148148138,0.3410806999634387,0.3430799220272903,0.18135772660683627,0.9073901994079973,0.042958364939810645,0.0026388888888889683,0.003878283329200712,0.5061999509654033,0.12664417277045426,0.10834681016941798,0.0,0.8526672907666425,0.6222578143991973,0.2905237163898885,0.30031869709584275,0.39535032733133035,fearful,06,13,13,male,strong,1541
20,0.6673333333333333,True,1.0,0.5670457462410948,0.5566866506874228,0.5618661984642588,0.6237675086783098,-0.052962962962962934,-0.050509259259259365,0.3443732885706942,0.31964924381673226,0.1792624520635458,0.9007622081098572,0.010359095553671982,0.002453703703703569,0.0025210565811446374,0.5202610607144424,0.12662504760572452,0.10819321208799369,0.0,0.9999999987499999,0.619427047037565,0.2907965905380379,0.30037595880618106,0.39608812641476154,fearful,06,13,13,male,strong,1541
30,1.0010000000000001,True,1.0,0.5643163123659583,0.5313615855940833,0.5478389489800208,0.7886741032310002,-0.06856481481481475,-0.06189814814814815,0.39490027719497883,0.2940685045948203,0.19178167016558628,0.6946328613246738,0.03295472677187494,0.006666666666666599,0.015475659029834212,0.3721912240843833,0.12317667061516617,0.11227326300621676,0.0,0.8874856641320017,0.6244427487479367,0.28935633138058553,0.30580042172709687,0.40898879279679423,fearful,06,13,13,male,strong,1541
40,1.3346666666666667,True,1.0,0.5685425610081668,0.5890554391291523,0.5787990000686596,2.1012238032792485,-0.07523148148148151,-0.06972222222222219,0.29471652634511375,0.8422910183264217,0.20489127474057944,0.2754580445763865,0.020512878120985456,0.005509259259259325,0.03585058262383309,0.1561254944004134,0.12533654469592137,0.10985685383228283,0.0,0.6974430259100329,0.5709144653408239,0.26555101470532655,0.3419830734321345,0.39664696151370243,fearful,06,13,13,male,strong,1541
50,1.6683333333333334,True,1.0,0.5683012641243316,0.5757494510426998,0.5720253575835157,0.582334267036053,-0.08194444444444438,-0.07805555555555549,0.35042000722605926,0.39039219331485925,0.21184157324108985,0.982297264584811,0.007448186918368238,0.003888888888888886,0.02634446369698972,0.503480795644781,0.12091182902386795,0.11470879378678274,0.0,0.6818623981365761,0.6349826196416066,0.28783016672177414,0.30548377022455053,0.41267505855586795,fearful,06,13,13,male,strong,1541
60,2.0020000000000002,True,1.0,0.5928269212623419,0.6051330491610526,0.5989799852116973,1.2051431722159773,-0.06611111111111112,-0.06175925925925918,0.2746455054131957,0.6320987654320992,0.19654175282197442,0.4970197724394129,0.012306127898710661,0.00435185185185194,0.017009169503652364,0.23971333493736643,0.12848056588327877,0.10616271455189402,0.0,0.6948338175829131,0.5679994200883479,0.2627130832136739,0.3209316089412618,0.37638726708462966,fearful,06,13,13,male,strong,1541
70,2.3356666666666666,True,1.0,0.5885494488210924,0.5904992613384036,0.589524355079748,0.9047561694758104,-0.05907407407407411,-0.054490740740740784,0.3372658167439844,0.3196492438167321,0.19308084616518592,0.6515836807405263,0.001949812517311189,0.004583333333333328,0.02009700249775347,0.3392960769609536,0.12608041607823803,0.10900232314942047,0.0,0.790804716265192,0.6160000526304272,0.29164340190172006,0.30311986289655757,0.4005856514526889,fearful,06,13,13,male,strong,1541
80,2.6693333333333333,True,1.0,0.6024984920661041,0.6200013345311123,0.6112499132986082,0.7490004510875043,-0.05972222222222218,-0.05458333333333332,0.3399285921286219,0.31189083820662805,0.1917339262223218,0.81608751024263,0.017502842465008217,0.0051388888888888595,0.020922669554904266,0.4338259485808524,0.12461842426747702,0.11032596343671756,0.0,0.9866002161069103,0.6222353117496999,0.289686057394131,0.29968158654065613,0.4007470582151147,fearful,06,13,13,male,strong,1541
90,3.003,True,1.0,0.572471588611362,0.5764712757365548,0.5744714321739584,0.7489093930839426,-0.05898148148148141,-0.05361111111111111,0.3382459430325795,0.31964924381673226,0.18757973565010294,0.7670773493817935,0.003999687125192719,0.005370370370370303,0.02654831771696561,0.4216145307064954,0.12797726968844161,0.10676889160132566,0.0,0.790433347831706,0.6239636803236919,0.28838455362654464,0.3021254777656852,0.398530059817571,fearful,06,13,13,male,strong,1541
0,0.0,True,1.0,0.5878151901948857,0.5902652685586292,0.5890402293767574,0.5318825420315144,-0.055046296296296204,-0.05180555555555555,0.352227893333766,0.2583095916429252,0.1771453629105048,1.1074629882133946,0.0024500783637434465,0.003240740740740655,0.004111502372960114,0.546358016355184,0.13242795738823035,0.10119591826382042,0.0,0.6752307932268944,0.5853236414487669,0.2578056190430957,0.3239618023035499,0.3611477881069213,fearful,06,13,13,male,strong,1542
10,0.33366666666666667,True,1.0,0.5878151901948857,0.575748184924414,0.5817816875596499,0.501424501424501,-0.054768518518518494,-0.052222222222222225,0.351031340697104,0.25830959164292416,0.17645116259097526,1.1602577973490755,0.012067005270471665,0.0025462962962962687,0.007743423828027183,0.5965909090909097,0.1294082918919326,0.10502986127908827,0.0,0.7691560577081713,0.5806163324704882,0.25943232858590115,0.3167020083973753,0.3574268428343405,fearful,06,13,13,male,strong,1542
20,0.6673333333333333,True,1.0,0.5580725227600426,0.5756253410330978,0.5668489318965702,0.5256403360914529,-0.05587962962962967,-0.05046296296296299,0.346321635849455,0.2781279679759867,0.17712641173327864,1.0783969436431295,0.017552818273055215,0.005416666666666681,0.02254726392391667,0.5787273998713987,0.1302659977222412,0.10396416501976073,0.0,0.6438600653077273,0.5818309887861395,0.26027823250652776,0.31576688836723693,0.35461582698943944,fearful,06,13,13,male,strong,1542
30,1.0010000000000001,True,1.0,0.5335936864527379,0.5558270516311473,0.5447103690419426,1.5055595310905898,-0.07805555555555549,-0.07120370370370371,0.2970724971096864,0.6620225987084968,0.2069890485537468,0.36179928976130754,0.02223336517840946,0.006851851851851776,0.020675136245344807,0.21718193499579574,0.12120011085781791,0.1144041559464706,0.0,0.7811566902416431,0.6267683020317503,0.28979720517504276,0.31459313931197397,0.4231905155787104,fearful,06,13,13,male,strong,1542
40,1.3346666666666667,True,1.0,0.5460910789583875,0.5356701301791847,0.5408806045687862,1.6033622055811896,-0.0539351851851852,-0.05069444444444443,0.3106534538315601,0.7406282564417583,0.18195115352876315,0.33734149569324967,0.010420948779202743,0.0032407407407407662,0.011583283715155003,0.21425442167115236,0.1201694151510028,0.11499033693774777,0.0,0.9999999987499999,0.6136310228544544,0.2953874222929674,0.33696960566376793,0.4481980407342713,fearful,06,13,13,male,strong,1542
50,1.6683333333333334,True,1.0,0.5521377641782738,0.5415158773171659,0.5468268207477198,1.2795074883461661,-0.07217592592592581,-0.07296296296296301,0.3772525105689723,0.4975765272713091,0.20628698768720846,0.4273728959996347,0.010621886861107876,0.0007870370370371971,0.012138073068760627,0.2627299191613489,0.12444012136224439,0.11087124949939037,0.0,0.7422888628031464,0.6151162096791842,0.29266653097809747,0.33831590018258123,0.4432305303746003,fearful,06,13,13,male,strong,1542
60,2.0020000000000002,True,1.0,0.542812143809142,0.5516076624548147,0.5472099031319784,0.9337013012127964,-0.06671296296296297,-0.06680555555555556,0.357220060932197,0.3312997303017963,0.2090573402247734,0.5860652677908883,0.00879551864567274,9.259259259258856e-05,0.012510234595327428,0.3538160838557909,0.12323555327029094,0.11220862792219384,0.0,0.9999999987499999,0.6096075742093713,0.29168456856118397,0.3197844202906392,0.4223875558595692,fearful,06,13,13,male,strong,1542
70,2.3356666666666666,True,1.0,0.6781780375861837,0.6663742208921444,0.672276129239164,1.335937134440958,-0.061990740740740735,-0.06129629629629624,0.29692619893185185,0.5581489454374323,0.19863569437991274,0.5032243747910246,0.011803816694039293,0.0006944444444444975,0.01019664677315879,0.2388627719504473,0.12444006511337584,0.11087131263258984,0.0,0.6844166713084171,0.607024078811212,0.29497506043392385,0.30833914253775285,0.4062372909842579,fearful,06,13,13,male,strong,1542
80,2.6693333333333333,True,1.0,0.6186705577468727,0.6324813033034317,0.6255759305251523,0.7867290683278101,-0.05884259259259261,-0.05430555555555555,0.34238470742009863,0.275285501089122,0.19172397807097866,0.7951605650656989,0.013810745556558923,0.004537037037037062,0.01867047429820674,0.38292560314128954,0.12666312864568044,0.10832464914408711,0.0,0.8753897774726872,0.6145880648196779,0.29002833243991105,0.3047344415379033,0.40226402675662254,fearful,06,13,13,male,strong,1542
90,3.003,True,1.0,0.6147774951272311,0.6050219002725938,0.6098996976999125,0.655205680510162,-0.05828703703703708,-0.053240740740740755,0.3444986186780573,0.2651072124756337,0.1897285547994645,0.9308522740905222,0.009755594854637284,0.0050462962962963265,0.023927808105054106,0.4959295086201289,0.12625847144820979,0.1087960300652144,0.0,0.9999999987499999,0.6184176454644358,0.2904592261643006,0.3044966318421465,0.4034263514787066,fearful,06,13,13,male,strong,1542
100,3.336666666666667,True,1.0,0.6506696216544363,0.634646312588984,0.6426579671217101,0.6763962469439516,-0.05763888888888885,-0.053148148148148056,0.34132808559606337,0.31449528927322595,0.18689742604383394,0.9501205395880364,0.01602330906545235,0.004490740740740795,0.017361998856533663,0.4707691413543986,0.1255364282453867,0.10962838571128015,0.0,0.9999999987499999,0.6171882554193553,0.2907916703211875,0.3005385451622193,0.4012875376729629,fearful,06,13,13,male,strong,1542
0,0.0,True,1.0,0.6268712076163563,0.6004585316181078,0.613664869617232,0.5876267832537077,-0.05407407407407405,-0.050509259259259254,0.3332051148635327,0.3014132618331479,0.18126515292262468,1.0443105847207146,0.02641267599824848,0.0035648148148147984,0.022416304724537664,0.5326613566911246,0.1288976169031916,0.10565596115442223,0.0,0.6507232899408719,0.6188501315682524,0.2885526913124966,0.3046719696218471,0.39536991940993216,fearful,06,13,13,male,strong,1543
10,0.33366666666666667,True,1.0,0.6073696079328345,0.5939815027128249,0.6006755553228297,0.5824392798788728,-0.056203703703703645,-0.051157407407407374,0.340390997887095,0.32183908045976994,0.1778052414767488,1.0313101744232454,0.01338810522000955,0.005046296296296271,0.018263764436380225,0.5180353529620836,0.1262712646638387,0.10878118169351256,0.0,0.7498752714304006,0.620152848342462,0.2896021059427112,0.30187802906371014,0.39903328381867353,fearful,06,13,13,male,strong,1543
20,0.6673333333333333,True,1.0,0.5931971690633352,0.5650614204691864,0.5791292947662607,0.6132692288920788,-0.05694444444444441,-0.05152777777777773,0.34139046269982415,0.32183908045976994,0.1777932266304524,0.9443312455322523,0.0281357485941488,0.005416666666666681,0.020013944130221124,0.5066665571041976,0.1260113501715249,0.10908215893730899,0.0,0.6753666103233962,0.6204391236729067,0.28888437066687017,0.30100972002165394,0.39840384815710317,fearful,06,13,13,male,strong,1543
30,1.0010000000000001,True,1.0,0.607987374335491,0.6205831987530064,0.6142852865442487,0.9636552440290754,-0.05754629629629626,-0.05407407407407405,0.3111353184055847,0.4818276220145377,0.18267272197487106,0.6374533738600342,0.012595824417515389,0.00347222222222221,0.019696220856526944,0.3394396551724141,0.12622422363154998,0.10883576222522531,0.0,0.651430042195018,0.625153761145083,0.28814573249260395,0.30246307248247345,0.40015262743891206,fearful,06,13,13,male,strong,1543
40,1.3346666666666667,True,1.0,0.5832249919101968,0.5429172075158738,0.5630710997130353,0.6067277581952182,-0.05717592592592602,-0.05162037037037043,0.3380210697867517,0.3336672766346118,0.18612135926937018,0.9280457208484334,0.04030778439432303,0.005555555555555591,0.02355729974886458,0.5483832802125176,0.12602913881366407,0.10906160616962385,0.0,0.8210414128690782,0.6206250497151986,0.2878432866836902,0.31308027842041997,0.4167047917371157,fearful,06,13,13,male,strong,1543
50,1.6683333333333334,True,1.0,0.5883748783891846,0.5697414661372524,0.5790581722632184,1.0655568213895636,-0.058379629629629615,-0.052685185185185224,0.3380401598192243,0.45554901110242846,0.18750040690060016,0.5434324670814686,0.018633412251932158,0.005694444444444391,0.019078567944563436,0.28568442694945795,0.12518981781417848,0.11002403049364212,0.0,0.6041769805817181,0.6156860286380178,0.2909433295361973,0.3027850392866592,0.4018348161235779,fearful,06,13,13,male,strong,1543
60,2.0020000000000002,True,1.0,0.5541258232201697,0.566261040060359,0.5601934316402644,0.8316936682692118,-0.056064814814814845,-0.05037037037037034,0.32198963383580964,0.38323139616326435,0.18820903826281987,0.6735574082294622,0.012135216840189367,0.005694444444444502,0.01747154156452578,0.38602941176470607,0.12544508303223667,0.10973289804534858,0.0,0.9999999987499999,0.6135578625121924,0.29112436027028815,0.30687623819061727,0.40208435044192925,fearful,06,13,13,male,strong,1543
70,2.3356666666666666,True,1.0,0.5777647118571589,0.5505941797341157,0.5641794457956373,0.819661672803518,-0.057685185185185284,-0.052592592592592635,0.34241936382759414,0.34152569700146607,0.1868316922029551,0.6883077061123942,0.027170532123043212,0.0050925925925926485,0.023767195285953384,0.3854166666666672,0.12668407914429913,0.10830014709974807,0.0,0.7148446765841814,0.6218637708208283,0.2877385849512321,0.3076380710728828,0.40328321092526587,fearful,06,13,13,male,strong,1543
80,2.6693333333333333,True,1.0,0.5831904431407016,0.567458111754712,0.5753242774477068,0.7224759225091324,-0.057731481481481495,-0.05226851851851849,0.34634948698957835,0.30853624046322087,0.1854429990664996,0.7963231154467081,0.015732331385989617,0.005462962962963003,0.021890965662934626,0.42184603512589536,0.12641249552616457,0.10861702787927294,0.0,0.885437865067961,0.6220912285070278,0.2888294612956382,0.30548058591434324,0.4025359151054406,fearful,06,13,13,male,strong,1543
90,3.003,True,1.0,0.5832249919101978,0.544590160189605,0.5639075760499015,0.7110793141320412,-0.05689814814814814,-0.05162037037037037,0.3372400348146933,0.3323274425339833,0.18474245908658,0.7930304887834057,0.03863483172059279,0.00527777777777777,0.022056879100713887,0.4646391755095118,0.12709149501176634,0.10782174950482323,0.0,0.7003980144431742,0.6211530859922094,0.2881697004491653,0.3063954929012182,0.4012696396442406,fearful,06,13,13,male,strong,1543
0,0.0,True,1.0,0.48397589228240695,0.4743567891667676,0.4791663407245873,0.45337210022143337,-0.047407407407407454,-0.045879629629629604,0.3569359117821209,0.1973063549396142,0.18349971734954013,1.0568941946153185,0.00961910311563935,0.00152777777777785,0.009075486429359361,0.7281888433899375,0.1302706486781209,0.10395833715541399,0.0,0.6798993273312588,0.5698195612620048,0.2562952684857024,0.32072802001948086,0.358407017102786,disgust,07,13,13,male,normal,1544
10,0.33366666666666667,True,1.0,0.4750012244612831,0.4436661248945156,0.4593336746778994,0.46481722582489554,-0.046250000000000124,-0.04666666666666669,0.35760319233439697,0.20323198158714106,0.18214728491871637,0.9882027798404746,0.0313350995667675,0.00041666666666656527,0.004207188933831343,0.687964964405135,0.13151249372259588,0.10238281968219289,0.0,0.7386855651304363,0.5691226849880577,0.2551640250241862,0.3265771440062175,0.3592514743783783,disgust,07,13,13,male,normal,1544
20,0.6673333333333333,True,1.0,0.4597143435991658,0.48203061924844287,0.47087248142380433,0.4508327342706155,-0.0465740740740741,-0.0468055555555556,0.36023708779800273,0.18166780509657995,0.18495996866272457,1.0444505148580445,0.022316275649277073,0.00023148148148149916,0.006193520284616095,0.7281888433899363,0.13147497064417704,0.10243100050843591,0.0,0.6757951418243408,0.5656750753113746,0.25466653441305354,0.32362311900043983,0.35942272216374477,disgust,07,13,13,male,normal,1544
30,1.0010000000000001,True,1.0,0.44457035031032377,0.43644870092008653,0.4405095256152052,0.888638742678167,-0.043611111111111156,-0.04291666666666666,0.3404258133041128,0.3216880022403124,0.18351676318766288,0.4957127170571066,0.00812164939023724,0.0006944444444444975,0.009590997943255958,0.3591826148169751,0.13035352031886766,0.10385440535402359,0.0,0.6343207435854678,0.5679886904605592,0.2567016818591657,0.33106295745491116,0.37724864303394245,disgust,07,13,13,male,normal,1544
40,1.3346666666666667,True,1.0,0.45972732131204164,0.44887769247404774,0.4543025068930447,1.1370270020510134,-0.04412037037037031,-0.0431481481481481,0.3257607449751837,0.45639792426211456,0.17804579664582243,0.39955296230745285,0.010849628837993897,0.0009722222222222077,0.009867580732390304,0.32511895229663673,0.1260749006231318,0.10900870242042006,0.0,0.9999999987499999,0.620311723728554,0.292265990115908,0.3118433162511551,0.40836124543949176,disgust,07,13,13,male,normal,1544
50,1.6683333333333334,True,1.0,0.41395822300351337,0.39859574226542926,0.4062769826344713,0.8575048588058032,-0.04379629629629633,-0.0444444444444444,0.3410709599714795,0.31384470442959317,0.18212927311106022,0.4737897149647286,0.015362480738084106,0.0006481481481480644,0.002854167052642044,0.4021012122145455,0.1310398235236925,0.10298709832795466,0.0,0.6196491703832258,0.5598515293148508,0.25719583442613575,0.3193672930538756,0.3615126383506822,disgust,07,13,13,male,normal,1544
60,2.0020000000000002,True,1.0,0.49049407681727203,0.45860117841800163,0.4745476276176368,0.6447760159327206,-0.04495370370370377,-0.043935185185185244,0.3282960274387351,0.2987705248095649,0.17867900448569995,0.735988336866354,0.0318928983992704,0.0010185185185185297,0.004529856857828757,0.5355661890205174,0.1307111707323009,0.10340390522994526,0.0,0.6622143453906786,0.5660485938906813,0.2564232579223282,0.3203877214618966,0.3597067991272166,disgust,07,13,13,male,normal,1544
70,2.3356666666666666,True,1.0,0.437314428136615,0.4130177669270619,0.4251660975318384,0.5771947043518854,-0.04439814814814824,-0.043935185185185244,0.3428013530773027,0.2430027275351572,0.18072449695109213,0.7366077587445032,0.024296661209553094,0.0004629629629629983,0.00639663537776305,0.5926248461765039,0.1323913699875537,0.10124377968046169,0.0,0.6734236376167496,0.5634676557966937,0.25690518378376215,0.32451105605473074,0.36034799844438664,disgust,07,13,13,male,normal,1544
80,2.6693333333333333,True,1.0,0.4525822820440306,0.4352954743231095,0.44393887818357003,0.503551643544269,-0.043564814814814834,-0.042407407407407505,0.35064765649854585,0.22212474029738183,0.1828059049670385,0.8816153891562899,0.017286807720921116,0.0011574074074073293,0.003752599277970671,0.6953799748614486,0.12682459989689757,0.10795922695157584,0.0,0.7873894143126896,0.6198820164862819,0.2885555788764374,0.3013300369659031,0.389371277750566,disgust,07,13,13,male,normal,1544
90,3.003,True,1.0,0.4756695248452435,0.44285453309161416,0.4592620289684288,0.48465957771177176,-0.04490740740740745,-0.04356481481481472,0.35552872674528313,0.22751096788022468,0.1807599545835244,0.9475971384631402,0.03281499175362934,0.0013425925925927285,0.00737275032446322,0.7180527112788843,0.12623374838837811,0.10882471474037422,0.0,0.7805481898290693,0.6196529361510229,0.2885917422742536,0.30035797438019174,0.39186789865976673,disgust,07,13,13,male,normal,1544
0,0.0,True,1.0,0.572471588611362,0.5628461282086915,0.5676588584100268,0.5163023588566678,-0.0537037037037037,-0.052453703703703725,0.34070919568638985,0.24266711027971788,0.1946174021897175,1.0994698139033998,0.009625460402670538,0.0012499999999999734,0.013683829123101458,0.6285903398188424,0.13450228958846466,0.09842211066146221,0.0,0.6479847987524593,0.5637791042432598,0.2536077805078268,0.33132309525620235,0.3623269367967678,disgust,07,13,13,male,normal,1545
10,0.33366666666666667,True,1.0,0.5562014516041968,0.5534990499672446,0.5548502507857207,0.49167012261161075,-0.0537962962962964,-0.0531018518518519,0.3485533111384645,0.22319479077249207,0.1939581952229413,1.1285010523692496,0.002702401636952123,0.0006944444444444975,0.010328448486464135,0.6497075506717874,0.13324350776403399,0.10011965546336704,0.0,0.6520006156338084,0.5630496282809999,0.25433355776437033,0.3343117964936023,0.36463095240041393,disgust,07,13,13,male,normal,1545
20,0.6673333333333333,True,1.0,0.5364994567888207,0.518428830164466,0.5274641434766434,0.5023962022801167,-0.051712962962963016,-0.05101851851851863,0.3509104950899812,0.229002225097467,0.1925529787018724,1.0498967569475173,0.01807062662435477,0.0006944444444443865,0.011873547882500102,0.6458022194604882,0.13253326211827282,0.10105796457298112,0.0,0.6406542386807511,0.5606755081563876,0.25468586151154654,0.33088190322502004,0.3623209106634547,disgust,07,13,13,male,normal,1545
30,1.0010000000000001,True,1.0,0.4665047413735787,0.45147601456497893,0.45899037796927883,0.9259763972378131,-0.04819444444444454,-0.045092592592592684,0.34490751800630093,0.29865290240341413,0.19047174398086422,0.49568258903622897,0.01502872680859979,0.0031018518518518556,0.013172916106728104,0.363201685331332,0.13115177962346578,0.10284448683664796,0.0,0.651653786307106,0.5652260477003301,0.2552254603894397,0.33467369248035306,0.37586009916405805,disgust,07,13,13,male,normal,1545
40,1.3346666666666667,True,1.0,0.4375516397686376,0.4354649627885538,0.4365083012785957,1.078290924798016,-0.046574074074074046,-0.044351851851851865,0.3259171249027253,0.42015881983647096,0.18634708557960425,0.4048149634203421,0.0020866769800838014,0.002222222222222181,0.012528303279367792,0.3229011097302437,0.13124559021694163,0.10272474297669616,0.0,0.6266463651577271,0.5606543640815702,0.2535764694042568,0.33039216875527594,0.37060074264515513,disgust,07,13,13,male,normal,1545
50,1.6683333333333334,True,1.0,0.43692369861607666,0.4060430144142002,0.42148335651513846,0.8486588945546997,-0.04560185185185189,-0.04365740740740742,0.32787038901934906,0.29072847831068266,0.1890842798456326,0.49664636666100725,0.03088068420187645,0.0019444444444444708,0.012769635169827554,0.39624478121296614,0.13083995267619242,0.10324090543415644,0.0,0.6941273853226059,0.5661066065176071,0.254468821158442,0.3273862862571325,0.3589482780882109,disgust,07,13,13,male,normal,1545
60,2.0020000000000002,True,1.0,0.4597501582218955,0.4577570288271304,0.45875359352451295,0.776532640601001,-0.04592592592592587,-0.04472222222222222,0.33280893926548966,0.295007739042951,0.18351676318766288,0.5907718098874227,0.0019931293947651474,0.0012037037037036513,0.012523372951324314,0.4180616968360403,0.1327093378454318,0.1008266305099992,0.0,0.7359181894393498,0.5571033207189127,0.2524985852998206,0.32972183284334095,0.3573435622508833,disgust,07,13,13,male,normal,1545
70,2.3356666666666666,True,1.0,0.4597143435991658,0.4501420105544249,0.45492817707679534,0.6412038739476021,-0.04685185185185187,-0.04495370370370372,0.335925987370382,0.2594418465945969,0.1862750139854037,0.709490687066515,0.009572333044740922,0.0018981481481481488,0.009553282640030152,0.5509704397077272,0.1321142077649771,0.1016051862743437,0.0,0.6074680559403163,0.5583793796659289,0.2542198738438004,0.33178922220861845,0.3599496011373001,disgust,07,13,13,male,normal,1545
80,2.6693333333333333,True,1.0,0.46592718518406423,0.4586011784180022,0.46226418180103324,0.5902065156646641,-0.04694444444444451,-0.04560185185185189,0.3385486714283227,0.25724275173880606,0.18559803753688617,0.7832244638649102,0.007326006766062043,0.0013425925925926174,0.013288899509435346,0.579137560317235,0.13190380399050272,0.10187818345451477,0.0,0.6654289255218783,0.5590848186931022,0.2549247787963293,0.3286975264937663,0.3611129830424851,disgust,07,13,13,male,normal,1545
90,3.003,True,1.0,0.4669501461445562,0.4361202747411773,0.45153521044286676,0.566178616114083,-0.04736111111111124,-0.04578703703703707,0.3458563488905818,0.24581378526633718,0.1862295453986906,0.7975137131492864,0.030829871403378895,0.001574074074074172,0.013366153428204785,0.5943747264993912,0.1335183398159159,0.09975284810066272,0.0,0.6876903081652287,0.5606126708105117,0.2551998401539805,0.33165259503473676,0.35963162003199506,disgust,07,13,13,male,normal,1545
0,0.0,True,1.0,0.5466364995000994,0.5333333333333332,0.5399849164167163,0.5073095087683916,-0.05111111111111116,-0.04861111111111116,0.345510751953014,0.22369060033490965,0.19114832178248242,1.064409215840743,0.01330316616676619,0.0025000000000000022,0.01457179095701188,0.6290198479231088,0.1309887293242132,0.10305207693758148,0.0,0.7004083437941993,0.5640807567323806,0.2552943789156067,0.32328351370679403,0.3616181058320198,disgust,07,13,13,male,normal,1546
10,0.33366666666666667,True,1.0,0.5171604799806704,0.5028216082137842,0.5099910440972273,0.507309508768392,-0.05129629629629645,-0.04861111111111116,0.34536866264982735,0.20877789364591587,0.1932135675544401,1.0052857974914473,0.014338871766886196,0.0026851851851852904,0.014909512879183079,0.6475420762898111,0.13181364646391616,0.10199480563784466,0.0,0.6689825985626169,0.5637355955429046,0.25465557870131283,0.32782086906431623,0.3615132978500302,disgust,07,13,13,male,normal,1546
20,0.6673333333333333,True,1.0,0.5245996706788956,0.5015859578779723,0.5130928142784339,0.5068025797697143,-0.05458333333333337,-0.050277777777777755,0.34786671366757677,0.2160181749310249,0.19740936522195215,1.0124116071223983,0.023013712800923236,0.004305555555555618,0.013422259854714187,0.6785748166659834,0.12755811720754606,0.10726930830866331,0.0,0.7961298240567015,0.6079603510623001,0.2915543200771196,0.3076854510440361,0.3985314955531407,disgust,07,13,13,male,normal,1546
30,1.0010000000000001,True,1.0,0.5091295830479631,0.5176104790436025,0.5133700310457827,0.9124222807149011,-0.07351851851851848,-0.06847222222222227,0.3297546125881751,0.31449528927322595,0.2216944042284852,0.5626452158133919,0.008480895995639393,0.0050462962962962155,0.019975067920156294,0.38814973585787826,0.12221000050199872,0.11265024525929478,0.0,0.9999999987499999,0.6241678438172145,0.29062874617506373,0.31623269274257104,0.40909388266581315,disgust,07,13,13,male,normal,1546
40,1.3346666666666667,True,1.0,0.47250508514412626,0.46610446313031106,0.46930477413721866,0.7171360714889203,-0.05523148148148149,-0.052453703703703725,0.34791141039660245,0.20915032679738502,0.20566279274614474,0.6544152397227021,0.006400622013815194,0.002777777777777768,0.01606077322601517,0.4691805196011617,0.1299555960565819,0.10435190858103427,0.0,0.689229656758008,0.5636864934567577,0.25653099365975757,0.33777441594084195,0.3753331165623731,disgust,07,13,13,male,normal,1546
50,1.6683333333333334,True,1.0,0.5055460690101979,0.49694959545269685,0.5012478322314474,0.6292862151660727,-0.054768518518518605,-0.05185185185185193,0.32806222266183305,0.24382430096465105,0.203622150986329,0.7965339461617872,0.008596473557501094,0.0029166666666666785,0.021207774759404444,0.5061999509654022,0.13106753376347366,0.10295183031016668,0.0,0.6620895705366738,0.5605835974936849,0.25639379924392103,0.3373447094579542,0.37423071260391616,disgust,07,13,13,male,normal,1546
60,2.0020000000000002,True,1.0,0.4729409956067417,0.47401248753682446,0.4734767415717831,0.7726265769572539,-0.0531018518518519,-0.04967592592592596,0.3331787125511873,0.24722486042309974,0.2029135564446334,0.6128144639243733,0.0010714919300827686,0.0034259259259259434,0.020192137484981488,0.40546786875703844,0.1295429573056106,0.10486372100686095,0.0,0.6398973946363449,0.5573582246961285,0.25740068492491425,0.3281307128368581,0.36811270682074027,disgust,07,13,13,male,normal,1546
70,2.3356666666666666,True,1.0,0.5028228876394156,0.4955079576179829,0.49916542262869923,0.7816253647534022,-0.052731481481481435,-0.04912037037037037,0.34409334317320267,0.24788524772422374,0.19947429843234002,0.6386249028473926,0.007314930021432742,0.003611111111111065,0.013228753062585754,0.43416978820829355,0.12970365991895608,0.10466488606234042,0.0,0.7158708924912097,0.5687943428152511,0.2627027321792571,0.322356594986328,0.35955795814429115,disgust,07,13,13,male,normal,1546
80,2.6693333333333333,True,1.0,0.4947498629854488,0.4962747953951338,0.4955123291902913,0.5812560824870153,-0.05069444444444454,-0.04736111111111119,0.34623052524177045,0.18622256459571018,0.1980415244866766,0.8524854089614805,0.001524932409684987,0.003333333333333355,0.022228858017275414,0.5789569696419122,0.13228874617300637,0.10137783489044329,0.0,0.6387246205087059,0.5570641813131503,0.2558746585016924,0.33263167755206025,0.3680284853133223,disgust,07,13,13,male,normal,1546
90,3.003,True,1.0,0.47281681481265336,0.43657111530072995,0.4546939650566917,0.591747124334196,-0.04930555555555549,-0.046018518518518625,0.33830410219729273,0.18200033270978883,0.19876470665850138,0.7683923526764754,0.03624569951192341,0.0032870370370368662,0.019869035623180046,0.5916556884559809,0.1254171708226544,0.10976479869688463,0.0,0.8498643415525156,0.6071139537221139,0.29288860673261136,0.3038047779737382,0.3956739515296947,disgust,07,13,13,male,normal,1546
0,0.0,True,1.0,0.49723855149976043,0.48888888888888954,0.493063720194325,0.42248662256560965,-0.046203703703703636,-0.04532407407407413,0.3579231682614968,0.2184864670923325,0.18263930661951858,1.1670516742047972,0.00834966261087089,0.0008796296296295081,0.0015395948036152423,0.7764819217593151,0.12856890470588186,0.10605571419565535,0.0,0.8525057660512882,0.6161603525472689,0.2885573330287506,0.3006584397830998,0.39152427131730944,disgust,07,13,13,male,normal,1547
10,0.33366666666666667,True,1.0,0.49642344687040046,0.5121575277040151,0.5042904872872078,0.4371120638498718,-0.046527777777777724,-0.04606481481481478,0.3567581980363679,0.24041163511742938,0.18402943608398534,1.1536869580895595,0.01573408083361466,0.0004629629629629428,0.0028756860490119656,0.7312499999999997,0.12757273184554038,0.10725192706950268,0.0,0.7526724282095193,0.6182701428618324,0.28873237993213685,0.30321464640979334,0.39353952310534657,disgust,07,13,13,male,normal,1547
20,0.6673333333333333,True,1.0,0.46699020857455426,0.46720215698258527,0.4670961827785698,0.47407407407407476,-0.04583333333333334,-0.04486111111111113,0.3508582323566925,0.23703703703703738,0.18055597810614282,0.9852810105485442,0.00021194840803101522,0.0009722222222222077,0.0007184707877206713,0.7031250000000002,0.12758712158335148,0.10705699523755373,0.0,0.7454674678936506,0.6172164273600066,0.2885543767721664,0.3043914570289755,0.3925988428364785,disgust,07,13,13,male,normal,1547
30,1.0010000000000001,True,1.0,0.3518299496045348,0.33722664659332174,0.34452829809892827,0.8197061410890684,-0.041435185185185186,-0.04097222222222219,0.3424605098660653,0.3111678572680025,0.17986153529316398,0.42030708424507485,0.014603303011213042,0.0004629629629629983,0.0012035584006212664,0.4270601644650417,0.13119488176602054,0.10278949736951609,0.0,0.65105987560491,0.5668508370301245,0.25920775597736895,0.3327348291864214,0.3684415754028492,disgust,07,13,13,male,normal,1547
40,1.3346666666666667,True,1.0,0.34313720356937727,0.3371647509578542,0.34015097726361576,0.7683211228079427,-0.041805555555555485,-0.04101851851851851,0.34502644431905327,0.2937519744580545,0.17986280783332034,0.4427198044750923,0.005972452611523071,0.000787037037036975,0.0023188839300477973,0.46320712088213556,0.13020866573726597,0.10403596079126007,0.0,0.6690589262869356,0.5647290606633278,0.26161867024348534,0.33449125328492524,0.37427115500637287,disgust,07,13,13,male,normal,1547
50,1.6683333333333334,True,1.0,0.3579786861631272,0.3328911640486451,0.34543492510588614,0.8086075400626394,-0.04143518518518513,-0.03930555555555554,0.32774578660252224,0.35673862061587047,0.1777794943832596,0.4271972594753776,0.02508752211448212,0.0021296296296295925,0.01072333037265142,0.4191176470588234,0.12691266997089257,0.10785568146318883,0.0,0.7535472075930727,0.6183903724614845,0.28953828226498346,0.3087981772620658,0.3967623500133518,disgust,07,13,13,male,normal,1547
60,2.0020000000000002,True,1.0,0.38451064157524706,0.4063958123589608,0.39545322696710394,1.0109407856374932,-0.0436111111111111,-0.04310185185185178,0.2965116279069766,0.4357298474945534,0.17917049906572247,0.39117348175613814,0.021885170783713714,0.0005092592592593204,0.0022584002364042016,0.3006324138320328,0.13070613426581704,0.10341027142565726,0.0,0.6483055572127596,0.5599642749912466,0.2589160894677915,0.32657448512662623,0.3580204518006133,disgust,07,13,13,male,normal,1547
70,2.3356666666666666,True,1.0,0.4131905562194194,0.43688338318040537,0.4250369696999124,0.8272425971777084,-0.04430555555555554,-0.043055555555555514,0.33831035439701584,0.29105104964599726,0.1826426484301614,0.5137996654790322,0.023692826960985958,0.0012500000000000289,0.004954887402839767,0.41705536019217804,0.12690064928605868,0.10804630017371827,0.0,0.870749611269816,0.6179585185871225,0.2888011236251785,0.3033875634084201,0.39296570152194643,disgust,07,13,13,male,normal,1547
80,2.6693333333333333,True,1.0,0.41378519060620483,0.42181297262430817,0.4177990816152565,0.6071980936821335,-0.043055555555555625,-0.04282407407407407,0.35188848177349624,0.22212474029738052,0.18125378834941805,0.6880770640791457,0.008027782018103335,0.00023148148148155467,0.009897127920580616,0.5372294286074537,0.13257247087585944,0.10100652324009964,0.0,0.6467628030515072,0.5578063453897184,0.25664381668594005,0.3322447732739884,0.3626339655422768,disgust,07,13,13,male,normal,1547
90,3.003,True,1.0,0.4293051920379866,0.4290903687177257,0.42919778037785616,0.5873651511843535,-0.0445370370370371,-0.04467592592592595,0.3450693027612812,0.22588617975122582,0.1840277777777778,0.7307171348392542,0.000214823320260904,0.0001388888888888551,0.00923588478478489,0.5774325392659317,0.13246260159149179,0.10115056574652258,0.0,0.6694072499099057,0.5603008974292842,0.2560006176814706,0.32944119416498024,0.36032863766013645,disgust,07,13,13,male,normal,1547
0,0.0,True,1.0,0.49746422843573784,0.45905779661458906,0.47826101252516345,0.5228174782734442,-0.04754629629629631,-0.04490740740740734,0.35003426991780695,0.171782885718417,0.19515296339244412,0.9147762506038929,0.03840643182114878,0.0026388888888889683,0.0015486140237321502,0.6595477153136937,0.12848622630084636,0.10615586381243464,0.0,0.7176934559406793,0.6034954707195378,0.29062813306194546,0.3026646449636737,0.39497324631459024,disgust,07,13,13,male,strong,1548
10,0.33366666666666667,True,1.0,0.4218243045303242,0.4000046576406097,0.41091448108546696,0.5182910606938909,-0.04300925925925919,-0.042037037037037095,0.35204145999858544,0.1776997922379058,0.1895849430449061,0.7928257156033763,0.021819646889714495,0.0009722222222220966,0.003947830000435835,0.6910714285714274,0.1269052258347133,0.10804092477567265,0.0,0.6865663280782467,0.6048585283097614,0.2920467087924907,0.30008067693850654,0.3977472725622527,disgust,07,13,13,male,strong,1548
20,0.6673333333333333,True,1.0,0.4370421536024243,0.4286082593258619,0.43282520646414313,0.509801756548777,-0.043333333333333335,-0.043240740740740635,0.3599111046778408,0.16022340920104383,0.193759844129958,0.8490068951395053,0.008433894276562437,9.259259259269959e-05,0.00746232643685389,0.7077198223441085,0.1261426270786999,0.10893032362066316,0.0,0.8696154899520888,0.6020017865505578,0.2918811290484648,0.2973553156487613,0.3941411656427337,disgust,07,13,13,male,strong,1548
30,1.0010000000000001,True,1.0,0.26188888808043637,0.2301877549306849,0.24603832150556065,1.0162043358809396,-0.04185185185185186,-0.04143518518518524,0.3416960222711727,0.27300049906468266,0.18959339380643883,0.24211500858463858,0.031701133149751454,0.0004166666666666208,0.00367168413385275,0.35259951406502943,0.12459514173978335,0.11069701181636625,0.0,0.686110431267834,0.6023790153248799,0.29409409487546295,0.31353036819725394,0.4294698369748822,disgust,07,13,13,male,strong,1548
40,1.3346666666666667,True,1.0,0.37116722452955814,0.3915360449021241,0.3813516347158411,0.8213384330521328,-0.045648148148148104,-0.04791666666666666,0.3499840020028068,0.268787612163073,0.19655922022996591,0.46430511390867246,0.020368820372565988,0.0022685185185185586,0.010774702284454967,0.4208699611611929,0.12523563262103626,0.1099718786433219,0.0,0.6720818636869539,0.6088513369957358,0.2948589817963628,0.30966353866095864,0.411845873714156,disgust,07,13,13,male,strong,1548
50,1.6683333333333334,True,1.0,0.41287656617633156,0.3831637491831655,0.3980201576797485,0.9606073290188557,-0.04689814814814813,-0.045370370370370394,0.36256820095576303,0.22939068100358445,0.19726902461622614,0.4143422037871375,0.02971281699316608,0.001527777777777739,0.0004451767916213007,0.3445277095145302,0.12395819866100052,0.11140979649407573,0.0,0.7843928982132715,0.604177992986257,0.2929814441362621,0.303548017323483,0.4150757961874912,disgust,07,13,13,male,strong,1548
60,2.0020000000000002,True,1.0,0.383343698999709,0.40659512355220573,0.39496941127595736,0.7848407490507481,-0.04847222222222225,-0.04685185185185181,0.3520414599985858,0.22212474029738172,0.20214712702540874,0.5032478394549038,0.023251424552496736,0.0016203703703704386,0.003724910431972645,0.4245283018867928,0.12456181034253508,0.11073451663558637,0.0,0.7001522674691931,0.6057288532366072,0.29280295361250663,0.30861558154451196,0.40505320908424064,disgust,07,13,13,male,strong,1548
70,2.3356666666666666,True,1.0,0.4290903687177258,0.4670433145009419,0.44806684160933385,0.9486352898461958,-0.05078703703703702,-0.05087962962962955,0.31880681042217,0.3352304523055135,0.20354570111552805,0.47232782335346163,0.03795294578321606,9.259259259253305e-05,0.0012778173898233575,0.3507706724212507,0.12558876447739123,0.10956842614227628,0.0,0.77704581624843,0.6014616876516231,0.29323965999644486,0.30601720458635495,0.401703456030067,disgust,07,13,13,male,strong,1548
80,2.6693333333333333,True,1.0,0.429291887606963,0.4296084343719667,0.42945016098946487,0.7487665803051441,-0.04712962962962969,-0.04638888888888887,0.35513979748633107,0.18347658700018035,0.2028319496941836,0.5735434410206335,0.00031654676500370016,0.0007407407407408195,0.0010235604387533815,0.4428082404050004,0.1259787575073548,0.10911979851191385,0.0,0.7320436072723863,0.6028955856092437,0.29087775365138546,0.30360675184156044,0.4019144918288512,disgust,07,13,13,male,strong,1548
90,3.003,True,1.0,0.44457035031032255,0.4593602981060492,0.4519653242081859,0.7165644601179233,-0.04750000000000004,-0.045277777777777806,0.3471192313069295,0.1716297688511875,0.20144343430390388,0.630739241705913,0.014789947795726677,0.0022222222222222365,0.006593522791251784,0.47276847903697944,0.12678328529657173,0.10818399299280251,0.0,0.7459490744648842,0.6041441084871448,0.29052516249286914,0.30435343163388434,0.40128916110455126,disgust,07,13,13,male,strong,1548
100,3.336666666666667,True,1.0,0.452945468364953,0.46635608989831107,0.459650779131632,0.7049853581711822,-0.047824074074074074,-0.04569444444444437,0.35620841133540293,0.16879846004016572,0.20001869114320442,0.6520004618592675,0.013410621533358091,0.0021296296296297035,0.0008605792299870758,0.48421759348730037,0.12738049243065389,0.10748017453798066,0.0,0.7738374117216968,0.6039278373380603,0.28983935770223845,0.30367816849173934,0.3976917770895271,disgust,07,13,13,male,strong,1548
0,0.0,True,1.0,0.5122888789944343,0.5029677909074531,0.5076283349509437,0.44072378379313615,-0.045509259259259305,-0.045370370370370394,0.3548721837698996,0.18363490991380693,0.1930571363157205,1.1518060826715237,0.009321088086981177,0.0001388888888889106,0.00048213054221898563,0.7882051516649139,0.12693043218521033,0.10801131031390385,0.0,0.7940522426086898,0.6062161259660115,0.29225429360146854,0.29981296536033114,0.39819211687743106,disgust,07,13,13,male,strong,1549
10,0.33366666666666667,True,1.0,0.5178780161974933,0.5037592390317994,0.5108186276146464,0.45928445905431786,-0.04643518518518519,-0.044583333333333364,0.35297990588763345,0.1851648664244064,0.19444601391355681,1.1122053392932978,0.014118777165693874,0.0018518518518518268,0.001168193782434829,0.7619713461733715,0.1274912982285449,0.10734871516017061,0.0,0.8047314937622576,0.6079291674013356,0.2910286808379258,0.3034974846829767,0.40194298532510553,disgust,07,13,13,male,strong,1549
20,0.6673333333333333,True,1.0,0.5189718066400298,0.4889585730272246,0.5039651898336273,0.4780045515642931,-0.04851851851851857,-0.046018518518518625,0.35315021566362104,0.20165817019118634,0.19237102631416936,1.0543104415729447,0.030013233612805224,0.0024999999999999467,0.0018410659346679544,0.7558593749999984,0.1276057983356211,0.1072125832241637,0.0,0.8948142339139501,0.6055958724505427,0.29092112893279126,0.3034427507758624,0.39827742043545267,disgust,07,13,13,male,strong,1549
30,1.0010000000000001,True,1.0,0.48831650863949005,0.5029677909074531,0.4956421497734716,0.9112602282568385,-0.05106481481481473,-0.04925925925925928,0.3402687499181862,0.31894107988989345,0.20209277153915411,0.5439084625931627,0.014651282267963084,0.0018055555555554492,0.005639646791547599,0.3941025758324568,0.1241039946462565,0.11124736528515015,0.0,0.7071067807446058,0.6040243042451356,0.2918178013755283,0.31588342003615894,0.431176947532564,disgust,07,13,13,male,strong,1549
40,1.3346666666666667,True,1.0,0.514880012803839,0.5227315792877975,0.5188057960458182,0.798402802373173,-0.05717592592592602,-0.05625000000000002,0.350183231778575,0.23349515918460648,0.21392455581158965,0.6498045779695657,0.007851566483958461,0.0009259259259259967,0.0022833054580061554,0.46698113207547104,0.12527307604013904,0.10992922354737068,0.0,0.9051057616048661,0.6011091811490222,0.29358112730862834,0.3141604305662733,0.4088471878712669,disgust,07,13,13,male,strong,1549
50,1.6683333333333334,True,1.0,0.5541258232201696,0.5344789721770398,0.5443023976986047,1.0889866894379543,-0.05486111111111108,-0.05375000000000002,0.32548417789461326,0.3603141507332486,0.20630326016873804,0.49982465624031547,0.019646851043129798,0.0011111111111110628,0.005534131988523688,0.34772567020972944,0.12667441293125745,0.10831145312961421,0.0,0.77771213140536,0.6009369466302146,0.29348149554555886,0.315880903116578,0.4142465867399824,disgust,07,13,13,male,strong,1549
60,2.0020000000000002,True,1.0,0.5525984656610259,0.5501365771810327,0.5513675214210293,0.6550294982016027,-0.05171296296296296,-0.049166666666666636,0.3352208064046936,0.21832358674463972,0.21184157324108982,0.8417445671299085,0.0024618884799931795,0.0025462962962963243,0.004897890036093812,0.5088829346594415,0.12486706265757547,0.11039019174484448,0.0,0.7939208779144993,0.599479818341399,0.29139581585611185,0.30416982700875306,0.401461927411937,disgust,07,13,13,male,strong,1549
70,2.3356666666666666,True,1.0,0.5276296900033318,0.5189915904972131,0.5233106402502725,0.8337687572609732,-0.05569444444444438,-0.05402777777777784,0.3294691316334207,0.21236310084017898,0.21462634991820098,0.627644818413931,0.008638099506118713,0.0016666666666665386,0.004724362266328618,0.39266656485282675,0.12572111830027632,0.10941653523927053,0.0,0.694663954596341,0.6081896050764055,0.29163406043701157,0.3104649703490584,0.40633395275305884,disgust,07,13,13,male,strong,1549
80,2.6693333333333333,True,1.0,0.5600321002145098,0.5540648960914573,0.5570484981529835,0.8715181018560313,-0.053518518518518576,-0.05249999999999999,0.3479660322037244,0.21783855103037966,0.2146188848482513,0.6391703132346459,0.005967204123052516,0.0010185185185185852,0.006273550579694334,0.40090396145757046,0.12587257311380787,0.10924226795542266,0.0,0.7313601593026848,0.599495883111057,0.29168431976442666,0.31435772632041586,0.41008830058011503,disgust,07,13,13,male,strong,1549
90,3.003,True,1.0,0.5485296123037267,0.5676722064636112,0.5581009093836689,0.707578383824512,-0.05208333333333326,-0.05060185185185184,0.34942533656129887,0.17308130562570978,0.21114038186407766,0.7887478223502156,0.019142594159884507,0.001481481481481417,0.002912028894509569,0.4685568435082134,0.12487982445792181,0.11037575464582491,0.0,0.8376805679781645,0.602926852459734,0.29204035824067354,0.30455004448973216,0.4027687073429496,disgust,07,13,13,male,strong,1549
100,3.336666666666667,True,1.0,0.54534468960037,0.541867300434251,0.5436059950173104,0.6927694071265558,-0.050138888888888844,-0.048888888888888815,0.34717362981239464,0.18070894380098101,0.20974004696401638,0.7846853360226457,0.0034773891661189493,0.0012500000000000289,0.003946909138863856,0.4910222899177882,0.12669180532905525,0.10829110874380082,0.0,0.8922878099724892,0.6029560063634829,0.29019883689349374,0.30779563190100107,0.4007300201284289,disgust,07,13,13,male,strong,1549
110,3.6703333333333332,True,1.0,0.517549096863141,0.5530386792786578,0.5352938880708994,0.707578383824512,-0.04999999999999999,-0.049537037037036935,0.34934804827123833,0.1881318539409888,0.20837764014534624,0.7565153208575953,0.03548958241551681,0.00046296296296305384,0.0037959536075031163,0.4923921226768868,0.12815299677157366,0.10655790533395515,0.0,0.6731391214440188,0.6020755754645608,0.2893975089911142,0.3096500676521291,0.40138367582498174,disgust,07,13,13,male,strong,1549
0,0.0,True,1.0,0.503979363568199,0.4936984390610624,0.4988389013146307,0.5353934015721176,-0.05009259259259258,-0.04828703703703707,0.34035232602527127,0.21415736062884652,0.19862493957419503,0.9317240366613615,0.010280924507136524,0.0018055555555555047,0.008870835116192887,0.626785714285716,0.12710190895047693,0.10780947320045706,0.0,0.8169727215400262,0.6109985707720588,0.2902628824188422,0.3044277412310188,0.3975717407362882,disgust,07,13,13,male,strong,1550
10,0.33366666666666667,True,1.0,0.48101835543891275,0.4725050851441251,0.4767617202915189,0.5501785493174638,-0.04949074074074067,-0.04662037037037037,0.33815724461465807,0.22157264768338833,0.19862071431262085,0.8665581762192951,0.008513270294787656,0.002870370370370301,0.0004998703821549969,0.6249237200216865,0.1273464308250633,0.10752052979166053,0.0,0.8832785345934849,0.6090339945900236,0.2902477216936489,0.30653777360016504,0.39750623832860144,disgust,07,13,13,male,strong,1550
20,0.6673333333333333,True,1.0,0.49723855149976104,0.49544412487691986,0.4963413381883405,0.5117186427194871,-0.04898148148148157,-0.046018518518518625,0.34627670125757587,0.20318240225626644,0.20000610342249558,0.969949688662064,0.0017944266228411831,0.002962962962962945,0.0029102581067817243,0.6617647058823537,0.1257273734514099,0.1094093475681181,0.0,0.9999999987499999,0.607758131502601,0.2907141538004396,0.30247544109699676,0.3967203861851505,disgust,07,13,13,male,strong,1550
30,1.0010000000000001,True,1.0,0.30661167763070796,0.3333333333333333,0.3199725054820206,0.7567878178569484,-0.05328703703703702,-0.053379629629629666,0.3385030588479547,0.21184697202019348,0.20902923774983864,0.42280345683696424,0.026721655702625358,9.259259259264407e-05,0.00022855571931205233,0.4278592923679799,0.12420357357095047,0.11113617809919342,0.0,0.763266102206473,0.6087530688290942,0.29301910188127717,0.3186976240356695,0.40551349161126654,disgust,07,13,13,male,strong,1550
40,1.3346666666666667,True,1.0,0.40545062332625414,0.3638701721642409,0.3846603977452475,0.6539782042589171,-0.04736111111111113,-0.047222222222222276,0.3475892620639921,0.20058684927822343,0.20416704035095484,0.5881853481357864,0.041580451162013254,0.0001388888888888551,0.0016103599212834606,0.5244688250923687,0.12558878092202855,0.10956840729422351,0.0,0.8945472848474694,0.6079434709352491,0.29314120090990975,0.31662159844856275,0.40269420949610774,disgust,07,13,13,male,strong,1550
50,1.6683333333333334,True,1.0,0.4820393704038523,0.4677849423616068,0.47491215638272954,0.9530376207779646,-0.052361111111111136,-0.050879629629629664,0.3180473296608629,0.3553699602900883,0.2006944444444444,0.4983141756723714,0.014254428042245526,0.0014814814814814725,0.00232208530830813,0.3432203389830508,0.12391170099845383,0.11146150961680068,0.0,0.7011414425849398,0.6233580189966611,0.29418342995560426,0.3099086413002606,0.39661327507927585,disgust,07,13,13,male,strong,1550
60,2.0020000000000002,True,1.0,0.43688338318040365,0.43691148775894634,0.43689743546967497,0.7339063480007229,-0.05305555555555558,-0.050879629629629664,0.3551639256112997,0.22751096788022454,0.20555592671495437,0.5953040693269009,2.8104578542686998e-05,0.0021759259259259145,0.003169866277648917,0.45044422518220845,0.12392766435044689,0.11144376060989085,0.0,0.7564151375584147,0.6120611348445628,0.29362902987384515,0.3118897187408627,0.40103721633775186,disgust,07,13,13,male,strong,1550
70,2.3356666666666666,True,1.0,0.5264919679250257,0.5177480676054543,0.5221200177652401,0.8503177950382714,-0.05717592592592591,-0.05328703703703702,0.33430209305793523,0.2550419907818934,0.2090277777777778,0.6140292733045065,0.008743900319571396,0.003888888888888886,0.0007416380448346464,0.40043404819599476,0.12574519654014557,0.10938886285885771,0.0,0.7397347474304544,0.6038744966893008,0.29351199591030896,0.321339025930821,0.4076019663080672,disgust,07,13,13,male,strong,1550
80,2.6693333333333333,True,1.0,0.45993169608764733,0.4671390621757896,0.4635353791317185,0.6667187479656533,-0.05425925925925934,-0.05037037037037034,0.34984952830092525,0.16296296296296228,0.20833919262593822,0.6952487545101971,0.007207366088142264,0.003888888888888997,0.002084973019358731,0.5004544870561332,0.12427608843316162,0.11105508369265468,0.0,0.6928229619772082,0.607544701114821,0.29256463301637625,0.3146800079271103,0.406552922568781,disgust,07,13,13,male,strong,1550
90,3.003,True,1.0,0.4377502271732079,0.46746585213947583,0.4526080396563419,0.5203343687629338,-0.05263888888888896,-0.0495370370370371,0.36180249077935456,0.15174566837848535,0.20555592671495446,0.8698407539989959,0.02971562496626795,0.0031018518518518556,0.00696251908807761,0.6567574606915916,0.12443298311526485,0.11087926083497972,0.0,0.6893489949537286,0.6063028957364196,0.2934413624151537,0.3155113792811514,0.40714527648321336,disgust,07,13,13,male,strong,1550
100,3.336666666666667,True,1.0,0.4600947173693451,0.44446327735977775,0.45227899736456145,0.5099640744915164,-0.051666666666666694,-0.04754629629629625,0.3599152637883092,0.15298922234745538,0.20278116394652995,0.8868840374991659,0.015631440009567343,0.004120370370370441,0.004435620928984492,0.659547715313691,0.1266440559756928,0.10834694668814747,0.0,0.651732373508225,0.605615334540066,0.2935090234547062,0.31668062144108877,0.406858608402244,disgust,07,13,13,male,strong,1550
0,0.0,True,1.0,0.49742804204104984,0.48086760538515305,0.48914782371310145,0.5496744626914645,-0.05365740740740743,-0.05078703703703702,0.3387862951084331,0.2594418465945978,0.1889922613380744,0.8898863907884748,0.016560436655896793,0.002870370370370412,0.026641709828210628,0.6116036448288705,0.1302465615078089,0.10398851372308257,0.0,0.8002214588992514,0.6105735042220013,0.2886612822911309,0.3093697879249407,0.39595597538126914,disgust,07,13,13,male,strong,1551
10,0.33366666666666667,True,1.0,0.4988658376872379,0.5088397697275892,0.5038528037074135,0.5911355392928695,-0.05458333333333332,-0.050648148148148164,0.344421864796631,0.2651428367883693,0.18971367571775177,0.8523473386664152,0.009973932040351241,0.003935185185185153,0.02240266337628818,0.5645979537434674,0.12710552766353306,0.10780520677560765,0.0,0.7962604772670963,0.6115865206082433,0.2891143661207806,0.3077276454105909,0.40304862027432775,disgust,07,13,13,male,strong,1551
20,0.6673333333333333,True,1.0,0.4507687236157585,0.47353737669111573,0.4621530501534371,0.5823708913702933,-0.053240740740740644,-0.049907407407407456,0.33757982078704024,0.2528438714609063,0.19100457921116565,0.793571686019559,0.022768653075357248,0.0033333333333331883,0.014875565721975058,0.5778388064531683,0.12668706144165243,0.10829665846083346,0.0,0.7870001187305825,0.6108648489083134,0.2896748026408194,0.3028082384405152,0.39660581196286876,disgust,07,13,13,male,strong,1551
30,1.0010000000000001,True,1.0,0.39208026457186124,0.3819188504490529,0.38699955751045706,0.9320392092895216,-0.05305555555555552,-0.05046296296296293,0.36625142342631667,0.25806451612903136,0.1937563003007902,0.41521810848007196,0.010161414122808354,0.002592592592592591,0.01803007382008589,0.34644367204064513,0.1304322979548195,0.10375545007994265,0.0,0.6715319677070543,0.568013750836272,0.26436036912244787,0.33122668863976723,0.386804214445733,disgust,07,13,13,male,strong,1551
40,1.3346666666666667,True,1.0,0.40018511072804286,0.4001719274376394,0.40017851908284113,0.7537015554203574,-0.05125000000000007,-0.04861111111111105,0.36397977682075633,0.20620136893575755,0.19377519997409368,0.5309508998686515,1.3183290403451231e-05,0.002638888888889024,0.017612521760212753,0.4249473822473658,0.12545153927258856,0.10972551692516733,0.0,0.9242585911000634,0.6091842379920719,0.29129021839136693,0.3153658505327215,0.4152024776193262,disgust,07,13,13,male,strong,1551
50,1.6683333333333334,True,1.0,0.4137868388203094,0.46634618654342275,0.4400665126818661,0.8636689949185561,-0.05009259259259269,-0.048101851851851785,0.35120568668286717,0.2678337489269901,0.19310336782570575,0.5095314469675554,0.052559347723113325,0.001990740740740904,0.021478369376730068,0.3698659937776397,0.1242251994085861,0.11111200476123168,0.0,0.9269523285904879,0.6036630147058824,0.2926959420597383,0.3020317201986108,0.39739374214791323,disgust,07,13,13,male,strong,1551
60,2.0020000000000002,True,1.0,0.44502945695738527,0.45760144715448803,0.45131545205593665,0.7760809627956226,-0.0627314814814815,-0.06009259259259264,0.3572128794336228,0.26344116716980404,0.20422047016405526,0.5815314041851952,0.012571990197102756,0.0026388888888888573,0.023958595641710108,0.41542117179644406,0.12543705043062706,0.10974208012322757,0.0,0.9999999987499999,0.6183309658316452,0.2907051055986168,0.31633225157603234,0.4095743332435377,disgust,07,13,13,male,strong,1551
70,2.3356666666666666,True,1.0,0.48961193390934893,0.5177404276356404,0.5036761807724947,0.7415818795676191,-0.058379629629629615,-0.055787037037037024,0.34922165376962533,0.23419655705924233,0.20285150821982148,0.6791915965721332,0.028128493726291504,0.002592592592592591,0.018370701797779672,0.4318076287856726,0.1264758248708469,0.10854327935797006,0.0,0.7920281201062651,0.6025032234534439,0.2922728911149303,0.31076873439747393,0.4002534438920972,disgust,07,13,13,male,strong,1551
80,2.6693333333333333,True,1.0,0.4979104412637442,0.5330993767137148,0.5155049089887295,0.7307616412227849,-0.05532407407407408,-0.05263888888888896,0.3513154380714254,0.24581378526633837,0.20074917854654892,0.7054350966289556,0.03518893544997059,0.002685185185185124,0.01864166986975831,0.4513953481649552,0.12576734078617832,0.10936340229701225,0.0,0.7663515569995352,0.6045915654777536,0.29112770324693465,0.30532531400259455,0.39924296586328223,disgust,07,13,13,male,strong,1551
90,3.003,True,1.0,0.49768456190126387,0.5123734375560054,0.5050289997286346,0.6861896280527071,-0.055277777777777815,-0.05157407407407416,0.35107499889579,0.22369060033490965,0.19864222379929886,0.7359904304613631,0.014688875654741529,0.0037037037037036535,0.015655930693016778,0.481196941274203,0.12817292486152304,0.10653393404514298,0.0,0.8068340683096517,0.6042903730163941,0.2915959330404269,0.30526054502570754,0.39694026277536476,disgust,07,13,13,male,strong,1551
100,3.336666666666667,True,1.0,0.45272770723400285,0.5036128641293889,0.47817028568169584,0.655985339185892,-0.053518518518518576,-0.04939814814814819,0.35246242018879226,0.20112036976336797,0.19728758777933098,0.7289344092279977,0.05088515689538603,0.004120370370370385,0.016572331513209086,0.5028502708227109,0.12717427986235358,0.10772409346142539,0.0,0.901139274275847,0.6060374295343137,0.2917576485328357,0.3044188959692805,0.39883551900568875,disgust,07,13,13,male,strong,1551
0,0.0,True,1.0,0.5570135380091142,0.5560668205092641,0.5565401792591892,0.4506390955874884,-0.05874999999999997,-0.053749999999999964,0.39489831462862857,0.14547680438315128,0.19118344241757562,1.23500198875031,0.0009467174998500916,0.0050000000000000044,0.03286606156322584,0.6629239470347527,0.12829978427234529,0.10638112203979443,0.0,0.7045373091792188,0.6212782163803021,0.2848305985451589,0.308686359217657,0.3978309865916314,surprised,08,13,13,male,normal,1552
10,0.33366666666666667,True,1.0,0.5660234514976852,0.539525535570873,0.5527744935342791,0.446894955712476,-0.05810185185185185,-0.05199074074074078,0.39823123934661947,0.13127809901629114,0.1897442368927915,1.2369226514383036,0.026497915926812166,0.006111111111111067,0.02604118679282743,0.6635571502278393,0.12694544496630694,0.1079936654292247,0.0,0.6361332843173928,0.6205400986488346,0.2847864329283869,0.309171718815514,0.39840024654745254,surprised,08,13,13,male,normal,1552
20,0.6673333333333333,True,1.0,0.580443453541426,0.5654225757996788,0.5729330146705525,0.41098261303083555,-0.059444444444444355,-0.053749999999999964,0.3932983889031739,0.12576009493281362,0.1932135675544401,1.3940565768595323,0.015020877741747207,0.005694444444444391,0.028642280659343735,0.745639889327361,0.12643025765371824,0.10842077186785175,0.0,0.6676485226193178,0.6237421361904136,0.2836873287635679,0.3121237835347424,0.4011207101086945,surprised,08,13,13,male,normal,1552
30,1.0010000000000001,True,1.0,0.5811432911556643,0.6200279312077746,0.6005856111817194,0.8419654679532944,-0.08250000000000007,-0.07916666666666672,0.3845903881883299,0.3272223940672854,0.22366023712004715,0.7133138282282084,0.03888464005211023,0.003333333333333355,0.03189126650153911,0.3750966429425197,0.12459150340587369,0.11070110681182405,0.0,0.7063998587618733,0.6290235767666441,0.28779549959960277,0.3367592195893681,0.4303745137568326,surprised,08,13,13,male,normal,1552
40,1.3346666666666667,True,1.0,0.6093497732440644,0.5964375794900844,0.6028936763670744,0.8816311765701618,-0.05675925925925929,-0.05328703703703708,0.3608020852570464,0.3033963008914769,0.19520495206399288,0.6838388800093607,0.012912193753980006,0.00347222222222221,0.02464498645022108,0.38749363309086216,0.12150107128252435,0.11408447504903019,0.0,0.7071067807446058,0.6272297047256402,0.2909843703446714,0.351509062218794,0.4440170949203918,surprised,08,13,13,male,normal,1552
50,1.6683333333333334,True,1.0,0.6545829461277478,0.634013159452609,0.6442980527901785,0.6751313062650698,-0.07462962962962966,-0.06930555555555545,0.3393659341628596,0.31413935545142857,0.21820979943258187,0.9543299900496903,0.020569786675138757,0.005324074074074203,0.02306458508096094,0.4468593108721954,0.12465221869243248,0.11063273541498546,0.0,0.9999999987499999,0.6243798390059149,0.28933902283535695,0.3295055664373311,0.4190367441733684,surprised,08,13,13,male,normal,1552
60,2.0020000000000002,True,1.0,0.6015740146137477,0.6346679938119362,0.618121004212842,0.9640563523139896,-0.07240740740740736,-0.06768518518518513,0.327782983492806,0.31603030875998506,0.21958346785170524,0.6411668806799401,0.03309397919818846,0.004722222222222239,0.027038942223331166,0.35994338473443727,0.12181769205571906,0.11374633036742637,0.0,0.9961740005504323,0.6267761904996374,0.29028310464951695,0.32722802292593745,0.4244741542751434,surprised,08,13,13,male,normal,1552
70,2.3356666666666666,True,1.0,0.6648783780967193,0.6849776450546892,0.6749280115757043,0.99620079040007,-0.06907407407407412,-0.06291666666666668,0.3388875296610099,0.3447870974466898,0.21611347928311864,0.6775019836158291,0.02009926695796982,0.006157407407407445,0.01805269206507307,0.3377998733039889,0.12432314629136884,0.11100240117434428,0.0,0.7151421294096681,0.6258388138145884,0.2920043077447893,0.3230101286476877,0.41091441602301343,surprised,08,13,13,male,normal,1552
80,2.6693333333333333,True,1.0,0.6098646674613968,0.6162341768215089,0.6130494221414529,0.7055936937511816,-0.06342592592592594,-0.05777777777777782,0.3511093635850932,0.2277072882931203,0.20989822065203334,0.8688419802652555,0.006369509360112158,0.005648148148148124,0.019597797610153934,0.44552432254391466,0.12601937809217414,0.10872297926716412,0.0,0.6702766075972734,0.6249571719469037,0.2900083453387027,0.3133796671482632,0.4020523102968087,surprised,08,13,13,male,normal,1552
90,3.003,True,1.0,0.5881751950012484,0.6205642606161155,0.6043697278086819,0.6069031015031863,-0.06569444444444444,-0.05949074074074073,0.35747849361113704,0.18758198226144074,0.2106083868350255,0.9958257361212529,0.032389065614867096,0.006203703703703711,0.02544291917842649,0.5087556994998078,0.12540763584435433,0.10977569240188215,0.0,0.7491608302149765,0.624805164073442,0.28840128808200977,0.31300997312444084,0.4061704762603404,surprised,08,13,13,male,normal,1552
100,3.336666666666667,True,1.0,0.6094310268609925,0.6102655877894057,0.609848307325199,0.5309955490052924,-0.06347222222222221,-0.05629629629629623,0.36823752041234215,0.18133877357814598,0.2064999077822131,1.1484998480074278,0.0008345609284131639,0.0071759259259259744,0.02718467580288488,0.5916535423443705,0.12475561393319526,0.11051612806426883,0.0,0.8923381593440894,0.6237521952140231,0.28733991272976117,0.3119033747834607,0.4022230812902611,surprised,08,13,13,male,normal,1552
0,0.0,True,1.0,0.5182903310843002,0.4743624613067048,0.4963263961955025,0.4144320477923737,-0.05291666666666672,-0.052083333333333315,0.34799908978891897,0.30287391061277835,0.1654812227623609,1.1976062151548594,0.04392786977759544,0.0008333333333334081,0.00966178411357665,0.7428132718224423,0.12914165030599173,0.10535754328501423,0.0,0.8289654649923703,0.6258976916547869,0.2843425299334653,0.3095970493630615,0.39987374783418794,surprised,08,13,13,male,normal,1553
10,0.33366666666666667,True,1.0,0.5177480676054549,0.47007589048795584,0.49391197904670536,0.4144320477923737,-0.051990740740740726,-0.049351851851851924,0.3478749669503943,0.30287391061277835,0.16554345185527722,1.1917803694905138,0.04767217711749905,0.002638888888888802,0.011981410901025764,0.7453752336428142,0.12720061256771034,0.10769299853182798,0.0,0.9999999987499999,0.6275356912686949,0.28569220820709323,0.305618601237669,0.39866743866810944,surprised,08,13,13,male,normal,1553
20,0.6673333333333333,True,1.0,0.5333596156243643,0.5133927375842243,0.5233761766042944,0.45045840546208943,-0.04847222222222225,-0.04731481481481481,0.34276886991983824,0.3150994073880969,0.16695252381865447,1.1618745932100087,0.019966878040139968,0.0011574074074074403,0.007351637198578393,0.6964563183778298,0.12600258150645743,0.10891750675017631,0.0,0.6845683537031433,0.6274942554443653,0.2867903183700782,0.30531904897608114,0.3988711849270492,surprised,08,13,13,male,normal,1553
30,1.0010000000000001,True,1.0,0.5617341115172088,0.5185729979020216,0.5401535547096152,1.0452255459276614,-0.04652777777777778,-0.045416666666666716,0.3484529615823932,0.5146708835715534,0.16440592386239153,0.51678181500072,0.04316111361518715,0.0011111111111110628,0.029685835506650635,0.3137188695654506,0.13032248420539985,0.10389334859143132,0.0,0.6575303683043515,0.5656288612398085,0.25989400549770253,0.34286054711708236,0.40083931140201834,surprised,08,13,13,male,normal,1553
40,1.3346666666666667,True,1.0,0.5043924017753567,0.44827550300272023,0.4763339523890385,1.3962507281990966,-0.045370370370370394,-0.043055555555555514,0.3152588118680108,0.6817586555605607,0.1631765513609799,0.3411521604027527,0.05611689877263648,0.0023148148148148806,0.028528813264261106,0.24223837241593688,0.1282649336220053,0.1062439674808072,0.0,0.8339420756066886,0.5637046284216813,0.2608520318924033,0.3294716652722002,0.3784177053212748,surprised,08,13,13,male,normal,1553
50,1.6683333333333334,True,1.0,0.5127087272966121,0.4792283403338215,0.49596853381521677,0.9939644175592154,-0.046435185185185135,-0.04393518518518519,0.3390917496774537,0.5194338277191619,0.16694206937121991,0.4989801697661571,0.0334803869627906,0.0024999999999999467,0.02471935439550988,0.3299737647614509,0.12643414158318134,0.10859183032157473,0.0,0.6937148479925836,0.6216923350199455,0.289227568550085,0.3036141680596839,0.39840523577524223,surprised,08,13,13,male,normal,1553
60,2.0020000000000002,True,1.0,0.5428121438091407,0.5003594960938285,0.5215858199514846,0.859280047128867,-0.04569444444444448,-0.04370370370370369,0.3196290985071138,0.4618316514289539,0.16854921526360492,0.6070032950192104,0.04245264771531221,0.001990740740740793,0.020606901988286658,0.3942978351532861,0.12668277731538222,0.1083016698950419,0.0,0.7271326521372546,0.625519106330032,0.28809418897092753,0.3051266349848867,0.3951970061854405,surprised,08,13,13,male,normal,1553
70,2.3356666666666666,True,1.0,0.5219673862757697,0.47289932639300913,0.4974333563343894,0.6666747165275053,-0.045138888888888895,-0.042824074074074014,0.3404289355772355,0.39343009089464426,0.16515021579497474,0.7461410250044581,0.04906805988276053,0.0023148148148148806,0.02417397553994276,0.4999939626772713,0.12668483662119343,0.10829926103475956,0.0,0.7292632263738382,0.6262616103081858,0.28754958193905905,0.3061979589652648,0.39420149558088796,surprised,08,13,13,male,normal,1553
80,2.6693333333333333,True,1.0,0.5431878998044838,0.5034330149654512,0.5233104573849675,0.5931793148976502,-0.04708333333333331,-0.04569444444444448,0.34715844053699546,0.36274890350494626,0.16719500405018167,0.882212923212371,0.039754884839032556,0.0013888888888888284,0.023466716495472585,0.5638265631263452,0.12636656178443875,0.10849500396528758,0.0,0.9999999987499999,0.6268225304496798,0.28726914392165803,0.3063547746461913,0.39569083993434806,surprised,08,13,13,male,normal,1553
90,3.003,True,1.0,0.527760026386806,0.49385992187335215,0.5108099741300791,0.532104863485132,-0.048611111111111105,-0.04606481481481478,0.34958057931244496,0.3610268305833568,0.1664720600048949,0.9599799009248337,0.03390010451345382,0.0025462962962963243,0.025508803289116495,0.6131781874399622,0.12754572332976813,0.10728404462346255,0.0,0.8466688293621355,0.627472989766219,0.285726027947576,0.30826400076692395,0.3973977243300853,surprised,08,13,13,male,normal,1553
0,0.0,True,1.0,0.5016466423885312,0.5480378121888649,0.5248422272886981,0.5076326235854307,-0.049166666666666525,-0.04999999999999999,0.34701127698037415,0.34264907325613725,0.16536822867081513,1.033901689733247,0.046391169800333754,0.0008333333333334636,0.02852624444875682,0.6007746519983322,0.13002900631562336,0.10426042052253118,0.0,0.6929085570130461,0.6282421059986494,0.2846241068946148,0.30950454923876536,0.3913459759648833,surprised,08,13,13,male,normal,1554
10,0.33366666666666667,True,1.0,0.5190801247029392,0.5573182329389614,0.5381991788209504,0.5018308743999085,-0.04759259259259252,-0.049166666666666636,0.35170229780190215,0.3316856799294468,0.16471724715858307,1.0724712373756025,0.03823810823602225,0.0015740740740741166,0.028147964679260666,0.614196182639868,0.1280308159394048,0.10670467628185307,0.0,0.8311485416397106,0.630093287439976,0.28544813630278426,0.3096242403932593,0.39622734998633485,surprised,08,13,13,male,normal,1554
20,0.6673333333333333,True,1.0,0.5082226241254798,0.5573182329389607,0.5327704285322202,0.4842424721274265,-0.04666666666666658,-0.048333333333333284,0.3532167616361953,0.3077521882878712,0.16542727194668655,1.1002141678973252,0.04909560881348085,0.0016666666666667052,0.025675668875083803,0.6475895809329534,0.12601368479210381,0.10907946193291355,0.0,0.696471999001611,0.6294023504479918,0.28596526210744355,0.3075443328811342,0.3944846670412676,surprised,08,13,13,male,normal,1554
30,1.0010000000000001,True,1.0,0.41884836417917515,0.4372405097713513,0.42804443697526323,0.923660342184307,-0.04245370370370366,-0.04523148148148154,0.3363490843907639,0.40730612235361363,0.16556603292584238,0.46342190676175127,0.018392145592176168,0.002777777777777879,0.02100797249136166,0.34064511599436637,0.1309096134882901,0.103152561128615,0.0,0.7304711748136946,0.5660823249143409,0.2627895406111874,0.31990493014133536,0.3634073278556334,surprised,08,13,13,male,normal,1554
40,1.3346666666666667,True,1.0,0.44240243295772774,0.43688338318040415,0.4396429080690659,0.6635781843081683,-0.04337962962962966,-0.04500000000000004,0.34854807826247464,0.3823269420817266,0.16829553989107093,0.6625336975588306,0.0055190497773235925,0.0016203703703703831,0.01879584944442763,0.47831218115586727,0.12594991975952277,0.10915308279266916,0.0,0.6712941438570637,0.6383088968009079,0.2887623308486397,0.3057832344088421,0.39255206802950243,surprised,08,13,13,male,normal,1554
50,1.6683333333333334,True,1.0,0.46898205714248387,0.488812198124814,0.47889712763364894,1.2063392107544824,-0.04541666666666666,-0.046388888888888924,0.33522897671443896,0.5874593562437385,0.17311113445089762,0.3969838030334201,0.019830140982330158,0.0009722222222222632,0.017205720356602915,0.2694725838394487,0.12541659766850996,0.1097654535798293,0.0,0.7818236528539916,0.6284186478732118,0.2884405020129848,0.3066318224257561,0.40955040806981063,surprised,08,13,13,male,normal,1554
60,2.0020000000000002,True,1.0,0.4307757353586575,0.4592592592592588,0.4450174973089581,0.8574610482710855,-0.04370370370370369,-0.04532407407407413,0.3317343661412354,0.41279505030988695,0.17033652800298388,0.5189944175379804,0.028483523900601326,0.0016203703703704386,0.016219851338188224,0.3798345736440111,0.12631853951012156,0.10872628176561079,0.0,0.6930022697519962,0.625457266023597,0.28769976404040887,0.30812563742277416,0.3987705128290468,surprised,08,13,13,male,normal,1554
70,2.3356666666666666,True,1.0,0.46433825969985004,0.49723855149976043,0.48078840559980524,0.7696871879782523,-0.04662037037037031,-0.04777777777777781,0.34317582598704216,0.39217492284741,0.1689307481077676,0.6246542921712113,0.032900291799910386,0.0011574074074074958,0.02228066300935758,0.4299117827616125,0.12725507637166825,0.10762863609776947,0.0,0.723371843482667,0.6298437648731368,0.2862450673183582,0.31083634739713717,0.397601336103596,surprised,08,13,13,male,normal,1554
80,2.6693333333333333,True,1.0,0.47938373808646545,0.5038501428443756,0.4916169404654205,0.6730612292365029,-0.047314814814814754,-0.047685185185185164,0.3545803801670532,0.35823729135746013,0.16968246446591664,0.7304193424171729,0.02446640475791012,0.00037037037037040976,0.0233381959773827,0.48928416615786774,0.1277838070179475,0.10700035717083316,0.0,0.6977089004316784,0.6286661371423571,0.28654846334028194,0.30905772255672653,0.3944720454069025,surprised,08,13,13,male,normal,1554
90,3.003,True,1.0,0.46433825969985,0.49746422843573723,0.4809012440677936,0.6795041933337078,-0.04523148148148143,-0.04662037037037031,0.3580431200009989,0.36842977093386076,0.16827513866328836,0.7077237326652092,0.033125968735887246,0.001388888888888884,0.022626312699218075,0.4669391318380522,0.12832219073902512,0.10635409317316256,0.0,0.8225548887199703,0.6291281349805548,0.28584161982925366,0.3101965093298884,0.3933658476864447,surprised,08,13,13,male,normal,1554
0,0.0,True,1.0,0.39852512908152604,0.42944116457493714,0.41398314682823156,0.503682138891233,-0.04879629629629634,-0.04907407407407416,0.3446273558280955,0.3331367481167877,0.16604988980092197,0.8219134943707594,0.030916035493411098,0.0002777777777778212,0.02499825718982955,0.598158699463732,0.12993770061363732,0.1043741909196203,0.0,0.7549643249177321,0.6260555653902186,0.2823874576651986,0.31057212813619983,0.39225403206175463,surprised,08,13,13,male,normal,1555
10,0.33366666666666667,True,1.0,0.5016466423885317,0.5038501428443768,0.5027483926164542,0.5188146927946795,-0.04777777777777786,-0.04796296296296293,0.34419746584530087,0.36274890350494615,0.16470196146710306,0.9690326808370026,0.0022035004558450533,0.0001851851851850661,0.029039273903115403,0.5966890162128906,0.12694130696413403,0.10799852941954378,0.0,0.6871403346698204,0.6290393060270985,0.2851468413969034,0.3084841317579318,0.3943810292436564,surprised,08,13,13,male,normal,1555
20,0.6673333333333333,True,1.0,0.45872818936956555,0.4821092278719393,0.4704187086207524,0.5610881935911365,-0.044999999999999984,-0.046574074074074046,0.3375857794455123,0.3787199613310579,0.16405685639359968,0.8384042187912178,0.023381038502373774,0.001574074074074061,0.027062510386845397,0.5342777632205177,0.12781959445773078,0.10695760395273612,0.0,0.6995127680993324,0.6297807378107493,0.2858895745343897,0.3099435004512926,0.3937687460723693,surprised,08,13,13,male,normal,1555
30,1.0010000000000001,True,1.0,0.3680849016313902,0.3645734006400359,0.36632915113571307,1.1819113150923464,-0.039629629629629626,-0.040231481481481535,0.32401369147092984,0.5025884521837831,0.16903233398270465,0.30994639484189274,0.003511500991354277,0.0006018518518519089,0.01939118283081567,0.27864658008464893,0.12494761257621577,0.11029901124643336,0.0,0.6977411047185562,0.630534722295168,0.28751730735365777,0.31421506810826716,0.41103316088227376,surprised,08,13,13,male,normal,1555
40,1.3346666666666667,True,1.0,0.39262751836174803,0.367328462108216,0.379977990234982,0.6457161817924367,-0.042037037037036984,-0.04055555555555551,0.3395528543562919,0.3446466490670362,0.17521088019601544,0.588459761346239,0.025299056253532015,0.0014814814814814725,0.015212472225148934,0.5008948193324826,0.12655656365798146,0.10844913077364148,0.0,0.7177232970825632,0.624592046201293,0.28498677095573594,0.3115849242193389,0.40487306510869836,surprised,08,13,13,male,normal,1555
50,1.6683333333333334,True,1.0,0.4135956517078607,0.4054664063611654,0.40953102903451305,0.7827162467386107,-0.04189814814814813,-0.041157407407407365,0.33956933522075616,0.4283626136442008,0.17388555239833806,0.5232177442859143,0.008129245346695346,0.000740740740740764,0.022105559489050193,0.403786833674719,0.12640100673701785,0.1086303975246477,0.0,0.6685102547603187,0.6234832754039116,0.2853497129233561,0.3106641870342583,0.3984334103711909,surprised,08,13,13,male,normal,1555
60,2.0020000000000002,True,1.0,0.3939897629601844,0.4210375859006832,0.4075136744304338,1.0044079735261495,-0.04375000000000001,-0.04342592592592587,0.3342201630225763,0.44013065651193145,0.17517429935995182,0.40572524827713774,0.02704782294049879,0.00032407407407414324,0.020602098590282742,0.33869682689763136,0.12740700756978007,0.10744874216401491,0.0,0.9999999987499999,0.621114544091074,0.2855813763088453,0.3121340693994586,0.4004452912042897,surprised,08,13,13,male,normal,1555
70,2.3356666666666666,True,1.0,0.415785062076585,0.42910366690336244,0.4224443644899737,0.7696871879782538,-0.04351851851851857,-0.04393518518518519,0.34277604786034804,0.36200762108991713,0.17451727489447383,0.5488520155826072,0.013318604826777436,0.0004166666666666208,0.01705622505214066,0.4303582089411445,0.12715672388674382,0.10774481584257241,0.0,0.8478484632886957,0.6229399451655663,0.2848000484479941,0.30897323886473954,0.39533384814876016,surprised,08,13,13,male,normal,1555
80,2.6693333333333333,True,1.0,0.42221121116135774,0.45241786614197804,0.4373145386516679,0.7230655515793856,-0.04296296296296298,-0.04273148148148148,0.34186213206449406,0.3688368448582612,0.17252142835376413,0.6048062138992042,0.030206654980620307,0.00023148148148149916,0.019614363295131866,0.4703076568272247,0.12788654581345593,0.10687754287290799,0.0,0.7200226444892512,0.6210618637845764,0.2850204045922605,0.3081572820599421,0.3921057298008953,surprised,08,13,13,male,normal,1555
90,3.003,True,1.0,0.4447671549804617,0.5056611354603188,0.47521414522039024,0.7256889955129051,-0.043703703703703745,-0.04444444444444445,0.35141874055874844,0.3627489035049473,0.17180554700306774,0.6548454615665167,0.06089398047985706,0.0007407407407407085,0.02209289267014328,0.4595158694795586,0.1282497514264669,0.1064414347407785,0.0,0.9999999987499999,0.6227994453875301,0.28522338947526815,0.30894241047524595,0.3936070553735553,surprised,08,13,13,male,normal,1555
0,0.0,True,1.0,0.4586109172994456,0.4295388865968047,0.44407490194812516,0.44755399985444716,-0.05004629629629631,-0.04763888888888884,0.358305827690774,0.29552559885702373,0.16478763567354418,0.9922264175776476,0.02907203070264086,0.002407407407407469,0.01603598306719053,0.709545617906454,0.1271104092727813,0.10779945094990401,0.0,0.6589514380610666,0.6254155591064552,0.2865099745518093,0.30156536574903964,0.39057978634338747,surprised,08,13,13,male,strong,1556
10,0.33366666666666667,True,1.0,0.5209707098605004,0.487849073654815,0.5044098917576577,0.41443204779237386,-0.048657407407407316,-0.0464814814814814,0.3519887058096274,0.2880995735097161,0.15779562023923843,1.217111211462975,0.03312163620568542,0.0021759259259259145,0.022005986872381346,0.7453752336428141,0.12788633352870368,0.10687779688579353,0.0,0.9999999987499999,0.6259459366559124,0.28784664098991214,0.3065117431614263,0.3933492033691673,surprised,08,13,13,male,strong,1556
20,0.6673333333333333,True,1.0,0.5185589496197901,0.5013830276602835,0.5099709886400368,0.4001519981477306,-0.05037037037037034,-0.04861111111111116,0.3641366014538791,0.3209683282296714,0.16136142388314936,1.274443189089768,0.017175921959506568,0.0017592592592591827,0.026193411972934788,0.7853065002691941,0.1266124007241546,0.1083839367865703,0.0,0.7071067807446058,0.6265095539465787,0.288239091674579,0.30643977389252774,0.39664879945527165,surprised,08,13,13,male,strong,1556
30,1.0010000000000001,True,1.0,0.5428121438091412,0.5294742359918481,0.5361431899004947,1.252920111748375,-0.0555092592592592,-0.05148148148148157,0.3502110714681154,0.5815955608707631,0.17185172423239856,0.4279149044485677,0.01333790781729316,0.00402777777777763,0.03125972791592305,0.26137916878162093,0.12944957864807624,0.10497897103060257,0.0,0.7071067807446058,0.5638093544214562,0.25705378422361586,0.3531026445496259,0.39962333805827593,surprised,08,13,13,male,strong,1556
40,1.3346666666666667,True,1.0,0.5253604113552682,0.49135958568388266,0.5083599985195755,0.9106412836811709,-0.05759259259259264,-0.05282407407407408,0.3430919266067449,0.39433405420454104,0.1817649104365735,0.5582439623916281,0.03400082567138557,0.004768518518518561,0.030115899075990982,0.3657475939888386,0.12566919406971255,0.10912755626814824,0.0,0.6778756417050895,0.6218830553705857,0.28821794435951004,0.3218695919823963,0.42566065547494375,surprised,08,13,13,male,strong,1556
50,1.6683333333333334,True,1.0,0.4970087638442943,0.48426324396123277,0.4906360039027635,0.5587009813659707,-0.05421296296296291,-0.050833333333333286,0.33708123285565156,0.3488051148812571,0.18176491043657364,0.878172797733781,0.012745519883061551,0.0033796296296296213,0.030804755324878634,0.5490867127348674,0.1254967534125798,0.10949994842769839,0.0,0.9999999987499999,0.6188438863045217,0.28899517709783995,0.30269091471068793,0.39654480432546163,surprised,08,13,13,male,strong,1556
60,2.0020000000000002,True,1.0,0.44394229621808523,0.4325460055910245,0.4382441509045549,0.9371564227522454,-0.051342592592592495,-0.04916666666666669,0.3243820923557906,0.4283817465071964,0.18387187119666,0.4676318064571519,0.011396290627060712,0.0021759259259258035,0.028092341993420825,0.34657282530231354,0.12332223052404684,0.1119432949359118,0.0,0.9999999987499999,0.6218890763883678,0.2892613364891584,0.30957071424429256,0.40687898898920194,surprised,08,13,13,male,strong,1556
70,2.3356666666666666,True,1.0,0.4671592607530042,0.45802401168708856,0.4625916362200464,1.0855274226909997,-0.04944444444444446,-0.048101851851851896,0.3333708546737146,0.371880784831983,0.18679894518747414,0.4261445879214101,0.009135249065915618,0.001342592592592562,0.026255741587225025,0.3290039935218833,0.12724310314022969,0.10764279109051468,0.0,0.6849096931458675,0.6227918784623224,0.28900788270367117,0.3147184691574254,0.4039316884022775,surprised,08,13,13,male,strong,1556
80,2.6693333333333333,True,1.0,0.5269463098106418,0.50075756403388,0.5138519369222609,0.9570715739516444,-0.05194444444444446,-0.050462962962962876,0.3413409645235276,0.3719573588730287,0.18327315656202503,0.5369002182361579,0.02618874577676178,0.0014814814814815835,0.032732632727586794,0.353729886920573,0.12772407436829053,0.10707165169753985,0.0,0.9555912126426683,0.6206425945065527,0.2885576639618768,0.31316250773872467,0.39981671334319946,surprised,08,13,13,male,strong,1556
90,3.003,True,1.0,0.5418817100385174,0.5210542901531062,0.5314680000958119,0.8217981345736616,-0.05300925925925931,-0.050555555555555576,0.3471171924416651,0.36576777642807345,0.182581124560668,0.6467135635097672,0.020827419885411147,0.0024537037037037357,0.03228448249713466,0.4224975832285876,0.12584050365583974,0.10927920849795865,0.0,0.7114021544003168,0.6182185502794869,0.2893217154975779,0.30704785418398,0.397265286420614,surprised,08,13,13,male,strong,1556
0,0.0,True,1.0,0.5047988645945695,0.48888888888888954,0.4968438767417295,0.4922692959701636,-0.04856481481481484,-0.04995370370370367,0.3486761734155952,0.31285350166864706,0.1632243619149141,1.0092928419647833,0.015909975705679924,0.0013888888888888284,0.0260016517135096,0.6497075506717886,0.12911923993577784,0.10538500675747385,0.0,0.6761115367503702,0.6223318175395159,0.28875933332557924,0.30460257437418675,0.3940312544109865,surprised,08,13,13,male,strong,1557
10,0.33366666666666667,True,1.0,0.5334888348682402,0.5391621129326039,0.536325473900422,0.5123620456668999,-0.049120370370370425,-0.05143518518518525,0.35481412869619233,0.328993430838485,0.1667124367491528,1.046770498393047,0.005673278064363685,0.002314814814814825,0.0291648079837674,0.6159844414504576,0.12729266254668523,0.10758418021399674,0.0,0.7166463849597651,0.6222767773828282,0.28957451339535495,0.3018681345999737,0.3950851523073466,surprised,08,13,13,male,strong,1557
20,0.6673333333333333,True,1.0,0.47638584279397345,0.48224939390473326,0.4793176183493534,0.5873722627540283,-0.047361111111111076,-0.046759259259259334,0.3448357439358061,0.3387277146657516,0.16192621871902638,0.8160372028838472,0.005863551110759813,0.0006018518518517424,0.025494673156540505,0.5358892757688031,0.12628773995859102,0.10876205453453354,0.0,0.6619363999800921,0.6218932474083383,0.28995939156438355,0.29991266935482014,0.39004772122691334,surprised,08,13,13,male,strong,1557
30,1.0010000000000001,True,1.0,0.5025212587201013,0.4958113691729626,0.499166313946532,0.9174062048547307,-0.04495370370370377,-0.047361111111111076,0.392744936372415,0.44546787550810246,0.16960691018234494,0.5441061018609242,0.006709889547138748,0.0024074074074073026,0.013933629640687149,0.34808224768618096,0.12482434793191556,0.1104384893666654,0.0,0.758914291753672,0.6284579580113296,0.28893027599273385,0.31122372899705497,0.41581404248620496,surprised,08,13,13,male,strong,1557
40,1.3346666666666667,True,1.0,0.36816902821762826,0.3761639084881177,0.372166468352873,0.7701944355691823,-0.04115740740740742,-0.04337962962962966,0.37089170773081315,0.2029557541261984,0.17245640846689664,0.48321105835805966,0.007994880270489446,0.0022222222222222365,0.01455600142630983,0.4105107142415388,0.12369265766980829,0.11153385253437008,0.0,0.697369138708907,0.6241006146911889,0.29198908751535385,0.30759591023172356,0.4179141425893828,surprised,08,13,13,male,strong,1557
50,1.6683333333333334,True,1.0,0.45478338630353443,0.4442358126175756,0.449509599460555,0.9257358692215171,-0.04115740740740742,-0.04166666666666663,0.35600644436226847,0.30103958465176217,0.16893074810776754,0.48557003612549116,0.010547573685958822,0.0005092592592592093,0.01886881064170977,0.30503236427805097,0.12878705608423835,0.10579069881599944,0.0,0.7071067807446058,0.5715730931356917,0.2685100413003595,0.3131019526538089,0.3685100477101609,surprised,08,13,13,male,strong,1557
60,2.0020000000000002,True,1.0,0.42679873388412454,0.44444444444444375,0.4356215891642842,0.7500698557925436,-0.0413425925925926,-0.04245370370370366,0.37078492663226026,0.3042736207460309,0.16953267230728394,0.5807746915838857,0.017645710560319217,0.0011111111111110628,0.009708040159384245,0.40506345946576705,0.12964597192787183,0.10473633435303395,0.0,0.8456586611605899,0.564814916771396,0.2666122876578486,0.3189203905073086,0.37350740164929697,surprised,08,13,13,male,strong,1557
70,2.3356666666666666,True,1.0,0.48696884656086953,0.47415886243923444,0.480563854500052,0.9601617580141713,-0.044722222222222274,-0.04236111111111113,0.3368993478033357,0.38857495307678314,0.17153489427994736,0.500503014714901,0.012809984121635087,0.002361111111111147,0.004788727893035395,0.31285298761149877,0.12570499708742772,0.1094350559809689,0.0,0.7683860988347447,0.6216179609265582,0.2885989591440277,0.29644524834014196,0.3869535883910204,surprised,08,13,13,male,strong,1557
80,2.6693333333333333,True,1.0,0.4574555831329377,0.45110879356435235,0.45428218834864503,0.8208076885045509,-0.045555555555555516,-0.04495370370370366,0.35882347182997304,0.33118697632822885,0.17152777777777778,0.553457520818686,0.006346789568585365,0.0006018518518518534,0.0026973750828992098,0.37498174150843827,0.12616214952269,0.10890771229898653,0.0,0.6713520678808512,0.6209433530130803,0.2889303217374551,0.2989758650416104,0.3892837953777638,surprised,08,13,13,male,strong,1557
90,3.003,True,1.0,0.48139472006180045,0.47221221484690384,0.47680346745435215,0.772965546000295,-0.045648148148148104,-0.04504629629629636,0.36105254908490864,0.28626800494369375,0.17083333333333334,0.6168495735955742,0.009182505214896608,0.0006018518518517424,0.002804759522415842,0.3958118597480871,0.1279788907826705,0.10676694846533191,0.0,0.6982586125621967,0.6196292789615846,0.28781004092542695,0.3019008571678488,0.39074885386718367,surprised,08,13,13,male,strong,1557
0,0.0,True,1.0,0.527340178084627,0.5135713636413496,0.5204557708629882,0.5286705215500425,-0.05018518518518522,-0.04824074074074064,0.3515181709272272,0.3009016026802969,0.16886570107632864,0.9844614928349534,0.013768814443277377,0.0019444444444445819,0.009454376259160001,0.5941093957380119,0.12741147122520152,0.1074434491765529,0.0,0.9906504528144807,0.6222407733796643,0.28563239671281687,0.29924150202469185,0.39004210325339184,surprised,08,13,13,male,strong,1558
10,0.33366666666666667,True,1.0,0.4883165086394889,0.48313651050471657,0.4857265095721027,0.5142768345368371,-0.049027777777777726,-0.045694444444444426,0.35314846502677505,0.30840682455010615,0.16675636420940662,0.9444845206950705,0.005179998134772323,0.0033333333333332993,0.016668237673008866,0.6271127057306096,0.12799847091899658,0.1067434738663351,0.0,0.9999999987499999,0.6209142397115096,0.2855306128382233,0.30148158934641806,0.39316988521766333,surprised,08,13,13,male,strong,1558
20,0.6673333333333333,True,1.0,0.5103005421413517,0.48430036037100266,0.49730045125617717,0.510018214936247,-0.04884259259259266,-0.0461111111111111,0.3567058695626374,0.3060109289617475,0.1667440107808775,0.9750640990701488,0.026000181770349018,0.002731481481481557,0.0019693392607265238,0.611382257925534,0.12671382664094877,0.10826534029197338,0.0,0.776430983978863,0.6240070174788666,0.28609655055567595,0.2997763523985518,0.3918308186857274,surprised,08,13,13,male,strong,1558
30,1.0010000000000001,True,1.0,0.5539773480565967,0.5295958091458327,0.5417865786012147,1.138435354915061,-0.07203703703703701,-0.0706018518518518,0.3361676419887407,0.40545808966861585,0.20070812936930751,0.4759045616969947,0.024381538910764,0.001435185185185206,0.006184555604647519,0.27738902549084243,0.12526662705734054,0.10993657224113604,0.0,0.9983608437507933,0.6279987839276336,0.287362011030962,0.3130500084170517,0.4120373247545175,surprised,08,13,13,male,strong,1558
40,1.3346666666666667,True,1.0,0.510448847991824,0.5448028673835127,0.5276258576876683,0.7821840274340113,-0.06888888888888883,-0.06861111111111118,0.3654896000361143,0.20620136893575755,0.20977460082211377,0.6745546306008932,0.034354019391688695,0.00027777777777765467,0.0034806157199608954,0.39884277800860196,0.12331285847586897,0.11212366701344606,0.0,0.9999999987499999,0.6290771039275085,0.2871581674521896,0.315624513225255,0.41961616535076013,surprised,08,13,13,male,strong,1558
50,1.6683333333333334,True,1.0,0.5485510643263996,0.5629629629629628,0.5557570136446812,0.8119366939765678,-0.06481481481481477,-0.06518518518518518,0.3767707279953302,0.20997375328083911,0.20561827198298485,0.6844831841787904,0.014411898636563225,0.00037037037037040976,0.0009587996405356573,0.36892022016333176,0.1253834430051203,0.10980332413347763,0.0,0.6815865804973302,0.6284717362335559,0.2873111281906321,0.3139891362763574,0.4117365609057393,surprised,08,13,13,male,strong,1558
60,2.0020000000000002,True,1.0,0.5341427762850841,0.5479076927335413,0.5410252345093127,0.7639212252414342,-0.06087962962962962,-0.06129629629629629,0.3599765658400098,0.24239808108622476,0.20422047016405526,0.7082212362123121,0.013764916448457232,0.0004166666666666763,0.006959235041660244,0.4223130806761809,0.12425518401463917,0.11107847233280008,0.0,0.7071067807446058,0.6278018242609544,0.2894756978459917,0.3115550536520574,0.40843234964831066,surprised,08,13,13,male,strong,1558
70,2.3356666666666666,True,1.0,0.5489205632615384,0.543036778178672,0.5459786707201052,0.9170337966310853,-0.05583333333333329,-0.05458333333333332,0.3634369286711713,0.2793116590569939,0.18974423689279155,0.595374644561489,0.005883785082866355,0.0012499999999999734,0.019476754605163456,0.32657985942504264,0.12681510376407984,0.10814669309747431,0.0,0.6618971527120942,0.6244530064682123,0.28989980339384586,0.3117371390806972,0.39866350052976707,surprised,08,13,13,male,strong,1558
80,2.6693333333333333,True,1.0,0.5578401764399047,0.5626007576367941,0.5602204670383494,0.8002763790862155,-0.05416666666666664,-0.05064814814814811,0.36371610393926035,0.27139914837091805,0.18359324209445102,0.7000337404410578,0.00476058119688938,0.003518518518518532,0.011923861623195224,0.38318969235799627,0.12662375838113435,0.10819472092620115,0.0,0.9999999987499999,0.6257050022743472,0.2873584928546798,0.3094677229876495,0.39878947564526285,surprised,08,13,13,male,strong,1558
90,3.003,True,1.0,0.5330723655929631,0.5512734967032392,0.5421729311481012,0.7564418632835055,-0.05185185185185187,-0.0509722222222222,0.3666835334607491,0.2639072920999523,0.18218581582877835,0.7167410444401874,0.018201131110276103,0.0008796296296296746,0.01844654383952122,0.4048582965579998,0.1259076187835863,0.10920187408049867,0.0,0.7849648942240736,0.6278099288387231,0.28643916834050553,0.30784615655335323,0.3969281096494475,surprised,08,13,13,male,strong,1558
0,0.0,True,1.0,0.5128886224159195,0.5272078551986884,0.520048238807304,0.4861253683590715,-0.04699074074074072,-0.04907407407407405,0.3493853785934281,0.2648132840867673,0.17230902777777785,1.0697821439821995,0.01431923278276892,0.002083333333333326,0.03759454151858318,0.6497075506717873,0.1284617393957929,0.10618549468811364,0.0,0.7301264398456914,0.6245311465680023,0.2853475232439126,0.3039255666208023,0.3853630244125995,surprised,08,13,13,male,strong,1559
10,0.33366666666666667,True,1.0,0.4873615618647389,0.497108365874717,0.492234963869728,0.5302081140223138,-0.048009259259259196,-0.049629629629629635,0.3516624801362721,0.27952513320269856,0.17090879184902522,0.9283806694987928,0.009746804009978127,0.0016203703703704386,0.034671999817602044,0.5801511784386555,0.1261730913136843,0.10889503569396213,0.0,0.6970499079438215,0.6242593292551396,0.28665717777116084,0.2998837466845234,0.3869898593799916,surprised,08,13,13,male,strong,1559
20,0.6673333333333333,True,1.0,0.5079755629845715,0.5573182329389607,0.532646897961766,0.5926493966951168,-0.04777777777777775,-0.0494444444444444,0.3415012821480551,0.3112296268121263,0.17160293092747084,0.8987554883748264,0.049342669954389184,0.0016666666666666496,0.03164681075247449,0.5212693314863911,0.12634042242404295,0.10870085295062136,0.0,0.746033466688151,0.6262301350383904,0.2866064949198325,0.3033177323425369,0.3914667165191499,surprised,08,13,13,male,strong,1559
30,1.0010000000000001,True,1.0,0.542796499568027,0.5628392828987805,0.5528178912334037,1.3694890828583561,-0.05736111111111114,-0.059305555555555556,0.3168082537686083,0.5590131028403836,0.1827741836560361,0.40366724945304344,0.02004278333075349,0.0019444444444444153,0.0183590794802935,0.2447895780600617,0.12295553542918823,0.1125153948465937,0.0,0.7071067807446058,0.6286724391240872,0.29104803035793425,0.3072417061051866,0.41152157646425996,surprised,08,13,13,male,strong,1559
40,1.3346666666666667,True,1.0,0.4947823907153665,0.5243675210215991,0.5095749558684828,0.7475065892808538,-0.053472222222222254,-0.055787037037037024,0.3670409387057904,0.2727287848649459,0.18355334403178752,0.6816996173354465,0.02958513030623261,0.0023148148148147696,0.02317660534772316,0.40697053149313017,0.12315517763538204,0.11229683874256711,0.0,0.7341025065669523,0.6320560953287565,0.28929367635929165,0.3110768574821265,0.4211575053050936,surprised,08,13,13,male,strong,1559
50,1.6683333333333334,True,1.0,0.5423520427586138,0.5814052419438966,0.5618786423512552,0.5339577146300907,-0.05351851851851863,-0.05564814814814817,0.349404427083706,0.28190731889884285,0.18767935757500245,1.052290522182093,0.03905319918528283,0.002129629629629537,0.016981338529241198,0.5647390242644842,0.12887136777582972,0.10568797631879041,0.0,0.6876777469299893,0.5733514082429847,0.26661208241258594,0.3062551768563638,0.3619108283723634,surprised,08,13,13,male,strong,1559
60,2.0020000000000002,True,1.0,0.5213158954828685,0.5015859578779729,0.5114509266804207,0.8269978989167394,-0.05361111111111111,-0.055462962962962936,0.3429904355698972,0.31388479609958186,0.19107446757872656,0.6184428368564847,0.01972993760489561,0.0018518518518518268,0.015110805072954727,0.3584197124696349,0.12890981000345048,0.10564108412694635,0.0,0.8032598114282434,0.5690671327437224,0.2673224535881253,0.3214050658655191,0.3691545686566749,surprised,08,13,13,male,strong,1559
70,2.3356666666666666,True,1.0,0.5818640116252006,0.5971963433857118,0.5895301775054562,0.9162217940832244,-0.05611111111111117,-0.05666666666666659,0.3563011742214245,0.31028211281376666,0.18900558257911235,0.6434360995476458,0.015332331760511186,0.0005555555555554204,0.02022389143728633,0.32695708806392193,0.1252033295141684,0.11000865442771347,0.0,0.7444757992535758,0.6231355690557473,0.29057194483640586,0.30356968392244327,0.39471443175852555,surprised,08,13,13,male,strong,1559
80,2.6693333333333333,True,1.0,0.5501298864441241,0.5829992663982717,0.566564576421198,0.7501120986027163,-0.054259259259259174,-0.05675925925925923,0.3715919556616655,0.26181683645588805,0.18615210035902052,0.7553065434840679,0.032869379954147626,0.0025000000000000577,0.016682544453098223,0.3931195615001873,0.12429309665450719,0.11103604772431182,0.0,0.7108038602144793,0.6230657886435825,0.2880946059230628,0.30283292801515616,0.39674507790853547,surprised,08,13,13,male,strong,1559
90,3.003,True,1.0,0.5356626457090516,0.5448028673835132,0.5402327565462824,0.6435100128926028,-0.052453703703703725,-0.05472222222222217,0.3657359387725609,0.250253893902678,0.18268065722355606,0.8395094803854177,0.009140221674461602,0.0022685185185184475,0.01526721209746948,0.4755195339420814,0.12661824230269558,0.10837711237494789,0.0,0.6958287279980435,0.6260237672256402,0.28750511346482016,0.30404720174690825,0.39951811018140215,surprised,08,13,13,male,strong,1559
0,0.0,True,1.0,0.7758463704429673,0.7911971393016938,0.7835217548723306,0.513347491581097,-0.0651388888888888,-0.05842592592592594,0.37281067294705955,0.26400728138456414,0.17917731201720288,1.526298984064583,0.015350768858726438,0.006712962962962865,0.004826732798569736,0.4829886760830819,0.10926143894649326,0.11140179733182054,0.0,0.9999999987499999,0.6803324222892282,0.281878814374606,0.26288100292060296,0.36240601155735047,neutral,01,14,14,female,normal,1560
10,0.33366666666666667,True,1.0,0.7843156223711067,0.7765549212000666,0.7804352717855867,0.5134137837720378,-0.06388888888888888,-0.05763888888888896,0.3726769828001693,0.2640072813845645,0.17778164011680334,1.5200902205074216,0.0077607011710401075,0.006249999999999922,0.008153670741825634,0.5150122464652046,0.10828272632813524,0.11235334293246847,0.0,0.9999999987499999,0.6808904215045393,0.28153632611969953,0.26069276483648707,0.3586331442813213,neutral,01,14,14,female,normal,1560
20,0.6673333333333333,True,1.0,0.27523913830869084,0.2964260114440414,0.28583257487636615,0.51344338478357,-0.08300925925925923,-0.07490740740740737,0.39511318035476367,0.18733745120481635,0.17917731201720288,0.556697356217477,0.02118687313535056,0.00810185185185186,0.00657923092619683,0.4743735296338094,0.10642694656579477,0.11444621194559727,0.0,0.9999999987499999,0.6779302355942377,0.2825494579869032,0.2559380854150199,0.3569882218955898,neutral,01,14,14,female,normal,1560
30,1.0010000000000001,True,1.0,0.6913601640562056,0.6816856410095319,0.6865229025328687,0.7556574381591826,-0.06953703703703706,-0.061759259259259236,0.4128587066276132,0.2585017998513373,0.17570139218256625,0.9085107455638511,0.009674523046673711,0.007777777777777828,0.017761288225124818,0.32611423519198657,0.10779526256659798,0.11214360466638065,0.0,0.9999999987499999,0.6811263295708908,0.2826671228289063,0.2684848987551418,0.3662372249742939,neutral,01,14,14,female,normal,1560
40,1.3346666666666667,True,1.0,0.6515622958086925,0.6404124151063091,0.6459873554575009,0.7247180950669384,-0.06592592592592589,-0.06148148148148136,0.3826708088844025,0.26287194801871355,0.17798536684420832,0.8913636348459526,0.01114988070238343,0.004444444444444529,0.008743821580750826,0.342452706567856,0.10697983300305074,0.11292175180020982,0.0,0.9999999987499999,0.6800204872495874,0.282127289776448,0.26484484876905484,0.3639958807336967,neutral,01,14,14,female,normal,1560
50,1.6683333333333334,True,1.0,0.6668615631712015,0.657707021707807,0.6622842924395043,0.8061961044514389,-0.06782407407407404,-0.062962962962963,0.3952614808580128,0.32109741492724364,0.17645116259097532,0.8214927965822203,0.00915454146339445,0.004861111111111038,0.003398287174361185,0.31642516557553035,0.1064172523469565,0.11445522612240473,0.0,0.9999999987499999,0.6826797339560825,0.2807602390648989,0.2664948357810572,0.3651800476775733,neutral,01,14,14,female,normal,1560
60,2.0020000000000002,True,1.0,0.6815510210249721,0.7157750656497591,0.6986630433373656,0.6243870155634452,-0.06597222222222227,-0.060509259259259374,0.39928042571613637,0.2781762516925924,0.17643213684734227,1.1189583157921597,0.03422404462478701,0.005462962962962892,0.0026623094189084755,0.40341198204935164,0.10938813913760172,0.11263875481158436,0.0,0.9999999987499999,0.6823393084343113,0.2794823720746472,0.26775521680939224,0.3662743979617738,neutral,01,14,14,female,normal,1560
70,2.3356666666666666,True,1.0,0.7243226674250676,0.7157720954932262,0.7200473814591468,0.6993486974529881,-0.06638888888888894,-0.06245370370370368,0.3719125374003785,0.29131528945644447,0.17920115530761813,1.0295970866629807,0.008550571931841389,0.003935185185185264,0.003035469528861273,0.3754751446907678,0.10932606930384679,0.11252982134782365,0.0,0.9999999987499999,0.6853425337166116,0.2779892112624018,0.2664578871841722,0.36440100890356186,neutral,01,14,14,female,normal,1560
80,2.6693333333333333,True,1.0,0.7560275549006248,0.7488603584010548,0.7524439566508399,0.5161389897074734,-0.06782407407407409,-0.06222222222222218,0.3746122301766197,0.2508702758303998,0.17849316768879112,1.4578320407014678,0.007167196499569983,0.005601851851851913,0.000731013206953158,0.49993897601734766,0.10816889209412117,0.11297001865298169,0.0,0.9999999987499999,0.6847438332598665,0.27792092866230766,0.2613943669954035,0.36179342684680627,neutral,01,14,14,female,normal,1560
90,3.003,True,1.0,0.7536897037934784,0.780430565987287,0.7670601348903827,0.5058717253839211,-0.06694444444444447,-0.06171296296296297,0.3715154818277747,0.27461607949412853,0.1777988050529181,1.5163135166493797,0.026740862193808557,0.005231481481481504,0.0030805116530034,0.49821428571428544,0.11027250826727461,0.11160252704300261,0.0,0.9999999987499999,0.6844569710618621,0.27945923195855354,0.26500004532950605,0.36429539579159653,neutral,01,14,14,female,normal,1560
100,3.336666666666667,True,1.0,0.7975641075814136,0.7951301159446006,0.7963471117630071,0.47959254930522144,-0.06819444444444445,-0.06231481481481488,0.3807942142168145,0.25386719752477455,0.1777885062901159,1.6604659787076828,0.0024339916368130154,0.005879629629629568,0.0021461532126045182,0.5136400140600601,0.109058940278705,0.11245038804768674,0.0,0.9999999987499999,0.6819482804762529,0.28052926998590116,0.2636094137667436,0.35899477021084425,neutral,01,14,14,female,normal,1560
0,0.0,True,1.0,0.7506989788608549,0.7967474393794481,0.7737232091201516,0.6973856736646458,-0.06652777777777774,-0.06050925925925915,0.368298947848152,0.3115086290538845,0.17362209709164386,1.1094624371251631,0.04604846051859324,0.00601851851851859,0.022976511619025853,0.37151380675131845,0.10547004555694055,0.11366468404254562,0.0,0.9999999987499999,0.6792791013280312,0.28323894434735825,0.25513403199578694,0.3517903866264638,neutral,01,14,14,female,normal,1561
10,0.33366666666666667,True,1.0,0.768827687190087,0.793877306154743,0.781352496672415,0.684515197200132,-0.0677314814814815,-0.06032407407407414,0.3668324066571699,0.2975930543633222,0.1770988427644488,1.1414684434595113,0.025049618964655962,0.007407407407407363,0.01566258449492874,0.37967053445721793,0.1070595203814301,0.1126772463594611,0.0,0.9999999987499999,0.6839884519745398,0.2807394693712273,0.2599435323811719,0.35711703308386267,neutral,01,14,14,female,normal,1561
20,0.6673333333333333,True,1.0,0.30150307925470904,0.3172768918840909,0.3093899855694,0.3857561612045424,-0.08277777777777784,-0.07319444444444445,0.3826576244216901,0.18569415414852417,0.17642392055103365,0.8020351109968398,0.015773812629381878,0.009583333333333388,0.019006285511293807,0.6259606045510848,0.10705490327774615,0.11285058432764568,0.0,0.9999999987499999,0.6812532619454033,0.28087306752710317,0.2562810036396558,0.355662835364219,neutral,01,14,14,female,normal,1561
30,1.0010000000000001,True,1.0,0.7287949019219588,0.7560204995888661,0.7424077007554124,0.6908449148592408,-0.06925925925925924,-0.06162037037037038,0.41540895670480865,0.19547811329657802,0.1750156940507407,1.0746372807950355,0.027225597666907242,0.007638888888888862,0.025243739923480946,0.3521835597474162,0.10579467247402478,0.11403286357307764,0.0,0.9999999987499999,0.685095338846476,0.282329765975154,0.26350312973574214,0.3617407889654211,neutral,01,14,14,female,normal,1561
40,1.3346666666666667,True,1.0,0.6554443468668719,0.6815791243241192,0.6685117355954955,0.637218430988685,-0.06685185185185183,-0.058425925925925826,0.3989025125795185,0.24388395455933937,0.1778743110935235,1.0491092270483402,0.026134777457247238,0.008425925925926003,0.023261330676564804,0.39981390255882565,0.10922910345702821,0.1127929830594025,0.0,0.9999999987499999,0.6740948039215686,0.2806006944694725,0.26876831176063504,0.35985956723332063,neutral,01,14,14,female,normal,1561
50,1.6683333333333334,True,1.0,0.7548479880748936,0.7701261300487078,0.7624870590618007,0.604229095115342,-0.06624999999999998,-0.05912037037037032,0.383228569940102,0.17551289052398664,0.18058259679984479,1.2619171523282053,0.015278141973814163,0.007129629629629652,0.02156315585539768,0.3948845284225436,0.10857630393692248,0.11308506708585275,0.0,0.9999999987499999,0.6814673076261755,0.28000797787919696,0.26455601160477304,0.3580302023330122,neutral,01,14,14,female,normal,1561
60,2.0020000000000002,True,1.0,0.7101774107621222,0.7353922130701926,0.7227848119161574,0.7194126928847239,-0.06754629629629622,-0.060787037037037084,0.3755050601359489,0.26603122639160864,0.17918199577107896,1.004687322123706,0.025214802308070494,0.006759259259259132,0.021820930569397372,0.3508366563569097,0.10785810218097355,0.11410470570165371,0.0,0.9999999987499999,0.6808199994841686,0.2785607052100947,0.2701191038664275,0.3639345951048778,neutral,01,14,14,female,normal,1561
70,2.3356666666666666,True,1.0,0.7293665049288159,0.7852753188702728,0.7573209118995443,0.49232119864451346,-0.06703703703703706,-0.0598611111111112,0.3830471542109439,0.22494494695092143,0.17919391750124905,1.5382659003606651,0.05590881394145686,0.007175925925925863,0.029466384638488854,0.4852666768475541,0.11004952525460161,0.11199266074559931,0.0,0.9999999987499999,0.686488186126013,0.2760424473092498,0.2649273666553407,0.36173993917503094,neutral,01,14,14,female,normal,1561
80,2.6693333333333333,True,1.0,0.7070118894123822,0.7532956685499057,0.730153778981144,0.44310062792666627,-0.06550925925925932,-0.05870370370370381,0.37610163998744456,0.1999783198522566,0.17989546661676634,1.6478283553730042,0.04628377913752346,0.006805555555555509,0.026882513400473252,0.5658152979268297,0.10968567160275526,0.11285663187072174,0.0,0.9999999987499999,0.6814983277295292,0.2780492445426468,0.26532851988019296,0.36069508988309384,neutral,01,14,14,female,normal,1561
90,3.003,True,1.0,0.7170520250588449,0.7532956685499069,0.7351738468043759,0.42486626228977104,-0.06458333333333338,-0.058611111111111114,0.3800398856625679,0.19105552930564731,0.17990352436566084,1.730365322118625,0.036243643491062016,0.005972222222222268,0.029250019384619148,0.6032683185246057,0.10810543465807605,0.11353528602042978,0.0,0.9999999987499999,0.6802219163993722,0.280601533340101,0.2632977402569708,0.3606428371499079,neutral,01,14,14,female,normal,1561
0,0.0,True,1.0,0.8012633851855246,0.810705417439315,0.8059844013124198,0.4285363665577082,-0.06527777777777782,-0.05921296296296297,0.36631832734849495,0.21422788799440445,0.17570139218256636,1.8807841392473352,0.009442032253790367,0.006064814814814856,0.012824184746738018,0.6021677797749511,0.11004427901891425,0.11131529515220435,0.0,0.9999999987499999,0.6805276083089485,0.27890687176582724,0.26502500842598614,0.360779987006531,neutral,01,14,14,female,normal,1562
10,0.33366666666666667,True,1.0,0.7709965983929629,0.7850176012608586,0.7780070998269107,0.43497824483764647,-0.06398148148148158,-0.058796296296296235,0.375901210742964,0.23919599218501958,0.17569835258094374,1.7886115203699398,0.01402100286789576,0.005185185185185348,0.008546508113312416,0.5633877644606694,0.10870934536343344,0.11159969903591496,0.0,0.9999999987499999,0.6779097272893533,0.28056554791956123,0.26219805226686926,0.35744326502436596,neutral,01,14,14,female,normal,1562
20,0.6673333333333333,True,1.0,0.43723421212181174,0.42042516958951937,0.4288296908556656,0.6951422498864003,-0.07740740740740742,-0.06893518518518527,0.39830132510194477,0.23169999081261114,0.17570139218256625,0.6168948742875932,0.016809042532292373,0.008472222222222159,0.01175134153440398,0.35509154525422254,0.10636023503972622,0.11350553775550458,0.0,0.9999999987499999,0.6778704825367646,0.28257929588800995,0.26150783701428343,0.3551684372654692,neutral,01,14,14,female,normal,1562
30,1.0010000000000001,True,1.0,0.7109941845212947,0.7232674556462129,0.7171308200837538,0.7074042552293855,-0.06791666666666668,-0.06074074074074082,0.3950882714954622,0.2633986126713385,0.17574697989839705,1.013749655564645,0.012273271124918161,0.007175925925925863,0.022154838357502007,0.35761385073723606,0.10859577009191689,0.11239034256796773,0.0,0.9999999987499999,0.6782947313144008,0.28321337631353044,0.2694386786980086,0.3579187096738259,neutral,01,14,14,female,normal,1562
40,1.3346666666666667,True,1.0,0.29218722042698797,0.2983094689372732,0.29524834468213057,0.7044321349005479,-0.08810185185185188,-0.07967592592592587,0.39348305446304016,0.2760967976749053,0.1786106732015217,0.41912957977678555,0.006122248510285255,0.008425925925926003,0.02956826406628868,0.35060028204256594,0.10756958504399299,0.11286763448939413,0.0,0.9999999987499999,0.681358314271021,0.2799743275028809,0.26655337860136336,0.35600762103999845,neutral,01,14,14,female,normal,1562
50,1.6683333333333334,True,1.0,0.6943407085409908,0.6917769875204887,0.6930588480307398,0.7767958897669412,-0.06870370370370366,-0.059629629629629644,0.4058356885869574,0.26781027775724503,0.17363923383335503,0.8922020020454476,0.0025637210205021743,0.009074074074074012,0.03079699803842306,0.3218348645935886,0.10769313097509955,0.1139264487071002,0.0,0.9999999987499999,0.6802040789049996,0.2809269479484205,0.27338504853622025,0.37046505662185975,neutral,01,14,14,female,normal,1562
60,2.0020000000000002,True,1.0,0.6752056245944141,0.7205136735718733,0.6978596490831437,0.629534418073963,-0.06759259259259259,-0.06013888888888885,0.40263881949873376,0.26781027775724514,0.1750627677613089,1.1085329555423182,0.045308048977459214,0.00745370370370374,0.025778039905132024,0.3999569634058453,0.108972477001224,0.11304093650327074,0.0,0.9999999987499999,0.6832102133353342,0.2781488047717565,0.2733966933777879,0.36796565458442393,neutral,01,14,14,female,normal,1562
70,2.3356666666666666,True,1.0,0.7124393115131231,0.7370871502864186,0.7247632308997709,0.6818329513825749,-0.0662962962962963,-0.0593981481481482,0.38698755040737176,0.25040325934326374,0.17918753095872791,1.0629630460513015,0.02464783877329546,0.006898148148148098,0.021761760251031468,0.3678164657628313,0.10935086215276331,0.1136849449170567,0.0,0.9999999987499999,0.6849333926148584,0.2754038365948717,0.27637521724467984,0.3692905508059638,neutral,01,14,14,female,normal,1562
80,2.6693333333333333,True,1.0,0.730158269070481,0.7967474393794488,0.7634528542249649,0.5157047348143542,-0.06777777777777783,-0.06143518518518515,0.38468175925999354,0.22987020414185474,0.17920115530761813,1.480406912493825,0.06658917030896783,0.006342592592592677,0.02526252232538695,0.48925417500973944,0.1097992314442846,0.1132519603748511,0.0,0.9999999987499999,0.6831804665381777,0.2751899737180981,0.2686410361608928,0.36297321306687763,neutral,01,14,14,female,normal,1562
90,3.003,True,1.0,0.698302918712431,0.753486627730642,0.7258947732215365,0.47648204490269125,-0.06791666666666657,-0.061203703703703705,0.3826695177181747,0.2169527026866269,0.17850684503424205,1.5234462263311122,0.055183709018211013,0.006712962962962865,0.024196506842907695,0.5320148422350488,0.11162098439297516,0.11094287609256175,0.0,0.9999999987499999,0.6817342838697978,0.27586922004108594,0.27240561923990697,0.36901729244888354,neutral,01,14,14,female,normal,1562
100,3.336666666666667,True,1.0,0.7084420408090609,0.7380893902874367,0.7232657155482488,0.43491589346723786,-0.06560185185185186,-0.05907407407407406,0.384334224438002,0.21030473546861367,0.1806066769993317,1.6630013444259937,0.029647349478375773,0.006527777777777799,0.0243576131620346,0.6018597196929221,0.11078574080785503,0.11143553136706275,0.0,0.9999999987499999,0.6815132462359944,0.27586507342589867,0.27135066554047815,0.3678813800636595,neutral,01,14,14,female,normal,1562
0,0.0,True,1.0,0.7467829311005723,0.7816298439869198,0.764206387543746,0.5808924158127601,-0.06745370370370374,-0.06166666666666665,0.37406446289169104,0.29033140226734433,0.1736128689147122,1.3155730161746058,0.03484691288634756,0.0057870370370370905,0.010191325259756068,0.4224480430992367,0.10826636872865013,0.1121994293376948,0.0,0.9999999987499999,0.67890463944953,0.2819879015486927,0.25902856031418137,0.35734768554586893,neutral,01,14,14,female,normal,1563
10,0.33366666666666667,True,1.0,0.7446173719141226,0.768108294828435,0.7563628333712789,0.5663817307506808,-0.0690277777777778,-0.06231481481481488,0.37600747106243604,0.2758148321539773,0.17293828499713912,1.3354294326704317,0.02349092291431243,0.006712962962962921,0.013367791439189394,0.44985955667730093,0.10806852184590861,0.11272852798972673,0.0,0.9999999987499999,0.67893182376857,0.2805313508720628,0.258803572877595,0.356499917171802,neutral,01,14,14,female,normal,1563
20,0.6673333333333333,True,1.0,0.7784535557454294,0.7805316791948397,0.7794926174701345,0.6104038251245097,-0.06847222222222221,-0.06152777777777774,0.3757001645102118,0.29793520035839227,0.17293254978509276,1.2770113577042774,0.002078123449410274,0.006944444444444475,0.014929603434937976,0.415860721393,0.10886503912903496,0.1121295395497318,0.0,0.9999999987499999,0.6795536796359168,0.28144499694264863,0.2598536685545873,0.35811682601270994,neutral,01,14,14,female,normal,1563
30,1.0010000000000001,True,1.0,0.4970457089967813,0.44423581261757505,0.4706407608071782,0.8720054644635873,-0.07370370370370366,-0.065925925925926,0.3760198028651596,0.35606889798929786,0.17571572102484903,0.5397222609111654,0.052809896379206245,0.007777777777777661,0.01042209818642826,0.30982360853036606,0.10717685306766714,0.11340875034819119,0.0,0.9999999987499999,0.6781694855911116,0.28247891573688494,0.2662347635250897,0.36171356618242173,neutral,01,14,14,female,normal,1563
40,1.3346666666666667,True,1.0,0.634883674028115,0.6779661016949148,0.6564248878615149,0.789590213977526,-0.06861111111111107,-0.062268518518518445,0.397011937126812,0.33351811287009386,0.1770988427644487,0.8313488139053843,0.043082427666799816,0.006342592592592622,0.020163817812018266,0.33017629939789284,0.10642260135607205,0.11445025253117323,0.0,0.9999999987499999,0.6815406957157862,0.28036515051559835,0.26865826011364274,0.3644513076708267,neutral,01,14,14,female,normal,1563
50,1.6683333333333334,True,1.0,0.6477516348900634,0.637148624168253,0.6424501295291583,0.6885321254014065,-0.06939814814814815,-0.062361111111111145,0.40950209734753495,0.21842542804120182,0.17431255865192516,0.9330721194085418,0.010603010721810358,0.007037037037037008,0.017783524694771347,0.36820472333563803,0.10999097747863211,0.1118800026615039,0.0,0.9999999987499999,0.6836600333883553,0.2797471643448545,0.2715705512002779,0.3687339715309565,neutral,01,14,14,female,normal,1563
60,2.0020000000000002,True,1.0,0.6907030288549845,0.7229393420373312,0.7068211854461579,0.6952690668074243,-0.06990740740740736,-0.06273148148148155,0.3977390998133463,0.2862176357096961,0.17778850629011578,1.016615320873945,0.032236313182346765,0.007175925925925808,0.01752598998260454,0.3659880893082535,0.10858223729685008,0.11291076109399306,0.0,0.9999999987499999,0.6838229856551996,0.2797067139283769,0.26857516868503756,0.3624609116302292,neutral,01,14,14,female,normal,1563
70,2.3356666666666666,True,1.0,0.7446173719141226,0.755407908175145,0.7500126400446339,0.6452587506523845,-0.06847222222222221,-0.061481481481481526,0.35815646896894393,0.24007573896236065,0.18195953953629374,1.162344004302675,0.010790536261022443,0.006990740740740686,0.01606546541269925,0.3691887923082925,0.10837594610457227,0.11411494300842101,0.0,0.9999999987499999,0.6841615674082133,0.2769794573876118,0.27031810698949593,0.36330896067619184,neutral,01,14,14,female,normal,1563
80,2.6693333333333333,True,1.0,0.7297643144068217,0.7557394273784102,0.742751870892616,0.39765960907208114,-0.06777777777777766,-0.06199074074074068,0.3752131197157587,0.21298895878880253,0.17847606953301587,1.8678081805335733,0.0259751129715885,0.0057870370370369795,0.016385816958379255,0.6226422270286525,0.11015823033254574,0.11205588921262677,0.0,0.9999999987499999,0.683844019170168,0.2757737697361696,0.26926912419644505,0.3647915829889829,neutral,01,14,14,female,normal,1563
90,3.003,True,1.0,0.7303947876408877,0.753486627730642,0.7419407076857649,0.41478445713719003,-0.06777777777777766,-0.06037037037037035,0.37437068462460166,0.22165344888523042,0.17712641173327864,1.7887379696109682,0.02309184008975429,0.007407407407407307,0.018857687491536868,0.5828077442193714,0.11059919135872753,0.11247087011991035,0.0,0.9999999987499999,0.6846645788784262,0.27557289293299303,0.2703166965989017,0.3654067905478977,neutral,01,14,14,female,normal,1563
100,3.336666666666667,True,1.0,0.7124831560126638,0.7257987819990125,0.7191409690058381,0.4049585676508614,-0.06814814814814807,-0.06101851851851853,0.38686590262573806,0.21644337236511613,0.17710444305856665,1.7758383855847986,0.013315625986348723,0.007129629629629541,0.019281218760926935,0.6216467716317233,0.10885365274878737,0.11332360875046883,0.0,0.9999999987499999,0.6855191215392408,0.27611542377381054,0.26648269408449304,0.36370037846433,neutral,01,14,14,female,normal,1563
0,0.0,True,1.0,0.6882930759773424,0.6642560122789496,0.6762745441281459,0.4909673833372145,-0.0696296296296296,-0.06074074074074082,0.3908524409878724,0.2175448416997798,0.17259438068250113,1.3774327319492334,0.024037063698392758,0.00888888888888878,0.040479903889616156,0.5053569964604213,0.10757601743374663,0.1131986170833371,0.0,0.9999999987499999,0.676503218936012,0.28232731624234514,0.2574912163633288,0.35176901513560943,calm,02,14,14,female,normal,1564
10,0.33366666666666667,True,1.0,0.6433015452157808,0.6733051751033402,0.6583033601595605,0.4800962852121187,-0.0694907407407408,-0.06189814814814815,0.39928010703458466,0.19943242523287147,0.17603456113755608,1.3711902808594016,0.030003629887559446,0.007592592592592651,0.04416446833782147,0.49544587024788456,0.10874158904661409,0.11156828136140852,0.0,0.9999999987499999,0.6796196295315002,0.281717246380606,0.26414471013083546,0.35619208949144615,calm,02,14,14,female,normal,1564
20,0.6673333333333333,True,1.0,0.27464915363222425,0.2736627700163634,0.2741559618242938,0.41279947067166683,-0.08527777777777784,-0.07208333333333333,0.4227215727714985,0.12444162994459201,0.1767777396196118,0.6641383560357141,0.0009863836158608419,0.013194444444444509,0.044066364216058605,0.5795258365622431,0.10780524872032546,0.11281157226829289,0.0,0.9999999987499999,0.6760174025547718,0.2830716569081449,0.2620375589391465,0.3504249593708902,calm,02,14,14,female,normal,1564
30,1.0010000000000001,True,1.0,0.5137644541240858,0.5518588921901162,0.532811673157101,0.6906359177496291,-0.06916666666666665,-0.055416666666666725,0.4353251671128065,0.2077571556042042,0.1702749387398276,0.7714798194875482,0.03809443806603041,0.013749999999999929,0.07959133202556225,0.3591777960123104,0.10702113923561796,0.11439151185003965,0.0,0.9999999987499999,0.6773950499496674,0.2813006229220993,0.27875766280387915,0.37633933617430504,calm,02,14,14,female,normal,1564
40,1.3346666666666667,True,1.0,0.4757904238613466,0.46986589444425325,0.47282815915279996,0.5900555556140499,-0.06851851851851848,-0.0555092592592592,0.4188944629216058,0.21335905021253962,0.1692718349329341,0.8013282048683441,0.0059245294170933716,0.013009259259259276,0.09950813409294151,0.44728071445508716,0.10951587650752023,0.11183519603559662,0.0,0.9999999987499999,0.6781062877338436,0.278709420823458,0.29054548800881397,0.39515970697087954,calm,02,14,14,female,normal,1564
50,1.6683333333333334,True,1.0,0.4611149520646873,0.4903987679038987,0.47575685998429296,0.8216290346702867,-0.06898148148148148,-0.0531018518518519,0.4337874033848187,0.2932935480162362,0.16642780282670014,0.5790409538961954,0.029283815839211413,0.015879629629629577,0.10734909472988849,0.32687818942371805,0.10901348789989249,0.11484100725856262,0.0,0.9999999987499999,0.6725651178909064,0.27999437935047383,0.2913736637437861,0.39045064571338955,calm,02,14,14,female,normal,1564
60,2.0020000000000002,True,1.0,0.23254619438256527,0.2269634209769056,0.22975480767973544,0.7253727207553677,-0.08083333333333337,-0.06361111111111112,0.4309212162931159,0.2605097046534542,0.1681633329575986,0.3167403475560537,0.005582773405659658,0.01722222222222225,0.11164648310259995,0.3757489866325847,0.10566474475486508,0.11415326721005536,0.0,0.9999999987499999,0.6773858209377502,0.2772505648718053,0.2827219813257256,0.3916482401873457,calm,02,14,14,female,normal,1564
70,2.3356666666666666,True,1.0,0.4085949857631765,0.40614005316657725,0.40736751946487687,0.5031198745152837,-0.06912037037037033,-0.051712962962962905,0.42899835720269086,0.13443110557929605,0.1615479375391944,0.8096828213302909,0.0024549325965992352,0.017407407407407427,0.14551904170108318,0.5149069956598703,0.10957675611165638,0.110403538074601,0.0,0.9999999987499999,0.6769095383622199,0.2750949481519728,0.28146770422297307,0.3777125758332343,calm,02,14,14,female,normal,1564
80,2.6693333333333333,True,1.0,0.44321798166705895,0.4616174972505554,0.45241773945880714,0.6111207325968989,-0.06805555555555559,-0.052037037037037104,0.44682202277326577,0.163288392859812,0.16514286408284362,0.7403082816979574,0.01839951558349645,0.016018518518518488,0.14861925943473753,0.43852640064817566,0.10785190818482232,0.11191902721185688,0.0,0.9999999987499999,0.6812086608237045,0.27310678345252287,0.29387726136369396,0.4059182334910729,calm,02,14,14,female,normal,1564
90,3.003,True,1.0,0.19348407262017756,0.16461598714834288,0.17905002988426022,0.3930191262310139,-0.0847222222222222,-0.06412037037037038,0.42511107962572053,0.12740375263939963,0.16578470345974194,0.4555758687912197,0.02886808547183467,0.020601851851851816,0.15196884852556866,0.6499234735317984,0.108256629530066,0.11322298525202425,0.0,0.9999999987499999,0.6777509287308674,0.2749578673970759,0.27391359116194924,0.37028792215307277,calm,02,14,14,female,normal,1564
100,3.336666666666667,True,1.0,0.46863516918063614,0.5089650605932738,0.48880011488695496,0.40152956818401925,-0.06754629629629627,-0.049120370370370425,0.4205535136426865,0.10752558922459857,0.16704278397680933,1.2173452557868416,0.04032989141263771,0.018425925925925846,0.15769132166342514,0.609808706390555,0.11016796358875454,0.11016003991016093,0.0,0.9999999987499999,0.6768550678943452,0.27371088739790606,0.2800374471736578,0.3708729935333182,calm,02,14,14,female,normal,1564
110,3.6703333333333332,True,1.0,0.4907905384615481,0.551379377832814,0.521084958147181,0.4085303615714484,-0.06717592592592597,-0.05097222222222236,0.420667739236715,0.08675120661356604,0.1675910745126166,1.2755109709417467,0.06058883937126591,0.01620370370370361,0.1639690376498176,0.5993232338485095,0.11018846863564419,0.1092712049735914,0.0,0.9999999987499999,0.685696450392657,0.27157648130940737,0.2820422469543895,0.3877177713217995,calm,02,14,14,female,normal,1564
0,0.0,True,1.0,0.6427933072978711,0.6817589955230218,0.6622761514104465,0.513882592017827,-0.06041666666666662,-0.053194444444444544,0.42099076127695667,0.11847743404262477,0.17365505086318983,1.2887693837028664,0.038965688225150674,0.0072222222222220744,0.026097687177441608,0.47551660925777295,0.1065913627554833,0.11227495000871515,0.0,0.9999999987499999,0.682115845783626,0.2820118868339277,0.2616677079528874,0.36408435196058364,calm,02,14,14,female,normal,1565
10,0.33366666666666667,True,1.0,0.5750015324801651,0.5823754789272018,0.5786885057036835,0.5648337333583546,-0.06532407407407403,-0.0557407407407407,0.41263731638096446,0.1410945935215306,0.1736743808323051,1.0245289392737789,0.0073739464470367055,0.009583333333333333,0.03110422937262573,0.4308611829469521,0.1175232319556437,0.10807326620180693,0.0,0.9999999987499999,0.6246016485813075,0.2714468240980812,0.279298127542386,0.34251765009943363,calm,02,14,14,female,normal,1565
20,0.6673333333333333,True,1.0,0.6685149586766168,0.6740129570749404,0.6712639578757786,0.5993088364022389,-0.06398148148148136,-0.054120370370370374,0.4163350722275662,0.15304912777416296,0.17435850949207057,1.1200635083331987,0.005497998398323545,0.009861111111110987,0.03147600618349749,0.4021788790164026,0.11648744256669323,0.1088393713032845,0.0,0.9999999987499999,0.6232542710990646,0.27034506253965246,0.2785570578853842,0.3406016565050089,calm,02,14,14,female,normal,1565
30,1.0010000000000001,True,1.0,0.5918930724572726,0.5923045778283255,0.592098825142799,0.715294980361081,-0.06129629629629629,-0.051990740740740726,0.45887203363574935,0.13694783174458688,0.17720780130918357,0.827768740728346,0.0004115053710528338,0.009305555555555567,0.04254653391627137,0.36862320793396514,0.11736493733682819,0.1082451495484353,0.0,0.9999999987499999,0.619919989691189,0.27111782017425984,0.3026473747497733,0.36634702484484877,calm,02,14,14,female,normal,1565
40,1.3346666666666667,True,1.0,0.572239173507654,0.5927820026633391,0.5825105880854966,0.6564942908948174,-0.06277777777777777,-0.05296296296296299,0.3985696362472866,0.21401323656764423,0.1765618171624511,0.8873048801254932,0.02054282915568517,0.009814814814814776,0.057476392339655506,0.4027614307461614,0.10641694776932367,0.11090482727823071,0.0,0.9999999987499999,0.6767566023284314,0.28242664497439773,0.273979607942552,0.3632859003285649,calm,02,14,14,female,normal,1565
50,1.6683333333333334,True,1.0,0.48671911300650095,0.5200526994027321,0.5033859062046165,0.8699058058842414,-0.064537037037037,-0.0526388888888889,0.39568968521726994,0.32666666666666666,0.17161493459470595,0.5786671416601653,0.033333586396231185,0.011898148148148102,0.08171652511730199,0.29900725897462677,0.1051161296759775,0.11213851598742754,0.0,0.9999999987499999,0.6783556763486644,0.27975887122651616,0.28023700870532875,0.3886456056538821,calm,02,14,14,female,normal,1565
60,2.0020000000000002,True,1.0,0.5790657310246603,0.6015214955430069,0.5902936132838337,0.7236226023303726,-0.06810185185185186,-0.05458333333333337,0.4056332898479199,0.26382171417278416,0.17605926338780814,0.8157478931460089,0.022455764518346633,0.013518518518518485,0.07766326226726977,0.3905172413875398,0.10766869388661758,0.11175485319834962,0.0,0.9999999987499999,0.6762907524806797,0.281356127633954,0.27826709782032644,0.3732823842207024,calm,02,14,14,female,normal,1565
70,2.3356666666666666,True,1.0,0.5267523945116303,0.5587053650992133,0.5427288798054217,0.5709803640066863,-0.0658333333333333,-0.053888888888888875,0.3847043143107428,0.1824849651343866,0.17411837784334266,0.9505210932246109,0.03195297058758306,0.011944444444444424,0.08264368961171985,0.4696573873691735,0.10968136245447248,0.11029961663396512,0.0,0.9999999987499999,0.6739054732283538,0.2793157041866099,0.27460716080836195,0.3623775480810977,calm,02,14,14,female,normal,1565
80,2.6693333333333333,True,1.0,0.238087319080037,0.24639052940519152,0.24223892424261426,0.5618680849212561,-0.08166666666666672,-0.06657407407407406,0.4134230184522209,0.14867447207969078,0.17670392382661576,0.43113131132294735,0.00830321032515452,0.015092592592592657,0.09417376187919797,0.4538345645340512,0.10813321100952766,0.11181777754859701,0.0,0.9999999987499999,0.6752277987132353,0.276876335662642,0.26956993418690534,0.36676354836666575,calm,02,14,14,female,normal,1565
90,3.003,True,1.0,0.5826094984734342,0.6169379849041847,0.5997737416888095,0.5206446607987592,-0.06384259259259262,-0.05268518518518517,0.4013207183487182,0.1291310589506251,0.17943261096045238,1.15198289130374,0.03432848643075048,0.01115740740740745,0.09304920408186292,0.4499156163565015,0.10971234174322149,0.10922721768617205,0.0,0.9999999987499999,0.6735842320912742,0.27924025281576903,0.2710571041383696,0.36350285120480597,calm,02,14,14,female,normal,1565
100,3.336666666666667,True,1.0,0.5956530700338385,0.6558335680661892,0.6257433190500139,0.5372337820372627,-0.0625,-0.05212962962962958,0.399596758941185,0.10403602546011426,0.18079878115456233,1.1647505052216023,0.060180498032350704,0.010370370370370419,0.09480094126448493,0.48519558376736666,0.10799791757601206,0.10919154426009853,0.0,0.9999999987499999,0.6782260749221564,0.27966074416381587,0.2733945431459138,0.3619095757949636,calm,02,14,14,female,normal,1565
0,0.0,True,1.0,0.7341901185790869,0.7100610823276409,0.7221256004533638,0.3979749273606153,-0.06449074074074079,-0.059537037037037055,0.411845190422635,0.16582288640025594,0.17161493459470595,1.814500238099239,0.024129036251446023,0.004953703703703738,0.0014499014943061747,0.5999999999999998,0.10757243550778077,0.11235736654822777,0.0,0.9999999987499999,0.6867599098311199,0.2812392943834834,0.2589674977030563,0.3560039114416011,calm,02,14,14,female,normal,1566
10,0.33366666666666667,True,1.0,0.7479559322130317,0.7669701383379325,0.7574630352754821,0.3841610773653171,-0.06532407407407409,-0.05560185185185179,0.4040037520081902,0.15208247679707682,0.1738434263795304,1.9717329003510011,0.01901420612490079,0.009722222222222299,0.028871388837283192,0.5900223506463451,0.1078478084636987,0.11293970358632265,0.0,0.9999999987499999,0.6824204981133078,0.2843304282846517,0.2576355349434045,0.3560726899169281,calm,02,14,14,female,normal,1566
20,0.6673333333333333,True,1.0,0.4911857939290323,0.5034902876986537,0.497338040813843,0.46458847623796046,-0.06861111111111107,-0.05805555555555547,0.4011522882882474,0.11871671604792754,0.17675227449589562,1.0704915559702957,0.012304493769621394,0.010555555555555596,0.06968806134351495,0.5690983413304929,0.10858579578375288,0.11223034968653621,0.0,0.9999999987499999,0.6858580928699605,0.28036330791223074,0.2663885065571972,0.3638132229143809,calm,02,14,14,female,normal,1566
30,1.0010000000000001,True,1.0,0.5505181580411553,0.5650990752584708,0.5578086166498131,0.7250858441093723,-0.06731481481481472,-0.055833333333333346,0.4044739356886482,0.23833795176830747,0.17168827210353751,0.7693001058860459,0.01458091721731547,0.01148148148148137,0.09623410034152953,0.3246032404135718,0.10130801904366198,0.10932194063314551,0.0,0.9999999987499999,0.6861892698563802,0.27986938998981836,0.26141830504625607,0.3678125339733203,calm,02,14,14,female,normal,1566
40,1.3346666666666667,True,1.0,0.42975787827162554,0.42137668353421515,0.42556728090292034,0.6102645758140745,-0.0752314814814814,-0.06069444444444444,0.40343868859126547,0.22697121532602457,0.1633261002995617,0.6973488184779962,0.008381194737410391,0.01453703703703696,0.10396110088261651,0.38587527647841063,0.10748361556246497,0.11412413662191262,0.0,0.9999999987499999,0.6773987691013905,0.2813859937766754,0.26443863449496524,0.36032498675334945,calm,02,14,14,female,normal,1566
50,1.6683333333333334,True,1.0,0.45187668269102854,0.47321892031736634,0.46254780150419744,0.5221901024205401,-0.07310185185185186,-0.05675925925925929,0.4336692413860947,0.15152266279045998,0.16515021579497474,0.8857843137204651,0.0213422376263378,0.016342592592592575,0.12352480946643941,0.47085329187383723,0.10745381749271321,0.10885541285201497,0.0,0.9999999987499999,0.6778902307485495,0.2788922031504792,0.2739118908444063,0.38052032727801577,calm,02,14,14,female,normal,1566
60,2.0020000000000002,True,1.0,0.46298014173838203,0.4597934405957911,0.4613867911670866,0.5078434306008179,-0.07037037037037036,-0.05273148148148149,0.3949905059327101,0.26548489700847355,0.16495796555860695,0.908521728087002,0.003186701142590953,0.01763888888888887,0.1472686471718745,0.5034791623544793,0.10873685079014819,0.11191389444349319,0.0,0.9999999987499999,0.6830516731536365,0.2754216453223802,0.2806898785737737,0.3813450197841354,calm,02,14,14,female,normal,1566
70,2.3356666666666666,True,1.0,0.42127345903137536,0.4339063005814793,0.4275898798064273,0.5856972581760183,-0.06865740740740733,-0.05407407407407405,0.3791221761807547,0.19096831901439823,0.16574979284198363,0.7300527257683094,0.012632841550103913,0.014583333333333282,0.16454155260958378,0.4276683845400085,0.10632741972251379,0.10943487457624557,0.0,0.9999999987499999,0.6832356895570729,0.2729271413784894,0.27215273230159404,0.38692353543029856,calm,02,14,14,female,normal,1566
80,2.6693333333333333,True,1.0,0.4685614228256312,0.538505960274676,0.5035336915501536,0.3733588052331429,-0.06731481481481488,-0.05282407407407408,0.39447782644861296,0.12361848303067105,0.17213561912529413,1.3486589427982643,0.06994453744904483,0.014490740740740804,0.1578742154990535,0.6655541324161075,0.10797365333945445,0.10692372237053062,0.0,0.9783865598113357,0.6769257579906963,0.2780179461044655,0.2742389248135118,0.3786593177131487,calm,02,14,14,female,normal,1566
90,3.003,True,1.0,0.5289983733806655,0.5885037316798972,0.5587510525302813,0.37544025371953554,-0.06842592592592595,-0.05402777777777773,0.4009438149089175,0.12649626962515553,0.1699641472624415,1.4882555799349213,0.05950535829923176,0.014398148148148215,0.16179139417145286,0.6313320766845106,0.10959985495849278,0.10776047178485243,0.0,0.9999999987499999,0.6763468078246925,0.2759479063592113,0.27672615757616337,0.38302662729328546,calm,02,14,14,female,normal,1566
100,3.336666666666667,True,1.0,0.4866023977995761,0.5452179977894994,0.5159101977945377,0.33968553619608,-0.0675,-0.05472222222222228,0.39554785044606366,0.07708442309916276,0.1754458605952275,1.5187876515788232,0.05861559998992333,0.012777777777777721,0.18600264584931628,0.6912798012651201,0.1096373287055456,0.10789906203588583,0.0,0.9999999987499999,0.6765096007621798,0.27122147546259756,0.2658709713187962,0.37538855647407315,calm,02,14,14,female,normal,1566
0,0.0,True,1.0,0.5622526009589858,0.6013642149332453,0.5818084079461155,0.4787643528367822,-0.06814814814814812,-0.05189814814814814,0.3760463526397068,0.2208606494015101,0.16132108955641056,1.2152291717183517,0.03911161397425955,0.016249999999999987,0.1465781133185245,0.5055608753604721,0.10814337721997905,0.11333116160217548,0.0,0.9999999987499999,0.6829718505136431,0.27597335089305686,0.2676688809944551,0.36816551773061096,calm,02,14,14,female,normal,1567
10,0.33366666666666667,True,1.0,0.5180039398012017,0.5592845344571008,0.5386442371291513,0.4661053101872919,-0.06953703703703712,-0.05217592592592596,0.3937619005984836,0.18423205746294496,0.1641261967123641,1.1556277634183392,0.04128059465589906,0.01736111111111116,0.15047214784995158,0.5062206441149913,0.10973241876574022,0.11024882299206913,0.0,0.9999999987499999,0.6829276203293817,0.27744392236190407,0.27503564931950275,0.37262834684828433,calm,02,14,14,female,normal,1567
20,0.6673333333333333,True,1.0,0.18542275522884294,0.16827075210345532,0.17684675366614913,0.4990053735213266,-0.08625,-0.0683333333333333,0.46054852840124183,0.12745059757543367,0.16267505284587308,0.3543984955877254,0.017152003125387616,0.017916666666666692,0.13365243707471133,0.5021414754343946,0.10755696969496063,0.11287965632190977,0.0,0.9999999987499999,0.6861769368606818,0.2755802531785007,0.2880463154385848,0.3923930955686181,calm,02,14,14,female,normal,1567
30,1.0010000000000001,True,1.0,0.358899045278767,0.3723116029610999,0.3656053241199334,0.801236865111237,-0.08055555555555549,-0.06398148148148147,0.3777016225695178,0.3568551987665967,0.15605697954336273,0.45630117639329515,0.013412557682332904,0.01657407407407402,0.13605784199192378,0.30988238184879957,0.1067717370331434,0.11261212646703221,0.0,0.9999999987499999,0.6796006515496824,0.27681046876258303,0.2775510208506693,0.3854492754112216,calm,02,14,14,female,normal,1567
40,1.3346666666666667,True,1.0,0.4347454033080995,0.444584009804546,0.4396647065563227,0.6209128242604712,-0.07268518518518513,-0.058009259259259205,0.41227116867934277,0.2576078170846983,0.16957451946998708,0.7080940985233776,0.009838606496446467,0.014675925925925926,0.14577551898851018,0.38870433480406186,0.10265187592269716,0.10806106512686997,0.0,0.9999999987499999,0.6880791985231592,0.27467455537824115,0.26652967280402207,0.37922897764026814,calm,02,14,14,female,normal,1567
50,1.6683333333333334,True,1.0,0.4034475300780307,0.3908941364532004,0.39717083326561553,0.6226890888219927,-0.0712962962962963,-0.055046296296296315,0.45026900839504225,0.18601466258829166,0.16169016757203397,0.6378316890327819,0.012553393624830267,0.016249999999999987,0.1424269759391807,0.39674574230828896,0.10426524906295266,0.10985141905263407,0.0,0.9999999987499999,0.6868534131543242,0.2789074594586135,0.2812261724738098,0.4026371201590171,calm,02,14,14,female,normal,1567
60,2.0020000000000002,True,1.0,0.4627941227053734,0.4888346914393156,0.4758144070723445,0.6035727675629797,-0.07384259259259257,-0.05736111111111125,0.41968728748492656,0.285539591806538,0.15895659266194165,0.7883298131450169,0.026040568733942226,0.01648148148148132,0.14262966068704885,0.4166404493988998,0.10397475225265745,0.1092579863750287,0.0,0.9999999987499999,0.6846849437274911,0.27732750417240964,0.27612298357866194,0.3904113227082313,calm,02,14,14,female,normal,1567
70,2.3356666666666666,True,1.0,0.49552977036836693,0.5222630422533855,0.5088964063108762,0.5753475286747407,-0.07240740740740748,-0.05787037037037046,0.37033783664380526,0.21601238855361535,0.16436489254471157,0.884502637011532,0.02673327188501856,0.014537037037037015,0.1712006886420085,0.43451998581770607,0.10829398762200326,0.10731178991995426,0.0,0.9999999987499999,0.685094040936687,0.2754518722215538,0.27796730070283654,0.3916814203247837,calm,02,14,14,female,normal,1567
80,2.6693333333333333,True,1.0,0.43123359054360955,0.4737214717286683,0.4524775311361389,0.49370888376708466,-0.06962962962962965,-0.05277777777777781,0.3984109585802264,0.15147994333714557,0.1650028224807842,0.9164865085749656,0.04248788118505875,0.01685185185185184,0.1761484185500096,0.4923049603773958,0.10956801434552298,0.10779284632394155,0.0,0.9999999987499999,0.6724943366018281,0.2782562515070366,0.28747012801173716,0.39059182461523345,calm,02,14,14,female,normal,1567
90,3.003,True,1.0,0.4836254641972709,0.5307217111649969,0.5071735876811339,0.4713578487430555,-0.06763888888888886,-0.04921296296296296,0.39068456987909,0.11940870427405784,0.1714899993628967,1.0759841785462707,0.04709624696772596,0.0184259259259259,0.18274718098569212,0.524560062740836,0.11027327609397869,0.10918561918359931,0.0,0.9999999987499999,0.6710551195790817,0.2706986671169402,0.27738090198275256,0.3897233930754995,calm,02,14,14,female,normal,1567
100,3.336666666666667,True,1.0,0.4910003105143194,0.5293162934473219,0.5101583019808207,0.5003698887815446,-0.0687962962962963,-0.05268518518518506,0.39139585739303395,0.14034765173140828,0.1743128180204616,1.0195623546075323,0.03831598293300248,0.016111111111111243,0.16571787586205403,0.4913079249279075,0.11108697353989193,0.1080054224173883,0.0,0.9999999987499999,0.6712106874155911,0.272324420418457,0.27637247847757207,0.38865977857673445,calm,02,14,14,female,normal,1567
0,0.0,True,1.0,0.6977817601712938,0.6682467638507195,0.6830142620110067,0.41657921611843546,-0.06421296296296297,-0.05898148148148147,0.3988526568598265,0.15271886982194258,0.1715282225678134,1.639578345686892,0.029534996320574325,0.005231481481481504,0.004129833450691987,0.5821026962022618,0.10527865790050686,0.11130335074129863,0.0,0.9999999987499999,0.6847850946941275,0.2824515284669595,0.2544724096897474,0.35524438980384315,calm,02,14,14,female,strong,1568
10,0.33366666666666667,True,1.0,0.6571335041532499,0.6501661102241805,0.6536498071887151,0.40726086031609415,-0.06518518518518518,-0.05935185185185177,0.4081498394451454,0.14922409578469925,0.17222222222222217,1.6049904886057231,0.006967393929069421,0.0058333333333334125,0.006492673404211987,0.5621049088364145,0.10462378519845314,0.11293590638679729,0.0,0.9999999987499999,0.6810010803618323,0.283302587077969,0.2515034086469291,0.35196790921821247,calm,02,14,14,female,strong,1568
20,0.6673333333333333,True,1.0,0.3017140504845529,0.2855704215129623,0.2936422359987576,0.477670238979262,-0.07527777777777783,-0.0673611111111111,0.4161427259437613,0.159203980099503,0.17431649776999442,0.6147383948940266,0.016143628971590607,0.007916666666666738,0.001483885825878537,0.5631167177763311,0.10655455843567278,0.11264864395715629,0.0,0.9999999987499999,0.6807987939628977,0.28276814812407025,0.25615859970577126,0.35718116082248713,calm,02,14,14,female,strong,1568
30,1.0010000000000001,True,1.0,0.5195931463782102,0.5325318359287108,0.5260624911534605,0.6745498313959966,-0.06282407407407398,-0.05782407407407397,0.4216740939678442,0.18160956999123004,0.17294490231316767,0.7798719481772932,0.012938689550500593,0.0050000000000000044,0.0036702216151081085,0.3894230769230759,0.10522174465321493,0.11288645479233077,0.0,0.9999999987499999,0.6822666445797069,0.28411877675642455,0.2591283194238924,0.3607466504249386,calm,02,14,14,female,strong,1568
40,1.3346666666666667,True,1.0,0.5452778847424652,0.5472298971988876,0.5462538909706764,0.6274404580710268,-0.062037037037037,-0.05587962962962956,0.42108222562526954,0.20259707049283937,0.17500043596485873,0.8706067387653859,0.0019520124564224028,0.006157407407407445,0.0031845780681729586,0.43356398054605844,0.10648291297792761,0.11372600334915667,0.0,0.9999999987499999,0.6787010174773034,0.2834455302794963,0.26695564546294587,0.36359825290316994,calm,02,14,14,female,strong,1568
50,1.6683333333333334,True,1.0,0.18067872673126256,0.15242747159958792,0.16655309916542524,0.6440489543815359,-0.08597222222222217,-0.0798611111111111,0.3907139988591614,0.18895786561735903,0.17779322663045247,0.2586031667815718,0.028251255131674646,0.006111111111111067,0.0037926048687914635,0.3789627710160581,0.10760429533468356,0.1124963389268566,0.0,0.9999999987499999,0.6808304501957034,0.28273866967622124,0.26280629204163675,0.35550451501151165,calm,02,14,14,female,strong,1568
60,2.0020000000000002,True,1.0,0.5273401780846275,0.5454416260711741,0.5363909020779007,0.6404728276069808,-0.06472222222222218,-0.061064814814814905,0.4121125531042305,0.22214631693083264,0.1715495711333122,0.8374920511179769,0.01810144798654656,0.003657407407407276,0.004437724456666874,0.37927589761383634,0.1071666444481603,0.11274447665698295,0.0,0.9999999987499999,0.6822395437706333,0.2809638701611847,0.26115103836384584,0.36115820335337157,calm,02,14,14,female,strong,1568
70,2.3356666666666666,True,1.0,0.6571335041532482,0.6360235645646871,0.6465785343589676,0.6552103060700241,-0.0658333333333333,-0.06115740740740733,0.42667643069512984,0.23119445445008507,0.17502136100099502,0.9868259524749693,0.02110993958856111,0.004675925925925972,0.009804819767716926,0.3864330618273094,0.10631299222938938,0.1135497881193513,0.0,0.9999999987499999,0.6830349459158663,0.2783099967717049,0.2639089129110718,0.36004629639642327,calm,02,14,14,female,strong,1568
80,2.6693333333333333,True,1.0,0.616816044040152,0.6480790905426603,0.6324475672914062,0.6285803236076822,-0.06430555555555556,-0.0598611111111112,0.39005409273876257,0.1885151952857453,0.1757795353139963,1.006152346070154,0.03126304650250833,0.004444444444444362,0.006121607797628609,0.38737896298314767,0.10795481500093919,0.11249922870662421,0.0,0.9999999987499999,0.6854948409832683,0.2778094376622455,0.2621913007051979,0.3596038590839969,calm,02,14,14,female,strong,1568
90,3.003,True,1.0,0.6923083973215408,0.6606018204482629,0.6764551088849018,0.5015497935140729,-0.06351851851851853,-0.0585648148148149,0.4108990738418384,0.17150767975297082,0.17506276776130902,1.348729712648005,0.031706576873277936,0.004953703703703627,0.01654153702527457,0.5185328223744438,0.10863433546034891,0.11235306646032271,0.0,0.9999999987499999,0.6822459885125924,0.27685935155929137,0.2628961647668243,0.3605220951755582,calm,02,14,14,female,strong,1568
100,3.336666666666667,True,1.0,0.6648783780967193,0.6645961168118797,0.6647372474542995,0.5120378362289807,-0.06444444444444458,-0.06055555555555564,0.4149016421691631,0.1837893386228077,0.17573786330129457,1.2982189994979834,0.00028226128483965773,0.0038888888888889417,0.008601252677778294,0.4766021353942936,0.10703143858863444,0.11304150476559877,0.0,0.9999999987499999,0.682753523401548,0.2777415877859094,0.2595908995584802,0.36123217200511387,calm,02,14,14,female,strong,1568
110,3.6703333333333332,True,1.0,0.2965428119788582,0.33111549947185037,0.3138291557253543,0.48999198611911976,-0.07837962962962963,-0.07236111111111115,0.42029958541360074,0.14822210642374728,0.17920924427469404,0.6404781396752491,0.03457268749299219,0.006018518518518479,0.0048661497804178945,0.5037562828921059,0.10896357250354204,0.11203379066821652,0.0,0.9999999987499999,0.6837874116208984,0.27705050034435486,0.2617828428891757,0.36303578111177587,calm,02,14,14,female,strong,1568
0,0.0,True,1.0,0.6899148735540446,0.7457606652711656,0.717837769412605,0.4862289368407414,-0.06416666666666676,-0.05768518518518517,0.40630706146342443,0.13491545235574717,0.17506276776130897,1.4763369989386796,0.05584579171712101,0.006481481481481588,0.037276218498073076,0.48701581416013207,0.10527019754845345,0.11216388429978337,0.0,0.9999999987499999,0.6818646676248625,0.28298631367353205,0.25559748575235713,0.35466028819482803,calm,02,14,14,female,strong,1569
10,0.33366666666666667,True,1.0,0.7151127591443003,0.7330507191971526,0.7240817391707264,0.47634632211267025,-0.0652314814814815,-0.05726851851851855,0.4007195369999764,0.1495351389943832,0.1757157210248491,1.5200741678015082,0.01793796005285231,0.00796296296296295,0.03352180033103458,0.5008987274892778,0.10397612210480384,0.11302791500365764,0.0,0.9999999987499999,0.6823863917363822,0.2825430947133204,0.25371760920972114,0.35160295792421337,calm,02,14,14,female,strong,1569
20,0.6673333333333333,True,1.0,0.2532960407245706,0.2304193158190067,0.24185767827178867,0.4513437340533313,-0.08439814814814811,-0.07337962962962968,0.4176559258114249,0.1353332276042911,0.17502789956175563,0.5358613846253385,0.022876724905563917,0.011018518518518428,0.037321902376132816,0.5331513182060894,0.10343048928023368,0.11352743027551972,0.0,0.9999999987499999,0.6841908795236844,0.2821292573939167,0.2528688791969539,0.35021301841575925,calm,02,14,14,female,strong,1569
30,1.0010000000000001,True,1.0,0.522567634395921,0.5002010265622163,0.5113843304790686,0.6699660770228613,-0.07083333333333336,-0.06037037037037041,0.4394517214375122,0.1459836730446909,0.17168827210353746,0.763298841564509,0.0223666078337047,0.010462962962962952,0.042595836674886374,0.34479650735476625,0.10586445470559362,0.11312914828154681,0.0,0.9999999987499999,0.6822878941732943,0.2824018827257287,0.26975202300677,0.36731339982949085,calm,02,14,14,female,strong,1569
40,1.3346666666666667,True,1.0,0.5004743021580061,0.5401577555021164,0.5203160288300612,0.6013962834435599,-0.06449074074074074,-0.05444444444444446,0.46143285026074454,0.10379069159966056,0.17247719980380152,0.8651799872303203,0.039683453344110275,0.010046296296296275,0.06308162088694932,0.42094891571060145,0.1060193449472384,0.1134887540707199,0.0,0.9999999987499999,0.6812677226359294,0.2851624912255299,0.2818516329766012,0.384361262076985,calm,02,14,14,female,strong,1569
50,1.6683333333333334,True,1.0,0.4726343743358282,0.4933226716277474,0.4829785229817878,0.6823482482083739,-0.06467592592592586,-0.053518518518518576,0.4184177297412107,0.18259024369943075,0.17035578666839646,0.7078182207544804,0.020688297291919178,0.011157407407407283,0.07149203978812864,0.3699047200505933,0.10135792098934197,0.11014396496035762,0.0,0.9999999987499999,0.6890135635973139,0.2854905272542706,0.27856600225551587,0.3851727676405578,calm,02,14,14,female,strong,1569
60,2.0020000000000002,True,1.0,0.5265966892581827,0.531971601368983,0.5292841453135828,0.7617210216027455,-0.06587962962962962,-0.05282407407407408,0.4198039472780564,0.23003778739303887,0.17078518210432708,0.6948530108830531,0.005374912110800323,0.013055555555555542,0.0794356514302363,0.3497578099031264,0.10789026350616378,0.1134042738167812,0.0,0.9999999987499999,0.6796625800320129,0.28138859346245054,0.28213877461698533,0.3794944940790251,calm,02,14,14,female,strong,1569
70,2.3356666666666666,True,1.0,0.20297872346032308,0.18382808270982157,0.1934034030850723,0.614405796166513,-0.07990740740740737,-0.06708333333333333,0.40846147531000004,0.19956004969154917,0.17049008891602965,0.31478121510536194,0.01915064075050152,0.012824074074074043,0.09173759759853642,0.43494488254651936,0.10589661300833336,0.11276163540739599,0.0,0.9999999987499999,0.68237653841224,0.2809668301083339,0.2794302372467117,0.37544356884237945,calm,02,14,14,female,strong,1569
80,2.6693333333333333,True,1.0,0.5327645621501111,0.5713580224389626,0.5520612922945369,0.6060249885246914,-0.0678703703703703,-0.055416666666666725,0.38527606626125505,0.16750483382740325,0.17467327532724197,0.9109546681209898,0.03859346028885147,0.012453703703703578,0.09036110776030096,0.41548466374360454,0.10552008743597302,0.11192882819379983,0.0,0.9999999987499999,0.6837819537658814,0.2762499019458037,0.2648603806783801,0.36293921908699783,calm,02,14,14,female,strong,1569
90,3.003,True,1.0,0.5253746132291531,0.5802276505049675,0.5528011318670603,0.3792608899083959,-0.06740740740740747,-0.053749999999999964,0.40375647330437403,0.10950662648814187,0.17390792769536714,1.4575748424800143,0.054853037275814365,0.013657407407407507,0.10297678879722416,0.6560513455021643,0.10789734809931413,0.10946510749602592,0.0,0.9999999987499999,0.6818702690920118,0.27656399320377645,0.26649773282112027,0.3707646109277306,calm,02,14,14,female,strong,1569
100,3.336666666666667,True,1.0,0.5688842732679066,0.6320341409130787,0.6004592070904926,0.3831481690886658,-0.06722222222222224,-0.0563425925925925,0.39742827602063735,0.1102473011197884,0.17462434901753102,1.5671723253140173,0.06314986764517216,0.010879629629629739,0.10028203057300096,0.6537876345207979,0.1071996968620939,0.1110098744095048,0.0,0.9999999987499999,0.6809197841011405,0.2825039502006316,0.2768178218286596,0.37850578104739324,calm,02,14,14,female,strong,1569
110,3.6703333333333332,True,1.0,0.5752167816710531,0.6181272334565058,0.5966720075637795,0.38427460227072996,-0.06685185185185177,-0.054907407407407405,0.41084586264896555,0.09408827844663556,0.1726474175597513,1.5527229851724909,0.04291045178545272,0.011944444444444369,0.09941440547159497,0.6305027614261297,0.10826216540726598,0.11066474847618359,0.0,0.9999999987499999,0.68248434036896,0.2818754877147259,0.2778931057354055,0.3764106812891792,calm,02,14,14,female,strong,1569
0,0.0,True,1.0,0.7256245300154609,0.7230982207680129,0.7243613753917368,0.43216164820445957,-0.06208333333333338,-0.05907407407407406,0.3874084641513196,0.1741440940468587,0.17573786330129443,1.6761352572615027,0.002526309247448011,0.0030092592592593226,0.022727392402107426,0.5658152979268299,0.10666232358377652,0.11152630161235164,0.0,0.9999999987499999,0.6778299187878276,0.2863147782695426,0.25867408417674653,0.3541287245965859,calm,02,14,14,female,strong,1570
10,0.33366666666666667,True,1.0,0.7705124305529069,0.7716521414540862,0.7710822860034965,0.4186065068731656,-0.06388888888888888,-0.061481481481481526,0.3887712197119135,0.1741440940468599,0.1757469798983971,1.842021739612204,0.0011397109011793694,0.002407407407407358,0.018728784916762907,0.5655428408109862,0.10668192533247771,0.11303481569224552,0.0,0.9999999987499999,0.6794194025110044,0.28479762879187076,0.25674255179073624,0.3545679767979172,calm,02,14,14,female,strong,1570
20,0.6673333333333333,True,1.0,0.2957215233521488,0.31802390004330106,0.3068727116977249,0.42262729120419534,-0.07662037037037045,-0.07273148148148145,0.39491587287550095,0.15654931828596302,0.17712641173327862,0.7261071825800696,0.02230237669115226,0.003888888888888997,0.014199637099777269,0.5833547305858515,0.10833321998521828,0.11314970470482028,0.0,0.9999999987499999,0.6834075858468386,0.2826668382875745,0.2600356919697536,0.35980315721077216,calm,02,14,14,female,strong,1570
30,1.0010000000000001,True,1.0,0.6240945656537157,0.6239268433149348,0.6240107044843253,0.6989917226383884,-0.06458333333333327,-0.06148148148148136,0.39695960760957083,0.21917157569646872,0.17507366264951346,0.8927297481134076,0.00016772233878092901,0.003101851851851911,0.0263994816995767,0.3549189076539858,0.10789200155987298,0.1135704989261721,0.0,0.9999999987499999,0.6844257654311726,0.2815863692770115,0.26742407385151434,0.3636539412724985,calm,02,14,14,female,strong,1570
40,1.3346666666666667,True,1.0,0.6024885076614632,0.5903552268128032,0.5964218672371332,0.6280511268078595,-0.06495370370370368,-0.06120370370370365,0.4049276510434484,0.21356006464826952,0.17172381840952736,0.9496390369817732,0.012133280848660055,0.003750000000000031,0.020822125355050607,0.3730158044939362,0.10621380824847587,0.1134747975916466,0.0,0.9999999987499999,0.6806431351993922,0.2817421739826443,0.261299128069636,0.35679163541149167,calm,02,14,14,female,strong,1570
50,1.6683333333333334,True,1.0,0.38270192563047867,0.3724081374360364,0.37755503153325753,0.5968718182293329,-0.07166666666666666,-0.06564814814814812,0.4600090342346394,0.15199594877735528,0.1717056018469773,0.6325563043892811,0.010293788194442266,0.006018518518518534,0.028793173954867312,0.40433770541781444,0.10839172298127328,0.11258714301976779,0.0,0.9999999987499999,0.6836926358902937,0.28252195205241826,0.26633642653288503,0.3682292182401597,calm,02,14,14,female,strong,1570
60,2.0020000000000002,True,1.0,0.5953108139446163,0.5890687189715571,0.5921897664580866,0.5158521821119529,-0.06268518518518518,-0.06083333333333324,0.41799081507706376,0.12208110764109843,0.17490374358428268,1.1479834475713557,0.006242094973059165,0.0018518518518519378,0.041413667669068045,0.5099633712283362,0.10817364956784582,0.11363807311400216,0.0,0.9999999987499999,0.6812138934714511,0.28164028339743286,0.26631693720052874,0.3586485592539817,calm,02,14,14,female,strong,1570
70,2.3356666666666666,True,1.0,0.5607520051306975,0.5506627191447236,0.5557073621377105,0.5828310243400786,-0.06199074074074068,-0.05972222222222223,0.42924700360854595,0.15430261518948374,0.17534146373932782,0.9534622196320462,0.010089285985973806,0.0022685185185184475,0.04030248800529962,0.4488706655565925,0.1075387636474122,0.11357001648639843,0.0,0.9999999987499999,0.6821546513370975,0.28048330285719275,0.26969069592109035,0.36505684007365974,calm,02,14,14,female,strong,1570
80,2.6693333333333333,True,1.0,0.6641545254845755,0.6192480395953249,0.6417012825399502,0.5964834781330606,-0.06092592592592594,-0.059814814814814876,0.4202036336246854,0.1644088473991684,0.17804579664582248,1.075807304082281,0.044906485889250614,0.0011111111111110628,0.04474297173096117,0.4477970938118602,0.11044024562876031,0.11177795025298563,0.0,0.9999999987499999,0.675618881365046,0.2826041145754729,0.2719903060336603,0.3646019846757276,calm,02,14,14,female,strong,1570
90,3.003,True,1.0,0.7109010111980115,0.678738098970843,0.6948195550844273,0.4572824306709109,-0.0627314814814815,-0.060555555555555585,0.4197593246295322,0.11382150973788613,0.1787609675488494,1.5194538615118214,0.032162912227168494,0.0021759259259259145,0.044858216204297106,0.5316717196203856,0.11075286896796466,0.11095426170369747,0.0,0.9999999987499999,0.6745417372261404,0.2785037844725242,0.2606900895747806,0.3603772039609669,calm,02,14,14,female,strong,1570
100,3.336666666666667,True,1.0,0.40420775567345907,0.3602092701586934,0.38220851291607627,0.45834250665650184,-0.07282407407407399,-0.0708333333333333,0.42682153802952116,0.10499201230254439,0.18227289916618855,0.8338927927592736,0.04399848551476565,0.001990740740740682,0.04727893465227886,0.5265572645724201,0.10842448946095454,0.11187647062485143,0.0,0.9999999987499999,0.6698766105661016,0.28072999970463997,0.25648164566069936,0.35415150888598146,calm,02,14,14,female,strong,1570
110,3.6703333333333332,True,1.0,0.711300052458418,0.6762825831709908,0.6937913178147044,0.4796656343280109,-0.06375000000000003,-0.06111111111111106,0.41074293025341985,0.12950473922601688,0.18212927311106022,1.4464061382814584,0.035017469287427216,0.0026388888888889683,0.030349670618357725,0.5226692276492503,0.10952953662178798,0.11182181758093336,0.0,0.9999999987499999,0.6699794595103665,0.28159902254072977,0.25566715195822554,0.3473774846391829,calm,02,14,14,female,strong,1570
0,0.0,True,1.0,0.7537866914255991,0.7045897923821757,0.7291882419038873,0.5371825322262311,-0.06481481481481477,-0.05884259259259256,0.4032713246592793,0.17451531444726764,0.17639278163936423,1.357431037234089,0.04919689904342339,0.005972222222222212,0.01170119270560204,0.4364811598790072,0.10654076407193777,0.11215321955659552,0.0,0.9999999987499999,0.6844406612957683,0.28247142999669766,0.260911316579329,0.35777235474940744,calm,02,14,14,female,strong,1571
10,0.33366666666666667,True,1.0,0.7519460511839188,0.7304783641851967,0.7412122076845578,0.5598073805546435,-0.06402777777777785,-0.057037037037037,0.40781688222051576,0.18653555493237975,0.17430599325732177,1.3240486521456412,0.021467686998722035,0.006990740740740853,0.008979000967643725,0.4310542086293338,0.10536661100099987,0.11325703665621153,0.0,0.9999999987499999,0.6808496615677522,0.2832072765976657,0.2579734171069199,0.3560221221331008,calm,02,14,14,female,strong,1571
20,0.6673333333333333,True,1.0,0.37429248121230446,0.3331415775658654,0.3537170293890849,0.47055820526906117,-0.07189814814814816,-0.06625000000000003,0.40398735601914604,0.033593950838459403,0.17847606953301587,0.751696656074316,0.041150903646439085,0.005648148148148124,0.015223843504342006,0.5148128794150952,0.10731346743279237,0.11395024346854897,0.0,0.9999999987499999,0.6836520070059274,0.2812512107261432,0.2646182189815484,0.3633638258680741,calm,02,14,14,female,strong,1571
30,1.0010000000000001,True,1.0,0.6364731033285448,0.6141874226616656,0.6253302629951052,0.7335731901934555,-0.0656018518518518,-0.06124999999999997,0.40953147769044446,0.233397445395525,0.1729700458052686,0.8524442705303819,0.022285680666879193,0.004351851851851829,0.009949045698365109,0.31754976210470065,0.10615992722354532,0.11452770969578019,0.0,0.9999999987499999,0.6868251318339835,0.280456985767395,0.2634539857496353,0.3580053465152302,calm,02,14,14,female,strong,1571
40,1.3346666666666667,True,1.0,0.2208072466185512,0.25425599441320684,0.237531620515879,0.5976176349131679,-0.08212962962962966,-0.07972222222222225,0.4009636894111096,0.2322436190956346,0.1744473134619543,0.397464208950915,0.03344874779465565,0.0024074074074074137,0.02311538618846662,0.4377563210668434,0.1042014555102134,0.11466273863064992,0.0,0.9999999987499999,0.6881938166516608,0.2811660266843389,0.25697090374092924,0.35390129165035644,calm,02,14,14,female,strong,1571
50,1.6683333333333334,True,1.0,0.5534334709936904,0.5404049640230827,0.5469192175083866,0.6519849559030407,-0.0673611111111111,-0.06342592592592589,0.42790194903772444,0.23754523997374272,0.17167182944777282,0.8388525111762258,0.013028506970607756,0.003935185185185208,0.03879300885311681,0.3958146024204024,0.10916434725234433,0.11251751625124765,0.0,0.9999999987499999,0.6866726478325704,0.2802744442994838,0.2679335768195444,0.36408752670497313,calm,02,14,14,female,strong,1571
60,2.0020000000000002,True,1.0,0.615194081091049,0.6015205380213285,0.6083573095561887,0.495722375231461,-0.0642592592592593,-0.06208333333333338,0.41983594845737787,0.1267790634295263,0.1764995825022166,1.2272137388838593,0.013673543069720462,0.0021759259259259145,0.036953461510540936,0.5137872644872851,0.10798608925014863,0.11314476947784141,0.0,0.9999999987499999,0.6866215959430647,0.2778541468672853,0.26582589238117876,0.35468844749456513,calm,02,14,14,female,strong,1571
70,2.3356666666666666,True,1.0,0.5756314807359804,0.5772629487217493,0.5764472147288648,0.6138910871711761,-0.06574074074074077,-0.0623611111111112,0.4132508919546408,0.24258249169739832,0.1722860019949691,0.9390056750703883,0.001631467985768964,0.003379629629629566,0.03122158084571303,0.41418044964548884,0.1069166975733445,0.11398881596095072,0.0,0.9999999987499999,0.6863356706276259,0.28056203511154726,0.26473101195595844,0.35939874342414857,calm,02,14,14,female,strong,1571
80,2.6693333333333333,True,1.0,0.5976692442320253,0.541812359253275,0.5697408017426502,0.6835788302312107,-0.06435185185185183,-0.05995370370370373,0.429439520183091,0.20480604739311803,0.17638932142096195,0.8334675922452771,0.0558568849787503,0.0043981481481480955,0.03804985400593785,0.38866809024396837,0.11032492206860266,0.11103715526968186,0.0,0.9999999987499999,0.6778591012967689,0.28024339590060576,0.2774464030889622,0.36407718691338226,calm,02,14,14,female,strong,1571
90,3.003,True,1.0,0.6376291732253907,0.5976407369271484,0.6176349550762695,0.5739208804614198,-0.06407407407407406,-0.05972222222222223,0.43350802763914426,0.15224651006232506,0.17920115530761813,1.0761674232512757,0.039988436298242336,0.004351851851851829,0.038665647276980256,0.43677933401497765,0.11043081526168881,0.112297394897791,0.0,0.9999999987499999,0.6823590330819828,0.27900977497527807,0.27328779604448217,0.3686809671129166,calm,02,14,14,female,strong,1571
100,3.336666666666667,True,1.0,0.6785027916162683,0.656854865784776,0.6676788287005222,0.5686277855652252,-0.06375000000000003,-0.058888888888888935,0.43178234716182423,0.16643253391396895,0.17782969776269256,1.1741931112930732,0.02164792583149222,0.004861111111111094,0.03395974897725493,0.4285826203162124,0.1087422555546381,0.11275665871266934,0.0,0.9999999987499999,0.6818381729097889,0.2794620237458994,0.26964661626719966,0.36660426364716925,calm,02,14,14,female,strong,1571
110,3.6703333333333332,True,1.0,0.6968013043262872,0.641175827337044,0.6689885658316657,0.5211428520691559,-0.0627314814814815,-0.058657407407407436,0.4402517029146848,0.13894808146594123,0.18058977894973996,1.2836951771966174,0.05562547698924314,0.004074074074074063,0.03622393591526016,0.48966130523423884,0.10988641110079941,0.11266118483174585,0.0,0.9999999987499999,0.6821260319831056,0.2797630009651475,0.27039167474321246,0.36504703565329044,calm,02,14,14,female,strong,1571
0,0.0,True,1.0,0.6816647176265598,0.6564599357888738,0.6690623267077168,0.5469574057454543,-0.057361111111111196,-0.051296296296296395,0.4071571601859778,0.15725025415181856,0.17708505667053603,1.2232439302944338,0.02520478183768593,0.006064814814814801,0.010347631051542969,0.5343750000000004,0.11897168037949411,0.10842704278663262,0.0,0.9999999987499999,0.6288524349661739,0.2678089503303533,0.286770962206099,0.33754428474364534,happy,03,14,14,female,normal,1572
10,0.33366666666666667,True,1.0,0.4414884563798548,0.43662454847511395,0.4390565024274844,0.5460778799282519,-0.06407407407407417,-0.05606481481481479,0.4712337145071268,0.06390273062990241,0.18125168372062783,0.8040181054123108,0.0048639079047408385,0.008009259259259383,0.018386939925953853,0.5026595744680838,0.11958129124421714,0.10950816681749082,0.0,0.9999999987499999,0.6202493305134555,0.26893931811579463,0.2998935268470192,0.34680563048135093,happy,03,14,14,female,normal,1572
20,0.6673333333333333,True,1.0,0.5779258132430504,0.5961804603299801,0.5870531367865153,0.7243094129547327,-0.05981481481481471,-0.05148148148148157,0.47920391970432114,0.1301443210678694,0.17778850629011578,0.8105004936933001,0.0182546470869297,0.008333333333333137,0.019603993763342736,0.3518959596234506,0.1058531293719778,0.11481132974829204,0.0,0.9999999987499999,0.6832561393463635,0.2837167528801089,0.2854103991335454,0.39992123887270004,happy,03,14,14,female,normal,1572
30,1.0010000000000001,True,1.0,0.5268969629319984,0.5423217643313474,0.5346093636316729,0.8126030908838392,-0.059444444444444466,-0.051712962962963016,0.5043569888234032,0.1816868766001718,0.17708721081845535,0.6578972805163681,0.015424801399348986,0.00773148148148145,0.016634950022971117,0.34132649838669743,0.10752310934594589,0.11558011359379766,0.0,0.9999999987499999,0.6832047486181972,0.2816275809323778,0.30017741926480485,0.40969877517142994,happy,03,14,14,female,normal,1572
40,1.3346666666666667,True,1.0,0.5593882315648393,0.5609978762201441,0.5601930538924917,0.715709056291195,-0.06115740740740738,-0.053796296296296287,0.48521203097240423,0.18165278563935175,0.17986111111111114,0.7827105846549053,0.001609644655304776,0.007361111111111096,0.020540099813615625,0.3905782644854646,0.10812604395538188,0.11551212994021882,0.0,0.9999999987499999,0.6834157719962987,0.28034430694636864,0.2934199739165751,0.39680894856186466,happy,03,14,14,female,normal,1572
50,1.6683333333333334,True,1.0,0.6147774951272286,0.6142371454784059,0.6145073203028173,1.2254780874948394,-0.06504629629629627,-0.05851851851851847,0.3974839791926936,0.5184714985555093,0.1784829089918804,0.5014429279262042,0.0005403496488226578,0.006527777777777799,0.008513504920892695,0.24132176038638983,0.10568143298992021,0.11612359273853938,0.0,0.9999999987499999,0.6752572402320303,0.28645888402219966,0.28110337688673565,0.3777969758022872,happy,03,14,14,female,normal,1572
60,2.0020000000000002,True,1.0,0.543874399611882,0.5458256650883165,0.5448500323500993,0.5270270838177356,-0.062037037037036946,-0.05462962962962964,0.4327387075776358,0.22666664803993442,0.17916836996525629,1.0338178986993534,0.0019512654764345383,0.007407407407407307,0.011313701607295364,0.5381660425090122,0.10889515093688477,0.11361959344572664,0.0,0.9999999987499999,0.6820728821841238,0.27819220740193396,0.2711170414757546,0.35889058509989313,happy,03,14,14,female,normal,1572
70,2.3356666666666666,True,1.0,0.5970958473409704,0.6086634830858271,0.6028796652133988,0.7102313774279613,-0.06305555555555553,-0.05402777777777784,0.4205789999670038,0.22827714132689678,0.1854170781391736,0.8488496627629618,0.011567635744856641,0.00902777777777769,0.010414251847072524,0.38334429303537476,0.10990569069808356,0.1133169045396561,0.0,0.9999999987499999,0.6760299668930072,0.2804933862741339,0.2807391941164022,0.36731817636998354,happy,03,14,14,female,normal,1572
80,2.6693333333333333,True,1.0,0.5759079309478077,0.5954378589020122,0.5856728949249099,0.9423357969972033,-0.060787037037037084,-0.05398148148148152,0.444902736413226,0.286271972850504,0.18333999159310851,0.6215118822729475,0.019529927954204496,0.006805555555555565,0.0007943207770016393,0.2993108248899455,0.10776523094648299,0.11551943840138326,0.0,0.9999999987499999,0.6728764812643807,0.2847637641750432,0.2892585557345725,0.3945622345668881,happy,03,14,14,female,normal,1572
90,3.003,True,1.0,0.5796767890298546,0.6021589166711153,0.590917852850485,0.7041377875673637,-0.06208333333333327,-0.05500000000000005,0.4594152480518422,0.16737701507748837,0.18194612173871696,0.8392076995213851,0.022482127641260674,0.007083333333333219,0.011121505253439695,0.3876418778679903,0.10997527856899567,0.1129124081355761,0.0,0.9999999987499999,0.6736740700655263,0.2818118885056979,0.2833453558852333,0.3906598909292893,happy,03,14,14,female,normal,1572
100,3.336666666666667,True,1.0,0.6165868783242158,0.6184685637146841,0.6175277210194499,0.5810810214858264,-0.06157407407407417,-0.05499999999999999,0.46676419419273807,0.11393052569807434,0.18611111111111112,1.062722233537122,0.0018816853904682906,0.0065740740740741765,0.010728166489928284,0.45217837990875054,0.11065078651103721,0.112927379506673,0.0,0.9999999987499999,0.6721836386898509,0.28235581936253296,0.2805517916285953,0.38284326002441316,happy,03,14,14,female,normal,1572
0,0.0,True,1.0,0.6033413073711575,0.609434850967252,0.6063880791692048,0.5846358262535774,-0.05699074074074073,-0.051574074074074105,0.47853207369205303,0.05158237673208892,0.18195492727998097,1.037206500078893,0.006093543596094486,0.005416666666666625,0.02185787324174213,0.44158512733256144,0.1044597490704275,0.11558709018488982,0.0,0.9999999987499999,0.6802349910823704,0.28139614412282077,0.2747436906422657,0.38500648677688804,happy,03,14,14,female,normal,1573
10,0.33366666666666667,True,1.0,0.6242182299211405,0.6311045164259682,0.6276613731735543,0.5585266790757966,-0.05754629629629632,-0.05032407407407413,0.48636973205061484,0.06701896057967696,0.18265392658968602,1.1237804686647308,0.006886286504827699,0.0072222222222221855,0.022787472800362092,0.4616541875898176,0.10582699678075284,0.11383562493139156,0.0,0.9999999987499999,0.6793048793267308,0.2841259532683909,0.2766943299716935,0.38156082907615385,happy,03,14,14,female,normal,1573
20,0.6673333333333333,True,1.0,0.5906482912971107,0.5690347691748735,0.579841530235992,0.5658286129480994,-0.057499999999999996,-0.049166666666666636,0.4876910751695475,0.04992301766027133,0.18473254743001213,1.0247653034279798,0.021613522122237216,0.00833333333333336,0.01406383855119295,0.4758543218926181,0.10620300293535738,0.11382017753226838,0.0,0.9999999987499999,0.6778468641128327,0.286075218457799,0.2778874273614374,0.3778179168330047,happy,03,14,14,female,normal,1573
30,1.0010000000000001,True,1.0,0.5083700332780048,0.4903426591631604,0.49935634622058256,0.8672951381349894,-0.06245370370370379,-0.05486111111111114,0.5117628031690745,0.21941596501387323,0.17570139218256625,0.5757628796287114,0.018027374114844397,0.007592592592592651,0.01329739379224655,0.32616248327993586,0.1044948896724965,0.11751714766859928,0.0,0.9999999987499999,0.6775478376272385,0.28391510500761324,0.2946853477597535,0.4138601004155707,happy,03,14,14,female,normal,1573
40,1.3346666666666667,True,1.0,0.46382953168649455,0.49189861096882426,0.4778640713276594,0.7691618685788874,-0.05935185185185188,-0.052361111111111136,0.47982339140939917,0.18392390055128166,0.17847393214836935,0.6212789412072218,0.028069079282329712,0.006990740740740742,0.015450685087438661,0.3842342207879049,0.10728841175482379,0.1156333622157754,0.0,0.9999999987499999,0.6778107131055547,0.282913827569082,0.29565146206253257,0.4112818344234247,happy,03,14,14,female,normal,1573
50,1.6683333333333334,True,1.0,0.5175991717180879,0.5311158862753744,0.5243575289967312,0.8404039290549938,-0.062361111111111145,-0.05513888888888885,0.4417730997768794,0.30610761574372586,0.18055597810614288,0.6239351231810085,0.013516714557286535,0.0072222222222222965,0.010645797720353432,0.3466701817747386,0.10593926147336716,0.11654416646719536,0.0,0.9999999987499999,0.6739955742062452,0.28254508207084134,0.28202830815164004,0.3917047218490419,happy,03,14,14,female,normal,1573
60,2.0020000000000002,True,1.0,0.6608596080654098,0.6775841686442533,0.6692218883548315,0.8632411122005448,-0.06574074074074071,-0.059398148148148144,0.42396460535535463,0.30651314853497597,0.18611111111111112,0.7752432998109577,0.016724560578843528,0.006342592592592566,0.010026584567529863,0.32640885882768716,0.10618445353146407,0.11713689181975709,0.0,0.9999999987499999,0.671947194588773,0.2826929007749465,0.2762132672679313,0.36999794383539397,happy,03,14,14,female,normal,1573
70,2.3356666666666666,True,1.0,0.6036904559287731,0.6427030424753014,0.6231967492020373,0.742924006840502,-0.06259259259259259,-0.05601851851851852,0.39947309612604204,0.285215364608441,0.18125042093162333,0.8388431972367681,0.03901258654652828,0.0065740740740740655,0.01654833677363115,0.35199796565642033,0.10982912909810325,0.11322296655942297,0.0,0.9999999987499999,0.675734950042517,0.2804607072013239,0.28267870969452236,0.3736662963626347,happy,03,14,14,female,normal,1573
80,2.6693333333333333,True,1.0,0.5795045453174632,0.5858025892746721,0.5826535672960677,0.7981983198649343,-0.06046296296296294,-0.05305555555555558,0.49954777998904537,0.19683910030711996,0.18194612173871702,0.7299609041956645,0.006298043957208899,0.007407407407407363,0.01288816279942887,0.36764874566994005,0.10808301807560994,0.11372427764487712,0.0,0.8017529533584332,0.6744566989842811,0.28173630790465237,0.29935551076539313,0.4069598017567296,happy,03,14,14,female,normal,1573
90,3.003,True,1.0,0.5896732405628387,0.5843194325452161,0.5869963365540274,0.7401679794102998,-0.05824074074074087,-0.05087962962962961,0.4906372177968935,0.14148334072183164,0.1854170781391736,0.7930582690454862,0.00535380801762253,0.007361111111111263,0.019167570845370737,0.38984433121472656,0.12044047596962176,0.11030346793836306,0.0,0.9076146251897241,0.6085706299316601,0.2654545248369491,0.3255364128828601,0.37629129586520726,happy,03,14,14,female,normal,1573
100,3.336666666666667,True,1.0,0.5853409112336904,0.5835916051944904,0.5844662582140904,0.6574761664385517,-0.05791666666666673,-0.05032407407407413,0.4889717314689737,0.10409581859666965,0.1854170781391736,0.8889542892178969,0.0017493060391999826,0.007592592592592595,0.019174020470787187,0.42317122754292885,0.1209208570694157,0.10873033583746806,0.0,0.9999999987499999,0.6122646915875725,0.2688404795801436,0.31808145926549514,0.3710491616691628,happy,03,14,14,female,normal,1573
0,0.0,True,1.0,0.7260111362394652,0.7006120283106981,0.7133115822750817,0.5319908964885062,-0.06305555555555553,-0.05523148148148155,0.423262129379209,0.09731540789423855,0.17291843152964811,1.3408341890498743,0.025399107928767095,0.007824074074073983,0.018911443540946708,0.4801829268292681,0.10508010904244165,0.11369060513832091,0.0,0.9999999987499999,0.6881431564500801,0.28110179202399826,0.26464040712401204,0.3628353542989551,happy,03,14,14,female,normal,1574
10,0.33366666666666667,True,1.0,0.6993080697367388,0.7147779201540875,0.7070429949454131,0.5076185222384964,-0.0597685185185185,-0.05467592592592596,0.43684764891530753,0.06979064646244085,0.17778850629011578,1.3928628762943769,0.015469850417348718,0.0050925925925925375,0.01745400416003016,0.47873081554584207,0.10675551678542342,0.11279653558429933,0.0,0.9999999987499999,0.6827908163265306,0.2829043401675885,0.2649394407654271,0.36367034691295713,happy,03,14,14,female,normal,1574
20,0.6673333333333333,True,1.0,0.6080359254003865,0.5925648101238405,0.6003003677621135,0.7195507813376305,-0.06064814814814806,-0.05217592592592596,0.46030440470869227,0.12589925794989026,0.17365505086318983,0.8342710248276948,0.015471115276545988,0.008472222222222103,0.016878897279901512,0.3659403501197981,0.10600655884906182,0.11350069728635187,0.0,0.9999999987499999,0.6817977474114646,0.28303765720498497,0.2813355519072467,0.39022997915163554,happy,03,14,14,female,normal,1574
30,1.0010000000000001,True,1.0,0.4346849906559106,0.4195228927603184,0.4271039417081145,0.7929226715161235,-0.06666666666666665,-0.05907407407407417,0.41631859427183165,0.20475738966945392,0.17575696420026146,0.5386451378562073,0.015162097895592197,0.007592592592592484,0.0343486826936554,0.3390080419274221,0.10343719864737297,0.114856088450354,0.0,0.9999999987499999,0.6866763194887331,0.27893926170749717,0.27300712514201664,0.3862752650073766,happy,03,14,14,female,normal,1574
40,1.3346666666666667,True,1.0,0.49428400440491,0.491815725938991,0.4930498651719505,0.6619664780885018,-0.06351851851851853,-0.05509259259259258,0.44057011525186285,0.20829517240449816,0.1757013921825663,0.744826031970205,0.002468278465919016,0.008425925925925948,0.03107548777839064,0.40983101077438217,0.1068778363620342,0.11369059144641178,0.0,0.9999999987499999,0.683338450505202,0.28140058614265745,0.27663192989970925,0.378998599183482,happy,03,14,14,female,normal,1574
50,1.6683333333333334,True,1.0,0.6481173821296344,0.6391887364885495,0.6436530593090919,0.7253621945658606,-0.06499999999999989,-0.056851851851851876,0.4322267720476326,0.23757396336969872,0.17711822764352933,0.8873540200069666,0.008928645641084976,0.008148148148148016,0.015768457032671403,0.3688681870214618,0.10837114410249592,0.11428632895342908,0.0,0.9999999987499999,0.6792080176523735,0.2828338569102481,0.2787012163944456,0.37204639791752087,happy,03,14,14,female,normal,1574
60,2.0020000000000002,True,1.0,0.6115008185041022,0.5975480966436758,0.6045244575738891,0.6733611223788747,-0.062268518518518445,-0.05379629629629623,0.41467274221174977,0.25251042089207787,0.17639970187254395,0.8977715485536246,0.013952721860426398,0.008472222222222214,0.021648803299919372,0.38055435674243693,0.10780483099717576,0.11465463063326399,0.0,0.9999999987499999,0.6793317462844513,0.28076044749474927,0.273649299549752,0.36924902312679236,happy,03,14,14,female,normal,1574
70,2.3356666666666666,True,1.0,0.597561784155107,0.5875485251294159,0.5925551546422614,0.750273187083511,-0.061574074074074114,-0.05314814814814811,0.46069225613791953,0.20773684739817533,0.17848290899188052,0.7897858604619248,0.010013259025691057,0.008425925925926003,0.024425464672493735,0.3647069935910766,0.11136233128523186,0.11188571344647956,0.0,0.9999999987499999,0.6756197464063751,0.27961231457828745,0.291952394323636,0.3968895910634393,happy,03,14,14,female,normal,1574
80,2.6693333333333333,True,1.0,0.575786593298708,0.6021589166711153,0.5889727549849116,0.585191290422089,-0.06050925925925932,-0.053796296296296287,0.47654065321524125,0.11813598202293785,0.18194486376946223,1.0064619289875198,0.026372323372407358,0.006712962962963032,0.015959657508742005,0.4434058580089206,0.11007805308017538,0.11247394428238329,0.0,0.9999999987499999,0.6782644114755276,0.2792865723710543,0.2831740341893357,0.38808514908509667,happy,03,14,14,female,normal,1574
90,3.003,True,1.0,0.6225252709452791,0.6110742001889627,0.6167997355671209,0.5656188785377178,-0.06004629629629615,-0.051805555555555605,0.46602200643786396,0.08657431814352887,0.18264055980567517,1.0904864723782202,0.01145107075631635,0.008240740740740549,0.014082922486317548,0.4591836734693871,0.10931686728797296,0.11287683794186563,0.0,0.9999999987499999,0.6759519788618574,0.2800992074873404,0.2781705112812442,0.382653933400632,happy,03,14,14,female,normal,1574
100,3.336666666666667,True,1.0,0.6264428214087403,0.6415661959298921,0.6340045086693162,0.5576219491602915,-0.05999999999999994,-0.05365740740740749,0.46155562521782867,0.09293061070713836,0.18333707863421067,1.1369791121458674,0.015123374521151756,0.006342592592592455,0.014215804071360484,0.48043576222671414,0.11007779619822325,0.11264345806070196,0.0,0.9999999987499999,0.6775262282178497,0.280316384109293,0.2750599884928138,0.3792217891573417,happy,03,14,14,female,normal,1574
0,0.0,True,1.0,0.6093372731263966,0.6065701441092698,0.6079537086178333,0.5614522876382692,-0.056944444444444464,-0.04930555555555555,0.48752563789128767,0.011226204479309675,0.1840427019957316,1.0828234598084385,0.002767129017126835,0.007638888888888917,0.015805425545223933,0.46286402099282575,0.11813028956649364,0.11072827374580298,0.0,0.9999999987499999,0.6171723660792443,0.2679575931041847,0.3101100360593581,0.35762890236771416,happy,03,14,14,female,normal,1575
10,0.33366666666666667,True,1.0,0.5906841545995823,0.6106933987133953,0.6006887766564888,0.5428043956616057,-0.054907407407407516,-0.04893518518518519,0.4857881174917439,0.005652660118489037,0.18264557246431654,1.1066394846053702,0.020009244113812996,0.005972222222222323,0.015737702505153932,0.49381240879495797,0.11892902887851282,0.11004320041532742,0.0,0.9999999987499999,0.6215705657028437,0.26744064495660896,0.3112949381480459,0.36041884853138456,happy,03,14,14,female,normal,1575
20,0.6673333333333333,True,1.0,0.5130193811735102,0.5126797918331528,0.5128495865033316,0.5627353547919672,-0.058287037037037026,-0.05027777777777781,0.49497236514457443,0.033094029033022984,0.18195953953629374,0.9113512810882879,0.0003395893403573824,0.008009259259259216,0.013986616855172555,0.46477918883798525,0.10700623797830067,0.11407190436311017,0.0,0.9999999987499999,0.682248143421431,0.28203820906728533,0.2836912623099535,0.3905764872153999,happy,03,14,14,female,normal,1575
30,1.0010000000000001,True,1.0,0.40073363331144357,0.39006904017781807,0.39540133674463085,0.7059614720300219,-0.05532407407407408,-0.04787037037037034,0.4942449384293152,0.1573894472471749,0.17084047876316608,0.5600891159224847,0.0106645931336255,0.00745370370370374,0.0251030787388158,0.40909603000726374,0.10387151074876207,0.11595179990371572,0.0,0.9999999987499999,0.6767255879773785,0.28057920585454565,0.2910563025389319,0.3986287849381595,happy,03,14,14,female,normal,1575
40,1.3346666666666667,True,1.0,0.37711324094404375,0.3901155657520231,0.38361440334803343,0.6328374254327367,-0.05444444444444446,-0.04949074074074078,0.4957819786802442,0.12332724999229341,0.17777820693070218,0.6061816004097994,0.01300232480797936,0.004953703703703682,0.02430628709493648,0.46035963073726005,0.10727420609819263,0.11481987076621765,0.0,0.9999999987499999,0.6780923853760253,0.27911683752695776,0.2967207845160413,0.39936908877525984,happy,03,14,14,female,normal,1575
50,1.6683333333333334,True,1.0,0.48545602129442206,0.5195931463782102,0.5025245838363162,0.5920125086820561,-0.05870370370370365,-0.05152777777777778,0.4723894504623063,0.1366102788005858,0.1826393066195185,0.848841158702949,0.034137125083788133,0.007175925925925863,0.016842926163309516,0.45592534420270386,0.10972688255595033,0.11365780613010715,0.0,0.9999999987499999,0.6783711089904713,0.279140126670222,0.2843801594647632,0.38664885383930275,happy,03,14,14,female,normal,1575
60,2.0020000000000002,True,1.0,0.5339843971739222,0.5331110594605101,0.5335477283172161,0.6810513027290899,-0.05726851851851855,-0.0496759259259259,0.4646181408195058,0.10966080298180308,0.18403814194642587,0.7834178220924011,0.0008733377134121367,0.007592592592592651,0.014323739893158305,0.3817323942222102,0.10767954222497467,0.11526922373513324,0.0,0.9999999987499999,0.6764894756105567,0.28140238495995296,0.2878635570649487,0.38600102829614474,happy,03,14,14,female,normal,1575
70,2.3356666666666666,True,1.0,0.5396431169245904,0.5360966104741252,0.5378698636993577,0.8486018256037845,-0.059027777777777735,-0.05180555555555566,0.47269918195174904,0.24886021740508113,0.17986111111111114,0.6338306700161299,0.003546506450465281,0.0072222222222220744,0.013823873679700512,0.33018568275149957,0.10772561180828376,0.11555638541308796,0.0,0.9999999987499999,0.6754143895839585,0.2822505368814462,0.2976725811603683,0.40652449410205127,happy,03,14,14,female,normal,1575
80,2.6693333333333333,True,1.0,0.5486055151682147,0.5348465474517379,0.5417260313099763,0.7169046083614221,-0.058240740740740704,-0.05064814814814811,0.5022614279435559,0.11769660875900051,0.1847288304216915,0.7556459046178556,0.013758967716476778,0.007592592592592595,0.018569905854162273,0.3696913562262547,0.10955770232386944,0.11382089224373244,0.0,0.9999999987499999,0.6787453637705081,0.2782744931536551,0.29417669804787094,0.40335364934496265,happy,03,14,14,female,normal,1575
90,3.003,True,1.0,0.5508279409770698,0.5638757622203506,0.5573518515987101,0.6717592577318783,-0.057314814814814874,-0.050787037037037075,0.49815501926927463,0.09209223721248087,0.1847288304216915,0.8296898705654578,0.013047821243280855,0.006527777777777799,0.01641901717321379,0.39043817358580085,0.10835416271077816,0.114801381199988,0.0,0.9999999987499999,0.6730839163556049,0.2819675568641249,0.28623858332191937,0.3938173856380651,happy,03,14,14,female,normal,1575
100,3.336666666666667,True,1.0,0.33078505438838657,0.34336123050130407,0.3370731424448453,0.6145034660123629,-0.06629629629629624,-0.059768518518518554,0.48697686795112893,0.08229957134094111,0.1854203698863569,0.5485292778447305,0.012576176112917503,0.006527777777777688,0.02177786463085553,0.4423248889650676,0.10816969938612804,0.11530613917732031,0.0,0.9999999987499999,0.6750916159823305,0.28190286197195785,0.28468962167968964,0.3963761753613538,happy,03,14,14,female,normal,1575
0,0.0,True,1.0,0.5717696896024888,0.5968295381660722,0.5842996138842804,0.5077337625638343,-0.05435185185185187,-0.04828703703703707,0.43187505472877113,0.11413857066344776,0.18543147910168942,1.1507992120394397,0.025059848563583453,0.006064814814814801,0.03268325860102824,0.5485190987995463,0.11788711697146456,0.11047095423464033,0.0,0.9999999987499999,0.6144039897052571,0.26639127313248623,0.29628069304940996,0.340782677349994,happy,03,14,14,female,strong,1576
10,0.33366666666666667,True,1.0,0.55082794097707,0.5408292540521763,0.5458285975146231,0.48205504387321385,-0.05574074074074087,-0.04736111111111119,0.4620109218073128,0.0763946072729455,0.18681209006022537,1.132295169300588,0.009998686924893696,0.008379629629629681,0.02306626409649232,0.5354150710302726,0.12145611236362772,0.10795577070189176,0.0,0.9999999987499999,0.6109733684723889,0.2645402110270209,0.30565914501208175,0.34386788081820946,happy,03,14,14,female,strong,1576
20,0.6673333333333333,True,1.0,0.5180598323431862,0.5496752920118002,0.5338675621774932,0.7094739047287855,-0.05699074074074073,-0.05032407407407413,0.49007926479973035,0.14180984633975222,0.18612135926937018,0.7524837187374463,0.03161545966861401,0.006666666666666599,0.02092035906824252,0.40050370170888433,0.10581492234729982,0.11567302357328264,0.0,0.9999999987499999,0.6762322362069828,0.2818872165936735,0.2833546497705321,0.38580903754561685,happy,03,14,14,female,strong,1576
30,1.0010000000000001,True,1.0,0.5222630750197149,0.5365410501214809,0.529402062570598,0.8969712512547171,-0.06319444444444444,-0.054305555555555496,0.5014818696686284,0.2530630653197861,0.17432131212675442,0.5902107362193052,0.014277975101765983,0.008888888888888946,0.018382520465886044,0.3182665424862336,0.10571889944524647,0.11690717731161969,0.0,0.9999999987499999,0.674651131350978,0.2834466680750944,0.30304937089903716,0.41807389981097354,happy,03,14,14,female,strong,1576
40,1.3346666666666667,True,1.0,0.4535608951036314,0.4521979797871773,0.4528794374454044,0.6752307048535856,-0.059675925925925855,-0.052314814814814925,0.4813880941649972,0.16601210678211376,0.18055597810614277,0.6707032636254374,0.0013629153164541052,0.0073611111111109295,0.020300821056626714,0.45650002870697187,0.10890879790303556,0.11394142155892835,0.0,0.9999999987499999,0.6752481420693277,0.28196091928745554,0.2922345673785495,0.38739282937472674,happy,03,14,14,female,strong,1576
50,1.6683333333333334,True,1.0,0.47038443759740456,0.4521979797871761,0.46129120869229034,0.8519000747134807,-0.06143518518518515,-0.0537962962962964,0.46994774434530207,0.26895478498580705,0.1757053001645301,0.5414851135532959,0.018186457810228485,0.007638888888888751,0.02000310921728019,0.33530758889775564,0.105999953573844,0.11632530143550288,0.0,0.9999999987499999,0.6728739258515906,0.28418087916607626,0.29713523184087437,0.4049031010476834,happy,03,14,14,female,strong,1576
60,2.0020000000000002,True,1.0,0.5028584904280152,0.483302556958713,0.4930805236933641,0.741470534705368,-0.061759259259259236,-0.0559722222222222,0.4749811343750116,0.2527648660633374,0.17293828499713912,0.6650035309755032,0.019555933469302234,0.005787037037037035,0.014892759360371745,0.3932005619633199,0.10610181325469724,0.11623240140254205,0.0,0.9999999987499999,0.6750284179609344,0.2815914714986729,0.28686194550673905,0.3853007048371599,happy,03,14,14,female,strong,1576
70,2.3356666666666666,True,1.0,0.398764812379785,0.4139582230035144,0.40636151769164974,0.6566174649416138,-0.06027777777777771,-0.054537037037036995,0.48467248954955994,0.23524657663392148,0.17223816937956282,0.618871016060749,0.01519341062372942,0.005740740740740713,0.014085587066641257,0.4433748752678064,0.10816863571687041,0.11313878436092725,0.0,0.9999999987499999,0.673156684728579,0.2823759690654007,0.3003496059706043,0.4087719175952996,happy,03,14,14,female,strong,1576
80,2.6693333333333333,True,1.0,0.47631960665054784,0.4661290949795187,0.4712243508150333,0.7411194195765509,-0.05592592592592588,-0.05078703703703702,0.5142418601662057,0.1565548736729862,0.18125378834941794,0.635827827969039,0.010190511671029134,0.0051388888888888595,0.012532753325613509,0.3970772193067432,0.10787914423080291,0.1147508609967128,0.0,0.9999999987499999,0.6734158881990296,0.28195889399593493,0.30015762395394613,0.4108492916069099,happy,03,14,14,female,strong,1576
90,3.003,True,1.0,0.2048655342070287,0.19009341954834666,0.1974794768776877,0.7745164386749938,-0.06750000000000006,-0.05870370370370381,0.5039593789045071,0.169711689316699,0.17986492871357398,0.25497131760757236,0.014772114658682028,0.008796296296296247,0.0158679734253369,0.37203972515960987,0.10343707723908595,0.11435748479335303,0.0,0.9999999987499999,0.6709566652285914,0.2857980804092306,0.2952082681145394,0.39754914399429486,happy,03,14,14,female,strong,1576
100,3.336666666666667,True,1.0,0.515208229999198,0.5147740295048026,0.5149911297520002,0.8165260655458888,-0.05652777777777779,-0.04986111111111119,0.48710482429907387,0.17095010586013007,0.1805572457519714,0.6307099693231504,0.0004342004943954647,0.006666666666666599,0.03176823386498794,0.3367518771207644,0.10584156942721662,0.11264429546021063,0.0,0.9999999987499999,0.674323922498687,0.28431687214208684,0.295335720916197,0.396530943340584,happy,03,14,14,female,strong,1576
110,3.6703333333333332,True,1.0,0.5294389400437293,0.5177404276356414,0.5235896838396854,0.7281148903674596,-0.054490740740740784,-0.047453703703703665,0.49096582066013617,0.08147955845744018,0.1854170781391736,0.7191031123885464,0.011698512408087836,0.007037037037037119,0.03380201967437774,0.3657947168449321,0.10632037768261221,0.11286969565881215,0.0,0.9999999987499999,0.6726969552977441,0.2858806902075674,0.28946238805179203,0.38760311287814925,happy,03,14,14,female,strong,1576
0,0.0,True,1.0,0.5054018769779934,0.5325318359287108,0.518966856453352,0.5768912504036473,-0.05824074074074076,-0.051435185185185195,0.4832923959179501,0.051916927272218666,0.17778464410025663,0.8995921780582287,0.027129958950717348,0.006805555555555565,0.018341088910636218,0.45041572321401535,0.11619240159816152,0.11174174710197322,0.0,0.9999999987499999,0.6195363140334259,0.2711088150353871,0.30466039079786567,0.37142751229723264,happy,03,14,14,female,strong,1577
10,0.33366666666666667,True,1.0,0.5272100642533827,0.5705595086823612,0.5488847864678719,0.5579723073179681,-0.059537037037037055,-0.05064814814814822,0.4850302022754688,0.06830513940029292,0.1750156940507407,0.9837133120570488,0.04334944442897848,0.008888888888888835,0.019683278419728154,0.44805090991287133,0.10533495906398113,0.11378988227195685,0.0,0.9999999987499999,0.6889305766759828,0.2817523942384042,0.278799663250626,0.3908064411176288,happy,03,14,14,female,strong,1577
20,0.6673333333333333,True,1.0,0.5766456439437329,0.5876951484233246,0.5821703961835287,0.8535694253734257,-0.058888888888888824,-0.052222222222222225,0.4760711242333943,0.19603930736286662,0.17502136100099497,0.6820422321580188,0.011049504479591743,0.006666666666666599,0.016207341327815716,0.32788835714013204,0.10422896622158886,0.11463773183933602,0.0,0.9999999987499999,0.6845225116374675,0.28317672807921873,0.2861448738905957,0.3999630385232697,happy,03,14,14,female,strong,1577
30,1.0010000000000001,True,1.0,0.43800941466157306,0.4686246813143796,0.45331704798797634,0.9223230346589373,-0.0671296296296296,-0.05805555555555558,0.5018097078054506,0.23853094831010024,0.1729184315296481,0.4914948786415238,0.03061526665280656,0.009074074074074012,0.02752849663543791,0.31277904978684745,0.10411012084010937,0.1181810162325205,0.0,0.9999999987499999,0.6828347038033964,0.281509820845264,0.2942570690496847,0.4158898263644279,happy,03,14,14,female,strong,1577
40,1.3346666666666667,True,1.0,0.48048298540815026,0.4686246813143796,0.47455383336126494,0.6682548154261799,-0.05944444444444441,-0.05416666666666675,0.46299023706670656,0.19926526035029615,0.17639061901081732,0.7101390403877867,0.011858304093770644,0.005277777777777659,0.016121723818514285,0.41587523445936425,0.10639556177422267,0.11414204713350029,0.0,0.9999999987499999,0.683437275097539,0.28146266602408104,0.28665808881797833,0.38768912716668547,happy,03,14,14,female,strong,1577
50,1.6683333333333334,True,1.0,0.45360583811963917,0.44267677808399475,0.44814130810181696,0.8360018309929791,-0.056203703703703645,-0.04962962962962958,0.4799382094550653,0.21183832365833338,0.17500392364463044,0.5360530222398288,0.010929060035644422,0.0065740740740740655,0.014024110393270848,0.34010586990489616,0.1060855424156275,0.11575453234943563,0.0,0.9999999987499999,0.6729110795490071,0.28090823980571633,0.30068038909529843,0.41743705519267066,happy,03,14,14,female,strong,1577
60,2.0020000000000002,True,1.0,0.5135725389031885,0.49222039114278465,0.5028964650229866,0.7034372501998407,-0.06166666666666665,-0.0539351851851852,0.43028190486045387,0.33253397282174246,0.16528516337956806,0.7149130428906314,0.021352147760403895,0.00773148148148145,0.008227374885320129,0.3988636363636359,0.11640798136388562,0.11185831218364156,0.0,0.9999999987499999,0.6209425273937701,0.266633561015463,0.3077226751750753,0.37086249348952244,happy,03,14,14,female,strong,1577
70,2.3356666666666666,True,1.0,0.5155650608118222,0.5137754406320834,0.5146702507219527,0.7025552571382039,-0.06388888888888883,-0.05800925925925926,0.42393635531874907,0.34487272672190683,0.16875,0.7325690691126788,0.0017896201797388267,0.005879629629629568,0.008872378101426898,0.41068241330449934,0.10708315767440806,0.11399970032550814,0.0,0.9999999987499999,0.6858365199595464,0.28315971294530146,0.2872530890448206,0.38773883414846505,happy,03,14,14,female,strong,1577
80,2.6693333333333333,True,1.0,0.44672428059923275,0.4526558298232973,0.44969005521126504,0.7701926822186719,-0.06004629629629632,-0.05393518518518514,0.5071075794984325,0.2513133179919393,0.17014292463502936,0.5838669538067486,0.005931549224064525,0.006111111111111178,0.016778883029041628,0.37592416270596646,0.10713992336738515,0.11691724512518904,0.0,0.9999999987499999,0.6817006157775609,0.2812975036254979,0.2990414943249613,0.4173562863970158,happy,03,14,14,female,strong,1577
90,3.003,True,1.0,0.4544245755271669,0.4782826556151721,0.4663536155711695,0.7037966707390624,-0.058935185185185146,-0.052638888888888846,0.5080792768021756,0.1758916840736472,0.17292372601051914,0.6626254925040324,0.023858080088005162,0.0062962962962963,0.020380945909130768,0.39308637657100454,0.10726167513974047,0.11516292353843832,0.0,0.9999999987499999,0.6791563162843262,0.281976646754225,0.29697087256722116,0.413594865265353,happy,03,14,14,female,strong,1577
100,3.336666666666667,True,1.0,0.49610029509344494,0.4989471383735741,0.4975237167335095,0.805311946201277,-0.05958333333333332,-0.05189814814814814,0.49195583271860666,0.1875328311871312,0.17639580927478637,0.6178024790025405,0.00284684328012913,0.007685185185185184,0.013091575024796203,0.34781692665352887,0.1063195388259582,0.11202333165563463,0.0,0.9999999987499999,0.6755576402592287,0.2846757611697718,0.2890427111144376,0.3887217953359899,happy,03,14,14,female,strong,1577
110,3.6703333333333332,True,1.0,0.4902558035183422,0.5009188861271425,0.49558734482274236,0.7752486115720686,-0.058379629629629615,-0.05138888888888893,0.4823432608860572,0.17412690773252162,0.18195492727998097,0.6392624732571631,0.010663082608800334,0.006990740740740686,0.0207040937860897,0.35981705591779634,0.10958084664040732,0.11346327954142682,0.0,0.9999999987499999,0.6739189159257454,0.28497702808598185,0.29292860416167044,0.39824728913737717,happy,03,14,14,female,strong,1577
0,0.0,True,1.0,0.23885242979544963,0.20912011955214968,0.22398627467379967,0.5899136271525252,-0.07393518518518521,-0.06444444444444442,0.48848917583561374,0.08343606204146277,0.1778125358087713,0.3796933387603994,0.029732310243299948,0.0094907407407408,0.02966779262185994,0.45963191896501854,0.10641647884738446,0.11462228125884834,0.0,0.9999999987499999,0.6805317167804622,0.27957278001857533,0.2815727003243489,0.3936589082791977,happy,03,14,14,female,strong,1578
10,0.33366666666666667,True,1.0,0.5427286910591669,0.5508326714298319,0.5467806812444994,0.6543572192629913,-0.0593055555555555,-0.05055555555555552,0.48099207764541735,0.10149523996663415,0.1778125358087713,0.8355996772838292,0.008103980370665065,0.00874999999999998,0.026018176381971438,0.41827207919153636,0.10766018423473976,0.11445803924326865,0.0,0.9999999987499999,0.6829740981705181,0.28095089826385833,0.2867834089923614,0.4025674850419542,happy,03,14,14,female,strong,1578
20,0.6673333333333333,True,1.0,0.5369675114641052,0.5769843327230528,0.556975922093579,0.7671208721892142,-0.06064814814814812,-0.05379629629629623,0.4909356410479497,0.14792563695316183,0.17711090471635124,0.7260601846278512,0.04001682125894768,0.006851851851851887,0.011771038871046798,0.34813842017363755,0.10752980914499416,0.1139134863492165,0.0,0.9999999987499999,0.6770694881858993,0.28229467409251263,0.29120965281358413,0.4073325139781104,happy,03,14,14,female,strong,1578
30,1.0010000000000001,True,1.0,0.49969473783614166,0.5122898505899529,0.5059922942130473,0.7503846658909906,-0.06273148148148144,-0.053750000000000075,0.4715772411553638,0.2160198280595277,0.17430599325732177,0.6743105465944496,0.012595112753811255,0.008981481481481368,0.01790942764799672,0.38471802138742744,0.10535299227741855,0.11609389816952827,0.0,0.9999999987499999,0.6722730956132453,0.2834814392647692,0.2854017451116669,0.39962819306655933,happy,03,14,14,female,strong,1578
40,1.3346666666666667,True,1.0,0.41220491051082875,0.3895016688772881,0.4008532896940584,0.7000759664055481,-0.053888888888888986,-0.0471759259259259,0.49771709162837857,0.16691619346958733,0.17085521526842085,0.5725854177685732,0.02270324163354065,0.006712962962963087,0.014265291916216354,0.43290089135874665,0.115340237308648,0.11363162226023972,0.0,0.9999999987499999,0.6146246599264705,0.26817105999594104,0.3193331104907551,0.3560433034214001,happy,03,14,14,female,strong,1578
50,1.6683333333333334,True,1.0,0.420676614596844,0.38262541643884784,0.40165101551784593,1.0081611891019329,-0.06185185185185177,-0.05486111111111114,0.48232156097299983,0.35611727414649946,0.1583410428495861,0.3983996010356593,0.03805119815799618,0.006990740740740631,0.01872184126731769,0.3003576216487046,0.10682406759108408,0.11671723149573418,0.0,0.9999999987499999,0.6781675989927222,0.2849281411497385,0.3032507471487512,0.4270679294094664,happy,03,14,14,female,strong,1578
60,2.0020000000000002,True,1.0,0.4820096299607046,0.4515285273380321,0.46676907864936834,0.7206226140075506,-0.06259259259259259,-0.055972222222222257,0.48010527356081173,0.3436815543728323,0.15559527783110302,0.6477302676550165,0.030481102622672507,0.006620370370370332,0.007921590730865628,0.39063676017800325,0.10696846841143655,0.1154353181553072,0.0,0.9999999987499999,0.6793788207861269,0.2804369038129097,0.300505170057848,0.4140960211838066,happy,03,14,14,female,strong,1578
70,2.3356666666666666,True,1.0,0.4362901460899299,0.39865385104181766,0.4174719985658738,0.8122824517949953,-0.06449074074074079,-0.058981481481481524,0.4800446758498841,0.3950617283950622,0.1556261659247812,0.5139493013093379,0.03763629504811222,0.005509259259259269,0.008957396373796283,0.3574260737408099,0.10644940895118313,0.11656974322647981,0.0,0.9999999987499999,0.6772040848214285,0.28387232818354285,0.30288673352599915,0.4230822732614132,happy,03,14,14,female,strong,1578
80,2.6693333333333333,True,1.0,0.42502110984756497,0.39683462869035785,0.4109278692689614,0.8778434904903517,-0.06087962962962967,-0.053611111111111165,0.5009269010636151,0.29603122085724404,0.1687518084393839,0.46811062987939067,0.02818648115720712,0.0072685185185185075,0.018336614770857157,0.33894502721212433,0.10425353935238639,0.11756937334511576,0.0,0.9999999987499999,0.6797187707270409,0.2816278447627903,0.2970671110941985,0.4057042236385301,happy,03,14,14,female,strong,1578
90,3.003,True,1.0,0.45764031729301746,0.43651480502372036,0.44707756115836894,0.8781871268100471,-0.05944444444444441,-0.05333333333333323,0.5037260241581255,0.26970539809557614,0.1715317808465777,0.5090914538708244,0.021125512269297098,0.006111111111111178,0.019997626468197735,0.33894502721212433,0.10690072114073576,0.11582749943968836,0.0,0.9999999987499999,0.6736810780796693,0.2852906890856824,0.3074250806100802,0.43333633722465614,happy,03,14,14,female,strong,1578
100,3.336666666666667,True,1.0,0.41965848706167735,0.42930567357375443,0.4244820803177159,0.8608538426232926,-0.05990740740740741,-0.053055555555555634,0.5028202532933649,0.24434572899620538,0.1722293100300018,0.49309425049923156,0.009647186512077077,0.006851851851851776,0.02210757614772909,0.3341176984768379,0.10827390109141566,0.11504280938865913,0.0,0.9999999987499999,0.675827265413978,0.2833161582230703,0.30916573786310064,0.42809957234002044,happy,03,14,14,female,strong,1578
110,3.6703333333333332,True,1.0,0.4604088378695488,0.4444136343489683,0.45241123610925854,0.7682418258894742,-0.05791666666666667,-0.05087962962962955,0.4951174366659041,0.18389329267472193,0.17708376416920632,0.5888917016272247,0.01599520352058048,0.007037037037037119,0.023364329095696152,0.36542045780153526,0.10642524056476631,0.11192291696543642,0.0,0.9999999987499999,0.6755378712344313,0.28416427746904527,0.3004495388103793,0.4056651893419317,happy,03,14,14,female,strong,1578
0,0.0,True,1.0,0.6878905183207635,0.7050910325864436,0.6964907754536036,0.5876898120851444,-0.062083333333333324,-0.05564814814814817,0.36952481921429237,0.21301649550001583,0.17847393214836946,1.1851333154516148,0.017200514265680034,0.006435185185185155,0.013233902797818362,0.47873081554584407,0.1078525075844039,0.11208855118536021,0.0,0.9999999987499999,0.6848831213266556,0.27785873421746254,0.26514389023016943,0.3598415051595173,happy,03,14,14,female,strong,1579
10,0.33366666666666667,True,1.0,0.6669652222182898,0.670468862082305,0.6687170421502975,0.7179036623184429,-0.06092592592592583,-0.05472222222222223,0.43180842144258097,0.15110818442240026,0.1770902265815209,0.931485765082603,0.003503639864015251,0.0062037037037036,0.018757967848514256,0.3551939829771905,0.10657507692529376,0.11414148857824767,0.0,0.9999999987499999,0.6802666230163941,0.28268559894187995,0.2637397840058843,0.35988095558372557,happy,03,14,14,female,strong,1579
20,0.6673333333333333,True,1.0,0.25344843876242645,0.27417516040236845,0.2638117995823974,0.7504766976819209,-0.07180555555555557,-0.0622685185185185,0.4899082833540737,0.12691451117180946,0.17779322663045252,0.3515256375011531,0.020726721639941992,0.009537037037037066,0.01860074840070463,0.348657261875508,0.10517182328406663,0.1160940558918772,0.0,0.9999999987499999,0.6814273213816777,0.28157212067646437,0.27996420646520875,0.3995861979043464,happy,03,14,14,female,strong,1579
30,1.0010000000000001,True,1.0,0.3979411047686399,0.40694840120715053,0.4024447529878952,0.6649113984067387,-0.058148148148148115,-0.05129629629629634,0.47099576194605947,0.1633436298844559,0.1701550312991308,0.6052607218829963,0.009007296438510615,0.006851851851851776,0.019463437427182068,0.4318514953516291,0.10822871706840763,0.11442121595773282,0.0,0.9999999987499999,0.6721458583745998,0.286596999288275,0.294394028877643,0.3896748920842565,happy,03,14,14,female,strong,1579
40,1.3346666666666667,True,1.0,0.4258069730264995,0.42060097862434015,0.4232039758254198,0.7236522700948316,-0.058981481481481524,-0.05291666666666678,0.4690837117523297,0.25436970533200753,0.17292063758304482,0.5848167598091839,0.005205994402159353,0.006064814814814745,0.012628399163303966,0.4045362006184742,0.1081017205827582,0.11569967804191061,0.0,0.9999999987499999,0.677610205183636,0.2812541139888459,0.29423032350727873,0.3983077776133821,happy,03,14,14,female,strong,1579
50,1.6683333333333334,True,1.0,0.41728741532390773,0.42116788157506124,0.41922764844948446,0.8924731272752375,-0.06185185185185188,-0.054861111111111194,0.5003106641495473,0.2443457289962055,0.17222222222222228,0.469736998949656,0.0038804662511535137,0.006990740740740686,0.013995999764301421,0.32831144531262696,0.10633703086642589,0.11716112585180159,0.0,0.9999999987499999,0.6752373057504252,0.2821205711584488,0.2999861294809071,0.41033321895733577,happy,03,14,14,female,strong,1579
60,2.0020000000000002,True,1.0,0.607987374335491,0.5858025892746733,0.5968949818050822,0.7360642861693326,-0.07124999999999992,-0.067962962962963,0.43776878282325543,0.34979837804823066,0.18269903226568524,0.8109277858208238,0.02218478506081767,0.0032870370370369217,0.012631944242052159,0.39670336311286136,0.11018419361527158,0.11455287297895629,0.0,0.9999999987499999,0.6744230015365522,0.28110395670782634,0.29000848185633765,0.3871381774248045,happy,03,14,14,female,strong,1579
70,2.3356666666666666,True,1.0,0.4582231195540456,0.4519774011299432,0.4551002603419944,0.6643162833932753,-0.06453703703703706,-0.05842592592592594,0.48154038121916015,0.27770598732013946,0.16461299838138876,0.6850656407477747,0.0062457184241023755,0.006111111111111123,0.0023507617315348317,0.4361830872874164,0.10648035668506885,0.11703088132954921,0.0,0.9999999987499999,0.6709842758431498,0.2835400871843464,0.2980557877641879,0.409309350290352,happy,03,14,14,female,strong,1579
80,2.6693333333333333,True,1.0,0.5018179879523235,0.5139202433285633,0.5078691156404433,0.8409859522641453,-0.06,-0.05384259259259261,0.49844500066256187,0.23414520758270108,0.17571572102484903,0.6038972640067676,0.012102255376239879,0.006157407407407389,0.009587551456178704,0.349042335468888,0.10759692991182822,0.11468375054098368,0.0,0.9999999987499999,0.6713715764352615,0.2845939681147099,0.3012551678864856,0.4189752921195288,happy,03,14,14,female,strong,1579
90,3.003,True,1.0,0.5058593763949757,0.5145238365010196,0.5101916064479977,0.7870078224527566,-0.05935185185185188,-0.05212962962962958,0.4982039517675781,0.19666107114692555,0.17986153529316404,0.6482675163989543,0.008664460106043936,0.0072222222222222965,0.017505942856999107,0.38085131105289893,0.11067823332279625,0.11256247319300279,0.0,0.9999999987499999,0.6693065629533063,0.2820216643445939,0.3047294004564727,0.41174183434204187,happy,03,14,14,female,strong,1579
100,3.336666666666667,True,1.0,0.5162495939069532,0.5419498762852717,0.5290997350961124,0.7741738512605045,-0.060185185185185175,-0.05333333333333329,0.4879465474759674,0.1907636250594073,0.17847906182851891,0.6834378792756122,0.02570028237831845,0.006851851851851887,0.010476421942816871,0.36460571437781886,0.1078404864669308,0.11412135447798705,0.0,0.9999999987499999,0.6715061749465412,0.283815846603571,0.2933398808314786,0.4055645159562761,happy,03,14,14,female,strong,1579
110,3.6703333333333332,True,1.0,0.22462152749637745,0.19700541873206703,0.21081347311422224,0.679841429250716,-0.07620370370370377,-0.06699074074074074,0.48741645637078956,0.1315605559442784,0.18055597810614288,0.31009212449227946,0.02761610876431042,0.009212962962963034,0.016479889347032935,0.4094711358972802,0.10641386572461323,0.11412498267360642,0.0,0.9999999987499999,0.6745076208530287,0.28239520835671467,0.28455040303801654,0.3934952932353469,happy,03,14,14,female,strong,1579
0,0.0,True,1.0,0.79247815633284,0.7934703546272627,0.7929742554800514,0.42920535696023027,-0.061620370370370325,-0.05865740740740738,0.35911137009099536,0.22988505747126461,0.17986492871357404,1.8475404433349782,0.0009921982944226526,0.002962962962962945,0.0010977162008576017,0.5824717607687386,0.10713942038022388,0.11260127597676572,0.0,0.9999999987499999,0.6846616886598389,0.28075362955051614,0.25650142220664535,0.35263345634153737,sad,04,14,14,female,normal,1580
10,0.33366666666666667,True,1.0,0.7879770251252964,0.7911971393016927,0.7895870822134945,0.43279852981169975,-0.062361111111111145,-0.05824074074074076,0.3571800856314486,0.25504199078189427,0.18125042093162325,1.8243756108807136,0.003220114176396227,0.004120370370370385,0.00039954186896398784,0.5825892857142841,0.10633120478667224,0.11201225852277695,0.0,0.9999999987499999,0.6842043416898009,0.28100938102486595,0.2562134690967384,0.3506179886894889,sad,04,14,14,female,normal,1580
20,0.6673333333333333,True,1.0,0.3074494326525966,0.3015402632372361,0.3044948479449163,0.8963827581024062,-0.08361111111111108,-0.0768518518518519,0.3633073963010956,0.3418408823271886,0.18056611902358904,0.33969288810230513,0.005909169415360516,0.006759259259259187,0.004098731981579508,0.2955508474576278,0.10459717744115306,0.1136331889997174,0.0,0.9999999987499999,0.682712013203719,0.2820420214874177,0.26029743686063966,0.3536585876684975,sad,04,14,14,female,normal,1580
30,1.0010000000000001,True,1.0,0.5173685927863336,0.5011698527999251,0.5092692227931294,0.9560460271293068,-0.06805555555555559,-0.06115740740740744,0.367126033997171,0.3659722347914115,0.17847393214836935,0.5326827457484428,0.016198739986408528,0.006898148148148153,0.011267529577947615,0.2992247859283917,0.10424427917007939,0.11512136666770974,0.0,0.9999999987499999,0.6831957893782512,0.2834209629717819,0.25550580664226713,0.3532008816005574,sad,04,14,14,female,normal,1580
40,1.3346666666666667,True,1.0,0.3121373538891902,0.301435444930349,0.3067863994097696,0.6568850280917646,-0.07796296296296301,-0.0717592592592593,0.3659742763842924,0.27610006293451916,0.18194612173871702,0.46703210804024076,0.01070190895884121,0.006203703703703711,0.015085687800150877,0.421737170996545,0.11844557556844384,0.11021822717189424,0.0,0.9999999987499999,0.6269733311527736,0.26853454471861093,0.27640741289181786,0.32482812486413953,sad,04,14,14,female,normal,1580
50,1.6683333333333334,True,1.0,0.7182293450578734,0.6976002312461171,0.7079147881519953,0.8444991867424545,-0.06291666666666673,-0.05671296296296302,0.38156120322445763,0.3166732790279778,0.18055724575197146,0.8382658021053688,0.02062911381175625,0.006203703703703711,0.0015936013361677194,0.31115188021601264,0.1058026178332162,0.11535442920985296,0.0,0.9999999987499999,0.6812268709905837,0.2816446059549246,0.26228952031228236,0.35292535464710767,sad,04,14,14,female,normal,1580
60,2.0020000000000002,True,1.0,0.3277095159845006,0.3074494326525974,0.317579474318549,0.7951988921793742,-0.08087962962962963,-0.07370370370370366,0.38391286055095253,0.2555867505465642,0.1861373452695948,0.3993711226736872,0.02026008333190321,0.0071759259259259744,0.0013572738267320905,0.3633482016440926,0.10582264446132725,0.11517075258264967,0.0,0.9999999987499999,0.6717355383481518,0.28020753811026505,0.25522572663395277,0.35329021402912925,sad,04,14,14,female,normal,1580
70,2.3356666666666666,True,1.0,0.6873132485131036,0.6827931658021266,0.6850532071576151,0.5974827116096628,-0.05958333333333332,-0.05509259259259258,0.35155272648276836,0.24509562075452418,0.18611766999740337,1.14656573963794,0.004520082710977036,0.00449074074074074,0.0061471571562218864,0.47591204019934397,0.10920273040752844,0.11264951750284169,0.0,0.9999999987499999,0.6719583861357044,0.27781968279581715,0.258318383985315,0.3615793752290506,sad,04,14,14,female,normal,1580
80,2.6693333333333333,True,1.0,0.6991401362432674,0.735021201611015,0.7170806689271412,0.6174222246533497,-0.05708333333333332,-0.052962962962962934,0.357717284360175,0.21082710110114417,0.18958494304490606,1.1614105231306573,0.0358810653677476,0.004120370370370385,0.001438546679478308,0.453400402727366,0.10802116055554122,0.11378303473604312,0.0,0.9999999987499999,0.6698182348408114,0.27503902574227324,0.2554300395526752,0.35997500904016677,sad,04,14,14,female,normal,1580
90,3.003,True,1.0,0.6804062315997861,0.6936474806409616,0.6870268561203738,0.5629011939301942,-0.058379629629629615,-0.052870370370370345,0.3644413060844139,0.1999780557383588,0.19027938161454036,1.2205105683353241,0.013241249041175518,0.005509259259259269,0.01230463378540124,0.48848684210526244,0.10961978373471852,0.11207385595367568,0.0,0.9999999987499999,0.6706478508669093,0.2750912337888919,0.2557562155964513,0.35743067449202615,sad,04,14,14,female,normal,1580
100,3.336666666666667,True,1.0,0.7550409472782613,0.7568399159668037,0.7559404316225324,0.5574387947269309,-0.05986111111111114,-0.055046296296296315,0.35864167086976984,0.21092278719397295,0.1881960660357054,1.3560958418633928,0.0017989686885423462,0.004814814814814827,0.0029059614249175776,0.47128378378378366,0.10955234116609952,0.1116289338708621,0.0,0.9999999987499999,0.6721490168801897,0.2749951253666704,0.25452370408428454,0.3558065862806794,sad,04,14,14,female,normal,1580
110,3.6703333333333332,True,1.0,0.7216465571367849,0.7260396605026548,0.7238431088197199,0.48883524736043066,-0.05722222222222223,-0.05236111111111108,0.3670073224165943,0.21479124505230993,0.18750000000000006,1.48075064702937,0.004393103365869844,0.004861111111111149,0.0013126637809237557,0.5292772817729088,0.10971934312514085,0.11129373804912399,0.0,0.9999999987499999,0.6708908201952655,0.2773229218237129,0.2517047109684999,0.35046971869175503,sad,04,14,14,female,normal,1580
0,0.0,True,1.0,0.5424470589601124,0.5237887388861523,0.5331178989231323,0.4592844590543178,-0.0687962962962963,-0.06319444444444444,0.36477634020484523,0.1999780557383588,0.18611152104827625,1.1607575401546137,0.018658320073960066,0.005601851851851858,0.003084903941922116,0.5995599036652056,0.11961057170789902,0.10965007477578749,0.0,0.9999999987499999,0.6275990424529186,0.26283251809329244,0.2784824317162585,0.32784176393039277,sad,04,14,14,female,normal,1581
10,0.33366666666666667,True,1.0,0.7975641075814149,0.751178951679155,0.774371529630285,0.4699902387807877,-0.062361111111111145,-0.059259259259259345,0.3641804816695525,0.22751096788022454,0.18334373675797258,1.6476332181687425,0.04638515590225989,0.0031018518518518,0.014014915917383651,0.5454802045447185,0.10869369180335957,0.11178550846997631,0.0,0.9999999987499999,0.6744225072294545,0.28317037145912716,0.2561050801122565,0.34543160784513555,sad,04,14,14,female,normal,1581
20,0.6673333333333333,True,1.0,0.7789040402934583,0.7339885930543029,0.7564463166738806,0.47490684573069564,-0.05999999999999994,-0.056574074074074054,0.35253940259610206,0.20667821999022018,0.18334831407780552,1.5928309382653898,0.044915447239155415,0.003425925925925888,0.012350725305195343,0.5449510667740814,0.10866502609839929,0.11232338352802036,0.0,0.9999999987499999,0.6715121304068503,0.27627531283052453,0.250723649770146,0.35410107392254964,sad,04,14,14,female,normal,1581
30,1.0010000000000001,True,1.0,0.2912932013335503,0.2649003523959427,0.2780967768647465,0.8666739580656235,-0.07564814814814819,-0.06967592592592592,0.40016170311077226,0.26402393430769683,0.1826388888888889,0.32087819678515056,0.026392848937607627,0.005972222222222268,0.008325405955998172,0.33539136500297984,0.11781692427304442,0.11157508735114567,0.0,0.9999999987499999,0.622404053801208,0.2677899444404882,0.29172222254301916,0.3403120928451378,sad,04,14,14,female,normal,1581
40,1.3346666666666667,True,1.0,0.6690253819506179,0.6701939916502072,0.6696096868004126,0.8173634536590809,-0.06384259259259262,-0.058611111111111114,0.3768996960486325,0.3440860215053761,0.18333707863421067,0.819231253615242,0.001168609699589318,0.005231481481481504,0.003167854588836116,0.3457726680750808,0.10666277621622884,0.11439312261340973,0.0,0.9999999987499999,0.6796494888111493,0.28259703780708617,0.2651937615493925,0.357656156941431,sad,04,14,14,female,normal,1581
50,1.6683333333333334,True,1.0,0.6519287919959729,0.6717164516128378,0.6618226218044053,0.9098893626538743,-0.0627314814814815,-0.056157407407407434,0.37868022441067467,0.3554118051937915,0.18612135926937018,0.7273660391787274,0.019787659616864905,0.0065740740740740655,0.022893598092134478,0.3163940298931531,0.10573404650886456,0.11475510401585003,0.0,0.9999999987499999,0.6774384831588885,0.28415728872878965,0.266549218841584,0.35854795189991395,sad,04,14,14,female,normal,1581
60,2.0020000000000002,True,1.0,0.6960235330022875,0.7347712193111874,0.7153973761567374,0.86516674079399,-0.06638888888888889,-0.06064814814814812,0.3845940104561056,0.33477927429811477,0.1909917968582275,0.8268895952937295,0.03874768630889991,0.0057407407407407685,0.022648499944789863,0.3280805287187333,0.10561905896916471,0.11502669611380023,0.0,0.9999999987499999,0.6739564266878627,0.28500886810468595,0.26895660726576454,0.35213439231380145,sad,04,14,14,female,normal,1581
70,2.3356666666666666,True,1.0,0.6974436886507872,0.7405058951375363,0.7189747918941618,0.6197208293319072,-0.06263888888888897,-0.05486111111111114,0.3544098098692399,0.24930601235338706,0.18759153039354048,1.1601591520963654,0.04306220648674908,0.007777777777777828,0.03196285949763953,0.439535942870433,0.10999686451702635,0.11272248957509706,0.0,0.9999999987499999,0.6656501203528286,0.27800866272330893,0.2648768214079696,0.3625510175471253,sad,04,14,14,female,normal,1581
80,2.6693333333333333,True,1.0,0.6947268755926775,0.7354257849656569,0.7150763302791672,0.6245514782265861,-0.06138888888888888,-0.05240740740740746,0.362515941031464,0.21544513440994356,0.1896320210632777,1.144943779990124,0.040698909372979375,0.008981481481481424,0.040073210971033016,0.44224833435547706,0.10902961113627012,0.11230931472779782,0.0,0.9999999987499999,0.6681039717527636,0.27490036154411335,0.2593676494963322,0.3605680196900896,sad,04,14,14,female,normal,1581
90,3.003,True,1.0,0.6884719288114615,0.7353308451496058,0.7119013869805336,0.545287196184926,-0.06152777777777779,-0.052685185185185224,0.36205221514742975,0.18419736254252952,0.1896320210632777,1.3055530956188137,0.04685891633814432,0.008842592592592569,0.036876465472117405,0.47200357408210863,0.1084511513728209,0.11269907762499716,0.0,0.9999999987499999,0.6670065601162339,0.2756587201959728,0.2561336111434205,0.361021984113722,sad,04,14,14,female,normal,1581
100,3.336666666666667,True,1.0,0.6965505187712488,0.7326466419840325,0.7145985803776407,0.5707418179130743,-0.06106481481481485,-0.05291666666666661,0.358028534537059,0.21006627159206462,0.18828563725134137,1.2520522554148577,0.03609612321278366,0.008148148148148238,0.04448758878555925,0.4591829887147961,0.10911083533263091,0.11154930794169143,0.0,0.9999999987499999,0.6695325512939551,0.2746470279832217,0.25870662470146466,0.36121258122521055,sad,04,14,14,female,normal,1581
0,0.0,True,1.0,0.7317217539929797,0.7433033827323011,0.7375125683626405,0.429521940490917,-0.06490740740740747,-0.05990740740740741,0.37052733388841985,0.1925081082577299,0.1791773120172028,1.7170544711166773,0.011581628739321448,0.00500000000000006,0.0010301853000631474,0.5817871202317277,0.10468246765985488,0.11405684537915281,0.0,0.9999999987499999,0.6855546077493498,0.2819614071651645,0.25318712804378934,0.3524458207824936,sad,04,14,14,female,normal,1582
10,0.33366666666666667,True,1.0,0.3751126517517401,0.32903984109073914,0.3520762464212396,0.5469454117235026,-0.0836574074074074,-0.07874999999999999,0.3599930865268279,0.17471867318945267,0.1798649287135741,0.643713684902845,0.04607281066100094,0.004907407407407416,0.0027636253546345266,0.4687499999999985,0.11879456068487632,0.11001530926065699,0.0,0.9999999987499999,0.6233484606186224,0.27286470107734945,0.2819636365929251,0.32818798281178324,sad,04,14,14,female,normal,1582
20,0.6673333333333333,True,1.0,0.3992109944689618,0.41249060885205613,0.40585080166050896,0.7198488468621216,-0.0811574074074074,-0.07476851851851857,0.3677993707113022,0.30116125225864243,0.17778164011680328,0.563800030283642,0.01327961438309433,0.006388888888888833,0.004178433952721246,0.37937584718003975,0.10568179965376226,0.11513464989120203,0.0,0.9999999987499999,0.6845818193527411,0.2808832176411657,0.25859382238916684,0.361522168483515,sad,04,14,14,female,normal,1582
30,1.0010000000000001,True,1.0,0.6480560754444065,0.6494608906135949,0.6487584830290007,0.78908328309219,-0.07004629629629633,-0.06537037037037036,0.3549551897497156,0.33366727663461165,0.18141829471211002,0.8221673135523835,0.0014048151691884447,0.004675925925925972,0.010929692004134383,0.3249174872602237,0.10614068394651492,0.11504344175246356,0.0,0.9999999987499999,0.6821936236291392,0.27926964280494126,0.258074087074643,0.3563559157953316,sad,04,14,14,female,normal,1582
40,1.3346666666666667,True,1.0,0.33760529386992033,0.3123838695717517,0.324994581720836,0.6684247168187468,-0.0797222222222222,-0.07064814814814818,0.3774857395457873,0.30574685738750385,0.17920115530761807,0.4862097010230145,0.02522142429816865,0.009074074074074012,0.003356611600550446,0.4068857545074628,0.10626253129577011,0.11426590450078393,0.0,0.9999999987499999,0.6828056770755178,0.283391657208454,0.2575518592278917,0.35205507840237404,sad,04,14,14,female,normal,1582
50,1.6683333333333334,True,1.0,0.6615966432732899,0.6929251435750889,0.6772608934241895,0.8265958033948234,-0.06620370370370371,-0.05828703703703708,0.3908534204453673,0.26174383557977215,0.17987638103482617,0.8193374447858114,0.03132850030179901,0.007916666666666627,0.011260300649284728,0.33748516943462414,0.10578649533270834,0.11404044942135005,0.0,0.9999999987499999,0.6822588202390332,0.2821829576979274,0.26309763065521535,0.3525911527728839,sad,04,14,14,female,normal,1582
60,2.0020000000000002,True,1.0,0.7164135018669402,0.7194782967617693,0.7179458993143548,0.6308110920101169,-0.06763888888888892,-0.061435185185185204,0.374655452023562,0.2508702758303985,0.18544999298171572,1.1381313810234024,0.003064794894829137,0.006203703703703711,0.009750301644210434,0.4224522190028024,0.10584833058522214,0.11381578828663916,0.0,0.9999999987499999,0.6817087476162341,0.28237934027658607,0.2620463663428676,0.3488224315810157,sad,04,14,14,female,normal,1582
70,2.3356666666666666,True,1.0,0.7344106891941893,0.7458735946118694,0.7401421419030294,0.6589828291905642,-0.062453703703703733,-0.056712962962962965,0.3494336108531763,0.2528438714609063,0.18543682774578088,1.123158463494647,0.011462905417680136,0.0057407407407407685,0.004237612157886765,0.4061547921184685,0.10780265960106943,0.11145482265038323,0.0,0.9999999987499999,0.6767365919258328,0.28460206546062533,0.25861161034577984,0.33940365676900164,sad,04,14,14,female,normal,1582
80,2.6693333333333333,True,1.0,0.7288566366749938,0.7404124000342593,0.7346345183546266,0.5480880046162421,-0.06402777777777785,-0.059675925925925855,0.365700478772736,0.21479124505231137,0.18961592732921567,1.3403586872312592,0.011555763359265558,0.0043518518518519955,0.0005216038108055394,0.48723665884648404,0.10668846727741131,0.11184250564401549,0.0,0.9999999987499999,0.6701654044273959,0.28005126239186845,0.24964870214328014,0.34879963561837973,sad,04,14,14,female,normal,1582
90,3.003,True,1.0,0.7164135018669402,0.6976002312461171,0.7070068665565287,0.5821093185651861,-0.06208333333333338,-0.05699074074074073,0.36316373436053206,0.23132707975594982,0.18893775557162903,1.2145602965078737,0.018813270620823053,0.0050925925925926485,0.006215876622753393,0.43340629861149105,0.11690904014750934,0.10838638915257603,0.0,0.9999999987499999,0.6315265984987745,0.26675545823922236,0.26594256131241295,0.3261259302620574,sad,04,14,14,female,normal,1582
100,3.336666666666667,True,1.0,0.7766363532245608,0.7785272341533069,0.7775817936889339,0.5289901820100907,-0.06657407407407406,-0.06074074074074082,0.3643742581983755,0.23507805325987188,0.18406135556647346,1.4699361540779998,0.0018908809287461192,0.005833333333333246,0.0016169461300262853,0.4843158830168064,0.10761810321030431,0.11231362588843397,0.0,0.9999999987499999,0.68167278473108,0.2806226256441308,0.25559168801426824,0.3442620005135331,sad,04,14,14,female,normal,1582
0,0.0,True,1.0,0.7506989788608555,0.7821039227914846,0.7664014508261701,0.41696642729379635,-0.06328703703703703,-0.057314814814814874,0.36416450196544076,0.2231947907724919,0.18128409229477524,1.8380411483012762,0.03140494393062909,0.005972222222222157,0.016279368035265397,0.6064073453348282,0.10688755053815013,0.11317756927008746,0.0,0.9999999987499999,0.6780790034529436,0.2824947558154241,0.2585680728242165,0.35420708245563975,sad,04,14,14,female,normal,1583
10,0.33366666666666667,True,1.0,0.41006713049209587,0.41084989601642663,0.41045851325426125,0.4504584054620894,-0.0773611111111111,-0.07087962962962957,0.3618872618970527,0.24007573896236076,0.18201529665858626,0.9112018074858755,0.0007827655243307641,0.0064814814814815325,0.01908945661196006,0.5630910044950863,0.10606454537947732,0.11394921175452086,0.0,0.9999999987499999,0.6794152538984344,0.28224881616944897,0.2522666285097128,0.34936240716095207,sad,04,14,14,female,normal,1583
20,0.6673333333333333,True,1.0,0.3757517538148901,0.34551684351973844,0.3606342986673143,0.7503499400051803,-0.08944444444444444,-0.08222222222222214,0.36890676660743055,0.308948831434563,0.1800307041767416,0.48062147997882765,0.030234910295151685,0.0072222222222222965,0.026870106530535773,0.355091545254222,0.10794425898467222,0.11182995888367797,0.0,0.9999999987499999,0.6774239412640056,0.281738020413398,0.26155568739152263,0.35642452803598224,sad,04,14,14,female,normal,1583
30,1.0010000000000001,True,1.0,0.6810901942467419,0.7036598992090696,0.6923750467279057,0.8269151414644235,-0.06597222222222221,-0.05972222222222223,0.35411899145089387,0.3455118818540711,0.18134468499349687,0.8372987892103968,0.022569704962327686,0.006249999999999978,0.04672387796915851,0.31885730996401707,0.1077833251523246,0.11367364270432324,0.0,0.9999999987499999,0.6764846160651762,0.2804253879070749,0.2608180002340625,0.35577925524871684,sad,04,14,14,female,normal,1583
40,1.3346666666666667,True,1.0,0.5578655739065235,0.5857730373711844,0.5718193056388539,0.5863601325583855,-0.07115740740740734,-0.061342592592592504,0.3615871862848855,0.277835122456824,0.18490427426774558,0.9752015423420968,0.027907463464660887,0.009814814814814832,0.05886572021505941,0.44615848582440326,0.10894147901405951,0.11290218896258787,0.0,0.9999999987499999,0.6722751102941178,0.2794079308771574,0.26309047138109465,0.35700647916990735,sad,04,14,14,female,normal,1583
50,1.6683333333333334,True,1.0,0.5291508849708609,0.5743760510502465,0.5517634680105536,0.7301180365862908,-0.07115740740740739,-0.0616666666666667,0.36841950739440743,0.2067792033164725,0.18563420824815238,0.7557181720785254,0.04522516607938554,0.009490740740740689,0.06940329649911053,0.37088426536157965,0.10774418680054884,0.10944191952570989,0.0,0.9999999987499999,0.6820705299463535,0.27938038812645577,0.265661907305622,0.35583784471944724,sad,04,14,14,female,normal,1583
60,2.0020000000000002,True,1.0,0.6667847231364614,0.7432778897901134,0.7050313064632874,0.6181026616287006,-0.06518518518518512,-0.05351851851851852,0.3677602642728798,0.21471887546694285,0.1885120097659645,1.1406378749535389,0.07649316665365202,0.011666666666666603,0.08593233585004426,0.4270294329361942,0.10707021042912489,0.11061928141096637,0.0,0.9999999987499999,0.6778371580819827,0.2787490635153496,0.27006315408848225,0.3566440010079234,sad,04,14,14,female,normal,1583
70,2.3356666666666666,True,1.0,0.6379488299083457,0.7327432050840464,0.6853460174961961,0.6059587231943021,-0.06541666666666668,-0.055972222222222257,0.3575215129485374,0.21332100058508058,0.19262903852213903,1.1310110594388427,0.09479437517570077,0.009444444444444422,0.07791512301900136,0.4210529042468061,0.10735439118270763,0.11086028106408881,0.0,0.9999999987499999,0.6704097056400685,0.275321807946156,0.2608619413569748,0.3623272951809479,sad,04,14,14,female,normal,1583
80,2.6693333333333333,True,1.0,0.6211429096651209,0.7154714832206959,0.6683071964429084,0.6455936577052535,-0.06407407407407412,-0.054212962962963074,0.349558982913187,0.21679317644677867,0.19267180897617386,1.0351824068693452,0.094328573555575,0.009861111111111043,0.0868781914991533,0.4143223850081337,0.10927137751993814,0.10949449813280848,0.0,0.9999999987499999,0.6714176904668118,0.2740034618644203,0.2604396625811904,0.3633489806437692,sad,04,14,14,female,normal,1583
90,3.003,True,1.0,0.6697234450992957,0.7497483715638625,0.7097359083315791,0.6046010311176975,-0.06310185185185185,-0.053009259259259256,0.35963743572264095,0.21332100058508047,0.19191529001815288,1.173891329658376,0.08002492646456683,0.010092592592592597,0.07863608670245369,0.4219984206493668,0.1096424128262525,0.10912295989491291,0.0,0.9999999987499999,0.6707211781822104,0.2739486339248197,0.26139741344132816,0.3632718090135845,sad,04,14,14,female,normal,1583
100,3.336666666666667,True,1.0,0.6327450141831792,0.733032747895706,0.6828888810394427,0.5940533384450962,-0.06453703703703706,-0.05486111111111114,0.35362562932986313,0.22962874371797576,0.19047174398086422,1.1495413573920297,0.10028773371252686,0.009675925925925921,0.07684411162626416,0.44125266843447736,0.10776611426374398,0.11063243551493622,0.0,0.9999999987499999,0.6732929280149559,0.2737976945675966,0.257106275830679,0.3611205190613204,sad,04,14,14,female,normal,1583
0,0.0,True,1.0,0.6640432802228311,0.6655661450506557,0.6648047126367433,0.4750400009265502,-0.06351851851851859,-0.06027777777777782,0.361413152705282,0.2528438714609051,0.18056611902358907,1.3994710157882773,0.0015228648278245993,0.0032407407407407662,0.004858604410751617,0.527197503158075,0.118174482356295,0.11102484197159339,0.0,0.9999999987499999,0.6271630073122999,0.2689509188102902,0.2800298778461957,0.33522428227039736,sad,04,14,14,female,strong,1584
10,0.33366666666666667,True,1.0,0.6124827735496022,0.5751633389462109,0.5938230562479065,0.4629587141466878,-0.06759259259259259,-0.0646296296296297,0.36485498962168567,0.24625140748213886,0.17992218303025742,1.2826695731225712,0.03731943460339138,0.0029629629629628895,0.008350211346244757,0.5630535579187874,0.12141951613414449,0.10799692940031942,0.0,0.9999999987499999,0.6222791719656613,0.26828501345946615,0.286393344979529,0.3349733445879119,sad,04,14,14,female,strong,1584
20,0.6673333333333333,True,1.0,0.7254185515984062,0.6981091239380677,0.7117638377682369,0.43580320472590617,-0.06337962962962962,-0.06032407407407414,0.3763608493885651,0.2177485517005084,0.1806269525721201,1.633223046663673,0.027309427660338503,0.003055555555555478,0.007024323080073789,0.5846497491129584,0.12060711353739235,0.10907824608811442,0.0,0.9999999987499999,0.6223162970031763,0.26770277364203393,0.28631298151394285,0.3329567008641054,sad,04,14,14,female,strong,1584
30,1.0010000000000001,True,1.0,0.7232657860973702,0.733414224560592,0.7283400053289811,0.7647220225096267,-0.0652314814814815,-0.06208333333333338,0.42179683954872554,0.24622165735442375,0.18403441091295178,0.9524245201396857,0.010148438463221776,0.003148148148148122,0.007994522392308356,0.35431483659673596,0.10400294155082714,0.11500860427446737,0.0,0.9999999987499999,0.6779632963028961,0.28560632270609504,0.2755204715168762,0.3713219078145131,sad,04,14,14,female,strong,1584
40,1.3346666666666667,True,1.0,0.7109036651807666,0.686117439817913,0.6985105524993398,0.8142412025995559,-0.061435185185185204,-0.056620370370370376,0.3737243431103821,0.2979352003583923,0.1820387682324514,0.8578668707371562,0.024786225362853687,0.004814814814814827,0.002005309733691198,0.323259876724007,0.11841719357043179,0.10990255840654181,0.0,0.9999999987499999,0.6251610266294018,0.2690820405544565,0.2850303616010106,0.3330033226251909,sad,04,14,14,female,strong,1584
50,1.6683333333333334,True,1.0,0.6922491396053722,0.686461739354616,0.6893554394799941,1.073164199625134,-0.06032407407407414,-0.053518518518518576,0.3595303106985018,0.38734243063737206,0.18214728491871637,0.6423578420905135,0.005787400250756192,0.006805555555555565,0.017136719245731,0.2559735005857201,0.109375262605412,0.11214274010043077,0.0,0.9999999987499999,0.6621902929609345,0.2820787181593066,0.26368059054216797,0.35907156164980053,sad,04,14,14,female,strong,1584
60,2.0020000000000002,True,1.0,0.6972735936854347,0.6318398901723616,0.6645567419288982,0.5599056928292488,-0.05939814814814798,-0.05634259259259272,0.37437390973648516,0.15049359681003727,0.1939581952229413,1.1869083498166257,0.0654337035130731,0.003055555555555256,0.020560835963781686,0.4955571129477858,0.10755098653789762,0.1137260901203704,0.0,0.9999999987499999,0.6644706815616872,0.2788220099125426,0.26709615789101193,0.36084560120904374,sad,04,14,14,female,strong,1584
70,2.3356666666666666,True,1.0,0.6487217730220411,0.6068536646671253,0.6277877188445833,0.6291167974291836,-0.05666666666666664,-0.053333333333333344,0.3949100028526415,0.22060750711860208,0.19338762614727917,0.9978873897660475,0.041868108354915834,0.0033333333333332993,0.026848432548084847,0.4800611581833405,0.1095137948937679,0.11285473269865538,0.0,0.9999999987499999,0.6588154645920867,0.28003731886653344,0.27858640189299355,0.3687188034693838,sad,04,14,14,female,strong,1584
80,2.6693333333333333,True,1.0,0.7015095475886879,0.6765785922380267,0.6890440699133573,0.6577473658454568,-0.05814814814814817,-0.05435185185185176,0.36105496622163474,0.23140410345449589,0.1959458913701307,1.0475816486587861,0.024930955350661144,0.0037962962962964086,0.009992803248952704,0.4237629709437027,0.10933407653996874,0.11286016890073508,0.0,0.9999999987499999,0.6616712202068328,0.27832066412544293,0.2722537068767999,0.3620265760318299,sad,04,14,14,female,strong,1584
90,3.003,True,1.0,0.6796871119988351,0.6365807572742617,0.6581339346365485,0.5469508540961656,-0.05814814814814806,-0.05388888888888893,0.393321650013614,0.1638262826205572,0.19247569968256215,1.2032780088150927,0.04310635472457347,0.004259259259259129,0.012730540605639239,0.5109676739915505,0.10923950958791206,0.11295170455531095,0.0,0.9999999987499999,0.6647205248114871,0.27755606531591853,0.2701101585682068,0.36546173129417636,sad,04,14,14,female,strong,1584
100,3.336666666666667,True,1.0,0.25446707512599975,0.2143321695013696,0.23439962231368466,0.48800601892496404,-0.07884259259259263,-0.07532407407407427,0.4007741887790792,0.14904019445292968,0.1945107434791823,0.4803211706897534,0.04013490562463015,0.0035185185185183654,0.00542319551049437,0.5838151320418845,0.10964976895111231,0.11289151465621944,0.0,0.9999999987499999,0.6664333751156714,0.2774431211530469,0.2668751494436915,0.36427849307347715,sad,04,14,14,female,strong,1584
110,3.6703333333333332,True,1.0,0.6794698148796057,0.6653500066331255,0.6724099107563656,0.3721654191008499,-0.06037037037037046,-0.05648148148148152,0.40961343061346955,0.13248915029121613,0.19383857917192496,1.80675010693069,0.014119808246480181,0.0038888888888889417,0.009682162962689016,0.7642637044247161,0.10911885675045764,0.11171213693463872,0.0,0.9999999987499999,0.6656244234803297,0.2774983710968798,0.267103297680788,0.36188760911138673,sad,04,14,14,female,strong,1584
0,0.0,True,1.0,0.69998982354332,0.7159573723262544,0.7079735979347872,0.4189758440882298,-0.06412037037037038,-0.05888888888888888,0.38013579799074293,0.18781675769472433,0.18333499792094693,1.68977187569243,0.015967548782934493,0.005231481481481504,0.01766732422090428,0.6012931034482752,0.10490756918230952,0.11233365218847723,0.0,0.9999999987499999,0.6797074023828282,0.28477133920224335,0.2540842186084758,0.3436280179768399,sad,04,14,14,female,strong,1585
10,0.33366666666666667,True,1.0,0.727595495401887,0.776532955281451,0.752064225341669,0.4189758440882296,-0.06310185185185191,-0.05662037037037032,0.3803882934074367,0.17336931479513015,0.1840427019957316,1.795006170291995,0.048937459879564105,0.006481481481481588,0.015021040192735615,0.6012931034482766,0.10637781898735546,0.11179770503471187,0.0,0.9999999987499999,0.6797920865455558,0.28391509066042503,0.25704997375604116,0.3442014031360732,sad,04,14,14,female,strong,1585
20,0.6673333333333333,True,1.0,0.7354625472743455,0.7326466419840334,0.7340545946291894,0.47002585639036293,-0.06314814814814823,-0.05763888888888885,0.3719123952906218,0.2056045497000718,0.18403441091295172,1.5617323699306171,0.0028159052903120596,0.00550925925925938,0.013053710006353202,0.5448377066694521,0.10628132805566214,0.1123991030786665,0.0,0.9999999987499999,0.6772208113948706,0.2852498164777625,0.25454161290036265,0.3390107529395378,sad,04,14,14,female,strong,1585
30,1.0010000000000001,True,1.0,0.5895513254917353,0.5978223539096409,0.593686839700688,0.7466493686216746,-0.06416666666666665,-0.058935185185185146,0.3848359928231258,0.21130395872158977,0.1855092249813157,0.7951347240762319,0.008271028417905613,0.005231481481481504,0.022651229212332934,0.3608287352701661,0.11939266142282846,0.11126568087918406,0.0,0.9999999987499999,0.6211152479976366,0.26893138155429086,0.2881448763922863,0.32495766887507926,sad,04,14,14,female,strong,1585
40,1.3346666666666667,True,1.0,0.6282544524304934,0.6717164516128384,0.6499854520216659,0.7677487987105533,-0.061851851851851936,-0.05476851851851855,0.367149825624772,0.30988926599328037,0.18891473730410502,0.8466121381281574,0.04346199918234506,0.007083333333333386,0.03053622877998952,0.36959948756569805,0.10826049558141927,0.11321928865413339,0.0,0.9999999987499999,0.668083450864721,0.28073212953509835,0.26893367981151095,0.36552594121315685,sad,04,14,14,female,strong,1585
50,1.6683333333333334,True,1.0,0.659587975289677,0.6927176179037583,0.6761527965967177,0.9167814691900791,-0.0622685185185185,-0.05328703703703708,0.3691680625322902,0.35762085016014333,0.18840877876015685,0.7375288651875324,0.033129642614081245,0.008981481481481424,0.05852538119899008,0.3194158008598298,0.10846109426848777,0.11519758927495549,0.0,0.9999999987499999,0.662529570586047,0.27810042467503715,0.2857647425794024,0.37864462880789035,sad,04,14,14,female,strong,1585
60,2.0020000000000002,True,1.0,0.6026523512902082,0.6591192663809518,0.63088580883558,0.7887361912653451,-0.06078703703703703,-0.05171296296296307,0.3907465331724223,0.27116307227331915,0.18922827157085864,0.7998692285483557,0.05646691509074353,0.009074074074073957,0.05964145973077279,0.3738084662587274,0.10736533472859602,0.11621952694381417,0.0,0.9999999987499999,0.6654185109043618,0.2770953777985293,0.28176788495504546,0.36996192584616105,sad,04,14,14,female,strong,1585
70,2.3356666666666666,True,1.0,0.6305348134846388,0.6807841152871015,0.6556594643858702,0.6738168857527116,-0.0642592592592593,-0.05435185185185187,0.352191580259224,0.21162492925313764,0.19633758771741705,0.9730528846178172,0.050249301802462676,0.00990740740740742,0.07534602242124351,0.4281688907999585,0.10993262846000657,0.11125444499979492,0.0,0.9999999987499999,0.657061327015181,0.275863698972793,0.284551110927157,0.36571808471092937,sad,04,14,14,female,strong,1585
80,2.6693333333333333,True,1.0,0.6149531669856585,0.677871218971351,0.6464121929785047,0.641015944471474,-0.06041666666666662,-0.05009259259259252,0.3672306542350143,0.17756129373734686,0.19553883490700796,1.0084182750110529,0.06291805198569256,0.010324074074074097,0.0724871452950098,0.4451883319523905,0.10920108334825535,0.11111857625977387,0.0,0.9999999987499999,0.6612696042948428,0.276049730752611,0.27527202479206525,0.3600678676331635,sad,04,14,14,female,strong,1585
90,3.003,True,1.0,0.6572580047300101,0.7078719802281084,0.6825649924790592,0.4461490665592423,-0.060324074074074086,-0.04972222222222217,0.36443841199602406,0.15789561229023116,0.1941280491399701,1.5299034417870383,0.05061397549809832,0.010601851851851918,0.07229637866210475,0.62284109890305,0.1075351652306818,0.11171293187314849,0.0,0.9999999987499999,0.6625486360481693,0.2756903902385555,0.272108847480871,0.3656750013412724,sad,04,14,14,female,strong,1585
100,3.336666666666667,True,1.0,0.6554356178063828,0.7078849694660047,0.6816602936361937,0.4508122249565314,-0.06078703703703703,-0.05166666666666675,0.36323737070588297,0.1522938519960112,0.19265002891296662,1.512071447711786,0.052449351659621835,0.009120370370370279,0.06922838282316579,0.6049686712767596,0.10817399545737205,0.10971392817486464,0.0,0.9999999987499999,0.6669931241715437,0.27593524888360377,0.2704066605166598,0.3624504308239584,sad,04,14,14,female,strong,1585
0,0.0,True,1.0,0.7093269761389736,0.7325872409981905,0.720957108568582,0.44779109963949837,-0.06208333333333338,-0.05564814814814811,0.35957997999448715,0.21601253556565864,0.17847606953301587,1.6100300098617422,0.02326026485921695,0.006435185185185266,0.026897935203229195,0.5426952494299412,0.11461207094101893,0.11046808734056018,0.0,0.9999999987499999,0.6328179195115546,0.26617066573250747,0.2699537499656163,0.33347894227572533,sad,04,14,14,female,strong,1586
10,0.33366666666666667,True,1.0,0.7396809113614362,0.7753526406329203,0.7575167759971783,0.436448311135487,-0.06259259259259259,-0.05504629629629626,0.3698743885332099,0.21054082228884483,0.17709410391571503,1.7356391505477076,0.0356717292714841,0.007546296296296329,0.028241848509986556,0.5631323806178823,0.10477528494052969,0.11430542670266555,0.0,0.9999999987499999,0.6845815533947955,0.2829477895482532,0.25430021212578124,0.354048249674761,sad,04,14,14,female,strong,1586
20,0.6673333333333333,True,1.0,0.6023408922682847,0.6299740205142482,0.6161574563912664,0.8102966412425807,-0.06486111111111115,-0.05703703703703705,0.363597423143475,0.2826961366994956,0.17779322663045252,0.7604097376565648,0.027633128245963534,0.007824074074074094,0.02089078010122477,0.30820462030725543,0.11554897856426134,0.10931356151694628,0.0,0.9999999987499999,0.6322727052383454,0.2702980579879691,0.27758251140130996,0.3334067417276991,sad,04,14,14,female,strong,1586
30,1.0010000000000001,True,1.0,0.6015152475744389,0.6081445674502695,0.6048299075123542,0.8025200214431932,-0.06625000000000003,-0.060092592592592586,0.35801302270373275,0.2931598696962504,0.18404809099924885,0.7536633247164007,0.006629319875830597,0.006157407407407445,0.019139038701604747,0.3142172920571034,0.11343873897457954,0.11150189988701367,0.0,0.9999999987499999,0.6275428298194278,0.2694518381260049,0.27106843175816325,0.3288450990721181,sad,04,14,14,female,strong,1586
40,1.3346666666666667,True,1.0,0.3792217381614404,0.40251033560421967,0.39086603688283006,0.6720215259376552,-0.07212962962962965,-0.06115740740740744,0.37307836660658145,0.22398967680255957,0.18333999159310857,0.58162725715886,0.02328859744277928,0.010972222222222217,0.04164900116251861,0.40058551386401187,0.10622050610143922,0.113636309259884,0.0,0.9999999987499999,0.6686564391068928,0.27785862291833135,0.25362939029152015,0.3555205624122268,sad,04,14,14,female,strong,1586
50,1.6683333333333334,True,1.0,0.6634920578534016,0.7014133158493323,0.682452686851367,0.7328726792793926,-0.060416666666666674,-0.052962962962962934,0.391639389480791,0.2112079584658158,0.18494058066540373,0.9312022485575505,0.03792125799593071,0.00745370370370374,0.0423988084918948,0.37193783784356704,0.10875610251492156,0.11291216205573536,0.0,0.9999999987499999,0.6694474248058598,0.2793228642281681,0.2702685061178605,0.3699179302626063,sad,04,14,14,female,strong,1586
60,2.0020000000000002,True,1.0,0.6345714119316755,0.665440864099663,0.6500061380156692,0.6542067496820917,-0.06449074074074074,-0.05574074074074076,0.38054308848593627,0.23438090773329892,0.18700312330408356,0.9935790762347473,0.03086945216798742,0.00874999999999998,0.06371072629950017,0.43241259848891755,0.10687340945664771,0.11469577378923539,0.0,0.9999999987499999,0.6636094302330308,0.27867887809116143,0.2698269651790906,0.37018980107760013,sad,04,14,14,female,strong,1586
70,2.3356666666666666,True,1.0,0.23055882445134934,0.2141247510152116,0.22234178773328048,0.7285984614545965,-0.08986111111111111,-0.0798148148148149,0.3349087917460234,0.2998463622602719,0.19362537138744687,0.3051636799910206,0.01643407343613773,0.01004629629629622,0.07363275585574722,0.3929150894384852,0.10803858550220978,0.1141009292685007,0.0,0.9999999987499999,0.6629994863023335,0.278178375481771,0.27312947179654123,0.3658730418474279,sad,04,14,14,female,strong,1586
80,2.6693333333333333,True,1.0,0.6342694752018322,0.7461024712111012,0.6901859732064667,0.8063628638182269,-0.059907407407407354,-0.0497685185185186,0.3480376046503914,0.22339658970325832,0.19227115564418842,0.8559248003291615,0.11183299600926899,0.010138888888888753,0.10639376625624813,0.3165594255122947,0.1086632571841737,0.11027093702443629,0.0,0.9999999987499999,0.6627222055619123,0.27569527716425085,0.2717377178389717,0.37126666474217945,sad,04,14,14,female,strong,1586
90,3.003,True,1.0,0.6048531674621141,0.7181022176209514,0.6614776925415328,0.7795793073753184,-0.060370370370370297,-0.050277777777777755,0.3481637520822959,0.21657325579543538,0.1920738428602685,0.8485059650551664,0.11324905015883724,0.010092592592592542,0.10363752883761052,0.34962190671409554,0.10833542831700932,0.1111086397545253,0.0,0.9999999987499999,0.6628559128182522,0.2767823594499409,0.27104947088525194,0.37103419629816137,sad,04,14,14,female,strong,1586
100,3.336666666666667,True,1.0,0.6499689531048718,0.7333474322617185,0.6916581926832952,0.6994778062634038,-0.06291666666666673,-0.05236111111111108,0.35368666500410045,0.21481398605875157,0.19130790907986384,0.9888207838617771,0.08337847915684671,0.010555555555555651,0.09451536185965442,0.374747588035121,0.10850145402690611,0.11077466038282369,0.0,0.9999999987499999,0.6634173934183049,0.2770174117568883,0.27114501913536165,0.3768676484265898,sad,04,14,14,female,strong,1586
0,0.0,True,1.0,0.7506989788608551,0.7759888015100443,0.7633438901854497,0.4710582992997222,-0.060416666666666674,-0.05513888888888896,0.3652109762583567,0.23549038560317476,0.17916836996525629,1.620487084762631,0.02528982264918922,0.005277777777777715,0.016733695240814653,0.5442652472666936,0.10578870064573727,0.11336816891950233,0.0,0.9999999987499999,0.6741499319102641,0.2789057970649643,0.2500728016927093,0.35647295720543243,sad,04,14,14,female,strong,1587
10,0.33366666666666667,True,1.0,0.7400622231487065,0.7429843002190153,0.741523261683861,0.4780045515642938,-0.061064814814814794,-0.05648148148148152,0.37055335150684593,0.23153345466395484,0.18263930661951863,1.5512891232043482,0.0029220770703087817,0.004583333333333273,0.013816076639849018,0.5107225811843851,0.10791687350412961,0.11151521541768432,0.0,0.9999999987499999,0.6751270011363922,0.2799506473866866,0.2530953308441386,0.3546309056038763,sad,04,14,14,female,strong,1587
20,0.6673333333333333,True,1.0,0.5847741679530533,0.58492646001241,0.5848503139827317,0.7833844280626329,-0.06333333333333335,-0.05814814814814817,0.3675020889208678,0.27868777063969297,0.1854170781391736,0.746568725432939,0.00015229205935674006,0.005185185185185182,0.011426006125956376,0.3569502703415799,0.10566899147811422,0.11314348082666638,0.0,0.9999999987499999,0.6727083541072679,0.28188603707418397,0.25449738169234337,0.35270528812059426,sad,04,14,14,female,strong,1587
30,1.0010000000000001,True,1.0,0.7282360465479719,0.7354264328112907,0.7318312396796314,0.7426409043210859,-0.06217592592592597,-0.057962962962962994,0.3776067238881711,0.28388187512349994,0.18615210035902052,0.985444291341134,0.007190386263318804,0.004212962962962974,0.009519624374678638,0.3528553386725521,0.10722902069957883,0.11419666959436646,0.0,0.9999999987499999,0.6666980227168995,0.28069206362318366,0.2634161652899133,0.3566039200508017,sad,04,14,14,female,strong,1587
40,1.3346666666666667,True,1.0,0.6667475567563373,0.6769499094487088,0.6718487331025231,0.8021979013019298,-0.059259259259259234,-0.051805555555555494,0.40194225485447765,0.2990702779887675,0.18752603985846872,0.8375099610858417,0.010202352692371464,0.00745370370370374,0.03387575520694132,0.34482758620689646,0.10821094373813137,0.11360256061059273,0.0,0.9999999987499999,0.6682947049210309,0.27954944108269597,0.27449348991553496,0.37411913194354474,sad,04,14,14,female,strong,1587
50,1.6683333333333334,True,1.0,0.5823172742375227,0.5854294767070487,0.5838733754722857,0.7235713728305512,-0.06509259259259259,-0.05499999999999988,0.4020613486060796,0.21021881622261956,0.18506924595602495,0.8069326639999886,0.0031122024695260375,0.010092592592592708,0.0589331457066114,0.39193334400658814,0.10810399112560586,0.1145390630423644,0.0,0.9999999987499999,0.6604876125137555,0.27878786465178124,0.2761432062839043,0.368569880266582,sad,04,14,14,female,strong,1587
60,2.0020000000000002,True,1.0,0.5924849384237734,0.6433429760338522,0.6179139572288128,0.6396500189650134,-0.06685185185185188,-0.05833333333333329,0.36644858806901864,0.19547511312217242,0.19135575931595175,0.9660188210869272,0.05085803761007879,0.008518518518518592,0.07005759568791617,0.4174022118093429,0.1090338520732618,0.11415603709176747,0.0,0.9999999987499999,0.6653170807776235,0.2771456618048986,0.2730039555749909,0.364609855548901,sad,04,14,14,female,strong,1587
70,2.3356666666666666,True,1.0,0.6125823535231811,0.6872871978201213,0.6499347756716511,0.6952594767743914,-0.06444444444444447,-0.05574074074074076,0.3690056645623129,0.2537350392555723,0.19091823731914503,0.9348089416730844,0.07470484429694013,0.008703703703703713,0.08758768800250931,0.389768973932452,0.11086283614212673,0.11187091410426399,0.0,0.9999999987499999,0.6653559881218111,0.27699307788750793,0.28170823049779664,0.3759011913266085,sad,04,14,14,female,strong,1587
80,2.6693333333333333,True,1.0,0.6358534133799588,0.7128092881238195,0.6743313507518891,0.6611215375527933,-0.06268518518518518,-0.05935185185185188,0.35892933221973855,0.23417071011963173,0.19359581698252112,1.0199809149282795,0.07695587474386067,0.0033333333333332993,0.09384245245201732,0.3839241080842281,0.096892966207214,0.11425838354516943,0.0,0.9999999987499999,0.6984149252435349,0.28967352251071826,0.2461066532719955,0.3706917531923022,sad,04,14,14,female,strong,1587
90,3.003,True,1.0,0.6516002294768685,0.7503408868796753,0.7009705581782719,0.7817476600650121,-0.060277777777777874,-0.05208333333333326,0.36182943664899825,0.20197522972553886,0.19353905987391748,0.8966711305793706,0.0987406574028068,0.008194444444444615,0.08337049836679111,0.35042583412077666,0.10742902533985647,0.11095979310534874,0.0,0.9999999987499999,0.6644922660079657,0.27854047515040864,0.27078366782770413,0.3646027628851048,sad,04,14,14,female,strong,1587
100,3.336666666666667,True,1.0,0.6272057581564522,0.7500385911056329,0.6886221746310426,0.6188888516413336,-0.058657407407407436,-0.050416666666666554,0.3603458587677045,0.1574605086757593,0.19428833038107465,1.1126750349513839,0.12283283294918068,0.008240740740740882,0.09856548589609421,0.42648696674960157,0.10960137183639004,0.10933856733021731,0.0,0.9999999987499999,0.6683471249906213,0.2770302429349633,0.27390383213679104,0.36977742582332296,sad,04,14,14,female,strong,1587
110,3.6703333333333332,True,1.0,0.6558732320391206,0.750997128368156,0.7034351802036383,0.5708506152053499,-0.0593055555555555,-0.05060185185185179,0.3577297376651656,0.14540720569039214,0.19290331746801778,1.2322578998195426,0.0951238963290354,0.008703703703703713,0.09531641631092279,0.4557046939032096,0.1081582880750185,0.11076627525925786,0.0,0.9999999987499999,0.6683476110756804,0.27579573475388475,0.27120823843798997,0.36931594189018013,sad,04,14,14,female,strong,1587
0,0.0,True,1.0,0.7556888570880317,0.7203976008201516,0.7380432289540917,0.42188520508878674,-0.05972222222222218,-0.058472222222222314,0.3747928950122726,0.16679802837658358,0.1834835015461247,1.749393484416617,0.0352912562678801,0.0012499999999998623,0.03028407211505653,0.5892495568602718,0.10809616437826852,0.11253284736128658,0.0,0.9999999987499999,0.67603307426877,0.2782621176276585,0.2522273245994831,0.3547938464620534,angry,05,14,14,female,normal,1588
10,0.33366666666666667,True,1.0,0.7568902666153068,0.698319318925094,0.7276047927702004,0.4253103302425946,-0.05814814814814817,-0.05773148148148144,0.37120462840236507,0.15353026772462644,0.18138633073239702,1.7107620977726516,0.05857094769021276,0.0004166666666667318,0.03186208140170007,0.5892495568602718,0.10682493419536494,0.11289967309660259,0.0,0.9999999987499999,0.6754190053521408,0.2787762826824034,0.2470787833240437,0.35258045217683787,angry,05,14,14,female,normal,1588
20,0.6673333333333333,True,1.0,0.6510387416501756,0.6482413798994012,0.6496400607747884,0.4091511407831466,-0.06254629629629632,-0.0600925925925927,0.3788469099243409,0.1675042785573911,0.1778395651362624,1.5877752644935257,0.0027973617507743853,0.0024537037037036247,0.026234781341734056,0.5904562759945787,0.10321899776180243,0.11405432886904936,0.0,0.9999999987499999,0.6889392300513956,0.2820439202080604,0.24617642567874118,0.34354206213140304,angry,05,14,14,female,normal,1588
30,1.0010000000000001,True,1.0,0.2673249878189341,0.28734339730021136,0.2773341925595727,0.7529761239171263,-0.08162037037037029,-0.07819444444444446,0.4813381607124758,0.19360416292280636,0.1767777396196119,0.36831737919766566,0.020018409481277255,0.0034259259259258323,0.02230295385163901,0.3686626911178688,0.10278573557743365,0.1146112906403887,0.0,0.9999999987499999,0.6850062245835834,0.28438508035854865,0.277379911559374,0.3955901924928769,angry,05,14,14,female,normal,1588
40,1.3346666666666667,True,1.0,0.318571481804499,0.32042191651145796,0.3194966991579785,1.6248627889205924,-0.08444444444444449,-0.08319444444444435,0.3149108254471927,0.7171542216947963,0.17701236408092885,0.196629956287092,0.0018504347069589477,0.0012500000000001399,0.029100002742456128,0.1763970081373454,0.102980473399982,0.11309662196019493,0.0,0.9999999987499999,0.6779017332870647,0.28254421195846946,0.26225272407223216,0.3523661177305028,angry,05,14,14,female,normal,1588
50,1.6683333333333334,True,1.0,0.6854006040752726,0.6790124209792185,0.6822065125272456,1.3906835252256358,-0.06263888888888897,-0.06342592592592589,0.3261427465374895,0.6045098003882424,0.17424452592634607,0.49055482441021864,0.006388183096054045,0.0007870370370369195,0.0519500981698512,0.19732088342995135,0.10163523368442566,0.11414026076054315,0.0,0.9999999987499999,0.6816410290756928,0.2836023388048919,0.25871550264636634,0.3534877620510309,angry,05,14,14,female,normal,1588
60,2.0020000000000002,True,1.0,0.30850035415006777,0.2929888428989122,0.30074459852449,0.3840668460873524,-0.08101851851851855,-0.08361111111111108,0.37388194922117807,0.06962850410924042,0.1905867519119319,0.7830527461255753,0.015511511251155574,0.0025925925925925353,0.07777372083802615,0.6249340056774824,0.10502859889002922,0.11272866868429351,0.0,0.9999999987499999,0.6720794308739121,0.2765680585065059,0.2515109820433316,0.345831728554963,angry,05,14,14,female,normal,1588
70,2.3356666666666666,True,1.0,0.7353268903882805,0.6836316419380065,0.7094792661631435,0.9646659960673847,-0.057685185185185284,-0.05912037037037038,0.33894046971135783,0.37243938777350794,0.18534936084151102,0.7354662329297905,0.051695248450273956,0.001435185185185095,0.06956900006130924,0.2831287706273216,0.1056840274386343,0.11546308770683071,0.0,0.9999999987499999,0.6767474121054672,0.2778214481513868,0.263593616610903,0.3642904748317189,angry,05,14,14,female,normal,1588
80,2.6693333333333333,True,1.0,0.6410889239435974,0.5812154859595854,0.6111522049515914,0.6838694175282609,-0.05708333333333321,-0.05773148148148144,0.36098563478164225,0.21002055277162315,0.18670212262605598,0.8936679858568694,0.05987343798401201,0.000648148148148231,0.07185542010049958,0.4071616407027448,0.10748422518935963,0.11395649855119833,0.0,0.9999999987499999,0.6741617137089212,0.27634580400906655,0.2566069215344469,0.35979626138617554,angry,05,14,14,female,normal,1588
90,3.003,True,1.0,0.7369880323010183,0.6790850537091484,0.7080365430050833,0.5798612418725118,-0.056435185185185144,-0.05740740740740746,0.36364638292495155,0.2164020318487903,0.18514467149425623,1.2210447808490574,0.05790297859186988,0.0009722222222223187,0.06234066696649309,0.49181771762626053,0.10963942242076508,0.11188449078464245,0.0,0.9999999987499999,0.6753331571534863,0.27673323130122013,0.2562779502417523,0.36202080175862317,angry,05,14,14,female,normal,1588
100,3.336666666666667,True,1.0,0.7257011819892305,0.6802272627500369,0.7029642223696337,0.5917242077629838,-0.05500000000000005,-0.05805555555555553,0.36727857830844063,0.22267609830238347,0.18381377182538206,1.1879930094920288,0.04547391923919364,0.003055555555555478,0.06541853120842084,0.45356055860555744,0.10833850281599788,0.11212977904642961,0.0,0.9999999987499999,0.6766143541635404,0.2755656220603918,0.2545145287361685,0.3599431146513569,angry,05,14,14,female,normal,1588
0,0.0,True,1.0,0.7236811822905246,0.7695649950916126,0.7466230886910685,0.6537182991247021,-0.06296296296296294,-0.054166666666666696,0.35671363851047944,0.2792647920597295,0.17111222986513383,1.1421174681674988,0.045883812801088,0.008796296296296247,0.057686195320934185,0.3805155439767483,0.11541323165068763,0.1104962932575455,0.0,0.9999999987499999,0.6395621379332983,0.27175999797220535,0.2689641635873042,0.33862703401505756,angry,05,14,14,female,normal,1589
10,0.33366666666666667,True,1.0,0.699440191824449,0.7878152160171894,0.7436277039208192,0.6783045616847695,-0.06412037037037038,-0.05500000000000005,0.363022090018347,0.3076923076923067,0.17039698394439293,1.0963035573191495,0.08837502419274035,0.009120370370370334,0.05579309922067268,0.3809444446169488,0.10506257086672079,0.11353913540602487,0.0,0.9999999987499999,0.6835304044195802,0.28003505791191724,0.2571555232861264,0.36936636286803426,angry,05,14,14,female,normal,1589
20,0.6673333333333333,True,1.0,0.32253320353865295,0.29233746826064505,0.307435335899649,0.3847380472933925,-0.08189814814814811,-0.06995370370370368,0.37353262711506485,0.21332100058508047,0.1686107645410044,0.7990770293253732,0.030195735278007896,0.011944444444444424,0.0563562193595184,0.6213750895409118,0.10396227541687332,0.11487964245515687,0.0,0.9999999987499999,0.6888954598948953,0.27901301523888594,0.24596036925913323,0.3552952660384,angry,05,14,14,female,normal,1589
30,1.0010000000000001,True,1.0,0.5699037612192039,0.5487746426233524,0.5593392019212782,0.9250381109909995,-0.067962962962963,-0.05680555555555561,0.4545983424183954,0.3036160048709761,0.16641338741902145,0.604666116212287,0.021129118595851537,0.011157407407407394,0.06195501802046714,0.3128620563506878,0.10031400651057071,0.11530316539504332,0.0,0.9999999987499999,0.6863218506855868,0.2843929405405585,0.2756284169464326,0.3912435128880843,angry,05,14,14,female,normal,1589
40,1.3346666666666667,True,1.0,0.5279030073125295,0.5008696474327117,0.5143863273726206,1.0892883280849102,-0.07578703703703699,-0.06217592592592591,0.3566530771615016,0.5129613108718597,0.1631073386032952,0.4722223805307534,0.02703335987981781,0.013611111111111074,0.09398025456279026,0.23525918119118394,0.11792893576462156,0.11042631111772787,0.0,0.9999999987499999,0.6202484520605117,0.2658132984372531,0.28977572336761814,0.3468527372738164,angry,05,14,14,female,normal,1589
50,1.6683333333333334,True,1.0,0.5702011521882825,0.5859963089189203,0.5780987305536014,1.3811967269008665,-0.07268518518518519,-0.059444444444444466,0.3365923490705839,0.6109443453649887,0.1641384085948395,0.4185491605173009,0.015795156730637805,0.01324074074074072,0.08185626518222339,0.19463578514807012,0.10450775745143312,0.11438363341460786,0.0,0.9999999987499999,0.6747930765196705,0.28304657915428505,0.2657795985473774,0.3559061153052874,angry,05,14,14,female,normal,1589
60,2.0020000000000002,True,1.0,0.6150610543562035,0.6605105018700965,0.63778577811315,0.6117631416977874,-0.07037037037037036,-0.057638888888888906,0.3795914055689446,0.18822060760840176,0.17001524015442154,1.0425371105933965,0.045449447513893015,0.012731481481481455,0.09592508929755898,0.4328841561967423,0.10882712270448482,0.11216633964120257,0.0,0.9999999987499999,0.671362774086197,0.2797355875110843,0.2675870251708441,0.3466056508703457,angry,05,14,14,female,normal,1589
70,2.3356666666666666,True,1.0,0.6311211772784583,0.6961589111799419,0.6636400442292001,0.9347021642806184,-0.0668981481481481,-0.05481481481481476,0.329821415281295,0.3719085157643695,0.1734621376898316,0.7100016129094578,0.0650377339014836,0.012083333333333335,0.09446587403445686,0.268806138536976,0.11048522371607311,0.11139194523397578,0.0,0.9948041439113302,0.6648274928330707,0.2787579337884867,0.27030337273386434,0.346762526160323,angry,05,14,14,female,normal,1589
80,2.6693333333333333,True,1.0,0.6572580047300094,0.731079339719312,0.6941686722246607,0.770751542159763,-0.0676388888888888,-0.05328703703703708,0.3491080394802584,0.3238029318668809,0.17319803831900388,0.9006387068386454,0.07382133498930266,0.014351851851851727,0.0902838405250138,0.3218478749777367,0.11158886003296904,0.11097518744815496,0.0,0.9999999987499999,0.6667091689488296,0.2783209711965897,0.2737396861321332,0.3557367895020017,angry,05,14,14,female,normal,1589
90,3.003,True,1.0,0.6431600674246467,0.715251767976848,0.6792059177007473,0.7230969888362209,-0.06564814814814823,-0.05342592592592593,0.35002012296432994,0.32941834779114404,0.17600159800410903,0.9393012668935139,0.07209170055220127,0.012222222222222301,0.09021576348484396,0.35191873791855405,0.11322256705778815,0.10860847311182979,0.0,0.9999999987499999,0.6649651159057371,0.27879899155413007,0.2759831931095953,0.3552871960640265,angry,05,14,14,female,normal,1589
100,3.336666666666667,True,1.0,0.6989009890471565,0.7603108687624357,0.729605928904796,0.6851373896365198,-0.0656018518518518,-0.05328703703703708,0.35465638529021265,0.3188582390837982,0.17665108111481406,1.0649045577440572,0.061409879715279225,0.012314814814814723,0.08677266232571945,0.3723178901075945,0.11095644072585735,0.11075068594049967,0.0,0.9999999987499999,0.6672551569065125,0.2787435826040725,0.27159289326693903,0.355774831046037,angry,05,14,14,female,normal,1589
0,0.0,True,1.0,0.7807707312244209,0.797600000676428,0.7891853659504244,0.7492760022258106,-0.0627314814814815,-0.059398148148148144,0.36424137733598105,0.2864704594655381,0.1826426484301614,1.0532639022283625,0.016829269452007134,0.003333333333333355,0.012200252823407365,0.342452706567856,0.11161825019711032,0.11332425777832637,0.0,0.9999999987499999,0.6545213482815001,0.2801871074002494,0.26820162251833124,0.37502524653141583,angry,05,14,14,female,normal,1590
10,0.33366666666666667,True,1.0,0.7485883805782827,0.7456431086652057,0.7471157446217442,0.5974427061563891,-0.06407407407407406,-0.06078703703703703,0.3684279364592662,0.24041163511742938,0.18194821833481406,1.250522831600485,0.00294527191307703,0.0032870370370370328,0.009372644203955132,0.4252648571898881,0.11289757704596969,0.11238935078759062,0.0,0.9999999987499999,0.6527193332645559,0.2799226136964241,0.2694047977644684,0.3778105642442321,angry,05,14,14,female,normal,1590
20,0.6673333333333333,True,1.0,0.33381238937540403,0.3234878031215238,0.3286500962484639,0.682644503748609,-0.08560185185185187,-0.08037037037037031,0.37415686576127527,0.24886372112936384,0.18402819235573065,0.4814366693699958,0.010324586253880219,0.005231481481481559,0.007297580905251276,0.3749742534452405,0.11204433611544198,0.11307162274456166,0.0,0.9999999987499999,0.6545182662439978,0.2794588262559046,0.2685477227943882,0.37550954898528727,angry,05,14,14,female,normal,1590
30,1.0010000000000001,True,1.0,0.3984290562770744,0.38407555117767084,0.39125230372737263,0.9202070282699543,-0.07768518518518519,-0.07435185185185189,0.36026735191943055,0.39398203602020443,0.18222768801216788,0.4251785649398386,0.014353505099403585,0.0033333333333332993,0.023063357238543344,0.30492313590291326,0.10508968967602758,0.11551053441277893,0.0,0.9999999987499999,0.675971663040216,0.2821513286998424,0.2699671837916053,0.37638715466124767,angry,05,14,14,female,normal,1590
40,1.3346666666666667,True,1.0,0.6167027711023301,0.653581345250036,0.6351420581761831,0.9246369976540203,-0.06875000000000003,-0.06541666666666662,0.3741110958308765,0.3849160854117563,0.17827318887922394,0.6869096302523684,0.0368785741477059,0.0033333333333334103,0.031013278739010382,0.27623850589332877,0.10713307764239734,0.11428668295873443,0.0,0.9999999987499999,0.6789658382728091,0.280976224462737,0.2695693992927768,0.3670503405875515,angry,05,14,14,female,normal,1590
50,1.6683333333333334,True,1.0,0.6641545254845755,0.6325016774565378,0.6483281014705566,0.7834633668602135,-0.06361111111111106,-0.06041666666666673,0.4345011584553059,0.30078070256766376,0.18041001412442012,0.827515527712264,0.031652848028037694,0.003194444444444333,0.036882068092256436,0.36238619924439747,0.10788496891262965,0.11357717952773667,0.0,0.9999999987499999,0.6692555159720138,0.2846132719306049,0.2814063873572192,0.37188642085948886,angry,05,14,14,female,normal,1590
60,2.0020000000000002,True,1.0,0.7369919959963563,0.7179208386396658,0.7274564173180111,0.8180409690163052,-0.06634259259259262,-0.06416666666666665,0.3897529419870741,0.28801993933390846,0.1817359460909219,0.8892664852626855,0.019071157356690516,0.00217592592592597,0.030764267790360192,0.3470640674945706,0.10550267599435507,0.11380193414244985,0.0,0.9999999987499999,0.6709504610047144,0.28566138305566413,0.26356651651268004,0.33886447557423416,angry,05,14,14,female,normal,1590
70,2.3356666666666666,True,1.0,0.7590422816991391,0.758352796705238,0.7586975392021886,0.8515025494807473,-0.0634722222222221,-0.060324074074074086,0.33623738502053496,0.2940170687309548,0.1905918718683968,0.8910102966395674,0.0006894849939010905,0.003148148148148011,0.023040646806734198,0.28852743146345583,0.1108841333060837,0.11116637554131989,0.0,0.9999999987499999,0.6598933936777837,0.27913761916970486,0.2706382614692457,0.36683867941877035,angry,05,14,14,female,normal,1590
80,2.6693333333333333,True,1.0,0.7477079665905397,0.7359132262566006,0.7418105964235702,0.6906729889888793,-0.06291666666666673,-0.05837962962962967,0.37128600965186326,0.25344955015897863,0.18702148160187476,1.0740402596452403,0.011794740333939124,0.004537037037037062,0.01886881064170977,0.38061799065397073,0.11186577218195129,0.1108680245798164,0.0,0.9999999987499999,0.6633328645051771,0.2759814278223057,0.2707184892628193,0.3708831019684397,angry,05,14,14,female,normal,1590
90,3.003,True,1.0,0.7581807676459621,0.7582887478072975,0.7582347577266297,0.6138783119446339,-0.06324074074074071,-0.060092592592592586,0.36849058659816214,0.2639072920999521,0.1869529347588194,1.235154822988787,0.00010798016133539701,0.003148148148148122,0.014908771071145865,0.4468488445617349,0.11076885546734741,0.11179367858212062,0.0,0.9999999987499999,0.6616250685508579,0.27720347549830554,0.2679445248524068,0.3729571409628004,angry,05,14,14,female,normal,1590
100,3.336666666666667,True,1.0,0.7149310553580317,0.7193741805902202,0.7171526179741259,0.5853708077039066,-0.06504629629629627,-0.06060185185185191,0.3683226963094868,0.2639072920999523,0.18629180588200317,1.225125353939545,0.004443125232188483,0.004444444444444362,0.016535967343959738,0.44135243142936714,0.11215291029257585,0.1109216050557622,0.0,0.9999999987499999,0.6613812407384829,0.27791355492591285,0.26895241093630246,0.3770624051598131,angry,05,14,14,female,normal,1590
110,3.6703333333333332,True,1.0,0.7271272370141585,0.7336633041676152,0.7303952705908868,0.49678038109128675,-0.06374999999999997,-0.06023148148148155,0.3731895450332471,0.2482619760767859,0.18554993601276248,1.47025788133262,0.0065360671534566706,0.003518518518518421,0.01204095781614591,0.5171834808065265,0.1105559490626783,0.11234391810144936,0.0,0.9999999987499999,0.663099797161052,0.27781760878015294,0.26312310815566464,0.37331825604670893,angry,05,14,14,female,normal,1590
0,0.0,True,1.0,0.7502453951064878,0.7370871502864182,0.743666272696453,0.3960109220768473,-0.06472222222222229,-0.05875000000000008,0.3775048198726723,0.190671925444408,0.1736115505636799,1.877893338891653,0.013158244820069553,0.005972222222222212,0.0038455547689916223,0.6666666666666656,0.10419329178403026,0.11549789887709742,0.0,0.9999999987499999,0.6853663234121773,0.2819711739383327,0.25601062146516845,0.3678323898526355,angry,05,14,14,female,normal,1591
10,0.33366666666666667,True,1.0,0.7267952824058016,0.7471929950946189,0.7369941387502102,0.42866593775749234,-0.06444444444444442,-0.05907407407407411,0.36043130252985883,0.1913687222131657,0.17501089879566245,1.7192738536812489,0.020397712688817293,0.005370370370370303,0.004952587394889989,0.6037358451038534,0.10599411871485713,0.11334434989904665,0.0,0.9999999987499999,0.6823238884460033,0.28381229849687356,0.2576339613809927,0.3626802385955273,angry,05,14,14,female,normal,1591
20,0.6673333333333333,True,1.0,0.4037820938592463,0.34923955843819765,0.376510826148722,0.8335223428523935,-0.07972222222222214,-0.07393518518518516,0.4008426293442911,0.28010625557482954,0.18267272197487106,0.45171053826855534,0.054542535421048643,0.0057870370370369795,0.014111648575475843,0.34117401944405024,0.10370668085825477,0.11527582250183549,0.0,0.9999999987499999,0.6823400632596788,0.2840849464645618,0.2681876115671536,0.3750686199067475,angry,05,14,14,female,normal,1591
30,1.0010000000000001,True,1.0,0.22222168919531682,0.26240472427888334,0.24231320673710008,1.0226485207752136,-0.09333333333333332,-0.08833333333333332,0.3800887308211491,0.3743852775884325,0.2020893738358381,0.23694671415885465,0.04018303508356652,0.0050000000000000044,0.019570519634188356,0.3039212069928993,0.10096824340894286,0.11703242687781998,0.0,0.9999999987499999,0.6793775763274059,0.28455454616003095,0.2760078990779639,0.3725204310637477,angry,05,14,14,female,normal,1591
40,1.3346666666666667,True,1.0,0.5665020762449648,0.5615485929111378,0.5640253345780513,1.0575187962258281,-0.062407407407407356,-0.052870370370370456,0.390522000212038,0.4451613499435805,0.181253788349418,0.5333478105457772,0.004953483333827058,0.0095370370370369,0.022334141217377246,0.3118902965350197,0.10559001473168383,0.11372090240909712,0.0,0.9999999987499999,0.6803644787915166,0.28368954672425556,0.27798242566229225,0.37755413936030213,angry,05,14,14,female,normal,1591
50,1.6683333333333334,True,1.0,0.35727872518357995,0.3819188504490529,0.3695987878163164,0.7757040887082052,-0.07162037037037039,-0.0625,0.46139579098438654,0.27173078112014215,0.1806383565817011,0.47646878906080836,0.024640125265472934,0.00912037037037039,0.029229787403549243,0.38828876173010135,0.10621077329660063,0.11646048876092756,0.0,0.9999999987499999,0.6789552392363196,0.28088890203117534,0.28547259694244403,0.38813582644107053,angry,05,14,14,female,normal,1591
60,2.0020000000000002,True,1.0,0.613513807491562,0.6731812092171865,0.6433475083543743,0.8129802633471337,-0.06300925925925926,-0.055185185185185226,0.38937794484922034,0.27513674254937565,0.17999849379004804,0.7913445594677024,0.05966740172562446,0.007824074074074039,0.04485400218645025,0.32538824576246655,0.10657373374170469,0.11464238987147171,0.0,0.9999999987499999,0.6767231468837536,0.27922569470935804,0.2697950871436969,0.36094443252856884,angry,05,14,14,female,normal,1591
70,2.3356666666666666,True,1.0,0.6168977816743118,0.673171193339932,0.6450344875071219,0.8081000875376726,-0.0633333333333333,-0.05259259259259247,0.37986171695112303,0.34077617055851406,0.18573898132602043,0.7982111343071117,0.056273411665620277,0.010740740740740828,0.06325824225239933,0.3742987116166445,0.11133577979547955,0.11259103707643409,0.0,0.9999999987499999,0.6610063519470287,0.27674189802131843,0.2839185545714499,0.38627392249435055,angry,05,14,14,female,normal,1591
80,2.6693333333333333,True,1.0,0.6975606051963601,0.7521221215428271,0.7248413633695936,0.8843384631634434,-0.06231481481481482,-0.05046296296296299,0.33320176729105755,0.31526313270363887,0.1864555499174749,0.819642471250997,0.054561516346467,0.011851851851851836,0.05344002531482407,0.2956433547765838,0.1098756633907838,0.11165250029410338,0.0,0.9999999987499999,0.6536276116540367,0.27729610426997264,0.2680366813051794,0.3580411014111777,angry,05,14,14,female,normal,1591
90,3.003,True,1.0,0.7053094394361381,0.768108294828435,0.7367088671322866,0.7404188997279814,-0.06074074074074082,-0.0507407407407407,0.3558493725839614,0.2439526010748728,0.18722330406875035,0.9949892789108196,0.0627988553922969,0.01000000000000012,0.06241767792337831,0.37917233546513956,0.10963223340797804,0.11223156205015332,0.0,0.9999999987499999,0.6547894629726891,0.27674030665272714,0.26695248489982515,0.3633405668169468,angry,05,14,14,female,normal,1591
100,3.336666666666667,True,1.0,0.7184923563572434,0.7831603170209863,0.7508263366891148,0.6558546658308507,-0.06134259259259256,-0.05152777777777784,0.35598884666575387,0.23779409054884007,0.18581167143284733,1.144805969685299,0.06466796066374292,0.00981481481481472,0.058689330052780014,0.4009513651602265,0.11117528394068281,0.11053100205691302,0.0,0.9999999987499999,0.6567136607689951,0.27683257807980877,0.26727833507352683,0.367006614311292,angry,05,14,14,female,normal,1591
110,3.6703333333333332,True,1.0,0.6897667384824205,0.7533949663559765,0.7215808524191984,0.6087630553086016,-0.05921296296296302,-0.050648148148148275,0.3587190699547709,0.2520347211555955,0.18437610856573253,1.1853230023188674,0.06362822787355593,0.008564814814814747,0.05431804760805213,0.444411493343832,0.11011361670476578,0.11107531565756193,0.0,0.9999999987499999,0.6568883914034365,0.2768297992805557,0.2655846004865011,0.3642715350124755,angry,05,14,14,female,normal,1591
0,0.0,True,1.0,0.7316092070451856,0.7632576901908309,0.7474334486180083,0.44052528886365455,-0.06129629629629618,-0.05606481481481479,0.3619525221568809,0.18225204565136807,0.17708376416920632,1.6966868134767714,0.03164848314564528,0.005231481481481393,0.012301222623248216,0.6011800242394508,0.12022413657136947,0.1057833337207083,0.0,0.9999999987499999,0.6295520068808773,0.26723031496677946,0.279877602445477,0.3360497972105671,angry,05,14,14,female,strong,1592
10,0.33366666666666667,True,1.0,0.7486003501481051,0.780334526686419,0.7644674384172621,0.45147601456497827,-0.05939814814814809,-0.054861111111111194,0.36441419179536655,0.195502192125356,0.17708376416920632,1.6932625737689921,0.031734176538313896,0.004537037037036895,0.012558783168956885,0.5630910044950862,0.12006596014578742,0.10703618830423116,0.0,0.9999999987499999,0.6257053818558674,0.2671436444384295,0.2800641265790346,0.3323554141243521,angry,05,14,14,female,strong,1592
20,0.6673333333333333,True,1.0,0.7230453721139963,0.7507233889507864,0.7368843805323914,0.8284455276822131,-0.061481481481481526,-0.056342592592592555,0.3775908734773997,0.26886835154293964,0.17850684503424205,0.8894783735437775,0.027678016836790054,0.0051388888888889706,0.018151555440752653,0.3275267401535069,0.11703085999906694,0.10947985413967208,0.0,0.9999999987499999,0.6290570900156938,0.26894702310023944,0.28236831464172707,0.3323442105986129,angry,05,14,14,female,strong,1592
30,1.0010000000000001,True,1.0,0.5544565565597669,0.5871379373149168,0.5707972469373419,0.913652875612363,-0.06449074074074074,-0.05694444444444435,0.45457775750708185,0.31659056316590645,0.1778743110935235,0.6247419147614165,0.032681380755149925,0.007546296296296384,0.017262289713618314,0.32985160016238074,0.10691297412001,0.11415931979701575,0.0,0.9999999987499999,0.6642317266047043,0.2830990423618714,0.27904792091589353,0.40321754770874924,angry,05,14,14,female,strong,1592
40,1.3346666666666667,True,1.0,0.391370237442727,0.3880917391471678,0.3897309882949474,1.4189578971174457,-0.08601851851851855,-0.08249999999999996,0.348666241505722,0.5535389344143403,0.1834835015461247,0.27466000864907253,0.0032784982955591513,0.0035185185185185874,0.010020993547418026,0.1977984190280033,0.1154824906719238,0.11128323750826097,0.0,0.9999999987499999,0.6239172091102065,0.27149522328816517,0.28961432967273576,0.34710479725997756,angry,05,14,14,female,strong,1592
50,1.6683333333333334,True,1.0,0.6847871057314242,0.6550012153490603,0.6698941605402422,1.3498358009309297,-0.06481481481481477,-0.059027777777777846,0.3640658792927196,0.5915010813068121,0.17115859414602408,0.4962782584950273,0.0297858903823639,0.005787037037036924,0.00730558362958325,0.20856741573033688,0.11369146450869629,0.1105570273056385,0.0,0.9999999987499999,0.6240838570662639,0.2731080272766583,0.27307246656323897,0.33852181890367083,angry,05,14,14,female,strong,1592
60,2.0020000000000002,True,1.0,0.6959877623727985,0.7009196920242557,0.6984537271985272,0.840884064675237,-0.06055555555555542,-0.0593981481481482,0.42497015296585455,0.3248398377107179,0.18484154642045894,0.8306183415049984,0.004931929651457279,0.0011574074074072183,0.0029339684214778894,0.3676745674158456,0.10968633466673589,0.11132626991046989,0.0,0.9999999987499999,0.6560463858043217,0.282803649587129,0.28404821475739434,0.38115403495248157,angry,05,14,14,female,strong,1592
70,2.3356666666666666,True,1.0,0.783216607143845,0.7987592381239622,0.7909879226339036,0.6387812775547553,-0.06509259259259259,-0.060462962962962996,0.3811382873281951,0.20323198158714106,0.18349971734954013,1.2382766221041934,0.015542630980117211,0.004629629629629595,0.0017065146226180978,0.4224522190028025,0.10864562939957535,0.11352306034307243,0.0,0.9999999987499999,0.6589624795230592,0.28322021200606273,0.26703514805492606,0.3666605625314277,angry,05,14,14,female,strong,1592
80,2.6693333333333333,True,1.0,0.6671176463821304,0.6561710564912975,0.661644351436714,1.0550022884314796,-0.054259259259259174,-0.050185185185185166,0.3748679478867894,0.4695673551117831,0.18632784191621227,0.6271496836470478,0.01094658989083297,0.004074074074074008,0.012414908307660968,0.30167939886709294,0.11862358564099493,0.11106070676781427,0.0,0.9999999987499999,0.6118768174848064,0.26857310251524597,0.3099247277314976,0.3524428832888906,angry,05,14,14,female,strong,1592
90,3.003,True,1.0,0.736573687589216,0.7658886703220547,0.7512311789556354,1.3925666758994697,-0.05842592592592594,-0.05287037037037029,0.323901206688285,0.5968142896712016,0.1799327836822381,0.539457960582325,0.029314982732838613,0.005555555555555647,0.0005252943434277715,0.20124528170128475,0.11235829331042059,0.11242122199573795,0.0,0.9999999987499999,0.652453825741234,0.2787457542161731,0.2854757262930721,0.3846225081363989,angry,05,14,14,female,strong,1592
100,3.336666666666667,True,1.0,0.740155557180822,0.7173608485192519,0.728758202850037,0.7472108481643331,-0.05680555555555544,-0.05180555555555555,0.4012143550280633,0.2734084360347577,0.1806163926619766,0.9753046340806901,0.022794708661570184,0.004999999999999893,0.005809898708245023,0.3731944421896411,0.11240053188324461,0.11203941167270962,0.0,0.9999999987499999,0.6596922724636731,0.27623340049013695,0.28599275530277246,0.39278590676458736,angry,05,14,14,female,strong,1592
110,3.6703333333333332,True,1.0,0.6801169223306079,0.70541216992986,0.692764546130234,0.6396912205969817,-0.05592592592592582,-0.05166666666666664,0.4112239452750392,0.22191906689878338,0.1820266136881089,1.0829671001013934,0.025295247599252058,0.004259259259259185,0.0038630719088951137,0.4266734232288714,0.11208033303686214,0.1132043639595813,0.0,0.9999999987499999,0.6612954660223465,0.2754006392069832,0.2797660666009696,0.38761167825648046,angry,05,14,14,female,strong,1592
120,4.0040000000000004,True,1.0,0.5028228876394157,0.5010720439262839,0.5019474657828498,0.5743578282119159,-0.06810185185185186,-0.062222222222222234,0.40683832212067683,0.18030621713911538,0.18197840664028836,0.8739281352628321,0.0017508437131318333,0.0058796296296296235,0.006439233131899258,0.45839986091475526,0.11197269370390298,0.11110352658716491,0.0,0.9999999987499999,0.6636650054474916,0.2760093464019733,0.26994487576177595,0.37734061082107095,angry,05,14,14,female,strong,1592
0,0.0,True,1.0,0.6769546483967279,0.7159573723262553,0.6964560103614916,0.4144057271267245,-0.06240740740740747,-0.055833333333333346,0.36866430809707285,0.17020235221276206,0.17847906182851891,1.6806138640755721,0.039002723929527416,0.006574074074074121,0.019258803767631692,0.6227678571428561,0.10750307726851512,0.11276215221258083,0.0,0.9999999987499999,0.6666740447585283,0.27887851487732507,0.2536573899323412,0.36937977260421684,angry,05,14,14,female,strong,1593
10,0.33366666666666667,True,1.0,0.7179208386396642,0.7420016861169006,0.7299612623782824,0.3732026242162301,-0.06166666666666665,-0.05499999999999994,0.36720516711248674,0.17162976885118758,0.18055724575197135,1.9559381821370838,0.02408084747723649,0.00666666666666671,0.011124814137230021,0.6984692342858998,0.10911624966217413,0.11273328781513021,0.0,0.9999999987499999,0.6691727169227065,0.2771373992119527,0.2568444406830143,0.3688903278264527,angry,05,14,14,female,strong,1593
20,0.6673333333333333,True,1.0,0.5280040982257086,0.4991897570326573,0.513596927629183,0.8537416571540267,-0.06796296296296295,-0.06148148148148147,0.3951982817529934,0.2960433909886719,0.18195953953629374,0.6015835391484511,0.028814341193051318,0.006481481481481477,0.015621233934893597,0.35381608385579044,0.10733379494566213,0.11393109646549701,0.0,0.9999999987499999,0.667514863945578,0.2822650055167412,0.26981435810585597,0.3843603301136984,angry,05,14,14,female,strong,1593
30,1.0010000000000001,True,1.0,0.580359704072278,0.6084402845876876,0.5943999943299828,0.9429110090646246,-0.06476851851851856,-0.05921296296296291,0.4530212678421124,0.29610147765156214,0.18125168372062783,0.6303882218107014,0.028080580515409626,0.005555555555555647,0.01931975386810055,0.31002360803875734,0.11610104297277492,0.11234657047700432,0.0,0.9999999987499999,0.6269121311415191,0.27036464105720526,0.3117310540373283,0.37900279365809153,angry,05,14,14,female,strong,1593
40,1.3346666666666667,True,1.0,0.6211460928687197,0.6242778619880083,0.622711977428364,1.0046340927635526,-0.06004629629629632,-0.0560648148148149,0.4191287117128476,0.41088801287216686,0.18406135556647346,0.6198395833008262,0.0031317691192885855,0.003981481481481419,0.01423982491497595,0.30784173049338415,0.10830235525298638,0.11385059448151799,0.0,0.9999999987499999,0.6579834846282263,0.28285255081579735,0.2862432000258779,0.3838883359007009,angry,05,14,14,female,strong,1593
50,1.6683333333333334,True,1.0,0.5670135076359883,0.5699679365475906,0.5684907220917894,1.0840413274845564,-0.06629629629629635,-0.05949074074074073,0.378438891966939,0.4046973803071362,0.18061639266197657,0.5244179420824603,0.002954428911602247,0.00680555555555562,0.009933473691208951,0.2628310141893251,0.10927568872033909,0.11291670324677518,0.0,0.9999999987499999,0.6604673316904885,0.28051251686467693,0.27049850285506244,0.37189545352236514,angry,05,14,14,female,strong,1593
60,2.0020000000000002,True,1.0,0.7243226674250675,0.7043027630327094,0.7143127152288884,1.0071861245404081,-0.05703703703703711,-0.050925925925925875,0.41523669660136336,0.37270017760359797,0.17866064302107476,0.7092161992946819,0.020019904392358012,0.006111111111111234,0.00042774810459044176,0.31511974306636736,0.10648604234310473,0.11372307320992782,0.0,0.9999999987499999,0.656480417495123,0.2830659867240355,0.277552250696232,0.38588541936036697,angry,05,14,14,female,strong,1593
70,2.3356666666666666,True,1.0,0.7391136936722555,0.72651691532669,0.7328153044994727,0.9894952115690407,-0.05652777777777773,-0.05486111111111108,0.41412193703093847,0.40897985171862383,0.18554993601276248,0.7405950993309496,0.012596778345565496,0.0016666666666666496,0.0038580668133101825,0.3086454318849765,0.11014397797897392,0.11155873022612028,0.0,0.9999999987499999,0.6569093723192401,0.28162909810341585,0.28477345003185395,0.3892169886569253,angry,05,14,14,female,strong,1593
80,2.6693333333333333,True,1.0,0.6934598533855199,0.6788170412231761,0.6861384473043479,0.8252298321320422,-0.05754629629629621,-0.052083333333333315,0.4016467132061565,0.36520356027724554,0.1868643578713441,0.8314513370555917,0.014642812162343755,0.005462962962962892,0.004549797212993675,0.37942823912459106,0.10836513653886212,0.11311913812465316,0.0,0.9999999987499999,0.6595538327674818,0.2810013279440483,0.280090685406106,0.3816837153056706,angry,05,14,14,female,strong,1593
90,3.003,True,1.0,0.793235957338704,0.788783930264349,0.7910099438015266,1.3645412919549034,-0.055555555555555636,-0.04999999999999999,0.29823447511553713,0.5565282418815263,0.18828563725134137,0.5796892688152295,0.004452027074354992,0.005555555555555647,0.0036681114987396433,0.21622168124489954,0.10740551516629795,0.11352834754505811,0.0,0.9999999987499999,0.6587245692104967,0.28166260214736344,0.2741683527243188,0.3667836699335308,angry,05,14,14,female,strong,1593
100,3.336666666666667,True,1.0,0.7023516471940239,0.7148527428411168,0.7086021950175703,0.9447187251555494,-0.05314814814814817,-0.04768518518518511,0.381959674416102,0.3292082056852476,0.18616070695444292,0.7500668465112701,0.012501095647092897,0.005462962962963058,0.014874595515137656,0.3252664196468349,0.11223907576455475,0.1116905876263755,0.0,0.9999999987499999,0.6584424733252675,0.2791823820230597,0.27829134418304813,0.38397736400707166,angry,05,14,14,female,strong,1593
110,3.6703333333333332,True,1.0,0.6780382398481198,0.6865813286057239,0.6823097842269219,0.8238883530384968,-0.05430555555555544,-0.04884259259259266,0.37694207330853396,0.24570912375790444,0.1861373452695948,0.8281580649982079,0.008543088757604012,0.005462962962962781,0.015433264031261627,0.36553501156369245,0.11659607433761235,0.10854761408245638,0.0,0.9999999987499999,0.6290504887501874,0.2673034162509355,0.2751654449992744,0.33892172798231324,angry,05,14,14,female,strong,1593
120,4.0040000000000004,True,1.0,0.683087151283187,0.7009034395768151,0.691995295430001,0.7371273712737137,-0.05675925925925929,-0.051296296296296284,0.3783709768676573,0.2312556458897926,0.18681209006022537,0.9387730294620222,0.017816288293628135,0.005462962962963003,0.009050422757857545,0.3749999999999994,0.11430645896133083,0.10974759624062136,0.0,0.9999999987499999,0.6315097331276261,0.2684320413986712,0.26977688209082773,0.33519733804924173,angry,05,14,14,female,strong,1593
0,0.0,True,1.0,0.7565198412908303,0.7579083000726035,0.7572140706817169,0.5622032973901874,-0.061435185185185204,-0.05560185185185185,0.36337382810404173,0.22029745749974433,0.17708376416920632,1.3468687825147807,0.001388458781773183,0.005833333333333357,0.002718015755346722,0.47122933115723636,0.11598857182094628,0.10937085639323531,0.0,0.9999999987499999,0.6326422040222339,0.2688012325770813,0.2716997861031484,0.3353382686598153,angry,05,14,14,female,strong,1594
10,0.33366666666666667,True,1.0,0.7547419901862765,0.7762899961374607,0.7655159931618687,0.5622032288698958,-0.0616666666666667,-0.05699074074074073,0.36102416725530817,0.22792022792022826,0.1777777777777778,1.3616357108098773,0.021548005951184224,0.004675925925925972,0.00666954461979944,0.45608108108108075,0.11852720820370552,0.10838668466384356,0.0,0.9999999987499999,0.6300223928008704,0.2675660083581121,0.280877149850481,0.3419128077474076,angry,05,14,14,female,strong,1594
20,0.6673333333333333,True,1.0,0.7457203822633974,0.7788044957163321,0.7622624389898648,0.7619047619047621,-0.06189814814814815,-0.05731481481481482,0.3706653533907438,0.2838468720821666,0.17708333333333337,1.0004694511741974,0.033084113452934716,0.004583333333333328,0.005843336312315809,0.3308823529411774,0.12016543181661972,0.11008506004124383,0.0,0.9999999987499999,0.6278034136936025,0.27095377195669507,0.28623632969074614,0.3363715546140373,angry,05,14,14,female,strong,1594
30,1.0010000000000001,True,1.0,0.30642270955707823,0.3066860093364899,0.30655435944678405,0.8314557713236108,-0.07722222222222225,-0.07189814814814816,0.3814863643563771,0.39422471916205637,0.17986789790391566,0.3686959307032942,0.00026329977941164096,0.005324074074074092,0.00979383951959983,0.3394396551724136,0.11516200215786289,0.11447988892713871,0.0,0.9999999987499999,0.6294519774003352,0.274306545681705,0.2867078154060297,0.3346608296792096,angry,05,14,14,female,strong,1594
40,1.3346666666666667,True,1.0,0.3315855659611794,0.31628009624243314,0.32393283110180626,0.9463593328369787,-0.07458333333333333,-0.06643518518518515,0.4130220985862468,0.33507691139252144,0.18263930661951863,0.3422936931690908,0.015305469718746245,0.008148148148148182,0.02791302472900685,0.3292082725299715,0.1131193582840908,0.11216612614951955,0.0,0.9999999987499999,0.6268276035336009,0.27500575221317763,0.2917238726473513,0.34892411395370965,angry,05,14,14,female,strong,1594
50,1.6683333333333334,True,1.0,0.16553870625874365,0.18165675749933372,0.17359773187903868,0.7471526712090975,-0.08564814814814814,-0.0768518518518519,0.4597660372545824,0.26357887125699575,0.18653041488993785,0.23234572874926626,0.01611805124059007,0.008796296296296247,0.05931453035796991,0.399005390215958,0.10678273350377317,0.11560715262182251,0.0,0.9999999987499999,0.671544854707508,0.28503988612183223,0.30066636511144246,0.3890357585253596,angry,05,14,14,female,strong,1594
60,2.0020000000000002,True,1.0,0.6697109785521106,0.748641127383458,0.7091760529677843,1.0051265026196574,-0.05842592592592588,-0.05018518518518522,0.42609481756486683,0.3713746691702349,0.18517145459170167,0.70555900289114,0.07893014883134741,0.00824074074074066,0.06921675293195559,0.3136506673203027,0.10803042588935631,0.11343883510201735,0.0,0.9999999987499999,0.6518465612729466,0.28272128832385185,0.3099123336752154,0.4143302101224754,angry,05,14,14,female,strong,1594
70,2.3356666666666666,True,1.0,0.6667486372151847,0.7035071291793339,0.6851278831972594,1.1982646612252121,-0.06037037037037046,-0.04967592592592601,0.3812425731342056,0.39641309636398653,0.17511157157652374,0.5717667434978211,0.036758491964149154,0.01069444444444445,0.05503729660277301,0.24211751509082935,0.11694408660834227,0.10852427183238687,0.0,0.9999999987499999,0.6158553328206282,0.2725427071117833,0.28105501742136796,0.32181651292598096,angry,05,14,14,female,strong,1594
80,2.6693333333333333,True,1.0,0.7316900491075848,0.7951301159446006,0.7634100825260928,1.3661795385295694,-0.06898148148148148,-0.06,0.3341134731705383,0.56274376018947,0.19227115564418842,0.5587919164327095,0.06344006683701575,0.00898148148148148,0.06662084240443736,0.21048266442283123,0.10785486796221697,0.11427460555213322,0.0,0.9999999987499999,0.6551481669542818,0.2793227740244354,0.28362117057127534,0.37413394570408703,angry,05,14,14,female,strong,1594
90,3.003,True,1.0,0.6697107711237497,0.7565586396701799,0.7131347053969648,1.3104064534157265,-0.05819444444444449,-0.0493055555555556,0.33848345995745627,0.5232353786404712,0.17902538370630094,0.5442087861656179,0.08684786854643023,0.00888888888888889,0.075037522778252,0.2257659302777818,0.11065984236787942,0.11308710285610403,0.0,0.9999999987499999,0.6544741204606842,0.27586272318712035,0.29470985920500214,0.3842470332526531,angry,05,14,14,female,strong,1594
100,3.336666666666667,True,1.0,0.6958742428262157,0.7900223009888192,0.7429482719075174,1.1035029767374878,-0.057638888888888906,-0.04833333333333334,0.352891883260841,0.4018870700950024,0.1803799862959831,0.673263495948192,0.09414805816260352,0.009305555555555567,0.07911707085572246,0.2709823960136225,0.11381146760075894,0.11026083295309283,0.0,0.9999999987499999,0.6565599329731893,0.2753374535748959,0.2974043260796804,0.3891926074591207,angry,05,14,14,female,strong,1594
110,3.6703333333333332,True,1.0,0.7089503302646344,0.7651023469178402,0.7370263385912372,0.9373388926110705,-0.05851851851851847,-0.049907407407407456,0.3559153345975668,0.3336882661397891,0.18176491043657364,0.7862965512272317,0.056152016653205794,0.008611111111111014,0.08305862474104594,0.3041641487103866,0.11161003254369993,0.11197941879361013,0.0,0.9999999987499999,0.6610753030587234,0.2748463445855503,0.288914402959506,0.38529576363183626,angry,05,14,14,female,strong,1594
120,4.0040000000000004,True,1.0,0.7232397869915329,0.8103403888659434,0.7667900879287382,0.9847769724443368,-0.058379629629629615,-0.05023148148148149,0.359141896601098,0.33709684803732326,0.18029495081705274,0.7786433978299385,0.08710060187441049,0.008148148148148127,0.08502878869066269,0.27442800569212344,0.11145146751685389,0.11128450138538042,0.0,0.9999999987499999,0.6627070441457833,0.2746703952428416,0.2877298445921334,0.38445014635215,angry,05,14,14,female,strong,1594
0,0.0,True,1.0,0.7210180479618961,0.7209599184597263,0.7209889832108112,0.43247274420278337,-0.059953703703703676,-0.056435185185185144,0.3570861654825491,0.19302924199255514,0.17782969776269256,1.6671316120507806,5.812950216976809e-05,0.003518518518518532,0.011896542795386655,0.6025569938986957,0.11858143260835587,0.10815134021292447,0.0,0.9999999987499999,0.6282099264393257,0.2695225779862906,0.2793739493290825,0.3424861854709358,angry,05,14,14,female,strong,1595
10,0.33366666666666667,True,1.0,0.7461621979053148,0.7273423609857501,0.7367522794455325,0.3428170867225101,-0.0622685185185185,-0.057453703703703674,0.35407928839609887,0.19471879908906162,0.17642392055103365,2.1491118966362643,0.01881983691956468,0.004814814814814827,0.008310955508479394,0.7426265093266734,0.11579654603302766,0.1092258442551706,0.0,0.9999999987499999,0.6374615872208259,0.2679537098368069,0.26814149479807264,0.3309188946609383,angry,05,14,14,female,strong,1595
20,0.6673333333333333,True,1.0,0.3881020005377671,0.3790543057158381,0.3835781531268026,0.7946127946127938,-0.0731944444444445,-0.06958333333333339,0.4112149532710281,0.24242424242424152,0.17847264970529494,0.4827233537231377,0.00904769482192902,0.0036111111111111205,0.0014573862001587665,0.35316118939747515,0.12006934687842162,0.1103626174742099,0.0,0.9999999987499999,0.6232198662042944,0.27135923711675997,0.2921604729253089,0.3458269446478816,angry,05,14,14,female,strong,1595
30,1.0010000000000001,True,1.0,0.34155114048129864,0.340308112245311,0.3409296263633048,1.2892380773429553,-0.0847222222222222,-0.07865740740740734,0.3389621896597032,0.5557641552397629,0.183367038287288,0.2644427219105574,0.0012430282359876532,0.006064814814814856,0.030658935715945294,0.2182405799395036,0.11932395396969936,0.111510346154312,0.0,0.9999999987499999,0.6126232840245474,0.26779543033050024,0.2976279786651868,0.33544409794934904,angry,05,14,14,female,strong,1595
40,1.3346666666666667,True,1.0,0.3194212198623454,0.32223183512949155,0.32082652749591845,0.994013325430031,-0.07449074074074075,-0.06550925925925927,0.39868559376285295,0.38797004966521104,0.18334373675797258,0.3227587792720205,0.002810615267146155,0.00898148148148148,0.032016948222536167,0.32383341351190703,0.11007725540091183,0.11247472496611496,0.0,0.9999999987499999,0.6320008307463612,0.2763172145683884,0.2831011221270162,0.3484233124255753,angry,05,14,14,female,strong,1595
50,1.6683333333333334,True,1.0,0.6785028702034356,0.7356321839080467,0.7070675270557412,1.355966718180375,-0.06337962962962967,-0.05787037037037035,0.32693617610136977,0.6024195046303293,0.18128409229477535,0.5214490278969257,0.05712931370461116,0.005509259259259325,0.0347714909540596,0.20861834070199406,0.11288583973443676,0.1093075715829305,0.0,0.9999999987499999,0.6376733916926145,0.27287662092275194,0.27360031949353636,0.35254335434528433,angry,05,14,14,female,strong,1595
60,2.0020000000000002,True,1.0,0.6835184872603257,0.7430762063122792,0.7132973467863024,1.103710097436689,-0.0637037037037037,-0.0596296296296297,0.44178853901254894,0.3616586423765475,0.19175620820850034,0.6462723757288255,0.059557719051953506,0.004074074074074008,0.013990818504456288,0.2688955722434655,0.10721186195372412,0.11253230384203215,0.0,0.9999999987499999,0.6564586617928422,0.28141679734811564,0.30168212309023956,0.4074605129697685,angry,05,14,14,female,strong,1595
70,2.3356666666666666,True,1.0,0.7368516377969672,0.7383104590391081,0.7375810484180376,1.0880908814981656,-0.06037037037037041,-0.05560185185185179,0.38341558684741034,0.42393151227201237,0.18981499124878884,0.6778671349607125,0.0014588212421409175,0.004768518518518616,0.004848306009210161,0.27880991365825525,0.10761425761345411,0.11299377879995251,0.0,0.9999999987499999,0.6510219292795243,0.2795557856012768,0.28728064014109833,0.38574528587509044,angry,05,14,14,female,strong,1595
80,2.6693333333333333,True,1.0,0.7275771718303506,0.7269375201376996,0.7272573459840251,0.6579209331946534,-0.0597685185185185,-0.05291666666666672,0.39469713710471627,0.3561538105067608,0.1807789468829707,1.1053871510862199,0.000639651692651011,0.006851851851851776,0.005128789727582603,0.47030765682722303,0.1072218048464501,0.11133130594819828,0.0,0.9999999987499999,0.6689373356295644,0.28536943000344445,0.2792661273600905,0.3636554448269359,angry,05,14,14,female,strong,1595
90,3.003,True,1.0,0.7708319768571874,0.7829961380468196,0.7769140574520035,1.727874699775621,-0.062129629629629646,-0.05680555555555561,0.2769515258343641,0.7068000768645115,0.18844764883487863,0.44963564635380815,0.01216416118963215,0.005324074074074037,0.010887823688403695,0.1759056385748648,0.11094847647819288,0.11330949190131107,0.0,0.9999999987499999,0.6549326785479817,0.28058687678805677,0.28862681955762204,0.3823600639640003,angry,05,14,14,female,strong,1595
100,3.336666666666667,True,1.0,0.6789954036720316,0.666690602601875,0.6728430031369532,0.7849422195726404,-0.05564814814814811,-0.049537037037037046,0.41543273634022393,0.25500538467614603,0.1841935344958589,0.8571879386272288,0.012304801070156635,0.006111111111111067,0.0002679199274007903,0.3874601774331342,0.11009244438832959,0.11262914164826357,0.0,0.9999999987499999,0.6558915821406689,0.27673599567244045,0.2791218331285652,0.3840434121042386,angry,05,14,14,female,strong,1595
110,3.6703333333333332,True,1.0,0.7131502184384141,0.7177271646847703,0.7154386915615922,0.5264876107121671,-0.05870370370370376,-0.05268518518518506,0.41429047088069954,0.1315049294410162,0.1848559922190204,1.3588898902935922,0.004576946246356184,0.006018518518518701,1.1480125427373666e-05,0.4923840375270856,0.11232515625764367,0.11126207291581051,0.0,0.9999999987499999,0.6581913417710835,0.27767122999737265,0.2728386199765675,0.3865101150202235,angry,05,14,14,female,strong,1595
120,4.0040000000000004,True,1.0,0.6902278328901725,0.6978847672707683,0.6940563000804705,0.5241201396608532,-0.05722222222222223,-0.05240740740740746,0.4057284872976327,0.12765701318614575,0.18346811599750412,1.3242313117934739,0.007656934380595781,0.004814814814814772,0.003362908305357569,0.49300746237232046,0.11135194933578794,0.1110414577721604,0.0,0.9999999987499999,0.6594916668151636,0.277018648686679,0.2697382879598554,0.38162860149979944,angry,05,14,14,female,strong,1595
130,4.337666666666666,True,1.0,0.7485957186919586,0.7327945994832612,0.7406951590876099,0.49977834630233126,-0.05898148148148147,-0.052685185185185224,0.3952902752380383,0.15254255396193864,0.1827328542160892,1.4820473207127318,0.015801119208697423,0.006296296296296244,0.0019710913055245994,0.5469794131398552,0.10772354242828268,0.11050160917570728,0.0,0.9999999987499999,0.6691698493381728,0.2779096715416205,0.2632558995582506,0.3688283553414116,angry,05,14,14,female,strong,1595
0,0.0,True,1.0,0.685938079805921,0.7754548470413294,0.7306964634236253,0.3762014677209585,-0.05819444444444449,-0.05097222222222225,0.36047220066132774,0.11727342510014252,0.17796693381460094,1.9423009374477183,0.08951676723540836,0.007222222222222241,0.0647370832384864,0.7123908752827716,0.10466855279032773,0.11272553166830403,0.0,0.9999999987499999,0.6843997983490272,0.2815407188380172,0.2518307655464973,0.35494571695487426,fearful,06,14,14,female,normal,1596
10,0.33366666666666667,True,1.0,0.7081113431852014,0.7778782114968146,0.7429947773410079,0.39130701464016904,-0.05949074074074079,-0.050879629629629664,0.3598794668877373,0.1485463384601805,0.17864313382044175,1.8987514906274745,0.06976686831161316,0.008611111111111125,0.056486001919510614,0.656721327598852,0.10483439425173922,0.11155123275809492,0.0,0.9999999987499999,0.6881960718818779,0.27995967727118326,0.25480121465321004,0.3524352891220383,fearful,06,14,14,female,normal,1596
20,0.6673333333333333,True,1.0,0.7148287832218423,0.7937554109821914,0.7542920971020168,0.7273878072219478,-0.058981481481481524,-0.05148148148148152,0.39317128446208033,0.22785388500714973,0.1771802450044448,1.0369875458633577,0.07892662776034909,0.007500000000000007,0.04340211257581497,0.3395349910914418,0.10444821862014024,0.11242245868969179,0.0,0.9999999987499999,0.6814376915922619,0.2832688234046847,0.26159761379107843,0.3534377450746776,fearful,06,14,14,female,normal,1596
30,1.0010000000000001,True,1.0,0.3317539830544484,0.3304708163870503,0.33111239972074935,0.7259661830843989,-0.07337962962962968,-0.06152777777777779,0.39702261034480146,0.20489745309806728,0.1792279752178617,0.4560989305506743,0.001283166667398139,0.011851851851851891,0.05701832631457248,0.3676438628911716,0.10361189215969786,0.11200931997413652,0.0,0.9999999987499999,0.683903024647359,0.2792835852992666,0.26875862270978784,0.3620523764846888,fearful,06,14,14,female,normal,1596
40,1.3346666666666667,True,1.0,0.49964791298623534,0.5180445799578807,0.508846246472058,0.6101839509686846,-0.07101851851851854,-0.05805555555555558,0.3619753020406832,0.2743987973692302,0.17651384654991625,0.8339226976787081,0.018396666971645326,0.012962962962962954,0.05795194326006683,0.45411140363836444,0.1050308645074434,0.10894489425177639,0.0,0.9999999987499999,0.6802517267063073,0.2805853111948208,0.26728480416196726,0.35327702636863145,fearful,06,14,14,female,normal,1596
50,1.6683333333333334,True,1.0,0.6611664946056578,0.7144428289394492,0.6878046617725535,0.8087256782821152,-0.05870370370370376,-0.048472222222222194,0.3716973484212407,0.3027228504990071,0.17722286935101506,0.8504795633960571,0.05327633433379142,0.010231481481481564,0.06700542501485267,0.32867308036215487,0.10664211050133313,0.11171629889641078,0.0,0.9999999987499999,0.6760329650141307,0.28052799879194773,0.2776895798495446,0.3651481816877222,fearful,06,14,14,female,normal,1596
60,2.0020000000000002,True,1.0,0.6508453648666122,0.7286914416019922,0.6897684032343021,0.6883429900865026,-0.06037037037037041,-0.04814814814814816,0.3602545306983203,0.29125368882834357,0.1820387682324513,1.0020707890809208,0.07784607673538002,0.012222222222222245,0.06782174408068237,0.41202594092176575,0.10944174208376264,0.11156673103785902,0.0,0.9999999987499999,0.6641022944021359,0.2756412328981506,0.27648073427130243,0.3729827877681536,fearful,06,14,14,female,normal,1596
70,2.3356666666666666,True,1.0,0.7001308234772947,0.7532956685499064,0.7267132460136005,0.6735803460086397,-0.05865740740740738,-0.04842592592592598,0.3526489748136382,0.24443944833842854,0.18132112357228442,1.078881309883527,0.053164845072611655,0.010231481481481397,0.06232268786870768,0.44883007219909504,0.11126560015354013,0.11095640693550207,0.0,0.9999999987499999,0.6712757520508205,0.2745652334257122,0.27461082130496317,0.3712738224694988,fearful,06,14,14,female,normal,1596
80,2.6693333333333333,True,1.0,0.7073920282666674,0.7743742377745607,0.740883133020614,0.642957185914076,-0.060925925925925994,-0.05175925925925923,0.3563822214390743,0.2757729797646398,0.17994423168494716,1.152305548879307,0.06698220950789335,0.009166666666666767,0.061668908085318164,0.4102193695208142,0.10374248944175066,0.1086049392953203,0.0,0.9999999987499999,0.6792533762958308,0.27866278295710223,0.2581028530332313,0.3467484019866376,fearful,06,14,14,female,normal,1596
90,3.003,True,1.0,0.7040565397506885,0.7893957712341682,0.7467261554924283,0.6256160617602634,-0.061851851851851936,-0.0522685185185186,0.360934893207446,0.2447047285025123,0.18135772660683638,1.1935853331377133,0.08533923148347966,0.009583333333333333,0.07671316327301914,0.40630392232193574,0.10371632748560815,0.1077494344770601,0.0,0.9999999987499999,0.6822667207898785,0.27744506029569366,0.2615591905599447,0.3526610643140728,fearful,06,14,14,female,normal,1596
0,0.0,True,1.0,0.721548325024089,0.7581199763381875,0.7398341506811383,0.7376512678571402,-0.06490740740740747,-0.05717592592592591,0.35418468690746907,0.32921184282148785,0.1702397538406829,1.0029592341518498,0.03657165131409845,0.007731481481481561,0.038588613089161686,0.3642550232292979,0.10795105863172999,0.11284101814916116,0.0,0.9999999987499999,0.6720580659216812,0.2809834475200384,0.264842636767531,0.37073328738957556,fearful,06,14,14,female,normal,1597
10,0.33366666666666667,True,1.0,0.6865704814692674,0.7403007339990532,0.7134356077341603,0.7308329798285634,-0.06296296296296294,-0.055046296296296315,0.3593627422007939,0.3039923512686764,0.17156380203447152,0.9761951463951665,0.053730252529785805,0.007916666666666627,0.059912042204602015,0.3449514451643767,0.11575340187372174,0.11065761004709217,0.0,0.9999999987499999,0.6334303235356644,0.266419488706132,0.26939917427148774,0.3324057298053119,fearful,06,14,14,female,normal,1597
20,0.6673333333333333,True,1.0,0.6066693150460096,0.6242778619880085,0.6154735885170091,0.6865545129753261,-0.0673611111111111,-0.057453703703703674,0.3982324126613241,0.21919864974047654,0.17592400860252866,0.8964671805152469,0.01760854694199887,0.00990740740740742,0.05306530157722716,0.37890950199715295,0.11675074827333429,0.11184172210088222,0.0,0.9999999987499999,0.6212041046418567,0.2669882585040698,0.2825555245888381,0.33440215179261673,fearful,06,14,14,female,normal,1597
30,1.0010000000000001,True,1.0,0.43337097697040294,0.4568164655136975,0.4450937212420502,0.5915457754115729,-0.06671296296296292,-0.05412037037037026,0.47100304764093476,0.06811197138912943,0.17806764918330184,0.7524248160379009,0.023445488543294535,0.012592592592592655,0.05349968104222451,0.44918591828110066,0.1067113947739645,0.11351164177987949,0.0,0.9999999987499999,0.6765957200145684,0.2814819045866664,0.27769444648708297,0.37407128104594817,fearful,06,14,14,female,normal,1597
40,1.3346666666666667,True,1.0,0.6828960370712771,0.7504268679907555,0.7166614525310163,0.8278030220095758,-0.06189814814814815,-0.05384259259259261,0.3787828861120114,0.30777839277557195,0.18296609697104518,0.8657391112093888,0.06753083091947842,0.008055555555555538,0.0690373275418651,0.32065623536447085,0.10548662103781324,0.11348153921849922,0.0,0.9999999987499999,0.6671921682501126,0.27720153137023035,0.27051312714652265,0.3663562910052858,fearful,06,14,14,female,normal,1597
50,1.6683333333333334,True,1.0,0.5964568761237263,0.6828131756580008,0.6396350258908636,0.769180760084506,-0.06032407407407403,-0.050046296296296366,0.3809906022944287,0.23255296821326232,0.1844005208652884,0.8315795962194766,0.08635629953427448,0.010277777777777664,0.08347367403748739,0.33224409174216724,0.10571496607924663,0.11310052590814715,0.0,0.9999999987499999,0.6689918756018032,0.2770790183902506,0.26860837585035835,0.36805178637632185,fearful,06,14,14,female,normal,1597
60,2.0020000000000002,True,1.0,0.6476958221579754,0.7219944634031837,0.6848451427805795,0.7345054724255554,-0.05851851851851847,-0.04810185185185184,0.40772562596623496,0.23082785277581774,0.18098773063933177,0.932389435464677,0.07429864124520835,0.01041666666666663,0.0733056937430267,0.3781649132534833,0.10939297756223408,0.11263405581658716,0.0,0.9999999987499999,0.66398430348702,0.27744025852076193,0.28103898268513444,0.3641665809845431,fearful,06,14,14,female,normal,1597
70,2.3356666666666666,True,1.0,0.710026801219303,0.7900357131285557,0.7500312571739294,0.772842149764527,-0.06967592592592592,-0.06041666666666673,0.3339758672598848,0.26142971624472283,0.19609651669141634,0.9704844092709646,0.08000891190925274,0.00925925925925919,0.09703286396106088,0.3394959397486698,0.10241286091094609,0.10881414976645805,0.0,0.9999999987499999,0.6799123325033137,0.2776959265208836,0.2609508152196178,0.3552980189502268,fearful,06,14,14,female,normal,1597
80,2.6693333333333333,True,1.0,0.7230499288029283,0.8629429164766013,0.7929964226397648,0.848774671196167,-0.06763888888888892,-0.06111111111111123,0.324972593285417,0.2660402762692056,0.20358055682318985,0.9342837970438083,0.13989298767367297,0.006527777777777688,0.10033485613492818,0.31975707092617867,0.09910520742337518,0.11046374767416775,0.0,0.9999999987499999,0.6964969457157864,0.2917811700647131,0.26730326085287737,0.3919439971283746,fearful,06,14,14,female,normal,1597
90,3.003,True,1.0,0.6600452483817713,0.7471844340465104,0.7036148412141408,0.7637233327551001,-0.062453703703703733,-0.05370370370370375,0.3456833723039903,0.2530400070968532,0.19734751940380232,0.9212954626852626,0.0871391856647391,0.00874999999999998,0.1020121925090318,0.3340447867510873,0.09995301020492683,0.11038973335282268,0.0,0.9999999987499999,0.6959948991158964,0.293655192770787,0.2702716660780896,0.3939660638797909,fearful,06,14,14,female,normal,1597
100,3.336666666666667,True,1.0,0.683787524752454,0.7663767666474092,0.7250821456999316,0.7910529769831101,-0.060601851851851796,-0.05194444444444457,0.341419072722645,0.2500725563605477,0.19662713428789938,0.9166037759761986,0.0825892418949552,0.008657407407407225,0.09191067286322564,0.33899614083355883,0.10541497979219829,0.10839765020845815,0.0,0.9999999987499999,0.6617124974286589,0.27898111734671105,0.26234309735233097,0.36294627368310023,fearful,06,14,14,female,normal,1597
0,0.0,True,1.0,0.7195526179866757,0.7765326406010007,0.7480426292938382,0.4295112221873716,-0.06495370370370368,-0.05486111111111114,0.3680416466176028,0.22112350505744024,0.17311113445089762,1.7416137009978039,0.056980022614325,0.010092592592592542,0.04885150579911043,0.5692625061776206,0.10586620588582499,0.11329579586268723,0.0,0.9999999987499999,0.6826072797478365,0.2785111740859099,0.26480254504169354,0.36670338978355205,fearful,06,14,14,female,normal,1598
10,0.33366666666666667,True,1.0,0.7063734970262526,0.7899716719281559,0.7481725844772042,0.4180462051760117,-0.06740740740740736,-0.05810185185185185,0.3759326970706369,0.2080469833529764,0.1730930638915411,1.7896887358711893,0.08359817490190324,0.009305555555555511,0.045666113460226684,0.5764595975893892,0.10743153694782352,0.11249209558102483,0.0,0.9999999987499999,0.681187693327331,0.27844181751441194,0.2675630125803029,0.3602671949076623,fearful,06,14,14,female,normal,1598
20,0.6673333333333333,True,1.0,0.37685372035196435,0.38243352337611103,0.37964362186403766,0.7271312307460902,-0.07689814814814816,-0.06481481481481477,0.3755354793956727,0.2775989684178687,0.17236569352316897,0.5221115609000804,0.005579803024146679,0.01208333333333339,0.044627351973808765,0.3288290495947157,0.10897924476997049,0.11150714215388978,0.0,0.9999999987499999,0.6763022050773434,0.2794906402725713,0.2710474114718923,0.360956724735106,fearful,06,14,14,female,normal,1598
30,1.0010000000000001,True,1.0,0.7067121151737029,0.7379249556927063,0.7223185354332047,0.6997696805636424,-0.06421296296296303,-0.05291666666666672,0.35899302222099494,0.31210474384535497,0.17585113601327,1.0322232521583385,0.031212840519003415,0.011296296296296304,0.048907268093050654,0.35671854872350844,0.10627502330917614,0.11375293432356258,0.0,0.9999999987499999,0.6775818410098414,0.27787028190862234,0.2663047657482873,0.35846064498558855,fearful,06,14,14,female,normal,1598
40,1.3346666666666667,True,1.0,0.6656225243190454,0.7327432050840467,0.6991828647015461,0.6927684305904447,-0.06259259259259259,-0.05421296296296296,0.3813754261838356,0.2695662801639916,0.18197840664028841,1.0092591316634252,0.06712068076500122,0.008379629629629626,0.058698547804402354,0.3569956402766734,0.10243384794372315,0.11070394522260388,0.0,0.9999999987499999,0.6729308190932624,0.28112336047276165,0.27441237868140617,0.3631554780820795,fearful,06,14,14,female,normal,1598
50,1.6683333333333334,True,1.0,0.649626968167301,0.7002514212551666,0.6749391947112338,0.447181325605372,-0.06300925925925926,-0.054166666666666585,0.3712885454074769,0.15084509885000214,0.18060667699933172,1.509318828995228,0.05062445308786556,0.00884259259259268,0.06048069614077167,0.5571502697579376,0.10843253053543121,0.10963233828592114,0.0,0.9999999987499999,0.6781917322632178,0.2751948528461203,0.2795668127390638,0.37160992545388716,fearful,06,14,14,female,normal,1598
60,2.0020000000000002,True,1.0,0.7398644808689256,0.8131902471044115,0.7765273639866686,0.600865285148288,-0.06157407407407417,-0.050509259259259365,0.3504331911852012,0.224769553739372,0.18270947180724795,1.2923485233383534,0.07332576623548581,0.011064814814814805,0.05942779192845,0.4274345251696623,0.10593375129163014,0.1105077738696671,0.0,0.9999999987499999,0.6705750520677023,0.27885146658293186,0.2736733021933281,0.3619582278161311,fearful,06,14,14,female,normal,1598
70,2.3356666666666666,True,1.0,0.680492448795857,0.7653206746925912,0.7229065617442241,0.703823381088016,-0.06013888888888891,-0.049722222222222334,0.35168293524035754,0.25411983514404934,0.1806163926619766,1.027113592939621,0.08482822589673422,0.010416666666666574,0.06411317403738508,0.35226492176652363,0.10706612646086681,0.109585018413207,0.0,0.9999999987499999,0.6675525590939501,0.28004274303700344,0.2787546556338792,0.36227159061452885,fearful,06,14,14,female,normal,1598
80,2.6693333333333333,True,1.0,0.669723445099296,0.74828966098784,0.7090065530435681,0.5379708018934982,-0.06393518518518515,-0.05407407407407411,0.3670042282796126,0.224434389140272,0.18273285421608929,1.3179275725524036,0.07856621588854396,0.009861111111111043,0.07343242087844178,0.46131702982169315,0.1079425234669711,0.10872186221527702,0.0,0.9999999987499999,0.6686026948826406,0.27860238742013244,0.2793951307919513,0.3658179721887783,fearful,06,14,14,female,normal,1598
90,3.003,True,1.0,0.6964586870695461,0.7481890755078671,0.7223238812887065,0.6326850150540272,-0.06333333333333335,-0.05407407407407411,0.3593260637166985,0.2479994078992741,0.17994423168494725,1.1416800842470163,0.05173038843832101,0.009259259259259245,0.06440058775797886,0.4071736254994361,0.10607580967538753,0.10845601378999445,0.0,0.9999999987499999,0.6704867864489548,0.2798220321843798,0.27434085213637893,0.36329976758675875,fearful,06,14,14,female,normal,1598
0,0.0,True,1.0,0.752405155395453,0.7759888015100433,0.7641969784527483,0.5629011939301942,-0.060092592592592586,-0.05319444444444443,0.3690008762476521,0.22960443436626365,0.18194486376946223,1.357604117193464,0.023583646114590295,0.006898148148148153,0.00936567148328157,0.4744146415084198,0.11255637050875048,0.11033964503188902,0.0,0.9999999987499999,0.6573623162546268,0.27949929689197595,0.2702673748565937,0.3733767026997964,fearful,06,14,14,female,normal,1599
10,0.33366666666666667,True,1.0,0.4591244180315456,0.45218625065028534,0.45565533434091543,0.6994535519125684,-0.06912037037037039,-0.062962962962963,0.37409409198728105,0.26229508196721346,0.18125168372062783,0.6514447358155274,0.006938167381260241,0.006157407407407389,0.009969096439614198,0.37500000000000044,0.11957624692083789,0.10775994391540075,0.0,0.9999999987499999,0.6217877296152836,0.26448765298192745,0.2866252893785367,0.33420404893824657,fearful,06,14,14,female,normal,1599
20,0.6673333333333333,True,1.0,0.7290579602630115,0.7063630230130548,0.7177104916380331,0.8171203269904442,-0.06300925925925921,-0.0553703703703704,0.3802037216803889,0.351218386162559,0.17917049906572244,0.8783412527276737,0.022694937249956748,0.007638888888888806,0.009704519416223587,0.335984665719502,0.10881334647907044,0.11403258058705955,0.0,0.9999999987499999,0.6747364792479492,0.2816097881613281,0.28192753522738107,0.3809272889000635,fearful,06,14,14,female,normal,1599
30,1.0010000000000001,True,1.0,0.6901132800684816,0.7347712193111874,0.7124422496898345,0.7293557062016366,-0.061342592592592615,-0.052870370370370345,0.37777242374760517,0.29315456142885143,0.17847606953301587,0.9768104144959877,0.04465793924270578,0.00847222222222227,0.02623994244453508,0.3644761947648627,0.10946612239258904,0.11306959786138851,0.0,0.9999999987499999,0.6689739056481968,0.2824229227866068,0.28191785310212514,0.3823531184055991,fearful,06,14,14,female,normal,1599
40,1.3346666666666667,True,1.0,0.5880093290176884,0.6283524904214557,0.6081809097195721,0.7746386243759356,-0.05986111111111109,-0.0530092592592592,0.37370465934182984,0.3368190023843677,0.18056611902358907,0.7851156533919733,0.04034316140376726,0.006851851851851887,0.0380912627518616,0.35578926701738195,0.11086686034834423,0.10945663009314463,0.0,0.9999999987499999,0.6436595705235219,0.2718536484849031,0.2689422334413003,0.33353308221142225,fearful,06,14,14,female,normal,1599
50,1.6683333333333334,True,1.0,0.7054680080885293,0.703112954125226,0.7042904811068776,0.5667131962232778,-0.0587037037037037,-0.04986111111111108,0.35423119113881596,0.20667821999022018,0.1812605229973301,1.2427635103619437,0.0023550539633032663,0.008842592592592624,0.017951125305572448,0.4870115925006619,0.10977594399087716,0.11411239903607795,0.0,0.9999999987499999,0.6562948338163391,0.2789990856594972,0.2722616474982077,0.36847793670140827,fearful,06,14,14,female,normal,1599
60,2.0020000000000002,True,1.0,0.7479884253286273,0.7073080744989932,0.7276482499138103,0.6986328416635754,-0.06018518518518523,-0.05305555555555558,0.3568667492642561,0.3341287503608405,0.18194486376946223,1.0415316980821339,0.04068035082963406,0.007129629629629652,0.0015948050611996778,0.4157608695652181,0.12240346857484143,0.10652332441409042,0.0,0.9999999987499999,0.6151864758090736,0.2640806637912375,0.300721575910781,0.3328585931331881,fearful,06,14,14,female,normal,1599
70,2.3356666666666666,True,1.0,0.6659735810659828,0.6560379313456537,0.6610057562058183,0.7677646898986711,-0.05675925925925934,-0.049768518518518545,0.3590078069825982,0.30853624046322065,0.18333999159310857,0.8609483672569745,0.00993564972032912,0.006990740740740797,0.0056817691446675676,0.3969622560066218,0.12264039174839592,0.10767540877788405,0.0,0.9999999987499999,0.607629475626188,0.26156032265042645,0.30482476888201715,0.33485584845031685,fearful,06,14,14,female,normal,1599
80,2.6693333333333333,True,1.0,0.7058441675090519,0.6647285332931799,0.685286350401116,0.7103864162561097,-0.05782407407407414,-0.05092592592592593,0.3719636627997763,0.28268617258229445,0.18272074584220155,0.964667024480456,0.04111563421587194,0.006898148148148209,0.012840528907768796,0.39081355496280173,0.11131246270345785,0.11312048878114347,0.0,0.9999999987499999,0.655921709066439,0.2815763914401734,0.28630951908186847,0.3792668550172664,fearful,06,14,14,female,normal,1599
90,3.003,True,1.0,0.6424665974813508,0.6218879937444625,0.6321772956129066,0.7430257705671817,-0.05958333333333338,-0.05226851851851855,0.3695153740421841,0.2985945835153491,0.18197840664028841,0.8508147639756022,0.020578603736888357,0.0073148148148148295,0.008004183576684715,0.40986843530333983,0.11105974774934688,0.11099092980948108,0.0,0.9999999987499999,0.6593711875609618,0.28257797546885777,0.286271964290611,0.3787418365896788,fearful,06,14,14,female,normal,1599
0,0.0,True,1.0,0.7900170532168829,0.7768397917064475,0.7834284224616652,0.6130154440161728,-0.0643981481481481,-0.058472222222222314,0.3636282483805892,0.29881548445379796,0.17500043596485873,1.277991329760032,0.013177261510435412,0.005925925925925779,0.0060562925008467265,0.39450384714203734,0.10722848823040243,0.11285460539339721,0.0,0.9999999987499999,0.6716916742400086,0.28353637459129266,0.26878259130980325,0.376120615211748,fearful,06,14,14,female,strong,1600
10,0.33366666666666667,True,1.0,0.7875432872056741,0.7739252672676386,0.7807342772366563,0.5410680251821598,-0.06490740740740736,-0.05870370370370376,0.3605446409299033,0.27049908113231236,0.17430555555555555,1.4429503147479632,0.013618019938035575,0.0062037037037036,0.0016792661333480188,0.4668860676412235,0.10786525081819653,0.11190616791617868,0.0,0.9999999987499999,0.6756919131871498,0.2826013631123526,0.27025504701780684,0.376898323155969,fearful,06,14,14,female,strong,1600
20,0.6673333333333333,True,1.0,0.22688854396234187,0.20080650154344398,0.21384752275289293,0.6816433687572496,-0.07912037037037034,-0.07314814814814818,0.41534817185463213,0.22053167812734584,0.1777777777777778,0.3137234697122821,0.02608204241889789,0.005972222222222157,0.012895247422927008,0.3750000000000008,0.10651884022131419,0.11419397144559756,0.0,0.9999999987499999,0.6784040099477291,0.2811364174282757,0.2798655935557385,0.39299210617281505,fearful,06,14,14,female,strong,1600
30,1.0010000000000001,True,1.0,0.2876132988645048,0.2884826161167986,0.2880479574906517,0.9005651343451595,-0.08435185185185184,-0.07879629629629631,0.4444225205095945,0.3205969800191275,0.17225810125013308,0.31985244210026414,0.0008693172522937775,0.005555555555555536,0.032533106004743184,0.31607141054413734,0.09932061002443307,0.11434156223370802,0.0,0.9999999987499999,0.6901205293992598,0.2812097875284974,0.28145509448079065,0.40276512551673727,fearful,06,14,14,female,strong,1600
40,1.3346666666666667,True,1.0,0.5874550835441946,0.5682012953497394,0.577828189446967,1.2748806080740929,-0.07083333333333341,-0.06254629629629627,0.3591908575715779,0.6069648443237741,0.17505274386528655,0.45324102177682907,0.019253788194455224,0.008287037037037148,0.03286027337143617,0.2145167040437953,0.10478286280201171,0.11396462028413303,0.0,0.9999999987499999,0.6807105878523286,0.28309389624747366,0.2843373742099616,0.37148184276089097,fearful,06,14,14,female,strong,1600
50,1.6683333333333334,True,1.0,0.6802272627500364,0.7605824923892103,0.7204048775696233,0.531391919602206,-0.06944444444444436,-0.06046296296296305,0.3922382158470444,0.13232709088693384,0.18616070695444298,1.3556940762458531,0.08035522963917385,0.008981481481481313,0.07284264000270474,0.4833365880426443,0.10293328273517455,0.11127182789525851,0.0,0.9999999987499999,0.6749424986400809,0.2854649466796966,0.282234782253325,0.36623170661920174,fearful,06,14,14,female,strong,1600
60,2.0020000000000002,True,1.0,0.730285261643407,0.7051916434794627,0.7177384525614349,1.2127450567613531,-0.06796296296296295,-0.062962962962963,0.32587344773659377,0.5731296220495533,0.1792756451513825,0.5918296253279828,0.025093618163944287,0.004999999999999949,0.015757639998453966,0.23115752124236905,0.11835740670591817,0.11438282647041001,0.0,0.9999999987499999,0.6100620872645933,0.26686671362929876,0.3030027919247215,0.32905043796753636,fearful,06,14,14,female,strong,1600
70,2.3356666666666666,True,1.0,0.7496806796186478,0.75305318526325,0.7513669324409489,0.9318038816557703,-0.0683333333333333,-0.06125000000000008,0.38061653616828406,0.46590194082788455,0.17569618140473198,0.8063573754445048,0.0033725056446022306,0.007083333333333219,0.018724263457056262,0.3288461538461542,0.11098549607667577,0.11259844252072312,0.0,0.9999999987499999,0.6720327815501199,0.28235360492363626,0.2994296691019896,0.39531455959965917,fearful,06,14,14,female,strong,1600
80,2.6693333333333333,True,1.0,0.7025645620407578,0.7331535011367721,0.717859031588765,0.6801447531445912,-0.06703703703703706,-0.06189814814814815,0.3923956898927986,0.32610593357875356,0.17708505667053592,1.0554503703363218,0.030588939096014345,0.005138888888888915,0.015661607580339673,0.40167986066285294,0.10876618934128539,0.1135754287715003,0.0,0.9999999987499999,0.6783404705397784,0.28229323479214985,0.2818649244585422,0.38386494402426724,fearful,06,14,14,female,strong,1600
90,3.003,True,1.0,0.70521235076014,0.7506985365342326,0.7279554436471862,0.702762029810187,-0.06629629629629635,-0.06092592592592594,0.38509932992743445,0.3159232029431739,0.1812605229973301,1.0358491392083375,0.04548618577409258,0.005370370370370414,0.036389876945652336,0.38263529661456214,0.11634515045849762,0.10776089900233625,0.0,0.9999999987499999,0.6306837934158038,0.2679541817081719,0.280601407068778,0.3310504298180176,fearful,06,14,14,female,strong,1600
0,0.0,True,1.0,0.7288566366749953,0.7354257849656572,0.7321412108203262,0.6292862151660717,-0.06513888888888891,-0.05861111111111106,0.3508895483712837,0.32247730127582735,0.17708376416920632,1.163447082067594,0.006569148290661908,0.0065277777777778545,0.005492847796171024,0.4218332924711692,0.11885486285387463,0.10960305470695908,0.0,0.9999999987499999,0.6268743877316552,0.269412541761349,0.27880365556604597,0.32939717352974124,fearful,06,14,14,female,strong,1601
10,0.33366666666666667,True,1.0,0.75904288789254,0.7783130154519996,0.7686779516722698,0.6075668842917423,-0.06384259259259262,-0.058981481481481524,0.35997236762939955,0.303753409418946,0.17708505667053603,1.2651742080517425,0.01927012755945956,0.004861111111111094,0.008480706635726082,0.4225733108767192,0.10738552338040096,0.11404951378670883,0.0,0.9999999987499999,0.6819432103231918,0.2850686767381422,0.2660654835609881,0.37362575910730067,fearful,06,14,14,female,strong,1601
20,0.6673333333333333,True,1.0,0.7496559379759503,0.7628513073064334,0.7562536226411918,0.8436379699712849,-0.06333333333333341,-0.05708333333333343,0.36630028983910723,0.35400878973150157,0.17847264970529494,0.8964196131036308,0.013195369330483042,0.006249999999999978,0.009333832342477267,0.31187980790834874,0.11978168184364457,0.10911447457814473,0.0,0.9999999987499999,0.6299685312484369,0.2697464363465008,0.29066194699032755,0.33425117252613745,fearful,06,14,14,female,strong,1601
30,1.0010000000000001,True,1.0,0.6031714966151481,0.6338959210813429,0.6185337088482454,0.9005275176597415,-0.0667592592592593,-0.06277777777777777,0.439833650138587,0.300093427414356,0.17919391750124894,0.6868570884492998,0.030724424466194722,0.00398148148148153,0.02178652135956781,0.3361321774453567,0.11530502854121945,0.11299491370313429,0.0,0.9999999987499999,0.6240942344515932,0.2724058814700041,0.30422741174977985,0.36491467735028255,fearful,06,14,14,female,strong,1601
40,1.3346666666666667,True,1.0,0.7162743501803264,0.7774907121059381,0.7468825311431322,1.1201724972647378,-0.06379629629629624,-0.05768518518518523,0.35457950167111857,0.4751821158365451,0.18474245908658005,0.6667567119947032,0.06121636192561175,0.006111111111111012,0.04262916940765627,0.24481246926135383,0.10675052502101429,0.1159659398909475,0.0,0.9999999987499999,0.6761573310730542,0.2837977527340949,0.29272078641452376,0.37741422795181606,fearful,06,14,14,female,strong,1601
50,1.6683333333333334,True,1.0,0.6888807912944849,0.6788533138775169,0.6838670525860009,0.48323103018531,-0.06777777777777783,-0.058009259259259316,0.3796643939612982,0.23438090773329906,0.17372357468471164,1.4151968931377414,0.010027477416967967,0.00976851851851851,0.04378382624939862,0.5420295102748324,0.10859359812866595,0.11239244115895086,0.0,0.9999999987499999,0.6730970153530161,0.28475891206592413,0.2919661438175208,0.3704020076443001,fearful,06,14,14,female,strong,1601
60,2.0020000000000002,True,1.0,0.7420278430520804,0.7587602557099726,0.7503940493810265,1.513488824391158,-0.06953703703703701,-0.0589351851851852,0.3110210648144979,0.7383249349595736,0.1785957222481236,0.49580415612443846,0.01673241265789227,0.010601851851851807,0.05795814339243057,0.1881669332969804,0.10585731205966856,0.11612746230156165,0.0,0.9999999987499999,0.672401787066389,0.28459513963887506,0.28406273265801935,0.3615201570039513,fearful,06,14,14,female,strong,1601
70,2.3356666666666666,True,1.0,0.688471928811462,0.7152900974905401,0.701881013151001,1.0836254431818955,-0.06837962962962962,-0.058657407407407325,0.36650749920042724,0.5264244425497712,0.1778618719629574,0.6477155160643312,0.026818168679078047,0.009722222222222299,0.059932639706688946,0.27854220371729155,0.1090279951059451,0.11145947615700079,0.0,0.9999999987499999,0.6696250640412416,0.28422753087227237,0.3049984784687496,0.39427377078031284,fearful,06,14,14,female,strong,1601
80,2.6693333333333333,True,1.0,0.6895333615091606,0.7424868196621186,0.7160100905856396,0.8727621870967578,-0.06550925925925927,-0.05898148148148141,0.37293891249035105,0.39978015586561705,0.1799327836822381,0.8203954080176711,0.052953458152958044,0.0065277777777778545,0.06492025317111765,0.30761164829467685,0.1090583288743121,0.1103991655770876,0.0,0.9694417533445533,0.6745881923550671,0.2822367153436901,0.2889920400333793,0.3730892500682038,fearful,06,14,14,female,strong,1601
90,3.003,True,1.0,0.7145344839948857,0.7427742283351415,0.7286543561650136,0.7891109586533902,-0.06624999999999998,-0.05814814814814817,0.378343928153948,0.3233009537176389,0.182672721974871,0.92338643656458,0.02823974434025578,0.008101851851851805,0.06843677647799892,0.32505974615312655,0.10815068203389873,0.11145953875765426,0.0,0.9999999987499999,0.6715481539490796,0.28256186569681213,0.2864218371094788,0.371053915823785,fearful,06,14,14,female,strong,1601
100,3.336666666666667,True,1.0,0.5637178418871184,0.6100121432746386,0.5868649925808784,0.7141329935825894,-0.06847222222222221,-0.06060185185185191,0.37606010919423283,0.3068651415588858,0.18201529665858626,0.8217866949918587,0.04629430138752022,0.007870370370370305,0.06852469229641486,0.36015150735472495,0.10899441142173168,0.11080668315017188,0.0,0.9999999987499999,0.6754921666088309,0.28056795030133613,0.28516625803986745,0.36947503093259537,fearful,06,14,14,female,strong,1601
0,0.0,True,1.0,0.7122588818076002,0.7593059244826874,0.7357824031451439,0.5015230682583459,-0.06041666666666673,-0.05481481481481476,0.36167613182667435,0.20361795331917784,0.17778464410025663,1.4670958321026335,0.04704704267508719,0.005601851851851969,0.030020435388455897,0.5104072566216641,0.10665092022949833,0.11373609697641025,0.0,0.9999999987499999,0.6677084157100339,0.27883738159707816,0.2567059717988795,0.3683134458374789,fearful,06,14,14,female,strong,1602
10,0.33366666666666667,True,1.0,0.7303490148612745,0.7432688838350907,0.7368089493481826,0.45542876649857134,-0.06055555555555564,-0.05476851851851866,0.35815867177482735,0.20411932900234553,0.18055724575197146,1.6178357704826578,0.012919868973816251,0.0057870370370369795,0.025172585559516042,0.5430013122162787,0.10715773438316138,0.11036200159251414,0.0,0.9999999987499999,0.6692514865555598,0.27938032107818805,0.264182466370927,0.36973593458297604,fearful,06,14,14,female,strong,1602
20,0.6673333333333333,True,1.0,0.7547419901862777,0.7768397917064468,0.7657908909463622,0.7228854066938107,-0.06138888888888888,-0.055787037037037024,0.3708668711687399,0.2560043370513891,0.17777820693070223,1.0593530922816439,0.022097801520169047,0.005601851851851858,0.017145169685619077,0.33982041718474953,0.11536985054093286,0.10950259706979922,0.0,0.9999999987499999,0.6292299464004352,0.2706734793814215,0.28259116787495675,0.3375312703662983,fearful,06,14,14,female,strong,1602
30,1.0010000000000001,True,1.0,0.7137907695844985,0.7455736391237634,0.7296822043541309,0.8014991088559872,-0.05953703703703711,-0.05458333333333337,0.38235015259594557,0.29143897996356904,0.17847222222222225,0.9103967756066959,0.0317828695392649,0.004953703703703738,0.009399468774394645,0.3170288748273498,0.11557574871586876,0.11339207304040015,0.0,0.9999999987499999,0.619086379966049,0.26761973205033246,0.285995483178879,0.3346880991805186,fearful,06,14,14,female,strong,1602
40,1.3346666666666667,True,1.0,0.611283408267165,0.6237816764132553,0.6175325423402102,0.7011996059411417,-0.05666666666666664,-0.0499074074074074,0.42217031617112105,0.26613839723684807,0.17777820693070218,0.8806801046491824,0.012498268146090341,0.006759259259259243,0.038883904144980344,0.3974760358277419,0.1041205942588343,0.1118777087011264,0.0,0.9999999987499999,0.6821925779217937,0.28677566829584344,0.29666964517728817,0.3868224120538139,fearful,06,14,14,female,strong,1602
50,1.6683333333333334,True,1.0,0.371492843328535,0.3309105386967643,0.35120169101264964,0.4884514944714945,-0.07569444444444445,-0.06314814814814823,0.3787660652391004,0.12169721495623215,0.18494058066540367,0.7190103725501967,0.040582304631770705,0.012546296296296222,0.060778755713467233,0.5348874248922247,0.10948788571179068,0.11372064273930273,0.0,0.9999999987499999,0.6618268991893633,0.2787513366229242,0.2712533225855207,0.3581624451676321,fearful,06,14,14,female,strong,1602
60,2.0020000000000002,True,1.0,0.6269478366117762,0.6812819823953586,0.6541149095035674,0.8158925822638339,-0.062222222222222234,-0.05189814814814819,0.36500905723707455,0.3030926255778717,0.18424695923669349,0.8017169462291389,0.05433414578358242,0.010324074074074041,0.060946577514608594,0.33413962632061145,0.10764369964617754,0.1144735425490755,0.0,0.9999999987499999,0.6596357999840562,0.28206141750119784,0.28457647385205,0.37166092259088107,fearful,06,14,14,female,strong,1602
70,2.3356666666666666,True,1.0,0.642159771864891,0.7091417224615936,0.6756507471632422,0.8480275852089436,-0.06078703703703703,-0.05263888888888896,0.3836302262422745,0.288931278601717,0.17932032420492677,0.796732039084283,0.06698195059670253,0.008148148148148071,0.06893345204658664,0.31559008440414316,0.10753136345067965,0.11171659135320522,0.0,0.9999999987499999,0.6697728940091663,0.2851952969269402,0.2891054263881637,0.3743259979437792,fearful,06,14,14,female,strong,1602
80,2.6693333333333333,True,1.0,0.6603457090860899,0.7245590877928042,0.6924523984394471,0.6675336515069253,-0.062268518518518556,-0.054907407407407405,0.37833645147579753,0.24082822957192085,0.1813716085841183,1.037329574136478,0.06421337870671429,0.007361111111111152,0.07024941665995436,0.3913134414928529,0.10828554975814604,0.11132851619355323,0.0,0.9999999987499999,0.6747836779164792,0.28058408352424763,0.28202026921984635,0.37003087046293337,fearful,06,14,14,female,strong,1602
90,3.003,True,1.0,0.6660872377440135,0.716171860207746,0.6911295489758797,0.5905105784401546,-0.0633333333333333,-0.05611111111111111,0.37803078532899,0.1866039054339108,0.1827207458422015,1.1703931719589378,0.050084622463732575,0.0072222222222221855,0.06306546741970025,0.43009850058913596,0.10791344636799549,0.11219981612981152,0.0,0.9999999987499999,0.6743140927777361,0.2806454807390457,0.2773563356078714,0.3616727650290458,fearful,06,14,14,female,strong,1602
100,3.336666666666667,True,1.0,0.7160450560499333,0.7507022635280332,0.7333736597889833,0.5359972708942522,-0.06268518518518523,-0.054166666666666696,0.3864853472914495,0.15488583620826402,0.18617013276909475,1.3682414064635635,0.03465720747809986,0.008518518518518536,0.04618185259085094,0.4502533252885121,0.10930623251040876,0.11049909631348218,0.0,0.9999999987499999,0.6707668850196328,0.2832119404206705,0.2787627446107773,0.36371697385409735,fearful,06,14,14,female,strong,1602
0,0.0,True,1.0,0.7620704673487039,0.7950337150629604,0.7785520912058321,0.653293302428158,-0.06319444444444439,-0.05722222222222223,0.36878611137529144,0.303753409418946,0.17573786330129443,1.191734383793792,0.032963247714256516,0.005972222222222157,0.007873242220250841,0.37994260703521776,0.10618941826804598,0.11483266860664024,0.0,0.9999999987499999,0.6802296701805721,0.28407850911482524,0.2642045947608122,0.36996122960067607,fearful,06,14,14,female,strong,1603
10,0.33366666666666667,True,1.0,0.6984185657382835,0.7325872409981905,0.715502903368237,0.6632675981377029,-0.06287037037037047,-0.05611111111111117,0.3642933932459483,0.3005527907851091,0.17782068794340958,1.0787544957377662,0.034168675259906967,0.006759259259259298,0.022618355167084988,0.38190714162391687,0.11917442271470338,0.10908098389701544,0.0,0.9999999987499999,0.6270838043967587,0.2671759189283528,0.2825539335606964,0.3289190486857371,fearful,06,14,14,female,strong,1603
20,0.6673333333333333,True,1.0,0.5887003034968464,0.641751608692186,0.6152259560945161,0.7059905445957839,-0.06546296296296306,-0.05944444444444441,0.38727657442055397,0.24479037380782048,0.17716775714279095,0.8714365380725669,0.053051305195339515,0.006018518518518645,0.024218936220813166,0.36769541131220707,0.10695911000434617,0.11444951294660484,0.0,0.9999999987499999,0.6814061820900235,0.2858390029127696,0.2692956121969963,0.36745989909941407,fearful,06,14,14,female,strong,1603
30,1.0010000000000001,True,1.0,0.6741110818002551,0.7076778646975252,0.6908944732488902,0.9570612856775946,-0.05912037037037038,-0.050277777777777755,0.40203544745855374,0.37430329169084986,0.17361814221873412,0.7218915691065074,0.03356678289727011,0.008842592592592624,0.030429650410343432,0.2804142035906121,0.10280345741403431,0.11442901981983598,0.0,0.9999999987499999,0.6809523534960858,0.2826911981903455,0.2760174737184062,0.37461678765270445,fearful,06,14,14,female,strong,1603
40,1.3346666666666667,True,1.0,0.23268630285807246,0.21184651815081737,0.2222664105044449,0.7637130020313297,-0.08120370370370372,-0.06824074074074071,0.4028598028541284,0.32117263654331457,0.17317062174662048,0.2910339485032453,0.020839784707255088,0.01296296296296301,0.052339737359516636,0.3606399922395563,0.10569546128355085,0.11445821970526142,0.0,0.9999999987499999,0.6690780200674019,0.2871216360905979,0.288739303120137,0.36213727206895846,fearful,06,14,14,female,strong,1603
50,1.6683333333333334,True,1.0,0.2600344850303763,0.23948974279214374,0.24976211391126002,0.5155692841514323,-0.07995370370370375,-0.06791666666666663,0.3829810497230609,0.12850076438537658,0.17861067320152169,0.4844394761071535,0.02054474223823255,0.012037037037037124,0.060542234772180493,0.5258583769165412,0.10262511234050808,0.11121402249520239,0.0,0.9999999987499999,0.6822432274315977,0.2866656168523445,0.27927944935902316,0.3627932440309359,fearful,06,14,14,female,strong,1603
60,2.0020000000000002,True,1.0,0.6608148915776351,0.7136236427427219,0.6872192671601784,0.9754673932568926,-0.0703240740740741,-0.060416666666666674,0.3484081695703463,0.4095165920198362,0.17656181716245095,0.7045025511982408,0.052808751165086876,0.00990740740740742,0.06850812170812523,0.266080231972066,0.10574180301247768,0.11474795677862981,0.0,0.9999999987499999,0.670292607066264,0.2809457408609113,0.2733504725648933,0.3685784951562621,fearful,06,14,14,female,strong,1603
70,2.3356666666666666,True,1.0,0.6486131177241922,0.6827929835785267,0.6657030506513595,0.8920612131025248,-0.06254629629629627,-0.05365740740740749,0.38393854460506144,0.35549583083254754,0.1712348004330319,0.7462526571871588,0.034179865854334524,0.00888888888888878,0.08124584799015079,0.3072224124613089,0.10664408978313383,0.10842570858740198,0.0,0.9999999987499999,0.672415963158701,0.2858044204140826,0.2851798110967351,0.37191772478285995,fearful,06,14,14,female,strong,1603
80,2.6693333333333333,True,1.0,0.680227262750036,0.7755369276690384,0.7278820952095372,0.6848540985932046,-0.06444444444444442,-0.05523148148148155,0.37866798355215414,0.26573447478830686,0.17525093616012438,1.0628279756297272,0.09530966491900239,0.009212962962962867,0.0877644844012281,0.3825264531628219,0.10852872063338152,0.10953711733523586,0.0,0.9999999987499999,0.6764579916654161,0.27862499498854754,0.27680371051946473,0.35769097007777173,fearful,06,14,14,female,strong,1603
90,3.003,True,1.0,0.6815268823527257,0.757631932404275,0.7195794073785003,0.6751183703884184,-0.06467592592592591,-0.05560185185185179,0.3802043709537829,0.2538235051205761,0.17733132145631927,1.0658566540923808,0.07610505005154922,0.009074074074074123,0.07588972572490581,0.37473101693642574,0.10920488124218192,0.11059926159196058,0.0,0.9999999987499999,0.676254682732468,0.27713489334221864,0.27812647818715686,0.3579017043812566,fearful,06,14,14,female,strong,1603
100,3.336666666666667,True,1.0,0.6775982531433881,0.7730531057937169,0.7253256794685525,0.5572575554782632,-0.06425925925925924,-0.055833333333333346,0.38226715883953527,0.2221137946860179,0.18006629842695704,1.3015986456137787,0.09545485265032883,0.008425925925925892,0.07207548455711256,0.44567639288816546,0.11013235849599882,0.10915335322960307,0.0,0.9999999987499999,0.6743839054059123,0.2781295330118147,0.2773822383772716,0.36264185986660696,fearful,06,14,14,female,strong,1603
0,0.0,True,1.0,0.6057954191767126,0.5989309314012509,0.6023631752889818,0.46498868456286974,-0.05421296296296296,-0.04893518518518519,0.4556217250101027,-0.011917829398262537,0.18750162759710243,1.2954362015395195,0.006864487775461781,0.00527777777777777,0.02566328173447134,0.5628499823603595,0.10857564908298556,0.11087390713176012,0.0,0.9999999987499999,0.6699172751756952,0.27845937498906154,0.26207320288120917,0.36213941786366854,disgust,07,14,14,female,normal,1604
10,0.33366666666666667,True,1.0,0.6010107832270292,0.6339712449255333,0.6174910140762813,0.535918627638795,-0.05499999999999999,-0.0490740740740741,0.45766029188633056,0.023801875858381435,0.1888892927975793,1.1522103958149135,0.032960461698504084,0.00592592592592589,0.024790252666118357,0.47673965134484136,0.10847689239417956,0.1118256607872636,0.0,0.9999999987499999,0.668909143469888,0.2782467264671503,0.26794562827202717,0.37044654940627725,disgust,07,14,14,female,normal,1604
20,0.6673333333333333,True,1.0,0.5949903802154701,0.6069098159339051,0.6009500980746876,0.5999464826853002,-0.053842592592592664,-0.048101851851851896,0.4514169043226722,0.0719890225110365,0.18750162759710248,1.001672841525623,0.011919435718435012,0.0057407407407407685,0.027531024412328565,0.46295187337717425,0.11547096079596622,0.10956998831451605,0.0,0.9999999987499999,0.6294989519167042,0.26754850680898545,0.29565302677144795,0.3534678979130328,disgust,07,14,14,female,normal,1604
30,1.0010000000000001,True,1.0,0.4689580224467651,0.4552618636837265,0.4621099430652458,0.768866976974701,-0.0493055555555556,-0.0438425925925926,0.47267406430756,0.09609522201431363,0.1812605229973301,0.6010271697238613,0.01369615876303859,0.005462962962963003,0.020071331692167408,0.3815974801834269,0.10774433117590192,0.11286975497683509,0.0,0.9999999987499999,0.6637547052492873,0.28071968083908666,0.2940984435930514,0.40045156252272357,disgust,07,14,14,female,normal,1604
40,1.3346666666666667,True,1.0,0.1264156227787964,0.110376284569956,0.11839595367437619,0.7227149069250471,-0.0662962962962963,-0.05587962962962956,0.4090725542950364,0.24309501414751583,0.18266562172332237,0.16382110364669017,0.01603933820884039,0.01041666666666674,0.03191474983639908,0.44127357240432935,0.10949775129492126,0.11151176102050286,0.0,0.9999999987499999,0.6583904932910665,0.2777286724397828,0.28419732063102776,0.38445122324253095,disgust,07,14,14,female,normal,1604
50,1.6683333333333334,True,1.0,0.4670515658878996,0.500295927707465,0.48367374679768227,1.0123170698009738,-0.052361111111111136,-0.047083333333333366,0.41526186788803127,0.40872471315580294,0.17800465517998562,0.4777887889342563,0.033244361819565416,0.00527777777777777,0.035007180023513926,0.302813756689019,0.10050625624872282,0.11040517096810441,0.0,0.9999999987499999,0.67662454229348,0.28287027749629673,0.2804465247177181,0.38704428580972483,disgust,07,14,14,female,normal,1604
60,2.0020000000000002,True,1.0,0.42982094345976013,0.4680006732119934,0.44891080833587677,0.7151813032750975,-0.05018518518518528,-0.04194444444444434,0.4164999225199879,0.31249795047435996,0.17920924427469404,0.6276881208724794,0.03817972975223327,0.008240740740740937,0.05643182462430258,0.42734052136654066,0.10976140282074244,0.11159423251486879,0.0,0.9999999987499999,0.6683527406353166,0.27587570808622924,0.2903967273686013,0.38813965186230326,disgust,07,14,14,female,normal,1604
70,2.3356666666666666,True,1.0,0.4159300943516965,0.4465715244237874,0.43125080938774196,0.6747714797772582,-0.052407407407407514,-0.04129629629629633,0.3637741711745787,0.25164357713395774,0.1774452968113274,0.6391064565000549,0.030641430072090914,0.011111111111111183,0.09172062103932434,0.4549380757859096,0.10895292933470377,0.10841451321547421,0.0,0.9999999987499999,0.6753323217411965,0.2783477794131821,0.28362473671869703,0.36531272115203156,disgust,07,14,14,female,normal,1604
80,2.6693333333333333,True,1.0,0.42549905811335165,0.4574916914879397,0.4414953748006457,0.8460565072163526,-0.05226851851851855,-0.04245370370370366,0.4215620258423779,0.28498879816265843,0.17925010926358442,0.5218272905355091,0.031992633374588075,0.009814814814814887,0.08882945260152485,0.37297223309336475,0.1059872432365441,0.11045647115234455,0.0,0.9999999987499999,0.6712708695822078,0.28230183653789953,0.2945034161829662,0.38254196445037963,disgust,07,14,14,female,normal,1604
90,3.003,True,1.0,0.4272164942132678,0.47437865925813955,0.45079757673570364,0.8184352294485266,-0.050833333333333286,-0.04226851851851848,0.4356207373076813,0.22204801613604572,0.1799565268766712,0.5508042182390627,0.04716216504487175,0.008564814814814803,0.08357865048510563,0.3895329249529047,0.10825440646486499,0.10980822718414206,0.0,0.9999999987499999,0.6672522552614795,0.2821663379885844,0.30496341554154843,0.3929663965849809,disgust,07,14,14,female,normal,1604
100,3.336666666666667,True,1.0,0.13329817854178355,0.13248443611769942,0.13289130732974147,0.7380496833867457,-0.06356481481481474,-0.05342592592592588,0.4586319445978678,0.1376210079976511,0.1833749434905805,0.1800574003635268,0.0008137424240841351,0.010138888888888864,0.07968474690063483,0.4127349142115194,0.10617365147968982,0.10941007148418204,0.0,0.9999999987499999,0.6678806266490972,0.27846480385803357,0.2878885512880347,0.3890929086311485,disgust,07,14,14,female,normal,1604
110,3.6703333333333332,True,1.0,0.44813805896100667,0.5356701301791847,0.4919040945700957,0.6967944211310922,-0.05125000000000007,-0.043194444444444535,0.44888023556081985,0.12694484682049664,0.1854759093090738,0.7059529750132009,0.08753207121817808,0.008055555555555538,0.09022875936720122,0.4217874397667724,0.10544148480304105,0.10889799658656844,0.0,0.9999999987499999,0.6696228838879302,0.2788591864372576,0.28280928603058153,0.38098897073970234,disgust,07,14,14,female,normal,1604
0,0.0,True,1.0,0.6616203643743093,0.6973528588714206,0.6794866116228649,0.4264941662325498,-0.055416666666666725,-0.04828703703703713,0.38600915448904244,0.1848141387007711,0.18194486376946223,1.593190869701999,0.035732494497111356,0.007129629629629597,0.024018425639107437,0.6562500000000006,0.10985417186684718,0.112523432617561,0.0,0.9999999987499999,0.6669919268723115,0.27331327858681287,0.26500161890418217,0.36579309100511553,disgust,07,14,14,female,normal,1605
10,0.33366666666666667,True,1.0,0.623428231194859,0.6546733174121477,0.6390507743035034,0.43000638817433806,-0.05449074074074073,-0.048750000000000016,0.3835656781007363,0.18630335578324622,0.18194444444444446,1.486142512944278,0.03124508621728872,0.005740740740740713,0.028110728155878548,0.693628083902718,0.10948625658277102,0.11254338580753036,0.0,0.9999999987499999,0.666117345360019,0.27282783284833917,0.26581562846633133,0.3658364714207684,disgust,07,14,14,female,normal,1605
20,0.6673333333333333,True,1.0,0.3953495119452472,0.3900690401778185,0.39270927606153283,0.4923217520390209,-0.060601851851851796,-0.05398148148148152,0.3985140056733843,0.21194599472636388,0.18267272197487106,0.7976679365375818,0.005280471767428685,0.0066203703703702765,0.02213136393428848,0.5943268721881259,0.11102395497362007,0.11272965433728897,0.0,0.9999999987499999,0.6690985989552071,0.27033098109344855,0.26859665640215463,0.36682169431699807,disgust,07,14,14,female,normal,1605
30,1.0010000000000001,True,1.0,0.49205255114570073,0.47326074022667075,0.4826566456861857,0.9180693786618472,-0.04833333333333334,-0.04046296296296298,0.37314721701861936,0.39344262295081955,0.17778464410025674,0.5257300340304267,0.018791810919029983,0.007870370370370361,0.025616251048212944,0.36605683794870925,0.10645575386049096,0.11240353857356153,0.0,0.9999999987499999,0.6640221499928097,0.27504073327061945,0.27376722884988713,0.37179451971096067,disgust,07,14,14,female,normal,1605
40,1.3346666666666667,True,1.0,0.4590025101417028,0.4770248171383503,0.46801366364002656,0.7073757708181169,-0.048194444444444484,-0.04245370370370377,0.35267626081146924,0.33863733709378,0.18264557246431654,0.6616195845932699,0.01802230699664753,0.005740740740740713,0.02119087172799107,0.4686910518238592,0.11134058459443094,0.11258628564344772,0.0,0.9999999987499999,0.6544449814613346,0.27278096133611357,0.27811303219185207,0.36521021967926615,disgust,07,14,14,female,normal,1605
50,1.6683333333333334,True,1.0,0.5041113825177661,0.49642344687039985,0.500267414694083,0.8912501054411344,-0.051435185185185195,-0.04097222222222213,0.382565032688244,0.3912548118316658,0.18197127929757909,0.5613097958024588,0.007687935647366251,0.010462962962963063,0.0417373032622507,0.375881241888433,0.1108547029219079,0.11323310593863677,0.0,0.9999999987499999,0.6513583660573605,0.2763486371663769,0.2833139116537412,0.3804015408680374,disgust,07,14,14,female,normal,1605
60,2.0020000000000002,True,1.0,0.4661660097907296,0.4735373766911151,0.46985169324092235,0.7562041923715945,-0.0494444444444444,-0.04037037037037028,0.37272717253797705,0.32892829117004646,0.18413387926676386,0.6213291303865713,0.007371366900385534,0.009074074074074123,0.04817694356663735,0.41810541523022565,0.11164656964717047,0.11279074794287279,0.0,0.9999999987499999,0.6559805316579757,0.2721512368535054,0.29205925145348327,0.382088884217907,disgust,07,14,14,female,normal,1605
70,2.3356666666666666,True,1.0,0.4843373235523642,0.5362891861576575,0.5103132548550109,0.7876664978245341,-0.05254629629629631,-0.043981481481481455,0.3576879874401939,0.3194531303319847,0.18542036988635696,0.6478798530398987,0.05195186260529333,0.008564814814814858,0.05318974199097838,0.4049722374529346,0.10501774875957447,0.11206076915527466,0.0,0.9999999987499999,0.667644096943465,0.2792346363429577,0.26841089689905273,0.3496088790772395,disgust,07,14,14,female,normal,1605
80,2.6693333333333333,True,1.0,0.4147846972990047,0.4210816445776885,0.4179331709383466,0.8596685581150895,-0.0499074074074074,-0.04055555555555551,0.3804888614166348,0.30697554513722325,0.18403814194642587,0.48615616680771423,0.0062969472786837954,0.009351851851851889,0.04540901878705603,0.37795108544265954,0.10806622699708532,0.10894920914790997,0.0,0.9999999987499999,0.6614273894557823,0.2776771934687015,0.2849473414160804,0.3762832040804184,disgust,07,14,14,female,normal,1605
90,3.003,True,1.0,0.444956754646096,0.4677732132247162,0.45636498393540614,0.9087094863714343,-0.05217592592592596,-0.04680555555555549,0.3786578782611729,0.34400829530964355,0.1854170781391736,0.5022121929833879,0.02281645857862019,0.00537037037037047,0.04424190870922201,0.3590263556394426,0.11004382554505879,0.11301430977618618,0.0,0.9999999987499999,0.6628112002379077,0.27345817454432536,0.29038993117480805,0.38709145501400527,disgust,07,14,14,female,normal,1605
100,3.336666666666667,True,1.0,0.5293486381857299,0.5361466704005206,0.5327476542931252,0.9069937461714351,-0.05166666666666664,-0.04388888888888898,0.3828139514803517,0.3296244202026878,0.18472387429425183,0.587377428501506,0.006798032214790695,0.007777777777777661,0.04849667441435746,0.34205453388994,0.10375024806335349,0.10947119584114355,0.0,0.9999999987499999,0.671684642708646,0.27939941748915753,0.2772489599011213,0.37188111629737813,disgust,07,14,14,female,normal,1605
0,0.0,True,1.0,0.7236865391454064,0.7057339651943576,0.714710252169882,0.7136135749021539,-0.06268518518518529,-0.05518518518518517,0.3583689683429339,0.34152569700146607,0.17916836996525629,1.0015367942907736,0.017952573951048767,0.007500000000000118,0.02086041606231623,0.3715138067513184,0.11709238794754295,0.10801204450764532,0.0,0.9999999987499999,0.6358499550835958,0.2666413884874227,0.27350824839467436,0.33534919887944775,disgust,07,14,14,female,normal,1606
10,0.33366666666666667,True,1.0,0.6758638809834271,0.676846483247077,0.676355182115252,0.7731248549486271,-0.06185185185185188,-0.055138888888888904,0.3576420327827202,0.3408979330136173,0.18472263524161484,0.8748330593513187,0.0009826022636498788,0.006712962962962976,0.026470722625281246,0.3549189076539866,0.1146344374354956,0.10853076733010944,0.0,0.9999999987499999,0.6371006100487069,0.2679513562057592,0.26362271881193455,0.32618980933676084,disgust,07,14,14,female,normal,1606
20,0.6673333333333333,True,1.0,0.5399782427628957,0.5238501934199262,0.5319142180914109,0.6769498050601305,-0.062453703703703733,-0.05481481481481476,0.3565205545693861,0.3458884937602441,0.18055597810614288,0.7857513424413548,0.01612804934296952,0.007638888888888973,0.019041583692777277,0.4504076323325953,0.1089716735793733,0.11185571417660986,0.0,0.9999999987499999,0.6708784090120422,0.2765313227573638,0.2536084424956405,0.3488973928501525,disgust,07,14,14,female,normal,1606
30,1.0010000000000001,True,1.0,0.6281464341725368,0.6497304484583535,0.6389384413154451,0.8506811531269847,-0.055648148148148224,-0.04800925925925925,0.35007474243998393,0.4100671027155779,0.17640445937537777,0.7510903926421749,0.02158401428581669,0.007638888888888973,0.02887078966931828,0.3514915797742386,0.10868800211719365,0.11263994174022846,0.0,0.9999999987499999,0.6734155599505428,0.28127662042147455,0.26941410332756455,0.36215807366908176,disgust,07,14,14,female,normal,1606
40,1.3346666666666667,True,1.0,0.4450490638498244,0.5050930133551131,0.4750710386024688,0.8155788104858819,-0.06087962962962962,-0.05513888888888896,0.37425176591659,0.3374174204263816,0.1854183125512156,0.5824955632668347,0.06004394950528874,0.005740740740740657,0.03466796481524549,0.38824096087965754,0.10854195531895022,0.11362218952497222,0.0,0.9999999987499999,0.6672395978235045,0.2751941531636016,0.2680904604239779,0.37085512075606,disgust,07,14,14,female,normal,1606
50,1.6683333333333334,True,1.0,0.6335875627506102,0.6509234167443234,0.6422554897474668,0.8171020305652228,-0.06023148148148144,-0.052314814814814814,0.3884359510729105,0.292679160273756,0.18890342905765775,0.7860162693552389,0.01733585399371318,0.007916666666666627,0.030614535676574992,0.38458409132130655,0.10575626837220026,0.10929184721495808,0.0,0.9999999987499999,0.673734851276448,0.2832185443506995,0.27204628265369113,0.35780362061292453,disgust,07,14,14,female,normal,1606
60,2.0020000000000002,True,1.0,0.6326881479742443,0.6454254078702512,0.6390567779222478,0.669321761010969,-0.05467592592592596,-0.04749999999999993,0.3419131672008463,0.326850104757638,0.19097382022690002,0.9547826100215122,0.012737259896006825,0.00717592592592603,0.028756465125356203,0.43164911556635227,0.10440449682474492,0.10971908436108052,0.0,0.8905210205253017,0.6711159547569027,0.27484745384347353,0.25905817254969826,0.3508889800367568,disgust,07,14,14,female,normal,1606
70,2.3356666666666666,True,1.0,0.628742114476726,0.666000309604815,0.6473712120407705,0.9858720489502429,-0.05898148148148147,-0.05046296296296299,0.3503856153550497,0.4398341373819877,0.19305911224772535,0.6566483071815371,0.03725819512808903,0.00851851851851848,0.03648717102860952,0.31190641830647375,0.10402682594273749,0.11111084375356915,0.0,0.9999999987499999,0.6692755695246849,0.2753920003290971,0.2649155653491291,0.35597311498758644,disgust,07,14,14,female,normal,1606
80,2.6693333333333333,True,1.0,0.6102716354329629,0.663503002879739,0.6368873191563509,0.8583674830546565,-0.05407407407407422,-0.04773148148148154,0.3528895539424701,0.3614178876019608,0.19722841160573593,0.7419751233933883,0.053231367446776034,0.006342592592592677,0.03446475702327631,0.3754101583753277,0.10670977040412316,0.10906207800255927,0.0,0.9999999987499999,0.6650917347564027,0.2790042622996024,0.2642113077546524,0.3516527680636979,disgust,07,14,14,female,normal,1606
90,3.003,True,1.0,0.6095579746296632,0.6228978604074348,0.616227917518549,0.793345849092199,-0.054537037037037106,-0.04777777777777764,0.3624247040131665,0.33054283784485133,0.19723614806199724,0.7767456251566445,0.013339885777771565,0.006759259259259465,0.03915752559736517,0.39624478121296564,0.10605496743285431,0.10969893272372126,0.0,0.9999999987499999,0.6657437143529287,0.27615857556254164,0.26103516619520817,0.3555492541197074,disgust,07,14,14,female,normal,1606
100,3.336666666666667,True,1.0,0.633134162579805,0.669536843572292,0.6513355030760486,0.7633072568751332,-0.05726851851851861,-0.05268518518518511,0.36659475272174413,0.34493598356034005,0.19310336782570575,0.8533071017070106,0.036402680992487,0.004583333333333495,0.036324945477218415,0.4218503194945944,0.10785110516977177,0.10968450459019388,0.0,0.9999999987499999,0.6738268876613144,0.27239418424209216,0.26633381494552044,0.36536741884046614,disgust,07,14,14,female,normal,1606
110,3.6703333333333332,True,1.0,0.5845958728626023,0.6242778619880093,0.6044368674253058,0.4444672918149982,-0.0618981481481482,-0.05587962962962961,0.40975449440227996,0.15031395552694551,0.19237538884161803,1.3599130432231943,0.03968198912540699,0.00601851851851859,0.027054398330626898,0.6292779757788478,0.10759416142995076,0.10993656288928554,0.0,0.9999999987499999,0.6690599945759554,0.2762432573388326,0.26026002547320753,0.34834456452182777,disgust,07,14,14,female,normal,1606
0,0.0,True,1.0,0.7162344099762902,0.7268673845231648,0.7215508972497275,0.5025782256055613,-0.0602314814814815,-0.055138888888888904,0.43257627278544025,0.09805481627017452,0.18333999159310857,1.4356986842800918,0.010632974546874618,0.005092592592592593,0.007674655571826825,0.5355661890205174,0.11017485664111085,0.1120395420436292,0.0,0.9999999987499999,0.6749496988561049,0.27983860902468904,0.267974803214518,0.3541944604449589,disgust,07,14,14,female,normal,1607
10,0.33366666666666667,True,1.0,0.7273752342871727,0.7217137150621459,0.7245444746746592,0.5234816738208855,-0.06050925925925926,-0.05421296296296296,0.4394863567793169,0.09738360738908136,0.18403150894573134,1.384087563918368,0.005661519225026779,0.0062962962962963,0.009909059238688607,0.47146376313488364,0.10985693090190309,0.11302755655120285,0.0,0.9999999987499999,0.6749291736616522,0.2807767365080068,0.2688852553714614,0.3583538611835572,disgust,07,14,14,female,normal,1607
20,0.6673333333333333,True,1.0,0.6633180295903719,0.6203511706437916,0.6418346001170818,0.7499344618380874,-0.058287037037037026,-0.05282407407407408,0.44153212155950217,0.2297808012093719,0.1875101722501092,0.8558542549757573,0.042966858946580255,0.005462962962962947,0.01925566363147649,0.4172700229044657,0.10937498949938158,0.11265152347749574,0.0,0.9999999987499999,0.6736173240937,0.2844713888306327,0.2834514108700442,0.3705135263245658,disgust,07,14,14,female,normal,1607
30,1.0010000000000001,True,1.0,0.5708530499227807,0.5648016481279292,0.5678273490253549,1.0871863914414024,-0.053981481481481575,-0.04777777777777781,0.34259009193276463,0.4813284163332365,0.1854170781391736,0.5222907069987547,0.00605140179485153,0.006203703703703767,0.021803761134962116,0.31460116073082944,0.11551925634220267,0.11038544414091936,0.0,0.9999999987499999,0.6196519244025736,0.26857125106828444,0.3035423197508593,0.3502634451066504,disgust,07,14,14,female,normal,1607
40,1.3346666666666667,True,1.0,0.5033516357643667,0.49894671022116655,0.5011491729927666,0.7988779520099594,-0.05027777777777781,-0.0438425925925926,0.39795476581419936,0.3723414458185464,0.18125000000000002,0.6273163150039206,0.0044049255432001555,0.00643518518518521,0.021006898556119258,0.3912393387656397,0.1080217953495896,0.11327899191362746,0.0,0.9999999987499999,0.667336331407563,0.27684226685037694,0.27688844234742216,0.37662911418911177,disgust,07,14,14,female,normal,1607
50,1.6683333333333334,True,1.0,0.5233638594611814,0.5314988742186629,0.5274313668399222,1.055536228132188,-0.05148148148148146,-0.042546296296296304,0.39953296592202786,0.43536564860369636,0.18402819235573065,0.49968097047055626,0.008135014757481573,0.008935185185185157,0.030952526563813712,0.30334558862313504,0.10992231834418958,0.1117771448222948,0.0,0.9999999987499999,0.6655866521921269,0.27831819356153903,0.2968362058690919,0.403124278585335,disgust,07,14,14,female,normal,1607
60,2.0020000000000002,True,1.0,0.5260181764374822,0.551734351081152,0.5388762637593171,0.7285223483808702,-0.05259259259259258,-0.043379629629629546,0.3749278420560233,0.28693744548876443,0.1889034290576577,0.7396839162957202,0.02571617464366982,0.009212962962963034,0.05063488181646147,0.4447580514223373,0.10897064161258788,0.1116862648503832,0.0,0.9999999987499999,0.6648828379867572,0.27441229325479644,0.2807163862498247,0.3707285844600132,disgust,07,14,14,female,normal,1607
70,2.3356666666666666,True,1.0,0.48671911300650034,0.5364237883493932,0.5115714506779467,0.7566508081057791,-0.051944444444444404,-0.04185185185185181,0.3501692076033354,0.3172917703440013,0.18484154642045889,0.6760997876399935,0.04970467534289286,0.010092592592592597,0.06301928988556316,0.42319899240593234,0.10981058700816515,0.11188691235227874,0.0,0.9999999987499999,0.6640804441307774,0.27219371575344675,0.2769110108580661,0.3673641250207253,disgust,07,14,14,female,normal,1607
80,2.6693333333333333,True,1.0,0.4782764927436112,0.5272000756387974,0.5027382841912044,0.7409205875079418,-0.05097222222222214,-0.042222222222222106,0.4077954045386067,0.22554186051512398,0.1869529347588194,0.6785319407605416,0.048923582895186224,0.008750000000000036,0.08612097090548448,0.42701622174303555,0.10992655537404322,0.11040093757872915,0.0,0.9999999987499999,0.6653878327112096,0.27543970658822176,0.2829575862843866,0.3776814481837951,disgust,07,14,14,female,normal,1607
90,3.003,True,1.0,0.5387464783061073,0.5927159208382431,0.5657311995721752,0.7909367991442623,-0.05356481481481479,-0.04379629629629633,0.411081331152162,0.25060206723902656,0.18976072179864673,0.715267263053453,0.05396944253213576,0.009768518518518454,0.07728333850362148,0.3971797565482387,0.10701784164258485,0.11032510619198635,0.0,0.9999999987499999,0.6665512075377025,0.2772385228108865,0.2764142558136076,0.37149202985933916,disgust,07,14,14,female,normal,1607
100,3.336666666666667,True,1.0,0.14758767203264925,0.158482707724508,0.15303518987857861,0.7809337935763022,-0.0735648148148148,-0.061990740740740846,0.3995663939432468,0.22981499213437753,0.19108764366354108,0.19596435848646124,0.010895035691858762,0.011574074074073959,0.07331269052552294,0.4218308166651724,0.10761857205033892,0.11025879683174636,0.0,0.9999999987499999,0.6692250423138006,0.27493149715765025,0.27866348875770613,0.3760119676965887,disgust,07,14,14,female,normal,1607
110,3.6703333333333332,True,1.0,0.505425015156362,0.5873040673531855,0.5463645412547737,0.7427302664540208,-0.054305555555555496,-0.043703703703703745,0.41061467867665086,0.20725167883421777,0.18900558257911235,0.735616368326087,0.08187905219682357,0.010601851851851751,0.07966603402669772,0.40522117356737425,0.10903042439241548,0.10938664328111031,0.0,0.9999999987499999,0.6699338796377925,0.27450941676162866,0.2825532270067505,0.37858771982493955,disgust,07,14,14,female,normal,1607
0,0.0,True,1.0,0.6709175573522899,0.7007037686542271,0.6858106630032585,0.5589681980014591,-0.06041666666666662,-0.05453703703703694,0.3695528148092963,0.2579584926229577,0.1930571363157205,1.2269225073185082,0.02978621130193726,0.005879629629629679,0.019569055174055532,0.49100344355991665,0.11166671249147754,0.11209299205010789,0.0,0.9999999987499999,0.6573528995191826,0.2721895197700454,0.2715487060825637,0.36922299083491805,disgust,07,14,14,female,strong,1608
10,0.33366666666666667,True,1.0,0.6568436069125053,0.6858245793920458,0.6713340931522755,0.6019031494535658,-0.05703703703703711,-0.05226851851851855,0.367536232918574,0.22929643788707227,0.19445856921043922,1.1153523515564625,0.028980972479540457,0.004768518518518561,0.02538441361133614,0.4693542967993753,0.1138362299372157,0.11075254415577553,0.0,0.9999999987499999,0.6547406941682923,0.273475002531937,0.2748742757511109,0.3689657719161614,disgust,07,14,14,female,strong,1608
20,0.6673333333333333,True,1.0,0.5631358525159438,0.5630955935403814,0.5631157230281626,0.7729655460002953,-0.051851851851851816,-0.044490740740740775,0.3660064717477792,0.3292082056852478,0.18819606603570546,0.7285133547568852,4.025897556236835e-05,0.0073611111111110406,0.024824630738357587,0.3871711297410515,0.11425754092134466,0.1103178481761475,0.0,0.9999999987499999,0.6538459708023835,0.27425434239503776,0.28468648719048206,0.3814306820039903,disgust,07,14,14,female,strong,1608
30,1.0010000000000001,True,1.0,0.49221284337587673,0.5022801230503999,0.49724648321313836,1.2357332036867452,-0.054398148148148195,-0.04476851851851843,0.3778213677301677,0.4720401430860054,0.18616070695444292,0.4023898376523586,0.0100672796745232,0.009629629629629766,0.026243159931353986,0.2717479537137603,0.11063866132350447,0.11293925897745054,0.0,0.9999999987499999,0.6528147470081783,0.2746380465970738,0.2976964857803997,0.4039113444228431,disgust,07,14,14,female,strong,1608
40,1.3346666666666667,True,1.0,0.19308595349514496,0.18399836878943635,0.18854216114229067,1.1220400728597448,-0.07361111111111107,-0.06574074074074071,0.3634157724318015,0.43715846994535495,0.1896090870785938,0.16803514036869738,0.009087584705708612,0.007870370370370361,0.030361888309447218,0.29979441605167817,0.11107055452581739,0.11302138451669849,0.0,0.9999999987499999,0.6532116138486644,0.27354212932061456,0.2895937301777108,0.378311529022251,disgust,07,14,14,female,strong,1608
50,1.6683333333333334,True,1.0,0.5525837687981175,0.5606386540164373,0.5566112114072774,1.3490950890322475,-0.05240740740740729,-0.04416666666666652,0.3255417530535179,0.5593677298542586,0.1911016173062288,0.41258115601514334,0.008054885218319763,0.00824074074074077,0.03119487244635098,0.2609497022120118,0.10883406649955894,0.11062025504395939,0.0,0.9999999987499999,0.6559207131211859,0.2749451140837637,0.286397629008451,0.37755739923158177,disgust,07,14,14,female,strong,1608
60,2.0020000000000002,True,1.0,0.5102390231447687,0.49533960278186695,0.5027893129633179,0.9735773229039952,-0.04930555555555549,-0.04212962962962957,0.37459809283938295,0.36684303350970016,0.18819809300513307,0.5164349057182159,0.014899420362901705,0.007175925925925919,0.02449872016907199,0.3345420726235108,0.09654329829490385,0.11472018398183925,0.0,0.9999999987499999,0.6996924838216535,0.28846786998248597,0.26554495693616853,0.3987741303450824,disgust,07,14,14,female,strong,1608
70,2.3356666666666666,True,1.0,0.4917399653093338,0.4774648972882902,0.484602431298812,0.7913614163500683,-0.0535648148148149,-0.046157407407407425,0.37640407647312085,0.29155420602370963,0.19375354394440278,0.6123655023944738,0.014275068021043558,0.007407407407407474,0.02407704083119118,0.4144736842105262,0.10720298779976276,0.11388702181852128,0.0,0.9999999987499999,0.646145206121511,0.2752729723003588,0.2847749865037225,0.3769118893941384,disgust,07,14,14,female,strong,1608
80,2.6693333333333333,True,1.0,0.5153505836697431,0.49564212436698685,0.505496354018365,0.7885717038744404,-0.055925925925925934,-0.049814814814814756,0.3732467147740978,0.3010752688172044,0.19655922022996586,0.64102776137508,0.01970845930275622,0.006111111111111178,0.03282885485303211,0.40947333586234536,0.10814498356206473,0.1121466768325559,0.0,0.9999999987499999,0.6489405595832083,0.2717239209437595,0.2811542645109113,0.3673244732543479,disgust,07,14,14,female,strong,1608
90,3.003,True,1.0,0.5272609278790378,0.5221304470561468,0.5246956874675923,0.8944050130113184,-0.055046296296296204,-0.05143518518518514,0.42306761530786036,0.28973683520084964,0.196810579010726,0.5866421585686623,0.005130480822891026,0.003611111111111065,0.034797853528224176,0.35311477122658164,0.10575565498677979,0.11356688027133852,0.0,0.9999999987499999,0.6520491680734793,0.27532936831642113,0.2873426497130628,0.3843015343680343,disgust,07,14,14,female,strong,1608
100,3.336666666666667,True,1.0,0.5113742719029728,0.49546958612372793,0.5034219290133504,0.885426488644872,-0.052453703703703725,-0.04874999999999996,0.4105217444810734,0.2845921830550531,0.1979721687528186,0.5685643421215327,0.015904685779244865,0.0037037037037037646,0.023738504754049466,0.36272242365618623,0.10718757857696011,0.1113642587085615,0.0,0.9999999987499999,0.6545911259113021,0.27684249238435094,0.2958778150238997,0.38468215591097304,disgust,07,14,14,female,strong,1608
110,3.6703333333333332,True,1.0,0.5363709156407765,0.5265841500340397,0.5314775328374082,0.880812111591309,-0.053148148148148,-0.049259259259259336,0.4112448573677721,0.29994686860538367,0.19795521143305866,0.6033948964180572,0.009786765606736858,0.003888888888888664,0.037865715242072794,0.3679422487746166,0.10904258621755562,0.11110276791250688,0.0,0.9999999987499999,0.653187884161477,0.2759948878259286,0.29622461687501245,0.38725272553838264,disgust,07,14,14,female,strong,1608
0,0.0,True,1.0,0.6616203643743094,0.6946992990189518,0.6781598316966306,0.5245985027997131,-0.05662037037037032,-0.052685185185185224,0.36883281512478816,0.21127083086077025,0.19097262172464527,1.292721630117854,0.0330789346446424,0.003935185185185097,0.02001026534849814,0.5155620690178911,0.11241678883432543,0.11116948855748375,0.0,0.9999999987499999,0.6549314298922694,0.2757713790307356,0.27489381356822534,0.37837861909540726,disgust,07,14,14,female,strong,1609
10,0.33366666666666667,True,1.0,0.6575975416909282,0.6976778264203591,0.6776376840556437,0.5448065632884634,-0.05749999999999994,-0.05439814814814825,0.3737509224280166,0.2221993871640685,0.1902781787382358,1.243813363710982,0.040080284729430926,0.003101851851851689,0.022754463403956232,0.5032343428774545,0.11217936415109939,0.1122608551277059,0.0,0.9999999987499999,0.6569308874956231,0.2733536248118893,0.2732183289735471,0.37887949225806195,disgust,07,14,14,female,strong,1609
20,0.6673333333333333,True,1.0,0.6276825756230521,0.6440598137697262,0.6358711946963891,0.5584947177477919,-0.05898148148148147,-0.05513888888888896,0.3648413846658278,0.25708887387932894,0.18958333333333333,1.1385446889464392,0.016377238146674133,0.0038425925925925086,0.01942565171799502,0.5030690590971738,0.11179011561070215,0.11247922225627911,0.0,0.9999999987499999,0.6584162759791417,0.27312477761086495,0.27429975539379203,0.37832388850168397,disgust,07,14,14,female,strong,1609
30,1.0010000000000001,True,1.0,0.20619197739313894,0.21338662184763804,0.2097892996203885,0.8519933971491747,-0.07703703703703696,-0.07175925925925924,0.36979238350752613,0.33933788050964053,0.1875036620736129,0.2462334805907618,0.007194644454499105,0.005277777777777715,0.020684028670906966,0.34362296525763164,0.11182240565168544,0.11159675283995729,0.0,0.9999999987499999,0.6579162675226341,0.27389155464495335,0.2783684638873244,0.3808028288995185,disgust,07,14,14,female,strong,1609
40,1.3346666666666667,True,1.0,0.6115008185041015,0.6057942503586635,0.6086475344313825,0.7639212252414334,-0.0559722222222222,-0.04787037037037034,0.364491940657124,0.3305428378448511,0.180692410240546,0.7967412271324477,0.005706568145438018,0.00810185185185186,0.013799892461552016,0.36778846153846156,0.10452511439284809,0.1131956703651489,0.0,0.9999999987499999,0.6692407169117647,0.280839269333239,0.26458634308629436,0.36444564223727777,disgust,07,14,14,female,strong,1609
50,1.6683333333333334,True,1.0,0.6827916262527536,0.6382044152943396,0.6604980207735466,1.2268186376866494,-0.056574074074074165,-0.05490740740740746,0.33382072659527773,0.5031924628371611,0.19106208921678955,0.538382773527972,0.044587210958414,0.0016666666666667052,0.011125878537346279,0.25987093769326847,0.12157791681795158,0.11078182571457482,0.0,0.9999999987499999,0.599976580483756,0.26238652527490036,0.28802204432700684,0.33069515134158267,disgust,07,14,14,female,strong,1609
60,2.0020000000000002,True,1.0,0.5638757622203505,0.5256476703770132,0.5447617162986819,0.5798724639853623,-0.05439814814814825,-0.04842592592592598,0.36333366038158554,0.2460568350236575,0.1939766819104812,0.939450914007245,0.03822809184333731,0.005972222222222268,0.008918520378873031,0.520090604591682,0.11038068923566176,0.11285426508081337,0.0,0.7814589041394756,0.6534124423128627,0.2740440848981441,0.2793859663522455,0.37488396567530974,disgust,07,14,14,female,strong,1609
70,2.3356666666666666,True,1.0,0.5639010288026953,0.5578350082352311,0.5608680185189632,0.7282358848440271,-0.054537037037037106,-0.04981481481481481,0.3639962861688888,0.2781725511323822,0.1966989036523519,0.7701735525420988,0.006066020567464192,0.004722222222222294,0.0010881193181239174,0.4205392381614267,0.1113765175249257,0.1152273057823391,0.0,0.9999999987499999,0.6450111791747949,0.2716980689071579,0.28854086902378534,0.38045552170163965,disgust,07,14,14,female,strong,1609
80,2.6693333333333333,True,1.0,0.5899723259533879,0.5368350625718353,0.5634036942626116,0.7484591039742015,-0.05467592592592596,-0.05217592592592596,0.4077007491406636,0.20897320942899647,0.19870942593845442,0.7527514746911697,0.05313726338155256,0.0025000000000000022,0.003269370296969086,0.4124247000691765,0.11254677576169846,0.11375005944875426,0.0,0.9999999987499999,0.6400739297046943,0.27371493892741033,0.29766686699284256,0.3806091623924681,disgust,07,14,14,female,strong,1609
90,3.003,True,1.0,0.6319166857867191,0.5846885811055954,0.6083026334461572,0.90830201436572,-0.05634259259259261,-0.054120370370370374,0.37767539297299113,0.35227682325238013,0.1983110106485377,0.6697140640725578,0.047228104681123706,0.0022222222222222365,0.016261658046766474,0.31114030390528935,0.10162506629737236,0.11195853890817668,0.0,0.9999999987499999,0.6822958849320979,0.29384390223414825,0.2829246458006722,0.4129410535229382,disgust,07,14,14,female,strong,1609
100,3.336666666666667,True,1.0,0.6382044152943402,0.6134151165929196,0.6258097659436299,0.7742521133771859,-0.05611111111111117,-0.05384259259259255,0.38113208536642074,0.278242403059548,0.19800338183938943,0.8082764711018094,0.02478929870142066,0.002268518518518614,0.009075457200707501,0.40061414487754043,0.1114038209359062,0.11235427106367803,0.0,0.9999999987499999,0.6544713685630502,0.27218837074032853,0.2829899466406332,0.3778878766697549,disgust,07,14,14,female,strong,1609
110,3.6703333333333332,True,1.0,0.5590770198228151,0.5454745099898743,0.5522757649063448,0.7242178089407525,-0.05912037037037038,-0.05689814814814825,0.37803979635474805,0.27304380436759534,0.19794788850499279,0.7625824138653926,0.013602509832940757,0.0022222222222221255,0.009075153403134858,0.4173915589617318,0.11565921424400089,0.10954531132938415,0.0,0.9999999987499999,0.6524358920286866,0.2711171778525801,0.294138962999447,0.39200477487720203,disgust,07,14,14,female,strong,1609
0,0.0,True,1.0,0.6954550036375783,0.715471483220696,0.7054632434291371,0.46506100310741444,-0.0571296296296297,-0.05097222222222225,0.3826305115803526,0.20407833537358613,0.18268065722355614,1.5169262499229534,0.020016479583117697,0.006157407407407445,0.02865201165297893,0.5795798648998162,0.11013431609341208,0.11053892937814333,0.0,0.9999999987499999,0.67151574979992,0.27477018632372774,0.2583532396694574,0.3646434946007481,disgust,07,14,14,female,strong,1610
10,0.33366666666666667,True,1.0,0.6804062315997876,0.7220528283391603,0.701229529969474,0.5123504594464802,-0.05912037037037038,-0.0537037037037037,0.39071516949898444,0.2076136996343502,0.18334831407780552,1.3686520955344708,0.041646596739372654,0.005416666666666681,0.027282684260672756,0.5173589075610976,0.11995315666919998,0.10769462586491803,0.0,0.9999999987499999,0.6249202651216738,0.26550766985534224,0.27699849176698044,0.32506874279971093,disgust,07,14,14,female,strong,1610
20,0.6673333333333333,True,1.0,0.5865513105677783,0.5711408430259246,0.5788460767968515,0.6459304269420623,-0.06046296296296294,-0.054675925925925906,0.38878930117552285,0.24721831515201506,0.179912429878786,0.8961430715335725,0.015410467541853712,0.005787037037037035,0.01339099984634965,0.4326685662101089,0.09685385261668494,0.11261224120271386,0.0,0.9999999987499999,0.711962757188813,0.2883198169422513,0.24975181748704112,0.38419851347816,disgust,07,14,14,female,strong,1610
30,1.0010000000000001,True,1.0,0.5904247497865895,0.6154257650419919,0.6029252574142907,0.7432191542638852,-0.05833333333333329,-0.051388888888888984,0.3901884381027111,0.399049622559186,0.18961592732921573,0.8112348207864108,0.025001015255402326,0.006944444444444309,0.02687109856245227,0.4377967532557747,0.10902023072634207,0.11299488201707233,0.0,0.9999999987499999,0.6738514838435374,0.2750879677064963,0.27374453177197805,0.3764549363738131,disgust,07,14,14,female,strong,1610
40,1.3346666666666667,True,1.0,0.5799029153909584,0.5743680285150135,0.577135471952986,0.7848049180172277,-0.05092592592592593,-0.04347222222222219,0.3656530903196296,0.4287360200279299,0.18402819235573065,0.7353871754666004,0.005534886875944944,0.00745370370370374,0.025152636629981864,0.41707798627982273,0.10846432954099935,0.11302403038343949,0.0,0.9999999987499999,0.6712756088060226,0.2748958907609848,0.28096156058387467,0.3841011105551723,disgust,07,14,14,female,strong,1610
50,1.6683333333333334,True,1.0,0.5294389400437296,0.5473181692952758,0.5383785546695027,0.9070398943065207,-0.05328703703703713,-0.04532407407407396,0.395216246309543,0.36676741419296827,0.18333707863421067,0.5935555404441402,0.01787922925154617,0.007962962962963172,0.029249368495868358,0.35686361342720924,0.11069926451175689,0.11203277509901062,0.0,0.9999999987499999,0.6736401259722637,0.2758616366785945,0.286914261368753,0.3881373998958901,disgust,07,14,14,female,strong,1610
60,2.0020000000000002,True,1.0,0.5401044917823958,0.5509600133213745,0.5455322525518851,0.6715480839105376,-0.053101851851851956,-0.04342592592592592,0.36802954420993456,0.31425164548211687,0.18611152104827625,0.8123502480643813,0.010855521538978619,0.009675925925926032,0.03915046759206976,0.4671062113399937,0.10869257423573989,0.11246625555187888,0.0,0.9999999987499999,0.6736889951214862,0.27247540615359256,0.27622875441551237,0.37534668518234793,disgust,07,14,14,female,strong,1610
70,2.3356666666666666,True,1.0,0.5596920001556566,0.6080212965133334,0.5838566483344949,0.8051018962151593,-0.05226851851851849,-0.04657407407407399,0.3440608127357809,0.30949165129574197,0.18751993709107473,0.7251959672176232,0.0483292963576768,0.005694444444444502,0.05677285286810097,0.36809710802245293,0.10558799675619354,0.11014847660740865,0.0,0.9999999987499999,0.6719972471957533,0.2790320923827802,0.26562654818187525,0.34850002236040467,disgust,07,14,14,female,strong,1610
80,2.6693333333333333,True,1.0,0.5305629498991179,0.585184613720752,0.557873781809935,0.8579307062420737,-0.04898148148148146,-0.043703703703703745,0.37215089454573835,0.2952402428730837,0.18891473730410502,0.6502550587722237,0.05462166382163414,0.005277777777777715,0.05670027930970265,0.36283951569274747,0.10710899971730727,0.1098904079994784,0.0,0.9999999987499999,0.6605555578872174,0.2786847226930125,0.27300473856458163,0.3622517313656796,disgust,07,14,14,female,strong,1610
90,3.003,True,1.0,0.5504450843905757,0.5755086368446637,0.5629768606176198,0.8295575615725237,-0.050879629629629664,-0.04416666666666674,0.39017213812214957,0.2854761744438236,0.19030343754396398,0.6786471327564432,0.02506355245408798,0.006712962962962921,0.047094695310503004,0.38853176708572085,0.10875373051453746,0.10948786838251663,0.0,0.9999999987499999,0.6625957313628577,0.2766058052885165,0.2769289990933655,0.3702410168791424,disgust,07,14,14,female,strong,1610
100,3.336666666666667,True,1.0,0.5862121115975613,0.6318495271558957,0.6090308193767284,0.7834676741852254,-0.05282407407407402,-0.04518518518518522,0.38037916713603265,0.27468701683557334,0.1902974238466985,0.777352837192799,0.04563741555833445,0.007638888888888806,0.06199245407916617,0.4058077960666928,0.10744131578663202,0.11060391918228706,0.0,0.9999999987499999,0.6683803879989496,0.27528814390521117,0.2711053204907763,0.36123907724523713,disgust,07,14,14,female,strong,1610
0,0.0,True,1.0,0.7021209443749306,0.7454873790675814,0.7238041617212561,0.6872405361776196,-0.057453703703703674,-0.051342592592592495,0.3602312654984511,0.2594418465945981,0.17988189485538572,1.0532035344524358,0.04336643469265089,0.006111111111111178,0.03259173401569475,0.38786405219811493,0.10892071315473881,0.11122224998880882,0.0,0.9999999987499999,0.6712783241734193,0.27487100406946474,0.2576708364670048,0.3691372831790285,disgust,07,14,14,female,strong,1611
10,0.33366666666666667,True,1.0,0.7064238211605497,0.7461010519175735,0.7262624365390615,0.6671349495194854,-0.05601851851851847,-0.0496759259259259,0.36174248690286026,0.2651428367883695,0.17987638103482606,1.0886289753852105,0.039677230757023785,0.006342592592592566,0.03320054769733441,0.40942073865950757,0.11028509945758265,0.11124809690290141,0.0,0.9999999987499999,0.6704084203056222,0.2745708857700896,0.2601625151945168,0.36952232303640375,disgust,07,14,14,female,strong,1611
20,0.6673333333333333,True,1.0,0.5014905970235108,0.5106243261187563,0.5060574615711335,0.6606936528619929,-0.06310185185185191,-0.056064814814814845,0.3652692207554815,0.25508047264750827,0.17988189485538572,0.765948725826249,0.009133729095245458,0.007037037037037064,0.03320054769733447,0.39666634089579317,0.10987589314637479,0.11062371647706741,0.0,0.9999999987499999,0.668565240713473,0.27486541342644566,0.25646613787681,0.3627684917831902,disgust,07,14,14,female,strong,1611
30,1.0010000000000001,True,1.0,0.2687483549828307,0.27001874831948147,0.2693835516511561,0.8870836732087303,-0.06449074074074079,-0.052222222222222114,0.33776286953898194,0.4838385183571209,0.18403150894573134,0.30367321571453415,0.0012703933366507991,0.012268518518518678,0.03304698664147049,0.3903134668254984,0.10818941213662943,0.11311891699052164,0.0,0.9999999987499999,0.6672735783688475,0.2752281019850403,0.27463283255417203,0.3848977003492809,disgust,07,14,14,female,strong,1611
40,1.3346666666666667,True,1.0,0.605409453877279,0.6105663537559982,0.6079879038166386,0.8862421902165527,-0.0535648148148149,-0.0467129629629629,0.3481980353963887,0.42755216827394327,0.18958695516515212,0.6860290680452452,0.005156899878719257,0.006851851851851998,0.0302157288643438,0.3753918799134359,0.10753459640827144,0.10912535118511091,0.0,0.9999999987499999,0.6659739355976765,0.27576804926072634,0.27311173678989015,0.3656841433005199,disgust,07,14,14,female,strong,1611
50,1.6683333333333334,True,1.0,0.6239519428194926,0.6259319370923256,0.6249419399559091,1.0575238956686657,-0.052361111111111025,-0.045879629629629604,0.3684390778936957,0.42589513866443324,0.19097222222222227,0.5909482920579892,0.001979994272833019,0.0064814814814814214,0.04088543859215361,0.3202734065111135,0.10837752532350914,0.11020656570146868,0.0,0.9999999987499999,0.6638596180190827,0.27703858467921527,0.2789038211834271,0.3843655252122896,disgust,07,14,14,female,strong,1611
60,2.0020000000000002,True,1.0,0.6057954191767126,0.6302592390576959,0.6180273291172043,0.8821345313575131,-0.05532407407407408,-0.048101851851851785,0.3955310519580296,0.35831180017226494,0.19514240760994464,0.700604394395631,0.02446381988098323,0.0072222222222222965,0.03768218665982931,0.35150819785125953,0.10637769626728617,0.11264667193520464,0.0,0.9999999987499999,0.6615505141040793,0.2772020274936099,0.27751327719313723,0.368051762134004,disgust,07,14,14,female,strong,1611
70,2.3356666666666666,True,1.0,0.579597588685858,0.606570144109269,0.5930838663975635,0.808509581205081,-0.05416666666666664,-0.04912037037037037,0.34103724784977857,0.3964574651267466,0.19799220734919587,0.7335520570004549,0.026972555423411038,0.005046296296296271,0.02879506731962707,0.4114832150141279,0.11096869235050824,0.11193624580908594,0.0,0.9999999987499999,0.6581552697094463,0.2744093396912182,0.27796376715901416,0.36845398904702237,disgust,07,14,14,female,strong,1611
80,2.6693333333333333,True,1.0,0.6044447874667713,0.6332890067956595,0.6188668971312155,0.9333705349728777,-0.055601851851851736,-0.04916666666666669,0.36110902375468235,0.44444444444444403,0.19861111111111118,0.6630452472438492,0.028844219328888143,0.006435185185185044,0.036219123268589684,0.36605683794870925,0.10644136531065865,0.11156656769377286,0.0,0.9999999987499999,0.6647633545918368,0.274929945198812,0.2750645327914447,0.36464035109736503,disgust,07,14,14,female,strong,1611
90,3.003,True,1.0,0.6094053189855227,0.649145334668873,0.6292753268271979,0.9015983783590347,-0.05407407407407405,-0.04847222222222214,0.38040261580490164,0.3944340562802999,0.20004615251177826,0.697955255834109,0.03974001568335028,0.005601851851851913,0.04834152668213684,0.3704467070654375,0.10727549838183636,0.11093662456815732,0.0,0.9999999987499999,0.6599140316829857,0.2744421152596222,0.279106231012934,0.3728597391732804,disgust,07,14,14,female,strong,1611
100,3.336666666666667,True,1.0,0.3424406242462977,0.3308498635967543,0.33664524392152595,0.9364489811388798,-0.0671296296296296,-0.05944444444444441,0.3771367245057256,0.3773616636528709,0.20141313311922143,0.35949128110760353,0.011590760649543397,0.007685185185185184,0.04006999969853603,0.35386073753588154,0.10774655865575908,0.10978720568205394,0.0,0.9999999987499999,0.6602882821566126,0.27804019666698926,0.27988431231885513,0.3713138123601751,disgust,07,14,14,female,strong,1611
110,3.6703333333333332,True,1.0,0.6295295824793796,0.6557172445673098,0.6426234135233447,0.9171419237906802,-0.055277777777777704,-0.04847222222222214,0.37311934883214365,0.3809523809523807,0.1986249395741951,0.7006804474353209,0.02618766208793022,0.006805555555555565,0.029839295575324894,0.35479440744777296,0.10832306463625703,0.11008716927696453,0.0,0.9999999987499999,0.6620264300954757,0.2758669026473761,0.28399085725336,0.3731699648177792,disgust,07,14,14,female,strong,1611
0,0.0,True,1.0,0.7366766144078899,0.7638597899141008,0.7502682021609953,0.41376490711863384,-0.06074074074074065,-0.054629629629629584,0.37943857603972014,0.19945355089134215,0.1715638020344716,1.8132717136059098,0.027183175506210855,0.006111111111111067,0.019076288201230498,0.5835652043560696,0.10374090994903751,0.11458184289383044,0.0,0.9999999987499999,0.6874198922615922,0.2800325753857522,0.24854569031588233,0.3498491835749093,surprised,08,14,14,female,normal,1612
10,0.33366666666666667,True,1.0,0.6449221967219355,0.6187359132780856,0.6318290550000105,0.4172227104652541,-0.06425925925925924,-0.05740740740740746,0.37810231620931345,0.18622256459571,0.1715348942799473,1.5143687990892063,0.026186283443849878,0.006851851851851776,0.01383953406185878,0.6236652455615135,0.10464702005080441,0.11358728962788678,0.0,0.9999999987499999,0.6866644753839035,0.2820126799807938,0.2524089893194925,0.3522714237812244,surprised,08,14,14,female,normal,1612
20,0.6673333333333333,True,1.0,0.6947933988329335,0.6958345114898757,0.6953139551614046,0.4371120638498706,-0.059537037037037,-0.05273148148148149,0.3833950699923589,0.19670042873244126,0.1708333333333334,1.5906995314597754,0.001041112656942289,0.006805555555555509,0.011733302497169598,0.5634867887635979,0.10384975739261232,0.11481555165649085,0.0,0.9999999987499999,0.6872567156003028,0.27950968586347086,0.25098025034383514,0.35137288449572684,surprised,08,14,14,female,normal,1612
30,1.0010000000000001,True,1.0,0.5411193809242097,0.5514147118664733,0.5462670463953415,0.9490392648287386,-0.056944444444444464,-0.05013888888888901,0.4181344609615218,0.3475355054302422,0.17917347976387135,0.5756000480063589,0.010295330942263536,0.006805555555555454,0.008546156654648557,0.33274647887323916,0.11175413954299192,0.11402873853044258,0.0,0.9999999987499999,0.6317867112860769,0.2750546358295425,0.3007339979100066,0.379814714345504,surprised,08,14,14,female,normal,1612
40,1.3346666666666667,True,1.0,0.48097525523162166,0.49998417357356634,0.49047971440259397,0.6205642606161148,-0.05745370370370373,-0.051666666666666694,0.39484122786772496,0.19745226474149147,0.17988825674602404,0.7903769932152248,0.01900891834194468,0.005787037037037035,0.01568221986812465,0.46078809824864553,0.11574584166437187,0.11066551786263648,0.0,0.9999999987499999,0.6270184075427045,0.27080048470741525,0.29129936073481244,0.34876790544464925,surprised,08,14,14,female,normal,1612
50,1.6683333333333334,True,1.0,0.6679891368039416,0.6756122696284843,0.671800703216213,0.7515045881275906,-0.060787037037037084,-0.05490740740740735,0.40404169086239317,0.23911509622241447,0.17782969776269256,0.8939409204274273,0.007623132824542744,0.0058796296296297346,0.010531060193749438,0.33750000000000063,0.10468139337748408,0.11455784886350924,0.0,0.9999999987499999,0.6812710944846689,0.28186550321745635,0.25549942476968046,0.35333900261044615,surprised,08,14,14,female,normal,1612
60,2.0020000000000002,True,1.0,0.6477516348900648,0.6850712999700304,0.6664114674300476,0.7442264200934564,-0.05875000000000008,-0.05282407407407408,0.39922965761394286,0.2342807924203276,0.17992218303025748,0.8954418298484524,0.037319665079965536,0.005925925925926001,0.015701222658537177,0.36456355503113363,0.10974491782334463,0.11092554034818367,0.0,0.9999999987499999,0.6428259061906012,0.2728969297672435,0.25615518302932133,0.32610605302586143,surprised,08,14,14,female,normal,1612
70,2.3356666666666666,True,1.0,0.6505381981153404,0.6992556450900203,0.6748969216026803,0.5821204181283723,-0.05837962962962967,-0.05435185185185193,0.3741956705788976,0.18911435447246616,0.1847635195913375,1.1593768240815225,0.048717446974679834,0.004027777777777741,0.024224604280911693,0.45051576215177025,0.1208991494055866,0.10716622486103203,0.0,0.9999999987499999,0.6224941594919217,0.267426666454232,0.29085485625045626,0.3422120261836006,surprised,08,14,14,female,normal,1612
80,2.6693333333333333,True,1.0,0.6559234976406494,0.7002787069195501,0.6781011022800998,0.6667854382306585,-0.059074074074074,-0.05296296296296299,0.38958973326989876,0.21525701710674502,0.18682556675428655,1.0169704726597928,0.04435520927890069,0.006111111111111012,0.02313330618091655,0.3983281109370351,0.11341776109175129,0.10787608515963236,0.0,0.9724528962108818,0.6384005587781989,0.27035325660622167,0.2607741489098258,0.3330110862690705,surprised,08,14,14,female,normal,1612
90,3.003,True,1.0,0.6655029040497857,0.7035199621654167,0.6845114331076012,0.6388335108821861,-0.059166666666666645,-0.05449074074074073,0.38576708791723213,0.19436947068247346,0.1861258682802443,1.071502075967081,0.03801705811563094,0.004675925925925917,0.02674371765609115,0.40341198204935175,0.11354502737373813,0.10862267155975847,0.0,0.9999999987499999,0.6383023343790641,0.27044272018928794,0.2618442783433985,0.33290118997391727,surprised,08,14,14,female,normal,1612
100,3.336666666666667,True,1.0,0.669804341349495,0.7002787069195493,0.6850415241345221,0.6157320792552199,-0.05847222222222226,-0.053240740740740755,0.3858984763306705,0.1958987449864373,0.1840427019957316,1.1125642908895341,0.03047436557005434,0.005231481481481504,0.030929486821693553,0.4474066228129553,0.11040211173746838,0.11164509749045443,0.0,0.9999999987499999,0.665713991002651,0.2782768744077291,0.26279413091160786,0.36825978696172795,surprised,08,14,14,female,normal,1612
0,0.0,True,1.0,0.7185200147832721,0.750803225949045,0.7346616203661586,0.47826960975931226,-0.060370370370370297,-0.05546296296296299,0.3948306450040733,0.1827677693976225,0.17370995992350355,1.5360825889311152,0.03228321116577293,0.004907407407407305,0.017078313673729698,0.4995238399697959,0.1056491147538016,0.11316204118413978,0.0,0.9999999987499999,0.6844563863045219,0.2820304604267819,0.2533179366788798,0.35273767469482187,surprised,08,14,14,female,normal,1613
10,0.33366666666666667,True,1.0,0.7308370770918954,0.7380893902874367,0.734463233689666,0.4874608205389977,-0.060787037037037084,-0.05407407407407416,0.398607192330588,0.18084679841457976,0.17508542836730445,1.5067123402400866,0.007252313195541316,0.006712962962962921,0.01785703043515066,0.5008987274892801,0.10551386434493111,0.11429274311721949,0.0,0.9999999987499999,0.6860270374321604,0.28063127777454644,0.2544223569186111,0.3539999566912939,surprised,08,14,14,female,normal,1613
20,0.6673333333333333,True,1.0,0.4317199981447243,0.42835563226944284,0.43003781520708356,0.45793835188900295,-0.07069444444444445,-0.06305555555555559,0.4227192917631187,0.07192459567788817,0.17716775714279093,0.9390735967694577,0.0033643658752814387,0.007638888888888862,0.0205425076450877,0.5331513182060903,0.10625555516222425,0.11427239161641821,0.0,0.9999999987499999,0.6860995273421869,0.28155859093668323,0.2576889195914169,0.35856372930171615,surprised,08,14,14,female,normal,1613
30,1.0010000000000001,True,1.0,0.6250467823824242,0.65508822037204,0.6400675013772321,0.7670463711331491,-0.05902777777777779,-0.05138888888888893,0.46137853827294967,0.17971403292283591,0.1757795353139963,0.8344573750237126,0.030041437989615782,0.007638888888888862,0.028128652981578593,0.3790877228716757,0.10486009958308375,0.11489284666105945,0.0,0.9999999987499999,0.6840117176558123,0.2821380500607624,0.2819027295057108,0.38926746198031464,surprised,08,14,14,female,normal,1613
40,1.3346666666666667,True,1.0,0.5500658896879677,0.5924415391869043,0.571253714437436,0.6032561488062558,-0.058425925925925826,-0.05097222222222231,0.4079514551723494,0.16745345310110996,0.1786790044856999,0.946950504471198,0.042375649498936685,0.007453703703703518,0.027355936672135955,0.45837296312518666,0.1042278101387908,0.11546674972397213,0.0,0.9999999987499999,0.6836786923597565,0.2823624140350483,0.26088086391385756,0.356787119508256,surprised,08,14,14,female,normal,1613
50,1.6683333333333334,True,1.0,0.6390009963481323,0.7140401213377244,0.6765205588429284,1.1073784667678612,-0.0628703703703703,-0.05499999999999999,0.3622756011352303,0.34402621169878045,0.17712641173327864,0.6109208180808403,0.07503912498959209,0.007870370370370305,0.0386057231543318,0.22833506782969995,0.10652796930727834,0.11584195123956229,0.0,0.9999999987499999,0.6815003918129752,0.2796440118067396,0.2685091643356216,0.3578757848048576,surprised,08,14,14,female,normal,1613
60,2.0020000000000002,True,1.0,0.6577039606503051,0.7171123467560251,0.6874081537031651,0.7740454055204792,-0.06037037037037035,-0.0531018518518519,0.39622275636548177,0.26229195779116005,0.17523047393116478,0.8880721322038493,0.05940838610571997,0.007268518518518452,0.037375170386995726,0.35829376810819047,0.10516633032728921,0.11477871584743037,0.0,0.9999999987499999,0.6856304013167768,0.2807601524702779,0.2654229363253902,0.3592270051366175,surprised,08,14,14,female,normal,1613
70,2.3356666666666666,True,1.0,0.6760337971064085,0.6847434020331186,0.6803885995697636,0.661260774945544,-0.06129629629629629,-0.050509259259259254,0.3621248437124956,0.20978491682341407,0.1774207875382545,1.0289262955689378,0.008709604926710024,0.01078703703703704,0.048197162113788376,0.41106948288533196,0.1073418371002283,0.1142574994577179,0.0,0.9999999987499999,0.6764974796559249,0.2800701546998933,0.26676223818817196,0.35304573501599135,surprised,08,14,14,female,normal,1613
80,2.6693333333333333,True,1.0,0.7054116563677443,0.7303655753898197,0.717888615878782,0.7282931454693331,-0.06231481481481477,-0.05120370370370375,0.3836209867411681,0.21677054618949354,0.1768592896523883,0.9857138164003368,0.024953919022075444,0.011111111111111016,0.0514408783000945,0.3646321698793716,0.10950117714477002,0.11370784452272358,0.0,0.9999999987499999,0.6737238985437926,0.28137640238038886,0.26610036285576105,0.35475569268592205,surprised,08,14,14,female,normal,1613
90,3.003,True,1.0,0.6950578854012965,0.7053213777793108,0.7001896315903037,0.6955765897320094,-0.061759259259259236,-0.051296296296296395,0.3786599412678943,0.23367114422335947,0.177523961606439,1.006631968249638,0.010263492378014272,0.01046296296296284,0.04803287248702065,0.3754184761169977,0.11015821669902622,0.11188575138572253,0.0,0.9999999987499999,0.6732095454822555,0.2815380801196287,0.26859752608919096,0.3545509457437311,surprised,08,14,14,female,normal,1613
100,3.336666666666667,True,1.0,0.7195255671752914,0.7627487247492547,0.7411371459622731,0.6357598069982898,-0.06134259259259267,-0.05199074074074078,0.3723354957187435,0.2162948768184346,0.17816359721662406,1.1657502374387545,0.04322315757396333,0.009351851851851889,0.0487613358914408,0.4013101457882986,0.10757711229149503,0.11386881547390271,0.0,0.9999999987499999,0.678098061216674,0.2804806271969331,0.2631068244900202,0.3517971771932854,surprised,08,14,14,female,normal,1613
0,0.0,True,1.0,0.7364704020216983,0.7798298774561876,0.758150139738943,0.400461920409722,-0.06092592592592583,-0.05370370370370381,0.35883919446817275,0.16138544470614824,0.1772078013091835,1.8931890926439692,0.04335947543448926,0.007222222222222019,0.029711520692327777,0.63077467190003,0.10702144446490447,0.11372307092517349,0.0,0.9999999987499999,0.6845600756787091,0.27946844022857387,0.2583790526264182,0.35318959006482037,surprised,08,14,14,female,normal,1614
10,0.33366666666666667,True,1.0,0.7604481439882064,0.7637611661470506,0.7621046550676285,0.529686403062717,-0.062314814814814934,-0.05481481481481487,0.3738520877663487,0.1835607223486354,0.1750736626495134,1.4387846292844944,0.0033130221588442144,0.007500000000000062,0.029185893360664836,0.44015439215907703,0.1062802460602521,0.11358043843868733,0.0,0.9999999987499999,0.6811087143763755,0.2822619184373163,0.25961982323707433,0.3530693534713034,surprised,08,14,14,female,normal,1614
20,0.6673333333333333,True,1.0,0.7063734970262542,0.72293105887819,0.7146522779522221,0.6477720139394132,-0.060555555555555585,-0.05273148148148149,0.4053796067502322,0.13491545235574717,0.1772917355194735,1.1032466092600663,0.016557561851935798,0.007824074074074094,0.02872061761861309,0.37547514469076865,0.10715130132405178,0.11360072649802555,0.0,0.9999999987499999,0.6802455178008704,0.28093456965399805,0.26765916148304403,0.36181793096185527,surprised,08,14,14,female,normal,1614
30,1.0010000000000001,True,1.0,0.5981357522625991,0.582375478927203,0.590255615594901,0.6983470580258566,-0.062962962962963,-0.0528703703703704,0.38432203895159517,0.2278965864549014,0.1757222337487262,0.8452181602418185,0.01576027333539609,0.010092592592592597,0.023239747361378304,0.3579881910102399,0.10431622233633343,0.11604545767041487,0.0,0.9999999987499999,0.6859305973404987,0.2811400097334294,0.2514674933523289,0.34947350315292663,surprised,08,14,14,female,normal,1614
40,1.3346666666666667,True,1.0,0.6063957081227994,0.5967021962745297,0.6015489521986646,0.6825035257058653,-0.059212962962962856,-0.04967592592592596,0.4135180727976506,0.2424593736147212,0.17380480189281364,0.881385853027682,0.00969351184826972,0.0095370370370369,0.0466185652014079,0.36463216987937136,0.10685570910739144,0.11471226440608397,0.0,0.9999999987499999,0.679569771291329,0.27957315879417943,0.26832291346390247,0.36170363940442485,surprised,08,14,14,female,normal,1614
50,1.6683333333333334,True,1.0,0.6408911578535573,0.6720311359788503,0.6564611469162038,0.6131314726223416,-0.06083333333333324,-0.05115740740740743,0.4140369181075261,0.21469546016555582,0.17947682584865948,1.0706694668739525,0.03113997812529301,0.00967592592592581,0.04518226689122581,0.4542489861016042,0.10762955155066252,0.11297921101640712,0.0,0.9999999987499999,0.6781012287414967,0.2807163673539463,0.27161883362519124,0.3545550638706722,surprised,08,14,14,female,normal,1614
60,2.0020000000000002,True,1.0,0.6467701034479144,0.6832825997277233,0.6650263515878189,0.6336610331224217,-0.058518518518518525,-0.050416666666666665,0.36316779470404587,0.20586835342862203,0.1801476303041091,1.0494985754620916,0.036512496279808904,0.00810185185185186,0.052961640201884326,0.45342239306076304,0.10873356865083517,0.11259595609052543,0.0,0.9999999987499999,0.674158621565814,0.278365249756789,0.2667106796548571,0.35302685600246486,surprised,08,14,14,female,normal,1614
70,2.3356666666666666,True,1.0,0.6327053892288859,0.6280575281834672,0.6303814587061765,0.641546464253083,-0.059398148148148144,-0.048981481481481515,0.39232005368489503,0.15669383493826683,0.18232144680689663,0.9825967312283369,0.0046478610454187,0.01041666666666663,0.04148311743518233,0.3993571373796694,0.11068691631931646,0.11255393488668625,0.0,0.9999999987499999,0.6655978331410689,0.28072262050345204,0.269896658607245,0.35509877372673354,surprised,08,14,14,female,normal,1614
80,2.6693333333333333,True,1.0,0.6622190393637888,0.6741183078815622,0.6681686736226755,0.5869605722756676,-0.059398148148148144,-0.04995370370370367,0.4028500527618441,0.09991954165190582,0.18216613257776035,1.1383535882694151,0.011899268517773454,0.009444444444444478,0.0419404220414912,0.4394000628544566,0.11048976417944674,0.1117290026322761,0.0,0.9999999987499999,0.6707191782181624,0.2805574949277366,0.2711255852157164,0.3578305732921504,surprised,08,14,14,female,normal,1614
90,3.003,True,1.0,0.679984021348608,0.693032015065914,0.686508018207261,0.6151160161660776,-0.06078703703703703,-0.05148148148148152,0.3935272545090561,0.15017409240217752,0.18012603010604572,1.1160626616197684,0.013047993717306028,0.009305555555555511,0.04038499421537757,0.405011553598257,0.10932202992777165,0.11219463445140984,0.0,0.9999999987499999,0.6700292318880678,0.2811686996609972,0.2677331284929969,0.35593508866830753,surprised,08,14,14,female,normal,1614
0,0.0,True,1.0,0.7629515256708507,0.7765329552814507,0.7697422404761507,0.5876317117241807,-0.062129629629629535,-0.05782407407407414,0.3746477593570372,0.24239808108622476,0.175,1.3099058902346101,0.013581429610600049,0.004305555555555396,0.002602443662002443,0.43593749999999903,0.10659788437572194,0.11378580573985758,0.0,0.9999999987499999,0.6830812506721439,0.28461107743465974,0.2580891030632216,0.358386912918231,surprised,08,14,14,female,normal,1615
10,0.33366666666666667,True,1.0,0.759253274633377,0.7635592810755651,0.761406277854471,0.5781358925185336,-0.06310185185185185,-0.057083333333333375,0.3820274747359645,0.23845747888047633,0.17500174385291845,1.3170022614191217,0.004306006442188148,0.006018518518518479,0.0006198318260749721,0.4499555119692466,0.10635265041994595,0.11368036063912731,0.0,0.9999999987499999,0.6833631208733495,0.2842575879398779,0.25909899636901035,0.3573013542849441,surprised,08,14,14,female,normal,1615
20,0.6673333333333333,True,1.0,0.3970541892397435,0.3786125946199542,0.3878333919298489,0.44111216837320305,-0.07773148148148146,-0.07092592592592595,0.421579499169531,0.10377689713784623,0.18264055980567512,0.8792171690936496,0.01844159461978928,0.006805555555555509,0.008658857092145584,0.5797112715998843,0.10450211300783642,0.1158780862174445,0.0,0.9999999987499999,0.6826037050054399,0.2839635000665679,0.26192791509524366,0.36512732613909304,surprised,08,14,14,female,normal,1615
30,1.0010000000000001,True,1.0,0.6072620001771026,0.630505285488027,0.6188836428325648,0.79170521424793,-0.05870370370370376,-0.051851851851851816,0.3949666103305934,0.27777777777777685,0.17917347976387143,0.7817096966078028,0.023243285310924344,0.006851851851851942,0.009761184638287694,0.34582316945630537,0.11590599006876161,0.11015239569697365,0.0,0.9999999987499999,0.6295888937606292,0.27173748009426146,0.2891583622583378,0.3446390404697934,surprised,08,14,14,female,normal,1615
40,1.3346666666666667,True,1.0,0.6191199070599903,0.6368353912539968,0.6279776491569935,0.6590205305486474,-0.05833333333333335,-0.05166666666666664,0.40339750662524476,0.22862471220100994,0.18057625937153515,0.9528954259348945,0.01771548419400648,0.00666666666666671,0.01712869163708173,0.4152486755673177,0.10687720496589025,0.11435952665967948,0.0,0.9999999987499999,0.6819920645601991,0.28182186997935477,0.27524201070090876,0.3733742322503699,surprised,08,14,14,female,normal,1615
50,1.6683333333333334,True,1.0,0.5958430176656158,0.5935057621939576,0.5946743899297866,0.4383319525786095,-0.061620370370370325,-0.05032407407407413,0.4011610927236155,0.1455828732425395,0.17947682584865948,1.356675885550778,0.002337255471658195,0.011296296296296193,0.051015185611690134,0.6133068982708868,0.10757206849921688,0.1147070705888285,0.0,0.9999999987499999,0.6804265542466987,0.2779446789940837,0.26468002542372066,0.3562399920341886,surprised,08,14,14,female,normal,1615
60,2.0020000000000002,True,1.0,0.587645779941298,0.623796932365899,0.6057213561535985,0.6023355378749559,-0.06171296296296297,-0.051342592592592606,0.3953006699050675,0.146950842301505,0.18091057199066865,1.0056211497840353,0.036151152424600985,0.010370370370370363,0.05650803766668185,0.40895956080172335,0.10956088375150397,0.1131462885439667,0.0,0.9999999987499999,0.6775044593071603,0.27916502388005887,0.2684951035907536,0.3590600032847135,surprised,08,14,14,female,normal,1615
70,2.3356666666666666,True,1.0,0.6436415272814884,0.6560244336571308,0.6498329804693096,0.6475761081815572,-0.06347222222222226,-0.05217592592592596,0.389506342089965,0.21532708681736173,0.1760848287337796,1.0034851074016455,0.012382906375642433,0.011296296296296304,0.05226191923754153,0.39462127498371224,0.10952124082859427,0.11080303426227531,0.0,0.9999999987499999,0.6728521394573453,0.2799396130721563,0.26501029525920866,0.3497214739176079,surprised,08,14,14,female,normal,1615
80,2.6693333333333333,True,1.0,0.6258239892579845,0.6411452443949497,0.6334846168264672,0.5955106541747458,-0.06347222222222226,-0.05370370370370375,0.3992480919713744,0.19774799079696,0.1768040641115114,1.0637670583817604,0.01532125513696514,0.00976851851851851,0.04912900013105092,0.42557639180607554,0.1087858281055702,0.11152514603296099,0.0,0.9999999987499999,0.6743650971873124,0.279691455720362,0.26416016499429373,0.34974145827356873,surprised,08,14,14,female,normal,1615
90,3.003,True,1.0,0.6406820127799453,0.6731976313688105,0.6569398220743778,0.56289365814091,-0.06291666666666668,-0.05263888888888896,0.3942903432812174,0.2003875122293249,0.17605926338780817,1.167076254232598,0.0325156185888652,0.010277777777777719,0.058384426802132725,0.43308700792755694,0.11034606209849997,0.11204110202884883,0.0,0.9999999987499999,0.6776663740496199,0.278415599551749,0.2663334437798188,0.3546173901834935,surprised,08,14,14,female,normal,1615
0,0.0,True,1.0,0.7361092937299658,0.7669701383379318,0.7515397160339488,0.4422411604901079,-0.06009259259259264,-0.05439814814814814,0.36377253923283115,0.2666690854448514,0.17157225107354981,1.6993888927052037,0.03086084460796601,0.005694444444444502,0.013860906046626442,0.5855287286139592,0.10574208311747559,0.11273769101899533,0.0,0.9999999987499999,0.6861371122589661,0.282516984731959,0.2549190321005722,0.35724828781891194,surprised,08,14,14,female,strong,1616
10,0.33366666666666667,True,1.0,0.7452828861311224,0.7821920302058701,0.7637374581684963,0.415407964901324,-0.061111111111111116,-0.05481481481481487,0.3874850872047111,0.1930530038677814,0.17506276776130902,1.838523867374364,0.03690914407474777,0.006296296296296244,0.012278377931045983,0.5849796014631592,0.10593370294676147,0.11272679204997339,0.0,0.9999999987499999,0.6849013690319878,0.28344554059844257,0.25549453539550543,0.35666091935146116,surprised,08,14,14,female,strong,1616
20,0.6673333333333333,True,1.0,0.8058102632942225,0.8267881161643462,0.8162991897292844,0.6210228162761875,-0.06152777777777779,-0.05523148148148149,0.37532249881435625,0.2585508993035915,0.17233559216586838,1.3144431546396704,0.02097785287012377,0.0062962962962963,0.01782308179128292,0.4042715635565518,0.10643655279859036,0.11376939317012304,0.0,0.9999999987499999,0.682301746878439,0.2820912841387855,0.25659549199935777,0.3562429688395921,surprised,08,14,14,female,strong,1616
30,1.0010000000000001,True,1.0,0.7054680080885279,0.7057339651943577,0.7056009866414428,0.7999673924743919,-0.059166666666666645,-0.05231481481481487,0.43808446296067516,0.23490169677173378,0.17361155056367997,0.8820371846144093,0.0002659571058297727,0.006851851851851776,0.01942743964363636,0.3396432721515754,0.10426183331718958,0.11460784036818056,0.0,0.9999999987499999,0.6884282223123624,0.2800568294934632,0.2722051289856409,0.3855196812995169,surprised,08,14,14,female,strong,1616
40,1.3346666666666667,True,1.0,0.7632300540153321,0.7904604938851846,0.7768452739502583,0.9119683306746503,-0.06134259259259245,-0.058194444444444327,0.35941239248225576,0.3477845328844008,0.17576781605902037,0.8518336084933656,0.02723043986985252,0.003148148148148122,0.010192162568783227,0.27700207793051396,0.1044506957497048,0.11360026135748189,0.0,0.9999999987499999,0.6885665973498775,0.27934310028289977,0.2592073327385446,0.36505558599433,surprised,08,14,14,female,strong,1616
50,1.6683333333333334,True,1.0,0.8671854755931823,0.8405137776638268,0.8538496266285045,1.9398236471452905,-0.06518518518518512,-0.05972222222222234,0.298800601696655,0.8143484613759239,0.17711822764352925,0.44016868640871465,0.02667169792935542,0.005462962962962781,0.010802797315092212,0.13829190349853956,0.10441155937148139,0.11496967022967824,0.0,0.9999999987499999,0.6770754872105093,0.28720629029579314,0.26290409883102234,0.36649062364549306,surprised,08,14,14,female,strong,1616
60,2.0020000000000002,True,1.0,0.818306205156714,0.8452047741280169,0.8317554896423655,0.4444781295178054,-0.05907407407407406,-0.05435185185185187,0.34678765277377605,0.11903262470042798,0.18057625937153512,1.8713080226122714,0.026898568971302828,0.004722222222222183,0.0052342460270023965,0.5234353927698855,0.10663330360516664,0.11358500409633292,0.0,0.9999999987499999,0.6844232520664516,0.280897646708695,0.25972583779973707,0.35853971072488644,surprised,08,14,14,female,strong,1616
70,2.3356666666666666,True,1.0,0.8064265954802822,0.8353858283226663,0.8209062119014743,0.6534128652431895,-0.05981481481481482,-0.05458333333333332,0.4198712308553605,0.28748346896931254,0.178533769246012,1.2563361628882934,0.02895923284238411,0.005231481481481504,0.010044713577705028,0.39423266256510325,0.10643991468164679,0.11309440024269549,0.0,0.9999999987499999,0.6802291425398284,0.28268257043565165,0.26710932866676473,0.3686606854123345,surprised,08,14,14,female,strong,1616
80,2.6693333333333333,True,1.0,0.7909635417871519,0.8313201639386584,0.8111418528629051,0.7974524861030726,-0.06125000000000008,-0.05750000000000005,0.33335888938207814,0.22426811297591298,0.18414755196368424,1.017166372916747,0.04035662215150648,0.003750000000000031,0.011298359564930019,0.30537795223852415,0.11829555082197502,0.11003348005558036,0.0,0.9999999987499999,0.6216538359640731,0.2709285055184033,0.28421317349420605,0.34446235596865193,surprised,08,14,14,female,strong,1616
90,3.003,True,1.0,0.7791536922954054,0.8017268423257303,0.7904402673105679,0.927588430699097,-0.06106481481481485,-0.05759259259259253,0.3549593076712384,0.3786987135852368,0.18070803211393494,0.8521454571342978,0.022573150030324896,0.003472222222222321,0.0062758507638632065,0.2910513481011305,0.11323230282805483,0.10771757508167767,0.0,0.9999999987499999,0.6398160739920968,0.2749187362730831,0.2640505991818901,0.34325651512728134,surprised,08,14,14,female,strong,1616
100,3.336666666666667,True,1.0,0.7839624930597303,0.8313201639386579,0.8076413284991941,0.9511918470022944,-0.059166666666666645,-0.0562037037037037,0.3529627053720032,0.3820198279760947,0.17999849379004804,0.8490835272027368,0.047357670878927616,0.002962962962962945,0.011520849377071221,0.2771128686502297,0.11333027654287091,0.10849607615644345,0.0,0.9999999987499999,0.6355404815832583,0.2752747728954144,0.2677456383834416,0.34554602790897515,surprised,08,14,14,female,strong,1616
110,3.6703333333333332,True,1.0,0.7339477610149407,0.743073596278281,0.7385106786466109,0.9275884306990962,-0.06134259259259256,-0.057499999999999996,0.3571637559137272,0.3786987135852366,0.17856838012461476,0.7961620199273259,0.00912583526334021,0.003842592592592564,0.01105315759699241,0.28120057455515535,0.11252384794319566,0.10968017898255164,0.0,0.9999999987499999,0.6380312410198453,0.2754682407056297,0.26022756855374873,0.33522177105302187,surprised,08,14,14,female,strong,1616
0,0.0,True,1.0,0.7114829448042482,0.7649485371036532,0.7382157409539507,0.6254182992336731,-0.06087962962962962,-0.054444444444444406,0.3807593267416885,0.19620122950430763,0.17780524147674867,1.180355198846098,0.05346559229940495,0.00643518518518521,0.02160879403351292,0.40786791523218385,0.11560569255369517,0.1082022242946053,0.0,0.9999999987499999,0.636829205721351,0.27163741175338,0.27275682888191705,0.3375693951071012,surprised,08,14,14,female,strong,1617
10,0.33366666666666667,True,1.0,0.7206944411940388,0.7190620563318276,0.7198782487629332,0.5869046374053796,-0.06097222222222226,-0.05476851851851855,0.38761770626462727,0.17176080296621546,0.17849957907496108,1.2265676617336176,0.001632384862211178,0.006203703703703711,0.023530605505315483,0.4396599994984992,0.12053582439964364,0.1093314162957006,0.0,0.9999999987499999,0.6224905214976615,0.26806218956402933,0.28778479829390274,0.33995341722411443,surprised,08,14,14,female,strong,1617
20,0.6673333333333333,True,1.0,0.7209117581761814,0.7344557994533023,0.7276837788147419,0.5584548100286211,-0.0593981481481482,-0.05425925925925934,0.37917072289902665,0.20038760346058482,0.17987638103482617,1.3030307300557546,0.013544041277120944,0.0051388888888888595,0.025086668470320844,0.476453518023589,0.10619784090933042,0.1133217427938134,0.0,0.9999999987499999,0.6869492913649836,0.28076089752755307,0.26033932850094194,0.35640254602344423,surprised,08,14,14,female,strong,1617
30,1.0010000000000001,True,1.0,0.6903671380246603,0.6945712415378031,0.6924691897812317,0.8742615005264184,-0.0589351851851852,-0.05277777777777781,0.4621295596519505,0.23031984149272844,0.1819511535287631,0.7920618594828616,0.004204103513142821,0.006157407407407389,0.016464936417989417,0.31186716492611605,0.1059817784314179,0.11452635124388048,0.0,0.9999999987499999,0.6843643304509304,0.28239257618964914,0.28587746374964856,0.4027212375933385,surprised,08,14,14,female,strong,1617
40,1.3346666666666667,True,1.0,0.5327156842113301,0.5786798923347224,0.5556977882730263,0.7115287122387675,-0.055462962962962936,-0.049907407407407456,0.4273719990616348,0.1715292431289891,0.18472222222222223,0.7809913763347205,0.0459642081233923,0.00555555555555548,0.015867998908696748,0.38543749369173635,0.10776088196907316,0.11386236644088292,0.0,0.9999999987499999,0.6810373461337661,0.27990996402898843,0.280753039999257,0.3799029972326655,surprised,08,14,14,female,strong,1617
50,1.6683333333333334,True,1.0,0.6799382316934571,0.6819929310201697,0.6809655813568134,0.9872613237074573,-0.0593055555555555,-0.05342592592592599,0.38402296205251657,0.3808007962871626,0.18264933186801832,0.6897521102108881,0.002054699326712539,0.0058796296296295125,0.014370965685389234,0.281612578079625,0.10731190595327875,0.11495049719363185,0.0,0.9999999987499999,0.6768393533194528,0.28272313606277566,0.27235767995730037,0.3680783099856775,surprised,08,14,14,female,strong,1617
60,2.0020000000000002,True,1.0,0.7065271909266164,0.7291888071647494,0.7178579990456829,0.8238934332900005,-0.058101851851851904,-0.05347222222222231,0.4183422669125404,0.25102033528108636,0.18339324896887868,0.8712995759404306,0.02266161623813301,0.004629629629629595,0.013741370135851092,0.33433675919299616,0.10885020076874387,0.11516134434953479,0.0,0.9999999987499999,0.6708696472964187,0.2862869252427733,0.2754705761810966,0.3628813563045625,surprised,08,14,14,female,strong,1617
70,2.3356666666666666,True,1.0,0.6305958425119119,0.666690602601874,0.648643222556893,0.7227834414006536,-0.05587962962962961,-0.05064814814814811,0.37743577094130226,0.20226420059431727,0.1889470428504479,0.8974240213637334,0.03609476008996204,0.005231481481481504,0.011667913565479535,0.38280456180866873,0.11126932726632358,0.11180793605433184,0.0,0.9999999987499999,0.6603113077496624,0.2783287721775167,0.2730840468002943,0.36953704058751946,surprised,08,14,14,female,strong,1617
80,2.6693333333333333,True,1.0,0.6160746011948945,0.6211460928687199,0.6186103470318072,0.7950795082549873,-0.05657407407407411,-0.05152777777777778,0.41717322120217265,0.23457373595589467,0.18827388599143433,0.7780484097615741,0.005071491673825368,0.0050462962962963265,0.008244739117472349,0.35188054527724444,0.11090689481503323,0.11233718166842424,0.0,0.9999999987499999,0.6613237205116421,0.2789346074246045,0.2745823742622437,0.38223613054158595,surprised,08,14,14,female,strong,1617
90,3.003,True,1.0,0.6445349145226584,0.6372296549261109,0.6408822847243847,0.7991768728029722,-0.055833333333333346,-0.050833333333333286,0.4125810344543873,0.22263624884961278,0.18827388599143427,0.8019279668048988,0.0073052595965474865,0.00500000000000006,0.011032761975426894,0.36098451060973846,0.11202565937758494,0.11105012109912317,0.0,0.9999999987499999,0.6599817554052871,0.2786878084889309,0.279665644570962,0.3881646462138065,surprised,08,14,14,female,strong,1617
100,3.336666666666667,True,1.0,0.21972437358664546,0.1983970207405957,0.20906069716362058,0.7586282660550399,-0.07601851851851849,-0.06888888888888894,0.4034746557007169,0.19297498719350953,0.18616070695444287,0.2755772576874335,0.021327352846049752,0.007129629629629541,0.011264376490934444,0.4061040582363959,0.11033665140965566,0.11289732086331611,0.0,0.9999999987499999,0.6619330838116497,0.27957681770939047,0.27221387426830224,0.382290915101378,surprised,08,14,14,female,strong,1617
0,0.0,True,1.0,0.6984560111615881,0.7382297551789068,0.7183428831702474,0.388157415042148,-0.061574074074074,-0.05587962962962967,0.37477226255403445,0.20856900111243168,0.17232186774333408,1.8506483589711824,0.0397737440173187,0.005694444444444335,0.02660578820017636,0.6365862938385664,0.11810215030934265,0.10902457767311953,0.0,0.9999999987499999,0.627697307719963,0.27069396478632296,0.28241461142398194,0.34174035657539775,surprised,08,14,14,female,strong,1618
10,0.33366666666666667,True,1.0,0.7454162449787606,0.79375541098219,0.7695858279804753,0.42450858823678,-0.06087962962962973,-0.05407407407407405,0.36775503138050136,0.21208317834539298,0.1723502008340899,1.8128863568508538,0.04833916600342947,0.006805555555555676,0.03142706916741301,0.5864785253595899,0.1035632630626222,0.11290120565820777,0.0,0.9999999987499999,0.6883848820309374,0.2822982877773655,0.2474900843550768,0.3475270656010242,surprised,08,14,14,female,strong,1618
20,0.6673333333333333,True,1.0,0.7631532054623305,0.8273774603899539,0.7952653329261421,0.6939433095679882,-0.05898148148148141,-0.05273148148148149,0.38558690392721384,0.22394750782254325,0.17511157157652374,1.1460090787837287,0.0642242549276234,0.006249999999999922,0.02921547399056888,0.36839080065565005,0.10226060197210024,0.11508007935544409,0.0,0.9999999987499999,0.6871132995151186,0.28350890045140237,0.25172600785288163,0.3488769844810664,surprised,08,14,14,female,strong,1618
30,1.0010000000000001,True,1.0,0.6984185657382836,0.7301587301587299,0.7142886479485068,0.9250583920954187,-0.060185185185185175,-0.052407407407407514,0.36507225852244396,0.3029759690648462,0.17716775714279084,0.7721552002036524,0.03174016442044625,0.007777777777777661,0.04113194389638598,0.2782798667242914,0.10350067381564403,0.11363123692573415,0.0,0.9999999987499999,0.6826710958055098,0.28365167820653037,0.2609729049759171,0.35536006381146673,surprised,08,14,14,female,strong,1618
40,1.3346666666666667,True,1.0,0.7448971307984162,0.7983115290207176,0.771604329909567,0.6494772803811457,-0.05847222222222215,-0.050555555555555576,0.3733064682557018,0.1842698221830264,0.17657953274154514,1.1880389864550012,0.05341439822230132,0.007916666666666572,0.03905029583833898,0.4016044110464353,0.10500335596208545,0.11376149722137488,0.0,0.9999999987499999,0.6828105872192627,0.2821237773340135,0.2641989087947255,0.36190899471122523,surprised,08,14,14,female,strong,1618
50,1.6683333333333334,True,1.0,0.7236941172634674,0.7382297551789068,0.7309619362211871,0.9220352295618723,-0.05962962962962959,-0.05273148148148149,0.4238542646999929,0.3699270272179517,0.1757469798983971,0.792770072970554,0.014535637915439326,0.006898148148148098,0.040152116968431906,0.3038545003412954,0.10198460521471361,0.1143292263355816,0.0,0.9999999987499999,0.6836655351281138,0.2817828880987999,0.2789469980653714,0.3810752694208079,surprised,08,14,14,female,strong,1618
60,2.0020000000000002,True,1.0,0.7416557197129312,0.7849308431970123,0.7632932814549718,0.6260060897880598,-0.05921296296296291,-0.0508333333333334,0.40893897680472857,0.23931891027944555,0.17871828314399807,1.219306479451968,0.043275123484081135,0.008379629629629515,0.04368499458061886,0.4383919887396689,0.11787252828348792,0.10804543436996823,0.0,0.9999999987499999,0.6213336909294968,0.27101249178998427,0.2912913875828148,0.346804457304611,surprised,08,14,14,female,strong,1618
70,2.3356666666666666,True,1.0,0.7610337253756353,0.8149853078668161,0.7880095166212258,0.7745386535376052,-0.060185185185185175,-0.05263888888888896,0.3354144718756911,0.24949546679649695,0.18012603010604572,1.0173921120942049,0.053951582491180816,0.007546296296296218,0.04175235290758308,0.29882348510539036,0.10725314977349137,0.11333659758670221,0.0,0.9999999987499999,0.6772898970916491,0.27972867620736225,0.2644821429730178,0.35323557398325584,surprised,08,14,14,female,strong,1618
80,2.6693333333333333,True,1.0,0.7219164968100529,0.7984934086629012,0.760204952736477,0.767947320119561,-0.05967592592592591,-0.053101851851851845,0.3714942428385313,0.24597663316349314,0.18209575803052955,0.989918100916247,0.07657691185284832,0.0065740740740740655,0.05145173176740839,0.3333740078087257,0.11688902617757864,0.10910868146467015,0.0,0.9999999987499999,0.6217330064603966,0.2691560109924852,0.28050859552272894,0.3321432506965361,surprised,08,14,14,female,strong,1618
90,3.003,True,1.0,0.727005600476428,0.796747163399211,0.7618763819378196,0.7725518031695254,-0.059444444444444466,-0.05254629629629631,0.3625647397869026,0.2668602929882775,0.18140189284711347,0.986181611138686,0.069741562922783,0.006898148148148153,0.04999213680484942,0.326104348029466,0.11041342123481027,0.11043279788395806,0.0,0.9999999987499999,0.6653291574911213,0.2796407909068119,0.26242096017550987,0.3632053553324893,surprised,08,14,14,female,strong,1618
100,3.336666666666667,True,1.0,0.7280519806849091,0.7985816759224871,0.7633168283036981,0.7205512247639122,-0.06092592592592594,-0.053657407407407376,0.3729072548978456,0.20863005658214584,0.18070803211393494,1.0593512328756334,0.07052969523757802,0.007268518518518563,0.050035779965043006,0.353315139153422,0.11861085816910605,0.10864642063412604,0.0,0.9999999987499999,0.621874822147609,0.2674462341853957,0.28603441562556053,0.33567368186465046,surprised,08,14,14,female,strong,1618
0,0.0,True,1.0,0.7324210826905493,0.735392213070193,0.7339066478803711,0.5092197819317863,-0.059398148148148144,-0.05347222222222231,0.387977609445729,0.18911435447246616,0.1709208442652337,1.4412375047493406,0.002971130379643694,0.0059259259259258346,0.014843448645302015,0.4829263123940882,0.1038680250184299,0.11312725982984705,0.0,0.9999999987499999,0.6859879316961159,0.2838270135203222,0.2476872055987592,0.3486499651115643,surprised,08,14,14,female,strong,1619
10,0.33366666666666667,True,1.0,0.7652928417892714,0.809532783979962,0.7874128128846167,0.5321357774809992,-0.06009259259259264,-0.054259259259259285,0.38097208693512447,0.19945355089134228,0.171614934594706,1.4797216165619171,0.044239942190690607,0.005833333333333357,0.01215309118486681,0.4562952551050411,0.10530135880711874,0.11331770779150341,0.0,0.9999999987499999,0.6859657522305797,0.2841335077130701,0.24957850177131885,0.34855894235428964,surprised,08,14,14,female,strong,1619
20,0.6673333333333333,True,1.0,0.7454162449787626,0.7744790661018696,0.7599476555403161,0.725401135135686,-0.0589351851851852,-0.052685185185185224,0.3815108839564389,0.2442033749139626,0.1736853628108891,1.0476240230836806,0.029062821123106986,0.006249999999999978,0.01366642077837293,0.3581060496031398,0.10347385717178936,0.1141574360685603,0.0,0.9999999987499999,0.6864696236463336,0.2850526426479128,0.2581378596867852,0.35702108725620757,surprised,08,14,14,female,strong,1619
30,1.0010000000000001,True,1.0,0.6490283173468193,0.6703567937500402,0.6596925555484298,0.7884585391895498,-0.059444444444444466,-0.05148148148148157,0.37850295219196717,0.24524261359863428,0.17716775714279095,0.8366864239006435,0.021328476403220886,0.007962962962962894,0.023260795770314518,0.35446113820958197,0.11214072971468454,0.11364857084477385,0.0,0.9999999987499999,0.627640866799845,0.27353786149190923,0.28306508713324574,0.33843345808411374,surprised,08,14,14,female,strong,1619
40,1.3346666666666667,True,1.0,0.6914076773612907,0.7383290529849793,0.714868365173135,0.8513503252974224,-0.05652777777777768,-0.05023148148148149,0.3606478963296234,0.36479082152241166,0.17727323036547302,0.8396876631525255,0.04692137562368859,0.006296296296296189,0.03207899125947612,0.3257965426538777,0.10577201161100996,0.1135516464692191,0.0,0.9999999987499999,0.6853307135744923,0.28343779410430797,0.27060302564747457,0.36435358357954123,surprised,08,14,14,female,strong,1619
50,1.6683333333333334,True,1.0,0.7330298633402349,0.7553178140288824,0.7441738386845587,0.9958083919041129,-0.05861111111111106,-0.05083333333333334,0.43176679012191377,0.3776862520031846,0.17802479854392464,0.7473062536273702,0.02228795068864753,0.007777777777777717,0.045609319820397606,0.3169628576628952,0.10680597338341051,0.11509013041402832,0.0,0.9999999987499999,0.6804284639246323,0.28325184274490206,0.28935169974845726,0.39514707994263465,surprised,08,14,14,female,strong,1619
60,2.0020000000000002,True,1.0,0.7476352671208839,0.7996490650705728,0.7736421660957283,0.9004990588885489,-0.05763888888888885,-0.04912037037037037,0.386237219323684,0.29745667842676604,0.17890942989383843,0.859126012914,0.052013797949688856,0.00851851851851848,0.04439476402026602,0.3001928965642316,0.10694987984360001,0.11395768331084913,0.0,0.9999999987499999,0.6759981551995798,0.2849615615349245,0.27340372017776937,0.3539111404369524,surprised,08,14,14,female,strong,1619
70,2.3356666666666666,True,1.0,0.740735438938307,0.7873178777460782,0.7640266583421926,0.7834261133589109,-0.06199074074074079,-0.05458333333333332,0.3677419689797759,0.26787330316742114,0.18237332826978164,0.9752376711907855,0.04658243880777124,0.007407407407407474,0.04989883252195805,0.33065851268962104,0.12277187729785141,0.1055584296286824,0.0,0.9999999987499999,0.6163795506093062,0.2653843482516835,0.30268033555709745,0.33899094585844414,surprised,08,14,14,female,strong,1619
80,2.6693333333333333,True,1.0,0.7646493077564666,0.8440740131300488,0.8043616604432577,0.7872922647876462,-0.06087962962962962,-0.051944444444444404,0.370776482593611,0.27127939148024044,0.18079878115456227,1.0216811423394532,0.07942470537358226,0.008935185185185213,0.05169423243244014,0.34436566835192106,0.11223008031896238,0.11032667394828306,0.0,0.9999999987499999,0.6624055233890431,0.27884933110865007,0.268493715803129,0.3627813137225539,surprised,08,14,14,female,strong,1619
90,3.003,True,1.0,0.7209756142504704,0.8011993358983489,0.7610874750744097,0.8131511360314895,-0.06388888888888883,-0.05407407407407411,0.3715354180350287,0.28481735625893556,0.1836593041949171,0.9359729592075936,0.0802237216478785,0.00981481481481472,0.04814942054697849,0.32292721019284243,0.11105342956183556,0.11151099360704242,0.0,0.9999999987499999,0.6630001631980917,0.2776512833148219,0.2666473734640814,0.36067511390286494,surprised,08,14,14,female,strong,1619
100,3.336666666666667,True,1.0,0.7486536375492688,0.8146282511526419,0.7816409443509553,0.7327735589070266,-0.06245370370370368,-0.05277777777777776,0.365825589625279,0.27272878486494584,0.18294316141040504,1.0666882488456833,0.06597461360337309,0.009675925925925921,0.04817603876607437,0.3574618537757745,0.11171698013701079,0.10963646578098615,0.0,0.9999999987499999,0.6655332926061049,0.27814869527733427,0.26764207375013643,0.35645789803589406,surprised,08,14,14,female,strong,1619
110,3.6703333333333332,True,1.0,0.7678137659775036,0.8297164257682225,0.798765095872863,0.7259427216076091,-0.06449074074074079,-0.055462962962962936,0.3628863206720214,0.2828314394211636,0.18355334403178744,1.1003142150168375,0.06190265979071885,0.009027777777777857,0.05355502986951139,0.35351589947321965,0.11161077991019298,0.11163787668479355,0.0,0.9999999987499999,0.6715488533382103,0.2748967931538403,0.2713689185494674,0.3657791787052592,surprised,08,14,14,female,strong,1619
0,0.0,True,1.0,0.7715899674610602,0.7657123223369112,0.7686511448989857,0.5280145627691283,-0.0637037037037036,-0.05796296296296294,0.371607202115394,0.26400728138456414,0.17917731201720288,1.4557385327932224,0.005877645124149011,0.005740740740740657,0.0067731026599988685,0.4875505721236363,0.10888867439888995,0.11176618038187616,0.0,0.9999999987499999,0.6772920502654187,0.28317963653175576,0.2612553042699289,0.3608552760847744,neutral,01,14,14,female,normal,1620
10,0.33366666666666667,True,1.0,0.7843156223711067,0.7759893838649302,0.7801525031180185,0.5326592470574979,-0.06435185185185177,-0.058379629629629615,0.3707467394550783,0.26619967493671004,0.17917731201720288,1.4646371154311435,0.008326238506176531,0.005972222222222157,0.008486411049562959,0.5005266723301982,0.10822187699905221,0.11241195589420688,0.0,0.9999999987499999,0.6809400806103693,0.2812947960663586,0.2602755736210505,0.35877503788424114,neutral,01,14,14,female,normal,1620
20,0.6673333333333333,True,1.0,0.2662639593889931,0.26989007485699557,0.26807701712299437,0.5360005754530903,-0.0830555555555556,-0.0748611111111111,0.3886694221240617,0.21155599793731245,0.17918199577107896,0.5001431517053584,0.0036261154680024554,0.008194444444444504,0.008217518745128037,0.459585185258431,0.10614862904488849,0.11453818135608906,0.0,0.9999999987499999,0.6777101222989197,0.2823419518908776,0.2548390646005382,0.35501712364021687,neutral,01,14,14,female,normal,1620
30,1.0010000000000001,True,1.0,0.6620567311522689,0.6631172806007457,0.6625870058765073,0.7427279722794499,-0.06935185185185183,-0.061666666666666536,0.4156625092177225,0.25198427895741,0.17708721081845535,0.8920991676710546,0.0010605494484767775,0.007685185185185295,0.014723035116299127,0.3319371213318406,0.10713391461594264,0.11277557819951632,0.0,0.9999999987499999,0.6806030449210934,0.282651119518815,0.26651556349600053,0.36485253509734933,neutral,01,14,14,female,normal,1620
40,1.3346666666666667,True,1.0,0.6509234167443229,0.655572871934647,0.6532481443394849,0.7247180950669384,-0.06648148148148142,-0.06245370370370368,0.3828236411024332,0.2770812425062116,0.17802479854392453,0.9013824117074761,0.004649455190324114,0.004027777777777741,0.007027599264514241,0.35346392074086486,0.10663345557361446,0.11341700401103472,0.0,0.9999999987499999,0.680280598755127,0.2820301606227224,0.2642130965113882,0.3636086761517704,neutral,01,14,14,female,normal,1620
50,1.6683333333333334,True,1.0,0.6665566198841519,0.6546733174121478,0.66061496864815,0.8125458155023376,-0.06856481481481491,-0.06300925925925921,0.39348420107023274,0.3098128510346568,0.17642392055103365,0.8130187320449618,0.011883302472004087,0.005555555555555702,0.0027078780606923387,0.32453636277260445,0.10615343944206268,0.11486592891656738,0.0,0.9999999987499999,0.6814559157725589,0.2812528350137898,0.2656699938240077,0.36468542429193623,neutral,01,14,14,female,normal,1620
60,2.0020000000000002,True,1.0,0.7074504859576841,0.703818473432485,0.7056344796950846,0.6377764892448248,-0.06601851851851859,-0.06060185185185191,0.3981776251130564,0.2713165377903612,0.17644121757180897,1.1063977609626356,0.0036320125251990687,0.005416666666666681,0.0010671894095037758,0.406798374724093,0.10866429876591358,0.11333721473112489,0.0,0.9999999987499999,0.6810011946575505,0.28038104258877883,0.26651235537763796,0.3660951086427717,neutral,01,14,14,female,normal,1620
70,2.3356666666666666,True,1.0,0.7221245336306411,0.7005793191920802,0.7113519264113606,0.6964193153954654,-0.06587962962962973,-0.060092592592592586,0.3658078443235165,0.2740440023081209,0.1778052414767488,1.0214419828482437,0.021545214438560945,0.005787037037037146,0.0004321785533183314,0.3715138067513184,0.10907072224324509,0.11311470092910962,0.0,0.9999999987499999,0.6840287185499199,0.27871785024854456,0.2659377969091671,0.3632683669426923,neutral,01,14,14,female,normal,1620
80,2.6693333333333333,True,1.0,0.7678095691252101,0.7609970134584656,0.7644032912918379,0.5245344766198454,-0.06634259259259262,-0.06046296296296294,0.36859792561141197,0.2695524393740872,0.1778052414767488,1.4572984720046087,0.006812555666744546,0.005879629629629679,0.0008990031518277486,0.4687499999999996,0.1081922277034236,0.11311622405036689,0.0,0.9999999987499999,0.684674137404962,0.2782412997163365,0.26147084634843615,0.3617892465566415,neutral,01,14,14,female,normal,1620
90,3.003,True,1.0,0.7555689953121849,0.7654745522649247,0.7605217737885548,0.4875219027202719,-0.06671296296296297,-0.061018518518518416,0.3744279874691568,0.25806451612903264,0.1778125358087713,1.5599745766190192,0.009905556952739758,0.0056944444444445574,0.005760491294926104,0.5127974735187316,0.11030002541625067,0.11140444590688825,0.0,0.9999999987499999,0.6837826526782588,0.27960996301478447,0.26424046896420916,0.363107522331112,neutral,01,14,14,female,normal,1620
100,3.336666666666667,True,1.0,0.7280098549843605,0.7530513354432857,0.7405305952138231,0.49384177888112357,-0.0670833333333335,-0.06129629629629635,0.38180632466576386,0.24688900691760018,0.17778464410025674,1.4995300658676793,0.02504148045892518,0.005787037037037146,0.00047747670202465413,0.4989684303504936,0.10892881411979502,0.11240708044346433,0.0,0.9999999987499999,0.6824362477490997,0.2802872338250041,0.26353344381112004,0.35890636686930294,neutral,01,14,14,female,normal,1620
0,0.0,True,1.0,0.7069735152305767,0.7507106893673506,0.7288421022989637,0.698539425918014,-0.06694444444444453,-0.060370370370370297,0.36900202614040245,0.31945313033198475,0.17361814221873412,1.0433800516572507,0.043737174136773915,0.006574074074074232,0.022259293852664976,0.3733360571024899,0.10538551131914635,0.11424446049907565,0.0,0.9999999987499999,0.6802660168129752,0.28250258793150645,0.25510487538756843,0.35173442489253925,neutral,01,14,14,female,normal,1621
10,0.33366666666666667,True,1.0,0.7669607238381744,0.8094415968574882,0.7882011603478313,0.683685487863906,-0.06763888888888892,-0.06009259259259264,0.36962477075085426,0.3045948452002646,0.1777885062901159,1.1528709828410604,0.0424808730193138,0.007546296296296273,0.014486060106585272,0.38144725847213057,0.1065631615270191,0.11331504447456123,0.0,0.9999999987499999,0.6833538461243872,0.28087990218893977,0.25893239541032353,0.35642037978430086,neutral,01,14,14,female,normal,1621
20,0.6673333333333333,True,1.0,0.2823374774586911,0.30050628361305165,0.29142188053587137,0.3689326748430558,-0.08185185185185184,-0.0730555555555556,0.3852947500246519,0.16314358427903178,0.17779322663045252,0.7899053144583694,0.01816880615436056,0.008796296296296247,0.018922401188429888,0.671617852290236,0.10669005138888756,0.11319558133431899,0.0,0.9999999987499999,0.6813537221998174,0.2806420157936969,0.25530235607113333,0.3557478687936725,neutral,01,14,14,female,normal,1621
30,1.0010000000000001,True,1.0,0.6849054676128088,0.7082015422752157,0.6965535049440122,0.682805854698996,-0.06777777777777771,-0.06069444444444433,0.4111265871230773,0.18378933862280764,0.17570139218256625,1.020134054432027,0.023296074662406907,0.007083333333333386,0.02560077290766868,0.3574051459429643,0.10564171770946515,0.11434132291287852,0.0,0.9999999987499999,0.685055918805022,0.2824053251123018,0.26341756430506746,0.36228670207584196,neutral,01,14,14,female,normal,1621
40,1.3346666666666667,True,1.0,0.6935699195074334,0.6963981832372959,0.6949840513723646,0.6401872403455131,-0.0672222222222223,-0.059027777777777735,0.4030084322510061,0.23314559718778127,0.1750854283673045,1.0855949753032836,0.002828263729862446,0.00819444444444456,0.025478205760834424,0.3913070324773893,0.10898673391056539,0.11302719098046755,0.0,0.9999999987499999,0.6724561141097064,0.28100850249190323,0.26752481004277073,0.359247801734306,neutral,01,14,14,female,normal,1621
50,1.6683333333333334,True,1.0,0.7216465571367857,0.7529539325040849,0.7373002448204353,0.6277226864350077,-0.0671296296296296,-0.059027777777777846,0.37738514763180814,0.1925809969378033,0.17849316768879112,1.1745636421199712,0.03130737536729922,0.008101851851851749,0.02057721845696621,0.3988724204331163,0.10849654128145314,0.1133298312531052,0.0,0.9999999987499999,0.6791794261923519,0.28090891671036367,0.263924719013899,0.35713493713848726,neutral,01,14,14,female,normal,1621
60,2.0020000000000002,True,1.0,0.7414810006120482,0.7408383835833788,0.7411596920977135,0.7194126928847239,-0.06833333333333347,-0.060740740740740706,0.3719510536442766,0.2516511601001704,0.18056231624629018,1.0302288233556012,0.0006426170286694122,0.007592592592592762,0.024104238257349732,0.3508366563569097,0.10790748048601763,0.114058010348321,0.0,0.9999999987499999,0.6806937348220539,0.2785963723809001,0.2694434496728324,0.36363548430134074,neutral,01,14,14,female,normal,1621
70,2.3356666666666666,True,1.0,0.7380414804876085,0.7684569088406682,0.7532491946641384,0.5186326684033817,-0.06763888888888886,-0.0598611111111112,0.37399266552464844,0.24479037380782165,0.17988825674602404,1.4523751405460577,0.03041542835305966,0.007777777777777661,0.02946638463848879,0.4873126845407399,0.1098753909048593,0.1123332385832199,0.0,0.9999999987499999,0.6865782815548095,0.27585648645499805,0.26427585547969806,0.3612743487018614,neutral,01,14,14,female,normal,1621
80,2.6693333333333333,True,1.0,0.7524051553954525,0.7680130111541665,0.7602090832748095,0.43580320472590733,-0.06703703703703706,-0.060185185185185286,0.36986163644164094,0.18871541147377513,0.18129208832451157,1.744386170250705,0.01560785575871404,0.006851851851851776,0.02792245222961855,0.5846497491129569,0.10936912663079791,0.11333165488817865,0.0,0.9999999987499999,0.6801998084702632,0.27861815510707727,0.2644977570116507,0.360624875393626,neutral,01,14,14,female,normal,1621
90,3.003,True,1.0,0.7288198269092272,0.7650416041370022,0.7469307155231146,0.4320839411616612,-0.06402777777777785,-0.05611111111111111,0.374019403439361,0.19413089493441615,0.1799124298787859,1.7286703910239878,0.036221777227774976,0.007916666666666738,0.02909377224583287,0.5999767801941229,0.1076663724057389,0.11311268138370663,0.0,0.9999999987499999,0.6785022200598989,0.2809120494796118,0.2622489754828107,0.36015071457998143,neutral,01,14,14,female,normal,1621
0,0.0,True,1.0,0.763507993711653,0.7804290002674755,0.7719684969895643,0.4250138327798855,-0.06513888888888891,-0.059583333333333266,0.3702406279390492,0.21246695232942564,0.17639580927478637,1.8163373458702612,0.016921006555822515,0.005555555555555647,0.015866059217966043,0.605121372422703,0.10969413122510009,0.11183085353229454,0.0,0.9999999987499999,0.6795368890212334,0.27933600648475737,0.26357088848262605,0.3593904241851436,neutral,01,14,14,female,normal,1622
10,0.33366666666666667,True,1.0,0.7915506956458346,0.7970312604574238,0.7942909780516292,0.43549710340101777,-0.0643981481481482,-0.05939814814814809,0.3747203237899673,0.23226512181387668,0.17709410391571503,1.8238720116588791,0.005480564811589206,0.0050000000000001155,0.01802176935959167,0.5634867887635979,0.10847156094220871,0.11200106699715298,0.0,0.9999999987499999,0.6775525139977867,0.2806124291148657,0.26145071449793245,0.35665016562498275,neutral,01,14,14,female,normal,1622
20,0.6673333333333333,True,1.0,0.4439089140277433,0.43643495208402816,0.44017193305588576,0.6848035519137101,-0.0779629629629629,-0.0702314814814815,0.40562515051271697,0.22821233427719614,0.17570139218256625,0.6427711010344619,0.007473961943715135,0.007731481481481395,0.01085647876102983,0.35502677663643034,0.10616656802403791,0.11368670341304903,0.0,0.9999999987499999,0.6767143579384879,0.28281824054826327,0.260453579035867,0.3541228943154215,neutral,01,14,14,female,normal,1622
30,1.0010000000000001,True,1.0,0.6983029187124302,0.7078802633872496,0.7030915910498399,0.7351158315252154,-0.06791666666666668,-0.06018518518518523,0.39508827149546233,0.27726169754877733,0.17573786330129443,0.956436470142492,0.00957734467481941,0.00773148148148145,0.02154144353712955,0.3546007121829435,0.10802320646199116,0.1129407687680715,0.0,0.9999999987499999,0.6793057128867172,0.2824558574174554,0.2686001477596499,0.3576413798997642,neutral,01,14,14,female,normal,1622
40,1.3346666666666667,True,1.0,0.2921872204269879,0.29293229437933205,0.29255975740316,0.6962719335605051,-0.08949074074074082,-0.07995370370370364,0.387822452260033,0.2643158503000825,0.17796693381460102,0.42018031074023887,0.000745073952344133,0.009537037037037177,0.03174900536201628,0.3535158994732202,0.10721948824571949,0.11336844282919345,0.0,0.9999999987499999,0.6783371915016005,0.28103833175563303,0.2651145858655892,0.35430398324481055,neutral,01,14,14,female,normal,1622
50,1.6683333333333334,True,1.0,0.6417967926744471,0.6768516302948216,0.6593242114846344,0.7512141298020251,-0.06912037037037044,-0.060416666666666674,0.4110153117515428,0.2568817574368672,0.17363923383335503,0.8776781284164512,0.035054837620374535,0.008703703703703769,0.031577405024303715,0.3273992413365614,0.10747979421068148,0.1137933746571483,0.0,0.9999999987499999,0.6811755514393256,0.2803025650329159,0.2734677974275548,0.37110151031427163,neutral,01,14,14,female,normal,1622
60,2.0020000000000002,True,1.0,0.693569919507432,0.7111111111111109,0.7023405153092714,0.6161478218389529,-0.06916666666666671,-0.06129629629629624,0.40241078163666333,0.26781027775724514,0.1750527438652865,1.1398896342976075,0.01754119160367895,0.007870370370370472,0.028619301135935714,0.4086465378727567,0.10844939649818602,0.11371053784023159,0.0,0.9999999987499999,0.6824018061287016,0.2782708928934174,0.27190494498253376,0.36697797712283586,neutral,01,14,14,female,normal,1622
70,2.3356666666666666,True,1.0,0.7086904307717945,0.7642705487660899,0.7364804897689422,0.6706592158345278,-0.06680555555555551,-0.059629629629629644,0.377013825094961,0.24964203306752247,0.18057625937153515,1.098144142927359,0.05558011799429541,0.007175925925925863,0.025676476207558634,0.38345945067794335,0.10912473576072408,0.1139020184169134,0.0,0.9999999987499999,0.6856898858527786,0.2749678698148363,0.27646160484249704,0.369654431855145,neutral,01,14,14,female,normal,1622
80,2.6693333333333333,True,1.0,0.6835495612957423,0.7230346257116003,0.7032920935036713,0.49789651649991334,-0.06722222222222224,-0.060046296296296264,0.39002123728301724,0.22809122457153685,0.17990352436566096,1.4125266399685559,0.03948506441585797,0.0071759259259259744,0.02583215524445725,0.48493411516968443,0.10970469900585796,0.11317531896632503,0.0,0.9999999987499999,0.6826998571303521,0.27518499342074554,0.2680527420117988,0.3621010710526932,neutral,01,14,14,female,normal,1622
90,3.003,True,1.0,0.7084420408090627,0.768456908840668,0.7384494748248653,0.47324278229707734,-0.06523148148148145,-0.05949074074074079,0.3871159155870234,0.2086693827860533,0.17853376924601208,1.5604030371905493,0.06001486803160527,0.005740740740740657,0.026619509032000603,0.5488153348698384,0.11159324215936214,0.11131362051414617,0.0,0.9999999987499999,0.681047073219913,0.2760311667663437,0.2720823993386377,0.3689906404593983,neutral,01,14,14,female,normal,1622
100,3.336666666666667,True,1.0,0.7115259916417136,0.7257050849812279,0.7186155383114707,0.43491589346723764,-0.06592592592592589,-0.059074074074074,0.3818072529779264,0.21030473546861353,0.18268942736057145,1.6523092145070213,0.014179093339514282,0.006851851851851887,0.02648765776226649,0.5811579653251543,0.11053994072657053,0.11150863452756288,0.0,0.9999999987499999,0.6807694323745124,0.27590990054238695,0.2702601312693481,0.36626622092408834,neutral,01,14,14,female,normal,1622
0,0.0,True,1.0,0.756546670681132,0.7805316791948397,0.7685391749379858,0.5570539046444293,-0.06800925925925927,-0.06282407407407409,0.3737829291582255,0.28573141864991697,0.173618142218734,1.3796495608958146,0.023985008513707662,0.005185185185185182,0.014595994475164211,0.46168773191628787,0.10783202910182947,0.11261692608698735,0.0,0.9999999987499999,0.6805333399609844,0.28068941914300927,0.2577305354253459,0.356126204224463,neutral,01,14,14,female,normal,1623
10,0.33366666666666667,True,1.0,0.7467829311005723,0.7533949663559765,0.7500889487282744,0.5808924158127604,-0.06893518518518515,-0.06314814814814823,0.37586751718289557,0.2903314022673445,0.17432131212675442,1.2912699982126317,0.006612035255404214,0.005787037037036924,0.0156824936936672,0.43862207074803866,0.10808660408751006,0.1128800974527095,0.0,0.9999999987499999,0.6786782652279663,0.280533301964449,0.25822059292698796,0.3560898244483121,neutral,01,14,14,female,normal,1623
20,0.6673333333333333,True,1.0,0.757926509937893,0.7802414596530703,0.7690839847954817,0.6251510950988781,-0.06782407407407404,-0.0618981481481482,0.3735260458024292,0.3124686247661188,0.17223816937956282,1.2302369632318058,0.022314949715177335,0.0059259259259258346,0.012519747481247694,0.3799426070352203,0.1084282891412309,0.11255192800702898,0.0,0.9999999987499999,0.6803044800107543,0.28090015697564613,0.25885921808708134,0.35690371751111893,neutral,01,14,14,female,normal,1623
30,1.0010000000000001,True,1.0,0.5110684628946893,0.4761299085328309,0.4935991857137601,0.850575743391647,-0.07370370370370366,-0.06569444444444444,0.3801564084384663,0.3387732474702465,0.17572223374872614,0.5803118529403944,0.03493855436185844,0.008009259259259216,0.010591240516597203,0.31506053770998266,0.1063725792906396,0.11399646010516853,0.0,0.9999999987499999,0.6781812932907537,0.28296042074218475,0.2649727312401267,0.3608999098655539,neutral,01,14,14,female,normal,1623
40,1.3346666666666667,True,1.0,0.6770713902409524,0.6964958260799324,0.6867836081604424,0.810600072101455,-0.06865740740740739,-0.06310185185185185,0.4018217667002968,0.3309950294414272,0.1770988427644487,0.8472533272541879,0.019424435838980014,0.005555555555555536,0.013729197406595041,0.30982360853036606,0.10646282251177427,0.11474539512239923,0.0,0.9999999987499999,0.6812533859872074,0.28006956360200713,0.2678578485571701,0.36387565615800943,neutral,01,14,14,female,normal,1623
50,1.6683333333333334,True,1.0,0.6036904559287732,0.6174222246533501,0.6105563402910616,0.6872715967733121,-0.06990740740740736,-0.06203703703703717,0.41934337021071316,0.21394986286737525,0.17364670316586828,0.8883770887049273,0.01373176872457682,0.007870370370370194,0.01691625068693902,0.350723955522669,0.10969976632880818,0.11233528091035178,0.0,0.9999999987499999,0.6844298787640056,0.2792260411986415,0.2704032900960485,0.3677309536451504,neutral,01,14,14,female,normal,1623
60,2.0020000000000002,True,1.0,0.7310011557227817,0.7107991689516204,0.7209001623372011,0.7013503027099107,-0.06999999999999995,-0.0635648148148148,0.39206087465035316,0.28184675395063663,0.17918199577107885,1.0278746006834998,0.02020198677116125,0.006435185185185155,0.01587410697549651,0.3550267766364311,0.10802130097660977,0.11344752426822116,0.0,0.9999999987499999,0.6842439677667942,0.27917178293421296,0.26709801495531993,0.36114543845750474,neutral,01,14,14,female,normal,1623
70,2.3356666666666666,True,1.0,0.719340497432692,0.7382297551789077,0.7287851263057998,0.6302553311886295,-0.06944444444444436,-0.0627314814814815,0.3584049756355104,0.2250710052772132,0.18056231624629018,1.1563331403025947,0.018889257746215637,0.006712962962962865,0.012823687160856878,0.3890870731751359,0.10839689608902253,0.11426190431618954,0.0,0.9999999987499999,0.6838612205976141,0.2769321156202895,0.26950302153167277,0.3624081875099942,neutral,01,14,14,female,normal,1623
80,2.6693333333333333,True,1.0,0.7303947876408877,0.7533949663559775,0.7418948769984326,0.3883684824042752,-0.06731481481481472,-0.060092592592592586,0.38605243894318575,0.19414506867882955,0.17711090471635124,1.9102860057169917,0.023000178715089747,0.00722222222222213,0.020264876875096535,0.6236652455615136,0.10972907343493113,0.11281443327582248,0.0,0.9999999987499999,0.6840511128357595,0.27497608588188654,0.26761235286725815,0.3633766950116259,neutral,01,14,14,female,normal,1623
90,3.003,True,1.0,0.6916712385333595,0.740603495147317,0.7161373668403384,0.38803282993444005,-0.06907407407407407,-0.06171296296296286,0.3862148430636293,0.20090503616710267,0.17710444305856665,1.845558704301729,0.0489322566139575,0.007361111111111207,0.021175510050843917,0.6236652455615136,0.11023377599383663,0.11249081958030856,0.0,0.9999999987499999,0.685079209949605,0.27500834628973203,0.2693969662034891,0.36398974126748107,neutral,01,14,14,female,normal,1623
100,3.336666666666667,True,1.0,0.7184533441045926,0.7257987819990125,0.7221260630518025,0.4110282296766589,-0.06749999999999995,-0.060185185185185175,0.3803826583973399,0.2125608267355802,0.17641008171331204,1.7568770486150622,0.007345437894419882,0.007314814814814774,0.01688440326632413,0.5828077442193729,0.10879960869043181,0.11303891042842021,0.0,0.9999999987499999,0.6861591703556422,0.27524629264516315,0.26595492606213783,0.36300046041768225,neutral,01,14,14,female,normal,1623
0,0.0,True,1.0,0.7060234142127592,0.6824743082745984,0.6942488612436788,0.49043096964745386,-0.06870370370370366,-0.05972222222222223,0.39088070774204503,0.21754484169977995,0.17259438068250113,1.415589357545547,0.02354910593816073,0.008981481481481424,0.03635892703855288,0.49053404462969563,0.10737737132672602,0.11338706523826454,0.0,0.9999999987499999,0.6760470254820679,0.28217374512023297,0.25650513607049624,0.3510812859618631,calm,02,14,14,female,normal,1624
10,0.33366666666666667,True,1.0,0.6723739355423909,0.7031086691046607,0.6877413023235258,0.4843118952915632,-0.07069444444444434,-0.06115740740740738,0.39706192562133563,0.20091562459996792,0.17460119160988954,1.4200380147786686,0.030734733562269856,0.009537037037036955,0.04508702524969642,0.5046838803463255,0.1087157238764573,0.11244387806256015,0.0,0.9999999987499999,0.6804781802564777,0.28120434990453025,0.2638021666360604,0.3563884798695457,calm,02,14,14,female,normal,1624
20,0.6673333333333333,True,1.0,0.3090214032931857,0.27685906775149416,0.29294023552233994,0.41744353655650623,-0.08467592592592588,-0.07115740740740745,0.4195285190303262,0.11932672417727733,0.17752396160643896,0.7017481644075876,0.03216233554169157,0.01351851851851843,0.047559659498437594,0.5713589076964242,0.10755136727984461,0.11288499429961942,0.0,0.9999999987499999,0.6765806240386779,0.2829398704814746,0.26151564069193406,0.3496316815343974,calm,02,14,14,female,normal,1624
30,1.0010000000000001,True,1.0,0.5084366080824126,0.5636216440999621,0.5360291260911874,0.6732867114793194,-0.06824074074074066,-0.05523148148148138,0.43965397472932816,0.188079168604925,0.17023684910191716,0.7961379854259191,0.05518503601754943,0.013009259259259276,0.07778846687039745,0.37407318674808837,0.1065466359136728,0.11466757455587515,0.0,0.9999999987499999,0.6783963644754778,0.28086555862818324,0.27798993955425627,0.377050205986938,calm,02,14,14,female,normal,1624
40,1.3346666666666667,True,1.0,0.44270760175677004,0.4841031714177114,0.46340538658724073,0.6103698073230334,-0.06745370370370374,-0.054537037037036995,0.4215555417603277,0.21201221640933654,0.16999511733900485,0.7592206905181781,0.04139556966094138,0.012916666666666743,0.09879243930730651,0.39944529181910127,0.10867022380404559,0.11282608158281471,0.0,0.9999999987499999,0.6770321340333009,0.27954808635818423,0.2889164790565909,0.3930672405293021,calm,02,14,14,female,normal,1624
50,1.6683333333333334,True,1.0,0.5248109042554553,0.5397535013341923,0.5322822027948237,0.8035772823466996,-0.06930555555555562,-0.053379629629629555,0.4299390434602325,0.28348781747224605,0.16707226602513456,0.6623908048276222,0.014942597078737019,0.015925925925926065,0.10545355430666702,0.33395477152998804,0.10913201898020351,0.11489431610500478,0.0,0.9999999987499999,0.6712542028686475,0.2801175654526508,0.2908039800192967,0.39008697197347314,calm,02,14,14,female,normal,1624
60,2.0020000000000002,True,1.0,0.23866317939339787,0.2277347276829895,0.2331989535381937,0.7097889299375237,-0.08013888888888893,-0.06361111111111112,0.4352949074350443,0.24749226219703768,0.16812567250865137,0.32854690134251613,0.010928451710408377,0.016527777777777808,0.10976093430077719,0.3896207830904197,0.10569592544579119,0.1142912157191572,0.0,0.9999999987499999,0.6784061908982343,0.27678083815723525,0.28230140689347794,0.3913513273332537,calm,02,14,14,female,normal,1624
70,2.3356666666666666,True,1.0,0.38843386202361346,0.4155426041733173,0.4019882330984654,0.4575272146897185,-0.0681018518518518,-0.049814814814814756,0.44181489094493365,0.11989654406705018,0.16080302747757547,0.8786105398584474,0.027108742149703824,0.018287037037037046,0.1496999376401794,0.5509076325817025,0.10913414027098609,0.11049677928108428,0.0,0.9999999987499999,0.677092342601103,0.2749621305415138,0.2808924292276773,0.3769410986634534,calm,02,14,14,female,normal,1624
80,2.6693333333333333,True,1.0,0.4023431591113394,0.4516539303631901,0.42699854473726473,0.6135326751141577,-0.06819444444444445,-0.0524074074074074,0.4440855433465955,0.158779576495725,0.16504859171709724,0.6959670805761319,0.04931077125185074,0.015787037037037044,0.14927644019814185,0.43116719400918097,0.10757802416554232,0.11201235432112508,0.0,0.9999999987499999,0.6811676470822704,0.2728337804864125,0.292848704377897,0.4042010009066942,calm,02,14,14,female,normal,1624
90,3.003,True,1.0,0.1802510556577658,0.14834641193823525,0.16429873379800053,0.3824144117090846,-0.08351851851851849,-0.06398148148148153,0.425268388187541,0.11632516545336488,0.165844058498112,0.4296353086268832,0.03190464371953056,0.019537037037036964,0.14913667073198206,0.6540868262709408,0.10827826955836917,0.11286518804808263,0.0,0.9999999987499999,0.6766125132631179,0.2750615932653086,0.27305989565512484,0.36888775544716657,calm,02,14,14,female,normal,1624
100,3.336666666666667,True,1.0,0.45297637788468786,0.48361523409874885,0.4682958059917184,0.3862796134574371,-0.0660648148148148,-0.04810185185185184,0.4258811899980572,0.08952450001558052,0.16653034993358337,1.2123233783946985,0.030638856214060983,0.01796296296296296,0.16125663504950685,0.5998740967080802,0.11002815468501705,0.11081665765300115,0.0,0.9999999987499999,0.6771336621836235,0.2736339249853252,0.279160738593223,0.37011922716851803,calm,02,14,14,female,normal,1624
110,3.6703333333333332,True,1.0,0.4599518490504227,0.5236934345817427,0.4918226418160827,0.4107709521026313,-0.06837962962962962,-0.05180555555555555,0.41647435710467207,0.08722699483003882,0.17031391578299293,1.197316020761859,0.06374158553131998,0.016574074074074074,0.16550988585675563,0.5862730112985826,0.11008204701591941,0.10955246108132609,0.0,0.9999999987499999,0.6854115838679221,0.2711271690167406,0.2810365877261619,0.38629657246209936,calm,02,14,14,female,normal,1624
0,0.0,True,1.0,0.6799594217112307,0.7045027330087958,0.6922310773600133,0.530702991595064,-0.06078703703703697,-0.05435185185185187,0.41941377860210094,0.11936097424298431,0.17503530963534358,1.3043662619640897,0.02454331129756515,0.006435185185185099,0.024839162427475966,0.44982212700266205,0.10636836814850796,0.11265548019697019,0.0,0.9999999987499999,0.6816901624868696,0.28271851407391024,0.26082904425545167,0.36430368851062994,calm,02,14,14,female,normal,1625
10,0.33366666666666667,True,1.0,0.5843575597310056,0.5923045778283235,0.5883310687796646,0.5824013508821135,-0.06532407407407403,-0.05652777777777779,0.39923084294808553,0.15933847696011608,0.1729607828386932,1.0101814974992243,0.007947018097317904,0.008796296296296247,0.02914281495792507,0.4422483343554771,0.11709319019977378,0.1088895478026449,0.0,0.9999999987499999,0.6253010385326006,0.27098963878291726,0.27862092433144237,0.3431057281953288,calm,02,14,14,female,normal,1625
20,0.6673333333333333,True,1.0,0.6286673162488682,0.643376004480625,0.6360216603647466,0.5635722269737483,-0.06398148148148136,-0.05486111111111114,0.42080236720874303,0.13096249932330206,0.1743685732974289,1.1285539455697362,0.014708688231756861,0.009120370370370223,0.03682187479630699,0.4338505339689917,0.11613684665339034,0.10903880925309967,0.0,0.9999999987499999,0.6237147564260078,0.2700974396151041,0.27784700759842396,0.3412665912606342,calm,02,14,14,female,normal,1625
30,1.0010000000000001,True,1.0,0.576341535398119,0.5812842645640145,0.5788128999810668,0.7081018551164389,-0.06245370370370368,-0.05203703703703705,0.45445087932285094,0.13786330306534844,0.17722286935101506,0.8174147487382135,0.004942729165895443,0.01041666666666663,0.042706742155052976,0.38429444542774993,0.11675464564551608,0.10907794270355997,0.0,0.9999999987499999,0.6218650040719413,0.27084898150905273,0.30082051819149713,0.36441484555814346,calm,02,14,14,female,normal,1625
40,1.3346666666666667,True,1.0,0.5396812704454076,0.5806993358092699,0.5601903031273388,0.6815874718595779,-0.062361111111111034,-0.051296296296296284,0.3926301093835377,0.22469647559015704,0.1765795327415452,0.821890551478256,0.04101806536386232,0.01106481481481475,0.05674876283174163,0.3793877883311235,0.10574768656303479,0.11137221522947341,0.0,0.9999999987499999,0.6767482114486418,0.28241685684711787,0.2722313215614252,0.3619514294464259,calm,02,14,14,female,normal,1625
50,1.6683333333333334,True,1.0,0.4935377346307379,0.5132941892122553,0.5034159619214966,0.8588806345062318,-0.06560185185185191,-0.053796296296296287,0.39666572207218936,0.3344555258505713,0.17160293092747084,0.586130297618026,0.019756454581517424,0.011805555555555625,0.07842569129887811,0.31221369155133827,0.1050806295009499,0.11234150051139848,0.0,0.9999999987499999,0.6795510880289616,0.2788678999407242,0.2801885217817077,0.38807065126253093,calm,02,14,14,female,normal,1625
60,2.0020000000000002,True,1.0,0.5720053853186455,0.5963317804209354,0.5841685828697905,0.7007116183287004,-0.06537037037037036,-0.053333333333333344,0.41986904097540984,0.2494500621144366,0.17264741755975127,0.8336790308445546,0.024326395102289844,0.012037037037037013,0.07487033538980033,0.3908498610226001,0.10744586288281553,0.11230890125423575,0.0,0.9999999987499999,0.6750581401076057,0.28191864784439236,0.27783664961657506,0.37305800792992627,calm,02,14,14,female,normal,1625
70,2.3356666666666666,True,1.0,0.5590770809763738,0.616937984904184,0.5880075329402789,0.5668820887920646,-0.06481481481481477,-0.052314814814814814,0.3868218635502238,0.18117515895400702,0.17478156341680168,1.0372660286255104,0.05786090392781018,0.012499999999999956,0.08437301480902008,0.46965738736917445,0.10944958662299141,0.11070184567049295,0.0,0.9999999987499999,0.6745346774491046,0.2792878901954168,0.2736630874849867,0.3610271732609676,calm,02,14,14,female,normal,1625
80,2.6693333333333333,True,1.0,0.22900552072423133,0.23746434525456991,0.23323493298940062,0.5495763676533295,-0.0817129629629631,-0.06763888888888892,0.4145446621934801,0.13628493273971665,0.1746011916098896,0.42439039725326083,0.008458824530338582,0.014074074074074183,0.0935353438782053,0.4518699879786018,0.108229472043311,0.11189500448150794,0.0,0.9999999987499999,0.6749506333549044,0.2766643530908516,0.2688845722609253,0.3664610797943844,calm,02,14,14,female,normal,1625
90,3.003,True,1.0,0.5825616705241202,0.6364010754565752,0.6094813729903477,0.5290744494229385,-0.06402777777777785,-0.05314814814814822,0.3969682703730896,0.1380114353549001,0.17941177516942533,1.1519765765576262,0.05383940493245498,0.010879629629629628,0.0862459594154974,0.47759000392598605,0.1095247825256116,0.10924102287827894,0.0,0.9999999987499999,0.6730832439694628,0.2796836090318181,0.2708601480878124,0.36298904572522767,calm,02,14,14,female,normal,1625
100,3.336666666666667,True,1.0,0.5749906443715661,0.6710507174425966,0.6230206809070813,0.5206512739090314,-0.0621296296296297,-0.052453703703703725,0.40493983891413254,0.09039288940081151,0.18079878115456233,1.1966179900597649,0.09606007307103048,0.009675925925925977,0.09126481017965121,0.5104651147483676,0.10766265785667652,0.1095221239834063,0.0,0.9999999987499999,0.6748022298138006,0.2806433712022312,0.27152458924542006,0.35970549769920673,calm,02,14,14,female,normal,1625
0,0.0,True,1.0,0.761449571071216,0.7521221215428269,0.7567858463070214,0.42446013696347384,-0.06453703703703706,-0.06027777777777776,0.4094403328418665,0.17241029612875367,0.17161493459470595,1.7829373842287226,0.009327449528389153,0.004259259259259296,0.002093368824198522,0.544837706669452,0.10706528081744814,0.11267177283859672,0.0,0.9999999987499999,0.6866769673885179,0.2811888445409621,0.25774759322587526,0.3547717362408454,calm,02,14,14,female,normal,1626
10,0.33366666666666667,True,1.0,0.7194335069373068,0.735425784965656,0.7274296459514814,0.39785115378464647,-0.06560185185185186,-0.05768518518518517,0.4029869878431471,0.1520824767970769,0.17317062174662054,1.8283964719761328,0.01599227802834924,0.007916666666666683,0.03326811326566118,0.5881376047643737,0.10764331619042584,0.11296609654534699,0.0,0.9999999987499999,0.6815644242853391,0.28449788720623786,0.2566026419059223,0.3552567790685053,calm,02,14,14,female,normal,1626
20,0.6673333333333333,True,1.0,0.48892712452609477,0.502668899731881,0.4957980121289879,0.43995241259754736,-0.06875000000000003,-0.05777777777777765,0.39906795013685453,0.11252292195611732,0.17670392382661576,1.1269355456007604,0.013741775205786233,0.010972222222222383,0.07388687080907075,0.6127985793006874,0.1076913256808213,0.11275148298292717,0.0,0.9999999987499999,0.6848852500844088,0.2807453088739284,0.2641858034481713,0.36242032245988925,calm,02,14,14,female,normal,1626
30,1.0010000000000001,True,1.0,0.5407622921772329,0.5706843560387078,0.5557233241079704,0.7369659349219313,-0.06833333333333325,-0.0560648148148149,0.3950756044665115,0.2291487594109112,0.1723355921658683,0.7540692151080763,0.02992206386147489,0.012268518518518345,0.09644775244427532,0.3338568154277847,0.10681991510677478,0.1125664274682184,0.0,0.9999999987499999,0.6797295180728541,0.2772141580761236,0.2750532335908597,0.3812497377207798,calm,02,14,14,female,normal,1626
40,1.3346666666666667,True,1.0,0.408196737283238,0.4372667991431528,0.4227317682131954,0.6124736610274543,-0.07398148148148148,-0.05935185185185182,0.40036365647595,0.23445318399352644,0.1633658012246309,0.6902039958812961,0.029070061859914786,0.014629629629629659,0.10433671818965415,0.3864237639851563,0.10711725892148494,0.11496630314028862,0.0,0.9999999987499999,0.6749947360428549,0.28265873933724545,0.2636215681150965,0.3610681783780382,calm,02,14,14,female,normal,1626
50,1.6683333333333334,True,1.0,0.4387640729264089,0.48754864983344964,0.46315636137992927,0.5282187050260282,-0.07249999999999995,-0.056712962962962965,0.4227948716922278,0.1532719681017916,0.16373398638979433,0.8768268843434975,0.048784576907040744,0.01578703703703699,0.13340225969804434,0.47085329187383723,0.10694322926068799,0.1095311529374303,0.0,0.9999999987499999,0.6772208071822478,0.2797901601508709,0.2720625311506751,0.37944509005544896,calm,02,14,14,female,normal,1626
60,2.0020000000000002,True,1.0,0.462425652483349,0.45952629836005676,0.4609759754217029,0.5104237353218245,-0.0689351851851851,-0.052546296296296424,0.3902408853930587,0.2730392380361029,0.16440592386239153,0.9031240977284402,0.0028993541232922304,0.016388888888888675,0.14593719654325937,0.5146864241443804,0.10847944534054849,0.11182318423657556,0.0,0.9999999987499999,0.6836244153286315,0.2746842418061886,0.2791641030177212,0.3807512499367157,calm,02,14,14,female,normal,1626
70,2.3356666666666666,True,1.0,0.4334419514059675,0.4800701679165073,0.4567560596612374,0.5934783283067814,-0.06796296296296295,-0.053472222222222254,0.38046427285318296,0.2021064878373456,0.16574979284198363,0.7696255075806755,0.04662821651053983,0.014490740740740693,0.16174741674725027,0.4187604700373119,0.10577702402063514,0.10996696389253394,0.0,0.9999999987499999,0.6813175286911639,0.27432397690505456,0.2707958725128709,0.3853147256922163,calm,02,14,14,female,normal,1626
80,2.6693333333333333,True,1.0,0.4794562821542928,0.5392063034009719,0.5093312927776323,0.35396159675842775,-0.06671296296296292,-0.05240740740740746,0.3920959625425415,0.11193248499867106,0.17282762119935025,1.4389450647812552,0.05975002124667905,0.01430555555555546,0.15893852260726826,0.7062913103836536,0.10787990534577435,0.1073737683911999,0.0,0.9999999987499999,0.6769336401201106,0.27793182829609503,0.27360191488043123,0.37718207149893523,calm,02,14,14,female,normal,1626
90,3.003,True,1.0,0.4929986871052503,0.5676730948051366,0.5303358909551934,0.36324008653206274,-0.06833333333333336,-0.05277777777777792,0.38858599872692706,0.11800100651651427,0.17068732137555293,1.460014768795022,0.07467440769988631,0.015555555555555434,0.16538116550717613,0.6412537507432868,0.10957644314050029,0.10813722064985581,0.0,0.9999999987499999,0.6768004158772886,0.27584570134514014,0.27574911166372107,0.38118185322841613,calm,02,14,14,female,normal,1626
100,3.336666666666667,True,1.0,0.47185497378745994,0.5452179977894984,0.5085364857884792,0.34623015457371625,-0.06657407407407412,-0.05472222222222223,0.3912683919216092,0.0600343325706685,0.17619571337068468,1.4687816155545346,0.07336302400203848,0.011851851851851891,0.18829180498572898,0.6822995167449478,0.10980854827321275,0.10754780431283881,0.0,0.9999999987499999,0.6753181104316726,0.272183706758503,0.265333353531486,0.3750750435385045,calm,02,14,14,female,normal,1626
0,0.0,True,1.0,0.536684102940062,0.5873883754799522,0.5620362392100071,0.4601912518910857,-0.06884259259259262,-0.05203703703703705,0.3828379723996108,0.22448353750784664,0.16132108955641056,1.2213101333421812,0.05070427253989018,0.016805555555555574,0.14106119769562026,0.50687284318258,0.1079441831033676,0.11368860764531481,0.0,0.9999999987499999,0.6818087655609119,0.2764121662927153,0.2668883431004015,0.3678983929274656,calm,02,14,14,female,normal,1627
10,0.33366666666666667,True,1.0,0.5430489881669979,0.5873316548210245,0.5651903214940112,0.45547265617113236,-0.0702314814814815,-0.051851851851851816,0.39344438005917315,0.17921647397744297,0.16057892813684763,1.2408874909093448,0.04428266665402658,0.01837962962962969,0.14500249302047366,0.533897500269168,0.10933772802694341,0.11064026359870577,0.0,0.9999999987499999,0.684009983438688,0.27687883090980653,0.274705528128186,0.3726392776209334,calm,02,14,14,female,normal,1627
20,0.6673333333333333,True,1.0,0.16172939392549834,0.1718646861770285,0.16679704005126342,0.5257560655487474,-0.08643518518518528,-0.06856481481481486,0.4430339497729223,0.13702149976915182,0.16280022661287813,0.3172517655638881,0.010135292251530148,0.017870370370370425,0.13687454162036855,0.4918867211779664,0.10706384352193456,0.11317927373841674,0.0,0.9999999987499999,0.6874447546987545,0.27507460467211964,0.28756876214908217,0.39239079728009607,calm,02,14,14,female,normal,1627
30,1.0010000000000001,True,1.0,0.34099464241205374,0.3418390448504526,0.34141684363125313,0.7522242508071568,-0.08050925925925928,-0.06421296296296286,0.38944256009996125,0.3209260373530112,0.15753881682934823,0.4538764115420417,0.0008444024383988391,0.01629629629629642,0.13191884754245958,0.3121375810407114,0.10632664492865478,0.11336907572021993,0.0,0.9999999987499999,0.6801739107908789,0.2762135603115922,0.27653064291563884,0.3855822018671859,calm,02,14,14,female,normal,1627
40,1.3346666666666667,True,1.0,0.42176651202400894,0.4375813400804183,0.42967392605221366,0.6264932300243607,-0.07296296296296295,-0.059398148148148144,0.4051076361996586,0.24710365771920403,0.16885169461806004,0.6858396954034222,0.01581482805640938,0.013564814814814807,0.14124067291871747,0.3773386317482076,0.10192066433555272,0.10875099819359806,0.0,0.7840800073494134,0.6876332067123725,0.2747955677668152,0.2646900185609437,0.3781729409023951,calm,02,14,14,female,normal,1627
50,1.6683333333333334,True,1.0,0.387465685022918,0.405642266686801,0.3965539758548595,0.5855879824534848,-0.07092592592592584,-0.05532407407407414,0.46001991430318034,0.15454801933091591,0.1623821356389231,0.6771894023394839,0.018176581663882974,0.0156018518518517,0.14695212891280918,0.41094959714701434,0.10417147830456575,0.11011350273858332,0.0,0.9999999987499999,0.6875312720244348,0.27843779767149096,0.28049100712835584,0.4014052744471118,calm,02,14,14,female,normal,1627
60,2.0020000000000002,True,1.0,0.46080760980111085,0.47489261028743635,0.46785011004427357,0.6013035300186031,-0.0735648148148148,-0.057592592592592695,0.4174648346318854,0.2846018974435622,0.1609982208301075,0.7780598095437744,0.014085000486325494,0.01597222222222211,0.1391347539446832,0.4255235630467963,0.10378159989186454,0.10978908921884402,0.0,0.9999999987499999,0.6835932944662241,0.27753816587881336,0.2754117039946598,0.3888727907493776,calm,02,14,14,female,normal,1627
70,2.3356666666666666,True,1.0,0.43800800503865817,0.4411410221262287,0.4395745135824434,0.6145481784119753,-0.07138888888888889,-0.05726851851851855,0.3658320675429656,0.2300806121003156,0.16301048497839216,0.7152808014472145,0.003133017087570522,0.014120370370370339,0.17773373782084165,0.3880433103916463,0.10819307111328319,0.10723601739350413,0.0,0.9999999987499999,0.6848472068827531,0.2757838874776338,0.2770329255599456,0.3909021663740644,calm,02,14,14,female,normal,1627
80,2.6693333333333333,True,1.0,0.42278314930699923,0.4618502349343136,0.4423166921206564,0.49983633968793195,-0.0692592592592593,-0.05138888888888893,0.39328876148779296,0.15229009052769157,0.1646025670111845,0.8849230378023587,0.03906708562731437,0.01787037037037037,0.18035220312586628,0.48530017164145184,0.1091711986093314,0.10837066405611083,0.0,0.9999999987499999,0.6731609368122249,0.2779568463112422,0.28621580403236063,0.38978920390566457,calm,02,14,14,female,normal,1627
90,3.003,True,1.0,0.45487586299875093,0.4813339101832641,0.4681048865910075,0.4769656769696044,-0.06745370370370368,-0.05050925925925931,0.390856032125909,0.12384770952229178,0.1693259848276455,0.981422582784376,0.026458047184513167,0.016944444444444373,0.18640937574728583,0.5267776597343102,0.1106818360240601,0.108946454641304,0.0,0.9999999987499999,0.6712133322391457,0.2707351195460538,0.2768231327780421,0.388962623803961,calm,02,14,14,female,normal,1627
100,3.336666666666667,True,1.0,0.4974025044058578,0.574967066257488,0.5361847853316729,0.4929373457280254,-0.067962962962963,-0.05365740740740743,0.3872246027216927,0.14117168279404757,0.17358646200885522,1.087734151162304,0.07756456185163013,0.014305555555555571,0.1648388543789642,0.46460796048769165,0.11039614075245979,0.10853605447554296,0.0,0.9999999987499999,0.6705801181879002,0.27267812978407385,0.27516064122820016,0.38762352293348307,calm,02,14,14,female,normal,1627
0,0.0,True,1.0,0.6859307479495828,0.6954943712066878,0.6907125595781353,0.4305849010816991,-0.06421296296296297,-0.058935185185185146,0.3987678908614923,0.17359436863447078,0.17152777777777772,1.604126289247378,0.009563623257105025,0.005277777777777826,0.0030890526971260233,0.5624074221755851,0.1051869639456428,0.11173156316125686,0.0,0.9999999987499999,0.6848091449079632,0.28205492535084525,0.253083383974446,0.35353849390432446,calm,02,14,14,female,strong,1628
10,0.33366666666666667,True,1.0,0.6771103197951369,0.6811046138461567,0.6791074668206468,0.4273368527406863,-0.064537037037037,-0.058611111111111,0.3993147981794623,0.16531189615564607,0.17014068256565848,1.5891619514330497,0.003994294051019809,0.005925925925926001,0.009946061934625596,0.5621299627227355,0.10453141605928125,0.11302140698637281,0.0,0.9999999987499999,0.6799055640771934,0.2837322086521316,0.2507305685983729,0.3514455730798621,calm,02,14,14,female,strong,1628
20,0.6673333333333333,True,1.0,0.30211696524527853,0.274175160402369,0.28814606282382377,0.4982713103000997,-0.07467592592592592,-0.06745370370370357,0.4086996022159269,0.1818016942986853,0.17570139218256625,0.578291498762549,0.027941804842909534,0.007222222222222352,0.0011909968688999801,0.5479642249443337,0.10588399813059618,0.11311085668974215,0.0,0.9999999987499999,0.6810197443664966,0.28271964703183133,0.2549124876587576,0.3552888874521017,calm,02,14,14,female,strong,1628
30,1.0010000000000001,True,1.0,0.5982089181773896,0.6057942503586644,0.6020015842680271,0.6616179578080827,-0.06430555555555545,-0.059074074074074,0.42426572248116473,0.1686374578489994,0.17502789956175557,0.9098930540858313,0.007585332181274773,0.005231481481481448,0.0027453160575811922,0.4080634160152147,0.10476320907871767,0.11331212312425075,0.0,0.9999999987499999,0.6822341433839161,0.28453640018957,0.25788242139899886,0.36005965247554383,calm,02,14,14,female,strong,1628
40,1.3346666666666667,True,1.0,0.5663449636870396,0.5547257131209938,0.5605353384040167,0.6358358896558597,-0.06333333333333341,-0.057361111111111085,0.4228687398736104,0.20111850964809405,0.17500043596485873,0.8815723483419617,0.011619250566045736,0.005972222222222323,0.00022734529626074128,0.4361957495804361,0.10622396823613103,0.11413495132321781,0.0,0.9999999987499999,0.6781901435652385,0.2835079183344389,0.2662866026352512,0.3628410164227628,calm,02,14,14,female,strong,1628
50,1.6683333333333334,True,1.0,0.2143087404761277,0.17334665987007,0.19382770017309886,0.6828541409245298,-0.08611111111111114,-0.07949074074074075,0.38217264079873453,0.19911111111111154,0.1771044430585666,0.2838493443280167,0.04096208060605769,0.0066203703703703876,0.0025555032341665032,0.3637782302612393,0.10711631071381554,0.11279229884180997,0.0,0.9999999987499999,0.6817627446056547,0.2823953977807437,0.2623023027029927,0.3554680157436377,calm,02,14,14,female,strong,1628
60,2.0020000000000002,True,1.0,0.5626134651813026,0.5747544416554202,0.5686839534183614,0.6319230344700243,-0.06555555555555553,-0.06175925925925929,0.41018331139124364,0.21062654940910974,0.17225810125013313,0.8999259757880171,0.012140976474117604,0.003796296296296242,0.01068308591322311,0.3989543974578607,0.1066412923911154,0.11324151825187716,0.0,0.9999999987499999,0.6832727452543518,0.2808334460257003,0.2599559849868069,0.3612091997791753,calm,02,14,14,female,strong,1628
70,2.3356666666666666,True,1.0,0.6430656880398556,0.636023564564687,0.6395446263022713,0.6686583580833559,-0.06685185185185183,-0.06087962962962956,0.4250884969619952,0.22497661039192451,0.1764165688036608,0.956459481244598,0.007042123475168638,0.005972222222222268,0.007878405822618843,0.37900516755187036,0.10624223338020675,0.1136159959911911,0.0,0.9999999987499999,0.6832917802824254,0.2780455793596784,0.263598785357907,0.3598720906672322,calm,02,14,14,female,strong,1628
80,2.6693333333333333,True,1.0,0.617172565502394,0.630860846246881,0.6240167058746375,0.6252269279560285,-0.06393518518518515,-0.060277777777777874,0.3824235561340112,0.18459043095029554,0.17580557530590993,0.9980643474756479,0.013688280744487025,0.003657407407407276,0.007025189117234029,0.3966663408957922,0.107439902411276,0.11332781567729193,0.0,0.9999999987499999,0.6845396984653236,0.2780570518459517,0.2608919968377847,0.35843230383410096,calm,02,14,14,female,strong,1628
90,3.003,True,1.0,0.6901929839265563,0.6619565284964871,0.6760747562115217,0.5129033439135133,-0.06287037037037035,-0.05884259259259267,0.40211082633578976,0.1888816332980446,0.17574697989839716,1.3181328689592684,0.02823645543006914,0.004027777777777686,0.012627195149319979,0.5058123521132541,0.10868161986375506,0.11230732784506066,0.0,0.9999999987499999,0.681153986657163,0.2771531369836567,0.26180523495493974,0.35965058103160985,calm,02,14,14,female,strong,1628
100,3.336666666666667,True,1.0,0.6350856187564852,0.6492397774742596,0.6421626981153724,0.5196347601687743,-0.06472222222222218,-0.060972222222222205,0.4076484125853243,0.18653555493237975,0.17715612972166692,1.2357962694928295,0.014154158717774479,0.0037499999999999756,0.0065642664514646305,0.46225016352102444,0.10723193684254112,0.11318847230210784,0.0,0.9999999987499999,0.683193209103954,0.2774894678960815,0.2595201919098545,0.36098382291865255,calm,02,14,14,female,strong,1628
110,3.6703333333333332,True,1.0,0.32183908045977033,0.32980257248569167,0.32582082647273103,0.4782164020521225,-0.07819444444444457,-0.07240740740740742,0.4179081862827823,0.1486176542397473,0.17920924427469404,0.6813250760002554,0.007963492025921337,0.005787037037037146,0.005783648533757418,0.5175381947209791,0.10861342683373028,0.11237327927841163,0.0,0.9999999987499999,0.6840851607986944,0.27647536059477296,0.26048767327676314,0.3607876779371781,calm,02,14,14,female,strong,1628
0,0.0,True,1.0,0.6676181887912244,0.7160644136891304,0.6918413012401774,0.4799947530995949,-0.063888888888889,-0.05638888888888893,0.3986436746075649,0.13698223481029329,0.17644121757180892,1.4413517997281653,0.048446224897906065,0.007500000000000062,0.039396025392653584,0.5008987274892801,0.10501714408867949,0.11257022176430952,0.0,0.9999999987499999,0.6813760832536141,0.28322430969542184,0.25489956586740053,0.35416759294502753,calm,02,14,14,female,strong,1629
10,0.33366666666666667,True,1.0,0.6971599201094537,0.7204119136937532,0.7087859169016035,0.4896266281582651,-0.06555555555555553,-0.05791666666666667,0.40290018461941535,0.14953513899438325,0.17502136100099502,1.4476049220764566,0.023251993584299524,0.007638888888888862,0.035254123639679134,0.47180038547442366,0.10386704542035106,0.1129596231678251,0.0,0.9999999987499999,0.6828555577230891,0.28252936369940274,0.2530031525710397,0.350826732797185,calm,02,14,14,female,strong,1629
20,0.6673333333333333,True,1.0,0.27498621731821604,0.2801242171524105,0.2775552172353133,0.4790005106049777,-0.08416666666666667,-0.0743981481481481,0.40654069638479245,0.14620073434024772,0.17502136100099508,0.5794465999310962,0.00513799983419444,0.009768518518518565,0.035407599836738295,0.4715129651702742,0.1033122931835978,0.11346721847099656,0.0,0.9999999987499999,0.6831916164981616,0.28276859089896283,0.25271375399452883,0.3502191525838975,calm,02,14,14,female,strong,1629
30,1.0010000000000001,True,1.0,0.5066907902456086,0.4754952426363002,0.4910930164409544,0.6685329928641457,-0.06921296296296298,-0.059675925925925966,0.4416552475682813,0.13960176613976852,0.17101187951141802,0.7345830672275446,0.03119554760930837,0.00953703703703701,0.04764629478632185,0.3414331811464016,0.10511474364139642,0.113322838772967,0.0,0.9999999987499999,0.6838615263605443,0.2817308308032167,0.268592772593738,0.3666481001596309,calm,02,14,14,female,strong,1629
40,1.3346666666666667,True,1.0,0.48892712452609477,0.5277250905148693,0.508326107520482,0.5898975468657445,-0.06486111111111115,-0.0532407407407407,0.45883696281244996,0.10379069159966056,0.17115859414602408,0.8617193107876623,0.0387979659887745,0.011620370370370448,0.06643884339575858,0.4291543756590132,0.10598418710569042,0.1136892907647626,0.0,0.9999999987499999,0.680162971594888,0.2854667502854297,0.2804686087541998,0.38293359013516487,calm,02,14,14,female,strong,1629
50,1.6683333333333334,True,1.0,0.48858260170614204,0.4986312722952436,0.4936069370006928,0.692376646884538,-0.06384259259259256,-0.05319444444444449,0.417791271188014,0.18834794553973624,0.16964289260930465,0.7129167906250997,0.010048670589101583,0.010648148148148073,0.07889261133889251,0.35378746525461274,0.10124344147393016,0.11076641442871211,0.0,0.9999999987499999,0.6880252522102591,0.28561869043398164,0.27787495922585476,0.3844857606113344,calm,02,14,14,female,strong,1629
60,2.0020000000000002,True,1.0,0.5265966892581838,0.5312701368888865,0.5289334130735351,0.7466319868700312,-0.06671296296296292,-0.05421296296296296,0.42016350342981545,0.2230117081195357,0.17009337631768295,0.7084258675962786,0.004673447630702654,0.012499999999999956,0.07872290417215372,0.3467282815649135,0.10779287405845787,0.11349684833362544,0.0,0.9999999987499999,0.6809716565454308,0.2805717650425602,0.2810421661502811,0.3782001516669307,calm,02,14,14,female,strong,1629
70,2.3356666666666666,True,1.0,0.16068050826104593,0.16992984929422886,0.1653051787776374,0.6321663543185985,-0.07861111111111108,-0.06518518518518523,0.40278312850789055,0.20777510489935216,0.1697970808327883,0.261489998080991,0.009249341033182923,0.013425925925925841,0.09388538523838343,0.4441466044331994,0.10624930582105589,0.11293660133725164,0.0,0.9999999987499999,0.683062101176408,0.2808505812115399,0.2792006946322441,0.37503130856146183,calm,02,14,14,female,strong,1629
80,2.6693333333333333,True,1.0,0.5375156272380907,0.5463679034294503,0.5419417653337705,0.6060249885246912,-0.06874999999999998,-0.05601851851851852,0.38461538461538464,0.15410444712121102,0.17395530117672345,0.8942564673002592,0.008852276191359643,0.012731481481481455,0.09326330403568513,0.40776379759790243,0.10548486263100733,0.11213206114510825,0.0,0.9999999987499999,0.682670713347839,0.2764341201691768,0.2634557373817627,0.3617377706864063,calm,02,14,14,female,strong,1629
90,3.003,True,1.0,0.5391384582874054,0.6107944979720666,0.574966478129736,0.37492025224893755,-0.06532407407407392,-0.053657407407407376,0.40579245235625816,0.11462116667221958,0.17323801598776384,1.5335700717174725,0.07165603968466128,0.011666666666666548,0.10965302334615001,0.6738952965112064,0.10798337480114015,0.10972805542645711,0.0,0.9999999987499999,0.6822823315732541,0.2760671210925945,0.26611900201552346,0.37049434496486355,calm,02,14,14,female,strong,1629
100,3.336666666666667,True,1.0,0.5617118278963267,0.6013868718528846,0.5815493498746056,0.3820202154608411,-0.06662037037037022,-0.05578703703703708,0.39823769040500945,0.10950662648814193,0.1739311774050305,1.5222999368582295,0.039675043956557965,0.01083333333333314,0.10624507020346512,0.6642797170147973,0.10734681678096229,0.1112107730651563,0.0,0.9999999987499999,0.6834147583252052,0.28138178062172586,0.2767445245750613,0.3778841101010013,calm,02,14,14,female,strong,1629
110,3.6703333333333332,True,1.0,0.609226485050036,0.6479671533887109,0.6285968192193734,0.3755201451455355,-0.06648148148148147,-0.05435185185185182,0.40608188115941135,0.09534036052410622,0.1725691824556473,1.6739363449483016,0.038740668338674955,0.012129629629629657,0.10349581290213357,0.6360781610421968,0.1083516961846707,0.11092114695958424,0.0,0.9999999987499999,0.682773558032588,0.2819063249795193,0.2775964306984174,0.37500396704963157,calm,02,14,14,female,strong,1629
0,0.0,True,1.0,0.6955810526517485,0.6794532295953943,0.6875171411235714,0.445436366229478,-0.06310185185185191,-0.0602314814814815,0.3906429648415825,0.18084679841457865,0.17435850949207057,1.5434688167543538,0.016127823056354185,0.002870370370370412,0.02865653807143865,0.5481557484309071,0.10632407355346715,0.11184882031806503,0.0,0.9999999987499999,0.6771587065373025,0.28657458488492094,0.25794663405536117,0.3538068715623252,calm,02,14,14,female,strong,1630
10,0.33366666666666667,True,1.0,0.7702090621883378,0.7446155412757345,0.7574123017320362,0.4155192534648672,-0.06259259259259264,-0.05921296296296297,0.39013232270092957,0.179931873016437,0.17435850949207063,1.8228091608661803,0.025593520912603362,0.003379629629629677,0.0203540112471472,0.5846497491129555,0.10645218867173675,0.11325119989716805,0.0,0.9999999987499999,0.6793143736478966,0.28486888510279507,0.25615254446767044,0.35365064082876224,calm,02,14,14,female,strong,1630
20,0.6673333333333333,True,1.0,0.3273198433102442,0.32306890765870666,0.32519437548447544,0.4161978729922386,-0.07791666666666669,-0.07268518518518513,0.4037671471506166,0.1472956527664853,0.1764239205510336,0.7813455968587801,0.004250935651537557,0.005231481481481559,0.015265724446021358,0.600675823263186,0.10765644121620935,0.11329042787898626,0.0,0.9999999987499999,0.6838437348142382,0.2823980079193133,0.25927163889546634,0.3587655142287418,calm,02,14,14,female,strong,1630
30,1.0010000000000001,True,1.0,0.6240945656537157,0.6025636462725964,0.613329105963156,0.699977502078539,-0.06541666666666662,-0.06148148148148136,0.3961605116252729,0.21262189971874093,0.17504359111107873,0.8762125984648277,0.021530919381119284,0.003935185185185264,0.028512072975382993,0.342286213689479,0.10739037502944992,0.11404494542937789,0.0,0.9999999987499999,0.6842597463829282,0.28152274370047287,0.2657034100355453,0.3619912208592635,calm,02,14,14,female,strong,1630
40,1.3346666666666667,True,1.0,0.5874294290113815,0.589744762057872,0.5885870955346267,0.633408852584218,-0.065,-0.06092592592592594,0.41127462255664166,0.21736148706196462,0.16893074810776748,0.9292372424750225,0.002315333046490453,0.004074074074074063,0.022236426033558954,0.37666168546903206,0.1060450909707203,0.11346469708553454,0.0,0.9999999987499999,0.6809759741709183,0.2814510444520992,0.2603359877406766,0.3563481060305876,calm,02,14,14,female,strong,1630
50,1.6683333333333334,True,1.0,0.36909528927791574,0.35154384976247716,0.36031956952019645,0.6076691051853262,-0.07092592592592595,-0.06513888888888891,0.45959239183684325,0.15753000124574545,0.17101187951141802,0.5929535769476162,0.017551439515438583,0.005787037037037035,0.03335608634525714,0.396368384771509,0.10807860536451767,0.11305639917451961,0.0,0.9999999987499999,0.683535506452581,0.28213694541832296,0.26484273050661084,0.36717967914252897,calm,02,14,14,female,strong,1630
60,2.0020000000000002,True,1.0,0.5565545074806535,0.5467938362089385,0.551674171844796,0.5158521821119527,-0.06310185185185191,-0.06018518518518512,0.41507693411881663,0.12208110764109836,0.17638786362344205,1.069442353788607,0.009760671271714982,0.0029166666666667895,0.04289615058500294,0.4961062008938515,0.10790638369286819,0.11422596191388841,0.0,0.9999999987499999,0.6818127319287091,0.2810880376785858,0.2648365787226385,0.35751480423242676,calm,02,14,14,female,strong,1630
70,2.3356666666666666,True,1.0,0.5768890746337554,0.535093590547895,0.5559913325908252,0.5523389776520548,-0.06125000000000008,-0.05921296296296291,0.4368522644135149,0.14655941983102844,0.17472568117028905,1.0066125243492616,0.041795484085860424,0.0020370370370371704,0.040190121802798906,0.4442230781223955,0.10741265759125923,0.11402395895471,0.0,0.9999999987499999,0.682963047836322,0.28030834689470213,0.26941597611509627,0.36439569239155956,calm,02,14,14,female,strong,1630
80,2.6693333333333333,True,1.0,0.6466610970300214,0.5989972789434002,0.6228291879867107,0.5995177649624732,-0.06152777777777774,-0.06055555555555564,0.42565048906687675,0.15544281404354277,0.1766810389869816,1.0388836234497516,0.047663818086621235,0.0009722222222220966,0.04483315158240681,0.41576216766089125,0.11043553580543045,0.11229275262051636,0.0,0.9999999987499999,0.6754566242043692,0.2827110139602437,0.2712607058448168,0.3635290400588633,calm,02,14,14,female,strong,1630
90,3.003,True,1.0,0.6802880581715912,0.6288539579385098,0.6545710080550505,0.4520912748734338,-0.061481481481481415,-0.05805555555555547,0.42355440172933656,0.10641950073907143,0.17878358615153658,1.4478735698633034,0.05143410023308137,0.0034259259259259434,0.048711222941685645,0.5323808304436597,0.11044566906571052,0.11108868714584375,0.0,0.9999999987499999,0.6751627371729942,0.2781323670614457,0.26048627622189185,0.35953965195189247,calm,02,14,14,female,strong,1630
100,3.336666666666667,True,1.0,0.39739887783323125,0.3692537125268883,0.3833262951800598,0.4466219023676033,-0.0728240740740741,-0.07041666666666668,0.4285882483034629,0.10499201230254433,0.18091057199066873,0.858279213688346,0.028145165306342923,0.0024074074074074137,0.040802638377737566,0.5467080806782967,0.10831018940517116,0.11215712823029493,0.0,0.9999999987499999,0.6679887034970239,0.2810058914780802,0.25565818263413115,0.35297214904612223,calm,02,14,14,female,strong,1630
110,3.6703333333333332,True,1.0,0.7141984689886801,0.6908943402647939,0.702546404626737,0.46934046225808274,-0.06324074074074076,-0.0597685185185185,0.40696625686916627,0.12361253767107691,0.18008536388131072,1.4968801139510919,0.023304128723886208,0.0034722222222222654,0.026993395079794823,0.5212984304695626,0.10951394094278832,0.11234699311229636,0.0,0.9999999987499999,0.6703198434999,0.2812535477994682,0.25495425533110994,0.34722937780528507,calm,02,14,14,female,strong,1630
0,0.0,True,1.0,0.7390444051874024,0.742029955771959,0.7405371804796808,0.5198509094093524,-0.06393518518518515,-0.057592592592592584,0.4086782069763151,0.17321158672292397,0.17639580927478637,1.424518389938125,0.002985550584556518,0.006342592592592566,0.015414824460447637,0.4908503354738033,0.10629664010960921,0.11238462246844859,0.0,0.9999999987499999,0.6840615099164665,0.2825208238704071,0.2600366156039782,0.35734211070541033,calm,02,14,14,female,strong,1631
10,0.33366666666666667,True,1.0,0.7548427263395728,0.7450762975775794,0.7499595119585761,0.5515657766456441,-0.06398148148148147,-0.05828703703703697,0.41391056198271015,0.1837893386228075,0.1756944444444445,1.359691887555944,0.009766428761993406,0.005694444444444502,0.009610823395221195,0.41571161689275654,0.10536050222218932,0.1132627195397583,0.0,0.9999999987499999,0.6804256259769532,0.2831573356553882,0.2569773837109775,0.35494992501351375,calm,02,14,14,female,strong,1631
20,0.6673333333333333,True,1.0,0.3902587156367972,0.37395599855691825,0.3821073570968577,0.48057531957796906,-0.07226851851851851,-0.06666666666666676,0.404242995370644,0.05339074070422631,0.17847264970529494,0.7951039962526919,0.01630271707987896,0.005601851851851747,0.014822807691284362,0.5319107941682389,0.1069492047122815,0.11462510102644463,0.0,0.9999999987499999,0.684728351809474,0.28072986930239346,0.2636758378863811,0.36286214346554135,calm,02,14,14,female,strong,1631
30,1.0010000000000001,True,1.0,0.6811013617749971,0.6663178496179571,0.6737096056964771,0.7519099593941413,-0.06564814814814812,-0.06032407407407403,0.4027523023443018,0.2550608441921615,0.1729607828386932,0.895997715257456,0.01478351215703999,0.005324074074074092,0.015162874122036752,0.3133621409199019,0.10551828420898178,0.11511914755521865,0.0,0.9999999987499999,0.6872870380808573,0.27987814662015775,0.26184471271666404,0.35727303403545824,calm,02,14,14,female,strong,1631
40,1.3346666666666667,True,1.0,0.26769164121817685,0.2804495802721887,0.2740706107451828,0.5940977148162309,-0.0831944444444444,-0.07958333333333334,0.4023754023093283,0.23747217196565312,0.17514119582942922,0.4613224456349906,0.012757939054011846,0.003611111111111065,0.021707645347062456,0.4252816554665699,0.10409776010596812,0.11492278820693871,0.0,0.9999999987499999,0.6875658702777985,0.28101739039760776,0.2559310157072515,0.3526213525581148,calm,02,14,14,female,strong,1631
50,1.6683333333333334,True,1.0,0.5297558399821064,0.523190441969262,0.5264731409756842,0.663968326437142,-0.06611111111111095,-0.06231481481481482,0.4238431611783173,0.23754523997374286,0.17099447946145332,0.7929190595592748,0.006565398012844392,0.003796296296296131,0.04543815695471591,0.37499065111196184,0.10895821754537409,0.11288603523561935,0.0,0.9999999987499999,0.6863515606711434,0.28031489788357117,0.2669153025824247,0.3629289638285907,calm,02,14,14,female,strong,1631
60,2.0020000000000002,True,1.0,0.6105784487093912,0.5418196024778053,0.5761990255935983,0.48649202267797903,-0.0631944444444445,-0.06125000000000003,0.41755281607838246,0.1149074960671882,0.17580557530590987,1.1843956298025435,0.0687588462315859,0.0019444444444444708,0.034243310371557686,0.5372414692859997,0.10748593234964907,0.1139548883265034,0.0,0.9999999987499999,0.6863684337875776,0.2777875487357541,0.2642748559823018,0.3537816413658924,calm,02,14,14,female,strong,1631
70,2.3356666666666666,True,1.0,0.5853095229757772,0.562205318175438,0.5737574205756075,0.5734899875707623,-0.06546296296296295,-0.061574074074074114,0.40617482203694677,0.2471390350258069,0.17296078283869326,1.0004663254993833,0.023104204800339256,0.0038888888888888307,0.031447509096656216,0.455655087223949,0.10731108923645435,0.11495125963237555,0.0,0.9999999987499999,0.6853625464717137,0.2806867278100384,0.2646099048377886,0.35824856639222014,calm,02,14,14,female,strong,1631
80,2.6693333333333333,True,1.0,0.636975596993814,0.5812191238536802,0.6090973604237471,0.6657842776602355,-0.06296296296296289,-0.05921296296296302,0.44087587651321447,0.19936029079895867,0.17638888888888893,0.9148569301820957,0.05575647314013377,0.0037499999999998646,0.0386106152288851,0.3884452705908117,0.10974584643455351,0.11160953126915721,0.0,0.9999999987499999,0.6774953540635005,0.2804319871734418,0.27632408616516513,0.36380787685824245,calm,02,14,14,female,strong,1631
90,3.003,True,1.0,0.6935498985862716,0.6387608161454651,0.6661553573658683,0.5849007884001197,-0.0637962962962963,-0.05981481481481471,0.4353335234783367,0.17002496272774614,0.17711090471635124,1.1389202589177634,0.05478908244080649,0.003981481481481586,0.04048279016082145,0.4104503422744312,0.11037228402559372,0.1123549232527215,0.0,0.9999999987499999,0.6808177351253,0.2796553364874957,0.27241182865035457,0.3681721909210528,calm,02,14,14,female,strong,1631
100,3.336666666666667,True,1.0,0.6817058082594579,0.6212512598003359,0.651478534029897,0.5367430544826479,-0.06347222222222226,-0.0593055555555555,0.4458972200602614,0.130836396415393,0.1771453629105048,1.2137623926178969,0.060454548459122015,0.004166666666666763,0.03595791378488966,0.44417677182260634,0.10875851843018408,0.11307844529783065,0.0,0.9999999987499999,0.6815762637320555,0.2797510026931734,0.26985586080065205,0.3662766685859852,calm,02,14,14,female,strong,1631
110,3.6703333333333332,True,1.0,0.7085876259755706,0.6561710564912975,0.682379341233434,0.5281669279976239,-0.0625,-0.0591666666666667,0.4331133008432001,0.14082085372110442,0.17991242987878595,1.2919766556010184,0.05241656948427309,0.0033333333333332993,0.03526286351509059,0.45830659327541495,0.11004777262791769,0.11233409858290914,0.0,0.9999999987499999,0.6823060740858844,0.2790261667980663,0.26917893307220403,0.36336005535431526,calm,02,14,14,female,strong,1631
0,0.0,True,1.0,0.6769546483967295,0.6505329668290427,0.6637438076128861,0.5606313408890908,-0.058148148148148227,-0.051944444444444515,0.4072518462359592,0.15725025415181865,0.17639061901081732,1.1839220521640332,0.02642168156768676,0.006203703703703711,0.008129905183605823,0.5076219512195115,0.118343052734522,0.10911281413815041,0.0,0.9999999987499999,0.629423841130202,0.2680536155637429,0.2846691813517622,0.3364788297502935,happy,03,14,14,female,normal,1632
10,0.33366666666666667,True,1.0,0.45653557847842785,0.43662454847511395,0.4465800634767709,0.5460778799282519,-0.06458333333333338,-0.05634259259259261,0.4712337145071268,0.06390273062990241,0.1826426484301614,0.8177955560760788,0.0199110300033139,0.00824074074074077,0.017689598351418857,0.4906914893617007,0.11901249180372568,0.11012606689619966,0.0,0.9999999987499999,0.6194575869097639,0.2690283760204973,0.29807668289184325,0.3453515853354167,happy,03,14,14,female,normal,1632
20,0.6673333333333333,True,1.0,0.5779258132430504,0.6061816750764203,0.5920537441597353,0.7152917682878052,-0.059537037037036944,-0.0528703703703704,0.4841689741037212,0.11733442952405357,0.17708505667053592,0.8277094332805411,0.028255861833369922,0.006666666666666543,0.017393314247981708,0.3606344448106272,0.10555454093135082,0.11541652056844501,0.0,0.9999999987499999,0.6830544913668594,0.28355934174233544,0.28417723179706517,0.39881996679126913,happy,03,14,14,female,normal,1632
30,1.0010000000000001,True,1.0,0.5874550835441946,0.5761450855192942,0.5818000845317444,0.7932975132507544,-0.06074074074074065,-0.05300925925925931,0.5083017518558758,0.1797332412347543,0.1770902265815209,0.7333945648558241,0.011309998024900403,0.007731481481481339,0.016965747798518335,0.35259344556260447,0.10701309468439305,0.11621653589464873,0.0,0.9999999987499999,0.6828559683013831,0.2817452033074047,0.2986073414112011,0.4084321559721423,happy,03,14,14,female,normal,1632
40,1.3346666666666667,True,1.0,0.5213038404721914,0.5215403059467015,0.5214220732094464,0.683516787724951,-0.06152777777777779,-0.05300925925925931,0.5005354801666692,0.1548532913103616,0.17916836996525629,0.7628518897757756,0.0002364654745101724,0.00851851851851848,0.01723748113673047,0.3792048302325653,0.10779625854419994,0.11581994728354959,0.0,0.9999999987499999,0.6834567369447779,0.28016922148673984,0.2918064390549339,0.3947842673112126,happy,03,14,14,female,normal,1632
50,1.6683333333333334,True,1.0,0.5867812187526544,0.6084102243337284,0.5975957215431914,1.2474822652262807,-0.06648148148148147,-0.05861111111111106,0.3936687968800843,0.5220442088175196,0.17639970187254395,0.4790414567014254,0.021629005581073946,0.007870370370370416,0.00521216308559171,0.2394399938665365,0.10569038558419132,0.11725836472087159,0.0,0.9999999987499999,0.6721836568142882,0.2878984834608158,0.28026235353239715,0.37699245425610867,happy,03,14,14,female,normal,1632
60,2.0020000000000002,True,1.0,0.5890850193863728,0.5826401145808522,0.5858625669836125,0.5394777399850156,-0.06254629629629632,-0.05439814814814814,0.43281359471095227,0.2328801886416657,0.180559358475242,1.08598098412714,0.006444904805520624,0.008148148148148182,0.005289866046841106,0.5117012073268024,0.1083899748376948,0.11410161816104077,0.0,0.9999999987499999,0.6816302181106817,0.2784377787618528,0.2701226778082848,0.35871647218276054,happy,03,14,14,female,normal,1632
70,2.3356666666666666,True,1.0,0.6107224830674458,0.6217025529743994,0.6162125180209226,0.7199251532541578,-0.06319444444444439,-0.05495370370370373,0.41381890458478365,0.2378324167000343,0.18263930661951863,0.8559396976693475,0.010980069906953549,0.00824074074074066,0.008703964653927466,0.3754929397256365,0.11019244393220097,0.11320649694329178,0.0,0.9999999987499999,0.6736893210956257,0.2815200230249301,0.27906168101464224,0.3653945143451378,happy,03,14,14,female,normal,1632
80,2.6693333333333333,True,1.0,0.5934594561852576,0.6263101340886195,0.6098847951369386,0.924184847081419,-0.062037037037037,-0.05500000000000005,0.44783021744438756,0.28436456833274437,0.1826426484301614,0.6599164626675694,0.032850677903361825,0.007037037037036953,0.005329218914577807,0.3103610642125696,0.10763097756927999,0.11564453431578497,0.0,0.9999999987499999,0.6734322679696878,0.2843126469908087,0.28936324907974603,0.3942090577603338,happy,03,14,14,female,normal,1632
90,3.003,True,1.0,0.6003100325564616,0.6263101340886208,0.6133100833225412,0.6926711302835998,-0.0622685185185185,-0.05472222222222223,0.45967560238819943,0.1616161616161619,0.18263888888888885,0.88542752326264,0.026000101532159148,0.007546296296296273,0.0028065381419279402,0.3937326976737291,0.1097386244090707,0.11297390925620762,0.0,0.9999999987499999,0.6731622968327956,0.28168883098540654,0.2824718976808778,0.38911646632866914,happy,03,14,14,female,normal,1632
100,3.336666666666667,True,1.0,0.6264428214087409,0.6571335041532491,0.6417881627809949,0.5773466563911509,-0.05990740740740752,-0.0537037037037037,0.46706147984019974,0.1132052267433633,0.18611152104827625,1.1116166616303829,0.030690682744508258,0.006203703703703822,0.009663269768795817,0.4522058823529408,0.11092158279688627,0.11299911487573196,0.0,0.9999999987499999,0.6719741148256178,0.28206488386052386,0.2803326432342874,0.3826685662553646,happy,03,14,14,female,normal,1632
0,0.0,True,1.0,0.5989883609033748,0.6065701441092703,0.6027792525063226,0.5882609913350741,-0.05629629629629629,-0.05013888888888901,0.47902205039581247,0.05765861981260788,0.18195492727998097,1.0246799658401602,0.0075817832058955315,0.006157407407407278,0.017656604693301405,0.4428082404050004,0.10433543612712254,0.11586386541541283,0.0,0.9999999987499999,0.6787083927242771,0.28183700664990374,0.2734105712681976,0.3840016109980325,happy,03,14,14,female,normal,1633
10,0.33366666666666667,True,1.0,0.633235944543329,0.6304253632806368,0.6318306539119829,0.5769383197303353,-0.05856481481481479,-0.049768518518518545,0.4777757579340682,0.06787096838320367,0.18333999159310857,1.0951441987894037,0.00281058126269218,0.008796296296296247,0.01920200925603658,0.45387550082697703,0.10580597769726405,0.11418934157697075,0.0,0.9999999987499999,0.6770053818949455,0.2848164513494742,0.2758694566954939,0.38137350458449026,happy,03,14,14,female,normal,1633
20,0.6673333333333333,True,1.0,0.5802523719996152,0.5690347691748735,0.5746435705872444,0.5661422555377952,-0.05675925925925929,-0.04944444444444446,0.4878280489185249,0.04440061362072023,0.18333707863421067,1.0150162171544208,0.011217602824741713,0.0073148148148148295,0.011018615302052871,0.4648639799231101,0.10637410353090085,0.11432880885460268,0.0,0.9999999987499999,0.6787364161289516,0.2857003173773822,0.27777720697071673,0.3779281117986881,happy,03,14,14,female,normal,1633
30,1.0010000000000001,True,1.0,0.48670431076191617,0.492139813650207,0.48942206220606155,0.8459916357986489,-0.06217592592592597,-0.0553703703703704,0.5072762084207683,0.22202341564293263,0.17430730635602554,0.5785187955718122,0.005435502888290811,0.006805555555555565,0.013144261903459083,0.33063152366662735,0.10422499719304101,0.11775657910999957,0.0,0.9999999987499999,0.676199273263993,0.2845430382289726,0.2936066405521654,0.4133551702655311,happy,03,14,14,female,normal,1633
40,1.3346666666666667,True,1.0,0.5114728823780481,0.5078480169908638,0.5096604496844559,0.773347776544565,-0.059259259259259234,-0.052268518518518436,0.4772738137698817,0.20171608873935554,0.17847393214836935,0.659031376493634,0.0036248653871843173,0.006990740740740797,0.015985075666533965,0.3855598915115759,0.10714533047192312,0.11609463298243666,0.0,0.9999999987499999,0.6769720319768532,0.2828731053868192,0.2940708783746215,0.4089757738232679,happy,03,14,14,female,normal,1633
50,1.6683333333333334,True,1.0,0.5241543488577259,0.5143812167856233,0.5192677828216746,0.8233293386684717,-0.06361111111111101,-0.05550925925925926,0.45195709105372317,0.29400822502087015,0.18125042093162333,0.6306926747702928,0.00977313207210262,0.008101851851851749,0.014955068314486696,0.33866347956978116,0.105934056930437,0.1172009438155765,0.0,0.9999999987499999,0.6730610650432047,0.28265254587691474,0.2805986834751148,0.39079683339713805,happy,03,14,14,female,normal,1633
60,2.0020000000000002,True,1.0,0.6880129415483293,0.704200437234753,0.6961066893915411,0.8329448329448331,-0.06495370370370379,-0.05935185185185177,0.42775608785976865,0.29836829836829837,0.18611152104827625,0.8357176392228668,0.016187495686423747,0.005601851851852024,0.01244829731143645,0.3445398512832724,0.10579769025350752,0.11732405715067493,0.0,0.9999999987499999,0.6693126130139556,0.2833493869473711,0.27495510530730255,0.36915951091228316,happy,03,14,14,female,normal,1633
70,2.3356666666666666,True,1.0,0.6036904559287731,0.6286572123342341,0.6161738341315036,0.7427279722794503,-0.06287037037037035,-0.056944444444444464,0.40197160331966203,0.2785089399002953,0.18333374948165368,0.8296090320126911,0.024966756405460977,0.00592592592592589,0.015896322602600068,0.36202952848421754,0.10976780570491253,0.1136182840950689,0.0,0.9999999987499999,0.6748698568568053,0.28062948005415844,0.28194398958623806,0.37283016566586563,happy,03,14,14,female,normal,1633
80,2.6693333333333333,True,1.0,0.5589191614582766,0.569389371106583,0.5641542662824298,0.7705893643196615,-0.061203703703703594,-0.053611111111111165,0.4979349180817756,0.1925944506965462,0.18333374948165368,0.7321075171865508,0.010470209648306472,0.007592592592592429,0.01694929003080593,0.38295920132920636,0.10780806422930662,0.11398496132917692,0.0,0.9999999987499999,0.6750799154192928,0.28142840284213927,0.29889184869694974,0.4067050310537913,happy,03,14,14,female,normal,1633
90,3.003,True,1.0,0.5938248454203002,0.5958186603775789,0.5948217528989396,0.7316991943908205,-0.05819444444444449,-0.050925925925925986,0.4976000224817273,0.14524393481005363,0.18472263524161484,0.8129320866536707,0.0019938149572786834,0.0072685185185185075,0.021076178068099652,0.38159748018342754,0.12030989164529707,0.11044588386780922,0.0,0.9999999987499999,0.6080429623802646,0.2657586048582955,0.3246993835674233,0.375440457839211,happy,03,14,14,female,normal,1633
100,3.336666666666667,True,1.0,0.604954833499511,0.5965193941759049,0.600737113837708,0.635129552289534,-0.058472222222222314,-0.05125000000000002,0.4995877139897002,0.09687976613968868,0.1875036620736129,0.9458497273070554,0.00843543932360602,0.0072222222222222965,0.01679735064085264,0.43034297478489275,0.10878803897924323,0.11355450030567019,0.0,0.9999999987499999,0.6734446701805723,0.2844994369819309,0.28672111935675093,0.39621698824319096,happy,03,14,14,female,normal,1633
0,0.0,True,1.0,0.6553355243468107,0.6885781308794393,0.671956827613125,0.5167781954559569,-0.06407407407407406,-0.05662037037037043,0.4384248208182349,0.08823042361443133,0.17430730635602565,1.3002809203671082,0.03324260653262856,0.007453703703703629,0.018467473911515726,0.4808019625749698,0.10465909563673491,0.11407829203461177,0.0,0.9999999987499999,0.6872348873064851,0.28145744124502914,0.2626983933302757,0.36037976937181615,happy,03,14,14,female,normal,1634
10,0.33366666666666667,True,1.0,0.6697695881843743,0.7144432331172643,0.6921064106508192,0.5020928863891426,-0.060787037037037084,-0.05439814814814814,0.43090747266669654,0.08367344509369613,0.17431649776999442,1.378442972232051,0.044673644932890055,0.006388888888888944,0.012864342121896213,0.49100344355991665,0.10625411362184584,0.11293207802559663,0.0,0.9999999987499999,0.6836112436537115,0.28295219826095147,0.2636281416915996,0.3631709242709821,happy,03,14,14,female,normal,1634
20,0.6673333333333333,True,1.0,0.6035021500288512,0.6228184277668728,0.613160288897862,0.748567159335522,-0.06069444444444433,-0.052962962962962934,0.45740753729423866,0.12675260580001393,0.17644121757180892,0.8191119277021769,0.01931627773802158,0.007731481481481395,0.015279426686562835,0.37226404481714487,0.10576495396966644,0.11389327136771592,0.0,0.9999999987499999,0.6823261243169143,0.282551957706621,0.2798111473829382,0.389386284339539,happy,03,14,14,female,normal,1634
30,1.0010000000000001,True,1.0,0.42902791501146925,0.4524715013011945,0.44074970815633185,0.8182626218604822,-0.06657407407407406,-0.05921296296296297,0.4179418415268303,0.21108637508057948,0.17573786330129457,0.5386408915443309,0.02344358628972526,0.007361111111111096,0.03508608325339256,0.3300554481581027,0.1029057497094453,0.11549755729951895,0.0,0.9999999987499999,0.6868896282966312,0.2787135396353752,0.2721739698499837,0.386590200139527,happy,03,14,14,female,normal,1634
40,1.3346666666666667,True,1.0,0.5129510928842486,0.5557032304829639,0.5343271616836063,0.6970031217381998,-0.0631018518518518,-0.05532407407407408,0.4305341755922738,0.21771464968161736,0.17500697530741452,0.7666065545748073,0.04275213759871532,0.007777777777777717,0.02905303943824152,0.3952077135977597,0.10646392261476499,0.11391115714787728,0.0,0.9999999987499999,0.6827548420930873,0.2817298296525173,0.2754283894041631,0.37813305017221255,happy,03,14,14,female,normal,1634
50,1.6683333333333334,True,1.0,0.6276157303424155,0.6391887364885502,0.6334022334154829,0.7230183964271989,-0.0653703703703703,-0.05768518518518517,0.4261544082668573,0.2409592047339463,0.17643213684734227,0.8760527208511498,0.011573006146134768,0.007685185185185128,0.01581423067022434,0.37656461663638496,0.1080370398596461,0.11460221585133987,0.0,0.9999999987499999,0.6783588847804747,0.28303127751089846,0.27767223074254627,0.37146605997616355,happy,03,14,14,female,normal,1634
60,2.0020000000000002,True,1.0,0.6107224830674473,0.6130268199233723,0.6118746514954098,0.6788509775534073,-0.061990740740740735,-0.05398148148148152,0.41134335587537985,0.2610812551750403,0.17501089879566245,0.9013386910049367,0.0023043368559250155,0.008009259259259216,0.02115283685284407,0.3805320935747718,0.10740731892817511,0.11469536109864391,0.0,0.9999999987499999,0.6777465536136329,0.2815635318507628,0.27278135279428584,0.36789162578210144,happy,03,14,14,female,normal,1634
70,2.3356666666666666,True,1.0,0.5937125758536648,0.5666519115196059,0.5801822436866353,0.7292680067994817,-0.06023148148148155,-0.0521759259259259,0.4678334449767992,0.2050749462565329,0.17918199577107896,0.7955679369959818,0.027060664334058848,0.008055555555555649,0.025714010514885453,0.386659017636386,0.11116285347877931,0.11242334990632077,0.0,0.9999999987499999,0.6747367246976916,0.2800439063782199,0.29128311837462934,0.39600320795727906,happy,03,14,14,female,normal,1634
80,2.6693333333333333,True,1.0,0.5831046221560596,0.5938853280321419,0.5884949750941008,0.6119704301747264,-0.06013888888888891,-0.05356481481481479,0.46471418926847824,0.11544011544011498,0.17986280783332048,0.9616395598167659,0.010780705876082264,0.006574074074074121,0.012323455519373657,0.44565433112414476,0.10977517845984057,0.11310695823602304,0.0,0.9999999987499999,0.6780686911327032,0.27917964381519417,0.28250431748436217,0.3870520210681913,happy,03,14,14,female,normal,1634
90,3.003,True,1.0,0.6039439194627668,0.5985436355928441,0.6012437775278054,0.5925887842067885,-0.05986111111111109,-0.05259259259259258,0.47035379516946185,0.08546453605010125,0.1812567347886692,1.0146053950929936,0.005400283869922751,0.0072685185185185075,0.017564596979811744,0.43266699435343026,0.10912782931545452,0.11305960766910671,0.0,0.9999999987499999,0.6749493288330958,0.2804202558465624,0.27724870987709266,0.381277363411633,happy,03,14,14,female,normal,1634
100,3.336666666666667,True,1.0,0.6813551611132184,0.6568045387784706,0.6690798499458445,0.5578497131294295,-0.060694444444444384,-0.052037037037037104,0.461462192953328,0.08714008722259382,0.18334373675797258,1.199390864956146,0.024550622334747807,0.00865740740740728,0.014829864086258323,0.4803368396593662,0.11041567373862003,0.11265103970990718,0.0,0.9999999987499999,0.6759705217633927,0.2808340233196433,0.27464789365087316,0.37716365109905253,happy,03,14,14,female,normal,1634
0,0.0,True,1.0,0.6134151165929196,0.6065701441092698,0.6099926303510947,0.5763066162674215,-0.05615740740740749,-0.048750000000000016,0.4859463063279972,0.022594762918030316,0.18194821833481406,1.058451548416793,0.006844972483649792,0.007407407407407474,0.015550149859156523,0.46477918883798386,0.11767359251419514,0.11138467350623334,0.0,0.9999999987499999,0.6164683791563501,0.26806064071850016,0.3093792416339211,0.3578876383410225,happy,03,14,14,female,normal,1635
10,0.33366666666666667,True,1.0,0.5997517417848087,0.6242778619880088,0.6120148018864088,0.5576471828123403,-0.056018518518518634,-0.04967592592592596,0.48232574708334425,0.0170663346812261,0.18194612173871702,1.0974946538775294,0.024526120203200108,0.006342592592592677,0.019023963394412393,0.4595158694795577,0.11866593383338381,0.1101540379084244,0.0,0.9999999987499999,0.6215745501872625,0.2672248902416454,0.31081384666822326,0.3594234424659025,happy,03,14,14,female,normal,1635
20,0.6673333333333333,True,1.0,0.5294291898271204,0.5226617584285279,0.5260454741278242,0.5694801035625302,-0.059398148148148144,-0.05055555555555563,0.48926324913952385,0.027908902056921696,0.18195115352876315,0.9237293293251346,0.006767431398592483,0.008842592592592513,0.011723805469440098,0.46477918883798525,0.10690252725710875,0.11416910263928154,0.0,0.9999999987499999,0.6819583688553545,0.28174144814993185,0.2829333288985335,0.3890704307182569,happy,03,14,14,female,normal,1635
30,1.0010000000000001,True,1.0,0.4448197949214645,0.42103758590068263,0.43292869041107357,0.6840752834858419,-0.056111111111111056,-0.048240740740740695,0.4959716563704617,0.14653500260943872,0.17222399420151366,0.6328670262796211,0.023782209020781875,0.007870370370370361,0.02328601428997944,0.4310542086293335,0.1036185934404319,0.11634174524649932,0.0,0.9999999987499999,0.6764561488892431,0.2806483034732384,0.2898272091641684,0.39794343021472706,happy,03,14,14,female,normal,1635
40,1.3346666666666667,True,1.0,0.4149927428243191,0.4134849126372366,0.4142388277307778,0.6444444444444437,-0.054305555555555496,-0.04814814814814816,0.48768036757952044,0.13651002596309975,0.17708333333333331,0.6427843878581042,0.001507830187082504,0.006157407407407334,0.018645524661459606,0.4603596307372594,0.10690362252685202,0.11499943286709008,0.0,0.9999999987499999,0.6771627234800172,0.2793297019182491,0.2953663475538178,0.3978239185929482,happy,03,14,14,female,normal,1635
50,1.6683333333333334,True,1.0,0.4917982044308371,0.5131396526366019,0.5024689285337195,0.5880142159963576,-0.05912037037037032,-0.05277777777777781,0.4740961841084189,0.13001118272524867,0.18264055980567506,0.8545183345309325,0.02134144820576478,0.006342592592592511,0.01814770236632037,0.4558453500515524,0.10963013620429808,0.11358351525689464,0.0,0.9999999987499999,0.6776165557629302,0.2789709024997995,0.2839017465332557,0.3851942335177418,happy,03,14,14,female,normal,1635
60,2.0020000000000002,True,1.0,0.5193038218638699,0.5331110594605101,0.5262074406621899,0.6578333500942221,-0.05675925925925934,-0.0496759259259259,0.46471099461480564,0.11540935966565342,0.18403150894573134,0.7999099476893666,0.013807237596640154,0.007083333333333441,0.01435918931783552,0.4046052631578939,0.10750161892517225,0.11510461236543915,0.0,0.9999999987499999,0.6761175885510455,0.28136506876174855,0.2869130674355571,0.3852144303987445,happy,03,14,14,female,normal,1635
70,2.3356666666666666,True,1.0,0.5564600508841447,0.5360966104741252,0.546278330679135,0.8378312473585716,-0.05925925925925918,-0.05199074074074078,0.47713274315611687,0.24573618879214976,0.18055597810614288,0.6520147492724642,0.020363440410019584,0.0072685185185183965,0.014475565234487392,0.34521871789643843,0.10800072995665229,0.11595837084189252,0.0,0.9999999987499999,0.6762654997155113,0.2816462090715588,0.2971989572331606,0.4063286130987504,happy,03,14,14,female,normal,1635
80,2.6693333333333333,True,1.0,0.537027307597415,0.5359560543954403,0.5364916809964276,0.7019842018650496,-0.058055555555555416,-0.05064814814814811,0.503762460186439,0.11699311804711582,0.18472387429425183,0.7642503628586836,0.0010712532019747645,0.007407407407407307,0.0171545005758337,0.37529233660986355,0.10997894358083793,0.11425076523393621,0.0,0.9999999987499999,0.6781242981411315,0.2782027093736578,0.29345318869317305,0.4024374136362117,happy,03,14,14,female,normal,1635
90,3.003,True,1.0,0.5831513664282583,0.604146046481989,0.5936487064551237,0.6651451153747147,-0.057268518518518496,-0.05069444444444454,0.49319169047282824,0.0981361645634821,0.1833537234902846,0.8925100594337028,0.02099468005373073,0.0065740740740739545,0.020341026906329506,0.39685513128820277,0.10846775755894385,0.11469405944698943,0.0,0.9999999987499999,0.6732929347363945,0.2821723341934854,0.28618776061260087,0.3937447509666976,happy,03,14,14,female,normal,1635
100,3.336666666666667,True,1.0,0.3253489758136387,0.32731984331024466,0.3263344095619417,0.6216701880720409,-0.06583333333333335,-0.05958333333333338,0.4919020650147351,0.0817947262340811,0.18403814194642587,0.52493173361584,0.001970867496605966,0.006249999999999978,0.016308251174930156,0.43418938490450615,0.10798588883154323,0.1153131972632477,0.0,0.9999999987499999,0.6741003894839186,0.2823290429853752,0.28410851157232764,0.395490715311015,happy,03,14,14,female,normal,1635
0,0.0,True,1.0,0.5720789857252507,0.6105784487093898,0.5913287172173203,0.5071162349838443,-0.054907407407407405,-0.04810185185185184,0.42956164069445385,0.12039249904728522,0.18543147910168942,1.1660614991672646,0.03849946298413909,0.006805555555555565,0.03219520617926296,0.5504943041339223,0.11743687080452798,0.1109494725224281,0.0,0.9999999987499999,0.6148263595438175,0.2661675987751307,0.2955492517021532,0.3410962268565561,happy,03,14,14,female,strong,1636
10,0.33366666666666667,True,1.0,0.548886808207242,0.5958186603775789,0.5723527342924104,0.5025464078052411,-0.05504629629629637,-0.04842592592592598,0.46477467457476784,0.08178189561740587,0.1854203698863569,1.138905234229079,0.04693185217033691,0.0066203703703703876,0.024172129325182257,0.5105294938952173,0.12123310858484099,0.10855771246693262,0.0,0.9999999987499999,0.6125807875181323,0.26445127265373414,0.30542694261235925,0.34339457069174484,happy,03,14,14,female,strong,1636
20,0.6673333333333333,True,1.0,0.5118164573128995,0.5299374669345944,0.520876962123747,0.7250331723710598,-0.05694444444444441,-0.050277777777777866,0.4868328594751164,0.1536554654598618,0.1847486536019033,0.7184181110228857,0.01812100962169494,0.006666666666666543,0.020266486169810166,0.3858567528267916,0.10565851726271741,0.11581590522849534,0.0,0.9999999987499999,0.6755486233477767,0.28196307066729237,0.28292490624803174,0.3866073637429257,happy,03,14,14,female,strong,1636
30,1.0010000000000001,True,1.0,0.5213038404721914,0.5365410501214809,0.5289224452968362,0.9019633732410157,-0.06291666666666668,-0.05356481481481484,0.5042131383504672,0.2620585542716821,0.1743335662531196,0.5864123322394618,0.01523720964928954,0.009351851851851833,0.01932458053766296,0.3081264588867348,0.10528519338194345,0.11729791925373294,0.0,0.9999999987499999,0.6754807717696455,0.28275565410465364,0.30183973847208373,0.41682115617809656,happy,03,14,14,female,strong,1636
40,1.3346666666666667,True,1.0,0.4320685131274271,0.44440884501488465,0.4382386790711559,0.6456777191234679,-0.05949074074074079,-0.05250000000000005,0.4873575022410199,0.15865466796241237,0.18125168372062772,0.6787266558711079,0.012340331887457534,0.006990740740740742,0.014370442734652085,0.45088699515970293,0.10864271025922527,0.1145283511189743,0.0,0.9999999987499999,0.6745589148862668,0.2821448727810349,0.2911124044049802,0.3862519220012284,happy,03,14,14,female,strong,1636
50,1.6683333333333334,True,1.0,0.47038443759740456,0.4521979797871761,0.46129120869229034,0.8473989257209594,-0.06097222222222226,-0.05435185185185193,0.4658551636469824,0.2824345364753797,0.17709022658152102,0.544361332886784,0.018186457810228485,0.006620370370370332,0.023232600732319662,0.33851377816280964,0.10573818386130475,0.11656329776347134,0.0,0.9999999987499999,0.6732225688556673,0.28369081819474495,0.2959672435269448,0.4041202798100355,happy,03,14,14,female,strong,1636
60,2.0020000000000002,True,1.0,0.5035608748882959,0.5084967170280115,0.5060287959581538,0.7363172460963291,-0.062037037037037,-0.05560185185185179,0.47844164331390143,0.25658608530551097,0.17293828499713912,0.6872428951527672,0.0049358421397155405,0.00643518518518521,0.011196990421119431,0.37620870953565827,0.10550659867709274,0.11644619208908187,0.0,0.9999999987499999,0.6747305137523761,0.2814121822695265,0.2858630753314184,0.38490048734557647,happy,03,14,14,female,strong,1636
70,2.3356666666666666,True,1.0,0.4113534403921045,0.38987944378673456,0.4006164420894195,0.6758518733375146,-0.060370370370370297,-0.053888888888888875,0.4801555203903182,0.2603248958846461,0.17223816937956282,0.592757759346115,0.021473996605369916,0.0064814814814814214,0.0131627625953244,0.4269492409155869,0.10774864324833754,0.1130343147688499,0.0,0.9337079992177675,0.6726700629157913,0.2829343797866897,0.2999174962447885,0.40770585234720835,happy,03,14,14,female,strong,1636
80,2.6693333333333333,True,1.0,0.45969168777247793,0.482810956185029,0.47125132197875347,0.7504851845303459,-0.05703703703703694,-0.052083333333333315,0.5090648360386121,0.16379205847294515,0.18125168372062772,0.6279288807995096,0.023119268412551075,0.004953703703703627,0.016491399996952025,0.404915679836554,0.10772962360360924,0.1148912444775285,0.0,0.9999999987499999,0.6740176600171318,0.2814953300020017,0.2996120666765003,0.41026625805531536,happy,03,14,14,female,strong,1636
90,3.003,True,1.0,0.2388524297954502,0.23833333090968914,0.23859288035256968,0.7904912199720945,-0.06717592592592592,-0.057870370370370405,0.5023313088323313,0.16553282864211155,0.17986153529316393,0.3018286279776673,0.0005190988857610712,0.009305555555555511,0.011969455517297741,0.367014792294032,0.1029337438413958,0.11464468460163263,0.0,0.7443635962052987,0.6707059593212285,0.28589811511307966,0.2943412987704608,0.3978682087712437,happy,03,14,14,female,strong,1636
100,3.336666666666667,True,1.0,0.518018722576793,0.5147740295048026,0.5163963760407978,0.7848118229537571,-0.058240740740740704,-0.05041666666666672,0.4939884417154467,0.15797526347533122,0.18125042093162325,0.6579875085179815,0.00324469307199049,0.007824074074073983,0.03287373242688791,0.3557513434520824,0.10581158521159045,0.1130101386984535,0.0,0.9999999987499999,0.6742633856745822,0.28412780954179356,0.2946732421667298,0.39552016891751907,happy,03,14,14,female,strong,1636
110,3.6703333333333332,True,1.0,0.5327156842113305,0.5122898505899541,0.5225027674006424,0.727136723172508,-0.05462962962962975,-0.04791666666666661,0.4966591229868976,0.08677337945987432,0.18472387429425183,0.7185756828797689,0.0204258336213764,0.006712962962963143,0.03700817601307815,0.3739854272353907,0.10638791734374586,0.11297480205521256,0.0,0.9999999987499999,0.6742531245545094,0.28507263468300675,0.28993836993418126,0.38830992194734626,happy,03,14,14,female,strong,1636
0,0.0,True,1.0,0.5205671397015281,0.5560051429402625,0.5382861413208953,0.5763873135426371,-0.05884259259259256,-0.05185185185185193,0.48490032206122313,0.06338656179638164,0.1784790618285188,0.9338965807773225,0.03543800323873436,0.006990740740740631,0.020147103720157333,0.46156658146171764,0.11576126959681482,0.11218832691468436,0.0,0.9999999987499999,0.6201504116177721,0.27090077927352885,0.3035982727140264,0.37120693262126864,happy,03,14,14,female,strong,1637
10,0.33366666666666667,True,1.0,0.5367094389796296,0.5450317394352516,0.5408705892074406,0.5657345504025227,-0.05935185185185177,-0.05199074074074084,0.48662601984220977,0.06787096838320367,0.173618142218734,0.9560501277898065,0.00832230045562199,0.0073611111111109295,0.020528693842171136,0.4503302497609268,0.10484161075297507,0.11407770867154673,0.0,0.9999999987499999,0.6883435038390355,0.2817861983766292,0.2785298748329524,0.3902805221940779,happy,03,14,14,female,strong,1637
20,0.6673333333333333,True,1.0,0.5911353993924594,0.5652196816474819,0.5781775405199707,0.842588364120454,-0.06041666666666662,-0.05180555555555566,0.4740387292021087,0.184654975465044,0.17501089879566245,0.6861921729995741,0.025915717744977473,0.008611111111110958,0.01960238027711448,0.32474917775402007,0.10423146323380118,0.11513297041074137,0.0,0.9999999987499999,0.6852963721113445,0.2832331414424494,0.28655266296068727,0.39988945129587006,happy,03,14,14,female,strong,1637
30,1.0010000000000001,True,1.0,0.4332341710056842,0.4279519118377504,0.4305930414217173,0.9246837771439961,-0.06620370370370365,-0.056990740740740675,0.49192220304137857,0.24198384386413482,0.17222222222222217,0.4656651842121194,0.005282259167933789,0.009212962962962978,0.025803735452889037,0.3048326289731562,0.10355792397083796,0.11850452436157283,0.0,0.9999999987499999,0.6812098965445553,0.28200442362136574,0.29264351873838845,0.4145039224413899,happy,03,14,14,female,strong,1637
40,1.3346666666666667,True,1.0,0.45769787439030013,0.45247150130119385,0.45508468784574696,0.6689108503536974,-0.06129629629629629,-0.054120370370370374,0.45548981410632033,0.20899247246128977,0.17569835258094374,0.6803368305434329,0.005226373089106284,0.007175925925925919,0.017868330173479392,0.42329860829119087,0.10597417162905404,0.1145333900511826,0.0,0.9999999987499999,0.6819931024362872,0.28176255172628045,0.28502715609803786,0.38535740088680465,happy,03,14,14,female,strong,1637
50,1.6683333333333334,True,1.0,0.43082821673042887,0.44386947679342403,0.4373488467619264,0.8463929482571181,-0.056064814814814845,-0.04995370370370367,0.4727922953317117,0.22023521936826976,0.17431255865192524,0.5167208064085479,0.013041260062995164,0.006111111111111178,0.011539880226002329,0.34005540915775906,0.1057565124958847,0.11621926725446072,0.0,0.9999999987499999,0.6723107209758903,0.2808909680116564,0.29999787189007415,0.41709770213975694,happy,03,14,14,female,strong,1637
60,2.0020000000000002,True,1.0,0.45913011807817916,0.46049675660879985,0.4598134373434895,0.7060677698975579,-0.06032407407407414,-0.05486111111111114,0.43786150579827066,0.32781717888100864,0.16598371379942176,0.651231308023312,0.0013666385306206896,0.005462962962963003,0.006823228485865893,0.4017857142857147,0.11617759859322044,0.11209757229691224,0.0,0.9999999987499999,0.6200181097829758,0.2666664402386252,0.30672888169570495,0.3690916976504104,happy,03,14,14,female,strong,1637
70,2.3356666666666666,True,1.0,0.475454280116369,0.46725837755866917,0.4713563288375191,0.7055988062284756,-0.06319444444444444,-0.058796296296296235,0.42865267462754614,0.33388259199805503,0.1673615669747278,0.6680231381866767,0.008195902557699808,0.0043981481481482065,0.007116641044773011,0.39212807927493515,0.10693588724221402,0.11447121143135577,0.0,0.9999999987499999,0.6842600538965585,0.28381807640747503,0.2861219110952505,0.38615804842258006,happy,03,14,14,female,strong,1637
80,2.6693333333333333,True,1.0,0.4680436123458502,0.46879498703276146,0.46841929968930585,0.7851032801241598,-0.05995370370370373,-0.05333333333333329,0.5013312248435206,0.24729524271586206,0.17083511971881032,0.5966339863148042,0.000751374686911277,0.006620370370370443,0.01666620629784061,0.3630953581620894,0.10715964885811564,0.1165727547437053,0.0,0.9999999987499999,0.6803513331113695,0.28205375565013546,0.2981093868819829,0.4161633325388036,happy,03,14,14,female,strong,1637
90,3.003,True,1.0,0.45659746921583416,0.4526558298232973,0.4546266495195657,0.6884738243323029,-0.05791666666666673,-0.05060185185185179,0.5114093864371769,0.17995460406268676,0.17431649776999453,0.660339773934721,0.003941639392536889,0.0073148148148149406,0.022579359276995448,0.40909603000726374,0.10736731517616299,0.11522989842515974,0.0,0.9999999987499999,0.679456560866534,0.2818725477178231,0.2968957570488672,0.41279542599254576,happy,03,14,14,female,strong,1637
100,3.336666666666667,True,1.0,0.48464578108720996,0.4782826556151714,0.4814642183511907,0.8053836611367016,-0.0597685185185185,-0.052083333333333315,0.4897164118512376,0.18753283118713113,0.1770988427644488,0.5978072831421266,0.006363125472038544,0.007685185185185184,0.02147584859865117,0.34697585953934873,0.10848374270644245,0.11401247072454931,0.0,0.9999999987499999,0.6781286023081107,0.2815646593914717,0.29315684455723073,0.3993706757701695,happy,03,14,14,female,strong,1637
110,3.6703333333333332,True,1.0,0.4831872848195169,0.4686246813143796,0.47590598306694826,0.7809393851318354,-0.05842592592592594,-0.05212962962962969,0.4854981502695547,0.1561828345337886,0.18194821833481406,0.6094019486372909,0.014562603505137273,0.006296296296296244,0.02354124707131714,0.35471249912179253,0.10952067756053249,0.11352135896572556,0.0,0.9999999987499999,0.6721629848111119,0.28569942379880514,0.29237411122924667,0.3972546504057948,happy,03,14,14,female,strong,1637
0,0.0,True,1.0,0.227274314666662,0.2129577034442009,0.22011600905543144,0.61638193650683,-0.07444444444444448,-0.06541666666666673,0.47488273020814237,0.09697574271619186,0.1778052414767488,0.35710976590728233,0.014316611222461112,0.009027777777777746,0.02965745109704721,0.45112859912435904,0.10592082615555903,0.11474887808963755,0.0,0.9999999987499999,0.6802051722954806,0.27962603922447005,0.2802943918799986,0.39260366836316934,happy,03,14,14,female,strong,1638
10,0.33366666666666667,True,1.0,0.6018260574619203,0.5976692442320259,0.5997476508469731,0.6614508994611896,-0.06199074074074068,-0.05277777777777776,0.48698668174517046,0.10085804436967817,0.17782068794340958,0.9067153001613888,0.004156813229894363,0.009212962962962923,0.027284762403552404,0.40347422949121947,0.10736560366865577,0.11440182372088228,0.0,0.9999999987499999,0.6814926717327555,0.2813624959882847,0.2857264098103847,0.4017640525959512,happy,03,14,14,female,strong,1638
20,0.6673333333333333,True,1.0,0.5508251392914209,0.5610227690244296,0.5559239541579253,0.745208875881304,-0.061435185185185204,-0.05333333333333318,0.4921084139514112,0.14792563695316177,0.17571007646889375,0.7459974943273115,0.01019762973300875,0.008101851851852027,0.01530236573178091,0.3568636134272086,0.10721660620676911,0.11420832535575849,0.0,0.9999999987499999,0.6776157447353942,0.28193640685471777,0.29081402067884365,0.4067636728800724,happy,03,14,14,female,strong,1638
30,1.0010000000000001,True,1.0,0.5308438270380194,0.5356701301791854,0.5332569786086023,0.733665132787547,-0.06254629629629627,-0.053101851851851845,0.4894701946587052,0.19710406552501278,0.17430599325732177,0.7268397457877035,0.004826303141166055,0.009444444444444422,0.01942565171799502,0.3789759613667196,0.10523034818242363,0.11636891312936122,0.0,0.9999999987499999,0.6730177171571754,0.2832570260977455,0.28345270453722365,0.3982364753503084,happy,03,14,14,female,strong,1638
40,1.3346666666666667,True,1.0,0.4101394427952404,0.3826254164388479,0.3963824296170442,0.6862065269134245,-0.05254629629629637,-0.04578703703703707,0.4968074049437443,0.16880167856714393,0.16876130242820966,0.5776430477861862,0.027514026356392496,0.006759259259259298,0.01361906426862469,0.438580350182491,0.11472677633355655,0.11425096372408647,0.0,0.9999999987499999,0.6133497070156188,0.2679653551654588,0.3167960072476162,0.35465864951741466,happy,03,14,14,female,strong,1638
50,1.6683333333333334,True,1.0,0.4281217597508522,0.40360744982740077,0.41586460478912646,1.0458943750854914,-0.06305555555555553,-0.05513888888888896,0.47137308746642714,0.3879646898528497,0.15694638891525292,0.397616255231446,0.02451430992345144,0.007916666666666572,0.01923851061301035,0.3041126690361244,0.10688556436952949,0.11682411404242692,0.0,0.9999999987499999,0.6771964600293243,0.2848634048387404,0.3023277389157454,0.42555420584639236,happy,03,14,14,female,strong,1638
60,2.0020000000000002,True,1.0,0.4382777708370132,0.3979068813908994,0.4180923261139563,0.7326367315156564,-0.0627314814814815,-0.05583333333333329,0.4780834230789608,0.3330046021554035,0.15559527783110302,0.5706679833660806,0.04037088944611378,0.006898148148148209,0.007526821376558242,0.3923238798695236,0.10671278399754287,0.11567172361230436,0.0,0.9999999987499999,0.6787823103381977,0.280381361646764,0.29972146731429894,0.4134029674357707,happy,03,14,14,female,strong,1638
70,2.3356666666666666,True,1.0,0.4142554333855324,0.4137931034482759,0.41402426841690415,0.8023294295779648,-0.06250000000000011,-0.05810185185185185,0.48624265825015467,0.40648018341563624,0.15426363258290535,0.5160277725755192,0.0004623299372564782,0.004398148148148262,0.003510224958205771,0.36477003244565454,0.10626394031823833,0.11706478798066386,0.0,0.9999999987499999,0.6764908956942152,0.2837793051787469,0.30236048950775046,0.42250108392904406,happy,03,14,14,female,strong,1638
80,2.6693333333333333,True,1.0,0.42730237128851367,0.41289148857902563,0.4200969299337697,0.8932678424013267,-0.060833333333333406,-0.05314814814814822,0.4980293709448583,0.29233402467786274,0.1680573714677489,0.47029223486255184,0.014410882709488038,0.007685185185185184,0.018793089596260318,0.34160276089358776,0.1045842936315696,0.11808472923998821,0.0,0.9999999987499999,0.6786485340855093,0.28214844756955826,0.29640133567299026,0.4056116896348344,happy,03,14,14,female,strong,1638
90,3.003,True,1.0,0.4116285710254709,0.42017916407854394,0.4159038675520074,0.8725181680327557,-0.059675925925925966,-0.053379629629629555,0.5050354985963662,0.26275237670160406,0.17083377993145385,0.47667072479388617,0.008550593053073041,0.006296296296296411,0.02361043823329516,0.3254569840853349,0.10629358891600278,0.11605705005359797,0.0,0.9999999987499999,0.6731282739423895,0.2853263359670857,0.3062530414799194,0.43255314670936645,happy,03,14,14,female,strong,1638
100,3.336666666666667,True,1.0,0.42792732880970524,0.4367870823414655,0.4323572055755854,0.8610596511957406,-0.05930555555555561,-0.05217592592592596,0.5076427823217329,0.23096710114715685,0.17292063758304477,0.5021222455089812,0.008859753531760273,0.007129629629629652,0.018267893182793704,0.3225707966030024,0.10780968124359874,0.11498193961285375,0.0,0.9999999987499999,0.6758418016347163,0.28311392359499554,0.30848584690548664,0.4269287077952326,happy,03,14,14,female,strong,1638
110,3.6703333333333332,True,1.0,0.4361218683015384,0.4370012779757934,0.4365615731386659,0.7690205452787657,-0.057592592592592584,-0.05064814814814822,0.5005354801666692,0.1762123659738606,0.17639278163936423,0.5676851884112079,0.0008794096742550384,0.006944444444444364,0.019478617635256417,0.36173824075332744,0.10625014496305979,0.11208915142256982,0.0,0.9999999987499999,0.6752504323917067,0.2840685776149282,0.3001166622322918,0.4050130605117161,happy,03,14,14,female,strong,1638
0,0.0,True,1.0,0.6285493385729122,0.6594653232063586,0.6440073308896355,0.6266474169043197,-0.06319444444444433,-0.05708333333333343,0.37140607999335734,0.23315118397085638,0.17777949438325966,1.0277028413698326,0.03091598463344647,0.006111111111110901,0.012959450731369714,0.4316491155663513,0.10755663079884546,0.1123724960579832,0.0,0.9999999987499999,0.6850892102934925,0.27759887737734873,0.2641949326646551,0.3593052779423026,happy,03,14,14,female,strong,1639
10,0.33366666666666667,True,1.0,0.6402395961975006,0.6720610546024337,0.6561503253999672,0.7285162187753212,-0.06087962962962962,-0.05430555555555561,0.426928933154859,0.15975454996111862,0.17847606953301573,0.900666736703535,0.03182145840493311,0.00657407407407401,0.017902994441006393,0.3552458603764149,0.10639336921392387,0.11464373213884702,0.0,0.9999999987499999,0.6796984856286263,0.28306032107695545,0.2637044442622285,0.3604352058728717,happy,03,14,14,female,strong,1639
20,0.6673333333333333,True,1.0,0.2858115057922867,0.25845088021097323,0.27213119300162997,0.7422202745326365,-0.07263888888888892,-0.0627314814814815,0.4824300530602534,0.14056691661335063,0.17848290899188052,0.36664478503094833,0.02736062558131347,0.00990740740740742,0.018416702269737687,0.37529233660986416,0.10518560815152263,0.11624557630963805,0.0,0.9999999987499999,0.6802416282216011,0.28220829121176766,0.27967554978902287,0.399209733460278,happy,03,14,14,female,strong,1639
30,1.0010000000000001,True,1.0,0.39518310194270523,0.4141526352005054,0.4046678685716053,0.6578076854757781,-0.05731481481481476,-0.05180555555555555,0.4838273477642047,0.14798071928206824,0.17153178084657764,0.6151765592080576,0.018969533257800153,0.005509259259259214,0.021661027964839104,0.42475297343923174,0.11774715435725967,0.11079221843479148,0.0,0.9999999987499999,0.6163000233140132,0.26838299499705953,0.3216546451713284,0.3679115320977079,happy,03,14,14,female,strong,1639
40,1.3346666666666667,True,1.0,0.4499957108815183,0.4133766250138884,0.4316861679477033,0.7144954875963011,-0.05972222222222218,-0.053194444444444544,0.47654827777941766,0.24001655768952745,0.17292769676479455,0.6041831970135708,0.03661908586762991,0.0065277777777776325,0.012589773727619708,0.4221479480436316,0.10824245731237372,0.11573276059292457,0.0,0.9999999987499999,0.6774034899819302,0.2810127262565918,0.29380393644806857,0.3972905020644426,happy,03,14,14,female,strong,1639
50,1.6683333333333334,True,1.0,0.46435641970316494,0.4684298660851566,0.4663931428941608,0.9428708186360142,-0.06171296296296286,-0.054675925925925906,0.4846669809322467,0.2740844915505809,0.17361155056367997,0.49465221923917363,0.004073446381991641,0.007037037037036953,0.016661796147958825,0.32132995337590115,0.10627203902093062,0.11705743598403479,0.0,0.9999999987499999,0.6771769741490347,0.2815600696656233,0.3000780290510562,0.4106071874530119,happy,03,14,14,female,strong,1639
60,2.0020000000000002,True,1.0,0.6268712076163562,0.6311045164259677,0.628987862021162,0.7304354667553988,-0.0716666666666666,-0.06773148148148145,0.4412837981927303,0.3411385190085714,0.18269903226568524,0.8611135283656638,0.00423330880961148,0.003935185185185153,0.011006619855753425,0.3967033631128607,0.10971011082303966,0.11533783728075374,0.0,0.9999999987499999,0.6758749853613321,0.2801140357212782,0.2887953000277833,0.38656794230339514,happy,03,14,14,female,strong,1639
70,2.3356666666666666,True,1.0,0.4439422962180865,0.4442494805947625,0.4440958884064245,0.6789419441896245,-0.06430555555555562,-0.0593981481481482,0.47885161638858126,0.2847058724250182,0.16531516399381246,0.6540999450792381,0.0003071843766759841,0.004907407407407416,0.002642895654798732,0.4291302153425813,0.10644603337615324,0.11706210113937718,0.0,0.9999999987499999,0.6725161058954833,0.2830244539323123,0.2976999961325089,0.40973697105342344,happy,03,14,14,female,strong,1639
80,2.6693333333333333,True,1.0,0.4935029609798383,0.5139202433285633,0.5037116021542009,0.8468481885460143,-0.06231481481481482,-0.05550925925925926,0.498100858436359,0.24866332653813358,0.1770988427644487,0.5948074388858792,0.02041728234872503,0.006805555555555565,0.014852928852537774,0.35164560094344166,0.10774662483496228,0.11603043707990424,0.0,0.9999999987499999,0.6699285467077456,0.28464975542507726,0.3007653407036401,0.41818610091201797,happy,03,14,14,female,strong,1639
90,3.003,True,1.0,0.5025203724126036,0.5145238365010204,0.508522104456812,0.7717740873450021,-0.05916666666666659,-0.0532407407407407,0.5,0.19549374720964413,0.1777777777777778,0.658900205118561,0.012003464088416793,0.00592592592592589,0.014102435469072132,0.37838150628413375,0.11062809523746918,0.11261175003945532,0.0,0.9999999987499999,0.6697020828018707,0.2818190081697048,0.3042570651466577,0.41042866303027126,happy,03,14,14,female,strong,1639
100,3.336666666666667,True,1.0,0.5502096654762663,0.5761450855192937,0.56317737549778,0.7899124852193962,-0.05912037037037027,-0.05300925925925931,0.48329316907053943,0.21387589670898163,0.17639278163936412,0.7129617344146155,0.025935420043027402,0.006111111111110956,0.014465024343008366,0.3517401464063818,0.10760838673254383,0.11434023427456724,0.0,0.9999999987499999,0.6712975814466412,0.2836227236056715,0.2927340183001951,0.40419254116769987,happy,03,14,14,female,strong,1639
110,3.6703333333333332,True,1.0,0.19340604208291554,0.16381203115572043,0.17860903661931798,0.6726581010847393,-0.07583333333333331,-0.06800925925925921,0.48353122353537925,0.12679103192219307,0.18055555555555558,0.2655272215279801,0.029594010927195102,0.007824074074074094,0.01541297348916959,0.4161815134728776,0.10692676726036694,0.11397937018297087,0.0,0.9999999987499999,0.674823577415341,0.2820589909814739,0.28494763756129365,0.3927733884486093,happy,03,14,14,female,strong,1639
0,0.0,True,1.0,0.7841151816953673,0.7788044957163309,0.7814598387058491,0.44444444444444553,-0.06240740740740741,-0.05768518518518517,0.3591276873532611,0.24521072796934915,0.17917347976387138,1.7582846370881562,0.005310685979036389,0.004722222222222239,0.000575167058633491,0.5431034482758604,0.10683596386194984,0.11272034257054925,0.0,0.9999999987499999,0.684653382501438,0.28102446337820575,0.25579835611007445,0.3524907353811849,sad,04,14,14,female,normal,1640
10,0.33366666666666667,True,1.0,0.7918151868402815,0.787922123790839,0.7898686553155603,0.41029807019842546,-0.062222222222222234,-0.05828703703703708,0.36339598013783797,0.23549038560317476,0.17916836996525623,1.9251093599674245,0.00389306304944248,0.003935185185185153,0.001281678598410534,0.6040355967732342,0.10624959789525806,0.1127675037758753,0.0,0.9999999987499999,0.6843073713469764,0.2811897632342855,0.25570528930578035,0.350203020589469,sad,04,14,14,female,normal,1640
20,0.6673333333333333,True,1.0,0.3297385289924033,0.2956560982875187,0.312697313639961,0.896526972048916,-0.08490740740740743,-0.0775925925925926,0.3643965775276875,0.33428300094966756,0.17917347976387138,0.34878740226334176,0.03408243070488459,0.0073148148148148295,0.0043941695622417894,0.2955374162940511,0.10432948421819416,0.11371159108114354,0.0,0.9999999987499999,0.681355050754677,0.2826793062133056,0.26019642018292016,0.3541193669320246,sad,04,14,14,female,normal,1640
30,1.0010000000000001,True,1.0,0.508167297756764,0.5010101010101006,0.5045886993834323,0.9108291531724789,-0.06805555555555559,-0.061712962962963025,0.37567384021635597,0.3305428378448511,0.18055597810614277,0.5539883057386954,0.007157196746663375,0.006342592592592566,0.009625946345690146,0.3179496849286091,0.1036166262809123,0.115851186910924,0.0,0.9999999987499999,0.6829290651494974,0.2833316980360529,0.25452623443718914,0.35273323280650026,sad,04,14,14,female,normal,1640
40,1.3346666666666667,True,1.0,0.3179621529569608,0.2913245719772773,0.30464336246711904,0.6624405490325059,-0.07824074074074072,-0.0715277777777778,0.36179515347769153,0.27843514383266144,0.18333707863421067,0.45988030610754504,0.026637580979683495,0.006712962962962921,0.014136383649309716,0.43451708526916866,0.11743545408383052,0.11146492741759707,0.0,0.9999999987499999,0.6274345252866772,0.26868318756015835,0.27471551758365065,0.3247469602890762,sad,04,14,14,female,normal,1640
50,1.6683333333333334,True,1.0,0.70482109126982,0.6789243151647072,0.6918727032172636,0.8183315137193202,-0.061805555555555614,-0.05708333333333343,0.3906391568726986,0.30508510792387705,0.1812605229973301,0.8454675050612425,0.025896776105112762,0.004722222222222183,0.0054688384228374015,0.334055895413333,0.1054753432381082,0.11565375155005105,0.0,0.9999999987499999,0.681119749587335,0.281042947149334,0.2616032421635828,0.3515541405644563,sad,04,14,14,female,normal,1640
60,2.0020000000000002,True,1.0,0.3902587156367972,0.3336443065906406,0.3619515111137189,0.8073301654265291,-0.07837962962962958,-0.07268518518518513,0.37685493852797947,0.26669383311487516,0.185457809398365,0.4483314591899245,0.05661440904615661,0.005694444444444446,0.004584414921575841,0.35335407733568,0.11678876454654111,0.11332531944879286,0.0,0.9999999987499999,0.6205199842280662,0.2711221562384142,0.27919738885939904,0.32191671495869795,sad,04,14,14,female,normal,1640
70,2.3356666666666666,True,1.0,0.7018618813745107,0.6827931658021266,0.6923275235883186,0.6183447449945609,-0.06064814814814817,-0.0562037037037037,0.3484809779648791,0.25504199078189427,0.18612135926937018,1.1196464903965642,0.0190687155723841,0.004444444444444473,0.0035808707207498174,0.4640166217182857,0.10893189562926318,0.11341650708298062,0.0,0.9999999987499999,0.671688276185474,0.2777717197971854,0.2573983623223553,0.36083111310813876,sad,04,14,14,female,normal,1640
80,2.6693333333333333,True,1.0,0.680622312565968,0.6941792734202301,0.687400792993099,0.6325380244100978,-0.05837962962962967,-0.0532407407407407,0.3566521233735413,0.21082710110114417,0.1923611111111111,1.0867343408076786,0.013556960854262168,0.0051388888888889706,0.00016703681247833653,0.44256546564410154,0.10788309322776159,0.11391395137159781,0.0,0.9999999987499999,0.670531879642482,0.27481014064738996,0.2543105078607684,0.35899928514828233,sad,04,14,14,female,normal,1640
90,3.003,True,1.0,0.6795389633653897,0.6825673695795609,0.6810531664724753,0.5629011939301942,-0.05782407407407403,-0.05203703703703699,0.36435105809963086,0.1851648664244064,0.18958373576250787,1.2098982446943134,0.00302840621417122,0.005787037037037035,0.012212017680134534,0.5032894736842111,0.1094901786959733,0.11168990599480695,0.0,0.9999999987499999,0.6704046398872048,0.2753628918272973,0.2551787981055954,0.3563970931537474,sad,04,14,14,female,normal,1640
100,3.336666666666667,True,1.0,0.7101498715298719,0.7115476726610587,0.7108487720954653,0.528990182010092,-0.058611111111111114,-0.05379629629629634,0.36870752325144096,0.19100091827364496,0.18819444444444444,1.3437844335680011,0.0013978011311868155,0.004814814814814772,0.007214234077456546,0.5155620690178889,0.10923909003216377,0.11210557295828379,0.0,0.9999999987499999,0.6720477450980391,0.2747483284481765,0.25322013104903246,0.3550200616721322,sad,04,14,14,female,normal,1640
110,3.6703333333333332,True,1.0,0.7322736866163676,0.7378254569410447,0.7350495717787062,0.5142332415059677,-0.05777777777777782,-0.05375000000000002,0.37002511267549887,0.22038567493112854,0.1875004069006002,1.42940889940538,0.00555177032467713,0.004027777777777797,0.00012033792787382545,0.49821428571428655,0.10951467408226148,0.11200659975071184,0.0,0.9999999987499999,0.6706826805409664,0.2774836462122925,0.25120957767480767,0.35067519609447234,sad,04,14,14,female,normal,1640
0,0.0,True,1.0,0.5466364995000995,0.5092827764155715,0.5279596379578355,0.4592592592592597,-0.06703703703703695,-0.06314814814814806,0.3647203432573933,0.19259259259259298,0.186112750854354,1.1495895342630278,0.037353723084528,0.003888888888888886,0.004102603091289728,0.5815405283006431,0.11920081034080716,0.11009538853558028,0.0,0.9999999987499999,0.6267156828903436,0.26323168481378595,0.27661184304379194,0.3265057846846447,sad,04,14,14,female,normal,1641
10,0.33366666666666667,True,1.0,0.7281211684709996,0.7461344553933094,0.7371278119321545,0.4550968368716592,-0.06282407407407409,-0.05921296296296297,0.3642897957440508,0.22751096788022482,0.18405430888416377,1.619716403654175,0.018013286922309746,0.0036111111111111205,0.012404131720122807,0.5660945764093661,0.10843737984749259,0.11220408700626877,0.0,0.9999999987499999,0.6744963932057197,0.2823346156675536,0.2545880969215126,0.34354287077878276,sad,04,14,14,female,normal,1641
20,0.6673333333333333,True,1.0,0.7074281764001437,0.7050877816030183,0.706257979001581,0.46687412814023393,-0.06129629629629629,-0.05685185185185182,0.35877220921509834,0.2031824022562678,0.1847370903386176,1.512737451987153,0.0023403947971253336,0.004444444444444473,0.008552266747388772,0.5478040776237731,0.10811654227633255,0.11268247300614945,0.0,0.9999999987499999,0.6705485151248,0.2770948438947247,0.2500145175852825,0.35307212273947935,sad,04,14,14,female,normal,1641
30,1.0010000000000001,True,1.0,0.29118773946360116,0.26517367678525755,0.27818070812442935,0.8803763186045328,-0.0756944444444444,-0.07023148148148145,0.4000971107037272,0.27756362324655304,0.18263930661951863,0.3159793173053179,0.026014062678343608,0.005462962962962947,0.00821528653048833,0.330171263885094,0.11707051386146622,0.11218831757089086,0.0,0.9873555507772646,0.6209534983290191,0.2679117924738335,0.28954104155590443,0.3393526593872355,sad,04,14,14,female,normal,1641
40,1.3346666666666667,True,1.0,0.664631028525949,0.6760569206936616,0.6703439746098053,0.8171601139532323,-0.06532407407407409,-0.059537037037037055,0.3757743809315138,0.35121838616255924,0.1854429990664996,0.820333693683158,0.011425892167712615,0.005787037037037035,0.00027610155210452763,0.3355099792443909,0.1063246438240007,0.11503917742283731,0.0,0.9999999987499999,0.6785139931128701,0.2823046330351227,0.26342507407449645,0.3562604567278017,sad,04,14,14,female,normal,1641
50,1.6683333333333334,True,1.0,0.6444437739685196,0.6893314333720979,0.6668876036703087,0.9026737872134304,-0.06305555555555553,-0.057129629629629586,0.3817072268181273,0.3525933298955198,0.18611766999740337,0.7387913697250502,0.044887659403578306,0.005925925925925946,0.022893598092134478,0.3167795825478713,0.10576658053350114,0.11439250428342912,0.0,0.9999999987499999,0.676329011245123,0.28438742913278836,0.26587795342942266,0.3576699929036716,sad,04,14,14,female,normal,1641
60,2.0020000000000002,True,1.0,0.6943407085409901,0.7233451406248975,0.7088429245829437,0.8446187169719767,-0.06592592592592594,-0.061064814814814794,0.38953648389671713,0.3183410061060033,0.19100457921116565,0.8392460530879547,0.02900443208390746,0.004861111111111149,0.02520418019661347,0.33345481830316515,0.10549518686664498,0.11514031433147355,0.0,0.9999999987499999,0.6733421807629302,0.28496718388155257,0.2685928028172487,0.35141123609245495,sad,04,14,14,female,normal,1641
70,2.3356666666666666,True,1.0,0.7288198269092272,0.7532956685499069,0.741057747729567,0.6186624500985316,-0.06402777777777785,-0.055648148148148224,0.3528748362538113,0.2564220649386916,0.18966219313384594,1.197838575157652,0.02447584164067973,0.008379629629629626,0.037220617528070425,0.439535942870433,0.11021544301811201,0.11216959519013481,0.0,0.9999999987499999,0.6660149183892307,0.27767811864424263,0.26506020293722604,0.3625284934100727,sad,04,14,14,female,normal,1641
80,2.6693333333333333,True,1.0,0.6974436886507855,0.7180663304828685,0.707755009566827,0.6338557503161832,-0.06152777777777779,-0.05277777777777776,0.3653090183883851,0.21366894054933405,0.1910297419690029,1.1165868720348138,0.020622641832082955,0.008750000000000036,0.03555305834821739,0.41910673532331677,0.10901696900359543,0.11316650779217592,0.0,0.9999999987499999,0.6685114353241297,0.2746409605561013,0.25856854625795184,0.35987125205390147,sad,04,14,14,female,normal,1641
90,3.003,True,1.0,0.6617911693512059,0.7204250060418353,0.6911080876965205,0.5500106130205586,-0.060972222222222205,-0.052731481481481546,0.3617356422357134,0.21544513440994356,0.1917339262223218,1.2565359128273546,0.05863383669062949,0.00824074074074066,0.03295635366191264,0.47184006116438615,0.10844944075438478,0.11286964640333678,0.0,0.9999999987499999,0.6678492643151009,0.27518533559430663,0.25578235791410764,0.35956888266515147,sad,04,14,14,female,normal,1641
100,3.336666666666667,True,1.0,0.7243177622680971,0.7954300832925751,0.7598739227803362,0.5646766902261046,-0.06125000000000003,-0.0532407407407407,0.358227129629132,0.21544513440994356,0.1882528129298553,1.3456796356797938,0.07111232102447806,0.008009259259259327,0.04009787170444053,0.4743626736781927,0.10915272231626423,0.11218966748497022,0.0,0.9999999987499999,0.6692416411173846,0.2746042116036436,0.2576701452796774,0.3606241262289165,sad,04,14,14,female,normal,1641
0,0.0,True,1.0,0.7436200563742685,0.7306792386574593,0.7371496475158639,0.43686191073249075,-0.06555555555555559,-0.06027777777777782,0.3619827383304598,0.18830254772952135,0.17986153529316393,1.687374498453934,0.012940817716809216,0.00527777777777777,0.0033110276621377893,0.5625000000000016,0.1046546969409737,0.11424920730079162,0.0,0.9999999987499999,0.6850730444521559,0.2820601243563965,0.2523642049721876,0.3516747460325822,sad,04,14,14,female,normal,1642
10,0.33366666666666667,True,1.0,0.4054506233262532,0.37860082304526704,0.3920257231857601,0.5273152207926523,-0.0840277777777777,-0.07939814814814816,0.36534440163520776,0.15817414009279923,0.17986111111111114,0.74343714675346,0.026849800280986158,0.004629629629629539,0.002899600410248214,0.4660112492441254,0.11817975095334701,0.11101923382710618,0.0,0.9999999987499999,0.621908551529987,0.27273419475478716,0.27999122034180773,0.3265868202771536,sad,04,14,14,female,normal,1642
20,0.6673333333333333,True,1.0,0.3997689440459302,0.38929658818403073,0.39453276611498045,0.7223721449797076,-0.08171296296296293,-0.07430555555555562,0.3728613261952982,0.2889488579918828,0.1777794943832596,0.546162762305935,0.010472355861899485,0.007407407407407307,0.0044348024454919175,0.3599999999999999,0.10547722723762969,0.11548718052381879,0.0,0.9999999987499999,0.6832412710709284,0.2813949051505795,0.2578184395421634,0.3603817557743404,sad,04,14,14,female,normal,1642
30,1.0010000000000001,True,1.0,0.628589129869137,0.6343120704976992,0.6314506001834181,0.789761531539674,-0.0710648148148148,-0.0672685185185185,0.36118906528639927,0.3352006162722794,0.18218581582877832,0.7995459071707103,0.0057229406285622675,0.0037962962962962976,0.01130278760291498,0.32055242075366736,0.105419537601572,0.11553984344433148,0.0,0.9999999987499999,0.6812565901204233,0.2793098868947615,0.2560593616292806,0.35470750195296635,sad,04,14,14,female,normal,1642
40,1.3346666666666667,True,1.0,0.33188317024500674,0.3173004683477358,0.32459181929637126,0.6739588698154061,-0.08000000000000002,-0.07041666666666668,0.37457442332887403,0.3082120531630625,0.17920924427469395,0.4816196267070056,0.014582701897270955,0.009583333333333333,0.001931121883133004,0.39483371664397243,0.10603352998421216,0.11497662740877411,0.0,0.9999999987499999,0.6826021763392858,0.28340213796182,0.25581974883756264,0.3508709020554623,sad,04,14,14,female,normal,1642
50,1.6683333333333334,True,1.0,0.661322039151268,0.6627030274370047,0.6620125332941363,0.8271701461697246,-0.06555555555555553,-0.05782407407407414,0.39962719482423903,0.2644120018686138,0.17987171536233565,0.8003341711008752,0.0013809882857367395,0.007731481481481395,0.009861122779484621,0.3227321805551824,0.10550568554846089,0.11446685530487445,0.0,0.9999999987499999,0.681970877944928,0.28247996955074905,0.2621431632308491,0.3519022043768736,sad,04,14,14,female,normal,1642
60,2.0020000000000002,True,1.0,0.7054133283326145,0.7073282551409797,0.7063707917367972,0.6351190166267481,-0.06856481481481486,-0.06087962962962967,0.38065916219158136,0.26807760141093506,0.18544999298171572,1.112186492995411,0.001914926808365247,0.007685185185185184,0.008104606982799982,0.4123711541433503,0.10538364479660393,0.11407929791525777,0.0,0.9999999987499999,0.680504575955382,0.2827586193938083,0.2607677234384376,0.34758391263515526,sad,04,14,14,female,normal,1642
70,2.3356666666666666,True,1.0,0.7232602798660154,0.748641127383458,0.7359507036247367,0.674384603504572,-0.0627314814814815,-0.05870370370370376,0.34939258126551037,0.2605363984674332,0.1861258682802443,1.0912922682401471,0.02538084751744263,0.004027777777777741,0.006857219378152187,0.38416414653019076,0.10743181203899187,0.11164180544759192,0.0,0.9999999987499999,0.6784568323970211,0.28412324069633554,0.25851725752106114,0.3394844354873669,sad,04,14,14,female,normal,1642
80,2.6693333333333333,True,1.0,0.7420699135790002,0.754904359708925,0.7484871366439626,0.5479076927335417,-0.06305555555555559,-0.05842592592592588,0.3647686020700424,0.2073164242775566,0.18823498003510292,1.3660825474264087,0.012834446129924793,0.004629629629629706,0.00019540275516575874,0.4720581161758356,0.10695737218641073,0.11226625247109452,0.0,0.9999999987499999,0.6691804273975214,0.2803869560577973,0.24919093187277358,0.34804312901983603,sad,04,14,14,female,normal,1642
90,3.003,True,1.0,0.7446173719141236,0.7420299557719595,0.7433236638430416,0.5973058048068283,-0.062268518518518556,-0.057870370370370405,0.35857312943606007,0.23892232192273152,0.18754922856350442,1.2444608069453407,0.0025874161421640673,0.004398148148148151,0.0027554206502585646,0.4226150915726979,0.10702471231900959,0.11237173047300235,0.0,0.9999999987499999,0.6753618832533014,0.28370088828268,0.2510225965893426,0.33686587257669265,sad,04,14,14,female,normal,1642
100,3.336666666666667,True,1.0,0.7801829744507599,0.7633101573787798,0.7717465659147699,0.5436221440220191,-0.0656018518518518,-0.05930555555555561,0.36449194065712354,0.2423980810862236,0.18406135556647346,1.4196378392626896,0.016872817071980073,0.006296296296296189,0.0031502428150630667,0.4560283849908757,0.10738340757168366,0.11253804013398278,0.0,0.9999999987499999,0.6805808904186673,0.2803833779321436,0.2543211621859471,0.3426360999501931,sad,04,14,14,female,normal,1642
0,0.0,True,1.0,0.7675503821872935,0.7966576924195061,0.7821040373033998,0.4057184232491177,-0.0643055555555555,-0.05754629629629632,0.360834990053198,0.2328618993773011,0.1826894273605715,1.9277015597173788,0.02910731023221258,0.006759259259259187,0.01594318058588697,0.6259606045510864,0.10657980450275979,0.11296257820868255,0.0,0.9999999987499999,0.6784110832067203,0.28250312015666335,0.257916521260005,0.3541294704119945,sad,04,14,14,female,normal,1643
10,0.33366666666666667,True,1.0,0.4332341710056839,0.41834687821550687,0.4257905246105954,0.4360048051140686,-0.07805555555555554,-0.07087962962962957,0.36254146549894745,0.21783855103037844,0.18063835658170116,0.9765730093254342,0.014887292790177031,0.0071759259259259744,0.020113739598523417,0.5824792445305474,0.10594727817331626,0.11355603485238035,0.0,0.9999999987499999,0.6787160905846714,0.28217705913870217,0.25120684933464577,0.34709058423387606,sad,04,14,14,female,normal,1643
20,0.6673333333333333,True,1.0,0.3687886536004653,0.3163828499754382,0.34258575178795175,0.7651951685070992,-0.09027777777777779,-0.08106481481481481,0.3682674229389999,0.30894883143456275,0.17933691644693356,0.4477102912925323,0.052405803625027114,0.009212962962962978,0.02374245432954129,0.34660651639940737,0.10744180179707612,0.11214302488703173,0.0,0.9999999987499999,0.6773704618800644,0.28165823626698117,0.26055552630530465,0.3550636215123717,sad,04,14,14,female,normal,1643
30,1.0010000000000001,True,1.0,0.6676639394373405,0.7297559860536156,0.698709962745478,0.8048788240649585,-0.067037037037037,-0.06046296296296294,0.3641492797733482,0.3289934308384838,0.17993278368223806,0.8680933599628259,0.0620920466162751,0.0065740740740740655,0.044775742928629646,0.31885730996401707,0.10713919984837739,0.11444753396123857,0.0,0.9999999987499999,0.6769680601850115,0.280052586707669,0.26002063208932263,0.3561537357302244,sad,04,14,14,female,normal,1643
40,1.3346666666666667,True,1.0,0.5493534181321394,0.5884447713897907,0.5688990947609651,0.5997102448369024,-0.07041666666666668,-0.05995370370370373,0.3616603441693117,0.28426655990879973,0.18421051613193204,0.9486232720864779,0.03909135325765123,0.010462962962962952,0.05946334456766186,0.4348803066936933,0.10874236436669411,0.11326231615937557,0.0,0.9999999987499999,0.6707167705988647,0.2800117327232203,0.2615923404400022,0.3558733890076325,sad,04,14,14,female,normal,1643
50,1.6683333333333334,True,1.0,0.480830654084591,0.5327654222941476,0.5067980381893693,0.747140785606519,-0.0703240740740741,-0.06175925925925918,0.3674895244552537,0.2290334671647401,0.18428670713176193,0.6783166545752919,0.05193476820955656,0.008564814814814914,0.0636126123951205,0.35792269243219954,0.10738095943435541,0.10997171016763804,0.0,0.9999999987499999,0.6824327582204758,0.27911049963173634,0.2653208576423287,0.35531986518018016,sad,04,14,14,female,normal,1643
60,2.0020000000000002,True,1.0,0.6487455158723614,0.7306792386574595,0.6897123772649105,0.6181026616287003,-0.06486111111111109,-0.051388888888888984,0.3683579404025808,0.2290334671647389,0.18846829530139966,1.115854080691901,0.08193372278509814,0.013472222222222108,0.08443269556225738,0.4270294329361942,0.10688799737341342,0.11062326812704953,0.0,0.9999999987499999,0.6802235785329757,0.2771405931008501,0.26946169302851447,0.3553513259918989,sad,04,14,14,female,normal,1643
70,2.3356666666666666,True,1.0,0.6368148384995521,0.7281386847983515,0.6824767616489518,0.6271728227655767,-0.06541666666666668,-0.056157407407407434,0.3539120682312078,0.2381553007970372,0.19332252053220983,1.0881797438854368,0.09132384629879942,0.009259259259259245,0.07548059207468641,0.41159220208123676,0.10704031870928996,0.11082025762197366,0.0,0.9999999987499999,0.6704304290544343,0.27527233181409777,0.2594994972277421,0.3612565209996873,sad,04,14,14,female,normal,1643
80,2.6693333333333333,True,1.0,0.6437515453690704,0.7461621979053147,0.6949568716371926,0.6423731073891263,-0.06449074074074074,-0.05384259259259255,0.35107381185658854,0.22339658970325726,0.19262903852213903,1.0818586015560157,0.10241065253624426,0.010648148148148184,0.08327969826335876,0.39737305623244046,0.10934380525206451,0.1095961462233793,0.0,0.9999999987499999,0.6717426467071205,0.2736569552734943,0.25920015937873425,0.36157422598937466,sad,04,14,14,female,normal,1643
90,3.003,True,1.0,0.6654789807972314,0.7478995326962068,0.7066892567467191,0.5920426860869307,-0.06407407407407412,-0.05407407407407411,0.35578153118115197,0.2214692271888807,0.19122174848100948,1.193645784930708,0.08242055189897535,0.010000000000000009,0.08059297163852834,0.4412526684344771,0.10973312963699021,0.1092063334899264,0.0,0.9999999987499999,0.6711332625628377,0.27394325562443816,0.2609067189822992,0.3625340489542052,sad,04,14,14,female,normal,1643
100,3.336666666666667,True,1.0,0.6351407416334086,0.7057210918223986,0.6704309167279037,0.5975038197602881,-0.06356481481481491,-0.05370370370370375,0.3534429829058927,0.2381553007970372,0.18910243610228725,1.122052938501503,0.07058035018899,0.009861111111111154,0.07908010313968183,0.44567639288816585,0.10791188861641555,0.1104902505506975,0.0,0.9999999987499999,0.6722017108874799,0.2741842513382957,0.2566136794424741,0.36067159157620576,sad,04,14,14,female,normal,1643
0,0.0,True,1.0,0.6645961168118795,0.6484807270127833,0.6565384219123314,0.4597161299289193,-0.06324074074074082,-0.0587037037037037,0.3613909840744746,0.23752000046327434,0.17988825674602404,1.4281387560054604,0.016115389799096214,0.004537037037037117,0.0008488306930370052,0.5634867887635966,0.11774093618663077,0.1114845090622116,0.0,0.9999999987499999,0.6271787608324582,0.2686382202579965,0.2789858655873307,0.3347818374182462,sad,04,14,14,female,strong,1644
10,0.33366666666666667,True,1.0,0.5773566341950298,0.5902747046527724,0.5838156694239012,0.46259822484786134,-0.06699074074074074,-0.06412037037037038,0.3642998394929052,0.2386033070239022,0.17992218303025742,1.2620361213359728,0.012918070457742625,0.0028703703703703565,0.0042780868319632235,0.5478040776237745,0.12091859061314031,0.10890793358275974,0.0,0.9999999987499999,0.6219470680147058,0.2682074252929904,0.28510233649043676,0.3338317469505445,sad,04,14,14,female,strong,1644
20,0.6673333333333333,True,1.0,0.7060304861543868,0.6796686429974595,0.6928495645759232,0.45491219985881826,-0.06379629629629635,-0.06004629629629632,0.3727536904603689,0.22711984559352272,0.18130092563129846,1.5230401927909356,0.026361843156927245,0.003750000000000031,0.008697372431269173,0.5625912783568656,0.12039879628636806,0.1094822972256055,0.0,0.9999999987499999,0.6218750538184024,0.26791527701159096,0.28522079089680236,0.33204436970970863,sad,04,14,14,female,strong,1644
30,1.0010000000000001,True,1.0,0.7079122007705356,0.7427638413962335,0.7253380210833846,0.788554838717607,-0.06453703703703711,-0.06194444444444447,0.41478514962848173,0.24309501414751478,0.18612586828024436,0.91983205919194,0.0348516406256979,0.0025925925925926463,0.006643230133989185,0.348411682235299,0.10364353003423843,0.11549767763008803,0.0,0.9999999987499999,0.6796614821709934,0.2851768931107736,0.2746336524438886,0.37048548258642894,sad,04,14,14,female,strong,1644
40,1.3346666666666667,True,1.0,0.6820272178315472,0.6833250942520299,0.6826761560417886,0.807655888672568,-0.06041666666666673,-0.05564814814814817,0.377925095732908,0.2811097159859494,0.18133248392541945,0.8452562107407013,0.0012978764204827353,0.004768518518518561,0.0017835016315281107,0.3332403988034873,0.11768074445969808,0.11069076953743158,0.0,0.9999999987499999,0.6239753023553172,0.2696035933322522,0.2831439969838912,0.3336219914713485,sad,04,14,14,female,strong,1644
50,1.6683333333333334,True,1.0,0.6682612253251903,0.6685164892586666,0.6683888572919284,1.073164199625134,-0.05921296296296302,-0.05384259259259261,0.3596430783147449,0.38734243063737206,0.18212927311106022,0.6228206806799954,0.00025526393347630183,0.005370370370370414,0.007759452954030825,0.25917810705643357,0.12044397142151975,0.10820704999625405,0.0,0.9999999987499999,0.6191323421477967,0.26797576012757535,0.2858095352277325,0.33054377151047337,sad,04,14,14,female,strong,1644
60,2.0020000000000002,True,1.0,0.6699317569872899,0.6310891029375502,0.65051042996242,0.5489067008895604,-0.06013888888888885,-0.05634259259259272,0.3725676418727138,0.14419658454562295,0.19330239254211215,1.185102001684804,0.038842654049739744,0.003796296296296131,0.018006132040409153,0.508553111270557,0.10726401001411036,0.11416380504545308,0.0,0.9999999987499999,0.6650698601784464,0.2785064574427059,0.2666873084609137,0.36038104868834386,sad,04,14,14,female,strong,1644
70,2.3356666666666666,True,1.0,0.6690829030328456,0.622840535073406,0.6459617190531257,0.6526118131784269,-0.0568055555555555,-0.05384259259259261,0.38960077505655566,0.22395120246256336,0.19336513759495064,0.989810031030678,0.04624236795943959,0.0029629629629628895,0.024900297075839205,0.4604951441010049,0.10965571433419856,0.11271684114896134,0.0,0.9999999987499999,0.6578636142269408,0.28032268758978335,0.27771781663599565,0.36728904724694217,sad,04,14,14,female,strong,1644
80,2.6693333333333333,True,1.0,0.7052269395644438,0.6772524011835461,0.6912396703739949,0.6469779876239153,-0.05717592592592591,-0.053240740740740644,0.36609026896633445,0.2276152957123092,0.19455780600042563,1.0684129655054178,0.027974538380897696,0.003935185185185264,0.009768563546930011,0.449159181987227,0.10916297215884255,0.11369793013342924,0.0,0.9999999987499999,0.6611039999437276,0.278081240594251,0.2713043637107046,0.3606932049287177,sad,04,14,14,female,strong,1644
90,3.003,True,1.0,0.7047103371384986,0.66190413673112,0.6833072369348093,0.5373614029295359,-0.057083333333333375,-0.053379629629629555,0.40127241199358826,0.1543541058319192,0.1931835552199687,1.2715971657242588,0.04280620040737859,0.00370370370370382,0.01189521795430646,0.5391329340540942,0.1093362356265988,0.11302676472199354,0.0,0.9999999987499999,0.6641229696097188,0.27747044404603416,0.27008549552002276,0.3644206586631454,sad,04,14,14,female,strong,1644
100,3.336666666666667,True,1.0,0.24969925943250404,0.21045158871093936,0.2300754240717217,0.491058436590258,-0.0778240740740741,-0.0744907407407408,0.3984141709272782,0.15669383493826797,0.19522683788910974,0.4685296228067821,0.03924767072156468,0.0033333333333332993,0.006984980137277086,0.5834594724706244,0.10946756231217489,0.11323657828301265,0.0,0.9999999987499999,0.6654672226703182,0.2773834002682715,0.2662662842154875,0.36301361604615956,sad,04,14,14,female,strong,1644
110,3.6703333333333332,True,1.0,0.6599910221721854,0.611912559623327,0.6359517908977562,0.38295492444675727,-0.05805555555555553,-0.05476851851851855,0.3973791982417483,0.1365219021837978,0.191744669646052,1.6606439826214414,0.04807846254885839,0.0032870370370369772,0.010694331942353637,0.7453752336428142,0.10894481464361444,0.11205203142616721,0.0,0.9999999987499999,0.6662600882774985,0.2771851387634637,0.2659601538748024,0.3610374435193233,sad,04,14,14,female,strong,1644
0,0.0,True,1.0,0.7560250835129895,0.7454877347702246,0.750756409141607,0.440581177928724,-0.06398148148148147,-0.05819444444444449,0.3742083246393516,0.2056045497000718,0.18333999159310857,1.7040138043824067,0.010537348742764907,0.0057870370370369795,0.014326629583858401,0.5999999999999998,0.10441588240497196,0.1126217875894723,0.0,0.9999999987499999,0.6782619757043441,0.2849721395128026,0.25286076236373956,0.3421149127749308,sad,04,14,14,female,strong,1645
10,0.33366666666666667,True,1.0,0.766550352864459,0.7783171176944135,0.7724337352794363,0.4442494805947625,-0.06222222222222229,-0.05611111111111111,0.3700819356772362,0.1925081082577311,0.18195953953629374,1.7387386345287332,0.011766764829954424,0.006111111111111178,0.011746170154161255,0.5812500000000008,0.10599542096657429,0.11199032998467393,0.0,0.9999999987499999,0.6787993620729542,0.2842259409680566,0.2561030792759417,0.3430095636988667,sad,04,14,14,female,strong,1645
20,0.6673333333333333,True,1.0,0.7262129857015132,0.7199683859664141,0.7230906858339636,0.46253443215577866,-0.06277777777777782,-0.05685185185185182,0.3802691778798782,0.19510157362948086,0.18543682774578085,1.5633229346057231,0.0062445997350990545,0.005925925925926001,0.012451137710746562,0.5448377066694521,0.1061698989636165,0.11267357972324676,0.0,0.9999999987499999,0.6778044378298194,0.2850526995727507,0.2543725523195226,0.339182332524329,sad,04,14,14,female,strong,1645
30,1.0010000000000001,True,1.0,0.6064497484926648,0.613154400867147,0.6098020746799059,0.735019152844384,-0.06574074074074071,-0.059907407407407465,0.3911494827887509,0.2080125735844612,0.1855092249813157,0.8296410676103991,0.006704652374482256,0.005833333333333246,0.02162427485013629,0.3608287352701661,0.11897607000270607,0.11188144643895565,0.0,0.9999999987499999,0.6208442008522158,0.2689189472882697,0.2863019870174852,0.32397314300315455,sad,04,14,14,female,strong,1645
40,1.3346666666666667,True,1.0,0.6810901942467424,0.686862786702634,0.6839764904746882,0.7465982182978268,-0.061712962962963025,-0.05592592592592599,0.3724407654170281,0.29271240796644904,0.18891473730410502,0.9161239254415713,0.0057725924558915676,0.005787037037037035,0.03249499552251531,0.3864330618273099,0.10796971148429066,0.11383185636689565,0.0,0.9999999987499999,0.6679554531265631,0.28064597419959586,0.26818592482673304,0.3649888839132058,sad,04,14,14,female,strong,1645
50,1.6683333333333334,True,1.0,0.6546209172917159,0.677870378999252,0.6662456481454839,0.9330974156762326,-0.062499999999999944,-0.05333333333333323,0.3634522129205549,0.3714225307142169,0.18775414091742595,0.7140151038384814,0.023249461707536057,0.009166666666666712,0.055085511494614554,0.317639151849266,0.10816984884830147,0.11547111043309527,0.0,0.9999999987499999,0.6623435397049446,0.27821579535775737,0.2851259604623199,0.378870437076487,sad,04,14,14,female,strong,1645
60,2.0020000000000002,True,1.0,0.6026523512902082,0.6588046187269349,0.6307284850085715,0.8092134632484476,-0.05884259259259256,-0.05120370370370375,0.39150829012261323,0.2826168014477873,0.18989857604528734,0.7794339981401459,0.05615226743672663,0.007638888888888806,0.0659805320710784,0.3497078530733082,0.10717123372925214,0.11607072115951124,0.0,0.9999999987499999,0.6664117308954832,0.27655639632160195,0.28165531426046875,0.3702603669504712,sad,04,14,14,female,strong,1645
70,2.3356666666666666,True,1.0,0.6222489936955311,0.6796181218685539,0.6509335577820425,0.6948125099308372,-0.06453703703703706,-0.054120370370370374,0.3564228056225935,0.21640203184879162,0.19498085751574243,0.9368477804851809,0.057369128173022754,0.010416666666666685,0.0731675849236105,0.41045034227443006,0.10976814880870632,0.11124560167421238,0.0,0.9999999987499999,0.6573058199373499,0.27531213385687303,0.2842132453048733,0.3651932889785244,sad,04,14,14,female,strong,1645
80,2.6693333333333333,True,1.0,0.6266434299268903,0.6812801369217524,0.6539617834243213,0.6849543862497642,-0.06018518518518523,-0.05023148148148149,0.35757607027618893,0.19639090575450727,0.1961607016210435,0.9547523113252366,0.054636706994862116,0.009953703703703742,0.07338864893261803,0.4229616826857073,0.10909185693151627,0.11122581240771459,0.0,0.9999999987499999,0.6614608509732017,0.2760828741431375,0.27426684787842787,0.3595714267214039,sad,04,14,14,female,strong,1645
90,3.003,True,1.0,0.6435982269475099,0.7038707029900012,0.6737344649687556,0.4387149687019053,-0.06069444444444444,-0.05120370370370364,0.3717113748900466,0.1479891914789278,0.19479725633815062,1.535699743645035,0.06027247604249131,0.0094907407407408,0.0688531304795899,0.6397839155697499,0.10744413745764311,0.1112880783935211,0.0,0.9999999987499999,0.6613035138664841,0.2764344321158344,0.2714341704274439,0.36491686410671115,sad,04,14,14,female,strong,1645
100,3.336666666666667,True,1.0,0.6621448153987977,0.6929251435750882,0.677534979486943,0.4743057609365402,-0.0602314814814815,-0.05032407407407408,0.36858706478450937,0.1578956122902323,0.19405847419334724,1.4284772298550974,0.030780328176290506,0.00990740740740742,0.06611476179090484,0.5650172945916029,0.10797118452287634,0.10991352346983382,0.0,0.9999999987499999,0.6647078315935749,0.2770091327717271,0.26968130370949595,0.36208293230668104,sad,04,14,14,female,strong,1645
0,0.0,True,1.0,0.7061147545441476,0.717000278423761,0.7115575164839543,0.4635958031915819,-0.06259259259259259,-0.05541666666666667,0.3581674295938005,0.2084715813519581,0.17848290899188052,1.5348661734754785,0.01088552387961339,0.007175925925925919,0.027116433553846808,0.5630910044950849,0.11424587279874891,0.11084676663992077,0.0,0.9999999987499999,0.6320853658494647,0.2663977266331617,0.2696197676621485,0.3345273894083456,sad,04,14,14,female,strong,1646
10,0.33366666666666667,True,1.0,0.7506989788608543,0.7638638981320842,0.7572814384964692,0.45045840546208943,-0.06282407407407409,-0.055185185185185115,0.37027486540460897,0.2100662715920658,0.1777988050529181,1.6811351044046663,0.013164919271229869,0.007638888888888973,0.03087679508605764,0.5443881148441554,0.10468602790834287,0.11455361372054837,0.0,0.9999999987499999,0.6848954131574505,0.28265523099203355,0.2538815793566139,0.3532593670183653,sad,04,14,14,female,strong,1646
20,0.6673333333333333,True,1.0,0.6259232179646804,0.6190476190476192,0.6224854185061498,0.8109212024251783,-0.06518518518518529,-0.05800925925925926,0.363052691992187,0.29064213228200725,0.17779322663045252,0.7676275039356676,0.006875598917061243,0.00717592592592603,0.022011062514075457,0.3188829561190262,0.11505746028634757,0.11000411791684067,0.0,0.9999999987499999,0.6306567423610069,0.2704012880206138,0.27545290963246755,0.3320052572082513,sad,04,14,14,female,strong,1646
30,1.0010000000000001,True,1.0,0.5972962761649643,0.6504659601128583,0.6238811181389112,0.7876072083502336,-0.06592592592592594,-0.05999999999999994,0.35867801134940186,0.28568327814898065,0.1847288304216915,0.7921221536884201,0.05316968394789401,0.005925925925926001,0.022133968997849585,0.33144265787721383,0.11269278619107549,0.11225576652855472,0.0,0.9999999987499999,0.6272271725956007,0.27023413599395196,0.26970177886313884,0.32801298101608467,sad,04,14,14,female,strong,1646
40,1.3346666666666667,True,1.0,0.3728889898221726,0.4001298903115296,0.3865094400668511,0.6622782382927133,-0.07148148148148148,-0.06171296296296297,0.3707064108672606,0.2182329505715456,0.18264055980567517,0.5836058286668661,0.02724090048935701,0.00976851851851851,0.04435607131238267,0.4224522190028025,0.10598676481957776,0.11351918114035206,0.0,0.9999999987499999,0.6683767712866395,0.27786594012758953,0.2528823338420589,0.35533340257216844,sad,04,14,14,female,strong,1646
50,1.6683333333333334,True,1.0,0.6565268231519827,0.7015205131350242,0.6790236681435035,0.738664372413019,-0.06101851851851858,-0.0532407407407407,0.38735140245055094,0.21287707742385434,0.1856535238092124,0.9192587235868906,0.04499368998304143,0.007777777777777883,0.047063901437775855,0.3587015489872018,0.10868424513398169,0.11314983420883479,0.0,0.9999999987499999,0.6694804576830733,0.2791904846137199,0.2700372928047066,0.3688212104482777,sad,04,14,14,female,strong,1646
60,2.0020000000000002,True,1.0,0.6189046248571246,0.6390654655516135,0.628985045204369,0.6482814249229607,-0.0637037037037037,-0.055648148148148,0.37666292269632723,0.2374066161107189,0.18559803753688622,0.9702345632980541,0.02016084069448887,0.008055555555555705,0.06109891177694107,0.45434389344489606,0.10661228132594278,0.11460654322311527,0.0,0.9999999987499999,0.6647136928834034,0.2780381166884392,0.2684597384215758,0.36908026124298204,sad,04,14,14,female,strong,1646
70,2.3356666666666666,True,1.0,0.21245528667206573,0.22898950070211024,0.220722393687088,0.6973586190070408,-0.08814814814814814,-0.07837962962962952,0.3393194009596778,0.28588894159875305,0.19513535562365722,0.3165120322186188,0.016534214030044514,0.00976851851851862,0.07737676625619297,0.4139826774040775,0.10809619523220476,0.11437997415861488,0.0,0.9999999987499999,0.6630470238095237,0.2780141629557492,0.2716945313092588,0.3649041238945083,sad,04,14,14,female,strong,1646
80,2.6693333333333333,True,1.0,0.6175063476460854,0.6972265457883675,0.6573664467172264,0.7921746529548788,-0.059675925925925966,-0.04819444444444443,0.34593532458549975,0.20850348372304117,0.19230250059765502,0.8298251455852491,0.07972019814228215,0.011481481481481537,0.10491608819491959,0.35121823105423366,0.10813634734771418,0.11078769514870436,0.0,0.9999999987499999,0.6627007913868671,0.2757271457100134,0.2706743028089506,0.37078668605822873,sad,04,14,14,female,strong,1646
90,3.003,True,1.0,0.6175063476460859,0.6965739001562699,0.6570401239011778,0.7768975457454426,-0.05949074074074068,-0.0509722222222222,0.3490923020660386,0.2232705944972246,0.19140678638278333,0.8457230010563875,0.07906755251018394,0.00851851851851848,0.10175320759491867,0.3496219067140962,0.10822737602070624,0.11087074474962191,0.0,0.9999999987499999,0.6628169866618522,0.2766268104838786,0.27085943659080924,0.37024305467100815,sad,04,14,14,female,strong,1646
100,3.336666666666667,True,1.0,0.6175018563408416,0.7302719404285116,0.6738868983846766,0.6971103308034912,-0.06282407407407409,-0.053055555555555634,0.3565092449393945,0.2362338423348061,0.1892052886468267,0.9666861450868944,0.11277008408766998,0.009768518518518454,0.09334919070430746,0.374747588035121,0.10847393390791267,0.11080160906592512,0.0,0.9999999987499999,0.6632654993481768,0.2764407496101932,0.27054284899312653,0.3762230834525524,sad,04,14,14,female,strong,1646
0,0.0,True,1.0,0.7206944411940377,0.7326466419840323,0.726670541589035,0.4518517656340794,-0.062083333333333324,-0.057083333333333375,0.3684570772094886,0.2108271011011443,0.18055555555555558,1.6082056038207684,0.011952200789994594,0.004999999999999949,0.014394477296516911,0.5436544441399661,0.1059259013802609,0.11374359835945289,0.0,0.9999999987499999,0.6737661950717788,0.27910653772967775,0.24915545393938482,0.3556084392880591,sad,04,14,14,female,strong,1647
10,0.33366666666666667,True,1.0,0.7466160208999064,0.786015058326394,0.7663155396131502,0.4669903183692157,-0.06018518518518523,-0.055185185185185115,0.37082745368849,0.23349515918460784,0.18055555555555558,1.6409666527760425,0.03939903742648754,0.0050000000000001155,0.014297842419345456,0.5453097955776741,0.10748698037652368,0.11175929472977054,0.0,0.9999999987499999,0.6765470614105017,0.27939522958132273,0.25215320646340944,0.35414722113370345,sad,04,14,14,female,strong,1647
20,0.6673333333333333,True,1.0,0.5948540623197444,0.6135561182765691,0.6042050902981567,0.7833844280626329,-0.06388888888888888,-0.05805555555555553,0.36630028983910723,0.27868777063969297,0.18333499792094693,0.7712753389704212,0.018702055956824726,0.005833333333333357,0.01278300999067864,0.34613359548274397,0.10516992037117227,0.11360752995460996,0.0,0.9999999987499999,0.6736003207923795,0.2813004439071949,0.2537811742920844,0.352706144632739,sad,04,14,14,female,strong,1647
30,1.0010000000000001,True,1.0,0.7093269761389742,0.7504268679907563,0.7298769220648653,0.7486300054497197,-0.062361111111111145,-0.05726851851851855,0.37336441302534,0.30090160268029675,0.18475567380152816,0.9749501312419492,0.04109989185178209,0.005092592592592593,0.010413549253142662,0.35291971114829307,0.10695360447680884,0.11428807798132211,0.0,0.9999999987499999,0.6669698203109368,0.280554077969362,0.26236437220462816,0.35618216084028714,sad,04,14,14,female,strong,1647
40,1.3346666666666667,True,1.0,0.6676639394373419,0.6604244928546446,0.6640442161459932,0.8145805473851888,-0.059444444444444466,-0.05254629629629626,0.3970436758867352,0.28988275594647217,0.1868316922029551,0.8151977337018191,0.007239446582697373,0.006898148148148209,0.03293940226636286,0.3340558954133344,0.107914860093936,0.11405102823023104,0.0,0.9999999987499999,0.6671390689869697,0.27964395382016477,0.2721629343235887,0.3717702121783756,sad,04,14,14,female,strong,1647
50,1.6683333333333334,True,1.0,0.6016062651468982,0.6004272742860192,0.6010167697164587,0.7183523134815939,-0.06564814814814812,-0.0559722222222222,0.4077164144516979,0.20870252561283292,0.18511870879413206,0.8366601713907591,0.0011789908608790256,0.009675925925925921,0.05441579504468966,0.3717146065466013,0.10850871496643749,0.11432249377918564,0.0,0.9999999987499999,0.6615583844866072,0.27845900595359785,0.27580095038470814,0.36783768168366415,sad,04,14,14,female,strong,1647
60,2.0020000000000002,True,1.0,0.6005420098567035,0.6508665299478541,0.6257042699022788,0.6515513794511655,-0.06675925925925924,-0.05740740740740735,0.35835079403189135,0.19193999689702995,0.19204881690341583,0.9603298982028723,0.050324520091150626,0.009351851851851889,0.06897730358909973,0.4302947954622519,0.10871630331434189,0.11462482734352063,0.0,0.9999999987499999,0.6662958216802346,0.27647965573432653,0.2726617649418156,0.3642332894685569,sad,04,14,14,female,strong,1647
70,2.3356666666666666,True,1.0,0.5993927668559749,0.669850506839934,0.6346216368479545,0.6943998574202405,-0.06412037037037033,-0.055648148148148224,0.36462894466100565,0.2678314303253263,0.19085588707218826,0.9139138351865917,0.0704577399839591,0.008472222222222103,0.08648082692432997,0.4012882957213445,0.11088851130967609,0.11184546445687722,0.0,0.9999999987499999,0.6650174216483469,0.2770518650081207,0.2812086231201109,0.37541498930905115,sad,04,14,14,female,strong,1647
80,2.6693333333333333,True,1.0,0.6616642507029529,0.7414293624329154,0.7015468065679341,0.663844995156609,-0.0637037037037037,-0.05796296296296294,0.36025814538834916,0.24220183486238436,0.19293297795339118,1.0567930943012243,0.07976511172996248,0.0057407407407407685,0.09183436475256429,0.40111469559482055,0.09666008195693244,0.11445546586726199,0.0,0.9999999987499999,0.6987545051536239,0.2891479338040225,0.245470250127629,0.370703556179865,sad,04,14,14,female,strong,1647
90,3.003,True,1.0,0.6445787621048507,0.7178156546348621,0.6811972083698563,0.7824633728584343,-0.06027777777777776,-0.05148148148148157,0.3642068538553989,0.21640203184879145,0.19356704636149769,0.8705803134035012,0.07323689253001142,0.008796296296296191,0.08751461139012423,0.3501053025006066,0.10703262566177868,0.11151319277469329,0.0,0.9999999987499999,0.6652134357961936,0.2779299806787853,0.2697721273360921,0.3639818476231511,sad,04,14,14,female,strong,1647
100,3.336666666666667,True,1.0,0.620575688255231,0.7534195359170701,0.6869976120861505,0.5891262905454193,-0.05925925925925918,-0.050509259259259254,0.36376209996315967,0.13547602975906833,0.19434800920421236,1.1661296111061703,0.1328438476618391,0.008749999999999925,0.09074467522870885,0.44634421454859957,0.10941436804448083,0.11004631262374172,0.0,0.9999999987499999,0.6675400589298219,0.27709560688872303,0.2721420727200515,0.36885779483031855,sad,04,14,14,female,strong,1647
110,3.6703333333333332,True,1.0,0.6304808605307377,0.7057339651943578,0.6681074128625477,0.5997496424567728,-0.06060185185185185,-0.05138888888888893,0.3570878065536975,0.15994792625943124,0.19293297795339118,1.1139771757524672,0.07525310466362012,0.009212962962962923,0.09060055030542484,0.4529274522505838,0.10812471286035331,0.1107990500097899,0.0,0.9999999987499999,0.6684855406928397,0.27566620435670125,0.2710684253098278,0.368579768467368,sad,04,14,14,female,strong,1647
0,0.0,True,1.0,0.7549663434505052,0.7112763818473898,0.7331213626489474,0.41108079024369815,-0.05921296296296302,-0.05648148148148152,0.37093905976560654,0.1612035271984092,0.18209575803052955,1.7833997113179048,0.043689961603115335,0.0027314814814815014,0.030181876181396096,0.6057974190887048,0.10761866600190176,0.11298958012330446,0.0,0.9999999987499999,0.6760352080754177,0.27808697467004034,0.25067066344755945,0.3535617987458052,angry,05,14,14,female,normal,1648
10,0.33366666666666667,True,1.0,0.756027554900623,0.7179366344327714,0.7369820946666972,0.4077555089156347,-0.05837962962962967,-0.0564351851851852,0.3748163501682942,0.15989953272400664,0.1786106732015217,1.8074117419690827,0.03809092046785156,0.0019444444444444708,0.030480587796143994,0.6110196258676175,0.10619387199455305,0.11332546207485579,0.0,0.9999999987499999,0.6751454013636704,0.2788626592626395,0.24616083125310817,0.35188231092707917,angry,05,14,14,female,normal,1648
20,0.6673333333333333,True,1.0,0.678502791616268,0.6568548657847755,0.6676788287005218,0.4091511407831464,-0.06449074074074079,-0.0616666666666667,0.37461964339464504,0.167504278557391,0.17715612972166683,1.631863539284123,0.021647925831492554,0.00282407407407409,0.029477250733084,0.5904562759945802,0.10291760084032851,0.1143263699667056,0.0,0.9999999987499999,0.6891531347539015,0.2824752087357432,0.24585756839396153,0.3435216572619419,angry,05,14,14,female,normal,1648
30,1.0010000000000001,True,1.0,0.29376051228554156,0.2940976166433632,0.2939290644644524,0.7567148321294819,-0.08236111111111111,-0.07870370370370372,0.477502632419828,0.2174555077748324,0.17672766911184792,0.3884277828112639,0.00033710435782163817,0.003657407407407387,0.021915316683366045,0.3735614019718252,0.10234954898044765,0.11516652791247146,0.0,0.9999999987499999,0.6844965219681625,0.28435555080663155,0.27647008073413165,0.394712883672892,angry,05,14,14,female,normal,1648
40,1.3346666666666667,True,1.0,0.3203505398811469,0.3021226246098534,0.31123658224550016,1.5992560385531998,-0.08486111111111116,-0.08273148148148146,0.32193001083083733,0.6803396154260221,0.17773742747684035,0.19461335442389,0.018227915271293527,0.0021296296296297035,0.03310828931211175,0.17478661731946968,0.10276236498800839,0.11363066503993598,0.0,0.9999999987499999,0.6774299543723741,0.282731072102472,0.261267172313032,0.35121536891386973,angry,05,14,14,female,normal,1648
50,1.6683333333333334,True,1.0,0.6999504130035376,0.6526988227209989,0.6763246178622682,1.4069990451239287,-0.06305555555555553,-0.06254629629629627,0.3269980496033029,0.6045098003882424,0.17566185181091723,0.48068591105738623,0.04725159028253867,0.0005092592592592649,0.04823850559771945,0.2043734283859759,0.10110058475705125,0.11444775081533376,0.0,0.9999999987499999,0.6815368356326905,0.2831811237000294,0.257529773793388,0.35184199087604434,angry,05,14,14,female,normal,1648
60,2.0020000000000002,True,1.0,0.2945349303898063,0.2749852829699096,0.28476010667985796,0.3483560550673881,-0.08055555555555555,-0.08254629629629628,0.3819259714415953,0.061456694889246336,0.19047022583114767,0.8174398077414565,0.019549647419896732,0.0019907407407407374,0.07661943843386163,0.7162326683244076,0.10474946573287491,0.11298809121777469,0.0,0.9999999987499999,0.6705066229460533,0.27741825967254086,0.25067274315951815,0.34521972503569065,angry,05,14,14,female,normal,1648
70,2.3356666666666666,True,1.0,0.7352319505722293,0.6836316419380065,0.709431796255118,0.9914629742328578,-0.058148148148148227,-0.05912037037037038,0.33887680626302485,0.37860967941456597,0.18670212262605593,0.7155403829417223,0.051600308634222825,0.0009722222222221522,0.0702314859487659,0.27432522188283903,0.10543792197093739,0.11552306670708867,0.0,0.9999999987499999,0.6754707638211536,0.27839257667773376,0.26217614743975903,0.36375765030518636,angry,05,14,14,female,normal,1648
80,2.6693333333333333,True,1.0,0.6563449857848689,0.5880492355838254,0.6221971106843471,0.6841021444273425,-0.05731481481481471,-0.058287037037036915,0.36971460677360185,0.1988618307839612,0.18670212262605598,0.9095090780707672,0.0682957502010435,0.0009722222222222077,0.06978503362266529,0.41045034227443045,0.1070363250023189,0.11454375279287037,0.0,0.9999999987499999,0.6730823486035039,0.27680985027757216,0.25551337066741375,0.3592530894514859,angry,05,14,14,female,normal,1648
90,3.003,True,1.0,0.7248457164914411,0.684719121522808,0.7047824190071246,0.5821672912655113,-0.057268518518518385,-0.05870370370370376,0.3616966530484548,0.21002055277162315,0.1866126090194014,1.2106183730712068,0.040126594968633134,0.0014351851851853725,0.0651922693156883,0.4918177176262596,0.10941492860952025,0.11193396123062568,0.0,0.9999999987499999,0.675148974152161,0.2766096238284892,0.2558623331583434,0.36188003622291587,angry,05,14,14,female,normal,1648
100,3.336666666666667,True,1.0,0.7395371154726218,0.6724150203842164,0.705976067928419,0.6108517876889485,-0.054537037037036995,-0.056435185185185255,0.35365762666196005,0.22987413889629957,0.18514467149425623,1.1557239941940036,0.06712209508840539,0.0018981481481482598,0.07082486734000532,0.44767415912669845,0.10820275034351973,0.11276876873585422,0.0,0.9999999987499999,0.6765530140024759,0.27542295963246455,0.2537041189106728,0.359479508782512,angry,05,14,14,female,normal,1648
0,0.0,True,1.0,0.724736288416523,0.7883237714514846,0.7565300299340039,0.6537182991247021,-0.06324074074074065,-0.054444444444444406,0.35609927557296495,0.2792647920597295,0.1718055470030678,1.1572722240557771,0.06358748303496153,0.008796296296296247,0.05519474487513441,0.37273702967283706,0.1149461230631291,0.11115366662399194,0.0,0.9999999987499999,0.6391249177327181,0.27164335581072524,0.26790702855476084,0.33938183253769394,angry,05,14,14,female,normal,1649
10,0.33366666666666667,True,1.0,0.7213623016707102,0.7586813951813622,0.7400218484260362,0.6840404363435634,-0.06347222222222226,-0.05402777777777784,0.35779537536076544,0.3102942133996994,0.16974854687787153,1.0818393315776962,0.03731909351065199,0.009444444444444422,0.05476688572526826,0.3809444446169488,0.1046606735443653,0.11307034421795296,0.0,0.9999999987499999,0.6853269109518807,0.27936133055938245,0.25702195383244336,0.3699171431440666,angry,05,14,14,female,normal,1649
20,0.6673333333333333,True,1.0,0.3507101118806662,0.32121863698681485,0.3359643744337405,0.37962911018105727,-0.08365740740740751,-0.07050925925925927,0.38012327902444903,0.20995475113122228,0.1672264869684028,0.8849805386987007,0.029491474893851344,0.013148148148148242,0.05796716459405835,0.6406162289700195,0.1037891998528614,0.11553181724917516,0.0,0.9999999987499999,0.6894113118919442,0.2784607004108344,0.24517015328119346,0.3545314495886774,angry,05,14,14,female,normal,1649
30,1.0010000000000001,True,1.0,0.5492792212450379,0.5430996872575187,0.5461894542512783,0.9129206820315884,-0.0672222222222223,-0.05712962962962975,0.45527187549814596,0.2914713646761372,0.16707814602556573,0.5982879619243628,0.006179533987519248,0.010092592592592542,0.060127085231181356,0.31701475418801717,0.09976655643901577,0.11594161468708243,0.0,0.9999999987499999,0.6838211367359445,0.28508082673753604,0.2730457544567815,0.3891295738803703,angry,05,14,14,female,normal,1649
40,1.3346666666666667,True,1.0,0.531165058637134,0.5078511373770472,0.5195080980070906,1.0872010843582884,-0.07712962962962966,-0.06356481481481485,0.36219814715578835,0.5051081332797552,0.16373398638979433,0.4778399373228422,0.0233139212600868,0.013564814814814807,0.09170383903003082,0.23904407082569998,0.10376918829754733,0.11587908464614143,0.0,0.9999999987499999,0.6806181193649335,0.28297959246548277,0.25914838518948996,0.36308956273563225,angry,05,14,14,female,normal,1649
50,1.6683333333333334,True,1.0,0.5825616705241199,0.6145561094065078,0.5985588899653138,1.3935495406974454,-0.07337962962962957,-0.05870370370370376,0.3376063568806216,0.6327540880235375,0.164870991620106,0.4295210701054419,0.031994438882387954,0.014675925925925815,0.08346369589202422,0.19834561373957052,0.10449672513158867,0.114726323450893,0.0,0.9999999987499999,0.6755969732033439,0.28265133258333147,0.26469641664676474,0.35504234727176914,angry,05,14,14,female,normal,1649
60,2.0020000000000002,True,1.0,0.6209038687606948,0.670822017744457,0.645862943252576,0.6064874028710814,-0.070462962962963,-0.05791666666666673,0.3830138055295519,0.20027807888570348,0.17203669792816814,1.0649239212473214,0.049918148983762234,0.012546296296296278,0.09439683138155351,0.4336468898170951,0.10866683687087049,0.1126603605713437,0.0,0.9999999987499999,0.6701800289490797,0.2801298810977236,0.26665132607739195,0.3457309292480549,angry,05,14,14,female,normal,1649
70,2.3356666666666666,True,1.0,0.6761890498595837,0.7170130257152625,0.6966010377874231,0.980881152358197,-0.0676388888888888,-0.056388888888888766,0.3137803777401233,0.4467523126587908,0.17346213768983162,0.7101788388049679,0.04082397585567876,0.011250000000000038,0.09440220496364607,0.26181390451745196,0.1105317741816585,0.11151672953591699,0.0,0.9999999987499999,0.6632272227250277,0.2798203707439381,0.2700794739533432,0.3470498088886037,angry,05,14,14,female,normal,1649
80,2.6693333333333333,True,1.0,0.6304628761394881,0.6901536663804371,0.6603082712599626,0.7589816376499611,-0.06615740740740744,-0.05254629629629637,0.35493995157335645,0.33335179540578913,0.1747503905710949,0.8699924194536229,0.05969079024094892,0.013611111111111074,0.08748915395166681,0.3319077334019827,0.1113668143194838,0.11119801518468522,0.0,0.9999999987499999,0.6669231062581283,0.2780962846387335,0.2730068935139904,0.3552391100757778,angry,05,14,14,female,normal,1649
90,3.003,True,1.0,0.6747209016084608,0.7476927688605489,0.7112068352345049,0.7085738973248057,-0.06212962962962959,-0.051435185185185195,0.3502677253963122,0.31477753233375905,0.17600159800410903,1.0037158268454989,0.07297186725208815,0.010694444444444395,0.09078760435582948,0.35913174428905303,0.11305906478246427,0.10895366878121558,0.0,0.9999999987499999,0.6645288402314051,0.27884700081995784,0.2750737018300936,0.35446471559091297,angry,05,14,14,female,normal,1649
100,3.336666666666667,True,1.0,0.6846613044911292,0.7398891957142006,0.7122752501026649,0.682085631825222,-0.06467592592592597,-0.05356481481481479,0.3492405391188763,0.3238029318668809,0.17718683679444822,1.0442607450865917,0.05522789122307148,0.011111111111111183,0.08771381791737344,0.3942212201187648,0.11040507385754754,0.11130034070574334,0.0,0.9999999987499999,0.666869268285439,0.2780480623665572,0.2696399187945932,0.35372488741302466,angry,05,14,14,female,normal,1649
0,0.0,True,1.0,0.7525956881274826,0.7530171677137494,0.7528064279206159,0.7431357048791202,-0.06291666666666668,-0.059166666666666645,0.3683589455144059,0.2841228415024163,0.18194821833481406,1.0130134011567495,0.00042147958626681525,0.003750000000000031,0.011371286112553095,0.3424527065678552,0.11103033254485688,0.11356530516851485,0.0,0.9999999987499999,0.6552268133972339,0.27966541485104046,0.26765284984106974,0.3744917097985787,angry,05,14,14,female,normal,1650
10,0.33366666666666667,True,1.0,0.7312511522965136,0.7573299471420669,0.7442905497192902,0.6120117698610953,-0.06361111111111117,-0.05986111111111114,0.3683589455144058,0.24041163511742938,0.18194612173871702,1.216137640438218,0.02607879484555331,0.003750000000000031,0.010939702429853638,0.41514134143270276,0.11273493677245675,0.11255249043932222,0.0,0.9999999987499999,0.6523570647086959,0.28009382795714327,0.2686439596726563,0.3771256161036441,angry,05,14,14,female,normal,1650
20,0.6673333333333333,True,1.0,0.3413407844749205,0.3626130934158403,0.3519769389453804,0.6935248748502992,-0.08625,-0.08046296296296301,0.36943943511607497,0.2311590863935066,0.18333999159310857,0.5075188384863,0.021272308940919804,0.0057870370370369795,0.005418567591889387,0.36385314826359083,0.11164345258694726,0.11346746062236793,0.0,0.9999999987499999,0.6537143848555047,0.27984216710762877,0.2678431881077823,0.3762827407354875,angry,05,14,14,female,normal,1650
30,1.0010000000000001,True,1.0,0.421870483053961,0.4129982322163818,0.41743435763517145,0.897974478429067,-0.07689814814814816,-0.0736574074074074,0.3671841041995987,0.3907961497434572,0.18363645521349165,0.46486216219133397,0.008872250837579199,0.0032407407407407662,0.020013045274468958,0.3009298598464618,0.11587989031137137,0.11341770071923997,0.0,0.9999999987499999,0.6233208901685675,0.26944720558325747,0.2797120695624294,0.3323890229418252,angry,05,14,14,female,normal,1650
40,1.3346666666666667,True,1.0,0.5902652685586294,0.5695091324864968,0.579887200522563,0.896358127169553,-0.06847222222222227,-0.06532407407407403,0.37563195249737874,0.38491608541175676,0.1768312475877971,0.6469369585052839,0.02075613607213256,0.003148148148148233,0.03433653618261875,0.28280607076906406,0.1064501381592215,0.11541933180856284,0.0,0.9999999987499999,0.6792982019917342,0.2806945092575039,0.26868963650356004,0.36651971193398547,angry,05,14,14,female,normal,1650
50,1.6683333333333334,True,1.0,0.6678665975578071,0.6576363057526974,0.6627514516552522,0.8007902714570161,-0.06328703703703703,-0.061203703703703705,0.4283166729760463,0.3027912784577969,0.18176491043657364,0.8276217572541109,0.010230291805109704,0.002083333333333326,0.03523193610863426,0.3652340117205309,0.1078104891089926,0.11314384129274538,0.0,0.9999999987499999,0.6695481295877727,0.28440149889461064,0.2804773521053912,0.37064093380674284,angry,05,14,14,female,normal,1650
60,2.0020000000000002,True,1.0,0.7683940013037788,0.7366766144078901,0.7525353078558344,0.8201779982696367,-0.06629629629629624,-0.06416666666666665,0.3901937511217606,0.28205671907040636,0.1817359460909219,0.9175268166708802,0.031717386895888655,0.0021296296296295925,0.02744311215941496,0.3380225672368506,0.1055518664415005,0.11392366872038416,0.0,0.9999999987499999,0.6706154991527862,0.2859900699858403,0.2631846671709178,0.3383911454524337,angry,05,14,14,female,normal,1650
70,2.3356666666666666,True,1.0,0.7724490626166448,0.7529223829124325,0.7626857227645387,0.8664687400153309,-0.0627314814814815,-0.05972222222222218,0.33042968240338305,0.3149313426096193,0.1905918718683968,0.8802230104124058,0.01952667970421229,0.0030092592592593226,0.02250429120995703,0.3014230326966631,0.11090156210327004,0.11114898826847266,0.0,0.9999999987499999,0.660012008225165,0.27874829434597403,0.2696881596163392,0.3651843102382644,angry,05,14,14,female,normal,1650
80,2.6693333333333333,True,1.0,0.7163942617809079,0.7070118894123831,0.7117030755966456,0.7113566697951558,-0.06314814814814818,-0.060324074074074086,0.3687471299347634,0.27727123153209327,0.1870031233040835,1.0004869650011008,0.009382372368524794,0.00282407407407409,0.02093422855798008,0.3731861835949827,0.11145616408570616,0.11127979757087889,0.0,0.9999999987499999,0.6632663623261805,0.2758440844382653,0.26988315339676294,0.3689631413993451,angry,05,14,14,female,normal,1650
90,3.003,True,1.0,0.7581807676459621,0.7549910243769387,0.7565858960114504,0.6178613266024315,-0.06324074074074071,-0.0598611111111112,0.36451426413383636,0.2727985046441709,0.1883731408123746,1.2245237943145817,0.0031897432690234373,0.0033796296296295103,0.019273454956869784,0.4338505339689919,0.1108207507869403,0.111912604540274,0.0,0.9999999987499999,0.6620555823735743,0.2767455692647302,0.26719422941946536,0.3724741585387587,angry,05,14,14,female,normal,1650
100,3.336666666666667,True,1.0,0.7838086735155656,0.7756709426790833,0.7797398080973245,0.5987112101573447,-0.06402777777777774,-0.05986111111111109,0.36997348614444664,0.25638365976176286,0.18622954539869066,1.302363802228464,0.008137730836482282,0.004166666666666652,0.017510553779233242,0.4341327651021529,0.11193178902183848,0.1111447360951478,0.0,0.9999999987499999,0.6611090975140055,0.2778510357129807,0.2674947616390197,0.3756095394551737,angry,05,14,14,female,normal,1650
110,3.6703333333333332,True,1.0,0.7151415704557745,0.7394361619594315,0.727288866207603,0.48627410015266886,-0.0643981481481482,-0.05967592592592591,0.3711810148238325,0.23595367139395365,0.18484154642045889,1.4956356219244784,0.02429459150365698,0.004722222222222294,0.014646035723558165,0.5490405495845333,0.11048332102588901,0.11156473387741271,0.0,0.9999999987499999,0.6635537201990171,0.27719725893176883,0.2627062572641633,0.3728118912150201,angry,05,14,14,female,normal,1650
0,0.0,True,1.0,0.7645099076029682,0.7483017090609136,0.7564058083319409,0.4112090994001439,-0.06532407407407409,-0.05842592592592599,0.37705770571338476,0.20560454970007194,0.1736115505636799,1.8394675833666054,0.016208198542054575,0.006898148148148098,0.0021710019801821977,0.6026785714285702,0.10368456687491323,0.11546083945345154,0.0,0.9999999987499999,0.6856249330278986,0.2816378139408104,0.2550942344310603,0.36673376354117704,angry,05,14,14,female,normal,1651
10,0.33366666666666667,True,1.0,0.7284391499655479,0.7289097443803579,0.7286744471729529,0.4442358126175741,-0.0631944444444445,-0.05805555555555558,0.3592147464412806,0.1991401918630499,0.17500392364463033,1.6402874925355047,0.0004705944148100105,0.005138888888888915,1.802922527109518e-05,0.5625000000000002,0.10546870068758686,0.11366593194027796,0.0,0.9999999987499999,0.6838170316954907,0.28341825475621923,0.2573955806013974,0.36260483416783307,angry,05,14,14,female,normal,1651
20,0.6673333333333333,True,1.0,0.35016885394384994,0.30125943337475974,0.32571414365930484,0.860814346400696,-0.08041666666666675,-0.07458333333333333,0.4007044214714001,0.29376997535896765,0.18267272197487106,0.37837908373763307,0.0489094205690902,0.0058333333333334125,0.015058058050229754,0.3218202590942914,0.10330679196082009,0.11579897059224183,0.0,0.9999999987499999,0.6820497262576906,0.2841863194574362,0.26735187270324895,0.3746818220566703,angry,05,14,14,female,normal,1651
30,1.0010000000000001,True,1.0,0.24995641356131174,0.2451683454130819,0.24756237948719684,1.0005732471348352,-0.0938425925925927,-0.08754629629629629,0.3783815331505231,0.3696665333768478,0.20210183180206892,0.2474205463678921,0.004788068148229824,0.006296296296296411,0.022606500769103696,0.3110426939998812,0.10091414785225614,0.11756624398059191,0.0,0.9999999987499999,0.6784727339295092,0.284896813418269,0.2750197441699329,0.3715256968499783,angry,05,14,14,female,normal,1651
40,1.3346666666666667,True,1.0,0.5767829388472314,0.5615333279778777,0.5691581334125546,1.0602505094580772,-0.06101851851851847,-0.05259259259259269,0.3898078022857955,0.43242322930173266,0.18056231624629016,0.5368147700334205,0.015249610869353725,0.008425925925925781,0.019694843061038428,0.30455950870182036,0.1052425420033925,0.11437617804185986,0.0,0.9999999987499999,0.6806410285598615,0.2838817681570837,0.27765725327021795,0.37883178616934376,angry,05,14,14,female,normal,1651
50,1.6683333333333334,True,1.0,0.35727872518357995,0.37305337935938915,0.3651660522714846,0.7804220424168201,-0.07217592592592592,-0.06300925925925926,0.4580837088339174,0.2618514239106342,0.17993278368223806,0.46790842957309875,0.0157746541758092,0.009166666666666656,0.030904979415173787,0.39043754525294544,0.10588815316843708,0.11642707988340846,0.0,0.9999999987499999,0.677108995332508,0.2816926858957158,0.2834481377529607,0.3866560960413041,angry,05,14,14,female,normal,1651
60,2.0020000000000002,True,1.0,0.6638679231868463,0.7036598992090688,0.6837639111979575,0.8129802633471337,-0.0647685185185185,-0.056481481481481466,0.38930523471776524,0.27513674254937565,0.18209575803052955,0.841058438962371,0.03979197602222251,0.008287037037037037,0.050304838300456234,0.3275808213914451,0.10605651668231483,0.1151210386861048,0.0,0.9999999987499999,0.6765985677395959,0.2793352402423737,0.26858245289780597,0.3598955939070749,angry,05,14,14,female,normal,1651
70,2.3356666666666666,True,1.0,0.6143807609971992,0.649393282208865,0.6318870216030321,0.7881827289071551,-0.0639351851851852,-0.05310185185185179,0.38379877777380006,0.32438439866844887,0.18576239310956727,0.8017011771866241,0.03501252121166587,0.010833333333333417,0.0595454636037751,0.37116395543015507,0.11136385647207656,0.11256326649736406,0.0,0.9999999987499999,0.6603847317755228,0.27672292027815837,0.28320812419241037,0.3853748717319482,angry,05,14,14,female,normal,1651
80,2.6693333333333333,True,1.0,0.6986209844838037,0.7504268679907563,0.72452392623728,0.8715327991931788,-0.06231481481481482,-0.04995370370370367,0.3325975253917772,0.292601564180489,0.1844005208652884,0.8313214682316119,0.05180588350695259,0.012361111111111156,0.05490006224998518,0.30480417967313805,0.10983813962242181,0.11203005492637917,0.0,0.9999999987499999,0.6535732609762656,0.2771872214498205,0.2673850352272941,0.35789060668128775,angry,05,14,14,female,normal,1651
90,3.003,True,1.0,0.6827868585621674,0.7556456892406421,0.7192162739014047,0.7404188997279814,-0.06064814814814812,-0.05097222222222225,0.3548361336258017,0.2439526010748728,0.18719762965729664,0.9713640132168883,0.07285883067847476,0.009675925925925866,0.06298486170200676,0.36819973484679297,0.10993520919532462,0.1122746979353894,0.0,0.9999999987499999,0.6539846142988446,0.27686617961698806,0.26637935460802714,0.3622201438784882,angry,05,14,14,female,normal,1651
100,3.336666666666667,True,1.0,0.6684875753734079,0.739541013339497,0.7040142943564525,0.6452976486352345,-0.06129629629629629,-0.05250000000000005,0.36083109677211767,0.23396641891100886,0.18719762965729664,1.0909915693097598,0.0710534379660891,0.008796296296296247,0.0655394831953865,0.43029479546225274,0.11107814305533381,0.11080070513195105,0.0,0.9999999987499999,0.6574664050854717,0.27663819216900826,0.26721457960428,0.36724228929637565,angry,05,14,14,female,normal,1651
110,3.6703333333333332,True,1.0,0.694578839919752,0.7432616003540892,0.7189202201369206,0.6223609821932029,-0.06074074074074076,-0.05124999999999996,0.3567262435510796,0.2439526010748728,0.1864555499174749,1.15514989002595,0.04868276043433717,0.0094907407407408,0.05632846002186558,0.4250100483772406,0.1100893747518369,0.11127069626080913,0.0,0.9999999987499999,0.655715842977816,0.2772157672947428,0.2653637759133031,0.36409674202834397,angry,05,14,14,female,normal,1651
0,0.0,True,1.0,0.7541159289969993,0.7632576901908309,0.7586868095939151,0.41796549194448923,-0.06027777777777771,-0.05634259259259261,0.36843389656215914,0.17162976885118877,0.17777820693070223,1.8151900676400283,0.009141761193831588,0.003935185185185097,0.010636440534775127,0.6236652455615149,0.11981708153911527,0.1062441700933715,0.0,0.9999999987499999,0.6291449953653336,0.2674806882163555,0.27863308049274826,0.3359309648857908,angry,05,14,14,female,strong,1652
10,0.33366666666666667,True,1.0,0.7577586004506108,0.765041604137001,0.761400102293806,0.4515958106097645,-0.05939814814814809,-0.05546296296296299,0.3662759287140488,0.2031824022562678,0.17708333333333337,1.6860211817858322,0.0072830036863901215,0.003935185185185097,0.014228551897444344,0.5811478540806542,0.1198891235963594,0.1072342223164118,0.0,0.9999999987499999,0.6244090917851515,0.26707839703998076,0.278456522296176,0.3310610974361602,angry,05,14,14,female,strong,1652
20,0.6673333333333333,True,1.0,0.7352794305952632,0.7370871502864182,0.7361832904408407,0.8287681485418463,-0.062037037037036946,-0.05625000000000002,0.3785902600308973,0.28340177595066607,0.1770988427644488,0.888286177184896,0.0018077196911550075,0.005787037037036924,0.019553209654362996,0.3175936614347934,0.11706910337371867,0.1094389587389827,0.0,0.9999999987499999,0.6287026890678147,0.2689170375543646,0.2822265445127638,0.33162536111696056,angry,05,14,14,female,strong,1652
30,1.0010000000000001,True,1.0,0.5974411481070059,0.6080148113396904,0.6027279797233481,0.9134731442666433,-0.06375000000000003,-0.05740740740740741,0.4532434849595343,0.30441400304414085,0.1751259486780604,0.65982014195637,0.010573663232684494,0.006342592592592622,0.017524519915750072,0.3301856827514992,0.10610019503987185,0.11508078419803544,0.0,0.9999999987499999,0.663207822808811,0.28301390391571923,0.27723401664133307,0.40165741748913586,angry,05,14,14,female,strong,1652
40,1.3346666666666667,True,1.0,0.36573034042560565,0.40161300308688663,0.38367167175624617,1.4310629117682663,-0.08611111111111108,-0.08277777777777784,0.3500130393580224,0.5818162851554673,0.1820517601238657,0.268102589062398,0.035882662661280984,0.0033333333333332438,0.006659506330130267,0.20426369362343696,0.11454061180760014,0.11225245141541011,0.0,0.9999999987499999,0.6237546563390982,0.27188262168751076,0.28706944887775004,0.3456119957368267,angry,05,14,14,female,strong,1652
50,1.6683333333333334,True,1.0,0.6847871057314242,0.685071299970031,0.6849292028507277,1.3888034749636027,-0.06481481481481477,-0.05884259259259261,0.3625996669825214,0.6104514037519948,0.17192762329231798,0.49317935560945947,0.00028419423860681636,0.005972222222222157,0.010165208503822087,0.21130685116455575,0.11369361264218866,0.11089894376475293,0.0,0.9999999987499999,0.6239952240818203,0.2730549917464806,0.2722823848421267,0.33912829844221615,angry,05,14,14,female,strong,1652
60,2.0020000000000002,True,1.0,0.6815510210249719,0.7200537135733389,0.7008023672991555,0.83400628388296,-0.06097222222222215,-0.0589351851851852,0.42379726007786395,0.3271748299229633,0.18558118286622644,0.8402842770396947,0.038502692548367023,0.0020370370370369484,0.012451227020963825,0.35512778013393503,0.10925200985640267,0.11175253342567908,0.0,0.9999999987499999,0.657538522276098,0.28225825494278745,0.2828829347487256,0.38121943583924034,angry,05,14,14,female,strong,1652
70,2.3356666666666666,True,1.0,0.7554335046647729,0.780937027884886,0.7681852662748294,0.6431251117336091,-0.06495370370370368,-0.060555555555555474,0.378563980262338,0.19730635493961432,0.18351676318766288,1.1944569606434865,0.025503523220113067,0.0043981481481482065,0.0012518369913234529,0.4352172994321587,0.10833966306678684,0.11364757576067633,0.0,0.9999999987499999,0.6585145601600014,0.2831125499268881,0.2662556519759371,0.36579700559939105,angry,05,14,14,female,strong,1652
80,2.6693333333333333,True,1.0,0.6526602793214507,0.6569000260370743,0.6547801526792625,1.057098756933087,-0.05402777777777773,-0.04925925925925928,0.37420219643454006,0.4631658071033565,0.18769683678491367,0.6194124705802764,0.00423974671562366,0.00476851851851845,0.012424994711651573,0.2939475786248914,0.11838795926196692,0.11148287181112512,0.0,0.9999999987499999,0.6115854757996949,0.268721001059771,0.3083876156349592,0.3511702236658502,angry,05,14,14,female,strong,1652
90,3.003,True,1.0,0.736573687589216,0.7725518031695253,0.7545627453793706,1.3780564258620775,-0.05870370370370376,-0.05444444444444435,0.3262842211834764,0.5987983279043542,0.1792279752178617,0.5475557685581235,0.03597811558030928,0.004259259259259407,0.0017801269598669634,0.21461614734904713,0.1122899395941399,0.11265873532060255,0.0,0.9999999987499999,0.6533485230107668,0.2779929626675572,0.2851913129151902,0.3848358116013043,angry,05,14,14,female,strong,1652
100,3.336666666666667,True,1.0,0.7376484554496141,0.719374180590219,0.7285113180199165,0.7414722410554989,-0.05731481481481476,-0.05245370370370367,0.40429289159815907,0.2846149516900505,0.18131060409212146,0.9825200158307582,0.018274274859395145,0.004861111111111094,0.004183413286168774,0.3832862958553075,0.11235981310925049,0.11225010325680942,0.0,0.9999999987499999,0.6606726785089034,0.27571248111772045,0.2855153309286895,0.3916549772237894,angry,05,14,14,female,strong,1652
110,3.6703333333333332,True,1.0,0.711429027559855,0.7206944411940369,0.716061734376946,0.6654090911475584,-0.05606481481481479,-0.05162037037037037,0.41041844746071965,0.22827111826231553,0.18134468499349693,1.076122559645274,0.009265413634181874,0.0044444444444444176,0.0015734937345296247,0.4208459234002474,0.11205789411972673,0.11322657567347051,0.0,0.9999999987499999,0.662244555611307,0.27407945938444694,0.27891224816214244,0.3862535692002059,angry,05,14,14,female,strong,1652
120,4.0040000000000004,True,1.0,0.48133691245858534,0.49641396122948467,0.488875436844035,0.5968963831387937,-0.06791666666666674,-0.06240740740740741,0.39932622378141275,0.1899215764532522,0.18200481730011303,0.8190289816689322,0.015077048770899326,0.005509259259259325,0.004253203794193577,0.4480200105812228,0.11175918062294468,0.1111470168491498,0.0,0.9999999987499999,0.6633118283250801,0.2761553420459037,0.2688392084234174,0.37641993350722674,angry,05,14,14,female,strong,1652
0,0.0,True,1.0,0.6953456421571143,0.7274166408788939,0.711381141518004,0.4027304502644066,-0.060833333333333295,-0.05532407407407408,0.36927454584508196,0.17895248026792784,0.17918199577107896,1.7663952180694493,0.03207099872177965,0.005509259259259214,0.02035308698251874,0.6456932241369046,0.10718910928763935,0.11322903069178915,0.0,0.9999999987499999,0.6669189096341662,0.27874855871455073,0.2528477127139055,0.36967002111763614,angry,05,14,14,female,strong,1653
10,0.33366666666666667,True,1.0,0.7302195456713869,0.7213613905535629,0.7257904681124749,0.38510631066172585,-0.05939814814814809,-0.053657407407407376,0.36959384798015815,0.19250810825773096,0.17708721081845535,1.884649635746954,0.008858155117824063,0.005740740740740713,0.018920249866297412,0.6488866214764654,0.10865832784658051,0.11300625630445098,0.0,0.9999999987499999,0.6693336710621749,0.276875311423452,0.2556517996176172,0.3683053568989173,angry,05,14,14,female,strong,1653
20,0.6673333333333333,True,1.0,0.4972263007075912,0.507848016990865,0.5025371588492281,0.8537416571540264,-0.06740740740740742,-0.06087962962962962,0.3974783674592586,0.2960433909886718,0.17989546661676634,0.5886290713802709,0.010621716283273797,0.006527777777777799,0.017307212086882875,0.3447438765774361,0.10682600911321681,0.1144073514077996,0.0,0.9999999987499999,0.6679155120954632,0.28249166393318176,0.26776615212562715,0.3830878854428149,angry,05,14,14,female,strong,1653
30,1.0010000000000001,True,1.0,0.568589438519513,0.6188679841496902,0.5937287113346017,0.9190809408389067,-0.06458333333333338,-0.059537037037037,0.4523070139466835,0.27807437729484885,0.18125168372062783,0.6460026369306122,0.050278545630177196,0.005046296296296382,0.024114418591210978,0.3184499699619468,0.11547771982818174,0.11281842204603378,0.0,0.9999999987499999,0.626332834876138,0.27050259535424925,0.30971960213250166,0.37851271443331713,angry,05,14,14,female,strong,1653
40,1.3346666666666667,True,1.0,0.6256812586284374,0.6394516924139504,0.6325664755211939,0.985129381579318,-0.06,-0.05555555555555569,0.4244881949145767,0.38877103792803835,0.18544299906649955,0.6421151245200808,0.013770433785513014,0.0044444444444443065,0.014949350064706865,0.31189029653502004,0.10769307265038613,0.11459347305875156,0.0,0.9999999987499999,0.6590878022224516,0.28245193145184205,0.28477855468658303,0.3831234535513908,angry,05,14,14,female,strong,1653
50,1.6683333333333334,True,1.0,0.574295885005068,0.5695273890491256,0.5719116370270968,1.0465949820788534,-0.06597222222222221,-0.05930555555555561,0.38153275350110155,0.4014336917562724,0.18132112357228436,0.5464498175704108,0.00476849595594242,0.006666666666666599,0.005102361754240529,0.2623441910412552,0.10915940319745367,0.11336573823713439,0.0,0.9999999987499999,0.6604112705394659,0.28025461906462223,0.269349474395364,0.3709911915221108,angry,05,14,14,female,strong,1653
60,2.0020000000000002,True,1.0,0.7070391889996007,0.7174195806226887,0.7122293848111447,1.0447127674792005,-0.05564814814814817,-0.05055555555555541,0.4157942972424925,0.3916801591788489,0.1765449641082192,0.681746607280096,0.010380391623088014,0.0050925925925927595,0.003118404609703546,0.29064538939818424,0.10605863117014472,0.11412178297050694,0.0,0.9999999987499999,0.6563902449808049,0.28307983531703623,0.2770125372401516,0.3858197902580624,angry,05,14,14,female,strong,1653
70,2.3356666666666666,True,1.0,0.7397403668291224,0.7169260068900368,0.7283331868595796,1.020127628253287,-0.05763888888888885,-0.05374999999999991,0.4177858399648116,0.41193177524608166,0.1848151283258669,0.7139628088562484,0.022814359939085538,0.0038888888888889417,0.0038337893923683837,0.3052851002642036,0.10992482798669984,0.11160409678533012,0.0,0.9999999987499999,0.6569691548338085,0.2816460449553607,0.284056739082801,0.38854926638692133,angry,05,14,14,female,strong,1653
80,2.6693333333333333,True,1.0,0.7204643803042153,0.6901189238237628,0.7052916520639891,0.8314294317233758,-0.05787037037037035,-0.05189814814814808,0.39757996595211104,0.3679941030553249,0.18478168750979101,0.8482880508596743,0.030345456480452504,0.005972222222222268,0.00012016221066159073,0.37029104375445515,0.10799707897890468,0.11363836107007058,0.0,0.9999999987499999,0.6593647210915616,0.2810582387603205,0.27911351472968127,0.3813969454134447,angry,05,14,14,female,strong,1653
90,3.003,True,1.0,0.7532720597367674,0.7893694661378156,0.7713207629372915,1.2329451269547835,-0.05666666666666664,-0.05138888888888882,0.32239921408234223,0.4414128888896203,0.19105050873278595,0.625592125776396,0.03609740640104819,0.005277777777777826,0.002350195153263695,0.22079560593701514,0.1068955437452879,0.11400865367037474,0.0,0.9999999987499999,0.6582475042985944,0.2818149596370223,0.27309662471728857,0.3667120518047811,angry,05,14,14,female,strong,1653
100,3.336666666666667,True,1.0,0.6630346669281183,0.6750664453268678,0.6690505561274931,0.9530686594702077,-0.05333333333333329,-0.04787037037037045,0.37729625643224857,0.3248979707007197,0.185457809398365,0.7019961777983605,0.01203177839874947,0.005462962962962836,0.01650470826229246,0.3252664196468355,0.11195394078344663,0.11163558904293622,0.0,0.9999999987499999,0.6586587769248324,0.27850415883429,0.2766805790306591,0.3825990791101573,angry,05,14,14,female,strong,1653
110,3.6703333333333332,True,1.0,0.7154426458346256,0.7115476726610587,0.7134951592478421,0.7949412827461612,-0.054398148148148084,-0.04935185185185176,0.3780037377806034,0.24570912375790444,0.18612135926937018,0.8975444787356374,0.003894973173566907,0.0050462962962963265,0.016245520492947724,0.3686304785989161,0.11598468480496787,0.10920065001934877,0.0,0.9999999987499999,0.6282774977022059,0.26734034394329625,0.27370498187118997,0.3393902822774101,angry,05,14,14,female,strong,1653
120,4.0040000000000004,True,1.0,0.7001465979004958,0.7150864876440781,0.7076165427722869,0.7394807713558236,-0.05675925925925912,-0.05124999999999996,0.3829054300338837,0.23464293706482867,0.18403814194642587,0.956909997098215,0.01493988974358229,0.005509259259259158,0.01808073895017946,0.37909385510718746,0.11457329558257945,0.10964289912142176,0.0,0.9999999987499999,0.6314413609037365,0.26809878770606665,0.26888234111510906,0.33485446092778814,angry,05,14,14,female,strong,1653
0,0.0,True,1.0,0.7206944411940371,0.7730641467984128,0.746879293996225,0.5676304049825984,-0.06097222222222226,-0.05629629629629623,0.3684565821043118,0.23153345466395484,0.17847264970529494,1.3157845094980805,0.052369705604375705,0.004675925925926028,0.001355738940641326,0.44407894736842074,0.11563155274942609,0.1100948905493301,0.0,0.9999999987499999,0.6362737000737795,0.26745789665460606,0.27061131249377024,0.33392939407632194,angry,05,14,14,female,strong,1654
10,0.33366666666666667,True,1.0,0.7577586004506115,0.7480726560062543,0.7529156282284328,0.5574387947269306,-0.06152777777777779,-0.05638888888888893,0.36419204857273063,0.22598870056497208,0.17847264970529494,1.3506695898287082,0.00968594444435722,0.0051388888888888595,0.002958466851598858,0.4408783783783789,0.11792341885283295,0.1086932927461927,0.0,0.9999999987499999,0.6302264386692177,0.2670099465198152,0.2795289206893792,0.3414074032099129,angry,05,14,14,female,strong,1654
20,0.6673333333333333,True,1.0,0.7472720875710854,0.7653438999110448,0.756307993741065,0.7684083152953057,-0.061435185185185204,-0.05629629629629623,0.3675505184883008,0.2862523540489645,0.17569487868612624,0.9842527451702674,0.01807181233995936,0.0051388888888889706,0.005284947032513042,0.342452706567856,0.11996291030307484,0.11047830351344169,0.0,0.9999999987499999,0.6272076511463959,0.2707103017774851,0.28610836000020257,0.3358544147454731,angry,05,14,14,female,strong,1654
30,1.0010000000000001,True,1.0,0.31555225821298316,0.32281395994839385,0.3191831090806885,0.8171203269904451,-0.07898148148148143,-0.07259259259259265,0.38384736817816806,0.39422471916205637,0.180566119023589,0.390619470031151,0.007261701735410686,0.006388888888888777,0.009948505325411212,0.3458400081679607,0.11456959734649982,0.11507275556585102,0.0,0.9999999987499999,0.6294248668139131,0.2741308501299787,0.2859126835373894,0.33494943525393284,angry,05,14,14,female,strong,1654
40,1.3346666666666667,True,1.0,0.30221155523924254,0.28470476817505247,0.2934581617071475,0.9401566701791012,-0.07388888888888884,-0.06625000000000003,0.40851289535030466,0.33756657060912953,0.1826426484301614,0.3121375096463904,0.017506787064190066,0.007638888888888806,0.029850145193385413,0.3259510247769696,0.11225433480079562,0.1130318246876566,0.0,0.9999999987499999,0.6274373518313576,0.2746243104912961,0.28985818014745895,0.34808978387050044,angry,05,14,14,female,strong,1654
50,1.6683333333333334,True,1.0,0.19126353585299796,0.19490406202367697,0.19308379893833746,0.7471526712090975,-0.08611111111111108,-0.07712962962962971,0.45779030329078335,0.26357887125699575,0.1871727669507032,0.2584261642615492,0.0036405261706790037,0.008981481481481368,0.0576560542150885,0.399005390215958,0.1065156439157592,0.11585328442977239,0.0,0.9999999987499999,0.6731862767685199,0.284431009676545,0.2991854077623695,0.3873536300038059,angry,05,14,14,female,strong,1654
60,2.0020000000000002,True,1.0,0.6727916704024675,0.748345536658241,0.7105686035303542,0.9899748431137988,-0.05833333333333329,-0.0499074074074074,0.4266309680208184,0.3764983810623392,0.18592003776837338,0.7177643032780314,0.07555386625577354,0.008425925925925892,0.07074424870150431,0.33120160550978034,0.10804221152837308,0.11342761019850242,0.0,0.9999999987499999,0.6520170863814276,0.2825476573299898,0.30902141469032474,0.4130719065679723,angry,05,14,14,female,strong,1654
70,2.3356666666666666,True,1.0,0.674017551787928,0.7032115384541175,0.6886145451210228,1.2131346352524712,-0.05805555555555558,-0.0496759259259259,0.37562009398468627,0.3802096616668079,0.17441757135544245,0.5676324169721788,0.029193986666189553,0.008379629629629681,0.057730017317976105,0.23578369036355104,0.11650796305268098,0.10916700720591768,0.0,0.9858197883496649,0.615938122053509,0.27262695769503703,0.28016258797469445,0.32139288287897505,angry,05,14,14,female,strong,1654
80,2.6693333333333333,True,1.0,0.733778633166074,0.7920503599877506,0.7629144965769123,1.4022652315438315,-0.06837962962962962,-0.059768518518518554,0.3235482410570211,0.6101491243479075,0.19224059931547657,0.5440586270095119,0.058271726821676695,0.00861111111111107,0.07061646425317665,0.2042166602824696,0.10776214624155868,0.11419533224810541,0.0,0.9999999987499999,0.6546371244357118,0.27915785823209804,0.2825373666959451,0.3730905781679725,angry,05,14,14,female,strong,1654
90,3.003,True,1.0,0.6919700466873075,0.7605264117620009,0.7262482292246542,1.316090943667562,-0.05796296296296305,-0.04870370370370375,0.33846100664994433,0.5330122469080353,0.17770437208607714,0.5518222222552583,0.06855636507469332,0.0092592592592593,0.0755940528156538,0.22567239371159822,0.11058411763779713,0.11332938903494387,0.0,0.9999999987499999,0.6552120143448004,0.2756020219508724,0.293671325563003,0.3850593654385407,angry,05,14,14,female,strong,1654
100,3.336666666666667,True,1.0,0.6827868585621673,0.7602437653950846,0.721515311978626,1.1131064663948451,-0.05824074074074076,-0.049537037037036935,0.34984725666547384,0.4203988290883399,0.1797176907004272,0.6481997308985963,0.0774569068329174,0.008703703703703825,0.08148307203854191,0.25930626163072296,0.11342929633917385,0.11065394784113708,0.0,0.9999999987499999,0.6560335505686649,0.2755030225761934,0.2962803378327936,0.38790777273820054,angry,05,14,14,female,strong,1654
110,3.6703333333333332,True,1.0,0.7052334506129173,0.7748661382397314,0.7400497944263243,0.9190182776172605,-0.05875000000000008,-0.0506018518518519,0.3622519536519799,0.31989585251886143,0.18165406536296025,0.8052612363108296,0.06963268762681407,0.008148148148148182,0.0811939697378263,0.30914355039569036,0.11151534356262181,0.11224358197825715,0.0,0.9999999987499999,0.6602249477994322,0.27522518811357904,0.2880962088890735,0.3832139939128773,angry,05,14,14,female,strong,1654
120,4.0040000000000004,True,1.0,0.7232397869915336,0.8117845677326417,0.7675121773620877,0.976423190594949,-0.05921296296296297,-0.049722222222222334,0.36162540296239365,0.3198958525188612,0.18237332826978167,0.7860446011062389,0.08854478074110816,0.009490740740740633,0.08295638903526988,0.28277465010916136,0.11150690177994546,0.11157100255333378,0.0,0.9999999987499999,0.6626751220488196,0.27468276289460336,0.28817025364878185,0.3847170051631885,angry,05,14,14,female,strong,1654
0,0.0,True,1.0,0.718626066315738,0.6941834822403432,0.7064047742780406,0.4479120757884002,-0.06138888888888888,-0.05731481481481482,0.3559833458328423,0.19302924199255514,0.17782969776269256,1.5771058930140474,0.02444258407539479,0.004074074074074063,0.010251866542054192,0.5858589481144035,0.11808112931211526,0.10869735714194834,0.0,0.9999999987499999,0.6276172080629127,0.269508195549123,0.2775130126731286,0.34185017055977385,angry,05,14,14,female,strong,1655
10,0.33366666666666667,True,1.0,0.733698006909503,0.7279421345748192,0.730820070742161,0.34215351815322353,-0.06087962962962962,-0.05634259259259261,0.35586901374792035,0.1943418946699732,0.17782068794340958,2.135942002545432,0.005755872334683887,0.004537037037037006,0.008630870017220908,0.7214222442107454,0.1156721768441093,0.10918318864659098,0.0,0.9999999987499999,0.6366880376603766,0.2679422836560062,0.26705371417431495,0.33080189931316817,angry,05,14,14,female,strong,1655
20,0.6673333333333333,True,1.0,0.4209640000615828,0.38810200053776717,0.404533000299675,0.7808615556349819,-0.07421296296296298,-0.0698611111111111,0.41008657635805185,0.24233634485223512,0.17847393214836946,0.5180598242805236,0.03286199952381563,0.0043518518518518845,0.0005844394082238787,0.35883620689655227,0.11974848746481595,0.11156780397106103,0.0,0.9999999987499999,0.6229626635732418,0.27046055942882463,0.28963835471444466,0.34228088762366343,angry,05,14,14,female,strong,1655
30,1.0010000000000001,True,1.0,0.32609876557719797,0.3234879204313072,0.32479334300425255,1.2752497620388021,-0.0844907407407407,-0.07898148148148143,0.32920626421995486,0.5712409751269213,0.18335996492176562,0.2546899851876781,0.002610845145890772,0.005509259259259269,0.02778786241313134,0.21948760447545176,0.11849431618017316,0.1123915491634553,0.0,0.9999999987499999,0.6123405750503327,0.2676143419805617,0.2949497899994074,0.3336343376213761,angry,05,14,14,female,strong,1655
40,1.3346666666666667,True,1.0,0.3535110767410973,0.3584074679320177,0.3559592723365575,0.9851459128267985,-0.07453703703703707,-0.06532407407407409,0.40292362072133137,0.391254811831666,0.18333999159310857,0.36132644687644333,0.004896391190920446,0.009212962962962978,0.0362496315909407,0.309351795226031,0.10975912848135615,0.11295398875357901,0.0,0.9999999987499999,0.6332481983027586,0.2761387641453808,0.28167824334846714,0.3478857273373551,angry,05,14,14,female,strong,1655
50,1.6683333333333334,True,1.0,0.6749720428446686,0.7353878246845827,0.7051799337646256,1.40467500745913,-0.06444444444444447,-0.05782407407407414,0.33974033587903535,0.5569215416703984,0.18058977894973996,0.5020235499456932,0.06041578183991414,0.006620370370370332,0.036794018775633736,0.2007225932583168,0.11254174769439886,0.1096618121487951,0.0,0.9999999987499999,0.6383938075464561,0.272533588906475,0.27249764725748205,0.3529938038628909,angry,05,14,14,female,strong,1655
60,2.0020000000000002,True,1.0,0.6697686319369867,0.7174779592929531,0.6936232956149699,1.0574720036040663,-0.0647685185185185,-0.05999999999999994,0.43844956665089774,0.3667160289535987,0.191744669646052,0.6559259188432123,0.04770932735596645,0.004768518518518561,0.013255380708688726,0.29094721346528435,0.10669271339499317,0.11302463297876167,0.0,0.9999999987499999,0.6571423886507729,0.28126670729001896,0.30037185242412096,0.406347028043711,angry,05,14,14,female,strong,1655
70,2.3356666666666666,True,1.0,0.736273679746455,0.7525515007658815,0.7444125902561682,1.0421230659825529,-0.060092592592592586,-0.054629629629629695,0.3751664164638682,0.44869187563137664,0.18771512723843176,0.714323110730025,0.01627782101942654,0.005462962962962892,0.0010671770365759724,0.29978471731579537,0.10735773614892902,0.11323753343355843,0.0,0.9999999987499999,0.6519674826258629,0.27920059689296584,0.286417220322894,0.38602028209574,angry,05,14,14,female,strong,1655
80,2.6693333333333333,True,1.0,0.7296525531230459,0.7383104590391064,0.7339815060810762,0.631431381571233,-0.0587037037037037,-0.05226851851851849,0.39190574883583534,0.33607977697478325,0.18143553609964508,1.1624089766565937,0.008657905916060527,0.00643518518518521,0.0023380907757318127,0.49072890601341596,0.10689517903458708,0.11147417580098509,0.0,0.9999999987499999,0.6693738376444328,0.28498915105496814,0.278471551120841,0.36240532507855416,angry,05,14,14,female,strong,1655
90,3.003,True,1.0,0.7707539983609467,0.777774930154881,0.7742644642579138,1.6706745822793034,-0.06189814814814815,-0.05564814814814817,0.27992493828539183,0.660442747436001,0.18846829530139975,0.46344421138052144,0.00702093179393426,0.006249999999999978,0.010414572540814489,0.1799957754164439,0.11045545817280297,0.11362259106403517,0.0,0.9999999987499999,0.6536437963154011,0.281020912032912,0.2873623846472522,0.3813931724588235,angry,05,14,14,female,strong,1655
100,3.336666666666667,True,1.0,0.6965984087338437,0.6846959977289303,0.6906472032313871,0.7933643729786781,-0.05712962962962964,-0.050555555555555576,0.41640006857361034,0.23401799082459254,0.18421051613193204,0.8705296415546863,0.011902411004913405,0.0065740740740740655,0.0026045657798949946,0.3811132689688183,0.10945879608166507,0.1129080773241452,0.0,0.9999999987499999,0.6546385336009404,0.2768454447702599,0.277521161927376,0.38247502826181573,angry,05,14,14,female,strong,1655
110,3.6703333333333332,True,1.0,0.6439431008416477,0.6782921904996817,0.6611176456706647,0.5203592389093495,-0.058796296296296346,-0.05305555555555558,0.4074184933069953,0.14003846723731544,0.18490427426774553,1.2705023688180086,0.03434908965803396,0.0057407407407407685,0.0030738200857776655,0.5340473472977465,0.11197159569644846,0.11178843993231877,0.0,0.9999999987499999,0.6574997591067676,0.27782029290092863,0.27149723271234333,0.38523513166789697,angry,05,14,14,female,strong,1655
120,4.0040000000000004,True,1.0,0.7012735241127372,0.6969060299014541,0.6990897770070956,0.5375563574681579,-0.05759259259259253,-0.05249999999999999,0.40677560248533334,0.12765701318614575,0.18348350154612475,1.3004957848508119,0.004367494211283129,0.0050925925925925375,0.0005446315750218892,0.4946717545471614,0.11113587768091279,0.11125771279898275,0.0,0.9999999987499999,0.6585967385157189,0.27726305694303105,0.2680815203203254,0.37977657900584744,angry,05,14,14,female,strong,1655
130,4.337666666666666,True,1.0,0.7588663634657982,0.733543672208275,0.7462050178370365,0.49981040599518844,-0.05842592592592594,-0.05212962962962969,0.3974729283729454,0.1457069064926353,0.1834398364890001,1.4929761543304483,0.025322691257523178,0.006296296296296244,0.0020432139687589766,0.5338863438261529,0.10772672695564224,0.11032595150580783,0.0,0.9999999987499999,0.6692428283266433,0.2777995062094734,0.2626545172131028,0.3677129148665272,angry,05,14,14,female,strong,1655
0,0.0,True,1.0,0.7020975012957517,0.7557919382981428,0.7289447197969472,0.37568702347672567,-0.0587037037037037,-0.05222222222222217,0.35921591626132043,0.11727342510014244,0.18006629842695704,1.940297839012548,0.05369443700239118,0.0064814814814815325,0.06345162508034281,0.6903281713545013,0.1042190142587543,0.11314127672893622,0.0,0.9999999987499999,0.6840424281822104,0.28159907369214465,0.2510843833085775,0.35448598610231774,fearful,06,14,14,female,normal,1656
10,0.33366666666666667,True,1.0,0.6906955517474689,0.7458697748837447,0.7182826633156068,0.3879452518094844,-0.05870370370370376,-0.05157407407407416,0.36076389636763634,0.1472701600616692,0.17791676915953547,1.8515052316411578,0.055174223136275846,0.007129629629629597,0.05542325106318306,0.6627720082063688,0.10443112959510906,0.11192884757529098,0.0,0.9999999987499999,0.6871108884960233,0.28028475086451154,0.2531407985246405,0.3503563544593939,fearful,06,14,14,female,normal,1656
20,0.6673333333333333,True,1.0,0.7042056314657376,0.7764194354797138,0.7403125334727256,0.7390511431595909,-0.05925925925925929,-0.05115740740740743,0.3865969747557375,0.23150741944799386,0.1771802450044448,1.0017067699912379,0.07221380401397626,0.00810185185185186,0.04524929126451814,0.33556057197660544,0.10416862829149864,0.11285052245359431,0.0,0.9999999987499999,0.682478476101378,0.2825272051876908,0.2609902944321424,0.35274232318956644,fearful,06,14,14,female,normal,1656
30,1.0010000000000001,True,1.0,0.35188690085946295,0.3498475355608502,0.35086721821015654,0.6981751054966467,-0.07259259259259265,-0.0622685185185185,0.3960685353483052,0.19123762289152954,0.17926245206354585,0.502549024518093,0.002039365298612761,0.010324074074074152,0.060685218330986994,0.38675783281030396,0.10311050460248591,0.1126403113720437,0.0,0.9999999987499999,0.6834967821659914,0.2797192061539432,0.26744648695825285,0.3612521395276306,fearful,06,14,14,female,normal,1656
40,1.3346666666666667,True,1.0,0.45428958059086005,0.4946457208738329,0.4744676507323465,0.6009713917375231,-0.07023148148148145,-0.05851851851851858,0.35864989810720754,0.2616603036631079,0.17586805555555549,0.789501226273966,0.04035614028297285,0.01171296296296287,0.05802269902637145,0.4782910311947519,0.10467774818161103,0.10945841888983504,0.0,0.9999999987499999,0.6803328266697305,0.28050815589611755,0.265997564087063,0.35235845353004563,fearful,06,14,14,female,normal,1656
50,1.6683333333333334,True,1.0,0.6530870729250023,0.7245586778922065,0.6888228754086044,0.8231154001863892,-0.059814814814814876,-0.04898148148148157,0.3680809519090932,0.302722850499007,0.17793263472483226,0.8368484847357065,0.07147160496720417,0.010833333333333306,0.07103706797210235,0.31958567095269413,0.1064782242698981,0.11187251193885837,0.0,0.9999999987499999,0.6755581233509029,0.28099014377603587,0.2777017383597034,0.3657088808034337,fearful,06,14,14,female,normal,1656
60,2.0020000000000002,True,1.0,0.6518982429352898,0.714331597899312,0.6831149204173008,0.6973101378010701,-0.060555555555555585,-0.04967592592592596,0.3545790102474203,0.28748256383372506,0.18133248392541934,0.9796428925749837,0.06243335496402225,0.010879629629629628,0.06710545106728538,0.38819682223506113,0.10909062661420788,0.11225004884027476,0.0,0.9999999987499999,0.6632331844847315,0.2762157751894859,0.27517084064954467,0.37200217069343733,fearful,06,14,14,female,normal,1656
70,2.3356666666666666,True,1.0,0.6885326328776159,0.7356321839080467,0.7120824083928313,0.6602801993847239,-0.06185185185185177,-0.05037037037037034,0.3567692399891197,0.23229518733379081,0.18135772660683627,1.0784548878739342,0.04709955103043084,0.011481481481481426,0.06105323702109173,0.41107130539788106,0.1111213172593281,0.11092928793025386,0.0,0.9999999987499999,0.6705283091908639,0.27505161017566565,0.2742139785165168,0.37065228118262294,fearful,06,14,14,female,normal,1656
80,2.6693333333333333,True,1.0,0.7209599242110352,0.7717852069518102,0.7463725655814226,0.6246488352319194,-0.05986111111111114,-0.05125000000000007,0.35028496156351824,0.2583934985783751,0.17921818428722588,1.194867457496034,0.050825282740775024,0.00861111111111107,0.059336442481068084,0.4440366761688953,0.10370464892146601,0.10846556504032637,0.0,0.9999999987499999,0.6803442969766033,0.2784928509284078,0.25773149017203745,0.3467010387454313,fearful,06,14,14,female,normal,1656
90,3.003,True,1.0,0.705309439436138,0.7708919113335985,0.7381006753848682,0.6515513794511658,-0.06268518518518518,-0.05236111111111108,0.3630630127023331,0.25099845748073274,0.18065060453086207,1.132835718967562,0.06558247189746047,0.010324074074074097,0.0753894901540312,0.3758520364661278,0.10340122931392469,0.10822803214054237,0.0,0.9999999987499999,0.6818687154471164,0.27736646641911256,0.2605981022291166,0.35172679745890323,fearful,06,14,14,female,normal,1656
0,0.0,True,1.0,0.7622647573145626,0.758572722336561,0.7604187398255617,0.7603964984754171,-0.06546296296296289,-0.05689814814814814,0.35140928559272766,0.3321038624972094,0.16957451946998714,1.0000292496745964,0.003692034978001524,0.008564814814814747,0.035687670764183194,0.35646345429632886,0.10757685796465152,0.11319781829714429,0.0,0.9999999987499999,0.6715015543951955,0.2813804797600964,0.26422410142457414,0.37099294411432454,fearful,06,14,14,female,normal,1657
10,0.33366666666666667,True,1.0,0.7069469242585953,0.7883237714514847,0.7476353478550399,0.721726147440773,-0.06268518518518518,-0.05435185185185182,0.3575443596575059,0.29124065164175394,0.1715815890011173,1.0358989354980979,0.0813768471928894,0.00833333333333336,0.0550189410802984,0.3522649217665228,0.11595086688728294,0.11062304064892105,0.0,0.9999999987499999,0.6318462582689325,0.26648237372422057,0.2682111696103928,0.33125207183247146,fearful,06,14,14,female,normal,1657
20,0.6673333333333333,True,1.0,0.6297876073588279,0.6543298326018736,0.6420587199803507,0.6776919596440292,-0.06731481481481483,-0.05736111111111114,0.4029548525593591,0.22313060496536288,0.1773110993101816,0.9474197101550452,0.024542225243045723,0.009953703703703687,0.05543115756667197,0.38988926358966064,0.11697586222451893,0.1116062528798776,0.0,0.9999999987499999,0.6228168788921818,0.26628223323199324,0.28198035953315104,0.3334150653233875,fearful,06,14,14,female,normal,1657
30,1.0010000000000001,True,1.0,0.400827068933324,0.4270116116372774,0.4139193402853007,0.6066835119380665,-0.06592592592592594,-0.05509259259259258,0.4699826800450954,0.06854232175014538,0.17873919977603936,0.6822656824198575,0.02618454270395343,0.010833333333333361,0.0520962766815492,0.4407452685959319,0.10597020813368513,0.11437059731260574,0.0,0.9999999987499999,0.6762264785210959,0.2812652963432292,0.2759850876729312,0.37291015418726803,fearful,06,14,14,female,normal,1657
40,1.3346666666666667,True,1.0,0.6737365393645764,0.735425784965656,0.7045811621651162,0.8540763402685738,-0.06189814814814809,-0.05324074074074081,0.3730480498499199,0.29828510577416034,0.1836364552134917,0.8249627450674407,0.06168924560107958,0.00865740740740728,0.06561671755545966,0.306688469635646,0.10536376718256513,0.11376320791001075,0.0,0.9999999987499999,0.6672872074298469,0.27686728877759437,0.2693754088236487,0.3648840077525317,fearful,06,14,14,female,normal,1657
50,1.6683333333333334,True,1.0,0.6240425201772447,0.7307097547663074,0.677376137471776,0.769180760084506,-0.06041666666666673,-0.051203703703703696,0.3855887102638093,0.23255296821326232,0.1850230687103143,0.8806462311893452,0.10666723458906269,0.009212962962963034,0.07669486227659669,0.3469443167575849,0.10565214915855972,0.11315920816298884,0.0,0.9999999987499999,0.6692969370169943,0.2768963018643798,0.2679112931557745,0.36754858077983144,fearful,06,14,14,female,normal,1657
60,2.0020000000000002,True,1.0,0.6548513547481739,0.7123498556472271,0.6836006051977005,0.7422883333102706,-0.05912037037037038,-0.04712962962962963,0.39992746423209247,0.2267938920691462,0.1823469709841328,0.920936749940755,0.05749850089905317,0.011990740740740746,0.07591563667608582,0.37816491325348356,0.10880738574099486,0.11303142452504301,0.0,0.9999999987499999,0.6629987410432923,0.2779993795425156,0.27906117410560977,0.3622551737979645,fearful,06,14,14,female,normal,1657
70,2.3356666666666666,True,1.0,0.6601985864190493,0.7751654768106234,0.7176820316148363,0.7702117983413828,-0.0671296296296296,-0.06037037037037052,0.328756434895697,0.26580148627478256,0.19609651669141634,0.9317982834855725,0.11496689039157415,0.006759259259259076,0.09930818992948061,0.3463519770751747,0.1020488791252562,0.1095040977931195,0.0,0.9999999987499999,0.6814309615330506,0.2769827548608282,0.2602058613047208,0.3556559797239045,fearful,06,14,14,female,normal,1657
80,2.6693333333333333,True,1.0,0.7187062717254478,0.8595045576237307,0.7891054146745893,0.8205459757907282,-0.0675,-0.06157407407407406,0.3394825914945922,0.25719226256281347,0.20358055682318985,0.961683364438122,0.14079828589828292,0.005925925925925946,0.10024907866493657,0.3096747507402804,0.0988905515845958,0.11065595553807842,0.0,0.9999999987499999,0.6968132846107192,0.2914834051016938,0.2666883781520265,0.391497602239586,fearful,06,14,14,female,normal,1657
90,3.003,True,1.0,0.6912950656050669,0.7922566996225212,0.7417758826137941,0.7566960916582147,-0.06310185185185185,-0.05500000000000005,0.34692017016039056,0.23623384233480743,0.19739274606235474,0.9802824288259179,0.10096163401745428,0.008101851851851805,0.1027556310063713,0.33838783324431176,0.0998619962822935,0.11064439942775496,0.0,0.9999999987499999,0.696242619110144,0.29359227632457147,0.2696585893929627,0.393643468175552,fearful,06,14,14,female,normal,1657
100,3.336666666666667,True,1.0,0.6390880497588303,0.7497483715638646,0.6944182106613475,0.811975151935674,-0.06129629629629629,-0.05199074074074078,0.34475427915952717,0.2547388275712882,0.19593304199252465,0.8552210113892258,0.11066032180503438,0.009305555555555511,0.0936758968324726,0.32652897051008456,0.10535271675487408,0.10863368517676597,0.0,0.9999999987499999,0.6614267409776411,0.2791030727752807,0.26189420020464077,0.3626734149255294,fearful,06,14,14,female,normal,1657
0,0.0,True,1.0,0.7063734970262526,0.745873594611867,0.7261235458190598,0.4387706181980317,-0.06574074074074071,-0.055787037037037024,0.3606625587341715,0.23342016475223043,0.17448054864018764,1.654904671605281,0.03950009758561435,0.009953703703703687,0.047969977920987776,0.5313333235395344,0.10555854120166773,0.11391748409783736,0.0,0.9999999987499999,0.6813796162449354,0.2789003531711882,0.2643277899472803,0.36618684961411535,fearful,06,14,14,female,normal,1658
10,0.33366666666666667,True,1.0,0.7498826881946251,0.7635830380307668,0.7567328631126959,0.455171749285651,-0.06569444444444439,-0.056157407407407434,0.36811819997257855,0.23396641891100997,0.17307587307197603,1.6625215960795383,0.013700349836141656,0.009537037037036955,0.046688589698536995,0.5150834658716154,0.10755107578946611,0.11271637277136395,0.0,0.9999999987499999,0.681287157472364,0.2783652338299171,0.26745434928314255,0.36003529058655653,fearful,06,14,14,female,normal,1658
20,0.6673333333333333,True,1.0,0.39024924548344575,0.3976077576281595,0.3939285015558026,0.7515346442863834,-0.07861111111111108,-0.06624999999999998,0.3737594349195435,0.29584567032344644,0.17304413168756036,0.5241654587059733,0.007358512144713725,0.0123611111111111,0.04476832561330725,0.3330247036343653,0.10841751039016989,0.11222328604262657,0.0,0.9999999987499999,0.6755154028173769,0.2795365978813193,0.2701162080070815,0.3603971910948881,fearful,06,14,14,female,normal,1658
30,1.0010000000000001,True,1.0,0.7171783650327791,0.7354257849656569,0.726302074999218,0.7076862315530005,-0.0639351851851852,-0.05324074074074081,0.35497713715990004,0.308120476480916,0.1751742993599517,1.0263052220266677,0.018247419932877817,0.010694444444444395,0.04901119970394958,0.35671854872350844,0.10593010000496692,0.11424109815164,0.0,0.9999999987499999,0.6770677095760178,0.27778175093144863,0.26535142643098153,0.358006146476508,fearful,06,14,14,female,normal,1658
40,1.3346666666666667,True,1.0,0.6791332750513609,0.7453809517735469,0.7122571134124539,0.6650064097708895,-0.06310185185185185,-0.05449074074074067,0.3913321347318215,0.263795080376834,0.18057625937153515,1.0710530048241842,0.06624767672218601,0.00861111111111118,0.053856025759251504,0.3690184016053648,0.10220576209450984,0.11125756954976578,0.0,0.9999999987499999,0.6730737200661514,0.2807907863776124,0.2735481428766208,0.36246435492210344,fearful,06,14,14,female,normal,1658
50,1.6683333333333334,True,1.0,0.6791332750513608,0.7432778897901126,0.7112055824207366,0.4559029046620324,-0.06347222222222226,-0.05268518518518511,0.3654947826560283,0.146463903656018,0.17851496546228493,1.5599935318419693,0.06414461473875177,0.01078703703703715,0.06230064541716984,0.5150834658716154,0.108294235570948,0.10994237475138845,0.0,0.9999999987499999,0.6788215603585185,0.2752425082995337,0.2794468321053385,0.37214434820918535,fearful,06,14,14,female,normal,1658
60,2.0020000000000002,True,1.0,0.7446970900374886,0.8272842624164486,0.7859906762269686,0.5959529367710381,-0.06111111111111117,-0.050787037037037075,0.3568904996738221,0.2377940905488413,0.18060667699933172,1.3188804479856804,0.08258717237895996,0.010324074074074097,0.054473891693528474,0.4274345251696623,0.10552265920312139,0.11038380452135442,0.0,0.9999999987499999,0.6700070781672044,0.2789562428465017,0.272423066344625,0.36138222416484217,fearful,06,14,14,female,normal,1658
70,2.3356666666666666,True,1.0,0.6718752971224071,0.7319318244155137,0.7019035607689604,0.6890460344380547,-0.061388888888888826,-0.05134259259259266,0.360544195897496,0.23396641891100886,0.18131060409212146,1.018659894532869,0.06005652729310662,0.010046296296296164,0.06463192629887331,0.37549446658667557,0.10680773484114364,0.10966328249025924,0.0,0.9999999987499999,0.6681921319308973,0.2795334739436969,0.27847223676122235,0.36196884453627326,fearful,06,14,14,female,normal,1658
80,2.6693333333333333,True,1.0,0.7004190946168994,0.8059734241330666,0.753196259374983,0.5587536737550582,-0.06245370370370368,-0.05250000000000005,0.36323780775114817,0.21969585548402518,0.18270947180724795,1.347993390921601,0.10555432951616717,0.009953703703703631,0.06822263771114861,0.4402607331169769,0.1077283840618499,0.10858369614489993,0.0,0.9999999987499999,0.669291307546456,0.27772714883385446,0.2789721171689431,0.3651087849639242,fearful,06,14,14,female,normal,1658
90,3.003,True,1.0,0.7109399328223501,0.7940409192357877,0.7524904260290689,0.6399458986524995,-0.06328703703703703,-0.05486111111111114,0.36357580735916295,0.23779409054884007,0.18130092563129852,1.1758656905428233,0.08310098641343755,0.008425925925925892,0.06818083597957349,0.38167896231173565,0.10617373623254311,0.10871122276418255,0.0,0.9999999987499999,0.6702167635100915,0.27994354621736783,0.27373152031828485,0.3629487887311853,fearful,06,14,14,female,normal,1658
0,0.0,True,1.0,0.7465593328869468,0.7450781178651353,0.7458187253760411,0.5582501261379715,-0.06143518518518515,-0.053472222222222254,0.37085295469434193,0.22770728829312017,0.1826426484301614,1.3359938322552425,0.0014812150218114217,0.007962962962962894,0.011892138926866766,0.4588815789473683,0.11206124916408057,0.1108424568638926,0.0,0.9999999987499999,0.6565470308123249,0.2797983255899507,0.2689950635783422,0.37254927589871223,fearful,06,14,14,female,normal,1659
10,0.33366666666666667,True,1.0,0.4439089140277427,0.4210526315789469,0.4324807728033448,0.6994535519125684,-0.06999999999999995,-0.06282407407407414,0.37524429164937984,0.26229508196721346,0.18125168372062783,0.6183123548672819,0.022856282448795784,0.007175925925925808,0.009060228836186575,0.3867187500000006,0.11906762831798776,0.10832167016303558,0.0,0.9999999987499999,0.6207163896808723,0.2652052447974992,0.285230761409493,0.33348880136230985,fearful,06,14,14,female,normal,1659
20,0.6673333333333333,True,1.0,0.7032033657994071,0.7032115384541177,0.7032074521267624,0.7884494383241134,-0.06166666666666665,-0.05458333333333337,0.3803167181781891,0.32254749749622796,0.17778164011680322,0.8918865534630389,8.17265471053652e-06,0.007083333333333275,0.006507236044030375,0.3579545454545452,0.1086073779200836,0.11439543354520505,0.0,0.9999999987499999,0.6737548351293641,0.2817928946943538,0.28072075332073865,0.37939673646124134,fearful,06,14,14,female,normal,1659
30,1.0010000000000001,True,1.0,0.6709175573522882,0.7201746991940456,0.695546128273167,0.7557822839306497,-0.0602314814814815,-0.05222222222222217,0.37201484245574634,0.2979352003583911,0.17639061901081732,0.9202995929671594,0.049257141841757446,0.008009259259259327,0.02189987832040424,0.34613359548274375,0.10888097455697468,0.11380071721749506,0.0,0.9999999987499999,0.668917086600265,0.28223510794387396,0.2800706394830099,0.38109939342882426,fearful,06,14,14,female,normal,1659
40,1.3346666666666667,True,1.0,0.5928231542665819,0.6284626800960218,0.6106429171813019,0.7637388278298848,-0.061851851851851825,-0.053101851851851845,0.3805944864746878,0.33914520981761115,0.18057625937153515,0.7995441568898688,0.035639525829439855,0.00874999999999998,0.033920095506805914,0.358186694970217,0.11054447888619892,0.10960852537613085,0.0,0.9999999987499999,0.6420422530262104,0.27221865114261135,0.2680244137732396,0.33301928920660634,fearful,06,14,14,female,normal,1659
50,1.6683333333333334,True,1.0,0.7010203250908863,0.68686755597247,0.6939439405316781,0.5375380758241504,-0.0597685185185185,-0.05046296296296299,0.36252532114945335,0.2014784243035691,0.18125378834941805,1.2909670435303158,0.014152769118416342,0.009305555555555511,0.014526843052329442,0.5161207303049608,0.10919751967259028,0.11466603328825532,0.0,0.9999999987499999,0.6545657695812699,0.27944195750257433,0.2710099283495061,0.3674324103292868,fearful,06,14,14,female,normal,1659
60,2.0020000000000002,True,1.0,0.6798854680721229,0.6782154852878076,0.6790504766799652,0.7419912800710525,-0.05962962962962959,-0.053518518518518576,0.34850625813466224,0.34778453288440125,0.18125042093162333,0.9151731225398496,0.0016699827843152937,0.006111111111111012,0.0020067683502885784,0.4101280897057323,0.12155768841446252,0.10748746973770557,0.0,0.9999999987499999,0.6160765914100016,0.26392087015542914,0.29934917487671525,0.332157797589538,fearful,06,14,14,female,normal,1659
70,2.3356666666666666,True,1.0,0.6806419529550519,0.6563590612935509,0.6685005071243014,0.7676246497923408,-0.055416666666666725,-0.04893518518518519,0.3601233713883808,0.30853624046322065,0.18333999159310857,0.8708689947686612,0.024282891661500994,0.0064814814814815325,0.002854702184316656,0.3970346750418304,0.12282738870885555,0.10746204877453354,0.0,0.9999999987499999,0.606765421488908,0.2615781277179682,0.3041149072355365,0.33392359814189243,fearful,06,14,14,female,normal,1659
80,2.6693333333333333,True,1.0,0.7316092070451855,0.6644186675885175,0.6980139373168515,0.7180724948117394,-0.05648148148148158,-0.0499074074074074,0.37705017716373634,0.2871563206780745,0.18270947180724795,0.972066110817757,0.06719053945666797,0.0065740740740741765,0.007355948479520061,0.3941578507296084,0.1110625161861947,0.11336589801863971,0.0,0.9999999987499999,0.656544225440176,0.2811741914736371,0.28505800850059854,0.3778959187583877,fearful,06,14,14,female,normal,1659
90,3.003,True,1.0,0.6297147106656614,0.6103923054308802,0.6200535080482708,0.7862327217100152,-0.059074074074074,-0.05365740740740749,0.3637455351321989,0.2818411405725624,0.1840692309509921,0.7886386446746794,0.019322405234781237,0.005416666666666514,0.010911356554152282,0.36279637556043526,0.12043993788083436,0.10661520415073948,0.0,0.9999999987499999,0.6180148806006778,0.26301303715552327,0.29436728151395153,0.3323447947742523,fearful,06,14,14,female,normal,1659
0,0.0,True,1.0,0.79003830765339,0.7635592810755658,0.7767987943644779,0.6077772103843954,-0.06458333333333338,-0.058472222222222314,0.3668078010770679,0.2810691699134664,0.1750017438529185,1.2780979297877637,0.026479026577824194,0.006111111111111067,0.0020187664814617385,0.4077721827221292,0.10685143013612546,0.11304325975950949,0.0,0.9999999987499999,0.6724585683257678,0.2832457636320445,0.268352995785849,0.37556063020703795,fearful,06,14,14,female,strong,1660
10,0.33366666666666667,True,1.0,0.759163504449753,0.7739252672676386,0.7665443858586958,0.5253528283990868,-0.06412037037037033,-0.05870370370370376,0.3606514291275443,0.27812796797598704,0.1750017438529185,1.459103947711854,0.014761762817885549,0.00541666666666657,0.005798183546308309,0.4797794117647063,0.10792158546945012,0.11202204287093785,0.0,0.9999999987499999,0.6757781163168393,0.2825883577996647,0.2692632963861439,0.3761144419951698,fearful,06,14,14,female,strong,1660
20,0.6673333333333333,True,1.0,0.26989007485699607,0.25138571141723537,0.2606378931371157,0.6847142951579656,-0.0793981481481481,-0.0736574074074074,0.4243264657555834,0.23043269548585413,0.17847264970529494,0.3806520398073269,0.018504363439760696,0.005740740740740713,0.010566900186464489,0.3786057692307694,0.10631358048556842,0.1147177272083639,0.0,0.9999999987499999,0.6787058309495673,0.28089891886565693,0.2787526509104898,0.39129093924452063,fearful,06,14,14,female,strong,1660
30,1.0010000000000001,True,1.0,0.26613987085267954,0.2511903814698009,0.2586651261612402,0.8882404153304923,-0.08310185185185187,-0.07675925925925925,0.4436789020774466,0.32059698001912723,0.1715638020344715,0.29121071468584026,0.014949489382878656,0.006342592592592622,0.026743222020818,0.31265586296757275,0.09928229863649758,0.11437482943005822,0.0,0.9999999987499999,0.6898380884150536,0.2816871295042349,0.2802069791605479,0.4014701817586798,fearful,06,14,14,female,strong,1660
40,1.3346666666666667,True,1.0,0.6143468929708472,0.586138322854304,0.6002426079125756,1.2969616469529945,-0.0706944444444444,-0.06310185185185185,0.35901437084001564,0.6330614292175285,0.17647364491622902,0.46280675247625885,0.028208570116543208,0.00759259259259254,0.03448753519011387,0.20563056268116975,0.10413084295653822,0.11472686915496891,0.0,0.9999999987499999,0.6804553017144358,0.2831033105757616,0.28248035709349695,0.3705137767592975,fearful,06,14,14,female,strong,1660
50,1.6683333333333334,True,1.0,0.6791332750513605,0.7585727223365605,0.7188529986939605,0.5313919196022057,-0.06875000000000003,-0.059305555555555556,0.39279555367571434,0.13232709088693378,0.18406923095099198,1.3527736726446389,0.07943944728520003,0.009444444444444478,0.07209923290626491,0.4833365880426443,0.10269599679815812,0.11149086338974568,0.0,0.9999999987499999,0.6740793258944203,0.28539456354033554,0.28153091619335796,0.36567022702718627,fearful,06,14,14,female,strong,1660
60,2.0020000000000002,True,1.0,0.7305920980684025,0.7051920424236552,0.7178920702460289,1.1850608116179986,-0.0675,-0.06277777777777782,0.33007914850096015,0.5678243105419379,0.180650604530862,0.6057850054680903,0.025400055644747344,0.004722222222222183,0.014487910567442284,0.24218010936236228,0.11789013755455205,0.11503010965979481,0.0,0.9999999987499999,0.6101877817533264,0.2667455730133845,0.3018052398640001,0.32764339211080856,fearful,06,14,14,female,strong,1660
70,2.3356666666666666,True,1.0,0.7519460511839199,0.7683615819209039,0.7601538165524119,0.9386058351021374,-0.06671296296296292,-0.060694444444444495,0.3839598376644129,0.447954698032854,0.17569835258094374,0.809875443049737,0.016415530736983985,0.006018518518518423,0.016670279840051663,0.3156932343352745,0.11069889776638722,0.11338542883929772,0.0,0.9999999987499999,0.6720005574026484,0.28228339945973885,0.29928843650207454,0.39585514504639535,fearful,06,14,14,female,strong,1660
80,2.6693333333333333,True,1.0,0.6999898235433201,0.7329434697855768,0.7164666466644485,0.7050146292350647,-0.0685648148148148,-0.06412037037037038,0.38865249703265214,0.34536975766678396,0.17916666666666659,1.0162436592866293,0.03295364624225672,0.0044444444444444176,0.01509895322700513,0.37115606300894677,0.10857893802005165,0.11425580083917716,0.0,0.9999999987499999,0.6794033937090461,0.2819042425961213,0.28104055606863626,0.383769290092442,fearful,06,14,14,female,strong,1660
90,3.003,True,1.0,0.6991069985220867,0.72293105887819,0.7110190287001383,0.7027620298101862,-0.06689814814814815,-0.06069444444444444,0.3856183108106715,0.3018821717012547,0.1812605229973301,1.0117493526111283,0.023824060356103294,0.006203703703703711,0.03245820485713044,0.3841970134268609,0.1159862735360535,0.10814707457983762,0.0,0.9999999987499999,0.6299130096022784,0.2683228088059769,0.2793101359605444,0.33033718449540894,fearful,06,14,14,female,strong,1660
0,0.0,True,1.0,0.7436498393939082,0.7628513073064347,0.7532505733501714,0.6029369361450939,-0.0637037037037037,-0.05754629629629632,0.3489516671693354,0.3173004683477358,0.17638888888888893,1.2493024198618763,0.019201467912526526,0.006157407407407389,0.007584423015166019,0.4292292924543004,0.11834020367638262,0.11015854128908875,0.0,0.9999999987499999,0.626799864516119,0.2694671011249663,0.27744497266023055,0.32865628159361054,fearful,06,14,14,female,strong,1661
10,0.33366666666666667,True,1.0,0.7410153812928746,0.7638638981320842,0.7524396397124794,0.6026732731012582,-0.06375000000000003,-0.060462962962962885,0.35798222344857344,0.3090310755288744,0.17569835258094374,1.2485034151930248,0.02284851683920963,0.0032870370370371438,0.012413212173356773,0.4190108454569569,0.10699795948067065,0.114413193704738,0.0,0.9999999987499999,0.6824615413118372,0.28478239222573976,0.26560630122604056,0.37351562205516464,fearful,06,14,14,female,strong,1661
20,0.6673333333333333,True,1.0,0.7281748828684126,0.732797170268917,0.7304860265686648,0.8213384330521318,-0.062361111111111145,-0.05703703703703705,0.3706035567460455,0.3434508377639259,0.17777820693070223,0.8893849321699762,0.00462228740050441,0.005324074074074092,0.010704943303306454,0.33797171615425886,0.11897184864120744,0.10964994848787361,0.0,0.9999999987499999,0.6287076002823003,0.2698670318673183,0.28868364847705313,0.3328937334910572,fearful,06,14,14,female,strong,1661
30,1.0010000000000001,True,1.0,0.5980288585098887,0.5923045778283242,0.5951667181691065,0.9133925202009967,-0.0665277777777778,-0.061064814814814794,0.43645705276676805,0.30651314853497597,0.17920924427469392,0.6516001664192925,0.0057242806815644975,0.005462962962963003,0.023728019832733854,0.31618396309642743,0.11474461997295242,0.11373159747557336,0.0,0.9999999987499999,0.6247890716208359,0.2722752787670633,0.3028710611817746,0.36357150148658474,fearful,06,14,14,female,strong,1661
40,1.3346666666666667,True,1.0,0.6807332612175858,0.7638597899140998,0.7222965255658428,1.0955926821422215,-0.06412037037037033,-0.05740740740740746,0.3536913585536482,0.4701110958836206,0.18473709033861765,0.6592746897081591,0.08312652869651393,0.006712962962962865,0.04256790848989726,0.24398641116300962,0.11489778689244766,0.11188683197446024,0.0,0.9999999987499999,0.6198293072072579,0.27041883868330574,0.30235941549660905,0.3414582029414179,fearful,06,14,14,female,strong,1661
50,1.6683333333333334,True,1.0,0.677851264340307,0.6671074815699433,0.672479372955125,0.5016882811952825,-0.07,-0.05884259259259261,0.3756196775721973,0.23623577020915565,0.1750854283673045,1.3404326912977302,0.010743782770363697,0.011157407407407394,0.049286851372528286,0.5049472265739564,0.10839255527574074,0.11275543575548587,0.0,0.9999999987499999,0.6710657709802671,0.2854675229805677,0.2906539390340416,0.36879388192165546,fearful,06,14,14,female,strong,1661
60,2.0020000000000002,True,1.0,0.7087274984165676,0.7706108092529811,0.7396691538347744,1.5755856061652587,-0.06800925925925927,-0.05810185185185185,0.30177289783675304,0.7953587295181334,0.17925010926358442,0.4694566584896769,0.06188331083641352,0.00990740740740742,0.05915330593856512,0.1798572285777293,0.10534339467344518,0.11675714608990675,0.0,0.9999999987499999,0.6710910079031612,0.2854199296797499,0.28303818394697305,0.361422500848604,fearful,06,14,14,female,strong,1661
70,2.3356666666666666,True,1.0,0.6981999733793401,0.7269258160399328,0.7125628947096365,1.069023481024425,-0.06689814814814815,-0.05578703703703708,0.36457872137331965,0.5264244425497708,0.17648618189208873,0.6665549516525128,0.028725842660592638,0.011111111111111072,0.06191399883272913,0.28531337173220206,0.10904285658688828,0.11161576016441677,0.0,0.9999999987499999,0.6690030413806147,0.28428040948955485,0.30591104371208533,0.3953189373414423,fearful,06,14,14,female,strong,1661
80,2.6693333333333333,True,1.0,0.6974300134823436,0.7602437653950834,0.7288368894387135,0.8820079124359105,-0.06550925925925927,-0.05833333333333324,0.373988050688531,0.3906348462221643,0.17923861692715684,0.8263382665421078,0.06281375191273986,0.00717592592592603,0.0597393739467071,0.3028316784480127,0.10885263969027016,0.11077410183326744,0.0,0.9597891612151047,0.6739495159782664,0.282266804697832,0.2882725708238743,0.37169763614361157,fearful,06,14,14,female,strong,1661
90,3.003,True,1.0,0.6897480808702126,0.7387663822870243,0.7142572315786184,0.7632522317154476,-0.0665277777777778,-0.059120370370370434,0.3795303724228161,0.3183634013499122,0.18269903226568524,0.9358075900718816,0.04901830141681174,0.007407407407407363,0.07436709138712008,0.33094005435998225,0.10811104831728659,0.11166872428581005,0.0,0.9999999987499999,0.6721231994282089,0.2823252044480312,0.28566409205925875,0.3706429283783495,fearful,06,14,14,female,strong,1661
100,3.336666666666667,True,1.0,0.5468184606601035,0.605311785470908,0.5760651230655058,0.7187593801726609,-0.06962962962962965,-0.060925925925925994,0.3668502112554322,0.3078223672422325,0.18198637216357724,0.8014714506085792,0.05849332481080449,0.008703703703703658,0.0695575009892349,0.36349655986382295,0.10916334272275754,0.1106402610150887,0.0,0.9999999987499999,0.6744466723095489,0.2809419424045615,0.28399790375357037,0.36752916054804025,fearful,06,14,14,female,strong,1661
0,0.0,True,1.0,0.6799776892661608,0.7108615884538709,0.6954196388600158,0.5133606534896044,-0.06092592592592594,-0.055324074074074026,0.36389775767631727,0.22543659781717007,0.17986280783332034,1.3546414867069632,0.030883899187710173,0.005601851851851913,0.031604166433435894,0.4949586048575396,0.10618462687585009,0.11400455959704295,0.0,0.9999999987499999,0.6671832208273936,0.2788465937971169,0.2556375842289812,0.3673639320206067,fearful,06,14,14,female,strong,1662
10,0.33366666666666667,True,1.0,0.7169143033245392,0.7288053372824443,0.7228598203034917,0.47153445151651535,-0.06055555555555564,-0.05277777777777776,0.35672507592129205,0.19643816102073167,0.17847393214836946,1.5329947111577569,0.01189103395790514,0.007777777777777883,0.02425901844823324,0.5446750180213221,0.10632192527694267,0.11116743965210914,0.0,0.9999999987499999,0.6684250913412241,0.27963176625972536,0.26275397369741776,0.3688085243121728,fearful,06,14,14,female,strong,1662
20,0.6673333333333333,True,1.0,0.7100523508317578,0.7157720954932271,0.7129122231624925,0.7141187587897749,-0.061712962962963025,-0.055138888888888904,0.3676855643479375,0.25068331370660546,0.17847906182851891,0.9983104552115013,0.005719744661469295,0.006574074074074121,0.01550147388237235,0.3590168422124673,0.11474990154644642,0.1103249075297235,0.0,0.9999999987499999,0.6286606265709409,0.2714113767879324,0.2807596408100507,0.3369624895865536,fearful,06,14,14,female,strong,1662
30,1.0010000000000001,True,1.0,0.7217274105911562,0.7299658638839737,0.7258466372375649,0.8013721170580959,-0.06060185185185191,-0.05583333333333329,0.3835387207509102,0.284122841502415,0.17847264970529494,0.9057547945419023,0.008238453292817471,0.004768518518518616,0.009472873287852505,0.3170454545454542,0.11501267416567039,0.113628309878983,0.0,0.9999999987499999,0.6213023105882978,0.26740225656428657,0.2853220851791357,0.3355785691628972,fearful,06,14,14,female,strong,1662
40,1.3346666666666667,True,1.0,0.6142056135077052,0.6433760044806256,0.6287908089941654,0.712764290638637,-0.057638888888888906,-0.0493055555555556,0.4154331517588574,0.2638579688507255,0.177090226581521,0.8821861830799193,0.0291703909729204,0.008333333333333304,0.03713280092349485,0.40983101077438217,0.1035056277478,0.11210752420136207,0.0,0.9999999987499999,0.680841146927521,0.28721595100418884,0.29497335285439585,0.38599923559609484,fearful,06,14,14,female,strong,1662
50,1.6683333333333334,True,1.0,0.3332984256604867,0.34725857071952987,0.34027849819000827,0.47662765257473116,-0.07555555555555549,-0.06486111111111109,0.37519544037449165,0.11512872457087628,0.1835346388292238,0.7139294087362157,0.013960145059043194,0.010694444444444395,0.061566915652102386,0.5509809556246992,0.1093361535140158,0.1138665325608599,0.0,0.9999999987499999,0.6633534690829456,0.2782382668887213,0.2704144358452713,0.3580149821447532,fearful,06,14,14,female,strong,1662
60,2.0020000000000002,True,1.0,0.6210869066015432,0.6821960069476324,0.6516414567745878,0.8175343844562893,-0.06143518518518515,-0.051944444444444515,0.36446573670602994,0.3037025320140966,0.1849801795175815,0.7970814061942721,0.061109100346089185,0.009490740740740633,0.06544166485399854,0.33068206487085916,0.10739890727880662,0.11470323767243636,0.0,0.9999999987499999,0.6593847390987644,0.2819868521473678,0.2833370613370065,0.3710726887883549,fearful,06,14,14,female,strong,1662
70,2.3356666666666666,True,1.0,0.6421047376966472,0.737863687649508,0.6899842126730776,0.8368977784144549,-0.06134259259259256,-0.05407407407407411,0.3887827651318115,0.28513924475304286,0.17998365812071399,0.8244545874889136,0.09575894995286083,0.007268518518518452,0.07216015871563095,0.31559008440414316,0.10728989421815906,0.11211856873579672,0.0,0.9999999987499999,0.6688433128094988,0.2859240786199784,0.28775694105730076,0.3727345761558939,fearful,06,14,14,female,strong,1662
80,2.6693333333333333,True,1.0,0.6790642949843422,0.7584544496773924,0.7187593723308673,0.6566090390966782,-0.06166666666666665,-0.05347222222222214,0.3743879737942859,0.23489143481511862,0.1807080321139349,1.0946534840880224,0.07939015469305022,0.008194444444444504,0.07597941170277968,0.3997751896659464,0.10777638574153202,0.11165099880095004,0.0,0.9999999987499999,0.6732127752194629,0.28131740291255336,0.2807148481523292,0.3686872878677575,fearful,06,14,14,female,strong,1662
90,3.003,True,1.0,0.6611664946056565,0.7327971702689176,0.696981832437287,0.5985290703843846,-0.06324074074074065,-0.054629629629629584,0.3787982699992988,0.19176619723633567,0.18342694291325287,1.1644911950386545,0.07163067566326109,0.00861111111111107,0.06482662026619712,0.4199245571092103,0.10796028339671492,0.11215474958997708,0.0,0.9999999987499999,0.6739002675210709,0.28079226521032313,0.27654853468071283,0.3615668116810432,fearful,06,14,14,female,strong,1662
100,3.336666666666667,True,1.0,0.6838101889502295,0.7482728273396703,0.7160415081449498,0.5489067008895593,-0.06324074074074076,-0.05634259259259261,0.3757922411576239,0.17303590145474756,0.18686435787134414,1.3044867315056121,0.06446263838944077,0.006898148148148153,0.04350019249784554,0.4502533252885121,0.10919020449344179,0.11061375138068807,0.0,0.9999999987499999,0.6714934678246299,0.2831207822326511,0.2784438515299422,0.3629631554768191,fearful,06,14,14,female,strong,1662
0,0.0,True,1.0,0.7547419901862782,0.7814324140958525,0.7680872021410654,0.6377432936393259,-0.06388888888888888,-0.05777777777777782,0.3677323854655923,0.31116785726800233,0.17782969776269242,1.204383032799801,0.026690423909574323,0.006111111111111067,0.011132842314291383,0.37562037281213756,0.1060571558298806,0.11512044986086083,0.0,0.9999999987499999,0.6807443775869724,0.2835580818067902,0.2633109478608956,0.36896537109234423,fearful,06,14,14,female,strong,1663
10,0.33366666666666667,True,1.0,0.7278025149466903,0.7325872409981914,0.7301948779724409,0.6579941164030227,-0.06287037037037047,-0.056851851851851765,0.3659063668244357,0.3059390866126387,0.1764619717587119,1.1097285823224519,0.004784726051501043,0.006018518518518701,0.024156937095896436,0.39299583957153417,0.11855992921956607,0.10974856382071115,0.0,0.9999999987499999,0.6274644811909138,0.26698399847510756,0.28101617701253373,0.3283814818177607,fearful,06,14,14,female,strong,1663
20,0.6673333333333333,True,1.0,0.620353082348453,0.6416276901269456,0.6309903862376993,0.7080159645620875,-0.06527777777777782,-0.05962962962962953,0.39451482129299964,0.26181683645588705,0.17645116259097532,0.8912092633786457,0.02127460777849266,0.005648148148148291,0.02906436224119109,0.36200928860115844,0.10692135354261924,0.11498294754382218,0.0,0.9999999987499999,0.6792990979829432,0.28666720183148503,0.26809191510936253,0.36645873778769644,fearful,06,14,14,female,strong,1663
30,1.0010000000000001,True,1.0,0.6296460265515322,0.6509191840095886,0.6402826052805604,0.929350284484845,-0.05842592592592594,-0.0493055555555556,0.40291827903296507,0.37430329169084986,0.17500697530741458,0.6889572381585702,0.021273157458056358,0.009120370370370334,0.03308840642102077,0.2887754840032724,0.1020335412972872,0.1151160626649051,0.0,0.9999999987499999,0.6820546646002151,0.2826697957716351,0.2748777038575321,0.3748043735805694,fearful,06,14,14,female,strong,1663
40,1.3346666666666667,True,1.0,0.2555499110339082,0.20830415711174113,0.23192703407282467,0.747544760895549,-0.07898148148148149,-0.0673611111111111,0.39739547639913636,0.3257756883625742,0.1732146732386538,0.31025170157701204,0.04724575392216704,0.011620370370370392,0.05473816591246739,0.3688362565929221,0.10522163270841668,0.1150596651811688,0.0,0.9999999987499999,0.6695226388914942,0.287074598567371,0.28753381139033646,0.36132365319000637,fearful,06,14,14,female,strong,1663
50,1.6683333333333334,True,1.0,0.2738212797340467,0.24232215381871602,0.25807171677638135,0.4895005111761275,-0.08055555555555555,-0.06865740740740728,0.38273940811957147,0.12195857644829704,0.1786431338204418,0.5272143968885957,0.03149912591533066,0.011898148148148269,0.059491568441105695,0.5565867991478824,0.10234951072211396,0.11163849732473093,0.0,0.9999999987499999,0.6831620898593813,0.2861954128186359,0.27886842500098835,0.3630108216879103,fearful,06,14,14,female,strong,1663
60,2.0020000000000002,True,1.0,0.6697442521742552,0.7181205885324576,0.6939324203533563,0.9598462636717026,-0.07143518518518521,-0.060648148148148284,0.3527456865333116,0.40271882006798787,0.1786431338204417,0.7229620477959197,0.04837633635820249,0.010787037037036928,0.07085252119561784,0.26162871259668274,0.10560362031846225,0.11520636162837748,0.0,0.9999999987499999,0.6697045647243273,0.2808317387804236,0.272589153080487,0.36758421076028114,fearful,06,14,14,female,strong,1663
70,2.3356666666666666,True,1.0,0.6966494917772242,0.7210414114378317,0.708845451607528,0.8849378497723667,-0.0621296296296297,-0.05319444444444449,0.3852099882774714,0.3529063907875948,0.1726204591835017,0.8010115645859931,0.024391919660607497,0.008935185185185213,0.07883398753572735,0.30320166415143274,0.10617380203671636,0.10923565271646256,0.0,0.9999999987499999,0.6722101626822605,0.2856537851886749,0.2839415458756975,0.3709236367434276,fearful,06,14,14,female,strong,1663
80,2.6693333333333333,True,1.0,0.6842359535744674,0.7318020751378885,0.708019014356178,0.6841244329187008,-0.06486111111111115,-0.056064814814814845,0.38260867467589066,0.26573447478830686,0.1766810389869815,1.0349272446469058,0.047566121563421104,0.008796296296296302,0.08413410914567442,0.37212676007368883,0.10820802816565889,0.10985392991142914,0.0,0.9999999987499999,0.6770374761545243,0.2783699296354839,0.276295429040196,0.3563253381677389,fearful,06,14,14,female,strong,1663
90,3.003,True,1.0,0.6707733789955945,0.7430735962782802,0.7069234876369374,0.6614568655132622,-0.0646296296296297,-0.055185185185185226,0.3834418618875866,0.2538235051205761,0.17800465517998562,1.068737093065615,0.07230021728268565,0.009444444444444478,0.07649270947135399,0.39002646545593556,0.10907923424396637,0.1107231836997517,0.0,0.9999999987499999,0.6747511196040916,0.2782010518697506,0.27677295121164563,0.35719773967376667,fearful,06,14,14,female,strong,1663
100,3.336666666666667,True,1.0,0.6986209844838052,0.754408456943614,0.7265147207137096,0.5774220206957829,-0.06546296296296306,-0.057592592592592584,0.37699123758112424,0.24562981744282184,0.18079878115456227,1.2582040425792436,0.05578747245980886,0.007870370370370472,0.0718211226411008,0.43488030669369293,0.1101493978674487,0.10931058963418669,0.0,0.9999999987499999,0.6740462616687299,0.27801590944691257,0.2772329545011661,0.3617140651978615,fearful,06,14,14,female,strong,1663
0,0.0,True,1.0,0.637918442189757,0.64947820231597,0.6436983222528635,0.47139423260195634,-0.05407407407407405,-0.048194444444444484,0.4485397032155782,0.0060428872990114495,0.1875004069006001,1.3655201479658325,0.011559760126212959,0.005879629629629568,0.02161090876628715,0.5624415020537702,0.10830858047462903,0.11130611034277682,0.0,0.9999999987499999,0.6692941629542443,0.2784584246448335,0.2606741964416889,0.3609457270184391,disgust,07,14,14,female,normal,1664
10,0.33366666666666667,True,1.0,0.633488463095031,0.6796686429974594,0.6565785530462452,0.5445965288079575,-0.055138888888888904,-0.050046296296296255,0.4579368180757236,0.02957774165963428,0.1888892927975793,1.2056238303306854,0.0461801799024284,0.0050925925925926485,0.032717985312004455,0.4785580806623873,0.10864595831202045,0.11217210963158894,0.0,0.9999999987499999,0.6677531966771083,0.27876000569972986,0.26725986729470835,0.36955897506547036,disgust,07,14,14,female,normal,1664
20,0.6673333333333333,True,1.0,0.6000000000000002,0.6065701441092703,0.6032850720546352,0.5920776109750554,-0.053518518518518576,-0.048750000000000016,0.45589949463295126,0.05919277982094108,0.1881960660357054,1.0189290405038673,0.0065701441092701485,0.004768518518518561,0.028104414721127652,0.46156658146171925,0.11562662466812579,0.10975343588869389,0.0,0.9999999987499999,0.6283318628779636,0.26744062484326425,0.29378413024578126,0.35036833139048246,disgust,07,14,14,female,normal,1664
30,1.0010000000000001,True,1.0,0.4617791229905439,0.44554804023280076,0.4536635816116723,0.7628617040736846,-0.04870370370370375,-0.043240740740740746,0.47942960415367997,0.09534466561124066,0.1812605229973301,0.5946865325511911,0.016231082757743154,0.005462962962963003,0.018083472014996722,0.3980921812153498,0.10736693225037301,0.11356483717756491,0.0,0.9999999987499999,0.6644341142159989,0.28029008222227053,0.2932480873303511,0.3999510603950161,disgust,07,14,14,female,normal,1664
40,1.3346666666666667,True,1.0,0.12680723580036055,0.1586502341738685,0.14272873498711453,0.7127841775255794,-0.065925925925926,-0.056064814814814845,0.41604493480465193,0.24622165735442467,0.18197840664028841,0.20024116624276844,0.03184299837350796,0.009861111111111154,0.03350856282618618,0.44311930687875145,0.10909131879280942,0.11190940330713575,0.0,0.9999999987499999,0.6591857213354093,0.2774998697138938,0.28286417277890535,0.3839735423389605,disgust,07,14,14,female,normal,1664
50,1.6683333333333334,True,1.0,0.49346419293245425,0.5058150920750565,0.49963964250375537,1.0381336498090783,-0.051944444444444515,-0.0471759259259259,0.41365266818772684,0.4087247131558028,0.1773110993101816,0.4812864341654308,0.012350899142602234,0.004768518518518616,0.03723359109695147,0.29528330472981834,0.10029102462217547,0.11060072197704099,0.0,0.9999999987499999,0.6761560033153886,0.28307299179185486,0.2790641722455156,0.385481583665866,disgust,07,14,14,female,normal,1664
60,2.0020000000000002,True,1.0,0.4142173952037634,0.43683686207374034,0.42552712863875186,0.7071357255394738,-0.04972222222222222,-0.04166666666666663,0.41611904350445383,0.3018873032953747,0.17918199577107896,0.6017616042721038,0.022619466869976956,0.008055555555555594,0.0534244893080739,0.4453732661227572,0.10949762965024012,0.11185306156146167,0.0,0.9999999987499999,0.6671909728031836,0.2762665048446908,0.2895805909325033,0.3875119170930715,disgust,07,14,14,female,normal,1664
70,2.3356666666666666,True,1.0,0.41220338566608045,0.4465715244237874,0.4293874550449339,0.6647711517885918,-0.05212962962962969,-0.041666666666666685,0.3632506801019726,0.2531290350776138,0.17883137454304238,0.6459177024900236,0.034368138757706945,0.010462962962963007,0.09165693821563362,0.45324518861195523,0.10867383823438417,0.10851884823487094,0.0,0.9999999987499999,0.6784203959318102,0.27711513394052123,0.2842159368640803,0.36610731663153273,disgust,07,14,14,female,normal,1664
80,2.6693333333333333,True,1.0,0.4568681314745147,0.497676408542356,0.47727227000843536,0.8491023700291512,-0.05282407407407408,-0.04273148148148148,0.41933532971530424,0.27979706527837894,0.17716775714279095,0.5620903755009538,0.04080827706784129,0.010092592592592597,0.09050271582255406,0.3766916761700611,0.10593359389441416,0.1105079247513994,0.0,0.9999999987499999,0.6718712046849991,0.2820728365133812,0.2938684828648702,0.38209959431972773,disgust,07,14,14,female,normal,1664
90,3.003,True,1.0,0.42543056264391343,0.4814818924325145,0.45345622753821396,0.8347698087084692,-0.052222222222222225,-0.04379629629629628,0.437460467729435,0.20220170355106265,0.18138633073239702,0.5432111018003728,0.056051329788601056,0.008425925925925948,0.08722735403385043,0.37550019404778373,0.10830543955138291,0.10975789283698688,0.0,0.9999999987499999,0.666475217876213,0.28202132288959425,0.30432415129374435,0.39182201140594974,disgust,07,14,14,female,normal,1664
100,3.336666666666667,True,1.0,0.11815390620002716,0.131654804804075,0.12490435550205108,0.7287090696345354,-0.06374999999999992,-0.05449074074074073,0.4566200147105619,0.13226133543719215,0.18339324896887862,0.17140496901554075,0.013500898604047823,0.00925925925925919,0.08077818708445364,0.4230571083854506,0.10590804656487977,0.10966719511050278,0.0,0.9999999987499999,0.6682936421521735,0.27824329155489147,0.2880285294875207,0.38920705730228167,disgust,07,14,14,female,normal,1664
110,3.6703333333333332,True,1.0,0.4782764927436101,0.5669111440493599,0.522593818396485,0.6990779364330632,-0.05226851851851849,-0.04444444444444445,0.4483595973833727,0.12157173662711182,0.18616070695444287,0.747547292170225,0.08863465130574982,0.007824074074074039,0.0849964088350473,0.4217874397667724,0.10538309664227476,0.10982532976342753,0.0,0.9999999987499999,0.6702986291860493,0.2787017103917015,0.2824226394551313,0.3799774415883925,disgust,07,14,14,female,normal,1664
0,0.0,True,1.0,0.6720720397937575,0.6819090322519127,0.6769905360228351,0.4264941662325498,-0.055694444444444435,-0.04888888888888887,0.38645212587159794,0.1848141387007711,0.18194444444444446,1.5873383263434835,0.00983699245815517,0.006805555555555565,0.030182641929093965,0.6750000000000022,0.10973909721645184,0.11263566267737107,0.0,0.9999999987499999,0.6648883631265007,0.27407496013581667,0.26357780336019243,0.364507538512318,disgust,07,14,14,female,normal,1665
10,0.33366666666666667,True,1.0,0.6368623081154733,0.6433996460677629,0.6401309770916181,0.47402205804647946,-0.05462962962962964,-0.049861111111111134,0.370125379644775,0.1999780557383587,0.18125168372062783,1.3504244501399367,0.0065373379522896125,0.004768518518518505,0.026814705374136216,0.6152343749999991,0.10924731536358707,0.11294415479754635,0.0,0.9999999987499999,0.6657742282303546,0.27270335366103304,0.2652396312320927,0.3652446269942945,disgust,07,14,14,female,normal,1665
20,0.6673333333333333,True,1.0,0.36334659979441797,0.37450072510932086,0.3689236624518694,0.513898707557921,-0.0596296296296297,-0.05393518518518514,0.3915364779672799,0.21525701710674502,0.18406135556647352,0.7178917888410693,0.011154125314902896,0.0056944444444445574,0.018109953662966,0.5782677469205889,0.11090360172188775,0.11335341420733835,0.0,0.9999999987499999,0.6678017704425522,0.27065147015504926,0.26682901852521457,0.36567096103268304,disgust,07,14,14,female,normal,1665
30,1.0010000000000001,True,1.0,0.5000595917076457,0.46423747694361234,0.482148534325629,0.9179353340847294,-0.04805555555555563,-0.039629629629629626,0.3718937386768677,0.3861156564007192,0.17847906182851891,0.5252532683104283,0.03582211476403335,0.008425925925926003,0.026393540910143648,0.3664153973964953,0.10591119295357972,0.11291679335227028,0.0,0.9999999987499999,0.6640256894007602,0.2749318623016343,0.2727713556325053,0.37108143942862454,disgust,07,14,14,female,normal,1665
40,1.3346666666666667,True,1.0,0.43002252660757895,0.4245103397028176,0.4272664331551983,0.7014434031309441,-0.047175925925925954,-0.041898148148148184,0.35535873966637166,0.33579737383928243,0.1847288304216915,0.6091246011411088,0.005512186904761351,0.00527777777777777,0.023685713229429983,0.46675531914893525,0.11094487593771431,0.11297624527231938,0.0,0.9999999987499999,0.6535118641988045,0.27308888703276935,0.2768481834775048,0.3645501700481977,disgust,07,14,14,female,normal,1665
50,1.6683333333333334,True,1.0,0.487178124865191,0.4886744286542386,0.4879262767597148,0.8977320473396618,-0.05018518518518528,-0.04101851851851851,0.3835954363448752,0.3806348992584322,0.18265935656628304,0.5435099239306818,0.0014963037890475817,0.009166666666666767,0.03728602744932087,0.3760039420208368,0.1106581570692771,0.11325709587837454,0.0,0.9999999987499999,0.6500895453103116,0.2764244879200304,0.28180946627378733,0.37857675490544795,disgust,07,14,14,female,normal,1665
60,2.0020000000000002,True,1.0,0.45239768262510593,0.4743668626352822,0.46338227263019405,0.7367516544503279,-0.05009259259259263,-0.041157407407407365,0.3731638570148671,0.32637892874640984,0.18548619256239374,0.6289531483657299,0.02196918001017628,0.008935185185185268,0.04396257796982028,0.43638163157164056,0.11147348254859764,0.11346666411927424,0.0,0.9999999987499999,0.6554785620654512,0.2722733121120289,0.2911671221566484,0.3817747221497509,disgust,07,14,14,female,normal,1665
70,2.3356666666666666,True,1.0,0.5058372935728441,0.5515997488894157,0.5287185212311298,0.8216135408272851,-0.05166666666666664,-0.04486111111111113,0.3490363437143617,0.3346588248249107,0.18333499792094693,0.643512423978263,0.045762455316571526,0.006805555555555509,0.055079332341077744,0.3871081358208906,0.10466531886819234,0.11255939992737342,0.0,0.9999999987499999,0.6689696228725865,0.2788403987712151,0.26749834471459516,0.34995688108798395,disgust,07,14,14,female,normal,1665
80,2.6693333333333333,True,1.0,0.4228597275478753,0.44423581261757383,0.4335477700827246,0.860560955562067,-0.04935185185185187,-0.0410185185185184,0.38048286960566124,0.3004056022062986,0.18406135556647352,0.5037967006062425,0.021376085069698514,0.00833333333333347,0.043476571443543464,0.3851007078553383,0.10777163763009967,0.10941488774983946,0.0,0.9999999987499999,0.6622976590245473,0.27712673354550615,0.2841726653877858,0.37663066333143563,disgust,07,14,14,female,normal,1665
90,3.003,True,1.0,0.416863576203433,0.45955944617390143,0.4382115111886672,0.887657421033241,-0.052268518518518436,-0.04662037037037042,0.37573147323222267,0.3189526128295066,0.1854170781391736,0.4936718837753704,0.042695869970468425,0.005648148148148013,0.044012297020021816,0.3528941399362345,0.11001383419378635,0.11321191628243107,0.0,0.9999999987499999,0.6621134898490646,0.27387818167586025,0.2899908958130388,0.3867975483472964,disgust,07,14,14,female,normal,1665
100,3.336666666666667,True,1.0,0.4824943998405364,0.5202308603214717,0.501362630081004,0.893296260340626,-0.05027777777777781,-0.04351851851851851,0.3743938111353391,0.320830137869028,0.18403150894573134,0.5612501163833683,0.03773646048093532,0.006759259259259298,0.04934509718809733,0.3439824822025677,0.10375239671319048,0.10964306095591282,0.0,0.9999999987499999,0.6716965040156688,0.2795671599070443,0.27717632994710445,0.37134794027636364,disgust,07,14,14,female,normal,1665
0,0.0,True,1.0,0.738041480487608,0.7353922130701926,0.7367168467789003,0.6922423185066735,-0.06282407407407409,-0.05652777777777779,0.35897804535144495,0.3308498635967555,0.17708721081845544,1.0642470520556566,0.0026492674174153352,0.0062962962962963,0.011603202117132498,0.367244353242153,0.10591722045622114,0.11223417320109821,0.0,0.9999999987499999,0.6839844089198179,0.2813661173974334,0.25191400893606736,0.33789531447511795,disgust,07,14,14,female,normal,1666
10,0.33366666666666667,True,1.0,0.6758638809834271,0.7191628769038837,0.6975133789436554,0.7644786355708346,-0.06074074074074082,-0.054768518518518494,0.3524613523571467,0.3438196257156036,0.18402819235573065,0.912404018227172,0.04329899592045661,0.005972222222222323,0.02584303586418147,0.3731861835949835,0.11470970064015223,0.1088019952826158,0.0,0.9999999987499999,0.6379320412696329,0.26787785191171964,0.2633839608259807,0.32652394647635125,disgust,07,14,14,female,normal,1666
20,0.6673333333333333,True,1.0,0.5450107299045363,0.514668850125721,0.5298397900151286,0.7003973996323897,-0.06314814814814823,-0.05564814814814817,0.3596426106154303,0.33520061627227915,0.18263930661951863,0.7564845190647769,0.030341879778815306,0.007500000000000062,0.02209826715818917,0.44473166411478204,0.10918506113028485,0.1124974159717667,0.0,0.9999999987499999,0.6721796816226491,0.27571187915813056,0.25298914629649427,0.349027910953431,disgust,07,14,14,female,normal,1666
30,1.0010000000000001,True,1.0,0.6813551611132198,0.6543041897935354,0.6678296754533777,0.8281696910329303,-0.055416666666666725,-0.04879629629629634,0.35308956433281774,0.3988395303548961,0.17710444305856668,0.8063923163143422,0.02705097131968437,0.0066203703703703876,0.03249414128399521,0.35778617977130717,0.1079120025391065,0.11321543198666861,0.0,0.9999999987499999,0.6726629190973265,0.2818107119140202,0.267810437341193,0.3609772365575808,disgust,07,14,14,female,normal,1666
40,1.3346666666666667,True,1.0,0.4607705919594875,0.5055097178062051,0.48314015488284634,0.8296352705233043,-0.06277777777777771,-0.05601851851851852,0.3753565091224487,0.3374174204263814,0.186815765618658,0.5823524771049076,0.04473912584671763,0.006759259259259187,0.034171885036056886,0.37329620272112457,0.10856002579810684,0.11410692642493016,0.0,0.9999999987499999,0.6674934426426821,0.274585509666761,0.2670200319915174,0.3708696964632166,disgust,07,14,14,female,normal,1666
50,1.6683333333333334,True,1.0,0.6622209541474751,0.6768374753424007,0.6695292147449379,0.8109206073882097,-0.06180555555555556,-0.054027777777777786,0.39187381055389636,0.30397502703804563,0.1896030513584062,0.8256408933808437,0.014616521194925625,0.007777777777777772,0.027573002154529225,0.3856651370970543,0.10564777938450835,0.10922242870111679,0.0,0.9999999987499999,0.67456614398103,0.2830561313946424,0.27241342928612566,0.35816702454554916,disgust,07,14,14,female,normal,1666
60,2.0020000000000002,True,1.0,0.6344483566972335,0.6754249280341103,0.654936642365672,0.6752216999278878,-0.05495370370370378,-0.047222222222222276,0.3389256050392768,0.32973122377302133,0.18889050451846834,0.9699579300185668,0.04097657133687671,0.007731481481481506,0.027811718060313403,0.45839986091475443,0.10390670810531408,0.11001758265510911,0.0,0.9483408975820525,0.6719167608684098,0.2746638305583644,0.2578871341647727,0.3508230106496926,disgust,07,14,14,female,normal,1666
70,2.3356666666666666,True,1.0,0.6504749682234618,0.6660003096048158,0.6582376389141389,0.9848162509282268,-0.05958333333333338,-0.05101851851851846,0.3522594230103124,0.44695506772896454,0.19444601391355681,0.6683862479865913,0.015525341381353974,0.008564814814814914,0.0414890161041096,0.31191809727600656,0.1041724209156006,0.11148819972742512,0.0,0.9999999987499999,0.6703307688387856,0.2750121215414541,0.2642970713439337,0.356435643353693,disgust,07,14,14,female,normal,1666
80,2.6693333333333333,True,1.0,0.6328411769798528,0.6426291923836714,0.637735184681762,0.873978169523195,-0.05356481481481484,-0.047407407407407454,0.358560010313149,0.3629231381918354,0.1972257037743489,0.7296923503589147,0.009788015403818684,0.006157407407407389,0.03551504423205072,0.37220813890104226,0.10639390764489226,0.1091958993120342,0.0,0.9999999987499999,0.6646336320934624,0.2790664150321411,0.2637554381794223,0.35126387901432493,disgust,07,14,14,female,normal,1666
90,3.003,True,1.0,0.5967724599287114,0.6259319370923244,0.6113521985105179,0.8014571948998188,-0.05449074074074073,-0.048101851851851896,0.36595673833825004,0.3351548269581057,0.1958524221220791,0.7628008113233499,0.029159477163613,0.006388888888888833,0.0347824816157981,0.39927782173020765,0.10594229899116936,0.11015420617182195,0.0,0.9999999987499999,0.6667513728929071,0.2760688547951939,0.2600499179114709,0.35497986371037166,disgust,07,14,14,female,normal,1666
100,3.336666666666667,True,1.0,0.622752089509109,0.6560536396671538,0.6394028645881313,0.7480661267843742,-0.05810185185185185,-0.053749999999999964,0.3634025473936609,0.33734263732472075,0.19378937351945408,0.8547411006787045,0.03330155015804481,0.0043518518518518845,0.03610231896296335,0.41909215698859825,0.10794585876358402,0.10959125425552461,0.0,0.9999999987499999,0.6737955122126976,0.2719162548910684,0.2652218123031107,0.36459769904247147,disgust,07,14,14,female,normal,1666
110,3.6703333333333332,True,1.0,0.5831046221560597,0.593505762193958,0.5883051921750089,0.43397390623014886,-0.06124999999999997,-0.05523148148148155,0.3930421308651971,0.1559352831532855,0.19445072224488824,1.3556234228124622,0.010401140037898271,0.006018518518518423,0.021954976736778393,0.6357932100976633,0.10739385208098615,0.11013224763440373,0.0,0.9999999987499999,0.6684419160633003,0.27634153351288276,0.2595614405574909,0.3471650090981756,disgust,07,14,14,female,normal,1666
0,0.0,True,1.0,0.70340288691137,0.7360696602684255,0.7197362735898978,0.49913795636329333,-0.06037037037037046,-0.054259259259259285,0.4379447741804403,0.0973836073890813,0.1840427019957316,1.441958609667512,0.03266677335705548,0.006111111111111178,0.009698598999151691,0.5212924055876054,0.11010316297446375,0.11278770903942426,0.0,0.9999999987499999,0.6737273843365472,0.280485076156383,0.2675100184035986,0.354774586936301,disgust,07,14,14,female,normal,1667
10,0.33366666666666667,True,1.0,0.6884317740947994,0.7103095027447597,0.6993706384197795,0.5199226632677322,-0.05912037037037038,-0.05421296296296296,0.4406671833151753,0.10881171285450565,0.18334373675797258,1.3451435912106822,0.021877728649960293,0.004907407407407416,0.014708070413613553,0.4970504967127692,0.10967108331163919,0.11253271303206334,0.0,0.9999999987499999,0.6746812849358494,0.2807793303513833,0.2682462869218399,0.3569915705214204,disgust,07,14,14,female,normal,1667
20,0.6673333333333333,True,1.0,0.6237384506847097,0.6418951613046713,0.6328168059946905,0.7378427584995777,-0.059305555555555556,-0.05226851851851855,0.44400723271872283,0.2297808012093719,0.1875146478653401,0.8576580832500678,0.018156710619961602,0.007037037037037008,0.020276280903517366,0.41521210411690135,0.10864479173876784,0.11285057135501617,0.0,0.9999999987499999,0.6738327042223139,0.2843146198401452,0.2825259376914955,0.3701979319304954,disgust,07,14,14,female,normal,1667
30,1.0010000000000001,True,1.0,0.5518198301344129,0.5781807255874868,0.5650002778609499,1.0710736423034317,-0.05500000000000005,-0.04851851851851857,0.35386408774544564,0.4977604789986367,0.18472263524161484,0.5275083388718916,0.02636089545307385,0.006481481481481477,0.0205739613412071,0.3196657742347745,0.11491093856525392,0.1110185617909601,0.0,0.9999999987499999,0.6210045500622124,0.26854671892803184,0.30275822023110593,0.35018631406447004,disgust,07,14,14,female,normal,1667
40,1.3346666666666667,True,1.0,0.5043348403496052,0.49276937710198904,0.49855210872579714,0.7966298103082197,-0.050000000000000044,-0.04222222222222233,0.3947001073277933,0.370827472728022,0.18055597810614288,0.6258265787629829,0.011565463247616148,0.007777777777777717,0.021091813927236983,0.3894422717720384,0.10795859169970297,0.11350720111612571,0.0,0.9999999987499999,0.6668954145251851,0.2763596159060399,0.2754519687917576,0.37380352016083646,disgust,07,14,14,female,normal,1667
50,1.6683333333333334,True,1.0,0.5245587124851366,0.5415305980885146,0.5330446552868255,1.0393776118142573,-0.05018518518518528,-0.042870370370370336,0.39769497591016045,0.45301491912149455,0.18403441091295172,0.5128498528618333,0.016971885603377923,0.0073148148148149406,0.03118777657571956,0.3103287877950643,0.10971938005127344,0.1121463675896081,0.0,0.9999999987499999,0.665770566679797,0.27773251685742656,0.29584447788985535,0.40211763091115654,disgust,07,14,14,female,normal,1667
60,2.0020000000000002,True,1.0,0.5240501797545224,0.5768473713644751,0.5504487755594987,0.7469402953626832,-0.05101851851851852,-0.04287037037037045,0.373419803162536,0.28161061128775405,0.18751993709107473,0.7369381180489447,0.052797191609952665,0.008148148148148071,0.05186326542936184,0.4258186093422729,0.10870745564560377,0.11211251279066314,0.0,0.9999999987499999,0.6649577018541792,0.2743465841338829,0.28058920413682104,0.37082190213803684,disgust,07,14,14,female,normal,1667
70,2.3356666666666666,True,1.0,0.5146024843531093,0.5209707098604993,0.5177865971068043,0.7717365599837753,-0.05203703703703699,-0.041805555555555596,0.3482155812099195,0.31729177034400147,0.18482792506197768,0.6709369802535855,0.006368225507390024,0.010231481481481397,0.06671810596842827,0.40411697547843967,0.1095180348691848,0.11234300227720477,0.0,0.9999999987499999,0.6634097436787215,0.2720842483926595,0.2755351329193289,0.36602555287621014,disgust,07,14,14,female,normal,1667
80,2.6693333333333333,True,1.0,0.5097315101742195,0.5822296203465182,0.5459805652603689,0.7598744894108261,-0.051851851851851816,-0.04245370370370366,0.3960963411740508,0.23773689382740137,0.1870031233040835,0.7185141399913275,0.07249811017229868,0.009398148148148155,0.08389955599453724,0.4083848665238221,0.10961434774187473,0.11071092702954156,0.0,0.9999999987499999,0.6651953889759028,0.2752719531152801,0.2818477287697039,0.37664688093036647,disgust,07,14,14,female,normal,1667
90,3.003,True,1.0,0.467499522408652,0.5266241111317945,0.49706181677022326,0.7780165708037633,-0.052453703703703614,-0.043194444444444424,0.40749802385291717,0.22554186051512398,0.19114832178248242,0.6388833289973661,0.059124588723142524,0.00925925925925919,0.08196398776613252,0.4066560042062032,0.1067589461298599,0.11057565241672569,0.0,0.9999999987499999,0.6681762798087985,0.27713656906114925,0.2758148831662551,0.37097747771297984,disgust,07,14,14,female,normal,1667
100,3.336666666666667,True,1.0,0.17680429950941157,0.20643434359830531,0.19161932155385844,0.7988833350403817,-0.07148148148148153,-0.06129629629629624,0.4050097651046203,0.23399655483631251,0.18967385838108636,0.2398589545545753,0.029630044088893748,0.010185185185185297,0.07346737562694917,0.3997751138210485,0.1075590261242358,0.11048945278019143,0.0,0.9999999987499999,0.6679356181535113,0.275385830964644,0.27824002031223577,0.37517110464513564,disgust,07,14,14,female,normal,1667
110,3.6703333333333332,True,1.0,0.5166785346358296,0.5815396550238826,0.549109094829856,0.7390086164640245,-0.05416666666666664,-0.04416666666666669,0.4127421328494502,0.2062131884921686,0.18900558257911235,0.7430347665731,0.06486112038805303,0.009999999999999953,0.0756116026299446,0.41460346663219433,0.10916393180034291,0.10925340802631399,0.0,0.9999999987499999,0.6694681912530637,0.27442878190350417,0.2822033472042652,0.377510377221479,disgust,07,14,14,female,normal,1667
0,0.0,True,1.0,0.6663701722841839,0.697380031591797,0.6818751019379905,0.5487165727389937,-0.05842592592592605,-0.053472222222222254,0.3675903224628002,0.23825851184719474,0.19374999999999998,1.242672694455569,0.03100985930761302,0.004953703703703793,0.02160294365781914,0.5187600122519399,0.11116989060185366,0.11258574052257349,0.0,0.9999999987499999,0.6578017661674044,0.2720326320479191,0.27071776266721903,0.3685751993014064,disgust,07,14,14,female,strong,1668
10,0.33366666666666667,True,1.0,0.6761195647528541,0.6560244336571316,0.6660719992049928,0.6021426574787393,-0.05740740740740746,-0.05152777777777767,0.3670362497747443,0.23653483149723298,0.19445856921043922,1.106169760491534,0.020095131095722474,0.00587962962962979,0.028305576323665392,0.4693122087444193,0.11393858774035116,0.11133385512519696,0.0,0.9999999987499999,0.6536769829181673,0.2738495562402785,0.27422956375974705,0.36829272164052695,disgust,07,14,14,female,strong,1668
20,0.6673333333333333,True,1.0,0.5640774898693994,0.5518447303340135,0.5579611101017065,0.78029272979297,-0.05268518518518511,-0.0436111111111111,0.3700026128831637,0.31919396924158283,0.1881944444444445,0.7150663959790406,0.01223275953538594,0.009074074074074012,0.028240584141625894,0.4004968630631786,0.11398921813404794,0.11093907935366715,0.0,0.9999999987499999,0.6529165179821929,0.2742256459563275,0.2825214849973525,0.3794667428873952,disgust,07,14,14,female,strong,1668
30,1.0010000000000001,True,1.0,0.4616650586783806,0.4429105564236285,0.4522878075510045,1.2699404723155308,-0.05384259259259255,-0.04509259259259252,0.37129974610579763,0.47971781305114575,0.18823498003510292,0.3561488254062263,0.018754502254752115,0.008750000000000036,0.03039030839944621,0.27520287597114346,0.11028202765378317,0.11328752788594919,0.0,0.9999999987499999,0.652581532011242,0.2746316365113462,0.29673352269418685,0.40418021933124254,disgust,07,14,14,female,strong,1668
40,1.3346666666666667,True,1.0,0.1743582333933187,0.16477146185854033,0.16956484762592952,1.1053855254924259,-0.07240740740740731,-0.06287037037037035,0.352610654969161,0.42572280373694765,0.1910121683285029,0.15339883119094758,0.009586771534778382,0.009537037037036955,0.02776477543882188,0.28885135135135176,0.11086765134717248,0.11305202951651606,0.0,0.9999999987499999,0.653623873103929,0.2737931560690543,0.289084475009201,0.3792703497295508,disgust,07,14,14,female,strong,1668
50,1.6683333333333334,True,1.0,0.5478332705732833,0.541763350476228,0.5447983105247557,1.3568975431898627,-0.05356481481481473,-0.04560185185185178,0.3322753628975337,0.5653613004615041,0.1897442368927915,0.4015029087929635,0.006069920097055315,0.00796296296296295,0.034366364409058554,0.24804813110888704,0.1086224875747871,0.11065598087047819,0.0,0.9999999987499999,0.656118194574705,0.2745361726366509,0.28551996315884304,0.3776279198466626,disgust,07,14,14,female,strong,1668
60,2.0020000000000002,True,1.0,0.506323728229868,0.4933705378018635,0.4998471330158658,0.9646251640508137,-0.049629629629629746,-0.04273148148148154,0.3822354469683952,0.3651677366468865,0.1881960660357054,0.5181775798972784,0.012953190428004524,0.006898148148148209,0.026260872307529215,0.3377913019835527,0.09635946908145832,0.11420930779457159,0.0,0.9999999987499999,0.6991697761760954,0.28862014102623906,0.2645504557231315,0.3975258460129199,disgust,07,14,14,female,strong,1668
70,2.3356666666666666,True,1.0,0.4865062178301598,0.5047000234197985,0.49560312062497913,0.7958810433020816,-0.05268518518518517,-0.046018518518518514,0.365570785199687,0.29129053699371055,0.19583683957687853,0.6227100454217878,0.01819380558963868,0.006666666666666654,0.03253174665704716,0.40210121221454603,0.10724238964092093,0.11401713969231504,0.0,0.9999999987499999,0.6454694980570354,0.2753521307231775,0.28410979528375657,0.37594290858537854,disgust,07,14,14,female,strong,1668
80,2.6693333333333333,True,1.0,0.5241921095265923,0.5187482645990152,0.5214701870628038,0.7868852459016399,-0.05546296296296299,-0.04949074074074061,0.36705322048846073,0.30601092896174864,0.1965836719936872,0.6627016960589793,0.005443844927577102,0.005972222222222379,0.033998921868534974,0.4062499999999995,0.10761854411681608,0.11231320341517628,0.0,0.9999999987499999,0.6474457435552347,0.27203025461787944,0.27974640003828577,0.367647949775077,disgust,07,14,14,female,strong,1668
90,3.003,True,1.0,0.46853654843264425,0.49315420405017907,0.48084537624141166,0.8867334277911532,-0.05435185185185182,-0.0509722222222222,0.42944037778206146,0.2934870649528398,0.1961607016210435,0.5422659856629001,0.024617655617534817,0.0033796296296296213,0.03349657953020062,0.35899799884140243,0.10569178826672622,0.11379386932859505,0.0,0.9999999987499999,0.6508140107058448,0.27598052639338516,0.28653670703326256,0.38359518898418493,disgust,07,14,14,female,strong,1668
100,3.336666666666667,True,1.0,0.5054483706396516,0.5067719613191974,0.5061101659794245,0.9193969170942322,-0.052222222222222114,-0.04833333333333323,0.39960780601865165,0.2913581779523976,0.19800338183938956,0.5504805993683265,0.0013235906795457941,0.003888888888888886,0.024210303434125325,0.34887596876118043,0.10726063600544465,0.11163574238405378,0.0,0.9999999987499999,0.6558831310336635,0.2762879581458339,0.29564333936719683,0.3850760427640773,disgust,07,14,14,female,strong,1668
110,3.6703333333333332,True,1.0,0.5225400199290496,0.5177633237768364,0.5201516718529431,0.8871312654042333,-0.051620370370370317,-0.049537037037037046,0.41253653997101625,0.2978130239590751,0.19660385211087322,0.5863299966278711,0.004776696152213211,0.0020833333333332704,0.03125378865998442,0.3699068638401276,0.10868912779268752,0.11144857175591531,0.0,0.9999999987499999,0.6535803384244323,0.2754707964463794,0.2956368275136954,0.38594402587459603,disgust,07,14,14,female,strong,1668
0,0.0,True,1.0,0.6234282311948576,0.6531774953647714,0.6383028632798144,0.5203618413711648,-0.057083333333333264,-0.05398148148148135,0.36928382066042886,0.20226420059431716,0.1909722222222222,1.2266519420368573,0.029749264169913858,0.003101851851851911,0.0252047278804765,0.5309907904212622,0.11208995845702018,0.11149901708581679,0.0,0.9999999987499999,0.6549224118397359,0.2760254666234232,0.27326168400213463,0.3779361287436546,disgust,07,14,14,female,strong,1669
10,0.33366666666666667,True,1.0,0.6225252709452791,0.6674198464859904,0.6449725587156347,0.5537359376368137,-0.05717592592592602,-0.054398148148148195,0.37008282621890576,0.24041163511742922,0.18958494304490606,1.1647655766540868,0.0448945755407113,0.0027777777777778234,0.02120867462326561,0.5032343428774545,0.11198354187575081,0.11245619451284881,0.0,0.9999999987499999,0.6560250407194128,0.27393433707150083,0.2714977827442627,0.3780540610558837,disgust,07,14,14,female,strong,1669
20,0.6673333333333333,True,1.0,0.6276825756230521,0.6440598137697262,0.6358711946963891,0.5683047846274697,-0.05888888888888899,-0.05402777777777773,0.3678559546447937,0.2549820372457582,0.18958494304490606,1.118891151186084,0.016377238146674133,0.00486111111111126,0.020479227868164564,0.49033361717508084,0.11184993230829188,0.11292701126371035,0.0,0.9999999987499999,0.6585821932444853,0.27273412781417344,0.27426343582569473,0.37859493667814575,disgust,07,14,14,female,strong,1669
30,1.0010000000000001,True,1.0,0.19245649265388634,0.20024654889951046,0.1963515207766984,0.837144998077599,-0.07671296296296293,-0.07124999999999998,0.36398427446006476,0.3524649423429792,0.18680718920315206,0.23454899835464063,0.007790056245624122,0.005462962962962947,0.015317223040730658,0.3556787572442605,0.11102202147707764,0.11256242865452186,0.0,0.9999999987499999,0.6572815315735668,0.2739980514507174,0.27621706060313855,0.3796815683208289,disgust,07,14,14,female,strong,1669
40,1.3346666666666667,True,1.0,0.6080359254003853,0.5902747046527723,0.5991553150265788,0.7515463246009657,-0.05509259259259264,-0.04773148148148143,0.3727607935319001,0.3251692893824673,0.18135772660683633,0.7972300514471958,0.017761220747612994,0.007361111111111207,0.01533610620019263,0.3790716773817001,0.10433676531193037,0.11370491030526853,0.0,0.9999999987499999,0.669941622055072,0.28051106315866153,0.26334647905824365,0.36402860463524866,disgust,07,14,14,female,strong,1669
50,1.6683333333333334,True,1.0,0.6602932023111533,0.6093207385765343,0.6348069704438438,1.2266591962432793,-0.057129629629629586,-0.05333333333333329,0.33206380391690915,0.5031924628371611,0.19035634988781405,0.5175088340657128,0.050972463734618945,0.0037962962962962976,0.00700844658837087,0.26085140477875046,0.12095959922214339,0.1116274252592765,0.0,0.9696475601328758,0.6003714755902361,0.2625371897606986,0.28638921987474175,0.3299664898279003,disgust,07,14,14,female,strong,1669
60,2.0020000000000002,True,1.0,0.5638757622203505,0.5366597534165443,0.5502677578184474,0.589556211052185,-0.05384259259259272,-0.048703703703703805,0.3642688617499201,0.25844068861026603,0.19465189690688678,0.9333592751679789,0.027216008803806258,0.005138888888888915,0.005640444524001678,0.4955598528734563,0.10999840008406522,0.11339505116839874,0.0,0.9999999987499999,0.6524520011285765,0.27439732300755587,0.27816410635235755,0.37446111191495696,disgust,07,14,14,female,strong,1669
70,2.3356666666666666,True,1.0,0.5351453248553377,0.5428901417410119,0.5390177332981748,0.7279263620403231,-0.05407407407407411,-0.05004629629629631,0.36521989364450386,0.26390729209995245,0.19671558142997747,0.7404838750273427,0.007744816885674188,0.004027777777777797,0.0027594238038056223,0.41934656528207315,0.1111797070923968,0.11541721442059122,0.0,0.9999999987499999,0.6453136544305221,0.27164207267767304,0.2878178837513988,0.3797044247820436,disgust,07,14,14,female,strong,1669
80,2.6693333333333333,True,1.0,0.5796767890298535,0.5353540799189542,0.5575154344744039,0.7358150872156479,-0.055416666666666614,-0.05273148148148149,0.4052573080842957,0.1963081664332998,0.1987220957950593,0.7576841575565721,0.044322709110899305,0.002685185185185124,0.004222063577363323,0.4291216069449809,0.1123319402831191,0.11462898298851651,0.0,0.9999999987499999,0.6409068769773535,0.27320841500498655,0.296675866425833,0.3807860081114746,disgust,07,14,14,female,strong,1669
90,3.003,True,1.0,0.6199368773616896,0.6027980292873535,0.6113674533245215,0.9117712896767747,-0.05689814814814814,-0.05365740740740743,0.3752847912018217,0.33991381515590546,0.1989565343444457,0.6705272037478311,0.017138848074336077,0.0032407407407407107,0.015311715830739401,0.3078077499326623,0.10145179542498103,0.1117751933324122,0.0,0.9999999987499999,0.6823776113492271,0.2938916901419907,0.28201065641098416,0.4127017625335348,disgust,07,14,14,female,strong,1669
100,3.336666666666667,True,1.0,0.6336423114124735,0.5985128852704701,0.6160775983414718,0.7684289926535544,-0.056388888888888766,-0.05537037037037035,0.38139421519511013,0.27614975251916807,0.1993916667032483,0.8017365354917444,0.03512942614200343,0.0010185185185184187,0.013005289528021949,0.40061414487754116,0.11117319526248198,0.11241312313584474,0.0,0.9999999987499999,0.6542361350165067,0.2723490373502992,0.2818956752289762,0.3777056453745126,disgust,07,14,14,female,strong,1669
110,3.6703333333333332,True,1.0,0.5979771669021336,0.5778016737667538,0.5878894203344438,0.7403458937518407,-0.05949074074074068,-0.057037037037037,0.37915075122183717,0.28766269310161485,0.199336559854055,0.7940739933805868,0.020175493135379807,0.00245370370370368,0.007763975941341031,0.4096756077691244,0.11557313956385895,0.10963611852457446,0.0,0.9999999987499999,0.6528067225718412,0.2713862152751415,0.29390509706045503,0.39173538688358334,disgust,07,14,14,female,strong,1669
0,0.0,True,1.0,0.6864856356521241,0.7327432050840456,0.7096144203680848,0.4829312761459987,-0.0571296296296297,-0.051435185185185195,0.37983474872982775,0.20570278017790933,0.18129208832451157,1.469390067322034,0.0462575694319215,0.005694444444444502,0.02760882119830664,0.5625759199286031,0.1100082041193542,0.11083646269781829,0.0,0.9999999987499999,0.6717984192114345,0.2742288261701027,0.25742171203456965,0.36335058451317787,disgust,07,14,14,female,strong,1670
10,0.33366666666666667,True,1.0,0.6892176511679635,0.7507112393118112,0.7199644452398873,0.516910049167716,-0.05828703703703708,-0.05254629629629626,0.38747842118462184,0.20247928382543012,0.18197127929757909,1.392823463964595,0.061493588143847644,0.005740740740740824,0.025662045644652322,0.5043597060321756,0.11977800611757727,0.107889394685451,0.0,0.9999999987499999,0.6240851000322004,0.265652906432842,0.27607509424986626,0.32431362168383193,disgust,07,14,14,female,strong,1670
20,0.6673333333333333,True,1.0,0.5759524313957171,0.6031357645239048,0.589544097959811,0.6599727153948254,-0.06092592592592588,-0.05624999999999997,0.38975691564670667,0.2334839643102365,0.1840779349313567,0.8932855619752692,0.02718333312818777,0.004675925925925917,0.022930438948549858,0.43511338382899206,0.10979431831086169,0.11190287682498957,0.0,0.9463725917493631,0.6712681258909814,0.276866801689935,0.2613078787823347,0.3620270189318423,disgust,07,14,14,female,strong,1670
30,1.0010000000000001,True,1.0,0.6056724665327833,0.6052497533494868,0.6054611099411351,0.7319058918786052,-0.05810185185185185,-0.05194444444444446,0.39545094087319554,0.39297529971799067,0.18964127434192113,0.8272390161897448,0.0004227131832964526,0.006157407407407389,0.03165263598757814,0.4273918903815333,0.10874837251687607,0.11325654746851772,0.0,0.9999999987499999,0.673893546637405,0.27515658257741604,0.2728008811738337,0.37584229745737346,disgust,07,14,14,female,strong,1670
40,1.3346666666666667,True,1.0,0.5762045671307164,0.5843194325452173,0.5802619998379669,0.7606942513977214,-0.053194444444444544,-0.04486111111111113,0.37683850202513475,0.42260791744317844,0.18472222222222223,0.7628058168860575,0.008114865414500905,0.008333333333333415,0.030117862995976557,0.4378917509249532,0.1082691508933114,0.11321101179563561,0.0,0.9999999987499999,0.6716678592765231,0.2749617452665065,0.2803332033612278,0.38333595867146925,disgust,07,14,14,female,strong,1670
50,1.6683333333333334,True,1.0,0.5711318646651072,0.5565614592558579,0.5638466619604825,0.900300706013243,-0.053518518518518465,-0.044768518518518485,0.39817463197185876,0.37728028479843995,0.18334831407780552,0.626287037424792,0.014570405409249365,0.00874999999999998,0.027895643499701285,0.34862148349878824,0.11022925386039921,0.1118157666123616,0.0,0.9999999987499999,0.6730600871833108,0.2757973038054499,0.28560018493422507,0.3864573939533571,disgust,07,14,14,female,strong,1670
60,2.0020000000000002,True,1.0,0.5531312344689594,0.5769843327230528,0.5650577835960061,0.6669517154274816,-0.05305555555555558,-0.044351851851851865,0.376073250770767,0.30500757060862366,0.18402819235573065,0.8472244249852979,0.02385309825409343,0.008703703703703713,0.039329694835445184,0.4671062113399937,0.10878734242069113,0.11305071539317071,0.0,0.9999999987499999,0.6735079513602316,0.2721391495326946,0.27449168048925693,0.37268387663504504,disgust,07,14,14,female,strong,1670
70,2.3356666666666666,True,1.0,0.5253013065871572,0.5667836229948371,0.5460424647909972,0.8637861075745218,-0.052592592592592635,-0.044907407407407285,0.3241227800810128,0.31752209902716866,0.1875146478653401,0.6321500890125027,0.04148231640767985,0.00768518518518535,0.05399541181103089,0.3544611382095825,0.10540086748769334,0.1103275536344599,0.0,0.9999999987499999,0.6725523342383829,0.2790487200346662,0.2651119385555323,0.34894474950140325,disgust,07,14,14,female,strong,1670
80,2.6693333333333333,True,1.0,0.5219499679482763,0.5755086368446625,0.5487293023964694,0.8501482987364682,-0.05129629629629634,-0.04444444444444451,0.3777846242434294,0.2855963142368495,0.1909917968582275,0.6454512738683564,0.05355866889638616,0.006851851851851831,0.05107701256049437,0.37016517145445105,0.10639164091499015,0.10989377846037716,0.0,0.9999999987499999,0.6605268934605092,0.27842760116453297,0.27139830070188503,0.3611135609897984,disgust,07,14,14,female,strong,1670
90,3.003,True,1.0,0.5254667661926267,0.6017830753381277,0.5636249207653772,0.8232991112997177,-0.05004629629629631,-0.04324074074074069,0.3874710018005852,0.283322449947068,0.19168099612422101,0.6845931363579385,0.07631630914550103,0.00680555555555562,0.05316219592362122,0.38853176708572085,0.10835471216909155,0.10988277196410487,0.0,0.9999999987499999,0.6637249784757653,0.27596922470931773,0.2766758912684148,0.3699881534210034,disgust,07,14,14,female,strong,1670
100,3.336666666666667,True,1.0,0.5912806422699064,0.6619164263329633,0.6265985343014349,0.8235972853047782,-0.05499999999999999,-0.047222222222222054,0.37368106132576984,0.29293186501085183,0.19169890643989534,0.7608069447066688,0.07063578406305693,0.007777777777777939,0.052391570737247956,0.3750100846663789,0.10762219657399325,0.11077244231239355,0.0,0.9999999987499999,0.6678526150772808,0.2753894253176904,0.2697412093979881,0.36069315049275175,disgust,07,14,14,female,strong,1670
0,0.0,True,1.0,0.6769381678552318,0.733057889450058,0.7049980286526449,0.6940708678245296,-0.05703703703703705,-0.05152777777777778,0.35582452625905564,0.2697268635250992,0.180566119023589,1.0157435808570456,0.056119721594826255,0.005509259259259269,0.031793532889006056,0.3878640521981158,0.10846846472405063,0.11149259553709998,0.0,0.9999999987499999,0.6708967118331708,0.2749408411201804,0.25620471074917545,0.3680356886577788,disgust,07,14,14,female,strong,1671
10,0.33366666666666667,True,1.0,0.657703960650305,0.7120440496146481,0.6848740051324765,0.6671349495194854,-0.05500000000000005,-0.050277777777777755,0.36174248690286026,0.2651428367883695,0.1784829089918804,1.0265899060239132,0.05434008896434306,0.004722222222222294,0.033288325621365494,0.3966663408957922,0.10979830265254607,0.11104440180179369,0.0,0.9999999987499999,0.6690041065097915,0.27462762717016,0.25887883879912604,0.3683498119982511,disgust,07,14,14,female,strong,1671
20,0.6673333333333333,True,1.0,0.46444995144412343,0.526911681349718,0.49568081639692074,0.6606936528619924,-0.06203703703703706,-0.055555555555555636,0.36526922075548174,0.2550804726475081,0.18057625937153504,0.7502430426714874,0.062461729905594565,0.0064814814814814214,0.032767118402100864,0.4240049447970886,0.10969492566947034,0.11114652364954047,0.0,0.9999999987499999,0.6684564338078981,0.27477769495147647,0.2552349407202708,0.3611729840673758,disgust,07,14,14,female,strong,1671
30,1.0010000000000001,True,1.0,0.24200789392203523,0.21387589670898205,0.22794189531550862,0.8871473754733676,-0.06379629629629635,-0.053611111111111,0.3420146645873923,0.49107466716655984,0.18333707863421067,0.25693802587634607,0.028131997213053178,0.010185185185185353,0.03259088037879899,0.38209463599912097,0.1076948854704317,0.11375743435205118,0.0,0.9999999987499999,0.6665745475690276,0.27537293507321176,0.2731685603458289,0.38418407171139957,disgust,07,14,14,female,strong,1671
40,1.3346666666666667,True,1.0,0.5767131795796792,0.6037612504999443,0.5902372150398117,0.8951409065318973,-0.05236111111111108,-0.046064814814814836,0.33208463387599285,0.4394328086611126,0.18889252403601006,0.6593791108559727,0.027048070920265177,0.006296296296296244,0.03496450320324356,0.37840909090909014,0.10718231669566719,0.10947137837667095,0.0,0.9999999987499999,0.6664008723020458,0.2753986693568526,0.27203683033511095,0.3648859657264477,disgust,07,14,14,female,strong,1671
50,1.6683333333333334,True,1.0,0.6223281874744407,0.6667654185520723,0.6445468030132565,1.0578835222346876,-0.053472222222222254,-0.04652777777777767,0.36828011390509996,0.42607897153351687,0.19097262172464533,0.6092795562707197,0.044437231077631534,0.006944444444444586,0.042640391152415684,0.32060368882310036,0.10818583235811549,0.11039474985621378,0.0,0.9999999987499999,0.6635528283657213,0.2766869239925169,0.27805150728010963,0.3828265104814449,disgust,07,14,14,female,strong,1671
60,2.0020000000000002,True,1.0,0.6099363257845561,0.6447203665147746,0.6273283461496654,0.8616758132271046,-0.05555555555555558,-0.04805555555555552,0.39834279798736477,0.3418803418803418,0.19444797573213332,0.7280329057864895,0.03478404073021846,0.007500000000000062,0.03850586523080701,0.3574384318078361,0.10586399852986608,0.1129610411999575,0.0,0.9999999987499999,0.6600946802861769,0.2777168455526731,0.2762665570763906,0.3669918136487959,disgust,07,14,14,female,strong,1671
70,2.3356666666666666,True,1.0,0.5796651197767565,0.5965193941759056,0.588092256976331,0.7793718851166901,-0.05574074074074076,-0.04958333333333337,0.3490523108023978,0.38966224247768444,0.1986760197162853,0.7545720704157554,0.016854274399149105,0.006157407407407389,0.027793254764971655,0.41955054141052556,0.11105424488640776,0.11185136789784825,0.0,0.9999999987499999,0.6581356943636829,0.27451850231505726,0.2776893627745082,0.36841379942513597,disgust,07,14,14,female,strong,1671
80,2.6693333333333333,True,1.0,0.6008762569214787,0.5931462911014129,0.5970112740114458,0.9339806367384296,-0.0553703703703704,-0.0474074074074074,0.3544164484616867,0.4142656050049482,0.19722841160573604,0.6392116180227029,0.007729965820065798,0.007962962962963005,0.041515287546751614,0.3538306451612901,0.10622871100538366,0.11193939512852719,0.0,0.9999999987499999,0.6654588171440451,0.2742568660713772,0.2753275845217171,0.3678716015569656,disgust,07,14,14,female,strong,1671
90,3.003,True,1.0,0.6096252374120068,0.6196861518174863,0.6146556946147466,0.8728977433467201,-0.05435185185185187,-0.048472222222222194,0.38427329550515676,0.38102679273071083,0.19936067097489082,0.7041554400841219,0.010060914405479515,0.005879629629629679,0.041362264563950105,0.3753357865071018,0.10718354402587632,0.11102547056330903,0.0,0.9999999987499999,0.6589947875790941,0.27484052367675477,0.2774263450330986,0.372388281725059,disgust,07,14,14,female,strong,1671
100,3.336666666666667,True,1.0,0.32753646648830803,0.3308498635967543,0.32919316504253116,0.9150005667075437,-0.06708333333333344,-0.06027777777777776,0.38601794278512375,0.3823344028080171,0.20139495022008674,0.35977372803939395,0.0033133971084462477,0.006805555555555676,0.03925289405186877,0.3612649420172048,0.10710371623064895,0.11024174098668212,0.0,0.9999999987499999,0.6597730366912391,0.2781448537624797,0.27794045081411595,0.36882101934870076,disgust,07,14,14,female,strong,1671
110,3.6703333333333332,True,1.0,0.6155374884177016,0.6232493308865202,0.619393409652111,0.9029432412434336,-0.05625000000000002,-0.04972222222222228,0.3722500154928507,0.3879684394419427,0.2000095365158013,0.6859715886450968,0.007711842468818619,0.0065277777777777435,0.028005071953002707,0.3603376451560898,0.1081186083160305,0.11046058869522411,0.0,0.9999999987499999,0.6607463060145933,0.27629832315867103,0.2823302061261615,0.3714991977394297,disgust,07,14,14,female,strong,1671
0,0.0,True,1.0,0.7217602216760584,0.7326944382838833,0.7272273299799707,0.40701799060292115,-0.060972222222222205,-0.054259259259259174,0.3869441582386683,0.1962012295043075,0.17086950399915843,1.786720358239495,0.010934216607824898,0.006712962962963032,0.020158323708814756,0.5835652043560696,0.10354361066327389,0.1149260621281692,0.0,0.9999999987499999,0.6869871791763581,0.28006112398775085,0.24744018449501334,0.3489889953691477,surprised,08,14,14,female,normal,1672
10,0.33366666666666667,True,1.0,0.6614146396065522,0.6624081294606043,0.6619113845335782,0.40571842324911744,-0.06578703703703703,-0.05944444444444441,0.37506766816932063,0.18779185433653303,0.17084047876316596,1.631455084619498,0.0009934898540521209,0.006342592592592622,0.011511317774697142,0.66754982877284,0.10471560648552018,0.114026421375003,0.0,0.9999999987499999,0.6876570985034638,0.2813142852940984,0.25220326523676234,0.35198849212648237,surprised,08,14,14,female,normal,1672
20,0.6673333333333333,True,1.0,0.6982229250710886,0.729965104003515,0.7140940145373018,0.41915085817524816,-0.06004629629629621,-0.0532407407407407,0.3866957796862194,0.18789521228545555,0.1729171078841008,1.7036682631310207,0.03174217893242637,0.006805555555555509,0.006755086113489152,0.6022810447760685,0.10309723266209257,0.1149957903034056,0.0,0.9999999987499999,0.6870604256155587,0.2795909077192949,0.24999977512106758,0.3503510160461138,surprised,08,14,14,female,normal,1672
30,1.0010000000000001,True,1.0,0.537333733144285,0.5455920276588558,0.5414628804015704,0.9154228855721388,-0.056203703703703645,-0.05009259259259263,0.4213243963067365,0.35820895522388024,0.17708721081845535,0.5914893421778028,0.00825829451457083,0.006111111111111012,0.006948975413181102,0.35054347826086935,0.10068723863951404,0.11743661711733482,0.0,0.9999999987499999,0.6881025254086011,0.28244849795184074,0.26915347640597925,0.3856709772079988,surprised,08,14,14,female,normal,1672
40,1.3346666666666667,True,1.0,0.5411193809242097,0.536115294989562,0.5386173379568859,0.6108754792877725,-0.05833333333333335,-0.05231481481481487,0.4025703431340111,0.19436947068247346,0.18267272197487106,0.8817137963777277,0.0050040859346477395,0.006018518518518479,0.010556316776240082,0.48632679607712775,0.11559687069752703,0.11167739220155211,0.0,0.9999999987499999,0.6261209472929797,0.27062883382232245,0.28912319017863136,0.3468830788082499,surprised,08,14,14,female,normal,1672
50,1.6683333333333334,True,1.0,0.6383050708546016,0.6472024504735607,0.6427537606640812,0.7848974387364948,-0.06060185185185191,-0.05476851851851855,0.39966751050376403,0.22719609075874725,0.17925010926358442,0.8189015901221026,0.00889737961895909,0.005833333333333357,0.012449719051162529,0.32611423519198773,0.10427164409676902,0.11509658135880055,0.0,0.9999999987499999,0.681065633159514,0.28187252817091235,0.2546843368480519,0.35318405531820285,surprised,08,14,14,female,normal,1672
60,2.0020000000000002,True,1.0,0.6741297206868712,0.7002787069195493,0.6872042138032102,0.7304459587331011,-0.05972222222222223,-0.05435185185185176,0.3979325578191142,0.2204995693367791,0.18060667699933172,0.9408008978448039,0.02614898623267814,0.00537037037037047,0.016557822369059963,0.3608287352701661,0.10926985155182509,0.11122238121885172,0.0,0.9999999987499999,0.6417916167795243,0.27331268114251484,0.2547159281957608,0.32429177166777157,surprised,08,14,14,female,normal,1672
70,2.3356666666666666,True,1.0,0.6546082909466285,0.7178006267362167,0.6862044588414227,0.5964937090850952,-0.05814814814814817,-0.05435185185185193,0.3730554255260154,0.20366161250880974,0.18475567380152816,1.150396807862276,0.06319233578958816,0.003796296296296242,0.024526363286252798,0.4533577381014108,0.1206894477696255,0.10740233365719064,0.0,0.7132508110078228,0.6229615603975965,0.26664831323462745,0.2891898685911952,0.340872795837332,surprised,08,14,14,female,normal,1672
80,2.6693333333333333,True,1.0,0.6553355243468114,0.6969074632750825,0.676121493810947,0.6629229320072584,-0.05796296296296294,-0.0539351851851852,0.38334882802412507,0.21155599793731245,0.18543147910168942,1.019909647360855,0.041571938928271046,0.004027777777777741,0.027149827098380062,0.41939295381701497,0.10445662863557652,0.11053465023080153,0.0,0.9999999987499999,0.6781962897580908,0.2816069718339969,0.25713614834243353,0.34601570424707984,surprised,08,14,14,female,normal,1672
90,3.003,True,1.0,0.6411160369217201,0.6678786711477326,0.6544973540347263,0.6438597717927743,-0.05763888888888885,-0.05249999999999999,0.3845475500794324,0.19589874498643717,0.18542695320541566,1.0165215823506608,0.02676263422601244,0.0051388888888888595,0.017510440664644664,0.4162043731370948,0.1040144260507357,0.1112937699787366,0.0,0.9999999987499999,0.6746707367321928,0.28313040915036475,0.2577524089878137,0.34615220251916706,surprised,08,14,14,female,normal,1672
100,3.336666666666667,True,1.0,0.6552709091529381,0.7016255756533132,0.6784482424031256,0.6117029601352924,-0.0571296296296297,-0.05314814814814811,0.3818370326256721,0.20620136893575866,0.18404809099924885,1.1091138781690235,0.04635466650037512,0.003981481481481586,0.03248123057409801,0.445222672472782,0.11046003337164419,0.1126075431862191,0.0,0.9999999987499999,0.6661644738754877,0.27809736054962697,0.26196679153700797,0.3679818922258857,surprised,08,14,14,female,normal,1672
0,0.0,True,1.0,0.7480867550456405,0.78133921612235,0.7647129855839953,0.4782696097593125,-0.06037037037037046,-0.05444444444444446,0.39360648676012366,0.1827677693976226,0.1743795115575408,1.5989161133797198,0.03325246107670954,0.005925925925926001,0.015403407417902066,0.5159476569799787,0.10533583158821146,0.11362151884371068,0.0,0.9999999987499999,0.6837679130324005,0.2821837826588524,0.2519653188649782,0.35169920331612176,surprised,08,14,14,female,normal,1673
10,0.33366666666666667,True,1.0,0.7278370128373787,0.7380893902874367,0.7329632015624077,0.49910288503448275,-0.06101851851851853,-0.0553703703703704,0.3883124767289171,0.1851659764946078,0.17367438083230516,1.4685613398363098,0.010252377450058026,0.005648148148148124,0.018363059370637164,0.46901654705933127,0.1052911309033545,0.11449796701780621,0.0,0.9999999987499999,0.6843901586650285,0.2811976947307917,0.2539962906402837,0.3530357826282111,surprised,08,14,14,female,normal,1673
20,0.6673333333333333,True,1.0,0.43975509424305226,0.44422065568682956,0.4419878749649409,0.49227730194313735,-0.07203703703703712,-0.06384259259259256,0.41697385686504207,0.093036830943794,0.17855598934648134,0.8978432952734324,0.0044655614437772995,0.00819444444444456,0.020684346601070325,0.5076712322374185,0.10580755286664456,0.11452109106051479,0.0,0.9999999987499999,0.6854371519467162,0.2817208091539271,0.2566576696765455,0.35804087334109175,surprised,08,14,14,female,normal,1673
30,1.0010000000000001,True,1.0,0.6251036844773084,0.6703567937500408,0.6477302391136746,0.7788428433492571,-0.05884259259259256,-0.05222222222222228,0.46815932266166776,0.17698402785689069,0.17645116259097526,0.8316571753143944,0.045253109272732406,0.0066203703703702765,0.03012574716445381,0.3506923668644689,0.1042335734450115,0.11562643647871565,0.0,0.9999999987499999,0.6838016868935075,0.28188014391942995,0.28003840118806506,0.3877068839135993,surprised,08,14,14,female,normal,1673
40,1.3346666666666667,True,1.0,0.5746332530297981,0.5974205755891518,0.586026914309475,0.599161983393732,-0.05754629629629632,-0.05092592592592604,0.4122175889486529,0.16622623118921662,0.17727323036547302,0.9780775992998451,0.022787322559353784,0.0066203703703702765,0.027724650369632692,0.45812284729085073,0.10374204480580035,0.11524399788083142,0.0,0.9999999987499999,0.6840630442802121,0.2821110876931714,0.25989669360596546,0.35578520904382344,surprised,08,14,14,female,normal,1673
50,1.6683333333333334,True,1.0,0.6792466507853344,0.7303774725102131,0.7048120616477738,1.098204360848962,-0.06194444444444447,-0.054259259259259285,0.3706139160335922,0.32634237329454563,0.17850684503424205,0.6417858886509265,0.051130821724878706,0.007685185185185184,0.026911438393838073,0.2240325220657343,0.1046666251667105,0.11423827964884965,0.0,0.9999999987499999,0.6775437599258454,0.282810592145735,0.26691892238792686,0.3524458304496327,surprised,08,14,14,female,normal,1673
60,2.0020000000000002,True,1.0,0.6827203018259826,0.7175638326416127,0.7001420672337977,0.7759463535830962,-0.06115740740740744,-0.05314814814814828,0.403514834787905,0.25833449951848736,0.17665901492733793,0.9023073102937386,0.034843530815630075,0.00800925925925916,0.03709454675596247,0.34895721521273726,0.10483709093608663,0.115079516032032,0.0,0.9999999987499999,0.6840615066495347,0.28138030172172457,0.26385577740717664,0.3580497882083576,surprised,08,14,14,female,normal,1673
70,2.3356666666666666,True,1.0,0.6793404191611137,0.7021196997947656,0.6907300594779396,0.6652599603052072,-0.06074074074074065,-0.05023148148148149,0.3614018733468885,0.2183607992843446,0.17744529681132737,1.038285934360227,0.022779280633651977,0.010509259259259163,0.04798861473990677,0.4106360386323461,0.10707414427376508,0.1148406796277313,0.0,0.9999999987499999,0.6772420128520158,0.2797167599523016,0.26613430735035737,0.3528858462628122,surprised,08,14,14,female,normal,1673
80,2.6693333333333333,True,1.0,0.6978151133364552,0.7326382476024076,0.7152266804694314,0.7212925675688795,-0.06152777777777779,-0.05097222222222225,0.388732610301583,0.20762830522820405,0.1768881898969495,0.9915902542571688,0.034823134265952405,0.01055555555555554,0.05115506646265334,0.3538533417576085,0.10910783360119826,0.11341537179254299,0.0,0.9999999987499999,0.6746515432579282,0.28094977483182587,0.2656493384087624,0.3540670421597757,surprised,08,14,14,female,normal,1673
90,3.003,True,1.0,0.708964637454626,0.7649407835649459,0.736952710509786,0.6751970010672477,-0.061064814814814905,-0.05138888888888887,0.3847666286539084,0.21029270607650224,0.17883137454304238,1.0914632460525215,0.05597614611031987,0.009675925925926032,0.04828157280748545,0.38286168326225395,0.10981529814679623,0.11188228844441972,0.0,0.9999999987499999,0.6732239619285214,0.2815882048709965,0.2685656860873702,0.3540062426967278,surprised,08,14,14,female,normal,1673
100,3.336666666666667,True,1.0,0.7335821565627217,0.7342538078703335,0.7339179822165276,0.6284388029353972,-0.06361111111111112,-0.05324074074074081,0.3770100775665763,0.19937214938125616,0.17880705526121804,1.167843199351224,0.0006716513076117092,0.010370370370370308,0.050148109181282964,0.4135191050914198,0.10770474823570639,0.11391546594561369,0.0,0.9999999987499999,0.6771713373161764,0.28061222041666,0.2628906232125656,0.3504865244649293,surprised,08,14,14,female,normal,1673
0,0.0,True,1.0,0.7545971529025879,0.7794508607065147,0.7670240068045513,0.4039032195705765,-0.06097222222222226,-0.0531018518518519,0.35440895186229643,0.17827440428517866,0.176528973825883,1.899029197192434,0.024853707803926817,0.007870370370370361,0.03213824982370803,0.6093516033690816,0.10650646949245268,0.11403856560259436,0.0,0.9999999987499999,0.6830480068120998,0.28012040118031084,0.2574954564684698,0.35248280327082376,surprised,08,14,14,female,normal,1674
10,0.33366666666666667,True,1.0,0.7554478585845816,0.7638683634327414,0.7596581110086615,0.5443434339751065,-0.062361111111111145,-0.05509259259259264,0.375769968643137,0.1835607223486354,0.17646197175871184,1.3955493234504628,0.008420504848159815,0.0072685185185185075,0.02345393838856502,0.4433606694251165,0.10609445158327675,0.11408848292735149,0.0,0.9999999987499999,0.6808427448244923,0.28230649516905637,0.2588796751233894,0.3522508271163849,surprised,08,14,14,female,normal,1674
20,0.6673333333333333,True,1.0,0.6839104258445182,0.6931403371188768,0.6885253814816975,0.6756710244023209,-0.05958333333333321,-0.05148148148148157,0.40297329986036684,0.1553650138194461,0.17659811058592695,1.0190245794404862,0.009229911274358571,0.008101851851851638,0.03277541156091667,0.36046389666750256,0.10667404377329,0.11371440949398572,0.0,0.9999999987499999,0.6804316805550347,0.280917385537694,0.2667617722218628,0.36137112698896334,surprised,08,14,14,female,normal,1674
30,1.0010000000000001,True,1.0,0.6435684643202652,0.624028955757325,0.6337987100387951,0.7182995465774734,-0.06254629629629632,-0.052592592592592635,0.38197386489313434,0.22972505654245975,0.17503530963534364,0.8823598915782354,0.019539508562940178,0.009953703703703687,0.025701617613463366,0.3731861835949827,0.10379312069542089,0.11684014070391267,0.0,0.9999999987499999,0.6853142163193402,0.280899428197272,0.24999557488684754,0.3477125747397351,surprised,08,14,14,female,normal,1674
40,1.3346666666666667,True,1.0,0.5518198301344123,0.5953108139446162,0.5735653220395143,0.6825035257058655,-0.06,-0.0499074074074074,0.4122880788936311,0.24245937361472128,0.17380480189281364,0.8403844089249443,0.04349098381020389,0.010092592592592597,0.04615980658657391,0.3717425088622513,0.10652016306955533,0.11502391505068617,0.0,0.9999999987499999,0.6794327575014382,0.2794982976215543,0.2678279119753258,0.36168089417663746,surprised,08,14,14,female,normal,1674
50,1.6683333333333334,True,1.0,0.613202670163963,0.6242462567165322,0.6187244634402476,0.6186224120920912,-0.05925925925925918,-0.04958333333333337,0.40958272636200793,0.2364961682504469,0.17739713502959975,1.0001649654880935,0.011043586552569207,0.00967592592592581,0.045856072993558,0.4662299753160028,0.1075503033810166,0.11305465373682676,0.0,0.9999999987499999,0.6781008902936174,0.28067850266941474,0.2719761494046461,0.3552328401577185,surprised,08,14,14,female,normal,1674
60,2.0020000000000002,True,1.0,0.6436441864164519,0.6563449857848705,0.6499945861006613,0.6312476991993342,-0.05865740740740738,-0.04990740740740751,0.37454912805660195,0.19328381198930808,0.1815566001892127,1.0296981469003457,0.012700799368418614,0.008749999999999869,0.05113971758815405,0.4556550872239493,0.10848365892565782,0.1128367583080927,0.0,0.9999999987499999,0.673509357203819,0.2784986288886921,0.26560432079376894,0.35172331807490115,surprised,08,14,14,female,normal,1674
70,2.3356666666666666,True,1.0,0.6372770514709627,0.6476486548656781,0.6424628531683204,0.641546464253083,-0.05990740740740741,-0.049907407407407345,0.3914708119716301,0.15669383493826683,0.1815566001892127,1.0014284061502923,0.010371603394715434,0.010000000000000064,0.04406824922766808,0.3875681413718241,0.1105269514459783,0.11287993025486438,0.0,0.9999999987499999,0.666798651820103,0.280293251473278,0.2696138151166152,0.35604426180203846,surprised,08,14,14,female,normal,1674
80,2.6693333333333333,True,1.0,0.6817085749019862,0.7049808429118777,0.693344708906932,0.5880575371357392,-0.05981481481481471,-0.05009259259259258,0.40329308349574294,0.10678003232413476,0.18359324209445113,1.1790422962419913,0.02327226800989146,0.009722222222222132,0.040552665805855925,0.4309956341934575,0.10995437759305515,0.112086078163454,0.0,0.9999999987499999,0.670723298545981,0.2806682500014764,0.26997711313832984,0.35710811934099884,surprised,08,14,14,female,normal,1674
90,3.003,True,1.0,0.6673259728741293,0.6928258908159245,0.6800759318450269,0.6155472898641736,-0.05944444444444452,-0.05125000000000007,0.39352725450905596,0.1501740924021776,0.18010527453443298,1.1048313314726674,0.02549991794179518,0.008194444444444449,0.039798514863140594,0.404727788510882,0.10940068317816534,0.11245728363381542,0.0,0.9999999987499999,0.6703764207948805,0.2811080076500817,0.26705476881076406,0.3557609435207596,surprised,08,14,14,female,normal,1674
0,0.0,True,1.0,0.771705197822251,0.7896893608052661,0.7806972793137585,0.5925864670235063,-0.06087962962962962,-0.056342592592592555,0.3808389587013909,0.25290944729747483,0.17500043596485873,1.317440277087513,0.017984162983015084,0.004537037037037062,0.001967914385977303,0.41226860860548875,0.10602909516069083,0.1139821987225261,0.0,0.9999999987499999,0.6835003261929772,0.2839716417642361,0.2570336540754724,0.35712998624101594,surprised,08,14,14,female,normal,1675
10,0.33366666666666667,True,1.0,0.7717051978222504,0.789971671928156,0.7808384348752032,0.5828160851331613,-0.06291666666666673,-0.05634259259259261,0.37891643664665514,0.24041163511742922,0.17430730635602554,1.3397681615063832,0.01826647410590554,0.006574074074074121,0.0029009808841822813,0.4500000000000002,0.10604060286339971,0.11380420573603543,0.0,0.9999999987499999,0.6832903099989996,0.28428810329691373,0.2583575110237814,0.356538587868364,surprised,08,14,14,female,normal,1675
20,0.6673333333333333,True,1.0,0.38877982662233884,0.3623765055556568,0.37557816608899786,0.46361426098282627,-0.07694444444444437,-0.07074074074074083,0.4246991162666674,0.11590356524570708,0.18263930661951858,0.8101091741500818,0.02640332106668203,0.006203703703703545,0.0083334507611083,0.5475800129326043,0.10417211880039899,0.11633871281936721,0.0,0.9999999987499999,0.6824291886207607,0.28410149788640265,0.26093769365679936,0.36338496364114276,surprised,08,14,14,female,normal,1675
30,1.0010000000000001,True,1.0,0.7036309874346853,0.6817731156502681,0.6927020515424767,0.8258533876454363,-0.05805555555555558,-0.051018518518518574,0.3907549037811973,0.28693601815969144,0.17709410391571503,0.8387712176339398,0.021857871784417227,0.007037037037037008,0.0067678191415569446,0.3436229652576321,0.10419765111762737,0.11416665283703839,0.0,0.9999999987499999,0.6824000153420742,0.28570232918858873,0.26562355358662454,0.359684152839619,surprised,08,14,14,female,normal,1675
40,1.3346666666666667,True,1.0,0.6144120321101973,0.6169098933895985,0.6156609627498979,0.6559035823252903,-0.05754629629629621,-0.05120370370370375,0.39839231644029377,0.22545137643827765,0.18057625937153515,0.9386455255622702,0.0024978612794011035,0.006342592592592455,0.01585771616168844,0.4106568131018768,0.10674896748076278,0.1149774241465161,0.0,0.9999999987499999,0.6828866545133678,0.2812619471802606,0.27422275606679836,0.37399569158699764,surprised,08,14,14,female,normal,1675
50,1.6683333333333334,True,1.0,0.5768181513492222,0.6037599227815116,0.5902890370653668,0.4536796238950727,-0.06143518518518509,-0.051342592592592606,0.4005826356546131,0.1396300341989411,0.18088653224666915,1.3011142797144648,0.026941771432289374,0.010092592592592486,0.053004885262303916,0.6050300241922568,0.10739898218278529,0.11486914551096665,0.0,0.9999999987499999,0.6793164154802546,0.278267966365762,0.26360327416356877,0.3564233778640345,surprised,08,14,14,female,normal,1675
60,2.0020000000000002,True,1.0,0.594285145424254,0.6213346449981946,0.6078098952112243,0.6183761952266501,-0.061249999999999916,-0.05101851851851852,0.3947090377766264,0.15430590013158937,0.18019336335274236,0.9829128286357256,0.02704949957394054,0.010231481481481397,0.05557994904153658,0.400102613001265,0.10918511017611253,0.113676670970632,0.0,0.9999999987499999,0.6769486196509855,0.2796203423652195,0.2672522950609267,0.3581072198711464,surprised,08,14,14,female,normal,1675
70,2.3356666666666666,True,1.0,0.5976691006617604,0.6173091273959079,0.6074891140288341,0.6475072515876007,-0.06375000000000008,-0.05189814814814814,0.39991825912484436,0.19774799079696,0.17821668909393684,0.9381966187086747,0.019640026734147553,0.011851851851851947,0.051114055569809566,0.397808990961555,0.10936250908257475,0.11095970530581065,0.0,0.9999999987499999,0.6725601411345788,0.28028805985784605,0.26473143924299436,0.3502055536780017,surprised,08,14,14,female,normal,1675
80,2.6693333333333333,True,1.0,0.6154030496876903,0.626253067040223,0.6208280583639567,0.5955106541747458,-0.06412037037037033,-0.05319444444444449,0.40251248935628203,0.184564791410496,0.1768040641115114,1.0425137720236015,0.01085001735253266,0.010925925925925839,0.04739211435929943,0.4135652103773448,0.1084110887428053,0.11103481748632793,0.0,0.9999999987499999,0.6717418528192526,0.2810825681823464,0.2633868625401771,0.3499834681727834,surprised,08,14,14,female,normal,1675
90,3.003,True,1.0,0.6144467833268539,0.621334644998195,0.6178907141625245,0.56289365814091,-0.06513888888888897,-0.05435185185185193,0.395425373938004,0.1870283447473699,0.1774452968113274,1.0977041670770558,0.0068878616713411445,0.01078703703703704,0.05910085460132111,0.43761529990971754,0.11047278198160902,0.11242570101338455,0.0,0.9999999987499999,0.6755854100155687,0.2796062692521188,0.26565451259150763,0.3529617693721166,surprised,08,14,14,female,normal,1675
0,0.0,True,1.0,0.7480867550456398,0.7659238148578862,0.757005284951763,0.42377943248987965,-0.06175925925925935,-0.05476851851851855,0.36668325597248713,0.2572427517388063,0.1722860019949691,1.7863190776013915,0.01783705981224637,0.006990740740740797,0.006762089245653365,0.6036140542915958,0.10532443270265433,0.11295943982970061,0.0,0.9999999987499999,0.6854571724392882,0.28261866333709124,0.2535168674399283,0.35593431200514225,surprised,08,14,14,female,strong,1676
10,0.33366666666666667,True,1.0,0.7690708765882404,0.7936833879776074,0.7813771322829239,0.4035094474939745,-0.05999999999999994,-0.053194444444444544,0.38496311534971334,0.18719263879421671,0.1743795115575408,1.9364531292531684,0.024612511389367042,0.006805555555555398,0.010600755532242866,0.6064073453348297,0.10568131615369598,0.1133002487940267,0.0,0.9999999987499999,0.6838763217943429,0.2834310104836498,0.2540286701749825,0.35557093808614737,surprised,08,14,14,female,strong,1676
20,0.6673333333333333,True,1.0,0.8031762647317963,0.8368221233258526,0.8199991940288245,0.6259322414924978,-0.06148148148148147,-0.05513888888888896,0.3702983285805262,0.26071159043399517,0.17372357468471164,1.3100446656551605,0.03364585859405633,0.006342592592592511,0.015032673708702428,0.41775065454385474,0.10624608145679038,0.11411436682766585,0.0,0.9999999987499999,0.6828850115905738,0.2817976803168001,0.2558385425510208,0.35538074470582703,surprised,08,14,14,female,strong,1676
30,1.0010000000000001,True,1.0,0.7394361619594331,0.7790829155388722,0.7592595387491526,0.769142234057959,-0.059583333333333266,-0.05231481481481487,0.44102116862571844,0.21434200157604336,0.17361111111111116,0.9871510172355694,0.03964675357943914,0.0072685185185183965,0.02168751242157421,0.35077818533877075,0.10386097393075332,0.1149712357724159,0.0,0.9999999987499999,0.6880006036946028,0.2803837922217812,0.270989721610342,0.3849192065947192,surprised,08,14,14,female,strong,1676
40,1.3346666666666667,True,1.0,0.7486222670593913,0.7635830380307675,0.7561026525450794,0.9042145593869723,-0.06074074074074076,-0.05625000000000008,0.35912768735326134,0.33716475095785436,0.17506276776130902,0.8361982725180759,0.01496077097137627,0.004490740740740684,0.01043450561405368,0.26694915254237284,0.10429670113321703,0.11424306192639117,0.0,0.9999999987499999,0.6880182853375727,0.2795183048954218,0.25791680312588816,0.3646559642120752,surprised,08,14,14,female,strong,1676
50,1.6683333333333334,True,1.0,0.8129159239671342,0.8421996022674122,0.8275577631172732,1.959968289142568,-0.06800925925925927,-0.061481481481481415,0.29580027834243316,0.8412952976082646,0.17711090471635116,0.4222301797950552,0.029283678300278004,0.0065277777777778545,0.00650615369046571,0.13829190349853956,0.10433265513901119,0.11520676986356171,0.0,0.9999999987499999,0.6781258102068954,0.286434067980811,0.26265405457136726,0.3660621276640531,surprised,08,14,14,female,strong,1676
60,2.0020000000000002,True,1.0,0.834516776797361,0.8363915727839085,0.8354541747906348,0.4367352755033913,-0.06009259259259264,-0.05444444444444446,0.35403187132528935,0.10916179337231931,0.17920115530761807,1.9129532731874492,0.001874795986547495,0.00564814814814818,0.006166306312756408,0.5434755649227041,0.10621026769450352,0.11414770070907129,0.0,0.9999999987499999,0.6829685184151785,0.28136214327721615,0.2576334283247419,0.3565247599652814,surprised,08,14,14,female,strong,1676
70,2.3356666666666666,True,1.0,0.7807953644713512,0.8223533974423515,0.8015743809568514,0.6568268168904,-0.061435185185185204,-0.0566666666666667,0.42871365422151664,0.2833198261561715,0.1785239402424893,1.2203740169314743,0.04155803297100025,0.004768518518518505,0.005361705384815394,0.386005934068446,0.10610151140708768,0.113579804667189,0.0,0.9999999987499999,0.6802354585896859,0.2828911735411648,0.2665602228178997,0.36834350666116067,surprised,08,14,14,female,strong,1676
80,2.6693333333333333,True,1.0,0.834516776797358,0.8602493574420924,0.8473830671197252,0.8126377448512103,-0.06027777777777776,-0.05634259259259261,0.3281669635221489,0.22853867377275477,0.1848712622643976,1.042756225007585,0.025732580644734382,0.003935185185185153,0.006925629962360123,0.30537795223852415,0.11788982612306449,0.11029546240227528,0.0,0.9999999987499999,0.6216660171412316,0.27087951458085546,0.28386709471519345,0.3441916402026827,surprised,08,14,14,female,strong,1676
90,3.003,True,1.0,0.7536897037934797,0.7882095324638633,0.7709496181286715,0.9436517003710354,-0.06027777777777776,-0.056620370370370376,0.3500130393580224,0.3931191115915324,0.1779493563569561,0.8169853536273405,0.03451982867038361,0.003657407407407387,0.007491520996458488,0.28120057455515535,0.11307130855038774,0.10788655879116102,0.0,0.9999999987499999,0.6404080481802096,0.2744736434550025,0.2634344266122043,0.34292516295159425,surprised,08,14,14,female,strong,1676
100,3.336666666666667,True,1.0,0.7891726215345782,0.8301436159286671,0.8096581187316227,0.9440018978274096,-0.05958333333333338,-0.05652777777777779,0.35096975532608315,0.38539970152477054,0.18066369624796044,0.8576869607942793,0.04097099439408891,0.003055555555555589,0.00810732556229872,0.29105134810112987,0.11322720203943708,0.10860364101207201,0.0,0.9999999987499999,0.6365482166616647,0.27491319460668573,0.2679617278142131,0.3466783314041486,surprised,08,14,14,female,strong,1676
110,3.6703333333333332,True,1.0,0.7339477610149407,0.77119640770322,0.7525720843590804,0.9357232016277408,-0.06050925925925926,-0.057453703703703674,0.3551779205134091,0.3820198279760947,0.17926245206354585,0.8042678465703755,0.03724864668827921,0.003055555555555589,0.010088821481045042,0.28169388223033437,0.11244494116691829,0.10976107335337124,0.0,0.9999999987499999,0.6382767579531812,0.2754233154716014,0.2598210462663837,0.3343259162250526,surprised,08,14,14,female,strong,1676
0,0.0,True,1.0,0.687435246526614,0.7343590106624596,0.7108971285945368,0.6405499259657992,-0.06129629629629629,-0.05324074074074081,0.3803972459216832,0.20366161250880974,0.17710444305856654,1.1098231375527372,0.046923764135845536,0.008055555555555483,0.022231195028790764,0.39666634089579317,0.11495116624264853,0.10854685153283367,0.0,0.9999999987499999,0.6385853637626926,0.271397572137446,0.2719238501767494,0.3384009540860506,surprised,08,14,14,female,strong,1677
10,0.33366666666666667,True,1.0,0.7299792476411681,0.7653438999110451,0.7476615737761065,0.5870596753097698,-0.060694444444444495,-0.054629629629629695,0.3920921283203647,0.18169265286989963,0.17640445937537766,1.273569971198572,0.03536465226987706,0.006064814814814801,0.024147796523581264,0.4291938044732654,0.1204097497976498,0.1096441501133893,0.0,0.9999999987499999,0.6216390935592987,0.2681494436228733,0.2869253826956249,0.3390821653593517,surprised,08,14,14,female,strong,1677
20,0.6673333333333333,True,1.0,0.6908562509947247,0.7045027330087963,0.6976794920017605,0.5455879746583361,-0.0598611111111112,-0.053611111111111165,0.3910850701615836,0.19566901078296883,0.18057076675375175,1.2787662566035638,0.013646482014071593,0.006250000000000033,0.022435143723840274,0.4905954733099537,0.10612044022761644,0.11322608808097283,0.0,0.9999999987499999,0.6865750628845287,0.2806946839129907,0.25933486808395506,0.35504003154009656,surprised,08,14,14,female,strong,1677
30,1.0010000000000001,True,1.0,0.7322736866163677,0.7334142245605919,0.7328439555884798,0.8747121461010814,-0.058518518518518525,-0.05189814814814814,0.4554157856608962,0.2276377750355931,0.1798628078333204,0.83781156904593,0.0011405379442241959,0.0066203703703703876,0.019790412096659767,0.340105869904895,0.10531138158650455,0.11497752584541703,0.0,0.9999999987499999,0.6843161997846015,0.281736267473066,0.28428134033223956,0.40105488308620557,surprised,08,14,14,female,strong,1677
40,1.3346666666666667,True,1.0,0.5736167319970708,0.5961804603299788,0.5848985961635248,0.7017068783886868,-0.056157407407407434,-0.05009259259259263,0.43200280162351923,0.1691273548959703,0.18472222222222223,0.8335369285628407,0.022563728332908095,0.006064814814814801,0.017784841313845594,0.37328852584849703,0.10728032037028426,0.11448180197293187,0.0,0.9999999987499999,0.6814595250131303,0.2799399179061497,0.2798830987939934,0.38027902883762676,surprised,08,14,14,female,strong,1677
50,1.6683333333333334,True,1.0,0.673473153280103,0.7308182215864386,0.7021456874332708,0.980969177305351,-0.05796296296296288,-0.052592592592592635,0.3810502595228808,0.3838447496092961,0.18057076675375164,0.7157673285535968,0.05734506830633557,0.005370370370370248,0.01282232329159398,0.27056975164066094,0.10743970466778308,0.11499685114331151,0.0,0.9999999987499999,0.6761763462494372,0.28298666710235465,0.272044050768974,0.3672363216357376,surprised,08,14,14,female,strong,1677
60,2.0020000000000002,True,1.0,0.7056803684042442,0.7136302640487587,0.7096553162265015,0.8370813045523245,-0.05837962962962967,-0.053518518518518576,0.4208157046153268,0.2704416522399818,0.18409782819833262,0.84777346282513,0.007949895644514537,0.004861111111111094,0.00962705091482375,0.34649555783246727,0.10873286500479327,0.11510673985619163,0.0,0.9999999987499999,0.6709723242969063,0.2858175638246648,0.2745999330734761,0.3626480568080217,surprised,08,14,14,female,strong,1677
70,2.3356666666666666,True,1.0,0.6490478976436017,0.6764402957428056,0.6627440966932037,0.7310601947908778,-0.05652777777777779,-0.052592592592592635,0.3793103026735434,0.20063438315118845,0.18899226133807434,0.9065520204978248,0.027392398099203907,0.003935185185185153,0.01522245456752487,0.3754209462022579,0.11158202090692344,0.11251646124295027,0.0,0.9999999987499999,0.6587867735531712,0.2785883663336742,0.272672981982737,0.36860533047338917,surprised,08,14,14,female,strong,1677
80,2.6693333333333333,True,1.0,0.6477516348900633,0.6463221063216542,0.6470368706058587,0.8009325799980714,-0.05699074074074073,-0.05101851851851863,0.4128620562361336,0.2363005782293253,0.18826294450387399,0.8078543522445006,0.0014295285684090553,0.005972222222222101,0.006530331971279727,0.33231523255710793,0.1107802435949991,0.11212275164686789,0.0,0.9999999987499999,0.6604549878388856,0.27904380619300034,0.2741635842853258,0.38133469910506546,surprised,08,14,14,female,strong,1677
90,3.003,True,1.0,0.6401467014459646,0.6072219417478565,0.6236843215969106,0.8096725628339434,-0.0560648148148149,-0.049629629629629635,0.40826153852177566,0.2189725551473128,0.18827388599143427,0.7702920294272373,0.03292475969810815,0.006435185185185266,0.015680551730139516,0.35378409526658416,0.11227121769732994,0.11097366975815601,0.0,0.9999999987499999,0.6594998398031087,0.2789323049312712,0.2793840131719159,0.38733906406802715,surprised,08,14,14,female,strong,1677
100,3.336666666666667,True,1.0,0.20676681753961298,0.20158573786405265,0.20417627770183283,0.766333058619345,-0.07467592592592592,-0.06884259259259262,0.4077842430484734,0.2179675438416767,0.18755858459758643,0.2664328197842393,0.005181079675560335,0.0058333333333333015,0.009438614772110481,0.38938734416474013,0.11032571273250481,0.11257002672919428,0.0,0.9999999987499999,0.6610905305012631,0.2797636489226022,0.2711401943171764,0.3808808457034582,surprised,08,14,14,female,strong,1677
0,0.0,True,1.0,0.7088979807333728,0.748538011695906,0.7287179962146394,0.3863967884535856,-0.06129629629629629,-0.055833333333333346,0.37767487482544204,0.21468812656415223,0.17301591223497836,1.885931814110235,0.0396400309625331,0.005462962962962947,0.03757655808809885,0.614364169713241,0.10387036247646497,0.11244943550982686,0.0,0.9999999987499999,0.6868039060858717,0.2830072413755819,0.2510064174295978,0.3501713941518477,surprised,08,14,14,female,strong,1678
10,0.33366666666666667,True,1.0,0.7572310475267225,0.7954203091508663,0.7763256783387944,0.4213863649089654,-0.06157407407407406,-0.05402777777777784,0.369705588296862,0.19528932452621398,0.17304413168756036,1.8423132378915692,0.03818926162414371,0.007546296296296218,0.029847419536937418,0.5659900440904254,0.10328674789952147,0.11315422839406887,0.0,0.9999999987499999,0.6879915912771358,0.2824232608333736,0.24720746007284536,0.34721615756813023,surprised,08,14,14,female,strong,1678
20,0.6673333333333333,True,1.0,0.7977236004671656,0.8132818668964718,0.8055027336818187,0.714136999902174,-0.05986111111111109,-0.05273148148148149,0.3821776656686346,0.22576663631648483,0.17511157157652374,1.1279386641388982,0.015558266429306133,0.007129629629629597,0.03093723332969583,0.3352022595011163,0.10201961677623327,0.11529376901182743,0.0,0.9999999987499999,0.6880318383525285,0.2830573479958333,0.2506666532844379,0.34793704611177023,surprised,08,14,14,female,strong,1678
30,1.0010000000000001,True,1.0,0.7374436777692988,0.8106206776373893,0.7740321777033441,0.8707412054279136,-0.05796296296296288,-0.05217592592592596,0.37480731677418005,0.2727193368308787,0.17575696420026135,0.8889348211366164,0.07317699986809056,0.005787037037036924,0.042887327645229324,0.29955277073091763,0.10321110100194432,0.11389431994390814,0.0,0.9999999987499999,0.6820527852078332,0.2839931920528703,0.2595246525791843,0.3544750132811698,surprised,08,14,14,female,strong,1678
40,1.3346666666666667,True,1.0,0.7337806767113906,0.783522822211666,0.7586517494615284,0.7128089198896811,-0.06018518518518512,-0.0533333333333334,0.3614117619513899,0.21208317834539298,0.17798536684420838,1.0643129291633193,0.04974214550027545,0.00685185185185172,0.039062102403200884,0.349273366093846,0.10469105208702262,0.11454902212013099,0.0,0.9999999987499999,0.6832059713572931,0.2814911473993467,0.26339414289662383,0.36096403524110826,surprised,08,14,14,female,strong,1678
50,1.6683333333333334,True,1.0,0.727166635871011,0.7970281076435755,0.7620973717572932,0.8916974756708405,-0.05902777777777779,-0.05250000000000005,0.41410086563795284,0.3537539011387875,0.17645116259097526,0.8546591109097323,0.06986147177256441,0.0065277777777777435,0.0439949143213255,0.3171479599923513,0.10203900719483146,0.114945589284694,0.0,0.9999999987499999,0.6822627975956008,0.28182794337829437,0.27723551680495323,0.3790659423886359,surprised,08,14,14,female,strong,1678
60,2.0020000000000002,True,1.0,0.7388273045411532,0.7971323600324532,0.7679798322868032,0.6246274174620756,-0.05870370370370381,-0.051805555555555605,0.41107574895080434,0.24542495790642738,0.17661755042349955,1.2295006764307321,0.05830505549130005,0.006898148148148209,0.04304702978590583,0.4383919887396697,0.10583838432841589,0.11230851982964583,0.0,0.9999999987499999,0.6781974542707707,0.2827194278096011,0.2682904546869163,0.35839481002392004,surprised,08,14,14,female,strong,1678
70,2.3356666666666666,True,1.0,0.7683903860118704,0.8287990778291145,0.7985947319204925,0.7900257780636147,-0.06097222222222215,-0.05365740740740743,0.33631035596612613,0.24949546679649695,0.1793917875449851,1.010846423110244,0.060408691817244176,0.0073148148148147185,0.04736242561935455,0.31211121651112994,0.10712377987591248,0.11396152910760188,0.0,0.9999999987499999,0.6770121465695653,0.27945728834507977,0.26367738319824224,0.35264454590534583,surprised,08,14,14,female,strong,1678
80,2.6693333333333333,True,1.0,0.7334178692311774,0.7851851851851853,0.7593015272081813,0.7760526852762268,-0.05935185185185182,-0.051990740740740615,0.36761422728168336,0.2558837795410433,0.18072449695109213,0.9784149215821821,0.051767315954007964,0.007361111111111207,0.05076558045884443,0.33070112578375394,0.11701739528169179,0.10914569144353943,0.0,0.9999999987499999,0.6220837948538791,0.2692719889934739,0.28035878139359743,0.331747941815798,surprised,08,14,14,female,strong,1678
90,3.003,True,1.0,0.7482051161186442,0.8273772139664025,0.7877911650425233,0.7681753392251887,-0.06041666666666673,-0.052453703703703725,0.36463035089173934,0.27271933683087834,0.17933691644693361,1.02553560992614,0.07917209784775836,0.007962962962963005,0.050568458612336664,0.326104348029466,0.11020875015457787,0.1109809250346388,0.0,0.9999999987499999,0.6624204061702806,0.2807065123793707,0.2610872221587411,0.3618262198273262,surprised,08,14,14,female,strong,1678
100,3.336666666666667,True,1.0,0.7199957985214847,0.768453243295569,0.7442245209085268,0.739543951830197,-0.060138888888888964,-0.053750000000000075,0.3720282364552855,0.2170382057324943,0.18070803211393494,1.0063289937896813,0.04845744477408431,0.006388888888888888,0.04648156312280428,0.34340223143960924,0.1183512225051272,0.1089291904121242,0.0,0.9999999987499999,0.6204863921818727,0.2679805242804793,0.2852683039798087,0.33503334484858766,surprised,08,14,14,female,strong,1678
0,0.0,True,1.0,0.7604481439882083,0.7764194354797131,0.7684337897339607,0.5275685461751587,-0.061481481481481526,-0.05523148148148149,0.3837893017041019,0.1978140590653275,0.17088736323246198,1.4565572479729147,0.01597129149150489,0.006250000000000033,0.01614517930813076,0.4539202209177926,0.10351745447165256,0.11344813862550655,0.0,0.9999999987499999,0.6874297159176171,0.28306240353068784,0.24711503004957186,0.34825802129162853,surprised,08,14,14,female,strong,1679
10,0.33366666666666667,True,1.0,0.7572310475267209,0.7939719996689271,0.775601523597824,0.5368574408037824,-0.06027777777777776,-0.05393518518518525,0.3775867452651507,0.20877789364591562,0.17301591223497836,1.4447066663295085,0.036740952142206185,0.006342592592592511,0.01173298221351066,0.46957232396966414,0.10479234281117915,0.11345323291479908,0.0,0.9999999987499999,0.6862425918805022,0.28380797467124047,0.24864086131664895,0.34783608490533846,surprised,08,14,14,female,strong,1679
20,0.6673333333333333,True,1.0,0.7637250766908329,0.77653295528145,0.7701290159861415,0.7423161819903995,-0.06013888888888885,-0.05356481481481484,0.3865761959898895,0.24730338661784,0.17370995992350344,1.0374676380099466,0.012807878590617161,0.00657407407407401,0.016620868264505234,0.343965104653321,0.10348117028554404,0.11448412387341819,0.0,0.9999999987499999,0.6851644121789341,0.28553509842294095,0.2567888840781816,0.3552862365097664,surprised,08,14,14,female,strong,1679
30,1.0010000000000001,True,1.0,0.6397403309926165,0.6703567937500402,0.6550485623713284,0.7967363440055917,-0.0591666666666667,-0.05148148148148157,0.3818609541772239,0.24323616528159434,0.1771802450044448,0.8221647817370449,0.03061646275742369,0.007685185185185128,0.021560086308918192,0.3513356387695415,0.11152746606546571,0.11425044957879435,0.0,0.9999999987499999,0.6262527254417392,0.27407520005820546,0.28218280691322917,0.33848449649337226,surprised,08,14,14,female,strong,1679
40,1.3346666666666667,True,1.0,0.7268585691269871,0.7383290529849793,0.7325938110559832,0.8901595440409807,-0.05722222222222223,-0.050694444444444486,0.37087883917126296,0.3558137239843696,0.17727323036547302,0.8229915816329847,0.011470483857992209,0.0065277777777777435,0.02949983017671912,0.30710229313658594,0.10504222072182395,0.11406017172622196,0.0,0.9999999987499999,0.6858657018510531,0.2828554110798815,0.2690212433675938,0.36326953913753407,surprised,08,14,14,female,strong,1679
50,1.6683333333333334,True,1.0,0.7279388266807124,0.7670652926279954,0.7475020596543539,0.9945144348107458,-0.057916666666666616,-0.05004629629629631,0.438273483602051,0.372492007750547,0.17804579664582248,0.7516251484038059,0.03912646594728297,0.007870370370370305,0.04391758678261309,0.30607971694487235,0.10663967227162685,0.11524423789063679,0.0,0.9999999987499999,0.6798053806835234,0.28357355385279664,0.2884982231755343,0.39440913576550096,surprised,08,14,14,female,strong,1679
60,2.0020000000000002,True,1.0,0.7864474257292766,0.8120860288283983,0.7992667272788374,0.891694095835589,-0.059953703703703676,-0.04972222222222217,0.391428652043596,0.28769822778437537,0.17749688421866758,0.8963463266288203,0.025638603099121693,0.010231481481481508,0.04830691629771827,0.30596875020101116,0.10668352493171125,0.11437377251726724,0.0,0.9999999987499999,0.6746220252163365,0.2856117988070995,0.272004629005126,0.3526309374801761,surprised,08,14,14,female,strong,1679
70,2.3356666666666666,True,1.0,0.7534342264872226,0.7985990248101283,0.7760166256486755,0.7861504336496684,-0.06208333333333327,-0.05351851851851852,0.36495490629828303,0.27606981259648805,0.18026828964910632,0.9871095816179263,0.045164798322905764,0.008564814814814747,0.05055170488095009,0.3407996340014366,0.12241310908381658,0.10597427350689302,0.0,0.9999999987499999,0.6156217867615796,0.2654649939246759,0.30114815086714686,0.338643645193263,surprised,08,14,14,female,strong,1679
80,2.6693333333333333,True,1.0,0.7787733372463074,0.8448966293168144,0.8118349832815609,0.7991754999952481,-0.0621296296296297,-0.0530092592592592,0.3727493925604002,0.27759896841786974,0.18077894688297066,1.015840679908716,0.06612329207050704,0.0091203703703705,0.04866988284518773,0.3480482749784152,0.1116681034986183,0.11106711719153961,0.0,0.9999999987499999,0.6620106399512931,0.2790353585920747,0.26695202960013853,0.3616467287112575,surprised,08,14,14,female,strong,1679
90,3.003,True,1.0,0.711900039970826,0.7710046759262064,0.7414523579485162,0.8052907303497463,-0.06393518518518515,-0.05393518518518514,0.3651874456597024,0.2870829314367839,0.18361443441400135,0.9207263041839505,0.0591046359553804,0.010000000000000009,0.053064800510361755,0.3351661677149679,0.11096319392425341,0.11177137135413676,0.0,0.9999999987499999,0.6625161384319354,0.2778174348387919,0.2660747299976813,0.36020742263699446,surprised,08,14,14,female,strong,1679
100,3.336666666666667,True,1.0,0.7888125893649375,0.8303253798496156,0.8095689846072766,0.7349172399399041,-0.0621296296296297,-0.053796296296296175,0.3645508577680514,0.2805714554035776,0.18359324209445108,1.101578437149572,0.04151279048467815,0.008333333333333526,0.050189435399940384,0.35025995299754353,0.11141332712317366,0.10977160321207217,0.0,0.9999999987499999,0.6651507503939076,0.2778020827860387,0.2661314364271043,0.3550962608372478,surprised,08,14,14,female,strong,1679
110,3.6703333333333332,True,1.0,0.7813789593725968,0.830601092896174,0.8059900261343854,0.7241928192641961,-0.06296296296296289,-0.05523148148148144,0.3646126437026713,0.2893842743099917,0.1821661325777603,1.112949486233926,0.04922213352357718,0.00773148148148145,0.05148295366847056,0.34244529595111045,0.11168196195875174,0.11190768057139111,0.0,0.9999999987499999,0.6698699719731643,0.27569764027132926,0.26990390259282965,0.36433218390900785,surprised,08,14,14,female,strong,1679
0,0.0,True,1.0,0.47436695235541854,0.44371540766272555,0.459041180009072,0.735144037711947,-0.06916666666666671,-0.0681944444444445,0.38440710570223346,0.3809183531290511,0.16875406896136058,0.6244234550793419,0.03065154469269299,0.0009722222222222077,0.001952213800391868,0.36861120127028063,0.12758088246904162,0.10724223141662434,0.0,0.8602196611018105,0.6391570099602342,0.2963318995381631,0.3073567588497004,0.3960452161675246,neutral,01,15,15,male,normal,1680
10,0.33366666666666667,True,1.0,0.4524596748732005,0.4507817786060569,0.4516207267396287,0.7270090345567071,-0.07023148148148145,-0.06916666666666677,0.3825646653009955,0.37696764754792217,0.16736521383896144,0.6212037337541534,0.001677896267143597,0.0010648148148146852,0.009064450244686512,0.3749999999999996,0.12388615179687193,0.11131888975199918,0.0,0.9999999987499999,0.6421518963053972,0.2971176543146174,0.3036092691974227,0.3983235844798854,neutral,01,15,15,male,normal,1680
20,0.6673333333333333,True,1.0,0.4813811175874432,0.4292051250506045,0.45529312131902383,0.7536319050404571,-0.07120370370370371,-0.06944444444444453,0.3848229776023283,0.41043952890011814,0.164590750096599,0.604131961868815,0.05217599253683869,0.0017592592592591827,0.010381751420812059,0.36202952848421754,0.12467420620045576,0.1106079566702077,0.0,0.7152803530385122,0.6434883547481494,0.29636102119588187,0.30326968615448857,0.39561488016725543,neutral,01,15,15,male,normal,1680
30,1.0010000000000001,True,1.0,0.44488381565701585,0.45427804608417893,0.44958093087059736,0.9064769301567737,-0.07273148148148151,-0.07087962962962968,0.39363882158497326,0.44674920619367575,0.165285163379568,0.49596511054378745,0.009394230427163086,0.0018518518518518268,0.013954946193280682,0.3056812597893175,0.12416313938994593,0.11118134999745796,0.0,0.7790648904581031,0.6411232411402062,0.2966918674022678,0.3078282352250161,0.40679122999860795,neutral,01,15,15,male,normal,1680
40,1.3346666666666667,True,1.0,0.4724728582958407,0.44304603835956163,0.45775944832770116,0.9695212324463915,-0.07194444444444442,-0.0685648148148148,0.37302809614685,0.4369536032091621,0.17917049906572252,0.47214999837872285,0.029426819936279047,0.0033796296296296213,0.018974956243920517,0.29346276460783155,0.1218353770972871,0.11372738745644756,0.0,0.814132031895183,0.633675339620223,0.29910715304470636,0.3075768563911568,0.4009123371308887,neutral,01,15,15,male,normal,1680
50,1.6683333333333334,True,1.0,0.4787496809531881,0.4780080122707067,0.4783788466119474,0.7012223765728286,-0.07078703703703704,-0.06837962962962968,0.3735322572134641,0.32309262038243663,0.18542695320541566,0.682207046714607,0.0007416686824813779,0.002407407407407358,0.022032370077979646,0.3989664349035001,0.1267270555587015,0.10824985524287138,0.0,0.654800968703159,0.5962804977068953,0.2735285935050994,0.2927775212506925,0.3479595385129377,neutral,01,15,15,male,normal,1680
60,2.0020000000000002,True,1.0,0.4930836199403329,0.4866556084042782,0.48986961417230557,0.7458164432296039,-0.07287037037037042,-0.06805555555555554,0.37578875626914376,0.3186503612262777,0.18750651030364252,0.6568232956235538,0.006428011536054712,0.004814814814814883,0.01732389778154766,0.3788258280106004,0.12790538499060786,0.1068549964262824,0.0,0.621166432857084,0.58769776925614,0.27542988515031813,0.29910461603794053,0.3522709878195536,neutral,01,15,15,male,normal,1680
70,2.3356666666666666,True,1.0,0.5083052413760284,0.5152824088986481,0.5117938251373382,0.7406091859505903,-0.07291666666666669,-0.06879629629629619,0.38465269828551135,0.3174039368359674,0.18613119697045138,0.691044392705497,0.006977167522619676,0.004120370370370496,0.02174040113422904,0.37336384402978734,0.12573222633863407,0.10940377064166597,0.0,0.623513918021519,0.6292325402661065,0.29962948208261114,0.30733004814347087,0.3922227358248804,neutral,01,15,15,male,normal,1680
80,2.6693333333333333,True,1.0,0.5039363002029299,0.5053475873163754,0.5046419437596527,0.6453966958137018,-0.07337962962962963,-0.06930555555555556,0.3941310028245442,0.27104946043576345,0.18057076675375164,0.7819097107762711,0.001411287113445514,0.004074074074074063,0.021955760857292526,0.4093944157479758,0.12351937933537577,0.11189611565623056,0.0,0.7165998628978733,0.633592667270033,0.2980098122104499,0.3050025528812469,0.3932656161329509,neutral,01,15,15,male,normal,1680
90,3.003,True,1.0,0.4977393274162575,0.4921906072522566,0.49496496733425704,0.6340960466768873,-0.0734259259259259,-0.06972222222222213,0.3943343221149205,0.2716838524544406,0.17986789790391566,0.7805835881302592,0.005548720164000875,0.0037037037037037646,0.021699079393787228,0.4265891181409614,0.1268954050205961,0.10805245927566058,0.0,0.6645302622890817,0.6327207168726866,0.2970708513662628,0.3090550817763278,0.39559778595949,neutral,01,15,15,male,normal,1680
0,0.0,True,1.0,0.4656815809584544,0.4544183269974696,0.460049953977962,0.5818195080075118,-0.07217592592592587,-0.06912037037037039,0.38060822117000637,0.3516775024891995,0.16598371379942167,0.7907090560669587,0.01126325396098482,0.003055555555555478,0.021678851774576915,0.4713428130266167,0.1281633205013832,0.10654548816785248,0.0,0.7019717771912128,0.6397559024859943,0.29424812974319725,0.30793355838274317,0.39994467676245854,neutral,01,15,15,male,normal,1681
10,0.33366666666666667,True,1.0,0.47394969157792205,0.4548386510335721,0.46439417130574706,0.6183135258115535,-0.07277777777777766,-0.06976851851851856,0.3846997769930423,0.36953345922305453,0.165285163379568,0.7510658459172747,0.019111040544349978,0.0030092592592591005,0.016996783941858717,0.44062208004560033,0.12533543546585835,0.10985811934960452,0.0,0.7465384242835441,0.6410778657009679,0.2946326544154476,0.3050963903111237,0.40026853365121656,neutral,01,15,15,male,normal,1681
20,0.6673333333333333,True,1.0,0.47932536004626575,0.44892727393571363,0.4641263169909897,0.5863025059271972,-0.07351851851851848,-0.07,0.3876694062019627,0.3464231734458493,0.1694606530057904,0.7916157824654113,0.030398086110552114,0.0035185185185184764,0.01964816238656156,0.4479834044453505,0.12420531986039957,0.11113422645016496,0.0,0.7033221895272938,0.6446666659085509,0.29343999845997504,0.3037969173170415,0.3995405691494683,neutral,01,15,15,male,normal,1681
30,1.0010000000000001,True,1.0,0.45172164539841236,0.44776102294224596,0.44974133417032913,0.898587469860743,-0.07356481481481475,-0.07087962962962968,0.3774083968888984,0.40158303386399036,0.17153889718267493,0.5004981142681936,0.003960622456166407,0.0026851851851850683,0.017612158674558936,0.30169495904588817,0.12428033797100502,0.11105032806875074,0.0,0.6507950108533391,0.640054109401573,0.2954101639593092,0.3068181249323679,0.40263945564562376,neutral,01,15,15,male,normal,1681
40,1.3346666666666667,True,1.0,0.45726825611218724,0.4276064436516131,0.4424373498819002,0.7608551005457165,-0.0731944444444444,-0.06898148148148148,0.3822109775664706,0.34703981457747207,0.1777885062901159,0.5815001431475796,0.029661812460574144,0.004212962962962918,0.022468053150046602,0.3458231694563049,0.1238165054778162,0.11156724762030455,0.0,0.9696366322269118,0.6389555719631603,0.29625964594125787,0.3063626760507589,0.39901984075077873,neutral,01,15,15,male,normal,1681
50,1.6683333333333334,True,1.0,0.48838370653408053,0.48265340924328176,0.48551855788868115,0.9038172788859652,-0.07481481481481489,-0.07078703703703704,0.3816605026766395,0.4120202513225182,0.17571007646889375,0.5371866296771022,0.005730297290798769,0.004027777777777852,0.02277582589737104,0.30746558756071046,0.12386902076563654,0.11150893894671722,0.0,0.7212214638915214,0.6426984235178447,0.2949687756813769,0.3044224076790799,0.3993442540884091,neutral,01,15,15,male,normal,1681
60,2.0020000000000002,True,1.0,0.4797553027682056,0.4844127612508689,0.48208403200953726,0.7877032076797285,-0.07416666666666671,-0.07064814814814813,0.3864041726416383,0.36757867724561627,0.17779322663045252,0.6120122748129615,0.004657458482663301,0.0035185185185185874,0.0210847537637687,0.35779033299889956,0.12443166352203468,0.11088074171600074,0.0,0.7029272115107464,0.6426481785448555,0.29438834359022836,0.30718802432257075,0.405953854250938,neutral,01,15,15,male,normal,1681
70,2.3356666666666666,True,1.0,0.4995536701064235,0.5048545604859572,0.5022041152961904,0.8672893299379216,-0.07374999999999993,-0.07009259259259265,0.37557732525947585,0.39297529971799205,0.17848290899188052,0.5790502638054326,0.00530089037953374,0.003657407407407276,0.02214226364712697,0.3080018612990069,0.12577108250675906,0.1093590991901876,0.0,0.9999999987499999,0.636191250734669,0.29576561817353847,0.30843735924047005,0.40024204786773,neutral,01,15,15,male,normal,1681
80,2.6693333333333333,True,1.0,0.5009786245741784,0.4846823540004209,0.49283048928729967,0.5989846135358585,-0.07259259259259265,-0.06861111111111107,0.3919052828253338,0.2668590000459578,0.17778164011680334,0.822776542419142,0.016296270573757488,0.003981481481481586,0.021190359922993063,0.45698519377101104,0.12422150760738261,0.11111613212361307,0.0,0.6617778906153807,0.6391559478166267,0.2951417624044288,0.3077418763113064,0.39991301448727157,neutral,01,15,15,male,normal,1681
90,3.003,True,1.0,0.5016043643128923,0.46293944212576854,0.48227190321933044,0.5989846135358579,-0.07287037037037042,-0.0690277777777778,0.39190528282533355,0.2798765122433218,0.17640445937537777,0.8051490678073311,0.03866492218712381,0.0038425925925926196,0.02254382609315785,0.44062208004560127,0.12654493260257949,0.10846270236013951,0.0,0.6934761877922543,0.639278457804997,0.29575331326800436,0.31217457097790946,0.4034654913333289,neutral,01,15,15,male,normal,1681
100,3.336666666666667,True,1.0,0.5226822473984013,0.5063732022338047,0.514527724816103,0.5211636494037748,-0.07231481481481489,-0.06930555555555556,0.3945111619744438,0.2538414878485942,0.17501569405074083,0.9872671000840839,0.016309045164596636,0.0030092592592593226,0.019435570184323812,0.5082610469639802,0.1250584984647537,0.11017327140569427,0.0,0.7651101800917041,0.640204440283926,0.2944356701319499,0.31094515642075815,0.40473255949227216,neutral,01,15,15,male,normal,1681
0,0.0,True,1.0,0.5108549426557762,0.4729239031420888,0.49188942289893256,0.6835050849715479,-0.07101851851851854,-0.06805555555555554,0.3780281041423341,0.3554226441852049,0.17222222222222228,0.7196572984082603,0.037931039513687426,0.0029629629629630005,0.002656020145292076,0.4050000000000003,0.12483259136750592,0.11042917143058815,0.0,0.9006597433602336,0.6452817960152811,0.2953611523917842,0.30068184371091317,0.39568764483160535,neutral,01,15,15,male,normal,1682
10,0.33366666666666667,True,1.0,0.5104713522748571,0.46574793145672433,0.4881096418657907,0.6974131078839981,-0.07166666666666671,-0.06884259259259268,0.3768418234569858,0.3623592813063631,0.1715282225678135,0.6998859590505127,0.04472342081813274,0.0028240740740740344,0.0007517973971535644,0.37497719309506095,0.12692617526795977,0.10801631266857871,0.0,0.8439503305688943,0.6437778479594962,0.29623820030439413,0.3020059263842539,0.39844626712280135,neutral,01,15,15,male,normal,1682
20,0.6673333333333333,True,1.0,0.4881475116305971,0.4656084656084653,0.47687798861953123,0.7191873824247501,-0.07111111111111118,-0.06884259259259257,0.37860260398952894,0.35959369121237506,0.1715282225678135,0.6630789141652216,0.022539046022131803,0.002268518518518614,0.002238215534972882,0.37146226415094286,0.12490517328797168,0.11034706818230765,0.0,0.7434761350525394,0.6412060108730993,0.29618206800302715,0.3016205244582447,0.395827573052205,neutral,01,15,15,male,normal,1682
30,1.0010000000000001,True,1.0,0.4748360275633385,0.45709330251944275,0.4659646650413906,0.8407975620111465,-0.07046296296296306,-0.06819444444444439,0.3737889979174034,0.41343669250645965,0.17013933730985414,0.5541936443379141,0.017742725043895735,0.0022685185185186696,0.0052322536714791085,0.3323152325571084,0.12355231213570642,0.11185975118991308,0.0,0.864105949131261,0.6407930291100815,0.2946075309335831,0.3005349395667734,0.396664394785624,neutral,01,15,15,male,normal,1682
40,1.3346666666666667,True,1.0,0.4815855087632945,0.4437154076627244,0.46265045821300943,0.7638634429475003,-0.0715277777777778,-0.06958333333333339,0.3879191158082269,0.3621085214777702,0.17500043596485873,0.6056716844934901,0.0378701011005701,0.0019444444444444153,0.002910874935414192,0.34949764597196603,0.12491399708448479,0.11033707945600112,0.0,0.5574970853666579,0.6381686725158814,0.29656273426972585,0.30438567950058604,0.39731734298052046,neutral,01,15,15,male,normal,1682
50,1.6683333333333334,True,1.0,0.4817872122513966,0.4729239031420877,0.47735555769674215,0.7714944323557092,-0.07148148148148153,-0.06944444444444448,0.3718210401281781,0.3581757750038985,0.18125042093162325,0.6187414162396057,0.008863309109308881,0.0020370370370370594,0.00730563487928953,0.35335407733567925,0.12533300663111838,0.10986089030842144,0.0,0.6839821142744105,0.6335197430378401,0.29701893219735326,0.30045044876167837,0.3898710741513913,neutral,01,15,15,male,normal,1682
60,2.0020000000000002,True,1.0,0.5253906781330859,0.5015859578779729,0.5134883180055294,0.7712418300653598,-0.07374999999999993,-0.0700925925925926,0.3906211455775225,0.36601307189542454,0.17638888888888893,0.6657941750410675,0.023804720255113043,0.0036574074074073315,0.006488111855361787,0.3622881355932199,0.12363677807805624,0.11176638527209236,0.0,0.6682120369691426,0.6425608430872349,0.2945155001717422,0.3029025861344597,0.3987022682499571,neutral,01,15,15,male,normal,1682
70,2.3356666666666666,True,1.0,0.5312018484488162,0.4930425703503752,0.5121222093995957,0.8484417233326959,-0.07236111111111115,-0.06930555555555556,0.38129094989786494,0.3703367846825062,0.17638888888888893,0.6036032827192533,0.03815927809844105,0.003055555555555589,0.009331661984144344,0.3218074322041897,0.12648608725796298,0.10853132036794205,0.0,0.749616265955842,0.6361719231364421,0.2968679916484808,0.30671698579073714,0.3978545182809977,neutral,01,15,15,male,normal,1682
80,2.6693333333333333,True,1.0,0.5104713522748571,0.4859236767061831,0.4981975144905201,0.73742182377212,-0.07212962962962965,-0.0700925925925926,0.38900104803549207,0.3226057736801952,0.1756944444444445,0.6755936676000444,0.024547675568673988,0.0020370370370370594,0.004233093783319804,0.35199796565642105,0.12468901386920762,0.11059126362774578,0.0,0.6719426751830184,0.6395568468090362,0.2965581740172161,0.3045303297878269,0.3981786085338839,neutral,01,15,15,male,normal,1682
90,3.003,True,1.0,0.5016270030635697,0.49363066185372867,0.4976288324586492,0.7109031700826678,-0.07189814814814816,-0.06898148148148153,0.38788339115227705,0.31593982411366395,0.17638932142096195,0.6999952362018335,0.007996341209840996,0.002916666666666623,0.00719121546895925,0.3749796566034526,0.12282700628824854,0.11265568914357278,0.0,0.7819485951443321,0.6411815981470713,0.2966478047823863,0.3019735642407021,0.4001365989612852,neutral,01,15,15,male,normal,1682
100,3.336666666666667,True,1.0,0.5362408974861375,0.5414578111868895,0.5388493543365135,0.7004940556804568,-0.07222222222222224,-0.0692592592592593,0.3924329226145856,0.3243028035557671,0.17430730635602565,0.7692418657472798,0.005216913700752057,0.002962962962962945,0.0071199605931424,0.38586129952687087,0.12625340609966335,0.10880190815827857,0.0,0.6828581336821158,0.6395689717762104,0.2965495773651173,0.30379679673392057,0.39743597050609114,neutral,01,15,15,male,normal,1682
0,0.0,True,1.0,0.4957174067883923,0.4732599948673168,0.48448870082785456,0.716555558703325,-0.07101851851851848,-0.06810185185185186,0.37612395496420875,0.3376079074659897,0.1708337799314538,0.6761355695915369,0.022457411921075532,0.002916666666666623,0.004723435629670777,0.36829088357714757,0.12643963487823598,0.10858543411789864,0.0,0.715271395545732,0.6441725844087636,0.29660206854031773,0.29461573167645605,0.3942810729406343,neutral,01,15,15,male,normal,1683
10,0.33366666666666667,True,1.0,0.48831650863949005,0.45878136200716885,0.4735489353233294,0.7241771485593158,-0.06967592592592592,-0.06851851851851853,0.37920025477200253,0.36208857427965846,0.16875045211166284,0.6539131154102442,0.029535146632321208,0.0011574074074073848,0.008818130615657956,0.36134199898135105,0.12450895792776209,0.11079394011526046,0.0,0.6510244096957118,0.6459826614942853,0.2961885982480361,0.2921740802611454,0.39427243289971664,neutral,01,15,15,male,normal,1683
20,0.6673333333333333,True,1.0,0.4593602981060499,0.45153869865748947,0.4554494983817697,0.7298224826309517,-0.06953703703703712,-0.06888888888888889,0.3749999999999996,0.3648906912185967,0.16736293455812778,0.6240551767327182,0.007821599448560423,0.000648148148148231,0.015688652498394642,0.3719201948718915,0.12450183866659884,0.11062986030729365,0.0,0.6436505242069734,0.6468247108843538,0.29557746706492305,0.29329885894783086,0.39599883237114275,neutral,01,15,15,male,normal,1683
30,1.0010000000000001,True,1.0,0.47415886243923444,0.4587345328491046,0.4664466976441695,0.9824597288123519,-0.07032407407407398,-0.06884259259259257,0.35979449402177266,0.4767656156866073,0.16597635928167098,0.4747743688263278,0.015424329590129848,0.001481481481481417,0.004310757539179592,0.2816245698970376,0.12129835842327254,0.1142999825628992,0.0,0.6484307128583344,0.6483581301426821,0.2959852176197224,0.2943074373439439,0.40137137074338836,neutral,01,15,15,male,normal,1683
40,1.3346666666666667,True,1.0,0.4452247631084109,0.4515386986574889,0.4483817308829499,0.7325943945893834,-0.067962962962963,-0.06546296296296295,0.3820443224571841,0.35271149912746924,0.17361506614418637,0.6120463577042059,0.006313935549077998,0.0025000000000000577,0.0016311593390790837,0.3650335381553454,0.12409524705978082,0.11125712304275462,0.0,0.6680171311350654,0.6405726390947003,0.2964025551828904,0.29993373781741123,0.3974829730030853,neutral,01,15,15,male,normal,1683
50,1.6683333333333334,True,1.0,0.4891668310810661,0.5015859578779729,0.49537639447951953,0.7852697409818219,-0.0681944444444445,-0.06629629629629635,0.3750172368799635,0.34439978365759566,0.1784722222222222,0.6308359645440444,0.012419126796906765,0.0018981481481481488,0.008689507991783281,0.3556787572442605,0.12330351315142156,0.1121339440801277,0.0,0.6028233833004744,0.6422412666238371,0.29738862153309037,0.2956824723949965,0.39030397826894264,neutral,01,15,15,male,normal,1683
60,2.0020000000000002,True,1.0,0.5045839976556964,0.47306556021704604,0.4888247789363712,0.8054778704639483,-0.06726851851851856,-0.06472222222222229,0.37204942565423255,0.3680200615050794,0.17500043596485873,0.6068754920042836,0.03151843743865035,0.0025462962962962687,0.0026354783007607363,0.3588362068965511,0.12128426772812809,0.11431493415855322,0.0,0.7142153133510748,0.6414944837700706,0.29827349241916484,0.3002307228977437,0.3978059001562251,neutral,01,15,15,male,normal,1683
70,2.3356666666666666,True,1.0,0.5182903310843014,0.5017192868838259,0.5100048089840636,0.8611111111111116,-0.06912037037037039,-0.06537037037037041,0.37414265544079095,0.38888888888888984,0.1777794943832596,0.5922636491427833,0.016571044200475504,0.0037499999999999756,0.005506351164751929,0.3266129032258065,0.12422584240071742,0.11111128588211189,0.0,0.6603638914194174,0.6382090549188426,0.2990892613400074,0.3039888444271024,0.3987273851086181,neutral,01,15,15,male,normal,1683
80,2.6693333333333333,True,1.0,0.5470047088020368,0.5218381282453696,0.5344214185237032,0.6866196437480017,-0.06898148148148153,-0.06611111111111112,0.3836757051909642,0.3231151264696479,0.17500174385291856,0.7783369197049113,0.025166580556667206,0.002870370370370412,0.007221096081529081,0.39754267299883084,0.12373585066560769,0.11165669272613735,0.0,0.7544548669763319,0.640455416846426,0.2958116973498457,0.2991463531270045,0.3950150943274547,neutral,01,15,15,male,normal,1683
90,3.003,True,1.0,0.50711369476037,0.47216930882463654,0.4896415017925033,0.6661546338210281,-0.06958333333333327,-0.06560185185185186,0.3943174765487176,0.29389175021515956,0.1743055555555556,0.7350267894767094,0.03494438593573351,0.003981481481481419,0.006200388931273117,0.3975426729988316,0.12234361095103667,0.1131804692943569,0.0,0.7785590659445226,0.6403480050848466,0.29751447884713983,0.2993943718112635,0.4008710649062484,neutral,01,15,15,male,normal,1683
100,3.336666666666667,True,1.0,0.5098227762476466,0.493761876223608,0.5017923262356273,0.6582079669034668,-0.07124999999999998,-0.06768518518518529,0.3913101804821615,0.3027756647755948,0.17569487868612624,0.7623613682409597,0.016060900024038594,0.0035648148148146874,0.004546699591547658,0.4054935264588082,0.12431050244239761,0.1110165607151014,0.0,0.6468221746041166,0.6421541535442302,0.2960685015194078,0.29991746540324704,0.3969036929049141,neutral,01,15,15,male,normal,1683
0,0.0,True,1.0,0.45045840546208904,0.4445861597418688,0.4475222826019789,0.5295685435500179,-0.06726851851851862,-0.06689814814814815,0.400068712612963,0.29785285641982046,0.16111537299237588,0.8450696100677858,0.005872245720220215,0.0003703703703704653,0.020521720195774827,0.5068167980499679,0.125057758842362,0.11017411095154989,0.0,0.6128070643882981,0.6525563071165967,0.2935281966490642,0.2955592545714725,0.39379856356498155,calm,02,15,15,male,normal,1684
10,0.33366666666666667,True,1.0,0.441141178178293,0.406779661016949,0.423960419597621,0.5473065933439216,-0.06745370370370368,-0.06662037037037033,0.39612711890483143,0.30699675904930235,0.1611130052944805,0.7746305722489419,0.034361517161344,0.0008333333333333526,0.0099633731841662,0.4938559631882572,0.12466478650827327,0.11061857337385095,0.0,0.7828229892612073,0.6517879760029012,0.2946559486418573,0.2967588421298818,0.3986830442218741,calm,02,15,15,male,normal,1684
20,0.6673333333333333,True,1.0,0.4286602998424071,0.40016734320524927,0.4144138215238282,0.5919570824054968,-0.07138888888888878,-0.07087962962962957,0.4010595608839554,0.2761603518261328,0.16320192432621888,0.7000740996962181,0.02849295663715784,0.0005092592592592093,0.006441819232961948,0.43792717947897997,0.12428235181561939,0.11087637642890284,0.0,0.6679597307873615,0.6521549423597565,0.2959311771826681,0.29375203697262847,0.3963304762013315,calm,02,15,15,male,normal,1684
30,1.0010000000000001,True,1.0,0.4645302436277515,0.47319888922290027,0.4688645664253259,0.8426363507797746,-0.07819444444444446,-0.08287037037037032,0.4005318019668901,0.4080889394801494,0.1743073063560256,0.5564257535192249,0.008668645595148738,0.004675925925925861,0.009163249451839307,0.32514508301241535,0.12172447396211586,0.11384608121796697,0.0,0.7039027320511821,0.6496789441557874,0.2978444763905827,0.29815796818184104,0.4105716204448412,calm,02,15,15,male,normal,1684
40,1.3346666666666667,True,1.0,0.41226413552422037,0.41525028656194407,0.4137572110430822,0.7345808846408421,-0.09296296296296297,-0.09550925925925918,0.3936712599129218,0.3672904423204211,0.18958494304490606,0.5632561637448272,0.0029861510377237055,0.0025462962962962132,0.010286820427503314,0.36818181818181783,0.12733233510285874,0.10753722242968149,0.0,0.6593321702104348,0.5833574531609519,0.27966849105389296,0.3365831651597782,0.3739710079948351,calm,02,15,15,male,normal,1684
50,1.6683333333333334,True,1.0,0.45723449638362756,0.4444444444444452,0.4508394704140364,0.8435346579887696,-0.08902777777777776,-0.0910185185185185,0.40646281828617903,0.3642403739113505,0.1923611111111111,0.5344646673901556,0.012790051939182367,0.0019907407407407374,0.011652957193571888,0.32385187478230343,0.12235859259322929,0.1131642725811734,0.0,0.6311945332837767,0.644509084626038,0.2995066924044733,0.3094021077057619,0.4094639470579087,calm,02,15,15,male,normal,1684
60,2.0020000000000002,True,1.0,0.5039793635681977,0.4799812565753133,0.4919803100717555,0.7881766676613676,-0.0918518518518518,-0.09203703703703708,0.416693247281855,0.26898092626538733,0.20694591911410634,0.6242005507870858,0.023998106992884405,0.00018518518518528815,0.0016549950928338329,0.35749541681127633,0.12025639833080473,0.1153957383548263,0.0,0.7950740172936464,0.6408737243412991,0.2980801378442214,0.3109873416342757,0.40320775283538757,calm,02,15,15,male,normal,1684
70,2.3356666666666666,True,1.0,0.4671390621757903,0.42940200741554024,0.44827053479566525,0.6974358974358983,-0.10055555555555551,-0.09907407407407398,0.38322270300422373,0.32820512820512815,0.2049147322715695,0.6427408403320193,0.03773705476025008,0.001481481481481528,0.0026032433992377174,0.38602941176470545,0.12314651707662602,0.11230633598424626,0.0,0.6461364378164314,0.6467585698967087,0.29660704718731046,0.3163314500898639,0.4102931681942969,calm,02,15,15,male,normal,1684
80,2.6693333333333333,True,1.0,0.4942790177630455,0.4506084033094479,0.4724437105362467,0.7413973638822154,-0.09407407407407409,-0.093287037037037,0.43005993476723164,0.322082461358667,0.1944585692104391,0.6372341386033078,0.0436706144535976,0.000787037037037086,0.004253740666596751,0.3600045933633021,0.12126170727425235,0.11433886530302989,0.0,0.7129452742783255,0.6459889097123224,0.2979656783285338,0.3159074505408294,0.42194059389635463,calm,02,15,15,male,normal,1684
90,3.003,True,1.0,0.4447373162969822,0.43597906176448115,0.44035818903073165,0.6368198347150544,-0.08967592592592594,-0.08953703703703697,0.4280308425557268,0.2694080144123484,0.19097861416070602,0.6914957182949087,0.008758254532501064,0.0001388888888889661,0.005605311234943277,0.4218503194945944,0.12707988609617177,0.10783543165642576,0.0,0.6024716688429897,0.5788190173256802,0.2804262326993395,0.32642271197130013,0.36241071846213213,calm,02,15,15,male,normal,1684
100,3.336666666666667,True,1.0,0.4518362453516182,0.45762766188581366,0.45473195361871593,0.5966072185424247,-0.08944444444444438,-0.08884259259259258,0.4303318474827387,0.22524966414356876,0.18958695516515212,0.7621965331389633,0.005791416534195459,0.0006018518518517979,0.008350905808390518,0.43670161280395164,0.12324036319126838,0.1122033450952401,0.0,0.7989014140240781,0.6439236054343611,0.2968242955875766,0.30610358945000155,0.40117591228960564,calm,02,15,15,male,normal,1684
0,0.0,True,1.0,0.545989164665468,0.5017118834371562,0.523850524051312,0.5185663593544009,-0.07550925925925922,-0.070462962962963,0.40387491131066916,0.18142648436641845,0.18615210035902052,1.0101899488881034,0.04427728122831176,0.0050462962962962155,0.013471440563330548,0.47858890041837937,0.12475534468333595,0.11051643200606853,0.0,0.6662902464029392,0.6430573340039141,0.2969230279018627,0.3006815591289067,0.40095657019161246,calm,02,15,15,male,normal,1685
10,0.33366666666666667,True,1.0,0.5236193671252075,0.4873882595158829,0.5055038133205452,0.5354180174939611,-0.07421296296296304,-0.06976851851851851,0.40117670964015417,0.20886500414003153,0.1812769376534147,0.9441292537867324,0.03623110760932463,0.004444444444444529,0.010270256844998027,0.4806210668027792,0.12060007584882954,0.11487077751790634,0.0,0.6898938098753493,0.648017463407238,0.2959280211750119,0.29499235987571637,0.4045668448033152,calm,02,15,15,male,normal,1685
20,0.6673333333333333,True,1.0,0.497428042041051,0.4729239031420888,0.4851759725915699,0.543516604815631,-0.07550925925925928,-0.0722222222222223,0.3930113817304759,0.2452452972948585,0.17988825674602393,0.8926608097946683,0.02450413889896219,0.0032870370370369772,0.004550190458454962,0.48018292682926905,0.1233620759753256,0.11206951405852356,0.0,0.678075961603914,0.6504715280877976,0.2954203312205138,0.29662808467833546,0.4037497627520985,calm,02,15,15,male,normal,1685
30,1.0010000000000001,True,1.0,0.5185589496197908,0.4577566785009705,0.4881578140603806,0.8548180438171028,-0.08240740740740737,-0.08050925925925922,0.3902102385776613,0.3539344262360424,0.18613119697045138,0.5710663428214052,0.06080227111882025,0.0018981481481481488,0.0007287995496431756,0.32555789743230645,0.12221355286287619,0.11332089510217909,0.0,0.6745670692395969,0.6482046587853891,0.2972336393787407,0.3000361658051725,0.40773211243994084,calm,02,15,15,male,normal,1685
40,1.3346666666666667,True,1.0,0.44456173377286456,0.42191074429980635,0.43323623903633546,0.8478981416861633,-0.09162037037037041,-0.09050925925925923,0.38003481632643726,0.38290598290598266,0.19445072224488813,0.5109531649341571,0.022650989473058214,0.0011111111111111738,0.0012220732647066702,0.3175272547423756,0.12053353615278006,0.11510623107509571,0.0,0.7864701529834558,0.6458299632743723,0.29579173256427926,0.3041705381722864,0.40827951136435425,calm,02,15,15,male,normal,1685
50,1.6683333333333334,True,1.0,0.4374657390082058,0.42920512505060454,0.43333543202940517,0.8435346579887696,-0.08962962962962967,-0.08861111111111114,0.40293297184610577,0.3514600099144601,0.19169214051731778,0.5137138443873807,0.008260613957601248,0.0010185185185185297,0.005851834147143082,0.31569323433527513,0.12070479160001811,0.11492663335699542,0.0,0.713347180064546,0.6468312833727241,0.2978093447303529,0.30502325886423504,0.40803338387995725,calm,02,15,15,male,normal,1685
60,2.0020000000000002,True,1.0,0.43068565788697083,0.4298926520745523,0.4302891549807616,0.7564742997990969,-0.09273148148148153,-0.0920833333333333,0.4085329214485546,0.2836653969340414,0.20000610342249553,0.5688086893302747,0.0007930058124185346,0.000648148148148231,0.005528633311343466,0.3656089335541766,0.12135219595332558,0.11424282168892731,0.0,0.7025230497600502,0.6460373639612095,0.2974115751181158,0.30838717741684984,0.4092351187535876,calm,02,15,15,male,normal,1685
70,2.3356666666666666,True,1.0,0.4670220278389752,0.4790866978153493,0.47305436282716223,0.6948227672231272,-0.09648148148148145,-0.09509259259259256,0.38877054225253643,0.2806015021478005,0.2062736728838656,0.6808273780632337,0.01206466997637412,0.001388888888888884,0.004909358972242568,0.38942307692307726,0.12078730793660769,0.114839906005657,0.0,0.7071067807446058,0.6476577416591637,0.2976793677006135,0.3081678123231021,0.4040132941214786,calm,02,15,15,male,normal,1685
80,2.6693333333333333,True,1.0,0.48033865034933454,0.4873882595158829,0.48386345493260874,0.6470056179671588,-0.08819444444444458,-0.08606481481481482,0.4347653878178965,0.22763777503559213,0.20348572033465126,0.7478504691394643,0.007049609166548343,0.002129629629629759,0.01148429259440362,0.4182868255501752,0.12067074512412578,0.1149623809825786,0.0,0.7400877928944533,0.6413610803774636,0.29931497900112053,0.32026959083710144,0.41593555752545136,calm,02,15,15,male,normal,1685
90,3.003,True,1.0,0.48832068887159197,0.46542319546208716,0.4768719421668396,0.6654362526601539,-0.08560185185185193,-0.08361111111111114,0.42646904332717,0.2402833887171769,0.19514240760994464,0.7166305416341415,0.02289749340950481,0.001990740740740793,0.01067323874593923,0.41705536019217937,0.12226228308029428,0.11326831819246175,0.0,0.7458541224497585,0.644669161727191,0.29987984750093144,0.31491094380686646,0.4141492974406868,calm,02,15,15,male,normal,1685
100,3.336666666666667,True,1.0,0.4956923478640565,0.4650079534531088,0.48035015065858266,0.6835494245356214,-0.08574074074074073,-0.0824537037037037,0.42138024938028606,0.23613525574866853,0.19167661779251202,0.7027292152062231,0.030684394410947724,0.0032870370370370328,0.012267780018834268,0.4094947501656442,0.12123398859686807,0.11436825511938357,0.0,0.6434952331091365,0.6455441494332107,0.299698557793334,0.30986344383703807,0.41282862942006443,calm,02,15,15,male,normal,1685
0,0.0,True,1.0,0.3020420543355112,0.2859091155684394,0.2939755849519753,0.5445996509351367,-0.09046296296296297,-0.08643518518518523,0.40319678773073475,0.23988317957857225,0.17640445937537771,0.5398012731869866,0.01613293876707178,0.004027777777777741,0.0015160742659154948,0.49610738510597546,0.12488031468333936,0.11037520000004368,0.0,0.6249315015374899,0.6474628489755276,0.29441653807924884,0.2976459495128082,0.392502348518559,calm,02,15,15,male,normal,1686
10,0.33366666666666667,True,1.0,0.392080264571861,0.4075001746709382,0.3997902196213996,0.5282300603059596,-0.07657407407407407,-0.07500000000000001,0.40921663738866054,0.21900161030595844,0.17571007646889375,0.7568486719400908,0.015419910099077172,0.001574074074074061,0.005869680361885954,0.48013774198858516,0.1271595437524747,0.1077414878457686,0.0,0.7041700068777843,0.5866527826521234,0.27756172579302424,0.3097919316899604,0.3574765649637229,calm,02,15,15,male,normal,1686
20,0.6673333333333333,True,1.0,0.3986530448919929,0.40677829887911643,0.4027156718855547,0.5260717264199373,-0.07625000000000004,-0.07453703703703701,0.4010986127831789,0.2498593659379298,0.17084941013020874,0.7655147609360144,0.008125253987123549,0.0017129629629630272,0.0019952193226657256,0.47873081554584407,0.1295612403021554,0.10484113115707334,0.0,0.8580473060083417,0.5855927383922319,0.2765207034092515,0.311133200778381,0.35840782010039496,calm,02,15,15,male,normal,1686
30,1.0010000000000001,True,1.0,0.40531032378566967,0.3805184760300716,0.39291439990787064,0.7928532706163883,-0.08953703703703703,-0.08930555555555553,0.39024092753643547,0.39640861989382203,0.18613119697045138,0.4955701319140766,0.024791847755598062,0.00023148148148149916,0.00969498121180164,0.3341014342944314,0.12270641435154199,0.11278702783127102,0.0,0.742590434590073,0.6456277738673595,0.2956531277014777,0.30016857861118446,0.4052392942759273,calm,02,15,15,male,normal,1686
40,1.3346666666666667,True,1.0,0.24037209759582687,0.24297918336793778,0.24167564048188234,0.7387009389028989,-0.09643518518518512,-0.09569444444444442,0.4022511859813293,0.3369348995376334,0.18960305135840613,0.3271630341242198,0.002607085772110912,0.0007407407407407085,0.001856055477830357,0.3552458603764154,0.1263458319646847,0.10869456525420577,0.0,0.6661547313997073,0.5742652907881902,0.27919110598188784,0.3095105879471969,0.34538239751127964,calm,02,15,15,male,normal,1686
50,1.6683333333333334,True,1.0,0.41408838323488134,0.43549710340101894,0.42479274331795014,0.8269376061441674,-0.0888888888888888,-0.08902777777777776,0.4210387746300011,0.33323176924403786,0.18682556675428655,0.5136938266705121,0.021408720166137596,0.0001388888888889661,0.0005246121975132039,0.3190186079635987,0.1292771566995152,0.10519122837274332,0.0,0.7957248114316106,0.5798439371842488,0.27989857072168833,0.3221440080312628,0.3685218133345435,calm,02,15,15,male,normal,1686
60,2.0020000000000002,True,1.0,0.45169226798441336,0.43597906176448137,0.44383566487444737,0.6102738440715779,-0.09666666666666662,-0.09444444444444433,0.3962161370709368,0.35154451916854346,0.20070812936930757,0.7272729598130879,0.015713206219931997,0.002222222222222292,0.009831755289350283,0.44018448206164323,0.12050902248327583,0.11513189510300738,0.0,0.7071067807446058,0.6473793806272509,0.29636146554163734,0.3176515952385268,0.4198679595914931,calm,02,15,15,male,normal,1686
70,2.3356666666666666,True,1.0,0.2100662715920656,0.19345701266180526,0.20176164212693543,0.718954248366013,-0.08375000000000005,-0.08430555555555552,0.4047392442588771,0.32679738562091504,0.17361286891471228,0.28063210223110113,0.01660925893026033,0.0005555555555554759,0.0023014187172129357,0.37884563953547323,0.12540541705486907,0.10977822709358694,0.0,0.6902397691301357,0.5767264736754076,0.28162691534908574,0.3278587982211265,0.3585661029951119,calm,02,15,15,male,normal,1686
80,2.6693333333333333,True,1.0,0.43026556320241105,0.44730397415933026,0.4387847686808707,0.8104908707294207,-0.09842592592592592,-0.0963888888888888,0.3995578276940554,0.36601307189542454,0.19724117659584228,0.5413815065997916,0.017038410956919214,0.002037037037037115,0.008933759218065572,0.35381608385578917,0.1236403132015772,0.11176247456923975,0.0,0.8070671784425891,0.6460931006699555,0.2991659500942033,0.3208356270377225,0.42409542233459174,calm,02,15,15,male,normal,1686
90,3.003,True,1.0,0.43750383747664034,0.44892727393571363,0.443215555706177,0.7601394993278815,-0.09407407407407409,-0.09342592592592586,0.4080414332028635,0.354237917796341,0.1930571363157205,0.583071339008261,0.011423436459073288,0.000648148148148231,0.007736497287473551,0.35309700557313684,0.12726879438611632,0.10761241446132867,0.0,0.7071067807446058,0.5729975790237971,0.28106249590356935,0.33455689966162677,0.3713373244637479,calm,02,15,15,male,normal,1686
100,3.336666666666667,True,1.0,0.45159828297314425,0.43627588102724146,0.4439370820001929,0.6886119104255665,-0.09115740740740735,-0.09134259259259248,0.4186718538449822,0.300469483568075,0.1909758177139437,0.6446840016546287,0.015322401945902786,0.00018518518518512161,0.006349398143662689,0.3681625643156329,0.12748726981617844,0.1073534992706254,0.0,0.6773091659947685,0.5750917073704481,0.28074925059329486,0.32625410814055167,0.362637129898345,calm,02,15,15,male,normal,1686
110,3.6703333333333332,True,1.0,0.43767799381607686,0.43611803053131204,0.43689801217369445,0.6934956828399326,-0.09023148148148152,-0.09064814814814809,0.4145642296841561,0.31520882584712373,0.18888888888888888,0.6299938456495567,0.0015599632847648204,0.00041666666666656527,0.00347251059429012,0.37838930221328876,0.1286473242027025,0.10596057637841318,0.0,0.6077922208260944,0.5750763310011506,0.2803371033256074,0.3217570108424572,0.358220618226678,calm,02,15,15,male,normal,1686
0,0.0,True,1.0,0.42731598262639614,0.4081721493274977,0.4177440659769469,0.5389538871472428,-0.07874999999999999,-0.07847222222222222,0.4047001000190029,0.29565609828751793,0.17015503129913073,0.7751016848363852,0.01914383329889846,0.0002777777777777657,0.012665695348389941,0.46883063479276715,0.12864384601591802,0.10596479912203828,0.0,0.8066582619123635,0.5918359956951531,0.2777443442536409,0.30482214244922673,0.348952900829494,calm,02,15,15,male,normal,1687
10,0.33366666666666667,True,1.0,0.4273159826263951,0.41463284855511173,0.42097441559075344,0.550940793750735,-0.07902777777777781,-0.0778240740740741,0.39582998855672225,0.28890797721075073,0.1673684047799813,0.7641010075235363,0.012683134071283353,0.0012037037037037068,0.013243777446728614,0.46710063282955355,0.12831541825301665,0.10618298951161681,0.0,0.8518817254065287,0.5905511426289267,0.27673115129462705,0.3088491976376231,0.35377867276365654,calm,02,15,15,male,normal,1687
20,0.6673333333333333,True,1.0,0.390123075813836,0.39327564076619964,0.3916993582900178,0.5520402876148705,-0.07893518518518516,-0.07842592592592595,0.3927303655964282,0.2961888659305105,0.16875406896136047,0.709548500495105,0.0031525649523636567,0.0005092592592592093,0.014884403485367825,0.452701299589237,0.1299229891541323,0.10439250289284704,0.0,0.6086084712300388,0.5852974248214912,0.27831112675303504,0.3060890383897351,0.35100711739094415,calm,02,15,15,male,normal,1687
30,1.0010000000000001,True,1.0,0.4188145185898201,0.4154011951700071,0.4171078568799136,0.8734256404134556,-0.08824074074074079,-0.08976851851851858,0.3754653810458442,0.43669484802461844,0.18056231624629018,0.47755394114886096,0.003413323419812986,0.0015277777777777946,0.015779151230736824,0.30887641634857405,0.1209848074660029,0.11463181989453483,0.0,0.9999999987499999,0.6422060678646458,0.30233622196940524,0.3003716597819249,0.39073422224375276,calm,02,15,15,male,normal,1687
40,1.3346666666666667,True,1.0,0.44700941209143347,0.42868632028191717,0.4378478661866753,0.749031918842967,-0.09324074074074068,-0.09402777777777777,0.4024529726245931,0.4007782665675254,0.1791670924928321,0.5845516795372631,0.0183230918095163,0.000787037037037086,0.012464752137616022,0.3458231694563055,0.12420550698757733,0.111134017313868,0.0,0.8049308751657577,0.6463546540178571,0.30051286347317746,0.30866202828030753,0.39704622282753627,calm,02,15,15,male,normal,1687
50,1.6683333333333334,True,1.0,0.23836457269992098,0.23610610742345192,0.23723534006168645,0.8078613863758077,-0.10180555555555554,-0.10208333333333336,0.4181674977560569,0.3852733120109865,0.1770872108184554,0.29365847169148807,0.002258465276469057,0.0002777777777778212,0.011388264983538425,0.320549692384774,0.1257952542898913,0.1093312936392085,0.0,0.6527729750698048,0.6429592211962909,0.3016369397395941,0.3109624438465589,0.39795481054344817,calm,02,15,15,male,normal,1687
60,2.0020000000000002,True,1.0,0.45775702882713104,0.4576276618858148,0.4576923453564729,0.8807243251148973,-0.09203703703703708,-0.09384259259259253,0.408368478871165,0.40205644089657877,0.18612135926937018,0.5196771933110437,0.0001293669413162668,0.0018055555555554492,0.01128535369616259,0.3016204124135613,0.1219976207990583,0.11355332795383047,0.0,0.6816675807557304,0.6366164284620098,0.30275485714726735,0.30788806222165194,0.39940940828778415,calm,02,15,15,male,normal,1687
70,2.3356666666666666,True,1.0,0.49544412487691863,0.4872549305100308,0.49134952769347473,0.6846786439002432,-0.09361111111111114,-0.09495370370370365,0.3917567810768732,0.3356063739370543,0.19097382022690002,0.7176352469452277,0.008189194366887809,0.0013425925925925064,0.009563819072103784,0.3754894353906111,0.12279821138729664,0.11217871994058183,0.0,0.7071067807446058,0.6382961373924569,0.3017632507410192,0.30946239581269536,0.3894725873069388,calm,02,15,15,male,normal,1687
80,2.6693333333333333,True,1.0,0.47250394289000347,0.4303895422254756,0.45144674255773953,0.7387168551531181,-0.09291666666666659,-0.09425925925925926,0.42343858950283486,0.3570464799906743,0.18473254743001213,0.6111228401092399,0.04211440066452787,0.001342592592592673,0.0075435453518289675,0.3566396504565602,0.12448869792195885,0.11081670388606947,0.0,0.6291299736722523,0.637463231777086,0.30160920333508046,0.3161982072540113,0.4049933656464234,calm,02,15,15,male,normal,1687
90,3.003,True,1.0,0.43549710340101827,0.4444035054811619,0.43995030444109007,0.7011247076740658,-0.08736111111111111,-0.0901851851851852,0.42598729001890207,0.32594561606094546,0.18194444444444446,0.6274922273108813,0.00890640208014365,0.00282407407407409,0.017603605356767697,0.37539187991343664,0.1268034838459787,0.10816031737681178,0.0,0.691911479385105,0.5887718898027963,0.2793974593883231,0.31061888788813224,0.3591416191120988,calm,02,15,15,male,normal,1687
100,3.336666666666667,True,1.0,0.4570933025194421,0.44427307584565223,0.45068318918254713,0.6929146115214886,-0.08976851851851853,-0.09032407407407411,0.4223804167723507,0.3340164362774969,0.18055597810614288,0.6504166338662504,0.012820226673789847,0.0005555555555555869,0.01565695186391287,0.3720054795276074,0.12468658625032537,0.11059400064986251,0.0,0.7137541481967687,0.6369746089998499,0.30245224393890063,0.3119610065457254,0.39866113447252505,calm,02,15,15,male,normal,1687
0,0.0,True,1.0,0.4671390621757902,0.422407169711844,0.4447731159438171,0.5478410280028507,-0.07388888888888889,-0.07083333333333341,0.39016337146383284,0.2672395258550492,0.17294490231316761,0.8118652915887539,0.04473189246394621,0.003055555555555478,0.006308273551881948,0.4808019625749689,0.12523891957652597,0.1099681353562225,0.0,0.8532386153192432,0.6400367870273109,0.2950252078636495,0.30369314423710747,0.40397620019520414,calm,02,15,15,male,strong,1688
10,0.33366666666666667,True,1.0,0.4976583998019387,0.45153869865748886,0.4745985492297138,0.5519883410523155,-0.07314814814814813,-0.06925925925925924,0.38718982373964705,0.2557994751218048,0.17294490231316761,0.8597981405276329,0.046119701144449854,0.003888888888888886,0.002142764404448253,0.46646341463414503,0.12344157200124355,0.11198194529516727,0.0,0.665738725280412,0.6410333674719888,0.2945791068657524,0.30377381912719575,0.40454677440158565,calm,02,15,15,male,strong,1688
20,0.6673333333333333,True,1.0,0.49810441020344165,0.44426184840620364,0.47118312930482265,0.5211712753271075,-0.0725925925925926,-0.06870370370370377,0.3889437612685707,0.22715359697679197,0.17087798736771292,0.9040849939572929,0.05384256179723801,0.0038888888888888307,0.0022197434420058843,0.4766021353942936,0.12411039024842282,0.1112402301447404,0.0,0.6675000594513989,0.6445168498727616,0.2939441680088569,0.3061041990300224,0.40735423268018545,calm,02,15,15,male,strong,1688
30,1.0010000000000001,True,1.0,0.42998350690049014,0.4220238572643865,0.42600368208243833,0.8286644875088134,-0.07805555555555554,-0.07856481481481487,0.3900588664048051,0.3541872406287678,0.17648618189208867,0.5140846367908429,0.007959649636103627,0.0005092592592593204,0.014085843282055479,0.3360727447492092,0.12288826207898014,0.11258886629475773,0.0,0.6324815066639153,0.6454430853435125,0.2941238589569237,0.3005344768347286,0.4060509741847611,calm,02,15,15,male,strong,1688
40,1.3346666666666667,True,1.0,0.4219944068583571,0.4229062829765946,0.42245034491747585,0.7352097088754171,-0.0844907407407407,-0.08805555555555561,0.39002932551319647,0.3475355054302422,0.18478168750979101,0.574598430648664,0.000911876118237509,0.0035648148148149095,0.01206311109934991,0.3583972652964535,0.1229650800018274,0.11250496375809409,0.0,0.9999999987499999,0.6424027892954057,0.29405921784938976,0.3002473501146717,0.40453011121945903,calm,02,15,15,male,strong,1688
50,1.6683333333333334,True,1.0,0.42920022579046185,0.4142408054082446,0.4217205155993532,0.8383015529371606,-0.08773148148148141,-0.08935185185185185,0.4053940890666747,0.3999677539626837,0.18130092563129852,0.5030654113925583,0.014959420382217259,0.0016203703703704386,0.003995515661874062,0.3152378853913574,0.1252978404589421,0.1099009961143873,0.0,0.6481860239614625,0.632639375797194,0.29975666358831077,0.31531584960593273,0.40143491105431445,calm,02,15,15,male,strong,1688
60,2.0020000000000002,True,1.0,0.45936029810605045,0.4648687091874962,0.4621145036467733,0.9019607843137258,-0.08870370370370367,-0.0899537037037037,0.39761247401593497,0.3790849673202613,0.18892160269492647,0.5123443409996833,0.00550841108144573,0.0012500000000000289,0.002330378669713866,0.31793478260869557,0.12248163849840432,0.11303108422428791,0.0,0.8346307402354546,0.6453784848079857,0.2966117040221209,0.30327154592709227,0.4080352621953362,calm,02,15,15,male,strong,1688
70,2.3356666666666666,True,1.0,0.4598772995056105,0.4368340922902292,0.44835569589791985,0.703089038337088,-0.09662037037037036,-0.0954166666666666,0.39526610800739265,0.3250128573445025,0.2007799599219375,0.6376940493317161,0.023043207215381334,0.0012037037037037623,0.005777665118149677,0.39268867924528295,0.12146996678718767,0.11411759259072254,0.0,0.7071067807446058,0.6426621607783738,0.29497744682166827,0.3049583116007786,0.4062323579409331,calm,02,15,15,male,strong,1688
80,2.6693333333333333,True,1.0,0.4665904449397564,0.45078177860605745,0.4586861117729069,0.7491459518666135,-0.09638888888888891,-0.09462962962962962,0.40930125959538993,0.323783419874553,0.1965526216138355,0.6122787030084315,0.01580866633369893,0.0017592592592592937,0.0009450354438040027,0.36268439029480765,0.12326552256364186,0.11217570466670132,0.0,0.7045083229115,0.6453490598583184,0.29553366661009983,0.31265445579867607,0.4158869563125211,calm,02,15,15,male,strong,1688
90,3.003,True,1.0,0.4813558125215914,0.47247537316866994,0.47691559284513063,0.7259070644292276,-0.09064814814814814,-0.08884259259259258,0.4150601300912283,0.2878596979633142,0.19238054442833313,0.6569926319977667,0.008880439352921432,0.0018055555555555602,0.005529752606940842,0.37862552060623145,0.1235954707083376,0.111812062814302,0.0,0.6999601542232035,0.6399449683467137,0.296742371324967,0.311266205190368,0.41515182000431944,calm,02,15,15,male,strong,1688
100,3.336666666666667,True,1.0,0.47400448569599757,0.47292390314208826,0.4734641944190429,0.7177988251365105,-0.08750000000000002,-0.08472222222222225,0.4099614637469927,0.27703167144106644,0.19169214051731784,0.6596056970823264,0.001080582553909304,0.002777777777777768,0.007479246676052845,0.38524931516233535,0.12286223705959294,0.11261726543907832,0.0,0.7071067807446058,0.6410898556531989,0.29737820177885194,0.3130929756413812,0.4143583227133404,calm,02,15,15,male,strong,1688
0,0.0,True,1.0,0.47415886243923444,0.4663023679417122,0.4702306151904733,0.5333389359038542,-0.07023148148148156,-0.06907407407407412,0.3835114084155803,0.30766354073181823,0.1652782393875586,0.8816731416647265,0.007856494497522237,0.0011574074074074403,0.005073969280902888,0.4759120401993429,0.1302345277984344,0.10400358426603834,0.0,0.6762622902494858,0.5948928521721187,0.2748951600769688,0.30555012719529373,0.35421127170852995,calm,02,15,15,male,strong,1689
10,0.33366666666666667,True,1.0,0.4283147212576932,0.4218704830539615,0.42509260215582734,0.5833804647237152,-0.07231481481481483,-0.07199074074074069,0.38538859733046005,0.35271149912747035,0.16250046950052366,0.7286713009102013,0.006444238203731689,0.00032407407407414324,0.00825535516327852,0.45780966802491846,0.12750910476266825,0.1073275639018915,0.0,0.9999999987499999,0.5990090280096414,0.2753538689219288,0.2947218826539578,0.34100568591316527,calm,02,15,15,male,strong,1689
20,0.6673333333333333,True,1.0,0.4286602998424077,0.41559979367032074,0.42213004675636423,0.710091146923665,-0.07481481481481483,-0.07249999999999995,0.38035648161029945,0.40964400300858966,0.16042094699714268,0.5944730455874044,0.013060506172086983,0.0023148148148148806,0.018387855722720812,0.389874811828235,0.1253648084218479,0.10982459915611453,0.0,0.7071067807446058,0.6412487402851765,0.29929191552918694,0.3048975236733068,0.38837028596215967,calm,02,15,15,male,strong,1689
30,1.0010000000000001,True,1.0,0.4124127188388571,0.40732322501761853,0.4098679719282378,0.923023948060243,-0.07898148148148149,-0.07925925925925925,0.377290356046965,0.48215969712063306,0.16947325859287188,0.4440491200575946,0.005089493821238578,0.0002777777777777657,0.011732841034191657,0.2942117279569663,0.12345106643670609,0.11180119864453189,0.0,0.7071067807446058,0.6391272174729267,0.29940466013347716,0.3080493528425428,0.39621547441737087,calm,02,15,15,male,strong,1689
40,1.3346666666666667,True,1.0,0.4149673881491721,0.4302694719190587,0.42261843003411537,0.7844916652732407,-0.08504629629629618,-0.08620370370370367,0.3773529141475984,0.3715289589344158,0.19166706472162018,0.5387162779950201,0.015302083769886565,0.0011574074074074958,0.01980621592978805,0.3359192446055145,0.12056923341863925,0.11457105166635709,0.0,0.9999999987499999,0.6435615616793593,0.2935529822369317,0.2964321849886536,0.39902516696560786,calm,02,15,15,male,strong,1689
50,1.6683333333333334,True,1.0,0.23275612858149677,0.2460568350236575,0.23940648180257712,0.7929982620086424,-0.08990740740740738,-0.08819444444444446,0.40057111181797495,0.29416466826538784,0.1923626975779445,0.30190038651051665,0.01330070644216072,0.0017129629629629162,0.0024128919523177523,0.3447438765774367,0.12418190292647187,0.11116039202862361,0.0,0.8998076858485217,0.6377488867343812,0.2964942795774977,0.3029715577529151,0.3933629430658468,calm,02,15,15,male,strong,1689
60,2.0020000000000002,True,1.0,0.5128838122213228,0.4938874809425381,0.5033856465819304,0.535815066497381,-0.07874999999999999,-0.07481481481481478,0.399868922515694,0.20907888652313678,0.20489834951687996,0.939476468761057,0.01899633127878475,0.003935185185185208,0.0062729233420144,0.5218625721106617,0.12022722322805932,0.11542613466888899,0.0,0.6834942944709707,0.6428375277767358,0.2936322791892016,0.29750062613101425,0.40902579259314736,calm,02,15,15,male,strong,1689
70,2.3356666666666666,True,1.0,0.525030383559937,0.5081852300106967,0.5166078067853168,0.6588828521386604,-0.09587962962962965,-0.09518518518518515,0.41443675573008293,0.22997445883530743,0.21389031567999045,0.7840662495745114,0.01684515354924032,0.0006944444444444975,0.004217063297958923,0.39266656485282614,0.11948200604757529,0.11603328855537265,0.0,0.9999999987499999,0.6440448457820629,0.29601866478920613,0.3143133590225037,0.4083688993752461,calm,02,15,15,male,strong,1689
80,2.6693333333333333,True,1.0,0.5108549426557775,0.5159169852459154,0.5133859639508465,0.7436564276073527,-0.09388888888888891,-0.09384259259259259,0.40855986913674225,0.277295617073928,0.21043443258590483,0.690353696804073,0.005062042590137983,4.629629629632204e-05,0.007744660009456055,0.3718220338983054,0.12338258057279518,0.11204693918917634,0.0,0.6103556207027103,0.6363851695365645,0.2984515524379863,0.32505375973921213,0.4096294581373276,calm,02,15,15,male,strong,1689
90,3.003,True,1.0,0.5087248599266367,0.4999999999999989,0.5043624299633178,0.6742788247698336,-0.08787037037037038,-0.08712962962962961,0.41388460950830114,0.22680287742258037,0.2034815960064079,0.7480027719029779,0.008724859926637851,0.000740740740740764,0.009283149189680222,0.40949475016564285,0.12246611488953013,0.11304790344840317,0.0,0.9999999987499999,0.636200592963748,0.2976756243694653,0.3224207851348417,0.41136353243230234,calm,02,15,15,male,strong,1689
100,3.336666666666667,True,1.0,0.5152333418305877,0.49223746008159563,0.5037354009560917,0.6742788247698333,-0.08458333333333329,-0.08402777777777787,0.4188358264458775,0.25132210741421046,0.19514240760994453,0.7470728465009161,0.02299588174899203,0.0005555555555554204,0.007480376028850072,0.39886363636363514,0.12181129631353342,0.1134177145131225,0.0,0.7071067807446058,0.6385693287393082,0.2969543889912266,0.3150924337821295,0.4101386903064646,calm,02,15,15,male,strong,1689
110,3.6703333333333332,True,1.0,0.46567711126877703,0.46500795345310764,0.46534253236094236,0.686418339308836,-0.08263888888888882,-0.07884259259259258,0.41884742494887334,0.24513704067543743,0.19028419304371916,0.6779284668144242,0.0006691578156693967,0.003796296296296242,0.008470698280796031,0.39212807927493504,0.12439994180652927,0.11091632994751241,0.0,0.6800148527357439,0.641981971859056,0.2952251571712481,0.31533066273466276,0.41554428137260135,calm,02,15,15,male,strong,1689
0,0.0,True,1.0,0.4654532581141207,0.43437054527540875,0.4499119016947647,0.5653266952691799,-0.07537037037037037,-0.07101851851851854,0.40081548891443636,0.24403859080842308,0.1722505717034358,0.7958440764601422,0.031082712838711946,0.004351851851851829,0.02016842267018104,0.4623154037279049,0.12314704080830458,0.11230576169716537,0.0,0.8125882930986306,0.6444857269782914,0.29474055570366187,0.3023058136585014,0.39678437682707846,calm,02,15,15,male,strong,1690
10,0.33366666666666667,True,1.0,0.4974280420410498,0.46630236794171276,0.4818652049913813,0.5748194350550905,-0.07263888888888892,-0.07037037037037036,0.38855306204465745,0.24060150375939876,0.1805572457519714,0.8382896882134814,0.03112567409933703,0.0022685185185185586,0.007217806848935967,0.47146376313488375,0.12280768998351772,0.11267674583038409,0.0,0.9999999987499999,0.6337174965767557,0.2991011535747088,0.30454860983627385,0.3958006393333832,calm,02,15,15,male,strong,1690
20,0.6673333333333333,True,1.0,0.482665033235387,0.45188405347495986,0.46727454335517343,0.6061079526960488,-0.07671296296296293,-0.0740277777777778,0.38591798948605477,0.2424242424242426,0.18612135926937023,0.7709427689847561,0.030780979760427152,0.002685185185185124,0.0014731472934997854,0.4374658243174106,0.1228593206291567,0.11262044709884374,0.0,0.6636408778452975,0.6365924550054397,0.2992331425122071,0.3055875502930625,0.3971861542444703,calm,02,15,15,male,strong,1690
30,1.0010000000000001,True,1.0,0.46036113618941216,0.428097901377648,0.4442295187835301,0.8682129209291557,-0.09495370370370376,-0.09287037037037044,0.38411781930261923,0.36627732601698726,0.1980557779337934,0.5116596494649246,0.03226323481176413,0.002083333333333326,0.0013143498940320034,0.31679181754594316,0.1207333467362495,0.11473069688693034,0.0,0.799866782866148,0.6366920300542093,0.2990316281466959,0.32131766500128983,0.4116070646642381,calm,02,15,15,male,strong,1690
40,1.3346666666666667,True,1.0,0.42904430421534956,0.39211136739352603,0.4105778358044378,0.7337874768897219,-0.09245370370370365,-0.09222222222222226,0.40027735524321717,0.30251168610797546,0.19444444444444442,0.5595323560777284,0.036932936821823525,0.00023148148148138814,0.0029847899087511987,0.3651138009424266,0.12176552873496255,0.11380216949544862,0.0,0.9529106982191483,0.6402019431053673,0.2985060540177051,0.31767450034880773,0.4055393954934587,calm,02,15,15,male,strong,1690
50,1.6683333333333334,True,1.0,0.4299531679418293,0.41424080540824504,0.42209698667503714,0.8092247904799271,-0.09319444444444452,-0.09194444444444455,0.4188043501361291,0.3065134099616856,0.19798180294653364,0.5216065939165111,0.015712362533584268,0.0012499999999999734,0.0008938740372226872,0.34089671029716234,0.12187577765977559,0.11368409119055511,0.0,0.6736941678808308,0.6373830052255276,0.29994968737902905,0.32347564316261107,0.4125118547550833,calm,02,15,15,male,strong,1690
60,2.0020000000000002,True,1.0,0.45920417151699855,0.4513194622662653,0.4552618168916319,0.5075683379086544,-0.0952777777777778,-0.09449074074074076,0.41403799632025895,0.2981963985213349,0.21258076647568716,0.8969468402372334,0.007884709250733257,0.0007870370370370305,0.006978337639671154,0.5490070048790378,0.11939503809046823,0.11628672602231989,0.0,0.8905916531497727,0.635853737643495,0.2999598592439784,0.32801031986857576,0.4059473366430063,calm,02,15,15,male,strong,1690
70,2.3356666666666666,True,1.0,0.47462773187856194,0.45906479260201827,0.46684626224029013,0.8059414436451692,-0.09476851851851853,-0.0948148148148148,0.4079839186762207,0.2896240201429329,0.21394024737382508,0.5792558081252215,0.015562939276543675,4.6296296296266526e-05,0.004358055142983225,0.3515489221035021,0.12129078896064659,0.1143080149572569,0.0,0.8712110941443941,0.628850474900898,0.30477387711348,0.33137977935829216,0.40506204853637556,calm,02,15,15,male,strong,1690
80,2.6693333333333333,True,1.0,0.41514950122531474,0.42993082103826163,0.42254016113178816,0.6296174350933319,-0.09425925925925932,-0.09402777777777788,0.4080108418103074,0.23925462533546638,0.21184157324108985,0.6711061949374901,0.014781319812946891,0.00023148148148144365,0.003135581539946295,0.4274999999999998,0.12228153694881838,0.11324753194485447,0.0,0.7372791723589034,0.6286563147446479,0.3017459374969769,0.3315911989784948,0.40711300420059965,calm,02,15,15,male,strong,1690
90,3.003,True,1.0,0.46639241786471786,0.4442730758456528,0.4553327468551853,0.7574937614351499,-0.09310185185185182,-0.09134259259259253,0.42061015530787976,0.323714208246451,0.2034815960064079,0.601104286314531,0.02211934201906507,0.0017592592592592937,0.0036413840163285337,0.37226404481714426,0.12140085711508698,0.11419111025757235,0.0,0.942766933520402,0.6293489050698405,0.301376150290495,0.3321214006487816,0.4104532350765923,calm,02,15,15,male,strong,1690
100,3.336666666666667,True,1.0,0.48138111758744195,0.44444444444444464,0.4629127810159433,0.7054909886380889,-0.08953703703703703,-0.08796296296296297,0.42971612620512395,0.29892327455317075,0.19930593835407728,0.6561569013228229,0.03693667314299731,0.001574074074074061,0.0006733372667745858,0.40076406715304796,0.12234971169513956,0.11317387427536141,0.0,0.6199087031013615,0.6320801840736295,0.29962844583285936,0.3281381957328295,0.40559623217048396,calm,02,15,15,male,strong,1690
110,3.6703333333333332,True,1.0,0.4732599948673168,0.4584625488948148,0.4658612718810658,0.6496540390502725,-0.0870833333333334,-0.08569444444444446,0.4312536339258099,0.2657536632608402,0.19583372291904952,0.7170913191921459,0.014797445972501988,0.0013888888888889395,0.0036058361652597844,0.41969023385403387,0.12314742589941045,0.1123053394314513,0.0,0.7071067807446058,0.6338166878079358,0.299740105889978,0.3214097550499153,0.398103004061112,calm,02,15,15,male,strong,1690
0,0.0,True,1.0,0.47415886243923505,0.4580288079099101,0.4660938351745726,0.721740037507677,-0.07300925925925933,-0.07314814814814813,0.39004296522895127,0.3809183531290511,0.16250422545588047,0.6457918515703999,0.016130054529324978,0.00013888888888879958,0.0053914131035342604,0.36458333333333226,0.12404622676859961,0.11131177563374824,0.0,0.8585561893206752,0.6490739261564001,0.29697683669756636,0.299666995512816,0.3967138019132811,calm,02,15,15,male,strong,1691
10,0.33366666666666667,True,1.0,0.44366612489451623,0.426053408068585,0.4348597664815506,0.7746489328939793,-0.07722222222222225,-0.07541666666666669,0.38901227421800627,0.4474265388266948,0.148619324961221,0.5613636681289623,0.01761271682593124,0.0018055555555555602,0.00673943963016367,0.3301918266553731,0.12916356414166333,0.10533067677115916,0.0,0.7409772484784336,0.5826546199651736,0.27427694044665274,0.31375528934571834,0.35961322545286256,calm,02,15,15,male,strong,1691
20,0.6673333333333333,True,1.0,0.39012307581383565,0.369332186206509,0.3797276310101723,0.7689133063933419,-0.07569444444444445,-0.07532407407407404,0.3931875181357805,0.4308363330855627,0.1534742106850192,0.4938497329319471,0.020790889607326668,0.00037037037037040976,0.0019031948561724031,0.34954694667405,0.12772958421588107,0.10706507874511818,0.0,0.7071067807446058,0.5802748758800396,0.27701994573370015,0.3115161299551725,0.35505910755591197,calm,02,15,15,male,strong,1691
30,1.0010000000000001,True,1.0,0.2752391383086914,0.24967952623884437,0.2624593322737679,0.7500687307071476,-0.08393518518518511,-0.08194444444444449,0.39600955648994424,0.34869918552641616,0.17222399420151355,0.3499137099427238,0.025559612069847026,0.0019907407407406263,0.0033654888987345003,0.3556787572442605,0.12154960452250031,0.11403276463551026,0.0,0.7071067807446058,0.6473965486819728,0.2977754377901243,0.2975804305900682,0.39467580154923687,calm,02,15,15,male,strong,1691
40,1.3346666666666667,True,1.0,0.4080059352547038,0.42805861055256195,0.4180322729036329,0.7343352711864863,-0.09254629629629635,-0.0920833333333333,0.40097007451976147,0.36070853462157776,0.18543682774578085,0.5692662320689108,0.020052675297858147,0.00046296296296305384,0.005156312684475945,0.36553501156369245,0.1221687421166827,0.11336920313581511,0.0,0.7071067807446058,0.6476729167995324,0.2961238363945759,0.30432559459896275,0.40526712281608823,calm,02,15,15,male,strong,1691
50,1.6683333333333334,True,1.0,0.41523951577641827,0.40138648595974297,0.40831300086808064,0.7721816781276267,-0.09847222222222218,-0.09638888888888902,0.4216383327538944,0.31867815287806833,0.19791666666666663,0.528778411135254,0.0138530298166753,0.0020833333333331594,0.0,0.35749541681127617,0.12308860984785787,0.1123697997509247,0.0,0.6673120257952448,0.6426169055903611,0.2988913275016733,0.3227178843621757,0.417467534009268,calm,02,15,15,male,strong,1691
60,2.0020000000000002,True,1.0,0.41523951577641827,0.41299648787634097,0.4141180018263796,0.5747189187561127,-0.09606481481481477,-0.09467592592592594,0.38953515215482,0.3541872406287669,0.19729802879105024,0.7205574556735871,0.002243027900077299,0.0013888888888888284,0.008825178587294681,0.47150410053349867,0.12037046453674335,0.11527674976778925,0.0,0.7071067807446058,0.6445253909610719,0.29821450543433387,0.3158888318430606,0.40920076775811787,calm,02,15,15,male,strong,1691
70,2.3356666666666666,True,1.0,0.3934401707818822,0.3705196309520018,0.381979900866942,0.7340916556396089,-0.09759259259259251,-0.09555555555555567,0.3988920540440681,0.3477106957371204,0.19792013600303546,0.5203436082298546,0.022920539829880404,0.0020370370370368374,0.0003548080708768927,0.3753918799134359,0.12368191418312688,0.11171643511299421,0.0,0.7124633546308639,0.6462254209574455,0.2985691342530686,0.3132342530195289,0.4034317902543027,calm,02,15,15,male,strong,1691
80,2.6693333333333333,True,1.0,0.5102058792603238,0.5302480126138563,0.5202269459370901,0.7927389548432792,-0.09319444444444447,-0.08916666666666662,0.40503233859481147,0.31963964959838276,0.20210749426013644,0.6562399170101797,0.020042133353532554,0.004027777777777852,0.006870146774299057,0.33567166929908304,0.12128229659432321,0.11431702542906827,0.0,0.6592748200401836,0.6402207886435826,0.2986107228876854,0.3191837754444237,0.412557570449466,calm,02,15,15,male,strong,1691
90,3.003,True,1.0,0.5100652576109048,0.4568789084152646,0.4834720830130847,0.7084402607140673,-0.09083333333333332,-0.08666666666666667,0.4152719706263166,0.29827611252463493,0.19515296339244406,0.6824458035823268,0.05318634919564025,0.004166666666666652,0.013277006557309201,0.37539187991343714,0.1218437824831003,0.11371838215550661,0.0,0.7071067807446058,0.6431475189919718,0.2980453507005089,0.3176635495864493,0.41303346932928736,calm,02,15,15,male,strong,1691
100,3.336666666666667,True,1.0,0.496322947728705,0.4985237828700972,0.4974233652994011,0.6837436065882369,-0.08875000000000005,-0.08495370370370375,0.4151757454618007,0.2796986661510494,0.19098660378297827,0.7274998413242331,0.002200835141392188,0.0037962962962962976,0.011229464398746652,0.3890410911073139,0.12415296862368665,0.11119270728083146,0.0,0.6829984657399114,0.642266964145033,0.2972774007485803,0.3163846751980493,0.4083508245156148,calm,02,15,15,male,strong,1691
0,0.0,True,1.0,0.4445703503103225,0.4219944068583583,0.4332823785843404,0.4828534059417917,-0.063425925925926,-0.06412037037037038,0.40796196883310587,0.17609486265950058,0.1694665057164012,0.8973373144986635,0.022575943451964176,0.0006944444444443865,0.0026551977005442326,0.5173589075610987,0.1295224150069409,0.10488909276756361,0.0,0.7681720003188913,0.5968960738826782,0.2772132538251725,0.3065410811129792,0.35835421144882484,happy,03,15,15,male,normal,1692
10,0.33366666666666667,True,1.0,0.45994322860313147,0.4526121030523345,0.456277665827733,0.4533324160806305,-0.06611111111111118,-0.06657407407407406,0.41113574350840865,0.1681852419956064,0.17086950399915837,1.0064968875876255,0.0073311255507969575,0.0004629629629628873,0.007760348353905082,0.5625716538118418,0.12179173419558333,0.11377412382302947,0.0,0.8948443078266832,0.646123597532763,0.3009832345806531,0.2969156799421143,0.38846144016879625,happy,03,15,15,male,normal,1692
20,0.6673333333333333,True,1.0,0.4523623157790031,0.43704215360242615,0.4447022346907146,0.45556356625480476,-0.06453703703703711,-0.06398148148148153,0.40809201929442457,0.1690129933733179,0.16947325859287188,0.9761584719046317,0.015320162176576946,0.0005555555555555869,0.004366276827523747,0.546540147424014,0.12290983982957217,0.11256531012387555,0.0,0.9266257745528111,0.6450296955032012,0.30139079223165843,0.2991618596911187,0.3916206131891707,happy,03,15,15,male,normal,1692
30,1.0010000000000001,True,1.0,0.4139582230035143,0.4001719274376394,0.4070650752205769,0.7103735839037953,-0.06611111111111106,-0.06472222222222224,0.4245196086046963,0.249144728862375,0.17780524147674873,0.5730295783010211,0.013786295565874906,0.0013888888888888284,0.00285699513611066,0.3850993462410515,0.1212667948733883,0.1143334694269143,0.0,0.8621178991867896,0.641384428513593,0.30279831017358505,0.30661378553279434,0.400977997811185,happy,03,15,15,male,normal,1692
40,1.3346666666666667,True,1.0,0.40696291947990354,0.3920802645718608,0.39952159202588217,0.7026369478410528,-0.0673611111111112,-0.06620370370370382,0.4286931501520798,0.2525061145690139,0.17300312378010296,0.5686031644841143,0.014882654908042747,0.0011574074074073848,0.009433427895585794,0.3959848418894868,0.12111789182092779,0.11449119639031423,0.0,0.7382713277330051,0.64456369533751,0.3006513979687686,0.306431298008264,0.40632187677067155,happy,03,15,15,male,normal,1692
50,1.6683333333333334,True,1.0,0.3636814509085881,0.36449073019644485,0.3640860905525165,0.5348114879587565,-0.06597222222222221,-0.0635648148148148,0.41456441178000825,0.22902014233116744,0.1764239205510335,0.6807746257324113,0.0008092792878567345,0.0024074074074074137,0.0007602036104579408,0.550723715646188,0.12253357536227011,0.11297477895179867,0.0,0.932401421264477,0.6408922444993622,0.30106147196751937,0.3046846130226943,0.39007729301409494,happy,03,15,15,male,normal,1692
60,2.0020000000000002,True,1.0,0.46650474137358,0.44475683465834376,0.4556307880159619,0.5650901487827273,-0.0685648148148148,-0.06527777777777782,0.44799470986845535,0.16477271009843222,0.178533769246012,0.8062975243816334,0.021747906715236243,0.0032870370370369772,0.004339888615953855,0.49381240879495714,0.12260803018254669,0.11289397107453913,0.0,0.7794515401911255,0.6401392096682423,0.3016419376375324,0.31436788810907734,0.4096846970617958,happy,03,15,15,male,normal,1692
70,2.3356666666666666,True,1.0,0.4434762054911719,0.45936029810604917,0.4514182517986105,0.6204738554138906,-0.06643518518518515,-0.0637962962962964,0.4747958613333187,0.18278130987645383,0.17641008171331193,0.7275379097117467,0.015884092614877277,0.0026388888888887463,0.003561646719466936,0.45332620073324287,0.12045511517097891,0.11518829367217101,0.0,0.8510270345081509,0.6400221723455006,0.3026015383580764,0.31856018925449686,0.4147209638484213,happy,03,15,15,male,normal,1692
80,2.6693333333333333,True,1.0,0.4439793577388368,0.4154011951700066,0.4296902764544217,0.6794740142607184,-0.06675925925925924,-0.06365740740740744,0.484309498477674,0.202712909898777,0.17293254978509282,0.6323866217635026,0.028578162568830168,0.0031018518518518,0.004211897997540711,0.4175815274557926,0.12073753202593702,0.11489223703217576,0.0,0.7071067807446058,0.6362706178018083,0.3035738635368362,0.32071555782805056,0.4187572086176128,happy,03,15,15,male,normal,1692
90,3.003,True,1.0,0.44447970210098436,0.422647655861169,0.4335636789810767,0.7021899824910922,-0.0642592592592593,-0.06402777777777785,0.4793987350104001,0.2084545998967013,0.17224392771241928,0.6174449789827025,0.021832046239815384,0.00023148148148144365,0.000981589326983547,0.4045830684707068,0.12321034870140597,0.11223630314317785,0.0,0.6997858219385938,0.6376185976890757,0.30406349836208374,0.32515482739848944,0.4222521273595572,happy,03,15,15,male,normal,1692
100,3.336666666666667,True,1.0,0.4217886900328925,0.4159325543563347,0.4188606221946136,0.6913439543747967,-0.06435185185185188,-0.06337962962962962,0.48206393790949753,0.1920323331288634,0.1757053001645301,0.605864301761924,0.005856135676557794,0.0009722222222222632,0.00781592445629649,0.4106979157473317,0.12779786476160473,0.10698356665010686,0.0,0.6804410557947086,0.582342759173982,0.2823613416315407,0.3324360888747649,0.39022861994054386,happy,03,15,15,male,normal,1692
0,0.0,True,1.0,0.47625729498578684,0.45001367351438554,0.4631354842500862,0.5233608058379546,-0.06893518518518521,-0.06666666666666665,0.4096017239107027,0.21060099285058884,0.16877215204719245,0.8849258085128452,0.0262436214714013,0.0022685185185185586,0.019555302146916066,0.4826088887168043,0.12566408968173393,0.10948202745196127,0.0,0.7071067807446058,0.6368844142031813,0.2986481939994026,0.31181372259130397,0.40251813481597526,happy,03,15,15,male,normal,1693
10,0.33366666666666667,True,1.0,0.47434562208198205,0.45015716461295713,0.46225139334746956,0.5203065067947853,-0.06953703703703706,-0.06675925925925924,0.41232183741670847,0.20937193938732046,0.17292372601051925,0.8884213195699793,0.024188457469024927,0.0027777777777778234,0.016095088929036022,0.48260888871680324,0.12267999511309077,0.11281576383274536,0.0,0.8399567319448872,0.6361850968121623,0.2991778613547929,0.31021692855871563,0.4010163584968828,happy,03,15,15,male,normal,1693
20,0.6673333333333333,True,1.0,0.46592718518406534,0.4144021545781841,0.4401646698811247,0.49465191486804266,-0.07120370370370382,-0.06768518518518513,0.4118782024352513,0.19023095110574748,0.17500392364463044,0.8898472979702233,0.05152503060588126,0.0035185185185186985,0.024583618237532495,0.49300746237231946,0.1242809742260225,0.111049616009137,0.0,0.7335808121844598,0.6338081599749276,0.2992347209175269,0.31254558808819255,0.40382927555035747,happy,03,15,15,male,normal,1693
30,1.0010000000000001,True,1.0,0.40712534339684425,0.39738610626921933,0.4022557248330318,0.7447782279391412,-0.07287037037037047,-0.07263888888888892,0.4188853398487061,0.2667733749145352,0.17785028992138466,0.5401013479490457,0.009739237127624922,0.00023148148148155467,0.013798914999934396,0.3669962027559481,0.12239256364180415,0.11312753040459772,0.0,0.7759819702324998,0.6374320671784339,0.2985621909768351,0.3130449809303939,0.406451806981466,happy,03,15,15,male,normal,1693
40,1.3346666666666667,True,1.0,0.3997689440459296,0.3904902720479818,0.39512960804695574,0.6930001102452062,-0.07143518518518527,-0.06800925925925927,0.41479836373559703,0.25828653343245694,0.1729171078841007,0.5701725038790338,0.009278671997947796,0.003425925925925999,0.007204617918047752,0.40906951590625856,0.12238576967535059,0.11313488034752656,0.0,0.7531545374075935,0.64735413619354,0.2965861802002162,0.3104634641340112,0.40698222467439216,happy,03,15,15,male,normal,1693
50,1.6683333333333334,True,1.0,0.3915811484536998,0.37840565859825226,0.384993403525976,0.5328377090310132,-0.06976851851851851,-0.06759259259259259,0.4107293832357586,0.2536412681409962,0.17362693070286384,0.7225340793280227,0.01317548985544753,0.0021759259259259145,0.008861777136407137,0.5093025419071757,0.1253165367013309,0.1098796769182888,0.0,0.7275951569373728,0.6366341386945403,0.2980429188206581,0.3108018832061936,0.3986014342455893,happy,03,15,15,male,normal,1693
60,2.0020000000000002,True,1.0,0.36191659615545424,0.3705655756997186,0.3662410859275864,0.5712842435373161,-0.06824074074074071,-0.06541666666666668,0.43530360370849536,0.1666131310086702,0.18263930661951863,0.6410838213563712,0.008648979544264357,0.0028240740740740344,0.0055587756268185495,0.4808871903135707,0.12150899454732295,0.11407603610754942,0.0,0.8134782922837933,0.6352666177252152,0.3009398800448439,0.3171200581705274,0.40388765835371504,happy,03,15,15,male,normal,1693
70,2.3356666666666666,True,1.0,0.4154683903905646,0.386937738934436,0.40120306466250033,0.631130718963835,-0.07124999999999998,-0.06842592592592595,0.45476915500684767,0.24219917534591837,0.17986789790391577,0.6356893312389854,0.028530651456128597,0.0028240740740740344,0.006330881018493172,0.4521562802357072,0.12144657115266877,0.11397545427667088,0.0,0.8468037520274947,0.634524252146171,0.2975819601210547,0.32006340444904635,0.4078401399656079,happy,03,15,15,male,normal,1693
80,2.6693333333333333,True,1.0,0.46702202783897456,0.42342918052513623,0.44522560418205537,0.699972492651447,-0.07268518518518524,-0.06879629629629636,0.4551563899502682,0.24269244706802137,0.17780524147674873,0.636061572213462,0.043592847313838334,0.003888888888888886,0.003167492058578612,0.40042886918410064,0.12373926107352026,0.11165291325975658,0.0,0.6934073092091737,0.6296985583217662,0.30001980914367116,0.32626504738933276,0.4176332116327453,happy,03,15,15,male,normal,1693
90,3.003,True,1.0,0.40696291947990504,0.3643360355730064,0.38564947752645573,0.7100436741713626,-0.07189814814814816,-0.06925925925925924,0.4631347056208826,0.24961508830135312,0.17361506614418637,0.5431348683959724,0.042626883906898616,0.002638888888888913,0.0010255516852650769,0.3958010470927526,0.12324327820531228,0.11220014326014442,0.0,0.7459104013306878,0.6362428534148035,0.3000953425972317,0.3235815541640651,0.41753144243132084,happy,03,15,15,male,normal,1693
0,0.0,True,1.0,0.47589291926580946,0.45920417151699966,0.46754854539140456,0.5059100286185388,-0.06689814814814815,-0.06648148148148153,0.40674557630276137,0.21394986286737536,0.16597406092804148,0.924173309369087,0.016688747748809796,0.0004166666666666208,0.0028996930325892864,0.521540128582979,0.1256421070792311,0.10950725409374035,0.0,0.677221172315567,0.6412262241068303,0.30093559022793026,0.30231839676788735,0.3938824567537245,happy,03,15,15,male,normal,1694
10,0.33366666666666667,True,1.0,0.4370421536024244,0.45153869865748947,0.44429042612995695,0.49299426446453143,-0.06759259259259259,-0.06620370370370371,0.40532178736242125,0.22052590641792208,0.16736156697472784,0.9012081035314388,0.014496545055065091,0.001388888888888884,0.004996496026013452,0.5207015490463013,0.12289473493257734,0.11258180090967533,0.0,0.6679300396389464,0.6401679552289665,0.30129189319245836,0.29903979591862045,0.392443702650077,happy,03,15,15,male,normal,1694
20,0.6673333333333333,True,1.0,0.4761232179245118,0.44366612489451623,0.459894671409514,0.4671139578923471,-0.06833333333333336,-0.06638888888888889,0.40628550212924613,0.21409389736732587,0.16944444444444445,0.9845449138034602,0.032457093029995554,0.0019444444444444708,0.00958291774955447,0.5631854534150096,0.1242484695411877,0.11108598285590819,0.0,0.6589317330022504,0.6411414654846312,0.3016050179540208,0.303407690832267,0.39722525079317356,happy,03,15,15,male,normal,1694
30,1.0010000000000001,True,1.0,0.4369574952630301,0.42826458736600276,0.43261104131451644,0.6666502604261252,-0.06810185185185186,-0.06694444444444442,0.4022621592293885,0.28102174294168003,0.17639278163936417,0.6489325317865922,0.008692907897027369,0.0011574074074074403,0.006317764771667259,0.4085341751169843,0.12200142284824271,0.11354924303170698,0.0,0.7729245427330993,0.6392843066289017,0.3012221299326043,0.3027737449451498,0.39575446448339663,happy,03,15,15,male,normal,1694
40,1.3346666666666667,True,1.0,0.4369574952630289,0.4288772540646985,0.4329173746638637,0.6085381288915843,-0.06967592592592592,-0.06717592592592592,0.43665946965487346,0.21476510067114116,0.17430949483188368,0.7114055046187439,0.008080241198330396,0.0025000000000000022,0.010699274581433731,0.46320712088213556,0.12198490548703696,0.11356698729601276,0.0,0.8526807516441153,0.6426676898650086,0.29958266685454754,0.3102083928031524,0.4058723419442651,happy,03,15,15,male,normal,1694
50,1.6683333333333334,True,1.0,0.44397935773883673,0.4281090056933605,0.4360441817160986,0.5218285440467221,-0.0696296296296296,-0.06805555555555554,0.4215429333730222,0.2298324377237829,0.17708505667053598,0.8356081450328966,0.01587035204547621,0.001574074074074061,0.014865170538870784,0.5088829346594415,0.12395127531249321,0.11141749915820674,0.0,0.9181108450894009,0.6409982023199905,0.2970230282437615,0.3109317311061527,0.3962198112087973,happy,03,15,15,male,normal,1694
60,2.0020000000000002,True,1.0,0.44260053987787595,0.38662348606757485,0.41461201297272543,0.5537805575703345,-0.0700925925925926,-0.06671296296296292,0.44756045953499596,0.19036206666480276,0.1791683699652562,0.7486936969975989,0.0559770538103011,0.003379629629629677,0.01297988620867255,0.5039062499999998,0.12238738599144973,0.11313313184196994,0.0,0.6850699959308396,0.633148860809949,0.29969972088606334,0.3183450845714566,0.4054601394936833,happy,03,15,15,male,normal,1694
70,2.3356666666666666,True,1.0,0.4138555195592765,0.4009368863147588,0.40739620293701767,0.6503682934650178,-0.06930555555555556,-0.06611111111111112,0.4693331300239661,0.17885128070288006,0.18125168372062783,0.6264084627596176,0.012918633244517697,0.003194444444444444,0.015193923793605067,0.44062500000000004,0.126300471805329,0.1087472693562003,0.0,0.7211320405204826,0.5815854166510355,0.27599317971940784,0.3239107750987757,0.3695579811791918,happy,03,15,15,male,normal,1694
80,2.6693333333333333,True,1.0,0.41510599206416826,0.39397127004771776,0.404538631055943,0.6937937330741727,-0.06930555555555556,-0.06597222222222227,0.4717318144580053,0.21680216802168034,0.17777820693070223,0.5830819907574666,0.021134722016450502,0.0033333333333332993,0.017852420047633787,0.4130699834716152,0.12614419431507418,0.10892850871673104,0.0,0.7810508648219175,0.5819601688018957,0.2773454035322306,0.3264948365755173,0.3764888862396898,happy,03,15,15,male,normal,1694
90,3.003,True,1.0,0.4718303518798405,0.458734532849104,0.46528244236447225,0.6937261796960181,-0.07134259259259251,-0.06782407407407409,0.4722537497414432,0.20053022381838034,0.17986280783332048,0.6707004232827901,0.013095819030736533,0.003518518518518421,0.011176409029590778,0.4221642526908221,0.12230989543157174,0.11321690355070053,0.0,0.7071067807446058,0.6351755710174695,0.2948984274082938,0.31604506204371,0.4233318537577611,happy,03,15,15,male,normal,1694
0,0.0,True,1.0,0.47480572830295875,0.48115392586407346,0.4779798270835161,0.5040235526935669,-0.06888888888888889,-0.06754629629629633,0.4149797530464502,0.1826904748668608,0.17291666666666666,0.9483283559451343,0.00634819756111471,0.001342592592592562,0.004731973446502139,0.5343221704634794,0.12413985040500036,0.11120735277751678,0.0,0.7641437936947614,0.6367698958020709,0.30025562632325264,0.3082480501986891,0.3912973147812974,happy,03,15,15,male,normal,1695
10,0.33366666666666667,True,1.0,0.46057734114663107,0.42904430421534956,0.4448108226809903,0.5508624197581918,-0.06907407407407412,-0.06791666666666668,0.4269852681319962,0.20191979716434197,0.17362693070286378,0.8074807914401672,0.03153303693128151,0.0011574074074074403,0.00896592447378072,0.48785379606141877,0.12327203166076499,0.11216855165567803,0.0,0.7071067807446058,0.6373504127275912,0.30080300553633016,0.30849816653600365,0.3916898953765734,happy,03,15,15,male,normal,1695
20,0.6673333333333333,True,1.0,0.4375516397686388,0.42257169972752606,0.43006166974808246,0.5594626120723208,-0.0692592592592593,-0.06759259259259265,0.4311855003116865,0.22485002019378658,0.1687572336412576,0.7687049330340042,0.01497994004111275,0.0016666666666666496,0.007316272239737359,0.4770764850869755,0.12325696399099573,0.11218510862849272,0.0,0.7201081661431755,0.6383301488173394,0.3002521373233771,0.30921623773069357,0.39260691482865834,happy,03,15,15,male,normal,1695
30,1.0010000000000001,True,1.0,0.42201575391871,0.3936198729395796,0.4078178134291448,0.6555148966963283,-0.07009259259259265,-0.0690277777777778,0.43475081326753445,0.25027441736351436,0.17361506614418631,0.6221335555980037,0.028395880979130372,0.0010648148148148517,0.0059455606730639534,0.4094733358623467,0.12170952540174125,0.1138620621479516,0.0,0.7216377659613403,0.6368950692073704,0.29961495716921704,0.3107729475311441,0.39916948667642127,happy,03,15,15,male,normal,1695
40,1.3346666666666667,True,1.0,0.3766753900895531,0.3518299496045348,0.36425266984704396,0.6533941977886504,-0.07324074074074077,-0.07097222222222221,0.4363240058378616,0.26130302175138426,0.17086950399915832,0.5574776621522229,0.0248454404850183,0.0022685185185185586,0.002083066895194669,0.4309917566382157,0.1235966958663854,0.11181070852653563,0.0,0.6749192976288106,0.6423140123783888,0.29624629869001273,0.31323597676146286,0.4040249188985789,happy,03,15,15,male,normal,1695
50,1.6683333333333334,True,1.0,0.37058314529984665,0.34996219485263524,0.360272670076241,0.5795996098896053,-0.07203703703703712,-0.06875000000000003,0.42810611702206686,0.25954104997145805,0.17571007646889375,0.6215888760602531,0.020620950447211406,0.0032870370370370883,0.003968987989221449,0.5041982661680333,0.12329661417197656,0.11214152979219831,0.0,0.6378383534886153,0.6356706964973491,0.2985414153322445,0.31228482169802646,0.3902440100720782,happy,03,15,15,male,normal,1695
60,2.0020000000000002,True,1.0,0.4074523633570146,0.40817917182301416,0.40781576759001437,0.582399480450751,-0.07004629629629633,-0.06675925925925924,0.4489869712236152,0.19796571962092782,0.17779322663045247,0.7002337420946587,0.00072680846599954,0.0032870370370370883,0.0006102245574978555,0.48404075285891024,0.12132632331594483,0.11427029815660178,0.0,0.6969222343405115,0.6346164458595938,0.3014788222925155,0.3193625184682067,0.41070252093123494,happy,03,15,15,male,normal,1695
70,2.3356666666666666,True,1.0,0.4154231722604799,0.4225716997275249,0.4189974359940024,0.6810061621998036,-0.06953703703703706,-0.06759259259259265,0.46837727253389355,0.22885299686675878,0.1729237260105192,0.6152623269083882,0.007148527467044974,0.0019444444444444153,0.0013286291685370957,0.4060514870884281,0.12373415701932376,0.11165856956442165,0.0,0.6802117317564902,0.6352943132018432,0.3006600906895541,0.32874020747290567,0.4211058997488716,happy,03,15,15,male,normal,1695
80,2.6693333333333333,True,1.0,0.291456873445338,0.26243954978867196,0.276948211617005,0.6740805774379139,-0.07125000000000004,-0.06865740740740739,0.4856612613806466,0.22469352581263824,0.17224392771241923,0.4108532731645324,0.02901732365666604,0.0025925925925926463,0.0055783375581898685,0.4199429487250929,0.12308167673039273,0.11237739373904682,0.0,0.6682994007791985,0.6312417396255378,0.3021915402961494,0.32692988237678,0.41630967264077584,happy,03,15,15,male,normal,1695
90,3.003,True,1.0,0.4074969026637815,0.3943152313969827,0.4009060670303821,0.7236093366242633,-0.06833333333333336,-0.0665277777777778,0.475214445476374,0.2631211118885577,0.1687613024282096,0.5540366144260436,0.013181671266798811,0.0018055555555555602,0.007927012929260735,0.3923238798695236,0.1215718553965728,0.11400904238515354,0.0,0.7916892564171176,0.6397835820890856,0.30062177133966134,0.3233757129154932,0.4177157824868896,happy,03,15,15,male,normal,1695
100,3.336666666666667,True,1.0,0.41480011835214137,0.4017592394293578,0.40827967889074956,0.7277759738811509,-0.0677314814814815,-0.06648148148148159,0.47244906857532787,0.28114533165355954,0.16666712442971,0.5609963691346364,0.01304087892278355,0.0012499999999999178,0.009608233449058326,0.40079641190075077,0.1232912554148709,0.11214742131911785,0.0,0.6216766055487167,0.6373910178602692,0.3004493144750152,0.3245560801251913,0.4217505657517475,happy,03,15,15,male,normal,1695
0,0.0,True,1.0,0.48911482690654895,0.47401248753682446,0.4815636572216867,0.5434164342822051,-0.06680555555555562,-0.06513888888888891,0.4049966021548415,0.2587465261470862,0.17014292463502945,0.8861779417064939,0.015102339369724493,0.0016666666666667052,0.008285078704116898,0.4741184275596128,0.12449866082455718,0.11080551079856608,0.0,0.6685308352443334,0.6414989354022859,0.2986515625684611,0.30291896428042686,0.3928443312836445,happy,03,15,15,male,strong,1696
10,0.33366666666666667,True,1.0,0.5178446813603343,0.5015859578779729,0.5097153196191536,0.5661228942946328,-0.06638888888888894,-0.06398148148148147,0.4073453799517302,0.24444218475863835,0.17153178084657764,0.9003616083292996,0.01625872348236146,0.002407407407407469,0.007299028542344438,0.4497093108032156,0.12114554641188192,0.11446193408501536,0.0,0.9999999987499999,0.6409383936230743,0.30058807538505466,0.30430347506391386,0.3992729037678364,happy,03,15,15,male,strong,1696
20,0.6673333333333333,True,1.0,0.5171604799806705,0.5017192868838255,0.509439883432248,0.5490267567633801,-0.0675,-0.06537037037037036,0.412840384311335,0.24889208245978675,0.17086191325973668,0.9278962767415846,0.015441193096844996,0.002129629629629648,0.008655586838660505,0.4759072923523472,0.12275572604476709,0.11273335572683302,0.0,0.739103323397128,0.6394200625328257,0.3006107377109463,0.3061804500857405,0.3986942226148539,happy,03,15,15,male,strong,1696
30,1.0010000000000001,True,1.0,0.46697973906956736,0.44400779910796934,0.4554937690887684,0.7787804118976425,-0.06837962962962973,-0.06560185185185186,0.4266093381891395,0.33463220823726836,0.17222399420151366,0.5848808754432763,0.02297193996159802,0.002777777777777879,0.014353268124004398,0.3694711648429294,0.12255589275715,0.11295056848371643,0.0,0.6694974753878385,0.6392655300088786,0.2997870778605507,0.31154664365108453,0.4106831818108021,happy,03,15,15,male,strong,1696
40,1.3346666666666667,True,1.0,0.4739742394962565,0.4559339651703708,0.4649541023333137,0.69613890242039,-0.07120370370370371,-0.06814814814814812,0.42149073686997884,0.32942287346679133,0.16806281908660348,0.6679042080779066,0.018040274325885675,0.003055555555555589,0.008294996739216706,0.41221732207105705,0.12199987931368655,0.11355090143888931,0.0,0.6850369995238318,0.6483961348914566,0.29819383357182916,0.3094009751653034,0.40838105107335165,happy,03,15,15,male,strong,1696
50,1.6683333333333334,True,1.0,0.45922420899799565,0.44295033067989503,0.4510872698389453,0.61753050491263,-0.07226851851851857,-0.06824074074074082,0.4108212445124375,0.30868390580952254,0.17500043596485879,0.7304696144569676,0.01627387831810062,0.004027777777777741,0.016605183989092057,0.4590626979004033,0.12346031343588038,0.1119612824899028,0.0,0.6806127161956641,0.6343293339679622,0.2972968300328886,0.3075093654253649,0.3929054893620608,happy,03,15,15,male,strong,1696
60,2.0020000000000002,True,1.0,0.48171087401755563,0.4515386986574883,0.46662478633752197,0.5919535712448617,-0.06967592592592592,-0.06527777777777782,0.4462520622566631,0.19731785708162056,0.18194486376946212,0.7882793668365294,0.030172175360067333,0.0043981481481480955,0.009122076523104096,0.4856900741577211,0.12158695268533593,0.11399294147797766,0.0,0.7092195861256901,0.6297373549654238,0.299685068289333,0.31566960646214176,0.4067429065183827,happy,03,15,15,male,strong,1696
70,2.3356666666666666,True,1.0,0.44817480642336344,0.4375385279678181,0.4428566671955908,0.7450093723948562,-0.06717592592592592,-0.062361111111111145,0.4601996101676092,0.23140442627415994,0.17917731201720288,0.5944310012799088,0.010636278455545323,0.004814814814814772,0.012317336747020659,0.37530596639460184,0.12401942836747533,0.11134163263488996,0.0,0.6780104665394583,0.5876394096154086,0.2799364823895296,0.32436375225347847,0.38182609717203986,happy,03,15,15,male,strong,1696
80,2.6693333333333333,True,1.0,0.46327832211985837,0.43010752688172044,0.4466929245007894,0.740723184630484,-0.0685648148148148,-0.0637037037037037,0.49215474808132814,0.23808190838757473,0.17222399420151366,0.6030497408065145,0.03317079523813793,0.004861111111111094,0.01111691756489929,0.3857018330101447,0.12193487443892641,0.11362070306887227,0.0,0.6319134386853327,0.633009576838548,0.3004002313312096,0.3269941195603382,0.4233129910261013,happy,03,15,15,male,strong,1696
90,3.003,True,1.0,0.4403437123076528,0.4078609433956168,0.4241023278516348,0.7271452305342688,-0.0666666666666666,-0.06092592592592594,0.4905962352600462,0.2351241932472819,0.16811047822147215,0.5832429479596892,0.032482768912036,0.005740740740740657,0.02457167234756659,0.4061742895609023,0.12185966446895247,0.11370136298945828,0.0,0.6917699764062455,0.6417298083764756,0.2990994071994485,0.32329800342631626,0.4258952791785061,happy,03,15,15,male,strong,1696
100,3.336666666666667,True,1.0,0.4227576988567423,0.4074875459907671,0.4151226224237547,0.7529665233464045,-0.06749999999999995,-0.06379629629629624,0.49705064117013303,0.2596228607743747,0.16737752141912057,0.5513161734984283,0.015270152865975217,0.003703703703703709,0.021979711082985392,0.3889198686995621,0.12165818272304676,0.11391691861436058,0.0,0.6926869110620087,0.6408736795812077,0.2988580833379331,0.32444463815467645,0.42859461229599954,happy,03,15,15,male,strong,1696
0,0.0,True,1.0,0.4754088553519456,0.47480572830295814,0.47510729182745187,0.4988452686612741,-0.06569444444444444,-0.06509259259259254,0.41740527429005364,0.2301405477108346,0.16875723364125764,0.9524141485845368,0.0006031270489874618,0.0006018518518519089,0.00815457273171531,0.5334319577787564,0.12462014807636268,0.11066885950424935,0.0,0.6632308431159177,0.6426369122727217,0.2997214802986891,0.30701894772109695,0.39833345293796074,happy,03,15,15,male,strong,1697
10,0.33366666666666667,True,1.0,0.429465001267565,0.4369114877589446,0.43318824451325477,0.6486022545372265,-0.06527777777777782,-0.06587962962962968,0.44318512852989395,0.3002136780749873,0.1694557005543102,0.6678796465521566,0.007446486491379634,0.0006018518518518534,0.004354884838790702,0.44820205945353553,0.12091838342369597,0.1147018845545366,0.0,0.6810982798215167,0.6445194295374399,0.30099006367101344,0.313103952255577,0.41063558216870993,happy,03,15,15,male,strong,1697
20,0.6673333333333333,True,1.0,0.40768184941044044,0.40713309901066613,0.4074074742105533,0.7819131173291951,-0.06624999999999998,-0.06597222222222227,0.4778934831665266,0.31275514937182675,0.16111300529448044,0.5210393139357319,0.0005487503997743115,0.0002777777777777102,0.004059695150116513,0.37793645186022523,0.11865061716188485,0.11672018215166013,0.0,0.9650511417628183,0.6490228834971489,0.30106628490976356,0.31519658395051586,0.4267719992167066,happy,03,15,15,male,strong,1697
30,1.0010000000000001,True,1.0,0.3624651341598871,0.3559459662142521,0.3592055501870696,0.7681293325154527,-0.06662037037037044,-0.0666666666666666,0.48206393790949775,0.2907918187379927,0.16529439491774373,0.4676368092997456,0.006519167945635007,4.6296296296155504e-05,0.005934538453469088,0.37767857142857114,0.12123877294848147,0.1143631833411073,0.0,0.6958756435518778,0.6395808038684223,0.30180115020404985,0.3210130490723986,0.4243282021428041,happy,03,15,15,male,strong,1697
40,1.3346666666666667,True,1.0,0.327956031667063,0.32928353248732606,0.32861978207719456,0.7534430007334727,-0.06939814814814821,-0.06638888888888883,0.4451587578557818,0.37083522692350657,0.15972269988794818,0.4361574555172521,0.0013275008202630612,0.003009259259259378,0.009517272126756668,0.3867187499999998,0.12566849945745184,0.10947696568082667,0.0,0.6785445443560921,0.5770693846601141,0.2790273305433439,0.339569597064776,0.3808662632595156,happy,03,15,15,male,strong,1697
50,1.6683333333333334,True,1.0,0.4069435690140696,0.37614868068323,0.3915461248486498,0.6680016330636787,-0.07060185185185175,-0.06717592592592592,0.4379770404627586,0.3339839683255888,0.1687518084393838,0.5861454605326165,0.030794888330839598,0.0034259259259258323,0.011295788437775631,0.4419419914411197,0.12063896529813581,0.11499572958101038,0.0,0.7071067807446058,0.6423803815901361,0.2996704610897132,0.31168094650344746,0.4099745030613535,happy,03,15,15,male,strong,1697
60,2.0020000000000002,True,1.0,0.41908307029459596,0.40696291947990393,0.4130229948872499,0.666502118554407,-0.0635648148148148,-0.05986111111111109,0.4715679798810951,0.2110590042088956,0.17986153529316404,0.6196874449297561,0.012120150814692032,0.003703703703703709,0.00919831461411659,0.44062500000000004,0.12411721056821652,0.11123262026579431,0.0,0.672736193436942,0.5888368383916066,0.2818695488578155,0.3366547743221884,0.394962648927602,happy,03,15,15,male,strong,1697
70,2.3356666666666666,True,1.0,0.4287542392707579,0.42275112082119215,0.425752680045975,0.6961821373161782,-0.06541666666666662,-0.06162037037037038,0.4909080324242,0.2409500381173973,0.1729184315296481,0.6115535823531408,0.0060031184495657475,0.003796296296296242,0.00660736126166045,0.4156071738395513,0.12154095718487622,0.11404198129031314,0.0,0.8428179564519981,0.636171083714736,0.3020677562563075,0.3278614168100214,0.4224001749428098,happy,03,15,15,male,strong,1697
80,2.6693333333333333,True,1.0,0.20702068498776924,0.19775294194199403,0.20238681346488163,0.6958376250428527,-0.07314814814814807,-0.06745370370370368,0.5078491571542356,0.22322038801430824,0.16875045211166292,0.29085350688304296,0.009267743045775212,0.005694444444444391,0.00895955892112836,0.4290748563000151,0.12056407338798171,0.11507424550325374,0.0,0.8151733209697949,0.6344189353397609,0.30145191752401923,0.3194565507834811,0.41177223906737975,happy,03,15,15,male,strong,1697
90,3.003,True,1.0,0.41177781014639053,0.39995663970451306,0.4058672249254518,0.7709476948300851,-0.06828703703703715,-0.0639351851851852,0.49664763084945385,0.26910399723434997,0.16667811036558888,0.5264523490337485,0.011821170441877471,0.00435185185185194,0.019886104856472506,0.3859605230044381,0.1224074881605352,0.11311138144530085,0.0,0.9999999987499999,0.6391765823516907,0.2996411961210202,0.328901037719813,0.42754487478597225,happy,03,15,15,male,strong,1697
100,3.336666666666667,True,1.0,0.44903173748989333,0.4218704830539615,0.4354511102719274,0.7745822776256293,-0.06884259259259262,-0.0640277777777778,0.46310076492888297,0.3245966823646168,0.17154378949249435,0.5621754109928002,0.027161254435931814,0.004814814814814827,0.018805425841812717,0.3807466683833529,0.12166791734868798,0.1139065215792572,0.0,0.6895863470712154,0.6382325970544469,0.3011582868424204,0.32634149132458107,0.42635839121855634,happy,03,15,15,male,strong,1697
0,0.0,True,1.0,0.4808925116123677,0.495235992075956,0.4880642518441618,0.5318565978314587,-0.06587962962962957,-0.06412037037037038,0.40862712719828304,0.24647013070238338,0.1660094520457294,0.9176613655525726,0.014343480463588298,0.0017592592592591827,0.010139998962770052,0.5099603723333676,0.12535997681110003,0.10983011419719442,0.0,0.6601521357520169,0.649614935028699,0.29791460780927603,0.30474042329932377,0.40356290920146043,happy,03,15,15,male,strong,1698
10,0.33366666666666667,True,1.0,0.48133691245858534,0.48831650863949005,0.4848267105490377,0.5020406705621716,-0.06504629629629627,-0.06374999999999992,0.41413403670715443,0.22527465986764067,0.16672204687006273,0.9657120209128511,0.0069795961809047125,0.001296296296296351,0.008355831451626392,0.521757070387812,0.12165398212105373,0.1139214045033423,0.0,0.9999999987499999,0.6490050452212134,0.29959147671967357,0.3014940782014681,0.4091574212522947,happy,03,15,15,male,strong,1698
20,0.6673333333333333,True,1.0,0.489804948414577,0.4723495034714841,0.48107722594303054,0.4984341958786892,-0.06648148148148153,-0.06560185185185169,0.4171305484459211,0.23643673394245518,0.16320613160906816,0.9651770081604051,0.017455444943092924,0.0008796296296298411,0.012671407531729205,0.5217570703878109,0.1236015704292785,0.11180531989972681,0.0,0.6296919201716192,0.6509924449936225,0.299717745994181,0.30083408288160207,0.4086255505963888,happy,03,15,15,male,strong,1698
30,1.0010000000000001,True,1.0,0.23845339808652907,0.23546094802226503,0.23695717305439706,0.7085128868853903,-0.07754629629629634,-0.07768518518518519,0.41176580069374086,0.3155937813094676,0.17222399420151355,0.3344429966490186,0.002992450064264046,0.0001388888888888551,0.007052588101183583,0.38904109110731333,0.12147360559706434,0.11411371921636393,0.0,0.695788955047964,0.6524727182044693,0.30038457550938097,0.2998092094288221,0.39920541988263203,happy,03,15,15,male,strong,1698
40,1.3346666666666667,True,1.0,0.47938387304625935,0.47324386655414985,0.4763138698002046,0.5925525931136345,-0.06657407407407406,-0.06398148148148153,0.45769999534406525,0.21494554848239675,0.17430949483188374,0.8038339133702203,0.0061400064921094955,0.0025925925925925353,0.012845452446632962,0.4967106938251327,0.12016041369848132,0.11549568281835226,0.0,0.910854107806004,0.6453552808779762,0.29821633583639795,0.3083368060242484,0.41649946693274137,happy,03,15,15,male,strong,1698
50,1.6683333333333334,True,1.0,0.4061632668186314,0.4148001183521419,0.4104816925853867,0.6907583121157475,-0.0656018518518518,-0.06273148148148155,0.47104205546534483,0.237791932059448,0.1694484967301334,0.5942479234569152,0.008636851533510514,0.0028703703703702454,0.012319824899094093,0.42416229444395415,0.12388523805516097,0.11149092143517056,0.0,0.6888800302307642,0.6468503235747425,0.2975531332007031,0.3221154585504948,0.43196904292414834,happy,03,15,15,male,strong,1698
60,2.0020000000000002,True,1.0,0.3973500288135232,0.41408838323488134,0.4057192060242023,0.5006750595585445,-0.06425925925925935,-0.06120370370370376,0.42954127386630203,0.2503127808376648,0.17500392364463044,0.8103443506491681,0.016738354421358126,0.003055555555555589,0.015441076232288662,0.6051442433533774,0.12166578110213912,0.11390880334246972,0.0,0.6790434650031935,0.6445915850480819,0.2992011868212553,0.3127681438965897,0.41166603044751265,happy,03,15,15,male,strong,1698
70,2.3356666666666666,True,1.0,0.44897087227003407,0.43688338318040365,0.44292712772521886,0.660956826922546,-0.06643518518518515,-0.06166666666666665,0.46783266689435254,0.24499833667695772,0.17083735267438857,0.6701301956249,0.012087489089630421,0.004768518518518505,0.01108778627101284,0.44609971084753314,0.12121650921379491,0.11438678098506226,0.0,0.6659380446916573,0.642134931410064,0.3003674978107271,0.32057897699038845,0.4264185411642251,happy,03,15,15,male,strong,1698
80,2.6693333333333333,True,1.0,0.3942714840991034,0.3601136084435412,0.37719254627132226,0.7179822213533366,-0.06851851851851853,-0.06310185185185191,0.4852576218323372,0.2555616641147557,0.17017520715864085,0.5253508165708418,0.03415787565556222,0.005416666666666625,0.025011080611600185,0.4015815185946251,0.12245473500588591,0.11306023016412366,0.0,0.7071067807446058,0.6387500567492622,0.3012813203318642,0.32770527523048393,0.42829033709984793,happy,03,15,15,male,strong,1698
90,3.003,True,1.0,0.35318255976475066,0.3395969681090936,0.3463897639369221,0.7023922530996728,-0.06666666666666671,-0.06388888888888888,0.5104159402677837,0.21874508634446482,0.16877893270488478,0.49315715315522957,0.013585591655657037,0.0027777777777778234,0.020949527233677243,0.40842090706972234,0.12237721535357407,0.11314413344225559,0.0,0.7071067807446058,0.6420297200520834,0.2980053725202747,0.3302718872831387,0.42688518900838923,happy,03,15,15,male,strong,1698
100,3.336666666666667,True,1.0,0.39390120254320976,0.38646180667398594,0.39018150460859785,0.7596189287833627,-0.06935185185185172,-0.06421296296296297,0.5011873983050248,0.24961919021289977,0.1673902838797571,0.5136542677175367,0.007439395869223819,0.0051388888888887485,0.017396383612446116,0.3949348661973079,0.12152739876733165,0.11405642953802088,0.0,0.723980784896234,0.6388526815648136,0.3008165204239531,0.32690640984798774,0.4240031813776085,happy,03,15,15,male,strong,1698
110,3.6703333333333332,True,1.0,0.43417307807343164,0.3856724740007795,0.4099227760371056,0.7442579138759379,-0.06833333333333325,-0.06333333333333335,0.5046694247659903,0.232403355983636,0.1660181837584221,0.550780540447752,0.048500604072652165,0.004999999999999893,0.015489879937403146,0.3925415656503995,0.12410350560063528,0.11124791084810265,0.0,0.6484303432826691,0.6388182192173745,0.3011579478480422,0.3285860318497526,0.42986481975522023,happy,03,15,15,male,strong,1698
0,0.0,True,1.0,0.5770712631160863,0.5645977958346085,0.5708345294753474,0.5178345502475292,-0.06981481481481483,-0.06624999999999998,0.4073406152987945,0.21953767253071826,0.17788760713328214,1.10234925267633,0.012473467281477801,0.003564814814814854,0.03354723124488337,0.4872675849697814,0.12126366990528423,0.11433678380602201,0.0,0.6807104750275907,0.6437463144242073,0.2954621164089264,0.2945909110176061,0.3869926905564792,happy,03,15,15,male,strong,1699
10,0.33366666666666667,True,1.0,0.5342169662389198,0.5177404276356409,0.5259786969372804,0.4819712050512636,-0.06930555555555551,-0.06643518518518526,0.4187008853834969,0.22827714132689578,0.17225810125013308,1.0913073051352435,0.016476538603278912,0.0028703703703702454,0.015197317581498102,0.5501601300629386,0.12438873188457789,0.11092890133180887,0.0,0.7055704260442827,0.6528136573066726,0.2938830755025801,0.3032515046486421,0.39764220124530164,happy,03,15,15,male,strong,1699
20,0.6673333333333333,True,1.0,0.47235591695615964,0.4654532581141188,0.4689045875351392,0.512492115835453,-0.06949074074074085,-0.06833333333333336,0.42318752394569437,0.2561496485181691,0.17084047876316596,0.9149498559031325,0.006902658842040832,0.0011574074074074958,0.020527162085318653,0.5370778413093428,0.12181848358582148,0.11374548266559281,0.0,0.8426451038226874,0.6471231779586836,0.29565752764265785,0.3049742909073113,0.39897780188019266,happy,03,15,15,male,strong,1699
30,1.0010000000000001,True,1.0,0.4281573805613742,0.4189834753421891,0.4235704279517817,0.7073414740268499,-0.07092592592592589,-0.06870370370370366,0.4504206473565787,0.3013745107144742,0.16947325859287182,0.5988202919028942,0.009173905219185097,0.0022222222222222365,0.019608169159896993,0.4069046010963737,0.12152379018774151,0.11406027436672624,0.0,0.6797199125222213,0.640232298982093,0.2999115292244549,0.31502029272864174,0.4112302653451002,happy,03,15,15,male,strong,1699
40,1.3346666666666667,True,1.0,0.39698407459852925,0.3826099270602682,0.3897970008293987,0.6513249718707596,-0.07120370370370366,-0.06550925925925916,0.47591458239970647,0.2207881260578846,0.17500174385291845,0.5984677659599162,0.01437414753826105,0.005694444444444502,0.01163746376738482,0.4576271186440673,0.12220678980829709,0.11332818843941243,0.0,0.7071067807446058,0.644233908258616,0.29873606215333987,0.3214753875473316,0.4224192696716152,happy,03,15,15,male,strong,1699
50,1.6683333333333334,True,1.0,0.3461140677135738,0.3455222412505845,0.34581815448207914,0.5925761229301423,-0.06944444444444448,-0.06638888888888883,0.44105230249680427,0.2962130920132764,0.159726521162331,0.5835843549890164,0.0005918264629892755,0.0030555555555556446,0.019994366890067387,0.46156658146171853,0.126318866238109,0.10872590217110752,0.0,0.702351824925031,0.5772236234650111,0.27884633516332286,0.3288245691735987,0.359224866156089,happy,03,15,15,male,strong,1699
60,2.0020000000000002,True,1.0,0.3368350031525781,0.3312997303017975,0.3340673667271878,0.6680021877468061,-0.06851851851851848,-0.06319444444444444,0.48324277635219703,0.21008881606726712,0.17639061901081718,0.5000992105340377,0.005535272850780593,0.005324074074074037,0.010821316671539403,0.4445381566393269,0.1199405732432574,0.11572396752660284,0.0,0.71342168788397,0.6345365207020308,0.30299412280939547,0.3243981746288761,0.41736127403892676,happy,03,15,15,male,strong,1699
70,2.3356666666666666,True,1.0,0.3947165478661383,0.4220238572643864,0.40837020256526235,0.6903699983220376,-0.06592592592592594,-0.06125000000000008,0.5113380188933937,0.2163160257580131,0.1680923239539125,0.5915236808636193,0.027307309398248103,0.004675925925925861,0.019922610747619942,0.4374477840830538,0.12405790782126772,0.11129875685477766,0.0,0.6893797639138552,0.6377630989974116,0.3020079705894292,0.3312890919858072,0.4309215642541926,happy,03,15,15,male,strong,1699
80,2.6693333333333333,True,1.0,0.38788439553102705,0.38469053015354776,0.38628746284228743,0.7198893021776948,-0.06851851851851853,-0.06351851851851847,0.5145404693277614,0.2261852088302634,0.1666831453442137,0.5365928645886971,0.003193865377479288,0.00500000000000006,0.018731892312666282,0.4187111545590793,0.12108300787688078,0.11452808814234279,0.0,0.6919922427640013,0.6432813099849315,0.30006172503697925,0.32810700197150505,0.4302714322204774,happy,03,15,15,male,strong,1699
90,3.003,True,1.0,0.42351919722560105,0.42940200741554024,0.42646060232057065,0.722934028851821,-0.06777777777777777,-0.06435185185185188,0.5149104833885388,0.20857089628193062,0.16810094747546458,0.5899025157217794,0.005882810189939192,0.003425925925925888,0.017568902357566193,0.40593425882446993,0.12043619621053793,0.11520807442302647,0.0,0.9197885134315237,0.6410917355145184,0.3015606999674975,0.3250788157468815,0.430599429916692,happy,03,15,15,male,strong,1699
0,0.0,True,1.0,0.5115942202406573,0.48033865034933276,0.495966435294995,0.4990753452801022,-0.06314814814814812,-0.06254629629629632,0.4003818091808828,0.26255619803258334,0.16666666666666669,0.9937706600526172,0.0312555698913245,0.0006018518518517979,0.011856527568836366,0.5185328223744438,0.12618964858779388,0.10887584837719776,0.0,0.8036255783918648,0.6424312616765456,0.29570469457953247,0.3108103974628074,0.4078851948419879,sad,04,15,15,male,normal,1700
10,0.33366666666666667,True,1.0,0.5273401780846269,0.4953092448513789,0.5113247114680028,0.610372194721127,-0.06398148148148153,-0.06444444444444442,0.3837322584341823,0.2779715917080298,0.16736111111111113,0.8377260889179626,0.03203093323324796,0.0004629629629628873,0.020119322379126538,0.4498594408836545,0.12373055188906264,0.11166256445002501,0.0,0.6924368644695136,0.6430297021777461,0.296596891493199,0.30390784844558133,0.4025695137043091,sad,04,15,15,male,normal,1700
20,0.6673333333333333,True,1.0,0.5185589496197908,0.4953092448513783,0.5069340972355845,0.8051977851342228,-0.06305555555555559,-0.0637037037037037,0.3762832174982036,0.35385963005354126,0.1673652138389615,0.6295771133437493,0.023249704768412482,0.0006481481481481199,0.015180739567794822,0.33929607696095293,0.12302808157332075,0.11243606589739216,0.0,0.8067712943749958,0.6411490515972014,0.29758375314361596,0.30353352271949113,0.402887706779127,sad,04,15,15,male,normal,1700
30,1.0010000000000001,True,1.0,0.4953715049632593,0.465139011499522,0.4802552582313907,0.8672118380604852,-0.062361111111111145,-0.06199074074074079,0.3782519846267903,0.357768627122029,0.16805737146774885,0.5537923228832751,0.030232493463737298,0.00037037037037035425,0.017033012529483135,0.3217048722678102,0.12324373978686726,0.1121996362455775,0.0,0.9452043375694716,0.6401967311377675,0.29962297878615324,0.3040607110710188,0.4022239684204845,sad,04,15,15,male,normal,1700
40,1.3346666666666667,True,1.0,0.47422051321474606,0.4516478754104981,0.46293419431262206,0.880797283452517,-0.060462962962962885,-0.06064814814814817,0.378744807450178,0.37152895893441595,0.17153178084657758,0.5255854020099036,0.022572637804247953,0.00018518518518528815,0.011157039008850688,0.32552018404136424,0.1255854547947261,0.10939820550087091,0.0,0.7688052614921554,0.5869571360419168,0.27813986824655706,0.3066954509143656,0.3605340433275477,sad,04,15,15,male,normal,1700
50,1.6683333333333334,True,1.0,0.5041978225020811,0.5018452124430088,0.503021517472545,0.7616697338613128,-0.06412037037037033,-0.06351851851851859,0.38900680743139837,0.3340494073188114,0.1777794943832596,0.6604194641192566,0.00235261005907228,0.0006018518518517424,0.005713265878874246,0.36553501156369295,0.1220509294526854,0.11349602808002661,0.0,0.6866024854045998,0.6351426917251276,0.29879377891403086,0.3021481883965967,0.39264722977163585,sad,04,15,15,male,normal,1700
60,2.0020000000000002,True,1.0,0.5102058792603248,0.47319888922290027,0.4917023842416125,0.7251581317926346,-0.06347222222222226,-0.06250000000000006,0.40142166250911604,0.2913581779523976,0.17639061901081726,0.6780622910841455,0.037006990037424525,0.0009722222222222077,0.001675152180602798,0.40178571428571397,0.12370787781007746,0.11168768391391544,0.0,0.6952579512649701,0.6374390329334859,0.29834365385352096,0.3108086621456194,0.4035795137473908,sad,04,15,15,male,normal,1700
70,2.3356666666666666,True,1.0,0.5381060096628814,0.5142939368502919,0.5261999732565866,0.808681035872257,-0.06296296296296305,-0.06194444444444441,0.3886926743889707,0.3115278100772527,0.18055597810614288,0.650689146789523,0.023812072812589458,0.0010185185185186407,0.005273811057404041,0.36883677777735063,0.1229359866804006,0.11253675377016802,0.0,0.7806781695497269,0.6416745794255202,0.2957924468749612,0.30018092852971673,0.4060434772896526,sad,04,15,15,male,normal,1700
80,2.6693333333333333,True,1.0,0.5488823357897206,0.5133349763497355,0.531108656069728,0.6893784629135047,-0.06296296296296289,-0.061435185185185204,0.38869267438897104,0.2717583024078151,0.17778164011680334,0.7704166646360193,0.035547359439985105,0.0015277777777776835,0.0009412810326488565,0.4110336446357585,0.12561525237172264,0.10918964349744355,0.0,0.8063209811593676,0.5878325867378202,0.2783681197455349,0.2983315099230239,0.350406501207166,sad,04,15,15,male,normal,1700
90,3.003,True,1.0,0.5476511456373763,0.5298407339585246,0.5387459397979504,0.5576140134330896,-0.06268518518518518,-0.060694444444444495,0.4008828076914351,0.20098320451177681,0.1805572457519714,0.9661628417137991,0.017810411678851668,0.001990740740740682,0.004333162488579038,0.5106604996003072,0.12323723257748205,0.11220678355977112,0.0,0.8510213338496382,0.6414230080938624,0.29419248073535065,0.29944912669823337,0.4069265388619655,sad,04,15,15,male,normal,1700
100,3.336666666666667,True,1.0,0.5670882497382709,0.5291149758732762,0.5481016128057735,0.5652461037349235,-0.06287037037037035,-0.06064814814814812,0.38403401212470945,0.23549809035252678,0.1805572457519714,0.9696689799082808,0.03797327386499472,0.0022222222222222365,0.0013318670629969623,0.496062898041448,0.12140859573974142,0.11418288247509017,0.0,0.8137316085335993,0.6414210940938876,0.29292431227525667,0.2951204112928348,0.40681075205175304,sad,04,15,15,male,normal,1700
0,0.0,True,1.0,0.5185589496197908,0.5019254985007414,0.5102422240602661,0.8180549943610926,-0.06435185185185194,-0.062268518518518556,0.3674882318650446,0.36669706309134054,0.16806281908660353,0.6237260668016205,0.016633451119049347,0.0020833333333333814,0.0054032430116679716,0.339861266692345,0.12280411688333491,0.11268064007058493,0.0,0.895915129061411,0.6333947759181798,0.3009718472135255,0.3083716664743685,0.40344797102749386,sad,04,15,15,male,normal,1701
10,0.33366666666666667,True,1.0,0.5392901554503442,0.49363066185372756,0.5164604086520359,0.8181703905190615,-0.06310185185185191,-0.06157407407407417,0.3696435296539015,0.36669706309134187,0.1680669046848666,0.631238204946997,0.04565949359661664,0.001527777777777739,0.0052437716221560345,0.3398133320752127,0.12322641756326484,0.11221866059092431,0.0,0.8872851067204203,0.6332002179934474,0.3018607870561861,0.3093379616275297,0.40430394121728036,sad,04,15,15,male,normal,1701
20,0.6673333333333333,True,1.0,0.530493239054337,0.5219620565893507,0.5262276478218438,0.8258533876454368,-0.06416666666666665,-0.062499999999999944,0.3713763927121773,0.3569204128327883,0.17222620914999012,0.6371925764234667,0.008531182464986298,0.0016666666666667052,0.006737188161959793,0.3241378114192806,0.12642196720011117,0.10860600342503303,0.0,0.6873926900676078,0.5878243357811875,0.2776724099252787,0.29957345516026773,0.3550537454050988,sad,04,15,15,male,normal,1701
30,1.0010000000000001,True,1.0,0.5159108945930637,0.4937618762236081,0.504836385408336,0.8465137930072368,-0.06564814814814823,-0.06324074074074065,0.36737856695973103,0.3738604961895087,0.17501089879566245,0.5963711277697045,0.022149018369455598,0.00240740740740758,0.007108168235035888,0.3378964234113438,0.12621441437004327,0.10884713765597125,0.0,0.732516618598579,0.5896798095644508,0.2769685916347218,0.2986210450889344,0.35659418082920896,sad,04,15,15,male,normal,1701
40,1.3346666666666667,True,1.0,0.5193617846321519,0.4873882595158828,0.5033750220740174,0.9659113597315222,-0.07935185185185184,-0.07875000000000004,0.3681110547994396,0.41994750656168045,0.1875036620736129,0.5211399752187736,0.03197352511626905,0.0006018518518517979,0.003761784176469305,0.29346850937535685,0.12254203383432663,0.11296560411842742,0.0,0.925693908357615,0.6358470387373699,0.2976907730086774,0.31328326940528756,0.4094172319921592,sad,04,15,15,male,normal,1701
50,1.6683333333333334,True,1.0,0.5319102902763742,0.5214574810734207,0.5266838856748974,0.6401352314429058,-0.07328703703703698,-0.07337962962962963,0.3654896000361143,0.3057468573875037,0.19238649301055735,0.8227697208412013,0.01045280920295344,9.259259259264407e-05,0.00021106298075985094,0.46235553646375704,0.12287306900760749,0.11260544694980303,0.0,0.6852464425676289,0.6380639468209159,0.293839882624668,0.2972923527064658,0.4081967989536749,sad,04,15,15,male,normal,1701
60,2.0020000000000002,True,1.0,0.5643679578049418,0.5643729677392593,0.5643704627721005,0.777742003595163,-0.07287037037037036,-0.07263888888888892,0.3743051025839053,0.34024496252356384,0.1895849430449061,0.725652543084032,5.00993431751251e-06,0.00023148148148144365,0.0031870208613302958,0.35199796565642155,0.12569208144047125,0.10910119402932175,0.0,0.7921597981500763,0.5860986012139232,0.2780290182853356,0.3052258611140596,0.3602698079458284,sad,04,15,15,male,normal,1701
70,2.3356666666666666,True,1.0,0.549952928809194,0.5642555590038885,0.5571042439065412,0.7056590915964008,-0.07041666666666668,-0.07023148148148145,0.3841526139955489,0.31888497145248385,0.18264264843016145,0.7894807146127935,0.014302630194694466,0.00018518518518523264,0.0005971201430365217,0.40021696977692334,0.12839364791848915,0.10626781707135036,0.0,0.9999999987499999,0.5874252747583408,0.27813780196742055,0.30584303010805775,0.3584623415177714,sad,04,15,15,male,normal,1701
80,2.6693333333333333,True,1.0,0.5525957937401269,0.5361773304652143,0.5443865621026707,0.5791216074489234,-0.06745370370370368,-0.06745370370370368,0.38941048909147846,0.22220207080950402,0.18402819235573065,0.9400211546254277,0.016418463274912587,0.0,0.0028370601271814314,0.47088994425420294,0.1260880563419784,0.1089934852106881,0.0,0.9999999987499999,0.5864738382071579,0.2783351891612779,0.30915401888841165,0.36851490759319655,sad,04,15,15,male,normal,1701
90,3.003,True,1.0,0.5686647108832302,0.5214574810734196,0.5450610959783249,0.5832861124850686,-0.06824074074074071,-0.06837962962962962,0.39550619123040553,0.24524529729485853,0.17847264970529486,0.9344660953028909,0.047207229809810625,0.0001388888888889106,0.010137033128151129,0.4474431818181827,0.1222359312617699,0.11329675581705267,0.0,0.8756625595154426,0.6325421869763531,0.3013784761631201,0.310212217274562,0.4094725286351312,sad,04,15,15,male,normal,1701
0,0.0,True,1.0,0.503758283615216,0.4810183554389134,0.49238831952706474,0.5062090674358788,-0.06421296296296303,-0.06226851851851839,0.42740615008622534,0.22215451282935703,0.16666849771129597,0.9726975496926185,0.022739928176302604,0.0019444444444446374,0.003694193034836574,0.4800022639615961,0.12322890717489458,0.11204601848897283,0.0,0.6834354140912536,0.6437004337907037,0.29584211694393836,0.3124685311921224,0.41776385342736605,sad,04,15,15,male,normal,1702
10,0.33366666666666667,True,1.0,0.5332226508591286,0.49388580456758924,0.5135542277133589,0.4949306004363202,-0.06449074074074074,-0.06407407407407406,0.4163864760532568,0.20937193938732043,0.16597268190058667,1.037628765044272,0.03933684629153933,0.0004166666666666763,0.01493685002590546,0.5054059076405116,0.12341574302545184,0.11201041087238357,0.0,0.6725431080985127,0.6417988092815251,0.2963329232266701,0.30933503136128276,0.4125675491715386,sad,04,15,15,male,normal,1702
20,0.6673333333333333,True,1.0,0.518428830164466,0.47966633901134714,0.49904758458790655,0.5332092308996974,-0.06555555555555559,-0.06495370370370362,0.41396843331600763,0.24119206951799238,0.16458379689082922,0.935932005051471,0.038762491153118805,0.0006018518518519644,0.013650289563760715,0.4693122087444202,0.12506716523331501,0.11016343291236665,0.0,0.6286195974487051,0.6439195422153237,0.2959226170761295,0.30513372772758074,0.41012608099256653,sad,04,15,15,male,normal,1702
30,1.0010000000000001,True,1.0,0.4889585730272246,0.4590659023676806,0.4740122376974526,0.849145795553365,-0.06805555555555565,-0.06481481481481488,0.4028174754311964,0.3859613443557452,0.1708333333333334,0.5582224397502338,0.02989267065954404,0.0032407407407407662,0.004638646535811711,0.29866916005312416,0.1212761037337331,0.11432359526013004,0.0,0.6546091696488462,0.6422269109909589,0.2957022300211658,0.3088937604431008,0.41379743823902243,sad,04,15,15,male,normal,1702
40,1.3346666666666667,True,1.0,0.48115392586407413,0.451779142012639,0.4664665339383566,0.74230663820363,-0.06837962962962973,-0.06814814814814818,0.42100781292540923,0.3346322082372685,0.17361111111111116,0.6284014043942784,0.029374783851435105,0.00023148148148155467,0.0057320050451505535,0.3784129286104468,0.12321795807661844,0.11222794918273328,0.0,0.7469392115212489,0.640497584752651,0.29413310990230246,0.31160801286236334,0.40560857490350316,sad,04,15,15,male,normal,1702
50,1.6683333333333334,True,1.0,0.5304932390543369,0.5080539634085559,0.5192736012314464,0.5786920404023584,-0.06796296296296295,-0.06629629629629624,0.40080764350591186,0.3278230608568038,0.1770872108184554,0.8973228677387733,0.022439275645780965,0.0016666666666667052,0.0016122313383187257,0.47537100370764684,0.12437822972810389,0.11094067667055324,0.0,0.8474354202019836,0.6352239240149186,0.2953505340191962,0.31310010122170995,0.40094076915629745,sad,04,15,15,male,normal,1702
60,2.0020000000000002,True,1.0,0.5102058792603226,0.49376187622360695,0.5019838777419647,0.7418414398203186,-0.06791666666666668,-0.06546296296296289,0.40270612029856395,0.3069544364508403,0.17778464410025663,0.6766727373218059,0.016444003036715615,0.002453703703703791,0.005529104396017491,0.3689202201633319,0.12225576480838045,0.11327535363593239,0.0,0.7071067807446058,0.6333186050513955,0.2986748588454218,0.3095240042192808,0.40107608531352534,sad,04,15,15,male,normal,1702
70,2.3356666666666666,True,1.0,0.5362408974861387,0.5361766789119324,0.5362087881990356,0.626647390266181,-0.06601851851851842,-0.06291666666666668,0.4039679734103016,0.2493800838814396,0.18194486376946223,0.85567864245197,6.421857420624288e-05,0.0031018518518517446,0.007553454376533222,0.436224489795919,0.12572568473412557,0.10941128812305924,0.0,0.7973468599669067,0.5874161206513855,0.2774944393072358,0.2985628507296291,0.35626944908063685,sad,04,15,15,male,normal,1702
80,2.6693333333333333,True,1.0,0.5437489588329941,0.51401092941361,0.5288799441233021,0.5627037790145302,-0.06495370370370368,-0.06337962962962962,0.40527551332930745,0.21101391713044804,0.17708721081845544,0.9398905140632534,0.029738029419384082,0.001574074074074061,6.318877137024796e-05,0.47301136363636304,0.12718793172515444,0.10770797460819158,0.0,0.6523291832765737,0.5901837828959708,0.2766543185842022,0.3060507707620363,0.3679177954904902,sad,04,15,15,male,normal,1702
90,3.003,True,1.0,0.5437489588329942,0.5214574810734199,0.5326032199532071,0.561947582412158,-0.06412037037037033,-0.0622685185185185,0.3989578331122936,0.22214631693083275,0.17708376416920632,0.9477809614679891,0.022291477759574296,0.0018518518518518268,0.0007484168674789255,0.4839702204834856,0.12564151109341531,0.10950793788867484,0.0,0.6860974019422408,0.5988964754808174,0.27747795376578493,0.3001319194222504,0.36550308779123164,sad,04,15,15,male,normal,1702
0,0.0,True,1.0,0.43795297186123733,0.40559706661692363,0.42177501923908045,0.49105093457258925,-0.06828703703703703,-0.06990740740740742,0.41458163938109477,0.28996073266826383,0.15213349094410566,0.8589231575461586,0.0323559052443137,0.0016203703703703831,0.043417090945095306,0.5272352590839445,0.12979813248333597,0.10454770477938449,0.0,0.6768603807862055,0.5867030914865946,0.2767630481868552,0.32756992188756445,0.37234504422956555,sad,04,15,15,male,normal,1703
10,0.33366666666666667,True,1.0,0.510513892926025,0.47112898397207253,0.4908214384490488,0.46818800430051455,-0.06569444444444444,-0.06680555555555556,0.4097257892099928,0.26608786168308846,0.16057068668037444,1.0483426186502776,0.03938490895395247,0.0011111111111111183,0.039658670759416495,0.5675319555197752,0.12055570158604592,0.11508301605751403,0.0,0.7071067807446058,0.6471376490752552,0.2980324916650038,0.29420358418647247,0.3904557592340235,sad,04,15,15,male,normal,1703
20,0.6673333333333333,True,1.0,0.5085604868590676,0.4761254157490541,0.49234295130406086,0.48510967672851457,-0.06629629629629624,-0.06648148148148153,0.4162110692052333,0.2418932040849042,0.1640080193198935,1.0149105963507594,0.032435071110013536,0.00018518518518528815,0.026678361847073354,0.5372414692859986,0.12794375282542794,0.1068090533780566,0.0,0.7445680553398283,0.5871850087613171,0.2753976390264477,0.30956107168870134,0.36131763409583184,sad,04,15,15,male,normal,1703
30,1.0010000000000001,True,1.0,0.48029107477105665,0.48033865034933393,0.4803148625601953,0.8211018870915693,-0.06606481481481491,-0.06671296296296292,0.380872291326158,0.40342747338636886,0.16955967165893676,0.5849637786871029,4.7575578277281316e-05,0.0006481481481480089,0.023066410703369088,0.3447492834197445,0.12698804106569272,0.10776693021976577,0.0,0.9999999987499999,0.5813992471754327,0.27759956427045274,0.3083265090327794,0.3587509212280077,sad,04,15,15,male,normal,1703
40,1.3346666666666667,True,1.0,0.45153869865748836,0.45183624535161643,0.4516874720045524,0.7660912482546086,-0.06351851851851847,-0.06574074074074077,0.39319688943827447,0.34265829855228686,0.16949891706985043,0.5896000940274874,0.0002975466941280702,0.002222222222222292,0.012220438307400008,0.35519398297719057,0.1245702273033328,0.11072504793354673,0.0,0.8411634317345366,0.592037654327356,0.2807396112454546,0.30485910732018384,0.3675021074508437,sad,04,15,15,male,normal,1703
50,1.6683333333333334,True,1.0,0.5125213866795227,0.49571740678839116,0.504119396733957,0.5973689702319247,-0.06620370370370371,-0.06620370370370371,0.38552961091671034,0.3124698635420487,0.17569487868612618,0.8438995358902486,0.016803979891131582,0.0,0.0009741913482809342,0.45769222076122074,0.12499185730925805,0.11024887018272943,0.0,0.7071067807446058,0.5933170899375375,0.2800464323330712,0.3045301509060874,0.3690661007862893,sad,04,15,15,male,normal,1703
60,2.0020000000000002,True,1.0,0.5037582836152148,0.4873882595158829,0.49557327156554887,0.708184743515881,-0.07097222222222227,-0.07180555555555557,0.3995420952987597,0.29396347844055415,0.18263930661951858,0.6997796494530606,0.016370024099331915,0.0008333333333332971,0.0003379603530661419,0.4037430005168612,0.12198872409484873,0.11356288550405061,0.0,0.7525373416498183,0.6456950566398435,0.30309238157380214,0.3047511579021912,0.39483980354368026,sad,04,15,15,male,normal,1703
70,2.3356666666666666,True,1.0,0.5100652576109048,0.5161290322580642,0.5130971449344846,0.788638262322473,-0.07629629629629625,-0.07787037037037031,0.39937663444679533,0.347535505430242,0.18611275085435394,0.6506115280578155,0.006063774647159348,0.001574074074074061,0.0030287458143399607,0.352754237288135,0.12327688630536379,0.11199322803379431,0.0,0.9999999987499999,0.5925881440779438,0.2833607022607666,0.3130818820491247,0.3724828329653997,sad,04,15,15,male,normal,1703
80,2.6693333333333333,True,1.0,0.5100652576109059,0.516255009573906,0.513160133592406,0.5880844750062548,-0.07194444444444442,-0.07388888888888878,0.3945567821078134,0.2739939031279143,0.18611275085435405,0.8725959541559876,0.00618975196300009,0.0019444444444443598,0.0061202948926203276,0.48632679607712775,0.1250560312960909,0.11017607184338483,0.0,0.7583576353776318,0.5785381383334585,0.27989082068253307,0.3182739935881489,0.3721829380287124,sad,04,15,15,male,normal,1703
90,3.003,True,1.0,0.4803386503493333,0.5019254985007414,0.49113207442503737,0.5833293870693536,-0.07226851851851851,-0.07393518518518516,0.3785462949415927,0.31246986354204853,0.18194486376946217,0.8419463948018882,0.0215868481514081,0.0016666666666666496,0.009736274137858868,0.48268710112225466,0.12789043236440772,0.10687289216850027,0.0,0.6668601443667823,0.5803098527848639,0.277477489239296,0.3206084005611852,0.37083490924029455,sad,04,15,15,male,normal,1703
0,0.0,True,1.0,0.4934641929324531,0.4851752544412169,0.48931972368683496,0.5508342851133329,-0.07129629629629625,-0.06374999999999997,0.3816301469047774,0.3022127310074963,0.16672204687006278,0.8883247410537609,0.008288938491236186,0.007546296296296273,0.047832575511950394,0.4872675849697814,0.13135374800361177,0.10258640580820176,0.0,0.6475911960708731,0.5934808171315401,0.2748554114412517,0.3027989443358327,0.35721646189217376,sad,04,15,15,male,strong,1704
10,0.33366666666666667,True,1.0,0.4925314987502386,0.4774811670708859,0.4850063329105623,0.5215085713005496,-0.06962962962962976,-0.062083333333333324,0.38491203205032026,0.3013981433931551,0.16675636420940668,0.9300064459171644,0.015050331679352713,0.00754629629629644,0.05303856332987295,0.5132806021012501,0.12787948647749434,0.1068859893017847,0.0,0.6974581005524403,0.5950065799991873,0.2759481231715391,0.3093956074422324,0.36498535630082013,sad,04,15,15,male,strong,1704
20,0.6673333333333333,True,1.0,0.4887495941225139,0.4698416156642782,0.47929560489339607,0.4596286353332015,-0.07023148148148162,-0.06398148148148153,0.38099938009514767,0.3261289943767687,0.16814451219010665,1.042788825691718,0.01890797845823572,0.006250000000000089,0.05787771835131542,0.5677406208109722,0.12645211158178105,0.10857090423777548,0.0,0.7424569626150574,0.5922485372664691,0.273209704367322,0.29902444220508456,0.35772700283409076,sad,04,15,15,male,strong,1704
30,1.0010000000000001,True,1.0,0.5293399101807197,0.5052007663556126,0.5172703382681662,0.8636652942752122,-0.07180555555555551,-0.06763888888888886,0.4036838108893984,0.4641260244251648,0.16825564184553238,0.5989245390510445,0.024139143825107068,0.004166666666666652,0.052333787142297465,0.33756017342662503,0.12218249737503979,0.11335437841295982,0.0,0.7830348971387447,0.6400180905174571,0.30073924524975204,0.3121165231799704,0.4158653606593921,sad,04,15,15,male,strong,1704
40,1.3346666666666667,True,1.0,0.45680357985126263,0.48395464374586766,0.4703791117985652,0.9587150410967422,-0.09310185185185177,-0.0933796296296297,0.37553313439506264,0.534296437595983,0.18777486363744883,0.49063495578463556,0.027151063894605032,0.0002777777777779322,0.050673702002225283,0.30678393958988937,0.12282836905228547,0.11265420332271232,0.0,0.7044696913306773,0.630857934455032,0.30267026340422964,0.33689491571921765,0.432328214667603,sad,04,15,15,male,strong,1704
50,1.6683333333333334,True,1.0,0.4770598109445002,0.48316514649037506,0.4801124787174376,0.7434424252479441,-0.0762962962962963,-0.07166666666666671,0.3995653435480575,0.3453665480268524,0.17596563653248498,0.6457964496138571,0.00610533554587489,0.004629629629629595,0.041847323068270874,0.3812127408024554,0.12130682180737455,0.11429100031500086,0.0,0.8272739740739198,0.6334247644448404,0.2984143290835505,0.3042084019363947,0.39879285271678894,sad,04,15,15,male,strong,1704
60,2.0020000000000002,True,1.0,0.5212290260975793,0.4955484147653951,0.5083887204314872,0.7153914598601981,-0.07314814814814818,-0.06699074074074074,0.39666701472939025,0.31202398776612583,0.1855355442446768,0.7106441004074001,0.02568061133218419,0.006157407407407445,0.041405011345416895,0.41051071424153746,0.1266258633833316,0.10836820794410881,0.0,0.6957831882016754,0.5938267682619923,0.27766393278587265,0.3108046989028867,0.36699154948549173,sad,04,15,15,male,strong,1704
70,2.3356666666666666,True,1.0,0.5157721034188354,0.5175135645845196,0.5166428340016775,0.7666524028828562,-0.07166666666666671,-0.0625,0.4114304827692575,0.3077085175131881,0.19107446757872656,0.6738944951570446,0.0017414611656841883,0.009166666666666712,0.04668433830631695,0.39254013833317264,0.12628495191029798,0.1087652917598181,0.0,0.6760318166499287,0.5944036808786014,0.27710654160803994,0.3313663055995879,0.38888457146971867,sad,04,15,15,male,strong,1704
80,2.6693333333333333,True,1.0,0.41122591742064113,0.4210069572744465,0.4161164373475438,0.5295185802392424,-0.06652777777777785,-0.05874999999999991,0.4481061146352029,0.17040977438114868,0.19529521528455365,0.7858391619790522,0.009781039853805351,0.007777777777777939,0.0572754740338467,0.5781296219663514,0.11905470047311303,0.11663514078117336,0.0,0.6892266992691434,0.6090723154183548,0.3040541792832768,0.3168937046770422,0.41846435696663087,sad,04,15,15,male,strong,1704
90,3.003,False,0.0,,,,,,,,,,,,,,,,,,,,,,,sad,04,15,15,male,strong,1704
0,0.0,True,1.0,0.503979363568199,0.4797300831675927,0.4918547233678958,0.4976524611406565,-0.06685185185185188,-0.06509259259259259,0.3932287043674833,0.18827917475377198,0.17506276776130902,0.988349825982028,0.024249280400606255,0.0017592592592592937,0.004617866451976335,0.517538194720979,0.12900064211244866,0.10553014785156757,0.0,0.8018882914920575,0.5915890721366671,0.27694359514699757,0.30121197361911617,0.35337480658553017,sad,04,15,15,male,strong,1705
10,0.33366666666666667,True,1.0,0.4888121981248146,0.4797300831675927,0.48427114064620363,0.4939214197170253,-0.06694444444444442,-0.06555555555555548,0.39612711890483143,0.20021527764084865,0.17502789956175563,0.9804619142122841,0.009082114957221887,0.0013888888888889395,0.006327362895459783,0.5320331158226894,0.12671907593029944,0.10825919621915894,0.0,0.6894889348933707,0.5944650427749225,0.2782001692430598,0.29617839974093607,0.35325611809162755,sad,04,15,15,male,strong,1705
20,0.6673333333333333,True,1.0,0.45177235950245076,0.4592242089979969,0.4554982842502238,0.47870870399208576,-0.06569444444444444,-0.06467592592592591,0.40373098635554466,0.22594658943492935,0.17712641173327864,0.9515145232407438,0.0074518494955461145,0.0010185185185185297,0.005749401203537147,0.5494214196923366,0.126963941309247,0.10797191939520125,0.0,0.8381160280499348,0.597744220547594,0.27693957692378707,0.30149513785153165,0.3579946361664466,sad,04,15,15,male,strong,1705
30,1.0010000000000001,True,1.0,0.5423914771748195,0.5155347280517929,0.5289631026133061,0.732583497630066,-0.08819444444444452,-0.0888888888888889,0.4272427650071061,0.273166727929855,0.20486446284481508,0.7220516218622461,0.026856749123026602,0.0006944444444443865,0.006587337568343817,0.38135593220338965,0.12090676410785196,0.11471413235987764,0.0,0.6877239763183911,0.6400238764412016,0.30134395120562074,0.32160974277875826,0.4202460530750493,sad,04,15,15,male,strong,1705
40,1.3346666666666667,True,1.0,0.5100652576109054,0.4998072103263586,0.504936233968632,0.8559249168507806,-0.09287037037037044,-0.09402777777777782,0.40060590864561624,0.3884436866761534,0.20764476777723617,0.5899305231426754,0.010258047284546767,0.0011574074074073848,0.0016707326267884472,0.32883384104915625,0.12031623495686622,0.11533334893171901,0.0,0.6611403541728894,0.632999453461072,0.3038500487293542,0.3495806364848476,0.4421980265932129,sad,04,15,15,male,strong,1705
50,1.6683333333333334,True,1.0,0.474012487536825,0.48067022760313266,0.47734135756997886,0.5410179108162297,-0.09125000000000005,-0.08898148148148144,0.4116905223987931,0.2898310236515521,0.20419058108242347,0.88230231943674,0.006657740066307649,0.002268518518518614,0.008659439424927792,0.5089285714285718,0.12156394185963126,0.11401748028145484,0.0,0.7071067807446058,0.6306924405777936,0.30227421051091496,0.3425847857059463,0.4267666801669709,sad,04,15,15,male,strong,1705
60,2.0020000000000002,True,1.0,0.47973008316759097,0.4729239031420894,0.4763269931548402,0.6664635384880737,-0.0746296296296296,-0.07675925925925925,0.42601805843611823,0.2962060171058107,0.19029742384669845,0.7147082558116028,0.006806180025501596,0.002129629629629648,0.0036524934855002265,0.4270833333333345,0.12100821540474992,0.11460710961679327,0.0,0.7071067807446058,0.635907501547494,0.2997849611189102,0.32115524963542075,0.41802043586826904,sad,04,15,15,male,strong,1705
70,2.3356666666666666,True,1.0,0.4847343990575068,0.4768293195301924,0.48078185929384964,0.7756978494460768,-0.06805555555555554,-0.06953703703703701,0.4166553864594358,0.3565561115610945,0.17727323036547304,0.6198055849157946,0.007905079527314396,0.0014814814814814725,0.02444617743504289,0.3904381735858015,0.12081710425063964,0.11447618615014374,0.0,0.7071067807446058,0.6335816657913166,0.3004859610740984,0.327382940769836,0.42191254214415796,sad,04,15,15,male,strong,1705
80,2.6693333333333333,True,1.0,0.5096486222250369,0.5203087256211211,0.5149786739230791,0.5104676114324865,-0.06601851851851853,-0.06537037037037041,0.43249127956127814,0.24288384818842257,0.18553554424467675,1.0088371179474707,0.010660103396084142,0.0006481481481481199,0.029320540646375463,0.5640569227175029,0.12442376560427776,0.11088960421672005,0.0,0.809525438580124,0.5834906627103966,0.2778349704408575,0.33184620968658296,0.3793630513394252,sad,04,15,15,male,strong,1705
90,3.003,True,1.0,0.3730184959840604,0.40639581235896144,0.3897071541715109,0.4848614451484815,-0.06925925925925924,-0.06541666666666662,0.4313435758517135,0.25483656249317854,0.18413387926676386,0.803749520756737,0.033377316374901045,0.0038425925925926196,0.021616149836121326,0.5918402401686947,0.12216111706649356,0.1133774194764049,0.0,0.7122622036809574,0.6250166372877276,0.29991427533385095,0.30936580735304575,0.4100498637062359,sad,04,15,15,male,strong,1705
100,3.336666666666667,True,1.0,0.50075756403388,0.5015859578779723,0.5011717609559262,0.4983567063019146,-0.06351851851851847,-0.06388888888888894,0.41560097390217937,0.255461279053264,0.1820387682324514,1.0056486741693533,0.0008283938440922789,0.0003703703703704653,0.025135807860303866,0.5789569696419122,0.12583039296897028,0.10929085037576215,0.0,0.7669555801476063,0.589461540647509,0.27678553325651545,0.3261175548694849,0.37512590639630616,sad,04,15,15,male,strong,1705
0,0.0,True,1.0,0.5000023538757634,0.48725199920700013,0.4936271765413818,0.5074876440918373,-0.06662037037037044,-0.060833333333333406,0.398684515428927,0.25301391084413993,0.16886570107632876,0.972688068937601,0.012750354668763286,0.005787037037037035,0.03011482410424243,0.5217074911153474,0.12477793383249688,0.11049092722422776,0.0,0.7071067807446058,0.6050877677789867,0.28170512087288707,0.29924585974562623,0.36037201140590364,sad,04,15,15,male,strong,1706
10,0.33366666666666667,True,1.0,0.49504196792885663,0.47894086635827515,0.48699141714356586,0.5116892940926395,-0.06412037037037038,-0.06037037037037041,0.392898511123029,0.2760788151871154,0.16466165602418417,0.9517326681753826,0.016101101570581478,0.0037499999999999756,0.029832419986456294,0.5372443143148103,0.12527891264010424,0.10992257192273262,0.0,0.8043432361384568,0.6028936015656262,0.28229940960432137,0.30092552903198433,0.3672635963874007,sad,04,15,15,male,strong,1706
20,0.6673333333333333,True,1.0,0.5010720439262838,0.5018627668994147,0.5014674054128492,0.5664407448495262,-0.065,-0.06217592592592597,0.3934312172661982,0.26227487442776065,0.1667838129968787,0.885295434646148,0.0007907229731308751,0.0028240740740740344,0.02677933254547647,0.49887070455562393,0.12528862001269858,0.10991150743128782,0.0,0.7570226867308488,0.6064816871123451,0.2810886316224124,0.29289602447745056,0.3560282336576658,sad,04,15,15,male,strong,1706
30,1.0010000000000001,True,1.0,0.5493584409029437,0.5298859112538657,0.5396221760784048,0.8243869086631826,-0.06916666666666671,-0.06694444444444442,0.3944776730262906,0.3570931218862435,0.17577953531399634,0.6545739268876195,0.019472529649077974,0.002222222222222292,0.02493110467190086,0.3471379009623766,0.11855900271050947,0.11697622279044942,0.0,0.7071067807446058,0.6541710012129851,0.3031178080413972,0.2992968542929234,0.4063378033102655,sad,04,15,15,male,strong,1706
40,1.3346666666666667,True,1.0,0.5096728462366568,0.49041092061663855,0.5000418834266477,0.7630274225059721,-0.0770370370370369,-0.07726851851851846,0.4167119333758029,0.3553900427472204,0.17932032420492677,0.6553393347048859,0.019261925620018217,0.00023148148148155467,0.02301467481963114,0.36360626078445535,0.120706141277424,0.11492521580590347,0.0,0.674653185368319,0.6531186866230868,0.30046677842376573,0.300064327282461,0.40750070236333213,sad,04,15,15,male,strong,1706
50,1.6683333333333334,True,1.0,0.4970457089967814,0.5089044281718462,0.5029750685843138,0.8822631674015605,-0.08851851851851855,-0.08750000000000002,0.4213145976844214,0.40311211854031215,0.18565352380921238,0.5700964147303972,0.011858719175064814,0.0010185185185185297,0.028816102826357916,0.34003459634788963,0.1189897526927056,0.11670139898015286,0.0,0.6929613930326362,0.6534651257456108,0.30155407019779734,0.31441300421973273,0.41637765506771707,sad,04,15,15,male,strong,1706
60,2.0020000000000002,True,1.0,0.5115685502169297,0.4985390769127238,0.5050538135648268,0.7706684181038358,-0.08097222222222228,-0.07837962962962958,0.4157279175600431,0.3015140589486135,0.19394049355166273,0.6553451545445041,0.013029473304205896,0.002592592592592702,0.03679241210835116,0.36862320793396497,0.12245849316471485,0.11305615959266722,0.0,0.8332258071641209,0.5965274640168567,0.2867036313758032,0.32531355128698786,0.3800897170013064,sad,04,15,15,male,strong,1706
70,2.3356666666666666,True,1.0,0.5183500225423796,0.504948903849915,0.5116494631961472,0.7618840163489833,-0.08018518518518519,-0.0787962962962962,0.39568534805444405,0.3126643815337113,0.1912021973866771,0.6715582059957335,0.01340111869246463,0.001388888888888995,0.03128902555168339,0.3630735912951288,0.12513781069700775,0.11008317811743168,0.0,0.6393363769359911,0.5994993881693302,0.28484249224454705,0.3205688803284422,0.3742563951351236,sad,04,15,15,male,strong,1706
80,2.6693333333333333,True,1.0,0.5100700590468841,0.49696991662997503,0.5035199878384296,0.7198475535558874,-0.07601851851851849,-0.07546296296296284,0.4134701936872274,0.30731418153279133,0.1828997844892348,0.6994814184630516,0.013100142416909044,0.0005555555555556424,0.0321490574890707,0.39211747046170087,0.12155951372094906,0.11402220131926928,0.0,0.7071067807446058,0.5974108299413516,0.28556846290712434,0.31147371381399575,0.3739560459621936,sad,04,15,15,male,strong,1706
90,3.003,True,1.0,0.5169355554185754,0.4905376249698938,0.5037365901942346,0.7570397556706607,-0.0735648148148148,-0.07162037037037033,0.40831660434072675,0.31187000278556726,0.17378680346184108,0.6654030867216145,0.026397930448681606,0.0019444444444444708,0.03528222181088609,0.3686182707886369,0.11978964673637825,0.11522066878214467,0.0,0.7760377269424743,0.6486771663587311,0.3045251043282667,0.30193559086639277,0.40663187381056104,sad,04,15,15,male,strong,1706
100,3.336666666666667,True,1.0,0.5230661431198047,0.5107777620698427,0.5169219525948237,0.8534796085927511,-0.07000000000000006,-0.06912037037037039,0.38007461792639513,0.3625854566188919,0.17031816306135908,0.6056640924873926,0.012288381049961994,0.0008796296296296746,0.04074339960425084,0.34104874082144,0.12210313905393223,0.11343985720796991,0.0,0.7523150977735248,0.6502783122858519,0.3037701317067285,0.3030059917498962,0.40777994168953247,sad,04,15,15,male,strong,1706
0,0.0,True,1.0,0.5185350774611448,0.5022801230503999,0.5104076002557724,0.45612524527469966,-0.06527777777777777,-0.061990740740740735,0.3919830473612107,0.28988275594647217,0.16470196146710311,1.1190075654514176,0.01625495441074487,0.0032870370370370328,0.028784120425553433,0.6195243442443394,0.126917467287975,0.10802654427384505,0.0,0.6624889535162116,0.6036343425729667,0.2793743962318335,0.29992273883026244,0.3623249670371078,sad,04,15,15,male,strong,1707
10,0.33366666666666667,True,1.0,0.491726300709555,0.47702481713834916,0.48437555892395207,0.46429908697014827,-0.06648148148148164,-0.061435185185185204,0.38395979224166793,0.2740005394841298,0.16607561779133428,1.043240386460408,0.01470148357120582,0.0050462962962964375,0.03499738579980747,0.6026900874155067,0.12520704309204686,0.11000442777607106,0.0,0.7124903835100713,0.6059468679034115,0.2790749643960575,0.2944538485082601,0.36054937394909986,sad,04,15,15,male,strong,1707
20,0.6673333333333333,True,1.0,0.49926014761039333,0.49191279232712687,0.4955864699687601,0.49432297179605966,-0.0678240740740742,-0.062499999999999944,0.37842093654330317,0.2891960863378669,0.16750874600721058,1.0025560175124164,0.007347355283266466,0.005324074074074259,0.03519526745589253,0.5328077357148877,0.1267833393214113,0.10818392968030775,0.0,0.6581729314058803,0.6034076489970989,0.2791367461670113,0.29218002917870917,0.3557089542472654,sad,04,15,15,male,strong,1707
30,1.0010000000000001,True,1.0,0.4911108065951478,0.4967131806556589,0.49391199362540333,0.7677194371859942,-0.06865740740740744,-0.06574074074074077,0.386574382996424,0.39724848094984844,0.1730031237801029,0.6433496010414858,0.005602374060511117,0.0029166666666666785,0.0273844529640789,0.3652591556020732,0.1243788637993452,0.11093996579282268,0.0,0.7349502315997917,0.6006722483915441,0.2806252438455627,0.29961980037884284,0.35980317743014334,sad,04,15,15,male,strong,1707
40,1.3346666666666667,True,1.0,0.5092336807397037,0.494782390715367,0.5020080357275354,0.7044085391364268,-0.08083333333333337,-0.08300925925925928,0.41536657075615724,0.36470664704600486,0.18019336335274247,0.7126660280736725,0.01445129002433665,0.0021759259259259145,0.0277858405759288,0.3900076661581611,0.11925867095743443,0.11609883408541226,0.0,0.7489551868234078,0.6547058864639608,0.30079432304039666,0.30139236194948554,0.40242443419821483,sad,04,15,15,male,strong,1707
50,1.6683333333333334,True,1.0,0.48473439905750687,0.47075293679585106,0.477743667926679,0.7741681674414957,-0.08351851851851855,-0.08541666666666664,0.41865264481151115,0.4186521221165575,0.1850935668365558,0.6171058020966514,0.013981462261655808,0.0018981481481480933,0.03170235077448116,0.3719743961698147,0.12253639414019742,0.11297172160020141,0.0,0.6563701080484221,0.6531466962566276,0.30088077064788,0.3066216493289173,0.4017665849439505,sad,04,15,15,male,strong,1707
60,2.0020000000000002,True,1.0,0.4879829470394417,0.49592778169956836,0.49195536436950504,0.6862958955296198,-0.08879629629629632,-0.0885185185185185,0.4145317563710373,0.3104958313765032,0.19600506550650687,0.716826907422868,0.007944834660126687,0.0002777777777778212,0.03179424883409916,0.42581860934227367,0.12031471462952857,0.11533493492265223,0.0,0.8885316514909385,0.6508470376041042,0.3040675722556944,0.31853921397455315,0.41829451745390583,sad,04,15,15,male,strong,1707
70,2.3356666666666666,True,1.0,0.5047927291722144,0.49191279232712815,0.4983527607496713,0.880455418043034,-0.08601851851851855,-0.08398148148148155,0.39779966638064035,0.4055843532460385,0.18630941526953174,0.566017029979039,0.01287993684508626,0.002037037037037004,0.0293320816409477,0.3352360718354609,0.11932185170893343,0.11586958890061722,0.0,0.7470137269661026,0.6484376279652486,0.3051405202130749,0.3166274708427253,0.42078824095550654,sad,04,15,15,male,strong,1707
80,2.6693333333333333,True,1.0,0.4798268797342421,0.48432582023290194,0.482076349983572,0.7689826399313969,-0.08000000000000007,-0.07944444444444454,0.41186663237967147,0.3444572655621102,0.18072449695109213,0.6269014733890214,0.0044989404986598425,0.0005555555555555314,0.02916399143455547,0.3602182834913194,0.12440715031091937,0.11090824460693942,0.0,0.6400425865037466,0.582915040461497,0.2906800855235294,0.3388585662009385,0.39048930720885344,sad,04,15,15,male,strong,1707
90,3.003,True,1.0,0.2590889634259506,0.2435804255522502,0.2513346944891004,0.7864356016868969,-0.08143518518518511,-0.08018518518518519,0.40952934110787165,0.34642317344584905,0.1771935931247076,0.319587126968807,0.015508537873700406,0.0012499999999999178,0.03063631748696903,0.37512927138967095,0.12572915345305988,0.10940730205254033,0.0,0.6720696093984454,0.5821998981389431,0.2915088445205044,0.32553242168461183,0.36949074859339637,sad,04,15,15,male,strong,1707
100,3.336666666666667,True,1.0,0.4879829470394416,0.496605848000102,0.4922943975197718,0.8569745409344873,-0.07453703703703707,-0.07370370370370372,0.40292103039187993,0.36704079571348736,0.17030069213265495,0.5744562691243426,0.008622900960660373,0.0008333333333333526,0.033809607543539844,0.3335588409169474,0.12379433006077445,0.11159185281639351,0.0,0.8227614800765886,0.5923961687018557,0.29160979852412094,0.3254474955922952,0.3870061228608455,sad,04,15,15,male,strong,1707
0,0.0,True,1.0,0.5669111440493599,0.5139799424659551,0.5404455432576576,0.4988199976807337,-0.06611111111111112,-0.06388888888888888,0.3913164418386328,0.19377278632539363,0.17995652687667116,1.0834480288891024,0.05293120158340481,0.0022222222222222365,0.022659231501062874,0.5158063100928354,0.12349755625511231,0.11192020089885997,0.0,0.7434256153013614,0.6388259814707132,0.30025587228151224,0.29715314366659035,0.408016172250103,angry,05,15,15,male,normal,1708
10,0.33366666666666667,True,1.0,0.5366757155280704,0.5261277470897108,0.5314017313088906,0.49211923580835554,-0.06532407407407415,-0.0637037037037037,0.3990045225359069,0.17054196952068018,0.17992218303025742,1.079823125458629,0.01054796843835959,0.0016203703703704386,0.02674077949090301,0.5465136438330792,0.11969551982843091,0.11597741289841378,0.0,0.9270159494864738,0.6418301923425621,0.30055599676049277,0.2927373470289254,0.4069736799875235,angry,05,15,15,male,normal,1708
20,0.6673333333333333,True,1.0,0.5275795169597972,0.519763917872501,0.5236717174161492,0.487472752979135,-0.06643518518518526,-0.06375000000000003,0.4000266053440368,0.17583875124460038,0.18134468499349687,1.0742584364270378,0.007815599087296232,0.002685185185185235,0.025902855868808385,0.5490867127348674,0.12144281410025953,0.1141464877834879,0.0,0.7063853143689726,0.6428188897981068,0.29896898392903154,0.29548465342293345,0.4073733203334262,angry,05,15,15,male,normal,1708
30,1.0010000000000001,True,1.0,0.504799492910855,0.46481722582489554,0.48480835936787525,1.0314076367679321,-0.0673611111111111,-0.0656944444444445,0.39156628421379397,0.44683021967783765,0.1736642767986559,0.4700453458800186,0.03998226708595948,0.0016666666666665941,0.021757563468060494,0.284927886754343,0.12475951145206012,0.11051172821237774,0.0,0.8339136736256665,0.6006315040469313,0.2801964373291466,0.31135949129331064,0.3806480580410883,angry,05,15,15,male,normal,1708
40,1.3346666666666667,True,1.0,0.3699817499768815,0.3587241661438068,0.3643529580603442,0.879592913411447,-0.05648148148148152,-0.05546296296296299,0.3778132366887374,0.44687155693821523,0.1555634027348577,0.4142290740465651,0.01125758383307468,0.0010185185185185297,0.020465376872107564,0.30887641634857416,0.123464124754504,0.11195707958300044,0.0,0.7028500327435548,0.5951654383706608,0.27918597861841254,0.3074852684603095,0.3775447553424854,angry,05,15,15,male,normal,1708
50,1.6683333333333334,True,1.0,0.45177235950245126,0.45126216777477834,0.4515172636386148,0.8928494933565294,-0.0539351851851852,-0.05523148148148144,0.395199209560458,0.3787296180652917,0.16389633707769244,0.5057036678614282,0.0005101917276729151,0.0012962962962962399,0.0164029352038597,0.3326831914803226,0.12356314172136117,0.11184778843649114,0.0,0.7071067807446058,0.5880705194265206,0.27961217273770933,0.3189669280288008,0.37405837062296043,angry,05,15,15,male,normal,1708
60,2.0020000000000002,True,1.0,0.5632096194542625,0.5489093549728916,0.5560594872135771,0.8650510977654436,-0.058888888888888824,-0.05828703703703708,0.40985648048879414,0.28395657759937115,0.17850684503424205,0.6428053656598575,0.014300264481370895,0.0006018518518517424,0.01987100328562785,0.34443062155366005,0.12025103083894763,0.11540133167292509,0.0,0.7912467003422082,0.64434637823098,0.29884831576124943,0.30674630667407937,0.4163955094574189,angry,05,15,15,male,normal,1708
70,2.3356666666666666,True,1.0,0.49139826654845137,0.4559937768884528,0.47369602171845204,0.6939433095679892,-0.06495370370370379,-0.06472222222222229,0.36761725618107083,0.28174041306707026,0.1806383565817011,0.6826148695249314,0.035404489659998595,0.00023148148148149916,0.02477972555712833,0.38871679657950076,0.12040114333615892,0.11524470683359778,0.0,0.8353743658918561,0.6452329350880978,0.29831910561712466,0.29159282954673077,0.3979570670367422,angry,05,15,15,male,normal,1708
80,2.6693333333333333,True,1.0,0.5539766748730468,0.5378577532673327,0.5459172140701898,0.8251683957557148,-0.06231481481481477,-0.06129629629629624,0.39854666636329916,0.29250089034154414,0.17505274386528655,0.6615827955580168,0.016118921605714154,0.0010185185185185297,0.029603150235482024,0.35493305371807726,0.12131609650413923,0.11428115548468282,0.0,0.6842537720302294,0.6446943913346588,0.2985085658819848,0.30019524465873326,0.4130575135110917,angry,05,15,15,male,normal,1708
90,3.003,True,1.0,0.56818000913725,0.550109878690835,0.5591449439140426,0.7790671273831452,-0.06083333333333335,-0.06050925925925926,0.3976345597540974,0.2885750674248904,0.17228600199496916,0.717710867601599,0.018070130446414923,0.0003240740740740877,0.026119472720101084,0.36021828349131874,0.12723876857749009,0.10764791471086757,0.0,0.8148947099456613,0.5894596125559599,0.280997585976005,0.3115436426082935,0.3717451729811811,angry,05,15,15,male,normal,1708
100,3.336666666666667,True,1.0,0.5680648144400668,0.5378577532673333,0.5529612838537001,0.7563138665021847,-0.06083333333333346,-0.06074074074074076,0.39667807134914834,0.283389052211016,0.17160293092747095,0.7311267297148026,0.03020706117273353,9.259259259269959e-05,0.025838031271879853,0.36307359129512934,0.12416076722947737,0.1110125114733895,0.0,0.8621756074401139,0.5935216160370398,0.28269011821178375,0.30432096135579884,0.3710731915506842,angry,05,15,15,male,normal,1708
0,0.0,True,1.0,0.5131854267628878,0.47834614660055363,0.4957657866817207,0.7205624725755502,-0.06703703703703695,-0.0673611111111111,0.38573094184798473,0.366070147568982,0.16130041934138536,0.6880260984306815,0.034839280162334174,0.00032407407407414324,0.03204448140638956,0.3780099468841435,0.13052534749726924,0.10363836853050463,0.0,0.6801640179285379,0.587283438023647,0.275888888051833,0.3192857805238307,0.3626122516633517,angry,05,15,15,male,normal,1709
10,0.33366666666666667,True,1.0,0.5135940055874928,0.5068494412821962,0.5102217234348445,0.7492389217835158,-0.06675925925925924,-0.06800925925925921,0.38688005422912913,0.37391613253866823,0.1613401458488224,0.6809866767469768,0.006744564305296574,0.0012499999999999734,0.03216353135712229,0.35458437122056025,0.12826410826976234,0.10642413401277238,0.0,0.72482044123147,0.5857940645164316,0.27721313110568263,0.3154757174970942,0.3615605288493726,angry,05,15,15,male,normal,1709
20,0.6673333333333333,True,1.0,0.4919127923271275,0.4569184698052792,0.4744156310662033,0.7544574816184298,-0.06611111111111118,-0.06685185185185188,0.38204878838791,0.3904360018925272,0.160646691480114,0.6288169215957766,0.03499432252184825,0.0007407407407407085,0.033178242241418625,0.3414331811464016,0.1299534034667669,0.10435463908404102,0.0,0.8035458395285715,0.5843371640140432,0.27648904947904596,0.3165519966842515,0.36083780255840314,angry,05,15,15,male,normal,1709
30,1.0010000000000001,True,1.0,0.3937674705514776,0.3681333727009731,0.3809504216262254,0.9132525777893842,-0.06916666666666671,-0.06962962962962971,0.3977979108399722,0.48269655679072443,0.1632617510434727,0.4171358843008717,0.025634097850504467,0.0004629629629629983,0.036073581615745344,0.32062764196551863,0.12624734547490668,0.10863370371791696,0.0,0.7071067807446058,0.5870585887558148,0.2766416046222326,0.3150833835940953,0.3698445545266438,angry,05,15,15,male,normal,1709
40,1.3346666666666667,True,1.0,0.21146903320895585,0.19815315594306296,0.2048110945760094,0.8625802563206281,-0.07689814814814816,-0.07699074074074069,0.367493472664916,0.43806256268108057,0.17227581653246093,0.23744004465119528,0.013315877265892895,9.259259259253305e-05,0.024643150004667134,0.324186536236886,0.12090873711133783,0.11471205281055236,0.0,0.8240437113570312,0.641074978210034,0.2967065179812313,0.3007331034633186,0.396853452619499,angry,05,15,15,male,normal,1709
50,1.6683333333333334,True,1.0,0.5360534021212332,0.5304932390543375,0.5332733205877853,0.9684110913369639,-0.06375000000000008,-0.06305555555555553,0.37954353258035933,0.45724942440201877,0.1743270016496914,0.5506683322384935,0.0055601630668956625,0.000694444444444553,0.009008244838881943,0.28936065445528025,0.12886905501708154,0.10569079633494992,0.0,0.7725510892954681,0.5876622156909639,0.2729171796327413,0.3118289212235155,0.3739874018803129,angry,05,15,15,male,normal,1709
60,2.0020000000000002,True,1.0,0.5976749103673764,0.5784337115448597,0.588054310956118,1.0118510573760109,-0.06550925925925927,-0.06291666666666668,0.3958989973072482,0.42807970069361245,0.18333707863421062,0.5811668690460171,0.019241198822516736,0.002592592592592591,0.007498385284605273,0.28845403784732004,0.12227661381013336,0.11325284758142984,0.0,0.6742955303735182,0.6346000079484918,0.2961877080640534,0.31114827230470565,0.42461353005212626,angry,05,15,15,male,normal,1709
70,2.3356666666666666,True,1.0,0.5977665605488733,0.5719495494072888,0.5848580549780811,0.9883478905513525,-0.0653703703703703,-0.06300925925925932,0.3325691833691448,0.44010667174302387,0.18542036988635696,0.5917532283615402,0.025817011141584523,0.0023611111111109806,0.009121659417704004,0.27245041463021363,0.12221910567602672,0.11331490624740541,0.0,0.6828348429779095,0.6304683893088486,0.2959961096406856,0.3087149241868124,0.4153161430691483,angry,05,15,15,male,normal,1709
80,2.6693333333333333,True,1.0,0.6111157317691135,0.5984435950388698,0.6047796634039917,0.9748036770612336,-0.06106481481481485,-0.060925925925925994,0.35405420819605044,0.37822870894493116,0.18542695320541566,0.6204117584242572,0.0126721367302437,0.0001388888888888551,0.006063024523300673,0.30219620849609463,0.12352463421814096,0.11189031464612986,0.0,0.660132599905886,0.6237347248821404,0.2967851094837155,0.3159883673447823,0.42300360003242027,angry,05,15,15,male,normal,1709
90,3.003,True,1.0,0.6062634887218955,0.5815273355749004,0.5938954121483979,0.922254013575917,-0.06236111111111109,-0.06087962962962962,0.3620119751981783,0.3617531651404604,0.18403441091295172,0.6439607780568475,0.024736153146995066,0.0014814814814814725,0.008054690058917674,0.3118713892675035,0.12331881879985562,0.11211711153982548,0.0,0.7082489071488793,0.6294374066579758,0.2954105744233691,0.3171142620402534,0.4240729579728616,angry,05,15,15,male,normal,1709
100,3.336666666666667,True,1.0,0.5502745440524248,0.5392494606908265,0.5447620023716256,0.8930955140513677,-0.06268518518518512,-0.06143518518518515,0.3574756161449004,0.35998584383502985,0.18127062450005685,0.609970595306666,0.011025083361598353,0.0012499999999999734,0.010151198713908825,0.31783198088756737,0.12184398489194655,0.1137181652848516,0.0,0.9293243504950123,0.6337625261979791,0.2962509176775177,0.3094740095927895,0.4207783696742683,angry,05,15,15,male,normal,1709
0,0.0,True,1.0,0.516482109988801,0.5171604799806697,0.5168212949847353,0.675010640921682,-0.06555555555555553,-0.06388888888888888,0.36920870583326826,0.3445875848136893,0.16325100254606867,0.7656491078111751,0.0006783699918687658,0.0016666666666666496,0.024512596726910623,0.4328233830665666,0.1247646877027464,0.11050588433629867,0.0,0.9411098837234487,0.6473000253382603,0.29850186844879634,0.3001283844741566,0.39629233449960405,angry,05,15,15,male,normal,1710
10,0.33366666666666667,True,1.0,0.5094171975446057,0.4707071277849015,0.49006216266475355,0.6760567025625066,-0.06504629629629627,-0.06374999999999992,0.36754591641787254,0.33793155784879986,0.1632510025460686,0.7248832247461426,0.0387100697597042,0.001296296296296351,0.027057284492997227,0.4073540867437363,0.12317717708139343,0.11227270735402957,0.0,0.7199927452447705,0.6452703753532663,0.29854753650031735,0.2980144634289345,0.39727905895470667,angry,05,15,15,male,normal,1710
20,0.6673333333333333,True,1.0,0.5176104790436026,0.5002042064476357,0.5089073427456192,0.6906696074105209,-0.06365740740740738,-0.06268518518518529,0.36678690902014743,0.33793155784879986,0.1653336232044956,0.736831818405373,0.017406272595966832,0.0009722222222220966,0.020965157025720126,0.41043144920326535,0.12458382064886928,0.11070975297210067,0.0,0.6910846595057292,0.6457796933539042,0.29894118392574404,0.30249410623013157,0.40010384735487614,angry,05,15,15,male,normal,1710
30,1.0010000000000001,True,1.0,0.5628392828987805,0.5018452124430088,0.5323422476708947,0.9650680177213784,-0.0762500000000001,-0.07083333333333341,0.36573977114754147,0.47518131386224094,0.1777988050529181,0.5516111174503613,0.060994070455771654,0.005416666666666681,0.018244631112084107,0.2952619833426877,0.12238545182559249,0.11313522418696471,0.0,0.6458526592651925,0.6440742585002751,0.2973388944636398,0.30586950459878315,0.4086148200282037,angry,05,15,15,male,normal,1710
40,1.3346666666666667,True,1.0,0.5824494743497323,0.5591439360895416,0.570796705219637,0.8142101735599286,-0.09694444444444444,-0.09870370370370374,0.38747568410650884,0.38673283771896955,0.21532880499642468,0.7010434452372074,0.02330553826019066,0.0017592592592592937,0.01675433182874205,0.3191714066544984,0.11837512356615738,0.11732479657074715,0.0,0.8091292925500126,0.6380723831173094,0.300894959877099,0.32351854928417934,0.4215066186531154,angry,05,15,15,male,normal,1710
50,1.6683333333333334,True,1.0,0.552595793740128,0.5495017004711421,0.5510487471056351,0.9899234987322435,-0.07412037037037039,-0.07476851851851846,0.4079008105946249,0.4306695113216839,0.19864952113169723,0.5566579112540937,0.003094093268985909,0.0006481481481480644,0.004115956291592179,0.29335209463734796,0.12107343379470674,0.11453820934218356,0.0,0.7471923850276599,0.6333502504126651,0.2976425146022903,0.31999898147823963,0.43525375452920934,angry,05,15,15,male,normal,1710
60,2.0020000000000002,True,1.0,0.6147519562875391,0.592569739001075,0.603660847644307,0.9463927868838968,-0.065462962962963,-0.06282407407407398,0.402845936400215,0.3644785841344117,0.18820903826281987,0.6378544469172545,0.02218221728646408,0.002638888888889024,0.0018819647197321268,0.3119392318506245,0.1204459602655173,0.11519786641111629,0.0,0.7872740177116477,0.6273239615299245,0.2962656430190595,0.31755640112452577,0.42982781306276013,angry,05,15,15,male,normal,1710
70,2.3356666666666666,True,1.0,0.6138214643603429,0.6103700396579491,0.612095752009146,0.7196801371892363,-0.06504629629629644,-0.0637037037037037,0.3682786426419768,0.2892128366749029,0.1875146478653401,0.850510831658813,0.0034514247023937905,0.0013425925925927285,0.0028704107773526817,0.36440971438911574,0.1226957814305044,0.11279859480249992,0.0,0.6747627421675336,0.627292683706295,0.29641959943653406,0.3112328602489167,0.4209525934355035,angry,05,15,15,male,normal,1710
80,2.6693333333333333,True,1.0,0.6147519562875391,0.5742523826412977,0.5945021694644184,0.8333333333333339,-0.06472222222222218,-0.06162037037037049,0.3730976687469891,0.3194444444444445,0.18264557246431654,0.7134026033573015,0.04049957364624135,0.003101851851851689,0.0012154073384928218,0.33791127204900595,0.12316581473496739,0.112285171999235,0.0,0.7205112059015863,0.628259221907513,0.29672541602612457,0.3145767046806831,0.4244268740188607,angry,05,15,15,male,normal,1710
90,3.003,True,1.0,0.5913291054794305,0.5829435058055971,0.5871363056425138,0.8039519360274926,-0.06310185185185185,-0.06074074074074082,0.3664199806934761,0.3102821303080574,0.18194612173871702,0.7303126957361238,0.008385599673833455,0.002361111111111036,0.0008353536666696139,0.3453779198104033,0.12144748063233081,0.11414152276072519,0.0,0.726351996425668,0.6314212140637504,0.2963632368264686,0.31251193363009727,0.422749688493227,angry,05,15,15,male,normal,1710
100,3.336666666666667,True,1.0,0.6126393263399922,0.587292836627814,0.5999660814839031,0.7866546688115647,-0.06254629629629621,-0.062268518518518445,0.37079569853741184,0.3018821717012558,0.180559358475242,0.7626803796770181,0.025346489712178233,0.0002777777777777657,0.014301074393472467,0.36188352393595236,0.12158774816728916,0.11399209299640285,0.0,0.6762799462743148,0.6363261410501702,0.2967263335151925,0.3064471924065953,0.41859906220158827,angry,05,15,15,male,normal,1710
0,0.0,True,1.0,0.5251279921214147,0.49563931197653677,0.5103836520489757,0.7325993290004471,-0.06416666666666676,-0.06699074074074074,0.3728400764726475,0.35791773398811144,0.16633222013678742,0.6966750198165473,0.029488680144877932,0.002824074074073979,0.0534980423540516,0.37434749447316307,0.12917102970308889,0.10532152133479276,0.0,0.6688033016941308,0.5900547455701031,0.27701024803117774,0.3043593805152292,0.3546187458276998,angry,05,15,15,male,normal,1711
10,0.33366666666666667,True,1.0,0.5132743360851132,0.5013830276602845,0.5073286818726989,0.7319608962597153,-0.06449074074074074,-0.06629629629629624,0.37071321883652675,0.3719537235562726,0.1648728026169014,0.6931089959383402,0.011891308424828662,0.0018055555555555047,0.054180907551635765,0.3790646910153289,0.1276747470296559,0.10713046598209851,0.0,0.791993037425205,0.5946753407456733,0.2785666833358934,0.3009196518845761,0.3556092395287222,angry,05,15,15,male,normal,1711
20,0.6673333333333333,True,1.0,0.47938373808646545,0.48120025155765117,0.4802919948220583,0.7235117641906186,-0.06379629629629635,-0.0658333333333333,0.36998210741141996,0.3606825104184084,0.165028211448836,0.6638343957811847,0.0018165134711857212,0.0020370370370369484,0.05479350576178374,0.3971025579535296,0.12781470701630132,0.10696344441436309,0.0,0.6842053272348578,0.5960469649500425,0.2780480863351146,0.29976183475362983,0.35417287080080295,angry,05,15,15,male,normal,1711
30,1.0010000000000001,True,1.0,0.49347790303008643,0.47615994781433646,0.48481892542221144,1.0309108724154419,-0.0735648148148148,-0.07754629629629634,0.36568345172600186,0.5291925734594736,0.1766810389869816,0.47028209556687706,0.01731795521574997,0.00398148148148153,0.05300678038718873,0.2818086212414902,0.12262279761692887,0.1128779308578519,0.0,0.781409960069139,0.6383010544842938,0.30003736012474846,0.308379650307256,0.4107224641385794,angry,05,15,15,male,normal,1711
40,1.3346666666666667,True,1.0,0.46924656607307164,0.4488965343264005,0.45907155019973606,0.8016576593218919,-0.0656944444444445,-0.06814814814814812,0.38202162077091756,0.3866093913121837,0.16970359565456003,0.5726528585631635,0.02035003174667116,0.0024537037037036247,0.04247407126568977,0.34928123085639745,0.12654682738575662,0.10828469098492183,0.0,0.6780468096314457,0.5901632840714411,0.27942745970544386,0.3085970429519277,0.3637352061155999,angry,05,15,15,male,normal,1711
50,1.6683333333333334,True,1.0,0.5286330418121412,0.5162812683771665,0.5224571550946538,0.8951064720636733,-0.06407407407407412,-0.06671296296296297,0.40507937782327674,0.35272310372277305,0.18424695923669349,0.5836815746512544,0.012351773434974733,0.0026388888888888573,0.03573951872617684,0.3179015792493167,0.11983770301016669,0.11583049126668418,0.0,0.7071067807446058,0.6332703335865596,0.29634847891555227,0.31342627092274955,0.42989336982587895,angry,05,15,15,male,normal,1711
60,2.0020000000000002,True,1.0,0.5547001962252301,0.5584365590458115,0.5565683776355208,0.7530931087174428,-0.06398148148148142,-0.0642592592592593,0.39815090855550983,0.3124979504743608,0.180692410240546,0.7390432486938913,0.003736362820581318,0.0002777777777778767,0.02915304440301298,0.3561412002195019,0.12339536891956344,0.11203285544592352,0.0,0.7748807769150695,0.6379866368734994,0.29567821991904036,0.3152909994989284,0.42751062438307846,angry,05,15,15,male,normal,1711
70,2.3356666666666666,True,1.0,0.5965526278273986,0.566624279769919,0.5815884537986589,0.8333876396818528,-0.06476851851851845,-0.06694444444444442,0.3458278755594207,0.37901131192516135,0.18072449695109213,0.6978606666408939,0.02992834805747957,0.00217592592592597,0.0352781840193627,0.3130308264530065,0.12429335051230737,0.11103576355670806,0.0,0.7613433905066261,0.6342747504079758,0.29568130019390815,0.31005387411985313,0.41524886436357894,angry,05,15,15,male,normal,1711
80,2.6693333333333333,True,1.0,0.6124720760975467,0.5917786482690762,0.6021253621833115,0.9146651325501873,-0.06300925925925921,-0.0639351851851852,0.3576827542793003,0.38550229315613094,0.17862647713442123,0.658301427216887,0.0206934278284705,0.0009259259259259967,0.03569007807853045,0.3049997534197262,0.12260042134653192,0.11290223405921891,0.0,0.9999999987499999,0.6283172966217737,0.29603880021177253,0.31032540296631,0.4196031438619894,angry,05,15,15,male,normal,1711
90,3.003,True,1.0,0.5839850027906842,0.5551275424306532,0.5695562726106687,0.8062756962338438,-0.061435185185185204,-0.06254629629629632,0.3697967305391843,0.340006823924716,0.17727323036547296,0.7064038706252662,0.028857460360031006,0.0011111111111111183,0.03641397567317308,0.34578989508798513,0.12451109830891027,0.11079153473172625,0.0,0.6873148879873116,0.6326174529186674,0.2971977797592453,0.3131594841454782,0.4222365089604614,angry,05,15,15,male,normal,1711
100,3.336666666666667,True,1.0,0.5570824624455705,0.5216378390833878,0.5393601507644792,0.8193456923579779,-0.06222222222222207,-0.06277777777777777,0.36525918989066236,0.35940232216311235,0.1751742993599517,0.6582815480633892,0.03544462336218268,0.0005555555555556979,0.0406514940189733,0.3330070270690942,0.1232491801527373,0.11219366007851524,0.0,0.7975194791552667,0.634430436276073,0.2968189738287297,0.30817524491866455,0.4163267036370312,angry,05,15,15,male,normal,1711
0,0.0,True,1.0,0.474378373541947,0.47402223922346404,0.4742003063827055,0.6012772670797641,-0.06328703703703698,-0.06319444444444439,0.3725092866267913,0.3589958849704082,0.1576872793829164,0.7886549722489327,0.00035613431848297017,9.259259259258856e-05,0.013581049089865557,0.46861034199833285,0.12649164885355998,0.10852483835982948,0.0,0.810649690463618,0.6505328927039566,0.29919567332364716,0.29652298022934065,0.3942766854926739,angry,05,15,15,male,strong,1712
10,0.33366666666666667,True,1.0,0.5361466704005198,0.4964147075980475,0.5162806889992837,0.6149165315602063,-0.06305555555555553,-0.06365740740740744,0.370541288015659,0.36589050995806083,0.15842774905617685,0.8395947457931285,0.039731962802472265,0.0006018518518519089,0.017532050279489363,0.44436283848552605,0.1224376572598397,0.11307872414758749,0.0,0.9999999987499999,0.6507372363164016,0.2994219074198805,0.29217199949325073,0.3924813507636543,angry,05,15,15,male,strong,1712
20,0.6673333333333333,True,1.0,0.49805730248783053,0.48153346818217824,0.4897953853350044,0.5810748311994719,-0.0637037037037037,-0.06361111111111106,0.3646621491400879,0.35009842143993597,0.1584147461506032,0.8429127524314798,0.016523834305652296,9.259259259264407e-05,0.024680171719022228,0.4766021353942935,0.12250597444796693,0.11249778732054662,0.0,0.7071067807446058,0.6499342938034589,0.29910692665791766,0.29524018549264636,0.39367084058967505,angry,05,15,15,male,strong,1712
30,1.0010000000000001,True,1.0,0.24848033278842094,0.23399750530269872,0.24123891904555983,0.9498503648431043,-0.06990740740740747,-0.07097222222222227,0.3851143735990643,0.495725143158814,0.1528496713734316,0.2539757081478908,0.014482827485722216,0.0010648148148147962,0.013340205495427169,0.29806523823755887,0.12144275558873381,0.11414655003606432,0.0,0.6943300174031004,0.6532688546981292,0.2998358682392021,0.2975615348542541,0.4021135129148468,angry,05,15,15,male,strong,1712
40,1.3346666666666667,True,1.0,0.2638269889671398,0.27488772609412426,0.26935735753063206,1.3873538197692246,-0.0795833333333334,-0.07981481481481478,0.35015381184003475,0.7837903409359883,0.14280168213647534,0.19415188374616474,0.011060737126984466,0.00023148148148138814,0.02710727145363006,0.19437006327342124,0.12340304593047569,0.1120243992419359,0.0,0.692294838944743,0.5850342531309398,0.28166183580549226,0.3006328005595495,0.34970890069820915,angry,05,15,15,male,strong,1712
50,1.6683333333333334,True,1.0,0.5272545855135713,0.5591514407735315,0.5432030131435515,0.879353364442898,-0.06624999999999998,-0.06717592592592592,0.3922317332227652,0.4261766831999159,0.17115859414602408,0.6177300674657566,0.03189685525996022,0.0009259259259259411,0.0224889734268651,0.3107190475560289,0.12102901191489011,0.1145851475755988,0.0,0.6234915449610768,0.6380751755702281,0.2986915821084883,0.3056342710275536,0.4027213391582294,angry,05,15,15,male,strong,1712
60,2.0020000000000002,True,1.0,0.5142299653343728,0.5063992451184094,0.5103146052263912,0.8598862438806321,-0.06291666666666668,-0.06296296296296289,0.39279202378707495,0.40334917759224853,0.17525093616012447,0.5934675765056572,0.007830720215963427,4.6296296296211015e-05,0.022920429924663942,0.3319573742975173,0.12722262085224656,0.10766699825951127,0.0,0.8415417101584246,0.5839951459021108,0.2776048635712873,0.3153699513569777,0.3751689533762723,angry,05,15,15,male,strong,1712
70,2.3356666666666666,True,1.0,0.5621070401250925,0.5756716624948953,0.568889351309994,0.9701943962232706,-0.06342592592592589,-0.0642592592592593,0.33390635507582517,0.4769590785197196,0.1744634945369561,0.586366354541462,0.013564622369802826,0.0008333333333334081,0.026249703321884296,0.2905789826625775,0.12105488475039133,0.11455781356103163,0.0,0.8121508614577726,0.6415311022846639,0.2961168491522804,0.2954890594996253,0.40755606691531265,angry,05,15,15,male,strong,1712
80,2.6693333333333333,True,1.0,0.5828615451512963,0.5827400430265661,0.5828007940889313,1.0092244604063552,-0.060787037037037084,-0.06101851851851858,0.34443463365438864,0.44410967033953996,0.17656181716245095,0.5774739088807576,0.0001215021247301662,0.00023148148148149916,0.0233249205307573,0.2887754840032724,0.12194175891668799,0.11361331437092327,0.0,0.7014563307671016,0.6404028406518858,0.295585592587113,0.30123006500894794,0.41269492075314784,angry,05,15,15,male,strong,1712
90,3.003,True,1.0,0.5493902926761303,0.5351857293749405,0.5422880110255354,0.9795958624895517,-0.06115740740740733,-0.06097222222222226,0.3489573680949014,0.4153448387385124,0.17586805555555549,0.5535834029018466,0.014204563301189799,0.0001851851851850661,0.02618126923419676,0.3155214049294101,0.12379533021104233,0.11159074329021282,0.0,0.8532828199703953,0.6440763656400061,0.29479634344601807,0.3071311639585937,0.41689289492613596,angry,05,15,15,male,strong,1712
100,3.336666666666667,True,1.0,0.5820053697910572,0.5519658493860257,0.5669856095885415,0.9333775922019714,-0.06064814814814817,-0.0597685185185185,0.35473657662144653,0.3923610588931051,0.17373806664523803,0.6074557760176579,0.03003952040503155,0.0008796296296296746,0.026897211511440693,0.3139082251714756,0.11977343803134723,0.11573243868652268,0.0,0.9020408426095442,0.6428835825971013,0.2967311041885005,0.2980299800802364,0.411724834437573,angry,05,15,15,male,strong,1712
0,0.0,True,1.0,0.44505418699412475,0.4279273288097051,0.43649075790191494,0.5441475176761578,-0.06648148148148164,-0.0640277777777778,0.3759333469097901,0.32920820568524756,0.15764324464162452,0.8021551945435624,0.01712685818441967,0.0024537037037038467,0.006967623674205674,0.48898092934733234,0.12669592991215153,0.10828628313126644,0.0,0.7948412551828847,0.6499717935377276,0.29792539816947566,0.3025378662902649,0.4021259332161038,angry,05,15,15,male,strong,1713
10,0.33366666666666667,True,1.0,0.4297816633502108,0.4191524320945581,0.4244670477223844,0.5670393216509552,-0.06708333333333338,-0.06416666666666665,0.3697712448027587,0.3415354735815726,0.15904504792353882,0.7485672183836096,0.010629231255652682,0.002916666666666734,0.014779917680027139,0.464185640617638,0.12221418136609354,0.11332021727411794,0.0,0.8464987391799651,0.6486715778420744,0.29817533518725103,0.2947612292788107,0.39893440931988594,angry,05,15,15,male,strong,1713
20,0.6673333333333333,True,1.0,0.27627058863769693,0.2746406455707455,0.27545561710422123,0.9259307279248772,-0.07930555555555557,-0.07907407407407407,0.35849466731171803,0.509172405261908,0.15830406825707585,0.2974905236394418,0.0016299430669514114,0.00023148148148149916,0.0165228539771522,0.28169388223033437,0.12119374648223716,0.1142442542816567,0.0,0.6825901893282388,0.6366932660407914,0.30566810618311663,0.2911439625358592,0.3815592370178698,angry,05,15,15,male,strong,1713
30,1.0010000000000001,True,1.0,0.5189718066400311,0.5313490452045093,0.5251604259222702,1.0104322426282004,-0.08537037037037043,-0.08763888888888888,0.4369003128991212,0.5841317669671187,0.16736840477998136,0.5197383889455996,0.012377238564478255,0.0022685185185184475,0.02494286137568598,0.2733829289264145,0.12542722730600075,0.10975330710708847,0.0,0.7151209839349318,0.5861873226712562,0.2781213445985877,0.32623568730754593,0.3879110333296148,angry,05,15,15,male,strong,1713
40,1.3346666666666667,True,1.0,0.473604992355989,0.47306803250088597,0.4733365124284375,1.1495211355896882,-0.06171296296296297,-0.058240740740740704,0.34662985374897515,0.6507367724015717,0.14863626459353596,0.41176842928218327,0.0005369598551030474,0.0034722222222222654,0.030264836045713204,0.243064522846117,0.12666667831565415,0.10832049840707175,0.0,0.6913125435096938,0.5834921308601566,0.2785225195840938,0.3236021556714706,0.3859830210256222,angry,05,15,15,male,strong,1713
50,1.6683333333333334,True,1.0,0.44241937042681423,0.42087655313085826,0.43164796177883624,1.0831229770645303,-0.04949074074074067,-0.04638888888888887,0.36049971881393633,0.570044096476885,0.14051742311200138,0.3985216553605801,0.021542817295955974,0.0031018518518518,0.04332429590770284,0.25793689182098717,0.1256511405570461,0.10949688875525371,0.0,0.9999999987499999,0.593042367736157,0.27735995677145137,0.3076102807746441,0.3624491585089314,angry,05,15,15,male,strong,1713
60,2.0020000000000002,True,1.0,0.5253961874339281,0.5206841096216044,0.5230401485277663,0.9420309123872807,-0.05069444444444443,-0.047592592592592575,0.405659545525786,0.4510030710587744,0.1502033127339407,0.5552260988997545,0.004712077812323745,0.0031018518518518556,0.03756884930874214,0.3050249764895561,0.12629804063009278,0.10857476113752791,0.0,0.6570835936579711,0.5924246639202556,0.27767053880400616,0.31509298335787084,0.3762534679845022,angry,05,15,15,male,strong,1713
70,2.3356666666666666,True,1.0,0.5619053585696105,0.5827207882740101,0.5723130734218103,1.1386138943826989,-0.06986111111111115,-0.06930555555555556,0.32157011728267926,0.5440480567517189,0.17802479854392464,0.5026401629606765,0.020815429704399535,0.0005555555555555869,0.04070600203909606,0.24736034415645788,0.12382064259401014,0.11139175144673762,0.0,0.7071067807446058,0.5863780796146584,0.2763144724313047,0.31763726909955703,0.3754765614466353,angry,05,15,15,male,strong,1713
80,2.6693333333333333,True,1.0,0.5704524027444472,0.5783210004695414,0.5743867016069943,0.902899932735827,-0.05805555555555558,-0.055972222222222257,0.3696878735525148,0.40168494829994905,0.16556603292584235,0.6361576524505623,0.007868597725094184,0.002083333333333326,0.031205238134857625,0.313599524505039,0.1220266155906612,0.11352216901378089,0.0,0.7639394251797214,0.63391149959984,0.296560772858636,0.30991645871500184,0.41466034145505715,angry,05,15,15,male,strong,1713
90,3.003,True,1.0,0.5838139385701406,0.5594089443183063,0.5716114414442235,0.9927035716147847,-0.05884259259259267,-0.056435185185185255,0.3577843309118655,0.4375833367937359,0.16903233398270465,0.5758128184372397,0.02440499425183429,0.0024074074074074137,0.02924506718409558,0.3032889532497335,0.12271257181338283,0.11278032846713593,0.0,0.7848132646191588,0.6378581241715437,0.29768174109669915,0.3080851407141859,0.4154592108528016,angry,05,15,15,male,strong,1713
100,3.336666666666667,True,1.0,0.530756083614536,0.5516260536625361,0.541191068638536,0.935828725896796,-0.062222222222222234,-0.0597685185185185,0.36931818637463554,0.39665826047139835,0.16760208980345773,0.578301406723669,0.020869970048000175,0.0024537037037037357,0.0374007230399971,0.3124631130319611,0.12473092148181956,0.11019876179641167,0.0,0.7071067807446058,0.5920105759725766,0.2780131816703761,0.3162406397283015,0.37823520535965666,angry,05,15,15,male,strong,1713
110,3.6703333333333332,True,1.0,0.5281287482231173,0.5092991230038999,0.5187139356135086,0.9028895024759424,-0.06328703703703703,-0.059259259259259234,0.36467986297432375,0.3794089642753098,0.1682751386632883,0.5745043376748418,0.018829625219217383,0.004027777777777797,0.03534778859338635,0.30983146505153836,0.12787200597931436,0.10689493840942221,0.0,0.9999999987499999,0.594382170352516,0.2780071092976526,0.316372559011342,0.37770566883847023,angry,05,15,15,male,strong,1713
0,0.0,True,1.0,0.4726167921266977,0.4296203214551245,0.4511185567909111,0.5796988465013484,-0.0650925925925927,-0.06509259259259248,0.3605646316281781,0.34098815215168615,0.16274817662309035,0.778194677311406,0.042996470671573195,2.220446049250313e-16,0.05313581601537568,0.480888636059919,0.1263226780809885,0.10872147337595961,0.0,0.7940073214237372,0.625852342601103,0.2991865330944542,0.301774462034164,0.38554832373163006,angry,05,15,15,male,strong,1714
10,0.33366666666666667,True,1.0,0.5059905428291503,0.4692322381033796,0.487611390466265,0.5896474768489705,-0.06523148148148145,-0.06550925925925927,0.36176638927284777,0.33821229491844834,0.16203360869802433,0.8269540863161524,0.03675830472577074,0.0002777777777778212,0.05180820122793037,0.468926318190707,0.12404237404987502,0.11131606896748594,0.0,0.7249730604930718,0.6257279975974765,0.2997798737670307,0.2988932979910367,0.38625292728721994,angry,05,15,15,male,strong,1714
20,0.6673333333333333,True,1.0,0.48248150763213854,0.4923540256573865,0.48741776664476255,1.1198074152813293,-0.06166666666666665,-0.0633333333333333,0.34671661197278053,0.536495937234809,0.1612819715652447,0.43526927933613346,0.009872518025247967,0.0016666666666666496,0.04762522899109835,0.24219952556022842,0.12353779909672896,0.11187577916895365,0.0,0.9656090743420737,0.626711848778574,0.3021375587307149,0.307666119022985,0.4017794536369766,angry,05,15,15,male,strong,1714
30,1.0010000000000001,True,1.0,0.5111618882838782,0.532085229056692,0.5216235586702851,1.0920579222751479,-0.07967592592592587,-0.08865740740740741,0.3499651006588977,0.5986585440146469,0.1841773797792302,0.4776519157368103,0.02092334077281377,0.008981481481481535,0.04585569514644362,0.2711657448647255,0.12229761729978222,0.11323016635589839,0.0,0.7013600291364146,0.6317659658472764,0.2996320827070527,0.3096686860965696,0.4075869749957695,angry,05,15,15,male,strong,1714
40,1.3346666666666667,True,1.0,0.5341449782829947,0.5342169662389191,0.534180972260957,0.8184307276504279,-0.06351851851851847,-0.06532407407407409,0.38916137604711526,0.4155793013580129,0.17041892190712365,0.6526892920974479,7.198795592444629e-05,0.0018055555555556158,0.04109314303078415,0.3222938491705269,0.12336712516389224,0.11206395584221976,0.0,0.9379021555495419,0.6221217971407312,0.3019833430422748,0.3165031028076788,0.406015772862692,angry,05,15,15,male,strong,1714
50,1.6683333333333334,True,1.0,0.5356559549721429,0.5260674929255043,0.5308617239488236,0.8988798015800455,-0.06310185185185185,-0.0641666666666667,0.3940203721299176,0.39555245440033265,0.1758511360132701,0.5905814359335676,0.009588462046638657,0.0010648148148148517,0.027367715305687542,0.3024366198836683,0.1279953498479274,0.10674721630163451,0.0,0.7056430787174393,0.599627081582633,0.2722705068842465,0.31623151925800963,0.3731445989783769,angry,05,15,15,male,strong,1714
60,2.0020000000000002,True,1.0,0.5443384172894661,0.5365254635011356,0.5404319403953008,1.0281533281571882,-0.06541666666666673,-0.06541666666666662,0.37629446602601707,0.5491406920111201,0.16749280406255168,0.5256336050226523,0.007812953788330468,1.1102230246251565e-16,0.02260051381465614,0.2803499827593873,0.12245006809469706,0.11306528465318945,0.0,0.8122500403414491,0.6276352298888306,0.30020213786331057,0.3200982865417818,0.42163882047318146,angry,05,15,15,male,strong,1714
70,2.3356666666666666,True,1.0,0.6072524949942812,0.5647182863434934,0.5859853906688873,1.0380686594008541,-0.06398148148148147,-0.06356481481481485,0.3323416602298029,0.4869296875410252,0.17436857329742902,0.5644957926069193,0.04253420865078783,0.0004166666666666208,0.019201093170021038,0.2686194948722969,0.12660344826455833,0.1083943940338275,0.0,0.7071067807446058,0.5912241422662815,0.27281942710682405,0.31364567806739707,0.3629338483822249,angry,05,15,15,male,strong,1714
80,2.6693333333333333,True,1.0,0.5673430634173959,0.5434458029475303,0.5553944331824632,0.8588933135552748,-0.062361111111111145,-0.06263888888888897,0.36585720263152166,0.38623051817295484,0.1716882721035376,0.6466396051955297,0.023897260469865622,0.0002777777777778212,0.029375445826846192,0.3202630742794683,0.12730201844936997,0.10757310941526609,0.0,0.9999999987499999,0.5929572078597064,0.2737298733429258,0.31522436463302883,0.36814744551343564,angry,05,15,15,male,strong,1714
90,3.003,True,1.0,0.5869626089859051,0.580705959476755,0.58383428423133,0.8506462623440453,-0.06041666666666662,-0.059953703703703676,0.3703825760312227,0.3611281319815547,0.1730930638915411,0.6863420320245847,0.0062566495091501695,0.0004629629629629428,0.02873648525920238,0.32229384917052706,0.1269210290620353,0.10802235950118223,0.0,0.9999999987499999,0.5945778758456507,0.27381853920728527,0.31243419969870306,0.3666208069902812,angry,05,15,15,male,strong,1714
100,3.336666666666667,True,1.0,0.5529108537183683,0.561905358569612,0.5574081061439902,0.8086413752000315,-0.059537037037037055,-0.06041666666666662,0.37093566984521276,0.31864246939548996,0.17243649951858514,0.6893143527390069,0.008994504851243645,0.0008796296296295636,0.032966125756006985,0.33903540751370465,0.12583711851820445,0.10928310653280887,0.0,0.8457524428279349,0.5929358115042893,0.27412426876005486,0.313974832535032,0.3671782983523995,angry,05,15,15,male,strong,1714
0,0.0,True,1.0,0.5416103897675475,0.49276937710199015,0.5171898834347688,0.5469495232861353,-0.06263888888888886,-0.06277777777777777,0.37332041289594103,0.33014537115230147,0.16052364068832686,0.9455897873855577,0.04884101266555735,0.0001388888888889106,0.03770248913384928,0.508054149532472,0.1260884060101824,0.1089930806998849,0.0,0.816886671072447,0.6303888212081709,0.2984666076634158,0.30394889098346045,0.395046435503042,angry,05,15,15,male,strong,1715
10,0.33366666666666667,True,1.0,0.4869368526902406,0.4494447079698608,0.4681907803300507,0.520689485421891,-0.062129629629629646,-0.06282407407407403,0.36915976926457655,0.3172324860003707,0.15706884204696775,0.899174639470004,0.037492144720379816,0.0006944444444443865,0.03400828960684889,0.5053569964604223,0.12302581335343342,0.11209914863130854,0.0,0.8513614914863641,0.6327951982042818,0.2971581644704848,0.304599180298956,0.3956435408916471,angry,05,15,15,male,strong,1715
20,0.6673333333333333,True,1.0,0.4953045280305817,0.4739742394962567,0.4846393837634192,0.5990039102264654,-0.06518518518518518,-0.0662037037037036,0.38314564609602675,0.36169359682915814,0.16121762434314496,0.8090754926461025,0.021330288534325004,0.0010185185185184187,0.02401964260806327,0.46250122425482976,0.12354683947044007,0.1118657956087335,0.0,0.784329676980914,0.6340145198626326,0.2994046011810674,0.30268159625235314,0.39789612903576743,angry,05,15,15,male,strong,1715
30,1.0010000000000001,True,1.0,0.500969008651464,0.4513194622662653,0.47614423545886464,1.4400267086524636,-0.08393518518518511,-0.07939814814814816,0.33615052797471334,0.7516048594821586,0.18197127929757903,0.3306495862874842,0.049649546385198695,0.004537037037036951,0.010931000035478049,0.19192105201828322,0.11940197821490135,0.11627959996594144,0.0,0.8700882109986403,0.627094802030187,0.30068034826473883,0.3375724256380061,0.43013901882616634,angry,05,15,15,male,strong,1715
40,1.3346666666666667,True,1.0,0.5685425610081667,0.553976674873045,0.5612596179406059,0.915905246105743,-0.06597222222222227,-0.06574074074074071,0.3767508952422684,0.46487441595269224,0.17362209709164375,0.6127922296842128,0.014565886135121664,0.00023148148148155467,0.004355599069046533,0.29981981652191037,0.12605850094160562,0.1090276667218653,0.0,0.8489147959515958,0.5884944620035515,0.2765448855938122,0.3185967345609897,0.3740740385529574,angry,05,15,15,male,strong,1715
50,1.6683333333333334,True,1.0,0.5591427064880885,0.5777816662455791,0.5684621863668338,1.027160493827161,-0.07398148148148148,-0.08078703703703699,0.3969720075845053,0.4872427983539098,0.18615210035902052,0.5534307343234797,0.018638959757490636,0.006805555555555509,0.004578164633170046,0.2740384615384612,0.12690697089788433,0.10803887498606407,0.0,0.7901650456752524,0.5885585224558574,0.2744180375522736,0.3309741769293954,0.38838706203211404,angry,05,15,15,male,strong,1715
60,2.0020000000000002,True,1.0,0.5925674531198685,0.5970070721675708,0.5947872626437196,0.9465660599586894,-0.06587962962962957,-0.06893518518518521,0.4044359071948902,0.3954830798457546,0.17847393214836946,0.6283631833045838,0.004439619047702292,0.0030555555555556446,0.00028596566214393875,0.29312847982731055,0.1198249572963465,0.11584367647311405,0.0,0.8189698681330174,0.6233668416976166,0.3037481958040939,0.3090015233022622,0.4170105070981755,angry,05,15,15,male,strong,1715
70,2.3356666666666666,True,1.0,0.5912006784517254,0.6265423096269521,0.6088714940393387,1.1459373155256292,-0.06384259259259262,-0.06740740740740736,0.3185167094595604,0.5479841460359335,0.18541831255121555,0.5313305411998526,0.035341631175226706,0.003564814814814743,0.003803189637971975,0.2449616988481813,0.12106742840478353,0.11454455704917299,0.0,0.8089182819841192,0.6178888700949129,0.30322147406948774,0.3087565573638248,0.41163788479533253,angry,05,15,15,male,strong,1715
80,2.6693333333333333,True,1.0,0.6015740146137476,0.6250955190071867,0.6133347668104672,0.9175124370886238,-0.06000000000000011,-0.05874999999999997,0.3456136647987451,0.39100438425071055,0.17711090471635124,0.668475698004325,0.02352150439343914,0.0012500000000001399,0.013787714050424116,0.3060124412997696,0.121731834678051,0.11350299688089185,0.0,0.6875347278068898,0.6204802706004277,0.3007524494295531,0.31149116430908164,0.41490051447341453,angry,05,15,15,male,strong,1715
90,3.003,True,1.0,0.5666556846580317,0.5775641538390113,0.5721099192485215,0.8705137090517643,-0.06287037037037047,-0.060694444444444495,0.365196661331762,0.34949884629453215,0.17579212179171333,0.6572095456965418,0.010908469180979541,0.00217592592592597,0.02136337371774553,0.3242829305924752,0.1222015340995852,0.11333385563819694,0.0,0.679427468880209,0.6241778313747374,0.2988789661860197,0.3085992992697376,0.4100268608344344,angry,05,15,15,male,strong,1715
100,3.336666666666667,True,1.0,0.5987436744143254,0.5905863804267009,0.5946650274205132,0.8366941002293605,-0.06342592592592594,-0.0588425925925925,0.36113542073433946,0.34607180290949646,0.17375343558559367,0.7107317085868053,0.008157293987624548,0.004583333333333439,0.028526537575812996,0.3313992601439594,0.1211734848843324,0.11443235701041435,0.0,0.7071067807446058,0.6273649424535439,0.30017434002627547,0.3070611188720456,0.41130072590754924,angry,05,15,15,male,strong,1715
0,0.0,True,1.0,0.5352484544146945,0.4964234468704004,0.5158359506425474,0.7256074849714454,-0.06425925925925918,-0.060787037037037084,0.36326919183538287,0.35539958447581,0.16458750530379493,0.7109021906835028,0.03882500754429408,0.003472222222222099,0.010791902169116229,0.39030612244897955,0.12307695242402757,0.11238256783082674,0.0,0.7827993813096683,0.6358466179284215,0.3011879233322762,0.30029895315267824,0.39757896736128173,fearful,06,15,15,male,normal,1716
10,0.33366666666666667,True,1.0,0.4523924714126033,0.4443879233213167,0.44839019736696,0.7161837411717779,-0.06129629629629635,-0.058379629629629615,0.3744290412843906,0.33660635835073566,0.16737752141912068,0.6260826259938969,0.00800454809128659,0.002916666666666734,0.011844002487049749,0.38302251892023265,0.12327944543641335,0.11216040345503143,0.0,0.8775375135938088,0.6391610108652835,0.3000817841945132,0.29994368696423657,0.39280993380780443,fearful,06,15,15,male,normal,1716
20,0.6673333333333333,True,1.0,0.5298885535606805,0.5273419680122908,0.5286152607864857,0.8219751097608098,-0.06050925925925926,-0.05574074074074076,0.36676198344353095,0.3742922374803689,0.1667440107808775,0.6431037321073017,0.0025465855483897126,0.004768518518518505,0.015103535487802336,0.32192422102357027,0.1223759000415266,0.11314555607416832,0.0,0.6903255421266253,0.6393339794589711,0.3013757805226276,0.3002683130413728,0.39400050594886593,fearful,06,15,15,male,normal,1716
30,1.0010000000000001,True,1.0,0.5369274928312938,0.5573050061710597,0.5471162495011768,0.9236231903819783,-0.058796296296296235,-0.05712962962962964,0.37187859632621834,0.4184521142755202,0.16673257160503405,0.5923587185753842,0.020377513339765896,0.0016666666666665941,0.016542916140902794,0.3079661816404953,0.12077518636713548,0.11452040967893554,0.0,0.7373283871172958,0.6442855354641858,0.3005127881877309,0.3035903906601606,0.40122931563814257,fearful,06,15,15,male,normal,1716
40,1.3346666666666667,True,1.0,0.28124946564704095,0.2636452912497986,0.27244737844841976,0.967978674272807,-0.07342592592592595,-0.0690277777777778,0.36837034326076684,0.4334232869878236,0.16946065300579052,0.2814601041217107,0.017604174397242378,0.004398148148148151,0.006124882389497219,0.28583770068674064,0.12250831003489882,0.1130021758318603,0.0,0.6665760177383871,0.6438521299457284,0.29899028522279025,0.29976742147711544,0.383596607042636,fearful,06,15,15,male,normal,1716
50,1.6683333333333334,True,1.0,0.507217272140825,0.5098017565487781,0.5085095143448015,0.6500708325347436,-0.04773148148148143,-0.04722222222222222,0.36109559129465174,0.33242258481890297,0.16181309963934307,0.7822370869371743,0.0025844844079531137,0.0005092592592592093,0.007354752275750268,0.43525286240935507,0.12449326209967,0.11081157638982177,0.0,0.8220000214562988,0.6066833725599614,0.272701592893486,0.2936560057207425,0.34936663233117987,fearful,06,15,15,male,normal,1716
60,2.0020000000000002,True,1.0,0.5960754531324115,0.5591427064880885,0.57760907981025,0.8594191597795013,-0.056203703703703645,-0.05555555555555558,0.36060155399396343,0.4078414052390218,0.16806281908660348,0.6720923931442784,0.036932746644323,0.0006481481481480644,0.010579372746488538,0.324580603940142,0.12432906431962412,0.11099577260263496,0.0,0.817768475749645,0.6035880416228993,0.27559782760075563,0.3014272675902979,0.35793041662042296,fearful,06,15,15,male,normal,1716
70,2.3356666666666666,True,1.0,0.5769559650924249,0.5642608685128742,0.5706084168026495,0.8812940168752413,-0.057592592592592584,-0.05652777777777768,0.3648128946344901,0.3900809582890414,0.16666712442971,0.6474665728763555,0.012695096579550702,0.0010648148148149073,0.008944579589492418,0.32316197484547193,0.12347301807344072,0.11194727141917746,0.0,0.6995697629253923,0.6353242482539891,0.29878850036461146,0.31295798115140383,0.40838392119603933,fearful,06,15,15,male,normal,1716
80,2.6693333333333333,True,1.0,0.5663818855212911,0.5590293682310382,0.5627056268761647,0.8523991310760548,-0.061388888888888826,-0.05972222222222223,0.3671314920160883,0.3900809582890416,0.16389307853674048,0.6601433605003963,0.00735251729025288,0.0016666666666665941,0.005692609372781739,0.33411661806057286,0.12190967786351405,0.11364773738782559,0.0,0.7203517501011251,0.6414259651360544,0.29929036592541186,0.307490405013854,0.4100965768830165,fearful,06,15,15,male,normal,1716
90,3.003,True,1.0,0.5617368276238612,0.5589100673497404,0.5603234474868009,0.8739842733497866,-0.061435185185185204,-0.06000000000000005,0.3660007171822728,0.40784140523902207,0.16319491194709926,0.6411138787877798,0.0028267602741208764,0.0014351851851851505,0.013126132302285869,0.3191714066544966,0.1229517683049824,0.11251951137898294,0.0,0.7316344189717512,0.6425685284191802,0.299117828270555,0.3086675302050262,0.4109527101211378,fearful,06,15,15,male,normal,1716
0,0.0,True,1.0,0.5342169662389197,0.5235181482372742,0.528867557238097,0.8699564896752942,-0.06115740740740738,-0.059675925925925966,0.3681582312507672,0.39865998697503296,0.15913568543959236,0.6079241473737307,0.010698818001645516,0.001481481481481417,0.02223043997402297,0.32043185917949585,0.12320359578866213,0.11224371588284927,0.0,0.6822195018586277,0.6459157695187451,0.29980046332805316,0.3042810830203047,0.407294522775285,fearful,06,15,15,male,normal,1717
10,0.33366666666666667,True,1.0,0.5183312583367964,0.5166117752983785,0.5174715168175874,0.9411225444380389,-0.061481481481481526,-0.0600925925925927,0.3713796936805298,0.4052700812154382,0.15918314163723735,0.5498449908312194,0.0017194830384178461,0.0013888888888888284,0.019619786160865703,0.3043409395483202,0.12167271498397922,0.11390139682424295,0.0,0.881618780491216,0.6418647204663115,0.3014490633958835,0.3034427553359783,0.4090758414975728,fearful,06,15,15,male,normal,1717
20,0.6673333333333333,True,1.0,0.5031547608171584,0.5017254782748342,0.5024401195459962,0.8908237602571742,-0.059027777777777735,-0.058472222222222314,0.37698909456908447,0.38153836104481115,0.15984445805721553,0.564017420685934,0.0014292825423242173,0.0005555555555554204,0.017227650210407203,0.3227866788954348,0.1222410678017884,0.1132912137495378,0.0,0.905666419491759,0.6428600539200056,0.3009431793377606,0.30289045358197586,0.4086640096330855,fearful,06,15,15,male,normal,1717
30,1.0010000000000001,True,1.0,0.4797242627289984,0.4777743970924404,0.4787493299107194,0.8288580013190454,-0.05990740740740741,-0.05949074074074073,0.4062711820210917,0.34194573482095514,0.15850718807978414,0.5776011441632188,0.001949865636557968,0.0004166666666666763,0.017581856315935524,0.3424882642373609,0.12082328124651587,0.11463598270699629,0.0,0.9999999987499999,0.646388286330157,0.30036406095133594,0.30566166083695023,0.4126565706328216,fearful,06,15,15,male,normal,1717
40,1.3346666666666667,True,1.0,0.49111080659514905,0.4989467102211671,0.4950287584081581,0.7714802329116954,-0.06115740740740733,-0.05930555555555567,0.37994462922156164,0.392568839541411,0.16124790858751442,0.6416609749543897,0.007835903626018048,0.0018518518518516602,0.03363953876361237,0.3518137947559358,0.12235468132881924,0.11316850147984003,0.0,0.7071067807446058,0.6424414723545668,0.29970151234650494,0.3022012823443957,0.40471796498917206,fearful,06,15,15,male,normal,1717
50,1.6683333333333334,True,1.0,0.5139799424659539,0.4986562979042996,0.5063181201851268,0.6269204312832194,-0.06046296296296305,-0.05967592592592591,0.3702836867308887,0.3276013430289217,0.16960691018234497,0.807627403606489,0.015323644561654304,0.0007870370370371416,0.024003486923798244,0.4524603066259681,0.12589719106310968,0.10921389587819837,0.0,0.6973047281428211,0.5985144092011805,0.2759062362197143,0.297510512580916,0.35173067316361334,fearful,06,15,15,male,normal,1717
60,2.0020000000000002,True,1.0,0.558355906719522,0.5429172075158731,0.5506365571176975,0.7954491417691595,-0.06259259259259248,-0.06023148148148144,0.37628535191719015,0.37662668358537893,0.17372357468471158,0.6922335171460818,0.01543869920364882,0.002361111111111036,0.02734616626785882,0.35683533596913103,0.12476430556970838,0.11050631577476577,0.0,0.8693420844549342,0.5929543946484844,0.27898622719797517,0.29584085242946184,0.3540862245022598,fearful,06,15,15,male,normal,1717
70,2.3356666666666666,True,1.0,0.547604695111117,0.5414915379326789,0.5445481165218979,0.9243352638971174,-0.06509259259259259,-0.060925925925925994,0.375306747327659,0.39891303397218403,0.16336312596803015,0.5891240308478684,0.006113157178438078,0.004166666666666596,0.02916941397378615,0.3015635979976728,0.12338109518810814,0.1120485748262011,0.0,0.6825868217374816,0.6427518027445354,0.29854121323497457,0.3094455633865273,0.4173018766463573,fearful,06,15,15,male,normal,1717
80,2.6693333333333333,True,1.0,0.5261277470897113,0.5032004473399115,0.5146640972148114,0.799673206787824,-0.062037037037037,-0.06050925925925921,0.38284135004043857,0.365213385179337,0.16192621871902638,0.6435930238079945,0.02292729974979979,0.0015277777777777946,0.027826107288748337,0.3432126912901364,0.12232503010548557,0.1132005511464915,0.0,0.7220805479860196,0.6469123913393483,0.2988649322738369,0.30663700634688035,0.4131205532267604,fearful,06,15,15,male,normal,1717
90,3.003,True,1.0,0.5438743996118824,0.5189915904972126,0.5314329950545476,0.8259700775916299,-0.062407407407407356,-0.06115740740740744,0.37658192577465754,0.3849160854117578,0.16124790858751442,0.6434046577136354,0.02488280911466989,0.0012499999999999178,0.021039507977101017,0.33747695648940707,0.12266737682787218,0.11282948387943031,0.0,0.6913366742783374,0.6485117950774059,0.2997586853672499,0.3043269547028643,0.41133693685315337,fearful,06,15,15,male,normal,1717
0,0.0,True,1.0,0.5334413793293141,0.5243675210215991,0.5289044501754566,0.9823758553697881,-0.06694444444444447,-0.06412037037037044,0.3432922241115551,0.4599830581752969,0.16736111111111118,0.5383931692583845,0.00907385830771501,0.0028240740740740344,0.008258048614892774,0.3039740100576473,0.12427530924092656,0.11105595564211204,0.0,0.7068433120100338,0.6413187346891882,0.3002053023164545,0.3088752810765513,0.41352790829762254,fearful,06,15,15,male,normal,1718
10,0.33366666666666667,True,1.0,0.5533835517604134,0.5877934035232926,0.570588477641853,0.9189164329200666,-0.06953703703703712,-0.07305555555555554,0.35869807988914604,0.3992014011865865,0.17430949483188374,0.6209361996375209,0.03440985176287914,0.003518518518518421,0.001966281419181494,0.31395288436084723,0.12143919073767506,0.1141503426320322,0.0,0.8533451866111903,0.6428366239386379,0.29960550321618457,0.30888353360921095,0.41516127783256807,fearful,06,15,15,male,normal,1718
20,0.6673333333333333,True,1.0,0.5470047088020374,0.5307112770517753,0.5388579929269064,0.8443517908952897,-0.06759259259259259,-0.06921296296296298,0.36146471755777776,0.4073627061336924,0.1743073063560256,0.6381913306011233,0.0162934317502621,0.0016203703703703831,0.0033568098450407593,0.3453947368421048,0.1251019153464489,0.11012396899517628,0.0,0.7061161430262195,0.6007879458814777,0.27955127774761074,0.3073947926417657,0.3698069395132267,fearful,06,15,15,male,normal,1718
30,1.0010000000000001,True,1.0,0.5670882497382714,0.5362726582939173,0.5516804540160944,0.9036429652498638,-0.0701851851851853,-0.07314814814814818,0.36037936184853253,0.4073627061336929,0.1784739321483694,0.6105071087047647,0.030815591444354085,0.0029629629629628895,0.0010373941048727052,0.3047315771991787,0.12071337293186714,0.11491761990896947,0.0,0.8910952493458336,0.6374577709833935,0.302320514202275,0.3191708227657961,0.4184541281518058,fearful,06,15,15,male,normal,1718
40,1.3346666666666667,True,1.0,0.5395459754152274,0.5359418614411909,0.5377439184282091,0.8414625517503629,-0.0825925925925926,-0.08375000000000005,0.396012907225575,0.34057841015166346,0.19306187851855733,0.6390586453427126,0.0036041139740364825,0.0011574074074074403,0.005653175069658288,0.3128903930661816,0.12113031361353585,0.11447805420309133,0.0,0.6744238249830953,0.6358891267288166,0.3025129539354257,0.33683417217874584,0.433837551525507,fearful,06,15,15,male,normal,1718
50,1.6683333333333334,True,1.0,0.5929179280648994,0.5879216076180226,0.590419767841461,0.9017442155726343,-0.08504629629629629,-0.08662037037037035,0.3695712154459947,0.38646180667398633,0.19931512529804216,0.6547530415446324,0.004996320446876812,0.001574074074074061,0.003957806806065095,0.3141083579461399,0.11808606168254605,0.11761572941575055,0.0,0.8753964996480946,0.6295758146774336,0.30394909793160835,0.3342487004650693,0.4269941045776601,fearful,06,15,15,male,normal,1718
60,2.0020000000000002,True,1.0,0.5613659022152689,0.5502645502645508,0.5558152262399099,0.8127737012322916,-0.08032407407407416,-0.08291666666666675,0.3531541824065092,0.3536878854090576,0.19514866295738678,0.6838499146776124,0.011101351950718152,0.002592592592592591,0.011271765569033842,0.3130312334091196,0.12070936512988321,0.1149218296933573,0.0,0.687372641014603,0.6350140263839911,0.3013980633360154,0.3270149505665641,0.4233886553812759,fearful,06,15,15,male,normal,1718
70,2.3356666666666666,True,1.0,0.5448176417443922,0.5344789721770398,0.539648306960716,0.9762513462179299,-0.07699074074074075,-0.07847222222222222,0.36468369745785306,0.42982686278570587,0.18891473730410502,0.552775992628695,0.01033866956735241,0.0014814814814814725,0.012889563122465291,0.29421172795696693,0.12099884465470606,0.11461700293747853,0.0,0.7071067807446058,0.63613983501213,0.2998650663830951,0.3343977523510501,0.43824088456571814,fearful,06,15,15,male,normal,1718
80,2.6693333333333333,True,1.0,0.5473181692952758,0.5359418614411904,0.5416300153682331,0.9445138469560601,-0.0753240740740741,-0.07745370370370375,0.3760275519707025,0.401756656877687,0.1847288304216915,0.573448464640064,0.011376307854085388,0.002129629629629648,0.011879476096982693,0.30259644526114504,0.12075968404395708,0.11486895350647368,0.0,0.7054276538994756,0.6360798378413867,0.30038668559751186,0.3285282315171938,0.4335741674604429,fearful,06,15,15,male,normal,1718
90,3.003,True,1.0,0.5622233160748222,0.534244249008438,0.5482337825416301,0.9530686594702071,-0.07444444444444448,-0.07634259259259268,0.3695847893237229,0.4115374295542444,0.17987171536233565,0.5752301023583998,0.0279790670663842,0.0018981481481482043,0.005992954607471272,0.3156932343352745,0.12370186375010304,0.11169434486734982,0.0,0.6678050186784538,0.635740473415929,0.3002934314518211,0.3257908392029427,0.42876162918711463,fearful,06,15,15,male,normal,1718
0,0.0,True,1.0,0.5364237883493944,0.5178780161974945,0.5271509022734444,0.9545925521789029,-0.06407407407407412,-0.0643055555555555,0.3675965972649344,0.44058117792872514,0.16111537299237588,0.552226079147797,0.018545772151899897,0.00023148148148138814,0.00913545137925952,0.30327508408575027,0.1237699632689944,0.11161887816504536,0.0,0.8940446946711121,0.6478553435827457,0.3012491368623419,0.3097307327489763,0.41858937370071697,fearful,06,15,15,male,normal,1719
10,0.33366666666666667,True,1.0,0.497684561901265,0.5028216082137842,0.5002530850575246,0.8731545360047088,-0.0666666666666666,-0.06648148148148147,0.3806310045159782,0.3578350061796166,0.16181309963934307,0.572926171060774,0.005137046312519211,0.00018518518518512161,0.006947014976520928,0.32439320092980967,0.12524748746099465,0.10978497487154024,0.0,0.762839529358376,0.5938220690541841,0.2784648858860383,0.32640704600394793,0.37608532447459386,fearful,06,15,15,male,normal,1719
20,0.6673333333333333,True,1.0,0.46767801642333257,0.46704391622180985,0.4673609663225712,1.1242173185927389,-0.06791666666666674,-0.06796296296296295,0.35839052534158183,0.5918215279995559,0.1534965791164995,0.4157211942861719,0.0006341002015227137,4.6296296296211015e-05,0.015980270355656228,0.24882049882302668,0.12762858051788356,0.107185461727607,0.0,0.7851289745986124,0.5895136742587661,0.2790850686964548,0.3188830766173692,0.36694029408830975,fearful,06,15,15,male,normal,1719
30,1.0010000000000001,True,1.0,0.5108362577413953,0.49840178955036707,0.5046190236458812,1.0297735394601395,-0.06671296296296297,-0.06532407407407409,0.34765480821900846,0.5456070502086279,0.1666890955774204,0.4900291222383016,0.012434468191028225,0.001388888888888884,0.0274324561826497,0.30369863659981794,0.12557647811118802,0.10923423465385883,0.0,0.8717607174627752,0.5809667586018783,0.2815927417698446,0.32522247640333285,0.3811429362261329,fearful,06,15,15,male,normal,1719
40,1.3346666666666667,True,1.0,0.44063698626113257,0.44507977202049026,0.4428583791408114,0.8206148453367424,-0.06666666666666671,-0.06509259259259259,0.3971136356665351,0.38997917341564375,0.16459492187906868,0.5396665459532148,0.0044427857593576925,0.0015740740740741166,0.03201824752688968,0.3354620889125798,0.11852351007882167,0.11684925088860534,0.0,0.6894889348933707,0.6461398472279538,0.29957119729617354,0.2908251674423113,0.39762208269438376,fearful,06,15,15,male,normal,1719
50,1.6683333333333334,True,1.0,0.6027299163262211,0.6298974212869545,0.6163136688065878,0.8649906893241391,-0.06032407407407414,-0.060185185185185175,0.36835236533254917,0.33706192050576356,0.17577953531399634,0.7125090205169083,0.02716750496073339,0.0001388888888889661,0.026922996405875328,0.3403648785877304,0.12315032013251782,0.11230216570259864,0.0,0.691858494007866,0.6004857990930746,0.2806522768287751,0.3070420857151258,0.3804611260224153,fearful,06,15,15,male,normal,1719
60,2.0020000000000002,True,1.0,0.5873735300278125,0.611094409384842,0.5992339697063273,0.8373468562999687,-0.06055555555555564,-0.05851851851851847,0.3517690354064619,0.3498705895896807,0.18133248392541945,0.7156341069389044,0.0237208793570296,0.0020370370370371704,0.03028917853089285,0.33916964051721327,0.123327288623876,0.11210779478109076,0.0,0.9790166457239942,0.5982367632443603,0.28072846935377094,0.3131561395004388,0.37866383959543315,fearful,06,15,15,male,normal,1719
70,2.3356666666666666,True,1.0,0.6256812586284374,0.6155840210397698,0.6206326398341035,0.9172148858214861,-0.06101851851851858,-0.05921296296296291,0.34987018894259775,0.32853875346157685,0.17719359312470764,0.6766491139949672,0.01009723758866754,0.0018055555555556713,0.025403844889746053,0.3203614997132295,0.1189625378484869,0.11672914099896041,0.0,0.7872191361606429,0.6391115207723715,0.30188953345200853,0.29998184699097274,0.41839230868640054,fearful,06,15,15,male,normal,1719
80,2.6693333333333333,True,1.0,0.5497016782867251,0.5726438202982147,0.5611727492924699,0.8775334988091873,-0.06259259259259259,-0.06129629629629624,0.3677878353884582,0.35807449600152347,0.17089763144651174,0.6394886919462118,0.022942142011489586,0.001296296296296351,0.021510207081038797,0.3202630742794672,0.1241940720995208,0.1111467958402039,0.0,0.7384901812987874,0.6034912267641432,0.27848208522265866,0.309710823254952,0.38096431105166506,fearful,06,15,15,male,normal,1719
90,3.003,True,1.0,0.561339094469592,0.5699667587945186,0.5656529266320554,0.9138760605016287,-0.06402777777777774,-0.061759259259259236,0.3700665947569867,0.369666533376848,0.1709087918490251,0.6189602190931308,0.008627664324926676,0.002268518518518503,0.01976534700507574,0.3139082251714756,0.1248267632633954,0.11043575935176274,0.0,0.7009519099236232,0.6017992233065101,0.2817355857998256,0.3051180184404786,0.37244722063423197,fearful,06,15,15,male,normal,1719
0,0.0,True,1.0,0.5161896113925339,0.4793253600462669,0.4977574857194004,0.8465763427910088,-0.06337962962962967,-0.06092592592592588,0.3787575602390078,0.3597317171519803,0.16601818375842214,0.5879652673477553,0.03686425134626703,0.002453703703703791,0.02030799289907961,0.3318543340028079,0.12454245924260003,0.11075628025694131,0.0,0.7906571905370756,0.6447445937828257,0.3016778819807079,0.30632615106957,0.40899433122161544,fearful,06,15,15,male,strong,1720
10,0.33366666666666667,True,1.0,0.4935029609798395,0.4923829870815251,0.4929429740306823,0.9190421809153154,-0.06388888888888888,-0.061851851851851825,0.37149269490215864,0.38766103291540027,0.16396754329668484,0.5363659952361907,0.0011199738983143637,0.0020370370370370594,0.02587693065750146,0.3091526559286643,0.12145163286824408,0.11413710458768889,0.0,0.7208454704898913,0.6477471300551471,0.30184391917509396,0.30368835004076977,0.4084306689182624,fearful,06,15,15,male,strong,1720
20,0.6673333333333333,True,1.0,0.5434467781621602,0.5297558399821063,0.5366013090721333,0.9266535643640296,-0.061990740740740624,-0.060370370370370297,0.37005878917652607,0.4052700812154372,0.1611684003091872,0.5790743485030541,0.013690938180053958,0.0016203703703703276,0.024233260999936102,0.30035327993242183,0.12140043110966278,0.11419156315807028,0.0,0.7071067807446058,0.6478577678571429,0.2994699991606171,0.3018380225467689,0.4106710941127845,fearful,06,15,15,male,strong,1720
30,1.0010000000000001,True,1.0,0.5298859112538664,0.5337741058767168,0.5318300085652916,0.9514384072209,-0.06925925925925924,-0.07111111111111118,0.38793080925174134,0.447903208238809,0.17164160640527312,0.558974710847272,0.003888194622850394,0.0018518518518519378,0.02610842673318899,0.30458599887275195,0.12147330068265687,0.11411404379536053,0.0,0.7661667078139478,0.6517893880520959,0.29725025040644454,0.3078415803460919,0.4207901680381026,fearful,06,15,15,male,strong,1720
40,1.3346666666666667,True,1.0,0.5876743318091049,0.595179374648059,0.591426853228582,1.2024907413092263,-0.09041666666666681,-0.09129629629629632,0.34731308342162814,0.6084705905907495,0.19947429843234013,0.4918348498755665,0.007505042838954146,0.0008796296296295081,0.022893310277933378,0.2503328833375447,0.12042590200169621,0.11521883481895666,0.0,0.6971865577581683,0.635660010121236,0.30141540161274505,0.33834464003733045,0.44205255178251546,fearful,06,15,15,male,strong,1720
50,1.6683333333333334,True,1.0,0.5849745825741941,0.5936546783316679,0.589314630452931,0.8285261722618349,-0.07518518518518519,-0.07643518518518516,0.37045679796773645,0.3354436386126818,0.19118344241757562,0.7112806452983031,0.00868009575747375,0.0012499999999999734,0.02955368240631303,0.33662307016073256,0.11905025834863772,0.11663967488347823,0.0,0.770349013677729,0.6332563793486146,0.30133993159976374,0.30802835567750375,0.4066153452561202,fearful,06,15,15,male,strong,1720
60,2.0020000000000002,True,1.0,0.67593967230024,0.6620857373276472,0.6690127048139436,1.035604801814815,-0.06504629629629632,-0.06273148148148144,0.33632211212781266,0.4546258781820552,0.18134468499349682,0.6460115901756656,0.013853934972592796,0.0023148148148148806,0.02946023504494961,0.25107619868594655,0.12183139821572023,0.11373164985596236,0.0,0.6778519771035161,0.6353201670746425,0.30049133221412444,0.31234942270986354,0.41706047429054044,fearful,06,15,15,male,strong,1720
70,2.3356666666666666,True,1.0,0.6654781229434367,0.6802931473886548,0.6728856351660457,0.9841974926640918,-0.06097222222222226,-0.05944444444444452,0.3568392012167283,0.4038335891669993,0.1792756451513826,0.6836896458094337,0.014815024445218095,0.001527777777777739,0.02571005553422432,0.29153177796455126,0.12674701594803126,0.10822648344530902,0.0,0.8947389960742272,0.5903440970138055,0.2752241278410147,0.3148423726873472,0.3787408770313482,fearful,06,15,15,male,strong,1720
80,2.6693333333333333,True,1.0,0.611616246477114,0.5997878283516026,0.6057020374143582,0.9457102678509348,-0.06333333333333335,-0.06263888888888891,0.3723123514859068,0.3879459694776259,0.17514119582942927,0.6404731533588789,0.011828418125511386,0.000694444444444442,0.02702350742978651,0.29967793249137786,0.1210585409979312,0.1145539498293588,0.0,0.6916610321124621,0.6374291267522634,0.29923657894750966,0.31446308584078536,0.41871653896542105,fearful,06,15,15,male,strong,1720
90,3.003,True,1.0,0.594842399006813,0.6045395449305999,0.5996909719687065,0.9172721658083183,-0.06462962962962954,-0.06444444444444447,0.37474437080475,0.3879459694776258,0.17232186774333413,0.6537764845837735,0.009697145923786898,0.0001851851851850661,0.025764642927492396,0.30627772093342936,0.12302785906924897,0.11243630936349269,0.0,0.7283975739053713,0.6432457331838985,0.29836237517623837,0.3141496070759698,0.42471973796601636,fearful,06,15,15,male,strong,1720
0,0.0,True,1.0,0.45653557847842935,0.4576014471544882,0.45706851281645877,0.8172850476286876,-0.061805555555555614,-0.06027777777777776,0.38057552003010053,0.3379327335453046,0.16684967166293066,0.5592522635066194,0.0010658686760588454,0.00152777777777785,0.02737641697366215,0.35561667893335747,0.12424692593946057,0.11108770933379795,0.0,0.8205942380547662,0.6026289433742248,0.28210266027081365,0.29838059999789945,0.36367696175849956,fearful,06,15,15,male,strong,1721
10,0.33366666666666667,True,1.0,0.4467242805992322,0.4267987338841239,0.43676150724167806,0.8288725801040742,-0.061342592592592615,-0.05902777777777779,0.38674853610531407,0.3313161572098875,0.16690864798421443,0.5269344380855714,0.019925546715108267,0.002314814814814825,0.02729667506373149,0.34377972234389004,0.12505745557522752,0.10965445149584313,0.0,0.6513599762825246,0.6007508744669743,0.28312848134470947,0.2956820381591476,0.3607502266877149,fearful,06,15,15,male,strong,1721
20,0.6673333333333333,True,1.0,0.5404049640230822,0.5443384172894647,0.5423716906562734,0.9134265341267813,-0.06175925925925929,-0.06032407407407414,0.38978779835279864,0.3610770979012259,0.16262014789072107,0.593777025729574,0.003933453266382503,0.0014351851851851505,0.026696597148434552,0.30790525545842745,0.12014672718316925,0.1155099204270208,0.0,0.7071067807446058,0.6495845671862495,0.3005738561747941,0.3023826500630863,0.4116922212669063,fearful,06,15,15,male,strong,1721
30,1.0010000000000001,True,1.0,0.5028266772051729,0.49852378287009647,0.5006752300376347,0.956245327714735,-0.06421296296296297,-0.06569444444444439,0.39903930247276514,0.4445806422687855,0.1625793263410684,0.5235844981686488,0.004302894335076468,0.001481481481481417,0.019135793027848985,0.29182750238421956,0.1260017395129549,0.10909326015003483,0.0,0.6894882332788392,0.589392043778449,0.2793882240242342,0.3156384221000443,0.37625291782457704,fearful,06,15,15,male,strong,1721
40,1.3346666666666667,True,1.0,0.5453446896003711,0.5336474015234631,0.5394960455619171,1.2349389683555545,-0.06652777777777774,-0.0672222222222223,0.34990754326596396,0.6097098863983508,0.1709087918490251,0.43686049220740875,0.011697288076907952,0.000694444444444553,0.025524772842623198,0.24123635670944968,0.12081564517884834,0.11481009385144351,0.0,0.6923552415727785,0.6474843743591185,0.2981595546654302,0.3115277794249327,0.42683671551613694,fearful,06,15,15,male,strong,1721
50,1.6683333333333334,True,1.0,0.5139799424659539,0.52521493288308,0.5195974376745169,0.6241877091534452,-0.06805555555555559,-0.0667592592592593,0.3855455142780352,0.30521794050961915,0.17167182944777282,0.8324377908357425,0.011234990417126056,0.0012962962962962954,0.02818072978503219,0.4246300621040026,0.12256488329668114,0.1129408126088497,0.0,0.7090876723122634,0.6488239468209159,0.29565938383574936,0.3063185396961595,0.41253197057372015,fearful,06,15,15,male,strong,1721
60,2.0020000000000002,True,1.0,0.5438743996118813,0.5272545855135714,0.5355644925627263,0.8736876030075803,-0.06861111111111118,-0.0672685185185185,0.37920816613618613,0.41589254632316514,0.17579212179171347,0.6129931233075762,0.016619814098309926,0.001342592592592673,0.030364088605189736,0.3159939592818077,0.12115047951105073,0.11445671270945325,0.0,0.8832273739063113,0.6430205192623925,0.29891354973593687,0.3046571771264553,0.41077682698418533,fearful,06,15,15,male,strong,1721
70,2.3356666666666666,True,1.0,0.5564600508841442,0.5469031931834295,0.5516816220337868,0.9723276287112834,-0.06490740740740736,-0.06375000000000003,0.36458281525843994,0.4423773796074603,0.16891313367679733,0.5673824395641024,0.009556857700714683,0.0011574074074073293,0.028855244139825695,0.29967793249137786,0.12318283786847407,0.11226649644903006,0.0,0.8770907213341728,0.6478630795443178,0.29829180512138914,0.31154098698409116,0.4221554112175014,fearful,06,15,15,male,strong,1721
80,2.6693333333333333,True,1.0,0.5406837873734878,0.5467923122183943,0.543738049795941,0.9203547586809533,-0.06421296296296292,-0.06412037037037038,0.3936353935623422,0.3718843416089384,0.1661748170125315,0.5907918057328491,0.006108524844906538,9.259259259253305e-05,0.02730158726626933,0.3114013913374836,0.1218270698223212,0.11373628633252938,0.0,0.7071067807446058,0.6479447410448554,0.29865749815168346,0.30790920923390297,0.4204836420964867,fearful,06,15,15,male,strong,1721
90,3.003,True,1.0,0.5677627232487638,0.5213158954828679,0.5445393093658158,0.8729587812723123,-0.06356481481481485,-0.062129629629629646,0.398055122471381,0.3691076443806761,0.16473345770569378,0.6237858201874841,0.046446827765895815,0.001435185185185206,0.026806912405145385,0.3207025649929192,0.1213301873302662,0.11426619540600967,0.0,0.7071067807446058,0.6480088919161414,0.29978103041875276,0.30753296321699564,0.4230602527337949,fearful,06,15,15,male,strong,1721
100,3.336666666666667,True,1.0,0.5206543836094492,0.550129886444123,0.5353921350267861,0.8254680461451664,-0.06236111111111109,-0.06166666666666665,0.3979813078709324,0.3177920737385477,0.16402336968135117,0.6485921987253184,0.029475502834673817,0.000694444444444442,0.024392533828424,0.3471966646264603,0.12196567595742608,0.11358763866901844,0.0,0.8125831220909747,0.6499294803468262,0.30060973035239386,0.30705544027101245,0.42073295904039576,fearful,06,15,15,male,strong,1721
0,0.0,True,1.0,0.5245996706788956,0.5018627668994153,0.5132312187891555,0.8629556289203963,-0.06171296296296286,-0.05958333333333338,0.37359342009604146,0.3810717567231146,0.16112294939183067,0.5947365097220991,0.022736903779480233,0.0021296296296294814,0.02661934899523712,0.31111087093008,0.12454000968605358,0.11075903465610186,0.0,0.6150283779908007,0.645267464306035,0.3022774678526009,0.30311342812304604,0.40920495889558384,fearful,06,15,15,male,strong,1722
10,0.33366666666666667,True,1.0,0.5242057596667813,0.5211887142370725,0.5226972369519269,0.9821997361623556,-0.06199074074074079,-0.05935185185185193,0.36196522874996934,0.4315099288268166,0.16042094699714268,0.5321700034192701,0.00301704542970882,0.0026388888888888573,0.018149127361230172,0.28283669021838725,0.1204916092338895,0.11498454646855386,0.0,0.7071067807446058,0.6465625536073805,0.302488131078304,0.3016274723125573,0.41188395708095277,fearful,06,15,15,male,strong,1722
20,0.6673333333333333,True,1.0,0.5047927291722142,0.48696884656086964,0.4958807878665419,1.0255282317958603,-0.056851851851851876,-0.05444444444444446,0.36468820415632486,0.4828942667809083,0.15001271511863795,0.4835369446613645,0.017823882611344544,0.0024074074074074137,0.01960320693942642,0.2704978590514752,0.12109262293042977,0.11451792192432628,0.0,0.8143366992391079,0.6516531701196104,0.30133804192860103,0.30232011167960837,0.41363684346780377,fearful,06,15,15,male,strong,1722
30,1.0010000000000001,True,1.0,0.49433284220482115,0.5086996457672341,0.5015162439860277,0.9238159646119063,-0.05486111111111103,-0.05370370370370364,0.3631932972506705,0.46928086278119174,0.15280973466280234,0.5428746235152083,0.014366803562412989,0.0011574074074073848,0.024426518716742986,0.3100988064201976,0.12232753540099346,0.11319784385274505,0.0,0.8584333156226183,0.6477568203687725,0.30007589248287575,0.3038954352774408,0.40885771814282706,fearful,06,15,15,male,strong,1722
40,1.3346666666666667,True,1.0,0.5361643081706434,0.5371130941945887,0.5366387011826161,0.8316599171224549,-0.06124999999999997,-0.06018518518518523,0.38580200875080534,0.35331575325938647,0.1708337799314538,0.64526219207412,0.000948786023945325,0.0010648148148147407,0.016484503680295436,0.32968340925484024,0.12476745020493228,0.11050276530325578,0.0,0.8757602364144317,0.5981866866434074,0.28160762892664437,0.32087829306238624,0.38206946554903237,fearful,06,15,15,male,strong,1722
50,1.6683333333333334,True,1.0,0.5747168029646843,0.5518713552298236,0.5632940790972539,0.6079596389307405,-0.06893518518518527,-0.06717592592592586,0.37046288065350064,0.303952560911578,0.18129208832451146,0.9265320311196269,0.022845447734860747,0.0017592592592594047,0.025956052390601014,0.45779920178140854,0.12375565761302725,0.11163473912241746,0.0,0.7137362598523398,0.598593607216324,0.27814368381116555,0.32557624430779325,0.3869832151005088,fearful,06,15,15,male,strong,1722
60,2.0020000000000002,True,1.0,0.5573362505820475,0.5582226096402025,0.557779430111125,0.8638547280417059,-0.0742592592592593,-0.07115740740740739,0.36545637718153,0.3951617507547066,0.18961592732921578,0.6456866091079564,0.0008863590581550396,0.003101851851851911,0.02001761371446461,0.3244626676775655,0.1241638656667874,0.11118053891283498,0.0,0.6924574494730474,0.59974666751857,0.28089316386230945,0.3182266969717054,0.3793564250842428,fearful,06,15,15,male,strong,1722
70,2.3356666666666666,True,1.0,0.5703802808325035,0.5680648144400668,0.5692225476362851,0.9124724398093421,-0.06736111111111115,-0.06388888888888883,0.36667331331312947,0.3677962278982888,0.18130092563129852,0.623824372991717,0.002315466392436627,0.003472222222222321,0.02195675274616813,0.3210868931147576,0.12632301210707714,0.10872108527272778,0.0,0.7337544027581571,0.6029329479838811,0.27927883877753285,0.31471609231452025,0.3793921619222248,fearful,06,15,15,male,strong,1722
80,2.6693333333333333,True,1.0,0.594324636838517,0.558910067349741,0.576617352094129,0.8073301654265298,-0.06550925925925927,-0.06342592592592594,0.37278621660244615,0.3243573645991721,0.17432700164969128,0.7142274335673927,0.03541456948877597,0.002083333333333326,0.015084440657209193,0.3533540773356795,0.12186105061244616,0.11369987736964723,0.0,0.7603370340720393,0.6476865587719463,0.3018014365219472,0.31133666425393813,0.4181966513097707,fearful,06,15,15,male,strong,1722
90,3.003,True,1.0,0.5660234514976865,0.5354147698897039,0.5507191106936953,0.8220564593533181,-0.06671296296296297,-0.0637037037037037,0.3822089679719385,0.3259266009945575,0.17224392771241934,0.669928572943671,0.03060868160798258,0.003009259259259267,0.01924809622013246,0.34329335496795355,0.12307413549134903,0.11238565274732712,0.0,0.8028343491474306,0.6478207219372124,0.30163366231172833,0.3075234066013238,0.41578017091470293,fearful,06,15,15,male,strong,1722
0,0.0,True,1.0,0.5600321002145092,0.5572013732196063,0.5586167367170578,0.7887142497218034,-0.06972222222222219,-0.06444444444444425,0.3537194185386563,0.39433405420454104,0.17014292463502936,0.7082625132157737,0.0028307269949029434,0.005277777777777937,0.026147676872958568,0.34666734074270594,0.12375473031845884,0.1116357670916896,0.0,0.7681765031600803,0.6421784673635078,0.30169554357597367,0.3077592673235482,0.4062296435437053,fearful,06,15,15,male,strong,1723
10,0.33366666666666667,True,1.0,0.5600321002145092,0.5461182173080492,0.5530751587612792,0.9324334428674629,-0.06749999999999995,-0.0641666666666667,0.3569011068482407,0.4060430144141993,0.17014292463502936,0.5931524260438757,0.013913882906460007,0.0033333333333332438,0.02190942266509809,0.3179366002437209,0.12116054114114387,0.11444606170759315,0.0,0.7337132632324227,0.6424414864539565,0.30255634901665013,0.30999935226804065,0.4137648367580115,fearful,06,15,15,male,strong,1723
20,0.6673333333333333,True,1.0,0.5600321002145088,0.5571954300928109,0.5586137651536598,1.0010381840686657,-0.06425925925925924,-0.06351851851851853,0.35511475081351446,0.4398341373819889,0.16597957692328508,0.558034422706239,0.0028366701216978596,0.0007407407407407085,0.01921466439895698,0.28164759712105997,0.12025126448745703,0.11523587640747564,0.0,0.9999999987499999,0.6379219207839385,0.30293817918321797,0.30888314492301694,0.41300689659357237,fearful,06,15,15,male,strong,1723
30,1.0010000000000001,True,1.0,0.5388805768450301,0.5287585556017337,0.5338195662233819,0.9100813243881806,-0.0640277777777778,-0.06250000000000006,0.3670893265563042,0.43300474532042627,0.1660094520457295,0.5865624883383386,0.01012202124329642,0.001527777777777739,0.01850826407893018,0.3088764163485751,0.12186401474700682,0.11369670039126924,0.0,0.9369032946791442,0.6311804319852942,0.30361854061542715,0.31686199406597165,0.4153510248893647,fearful,06,15,15,male,strong,1723
40,1.3346666666666667,True,1.0,0.5667441047764435,0.5673430634173979,0.5670435840969208,0.7526563311211865,-0.07166666666666666,-0.07125000000000009,0.40062993125211,0.31578313788151935,0.1798649287135741,0.7533897751876084,0.0005989586409543834,0.00041666666666656527,0.022552854408064874,0.3419154038460468,0.12084455283998477,0.11477966639981066,0.0,0.7149484891964023,0.6287822946756829,0.30356585458363655,0.3251788702679256,0.4241224799423175,fearful,06,15,15,male,strong,1723
50,1.6683333333333334,True,1.0,0.5939978124573593,0.5916510844204497,0.5928244484389045,0.6740834824714197,-0.07606481481481481,-0.07666666666666672,0.36565376177711956,0.30038431191401405,0.19102055594950887,0.8794525661204575,0.0023467280369096066,0.0006018518518519089,0.017881580055713605,0.39187844956464546,0.12038448866145872,0.11526210417845367,0.0,0.6922442842860486,0.630099416907388,0.30019688535167016,0.3235243137961752,0.42402446921277087,fearful,06,15,15,male,strong,1723
60,2.0020000000000002,True,1.0,0.5694380317139653,0.5782530610286531,0.5738455463713092,0.9160465987479913,-0.06999999999999995,-0.06518518518518523,0.35926966238605496,0.4062942703342157,0.18889252403601006,0.6264370689827503,0.008815029314687806,0.004814814814814716,0.017066842790489357,0.29981695960692983,0.12457310549387486,0.11072180976650778,0.0,0.7904675553742556,0.5935194140859469,0.27535849359087416,0.31285663099790206,0.38003848702572496,fearful,06,15,15,male,strong,1723
70,2.3356666666666666,True,1.0,0.6198012418902961,0.6411657559198541,0.6304834989050752,0.9232794469863791,-0.06625000000000003,-0.06129629629629624,0.36317987400132706,0.35899588497040824,0.1840427019957316,0.6828739673161776,0.02136451402955808,0.004953703703703793,0.017090221505181157,0.31405828886828246,0.12482792548859499,0.11043444566127457,0.0,0.9673587671781491,0.5936353182054072,0.27215375087834764,0.31191259243471375,0.3825747182230727,fearful,06,15,15,male,strong,1723
80,2.6693333333333333,True,1.0,0.5777412991798467,0.5875721220856249,0.5826567106327358,0.7944449944005472,-0.0658333333333333,-0.06240740740740747,0.3823882119130908,0.28559631423684934,0.1812706245000569,0.7334135336485853,0.009830822905778192,0.0034259259259258323,0.0242127815699249,0.3470203521900099,0.12483091372373462,0.11043106786282358,0.0,0.6898952175619227,0.593147449831495,0.27377676072828805,0.3123553035911141,0.38024285926562224,fearful,06,15,15,male,strong,1723
90,3.003,True,1.0,0.5327140344144289,0.5527958053810532,0.542754919897741,0.8135224190473633,-0.06615740740740739,-0.06175925925925929,0.380166263540716,0.308446945353966,0.17710444305856654,0.6671665183281714,0.020081770966624335,0.0043981481481480955,0.0219913900292613,0.33363234001305975,0.12747721974430704,0.10736543306357756,0.0,0.8567141616116565,0.5978582236566502,0.2743062732484147,0.31508425557642117,0.38297670099869446,fearful,06,15,15,male,strong,1723
100,3.336666666666667,True,1.0,0.6070359636954555,0.5917523677082908,0.5993941657018731,0.8071963795155028,-0.06699074074074074,-0.06259259259259259,0.38599591693562313,0.30604842808621113,0.17641656880366086,0.7425630006686139,0.015283595987164778,0.004398148148148151,0.016557799800623406,0.3527992610923181,0.12010136242621798,0.11555708768015455,0.0,0.9124653853361121,0.6349098022646559,0.30099733452595084,0.31002676240056465,0.4141176375184651,fearful,06,15,15,male,strong,1723
0,0.0,True,1.0,0.6386425465281264,0.6177654980882628,0.6282040223081946,0.7409324969488253,-0.0635648148148148,-0.06884259259259251,0.3615236507107295,0.12567255206887318,0.2164295605453537,0.8478559449007179,0.0208770484398636,0.005277777777777715,0.02977127421630084,0.39739091784870584,0.11860087875819054,0.1170965811935591,0.0,0.857627753164893,0.5753839633275185,0.2869251722356087,0.3167426611748543,0.3938844510672368,disgust,07,15,15,male,normal,1724
10,0.33366666666666667,True,1.0,0.6347693979084948,0.6017083835557353,0.618238890732115,0.7992302136613241,-0.057037037037037,-0.05995370370370373,0.36836101624654244,0.18130220475715492,0.19902899705741556,0.7735429419014624,0.033061014352759543,0.002916666666666734,0.026028517176257895,0.3816022982157879,0.11637128939067004,0.11931261783563066,0.0,0.7594947192213908,0.6043660995960884,0.31383557868997647,0.31948227381877703,0.4166064158668089,disgust,07,15,15,male,normal,1724
20,0.6673333333333333,True,1.0,0.6347693979084948,0.5990523871244327,0.6169108925164637,0.6500762787295528,-0.05592592592592599,-0.05833333333333324,0.37890211070895885,0.1479891914789277,0.19423177563420363,0.9489823159246722,0.0357170107840622,0.002407407407407247,0.03165767554234878,0.4475206039643931,0.11779775355463781,0.11790448264094143,0.0,0.8627196064029833,0.6089486304365497,0.3118381295348689,0.3074881812192225,0.4012701774222965,disgust,07,15,15,male,normal,1724
30,1.0010000000000001,True,1.0,0.2778907541136241,0.248958672468593,0.26342471329110856,0.742402315568931,-0.06597222222222215,-0.06791666666666668,0.3904725334069651,0.19907893470472204,0.1768040641115114,0.35482744027978447,0.028932081645031138,0.0019444444444445264,0.031089296269360824,0.38666803764366947,0.12050663165335788,0.11496880250682337,0.0,0.751428094886242,0.6189241389446404,0.2754150833322729,0.2801704693094908,0.3433911255810279,disgust,07,15,15,male,normal,1724
40,1.3346666666666667,True,1.0,0.24544161521161242,0.24464667118774533,0.24504414319967888,0.8316946591858225,-0.0468055555555556,-0.04763888888888901,0.395017281464399,0.36609379467407965,0.14121068903605438,0.2946323395169591,0.0007949440238670946,0.0008333333333334081,0.021864108435012904,0.3350234055271605,0.1246740561773886,0.1106081257711974,0.0,0.7635714400821608,0.6171182243444253,0.2754628205560739,0.30191216698576795,0.36817293351180486,disgust,07,15,15,male,normal,1724
50,1.6683333333333334,True,1.0,0.402828240230126,0.40873613834449,0.405782189287308,0.9693642997314631,-0.03749999999999998,-0.03703703703703698,0.41413601156424107,0.4290683125776562,0.13280501777444115,0.41860649231637614,0.005907898114364041,0.0004629629629629983,0.01098849071446169,0.30653259679377426,0.12569902444867387,0.10944191620668028,0.0,0.7478753186931241,0.6165861158760378,0.2789328979538842,0.3158402118376317,0.38343645312221575,disgust,07,15,15,male,normal,1724
60,2.0020000000000002,True,1.0,0.31403156413609185,0.29196260279656994,0.3029970834663309,0.6005039208182195,-0.05157407407407416,-0.04990740740740751,0.4070980545798457,0.36154897538384073,0.14656994671362358,0.5045713657514189,0.02206896133952191,0.0016666666666666496,0.003256358225682288,0.4861679102989797,0.1241823021294164,0.11098842129062439,0.0,0.9999999987499999,0.6080476536005027,0.2766305289608866,0.32235017533969357,0.3694418359764367,disgust,07,15,15,male,normal,1724
70,2.3356666666666666,True,1.0,0.35224420486110813,0.34222084094433985,0.347232522902724,0.728812015659976,-0.06101851851851847,-0.059953703703703676,0.4140064263650061,0.3444572655621102,0.15214402194152554,0.4764363312373321,0.01002336391676828,0.0010648148148147962,0.00023250586894572552,0.4094091131041167,0.12742651430789761,0.10742560785118396,0.0,0.6021664798657276,0.6069352451058548,0.2780428988510794,0.31014567519692343,0.3557978408087649,disgust,07,15,15,male,normal,1724
80,2.6693333333333333,True,1.0,0.2852494015604686,0.2573786086795701,0.27131400512001935,0.8612501590035253,-0.04879629629629628,-0.04763888888888895,0.4059935321479635,0.35661139396239694,0.16115845901633363,0.31502346012212323,0.0278707928808985,0.0011574074074073293,0.01018467248855058,0.35190955092360077,0.12241002988400043,0.11260217809332182,0.0,0.9999999987499999,0.5985906300645258,0.2827969532092011,0.31948695764517077,0.37225599509779833,disgust,07,15,15,male,normal,1724
90,3.003,True,1.0,0.4504584054620911,0.4670433145009413,0.4587508599815162,0.9214911536648532,-0.053657407407407376,-0.05171296296296285,0.41537332839472707,0.4344172581562875,0.15486554499172347,0.49783533803555546,0.016584909038850182,0.0019444444444445264,0.007589010337875603,0.3378022078563923,0.12480005944573135,0.11029333155403337,0.0,0.8141497086319089,0.5824727603306946,0.28437156323260876,0.33786160181657776,0.3849186883827292,disgust,07,15,15,male,normal,1724
100,3.336666666666667,True,1.0,0.39809295018536955,0.39999180233231596,0.39904237625884276,0.8687967266866865,-0.05453703703703705,-0.05462962962962964,0.4188815916150716,0.3825164214901549,0.15627392394971282,0.45930464975468205,0.001898852146946406,9.259259259258856e-05,0.011415104030345678,0.35386073753588154,0.12603380941831305,0.10905620869173856,0.0,0.7071067807446058,0.5830948691898634,0.2832121244076655,0.3398906275865473,0.38548649690433495,disgust,07,15,15,male,normal,1724
110,3.6703333333333332,True,1.0,0.44198803733342856,0.42920022579046246,0.4355941315619455,0.8936102822474314,-0.05986111111111109,-0.0584722222222222,0.405387332705631,0.3801044110727115,0.15976090851877864,0.48745425183159874,0.012787811542966099,0.001388888888888884,0.017239487714687026,0.3622267342210736,0.11977238985928274,0.11589802585535952,0.0,0.7247835670162491,0.6486785147887281,0.3024939533927202,0.31141280165120266,0.42529901914300366,disgust,07,15,15,male,normal,1724
0,0.0,True,1.0,0.3268303181603424,0.32795603166706305,0.32739317491370273,0.5172308883862626,-0.059953703703703676,-0.0585648148148149,0.4156625092177225,0.13262330471442682,0.16807189805898232,0.632972976411279,0.001125713506720638,0.001388888888888773,0.01970312879083709,0.5342694916525889,0.12390111611226151,0.11147327570428937,0.0,0.7071067807446058,0.614817234362495,0.27635154849403865,0.2853191583714675,0.35964790423982373,disgust,07,15,15,male,normal,1725
10,0.33366666666666667,True,1.0,0.49042921752655216,0.5932165179995748,0.5418228677630634,0.6084401183241177,-0.05379629629629623,-0.05541666666666656,0.37003125942799936,0.3118908382066279,0.16524241805607684,0.8905114101539783,0.10278730047302259,0.0016203703703703276,0.04914868240806903,0.40449108231018294,0.12588207551141806,0.10923131801709089,0.0,0.938807725304009,0.6474691481670793,0.3085644471194375,0.28512065517655294,0.38011295993510524,disgust,07,15,15,male,normal,1725
20,0.6673333333333333,True,1.0,0.31234648551234445,0.3260987655771984,0.31922262554477143,0.6219161643775841,-0.06870370370370366,-0.07124999999999998,0.4037469576362441,0.3373679192988285,0.15386146983594418,0.5132888383183456,0.013752280064853961,0.0025462962962963243,0.02518644913214111,0.4415347395449547,0.12093866003976023,0.11468050522075895,0.0,0.7071067807446058,0.6075618134832057,0.281736984922967,0.27695669959265773,0.3256494581965762,disgust,07,15,15,male,normal,1725
30,1.0010000000000001,True,1.0,0.27363472852724585,0.2590892972055189,0.2663620128663824,0.9279757278276802,-0.051574074074074105,-0.05101851851851852,0.421892686222998,0.44349286692726975,0.12991984824527328,0.28703553862331654,0.014545431321726976,0.0005555555555555869,0.045942198112165926,0.32122573347242916,0.125552734172736,0.10943575633478904,0.0,0.666488657252577,0.5949495098742622,0.28482595496166113,0.33386985705330713,0.3906398138730082,disgust,07,15,15,male,normal,1725
40,1.3346666666666667,True,1.0,0.2337851605599532,0.23221909570293156,0.2330021281314424,0.8977320473396617,-0.039490740740740826,-0.03958333333333325,0.42009223097167175,0.4621995205280957,0.12515615246562992,0.25954529396819537,0.0015660648570216262,9.259259259242203e-05,0.017383903955420246,0.3155214049294101,0.1251210591488097,0.11010221763312111,0.0,0.7071067807446058,0.5954512866005777,0.2800874578616997,0.33259669341261744,0.3864645524889923,disgust,07,15,15,male,normal,1725
50,1.6683333333333334,True,1.0,0.2309291065679411,0.20352255365096364,0.21722583010945237,1.1302459329935102,-0.044212962962962954,-0.04472222222222222,0.38206806749793953,0.5357516340405277,0.14453368079579174,0.19219341894389252,0.027406552916977467,0.0005092592592592649,0.010624115998634753,0.28489499566920046,0.1215082152725707,0.11390973375341791,0.0,0.6422862129273845,0.5954311567908415,0.2853598630229278,0.3221669057170291,0.38332410864528554,disgust,07,15,15,male,normal,1725
60,2.0020000000000002,True,1.0,0.4433340142098494,0.42125151592644156,0.4322927650681455,0.5970612231450766,-0.058657407407407325,-0.05333333333333329,0.4044112747169681,0.35959369121237544,0.16115845901633363,0.7240342335263416,0.02208249828340786,0.005324074074074037,0.021913439187896535,0.4863267960771287,0.12500827398698855,0.11005728171072585,0.0,0.7071067807446058,0.590046626760079,0.28214254841073233,0.3217756672864338,0.3593483518421264,disgust,07,15,15,male,normal,1725
70,2.3356666666666666,True,1.0,0.3864918271612344,0.38039556736989705,0.3834436972655657,0.8103389158418448,-0.05504629629629637,-0.05361111111111111,0.3857495214967706,0.4122776940247982,0.16736156697472784,0.47318929125749043,0.006096259791337377,0.0014351851851852615,0.008232562660386454,0.3754101583753278,0.1244443138552884,0.1108665437332803,0.0,0.7023997069566015,0.5998603894213935,0.28333746170085905,0.30467099730252944,0.35105198220653183,disgust,07,15,15,male,normal,1725
80,2.6693333333333333,True,1.0,0.35481561935266,0.35850013921188095,0.35665787928227044,0.9079404473798528,-0.05249999999999999,-0.05055555555555552,0.4038900475684658,0.3658735549098533,0.17016086012648832,0.39282078501020495,0.0036845198592209694,0.0019444444444444708,0.015960658710373908,0.3529152424896536,0.12180638458101532,0.11359083808818313,0.0,0.9999999987499999,0.5962008880896109,0.28598864312747196,0.326465790364413,0.38635694169952955,disgust,07,15,15,male,normal,1725
90,3.003,True,1.0,0.42421113658005594,0.41205469753259644,0.41813291705632616,0.9761828065975614,-0.05277777777777776,-0.051666666666666694,0.3980807998486207,0.40558435324603737,0.16530039514109188,0.42833464616500316,0.0121564390474595,0.0011111111111110628,0.018557980639390816,0.34971686422847825,0.12446010616097819,0.11084881480987914,0.0,0.7071067807446058,0.5984047535889355,0.2853828981885328,0.32033961756881424,0.3814843769930571,disgust,07,15,15,male,normal,1725
100,3.336666666666667,True,1.0,0.4085479913719203,0.41337662501388783,0.4109623081929041,0.9065988318858292,-0.051990740740740726,-0.050787037037037075,0.4011089964318434,0.3570931218862437,0.16808460779644996,0.4533011666671305,0.004828633641967506,0.0012037037037036513,0.017629002873929784,0.35918274745439277,0.12291724277436919,0.11255722632940876,0.0,0.8042641755301375,0.5997039356211235,0.2849851327141282,0.32068329093907677,0.3835519757788393,disgust,07,15,15,male,normal,1725
0,0.0,True,1.0,0.5241140978162236,0.4821882240050871,0.5031511609106554,1.1187754124355618,-0.06282407407407409,-0.05967592592592591,0.3536948719224871,0.4827019364253655,0.16388935441060595,0.4497338387293486,0.04192587381113655,0.0031481481481481777,0.0010164375940824775,0.2619551963442585,0.12233377770334083,0.11319109772072124,0.0,0.8465289661629012,0.652887408932323,0.3000346425012095,0.3012538338920543,0.41065631078350845,disgust,07,15,15,male,normal,1726
10,0.33366666666666667,True,1.0,0.5058036512174551,0.4970896978985233,0.5014466745579892,1.289461023552094,-0.0641666666666666,-0.061851851851851825,0.3478175519877204,0.5975410496191286,0.1618097991459652,0.38888083113722033,0.008713953318931766,0.0023148148148147696,0.0008899039064856595,0.2335448216072265,0.11973661284676157,0.11593498744469519,0.0,0.7087231921168418,0.659815500872224,0.29879958527807443,0.2974406221300936,0.41472720000908914,disgust,07,15,15,male,normal,1726
20,0.6673333333333333,True,1.0,0.3355061988292934,0.3110253493809945,0.32326577410514395,1.0568251411210434,-0.050231481481481544,-0.049768518518518434,0.37477242288180157,0.4917172531604857,0.14517252733524078,0.3058838794866621,0.02448084944829887,0.00046296296296310935,0.004470192726073266,0.28939597464515215,0.12506383635632135,0.11016721202938443,0.0,0.6428466935926498,0.5918979146267882,0.2848702683699289,0.32424437619339935,0.3775720466624231,disgust,07,15,15,male,normal,1726
30,1.0010000000000001,True,1.0,0.23970195007608996,0.24078469750525275,0.24024332379067137,0.8742298360857685,-0.06407407407407406,-0.06439814814814815,0.38607285638607863,0.372606711566494,0.15571438385955239,0.2748056790950128,0.0010827474291627837,0.0003240740740740877,0.003273275085119796,0.3415676121275337,0.1224219232264117,0.11309575802687297,0.0,0.7001491717754726,0.6236345342121224,0.28161436634093057,0.2774378783436623,0.34141325290389124,disgust,07,15,15,male,normal,1726
40,1.3346666666666667,True,1.0,0.285580469189069,0.26246887661776097,0.274024672903415,0.8685662001844603,-0.05888888888888888,-0.058657407407407436,0.40937499999999993,0.40712468193384294,0.1458417036288356,0.31549083172384496,0.023111592571308015,0.00023148148148144365,0.00276906029867302,0.3339714759983274,0.12210027477122438,0.11327487242666215,0.0,0.6809993627433257,0.6094441303552671,0.27774841552708623,0.29431603839495757,0.3550951579359494,disgust,07,15,15,male,normal,1726
50,1.6683333333333334,True,1.0,0.3023058213516731,0.2893804069329862,0.29584311414232967,0.8691621432685207,-0.053472222222222254,-0.05120370370370375,0.43335437833581447,0.38916336426692155,0.14587570301544991,0.3403773581644953,0.012925414418686887,0.002268518518518503,0.01955030570920504,0.344204287539672,0.125165370668264,0.11005184121991644,0.0,0.8709113426587757,0.6072099859318727,0.2805743043246193,0.3298707586075419,0.38737477677409515,disgust,07,15,15,male,normal,1726
60,2.0020000000000002,True,1.0,0.33364430659064104,0.2926987762794034,0.31317154143502224,0.6147511828501399,-0.0508333333333334,-0.04944444444444451,0.3763311087027441,0.4097973711530282,0.14943631225292298,0.5094281233963323,0.040945530311237655,0.001388888888888884,0.026164480413761047,0.4711202867152975,0.12515981315599714,0.11005816162811599,0.0,0.9999999987499999,0.5896782136604642,0.28211141910428444,0.3227051818535011,0.3601070209961246,disgust,07,15,15,male,normal,1726
70,2.3356666666666666,True,1.0,0.3802760370623947,0.3639703749136402,0.37212320598801746,0.8092020914698319,-0.05449074074074073,-0.05189814814814808,0.3938584969047632,0.41847409287264314,0.15841474615060325,0.45986436504643,0.016305662148754507,0.0025925925925926463,0.021569650668820616,0.36042143509740143,0.12352178327860233,0.1118934619448074,0.0,0.7071067807446058,0.5882478052939926,0.2881743717079326,0.324049912132238,0.3669009405321127,disgust,07,15,15,male,normal,1726
80,2.6693333333333333,True,1.0,0.4123749006385494,0.38705279354499317,0.39971384709177127,0.9354034976154637,-0.05124999999999996,-0.04912037037037037,0.3862968402455065,0.3967802099064178,0.15776273891551026,0.42731703282136985,0.025322107093556256,0.0021296296296295925,0.02214807911631329,0.33371636322514464,0.12428091565888738,0.11104968155450998,0.0,0.6981723524947543,0.6040321568940077,0.286087781567436,0.31366766654544587,0.37273510723794917,disgust,07,15,15,male,normal,1726
90,3.003,True,1.0,0.3946367405420816,0.380679587371193,0.3876581639566373,0.9188057980784098,-0.05078703703703702,-0.04837962962962966,0.40192609221477255,0.39854503544988173,0.1528756246406814,0.42191523471813686,0.013957153170888581,0.002407407407407358,0.020321794716584712,0.340380750619198,0.12348731523210692,0.1119315002447044,0.0,0.6970706531540416,0.6024657273299945,0.2860845864084472,0.3137532909690589,0.3733756941721253,disgust,07,15,15,male,normal,1726
100,3.336666666666667,True,1.0,0.420676614596845,0.44273817003907046,0.43170739231795774,0.9187115124186206,-0.05138888888888893,-0.05055555555555563,0.40562690102622756,0.3850350342481905,0.15358403324961145,0.46990528199808357,0.022061555442225433,0.0008333333333332971,0.019369526512494326,0.35020440766985594,0.12057766015661389,0.11506000887036952,0.0,0.6701504777816324,0.6480665008581559,0.3042152682777755,0.3105268355802697,0.41565721256528815,disgust,07,15,15,male,normal,1726
0,0.0,True,1.0,0.5395264951211333,0.5251656789801634,0.5323460870506483,1.3347432720801733,-0.06500000000000006,-0.059814814814814765,0.34688350088744,0.6280594738533741,0.15834104284958606,0.398837812623694,0.014360816140969845,0.005185185185185293,0.02082607815334817,0.21207267760657944,0.12243666190362466,0.11307980187516996,0.0,0.8635453595879121,0.6549991029536816,0.29987661062639814,0.3013181410012007,0.4124740314903664,disgust,07,15,15,male,normal,1727
10,0.33366666666666667,True,1.0,0.542051015629626,0.5213166820172687,0.5316838488234473,1.3200940389950924,-0.06527777777777777,-0.06046296296296294,0.3458564632679657,0.6521746945888316,0.1527902617315046,0.40276210112136107,0.020734333612357325,0.004814814814814827,0.017355256359314095,0.20792569883048967,0.1266219252622418,0.10837280938235484,0.0,0.7071067807446058,0.5992594342190001,0.28379920814340115,0.32073675746532315,0.3859738153547124,disgust,07,15,15,male,normal,1727
20,0.6673333333333333,True,1.0,0.5203820652386504,0.4843258202329014,0.5023539427357759,1.1309152139372305,-0.06611111111111112,-0.06296296296296294,0.35568340074875077,0.5883135817800331,0.1493382554630698,0.4442012420956415,0.036056245005749,0.0031481481481481777,0.016250132826354225,0.24359018150394537,0.12636076717150088,0.1085017527169019,0.0,0.7254481490197269,0.5972617225874725,0.28317166093796814,0.3177672247633197,0.38612374549939726,disgust,07,15,15,male,normal,1727
30,1.0010000000000001,True,1.0,0.5384974738323514,0.5502503769530104,0.5443739253926809,1.097286730300178,-0.08773148148148147,-0.08740740740740738,0.35760409393000947,0.5714337545246817,0.1813106040921214,0.49610909378605156,0.01175290312065902,0.0003240740740740877,0.016894842284623783,0.24374553378416272,0.12390788656322908,0.1112946965048641,0.0,0.7762763063016679,0.5940924606952155,0.2822085145960741,0.32158954201526674,0.3823496264314009,disgust,07,15,15,male,normal,1727
40,1.3346666666666667,True,1.0,0.5617368276238611,0.5570824624455698,0.5594096450347155,0.8385007646268463,-0.08819444444444446,-0.08842592592592596,0.37920135623907175,0.37654630391870025,0.19108764366354108,0.6671546033516936,0.00465436517829132,0.00023148148148149916,0.014683378870914914,0.3258609501758796,0.12224995186755337,0.11328162710041437,0.0,0.7914915319317299,0.6508002759150535,0.29949076261984064,0.31932022389181874,0.4247034350715421,disgust,07,15,15,male,normal,1727
50,1.6683333333333334,True,1.0,0.29642233245580535,0.25345717654886457,0.274939754502335,0.9214908492662099,-0.059259259259259234,-0.0566666666666667,0.41328145533135263,0.3794244273139223,0.15352192606559384,0.29836406375741176,0.04296515590694078,0.0025925925925925353,0.023702382275540262,0.32293424847267355,0.12416871147013753,0.1111751269943931,0.0,0.6622273454868733,0.6031620396596139,0.28094952136321666,0.323457553182814,0.38048719589370517,disgust,07,15,15,male,normal,1727
60,2.0020000000000002,True,1.0,0.24707512157389835,0.2284800928543285,0.23777760721411342,0.926420294165707,-0.07902777777777781,-0.07833333333333342,0.4267205152643511,0.3602305880653615,0.17362209709164386,0.2566627789908741,0.01859502871956986,0.0006944444444443865,0.01903671137048481,0.3361834507158531,0.12091890860040687,0.11453510974872293,0.0,0.8087573911574563,0.5910711397449605,0.28525117218125484,0.33521217765059086,0.3835223905437921,disgust,07,15,15,male,normal,1727
70,2.3356666666666666,True,1.0,0.2974903951257463,0.2752391383086914,0.2863647667172189,0.5784256733498064,-0.06657407407407412,-0.06393518518518515,0.3877851307949892,0.3597525529370745,0.1625230039306455,0.49507616952548034,0.02225125681705492,0.0026388888888889683,0.023976035797346248,0.5076219512195124,0.12758550290612541,0.10723673446554108,0.0,0.7839777369205243,0.6028325601099815,0.27819531594238833,0.3279343019440861,0.37352974201929984,disgust,07,15,15,male,normal,1727
80,2.6693333333333333,True,1.0,0.3818539270204362,0.3872566922115545,0.3845553096159954,0.7137066340548069,-0.07046296296296295,-0.06902777777777774,0.4037064561430278,0.3096519962000791,0.18544999298171566,0.5388142568203516,0.005402765191118319,0.001435185185185206,0.01871808109387371,0.4248516822906043,0.12293517376876725,0.11253764179414266,0.0,0.6361486207015967,0.6019711776585633,0.28301020535466737,0.31662435396775673,0.3717834870237685,disgust,07,15,15,male,normal,1727
90,3.003,True,1.0,0.561309455662558,0.5297215798169553,0.5455155177397566,0.8746108072265912,-0.06949074074074074,-0.06680555555555556,0.3783815307948731,0.35121838616255924,0.18414755196368424,0.6237237331534897,0.03158787584560263,0.0026851851851851793,0.023102574084570594,0.35073345633574915,0.12232341470130949,0.11320229673461395,0.0,0.7071067807446058,0.6026849797418967,0.2837604619796376,0.32323852475548076,0.3853321081077512,disgust,07,15,15,male,normal,1727
100,3.336666666666667,True,1.0,0.5354114498509762,0.5382485473447104,0.5368299985978433,0.8882748002034211,-0.06777777777777777,-0.06736111111111115,0.39481333401067614,0.3210974149272434,0.1778743110935235,0.6043512643552486,0.0028370974937341753,0.0004166666666666208,0.028772270111673715,0.3474666378656578,0.12105240639151305,0.11456043242285374,0.0,0.776539068328642,0.6472315083064476,0.3027660519398864,0.32233545708027406,0.4271567765962313,disgust,07,15,15,male,normal,1727
110,3.6703333333333332,True,1.0,0.5449572520706117,0.5356559549721431,0.5403066035213775,0.8739661646603688,-0.07013888888888886,-0.06939814814814815,0.3923401777575945,0.4021576422632909,0.16810094747546458,0.6182237086161632,0.009301297098468608,0.0007407407407407085,0.025653313036247856,0.34953303570643873,0.12695495174017138,0.10798248931841,0.0,0.6894668967104532,0.5883784167729591,0.2833894614080479,0.3350671586825212,0.3886594906411146,disgust,07,15,15,male,normal,1727
120,4.0040000000000004,True,1.0,0.18786372143259,0.16612982032517762,0.17699677087888382,0.5474610676516309,-0.07541666666666658,-0.07324074074074083,0.40660401015477887,0.387082870105642,0.1695205211961137,0.3233047632740767,0.021733901107412384,0.002175925925925748,0.022362765475283833,0.5491155501609818,0.12237695041663267,0.11314441999908517,0.0,0.7684048876196776,0.6451153321953783,0.3006309494558906,0.310415766085256,0.4041627176207304,disgust,07,15,15,male,normal,1727
0,0.0,True,1.0,0.495888525723138,0.45159828297314325,0.47374340434814066,0.6090499489186233,-0.06453703703703706,-0.06337962962962962,0.38306889512996645,0.23529552625226344,0.1785444523317761,0.77783998699824,0.04429024274999477,0.0011574074074074403,0.0021988632271247037,0.47515152081871653,0.1256647670940469,0.1094812499091242,0.0,0.6942921568304701,0.6112254413327831,0.2766972385699121,0.2877043792739686,0.35922007575798887,disgust,07,15,15,male,strong,1728
10,0.33366666666666667,True,1.0,0.4032792410186983,0.39344262295081983,0.3983609319847591,0.6367296120791521,-0.053888888888888875,-0.05458333333333337,0.382638875391618,0.2491364395612202,0.16679890790460347,0.6256359440924488,0.009836618067878444,0.0006944444444444975,0.007480539401140654,0.45449591787992855,0.12312962941197188,0.11232485090452259,0.0,0.9999999987499999,0.6176253428246299,0.2750824308909581,0.2823874514267131,0.3558993302848506,disgust,07,15,15,male,strong,1728
20,0.6673333333333333,True,1.0,0.3887391247676163,0.3826099270602681,0.3856745259139422,1.0712675909659828,-0.04606481481481478,-0.046250000000000124,0.39787495516806437,0.4284964444115926,0.14965058748236038,0.3600169828400876,0.006129197707348211,0.00018518518518534366,0.003806641666191339,0.28373197301883873,0.12257684400338426,0.11292783131002405,0.0,0.8307648584494078,0.6451833757721839,0.299708527884658,0.31181759467705994,0.4130737459507662,disgust,07,15,15,male,strong,1728
30,1.0010000000000001,True,1.0,0.34457093618590456,0.33873242794984765,0.3416516820678761,1.0247477684440862,-0.0431481481481481,-0.04379629629629628,0.4239293416006755,0.41107502876649493,0.14367074711600522,0.33340075732647745,0.005838508236056916,0.0006481481481481755,0.00714841013426427,0.29806254313176184,0.12069754420145432,0.11493424465220099,0.0,0.6851691010455241,0.6452613862654437,0.29924944416624566,0.3178848734460113,0.42484309460628117,disgust,07,15,15,male,strong,1728
40,1.3346666666666667,True,1.0,0.40463806271312014,0.3975650579723003,0.4011015603427102,0.7921273733270422,-0.05773148148148144,-0.055694444444444435,0.3866792193587112,0.36867960270772987,0.16004479899599186,0.5063599287801775,0.007073004740819844,0.002037037037037004,0.011863921701210249,0.36042143509740127,0.12569079536515138,0.10927716039164818,0.0,0.7071067807446058,0.587180122205132,0.2823990754763416,0.3122900528969112,0.3628223764139348,disgust,07,15,15,male,strong,1728
50,1.6683333333333334,True,1.0,0.3589295455698013,0.3412012358333779,0.3500653907015896,1.2481239344072221,-0.07277777777777789,-0.07171296296296292,0.3558804005520633,0.6611936883615498,0.14041694142186548,0.28047326154982194,0.017728309736423364,0.0010648148148149628,0.014340653800259333,0.2279844829948473,0.12830830494061726,0.10637084494397002,0.0,0.6044571858408905,0.5922052066373426,0.27839879174304266,0.2956051807462477,0.34749809561569595,disgust,07,15,15,male,strong,1728
60,2.0020000000000002,True,1.0,0.26422695749296765,0.26376983341555466,0.2639983954542612,0.6016890024583416,-0.07537037037037037,-0.07412037037037028,0.37805713660997053,0.4897468624660924,0.13896796793880287,0.4387622083429044,0.0004571240774129959,0.0012500000000000844,0.01963579019091714,0.4447674418604658,0.12764070607585293,0.10663637315862368,0.0,0.7071067807446058,0.5768089490483694,0.2779222272099982,0.3312396927000222,0.35320883574393314,disgust,07,15,15,male,strong,1728
70,2.3356666666666666,True,1.0,0.26201188212009996,0.25653685473399496,0.25927436842704743,0.7860647210544872,-0.10449074074074077,-0.10300925925925919,0.40889813758334614,0.4315261907700879,0.1819863721635772,0.32983844902648346,0.0054750273861050025,0.0014814814814815835,0.02263496374144905,0.35027582983194155,0.12240630683728043,0.1131126598426906,0.0,0.6353056381684511,0.6491727481773961,0.30073572913118624,0.3034494935823778,0.3917324921414255,disgust,07,15,15,male,strong,1728
80,2.6693333333333333,True,1.0,0.7032039068286912,0.6993226490854415,0.7012632779570663,0.9302295343384411,-0.07157407407407412,-0.07120370370370371,0.3878899103650249,0.416506008605299,0.18131060409212146,0.7538604742922825,0.0038812577432496553,0.00037037037037040976,0.023957206700615425,0.3109817296221154,0.12099073911671937,0.11462555918392617,0.0,0.7954176877785557,0.6492827209321229,0.3014629463526699,0.3432542060444081,0.45725503011725793,disgust,07,15,15,male,strong,1728
90,3.003,True,1.0,0.6781421019541021,0.6348078736719348,0.6564749878130185,0.8881750413951192,-0.08467592592592593,-0.08680555555555547,0.38892714660184013,0.38941601384793306,0.19170646807078162,0.7391279389948258,0.043334228282167264,0.002129629629629537,0.0236069326710802,0.32165526777575665,0.12150734789540528,0.11407779002798998,0.0,0.8833189952274395,0.6473741831576382,0.301874499903534,0.3362109463708244,0.4512313468771293,disgust,07,15,15,male,strong,1728
100,3.336666666666667,True,1.0,0.6030799822045981,0.5918358451887175,0.5974579136966578,0.9132992722344521,-0.07800925925925917,-0.08157407407407413,0.38894054843907333,0.3816235142795962,0.18343983648900017,0.6541753966746675,0.011244137015880673,0.003564814814814965,0.020257365340541844,0.31202132005424277,0.12125316071558286,0.11434792865045153,0.0,0.8212723525392047,0.6484786415347389,0.3017484254991983,0.32703580037045316,0.44035887214298913,disgust,07,15,15,male,strong,1728
0,0.0,True,1.0,0.38788916042711363,0.38541078054873684,0.38664997048792527,1.146242567007277,-0.057731481481481495,-0.058240740740740704,0.34698140166242075,0.643760960699708,0.13890262112017812,0.3373195007906827,0.0024783798783767907,0.0005092592592592093,0.006136346864964376,0.2557449175540217,0.12701741458856977,0.10790900871578273,0.0,0.6210311443112009,0.5961081773099864,0.28053611815819957,0.3081001857068879,0.3621173337682012,disgust,07,15,15,male,strong,1729
10,0.33366666666666667,True,1.0,0.3880917391471678,0.3921254230574249,0.3901085811022964,1.1273242388540758,-0.05574074074074076,-0.05574074074074081,0.3511839435130655,0.6099724046964712,0.13752718570028483,0.3460482509440598,0.004033683910257102,5.551115123125783e-17,0.015192809369752274,0.27003144207224594,0.12609102251572313,0.10881510861945107,0.0,0.9999999987499999,0.5960443868250426,0.28068552464011387,0.31302224929702127,0.37165915543310074,disgust,07,15,15,male,strong,1729
20,0.6673333333333333,True,1.0,0.36972713619674585,0.34158790836552133,0.35565752228113356,0.9776573594047069,-0.052268518518518436,-0.05180555555555555,0.3634602923015178,0.4962747953951338,0.14529072567886725,0.36378544984072186,0.028139227831224523,0.0004629629629628873,0.01660089586526054,0.3118713892675034,0.12392128790429159,0.11145085093610135,0.0,0.7071067807446058,0.5910421677577281,0.28150042588801316,0.31287834795616093,0.36840060691058035,disgust,07,15,15,male,strong,1729
30,1.0010000000000001,True,1.0,0.223627048201505,0.21850789407954885,0.22106747114052694,0.9381178104999727,-0.05685185185185182,-0.055509259259259314,0.40618168838479324,0.42141720989326287,0.15289009666458675,0.23565000969623248,0.005119154121956154,0.0013425925925925064,0.014261645390012607,0.3370103312719433,0.12249255017872152,0.1125124041073531,0.0,0.9999999987499999,0.5906595885698029,0.2876156356859523,0.3243770509325715,0.3785789714071951,disgust,07,15,15,male,strong,1729
40,1.3346666666666667,True,1.0,0.28597842816765934,0.27334457462283596,0.27966150139524765,1.1793573347745985,-0.04745370370370372,-0.044768518518518596,0.34868093910389963,0.5031924628371623,0.1611229493918306,0.23713042107691407,0.012633853544823381,0.002685185185185124,0.01612568731258412,0.2628384062076501,0.12243915778534055,0.11307709940976887,0.0,0.7071067807446058,0.6130628039340735,0.2824946292206775,0.2933511840054358,0.36041147550794944,disgust,07,15,15,male,strong,1729
50,1.6683333333333334,True,1.0,0.2219343094315787,0.20106109200749112,0.21149770071953491,0.6011628103817563,-0.0539351851851852,-0.05166666666666664,0.3822187967160069,0.32920820568524745,0.15772066016739558,0.3518143455767458,0.020873217424087598,0.0022685185185185586,0.018847937459793206,0.48273038864143714,0.12253880937801957,0.11296910182145904,0.0,0.7872409345182072,0.614076227647309,0.2761167207689728,0.2977755094705243,0.3486270618173363,disgust,07,15,15,male,strong,1729
60,2.0020000000000002,True,1.0,0.3986501158611269,0.4259294134135242,0.4122897646373256,0.8668038146719174,-0.06444444444444447,-0.062962962962963,0.3775524764007452,0.419174187381193,0.16807779912804377,0.4756436896777802,0.027279297552397275,0.0014814814814814725,0.020028984576911386,0.35039493888848394,0.1241251246582835,0.11122378881646287,0.0,0.8333878202190181,0.5958651185552345,0.28229841194678307,0.30253202922302114,0.35698752176184395,disgust,07,15,15,male,strong,1729
70,2.3356666666666666,True,1.0,0.2915622089779781,0.25696785648969994,0.274265032733839,1.042981031859565,-0.07759259259259255,-0.0759259259259259,0.36181818478134725,0.46928086278119036,0.16181734303191242,0.26296262765665346,0.034594352488278135,0.0016666666666666496,0.02089847175243886,0.2575061232326026,0.12536420148397473,0.10982529197258599,0.0,0.7071067807446058,0.6023277373527536,0.28135941267007436,0.28401349847771995,0.3373691062253873,disgust,07,15,15,male,strong,1729
80,2.6693333333333333,True,1.0,0.4201955204534852,0.5523019103378743,0.48624871539567976,0.9748987032698241,-0.07115740740740739,-0.06347222222222226,0.33796527045186664,0.3999007930634369,0.16473053020463682,0.49876845026544264,0.13210638988438916,0.007685185185185128,0.09382872252086073,0.2708639625519162,0.1197308846324312,0.11594090320290029,0.0,0.9999999987499999,0.7004107875493949,0.2973668711328791,0.2090829169037166,0.3080410899732058,disgust,07,15,15,male,strong,1729
90,3.003,True,1.0,0.3837200953351374,0.8514418818683092,0.6175809886017233,0.8421970993034238,-0.06185185185185188,-0.0560648148148149,0.3122139456092212,0.33755274261603263,0.1596938250816787,0.7332974539006616,0.46772178653317176,0.0057870370370369795,0.08856298275114975,0.24195999498224346,0.1191611650894528,0.11636275416510658,0.0,0.8953374920547438,0.7089657716211485,0.27905859040533726,0.19876601457027948,0.2990649059850051,disgust,07,15,15,male,strong,1729
0,0.0,True,1.0,0.4895668261324191,0.45925925925926,0.4744130426958395,0.7936575826862622,-0.06958333333333333,-0.062083333333333324,0.3729116045382875,0.34630519802112014,0.1715348942799473,0.5977553204873467,0.03030756687315911,0.007500000000000007,0.01331062415471264,0.3583972652964522,0.12370407486298143,0.1116918960028126,0.0,0.6802000501053089,0.6495246757374824,0.2984489060090713,0.30131951680900115,0.40744656504421206,disgust,07,15,15,male,strong,1730
10,0.33366666666666667,True,1.0,0.4734115925662113,0.47386611263441325,0.47363885260031224,0.797352875799954,-0.06990740740740736,-0.06754629629629622,0.3894451462184142,0.3286691940321981,0.17361155056367986,0.5940141021315416,0.0004545200682019579,0.002361111111111147,0.013372168660660756,0.37656461663638363,0.11994311879968081,0.11572132915978356,0.0,0.6894889348933707,0.6469929657253527,0.3010674155855713,0.3091865737961807,0.4158034343366272,disgust,07,15,15,male,strong,1730
20,0.6673333333333333,True,1.0,0.45061405567889123,0.44301011476425645,0.44681208522157384,0.9593453482537879,-0.06314814814814818,-0.05986111111111103,0.37299879224923926,0.41420259562020373,0.16530039514109188,0.4657468616852801,0.007603940914634788,0.0032870370370371438,0.01816833123722752,0.32523098850403614,0.12085277285175021,0.11477101142756968,0.0,0.8552192506771561,0.6447293005796069,0.3021828825372221,0.31272926668884893,0.4194043454127741,disgust,07,15,15,male,strong,1730
30,1.0010000000000001,True,1.0,0.1975362080580617,0.14550149972211396,0.17151885389008784,0.9514828239804008,-0.06240740740740741,-0.06166666666666665,0.37733754511251577,0.425268544696693,0.15280973466280234,0.18026479256090164,0.052034708335947755,0.000740740740740764,0.01605570634232858,0.3167820598099902,0.12055383434045087,0.11508497206751035,0.0,0.8589991804229382,0.6455571173000451,0.3010624210590746,0.30187815416513886,0.40262112004828726,disgust,07,15,15,male,strong,1730
40,1.3346666666666667,True,1.0,0.2913245719772759,0.2937601193841371,0.2925423456807065,0.8413481659740994,-0.054398148148148195,-0.05046296296296304,0.4005952307480346,0.3460241179590792,0.14592172033191889,0.3477066421628264,0.0024355474068611938,0.003935185185185153,0.016568168017509793,0.32699745085021,0.12485076703566005,0.11040862167829062,0.0,0.7646805913618033,0.6067364850627751,0.2767818341407816,0.30479860516226065,0.3580642863662154,disgust,07,15,15,male,strong,1730
50,1.6683333333333334,True,1.0,0.22699197024489184,0.21848445985006734,0.2227382150474796,0.6399672824489121,-0.05351851851851852,-0.05273148148148149,0.39189490213555894,0.30604842808621113,0.15432692437703024,0.34804625354462637,0.008507510394824502,0.0007870370370370305,0.01382236945644029,0.4301597217672364,0.1259700782608302,0.10912981789371438,0.0,0.7463920803616134,0.6079838735728665,0.2757544801174791,0.28430109887774296,0.3294361704425818,disgust,07,15,15,male,strong,1730
60,2.0020000000000002,True,1.0,0.38573143889917727,0.3541267887311449,0.3699291138151611,0.8713951814451737,-0.04953703703703699,-0.04689814814814819,0.36288611325618536,0.42816542788729794,0.15834537928752473,0.4245250853942623,0.03160465016803238,0.002638888888888802,0.020521607858672842,0.3315239060676239,0.12382034709884507,0.11156298406979559,0.0,0.7071067807446058,0.5897494107252277,0.28373396894017333,0.31266420489259833,0.35533016887739005,disgust,07,15,15,male,strong,1730
70,2.3356666666666666,True,1.0,0.3878670507595791,0.390305590100522,0.38908632043005054,1.0262250096507544,-0.05180555555555555,-0.05189814814814814,0.39015286013563805,0.4437601569801827,0.1569619438145368,0.37914328414434634,0.0024385393409429024,9.259259259258856e-05,0.011908057163213337,0.30524407338323084,0.12073450539511173,0.11489541756313539,0.0,0.839215230376904,0.6489903330629126,0.3020614752341173,0.31183450012973557,0.4239634874380466,disgust,07,15,15,male,strong,1730
80,2.6693333333333333,True,1.0,0.2431081226453091,0.22018202494553826,0.23164507379542368,0.9349063057874767,-0.059675925925925966,-0.05763888888888885,0.39484775231690583,0.40558435324603737,0.1569682625520711,0.24777357085029794,0.02292609769977083,0.002037037037037115,0.013194564446337287,0.33218697053166235,0.12559353537394044,0.10956295743983732,0.0,0.6273801011730494,0.5853064578096864,0.2850162093976843,0.33069677280980553,0.38089886584713223,disgust,07,15,15,male,strong,1730
90,3.003,True,1.0,0.4267877193704619,0.4216542022022886,0.4242209607863753,0.9370568510705224,-0.05314814814814811,-0.05189814814814814,0.3852576396247132,0.37062696348311686,0.15906663296895077,0.45271635365744595,0.005133517168173285,0.0012499999999999734,0.017174770409039693,0.32776537604718503,0.12257967525711722,0.1129247580654461,0.0,0.7632089748964361,0.6460011886629652,0.3026769778875788,0.3115286330388661,0.4228405516458997,disgust,07,15,15,male,strong,1730
0,0.0,True,1.0,0.34221664108456895,0.3514596899958171,0.34683816554019303,0.5469508540961661,-0.06861111111111107,-0.06486111111111109,0.39578430207173687,0.24573942393083706,0.17780524147674873,0.6341304030201061,0.009243048911248164,0.0037499999999999756,0.05031134482641545,0.5109676739915505,0.12006555392927859,0.11559429280755919,0.0,0.6989776660667351,0.6317189139718388,0.2725079247836782,0.26929382282246284,0.34806449146066565,disgust,07,15,15,male,strong,1731
10,0.33366666666666667,True,1.0,0.42926340111503586,0.4081791718230143,0.41872128646902507,0.6255758907420593,-0.061712962962962914,-0.06277777777777765,0.37547904573398705,0.35541180519379173,0.16391867961350398,0.6693373140904408,0.021084229292021583,0.0010648148148147407,0.002691325386216593,0.4479834044453505,0.1197088626856693,0.11596364069985975,0.0,0.9623656584099928,0.6561009378204407,0.2964437900411714,0.3018970972599388,0.4049100964753237,disgust,07,15,15,male,strong,1731
20,0.6673333333333333,True,1.0,0.4439457432663754,0.42275112082119215,0.4333484320437838,0.9027151772772992,-0.05921296296296291,-0.058287037037037026,0.37364648722288507,0.4511957569382198,0.15626220655445008,0.48005001239794853,0.021194622445183275,0.0009259259259258856,0.01228485181017482,0.3306196724134193,0.12063758954117207,0.11499717283299969,0.0,0.7269709245141843,0.6571489682591786,0.2960424041709014,0.306777812122865,0.4146027399572399,disgust,07,15,15,male,strong,1731
30,1.0010000000000001,True,1.0,0.19276012276931304,0.1608616304247318,0.17681087659702244,1.0046234989208878,-0.059074074074074,-0.05717592592592591,0.39232615422785627,0.4816116134335013,0.150114397295498,0.17599715394567528,0.031898492344581225,0.0018981481481480933,0.0058526856845498515,0.30079003975416724,0.11958717213122184,0.11608912968774807,0.0,0.7864817803721846,0.645358813447254,0.29907586677292264,0.31174348032413657,0.40752741125524106,disgust,07,15,15,male,strong,1731
40,1.3346666666666667,True,1.0,0.31198564735839013,0.2957215233521488,0.30385358535526946,0.8425387378071825,-0.04986111111111108,-0.04884259259259255,0.40554020883528774,0.3685964614659423,0.15976090851877864,0.36064049250256225,0.01626412400624133,0.0010185185185185297,0.004767027379781563,0.3515489221035021,0.12265038508554357,0.11284795438353495,0.0,0.6848091081261996,0.5992292192814626,0.27886505072038204,0.3100624066012087,0.3572188358156551,disgust,07,15,15,male,strong,1731
50,1.6683333333333334,True,1.0,0.3427019735821243,0.34610463966807037,0.3444033066250973,0.6310541037818695,-0.056342592592592555,-0.055509259259259314,0.39203606908942307,0.34979731889212146,0.1659887698413517,0.5457587623012178,0.0034026660859460822,0.0008333333333332416,0.0158902114073511,0.47736170684620716,0.11900205573647814,0.11668885336767561,0.0,0.7071067807446058,0.6426456198885804,0.3004632255508791,0.31240084993691664,0.4066409616558884,disgust,07,15,15,male,strong,1731
60,2.0020000000000002,True,1.0,0.3520319369333527,0.35850013921188095,0.3552660380726168,0.7921273733270422,-0.06351851851851853,-0.06101851851851853,0.39635222892520655,0.4096440030085886,0.18333707863421062,0.4484961005456122,0.0064682022785282345,0.0025000000000000022,0.012192046316614974,0.39792808320509354,0.11849790759217053,0.11687521452761801,0.0,0.7455000171599977,0.6368939439682122,0.3030323111607687,0.3334606021966688,0.4257011389164494,disgust,07,15,15,male,strong,1731
70,2.3356666666666666,True,1.0,0.43887867507130973,0.4210816445776885,0.4299801598244991,0.8513713993869434,-0.07861111111111108,-0.07268518518518524,0.37173047905816753,0.37429223748037,0.20903690243586573,0.5050441677205973,0.017797030493621246,0.0059259259259258346,0.014987134126903575,0.36047227672681,0.11859724482040425,0.11710026170242871,0.0,0.8336453431549831,0.6246077866302773,0.3066956466166854,0.35503783975753467,0.4562283982180043,disgust,07,15,15,male,strong,1731
80,2.6693333333333333,True,1.0,0.468490031838011,0.495862458037183,0.48217624493759703,0.9279851387574655,-0.07606481481481486,-0.0771296296296296,0.4034657564433632,0.31152781007725255,0.21044603400931972,0.5195947917691995,0.027372426199171962,0.0010648148148147407,0.00953490509085003,0.35384848687965925,0.11577576114411943,0.1198905788659614,0.0,0.7800398283150515,0.627585055811387,0.30651267075679844,0.35036630038922284,0.4575417451316228,disgust,07,15,15,male,strong,1731
90,3.003,True,1.0,0.4626062378718285,0.4741588624392356,0.46838255015553204,0.9549169343620811,-0.07027777777777783,-0.07115740740740739,0.4042713893607066,0.3448205922575084,0.19796330488050065,0.49049559527230335,0.011552624567407133,0.0008796296296295636,0.013139529540522723,0.34401997069891194,0.12046759084698835,0.11517524614910914,0.0,0.7120097632639232,0.5870090818358594,0.2848997255828734,0.3595813486080566,0.4180326486842163,disgust,07,15,15,male,strong,1731
100,3.336666666666667,True,1.0,0.5104401389876895,0.48033865034933276,0.4953893946685111,0.9223364111722053,-0.06662037037037039,-0.06902777777777774,0.40032128359613234,0.347535505430242,0.1896235720232068,0.5371027194284962,0.03010148863835671,0.002407407407407358,0.007634432313736182,0.35053183064278753,0.12202225522471298,0.11352685585370612,0.0,0.6663802557117149,0.5894338451708808,0.2842256538074424,0.3462209026092642,0.4052694424632138,disgust,07,15,15,male,strong,1731
0,0.0,True,1.0,0.45783855281399455,0.42979697283488,0.4438177628244373,0.5052859849874087,-0.06513888888888886,-0.06504629629629632,0.39395706663271784,0.28675080210601245,0.15834104284958606,0.8783496396313007,0.02804157997911455,9.259259259253305e-05,0.01866727477054487,0.5320331158226872,0.12552330712417906,0.10964340900955082,0.0,0.6586210671670829,0.6477071005198954,0.29795058613765113,0.2950067448479689,0.39476288249548086,surprised,08,15,15,male,normal,1732
10,0.33366666666666667,True,1.0,0.4982111499293375,0.4594154543662093,0.4788133021477734,0.5093675662031355,-0.06592592592592589,-0.06495370370370368,0.39011727789078987,0.2889669680600996,0.1590296967754789,0.9400152933114373,0.03879569556312823,0.0009722222222222077,0.009580581298356816,0.5470444874962588,0.12304950891372748,0.1124126155124584,0.0,0.7415122096401026,0.6491477704753778,0.2987421971463389,0.2946470240861925,0.39699210082549097,surprised,08,15,15,male,normal,1732
20,0.6673333333333333,True,1.0,0.47595070252160426,0.4292634011150365,0.4526070518183204,0.5131569722073348,-0.06513888888888891,-0.06643518518518521,0.38586570818123056,0.27735009811261363,0.16181734303191236,0.8820050712191241,0.04668730140656774,0.0012962962962962954,0.011692998592120158,0.502358612729417,0.12390561846824093,0.11146827119138446,0.0,0.697642819458453,0.6500428931416317,0.29873299449860435,0.29387701302379204,0.39298077861902103,surprised,08,15,15,male,normal,1732
30,1.0010000000000001,True,1.0,0.4762852377905782,0.4296084343719679,0.45294683608127306,0.8244766505636074,-0.06337962962962956,-0.06268518518518518,0.41551375002443575,0.3478260869565216,0.16259199619465434,0.5493749711063877,0.0466768034186103,0.0006944444444443865,0.020463711073802,0.33398437500000033,0.121933049302401,0.11362266172733788,0.0,0.6582739706740184,0.6528578083733494,0.298980906217544,0.2986410867088355,0.4091504109838715,surprised,08,15,15,male,normal,1732
40,1.3346666666666667,True,1.0,0.4528896615741544,0.44444444444444403,0.4486670530092992,0.6270121161970994,-0.06277777777777777,-0.06324074074074071,0.4074062803700723,0.24164432795468574,0.16878661712096912,0.7155636094092033,0.008445217129710358,0.0004629629629629428,0.01564644844001547,0.43356398054605927,0.1221534008117236,0.11321758031626668,0.0,0.7071067807446058,0.6458595010347888,0.2997920059853359,0.2982608314479977,0.39875417197738205,surprised,08,15,15,male,normal,1732
50,1.6683333333333334,True,1.0,0.429305673573755,0.4218243045303232,0.4255649890520391,0.7184020560815007,-0.06240740740740741,-0.06217592592592597,0.407446665876194,0.2808298946500414,0.1681009474754647,0.5923771869101666,0.007481369043431774,0.00023148148148144365,0.01592908533464344,0.3886363636363636,0.12428674593211962,0.11104315627705075,0.0,0.7847452490562659,0.6488101911780338,0.2991401432891433,0.30227676450841245,0.4021862108403608,surprised,08,15,15,male,normal,1732
60,2.0020000000000002,True,1.0,0.4373144281366162,0.4218243045303237,0.42956936633347,0.6889297126823903,-0.0631018518518518,-0.062453703703703733,0.43401947255825735,0.2521466086509204,0.1688385907503451,0.6235314843090671,0.015490123606292483,0.0006481481481480644,0.008374868824955266,0.41329265362591594,0.1212246740307408,0.11421143650548357,0.0,0.8365804061437914,0.6464518675517082,0.30161390137982047,0.30303584866333566,0.4073357751342902,surprised,08,15,15,male,normal,1732
70,2.3356666666666666,True,1.0,0.41345442280727907,0.3917344687396364,0.4025944457734577,0.6042661678834798,-0.06217592592592591,-0.06384259259259256,0.4152495443662714,0.2506882230081443,0.16743813444332595,0.6662534941904769,0.021719954067642655,0.0016666666666666496,0.008104824551943439,0.44329825692203556,0.12183393742248386,0.11372892975067839,0.0,0.68440177523396,0.6459222988648584,0.30065056495009457,0.30344244745572824,0.4052089651022687,surprised,08,15,15,male,normal,1732
80,2.6693333333333333,True,1.0,0.3986530448919928,0.38521133621434933,0.3919321905531711,0.7071010288426471,-0.06254629629629627,-0.06263888888888886,0.45643686199988537,0.3013745107144741,0.16185270031020327,0.5542803285050638,0.013441708677643494,9.259259259258856e-05,0.004456076335940794,0.4070429664045448,0.12279662813936655,0.11268880107551217,0.0,0.7844798000936085,0.6443626955547844,0.29954430078132377,0.3179289734387989,0.425370009371145,surprised,08,15,15,male,normal,1732
90,3.003,True,1.0,0.4669501461445562,0.45153869865748947,0.4592444224010228,0.7987079141311857,-0.06300925925925932,-0.063425925925926,0.45042377456371446,0.32883473010709297,0.16187343965237772,0.5749841891833228,0.015411447487066743,0.0004166666666666763,0.00372303466145263,0.35595368686249873,0.12148503789910292,0.11410154835368548,0.0,0.7124863316182553,0.6464925868237921,0.3009836787379987,0.3190293356713397,0.4305112728602342,surprised,08,15,15,male,normal,1732
100,3.336666666666667,True,1.0,0.2255692520555814,0.20184740039780893,0.21370832622669517,0.7375061921014217,-0.0706944444444444,-0.07083333333333336,0.46212362186924666,0.299426907554642,0.15976090851877864,0.2897715687210204,0.023721851657772464,0.0001388888888889661,0.008617848081739531,0.39557195369529696,0.12125773372645365,0.11434307929015204,0.0,0.6941039668422374,0.6454213993644332,0.3003602156176516,0.3113285972650755,0.4144722900865552,surprised,08,15,15,male,normal,1732
0,0.0,True,1.0,0.48916683108106496,0.4713774682231752,0.48027214965212006,0.5674887540265574,-0.0665277777777778,-0.06324074074074071,0.40561271684018696,0.2374721719656519,0.16117928768829703,0.8463113079235474,0.017789362857889734,0.0032870370370370883,0.0174975180756076,0.4629755235516494,0.12956762882150538,0.10483323582000544,0.0,0.8513686927442069,0.5910530250928496,0.2795506030178159,0.30206263795312116,0.3563112437471605,surprised,08,15,15,male,normal,1733
10,0.33366666666666667,True,1.0,0.46592718518406534,0.4646832942901975,0.46530523973713145,0.5668932429989061,-0.06500000000000006,-0.0627314814814815,0.4072407099524234,0.24370833397856645,0.1591088352620744,0.8207987050183085,0.0012438908938678384,0.0022685185185185586,0.017359622135743286,0.4627777215775888,0.12619340861631292,0.10869635432996823,0.0,0.8997981822124382,0.5893918826593137,0.28015208693413085,0.2972671683544832,0.3573620178080791,surprised,08,15,15,male,normal,1733
20,0.6673333333333333,True,1.0,0.4608449728732127,0.44150089483954713,0.4511729338563799,0.5855670468602147,-0.06467592592592586,-0.06287037037037047,0.40504903079171617,0.25252854113315515,0.15909684711265734,0.7704889410624279,0.019344078033665557,0.0018055555555553937,0.015229364394954323,0.48991668000823485,0.12357379832493047,0.11183601449391918,0.0,0.6882316124476583,0.6482740726603141,0.3022204081664165,0.29412257289877786,0.3924370215316003,surprised,08,15,15,male,normal,1733
30,1.0010000000000001,True,1.0,0.38122911133176873,0.3817177622666996,0.3814734367992342,0.779734775720115,-0.06175925925925918,-0.060185185185185175,0.41906555525023026,0.30033855392690223,0.16257932634106845,0.48923486379958986,0.0004886509349308898,0.0015740740740740056,0.012493149201714395,0.36915380315112917,0.12093445387836672,0.11468494075089068,0.0,0.6739967153673441,0.6477148359265581,0.303677415474248,0.30218203627699114,0.4051826258594299,surprised,08,15,15,male,normal,1733
40,1.3346666666666667,True,1.0,0.37427535617721835,0.3804791516865096,0.37737725393186394,0.6428216577622877,-0.062453703703703733,-0.060787037037037084,0.4236450322902902,0.26469127084329414,0.16328604938601882,0.5870636892439866,0.006203795509291232,0.0016666666666666496,0.011346587983652925,0.4305937293168911,0.12167154010510738,0.1139026518500382,0.0,0.7673123269898993,0.6445660589939101,0.3023339886053721,0.29883772369472916,0.3970839477909432,surprised,08,15,15,male,normal,1733
50,1.6683333333333334,True,1.0,0.4129685853230243,0.3813830359811885,0.3971758106521064,0.8173733548083055,-0.0641666666666667,-0.0627314814814815,0.4072392142856285,0.3502470278402286,0.16396754329668484,0.48591724738232267,0.03158554934183577,0.001435185185185206,0.02045173713935723,0.34071335365897104,0.12394634001036167,0.11142298940699823,0.0,0.8058933519430587,0.6450027163052721,0.3007111898662735,0.30900970131742506,0.4088565531729032,surprised,08,15,15,male,normal,1733
60,2.0020000000000002,True,1.0,0.39865011586112703,0.3838519209918813,0.39125101842650417,0.6522248347668418,-0.05805555555555558,-0.057453703703703674,0.4115300485344423,0.2877462506324303,0.1632243619149141,0.5998713903103201,0.014798194869245718,0.0006018518518519089,0.015473078996102063,0.43014705882352944,0.12660681200040744,0.10839046510465014,0.0,0.8286381311423411,0.5910434525763429,0.28011498037933996,0.3086753222694352,0.3577786294834298,surprised,08,15,15,male,normal,1733
70,2.3356666666666666,True,1.0,0.49433284220482226,0.4790468137411211,0.48668982797297167,0.7312607440484107,-0.06486111111111109,-0.06296296296296305,0.420213621534527,0.3088800988837341,0.16460002058072057,0.6655489603866278,0.01528602846370114,0.0018981481481480378,0.012102217475162984,0.3976106118423658,0.12121580552003638,0.11422084886079134,0.0,0.9018117097091719,0.6434559711619022,0.3019340710641524,0.30782872154446184,0.4090671570147981,surprised,08,15,15,male,normal,1733
80,2.6693333333333333,True,1.0,0.4659271851840643,0.45745558313293827,0.4616913841585013,0.7450001670814222,-0.06333333333333335,-0.0616666666666667,0.4280668101759873,0.28558339738121113,0.16114141537313367,0.6197198397514484,0.008471602051126015,0.0016666666666666496,0.012217484715685501,0.37500000000000033,0.12280322860461024,0.11268160814673675,0.0,0.7096024993796952,0.63917024566858,0.3032126192476343,0.3111924053476693,0.4107761497883949,surprised,08,15,15,male,normal,1733
90,3.003,True,1.0,0.5024380603227014,0.48005951519933654,0.491248787761019,0.7707569326001124,-0.0631944444444445,-0.06125000000000008,0.42872398550674684,0.2796986661510494,0.16182252924949753,0.6373588961487693,0.0223785451233649,0.0019444444444444153,0.013594884114584453,0.36288829113414334,0.12313663608398628,0.11231716976569292,0.0,0.6744466560488466,0.6380235825814701,0.30402398823006405,0.3100859682603895,0.4107683020354356,surprised,08,15,15,male,normal,1733
100,3.336666666666667,True,1.0,0.2590990277181488,0.22992683024348984,0.24451292898081933,0.7473873259695121,-0.07504629629629633,-0.07263888888888886,0.43675299119270533,0.2756756530215416,0.16255679971863876,0.32715691112855944,0.029172197474658962,0.002407407407407469,0.02091517136244829,0.36921657801820384,0.12106674283565974,0.11437883371336939,0.0,0.6658791829747869,0.6396677856142458,0.3040397577482629,0.30134414274581073,0.39921531220992007,surprised,08,15,15,male,normal,1733
0,0.0,True,1.0,0.4598772995056092,0.43612027474117787,0.4479987871233935,0.5564405915155058,-0.06449074074074068,-0.0626388888888888,0.40733452225802014,0.2713770469602809,0.15767808633181746,0.8051152161693249,0.02375702476443131,0.0018518518518518823,0.010219584275647514,0.4840981217268386,0.1306403984106818,0.10349330448994108,0.0,0.6322803803640328,0.5792311682876276,0.28241110721684903,0.31913889211345514,0.3703828948623444,surprised,08,15,15,male,normal,1734
10,0.33366666666666667,True,1.0,0.4370421536024244,0.4439779680447407,0.44051006082358257,0.5472798368464387,-0.06462962962962954,-0.06416666666666665,0.4032220491113837,0.2600714391550136,0.1562988204979887,0.8049082592954825,0.006935814442316335,0.0004629629629628873,0.009562931427893752,0.49408598061096365,0.12873640373184891,0.10585233169382693,0.0,0.6475412846320707,0.5799897482664942,0.28260311101930685,0.3160527450366955,0.3640261437482125,surprised,08,15,15,male,normal,1734
20,0.6673333333333333,True,1.0,0.3556021253024782,0.3295020858385571,0.34255210557051763,0.5690043205980373,-0.05541666666666667,-0.05398148148148141,0.3914913211537988,0.29835223710396636,0.14888244134154854,0.6020202187752934,0.026100039463921088,0.0014351851851852615,0.00924501531653586,0.4533577381014098,0.12434123362683297,0.11098213996167011,0.0,0.7168739388215086,0.5841899711681547,0.28481236549713257,0.30729952589359727,0.35677635083919285,surprised,08,15,15,male,normal,1734
30,1.0010000000000001,True,1.0,0.40419488313647917,0.3810332144764901,0.39261404880648465,0.7483604174832802,-0.049861111111111134,-0.0506018518518519,0.3905238394283374,0.381026792730711,0.14643685571833895,0.5246323023428165,0.023161668659989088,0.000740740740740764,0.013358886173449304,0.3545735414460853,0.12730776433197047,0.10756630936988397,0.0,0.8437617733386761,0.6076558227666066,0.28622491041137543,0.30016740715692336,0.3499227440326845,surprised,08,15,15,male,normal,1734
40,1.3346666666666667,True,1.0,0.37266282982239096,0.33014178452123316,0.3514023071718121,0.6764199928341736,-0.04648148148148146,-0.04879629629629628,0.41046793257010483,0.318295931314623,0.14571020994011316,0.5195031354697989,0.0425210453011578,0.002314814814814825,0.0059985421179015175,0.4305675412895528,0.12589284920656654,0.10921890078631935,0.0,0.6923608450101666,0.6207070419105142,0.27937503316471607,0.2847563645621377,0.34777318962303666,surprised,08,15,15,male,normal,1734
50,1.6683333333333334,True,1.0,0.3644136332243128,0.36526738692174027,0.36484051007302654,0.675356725780084,-0.0553703703703704,-0.05527777777777787,0.43073920915284447,0.2875895346054245,0.16081614769810917,0.5402189630252225,0.0008537536974274618,9.259259259253305e-05,0.0015073286497147846,0.427391890381532,0.12269078234949456,0.1128040322713839,0.0,0.7004397209929619,0.6469039110956881,0.2991654516476372,0.3011928547808821,0.4074689476999916,surprised,08,15,15,male,normal,1734
60,2.0020000000000002,True,1.0,0.5992522470920346,0.5693294510261702,0.5842908490591023,0.5570678333255566,-0.055277777777777815,-0.053796296296296287,0.4102430829517438,0.25198427895741,0.16379920819033558,1.048868403639519,0.029922796065864454,0.001481481481481528,0.009387471481666673,0.4693122087444195,0.1259104100274419,0.10919865574819455,0.0,0.7609796743418435,0.6159875563350341,0.27927797552998224,0.2870173999053189,0.35762465489084466,surprised,08,15,15,male,normal,1734
70,2.3356666666666666,True,1.0,0.5017744283865622,0.5144817691358111,0.5081280987611867,0.6565546536550344,-0.05333333333333323,-0.05513888888888896,0.41800607184808064,0.2896388484012533,0.16228766992178423,0.7739311509444671,0.012707340749248952,0.0018055555555557268,0.007234903645414762,0.41955054141052556,0.12391266395585264,0.11146043908820934,0.0,0.7884144766114061,0.6454515163643583,0.30128748478739353,0.30641284083073567,0.4053497545729381,surprised,08,15,15,male,normal,1734
80,2.6693333333333333,True,1.0,0.4275871550975459,0.3958781465881147,0.4117326508428303,0.7620262293845145,-0.05999999999999994,-0.05981481481481482,0.43941721359315955,0.3265306122448988,0.1621239871909906,0.540312964260279,0.0317090085094312,0.00018518518518512161,0.012243407824441024,0.3749402247545413,0.12053490178812486,0.11510480103341945,0.0,0.7083398686469262,0.6416939238976841,0.30270966735205074,0.31127585727724166,0.41325230854124106,surprised,08,15,15,male,normal,1734
90,3.003,True,1.0,0.43586253679125136,0.42098053328765045,0.4284215350394509,0.7952129415326242,-0.059675925925925966,-0.05814814814814817,0.45179891693893676,0.30401040488919123,0.16342055940607156,0.5387507077208131,0.014882003503600916,0.0015277777777777946,0.01572086481727889,0.36421771440864303,0.1243265136495592,0.11099862960525911,0.0,0.6664595722637516,0.6366246012780111,0.30307313309170425,0.3238664233057183,0.42050004330789936,surprised,08,15,15,male,normal,1734
100,3.336666666666667,True,1.0,0.4507753278955945,0.44295973719902065,0.4468675325473076,0.7835218573902747,-0.06027777777777776,-0.059814814814814876,0.44824271153135015,0.31570311276954566,0.16126446787813886,0.5703319292657862,0.007815590696573838,0.0004629629629628873,0.014553118017990736,0.3612649420172048,0.12316448663677673,0.11228662877585448,0.0,0.6329707700063912,0.6354625663624824,0.3023804635491372,0.32159195815103886,0.4205571331924562,surprised,08,15,15,male,normal,1734
0,0.0,True,1.0,0.45170433637285107,0.4651467442395728,0.45842554030621196,0.5144355949937741,-0.06365740740740738,-0.062129629629629646,0.4114923239466985,0.2378324167000344,0.1611494639848281,0.8911232907819296,0.01344240786672174,0.001527777777777739,0.01856210238863416,0.4945251138822604,0.12469581413376155,0.11058359601676773,0.0,0.6753964269727272,0.645840166894883,0.29753725928236463,0.3033420172910895,0.4021069692283177,surprised,08,15,15,male,normal,1735
10,0.33366666666666667,True,1.0,0.42926340111503586,0.4212975582827046,0.42528047969887023,0.5827373668320617,-0.0635648148148148,-0.0625,0.39212147846742257,0.2710174480813723,0.15975278994936187,0.7297978538957006,0.00796584283233126,0.0010648148148147962,0.012538197949264423,0.44715455194511433,0.12487700965738041,0.11037893924794409,0.0,0.8294019580160022,0.6455973041013281,0.29925543838473073,0.2997759683316543,0.4001595073335922,surprised,08,15,15,male,normal,1735
20,0.6673333333333333,True,1.0,0.38180440709868085,0.3692897279657969,0.3755470675322389,0.6679156014285934,-0.0626388888888888,-0.05907407407407417,0.4192335009449352,0.27088587652672425,0.1620999853185761,0.5622672486298982,0.012514679132883955,0.003564814814814632,0.0015373413986393615,0.42485168229060366,0.11932266142537991,0.11636099105907735,0.0,0.6797771057460326,0.6435460344137656,0.2994974764558049,0.2877034917262387,0.39349832221543013,surprised,08,15,15,male,normal,1735
30,1.0010000000000001,True,1.0,0.36454973285756154,0.3455222412505842,0.35503598705407285,0.6910393421157122,-0.057222222222222174,-0.05611111111111111,0.4041760781173811,0.26063748439543716,0.1630104849783922,0.5137710191247307,0.019027491606977365,0.0011111111111110628,0.00458617555233668,0.40704843754885683,0.1234617443819169,0.11178940690714456,0.0,0.9999999987499999,0.6113623414053122,0.27767438025747143,0.2861649080527539,0.3526669029430219,surprised,08,15,15,male,normal,1735
40,1.3346666666666667,True,1.0,0.3656764982971322,0.3451088747583931,0.3553926865277627,0.650354574025906,-0.05666666666666664,-0.055925925925925934,0.42020663090015814,0.22507007056076725,0.1689889981452657,0.5464598862244737,0.020567623538739144,0.0007407407407407085,0.011778239696822653,0.434296720250725,0.12692634221888238,0.10801611648986487,0.0,0.6713267179634752,0.5920989621708058,0.2772278614534197,0.30912659949868493,0.3652583283925958,surprised,08,15,15,male,normal,1735
50,1.6683333333333334,True,1.0,0.4355547721566872,0.42240716971184505,0.4289809709342661,0.5490196078431376,-0.0616666666666667,-0.059074074074074,0.40128041808967224,0.2352941176470581,0.17035578666839635,0.7813581970588414,0.013147602444842144,0.002592592592592702,0.00924136371460676,0.4821428571428572,0.12362755926699218,0.11177658234207648,0.0,0.660020513200509,0.6368336679202932,0.301570295684619,0.3059623147750012,0.3999817893950726,surprised,08,15,15,male,normal,1735
60,2.0020000000000002,True,1.0,0.41043723162886114,0.3934401707818806,0.4019387012053709,0.644231950770441,-0.06083333333333335,-0.05861111111111106,0.40789256648256644,0.22542412950676285,0.1744473134619543,0.6239037053730258,0.01699706084698055,0.002222222222222292,0.013950982755789015,0.4278592923679799,0.12562799589626272,0.10934935056917842,0.0,0.9999999987499999,0.5909287890312375,0.2799893742762322,0.3078335679744525,0.35954420663066783,surprised,08,15,15,male,normal,1735
70,2.3356666666666666,True,1.0,0.39643001180854937,0.36991663422749904,0.3831733230180242,0.7064769658571769,-0.05740740740740746,-0.055694444444444435,0.4453925020733064,0.206019570513059,0.17092084426523377,0.5423719972994667,0.026513377581050324,0.0017129629629630272,0.01161482862569373,0.4127640132357477,0.1269377781636519,0.10800267702914229,0.0,0.6711207930115493,0.5836775569524686,0.27986224726990205,0.32175894468671545,0.3823742701731369,surprised,08,15,15,male,normal,1735
80,2.6693333333333333,True,1.0,0.42792732880970524,0.4516922679844134,0.43980979839705936,0.7084774410202374,-0.05875000000000008,-0.056851851851851876,0.4532171770110837,0.21482957723930055,0.17023975384068293,0.6207816550428406,0.023764939174708177,0.0018981481481482043,0.009325758927497563,0.40599970998554014,0.1256979176347455,0.10944318742019798,0.0,0.823846755884206,0.583697681134954,0.2805066289791247,0.32250329161244734,0.385307169594992,surprised,08,15,15,male,normal,1735
90,3.003,True,1.0,0.4354456197069322,0.4142408054082457,0.42484321255758895,0.736154404050515,-0.06097222222222226,-0.0587037037037037,0.4472961928460987,0.23366255890687485,0.1695326723072839,0.5771115546140727,0.02120481429868648,0.0022685185185185586,0.014212331487397622,0.3940748978661276,0.12490414064994304,0.11034823704467335,0.0,0.6809314822735965,0.5848513886804723,0.28063848984228545,0.3191080175086318,0.37969254523956003,surprised,08,15,15,male,normal,1735
0,0.0,True,1.0,0.4744122470510269,0.4442618484062048,0.45933704772861583,0.5488320771232333,-0.06527777777777777,-0.06453703703703706,0.40249878144094486,0.2482811777462247,0.1652819322193933,0.8369354978963401,0.030150398644822107,0.0007407407407407085,0.00024444880603405664,0.48214285714285626,0.126409799364829,0.10862016569319356,0.0,0.6514360288118267,0.6373330119313351,0.2998297250520176,0.30948329901920124,0.407028780805163,surprised,08,15,15,male,strong,1736
10,0.33366666666666667,True,1.0,0.4673510781425912,0.4371265035115918,0.4522387908270915,0.5319908964885062,-0.0660648148148148,-0.06356481481481485,0.40530911478688453,0.24004467280578948,0.16597406092804148,0.8500874616693037,0.030224574630999368,0.0024999999999999467,0.00532931889433431,0.5219116835949662,0.12180831170103652,0.11375637551653361,0.0,0.6778317074606692,0.6375643180084534,0.30112553408952775,0.304130996688362,0.40608442611703127,surprised,08,15,15,male,strong,1736
20,0.6673333333333333,True,1.0,0.5100652576109059,0.47292390314208826,0.49149458037649707,0.5661072822825001,-0.07129629629629625,-0.06611111111111112,0.39823130723815314,0.2632831867613869,0.1694448947031956,0.8682004202363014,0.03714135446881767,0.005185185185185126,0.004607670564697471,0.47146376313488364,0.123118406600898,0.11233715203073615,0.0,0.8562211952777218,0.6390132519257703,0.29987492829958334,0.30520310437535053,0.40607850172777304,surprised,08,15,15,male,strong,1736
30,1.0010000000000001,True,1.0,0.5943854420543694,0.5695490573799596,0.5819672497171645,0.851296478022287,-0.09763888888888889,-0.0925462962962963,0.42113653804504825,0.3392735546739031,0.21250323124841086,0.6836246416397468,0.02483638467440974,0.005092592592592593,0.007113464561382802,0.3101111306774372,0.1216948635845751,0.11387773244710885,0.0,0.9355458300485691,0.6321794323510656,0.3002591511283063,0.3299591087762107,0.42473896055063315,surprised,08,15,15,male,strong,1736
40,1.3346666666666667,True,1.0,0.5422049725799154,0.5448028673835121,0.5435039199817138,1.0520189433736251,-0.09629629629629627,-0.09407407407407409,0.367474403413451,0.42649416623255115,0.220845770335711,0.516629404256543,0.002597894803596734,0.002222222222222181,0.0077675278519535,0.2736486486486486,0.11819935868766872,0.11750186966777244,0.0,0.9999999987499999,0.6177697255777311,0.3035076294446439,0.3455951465590698,0.4547002685390141,surprised,08,15,15,male,strong,1736
50,1.6683333333333334,True,1.0,0.5902526350818416,0.5925692565665854,0.5914109458242135,0.7373846255547319,-0.09500000000000003,-0.09097222222222223,0.39899612559902387,0.2436002780850447,0.21946669410762734,0.8020386177421275,0.002316621484743875,0.004027777777777797,0.011149525779342499,0.402182343912687,0.11857056937177378,0.11680149807889528,0.0,0.7134870469699974,0.6195230020523834,0.3025151158458104,0.3352176711276057,0.4397931391814234,surprised,08,15,15,male,strong,1736
60,2.0020000000000002,True,1.0,0.6070648894914565,0.5881331498151483,0.5975990196533024,0.7082246274193013,-0.06541666666666662,-0.062129629629629646,0.3922063798016351,0.2538775495622957,0.19166706472162018,0.8437986996172283,0.018931739676308235,0.0032870370370369772,0.010090470581965515,0.3931195615001873,0.12106435372638116,0.11454780673065779,0.0,0.6761597631823377,0.6258384640653136,0.3007504944274706,0.30731787462773563,0.4143727336530606,surprised,08,15,15,male,strong,1736
70,2.3356666666666666,True,1.0,0.5622834075243476,0.559151440773531,0.5607174241489392,0.7020378398267783,-0.06444444444444458,-0.05939814814814803,0.46712737161570267,0.19248632462694099,0.18680718920315212,0.7986997172222103,0.003131966750816617,0.0050462962962965485,0.009755989833893825,0.42913021534258144,0.11996995210030821,0.11569351046225534,0.0,0.7667774211169747,0.6287088054596839,0.29900118698114253,0.31983849335089687,0.4350465782629599,surprised,08,15,15,male,strong,1736
80,2.6693333333333333,True,1.0,0.38510638809822967,0.3705655756997186,0.37783598189897416,0.7707180466662881,-0.06708333333333338,-0.06199074074074079,0.46770552076616073,0.23456636202887038,0.17916836996525629,0.49023891880213455,0.014540812398511072,0.005092592592592593,0.010273359498390358,0.3834261705750845,0.1235513514976266,0.11186081223188865,0.0,0.9999999987499999,0.5904254006290016,0.2819522297434288,0.3254840598479938,0.3805078589893778,surprised,08,15,15,male,strong,1736
90,3.003,True,1.0,0.489994132855781,0.47248065334518613,0.4812373931004835,0.7791739717757468,-0.064537037037037,-0.06138888888888888,0.4758205875565112,0.24142661179698213,0.17569487868612624,0.6176250882761622,0.017513479510594843,0.003148148148148122,0.012366824387103055,0.37234746962726223,0.12606298440299116,0.1090224826997671,0.0,0.8094741094709403,0.5861761987294918,0.28075880423024496,0.3292950118831158,0.38655775857327745,surprised,08,15,15,male,strong,1736
0,0.0,True,1.0,0.4973240624029427,0.46330887673422405,0.48031646956858337,0.6227173419732501,-0.06754629629629622,-0.06648148148148153,0.39227940229071845,0.3179605528265633,0.15972652116233096,0.7713234194611785,0.03401518566871864,0.0010648148148146852,0.0015699815107585837,0.43291635298925873,0.1273826517664505,0.10747761534209127,0.0,0.9432715760108209,0.6464655963166517,0.29732313404769656,0.30294751823081983,0.40026725209632147,surprised,08,15,15,male,strong,1737
10,0.33366666666666667,True,1.0,0.5041978225020811,0.47151866208736015,0.48785824229472063,0.6090746260872608,-0.06875000000000003,-0.06740740740740736,0.40210370630564085,0.2980577957448298,0.16042094699714268,0.800982706222318,0.032679160414720965,0.001342592592592673,0.005554557622447359,0.4329473562792485,0.12412960534622328,0.11121878819158398,0.0,0.8553220945254592,0.6470558358108869,0.29741726460548606,0.3001577105286552,0.40057684744668287,surprised,08,15,15,male,strong,1737
20,0.6673333333333333,True,1.0,0.5494782034848181,0.49376187622360695,0.5216200398542126,0.5965108776008571,-0.09199074074074082,-0.0800925925925926,0.4062712101624262,0.23988317957857225,0.1930571363157205,0.8744518489790958,0.055716327261211174,0.011898148148148213,0.0117196252108492,0.4529337500796482,0.12131560183126039,0.11428168060690443,0.0,0.7856914399702111,0.6422646695162441,0.2992341610256454,0.30325926963872957,0.39767446390195876,surprised,08,15,15,male,strong,1737
30,1.0010000000000001,True,1.0,0.5485510643264007,0.49994579963064034,0.5242484319785206,0.7753199264701153,-0.08101851851851855,-0.07398148148148143,0.44204099271510466,0.3339839683255878,0.17708376416920632,0.6761704608384365,0.04860526469576032,0.007037037037037119,0.00634237877634804,0.36346153846153867,0.12213167362848325,0.11340913572922713,0.0,0.6371386115694326,0.6489704487419967,0.29982208104128044,0.31226882383364246,0.422367880125681,surprised,08,15,15,male,strong,1737
40,1.3346666666666667,True,1.0,0.5041711406354551,0.4800595151993371,0.4921153279173961,0.8282093062372413,-0.08189814814814822,-0.0757870370370371,0.3971942048483781,0.39400247448917913,0.17778850629011583,0.5941919804707304,0.024111625436118,0.006111111111111123,0.009961563730408702,0.34507834229484,0.12167386994727322,0.11356513217914552,0.0,0.9999999987499999,0.6442830606070554,0.29943638432037967,0.304696406940523,0.40971570188182477,surprised,08,15,15,male,strong,1737
50,1.6683333333333334,True,1.0,0.5522543206991982,0.5218381282453702,0.5370462244722842,0.5319827829035432,-0.07523148148148145,-0.07157407407407407,0.4166285091232323,0.2532343064273944,0.18125378834941794,1.009518055342139,0.030416192453827984,0.003657407407407387,0.003299775134272493,0.5087460979791728,0.12227313314367994,0.11308826081397076,0.0,0.6989008818030008,0.6407053075136305,0.2968665121257577,0.3084471355753231,0.4081446391848249,surprised,08,15,15,male,strong,1737
60,2.0020000000000002,True,1.0,0.5453446896003711,0.518841687184705,0.532093188392538,0.6694688001093351,-0.06902777777777774,-0.06546296296296295,0.42677759690611994,0.2727465481926923,0.18197127929757909,0.79479908295299,0.026503002415666055,0.0035648148148147984,0.002530925367784528,0.4390649064916067,0.12302296296822443,0.11244166644482333,0.0,0.6773147847319323,0.6382103420821454,0.29861885314137443,0.32295132288830203,0.4290752786363401,surprised,08,15,15,male,strong,1737
70,2.3356666666666666,True,1.0,0.48358042480602803,0.4588761899240639,0.47122830736504595,0.7633614234421724,-0.06967592592592592,-0.06495370370370368,0.4650009800829505,0.29621936681499184,0.16875045211166284,0.6173069438591343,0.024704234881964104,0.004722222222222239,0.015869398324412597,0.39457564669181927,0.12257569671540829,0.11292907661472283,0.0,0.6700080058631234,0.6420076781728316,0.29917514844434184,0.3287763943850456,0.43441229583244617,surprised,08,15,15,male,strong,1737
80,2.6693333333333333,True,1.0,0.4794623937632632,0.44441294285999317,0.4619376683116282,0.7925494751457801,-0.06874999999999998,-0.06361111111111117,0.49227432794958953,0.2837856004493789,0.16527823938755853,0.5828502608328145,0.03504945090327005,0.005138888888888804,0.005999131878458126,0.3724231810758808,0.12165645051609322,0.11391876850595113,0.0,0.721389041493916,0.6424393916082058,0.3011949990995984,0.3244096118363106,0.4357064807771582,surprised,08,15,15,male,strong,1737
90,3.003,True,1.0,0.4586601722707827,0.4426989514189714,0.45067956184487706,0.7633798478462523,-0.06898148148148142,-0.06374999999999992,0.4848003426751359,0.28350447540561585,0.1645833333333333,0.590373931295663,0.015961220851811286,0.005231481481481504,0.010851726125971463,0.3939581914473485,0.1270718392621128,0.10784491382218368,0.0,0.6628916856618883,0.571804556134954,0.28151613023464445,0.3431176282419509,0.38864250556977464,surprised,08,15,15,male,strong,1737
0,0.0,True,1.0,0.4736049923559904,0.4646737347263239,0.46913936354115715,0.5508007975272061,-0.06587962962962968,-0.06152777777777774,0.40384535350585027,0.2557060099199492,0.16670374140048094,0.8517405306007833,0.008931257629666511,0.00435185185185194,0.024926438424757415,0.4711202867152963,0.12336023286391372,0.11207154285579397,0.0,0.677748029717673,0.6485370953303197,0.29722238276968804,0.30028169237189806,0.4041387872404281,surprised,08,15,15,male,strong,1738
10,0.33366666666666667,True,1.0,0.49630685888340115,0.4790468137411194,0.4876768363122603,0.5633314459964607,-0.06685185185185188,-0.06388888888888888,0.405980326876232,0.261924998646602,0.16530039514109188,0.8657014263594371,0.017260045142281744,0.0029629629629630005,0.022590513315339292,0.47590729235234713,0.12274770835057577,0.11274208559727604,0.0,0.7753524891515783,0.6489466819696628,0.29806662322198757,0.29967530808479514,0.4075141036813102,surprised,08,15,15,male,strong,1738
20,0.6673333333333333,True,1.0,0.5017744283865623,0.48710613518544843,0.49444028178600535,0.5428577618964496,-0.07601851851851854,-0.06685185185185183,0.37093001019336763,0.27139914837091805,0.17644121757180886,0.9108100067662293,0.014668293201113847,0.009166666666666712,0.021051423457508104,0.5039217924603677,0.12279288677535624,0.11269287789202012,0.0,0.799547610588978,0.6501228273653212,0.29765107177241423,0.29873033354318945,0.4044581334664339,surprised,08,15,15,male,strong,1738
30,1.0010000000000001,True,1.0,0.5489093549728897,0.5152824088986486,0.5320958819357692,0.8256561900708603,-0.07245370370370358,-0.06592592592592589,0.3850507242361801,0.3715289589344149,0.1778395651362625,0.6444521198225415,0.033626946074241104,0.006527777777777688,0.01945981494076863,0.329799283029331,0.12008894776999285,0.11556998915551099,0.0,0.7024482464386324,0.6506903415506827,0.2986374126076306,0.2992965225982245,0.40928410971590257,surprised,08,15,15,male,strong,1738
40,1.3346666666666667,True,1.0,0.5371595162197378,0.5073778278376047,0.5222686720286712,0.6880907416091299,-0.0698611111111111,-0.06564814814814818,0.4157621141315003,0.26898092626538733,0.17711822764352933,0.7590113344750482,0.02978168838213313,0.004212962962962918,0.015254307880027941,0.37884563953547323,0.12267974448962687,0.11281603636995442,0.0,0.7674953810281784,0.6455258495898359,0.29840216420330407,0.3059701039126917,0.4091160066155635,surprised,08,15,15,male,strong,1738
50,1.6683333333333334,True,1.0,0.5387419302324242,0.5295958091458327,0.5341688696891285,0.7658554457224945,-0.07101851851851854,-0.06680555555555562,0.40856539774102224,0.3127105651417831,0.17711822764352933,0.6974800175053961,0.009146121086591519,0.004212962962962918,0.015735846747716123,0.35779033299889956,0.12413035054786682,0.11121795647860519,0.0,0.6927235799815576,0.6438761588932448,0.2974890108569594,0.3041416497096863,0.4002844281943822,surprised,08,15,15,male,strong,1738
60,2.0020000000000002,True,1.0,0.5242924378836353,0.5152824088986486,0.5197874233911419,0.6664389507924968,-0.06893518518518527,-0.06564814814814818,0.39790479550198726,0.2613486081539206,0.17712641173327864,0.7799475447421492,0.009010028984986707,0.0032870370370370883,0.016129955766349856,0.4099681424640801,0.12230879521215447,0.11321809212245082,0.0,0.7425225149345931,0.6406350048769508,0.2988339837631363,0.30440554730310565,0.40022476790848754,surprised,08,15,15,male,strong,1738
70,2.3356666666666666,True,1.0,0.5495053234791232,0.5212164315132541,0.5353608774961887,0.7466142314041812,-0.06699074074074074,-0.06402777777777785,0.43384080535021585,0.27849895933330554,0.17435850949207068,0.7170515307340424,0.028288891965869034,0.0029629629629628895,0.013667495034342099,0.3664153973964947,0.12231160172814165,0.11321506018608217,0.0,0.6458451388482573,0.6374321148303072,0.3003570892394903,0.3168891553207097,0.41429632970285785,surprised,08,15,15,male,strong,1738
80,2.6693333333333333,True,1.0,0.5083052413760284,0.4932974090975791,0.5008013252368038,0.7466439906258033,-0.06662037037037039,-0.06375000000000003,0.43315433444307677,0.26664793978720736,0.17295240163192807,0.6707364306475629,0.015007832278449318,0.0028703703703703565,0.019608401031373443,0.37532082663198957,0.12302435475516615,0.11244014366459293,0.0,0.697795608538289,0.6348319784788917,0.3006808039213866,0.31686147770447187,0.4139962074403031,surprised,08,15,15,male,strong,1738
90,3.003,True,1.0,0.529246574723409,0.5218381282453702,0.5255423514843895,0.7251760422315859,-0.0668981481481482,-0.06435185185185194,0.44384519012147317,0.2573099415204678,0.17158158900111736,0.7247100302254014,0.007408446478038733,0.0025462962962962687,0.011196313867208976,0.390438173585802,0.12194427616784405,0.11361061253288204,0.0,0.7913243879207464,0.6371580404740022,0.30081550790614314,0.3165864145637553,0.4152312312772802,surprised,08,15,15,male,strong,1738
0,0.0,True,1.0,0.48902671882113574,0.4663023679417116,0.47766454338142367,0.5450151569421169,-0.06624999999999992,-0.06435185185185183,0.4077667154845287,0.25302006052502113,0.16250751184560666,0.8764243293001737,0.02272435087942415,0.0018981481481480933,0.0014009207938213036,0.4687079661336964,0.1285409176337982,0.10608963316285654,0.0,0.8018077200803616,0.5845464465317376,0.2781952435229574,0.3087472389122393,0.36415204154463016,surprised,08,15,15,male,strong,1739
10,0.33366666666666667,True,1.0,0.5395459754152292,0.4936306618537281,0.5165883186344786,0.5367752878693571,-0.06777777777777771,-0.0641666666666666,0.41523068810416325,0.22365636994556462,0.164590750096599,0.9623921411974694,0.04591531356150108,0.0036111111111111205,0.0035359933236476064,0.4821428571428572,0.12865266575008646,0.10595409084184222,0.0,0.7983898951933426,0.5851368393763756,0.27958680840268274,0.3111904947291841,0.37072144186150463,surprised,08,15,15,male,strong,1739
20,0.6673333333333333,True,1.0,0.5489205632615395,0.5248462489699048,0.5368834061157222,0.7950410985462845,-0.06685185185185188,-0.06407407407407412,0.40418239018158836,0.38420233466543047,0.1694448947031956,0.6752901291485458,0.024074314291634646,0.002777777777777768,0.0026972308792337857,0.33785188924033505,0.1267077087675633,0.10827250024574195,0.0,0.7071067807446058,0.5880515744813551,0.28170060661692303,0.31663216338350514,0.3754205720914633,surprised,08,15,15,male,strong,1739
30,1.0010000000000001,True,1.0,0.5277600263868047,0.5120086741027773,0.519884350244791,0.6751953335995385,-0.06842592592592595,-0.06513888888888891,0.4203432316784727,0.31210102054559186,0.17222931003000183,0.769976219286398,0.015751352284027464,0.0032870370370370328,0.0038556205953285834,0.41560828103091224,0.12561447454486754,0.10953894994650368,0.0,0.7071067807446058,0.5908817592662065,0.28159617912679613,0.3147929287065076,0.3743897254837327,surprised,08,15,15,male,strong,1739
40,1.3346666666666667,True,1.0,0.46761470574071295,0.4370816672897074,0.45234818651521014,0.6845680318014917,-0.068888888888889,-0.06504629629629632,0.42272419916763265,0.29235967242960015,0.17436857329742902,0.6607790102684494,0.03053303845100558,0.003842592592592675,0.0003927031196555554,0.43279114719518336,0.12770186879728015,0.10709813479515518,0.0,0.681659832651535,0.5874235356642656,0.2795471264916807,0.3257546133951342,0.3735301381366324,surprised,08,15,15,male,strong,1739
50,1.6683333333333334,True,1.0,0.45875709999311515,0.42993082103826213,0.44434396051568864,0.5300536716669786,-0.06847222222222216,-0.06458333333333333,0.4057043687888385,0.2649271227752011,0.17222620914999004,0.8382999387934822,0.028826278954853013,0.0038888888888888307,0.0076443210678057505,0.5097685060713294,0.12436239154052298,0.11078659392349952,0.0,0.6448733813410321,0.645283350465186,0.2936086907703226,0.3066027180691348,0.40331223875946515,surprised,08,15,15,male,strong,1739
60,2.0020000000000002,True,1.0,0.509129583047962,0.47248369099427384,0.49080663702111793,0.6200076026736874,-0.07083333333333336,-0.06597222222222227,0.4274081947682455,0.2613121856306167,0.1736111111111111,0.7916139010305516,0.03664589205368812,0.004861111111111094,0.008281201242065326,0.44150458230489825,0.1218098534984564,0.11375472456482359,0.0,0.728152861740544,0.6430338695165566,0.29735653920464894,0.3051161019576853,0.4071126702375627,surprised,08,15,15,male,strong,1739
70,2.3356666666666666,True,1.0,0.4720746146278132,0.4582938432252953,0.46518422892655426,0.7578924802791104,-0.06731481481481477,-0.06342592592592589,0.45923105793060615,0.29410752966055015,0.17153178084657758,0.6137865739942954,0.013780771402517877,0.003888888888888886,0.009496390838623938,0.37779850746268656,0.12426342567099956,0.11106925232010281,0.0,0.6531178063361839,0.6399184752807373,0.2998307375125182,0.32184799743344183,0.42964681893650897,surprised,08,15,15,male,strong,1739
80,2.6693333333333333,True,1.0,0.48916683108106496,0.4444129428599926,0.4667898869705288,0.7570193364669716,-0.06736111111111104,-0.06361111111111106,0.4791668198007588,0.2852536630165405,0.1687721520471924,0.616615540032371,0.04475388822107235,0.0037499999999999756,0.004657255884627577,0.39130434782608686,0.12292002437699659,0.11255418862651724,0.0,0.7393432095893114,0.6408149420080532,0.30061703461909856,0.31840257671192895,0.42733780534448174,surprised,08,15,15,male,strong,1739
90,3.003,True,1.0,0.20339230419923596,0.15801515437999306,0.1807037292896145,0.7371525905338356,-0.0767592592592592,-0.07412037037037034,0.4921489522820012,0.2601626016260161,0.17083511971881032,0.24513748118113698,0.0453771498192429,0.0026388888888888573,0.007390503150821249,0.39704523946298764,0.12085214873924648,0.11477166860814021,0.0,0.7966640420902218,0.6450443513342837,0.30059140638555487,0.31048890830223114,0.41632634525908624,surprised,08,15,15,male,strong,1739
0,0.0,True,1.0,0.4665904449397564,0.4581702907470904,0.4623803678434234,0.7083744812575338,-0.06861111111111112,-0.06796296296296295,0.38553656555114774,0.367552796878909,0.16875406896136058,0.6527343659000645,0.008420154192665952,0.0006481481481481755,0.0020607146963639023,0.38254106269698895,0.1271136513368404,0.10779562799381073,0.0,0.7794355859752273,0.6392882282522384,0.2962393321787535,0.3065002933060834,0.39644779640107014,neutral,01,15,15,male,normal,1740
10,0.33366666666666667,True,1.0,0.4815855087632933,0.4507817786060569,0.46618364368467513,0.721546719808632,-0.07013888888888903,-0.0687962962962963,0.3844035661675617,0.3741353361970684,0.16805600953544336,0.6460893395902568,0.03080373015723642,0.0013425925925927285,0.006277401338179739,0.36505334195507005,0.12408183059033172,0.11110073420144664,0.0,0.9999999987499999,0.6431353185883729,0.2966923741355737,0.3033746438627557,0.39836035169162703,neutral,01,15,15,male,normal,1740
20,0.6673333333333333,True,1.0,0.4518362453516165,0.42867557149528734,0.4402559084234519,0.7613299854419082,-0.0696296296296296,-0.0686574074074075,0.3866856951835697,0.4073584905735591,0.16527777777777775,0.578272124889326,0.02316067385632914,0.0009722222222220966,0.006873960502374033,0.34537791981040256,0.12451811640131391,0.11078364707089386,0.0,0.6573827916865287,0.6415505582623675,0.2962517573381432,0.3018451015897639,0.39460177391296974,neutral,01,15,15,male,normal,1740
30,1.0010000000000001,True,1.0,0.46626044970934555,0.44154963625637095,0.4539050429828583,0.9122606475261077,-0.07277777777777772,-0.07162037037037045,0.39114315798727317,0.4430837234722448,0.16805600953544336,0.4975606962919752,0.0247108134529746,0.0011574074074072738,0.01469867325204098,0.3056812597893175,0.12341935352828796,0.11200643260544536,0.0,0.6894431409856702,0.6416510702327807,0.2965918782012869,0.3061499928877097,0.4065311460013543,neutral,01,15,15,male,normal,1740
40,1.3346666666666667,True,1.0,0.4956886120663508,0.45003812094891427,0.4728633665076325,0.9622327100308091,-0.07138888888888884,-0.06810185185185186,0.37588901531876634,0.4336279169301978,0.17847906182851886,0.49142308464289497,0.04565049111743652,0.0032870370370369772,0.018303128660210187,0.2934351407686231,0.1219569750448638,0.11359698062900658,0.0,0.7792965431828673,0.6329651706385679,0.2993308364768248,0.30731538935521663,0.40096863472009947,neutral,01,15,15,male,normal,1740
50,1.6683333333333334,True,1.0,0.49464294051028695,0.4856616339269077,0.4901522872185973,0.6769844469428116,-0.0728240740740741,-0.06810185185185186,0.37876404670001834,0.3181826900631215,0.1854232501172056,0.7240229660106254,0.008981306583379256,0.004722222222222239,0.015966934329325156,0.42055209249271336,0.12623132312503385,0.10882752791733437,0.0,0.7071067807446058,0.596600872302046,0.27344185239302,0.29214681331118814,0.3472563370038785,neutral,01,15,15,male,normal,1740
60,2.0020000000000002,True,1.0,0.5365254635011351,0.48566163392690714,0.5110935487140211,0.7382255398090015,-0.0718981481481481,-0.06726851851851856,0.3718177730423457,0.32808244078634324,0.1854232501172056,0.6923271021566858,0.050863829574227915,0.004629629629629539,0.016638694864130305,0.37543660075665736,0.12781967097791674,0.10695751250781875,0.0,0.6427860994702129,0.5874357337778862,0.27507199674731847,0.297725425261705,0.3515464504817873,neutral,01,15,15,male,normal,1740
70,2.3356666666666666,True,1.0,0.5134155180357716,0.49206707145513917,0.5027412947454554,0.7310275144901129,-0.0733333333333333,-0.07,0.39080797248119004,0.31329750621004854,0.18543147910168942,0.6877187038522268,0.021348446580632396,0.0033333333333332993,0.023246701898904074,0.37336384402978734,0.1253212063352098,0.1098743510258525,0.0,0.5620386910093201,0.62938573813119,0.29915088854514793,0.30738534043367693,0.39223029864620795,neutral,01,15,15,male,normal,1740
80,2.6693333333333333,True,1.0,0.5178814910160291,0.5130976815083376,0.5154895862621833,0.646204602839683,-0.07268518518518513,-0.0693981481481481,0.3936382468074257,0.27785039705691705,0.18195953953629362,0.7977188401272828,0.004783809507691528,0.0032870370370370328,0.02195576085729246,0.4205254819565066,0.12346016312668487,0.111961448235802,0.0,0.6887690075529609,0.633279684866134,0.29749019324006964,0.30433191697885775,0.3928581584563142,neutral,01,15,15,male,normal,1740
90,3.003,True,1.0,0.4923748581226475,0.5052276037105934,0.49880123091662043,0.6255729128084008,-0.07254629629629628,-0.06976851851851851,0.39070181655565217,0.2606374843954383,0.17987638103482606,0.7973510692420154,0.012852745587945913,0.002777777777777768,0.01811623423769693,0.43556124477760066,0.1264176861331196,0.10861098656911058,0.0,0.6679670934865126,0.6330701932960685,0.296487513555473,0.3081475600699932,0.3952794233242442,neutral,01,15,15,male,normal,1740
0,0.0,True,1.0,0.5028266772051736,0.47031001685800444,0.486568347031589,0.595341044037741,-0.07347222222222216,-0.06912037037037039,0.381877330775449,0.3516775024891997,0.1680718980589822,0.8172934688520208,0.03251666034716916,0.0043518518518517735,0.02111025127851102,0.43688655654518976,0.12762727759881395,0.1071870131287994,0.0,0.787792472451974,0.6391375535995648,0.29463111404699394,0.3065093366113367,0.3997510395237108,neutral,01,15,15,male,normal,1741
10,0.33366666666666667,True,1.0,0.4511986663376983,0.4265016586526082,0.43885016249515324,0.5820973921186072,-0.07296296296296295,-0.06902777777777774,0.3916998250283826,0.3570794289404632,0.16530039514109188,0.7539119199588062,0.02469700768509009,0.003935185185185208,0.018723119641410733,0.46231540372790575,0.12502113707263748,0.11021566610735085,0.0,0.7775739104173378,0.6409504555025135,0.2944281143053819,0.30462738949549545,0.40009575280171,neutral,01,15,15,male,normal,1741
20,0.6673333333333333,True,1.0,0.4507401579973401,0.4548386510335727,0.45278940451545635,0.6042802221845978,-0.07342592592592595,-0.06976851851851845,0.38331681978651566,0.3490306288945364,0.16737752141912057,0.7493036970141587,0.004098493036232609,0.003657407407407498,0.023271824527668482,0.4396143431012147,0.12415294195957202,0.1111927370519407,0.0,0.6817910243722539,0.6429079300782814,0.29309219824493066,0.303218706335144,0.3991224633518003,neutral,01,15,15,male,normal,1741
30,1.0010000000000001,True,1.0,0.4444598902934887,0.4319483734614778,0.43820413187748325,0.8919603058823992,-0.07384259259259252,-0.07208333333333339,0.3868266483693779,0.4059129040966915,0.17015503129913073,0.4912820996490156,0.012511516832010905,0.0017592592592591272,0.021284228997563014,0.3036130542778964,0.12365518173353303,0.11174602364581379,0.0,0.6862777004573267,0.6402159655737295,0.2958192099815159,0.30550214307381873,0.4020185041715283,neutral,01,15,15,male,normal,1741
40,1.3346666666666667,True,1.0,0.44336734476730805,0.4343705452754085,0.4388689450213583,0.7476211864659714,-0.07157407407407412,-0.06898148148148148,0.3827043408602787,0.34703981457747224,0.17779322663045252,0.5870204763670562,0.008996799491899521,0.0025925925925926463,0.019009816274110324,0.35194471094579066,0.12365938958334764,0.11174136717560164,0.0,0.6190088365180146,0.6381793072307048,0.2974948711720798,0.30558315935440616,0.3989199715836656,neutral,01,15,15,male,normal,1741
50,1.6683333333333334,True,1.0,0.49569234786405597,0.4613100907348582,0.4785012192994571,0.9171078066175241,-0.07351851851851848,-0.07009259259259265,0.38401672439345147,0.4120202513225182,0.1757053001645301,0.5217502411894898,0.03438225712919779,0.0034259259259258323,0.021254770672226784,0.3047377671568492,0.1239418012503891,0.11142803809294828,0.0,0.7727438351213607,0.6406349336765956,0.2946310051573713,0.3033025122303315,0.39783587166313095,neutral,01,15,15,male,normal,1741
60,2.0020000000000002,True,1.0,0.5028228876394156,0.4700367095632339,0.48642979860132474,0.8078211212420526,-0.07560185185185192,-0.07069444444444445,0.38281645339154363,0.3772802847984388,0.17569835258094374,0.6021503842997101,0.03278617807618173,0.004907407407407471,0.026386681805266526,0.35986691783401786,0.12448743609513149,0.11081812137376969,0.0,0.6832933834907815,0.6416037830991772,0.2939517633790313,0.30605763112106876,0.40419492104801735,neutral,01,15,15,male,normal,1741
70,2.3356666666666666,True,1.0,0.5301168900705024,0.5048545604859573,0.5174857252782299,0.8734427217999473,-0.0730555555555556,-0.0692592592592593,0.38108133132873834,0.3829710395584381,0.1784876109678226,0.5924666980014683,0.025262329584545107,0.0037962962962962976,0.019280557658122033,0.30444348539395044,0.12508791897822819,0.11013986697031423,0.0,0.7071067807446058,0.6357968236591511,0.2959854701795072,0.3077627462750415,0.4001703948857458,neutral,01,15,15,male,normal,1741
80,2.6693333333333333,True,1.0,0.4995536701064236,0.4845607350331766,0.4920572025698001,0.6112219976782635,-0.07291666666666663,-0.06888888888888889,0.3927507472764478,0.2730209892953602,0.17847906182851891,0.8050384384706167,0.014992935073247005,0.004027777777777741,0.01857742213252359,0.42091829952856513,0.12420509360784825,0.11113447931342674,0.0,0.6295230895910302,0.6393364317914666,0.294891063155724,0.3076483969792348,0.40026444885392154,neutral,01,15,15,male,normal,1741
90,3.003,True,1.0,0.49382782547253223,0.47682117202234037,0.48532449874743633,0.5731916250779676,-0.07351851851851854,-0.06935185185185194,0.3917167193638714,0.26685900004595786,0.17570139218256636,0.8467054951848271,0.017006653450191866,0.004166666666666596,0.02217236426982652,0.4748412540236808,0.1265542742908173,0.10845180233342899,0.0,0.7217538676805305,0.638182241263693,0.29564969967413046,0.31179075513373977,0.4032590706652227,neutral,01,15,15,male,normal,1741
100,3.336666666666667,True,1.0,0.500214081480678,0.5049777558472428,0.5025959186639604,0.5268077955878394,-0.07374999999999993,-0.06879629629629636,0.3973764266567978,0.24403859080842294,0.1757053001645301,0.9540403974150341,0.004763674366564774,0.004953703703703571,0.020236657153969335,0.5097685060713294,0.12505658860762942,0.11017543926061298,0.0,0.8372908549650993,0.6391030505092662,0.29444432437193097,0.3106623757901786,0.4042526142053132,neutral,01,15,15,male,normal,1741
0,0.0,True,1.0,0.48135581252159193,0.4936306618537281,0.48749323718766,0.6700228220381818,-0.07203703703703707,-0.07018518518518535,0.3746698816488677,0.34868534616272717,0.1729171078841008,0.7275770632778235,0.012274849332136184,0.0018518518518517157,0.000631989006958294,0.4023036829708942,0.124304098802959,0.11102373075678963,0.0,0.894720027926125,0.6441802073485645,0.2951285776742339,0.2991865969579996,0.3944691350974078,neutral,01,15,15,male,normal,1742
10,0.33366666666666667,True,1.0,0.5165462449278536,0.5015859578779723,0.509066101402913,0.6974783169603543,-0.07171296296296303,-0.07027777777777777,0.37790697674418605,0.36923076923076903,0.17083511971881044,0.7298665621914222,0.014960287049881282,0.0014351851851852615,0.0013585484458973375,0.37497719309506095,0.12672300416991028,0.10825459798452124,0.0,0.7594050540508923,0.6445982276816977,0.2959540215690888,0.30131241179830404,0.3980402933597642,neutral,01,15,15,male,normal,1742
20,0.6673333333333333,True,1.0,0.49550701785056084,0.47305723214794143,0.48428212499925116,0.7110862273920032,-0.07189814814814816,-0.07000000000000006,0.375752714032983,0.3760332164499994,0.17013888888888895,0.6810455699239399,0.022449785702619407,0.0018981481481480933,0.00028670543464250016,0.3785836200592515,0.12420656741275249,0.11113283215124847,0.0,0.7274087193374922,0.6421595891794218,0.29571019659830733,0.3007029191201249,0.39553378613135964,neutral,01,15,15,male,normal,1742
30,1.0010000000000001,True,1.0,0.4524596748732005,0.4368340922902297,0.4446468835817151,0.8067988380527733,-0.07078703703703709,-0.06717592592592597,0.37459614788090145,0.403381086737272,0.1708333333333334,0.5511248437775148,0.01562558258297081,0.0036111111111111205,0.0035492097141751307,0.3432047415027687,0.1229013664973452,0.11257456143957549,0.0,0.8755886778884493,0.639973347495248,0.29474666621059137,0.298881848218214,0.39552773453850193,neutral,01,15,15,male,normal,1742
40,1.3346666666666667,True,1.0,0.4668238175945219,0.4437154076627248,0.45526961262862337,0.7711759457469362,-0.07078703703703704,-0.06930555555555556,0.38953620996366894,0.3725171941319941,0.1750017438529185,0.5903576416503291,0.02310840993179708,0.0014814814814814725,0.008208941429574,0.352754237288135,0.1244136721071996,0.11090092859521819,0.0,0.5806020579597122,0.638125024408201,0.29682465101119687,0.30461219909549553,0.3976391691335896,neutral,01,15,15,male,normal,1742
50,1.6683333333333334,True,1.0,0.46620655078875306,0.4514588726197046,0.4588327117042288,0.7795660960743732,-0.07074074074074072,-0.0685648148148148,0.3735542801362042,0.3486853461627268,0.1819444444444444,0.5885744826702348,0.014747678169048484,0.0021759259259259145,0.00597251047070492,0.35562681662807655,0.12464981535686087,0.11063544324460739,0.0,0.6661910727571569,0.6327575442598915,0.29647035012254125,0.2999507550738338,0.3894526241323507,neutral,01,15,15,male,normal,1742
60,2.0020000000000002,True,1.0,0.5186797969860427,0.4867887734158546,0.5027342852009486,0.7769226802231708,-0.07217592592592598,-0.06981481481481483,0.388899026104473,0.3621085214777704,0.17638932142096195,0.6470840638305712,0.03189102357018814,0.002361111111111147,0.00617438235567747,0.36227167158625495,0.12319208622921597,0.11225634797531575,0.0,0.6426492471155596,0.6411170870144933,0.2951744614275528,0.3022838508256897,0.40017085605824443,neutral,01,15,15,male,normal,1742
70,2.3356666666666666,True,1.0,0.5104713522748583,0.4936306618537281,0.5020510070642932,0.8357806594268321,-0.0721296296296296,-0.06981481481481489,0.3870670456102198,0.36481035008056395,0.17708376416920632,0.6006970864922783,0.016840690421130178,0.002314814814814714,0.009351091639312645,0.3307250743998105,0.12597334994867,0.10912604122453753,0.0,0.7258212917647984,0.6350852627144609,0.2970059286710269,0.3060499008878188,0.39697952590616614,neutral,01,15,15,male,normal,1742
80,2.6693333333333333,True,1.0,0.48138111758744323,0.4937618762236086,0.4875714969055259,0.7556206457192938,-0.07259259259259265,-0.06953703703703701,0.3864272528112948,0.33804081519021,0.17569487868612624,0.6452596281847153,0.01238075863616539,0.0030555555555556446,0.002581686387209437,0.34584000816796134,0.12491100617430226,0.1103404654104483,0.0,0.6558234026442887,0.6382843364767783,0.29647257937131616,0.3035146801057165,0.39699665055738,neutral,01,15,15,male,normal,1742
90,3.003,True,1.0,0.507983018154799,0.4998072103263597,0.5038951142405793,0.7056412420155848,-0.07152777777777786,-0.06967592592592592,0.392018453893509,0.3266857601924004,0.1743055555555556,0.7140953281036404,0.008175807828439241,0.0018518518518519378,0.0025788833228987443,0.3754569689433411,0.1228557511080641,0.11262434101861787,0.0,0.7803952161498598,0.6400398983968587,0.29657313784315703,0.3010132112956694,0.39930131343095876,neutral,01,15,15,male,normal,1742
100,3.336666666666667,True,1.0,0.5308508286239281,0.5136907439465364,0.5222707862852323,0.7001995512023177,-0.07175925925925936,-0.07083333333333336,0.393847898975031,0.3306497880677612,0.1729184315296482,0.7458884904859441,0.017160084677391718,0.0009259259259259967,0.004155763816943067,0.3754569689433411,0.12607924626845596,0.10900367622705702,0.0,0.6195772883474038,0.6381241795155562,0.2969799989627407,0.3037229521423996,0.3979086879050668,neutral,01,15,15,male,normal,1742
0,0.0,True,1.0,0.49550701785056267,0.458734532849104,0.4771207753498333,0.7301275413541012,-0.06967592592592597,-0.06754629629629638,0.3751223776904675,0.34439978365759494,0.17083511971881032,0.6534759317049742,0.03677248500145869,0.0021296296296295925,0.006120859277785329,0.3613419989813524,0.12590501986624467,0.10920487051012945,0.0,0.7298282833692422,0.6451131977478491,0.296338384232032,0.2937130296470346,0.3950327333125988,neutral,01,15,15,male,normal,1743
10,0.33366666666666667,True,1.0,0.4891731579618093,0.4517304189435343,0.47045178845267177,0.729822482630951,-0.06967592592592592,-0.06828703703703709,0.3762327027194169,0.3648906912185963,0.1687518084393838,0.6446112577358964,0.03744273901827505,0.0013888888888888284,0.01055915343293026,0.3613216498875295,0.12430169874919998,0.11102641784090689,0.0,0.6431815243407594,0.6455218846288516,0.29603197834402684,0.2917087513174594,0.3945381641743181,neutral,01,15,15,male,normal,1743
20,0.6673333333333333,True,1.0,0.4808142049703375,0.46630236794171276,0.47355828645602516,0.7378808976866733,-0.06972222222222235,-0.06814814814814807,0.3803082800368481,0.3620885742796586,0.1680573714677488,0.6417814689886612,0.014511837028624741,0.0015740740740742831,0.010589330434024123,0.3546312410274016,0.12423026785595909,0.11110633788772534,0.0,0.6693387041463491,0.647668232714961,0.29514908503466586,0.2929939048697041,0.39531000120978227,neutral,01,15,15,male,normal,1743
30,1.0010000000000001,True,1.0,0.5037582836152154,0.4587439702279352,0.4812511269215753,0.9681151202152238,-0.07152777777777775,-0.06875000000000003,0.35972160287483174,0.4767656156866073,0.1687518084393838,0.4971011369129193,0.045014313387280125,0.0027777777777777124,0.007255033680823091,0.2857974147810318,0.12065425070691166,0.11497969192994703,0.0,0.6334228554457322,0.6471850906925269,0.2962222561639366,0.29270078217378953,0.40039041422469074,neutral,01,15,15,male,normal,1743
40,1.3346666666666667,True,1.0,0.45183624535161704,0.4447373162969821,0.44828678082429957,0.74029167155039,-0.06916666666666671,-0.06736111111111115,0.384028883876277,0.3431543602279669,0.17430949483188374,0.6055542673949773,0.007098929054634939,0.0018055555555555602,0.0016481929662927283,0.368553387425065,0.12403915166649385,0.11131965964906378,0.0,0.6131867953654475,0.6413508416882379,0.29611114755017476,0.2998561621683869,0.39833896739629654,neutral,01,15,15,male,normal,1743
50,1.6683333333333334,True,1.0,0.5274394326590406,0.49329740909757913,0.5103684208783099,0.7714944323557099,-0.06810185185185186,-0.0660648148148148,0.3761552933408857,0.34439978365759566,0.17986153529316398,0.6615322152357366,0.034142023561461454,0.0020370370370370594,0.00548090679760781,0.36202952848421754,0.12308721246040602,0.11237133041424541,0.0,0.7078422958401753,0.6404043161795969,0.2980572946097467,0.29499346588103864,0.3912897767393487,neutral,01,15,15,male,normal,1743
60,2.0020000000000002,True,1.0,0.5193617846321519,0.4875885809380163,0.5034751827850841,0.7854551316555678,-0.06833333333333336,-0.06638888888888894,0.37501557756030873,0.3513878220564378,0.1763893214209619,0.640998018211261,0.031773203694135554,0.0019444444444444153,2.2388707665106246e-05,0.3651315789473685,0.12153116211716179,0.11405241954724332,0.0,0.7502030010930255,0.6407273733165141,0.2981999594123177,0.2992804074840521,0.39619539145366245,neutral,01,15,15,male,normal,1743
70,2.3356666666666666,True,1.0,0.5334381788609823,0.5079822517375111,0.5207102152992467,0.8471405189362212,-0.06824074074074082,-0.06615740740740744,0.37200473801452927,0.3680200615050805,0.17777777777777776,0.6146680552514682,0.025455927123471223,0.0020833333333333814,0.00611022157306523,0.3323717429990229,0.12419421180122202,0.11114663974076502,0.0,0.6606604710052411,0.6382780392235019,0.2991706188298974,0.30369441493427657,0.39833363208264383,neutral,01,15,15,male,normal,1743
80,2.6693333333333333,True,1.0,0.5152333418305864,0.5077343950495489,0.5114838684400677,0.6868064006839207,-0.06912037037037039,-0.06550925925925927,0.3825621369333219,0.31646961600141454,0.17639061901081732,0.7447278708100752,0.007498946781037574,0.0036111111111111205,0.0049179551553832634,0.38602941176470607,0.1243744645428874,0.11094489776537948,0.0,0.7152824850813951,0.6400421543382978,0.2957184757721234,0.29880330234286606,0.3953036544220869,neutral,01,15,15,male,normal,1743
90,3.003,True,1.0,0.49308361994033173,0.4859236767061831,0.48950364832325743,0.6579646244313359,-0.06953703703703712,-0.06703703703703706,0.39142255184565955,0.2960653462016737,0.17500000000000004,0.7439665145315746,0.007159943234148647,0.0025000000000000577,0.005527844085014685,0.40546786875703766,0.12203120165315302,0.11351723918976529,0.0,0.7879814017336969,0.6419277182435474,0.2976460203214391,0.29892193644697584,0.40137542274840177,neutral,01,15,15,male,normal,1743
100,3.336666666666667,True,1.0,0.5381060096628819,0.4938271604938273,0.5159665850783546,0.6582079669034672,-0.07194444444444448,-0.06791666666666668,0.39249409545197045,0.302775664775595,0.1756944444444445,0.7838959888402965,0.04427884916905461,0.004027777777777797,0.0039238492366588116,0.4050000000000003,0.12389412274863865,0.1114810482490351,0.0,0.9999999987499999,0.6420925655652887,0.2953961807768786,0.3007707710014386,0.39656146370056977,neutral,01,15,15,male,normal,1743
0,0.0,True,1.0,0.4427496541047529,0.43697293418466615,0.43986129414470954,0.5470226825658758,-0.06731481481481483,-0.06699074074074074,0.39474903406871104,0.30008242979424626,0.1618074416094775,0.8041006491385094,0.00577671992008677,0.0003240740740740877,0.01896759229305708,0.4806210668027792,0.12464439840936534,0.11064154606556346,0.0,0.6330066094172929,0.6513088057097839,0.2940904022697124,0.2941301200290837,0.393644670033875,calm,02,15,15,male,normal,1744
10,0.33366666666666667,True,1.0,0.44291055642362914,0.4080145719489978,0.42546256418631345,0.5339601955702691,-0.06750000000000006,-0.0666666666666666,0.39370478586494445,0.2936490738732458,0.15902825752937397,0.7968057688867983,0.034895984474631325,0.0008333333333334636,0.013121592846259456,0.5068167980499658,0.1244029209690831,0.11091298853050777,0.0,0.7625967867928762,0.6505559166166466,0.29466422129007597,0.2954460424350101,0.39763105223479905,calm,02,15,15,male,normal,1744
20,0.6673333333333333,True,1.0,0.41320383572153185,0.3614178876019608,0.38731086166174633,0.5833337746316429,-0.07171296296296287,-0.07069444444444445,0.39995642487621486,0.2850148049642949,0.1631963144470284,0.6639609748403837,0.051785948119571046,0.0010185185185184187,0.013176612621852761,0.4862870600288382,0.12452745507901943,0.1107731497336347,0.0,0.6838846911199558,0.6521021105551595,0.29589252442966374,0.2935091937464845,0.39538350975346165,calm,02,15,15,male,normal,1744
30,1.0010000000000001,True,1.0,0.47250394289000347,0.46556260581552594,0.4690332743527647,0.8299943352229288,-0.07791666666666669,-0.0834259259259259,0.40388092300828504,0.39548307984575337,0.1743059932573217,0.5651041874000101,0.006941337074477527,0.005509259259259214,0.017352677343764285,0.3339327879586963,0.1214750415068141,0.11411219067607546,0.0,0.6481831420438495,0.6514369261845363,0.29697897324936784,0.2972373519279974,0.4100002677463958,calm,02,15,15,male,normal,1744
40,1.3346666666666667,True,1.0,0.4188145185898198,0.42203480402711113,0.42042466130846545,0.753973328230834,-0.09268518518518515,-0.09550925925925913,0.38932908243497955,0.3904307778174908,0.18889050451846834,0.5576121138064312,0.003220285437291359,0.002824074074073979,0.013197930101615388,0.3515447659190731,0.12683357030986533,0.10794868811388557,0.0,0.6486894394796444,0.5829097340186075,0.2796813416161842,0.3353207442646613,0.37289920031041235,calm,02,15,15,male,normal,1744
50,1.6683333333333334,True,1.0,0.48692193842742976,0.4720401430860065,0.47948104075671816,0.8431446809893652,-0.08879629629629632,-0.09060185185185193,0.40788618971480595,0.3576457906745702,0.1923626975779445,0.5686818070109677,0.014881795341423254,0.0018055555555556158,0.011259503041175803,0.332683191480322,0.1223330169950264,0.11319191986702305,0.0,0.6144049955024223,0.644167607464861,0.29905687861284197,0.30853593009251656,0.40828979318825953,calm,02,15,15,male,normal,1744
60,2.0020000000000002,True,1.0,0.49591311251451436,0.5019180920111814,0.4989156022628479,0.7994519962128493,-0.0925462962962963,-0.09273148148148153,0.4096481218183003,0.27281798162590226,0.20555704018912993,0.6240719950995214,0.006004979496667062,0.00018518518518523264,0.0003609670899909498,0.36605683794870925,0.12063893930841323,0.11499575684592668,0.0,0.6709865985368425,0.6425129089760905,0.29803216922844666,0.31084801555272373,0.4037143545258174,calm,02,15,15,male,normal,1744
70,2.3356666666666666,True,1.0,0.4297645609610174,0.4438663162707875,0.43681543861590244,0.6921540549988259,-0.10101851851851851,-0.09874999999999995,0.38609104983949616,0.3256997455470737,0.2056182719829848,0.6310956866627667,0.014101755309770092,0.0022685185185185586,0.004275655074171241,0.39751849508429155,0.12280902002716099,0.11267529618413653,0.0,0.6508600704393388,0.6472125470813325,0.2962660452031722,0.3157815040512723,0.41005899928463957,calm,02,15,15,male,normal,1744
80,2.6693333333333333,True,1.0,0.4811539258640729,0.4577647372071758,0.46945933153562436,0.74652310870579,-0.09421296296296294,-0.09356481481481477,0.42596608803522273,0.32429543180939696,0.19584735793088182,0.628861084219486,0.023389188656897097,0.0006481481481481755,0.00024302763028196883,0.3599892882787174,0.12159248460918907,0.11398704073987655,0.0,0.7170433368548236,0.6481600725680898,0.29678323359136677,0.31557627305870717,0.42048651033743845,calm,02,15,15,male,normal,1744
90,3.003,True,1.0,0.4520280919739802,0.4790866978153492,0.4655573948946647,0.6662098891778442,-0.09162037037037035,-0.09046296296296291,0.42372713161282494,0.2899246739940619,0.19098220953209083,0.6988148967125052,0.027058605841368988,0.0011574074074074403,0.0032350259174365958,0.39583333333333326,0.12233362422088878,0.11319126359899191,0.0,0.7071067807446058,0.6479217601650036,0.29667502110951044,0.3096070115562126,0.40809260406015274,calm,02,15,15,male,normal,1744
100,3.336666666666667,True,1.0,0.48094971785764074,0.5009690086514629,0.4909593632545518,0.5885019248578863,-0.09092592592592585,-0.08874999999999994,0.4262172440943603,0.22680287742258048,0.19098220953209083,0.8342527738938331,0.020019290793822142,0.0021759259259259145,0.0054479577657862875,0.45699987138638626,0.12271487988525201,0.11277781707745127,0.0,0.9999999987499999,0.645132938972464,0.29639917249832504,0.3062525875065505,0.4017268546236379,calm,02,15,15,male,normal,1744
0,0.0,True,1.0,0.515978467900038,0.48081420497033694,0.49839633643518744,0.5222141376358921,-0.07476851851851862,-0.06972222222222219,0.4011767096401543,0.18275687862252857,0.18752603985846872,0.9543907384267116,0.03516426292970104,0.0050462962962964375,0.010232364846938404,0.4927732901264332,0.12421219626628546,0.11112654079513118,0.0,0.6677731120065056,0.6448564210215336,0.2966892259913859,0.30020872006820887,0.40207848017812325,calm,02,15,15,male,normal,1745
10,0.33366666666666667,True,1.0,0.5055442121680824,0.48067022760313266,0.4931072198856076,0.5395476240912213,-0.07351851851851854,-0.07,0.3957678368929836,0.2039561273833755,0.18195492727998097,0.9139271453862208,0.02487398456494977,0.003518518518518532,0.008553093694656667,0.48075671948350274,0.12052039148562751,0.11495437816137387,0.0,0.7059751581492167,0.6483564180594114,0.2954952011914014,0.2950695913032021,0.40514948379266413,calm,02,15,15,male,normal,1745
20,0.6673333333333333,True,1.0,0.46742514384054595,0.4729239031420888,0.4701745234913174,0.5570178798005903,-0.07597222222222222,-0.0722222222222223,0.3929080076129102,0.23872194848596637,0.17987171536233554,0.8440923362453601,0.005498759301542866,0.00374999999999992,0.004243929079155153,0.4821428571428572,0.12320977078360178,0.11223693756345078,0.0,0.7071067807446058,0.6516760031590761,0.2946840178692133,0.29581540875056833,0.4033440265221034,calm,02,15,15,male,normal,1745
30,1.0010000000000001,True,1.0,0.5187865250104684,0.49317362839678847,0.5059800767036284,0.8815290755858864,-0.0816203703703704,-0.08152777777777781,0.38793649173112016,0.3539344262360424,0.1833537234902846,0.5739800203043119,0.025612896613679936,9.259259259258856e-05,0.000684336968752806,0.2982846215100165,0.1218725997170233,0.11368749802974501,0.0,0.9999999987499999,0.6481656857743099,0.2969229762350732,0.29878760544909394,0.4081310214432927,calm,02,15,15,male,normal,1745
40,1.3346666666666667,True,1.0,0.48115392586407524,0.43583083471740863,0.4584923802907419,0.8342235000167105,-0.09152777777777776,-0.09037037037037038,0.3811488041894235,0.36923076923076903,0.19515804560261085,0.549603769591192,0.045323091146666605,0.0011574074074073848,0.00019639746475486275,0.31351126111074784,0.12048077895372192,0.11516145046223196,0.0,0.7071067807446058,0.6458820995742046,0.29613485785946864,0.3035259163401197,0.4081008075542069,calm,02,15,15,male,normal,1745
50,1.6683333333333334,True,1.0,0.4522676450814195,0.450028862668672,0.45114825387504576,0.8248294327145984,-0.0905555555555555,-0.08828703703703711,0.40574683302005654,0.34895323231220027,0.19238649301055735,0.5469594512289292,0.0022387824127474976,0.002268518518518392,0.004828306292725739,0.32919350492648225,0.1207682415076237,0.11485995652605699,0.0,0.9999999987499999,0.6477680686337035,0.2975305662684818,0.3046864245022591,0.40761515980588536,calm,02,15,15,male,normal,1745
60,2.0020000000000002,True,1.0,0.4229047553526182,0.40787152279034705,0.41538813907148264,0.7459535249207998,-0.09236111111111112,-0.09194444444444433,0.41320753770627183,0.2735042735042734,0.20278116394652987,0.5568552533022559,0.015033232562271126,0.0004166666666667873,0.0019380633170178044,0.3656089335541766,0.1209242067640232,0.11469574529366991,0.0,0.7071067807446058,0.6459481087903913,0.2977008370462729,0.30696960416008356,0.4087394755989445,calm,02,15,15,male,normal,1745
70,2.3356666666666666,True,1.0,0.4597988815763311,0.458028807909909,0.45891384474312,0.6847142951579656,-0.09583333333333333,-0.09407407407407403,0.39450998159812645,0.28310302588262054,0.20487935877564536,0.6702267617141647,0.0017700736664220673,0.0017592592592592937,0.007553207833211168,0.38942307692307726,0.12048394227890076,0.11515814093188162,0.0,0.7071067807446058,0.647307107514881,0.2980233513511176,0.3077581990567362,0.40316865462955603,calm,02,15,15,male,normal,1745
80,2.6693333333333333,True,1.0,0.47441224705102697,0.4801948559116289,0.47730355148132797,0.6550963217031901,-0.08851851851851861,-0.08680555555555564,0.437245951125607,0.2203390578237891,0.20209277153915417,0.728600567074446,0.0057826088606019455,0.0017129629629629717,0.011782619181595828,0.3992569417155779,0.12146101577410744,0.11412711955203672,0.0,0.728073922265965,0.6422151045887106,0.2993358307640644,0.31995205467837873,0.41567929325466996,calm,02,15,15,male,normal,1745
90,3.003,True,1.0,0.4817872122513954,0.5015859578779734,0.49168658506468443,0.6563545844805131,-0.08546296296296296,-0.08398148148148143,0.42999532559572723,0.23700407533939566,0.19444483681291028,0.7491173166008143,0.019798745626578018,0.001481481481481528,0.008680658494526287,0.4166440628927249,0.12192639319975783,0.11362980423925757,0.0,0.7523843388915659,0.6457407252119599,0.2996581061653174,0.31377648467025604,0.4138117243644227,calm,02,15,15,male,normal,1745
100,3.336666666666667,True,1.0,0.5102058792603226,0.4931736283967891,0.5016897538285559,0.666463538488073,-0.08791666666666664,-0.08458333333333334,0.42195187539660617,0.23449643020876576,0.19237102631416939,0.7527639921107763,0.017032250863533493,0.0033333333333332993,0.011248016520758384,0.4062500000000001,0.12063639691266301,0.1148326328287494,0.0,0.6470624176255817,0.6458116651269883,0.2997787855614327,0.3095945859601792,0.41272359526602503,calm,02,15,15,male,normal,1745
0,0.0,True,1.0,0.2481614738643525,0.2263292767863009,0.2372453753253267,0.5239949238724677,-0.08907407407407403,-0.08486111111111105,0.4065341325756508,0.23643673394245507,0.1771044430585666,0.4527627358906793,0.02183219707805159,0.004212962962962974,0.00517825813097762,0.4939024390243893,0.12438275154395721,0.1109356069473719,0.0,0.6608796214611962,0.6466316996486094,0.29453557707422756,0.29596246012855004,0.392094716795559,calm,02,15,15,male,normal,1746
10,0.33366666666666667,True,1.0,0.4221859334494716,0.4140883832348813,0.41813715834217646,0.5190668249045397,-0.07638888888888895,-0.07500000000000001,0.4050011951660717,0.22706928508655755,0.17363923383335514,0.805555543679901,0.008097550214590299,0.0013888888888889395,0.0064552989280443245,0.5061999509654032,0.12703950240735884,0.10788300421576141,0.0,0.6761272937888788,0.5847579176826981,0.27718870729211387,0.30825072681258675,0.3561897227891057,calm,02,15,15,male,normal,1746
20,0.6673333333333333,True,1.0,0.39828038372610125,0.39327564076620025,0.3957780122461507,0.5094653495758333,-0.07763888888888892,-0.07620370370370366,0.403820456519218,0.22858247238956864,0.17293828499713917,0.7768497162283254,0.0050047429599009985,0.0014351851851852615,0.0027234931702547088,0.49033361717508084,0.1287244493096093,0.10586686885310943,0.0,0.8757699553139371,0.5859874075176946,0.2765600646806167,0.309970075967247,0.3575577598372762,calm,02,15,15,male,normal,1746
30,1.0010000000000001,True,1.0,0.3913702374427265,0.4009493119796807,0.39615977471120356,0.7980736775623043,-0.08907407407407403,-0.08935185185185185,0.3888566535652546,0.392255675853338,0.18682556675428655,0.4963949893965473,0.009579074536954224,0.0002777777777778212,0.006496023804402641,0.3341014342944314,0.12188998683407308,0.11366885624246716,0.0,0.7254958277528504,0.6456844064422644,0.29556405298296523,0.2988624731390153,0.40476778152624915,calm,02,15,15,male,normal,1746
40,1.3346666666666667,True,1.0,0.2295650590390901,0.21664415590701946,0.22310460747305477,0.7333622611790008,-0.0973148148148148,-0.09611111111111115,0.4076141459922267,0.321634453629787,0.18959782024548774,0.3042215549984496,0.012920903132070644,0.0012037037037036513,0.0016341069192253336,0.3655350115636922,0.12589660950096976,0.1090399813788385,0.0,0.9999999987499999,0.5751315761148209,0.27932819091456135,0.308686283645954,0.34539061687278527,calm,02,15,15,male,normal,1746
50,1.6683333333333334,True,1.0,0.4295972911639878,0.4085209868617392,0.4190591390128635,0.8271896444329043,-0.0893518518518519,-0.09078703703703694,0.4245686405188547,0.34567901234567994,0.1868316922029551,0.5066058815329555,0.021076304302248605,0.0014351851851850395,0.0005524703846413213,0.3274138344889567,0.12878379468313225,0.1057946690428519,0.0,0.7521438448586968,0.5779444217687075,0.27974535550363444,0.32077258612396475,0.3675710222021266,calm,02,15,15,male,normal,1746
60,2.0020000000000002,True,1.0,0.4444035054811625,0.45675013919557056,0.4505768223383665,0.624247036361422,-0.09722222222222227,-0.0952777777777778,0.38734720546350504,0.34602411795907834,0.20003089666134238,0.721792489339901,0.012346633714408084,0.0019444444444444708,0.011100971773393014,0.45241182878557795,0.12035732949350471,0.11529046364259625,0.0,0.7664207260662583,0.6465832341608518,0.2965853916881549,0.3156606567500419,0.41928911891779735,calm,02,15,15,male,normal,1746
70,2.3356666666666666,True,1.0,0.19589785104076804,0.16667377937626204,0.18128581520851506,0.7320630716934478,-0.08356481481481481,-0.08319444444444446,0.40591871062290924,0.3398692810457516,0.17500697530741452,0.24763688023376856,0.029224071664505996,0.00037037037037035425,0.0012133884244037159,0.37206176974464844,0.1254154076784841,0.10976681323331677,0.0,0.6936871159914865,0.5772206174579207,0.2812465383301695,0.326354223481623,0.3578379609732216,calm,02,15,15,male,normal,1746
80,2.6693333333333333,True,1.0,0.46000066945442014,0.45579317290980226,0.4578969211821112,0.8175182481751825,-0.09995370370370377,-0.0968518518518518,0.40345906070190124,0.37631792376317885,0.19793555454007014,0.5601060553745467,0.004207496544617884,0.0031018518518519667,0.012659175586865608,0.34821428571428487,0.12317132904276498,0.11227912304690324,0.0,0.8054785902106899,0.6460595365411791,0.2993551592084576,0.319955283346348,0.4238931640416663,calm,02,15,15,male,normal,1746
90,3.003,True,1.0,0.4444035054811626,0.4420000668344273,0.44320178615779493,0.7419460851712623,-0.09333333333333327,-0.09333333333333332,0.4118901848341599,0.33253397282174246,0.19305911224772535,0.5973503938031984,0.002403438646735312,5.551115123125783e-17,0.013356771606867332,0.36886818702146246,0.12685244946595742,0.10810288541524717,0.0,0.7025079434930879,0.5739215830394657,0.2812649274886112,0.3344237899424541,0.3716676096031562,calm,02,15,15,male,normal,1746
100,3.336666666666667,True,1.0,0.4300819154920506,0.4142741474898671,0.42217803149095884,0.696174019949731,-0.09180555555555553,-0.09212962962962956,0.42165282766764894,0.3045607698089205,0.1888892927975793,0.6064260075683997,0.01580776800218353,0.0003240740740740322,0.005612722188309912,0.3620295284842181,0.12724411363815374,0.10764159658445262,0.0,0.6470695025748197,0.5749949737004176,0.280906288656206,0.32565779339019696,0.3624644035666738,calm,02,15,15,male,normal,1746
110,3.6703333333333332,True,1.0,0.4515982829731437,0.42935105214868896,0.44047466756091636,0.6730537762612141,-0.090324074074074,-0.09064814814814809,0.4116240578424247,0.31746031746031733,0.18680555555555556,0.6544420120599203,0.022247230824454733,0.0003240740740740877,0.0057173098907983885,0.393119561500188,0.1287508683784611,0.1058347375047245,0.0,0.6284941375582219,0.5743401409235569,0.27943470961446065,0.3218776038719793,0.3572910193988794,calm,02,15,15,male,normal,1746
0,0.0,True,1.0,0.3888991958334036,0.3787098762933775,0.38380453606339054,0.5483198049371777,-0.07824074074074072,-0.0786574074074074,0.4062445291796199,0.28718938069254424,0.16945164844089422,0.6999647516057969,0.01018931954002611,0.0004166666666666763,0.012649650453683287,0.4693122087444212,0.12794051357466607,0.10681293347235618,0.0,0.7921834077952656,0.5927032211947277,0.27797106898829205,0.30309468542625834,0.3479791371140423,calm,02,15,15,male,normal,1747
10,0.33366666666666667,True,1.0,0.42013254318412996,0.39344262295081933,0.40678758306747465,0.550940793750735,-0.0798611111111111,-0.0786574074074074,0.39574602491035143,0.3023455575461345,0.16805964133039802,0.7383508131574654,0.026689920233310627,0.0012037037037037068,0.014104881365566091,0.4534004027273659,0.12842202747094994,0.10623351933787922,0.0,0.8029674816761694,0.5906821014812175,0.2765365462530408,0.30843561608277864,0.35301162901322386,calm,02,15,15,male,normal,1747
20,0.6673333333333333,True,1.0,0.390123075813836,0.39327564076619964,0.3916993582900178,0.5559955021612335,-0.08004629629629628,-0.07898148148148149,0.391098967012618,0.3050907713868608,0.1680573714677488,0.7045009478807414,0.0031525649523636567,0.0010648148148147962,0.015108849574001094,0.4670566790225782,0.13003263120501818,0.10425589955932688,0.0,0.6421744229762886,0.5866272517835259,0.2787245270471853,0.3053800482230223,0.3504488334611226,calm,02,15,15,male,normal,1747
30,1.0010000000000001,True,1.0,0.43392988113053776,0.40882862902948486,0.4213792550800113,0.8452529773442504,-0.08810185185185188,-0.09004629629629635,0.37546538104584437,0.422607917443179,0.180559358475242,0.49852442567427246,0.025101252101052907,0.0019444444444444708,0.014941874164533332,0.31917140665449795,0.12066448628622561,0.11496895023935892,0.0,0.7071067807446058,0.642269528928759,0.3024824761167117,0.2994513441643166,0.39014211302306484,calm,02,15,15,male,normal,1747
40,1.3346666666666667,True,1.0,0.4396459832683873,0.40011798887445155,0.4198819860714194,0.7875492151758818,-0.09282407407407411,-0.09430555555555559,0.39477776961451416,0.4137782404577552,0.1777794943832596,0.5331501549114591,0.03952799439393573,0.0014814814814814725,0.018190153584125717,0.3341014342944308,0.12311010926889333,0.11217653416951696,0.0,0.9999999987499999,0.6459144899053372,0.30052644888156643,0.3071655520541221,0.3963169833934544,calm,02,15,15,male,normal,1747
50,1.6683333333333334,True,1.0,0.23754367470365698,0.2254095732802309,0.23147662399194394,0.8202890994403749,-0.10203703703703704,-0.10101851851851851,0.4218142985049977,0.3977014833661794,0.17848290899188052,0.28218907718006253,0.01213410142342608,0.0010185185185185297,0.012226059199399194,0.32420608960578956,0.1259385658978188,0.1091661824479649,0.0,0.660551493851067,0.6430739352694202,0.30133154719123767,0.310772972952929,0.39794202742871526,calm,02,15,15,male,normal,1747
60,2.0020000000000002,True,1.0,0.45745558313293827,0.43721572907044515,0.4473356561016917,0.8617863184805151,-0.09231481481481485,-0.09342592592592586,0.4100923637677156,0.38652328641497036,0.18682556675428658,0.5190795519827064,0.020239854062493123,0.0011111111111110072,0.012338793525472654,0.31467127870560246,0.12186982985656838,0.11369046723764607,0.0,0.7120652993159622,0.6357002409010479,0.30255683450282145,0.3068355158226286,0.398188118580593,calm,02,15,15,male,normal,1747
70,2.3356666666666666,True,1.0,0.488361123001596,0.4656560516006964,0.4770085873011462,0.6981020981152506,-0.09439814814814812,-0.09620370370370362,0.3906282941238979,0.3356063739370543,0.1909758177139437,0.6832934445964037,0.022705071400899612,0.0018055555555555047,0.005973043319447938,0.3466673407427073,0.12339113286462765,0.11186734176200369,0.0,0.9999999987499999,0.6376395296321654,0.30107049215361936,0.30834492639175765,0.3889212479002745,calm,02,15,15,male,normal,1747
80,2.6693333333333333,True,1.0,0.46481722582489593,0.46499976723390996,0.4649084965294029,0.7257232196683593,-0.09365740740740741,-0.09495370370370376,0.42635615108342645,0.3505452851976205,0.1861258682802443,0.6406140577145328,0.00018254140901402538,0.001296296296296351,0.0016903853970079913,0.36266790828024115,0.1244033480839521,0.11091250946566623,0.0,0.6244537471063604,0.6378294244260204,0.30137938389889113,0.3161220644859974,0.40515295487333586,calm,02,15,15,male,normal,1747
90,3.003,True,1.0,0.4500136735143844,0.451778049862303,0.4508958616883437,0.7059909526170337,-0.08916666666666662,-0.09138888888888885,0.4245291437055889,0.3282078829422554,0.18194821833481406,0.6386708781704928,0.0017643763479185948,0.0022222222222222365,0.011084481102340752,0.3766196152959542,0.12707603592174782,0.10783996877336469,0.0,0.6945101332666799,0.5880221459677621,0.2787881261051184,0.31016888787379643,0.35801462358960356,calm,02,15,15,male,normal,1747
100,3.336666666666667,True,1.0,0.46481722582489593,0.44441030960511874,0.45461376771500733,0.6544720455810376,-0.08819444444444446,-0.08921296296296294,0.4312969693537694,0.31509907533935533,0.17986153529316404,0.6946267159682934,0.020406916219777194,0.0010185185185184742,0.012088076628710833,0.39754071691126985,0.12486880957378253,0.11038821570309881,0.0,0.6771395700159035,0.6369966206638905,0.30153078885036105,0.31131605154179426,0.3982140684162222,calm,02,15,15,male,normal,1747
0,0.0,True,1.0,0.43751779716734934,0.41576167217398285,0.42663973467066607,0.5438067211194882,-0.07398148148148154,-0.07055555555555554,0.39194547437653265,0.2652466094288527,0.17293828499713912,0.7845429600288489,0.021756124993366488,0.003425925925925999,0.008066861912990208,0.48075671948350174,0.12445518009083766,0.11085434551229084,0.0,0.8596117152904473,0.6401269193614947,0.2949488997554778,0.3027907092141724,0.4038175474061077,calm,02,15,15,male,strong,1748
10,0.33366666666666667,True,1.0,0.47566952484524244,0.45845499572433274,0.4670622602847876,0.5174212154860302,-0.07333333333333336,-0.0698611111111111,0.39286300702130794,0.23215204096035913,0.17294490231316761,0.9026731921806902,0.017214529120909705,0.0034722222222222654,0.00023145897501957607,0.5047551941508187,0.12309091015751773,0.11236727996513432,0.0,0.6789807908564867,0.641943519829807,0.29399252184007907,0.3029095154614503,0.4045728851369052,calm,02,15,15,male,strong,1748
20,0.6673333333333333,True,1.0,0.5131285755987894,0.45078177860605684,0.48195517710242314,0.5438067211194879,-0.07263888888888892,-0.06824074074074066,0.39301473828947425,0.23872194848596742,0.17157225107354976,0.8862618985478217,0.0623467969927326,0.004398148148148262,0.002579279003732099,0.4664195207889111,0.12397849085632881,0.11138721459514049,0.0,0.6636464350923035,0.6434615858687226,0.2938127287732539,0.305669585315992,0.40792220640341353,calm,02,15,15,male,strong,1748
30,1.0010000000000001,True,1.0,0.4141526352005044,0.43008191549205116,0.42211727534627774,0.8090021587580003,-0.07800925925925922,-0.07847222222222217,0.3931001854831765,0.34482059225750805,0.17855598934648134,0.5217752150307268,0.015929280291546777,0.0004629629629629428,0.01238505862275886,0.3319672131147541,0.12192722725550971,0.11362890927902133,0.0,0.6547652019450818,0.6446716999299721,0.29402040795583084,0.298781080201139,0.4053001942150008,calm,02,15,15,male,strong,1748
40,1.3346666666666667,True,1.0,0.4295972911639878,0.41618178987750276,0.4228895405207453,0.7541403615352849,-0.08472222222222214,-0.08777777777777779,0.3848745510924302,0.3568699925122331,0.1848031563834302,0.5607570713491895,0.013415501286485054,0.0030555555555556446,0.011151766220050699,0.3515625000000002,0.12258281190115931,0.11292135314636097,0.0,0.9999999987499999,0.6415245002063326,0.2935584521466157,0.29908615728592003,0.4041563101353672,calm,02,15,15,male,strong,1748
50,1.6683333333333334,True,1.0,0.42920022579046185,0.43596980348423947,0.43258501463735066,0.8380581102746614,-0.08773148148148141,-0.08953703703703708,0.40556606091099107,0.39996775396268386,0.17991242987878595,0.5161754409793579,0.0067695776937776175,0.0018055555555556713,0.001299404994867289,0.31569323433527513,0.12530789579803064,0.10988953099020762,0.0,0.6454890711291642,0.6323400089176295,0.29906631296222913,0.31427745272862545,0.4009844105305895,calm,02,15,15,male,strong,1748
60,2.0020000000000002,True,1.0,0.4821882240050877,0.4724836909942744,0.47733595749968105,0.9150622223288857,-0.08865740740740735,-0.08939814814814812,0.39761247401593497,0.3790849673202613,0.1882272789446145,0.5216431690129593,0.00970453301081331,0.000740740740740764,0.0029905715153624637,0.3056812597893175,0.1224452348870126,0.11307051880800366,0.0,0.9696366322269118,0.6463377313347215,0.29576344814586353,0.3025903989838499,0.4076648894195366,calm,02,15,15,male,strong,1748
70,2.3356666666666666,True,1.0,0.4682731504113461,0.4368433689245586,0.4525582596679524,0.724217042955541,-0.09495370370370365,-0.09439814814814812,0.3946857578553302,0.3226057736801952,0.20080427767170406,0.6248931367605699,0.03142978148678749,0.0005555555555555314,0.006460677287494489,0.36818181818181805,0.12112116978624365,0.11448772859825594,0.0,0.7247216608403202,0.641381315518395,0.2954544455791015,0.3040644380199451,0.406286612601123,calm,02,15,15,male,strong,1748
80,2.6693333333333333,True,1.0,0.4524596748732006,0.43003885953235305,0.4412492672027768,0.7565344259835067,-0.09439814814814812,-0.09430555555555559,0.41088008514396834,0.32781717888100864,0.19655922022996586,0.5832507445105961,0.022420815340847555,9.259259259253305e-05,0.002711369576618415,0.34685975747447567,0.12319851132220686,0.11224929656033518,0.0,0.6926470684271537,0.6422523864623975,0.29581616075957406,0.31132934001135015,0.415126449744436,calm,02,15,15,male,strong,1748
90,3.003,True,1.0,0.46682381759451963,0.4648687091874967,0.46584626339100815,0.7184827175744496,-0.09097222222222218,-0.08884259259259258,0.41213900934217584,0.2898999633045609,0.19308084616518592,0.6483750436804862,0.001955108407022954,0.0021296296296295925,0.006214607199310574,0.37539187991343664,0.12369675379657274,0.11170000389692375,0.0,0.7021642074982255,0.6401690279705632,0.2967364223797843,0.31136500896014657,0.4145107339000279,calm,02,15,15,male,strong,1748
100,3.336666666666667,True,1.0,0.45919510754788356,0.44386631627078815,0.45153071190933586,0.7181975249157045,-0.08708333333333329,-0.08374999999999994,0.4086408396589593,0.27088587652672425,0.19306978193111088,0.6286998997418327,0.01532879127709541,0.003333333333333355,0.006137634365085504,0.3864457348112113,0.12225900991889695,0.11327185115370678,0.0,0.7071067807446058,0.6380316668073479,0.2974102914565985,0.31162590475147744,0.4122797508561111,calm,02,15,15,male,strong,1748
0,0.0,True,1.0,0.45193112992447193,0.4517304189435337,0.4518307744340028,0.5252595197128963,-0.07125000000000004,-0.06856481481481486,0.3905679616115489,0.30300282383114147,0.16736156697472784,0.8602048272841791,0.00020071098093821238,0.0026851851851851793,0.0037110699579669167,0.5047551941508197,0.12980835028459214,0.1045350179001351,0.0,0.6471021958427444,0.5927875920368146,0.2750409129602167,0.3034600077926364,0.3535925297360512,calm,02,15,15,male,strong,1749
10,0.33366666666666667,True,1.0,0.45875709999311376,0.44426184840620414,0.4515094741996589,0.5610029819425059,-0.07356481481481492,-0.07064814814814813,0.39140525750094246,0.34057841015166435,0.16180555555555554,0.8048254443074095,0.014495251586909619,0.0029166666666667895,0.011587933695595356,0.4687079661336955,0.12251344943415893,0.11248964679177084,0.0,0.8015134508660099,0.6387991154821304,0.29992268732116245,0.3000734795742224,0.38655462355962145,calm,02,15,15,male,strong,1749
20,0.6673333333333333,True,1.0,0.42748836901095477,0.4294411645749383,0.42846476679294654,0.7238674233357785,-0.07569444444444445,-0.07277777777777772,0.3804334542246423,0.40964400300858966,0.16180602707109706,0.5919105529275845,0.0019527955639835337,0.002916666666666734,0.015687800928839993,0.3718573781339885,0.12481187832352536,0.1102799567109656,0.0,0.7071067807446058,0.6398012231376926,0.29879550801059956,0.3040890778035404,0.38712872172574186,calm,02,15,15,male,strong,1749
30,1.0010000000000001,True,1.0,0.42766075539551207,0.4150886071683556,0.42137468128193384,0.8954729661878861,-0.07819444444444446,-0.07865740740740745,0.3773158394159637,0.45460771442802556,0.16806690468486665,0.4705610299725363,0.012572148227156466,0.0004629629629629983,0.009110308828136987,0.31152679678341094,0.1226222876208886,0.11270957546390248,0.0,0.6641924174546665,0.6391574764280713,0.29927766794051686,0.30668793609463807,0.3951816613000461,calm,02,15,15,male,strong,1749
40,1.3346666666666667,True,1.0,0.41442248353618466,0.41577060931899645,0.41509654642759053,0.7647073802153335,-0.08592592592592602,-0.08699074074074081,0.3793257789807097,0.3686796027077311,0.1923615077290461,0.5428174974729598,0.0013481257828117932,0.0010648148148147962,0.016001588033883723,0.35199796565642033,0.12142435306636318,0.11416612567806876,0.0,0.9208391945955521,0.6435479736972914,0.29360824451720524,0.2959103718057882,0.39857759011491706,calm,02,15,15,male,strong,1749
50,1.6683333333333334,True,1.0,0.2661996749367098,0.2467816919272427,0.25649068343197623,0.8046064629761136,-0.09009259259259267,-0.08851851851851855,0.3937061677565523,0.30492161140194834,0.19306187851855733,0.31877780658541727,0.01941798300946712,0.0015740740740741166,0.004659516595111206,0.33563023581446116,0.12328768759490494,0.11215134354001449,0.0,0.8750999968489915,0.638169247941364,0.2967341227345176,0.30288190803691223,0.3950342744680543,calm,02,15,15,male,strong,1749
60,2.0020000000000002,True,1.0,0.5495053234791227,0.5360534021212326,0.5427793628001777,0.543950252689391,-0.07810185185185181,-0.07476851851851851,0.39280433139825394,0.2188862100483389,0.20560899561060816,0.9978474320336754,0.013451921357890084,0.0033333333333332993,0.0043772818202916595,0.5212924055876054,0.12041665532005447,0.11522849860748767,0.0,0.6894889348933707,0.6426822797243898,0.2932275509993275,0.29681516477272624,0.4077052381945501,calm,02,15,15,male,strong,1749
70,2.3356666666666666,True,1.0,0.5304932390543358,0.5060276798407021,0.5182604594475189,0.6713132168717966,-0.09638888888888891,-0.09592592592592597,0.413190404855732,0.21754340700637195,0.21180699638057293,0.7720099149284189,0.024465559213633692,0.0004629629629629428,0.0061230800614089816,0.3962447812129663,0.11915034451268651,0.11637383393443387,0.0,0.9999999987499999,0.6421468724052122,0.29649134934480803,0.31353019567141227,0.4073918854747506,calm,02,15,15,male,strong,1749
80,2.6693333333333333,True,1.0,0.4959131125145156,0.5078656094194294,0.5018893609669725,0.7743534863472413,-0.0925462962962963,-0.09412037037037041,0.4046212448720179,0.2919693473112548,0.20904566173292538,0.6481398609496433,0.01195249690491379,0.0015740740740741166,0.00484968927917354,0.3411885245901634,0.12257660787557782,0.11292808761361169,0.0,0.6506296641595364,0.6348571721813725,0.29808459692975725,0.32369836062618584,0.4078599070856896,calm,02,15,15,male,strong,1749
90,3.003,True,1.0,0.5016270030635707,0.5222872885271422,0.5119571457953564,0.6818368211913436,-0.08763888888888893,-0.08625,0.41922137893640044,0.23742532166484281,0.2027871836624776,0.7508499539535518,0.02066028546357157,0.0013888888888889395,0.007731822569382184,0.3917410714285703,0.12234076436869641,0.11301509278124727,0.0,0.7071067807446058,0.6351805803727741,0.2973612439698976,0.3217968213141997,0.41036889586057307,calm,02,15,15,male,strong,1749
100,3.336666666666667,True,1.0,0.5009786245741794,0.4998072103263597,0.5003929174502696,0.6940124787126172,-0.0851851851851852,-0.08430555555555558,0.42276537789773455,0.26177663670739054,0.19791820860144962,0.7210142941211821,0.001171414247819691,0.0008796296296296191,0.011101750296247031,0.3749999999999995,0.12160883752837347,0.11396959421299169,0.0,0.9999999987499999,0.6385734540144182,0.2967926494513624,0.31481843380826335,0.41043312214252015,calm,02,15,15,male,strong,1749
110,3.6703333333333332,True,1.0,0.4801600258895315,0.46499976723390996,0.4725798965617207,0.686418339308836,-0.08333333333333337,-0.07856481481481481,0.4184065663361434,0.24513704067543743,0.19028780153576583,0.6884721306216379,0.015160258655621539,0.004768518518518561,0.014344228352160215,0.39212807927493504,0.12422667457141713,0.11111035548233474,0.0,0.7069973885243976,0.6408408360297243,0.2952951815045291,0.3143251513204417,0.41448871805475024,calm,02,15,15,male,strong,1749
0,0.0,True,1.0,0.4591951075478841,0.4276064436516137,0.4434007755997489,0.5617861863991422,-0.07458333333333333,-0.07018518518518518,0.4045083993138958,0.2488920824597866,0.17296078283869332,0.7892696302160731,0.03158866389627041,0.004398148148148151,0.019175997425016814,0.4750350995112178,0.12245376777852132,0.11306127775221228,0.0,0.7803103480398892,0.6444042607980693,0.2950097465384487,0.30059850357316864,0.39568032188359437,calm,02,15,15,male,strong,1750
10,0.33366666666666667,True,1.0,0.4893971564975065,0.4515386986574889,0.47046792757749767,0.5791741277449015,-0.07342592592592595,-0.07018518518518513,0.3867605340390754,0.2424242424242426,0.17917347976387138,0.8123082593646453,0.03785845784001757,0.0032407407407408217,0.008223868605824877,0.4583998609147536,0.12305288013248916,0.11240892518508823,0.0,0.8698191696841243,0.633297736844738,0.29906269464766994,0.3044803521290028,0.395614570221701,calm,02,15,15,male,strong,1750
20,0.6673333333333333,True,1.0,0.5368272014465163,0.4954462659380697,0.516136733692293,0.606060606060606,-0.07694444444444443,-0.07398148148148154,0.3858815058083826,0.2424242424242426,0.1854368277457809,0.8516256105922835,0.041380935508446626,0.0029629629629628895,0.000531800877063721,0.45054836273200993,0.1227853206331554,0.11270112158833925,0.0,0.6525508804507212,0.6367703217146233,0.298708768252769,0.30529854792953726,0.39637720370806234,calm,02,15,15,male,strong,1750
30,1.0010000000000001,True,1.0,0.45906990830465216,0.45001367351438554,0.45454179090951885,0.8682129209291557,-0.09351851851851861,-0.09268518518518531,0.3842587022900886,0.3798431529065053,0.19802804055192558,0.523537233727265,0.009056234790266626,0.0008333333333332971,0.006230797014209318,0.32557047147579643,0.12005799711297631,0.11543721735838101,0.0,0.8017405508628583,0.635716769567202,0.29935392138303285,0.31887766236552656,0.41039762030952204,calm,02,15,15,male,strong,1750
40,1.3346666666666667,True,1.0,0.42125151592644206,0.3927759669812746,0.4070137414538583,0.731813018119972,-0.09268518518518515,-0.09106481481481482,0.3954628008445559,0.31361832978470466,0.1972222222222222,0.5561717698046378,0.02847554894516746,0.0016203703703703276,0.001962069512841475,0.3716330382573056,0.12123265417272028,0.11436966963379101,0.0,0.9464945943671023,0.6392983972182622,0.2988698619463619,0.3166132469499453,0.4052819167042108,calm,02,15,15,male,strong,1750
50,1.6683333333333334,True,1.0,0.40749690266378125,0.40077520692117097,0.4041360547924761,0.8037101289600818,-0.09222222222222226,-0.09157407407407409,0.42294471880010853,0.29830360927121224,0.1980033818393895,0.5028380758562625,0.006721695742610279,0.0006481481481481755,0.0011490685251327167,0.33233808713914315,0.12156905141667315,0.11401203229306775,0.0,0.9999999987499999,0.6375209715057899,0.29987562908724597,0.3236610601784448,0.4135550630354518,calm,02,15,15,male,strong,1750
60,2.0020000000000002,True,1.0,0.4811539258640741,0.4303895422254756,0.45577173404477483,0.5202575463563708,-0.0954166666666667,-0.09444444444444444,0.41307447790386576,0.2981963985213349,0.21261629400533372,0.876050212508741,0.050764383638598476,0.0009722222222222632,0.0010478495748542321,0.5493222258319622,0.1195221087426327,0.11615611603131111,0.0,0.9229330858838979,0.6345629892347564,0.29998046238548376,0.32760435774226404,0.40603698559492496,calm,02,15,15,male,strong,1750
70,2.3356666666666666,True,1.0,0.44456173377286523,0.4302330099458394,0.43739737185935235,0.780757750288686,-0.0954166666666667,-0.09634259259259259,0.4115127518000082,0.2770316714410663,0.21534722852059365,0.5602216202114219,0.014328723827025824,0.0009259259259258856,0.0024682585455490253,0.37231000073806586,0.12068785113110657,0.11494442291573935,0.0,0.8958768506638434,0.6293552485838085,0.3036152583470349,0.3295888963697617,0.403206445066947,calm,02,15,15,male,strong,1750
80,2.6693333333333333,True,1.0,0.43724050977135137,0.41559979367031963,0.42642015172083547,0.646824572603644,-0.09365740740740741,-0.09398148148148155,0.4051245155706675,0.2409592047339464,0.2118491361770521,0.6592516267654751,0.021640716101031743,0.00032407407407414324,0.0018899562258164547,0.43012089796198255,0.12228528987474854,0.11324347950523364,0.0,0.7233759203994673,0.628442990915116,0.30132372573706506,0.33087087797977455,0.40670764328306547,calm,02,15,15,male,strong,1750
90,3.003,True,1.0,0.43697293418466665,0.4372157290704451,0.43709433162755584,0.7515137889751554,-0.09189814814814812,-0.09157407407407403,0.4239122880414445,0.31509907533935566,0.20348572033465115,0.5816185119152962,0.00024279488577844122,0.0003240740740740877,0.006211978951787164,0.38132681934914436,0.12093122137864919,0.11468834930340324,0.0,0.9118872386778549,0.629999655362145,0.30115159278087944,0.33088359822225494,0.4104418114150114,calm,02,15,15,male,strong,1750
100,3.336666666666667,True,1.0,0.43746573900820523,0.4307019884683202,0.4340838637382627,0.7063449549624167,-0.09009259259259261,-0.08800925925925929,0.4267881274589882,0.3052292012181956,0.19930708674523123,0.614549393591067,0.006763750539885038,0.002083333333333326,0.0013526180497343472,0.4007094419843761,0.12216522077897222,0.11337299767745174,0.0,0.6310773953832535,0.6310398414756527,0.30033994193510194,0.3269902363898381,0.4049226935858734,calm,02,15,15,male,strong,1750
110,3.6703333333333332,True,1.0,0.45887618992406226,0.45154445350320754,0.4552103217136349,0.6738867461468128,-0.08782407407407405,-0.08541666666666664,0.43207219518077644,0.2719059737983854,0.1965281659868687,0.6754997398546,0.0073317364208547176,0.0024074074074074137,0.004917283338213844,0.39510727488010083,0.12244527046461683,0.11307048028193845,0.0,0.6894889348933707,0.6314614695253102,0.29940622986348725,0.3205345271673683,0.3971336203804574,calm,02,15,15,male,strong,1750
0,0.0,True,1.0,0.45147601456497843,0.4372157290704451,0.4443458718177118,0.7541784050150885,-0.07462962962962966,-0.07287037037037036,0.38599470031492783,0.3838035768527789,0.16250046950052371,0.5891787259658038,0.014260285494533342,0.0017592592592592937,0.004667862220291004,0.35154476591907186,0.12350764936891973,0.11190906271418673,0.0,0.8197634210394572,0.6478522475630878,0.297383033344372,0.2980344335424185,0.3962387982143011,calm,02,15,15,male,strong,1751
10,0.33366666666666667,True,1.0,0.41335237397939556,0.41337362521158827,0.41336299959549194,0.7883566012723945,-0.07699074074074075,-0.07587962962962957,0.3888964967577087,0.4543071939535831,0.14931015441278164,0.5243350520923284,2.1251232192709413e-05,0.0011111111111111738,0.0049104537242482165,0.33411661806057336,0.1295320646245635,0.10487717580581916,0.0,0.6553871020132841,0.5820982833758503,0.2735408778525162,0.31281757641994956,0.35931786060473847,calm,02,15,15,male,strong,1751
20,0.6673333333333333,True,1.0,0.398429056277075,0.4055970666169233,0.4020130614469991,0.7635571478524494,-0.0759259259259259,-0.07435185185185189,0.39474041878112787,0.4212530988182195,0.15625781230469726,0.5265002921885875,0.007168010339848319,0.0015740740740740056,0.00409772231047611,0.339861266692345,0.12766543566303476,0.10714156199916616,0.0,0.7050485787376362,0.5801951055500326,0.27641243970641616,0.30975634066689833,0.3538302867994494,calm,02,15,15,male,strong,1751
30,1.0010000000000001,True,1.0,0.2758824373460562,0.2800160501072544,0.2779492437266553,0.7632265609073478,-0.08342592592592596,-0.08097222222222217,0.3948527607435376,0.34869918552641616,0.1715348942799473,0.36417658656457197,0.004133612761198169,0.002453703703703791,0.0030328934419055664,0.34912151283719867,0.120775121932497,0.1148527217442205,0.0,0.6728184075443482,0.6465646607236646,0.29806093684475804,0.29628507381267305,0.39377682364112265,calm,02,15,15,male,strong,1751
40,1.3346666666666667,True,1.0,0.429200225790463,0.45592568794400584,0.44256295686723446,0.7545963229416471,-0.09236111111111112,-0.0923148148148148,0.4039834605961377,0.37090327737809725,0.18474245908657996,0.5864896811874046,0.026725462153542823,4.629629629632204e-05,0.0016723601841276998,0.352754237288135,0.122352576117464,0.11317077753337482,0.0,0.6852997806557337,0.6454398908938574,0.2965642055339326,0.30290091507364997,0.40445349201916414,calm,02,15,15,male,strong,1751
50,1.6683333333333334,True,1.0,0.41425543338553233,0.4219200025800483,0.4180877179827903,0.77221245643954,-0.09731481481481491,-0.09606481481481477,0.4204106110739065,0.3309350049118402,0.1958333333333333,0.5414154025829604,0.007664569194515969,0.0012500000000001399,0.0020533255458116575,0.3574811680053233,0.12264358571034446,0.11285534393319854,0.0,0.6852665980523759,0.6417747291025785,0.29902055255795607,0.3213985635403227,0.41618519130714193,calm,02,15,15,male,strong,1751
60,2.0020000000000002,True,1.0,0.43697293418466665,0.4347776052030529,0.4358752696938598,0.5790720633217371,-0.09717592592592589,-0.096712962962963,0.3864968547333397,0.3568699925122331,0.19589916232072066,0.7527133448530464,0.002195328981613731,0.0004629629629628873,0.011970564822673821,0.4709302325581387,0.11908665693315486,0.11611130034352982,0.0,0.7071067807446058,0.6441769362041692,0.29853457795090854,0.3143438186774586,0.4088682059646301,calm,02,15,15,male,strong,1751
70,2.3356666666666666,True,1.0,0.4081704652703853,0.39095964244420023,0.3995650538572928,0.7136836462524826,-0.09625,-0.09550925925925924,0.3970031322332465,0.34384777455964377,0.1972257037743489,0.5598629812458069,0.01721082282618508,0.000740740740740764,0.00314054933523566,0.3992569417155779,0.12331809634203031,0.11211790617438383,0.0,0.6281226496246671,0.6465066890037264,0.2980687782935698,0.3126906139416882,0.4036418881940868,calm,02,15,15,male,strong,1751
80,2.6693333333333333,True,1.0,0.5193617846321519,0.5213402122140437,0.5203509984230978,0.7870801967581682,-0.0931481481481482,-0.08967592592592588,0.4067604835586119,0.3046636667595702,0.2021018318020688,0.6611156024078911,0.0019784275818918173,0.003472222222222321,0.007172993794143712,0.3447438765774361,0.12137156145160874,0.11422224757422536,0.0,0.6397408944103788,0.6401564001538116,0.29802358064566437,0.3190894775153378,0.41224564328038793,calm,02,15,15,male,strong,1751
90,3.003,True,1.0,0.47362333665549866,0.4639489530862754,0.468786144870887,0.7086044557119259,-0.08962962962962961,-0.08638888888888896,0.41537494882172243,0.292129717979985,0.19514514434912314,0.6615625136027454,0.009674383569223288,0.003240740740740655,0.009224764269444864,0.38484968207444975,0.1217117241247579,0.11385971184104068,0.0,0.7071067807446058,0.6431080265621874,0.29798109982304205,0.3165003900491885,0.4128336654260075,calm,02,15,15,male,strong,1751
100,3.336666666666667,True,1.0,0.5108549426557762,0.49206707145514045,0.5014610070554584,0.679154376279121,-0.08842592592592596,-0.08444444444444443,0.4143281579290088,0.2839506172839506,0.19236745689994247,0.7383608566329348,0.018787871200635797,0.00398148148148153,0.012451998233332956,0.38898007299026727,0.12385353943054087,0.1115261338927205,0.0,0.6764443983849598,0.6404409660973764,0.29770614881600266,0.31489526191190514,0.4077797172748027,calm,02,15,15,male,strong,1751
0,0.0,True,1.0,0.4370816672897079,0.40088715192026586,0.41898440960498684,0.48240217931487034,-0.06412037037037038,-0.06439814814814815,0.40829153999826195,0.1824462390768073,0.17085521526842076,0.8685375555310461,0.036194515369442015,0.0002777777777777657,0.0036682128400377973,0.5166531270797994,0.12897782961010879,0.10555802783205488,0.0,0.6880950853080418,0.5967122953634579,0.27718442500550977,0.3049464267306625,0.3578332352317373,happy,03,15,15,male,normal,1752
10,0.33366666666666667,True,1.0,0.47525736658573275,0.4672021569825858,0.4712297617841593,0.473569180074391,-0.06634259259259262,-0.06634259259259262,0.40449425060521205,0.17739365897251175,0.17086191325973668,0.9950600284210551,0.008055209603146929,0.0,0.012200360702736225,0.5625677371751707,0.12155604876013323,0.11402589521588478,0.0,0.9089666265743943,0.6459473362938926,0.30021387225616025,0.29661266537559655,0.38809080467025636,happy,03,15,15,male,normal,1752
20,0.6673333333333333,True,1.0,0.4672021569825851,0.42976456096101867,0.4484833589718019,0.45254819695416004,-0.0652314814814815,-0.06425925925925935,0.4116584983035233,0.18738747708489853,0.16948091152760256,0.991017889343685,0.03743759602156643,0.0009722222222221522,0.0053674716850840645,0.530852028438622,0.12259845934594259,0.11290436455766918,0.0,0.9228794244208365,0.6446590974671119,0.3010053743000278,0.29860761033621697,0.3913403575740727,happy,03,15,15,male,normal,1752
30,1.0010000000000001,True,1.0,0.4294650012675659,0.4225716997275249,0.42601835049754544,0.7239061950060768,-0.06648148148148147,-0.06574074074074082,0.42528970178886494,0.24319932808643488,0.17503530963534364,0.5884993849154299,0.00689330154004103,0.000740740740740653,0.003219339965561017,0.38916786591885366,0.12046406298943214,0.11517893599979302,0.0,0.9151458804705618,0.6409531685252227,0.30238466096149197,0.30515305658008246,0.40126467890302564,happy,03,15,15,male,normal,1752
40,1.3346666666666667,True,1.0,0.3986538510418182,0.38335007976611163,0.3910019654039649,0.690085905066248,-0.06712962962962965,-0.06648148148148159,0.42630170645192283,0.240188743126623,0.17301591223497842,0.5665989734516153,0.01530377127570659,0.0006481481481480644,0.00772749622224082,0.40318687666840697,0.12093502915117406,0.1146843341271463,0.0,0.8035695207501071,0.6451380553315076,0.300335261061892,0.3064882081782436,0.40669290587326223,happy,03,15,15,male,normal,1752
50,1.6683333333333334,True,1.0,0.39118731084671843,0.3852113362143487,0.38819932353053355,0.5432425462555707,-0.06574074074074077,-0.0639351851851852,0.4168051601827403,0.233401326274838,0.17782068794340952,0.7145966865192911,0.005975974632369707,0.0018055555555555602,0.0014142696991036566,0.5246012507359491,0.12213083854353896,0.11341003503580777,0.0,0.9167132001681632,0.6413732475333884,0.30086898049223804,0.30389630571663817,0.390439216494722,happy,03,15,15,male,normal,1752
60,2.0020000000000002,True,1.0,0.4745180675524622,0.4296084343719679,0.452063250962215,0.5621297373385301,-0.06782407407407404,-0.06481481481481488,0.45304000406680206,0.16976340431090403,0.17783956513626245,0.8041973603861665,0.04490963318049429,0.003009259259259156,0.005023756500701325,0.5041982661680341,0.12218242108083718,0.11335446064869875,0.0,0.7945063657685426,0.6400350647133854,0.30193017295436386,0.3137530507018601,0.40888924978595154,happy,03,15,15,male,normal,1752
70,2.3356666666666666,True,1.0,0.44301011476425717,0.41608371091144636,0.42954691283785174,0.6315493150709194,-0.06662037037037039,-0.06365740740740738,0.4748024287636031,0.18278130987645383,0.17571572102484903,0.6801478563706717,0.02692640385281081,0.0029629629629630005,0.0012797551986737537,0.4541977975493851,0.1198667397959965,0.11580044240210412,0.0,0.8449465745248068,0.6388753273027962,0.3026654199243226,0.31787672026779273,0.4143611136373749,happy,03,15,15,male,normal,1752
80,2.6693333333333333,True,1.0,0.4509674629811752,0.44455459993495133,0.44776103145806323,0.6882378343924831,-0.06541666666666668,-0.06351851851851847,0.4752461327342785,0.2109029146984211,0.1715562420152141,0.6505905503630267,0.006412863046223849,0.0018981481481482043,0.0035571851554589903,0.41763307781076575,0.12098089203727765,0.11463595217871064,0.0,0.7071067807446058,0.63644024198742,0.3034326892224393,0.3210659179627323,0.41925373256226084,happy,03,15,15,male,normal,1752
90,3.003,True,1.0,0.4219301816181392,0.4086632613883708,0.41529672150325503,0.6955103182532848,-0.06564814814814823,-0.06430555555555562,0.47927679145411334,0.22078812605788375,0.17293254978509282,0.5971107985086943,0.013266920229768442,0.0013425925925926174,0.0010008733911508277,0.41992621092844923,0.12274621508863429,0.11274371136247648,0.0,0.6745138422509429,0.6379305078828407,0.303819307613397,0.32488602294818164,0.42217836554579974,happy,03,15,15,male,normal,1752
100,3.336666666666667,True,1.0,0.4287638409985036,0.4229047553526183,0.42583429817556095,0.6762099522835723,-0.06435185185185188,-0.06282407407407409,0.48208184310083524,0.18541240627130223,0.17501569405074083,0.6297368099027697,0.005859085645885331,0.0015277777777777946,0.010141037382990405,0.4173387096774194,0.12755933084180987,0.10726786511331188,0.0,0.6820682789526344,0.584734792831195,0.2816757507650529,0.3324556505791562,0.3901467784626458,happy,03,15,15,male,normal,1752
0,0.0,True,1.0,0.4895668261324189,0.42867557149528807,0.4591211988138535,0.5142830955292207,-0.07013888888888897,-0.06671296296296297,0.40445485094393674,0.2121208040838146,0.16947325859287193,0.8927402102170924,0.060891254637130854,0.003425925925925999,0.018453863964351926,0.4946717545471594,0.12521738779625716,0.10999265231808024,0.0,0.6446196102039927,0.6368321471244748,0.298873132196605,0.31065646563031796,0.4023307959928257,happy,03,15,15,male,normal,1753
10,0.33366666666666667,True,1.0,0.46019750050798797,0.43549710340101766,0.44784730195450284,0.5164806161994161,-0.07027777777777783,-0.06754629629629633,0.41427698657665135,0.20147757922986656,0.17084449793611564,0.8671134751387968,0.024700397106970307,0.0027314814814815014,0.015692365075629305,0.4824727134188984,0.12217592680728483,0.11336146028885295,0.0,0.8695898741304481,0.6369264279930722,0.2987361912233437,0.30985663628352444,0.40056119215147656,happy,03,15,15,male,normal,1753
20,0.6673333333333333,True,1.0,0.46715926075300385,0.4503102152754007,0.4587347380142023,0.4760739974649839,-0.07092592592592606,-0.06777777777777777,0.406192386380753,0.18011529403268126,0.1757053001645301,0.9635786462963524,0.01684904547760313,0.0031481481481482887,0.02173277538856285,0.5347713548289039,0.1236532495331752,0.11174816173049629,0.0,0.7474266679995237,0.6345068351872,0.2987775662135963,0.3117008895358017,0.4032841978783039,happy,03,15,15,male,normal,1753
30,1.0010000000000001,True,1.0,0.3907557390385172,0.3904881043872086,0.3906219217128629,0.7452947622219932,-0.07333333333333336,-0.07171296296296298,0.4173784721285491,0.27316672792985514,0.1778395651362625,0.5241173580078273,0.0002676346513085792,0.0016203703703703831,0.014081964034082161,0.3669962027559481,0.1219490834213435,0.1136054524345324,0.0,0.6614540218090325,0.6375201195478192,0.2984587463289012,0.3112176528995718,0.4053325277199611,happy,03,15,15,male,normal,1753
40,1.3346666666666667,True,1.0,0.40712534339684425,0.38908113754288176,0.398103240469863,0.6982240829026958,-0.07203703703703707,-0.06925925925925935,0.4101325800670495,0.26658070841462306,0.1715282225678134,0.5701654386008088,0.01804420585396249,0.0027777777777777124,0.011435965270558747,0.40947333586234597,0.12184060275284836,0.11372178898946182,0.0,0.7212587164847429,0.6471551302474117,0.29659477823769653,0.30936347402710257,0.40704964863162896,happy,03,15,15,male,normal,1753
50,1.6683333333333334,True,1.0,0.3854090783258754,0.3571041425933154,0.3712566104595954,0.5326944310032777,-0.07148148148148153,-0.06722222222222224,0.40943663048989437,0.2409592047339464,0.17431649776999453,0.696941039463037,0.028304935732559988,0.004259259259259296,0.01144228463997927,0.4954912784841928,0.1249032961512476,0.11034919293378266,0.0,0.6885750118881964,0.639512087796056,0.2970865374335112,0.31055815721292185,0.39883919785922933,happy,03,15,15,male,normal,1753
60,2.0020000000000002,True,1.0,0.4148589600126089,0.3790663300615095,0.39696264503705925,0.5836392002361656,-0.06995370370370368,-0.06615740740740739,0.43515127587756053,0.16078796111465637,0.1826388888888889,0.6801507590244642,0.035792629951099386,0.0037962962962962976,0.00037213264464893575,0.48211109164153443,0.12137652385952441,0.11421697433253694,0.0,0.8267731038942293,0.6342985653480142,0.3008591103412361,0.31529598747816584,0.4027903957744198,happy,03,15,15,male,normal,1753
70,2.3356666666666666,True,1.0,0.4310978957889462,0.4150886071683556,0.4230932514786509,0.6383664112697719,-0.07092592592592595,-0.06884259259259257,0.45765410978082627,0.24068187825183643,0.17847606953301579,0.662774926765144,0.01600928862059059,0.0020833333333333814,0.004622559350491004,0.4343744864344199,0.12114849903511614,0.11429223509912621,0.0,0.8063865142024663,0.6331738846007153,0.29757435153429046,0.3201654792817477,0.4074143674930589,happy,03,15,15,male,normal,1753
80,2.6693333333333333,True,1.0,0.4450294569573864,0.43040983999194427,0.4377196484746653,0.680076714753537,-0.07078703703703704,-0.06685185185185183,0.45819817207639124,0.2285115128061386,0.17781253580877124,0.6436327534509059,0.014619616965442117,0.003935185185185208,0.001315406678732778,0.4161815134728771,0.12319036762029154,0.11225823397819143,0.0,0.6975415818154731,0.6288997036001902,0.2999463022325929,0.3246449697900697,0.4157203128965238,happy,03,15,15,male,normal,1753
90,3.003,True,1.0,0.4071330990106673,0.3929529166345953,0.4000430078226313,0.6916953042073137,-0.07162037037037033,-0.06875000000000003,0.45921909259951,0.2565860853055098,0.1729237260105192,0.5783514871205936,0.014180182376071993,0.002870370370370301,0.00038734306703504945,0.40856778837258395,0.12268803194739479,0.11280702366072252,0.0,0.7783483098770752,0.6357272115721289,0.3002253796382161,0.32226862504435966,0.4174318300895647,happy,03,15,15,male,normal,1753
0,0.0,True,1.0,0.48218822400508826,0.4806702276031338,0.48142922580411107,0.514666006867974,-0.06810185185185186,-0.06611111111111112,0.40994760247604234,0.2187114284682556,0.16597222222222224,0.935420679391423,0.0015179964019544356,0.0019907407407407374,0.0029144474428114543,0.5086628510814969,0.1249975962203515,0.11024236349748484,0.0,0.6850159844165508,0.6407776854179171,0.3012681693679532,0.30096719352131185,0.39321728615638396,happy,03,15,15,male,normal,1754
10,0.33366666666666667,True,1.0,0.4669501461445568,0.45845499572433396,0.4627025709344454,0.49299426446453115,-0.0677314814814815,-0.06643518518518521,0.4039937591747125,0.22052590641792197,0.1666671244297099,0.9385556877360688,0.008495150420222863,0.0012962962962962954,0.008072543651868443,0.5187031867877024,0.12242999556272839,0.11308701939924266,0.0,0.7134873799352514,0.6406549454625601,0.3012913968493362,0.29872268255273293,0.3916527170093095,happy,03,15,15,male,normal,1754
20,0.6673333333333333,True,1.0,0.4665047413735783,0.4584549957243334,0.46247986854895584,0.4893706088152054,-0.0685648148148148,-0.0665277777777778,0.40574536041987824,0.21892895657522357,0.1701393373098541,0.9450503569649318,0.008049745649244877,0.002037037037037004,0.009154401711062387,0.5483292151171316,0.12398174867258215,0.11138358840686075,0.0,0.7071067807446058,0.6412288991534113,0.3015893615796375,0.3031534043310861,0.3968503921660275,happy,03,15,15,male,normal,1754
30,1.0010000000000001,True,1.0,0.4372049152449323,0.40604301441419965,0.421623964829566,0.6535389370736737,-0.06907407407407412,-0.06708333333333338,0.40212877770773614,0.254880185458733,0.1763893214209619,0.645139778078802,0.03116190083073267,0.0019907407407407374,0.008993931296072066,0.4167302034890196,0.1211408589090773,0.11446689509510671,0.0,0.7377313819256196,0.6391014126275512,0.30190942494825124,0.3013016621830117,0.3953135033572,happy,03,15,15,male,normal,1754
40,1.3346666666666667,True,1.0,0.39103462642045395,0.4131856879910401,0.40211015720574705,0.6204246519895732,-0.06893518518518527,-0.06671296296296297,0.4377820129387132,0.22071508817259483,0.17430949483188368,0.6481208570875822,0.02215106157058616,0.002222222222222292,0.01372014706434508,0.44348366921226695,0.12128538587775048,0.11431374782793974,0.0,0.8349036464800849,0.6424873393341712,0.29924459294987127,0.3100027997243974,0.40686122870612895,happy,03,15,15,male,normal,1754
50,1.6683333333333334,True,1.0,0.4504598154405832,0.4211335839500946,0.4357966996953389,0.49698413347366366,-0.06967592592592592,-0.0675,0.42030648663641146,0.21740906271168656,0.175,0.8768825206739378,0.02932623149048863,0.0021759259259259145,0.015258721274568138,0.5343221704634804,0.12347460511319643,0.11194552095696049,0.0,0.9045307979092262,0.6406038538540416,0.29699741398085583,0.3101484156036597,0.39618090207307105,happy,03,15,15,male,normal,1754
60,2.0020000000000002,True,1.0,0.41401831360025176,0.3999566397045126,0.4069874766523822,0.5844726515336293,-0.06986111111111115,-0.06569444444444444,0.4400104136804764,0.19286377073174468,0.17777949438325955,0.6963327977527535,0.014061673895739146,0.004166666666666707,0.018020361417085504,0.4837193906007833,0.12210362085744028,0.11343933860750331,0.0,0.680674088234551,0.6321798990377401,0.299790332701156,0.31768212298982884,0.4051030598010031,happy,03,15,15,male,normal,1754
70,2.3356666666666666,True,1.0,0.4357742700325802,0.4085209868617391,0.42214762844715964,0.6543865651992761,-0.07004629629629627,-0.0668981481481481,0.46658641275842505,0.1799483977149793,0.18125042093162333,0.6451043632269647,0.02725328317084108,0.0031481481481481777,0.012909513239454275,0.4406056378729825,0.12601013817101264,0.1090835590213227,0.0,0.7539559250700767,0.5831794141093938,0.27609820840573984,0.32282031862222743,0.3699780899903088,happy,03,15,15,male,normal,1754
80,2.6693333333333333,True,1.0,0.4143054040912834,0.4160251471689216,0.4151652756301025,0.7003629236219744,-0.07023148148148145,-0.06694444444444442,0.47216717651856116,0.21548821548821567,0.17847222222222225,0.5927859137417599,0.0017197430776381695,0.0032870370370370328,0.015115704226983821,0.40671554024500883,0.12664019578058347,0.10835145861207511,0.0,0.8085836954178472,0.5809970675301371,0.2763997060842185,0.3271984984634587,0.3762365003477561,happy,03,15,15,male,normal,1754
90,3.003,True,1.0,0.4498733878471075,0.4373644271232002,0.44361890748515387,0.7001741556706921,-0.07087962962962957,-0.06648148148148153,0.4753091490429965,0.204666291657587,0.17987171536233565,0.633583664710124,0.012508960723907336,0.00439814814814804,0.010196346660716431,0.40702162722585883,0.12175556126157286,0.11381283351112063,0.0,0.9999999987499999,0.6360623813431623,0.29477507233005323,0.3156806308708199,0.42305915302091845,happy,03,15,15,male,normal,1754
0,0.0,True,1.0,0.4819788729531568,0.45183624535161643,0.4669075591523866,0.5042236979350584,-0.06870370370370371,-0.06666666666666671,0.41481503206402176,0.1890651934594968,0.1736111111111111,0.9259928897917885,0.03014262760154035,0.002037037037037004,0.003358307504562615,0.5208612557331952,0.12369422806685551,0.11170280082968893,0.0,0.7694767936587871,0.6377087301248625,0.3002322137405915,0.3074357484144841,0.3921784174380005,happy,03,15,15,male,normal,1755
10,0.33366666666666667,True,1.0,0.4997955034767978,0.4890353280295609,0.4944154157531794,0.5259622527042656,-0.06861111111111112,-0.06708333333333338,0.4274126782220604,0.20786743543392613,0.17293828499713917,0.9400207205196071,0.010760175447236897,0.001527777777777739,0.007951685614039774,0.5105294938952164,0.12312074903318139,0.11216485626206635,0.0,0.7071067807446058,0.6384625046971913,0.30031264111366957,0.30800843958591906,0.39167453263105156,happy,03,15,15,male,normal,1755
20,0.6673333333333333,True,1.0,0.4976845619012661,0.4592139232036398,0.4784492425524529,0.5508624197581917,-0.070925925925926,-0.06944444444444442,0.42555000424195194,0.22639492409335302,0.17084449793611559,0.8685458027114547,0.03847063869762629,0.0014814814814815835,0.012082849385622305,0.4748516320438589,0.12340688791889416,0.11184996127350562,0.0,0.6698853395817034,0.6384407101199855,0.30025964760745955,0.3094710210814134,0.39291865470442067,happy,03,15,15,male,normal,1755
30,1.0010000000000001,True,1.0,0.3992109944689624,0.3553995844758108,0.3773052894723866,0.6671068577028628,-0.06995370370370374,-0.06865740740740744,0.43502859809497346,0.2560697158492683,0.1736220970916438,0.5655844863769078,0.043811409993151584,0.0012962962962962954,0.005920966563794591,0.4221675793446017,0.12054645346170802,0.11509270319096016,0.0,0.7547111111418686,0.6365943586184475,0.2996564956852953,0.30943942938745467,0.39873582537177954,happy,03,15,15,male,normal,1755
40,1.3346666666666667,True,1.0,0.37667539008955303,0.3614178876019608,0.36904663884575695,0.6291392579432195,-0.07425925925925919,-0.07060185185185186,0.4435772626315087,0.2561909312741415,0.17158158900111725,0.5865897481143417,0.015257502487592223,0.0036574074074073315,0.001782241688448072,0.4492260101146621,0.12321337363544911,0.11223298235241719,0.0,0.6481110776856545,0.6416899411639656,0.2963939136334874,0.31255302725454903,0.4036816859592997,happy,03,15,15,male,normal,1755
50,1.6683333333333334,True,1.0,0.37009652280579974,0.3697217707454299,0.3699091467756148,0.5794802693118382,-0.07152777777777775,-0.06949074074074074,0.43060384391448175,0.25954104997145805,0.17571007646889375,0.6383464051587131,0.000374752060369854,0.002037037037037004,0.005609662305460986,0.4925943971787398,0.12297971630298615,0.112488964562941,0.0,0.7071067807446058,0.6346065382168493,0.2984943825932372,0.3113417636978777,0.3900646049325384,happy,03,15,15,male,normal,1755
60,2.0020000000000002,True,1.0,0.42244588035495323,0.37870987629337793,0.4005778783241656,0.6213786899790216,-0.06972222222222224,-0.06680555555555562,0.44477505765266045,0.21098674625325578,0.17779880505291806,0.6446598262610028,0.043736004061575295,0.002916666666666623,0.0029567814919108687,0.4578222785775123,0.12151746503836858,0.1140670130263704,0.0,0.6649268877078593,0.6340202437693828,0.3015084428215694,0.3183459077236876,0.4096587469780741,happy,03,15,15,male,normal,1755
70,2.3356666666666666,True,1.0,0.4149228278983323,0.3790626791946229,0.39699275354647756,0.6831406021690861,-0.06898148148148148,-0.0658333333333333,0.47316940619679176,0.23137681067712296,0.17361814221873406,0.5811289100456903,0.035860148703709405,0.0031481481481481777,0.0006712081581975187,0.4085677883725852,0.12350201734658885,0.1119152781428123,0.0,0.685322112299502,0.6356299561699681,0.3003880833644579,0.32795801986023104,0.42058866111628546,happy,03,15,15,male,normal,1755
80,2.6693333333333333,True,1.0,0.24581612288818913,0.25170289923111167,0.24875951105965038,0.6934271555527365,-0.07074074074074077,-0.06800925925925927,0.4797273376866208,0.23293918824333484,0.17292769676479455,0.35873921156341526,0.005886776342922534,0.0027314814814815014,0.0022936870926184016,0.40458306847070624,0.12263227159283133,0.11286763811787988,0.0,0.6644264520178846,0.6316355662812,0.3019457575644576,0.3257325978561128,0.41510761002138735,happy,03,15,15,male,normal,1755
90,3.003,True,1.0,0.3859158345782751,0.409479207563646,0.39769752107096057,0.7341753302027788,-0.06828703703703703,-0.06643518518518515,0.4742365781893564,0.2684576374335152,0.16875406896136053,0.5416928419007443,0.023563372985370867,0.0018518518518518823,0.004262806445295489,0.39485781241467555,0.12162538518189368,0.11395193482107607,0.0,0.7812198085501394,0.6379724030002626,0.30143082694476436,0.3225176707914206,0.41660181086201536,happy,03,15,15,male,normal,1755
100,3.336666666666667,True,1.0,0.41496738814917095,0.40834545646918297,0.411656422309177,0.725161740719967,-0.0677314814814815,-0.06648148148148153,0.4709442134772083,0.27889791881033765,0.16667399072449127,0.5676753187509168,0.00662193167998798,0.0012499999999999734,0.011002566734354517,0.40700638734967,0.12325091657056679,0.1121917525257963,0.0,0.6268394041668385,0.6380777452230892,0.30045100970289984,0.3243500276001015,0.42178677136610077,happy,03,15,15,male,normal,1755
0,0.0,True,1.0,0.4891460392879783,0.45921392320363863,0.47417998124580846,0.5396472144946366,-0.06699074074074068,-0.0642592592592593,0.4090438075403931,0.24403859080842308,0.16807779912804383,0.8786851270785558,0.029932116084339655,0.0027314814814813904,0.010300644763692126,0.47399093892271094,0.1244279834307848,0.11088487141985964,0.0,0.651503731763558,0.6419629092887157,0.2987305292962082,0.3020928615394795,0.3930957370695406,happy,03,15,15,male,strong,1756
10,0.33366666666666667,True,1.0,0.5055442121680814,0.4953715049632593,0.5004578585656704,0.5403943404734208,-0.06629629629629624,-0.06430555555555562,0.40975957763045634,0.23157680661344693,0.16875406896136053,0.926097520057735,0.010172707204822107,0.0019907407407406263,0.006658992246776321,0.4844452630256015,0.12173929438886365,0.1138302331182159,0.0,0.7071067807446058,0.6415142725449554,0.30034072789029814,0.304046882268551,0.3990656815607794,happy,03,15,15,male,strong,1756
20,0.6673333333333333,True,1.0,0.5242057596667813,0.5009690086514634,0.5125873841591224,0.5435625961911936,-0.06699074074074074,-0.06504629629629632,0.4057447554534548,0.23287187353237768,0.16947325859287188,0.9430144527067938,0.023236751015317858,0.0019444444444444153,0.013304760254448968,0.4843149975420299,0.1227519087221221,0.11273751228075132,0.0,0.7393557949028077,0.6394871792935924,0.30075827409402583,0.3056014479652865,0.3979071103872327,happy,03,15,15,male,strong,1756
30,1.0010000000000001,True,1.0,0.48810046798144774,0.48005951519933654,0.48407999159039217,0.7616819899815419,-0.06851851851851859,-0.06717592592592592,0.4320013169995559,0.3264351385635181,0.1729171078841008,0.6355408135646257,0.0080409527821112,0.001342592592592673,0.011560147743930799,0.37533578650710225,0.12253020171572432,0.11297843793286609,0.0,0.6901283074958798,0.638841836211047,0.29970928037653466,0.3098229597409996,0.41012479656652984,happy,03,15,15,male,strong,1756
40,1.3346666666666667,True,1.0,0.44447970210098314,0.4200601065041726,0.43226990430257783,0.6913402174683911,-0.07203703703703701,-0.06921296296296298,0.4230934687005174,0.3271355644642389,0.17014292463502936,0.6252636449901625,0.02441959559681056,0.0028240740740740344,0.009587806975049126,0.40216205638419666,0.12202143577146349,0.11352773662164656,0.0,0.6601337423421919,0.6484573615696279,0.2975269363901353,0.3085895410196707,0.4084646927216423,happy,03,15,15,male,strong,1756
50,1.6683333333333334,True,1.0,0.450740157997341,0.47165155511476364,0.46119585655605233,0.6174084889616263,-0.07148148148148159,-0.06768518518518524,0.4110195073372559,0.30868390580952254,0.17500000000000004,0.746986581495994,0.020911397117422625,0.003796296296296353,0.011379892671406202,0.45915342061098485,0.12284280103496678,0.11263846591759086,0.0,0.6861365824638829,0.6357658380930498,0.296996964059409,0.3077859574640255,0.39399316777529103,happy,03,15,15,male,strong,1756
60,2.0020000000000002,True,1.0,0.45683252973851507,0.44426184840620364,0.45054718907235936,0.6066951061663352,-0.06976851851851851,-0.06453703703703706,0.44265756592218775,0.19834263086207113,0.18333374948165357,0.7426253887547177,0.012570681332311429,0.005231481481481448,0.009393685197285551,0.4759615384615378,0.12098434216598436,0.11463231098062117,0.0,0.7455778397854002,0.6295421412705707,0.2998823838215115,0.31496481960708794,0.40653504844300953,happy,03,15,15,male,strong,1756
70,2.3356666666666666,True,1.0,0.4628013323876614,0.4373644271232013,0.4500828797554314,0.7672252906789255,-0.06620370370370371,-0.06203703703703706,0.45214586061686507,0.24619048425157647,0.17918199577107896,0.5866371784448716,0.02543690526446013,0.004166666666666652,0.013922819688240303,0.3789626060510307,0.12395056577481293,0.11141828850997934,0.0,0.684115160709807,0.5855657257356068,0.28022043285448534,0.3229528893363616,0.3812539782611388,happy,03,15,15,male,strong,1756
80,2.6693333333333333,True,1.0,0.4650735728978144,0.42311199587462384,0.44409278438621913,0.740723184630484,-0.06842592592592589,-0.06504629629629632,0.49526937450240704,0.23808190838757473,0.17430949483188374,0.5995394684557613,0.04196157702319059,0.003379629629629566,0.009171942259148965,0.40177274271890095,0.12241010366105663,0.11310855092368158,0.0,0.6213903939970005,0.6327515903001826,0.30014968560519134,0.32737456762801775,0.4240558587059955,happy,03,15,15,male,strong,1756
90,3.003,True,1.0,0.4025764814270647,0.39995663970451306,0.4012665605657889,0.7485087995982616,-0.06736111111111104,-0.06310185185185185,0.49087295688277066,0.2564991199061256,0.16877215204719245,0.5360879668764831,0.0026198417225516413,0.004259259259259185,0.024262081920508986,0.3865713950328613,0.12087823934681603,0.1147441894929628,0.0,0.708863745398735,0.6416827436365171,0.29862701967971106,0.3232788715867685,0.42617265939848864,happy,03,15,15,male,strong,1756
100,3.336666666666667,True,1.0,0.42709355708058566,0.39995663970451206,0.41352509839254886,0.7485249864179524,-0.06722222222222224,-0.06282407407407409,0.49681583706664584,0.24755707519532136,0.16877893270488467,0.5524532993500496,0.0271369173760736,0.004398148148148151,0.02412350857869128,0.39019094940709886,0.12127726725158747,0.11432236097090746,0.0,0.7133114302086593,0.6420988605989271,0.2983191276627417,0.3241746885413599,0.42908712366947943,happy,03,15,15,male,strong,1756
0,0.0,True,1.0,0.4600932772327683,0.46720215698258466,0.4636477171076765,0.4916206297452048,-0.06564814814814818,-0.06578703703703698,0.4246816170276086,0.22687823215139497,0.17014606348251404,0.9431006126573126,0.0071088797498163325,0.00013888888888879958,0.008529466455086135,0.5335983481022946,0.12373592976831743,0.11165660506569981,0.0,0.6767465053031091,0.6424314648437499,0.2999403788021241,0.30576777896085494,0.398146637929014,happy,03,15,15,male,strong,1757
10,0.33366666666666667,True,1.0,0.44461755810504616,0.4297969728348788,0.43720726546996247,0.6605046324923554,-0.06560185185185191,-0.06587962962962968,0.44301576447887453,0.3002136780749873,0.1687572336412576,0.6619291432070655,0.014820585270167386,0.0002777777777777657,0.009413341382436793,0.43974972959922703,0.12103240147926904,0.11458156728875311,0.0,0.6557303095828172,0.6429569500612746,0.3013041973001532,0.31210866410666815,0.41068171101600104,happy,03,15,15,male,strong,1757
20,0.6673333333333333,True,1.0,0.41471084681406833,0.3860851980554405,0.4003980224347544,0.8100203941067834,-0.06597222222222221,-0.06518518518518518,0.47159521277721383,0.33746730531909447,0.16250751184560666,0.4943061006214255,0.02862564875862783,0.0007870370370370305,0.006799671483442902,0.3674052335998246,0.1187013717652635,0.11699470975474045,0.0,0.6829077449685915,0.6495903447941677,0.3006738478847254,0.3145431318711173,0.42557314400666924,happy,03,15,15,male,strong,1757
30,1.0010000000000001,True,1.0,0.3687087168605907,0.37133011541436695,0.3700194161374788,0.7681755829903976,-0.06689814814814826,-0.06615740740740744,0.4807054774801023,0.29629629629629606,0.1652851633795681,0.48168598993611095,0.002621398553776244,0.0007407407407408195,0.0012884673833365838,0.3937500000000005,0.12064768292063195,0.11498658346008303,0.0,0.6988466614167813,0.6395128349855568,0.30125451203529513,0.31946201857065104,0.4233400506192266,happy,03,15,15,male,strong,1757
40,1.3346666666666667,True,1.0,0.322301617327976,0.3145623191000486,0.3184319682140123,0.7534430007334727,-0.06949074074074074,-0.06671296296296297,0.4464740153247572,0.37083522692350657,0.1597298647024248,0.422635777230687,0.007739298227927405,0.002777777777777768,0.009873289157142013,0.3867187499999998,0.12577849386536755,0.10935057499433568,0.0,0.6571805678865997,0.5748899995701405,0.2787228507521368,0.33905847552261814,0.3807768294194437,happy,03,15,15,male,strong,1757
50,1.6683333333333334,True,1.0,0.37663691268031324,0.3451088747583931,0.36087289371935316,0.6528702771270372,-0.06907407407407412,-0.06509259259259259,0.4344379340788052,0.326435138563519,0.16805964133039802,0.5527482355413365,0.03152803792192016,0.00398148148148153,0.01326214770531168,0.4482993149737103,0.12050254755670155,0.114973083175186,0.0,0.7071067807446058,0.6439718320531337,0.2985704395961,0.31176052968668544,0.41007836592569913,happy,03,15,15,male,strong,1757
60,2.0020000000000002,True,1.0,0.4105474461294044,0.40817917182301416,0.4093633089762093,0.6819979025856087,-0.06305555555555559,-0.05990740740740741,0.4671593055043056,0.2180157229576946,0.18125673478866933,0.6002413019515459,0.00236827430639025,0.0031481481481481777,0.009487505188273983,0.4334016393442624,0.12366623483602289,0.11173379136071558,0.0,0.6894882332788392,0.5889985594081384,0.2820250377949025,0.3348267493711904,0.39246040082478223,happy,03,15,15,male,strong,1757
70,2.3356666666666666,True,1.0,0.44336734476730866,0.42275112082119215,0.4330592327942504,0.7066908925337949,-0.06537037037037036,-0.06282407407407409,0.49258492888114647,0.2462621249164413,0.17013933730985403,0.612798661153739,0.020616223946116508,0.0025462962962962687,0.004307375579282959,0.4175984701140242,0.12065945735775879,0.11464233609295575,0.0,0.8669050835023924,0.6356384930612871,0.302153540634273,0.32694772445065423,0.42157529795377724,happy,03,15,15,male,strong,1757
80,2.6693333333333333,True,1.0,0.2067087500767983,0.17877342952494168,0.19274108980086999,0.706095978909378,-0.07347222222222227,-0.06865740740740744,0.5078491571542358,0.22322038801430816,0.16944489470319568,0.2729672672808222,0.0279353205518566,0.004814814814814827,0.006979612116490368,0.4228411404276319,0.12077011779083617,0.11485798369667004,0.0,0.7060376290327235,0.6348025362176122,0.3013587050348357,0.319680489811832,0.4119147000346154,happy,03,15,15,male,strong,1757
90,3.003,True,1.0,0.41177781014639053,0.4429503306798951,0.42736407041314284,0.7755293805459003,-0.06828703703703715,-0.06435185185185194,0.5006799964505986,0.2775229887228234,0.16736521383896155,0.5510610959862261,0.031172520533504555,0.003935185185185208,0.019537736143793068,0.3731760695794402,0.12222634112385246,0.11330710174421195,0.0,0.7079375856397604,0.6390631586619022,0.29920291429477885,0.3282939600788786,0.4271480486876052,happy,03,15,15,male,strong,1757
100,3.336666666666667,True,1.0,0.419783343996354,0.4286755714952874,0.42422945774582066,0.784629814181404,-0.06888888888888889,-0.06467592592592591,0.45483245470750117,0.3288072060573858,0.17291843152964811,0.5406746596653541,0.008892227498933425,0.004212962962962974,0.01620362634281595,0.38074666838335236,0.12208434914431629,0.11346007872453197,0.0,0.9152542783283909,0.6392625926073555,0.30118928135516876,0.32571574953709903,0.4252774991542141,happy,03,15,15,male,strong,1757
0,0.0,True,1.0,0.5062573442967239,0.48019485591162997,0.4932261001041769,0.5280051305637743,-0.06611111111111095,-0.06384259259259262,0.41407424846926655,0.2446853044076028,0.16600163907137394,0.9341312641745312,0.026062488385093896,0.0022685185185183365,0.01016719152626883,0.5099603723333676,0.12480918952476643,0.1104556199601049,0.0,0.6613689266982262,0.648547164998812,0.29830032460317046,0.3038903499364197,0.40385013581570806,happy,03,15,15,male,strong,1758
10,0.33366666666666667,True,1.0,0.49882597082790553,0.48831860755111944,0.49357228918951246,0.5151269566475837,-0.06527777777777777,-0.06467592592592597,0.4138389587550359,0.21892895657522266,0.1653557715372406,0.9581565919237701,0.010507363276786086,0.0006018518518517979,0.009352319334478866,0.5227093816417018,0.12145787419285128,0.11413046292149694,0.0,0.8469958500001765,0.6482601941870498,0.2996886761455161,0.3006016658964934,0.4077030850073757,happy,03,15,15,male,strong,1758
20,0.6673333333333333,True,1.0,0.4815334681821775,0.4881703259458212,0.48485189706399934,0.4766110166714416,-0.06675925925925918,-0.06430555555555556,0.4137359947959344,0.225424129506763,0.16461299838138876,1.0172905789087932,0.0066368577636437,0.0024537037037036247,0.012980778626858735,0.565091223396433,0.12335279135677114,0.11207973338201548,0.0,0.6225825786404796,0.6500119319368373,0.2994525135653151,0.3001085197528568,0.40785313016929475,happy,03,15,15,male,strong,1758
30,1.0010000000000001,True,1.0,0.21902733970998314,0.2015767019495239,0.21030202082975352,0.7035268513497268,-0.07861111111111108,-0.0778240740740741,0.4159131120583729,0.30053497288276054,0.17292372601051914,0.29892536500388855,0.017450637760459242,0.000787037037036975,0.009033496342464198,0.3787664120793718,0.11996072166862534,0.11570308131857246,0.0,0.6882367701788541,0.652178541408751,0.3005998780145496,0.2985368117411724,0.39873567169371676,happy,03,15,15,male,strong,1758
40,1.3346666666666667,True,1.0,0.45093233253203613,0.4517723595024507,0.4513523460172434,0.592628635325792,-0.06532407407407415,-0.06263888888888897,0.4575591271971396,0.20915032679738574,0.17431649776999453,0.7616107611288757,0.0008400269704145757,0.0026851851851851793,0.014516172310749881,0.4962933438022862,0.11963781208454062,0.11603694105522122,0.0,0.9172072603615476,0.6453920198157388,0.2982851750509546,0.3074658012480885,0.4162048381964255,happy,03,15,15,male,strong,1758
50,1.6683333333333334,True,1.0,0.44332351278815996,0.4148001183521419,0.42906181557015094,0.6723646723646727,-0.0651388888888888,-0.06217592592592597,0.46933480898545804,0.23931623931623935,0.1687518084393838,0.6381385477335717,0.028523394436018035,0.002962962962962834,0.01430085999550667,0.4385593220338982,0.12305247682175478,0.11240936668453824,0.0,0.6651154659169527,0.6458765482599289,0.29715137524053387,0.32145632607728636,0.431263761245783,happy,03,15,15,male,strong,1758
60,2.0020000000000002,True,1.0,0.39534083179937074,0.40604301441419965,0.4006919231067852,0.4869661795373435,-0.06347222222222226,-0.061990740740740735,0.43912830831561345,0.2434590184727033,0.17500174385291856,0.8228331657189711,0.010702182614828915,0.001481481481481528,0.011806362904010572,0.6051442433533764,0.12069054356920851,0.1149415958779684,0.0,0.6720642236817195,0.6429573957473614,0.3002135657504189,0.31093471661063976,0.4113765210460792,happy,03,15,15,male,strong,1758
70,2.3356666666666666,True,1.0,0.4509829337777113,0.4284875105500502,0.4397352221638807,0.6639743984344466,-0.06625000000000003,-0.06324074074074082,0.4753519219211691,0.2475386779184247,0.17222222222222228,0.6622773757553172,0.022495423227661127,0.0030092592592592116,0.011048833167872687,0.43847961787802714,0.12105689722512397,0.11455568691386904,0.0,0.6903861468250869,0.6424508395858344,0.30029693133398777,0.32067585442153707,0.4265924405874243,happy,03,15,15,male,strong,1758
80,2.6693333333333333,True,1.0,0.43927625528713427,0.40622594101020826,0.4227510981486713,0.7035425358315504,-0.06930555555555551,-0.06365740740740744,0.48756828585705975,0.24879680773638818,0.17158158900111736,0.6008891809917387,0.03305031427692601,0.005648148148148069,0.02598828011301327,0.41542060889522997,0.12238004218134771,0.11314107585628351,0.0,0.6427305059824027,0.6375287826146083,0.30134923481595,0.3264476824624504,0.4281066643222308,happy,03,15,15,male,strong,1758
90,3.003,True,1.0,0.3759534840466017,0.36990165932373126,0.3729275716851665,0.7118614258479724,-0.06902777777777774,-0.06374999999999992,0.5141397086509283,0.22361239246111467,0.1694665057164013,0.523876639671736,0.006051824722870469,0.005277777777777826,0.019399045829347535,0.41184353572903165,0.12184445954159262,0.1137176567165249,0.0,0.6849820240240945,0.6414003730007628,0.29848614449855937,0.32936342112871936,0.4270369320139604,happy,03,15,15,male,strong,1758
100,3.336666666666667,True,1.0,0.37311010430405034,0.35800911123812623,0.3655596077710883,0.7611563898039473,-0.0689351851851851,-0.06421296296296297,0.5055424908073834,0.24674750054210545,0.1673902838797571,0.4802687235736749,0.015100993065924107,0.004722222222222128,0.0176625320648022,0.388430387237827,0.12082746505955688,0.11479765440734872,0.0,0.700161973474191,0.6383744951652536,0.3010145505196292,0.3270930976744375,0.4239869021922011,happy,03,15,15,male,strong,1758
110,3.6703333333333332,True,1.0,0.4168558898008759,0.393812463605915,0.40533417670339544,0.7552243510209359,-0.06777777777777777,-0.06393518518518515,0.5068522769297872,0.24817508330505644,0.1660181837584221,0.536706974762469,0.023043426194960914,0.0038425925925926196,0.01846316624645856,0.3872756437964191,0.12352898872351699,0.11188550717238742,0.0,0.7071067807446058,0.6385488777620423,0.3008565789581745,0.32772155394297803,0.42875771010218794,happy,03,15,15,male,strong,1758
0,0.0,True,1.0,0.5773442655954422,0.5790662784322974,0.5782052720138697,0.5075305455463616,-0.06898148148148153,-0.06629629629629624,0.40646062989285475,0.22714817460751457,0.1772078013091835,1.139252163416935,0.0017220128368552468,0.0026851851851852904,0.03337177809343159,0.513787264487285,0.12091700671278259,0.11470333586067945,0.0,0.6860652730973914,0.6443026553433875,0.29484425170997675,0.29364026611593413,0.3868166181320393,happy,03,15,15,male,strong,1759
10,0.33366666666666667,True,1.0,0.548692066267792,0.509281856832311,0.5289869615500515,0.4788274887998251,-0.06953703703703695,-0.06699074074074074,0.42159846224426556,0.22048850414965837,0.17225810125013308,1.1047547894043228,0.039410209435481014,0.0025462962962962132,0.012813250827738267,0.5482691506143401,0.12283762806372507,0.11264410726636728,0.0,0.9999999987499999,0.6493979080303997,0.2944223536627154,0.3019254384875646,0.3966833498286441,happy,03,15,15,male,strong,1759
20,0.6673333333333333,True,1.0,0.4875588418363254,0.48044811076614874,0.4840034763012371,0.5163348834882765,-0.06953703703703701,-0.06754629629629633,0.4216839370271144,0.2518469740373332,0.16945164844089422,0.9373828725872373,0.007110731070176679,0.001990740740740682,0.01734663728224234,0.5372294286074516,0.12192297157842927,0.11363347557600785,0.0,0.7857610110817045,0.6482876734052997,0.29537956028295437,0.3036795869402343,0.3997034161091617,happy,03,15,15,male,strong,1759
30,1.0010000000000001,True,1.0,0.3964781389055708,0.3984290562770744,0.3974535975913226,0.7194602988663977,-0.07046296296296295,-0.06694444444444447,0.4520213941976271,0.2957975144793903,0.16877215204719234,0.552432980968598,0.0019509173715036021,0.0035185185185184764,0.015615595460660677,0.39130744809995305,0.12079075017645236,0.1148362853891544,0.0,0.6529671172907716,0.6393414136123199,0.3000781045357467,0.3128706396928477,0.4102834567349835,happy,03,15,15,male,strong,1759
40,1.3346666666666667,True,1.0,0.38879011070395814,0.37530085641537514,0.3820454835596666,0.6625549941843133,-0.0706944444444444,-0.06648148148148142,0.4728834234357916,0.23188405797101463,0.17500392364463033,0.5766245623580448,0.013489254288582997,0.004212962962962974,0.01317350324753098,0.44060563787298185,0.12107607522307409,0.11453541713671377,0.0,0.6931703032113403,0.6440691829544317,0.2986365875883472,0.3205736072019803,0.4215575082890074,happy,03,15,15,male,strong,1759
50,1.6683333333333334,True,1.0,0.39048810438720954,0.374320563691729,0.3824043340394693,0.6084759279697974,-0.06976851851851856,-0.06763888888888892,0.4395879117044386,0.31012797058804714,0.16042094699714274,0.6284625512062171,0.016167540695480542,0.002129629629629648,0.017243973508180434,0.4525207020011242,0.12648389228989598,0.10853387840577355,0.0,0.7070490925485692,0.5762977275754052,0.27878773229645865,0.3285425237577852,0.358787269752191,happy,03,15,15,male,strong,1759
60,2.0020000000000002,True,1.0,0.3493543610200725,0.31624065165171583,0.33279750633589417,0.6680134680134676,-0.06935185185185183,-0.0642592592592593,0.48648490059452126,0.21548821548821567,0.17708376416920624,0.4981898154322612,0.03311370936835667,0.0050925925925925375,0.005623246678528443,0.4354838709677421,0.11991561040487732,0.11574983434620546,0.0,0.9999999987499999,0.6322277380639756,0.30330590455537526,0.3230915067638945,0.41659620604022846,happy,03,15,15,male,strong,1759
70,2.3356666666666666,True,1.0,0.4379399872758376,0.42956368680912854,0.4337518370424831,0.6966447092714326,-0.06615740740740739,-0.06240740740740741,0.5158121196285353,0.20483244016179736,0.17017520715864085,0.6226299163257997,0.008376300466709063,0.0037499999999999756,0.020967590149107547,0.42276884443478746,0.12356757793885792,0.11184288735848141,0.0,0.7086446951672827,0.6367555841086434,0.3015481757881071,0.329893178292208,0.4298169805297759,happy,03,15,15,male,strong,1759
80,2.6693333333333333,True,1.0,0.38560482088549364,0.384510641575247,0.38505773123037035,0.7159333558786211,-0.0677314814814815,-0.063425925925926,0.5146548230948054,0.22489148131608805,0.1652893176355511,0.5378401887111582,0.0010941793102466346,0.004305555555555507,0.01771734791809824,0.4106041194613954,0.12108150395502168,0.11452967811881327,0.0,0.6918379811854309,0.6457636815429296,0.2988665096310245,0.32832212098533736,0.43042270460838183,happy,03,15,15,male,strong,1759
90,3.003,True,1.0,0.4442629453777796,0.4356501540634618,0.4399565497206207,0.7263553598192349,-0.06773148148148156,-0.06384259259259256,0.5122391522340037,0.22489148131608797,0.16532393237587528,0.6057042792802009,0.008612791314317803,0.003888888888888997,0.019263791767030875,0.40593425882446993,0.1203901814163633,0.1152561581369673,0.0,0.897803966712015,0.6404043919364619,0.3011202642908634,0.32412229144070837,0.42930005134388427,happy,03,15,15,male,strong,1759
0,0.0,True,1.0,0.5177480676054554,0.47304078136937716,0.49539442448741633,0.4947196555605678,-0.06356481481481485,-0.06282407407407409,0.4023031333170373,0.26685900004595786,0.16667078648879474,1.00136394202103,0.04470728623607828,0.000740740740740764,0.01590098281056358,0.5187031867877024,0.12571793207713103,0.10942019614640601,0.0,0.8121311573918586,0.643076031936212,0.29547110696505746,0.3095450937709147,0.40803129163690927,sad,04,15,15,male,normal,1760
10,0.33366666666666667,True,1.0,0.5121487765486061,0.4953092448513789,0.5037290106999925,0.6275208920517941,-0.06347222222222226,-0.06324074074074071,0.39096635261225765,0.2803013886971892,0.16597268190058673,0.8027286694040714,0.01683953169722724,0.00023148148148155467,0.01930014741364451,0.4432030574582321,0.12403030673981913,0.11132951441728385,0.0,0.7438781499512201,0.6433715631877752,0.2968673651354457,0.3035737219335304,0.4021207348102406,sad,04,15,15,male,normal,1760
20,0.6673333333333333,True,1.0,0.5270677527528596,0.4716515551147619,0.49935965393381077,0.8057796490170983,-0.06388888888888888,-0.062222222222222234,0.3824021637190665,0.35502480260744357,0.16805737146774885,0.6197223453619571,0.05541619763809763,0.0016666666666666496,0.016501458610028837,0.3435761285674825,0.1227782566878694,0.1127088171119426,0.0,0.771924125706741,0.6399945297728467,0.2973543585708545,0.3031096634117556,0.402194061452465,sad,04,15,15,male,normal,1760
30,1.0010000000000001,True,1.0,0.4743669523554191,0.47261685600585013,0.4734919041806346,0.8676142811813602,-0.06305555555555553,-0.06282407407407409,0.3762327027194169,0.3648906912185952,0.1694448947031956,0.5457400995473691,0.0017500963495689636,0.00023148148148144365,0.01009273185526109,0.32176896073434264,0.12208660632154308,0.1134576499271519,0.0,0.8783427711114503,0.6394444203071854,0.29978578662280875,0.30263438503141776,0.4024788838078443,sad,04,15,15,male,normal,1760
40,1.3346666666666667,True,1.0,0.5039793635681978,0.47306556021704654,0.48852246189262216,0.8945555225429271,-0.06148148148148158,-0.06175925925925929,0.37862142117429337,0.38528929074680146,0.17084047876316596,0.5461063618543357,0.030913803351151292,0.0002777777777777102,0.014337089180123778,0.3118713892675041,0.1254417859189278,0.10938888527066684,0.0,0.677678361506063,0.587965603921256,0.27788591971614385,0.3047367592319392,0.3591599373089106,sad,04,15,15,male,normal,1760
50,1.6683333333333334,True,1.0,0.5189718066400297,0.5077705725748448,0.5133711896074373,0.7617809785522541,-0.06407407407407406,-0.0637037037037037,0.3890225737630882,0.3206874310260588,0.17778464410025668,0.6739091734517795,0.011201234065184917,0.00037037037037035425,0.004794323546880085,0.36506048250433537,0.1226450916808171,0.11285370732450255,0.0,0.681960941951183,0.6339904206370048,0.29863062826988773,0.30117104381394594,0.39127872876027336,sad,04,15,15,male,normal,1760
60,2.0020000000000002,True,1.0,0.5239569404289438,0.5018469158342278,0.5129019281315859,0.7647220225096274,-0.0637037037037037,-0.06305555555555553,0.3976307505432761,0.3239758649400321,0.17639061901081726,0.6707037499042715,0.022110024594716005,0.0006481481481481755,0.005187784083199405,0.37214049346739225,0.12329909160148451,0.11213880586399516,0.0,0.6534027194555195,0.6365366842518259,0.29817095047783554,0.3091405677241096,0.4019535202365092,sad,04,15,15,male,normal,1760
70,2.3356666666666666,True,1.0,0.5091295830479631,0.49329740909757963,0.5012134960727713,0.8284766247136797,-0.06324074074074065,-0.06180555555555556,0.3867453822434739,0.3073254547333065,0.18055724575197146,0.6049820611969469,0.015832173950383444,0.001435185185185095,0.006122167496082877,0.3628882911341429,0.12287776006818736,0.11260032793408285,0.0,0.8104439295653945,0.6397804879061,0.2960499283646284,0.3000810788996939,0.4068522378768003,sad,04,15,15,male,normal,1760
80,2.6693333333333333,True,1.0,0.5503044276455396,0.5410578059823127,0.5456811168139262,0.6893784629135047,-0.062361111111111145,-0.062083333333333324,0.3909798658512507,0.2717583024078151,0.17708721081845544,0.791555214109426,0.009246621663226873,0.0002777777777778212,0.0016943849284697186,0.4114832150141279,0.12643133265779266,0.10859510068653262,0.0,0.7523160985409033,0.5872940621951906,0.2782414467685938,0.2979391871522723,0.350062949262539,sad,04,15,15,male,normal,1760
90,3.003,True,1.0,0.5387419302324222,0.5355385505904923,0.5371402404114572,0.5488812965430422,-0.06296296296296294,-0.06064814814814812,0.39663161104543027,0.1960114561154408,0.181948218334814,0.9786091160228407,0.00320337964192996,0.002314814814814825,0.005344383528334933,0.5088829346594425,0.12310381090557942,0.11235314642106414,0.0,0.8576274839116235,0.640873248963648,0.2939290900264214,0.29943192456194395,0.4075257498043811,sad,04,15,15,male,normal,1760
100,3.336666666666667,True,1.0,0.5670882497382713,0.529840733958525,0.5484644918483982,0.5787019588065405,-0.06296296296296283,-0.061805555555555614,0.3840288838762766,0.23549809035252678,0.1819444444444444,0.9477494995515461,0.037247515779746276,0.0011574074074072183,0.002944301517473816,0.4970504967127692,0.12081039847872137,0.11481561474475029,0.0,0.8543973255557122,0.6414338342680823,0.29236782976818365,0.2948052249302582,0.4073791862168109,sad,04,15,15,male,normal,1760
0,0.0,True,1.0,0.5252300022207144,0.49395842709596766,0.509594214658341,0.8458296539713267,-0.06324074074074082,-0.06217592592592597,0.3615337635950957,0.3798892748288903,0.16666849771129602,0.602478539580283,0.03127157512474671,0.0010648148148148517,0.007084055616732436,0.33410143429442957,0.12260047248843871,0.11290217852520758,0.0,0.8950031256062446,0.6321750548891432,0.3007972780867472,0.3065581036695062,0.4026717039834904,sad,04,15,15,male,normal,1761
10,0.33366666666666667,True,1.0,0.5484016529534996,0.516050314251767,0.5322259836026333,0.8107061393898811,-0.06310185185185191,-0.06291666666666673,0.3654526415587639,0.3697777777777776,0.1694484967301334,0.656496796734726,0.03235133870173268,0.00018518518518517713,0.008312752889722498,0.3552458603764149,0.12318240967988062,0.11226696627089806,0.0,0.8322370254638174,0.6338786247155113,0.3018664334740794,0.30868538777590343,0.4040520368559094,sad,04,15,15,male,normal,1761
20,0.6673333333333333,True,1.0,0.5391825286563274,0.5220794653247215,0.5306309969905245,0.8467096430079917,-0.06388888888888883,-0.06277777777777771,0.368421052631579,0.3527336860670192,0.17362209709164386,0.6266977131681446,0.01710306333160594,0.0011111111111111183,0.0038996731285179374,0.32806733698101437,0.12599056342204723,0.10910616709979291,0.0,0.7322204787169431,0.5882426821040917,0.27771308016316654,0.29897845219103486,0.35426053078569436,sad,04,15,15,male,normal,1761
30,1.0010000000000001,True,1.0,0.5391825286563287,0.5079830181547996,0.5235827734055641,0.846261178509936,-0.06583333333333335,-0.06375000000000003,0.36748823186504437,0.36669706309134076,0.17362693070286372,0.6187011607072281,0.031199510501529026,0.002083333333333326,0.0058186910396594,0.3374851694346246,0.1256792678798169,0.10946460339209253,0.0,0.8693204211320268,0.5883327471222864,0.27682671572292683,0.2966489142220627,0.35494946567817104,sad,04,15,15,male,normal,1761
40,1.3346666666666667,True,1.0,0.5185589496197908,0.4877228897458813,0.503140919682836,0.9304658158807668,-0.07935185185185184,-0.0788888888888889,0.37212394085492667,0.39579516048659563,0.18819484984356963,0.5407408967588663,0.03083605987390947,0.0004629629629629428,0.006646234775508441,0.3106343283582086,0.12259973073431286,0.11290298399067239,0.0,0.8887483756568433,0.6361565052505378,0.29742748132045627,0.3131854782843156,0.40955092320256087,sad,04,15,15,male,normal,1761
50,1.6683333333333334,True,1.0,0.5301978836940168,0.5219496689254125,0.5260737763097146,0.6350558083223151,-0.07365740740740734,-0.07324074074074066,0.36841292787664426,0.3033207799273373,0.1916989064398953,0.8283898350595229,0.008248214768604267,0.0004166666666666763,0.0017019790019366196,0.4498594408836545,0.1230887915867124,0.11236960067475145,0.0,0.6595942391983257,0.6384892737251151,0.29358984055118253,0.2970781370557478,0.40756993856704904,sad,04,15,15,male,normal,1761
60,2.0020000000000002,True,1.0,0.5584549626331077,0.5502745440524247,0.5543647533427662,0.7698686012601818,-0.0715277777777778,-0.07240740740740736,0.3724654434858091,0.3429235338981692,0.18888888888888894,0.7200771046323207,0.008180418580682969,0.0008796296296295636,0.004471190621697209,0.3579358264179763,0.1259345219034983,0.108996192667147,0.0,0.8142239637713476,0.5864623836175096,0.2781743655575991,0.30458854842319777,0.3595085409093697,sad,04,15,15,male,normal,1761
70,2.3356666666666666,True,1.0,0.5587942910380392,0.5496189693305196,0.5542066301842794,0.686848173699933,-0.0698611111111111,-0.06958333333333339,0.3870477299596504,0.30300282383114163,0.1847325474300122,0.8068837501581515,0.009175321707519668,0.0002777777777777102,0.0022575885761562057,0.4085341751169851,0.12793408578697404,0.10682063220509364,0.0,0.9999999987499999,0.5884178543214161,0.2777909504292825,0.30594706344871375,0.3591675929628164,sad,04,15,15,male,normal,1761
80,2.6693333333333333,True,1.0,0.5433925385614516,0.5354206309540699,0.5394065847577607,0.5833804647237155,-0.0668981481481481,-0.06694444444444436,0.3854360086206582,0.2170532302322893,0.18403150894573134,0.9246222960400629,0.007971907607381756,4.6296296296266526e-05,0.004176429752926694,0.45780966802491846,0.12636081519793788,0.10867714641561063,0.0,0.8703533314177118,0.5872497840229841,0.2776769931852288,0.3090880375785908,0.36807657010365025,sad,04,15,15,male,normal,1761
90,3.003,True,1.0,0.5594824527799426,0.549501700471142,0.5544920766255423,0.5700296099285898,-0.06824074074074071,-0.06884259259259257,0.3967416410310998,0.23198879473837974,0.17708333333333331,0.9727425855913101,0.009980752308800578,0.0006018518518518534,0.005608951092740659,0.4709302325581387,0.12217623885750889,0.11336112397469451,0.0,0.863815353864614,0.6335241394839186,0.3008647543859182,0.31014979872628234,0.40980131598338143,sad,04,15,15,male,normal,1761
0,0.0,True,1.0,0.5275795169597979,0.48020330963704044,0.5038914132984191,0.5025782256055606,-0.06523148148148145,-0.0640277777777778,0.4302467591684085,0.2206233366078928,0.16666849771129597,1.0026129020836034,0.047376207322757435,0.0012037037037036513,0.008127957221441048,0.49385596318825914,0.12277195461204024,0.11254652808252992,0.0,0.6793565807168271,0.642903568466449,0.2958794699723733,0.31134229406815966,0.41723376231905757,sad,04,15,15,male,normal,1762
10,0.33366666666666667,True,1.0,0.5423922955069623,0.5100652576109054,0.5262287765589339,0.4915787746226003,-0.06643518518518526,-0.06435185185185183,0.41956725532999445,0.20788916105539315,0.16736156697472787,1.0704871807431788,0.032327037896056954,0.002083333333333437,0.011608332078624977,0.5196473409862695,0.12309865143458669,0.11235879932230365,0.0,0.6675332645705151,0.6430011254267333,0.2965781126614299,0.3094162940341589,0.41288984719792954,sad,04,15,15,male,normal,1762
20,0.6673333333333333,True,1.0,0.4820393704038523,0.4656938201854064,0.4738665952946294,0.5331614168292473,-0.06606481481481474,-0.06583333333333335,0.41290816541168246,0.24119206951799238,0.16458518755548326,0.8887863606349294,0.016345550218445914,0.00023148148148138814,0.009793474556062368,0.48214285714285815,0.12441915919936837,0.11089477262081411,0.0,0.6143876755083558,0.6432187160176571,0.29564276472419826,0.30490151799700244,0.4102391764463157,sad,04,15,15,male,normal,1762
30,1.0010000000000001,True,1.0,0.5037582836152148,0.4732516633752924,0.48850497349525357,0.8370161848652875,-0.06754629629629633,-0.06615740740740744,0.40864005947430343,0.38046190221149495,0.1715282225678135,0.5836266757181946,0.0305066202399224,0.001388888888888884,0.0073707477882054475,0.3242178640514185,0.12064761537529224,0.1149866543312705,0.0,0.6896031403325035,0.6420411162590036,0.2965087343286221,0.30821663511651287,0.41403653861580886,sad,04,15,15,male,normal,1762
40,1.3346666666666667,True,1.0,0.4524883494658518,0.45164787541049867,0.45206811243817524,0.7540838714642094,-0.06847222222222221,-0.06759259259259259,0.4200156502727543,0.32837784898495953,0.17500043596485879,0.5994931459817483,0.0008404740553531465,0.0008796296296296191,0.004719073874029749,0.37196049841249773,0.12283267966062088,0.11248024995511467,0.0,0.9152542783283909,0.6395769516009528,0.29306196967202913,0.31045892286297494,0.4043001502039438,sad,04,15,15,male,normal,1762
50,1.6683333333333334,True,1.0,0.5248462489699053,0.49375459019770923,0.5093004195838072,0.5741263820418526,-0.06805555555555554,-0.0671296296296297,0.39272069684583927,0.319579565567241,0.17847606953301579,0.8870876439652625,0.03109165877219605,0.0009259259259258301,0.0005327902269082021,0.4734023355913098,0.1240904788930982,0.11126244118476505,0.0,0.8846393493529118,0.6335055910489197,0.29530173630476686,0.3116459159745298,0.3999148280449057,sad,04,15,15,male,normal,1762
60,2.0020000000000002,True,1.0,0.5294911503317897,0.5081852300106957,0.5188381901712427,0.7471819645732695,-0.06898148148148153,-0.06657407407407412,0.3975641051707766,0.3349436392914663,0.1805593584752419,0.6943933536559084,0.02130592032109402,0.0024074074074074137,0.0038667013350817394,0.3685344827586202,0.12151693222167013,0.11390043461758693,0.0,0.6203027982889789,0.6333541163887431,0.29854846038158916,0.30889020804276607,0.40031275783085735,sad,04,15,15,male,normal,1762
70,2.3356666666666666,True,1.0,0.5496189693305196,0.5361773304652143,0.5428981498978669,0.6311875626189356,-0.06597222222222221,-0.0635648148148148,0.3999482399131763,0.25118688716467863,0.18264055980567517,0.8601217483520484,0.01344163886530525,0.0024074074074074137,0.006261819662649966,0.44770408163265385,0.12563822730313046,0.10951170535925063,0.0,0.8087859533403933,0.5861579718137255,0.27735239673079265,0.29842408994811087,0.35651989595708855,sad,04,15,15,male,normal,1762
80,2.6693333333333333,True,1.0,0.5294911503317908,0.5220794653247215,0.5257853078282562,0.5459877276315995,-0.06555555555555559,-0.06268518518518523,0.40696064763808604,0.19680952972766885,0.18055724575197146,0.9629983994494199,0.007411685007069346,0.0028703703703703565,0.0022493179039187916,0.4840116279069761,0.12651012972326262,0.10850329418047934,0.0,0.6584027113864833,0.5899154223642582,0.2765063489157914,0.3043469653877185,0.36551620748589125,sad,04,15,15,male,normal,1762
90,3.003,True,1.0,0.5351799294591657,0.5079830181547995,0.5215814738069826,0.561947582412158,-0.06384259259259262,-0.061620370370370325,0.39894156916033957,0.22214631693083275,0.17708376416920632,0.9281674841772536,0.02719691130436619,0.002222222222222292,0.0009335360405053563,0.4839702204834856,0.12597021919982707,0.10912965520556424,0.0,0.6758841915754208,0.5991112873508779,0.2772479395266361,0.300650737449845,0.3662779210009852,sad,04,15,15,male,normal,1762
0,0.0,True,1.0,0.43586197751887645,0.4122641355242197,0.4240630565215481,0.5075305455463616,-0.06842592592592589,-0.06981481481481483,0.41250838197952855,0.29204765306680414,0.15074506418281913,0.8355419397763342,0.023597841994656754,0.0013888888888889395,0.04507111619797149,0.5093122111874688,0.1291864296298862,0.10530263135475998,0.0,0.6838879380092442,0.5873782479632478,0.2772929478357977,0.32608290355136527,0.37167148832965535,sad,04,15,15,male,normal,1763
10,0.33366666666666667,True,1.0,0.49162693119358813,0.4765524882019124,0.4840897096977503,0.4720971751722678,-0.06638888888888889,-0.06768518518518518,0.40987511004574817,0.2810904091589024,0.16057068668037444,1.0254026822361444,0.015074442991675707,0.0012962962962962954,0.036308721873806064,0.5515072648214167,0.12030092728140844,0.11534931584150752,0.0,0.6902223227669954,0.646128467152486,0.2984203215329427,0.29324428136310515,0.3901797236588406,sad,04,15,15,male,normal,1763
20,0.6673333333333333,True,1.0,0.49360282548085976,0.4761254157490541,0.48486412061495693,0.48463371627896035,-0.0660648148148148,-0.06685185185185194,0.4177115580610672,0.24189320408490406,0.1647505928354333,1.0004754195349133,0.01747740973180567,0.0007870370370371416,0.024585723860375382,0.5231563642071023,0.12816193402664555,0.10654715593211429,0.0,0.7830641581647776,0.5875645949786165,0.2748731429659842,0.30929751724880716,0.3609904938038571,sad,04,15,15,male,normal,1763
30,1.0010000000000001,True,1.0,0.47234950347148286,0.4560747574309376,0.46421213045121024,0.8264202515705342,-0.06550925925925932,-0.06648148148148147,0.37834504271751845,0.39891303397218403,0.16888060990057635,0.5617143693768619,0.01627474604054524,0.0009722222222221522,0.022650401476544027,0.3351602127049584,0.12648534632900055,0.10835649951356054,0.0,0.9999999987499999,0.5816729759560074,0.2774494779379348,0.3068749463435278,0.35954447316925886,sad,04,15,15,male,normal,1763
40,1.3346666666666667,True,1.0,0.47339004924781997,0.47319888922289916,0.47329446923535956,0.7797094656161145,-0.06416666666666665,-0.06564814814814818,0.39281873900866243,0.35609587888767064,0.16810094747546458,0.6070138815890473,0.0001911600249208112,0.001481481481481528,0.015965544152886278,0.35909821763800365,0.12432899024401754,0.110995855576575,0.0,0.7726425984121305,0.5912228171112195,0.2809146503129756,0.3043367192691386,0.36759772619226944,sad,04,15,15,male,normal,1763
50,1.6683333333333334,True,1.0,0.4905729447049099,0.4740124875368239,0.4822927161208669,0.588251070037137,-0.065,-0.06587962962962962,0.3828672791317943,0.31468327088189196,0.17430730635602554,0.8198756291092155,0.016560457168086018,0.0008796296296296191,0.004719592185475337,0.4686822435278932,0.12169393822698499,0.11387872131779173,0.0,0.6839406005266514,0.643683652531325,0.30275285044431427,0.29956128322316955,0.39234138569496885,sad,04,15,15,male,normal,1763
60,2.0020000000000002,True,1.0,0.5041711406354551,0.5017921146953397,0.5029816276653973,0.7135459042871396,-0.07069444444444445,-0.07078703703703704,0.3965345220768398,0.2961888659305105,0.18264264843016134,0.7049043721551395,0.002379025940115409,9.259259259258856e-05,0.0020287767750880124,0.39268867924528295,0.12209792769051091,0.11344546629992745,0.0,0.6910456961383802,0.6450162505627252,0.3025701725604781,0.302457133540885,0.39277943378862806,sad,04,15,15,male,normal,1763
70,2.3356666666666666,True,1.0,0.5094171975446046,0.5159169852459143,0.5126670913952595,0.8080430375796214,-0.07523148148148151,-0.07717592592592587,0.39406003640457615,0.3434032003419602,0.18820093072565572,0.6344551806681996,0.006499787701309767,0.0019444444444443598,0.002685856622360818,0.3374851694346248,0.12327853218866562,0.11216140722932809,0.0,0.6602852176503098,0.5920470250991021,0.28242699177756514,0.3127651796589302,0.37138527866601756,sad,04,15,15,male,normal,1763
80,2.6693333333333333,True,1.0,0.4959131125145144,0.5017921146953414,0.4988526136049279,0.5925872737093771,-0.07143518518518521,-0.07356481481481475,0.3938659779166795,0.27606923949059564,0.1847226352416149,0.841821341322933,0.005879002180826931,0.002129629629629537,0.00936961851830968,0.473518356742039,0.12509129557135376,0.11013603199096353,0.0,0.7135861320250876,0.5802142438928697,0.279344359857554,0.3185064569861349,0.37177871985745214,sad,04,15,15,male,normal,1763
90,3.003,True,1.0,0.5100652576109054,0.5244955091964242,0.5172803834036648,0.5974265840595392,-0.07324074074074066,-0.07504629629629628,0.3774980761307334,0.30555555555555564,0.18194486376946217,0.8658476157668151,0.014430251585518805,0.0018055555555556158,0.005847304851471952,0.47076914135439774,0.12805009326236738,0.10668154191940998,0.0,0.6765125785169227,0.5800231023972089,0.2772634809103195,0.3200345458578509,0.3698526966386642,sad,04,15,15,male,normal,1763
0,0.0,True,1.0,0.4934641929324531,0.4851752544412169,0.48931972368683496,0.5508342851133329,-0.07129629629629625,-0.06374999999999997,0.3816301469047774,0.3022127310074963,0.16672204687006278,0.8883247410537609,0.008288938491236186,0.007546296296296273,0.047832575511950394,0.4872675849697814,0.13135374800361177,0.10258640580820176,0.0,0.6475911960708731,0.5934808171315401,0.2748554114412517,0.3027989443358327,0.35721646189217376,sad,04,15,15,male,strong,1764
10,0.33366666666666667,True,1.0,0.4925314987502386,0.4774811670708859,0.4850063329105623,0.5215085713005496,-0.06962962962962976,-0.062083333333333324,0.38491203205032026,0.3013981433931551,0.16675636420940668,0.9300064459171644,0.015050331679352713,0.00754629629629644,0.05303856332987295,0.5132806021012501,0.12787948647749434,0.1068859893017847,0.0,0.6974581005524403,0.5950065799991873,0.2759481231715391,0.3093956074422324,0.36498535630082013,sad,04,15,15,male,strong,1764
20,0.6673333333333333,True,1.0,0.4887495941225139,0.4698416156642782,0.47929560489339607,0.4596286353332015,-0.07023148148148162,-0.06398148148148153,0.38099938009514767,0.3261289943767687,0.16814451219010665,1.042788825691718,0.01890797845823572,0.006250000000000089,0.05787771835131542,0.5677406208109722,0.12645211158178105,0.10857090423777548,0.0,0.7424569626150574,0.5922485372664691,0.273209704367322,0.29902444220508456,0.35772700283409076,sad,04,15,15,male,strong,1764
30,1.0010000000000001,True,1.0,0.5293399101807197,0.5052007663556126,0.5172703382681662,0.8636652942752122,-0.07180555555555551,-0.06763888888888886,0.4036838108893984,0.4641260244251648,0.16825564184553238,0.5989245390510445,0.024139143825107068,0.004166666666666652,0.052333787142297465,0.33756017342662503,0.12218249737503979,0.11335437841295982,0.0,0.7830348971387447,0.6400180905174571,0.30073924524975204,0.3121165231799704,0.4158653606593921,sad,04,15,15,male,strong,1764
40,1.3346666666666667,True,1.0,0.45680357985126263,0.48395464374586766,0.4703791117985652,0.9587150410967422,-0.09310185185185177,-0.0933796296296297,0.37553313439506264,0.534296437595983,0.18777486363744883,0.49063495578463556,0.027151063894605032,0.0002777777777779322,0.050673702002225283,0.30678393958988937,0.12282836905228547,0.11265420332271232,0.0,0.7044696913306773,0.630857934455032,0.30267026340422964,0.33689491571921765,0.432328214667603,sad,04,15,15,male,strong,1764
50,1.6683333333333334,True,1.0,0.4770598109445002,0.48316514649037506,0.4801124787174376,0.7434424252479441,-0.0762962962962963,-0.07166666666666671,0.3995653435480575,0.3453665480268524,0.17596563653248498,0.6457964496138571,0.00610533554587489,0.004629629629629595,0.041847323068270874,0.3812127408024554,0.12130682180737455,0.11429100031500086,0.0,0.8272739740739198,0.6334247644448404,0.2984143290835505,0.3042084019363947,0.39879285271678894,sad,04,15,15,male,strong,1764
60,2.0020000000000002,True,1.0,0.5212290260975793,0.4955484147653951,0.5083887204314872,0.7153914598601981,-0.07314814814814818,-0.06699074074074074,0.39666701472939025,0.31202398776612583,0.1855355442446768,0.7106441004074001,0.02568061133218419,0.006157407407407445,0.041405011345416895,0.41051071424153746,0.1266258633833316,0.10836820794410881,0.0,0.6957831882016754,0.5938267682619923,0.27766393278587265,0.3108046989028867,0.36699154948549173,sad,04,15,15,male,strong,1764
70,2.3356666666666666,True,1.0,0.5157721034188354,0.5175135645845196,0.5166428340016775,0.7666524028828562,-0.07166666666666671,-0.0625,0.4114304827692575,0.3077085175131881,0.19107446757872656,0.6738944951570446,0.0017414611656841883,0.009166666666666712,0.04668433830631695,0.39254013833317264,0.12628495191029798,0.1087652917598181,0.0,0.6760318166499287,0.5944036808786014,0.27710654160803994,0.3313663055995879,0.38888457146971867,sad,04,15,15,male,strong,1764
80,2.6693333333333333,True,1.0,0.41122591742064113,0.4210069572744465,0.4161164373475438,0.5295185802392424,-0.06652777777777785,-0.05874999999999991,0.4481061146352029,0.17040977438114868,0.19529521528455365,0.7858391619790522,0.009781039853805351,0.007777777777777939,0.0572754740338467,0.5781296219663514,0.11905470047311303,0.11663514078117336,0.0,0.6892266992691434,0.6090723154183548,0.3040541792832768,0.3168937046770422,0.41846435696663087,sad,04,15,15,male,strong,1764
90,3.003,False,0.0,,,,,,,,,,,,,,,,,,,,,,,sad,04,15,15,male,strong,1764
0,0.0,True,1.0,0.5185589496197908,0.49383349426763834,0.5061962219437146,0.4845123481857433,-0.06703703703703706,-0.06560185185185186,0.3941515918158522,0.19512698914923546,0.17505274386528663,1.0447540167741165,0.024725455352152426,0.001435185185185206,0.00569092477103985,0.5311851620184312,0.1281411533259278,0.10657214737089328,0.0,0.8026291080741087,0.5910059253388855,0.27707566924604543,0.29949930977699324,0.3535306876453168,sad,04,15,15,male,strong,1765
10,0.33366666666666667,True,1.0,0.5038338802634063,0.4720746146278122,0.4879542474456092,0.5052859849874074,-0.06703703703703706,-0.06601851851851853,0.3872176841848588,0.20482200150429375,0.1743270016496914,0.9656991524468463,0.03175926563559406,0.0010185185185185297,0.007029305679163498,0.5320331158226894,0.1267434927541195,0.10823060941870988,0.0,0.798972852928857,0.5931727323976466,0.27839703414890615,0.2954600620518921,0.35246312361890303,sad,04,15,15,male,strong,1765
20,0.6673333333333333,True,1.0,0.4742205132147466,0.47353623194148886,0.4738783725781177,0.4985172157125544,-0.06620370370370371,-0.06518518518518512,0.40806391196853287,0.22947975249226113,0.1771354568662358,0.9505757427068607,0.0006842812732577586,0.0010185185185185852,0.004342396889803305,0.5185328223744459,0.12676285275708954,0.10820793377376228,0.0,0.8204814149294423,0.5982477836681548,0.27648921434228946,0.300386835497095,0.3578472812110425,sad,04,15,15,male,strong,1765
30,1.0010000000000001,True,1.0,0.5633320559793318,0.514481769135811,0.5389069125575714,0.745000167081423,-0.08967592592592594,-0.08810185185185182,0.4298620628186624,0.273166727929855,0.2055570401891299,0.72336482106946,0.048850286843520774,0.0015740740740741166,0.006255221243617485,0.37499999999999983,0.1200396280409232,0.11562121548317415,0.0,0.6877239763183911,0.6389096777304671,0.30109956350855105,0.3191963718288793,0.41819829352534066,sad,04,15,15,male,strong,1765
40,1.3346666666666667,True,1.0,0.49544626593806795,0.4657479314567249,0.4805970986973964,0.8819986756506458,-0.0918518518518518,-0.09069444444444436,0.3994970567767199,0.3949247801420799,0.20347559683427643,0.5448954879017959,0.02969833448134307,0.0011574074074074403,0.003611877425169023,0.31099268917091005,0.1204817795102518,0.11516040368153331,0.0,0.6615046982187471,0.6334195551501851,0.3033490999835602,0.349181420588079,0.44253940733209873,sad,04,15,15,male,strong,1765
50,1.6683333333333334,True,1.0,0.4821882240050888,0.4800595151993354,0.4811238696022121,0.5409318110515362,-0.09208333333333335,-0.08939814814814812,0.40712517700649126,0.2961980000723611,0.20627367288386556,0.8894353405966986,0.002128708805753443,0.002685185185185235,0.0029783561400852144,0.5088829346594425,0.12178424333732848,0.11378214203021775,0.0,0.605906412294625,0.629009969323667,0.3014828687745418,0.3416189775909251,0.42501280273621167,sad,04,15,15,male,strong,1765
60,2.0020000000000002,True,1.0,0.5035091002242972,0.4947345987959681,0.4991218495101326,0.6570959725386362,-0.07527777777777789,-0.07611111111111113,0.4319481033634681,0.28595843249366587,0.19029221182200778,0.7595874428842053,0.008774501428329085,0.0008333333333332416,0.008274641064210005,0.44791666666666663,0.12071918688396034,0.11491151242666196,0.0,0.6811014622682107,0.63579873440001,0.2997071472058749,0.3197053363566948,0.41737677040655796,sad,04,15,15,male,strong,1765
70,2.3356666666666666,True,1.0,0.4847343990575068,0.4560747574309364,0.4704045782442216,0.7757936091884544,-0.06861111111111112,-0.06953703703703706,0.4173716442461384,0.36906685231762415,0.17654496410821927,0.6063527369557794,0.02865964162657042,0.0009259259259259411,0.028124872039656305,0.3994535005519403,0.1206955025150426,0.11493638867925332,0.0,0.9999999987499999,0.6333620952990572,0.30003619778621526,0.3270645503445962,0.4222810207907948,sad,04,15,15,male,strong,1765
80,2.6693333333333333,True,1.0,0.5076394334403787,0.5212164315132537,0.5144279324768162,0.5198226598590631,-0.06578703703703698,-0.06541666666666668,0.43550310463228464,0.2295124135208332,0.1869529347588194,0.9896219849598139,0.013576998072875046,0.00037037037037029874,0.030317717731805405,0.563985553914576,0.12434083905320362,0.11098258202987456,0.0,0.8022710878356508,0.5854595809573829,0.27717047523302635,0.33094475905645354,0.3793239996334712,sad,04,15,15,male,strong,1765
90,3.003,True,1.0,0.38307666246369376,0.3846905301535478,0.3838835963086208,0.48474909498852115,-0.070462962962963,-0.06648148148148142,0.42886848597461513,0.24856342710386262,0.18619144154760403,0.7919222547856662,0.0016138676898540538,0.003981481481481586,0.024156490290738828,0.6062486009284558,0.12155265226805224,0.1140295159007406,0.0,0.7259844226345095,0.6252708346619897,0.30013107824508606,0.3082523653592032,0.40946984355261556,sad,04,15,15,male,strong,1765
100,3.336666666666667,True,1.0,0.5076394334403791,0.50785832339353,0.5077488784169546,0.5059100286185386,-0.06467592592592591,-0.0635648148148148,0.40794979062611814,0.265816496289769,0.1820387682324514,1.0036347367998164,0.00021888995315089144,0.0011111111111111183,0.025862294795079812,0.5789569696419122,0.12604342453367723,0.10904509572844036,0.0,0.7575939473573106,0.5900635845197455,0.2759236091185076,0.3270932229702143,0.3772565013018243,sad,04,15,15,male,strong,1765
0,0.0,True,1.0,0.5257073613474007,0.4938898355168395,0.50979859843212,0.5108625371015809,-0.06773148148148156,-0.06199074074074079,0.39526674579108395,0.268741924943285,0.16815767014465047,0.9979173679959051,0.03181752583056119,0.0057407407407407685,0.025079056132589306,0.47732588925026537,0.12197573491873255,0.1135768368159341,0.0,0.7071067807446058,0.6545296407781863,0.3021310579042148,0.2947270820275832,0.3984042014296354,sad,04,15,15,male,strong,1766
10,0.33366666666666667,True,1.0,0.49926014761039456,0.48563644218734076,0.49244829489886766,0.5116892940926395,-0.06430555555555556,-0.060324074074074086,0.3943648779235376,0.2760788151871154,0.16604988980092203,0.9623971042273002,0.0136237054230538,0.003981481481481475,0.02849871949221514,0.5372443143148092,0.12513401481274622,0.10991429460994111,0.0,0.7809900170301145,0.6043798794752276,0.28231412402404615,0.30103328642815247,0.36743338770080364,sad,04,15,15,male,strong,1766
20,0.6673333333333333,True,1.0,0.529339910180721,0.5252975243413639,0.5273187172610425,0.5708458798019296,-0.06569444444444444,-0.0621296296296297,0.3918328786949817,0.2643145515290007,0.16675636420940673,0.9237497123461941,0.004042385839357121,0.003564814814814743,0.023974576166689097,0.49887070455562393,0.12477679241363329,0.11049221622070864,0.0,0.7926634669440752,0.6046198689006853,0.28082366906588563,0.2911060660284636,0.35399510244154436,sad,04,15,15,male,strong,1766
30,1.0010000000000001,True,1.0,0.5373667681817617,0.5020010076059637,0.5196838878938627,0.8323863350836552,-0.06921296296296298,-0.06597222222222227,0.39710861026019517,0.3751923329454952,0.1751259486780604,0.6243301529471098,0.03536576057579799,0.0032407407407407107,0.025601062884086884,0.34270197354223886,0.11803421359045264,0.11750573706854472,0.0,0.7071067807446058,0.6531925960462309,0.302922273061297,0.29771992086900506,0.40519717551442586,sad,04,15,15,male,strong,1766
40,1.3346666666666667,True,1.0,0.515978467900038,0.5049489038499138,0.5104636858749758,0.7583548910420352,-0.0773611111111111,-0.07740740740740737,0.4174920691699225,0.3339475453167889,0.18072449695109205,0.6731197911489187,0.01102956405012423,4.6296296296266526e-05,0.027523626635619844,0.36557324277061426,0.12012656943430736,0.11553088368877376,0.0,0.7071067807446058,0.6525871241699804,0.3009008978268572,0.30011171104349144,0.40729987254214556,sad,04,15,15,male,strong,1766
50,1.6683333333333334,True,1.0,0.4895715251217761,0.49223400156707436,0.49090276334442523,0.8759064188405588,-0.08736111111111106,-0.08685185185185201,0.42776347502068546,0.3877887478684147,0.1877342286984449,0.5604511541247014,0.0026624764452982674,0.0005092592592590428,0.031787327019594164,0.3321435498298527,0.11802094482838578,0.11768107048917432,0.0,0.6942600415218276,0.6529847942770859,0.3019318984423679,0.3138761157024155,0.41678722613722363,sad,04,15,15,male,strong,1766
60,2.0020000000000002,True,1.0,0.4904395408729379,0.5026548028159402,0.4965471718444391,0.764866259953141,-0.08000000000000002,-0.07912037037037029,0.41906809912339626,0.2866233862153394,0.19324673365914027,0.6491947649447365,0.01221526194300232,0.0008796296296297301,0.035144240103987215,0.3687687678196286,0.12191649948932824,0.11364041940299544,0.0,0.9999999987499999,0.5950785655355892,0.2865782101949375,0.32379398749134103,0.378986566081314,sad,04,15,15,male,strong,1766
70,2.3356666666666666,True,1.0,0.5245091194657685,0.504948903849915,0.5147290116578418,0.7739885752073068,-0.0812500000000001,-0.07935185185185178,0.39780327245689057,0.3053880033580402,0.19189580958455324,0.6650343792477501,0.019560215615853527,0.0018981481481483153,0.028654593108629615,0.3589833483623432,0.12506693362208493,0.11016369585665707,0.0,0.6429934580806591,0.5993374769048244,0.2855959585874068,0.3202017361810955,0.3747538807652252,sad,04,15,15,male,strong,1766
80,2.6693333333333333,True,1.0,0.5047273602023905,0.47527294200858916,0.49000015110548983,0.7094812684520911,-0.07708333333333345,-0.07458333333333328,0.42111717120850295,0.3028886522572218,0.18287934372030076,0.6906456490028924,0.029454418193801346,0.0025000000000001688,0.030823778947597292,0.395052267443294,0.12196719423086638,0.11341815266409909,0.0,0.6844540675193688,0.5986817480585985,0.2852987421321835,0.31106407466757896,0.37344564371222855,sad,04,15,15,male,strong,1766
90,3.003,True,1.0,0.5213038404721926,0.48389178154639817,0.5025978110092953,0.7504737968290484,-0.07300925925925927,-0.07148148148148153,0.4050132998374406,0.3213723333086939,0.1730930638915411,0.6697073410596145,0.03741205892579441,0.001527777777777739,0.033525636447128464,0.385126760592323,0.11975891046546829,0.11591195423269686,0.0,0.7090020921281607,0.6474062210040267,0.30495163662538466,0.3011231466084082,0.40637794218278855,sad,04,15,15,male,strong,1766
100,3.336666666666667,True,1.0,0.4985612826434282,0.504345302331956,0.5014532924876921,0.8537419057710067,-0.07226851851851857,-0.06907407407407407,0.3815692883451017,0.3625854566188919,0.17235020083408994,0.5873593519283021,0.005784019688527764,0.0031944444444444997,0.041654858546154416,0.35948898388766914,0.12121373911153595,0.11438971641139956,0.0,0.7554726028924699,0.6502131102206508,0.3036724915038267,0.30214428725724257,0.407239431840992,sad,04,15,15,male,strong,1766
0,0.0,True,1.0,0.5104145552134602,0.5002010265622157,0.505307790887838,0.44552812650289314,-0.06490740740740736,-0.061481481481481526,0.3902262355094608,0.29860199864033266,0.16539590783075772,1.1341770829468756,0.010213528651244586,0.0034259259259258323,0.03187966149695723,0.6381437550985476,0.12599716811287334,0.10909853985265361,0.0,0.6668645270042652,0.6024443520064275,0.2794990200779676,0.2979565933824834,0.3616852203231365,sad,04,15,15,male,strong,1767
10,0.33366666666666667,True,1.0,0.4850180953544371,0.47894086635827465,0.4819794808563559,0.4746259513898357,-0.06648148148148159,-0.06222222222222218,0.3860961587255405,0.2858197061387415,0.16679890790460353,1.0154933151990257,0.00607722899616242,0.004259259259259407,0.03363538080944355,0.5686783583478732,0.12485051993270098,0.11040890110251667,0.0,0.8131184604228976,0.6039446052952432,0.27936404596367886,0.2942328335825924,0.3598005626566361,sad,04,15,15,male,strong,1767
20,0.6673333333333333,True,1.0,0.5313032885829408,0.4838917815463976,0.5075975350646692,0.4883784836929823,-0.06740740740740736,-0.062499999999999944,0.3733434065059586,0.2938208318672144,0.16681491616261504,1.0393527807088423,0.04741150703654323,0.004907407407407416,0.029960496758309856,0.5518330379578349,0.1262696164883378,0.10878309483719459,0.0,0.6424955094458062,0.6031395374946853,0.2792734392815489,0.2911636753316951,0.35552981890047863,sad,04,15,15,male,strong,1767
30,1.0010000000000001,True,1.0,0.50517578582916,0.49853813139656217,0.5018569586128611,0.7744791875161404,-0.06999999999999995,-0.06624999999999998,0.3828022905514819,0.4077994621127466,0.17301591223497836,0.6479928275702078,0.006637654432597839,0.0037499999999999756,0.029850051354978036,0.3632016652820829,0.1239622437344045,0.11140529564824458,0.0,0.7509340974253537,0.6001881225693402,0.2805106110618833,0.29747356915957684,0.35876365669655097,sad,04,15,15,male,strong,1767
40,1.3346666666666667,True,1.0,0.49474986298544943,0.494782390715367,0.4947661268504082,0.7051332243339613,-0.08032407407407405,-0.08300925925925928,0.41324520842667395,0.3588080676469659,0.17950020431936686,0.7016633308092143,3.252772991757524e-05,0.002685185185185235,0.031375292629362866,0.3901502836592746,0.11872857688441504,0.11664088007794401,0.0,0.7071067807446058,0.6545297597163866,0.3002864470957092,0.2997949002874476,0.4006522195938914,sad,04,15,15,male,strong,1767
50,1.6683333333333334,True,1.0,0.4649085019858617,0.48830807163421214,0.4766082868100369,0.7676769522694037,-0.08226851851851846,-0.08453703703703702,0.42322735184122456,0.3961539478484393,0.18368298104921627,0.6208448559007657,0.023399569648350438,0.0022685185185185586,0.03243246269471356,0.37438130745205295,0.12211560454178269,0.11342643826511499,0.0,0.645341359483364,0.6519437684292467,0.3011745929968789,0.3060221146268188,0.40115015536493637,sad,04,15,15,male,strong,1767
60,2.0020000000000002,True,1.0,0.5017744283865647,0.4917741904726834,0.4967743094296241,0.712148109039912,-0.08759259259259267,-0.08842592592592596,0.4166876861620786,0.3104958313765032,0.19603931605314545,0.6975716190545731,0.010000237913881327,0.0008333333333332971,0.03296641889424308,0.40018308396406815,0.1196134847429027,0.11606201806592811,0.0,0.8802329274117743,0.651232342452606,0.3040771637364057,0.31777853983772625,0.41744408236572206,sad,04,15,15,male,strong,1767
70,2.3356666666666666,True,1.0,0.5135725389031884,0.521692010254395,0.5176322745787918,0.893961552855541,-0.0851851851851852,-0.08351851851851866,0.3953896033023214,0.4055843532460385,0.18490427426774547,0.5790319202490782,0.008119471351206609,0.0016666666666665386,0.030608680788910967,0.32909494463219546,0.11958625188465326,0.1160900776556057,0.0,0.8163773754519913,0.6489778759941478,0.3050456957210469,0.3155715783859407,0.41989099748435565,sad,04,15,15,male,strong,1767
80,2.6693333333333333,True,1.0,0.4804481107661486,0.4670439162218092,0.4737460134939789,0.7824535003670784,-0.08078703703703705,-0.08027777777777784,0.4110021340565474,0.35129731774668893,0.18074180452164612,0.605462194586294,0.013404194544339387,0.0005092592592592093,0.03123091137692326,0.36372182311348006,0.12462425567420739,0.11066423391477825,0.0,0.6454411422470452,0.5833702129132904,0.2902669812355106,0.3386472304373035,0.38991680045854255,sad,04,15,15,male,strong,1767
90,3.003,True,1.0,0.25845088021097384,0.2435804255522502,0.25101565288161204,0.786257019398264,-0.0811574074074074,-0.07935185185185184,0.40952934110787165,0.34642317344584905,0.17580557530590987,0.3192539420172282,0.014870454658723636,0.0018055555555555602,0.029845023370649884,0.36577248916675437,0.12504017681421045,0.11019406496067945,0.0,0.9999999987499999,0.5834158615321128,0.29156655744807114,0.3255727839551815,0.3686897883886369,sad,04,15,15,male,strong,1767
100,3.336666666666667,True,1.0,0.4879829470394416,0.4789793071583286,0.48348112709888513,0.8418252504925273,-0.07564814814814819,-0.07490740740740742,0.4038746639595681,0.3596792039550254,0.1709476243700912,0.5743248100671897,0.009003639881113024,0.000740740740740764,0.03126999415653278,0.3390293591461711,0.12374072775438669,0.11165128778950854,0.0,0.7939964313269772,0.5928323743325457,0.29107003678278764,0.32521507356528073,0.385363176394618,sad,04,15,15,male,strong,1767
0,0.0,True,1.0,0.5671773893728944,0.50517578582916,0.5361765876010272,0.48878690769685296,-0.06726851851851856,-0.06444444444444447,0.39115734470449026,0.19528791000723406,0.1799035243656609,1.0969536604969081,0.06200160354373441,0.00282407407407409,0.019601456264431195,0.5305099276950571,0.12323247218605814,0.11221201169719242,0.0,0.7468356101577915,0.6389130457026562,0.3001456779066871,0.2957252020430854,0.40713956289321274,angry,05,15,15,male,normal,1768
10,0.33366666666666667,True,1.0,0.5426384659436246,0.5115685502169285,0.5271035080802766,0.47055820526906095,-0.06675925925925924,-0.0647685185185185,0.4053249610759615,0.15453217385691428,0.1799696690837749,1.1201664367511848,0.03106991572669615,0.0019907407407407374,0.025086348552112964,0.5491247143053732,0.12065245671700561,0.11498157442806445,0.0,0.9317160800298674,0.6405365687525011,0.3000333681506695,0.29180454799362543,0.4064815539282969,angry,05,15,15,male,normal,1768
20,0.6673333333333333,True,1.0,0.5213579623119297,0.496584253361257,0.5089711078365933,0.5009843753700335,-0.06675925925925924,-0.06444444444444447,0.4039057412066007,0.18936480903264638,0.18134468499349687,1.015942078953382,0.024773708950672657,0.0023148148148147696,0.02219970648896709,0.5342777632205166,0.12195944929405886,0.11359432423192889,0.0,0.7112543989223481,0.6420051363983094,0.29869414704614333,0.29496763378223745,0.4075186725082039,angry,05,15,15,male,normal,1768
30,1.0010000000000001,True,1.0,0.5263520557221109,0.4883165086394889,0.5073342821807999,1.0312626582698592,-0.06699074074074074,-0.0665277777777778,0.39292880847951944,0.44683021967783765,0.1729700458052686,0.49195447746740917,0.03803554708262197,0.0004629629629629428,0.021809777349714354,0.28527962821215663,0.1236163838077576,0.11178894142247468,0.0,0.9999999987499999,0.6002041976790716,0.2801222576267951,0.30926808861652466,0.3799168555164601,angry,05,15,15,male,normal,1768
40,1.3346666666666667,True,1.0,0.3699817499768815,0.36804711464023,0.36901443230855574,0.8521352805843687,-0.05601851851851858,-0.05486111111111114,0.38267672462291197,0.4259047004603885,0.15416716154551766,0.43304677169979017,0.0019346353366515023,0.0011574074074074403,0.020033415316421603,0.30462799039859856,0.12338999467130779,0.11203877447158088,0.0,0.9999999987499999,0.5940616232274158,0.2791171153252136,0.30583569814650624,0.37651489248036124,angry,05,15,15,male,normal,1768
50,1.6683333333333334,True,1.0,0.45905779661458784,0.4300050072091233,0.4445314019118556,0.8852540308485694,-0.05388888888888882,-0.054629629629629584,0.3985314270087381,0.36873533884776677,0.16250751184560672,0.5021512316478757,0.02905278940546452,0.000740740740740764,0.017960085562662858,0.33365579703081394,0.12330747597275143,0.11178924923354067,0.0,0.9999999987499999,0.5872507554975115,0.2797496401070669,0.31828530662341276,0.37393617875023993,angry,05,15,15,male,normal,1768
60,2.0020000000000002,True,1.0,0.5724957120194928,0.5550278878595041,0.5637617999394984,0.8843401468022041,-0.05865740740740738,-0.058611111111111114,0.4058571780834551,0.29902298827586943,0.17712641173327864,0.6374942967115934,0.01746782415998871,4.6296296296266526e-05,0.018030317630756097,0.34032255343364076,0.11976374484113708,0.11590695920148937,0.0,0.7345286402526825,0.6450863944640357,0.29857577851154926,0.3067301295975335,0.41793311804627487,angry,05,15,15,male,normal,1768
70,2.3356666666666666,True,1.0,0.5001365086895471,0.4554986239290955,0.47781756630932126,0.7039500673828559,-0.06578703703703709,-0.06416666666666676,0.37234110017118105,0.28715632067807456,0.18132112357228436,0.6787662768266368,0.04463788476045155,0.0016203703703703276,0.02381627987859993,0.37915107167564555,0.12001639733780124,0.11564532908755991,0.0,0.818784740610547,0.6449459723342461,0.2985317367994926,0.29052563520147084,0.39731533686975834,angry,05,15,15,male,normal,1768
80,2.6693333333333333,True,1.0,0.5479076927335413,0.5470443366799567,0.547476014706749,0.8179248680479269,-0.061574074074074114,-0.061018518518518416,0.3963229213017489,0.2946762494132858,0.17506276776130897,0.6693475600190081,0.000863356053584674,0.0005555555555556979,0.025332710431273657,0.36073938472925643,0.12101519497834114,0.11459973976532849,0.0,0.6947048455075253,0.6435944051839487,0.2985400432992019,0.2990947899366741,0.41123883785011156,angry,05,15,15,male,normal,1768
90,3.003,True,1.0,0.5971963433857118,0.5607431915625387,0.5789697674741252,0.7921621061220939,-0.06064814814814817,-0.061064814814814794,0.3923330593455901,0.2866959945859765,0.17229707246693468,0.7308728390308663,0.0364531518231731,0.0004166666666666208,0.02484804169087227,0.3603367468326906,0.12681909489437668,0.10814201283860193,0.0,0.766548664042678,0.5885409509506928,0.2811302432899688,0.31006009083491537,0.3713478957520026,angry,05,15,15,male,normal,1768
100,3.336666666666667,True,1.0,0.5680648144400668,0.5384151487276257,0.5532399815838462,0.7772612457657724,-0.06138888888888894,-0.06101851851851858,0.39262730499515847,0.29294934358023794,0.17161493459470606,0.7117812506383022,0.029649665712441098,0.00037037037037035425,0.02827475785476441,0.356713877170679,0.12412880669795137,0.11121967954462335,0.0,0.8293071541865253,0.5931657933095112,0.2820479517845045,0.304311092965403,0.3701713606244628,angry,05,15,15,male,normal,1768
0,0.0,True,1.0,0.5131854267628878,0.47834614660055363,0.4957657866817207,0.7361846331321371,-0.06731481481481477,-0.06763888888888886,0.3843203587080362,0.37391613253866823,0.16128197156524468,0.6734258830865003,0.034839280162334174,0.0003240740740740877,0.03307838911588122,0.35754823274906555,0.12981163177144736,0.10453094292004024,0.0,0.6862691509254175,0.5858683924429147,0.2756896848299526,0.3164745508550642,0.3609691601682245,angry,05,15,15,male,normal,1769
10,0.33366666666666667,True,1.0,0.4838917815463982,0.47612541574905415,0.48000859864772616,0.7356679704382845,-0.06527777777777788,-0.06611111111111112,0.38522079607466053,0.37391613253866823,0.16130041934138536,0.6524799473895191,0.007766365797344077,0.0008333333333332416,0.02927238809329168,0.3713077200395042,0.12790722714343353,0.10685279132995457,0.0,0.7071067807446058,0.5848520033872925,0.27690124969331487,0.3146073913588441,0.36072021666600246,angry,05,15,15,male,normal,1769
20,0.6673333333333333,True,1.0,0.4670439162218086,0.4498733878471059,0.45845865203445724,0.7512555321162799,-0.06435185185185183,-0.0660648148148148,0.3847164651641272,0.3817393182044479,0.1606067934450297,0.6102566070202284,0.017170528374702676,0.0017129629629629717,0.03541698799234991,0.3513185272420614,0.12936602583954643,0.10490045367765656,0.0,0.7165656670655592,0.5819682049147785,0.27683788529076614,0.3162065210717095,0.3617897779791067,angry,05,15,15,male,normal,1769
30,1.0010000000000001,True,1.0,0.36665835418686343,0.36191659615545463,0.364287475171159,0.9114213446719317,-0.0694907407407408,-0.07018518518518524,0.3968639118213861,0.48832768753341277,0.16327343339026862,0.39969162155433735,0.004741758031408805,0.000694444444444442,0.03829373423252867,0.30689586843032435,0.12618927199191365,0.10887628485821449,0.0,0.9999999987499999,0.5865376225490196,0.2765358075699361,0.31306413130982336,0.36925013264653944,angry,05,15,15,male,normal,1769
40,1.3346666666666667,True,1.0,0.20471558927812766,0.1955021921253548,0.20010889070174123,0.8487331264635775,-0.07606481481481481,-0.07671296296296287,0.37130230427547734,0.4312500577578434,0.1715638020344716,0.23577363067650772,0.009213397152772862,0.0006481481481480644,0.022998505681236788,0.33352567298616637,0.12097113799186696,0.11464624521944768,0.0,0.7681835323243086,0.64195019493735,0.2953535849972492,0.2991059431518286,0.3961696308008077,angry,05,15,15,male,normal,1769
50,1.6683333333333334,True,1.0,0.5305919271366287,0.5228028061783419,0.5266973666574852,0.9764096372474879,-0.06375000000000008,-0.0641666666666666,0.3772357795586747,0.4542462596204383,0.17295240163192807,0.5394225400542464,0.007789120958286877,0.00041666666666650976,0.014091008649490356,0.28936065445528025,0.1281680813628671,0.10653976107850377,0.0,0.751401335420456,0.5882117249556073,0.2725549790149255,0.30993106941838483,0.3732645053752785,angry,05,15,15,male,normal,1769
60,2.0020000000000002,True,1.0,0.5784708328797517,0.55557705620788,0.5670239445438159,0.993151912037733,-0.065,-0.06287037037037035,0.39414925236164644,0.4312252034539685,0.18195492727998092,0.5709337490781298,0.022893776671871646,0.002129629629629648,0.008327500758021479,0.29604452310815266,0.12165414503568786,0.11392123053111439,0.0,0.7005306186205235,0.634391565321441,0.29661913505012905,0.3098637053242845,0.42440550985410075,angry,05,15,15,male,normal,1769
70,2.3356666666666666,True,1.0,0.5881331498151483,0.5862099870530181,0.5871715684340832,0.9729061570655981,-0.06435185185185188,-0.06305555555555548,0.3316116768187229,0.44010667174302387,0.18542695320541572,0.6035233348764728,0.001923162762130226,0.0012962962962964064,0.008812691062168676,0.2678464667917384,0.12173146398588484,0.11383860700982965,0.0,0.6695264232018067,0.6298972247883527,0.2960577024406065,0.3076280595853517,0.41457428264302876,angry,05,15,15,male,normal,1769
80,2.6693333333333333,True,1.0,0.5862099870530174,0.5597244117272716,0.5729671993901445,0.9964308315741301,-0.06083333333333335,-0.05995370370370362,0.3534166050377655,0.40295456476270297,0.18542695320541566,0.5750195409800688,0.026485575325745803,0.0008796296296297301,0.009731168437500385,0.2898853831466284,0.12330725978972158,0.11212982410347885,0.0,0.6727040104384306,0.623404523199905,0.29649990931424286,0.3156233744466979,0.4222129235037006,angry,05,15,15,male,normal,1769
90,3.003,True,1.0,0.6059454029012874,0.5913291054794312,0.5986372541903593,0.9373481140359681,-0.06124999999999997,-0.06032407407407403,0.35810347184411323,0.3676050132123951,0.18195492727998097,0.6386498732181674,0.014616297421856217,0.0009259259259259411,0.011596347684532876,0.3118130337532603,0.12304424992703655,0.11241837185346316,0.0,0.7165261482072814,0.6276822372855393,0.2958335635066149,0.31603733200246625,0.4225379967564949,angry,05,15,15,male,normal,1769
100,3.336666666666667,True,1.0,0.5870704193967341,0.5613847817426767,0.5742276005697053,0.8859462483347058,-0.06143518518518504,-0.06092592592592588,0.36036031504379085,0.35710414259331325,0.18058977894973985,0.6481517379288739,0.025685637654057403,0.0005092592592591538,0.00900186782406268,0.31783198088756737,0.12182080808445157,0.11374299313698165,0.0,0.9454249178312738,0.6348736983777886,0.29586709319442633,0.3097492645795785,0.4207510232518265,angry,05,15,15,male,normal,1769
0,0.0,True,1.0,0.5401704126653109,0.5068511616590502,0.5235107871621805,0.6619280028597709,-0.06476851851851856,-0.06374999999999997,0.36646082179980777,0.33793155784879986,0.16466165602418423,0.7908878078891095,0.03331925100626065,0.0010185185185185852,0.022267789787702223,0.42990270301011146,0.12416197125870392,0.11118265450880509,0.0,0.9466969628156208,0.6471149286902261,0.298526208128968,0.2990528697900826,0.3954703786917635,angry,05,15,15,male,normal,1770
10,0.33366666666666667,True,1.0,0.5018627668994153,0.4938344308610903,0.4978485988802528,0.6706592158345274,-0.06356481481481485,-0.06319444444444439,0.36973882174525513,0.33523358726210106,0.16465007217538996,0.7423272313655758,0.008028336038325035,0.0003703703703704653,0.02346862602025327,0.4209182995285667,0.12321998079768437,0.11222572834514723,0.0,0.7315702895174306,0.6449601480045145,0.29832684573155305,0.2979074458920846,0.3975692517314311,angry,05,15,15,male,normal,1770
20,0.6673333333333333,True,1.0,0.5391825286563274,0.5144817691358106,0.526832148896069,0.676967234002788,-0.0637962962962964,-0.06282407407407403,0.3650569709099254,0.3455864100816301,0.16532393237587534,0.7782240002680828,0.02470075952051687,0.0009722222222223742,0.023865467601998088,0.41930288807977784,0.1242989748961954,0.11102946730609123,0.0,0.653294601444826,0.644960645179947,0.2988363204727309,0.3017154914131538,0.39856550137287344,angry,05,15,15,male,normal,1770
30,1.0010000000000001,True,1.0,0.5481610863342797,0.5094171975446046,0.5287891419394422,0.971456188150421,-0.07657407407407407,-0.07162037037037045,0.3688958454145779,0.48566163392690725,0.17779322663045252,0.5443262891208883,0.03874388878967516,0.004953703703703627,0.01619228686007698,0.2827449962490119,0.1223143797491105,0.11321205888503118,0.0,0.663519397050398,0.6450202900925995,0.2965778465010603,0.30400052976112346,0.4080653867158745,angry,05,15,15,male,normal,1770
40,1.3346666666666667,True,1.0,0.5784852721870734,0.5446923782388499,0.5615888252129616,0.8150805538578992,-0.09657407407407398,-0.09847222222222218,0.3947942625932033,0.387497312489821,0.2160075451475421,0.6889979432767436,0.03379289394822349,0.0018981481481482043,0.01111552483244026,0.31395288436084595,0.11834469180071638,0.11735549280804815,0.0,0.7319900116968769,0.6366232321600516,0.300590665522478,0.3220461540195113,0.4196226736332466,angry,05,15,15,male,normal,1770
50,1.6683333333333334,True,1.0,0.5470047088020373,0.5155347280517929,0.5312697184269151,0.9898970857244669,-0.0762962962962963,-0.07638888888888895,0.406701233706965,0.4306695113216839,0.19865758629248406,0.5366918703857984,0.03146998075024443,9.259259259264407e-05,0.006066055858148956,0.2933599220279613,0.12103843655869573,0.1145751921037568,0.0,0.7196017697349267,0.6322048859153037,0.29696802157937713,0.3189122697277957,0.4345493845888051,angry,05,15,15,male,normal,1770
60,2.0020000000000002,True,1.0,0.5874097478016674,0.5645976266375803,0.5760036872196239,0.9464428457234215,-0.06634259259259251,-0.06324074074074071,0.40402121303559957,0.3709032773780975,0.1875146478653401,0.6085984904660044,0.02281212116408715,0.0031018518518518,0.0017699807588371186,0.3116554054054051,0.12019614881575827,0.11545849288699993,0.0,0.9999999987499999,0.6267153548294319,0.2959165709457784,0.31626780169394525,0.42925823126383644,angry,05,15,15,male,normal,1770
70,2.3356666666666666,True,1.0,0.6087768096916713,0.6020164877106179,0.6053966487011446,0.7194653720695479,-0.06490740740740747,-0.062453703703703733,0.3663026050084376,0.2961783971122368,0.18612135926937018,0.8414534906102796,0.006760321981053363,0.0024537037037037357,0.0012264735315219504,0.3644097143891165,0.12268307842179073,0.11281241083860306,0.0,0.684966434682081,0.6294704215436175,0.2960502518783066,0.31032290803556456,0.42077992194876923,angry,05,15,15,male,normal,1770
80,2.6693333333333333,True,1.0,0.6250669277359139,0.5826445841276064,0.6038557559317601,0.8332529694454636,-0.06305555555555564,-0.0616666666666667,0.37308857309394844,0.3124698635420487,0.18265935656628304,0.7246967944604277,0.04242234360830743,0.0013888888888889395,0.0033833003322417217,0.33750000000000063,0.12289112722922368,0.11241638968997063,0.0,0.7071067807446058,0.6273461614333234,0.2956452290754623,0.3138441268309154,0.4236908607781819,angry,05,15,15,male,normal,1770
90,3.003,True,1.0,0.589697628316509,0.5918637755033014,0.5907807019099052,0.8116186812799299,-0.06351851851851864,-0.06175925925925929,0.3693109764902889,0.30784088497868634,0.18264055980567517,0.7279042677754025,0.002166147186792422,0.0017592592592593492,0.0007430326717625555,0.33942369303616593,0.12125253091792254,0.11434859647588382,0.0,0.7466861571041115,0.6307407895814576,0.29643384249533544,0.3114115703936258,0.42150518945160376,angry,05,15,15,male,normal,1770
100,3.336666666666667,True,1.0,0.6119820285999871,0.5869916847006577,0.5994868566503224,0.7675635308865413,-0.06273148148148139,-0.06050925925925926,0.37192961207950886,0.3068810014399386,0.18126515292262468,0.7810257164744537,0.024990343899329415,0.0022222222222221255,0.016580338356073004,0.3582474257303404,0.12144961927025047,0.11413924719024307,0.0,0.6839628769189946,0.6366323383337711,0.29589686313485253,0.305159409453133,0.4181070066783734,angry,05,15,15,male,normal,1770
0,0.0,True,1.0,0.4986581409345573,0.4925314987502393,0.4955948198423983,0.7325993290004471,-0.0637037037037037,-0.06685185185185183,0.37088602551561867,0.35791773398811144,0.1649463625466203,0.6764882251783987,0.006126642184317965,0.003148148148148122,0.05643488975961421,0.3891704876283078,0.12855163581612075,0.10607664540213252,0.0,0.6751228041957826,0.5895139233818527,0.277520856728909,0.3020564199540499,0.3542851273231795,angry,05,15,15,male,normal,1771
10,0.33366666666666667,True,1.0,0.4934769671128138,0.47075915585664574,0.4821180614847298,0.7382583762208876,-0.06217592592592591,-0.0647685185185185,0.367871552994039,0.3606825104184084,0.1649209209996619,0.6530478718747101,0.022717811256168063,0.002592592592592591,0.05498775122131103,0.3787343504048212,0.1273159807364495,0.10755658426896145,0.0,0.8984728071375958,0.592917985834959,0.27855265558055614,0.300035288678618,0.3536061503957037,angry,05,15,15,male,normal,1771
20,0.6673333333333333,True,1.0,0.5018985711220857,0.47075915585664485,0.48632886348936527,0.7319608962597137,-0.06356481481481491,-0.06615740740740739,0.3713341038717266,0.37195372355627243,0.16358714226230153,0.6644191868370062,0.03113941526544084,0.0025925925925924798,0.05683925016850695,0.36863910236966557,0.12721710003452127,0.1076735214868713,0.0,0.7071067807446058,0.5956766872921043,0.2786686381611932,0.29925041248159023,0.3536359622618354,angry,05,15,15,male,normal,1771
30,1.0010000000000001,True,1.0,0.507975562984572,0.46563668312621787,0.48680612305539495,1.0242199432641503,-0.07194444444444442,-0.07694444444444443,0.36862664821432617,0.5113458956128453,0.17742078753825447,0.47529451682415225,0.04233887985835416,0.0050000000000000044,0.05285615785541066,0.27414303840501536,0.12163260235950231,0.11394423115370984,0.0,0.7880957231438304,0.6403526120291867,0.2994042856393217,0.30794728069375193,0.41105551341028174,angry,05,15,15,male,normal,1771
40,1.3346666666666667,True,1.0,0.45460021622290764,0.4489434551319015,0.45177183567740453,0.8071502548644276,-0.06462962962962965,-0.06842592592592595,0.3854854259003557,0.40293817010058064,0.17104935053030826,0.5597121885977551,0.005656761091006157,0.0037962962962962976,0.0420924974692673,0.3526658270049442,0.1261821767607925,0.1087093928367027,0.0,0.676152355847878,0.5890763586606518,0.2794973348160718,0.30749303457850385,0.3627684277487959,angry,05,15,15,male,normal,1771
50,1.6683333333333334,True,1.0,0.5661462344213245,0.5497016782867258,0.5579239563540251,0.8888578880507488,-0.06342592592592594,-0.065462962962963,0.40856587581761966,0.35026080452631003,0.18492201578443426,0.6276863420513075,0.01644455613459872,0.0020370370370370594,0.0333397719953564,0.3179015792493167,0.11943108302647032,0.1162497061368587,0.0,0.7071067807446058,0.6327173514640231,0.296936386781531,0.3118558030785156,0.429188451147938,angry,05,15,15,male,normal,1771
60,2.0020000000000002,True,1.0,0.5409481335355796,0.5162812683771665,0.5286147009563731,0.7464051220974368,-0.06504629629629627,-0.06476851851851856,0.4008664253348098,0.3160436254854335,0.18070803211393485,0.7082141926772134,0.024666865158413098,0.0002777777777777102,0.03445916297014786,0.36557324277061426,0.12357715809545165,0.11183230198516021,0.0,0.7447433695661708,0.638727913438813,0.295718231492255,0.3145422227707837,0.427302547080432,angry,05,15,15,male,normal,1771
70,2.3356666666666666,True,1.0,0.5806628045346897,0.532593049888702,0.5566279272116958,0.8338808124960602,-0.0643055555555555,-0.06564814814814812,0.33883926313333973,0.3787199613310567,0.18069241024054608,0.6675149720084557,0.04806975464598762,0.0013425925925926174,0.032463821932145864,0.3087073382752962,0.12398501031147519,0.11137995774883142,0.0,0.7184302424794773,0.6340673789593962,0.29523001090483236,0.30926216093751335,0.41466453030550027,angry,05,15,15,male,normal,1771
80,2.6693333333333333,True,1.0,0.5840922869797471,0.5556477191485782,0.5698700030641627,0.8958002464479283,-0.06236111111111109,-0.06347222222222221,0.36054333851620196,0.37642994272317637,0.17867900448569995,0.636157452873941,0.028444567831168888,0.0011111111111111183,0.035328101318669404,0.31856747104693944,0.12242890923734559,0.11308819546203808,0.0,0.8827161835681595,0.6283146130092662,0.2955890358141655,0.3100883915700921,0.4188251762795665,angry,05,15,15,male,normal,1771
90,3.003,True,1.0,0.593431190351177,0.5694471434795997,0.5814391669153883,0.8001313504766709,-0.061435185185185204,-0.061851851851851936,0.37263646300429926,0.33741575055396944,0.17867900448569984,0.7266796464967924,0.02398404687157729,0.0004166666666667318,0.03765517371234601,0.3457898950879858,0.12417161789368864,0.11117188079667807,0.0,0.6879037049770901,0.6321288207314176,0.2970662139510098,0.31223718586657667,0.4213646149840023,angry,05,15,15,male,normal,1771
100,3.336666666666667,True,1.0,0.614219125260502,0.5970326556001956,0.6056258904303489,0.8103766082620075,-0.06305555555555553,-0.06296296296296294,0.3683529940857603,0.3487103881350986,0.1772917355194735,0.7473388104442181,0.017186469660306458,9.259259259258856e-05,0.04072334513507505,0.3427780878323097,0.1225838442306833,0.11292023248176777,0.0,0.6944150239026388,0.6346203017066201,0.2962829534782051,0.30756515829931547,0.4162129872606133,angry,05,15,15,male,normal,1771
0,0.0,True,1.0,0.46619753506815553,0.45920417151699855,0.46270085329257704,0.5904986769354963,-0.06282407407407409,-0.061203703703703705,0.36652173476824873,0.3394025294212104,0.15908581721732418,0.783576443716775,0.006993363551156984,0.0016203703703703831,0.01765737011935905,0.46455171528256534,0.1258082021795054,0.10931639417334837,0.0,0.8079377615216448,0.6502406987873275,0.29935233229114405,0.29544750253846813,0.3933884475271988,angry,05,15,15,male,strong,1772
10,0.33366666666666667,True,1.0,0.5137663958870539,0.49656335907331534,0.5051648774801846,0.6055341445785037,-0.06430555555555562,-0.06282407407407403,0.3698905632822688,0.3541591611351772,0.15912178144899192,0.8342467258090235,0.017203036813738526,0.0014814814814815835,0.014328587398672125,0.44135243142936803,0.12225606613007457,0.11293814311188606,0.0,0.7154469040992877,0.6509152530152686,0.2991376389622308,0.2917509316631101,0.39279410563106637,angry,05,15,15,male,strong,1772
20,0.6673333333333333,True,1.0,0.491982993573477,0.46683143815253236,0.4794072158630047,0.5961478480498049,-0.06194444444444436,-0.06129629629629629,0.3641540711648925,0.36499622660759273,0.15908581721732418,0.8041750338130095,0.02515155542094466,0.0006481481481480644,0.01648599529448289,0.45051576215177114,0.12254572631549292,0.11279281353163412,0.0,0.7071067807446058,0.6495455376838236,0.29868718091847407,0.29500567093659724,0.3933872933313501,angry,05,15,15,male,strong,1772
30,1.0010000000000001,True,1.0,0.2334943741202401,0.2205551684860423,0.2270247713031412,0.9351941390511901,-0.07097222222222221,-0.0710648148148148,0.392454471462386,0.48807608610963904,0.1535219260655938,0.24275683713487692,0.012939205634197787,9.259259259258856e-05,0.012764650340543691,0.30738147211110817,0.12102782245129491,0.11458640391762341,0.0,0.6914294042161762,0.652634020928684,0.29989522776029526,0.2968549472052534,0.4029202366388804,angry,05,15,15,male,strong,1772
40,1.3346666666666667,True,1.0,0.270009762067869,0.26525208629518143,0.26763092418152523,1.3644961319058386,-0.07907407407407407,-0.07981481481481478,0.3591490712883797,0.7552627798749421,0.14349063360844366,0.19613901272678283,0.004757675772687542,0.0007407407407407085,0.02553529877417599,0.1981791691631296,0.12217335356844747,0.11268998916332287,0.0,0.9999999987499999,0.58369294896865,0.2815429203709422,0.29809367305545065,0.3487742752328025,angry,05,15,15,male,strong,1772
50,1.6683333333333334,True,1.0,0.5286330418121407,0.5448618171471402,0.5367474294796404,0.8803378702885302,-0.0666666666666666,-0.06685185185185194,0.39266526827566156,0.4200899168521341,0.17051559438468167,0.6097061680462772,0.016228775334999557,0.00018518518518534366,0.02319905671829412,0.3107190475560289,0.1209861747488254,0.11463037681891125,0.0,0.7071067807446058,0.6369227041754201,0.2987436150360991,0.3041035298819246,0.4014630298217085,angry,05,15,15,male,strong,1772
60,2.0020000000000002,True,1.0,0.5285141310381054,0.5143918019949696,0.5214529665165375,0.8931177563123539,-0.06314814814814812,-0.06268518518518512,0.3885384377998149,0.41966207493800656,0.17326223627023038,0.5838569022181298,0.014122329043135817,0.0004629629629629983,0.02547655760431505,0.31366802436837693,0.12712275873012072,0.10778488754716796,0.0,0.8131113951493399,0.5845477015337385,0.27729466216769877,0.3137116427667907,0.3743164851677835,angry,05,15,15,male,strong,1772
70,2.3356666666666666,True,1.0,0.576882921517338,0.5525475885393388,0.5647152550283384,0.984019133752121,-0.06337962962962951,-0.06504629629629627,0.3339441415146754,0.46828198582815317,0.17519215524607729,0.5738864577511282,0.02433533297799917,0.0016666666666667607,0.02204707554158525,0.29615932933574635,0.12056724929797102,0.11490523146855636,0.0,0.8700001476860927,0.6427574920358768,0.2947227661238122,0.2956145435314443,0.4078351021020398,angry,05,15,15,male,strong,1772
80,2.6693333333333333,True,1.0,0.5973060546370368,0.5832999028369183,0.5903029787369776,1.0309768845457392,-0.060462962962962996,-0.06046296296296305,0.3483352094291318,0.44041426141339574,0.17446349453695598,0.5725666477935363,0.014006151800118438,5.551115123125783e-17,0.02186784974848316,0.28655663693912037,0.12063116148845274,0.11483813260449391,0.0,0.7166664674482404,0.6383214293686226,0.2956137625101469,0.2996982322340859,0.41239735102199776,angry,05,15,15,male,strong,1772
90,3.003,True,1.0,0.5868494101345711,0.5573362505820458,0.5720928303583085,0.9700802112226218,-0.060972222222222205,-0.06064814814814812,0.353517359826126,0.41851844695489127,0.17523047393116473,0.5897376564740789,0.029513159552525314,0.0003240740740740877,0.026597742640276072,0.30803144245545006,0.12375846395567111,0.11163162799757323,0.0,0.9999999987499999,0.6435296408328958,0.29473858936169,0.30727889826304733,0.41693370457146955,angry,05,15,15,male,strong,1772
100,3.336666666666667,True,1.0,0.5767659623628711,0.5607431915625375,0.5687545769627043,0.9330974156762327,-0.061712962962962914,-0.06199074074074079,0.3597611304835627,0.3859881201539889,0.17446349453695598,0.6095339751321864,0.016022770800333652,0.0002777777777778767,0.026693415292704113,0.30890228414375287,0.11923983212360313,0.11578956954099867,0.0,0.9999999987499999,0.6415673964976616,0.2969687198974282,0.2969879030167175,0.41180929689732565,angry,05,15,15,male,strong,1772
0,0.0,True,1.0,0.46697973906956863,0.4430101147642557,0.4549949269169122,0.5725926177051331,-0.06717592592592597,-0.0636574074074075,0.3769690041256803,0.34352160593243203,0.15835694254147833,0.7946224118998684,0.02396962430531291,0.0035185185185184764,0.009125349785861726,0.46468946798813415,0.12625541804634505,0.10879957345766811,0.0,0.8148309629128949,0.6500999439854067,0.29749428540277323,0.3014441164407286,0.4017709042904063,angry,05,15,15,male,strong,1773
10,0.33366666666666667,True,1.0,0.47563938124071187,0.4490452436712564,0.4623423124559841,0.5772323965521112,-0.06740740740740736,-0.06388888888888883,0.3718785963262185,0.34630519802112014,0.1569682625520711,0.8009639015717388,0.026594137569455445,0.003518518518518532,0.005532674689364843,0.4506493528007693,0.12158489447268206,0.11399513676422786,0.0,0.8883635286543149,0.6499482402492247,0.29783665629756917,0.2948182379782225,0.39932651275514425,angry,05,15,15,male,strong,1773
20,0.6673333333333333,True,1.0,0.30165767535507565,0.3085754016845434,0.3051165385198095,0.9348145151768675,-0.07865740740740734,-0.07768518518518525,0.3551801814188092,0.5062688776315615,0.1596811317257304,0.326392598281469,0.006917726329467744,0.0009722222222220966,0.016972081072436074,0.2816938822303343,0.12102165178312485,0.11459292111602208,0.0,0.7071067807446058,0.6359238914940976,0.30567828513647305,0.28893035485875573,0.38121458833488087,angry,05,15,15,male,strong,1773
30,1.0010000000000001,True,1.0,0.5101537853614101,0.5603850251197077,0.5352694052405589,0.9968843802041639,-0.08615740740740746,-0.09115740740740741,0.44416078053833336,0.5883059802959806,0.16946065300579047,0.5369423133412268,0.050231239758297574,0.004999999999999949,0.022871937492791268,0.2720532375367244,0.1197616516508878,0.11590912200382149,0.0,0.9999999987499999,0.6478678348370599,0.3014920128364073,0.31379156148622495,0.42314466620495944,angry,05,15,15,male,strong,1773
40,1.3346666666666667,True,1.0,0.5083233696710946,0.4956421243669882,0.5019827470190414,1.1342253703202274,-0.062453703703703733,-0.0587037037037037,0.3445666729019852,0.6507367724015728,0.14862959163552023,0.4425776041998743,0.012681245304106414,0.003750000000000031,0.0387660974309464,0.23694046296120752,0.12620568433349766,0.10885725980622984,0.0,0.6904817216178217,0.5816756564891581,0.2787244452453284,0.3214027958572762,0.38386416607872176,angry,05,15,15,male,strong,1773
50,1.6683333333333334,True,1.0,0.44349192915824925,0.41072915065892074,0.427110539908585,1.0660477182284187,-0.0500462962962962,-0.04601851851851846,0.3618499374516693,0.5756436228543838,0.13984762952408927,0.4006486131956331,0.032762778499328515,0.004027777777777741,0.04328446912274304,0.26133461382462564,0.125261585844556,0.10994231615720469,0.0,0.9999999987499999,0.5911209071753701,0.2775838743722277,0.30572424493571126,0.3605121015367698,angry,05,15,15,male,strong,1773
60,2.0020000000000002,True,1.0,0.5253961874339281,0.5484341486926744,0.5369151680633013,0.9201371508359303,-0.05069444444444443,-0.047407407407407454,0.40808496733472,0.44024122322021364,0.150896821512813,0.5835164546671354,0.023037961258746242,0.0032870370370369772,0.037585920427119085,0.3120349489854712,0.12552795019255508,0.10946418383795194,0.0,0.7071067807446058,0.5928577060980642,0.27752429538516854,0.31243234100655704,0.37491478676060086,angry,05,15,15,male,strong,1773
70,2.3356666666666666,True,1.0,0.5748719672006737,0.5960158441765847,0.5854439056886291,1.1442490635563138,-0.06939814814814815,-0.07064814814814813,0.3198525468616328,0.5388058062594274,0.17871828314399812,0.5116402751242599,0.021143876975911025,0.0012499999999999734,0.04016181025259146,0.24746390441073532,0.12336667653148731,0.11189431149169202,0.0,0.9999999987499999,0.5862400902939301,0.2759853720654019,0.3153634292755108,0.37459097989196916,angry,05,15,15,male,strong,1773
80,2.6693333333333333,True,1.0,0.5873735300278125,0.578291402704104,0.5828324663659582,0.884109058739033,-0.058240740740740815,-0.056805555555555554,0.372855199748947,0.4065658984145723,0.16766899214347347,0.6592314156323964,0.0090821273237085,0.0014351851851852615,0.03732295954466971,0.3360684339554409,0.12153371968472816,0.11354743901500436,0.0,0.9999999987499999,0.633247600501138,0.29641994229036095,0.3087397475988653,0.4135538363314456,angry,05,15,15,male,strong,1773
90,3.003,True,1.0,0.570452402744448,0.5597244117272705,0.5650884072358593,0.9632425890210489,-0.05814814814814817,-0.05699074074074084,0.3563075452712261,0.42299722556727803,0.16905535162798746,0.5866522241403,0.010727991017177474,0.0011574074074073293,0.03656690501330783,0.3125651113789585,0.12273401497640365,0.11275699241270695,0.0,0.823250647132318,0.6386460079187926,0.29751211070828426,0.30775657439402815,0.41521529306092514,angry,05,15,15,male,strong,1773
100,3.336666666666667,True,1.0,0.5159510173776866,0.5233797903962437,0.5196654038869651,0.9145315130780124,-0.06124999999999997,-0.05819444444444438,0.37082521732644724,0.393583769743212,0.16695252381865452,0.5682312708262423,0.0074287730185571554,0.003055555555555589,0.042582299574269906,0.31726132257011475,0.12498024752917104,0.10991591150861364,0.0,0.6976305586768032,0.5910264785679897,0.27812642408195715,0.31619010390538255,0.3775866593539697,angry,05,15,15,male,strong,1773
110,3.6703333333333332,True,1.0,0.5281287482231185,0.51495838533844,0.5215435667807793,0.895479471288221,-0.062453703703703733,-0.05791666666666667,0.3665927912483772,0.390634846222164,0.16686841833475677,0.5824182278913618,0.013170362884678544,0.004537037037037062,0.03897278163394978,0.3274306341226915,0.12765023255671493,0.1069817365314679,0.0,0.9999999987499999,0.5932994691548495,0.27784015724641453,0.3155467491841794,0.3774433397755971,angry,05,15,15,male,strong,1773
0,0.0,True,1.0,0.5087698939048926,0.4515872160682072,0.4801785549865499,0.5628142275831445,-0.06481481481481483,-0.06490740740740736,0.36010789638530294,0.3326626378293713,0.16201336077128822,0.8531741584581978,0.0571826778366854,9.259259259253305e-05,0.054982194967258764,0.4793785064290405,0.1260816155128845,0.10900093577694484,0.0,0.8257098380606887,0.6242721657881903,0.29904605049693894,0.3000780674537375,0.38490305903892547,angry,05,15,15,male,strong,1774
10,0.33366666666666667,True,1.0,0.4754952426363004,0.4755941435021988,0.4755446930692496,0.5905955602140166,-0.06402777777777785,-0.06490740740740741,0.36192857970572595,0.3464272657040884,0.1613836446126335,0.8051951709507001,9.89008658984214e-05,0.0008796296296295636,0.0522363543564577,0.4554871639468951,0.12393242977382563,0.11143846113752015,0.0,0.7834896195305354,0.6243099336218862,0.30014529928893785,0.2985710708534992,0.3859219800059599,angry,05,15,15,male,strong,1774
20,0.6673333333333333,True,1.0,0.5087698939048918,0.49038077861468776,0.4995753362597898,1.1227033743774548,-0.06407407407407412,-0.06449074074074074,0.3502855193759647,0.5380348939878475,0.16124790858751442,0.4449753582835778,0.01838911529020404,0.0004166666666666208,0.04247936996756398,0.23885552721427541,0.12316017691621536,0.11229135582168578,0.0,0.8213238784139618,0.6258525888871173,0.3021116253336966,0.3070234560374095,0.4017467150763705,angry,05,15,15,male,strong,1774
30,1.0010000000000001,True,1.0,0.5111618882838782,0.5119049457993785,0.5115334170416284,1.07088949749511,-0.07874999999999999,-0.08800925925925929,0.35826393233570253,0.5796230957127989,0.1828059049670385,0.4776715228211155,0.0007430575155003005,0.0092592592592593,0.043231158270549,0.2788115324624812,0.12154892326306248,0.11403349079836013,0.0,0.7731269428136298,0.6319182026091688,0.29983395174963,0.30832780938087906,0.4071099996713805,angry,05,15,15,male,strong,1774
40,1.3346666666666667,True,1.0,0.5387386730969007,0.5269079103343026,0.5328232917156017,0.8237375081937783,-0.06314814814814823,-0.0641666666666666,0.3886743329566522,0.4183362199305468,0.17033652800298388,0.6468362632702394,0.01183076276259809,0.0010185185185183632,0.0398236302604784,0.3171427638834444,0.12317291087792354,0.11227738773224603,0.0,0.9141913722101894,0.6242132310814952,0.3012338264048949,0.31675738095804795,0.4062072409438323,angry,05,15,15,male,strong,1774
50,1.6683333333333334,True,1.0,0.5323993498734197,0.5131521220181432,0.5227757359457814,0.8988798015800455,-0.06203703703703706,-0.06310185185185191,0.39465453050742294,0.39555245440033265,0.17443200565814035,0.5815858082769791,0.01924722785527655,0.0010648148148148517,0.03044600209279772,0.29367773172401507,0.1276512002200861,0.10715852207441655,0.0,0.6929572195977567,0.6011180124627976,0.27173373120791894,0.31568382167523035,0.3731957637226472,angry,05,15,15,male,strong,1774
60,2.0020000000000002,True,1.0,0.5312387417027666,0.5091295830479624,0.5201841623753645,1.0060326318530726,-0.06430555555555562,-0.06444444444444453,0.37812354592580666,0.5448678341260508,0.16684967166293077,0.5170649001883822,0.02210915865480423,0.0001388888888889106,0.023584987713211644,0.29431683711998463,0.12178138643531031,0.11328177190165203,0.0,0.9999999987499999,0.6271197595209959,0.2996066526096079,0.3182208753634941,0.4195673847321071,angry,05,15,15,male,strong,1774
70,2.3356666666666666,True,1.0,0.5776414377117454,0.5663818855212913,0.5720116616165183,1.0298722464663967,-0.06333333333333335,-0.0625,0.3296926853932655,0.4825848912741929,0.17367438083230521,0.555420017948005,0.011259552190454047,0.0008333333333333526,0.020254329301595795,0.264042663177833,0.1263103389587811,0.10873580846513752,0.0,0.8182222725305389,0.5924941018438625,0.2721092770372938,0.3132675875556299,0.3636832938653481,angry,05,15,15,male,strong,1774
80,2.6693333333333333,True,1.0,0.5818903214537394,0.5463544397292901,0.5641223805915148,0.8735218694737683,-0.06259259259259259,-0.06250000000000006,0.36716660340392115,0.38623051817295484,0.17101187951141814,0.6458022406827162,0.035535881724449325,9.259259259253305e-05,0.027356564790496477,0.3057396785167675,0.12727392105990198,0.10760635106109091,0.0,0.6633622324925056,0.5925123992174995,0.27373201380817447,0.31436685426974753,0.3663929744807998,angry,05,15,15,male,strong,1774
90,3.003,True,1.0,0.5869626089859051,0.5550730823584225,0.5710178456721637,0.8369173048924533,-0.060416666666666674,-0.06115740740740744,0.36904501398498646,0.34696624445286633,0.1738048018928137,0.6822870579137343,0.03188952662748268,0.000740740740740764,0.02989044940859377,0.3275808213914451,0.12727261332849096,0.10760789779104907,0.0,0.9595007466444078,0.5927878552045818,0.2738493804242946,0.3115823566087687,0.365864064710791,angry,05,15,15,male,strong,1774
100,3.336666666666667,True,1.0,0.5382485473447104,0.5217116616160187,0.5299801044803645,0.8146190975121302,-0.05902777777777779,-0.059629629629629755,0.3669437844032904,0.3354436386126818,0.1738048018928137,0.6505863981079485,0.01653688572869172,0.0006018518518519644,0.03317609496365137,0.3423698568657066,0.12626833314149707,0.1087845844605001,0.0,0.7350822125265157,0.5917779798403737,0.27326668987598557,0.31325671580599673,0.36629668174319746,angry,05,15,15,male,strong,1774
0,0.0,True,1.0,0.5087083379868796,0.48432582023290255,0.49651707910989107,0.5507930988842479,-0.06064814814814812,-0.06324074074074071,0.3709271861971338,0.3327919154564893,0.15984445805721553,0.9014584244350469,0.024382517753977095,0.002592592592592591,0.03410754549531183,0.49396017787018454,0.125580145322502,0.10957830474747961,0.0,0.8475236172715731,0.6301878132971938,0.2984667376168998,0.30238676592854613,0.3943983184971495,angry,05,15,15,male,strong,1775
10,0.33366666666666667,True,1.0,0.5000600894063667,0.48725199920700013,0.4936560443066834,0.5154369304980849,-0.06185185185185177,-0.062129629629629535,0.3720751036586193,0.30689524383713424,0.15916636581052196,0.9577428684235841,0.012808090199366573,0.0002777777777777657,0.03328655045623148,0.5207288781448164,0.1235988680249559,0.11180830735355925,0.0,0.8063752962960088,0.6326565656028037,0.2968362894163902,0.3037767291555266,0.39501772094678206,angry,05,15,15,male,strong,1775
20,0.6673333333333333,True,1.0,0.5103005421413521,0.4876634152647097,0.4989819787030309,0.5939829760727896,-0.06550925925925932,-0.06574074074074071,0.3767464119141416,0.3532762602266771,0.16119112096195748,0.8400610771745135,0.022637126876642433,0.00023148148148138814,0.016718501159508094,0.4707826937596308,0.12296637698750999,0.11233407298382136,0.0,0.7465318228930365,0.6353596427399084,0.29837666547139685,0.3013317388429419,0.3973687205427994,angry,05,15,15,male,strong,1775
30,1.0010000000000001,True,1.0,0.5422300460310111,0.48725493051003027,0.5147424882705207,1.5259500735776688,-0.09768518518518515,-0.09569444444444442,0.3269995686999907,0.8116174470959061,0.19863569437991274,0.33732590415863367,0.05497511552098083,0.0019907407407407374,0.021346694128059174,0.1882171874814993,0.11860080692723021,0.11709665394871302,0.0,0.838664617219486,0.6272588736432073,0.3006516707586477,0.3355343417837456,0.4295950179538479,angry,05,15,15,male,strong,1775
40,1.3346666666666667,True,1.0,0.5593725197015839,0.5593725197015832,0.5593725197015835,0.9089163759684289,-0.0665277777777778,-0.0665277777777778,0.3785759948937346,0.46127691154048905,0.1736326429790066,0.6154279254849879,6.661338147750939e-16,0.0,0.004683610900456351,0.29978715726755323,0.1257837655783635,0.10934451100701233,0.0,0.8120417078689584,0.589524576416504,0.2760458137067304,0.3178558611197009,0.3733673210173243,angry,05,15,15,male,strong,1775
50,1.6683333333333334,True,1.0,0.5100652576109047,0.5355378998134462,0.5228015787121755,1.0250816136277776,-0.07314814814814818,-0.07990740740740732,0.4028869909563328,0.47360165175196306,0.1861443130964601,0.510009712165233,0.02547264220254153,0.006759259259259132,0.006506723569475206,0.27768283452405035,0.1265136517408033,0.10814742622358135,0.0,0.7705077566074721,0.5873883995629502,0.2743406912538489,0.3293628070129753,0.3875103910825083,angry,05,15,15,male,strong,1775
60,2.0020000000000002,True,1.0,0.5925674531198685,0.5734410643999209,0.5830042587598947,0.9670177863649725,-0.06615740740740733,-0.0687962962962963,0.40250434884980824,0.4050903426385765,0.17847264970529494,0.6028888682093556,0.01912638871994754,0.0026388888888889683,0.0005741280236794521,0.30404527023062744,0.12001341037187406,0.11564842887339483,0.0,0.8244463750650125,0.6230404128604567,0.30368052353325975,0.30815001073232073,0.4167114397296829,angry,05,15,15,male,strong,1775
70,2.3356666666666666,True,1.0,0.6537627758814364,0.634110040465496,0.6439364081734662,1.1629092411910484,-0.06527777777777771,-0.06949074074074074,0.318456216858292,0.5399047164234919,0.18819606603570535,0.553728859798163,0.01965273541594037,0.004212962962963029,0.0023940550433098288,0.2330281907769627,0.12074770169853441,0.11488154901698255,0.0,0.7801225028674958,0.616061815085409,0.3033265807245473,0.30798224891463594,0.4115395861507048,angry,05,15,15,male,strong,1775
80,2.6693333333333333,True,1.0,0.6277702745752326,0.6389844078960756,0.633377341235654,0.9325485515870974,-0.06208333333333327,-0.06037037037037035,0.3467606221675902,0.3910043842507108,0.1777988050529181,0.679189668095794,0.011214133320842978,0.0017129629629629162,0.012539299237181074,0.3088382903241966,0.12207664323515482,0.11346836980643994,0.0,0.7071067807446058,0.6208981352931797,0.30010352162738707,0.31030640258512265,0.4138643750818565,angry,05,15,15,male,strong,1775
90,3.003,True,1.0,0.5666000936322625,0.5764214265617349,0.5715107600969986,0.8631451557440533,-0.063425925925926,-0.06092592592592594,0.36201170979395614,0.35231162414023903,0.17648618189208862,0.6621258965467306,0.009821332929472404,0.0025000000000000577,0.014615431933887481,0.3317814664237895,0.12224116679103673,0.11329110694002396,0.0,0.6764858915221273,0.6248835123502525,0.298682184765477,0.30771815374620937,0.4097797516937277,angry,05,15,15,male,strong,1775
100,3.336666666666667,True,1.0,0.6010953154834331,0.6012760092330899,0.6011856623582614,0.846245373707683,-0.06143518518518515,-0.05870370370370365,0.3659678763947094,0.3368190023843686,0.1744175713554424,0.7104153015623195,0.00018069374965679064,0.0027314814814815014,0.02419175047856891,0.32787800947829504,0.1210556459927681,0.11439057826408763,0.0,0.7071067807446058,0.6259235785407914,0.29977426954258185,0.30644099374977035,0.4108485755272157,angry,05,15,15,male,strong,1775
0,0.0,True,1.0,0.510441107076929,0.517610479043602,0.5140257930602655,0.7256552940468299,-0.06374999999999992,-0.06097222222222215,0.36315886314438733,0.35539958447581,0.16458518755548326,0.7083608391990771,0.007169371966672999,0.002777777777777768,0.011180166574499821,0.3908135549628009,0.12272603700453197,0.11276567567890042,0.0,0.788009081445255,0.6347567216027036,0.30128839600720053,0.2987931086283544,0.39714177775281095,fearful,06,15,15,male,normal,1776
10,0.33366666666666667,True,1.0,0.45113721236088233,0.44438792332131677,0.4477625678410996,0.7070863649731307,-0.061574074074074114,-0.05782407407407408,0.3728090729475121,0.3318758147702402,0.16599474496508415,0.6332501799240812,0.006749289039565565,0.003750000000000031,0.009515429163853008,0.3793508523806844,0.12297962964883746,0.1124890592979603,0.0,0.911815415684534,0.6380397715101666,0.3001142126394904,0.2986861852499393,0.3918815100890136,fearful,06,15,15,male,normal,1776
20,0.6673333333333333,True,1.0,0.5161975701038165,0.5120086741027785,0.5141031221032974,0.8073392021614407,-0.06064814814814817,-0.05736111111111103,0.3658663524882528,0.35961411052035447,0.16672204687006273,0.6367870168163766,0.0041888960010380005,0.0032870370370371438,0.008828279757378958,0.33797171615425886,0.12222879360429392,0.11330445615388912,0.0,0.6922158383553753,0.6386675812825131,0.30096442777654675,0.30017795165467065,0.39480414400416475,fearful,06,15,15,male,normal,1776
30,1.0010000000000001,True,1.0,0.5213038404721915,0.5361466704005211,0.5287252554363563,0.9295492676445468,-0.05884259259259261,-0.056203703703703645,0.37523743325787706,0.40755634149864833,0.16602783406449753,0.568797452528936,0.014842829928329637,0.0026388888888889683,0.01781840841291615,0.30326372873157903,0.12019468328985272,0.11546001852989712,0.0,0.7029878759286492,0.645460044353679,0.30043008708971175,0.3024817452150178,0.40137001528755667,fearful,06,15,15,male,normal,1776
40,1.3346666666666667,True,1.0,0.26650746161501687,0.2514473341635395,0.2589773978892782,1.0045050965908446,-0.07393518518518521,-0.06995370370370368,0.36427567188488286,0.4440203687829092,0.16876130242820966,0.2578159123017023,0.01506012745147739,0.00398148148148153,0.012311599713446792,0.27755254994219747,0.12204528294850316,0.1135020998939249,0.0,0.6622589102385367,0.6413780412477492,0.29940087562226403,0.2987515562530569,0.38189506142263563,fearful,06,15,15,male,normal,1776
50,1.6683333333333334,True,1.0,0.48550969906918384,0.5038415336359516,0.49467561635256774,0.6300744103562261,-0.04699074074074078,-0.04629629629629628,0.36283558952249856,0.31503720517811307,0.16251173710617217,0.7851066607718479,0.01833183456676779,0.0006944444444444975,0.010290927895832606,0.4323120119028374,0.1245880373867193,0.1107050076121426,0.0,0.8409461601117911,0.6059787178543292,0.27233244688766284,0.2927512570456524,0.3487776261431246,fearful,06,15,15,male,normal,1776
60,2.0020000000000002,True,1.0,0.5865325264836837,0.5643738977072316,0.5754532120954576,0.8379910946742684,-0.05564814814814806,-0.05472222222222223,0.3646306144625581,0.3900809582890414,0.16945570055431014,0.6867056413280136,0.02215862877645214,0.0009259259259258301,0.009635636867780493,0.32972587323513247,0.12363930807556917,0.11142213143520023,0.0,0.7429441785099898,0.604942883723802,0.27602306508396335,0.3001091337989359,0.3577450476704539,fearful,06,15,15,male,normal,1776
70,2.3356666666666666,True,1.0,0.5576707611383888,0.5503820057365987,0.5540263834374937,0.874262544908118,-0.058333333333333404,-0.056342592592592555,0.3617342485023024,0.37154525427239,0.16666849771129608,0.6337071016758701,0.007288755401790081,0.0019907407407408484,0.010257788910021099,0.3374851694346259,0.1228188908779554,0.11266453662881383,0.0,0.7071067807446058,0.6346515455713535,0.298559027935175,0.3121286619774029,0.4082690028383737,fearful,06,15,15,male,normal,1776
80,2.6693333333333333,True,1.0,0.5667441047764444,0.5448028673835132,0.5557734860799788,0.8451230653215274,-0.06083333333333324,-0.05870370370370376,0.36380306265312384,0.386115656400719,0.16388888888888886,0.6576243258353558,0.02194123739293119,0.0021296296296294814,0.010664549410375687,0.33017629939789217,0.12197746472997126,0.11357497905878802,0.0,0.7001176046886777,0.6413453430825455,0.29866987031249936,0.3070500690265564,0.40943305957215526,fearful,06,15,15,male,normal,1776
90,3.003,True,1.0,0.5670882497382702,0.5439092093930173,0.5554987295656437,0.8668465739756489,-0.061388888888888826,-0.060462962962962996,0.36799530564946564,0.4045284011886357,0.16250046950052366,0.6408270462648775,0.023179040345252866,0.0009259259259258301,0.011708080004853148,0.328548007759562,0.12202884195730723,0.11351977581282006,0.0,0.7071067807446058,0.6428995474752401,0.2992498991135005,0.30745259222232846,0.41020157149136255,fearful,06,15,15,male,normal,1776
0,0.0,True,1.0,0.5280525685049742,0.5002028699416704,0.5141277192233222,0.8541171848531833,-0.06027777777777776,-0.05907407407407406,0.3682517803026225,0.39079614974345717,0.15915054698284348,0.6019404928747536,0.02784969856330377,0.0012037037037037068,0.018840500614315893,0.3374769564894064,0.12291979117119292,0.11255444331006301,0.0,0.6837329795375034,0.6455847615374274,0.3000242556461312,0.3028708721598771,0.4065972318773141,fearful,06,15,15,male,normal,1777
10,0.33366666666666667,True,1.0,0.5200186322120097,0.5002028699416704,0.5101107510768401,0.933572497877272,-0.06050925925925932,-0.05888888888888888,0.3736469605819113,0.4020188489493039,0.15984445805721553,0.5464072176898034,0.01981576227033932,0.0016203703703704386,0.015952604810191652,0.29772836297159216,0.12168816652457938,0.11388488880444182,0.0,0.8353734267917262,0.6416748317139356,0.3012093327929361,0.30331331805777817,0.4094861855180268,fearful,06,15,15,male,normal,1777
20,0.6673333333333333,True,1.0,0.5207740343707673,0.4793253600462663,0.5000496972085168,0.9329541285102536,-0.06106481481481485,-0.06027777777777776,0.37903803327374214,0.38153836104481115,0.15850718807978417,0.5359852986630746,0.041448674324501,0.000787037037037086,0.02089253961076522,0.30164020441731204,0.12232793588749627,0.11319741106445803,0.0,0.8941052620350459,0.6421019694909214,0.3007008833693408,0.3021465079275264,0.40697587386913364,fearful,06,15,15,male,normal,1777
30,1.0010000000000001,True,1.0,0.5096558325343092,0.4777743970924404,0.4937151148133748,0.8202265638530437,-0.060462962962962996,-0.0593981481481482,0.4050194682609882,0.33722636159352026,0.16055405583427368,0.6019252930484601,0.03188143544186883,0.0010648148148147962,0.019668220397917636,0.3595312195709097,0.12010798725282813,0.11555020193821054,0.0,0.7071067807446058,0.6484586834108644,0.3000528275141537,0.3048644926795353,0.413402829180356,fearful,06,15,15,male,normal,1777
40,1.3346666666666667,True,1.0,0.49276937710199065,0.46704391622180913,0.47990664666189986,0.7903403914822076,-0.059537037037037,-0.05879629629629629,0.37071382035950057,0.41637666498320763,0.16126446787813886,0.6072151339271437,0.025725460880181517,0.0007407407407407085,0.03328026550882507,0.36178393519751767,0.1272654150211337,0.10761641097091652,0.0,0.7071067807446058,0.575099355195203,0.2822983021495605,0.31347515027895234,0.3564744008098046,fearful,06,15,15,male,normal,1777
50,1.6683333333333334,True,1.0,0.5347619929882318,0.4987814546897681,0.5167717238389999,0.6032445633366926,-0.05972222222222223,-0.05967592592592591,0.3684227147635758,0.31587195274588303,0.16962445256901024,0.8566537607576762,0.035980538298463705,4.629629629632204e-05,0.025661525930982833,0.4709936042670336,0.1256884736085933,0.10945403314841935,0.0,0.6938259479410092,0.5978740127535389,0.27560543182754293,0.2969033479449748,0.34963073976553544,fearful,06,15,15,male,normal,1777
60,2.0020000000000002,True,1.0,0.5304757080869924,0.5286330418121405,0.5295543749495665,0.772902654717667,-0.06268518518518518,-0.06,0.3751651710624939,0.37208732791085,0.1723502008340899,0.6851501566429565,0.0018426662748518563,0.0026851851851851793,0.024692884732142567,0.35811647016071085,0.12407469363164544,0.1112800439004746,0.0,0.8347228468911437,0.5929292203522033,0.27951546204939354,0.2948114488739288,0.3548802220936308,fearful,06,15,15,male,normal,1777
70,2.3356666666666666,True,1.0,0.5333099373214829,0.5188683951359276,0.5260891662287053,0.924790994802681,-0.06449074074074085,-0.06032407407407414,0.36863537242824884,0.4052425691622894,0.16476865225934556,0.5688735824476263,0.014441542185555267,0.004166666666666707,0.028454845727792097,0.30619752754201857,0.12323505641263673,0.11220917360613701,0.0,0.7529329001350663,0.644670532111282,0.29824120416844846,0.30972711476128634,0.41854209425032,fearful,06,15,15,male,normal,1777
80,2.6693333333333333,True,1.0,0.5313452956539166,0.5032004473399115,0.5172728714969141,0.8197545354951059,-0.06342592592592589,-0.06189814814814815,0.37817406706436113,0.3680443239055271,0.16471724715858302,0.6310094657597687,0.0281448483140051,0.001527777777777739,0.024969956833382784,0.34682454239409727,0.12193890317761466,0.11361637937357125,0.0,0.7882109602146503,0.6471416992343813,0.29920518373111926,0.30583325815217466,0.41386898447740933,fearful,06,15,15,male,normal,1777
90,3.003,True,1.0,0.5528896848244321,0.5110296880423526,0.5319596864333924,0.8199477501195066,-0.062129629629629535,-0.060879629629629506,0.3720172840081844,0.38153836104481115,0.16057068668037433,0.6487726643019142,0.04185999678207952,0.0012500000000000289,0.029114760183626017,0.3527992610923186,0.12237902037616595,0.11314218109086822,0.0,0.6948091428317454,0.6479127623393107,0.29966472751873635,0.304386047981618,0.41191584554998,fearful,06,15,15,male,normal,1777
0,0.0,True,1.0,0.5326600507061575,0.5238291148686545,0.528244582787406,0.9808807950358983,-0.06694444444444447,-0.06370370370370365,0.3503268719746549,0.4444444444444443,0.16875406896136058,0.5385410596891882,0.008830935837503051,0.0032407407407408217,0.008583313780818107,0.29881658378797643,0.12358243817188223,0.11182646710831518,0.0,0.70125553988564,0.6407525940923244,0.29983725555850643,0.3074228418777941,0.4125090017261393,fearful,06,15,15,male,normal,1778
10,0.33366666666666667,True,1.0,0.566726030483118,0.5877934035232926,0.5772597170032052,0.9109300792304874,-0.06907407407407401,-0.07314814814814818,0.35967705647635045,0.4181140633647793,0.17569618140473198,0.6337036509880628,0.021067373040174586,0.004074074074074174,0.0009318532286274608,0.31393953709934136,0.1213870084889382,0.11420583146280666,0.0,0.7325122447722517,0.6432251656131203,0.29910267350531505,0.3085102829124595,0.4148370168303115,fearful,06,15,15,male,normal,1778
20,0.6673333333333333,True,1.0,0.553763977203774,0.5502745440524247,0.5520192606280994,0.8660934169698994,-0.0675,-0.06851851851851859,0.3585885509136871,0.4031814182446084,0.17430949483188368,0.6373668819229514,0.003489433151349308,0.0010185185185185852,0.0016759423575721014,0.3301918266553731,0.12082032354968224,0.11480517056066657,0.0,0.8112493706337579,0.6388726826433698,0.30115540203492575,0.30987476020898896,0.4127865922009123,fearful,06,15,15,male,normal,1778
30,1.0010000000000001,True,1.0,0.5445251232676445,0.5361766789119319,0.5403509010897882,0.9185563201600108,-0.07046296296296306,-0.07263888888888892,0.36031415073324813,0.41481481481481475,0.17916836996525623,0.5882610453278032,0.008348444355712581,0.002175925925925859,0.002048700320329848,0.2993828401856688,0.11963329203072948,0.11604160119480428,0.0,0.9999999987499999,0.6357738850383904,0.30267858190037156,0.31696124823803645,0.4174996027998355,fearful,06,15,15,male,normal,1778
40,1.3346666666666667,True,1.0,0.5444875073204068,0.5276898532162371,0.536088680268322,0.8478269173700824,-0.08296296296296296,-0.0845833333333334,0.3918746857002208,0.3566113939623971,0.192364680643087,0.6323091061218519,0.01679765410416978,0.0016203703703704386,0.0059596372074116714,0.32180743220418984,0.12096571161485067,0.11465197069231294,0.0,0.7071067807446058,0.6358017417513881,0.30147946719335017,0.33646177752989653,0.43358252971065814,fearful,06,15,15,male,normal,1778
50,1.6683333333333334,True,1.0,0.5622233160748236,0.5556601684910697,0.5589417422829466,0.916092996771691,-0.08425925925925937,-0.08546296296296296,0.3706269717162756,0.38646180667398633,0.1993116802436792,0.6101364645867348,0.00656314758375387,0.0012037037037035958,0.005246232354166974,0.30918847304706626,0.11785535489086937,0.11768512712174896,0.0,0.8487244879848366,0.629866791122699,0.3038034879017495,0.3342456991956344,0.4281217711698214,fearful,06,15,15,male,normal,1778
60,2.0020000000000002,True,1.0,0.5667441047764424,0.5589100673497416,0.562827086063092,0.7894885308877914,-0.07981481481481484,-0.08175925925925936,0.3503456799845823,0.3567046168681978,0.19583683957687853,0.7129009023477323,0.007834037426700857,0.0019444444444445264,0.00801214717460569,0.3466065163994066,0.12081174702924044,0.11481419576823892,0.0,0.6932648275337283,0.6348900086675294,0.3009137549714394,0.3264198358205266,0.42317005482668846,fearful,06,15,15,male,normal,1778
70,2.3356666666666666,True,1.0,0.55303800723576,0.549390292676132,0.551214149955946,0.9819138670066189,-0.07666666666666672,-0.07810185185185187,0.36785989276393705,0.42597733936316523,0.1882272789446145,0.5613671101685647,0.003647714559627979,0.0014351851851851505,0.015747561123203732,0.2981570047491236,0.12147226923615881,0.11394806549151022,0.0,0.6845230442388127,0.6339571514543317,0.30022685916872865,0.3333405798137285,0.4369151722252904,fearful,06,15,15,male,normal,1778
80,2.6693333333333333,True,1.0,0.53849747383235,0.549390292676132,0.543943883254241,0.9667531844191198,-0.07652777777777775,-0.07754629629629634,0.37414326090580846,0.39806122181704634,0.18195492727998097,0.5626502110578238,0.010892818843782015,0.0010185185185185852,0.008951128598075184,0.2981468042843123,0.1213490419210437,0.11424617190509226,0.0,0.7402211446824909,0.6353604049197805,0.2996744287938208,0.32838666951681955,0.4334469865416455,fearful,06,15,15,male,normal,1778
90,3.003,True,1.0,0.5474412815661592,0.5295958091458333,0.5385185453559962,0.917221176072223,-0.07476851851851862,-0.07708333333333345,0.3733852754400463,0.4012687663023776,0.17918199577107896,0.5871196167341787,0.01784547242032597,0.002314814814814825,0.009061303936895184,0.31677958254787025,0.12365038738237832,0.11175132872035744,0.0,0.6876583532393348,0.6350758401329282,0.30036159431220094,0.32567308182412597,0.42778293364541936,fearful,06,15,15,male,normal,1778
0,0.0,True,1.0,0.49656335907331534,0.5176104790436026,0.5070869190584589,0.9773843524498407,-0.06337962962962967,-0.06337962962962956,0.36353755213513683,0.4294411645749385,0.16319865192012611,0.5188203778661196,0.021047119970287242,1.1102230246251565e-16,0.008458121148607384,0.29866916005312355,0.12340870460981217,0.11201816547722376,0.0,0.888070452386011,0.6460772446713061,0.30168419758588727,0.30723969286850555,0.4168904261828043,fearful,06,15,15,male,normal,1779
10,0.33366666666666667,True,1.0,0.497684561901265,0.5101609452950147,0.5039227535981399,0.858841754412668,-0.06749999999999995,-0.06708333333333333,0.379469196425936,0.34352160593243203,0.163211273696376,0.5867469193352798,0.01247638339374968,0.0004166666666666208,0.006604590027836045,0.32979928302933054,0.12492850023200071,0.10980134679291845,0.0,0.7410880094548317,0.59102895317502,0.27793300947192395,0.3245738434577139,0.37450377950110675,fearful,06,15,15,male,normal,1779
20,0.6673333333333333,True,1.0,0.46735107814258997,0.4499851101099885,0.4586680941262892,1.1258613222569878,-0.06847222222222227,-0.06805555555555548,0.35815646896894365,0.6001893474059014,0.15420674670795612,0.40739306436676237,0.017365968032601486,0.0004166666666667873,0.013241303328691823,0.24882049882302668,0.12706224487113305,0.10785621771132582,0.0,0.7471391594151101,0.5892399777801746,0.27834392301492533,0.31671593267972376,0.3651481298177908,fearful,06,15,15,male,normal,1779
30,1.0010000000000001,True,1.0,0.4943328422048224,0.4883080716342122,0.4913204569195173,1.0606166197436429,-0.06597222222222215,-0.06537037037037036,0.3462255922442366,0.576345475572494,0.16461299838138876,0.4632403903290449,0.006024770570610183,0.0006018518518517979,0.02824952230358149,0.27751566615454726,0.12456707685590722,0.11055639821400201,0.0,0.8418151388321616,0.5806822065701281,0.2814222650109422,0.3231895114802641,0.3801935721892906,fearful,06,15,15,male,normal,1779
40,1.3346666666666667,True,1.0,0.431600244915116,0.41545265483635485,0.4235264498757354,0.8252226725751743,-0.06541666666666657,-0.06509259259259259,0.3963009670702468,0.39893047554413397,0.16458750530379493,0.5132268706991372,0.016147590078761154,0.0003240740740739767,0.031338140643512334,0.3354620889125798,0.11772795386787964,0.11765074905229282,0.0,0.7071067807446058,0.6448725651276136,0.30001468399626724,0.288679708421863,0.39702281097976283,fearful,06,15,15,male,normal,1779
50,1.6683333333333334,True,1.0,0.5979617401218638,0.5904804857461674,0.5942211129340156,0.8630466795382828,-0.06138888888888888,-0.05995370370370373,0.36894026077457154,0.3289934308384841,0.1771802450044448,0.6885156122168444,0.007481254375696356,0.0014351851851851505,0.02800453873174938,0.33103112705875554,0.12259290047673405,0.11291040041931216,0.0,0.6992766847076947,0.5993611563219039,0.28024168462366983,0.30511460444038424,0.3794255201400713,fearful,06,15,15,male,normal,1779
60,2.0020000000000002,True,1.0,0.6158372973548013,0.6109848375264276,0.6134110674406145,0.8391979137122103,-0.060740740740740706,-0.058888888888888935,0.35326382367512627,0.3428602527148086,0.18063835658170116,0.7309492283258632,0.004852459828373679,0.0018518518518517713,0.03035459207749871,0.3288570443183051,0.12298522377734004,0.11248294316276668,0.0,0.7071067807446058,0.5968801909982743,0.2809252779116216,0.3114606598870095,0.3792617998517879,fearful,06,15,15,male,normal,1779
70,2.3356666666666666,True,1.0,0.6128166641107783,0.6065667585913508,0.6096917113510645,0.9167748487514676,-0.06069444444444444,-0.05861111111111106,0.3560966031903265,0.3380253378057609,0.1771802450044448,0.6650397446891002,0.006249905519427501,0.0020833333333333814,0.02445355101936423,0.31511372140568533,0.11930538186047732,0.11637870779854227,0.0,0.9103911537426961,0.6394337858659089,0.3015713784661589,0.29987218519506254,0.4181649334124536,fearful,06,15,15,male,normal,1779
80,2.6693333333333333,True,1.0,0.5613390944695907,0.5673430634173967,0.5643410789434937,0.8858495498307728,-0.06208333333333338,-0.06152777777777779,0.37008040501793626,0.3629142528341819,0.17160293092747084,0.6370619921309458,0.006003968947805971,0.0005555555555555869,0.024446487624530007,0.32428293059247393,0.12410174705300821,0.11090683591885922,0.0,0.8143943417542299,0.6042026590089161,0.2786793243190642,0.30969324549752997,0.3815322356034967,fearful,06,15,15,male,normal,1779
90,3.003,True,1.0,0.5464155313222198,0.5430361182899078,0.5447258248060638,0.9050345312501199,-0.06435185185185177,-0.06273148148148144,0.36746717907420895,0.3647981815001894,0.1695205211961137,0.6018840232025585,0.0033794130323119287,0.0016203703703703276,0.020127636738750055,0.31212415570856966,0.12414038149970086,0.11120675991768554,0.0,0.7071067807446058,0.6011720145870848,0.2817651955501313,0.30314109242183346,0.3711367204356775,fearful,06,15,15,male,normal,1779
0,0.0,True,1.0,0.49350296097983787,0.47904681374112,0.48627488736047897,0.8457844004361678,-0.06398148148148142,-0.061481481481481526,0.37103752609188057,0.3511517258900855,0.16673257160503405,0.5749395320009554,0.014456147238717854,0.002499999999999891,0.025594394836246204,0.33534288325274,0.12395114721741463,0.11141764166390816,0.0,0.7820542981911563,0.6457393315607494,0.30153145546230736,0.3052920844120641,0.40920519912855363,fearful,06,15,15,male,strong,1780
10,0.33366666666666667,True,1.0,0.47011350906924243,0.4777828082062044,0.47394815863772344,0.9325217130921355,-0.06421296296296286,-0.061805555555555614,0.3664176667444532,0.400553709593762,0.16465007217539002,0.5082435636443955,0.00766929913696196,0.002407407407407247,0.024196521801474722,0.3110600111136223,0.12081506318385346,0.11464464370483243,0.0,0.7947659222669617,0.6477489173638206,0.30218643362162284,0.30294196816421404,0.4082068634536491,fearful,06,15,15,male,strong,1780
20,0.6673333333333333,True,1.0,0.5031547608171582,0.5151808628549388,0.5091678118360485,0.9392753615097679,-0.06374999999999997,-0.06189814814814809,0.37183097989592584,0.41177444986725703,0.16188522218583634,0.5420857745247623,0.01202610203778065,0.0018518518518518823,0.023325664199881344,0.31300736409276564,0.12099202970150381,0.11462419691680163,0.0,0.7071067807446058,0.6474740170833959,0.29916073957481554,0.30115351463108536,0.41009802463537076,fearful,06,15,15,male,strong,1780
30,1.0010000000000001,True,1.0,0.5395297321175292,0.5395248799489112,0.5395273060332202,0.9370209932295029,-0.07092592592592589,-0.07162037037037033,0.39204988687801867,0.44111600485050334,0.17300312378010285,0.5757899875580212,4.852168618008079e-06,0.000694444444444442,0.02325449476161901,0.30458599887275195,0.12122912693728824,0.11437340841348352,0.0,0.7071067807446058,0.6513641612113594,0.29730372252590825,0.3061168644553267,0.42024860070547254,fearful,06,15,15,male,strong,1780
40,1.3346666666666667,True,1.0,0.5730688952667045,0.5936546783316685,0.5833617867991865,1.210095320957354,-0.09120370370370379,-0.09060185185185193,0.3445904461899691,0.5894909585284819,0.20152560332726183,0.4820792021058854,0.02058578306496406,0.0006018518518518534,0.026002496618052068,0.2433100817298766,0.11960311707902084,0.11590844752375744,0.0,0.7072641340869246,0.6362932556147459,0.301046809082566,0.3375458917459797,0.44209184440780397,fearful,06,15,15,male,strong,1780
50,1.6683333333333334,True,1.0,0.5803597040722799,0.5902652685586294,0.5853124863154546,0.8261256943871834,-0.07541666666666674,-0.07671296296296293,0.3702329961292036,0.32753995969777727,0.1925359403531373,0.7085029436708623,0.009905564486349494,0.0012962962962961844,0.028671769735191636,0.33681291482015624,0.11899894991453457,0.116692020674109,0.0,0.7071067807446058,0.6325283079872575,0.30128628468759727,0.3065617163632351,0.4057122220393926,fearful,06,15,15,male,strong,1780
60,2.0020000000000002,True,1.0,0.638438282356757,0.6621826183405354,0.6503104503486462,1.035604801814815,-0.06365740740740744,-0.06180555555555556,0.3372232527277388,0.4546258781820552,0.180650604530862,0.6279523320179946,0.023744335983778342,0.0018518518518518823,0.02426783039496126,0.25107619868594655,0.12056978349070661,0.11506826269220087,0.0,0.6851641419558536,0.6349201385945004,0.3002518252904926,0.3104848636835281,0.416263191776464,fearful,06,15,15,male,strong,1780
70,2.3356666666666666,True,1.0,0.6415108774328141,0.6656402354702742,0.6535755564515442,0.9773430791815242,-0.06138888888888894,-0.059537037037037055,0.3545068328433259,0.4071671365871847,0.1778876071332822,0.6687268476888187,0.02412935803746008,0.0018518518518518823,0.02815825348504424,0.2932735231271928,0.12586256660102774,0.1089044728373964,0.0,0.9999999987499999,0.5908268405956132,0.2748591056996579,0.31511665545575596,0.3796247183384042,fearful,06,15,15,male,strong,1780
80,2.6693333333333333,True,1.0,0.6252570097584457,0.6327587461954102,0.6290078779769279,0.9671922325936775,-0.06365740740740744,-0.06361111111111106,0.3702271826641269,0.39102353164782333,0.17512594867806033,0.6503442198766886,0.007501736436964501,4.629629629637755e-05,0.027775270457630574,0.29534642457298915,0.12129942507103893,0.11429885059582917,0.0,0.6976440238048158,0.6367792523884553,0.2990581638353469,0.3139859494488936,0.4190133868130239,fearful,06,15,15,male,strong,1780
90,3.003,True,1.0,0.5920960929609077,0.5856507938530361,0.5888734434069719,0.9045386682676329,-0.0658333333333333,-0.0646296296296297,0.38001977437944395,0.38951618120063186,0.17373806664523814,0.6510207513126872,0.006445299107871616,0.0012037037037035958,0.025136118096044154,0.31483262821131763,0.12232527947176551,0.1132002816798708,0.0,0.7071067807446058,0.6429164033660341,0.2981212268965807,0.31333556227842135,0.4247424083279388,fearful,06,15,15,male,strong,1780
0,0.0,True,1.0,0.46928128449357304,0.45761116480558,0.4634462246495765,0.8078562439531656,-0.06152777777777785,-0.05888888888888888,0.3781232669146555,0.33280435692417815,0.1661380834664296,0.5736741259580389,0.01167011968799303,0.0026388888888889683,0.02902861450771533,0.36184594544620685,0.12356088215721588,0.11185028462615579,0.0,0.7533582264638071,0.6026842805716036,0.2819581294284431,0.29727866806053727,0.36366862006565315,fearful,06,15,15,male,strong,1781
10,0.33366666666666667,True,1.0,0.4797242627289979,0.4707791717098081,0.47525171721940296,0.8288725801040742,-0.061851851851851825,-0.05962962962962959,0.38472546711339095,0.31751131732614224,0.16758160415573115,0.5733712619130552,0.008945091019189777,0.0022222222222222365,0.02610990637306685,0.3529752162234252,0.12461529014012243,0.11067432960570008,0.0,0.7071067807446058,0.6002574620082409,0.2827288402512293,0.29465474744481074,0.35945803005863197,fearful,06,15,15,male,strong,1781
20,0.6673333333333333,True,1.0,0.5018179879523236,0.5149147190576019,0.5083663535049627,0.9252175946446657,-0.0624074074074073,-0.0593981481481482,0.38727878829070367,0.37273067686112343,0.16260560345630964,0.5494559944033526,0.013096731105278314,0.0030092592592591005,0.025755086141678096,0.31937149397602654,0.11961190258925869,0.11606364861019991,0.0,0.7071067807446058,0.6489717645104918,0.30064786995067566,0.3012759275167435,0.41046993129154746,fearful,06,15,15,male,strong,1781
30,1.0010000000000001,True,1.0,0.5242057596667788,0.5211887142370725,0.5226972369519256,0.9366657601382121,-0.0652314814814815,-0.06675925925925924,0.3946970384553939,0.4479000902104941,0.16395591040729382,0.5580402948377207,0.0030170454297063776,0.001527777777777739,0.019738324888963595,0.3064436560744083,0.12524672581451513,0.10995924446404734,0.0,0.643664583620311,0.5871411909842061,0.27945752737399615,0.3136137589561907,0.3743031793822439,fearful,06,15,15,male,strong,1781
40,1.3346666666666667,True,1.0,0.5302960787692068,0.5534804013020203,0.5418882400356135,1.2822549012195397,-0.067037037037037,-0.06675925925925918,0.33910749647359756,0.640892008605093,0.1709476243700911,0.4226057077420637,0.02318432253281344,0.0002777777777778212,0.025428378174190098,0.23315367553870336,0.12012961939970765,0.11552771231509483,0.0,0.7049597616681489,0.6470001812443728,0.29754036453454574,0.3102821625623301,0.42562419237180815,fearful,06,15,15,male,strong,1781
50,1.6683333333333334,True,1.0,0.5083700332780039,0.4827854429924936,0.49557773813524875,0.6106266124349283,-0.0652314814814815,-0.06569444444444456,0.38605271471670555,0.30521794050961915,0.1710301699629144,0.8115888302985815,0.0255845902855103,0.00046296296296305384,0.02434117482131122,0.43406045577587343,0.12289182013812829,0.11258498262857781,0.0,0.7080418991279445,0.6476101421584259,0.2955707546791972,0.3053984999148582,0.4115143395253463,fearful,06,15,15,male,strong,1781
60,2.0020000000000002,True,1.0,0.5345136496493197,0.5270108561769585,0.530762252913139,0.8963581271695509,-0.06638888888888889,-0.06504629629629632,0.37530674732765923,0.42690693109303873,0.1764995825022167,0.5921319133783484,0.007502793472361158,0.001342592592592562,0.031916628023151136,0.31774941231850873,0.12078812464384417,0.11483904699611452,0.0,0.8370440875226678,0.6427338121498599,0.29866489986344924,0.3044578843286097,0.4113049506260737,fearful,06,15,15,male,strong,1781
70,2.3356666666666666,True,1.0,0.5413659237631031,0.5556105758124543,0.5484882497877788,0.9675372632124813,-0.06430555555555545,-0.06402777777777785,0.36029034343354904,0.454300849377334,0.16686841833475677,0.566891085896425,0.014244652049351214,0.00027777777777759916,0.03277623007568226,0.30429055515009285,0.12281152154758436,0.11267256962190832,0.0,0.9999999987499999,0.6472983563816153,0.29815355823223305,0.31085194320923537,0.42202017990340474,fearful,06,15,15,male,strong,1781
80,2.6693333333333333,True,1.0,0.5677627232487624,0.5537107804116,0.5607367518301812,0.9344097671071406,-0.06328703703703714,-0.06342592592592594,0.3865672670080393,0.39129307855755696,0.16615599208464527,0.6000972716350967,0.014051942837162379,0.00013888888888879958,0.02636192617992185,0.3032889532497335,0.12198612989540651,0.11356567211693437,0.0,0.6862795348115902,0.6464019235194078,0.2990615492871845,0.30770382072493485,0.42008719197178296,fearful,06,15,15,male,strong,1781
90,3.003,True,1.0,0.5495602086135236,0.5502503769530098,0.5499052927832667,0.8725739900777495,-0.06328703703703703,-0.06203703703703706,0.39300716950067355,0.374702648765423,0.1646876008887789,0.6302105025320182,0.0006901683394862079,0.0012499999999999734,0.028304718924859338,0.32570740436354034,0.1211905830046934,0.11441424894255763,0.0,0.7071067807446058,0.6491727930000125,0.30038344793648564,0.30721036593592727,0.42291838844212093,fearful,06,15,15,male,strong,1781
100,3.336666666666667,True,1.0,0.5286045958861365,0.5355354644632563,0.5320700301746963,0.8320415782646333,-0.06412037037037038,-0.061435185185185204,0.39155298041165115,0.33382599617283126,0.16612109145423168,0.6394752907473933,0.006930868577119775,0.0026851851851851793,0.02952428143204105,0.3470640674945706,0.12175100944670861,0.11381770279214844,0.0,0.7708446090863261,0.6488288447097589,0.29993331952837415,0.30686702357295353,0.4190963401480489,fearful,06,15,15,male,strong,1781
0,0.0,True,1.0,0.5286077673544279,0.538607241356193,0.5336075043553105,0.8536483299900735,-0.06254629629629621,-0.0600925925925927,0.36537380135281067,0.36779622789828725,0.16527962420916567,0.625090550298992,0.00999947400176504,0.0024537037037035136,0.024968850522611157,0.33139926014396054,0.12623756270117573,0.10882029008344617,0.0,0.758373773273499,0.5993842510050895,0.28244311341654355,0.29940159108106323,0.36821074245444174,fearful,06,15,15,male,strong,1782
10,0.33366666666666667,True,1.0,0.5391565066985137,0.5313684070123448,0.5352624568554292,0.9604757376242249,-0.06342592592592594,-0.06050925925925926,0.3654842596224659,0.4210686074372766,0.16319865192012611,0.5572888891284461,0.007788099686168892,0.0029166666666666785,0.02205975647514703,0.28718673070425393,0.11998224498307082,0.11551595002915845,0.0,0.7476679991367656,0.6461376003604566,0.3025406079910964,0.301327311601041,0.41178363319962225,fearful,06,15,15,male,strong,1782
20,0.6673333333333333,True,1.0,0.5570826940179091,0.560752005130698,0.5589173495743036,1.041710196304423,-0.058379629629629615,-0.05652777777777773,0.3645983213439036,0.491028539699481,0.1513934244609982,0.5365382344889413,0.0036693111127888978,0.0018518518518518823,0.015269648994550503,0.27466868449880694,0.12054398235984601,0.11509529133210641,0.0,0.7779577048844961,0.6512371297659689,0.301210993541366,0.3012375852870765,0.4133205870566224,fearful,06,15,15,male,strong,1782
30,1.0010000000000001,True,1.0,0.5016377176303574,0.5130490849166928,0.5073434012735251,0.9013878188659975,-0.05537037037037035,-0.05296296296296299,0.364023091951249,0.46539161874646484,0.1527957543480137,0.5628469684799989,0.011411367286335405,0.002407407407407358,0.023694666956299223,0.33231523255710793,0.12179591105578966,0.11376965245707062,0.0,0.7933304026568444,0.6476800267997823,0.2998761859632422,0.3025874729348713,0.4088440725098035,fearful,06,15,15,male,strong,1782
40,1.3346666666666667,True,1.0,0.5279850964937778,0.5427982967418379,0.5353916966178078,0.8369849648867386,-0.06069444444444433,-0.05967592592592591,0.38423949838917654,0.3626775471562909,0.17083511971881032,0.6396670419166459,0.014813200248060099,0.0010185185185184187,0.01800361929716777,0.32979928302932987,0.12458345225734903,0.11071016752716262,0.0,0.9999999987499999,0.5990553546496724,0.28078480450630955,0.3194976460714626,0.3805579915717352,fearful,06,15,15,male,strong,1782
50,1.6683333333333334,True,1.0,0.5574945756291235,0.5662670798822573,0.5618808277556904,0.6071063136901226,-0.0677314814814815,-0.06712962962962954,0.36360047523674927,0.318330670422707,0.1826894273605715,0.9255064806367406,0.008772504253133806,0.0006018518518519644,0.021803339790021754,0.4416845382158522,0.12388128843383642,0.11149530997357249,0.0,0.7543307837723857,0.5975390416400935,0.27735747869143823,0.3258536766026533,0.3868397569989137,fearful,06,15,15,male,strong,1782
60,2.0020000000000002,True,1.0,0.5832999028369177,0.5713666281493036,0.5773332654931107,0.8485118089322555,-0.07296296296296301,-0.07032407407407404,0.3592829160315258,0.3868709706723196,0.18892160269492647,0.6804068716729015,0.01193327468761407,0.0026388888888889683,0.02170867501957015,0.33720823474216804,0.12380811039082598,0.11157656372070492,0.0,0.6882941175148283,0.5995386587525635,0.2806565042973096,0.3161815593994945,0.3782481834740066,fearful,06,15,15,male,strong,1782
70,2.3356666666666666,True,1.0,0.5583264254253472,0.5675792126820666,0.5629528190537069,0.9064832816199099,-0.06666666666666665,-0.06319444444444444,0.3688973907109799,0.35807449600152363,0.18058977894973996,0.6210294557751745,0.009252787256719408,0.00347222222222221,0.023025045734428127,0.3210868931147576,0.1258841015030309,0.10905442133119048,0.0,0.7457407566399095,0.6027949249856192,0.2792017214410293,0.3145542323471092,0.37888575734749624,fearful,06,15,15,male,strong,1782
80,2.6693333333333333,True,1.0,0.5660234514976853,0.5726438202982154,0.5693336358979504,0.8353242488141114,-0.06699074074074074,-0.06416666666666665,0.37561381563780694,0.33118697632822885,0.17570530016452998,0.6815720203336835,0.006620368800530074,0.00282407407407409,0.014093949867814965,0.33147714736616174,0.12146339653071135,0.1141245857536723,0.0,0.733256831030649,0.6469357628754627,0.3021253632336229,0.31059229531615823,0.41766692607928635,fearful,06,15,15,male,strong,1782
90,3.003,True,1.0,0.5764662303390317,0.5818903214537408,0.5791782758963862,0.8355205711756918,-0.0672222222222223,-0.06472222222222229,0.3776177805549607,0.3455864100816301,0.17362209709164386,0.6931945135490836,0.005424091114709095,0.0025000000000000022,0.01758626104777483,0.35279926109231907,0.12247023711790958,0.11304343762719662,0.0,0.6801283265318587,0.6467776390087285,0.3017806112689871,0.3075483968448504,0.4155609573637476,fearful,06,15,15,male,strong,1782
0,0.0,True,1.0,0.579874748652833,0.5430361182899089,0.561455433471371,0.775506116439002,-0.07064814814814818,-0.06467592592592586,0.35866599673166727,0.38773037391384246,0.1715348942799473,0.7239858223807222,0.03683863036292401,0.005972222222222323,0.02515987281234245,0.3574678652868465,0.12263586634101754,0.11286373224847719,0.0,0.7260363946428432,0.6423932651107318,0.30181671472201227,0.3065256692710236,0.40635346368738356,fearful,06,15,15,male,strong,1783
10,0.33366666666666667,True,1.0,0.55964466268475,0.5383763729049991,0.5490105177948745,0.9324334428674629,-0.06555555555555553,-0.06337962962962973,0.3595975651199311,0.42108164457768815,0.16945164844089422,0.5887932506008491,0.021268289779750926,0.0021759259259258035,0.02819115390880826,0.3088764163485747,0.12103360253939133,0.11458029859583423,0.0,0.6782735676850317,0.6426184074489171,0.3026654196639045,0.3099466740242455,0.41452733219298676,fearful,06,15,15,male,strong,1783
20,0.6673333333333333,True,1.0,0.5596833257648379,0.5661462344213238,0.5629147800930809,0.9700022426078778,-0.0637037037037037,-0.062129629629629646,0.35563176666283614,0.4166530292388653,0.16599474496508415,0.580323173871917,0.006462908656485911,0.001574074074074061,0.01706469824494841,0.29913237828429334,0.12060596044684936,0.11486459910247004,0.0,0.8175740382200802,0.6391061116946779,0.3022467168089136,0.3091796475208918,0.41341277746787564,fearful,06,15,15,male,strong,1783
30,1.0010000000000001,True,1.0,0.56136590221527,0.5517444699469919,0.556555186081131,0.9651024731102028,-0.06273148148148161,-0.061712962962963025,0.34963074856539583,0.4442358126175741,0.16531516399381257,0.5766798879786719,0.009621432268278163,0.0010185185185185852,0.019766648198630297,0.32180743220419084,0.12136519738367695,0.11422900959971807,0.0,0.9271275928280434,0.6318202075439551,0.30355029355929425,0.31570262803702276,0.41503163926561787,fearful,06,15,15,male,strong,1783
40,1.3346666666666667,True,1.0,0.58486422747231,0.5775641538390113,0.5812141906556607,0.7526563311211865,-0.07124999999999998,-0.07041666666666668,0.3997705144247642,0.31578313788151935,0.17847606953301587,0.772217234643946,0.007300073633298765,0.0008333333333332971,0.018322341655479295,0.3419154038460475,0.12044989758793881,0.11519374957433455,0.0,0.7803382782304179,0.6286788205672894,0.3031406766216198,0.32448551584074814,0.4242031495534707,fearful,06,15,15,male,strong,1783
50,1.6683333333333334,True,1.0,0.5984431078222413,0.5917624922154602,0.5951028000188507,0.6685375227554169,-0.07527777777777783,-0.07694444444444443,0.36851675038191306,0.2979352003583913,0.1910121683285029,0.890156168895501,0.006680615606781126,0.0016666666666665941,0.019370887826821788,0.4041177502569994,0.12072055841672086,0.11491007155834249,0.0,0.6963572237094446,0.6290452216198981,0.30000157483617423,0.3236478199036419,0.42423581107859526,fearful,06,15,15,male,strong,1783
60,2.0020000000000002,True,1.0,0.5953450346438829,0.5973115380828936,0.5963282863633883,0.938711356767089,-0.06981481481481483,-0.06601851851851853,0.3558262856046933,0.3947918369429063,0.19097382022690002,0.635262673732995,0.001966503439010725,0.0037962962962962976,0.021270379471881328,0.2950230689946378,0.1243128242772803,0.1108422101141526,0.0,0.8201885135295698,0.5919643597048194,0.2749547634244463,0.31248667048915857,0.3795813943809778,fearful,06,15,15,male,strong,1783
70,2.3356666666666666,True,1.0,0.599506422244178,0.6162341768215089,0.6078702995328435,0.900175500432188,-0.0660648148148148,-0.0616666666666667,0.36534045230582785,0.3483976827208146,0.18333999159310857,0.6752797640471172,0.01672775457733089,0.0043981481481480955,0.01897153607950472,0.31912209113137,0.12464014225107663,0.11064634069848613,0.0,0.8891621751611769,0.5930439592477617,0.2720621226554527,0.3113571011929116,0.3822758817148151,fearful,06,15,15,male,strong,1783
80,2.6693333333333333,True,1.0,0.5725805705470121,0.5806628045346911,0.5766216875408516,0.7944449944005472,-0.06550925925925927,-0.061620370370370325,0.38082211601807814,0.28559631423684934,0.18265935656628304,0.725817006344089,0.008082233987679044,0.0038888888888889417,0.026450342112259405,0.3492287391371387,0.12486712605663038,0.11039012003237114,0.0,0.6916167769935696,0.5940447169805422,0.272745503474967,0.3127344124665862,0.3792912372171438,fearful,06,15,15,male,strong,1783
90,3.003,True,1.0,0.5378577532673317,0.5662610400603584,0.552059396663845,0.8135224190473633,-0.06574074074074082,-0.062222222222222234,0.381495033622765,0.308446945353966,0.17849957907496095,0.6786037898135713,0.028403286793026727,0.0035185185185185874,0.021358693017293484,0.3432126912901371,0.12723909709179215,0.10764752640863125,0.0,0.8405814025939218,0.5989220296556121,0.2733437224547004,0.3152242244536194,0.3828970789487634,fearful,06,15,15,male,strong,1783
100,3.336666666666667,True,1.0,0.5827400430265661,0.6012760092330904,0.5920080261298283,0.8006894410787884,-0.06666666666666665,-0.06259259259259259,0.3811121340075086,0.30188217170125603,0.17641656880366086,0.7393728401516092,0.018535966206524312,0.004074074074074063,0.01777388664761877,0.3492287391371394,0.12028084270292869,0.11537025894223454,0.0,0.9016418580225772,0.6344270933607818,0.300697731068348,0.3101948037408259,0.41392575230296597,fearful,06,15,15,male,strong,1783
0,0.0,True,1.0,0.6388335108821868,0.6168284412765564,0.6278309760793717,0.7720565328856372,-0.06375000000000008,-0.06939814814814804,0.35946855538204225,0.1334301464941381,0.21640453076962263,0.8131930102745089,0.022005069605630312,0.005648148148147958,0.03054824250439748,0.3824172049045556,0.11811367060598114,0.11758800357738744,0.0,0.8464430878495004,0.5772103724145908,0.28713473520322425,0.3158902971028261,0.3938011433358614,disgust,07,15,15,male,normal,1784
10,0.33366666666666667,True,1.0,0.6067019400352738,0.5808158098844166,0.5937588749598453,0.7911248876412764,-0.05810185185185174,-0.06074074074074076,0.3640176597404763,0.1681521979841135,0.20041498999049598,0.7505248339868638,0.025886130150857167,0.002638888888889024,0.028403185028896518,0.3680736542059181,0.11914044706243979,0.11654755099615732,0.0,0.9999999987499999,0.5952178810743047,0.2798249122207974,0.31785191393160966,0.3876535663646998,disgust,07,15,15,male,normal,1784
20,0.6673333333333333,True,1.0,0.6068082134935746,0.5645050800729743,0.5856566467832744,0.642825279648195,-0.05699074074074073,-0.05907407407407406,0.3806495974591401,0.13948415525404012,0.19423177563420363,0.9110666075605991,0.042303133420600325,0.002083333333333326,0.03542315695545342,0.44419260998819526,0.11784971372797826,0.1178525466153889,0.0,0.8369294528111074,0.6106237849514806,0.3108838123245668,0.30731742162002995,0.4011555490846812,disgust,07,15,15,male,normal,1784
30,1.0010000000000001,True,1.0,0.26791245622208215,0.2736014125083346,0.27075693436520837,0.7627884892854173,-0.06694444444444442,-0.06824074074074071,0.39429292893197193,0.2175448416997787,0.17747066249385265,0.35495676477611027,0.0056889562862524334,0.0012962962962962954,0.031723723703663005,0.37481285635265615,0.11954484635183134,0.1159685454462694,0.0,0.7103887398843437,0.6184140858452756,0.2753798772344048,0.2784300628888818,0.3416911209458256,disgust,07,15,15,male,normal,1784
40,1.3346666666666667,True,1.0,0.2662320913685227,0.2558387384518602,0.26103541491019144,0.8506462623440464,-0.0467129629629629,-0.046712962962962956,0.39451115979825513,0.37529001951024415,0.1391309265280576,0.30686717436561767,0.01039335291666249,5.551115123125783e-17,0.01946203764122108,0.3408093826800791,0.12390023352489461,0.11147425668138163,0.0,0.7598187330011128,0.6165562113673594,0.2751962568624573,0.300128242612026,0.3672214931091801,disgust,07,15,15,male,normal,1784
50,1.6683333333333334,True,1.0,0.3675700029067385,0.3785777972011015,0.37307390005392005,0.9684404807189771,-0.035462962962962974,-0.03606481481481477,0.41351942591244234,0.43544688327293296,0.12801638820899908,0.3852316249491629,0.011007794294362994,0.0006018518518517979,0.008105029892714574,0.31443886361800116,0.12619487629150938,0.10886978905193011,0.0,0.7562607195191816,0.61386325410633,0.27884413407880065,0.3153280274303289,0.3833574235640787,disgust,07,15,15,male,normal,1784
60,2.0020000000000002,True,1.0,0.3200787703856844,0.29642233245580557,0.308250551420745,0.5916458252945512,-0.050787037037037075,-0.048703703703703805,0.40402478540601494,0.3505898646703036,0.14587570301544991,0.5210051998039237,0.023656437929878815,0.0020833333333332704,0.004330654160786917,0.4988802475265503,0.12372423172336618,0.11166956727123557,0.0,0.9999999987499999,0.6076376594778536,0.2770121462857939,0.3211001036549941,0.3689895745228821,disgust,07,15,15,male,normal,1784
70,2.3356666666666666,True,1.0,0.3248667436975146,0.3020114629210491,0.3134391033092818,0.7233149372833972,-0.059814814814814876,-0.05847222222222226,0.41847905177030914,0.3419128165466404,0.15144985577338121,0.43333697004307176,0.022855280776465536,0.0013425925925926174,0.0032560794565851914,0.40906951590625784,0.12713832882703316,0.10776652130327705,0.0,0.6359680746450695,0.6058593562581283,0.2778352049760444,0.3092024253288962,0.35484418280836283,disgust,07,15,15,male,normal,1784
80,2.6693333333333333,True,1.0,0.3020114629210477,0.2906776090905274,0.2963445360057876,0.8682129209291561,-0.049027777777777726,-0.04893518518518525,0.40262345116129955,0.35271149912746946,0.1618357297806698,0.3413270280389763,0.011333853830520269,9.259259259247754e-05,0.013079375274856446,0.3431293780493974,0.12195145470333707,0.11293008755759736,0.0,0.7071067807446058,0.5995608286674045,0.28237066902059377,0.31838004610852616,0.37190365956391025,disgust,07,15,15,male,normal,1784
90,3.003,True,1.0,0.4592311866903449,0.4903426591631592,0.47478692292675206,0.9283631330009839,-0.05203703703703705,-0.052083333333333315,0.4097787932207977,0.4376569055576063,0.15486554499172347,0.511423715622978,0.031111472472814317,4.6296296296266526e-05,0.006880092593819672,0.3297738576568459,0.12425989410180213,0.11055742691297818,0.0,0.7644241077085103,0.5835723430075155,0.284100926953304,0.3370052151534854,0.3840312042284588,disgust,07,15,15,male,normal,1784
100,3.336666666666667,True,1.0,0.4291778339358112,0.41480011835214137,0.4219889761439763,0.842337248844084,-0.055277777777777815,-0.05569444444444449,0.41890562989865066,0.3758120033304371,0.15697555308701833,0.5009738993770726,0.014377715583669848,0.0004166666666666763,0.014884331648762036,0.3637869930761147,0.1263785835838232,0.10848100033916776,0.0,0.9999999987499999,0.5815091578662716,0.2830647428109881,0.3389652383410496,0.3843474699643988,disgust,07,15,15,male,normal,1784
110,3.6703333333333332,True,1.0,0.47235591695615947,0.45110879356435296,0.46173235526025624,0.8803981593450567,-0.059768518518518554,-0.05800925925925926,0.4125447440839057,0.37449772449752383,0.15976090851877864,0.5244585649789941,0.02124712339180651,0.0017592592592592937,0.01863511580795609,0.35387320821711504,0.11958898107623125,0.1160872662040992,0.0,0.7342708721943147,0.6488158440485571,0.30214167189654584,0.31133705756612434,0.42556530297393147,disgust,07,15,15,male,normal,1784
0,0.0,True,1.0,0.3582101212513694,0.3591040790992154,0.3586571001752924,0.5208846272907799,-0.058796296296296235,-0.05763888888888896,0.40993608398345494,0.12688215280160078,0.16807189805898232,0.6885538205278513,0.0008939578478459609,0.0011574074074072738,0.022409519362356745,0.5342694916525889,0.12303800807205022,0.11242520331192826,0.0,0.667251252325147,0.6144123975840337,0.27590319154196363,0.2831339293985694,0.35775498436877223,disgust,07,15,15,male,normal,1785
10,0.33366666666666667,True,1.0,0.47541263676111506,0.5799284186735147,0.5276705277173149,0.6031493346865167,-0.05249999999999999,-0.055092592592592526,0.3755888723693851,0.3091787439613528,0.16244745953833828,0.8748588407074487,0.10451578191239969,0.0025925925925925353,0.047742221615350966,0.40449108231018294,0.12522942575086043,0.10997894660716337,0.0,0.8565038285759025,0.6475305520254978,0.3083451843968119,0.28289840630019564,0.3803003417202886,disgust,07,15,15,male,normal,1785
20,0.6673333333333333,True,1.0,0.3286539194037989,0.31617359085628144,0.32241375513004017,0.626609360427845,-0.06800925925925927,-0.07027777777777766,0.4007229625500718,0.33991381515590535,0.15386146983594418,0.5145370872051737,0.01248032854751746,0.002268518518518392,0.02445387369956097,0.4415347395449538,0.12026516046880888,0.11489019585936106,0.0,0.6836711577190239,0.6078274866040166,0.28107342388687184,0.2753633863046876,0.3250852384204906,disgust,07,15,15,male,normal,1785
30,1.0010000000000001,True,1.0,0.2615338026660411,0.2420270004616208,0.25178040156383097,0.9338274074005061,-0.05124999999999996,-0.05083333333333323,0.4257366499110352,0.44031611336845616,0.12923811710383049,0.26962198749843047,0.019506802204420304,0.0004166666666667318,0.043755940767496525,0.32460958216503344,0.12520576742744724,0.11000587972149199,0.0,0.7071067807446058,0.5948461483499651,0.28487357975465477,0.33199443712206245,0.3899970225366989,disgust,07,15,15,male,normal,1785
40,1.3346666666666667,True,1.0,0.2561929125689543,0.22744793390062606,0.2418204232347902,0.8909592667191956,-0.040138888888888946,-0.04037037037037028,0.4219358964875802,0.45871253800953904,0.12793053972303547,0.2714158012242831,0.028744978668328258,0.00023148148148133263,0.016196933828224947,0.31660963776477197,0.12500019756596847,0.11023941390794838,0.0,0.6863227816588324,0.5937554710634254,0.2801175747656305,0.3311831850936518,0.3856248205168672,disgust,07,15,15,male,normal,1785
50,1.6683333333333334,True,1.0,0.22134728528084985,0.20245779780388548,0.21190254154236765,1.1119027229281988,-0.043194444444444424,-0.041388888888888864,0.39078708186425504,0.5270567080256109,0.14245165253624034,0.19057651103175802,0.018889487476964367,0.0018055555555555602,0.0026426777986829487,0.28489499566920046,0.12164893908028651,0.11392678960917939,0.0,0.711297040784487,0.5955926544836685,0.28546891687195874,0.3214844963362581,0.3833203675408915,disgust,07,15,15,male,normal,1785
60,2.0020000000000002,True,1.0,0.4056171024529098,0.4062128857629527,0.40591499410793125,0.615375152014193,-0.05907407407407406,-0.05458333333333332,0.40132473637518185,0.3760332164499996,0.16112815795980318,0.6596220090774306,0.0005957833100429522,0.00449074074074074,0.022488749564670875,0.4749628949731892,0.12437045824257162,0.1106054202634129,0.0,0.7071067807446058,0.5877759395633253,0.28227077717973237,0.3194798374153822,0.358342308794012,disgust,07,15,15,male,normal,1785
70,2.3356666666666666,True,1.0,0.38813195915906923,0.38728332236468344,0.38770764076187636,0.7900448221363201,-0.05537037037037035,-0.0537037037037037,0.38975406402929613,0.4020763826943772,0.1687613024282096,0.49074132238914725,0.0008486367943857931,0.0016666666666666496,0.010019060054785575,0.3821139112034579,0.12405913135240068,0.11129739304353962,0.0,0.6662488058891808,0.5987780413649836,0.2834466827401775,0.30388218044111004,0.35008508597844507,disgust,07,15,15,male,normal,1785
80,2.6693333333333333,True,1.0,0.3783325759976234,0.3735429768658718,0.3759377764317476,0.9428279927469086,-0.052407407407407514,-0.050648148148148164,0.4003924777310303,0.4030797336320713,0.17016086012648832,0.3987342116736067,0.004789599131751587,0.0017592592592593492,0.017613715855911247,0.33548245290075324,0.12220950187737524,0.11332526382436442,0.0,0.9999999987499999,0.5963702136401436,0.28558782846866804,0.3258980856331046,0.38466265874865224,disgust,07,15,15,male,normal,1785
90,3.003,True,1.0,0.41874038987979423,0.4284875105500513,0.42361395021492276,1.0103866715538363,-0.05162037037037043,-0.05138888888888893,0.3938876263447585,0.41522739926869956,0.16530039514109188,0.4192592421705866,0.00974712067025707,0.00023148148148149916,0.02086861097972525,0.3247877390485851,0.1240335647882129,0.11132588457370092,0.0,0.7673124226364842,0.5982767041035164,0.2855954047398853,0.32039518257962135,0.3803989253182964,disgust,07,15,15,male,normal,1785
100,3.336666666666667,True,1.0,0.424211136580056,0.42831472125769376,0.42626292891887485,0.9466361901974061,-0.05194444444444446,-0.050277777777777755,0.4016004992720795,0.3635148608094595,0.16946065300579052,0.4502922382779222,0.004103584677637773,0.0016666666666667052,0.01754372067917436,0.3435703508553131,0.12245063804010745,0.11306466739755044,0.0,0.8805959834890849,0.5981680972232644,0.2847645332524254,0.3189113417573533,0.3821460295815385,disgust,07,15,15,male,normal,1785
0,0.0,True,1.0,0.4680006732119928,0.4599316960876485,0.46396618464982065,1.1586186083694445,-0.06203703703703711,-0.059814814814814876,0.3394317668439358,0.5158080403685226,0.16389307853674054,0.40044772395186445,0.00806897712434429,0.0022222222222222365,0.0022476251973881406,0.2465680226585272,0.1220789514132556,0.11346588646883714,0.0,0.8472950202488543,0.6520615583420869,0.3001280611882143,0.29984707332865285,0.4097470777650786,disgust,07,15,15,male,normal,1786
10,0.33366666666666667,True,1.0,0.5213589511076681,0.4962747953951319,0.5088168732514,1.253336849973555,-0.062962962962963,-0.06124999999999997,0.344603443333747,0.5870058664433101,0.15903209549004216,0.4059697704269493,0.025084155712536138,0.0017129629629630272,0.00710972492247185,0.24241931577229867,0.12415550397424466,0.11101839782517053,0.0,0.7071067807446058,0.5938786852475366,0.28156860507235587,0.31903270826164143,0.3828336463359032,disgust,07,15,15,male,normal,1786
20,0.6673333333333333,True,1.0,0.3355061988292934,0.33208161168043127,0.3337939052548623,1.056029125538258,-0.05162037037037043,-0.05129629629629634,0.37389859783236123,0.49868042039306637,0.14517252733524078,0.3160839953961758,0.003424587148862124,0.0003240740740740877,0.0033880315776773813,0.28939597464515215,0.1242476596166357,0.11108688874057812,0.0,0.7385791859013154,0.5907974227347189,0.28475801664334416,0.32206695934096996,0.3754730094318642,disgust,07,15,15,male,normal,1786
30,1.0010000000000001,True,1.0,0.2790418651452264,0.2737824896767246,0.27641217741097546,0.8742298360857681,-0.0652314814814815,-0.06555555555555553,0.38368695255101953,0.3726067115664938,0.15432692437703024,0.31617792713249093,0.0052593754685018035,0.0003240740740740322,0.0012014300041404782,0.331953099999617,0.12165156334330667,0.11392398740435893,0.0,0.7071067807446058,0.6226884554290466,0.2811044747892507,0.27557225509897293,0.34054389632432636,disgust,07,15,15,male,normal,1786
40,1.3346666666666667,True,1.0,0.2638817597663418,0.24516834541308186,0.2545250525897118,0.8618746988974697,-0.05800925925925926,-0.057453703703703674,0.41248012452385824,0.3972703690230531,0.14514729923133687,0.2953156101638744,0.01871341435325996,0.0005555555555555869,0.007947098314407885,0.33398437500000033,0.12187725216671172,0.11334683621176112,0.0,0.7071067807446058,0.6093891036180097,0.27719597981965444,0.2936804306147018,0.3548755424514848,disgust,07,15,15,male,normal,1786
50,1.6683333333333334,True,1.0,0.3203121954188143,0.3068960560140174,0.3136041257164158,0.8428327931139016,-0.052037037037037104,-0.05138888888888893,0.43791821831936034,0.36954976313455756,0.14449725367607064,0.3720834408421445,0.013416139404796856,0.0006481481481481755,0.014750683262355038,0.3637869930761147,0.12544034772408943,0.109738311146922,0.0,0.6733234400682886,0.6068023572788491,0.28022102543744276,0.3294429118590977,0.38710879683507055,disgust,07,15,15,male,normal,1786
60,2.0020000000000002,True,1.0,0.2633744855967079,0.235037019802817,0.24920575269976245,0.6042242061682814,-0.05194444444444457,-0.05037037037037034,0.37283282936608436,0.4052341975935638,0.15013015186830395,0.41243920742618606,0.028337465793890904,0.0015740740740742276,0.024780292462295603,0.4962588040157836,0.1243142544266465,0.11066858642507565,0.0,0.9999999987499999,0.5911293433936076,0.28185442060858856,0.32076716496319174,0.3597099940306529,disgust,07,15,15,male,normal,1786
70,2.3356666666666666,True,1.0,0.3730505259587863,0.3639703749136402,0.3685104504362132,0.8164668862947149,-0.05393518518518514,-0.051064814814814785,0.39035400551867033,0.42926822268236975,0.15841474615060325,0.4513476989968144,0.00908015104514609,0.0028703703703703565,0.021596779285296634,0.36042143509740143,0.12350105142151134,0.11191634406139717,0.0,0.6876051314770816,0.5887608097145108,0.2880963575544285,0.32363197782586145,0.3667420943434797,disgust,07,15,15,male,normal,1786
80,2.6693333333333333,True,1.0,0.4281217597508522,0.4187403898797943,0.42343107481532327,0.9650680177213784,-0.05175925925925917,-0.049675925925925846,0.379209428095339,0.4175835788486361,0.15705378351815008,0.4387577528629393,0.00938136987105792,0.002083333333333326,0.02131617069494135,0.32032174955547366,0.12405939284664995,0.11129710156534646,0.0,0.6872135015303693,0.6040873104554321,0.2858778252009557,0.31326049537009876,0.3726101382139717,disgust,07,15,15,male,normal,1786
90,3.003,True,1.0,0.4346849906559093,0.41088947566819906,0.4227872331620542,0.9121985063847826,-0.050555555555555465,-0.04856481481481484,0.39747221488177065,0.3879700496652111,0.15427797440497365,0.46348161085862877,0.023795514987710265,0.0019907407407406263,0.020266200030261382,0.34545963892128134,0.12327041271310207,0.1121703308353252,0.0,0.7226542729080951,0.6009230789581458,0.2867141702079708,0.31258916827002575,0.3723736705108425,disgust,07,15,15,male,normal,1786
100,3.336666666666667,True,1.0,0.45219593714653616,0.43392988113053826,0.4430629091385372,0.9062778095140962,-0.051342592592592606,-0.051805555555555605,0.40390574120660105,0.3922556758533376,0.15355621233718536,0.48888200117807895,0.0182660560159979,0.0004629629629629983,0.019018098316938382,0.34549615889505275,0.12062434534741721,0.11501106503097708,0.0,0.6792784839751342,0.6488092087303672,0.3040591161124065,0.30996328488803987,0.41509573153116436,disgust,07,15,15,male,normal,1786
0,0.0,True,1.0,0.5554319009666828,0.5312387417027661,0.5433353213347245,1.333264947396936,-0.064537037037037,-0.060324074074074086,0.3485023813604261,0.6038377081023467,0.15695659699178283,0.4075223926013591,0.02419315926391674,0.004212962962962918,0.01827794742286625,0.2064739234796023,0.12221351167715759,0.11332093952019484,0.0,0.8815867903863085,0.6560816557247899,0.2995269237414943,0.30063812528188477,0.4122716831682516,disgust,07,15,15,male,normal,1787
10,0.33366666666666667,True,1.0,0.5662490652049122,0.5235181482372748,0.5448836067210936,1.329273055671709,-0.06560185185185191,-0.06180555555555556,0.3448282526917116,0.6566652982844126,0.1534901174600165,0.4099109693047624,0.04273091696763742,0.003796296296296353,0.015029299733637456,0.21459690223663275,0.12665681604423568,0.1083320299824767,0.0,0.9999999987499999,0.5995427907256653,0.28335634089439415,0.3199323996689512,0.384774126646885,disgust,07,15,15,male,normal,1787
20,0.6673333333333333,True,1.0,0.5273401780846282,0.5009132894855169,0.5141267337850726,1.1364542729135971,-0.06740740740740742,-0.062499999999999944,0.35916177405804794,0.5833142409344122,0.15004119307423755,0.45239544259618514,0.026426888599111242,0.004907407407407471,0.010957799978681416,0.24034304795878733,0.1260561304774094,0.10903040740693547,0.0,0.7071067807446058,0.5975521273118621,0.28283371019849574,0.3173545166630176,0.38580948349163857,disgust,07,15,15,male,normal,1787
30,1.0010000000000001,True,1.0,0.5474412815661595,0.5557291483635991,0.5515852149648792,1.0804726948245935,-0.08773148148148147,-0.08791666666666664,0.3620634503687054,0.555175146350459,0.1819951757573897,0.5105036134711621,0.008287866797439647,0.00018518518518517713,0.017197377859851974,0.2515077763001738,0.12319769127052023,0.11208034032855795,0.0,0.7657547634433973,0.5930706457895659,0.28206618316890814,0.31939367949034275,0.3806803608677551,disgust,07,15,15,male,normal,1787
40,1.3346666666666667,True,1.0,0.5291149758732779,0.5201851898240036,0.5246500828486408,0.8113361226264851,-0.08768518518518525,-0.0876851851851852,0.3860873250549218,0.3706269634831182,0.19176854176613825,0.6466494812904737,0.008929786049274302,5.551115123125783e-17,0.01846421002645315,0.3398133320752127,0.12173887851495406,0.11383067788584178,0.0,0.7071067807446058,0.6499434875278236,0.29956885659935406,0.3180053163187295,0.42420575540457806,disgust,07,15,15,male,normal,1787
50,1.6683333333333334,True,1.0,0.26183118221265866,0.233425614277518,0.24762839824508834,0.915109601417304,-0.05865740740740738,-0.05569444444444449,0.415640382774538,0.3700684276968272,0.15352192606559384,0.2705997159920148,0.028405567935140652,0.0029629629629628895,0.016847473810402462,0.3394614748051728,0.12394141923845536,0.11142846300440797,0.0,0.7071067807446058,0.6023076639405762,0.2805651477304554,0.32249121774008793,0.379339750803158,disgust,07,15,15,male,normal,1787
60,2.0020000000000002,True,1.0,0.2807056066962247,0.2627463404369275,0.27172597356657613,0.9201203314663247,-0.07754629629629628,-0.07819444444444434,0.42249388949573397,0.36285296873283585,0.1743270016496914,0.2953156932567151,0.01795926625929717,0.0006481481481480644,0.016979126913555,0.3330339787456493,0.12054026099945143,0.11509918873734296,0.0,0.7837531891418122,0.5907781871185974,0.28475342434428574,0.3340370561374059,0.38179571901236553,disgust,07,15,15,male,normal,1787
70,2.3356666666666666,True,1.0,0.31238386957175074,0.28355505147147136,0.29796946052161105,0.6066415598546746,-0.06592592592592594,-0.06277777777777777,0.3880872522155654,0.35975255293707425,0.16391867961350398,0.49117877877175414,0.028828818100279374,0.0031481481481481777,0.021160856585003784,0.4845700040570003,0.12733747468313997,0.10753113647685868,0.0,0.7684919668148944,0.6041639835309125,0.27752630669361544,0.3269066114783071,0.3742350347292102,disgust,07,15,15,male,normal,1787
80,2.6693333333333333,True,1.0,0.3644934258112419,0.37812509356458307,0.3713092596879125,0.7329122574504587,-0.07046296296296295,-0.06851851851851853,0.40046697441685075,0.31201401845891524,0.18684639246044393,0.5066217080057652,0.013631667753341181,0.0019444444444444153,0.02027889568455958,0.406473430542959,0.12212263355390629,0.11341887031679139,0.0,0.6807101221399704,0.6003049702537264,0.28317083499679563,0.31540450100686973,0.3700367389837392,disgust,07,15,15,male,normal,1787
90,3.003,True,1.0,0.5558485170126365,0.5582226096402031,0.5570355633264198,0.8676153414584434,-0.06981481481481489,-0.06699074074074074,0.3804841530596909,0.3484092095811089,0.1862295453986906,0.6420305597524988,0.002374092627566604,0.0028240740740741455,0.021072829803083618,0.3415240575982227,0.12217429981827041,0.11319502765778229,0.0,0.7071067807446058,0.6016645297493998,0.2838401168518005,0.3213203430100255,0.3836660961372331,disgust,07,15,15,male,normal,1787
100,3.336666666666667,True,1.0,0.5432324207746103,0.5343677848055536,0.538800102790082,0.888589881421776,-0.06768518518518518,-0.06680555555555562,0.39559726097391495,0.34175254248577397,0.1779017598901022,0.6063540830872194,0.008864635969056733,0.0008796296296295636,0.022860562002675704,0.33783781460073214,0.12113209345358063,0.11447617090728585,0.0,0.8110088161568276,0.6464765506046168,0.3030057875569884,0.3213953600587998,0.42670045990498423,disgust,07,15,15,male,normal,1787
110,3.6703333333333332,True,1.0,0.5445901601896052,0.5356626457090524,0.5401264029493288,0.8609515826465098,-0.0706944444444445,-0.06930555555555556,0.39555652075752834,0.37575229406379534,0.16954572253075872,0.627359788675938,0.008927514480552734,0.0013888888888889395,0.027280004331158486,0.33182607074547626,0.12697134586644038,0.10796321178800773,0.0,0.7202363255365571,0.5858758177489747,0.2829808573681199,0.33414059090536913,0.38781878747543275,disgust,07,15,15,male,normal,1787
120,4.0040000000000004,True,1.0,0.19047619047618952,0.17011430667291855,0.18029524857455403,0.5439767754075715,-0.07537037037037025,-0.07296296296296312,0.4091778618303005,0.3778103228596465,0.16742674269242552,0.3314392391834538,0.020361883803270975,0.002407407407407136,0.02340714686636401,0.5488575333207101,0.12248124369559796,0.11303151203525406,0.0,0.7831978023820075,0.6450718039325105,0.301053811159488,0.31010150104941686,0.4039016159613083,disgust,07,15,15,male,normal,1787
0,0.0,True,1.0,0.5108584721479528,0.479650857001888,0.4952546645749204,0.62288975646329,-0.06310185185185191,-0.06254629629629632,0.38314968535195415,0.23529552625226358,0.17716775714279084,0.7950920037390408,0.031207615146064793,0.0005555555555555869,0.001137272807573575,0.45215413784050806,0.1248957672716824,0.1103577142203361,0.0,0.7098026946838388,0.6112250247442728,0.27688355955369404,0.28595977209196316,0.3588997422343619,disgust,07,15,15,male,strong,1788
10,0.33366666666666667,True,1.0,0.43420332787326876,0.41498215802006405,0.4245927429466664,0.6418521424414992,-0.05537037037037035,-0.0553703703703704,0.38066809397236134,0.25108445572358634,0.16754335757825695,0.6615117639579513,0.01922116985320471,5.551115123125783e-17,0.007490742100066594,0.45283220840225036,0.12276214897531328,0.11272636137548411,0.0,0.73982030567117,0.6170410590486195,0.27495939981194734,0.28142826820845623,0.35487709860129335,disgust,07,15,15,male,strong,1788
20,0.6673333333333333,True,1.0,0.39701178007914634,0.3522513665043979,0.3746315732917721,1.055457964552472,-0.04675925925925922,-0.04671296296296301,0.40517914767463853,0.42217275016116135,0.1489577515933344,0.35494693855536047,0.044760413574748414,4.6296296296211015e-05,0.001920146749646416,0.28373197301883873,0.1223365000536113,0.11318815540877723,0.0,0.8158262680333739,0.6444264670243097,0.29937882877835703,0.31100172685185473,0.412306503833659,disgust,07,15,15,male,strong,1788
30,1.0010000000000001,True,1.0,0.35107561477852695,0.34786045027453494,0.3494680325265309,1.0106246308200348,-0.043379629629629546,-0.04513888888888884,0.4298536108612037,0.4054095670949901,0.14574528695454858,0.34579409789663224,0.0032151645039920074,0.0017592592592592937,0.007089218926472527,0.2889103122663545,0.12005260213170407,0.1156077440800277,0.0,0.6867927242007292,0.6453092623143006,0.29899080719173565,0.3170424723658353,0.4238592345135495,disgust,07,15,15,male,strong,1788
40,1.3346666666666667,True,1.0,0.404638062713119,0.40559706661692324,0.40511756466502113,0.7856342707269461,-0.057453703703703674,-0.05537037037037035,0.39090872001074634,0.3588017568796904,0.16004479899599186,0.5156566862723115,0.0009590039038042675,0.002083333333333326,0.013214358133181387,0.3687815140225123,0.12595466296819158,0.10914760944238773,0.0,0.7071067807446058,0.5864601164450154,0.28223198177462316,0.3112574418807289,0.361932346240454,disgust,07,15,15,male,strong,1788
50,1.6683333333333334,True,1.0,0.31780205115780963,0.3300927519078827,0.3239474015328462,1.2436029078325666,-0.0732870370370371,-0.07208333333333333,0.352759588035798,0.6517528219741938,0.14111070100552828,0.26049102932498214,0.012290700750073047,0.0012037037037037623,0.015338403206179244,0.23167288229887983,0.1282724842119275,0.10641403838263687,0.0,0.6468511515404582,0.5910877778924071,0.2772905791718065,0.29390674909467857,0.34596064007857685,disgust,07,15,15,male,strong,1788
60,2.0020000000000002,True,1.0,0.2703487043454888,0.24720570376265236,0.25877720405407056,0.6061591665172126,-0.07412037037037039,-0.0731018518518518,0.37493351946648096,0.4863370056940431,0.13827392064868438,0.42691296007436075,0.023143000582836443,0.0010185185185185852,0.02322563616842582,0.44537502200026935,0.1276667370357178,0.10696204035931485,0.0,0.7071067807446058,0.578663171252876,0.2776474253097481,0.3298198744247849,0.35300695446038816,disgust,07,15,15,male,strong,1788
70,2.3356666666666666,True,1.0,0.2819758342289265,0.26306229525035324,0.2725190647396399,0.7984115074156614,-0.10226851851851854,-0.10120370370370368,0.4083492535674341,0.41836722546847654,0.1819863721635772,0.34132657433977037,0.018913538978573285,0.0010648148148148517,0.019380048424357463,0.3268898499551104,0.12244959784073055,0.11306579393844612,0.0,0.6046968912292087,0.6503890839851566,0.2997131163840968,0.3029223732528697,0.3922116698107004,disgust,07,15,15,male,strong,1788
80,2.6693333333333333,True,1.0,0.692088531205036,0.6896411845150171,0.6908648578600265,0.9220721880910439,-0.08648148148148144,-0.08347222222222223,0.3867068640263669,0.399049622559186,0.1966038521108732,0.7492524628579423,0.0024473466900188923,0.0030092592592592116,0.02472404040007229,0.31202132005424277,0.11997542592613207,0.11568783403610784,0.0,0.7447255108482205,0.6491781017719588,0.3004787321326083,0.34210202454998234,0.45512540208482294,disgust,07,15,15,male,strong,1788
90,3.003,True,1.0,0.6499827100053222,0.6309399830016622,0.6404613465034922,0.8950629302311907,-0.0840277777777777,-0.08629629629629626,0.390293038677817,0.38644831042335814,0.19170646807078162,0.7155489573655608,0.019042727003659943,0.0022685185185185586,0.016891000814441115,0.32417077396432464,0.12136668387400855,0.114227430224352,0.0,0.9113471640479953,0.6460221061002526,0.3018652316685127,0.3353628326250122,0.4509298660660024,disgust,07,15,15,male,strong,1788
100,3.336666666666667,True,1.0,0.6249643778350932,0.6518641297900951,0.6384142538125941,0.941310900651758,-0.07671296296296293,-0.08023148148148151,0.38509388170834075,0.4013864859597429,0.1848031563834302,0.6782182734424512,0.026899751955001938,0.0035185185185185874,0.020762597911299408,0.30743403617537307,0.12125459504176865,0.11434640768910782,0.0,0.7599282826703934,0.6457550984925221,0.3016902042685121,0.32579667031045856,0.4390754232687137,disgust,07,15,15,male,strong,1788
0,0.0,True,1.0,0.37884905437190786,0.3990750739358937,0.3889620641539008,1.1406997373720453,-0.05740740740740735,-0.058796296296296235,0.34479384208617936,0.6336447318278188,0.13890866287187645,0.3409854946140298,0.020226019563985842,0.001388888888888884,0.010014101826768181,0.2581548293244515,0.1263729507372539,0.10866303461885285,0.0,0.6226297103923448,0.5951103455366522,0.2809137628682946,0.3066006818429923,0.3621361992833945,disgust,07,15,15,male,strong,1789
10,0.33366666666666667,True,1.0,0.39506458667449057,0.3829102564471123,0.38898742156080146,1.1118823642808293,-0.05356481481481484,-0.05439814814814814,0.3525062394564408,0.5945300653370673,0.13893337639289835,0.34984584166185634,0.012154330227378274,0.0008333333333332971,0.009949570214364746,0.2659797434275256,0.1259566662976885,0.10914529758855697,0.0,0.7071067807446058,0.5965524116208983,0.2806971109201082,0.3114637468122868,0.371274412399539,disgust,07,15,15,male,strong,1789
20,0.6673333333333333,True,1.0,0.3853401306929923,0.347860450274535,0.36660029048376364,0.9702265882634513,-0.051712962962962905,-0.05050925925925931,0.366413682460791,0.49996497882737523,0.14388580541526672,0.3778501794512959,0.037479680418457284,0.0012037037037035958,0.015556645436416706,0.3118713892675034,0.12371714497767487,0.11167741852672558,0.0,0.7628741792951755,0.5918820805431547,0.2817626308583919,0.31226045992645796,0.3698339550325502,disgust,07,15,15,male,strong,1789
30,1.0010000000000001,True,1.0,0.2313660502984274,0.21948826417502446,0.22542715723672593,0.9386293477897556,-0.05592592592592588,-0.05435185185185182,0.41325271951628056,0.4089610121766141,0.15007322431483242,0.2401663209951321,0.011877786123402956,0.001574074074074061,0.012280382325246347,0.3242626584196911,0.12260801235514872,0.11289399043528979,0.0,0.6925383519264667,0.5903557424297845,0.287062595629551,0.3226099440137534,0.3774672579687961,disgust,07,15,15,male,strong,1789
40,1.3346666666666667,True,1.0,0.2807056066962248,0.27968386492713,0.2801947358116774,1.137848267933361,-0.0463425925925926,-0.0437037037037038,0.3505152868614943,0.48319583980731734,0.15973941728849342,0.2462496483125879,0.0010217417690948083,0.002638888888888802,0.01900241485353129,0.2700394584325175,0.12233111111160534,0.11319397962950162,0.0,0.9999999987499999,0.6132669825430171,0.2820915622491949,0.292018867393592,0.35969168283490066,disgust,07,15,15,male,strong,1789
50,1.6683333333333334,True,1.0,0.21390002696832122,0.211944032395141,0.21292202968173113,0.6016482937393673,-0.055416666666666614,-0.05249999999999999,0.3849476016537735,0.32228268352730016,0.15909684711265734,0.3538978368215376,0.001955994573180214,0.002916666666666623,0.024203361763757533,0.4954912784841937,0.12197168185699404,0.11358118944177165,0.0,0.6638052861934522,0.6126605946675546,0.2764581800878837,0.2954467069359076,0.34760733856524795,disgust,07,15,15,male,strong,1789
60,2.0020000000000002,True,1.0,0.4527225158957564,0.4259294134135242,0.4393259646546403,0.8741408063095927,-0.0646759259259258,-0.062962962962963,0.38206867022115854,0.40175665687768686,0.17015503129913073,0.5025803182777456,0.02679310248223221,0.0017129629629628051,0.017693055591182817,0.3450783422948396,0.1244620953577691,0.11084658131597003,0.0,0.8172119310645015,0.5965935910692401,0.2818535781495208,0.3019690715022153,0.35567080823462816,disgust,07,15,15,male,strong,1789
70,2.3356666666666666,True,1.0,0.3068538293182602,0.288391469423615,0.29762264937093763,1.0440242730568774,-0.07856481481481487,-0.07634259259259252,0.36116293387746146,0.4772066140478056,0.16111537299237594,0.28507253811207456,0.01846235989464523,0.0022222222222223476,0.025516664088005802,0.2666788935109461,0.12407074364184212,0.1112844478915119,0.0,0.7071067807446058,0.6021873079466162,0.2813136419047252,0.28201716812406075,0.3363547802765916,disgust,07,15,15,male,strong,1789
80,2.6693333333333333,True,1.0,0.4112998013634258,0.5053446748150457,0.4583222380892358,0.985048582431298,-0.06972222222222224,-0.06254629629629627,0.33601967798034255,0.4038407715292937,0.16519979851033395,0.46527881595241155,0.09404487345161994,0.0071759259259259744,0.09176855687270256,0.2713003468715194,0.11950144454157392,0.11617737526230645,0.0,0.9999999987499999,0.6990460725930997,0.2977068895726281,0.2073026485988681,0.3070929570664105,disgust,07,15,15,male,strong,1789
90,3.003,True,1.0,0.4470069704851439,0.895669574188937,0.6713382723370405,0.8992387798266526,-0.05805555555555553,-0.05199074074074084,0.30423754307917694,0.29992595334948197,0.16115399955404652,0.7465628567158271,0.44866260370379313,0.00606481481481469,0.07815673874816274,0.2223554411264013,0.11933019189387173,0.11635326842289768,0.0,0.9243618999119121,0.7089161348211158,0.2787400485052332,0.19811672650417383,0.2997114107959185,disgust,07,15,15,male,strong,1789
0,0.0,True,1.0,0.48866400899807827,0.45940569839993256,0.47403485369900544,0.7722120154711244,-0.06865740740740733,-0.06106481481481485,0.3761763140177001,0.32175500644630267,0.17222399420151355,0.6138661976268242,0.02925831059814571,0.007592592592592484,0.01489038349035535,0.37545696894333974,0.12298518050442701,0.1124829904769919,0.0,0.7495732197185723,0.6495638937371825,0.29871311454929306,0.3001257945525179,0.4074245207504291,disgust,07,15,15,male,strong,1790
10,0.33366666666666667,True,1.0,0.4835142473439878,0.46698029175376893,0.47524726954887836,0.8029941403733364,-0.07018518518518524,-0.06759259259259259,0.3865437829887743,0.33808633395454274,0.17361155056367986,0.5918440068914095,0.016533955590218863,0.0025925925925926463,0.013098349000430734,0.3753918799134359,0.11993958580113344,0.11572499093887667,0.0,0.7071067807446058,0.6473381859853317,0.3002640945280047,0.30819592986100336,0.4151838439966847,disgust,07,15,15,male,strong,1790
20,0.6673333333333333,True,1.0,0.4128314373863952,0.39716468228220164,0.40499805983429843,0.936336314197164,-0.06268518518518512,-0.059305555555555556,0.38111501948222387,0.39012596240637876,0.16460002058072046,0.43253482076208155,0.015666755104193575,0.003379629629629566,0.015424160231607857,0.3252664196468349,0.12033351106126886,0.11531532372421696,0.0,0.9999999987499999,0.6456209375781563,0.30171218597844096,0.31260734444543575,0.42016297581950673,disgust,07,15,15,male,strong,1790
30,1.0010000000000001,True,1.0,0.19710406552501358,0.16114358638153992,0.17912382595327675,0.9290963704181124,-0.06324074074074071,-0.06194444444444441,0.37485899963579017,0.42098053328765045,0.15351248357370742,0.19279359133936488,0.03596047914347367,0.0012962962962962954,0.015088410492387067,0.33433675919299616,0.11939419549642474,0.11628759113314942,0.0,0.7995501781457715,0.6461215324879953,0.3012737551718557,0.3010964878692343,0.4035357330482798,disgust,07,15,15,male,strong,1790
40,1.3346666666666667,True,1.0,0.29104090610731137,0.2734647717220432,0.2822528389146773,0.8349411145569234,-0.055972222222222257,-0.0537037037037037,0.4049206136095167,0.35686999251223417,0.14801772699356078,0.33805119186693766,0.01757613438526817,0.0022685185185185586,0.01452174133305204,0.33607274474920984,0.12460585463698372,0.1106849527280729,0.0,0.7571084437584192,0.6073109932332309,0.2766918877998888,0.30448567150045774,0.358291198157304,disgust,07,15,15,male,strong,1790
50,1.6683333333333334,True,1.0,0.25909902771814897,0.23673903283505457,0.24791903027660178,0.6458874371282686,-0.0534722222222222,-0.05212962962962958,0.38928372288765756,0.3159232029431749,0.15292203007777094,0.38384247165248214,0.022359994883094397,0.0013425925925926174,0.017798063490935295,0.4329295599735201,0.12586941370144314,0.10924590822992362,0.0,0.6960724071001932,0.6056716968818778,0.2756914588444322,0.2823345504007991,0.3282234141679241,disgust,07,15,15,male,strong,1790
60,2.0020000000000002,True,1.0,0.3544598093092603,0.3541267887311449,0.35429329902020257,0.8866896454406096,-0.049814814814814756,-0.047731481481481486,0.37511905912622895,0.4287360200279312,0.15695659699178283,0.39956855348654585,0.0003330205781154061,0.0020833333333332704,0.017859242782206707,0.3151806788512342,0.11851122488359588,0.11718731734312171,0.0,0.9999999987499999,0.6489927184936475,0.30133814407544945,0.2928995034580141,0.3968390111459489,disgust,07,15,15,male,strong,1790
70,2.3356666666666666,True,1.0,0.4032792410186988,0.37531604989739153,0.3892976454580451,1.0182939716307147,-0.05203703703703699,-0.050555555555555465,0.3929156407781028,0.44033061799634293,0.15698381528398375,0.38230379075564663,0.02796319112130724,0.001481481481481528,0.015245366682180751,0.3128160767240657,0.12049002073074387,0.11515178102931585,0.0,0.9999999987499999,0.6479126018766881,0.30173036618591526,0.31077506977630365,0.42336682686564964,disgust,07,15,15,male,strong,1790
80,2.6693333333333333,True,1.0,0.2384087461782095,0.23177665707906717,0.23509270162863832,0.9350412647900702,-0.05912037037037038,-0.05703703703703694,0.40060981973061993,0.3929752997179905,0.1583641691464469,0.2514249482683739,0.006632089099142341,0.002083333333333437,0.012603964934498025,0.3273617888966563,0.1251287903293668,0.11009343123545064,0.0,0.7071067807446058,0.5849414371686175,0.2848187307402728,0.33069262443050573,0.3802160666903028,disgust,07,15,15,male,strong,1790
90,3.003,True,1.0,0.44951768395436875,0.4288772540646997,0.4391974690095342,0.9510753121458142,-0.05203703703703705,-0.05125000000000007,0.3832288456666962,0.39859880978372936,0.15628124687562478,0.46179042122186703,0.020640429889669076,0.000787037037036975,0.01571275871745201,0.3321756058430925,0.12291561145073168,0.11255900777837566,0.0,0.7806287819802358,0.6456936868106617,0.3021432683456109,0.3115721451840154,0.42237938908998446,disgust,07,15,15,male,strong,1790
0,0.0,True,1.0,0.3482315138030357,0.3584965382972669,0.35336402605015127,0.5558924446842101,-0.06888888888888883,-0.06569444444444444,0.39004245956489403,0.24953552779389954,0.17851496546228487,0.6356697764634837,0.010265024494231223,0.0031944444444443887,0.04748716393590366,0.5105150040788353,0.11939022400612802,0.11612772379631005,0.0,0.7071067807446058,0.6327988933385855,0.27308904993774197,0.2688246166225109,0.34838990146886734,disgust,07,15,15,male,strong,1791
10,0.33366666666666667,True,1.0,0.46709281804077546,0.42258652094717686,0.44483966949397613,0.6065124148439968,-0.06157407407407406,-0.06282407407407414,0.3796473754257026,0.33848959669969886,0.16391867961350398,0.7334386874972624,0.0445062970935986,0.0012500000000000844,0.004668397259039571,0.4714637631348827,0.11917752853951978,0.11650963248212849,0.0,0.7071067807446058,0.6560722342452606,0.2955096003405459,0.30020964071065787,0.4041117009725825,disgust,07,15,15,male,strong,1791
20,0.6673333333333333,True,1.0,0.46596539410261617,0.42258652094717625,0.44427595752489624,0.9174857866410487,-0.057731481481481495,-0.05949074074074068,0.366528285961397,0.45857841366103735,0.1569488194698862,0.48423197829735093,0.04337887315543992,0.0017592592592591827,0.011937739376261837,0.3302386951794623,0.12031241642036397,0.11533733231255734,0.0,0.7256696789766554,0.6569040797569027,0.2964309072684764,0.30524689721206566,0.41295305116632397,disgust,07,15,15,male,strong,1791
30,1.0010000000000001,True,1.0,0.22116255341036908,0.1899747319057857,0.2055686426580774,1.0124480637201936,-0.05925925925925918,-0.056990740740740786,0.38956669794017235,0.4714951667914455,0.15146144174430115,0.2030411731963069,0.03118782150458338,0.002268518518518392,0.0015298061103907429,0.2930936773631248,0.11920520565971766,0.11648131486873413,0.0,0.8535775823362443,0.6466828204172294,0.29881184660600646,0.31090940808580353,0.4068175867844112,disgust,07,15,15,male,strong,1791
40,1.3346666666666667,True,1.0,0.31198564735839013,0.2959675608291224,0.30397660409375626,0.8554720133667506,-0.05097222222222214,-0.049398148148148135,0.4017605392717073,0.3742690058479541,0.16045518553036878,0.3553320264650645,0.016018086529267728,0.0015740740740740056,0.008184917032618156,0.34277343750000044,0.12179829232472156,0.11376710313989916,0.0,0.6894889348933707,0.5977522383406488,0.27881290826680993,0.3080910331449497,0.3556625614464579,disgust,07,15,15,male,strong,1791
50,1.6683333333333334,True,1.0,0.3573377926004326,0.36092712392373316,0.35913245826208284,0.62284109890305,-0.056574074074074054,-0.056018518518518634,0.3894466140106255,0.3460228327239165,0.16737250732904527,0.5766036616636061,0.003589331323300582,0.0005555555555554204,0.0169155588719269,0.4770747411485708,0.11951206130586203,0.11616645373061066,0.0,0.8978934107129297,0.6405926056594513,0.2999326048255597,0.311693463143814,0.40596309250249957,disgust,07,15,15,male,strong,1791
60,2.0020000000000002,True,1.0,0.3368432917123602,0.3214558996700848,0.3291495956912225,0.780160440988504,-0.06476851851851856,-0.06328703703703703,0.4024319018444935,0.40345537447236984,0.18542695320541566,0.4218998790481773,0.015387392042275405,0.001481481481481528,0.011522387741644683,0.40870769206810326,0.11774662159334548,0.11795554617250194,0.0,0.7698980257388104,0.6368303154386753,0.30261196294172404,0.3323263092661565,0.4248159180138883,disgust,07,15,15,male,strong,1791
70,2.3356666666666666,True,1.0,0.43058023972534193,0.41463284855511173,0.4226065441402268,0.8585733266734228,-0.07916666666666661,-0.07347222222222227,0.367800388244195,0.3774052157761243,0.20973131666752284,0.4922195123130985,0.015947391170230196,0.005694444444444335,0.013178604688721588,0.36886818702146124,0.11789510714590516,0.11780713679882199,0.0,0.9215280764039803,0.6260939202790492,0.3061799606385625,0.3536295733684705,0.45485549713236684,disgust,07,15,15,male,strong,1791
80,2.6693333333333333,True,1.0,0.4859583667358751,0.4658976589603383,0.4759280128481067,0.9283631330009839,-0.07671296296296298,-0.0784259259259259,0.40328845999275686,0.318295931314623,0.2111472472556306,0.5126528574111336,0.020060707775536812,0.0017129629629629162,0.01175683124553808,0.3535714285714285,0.11495564352207191,0.12051918454735536,0.0,0.7015771066194507,0.6269210273875175,0.3059975632853431,0.3500430014995748,0.45733834082641384,disgust,07,15,15,male,strong,1791
90,3.003,True,1.0,0.4696794703827375,0.4806702276031338,0.47517484899293566,0.9549169343620811,-0.07050925925925927,-0.07166666666666666,0.40317890461881084,0.3448205922575084,0.19797216875281845,0.49760856876034937,0.01099075722039633,0.0011574074074073848,0.010616800818241073,0.3440199706989114,0.119704296429845,0.11596835424376387,0.0,0.7071067807446058,0.5856801821978791,0.2848000050175423,0.35839880475268543,0.41628198542319456,disgust,07,15,15,male,strong,1791
100,3.336666666666667,True,1.0,0.5024114715817048,0.4946067732356788,0.49850912240869183,0.9427058869792975,-0.06745370370370368,-0.06925925925925924,0.39742135426384134,0.3568699925122333,0.19031786964211192,0.5288066291874546,0.00780469834602604,0.0018055555555555602,0.007205542947487612,0.345819735045106,0.12145460359932214,0.11396689469745708,0.0,0.7590346074836503,0.5889525847604666,0.28424685799669547,0.34549200699613036,0.4042463172380129,disgust,07,15,15,male,strong,1791
0,0.0,True,1.0,0.4579994551328703,0.4372800728385174,0.44763976398569383,0.5097054669307827,-0.06384259259259262,-0.0643055555555555,0.39103881486614533,0.2960433909886721,0.15695222218313862,0.8782322204256104,0.02071938229435294,0.0004629629629628873,0.008474769069921052,0.5622401677044871,0.12530318542845986,0.10989490202954696,0.0,0.6608118407316516,0.6480424708320828,0.2977300733379606,0.2937839366737525,0.3941883036829041,surprised,08,15,15,male,normal,1792
10,0.33366666666666667,True,1.0,0.5050930133551119,0.47400388210498984,0.4895484477300509,0.49561376705440496,-0.06569444444444444,-0.06569444444444439,0.3884708173601898,0.2889669680600996,0.1576466323661037,0.9877620039483523,0.031089131250122082,5.551115123125783e-17,0.017998280354717882,0.5622255427989816,0.12305351301476573,0.11240823237180245,0.0,0.747670678389629,0.6495625391953657,0.2982417793240502,0.2941092256870022,0.3968558882029909,surprised,08,15,15,male,normal,1792
20,0.6673333333333333,True,1.0,0.42023584897410565,0.4221876753325465,0.42121176215332606,0.5364193018396074,-0.06476851851851856,-0.06518518518518523,0.39169394950632785,0.28184675395063663,0.16181309963934307,0.7852285715834866,0.0019518263584408224,0.0004166666666666763,0.007410080370002786,0.4901807179588586,0.12363431974987048,0.1117691046323358,0.0,0.6500455035411926,0.6489549585224714,0.2989523497188676,0.2930374841485536,0.3927619863743058,surprised,08,15,15,male,normal,1792
30,1.0010000000000001,True,1.0,0.4765251799910832,0.4592139232036398,0.4678695515973615,0.8302151771027643,-0.06425925925925924,-0.06324074074074082,0.4140306773263234,0.3502470278402284,0.16120389992186693,0.5635521543102897,0.017311256787443385,0.0010185185185184187,0.01269285155879446,0.34277343750000044,0.12101902008721004,0.11459570038684336,0.0,0.6613995147816177,0.652524090479942,0.2992904521339446,0.29797071445373735,0.4089187007584888,surprised,08,15,15,male,normal,1792
40,1.3346666666666667,True,1.0,0.460664108509102,0.42290475535261773,0.44178443193085987,0.6354081226548223,-0.060972222222222205,-0.06217592592592591,0.411435841518366,0.25284983793416954,0.16877893270488473,0.6952766516188429,0.037759353156484265,0.0012037037037037068,0.020626605589139167,0.4361957495804353,0.12237028942600925,0.11315162409735383,0.0,0.9999999987499999,0.6464138861872875,0.29992870287404094,0.29793173537528456,0.39904359855037,surprised,08,15,15,male,normal,1792
50,1.6683333333333334,True,1.0,0.40444994165995496,0.40677829887911654,0.40561412026953575,0.7002375384287777,-0.06180555555555556,-0.06259259259259264,0.41039733172412374,0.27878315464536757,0.16740669132805952,0.5792521794528036,0.002328357219161581,0.000787037037037086,0.017163318181405523,0.4062279613204059,0.12405515427587259,0.11130182598661792,0.0,0.758948606914251,0.648120262917667,0.2991184266347857,0.30154932471313417,0.40047099202368425,surprised,08,15,15,male,normal,1792
60,2.0020000000000002,True,1.0,0.4614700055041921,0.4296084343719679,0.44553921993808,0.6895038458712716,-0.062222222222222234,-0.06277777777777777,0.4321659069077114,0.2585508993035903,0.16741626159698852,0.6461736545864908,0.03186157113222421,0.0005555555555555314,0.018627279838163216,0.4133551912347789,0.12099294288783756,0.11445689841074481,0.0,0.8771624373352671,0.6460439087666315,0.3016551322371051,0.30199217630420144,0.40648155994706114,surprised,08,15,15,male,normal,1792
70,2.3356666666666666,True,1.0,0.4293056735737537,0.3915360449021253,0.4104208592379395,0.587173935917829,-0.062129629629629646,-0.06356481481481474,0.41696459054683715,0.23612838592338734,0.1681445121901066,0.6989766304875207,0.03776962867162842,0.001435185185185095,0.00616742357412512,0.4646391755095118,0.1219240265306451,0.1136323436551964,0.0,0.7003448766540404,0.6445739729485545,0.3005309558142528,0.30283850875420326,0.4038011793091749,surprised,08,15,15,male,normal,1792
80,2.6693333333333333,True,1.0,0.4292634011150359,0.3845106415752476,0.40688702134514176,0.7018967592054973,-0.06171296296296286,-0.06212962962962959,0.4625545929091714,0.2934158583563962,0.16184374386358774,0.5796963955293256,0.0447527595397883,0.0004166666666667318,0.003779578544904784,0.41528271123084964,0.1226482311166966,0.1128502954103025,0.0,0.7432040723184745,0.6436108136770333,0.2996342568174188,0.3175214115830476,0.424050642944485,surprised,08,15,15,male,normal,1792
90,3.003,True,1.0,0.45982802129057054,0.4299308210382622,0.44487942116441637,0.7992324653596431,-0.06342592592592594,-0.06430555555555556,0.4487470024384628,0.32320795384707807,0.1625793263410684,0.5566333206499902,0.029897200252308354,0.0008796296296296191,0.0040499192119013185,0.35690023767844764,0.12123269416161281,0.11436962724597867,0.0,0.7228700670318632,0.6476552983771635,0.3005237942999319,0.3188458450652373,0.4309238560485983,surprised,08,15,15,male,normal,1792
100,3.336666666666667,True,1.0,0.2576963266342516,0.22891927640699822,0.24330780152062492,0.7433788648584151,-0.07189814814814816,-0.07083333333333336,0.46394028124208553,0.31440050746829223,0.1604399693065449,0.32729986420446006,0.02877705022725341,0.0010648148148147962,0.01281338625817055,0.38188173635272776,0.12119777742256259,0.11440662794551423,0.0,0.703105350548325,0.6450640313390982,0.3000152153470393,0.31067072525014766,0.41290504036680875,surprised,08,15,15,male,normal,1792
0,0.0,True,1.0,0.4586601722707827,0.4790468137411199,0.4688534930059513,0.5809142932316483,-0.06611111111111112,-0.06268518518518518,0.40542120686155775,0.25066507040818814,0.15980292746104682,0.8070958116690528,0.020386641470337197,0.0034259259259259434,0.017709292909126272,0.4367082781661002,0.12857962781502957,0.1060427134779802,0.0,0.7407822778515553,0.5907033032509879,0.28009087605665106,0.30020849603589594,0.3556655427227722,surprised,08,15,15,male,normal,1793
10,0.33366666666666667,True,1.0,0.48197887295315733,0.4871147105824201,0.4845467917677887,0.5719518867342243,-0.065925925925926,-0.06296296296296305,0.40504903079171617,0.25252854113315515,0.1591356854395925,0.8471810356890191,0.005135837629262785,0.002962962962962945,0.015996373765189677,0.4627777215775879,0.12616498743946986,0.10872934179474295,0.0,0.910582664527114,0.5923544921015281,0.28029901931019485,0.29794673372630937,0.35735971655760435,surprised,08,15,15,male,normal,1793
20,0.6673333333333333,True,1.0,0.4828109561850297,0.46368750272444426,0.473249229454737,0.5948747684423852,-0.06449074074074074,-0.062453703703703733,0.40959272012257864,0.24438785218612222,0.16049702270746352,0.7955442969852102,0.01912345346058547,0.002037037037037004,0.018945484727783107,0.44223937654159845,0.12285172948223592,0.11262872783346888,0.0,0.6894889348933707,0.6469476908810399,0.30190402198559063,0.29276241133004505,0.3916927628974461,surprised,08,15,15,male,normal,1793
30,1.0010000000000001,True,1.0,0.41340842331373767,0.39697904736049944,0.40519373533711855,0.7560934576754926,-0.061388888888888826,-0.05995370370370373,0.4242671468116109,0.2960845627152567,0.16329959881433115,0.5359043002208114,0.016429375953238234,0.001435185185185095,0.007664845593246203,0.37641240617364863,0.12027154772120606,0.11537994877182269,0.0,0.7071067807446058,0.647268465878539,0.30371620226082374,0.30096774261668013,0.4042497297652634,surprised,08,15,15,male,normal,1793
40,1.3346666666666667,True,1.0,0.4296168844819616,0.4261012404329685,0.4278590624574651,0.6486466503865155,-0.06310185185185185,-0.061203703703703705,0.41146440144485114,0.2724143549868435,0.16328604938601882,0.659618086677103,0.0035156440489931273,0.0018981481481481488,0.012315214082068789,0.4279405007948507,0.12182977001994857,0.11356575610389558,0.0,0.6841655506142118,0.6444330304309225,0.3023289341449759,0.29813394036101293,0.39668859674556955,surprised,08,15,15,male,normal,1793
50,1.6683333333333334,True,1.0,0.4134849126372378,0.41730628264260766,0.41539559763992273,0.8886235267896797,-0.0641666666666667,-0.06189814814814815,0.41121327724519047,0.36058886965330894,0.16188522218583645,0.4674595991630086,0.003821370005369862,0.0022685185185185586,0.02187549191592807,0.31825435527601015,0.12417860648808783,0.11116407450733878,0.0,0.7850645030266474,0.6452139467349439,0.3005346839490395,0.30843231737488586,0.408903779909612,surprised,08,15,15,male,normal,1793
60,2.0020000000000002,True,1.0,0.38307666246369376,0.41335237397939484,0.3982145182215443,0.6394884092725818,-0.05879629629629629,-0.0589351851851852,0.4128591455815636,0.2813749000799361,0.16391867961350398,0.6227079528689401,0.030275711515701076,0.0001388888888889106,0.013415956555369129,0.42750000000000066,0.12663233516995362,0.10836064534667114,0.0,0.6626657314658291,0.5900864055856718,0.27975734831562854,0.3077047494436185,0.3575732221627954,surprised,08,15,15,male,normal,1793
70,2.3356666666666666,True,1.0,0.495888525723138,0.48710613518544976,0.4914973304542939,0.7312263565410844,-0.06407407407407412,-0.06333333333333341,0.4214674543612111,0.3214874498585803,0.16461299838138888,0.672154834214703,0.008782390537688256,0.0007407407407407085,0.012475053367591799,0.397629310344828,0.12126378345436624,0.11400291530105745,0.0,0.9999999987499999,0.643269145642632,0.3016774796153792,0.3079381762305544,0.40931505357172815,surprised,08,15,15,male,normal,1793
80,2.6693333333333333,True,1.0,0.4659271851840643,0.45001367351438615,0.4579704293492252,0.7581184526667799,-0.06305555555555559,-0.060833333333333406,0.4248712553376101,0.29827611252463493,0.16182865820145273,0.6040882235991683,0.015913511669678138,0.002222222222222181,0.014886253472100082,0.36921657801820384,0.12345805334275409,0.11196377465566888,0.0,0.6515482437102351,0.6392005936280762,0.30298498718618855,0.31072849941839714,0.41053751425018936,surprised,08,15,15,male,normal,1793
90,3.003,True,1.0,0.49630685888340126,0.48696884656086964,0.49163785272213545,0.7581506843676153,-0.06342592592592594,-0.06101851851851864,0.4276706470442323,0.28584794116944184,0.1618437438635878,0.6484698396496441,0.00933801232253162,0.0024074074074073026,0.010095834769756942,0.3596158583329172,0.12263305842121731,0.11286678321123574,0.0,0.714965697058275,0.6368711546102815,0.3041921512519291,0.30933693001604357,0.4106213537307072,surprised,08,15,15,male,normal,1793
100,3.336666666666667,True,1.0,0.23422613659613536,0.24555803805610285,0.2398920873261191,0.7474191014323228,-0.07643518518518516,-0.07203703703703701,0.4343394387547572,0.2634234017761398,0.16256759411472513,0.32096060545736643,0.011331901459967486,0.004398148148148151,0.01904263847850349,0.369200881299159,0.12115429810189832,0.11445267066076549,0.0,0.9999999987499999,0.6405758517469489,0.30365288357454145,0.3017093758225488,0.39950198884105,surprised,08,15,15,male,normal,1793
0,0.0,True,1.0,0.4751856881614406,0.44291055642362975,0.45904812229253517,0.5514072500630869,-0.06481481481481483,-0.062962962962963,0.4014159860015866,0.26203281653998434,0.15768727938291646,0.8325028773923723,0.032275131737810825,0.0018518518518518268,0.007493017074926232,0.482246010523676,0.12999485054822832,0.10430300380153171,0.0,0.6442204277682609,0.5779621422787865,0.28241993717334113,0.3168548278766774,0.3692707458040476,surprised,08,15,15,male,normal,1794
10,0.33366666666666667,True,1.0,0.4521362436115871,0.4354649627885533,0.4438006032000702,0.5606058197500273,-0.06518518518518512,-0.06388888888888883,0.4056720377654133,0.2600714391550136,0.1583641691464469,0.7916446593400684,0.01667128082303382,0.0012962962962962954,0.010474333009946503,0.48409812172683864,0.1286039954049171,0.10601316020500233,0.0,0.7071067807446058,0.5797378626606894,0.28256069532006467,0.3167443167049777,0.36435095028594294,surprised,08,15,15,male,normal,1794
20,0.6673333333333333,True,1.0,0.35578784181828116,0.3305354585202214,0.34316165016925126,0.5879216355087752,-0.05564814814814817,-0.055046296296296204,0.3872970379074789,0.30093289709431165,0.14821346397266946,0.5836860381439889,0.025252383298059733,0.0006018518518519644,0.0060365813083309025,0.4559383005117639,0.12399813220624918,0.11102266923711983,0.0,0.7477507774118237,0.5837673563800521,0.28437772937777933,0.3050278476884837,0.35551220800493055,surprised,08,15,15,male,normal,1794
30,1.0010000000000001,True,1.0,0.4110496902318003,0.3654832257238178,0.38826645797780907,0.7482386569676575,-0.0493055555555556,-0.04953703703703699,0.39126341122991704,0.3671712729950488,0.14643685571833895,0.5189072421776677,0.04556646450798252,0.00023148148148138814,0.008771820188144859,0.3650335381553454,0.12663974429831684,0.10835198629759286,0.0,0.7802823370867797,0.608323989165979,0.2861731875682663,0.29858066025262536,0.34957041336861,surprised,08,15,15,male,normal,1794
40,1.3346666666666667,True,1.0,0.3887391247676163,0.374320563691729,0.3815298442296726,0.6845763346223955,-0.049212962962963014,-0.0501388888888889,0.4120481401134006,0.3422681427898025,0.14630341832190255,0.5573225730043971,0.014418561075887293,0.0009259259259258856,0.008131700745447073,0.40021696977692334,0.12585418714826765,0.10926344927598726,0.0,0.6998233895305572,0.6224545914615847,0.27909895044954725,0.28456342445709903,0.34789633747794557,surprised,08,15,15,male,normal,1794
50,1.6683333333333334,True,1.0,0.3634344362018337,0.35818376685638464,0.36080910152910917,0.6659997503584923,-0.05615740740740738,-0.05486111111111108,0.43811383575772883,0.2712743677084925,0.15804539128408357,0.5417556107714664,0.005250669345449044,0.0012962962962962954,0.002877184452959231,0.4065836307430434,0.12231996758182173,0.11320602148732406,0.0,0.642696548884555,0.6470419681544494,0.2990342707393422,0.30093061385880665,0.40747520338215215,surprised,08,15,15,male,normal,1794
60,2.0020000000000002,True,1.0,0.5711613869529937,0.5583358084915365,0.564748597722265,0.5267553802111207,-0.05342592592592588,-0.05402777777777784,0.41396373422703325,0.24360027808504575,0.16449109947801005,1.0721268712925474,0.012825578461457154,0.0006018518518519644,0.013237434824415422,0.5061999509654032,0.12523730468739697,0.10996997447057226,0.0,0.7071067807446058,0.6160536399325356,0.2789939482984166,0.2859754831049691,0.35661468907458577,surprised,08,15,15,male,normal,1794
70,2.3356666666666666,True,1.0,0.49717118257065895,0.48592834158068443,0.4915497620756717,0.6744240134057363,-0.05342592592592593,-0.05606481481481479,0.4162361290969809,0.29174981300096603,0.16292200312285174,0.7288438019776637,0.011242840989974523,0.0026388888888888573,0.007715851563419579,0.41141101843432226,0.12342235502866822,0.11200312517694709,0.0,0.7987021177868926,0.645839046126263,0.30089779666088456,0.30588927641167896,0.4054425665025592,surprised,08,15,15,male,normal,1794
80,2.6693333333333333,True,1.0,0.4133305861314657,0.3741386219822497,0.3937346040568577,0.7861524567243942,-0.05986111111111109,-0.06060185185185191,0.44003012120754353,0.32046031493474586,0.16209998531857617,0.5008374656709766,0.03919196414921605,0.0007407407407408195,0.017764773635838903,0.37205966239631466,0.12097820942324464,0.11463878320582649,0.0,0.6633704943083606,0.641338040536527,0.3022805678209702,0.31108839296480084,0.4133509917400054,surprised,08,15,15,male,normal,1794
90,3.003,True,1.0,0.43333571664984166,0.45015716461295663,0.4417464406313991,0.7889264965068912,-0.059537037037037055,-0.05833333333333329,0.4464836234966559,0.3061074319352465,0.16195825476092435,0.5599335839109322,0.016821447963114966,0.0012037037037037623,0.012262667868483458,0.37803992632416866,0.12372301796045106,0.11167091204604465,0.0,0.6668982761678036,0.6364666168029712,0.3026982559978885,0.322510228454987,0.42065015543908274,surprised,08,15,15,male,normal,1794
100,3.336666666666667,True,1.0,0.4433235127881596,0.4152395157764195,0.42928151428228956,0.7784035727088963,-0.059583333333333266,-0.059027777777777846,0.452519455437609,0.3020244847981976,0.16126446787813886,0.5514896505271183,0.028083997011740136,0.0005555555555554204,0.013578441147309437,0.3693509214952271,0.12290854885810183,0.11256671971735496,0.0,0.6346269277097514,0.6354967128413866,0.3019620917183914,0.3218195242406302,0.4202007525134145,surprised,08,15,15,male,normal,1794
0,0.0,True,1.0,0.44446327735977814,0.450166724176829,0.44731500076830355,0.5185663593544009,-0.06421296296296286,-0.06240740740740741,0.40746652271529726,0.24622165735442467,0.16115845901633363,0.8625993427826613,0.005703446817050872,0.0018055555555554492,0.01205510363041873,0.4945251138822604,0.12442976335479637,0.11088287406949768,0.0,0.7055501399922761,0.6447815681428822,0.29828420669037553,0.30174387068788544,0.4013564524477765,surprised,08,15,15,male,normal,1795
10,0.33366666666666667,True,1.0,0.4756695248452435,0.4576014471544875,0.4666354859998655,0.6012527967487831,-0.0662962962962963,-0.064074074074074,0.38772608738998837,0.2801062555748295,0.15976998172581555,0.7761053063256457,0.018068077690756024,0.002222222222222292,0.010719434097828976,0.4242819945567434,0.12424143804862842,0.11109384700320636,0.0,0.82688398354116,0.6464598109868948,0.29901472172175203,0.2992451156149501,0.40060062009707553,surprised,08,15,15,male,normal,1795
20,0.6673333333333333,True,1.0,0.3970063594784211,0.360296122730227,0.378651241104324,0.668368876197442,-0.06337962962962967,-0.06097222222222215,0.4189326973896213,0.2772956170739282,0.16274817662309035,0.5665303316614448,0.036710236748194125,0.0024074074074075247,0.0007465431392572485,0.4247321482178513,0.11904391780237714,0.11664614611765012,0.0,0.7071067807446058,0.6428844029017857,0.2991903518005208,0.2863180324394146,0.3927711993309394,surprised,08,15,15,male,normal,1795
30,1.0010000000000001,True,1.0,0.35815479339875705,0.3543535998230587,0.35625419661090785,0.6902777691946583,-0.05749999999999994,-0.056712962962962965,0.4044144879945375,0.25384148784859395,0.1637339863897944,0.5161026654915265,0.0038011935756983584,0.000787037037036975,0.005537761026136289,0.4048582965579998,0.12296790396866888,0.11216266967353967,0.0,0.9999999987499999,0.6128713313215911,0.276986314830995,0.2843003845495258,0.3516205384182531,surprised,08,15,15,male,normal,1795
40,1.3346666666666667,True,1.0,0.35815479339875717,0.3349876982983966,0.3465712458485769,0.6336306620283135,-0.056851851851851876,-0.05587962962962967,0.42222790958137296,0.20498568769959014,0.16829553989107088,0.5469609768238939,0.02316709510036058,0.0009722222222222077,0.006332996303379722,0.44288902326298574,0.12662294303699614,0.1083716202115117,0.0,0.7071067807446058,0.5918881194899835,0.27687753669936593,0.30839962269515514,0.36423428646228895,surprised,08,15,15,male,normal,1795
50,1.6683333333333334,True,1.0,0.41746836911870944,0.3869377389344366,0.402203054026573,0.5490219391734359,-0.061203703703703705,-0.05842592592592599,0.40160210823117837,0.2287386279757851,0.17180554700306774,0.7325810233232176,0.030530630184272822,0.0027777777777777124,0.007308271830521938,0.496062898041448,0.12380120530130008,0.11158422530235232,0.0,0.7071067807446058,0.638252847107593,0.3013278697847623,0.3057982775270072,0.39999498664764355,surprised,08,15,15,male,normal,1795
60,2.0020000000000002,True,1.0,0.4499901242374812,0.4225716997275255,0.43628091198250335,0.6349096247957562,-0.06148148148148158,-0.059907407407407465,0.4144902138765475,0.2222043077570466,0.17511157157652368,0.6871543522794293,0.027418424509955686,0.0015740740740741166,0.006641447209269786,0.4391778130615379,0.12453320601152493,0.11076668438976127,0.0,0.756934742956952,0.590281023510967,0.27998133614283194,0.30662117552932805,0.35949598726881654,surprised,08,15,15,male,normal,1795
70,2.3356666666666666,True,1.0,0.39698407459852914,0.4062128857629527,0.40159848018074096,0.715711382213501,-0.05712962962962975,-0.054953703703703616,0.439587911704439,0.21470397963787824,0.1709476243700912,0.5611179173072613,0.00922881116442359,0.0021759259259261365,0.011614828625693591,0.3940852580131526,0.12671787496373957,0.10826060195315282,0.0,0.6753895928067947,0.5830439184189301,0.27957284586431336,0.3213715571248466,0.38115788262858036,surprised,08,15,15,male,normal,1795
80,2.6693333333333333,True,1.0,0.4359180599900435,0.4220348040271106,0.42897643200857705,0.7203877007184679,-0.06041666666666673,-0.05708333333333332,0.4499678854544508,0.21494554848239675,0.17096235163967657,0.5954799500057314,0.013883255962932939,0.0033333333333334103,0.011237698072404744,0.39043817358580085,0.1258480045101606,0.10927057028861646,0.0,0.8076409289973752,0.5844139081882753,0.2801743690055063,0.3222355663095764,0.38468888414161223,surprised,08,15,15,male,normal,1795
90,3.003,True,1.0,0.43286516754726706,0.4280979013776492,0.4304815344624581,0.7198963352217973,-0.059814814814814876,-0.058148148148148115,0.4513506907655101,0.23213865539014178,0.16746364915329026,0.5979771161494084,0.0047672661696178675,0.0016666666666667607,0.016897026137640856,0.39130744809995305,0.12500679962341602,0.11005895634034119,0.0,0.7071067807446058,0.5857766013202156,0.28108158732211347,0.31863533951162876,0.37893140570705247,surprised,08,15,15,male,normal,1795
0,0.0,True,1.0,0.5100652576109059,0.4729239031420888,0.4914945803764974,0.5620915730830583,-0.06601851851851859,-0.0642592592592593,0.4023789770002245,0.254880185458733,0.16319865192012617,0.8744030402033282,0.03714135446881711,0.0017592592592592937,0.0019995600197273596,0.4714637631348827,0.12570631273687416,0.10943354471412392,0.0,0.6174452297677352,0.6370251217205634,0.3001811539390672,0.307842696672219,0.40638655772462845,surprised,08,15,15,male,strong,1796
10,0.33366666666666667,True,1.0,0.4677972909705975,0.4515386986574889,0.4596679948140432,0.5528946921989129,-0.0660648148148148,-0.0637962962962964,0.3983462733363277,0.2501190274233178,0.1652819322193933,0.8313843509437601,0.01625859231310861,0.002268518518518392,0.003148895060086527,0.4961073851059764,0.12209667985742034,0.11344680928941271,0.0,0.6486081619422795,0.6379760062618798,0.30057713428550104,0.30408502538271315,0.406099649250506,surprised,08,15,15,male,strong,1796
20,0.6673333333333333,True,1.0,0.4746277318785618,0.4515386986574883,0.46308321526802504,0.5578485463226742,-0.07069444444444445,-0.06675925925925924,0.40421585140388916,0.25944224284461403,0.1694448947031956,0.8301235493408735,0.023089033221073474,0.003935185185185208,0.0026172809773686158,0.4845285488641644,0.12332424664724508,0.11211114110198905,0.0,0.8597128702403627,0.6392899489483294,0.29941922456418874,0.30522120674833914,0.40641680492700605,surprised,08,15,15,male,strong,1796
30,1.0010000000000001,True,1.0,0.58486422747231,0.5787011036890467,0.5817826655806784,0.8385130962584473,-0.09736111111111118,-0.09115740740740741,0.4236750162611328,0.3329276330967869,0.21180699638057285,0.6938265701235521,0.006163123783263336,0.006203703703703767,0.010314076866263245,0.31467127870560246,0.12106606200325078,0.11454600124451748,0.0,0.9249685122785264,0.6327305278361345,0.30000567188848737,0.3290600732024042,0.4239223429706037,surprised,08,15,15,male,strong,1796
40,1.3346666666666667,True,1.0,0.5586023941762955,0.5644913531792788,0.5615468736777871,1.0374016658797889,-0.09453703703703709,-0.09240740740740744,0.3696480010764127,0.4191741873811941,0.21875558028596664,0.5413013031953793,0.005888959002983252,0.002129629629629648,0.010867831730872359,0.293093677363125,0.11844775544437146,0.1172514690731627,0.0,0.8914253925609478,0.6179349730048269,0.30348745636649294,0.345135279020626,0.4552144580865456,surprised,08,15,15,male,strong,1796
50,1.6683333333333334,True,1.0,0.5696943025160922,0.5644854827880644,0.5670898926520783,0.7163937329338907,-0.09486111111111112,-0.0905555555555555,0.39817081568779944,0.24541787187237854,0.22017354334773528,0.7915896895547099,0.00520881972802778,0.004305555555555618,0.014300055632090648,0.41664406289272415,0.11840965076908491,0.11680162897751102,0.0,0.7553871101472237,0.6193534738348464,0.30182003916521805,0.333961388644551,0.4382972501512133,surprised,08,15,15,male,strong,1796
60,2.0020000000000002,True,1.0,0.6116162464771134,0.6163421200021268,0.6139791832396202,0.7325943945893838,-0.06675925925925924,-0.06259259259259259,0.38737391954282535,0.2577507109008423,0.1923611111111111,0.8380888357516755,0.004725873525013413,0.004166666666666652,0.011416490955372912,0.38539575817577015,0.12080291267840035,0.11482349088214541,0.0,0.7071067807446058,0.6270565878851541,0.3005822625034472,0.30630505975927735,0.4142349071286132,surprised,08,15,15,male,strong,1796
70,2.3356666666666666,True,1.0,0.5622834075243476,0.5359095308488794,0.5490964691866135,0.6941683955066686,-0.06500000000000011,-0.05888888888888888,0.46198521962386246,0.18775887843793868,0.18680718920315212,0.7910133517182554,0.0263738766754682,0.006111111111111234,0.01076034022414795,0.42542747968548567,0.11957312228948232,0.11610360113219542,0.0,0.7613593390007353,0.6292720012301796,0.299178387477575,0.3198416096958076,0.4355474919045851,surprised,08,15,15,male,strong,1796
80,2.6693333333333333,True,1.0,0.39859865070632267,0.364667980185204,0.38163331544576334,0.7881108917677865,-0.06726851851851856,-0.06254629629629632,0.46926343188225855,0.22200306810360196,0.18055555555555558,0.4842380931822092,0.033930670521118644,0.004722222222222239,0.009939487913051314,0.37262543337578635,0.12366467779560482,0.11173551465768976,0.0,0.8186610178566059,0.5891935360237844,0.2815098463644476,0.32452217349686346,0.3793171494208333,surprised,08,15,15,male,strong,1796
90,3.003,True,1.0,0.48790348802243727,0.5080604856124147,0.497981986817426,0.7901475690765254,-0.06615740740740744,-0.06212962962962959,0.47553542878169736,0.24142661179698213,0.17708721081845544,0.6302392189846713,0.02015699758997741,0.004027777777777852,0.015529727719277079,0.3671762948397109,0.1258415940016403,0.10927795289867147,0.0,0.7387985501788,0.5879196361591512,0.2805297705580817,0.32848175736125357,0.3852919082973019,surprised,08,15,15,male,strong,1796
0,0.0,True,1.0,0.48961193390934765,0.44310093106320436,0.466356432486276,0.6181174316618385,-0.06921296296296292,-0.06740740740740742,0.39617955074240546,0.30246133771433587,0.15764324464162452,0.7544786938502192,0.04651100284614329,0.0018055555555555047,0.008081851866562496,0.41939295381701497,0.126546139370061,0.10846129439182835,0.0,0.9475446058407886,0.6451874448216788,0.2977982977562841,0.3007932395501827,0.39951595037949367,surprised,08,15,15,male,strong,1797
10,0.33366666666666667,True,1.0,0.4979104412637429,0.46453024362775336,0.48122034244574813,0.6312236613168747,-0.06949074074074074,-0.06736111111111115,0.39741376402085,0.31561183065843734,0.1590296967754789,0.7623610646055539,0.03338019763598954,0.0021296296296295925,0.005961884885495897,0.42392761969009757,0.12369310477191017,0.11170404469864799,0.0,0.8541018194800697,0.6465715035701782,0.29808127618281394,0.3003331037745738,0.40027322054783193,surprised,08,15,15,male,strong,1797
20,0.6673333333333333,True,1.0,0.5489093549728923,0.49376187622360695,0.5213356155982496,0.5921948050967941,-0.0908796296296297,-0.07898148148148143,0.40790667796202623,0.2252746598676417,0.19305595074681023,0.8803447972040845,0.05514747874928533,0.011898148148148269,0.012993965294525588,0.4529337500796482,0.12054471366706165,0.11509452539907417,0.0,0.7071067807446058,0.6419184776957658,0.2996545860060157,0.30361101931859724,0.3984574152131685,surprised,08,15,15,male,strong,1797
30,1.0010000000000001,True,1.0,0.4970087638442945,0.4793253600462669,0.4881670619452807,0.7687430026130601,-0.0807870370370371,-0.07379629629629625,0.4400093727894464,0.33030650148617097,0.17708333333333337,0.6350198444550854,0.017683403798027575,0.006990740740740853,0.011737310122837541,0.36912636820867684,0.12168405698282923,0.11388927976885989,0.0,0.6324351901312103,0.6486755940813825,0.2999209587849821,0.3106551888204176,0.4217918970546896,surprised,08,15,15,male,strong,1797
40,1.3346666666666667,True,1.0,0.505519493650053,0.48711471058242006,0.49631710211623653,0.7957747965536506,-0.08189814814814822,-0.07657407407407413,0.4012478803762671,0.3846075836718358,0.17916836996525623,0.6236904011859782,0.018404783067632935,0.005324074074074092,0.007873049028398001,0.3472599094642409,0.12128743369849304,0.1141447863432451,0.0,0.6761137200328767,0.6435662329150411,0.2997527958915427,0.3039520358685135,0.40964933537213116,surprised,08,15,15,male,strong,1797
50,1.6683333333333334,True,1.0,0.5290986270530823,0.5220458553791893,0.5255722412161359,0.5356435996536127,-0.07472222222222208,-0.07180555555555557,0.4148545028094301,0.25504550823230565,0.18125168372062772,0.9811976499971441,0.007052771673892955,0.002916666666666512,0.006911561919091793,0.522816927796837,0.12109051007516974,0.11452015604095453,0.0,0.9999999987499999,0.6411939067423845,0.2966040776325261,0.30749330427606625,0.40775355321634615,surprised,08,15,15,male,strong,1797
60,2.0020000000000002,True,1.0,0.5227524654888867,0.5103433641000326,0.5165479147944596,0.6694688001093351,-0.0692592592592593,-0.06629629629629624,0.42805155988195903,0.2727465481926923,0.183367038287288,0.7715787721699637,0.012409101388854094,0.002962962962963056,0.002859198940785721,0.449445305226633,0.1220772015943415,0.1134677690850382,0.0,0.674659641413777,0.6373378123280562,0.2987480305968735,0.321752517589907,0.4280953638233012,surprised,08,15,15,male,strong,1797
70,2.3356666666666666,True,1.0,0.48358042480602803,0.4444129428599943,0.4639966838330112,0.753465225565331,-0.06967592592592592,-0.0641666666666667,0.47026900661796933,0.2755111565621683,0.1694484967301334,0.615816985428718,0.039167481946033755,0.005509259259259214,0.00984137780196875,0.38646871539955246,0.12237836749017582,0.11314288727357852,0.0,0.632834485226227,0.641193040036327,0.2990421254923979,0.32797304361186025,0.43337427272402784,surprised,08,15,15,male,strong,1797
80,2.6693333333333333,True,1.0,0.4507687236157601,0.43008191549205105,0.44042531955390557,0.8079159782214278,-0.06777777777777766,-0.06365740740740738,0.4908488865964984,0.2908415723555189,0.1638893544106059,0.5451375284388755,0.020686808123709044,0.004120370370370274,0.008280833017362791,0.36748966449852605,0.12111260107369132,0.11433027457170371,0.0,0.6807757322736846,0.6416606258284565,0.3009882978769055,0.32396888562253506,0.4343479079554737,surprised,08,15,15,male,strong,1797
90,3.003,True,1.0,0.42792732880970524,0.4279423197050058,0.4279348242573555,0.7629589498447592,-0.0690277777777778,-0.06555555555555564,0.4850308734731906,0.30509493919100916,0.16458518755548326,0.5608883994930898,1.4990895300548424e-05,0.0034722222222221544,0.01186605348414527,0.38586663756802164,0.12679148405070595,0.10817438395008394,0.0,0.6465484290968896,0.5706036531253127,0.28129485206050914,0.34223000705153417,0.38802092893124907,surprised,08,15,15,male,strong,1797
0,0.0,True,1.0,0.5055442121680827,0.4935633838544872,0.49955379801128497,0.5416672915328122,-0.06629629629629635,-0.06217592592592597,0.40108735000461676,0.25759800635834496,0.1666890955774205,0.9222521016501581,0.011980828313595426,0.004120370370370385,0.023985002992893842,0.48260888871680524,0.12303986668255826,0.11242316921788059,0.0,0.6744893469478944,0.6486556614598964,0.2971265902736636,0.29931350499291876,0.40294321219980783,surprised,08,15,15,male,strong,1798
10,0.33366666666666667,True,1.0,0.5055442121680812,0.4935633838544866,0.4995537980112839,0.5451351101343073,-0.06601851851851848,-0.06310185185185191,0.40003231431158326,0.2658195169822686,0.16530731820509487,0.9163852937085757,0.011980828313594594,0.0029166666666665675,0.021872200873481455,0.4991052226866138,0.12238939712622654,0.11313095615768995,0.0,0.7459963310430056,0.6490188117434473,0.29783025572727445,0.2990543184831888,0.407001136303042,surprised,08,15,15,male,strong,1798
20,0.6673333333333333,True,1.0,0.5238430622750819,0.46467373472632384,0.49425839850070286,0.5362520318667846,-0.0766666666666666,-0.06680555555555556,0.38537867101302126,0.26809813180670305,0.17852394024248924,0.9216904909061234,0.05916932754875809,0.009861111111111043,0.021051423457508104,0.49100344355991865,0.12196199711444292,0.1134237412643782,0.0,0.7885142023405084,0.648953100513643,0.29784601835555347,0.2983624656236329,0.4051716457699997,surprised,08,15,15,male,strong,1798
30,1.0010000000000001,True,1.0,0.5633024062131312,0.5439092093930185,0.5536058078030748,0.8120071518227869,-0.07370370370370366,-0.06703703703703706,0.38524003263484224,0.3715289589344149,0.17715612972166683,0.6817745466408086,0.019393196820112757,0.006666666666666599,0.016426725322609,0.34357612856748293,0.1196694733138785,0.11600428839784253,0.0,0.6919778595912779,0.6515454769720388,0.2986288166602344,0.2984867993094207,0.4092571544859902,surprised,08,15,15,male,strong,1798
40,1.3346666666666667,True,1.0,0.5013007270152773,0.48665560840427885,0.4939781677097781,0.6711576628510468,-0.06861111111111112,-0.06537037037037036,0.4182076297318299,0.27341976981424876,0.17712641173327864,0.7360091302710925,0.014645118610998431,0.0032407407407407662,0.01788981929931381,0.3962447812129669,0.12275460387358939,0.11273457765027818,0.0,0.8726932836314238,0.6460209959765156,0.2981539234786275,0.3061493761495931,0.40909445263967265,surprised,08,15,15,male,strong,1798
50,1.6683333333333334,True,1.0,0.5306631706502135,0.5285141310381054,0.5295886508441594,0.7842375255405889,-0.06962962962962965,-0.06601851851851859,0.4071179063639443,0.3149672545486939,0.17504359111107873,0.6752911376933978,0.0021490396121081057,0.003611111111111065,0.012195462467636937,0.35077818533876964,0.12376289743694348,0.11162671270035905,0.0,0.7235318299042193,0.6437014945978391,0.2974416330965634,0.3037482607185564,0.40060389292821585,surprised,08,15,15,male,strong,1798
60,2.0020000000000002,True,1.0,0.537159516219739,0.5077343950495489,0.5224469556346439,0.647566839749106,-0.06875000000000003,-0.0652314814814815,0.40830992430526386,0.24759908578642312,0.17645116259097532,0.8067846028636385,0.02942512117019014,0.003518518518518532,0.015129962781936367,0.39754267299883084,0.12210457668979711,0.11343830976132566,0.0,0.767328338827711,0.6406304088354092,0.29852339048142745,0.30353715834366846,0.39973703653154796,surprised,08,15,15,male,strong,1798
70,2.3356666666666666,True,1.0,0.5585049218760229,0.5298407339585256,0.5441728279172742,0.780753691368678,-0.06856481481481491,-0.06486111111111115,0.4266740591742,0.2942730649604071,0.17642392055103365,0.6969839962758646,0.028664187917497252,0.0037037037037037646,0.016901550354316338,0.3464825841990086,0.1221477661855396,0.11339180299324683,0.0,0.6519741194956549,0.6371712531887755,0.299889501028745,0.31628204633153023,0.41491942488147554,surprised,08,15,15,male,strong,1798
80,2.6693333333333333,True,1.0,0.5319489369803929,0.5212164315132536,0.5265826842468233,0.7466439906258033,-0.06657407407407401,-0.06347222222222226,0.43635908953989655,0.26664793978720736,0.17504359111107873,0.7052660851197174,0.01073250546713933,0.0031018518518517446,0.013088651769276446,0.37532082663198957,0.12350507241430068,0.11191190668629408,0.0,0.7359892442730048,0.6341570014333859,0.30024134122154295,0.31583469870020475,0.4119964587290029,surprised,08,15,15,male,strong,1798
90,3.003,True,1.0,0.5371595162197385,0.5214574810734207,0.5293084986465796,0.7299785325774902,-0.06847222222222221,-0.06467592592592591,0.44232860971066307,0.2707873436350256,0.17086950399915843,0.7251014585013037,0.01570203514631774,0.0037962962962962976,0.009921205577385793,0.3810327056908508,0.12227047954657631,0.11325947025139714,0.0,0.8086145184381769,0.6369716269242072,0.30065402160469823,0.3164320171263929,0.4150453592707434,surprised,08,15,15,male,strong,1798
0,0.0,True,1.0,0.49746422843573784,0.48067022760313266,0.48906722801943525,0.5450151569421172,-0.06652777777777774,-0.06388888888888883,0.4089896542193073,0.2530200605250213,0.16251173710617217,0.8973461045806771,0.016794000832605183,0.002638888888888913,0.004416071873701197,0.48209962230894604,0.12765544033061693,0.10715347089381254,0.0,0.8309134764010047,0.5831331194274586,0.2782177875337,0.3068503215364334,0.36360294310250924,surprised,08,15,15,male,strong,1799
10,0.33366666666666667,True,1.0,0.5391825286563281,0.507936507936508,0.5235595182964181,0.536994611325283,-0.06805555555555554,-0.0641666666666666,0.4162802076898433,0.23014054771083572,0.16597635928167098,0.9749809537274358,0.031246020719820078,0.0038888888888889417,0.002820608014611529,0.4955357142857136,0.1284172855721405,0.10623925139490766,0.0,0.7995059890475567,0.5873885359847064,0.27940356836915464,0.3101572057934167,0.37060760870586845,surprised,08,15,15,male,strong,1799
20,0.6673333333333333,True,1.0,0.5474412815661606,0.5015859578779717,0.5245136197220661,0.7881481877213227,-0.06615740740740744,-0.0637037037037037,0.40091862282294755,0.3806464584048,0.16944849673013346,0.665501269803752,0.0458553236881889,0.0024537037037037357,0.0016958238360342546,0.34357612856748293,0.1268586762789369,0.10809557818581222,0.0,0.752744692543408,0.5879596045683898,0.28153429476149516,0.3159154542884915,0.37402794711245413,surprised,08,15,15,male,strong,1799
30,1.0010000000000001,True,1.0,0.4970087638442945,0.48067022760313266,0.48883949572371355,0.6624184925865633,-0.06717592592592586,-0.06472222222222224,0.4190809757217168,0.2993622033804657,0.17083511971881038,0.7379617284157163,0.016338536241161827,0.0024537037037036247,0.000752814511776216,0.4128531413785696,0.12465667231382695,0.11062771722307843,0.0,0.7071067807446058,0.5898479103360094,0.28167677085675447,0.3126712263338296,0.373574503328349,surprised,08,15,15,male,strong,1799
40,1.3346666666666667,True,1.0,0.48939715649750654,0.45940569839993134,0.47440142744871894,0.6845680318014917,-0.06944444444444442,-0.06597222222222227,0.42268328482965767,0.29235967242960015,0.17575696420026146,0.6929938375887876,0.029991458097575197,0.0034722222222221544,0.0012892408963862795,0.4226520816007344,0.1274357129000624,0.10705937116107142,0.0,0.6837843536576804,0.5870479292967188,0.27921070125367153,0.3243566239639214,0.37263685868672974,surprised,08,15,15,male,strong,1799
50,1.6683333333333334,True,1.0,0.4803386503493334,0.4373897707231038,0.4588642105362186,0.5399922872629815,-0.06949074074074074,-0.06449074074074068,0.40903960248423865,0.27639983562436415,0.17291710788410072,0.8497606750311736,0.042948879626229564,0.00500000000000006,0.007243045315292529,0.5094395282533399,0.12416698472513632,0.11100555719043176,0.0,0.6723494375996227,0.6458762765809449,0.2928632452662218,0.3066056136904756,0.40351684992960235,surprised,08,15,15,male,strong,1799
60,2.0020000000000002,True,1.0,0.509129583047962,0.458734532849104,0.483932057948533,0.6198945134267523,-0.07055555555555565,-0.06523148148148145,0.4287355766787538,0.2613121856306167,0.1722226652187543,0.7806683999724014,0.05039505019885798,0.005324074074074203,0.007618402657631375,0.4415851273325599,0.12146626566871345,0.11412153203717715,0.0,0.9999999987499999,0.6420290973576931,0.2970789752769268,0.30394081668931244,0.40516718294754456,surprised,08,15,15,male,strong,1799
70,2.3356666666666666,True,1.0,0.4511986663377006,0.4368433689245586,0.4440210176311296,0.7630869374887486,-0.06833333333333325,-0.06532407407407403,0.45610499723874354,0.2904286105367624,0.17222222222222217,0.5818747456120313,0.01435529741314201,0.0030092592592592116,0.0075390816228321006,0.3864823352438739,0.12424615550160895,0.11108857103014436,0.0,0.665051114888432,0.640791716764831,0.2997037825916972,0.320738342876373,0.42904191363263544,surprised,08,15,15,male,strong,1799
80,2.6693333333333333,True,1.0,0.4652471685468349,0.458734532849104,0.4619908506979694,0.7789863719280465,-0.06726851851851845,-0.0635648148148148,0.4764811303199256,0.29622495774794566,0.16667811036558883,0.5930666663070232,0.0065126356977309174,0.0037037037037036535,0.0013519976761519408,0.36469723733739356,0.12276650490078386,0.11272161746827349,0.0,0.6921016554002014,0.6403953597610919,0.299932746035507,0.3179659684642969,0.42727863357209434,surprised,08,15,15,male,strong,1799
90,3.003,True,1.0,0.19605441985507754,0.17070849419775216,0.18338145702641484,0.7371525905338363,-0.0771296296296296,-0.07337962962962957,0.4906774981930168,0.24932249322493236,0.17015009905848213,0.24877000960359155,0.02534592565732538,0.003750000000000031,0.0070440426352182724,0.39704523946298764,0.12062536760488726,0.1150099928708228,0.0,0.6804645408146025,0.6427203209643232,0.30130651091481747,0.3098930941332881,0.4165768712619227,surprised,08,15,15,male,strong,1799
0,0.0,True,1.0,0.5917887515016229,0.5704303917226542,0.5811095716121386,0.3717797702415854,-0.07166666666666666,-0.06995370370370368,0.31974089111502263,0.2827913529947679,0.18130092563129852,1.5630478528579677,0.021358359778968716,0.0017129629629629717,0.0013942887655916628,0.6356794868656459,0.1089442430803795,0.11556801106660759,0.0,0.9999999987499999,0.6527818865124174,0.29482016405218514,0.27330040196007005,0.42255968919876813,neutral,01,16,16,female,normal,1800
10,0.33366666666666667,True,1.0,0.596990679796038,0.5867507022069188,0.5918706910014784,0.40867504015006245,-0.07365740740740745,-0.07236111111111115,0.3150247434462146,0.3098878695208971,0.18126515292262468,1.4482672853819207,0.010239977589119209,0.0012962962962962954,0.005245578366987782,0.5626401209517798,0.11023066529169898,0.11467441565990133,0.0,0.9999999987499999,0.653069845610119,0.29472423362570666,0.2764966729035772,0.4208608922459405,neutral,01,16,16,female,normal,1800
20,0.6673333333333333,True,1.0,0.6073696079328332,0.5574435945971554,0.5824066012649943,0.5982032055647014,-0.07407407407407407,-0.07101851851851854,0.29969267704281843,0.3503761632593257,0.18266562172332237,0.9735932469890476,0.04992601333567781,0.0030555555555555336,0.0005507341382923419,0.4339285714285713,0.111112997446826,0.11415397877843671,0.0,0.9999999987499999,0.65272779702506,0.2950021232124676,0.2775426087600609,0.4178970949652944,neutral,01,16,16,female,normal,1800
30,1.0010000000000001,True,1.0,0.5034827446740652,0.4820393704038512,0.49276105753895816,0.6057540837986448,-0.07421296296296298,-0.07254629629629628,0.3901608917220964,0.2699354432834291,0.17850684503424194,0.8134671655020225,0.021443374270213977,0.0016666666666667052,0.002375427045283729,0.4035024418898392,0.10749137761227753,0.11708339322226896,0.0,0.9999999987499999,0.6547237809655112,0.2953578456305391,0.2782918329987042,0.42297322863534387,neutral,01,16,16,female,normal,1800
40,1.3346666666666667,True,1.0,0.1931818168402025,0.18019323427129308,0.1866875255557478,0.7017238875479043,-0.08574074074074067,-0.0848148148148149,0.3304354781718591,0.3508345358964136,0.1736220970916438,0.2660412861362131,0.012988582568909418,0.0009259259259257746,0.0017687300688882836,0.33747363590200286,0.10903260474219532,0.11531955791564419,0.0,0.9999999987499999,0.6596662437006052,0.2924849547242903,0.27084272298613754,0.4125752762386472,neutral,01,16,16,female,normal,1800
50,1.6683333333333334,True,1.0,0.5724964077070812,0.5517343510811513,0.5621153793941163,1.0122428285226541,-0.07430555555555551,-0.0740277777777778,0.30693503788601606,0.5227155589912071,0.17365505086318989,0.5553167318700702,0.020762056625929892,0.0002777777777777102,0.00045790157787000573,0.25819672131147503,0.11050304000109008,0.11407844420853991,0.0,0.9999999987499999,0.6554896622477115,0.29529018352808367,0.28068653612672817,0.41921646662362466,neutral,01,16,16,female,normal,1800
60,2.0020000000000002,True,1.0,0.49536398025077866,0.511453337761537,0.5034086590061578,0.19070882633314137,-0.07310185185185192,-0.07222222222222224,0.35562416223621923,0.21192164049069673,0.1792624520635458,2.6396715279804304,0.01608935751075835,0.0008796296296296746,0.008324166695750423,1.131242684807243,0.10812456857630479,0.11600725433008224,0.0,0.9999999987499999,0.6587626839720263,0.2898283377796786,0.274489493089789,0.423649465491212,neutral,01,16,16,female,normal,1800
70,2.3356666666666666,True,1.0,0.44440884501488515,0.45170433637285173,0.44805659069386844,0.6136895925979565,-0.0759259259259259,-0.07393518518518527,0.3164261090425684,0.29863908756238744,0.18405430888416371,0.7301029642642182,0.007295491357966588,0.0019907407407406263,0.004132873453925122,0.37083780328636895,0.10922430221116611,0.115138009106506,0.0,0.9999999987499999,0.6539200082064076,0.29382568134074055,0.2763222934727552,0.4156775124905524,neutral,01,16,16,female,normal,1800
80,2.6693333333333333,True,1.0,0.602476572961778,0.5976692442320259,0.600072908596902,0.8098574117918498,-0.07458333333333333,-0.07250000000000006,0.30606288855621605,0.4302072110436375,0.17788760713328214,0.7409611863268756,0.004807328729752092,0.0020833333333332704,0.003243414274007787,0.30537795223852465,0.11151830327237965,0.11342261332291427,0.0,0.9999999987499999,0.651171239253514,0.29350378631794655,0.2806685789139345,0.4198238185660546,neutral,01,16,16,female,normal,1800
90,3.003,True,1.0,0.5760980210370922,0.5540833311407496,0.5650906760889209,0.3315446973441301,-0.07203703703703701,-0.07124999999999992,0.34330010465704,0.24833404720210484,0.1757569642002614,1.7044177771975628,0.022014689896342587,0.000787037037037086,0.0029899075876067844,0.6145146312013963,0.10912617335629458,0.11506556251029655,0.0,0.9999999987499999,0.6560400988051469,0.2909050281546926,0.2736823782656561,0.4211507786286836,neutral,01,16,16,female,normal,1800
100,3.336666666666667,True,1.0,0.5770060337882232,0.5704303917226548,0.573718212755439,0.3494208720385379,-0.0723611111111111,-0.07134259259259257,0.3402006134953276,0.2278150570642098,0.17922797521786166,1.6419116849212236,0.006575642065568488,0.0010185185185185297,0.0031537735190376222,0.6371637459880356,0.10976353288749727,0.11462406458934732,0.0,0.9999999987499999,0.6533612197926046,0.2913599476231033,0.2739555193477637,0.4213077286742627,neutral,01,16,16,female,normal,1800
110,3.6703333333333332,True,1.0,0.5474412815661607,0.5387386730969026,0.5430899773315316,0.38312477010435697,-0.07236111111111104,-0.07268518518518513,0.337403360676982,0.26791621109843333,0.17786187196295736,1.4175277082283213,0.008702608469258077,0.0003240740740740877,0.000230701574609877,0.563350325049002,0.11229943202981572,0.11281827286074853,0.0,0.9999999987499999,0.6522356880095789,0.291670416996508,0.2782247738077353,0.4215366616922939,neutral,01,16,16,female,normal,1800
0,0.0,True,1.0,0.5573143408668451,0.5629632411472435,0.5601387910070443,0.41675259926800834,-0.0751851851851853,-0.0732870370370371,0.3198208348985474,0.31227226396881563,0.18266562172332237,1.3440559026887464,0.005648900280398439,0.0018981481481482043,0.0009062866077925027,0.5619741745773698,0.1109728009665985,0.11412345320197202,0.0,0.9999999987499999,0.6502863662027313,0.2931948568576803,0.27584496150155935,0.4188568551727364,neutral,01,16,16,female,normal,1801
10,0.33366666666666667,True,1.0,0.5384974738323501,0.5121487765486049,0.5253231251904775,0.40942894884495196,-0.07550925925925933,-0.07291666666666674,0.3246448717777701,0.33038348082595886,0.17987638103482617,1.2830629750838989,0.026348697283745226,0.002592592592592591,0.002023306245810784,0.6064215901494792,0.11119320443809123,0.11457579239033094,0.0,0.9999999987499999,0.651298290011317,0.2926829048793682,0.2755318006239587,0.41663245237643887,neutral,01,16,16,female,normal,1801
20,0.6673333333333333,True,1.0,0.5733603955989796,0.587548525129417,0.5804544603641983,1.074208099275526,-0.07569444444444445,-0.07407407407407401,0.31296861977927776,0.5208092547094669,0.18196499023394078,0.5403556915607618,0.014188129530437465,0.0016203703703704386,0.0004079085833579563,0.24715011496544248,0.11182508108915903,0.11429304462538331,0.0,0.9999999987499999,0.6538024506833984,0.2938559555780318,0.2831689551541747,0.42044029867406324,neutral,01,16,16,female,normal,1801
30,1.0010000000000001,True,1.0,0.30168623633538616,0.29132457197727724,0.2965054041563317,0.596124421268513,-0.08435185185185184,-0.0812500000000001,0.385496498868759,0.27137704696028064,0.1799124298787859,0.4973884537818263,0.010361664358108924,0.0031018518518517446,0.005792518617330996,0.4003354214320404,0.11058546944097711,0.1154928688649202,0.0,0.9999999987499999,0.655443800418605,0.29431175779473195,0.2807700264338419,0.41618108270760146,neutral,01,16,16,female,normal,1801
40,1.3346666666666667,True,1.0,0.5177480676054556,0.4902580040696635,0.5040030358375596,0.6321797182182655,-0.07402777777777769,-0.07342592592592595,0.3363142357814967,0.3235867887784999,0.17988189485538578,0.7972464495666535,0.02749006353579203,0.0006018518518517424,0.005560575598765494,0.38908707317513685,0.1099269979450448,0.11529650556397035,0.0,0.9999999987499999,0.6552704734159288,0.2928324293772147,0.27800447757966384,0.42004454687993203,neutral,01,16,16,female,normal,1801
50,1.6683333333333334,True,1.0,0.5036128641293893,0.5058036512174533,0.5047082576734213,0.9515598982567492,-0.07532407407407415,-0.07444444444444437,0.3104012874859544,0.48396029241584915,0.1757795353139963,0.5304009328241377,0.0021907870880639724,0.0008796296296297856,0.002406065694835357,0.28176472522779195,0.11047482845584572,0.11443921292590883,0.0,0.9999999987499999,0.6573747721197856,0.2938002402904575,0.28049971485356606,0.4170425342988656,neutral,01,16,16,female,normal,1801
60,2.0020000000000002,True,1.0,0.5389332854944219,0.5024114715817063,0.520672378538064,0.20965746486316403,-0.07333333333333336,-0.07180555555555551,0.3183565478326384,0.18392313619025208,0.18211209740280165,2.4834430716687734,0.036521813912715584,0.00152777777777785,0.00858911821648482,0.9986352153411183,0.11117697631371394,0.11425853560182689,0.0,0.9999999987499999,0.6582618179146659,0.29039206773863957,0.2830743942636652,0.423932021219368,neutral,01,16,16,female,normal,1801
70,2.3356666666666666,True,1.0,0.45240613130166385,0.45955944617390004,0.455982788737782,0.5248889688076069,-0.07699074074074069,-0.07393518518518521,0.3290462286187278,0.277730402870132,0.18199517575738963,0.8687223695587287,0.007153314872236194,0.003055555555555478,0.0021622854007791307,0.39792888504882507,0.10958481390965144,0.11545689102541562,0.0,0.9999999987499999,0.6556841263536665,0.2927580971811331,0.27452992344649546,0.41610242729297425,neutral,01,16,16,female,normal,1801
80,2.6693333333333333,True,1.0,0.6023631460032677,0.5565545074806547,0.5794588267419611,0.9050816846068073,-0.07374999999999998,-0.07319444444444445,0.29416057160260645,0.44383813379756965,0.17923861692715679,0.6402282098921206,0.045808638522612966,0.0005555555555555314,0.0004921079271495085,0.270432692307692,0.11213089570604724,0.11349052469714653,0.0,0.9999999987499999,0.6536381632105968,0.29295242813850736,0.2821034381471065,0.4178935897804836,neutral,01,16,16,female,normal,1801
90,3.003,True,1.0,0.5675792126820659,0.5717183290757092,0.5696487708788875,0.41303253541925994,-0.07374999999999998,-0.07314814814814824,0.3214604320065914,0.2936138075943903,0.17993278368223806,1.3791861948615016,0.004139116393643283,0.0006018518518517424,0.006130819784776613,0.5619741745773665,0.11108853549907616,0.11467727846421598,0.0,0.9999999987499999,0.6537584390006003,0.2915846301210018,0.27483282423329847,0.41769209043594274,neutral,01,16,16,female,normal,1801
100,3.336666666666667,True,1.0,0.5629632411472446,0.5416557895200814,0.552309515333663,0.39687583673725213,-0.07384259259259257,-0.07231481481481472,0.32273946601219217,0.2936138075943903,0.1785239402424893,1.391643088866895,0.021307451627163188,0.00152777777777785,0.0026904031502134494,0.5637777406001607,0.1112231493502203,0.11487889213855457,0.0,0.9999999987499999,0.654570791058611,0.29151600168380953,0.2730846887989666,0.4179586014409662,neutral,01,16,16,female,normal,1801
110,3.6703333333333332,True,1.0,0.586750702206918,0.5566866506874227,0.5717186764471704,0.36223634810322114,-0.07273148148148151,-0.07078703703703709,0.32553494645569797,0.29101610115135745,0.1771182276435293,1.5783028937898198,0.030064051519495316,0.0019444444444444153,0.001818315280758081,0.6351102729332874,0.11231716461138984,0.11380950462952709,0.0,0.9999999987499999,0.6534321276244872,0.2915106767121078,0.27752054633775225,0.41772795829399406,neutral,01,16,16,female,normal,1801
0,0.0,True,1.0,0.551734351081152,0.5522684142996147,0.5520013826903833,0.3756862900917053,-0.06782407407407404,-0.06745370370370368,0.3256477748732904,0.2362107856081546,0.18127062450005693,1.4693146842160234,0.0005340632184627214,0.00037037037037035425,0.0037365305084619406,0.6843220701023612,0.11449306627210944,0.11144946226315511,0.0,0.9999999987499999,0.6327014743631828,0.2773575860146963,0.2670618609654897,0.3741602384963595,neutral,01,16,16,female,normal,1802
10,0.33366666666666667,True,1.0,0.5768545766124749,0.5427292884974596,0.5597919325549672,0.36838378015882767,-0.06972222222222219,-0.0685648148148148,0.33044236850073744,0.24796218864912722,0.17849316768879106,1.5195889794974535,0.03412528811501525,0.0011574074074073848,0.00971778515108046,0.6652317064944909,0.11659396388264891,0.10942392972775038,0.0,0.9999999987499999,0.63034700803759,0.2777738788119102,0.27213912441411076,0.3750418993265271,neutral,01,16,16,female,normal,1802
20,0.6673333333333333,True,1.0,0.276725541358872,0.2804495802721888,0.2785875608155304,0.8507883001682849,-0.08046296296296301,-0.07986111111111122,0.32223227816911126,0.4169939772580773,0.17084449793611564,0.327446393844892,0.003724038913316796,0.0006018518518517979,0.010119393270996953,0.31412545566786193,0.11462144981502605,0.11080278093592853,0.0,0.9999999987499999,0.6323695532822504,0.276015362156951,0.2629170316712017,0.3646270051367988,neutral,01,16,16,female,normal,1802
30,1.0010000000000001,True,1.0,0.45939243057517054,0.4686125261007709,0.4640024783379707,0.9010068892748495,-0.07069444444444445,-0.07092592592592589,0.32899166244164363,0.4664987282317211,0.16742674269242552,0.5149821647994393,0.00922009552560038,0.00023148148148144365,0.020316125202847216,0.2934166553987071,0.1145548081617463,0.11223796384478803,0.0,0.9999999987499999,0.6332102820659513,0.2830369821837929,0.28034356721624704,0.38315153357846193,neutral,01,16,16,female,normal,1802
40,1.3346666666666667,True,1.0,0.2877430493410199,0.3147779752046424,0.3012605122728311,0.4787486676178428,-0.08078703703703699,-0.08083333333333342,0.3643895422836099,0.30395256091157824,0.16399359797450994,0.6292665288696111,0.027034925863622494,4.629629629643306e-05,0.02586262246177259,0.5306413692712465,0.11674744616319373,0.1099554383176865,0.0,0.9999999987499999,0.6381542429471789,0.27878496099213707,0.2754081096801431,0.3754132454364664,neutral,01,16,16,female,normal,1802
50,1.6683333333333334,True,1.0,0.45841054576105966,0.47628672860955906,0.4673486371853094,0.5383775880833339,-0.07148148148148142,-0.07254629629629639,0.3840459884858095,0.3238684736495999,0.16402336968135114,0.8680685220369349,0.0178761828484994,0.0010648148148149628,0.021771008060947165,0.4529310287130937,0.11518771019435566,0.11158833281995946,0.0,0.9999999987499999,0.6357323406706433,0.28051610784002157,0.2777096420208872,0.38305394978344437,neutral,01,16,16,female,normal,1802
60,2.0020000000000002,True,1.0,0.5059621017967086,0.4995077436269565,0.5027349227118325,0.5786146698780092,-0.07152777777777775,-0.07138888888888895,0.33843407922800445,0.2965785910244976,0.16538160750987738,0.8688596208904025,0.00645435816975215,0.00013888888888879958,0.020953474231842583,0.4474455585430522,0.11480840080622451,0.11197855020277207,0.0,0.9999999987499999,0.6316494323510654,0.28038024339097317,0.26997343009968194,0.3726732115656866,neutral,01,16,16,female,normal,1802
70,2.3356666666666666,True,1.0,0.5139202433285627,0.5059608786621537,0.5099405609953582,0.7715522108118453,-0.06958333333333327,-0.07004629629629616,0.3242402251079489,0.3855276905685573,0.17160293092747084,0.6609281314336288,0.007959364666409008,0.0004629629629628873,0.02160086735983215,0.323629473666059,0.11709038426740347,0.10959017526056233,0.0,0.9999999987499999,0.6280279504536189,0.28397527822742047,0.2827843045261391,0.38006362472625105,neutral,01,16,16,female,normal,1802
80,2.6693333333333333,True,1.0,0.4754124848578132,0.45752707909733353,0.4664697819775734,0.3698239308921982,-0.0721296296296296,-0.0723611111111111,0.345938419170608,0.199446738406531,0.17022675682426708,1.2613293597637598,0.017885405760479645,0.00023148148148149916,0.032949799012223134,0.612361457639702,0.11567752491889403,0.11056474568097634,0.0,0.9772626776507167,0.6279764883922317,0.2753678052910602,0.26401860102886715,0.37094927489461776,neutral,01,16,16,female,normal,1802
90,3.003,True,1.0,0.5293397313348279,0.5051341905461507,0.5172369609404893,0.2872923111084071,-0.07074074074074072,-0.07074074074074077,0.3574303179849518,0.17949193653849363,0.1702267568242672,1.8003856732013783,0.024205540788677204,5.551115123125783e-17,0.028600771655409314,0.7685267109541237,0.11568918227334364,0.1100343311019415,0.0,0.9999999987499999,0.6298185500997274,0.27508691742773855,0.26717379080556747,0.37378216810282766,neutral,01,16,16,female,normal,1802
100,3.336666666666667,True,1.0,0.548651454798641,0.5125931082449218,0.5306222815217814,0.35856653309430203,-0.06768518518518513,-0.06986111111111104,0.3421987163890179,0.2321187384718054,0.17372357468471164,1.4798432997711728,0.0360583465537192,0.0021759259259259145,0.029687367545188765,0.6443103257145978,0.11704833047963153,0.10858742674985028,0.0,0.9999999987499999,0.6298246647174494,0.27570345555425835,0.270540668101401,0.37282812179644464,neutral,01,16,16,female,normal,1802
0,0.0,True,1.0,0.5584549626331063,0.5553000556054829,0.5568775091192946,0.4164604479516705,-0.07282407407407415,-0.07018518518518513,0.31874035009620205,0.29625830171400314,0.1833749434905806,1.3371678195570669,0.0031549070276234437,0.002638888888889024,0.0034204126976761064,0.5623684052796082,0.11028575111264222,0.11445510181514203,0.0,0.9999999987499999,0.6527022485478566,0.2902367626277908,0.2742727945191618,0.415226737692039,neutral,01,16,16,female,normal,1803
10,0.33366666666666667,True,1.0,0.5683012641243311,0.5704303917226535,0.5693658279234923,0.40626179381857186,-0.07194444444444453,-0.07134259259259251,0.3281398362513575,0.27287130569721085,0.1847635195913375,1.4014751979797524,0.0021291275983224,0.00060185185185202,0.007494693845415395,0.6057145555894707,0.11141417917782309,0.11352489531442914,0.0,0.9999999987499999,0.6498957016243998,0.29249113676564126,0.27554366050902407,0.41238567116433733,neutral,01,16,16,female,normal,1803
20,0.6673333333333333,True,1.0,0.5574435945971554,0.5801836285081498,0.5688136115526525,0.5699293094137895,-0.07351851851851848,-0.07245370370370374,0.3136837423225562,0.3417810734030879,0.18688558749401266,0.9980423925516578,0.02274003391099433,0.0010648148148147407,0.00030918029304201095,0.43464370631349136,0.11280969172822979,0.11264682185024284,0.0,0.9999999987499999,0.6512738151041668,0.2937050201716357,0.2811328276331142,0.41258703072805825,neutral,01,16,16,female,normal,1803
30,1.0010000000000001,True,1.0,0.46033243204542523,0.4602648851154441,0.46029865858043467,0.863581776548388,-0.07560185185185186,-0.07277777777777783,0.32528706727534573,0.4396416316973611,0.1806066769993317,0.5330110836986187,6.754692998112155e-05,0.0028240740740740344,8.962676764102094e-05,0.3170454545454542,0.11134259197318508,0.11376270187565281,0.0,0.9999999987499999,0.6509501324436024,0.2934645448971346,0.2810478094296944,0.4168858904019683,neutral,01,16,16,female,normal,1803
40,1.3346666666666667,True,1.0,0.2327735468052979,0.21430874047612797,0.22354114364071292,0.4779184628661388,-0.08541666666666664,-0.08314814814814825,0.34084348000275616,0.26878761216307284,0.1805897789497399,0.46773908314842616,0.01846480632916994,0.002268518518518392,0.005758820883694966,0.49211147699176233,0.11114662897626096,0.11412123352071912,0.0,0.9999999987499999,0.6545507675257602,0.29071288990076444,0.2756894882661781,0.4066555659474766,neutral,01,16,16,female,normal,1803
50,1.6683333333333334,True,1.0,0.5099297447236026,0.5039152441125448,0.5069224944180737,0.49037571770243493,-0.07453703703703712,-0.07287037037037036,0.4080276972578311,0.2640210033021223,0.17862647713442117,1.0337430588797618,0.006014500611057794,0.0016666666666667607,0.00547089426956645,0.47866645153958226,0.1121502607919418,0.11347138834246802,0.0,0.9999999987499999,0.6555457940363644,0.29098435121399435,0.28928149967410655,0.42340677622639394,neutral,01,16,16,female,normal,1803
60,2.0020000000000002,True,1.0,0.4602648851154441,0.47635782809077976,0.46831135660311196,0.7887992350033947,-0.07999999999999996,-0.07824074074074072,0.3418051011457286,0.4017506233904845,0.17998365812071404,0.593701585678004,0.016092942975335645,0.0017592592592592382,0.006499457116649599,0.33109184626126315,0.10874618267082543,0.11673776048095949,0.0,0.9999999987499999,0.652521408571241,0.2921608464079515,0.2730558366918485,0.40987420078067593,neutral,01,16,16,female,normal,1803
70,2.3356666666666666,True,1.0,0.5323993498734185,0.526484198928879,0.5294417744011488,0.8007577715312673,-0.07324074074074077,-0.07282407407407415,0.2934322483057074,0.3999007930634369,0.18408746739003487,0.6611759426183423,0.005915150944539538,0.0004166666666666208,0.003674572708321658,0.3061125277245322,0.11100718710280737,0.11475602523153673,0.0,0.9999999987499999,0.6521344917576405,0.2915615104948003,0.2752043987726378,0.41467271430375047,neutral,01,16,16,female,normal,1803
80,2.6693333333333333,True,1.0,0.5534990499672441,0.5565545074806528,0.5550267787239485,0.3462661194185721,-0.07162037037037033,-0.07152777777777775,0.3411005901434842,0.21823295057154682,0.17446349453695603,1.602890804494283,0.0030554575134087436,9.259259259258856e-05,0.0015311160902990212,0.6371637459880356,0.1270352993022146,0.10337897181166297,0.0,0.9999999987499999,0.5948450390546843,0.26858156352329815,0.2893452376967516,0.34488061086006144,neutral,01,16,16,female,normal,1803
90,3.003,True,1.0,0.5036205141446394,0.49656335907331534,0.5000919366089773,0.31837892382636623,-0.07319444444444445,-0.07226851851851857,0.3548911245852129,0.21644074876320055,0.17646197175871184,1.5707444783050766,0.007057155071324039,0.0009259259259258856,0.0036762040342038543,0.6898094357147616,0.11127233831780645,0.11366392524990059,0.0,0.9999999987499999,0.6582188416772959,0.2889230009709273,0.27334326601744924,0.4146404953201742,neutral,01,16,16,female,normal,1803
100,3.336666666666667,True,1.0,0.5245901639344254,0.49709844905393225,0.5108443064941788,0.3219604581083924,-0.07361111111111118,-0.07240740740740742,0.33436636282320725,0.25260671332137996,0.1778296977626925,1.586667845783087,0.027491714880493123,0.0012037037037037623,0.0021284815249562844,0.6970551526858427,0.11251087439076735,0.11361800893501736,0.0,0.9999999987499999,0.6534859770314375,0.28979088724332497,0.27484392216082604,0.41397888804460947,neutral,01,16,16,female,normal,1803
0,0.0,True,1.0,0.47972426272899743,0.4361358603560175,0.4579300615425075,0.3525790270345082,-0.06842592592592595,-0.06462962962962959,0.36173619915912614,0.19832570270691022,0.17362209709164386,1.298801194711131,0.04358840237297995,0.003796296296296353,0.032946357751248816,0.6562500000000011,0.11708396858399964,0.10624280634053322,0.0,0.9999999987499999,0.6254970072169492,0.2759713515403184,0.27800050749870514,0.38652843404617604,calm,02,16,16,female,normal,1804
10,0.33366666666666667,True,1.0,0.4963799848926492,0.491241682765291,0.49381083382897006,0.3349869429743445,-0.06740740740740736,-0.06347222222222221,0.3660006728730532,0.20366161250880857,0.17292769676479455,1.4741196461104735,0.005138302127358163,0.003935185185185153,0.036129993286381334,0.7097220549562147,0.11798613540723399,0.1063206712508563,0.0,0.9999999987499999,0.6212544172121974,0.27483945761389067,0.280799307672106,0.38346013336971896,calm,02,16,16,female,normal,1804
20,0.6673333333333333,True,1.0,0.4684900318380111,0.475950702521603,0.47222036717980703,0.31916750946005695,-0.0668981481481482,-0.0622685185185185,0.3821826253641379,0.14570690649263418,0.17432131212675447,1.479537713530657,0.007460670683591908,0.004629629629629706,0.029382686070287573,0.7105705477347961,0.11494163891288152,0.10873230058185632,0.0,0.9999999987499999,0.6270386407844388,0.27513330094774363,0.2712515510316187,0.3726175389167965,calm,02,16,16,female,normal,1804
30,1.0010000000000001,True,1.0,0.1549675523058696,0.15012711381804203,0.1525473330619558,0.6732067773349076,-0.07537037037037042,-0.07356481481481492,0.4353603663231992,0.15296954330631984,0.17500392364463038,0.22659803525130942,0.004840438487827559,0.0018055555555555047,0.02083352865639062,0.3902522491460595,0.11509799270730575,0.1083911512662735,0.0,0.9999999987499999,0.6207844697253901,0.27889431540712045,0.2944395452854747,0.3870421600299112,calm,02,16,16,female,normal,1804
40,1.3346666666666667,True,1.0,0.25802946042630565,0.21731029289440573,0.2376698766603557,0.4410633562546917,-0.07518518518518513,-0.0700925925925926,0.3980362346624839,0.11360722812620898,0.17777949438325966,0.5388565458680122,0.040719167531899914,0.0050925925925925375,0.011519062721780098,0.5454545454545452,0.10008502453092895,0.11333735658849603,0.0,0.9999999987499999,0.6818273730507828,0.29446860948963494,0.2856969551078645,0.4408540732162982,calm,02,16,16,female,normal,1804
50,1.6683333333333334,True,1.0,0.3408856398780283,0.32357429332791743,0.3322299666029729,0.6825432175580488,-0.06777777777777783,-0.06263888888888886,0.4093524399606463,0.19317260874284445,0.17222266521875434,0.48675301146731775,0.01731134655011085,0.0051388888888889706,0.017946771233231847,0.37194114085988267,0.09916321050032584,0.11447809446370821,0.0,0.9999999987499999,0.6769898946531738,0.2959646325562452,0.286731418714465,0.44786185599908673,calm,02,16,16,female,normal,1804
60,2.0020000000000002,True,1.0,0.38559820385160964,0.3555828004007421,0.37059050212617584,0.3122222543649525,-0.06509259259259259,-0.060416666666666785,0.3930350908659884,0.13570822731128132,0.17504359111107873,1.1869445465376645,0.03001540345086756,0.004675925925925806,0.027851140861672573,0.806823964098705,0.10057149311923791,0.11239853852802457,0.0,0.9999999987499999,0.6809796656084308,0.2915057590951482,0.28632547151420357,0.44952980176981705,calm,02,16,16,female,normal,1804
70,2.3356666666666666,True,1.0,0.4097535942450778,0.3968185640968068,0.4032860791709423,0.44080124796298,-0.06490740740740747,-0.06129629629629629,0.3623094162054828,0.2277072882931203,0.1764619717587119,0.9148932337070236,0.012935030148270965,0.003611111111111176,0.015573175276910035,0.5249077391696234,0.1013655905959494,0.11270180752718481,0.0,0.9999999987499999,0.6781641198432498,0.2934429609473678,0.28757323489530856,0.4438090998866628,calm,02,16,16,female,normal,1804
80,2.6693333333333333,True,1.0,0.40979382096423966,0.36216060256541716,0.3859772117648284,0.4682257069331846,-0.06722222222222224,-0.06347222222222232,0.3877128013206595,0.2134266307127639,0.17101187951141802,0.8243400694355875,0.04763321839882251,0.00374999999999992,0.015432002050472982,0.529339327503207,0.1002337256594306,0.11370963291169886,0.0,0.9999999987499999,0.6802770192295668,0.29218256154855266,0.27743862223579757,0.4396324604818344,calm,02,16,16,female,normal,1804
90,3.003,True,1.0,0.2942888177563496,0.2692153486142726,0.2817520831853111,0.303170857291897,-0.06921296296296292,-0.0649074074074073,0.3884290042439383,0.1790878875019497,0.17020344934400036,0.9293508145937535,0.025073469142076976,0.004305555555555618,0.026037675598855302,0.8179145134478445,0.10213497315964072,0.11217500426576779,0.0,0.9999999987499999,0.6787966365061648,0.29221427975548986,0.27795709674175945,0.4405787134739761,calm,02,16,16,female,normal,1804
100,3.336666666666667,True,1.0,0.405989485683145,0.4206009786243409,0.413295232153743,0.3165822665576679,-0.06898148148148159,-0.06356481481481485,0.3890592293753085,0.17888431356101503,0.1750353096353437,1.305490786479217,0.014611492941195903,0.005416666666666736,0.037334103109613055,0.734763062024234,0.1172816993868353,0.10620403257385815,0.0,0.9999999987499999,0.6204108463854292,0.27161850663402975,0.2853562540395249,0.3748284210708216,calm,02,16,16,female,normal,1804
110,3.6703333333333332,True,1.0,0.3989050747429686,0.4097938209642391,0.4043494478536038,0.3378167234189071,-0.065925925925926,-0.06175925925925929,0.378504788588378,0.17551289052398553,0.1757013921825663,1.196949173390073,0.010888746221270507,0.004166666666666707,0.04661109301364364,0.6792863676647263,0.11623046010159159,0.10735349873576373,0.0,0.7660317615982566,0.6170598760050896,0.27233159615464647,0.2817980232104262,0.3732456211624488,calm,02,16,16,female,normal,1804
0,0.0,True,1.0,0.487602177300345,0.47746489728829067,0.4825335372943178,0.3832201669786343,-0.07231481481481483,-0.0690277777777778,0.3434254071661932,0.2873478855663444,0.1723355921658683,1.259154864157294,0.010137280012054328,0.0032870370370370328,0.041357353904821606,0.6500249575243282,0.12795373076684824,0.10408679714436006,0.0,0.9999999987499999,0.5948050922712836,0.26400468887327677,0.2941609512549154,0.36036365496273226,calm,02,16,16,female,normal,1805
10,0.33366666666666667,True,1.0,0.47695450941853706,0.4692454316962342,0.4730999705573856,0.36876753610407886,-0.07296296296296295,-0.06995370370370368,0.3436587166088682,0.2873478855663442,0.17088736323246198,1.2829219609609577,0.007709077722302837,0.003009259259259267,0.039757603804681546,0.6755005481080287,0.12621879840274372,0.10564431666685924,0.0,0.9999999987499999,0.6005188978560174,0.2636483430258893,0.2884237270003702,0.35926714667265125,calm,02,16,16,female,normal,1805
20,0.6673333333333333,True,1.0,0.4554971313523523,0.44775314273604555,0.45162513704419893,0.38466311411585974,-0.07472222222222219,-0.06949074074074069,0.35666016616537355,0.23461411898869447,0.17157225107354981,1.174079656902508,0.007743988616306763,0.005231481481481504,0.043433051202193526,0.6075052909014504,0.1268707026775959,0.10540419042467698,0.0,0.9999999987499999,0.60044850788753,0.2623862030279064,0.2887512630321856,0.3563121904246605,calm,02,16,16,female,normal,1805
30,1.0010000000000001,True,1.0,0.16113376303597912,0.1713417573606468,0.16623776019831296,0.7284657036247156,-0.08652777777777781,-0.07953703703703702,0.4120533328242069,0.29724789997621986,0.17086950399915837,0.2282025898695621,0.01020799432466768,0.006990740740740797,0.028813707987394473,0.35021391942456354,0.11042186011899567,0.11515402631130292,0.0,0.9999999987499999,0.6599912221451081,0.2952885201745753,0.3043370808955528,0.45408954225536924,calm,02,16,16,female,normal,1805
40,1.3346666666666667,True,1.0,0.35008869844363716,0.3482315138030361,0.3491601061233366,0.499706083511954,-0.0775925925925926,-0.07129629629629625,0.3764664403150594,0.2428478142403428,0.1736128689147123,0.6987309493401114,0.001857184640601084,0.006296296296296355,0.0321462057122286,0.45879619105314173,0.10953144654916605,0.11600128958175626,0.0,0.9999999987499999,0.6611596652879902,0.294227096153901,0.2946502670028776,0.44339207912407497,calm,02,16,16,female,normal,1805
50,1.6683333333333334,True,1.0,0.38307666246369376,0.3476862558950721,0.3653814591793829,0.7986995510748546,-0.07592592592592595,-0.06893518518518515,0.36724090723796965,0.3302479634972576,0.16947325859287193,0.45747047020080167,0.035390406568621635,0.006990740740740797,0.03235843241964775,0.3120199680143287,0.10845600297062706,0.11635427193155497,0.0,0.9999999987499999,0.6610267671521735,0.2945350965005688,0.28998037459419906,0.43916362321349806,calm,02,16,16,female,normal,1805
60,2.0020000000000002,True,1.0,0.46080294355760043,0.3960741212225422,0.42843853239007135,0.28613491706222677,-0.07337962962962968,-0.06791666666666674,0.35205142674441803,0.1999783198522568,0.17302958160705095,1.4973304788834887,0.06472882233505822,0.005462962962962947,0.042281037536449045,0.7581764883950189,0.1267406437685716,0.10501769342080489,0.0,0.9999999987499999,0.5941948051017283,0.26318076753174696,0.31015233769053596,0.3734426122484163,calm,02,16,16,female,normal,1805
70,2.3356666666666666,True,1.0,0.2480501475467213,0.24447257937389716,0.24626136346030925,0.5034567191786478,-0.08421296296296299,-0.0771296296296296,0.3576952717991965,0.299762130828436,0.17378680346184106,0.48914108021453434,0.003577568172824147,0.007083333333333386,0.048463177927995135,0.47465346289529603,0.12553903286765342,0.10645119980891425,0.0,0.9999999987499999,0.5942752871617396,0.26502174410983953,0.30304068544742746,0.35956831262751116,calm,02,16,16,female,normal,1805
80,2.6693333333333333,True,1.0,0.3847627168973523,0.37391447430827995,0.37933859560281613,0.6973134687042476,-0.07634259259259263,-0.06976851851851851,0.3294930768809621,0.3484223644245741,0.171614934594706,0.5440000984172951,0.010848242589072354,0.006574074074074121,0.05399461555853635,0.36032432272997245,0.11032873934174517,0.11424702428378945,0.0,0.9999999987499999,0.6595719063562925,0.29225524913491513,0.289758364855269,0.4354374343320183,calm,02,16,16,female,normal,1805
90,3.003,True,1.0,0.40702826200097525,0.38955327019474423,0.39829076609785974,0.29402876856786947,-0.07513888888888892,-0.06893518518518515,0.37696723407204547,0.20021256060775366,0.16672204687006278,1.3545979464452436,0.01747499180623102,0.006203703703703767,0.05704549517284172,0.7529284040984042,0.11175280452195713,0.1140300469022889,0.0,0.9999999987499999,0.6587114997639683,0.29249807142609363,0.29443432454004165,0.44075148205456194,calm,02,16,16,female,normal,1805
100,3.336666666666667,True,1.0,0.42270385190267246,0.4219423535338144,0.4223231027182434,0.2793053107273928,-0.07277777777777772,-0.06638888888888883,0.37941094769768924,0.1785316031965696,0.16881509161283534,1.5120482371723991,0.0007614983688580823,0.006388888888888888,0.050565445139206126,0.7853180655381178,0.1271091024469453,0.10347250409944425,0.0,0.7071067807446058,0.5910789779427396,0.2615993277779562,0.3026657105234272,0.36548947984693564,calm,02,16,16,female,normal,1805
110,3.6703333333333332,True,1.0,0.44377925104642224,0.43334925881872893,0.43856425493257556,0.28848758917264944,-0.07407407407407401,-0.0685648148148148,0.4025369562873292,0.21265834560526017,0.1715638020344715,1.5202187941267402,0.010429992227693308,0.005509259259259214,0.04964210511960949,0.7853139225839888,0.12743604054765315,0.10362263479388688,0.0,0.9999999987499999,0.5883114114004977,0.26238887484683465,0.3070070089075718,0.3666250713486117,calm,02,16,16,female,normal,1805
0,0.0,True,1.0,0.5761450855192928,0.548277111684352,0.5622110986018224,0.3769205100610025,-0.06467592592592603,-0.06634259259259262,0.3417130106107975,0.24236507854029565,0.17229707246693468,1.4915906234734522,0.027867973834940774,0.0016666666666665941,0.025907237743342155,0.6741273405609733,0.1149165798203011,0.11015128146340895,0.0,0.9999999987499999,0.6280770464123149,0.2754675696843867,0.26594626687348794,0.381222416443177,calm,02,16,16,female,normal,1806
10,0.33366666666666667,True,1.0,0.5547257131209934,0.541359227633118,0.5480424703770557,0.6954831466607957,-0.06541666666666662,-0.06666666666666665,0.323533716209797,0.3224405352936835,0.17507366264951346,0.7880025173986703,0.013366485487875446,0.0012500000000000289,0.03025298101742229,0.36420683300212936,0.1145681242567923,0.11188432244941479,0.0,0.9999999987499999,0.6293366586165716,0.2760449206901798,0.2652268515612028,0.3720276841029779,calm,02,16,16,female,normal,1806
20,0.6673333333333333,True,1.0,0.5224015296613898,0.4662164341804903,0.49430898192094,0.7218985294091887,-0.06694444444444442,-0.06810185185185186,0.3525170696455079,0.3231507436263268,0.17021465526170562,0.6847347124054803,0.05618509548089945,0.0011574074074074403,0.026132348297104747,0.3453297448843513,0.11735544250789148,0.10982794069658289,0.0,0.9999999987499999,0.6292532483383979,0.27726849177853824,0.2755100582766332,0.3761194680000259,calm,02,16,16,female,normal,1806
30,1.0010000000000001,True,1.0,0.4410698983832166,0.4177069893995773,0.42938844389139696,0.8469787460582838,-0.06824074074074077,-0.06935185185185183,0.35269324658336926,0.37025446776235366,0.17087798736771304,0.5069648393064271,0.023362908983639297,0.0011111111111110628,0.025417628003847486,0.3157038985961891,0.11483992397938843,0.11228608264800702,0.0,0.9999999987499999,0.6323064276726317,0.27627170267696605,0.2774086186190154,0.38324109989177296,calm,02,16,16,female,normal,1806
40,1.3346666666666667,True,1.0,0.45077783289232504,0.4177069893995771,0.4342424111459511,0.5195564104503381,-0.06847222222222221,-0.06972222222222224,0.369829809421558,0.29495973516786256,0.16606229486534624,0.8357945401338827,0.033070843492747914,0.0012500000000000289,0.02555752236219479,0.4746534628952949,0.11432428118072824,0.1129797998575596,0.0,0.9999999987499999,0.6375072056009904,0.2736674503140954,0.2712426718929498,0.37852701508495645,calm,02,16,16,female,normal,1806
50,1.6683333333333334,True,1.0,0.45152852733803145,0.43951538269090673,0.4455219550144691,0.5238253834954824,-0.06421296296296297,-0.06583333333333341,0.426996677388852,0.21155077090580754,0.1647876356735443,0.8505161625454362,0.012013144647124718,0.0016203703703704386,0.03570321287551967,0.4772582770459721,0.11636657948658856,0.1103584332063121,0.0,0.9999999987499999,0.6336019890378026,0.27782097429115055,0.29258640862810786,0.3936737312409758,calm,02,16,16,female,normal,1806
60,2.0020000000000002,True,1.0,0.19842798136777606,0.19743640007726942,0.19793219072252274,0.43236464008168385,-0.07824074074074072,-0.07949074074074064,0.34595383333516894,0.18437135973964408,0.16831684520001683,0.4577899586911841,0.000991581290506638,0.0012499999999999178,0.027790431178091587,0.5387939048402635,0.11594597182384828,0.11097206930964325,0.0,0.9999999987499999,0.6355232328009329,0.27381596548233067,0.2655416169997589,0.3633723223208033,calm,02,16,16,female,normal,1806
70,2.3356666666666666,True,1.0,0.3240891864986832,0.31932153799291624,0.3217053622457997,0.47856784603474306,-0.06634259259259262,-0.0712037037037036,0.3651643543403204,0.25968243821854986,0.16538160750987738,0.6722251921255165,0.0047676485057669415,0.004861111111110983,0.04116442078282494,0.5228061147134985,0.11381978567963386,0.11382328727754888,0.0,0.9999999987499999,0.6343227789944104,0.2744149898589167,0.27706365614738876,0.37909208919106047,calm,02,16,16,female,normal,1806
80,2.6693333333333333,True,1.0,0.4507079906440744,0.45028884501327104,0.4504984178286727,0.5853837646455413,-0.06305555555555559,-0.06731481481481483,0.36995669085556177,0.24127122295967002,0.16987659260762517,0.7695779162947171,0.00041914563080336364,0.00425925925925924,0.05572740270870065,0.420465173977053,0.11834809865831492,0.10893258436181354,0.0,0.9999999987499999,0.6261938248736996,0.27589132172444947,0.2872942341016218,0.3790492986747189,calm,02,16,16,female,normal,1806
90,3.003,True,1.0,0.43058023972534354,0.3966530334900804,0.413616636607712,0.29293566066427984,-0.06120370370370365,-0.06546296296296295,0.40231262117299693,0.16306445508571268,0.1726204591835018,1.411970927915598,0.03392720623526313,0.004259259259259296,0.05213745118916353,0.7975739428717852,0.11584143342311545,0.11056545124439823,0.0,0.9999999987499999,0.6245868448551296,0.27522542510453774,0.2811515364870236,0.38222858443809554,calm,02,16,16,female,normal,1806
100,3.336666666666667,True,1.0,0.5006233762595933,0.4532687151507498,0.4769460457051715,0.30201283056650274,-0.061759259259259236,-0.06587962962962968,0.394565802385802,0.14716043137425044,0.1726204591835018,1.579224448214788,0.04735466110884351,0.004120370370370441,0.05417346884548997,0.7699218614308558,0.11546703771046256,0.11147031780299597,0.0,0.9999999987499999,0.6238743450739671,0.2749389394986804,0.28055473520539,0.3841075495837398,calm,02,16,16,female,normal,1806
110,3.6703333333333332,True,1.0,0.5180707731238322,0.4642348103288585,0.49115279172634535,0.2782191685348386,-0.060370370370370297,-0.06449074074074079,0.4086547233531967,0.1230672409067511,0.17544586059522754,1.7653449052876573,0.05383596279497371,0.004120370370370496,0.05461016536463876,0.8749032079643054,0.11698021625585253,0.10988128845963772,0.0,0.9999999987499999,0.6228450790003501,0.27455396715688424,0.2853954737475484,0.38409685089286927,calm,02,16,16,female,normal,1806
0,0.0,True,1.0,0.4508016632392451,0.44010942490642435,0.4454555440728347,0.3677060822470724,-0.06717592592592597,-0.07162037037037033,0.3525921795903138,0.2533231359898885,0.16782726689172317,1.2114445900666941,0.010692238332820736,0.004444444444444362,0.058292827285602526,0.6084649227237329,0.1227591400164754,0.10718509686854852,0.0,0.9999999987499999,0.5971533110197205,0.2696115164951132,0.28128506984113216,0.36556853320471644,calm,02,16,16,female,normal,1807
10,0.33366666666666667,True,1.0,0.40773800892820894,0.4050188565933385,0.40637843276077373,0.3465539076672399,-0.06537037037037036,-0.07125000000000004,0.35777364751706886,0.24127122295967218,0.16993406946806472,1.1726268951812748,0.0027191523348704116,0.005879629629629679,0.05747088013345488,0.6473822468873424,0.12422239096277056,0.10548577644287332,0.0,0.9999999987499999,0.5968200788753002,0.26914234999337416,0.29366777543801686,0.3745741072920535,calm,02,16,16,female,normal,1807
20,0.6673333333333333,True,1.0,0.43373664393032096,0.42587460357343193,0.4298056237518765,0.3170437026909805,-0.06560185185185186,-0.07157407407407401,0.3760615325905597,0.1961562276440443,0.1659430044961914,1.3556668058813457,0.007862040356889033,0.005972222222222157,0.06306511672066804,0.7191540319155503,0.12389173403511293,0.10587393298667595,0.0,0.9999999987499999,0.5997835838085236,0.2683044027050639,0.2930876189731057,0.37376269688690084,calm,02,16,16,female,normal,1807
30,1.0010000000000001,True,1.0,0.16977741682154052,0.16441484878870086,0.1670961328051207,0.6667028290653642,-0.08037037037037048,-0.08106481481481476,0.3737558281348971,0.31765901338207964,0.17345631662504174,0.25063060410193405,0.00536256803283966,0.0006944444444442754,0.06130216329563208,0.3738891723406962,0.12202971297026109,0.10854267567651138,0.0,0.9999999987499999,0.6010820559395633,0.2737024707294161,0.29882959231365047,0.3636887955615102,calm,02,16,16,female,normal,1807
40,1.3346666666666667,True,1.0,0.2394229598669006,0.24321616158067047,0.24131956072378552,0.41557059069406704,-0.0702314814814815,-0.07319444444444445,0.3767130365597591,0.25798977831163294,0.1570293065800139,0.5806945104578853,0.0037932017137698726,0.002962962962962945,0.06131994194489295,0.5816260979658302,0.12259207356651598,0.1064852816565117,0.0,0.9999999987499999,0.6050077048788266,0.27368912327065736,0.3018405621715941,0.3714357976381988,calm,02,16,16,female,normal,1807
50,1.6683333333333334,True,1.0,0.34836622363544345,0.3127100830669166,0.33053815335118003,0.4854935715281096,-0.06564814814814812,-0.07087962962962968,0.4321203443472984,0.25499127378127767,0.1536345101857912,0.6808291041028587,0.03565614056852684,0.005231481481481559,0.08529916817281011,0.5508638460512285,0.10531395236559533,0.11580073279335248,0.0,0.9999999987499999,0.6734932824536064,0.29666201863556674,0.300782058353206,0.4483617308482003,calm,02,16,16,female,normal,1807
60,2.0020000000000002,True,1.0,0.18334468010888105,0.17719000032377744,0.18026734021632923,0.49544459766386045,-0.08439814814814817,-0.08509259259259261,0.3816099982521568,0.24490827887676428,0.15961439243048822,0.36384964346434046,0.006154679785103617,0.000694444444444442,0.07020876217634095,0.502070655769964,0.12084006002453102,0.10916971830050202,0.0,0.9999999987499999,0.5934458757252901,0.2700783678970837,0.2982041891400921,0.371296376943017,calm,02,16,16,female,normal,1807
70,2.3356666666666666,True,1.0,0.17354128445188605,0.13575853898474136,0.15464991171831372,0.4118167131512723,-0.07629629629629625,-0.07851851851851849,0.3697718559465572,0.28333423542976593,0.160123435785086,0.3755309262096565,0.03778274546714469,0.0022222222222222365,0.08006839837633842,0.5985447060990208,0.12422117958317701,0.1063864170334249,0.0,0.9999999987499999,0.5892606420693278,0.2737129178414163,0.31655239449107797,0.3773220455010675,calm,02,16,16,female,normal,1807
80,2.6693333333333333,True,1.0,0.32362333005108423,0.30956136359213826,0.31659234682161125,0.5061974075544696,-0.06828703703703703,-0.07236111111111115,0.3827262992996882,0.2826783168681987,0.15744144512159214,0.6254325725434383,0.014061966458945974,0.004074074074074119,0.06687541606014966,0.48804775428715264,0.12383620450526704,0.10647702918859994,0.0,0.9999999987499999,0.5919929814816552,0.2709404450073299,0.31271182655362656,0.3800989601210839,calm,02,16,16,female,normal,1807
90,3.003,True,1.0,0.3460804691358541,0.3187443990719928,0.33241243410392346,0.28801571915977203,-0.06412037037037038,-0.07037037037037042,0.41527507236215827,0.18138724318391963,0.1625211493630371,1.1541468468237426,0.027336070063861295,0.006250000000000033,0.07744690883048432,0.8270183633911177,0.12158678552490047,0.10921318978898599,0.0,0.9999999987499999,0.5888808511607768,0.27094436097197677,0.3059464806162653,0.3883281696124507,calm,02,16,16,female,normal,1807
100,3.336666666666667,True,1.0,0.18804415119516127,0.18859118283007012,0.1883176670126157,0.30360568954720607,-0.07328703703703704,-0.07851851851851854,0.37789654899188935,0.20723735517201922,0.16777088726566408,0.6202705466207515,0.0005470316349088511,0.005231481481481504,0.07433290239486852,0.7590149895961749,0.12458238677509226,0.10578325077216322,0.0,0.9999999987499999,0.5891023895339386,0.2709213543074998,0.3063149284203218,0.38028168709765,calm,02,16,16,female,normal,1807
0,0.0,True,1.0,0.3872566922115553,0.38810200053776717,0.3876793463746612,0.3526618556023522,-0.07189814814814816,-0.07125000000000004,0.36154472236864027,0.18347658700018013,0.1784876109678226,1.099294806671106,0.0008453083262118799,0.0006481481481481199,0.007289758824360444,0.6802165434232523,0.11663465730316777,0.10955459586316015,0.0,0.9999999987499999,0.6211853713985596,0.27580490233027044,0.27299377431681987,0.37536996223309843,calm,02,16,16,female,strong,1808
10,0.33366666666666667,True,1.0,0.4203756478142562,0.4194762869995582,0.4199259674069072,0.47725735681830894,-0.07245370370370374,-0.07000000000000006,0.34755361824646375,0.2155001070494764,0.17853376924601208,0.8798732201979912,0.0008993608146979915,0.00245370370370368,0.004942633155118474,0.5090037646260432,0.1011609851543978,0.11220837610903465,0.0,0.9999999987499999,0.6806621084058625,0.2952837842316797,0.2656335477343233,0.4205249329605953,calm,02,16,16,female,strong,1808
20,0.6673333333333333,True,1.0,0.43622379697791935,0.4275756642689064,0.4318997306234129,0.673439847432753,-0.07337962962962968,-0.07087962962962968,0.3611921911850165,0.2927124079664487,0.17440401077074308,0.6413337913844498,0.008648132709012935,0.0025000000000000022,0.0024416611667408467,0.37958541741102625,0.10148327781559695,0.1115759876291008,0.0,0.9999999987499999,0.677997555584734,0.29477818621517815,0.2676933935050989,0.42548973718928806,calm,02,16,16,female,strong,1808
30,1.0010000000000001,True,1.0,0.36945885413627333,0.3459392233439384,0.3576990387401059,0.6162203564181319,-0.0734259259259259,-0.07004629629629616,0.4354778745157747,0.17236726620239454,0.17178378612192338,0.5804726101865284,0.023519630792334933,0.0033796296296297323,0.0009000236744154543,0.40655908201451363,0.09933232701763044,0.11366287629707575,0.0,0.9999999987499999,0.6795178204719388,0.29270739958668407,0.2755009219918938,0.4369206342110365,calm,02,16,16,female,strong,1808
40,1.3346666666666667,True,1.0,0.3340080365849377,0.3135425211330302,0.32377527885898394,0.41324453954348617,-0.06995370370370374,-0.0673611111111111,0.3953967104816671,0.17284143520182202,0.17190143968390242,0.7834956009743299,0.0204655154519075,0.0025925925925926463,0.018153045439646093,0.5692664927618081,0.11472662880599949,0.10895913999509628,0.0,0.9999999987499999,0.627117894743835,0.2805105825780874,0.29658269512579966,0.38116958282568186,calm,02,16,16,female,strong,1808
50,1.6683333333333334,True,1.0,0.29552584732327525,0.28397565494972365,0.28975075113649945,0.8320293987245341,-0.06898148148148142,-0.06638888888888889,0.42083874605594757,0.2708825171081541,0.16907926860578038,0.34824580907919256,0.011550192373551593,0.0025925925925925353,0.016864798351840248,0.30758646644615034,0.11453047672939157,0.10864046945425432,0.0,0.9999999987499999,0.6202713698448129,0.2837242042383055,0.30118466099183844,0.3908610003975066,calm,02,16,16,female,strong,1808
60,2.0020000000000002,True,1.0,0.34270197358212423,0.30197204118059806,0.3223370073813612,0.27510945745070864,-0.06300925925925926,-0.06194444444444447,0.41713469422456473,0.1273560852971198,0.1779536384088847,1.1716682166010752,0.04072993240152617,0.0010648148148147962,0.03333939492972165,0.9527763204412103,0.1098993382589271,0.1107725504797257,0.0,0.9999999987499999,0.6365891359356243,0.27121788175672523,0.2830195625756388,0.38098255779736595,calm,02,16,16,female,strong,1808
70,2.3356666666666666,True,1.0,0.34242111344791665,0.35589787081465135,0.349159492131284,0.4430629972762275,-0.06518518518518518,-0.06708333333333327,0.3681389194223022,0.2671917592485932,0.16915480799208835,0.7880583444742072,0.013476757366734704,0.0018981481481480933,0.05254915108480791,0.585309864210481,0.11353201469192835,0.10722410213006663,0.0,0.9999999987499999,0.6323400447991697,0.2763944054129665,0.28878538875526416,0.38005598116749706,calm,02,16,16,female,strong,1808
80,2.6693333333333333,True,1.0,0.3208501173433488,0.29201039162878006,0.3064302544860644,0.6397212069437312,-0.06800925925925927,-0.0705555555555556,0.35970667509404863,0.35970934718507047,0.1601281827634457,0.4790059343976344,0.02883972571456872,0.0025462962962963243,0.07720373369421969,0.391420332306856,0.11275043745871377,0.10716037305113056,0.0,0.9999999987499999,0.6457357370604491,0.27312835384479267,0.2761809950521731,0.36084372442070367,calm,02,16,16,female,strong,1808
90,3.003,True,1.0,0.3475676905370946,0.355485361817606,0.35152652617735025,0.3320641056736207,-0.06314814814814812,-0.06916666666666665,0.37786452297995976,0.22776440005687992,0.15397925608344895,1.0586104314534337,0.007917671280511407,0.006018518518518534,0.0722767645862031,0.695406755494474,0.11679206610311155,0.10921246314804062,0.0,0.9999999987499999,0.62211796088748,0.2759280403542768,0.28798545851759066,0.3808626813753568,calm,02,16,16,female,strong,1808
100,3.336666666666667,True,1.0,0.3476423605211393,0.3363849256353404,0.34201364307823984,0.3038363752434427,-0.06143518518518515,-0.06768518518518513,0.3968569451742862,0.24875605900516687,0.1546620700196974,1.1256507480521658,0.01125743488579889,0.006249999999999978,0.07438761509462433,0.7416860006777202,0.11933753125270283,0.10642510252054602,0.0,0.9999999987499999,0.6213864357852515,0.275911489552678,0.29194358248600094,0.38038887256181314,calm,02,16,16,female,strong,1808
110,3.6703333333333332,True,1.0,0.4198604205391367,0.4328986643437367,0.4263795424414367,0.3162963796628459,-0.058611111111111114,-0.06495370370370374,0.3773580546833719,0.24567741818957847,0.15586324264593843,1.34803801072884,0.013038243804600003,0.006342592592592622,0.08116170885117606,0.7416860006777192,0.12010257516139623,0.10574130791252659,0.0,0.9999999987499999,0.619672032523947,0.2760965659181884,0.2867378354313829,0.37545847941004,calm,02,16,16,female,strong,1808
0,0.0,True,1.0,0.4255707748774748,0.4116009385203262,0.41858585669890047,0.30991445075414775,-0.07439814814814816,-0.06592592592592594,0.3705452503522946,0.15331539435230765,0.17952442970375948,1.3506496895524267,0.013969836357148602,0.008472222222222214,0.09373190349520626,0.746036706653129,0.11506684443918122,0.11154228778517877,0.0,0.9999999987499999,0.6407638999896834,0.28806814037476264,0.2975064159796187,0.43622674351425883,calm,02,16,16,female,strong,1809
10,0.33366666666666667,True,1.0,0.41782097203891866,0.41471155685248484,0.41626626444570175,0.2933811138481508,-0.0741666666666666,-0.06662037037037033,0.39210878638306684,0.11892433334563572,0.17883137454304238,1.418858422703904,0.003109415186433817,0.007546296296296273,0.0890252588752079,0.7971272955762805,0.11508775613906351,0.11203205292887176,0.0,0.9999999987499999,0.6431098541916768,0.2864659840119982,0.29555940126939934,0.4351304100885581,calm,02,16,16,female,strong,1809
20,0.6673333333333333,True,1.0,0.35126131133085187,0.3367308211530347,0.3439960662419433,0.42939018155746544,-0.07462962962962966,-0.06435185185185183,0.3927426062483994,0.15649926579275217,0.17878358615153647,0.8011269959508988,0.014530490177817157,0.01027777777777783,0.08466206183407095,0.5844354751849175,0.11494659171553685,0.11319133020947666,0.0,0.9999999987499999,0.6402143741090186,0.2873760012885109,0.301485819918938,0.43226120364734916,calm,02,16,16,female,strong,1809
30,1.0010000000000001,True,1.0,0.15582341001724193,0.1347420139090741,0.145282711963158,0.6718243622130468,-0.08435185185185184,-0.07263888888888892,0.44493846491077965,0.21756983606895636,0.17878358615153647,0.21625103246417615,0.021081396108167838,0.011712962962962925,0.0702627085630237,0.3867302153709283,0.11459772557756545,0.11337660043551782,0.0,0.9999999987499999,0.6425351971179096,0.2908299559375119,0.3193397921710358,0.45182204119784275,calm,02,16,16,female,strong,1809
40,1.3346666666666667,True,1.0,0.3638873613211592,0.3501902016092409,0.3570387814652001,0.47730955930128327,-0.07773148148148151,-0.06833333333333341,0.4109461439053054,0.18289702788227305,0.17708505667053598,0.7480235300291421,0.013697159711918261,0.0093981481481481,0.04347790925659,0.5049791338730951,0.10591008752981301,0.11475878962214213,0.0,0.9999999987499999,0.660700620506015,0.2961570150222344,0.30758255333282936,0.4489856652107815,calm,02,16,16,female,strong,1809
50,1.6683333333333334,True,1.0,0.39089534663236525,0.3387821861598278,0.3648387663960965,0.8992821750803717,-0.08481481481481479,-0.07268518518518524,0.3830138240299854,0.34496407323014033,0.177094103915715,0.4056999866182044,0.052113160472537445,0.012129629629629546,0.04047302883354004,0.29455402255900087,0.1073639138014569,0.1132316762321852,0.0,0.9999999987499999,0.6607864346285388,0.2945530486964393,0.2973104231997686,0.44210326464844263,calm,02,16,16,female,strong,1809
60,2.0020000000000002,True,1.0,0.34148555344956644,0.3603113162122441,0.35089843483090527,0.22703482845464645,-0.08185185185185184,-0.07421296296296298,0.373315261149995,0.25360601834507507,0.1736111111111111,1.545570947062875,0.018825762762677667,0.007638888888888862,0.04629169268631074,1.0268586410684426,0.11076533716887789,0.11348852571647815,0.0,0.9999999987499999,0.6697506203028087,0.2872529877747853,0.2945400031154003,0.42637359898371385,calm,02,16,16,female,strong,1809
70,2.3356666666666666,True,1.0,0.2912745643034504,0.29552584732327536,0.2934002058133629,0.6054248049610209,-0.0797222222222222,-0.07425925925925925,0.38697841367686947,0.34135653896738444,0.16805600953544342,0.4846187394522973,0.00425128301982497,0.005462962962962947,0.030706512904680308,0.41888297872340363,0.10878849281388699,0.11505416691007105,0.0,0.9999999987499999,0.6655823001388056,0.2903206191265334,0.2924043170983869,0.424988832739755,calm,02,16,16,female,strong,1809
80,2.6693333333333333,True,1.0,0.2805653263397322,0.2854183150790643,0.2829918207093982,0.6354079485362902,-0.08439814814814811,-0.07787037037037037,0.3477665649653831,0.31045806089179884,0.16952052119611374,0.4453702874842706,0.004852988739332098,0.0065277777777777435,0.008725220588530019,0.3714042558854435,0.10831795183272006,0.11366826901254055,0.0,0.9999999987499999,0.6634921443108495,0.29525016737099735,0.2887519301840141,0.42187364944498673,calm,02,16,16,female,strong,1809
90,3.003,True,1.0,0.34635880895187876,0.33744681464917303,0.3419028118005259,0.3477106957371193,-0.07361111111111102,-0.06912037037037039,0.3897191465035394,0.23180713049141324,0.16548122276236094,0.9832967923972509,0.008911994302705728,0.004490740740740629,0.011215246887830784,0.645833333333334,0.12542024155250067,0.1044242421698639,0.0,0.9999999987499999,0.6146502948835785,0.2638878927183847,0.2943094464782139,0.3662232732840305,calm,02,16,16,female,strong,1809
100,3.336666666666667,True,1.0,0.3932756407661992,0.37685856541646356,0.3850671030913314,0.30448343651448223,-0.07138888888888889,-0.06972222222222219,0.3925524555676326,0.22177565613973704,0.17331330795029448,1.2646569793723947,0.016417075349735633,0.0016666666666667052,0.009575625333655195,0.7970883541761491,0.12440053903933879,0.10599704300390218,0.0,0.9999999987499999,0.6145913560893107,0.26480827573824534,0.2890918121130135,0.36687960516853396,calm,02,16,16,female,strong,1809
110,3.6703333333333332,True,1.0,0.42326069392738047,0.42142138727519474,0.42234104060128763,0.29342343708529534,-0.0702314814814815,-0.07101851851851854,0.3873131342067217,0.21629680109054616,0.17005973237469255,1.4393568720910226,0.0018393066521857349,0.0007870370370370305,0.003946677722543547,0.7853139225839888,0.12831345037551092,0.10345904050650562,0.0,0.9999999987499999,0.5875855258978592,0.2601441971233763,0.3060944107298781,0.36861659932852686,calm,02,16,16,female,strong,1809
0,0.0,True,1.0,0.4533211753675441,0.44898183499781513,0.45115150518267966,0.3380721438413596,-0.06995370370370374,-0.06319444444444444,0.3518755164645491,0.2163792513774074,0.16682000347424863,1.334482930348685,0.0043393403697289945,0.006759259259259298,0.09020994579658166,0.7050923426419068,0.102974872780666,0.112256312240235,0.0,0.9999999987499999,0.6756964315257353,0.2935260307767567,0.2735007247549663,0.4428677522531046,calm,02,16,16,female,strong,1810
10,0.33366666666666667,True,1.0,0.4372722031798234,0.4237455263682871,0.43050886477405526,0.3380721438413597,-0.07305555555555548,-0.06328703703703703,0.35534699074839227,0.2308045348025679,0.16605193185055422,1.2734230625522092,0.013526676811536298,0.009768518518518454,0.09173588943846188,0.7050923426419068,0.10339137434629925,0.11272110499085185,0.0,0.9999999987499999,0.6767858948266806,0.29163920523754244,0.2762260455338772,0.44352439011752565,calm,02,16,16,female,strong,1810
20,0.6673333333333333,True,1.0,0.44276378886334844,0.45350023689354785,0.44813201287844817,0.3509660164431139,-0.0700925925925926,-0.06217592592592591,0.3677352193508588,0.18652404635898626,0.16666992749450432,1.2768530053709155,0.010736448030199408,0.007916666666666683,0.094055386835465,0.6294591028078862,0.1201225839566744,0.10926342724604128,0.0,0.9999999987499999,0.6223436794796043,0.2734135998989522,0.28525657175978336,0.3799930711118381,calm,02,16,16,female,strong,1810
30,1.0010000000000001,True,1.0,0.4025654864396559,0.38415161428374295,0.3933585503616994,0.6532754393543972,-0.07087962962962963,-0.061574074074074,0.37486703705972835,0.22303717960869354,0.1724663866553284,0.6021327707504786,0.018413872155912947,0.009305555555555622,0.08475009737801134,0.38157407111890657,0.11674251106166202,0.10891614677002882,0.0,0.9999999987499999,0.6244396460693652,0.277534343600506,0.3003451626791975,0.38915924553456727,calm,02,16,16,female,strong,1810
40,1.3346666666666667,True,1.0,0.3888978370494198,0.3789413421864148,0.3839195896179173,0.4612161385065533,-0.07032407407407398,-0.060833333333333295,0.40202339534962106,0.16556291088625555,0.16801808958087866,0.8324071027979917,0.009956494863005039,0.009490740740740689,0.08132740167380494,0.5092101733765262,0.10231061328964391,0.11218478809639136,0.0,0.9999999987499999,0.6765167343812526,0.29344172289853626,0.289655361560997,0.44540008303289846,calm,02,16,16,female,strong,1810
50,1.6683333333333334,True,1.0,0.28638261730863596,0.2775171661004786,0.2819498917045573,0.5141518281452169,-0.0733333333333333,-0.062361111111111145,0.44809809105277504,0.18573893058285146,0.1654812227623609,0.548378662236174,0.008865451208157349,0.010972222222222161,0.07886883799308649,0.48375724516684737,0.09722815841398338,0.11330266780638251,0.0,0.9999999987499999,0.6934672156753326,0.29580869759923334,0.2960928264744247,0.44628128745936413,calm,02,16,16,female,strong,1810
60,2.0020000000000002,True,1.0,0.3438798865377683,0.33241714572720693,0.33814851613248764,0.21886338930366533,-0.0716666666666666,-0.061388888888888826,0.39082713837959815,0.15939192850855702,0.16896868064544532,1.5450209247345537,0.011462740810561367,0.010277777777777775,0.10566901248113343,1.100914857837285,0.09829990237607276,0.11169387952533077,0.0,0.9999999987499999,0.694985594136092,0.29368434902117285,0.2924103019116698,0.44700085390249594,calm,02,16,16,female,strong,1810
70,2.3356666666666666,True,1.0,0.19169837740154072,0.1886438131169306,0.19017109525923565,0.4981973697917277,-0.08166666666666661,-0.07162037037037045,0.36735913574068085,0.24611249826868722,0.1641384085948395,0.38171838470110153,0.003054564284610123,0.010046296296296164,0.09436192096992674,0.47701651084139207,0.12124919798666116,0.10765851477097262,0.0,0.9999999987499999,0.6230725814779036,0.2734683250863631,0.3067415627277191,0.38348930678069165,calm,02,16,16,female,strong,1810
80,2.6693333333333333,True,1.0,0.28252981604361427,0.2760170079492551,0.2792734119964347,0.5959281537089857,-0.07847222222222217,-0.06615740740740739,0.35033475403643566,0.27408038507804894,0.16547834833403766,0.4686360432180798,0.006512808094359168,0.012314814814814778,0.08863576155064362,0.4675035007171714,0.10249125200098214,0.11487470845714665,0.0,0.9999999987499999,0.6780885489430146,0.29121304390515734,0.28025984701404444,0.4421617681217451,calm,02,16,16,female,strong,1810
90,3.003,True,1.0,0.3740293293019683,0.3476423605211385,0.3608358449115534,0.282187005700133,-0.06921296296296298,-0.0622685185185185,0.38586891814502516,0.16982223188877885,0.16255823090093582,1.2787117678090283,0.0263869687808298,0.006944444444444475,0.10213392254206523,0.8457363240192086,0.12080408109998886,0.10780486960038288,0.0,0.9999999987499999,0.6231583015081033,0.27243998317774715,0.30187003603360546,0.3900501680091915,calm,02,16,16,female,strong,1810
100,3.336666666666667,True,1.0,0.35089626191160833,0.3550430935006492,0.35296967770612875,0.2759639912268055,-0.0690277777777778,-0.05893518518518526,0.39586936481320495,0.20019898282710985,0.16169016757203392,1.2790425161521704,0.004146831589040889,0.010092592592592542,0.1044420435367447,0.8382463312304645,0.09897233713720352,0.11109846989298007,0.0,0.9999999987499999,0.6951203714141907,0.2927488403770464,0.282236015404391,0.43765470433900144,calm,02,16,16,female,strong,1810
110,3.6703333333333332,True,1.0,0.39216265007424,0.39010286520668697,0.3911327576404635,0.2537765819308183,-0.06958333333333333,-0.06009259259259264,0.3915283043936989,0.18068929312977086,0.16159529734326053,1.5412484267247704,0.0020597848675530384,0.009490740740740689,0.11575289295691604,0.902766481592295,0.11643190050367262,0.1101166345244903,0.0,0.9999999987499999,0.6256412737829508,0.273152838423722,0.2922017125016423,0.39060983353499057,calm,02,16,16,female,strong,1810
0,0.0,True,1.0,0.44456635868491173,0.3992615789855583,0.421913968835235,0.3528876149739308,-0.06305555555555553,-0.07263888888888886,0.3650453411004211,0.21677713866966553,0.1638893544106059,1.1956043537158523,0.045304779699353426,0.009583333333333333,0.09653124300516985,0.6687516531455497,0.11636554291782472,0.10685104619070107,0.0,0.9999999987499999,0.6121790244066376,0.28258845569624885,0.27009652098543135,0.3687146007908726,calm,02,16,16,female,strong,1811
10,0.33366666666666667,True,1.0,0.41518685031628416,0.374108798460001,0.3946478243881426,0.3450746322402066,-0.062361111111111145,-0.07185185185185189,0.3732138323979294,0.2119776615284309,0.16388888888888886,1.1436593348694148,0.04107805185628316,0.009490740740740744,0.09113721769767018,0.6848588968505762,0.11510614687250934,0.10803035061918743,0.0,0.9999999987499999,0.6148225849949354,0.2821926317115898,0.26684684050043916,0.36370155315476116,calm,02,16,16,female,strong,1811
20,0.6673333333333333,True,1.0,0.3652618452646451,0.3382111685839802,0.3517365069243127,0.4018113591342647,-0.06384259259259262,-0.07263888888888886,0.3884392479848595,0.14376292211318975,0.1645833333333333,0.8753772110429074,0.02705067668066491,0.008796296296296247,0.07767204503081612,0.5209725261511929,0.09765789196927877,0.11259457163606738,0.0,0.9875240122212356,0.6787962367603291,0.3033766644731062,0.27775931082330885,0.428380208591148,calm,02,16,16,female,strong,1811
30,1.0010000000000001,True,1.0,0.2675198666831815,0.25527780288360596,0.26139883478339376,0.5888047349034966,-0.0637037037037037,-0.07078703703703704,0.41586939136094486,0.22834536694601446,0.16458750530379493,0.4439482553180152,0.012242063799575542,0.00708333333333333,0.07694743742299025,0.40236041019815866,0.09809903699765024,0.11238008859890924,0.0,0.9999999987499999,0.6791040889324479,0.30362482619609715,0.2922068304838578,0.441534721280767,calm,02,16,16,female,strong,1811
40,1.3346666666666667,True,1.0,0.159218305051328,0.1452871468120295,0.15225272593167877,0.4684935219416728,-0.07601851851851843,-0.08083333333333337,0.41524762404874205,0.23208442016836525,0.16458518755548326,0.324983631151754,0.013931158239298497,0.004814814814814938,0.08039631268513973,0.5137286176967086,0.09854659407951503,0.11283525116768942,0.0,0.9999999987499999,0.6759038592468237,0.3029358622698718,0.28354606300927065,0.4286468283253835,calm,02,16,16,female,strong,1811
50,1.6683333333333334,True,1.0,0.18820503587879392,0.14210328785737336,0.16515416186808363,0.5468420871695935,-0.07856481481481475,-0.08111111111111113,0.43814745188483395,0.20498951528051906,0.16192621871902638,0.30201435797106807,0.04610174802142056,0.0025462962962963798,0.0849380397325524,0.445709737374564,0.1000238177065986,0.11339137720798086,0.0,0.9999999987499999,0.6660780900250727,0.30285160432494795,0.28862369686893385,0.44437545589270705,calm,02,16,16,female,strong,1811
60,2.0020000000000002,True,1.0,0.30676287812127506,0.2756066676646388,0.29118477289295697,0.4432027208865057,-0.06888888888888894,-0.07282407407407404,0.3534644507771019,0.20493533885014065,0.16420328046448118,0.6570013205481265,0.031156210456636246,0.003935185185185097,0.07987948751087849,0.5236729078265453,0.11051461850772787,0.1055662775216718,0.0,0.9999999987499999,0.6510555289850315,0.27466254856100647,0.25784092068317604,0.35492900145724093,calm,02,16,16,female,strong,1811
70,2.3356666666666666,True,1.0,0.462220174162696,0.411175452538882,0.436697813350789,0.45518356807375415,-0.06013888888888902,-0.0642592592592593,0.3779840373561659,0.24755546053020247,0.16885169461806004,0.9593883522614993,0.051044721623814016,0.004120370370370274,0.07037243121236006,0.47120350943355416,0.09981037601225771,0.11374691785510407,0.0,0.9999999987499999,0.6780380102666067,0.30156105571936564,0.281684625139203,0.43198330747341057,calm,02,16,16,female,strong,1811
80,2.6693333333333333,True,1.0,0.45402490407838086,0.39826373146997224,0.42614431777417655,0.5775921441391323,-0.06004629629629632,-0.06425925925925924,0.3774715178163824,0.24540414530567387,0.16538160750987732,0.7377945183262837,0.05576117260840863,0.004212962962962918,0.07481013665117389,0.3752512273287681,0.09962479117423496,0.11323849908216936,0.0,0.9999999987499999,0.67430636275604,0.30219267944213596,0.28237490001330867,0.4319788631691009,calm,02,16,16,female,strong,1811
90,3.003,True,1.0,0.4715965188535729,0.40578530782679706,0.43869091334018495,0.3175486395945848,-0.059259259259259234,-0.06310185185185185,0.4078596729222791,0.1885662927048764,0.16049702270746352,1.3814920256004335,0.06581121102677584,0.0038425925925926196,0.08136841761875184,0.7269564435779747,0.10072419163747197,0.11106739520467675,0.0,0.9999999987499999,0.6723676929365496,0.3015991583299403,0.2850876011513721,0.43596388453372165,calm,02,16,16,female,strong,1811
100,3.336666666666667,True,1.0,0.5342501519740833,0.4815769329116155,0.5079135424428494,0.3013227223444147,-0.058657407407407436,-0.06277777777777777,0.41619912937749426,0.2057154131834675,0.15907574577540337,1.6856131475617673,0.0526732190624678,0.00412037037037033,0.08533862314505372,0.7135596194086496,0.10076364568556472,0.11051563203686862,0.0,0.8994149380722659,0.6686739620692027,0.3017009523097944,0.28549931423048164,0.43455893119756855,calm,02,16,16,female,strong,1811
110,3.6703333333333332,True,1.0,0.5318174403482365,0.4440286640231856,0.4879230521857111,0.334719359304919,-0.05981481481481482,-0.06449074074074074,0.40616467779175547,0.22308125332277717,0.15976998172581555,1.4577078935587597,0.08778877632505094,0.004675925925925917,0.08852268152071341,0.6925547536065291,0.10059008296294226,0.11084564210276185,0.0,0.9999999987499999,0.6690571427008304,0.3010955212285036,0.28322678204129936,0.4321323456332175,calm,02,16,16,female,strong,1811
0,0.0,True,1.0,0.42042516958951953,0.4152075808429088,0.4178163752162142,0.36030409044711087,-0.06347222222222232,-0.062453703703703733,0.3735213890298148,0.15789561229023238,0.1813716085841183,1.1596215149756828,0.005217588746610713,0.0010185185185185852,0.009063083524496416,0.6387450497401937,0.10270892508638454,0.11266891637422224,0.0,0.9999999987499999,0.6665910061602764,0.2879690445404197,0.2663789105061199,0.427467038050552,happy,03,16,16,female,normal,1812
10,0.33366666666666667,True,1.0,0.47341159256621257,0.4625756588940414,0.467993625730127,0.31003814682038927,-0.06314814814814823,-0.06365740740740738,0.380364132843209,0.11215610990746896,0.18202661368810885,1.5094711103445093,0.010835933672171172,0.0005092592592591538,0.006962642431720011,0.7348034446274888,0.10571547531409616,0.11037190825446115,0.0,0.9999999987499999,0.6640944036989795,0.28743270277353167,0.2745121468602478,0.43061010984035614,happy,03,16,16,female,normal,1812
20,0.6673333333333333,True,1.0,0.451540239414415,0.4568283147524801,0.45418427708344755,0.39736405046267265,-0.06384259259259267,-0.06217592592592602,0.40566589917808815,0.11240878719783941,0.18346811599750404,1.1429928715358524,0.005288075338065079,0.0016666666666666496,0.018952437884265094,0.6257894822939122,0.10311171421726015,0.11263920408104232,0.0,0.9999999987499999,0.6659434153817778,0.287064842691695,0.28022607491013113,0.4359244094020981,happy,03,16,16,female,normal,1812
30,1.0010000000000001,True,1.0,0.31102534938099446,0.29971021969299433,0.3053677845369944,0.7630899537425128,-0.059027777777777735,-0.05810185185185185,0.47401113850857834,0.21559139121216445,0.17507366264951346,0.4001727228085534,0.011315129688000136,0.0009259259259258856,0.0001254322119945218,0.36121308147055425,0.11265410076036805,0.11514270219303238,0.0,0.9999999987499999,0.6176618784466912,0.2803050309332049,0.3240658858801669,0.42340175936959207,happy,03,16,16,female,normal,1812
40,1.3346666666666667,True,1.0,0.17147933573751703,0.13934891496603286,0.15541412535177496,0.46436404078943355,-0.08361111111111114,-0.07726851851851851,0.3976611049511407,0.2454178718723796,0.1743055555555556,0.3346816542632501,0.032130420771484175,0.006342592592592622,0.002045703159667964,0.5624273697773943,0.09898894178132137,0.11396205528015174,0.0,0.9999999987499999,0.6846636535004625,0.2957332406809155,0.29121926706828744,0.44201717320339995,happy,03,16,16,female,normal,1812
50,1.6683333333333334,True,1.0,0.2580294604263057,0.23427425180068442,0.24615185611349505,0.6338752904041591,-0.065,-0.06296296296296305,0.42029236079714366,0.2485634271038625,0.17101187951141808,0.3883285243009686,0.023755208625621277,0.0020370370370369484,0.01879668887453229,0.41909215698859836,0.11471754504841344,0.11291841832504311,0.0,0.9999999987499999,0.6206916740055397,0.27621728903146425,0.3121347917786978,0.41484145840762165,happy,03,16,16,female,normal,1812
60,2.0020000000000002,True,1.0,0.3870819754527978,0.34188034188034183,0.3644811586665698,0.6153806186134774,-0.05273148148148149,-0.06111111111111106,0.3793409797795078,0.21678180882974804,0.16894052195850257,0.5922857295827538,0.04520163357245599,0.00837962962962957,0.004186004070338729,0.40972173584818095,0.11050784169710948,0.11068311188074335,0.0,0.9999999987499999,0.6032303979091637,0.28379198338463585,0.260800608726133,0.3486413764501382,happy,03,16,16,female,normal,1812
70,2.3356666666666666,True,1.0,0.38277625343037935,0.3485046025053011,0.36564042796784024,0.5565896697671384,-0.04995370370370367,-0.058981481481481524,0.3385503595177046,0.23188405797101352,0.18006546148833472,0.6569299572534538,0.03427165092507828,0.009027777777777857,0.0002795603080277286,0.4695150136229613,0.11470585275981472,0.10721856841469053,0.0,0.9999999987499999,0.6202037825286364,0.28100693072694966,0.28543327421988746,0.36680003295904867,happy,03,16,16,female,normal,1812
80,2.6693333333333333,True,1.0,0.40979382096423983,0.35412678873114484,0.38196030484769233,0.5143810584866731,-0.0624074074074073,-0.06115740740740738,0.41624156448318367,0.17562578484870375,0.1801476303041091,0.742562927902969,0.05566703223309499,0.0012499999999999178,0.0033699082767553903,0.5099123854581757,0.10512207171214746,0.11432037806910736,0.0,0.9999999987499999,0.6568125851825105,0.2887849132346574,0.28317817330242406,0.45081952874376524,happy,03,16,16,female,normal,1812
90,3.003,True,1.0,0.35142999140287795,0.3329138977268255,0.3421719445648517,0.4236124621614205,-0.06157407407407417,-0.061990740740740735,0.44651313668144677,0.10569687753442247,0.1813324839254194,0.807747588017051,0.018516093676052447,0.00041666666666656527,0.004553705629775144,0.564136071895752,0.10342368660041605,0.11403594358950946,0.0,0.9999999987499999,0.660256756452581,0.2898999096331853,0.2813574992088709,0.44547674998086484,happy,03,16,16,female,normal,1812
100,3.336666666666667,True,1.0,0.15038630163488934,0.13767258897568826,0.1440294453052888,0.29797873590141094,-0.062962962962963,-0.0635648148148148,0.4234231913947242,0.08050382034432658,0.18129208832451157,0.4833547765399686,0.01271371265920107,0.0006018518518517979,0.00820202629527185,0.7992472079840247,0.10563886014828229,0.11266544455577555,0.0,0.9999999987499999,0.6585283361469587,0.29186188369496496,0.2849543130615284,0.4426621527837681,happy,03,16,16,female,normal,1812
110,3.6703333333333332,True,1.0,0.3781250935645821,0.3643457208009961,0.37123540718278913,0.3031581209898682,-0.06314814814814812,-0.060694444444444495,0.38728621934149887,0.1171292740188123,0.18339324896887868,1.2245603250562307,0.01377937276358604,0.0024537037037036247,0.0009929045588762874,0.7926136363636348,0.11847583039057183,0.10983934490928954,0.0,0.9999999987499999,0.611564516509729,0.27042271408692564,0.303756133270356,0.4138694584075136,happy,03,16,16,female,normal,1812
0,0.0,True,1.0,0.49836499737084755,0.46354755919803947,0.48095627828444354,0.46485103067123323,-0.05805555555555564,-0.06134259259259256,0.38656578843403466,0.17031938580246492,0.17791676915953542,1.0346460404529054,0.03481743817280808,0.0032870370370369217,0.014920663329315766,0.534887424892226,0.12355288939980069,0.10608973099108976,0.0,0.9999999987499999,0.5919518052064576,0.2710191973526358,0.29432358079003923,0.36401745208936626,happy,03,16,16,female,normal,1813
10,0.33366666666666667,True,1.0,0.3833436989997091,0.3848880507573969,0.38411587487855303,0.4783379176591963,-0.062361111111111034,-0.06333333333333324,0.4136748692341412,0.17574904454755444,0.16485012658809547,0.8030220074508622,0.0015443517576878008,0.0009722222222222077,0.01196465047986819,0.5272352590839445,0.10804363448163236,0.11542427233698943,0.0,0.9999999987499999,0.6620284639793419,0.29060975742901535,0.2848247890424908,0.4331323546948348,happy,03,16,16,female,normal,1813
20,0.6673333333333333,True,1.0,0.404671558271361,0.3862798700902939,0.39547571418082744,0.8225128444721294,-0.07074074074074072,-0.06958333333333339,0.4359507430867368,0.29351776739935936,0.16165760645580307,0.4808140284236352,0.018391688181067067,0.0011574074074073293,0.024806056309977433,0.3368465331325521,0.11748446984253656,0.1131103653110548,0.0,0.9999999987499999,0.6069155521896258,0.276942173580614,0.29953955861597875,0.3886093339112688,happy,03,16,16,female,normal,1813
30,1.0010000000000001,True,1.0,0.14758964004820446,0.15362823253350724,0.15060893629085587,0.7173689158842625,-0.07018518518518513,-0.07050925925925922,0.4704155416820493,0.32497940307511014,0.15062177852493852,0.2099462814125536,0.0060385924853027795,0.0003240740740740877,0.02866420528781889,0.39948145638841276,0.12080565240787867,0.10938210911583343,0.0,0.7882209400301194,0.6119273087203632,0.274599119178315,0.3257828329083219,0.4142876194373027,happy,03,16,16,female,normal,1813
40,1.3346666666666667,True,1.0,0.363903131240455,0.32038973199829995,0.34214643161937747,0.5003501425028343,-0.07680555555555557,-0.07351851851851848,0.3864665007957971,0.3143276883863845,0.16694206937121991,0.6838139985489049,0.043513399242155026,0.0032870370370370883,0.043115127666326185,0.47483108590660256,0.12028879167392044,0.10855517705448604,0.0,0.9999999987499999,0.6164283362563775,0.26920548565905417,0.30314778939743225,0.38019194057950256,happy,03,16,16,female,normal,1813
50,1.6683333333333334,True,1.0,0.3609972317015914,0.2876690508438262,0.32433314127270885,0.7141891557019366,-0.07416666666666666,-0.07226851851851851,0.42659560300021304,0.3145027018572843,0.18022808929522313,0.4541277876922395,0.07332818085776521,0.0018981481481481488,0.0449058081000422,0.3808436842715326,0.10328355137271693,0.11810020379692492,0.0,0.9999999987499999,0.655911792420093,0.2936328752861544,0.29681158460292656,0.4470875903202678,happy,03,16,16,female,normal,1813
60,2.0020000000000002,True,1.0,0.38123365016117355,0.34319826037942963,0.3622159552703016,0.6629231822772177,-0.05874999999999997,-0.06087962962962967,0.41092580411230334,0.2305681275095728,0.19510290161719598,0.5463920480590948,0.03803538978174392,0.0021296296296297035,0.043739328911672266,0.41919152685198785,0.11250430233720853,0.1137920678863207,0.0,0.9999999987499999,0.6319976252766732,0.29088955636804226,0.29959802077062747,0.42567204254213753,happy,03,16,16,female,normal,1813
70,2.3356666666666666,True,1.0,0.3461140677135738,0.347268464693928,0.3466912662037509,0.4927379049913168,-0.05509259259259258,-0.05935185185185182,0.3767091881175572,0.21122483893429417,0.19351185785999445,0.7036017783325608,0.0011543969803542442,0.00425925925925924,0.04051480107640343,0.5467080806782972,0.11114200944897479,0.11429254899722302,0.0,0.9999999987499999,0.6315346341583508,0.2899528637317674,0.29549934777535225,0.4270704716765031,happy,03,16,16,female,normal,1813
80,2.6693333333333333,True,1.0,0.3497267759562836,0.317107753241558,0.3334172645989208,0.5441199525048495,-0.055833333333333346,-0.05685185185185182,0.43590411870059353,0.14746231377081795,0.1955142524719893,0.6127642683640593,0.03261902271472561,0.0010185185185184742,0.03391686830979918,0.48782109093302456,0.11274403288110287,0.1147229856676,0.0,0.9999999987499999,0.6318444250356393,0.2909616777185125,0.30064375744232175,0.4437399221595167,happy,03,16,16,female,normal,1813
90,3.003,True,1.0,0.37037037037037024,0.34697914292636056,0.3586747566483654,0.41710540035492966,-0.05652777777777779,-0.05675925925925929,0.4488500057297573,0.06910544516178503,0.1947095051335993,0.8599139602200222,0.023391227444009677,0.00023148148148149916,0.03094263674323114,0.5699698214842547,0.11369405176877176,0.1127724225970315,0.0,0.9999999987499999,0.6346942868866297,0.29111135548910494,0.3042268232659838,0.43451363421621736,happy,03,16,16,female,normal,1813
100,3.336666666666667,True,1.0,0.34059126845598486,0.3267197394486902,0.33365550395233756,0.3599912480494663,-0.05537037037037046,-0.05560185185185179,0.45099305870672113,0.04040541812685096,0.19538309391661998,0.92684337677701,0.013871529007294658,0.00023148148148133263,0.021744883425252534,0.6921840763079948,0.11371268176977752,0.11325941264834137,0.0,0.9999999987499999,0.6315011244497798,0.2916067310957796,0.2972639406365873,0.4289900830551425,happy,03,16,16,female,normal,1813
0,0.0,True,1.0,0.48707837565445583,0.45478338630353443,0.47093088097899516,0.33213413576965756,-0.06638888888888878,-0.06662037037037039,0.3806670398415621,0.13804839883745387,0.1889034290576577,1.4178936467572134,0.0322949893509214,0.00023148148148161019,0.007970642104985512,0.7354211140574624,0.1205703517816466,0.10664649366484745,0.0,0.9999999987499999,0.6088999833839785,0.2713743639293953,0.30103609587193564,0.40524012519273284,happy,03,16,16,female,normal,1814
10,0.33366666666666667,True,1.0,0.49805730248782865,0.458024437103043,0.4780408697954358,0.346666920694717,-0.06694444444444453,-0.0653240740740742,0.3839384934686352,0.1314343462815939,0.18544299906649955,1.3789630370196462,0.04003286538478562,0.0016203703703703276,0.015423768267045496,0.7139912805533475,0.12119439048662796,0.10772020947614194,0.0,0.9999999987499999,0.6132052678258804,0.26933201000068474,0.30168984070682986,0.4049005232426969,happy,03,16,16,female,normal,1814
20,0.6673333333333333,True,1.0,0.46725691499921285,0.42610026033853543,0.44667858766887414,0.35906629348389785,-0.06879629629629636,-0.06689814814814815,0.36587834199504826,0.1859628420832739,0.1826990322656853,1.2440003302312341,0.041156654660677416,0.0018981481481482043,0.01143289690696788,0.6769879374066483,0.11620512044504214,0.10826441366384787,0.0,0.9999999987499999,0.6218061465601865,0.27462629343423545,0.2783579907907329,0.36574524151768784,happy,03,16,16,female,normal,1814
30,1.0010000000000001,True,1.0,0.37408710178631005,0.3362822373719463,0.3551846695791282,0.5816908587211413,-0.0635648148148148,-0.0641666666666667,0.39018877729603935,0.2636998058681557,0.17861067320152157,0.6106072740424503,0.03780486441436376,0.0006018518518519089,0.010201391818615216,0.4600478461056918,0.11722576245260015,0.11065718617249441,0.0,0.9999999987499999,0.623286458966399,0.2771433562222109,0.3181872162015005,0.40387007826886423,happy,03,16,16,female,normal,1814
40,1.3346666666666667,True,1.0,0.2959948477414635,0.2712493435315964,0.28362209563652996,0.49708022617916986,-0.06300925925925926,-0.06643518518518521,0.39356502745104677,0.28054251712105593,0.16777088726566414,0.5705760975780596,0.024745504209867097,0.0034259259259259434,0.031140126977271247,0.539917277304459,0.11459047531250229,0.10840157159086651,0.0,0.9999999987499999,0.6332070560646134,0.2711536120701331,0.29432871879200023,0.3707518922519341,happy,03,16,16,female,normal,1814
50,1.6683333333333334,True,1.0,0.3170727794311306,0.3071977882096452,0.3121352838203879,0.6240436012009928,-0.07074074074074072,-0.07027777777777783,0.47559250694823263,0.19659788581935758,0.18064288774183732,0.5001818514278059,0.009874991221485385,0.0004629629629628873,0.032812681324676705,0.4361636782372737,0.11379828200246035,0.10975491156001294,0.0,0.9999999987499999,0.6332888139630852,0.27292380217943735,0.31729917999559965,0.41195877762692157,happy,03,16,16,female,normal,1814
60,2.0020000000000002,True,1.0,0.37366294106800224,0.36131317977697286,0.36748806042248755,0.6440451671351601,-0.06421296296296286,-0.06282407407407409,0.38387822345335737,0.24579454737675066,0.1879066609853673,0.5705936154402755,0.012349761291029382,0.001388888888888773,0.04089802395760771,0.4249812813011798,0.10438207216079604,0.11146299348379288,0.0,0.9999999987499999,0.6594206668526785,0.29010097805175344,0.29211238914834853,0.4373743183959696,happy,03,16,16,female,normal,1814
70,2.3356666666666666,True,1.0,0.30642966617453204,0.31493273207381717,0.3106811991241746,0.5077874625441181,-0.06365740740740755,-0.06296296296296283,0.3732420149133651,0.25980710220959363,0.18425031278535658,0.6118331428814702,0.008503065899285123,0.0006944444444447195,0.03260112437058978,0.5467080806782967,0.10477387449602259,0.11057910872169745,0.0,0.9999999987499999,0.6584397518851292,0.2888441978471993,0.2910176430427721,0.4394631419934975,happy,03,16,16,female,normal,1814
80,2.6693333333333333,True,1.0,0.36647193043355025,0.3547311720023014,0.3606015512179258,0.5944308458479206,-0.06365740740740733,-0.06347222222222226,0.41716814966678856,0.2331613061489216,0.1770455486734909,0.6066333093861388,0.011740758431248832,0.0001851851851850661,0.02738446124031764,0.42498128130117957,0.11643527888422206,0.10976647297938988,0.0,0.9999999987499999,0.6145712004489295,0.27664678944973026,0.30437185651561643,0.3894098111480714,happy,03,16,16,female,normal,1814
90,3.003,True,1.0,0.1366377578553597,0.11974876955724341,0.12819326370630155,0.4080780334619782,-0.06750000000000006,-0.07254629629629628,0.4660941170656041,0.11605540353096061,0.16977236620060424,0.31413909398346895,0.01688898829811629,0.0050462962962962155,0.03206184441639606,0.6087385527351354,0.11873954183520499,0.10673547733336866,0.0,0.9999999987499999,0.6188012541422818,0.275794142346125,0.30202527372174676,0.37900036644872814,happy,03,16,16,female,normal,1814
100,3.336666666666667,True,1.0,0.3426380965360147,0.34859838667681226,0.34561824160641347,0.38866256844239017,-0.06268518518518512,-0.06291666666666668,0.4350019889219397,0.13913923564581734,0.17824451319604645,0.8892501353848358,0.005960290140797575,0.00023148148148155467,0.036872155862561325,0.625393516172193,0.11854833546766334,0.10676951403366151,0.0,0.9999999987499999,0.6174026167420094,0.276410655887557,0.3005102152899165,0.37778821537830687,happy,03,16,16,female,normal,1814
110,3.6703333333333332,True,1.0,0.3986530448919918,0.381832588438912,0.3902428166654519,0.2963956563531481,-0.06310185185185202,-0.06351851851851853,0.3993094647607792,0.11935617699947514,0.18292105714933535,1.3166279879637888,0.016820456453079835,0.00041666666666650976,0.03152474545577364,0.849616985515585,0.10442773787183197,0.11210209301368365,0.0,0.9999999987499999,0.6591264627569777,0.288233130529839,0.2829872212519904,0.436733436692757,happy,03,16,16,female,normal,1814
0,0.0,True,1.0,0.4514760145649777,0.4116285710254716,0.43155229279522467,0.35416458369854537,-0.06268518518518507,-0.06300925925925915,0.37489444079652157,0.12029422215540751,0.1854232501172056,1.2185077578579948,0.03984744353950609,0.0003240740740740877,0.0012195517103379188,0.7013630529067906,0.11758649586327147,0.10958052944919103,0.0,0.9999999987499999,0.6140487393863795,0.27235191393257224,0.2838383280722384,0.3942171000772496,happy,03,16,16,female,normal,1815
10,0.33366666666666667,True,1.0,0.45061405567889146,0.4181767543961924,0.4343954050375419,0.33731832290393204,-0.06398148148148147,-0.06384259259259256,0.3784225868477309,0.11216252558325995,0.1840427019957316,1.2877907173790182,0.03243730128269906,0.0001388888888889106,0.001990565014835411,0.7123908752827693,0.11926143250048342,0.10810825619460654,0.0,0.9999999987499999,0.6127375450492698,0.2720116198152955,0.2884037872642786,0.3918663684800875,happy,03,16,16,female,normal,1815
20,0.6673333333333333,True,1.0,0.45957136656211595,0.4491517654159344,0.45436156598902516,0.38478809220494864,-0.06726851851851856,-0.06370370370370376,0.3874720498090122,0.08916402246269729,0.18613734526959486,1.1808098410358805,0.010419601146181567,0.0035648148148147984,0.007695901910290078,0.6426823199344975,0.11984124593503155,0.10675366186783013,0.0,0.9999999987499999,0.615339618284814,0.2706101275207,0.2944530276071239,0.393163042826768,happy,03,16,16,female,normal,1815
30,1.0010000000000001,True,1.0,0.4349371106620964,0.41583917719729596,0.42538814392969615,0.7602757037588127,-0.07236111111111115,-0.07041666666666663,0.39046084569898903,0.2666465763446718,0.1931444532112036,0.559518266632186,0.019097933464800432,0.0019444444444445264,0.01846297375724968,0.33298719645104247,0.10084224521221404,0.11450918538602056,0.0,0.9999999987499999,0.6632845210584235,0.2901962419825477,0.2790560471294789,0.42722744026022685,happy,03,16,16,female,normal,1815
40,1.3346666666666667,True,1.0,0.40486087888677486,0.39258709403605807,0.3987239864614165,0.43731488657890905,-0.04138888888888881,-0.0469444444444444,0.3908318300080388,0.2768471871157451,0.14256908742285296,0.9117548903505501,0.012273784850716785,0.005555555555555591,0.030584151410133046,0.59591557368642,0.11323858805114284,0.10876707335710746,0.0,0.9999999987499999,0.6377975377729216,0.2703755448009929,0.2916102241779135,0.37357008742976094,happy,03,16,16,female,normal,1815
50,1.6683333333333334,True,1.0,0.15773737037991217,0.13815667172989102,0.1479470210549016,0.5301024178467879,-0.07620370370370366,-0.07847222222222217,0.4534991117984545,0.22909608663517947,0.1715393748891073,0.2790913907841518,0.019580698650021156,0.002268518518518503,0.04892933693941869,0.5045768053665133,0.11963947435156705,0.1083950935554981,0.0,0.9999999987499999,0.6169546829591211,0.27634008371648294,0.32461109882650785,0.40588418428702916,happy,03,16,16,female,normal,1815
60,2.0020000000000002,True,1.0,0.40052558031985597,0.35356373559655163,0.3770446579582038,0.5867243544063021,-0.06837962962962957,-0.06870370370370371,0.41288631524530706,0.2158641364576762,0.17169274871004683,0.6426265675297045,0.046961844723304336,0.00032407407407414324,0.06521910969631338,0.4443735547236863,0.11327903417531246,0.11132238633677739,0.0,0.9999999987499999,0.62694981280012,0.27430235935010705,0.2944963317586201,0.3759918156904927,happy,03,16,16,female,normal,1815
70,2.3356666666666666,True,1.0,0.401523820167063,0.3891309223780222,0.3953273712725426,0.4672365245290124,-0.06435185185185183,-0.07125000000000004,0.34729907586958286,0.2018522342543967,0.18188911094851345,0.8460968920848895,0.012392897789040791,0.006898148148148209,0.049314656155310346,0.5459870750422287,0.11749111310338492,0.10916044587478888,0.0,0.9999999987499999,0.6165116135829333,0.27687892541053183,0.30127581012870847,0.3768055683190336,happy,03,16,16,female,normal,1815
80,2.6693333333333333,True,1.0,0.42015130685300905,0.41844752522644046,0.41929941603972476,0.4014710340454292,-0.06750000000000012,-0.06680555555555562,0.42924010727096773,0.15031387776346483,0.1783963990266268,1.0444076421022148,0.0017037816265685901,0.0006944444444444975,0.05004098479772761,0.6003731163896804,0.11998526908081615,0.10748173561531883,0.0,0.9999999987499999,0.6145623617962811,0.2763667269433399,0.3078954079245377,0.3868968337598206,happy,03,16,16,female,normal,1815
90,3.003,True,1.0,0.35225136650439703,0.363740875177362,0.3579961208408795,0.3510932181752162,-0.057083333333333264,-0.06486111111111109,0.4533777138968368,0.08680221167474841,0.1740329131633588,1.0196611677706013,0.011489508672964943,0.007777777777777828,0.03904298923125085,0.6962175137167034,0.10493686999498748,0.11331956797488693,0.0,0.9999999987499999,0.6626743019551572,0.2900673573205639,0.28811596010371937,0.4442948568006154,happy,03,16,16,female,normal,1815
100,3.336666666666667,True,1.0,0.22123646503146718,0.21181073457806004,0.2165235998047636,0.319361067662892,-0.06976851851851862,-0.06875000000000003,0.4304435919384032,0.09715712155871106,0.17752396160643907,0.6779899672471017,0.009425730453407138,0.0010185185185185852,0.041855055602631676,0.772442319794799,0.11823192690506851,0.10923321747531416,0.0,0.9999999987499999,0.6166398174738645,0.27753507288543794,0.30248366890731787,0.38583649057727676,happy,03,16,16,female,normal,1815
0,0.0,True,1.0,0.4439091842533684,0.4204251695895194,0.4321671769214439,0.3829414703887801,-0.07166666666666671,-0.06810185185185186,0.37006655031805014,0.18421938317083744,0.18055555555555552,1.1285462932042527,0.023484014663848973,0.003564814814814854,0.0028012278605794214,0.6047760853764905,0.12158411569325972,0.10638847159507675,0.0,0.9999999987499999,0.6178055461559624,0.2711897447313515,0.2932967311128501,0.3942174865656543,happy,03,16,16,female,strong,1816
10,0.33366666666666667,True,1.0,0.42060097862434026,0.4130177669270636,0.41680937277570196,0.3768851974842778,-0.06847222222222227,-0.06782407407407409,0.37403478067682466,0.1880756215706086,0.17711090471635121,1.105931927170182,0.0075832116972766594,0.0006481481481481755,0.0009971807504212493,0.6075052909014507,0.1198594374777183,0.10726740250251085,0.0,0.9999999987499999,0.6152865505420918,0.26976058078372933,0.2903912575158758,0.39462221801644554,happy,03,16,16,female,strong,1816
20,0.6673333333333333,True,1.0,0.4684298660851554,0.4279028818692627,0.44816637397720904,0.44948944719925743,-0.07004629629629633,-0.06754629629629633,0.3838437803845218,0.17016230248474237,0.18197127929757903,0.9970564976991287,0.040526984215892736,0.0025000000000000022,0.00451349739131955,0.5459784745404924,0.12181957991929883,0.1061187732023669,0.0,0.9999999987499999,0.6121194431053671,0.27061042022452064,0.2975366178853022,0.39186614638553585,happy,03,16,16,female,strong,1816
30,1.0010000000000001,True,1.0,0.32973852899240486,0.2951897676183782,0.3124641483053915,0.8002870538241152,-0.08379629629629637,-0.07777777777777772,0.46808727439407044,0.2685576016600516,0.18754068568996568,0.3904400887310417,0.03454876137402668,0.006018518518518645,0.020077256866218474,0.35678410715273823,0.10183935003675476,0.11528789275689506,0.0,0.9999999987499999,0.6682780751363046,0.2972676210940414,0.3208351665003658,0.4802755634149397,happy,03,16,16,female,strong,1816
40,1.3346666666666667,True,1.0,0.40545062332625315,0.38349194829019245,0.39447128580822277,0.46712677360639626,-0.056990740740740786,-0.06092592592592588,0.39560659566835443,0.27776053277195256,0.16159529734326053,0.8444630196697023,0.021958675036060693,0.003935185185185097,0.023304622406028323,0.5403755956949687,0.10296809945470589,0.11511143151225015,0.0,0.9999999987499999,0.6739739145033014,0.28983618864953575,0.29991360038256737,0.44561481539207953,happy,03,16,16,female,strong,1816
50,1.6683333333333334,True,1.0,0.3968253968253971,0.3497224168487759,0.3732739068370865,0.6969575152077031,-0.05550925925925915,-0.06125000000000008,0.44024468590051047,0.2434115503989379,0.174006169438894,0.535576270708331,0.04710297997662116,0.005740740740740935,0.027349107444125317,0.3833231549703533,0.12062871957080219,0.10800105524995265,0.0,0.9999999987499999,0.6126086358527787,0.2728845454587882,0.3306046810027987,0.4037807565671087,happy,03,16,16,female,strong,1816
60,2.0020000000000002,True,1.0,0.42103758590068263,0.3877093093708144,0.4043734476357485,0.7860154769903731,-0.060555555555555585,-0.06050925925925921,0.41918260815116215,0.27606712560035507,0.18846829530139966,0.5144599050187674,0.03332827652986825,4.629629629637755e-05,0.012717123750231403,0.3550201206760278,0.10720412307404721,0.11338297264106194,0.0,0.9999999987499999,0.6521500051114196,0.2899928695946906,0.3103344696032174,0.4557510328273414,happy,03,16,16,female,strong,1816
70,2.3356666666666666,True,1.0,0.3499187811982655,0.3426835147212951,0.3463011479597803,0.5505380855729373,-0.05527777777777776,-0.05652777777777773,0.3824249962528679,0.22103855809346457,0.19538309391661998,0.6290230540533622,0.007235266476970426,0.0012499999999999734,0.01608611236100238,0.502265539293336,0.10859333853532545,0.1144087609405822,0.0,0.9999999987499999,0.6440962694843563,0.2903784679622901,0.3056126316818489,0.44583545413944026,happy,03,16,16,female,strong,1816
80,2.6693333333333333,True,1.0,0.4137931034482754,0.4102278288950946,0.412010466171685,0.5554016617882591,-0.05773148148148144,-0.05708333333333332,0.4129206110787626,0.1723076923076927,0.193264498873965,0.7418243309627682,0.003565274553180786,0.0006481481481481199,0.01792272898986869,0.46221632586423633,0.11039822609937425,0.11198970327018434,0.0,0.9999999987499999,0.6431237644901711,0.2908476943249704,0.31060858457155827,0.44971847641364676,happy,03,16,16,female,strong,1816
90,3.003,True,1.0,0.36429872495446286,0.3546125939145592,0.359455659434511,0.47434059232709463,-0.05893518518518509,-0.05879629629629629,0.45981150014579725,0.12946165982600674,0.18977800930782332,0.7578007559315911,0.009686131039903678,0.00013888888888879958,0.023087580338744227,0.5339950515421544,0.1090360257892953,0.11196327730214378,0.0,0.9999999987499999,0.6487401975477691,0.2908103478914608,0.3129437194739274,0.46065845318902915,happy,03,16,16,female,strong,1816
100,3.336666666666667,True,1.0,0.3915360449021236,0.41232522555182255,0.4019306352269731,0.37613684891684135,-0.05754629629629637,-0.05870370370370365,0.42722677857109126,0.08458671670331092,0.19463425832666542,1.0685755367611813,0.020789180649698924,0.0011574074074072738,0.02922905497885112,0.645405353775335,0.10832822400296359,0.11264824130199937,0.0,0.9999999987499999,0.6408916556544492,0.2935592409040295,0.29951699177933083,0.44273157978318073,happy,03,16,16,female,strong,1816
110,3.6703333333333332,True,1.0,0.4000046576406097,0.34139658290106334,0.3707006202708365,0.26664984415172516,-0.058981481481481524,-0.060324074074074086,0.3931056200769928,0.06624457514560804,0.19799220734919576,1.3902150269396216,0.05860807473954638,0.001342592592592562,0.015395872137972045,0.9342744619497558,0.11033740886936483,0.11136742063261601,0.0,0.9999999987499999,0.637966225240096,0.29411779456330617,0.29905874718474523,0.439375356383258,happy,03,16,16,female,strong,1816
0,0.0,True,1.0,0.4583128815295494,0.45636785347758807,0.45734036750356877,0.34824337524034277,-0.07249999999999995,-0.07060185185185186,0.41152443139536193,0.16183952968540802,0.18899226133807445,1.3132780119303975,0.0019450280519613394,0.0018981481481480933,0.0060742206274713275,0.7004883643694999,0.116587257887811,0.11353261579985899,0.0,0.9999999987499999,0.628664165197329,0.280780552980954,0.31034292879764047,0.4435893144686088,happy,03,16,16,female,strong,1817
10,0.33366666666666667,True,1.0,0.4444167503917933,0.4062128857629527,0.42531481807737304,0.6191017768093089,-0.07402777777777786,-0.07208333333333328,0.43751328147390556,0.25406895275230257,0.17256918245564726,0.6869869123447457,0.03820386462884057,0.0019444444444445819,0.005992693676476036,0.4176418405835185,0.11482801534495306,0.11331161932339133,0.0,0.9999999987499999,0.6504575950301996,0.2910189174235209,0.3247271568205728,0.4496456667636411,happy,03,16,16,female,strong,1817
20,0.6673333333333333,True,1.0,0.3010103312005409,0.2911877394636015,0.29609903533207116,1.273540845684462,-0.07175925925925919,-0.07291666666666663,0.4339360506635627,0.5204657029566209,0.16676963168745199,0.23250061930517302,0.00982259173693939,0.0011574074074074403,0.01571962563390666,0.23733375807441878,0.10936572476570669,0.1192331758264887,0.0,0.9999999987499999,0.6458500972967312,0.294918894606168,0.33942943737882886,0.47374255586936304,happy,03,16,16,female,strong,1817
30,1.0010000000000001,True,1.0,0.290560877567776,0.2959943037633276,0.2932775906655518,0.7725262365865325,-0.07199074074074074,-0.06884259259259257,0.466102645509301,0.2930329843918452,0.19098376306668555,0.3796344729486752,0.005433426195551594,0.0031481481481481777,0.02502985878123875,0.3712343965653175,0.11350779164847286,0.11579164498959142,0.0,0.9999999987499999,0.6282816561546494,0.29090781333578725,0.3498982438957195,0.47236606756955846,happy,03,16,16,female,strong,1817
40,1.3346666666666667,True,1.0,0.39877523869420184,0.3863089776413408,0.39254210816777135,0.47020954278378135,-0.058611111111111114,-0.06407407407407412,0.38548980364539515,0.33580295307535274,0.15044792704430662,0.8348237805719647,0.012466261052861027,0.005462962962963003,0.036801645369568356,0.5117287638422927,0.11490301823791818,0.11239115998963066,0.0,0.9999999987499999,0.6500651936712185,0.28425912055331337,0.3175022966997803,0.4476778878989104,happy,03,16,16,female,strong,1817
50,1.6683333333333334,True,1.0,0.2915622089779793,0.2665766758342113,0.2790694424060953,0.6406473468128164,-0.06944444444444448,-0.07208333333333339,0.45305296643725895,0.2185423756812211,0.19590967732862746,0.4356053978752112,0.024985533143768,0.002638888888888913,0.022390367958876153,0.4293479914295033,0.11033288824149722,0.11961980322342465,0.0,0.9999999987499999,0.6283847511660915,0.28898860839826296,0.3234038469463971,0.4581265635620041,happy,03,16,16,female,strong,1817
60,2.0020000000000002,True,1.0,0.3194444444444447,0.32537220319575666,0.32240832382010065,0.5702373929135114,-0.06800925925925921,-0.0652314814814815,0.41498974892625806,0.1800848130278578,0.21166007515875193,0.5653931640168689,0.005927758751311962,0.0027777777777777124,0.010941481785485794,0.4696119830053911,0.11716207015597883,0.11277051441624976,0.0,0.9999999987499999,0.6089140684867698,0.2825607408778006,0.3219943847952793,0.43654959323623066,happy,03,16,16,female,strong,1817
70,2.3356666666666666,True,1.0,0.4012687663023776,0.3697122293123758,0.3854904978073767,0.4535908032526431,-0.024675925925926046,-0.02662037037037035,0.36362369753884993,0.17284143520182096,0.1607378498005586,0.8498640074778245,0.03155653699000183,0.0019444444444443043,0.013333661809106244,0.632677306082744,0.12159749163691001,0.10954964701480657,0.0,0.9999999987499999,0.6111267127944928,0.28174336903929054,0.32886651232404873,0.4288220896810131,happy,03,16,16,female,strong,1817
80,2.6693333333333333,True,1.0,0.3689999367646975,0.3293982186039761,0.3491990776843368,0.47373447864206036,-0.05486111111111114,-0.0557407407407407,0.45060750224110235,0.11260030857114739,0.2016069820043473,0.7371198285700061,0.03960171816072139,0.0008796296296295636,0.016038806806501004,0.5764892384675692,0.11946401411299544,0.11170192709829115,0.0,0.9999999987499999,0.6111259586412691,0.28410891996908416,0.33054782683917006,0.4423854348532771,happy,03,16,16,female,strong,1817
90,3.003,True,1.0,0.3375884317360365,0.3430143957990708,0.34030141376755363,0.448858416173277,-0.06078703703703697,-0.06064814814814817,0.47922260416347695,0.06102869531539238,0.20507551163090873,0.7581486756309007,0.005425964063034305,0.00013888888888879958,0.023251457570087227,0.5846825484068771,0.11882221353846202,0.1115335510835335,0.0,0.9999999987499999,0.608948891986482,0.28526769325573126,0.32709257273532016,0.4402683421111719,happy,03,16,16,female,strong,1817
100,3.336666666666667,True,1.0,0.281738611628786,0.2799823315598625,0.28086047159432426,0.36941679741132527,-0.030740740740740735,-0.03324074074074068,0.45635846602840613,0.05955518794422585,0.16126446787813886,0.7602807277915995,0.001756280068923477,0.0024999999999999467,0.015883997953331026,0.7023432452001549,0.12104613800195654,0.11050391623256914,0.0,0.9999999987499999,0.6082091402342187,0.2854994162062504,0.31744297268907434,0.4323703330814146,happy,03,16,16,female,strong,1817
0,0.0,True,1.0,0.4671922356609478,0.45816179153809633,0.46267701359952207,0.3253489758136387,-0.059120370370370434,-0.06180555555555556,0.3620116498768723,0.19125403850711004,0.17086950399915843,1.4220945753477505,0.009030444122851478,0.002685185185185124,0.011666013521540175,0.7000285252061069,0.11832589250901672,0.1066593279361288,0.0,0.9999999987499999,0.6244200044314601,0.27474732738510754,0.280675186805082,0.3715930495708197,happy,03,16,16,female,strong,1818
10,0.33366666666666667,True,1.0,0.49878280238174755,0.45802443710304247,0.478403619742395,0.3582972823166124,-0.0631018518518518,-0.06273148148148144,0.3729682582891781,0.1641532699593979,0.17164160640527312,1.3352142015960076,0.04075836527870508,0.00037037037037035425,0.009909087755718754,0.6387450497401932,0.1171500897263365,0.1083018626161587,0.0,0.9999999987499999,0.6221783747952306,0.27624703852600124,0.2811279680813622,0.3755347901909912,happy,03,16,16,female,strong,1818
20,0.6673333333333333,True,1.0,0.421418470905777,0.38649182716123315,0.40395514903350505,0.44973203781070525,-0.06513888888888891,-0.06402777777777785,0.3782934551151874,0.23833173355336942,0.17035578666839632,0.8982129692159757,0.03492664374454385,0.0011111111111110628,0.010939445630084131,0.5170381261856303,0.11479480482081424,0.11096708386849814,0.0,0.9999999987499999,0.6187746764018107,0.2757083241499153,0.28716752601389944,0.37718113210706017,happy,03,16,16,female,strong,1818
30,1.0010000000000001,True,1.0,0.3069104202505312,0.29013367577054033,0.2985220480105358,0.6021509545324423,-0.06027777777777776,-0.06495370370370374,0.39741341369605726,0.314064274302774,0.1613836446126335,0.49575948649343576,0.01677674447999089,0.004675925925925972,0.03209628474091708,0.4581228472908513,0.11464403215646926,0.1099161461028407,0.0,0.9999999987499999,0.6310679108596563,0.27350298383484145,0.29863625820837514,0.3792998812074696,happy,03,16,16,female,strong,1818
40,1.3346666666666667,True,1.0,0.3950479277286769,0.3601444949266544,0.37759621132766563,0.4823797499811592,-0.034953703703703765,-0.03796296296296303,0.40045081518208975,0.25974002932140444,0.1359674365827512,0.7827779075353263,0.034903432802022516,0.003009259259259267,0.030405744589360163,0.5608911455211321,0.11263460256577368,0.11060482814015661,0.0,0.9999999987499999,0.628326345858656,0.27361601728006707,0.2967132016620933,0.38237817857391865,happy,03,16,16,female,strong,1818
50,1.6683333333333334,True,1.0,0.2692153486142726,0.25874440050687403,0.2639798745605733,0.6234377398977303,-0.06555555555555564,-0.06657407407407417,0.4800083327502167,0.2291415187379168,0.17688818989694963,0.42342620227623207,0.01047094810739857,0.0010185185185185297,0.034016266122264174,0.46124578884957823,0.11425515175211395,0.11422330924386884,0.0,0.9999999987499999,0.6222739804202931,0.27614678355609423,0.3200954406826222,0.41035137006800126,happy,03,16,16,female,strong,1818
60,2.0020000000000002,True,1.0,0.4314966111359967,0.40175164742189534,0.416624129278946,0.7465930316987814,-0.05907407407407406,-0.06685185185185188,0.41529682209650265,0.3524086161118851,0.16149587470514085,0.5580337768904279,0.029744963714101347,0.007777777777777828,0.061806574914399864,0.32585770673878517,0.09779875683609067,0.10797824758440466,0.0,0.9999999987499999,0.6741904000819078,0.2950152552661603,0.2637447515127208,0.4090040227834253,happy,03,16,16,female,strong,1818
70,2.3356666666666666,True,1.0,0.3566354645699763,0.37757351723673704,0.3671044909033567,0.49492524688773476,-0.06078703703703697,-0.06185185185185188,0.36961341931126696,0.25890897510975613,0.17897921012332843,0.7417372486286358,0.020938052666760743,0.0010648148148149073,0.05645723703462716,0.5214559589293799,0.10316679500895602,0.1137671127577243,0.0,0.9999999987499999,0.6644249512695704,0.28961704903798263,0.28889356563467833,0.4321019456411124,happy,03,16,16,female,strong,1818
80,2.6693333333333333,True,1.0,0.2849462877750314,0.28634126752349065,0.285643777649261,0.5990028988627029,-0.058287037037037026,-0.059629629629629644,0.4290761180278024,0.24373201570090045,0.17842932093533406,0.4768654345272764,0.0013949797484592574,0.0013425925925926174,0.05050737295993823,0.4809958260492979,0.1055357136102365,0.11576335939751045,0.0,0.9999999987499999,0.658977840292367,0.28980563351316235,0.3022789439413784,0.4555008067172775,happy,03,16,16,female,strong,1818
90,3.003,True,1.0,0.2904736677117553,0.25021240733487937,0.27034303752331734,0.45372963433255953,-0.05759259259259264,-0.058240740740740815,0.4919492397283968,0.09939575656772134,0.18494131405453404,0.5958240702549535,0.04026126037687594,0.0006481481481481755,0.04232119974716711,0.5681875848951795,0.10589043901239656,0.11225944124638514,0.0,0.9999999987499999,0.6559584695049896,0.2922866192117149,0.30998421350492844,0.4523324652141217,happy,03,16,16,female,strong,1818
100,3.336666666666667,True,1.0,0.3296025265826172,0.30947391463576185,0.3195382206091895,0.4461190848783033,-0.0559722222222222,-0.05615740740740749,0.47186475296285574,0.11878837441659039,0.18406595597821349,0.7162621628177065,0.020128611946855335,0.00018518518518528815,0.043165151146064826,0.5964514490822933,0.10584305305675497,0.11348543067536099,0.0,0.9999999987499999,0.6552490531759579,0.2893544266696003,0.30241533231181367,0.4456947780216324,happy,03,16,16,female,strong,1818
110,3.6703333333333332,True,1.0,0.28649426857182675,0.2984974057208051,0.2924958371463159,0.4384648569924459,-0.04509259259259257,-0.0531018518518519,0.47362610027179025,0.11437551809997663,0.17559582233716614,0.6670907200012044,0.012003137148978327,0.008009259259259327,0.04650730738258599,0.6055550207842689,0.10621483293182878,0.11347383846643251,0.0,0.9999999987499999,0.6567709936005652,0.29016986464059263,0.3011047550994684,0.44342606031046616,happy,03,16,16,female,strong,1818
0,0.0,True,1.0,0.4042077556734596,0.4284875105500508,0.4163476331117552,0.2984084682403092,-0.06643518518518515,-0.06574074074074071,0.38641089129526124,0.27797159170802965,0.15353236182835453,1.3952272720909156,0.024279754876591175,0.000694444444444442,0.025874741511511225,0.8191757547728862,0.11989801248925093,0.1065111787707617,0.0,0.9999999987499999,0.6260788100552721,0.27078041411784176,0.29127632640140233,0.3748959484539853,happy,03,16,16,female,strong,1819
10,0.33366666666666667,True,1.0,0.44147338541537867,0.38076056201728264,0.41111697371633066,0.31610876849380554,-0.07097222222222216,-0.06532407407407403,0.39889154022335116,0.23043269548585413,0.16740669132805944,1.3005554248786582,0.06071282339809603,0.005648148148148124,0.027776440472108657,0.7732251565248325,0.10250543290829381,0.11352735363853915,0.0,0.9999999987499999,0.67994792538109,0.2880492305907894,0.28577093445775015,0.4459504768223914,happy,03,16,16,female,strong,1819
20,0.6673333333333333,True,1.0,0.3811786485286599,0.3494344875000975,0.36530656801437866,0.5683952239015738,-0.05217592592592596,-0.05175925925925934,0.44928431164671173,0.21459819677916495,0.14667817683924375,0.6426981660874002,0.03174416102856242,0.0004166666666666208,0.004582551574244543,0.46099416318679753,0.11944713399585478,0.10719445288785656,0.0,0.9030233666437224,0.6200486366421568,0.273964864173393,0.31221444406567966,0.3969866396011409,happy,03,16,16,female,strong,1819
30,1.0010000000000001,True,1.0,0.38788916042711363,0.3561752495077686,0.3720322049674411,0.5045237429730182,-0.06708333333333327,-0.07106481481481486,0.38334365905975337,0.31272070994343404,0.16215380591847786,0.7373928584116949,0.031713910919345056,0.003981481481481586,0.013901531509352503,0.5067370927368939,0.11528548502782705,0.10924317015467572,0.0,0.9999999987499999,0.6344551106380053,0.2758966658107836,0.3063285790779353,0.38788060610450664,happy,03,16,16,female,strong,1819
40,1.3346666666666667,True,1.0,0.374269005847953,0.3529492621294278,0.3636091339886904,0.5493938955162841,-0.0746296296296296,-0.07495370370370369,0.4050072195275018,0.33754185463600983,0.173077739710832,0.6618368659648002,0.021319743718525186,0.0003240740740740877,0.012814232266381231,0.5041714871175182,0.1011869041170607,0.11520132845391622,0.0,0.9999999987499999,0.6769469547428345,0.28684546005650247,0.2973628256108919,0.4581585204605649,happy,03,16,16,female,strong,1819
50,1.6683333333333334,True,1.0,0.4291036669033625,0.3957826139764468,0.41244314043990465,0.5478438257185462,-0.054027777777777786,-0.05296296296296288,0.47906746850004533,0.17503333471749477,0.18024247110957486,0.752848021786042,0.03332105292691567,0.0010648148148149073,0.02960716136689853,0.48954650100292973,0.10704638944669041,0.11319578216583484,0.0,0.9999999987499999,0.6524169572907288,0.29146423700857044,0.3155873613083955,0.4585275911279445,happy,03,16,16,female,strong,1819
60,2.0020000000000002,True,1.0,0.38649640003710495,0.351130799588979,0.36881359981304196,0.21915380974002271,-0.051805555555555605,-0.0558333333333334,0.3969280568560107,0.10220092660518343,0.19052164332695404,1.6828984184694635,0.03536560044812592,0.004027777777777797,0.05715107148814296,1.2025398874329751,0.11669325793271816,0.10702841233336326,0.0,0.9999999987499999,0.6287622915494323,0.2622624952169205,0.30888516189313064,0.40037125702694076,happy,03,16,16,female,strong,1819
70,2.3356666666666666,True,1.0,0.35209614378961024,0.3397284604962286,0.34591230214291946,0.48309755653907027,-0.04777777777777775,-0.056296296296296344,0.3997975196826389,0.23943332635039125,0.17096600984438773,0.7160299145809155,0.012367683293381615,0.008518518518518592,0.06439938910714349,0.5368746913216097,0.10480461367953632,0.11642566374108021,0.0,0.9999999987499999,0.6606263022943553,0.2867629580133712,0.2932115928373237,0.44247129734352186,happy,03,16,16,female,strong,1819
80,2.6693333333333333,True,1.0,0.3719301229855516,0.3344147030432954,0.3531724130144235,0.6077511715159237,-0.05412037037037032,-0.05587962962962956,0.38327809882367836,0.25478332184687535,0.18349971734954013,0.5811135042874532,0.03751541994225621,0.0017592592592592382,0.034236709692443114,0.45524772095101984,0.10742376056342368,0.1158370463867176,0.0,0.9999999987499999,0.6502341146849366,0.2920865581925841,0.30664533410854283,0.4520998517942629,happy,03,16,16,female,strong,1819
90,3.003,True,1.0,0.2948616560802965,0.28529567262180866,0.29007866435105256,0.4702838907164123,-0.05124999999999996,-0.05273148148148149,0.469879194571296,0.06708721519848612,0.18753295608809836,0.6168160765812283,0.009565983458487859,0.001481481481481528,0.026966063084060632,0.5794747086774537,0.10587892825221418,0.11294704761725367,0.0,0.9999999987499999,0.6504388626935149,0.29592391136283563,0.3086024527011436,0.4617610888196732,happy,03,16,16,female,strong,1819
100,3.336666666666667,True,1.0,0.31652988372488094,0.29209428366153267,0.30431208369320684,0.48114313758447264,-0.05125000000000007,-0.053333333333333344,0.48316496610345194,0.03822280726966793,0.1881960660357054,0.6324772399768038,0.024435600063348273,0.0020833333333332704,0.02988502464401912,0.55320527729118,0.10553722875861372,0.11343447582903285,0.0,0.9999999987499999,0.6444901626900761,0.2965977820392716,0.30336379552029513,0.4620038378113932,happy,03,16,16,female,strong,1819
110,3.6703333333333332,True,1.0,0.3175512597527729,0.30526119777764954,0.3114062287652112,0.4894030827921008,-0.05236111111111097,-0.05305555555555541,0.48468408939252167,0.04884500086981291,0.18611111111111112,0.6362980531070684,0.012290061975123334,0.000694444444444442,0.02625914361852484,0.5405638279182299,0.10800885858191839,0.11312303390203177,0.0,0.9999999987499999,0.646974277242147,0.29712848456017366,0.30934597222960447,0.4706664917743315,happy,03,16,16,female,strong,1819
0,0.0,True,1.0,0.5562014516041943,0.5290422920846614,0.5426218718444278,0.287212449533077,-0.06685185185185177,-0.06768518518518529,0.4066227178574188,0.12904149003100984,0.18075995458352442,1.8892700254692003,0.02715915951953296,0.0008333333333335191,0.0440408144815936,0.8150192797910734,0.11827491511864949,0.1076048013105511,0.0,0.9999999987499999,0.6127182206632654,0.27447094173202385,0.2967615488490044,0.40534622755804617,sad,04,16,16,female,normal,1820
10,0.33366666666666667,True,1.0,0.5331110594605089,0.4930680343276082,0.5130895468940585,0.31025943238994663,-0.06671296296296292,-0.06958333333333327,0.3744068978586179,0.18046745818238985,0.18004807843986867,1.6537435878796645,0.040043025132900645,0.0028703703703703565,0.05300439442021553,0.7633960525932025,0.12001269683116211,0.10798172404882822,0.0,0.9999999987499999,0.6127683363189025,0.2725839454730485,0.30342505287889715,0.409588723397908,sad,04,16,16,female,normal,1820
20,0.6673333333333333,True,1.0,0.24543768035828847,0.23165973995905154,0.23854871015867002,0.3145211937347082,-0.08472222222222214,-0.08444444444444443,0.38679775872710803,0.1543343946645236,0.17455749002128457,0.7584503521879694,0.013777940399236938,0.0002777777777777102,0.06495614815219701,0.7868588488251961,0.10025955501484249,0.11485394915802621,0.0,0.9999999987499999,0.6716143363829908,0.2992847709961201,0.28410343543355693,0.4446744894103022,sad,04,16,16,female,normal,1820
30,1.0010000000000001,True,1.0,0.47369543091780114,0.4320182636101679,0.4528568472639845,0.5943899724260061,-0.07189814814814816,-0.07277777777777789,0.3775044490298654,0.1441461736161435,0.18160365887287516,0.7618850725486614,0.04167716730763327,0.0008796296296297301,0.05930484893830896,0.394059407184682,0.10427557411479865,0.11325749433524225,0.0,0.9999999987499999,0.6602250613292191,0.2952866589761824,0.28408069699094995,0.4353461140034491,sad,04,16,16,female,normal,1820
40,1.3346666666666667,True,1.0,0.435497597883141,0.39642514695687786,0.4159613724200094,0.3759494930197374,-0.0795370370370369,-0.08333333333333331,0.3865591167653608,0.059456455419777135,0.19492450369649336,1.1064288691517703,0.03907245092626316,0.0037962962962964086,0.07857723770154967,0.5738997848216707,0.10098136982461697,0.1142198360940979,0.0,0.9999999987499999,0.6774404136654661,0.2987055991719307,0.3000955884846699,0.4495386093971877,sad,04,16,16,female,normal,1820
50,1.6683333333333334,True,1.0,0.36531825210006513,0.338578042220423,0.35194814716024403,0.5668353404826211,-0.06805555555555548,-0.07069444444444445,0.4197806701575908,0.11582348440109247,0.19501020201356423,0.6209001486403168,0.02674020987964215,0.0026388888888889683,0.07489843920550247,0.4546277870418996,0.10296463051229947,0.11527992011316271,0.0,0.9999999987499999,0.6586431893773134,0.2952558241621127,0.29381605227424756,0.4454902079980664,sad,04,16,16,female,normal,1820
60,2.0020000000000002,True,1.0,0.31972042848437643,0.2816664446261561,0.30069343655526626,0.5109900657750724,-0.06069444444444444,-0.06490740740740747,0.3931483275834525,0.16891287266580102,0.19138087590063388,0.5884526073890944,0.03805398385822034,0.004212962962963029,0.0723752815771202,0.504447471103861,0.11919131965402108,0.11182261200933663,0.0,0.9999999987499999,0.6050432369979242,0.27345870118181903,0.3257490622508072,0.4227540948906656,sad,04,16,16,female,normal,1820
70,2.3356666666666666,True,1.0,0.4346849906559105,0.38149026490057397,0.40808762777824226,0.4479725102827583,-0.05620370370370381,-0.057638888888888795,0.3636763059555155,0.11440671521878547,0.19889095009340105,0.9109657811829996,0.053194725755336514,0.001435185185184984,0.06264731675667543,0.5717472382605762,0.11920531236724359,0.1106084676155015,0.0,0.9999999987499999,0.6100050517941551,0.27445635304232896,0.3303456097930012,0.41813590349029384,sad,04,16,16,female,normal,1820
80,2.6693333333333333,True,1.0,0.4195857722383704,0.3919877152075447,0.40578674372295753,0.4914847242602847,-0.061574074074074114,-0.06384259259259256,0.40517348447183155,0.1222168253824575,0.1918258227334399,0.8256344982719289,0.027598057030825685,0.0022685185185184475,0.04746567798030725,0.5106373689533645,0.11760108277561136,0.11077540072984018,0.0,0.9999999987499999,0.6094264209824555,0.2729592294443418,0.3153274814491124,0.41212170932212194,sad,04,16,16,female,normal,1820
90,3.003,True,1.0,0.3708132403729053,0.3574937211147735,0.3641534807438394,0.44397812815308185,-0.0602314814814815,-0.06430555555555567,0.4142986090520484,0.11975292032957634,0.18553554424467675,0.82020590126521,0.013319519258131796,0.004074074074074174,0.04390738310180813,0.5690983413304911,0.1198314195858121,0.10853450559597205,0.0,0.9999999987499999,0.6074249235162816,0.2731563955640614,0.3139026323691882,0.41140572384407614,sad,04,16,16,female,normal,1820
100,3.336666666666667,True,1.0,0.3940631984809312,0.3761039267323301,0.3850835626066307,0.437314886578908,-0.06189814814814809,-0.06393518518518526,0.39766001873740336,0.11864879447817597,0.18625903980083214,0.8805635811282797,0.01795927174860107,0.0020370370370371704,0.044438635029659404,0.60562093161899,0.1206871816657063,0.10811209020755233,0.0,0.9999999987499999,0.6092382363414116,0.27297403834114886,0.30741763910343606,0.4059034281149855,sad,04,16,16,female,normal,1820
0,0.0,True,1.0,0.5421457121708866,0.6019239804591217,0.5720348463150041,0.35432829744294747,-0.07490740740740742,-0.06425925925925935,0.344369328308018,0.16900707976134047,0.1910297419690029,1.6144204412776568,0.05977826828823507,0.010648148148148073,0.06927304272222726,0.6952255727600438,0.1050605680478522,0.1076848266525853,0.0,0.9999999987499999,0.6471961272399585,0.2981228315831113,0.28448878515903225,0.4232196381843833,sad,04,16,16,female,normal,1821
10,0.33366666666666667,True,1.0,0.5597365398568845,0.5806993358092698,0.5702179378330772,0.3489454041046154,-0.07500000000000001,-0.06324074074074071,0.35022721955753794,0.1430639719449158,0.18685496707656818,1.6341179196678093,0.02096279595238526,0.011759259259259303,0.0771135636645996,0.7012979279124651,0.1185662357484485,0.10799172349081214,0.0,0.9999999987499999,0.6046376796578006,0.26975298408943177,0.29602972371965064,0.4021520085540046,sad,04,16,16,female,normal,1821
20,0.6673333333333333,True,1.0,0.4992271118947605,0.5304411059079598,0.5148341089013602,0.3005270599291885,-0.07324074074074072,-0.06027777777777782,0.4096443612155958,0.038469789026241104,0.18693783475525289,1.7131040014255876,0.031213994013199298,0.012962962962962898,0.08911005209369928,0.7633698691482068,0.11923675610077783,0.10689505461738943,0.0,0.9999999987499999,0.6079942937643809,0.27105913437885104,0.30892082867776727,0.4073107485944205,sad,04,16,16,female,normal,1821
30,1.0010000000000001,True,1.0,0.47856712906434395,0.49589479380782897,0.48723096143608646,0.5383271230381516,-0.07537037037037037,-0.06481481481481488,0.45297396560609526,0.06405940691044705,0.19463425832666542,0.9050834345598375,0.017327664743485016,0.010555555555555485,0.08059896187927823,0.4631083603467494,0.10683230480873612,0.11204571237948577,0.0,0.9999999987499999,0.6482262553927821,0.2979788295379861,0.31475696087047034,0.44665218576366206,sad,04,16,16,female,normal,1821
40,1.3346666666666667,True,1.0,0.4480413032958431,0.4899443281730463,0.4689928157344447,0.44438310126962066,-0.07263888888888886,-0.06268518518518512,0.39776379595437866,0.10047207186066531,0.19659337423165427,1.0553795011432996,0.04190302487720321,0.009953703703703742,0.07515611988918464,0.5724257868974347,0.11442011217855695,0.10997612133974421,0.0,0.9999999987499999,0.6119042132712461,0.2710063132015874,0.3151949693717433,0.41767434680189136,sad,04,16,16,female,normal,1821
50,1.6683333333333334,True,1.0,0.1190865158290739,0.10653036329163176,0.11280843956035283,0.7555964916078693,-0.08148148148148143,-0.07050925925925922,0.4102600979605403,0.2446544191952976,0.18750651030364252,0.1492971987208443,0.012556152537442133,0.010972222222222217,0.06332379719101426,0.3365539337575544,0.10574811731040717,0.11273203095583084,0.0,0.9999999987499999,0.651460174632353,0.2917054264752701,0.2995370479177669,0.4434545740129559,sad,04,16,16,female,normal,1821
60,2.0020000000000002,True,1.0,0.3877420680194273,0.4336603911466452,0.41070122958303623,0.489009892215546,-0.07407407407407401,-0.06310185185185174,0.3625752019933696,0.16952823640838427,0.18969959983660586,0.8398628251103091,0.045918323127217886,0.010972222222222272,0.0779649130078685,0.5333899064776797,0.09871049555699633,0.10943257364606902,0.0,0.9999999987499999,0.6772492961715937,0.29492623944343327,0.3002101882604265,0.4517508131198405,sad,04,16,16,female,normal,1821
70,2.3356666666666666,True,1.0,0.4603621318614141,0.4697262710486645,0.46504420145503933,0.5679194695120291,-0.07925925925925925,-0.06875000000000003,0.3390133709142743,0.30628003330795567,0.18616070695444287,0.8188558878860364,0.009364139187250375,0.010509259259259218,0.07507120227623831,0.47963560638926744,0.09665598133905781,0.11090835624015183,0.0,0.9999999987499999,0.6783742904818177,0.29363996090463595,0.2855223141280636,0.43760527649451525,sad,04,16,16,female,normal,1821
80,2.6693333333333333,True,1.0,0.5124722733398582,0.5406235900651103,0.5265479317024843,0.5973878929286806,-0.07851851851851849,-0.06833333333333336,0.34981246461596643,0.2514626723072326,0.18683863413534252,0.8814171461043427,0.028151316725252062,0.01018518518518513,0.07160220021720022,0.4424327477997283,0.11747368522915816,0.10724250303682323,0.0,0.9999999987499999,0.6172562533294568,0.2701826934057984,0.3016925558851626,0.40320731445816643,sad,04,16,16,female,normal,1821
90,3.003,True,1.0,0.5229643298392102,0.5632790500815172,0.5431216899603637,0.4796174600488871,-0.08018518518518525,-0.06907407407407407,0.37158583266354234,0.2525511819834312,0.1861258682802443,1.1324060010346655,0.04031472024230709,0.011111111111111183,0.0773979197216816,0.5383149221800141,0.09899332609337493,0.10759477668137313,0.0,0.9999999987499999,0.6791041603829031,0.29365003633547326,0.29515046554047386,0.45157932092184006,sad,04,16,16,female,normal,1821
100,3.336666666666667,True,1.0,0.526043347980145,0.5633201001779994,0.5446817240790722,0.43468234942864115,-0.0798611111111111,-0.06833333333333336,0.3724833713408987,0.19394369852143092,0.1826894273605715,1.2530569156880131,0.037276752197854424,0.011527777777777748,0.08152343613645668,0.5731707222969399,0.09781815951955333,0.1104036309348838,0.0,0.9999999987499999,0.6775337395739546,0.2945298266335885,0.29738985235011084,0.45917779388278773,sad,04,16,16,female,normal,1821
0,0.0,True,1.0,0.5549301596896596,0.5196215090753777,0.5372758343825187,0.3610126692608139,-0.06888888888888889,-0.07361111111111102,0.34899489662148586,0.2796479866123064,0.16905535162798752,1.48824648033159,0.0353086506142819,0.004722222222222128,0.0797163410568388,0.7026831970656664,0.12007028564293641,0.10827019225187894,0.0,0.9999999987499999,0.6162692257449855,0.27228999625126193,0.293848941848635,0.408243390804993,sad,04,16,16,female,normal,1822
10,0.33366666666666667,True,1.0,0.32071515235830095,0.32459154031819,0.3226533463382455,0.31336009776539014,-0.07504629629629628,-0.07879629629629631,0.3865705819483553,0.1929347452872976,0.1676234832514397,1.0296567707220117,0.0038763879598890383,0.003750000000000031,0.07237540000431868,0.7604885158161877,0.11682647026198174,0.10969793297976052,0.0,0.9999999987499999,0.6172221287030437,0.2790823895199662,0.2822083358686314,0.38542143287801445,sad,04,16,16,female,normal,1822
20,0.6673333333333333,True,1.0,0.2215791951718737,0.20400612027541387,0.21279265772364378,0.32005279688273935,-0.07694444444444432,-0.07990740740740737,0.4141411437297619,0.11865371981994265,0.16833905424685933,0.6648673587489584,0.017573074896459817,0.002962962962963056,0.06952319159144621,0.7686913406279867,0.11811736582289133,0.10813068296187862,0.0,0.9999999987499999,0.6219583794846063,0.27863154038763255,0.295955523432219,0.3928927311685893,sad,04,16,16,female,normal,1822
30,1.0010000000000001,True,1.0,0.11606014153177552,0.09117771578949879,0.10361892866063716,0.5484095686448939,-0.06680555555555551,-0.07638888888888884,0.4291975241107522,0.1547770662427743,0.17030069213265484,0.18894442144158224,0.024882425742276726,0.009583333333333333,0.07612856638453501,0.45637610867541134,0.1168386006159035,0.11089422750058173,0.0,0.9999999987499999,0.6131379053418242,0.27860415741052985,0.3102993967079102,0.4143268639123523,sad,04,16,16,female,normal,1822
40,1.3346666666666667,True,1.0,0.41770698939957784,0.3853741152181334,0.40154055230885566,0.4459906594281053,-0.05740740740740735,-0.062037037037037,0.3808257719532592,0.1867439190880358,0.1799565268766712,0.9003339953884951,0.032332874181444426,0.00462962962962965,0.05260823049536464,0.5626375474464815,0.11481702616679121,0.11162888160363003,0.0,0.9999999987499999,0.61598435228779,0.27690062076880434,0.30000713502969045,0.40828077416432995,sad,04,16,16,female,normal,1822
50,1.6683333333333334,True,1.0,0.44279111025997375,0.4112471607315777,0.42701913549577575,0.5053277176168217,-0.06013888888888885,-0.06620370370370371,0.40463598756242425,0.23674568729954346,0.17378680346184097,0.8450340652391731,0.031543949528396065,0.006064814814814856,0.06345593896740621,0.529148936608175,0.11769807077500422,0.11032751387418173,0.0,0.9999999987499999,0.6113241844472164,0.2769464906439865,0.3087548189265802,0.414835761906511,sad,04,16,16,female,normal,1822
60,2.0020000000000002,True,1.0,0.4742228503029695,0.42731334622564227,0.45076809826430586,0.46423754885735846,-0.0618981481481482,-0.06870370370370371,0.3504750528867433,0.27417140527513584,0.17236569352316886,0.970985865692671,0.046909504077327246,0.006805555555555509,0.07294026898672387,0.5446650639128015,0.1177780838457698,0.10972241022099509,0.0,0.9999999987499999,0.6136584393757503,0.27640145794738874,0.3090358379305574,0.41403096981299614,sad,04,16,16,female,normal,1822
70,2.3356666666666666,True,1.0,0.483187284819517,0.44746818749109984,0.4653277361553084,0.5989557434682478,-0.06296296296296294,-0.07023148148148162,0.3377683496260936,0.22884922605872884,0.17644121757180897,0.776898362240977,0.03571909732841716,0.007268518518518674,0.06967098968219493,0.38028514081037545,0.11702780895561399,0.11052228856710575,0.0,0.9999999987499999,0.6070723832579907,0.2747965391574911,0.29677459302734754,0.4095805187238613,sad,04,16,16,female,normal,1822
80,2.6693333333333333,True,1.0,0.5072187567745579,0.4991050314474776,0.5031618941110177,0.425811089884987,-0.06347222222222232,-0.06944444444444442,0.3473046925841098,0.24847953022011482,0.17021465526170562,1.1816552129887539,0.008113725327080268,0.005972222222222101,0.06786141980902513,0.5747024787899326,0.11816254230355391,0.10755118995188542,0.0,0.9999999987499999,0.6173092983677846,0.2746920104886122,0.281222122063867,0.39583673331835734,sad,04,16,16,female,normal,1822
90,3.003,True,1.0,0.5064425610544908,0.4620656221291862,0.4842540915918385,0.37420653490501415,-0.06680555555555556,-0.07203703703703707,0.33927471202387677,0.25286057178745314,0.17093378850645177,1.2940824021546231,0.04437693892530459,0.005231481481481504,0.07392059875714013,0.633991920072315,0.12228813839163177,0.10701236782036942,0.0,0.9999999987499999,0.6091943255192702,0.27111693653833335,0.29804229241317554,0.4091506630100971,sad,04,16,16,female,normal,1822
100,3.336666666666667,True,1.0,0.55958839346893,0.4940277584584247,0.5268080759636773,0.3532644250283613,-0.06504629629629627,-0.07078703703703698,0.34315573338255234,0.24871318900487138,0.17373806664523814,1.4912570829100136,0.06556063501050524,0.005740740740740713,0.08090404893143262,0.6822546309327788,0.12080162621433775,0.10990782681090844,0.0,0.9999999987499999,0.607237113829907,0.27118073354526384,0.2963397340640644,0.40882967826853245,sad,04,16,16,female,normal,1822
0,0.0,True,1.0,0.5805417936018438,0.6169414097563867,0.5987416016791152,0.35648187460665764,-0.07324074074074077,-0.06319444444444433,0.34410322143455874,0.19999999999999923,0.17989546661676634,1.6795849784502146,0.0363996161545429,0.010046296296296442,0.07677573157013418,0.6919401857609796,0.12039716579985899,0.10540576467508175,0.0,0.9999999987499999,0.6074457919730393,0.2708097223654747,0.3060001036761185,0.417898607139583,sad,04,16,16,female,normal,1823
10,0.33366666666666667,True,1.0,0.5273772442799517,0.596368843474054,0.5618730438770028,0.3033162329989461,-0.07347222222222227,-0.06245370370370368,0.3698432645408347,0.16399729918203104,0.18265392658968602,1.8524331464941906,0.06899159919410225,0.011018518518518594,0.08054649351758851,0.7896650934614307,0.11945870013754677,0.107536484069345,0.0,0.9999999987499999,0.6058054147831008,0.2714788068763522,0.30720342081943475,0.4198304568011123,sad,04,16,16,female,normal,1823
20,0.6673333333333333,True,1.0,0.5306548837367676,0.5650515082022741,0.5478531959695209,0.284846031439735,-0.0737962962962963,-0.06458333333333338,0.3998866802601056,0.12665184750842723,0.17988825674602404,1.923330977091146,0.03439662446550651,0.009212962962962923,0.072834351036765,0.7860994454698275,0.12116305029677303,0.10543191044396392,0.0,0.9999999987499999,0.6109233342321304,0.2716771707018884,0.3136832733607594,0.4200200767038611,sad,04,16,16,female,normal,1823
30,1.0010000000000001,True,1.0,0.4546188329198947,0.4398336662139779,0.4472262495669363,0.5956445808754477,-0.07634259259259252,-0.06578703703703703,0.3597255823316379,0.14506089756120502,0.1938637676317847,0.7508273623670448,0.014785166705916786,0.010555555555555485,0.07039299112253997,0.3904653754183591,0.1071543839503613,0.1119081094527169,0.0,0.9999999987499999,0.6504593416429072,0.29694517465734327,0.3033251025451333,0.44606469676222643,sad,04,16,16,female,normal,1823
40,1.3346666666666667,True,1.0,0.5124722733398588,0.5132193426140671,0.5128458079769629,0.30699987217219266,-0.07462962962962971,-0.0637037037037036,0.38673767944264337,0.08305132209128112,0.19031025283780695,1.6705082134018403,0.0007470692742083118,0.010925925925926117,0.06930534828696898,0.747825982977017,0.10677553630378983,0.11260852411385772,0.0,0.9999999987499999,0.6476543136942278,0.296019161276232,0.2983648326894032,0.44373379833000437,sad,04,16,16,female,normal,1823
50,1.6683333333333334,True,1.0,0.4870734376406783,0.5259355585872919,0.5065044981139851,0.38552002581675765,-0.07254629629629622,-0.06296296296296294,0.416599282671939,0.0705671201794625,0.1861115210482762,1.3138214987429289,0.03886212094661362,0.009583333333333277,0.05794834043215073,0.6186692359833447,0.11963851429907804,0.10715875322834552,0.0,0.9999999987499999,0.6049570673660088,0.2710514166436576,0.32376909787717467,0.4100181714803668,sad,04,16,16,female,normal,1823
60,2.0020000000000002,True,1.0,0.515228793228497,0.5217532114987143,0.5184910023636057,0.42288659230690356,-0.07356481481481492,-0.06435185185185194,0.3540365440371346,0.2032366287994506,0.18681209006022537,1.2260757654556205,0.006524418270217325,0.009212962962962978,0.06729507830054623,0.5707733159651238,0.10782509646681239,0.11091901387170443,0.0,0.9999999987499999,0.6509526331548244,0.29477390776220214,0.2991504390457007,0.4437614926503255,sad,04,16,16,female,normal,1823
70,2.3356666666666666,True,1.0,0.5598116296651496,0.5746457680823748,0.5672286988737623,0.6732709151930933,-0.07138888888888895,-0.06513888888888886,0.30566389623626095,0.24967029425061982,0.18403814194642587,0.8424969593571137,0.01483413841722514,0.006250000000000089,0.06416768273519315,0.34902549999301796,0.10760555359192893,0.11181565048085373,0.0,0.9999999987499999,0.6520578790969513,0.2931525039439914,0.28920385609707555,0.43729248860057796,sad,04,16,16,female,normal,1823
80,2.6693333333333333,True,1.0,0.5368350625718369,0.5772969630884149,0.5570660128301259,0.39031545310782195,-0.07171296296296298,-0.06259259259259264,0.344548500815861,0.1791374746627817,0.18263930661951858,1.42721997910813,0.04046190051657805,0.009120370370370334,0.06429720684004189,0.6336172335673511,0.12304158766363572,0.10433486420210687,0.0,0.9999999987499999,0.6016611863417243,0.26857582594654633,0.31164436533166007,0.4104021989498661,sad,04,16,16,female,normal,1823
90,3.003,True,1.0,0.5244814007906231,0.565467749193457,0.54497457499204,0.3828057485861385,-0.07314814814814813,-0.06439814814814815,0.3506215714185676,0.21388451729612498,0.18264264843016134,1.4236321607103832,0.04098634840283388,0.00874999999999998,0.07008065814171703,0.6336172335673511,0.10181971840828102,0.108319132783972,0.0,0.9999999987499999,0.6711127015493698,0.2960448291869342,0.30726154868239547,0.46214994703790463,sad,04,16,16,female,normal,1823
100,3.336666666666667,True,1.0,0.5624977562607398,0.5849264600124104,0.5737121081365751,0.3762014677209583,-0.07175925925925936,-0.0637037037037037,0.34121429316877155,0.17981925182021966,0.1888953513242955,1.5250129448248653,0.02242870375167061,0.008055555555555649,0.0645688220242233,0.6434514434649888,0.10386718756592905,0.10901126613485104,0.0,0.9999999987499999,0.6481995075139431,0.2977567136791927,0.28097300107539236,0.4263177113195313,sad,04,16,16,female,normal,1823
0,0.0,True,1.0,0.4958885257231369,0.4551946969186837,0.47554161132091033,0.35713821084823133,-0.07527777777777783,-0.07351851851851848,0.3970289044452868,0.18324446437228142,0.18531766320774326,1.3315338344543464,0.040693828804453214,0.0017592592592593492,0.038301343900393935,0.6450347627589142,0.10504570769445234,0.11152323071904581,0.0,0.9999999987499999,0.6591478146024035,0.29323042695699275,0.28527917686323984,0.42386602738742374,sad,04,16,16,female,strong,1824
10,0.33366666666666667,True,1.0,0.4036363661090087,0.39765934643040823,0.40064785626970845,0.6003630302574675,-0.0750925925925926,-0.07314814814814818,0.37421773392811974,0.299261142578418,0.18482865889811875,0.667342651158732,0.0059770196786004814,0.0019444444444444153,0.05246982039465531,0.4080510876951992,0.102583405103399,0.11328885580539423,0.0,0.9999999987499999,0.6617364780677897,0.292133123066969,0.2886524633057432,0.42417462631003167,sad,04,16,16,female,strong,1824
20,0.6673333333333333,True,1.0,0.29047366771175526,0.2954374674327244,0.29295556757223984,0.6019183701140596,-0.06601851851851842,-0.06717592592592586,0.4668853862907559,0.2336235149611048,0.18010486138590223,0.4867031513205465,0.004963799720969164,0.0011574074074074403,0.05269298767192689,0.4454535908399233,0.10208615424823014,0.11490371880705584,0.0,0.9999999987499999,0.6624347223576932,0.2930485329568395,0.3023502598720266,0.4554891767519558,sad,04,16,16,female,strong,1824
30,1.0010000000000001,True,1.0,0.2238365550580574,0.21454749466258127,0.21919202486031936,0.746766608488088,-0.05722222222222234,-0.05777777777777782,0.47412555012919383,0.21367893320733677,0.17216885741458945,0.2935214595415534,0.00928906039547614,0.0005555555555554759,0.0254523839182016,0.3736957185577119,0.11717173938711137,0.11088633671903289,0.0,0.9999999987499999,0.6171653581276261,0.281411010602023,0.3403193434440808,0.4188761397703092,sad,04,16,16,female,strong,1824
40,1.3346666666666667,True,1.0,0.2540836488783807,0.23734139669556778,0.24571252278697425,0.513608648247712,-0.0637962962962963,-0.06541666666666673,0.4343270251888857,0.19052424063763082,0.1864555499174749,0.478404177237428,0.016742252182812917,0.0016203703703704386,0.03362432664922646,0.4962569338982697,0.11638332459210975,0.11171355306724412,0.0,0.9999999987499999,0.6055617254401761,0.2738424818692424,0.32535894244010866,0.4181204279113216,sad,04,16,16,female,strong,1824
50,1.6683333333333334,True,1.0,0.350088698443637,0.34242111344791676,0.3462549059457769,0.6745180697105712,-0.06453703703703695,-0.06537037037037041,0.38646454720280654,0.3230335988879229,0.18600988466164986,0.5133367384721826,0.0076675849957202336,0.0008333333333334636,0.03147342013763422,0.42144482235804653,0.11427190820299352,0.1133693756473878,0.0,0.9999999987499999,0.5987877716711685,0.27479821512699115,0.3132009241944527,0.40130309715247003,sad,04,16,16,female,strong,1824
60,2.0020000000000002,True,1.0,0.2699722401308129,0.26746658440133775,0.2687194122660753,0.32710112267800184,-0.06819444444444439,-0.06499999999999995,0.3594803227652365,0.19026370197219994,0.19550253101062048,0.8215178537635365,0.0025056557294751425,0.003194444444444444,0.0532558871156545,0.8251110846347466,0.11464274187725414,0.10728604664830145,0.0,0.9999999987499999,0.6246196089998499,0.26904028123481716,0.3032074848969179,0.3747300404465541,sad,04,16,16,female,strong,1824
70,2.3356666666666666,True,1.0,0.3651729865045604,0.3453556110342481,0.35526429876940424,0.4634373354754317,-0.06499999999999995,-0.06574074074074071,0.3637566852512595,0.27410924034180134,0.1921262676280201,0.7665854077228051,0.019817375470312315,0.000740740740740764,0.03558870727819455,0.5508042600362059,0.10248084251174172,0.1142187222311712,0.0,0.9999999987499999,0.6500489193568052,0.2964533959167287,0.2919157699814861,0.42451339077797573,sad,04,16,16,female,strong,1824
80,2.6693333333333333,True,1.0,0.4557403410639185,0.42246351420571526,0.43910192763481687,0.7064769570027598,-0.06606481481481469,-0.06736111111111115,0.362671009274917,0.32336035167135746,0.18370748545629167,0.621537508452808,0.03327682685820321,0.001296296296296462,0.0329427941006179,0.36901840160536514,0.11768219494075398,0.11086121512240989,0.0,0.9999999987499999,0.6050214223970838,0.27132261428727417,0.2981426090944004,0.3827118896796568,sad,04,16,16,female,strong,1824
90,3.003,True,1.0,0.4243199144345989,0.3799440610868566,0.4021319877607277,0.666119711173044,-0.0746296296296296,-0.0753240740740741,0.3507698766019693,0.3545719975010833,0.18029495081705274,0.6036932716681945,0.0443758533477423,0.0006944444444444975,0.03508795950336249,0.40895956080172335,0.1217703775973191,0.10653350229995766,0.0,0.9999999987499999,0.6066556354260455,0.2722746880773871,0.3019323926246515,0.3866552005805434,sad,04,16,16,female,strong,1824
100,3.336666666666667,True,1.0,0.374320563691729,0.34221664108456823,0.3582686023881486,0.5392508623207051,-0.0768981481481481,-0.07694444444444448,0.35893710899236125,0.26912827825617774,0.18559803753688617,0.6643820667181018,0.03210392260716077,4.629629629637755e-05,0.02367885419835608,0.5072619109984342,0.1184819873298064,0.11052437987015362,0.0,0.9999999987499999,0.6084343138583559,0.2707301288953785,0.2817094885291394,0.37512609909532985,sad,04,16,16,female,strong,1824
110,3.6703333333333332,True,1.0,0.0635310441361314,0.0697581316041462,0.0666445878701388,0.45783855281399577,-0.07060185185185175,-0.06884259259259262,0.3584074418280252,-0.015261285093799818,0.1938271645733964,0.1455635124227169,0.0062270874680148,0.0017592592592591272,0.0039519964328579614,0.5634867887635966,0.11898916027841255,0.10928304449316432,0.0,0.9999999987499999,0.5689241558342086,0.2632986787050438,0.27335829607413753,0.34237790101668286,sad,04,16,16,female,strong,1824
0,0.0,True,1.0,0.4669902085745525,0.4224635142057153,0.4447268613901339,0.31228628393974356,-0.07611111111111113,-0.07282407407407399,0.42279787942100466,0.12379155639007887,0.18802660425123355,1.4240998861030512,0.04452669436883716,0.0032870370370371438,0.024284161901450878,0.7836033602703691,0.10563591581746348,0.11113590298370428,0.0,0.9999999987499999,0.662146285865909,0.29133454978303047,0.28780892626969257,0.43169341816306644,sad,04,16,16,female,strong,1825
10,0.33366666666666667,True,1.0,0.4938898355168389,0.4661623284056433,0.4800260819612411,0.3303580511853713,-0.07597222222222216,-0.0719907407407408,0.41581685421504805,0.16901920705617335,0.1882508565976942,1.4530479285697435,0.027727507111195593,0.003981481481481364,0.03988145502880051,0.7393202819845263,0.10350960990747309,0.11244323238524445,0.0,0.9999999987499999,0.6550246455691653,0.29463395153033,0.28701549884383565,0.42730788198864084,sad,04,16,16,female,strong,1825
20,0.6673333333333333,True,1.0,0.3819188504490529,0.36531825210006635,0.3736185512745596,0.44630389157695216,-0.07074074074074072,-0.07166666666666671,0.42145282754447827,0.14194687336919026,0.18314989462345735,0.8371393535342722,0.01660059834898653,0.0009259259259259967,0.03828080262116848,0.569212057457268,0.12116125668244677,0.10704792339893647,0.0,0.9999999987499999,0.6095927738282814,0.2747130234241872,0.3114422685614246,0.39683433494524045,sad,04,16,16,female,strong,1825
30,1.0010000000000001,True,1.0,0.3616714269168872,0.29826061732213754,0.32996602211951237,0.6511174437034662,-0.07,-0.06768518518518524,0.46460716824965725,0.2364029469620153,0.18144747068652617,0.5067688253638408,0.06341080959474965,0.0023148148148147696,0.06177541812387377,0.42121068186294375,0.10266936988887584,0.11287387848300877,0.0,0.9999999987499999,0.6588755502122724,0.2968467945547039,0.3147122546954839,0.458932579859571,sad,04,16,16,female,strong,1825
40,1.3346666666666667,True,1.0,0.2828523828068589,0.2771440882119974,0.27999823550942815,0.4812050376601677,-0.06453703703703695,-0.06967592592592597,0.43555619915929317,0.15142722682017445,0.1906271790204466,0.581868878328672,0.0057082945948615516,0.005138888888889026,0.05256548550931858,0.5652360387722827,0.11682195972418126,0.11142589400887806,0.0,0.9999999987499999,0.6030378154933848,0.2753123380299806,0.3289783459211368,0.41102150449681335,sad,04,16,16,female,strong,1825
50,1.6683333333333334,True,1.0,0.3560860144342723,0.341182156658737,0.34863408554650466,0.7875115837755495,-0.07046296296296295,-0.07314814814814813,0.37004181772828837,0.37875797849362913,0.19119935987353462,0.4427034379291996,0.014903857775535267,0.0026851851851851793,0.04392857514820166,0.3570487056496493,0.1042527531340035,0.1122648438246981,0.0,0.9999999987499999,0.6568617135213461,0.2936344715270813,0.3067891690318034,0.441986636661385,sad,04,16,16,female,strong,1825
60,2.0020000000000002,True,1.0,0.35820238723876097,0.3249301698367031,0.341566278537732,0.32854483513421856,-0.06754629629629644,-0.06754629629629633,0.39610453024994835,0.11780001281075164,0.20152560332726183,1.0396336877376078,0.03327221740205788,1.1102230246251565e-16,0.03375317499506241,0.8223275484650803,0.11996841552165229,0.10873405720948745,0.0,0.9999999987499999,0.6026667788990597,0.2737629215465794,0.33489621853689994,0.41060450026289963,sad,04,16,16,female,strong,1825
70,2.3356666666666666,True,1.0,0.1431681992970609,0.15331773293255394,0.14824296611480742,0.4987443498202257,-0.08337962962962969,-0.07958333333333334,0.37017244860671045,0.24146889515050918,0.19675125936895957,0.2972323719922685,0.010149533635493035,0.003796296296296353,0.0426137858953417,0.5407878374635622,0.10401433648729896,0.11349745893801959,0.0,0.9999999987499999,0.6537828100849716,0.2937927204867843,0.28860818253441245,0.41936270546540294,sad,04,16,16,female,strong,1825
80,2.6693333333333333,True,1.0,0.45345672692649286,0.46233102499943324,0.45789387596296305,0.6617269466789262,-0.07185185185185194,-0.07087962962962963,0.3374814750377426,0.34480987061925555,0.18088653224666926,0.6919680062313314,0.008874298072940379,0.0009722222222223187,0.02983359247663306,0.37131091394958354,0.12321632035515064,0.10612199585284322,0.0,0.9999999987499999,0.5987398743716236,0.2708700224039842,0.3138280884014524,0.38985160232340554,sad,04,16,16,female,strong,1825
90,3.003,True,1.0,0.4471774954890615,0.40152382016706356,0.4243506578280625,0.57794217832307,-0.0754629629629629,-0.0735185185185186,0.3754497635182311,0.3226498028411177,0.17737433962810667,0.7342441402344756,0.04565367532199793,0.0019444444444443043,0.03052237439129381,0.4510989144001866,0.10736315511166877,0.1125573614780583,0.0,0.9999999987499999,0.6592064233740372,0.2904055190350602,0.28468868866890373,0.42891753962106755,sad,04,16,16,female,strong,1825
100,3.336666666666667,True,1.0,0.495444124876918,0.47455038471548944,0.4849972547962037,0.5074087354790582,-0.07268518518518513,-0.07370370370370372,0.3795526934778163,0.2808399311858542,0.17943261096045243,0.9558315040404356,0.020893740161428587,0.0010185185185185852,0.025139370922835566,0.4926848113876142,0.12073877690678766,0.10752421018611684,0.0,0.9999999987499999,0.6036744053246299,0.27063396195367107,0.2986532958945454,0.39395774405265344,sad,04,16,16,female,strong,1825
110,3.6703333333333332,True,1.0,0.48189051680261463,0.48896260695911015,0.4854265618808624,0.4739620140139195,-0.0728240740740741,-0.0706018518518518,0.3624837206346387,0.2870829314367851,0.18145361677040908,1.0241887483130794,0.007072090156495514,0.002222222222222292,0.01628408095237494,0.5484925867222011,0.10689831077046094,0.1104409282830489,0.0,0.9999999987499999,0.6450505564960359,0.2991565801350186,0.2853981271807539,0.4268411989096468,sad,04,16,16,female,strong,1825
0,0.0,True,1.0,0.5096766874276878,0.49181572593898976,0.5007462066833388,0.5404489957484132,-0.07740740740740748,-0.07499999999999996,0.37487948759844275,0.2630845051938977,0.17987171536233565,0.9265373987602771,0.017860961488698035,0.0024074074074075247,0.025950231445297376,0.4891415844602372,0.11904629866405751,0.10675077323270722,0.0,0.9999999987499999,0.6154237086709684,0.2764787902662461,0.29066243430892996,0.3676034590139294,sad,04,16,16,female,strong,1826
10,0.33366666666666667,True,1.0,0.47389362285611314,0.47619047619047566,0.47504204952329443,0.4869418125065085,-0.06722222222222218,-0.06972222222222219,0.43005662445931425,0.1747814464795544,0.1694809115276025,0.9755622485529418,0.0022968533343625253,0.0025000000000000022,0.019482654986746114,0.4910034435599187,0.1148217504228005,0.10973048306373034,0.0,0.9999999987499999,0.6211418347338935,0.2761522851349997,0.2926259068270495,0.3768600595609087,sad,04,16,16,female,strong,1826
20,0.6673333333333333,True,1.0,0.40271784107265085,0.3948478093088888,0.3987828251907698,0.5004370776287312,-0.07824074074074072,-0.07337962962962957,0.41985431576145005,0.1988709750512134,0.18968632733483395,0.7968690631005211,0.007870031763762053,0.004861111111111149,0.01037134710519604,0.5391132777058867,0.10284547020833898,0.11405767310971088,0.0,0.9999999987499999,0.6598090839226316,0.2912444017977586,0.2996110198530647,0.4559826632874295,sad,04,16,16,female,strong,1826
30,1.0010000000000001,True,1.0,0.24939140119087252,0.24078469750525155,0.24508804934806205,0.6280007500454721,-0.07217592592592598,-0.0698611111111111,0.3898282557621299,0.24573942393083606,0.19800338183938956,0.3902671283916712,0.00860670368562097,0.0023148148148148806,0.006554875853272255,0.4329295599735193,0.11618699463060711,0.10863518517285042,0.0,0.9999999987499999,0.6055428769867323,0.2761146680417783,0.31736301624895297,0.3983851802583372,sad,04,16,16,female,strong,1826
40,1.3346666666666667,True,1.0,0.24939140119087377,0.22921658470692974,0.23930399294890176,0.5645809007156758,-0.058750000000000024,-0.06287037037037041,0.41109150208080164,0.29490502672766844,0.1634004833447456,0.42386129719506005,0.020174816483944036,0.004120370370370385,0.016407807783460807,0.47754902149050965,0.11119203029202372,0.11051415553868706,0.0,0.9999999987499999,0.6276801036586509,0.2736667743371479,0.2977209218625959,0.3872525703328883,sad,04,16,16,female,strong,1826
50,1.6683333333333334,True,1.0,0.3581837668563846,0.3288603864245403,0.3435220766404624,0.4703487593171851,-0.03449074074074071,-0.037129629629629624,0.4263566489174787,0.16005185952185408,0.15455416531870345,0.7303560811750847,0.029323380431844293,0.002638888888888913,0.022003515235665638,0.5608326356318764,0.11388119619037508,0.1144297744614489,0.0,0.9999999987499999,0.6086814632180997,0.2750123514095503,0.3211288968903358,0.4127506921404597,sad,04,16,16,female,strong,1826
60,2.0020000000000002,True,1.0,0.380276037062396,0.31882705891806823,0.34955154799023214,0.4473093154894291,-0.06245370370370379,-0.0616666666666667,0.45231896863400645,0.08167744426274212,0.1908866650598989,0.781453763393606,0.06144897814432776,0.000787037037037086,0.030547580614105358,0.5543346127696498,0.11939225516420252,0.10901741802044056,0.0,0.9999999987499999,0.602956569065126,0.2758815322635714,0.337538382888885,0.4158198857225244,sad,04,16,16,female,strong,1826
70,2.3356666666666666,True,1.0,0.4273133462256423,0.3826285648056151,0.40497095551562867,0.42010417734501954,-0.06166666666666676,-0.0646296296296297,0.3989055670327865,0.17400516050029294,0.18572145478474233,0.9639774545327542,0.04468478142002724,0.002962962962962945,0.10609370377232379,0.6238000622486826,0.10110560791316314,0.11360788799950211,0.0,0.9999999987499999,0.6486020550173195,0.29752027517263996,0.2897198624986553,0.4214411726575461,sad,04,16,16,female,strong,1826
80,2.6693333333333333,True,1.0,0.43613037117697345,0.41961225594404,0.4278713135605067,0.5624850494365277,-0.06217592592592597,-0.06750000000000006,0.3471089358796719,0.22008903179404102,0.18494131405453404,0.7606803309512477,0.01651811523293345,0.005324074074074092,0.07858156169281272,0.4671862663957536,0.11685126763481657,0.11139515869897873,0.0,0.9999999987499999,0.592522905326193,0.27210592468649397,0.3140892339074422,0.40048262176576016,sad,04,16,16,female,strong,1826
90,3.003,True,1.0,0.1565296413130076,0.1442295092611656,0.1503795752870866,0.4865411621425229,-0.07750000000000001,-0.08351851851851849,0.40661398733616727,0.18333552362585576,0.17729173551947355,0.30907883440915485,0.012300132051841994,0.006018518518518479,0.055438495009115664,0.5467167474956202,0.1215918904507177,0.10673717323008919,0.0,0.9999999987499999,0.6034713952612296,0.27000640650074265,0.3126386185805425,0.4009248978792469,sad,04,16,16,female,strong,1826
100,3.336666666666667,True,1.0,0.4485766988082864,0.43887867507130907,0.4437276869397977,0.37377529600930465,-0.07120370370370366,-0.07287037037037047,0.3542103822081527,0.3016479988614643,0.16849126599315783,1.1871509210944526,0.009698023736977313,0.0016666666666668162,0.052957383362839124,0.6612043960759476,0.11943099791568795,0.10862475254957947,0.0,0.9999999987499999,0.612609467052446,0.2732865288246134,0.29156484705532276,0.3787016606555991,sad,04,16,16,female,strong,1826
110,3.6703333333333332,True,1.0,0.4455970389145542,0.43613037117697356,0.4408637050457639,0.4122549438527068,-0.0717592592592593,-0.07476851851851851,0.34672244382280365,0.37517955392499625,0.16569270632325064,1.069395798933775,0.009466667737580647,0.0030092592592592116,0.051318320037797,0.6327132938984295,0.11773414912296226,0.10959585084278274,0.0,0.9999999987499999,0.6127597935580481,0.2735185245359412,0.2835791054263604,0.37915785026590487,sad,04,16,16,female,strong,1826
0,0.0,True,1.0,0.5432658904271497,0.5257428367200407,0.5345043635735952,0.593738880683419,-0.0788888888888889,-0.07726851851851851,0.34186819747877545,0.3720236856163733,0.1737696812730869,0.9002347344313341,0.017523053707108938,0.0016203703703703831,0.041016421812745375,0.43833838673598147,0.11948512134348441,0.10891562698880315,0.0,0.9999999987499999,0.6116972979660614,0.2762766800202653,0.28827020290170624,0.37604705078682543,sad,04,16,16,female,strong,1827
10,0.33366666666666667,True,1.0,0.5335238337060536,0.5064288780935036,0.5199763558997785,0.5896532470368196,-0.08037037037037031,-0.08152777777777775,0.3579991031471852,0.30848345807510247,0.16881509161283534,0.8818341262645667,0.027094955612550042,0.0011574074074074403,0.03548182357776057,0.43532817194054135,0.11870326141001725,0.1097672253238834,0.0,0.9999999987499999,0.6107621724080257,0.27484342048342714,0.28301117316932684,0.3770566274905862,sad,04,16,16,female,strong,1827
20,0.6673333333333333,True,1.0,0.32932449872399844,0.3238412643498133,0.32658288153690584,0.43223896081303836,-0.07597222222222227,-0.07648148148148154,0.3839637836339842,0.2021130208636111,0.18349971734954013,0.7555609538820975,0.005483234374185131,0.0005092592592592649,0.032402920424606824,0.5576981072805031,0.12056305158735833,0.10877721407593262,0.0,0.9999999987499999,0.6114406065316751,0.2716638320663128,0.3065451144745291,0.39533677468124107,sad,04,16,16,female,strong,1827
30,1.0010000000000001,True,1.0,0.4260594638924877,0.37932164364134974,0.40269055376691876,0.7369173359223792,-0.07874999999999999,-0.07763888888888892,0.38100893895613186,0.3747740011152926,0.18573898132602046,0.5464528165331897,0.046737820251137985,0.0011111111111110628,0.0392738425547203,0.3817285509879849,0.10293277167183809,0.11364409425226642,0.0,0.9999999987499999,0.6574809236272634,0.2919162910698812,0.28653313352721005,0.4274136801424957,sad,04,16,16,female,strong,1827
40,1.3346666666666667,True,1.0,0.30450695291072083,0.29637448918190895,0.3004407210463149,0.4849110738087761,-0.06555555555555559,-0.0736574074074074,0.4159621846217588,0.22850583040393138,0.1758350826348498,0.6195790058710707,0.008132463728811878,0.008101851851851805,0.05053477186454455,0.5517267188226194,0.118478686197964,0.10983626447623135,0.0,0.9999999987499999,0.6158020151419944,0.27289056623771474,0.3101013099825654,0.3988049114128069,sad,04,16,16,female,strong,1827
50,1.6683333333333334,True,1.0,0.28991172895048883,0.2667593715389046,0.2783355502446967,0.48402425144049666,-0.05740740740740735,-0.06111111111111106,0.4198279791030059,0.19692191170811216,0.18349971734954013,0.5750446375700119,0.023152357411584223,0.003703703703703709,0.054452313522469965,0.5583449573479204,0.10539583723347055,0.11356585954596779,0.0,0.9999999987499999,0.6505025317627051,0.29354180650439854,0.30659197155365253,0.45582319822423784,sad,04,16,16,female,strong,1827
60,2.0020000000000002,True,1.0,0.3482315138030378,0.3105189717036383,0.32937524275333807,0.23826153477211817,-0.05907407407407406,-0.06129629629629629,0.3992479924442953,0.07008304430443943,0.19392357711161795,1.3824104804343023,0.037712542099399504,0.0022222222222222365,0.07381780039872808,1.0891751196223702,0.10437829748401617,0.11566064848176567,0.0,0.9999999987499999,0.6450324046415441,0.2941830005719314,0.30222409326134975,0.45268679732949174,sad,04,16,16,female,strong,1827
70,2.3356666666666666,True,1.0,0.4336894395897648,0.38739977367939005,0.4105446066345774,0.42928061081118957,-0.06023148148148144,-0.06453703703703706,0.34832947118879004,0.19849780538895845,0.1998010469981542,0.9563548790586939,0.046289665910374755,0.004305555555555618,0.06027667731000149,0.6134435127835041,0.10591101404851369,0.11607848689320548,0.0,0.9999999987499999,0.6386135163596688,0.29012269103552407,0.2914423831459058,0.4323100541913945,sad,04,16,16,female,strong,1827
80,2.6693333333333333,True,1.0,0.5087698939048926,0.44422676559756125,0.4764983297512269,0.6151793842656065,-0.06768518518518518,-0.06782407407407393,0.36620365824257733,0.2645883156151092,0.1841935344958589,0.7745681047489339,0.06454312830733133,0.00013888888888874407,0.049720171592513046,0.4054237607657051,0.10632357422948202,0.11337195558898103,0.0,0.9999999987499999,0.6461779171121573,0.29613673870068863,0.2998004540294276,0.4405255143939888,sad,04,16,16,female,strong,1827
90,3.003,True,1.0,0.5101520631011681,0.47704643871671765,0.49359925090894285,0.5318300427025,-0.07263888888888881,-0.07435185185185184,0.4035917258883865,0.27069701941562185,0.17731109931018155,0.9281146442963489,0.03310562438445047,0.0017129629629630272,0.056840498390152754,0.4745243852338762,0.1044158599542769,0.11363228155966623,0.0,0.9999999987499999,0.6556237182685575,0.29223280484857544,0.28465521613822264,0.43878399729242973,sad,04,16,16,female,strong,1827
100,3.336666666666667,True,1.0,0.4903807786146866,0.45157892158784135,0.470979850101264,0.4330011595735905,-0.07189814814814821,-0.07324074074074077,0.3821651206637488,0.2484549907845998,0.1773313214563193,1.0877103667922599,0.03880185702684524,0.001342592592592562,0.048337782832661276,0.571908295076384,0.119378437623922,0.10868251359022228,0.0,0.9999999987499999,0.6099584821741195,0.27291646277134085,0.2910505820878386,0.37675969083590727,sad,04,16,16,female,strong,1827
110,3.6703333333333332,True,1.0,0.5313032885829396,0.48949512436957654,0.5103992064762581,0.41113210931717115,-0.07314814814814807,-0.07421296296296304,0.351819344649633,0.2988443322118163,0.176659014927338,1.2414481742230126,0.041808164213363086,0.0010648148148149628,0.041732576432587896,0.6273761432078021,0.12162432191064354,0.10598358600410436,0.0,0.9999999987499999,0.6123691446656787,0.2728302373904956,0.29516489465151013,0.3761069837822109,sad,04,16,16,female,strong,1827
0,0.0,True,1.0,0.5372406501026221,0.5415228290923678,0.5393817395974949,0.4033443328319695,-0.0747222222222223,-0.07657407407407402,0.33750306825714615,0.4383194113857475,0.15660555249500455,1.3372736287389406,0.0042821789897457,0.0018518518518517157,0.025673855232733717,0.6054149439176962,0.10615132434674926,0.11150135299582163,0.0,0.9999999987499999,0.6728744249340362,0.2883127820059147,0.2780470484641575,0.4391206291745011,angry,05,16,16,female,normal,1828
10,0.33366666666666667,True,1.0,0.5356626457090516,0.5416549722991377,0.5386588090040947,0.3845624522503463,-0.07569444444444445,-0.07657407407407407,0.3386499561715697,0.43470577560036955,0.16007006229732829,1.400705674337216,0.005992326590086083,0.0008796296296296191,0.02677329785492509,0.6511473274663896,0.10947920200045846,0.11032772580213228,0.0,0.9999999987499999,0.6691585494432147,0.2898422215768858,0.28294343879240286,0.43800642742724283,angry,05,16,16,female,normal,1828
20,0.6673333333333333,True,1.0,0.5242057596667794,0.502730655614044,0.5134682076404117,0.7512252849146434,-0.07504629629629622,-0.07421296296296298,0.30405610897272095,0.4732801923411087,0.1705419907644689,0.6835076214171274,0.02147510405273545,0.0008333333333332416,0.02752570872096082,0.3428501196505651,0.10741432263191503,0.11114557306404223,0.0,0.9999999987499999,0.6720756529799421,0.2924884028329341,0.2857496069670047,0.43854797664574535,angry,05,16,16,female,normal,1828
30,1.0010000000000001,True,1.0,0.5461120776051664,0.5224996958835951,0.5343058867443808,0.8305484517717162,-0.07203703703703701,-0.07444444444444448,0.42408099492247736,0.40921986209287897,0.18296609697104507,0.6433169378675089,0.02361238172157132,0.002407407407407469,0.030353042529926565,0.35882913064119776,0.10861818540014524,0.1127072672004055,0.0,0.9999999987499999,0.6497710903267558,0.2869997944496185,0.3075634961234712,0.4564985031877327,angry,05,16,16,female,normal,1828
40,1.3346666666666667,True,1.0,0.5699673228774613,0.5650106098973326,0.567488966387397,0.8036539177906163,-0.07203703703703696,-0.07490740740740742,0.345400932394099,0.43761606843212136,0.18592003776837343,0.7061360043481432,0.004956712980128675,0.0028703703703704675,0.031564061317216015,0.34562426805913776,0.11265400690956986,0.10972026564090621,0.0,0.9999999987499999,0.6467539519557823,0.2867207804508374,0.30009843046281787,0.43910837804286856,angry,05,16,16,female,normal,1828
50,1.6683333333333334,True,1.0,0.52798509649378,0.5312460658085105,0.5296155811511453,1.432284547451891,-0.0673611111111111,-0.07212962962962965,0.30736046039428766,0.691502340927628,0.19573265475753085,0.3697698073286897,0.003260969314730522,0.004768518518518561,0.03560562757506271,0.2219595464196212,0.11269648936125311,0.11036928486164801,0.0,0.9999999987499999,0.6401400617668942,0.2894117311526938,0.3023624802186627,0.44061770131541533,angry,05,16,16,female,normal,1828
60,2.0020000000000002,True,1.0,0.6084356495623073,0.585774713441771,0.5971051815020392,0.5613482221106143,-0.06212962962962959,-0.06574074074074077,0.40702402795261433,0.1902273449945251,0.20081913706915308,1.0636983568897433,0.022660936120536324,0.003611111111111176,0.05769903098034296,0.46506780078273013,0.11401801880609877,0.11056538640456735,0.0,0.9999999987499999,0.6129092624002727,0.28726692629072775,0.29638998354239476,0.42648700677530116,angry,05,16,16,female,normal,1828
70,2.3356666666666666,True,1.0,0.5969124492081207,0.5953239533880256,0.5961182012980731,0.8363143115011613,-0.0600462962962961,-0.06300925925925926,0.3662855464985048,0.23243958169820356,0.20059259478303307,0.7127920604731219,0.001588495820095126,0.002962962962963167,0.031870503496995425,0.3329607283782355,0.11844494498376953,0.10634810827804106,0.0,0.9999999987499999,0.6030904088510405,0.284324140798324,0.3039057963943777,0.41547717300442605,angry,05,16,16,female,normal,1828
80,2.6693333333333333,True,1.0,0.5637005967285057,0.5635770656587917,0.5636388311936487,0.842954623259469,-0.05833333333333346,-0.0633333333333333,0.2885407917789542,0.2662107529375472,0.21016928297854576,0.668646704865578,0.00012353106971396688,0.004999999999999838,0.043494558894063055,0.3040901571099043,0.11794784989617933,0.10672078468486035,0.0,0.9999999987499999,0.604637196347289,0.2875588773541173,0.29817005035075517,0.42280720167272423,angry,05,16,16,female,normal,1828
90,3.003,True,1.0,0.611075121065484,0.5905184219425309,0.6007967715040075,0.38734236030373614,-0.059675925925925966,-0.06351851851851847,0.33322949072842317,0.10341683260448266,0.2053351976714606,1.5510742771146697,0.020556699122953104,0.0038425925925925086,0.045471268430390795,0.5895189242072728,0.11623273938863155,0.10788213792160764,0.0,0.9999999987499999,0.6141219014793418,0.28579797489737035,0.29320085226002934,0.4212934895376582,angry,05,16,16,female,normal,1828
100,3.336666666666667,True,1.0,0.6425848780355176,0.5931735585063859,0.6178792182709517,0.32629356168027007,-0.05805555555555553,-0.06333333333333346,0.3329212654292926,0.09562665543469188,0.20472970199780957,1.893629819384551,0.04941131952913169,0.005277777777777937,0.04747385226301062,0.7209225834390312,0.11888374035412111,0.10585736349355292,0.0,0.9999999987499999,0.617889997155112,0.28577172460243105,0.29895807705390115,0.4236921623567651,angry,05,16,16,female,normal,1828
110,3.6703333333333332,True,1.0,0.5862653349395999,0.5486978079597317,0.5674815714496657,0.3117336279697174,-0.059537037037036944,-0.06407407407407406,0.33334049699244894,0.10259469288092408,0.2039542664066968,1.8204053734773598,0.037567526979868204,0.004537037037037117,0.05091553157904119,0.7769162993572457,0.11873928195422183,0.10655712031615093,0.0,0.9999999987499999,0.6167222342608919,0.28605290810983647,0.29858052030447785,0.42407104015029534,angry,05,16,16,female,normal,1828
0,0.0,True,1.0,0.6112044788490268,0.6220608110141054,0.6166326449315661,0.7642782969885776,-0.07101851851851848,-0.07106481481481486,0.30305466184717283,0.4153686396677051,0.18472263524161478,0.8068168981917092,0.01085633216507853,4.629629629637755e-05,0.003460362505396658,0.31793478260869584,0.10960709611301506,0.11123313768004237,0.0,0.9999999987499999,0.6532460862391831,0.28709972006379697,0.28358053094253194,0.43650950251733084,angry,05,16,16,female,normal,1829
10,0.33366666666666667,True,1.0,0.6059327972735484,0.6065720548946858,0.6062524260841171,0.5544624455128078,-0.07018518518518518,-0.06902777777777763,0.30872507384489317,0.33430823920625224,0.18611766999740337,1.0934057500024372,0.000639257621137368,0.0011574074074075513,0.00440187461862649,0.43115141669447027,0.10966972481173289,0.11185478839270373,0.0,0.9999999987499999,0.6540211000103167,0.28840159709368,0.28472240063692555,0.4330937844059573,angry,05,16,16,female,normal,1829
20,0.6673333333333333,True,1.0,0.5969906797960368,0.577524324773192,0.5872575022846145,0.9938833212859718,-0.07171296296296298,-0.07027777777777783,0.3044583602253957,0.513147568734955,0.18195115352876315,0.5908716744786201,0.019466355022844772,0.0014351851851851505,0.010139495467838457,0.2765923095431153,0.11076942646437454,0.11042132263605055,0.0,0.9999999987499999,0.6536978162202381,0.288613165713149,0.28908730663205334,0.4318131788800417,angry,05,16,16,female,normal,1829
30,1.0010000000000001,True,1.0,0.5619785140269626,0.5480309668789545,0.5550047404529586,0.9009009009009017,-0.06856481481481486,-0.06861111111111112,0.41755288936906865,0.4684684684684688,0.18135772660683638,0.6160552619027835,0.013947547148008166,4.6296296296266526e-05,0.005318335722862501,0.3375000000000003,0.10890837372092492,0.11494069612480402,0.0,0.9999999987499999,0.6424466811646533,0.2930453238671929,0.32097727330396675,0.4722803122244927,angry,05,16,16,female,normal,1829
40,1.3346666666666667,True,1.0,0.5973355522777951,0.5624794042168701,0.5799074782473326,0.6817457233447081,-0.06976851851851851,-0.06902777777777769,0.3755878283735716,0.38763575605680933,0.18543147910168942,0.8506213656937258,0.03485614806092496,0.0007407407407408195,0.002451797921140433,0.40806341601521406,0.11256219967051416,0.11255610303551562,0.0,0.9999999987499999,0.6477058165844463,0.2885032721104347,0.30159972379898853,0.44145591620607977,angry,05,16,16,female,normal,1829
50,1.6683333333333334,True,1.0,0.3441506325668867,0.34996487165448414,0.34705775211068546,1.0306168261265303,-0.07162037037037039,-0.07263888888888881,0.3165989981141622,0.5311441684725177,0.1945107434791823,0.3367476091139198,0.005814239087597428,0.0010185185185184187,0.0013321786947475467,0.31152679678341094,0.11321883101507176,0.11138361453240835,0.0,0.9999999987499999,0.636541489080007,0.2908333356307471,0.3046434210732051,0.44227438511835715,angry,05,16,16,female,normal,1829
60,2.0020000000000002,True,1.0,0.6572684691473845,0.6286094332219688,0.6429389511846766,0.7172443439554715,-0.0631944444444445,-0.06532407407407403,0.3679377273894891,0.2975732713370151,0.1972237695863106,0.896401563292902,0.028659035925415632,0.002129629629629537,0.008269658711155398,0.3731849734847765,0.11364111166569331,0.11095274229358397,0.0,0.9999999987499999,0.6228241741305898,0.28417189754266714,0.29596070513340555,0.4356400910314653,angry,05,16,16,female,normal,1829
70,2.3356666666666666,True,1.0,0.6298974212869551,0.6274166384654554,0.6286570298762053,0.7812598192540653,-0.05768518518518517,-0.0616666666666667,0.33367240147831445,0.2178385510303795,0.19934383176905957,0.8046708846186884,0.002480782821499772,0.00398148148148153,0.014929707407894543,0.3682693378464375,0.11335421274423386,0.110558671962824,0.0,0.9999999987499999,0.6207628061537115,0.28617769694569895,0.29142421919037753,0.41951939250232734,angry,05,16,16,female,normal,1829
80,2.6693333333333333,True,1.0,0.5765326139332206,0.5669560631058428,0.5717443385195318,0.9399948572959984,-0.05898148148148147,-0.06328703703703698,0.29552225247674485,0.35233813681928655,0.21187614445887964,0.6082419856681122,0.00957655082737785,0.004305555555555507,0.028700887527508757,0.3117540284708056,0.11599545376662915,0.10866449252866911,0.0,0.9999999987499999,0.6170626474417892,0.2898342603311184,0.2988066269137811,0.42126826991378824,angry,05,16,16,female,normal,1829
90,3.003,True,1.0,0.6380005976006663,0.6176956092724285,0.6278481034365474,0.5806295864820622,-0.05861111111111106,-0.0625,0.3031558203747844,0.2092634757531768,0.20219241210169525,1.081322960548005,0.020304988328237794,0.0038888888888889417,0.024624692039404227,0.4246885948028314,0.11527451211047708,0.10925474882550505,0.0,0.9999999987499999,0.6190684603528913,0.2875517100824123,0.2884794066972642,0.41568904185809985,angry,05,16,16,female,normal,1829
100,3.336666666666667,True,1.0,0.6527130671943081,0.5903851814223908,0.6215491243083495,0.4038650636958444,-0.05768518518518517,-0.06277777777777777,0.31804682804285245,0.17759658069779594,0.2008042776717041,1.5390019592693602,0.06232788577191728,0.005092592592592593,0.03353745456210146,0.5857605929619396,0.11566996718806108,0.1098812798386359,0.0,0.9999999987499999,0.6205607311127576,0.28791221278433937,0.28976662996604774,0.4182475551399841,angry,05,16,16,female,normal,1829
110,3.6703333333333332,True,1.0,0.6479988067462064,0.6357572979142319,0.6418780523302191,0.4461154700117249,-0.05814814814814817,-0.06314814814814818,0.3223312039961884,0.1760817148851304,0.20291355644463352,1.4388159467174477,0.012241508831974501,0.0050000000000000044,0.028411245777049274,0.5692625061776206,0.11747743851908478,0.10865037596638982,0.0,0.9999999987499999,0.6201781704322353,0.2891375302462752,0.2945766744182527,0.4192557828262638,angry,05,16,16,female,normal,1829
0,0.0,True,1.0,0.6023631460032652,0.5703711380095869,0.586367142006426,0.4392907800414027,-0.06430555555555562,-0.06388888888888894,0.3251328349437239,0.28447866938030675,0.17675227449589562,1.334804117562316,0.031992007993678295,0.0004166666666666763,0.00736344027172933,0.5632293053085834,0.11817682958391165,0.10592896811389273,0.0,0.9999999987499999,0.615323829985119,0.2712461271755023,0.2841958735320255,0.38924123498841523,angry,05,16,16,female,normal,1830
10,0.33366666666666667,True,1.0,0.6433760044806256,0.647262449789094,0.6453192271348598,0.4831283327693173,-0.0643981481481481,-0.06351851851851847,0.3303677742352275,0.24891720734631456,0.18029495081705268,1.3357097552856312,0.003886445308468378,0.0008796296296296191,0.01133789347835024,0.5059252873512714,0.11758898187648427,0.10693805951352166,0.0,0.9999999987499999,0.6102736345397534,0.27028510499458963,0.27893197718650803,0.38379044741521795,angry,05,16,16,female,normal,1830
20,0.6673333333333333,True,1.0,0.5978287303690628,0.620461882430996,0.6091453064000294,0.6924160439315828,-0.06430555555555556,-0.06412037037037038,0.329587564357408,0.3219438088510422,0.17758068179283168,0.8797388676051802,0.02263315206193317,0.00018518518518517713,0.010785017635131908,0.4080422474764271,0.11999600739611352,0.10495852147780117,0.0,0.9999999987499999,0.6072975910598614,0.2723643150259783,0.2876372429229717,0.3877381035842809,angry,05,16,16,female,normal,1830
30,1.0010000000000001,True,1.0,0.5874294290113802,0.5677976194536062,0.5776135242324931,1.0057018194730274,-0.06259259259259242,-0.06245370370370368,0.3316384578682719,0.46354777877784725,0.17981318257036963,0.5743387483729063,0.019631809557773994,0.00013888888888874407,0.023719240313567057,0.28296985640393635,0.10864693070499191,0.11166046320095394,0.0,0.9999999987499999,0.6401809364917842,0.29453151206839134,0.29507274805137823,0.44060109930149954,angry,05,16,16,female,normal,1830
40,1.3346666666666667,True,1.0,0.5715931376441429,0.6013643257702079,0.5864787317071753,0.5734434111317948,-0.060277777777777874,-0.06013888888888891,0.3792371488830223,0.28669599458597617,0.1859491709689177,1.0227316598679772,0.02977118812606505,0.0001388888888889661,0.019947366706449445,0.48268710112225566,0.10808008294834073,0.11305498662662951,0.0,0.9999999987499999,0.6320292481680172,0.29966677334216263,0.3025558572789291,0.4385751126557369,angry,05,16,16,female,normal,1830
50,1.6683333333333334,True,1.0,0.5391825286563274,0.6211222949594639,0.5801524118078957,0.7725603338551101,-0.0625925925925927,-0.06337962962962962,0.39816857689161006,0.4057555996814802,0.17743535973634356,0.7509477077510691,0.08193976630313649,0.0007870370370369195,0.008050922977462682,0.3533834836688211,0.10086271777651497,0.10691889649837301,0.0,0.9999999987499999,0.6525220624109018,0.3001668550599309,0.29602045077270944,0.43553871918260173,angry,05,16,16,female,normal,1830
60,2.0020000000000002,True,1.0,0.5630862912086112,0.5914111554756759,0.5772487233421435,0.6016170496437617,-0.059537037037036944,-0.05995370370370373,0.4111971983046433,0.21909897210985393,0.1855142565952201,0.9594952863851721,0.02832486426706471,0.0004166666666667873,0.017517493089396406,0.4283107060316609,0.11042903797653153,0.10673224025807496,0.0,0.9999999987499999,0.6167469883891058,0.30056882085945413,0.30555663047659887,0.4337289993400892,angry,05,16,16,female,normal,1830
70,2.3356666666666666,True,1.0,0.41320383572153074,0.4404977285592117,0.4268507821403712,0.6502209765625492,-0.06430555555555562,-0.06277777777777771,0.36486914042647,0.19505105520027977,0.1945108548545556,0.6564703347421298,0.027293892837680966,0.0015277777777779056,0.017705933748406497,0.4272841932497263,0.10908501725137218,0.11088943011065613,0.0,0.9999999987499999,0.6030511979479292,0.2995860845103581,0.3039061928816343,0.4285456804949815,angry,05,16,16,female,normal,1830
80,2.6693333333333333,True,1.0,0.6129887968013907,0.6557845775210795,0.6343866871612351,0.8221644901245395,-0.059212962962962856,-0.05916666666666659,0.27820014080442307,0.2896024628729915,0.20292821961655272,0.7716055543400321,0.042795780719688814,4.6296296296266526e-05,0.011064959144976757,0.3331352368246854,0.1123952350733845,0.10610601421273747,0.0,0.9999999987499999,0.6167965718943828,0.2977358984870127,0.29778732125976726,0.4163807875718748,angry,05,16,16,female,normal,1830
90,3.003,True,1.0,0.6450309449815327,0.646063015319696,0.6455469801506144,0.3707290351541018,-0.06046296296296316,-0.060555555555555585,0.334873909681197,0.15342056800502413,0.19831101064853782,1.741290589452424,0.0010320703381633267,9.259259259242203e-05,0.0019615315808473666,0.7092959386043894,0.12976927023179635,0.09973470628716738,0.0,0.9208746650810593,0.5735019393147885,0.25739560901084024,0.3042109137053054,0.37614499405941976,angry,05,16,16,female,normal,1830
100,3.336666666666667,True,1.0,0.6354690553553759,0.6356310472956136,0.6355500513254948,0.34566844769585053,-0.06222222222222218,-0.06120370370370365,0.3485003140600131,0.1495766137820792,0.1982632997960212,1.8386116973126445,0.00016199194023769348,0.0010185185185185297,0.0031491688835537162,0.7594971158136145,0.10995757386754434,0.10863013885768695,0.0,0.9999999987499999,0.6232131486344539,0.29739316381013625,0.2927671659745268,0.42205967566175623,angry,05,16,16,female,normal,1830
110,3.6703333333333332,True,1.0,0.6341100404654967,0.5891067304734691,0.6116083854694829,0.35931467822398194,-0.06291666666666662,-0.061388888888888826,0.35345233102312346,0.16308129015950218,0.19766890635563827,1.7021525212733768,0.04500330999202762,0.0015277777777777946,0.0052691450964667316,0.7155674778555566,0.11211113990548295,0.1072976568524105,0.0,0.9999999987499999,0.6235664918076606,0.2984486601157999,0.2936910469549693,0.4208608830185592,angry,05,16,16,female,normal,1830
0,0.0,True,1.0,0.5374093623787233,0.547004708802038,0.5422070355903806,0.40044030357564253,-0.07824074074074072,-0.07351851851851848,0.3158270471222316,0.4072841360712287,0.17293828499713923,1.3540271315071526,0.009595346423314721,0.004722222222222239,0.03451377957408938,0.6522086960589305,0.10872251030406077,0.10899573906507731,0.0,0.9999999987499999,0.6623448241953032,0.2876141985802621,0.2934556260761169,0.4412077867573629,angry,05,16,16,female,normal,1831
10,0.33366666666666667,True,1.0,0.5974258576551675,0.5954035210000416,0.5964146893276046,0.4340744966302134,-0.07902777777777781,-0.07435185185185189,0.31487942761562226,0.3868645641196772,0.17779322663045252,1.3739915474363567,0.002022336655125967,0.004675925925925917,0.027664514509391277,0.5912867095531704,0.11090423365491191,0.10748638113358838,0.0,0.9999999987499999,0.6583132153877177,0.2897833569519607,0.2989277287850518,0.436622959126508,angry,05,16,16,female,normal,1831
20,0.6673333333333333,True,1.0,0.54577444413995,0.5034330149654512,0.5246037295527006,1.1027086682936333,-0.07916666666666655,-0.07328703703703698,0.3088620005389755,0.6365956474084733,0.17362209709164386,0.47574100452523804,0.04234142917449879,0.005879629629629568,0.032886820343524456,0.2707586169613658,0.11272267042009528,0.11016974802968912,0.0,0.9999999987499999,0.6457487099527311,0.2853849934251022,0.3030546030370365,0.445427622100648,angry,05,16,16,female,normal,1831
30,1.0010000000000001,True,1.0,0.510515030386929,0.5201237189759417,0.5153193746814353,1.3955504203036724,-0.07574074074074078,-0.07189814814814816,0.28320432025847714,0.7317922417690564,0.1875036620736129,0.36925887247363054,0.009608688589012648,0.0038425925925926196,0.02670835859425473,0.22073611050730368,0.11248170304308798,0.110588174033082,0.0,0.9722943422229096,0.6299679456548244,0.28540622619280465,0.309045354916013,0.44631801563400136,angry,05,16,16,female,normal,1831
40,1.3346666666666667,True,1.0,0.5233517754861388,0.522596524081221,0.52297414978368,0.7074147984848679,-0.0790277777777777,-0.07449074074074064,0.35102173588914326,0.4714951667914455,0.18287934372030076,0.7392751055021458,0.0007552514049177228,0.004537037037037062,0.026752043235876512,0.3864330618273093,0.11537589864684768,0.10879801193022667,0.0,0.9999999987499999,0.6307329452953057,0.2839199564985355,0.3042076624740878,0.434481470618275,angry,05,16,16,female,normal,1831
50,1.6683333333333334,True,1.0,0.5355378998134461,0.5762292971511513,0.5558835984822987,0.8188291546189849,-0.07231481481481489,-0.07162037037037045,0.3600187829387242,0.5065407785000877,0.18329268496167564,0.6788761676921004,0.040691397337705215,0.000694444444444442,0.005721081154516019,0.32590537191268554,0.10558382525568465,0.10752678080026738,0.0,0.9999999987499999,0.6500557845950881,0.29293749338827474,0.2864740671548099,0.4240304648395595,angry,05,16,16,female,normal,1831
60,2.0020000000000002,True,1.0,0.5470202905076318,0.6061921494142869,0.5766062199609594,0.5780997980678693,-0.07152777777777769,-0.06819444444444439,0.4446022802161322,0.24452346508381478,0.19123806169651483,0.9974164009191809,0.059171858906655106,0.0033333333333332993,0.002812165548877065,0.4606851167377817,0.1122648069500308,0.1085501706949102,0.0,0.9999999987499999,0.6164883987579407,0.29103849568755,0.31512354390971736,0.4364172764690044,angry,05,16,16,female,normal,1831
70,2.3356666666666666,True,1.0,0.5970965182665228,0.6389293323109416,0.6180129252887322,0.8203358953601159,-0.068425925925926,-0.06745370370370374,0.36646272702011484,0.29584626948772974,0.20156840657916658,0.7533656990804154,0.04183281404441885,0.0009722222222222632,0.010490171084989779,0.3355761606512303,0.11316925988337234,0.10742970309685798,0.0,0.9999999987499999,0.6172358529192927,0.2920234049006388,0.3010793032390929,0.40734355226799895,angry,05,16,16,female,normal,1831
80,2.6693333333333333,True,1.0,0.6328558567056738,0.6360640106414329,0.6344599336735534,0.9396739502979526,-0.066851851851852,-0.06824074074074071,0.27641082961336627,0.352295293941232,0.20886147249275125,0.675191574133111,0.0032081539357591282,0.0013888888888887174,0.0016755184503972418,0.2516945004961776,0.11686025688792313,0.10666758601295692,0.0,0.9999999987499999,0.602766020330007,0.2832831296526533,0.2943822584549128,0.40560759854227857,angry,05,16,16,female,normal,1831
90,3.003,True,1.0,0.6848036159320812,0.6871312303501562,0.6859674231411187,0.4767962904031876,-0.06851851851851859,-0.0668981481481481,0.33339105389386053,0.2303794248956869,0.20398489659363264,1.4387012586885946,0.0023276144180750524,0.0016203703703704941,0.0034791954319372694,0.5342931564620788,0.11837925471025516,0.10425080244447976,0.0,0.9999999987499999,0.6042502736954156,0.28135520467594916,0.2933063505540683,0.4057166194584543,angry,05,16,16,female,normal,1831
100,3.336666666666667,True,1.0,0.6330892574884495,0.6210754808267194,0.6270823691575844,0.44157379463390056,-0.06847222222222232,-0.06837962962962962,0.3335682321569372,0.21982299163419272,0.20398489659363261,1.4201077527199844,0.012013776661730091,9.259259259269959e-05,0.016110071458880878,0.5688254912507111,0.1192929176402704,0.10338849793226586,0.0,0.9999999987499999,0.6084368406112446,0.28177290320535886,0.296609047050939,0.4047095125955256,angry,05,16,16,female,normal,1831
110,3.6703333333333332,True,1.0,0.6135152333561465,0.6313156971637587,0.6224154652599526,0.4192370746837794,-0.06731481481481483,-0.06578703703703703,0.3263007654957529,0.22346678690617547,0.20747611910888025,1.484638413073142,0.017800463807612132,0.0015277777777777946,0.012809853617023106,0.6681862596502174,0.11902773275964842,0.10479028687329739,0.0,0.9999999987499999,0.6115973862435599,0.28045019012862166,0.2957819227755929,0.4125418416916217,angry,05,16,16,female,normal,1831
0,0.0,True,1.0,0.5876854603426748,0.6014060970153728,0.5945457786790238,0.41909907842912925,-0.06657407407407406,-0.06717592592592592,0.31450641170551563,0.2649763820138187,0.19336513759495064,1.4186282177176466,0.013720636672698072,0.0006018518518518534,0.010803341268137675,0.5869839056853553,0.11328467755452291,0.1101120678286001,0.0,0.9999999987499999,0.6384145742203131,0.2886697974481462,0.28852656269117405,0.4251746990083253,angry,05,16,16,female,strong,1832
10,0.33366666666666667,True,1.0,0.5878136200716845,0.5871236034188335,0.587468611745259,0.43194154588011463,-0.06995370370370374,-0.06912037037037044,0.31755684181716176,0.30290891821387894,0.186432225179185,1.3600650767414508,0.0006900166528509555,0.0008333333333332971,0.004900569058968706,0.5859864859968766,0.11182231695171081,0.11159684171793673,0.0,0.9999999987499999,0.6515951827215262,0.2814602861763506,0.2801001556081879,0.42478638257107787,angry,05,16,16,female,strong,1832
20,0.6673333333333333,True,1.0,0.631849527155896,0.603871104175543,0.6178603156657195,1.218166505805361,-0.06870370370370366,-0.067962962962963,0.30691757574934103,0.6007396466985335,0.18692354984541243,0.5072051420895342,0.027978422980353024,0.000740740740740653,0.0015434209916877098,0.2623441910412552,0.11200039583022262,0.11073202424647591,0.0,0.9999999987499999,0.6486317569293343,0.2869738764716311,0.2930062244273406,0.42976101134683375,angry,05,16,16,female,strong,1832
30,1.0010000000000001,True,1.0,0.5575711776689989,0.5647616409399755,0.5611664093044872,0.9604995596669073,-0.05949074074074079,-0.06037037037037041,0.42306411077102374,0.4082123128584359,0.17937264837066702,0.5842443170917171,0.00719046327097661,0.0008796296296296191,0.018253916979690143,0.30260203760725507,0.10969543966212437,0.11318429362993018,0.0,0.9999999987499999,0.6422374652673569,0.28819512572142975,0.3242269583209906,0.46842219822882425,angry,05,16,16,female,strong,1832
40,1.3346666666666667,True,1.0,0.5828779599271385,0.5791593686598807,0.5810186642935096,0.8254400034686916,-0.060833333333333295,-0.06282407407407403,0.3812307199853302,0.4325301437095892,0.17813833020330178,0.7038896368626835,0.0037185912672578203,0.0019907407407407374,0.021504246137872947,0.3268898499551093,0.11208052151382632,0.11133751545201154,0.0,0.9999999987499999,0.6463148113933074,0.28136512648656203,0.29499390006057646,0.438257059306017,angry,05,16,16,female,strong,1832
50,1.6683333333333334,True,1.0,0.5011021736630381,0.5087620127559758,0.5049320932095069,1.3892862554410943,-0.056064814814814845,-0.057222222222222285,0.3023503410257701,0.5774611463705334,0.18901971014220054,0.3634471234649856,0.007659839092937659,0.0011574074074074403,0.005458160584637179,0.22654132254246293,0.11485874519439712,0.1086446420697632,0.0,0.9999999987499999,0.6308098223429996,0.2869697916606978,0.2990769955141229,0.42895214899430917,angry,05,16,16,female,strong,1832
60,2.0020000000000002,True,1.0,0.6480560754444052,0.6266134570041151,0.6373347662242601,0.5910293541366548,-0.05874999999999997,-0.06185185185185177,0.40368650655492216,0.19469097102608354,0.1910297419690029,1.0783470596908775,0.021442618440290162,0.0031018518518518,0.024553113397751132,0.43505529787475544,0.11252957414601875,0.10950045211127152,0.0,0.9999999987499999,0.6324063149869322,0.2909003098894559,0.30105727653610287,0.4272992140861783,angry,05,16,16,female,strong,1832
70,2.3356666666666666,True,1.0,0.5782707671173039,0.5831189890530312,0.5806948780851675,0.5140872585919822,-0.05736111111111103,-0.05962962962962953,0.380854896469193,0.20412573554523325,0.18685496707656818,1.1295648129378169,0.004848221935727315,0.002268518518518503,0.01892959481650952,0.500527144223272,0.1105293920741928,0.11237004625299535,0.0,0.9999999987499999,0.6324131183098239,0.2893351998806577,0.2903674011389012,0.42100968301593344,angry,05,16,16,female,strong,1832
80,2.6693333333333333,True,1.0,0.6453629712513659,0.6571953656475312,0.6512791684494486,1.1491219377746391,-0.06060185185185185,-0.06328703703703698,0.2562407468481072,0.4674394323151077,0.18890867939912034,0.5667624531742033,0.011832394396165347,0.002685185185185124,0.005994902604418181,0.21042946264125312,0.11516581538856467,0.10831908679345234,0.0,0.9999999987499999,0.6306995019492172,0.2912997873964166,0.29335776116186807,0.4157774739366907,angry,05,16,16,female,strong,1832
90,3.003,True,1.0,0.6443043612282638,0.6256812586284369,0.6349928099283504,0.5418203683962824,-0.057638888888888906,-0.06138888888888888,0.3124912546995583,0.2626189726524261,0.18964127434192113,1.1719618659000328,0.018623102599826913,0.0037499999999999756,0.0177394119689199,0.44710806014574267,0.11366176984522675,0.10972277669585297,0.0,0.9999999987499999,0.6387560651213611,0.2902745698233227,0.28634201587766905,0.41910102389148135,angry,05,16,16,female,strong,1832
100,3.336666666666667,True,1.0,0.6728282501459196,0.6580806455080437,0.6654544478269817,0.38620090957799147,-0.06004629629629632,-0.06384259259259262,0.32309208712536447,0.23890093626508693,0.1896320210632777,1.723078406402863,0.014747604637875944,0.0037962962962962976,0.014951315753602638,0.629835351088129,0.1125925144005144,0.11064767238126666,0.0,0.9999999987499999,0.6359019187987696,0.2913480596125258,0.2831907093528856,0.417411435459741,angry,05,16,16,female,strong,1832
110,3.6703333333333332,True,1.0,0.6429883955234423,0.6115960376041771,0.6272922165638097,0.40505019950218907,-0.05824074074074076,-0.060879629629629506,0.32027258038311257,0.2490286512439152,0.19100457921116565,1.5486777128730178,0.0313923579192652,0.0026388888888887463,0.00994823792516485,0.6064215901494792,0.11458679903187635,0.10910618237765428,0.0,0.9999999987499999,0.6376429639902836,0.2917095377632397,0.28749939666489377,0.41785748321747473,angry,05,16,16,female,strong,1832
0,0.0,True,1.0,0.6594207341257936,0.6584687310792087,0.6589447326025011,0.3646940826185492,-0.061620370370370325,-0.0643981481481481,0.3266680141073796,0.22009433806761175,0.19521550446456004,1.8068424030113002,0.0009520030465849372,0.002777777777777768,0.00748816799671266,0.6802165434232482,0.11533825981195824,0.10813544942246175,0.0,0.9999999987499999,0.6304146411533363,0.2919800279484837,0.28799446709651827,0.4220588747103181,angry,05,16,16,female,strong,1833
10,0.33366666666666667,True,1.0,0.63285543552643,0.6180768161898447,0.6254661258581373,0.3346474173376343,-0.0637962962962963,-0.06597222222222221,0.3287625154278496,0.25783380467219896,0.1931124547695311,1.8690301895474921,0.014778619336585308,0.0021759259259259145,0.0058705263258985105,0.770151569354493,0.11445561359905625,0.10819233972866765,0.0,0.9999999987499999,0.6380365214914091,0.2863819584399199,0.2842760823842797,0.42023030749300017,angry,05,16,16,female,strong,1833
20,0.6673333333333333,True,1.0,0.6118718191098581,0.6440598137697271,0.6279658164397925,1.4088048717456076,-0.06856481481481475,-0.06875000000000003,0.31285204741377165,0.6722605514553184,0.17573786330129443,0.44574364344843515,0.03218799465986899,0.00018518518518528815,0.005193671280504254,0.21211933486559637,0.10924116222237623,0.11379036088715,0.0,0.9999999987499999,0.6476781398809525,0.2839747174808224,0.28582381858508005,0.4309892046337946,angry,05,16,16,female,strong,1833
30,1.0010000000000001,True,1.0,0.5129414255342607,0.5335116623022935,0.523226543918277,0.9514256599309824,-0.056111111111111056,-0.05865740740740738,0.4341332552095094,0.3770096138677315,0.17849316768879114,0.5499394918108815,0.020570236768032824,0.0025462962962963243,0.014357558203095873,0.3232613384654378,0.11108589943435315,0.11300630241992152,0.0,0.9999999987499999,0.6324374468928197,0.2895180833958382,0.32727832407740126,0.46932901662362947,angry,05,16,16,female,strong,1833
40,1.3346666666666667,True,1.0,0.592356794224474,0.6316663464158059,0.6120115703201399,0.9887291681807119,-0.061342592592592504,-0.06143518518518515,0.33789828843386827,0.45745558313293805,0.1815128919158103,0.6189880808778581,0.03930955219133192,9.259259259264407e-05,0.004800626280878275,0.2942117279569663,0.11467670754702858,0.1105734227527891,0.0,0.9999999987499999,0.6318883010469812,0.28550721318893013,0.2965612299810936,0.4323848267525525,angry,05,16,16,female,strong,1833
50,1.6683333333333334,True,1.0,0.5689061620841098,0.5866317678076324,0.577768964945871,1.7091582154972385,-0.06143518518518526,-0.0627314814814815,0.3056204754331584,0.7312262527122958,0.18125168372062778,0.3380429966676801,0.017725605723522553,0.0012962962962962399,0.002769075715024532,0.1679216489657052,0.11077196785427297,0.11364981510161208,0.0,0.9999999987499999,0.6279366589291967,0.29133514858704296,0.30546866877021245,0.4418465692327372,angry,05,16,16,female,strong,1833
60,2.0020000000000002,True,1.0,0.6155275451087097,0.6247540151011987,0.6201407801049541,0.20622933215900258,-0.05921296296296302,-0.05833333333333346,0.36519719117753724,0.10311466607950075,0.19584307274374055,3.007044505321999,0.009226469992488995,0.0008796296296295636,0.013271502266952843,1.126973577527193,0.11449856211623946,0.11006767262241247,0.0,0.9999999987499999,0.6165194957045319,0.2949043582028066,0.3000090766296962,0.426404842596024,angry,05,16,16,female,strong,1833
70,2.3356666666666666,True,1.0,0.5572575554782631,0.5924497537315706,0.5748536546049168,0.8889353752766412,-0.06013888888888885,-0.058101851851851904,0.3126054060513329,0.3878787878787888,0.19791666666666663,0.6466765420669859,0.03519219825330755,0.0020370370370369484,0.025381386136426796,0.3170288748273501,0.1127756796242882,0.10748888631012847,0.0,0.9999999987499999,0.6146198232027186,0.2967011474060635,0.3027218013300053,0.41625379692017117,angry,05,16,16,female,strong,1833
80,2.6693333333333333,True,1.0,0.5936411030616061,0.6156869326164842,0.6046640178390452,0.7039501818404151,-0.0627314814814815,-0.05976851851851861,0.3085818089070332,0.29595487032315143,0.19306187851855733,0.858958536324552,0.022045829554878105,0.0029629629629628895,0.028523255470990147,0.38416414653019165,0.11809547676625134,0.10920640438560279,0.0,0.9999999987499999,0.6093141835796818,0.27946825618590543,0.2934744366373493,0.4157235161345484,angry,05,16,16,female,strong,1833
90,3.003,True,1.0,0.6172386402987172,0.6298925224528406,0.6235655813757789,0.513919969484175,-0.06240740740740741,-0.05944444444444452,0.3160360681981585,0.2801572326494042,0.19307491897578208,1.2133515302035374,0.01265388215412333,0.0029629629629628895,0.02999233045390824,0.5119633041079619,0.11997220409442196,0.10660646694315543,0.0,0.9999999987499999,0.6080408326455582,0.28024775832675364,0.2967634364482856,0.4148801697978112,angry,05,16,16,female,strong,1833
100,3.336666666666667,True,1.0,0.6307538813166593,0.6450978296273681,0.6379258554720137,0.497592108156148,-0.06125000000000014,-0.05842592592592594,0.31725474052184066,0.25653130096436577,0.19376417538869897,1.2820256692492156,0.014343948310708732,0.002824074074074201,0.0313261891043371,0.510643695257789,0.11975903979557327,0.10737948025118933,0.0,0.9999999987499999,0.6096787050367023,0.2804641844210821,0.29597247298473695,0.41370767292970073,angry,05,16,16,female,strong,1833
110,3.6703333333333332,True,1.0,0.6303039625717785,0.6412705264300973,0.6357872445009378,0.4816452638035031,-0.06263888888888886,-0.06000000000000005,0.3160179688607143,0.26395429282790395,0.19312233139743268,1.3200321736378997,0.010966563858318845,0.002638888888888802,0.03648926632642791,0.5449510667740817,0.11877310095555652,0.10864453427904759,0.0,0.9999999987499999,0.6109076620804573,0.2803065906571327,0.2910187848663033,0.41431151631171415,angry,05,16,16,female,strong,1833
0,0.0,True,1.0,0.60583929828973,0.6181192860292166,0.6119792921594733,0.35893479920514487,-0.06560185185185197,-0.06703703703703712,0.3101437571124849,0.3261977573904181,0.18065060453086212,1.7049873501111936,0.012279987739486575,0.0014351851851851505,0.00597985572378388,0.6916097098836437,0.11349583666215042,0.11006763674151147,0.0,0.9999999987499999,0.6351062862488746,0.2827701345113356,0.28022086741867225,0.4277747362515585,angry,05,16,16,female,strong,1834
10,0.33366666666666667,True,1.0,0.6078694421816628,0.6268135708015353,0.617341506491599,0.42851744892154203,-0.06490740740740747,-0.06564814814814807,0.31820566611832396,0.29361380759438904,0.18683169220295504,1.4406449680060265,0.01894412861987249,0.0007407407407405975,0.005727823237705088,0.5624999999999994,0.1134328806490818,0.10697336177692045,0.0,0.9999999987499999,0.6322606331282513,0.28768342361107596,0.28731650150748766,0.41968582619610706,angry,05,16,16,female,strong,1834
20,0.6673333333333333,True,1.0,0.5948956263945803,0.602750013278449,0.5988228198365146,1.3171170518016566,-0.06337962962962962,-0.06462962962962976,0.2944945931297654,0.5982905982905986,0.1847370903386176,0.45464662310566667,0.007854386883868747,0.0012500000000001399,0.017713526524415966,0.22668195765967014,0.11123747914591817,0.11268815699080355,0.0,0.9999999987499999,0.6365008664168792,0.2892908889994334,0.2982065041147273,0.4418895993299462,angry,05,16,16,female,strong,1834
30,1.0010000000000001,True,1.0,0.1557569616325221,0.16055239237403715,0.15815467700327962,1.2189110883743906,-0.08245370370370364,-0.08023148148148157,0.31824302348931466,0.545902476887041,0.18761755754830256,0.12975079028463327,0.004795430741515061,0.00222222222222207,0.030236002667825522,0.22673634155514277,0.11266000605962345,0.11075111143806651,0.0,0.9999999987499999,0.6239541993359844,0.28694846112247174,0.29197739266910655,0.43377318705991563,angry,05,16,16,female,strong,1834
40,1.3346666666666667,True,1.0,0.4608029435575982,0.4509042162868021,0.45585357992220016,0.6025175476259238,-0.06662037037037033,-0.06365740740740744,0.3925173466020151,0.3010727740263487,0.18019336335274247,0.7565814169535512,0.009898727270796104,0.0029629629629628895,0.04523447054674289,0.43382594858085155,0.11644803128016515,0.10992639681622678,0.0,0.9999999987499999,0.6250386756499475,0.28935232201665856,0.31002211104080074,0.43828563917596675,angry,05,16,16,female,strong,1834
50,1.6683333333333334,True,1.0,0.2522574229406574,0.28971626911030524,0.2709868460254813,0.6479212310032977,-0.07606481481481481,-0.07194444444444437,0.41134268893783,0.24759908578642312,0.18468991206567598,0.41824041728940053,0.03745884616964784,0.004120370370370441,0.04986780861610269,0.38581826658093377,0.10362117406410562,0.1083696514026034,0.0,0.9999999987499999,0.6354279343612446,0.29903387556701094,0.2704164370695695,0.3989606413058456,angry,05,16,16,female,strong,1834
60,2.0020000000000002,True,1.0,0.6591778167176875,0.674046802956449,0.6666123098370682,0.2064405245785443,-0.06541666666666673,-0.058796296296296346,0.36666861864982064,0.11624963471217185,0.19517798222610205,3.2290768064941755,0.014868986238761539,0.0066203703703703876,0.043913819262475555,1.0887749619298424,0.11258557983530301,0.10715591428129685,0.0,0.9999999987499999,0.612204587170806,0.2927767955132619,0.3072542342721692,0.41937490528283006,angry,05,16,16,female,strong,1834
70,2.3356666666666666,True,1.0,0.5339689656211544,0.5584549626331069,0.5462119641271306,0.844518912153419,-0.06245370370370362,-0.05717592592592602,0.3186248380553764,0.36820936321205616,0.19940352799112815,0.6467729215611732,0.02448599701195253,0.005277777777777604,0.048930482100298565,0.3188573099640168,0.11970074897857456,0.10637521986327698,0.0,0.9999999987499999,0.6019197843746874,0.286004937131366,0.3108734449493115,0.42339745107773935,angry,05,16,16,female,strong,1834
80,2.6693333333333333,True,1.0,0.591605139273386,0.6206656647126741,0.6061354019930301,0.8125446322485289,-0.06111111111111123,-0.05689814814814809,0.29029258061873114,0.281828970122512,0.19812048338974203,0.7459718247300346,0.029060525439288165,0.0042129629629631404,0.042483920316096574,0.33344524230707395,0.11791663669768657,0.10852523874276936,0.0,0.9999999987499999,0.5978476943668092,0.28994603016417475,0.301879455534901,0.4156863788201251,angry,05,16,16,female,strong,1834
90,3.003,True,1.0,0.6102716354329624,0.6451612903225811,0.6277164628777717,0.4609892773466544,-0.06277777777777782,-0.058657407407407325,0.3199078713841442,0.19944673840652977,0.19598910582145754,1.3616725891993837,0.034889654889618704,0.004120370370370496,0.04088653717910226,0.5252268676553838,0.11816464437388487,0.10807901520068654,0.0,0.9999999987499999,0.6089456272196379,0.28720296416811797,0.29823889661792774,0.4152163127450664,angry,05,16,16,female,strong,1834
100,3.336666666666667,True,1.0,0.6303376904638675,0.6737513003016027,0.6520444953827351,0.45966646655329124,-0.061435185185185315,-0.05814814814814828,0.3212328356637924,0.22201607528994838,0.193229756483389,1.418516561088192,0.043413609837735234,0.0032870370370370328,0.04012880574260151,0.5256876424673042,0.11812739650969967,0.10758979067589826,0.0,0.9999999987499999,0.6144711307569903,0.2856720867579157,0.2979781519718602,0.42047537848390004,angry,05,16,16,female,strong,1834
110,3.6703333333333332,True,1.0,0.6038908320605306,0.6162341768215097,0.6100625044410202,0.441472991143322,-0.06393518518518526,-0.058796296296296124,0.3264531548250331,0.22817647147153144,0.19389210073779597,1.381879563823569,0.012343344760979091,0.005138888888889137,0.04331165304204273,0.5470532235395652,0.11761912501310151,0.10867243504063841,0.0,0.9999999987499999,0.6156255768479266,0.2856565096946125,0.29584947861417604,0.4215866546744864,angry,05,16,16,female,strong,1834
0,0.0,True,1.0,0.6341100404654967,0.6214113870394118,0.6277607137524542,0.41577843828927047,-0.06791666666666663,-0.06935185185185189,0.3204314454014489,0.29969964729769544,0.1896513317414181,1.5098443207766845,0.012698653426084894,0.0014351851851852615,0.009546229468272374,0.604122061085051,0.1102450733942117,0.11315524487007943,0.0,0.9999999987499999,0.6453786487407464,0.2913539420902749,0.28634123184515936,0.4351151692298456,angry,05,16,16,female,strong,1835
10,0.33366666666666667,True,1.0,0.5943246368385168,0.5557291483635997,0.5750268926010582,0.4012600107215969,-0.06587962962962973,-0.06578703703703703,0.3225482136977112,0.2777304028701322,0.19240909594576572,1.4330530759020106,0.03859548847491712,9.259259259269959e-05,0.005502595211999537,0.6284345841142066,0.11351225692558328,0.10987744617454769,0.0,0.9999999987499999,0.6401127823629452,0.2928696231010859,0.2919439478931918,0.4355648075636737,angry,05,16,16,female,strong,1835
20,0.6673333333333333,True,1.0,0.5391825286563274,0.5565614592558579,0.5478719939560927,1.6298083802433005,-0.06685185185185183,-0.06736111111111115,0.2996439295142632,0.6971836582065736,0.18057625937153515,0.3361573057283614,0.01737893059953044,0.0005092592592593204,0.010346375211739842,0.18091922834071458,0.10845589750846449,0.11303212163899906,0.0,0.9999999987499999,0.6494010105761054,0.2932510119512135,0.3054990987288798,0.4492426858719278,angry,05,16,16,female,strong,1835
30,1.0010000000000001,True,1.0,0.518428830164466,0.5034827446740652,0.5109557874192656,1.314547041881257,-0.06259259259259259,-0.0639351851851852,0.30071907299377165,0.4865401437450057,0.1868202578696493,0.38869342149067054,0.014946085490400773,0.0013425925925926174,0.010292638366697204,0.21184499677966215,0.10570811809124686,0.11477898874898627,0.0,0.9999999987499999,0.6421078128517032,0.29225452644223876,0.29621359885938103,0.44843147811878153,angry,05,16,16,female,strong,1835
40,1.3346666666666667,True,1.0,0.5058036512174526,0.5055460690101984,0.5056748601138255,0.8026660497023148,-0.059259259259259234,-0.06134259259259256,0.3846737171131028,0.4276499445135288,0.17917347976387138,0.6299940807280504,0.00025758220725424774,0.002083333333333326,0.007902706921385111,0.3415821340073929,0.11145797371133684,0.11161988107343451,0.0,0.9999999987499999,0.6463940194906088,0.29435748345913487,0.31157248940374366,0.4576970039281454,angry,05,16,16,female,strong,1835
50,1.6683333333333334,True,1.0,0.2668097370805819,0.2713996353951761,0.269104686237879,0.7724495966387941,-0.06754629629629627,-0.06865740740740744,0.367534856910511,0.37937504042564013,0.1819511535287631,0.34837831155437227,0.004589898314594165,0.0011111111111111738,0.0018054836138395142,0.40084807004613854,0.11077430162651576,0.11195858144414125,0.0,0.9999999987499999,0.6430734716542867,0.29186341639233976,0.3058454254882358,0.4474353969537419,angry,05,16,16,female,strong,1835
60,2.0020000000000002,True,1.0,0.49238298708152617,0.48421879313176397,0.48830089010664507,0.7011812504338852,-0.049814814814814756,-0.05268518518518528,0.43917126232352216,0.18657397569368192,0.19379764094220972,0.6963975288906947,0.0081641939497622,0.002870370370370523,0.015232897473689644,0.3913879362912449,0.11189315355829255,0.11405948908146639,0.0,0.9999999987499999,0.609943813048657,0.2981854846385321,0.3332917464010842,0.4728721189317991,angry,05,16,16,female,strong,1835
70,2.3356666666666666,True,1.0,0.5954035210000422,0.5965193941759062,0.5959614575879741,0.28961309130073865,-0.06194444444444441,-0.0652314814814815,0.3560550339545444,0.20201136551232057,0.18578662325189152,2.0577849395941796,0.001115873175863924,0.0032870370370370883,0.0005946008946094033,0.8188229134254262,0.10975633424226221,0.10830701902656022,0.0,0.9999999987499999,0.6331140417182498,0.2959077148938135,0.3003674249187475,0.431662870865973,angry,05,16,16,female,strong,1835
80,2.6693333333333333,True,1.0,0.5785802576378911,0.5476106007799759,0.5630954292089335,0.8474035626621125,-0.05453703703703716,-0.05759259259259264,0.301404671368256,0.315680166147456,0.2104398708327656,0.6644949986284847,0.030969656857915195,0.003055555555555478,0.00817374390601382,0.38650355998950736,0.11280068243542643,0.11112337078820106,0.0,0.9818771359906493,0.6062385132803121,0.2895890518830056,0.2827783104993011,0.4077426240402,angry,05,16,16,female,strong,1835
90,3.003,True,1.0,0.6379631549738572,0.641368585919191,0.6396658704465241,0.6842581172769403,-0.05736111111111114,-0.0588425925925925,0.3055926862204002,0.25250118461561327,0.19168617038730704,0.934831249049884,0.003405430945333743,0.0014814814814813615,0.008266272806799368,0.3623576514149993,0.11421681967973145,0.1107047391942788,0.0,0.9999999987499999,0.6182862894376501,0.29007337334747185,0.2886717880987184,0.4214043039086679,angry,05,16,16,female,strong,1835
100,3.336666666666667,True,1.0,0.6301161811649924,0.6534498632467198,0.641783022205856,0.4717429339098383,-0.060416666666666674,-0.060092592592592586,0.3195875328052898,0.23587146695491853,0.19105050873278595,1.3604507371985706,0.02333368208172748,0.0003240740740740877,0.019177288452138074,0.5249999999999999,0.11716221122784488,0.10775964637182943,0.0,0.9999999987499999,0.6245378402923669,0.28840297452475705,0.2904523392191773,0.4248001202560675,angry,05,16,16,female,strong,1835
110,3.6703333333333332,True,1.0,0.6439408574733005,0.6586132884269706,0.6512770729501356,0.4395090214397789,-0.059444444444444355,-0.059907407407407465,0.3178575800410568,0.22741939655802715,0.19523895220162935,1.4818286796858684,0.014672430953670101,0.00046296296296310935,0.02554418800047887,0.5832123947375362,0.1169576204243624,0.10920974216101882,0.0,0.9999999987499999,0.6238851224239697,0.2890486298396725,0.29230414662349424,0.4231819369413469,angry,05,16,16,female,strong,1835
120,4.0040000000000004,True,1.0,0.6344755558119846,0.6594327629123604,0.6469541593621725,0.38521105456950716,-0.060833333333333295,-0.06078703703703714,0.3246198958905454,0.23089297183872481,0.19319816707044563,1.6794797337401868,0.024957207100375856,4.6296296296155504e-05,0.02757037620076119,0.6306303737505026,0.11493887501789565,0.10873522223838789,0.0,0.9999999987499999,0.624349648898622,0.2887276224922337,0.28802021218730794,0.4268130818407747,angry,05,16,16,female,strong,1835
0,0.0,True,1.0,0.6369755969938141,0.5720195695268481,0.6044975832603311,0.6456700093964177,-0.07092592592592606,-0.0702314814814815,0.3139291795506874,0.3149313426096182,0.18888929279757935,0.9362330206809896,0.06495602746696605,0.000694444444444553,0.026378217080849493,0.3871946913465971,0.11175130990416166,0.11200865269965084,0.0,0.9999999987499999,0.6448044065907613,0.2805872169624768,0.2850786491818713,0.42704773231700033,fearful,06,16,16,female,normal,1836
10,0.33366666666666667,True,1.0,0.6367575888524936,0.6064940743851128,0.6216258316188032,0.6515771695347752,-0.07175925925925919,-0.07152777777777769,0.3175141256447831,0.36538137803249504,0.18680718920315206,0.9540325546744415,0.030263514467380737,0.00023148148148149916,0.02126740865294594,0.39846277319081014,0.1131147228740244,0.1106316094704639,0.0,0.9999999987499999,0.6433060085127801,0.28078458625617336,0.2861916601499196,0.42416710023518156,fearful,06,16,16,female,normal,1836
20,0.6673333333333333,True,1.0,0.6175356516118582,0.565330600048284,0.5914331258300711,0.7027678385661089,-0.07842592592592595,-0.0729629629629629,0.33568686987345586,0.373705639917722,0.18333499792094687,0.8415768243418774,0.052205051563574245,0.005462962962963058,0.012028731905628354,0.376353534693283,0.10629582509973297,0.11490011246736082,0.0,0.9999999987499999,0.6584474556306897,0.29127166340968197,0.28729217021366527,0.43172065968103923,fearful,06,16,16,female,normal,1836
30,1.0010000000000001,True,1.0,0.5389332854944231,0.5076326235854288,0.523282954539926,0.5590588494296722,-0.07490740740740742,-0.06995370370370368,0.4351619718694053,0.156848062959748,0.187579735650103,0.9360069249842959,0.031300661908994276,0.004953703703703738,0.02046560209032428,0.4254291700656957,0.12031255561207639,0.10940305556718233,0.0,0.9999999987499999,0.6051794183454632,0.2697884553743985,0.31494987888775616,0.38401979775432127,fearful,06,16,16,female,normal,1836
40,1.3346666666666667,True,1.0,0.49523599207595426,0.45608705521174214,0.47566152364384817,0.5110990267819073,-0.07708333333333328,-0.07296296296296295,0.3828423379599041,0.20913853131571286,0.19887061842024992,0.9306641154040374,0.039148936864212114,0.00412037037037033,0.02579290153251309,0.48562568401622425,0.11198571163399054,0.11143287683536322,0.0,0.9999999987499999,0.6417336996126576,0.286170317407362,0.30965107073895687,0.4264773384371554,fearful,06,16,16,female,normal,1836
50,1.6683333333333334,True,1.0,0.5000000000000006,0.5013830276602845,0.5006915138301425,0.7412595813947045,-0.06842592592592595,-0.06444444444444453,0.39184278325077115,0.23843995324152542,0.19343496192197215,0.6754604276251982,0.0013830276602839753,0.003981481481481419,0.017490286360104558,0.34945540550197024,0.10975544346323315,0.11329439697032441,0.0,0.9999999987499999,0.6308867266359669,0.28633632803528664,0.30695076729018883,0.43225923151049217,fearful,06,16,16,female,normal,1836
60,2.0020000000000002,True,1.0,0.5538553684019142,0.570413483751,0.5621344260764571,0.635862665706903,-0.06157407407407406,-0.06069444444444444,0.37911834790926896,0.18785425101214606,0.19475181868613867,0.8840500573367042,0.0165581153490858,0.0008796296296296191,0.02616801503926905,0.3868853896544199,0.11162968650255405,0.11076224562597638,0.0,0.9999999987499999,0.6293156836250126,0.2874839114980392,0.3047166562546558,0.42120029530301456,fearful,06,16,16,female,normal,1836
70,2.3356666666666666,True,1.0,0.5733544329747339,0.5759072581450886,0.5746308455599112,0.8478445369094394,-0.06495370370370368,-0.06310185185185174,0.27925317994105314,0.3787156795975263,0.1905698540911311,0.6777549663226633,0.002552825170354711,0.0018518518518519378,0.007109477928838657,0.2784559156634727,0.11459614760042196,0.1078669961935842,0.0,0.9999999987499999,0.6312119657784989,0.28657414936936215,0.29790206778356665,0.42069369837823267,fearful,06,16,16,female,normal,1836
80,2.6693333333333333,True,1.0,0.583631050320219,0.6017541256829756,0.5926925880015973,0.620033620293193,-0.06736111111111098,-0.0633333333333333,0.3333776569579683,0.29483134007658823,0.18607385873028426,0.9559039519846246,0.01812307536275659,0.004027777777777686,0.008723747518165726,0.42535197972926003,0.11339285188437118,0.1094798380951945,0.0,0.9999999987499999,0.625455153342587,0.28753735548308296,0.29243380728989316,0.41816129454120726,fearful,06,16,16,female,normal,1836
90,3.003,True,1.0,0.5473443682057937,0.5694590722636599,0.5584017202347268,0.6371134512835097,-0.07032407407407404,-0.0635648148148148,0.3436290830221756,0.3183227017409911,0.1911993598735345,0.876455706765863,0.022114704057866197,0.006759259259259243,0.0011862789649813728,0.4063012924061921,0.11549309680548252,0.10726191494783377,0.0,0.9999999987499999,0.6145003443408613,0.28606049156640967,0.3031942950254219,0.42104657429756653,fearful,06,16,16,female,normal,1836
100,3.336666666666667,True,1.0,0.6260164155075386,0.6637647534003468,0.6448905844539428,0.5385473128552978,-0.0722222222222223,-0.06740740740740742,0.3286253827150214,0.33043807266156183,0.19135890460676075,1.1974631922956385,0.03774833789280818,0.004814814814814883,0.00753554758391069,0.48495395299593036,0.11003515176439449,0.1040713303807432,0.0,0.8714112867425838,0.6345260958055097,0.28897924448431833,0.286504516243621,0.4024547847153484,fearful,06,16,16,female,normal,1836
110,3.6703333333333332,True,1.0,0.5971189212762762,0.6259319370923264,0.6115254291843013,0.5140026222528479,-0.07189814814814821,-0.06597222222222215,0.3376629906167142,0.29463437823582067,0.1940020903399106,1.1897321194666592,0.028813015816050225,0.005925925925926057,0.024350150585720248,0.5159476569799807,0.10938597289071451,0.10637772743082434,0.0,0.9999999987499999,0.6288233849789917,0.2906170341484752,0.2806799299064821,0.397861070279807,fearful,06,16,16,female,normal,1836
0,0.0,True,1.0,0.6056495506162317,0.6022582320394458,0.6039538913278388,0.5175516989573339,-0.0703240740740741,-0.06800925925925927,0.3178019521709883,0.28193255074963214,0.19620736838186037,1.166944080262072,0.0033913185767858733,0.002314814814814825,0.014035204376820893,0.49736976919562853,0.11032238325313323,0.11086796690280142,0.0,0.9999999987499999,0.634434495970263,0.2877087351878125,0.2865327089408578,0.42078918785755887,fearful,06,16,16,female,normal,1837
10,0.33366666666666667,True,1.0,0.6431857985025531,0.6685566422347208,0.655871220368637,0.6005233685438824,-0.07083333333333341,-0.06939814814814821,0.3169484802707884,0.31603030875998506,0.19492450369649336,1.092166025044053,0.02537084373216769,0.001435185185185206,0.010934303616448215,0.4324433624897991,0.11394323177615603,0.10820488875275386,0.0,0.9999999987499999,0.6348103888117747,0.28665089572982544,0.29190371773714124,0.42091254652561744,fearful,06,16,16,female,normal,1837
20,0.6673333333333333,True,1.0,0.5504935908174315,0.5587279404999532,0.5546107656586924,0.6590397046200631,-0.07050925925925927,-0.06791666666666657,0.34961625799014784,0.27918772842900186,0.19492450369649336,0.8415437822193519,0.00823434968252168,0.002592592592592702,0.013565675196047252,0.43263854115871314,0.11316963908584587,0.10971055827417296,0.0,0.9999999987499999,0.6305352869507178,0.28741722696050453,0.2905101700535585,0.41964989835784955,fearful,06,16,16,female,normal,1837
30,1.0010000000000001,True,1.0,0.611075121065484,0.6246156555239084,0.6178453882946962,0.6276675785609954,-0.06578703703703687,-0.06638888888888894,0.3383026596743348,0.2772466179401444,0.19274188447452686,0.9843512862512067,0.013540534458424403,0.0006018518518520755,0.012993765121425695,0.4080422474764271,0.11248425583738711,0.11075772610253952,0.0,0.9999999987499999,0.6327298684395635,0.2867103341173798,0.28457375447780936,0.4180507814902378,fearful,06,16,16,female,normal,1837
40,1.3346666666666667,True,1.0,0.5928615335033981,0.606884507747343,0.5998730206253706,0.5192909281087369,-0.06337962962962962,-0.06231481481481477,0.3556187487856211,0.19628441977070615,0.1893282349745268,1.1551771620777482,0.014022974243944941,0.0010648148148148517,0.016602283512199396,0.45879619105314073,0.11539819321701525,0.10842349604847486,0.0,0.9999999987499999,0.6298729735566101,0.28648324495141314,0.2980498333293546,0.4232474103324552,fearful,06,16,16,female,normal,1837
50,1.6683333333333334,True,1.0,0.5869626089859058,0.5766377337740511,0.5818001713799785,0.5399785869433894,-0.061712962962963025,-0.06064814814814806,0.39249055525341775,0.10919327991534793,0.18727708666033402,1.0774504497915833,0.010324875211854656,0.0010648148148149628,0.0149496580018669,0.43413276510215204,0.11302419644342236,0.11037942139993277,0.0,0.9999999987499999,0.627882722370198,0.2875950128979969,0.29027686519261336,0.41821866289780035,fearful,06,16,16,female,normal,1837
60,2.0020000000000002,True,1.0,0.6111111111111114,0.6101313727300681,0.6106212419205898,0.44210119462267833,-0.062962962962963,-0.0622685185185185,0.3683594215667633,0.15848882753065474,0.19143349044003855,1.3811798053197726,0.0009797383810432603,0.0006944444444444975,0.012304784374087788,0.5342931564620788,0.11042955142468397,0.11144713677037782,0.0,0.9999999987499999,0.6323162018088486,0.2852979886146069,0.28742171516684606,0.42065788805214305,fearful,06,16,16,female,normal,1837
70,2.3356666666666666,True,1.0,0.6248544950849786,0.6494782023159701,0.6371663487004744,0.7443620004387241,-0.06398148148148136,-0.06430555555555562,0.29510597841719854,0.3463524752450884,0.183933270577059,0.8559898924514295,0.0246237072309915,0.00032407407407425426,0.009958071883396646,0.32239716659172246,0.11521552731093399,0.10667069108662343,0.0,0.9999999987499999,0.6316540809761405,0.2825095906848967,0.2889152727754584,0.41689061433912006,fearful,06,16,16,female,normal,1837
80,2.6693333333333333,True,1.0,0.5699725129419303,0.6287033517800098,0.59933793236097,0.6743311086472704,-0.06578703703703709,-0.06541666666666668,0.32052377419495726,0.3762421060817,0.18376496235903586,0.8887887933321968,0.0587308388380795,0.00037037037037040976,0.0012724667403505305,0.3690940799933878,0.10470995556311233,0.1069623595964508,0.0,0.9999999987499999,0.649213627521321,0.29350898573789497,0.28220314210832875,0.41379792443050395,fearful,06,16,16,female,normal,1837
90,3.003,True,1.0,0.6203311636778515,0.6900030886739655,0.6551671261759084,0.6077623987140692,-0.0675925925925927,-0.06689814814814815,0.32888325232701543,0.3504863634706588,0.18587877438664616,1.0779987830147773,0.06967192499611408,0.000694444444444553,0.013063976792571118,0.40691987220669923,0.10383541509378463,0.10656735008432873,0.0,0.9999999987499999,0.6494202155940502,0.2927983995057792,0.2791788973157884,0.41354844201168256,fearful,06,16,16,female,normal,1837
100,3.336666666666667,True,1.0,0.5734410643999222,0.6503557909580746,0.6118984276789984,0.5460866574538101,-0.06759259259259265,-0.06800925925925927,0.32554799440354704,0.34527225535133904,0.18630310580953435,1.1205152503304932,0.07691472655815246,0.0004166666666666208,0.025502986893341517,0.46689129403829976,0.10530563026578467,0.10493337800060883,0.0,0.9999999987499999,0.650774986971351,0.2931142773196391,0.28167188950597605,0.4126229445909307,fearful,06,16,16,female,normal,1837
0,0.0,True,1.0,0.5784708328797504,0.6220358412427642,0.6002533370612573,0.5882917786330937,-0.07249999999999995,-0.06925925925925924,0.329932726271927,0.29401706873095457,0.19296342464193014,1.0203326969075728,0.0435650083630138,0.0032407407407407107,0.007168028574942155,0.44466316648939674,0.10599172708338145,0.1094123295284736,0.0,0.9999999987499999,0.6455269770408164,0.29680736759634446,0.2871952665007083,0.4264166610837732,fearful,06,16,16,female,normal,1838
10,0.33366666666666667,True,1.0,0.621071082517648,0.6976778264203591,0.6593744544690036,0.7071620217460776,-0.0731018518518518,-0.07115740740740745,0.3238031888897639,0.33783990656690605,0.19447672742455746,0.9324234534554329,0.07660674390271116,0.0019444444444443598,0.008752171888363084,0.36518587189171803,0.10905263057451915,0.10743114777910363,0.0,0.9999999987499999,0.640153984773597,0.2967040204612572,0.29120952610907874,0.4180733767224007,fearful,06,16,16,female,normal,1838
20,0.6673333333333333,True,1.0,0.6152485908014512,0.6537094238146752,0.6344790073080633,0.5637642299230934,-0.07518518518518519,-0.07148148148148153,0.35400596676694807,0.2814141742101078,0.18468045150408244,1.1254332460834142,0.038460833013224005,0.0037037037037036535,0.011124674253157605,0.4387471692340286,0.10784513417612546,0.10669681982183189,0.0,0.9999999987499999,0.6500945299213435,0.29231670356482414,0.29428684485783413,0.42664954563983754,fearful,06,16,16,female,normal,1838
30,1.0010000000000001,True,1.0,0.5880164986677858,0.6465429761819761,0.617279737424881,0.7804227628610253,-0.07101851851851848,-0.0700925925925926,0.3308087913559226,0.3586315401224908,0.19351419420022845,0.7909555779254016,0.05852647751419027,0.0009259259259258856,0.001750778341393016,0.342445295951111,0.10564227295963945,0.10817614662675319,0.0,0.9999999987499999,0.6418502321631777,0.2948880905503075,0.28352122738854374,0.41709210846809464,fearful,06,16,16,female,normal,1838
40,1.3346666666666667,True,1.0,0.6556107122545405,0.6706619549507332,0.6631363336026368,0.44816388839611193,-0.06814814814814818,-0.06671296296296303,0.37679813481529595,0.12178501114009303,0.20058915758178736,1.4796737326960185,0.015051242696192735,0.0014351851851851505,0.011235939802552457,0.5733332140765581,0.10908884266900394,0.1046995364890031,0.0,0.7437906922881585,0.6317724791166467,0.2956986329120728,0.293621067564201,0.4091939384218438,fearful,06,16,16,female,normal,1838
50,1.6683333333333334,True,1.0,0.6665011186374549,0.6673110188008741,0.6669060687191645,0.4487742421290991,-0.062268518518518556,-0.06087962962962956,0.412401427352097,0.06835444754957645,0.20490849925664836,1.4860613781111691,0.0008099001634191971,0.001388888888888995,0.0033908245584570325,0.5402457891420367,0.1115425469472653,0.10502519658167571,0.0,0.9999999987499999,0.6176639454531813,0.29200181973333145,0.2893600008671198,0.3992158550080034,fearful,06,16,16,female,normal,1838
60,2.0020000000000002,True,1.0,0.6257960538334465,0.624823239648537,0.6253096467409918,0.5607316282448399,-0.05944444444444441,-0.058055555555555693,0.3503898088087754,0.08844940202297612,0.20249056979761737,1.1151674263466984,0.0009728141849094651,0.0013888888888887174,0.010376441313013445,0.4430936741982993,0.10896055284945784,0.10699165308020904,0.0,0.9999999987499999,0.6164978450677145,0.29294131503451865,0.27393871290843536,0.383700384661928,fearful,06,16,16,female,normal,1838
70,2.3356666666666666,True,1.0,0.6252405914053222,0.693176385518107,0.6592084884617146,0.710789278889945,-0.06555555555555548,-0.06532407407407409,0.28613515729186617,0.2914846109646913,0.19862814995415454,0.9274316707354039,0.06793579411278483,0.00023148148148138814,0.006011241795119289,0.36405395692321524,0.10991355871057511,0.10492855584842328,0.0,0.9999999987499999,0.6278857488073355,0.2883006516341626,0.2703969773449363,0.39028261261551506,fearful,06,16,16,female,normal,1838
80,2.6693333333333333,True,1.0,0.6152339856338005,0.6449829417854331,0.6301084637096168,0.625767452159686,-0.06754629629629622,-0.06675925925925924,0.3268428947743433,0.28930304762671505,0.1925439631915313,1.006937100251777,0.029748956151632644,0.000787037037036975,0.006122402986852886,0.39675501904222477,0.1068500864151658,0.10554902172908605,0.0,0.9999999987499999,0.6460347285007755,0.29125374348408833,0.28546103842296033,0.41084505370357594,fearful,06,16,16,female,normal,1838
90,3.003,True,1.0,0.6596717598259825,0.6836104165811281,0.6716410882035553,0.5458343338604246,-0.06708333333333333,-0.06611111111111106,0.32368128455063155,0.2726005049216239,0.2003379697699831,1.2304852343262467,0.023938656755145615,0.0009722222222222632,0.002933122602719134,0.44179996413220707,0.10804655735758605,0.10595477302218732,0.0,0.9999999987499999,0.6324884984697005,0.2872276198092102,0.2700440483566616,0.39741481498979025,fearful,06,16,16,female,normal,1838
100,3.336666666666667,True,1.0,0.588235514634153,0.6213927598800947,0.6048141372571239,0.6040734083026466,-0.06967592592592592,-0.06884259259259268,0.32541376455901105,0.29401706873095496,0.19696609031380738,1.001226223409765,0.03315724524594166,0.0008333333333332416,0.0003559636288677427,0.43906590305790516,0.11755595277370225,0.10463347399836495,0.0,0.9999999987499999,0.6151825637051695,0.2849323134749528,0.2919077168243984,0.40560248327207793,fearful,06,16,16,female,normal,1838
0,0.0,True,1.0,0.6177015939359732,0.621768470707575,0.6197350323217741,0.6334087303148406,-0.0642592592592593,-0.06254629629629638,0.3261034242043317,0.20848294255828367,0.20157216352205917,0.9784125204806225,0.0040668767716017795,0.0017129629629629162,0.010421089343192524,0.425843387224196,0.11634743763488097,0.10758148166183312,0.0,0.9999999987499999,0.6258964872667816,0.28171852526826496,0.28705301798945715,0.4072791649225993,fearful,06,16,16,female,normal,1839
10,0.33366666666666667,True,1.0,0.5637005967285057,0.5446944976307879,0.5541975471796468,0.6233332554022355,-0.06731481481481483,-0.06624999999999998,0.32289325448355793,0.2570233332118154,0.19739274606235463,0.8890870852414643,0.019006099097717777,0.0010648148148148517,0.014530986500471176,0.42465970745568393,0.11469636727874427,0.11003481523482833,0.0,0.9999999987499999,0.6319131296424819,0.27978512612565126,0.2808715135118302,0.40851625012891607,fearful,06,16,16,female,normal,1839
20,0.6673333333333333,True,1.0,0.5834331927259084,0.5709858135988682,0.5772095031623883,0.5553082436736164,-0.06972222222222219,-0.06763888888888886,0.3263098652313468,0.26194127347523144,0.19063830102477278,1.0394398241666378,0.012447379127040192,0.002083333333333326,0.019062934870538114,0.46021878090300217,0.11279786962151657,0.11163937452430209,0.0,0.9999999987499999,0.6382885404083508,0.28559698959929425,0.28121668030914454,0.41574136768013803,fearful,06,16,16,female,normal,1839
30,1.0010000000000001,True,1.0,0.5469178668793193,0.544694497630786,0.5458061822550526,0.7396406476673661,-0.06856481481481475,-0.06550925925925927,0.36006500359900107,0.3208135570842908,0.19690049365393225,0.7379342711577346,0.00222336924853328,0.003055555555555478,0.012601071353010364,0.36847032455038603,0.11414911641271616,0.10973776339529577,0.0,0.9999999987499999,0.6328732092133729,0.2856376571750537,0.30054189438125845,0.42721597127285416,fearful,06,16,16,female,normal,1839
40,1.3346666666666667,True,1.0,0.6145641808360338,0.6150404305605364,0.6148023056982851,0.47287758723096035,-0.0628240740740742,-0.06013888888888885,0.3545509964686216,0.18561221522332277,0.20524211274901405,1.3001299327768872,0.0004762497245025532,0.002685185185185346,0.012878926530433,0.5733332140765589,0.11554249026310776,0.10966841850394964,0.0,0.9999999987499999,0.6215510425810951,0.2776630143162025,0.2913248418105358,0.4174846696253448,fearful,06,16,16,female,normal,1839
50,1.6683333333333334,True,1.0,0.5160429108050983,0.46282674248369016,0.48943482664439425,0.5496071392484931,-0.05856481481481479,-0.05638888888888888,0.45021912797914704,0.10070964355773009,0.19213364085853452,0.890517592827532,0.053216168321408186,0.0021759259259259145,0.02248301596904183,0.49070330942099616,0.1084630102147043,0.10872956798339305,0.0,0.9999999987499999,0.6209040481505104,0.29662804295531486,0.31126078126435586,0.43163719491779085,fearful,06,16,16,female,normal,1839
60,2.0020000000000002,True,1.0,0.6024426333915861,0.6070791708232444,0.6047609021074152,0.4877417198639291,-0.05902777777777768,-0.05805555555555558,0.36536161787592564,0.18608246842074105,0.19431777945947842,1.239920387118273,0.004636537431658261,0.0009722222222220966,0.01661382653343402,0.5482579201915899,0.10907605430227899,0.10722983810081559,0.0,0.9941521362603735,0.622542394145158,0.2951977377010065,0.2981075776911069,0.4054952308608753,fearful,06,16,16,female,normal,1839
70,2.3356666666666666,True,1.0,0.6401889254575315,0.6361396225741635,0.6381642740158475,0.8557510655712008,-0.05935185185185188,-0.05972222222222218,0.2865865273849136,0.3474342289526666,0.19873553263911464,0.7457358800831672,0.004049302883368022,0.00037037037037029874,0.009401051636943946,0.3285827153034722,0.11293947757637363,0.11029349984358112,0.0,0.9999999987499999,0.6195186515152935,0.2910674581858245,0.2946773954559972,0.41471222032826643,fearful,06,16,16,female,normal,1839
80,2.6693333333333333,True,1.0,0.6838508156154255,0.6686248672323322,0.6762378414238788,0.6716371154852298,-0.06333333333333346,-0.06282407407407409,0.3356051785072586,0.33539956998402115,0.19559033094289863,1.006850017416511,0.015225948383093324,0.0005092592592593759,0.015326102107839865,0.40501155359825786,0.11578287088426974,0.10818885455784892,0.0,0.9999999987499999,0.6191129491718562,0.2794224666858225,0.2891526950282799,0.4097939276892568,fearful,06,16,16,female,normal,1839
90,3.003,True,1.0,0.32578027063343223,0.30471622491748557,0.3152482477754589,0.6223569966922828,-0.07555555555555554,-0.07453703703703685,0.33483739561933434,0.28871851503454915,0.1967330334041851,0.5065392523116916,0.021064045715946667,0.0010185185185186962,0.01497484449000847,0.4288862549809351,0.1187961732737539,0.10685089648451918,0.0,0.9999999987499999,0.6211363448582559,0.2776030531726527,0.2924698312440804,0.40313912573082383,fearful,06,16,16,female,normal,1839
100,3.336666666666667,True,1.0,0.5833180321475817,0.5832806295856123,0.583299330866597,0.49150853331571204,-0.06708333333333333,-0.06578703703703709,0.33965586735787817,0.2672921867559385,0.19523895220162935,1.186753212465438,3.740256196937963e-05,0.0012962962962962399,0.014090512358784679,0.532378361480978,0.1190895690113643,0.10847332777840582,0.0,0.9999999987499999,0.6211086708667843,0.2774354325446939,0.29346838440533163,0.4083844454740731,fearful,06,16,16,female,normal,1839
0,0.0,True,1.0,0.6069096579558736,0.592489952315236,0.5996998051355549,0.592377278756404,-0.0798611111111111,-0.07527777777777783,0.3397909157240668,0.35398154462272896,0.18495996866272457,1.012361254629015,0.014419705640637548,0.004583333333333273,0.009006998063425297,0.42600366581721866,0.11196426704686262,0.11059642316631285,0.0,0.9999999987499999,0.6405095172600289,0.28364918446697923,0.28561260489934,0.41911573772533783,fearful,06,16,16,female,strong,1840
10,0.33366666666666667,True,1.0,0.6064605274202947,0.5921393519084283,0.5992999396643615,0.5961470727868935,-0.07759259259259271,-0.07277777777777783,0.33181487292475265,0.34264907325613575,0.18905038350114245,1.0052887400129784,0.014321175511866402,0.004814814814814883,0.005727276361773619,0.45259028929614176,0.11397354254542885,0.11026620963567761,0.0,0.9999999987499999,0.6371876465117295,0.2899277138560907,0.29357450200025526,0.42223694860014627,fearful,06,16,16,female,strong,1840
20,0.6673333333333333,True,1.0,0.5680648144400675,0.5513620283774162,0.5597134214087418,0.6406595978623854,-0.0817592592592592,-0.07555555555555554,0.33681789736879647,0.37244464484362705,0.18232144680689663,0.873651816465831,0.016702786062651298,0.006203703703703656,0.01035338406961813,0.3821684197594222,0.11278816976337631,0.11062058764731175,0.0,0.9999999987499999,0.6423794358837285,0.28579900931585206,0.28582610827567834,0.41428061106681835,fearful,06,16,16,female,strong,1840
30,1.0010000000000001,True,1.0,0.4886744286542386,0.4886628276806803,0.4886686281674595,0.6946816845108111,-0.07546296296296295,-0.07078703703703698,0.4523630990976913,0.25206073252794686,0.18220633440097017,0.7034425105241917,1.160097355829004e-05,0.004675925925925972,0.01615324003238649,0.39304556601292034,0.10894941484443915,0.11456969320978164,0.0,0.9999999987499999,0.6337439760044642,0.2883144935871434,0.3104057985723313,0.444951345005398,fearful,06,16,16,female,strong,1840
40,1.3346666666666667,True,1.0,0.4160837109114475,0.4312352106415921,0.42365946077651984,0.49572082302723175,-0.06819444444444434,-0.06893518518518527,0.38785684280830035,0.20964083751569296,0.1966989036523519,0.8546331747562008,0.015151499730144569,0.0007407407407409305,0.016876757042227113,0.521540128582979,0.11437100078621713,0.11054544476043521,0.0,0.9999999987499999,0.6287104104141656,0.28706726051429143,0.32054757718506216,0.4376546027292333,fearful,06,16,16,female,strong,1840
50,1.6683333333333334,True,1.0,0.43513727686927806,0.4025273761097808,0.4188323264895294,0.7929841052807363,-0.06777777777777777,-0.067037037037037,0.39977743096716123,0.3473680070705308,0.19169214051731784,0.5281724106452956,0.03260990075949727,0.000740740740740764,0.01810645815045422,0.3542663853925822,0.11270004377928726,0.11326228408135686,0.0,0.9999999987499999,0.628417091328719,0.2890761599839771,0.324154805974139,0.44676672328140576,fearful,06,16,16,female,strong,1840
60,2.0020000000000002,True,1.0,0.5137663958870532,0.5075405590547475,0.5106534774709004,0.6891307957857533,-0.06745370370370368,-0.06606481481481485,0.38594150551536455,0.28590940731597947,0.19100457921116565,0.7410109671396249,0.006225836832305709,0.0013888888888888284,0.010957997847741568,0.43096631931870516,0.10811510473093938,0.1160160743856362,0.0,0.9999999987499999,0.6242220287646308,0.2942803409853398,0.3244965639518562,0.4405991205600683,fearful,06,16,16,female,strong,1840
70,2.3356666666666666,True,1.0,0.4796358826615182,0.495443385243775,0.4875396339526466,0.624757594385446,-0.06574074074074077,-0.06569444444444444,0.33453893914421323,0.34928493451926645,0.19029742384669845,0.7803660785143776,0.015807502582256827,4.629629629632204e-05,0.010766022049631752,0.3909856835730607,0.11387957761817176,0.11105162303758617,0.0,0.9999999987499999,0.6206920644820428,0.29232649811373473,0.3169919573586393,0.4322539212157027,fearful,06,16,16,female,strong,1840
80,2.6693333333333333,True,1.0,0.4735373766911151,0.48287000757773857,0.4782036921344268,0.704412209620925,-0.06935185185185183,-0.06814814814814812,0.37049651256347754,0.3452497347323611,0.19028780153576583,0.6788691132877568,0.00933263088662345,0.0012037037037037068,0.008046998377570625,0.36832529137505454,0.11502203715353969,0.1110751087322595,0.0,0.9999999987499999,0.6218282067280037,0.29093122628374973,0.32164548613879346,0.4394254507420966,fearful,06,16,16,female,strong,1840
90,3.003,True,1.0,0.5536270381420691,0.5420510156296242,0.5478390268858466,0.6334109209775437,-0.07254629629629639,-0.07166666666666655,0.3787191872208971,0.3552751000571489,0.182659356566283,0.8649030333110868,0.011576022512444939,0.0008796296296298411,0.0071838051404806945,0.4175283116673859,0.11383187088243348,0.11195466085394289,0.0,0.9999999987499999,0.6258993043154761,0.2881340357934632,0.3044980688429635,0.4260074301104599,fearful,06,16,16,female,strong,1840
100,3.336666666666667,True,1.0,0.5622239992795602,0.5024114715817061,0.5323177354306332,0.5752867201378116,-0.07407407407407401,-0.07347222222222222,0.3541712532018436,0.35048784346083833,0.1847721908661627,0.925308575353721,0.05981252769785417,0.0006018518518517979,0.01148548771134283,0.44135243142936714,0.11695313665938498,0.11008331536563934,0.0,0.9999999987499999,0.6281195953303196,0.28450927919730135,0.30624134392807756,0.43041518177096816,fearful,06,16,16,female,strong,1840
110,3.6703333333333332,True,1.0,0.5152824088986498,0.485999909513121,0.5006411592058855,0.6388307733582221,-0.06935185185185189,-0.07157407407407401,0.34789855217388305,0.32641151871657603,0.19375984412995803,0.7836835357415581,0.02928249938552885,0.0022222222222221255,0.007891115741086809,0.4129691120178578,0.12061142196680583,0.10872357886484214,0.0,0.9999999987499999,0.610006820861157,0.28020721844449337,0.309588519149767,0.42418753783911917,fearful,06,16,16,female,strong,1840
0,0.0,True,1.0,0.591762492215461,0.555242984246271,0.573502738230866,0.6046714097624569,-0.07666666666666666,-0.07,0.35811551008585124,0.23184661033272408,0.20027789836191512,0.9484535385196474,0.0365195079691899,0.006666666666666654,0.009917944412436718,0.446848844561734,0.11684142363356301,0.10704477177480891,0.0,0.9999999987499999,0.6209347349174045,0.28563772162638745,0.30173141816597926,0.4221134069986067,fearful,06,16,16,female,strong,1841
10,0.33366666666666667,True,1.0,0.5527958053810532,0.5215403059467021,0.5371680556638776,0.6081231609293567,-0.08129629629629631,-0.0786574074074074,0.34717141695890996,0.3618482867994975,0.18375897559333293,0.8833211595541882,0.03125549943435113,0.002638888888888913,0.010831943550261427,0.44244646147831695,0.11284904215364573,0.1109026024493721,0.0,0.9999999987499999,0.6441770491008904,0.28381421611966456,0.28421892126384835,0.4168166014499725,fearful,06,16,16,female,strong,1841
20,0.6673333333333333,True,1.0,0.40604301441419977,0.4279519118377504,0.4169974631259751,0.85354545510789,-0.07671296296296298,-0.07513888888888892,0.44666852732404794,0.3015521380972974,0.17455749002128462,0.48854745887348866,0.021908897423550622,0.001574074074074061,0.007940479731819555,0.3174938101414222,0.10297789363659207,0.11772122898081054,0.0,0.9999999987499999,0.6604034585865597,0.29531966248508645,0.3189541728384978,0.4559276052845006,fearful,06,16,16,female,strong,1841
30,1.0010000000000001,True,1.0,0.37647696625204413,0.3682565008254751,0.3723667335387596,0.7688725599299197,-0.07407407407407407,-0.06800925925925927,0.448970677521013,0.19781071392909175,0.20591193113232586,0.4843022796556814,0.008220465426569012,0.006064814814814801,0.008347592499857349,0.3522626020742123,0.11241794567892024,0.11303777470440461,0.0,0.9999999987499999,0.6126518824404762,0.28771078621505397,0.35032414210903423,0.4575452959368788,fearful,06,16,16,female,strong,1841
40,1.3346666666666667,True,1.0,0.38646180667398705,0.40002936911474424,0.39324558789436564,0.7624935494965933,-0.07152777777777775,-0.06351851851851847,0.409286044874271,0.24370649549074366,0.2044000861286961,0.5157362815121397,0.013567562440757186,0.008009259259259272,0.0012153967787466946,0.3745722015017869,0.11706390181587994,0.10874597811261898,0.0,0.9999999987499999,0.6072498811790341,0.28216283277540033,0.3298424071838537,0.4372178629914416,fearful,06,16,16,female,strong,1841
50,1.6683333333333334,True,1.0,0.43718396713478724,0.42748836901095416,0.4323361680728707,1.119055429827101,-0.07666666666666666,-0.06569444444444456,0.360990130693603,0.46159895457015554,0.1967330334041851,0.38634026210807854,0.009695598123833082,0.010972222222222106,0.0035232187616820194,0.26491093773247315,0.10978874639465082,0.11476604222371499,0.0,0.9999999987499999,0.6233648630780437,0.29162979308515385,0.3233728123713926,0.4341339499705517,fearful,06,16,16,female,strong,1841
60,2.0020000000000002,True,1.0,0.5050483299270883,0.49704326219569755,0.5010457960613929,0.612206195166353,-0.07731481481481489,-0.06958333333333322,0.37105365799668344,0.2016838560448342,0.2027801978026373,0.8184265367083474,0.008005067731390703,0.007731481481481672,0.017116906422679348,0.4244417801024502,0.11104027194124391,0.10627561100254439,0.0,0.9999999987499999,0.6066753943843162,0.29779757912433175,0.3188074308194581,0.41231071415209686,fearful,06,16,16,female,strong,1841
70,2.3356666666666666,True,1.0,0.5776702584505662,0.6017541256829756,0.589712192066771,0.9082255098657642,-0.07624999999999987,-0.06842592592592595,0.2951236412399325,0.4369518160866197,0.1966989036523519,0.6493015067964018,0.024083867232409406,0.007824074074073928,0.005917772336605724,0.28716092574736424,0.11482700897343731,0.11007170021644071,0.0,0.9999999987499999,0.6266296908763506,0.28701795293316884,0.3148778709876932,0.42707650088113935,fearful,06,16,16,female,strong,1841
80,2.6693333333333333,True,1.0,0.5783646017086956,0.5518447303340138,0.5651046660213548,0.6503897265436911,-0.07555555555555554,-0.06861111111111107,0.3785533814092682,0.3251125795628569,0.18989857604528734,0.8688708369125706,0.026519871374681814,0.006944444444444475,0.014331013250576213,0.40931672673183855,0.1132341653691607,0.11238977160664645,0.0,0.9999999987499999,0.624710324817427,0.2896457168827044,0.3190656626612449,0.4354927918975407,fearful,06,16,16,female,strong,1841
90,3.003,True,1.0,0.5361552028218701,0.5258322718521664,0.5309937373370183,0.5851929666111872,-0.07861111111111113,-0.07453703703703701,0.3771447379999701,0.35897836541916767,0.18195953953629368,0.9073822954707863,0.010322930969703714,0.004074074074074119,0.01293309513729511,0.44959912332898117,0.11377487193331723,0.10925729390720096,0.0,0.9999999987499999,0.6296186051139206,0.2872094726272472,0.3081965243916894,0.4250837230527093,fearful,06,16,16,female,strong,1841
100,3.336666666666667,True,1.0,0.54403498006414,0.5318866892043955,0.5379608346342677,0.305113546656227,-0.0733333333333333,-0.07097222222222221,0.35997666682205287,0.206352556912032,0.17572223374872625,1.763149622590802,0.012148290859744448,0.0023611111111110916,0.01822117472100238,0.7409988144832191,0.12720429550321244,0.10280096493809283,0.0,0.9999999987499999,0.6025654465536214,0.2607822800962463,0.3173164849158311,0.3660591828467525,fearful,06,16,16,female,strong,1841
110,3.6703333333333332,True,1.0,0.6118773025557138,0.5861583071516218,0.5990178048536678,0.33447858292991045,-0.07254629629629616,-0.07111111111111118,0.35525377202112746,0.2491539662738446,0.18472593936351137,1.7909003309165277,0.02571899540409206,0.001435185185184984,0.013883927461655416,0.7630736269671923,0.11441637438214322,0.11288653470056709,0.0,0.9999999987499999,0.6362389538080858,0.2827616408936738,0.30009189596409036,0.431611086405365,fearful,06,16,16,female,strong,1841
0,0.0,True,1.0,0.4886744286542386,0.49025800406966474,0.48946621636195164,0.543077713164769,-0.07574074074074083,-0.0737962962962963,0.3277261546126756,0.331840319332424,0.18760413774754542,0.9012820900154455,0.0015835754154261417,0.0019444444444445264,0.007759613751015281,0.4695150136229613,0.11288841482996329,0.10982657081688615,0.0,0.9999999987499999,0.6404306058439,0.2909539269822256,0.28810264529275736,0.42140653043283244,fearful,06,16,16,female,strong,1842
10,0.33366666666666667,True,1.0,0.5245030339089032,0.48117508067008347,0.5028390572894933,0.6488189294138078,-0.07430555555555557,-0.07347222222222227,0.3252102527831356,0.37709127196866377,0.1876626898353799,0.7750067615070914,0.043327953238819716,0.0008333333333332971,0.015692932575808404,0.382070377629018,0.11233494106259254,0.11125219375035685,0.0,0.9999999987499999,0.6398387780268358,0.29009194220701623,0.28801653515003056,0.4199447095110789,fearful,06,16,16,female,strong,1842
20,0.6673333333333333,True,1.0,0.5344228755799345,0.48336042177252536,0.5088916486762299,0.5140899644088185,-0.07481481481481483,-0.07444444444444448,0.39743473628774406,0.21909897210985393,0.1889377555716291,0.9898883150956538,0.05106245380740915,0.00037037037037035425,0.021904559108540906,0.47584068919452893,0.10916112055850624,0.11602188944680458,0.0,0.9999999987499999,0.6267309849877452,0.29083813199226494,0.2953772923268556,0.43090436833339596,fearful,06,16,16,female,strong,1842
30,1.0010000000000001,True,1.0,0.47919986440356416,0.4518754645558672,0.4655376644797157,1.038978879395048,-0.06675925925925924,-0.062268518518518445,0.34187632596397877,0.3188576765335748,0.20717473426569272,0.4480723080249503,0.027324399847696967,0.004490740740740795,0.01440179718770677,0.29463772578912056,0.1136986292832888,0.11259873204253527,0.0,0.9999999987499999,0.6158849903477016,0.2876253983841261,0.31773347977777544,0.4286498147801654,fearful,06,16,16,female,strong,1842
40,1.3346666666666667,True,1.0,0.5099372694360809,0.49637998489265006,0.5031586271643654,0.49747493483608896,-0.061851851851851825,-0.06129629629629629,0.3621713113572269,0.22775925863954838,0.19536395927035805,1.0114250828137687,0.013557284543430803,0.0005555555555555314,0.014668855423989657,0.5116351235907621,0.1164041044976572,0.11117899439611283,0.0,0.9999999987499999,0.6137272457498624,0.2826581025178898,0.3048111392370125,0.4182625687756972,fearful,06,16,16,female,strong,1842
50,1.6683333333333334,True,1.0,0.5043924017753568,0.47322640937963856,0.4888094055774977,0.5407915205619919,-0.06638888888888894,-0.06138888888888894,0.41564363232076823,0.1860402297356044,0.19209965987476846,0.9038777181075727,0.031165992395718267,0.0050000000000000044,0.010257110661047739,0.4703768156448196,0.11418333116633864,0.11295370458733847,0.0,0.9999999987499999,0.609822221982543,0.2818269592498052,0.3246506002627661,0.43046284765432874,fearful,06,16,16,female,strong,1842
60,2.0020000000000002,True,1.0,0.5487713140473769,0.5750914504195049,0.5619313822334409,0.6157735614562041,-0.06569444444444444,-0.06328703703703709,0.33217678235836556,0.31508586823581425,0.19299465716154224,0.9125617230213079,0.026320136372128045,0.002407407407407358,0.0010792646218903536,0.4241571306082403,0.1097695441531192,0.1068769333056213,0.0,0.9999999987499999,0.6169619508975466,0.2956358014775098,0.30317714949854235,0.41615407704207713,fearful,06,16,16,female,strong,1842
70,2.3356666666666666,True,1.0,0.5977501473236233,0.5953293803635535,0.5965397638435884,0.869109125840775,-0.06787037037037041,-0.06435185185185183,0.3342711513133478,0.42659857110513966,0.18268263711491586,0.6863807387438219,0.0024207669600697646,0.0035185185185185874,0.0014584047741569267,0.3101739272868362,0.10798112897370411,0.10709421998363704,0.0,0.9999999987499999,0.6297868097082584,0.2934916122904016,0.2892263192156235,0.40891381320323444,fearful,06,16,16,female,strong,1842
80,2.6693333333333333,True,1.0,0.6271224416228687,0.6435804334819661,0.6353514375524174,0.6666626501336125,-0.07578703703703704,-0.07125000000000004,0.3674205761021929,0.38877977901594674,0.18551425659522017,0.9530328981608319,0.016457991859097465,0.004537037037037006,0.02200496167624712,0.37261433569229374,0.10716102253951316,0.10720632269764906,0.0,0.9999999987499999,0.6334904892034938,0.2900902658135192,0.2810088987619143,0.4020104976591251,fearful,06,16,16,female,strong,1842
90,3.003,True,1.0,0.5727461063566417,0.6151675116333881,0.5939568089950149,0.641040686191985,-0.07143518518518516,-0.07004629629629622,0.35007843110930015,0.4099328077582479,0.17805647726972607,0.9265508754574293,0.04242140527674643,0.0013888888888889395,0.0368478376225286,0.41602021634110425,0.11252471578734459,0.1041552878214499,0.0,0.9210686879872705,0.6216829160648635,0.2911903746706524,0.29205955948081574,0.4048309138620482,fearful,06,16,16,female,strong,1842
100,3.336666666666667,True,1.0,0.5784852721870739,0.6191533797589496,0.5988193259730117,0.5768550899603103,-0.07194444444444448,-0.06884259259259262,0.3584268076751051,0.3622326500808711,0.1843419749665493,1.0380758294326788,0.04066810757187567,0.0031018518518518556,0.03566758375659783,0.45853746591408184,0.1124157700492942,0.10481956940891113,0.0,0.9999999987499999,0.6164507313003326,0.29244087428998367,0.2875385597226751,0.40422594621733515,fearful,06,16,16,female,strong,1842
0,0.0,True,1.0,0.6448962315573945,0.6232309565411547,0.6340635940492746,0.6082407488494423,-0.07314814814814807,-0.07060185185185197,0.32914769137323874,0.34117611753520694,0.19111638833184727,1.042454974035658,0.021665275016239827,0.002546296296296102,0.01522643311845853,0.4280529020428541,0.1100488226978828,0.11216333910687339,0.0,0.9999999987499999,0.6424376760547968,0.2880438742600357,0.28806461764993,0.4208351552003046,fearful,06,16,16,female,strong,1843
10,0.33366666666666667,True,1.0,0.6307717071265111,0.6150598593176747,0.6229157832220928,0.8492151379432847,-0.07828703703703704,-0.07361111111111102,0.32807315795060377,0.44693357381235216,0.18692354984541243,0.733519405613439,0.015711847808836388,0.004675925925926028,0.015948119784904544,0.33596830685767876,0.11427055429516104,0.10978498012690689,0.0,0.9999999987499999,0.6399927240505577,0.2839858264090352,0.29257443534400296,0.4146323891147099,fearful,06,16,16,female,strong,1843
20,0.6673333333333333,True,1.0,0.5302480126138569,0.5360729764938796,0.5331604945538683,0.4945710802738795,-0.0809259259259259,-0.07791666666666663,0.3941434723570381,0.25929347968348015,0.1873051941416345,1.0780260225863167,0.005824963880022738,0.003009259259259267,0.008278133068889235,0.4950954003972299,0.11174492419661056,0.11235467661113187,0.0,0.9999999987499999,0.6364815366615397,0.2838870898650881,0.2986908449214174,0.4192105862382315,fearful,06,16,16,female,strong,1843
30,1.0010000000000001,True,1.0,0.553856004785481,0.5175849600513618,0.5357204824184214,1.1274026207113779,-0.06800925925925927,-0.06402777777777768,0.33944001841618837,0.4375023933832794,0.20710696353861546,0.47518115762440577,0.03627104473411924,0.003981481481481586,0.011660380762370096,0.25702643213913046,0.10990442829343076,0.11630507039312961,0.0,0.9999999987499999,0.6037397495326257,0.287394118450894,0.32010830772435356,0.4277453539488083,fearful,06,16,16,female,strong,1843
40,1.3346666666666667,True,1.0,0.5298407339585257,0.4997455734184886,0.5147931536885071,0.47254633288015857,-0.06745370370370368,-0.06472222222222224,0.36498368991297486,0.21532708681736273,0.203556570740028,1.089402494250363,0.030095160540037136,0.002731481481481446,0.02247265740123284,0.5671649139394652,0.11609610101791688,0.11064293890621206,0.0,0.9999999987499999,0.6134897400991647,0.28448784970133006,0.3254358143451559,0.42640845547579226,fearful,06,16,16,female,strong,1843
50,1.6683333333333334,True,1.0,0.5482714763937988,0.516476995796611,0.5323742360952048,0.4807350936101162,-0.06662037037037044,-0.06300925925925921,0.38745151904100994,0.20080971659919053,0.19193556347163396,1.1074170435474153,0.03179448059718781,0.0036111111111112315,0.013538769667257618,0.49692020629372147,0.11040077981607316,0.1158340216586252,0.0,0.9999999987499999,0.6271919171731193,0.2943112276465075,0.3195094674354518,0.43590334194619434,fearful,06,16,16,female,strong,1843
60,2.0020000000000002,True,1.0,0.5630801272978384,0.556456492836173,0.5597683100670057,0.5493573197614108,-0.06861111111111107,-0.06578703703703698,0.34327017970598955,0.31027716643678516,0.19588942569902656,1.0189512179615927,0.006623634461665362,0.00282407407407409,0.011687164431087303,0.4648091568555244,0.10856145848335613,0.11510301158787878,0.0,0.9999999987499999,0.6308782584205559,0.2913457341961473,0.3037172350644712,0.4264477273873464,fearful,06,16,16,female,strong,1843
70,2.3356666666666666,True,1.0,0.6941766810088313,0.6710668192874236,0.6826217501481275,1.040340476339004,-0.07708333333333328,-0.0728240740740741,0.32415733247174017,0.4823325174990699,0.19590967732862746,0.6561522556060668,0.02310986172140772,0.004259259259259185,0.011351558902707205,0.2623964707912019,0.11421976556732856,0.10949035893301128,0.0,0.9999999987499999,0.6284429114614596,0.28876452408805264,0.31532937260331095,0.42443902089617414,fearful,06,16,16,female,strong,1843
80,2.6693333333333333,True,1.0,0.6978551095419705,0.6949398344739739,0.6963974720079722,0.7567028742557264,-0.07625000000000004,-0.07268518518518519,0.3414824841312605,0.37826623077600247,0.18742572333610028,0.9203050440279231,0.0029152750679966033,0.003564814814814854,0.009698083293642586,0.3310918462612631,0.11451344150202832,0.1105703253176778,0.0,0.9999999987499999,0.6254903780418416,0.2850412273775322,0.3106445507674063,0.4367624938010378,fearful,06,16,16,female,strong,1843
90,3.003,True,1.0,0.3066191765441591,0.31198564735839013,0.3093024119512746,0.48255735588091414,-0.08606481481481487,-0.08078703703703705,0.3510429192629936,0.27615680680942445,0.1893552321623079,0.6409650753051715,0.005366470814231028,0.005277777777777826,0.0027249136250074722,0.5192666546605977,0.11399101381685833,0.1114512529754875,0.0,0.9999999987499999,0.6250836856148709,0.2852834202851836,0.2968825404254041,0.42523313048914463,fearful,06,16,16,female,strong,1843
100,3.336666666666667,True,1.0,0.5834431748972784,0.5842049333083799,0.5838240541028291,0.29317512241781957,-0.0734259259259259,-0.06939814814814821,0.3391650586905323,0.23416992637315934,0.18786585400642264,1.9913833386953965,0.0007617584111014875,0.004027777777777686,0.015970208037460035,0.758176488395017,0.11428597089764932,0.10624094947781097,0.0,0.9999999987499999,0.627846103683661,0.2862751408148074,0.3058001243374711,0.420507860688087,fearful,06,16,16,female,strong,1843
0,0.0,True,1.0,0.43076694242928343,0.42240716971184517,0.4265870560705643,0.3550335362426103,-0.06115740740740738,-0.06444444444444447,0.3288021925903372,0.1770795805675893,0.19796973277377933,1.2015401716277818,0.008359772717438263,0.0032870370370370883,0.008185261662557765,0.7527569644592635,0.1180377822501644,0.10697808670518917,0.0,0.9999999987499999,0.6081534333342713,0.2902257635587688,0.3021878589454993,0.4312596187085883,disgust,07,16,16,female,normal,1844
10,0.33366666666666667,True,1.0,0.47845904849995097,0.4584549957243339,0.46845702211214246,0.3693321862065091,-0.057037037037037,-0.0602314814814815,0.3483212208543163,0.15610985677749242,0.19507122442920338,1.268389378471901,0.020004052775617065,0.0031944444444444997,0.01707955693274274,0.7174030979744047,0.11550260277001499,0.10936256183795232,0.0,0.9999999987499999,0.6099208731852116,0.2909083747129432,0.30041344848934154,0.4380930316719553,disgust,07,16,16,female,normal,1844
20,0.6673333333333333,True,1.0,0.3415879083655219,0.30651340996168613,0.324050659163604,0.5998641851152973,-0.054398148148148084,-0.05703703703703705,0.35846261449593897,0.20923704643632113,0.18944103348521052,0.5402067121265451,0.03507449840383575,0.0026388888888889683,0.012785013378526066,0.4453369199566732,0.11595883944230607,0.10887868815104923,0.0,0.9999999987499999,0.6158609653783389,0.2889947989461998,0.31001891164610296,0.4415177456020669,disgust,07,16,16,female,normal,1844
30,1.0010000000000001,True,1.0,0.19710406552501294,0.1908938016665963,0.1939989335958046,0.7965245894378419,-0.06990740740740742,-0.07101851851851854,0.34906921814620917,0.44795469803285487,0.18528678367595916,0.24355674158499238,0.006210263858416637,0.0011111111111111183,0.006244475834774611,0.361534196339217,0.1129606979372738,0.11061677232387213,0.0,0.9999999987499999,0.6224020875772185,0.2880668383321722,0.31024761127097794,0.4414966487620239,disgust,07,16,16,female,normal,1844
40,1.3346666666666667,True,1.0,0.2969441120866197,0.331180752781153,0.3140624324338863,0.50042225483427,-0.057870370370370294,-0.05958333333333338,0.3066726306394974,0.28249643418063686,0.18896803849392496,0.6275948549448457,0.034236640694533305,0.0017129629629630827,0.013815164376843717,0.5301499368245635,0.11217601745191927,0.11243377780525005,0.0,0.9999999987499999,0.6283858878082482,0.28728792535390113,0.30729833924951744,0.44749205704180756,disgust,07,16,16,female,normal,1844
50,1.6683333333333334,True,1.0,0.27487719726547694,0.2816570366815182,0.2782671169734976,0.860443686909118,-0.06407407407407406,-0.061435185185185204,0.3942199397951636,0.37399412059567405,0.18333374948165368,0.3233995683937057,0.006779839416041267,0.0026388888888888573,0.024615161534231895,0.3435132977960573,0.11427493083141407,0.11269209702578237,0.0,0.9999999987499999,0.6315041924973116,0.2869779901598864,0.3170339818900148,0.4607180889937492,disgust,07,16,16,female,normal,1844
60,2.0020000000000002,True,1.0,0.21807481593296518,0.24509562075452404,0.23158521834374463,0.3194689148369937,-0.05717592592592591,-0.05819444444444449,0.3408619115356541,0.23226512181387668,0.19595951857719734,0.7249068926218034,0.027020804821558858,0.0010185185185185852,0.033082988599828944,0.8702213255616967,0.11289093158130463,0.11085996171664576,0.0,0.9999999987499999,0.6217825556159964,0.29014243703758996,0.32464178821087836,0.4493094478614283,disgust,07,16,16,female,normal,1844
70,2.3356666666666666,True,1.0,0.1673224293631127,0.18284724155578982,0.17508483545945125,0.6216643367287312,-0.05555555555555558,-0.05685185185185182,0.33992992233079317,0.24420337491396127,0.19240909594576566,0.2816388605799195,0.015524812192677123,0.0012962962962962399,0.030909561980494136,0.4826871011222556,0.1110192054965201,0.10930210704948394,0.0,0.9999999987499999,0.6215370950176946,0.29195374978950056,0.3111072514963919,0.4406717484549884,disgust,07,16,16,female,normal,1844
80,2.6693333333333333,True,1.0,0.3013182674199622,0.3057130512492719,0.30351565933461705,0.7061479394448221,-0.053888888888888875,-0.057361111111111085,0.32276999109241605,0.3230019894588382,0.18340364899485165,0.42981879912195586,0.00439478382930969,0.00347222222222221,0.026813799747546222,0.39720417583065687,0.11532569048682552,0.10972287928868035,0.0,0.9999999987499999,0.6235130763399109,0.2891832606614002,0.31310964906471694,0.4498655101291147,disgust,07,16,16,female,normal,1844
90,3.003,True,1.0,0.3528547189241069,0.3570072099862901,0.3549309644551985,0.6962198977557655,-0.054027777777777675,-0.05745370370370373,0.3398729092965099,0.318483570249978,0.1834535609125692,0.5097972143561295,0.004152491062183183,0.0034259259259260544,0.031960377212345285,0.38356928462382905,0.11271179030730716,0.1079095677653774,0.0,0.9999999987499999,0.6240855335493573,0.2910893992360226,0.3124468226928193,0.45090510300934844,disgust,07,16,16,female,normal,1844
100,3.336666666666667,True,1.0,0.45194696903149695,0.4149229764811937,0.43343497275634535,0.417222710465254,-0.05314814814814811,-0.05967592592592591,0.3384880524240417,0.275609395601652,0.18070803211393494,1.0388575738674741,0.03702399255030325,0.006527777777777799,0.04367392092723621,0.6036140542915959,0.11092735814046159,0.10904644842974749,0.0,0.9999999987499999,0.622255314485169,0.29690356866086476,0.31776148842337276,0.4546163134347249,disgust,07,16,16,female,normal,1844
110,3.6703333333333332,True,1.0,0.39011556575202394,0.3526810089485764,0.37139828735030017,0.43521912419788905,-0.06078703703703703,-0.06495370370370368,0.3363197079203385,0.31509940738809816,0.18488735635236406,0.8533593004093949,0.03743455680344754,0.004166666666666652,0.0358855282125441,0.602167779774951,0.12307876335766532,0.10318910072136929,0.0,0.9999999987499999,0.6109130149716138,0.25856054959711894,0.29682783630589227,0.37493886288151906,disgust,07,16,16,female,normal,1844
0,0.0,True,1.0,0.17555560978019122,0.18495342920010283,0.18025451949014704,0.3310738151394756,-0.07449074074074069,-0.0735648148148148,0.3394678100630038,0.1650520705366221,0.19752527393860675,0.5444541707842675,0.009397819419911607,0.0009259259259258856,0.004593131313789165,0.8208057309331674,0.11196298663554942,0.11162651665736532,0.0,0.9999999987499999,0.6385706769739146,0.2828434959770854,0.28713497508944963,0.4161832026140648,disgust,07,16,16,female,normal,1845
10,0.33366666666666667,True,1.0,0.5469090265317426,0.5831218753807885,0.5650154509562655,0.34618289927066287,-0.06032407407407414,-0.061342592592592615,0.3199105542188616,0.18072310813907436,0.1967900324008665,1.6321298716563943,0.036212848849045964,0.0010185185185184742,0.011258182481820013,0.8183741756282928,0.11163240505872334,0.11246647314143426,0.0,0.9999999987499999,0.6371479044586584,0.2832180107370851,0.2790014350234221,0.41706127987508246,disgust,07,16,16,female,normal,1845
20,0.6673333333333333,True,1.0,0.2606189836042168,0.2983814486280995,0.27950021611615816,0.43247080251079173,-0.07291666666666663,-0.07416666666666671,0.32094630608347513,0.21618849043994953,0.19956415983179732,0.6462869042105649,0.037762465023882696,0.0012500000000000844,0.007852133154836502,0.6456932241369046,0.11194613757023777,0.11181393396261585,0.0,0.9999999987499999,0.6395871508525285,0.28646430152432695,0.2991018436968533,0.4215431273672916,disgust,07,16,16,female,normal,1845
30,1.0010000000000001,True,1.0,0.18894594833830755,0.2357017515935401,0.21232384996592382,0.7029974415561747,-0.06763888888888886,-0.07138888888888889,0.36954233266201963,0.2530630653197865,0.18653041488993782,0.3020264903040299,0.04675580325523254,0.003750000000000031,0.03249168005712071,0.4274729498332503,0.10597544191713186,0.11552597926215119,0.0,0.9999999987499999,0.6396119704209808,0.2855659135205556,0.2926673607095176,0.4258616161600063,disgust,07,16,16,female,normal,1845
40,1.3346666666666667,True,1.0,0.2347268210932787,0.2531363428852071,0.2439315819892429,0.5896646388399485,-0.06115740740740738,-0.05967592592592591,0.34933500849931937,0.3462910415799547,0.1748718976959445,0.4136784977799097,0.018409521791928396,0.0014814814814814725,0.017354951876257168,0.4945251138822604,0.10622090357357906,0.11397076045033669,0.0,0.9999999987499999,0.6554182554506176,0.2866156025646844,0.29621467027821075,0.43657029148376586,disgust,07,16,16,female,normal,1845
50,1.6683333333333334,True,1.0,0.19623718388661607,0.21387589670898075,0.2050565402977984,1.0796973498908318,-0.0643981481481481,-0.05972222222222229,0.38553567424051416,0.47910385607804834,0.16954565031006394,0.1899203886334737,0.017638712822364677,0.004675925925925806,0.009954627332138269,0.25588137608464623,0.10853352933085937,0.11211108553513087,0.0,0.9999999987499999,0.6510728001356793,0.2903447416843103,0.3143999498945437,0.4560406031628964,disgust,07,16,16,female,normal,1845
60,2.0020000000000002,True,1.0,0.27488772609412554,0.27744011275168445,0.27616391942290497,0.30940038495346095,-0.057499999999999996,-0.05356481481481479,0.38731008712725395,0.12653153265989261,0.1884682953013996,0.8925778145506984,0.002552386657558914,0.003935185185185208,0.006753962866849601,0.870221325561695,0.10238236391483842,0.10901774523400684,0.0,0.9999999987499999,0.636929383026648,0.29855500686544056,0.3132070529260475,0.4310680293798871,disgust,07,16,16,female,normal,1845
70,2.3356666666666666,True,1.0,0.23983148802368817,0.2835548782847408,0.26169318315421447,0.6274258813336545,-0.0584722222222222,-0.05680555555555561,0.3265399056584968,0.32152397444410685,0.18794259286519016,0.41709019493738486,0.043723390261052625,0.0016666666666665941,0.02384306345558894,0.47873081554584307,0.10971808435500993,0.11316234255453389,0.0,0.9999999987499999,0.6312786212844513,0.2875032902754384,0.29344994071889335,0.4220940133425817,disgust,07,16,16,female,normal,1845
80,2.6693333333333333,True,1.0,0.39468428482105655,0.4284858688302774,0.411585076825667,0.6872213188505313,-0.05699074074074062,-0.05388888888888893,0.3311959335112205,0.3815365695112698,0.17868355897554594,0.5989119742590313,0.03380158400922084,0.003101851851851689,0.020636229054408303,0.4009513651602265,0.10539464662305123,0.10664566340469835,0.0,0.9999999987499999,0.6474799658378976,0.2938785680590707,0.2972258395449037,0.41388471155512874,disgust,07,16,16,female,normal,1845
90,3.003,True,1.0,0.4519311299244714,0.4881252272708953,0.4700281785976833,0.5728326131584217,-0.058750000000000024,-0.05680555555555544,0.343971805480137,0.33160360578061,0.18901359580270605,0.8205332025460168,0.036194097346423926,0.0019444444444445819,0.0053908324219503366,0.5207015490463013,0.11022327986507832,0.10765494835208413,0.0,0.9999999987499999,0.6214702677789867,0.2933473349887752,0.28981613244475457,0.4094321843728753,disgust,07,16,16,female,normal,1845
100,3.336666666666667,True,1.0,0.18084633845346318,0.19785674842158973,0.18935154343752647,0.607277320609027,-0.07893518518518511,-0.07300925925925916,0.33522743166818686,0.32641155982735187,0.18811787842105976,0.31180407535659227,0.017010409968126555,0.005925925925925946,6.413981531794939e-05,0.480732270213889,0.1125853975994516,0.11031002699348214,0.0,0.8769195480175999,0.6249708743419243,0.2857403322240269,0.2901820466774465,0.4126187705108939,disgust,07,16,16,female,normal,1845
110,3.6703333333333332,True,1.0,0.5244955091964237,0.5861567956144045,0.555326152405414,0.53546254070728,-0.06282407407407403,-0.06013888888888891,0.3278843120365246,0.321236040943271,0.191610360590167,1.037096174219576,0.06166128641798074,0.002685185185185124,0.001424644379850564,0.5310576068287237,0.11660339053351476,0.10694831864960921,0.0,0.9999999987499999,0.6191579166901134,0.28669070155078535,0.30170244244064676,0.41787432998647356,disgust,07,16,16,female,normal,1845
0,0.0,True,1.0,0.5757481849244147,0.6280639124642241,0.6019060486943194,0.41258713203121655,-0.06203703703703706,-0.06078703703703703,0.33348258846446155,0.2538403746781876,0.18938303121371416,1.4588580252880472,0.0523157275398094,0.0012500000000000289,0.030508584414201387,0.6705161755256849,0.10915482730980222,0.10803502771635053,0.0,0.9999999987499999,0.6327862876947654,0.2927124327622994,0.28786870276305987,0.40849490250549914,disgust,07,16,16,female,normal,1846
10,0.33366666666666667,True,1.0,0.5302725493204363,0.575065933382207,0.5526692413513217,0.4915065439596448,-0.05824074074074076,-0.05874999999999997,0.3383569292755423,0.2457532719798224,0.1873943769179915,1.1244392330953352,0.04479338406177069,0.0005092592592592093,0.020596091773502467,0.5481646844990516,0.1103232957587779,0.10666306766865287,0.0,0.9999999987499999,0.6336463123061724,0.29224918635032215,0.29572413524928765,0.41584873727000615,disgust,07,16,16,female,normal,1846
20,0.6673333333333333,True,1.0,0.42680980450108325,0.49172158103830144,0.4592656927696923,0.8507281017578262,-0.05606481481481479,-0.05472222222222228,0.3586085001676504,0.38057035701785313,0.18188911094851345,0.5398501493258887,0.06491177653721819,0.0013425925925925064,0.027752806848873657,0.29603821698034566,0.107426274431495,0.10958026808126187,0.0,0.9999999987499999,0.6357670148684476,0.29071607134048255,0.3019754750868512,0.43005123628445346,disgust,07,16,16,female,normal,1846
30,1.0010000000000001,True,1.0,0.3817332155273496,0.4232871588969808,0.40251018721216525,0.8112608107338263,-0.05601851851851852,-0.05402777777777773,0.3568832088586423,0.3680720344996071,0.18348284446531646,0.49615386554673396,0.0415539433696312,0.001990740740740793,0.01897036142059948,0.3442484539226288,0.10761921417286327,0.10921648403213276,0.0,0.9999999987499999,0.6351817943192902,0.2902771709732198,0.29777298098642213,0.42748347399079994,disgust,07,16,16,female,normal,1846
40,1.3346666666666667,True,1.0,0.44460602558956375,0.44157518390689354,0.44309060474822864,0.5563972481635963,-0.061342592592592615,-0.05652777777777784,0.3602470557702893,0.38052613035638316,0.1740604915385072,0.7963565711560595,0.0030308416826702045,0.004814814814814772,0.0011236053530097295,0.4742068725945826,0.10566460842753578,0.10780144324569606,0.0,0.9999999987499999,0.656250894443715,0.2938021941122415,0.3007546384026871,0.4327350127774267,disgust,07,16,16,female,normal,1846
50,1.6683333333333334,True,1.0,0.43661101721274653,0.4608633997325114,0.448737208472629,0.8104851383245788,-0.059675925925925966,-0.057268518518518385,0.37043096674494647,0.4052425691622894,0.1801048613859023,0.5536649436907023,0.02425238251976486,0.00240740740740758,0.011078642554494238,0.34938175015406936,0.10310601459155476,0.10973148386935631,0.0,0.9999999987499999,0.649702846247874,0.2958044073990914,0.30222710544805187,0.4328033659074994,disgust,07,16,16,female,normal,1846
60,2.0020000000000002,True,1.0,0.45213624361158605,0.48169030136568225,0.4669132724886341,0.5856563102513745,-0.061759259259259125,-0.05638888888888893,0.3630998483823089,0.30734802836477143,0.18730519414163443,0.7972479153997782,0.029554057754096197,0.005370370370370192,0.003353857495018643,0.4805422495698443,0.1026039360720693,0.10950737559420187,0.0,0.9999999987499999,0.6481560840351765,0.2895041134167286,0.28949883344577765,0.40967038767670183,disgust,07,16,16,female,normal,1846
70,2.3356666666666666,True,1.0,0.3768585654164647,0.3781250935645831,0.3774918294905239,0.7811759232347218,-0.057037037037037,-0.05361111111111111,0.2985116646329644,0.32842213131626324,0.18704065390021432,0.48323536128378347,0.001266528148118451,0.003425925925925888,0.0073256614043393,0.34588960458115015,0.11200907726906265,0.10968597350661341,0.0,0.9999999987499999,0.6294255522443352,0.2916190246742237,0.3277590915871819,0.4346078876727447,disgust,07,16,16,female,normal,1846
80,2.6693333333333333,True,1.0,0.389879443786734,0.37721895860611987,0.38354920119642694,0.5442275759559085,-0.05453703703703705,-0.050648148148148164,0.3440164587791188,0.2409839493907679,0.1899214750727084,0.7047588511529242,0.012660485180614134,0.003888888888888886,0.007825096558181933,0.5173837658985577,0.120383004645186,0.10632170375716685,0.0,0.9999999987499999,0.5962208726850116,0.2600320434207813,0.30715262868998744,0.3759440450501398,disgust,07,16,16,female,normal,1846
90,3.003,True,1.0,0.4443973179130129,0.44514295700036194,0.4447701374566874,0.42786442311275136,-0.05398148148148152,-0.05138888888888893,0.33984112300019786,0.23685351993741527,0.1919784884234719,1.0395118486854913,0.0007456390873490371,0.002592592592592591,0.008936529608820666,0.7240955829621578,0.11425827845616739,0.10962409998382383,0.0,0.9999999987499999,0.6241237874993747,0.2785892399800772,0.3000329794489642,0.415771451878188,disgust,07,16,16,female,normal,1846
100,3.336666666666667,True,1.0,0.3114215592518516,0.3457038918902415,0.32856272557104654,0.3928611955744404,-0.05842592592592594,-0.055925925925925934,0.35541503578234324,0.21820887054515306,0.19405847419334718,0.8363328556556042,0.03428233263838987,0.0025000000000000022,0.013574811316275253,0.7507510321600891,0.11628703913049886,0.1065795584808234,0.0,0.9999999987499999,0.6222048632265407,0.2799968987893854,0.30113204067574495,0.4133248505312028,disgust,07,16,16,female,normal,1846
0,0.0,True,1.0,0.46619753506815553,0.45087291974773186,0.4585352274079437,0.2204786334471761,-0.05513888888888879,-0.059537037037037,0.3639826858018507,0.17224893238060632,0.20157216352205917,2.0797263673071655,0.015324615320423673,0.0043981481481482065,0.04112190326402779,1.2717828590702969,0.11306405009327386,0.10842261205143928,0.0,0.9999999987499999,0.6215139566998674,0.28534175667261424,0.29701159941794614,0.4258991766975722,disgust,07,16,16,female,normal,1847
10,0.33366666666666667,True,1.0,0.3678452728860074,0.35974022588127813,0.36379274938364276,0.3219597550306211,-0.05624999999999991,-0.062268518518518445,0.3555263611744987,0.20997375328084023,0.1918258227334399,1.1299323710475646,0.008105047004729249,0.006018518518518534,0.03577298831707121,0.8315217391304363,0.11528147147780551,0.10695627283829147,0.0,0.9999999987499999,0.625002475388593,0.2844244664799721,0.3014606592816814,0.42616705158877677,disgust,07,16,16,female,normal,1847
20,0.6673333333333333,True,1.0,0.34991878119826436,0.346451800123488,0.34818529066087617,0.5172707780042631,-0.05361111111111111,-0.05912037037037038,0.32778843719345174,0.289023530530606,0.1911319565555269,0.6731199701716121,0.0034669810747763874,0.005509259259259269,0.041338302160768656,0.5325968310337995,0.12282743942121972,0.10585435248733283,0.0,0.9999999987499999,0.6058637335950005,0.2587138912279595,0.3082389325094615,0.3818337077170829,disgust,07,16,16,female,normal,1847
30,1.0010000000000001,True,1.0,0.2714510130667914,0.2767855239313256,0.2741182684990585,1.0202050133638285,-0.053518518518518465,-0.057222222222222285,0.321272305673712,0.4405270749869077,0.1868745647217282,0.26868939566885036,0.005334510864534181,0.00370370370370382,0.04322129358809146,0.2812397859951594,0.11033177323746127,0.1122250672817006,0.0,0.9999999987499999,0.6305428453881552,0.2889694446821406,0.3083663761971564,0.449628123230258,disgust,07,16,16,female,normal,1847
40,1.3346666666666667,True,1.0,0.2571045615352603,0.24720570376265275,0.2521551326489565,0.714368027789313,-0.053749999999999964,-0.05689814814814814,0.32800180487722236,0.2960476937969018,0.18611152104827625,0.3529765090821283,0.009898857772607544,0.0031481481481481777,0.0538490580932915,0.39506705968908035,0.11388865371564226,0.11018110543710036,0.0,0.9999999987499999,0.6287037446775585,0.2882679532401566,0.32014842219662515,0.4422874352735396,disgust,07,16,16,female,normal,1847
50,1.6683333333333334,True,1.0,0.334853602644096,0.2574319737495929,0.2961427881968445,0.7564548843959816,-0.05870370370370376,-0.059259259259259234,0.39666772071920003,0.26204954919355794,0.19583683957687853,0.3914877070736482,0.0774216288945031,0.0005555555555554759,0.05751161134268607,0.35038239565990353,0.1143059293944922,0.11026770963725248,0.0,0.9999999987499999,0.6187794941414065,0.29392332745695565,0.33427246094411556,0.4534867007620746,disgust,07,16,16,female,normal,1847
60,2.0020000000000002,True,1.0,0.325978072135046,0.2930877919207524,0.3095329320278992,0.6118909219951395,-0.05060185185185184,-0.05486111111111103,0.3498256702916746,0.145828883056906,0.20139495022008674,0.5058629257296907,0.03289028021429358,0.004259259259259185,0.05445571638743803,0.449159181987227,0.11438582554189818,0.10966487293584,0.0,0.9999999987499999,0.6191744336250125,0.2812502679053005,0.3163739591894809,0.4293675781659507,disgust,07,16,16,female,normal,1847
70,2.3356666666666666,True,1.0,0.3411488751442541,0.3276013430289214,0.33437510908658774,0.7710480489916408,-0.05652777777777784,-0.0602314814814815,0.27530309661826274,0.26000457465997234,0.20628698768720846,0.43366312841835986,0.013547532115332717,0.0037037037037036535,0.03903345796082294,0.3692203792862188,0.11822185386437205,0.1101126575166753,0.0,0.9999999987499999,0.6166171076711935,0.2757806956364924,0.31988267571429274,0.4219519568177242,disgust,07,16,16,female,normal,1847
80,2.6693333333333333,True,1.0,0.4288772540646997,0.3813830359811867,0.4051301450229432,0.5436076744649807,-0.05652777777777773,-0.056342592592592666,0.32740229473641486,0.22625476318119853,0.20138888888888884,0.7452620042968907,0.04749421808351295,0.0001851851851850661,0.026519740264864047,0.5002217520019729,0.11748546629287057,0.11158308597800656,0.0,0.9999999987499999,0.6248156100096289,0.27626369724679795,0.302499333784804,0.42305118837062616,disgust,07,16,16,female,normal,1847
90,3.003,True,1.0,0.5099297447236014,0.48832806878770757,0.49912890675565447,0.5430507053496563,-0.059629629629629644,-0.06009259259259264,0.3524583884749081,0.25040448975797375,0.19936067097489074,0.9191202623229783,0.02160167593589385,0.0004629629629629983,0.026266739064752912,0.5069314856584349,0.1148131211883183,0.11025911449252726,0.0,0.9999999987499999,0.628068260421356,0.28961323856032056,0.31164887942448644,0.4373677318826448,disgust,07,16,16,female,normal,1847
100,3.336666666666667,True,1.0,0.4881789200776359,0.5131789951409493,0.5006789576092926,0.5363056681485768,-0.05773148148148144,-0.05870370370370376,0.3469141995834865,0.2468747078493985,0.20284135306689674,0.9335701398378391,0.02500007506331342,0.0009722222222223187,0.022474413622463302,0.5480890754682218,0.11721897506923024,0.10962654985193011,0.0,0.9999999987499999,0.6268418053158763,0.2879726148620685,0.31468077310275894,0.43210044847482515,disgust,07,16,16,female,normal,1847
0,0.0,True,1.0,0.5951539373605523,0.6259319370923259,0.610542937226439,0.40382950032964593,-0.06800925925925927,-0.061990740740740846,0.3286022379904192,0.16153180013185914,0.20557930840615526,1.5118829524045494,0.03077799973177353,0.006018518518518423,0.03727077369402233,0.6524999999999999,0.10985732947080278,0.10802835965827348,0.0,0.9999999987499999,0.626767079386442,0.2931510251996805,0.2861117064934178,0.4037865166947792,disgust,07,16,16,female,strong,1848
10,0.33366666666666667,True,1.0,0.6271463509136121,0.646774369967844,0.6369603604407281,0.4886018625628545,-0.068888888888889,-0.06208333333333327,0.3239356994669856,0.21157875972572168,0.2035355805984914,1.3036388299866306,0.019628019054231838,0.006805555555555731,0.034293667931093015,0.5246312482473198,0.11231639078508102,0.1074380338297346,0.0,0.9999999987499999,0.6290557440866972,0.2905537601643854,0.29544518496546013,0.40350400217539056,disgust,07,16,16,female,strong,1848
20,0.6673333333333333,True,1.0,0.595317561032162,0.6586944807777833,0.6270060209049726,0.7697092221762212,-0.068425925925926,-0.06648148148148147,0.3142757851008733,0.3426129846358972,0.1958894256990265,0.8146011543582917,0.06337691974562121,0.0019444444444445264,0.024735135435726186,0.37924552079240925,0.10888775061216421,0.11091149858452995,0.0,0.9999999987499999,0.6388232485259729,0.286284787514419,0.2844400045342412,0.41264531112055325,disgust,07,16,16,female,strong,1848
30,1.0010000000000001,True,1.0,0.24191925917856108,0.28529567262180777,0.2636074659001844,0.9912897325583525,-0.09763888888888894,-0.09393518518518523,0.33118763621910846,0.4549998719645641,0.18134468499349693,0.2659237327313557,0.04337641344324669,0.003703703703703709,0.0193103945664005,0.2938921075373807,0.10525063927960258,0.11201227797291265,0.0,0.9999999987499999,0.6592933958348965,0.289023067652007,0.29033424405573544,0.4214589230119913,disgust,07,16,16,female,strong,1848
40,1.3346666666666667,True,1.0,0.2692990110268235,0.3060865964957089,0.2876928037612662,0.5470230425774943,-0.09282407407407411,-0.09115740740740741,0.3402324053985083,0.3796917617736822,0.17594439017383304,0.5259244700290848,0.036787585468885386,0.0016666666666667052,0.012875386654978026,0.5005266723301982,0.10711228381126323,0.11023341663315236,0.0,0.9999999987499999,0.6652707301123575,0.28765923362477364,0.28894108112202055,0.4262928199533584,disgust,07,16,16,female,strong,1848
50,1.6683333333333334,True,1.0,0.07920333497766237,0.10291785765787252,0.09106059631776744,0.5735898607962582,-0.08749999999999997,-0.08393518518518517,0.39926294316139443,0.2736693586152103,0.16791861623525042,0.15875558921379296,0.023714522680210154,0.0035648148148147984,0.0003458870294734406,0.44787363985153633,0.09874647637873465,0.11266036798289429,0.0,0.9999999987499999,0.6837970229341737,0.29060205110463205,0.28730169317129695,0.4375003478293046,disgust,07,16,16,female,strong,1848
60,2.0020000000000002,True,1.0,0.03902085405593194,0.07202887469983982,0.05552486437788588,0.8726086834706176,-0.082824074074074,-0.07699074074074069,0.43555147625137636,0.33933746575007423,0.15968320803141417,0.06363088682208319,0.03300802064390788,0.0058333333333333015,0.0028929672927329145,0.3046782021010369,0.09875428599566548,0.11163419020739382,0.0,0.9999999987499999,0.6749374521527359,0.2929470611047364,0.30840715279783065,0.47448702908249396,disgust,07,16,16,female,strong,1848
70,2.3356666666666666,True,1.0,0.082259960272685,0.1006289308176111,0.09144444554514805,0.5164440137491868,-0.07111111111111112,-0.06611111111111106,0.46569899153517696,0.1796192716689549,0.1644581650975414,0.17706555427237158,0.01836897054492609,0.00500000000000006,0.0012456992702260603,0.4895766863197246,0.10814768266648302,0.11265258616738083,0.0,0.9999999987499999,0.657579755292742,0.28773849180187344,0.31456900973571944,0.45290393564824727,disgust,07,16,16,female,strong,1848
80,2.6693333333333333,True,1.0,0.21434670501196965,0.21002727031374713,0.21218698766285837,0.6670581700606042,-0.06967592592592597,-0.06856481481481486,0.3748755951639899,0.3541558588524873,0.16194429648036168,0.3180936793616973,0.0043194346982225185,0.0011111111111111183,0.005708371480383245,0.4236658830913448,0.11495219437184095,0.11131866765400224,0.0,0.9039350735005633,0.6183768305994272,0.2670733129868945,0.2803246596218491,0.3609854878296597,disgust,07,16,16,female,strong,1848
90,3.003,True,1.0,0.42627306745241267,0.45055473502390053,0.4384139012381566,0.8507246465662573,-0.0692592592592593,-0.0687962962962963,0.31460468721081863,0.4421250838271342,0.1734621376898317,0.5153417183899719,0.024281667571487864,0.0004629629629629983,0.010964516970027765,0.2839185498776971,0.1029863043692563,0.10897316262101926,0.0,0.9999999987499999,0.6504896072335185,0.2905559704556807,0.2841305905479883,0.41638957854729447,disgust,07,16,16,female,strong,1848
100,3.336666666666667,True,1.0,0.4789408663582758,0.4657101806770756,0.4723255235176757,0.5824165773962363,-0.06722222222222218,-0.06430555555555562,0.3617890439041915,0.2982232272568456,0.17498380932599036,0.8109754114988691,0.013230685681200227,0.0029166666666665675,0.013503264674873793,0.48030504033310395,0.10522180196754564,0.10645888199316396,0.0,0.9999999987499999,0.6471381190132303,0.292645719423185,0.2939734863555065,0.422077065984334,disgust,07,16,16,female,strong,1848
110,3.6703333333333332,True,1.0,0.516482109988801,0.5468710855324365,0.5316765977606187,0.6296449582028653,-0.07074074074074066,-0.06643518518518521,0.36451739497954677,0.35094962836651455,0.175721896057866,0.8444069802101359,0.03038897554363551,0.0043055555555554514,0.013028164822457384,0.4625012242548288,0.10301020739238222,0.10860026858675936,0.0,0.9999999987499999,0.6478389179030988,0.2922618704410931,0.2883349425517652,0.4234402715274947,disgust,07,16,16,female,strong,1848
120,4.0040000000000004,True,1.0,0.5440283635345889,0.5529044413704816,0.5484664024525352,0.586843831578016,-0.07092592592592589,-0.06546296296296306,0.3581815670017782,0.32996917567351863,0.1804041039818854,0.9346036763779482,0.008876077835892615,0.005462962962962836,0.020623577303669507,0.46989822751304733,0.11264568645508401,0.105298682802892,0.0,0.9999999987499999,0.6479319042538891,0.2575902192603666,0.28193432048792627,0.3832392340013405,disgust,07,16,16,female,strong,1848
0,0.0,True,1.0,0.5187865250104684,0.5213589511076673,0.5200727380590678,0.4435513122794735,-0.07532407407407415,-0.07435185185185184,0.32697298184272966,0.47523354887086433,0.16409405583688944,1.1725198949053715,0.0025724260971988766,0.0009722222222223187,0.004182897597865188,0.5836829499250115,0.1029180700768982,0.11059898479968606,0.0,0.9999999987499999,0.6730292599149035,0.2834987492082247,0.26910149903131186,0.4246126838580176,disgust,07,16,16,female,strong,1849
10,0.33366666666666667,True,1.0,0.518428830164466,0.4896537434974013,0.5040412868309336,0.49878280238174777,-0.0746296296296296,-0.0734259259259259,0.33024050892244833,0.5143697649561773,0.15445145430235066,1.0105426338359622,0.02877508666706463,0.0012037037037037068,0.002073428059240108,0.5282688644658718,0.1170994868824539,0.10532511586847396,0.0,0.9999999987499999,0.631274453148447,0.26745954835799557,0.2671330985490521,0.3597884354154134,disgust,07,16,16,female,strong,1849
20,0.6673333333333333,True,1.0,0.4511589049046656,0.4597383821608486,0.4554486435327571,0.6293640886153208,-0.07370370370370372,-0.07393518518518521,0.3260692142831943,0.5034414945919367,0.15871065922203978,0.7236648098794463,0.008579477256183021,0.00023148148148149916,0.0004481222565093791,0.4225733108767183,0.11719963328307448,0.10539459078374466,0.0,0.9999999987499999,0.6257068311465213,0.26944365677826515,0.277279061154798,0.3638658753727894,disgust,07,16,16,female,strong,1849
30,1.0010000000000001,True,1.0,0.26972184039342123,0.28397565494972327,0.27684874767157225,0.8501910204171121,-0.0831944444444444,-0.08157407407407408,0.3340308487670597,0.5388516552689803,0.16638541898539436,0.3256312299508262,0.014253814556302036,0.0016203703703703276,0.010785241491090801,0.32185927968758277,0.09762040248248283,0.11262707687285577,0.0,0.9999999987499999,0.6725150420011756,0.2966909106628844,0.28086364081831183,0.4289747305955523,disgust,07,16,16,female,strong,1849
40,1.3346666666666667,True,1.0,0.1715884657664678,0.22995474311251402,0.2007716044394909,0.49772744225872734,-0.08537037037037037,-0.08527777777777773,0.35741958728004847,0.4195131299037837,0.1711122298651338,0.40337660211856746,0.058366277346046214,9.259259259264407e-05,0.006055546440908642,0.531126186052057,0.10729408685187672,0.11363366275190995,0.0,0.9999999987499999,0.6563051948826405,0.2849526978201358,0.2886069142434523,0.43498437640705956,disgust,07,16,16,female,strong,1849
50,1.6683333333333334,True,1.0,0.12092395187641553,0.12816899180616714,0.12454647184129133,0.8904178656698272,-0.06115740740740755,-0.0597685185185185,0.37505991564894375,0.3972484809498484,0.15335397283500202,0.13987418339545535,0.007245039929751618,0.0013888888888890505,0.001991480175357604,0.3032637287315787,0.12196839695190674,0.10540684218793606,0.0,0.9999999987499999,0.6099394171496723,0.2685895608037881,0.3098125178556215,0.3895848654013006,disgust,07,16,16,female,strong,1849
60,2.0020000000000002,True,1.0,0.23722553550355344,0.2448860676015707,0.24105580155256207,1.238333623152168,-0.056712962962962965,-0.05583333333333329,0.3600126881112209,0.4868976189738368,0.1705974545892924,0.19466143617982085,0.007660532098017259,0.0008796296296296746,0.014649466928890789,0.22997008257675067,0.10212241913514324,0.1161907508168899,0.0,0.9999999987499999,0.6424511900072529,0.2973919209276355,0.2998985740710441,0.45363064019260124,disgust,07,16,16,female,strong,1849
70,2.3356666666666666,True,1.0,0.3045498345908331,0.30417105928112304,0.3043604469359781,0.381022224154278,-0.056944444444444464,-0.05652777777777784,0.366751980809722,0.24562981744282197,0.1829431614104051,0.7987997225399137,0.00037877530971008877,0.0004166666666666208,0.02404590759988147,0.7197656878749267,0.109371640525459,0.11366495503585812,0.0,0.9999999987499999,0.6316589643591812,0.28660292093841744,0.293648122631523,0.42510934550354873,disgust,07,16,16,female,strong,1849
80,2.6693333333333333,True,1.0,0.26453932471446184,0.272081974448746,0.2683106495816039,0.6741192039051981,-0.0637962962962963,-0.06412037037037038,0.3363505933551166,0.4410619796675828,0.16678381299687858,0.3980166238066949,0.007542649734284146,0.0003240740740740877,0.05681852260975253,0.3924272357037571,0.10811938343480262,0.11251053912738851,0.0,0.9999999987499999,0.6554353225352642,0.28745098912045686,0.30303487350690705,0.44311549571500003,disgust,07,16,16,female,strong,1849
90,3.003,True,1.0,0.3462949256833932,0.35793945621951173,0.35211719095145244,0.8606646623879647,-0.061574074074074114,-0.061712962962963025,0.28020579486000086,0.48329495268076933,0.17503530963534358,0.4091223984664162,0.011644530536118525,0.0001388888888889106,0.03513437575895499,0.2990483326537669,0.12120696267700225,0.1080592610981032,0.0,0.9999999987499999,0.5919174178968462,0.2653441583847025,0.2986319854363825,0.3843250012310408,disgust,07,16,16,female,strong,1849
100,3.336666666666667,True,1.0,0.4274883690109543,0.4025273761097808,0.41500787256036753,0.6452832095183866,-0.061064814814814794,-0.05990740740740752,0.34716139542639335,0.3515133687744426,0.1778618719629574,0.6431406651199133,0.02496099290117354,0.0011574074074072738,0.0224354760177124,0.37646420204920117,0.12391803098424108,0.10602300218807281,0.0,0.9999999987499999,0.5853057583892932,0.26790508830231113,0.31899475965175406,0.39540409519107766,disgust,07,16,16,female,strong,1849
110,3.6703333333333332,True,1.0,0.2935624748717674,0.30471622491748435,0.29913934989462587,0.5951747124727415,-0.07185185185185172,-0.06990740740740736,0.3428699803188139,0.3118397921823074,0.18624388353869464,0.5026076270139354,0.011153750045716948,0.0019444444444443598,0.03345703349763644,0.4958856623220945,0.11317765721867322,0.10777498917288052,0.0,0.9999999987499999,0.6260454966205233,0.28954794149987734,0.2971177120211251,0.42340538807020217,disgust,07,16,16,female,strong,1849
120,4.0040000000000004,True,1.0,0.28037600256535017,0.30620771630997795,0.29329185943766406,0.447012710770438,-0.08546296296296291,-0.08379629629629631,0.33356373676834544,0.2607115904339955,0.1890669289046729,0.656115256615786,0.025831713744627782,0.0016666666666665941,0.008275405074848495,0.6195383234097112,0.1100849852950074,0.11093208010838491,0.0,0.9999999987499999,0.6312938052173994,0.2853238853405277,0.27709258197067954,0.4140471327519742,disgust,07,16,16,female,strong,1849
0,0.0,True,1.0,0.4111631346549906,0.41817675439619306,0.4146699445255918,0.5458343338604243,-0.06791666666666668,-0.07023148148148145,0.31839781563260694,0.4283722220196938,0.17047868562693227,0.7596992691772066,0.007013619741202459,0.0023148148148147696,0.025127955574510294,0.4664045685462869,0.1196802311839097,0.10312481716378712,0.0,0.9999999987499999,0.6363440247817878,0.2568920150511965,0.265350718061597,0.3536552502235978,disgust,07,16,16,female,strong,1850
10,0.33366666666666667,True,1.0,0.29669120342935174,0.31780205115780963,0.30724662729358065,0.5580478735214597,-0.07171296296296292,-0.07430555555555557,0.3318325965972709,0.41400054014702786,0.16962303103131374,0.5505739594611421,0.021110847728457893,0.0025925925925926463,0.02293823056140376,0.47349884887055177,0.11834736569898134,0.10373749055153891,0.0,0.9999999987499999,0.6339203383619072,0.25704138526546916,0.2637861731778957,0.3510716388364405,disgust,07,16,16,female,strong,1850
20,0.6673333333333333,True,1.0,0.20451563833059394,0.18149082719518417,0.19300323276288905,0.47072889540047946,-0.09282407407407406,-0.0863888888888889,0.32527748603858136,0.38080855468703234,0.1762255883084452,0.4100093167186789,0.023024811135409773,0.006435185185185155,0.011359695962769045,0.5465401799205265,0.1057426486646533,0.10843001744621461,0.0,0.9999999987499999,0.6587176894664115,0.28787043180508765,0.30191758058699214,0.4278183997312444,disgust,07,16,16,female,strong,1850
30,1.0010000000000001,True,1.0,0.09830307411913615,0.1387274947802262,0.11851528444968118,0.841211254305527,-0.08930555555555558,-0.08643518518518523,0.32844695199177415,0.563421090248695,0.1613198108826762,0.14088647036412158,0.040424420661090046,0.0028703703703703565,0.015338717979524406,0.37335305917574413,0.10018555937084592,0.11103995186361412,0.0,0.9989548681085912,0.6702534731236245,0.29229632417297424,0.2969086947542987,0.444413736894605,disgust,07,16,16,female,strong,1850
40,1.3346666666666667,True,1.0,0.12965835519590882,0.14324575855067875,0.1364520568732938,0.6288716906079198,-0.08833333333333332,-0.08625,0.3721496171616973,0.47845355948008317,0.14444497263233094,0.21697916905972958,0.013587403354769934,0.002083333333333326,0.020052924409077705,0.4157297886137738,0.12215793807641243,0.10839834618583145,0.0,0.9999999987499999,0.6079797396771209,0.26871075180849835,0.3235060072463112,0.41383803281738446,disgust,07,16,16,female,strong,1850
50,1.6683333333333334,True,1.0,0.06559287837755898,0.06708458139162961,0.0663387298845943,0.6527917109207672,-0.0849537037037037,-0.08143518518518522,0.4037638560428738,0.339113198130496,0.16877215204719234,0.10162311925043145,0.0014917030140706306,0.0035185185185184764,0.00806386322498575,0.3988936635157291,0.10852517422180802,0.11296560886699404,0.0,0.9999999987499999,0.6470009207511129,0.2891914915838402,0.31235246770344294,0.45320420121418625,disgust,07,16,16,female,strong,1850
60,2.0020000000000002,True,1.0,0.056199771491045256,0.017054196952067897,0.03662698422155658,0.6403935608738922,-0.08703703703703708,-0.09069444444444447,0.49086636380929677,0.27285024724245577,0.17235020083408983,0.057194491730327146,0.03914557453897736,0.003657407407407387,0.02255745718648063,0.429054761806734,0.10526800261545045,0.11518276830377874,0.0,0.9999999987499999,0.6331795793082858,0.29574708492605695,0.33940227844787624,0.47837955868155735,disgust,07,16,16,female,strong,1850
70,2.3356666666666666,True,1.0,0.26004140833488165,0.2268734834590191,0.24345744589695037,0.3263162554590902,-0.07263888888888881,-0.07180555555555557,0.35741503273948444,0.1700486613884643,0.1903679725989642,0.7460782042697602,0.033167924875862564,0.0008333333333332416,0.012348050249210527,0.7864845301331258,0.10995573274613445,0.11276261213818241,0.0,0.9999999987499999,0.6156445064666491,0.2863242429692962,0.30527100344794916,0.42847551302659964,disgust,07,16,16,female,strong,1850
80,2.6693333333333333,True,1.0,0.44865358602192723,0.40547981225111107,0.4270666991365192,0.5341449782829949,-0.06138888888888877,-0.059537037037037055,0.33763247328466145,0.07630642546899909,0.2073216175086904,0.7995333036909229,0.04317377377081616,0.0018518518518517157,0.02154724696723987,0.5213796454541342,0.11647456461221323,0.10937696586573842,0.0,0.9999999987499999,0.5719995076077307,0.2900224905045642,0.31485784765240776,0.42325930349912066,disgust,07,16,16,female,strong,1850
90,3.003,True,1.0,0.33925028127791673,0.3294985146540782,0.33437439796599744,0.8547922951312037,-0.06472222222222224,-0.062129629629629535,0.29382452529706826,0.2478270423053771,0.2139587904636918,0.39117619551621446,0.009751766623838531,0.002592592592592702,0.012288683329771878,0.34866175615992095,0.11444375425113679,0.11268983809299798,0.0,0.9999999987499999,0.5760640509875825,0.28276705682884695,0.2907218309574987,0.3904476930148133,disgust,07,16,16,female,strong,1850
100,3.336666666666667,True,1.0,0.4064639631742838,0.36701116115678317,0.38673756216553345,0.5553999755961995,-0.06328703703703698,-0.06143518518518509,0.35892608201414944,0.09704159414207278,0.2097225860076062,0.6963226128168016,0.03945280201750062,0.0018518518518518823,0.011904279474928564,0.5248604257996754,0.1167696673858028,0.11027790928046848,0.0,0.9999999987499999,0.5816218170002376,0.28971681945470595,0.31793359426067574,0.42334723372251143,disgust,07,16,16,female,strong,1850
110,3.6703333333333332,True,1.0,0.46845427255758193,0.42108996431498813,0.44477211843628506,0.5686004088231005,-0.060277777777777874,-0.06018518518518523,0.3567849311043898,0.12476776389694921,0.20972549626796166,0.7822226497460361,0.0473643082425938,9.259259259264407e-05,0.02857701871211246,0.5126754451054966,0.11921171266836467,0.10727875914954219,0.0,0.9999999987499999,0.5869967064638354,0.28805011335034897,0.3232899261575955,0.42535942929470477,disgust,07,16,16,female,strong,1850
120,4.0040000000000004,True,1.0,0.4629394421257702,0.4018241025879116,0.43238177235684094,0.5795911307425977,-0.05958333333333321,-0.05828703703703686,0.3521224120163588,0.12717945368160338,0.21112881859473503,0.7460117131241369,0.06111533953785858,0.001296296296296351,0.025858353611329085,0.48247271341890025,0.12829575065117374,0.10348098847000156,0.0,0.8951259596634726,0.5614836693427371,0.24356136330407038,0.33796823423356226,0.39554954538766984,disgust,07,16,16,female,strong,1850
0,0.0,True,1.0,0.37663691268031413,0.40388366444704943,0.3902602885636818,0.4059183035374811,-0.06972222222222219,-0.0703240740740741,0.34299747193807284,0.3901230758138353,0.16725887624884894,0.9614256986261929,0.0272467517667353,0.0006018518518519089,0.011630116357905281,0.6456346793182802,0.10544094490284808,0.11385913223469066,0.0,0.9999999987499999,0.6615009254170419,0.28582806437970765,0.2782466006778402,0.4314360102163316,disgust,07,16,16,female,strong,1851
10,0.33366666666666667,True,1.0,0.2780594053008453,0.2699840036497778,0.27402170447531154,0.4710460784510195,-0.06898148148148159,-0.06805555555555554,0.33714469855250595,0.4703026326021246,0.1652167256465783,0.5817301470302019,0.00807540165106746,0.0009259259259260522,0.0029933728419584277,0.5519963521097713,0.10748707212966908,0.11209963482637708,0.0,0.9999999987499999,0.6587513177849265,0.2865615032489465,0.29553813655593614,0.4350686881873423,disgust,07,16,16,female,strong,1851
20,0.6673333333333333,True,1.0,0.2163866149548001,0.15731693230249105,0.18685177362864558,0.47673213842412093,-0.08217592592592593,-0.07935185185185184,0.33277359899514175,0.46011372772995296,0.1700597323746925,0.3919428932278411,0.05906968265230905,0.00282407407407409,0.013894351862782388,0.5335954601611149,0.10503234858442133,0.11572742170280097,0.0,0.9999999987499999,0.6592321226928272,0.28617856644314,0.30224552462831933,0.4331944328755843,disgust,07,16,16,female,strong,1851
30,1.0010000000000001,True,1.0,0.2906815384208151,0.27513330572956146,0.28290742207518826,0.7552411564310245,-0.06680555555555562,-0.06689814814814815,0.32585767845266417,0.49508339250148875,0.18373281708503178,0.3745921679005134,0.01554823269125366,9.259259259253305e-05,0.037114269102179985,0.37750606207696674,0.11654632060690037,0.11323864539251824,0.0,0.9999999987499999,0.5908278779715012,0.26654534865503743,0.3167236254890062,0.38926074473959354,disgust,07,16,16,female,strong,1851
40,1.3346666666666667,True,1.0,0.21372833505868596,0.1935430617251427,0.20363569839191434,0.6558040928146234,-0.07064814814814818,-0.06939814814814821,0.37516844815025513,0.38789899127885424,0.18771512723843176,0.31051300323231773,0.020185273333543252,0.0012499999999999734,0.03769332313765962,0.42100105608397165,0.11181528826739665,0.11245419821994383,0.0,0.9999999987499999,0.6282820561115071,0.2863329938249526,0.31940432771762933,0.44808497752636106,disgust,07,16,16,female,strong,1851
50,1.6683333333333334,True,1.0,0.17108975996441922,0.1620434905324961,0.16656662524845767,0.6495388320320493,-0.06527777777777777,-0.06430555555555556,0.37193780554866784,0.3582062423254638,0.176598110585927,0.25643828672623376,0.009046269431923132,0.0009722222222222077,0.040206353342840964,0.418077190258547,0.10789462641850107,0.11373563981614397,0.0,0.9999999987499999,0.6459679044195803,0.28920126677754215,0.31419279344583034,0.4500429674431051,disgust,07,16,16,female,strong,1851
60,2.0020000000000002,True,1.0,0.10707916869362136,0.08931687145246008,0.09819802007304071,0.6750977203314532,-0.06874999999999992,-0.06972222222222219,0.44363757414167465,0.25245261780817313,0.1800480784398686,0.14545749025019422,0.01776229724116128,0.0009722222222222632,0.05482099681920636,0.4232594233629146,0.10653141232813138,0.1153443204330503,0.0,0.9999999987499999,0.6320233885429172,0.2974905490796238,0.34389076867365054,0.48352971738224376,disgust,07,16,16,female,strong,1851
70,2.3356666666666666,True,1.0,0.1627207827145127,0.13481122177747773,0.14876600224599523,0.29528248208079916,-0.07462962962962971,-0.07439814814814816,0.35739081049036453,0.25010143497083587,0.17864469975378663,0.5038091023811154,0.027909560937034977,0.00023148148148155467,0.05037103206804974,0.8702154154796374,0.10605934933472276,0.10899775496037363,0.0,0.9999999987499999,0.6288675341230242,0.29693254797313356,0.28462667755269316,0.40516234842058807,disgust,07,16,16,female,strong,1851
80,2.6693333333333333,True,1.0,0.1572950917085747,0.134171907756813,0.14573349973269384,0.7331900582513361,-0.07032407407407398,-0.06916666666666665,0.292871622107726,0.3194627814701656,0.18347943582085877,0.19876633363014953,0.02312318395176169,0.0011574074074073293,0.05575255644265376,0.34695789271527266,0.10848688378762474,0.10676046160362601,0.0,0.9999999987499999,0.6105088426698804,0.3006385812136663,0.2852148254540275,0.389700415003298,disgust,07,16,16,female,strong,1851
90,3.003,True,1.0,0.27031849985903417,0.24676460693471453,0.25854155339687435,0.709690603942116,-0.05898148148148141,-0.060555555555555585,0.3113005442370332,0.3299778754405282,0.18201529665858626,0.36430178441246713,0.02355389292431964,0.001574074074074172,0.04247061783669163,0.3636480549726659,0.10731939622553212,0.11527452907373754,0.0,0.9999999987499999,0.6322275399456658,0.2880729492449963,0.3020448272171599,0.4363762181805392,disgust,07,16,16,female,strong,1851
100,3.336666666666667,True,1.0,0.483076917257367,0.45995569084605226,0.47151630405170963,0.4899299358236329,-0.06074074074074082,-0.06199074074074079,0.35930157577272975,0.30059475667965696,0.17467327532724197,0.9624157855531573,0.023121226411314755,0.0012499999999999734,0.04020265693641163,0.54580918896846,0.12614018278434808,0.10483339765300531,0.0,0.9999999987499999,0.5963690944112019,0.25791091867723626,0.30962817318227387,0.3794655315142337,disgust,07,16,16,female,strong,1851
110,3.6703333333333332,True,1.0,0.17510223969985111,0.1640166440898668,0.16955944189485894,0.5163312412063876,-0.0778240740740741,-0.07629629629629636,0.37765278318610723,0.2576895980429753,0.1794117751694254,0.3283927610087857,0.011085595609984317,0.001527777777777739,0.03465900749703677,0.5271026102204002,0.12488773905648273,0.10650137819341857,0.0,0.9999999987499999,0.5886066942480117,0.2582018109564412,0.30391343703246826,0.375100777779376,disgust,07,16,16,female,strong,1851
120,4.0040000000000004,True,1.0,0.4843003603710032,0.5055773311181101,0.49493884574455665,0.4872369548486019,-0.05814814814814817,-0.05851851851851858,0.36907655029230246,0.26365020062150196,0.18160365887287522,1.015807279844666,0.021276970747106883,0.00037037037037040976,0.052369540304666035,0.5784924073369795,0.1101913265832872,0.11185314307293645,0.0,0.9999999987499999,0.6449156251875751,0.27784416135340423,0.28490625577175144,0.41646657861835623,disgust,07,16,16,female,strong,1851
0,0.0,True,1.0,0.5310020135203842,0.5614653801049225,0.5462336968126533,0.3570096883651138,-0.06944444444444442,-0.05828703703703714,0.32338979004877716,0.20465036342481488,0.1789792101233284,1.530024855387174,0.0304633665845383,0.011157407407407283,0.11681019028361687,0.6933903837806454,0.12539803239130046,0.10298136353590125,0.0,0.9999999987499999,0.6059945251694427,0.2694920213760952,0.3062780174167453,0.3867450752715046,surprised,08,16,16,female,normal,1852
10,0.33366666666666667,True,1.0,0.4374320997859692,0.44888689028666057,0.4431594950363149,0.29403535388990615,-0.0689351851851851,-0.05990740740740741,0.36253187912956875,0.0748645850875354,0.17990452959556294,1.5071639827442125,0.01145479050069137,0.00902777777777769,0.09846398532447989,0.7978809508544737,0.11027999606615452,0.11039359110413534,0.0,0.9999999987499999,0.6482897514396384,0.2918935092777326,0.2815453075926828,0.42020256973269854,surprised,08,16,16,female,normal,1852
20,0.6673333333333333,True,1.0,0.5090137252807904,0.5702830579236093,0.5396483916021999,0.28737565313123165,-0.06027777777777776,-0.053842592592592664,0.39102899996323776,0.0,0.1868920990412055,1.877850074361611,0.061269332642818974,0.006435185185185099,0.0887754565196709,0.7597949469612573,0.11975032130287512,0.10792012223249507,0.0,0.9999999987499999,0.6208476878954707,0.26920486376816993,0.2835026657985497,0.3755714776564558,surprised,08,16,16,female,normal,1852
30,1.0010000000000001,True,1.0,0.12946221994724882,0.14052216760764857,0.1349921937774487,0.6174441250641515,-0.07435185185185184,-0.06782407407407409,0.40311865594324847,0.1251868423427576,0.18330177009739476,0.21863062307609327,0.01105994766039975,0.0065277777777777435,0.0685164256479485,0.452073635707806,0.10787471394764742,0.1115559991528047,0.0,0.9999999987499999,0.6487916989217561,0.29879647358860356,0.28936592474373396,0.4292796253937443,surprised,08,16,16,female,normal,1852
40,1.3346666666666667,True,1.0,0.34694546990091935,0.3758765068530544,0.3614109883769869,0.4210574917716502,-0.061990740740740735,-0.055925925925925934,0.36241414445929254,0.09781782498752387,0.19153106364516798,0.8583411895993266,0.02893103695213506,0.006064814814814801,0.0673684481219176,0.6119529340237351,0.10649252925289407,0.11185889497101982,0.0,0.9999999987499999,0.6491453518673094,0.2996130523362887,0.2904371847134972,0.43689061365736925,surprised,08,16,16,female,normal,1852
50,1.6683333333333334,True,1.0,0.5354276868125186,0.5470792013905392,0.5412534441015289,0.5072281306199814,-0.05472222222222223,-0.0497685185185186,0.3792909869316493,0.06826095109189888,0.1904702258311477,1.0670808881202203,0.011651514578020605,0.004953703703703627,0.052114848273538655,0.5060978549336737,0.1078494890549725,0.11361087068028478,0.0,0.9999999987499999,0.6452393524988119,0.2907000165579233,0.2785894298012946,0.42039697859951647,surprised,08,16,16,female,normal,1852
60,2.0020000000000002,True,1.0,0.5406404993121109,0.5236933733431981,0.5321669363276544,0.48293545449668585,-0.05504629629629626,-0.05018518518518522,0.34367011714580104,0.03763641274063881,0.19586046299995244,1.1019421568090866,0.01694712596891279,0.004861111111111038,0.04699631256633698,0.4949179934339833,0.10988511126297015,0.11026954687921198,0.0,0.9999999987499999,0.6441441578819027,0.2876877620127575,0.27966768109724105,0.4179881858386153,surprised,08,16,16,female,normal,1852
70,2.3356666666666666,True,1.0,0.4554371727685656,0.49063776839149653,0.4730374705800311,0.681819355727297,-0.058101851851851904,-0.05509259259259264,0.31599203223065875,0.17007394135371984,0.191610360590167,0.6937870956676521,0.03520059562293093,0.003009259259259267,0.050908699620239264,0.40717362549943587,0.11042977486973303,0.10972408791517194,0.0,0.9999999987499999,0.6444603604019733,0.28642652115598843,0.27257648071932783,0.40517264692375843,surprised,08,16,16,female,normal,1852
80,2.6693333333333333,True,1.0,0.567957408767581,0.587423163471223,0.577690286119402,0.3601909080906812,-0.05712962962962953,-0.05277777777777781,0.363847756377719,0.021475979109923132,0.19299465716154224,1.6038447199615693,0.01946575470364198,0.004351851851851718,0.04819414199990513,0.6812859855039783,0.10969950460612472,0.11079863370230447,0.0,0.9999999987499999,0.6460831192008054,0.2859234662904282,0.26908558688542306,0.41267463108314206,surprised,08,16,16,female,normal,1852
90,3.003,True,1.0,0.5109716403428908,0.5615405367295111,0.5362560885362009,0.34604032162024007,-0.05638888888888893,-0.05268518518518517,0.36623398209660196,0.05711145083794515,0.19296342464193014,1.549692492554992,0.05056889638662032,0.0037037037037037646,0.05224358080271526,0.7300535692873574,0.11015322658489085,0.10895757722288098,0.0,0.9999999987499999,0.6485665269545318,0.2863038057308611,0.2740014283663202,0.41617090530885226,surprised,08,16,16,female,normal,1852
100,3.336666666666667,True,1.0,0.5400341828961461,0.5822296203465182,0.5611319016213321,0.37229119347618395,-0.0587962962962964,-0.05393518518518525,0.3631661866163789,0.078297144938374,0.18805622250344614,1.507239256405426,0.04219543745037202,0.004861111111111149,0.05344845695836017,0.6342258199292226,0.12112277192739615,0.10511631045052378,0.0,0.9999999987499999,0.6148010309827056,0.2714214309109351,0.2822214973155947,0.36969825163734527,surprised,08,16,16,female,normal,1852
0,0.0,True,1.0,0.6067103648103123,0.6160560512517168,0.6113832080310145,0.30225446680226814,-0.05652777777777779,-0.059305555555555556,0.3795437510014224,0.0412030525253357,0.19236468064308695,2.0227433344466514,0.009345686441404544,0.002777777777777768,0.0018061785303496814,0.7681400377764446,0.11396280602349482,0.11250082465861926,0.0,0.9999999987499999,0.6359516816101441,0.28737562118837934,0.27170400007839973,0.41451423214133964,surprised,08,16,16,female,normal,1853
10,0.33366666666666667,True,1.0,0.3605090239809472,0.35045105313218167,0.3554800385565644,0.24531759795997848,-0.05958333333333338,-0.06055555555555553,0.4140601443569725,-0.03222219704864051,0.19241821567656023,1.4490604893928483,0.01005797084876553,0.0009722222222221522,0.000785177284239331,0.9976519770581375,0.11075745304835546,0.1151626304717194,0.0,0.9999999987499999,0.6369657970453807,0.2877212207231078,0.26702766943708545,0.41145508910484285,surprised,08,16,16,female,normal,1853
20,0.6673333333333333,True,1.0,0.5342869619606028,0.502393062527514,0.5183400122440585,0.5496061207824074,-0.050370370370370454,-0.05231481481481476,0.4431238354331909,0.06704326517739469,0.19332252053220988,0.9431117897780337,0.031893899433088735,0.0019444444444443043,0.01582572360476625,0.4823044393083958,0.11274451168345379,0.11355407453535668,0.0,0.9999999987499999,0.6391769682247899,0.29089135058685794,0.2953699113888061,0.42980531718609777,surprised,08,16,16,female,normal,1853
30,1.0010000000000001,True,1.0,0.3969790473604994,0.4107499975521451,0.4038645224563222,0.7291283431984682,-0.0463425925925926,-0.04893518518518525,0.4549132489085369,0.13515257968159994,0.17947682584865957,0.5539004569273623,0.013770950191645703,0.0025925925925926463,0.018598088273772028,0.3479080711629904,0.11997605445983944,0.10925005317663307,0.0,0.9999999987499999,0.5923033187650061,0.2783889629816655,0.31574270482669103,0.408879440723338,surprised,08,16,16,female,normal,1853
40,1.3346666666666667,True,1.0,0.35203150777758324,0.34378260450768705,0.3479070561426352,0.5291491021899529,-0.04486111111111113,-0.04768518518518522,0.38959560493942386,0.1013805361857697,0.1912775534207082,0.6574839770166409,0.00824890326989619,0.00282407407407409,0.0329120648313696,0.5257654348336488,0.11898324200013563,0.1125529528880305,0.0,0.9999999987499999,0.5901445358846664,0.2687565720470577,0.2967717081979897,0.3947959328127203,surprised,08,16,16,female,normal,1853
50,1.6683333333333334,True,1.0,0.34336123050130235,0.3172573555564806,0.33030929302889145,0.6280643802553229,-0.048101851851851896,-0.04592592592592587,0.4185837727397393,0.10849338828730443,0.1882508565976942,0.5259162968207384,0.026103874944821748,0.0021759259259260255,0.007685590767522881,0.43187296945394227,0.12412236736221108,0.10721485390052021,0.0,0.9999999987499999,0.5841860970794568,0.2692719549477432,0.315806598634585,0.40238777801140785,surprised,08,16,16,female,normal,1853
60,2.0020000000000002,True,1.0,0.3172768918840904,0.29857676756498064,0.30792682972453556,0.46517598573458613,-0.04782407407407413,-0.046990740740740666,0.37745912413994603,0.07712701709606785,0.1911243278408374,0.6619577088406028,0.01870012431910978,0.0008333333333334636,0.02504085241955245,0.5880872769984163,0.12123499794314287,0.10908084465027162,0.0,0.9999999987499999,0.5931129352756729,0.266228528244503,0.29505263167321155,0.37750308110297154,surprised,08,16,16,female,normal,1853
70,2.3356666666666666,True,1.0,0.4444444444444449,0.39719744415992375,0.4208209443021843,0.543850656859153,-0.04930555555555555,-0.05055555555555541,0.3656225837766061,0.07328192348637437,0.19336513759495064,0.7737803365587714,0.04724700028452117,0.0012499999999998623,0.009715064612483452,0.4888650305524198,0.10973635158585068,0.11498195671842677,0.0,0.9999999987499999,0.6206545689603966,0.29277463531319603,0.2803713531332676,0.408790197056559,surprised,08,16,16,female,normal,1853
80,2.6693333333333333,True,1.0,0.4137931034482764,0.37210064095907397,0.3929468722036752,0.4889848165205563,-0.04865740740740737,-0.04879629629629634,0.44718407748828487,0.06529510604703531,0.19157890239307263,0.8035972875390011,0.04169246248920244,0.0001388888888889661,0.026688972511713028,0.5331117168105649,0.11365540070460525,0.11281137618284931,0.0,0.9999999987499999,0.6311074864555197,0.2914573652182583,0.2958452419242851,0.4265522809546943,surprised,08,16,16,female,normal,1853
90,3.003,True,1.0,0.43682332423164616,0.42309633121324675,0.42995982772244645,0.4144030692679121,-0.04824074074074075,-0.048981481481481515,0.437952022365081,0.048587351439757884,0.19170947986539286,1.0375401622435303,0.013726993018399414,0.000740740740740764,0.033088008256888075,0.5875254164386033,0.11260436008870545,0.11419467014476607,0.0,0.9999999987499999,0.6289531364029988,0.29156792707102464,0.2882474192482116,0.42577604924426743,surprised,08,16,16,female,normal,1853
100,3.336666666666667,True,1.0,0.421824304530322,0.3958219123223352,0.40882310842632863,0.39016751567857905,-0.0534722222222222,-0.05453703703703705,0.4518184573677906,0.03528571501567519,0.19170947986539288,1.0478143156415873,0.02600239220798678,0.0010648148148148517,0.035492244422457755,0.6619454765964577,0.11192119839894192,0.11486431103475954,0.0,0.9999999987499999,0.6302300046893757,0.29189806396937684,0.28472929099901073,0.42012408453596684,surprised,08,16,16,female,normal,1853
0,0.0,True,1.0,0.6026365348399232,0.5678453270861537,0.5852409309630384,0.3168524928587992,-0.06046296296296305,-0.06416666666666665,0.37089522371938516,0.12100467854112178,0.1827896276135041,1.8470453733303678,0.03479120775376954,0.003703703703703598,0.032781516285068264,0.7300951669793149,0.11774343842855015,0.10871312414457414,0.0,0.9999999987499999,0.6159354168776885,0.2708783481636263,0.288188055538684,0.40553147074243423,surprised,08,16,16,female,normal,1854
10,0.33366666666666667,True,1.0,0.5671773893728944,0.5554564965499929,0.5613169429614436,0.34512239210457735,-0.06097222222222226,-0.06342592592592589,0.3698790220858619,0.1360145343628464,0.18200481730011303,1.6264286403976826,0.011720892822901563,0.0024537037037036247,0.020783218518882377,0.6967681891656308,0.12119391486900148,0.10557704032451233,0.0,0.9999999987499999,0.6165568913112119,0.27092365824171616,0.2954398874616939,0.40441532720383255,surprised,08,16,16,female,normal,1854
20,0.6673333333333333,True,1.0,0.5723703503612985,0.5587279404999531,0.5655491454306258,0.3601909080906812,-0.060324074074073974,-0.06199074074074068,0.36932698880420917,0.1360145343628465,0.18133248392541945,1.5701372042634787,0.01364240986134535,0.0016666666666667052,0.017297641128235855,0.6676190286476532,0.12031244441647052,0.10658044925450251,0.0,0.9113507740726707,0.6189868302242773,0.2770547692432161,0.2879765186259685,0.38062109706324787,surprised,08,16,16,female,normal,1854
30,1.0010000000000001,True,1.0,0.5661217233133685,0.5556007769169731,0.5608612501151709,0.5266581665749247,-0.059120370370370434,-0.060925925925925994,0.3829205776821331,0.1452695406270247,0.18960305135840622,1.0649436118358953,0.010520946396395447,0.0018055555555555602,0.011449740601146709,0.49396017787018376,0.11704303457597556,0.11067843667151546,0.0,0.9999999987499999,0.6105287172134479,0.2733928069046534,0.3075626671668623,0.4127113562873808,surprised,08,16,16,female,normal,1854
40,1.3346666666666667,True,1.0,0.6103923054308809,0.5942067426963495,0.6022995240636152,0.35577147765445405,-0.05550925925925937,-0.054537037037037106,0.3730279567119915,0.07108236103875812,0.19521550446455993,1.692939321708649,0.01618556273453131,0.0009722222222222632,0.009593550102691552,0.6979397053754078,0.1202602409993662,0.10823532883104237,0.0,0.9999999987499999,0.6047025279877576,0.2767916826393754,0.3163553488148841,0.40493849749949856,surprised,08,16,16,female,normal,1854
50,1.6683333333333334,True,1.0,0.5282517376649029,0.5253132518145449,0.5267824947397239,0.5124921158354522,-0.049259259259259336,-0.04986111111111119,0.42315612033928823,0.031237762014410763,0.19392357711161795,1.0278840951162262,0.0029384858503579414,0.0006018518518518534,0.006339944854463582,0.49611877719063535,0.11926872318073674,0.10845212725233642,0.0,0.9999999987499999,0.5991710137648809,0.2677125585973726,0.3123395754188059,0.3970939266859515,surprised,08,16,16,female,normal,1854
60,2.0020000000000002,True,1.0,0.5820873790000127,0.5494070732110268,0.5657472261055198,0.40765186696391625,-0.052175925925926014,-0.05287037037037029,0.3642846324626955,0.02909451607268692,0.1953112316702645,1.3878195390568333,0.03268030578898595,0.0006944444444442754,0.011017154432010932,0.6462917744204301,0.11694820097312349,0.1092198290058737,0.0,0.9999999987499999,0.6056308285423545,0.2666964741979182,0.2948200048364403,0.39389901301528624,surprised,08,16,16,female,normal,1854
70,2.3356666666666666,True,1.0,0.5223113525843207,0.5150752292846489,0.5186932909344848,0.6073979175446144,-0.051944444444444404,-0.05263888888888896,0.353968615563241,0.09628573054069077,0.19330239254211215,0.8539596135450792,0.007236123299671826,0.000694444444444553,0.009302256904201682,0.4252648571898881,0.11131871064695467,0.10952018579428302,0.0,0.9999999987499999,0.6403303755173946,0.28658338406260264,0.28311419637329377,0.4219770061501403,surprised,08,16,16,female,normal,1854
80,2.6693333333333333,True,1.0,0.5827744453615717,0.5990246307787146,0.5908995380701432,0.4205406335750606,-0.05393518518518514,-0.053611111111111054,0.3896065227929657,0.02713165377903603,0.1925529787018724,1.405094991765346,0.01625018541714285,0.0003240740740740877,0.015330606824622478,0.5815405283006431,0.11846511493398217,0.10650467415741674,0.0,0.9999999987499999,0.611988094823867,0.27471646802900246,0.288448091452319,0.3857925453875357,surprised,08,16,16,female,normal,1854
90,3.003,True,1.0,0.5438010265198803,0.569001565489622,0.5564012960047511,0.4279620274817524,-0.05689814814814814,-0.055324074074074026,0.3915758273144635,0.03341389062535527,0.193264498873965,1.300118375639005,0.025200538969741726,0.0015740740740741166,0.014157224917507705,0.5797199797214299,0.105330437110694,0.1131223856534628,0.0,0.9999999987499999,0.6449612614498924,0.30013421631233433,0.27344002615252055,0.42831147199852854,surprised,08,16,16,female,normal,1854
100,3.336666666666667,True,1.0,0.222347672637327,0.21486208443260163,0.2186048785349643,0.4020325766702946,-0.06662037037037044,-0.0641666666666666,0.4086192128137339,0.006483329177799218,0.1912021973866771,0.5437491666607936,0.007485588204725363,0.0024537037037038467,0.014653577515615367,0.6176765806483946,0.12285306783848839,0.10636333663739336,0.0,0.9999999987499999,0.601475835263793,0.27260889154495077,0.2954009844668824,0.3879546807242874,surprised,08,16,16,female,normal,1854
0,0.0,True,1.0,0.5650794416739852,0.5637037074296298,0.5643915745518076,0.30763436600552097,-0.06152777777777774,-0.06328703703703703,0.3594283613623115,0.10456818517271095,0.20213769135755244,1.8346180951112552,0.001375734244355331,0.0017592592592592937,0.010171247241123253,0.7517040729322545,0.1150459347954391,0.1125838231092876,0.0,0.9999999987499999,0.6247987383156388,0.2909707709788818,0.2876749670981794,0.41489568938140053,surprised,08,16,16,female,normal,1855
10,0.33366666666666667,True,1.0,0.5893973248489434,0.5793272353176783,0.5843622800833108,0.3008190974896677,-0.06194444444444441,-0.06259259259259276,0.37013278518481885,0.0818012824723815,0.20291355644463352,1.942570418433564,0.010070089531265092,0.000648148148148342,0.015952271986405444,0.827038210182842,0.11836049351012301,0.10996361967990848,0.0,0.9999999987499999,0.6262164599355367,0.28972225327586915,0.29526164130929394,0.4148677535358845,surprised,08,16,16,female,normal,1855
20,0.6673333333333333,True,1.0,0.602979177869529,0.5889233247481931,0.5959512513088611,0.32825343634353255,-0.05754629629629632,-0.05870370370370359,0.3573727725823904,0.09916456511784934,0.20291355644463352,1.8155217442572946,0.014055853121335948,0.0011574074074072738,0.009528795028042407,0.7248513120541177,0.11667138592471109,0.11141267382208477,0.0,0.9999999987499999,0.6246784694502802,0.2902946709437587,0.29008454717751486,0.41540953992351487,surprised,08,16,16,female,normal,1855
30,1.0010000000000001,True,1.0,0.472940995606743,0.48243478743805096,0.477687891522397,0.5781704006753372,-0.053287037037036966,-0.05486111111111103,0.3671334780113124,0.09856371395071352,0.20355657074002792,0.8262060647940975,0.00949379183130794,0.001574074074074061,0.009626479175918927,0.5120978681496039,0.11254878609918251,0.11574053255475159,0.0,0.9999999987499999,0.6235238644832934,0.2844963753258685,0.2777597938970996,0.40200067672843215,surprised,08,16,16,female,normal,1855
40,1.3346666666666667,True,1.0,0.5573182329389633,0.5112386703007874,0.5342784516198753,0.4004774009770957,-0.054166666666666696,-0.0564351851851852,0.39220695957026075,0.0860322477103458,0.19697603671470826,1.3341038728186112,0.04607956263817592,0.002268518518518503,0.02302984941048599,0.6174227284962911,0.11374406611860148,0.11406610236676805,0.0,0.9999999987499999,0.6377350558035715,0.2919935569798779,0.31077531847321016,0.42914285782791883,surprised,08,16,16,female,normal,1855
50,1.6683333333333334,True,1.0,0.5038338802634051,0.44666712356062366,0.4752505019120144,0.4807849167258171,-0.05277777777777787,-0.05305555555555547,0.4247786425772665,0.10409580195675822,0.19928757737463884,0.9884887927610282,0.057166756702781485,0.00027777777777759916,0.029274339486719293,0.5546017765711106,0.11250745499028601,0.11578070953406389,0.0,0.9999999987499999,0.630063171823417,0.2916477165606306,0.3095637712044362,0.43707343070974114,surprised,08,16,16,female,normal,1855
60,2.0020000000000002,True,1.0,0.5240434909901012,0.5220551246397656,0.5230493078149334,0.38893027435620336,-0.05087962962962972,-0.0528703703703704,0.36334961923732617,0.05502010898435761,0.20298777583022515,1.3448408167266932,0.001988366350335613,0.001990740740740682,0.049516539866192644,0.6710284836630616,0.1108220451334127,0.11426985358268407,0.0,0.9999999987499999,0.6191557859940852,0.2955693554447087,0.2989001839286003,0.427714078443096,surprised,08,16,16,female,normal,1855
70,2.3356666666666666,True,1.0,0.5533835517604141,0.5005742813845839,0.526978916572499,0.5545975403122104,-0.05064814814814811,-0.05615740740740738,0.36883216227685156,0.0894088665296913,0.2051746218079317,0.9502006018199006,0.052809270375830164,0.005509259259259269,0.04693290566810705,0.5013264524419022,0.11725290045167558,0.10976397328817498,0.0,0.9999999987499999,0.6137163071791217,0.28693711641199765,0.2939568193003127,0.4168318993164881,surprised,08,16,16,female,normal,1855
80,2.6693333333333333,True,1.0,0.5592958882350798,0.5143833486190462,0.536839618427063,0.37433299885127075,-0.052592592592592635,-0.0566666666666667,0.37078982933364407,0.08176033182725095,0.2017999165508417,1.4341231472365037,0.04491253961603359,0.004074074074074063,0.05148886772575493,0.7221747372803752,0.11695500019550652,0.11059933213419675,0.0,0.9999999987499999,0.6178817227984944,0.2843218959955627,0.28638837415253354,0.41279025240919537,surprised,08,16,16,female,normal,1855
90,3.003,True,1.0,0.5565545074806547,0.5353487732023302,0.5459516403414925,0.35039168922960595,-0.05365740740740743,-0.056481481481481466,0.37851245600587524,0.07328568767799926,0.19895628816575378,1.5581181207289974,0.021205734278324506,0.0028240740740740344,0.04221418317907756,0.6409285736494107,0.1134176251778902,0.1133869785290247,0.0,0.9999999987499999,0.6302608557954432,0.29294448535550743,0.28680270281151754,0.4177805681730784,surprised,08,16,16,female,normal,1855
100,3.336666666666667,True,1.0,0.5821209942395087,0.5349099865632173,0.558515490401363,0.367114199839007,-0.056574074074074054,-0.0597685185185185,0.3776994693779018,0.0935475687093649,0.1982258460488622,1.5213671676178486,0.04721100767629138,0.003194444444444444,0.040409284347611006,0.6650496734433549,0.11685189176083069,0.11001774375503806,0.0,0.9999999987499999,0.6276626200245724,0.2900087607968976,0.2955497086124283,0.4194174123459935,surprised,08,16,16,female,normal,1855
0,0.0,True,1.0,0.47218728666500875,0.4814818924325145,0.4768345895487616,0.5058035365883383,-0.06717592592592592,-0.06675925925925918,0.3383677099209274,0.23030341954166386,0.186432225179185,0.9427268792247416,0.009294605767505737,0.0004166666666667318,0.03893069974190178,0.5197626411237005,0.10844078688143022,0.11237046843813173,0.0,0.9999999987499999,0.6432467385000875,0.2924873986060367,0.2809565087583883,0.43335460761532757,surprised,08,16,16,female,strong,1856
10,0.33366666666666667,True,1.0,0.53599116567029,0.5604592679952878,0.5482252168327889,0.567872398608644,-0.06148148148148147,-0.0591666666666667,0.3360870948906862,0.23140410345449602,0.18634708557960425,0.9654021188140275,0.024468102324997743,0.0023148148148147696,0.038174522303215504,0.46516478723903293,0.11219064119427272,0.11002098911374049,0.0,0.9999999987499999,0.6418969385566726,0.29429985122045593,0.2885910746051063,0.43496084662734014,surprised,08,16,16,female,strong,1856
20,0.6673333333333333,True,1.0,0.5531169941491829,0.5924343339389039,0.5727756640440433,0.48899550941845216,-0.060694444444444495,-0.05745370370370362,0.3603222412705102,0.14662292966669183,0.18710305224310309,1.1713311329284566,0.03931733978972096,0.0032407407407408773,0.03632523345920282,0.5148128794150952,0.11162066364941486,0.11077133840008192,0.0,0.9999999987499999,0.6407736076852616,0.2954600823727702,0.2912558996621995,0.436334820777859,surprised,08,16,16,female,strong,1856
30,1.0010000000000001,True,1.0,0.20209747616588253,0.1984963954118125,0.2002969357888475,0.5860569791850868,-0.06907407407407395,-0.06597222222222215,0.4167949561873293,0.06100991067811982,0.1898985760452874,0.34177041295090577,0.003601080754070035,0.0031018518518518,0.031030049822993025,0.44698142911394795,0.10719163982425532,0.1145648396028124,0.0,0.9999999987499999,0.6409523586543994,0.2961278655242113,0.29905783017939247,0.44347843545903753,surprised,08,16,16,female,strong,1856
40,1.3346666666666667,True,1.0,0.5019187199487748,0.4831958398073186,0.4925572798780467,0.35514035480129197,-0.05162037037037043,-0.048518518518518516,0.3904703085977777,0.026300985888203027,0.19956415983179726,1.3869369482204923,0.018722880141456177,0.003101851851851911,0.02576578432860931,0.7091470828921707,0.11057533194272218,0.11198509667760294,0.0,0.9999999987499999,0.6413599667835885,0.298707409652165,0.30760402280164373,0.4508094194530221,surprised,08,16,16,female,strong,1856
50,1.6683333333333334,True,1.0,0.3869140253236081,0.3971646822822032,0.39203935380290567,0.5299010109659306,-0.049537037037036935,-0.04865740740740743,0.4230363965520107,0.043127787718468626,0.19241821567656017,0.7398350742684494,0.010250656958595117,0.0008796296296295081,0.02229702076777359,0.4861996870763632,0.11179687028504355,0.11128044549413568,0.0,0.9999999987499999,0.6344822625456432,0.28776930064367223,0.30351146325648937,0.4426232172650779,surprised,08,16,16,female,strong,1856
60,2.0020000000000002,True,1.0,0.4523923345975387,0.47046791528462084,0.46143012494107977,0.4494894471992564,-0.05148148148148146,-0.049212962962963014,0.3869820095996365,0.03403246049694826,0.1972690246162262,1.02656497903616,0.01807558068708215,0.0022685185185184475,0.015550339844486345,0.5823674694960305,0.10951830044193168,0.11183282231867478,0.0,0.9999999987499999,0.6389088177302171,0.2852254541444246,0.29359702208922944,0.4367925517748465,surprised,08,16,16,female,strong,1856
70,2.3356666666666666,True,1.0,0.4611509103818224,0.4356243241220981,0.44838761725196025,0.4867222045725722,-0.05092592592592582,-0.04939814814814819,0.3638335471863723,0.05725360098873849,0.19315669812580716,0.9212392881186169,0.02552658625972426,0.001527777777777628,0.008546239520949407,0.5136400140600624,0.11339232801967919,0.10930622034636353,0.0,0.9999999987499999,0.6371747933704732,0.28411600380819696,0.29548430915314217,0.4308653054478114,surprised,08,16,16,female,strong,1856
80,2.6693333333333333,True,1.0,0.5464462841194246,0.5348465474517374,0.540646415785581,0.41741004482252,-0.052222222222222225,-0.05138888888888893,0.4043540499872061,0.04565422365246394,0.19523895220162935,1.2952405494109764,0.01159973666768721,0.0008333333333332971,0.021973732936102792,0.6335836350918881,0.11351485242458245,0.10952742138053877,0.0,0.9999999987499999,0.6344869559777037,0.28364903339683406,0.29384246428659055,0.43177595785688216,surprised,08,16,16,female,strong,1856
90,3.003,True,1.0,0.49190827259842634,0.5108584721479533,0.5013833723731899,0.4149330673791521,-0.05574074074074059,-0.05476851851851866,0.39751838603531653,0.07131662095579244,0.1925708079176121,1.2083475909502348,0.01895019954952698,0.0009722222222219301,0.015158907573559645,0.6328124999999981,0.11185825567486532,0.1107036428936558,0.0,0.9999999987499999,0.6359770852481618,0.28301927225248136,0.2876062684384936,0.43481779082392813,surprised,08,16,16,female,strong,1856
100,3.336666666666667,True,1.0,0.4895493915118363,0.4831487095172047,0.4863490505145205,0.39932274369769444,-0.05587962962962961,-0.053009259259259145,0.3969897801306233,0.08372896238822684,0.19126323805885817,1.2179347612684663,0.0064006819946316185,0.0028703703703704675,0.020008632944533845,0.6532258064516134,0.11111138928274968,0.11042283006138809,0.0,0.9999999987499999,0.6399054570578231,0.29704976326385624,0.29384105259127197,0.4367589503201192,surprised,08,16,16,female,strong,1856
0,0.0,True,1.0,0.6041524251991741,0.5795479242716752,0.5918501747354247,0.3281867676737434,-0.06782407407407409,-0.06527777777777782,0.33919178380314735,0.07456353344496944,0.20421187750114678,1.803394387075941,0.024604500927498885,0.0025462962962962687,0.022405739690949986,0.7426265093266715,0.11780124992199191,0.11124965340952409,0.0,0.9999999987499999,0.6205300499418518,0.2974037416006384,0.28702852400456524,0.4082772132257251,surprised,08,16,16,female,strong,1857
10,0.33366666666666667,True,1.0,0.498695841597778,0.48015147792472146,0.48942365976124974,0.3375969200803328,-0.07115740740740739,-0.06958333333333327,0.3447670121767861,0.051373444360050466,0.20352620930066811,1.4497278578394288,0.018544363673056563,0.0015740740740741166,0.02320270799784281,0.6847826086956516,0.11666629092028388,0.11311503976032891,0.0,0.9999999987499999,0.6208864512054822,0.29757236627580747,0.2821802939986513,0.4036562264984595,surprised,08,16,16,female,strong,1857
20,0.6673333333333333,True,1.0,0.6370128794755364,0.6414816394947941,0.6392472594851653,0.3245149911816578,-0.06083333333333335,-0.05962962962962959,0.36900033886639655,-0.02821869488536145,0.20004615251177824,1.9698543267830912,0.004468760019257667,0.0012037037037037623,0.012375784476920643,0.7105705477347979,0.11764661054378847,0.11107063968347473,0.0,0.9999999987499999,0.5941887691248374,0.26737295173717235,0.28650360443569955,0.3738978873619596,surprised,08,16,16,female,strong,1857
30,1.0010000000000001,True,1.0,0.5934477308847248,0.5871809314922123,0.5903143311884685,0.629619944851084,-0.054768518518518605,-0.05254629629629631,0.42562414451343766,0.08024079883085077,0.19455780600042563,0.9375724768822057,0.006266799392512512,0.002222222222222292,0.017901727259007023,0.4085341751169843,0.10665814418026003,0.11339378698335972,0.0,0.9999999987499999,0.6416411562593788,0.2957633633110435,0.3016676854064833,0.43662189191594863,surprised,08,16,16,female,strong,1857
40,1.3346666666666667,True,1.0,0.5131566798276933,0.5223074161718234,0.5177320479997584,0.5555857685668153,-0.047685185185185275,-0.04999999999999999,0.3834753671247584,0.16261046884882338,0.19027938161454036,0.93186700828442,0.009150736344130106,0.002314814814814714,0.010057250331478331,0.4808019625749708,0.1192878605959682,0.10965412067928537,0.0,0.9999999987499999,0.5999476943824406,0.27227949179211663,0.3228307263758019,0.40627840284141364,surprised,08,16,16,female,strong,1857
50,1.6683333333333334,True,1.0,0.5625923298111732,0.5268848946632181,0.5447386122371957,0.6370326131367238,-0.050833333333333286,-0.05138888888888887,0.4373224588057125,0.15003244333516577,0.18966219313384589,0.855118876182687,0.03570743514795516,0.0005555555555555869,0.01793882320929605,0.4136068672307939,0.11089759159552173,0.11386237925023082,0.0,0.9999999987499999,0.6321475692386329,0.2905824303994987,0.297042738902895,0.43542516747298526,surprised,08,16,16,female,strong,1857
60,2.0020000000000002,True,1.0,0.5390612736692446,0.5373014007250141,0.5381813371971294,0.48367887106317553,-0.05166666666666664,-0.0537037037037037,0.393921840184515,0.08665652724260811,0.19549044748619462,1.112683165204533,0.0017598729442305228,0.0020370370370370594,0.0242816695861945,0.5149244590039704,0.11304511308606398,0.11173056716112595,0.0,0.9999999987499999,0.6307020441926771,0.2932208150070838,0.29741853926298045,0.4239075023558208,surprised,08,16,16,female,strong,1857
70,2.3356666666666666,True,1.0,0.5726438202982154,0.578861121542255,0.5757524709202352,0.6611574911476139,-0.053611111111111165,-0.05694444444444441,0.32870376430505127,0.16492001793505356,0.19630999620615364,0.870824998021068,0.00621730124403963,0.0033333333333332438,0.036287562414920704,0.38604018635096676,0.11341238161642331,0.11322408025564452,0.0,0.9999999987499999,0.6223831654693128,0.292523193908503,0.2897415691514945,0.4145797383430535,surprised,08,16,16,female,strong,1857
80,2.6693333333333333,True,1.0,0.6491229755467799,0.5944859889270058,0.6218044822368929,0.43182026910119453,-0.05277777777777776,-0.05425925925925923,0.3945888497113566,0.06496648948684657,0.1995691438658607,1.4399613143012902,0.05463698661977412,0.0014814814814814725,0.03443871470981157,0.5811266440236911,0.11415426218234832,0.11331983417313378,0.0,0.9999999987499999,0.6129929428880927,0.29248923525923287,0.28924267373085594,0.4211444486702523,surprised,08,16,16,female,strong,1857
90,3.003,True,1.0,0.49383349426763834,0.495278804822123,0.4945561495448807,0.45462880588230126,-0.055138888888888904,-0.05842592592592594,0.3833416721015108,0.07969596425427798,0.19684403863962982,1.0878240515030546,0.0014453105544846578,0.0032870370370370328,0.042217017491126156,0.5856181352981862,0.12524203407748502,0.1055443602546448,0.0,0.9999999987499999,0.6079731262817626,0.26200546902973365,0.30227229010933876,0.38436042502588436,surprised,08,16,16,female,strong,1857
100,3.336666666666667,True,1.0,0.6297896108761245,0.5718258874278788,0.6008077491520016,0.3942400931635208,-0.05564814814814817,-0.05782407407407414,0.39172274989657646,0.08469232288673799,0.19611388447367162,1.5239641009896012,0.05796372344824574,0.00217592592592597,0.039443261514203715,0.591921083833461,0.124360438477382,0.10711662926705817,0.0,0.9999999987499999,0.603877580258666,0.2618624192510992,0.29725911910020286,0.3879232492444095,surprised,08,16,16,female,strong,1857
0,0.0,True,1.0,0.539290155450343,0.5199669857737602,0.5296285706120516,0.4038650636958446,-0.06763888888888892,-0.06930555555555568,0.32355698256635396,0.22392612348852664,0.1884087787601568,1.3113998169718413,0.019323169676582763,0.0016666666666667607,0.024952562610958594,0.6070921162024674,0.1170583608415278,0.11169042988882237,0.0,0.9999999987499999,0.6304428092799619,0.28888913665625593,0.2842472337918288,0.4086055607205602,surprised,08,16,16,female,strong,1858
10,0.33366666666666667,True,1.0,0.5829992663982713,0.5470087922040642,0.5650040293011678,0.6120646344327286,-0.07083333333333341,-0.0716666666666666,0.3279891887526301,0.24443944833842962,0.1869529347588194,0.9231117066987911,0.03599047419420709,0.000833333333333186,0.017304607589366843,0.3962854668733298,0.11589672229661095,0.11340050077044699,0.0,0.9999999987499999,0.6280401723814526,0.28790838969585425,0.2843413336974852,0.40961821921451513,surprised,08,16,16,female,strong,1858
20,0.6673333333333333,True,1.0,0.6350856187564846,0.6043421250954074,0.6197138719259461,0.48450197903635545,-0.06731481481481477,-0.06717592592592597,0.4073538987091126,0.10542128868434449,0.19101216832850296,1.2790739743901949,0.030743493661077204,0.00013888888888879958,0.014518218453441032,0.4955571129477848,0.11509189336801498,0.1153789735088987,0.0,0.9999999987499999,0.6260562035829956,0.289208188327362,0.29523616338224595,0.4196737161829235,surprised,08,16,16,female,strong,1858
30,1.0010000000000001,True,1.0,0.24964347214248434,0.23069598841162786,0.2401697302770561,0.6877085298112625,-0.06509259259259248,-0.06277777777777765,0.39386249332071344,0.15870196841798315,0.19521550446455993,0.34923186185137073,0.018947483730856474,0.002314814814814825,0.008157619749922912,0.4236246045331028,0.11111439146301222,0.11646577328990387,0.0,0.9999999987499999,0.6253169307879402,0.2994304359578271,0.30006896542169803,0.4282934343091184,surprised,08,16,16,female,strong,1858
40,1.3346666666666667,True,1.0,0.5065390028149437,0.48237387180981806,0.49445643731238087,0.48766674606576704,-0.05273148148148149,-0.05342592592592588,0.3918943012804114,0.12862704491913385,0.18896803849392496,1.0139228095854176,0.02416513100512563,0.0006944444444443865,0.0039035492149280078,0.533886343826154,0.11797915464495438,0.11208551477019946,0.0,0.9999999987499999,0.5881024856739572,0.2706689873109442,0.31901260371587986,0.41085895923279847,surprised,08,16,16,female,strong,1858
50,1.6683333333333334,True,1.0,0.41137384428022394,0.4069127546277594,0.40914329945399164,0.6517028828739218,-0.049305555555555436,-0.04787037037037045,0.434904736232219,0.1777278552079656,0.18476351959133744,0.6278064900522228,0.004461089652464556,0.001435185185184984,0.0026747662011803773,0.42952299170157116,0.10730707175970523,0.11757685773633057,0.0,0.9999999987499999,0.6365240533322704,0.2988957427029295,0.3042952887424203,0.44968555315596537,surprised,08,16,16,female,strong,1858
60,2.0020000000000002,True,1.0,0.35754237828954116,0.33829491282868634,0.3479186455591138,0.47662274110748276,-0.050925925925925875,-0.049907407407407345,0.38699553084395844,0.07280847601373355,0.19727791968317593,0.729966523944469,0.019247465460854818,0.0010185185185185297,0.00041704818809035985,0.5631167177763311,0.11543679379242086,0.1128602975714854,0.0,0.9999999987499999,0.6191127035736169,0.29630987281318316,0.3099903479741128,0.43330842603145064,surprised,08,16,16,female,strong,1858
70,2.3356666666666666,True,1.0,0.3218285143111147,0.2801244607787376,0.3009764875449261,0.5678791064661052,-0.053611111111111165,-0.05199074074074067,0.34493398758867794,0.156845243482033,0.1863278419162122,0.5300009880939165,0.041704053532377106,0.0016203703703704941,0.009447917524160597,0.505812352113252,0.11253919576048303,0.1157498576500211,0.0,0.9999999987499999,0.6171891876281763,0.293808832074457,0.288403949665869,0.4098653519122023,surprised,08,16,16,female,strong,1858
80,2.6693333333333333,True,1.0,0.37957474867787344,0.3287952211232394,0.3541849849005564,0.562850984928752,-0.05111111111111116,-0.04972222222222222,0.41626019166129063,0.1750544993250415,0.18495996866272457,0.6292695480410159,0.05077952755463405,0.0013888888888889395,0.0025638294068667435,0.5018146295600091,0.11147157747401854,0.11628790006454237,0.0,0.9999999987499999,0.62734173004358,0.29131020317804507,0.29573197378487737,0.44288369503720426,surprised,08,16,16,female,strong,1858
90,3.003,True,1.0,0.38780219020008855,0.352545122890479,0.3701736565452838,0.5451468991205128,-0.052962962962963045,-0.05157407407407405,0.4360370146488707,0.13628672478012868,0.18630941526953174,0.6790346916445569,0.035257067309609535,0.001388888888888995,0.02141147385673866,0.48961328824152994,0.11408334024127854,0.11169839925069545,0.0,0.9999999987499999,0.628378614578644,0.2908241658204066,0.30680624715441507,0.4448163009221604,surprised,08,16,16,female,strong,1858
100,3.336666666666667,True,1.0,0.23866895407551586,0.22945431495947843,0.23406163451749715,0.5255066387141861,-0.06092592592592594,-0.05856481481481485,0.46197105761146057,0.12299091544374616,0.1855980375368861,0.44540186036507745,0.009214639116037426,0.0023611111111110916,0.01324299205330186,0.5150672980549026,0.11360446500218997,0.11235510844997838,0.0,0.9999999987499999,0.628269575502076,0.28892465169962117,0.3053571879586866,0.4400900398164049,surprised,08,16,16,female,strong,1858
0,0.0,True,1.0,0.4534567269264934,0.4578385528139952,0.4556476398702443,0.39938847617097467,-0.06305555555555553,-0.06189814814814826,0.39332520280769345,0.006440689414478913,0.19453270740597647,1.1408632623520805,0.0043818258875018,0.0011574074074072738,0.01075331280114515,0.6176765806483946,0.11748038147035096,0.11107505567683557,0.0,0.9999999987499999,0.6354933094487797,0.2831786549032347,0.2912936716990282,0.4237557298959373,surprised,08,16,16,female,strong,1859
10,0.33366666666666667,True,1.0,0.4782725103950334,0.48002817136739406,0.4791503408812137,0.3670576463937079,-0.053333333333333344,-0.053657407407407376,0.44844837346330874,-0.051609508716550616,0.19801532628674082,1.3053817175280271,0.0017556609723606842,0.0003240740740740322,0.010032232156048435,0.7030163957025183,0.11527518493061517,0.11149796563355506,0.0,0.9999999987499999,0.6313237815829457,0.285544675783261,0.2932834601981724,0.4259650997219939,surprised,08,16,16,female,strong,1859
20,0.6673333333333333,True,1.0,0.4321586458781323,0.4339411367203969,0.43304989129926463,0.34862161388005675,-0.054027777777777786,-0.054675925925925906,0.44235857989615623,-0.01742801744451858,0.1966038521108732,1.2421774039754616,0.0017824908422646168,0.0006481481481481199,0.01403451781107792,0.7506084440076347,0.11753561641793163,0.1101551957931286,0.0,0.9999999987499999,0.6277858336068802,0.28762508415432525,0.29891680436920426,0.42626241451091745,surprised,08,16,16,female,strong,1859
30,1.0010000000000001,True,1.0,0.41583115661374176,0.4234630579412955,0.41964710727751864,0.6371543395250338,-0.04930555555555555,-0.049166666666666525,0.4186903321153851,0.11639638683131705,0.19873553263911464,0.6586270880464289,0.007631901327553758,0.00013888888888902162,0.00858112012466637,0.42228837454220713,0.11263553413432738,0.11332643695549574,0.0,0.9999999987499999,0.628669669953919,0.2926335747231293,0.30878967389876866,0.4440626411302274,surprised,08,16,16,female,strong,1859
40,1.3346666666666667,True,1.0,0.39761648754690326,0.37179777888801135,0.3847071332174573,0.5707729342581507,-0.04893518518518519,-0.046851851851851756,0.40664244449772996,0.11674900928007688,0.19240076885751722,0.6740108195870776,0.02581870865889191,0.002083333333333437,0.005660286968766312,0.473011363636364,0.11800906223510807,0.11188387209571857,0.0,0.9999999987499999,0.5930797449761155,0.26855828996767434,0.30573463492884706,0.40207053556044836,surprised,08,16,16,female,strong,1859
50,1.6683333333333334,True,1.0,0.368256500825475,0.3526204526137743,0.36043847671962465,0.6101820128599166,-0.04773148148148143,-0.045555555555555516,0.4508274008258225,0.09973545550476956,0.19097262172464527,0.5907064926910142,0.015636048211700726,0.0021759259259259145,0.004022813097007693,0.4451481570457259,0.11376710603800297,0.1132047442994785,0.0,0.9999999987499999,0.6370984728109994,0.2929875371371034,0.3075512587380141,0.4422917837131726,surprised,08,16,16,female,strong,1859
60,2.0020000000000002,True,1.0,0.41922152390314027,0.3998984335870812,0.40955997874511074,0.47286374427115835,-0.04953703703703699,-0.048240740740740695,0.39078040349073656,0.08096830063171861,0.19444444444444448,0.8661268361277731,0.019323090316059055,0.0012962962962962954,0.0032907448141632325,0.5683329411107154,0.11322386872505459,0.11408256656500597,0.0,0.9999999987499999,0.6288531291657289,0.29529220505300846,0.2961121010884112,0.4207223556402263,surprised,08,16,16,female,strong,1859
70,2.3356666666666666,True,1.0,0.41396621710887876,0.3626251313392306,0.38829567422405464,0.6120523272841165,-0.051620370370370317,-0.05106481481481484,0.35060708271504604,0.10425174186151993,0.19603931605314545,0.6344158120385786,0.05134108576964819,0.0005555555555554759,0.016770534060175254,0.4545790741968062,0.11479133055765361,0.11301211755931967,0.0,0.9999999987499999,0.6166106532300419,0.29458360345867113,0.2879812260662999,0.4046305803234929,surprised,08,16,16,female,strong,1859
80,2.6693333333333333,True,1.0,0.43661101721274714,0.39719744415992375,0.4169042306863354,0.5473181766580881,-0.04912037037037037,-0.049629629629629635,0.42649361034449607,0.0991163147197942,0.19267180897617386,0.7617218803730269,0.03941357305282339,0.0005092592592592649,0.022122313619001265,0.45373436738603107,0.11489705383128089,0.11086121024447833,0.0,0.9999999987499999,0.6253443775713411,0.2944697746832266,0.299873110372442,0.4223502147350442,surprised,08,16,16,female,strong,1859
90,3.003,True,1.0,0.4818905168026158,0.4751778920601092,0.4785342044313625,0.4463401519497879,-0.0505092592592592,-0.05222222222222228,0.4268041265517925,0.055548941468213764,0.19405847419334718,1.072128963394708,0.006712624742506612,0.0017129629629630827,0.02574242504396513,0.5467080806782967,0.11517221995490169,0.11211528082419227,0.0,0.9999999987499999,0.6279503497492748,0.29295277513454093,0.2970851338169219,0.4206148601614728,surprised,08,16,16,female,strong,1859
100,3.336666666666667,True,1.0,0.4740222392234646,0.4491685951803645,0.46159541720191455,0.47621422577927386,-0.05226851851851849,-0.054027777777777786,0.4190266617219815,0.09373326749643977,0.19258942778070978,0.96930203302214,0.024853644043100087,0.0017592592592592937,0.019750302337376482,0.5045176588743807,0.11424435530466709,0.11322900543686164,0.0,0.9999999987499999,0.6265379758700355,0.2918645273401803,0.287315970551855,0.41438514366020734,surprised,08,16,16,female,strong,1859
110,3.6703333333333332,True,1.0,0.5332371461842914,0.5073332748002517,0.5202852104922715,0.4676992789271608,-0.05513888888888879,-0.05462962962962964,0.41817319846565953,0.06308606818667556,0.1912021973866771,1.1124353488116034,0.02590387138403971,0.0005092592592591538,0.02303781939238607,0.5222478139423979,0.11766131428248139,0.11105506333940304,0.0,0.9999999987499999,0.6253001634091138,0.2920752520786531,0.2934841826743155,0.4178153883774497,surprised,08,16,16,female,strong,1859
0,0.0,True,1.0,0.5768890746337554,0.5478916872135525,0.5623903809236539,0.3882539881752102,-0.0728240740740741,-0.06953703703703706,0.31884412101916587,0.29895085888018313,0.18334373675797258,1.4485115363962724,0.028997387420202858,0.0032870370370370328,0.0010165473404170889,0.6334871706661204,0.10742263260064552,0.11567350477498851,0.0,0.9999999987499999,0.6529044240117923,0.2948880746421019,0.2709357960577502,0.42238859090215436,neutral,01,16,16,female,normal,1860
10,0.33366666666666667,True,1.0,0.5662610400603597,0.5566866506874228,0.5614738453738912,0.37211297572417434,-0.07287037037037042,-0.07245370370370369,0.317943805376788,0.29895085888018313,0.18270947180724795,1.5088800498859225,0.009574389372936865,0.0004166666666667318,0.006023157109578989,0.6595375911230296,0.11047308481931864,0.11493924721692968,0.0,0.9999999987499999,0.6521259460268483,0.29489071842287057,0.27594398731064074,0.420369471004815,neutral,01,16,16,female,normal,1860
20,0.6673333333333333,True,1.0,0.5968295381660735,0.5574435945971554,0.5771365663816145,0.5982804557739159,-0.07263888888888886,-0.07111111111111101,0.3014292902194692,0.3503761632593257,0.18058977894973996,0.9646589000388617,0.039385943568918114,0.00152777777777785,0.001309815669830647,0.40173383555528264,0.11107701589018701,0.11452219657562827,0.0,0.9999999987499999,0.6523791875734668,0.29509286718642624,0.2748726943550925,0.41701345049926636,neutral,01,16,16,female,normal,1860
30,1.0010000000000001,True,1.0,0.5266241111317951,0.5114533377615376,0.5190387244466663,0.5794209768100891,-0.07291666666666669,-0.07157407407407412,0.39125517166779145,0.26993544328342894,0.17849957907496095,0.8957886324795354,0.015170773370257518,0.001342592592592562,0.001734308128917162,0.4096882589293431,0.10733200890171048,0.11706687467975317,0.0,0.9999999987499999,0.6544678225508954,0.29515683831723405,0.27800939905286415,0.42192887822088027,neutral,01,16,16,female,normal,1860
40,1.3346666666666667,True,1.0,0.19669882218147322,0.19947042678121718,0.1980846244813452,0.7017238875479034,-0.08712962962962956,-0.08546296296296296,0.3275576573120703,0.35083453589641317,0.17569835258094366,0.2822828579678683,0.00277160459974396,0.0016666666666665941,0.004662368383265295,0.349972659453929,0.10809254229199716,0.1162011688209457,0.0,0.9999999987499999,0.6590619933754752,0.2927632817727552,0.2692957415378149,0.4123101269991786,neutral,01,16,16,female,normal,1860
50,1.6683333333333334,True,1.0,0.5425130473887254,0.5458256650883165,0.544169356238521,0.9937143394549937,-0.07333333333333336,-0.07342592592592595,0.31357673999321306,0.5131475687349563,0.17503530963534364,0.5476114559612502,0.003312617699591125,9.259259259258856e-05,0.0032940887412750914,0.2679200425885289,0.11019648526119445,0.11454104882513065,0.0,0.9999999987499999,0.6556172112438726,0.29517486939249415,0.2806110878872962,0.41897804776736364,neutral,01,16,16,female,normal,1860
60,2.0020000000000002,True,1.0,0.5530386792786578,0.5403022580265108,0.5466704686525843,0.19415844433610813,-0.07240740740740742,-0.07245370370370369,0.34694208283014655,0.22319479077249074,0.1792896883393885,2.815589455930342,0.012736421252147023,4.6296296296266526e-05,0.0017311572698096413,1.0458867287042248,0.10814853678108206,0.1168033352130136,0.0,0.9999999987499999,0.6590382675570229,0.2896616926258848,0.2734379141816949,0.42328753304442523,neutral,01,16,16,female,normal,1860
70,2.3356666666666666,True,1.0,0.44444444444444553,0.4210240546383176,0.43273424954138157,0.6296289610013533,-0.07458333333333333,-0.07435185185185189,0.3164467509240196,0.31478174094413824,0.18057625937153512,0.6872845379494089,0.023420389806127928,0.00023148148148144365,0.005077473792853649,0.3758365043519268,0.10922469825715517,0.11579762698502781,0.0,0.9999999987499999,0.6546209911542742,0.29384838324458673,0.2750894410484704,0.4162145146400268,neutral,01,16,16,female,normal,1860
80,2.6693333333333333,True,1.0,0.5621070401250929,0.551734351081152,0.5569206956031225,0.8040695957291821,-0.07305555555555554,-0.07069444444444434,0.3066002550274037,0.4103823450681038,0.17713545686623575,0.6926274772248675,0.010372689043940952,0.0023611111111112026,0.0012931857714345454,0.30537795223852465,0.11159516033258453,0.11368266914123289,0.0,0.9999999987499999,0.6519362759556947,0.29300478548670017,0.27916161875076356,0.4190459339097568,neutral,01,16,16,female,normal,1860
90,3.003,True,1.0,0.5444608883810322,0.5496744626914639,0.547067675536248,0.33173260991788767,-0.07078703703703704,-0.06995370370370368,0.3418938343325761,0.2409452584013076,0.17644121757180892,1.6491223930974448,0.005213574310431679,0.0008333333333333526,0.005585503395782745,0.6654554258440594,0.1089229063618208,0.11509257973224372,0.0,0.9999999987499999,0.6547980336040666,0.2916005888373594,0.2720578861577656,0.4202579350060358,neutral,01,16,16,female,normal,1860
100,3.336666666666667,True,1.0,0.5620940506875213,0.5254371211877008,0.543765585937611,0.3465764584382288,-0.07435185185185189,-0.07111111111111107,0.34127602731696377,0.23328349888682565,0.178533769246012,1.5689628441238392,0.03665692949982047,0.0032407407407408217,0.0030958565718590247,0.636593202988139,0.11056927590696675,0.11501248711912468,0.0,0.9999999987499999,0.6520882916525985,0.29165893240260693,0.27330089296694976,0.42035476044038633,neutral,01,16,16,female,normal,1860
110,3.6703333333333332,True,1.0,0.6017836709089438,0.5408292540521774,0.5713064624805606,0.3525394164312673,-0.07166666666666677,-0.07180555555555546,0.3355744155386535,0.267916211098433,0.17646197175871184,1.6205463441899841,0.06095441685676639,0.00013888888888868856,0.0048465985088532535,0.636593202988139,0.11216733227488124,0.11328646252269114,0.0,0.9999999987499999,0.6524738276404313,0.29146277783114755,0.27761494059432773,0.4216656725429388,neutral,01,16,16,female,normal,1860
0,0.0,True,1.0,0.5821209942395092,0.5674641643447496,0.5747925792921293,0.4057881280828745,-0.07592592592592595,-0.07365740740740745,0.3275576573120702,0.31964924381673226,0.18266562172332237,1.416484464461067,0.014656829894759693,0.002268518518518503,0.0005677921079931276,0.5848522375852846,0.110900437699786,0.11502494416805126,0.0,0.9999999987499999,0.6511922612404337,0.2930687630079777,0.274179044719003,0.4196993726986595,neutral,01,16,16,female,normal,1861
10,0.33366666666666667,True,1.0,0.5416549722991372,0.5266241111317939,0.5341395417154655,0.40985614518520014,-0.07555555555555554,-0.07430555555555568,0.3243298946655296,0.3067467012135931,0.17988825674602404,1.303236630681982,0.015030861167343312,0.0012499999999998623,0.008688887496406143,0.5841703510047473,0.11126484352094723,0.11467248780367924,0.0,0.9999999987499999,0.6520828170721413,0.29222526878050914,0.27439089844233916,0.4161266797981439,neutral,01,16,16,female,normal,1861
20,0.6673333333333333,True,1.0,0.5630931395226654,0.5360966104741257,0.5495948749983955,1.1077850317416862,-0.07518518518518524,-0.07226851851851845,0.31173681028935846,0.5294379677424156,0.18056611902358907,0.4961205100725267,0.026996529048539664,0.0029166666666667895,0.0031750144428686995,0.24033181575764026,0.11144603706170897,0.11532538932729956,0.0,0.9999999987499999,0.6519068767585159,0.2941089281107518,0.2804204036326848,0.41872306844549756,neutral,01,16,16,female,normal,1861
30,1.0010000000000001,True,1.0,0.23769137409700186,0.23761677443543266,0.23765407426621726,0.582658165903912,-0.0839814814814816,-0.08143518518518517,0.38447887579665857,0.2449012375007412,0.17988825674602393,0.4078790758858249,7.459966156919684e-05,0.0025462962962964353,0.0030337133543589818,0.4223487100429504,0.11095976926307241,0.11529866592080272,0.0,0.9999999987499999,0.6549253866468463,0.2944092111301462,0.2811027044968889,0.4150943852740467,neutral,01,16,16,female,normal,1861
40,1.3346666666666667,True,1.0,0.5177404276356415,0.4895668261324184,0.5036536268840299,0.6277484795038322,-0.07245370370370374,-0.07393518518518527,0.3315051103411756,0.31384470442959295,0.17989546661676628,0.8023175576340927,0.028173601503223122,0.001481481481481528,0.0054112201616491025,0.38488363548877624,0.1100619795883287,0.1161559873906157,0.0,0.9999999987499999,0.6558569777676696,0.29278448341406493,0.27773686712368884,0.4192287511766643,neutral,01,16,16,female,normal,1861
50,1.6683333333333334,True,1.0,0.49723855149976043,0.5114533377615369,0.5043459446306486,0.9781123080722475,-0.07638888888888895,-0.07472222222222225,0.30628991835374747,0.4973452413926675,0.1757569642002614,0.5156319376295954,0.014214786261776469,0.0016666666666667052,0.002054187154169992,0.276483050847458,0.11077360459865952,0.11531243356370005,0.0,0.9999999987499999,0.6580940819687251,0.29361027969230097,0.2801630561455748,0.41758317396302247,neutral,01,16,16,female,normal,1861
60,2.0020000000000002,True,1.0,0.5538493055388568,0.5104401389876904,0.5321447222632736,0.22675529323438873,-0.07259259259259254,-0.07208333333333328,0.3393184437467498,0.1952893245262129,0.18008536388131066,2.3467797142588194,0.043409166551166445,0.0005092592592592649,0.0005825399686766725,0.9161750047930272,0.10982879965714762,0.11539005086321345,0.0,0.9999999987499999,0.6574965955600991,0.2904048719084727,0.27945805313811145,0.42324490704174184,neutral,01,16,16,female,normal,1861
70,2.3356666666666666,True,1.0,0.4446175581050485,0.44394574326637487,0.4442816506857117,0.5450315098830832,-0.0772685185185184,-0.07578703703703704,0.3288194365668252,0.2801572326494043,0.17851496546228487,0.8151485604584884,0.0006718148386736233,0.0014814814814813615,0.0053866671472416,0.38657139503286025,0.10948617578547251,0.11555043243976067,0.0,0.9999999987499999,0.6562239614283214,0.2928050800401526,0.27355101677644433,0.41650504471906763,neutral,01,16,16,female,normal,1861
80,2.6693333333333333,True,1.0,0.5722449887031044,0.55069035590275,0.5614676723029272,0.878221900466927,-0.07263888888888892,-0.07175925925925919,0.294799954536816,0.4476937391866227,0.17992218303025742,0.6393232416595508,0.021554632800354412,0.0008796296296297301,0.002261974550478084,0.27571852433460387,0.11170021962198802,0.11441507657173142,0.0,0.9999999987499999,0.6530123595297495,0.2933526496590424,0.28027273042502104,0.41803780715717037,neutral,01,16,16,female,normal,1861
90,3.003,True,1.0,0.5529108537183702,0.5326592470574976,0.5427850503879339,0.41258713203121783,-0.0733333333333333,-0.07111111111111112,0.32173264427280573,0.301435444930349,0.17854445233177615,1.3155646607681037,0.020251606660872667,0.002222222222222181,0.0034204126976761064,0.5636814890787939,0.11081706460251926,0.11477375640955044,0.0,0.9999999987499999,0.6534884791416565,0.2915354849367654,0.274046390134328,0.41756087154089905,neutral,01,16,16,female,normal,1861
100,3.336666666666667,True,1.0,0.5383696482720631,0.5404341033877118,0.5394018758298875,0.3900684098144831,-0.0731944444444445,-0.07162037037037033,0.32572143831671685,0.29615228891416234,0.17783956513626245,1.382839169381667,0.002064455115648678,0.001574074074074172,0.0004962659309377939,0.563350325049002,0.1108336545074167,0.11459159676332764,0.0,0.9999999987499999,0.654989740302371,0.2913418367756254,0.2722874592125885,0.41781128513095395,neutral,01,16,16,female,normal,1861
110,3.6703333333333332,True,1.0,0.5917893371812861,0.5757481849244147,0.5837687610528504,0.35253941643126774,-0.07425925925925925,-0.07194444444444442,0.33636831994973626,0.2832257088754866,0.17712641173327862,1.6558964298582592,0.016041152256871416,0.002314814814814825,0.0026787441358296347,0.6609657187855297,0.11199372417176869,0.11379343856996102,0.0,0.9999999987499999,0.6529485117484494,0.2916512841967002,0.27643234674057315,0.41776002521523464,neutral,01,16,16,female,normal,1861
0,0.0,True,1.0,0.5612756663041669,0.54272928849746,0.5520024774008134,0.3686028820106243,-0.0689351851851851,-0.06828703703703703,0.33278570739741936,0.23974875507647467,0.18126515292262468,1.49755334084692,0.01854637780670687,0.0006481481481480644,0.007035216191064266,0.6642415722608073,0.11416600018363005,0.11178447685223744,0.0,0.9999999987499999,0.6311594999640482,0.2776544117310909,0.26671311958417054,0.37361588186944517,neutral,01,16,16,female,normal,1862
10,0.33366666666666667,True,1.0,0.5667836229948371,0.5427292884974596,0.5547564557461484,0.3747791758935034,-0.06888888888888894,-0.06828703703703703,0.3248035554342765,0.244129338145063,0.17987638103482612,1.4802221986415462,0.024054334497377483,0.0006018518518519089,0.008002598222890085,0.6410214099440039,0.11580525650973532,0.10973868749509544,0.0,0.9999999987499999,0.6303980393719988,0.27783422219809906,0.26978280835636587,0.3747707937473789,neutral,01,16,16,female,normal,1862
20,0.6673333333333333,True,1.0,0.29433331040602473,0.2855804691890686,0.28995688979754664,0.8340386794251589,-0.08055555555555549,-0.0797222222222222,0.3221473135452509,0.38428856727705185,0.17293254978509287,0.3476540080819662,0.008752841216956131,0.0008333333333332971,0.011847192088464853,0.3204338948062284,0.11357550432574669,0.11221473046309784,0.0,0.9999999987499999,0.6318633643066602,0.27645043241687056,0.2605126470860253,0.3655737319297321,neutral,01,16,16,female,normal,1862
30,1.0010000000000001,True,1.0,0.45841054576106083,0.4530180036436214,0.4557142747023411,0.9089037314524423,-0.07120370370370366,-0.07171296296296298,0.33306986455964976,0.46233466464223716,0.16672204687006273,0.5013889358492374,0.005392542117439447,0.0005092592592593204,0.018048002420581796,0.307866719316271,0.11463255658137454,0.11232829349801055,0.0,0.9999999987499999,0.632525374626413,0.283128021746347,0.2796221911263511,0.3819757510039053,neutral,01,16,16,female,normal,1862
40,1.3346666666666667,True,1.0,0.2885803300741214,0.29147671894329835,0.29002852450870986,0.47516222929334145,-0.0799537037037037,-0.08074074074074072,0.36589732065647373,0.3091714252659232,0.16399359797450994,0.6103779017537624,0.0028963888691769246,0.0007870370370370305,0.023431438735891395,0.4945998900552813,0.11665551193928189,0.11091517422385062,0.0,0.9999999987499999,0.6366091735913115,0.27951416259960393,0.27338200831160264,0.37451554329705167,neutral,01,16,16,female,normal,1862
50,1.6683333333333334,True,1.0,0.5069157854622569,0.5076981253926681,0.5073069554274625,0.5210455004263774,-0.07157407407407401,-0.0734259259259259,0.38565239965191045,0.31505914006367347,0.16471724715858302,0.973632734592905,0.0007823399304112133,0.0018518518518518823,0.01835639241827231,0.46143525053449647,0.11530442116418332,0.11265781239568874,0.0,0.9999999987499999,0.6371340523396858,0.27992119283825595,0.2773246061480051,0.3834901612671278,neutral,01,16,16,female,normal,1862
60,2.0020000000000002,True,1.0,0.5217532114987143,0.48292408956836386,0.5023386505335391,0.5925159010585922,-0.07055555555555554,-0.07041666666666668,0.33930001810976435,0.3037548483412379,0.16536822867081513,0.8478061932786244,0.038829121930350485,0.0001388888888888551,0.019960322240697975,0.4173906509089781,0.1143954358310059,0.11206088062794374,0.0,0.9999999987499999,0.6315104109143658,0.2804690781185362,0.26940390481707727,0.37307290864462805,neutral,01,16,16,female,normal,1862
70,2.3356666666666666,True,1.0,0.538893800440811,0.4976219524427672,0.5182578764417891,0.7621669684141491,-0.07055555555555554,-0.07226851851851857,0.3201548318510797,0.38910617146326476,0.1736743808323051,0.6799794505922175,0.04127184799804384,0.0017129629629630272,0.0212691610412179,0.31846291668511495,0.11710932769784521,0.10974367369031361,0.0,0.9999999987499999,0.6278926901463711,0.2842347939079756,0.2823430434360533,0.3797758739273156,neutral,01,16,16,female,normal,1862
80,2.6693333333333333,True,1.0,0.49878280238174755,0.47112835092647265,0.4849555766541101,0.34087450096614785,-0.07078703703703709,-0.07171296296296298,0.3468005253646038,0.20748437120609836,0.17088736323246195,1.4226807088227198,0.027654451455274898,0.0009259259259258856,0.01991310124231144,0.6655433948187043,0.11487800039272697,0.11122407040258817,0.0,0.9999999987499999,0.6271261257315426,0.27571979214561704,0.2621614032583178,0.37031621042479357,neutral,01,16,16,female,normal,1862
90,3.003,True,1.0,0.5139202433285633,0.5051341905461507,0.509527216937357,0.28618134327100553,-0.07041666666666668,-0.06962962962962965,0.3568130847683886,0.17949193653849363,0.16954572253075884,1.7804347799669433,0.008786052782412623,0.0007870370370370305,0.028731613359518855,0.8006487999985039,0.11510775411264479,0.11047009510064962,0.0,0.9999999987499999,0.6284816267131853,0.27552081083276464,0.2645108869289226,0.3733823104851992,neutral,01,16,16,female,normal,1862
100,3.336666666666667,True,1.0,0.5450317394352503,0.5341754865952135,0.539603613015232,0.3402722093769428,-0.06828703703703703,-0.06949074074074074,0.34720619390383034,0.23013085200753428,0.17164160640527323,1.585799833619313,0.010856252840036773,0.0012037037037037068,0.02988253295244635,0.6731362923931583,0.11632244602746691,0.10953873019957443,0.0,0.9999999987499999,0.6297503534538815,0.2756243043414789,0.268211350426194,0.37224790657243934,neutral,01,16,16,female,normal,1862
0,0.0,True,1.0,0.5821209942395084,0.571719023818633,0.5769200090290707,0.4093782887500319,-0.07203703703703696,-0.07101851851851848,0.324600380501543,0.2910161011513562,0.18338368042406816,1.409258929657944,0.010401970420875317,0.0010185185185184742,0.0014612761757607005,0.5835885659072674,0.10934653711021357,0.11518744768478609,0.0,0.9999999987499999,0.6510675613839286,0.2907120172899308,0.2710469778307238,0.4138356682276136,neutral,01,16,16,female,normal,1863
10,0.33366666666666667,True,1.0,0.568427317400094,0.544590160189604,0.5565087387948491,0.4018344058075839,-0.07310185185185192,-0.0715277777777778,0.33135744736169775,0.2935795217524305,0.1840779349313567,1.3849205810946166,0.023837157210489957,0.0015740740740741166,0.002832663594413481,0.5852625174856063,0.11168802702785896,0.11375903322036027,0.0,0.9999999987499999,0.6508380897202631,0.2923565121119751,0.2756654851210042,0.4128212746654709,neutral,01,16,16,female,normal,1863
20,0.6673333333333333,True,1.0,0.6028754318333469,0.5968295381660735,0.5998524849997102,0.5652846579525326,-0.0725925925925926,-0.0706944444444444,0.3171090258402204,0.33092439432588866,0.18549729783568353,1.0611511856210334,0.006045893667273372,0.0018981481481482043,0.0049641840468064346,0.4337045854443219,0.11253862069153546,0.11325457945928825,0.0,0.9999999987499999,0.6505802861691552,0.2936456438479768,0.27937891456860625,0.41221020624690297,neutral,01,16,16,female,normal,1863
30,1.0010000000000001,True,1.0,0.46801240805231004,0.4285486109315809,0.4482805094919455,0.8951877198825785,-0.07666666666666672,-0.07518518518518519,0.311833275861811,0.4557080978707831,0.18059780572044004,0.5007670453195519,0.039463797120729116,0.001481481481481528,0.006165522972552728,0.3277602477398323,0.11086868369804566,0.11455770596187952,0.0,0.9999999987499999,0.6507993805178321,0.2935672944561868,0.28005956518471575,0.41681792556712577,neutral,01,16,16,female,normal,1863
40,1.3346666666666667,True,1.0,0.23686482434172298,0.24710482426493027,0.24198482430332663,0.5101974896853293,-0.08486111111111111,-0.08277777777777784,0.3293244459276751,0.3090310755288742,0.1805897789497399,0.4742963836466028,0.010239999923207288,0.0020833333333332704,0.008267923573201,0.45996006982408777,0.11093052497609966,0.11449782377421212,0.0,0.9999999987499999,0.6547638906656413,0.29076240190263825,0.27487594729164794,0.40709073917055794,neutral,01,16,16,female,normal,1863
50,1.6683333333333334,True,1.0,0.5362891861576569,0.5537794441670391,0.545034315162348,0.46303495291800567,-0.07500000000000001,-0.07379629629629625,0.3974975029962061,0.2635440293162541,0.17862647713442117,1.1770910850845915,0.017490258009382198,0.0012037037037037623,0.012137837094591633,0.5161207303049608,0.11249222476716508,0.11330066320454088,0.0,0.9999999987499999,0.6555101743275435,0.2908701610267626,0.2887749264447183,0.4232337844478525,neutral,01,16,16,female,normal,1863
60,2.0020000000000002,True,1.0,0.43580013967685255,0.42039860655318984,0.4280993731150212,0.7468251286944432,-0.0796296296296296,-0.07620370370370372,0.34578249183261706,0.39516175075470533,0.17854445233177615,0.573225721345772,0.015401533123662714,0.003425925925925888,0.00044245985033966665,0.3439651046533202,0.10899561044955486,0.11683151015669452,0.0,0.9999999987499999,0.6543209630492823,0.2918854780897917,0.27225361620219224,0.4095737902458775,neutral,01,16,16,female,normal,1863
70,2.3356666666666666,True,1.0,0.5323993498734185,0.5266241111317945,0.5295117305026065,0.8261849225339478,-0.07185185185185183,-0.0719907407407408,0.29049006220661555,0.4213990659436105,0.18268065722355606,0.6409118782736548,0.005775238741624,0.0001388888888889661,0.0046640892947172,0.29961454889754563,0.11149179703225293,0.1147842844322033,0.0,0.9999999987499999,0.6529396716811726,0.29125515496549564,0.27354551383285153,0.4146600075445922,neutral,01,16,16,female,normal,1863
80,2.6693333333333333,True,1.0,0.5683060109289614,0.5566866506874216,0.5624963308081915,0.3467728906985867,-0.07199074074074069,-0.07152777777777775,0.3387925635930418,0.22588617975122596,0.17859572224812353,1.6220885366068323,0.011619360241539756,0.0004629629629629428,0.004201907092845156,0.6351102729332891,0.126393111327559,0.10452831379797269,0.0,0.9999999987499999,0.5943282170602617,0.2687195535649729,0.2872095438850161,0.3448858317721513,neutral,01,16,16,female,normal,1863
90,3.003,True,1.0,0.5115942202406579,0.4815334681821782,0.4965638442114181,0.28351588306366987,-0.07277777777777777,-0.0730555555555556,0.36241348654036293,0.2113039587215895,0.1757795353139963,1.7514498265337166,0.030060752058479745,0.0002777777777778212,0.0019168681712355788,0.8120336364678061,0.11108293612849039,0.11434996423766709,0.0,0.9999999987499999,0.6583498896120948,0.2885265188140557,0.2723688083668037,0.41358622214761326,neutral,01,16,16,female,normal,1863
100,3.336666666666667,True,1.0,0.48917315796180877,0.5050930133551131,0.4971330856584609,0.33724902911549876,-0.07384259259259263,-0.07217592592592592,0.33266029498389116,0.2526067133213798,0.1792624520635458,1.4740830743450597,0.015919855393304372,0.0016666666666667052,0.005586031471675987,0.6654554258440594,0.11183612012225436,0.11344563151011294,0.0,0.9999999987499999,0.6542769580097664,0.28982413750801417,0.274538266034454,0.41339934063167244,neutral,01,16,16,female,normal,1863
0,0.0,True,1.0,0.4854643198718817,0.4684422203823891,0.4769532701271354,0.3554971844855925,-0.06810185185185186,-0.06416666666666665,0.35708128170104325,0.19250810825773002,0.1736128689147123,1.3416513292989674,0.017022099489492626,0.003935185185185208,0.03168882650142227,0.6326387644294079,0.11696988470508454,0.10654735856856971,0.0,0.9999999987499999,0.6251376029630602,0.2758475454854583,0.2769711532409661,0.38542299500135413,calm,02,16,16,female,normal,1864
10,0.33366666666666667,True,1.0,0.4924370150854095,0.46666832737880537,0.47955267123210743,0.3206954645061901,-0.06731481481481488,-0.0625,0.3655171286856288,0.18197556097660292,0.17431649776999447,1.495352208895524,0.02576868770660412,0.004814814814814883,0.03807941794133223,0.7164145664041058,0.11729511071883994,0.10690447295322733,0.0,0.9999999987499999,0.6215373523081108,0.27485010901286727,0.2775893878494401,0.38260727134260564,calm,02,16,16,female,normal,1864
20,0.6673333333333333,True,1.0,0.5070144986050615,0.46793901390645004,0.4874767562557558,0.3076903093067387,-0.06763888888888886,-0.0622685185185185,0.38163818724840753,0.14685219307821568,0.1750017438529185,1.5843097475318495,0.039075484698611496,0.005370370370370359,0.02874650420916919,0.7428692089954685,0.11460944538287055,0.10873251896201762,0.0,0.9006304158628632,0.6262516478231918,0.27534117640692113,0.26966333474530246,0.3708260752595311,calm,02,16,16,female,normal,1864
30,1.0010000000000001,True,1.0,0.16995829118624348,0.18452470250297398,0.17724149684460871,0.6732067773349073,-0.07851851851851849,-0.07370370370370372,0.4346699824887128,0.15296954330631976,0.17569618140473198,0.2632794303501709,0.014566411316730504,0.004814814814814772,0.02766123773353038,0.37876641207937245,0.11481704981978791,0.10886385358042569,0.0,0.9999999987499999,0.6221461416910515,0.2783976161858383,0.2932660830541399,0.3862552835814309,calm,02,16,16,female,normal,1864
40,1.3346666666666667,True,1.0,0.24707512157389777,0.22144623981814027,0.23426068069601902,0.43093734944873513,-0.07412037037037039,-0.06925925925925924,0.3926235740469491,0.11446773344732078,0.17639580927478637,0.5436072807234987,0.025628881755757504,0.004861111111111149,0.014050523436218511,0.563367386791248,0.09947497604864998,0.11370573304055,0.0,0.9999999987499999,0.6805423686427697,0.2949020378307674,0.28306677594883334,0.44003017790546406,calm,02,16,16,female,normal,1864
50,1.6683333333333334,True,1.0,0.3407655858844619,0.32357943114607246,0.33217250851526714,0.6977397383611117,-0.06708333333333338,-0.06254629629629627,0.3991935526665217,0.21062654940910974,0.17500043596485879,0.47606935688583774,0.017186154738389414,0.004537037037037117,0.018462931187333012,0.37192019487189204,0.09865629935447481,0.11458317123952867,0.0,0.9999999987499999,0.675912220685149,0.29631687491631886,0.28610523878133676,0.44815045628503253,calm,02,16,16,female,normal,1864
60,2.0020000000000002,True,1.0,0.38476271689735136,0.3552785182568054,0.3700206175770784,0.33413890625355375,-0.06578703703703714,-0.0591666666666667,0.3991564505338169,0.1537038968766353,0.17433356625311971,1.107385613144662,0.029484198640545967,0.006620370370370443,0.025660035220485995,0.7650000000000016,0.10054325422680117,0.113267958657493,0.0,0.9999999987499999,0.6807868361563376,0.29157900005623144,0.28489874350143823,0.4485710197041642,calm,02,16,16,female,normal,1864
70,2.3356666666666666,True,1.0,0.3697994449062105,0.35583429031486763,0.36281686761053905,0.4409168733337096,-0.06587962962962962,-0.06143518518518515,0.3765441004099253,0.22042215300029355,0.17507366264951346,0.822869092913892,0.013965154591342843,0.004444444444444473,0.015582532450267068,0.5452200469652169,0.10143838249810903,0.1126362949185969,0.0,0.9999999987499999,0.678015122126976,0.2934555795212139,0.28702940610264777,0.4435718694813385,calm,02,16,16,female,normal,1864
80,2.6693333333333333,True,1.0,0.3969790473604993,0.3878728040521724,0.39242592570633583,0.4682257069331846,-0.0636574074074075,-0.062453703703703733,0.38653559188626124,0.2134266307127639,0.17035578666839632,0.8381127304535944,0.009106243308326933,0.0012037037037037623,0.018737637793368143,0.5136400140600601,0.09988454406927487,0.11384926124141553,0.0,0.9999999987499999,0.6800708586012529,0.2923733043350028,0.2763122013347127,0.43962195653521136,calm,02,16,16,female,normal,1864
90,3.003,True,1.0,0.31652988372488106,0.28983342374997495,0.303181653737428,0.3007000757056099,-0.07050925925925922,-0.06569444444444439,0.3938081683166638,0.17079649730172566,0.17228600199496916,1.0082526684637338,0.026696459974906106,0.004814814814814827,0.028466019102067388,0.8191757547728862,0.1024605265875449,0.11170729997779745,0.0,0.9999999987499999,0.6782202387283037,0.2921525043042738,0.27746523557403124,0.4392526468623411,calm,02,16,16,female,normal,1864
100,3.336666666666667,True,1.0,0.37003111157435387,0.4050501995021893,0.38754065553827155,0.32285604483403807,-0.06685185185185188,-0.06314814814814818,0.398227005659867,0.18140733452768187,0.17436857329742902,1.2003512455140313,0.035019087927835424,0.003703703703703709,0.04068351960165477,0.7305237212402006,0.11633687486718526,0.10688225857057636,0.0,0.9999999987499999,0.6205139594978617,0.27159167979767646,0.2821774640770711,0.3736714724539728,calm,02,16,16,female,normal,1864
110,3.6703333333333332,True,1.0,0.4279806808235875,0.425526718277385,0.42675369955048625,0.3225636839296589,-0.06819444444444439,-0.06189814814814815,0.38130418268092175,0.16824378837488993,0.17570530016453004,1.32300603202296,0.002453962546202504,0.006296296296296244,0.0422087425702866,0.714336316846309,0.11634421641343333,0.10740773156857797,0.0,0.9999999987499999,0.6165386908044468,0.27276346079150826,0.2808610337670173,0.3736813443855996,calm,02,16,16,female,normal,1864
0,0.0,True,1.0,0.49765522263294737,0.48473439905750626,0.4911948108452268,0.37365250752627455,-0.0735185185185186,-0.06907407407407407,0.35221819147740785,0.2727985046441709,0.17366427679865595,1.3145765141444605,0.01292082357544111,0.004444444444444529,0.04274437060269861,0.6279940397929406,0.1270363672773412,0.10484165226979604,0.0,0.9999999987499999,0.5969076542570153,0.2638152399033531,0.2916216703007431,0.36090905333955275,calm,02,16,16,female,normal,1865
10,0.33366666666666667,True,1.0,0.5057306677357007,0.4692454316962342,0.4874880497159675,0.3598654686276141,-0.07527777777777778,-0.07050925925925922,0.3519207933986785,0.2804112926830457,0.17297004580526865,1.3546396979267166,0.03648523603946652,0.004768518518518561,0.04255867511698957,0.6530640110126862,0.1261095372543645,0.10559444767729607,0.0,0.9999999987499999,0.6017702800807823,0.26338693069261976,0.28810342425110813,0.35881786746854394,calm,02,16,16,female,normal,1865
20,0.6673333333333333,True,1.0,0.4481864939812906,0.45989558080310117,0.4540410373921959,0.3994164083738487,-0.07472222222222219,-0.06921296296296298,0.3563811698854893,0.24883315650316074,0.1715495711333122,1.1367611041337573,0.011709086821810544,0.005509259259259214,0.04012553569137461,0.6049466059410566,0.12567252119226066,0.10611418464985414,0.0,0.9999999987499999,0.6013661430353392,0.26213663848421886,0.28647232198181294,0.35513317301904634,calm,02,16,16,female,normal,1865
30,1.0010000000000001,True,1.0,0.19595208205854914,0.20692487714962246,0.20143847960408579,0.7374456327898034,-0.08726851851851852,-0.08046296296296301,0.4076433433055464,0.3071475584169754,0.16948946439867266,0.27315705815767233,0.010972795091073323,0.006805555555555509,0.032127591714804976,0.35959946449568697,0.10955818337919981,0.11581164654341375,0.0,0.9999999987499999,0.6608005305716036,0.29512152906898964,0.30329935526986596,0.45479155755331885,calm,02,16,16,female,normal,1865
40,1.3346666666666667,True,1.0,0.3953495119452463,0.3872566922115547,0.39130310207840047,0.5314031398067528,-0.0781944444444444,-0.07245370370370369,0.37493300036495236,0.26545319187619737,0.1729171078841008,0.7363582801198721,0.008092819733691636,0.005740740740740713,0.03368089173208934,0.43531333466522526,0.1089638492166726,0.11604311564671911,0.0,0.9999999987499999,0.6624057980770433,0.2940888654180761,0.29371630686869404,0.44312553098105445,calm,02,16,16,female,normal,1865
50,1.6683333333333334,True,1.0,0.4273093551703069,0.40783161680715796,0.4175704859887324,0.8234300141886612,-0.07472222222222225,-0.06949074074074069,0.35655755305092846,0.3475667665075012,0.16945570055431025,0.5071110826585199,0.019477738363148922,0.005231481481481559,0.028795459629344596,0.3120199680143282,0.10853943519128835,0.11644018264021046,0.0,0.9999999987499999,0.6641266758343963,0.29369960915328736,0.28873582514036533,0.4391531035923826,calm,02,16,16,female,normal,1865
60,2.0020000000000002,True,1.0,0.42270385190267357,0.3806646429654608,0.40168424743406717,0.2513402355274791,-0.0721296296296296,-0.06731481481481488,0.3621332257633823,0.1870495164314404,0.17375343558559372,1.5981692966550551,0.042039208937212746,0.004814814814814716,0.044949741815145106,0.9009399439064262,0.1267363443165992,0.10556570269826819,0.0,0.9999999987499999,0.5927638596923145,0.26335652173763724,0.3069275701133159,0.3719222834897255,calm,02,16,16,female,normal,1865
70,2.3356666666666666,True,1.0,0.24714162262485118,0.25035988502316286,0.24875075382400702,0.5162052392113827,-0.08263888888888887,-0.07624999999999998,0.35979751677502836,0.2921385713843027,0.17104935053030823,0.4818834349764226,0.0032182623983116887,0.006388888888888888,0.04722894848153563,0.4618997062386299,0.12567673692503764,0.10682498000426312,0.0,0.9999999987499999,0.5935629563075231,0.26489931283798074,0.301376920547878,0.35913375509458595,calm,02,16,16,female,normal,1865
80,2.6693333333333333,True,1.0,0.41848262151405824,0.4114208595003869,0.4149517405072226,0.7096296386419568,-0.07541666666666674,-0.06944444444444436,0.3256388267068031,0.35439113470178646,0.16883859075034505,0.584744094541105,0.007061762013671313,0.005972222222222379,0.045078429103272526,0.34813094623967983,0.12632527923484912,0.10587746897080838,0.0,0.9999999987499999,0.5905501973211159,0.26173043575038396,0.29439648616673686,0.35564440546972453,calm,02,16,16,female,normal,1865
90,3.003,True,1.0,0.44348908561153233,0.42340137646753595,0.43344523103953414,0.31077026543802905,-0.07504629629629633,-0.06842592592592589,0.37282380938808424,0.20171336555981614,0.1687952051720146,1.3947448621849177,0.02008770914399638,0.006620370370370443,0.0507243213499747,0.7416592976230605,0.12841549612684777,0.10388400650184376,0.0,0.9999999987499999,0.5917104667257529,0.26190420187274754,0.30091426542433725,0.3629705529045198,calm,02,16,16,female,normal,1865
100,3.336666666666667,True,1.0,0.401938912324559,0.39302386520216603,0.3974813887633625,0.3181731122032506,-0.07421296296296298,-0.06731481481481477,0.37835604807758294,0.19175616639631543,0.16881509161283534,1.2492614036771572,0.008915047122392938,0.006898148148148209,0.04991403434793337,0.6830905357972877,0.12692851480941744,0.10387751972943526,0.0,0.9999999987499999,0.5907897308610944,0.26255134205469416,0.30164292835677764,0.3652023316175108,calm,02,16,16,female,normal,1865
110,3.6703333333333332,True,1.0,0.40725003177617797,0.3965209906423031,0.40188551120924054,0.29846940644520237,-0.07449074074074075,-0.06824074074074066,0.40421549251176664,0.22360652816279578,0.17018372513671265,1.3464881241790685,0.01072904113387485,0.006250000000000089,0.04981392097805459,0.7537877466355775,0.1268675398188583,0.10450036440008299,0.0,0.9999999987499999,0.5885839298062975,0.26216560027076424,0.30536204982261433,0.36627515322764537,calm,02,16,16,female,normal,1865
0,0.0,True,1.0,0.5375465638320139,0.5132873182938108,0.5254169410629124,0.38005911066471326,-0.06606481481481491,-0.06648148148148147,0.34034849447384413,0.23592251660067665,0.1729801903900014,1.3824611128094577,0.024259245538203134,0.00041666666666656527,0.028535618371296017,0.6635082830048075,0.11491537471377208,0.11015253869198845,0.0,0.9999999987499999,0.6278071935805571,0.275283126067335,0.26546113354846373,0.3801745598965202,calm,02,16,16,female,normal,1866
10,0.33366666666666667,True,1.0,0.5230608657087564,0.4781494205138314,0.5006051431112939,0.7155042472332079,-0.0656018518518518,-0.06666666666666671,0.3259054243941304,0.3329249302510513,0.1736853628108892,0.6996536289576057,0.044911445194925015,0.0010648148148149073,0.026421742073696294,0.3476961790137987,0.11458282410997638,0.11152813649459727,0.0,0.9999999987499999,0.6295630632018433,0.27597178484335166,0.26556361564942405,0.37067977290506465,calm,02,16,16,female,normal,1866
20,0.6673333333333333,True,1.0,0.4972016952381661,0.4821965548690976,0.4896991250536319,0.7279332326293227,-0.06800925925925916,-0.0683333333333333,0.3513022543120359,0.3258521188940483,0.17021465526170562,0.6727253312571263,0.01500514036906847,0.00032407407407414324,0.02969558943635942,0.33381811931293737,0.11666619234121434,0.11055982999461512,0.0,0.9999999987499999,0.6274507138245924,0.27812747316237973,0.27317594194209704,0.37483557161279507,calm,02,16,16,female,normal,1866
30,1.0010000000000001,True,1.0,0.41122609648596725,0.3946842848210561,0.4029551906535117,0.8518653427871348,-0.06810185185185186,-0.06847222222222232,0.3508445462097538,0.3799904390858451,0.17086950399915843,0.4730268628315387,0.016541811664911144,0.0003703703703704653,0.022069109317796126,0.3157038985961891,0.11469370740340724,0.11226585425060959,0.0,0.9999999987499999,0.632028631851178,0.27608822511901837,0.27737971352819846,0.3821338472988606,calm,02,16,16,female,normal,1866
40,1.3346666666666667,True,1.0,0.4428012364880774,0.409057421381436,0.4259293289347567,0.4953159448143159,-0.06847222222222221,-0.06921296296296303,0.36645153136929515,0.2761901019778288,0.16608985835800663,0.8599144311706524,0.03374381510664137,0.0007407407407408195,0.03282762294669789,0.49870640649958226,0.11395121288995595,0.11318786850522392,0.0,0.9999999987499999,0.6383179005195829,0.2732658695444679,0.2698530220978931,0.37750529103998703,calm,02,16,16,female,normal,1866
50,1.6683333333333334,True,1.0,0.4753901326540255,0.48031571083303853,0.477852921743532,0.5131696197113582,-0.06398148148148147,-0.0668981481481482,0.4270389321258523,0.19334917815299538,0.1634004833447457,0.9311792892422378,0.004925578179013013,0.002916666666666734,0.02925307401048585,0.4883419267057743,0.11652492266825253,0.11036399297742235,0.0,0.9999999987499999,0.633943041794843,0.2773736664101256,0.29079701312396933,0.39277539964536756,calm,02,16,16,female,normal,1866
60,2.0020000000000002,True,1.0,0.22360051588430374,0.2037361027827031,0.21366830933350342,0.43158656272907525,-0.07796296296296301,-0.07893518518518516,0.3454077766802528,0.18437135973964408,0.16623678646551954,0.4950763711974783,0.019864413101600642,0.0009722222222221522,0.03225151427883746,0.5511149814442325,0.11470850928000018,0.1113988631449093,0.0,0.9999999987499999,0.6349839267034939,0.2737420457730913,0.26421590973891057,0.36219464038897575,calm,02,16,16,female,normal,1866
70,2.3356666666666666,True,1.0,0.30690433183231536,0.3069043318323143,0.3069043318323148,0.48032052523857494,-0.06509259259259265,-0.06962962962962965,0.3638318775124458,0.26787330316742125,0.16329959881433115,0.6389573539041988,1.0547118733938987e-15,0.004537037037037006,0.04199256428605413,0.5228061147134985,0.11332832524840503,0.11414583254573003,0.0,0.9999999987499999,0.6326251032444228,0.2745903954889941,0.2754256673583262,0.37755380689726836,calm,02,16,16,female,normal,1866
80,2.6693333333333333,True,1.0,0.463222806413729,0.43313719638378584,0.4481800013987574,0.5890320982732488,-0.061990740740740735,-0.06680555555555551,0.36654870205270645,0.24311426983991913,0.17270397227641035,0.7608753456944025,0.030085610029943144,0.004814814814814772,0.055061659243814814,0.4404172716406739,0.117495188358159,0.10985199636033177,0.0,0.9999999987499999,0.6246909492156236,0.2761913221360569,0.28317599438714025,0.37762622406577967,calm,02,16,16,female,normal,1866
90,3.003,True,1.0,0.42246351420571593,0.38794846110564774,0.40520598765568183,0.266574617493592,-0.06171296296296297,-0.06532407407407409,0.4087825874153354,0.14304003865509754,0.1712348004330319,1.5200471502708703,0.034515053100068194,0.0036111111111111205,0.05174841050900388,0.8995555862900859,0.11523372566852443,0.11136987529062996,0.0,0.9999999987499999,0.6254654893598064,0.27476410237663684,0.27953270151219595,0.3822071256590772,calm,02,16,16,female,normal,1866
100,3.336666666666667,True,1.0,0.5070144986050623,0.4567318059318653,0.48187315226846383,0.2817825817947559,-0.06069444444444444,-0.06518518518518518,0.400244998572792,0.1450723279283196,0.17123480043303202,1.7100884987257636,0.050282692673197016,0.00449074074074074,0.05781047916319665,0.8382463312304642,0.11576889163599001,0.11149905906850564,0.0,0.9999999987499999,0.6248608616180847,0.2746589165835865,0.2811408679403952,0.3843246899363708,calm,02,16,16,female,normal,1866
110,3.6703333333333332,True,1.0,0.5042026654140889,0.44559703891455466,0.47489985216432173,0.2841424216938687,-0.06046296296296305,-0.06462962962962954,0.40225300839658007,0.12568732789541148,0.1740605294178855,1.6713444241563216,0.058605626499534214,0.004166666666666485,0.05074788164960246,0.8506533436783208,0.11574010933466136,0.11067151303399594,0.0,0.9999999987499999,0.6230739055075154,0.2742403801887647,0.28221078035769354,0.3833368763897632,calm,02,16,16,female,normal,1866
0,0.0,True,1.0,0.46574694567893776,0.45520034817768484,0.4604736469283113,0.3534687328817791,-0.06703703703703695,-0.07129629629629625,0.35201566057786693,0.26779874376073903,0.16849126599315778,1.3027280890565247,0.010546597501252919,0.004259259259259296,0.05580638273270902,0.6329732508316146,0.12202736402858204,0.10854531643069562,0.0,0.9999999987499999,0.5969639198804522,0.26966543954483907,0.2783906721321091,0.3650541851570293,calm,02,16,16,female,normal,1867
10,0.33366666666666667,True,1.0,0.45080166323924453,0.43302251421065013,0.44191208872494736,0.34806452647258757,-0.06513888888888886,-0.07092592592592589,0.35764301901823037,0.23519577285075557,0.1678568131629941,1.2696269085604475,0.0177791490285944,0.005787037037037035,0.05826527709581609,0.6687516531455485,0.12376001338861861,0.10602787621413771,0.0,0.9999999987499999,0.5972670925401411,0.26912397424664525,0.2922677530457169,0.374829268554506,calm,02,16,16,female,normal,1867
20,0.6673333333333333,True,1.0,0.4050188565933395,0.42672505425269863,0.4158719554230191,0.3135331024322909,-0.06513888888888891,-0.07268518518518513,0.37965969630489155,0.2006733155103415,0.16528690145547448,1.326405257361394,0.021706197659359106,0.007546296296296218,0.05698119332110938,0.7191540319155503,0.12287447095136786,0.10723068490029523,0.0,0.9999999987499999,0.5996522825067527,0.2683496279489476,0.2895709115925643,0.3739642986041315,calm,02,16,16,female,normal,1867
30,1.0010000000000001,True,1.0,0.13043519803519968,0.1454016046283649,0.1379184013317823,0.6678206224687329,-0.07981481481481473,-0.08013888888888893,0.37212564062003023,0.3118070846903699,0.17497003423206925,0.20652012934542102,0.014966406593165227,0.00032407407407419875,0.055432814164423416,0.3960167371733826,0.10822450029326748,0.11492362349916267,0.0,0.9999999987499999,0.6516953858105743,0.2903268621049566,0.2861542869422523,0.42902391526743633,calm,02,16,16,female,normal,1867
40,1.3346666666666667,True,1.0,0.23576974012064567,0.23468164169318306,0.23522569090691436,0.43656596958568794,-0.07273148148148151,-0.07583333333333331,0.37090115080187863,0.26950199460506463,0.16125344022223817,0.5388090398574801,0.0010880984274626027,0.0031018518518518,0.06049094163832478,0.5528101636681104,0.12227110217748283,0.10720968789237177,0.0,0.9999999987499999,0.6047231460943753,0.2733776203954103,0.2991633862941885,0.3705937472480133,calm,02,16,16,female,normal,1867
50,1.6683333333333334,True,1.0,0.353994934458946,0.317909043118382,0.33595198878866395,0.4937188060709972,-0.06509259259259259,-0.07004629629629633,0.43937791926173103,0.2647739604048589,0.15014663875471962,0.6804520805317547,0.036085891340564,0.004953703703703738,0.07824361698287334,0.541120490818554,0.10611096398412609,0.11573122910835483,0.0,0.9999999987499999,0.6737893713266557,0.29653350961427166,0.30007298264346594,0.44819828230118014,calm,02,16,16,female,normal,1867
60,2.0020000000000002,True,1.0,0.19455877650928424,0.18644175518853523,0.19050026584890972,0.5035345545698505,-0.08231481481481479,-0.08439814814814811,0.37486573620675195,0.24831900187933412,0.15888938304999156,0.37832610318401383,0.008117021320749013,0.002083333333333326,0.0677406150010993,0.477422471782391,0.11991497573446773,0.11018505386428865,0.0,0.9999999987499999,0.5912234694502801,0.26917088887322094,0.2953331274556337,0.36895916492329783,calm,02,16,16,female,normal,1867
70,2.3356666666666666,True,1.0,0.1704103492781581,0.13352565037160277,0.15196799982488043,0.4055077518340246,-0.07657407407407402,-0.07879629629629625,0.37843714548682694,0.28462313491083385,0.16148194645131939,0.3747597897637265,0.036884698906555324,0.0022222222222222365,0.07789916455305317,0.5795022993702234,0.12372268247704621,0.10696573763076586,0.0,0.9999999987499999,0.5899127168992597,0.27351597034716474,0.3162207398956166,0.3784483860629156,calm,02,16,16,female,normal,1867
80,2.6693333333333333,True,1.0,0.3155018905299991,0.28974818086634224,0.3026250356981707,0.48416728016226057,-0.06800925925925921,-0.0721296296296296,0.3893493517848124,0.2710339396946547,0.15467259327725488,0.6250423109896046,0.025753709663656865,0.004120370370370385,0.06985403666777623,0.5148294267825494,0.12323558443710202,0.10770360189841532,0.0,0.9999999987499999,0.5921578749781163,0.27093055494831336,0.31070673120036085,0.38066367312283483,calm,02,16,16,female,normal,1867
90,3.003,True,1.0,0.38858642182317044,0.3574972925754534,0.37304185719931193,0.27811505196315783,-0.06476851851851856,-0.06976851851851851,0.41075912910762263,0.18371397332464007,0.16390397456795092,1.341322070006945,0.031089129247717062,0.004999999999999949,0.07300983567943392,0.8045392567513829,0.12048886190734197,0.11025061200184348,0.0,0.9999999987499999,0.5872294812768858,0.27120311725335305,0.3024075593581013,0.3886197880965029,calm,02,16,16,female,normal,1867
100,3.336666666666667,True,1.0,0.19129535799074257,0.19490406202367608,0.19309971000720932,0.30543232464454867,-0.07050925925925922,-0.07657407407407413,0.3755050086443817,0.2029454084301112,0.16633222013678742,0.6322176614146258,0.0036087040329335074,0.006064814814814912,0.06935668266305597,0.7863131881426643,0.12410132224877565,0.10598830671191604,0.0,0.9999999987499999,0.5887119535392282,0.2705987978690371,0.3051553979459729,0.379656549407836,calm,02,16,16,female,normal,1867
0,0.0,True,1.0,0.3885615270286351,0.41287656617633106,0.4007190466024831,0.3670478521797937,-0.07240740740740742,-0.07078703703703704,0.3618121535539437,0.19067192544440684,0.17988825674602404,1.0917351626572003,0.02431503914769595,0.0016203703703703831,0.007173333590450237,0.6344170299888893,0.11644769463105974,0.1097533014267747,0.0,0.9999999987499999,0.6206029860381653,0.2755382625675048,0.2723195612558181,0.3739324537896023,calm,02,16,16,female,strong,1868
10,0.33366666666666667,True,1.0,0.42096400006158263,0.4281544069966781,0.42455920352913035,0.4621105228493226,-0.07217592592592598,-0.06986111111111104,0.3475536182464635,0.21550010704947653,0.1778395651362625,0.9187395277461874,0.0071904069350954836,0.002314814814814936,0.0032356125930558294,0.525687642467304,0.10072415962503899,0.11276973087540659,0.0,0.9999999987499999,0.6812968770555098,0.29487684570998346,0.26398646858065644,0.4197546169919923,calm,02,16,16,female,strong,1868
20,0.6673333333333333,True,1.0,0.4524855241049168,0.4119397553943987,0.43221263974965773,0.7004606003395738,-0.0732870370370371,-0.06912037037037033,0.3632664023005101,0.29183854520015173,0.1736853628108891,0.6170406151896722,0.040545768710518126,0.004166666666666763,0.003942071149413216,0.352155063238142,0.10077555795020479,0.11272380162935886,0.0,0.9999999987499999,0.6775433245954632,0.29482036904414316,0.2656995886695663,0.42455941615060966,calm,02,16,16,female,strong,1868
30,1.0010000000000001,True,1.0,0.36240012869373356,0.3364877531453142,0.3494439409195239,0.6075553469022308,-0.07268518518518519,-0.07009259259259248,0.4388509259790471,0.17001869373189601,0.17382367629381526,0.5751639627587003,0.025912375548419353,0.002592592592592702,0.00374632892868095,0.4067389302996602,0.09879777202882532,0.11396076927370369,0.0,0.9999999987499999,0.6793728622151987,0.2930896253879941,0.27559721885890226,0.4372399851401623,calm,02,16,16,female,strong,1868
40,1.3346666666666667,True,1.0,0.3285067758750209,0.3161200839561294,0.32231342991557516,0.4432161172963837,-0.07194444444444448,-0.06856481481481486,0.4077396144557227,0.16909512922818398,0.17118310864109162,0.7272150477777876,0.012386691918891524,0.0033796296296296213,0.021241565632639778,0.53554296355434,0.11374609653117547,0.11015544932937213,0.0,0.9999999987499999,0.6271577065904487,0.2807071994023768,0.29283878436022914,0.3801299076361019,calm,02,16,16,female,strong,1868
50,1.6683333333333334,True,1.0,0.2797536806004913,0.2580472097904644,0.26890044519547784,0.8221313062980182,-0.06930555555555556,-0.06657407407407412,0.4180989564952239,0.2653633588313687,0.16982269038353517,0.32707724804485533,0.021706470810026857,0.002731481481481446,0.018770285483607145,0.32899487584282266,0.1000542843374114,0.11302787631603567,0.0,0.9999999987499999,0.677852897651248,0.29265814985125027,0.2812325444927706,0.43904259812100105,calm,02,16,16,female,strong,1868
60,2.0020000000000002,True,1.0,0.3107124426529717,0.2878623465865346,0.2992873946197532,0.2964336607846826,-0.061203703703703705,-0.06050925925925926,0.42220794314798527,0.13913460829656135,0.17438458343642962,1.0096268886182378,0.02285009606643712,0.000694444444444442,0.03901063854682947,0.8464941824970601,0.10951176919274547,0.1113269906417353,0.0,0.9999999987499999,0.6355459300751551,0.2715634429328688,0.2811904968039283,0.38005774757444155,calm,02,16,16,female,strong,1868
70,2.3356666666666666,True,1.0,0.37351145139303055,0.3462332899101107,0.35987237065157063,0.436555561733166,-0.0660648148148148,-0.06777777777777771,0.37551838017123385,0.27712359134936654,0.16847062010464978,0.82434494528679,0.027278161482919838,0.0017129629629629162,0.04783967981020067,0.5684573520651914,0.11299560497657131,0.10778923737389988,0.0,0.9999999987499999,0.6329842833695979,0.27643643299568127,0.2876652655903659,0.38011579615334457,calm,02,16,16,female,strong,1868
80,2.6693333333333333,True,1.0,0.31560306011523825,0.29740080255451024,0.30650193133487424,0.6397240452185236,-0.06800925925925927,-0.07101851851851848,0.35539614846630513,0.35993803660143464,0.1599928121953795,0.47911585257073797,0.01820225756072802,0.0030092592592592116,0.07254748603227756,0.3911728802564962,0.11184676057793924,0.10757321695071714,0.0,0.9999999987499999,0.644427331432573,0.2736193045753941,0.2732450263381997,0.3590475723897797,calm,02,16,16,female,strong,1868
90,3.003,True,1.0,0.3553813258747445,0.3600098199255157,0.3576955729001301,0.32642469016467984,-0.06314814814814812,-0.06888888888888889,0.38469649387270877,0.2502370381337541,0.15534498706979913,1.0957981539928068,0.004628494050771148,0.0057407407407407685,0.07268370224695837,0.7162053748363881,0.11613648633765053,0.11025549078195904,0.0,0.9999999987499999,0.6212646390509329,0.2758759861853713,0.2857315943252243,0.3806673813012948,calm,02,16,16,female,strong,1868
100,3.336666666666667,True,1.0,0.35319800791322364,0.3622131297762844,0.357705568844754,0.2898202503575855,-0.06143518518518526,-0.0685648148148148,0.3872780068978393,0.2316699935320743,0.1537015357283796,1.2342324885973646,0.009015121863060749,0.007129629629629541,0.06660088749325152,0.81082213651506,0.1188593832120857,0.1069588511266081,0.0,0.9999999987499999,0.6203098824060875,0.276142020509644,0.2893402558842055,0.3797924571718405,calm,02,16,16,female,strong,1868
110,3.6703333333333332,True,1.0,0.45598944328575114,0.43796681143113664,0.4469781273584439,0.2958318827004437,-0.06000000000000005,-0.06685185185185183,0.3874134839340618,0.2330041418256101,0.15419760881342476,1.5109193886686287,0.0180226318546145,0.006851851851851776,0.07472396702118952,0.7950004580391219,0.1195811291160627,0.10668839774669817,0.0,0.9999999987499999,0.6189248775916617,0.2758260013226039,0.2835308561816298,0.37380435106842425,calm,02,16,16,female,strong,1868
0,0.0,True,1.0,0.4330620854477712,0.44982890099714584,0.4414454932224585,0.30230662745190096,-0.07324074074074083,-0.06587962962962962,0.3805780899202952,0.15605403819017138,0.1801700748248418,1.4602574113023556,0.016766815549374647,0.007361111111111207,0.08721181155220802,0.7696019222254291,0.11414992876574938,0.11197116849309338,0.0,0.9999999987499999,0.6395759322791617,0.28820450423458627,0.2943703166205821,0.43541313874542825,calm,02,16,16,female,strong,1869
10,0.33366666666666667,True,1.0,0.43613532952109385,0.4641552529105016,0.4501452912157977,0.2920369142452879,-0.07347222222222216,-0.06532407407407403,0.3923388581278842,0.11306452364121183,0.17885654365021367,1.541398601540185,0.02801992338940773,0.008148148148148127,0.08744183827741263,0.8036349399255077,0.11443995702979314,0.11235506591396963,0.0,0.9999999987499999,0.6428021747214511,0.28670854551989894,0.2950037487694604,0.43481895551136046,calm,02,16,16,female,strong,1869
20,0.6673333333333333,True,1.0,0.3840455346918447,0.37687563044326355,0.3804605825675541,0.45806517872847075,-0.07592592592592584,-0.06537037037037041,0.3935422391726154,0.17708041055925963,0.17735240166427135,0.830581760490206,0.00716990424858116,0.01055555555555543,0.07881183537614626,0.5386794776868777,0.11399686765502842,0.11398072818958616,0.0,0.9999999987499999,0.6386258471982543,0.2878029493658959,0.3005439171245671,0.4319188905998834,calm,02,16,16,female,strong,1869
30,1.0010000000000001,True,1.0,0.1340888893485048,0.1576923076923077,0.14589059852040626,0.6906265662755419,-0.08337962962962958,-0.07185185185185189,0.45363046796851836,0.21854207173777002,0.17878358615153647,0.21124382646786244,0.02360341834380289,0.011527777777777692,0.06630969900826293,0.37337235900589133,0.11412987497031402,0.11384754662735544,0.0,0.9999999987499999,0.6412955354407388,0.29127011310661954,0.31718926300032246,0.45074927038691026,calm,02,16,16,female,strong,1869
40,1.3346666666666667,True,1.0,0.32354154646344313,0.33035917080405747,0.3269503586337503,0.46577967668389786,-0.07666666666666666,-0.06731481481481483,0.4105972955992419,0.18980202023279272,0.17569835258094366,0.7019420876442313,0.006817624340614337,0.009351851851851833,0.04345599697101574,0.49920764554892083,0.10564127249767315,0.11500629539810688,0.0,0.9999999987499999,0.660250633261117,0.2962084926961613,0.3065512859929987,0.44776166464440975,calm,02,16,16,female,strong,1869
50,1.6683333333333334,True,1.0,0.4019030054882963,0.37732730242690793,0.38961515395760216,0.911508586367314,-0.08388888888888885,-0.07268518518518519,0.38598481364297194,0.3770289852174004,0.177090226581521,0.42743991640315443,0.0245757030613884,0.01120370370370366,0.04398004515425581,0.2919815279951719,0.10662844592168581,0.11442512334178237,0.0,0.9999999987499999,0.6600806698773259,0.294561592790402,0.29560292619497897,0.44146069672689314,calm,02,16,16,female,strong,1869
60,2.0020000000000002,True,1.0,0.3213137309485544,0.28953112902569006,0.3054224299871222,0.2349077673296774,-0.08268518518518514,-0.07449074074074075,0.3820047659363789,0.2413151821630192,0.175,1.3001802088497234,0.03178260192286436,0.008194444444444393,0.045696065276902106,0.9995120760870831,0.11019214802534182,0.11504312055129345,0.0,0.9999999987499999,0.6683557691904886,0.2872727896457503,0.2917934818194184,0.42434705217766694,calm,02,16,16,female,strong,1869
70,2.3356666666666666,True,1.0,0.3110302879429251,0.27406497866218327,0.2925476333025542,0.6011129913693736,-0.08152777777777775,-0.07379629629629625,0.3911842058430369,0.3389011396337509,0.16807779912804383,0.486676610725235,0.03696530928074182,0.007731481481481506,0.026425121275522538,0.43082021065496096,0.10878950390884033,0.11505321087094013,0.0,0.9999999987499999,0.664464651970163,0.29080907132358597,0.29181999269233494,0.4263527077710985,calm,02,16,16,female,strong,1869
80,2.6693333333333333,True,1.0,0.28584902706716486,0.27876812314663796,0.28230857510690144,0.6351003539990417,-0.08236111111111111,-0.0763888888888889,0.34803343358522765,0.2885876650176005,0.17298019039000134,0.44451018383045554,0.007080903920526904,0.005972222222222212,0.010923492329096332,0.38608076076531567,0.10831867614046584,0.1133318603649474,0.0,0.9999999987499999,0.6641809148268683,0.29518407296456606,0.2883068321015,0.42234218120669,calm,02,16,16,female,strong,1869
90,3.003,True,1.0,0.37840565859825176,0.36160106292887145,0.3700033607635616,0.3737479541106071,-0.07175925925925924,-0.0693981481481481,0.3886226953537696,0.2575634783237922,0.16615599208464535,0.9899809663013238,0.016804595669380307,0.002361111111111147,0.00987604811659836,0.6589870885935004,0.12562964342274097,0.10490122891257189,0.0,0.9999999987499999,0.6139889465551847,0.2635748941258198,0.2940360500311307,0.3662380316313807,calm,02,16,16,female,strong,1869
100,3.336666666666667,True,1.0,0.3584229390681001,0.36801802850162485,0.3632204837848625,0.29625745857395264,-0.07199074074074069,-0.06981481481481483,0.3874596991200007,0.20584605032306416,0.17039698394439287,1.2260298374705538,0.009595089433524773,0.002175925925925859,0.0025662851517725353,0.7828795400461191,0.12413224826103539,0.10613174941036983,0.0,0.9999999987499999,0.6140579566201481,0.2646431382445169,0.2873837118165895,0.3655765546226467,calm,02,16,16,female,strong,1869
110,3.6703333333333332,True,1.0,0.41575088812410915,0.43546496278855323,0.4256079254563312,0.2944117999356593,-0.07027777777777783,-0.07111111111111118,0.387845714401233,0.2223527225746143,0.17075167447088566,1.4456211522409885,0.01971407466444408,0.0008333333333333526,0.0022513925479174892,0.7574803332542981,0.1273502155442329,0.10446019941988208,0.0,0.9999999987499999,0.5875980247020685,0.2604384431699901,0.3045273179697148,0.36789776377412786,calm,02,16,16,female,strong,1869
0,0.0,True,1.0,0.48259739471967683,0.47564990575644267,0.47912365023805975,0.34404343110335206,-0.07287037037037042,-0.06458333333333333,0.35982490944903606,0.23340943421419091,0.16594300449619134,1.3926254853973046,0.006947488963234161,0.008287037037037093,0.08491674436903446,0.6794417388124466,0.12126022158161005,0.10675749500382258,0.0,0.9999999987499999,0.6219846065379278,0.2755259410976851,0.28537306175995336,0.38069601339646564,calm,02,16,16,female,strong,1870
10,0.33366666666666667,True,1.0,0.46804441554686305,0.441022738928386,0.45453357723762455,0.3351815390017187,-0.0721296296296296,-0.06365740740740738,0.35456294351160095,0.2226441502801743,0.16808891140508248,1.3560817776282537,0.027021676618477042,0.008472222222222214,0.0867916673521256,0.722281435634254,0.10305998828140106,0.11336079794211952,0.0,0.9999999987499999,0.6770163194731017,0.2915966711233015,0.2739301994263886,0.4425976836672383,calm,02,16,16,female,strong,1870
20,0.6673333333333333,True,1.0,0.4271347029720867,0.4399199557057762,0.43352732933893146,0.33633447770969266,-0.06949074074074074,-0.061064814814814794,0.36693344807407896,0.17906081030930054,0.16386812872426829,1.2889767718465392,0.012785252733689467,0.008425925925925948,0.10054483783607326,0.6902282914656727,0.11950914668618354,0.10958689553544101,0.0,0.9999999987499999,0.6221288295787063,0.2733597800266813,0.28428172142595737,0.37905756562733095,calm,02,16,16,female,strong,1870
30,1.0010000000000001,True,1.0,0.3818174584478455,0.35589618473630275,0.3688568215920741,0.6307286822211242,-0.07027777777777783,-0.06115740740740738,0.380648707039609,0.21985706303399444,0.17027493873982755,0.5848106039718015,0.025921273711542736,0.009120370370370445,0.08718918052774545,0.3969557485300225,0.11605607231328922,0.10982091304891382,0.0,0.9999999987499999,0.6244749315116671,0.2777588054701538,0.2995294454400616,0.3886997939377397,calm,02,16,16,female,strong,1870
40,1.3346666666666667,True,1.0,0.3672817525085917,0.37004359866787884,0.3686626755882353,0.45013061351072337,-0.06967592592592581,-0.06189814814814815,0.39963446817312825,0.17253342784570294,0.1707516744708856,0.8190126699290865,0.0027618461592871513,0.007777777777777661,0.07584800573693878,0.5387064585083489,0.10156698291666613,0.11285847887026289,0.0,0.9999999987499999,0.6766414309161165,0.2933017782012455,0.28784570065356485,0.44481400028954265,calm,02,16,16,female,strong,1870
50,1.6683333333333334,True,1.0,0.29961608123806904,0.30858426995852667,0.30410017559829783,0.4958977459267844,-0.07412037037037039,-0.06134259259259256,0.44440100479730255,0.18169473357268368,0.16552178956651328,0.6132316149773264,0.008968188720457626,0.012777777777777832,0.07579046445896608,0.49924803488241726,0.09731933690885627,0.11356039749571727,0.0,0.9999999987499999,0.69419419528749,0.29529150173829016,0.29493110178798876,0.44563434849912337,calm,02,16,16,female,strong,1870
60,2.0020000000000002,True,1.0,0.36846027892262606,0.3404374634311918,0.35444887117690893,0.25935224124501893,-0.07097222222222227,-0.06134259259259256,0.39214710654845897,0.1461092677995107,0.16894926386275144,1.3666697826684635,0.02802281549143426,0.00962962962962971,0.09628080677561167,0.9013878188659966,0.09795611774355852,0.11199550226323009,0.0,0.9999999987499999,0.6948727061371425,0.2937342842040121,0.29128789712744885,0.4466851613125728,calm,02,16,16,female,strong,1870
70,2.3356666666666666,True,1.0,0.1751078996682375,0.16274063301473174,0.1689242663414846,0.483941325269115,-0.08083333333333326,-0.07120370370370371,0.3702107083226625,0.2246601047780204,0.1647876756844533,0.34905939526356317,0.012367266653505765,0.009629629629629544,0.09527912252842868,0.5140082699063837,0.1211374377339899,0.10760734662098327,0.0,0.9999999987499999,0.6227406197010054,0.27347907595945464,0.3064307416264955,0.3831568960728488,calm,02,16,16,female,strong,1870
80,2.6693333333333333,True,1.0,0.30535867473079603,0.26831322968440163,0.28683595220759883,0.5802188658865776,-0.07749999999999996,-0.06611111111111106,0.34966332009577866,0.2801007051911857,0.1661291029197657,0.49435819665965525,0.0370454450463944,0.011388888888888893,0.09683200973976673,0.46517454718504986,0.101860443658839,0.1149382162500806,0.0,0.9999999987499999,0.6774462098667593,0.2910462323460334,0.2793477616039686,0.4417424595336286,calm,02,16,16,female,strong,1870
90,3.003,True,1.0,0.35832006517426523,0.33161620350614307,0.3449681343402041,0.27983296719820233,-0.06930555555555562,-0.062499999999999944,0.3868038083583444,0.1758994398416866,0.16386812872426829,1.2327644515732392,0.026703861668122164,0.006805555555555676,0.10851123595892694,0.8506533436783239,0.12110534931794224,0.10746632163973355,0.0,0.9615485623695027,0.623572157933486,0.2719518701640933,0.301510341342631,0.38899976158016897,calm,02,16,16,female,strong,1870
100,3.336666666666667,True,1.0,0.39779886575798235,0.409448361675467,0.40362361371672467,0.28807434162762685,-0.06958333333333333,-0.0596296296296297,0.4000031475295712,0.19884438084321993,0.1631073386032952,1.4011092117272288,0.011649495917484654,0.009953703703703631,0.10365218142254622,0.7904959204185151,0.09872816458207664,0.11216801142360082,0.0,0.9999999987499999,0.6942790946769332,0.29318853767459946,0.27997494103041887,0.43534121692206484,calm,02,16,16,female,strong,1870
110,3.6703333333333332,True,1.0,0.38192499431522836,0.3814864783099187,0.38170573631257354,0.2523596586827111,-0.06722222222222218,-0.05856481481481479,0.3957301267251001,0.17829959260123004,0.16159529734326053,1.5125465706564765,0.0004385160053096415,0.008657407407407391,0.11561926194401193,0.9424736579686579,0.11569837211046266,0.1103704466883404,0.0,0.9999999987499999,0.6245229502582282,0.2732579786110639,0.290459826584308,0.39039606664001547,calm,02,16,16,female,strong,1870
0,0.0,True,1.0,0.43500190762861735,0.3741087984600009,0.4045553530443091,0.36188355817260326,-0.06273148148148144,-0.07157407407407412,0.357933576814093,0.22868422258935467,0.16389075096782327,1.1179158154827062,0.060893109168616455,0.00884259259259268,0.08992195216596077,0.6444817657104001,0.11631048153990942,0.1069109794862117,0.0,0.9999999987499999,0.6129208385854342,0.28293144203430665,0.26921066099733276,0.3684800112569024,calm,02,16,16,female,strong,1871
10,0.33366666666666667,True,1.0,0.4240745966487436,0.3979269989173176,0.41100079778303056,0.35209954678256,-0.06324074074074076,-0.07194444444444442,0.365862384531343,0.20908326448704076,0.16388888888888886,1.1672857904496117,0.026147597731425998,0.008703703703703658,0.09363091157531053,0.6473822468873424,0.11483217044526423,0.10761569840755582,0.0,0.9999999987499999,0.614801732302296,0.2820154595231335,0.2652219635280029,0.3632400848183177,calm,02,16,16,female,strong,1871
20,0.6673333333333333,True,1.0,0.37980791441581635,0.34448348652241356,0.362145700469115,0.37170139816013303,-0.06305555555555559,-0.0706018518518518,0.4035904319829184,0.1175692374614626,0.16389307853674048,0.9742920049848687,0.03532442789340279,0.007546296296296218,0.0853114716508711,0.6238491442701924,0.1122986723909842,0.10991071920773485,0.0,0.9999999987499999,0.6175006761767207,0.28131905985442746,0.26593675934625205,0.35892057612099426,calm,02,16,16,female,strong,1871
30,1.0010000000000001,True,1.0,0.2644926107858425,0.23285203598919094,0.2486723233875167,0.5623942655144627,-0.06481481481481488,-0.0715277777777778,0.41414962455684146,0.2215001334821224,0.16527962420916556,0.44216724571335764,0.03164057479665158,0.006712962962962921,0.08250317614943005,0.43177565360977377,0.09761703293247757,0.11262999736844484,0.0,0.9999999987499999,0.6778541671277887,0.3045864010498589,0.2915239628408617,0.4406335675433301,calm,02,16,16,female,strong,1871
40,1.3346666666666667,True,1.0,0.179918919162222,0.17078105953176276,0.17534998934699236,0.44761040643225836,-0.0761574074074074,-0.08152777777777775,0.41421033884890296,0.23415728396681512,0.16528193221939325,0.3917469004901921,0.009137859630459239,0.005370370370370359,0.07125880508426825,0.5424988965613886,0.09812599865898355,0.11320120802329281,0.0,0.9999999987499999,0.6766827964388881,0.30278935876187385,0.28230209809289825,0.4276909845974071,calm,02,16,16,female,strong,1871
50,1.6683333333333334,True,1.0,0.2159962857176664,0.1761279938889036,0.19606213980328502,0.5594632001213456,-0.07837962962962963,-0.08124999999999999,0.4344893682441316,0.19947265093595956,0.16328604938601876,0.35044689223662934,0.03986829182876281,0.0028703703703703565,0.08625605791062467,0.43677645313411834,0.09999711061593268,0.1140848902890072,0.0,0.9999999987499999,0.6652517652842387,0.30349016581929156,0.2871718123884381,0.4427777035875708,calm,02,16,16,female,strong,1871
60,2.0020000000000002,True,1.0,0.3123015725366557,0.2977925812496337,0.3050470768931447,0.46306376358120593,-0.0675,-0.07189814814814816,0.3513422710679246,0.22191093260774597,0.16425345295452562,0.6587582550921189,0.014508991287021988,0.004398148148148151,0.08287532930432878,0.5053000459136057,0.10944338308640003,0.1064977079775499,0.0,0.9999999987499999,0.6503780399034614,0.27479392912713935,0.2553702424828712,0.3542372269708062,calm,02,16,16,female,strong,1871
70,2.3356666666666666,True,1.0,0.45369361754761767,0.40174972627409894,0.4277216719108583,0.44111806450286795,-0.05819444444444449,-0.06314814814814812,0.37716475245757186,0.23340943421419078,0.16746364915329026,0.9696308229700202,0.05194389127351873,0.004953703703703627,0.07753264566753278,0.5299204133009205,0.09935402971327098,0.11364390620952115,0.0,0.9999999987499999,0.6769506964426395,0.3015480374217637,0.2803264414806438,0.43061709313225255,calm,02,16,16,female,strong,1871
80,2.6693333333333333,True,1.0,0.47273986250693933,0.42335040951209707,0.44804513600951823,0.5785763224097727,-0.05939814814814809,-0.0627314814814815,0.386278466637999,0.25373648085965717,0.1640080193198935,0.774392450322558,0.049389452994842264,0.0033333333333334103,0.07148181661014699,0.37903738936328735,0.09913401751106782,0.11333267564170146,0.0,0.9999999987499999,0.6744404576908888,0.30167945672792107,0.2814891279085985,0.4310263450945685,calm,02,16,16,female,strong,1871
90,3.003,True,1.0,0.5271204312967057,0.460538108307301,0.49382926980200337,0.31754863959458446,-0.0591666666666667,-0.06314814814814818,0.4101595559400843,0.1885662927048763,0.16119112096195748,1.5551295399422183,0.0665823229894047,0.003981481481481475,0.0745304252076373,0.7058456129707865,0.10058632140487304,0.11084905552134834,0.0,0.9999999987499999,0.6716934467146233,0.30190038815530323,0.2852948055972604,0.43689276761394863,calm,02,16,16,female,strong,1871
100,3.336666666666667,True,1.0,0.4476596698209289,0.4111819727140634,0.42942082126749614,0.31679101493006956,-0.056620370370370376,-0.062361111111111145,0.4108257410726811,0.19460317352841344,0.16256759411472507,1.3555334622173207,0.03647769710686549,0.0057407407407407685,0.09079007609249998,0.6687516531455483,0.10064723841395642,0.111137133570949,0.0,0.9999999987499999,0.6686736712184873,0.3015403995988136,0.2844003046338219,0.4336189842339763,calm,02,16,16,female,strong,1871
110,3.6703333333333332,True,1.0,0.5419723211244686,0.4440286640231856,0.49300049257382705,0.3133439946269478,-0.059259259259259234,-0.0647685185185185,0.39733760626133124,0.2206075071186011,0.16185270031020327,1.5733522934140467,0.097943657101283,0.005509259259259269,0.09613124107885529,0.7135596194086496,0.10030983913747152,0.11161258521514039,0.0,0.9999999987499999,0.6698204790822581,0.30077740047314183,0.28233411655517127,0.4317161444262983,calm,02,16,16,female,strong,1871
0,0.0,True,1.0,0.48950253858022186,0.4414733854153794,0.4654879619978006,0.34601011968789785,-0.062962962962963,-0.06356481481481485,0.3735213890298149,0.15789561229023227,0.18202661368810885,1.3453015837157367,0.048029153164842464,0.0006018518518518534,0.01160101321596836,0.6967681891656315,0.10274380193923732,0.11331167178432401,0.0,0.9999999987499999,0.6661907345438175,0.2877225244843384,0.26552073508127066,0.4261534336604934,happy,03,16,16,female,normal,1872
10,0.33366666666666667,True,1.0,0.4896638169659148,0.4650887770732293,0.47737629701957207,0.3257142359281367,-0.06472222222222218,-0.06333333333333335,0.3753361200990366,0.11980077405437004,0.18341488036054654,1.4656292061022995,0.024575039892685502,0.0013888888888888284,0.015446330889726738,0.7177073650921734,0.10545396584106433,0.11165036778358085,0.0,0.9999999987499999,0.6637531824057747,0.28741835360030077,0.27207062793517117,0.429614003445873,happy,03,16,16,female,normal,1872
20,0.6673333333333333,True,1.0,0.4274086664512645,0.4011112166842898,0.4142599415677771,0.39736405046267265,-0.06462962962962965,-0.0631944444444445,0.40636823714488196,0.11240878719783941,0.1841338792667638,1.0425199287289115,0.026297449766974734,0.0014351851851851505,0.013292144161376597,0.6213488901384355,0.10272296004226994,0.11333056639793919,0.0,0.9999999987499999,0.6662900182104092,0.28723529685956123,0.27929508729915614,0.4353485813211255,happy,03,16,16,female,normal,1872
30,1.0010000000000001,True,1.0,0.28996441678219714,0.26921534861427265,0.2795898826982349,0.7472843311597175,-0.05879629629629629,-0.05740740740740735,0.4771017318350614,0.20327747856196468,0.17436857329742902,0.37414123519000697,0.02074906816792449,0.0013888888888889395,0.0032499035455620644,0.36658447032287905,0.11294066722301721,0.11452941141345421,0.0,0.9999999987499999,0.6167644082164115,0.2807385774226786,0.3243513012753083,0.4231888103939654,happy,03,16,16,female,normal,1872
40,1.3346666666666667,True,1.0,0.1486673438789254,0.10451168622452482,0.1265895150517251,0.4540825562974434,-0.08263888888888893,-0.07523148148148145,0.40785255456245606,0.23349801856015262,0.17639580927478637,0.27878083686791877,0.04415565765440059,0.007407407407407474,0.0012166119804266182,0.5463580163551829,0.09838473458168917,0.11448408029039357,0.0,0.9999999987499999,0.6849991425241972,0.2955968930331167,0.28839753274496915,0.43976085896010775,happy,03,16,16,female,normal,1872
50,1.6683333333333334,True,1.0,0.2679124562220827,0.2261552209256511,0.2470338385738669,0.6711576628510475,-0.06814814814814812,-0.063425925925926,0.4162327153639619,0.27341976981424865,0.1744175713554425,0.3680712480052426,0.041757235296431605,0.004722222222222128,0.022613403394029667,0.40664979390109657,0.11399653175397731,0.11381379105479784,0.0,0.9999999987499999,0.6208674870026135,0.2761546209988087,0.31035039858601626,0.4133736048480581,happy,03,16,16,female,normal,1872
60,2.0020000000000002,True,1.0,0.3808880836163832,0.33524122721158306,0.35806465541398314,0.6061591665172122,-0.041481481481481564,-0.056342592592592555,0.375106454739818,0.21849923444225125,0.15772013463455015,0.5907106172646086,0.04564685640480015,0.014861111111110992,0.012329345636137367,0.40552325581395265,0.11036573193312114,0.11099659226564114,0.0,0.9999999987499999,0.6026703663262181,0.28366104822494337,0.258340031102916,0.34730601946150924,happy,03,16,16,female,normal,1872
70,2.3356666666666666,True,1.0,0.3808865801143686,0.349258538602991,0.36507255935867977,0.5563238341439803,-0.055185185185185115,-0.06217592592592597,0.3371586474117799,0.23177330664665471,0.18290801886248054,0.6562231149424321,0.0316280415113776,0.006990740740740853,0.003679374236291617,0.4530696970157228,0.11433545133783571,0.10779036406390978,0.0,0.9999999987499999,0.6180133193824404,0.2817036364540684,0.2849114063513575,0.36674525315087747,happy,03,16,16,female,normal,1872
80,2.6693333333333333,True,1.0,0.3931488747737296,0.35481491346188937,0.37398189411780947,0.5111791199787892,-0.06217592592592586,-0.06064814814814817,0.4173954028931466,0.1619440737605441,0.17876096754884938,0.7316063577348924,0.03833396131184025,0.0015277777777776835,0.004106849976801357,0.49887070455562393,0.10463312432729446,0.11376767735815813,0.0,0.9999999987499999,0.6556396591449081,0.2890315096864962,0.2815153811630059,0.4508102502017403,happy,03,16,16,female,normal,1872
90,3.003,True,1.0,0.32543326497392766,0.32299229985138883,0.3242127824126583,0.40244273012166465,-0.06106481481481474,-0.0618981481481482,0.44359522421558434,0.09457599088639458,0.1813324839254194,0.8056122229233554,0.0024409651225388296,0.0008333333333334636,0.00802974030934872,0.5977502640067184,0.10280224353484113,0.11476261609007679,0.0,0.9999999987499999,0.6595720005814826,0.2903460123125504,0.27993711332370624,0.44552110985094723,happy,03,16,16,female,normal,1872
100,3.336666666666667,True,1.0,0.20624530442602843,0.21737412350533256,0.2118097139656805,0.29827628251794086,-0.05805555555555564,-0.06199074074074068,0.42662833116910437,0.07438542223437035,0.1751115715765238,0.710112490935113,0.01112881907930413,0.003935185185185042,0.016166166989798465,0.7992472079840216,0.11934883788115515,0.10871501748251985,0.0,0.9999999987499999,0.6066061609096765,0.27198297758569634,0.3067458529048713,0.4163202501016751,happy,03,16,16,female,normal,1872
110,3.6703333333333332,True,1.0,0.43346310753566225,0.40407477116852397,0.41876893935209314,0.3031581209898682,-0.062037037037037,-0.05995370370370373,0.3860673917140032,0.13090918860926082,0.18478168750979101,1.381354845401251,0.02938833636713828,0.0020833333333332704,0.0013279909741622787,0.7939159226593606,0.11792941708468815,0.11008019244139933,0.0,0.9999999987499999,0.6117664112754476,0.27025088416356385,0.30288297554597904,0.4136033971338337,happy,03,16,16,female,normal,1872
0,0.0,True,1.0,0.4921398136502063,0.42289142298928317,0.45751561831974474,0.4732900379685101,-0.05166666666666664,-0.0553703703703704,0.3876209983610617,0.17543131803539022,0.1661380834664296,0.966670712706159,0.06924839066092314,0.0037037037037037646,0.01754126512900761,0.516384660132013,0.12274258575539496,0.10702618905164685,0.0,0.9999999987499999,0.5940411101784464,0.27097405759352927,0.29181209423646004,0.3634929057258505,happy,03,16,16,female,normal,1873
10,0.33366666666666667,True,1.0,0.4694162126691346,0.41921748748386034,0.44431685007649746,0.4973432482367499,-0.02791666666666659,-0.02800925925925929,0.4077079172647484,0.19096831901439823,0.12244735943847013,0.8933806815549442,0.05019872518527424,9.259259259269959e-05,0.014491507906041085,0.5097871819504128,0.1080380073476033,0.11575917440976782,0.0,0.9999999987499999,0.6615276164606467,0.2904936242705016,0.2840464490399022,0.43231497666796836,happy,03,16,16,female,normal,1873
20,0.6673333333333333,True,1.0,0.38910726756861636,0.3789416839702215,0.3840244757694189,0.8072651234182068,-0.06930555555555556,-0.06958333333333339,0.4417573685288934,0.2747920636457016,0.16159529734326059,0.47571047556636925,0.010165583598394867,0.0002777777777778212,0.0311696588997662,0.33102390507942336,0.11689923126207427,0.11321136551963369,0.0,0.9999999987499999,0.6057638402079581,0.276810694701588,0.29840757042770255,0.38832025817060045,happy,03,16,16,female,normal,1873
30,1.0010000000000001,True,1.0,0.16378947310029363,0.15362823253350724,0.15870885281690045,0.7170209081855657,-0.06800925925925927,-0.06958333333333339,0.4677286260764029,0.3139631521234115,0.14927496860468276,0.2213448046006302,0.010161240566786384,0.0015740740740741166,0.03011270144044378,0.39967534560520224,0.12072845018315188,0.11033409492089247,0.0,0.9999999987499999,0.6110998458289565,0.2752658017747977,0.3239964201837174,0.41311867455947837,happy,03,16,16,female,normal,1873
40,1.3346666666666667,True,1.0,0.37179777888801135,0.3203697681496914,0.3460837735188514,0.4943505340401528,-0.07648148148148148,-0.07453703703703701,0.37708104921874286,0.3055735439033246,0.16763249611677403,0.7000776770491793,0.05142801073831993,0.0019444444444444708,0.04732545793602109,0.4955555744352306,0.12001214785356976,0.10886093989706523,0.0,0.9999999987499999,0.616602040386467,0.2695407215137725,0.3024333588482295,0.3817824381382825,happy,03,16,16,female,normal,1873
50,1.6683333333333334,True,1.0,0.3495078680936746,0.30984856541462313,0.3296782167541489,0.6910155898072325,-0.0712962962962963,-0.07231481481481478,0.4300926345041681,0.31450270185728413,0.1787232635165203,0.47709229953280324,0.03965930267905149,0.0010185185185184742,0.04499062555007722,0.39970447616934746,0.10315747026720776,0.11949275304030184,0.0,0.9999999987499999,0.6563279002694828,0.2938917595349267,0.29602666171234476,0.4477329192618619,happy,03,16,16,female,normal,1873
60,2.0020000000000002,True,1.0,0.40271560553509683,0.3563426997468694,0.3795291526409831,0.6648372884409764,-0.058981481481481524,-0.06087962962962967,0.409392894909397,0.2247707366301478,0.1951353556236571,0.5708602078126027,0.04637290578822745,0.0018981481481481488,0.04873609292988962,0.4453671031552919,0.1118073247257229,0.1151407429458437,0.0,0.9999999987499999,0.6311121254517432,0.29110147257014246,0.297203359834235,0.4250141338655353,happy,03,16,16,female,normal,1873
70,2.3356666666666666,True,1.0,0.3387778274604615,0.3437738018390441,0.34127581464975276,0.5139415156022249,-0.05652777777777779,-0.06004629629629632,0.37181972378814443,0.21440968487885584,0.19489749505027285,0.6640362848481963,0.004995974378582624,0.003518518518518532,0.036513318695987715,0.5174224200033937,0.11086308258531871,0.11555662519061496,0.0,0.9999999987499999,0.6318123963569803,0.2898500726214797,0.29384675803597515,0.42766976958182135,happy,03,16,16,female,normal,1873
80,2.6693333333333333,True,1.0,0.39171922022903466,0.3585839169322284,0.37515156858063153,0.5289539636078657,-0.056805555555555665,-0.05703703703703705,0.4406895926535715,0.1582417582417586,0.19197848842347193,0.7092329283664203,0.03313530329680625,0.00023148148148138814,0.03181055400522518,0.48645614536888626,0.11270632656548234,0.11509158195965014,0.0,0.9999999987499999,0.6315152564385129,0.2910316058136841,0.3009196412248629,0.4439434929541602,happy,03,16,16,female,normal,1873
90,3.003,True,1.0,0.37056557569971854,0.38617240151161153,0.37836898860566504,0.4268366734985871,-0.05504629629629637,-0.05634259259259261,0.44901471343752075,0.06309244000502791,0.19683189869663298,0.8864491082838445,0.015606825811892988,0.0012962962962962399,0.032130747402096316,0.5844310205282428,0.11345344980210685,0.11318292884220052,0.0,0.9999999987499999,0.6339355021930647,0.2912565607531025,0.30299601689884614,0.4339295852003672,happy,03,16,16,female,normal,1873
100,3.336666666666667,True,1.0,0.36141788760196125,0.3507484763715545,0.35608318198675787,0.39725976020837805,-0.05624999999999997,-0.05726851851851844,0.44366451371369425,0.04657735671750094,0.1981974861513386,0.8963484793928751,0.010669411230406767,0.0010185185185184742,0.025284767562274154,0.6212134972792183,0.11337600897027046,0.11409847054642192,0.0,0.9999999987499999,0.6343790270170568,0.2904124849117378,0.2972129916140803,0.4289175589472925,happy,03,16,16,female,normal,1873
0,0.0,True,1.0,0.45816179153809583,0.41874038987979323,0.4384510907089445,0.3459063323358427,-0.0681018518518518,-0.06634259259259268,0.3816038451916112,0.12424355895370859,0.1896090870785938,1.2675428279909298,0.0394214016583026,0.0017592592592591272,0.011220647706510309,0.7282742892959012,0.11999319723813645,0.10729546568414887,0.0,0.9999999987499999,0.6091607264077507,0.271666769930027,0.3000166130526552,0.40510631130223634,happy,03,16,16,female,normal,1874
10,0.33366666666666667,True,1.0,0.4517043363728511,0.4476720317819621,0.4496881840774066,0.35281428295339695,-0.06717592592592597,-0.06587962962962973,0.37390399541989244,0.15488583620826513,0.18682556675428652,1.2745747715004092,0.0040323045908890465,0.0012962962962962399,0.014875885441496728,0.7139912805533475,0.11973755439515904,0.10793428696357202,0.0,0.9999999987499999,0.6133994858646584,0.2697566441376503,0.2989217602450197,0.40478425019464326,happy,03,16,16,female,normal,1874
20,0.6673333333333333,True,1.0,0.4439091842533708,0.4255267182773856,0.43471795126537816,0.335444323428758,-0.06861111111111123,-0.06773148148148139,0.3799755586998273,0.1882227333108778,0.182672721974871,1.2959466620925066,0.018382465975985196,0.0008796296296298411,0.008916951007183474,0.7295247519221253,0.11595257868650194,0.10853484592339115,0.0,0.9999999987499999,0.6200173639377625,0.27476507747717277,0.27587125914518773,0.36559668344370255,happy,03,16,16,female,normal,1874
30,1.0010000000000001,True,1.0,0.3370064785374705,0.32403954527133055,0.33052301190440053,0.6014812456290642,-0.06328703703703703,-0.06444444444444447,0.38314991983498836,0.27304380436759546,0.17576781605902025,0.54951507516867,0.012966933266139957,0.0011574074074074403,0.019928812938918215,0.449159181987227,0.11407819658363068,0.10981148645406268,0.0,0.9999999987499999,0.624898714720263,0.27464181085765144,0.3038861621741027,0.38670869783802264,happy,03,16,16,female,normal,1874
40,1.3346666666666667,True,1.0,0.27561380764871574,0.2720819744487457,0.27384789104873075,0.4629405568289966,-0.06564814814814818,-0.06754629629629633,0.3965757175692338,0.2633160754958539,0.17331330795029454,0.5915400735777101,0.0035318331999700248,0.0018981481481481488,0.028440729985027446,0.577677598625826,0.11380680988780777,0.10974606881959838,0.0,0.9999999987499999,0.6325872093603065,0.27122280707317964,0.2917783742965449,0.37133726989773835,happy,03,16,16,female,normal,1874
50,1.6683333333333334,True,1.0,0.3012316611354351,0.32314188759094636,0.31218677436319076,0.6383599456634692,-0.06995370370370363,-0.06967592592592592,0.46844749728021995,0.20876476941222424,0.18275907338966788,0.4890450544147541,0.021910226455511272,0.0002777777777777102,0.03934305051378494,0.4289395314370559,0.11344231554029062,0.11012279801632673,0.0,0.9999999987499999,0.6340606326593138,0.2726828387168225,0.3157414616205148,0.4124178080844305,happy,03,16,16,female,normal,1874
60,2.0020000000000002,True,1.0,0.3812291113317687,0.34506826181153244,0.36314868657165056,0.639403087571251,-0.06481481481481483,-0.06435185185185177,0.38472492324640284,0.24402293584463827,0.1879066609853673,0.5679495354816904,0.03616084952023624,0.00046296296296305384,0.04619140800585385,0.43637532763847275,0.103816021566796,0.11216039193375286,0.0,0.9999999987499999,0.6578743413302821,0.2900631106585966,0.28874355921200257,0.4358696427310844,happy,03,16,16,female,normal,1874
70,2.3356666666666666,True,1.0,0.322355572657639,0.3228533176747886,0.3226044451662138,0.5122939840261047,-0.06291666666666668,-0.0635648148148148,0.3716126910927458,0.2617014868462153,0.18490294473152574,0.6297252265796176,0.000497745017149609,0.0006481481481481199,0.03387222253485921,0.5158553265170586,0.10441643554428834,0.11074478815298165,0.0,0.9999999987499999,0.6587678895855216,0.28878508929544816,0.28989988250886417,0.440159718165146,happy,03,16,16,female,normal,1874
80,2.6693333333333333,True,1.0,0.3675300202812643,0.365354877383154,0.3664424488322091,0.5839632957783634,-0.06166666666666676,-0.06337962962962962,0.4144672930154631,0.2276748135761898,0.17635369003874746,0.6275093854037158,0.002175142898110327,0.0017129629629628607,0.028399346724470104,0.44579347532061564,0.11656219738568069,0.11118472209514353,0.0,0.9999999987499999,0.615337220747674,0.276957407013488,0.30283937685423923,0.3892235112611422,happy,03,16,16,female,normal,1874
90,3.003,True,1.0,0.14835535116764692,0.13363450027964247,0.1409949257236447,0.4098340928382968,-0.06939814814814815,-0.07194444444444437,0.45935580347629296,0.12217949174488515,0.17185172423239856,0.34402927474185346,0.014720850888004455,0.0025462962962962132,0.031686611752864656,0.5996513130194594,0.11886088595946354,0.10695718115608044,0.0,0.9999999987499999,0.6184640102369072,0.27580682981071303,0.3018022175647668,0.37823562444512815,happy,03,16,16,female,normal,1874
100,3.336666666666667,True,1.0,0.33289116404864416,0.34861326355135036,0.34075221379999726,0.366084948846243,-0.06263888888888891,-0.06245370370370368,0.4366913753318662,0.1149411077074145,0.18179470951116813,0.9308009380716562,0.0157220995027062,0.00018518518518523264,0.03724225238893486,0.7187043133204695,0.10540501984446406,0.11186701603676859,0.0,0.9999999987499999,0.6611054059905213,0.28792280880080084,0.2844348892203073,0.43739829825835197,happy,03,16,16,female,normal,1874
110,3.6703333333333332,True,1.0,0.35867446393762165,0.32726223447250213,0.3429683492050619,0.29517276406978177,-0.061712962962963025,-0.062129629629629646,0.3996177615650351,0.10609437955508912,0.18435252073155162,1.1619241032820387,0.03141222946511951,0.0004166666666666208,0.028111621453943574,0.8150192797910734,0.10463832977497316,0.11376288964296981,0.0,0.9999999987499999,0.658994625186012,0.2880710751921742,0.2807644043964,0.43584904545337655,happy,03,16,16,female,normal,1874
0,0.0,True,1.0,0.46725691499921157,0.42627482619845836,0.446765870598835,0.3455005448473425,-0.06351851851851842,-0.062962962962963,0.3678115699421739,0.12223056347722507,0.1854232501172056,1.293097441557541,0.040982088800753214,0.0005555555555554204,0.0034048969254673505,0.7072694477554116,0.11695023597615258,0.10991319690550772,0.0,0.9999999987499999,0.6148835186887255,0.27279643169860873,0.2818852641599782,0.39415924054565477,happy,03,16,16,female,normal,1875
10,0.33366666666666667,True,1.0,0.4654532581141196,0.4401585088809412,0.45280588349753037,0.33518214575597965,-0.062407407407407356,-0.0633333333333333,0.3807861111808348,0.11841798395186393,0.18265392658968602,1.3509248306656032,0.02529474923317837,0.0009259259259259411,0.002971752128494431,0.712390875282771,0.11899417607824858,0.10875329095701206,0.0,0.9999999987499999,0.6122129787852642,0.27195553419160357,0.28666805584647403,0.39075826742228625,happy,03,16,16,female,normal,1875
20,0.6673333333333333,True,1.0,0.4506140556788901,0.42474152025715395,0.43767778796802204,0.3842461945168314,-0.06564814814814818,-0.06490740740740747,0.3868634903240171,0.09588756436720562,0.18544299906649966,1.1390556216656302,0.025872535421736176,0.0007407407407407085,0.009687020175006911,0.6456417323012108,0.11909785519715937,0.10811235488779368,0.0,0.9999999987499999,0.6158133769992372,0.2707144541458887,0.29228738591109793,0.3924553379757067,happy,03,16,16,female,normal,1875
30,1.0010000000000001,True,1.0,0.4050524479994386,0.38188713593718654,0.39346979196831255,0.7661787455554042,-0.07166666666666666,-0.07027777777777783,0.38985754103047204,0.25519417439703534,0.19315669812580716,0.5135482995982689,0.023165312062252086,0.0013888888888888284,0.01788347268155108,0.33936490585480694,0.1010563051777062,0.1146531422852325,0.0,0.9999999987499999,0.6629438469762906,0.29027609097920803,0.2785236178152049,0.4266974775845071,happy,03,16,16,female,normal,1875
40,1.3346666666666667,True,1.0,0.38316374918316587,0.3847508293152704,0.3839572892492181,0.43591555950276833,-0.03962962962962974,-0.04527777777777775,0.39097634078702914,0.2693908193284822,0.1412798285249428,0.8808065710872607,0.0015870801321045125,0.005648148148148013,0.03086792534327736,0.588087276998415,0.11286635172861015,0.10950182013498307,0.0,0.9999999987499999,0.6371464958639707,0.27060745366057626,0.2897075004777414,0.37344087222095157,happy,03,16,16,female,normal,1875
50,1.6683333333333334,True,1.0,0.15010578908939445,0.13044514466324283,0.14027546687631864,0.5933013687276156,-0.07912037037037034,-0.0786574074074074,0.4566672595391708,0.2552280169277549,0.17375745242845309,0.23643206348428136,0.01966064442615162,0.0004629629629629428,0.048404267302555065,0.46332100581587615,0.11951846937227699,0.10905387407793855,0.0,0.9999999987499999,0.6169986762283038,0.2764131732929228,0.32297358953511324,0.4050070940964912,happy,03,16,16,female,normal,1875
60,2.0020000000000002,True,1.0,0.3966276089874093,0.3519969649232793,0.3743122869553443,0.5898287303001662,-0.06759259259259265,-0.06787037037037036,0.407825374756199,0.22320645940939235,0.17317493493689645,0.6346118249696912,0.044630644064129976,0.0002777777777777102,0.06729299793473646,0.43370257372325355,0.11337364505231007,0.11139718954483756,0.0,0.9999999987499999,0.6258342327321553,0.27465117874254336,0.2923834606758338,0.37559573946041863,happy,03,16,16,female,normal,1875
70,2.3356666666666666,True,1.0,0.4151858505444221,0.3719811212386698,0.3935834858915459,0.45540759886692456,-0.058888888888888824,-0.06736111111111115,0.3593004272805869,0.21807289904555127,0.1757313297171015,0.86424444139887,0.04320472930575231,0.008472222222222325,0.05203452632637503,0.5790978322900701,0.11714088272116716,0.11005675826447647,0.0,0.9999999987499999,0.6161345214960984,0.27650051687337157,0.29888415172846994,0.3759709945406538,happy,03,16,16,female,normal,1875
80,2.6693333333333333,True,1.0,0.41817675439619184,0.395859453716319,0.4070181040562554,0.43184794258107817,-0.06819444444444439,-0.06976851851851851,0.4245189869258315,0.16445954165798118,0.17988105705878282,0.9425032839651399,0.022317300679872865,0.0015740740740741166,0.05570234357936426,0.5654325948091551,0.12006423022619668,0.10845272054165454,0.0,0.9999999987499999,0.6134490747783488,0.2765819912209119,0.3040023738902349,0.3853183597541324,happy,03,16,16,female,normal,1875
90,3.003,True,1.0,0.4206009786243397,0.39054395446875745,0.40557246654654855,0.3726086685471093,-0.06458333333333333,-0.06388888888888894,0.453957209689203,0.09775837836662053,0.17974867806665526,1.0884676090010816,0.030057024155582257,0.0006944444444443865,0.04464554895764323,0.6685635110219784,0.11872580847182734,0.10869621310069391,0.0,0.9999999987499999,0.6140945809964611,0.27780735043276544,0.30591154018910577,0.38906224286598357,happy,03,16,16,female,normal,1875
100,3.336666666666667,True,1.0,0.22978515184013676,0.21867193734953722,0.224228544594837,0.33910764318435516,-0.06935185185185194,-0.06976851851851851,0.4202153327725913,0.11806677304017762,0.17742078753825455,0.6612311727604901,0.011113214490599543,0.00041666666666656527,0.03682098811191555,0.7244771392083046,0.11853169805311994,0.10995246509911566,0.0,0.9999999987499999,0.616314520292492,0.2774810336001054,0.30163261734523933,0.38516343599387115,happy,03,16,16,female,normal,1875
0,0.0,True,1.0,0.45957136656211595,0.4517647930824043,0.4556680798222601,0.3575960448634784,-0.07087962962962963,-0.06805555555555554,0.3678002081753008,0.16445255885033258,0.17986111111111108,1.2742536903511426,0.007806573479711643,0.00282407407407409,0.005263074893461944,0.6572195840047048,0.12147250219409125,0.1063368766732785,0.0,0.9999999987499999,0.6183114687281163,0.27078367685215154,0.2922584342187799,0.39357678322224193,happy,03,16,16,female,strong,1876
10,0.33366666666666667,True,1.0,0.421251515926441,0.3984667143090477,0.4098591151177443,0.3574272451435553,-0.06888888888888894,-0.0677314814814815,0.3816407644553064,0.16481221010134262,0.1764165688036608,1.146692426743044,0.022784801617393324,0.0011574074074074403,0.0011001209915580867,0.6529700019978373,0.11973177424919881,0.10794069885802726,0.0,0.9999999987499999,0.6163290027104592,0.2697491707669339,0.2888819620241392,0.39506136668566927,happy,03,16,16,female,strong,1876
20,0.6673333333333333,True,1.0,0.4745180675524609,0.4522309151220719,0.4633744913372664,0.4466481301703133,-0.0690277777777778,-0.06699074074074074,0.3736184135287931,0.16738963714905794,0.18474245908658005,1.0374486313433688,0.02228715243038898,0.0020370370370370594,0.002915897155291967,0.5454802045447159,0.1211214214032779,0.10727074740932245,0.0,0.9999999987499999,0.6124358694415266,0.27124594552609765,0.29416815447436007,0.3920852464569073,happy,03,16,16,female,strong,1876
30,1.0010000000000001,True,1.0,0.3190384958993393,0.271316682443492,0.2951775891714157,0.7658205521543547,-0.06398148148148147,-0.06777777777777777,0.4728546929637891,0.2385935337498908,0.16883859075034502,0.38543962856708663,0.047721813455847306,0.0037962962962962976,0.010149567897266999,0.3612730742320378,0.11770645322934362,0.1106634309303198,0.0,0.9999999987499999,0.6115315909801421,0.27546090246970234,0.33383465254001404,0.4218856362314013,happy,03,16,16,female,strong,1876
40,1.3346666666666667,True,1.0,0.4050501995021886,0.36477902581660815,0.3849146126593984,0.4316307310353333,-0.0641666666666667,-0.07268518518518519,0.3950288694503057,0.25373099837747476,0.17398029864685877,0.8917683218155505,0.040271173685580475,0.00851851851851848,0.016762460923722612,0.5890131214361832,0.10223971453653748,0.115594152075792,0.0,0.9999999987499999,0.6732236206123076,0.2895473621421255,0.2980300068225208,0.44363381835818627,happy,03,16,16,female,strong,1876
50,1.6683333333333334,True,1.0,0.3970184727060104,0.36900172152990135,0.38301009711795586,0.6919072546712969,-0.044120370370370365,-0.04550925925925925,0.43677607402231733,0.2514055050375567,0.1565309973296024,0.5535569898019234,0.028016751176109023,0.001388888888888884,0.01841764699673722,0.3895273089984216,0.12049186405772665,0.10797741740231566,0.0,0.8823491316126125,0.6130353989408263,0.27278528619333614,0.3293783618359814,0.4041075133141668,happy,03,16,16,female,strong,1876
60,2.0020000000000002,True,1.0,0.41451617258048273,0.37406325968493326,0.394289716132708,0.787761955776003,-0.06166666666666659,-0.060324074074074086,0.4240866198375163,0.2603238375249071,0.1905698540911311,0.500518860096898,0.040452912895549475,0.0013425925925925064,0.017560738157525093,0.3495685589605757,0.10713796213700795,0.11478114452337092,0.0,0.9999999987499999,0.6506976332876901,0.29059350191966826,0.3084497779653596,0.4541426928413438,happy,03,16,16,female,strong,1876
70,2.3356666666666666,True,1.0,0.29624968003196234,0.3293244987239974,0.31278708937797983,0.5552027629317778,-0.057129629629629586,-0.05791666666666667,0.3811077126690864,0.22268207395176942,0.19607667346241126,0.5633745187547174,0.033074818692035046,0.000787037037037086,0.021178006188997282,0.48834192670577525,0.10792949609911816,0.11453728555987547,0.0,0.9999999987499999,0.6452964942695828,0.2896588601572632,0.304315329861874,0.445387156632369,happy,03,16,16,female,strong,1876
80,2.6693333333333333,True,1.0,0.4292803550914796,0.39082702847747325,0.4100536917844764,0.5554016617882588,-0.057129629629629586,-0.05726851851851844,0.4155140383469388,0.16000000000000034,0.193264498873965,0.7383011611168085,0.038453326614006356,0.0001388888888888551,0.023772354834974085,0.4743272927223881,0.10990549815242844,0.11281157447383271,0.0,0.9999999987499999,0.6438523617337559,0.2909574805257041,0.3087962450056039,0.4501685476046017,happy,03,16,16,female,strong,1876
90,3.003,True,1.0,0.385016216515461,0.36456788367289317,0.37479205009417704,0.4987744093820721,-0.059305555555555445,-0.05736111111111114,0.45576719922083403,0.1356309712127229,0.19048976799342796,0.7514259814542292,0.020448332842567807,0.0019444444444443043,0.02850441672100579,0.5098678828848524,0.10899979458398977,0.11199854983303185,0.0,0.9999999987499999,0.6472776626509978,0.2914437861959486,0.3117598933968918,0.46026219053562406,happy,03,16,16,female,strong,1876
100,3.336666666666667,True,1.0,0.40696291947990343,0.3910652656503471,0.39901409256512527,0.3804172970018279,-0.05856481481481485,-0.059305555555555445,0.4242295420588902,0.10388131223180731,0.1939581952229413,1.0488852523527814,0.015897653829556324,0.0007407407407405975,0.02626214784724195,0.6808616265713292,0.10813597826943035,0.11350619532715643,0.0,0.9999999987499999,0.6422464417329432,0.29316418550769807,0.29823191380953223,0.4421045303954131,happy,03,16,16,female,strong,1876
110,3.6703333333333332,True,1.0,0.42125151592644206,0.4358619775188775,0.42855674672265975,0.26128513069316006,-0.06120370370370376,-0.06148148148148147,0.40174307261992487,0.07140298462452029,0.19387754118660183,1.640188041262612,0.014610461592435453,0.0002777777777777102,0.021002828638384576,0.9342744619497537,0.1095704306054979,0.11178174723973355,0.0,0.9999999987499999,0.6383853565566852,0.293781829485608,0.2970223672439711,0.43869959725978824,happy,03,16,16,female,strong,1876
0,0.0,True,1.0,0.4587345328491051,0.4349803079830246,0.44685742041606485,0.3751163830509068,-0.07291666666666669,-0.07148148148148153,0.4060899195239487,0.16292854852761365,0.1868855874940127,1.191250077593711,0.023754224866080476,0.0014351851851851505,0.012855854336780484,0.6586228405265578,0.11623005792431072,0.11406542479931225,0.0,0.9999999987499999,0.6283550870895233,0.28082417939332516,0.30846877217492785,0.44407595000542716,happy,03,16,16,female,strong,1877
10,0.33366666666666667,True,1.0,0.47407407407407476,0.39929951240506417,0.4366867932395695,0.6237470179273771,-0.07509259259259266,-0.07199074074074074,0.4326261949359012,0.2616322196454718,0.17455749002128462,0.7001024144221447,0.07477456166901059,0.003101851851851911,0.011321172997115783,0.4051574987539813,0.11435101880893035,0.11412733491157077,0.0,0.9999999987499999,0.6516357838526036,0.29079543821574716,0.3229402946420727,0.4500988625400096,happy,03,16,16,female,strong,1877
20,0.6673333333333333,True,1.0,0.3301041410732452,0.30636952594315475,0.3182368335082,1.303633390872353,-0.0718981481481481,-0.07273148148148145,0.42980076263231487,0.5348177744016968,0.16607561779133423,0.24411528251454598,0.023734615130090453,0.0008333333333333526,0.019614024073448914,0.23328523666634154,0.10925324836192582,0.11965511935760016,0.0,0.9999999987499999,0.6446538621542367,0.29485639572586714,0.3378337579791257,0.4714377277724446,happy,03,16,16,female,strong,1877
30,1.0010000000000001,True,1.0,0.35454803851093986,0.31373172713021286,0.3341398828205764,0.7647466766496273,-0.07199074074074074,-0.06976851851851856,0.4698188202967337,0.2899439592189427,0.19098376306668555,0.4369288458819473,0.040816311380727,0.002222222222222181,0.023814104899958503,0.3855629449572704,0.11294846707288356,0.1161734205931552,0.0,0.9999999987499999,0.6283595393313576,0.29087748836797367,0.3492559902708377,0.4725532815566945,happy,03,16,16,female,strong,1877
40,1.3346666666666667,True,1.0,0.3791124675084563,0.41868262313221155,0.39889754532033395,0.45750882950861227,-0.04388888888888892,-0.04703703703703699,0.39434480972278724,0.3196875587796361,0.13353720020238039,0.8718903758617516,0.039570155623755265,0.0031481481481480666,0.0249481109567155,0.510323465033346,0.11517239282221255,0.1126237462446286,0.0,0.9999999987499999,0.6502261522890406,0.2842086302260732,0.3148157534782267,0.4458463672265722,happy,03,16,16,female,strong,1877
50,1.6683333333333334,True,1.0,0.27069534294280045,0.24540671582823353,0.258051029385517,0.6168737489328363,-0.06194444444444447,-0.06541666666666657,0.4514361576059525,0.22297366072909452,0.18760413774754542,0.4183206528595739,0.02528862711456692,0.003472222222222099,0.0280739442300309,0.4631158966799422,0.1102894379342112,0.11934100525990414,0.0,0.9999999987499999,0.6280843925695279,0.28891990571400844,0.3220303447865001,0.4575052021618684,happy,03,16,16,female,strong,1877
60,2.0020000000000002,True,1.0,0.33000843597086016,0.33073718188624257,0.33037280892855136,0.560899545767806,-0.06777777777777771,-0.06532407407407403,0.4174120079624882,0.17498099064661018,0.210219654923351,0.5890053066031807,0.0007287459153824116,0.00245370370370368,0.012774614700859653,0.4842998158617029,0.11683379577668195,0.11394965338563516,0.0,0.9999999987499999,0.6083957831335659,0.2824478343944959,0.32007646843321896,0.43543749029771533,happy,03,16,16,female,strong,1877
70,2.3356666666666666,True,1.0,0.3870996174380994,0.3546433323254456,0.3708714748817725,0.42681748178454787,-0.05870370370370381,-0.06240740740740747,0.37661402567201285,0.13531500857852352,0.20438179567363082,0.8689228785361323,0.032456285112653804,0.0037037037037036535,0.01997605921200715,0.6517131091234193,0.12098764863207027,0.10987654943869622,0.0,0.9999999987499999,0.6105392618297317,0.2814002915532867,0.32664508219307253,0.4273286460651347,happy,03,16,16,female,strong,1877
80,2.6693333333333333,True,1.0,0.3965811965811963,0.3502546480497832,0.37341792231548976,0.501342426551324,-0.060509259259259374,-0.05930555555555561,0.4544319578451029,0.11703410853423006,0.20783317149375588,0.7448360691996248,0.0463265485314131,0.0012037037037037623,0.020698372702981666,0.5008015811754409,0.11846369382898106,0.11191427385372778,0.0,0.9999999987499999,0.6120030291413441,0.28389225324229267,0.3283279486423893,0.44119451359163686,happy,03,16,16,female,strong,1877
90,3.003,True,1.0,0.3581977097487571,0.3547675349432065,0.3564826223459818,0.4373924673299924,-0.05986111111111109,-0.059305555555555556,0.46964050048663725,0.07793126289072877,0.20648106434160154,0.8150177448690085,0.0034301748055505787,0.0005555555555555314,0.02000156646857681,0.6179943571391603,0.11869054632754025,0.1118441308590384,0.0,0.9999999987499999,0.6082724787649435,0.28545017008532314,0.32528663342261,0.43958618087225315,happy,03,16,16,female,strong,1877
100,3.336666666666667,True,1.0,0.28719162202564236,0.28433687199265867,0.2857642470091505,0.38020920327463165,-0.059629629629629755,-0.062037037037037,0.45866492147433324,0.05955518794422585,0.1995259258851055,0.7515973957177939,0.0028547500329836883,0.002407407407407247,0.019879223834416697,0.6720702462106051,0.12023385730396804,0.11155808591560724,0.0,0.9999999987499999,0.6084560331867122,0.2851797592249269,0.3149134685065059,0.4312819685989542,happy,03,16,16,female,strong,1877
0,0.0,True,1.0,0.4750957854406134,0.4816455933094194,0.4783706893750164,0.3247520691389806,-0.060416666666666674,-0.061481481481481526,0.35931903744620847,0.18356072234863668,0.1716278264873542,1.4730335379950832,0.00654980786880599,0.0010648148148148517,0.011036327152049833,0.7000285252061069,0.11806526390547505,0.10712575078033457,0.0,0.9999999987499999,0.6232463007546769,0.27489597478296546,0.27945981671348585,0.37058266549380947,happy,03,16,16,female,strong,1878
10,0.33366666666666667,True,1.0,0.48225814903194586,0.4506140556788902,0.466436102355418,0.339539121893636,-0.06342592592592583,-0.06388888888888894,0.38030132224575136,0.16159006174705115,0.17236569352316886,1.373733017138254,0.03164409335305568,0.00046296296296310935,0.00556156666151352,0.69506708728859,0.11716033607062323,0.10864207525565965,0.0,0.9999999987499999,0.6205300817827131,0.2764357883381866,0.27920078816384275,0.37459857506776173,happy,03,16,16,female,strong,1878
20,0.6673333333333333,True,1.0,0.45224171539960956,0.4184359076602928,0.4353388115299512,0.45075202113982177,-0.06486111111111109,-0.0631944444444445,0.37856268233377005,0.2458979200498601,0.17031816306135897,0.9658055673918111,0.03380580773931674,0.0016666666666665941,0.011387236614502692,0.5515658355430972,0.11422012860927801,0.11155851888788423,0.0,0.9999999987499999,0.6204207517616422,0.2751826961105252,0.2856473945093847,0.37699335632694664,happy,03,16,16,female,strong,1878
30,1.0010000000000001,True,1.0,0.3125878490362035,0.29739286680838023,0.3049903579222919,0.619670758259281,-0.061481481481481415,-0.06296296296296289,0.4024214380461662,0.32265035618439947,0.160690377961608,0.49218129766045643,0.015194982227823284,0.0014814814814814725,0.027263090000082812,0.46215261420270803,0.1145026177004713,0.11075368893647462,0.0,0.9999999987499999,0.6312765588735495,0.27372905560323485,0.2972698862692901,0.377359769171517,happy,03,16,16,female,strong,1878
40,1.3346666666666667,True,1.0,0.39506458667449057,0.35372134447846426,0.3743929655764774,0.46955556515170355,-0.04319444444444448,-0.04657407407407399,0.40342305856385213,0.25996958172782564,0.14831472850870844,0.7973347423867053,0.04134324219602631,0.0033796296296295103,0.03745137661966431,0.5996513130194594,0.11194811948992063,0.11078487443345472,0.0,0.9999999987499999,0.6276045320628251,0.27358379556946627,0.2951378217296458,0.38352885744845555,happy,03,16,16,female,strong,1878
50,1.6683333333333334,True,1.0,0.32306890765870666,0.28076514867683366,0.30191702816777016,0.6321019640153854,-0.06537037037037041,-0.06726851851851856,0.4717627659906009,0.2380075762941806,0.17691794790091941,0.47763975648780216,0.042303758981872996,0.0018981481481481488,0.0351721191264019,0.4615366490357869,0.11351735530699875,0.11495657493401708,0.0,0.9999999987499999,0.6244051582820628,0.27535824423321303,0.31950130284215245,0.41075982418699,happy,03,16,16,female,strong,1878
60,2.0020000000000002,True,1.0,0.4191808193570322,0.41143049836457346,0.41530565886080284,0.7238925257589167,-0.05611111111111117,-0.06703703703703706,0.4128363268667161,0.35910344066214683,0.1578211898658701,0.5737117653278757,0.007750320992458759,0.010925925925925895,0.06468190987624846,0.3286226061049182,0.0970235633140644,0.10902538624912203,0.0,0.9999999987499999,0.6720745804493674,0.29572265752490234,0.2611768837016284,0.40747724444924716,happy,03,16,16,female,strong,1878
70,2.3356666666666666,True,1.0,0.37452563946388834,0.3432730537319518,0.3588993465979201,0.5260212538067037,-0.06041666666666662,-0.06282407407407409,0.3646995606580504,0.25353998830237756,0.18027083942767907,0.6822905804673138,0.03125258573193651,0.002407407407407469,0.055424529438204966,0.4795838823720793,0.10337565486961188,0.1150771612677226,0.0,0.9999999987499999,0.6656555311655913,0.28909690640118657,0.2872795364897391,0.43162467891320405,happy,03,16,16,female,strong,1878
80,2.6693333333333333,True,1.0,0.28969974540790083,0.27310667511086273,0.28140321025938175,0.5824418423578351,-0.05884259259259256,-0.060509259259259374,0.4337835350014301,0.21227252482712913,0.17695616433937664,0.4831438777135381,0.016593070297038104,0.0016666666666668162,0.05430425273710159,0.47278980852002445,0.10535100942632507,0.11658697538283358,0.0,0.9999999987499999,0.6605843923663216,0.2892427986780161,0.30084010795262084,0.45483946989967927,happy,03,16,16,female,strong,1878
90,3.003,True,1.0,0.2812223255471639,0.25674685848773526,0.2689845920174496,0.4582072358696507,-0.05902777777777768,-0.05791666666666673,0.4872092406481415,0.11112034663751351,0.1848653928466407,0.5870369801274145,0.024475467059428657,0.0011111111111109517,0.035690568371909065,0.569097911686307,0.10609473337634628,0.11206638556265226,0.0,0.9999999987499999,0.6546439785758053,0.2921562266553725,0.30846039640150447,0.45098632283294793,happy,03,16,16,female,strong,1878
100,3.336666666666667,True,1.0,0.30939284284772944,0.27818378246948416,0.29378831265860683,0.45820723586965073,-0.05865740740740727,-0.05949074074074079,0.48859419029739193,0.11112034663751351,0.18479274337373963,0.6411690817169521,0.03120906037824528,0.0008333333333335191,0.036827138478971407,0.5690979116863064,0.10574055471234135,0.1142499266315762,0.0,0.9999999987499999,0.6579483344509679,0.2882097198970414,0.3012222746493163,0.44547150136405783,happy,03,16,16,female,strong,1878
110,3.6703333333333332,True,1.0,0.34055144875659216,0.310621244619874,0.32558634668823305,0.44301080191273934,-0.05486111111111108,-0.058009259259259316,0.47295665891749233,0.09888857498473869,0.18874862050361776,0.7349399727557081,0.029930204136718153,0.003148148148148233,0.03930533198975896,0.5910403923298095,0.10611604633244152,0.11390125265655573,0.0,0.9999999987499999,0.6560992364133152,0.29037028973780676,0.30008368258851303,0.4426945616703764,happy,03,16,16,female,strong,1878
0,0.0,True,1.0,0.3804945548039023,0.4050501995021886,0.39277237715304547,0.29821662198538446,-0.06726851851851845,-0.0653703703703703,0.38420802973317947,0.27101744808137324,0.15560459393366255,1.3170707069852572,0.024555644698286305,0.0018981481481481488,0.028693448020545742,0.8191757547728862,0.11967857577647362,0.10675768404271446,0.0,0.9999999987499999,0.6264388375506452,0.2707142925947226,0.2910486595975962,0.37462429402410125,happy,03,16,16,female,strong,1879
10,0.33366666666666667,True,1.0,0.38025311211575896,0.35840746793201717,0.36933029002388806,0.33164217685192354,-0.06824074074074071,-0.06486111111111115,0.39399254365027453,0.22545961801452497,0.16391867961350395,1.1136408931147261,0.021845644183741797,0.003379629629629566,0.024651857365883253,0.6973235123198404,0.10233460106398695,0.11451625632392594,0.0,0.9999999987499999,0.6780767866365296,0.2887865532347004,0.2846333399294902,0.44585101959576984,happy,03,16,16,female,strong,1879
20,0.6673333333333333,True,1.0,0.3287249953929917,0.31771123520863936,0.32321811530081557,0.5684326745214621,-0.0506018518518519,-0.048981481481481515,0.4505371391490633,0.20299829425056143,0.14320960119942824,0.5686128362922106,0.01101376018435235,0.0016203703703703831,0.0006939777273618221,0.4481394564081803,0.11826780158445127,0.10814244200539776,0.0,0.9999999987499999,0.6204276169686626,0.2741306399921803,0.30889089098169026,0.3972420621787965,happy,03,16,16,female,strong,1879
30,1.0010000000000001,True,1.0,0.3492585386029902,0.3447615169005761,0.34701002775178313,0.5045237429730185,-0.0639351851851851,-0.06680555555555562,0.3818942496237506,0.3127207099434342,0.15751489962386292,0.68779721982349,0.004497021702414117,0.002870370370370523,0.01720264321322147,0.49177824762272,0.11509165770770036,0.10962129153258808,0.0,0.9999999987499999,0.6340221018016582,0.27590249162449204,0.30414159846489713,0.3865715114090398,happy,03,16,16,female,strong,1879
40,1.3346666666666667,True,1.0,0.3467145214272088,0.3362822373719456,0.3414983793995772,0.5488797445037997,-0.07671296296296293,-0.07574074074074078,0.4035433826010479,0.3120669976823488,0.1738078366749519,0.6221734046832058,0.010432284055263197,0.0009722222222221522,0.013324399054378966,0.4750550662162485,0.10035950169009301,0.11559367702272744,0.0,0.9999999987499999,0.6773182232736844,0.28627257183143084,0.29549514727211906,0.4568021042069742,happy,03,16,16,female,strong,1879
50,1.6683333333333334,True,1.0,0.45241786614197743,0.4092875397058461,0.43085270292391176,0.5328517463686572,-0.051712962962962905,-0.05027777777777781,0.47161986475494366,0.17717981377246694,0.1809105719906687,0.8085789450070101,0.04313032643613135,0.001435185185185095,0.02400421971462755,0.4979629184907114,0.10701371394121158,0.11339481279992546,0.0,0.9999999987499999,0.6534290324801796,0.2905147072437443,0.31415027254599504,0.45850259154264517,happy,03,16,16,female,strong,1879
60,2.0020000000000002,True,1.0,0.37915810001456357,0.37164965987586834,0.37540387994521596,0.23602582459502092,-0.05194444444444446,-0.05375000000000002,0.4082368269901594,0.11160322970469672,0.18858868048102687,1.5905203618686363,0.007508440138695227,0.0018055555555555602,0.05794014980422339,1.1372993368763504,0.11613987394681409,0.10815839780450323,0.0,0.9999999987499999,0.6280032418670592,0.26195256240766984,0.3045385133035035,0.4000101433408702,happy,03,16,16,female,strong,1879
70,2.3356666666666666,True,1.0,0.3090633938861077,0.2882198753825376,0.2986416346343227,0.4511665197910797,-0.0534722222222222,-0.05870370370370376,0.4091790124088185,0.20430572744046216,0.1826826371149158,0.6619321725659381,0.02084351850357008,0.005231481481481559,0.058902992023505706,0.5880247990778302,0.10393863349727087,0.11687384137434341,0.0,0.9999999987499999,0.6594441905199582,0.2869392456258465,0.2906136205922997,0.440716205336869,happy,03,16,16,female,strong,1879
80,2.6693333333333333,True,1.0,0.33988170554586544,0.30914614274134633,0.3245139241436059,0.568605079590525,-0.054212962962962796,-0.05601851851851858,0.3895658200452514,0.21591546835125064,0.18424695923669349,0.5707193547713313,0.030735562804519112,0.0018055555555557823,0.024481799095747204,0.4637153255935368,0.10619399943185316,0.1164757841399715,0.0,0.9999999987499999,0.6508803945484444,0.2913494999518563,0.3036089815918627,0.4513103093012203,happy,03,16,16,female,strong,1879
90,3.003,True,1.0,0.32197754798947686,0.27608549639881047,0.29903152219414364,0.48543339053679946,-0.04939814814814819,-0.05226851851851849,0.4681255559128704,0.061957928576862595,0.18821430797469602,0.616009380532044,0.045892051590666394,0.002870370370370301,0.017185489253326056,0.5526496927939519,0.10589228506866684,0.11343949408653818,0.0,0.9999999987499999,0.6494088407159739,0.29618346136924306,0.30810862650690024,0.4618031908036699,happy,03,16,16,female,strong,1879
100,3.336666666666667,True,1.0,0.3228139599483938,0.29024469469207514,0.30652932732023447,0.4968472895723344,-0.04935185185185187,-0.05291666666666661,0.4665124152767205,0.04510899554072679,0.18750162759710248,0.6169487763213567,0.03256926525631865,0.003564814814814743,0.029520811268712175,0.5508721902673825,0.10566868283911512,0.11481529495505517,0.0,0.9999999987499999,0.6444008797816001,0.29667554433723503,0.30205704151567836,0.46149321945104815,happy,03,16,16,female,strong,1879
110,3.6703333333333332,True,1.0,0.3550467158593472,0.34414106460087274,0.34959389023011,0.4811431375844728,-0.051574074074073994,-0.05268518518518517,0.4831649661034517,0.06006441142376392,0.186112750854354,0.7265902034583895,0.01090565125847448,0.0011111111111111738,0.02865292623717491,0.5508721902673807,0.10730154864789626,0.11329077697127012,0.0,0.9999999987499999,0.6464942886216987,0.2971565987544729,0.30744328507202884,0.46948527469490364,happy,03,16,16,female,strong,1879
0,0.0,True,1.0,0.5693893711065832,0.5298889332229865,0.5496391521647848,0.2980977523433267,-0.06601851851851837,-0.067962962962963,0.4096042266564423,0.14691158421554135,0.18143553609964513,1.8438218599238263,0.039500437883596695,0.0019444444444446374,0.047826428221612316,0.8131127115464503,0.11802752574798958,0.10822873866125432,0.0,0.9999999987499999,0.6125738325095663,0.27467893103395935,0.29525870045412006,0.40513493852374366,sad,04,16,16,female,normal,1880
10,0.33366666666666667,True,1.0,0.6045129030868496,0.5059083238036521,0.5552106134452508,0.3066405273577215,-0.06560185185185186,-0.0698611111111111,0.3805308509435051,0.17150236832471394,0.18072449695109213,1.8106237235809073,0.09860457928319744,0.00425925925925924,0.05817101302912846,0.7633960525932025,0.11953461792969998,0.10903617330072832,0.0,0.9999999987499999,0.6125889869619723,0.27219313022393754,0.3002829472446084,0.4085207489088872,sad,04,16,16,female,normal,1880
20,0.6673333333333333,True,1.0,0.2535318733014649,0.24268361195266536,0.24810774262706514,0.29499988730804455,-0.08250000000000002,-0.08305555555555544,0.39513903493693986,0.15107643809544044,0.17598774736527675,0.8410435166301818,0.01084826134879957,0.0005555555555554204,0.06746874457990341,0.7975739428717852,0.10032282312859431,0.11562551148482826,0.0,0.9999999987499999,0.6703301419161414,0.29954530181735783,0.28350113037746727,0.4447420747228216,sad,04,16,16,female,normal,1880
30,1.0010000000000001,True,1.0,0.46149813852388966,0.40971954008271283,0.43560883930330124,0.6044859064714784,-0.07180555555555546,-0.07351851851851854,0.3792203045435183,0.14308779411677985,0.18160365887287516,0.7206269569559512,0.051778598441176826,0.0017129629629630827,0.05718215174268427,0.4037578880322627,0.10410203149301857,0.11324892260688262,0.0,0.9999999987499999,0.6601914160429798,0.2951007330427691,0.28255570063286767,0.4348198822872966,sad,04,16,16,female,normal,1880
40,1.3346666666666667,True,1.0,0.3725058087376195,0.3573696548829546,0.36493773181028705,0.37734446028462254,-0.07893518518518516,-0.08351851851851849,0.38014781451447666,0.04657045575900261,0.19628317820436608,0.9671209470917438,0.015136153854664935,0.004583333333333328,0.07870293282053747,0.5391180887767127,0.10053790251774818,0.11560346816369158,0.0,0.9999999987499999,0.6752660516862995,0.29956675507391317,0.29708769183397765,0.44787026158160403,sad,04,16,16,female,normal,1880
50,1.6683333333333334,True,1.0,0.38100638008032167,0.33523457064845746,0.35812047536438957,0.5668353404826211,-0.06652777777777774,-0.07171296296296292,0.41815230047235447,0.10363153867466168,0.19423177563420363,0.6317892512832294,0.04577180943186421,0.005185185185185182,0.07633562239303122,0.4437105656496203,0.10267408871956242,0.11668733545692307,0.0,0.9999999987499999,0.6589751144598465,0.29531516540530334,0.29240404777035406,0.44571640328833256,sad,04,16,16,female,normal,1880
60,2.0020000000000002,True,1.0,0.3172518844653767,0.26646609347718886,0.2918589889712828,0.4862759097174915,-0.06078703703703714,-0.06398148148148136,0.3953573393225419,0.14292627687106232,0.19417834769327555,0.6001921607443852,0.05078579098818786,0.003194444444444222,0.06971915483411809,0.5441742889796581,0.11740642607530191,0.11217692644124203,0.0,0.9999999987499999,0.6060874909963986,0.27368019732932003,0.32226264245322245,0.42226484432344963,sad,04,16,16,female,normal,1880
70,2.3356666666666666,True,1.0,0.41874038987979445,0.3727191650109466,0.3957297774453705,0.42582882912442127,-0.055787037037037024,-0.05787037037037035,0.38313285588156343,0.10845463815317204,0.19824059463303695,0.9293165478228901,0.046021224868847854,0.002083333333333326,0.06210026317524992,0.5870903586167328,0.11950643142014414,0.11028305606157254,0.0,0.9999999987499999,0.6098353780887356,0.27437467725995,0.33038770757241304,0.41774691161365285,sad,04,16,16,female,normal,1880
80,2.6693333333333333,True,1.0,0.405050199502188,0.40225813363430224,0.40365416656824515,0.48130443037206755,-0.05925925925925918,-0.06268518518518512,0.40197521697316535,0.12306724090674896,0.1925359403531373,0.838667049576511,0.0027920658678857735,0.0034259259259259434,0.04915220069482921,0.5174224200033952,0.11805506872315653,0.11251469301271727,0.0,0.9999999987499999,0.6085751145067402,0.27317106033527955,0.3135860192756793,0.41134582552781473,sad,04,16,16,female,normal,1880
90,3.003,True,1.0,0.36390313124045504,0.3727087043402569,0.36830591779035593,0.44703401221303335,-0.058379629629629615,-0.06342592592592594,0.4122091868111952,0.12057717498799862,0.184815128325867,0.8238879094838097,0.008805573099801844,0.0050462962962963265,0.04272242467159617,0.5767190674135886,0.11956569106332225,0.10830070037919062,0.0,0.9999999987499999,0.6080241389680873,0.272785761310706,0.31431282625689055,0.4115523665806791,sad,04,16,16,female,normal,1880
100,3.336666666666667,True,1.0,0.40979382096423966,0.38502378502902285,0.3974088029966313,0.43213182051873417,-0.06240740740740741,-0.06481481481481477,0.40220766268482455,0.12395222407983793,0.1876968367849136,0.9196471634964971,0.024770035935216816,0.002407407407407358,0.048192709417152105,0.5899468433744459,0.11959168696149584,0.10879860492876803,0.0,0.9999999987499999,0.6091791466664791,0.27255059829882056,0.30454932975938614,0.40420137201745954,sad,04,16,16,female,normal,1880
0,0.0,True,1.0,0.5145075592764269,0.565467749193456,0.5399876542349414,0.34247484800907146,-0.07342592592592595,-0.06143518518518509,0.3410527709592023,0.1775757376012966,0.19034552810498334,1.5767220786404679,0.05096018991702911,0.011990740740740857,0.06922849816060016,0.6979993599656096,0.10478183148712587,0.10795606810118266,0.0,0.9999999987499999,0.6463156600999775,0.29824209553779324,0.28325675822505136,0.4220150871687566,sad,04,16,16,female,normal,1881
10,0.33366666666666667,True,1.0,0.5517689921042581,0.596368843474054,0.574068917789156,0.34438835237467225,-0.07564814814814808,-0.06449074074074079,0.35600985297484994,0.14074019776263075,0.18685496707656818,1.6669231518161398,0.04459985136979583,0.011157407407407283,0.07691221908784684,0.7225132833082641,0.11800236698958108,0.108957853694979,0.0,0.9999999987499999,0.6060206937540641,0.26969268049407913,0.2940428133977122,0.40198551310375763,sad,04,16,16,female,normal,1881
20,0.6673333333333333,True,1.0,0.4996237876874173,0.5564568711155337,0.5280403294014755,0.3179396847279,-0.07305555555555548,-0.06162037037037038,0.41750107442163953,0.037688174547070595,0.18829819813198714,1.6608191891911335,0.05683308342811638,0.011435185185185104,0.08850500526133442,0.7285822174066418,0.11854961890332934,0.10800996463222871,0.0,0.9999999987499999,0.606235272601228,0.2711561331254561,0.30670401131182806,0.40695253568835704,sad,04,16,16,female,normal,1881
30,1.0010000000000001,True,1.0,0.4576943317629358,0.4876122107004763,0.47265327123170603,0.5452517508552315,-0.0639351851851851,-0.06162037037037038,0.44663074320705026,0.07668040316082482,0.1848559922190204,0.8668532847264513,0.0299178789375405,0.002314814814814714,0.07433117317088105,0.44659166961336355,0.10611156477412403,0.11255938382479017,0.0,0.9999999987499999,0.6477464288840538,0.29876769419122207,0.3142245607082554,0.44737974954844245,sad,04,16,16,female,normal,1881
40,1.3346666666666667,True,1.0,0.40529769815525984,0.45023631349188414,0.42776700582357197,0.4174614594037115,-0.0699999999999999,-0.060740740740740706,0.4027790562691645,0.08015500489172997,0.1959330419925248,1.0246862223750681,0.0449386153366243,0.00925925925925919,0.06957918538229294,0.6017256222095461,0.11398215764106871,0.11025730419249873,0.0,0.9999999987499999,0.610082883622199,0.27076493372272126,0.3133675460974526,0.41696473881087487,sad,04,16,16,female,normal,1881
50,1.6683333333333334,True,1.0,0.13703754195464382,0.11578832313143868,0.12641293254304126,0.757175260725612,-0.08180555555555552,-0.07018518518518518,0.410749828811737,0.2541376485480604,0.18542695320541566,0.16695333181104982,0.021249218823205143,0.011620370370370336,0.06918876493281206,0.34061049229936236,0.1052190312254715,0.11288898392309706,0.0,0.9999999987499999,0.6526652834805798,0.29120602312889526,0.29825702469156273,0.4445080086716648,sad,04,16,16,female,normal,1881
60,2.0020000000000002,True,1.0,0.3963531643870997,0.41518585054441964,0.4057695074657597,0.5132668924335226,-0.07412037037037039,-0.06314814814814812,0.3531246804327989,0.18026706879342724,0.1897285547994645,0.7905624022268574,0.018832686157319922,0.010972222222222272,0.07487585831239811,0.5075817498664669,0.09818026593705385,0.11025467510876913,0.0,0.9999999987499999,0.6779913111103816,0.29483361304000333,0.29802934552260046,0.4509924613162193,sad,04,16,16,female,normal,1881
70,2.3356666666666666,True,1.0,0.4516142277721346,0.49475500131240313,0.4731846145422689,0.5643213792753821,-0.07814814814814808,-0.06865740740740744,0.343949236213174,0.2969314989760924,0.18548619256239368,0.8385020166165997,0.04314077354026852,0.009490740740740633,0.07221926387891309,0.48027531466632445,0.09648714477210849,0.11139785007512454,0.0,0.9999999987499999,0.6787891436809099,0.2937542880503872,0.28440705393153154,0.43768740465705913,sad,04,16,16,female,normal,1881
80,2.6693333333333333,True,1.0,0.507571751609287,0.5180396076793804,0.5128056796443337,0.6207128923075362,-0.07874999999999999,-0.068888888888889,0.3466370877574542,0.28569884720949934,0.18683863413534252,0.8261559990126011,0.010467856070093373,0.009861111111110987,0.0717017721915267,0.45401281401719656,0.11742951699471983,0.1074682914390615,0.0,0.9999999987499999,0.6161602699673618,0.2704613539833735,0.3002239132547668,0.4020327029586861,sad,04,16,16,female,normal,1881
90,3.003,True,1.0,0.4889271245260942,0.5027808877738984,0.4958540061499963,0.46201758027852025,-0.0799537037037037,-0.06856481481481469,0.36571902780114846,0.2439526010748728,0.1861373452695948,1.0732362302124483,0.013853763247804185,0.011388888888889004,0.07486064119840292,0.5725099702712283,0.09882983037963133,0.10774497300216392,0.0,0.9999999987499999,0.679268921576443,0.29361542421498,0.29656066623271904,0.45313282239057706,sad,04,16,16,female,normal,1881
100,3.336666666666667,True,1.0,0.518993514326052,0.5150700398839754,0.5170317771050137,0.418578281584436,-0.07893518518518511,-0.06675925925925941,0.374225056275363,0.1859325258100844,0.1840692309509921,1.2352092782929482,0.003923474442076635,0.012175925925925701,0.08573015391334955,0.5667333516765116,0.09738362246793306,0.11044263776018459,0.0,0.9999999987499999,0.6778941289250074,0.29434302772391513,0.2966976344472708,0.45924126779522706,sad,04,16,16,female,normal,1881
0,0.0,True,1.0,0.6009983448724073,0.5488809648483897,0.5749396548603984,0.3757892315199707,-0.06828703703703703,-0.07287037037037036,0.34675010805858497,0.2736856662932246,0.16833905424685933,1.5299524484374274,0.05211738002401767,0.004583333333333328,0.08054826796819577,0.6635030840191362,0.12043689646610856,0.10821492452332819,0.0,0.9999999987499999,0.6169703223945827,0.2780966980116947,0.29093493686248445,0.3924462423978849,sad,04,16,16,female,normal,1882
10,0.33366666666666667,True,1.0,0.3751094640588259,0.35744848522526,0.36627897464204295,0.32942599441684073,-0.07523148148148151,-0.07898148148148154,0.3853951901658663,0.2138230141928364,0.16903233398270473,1.1118702860423642,0.017660978833565877,0.003750000000000031,0.07047826720131617,0.7411351346196912,0.11662212177399615,0.111293184638758,0.0,0.9999999987499999,0.6181534277773609,0.27867741264962176,0.2814909834733643,0.38631609556052,sad,04,16,16,female,normal,1882
20,0.6673333333333333,True,1.0,0.2337159699279253,0.2361077791403575,0.2349118745341414,0.3381379726731302,-0.07643518518518527,-0.07958333333333334,0.4063237888418312,0.1144010670420888,0.16833905424685933,0.694721958249939,0.0023918092124322055,0.0031481481481480666,0.0707896832597972,0.7063530419596286,0.11771626814580802,0.11065299042750062,0.0,0.9999999987499999,0.6203873021708683,0.27881635371304736,0.29268472521520883,0.39199751387844534,sad,04,16,16,female,normal,1882
30,1.0010000000000001,True,1.0,0.11530085653849402,0.08786498912690509,0.10158292283269955,0.5603273872862374,-0.0718981481481481,-0.07814814814814813,0.4216224640792124,0.16062235803492844,0.17523047393116473,0.1812920894776949,0.027435867411588932,0.006250000000000033,0.07271263457065914,0.45712674642619194,0.11653729893413191,0.11206411549422239,0.0,0.9999999987499999,0.6142063168001576,0.27846852508295483,0.3075821878046019,0.41226080045150193,sad,04,16,16,female,normal,1882
40,1.3346666666666667,True,1.0,0.47193162731501737,0.45617416863550014,0.4640528979752587,0.4290427170237175,-0.05703703703703705,-0.06287037037037035,0.38356928903500404,0.17162223555378547,0.1778876071332822,1.0816006881422155,0.015757458679517222,0.0058333333333333015,0.057031269020923335,0.5805034186403589,0.11429153311985438,0.1109715032367801,0.0,0.9999999987499999,0.6159839288996849,0.2767219362828152,0.29789483088778046,0.4070547849487246,sad,04,16,16,female,normal,1882
50,1.6683333333333334,True,1.0,0.44279111025997364,0.44218400936687074,0.4424875598134222,0.49759080634183217,-0.06069444444444433,-0.06509259259259259,0.4118505608266868,0.23361923814353397,0.17172381840952736,0.8892599183382913,0.0006071008931028965,0.004398148148148262,0.0621375330659097,0.5302799752366523,0.11771512297683805,0.11048189875199695,0.0,0.9999999987499999,0.6101291917470113,0.2767358239893805,0.30736117990039175,0.4136729826149716,sad,04,16,16,female,normal,1882
60,2.0020000000000002,True,1.0,0.5027090739716358,0.46194212970211673,0.4823256018368762,0.46707903573013587,-0.061851851851851936,-0.0677314814814815,0.3583388855911231,0.28185305360616497,0.1709476243700911,1.0326423687222592,0.040766944269519045,0.005879629629629568,0.07409343207826934,0.5113623970114822,0.11657726272569748,0.11048128489509612,0.0,0.9999999987499999,0.6145847803730867,0.2764229094453723,0.3059268426146399,0.41446961486471884,sad,04,16,16,female,normal,1882
70,2.3356666666666666,True,1.0,0.4789865452367442,0.4545970001192309,0.46679177267798755,0.5887003034968459,-0.06245370370370379,-0.07189814814814821,0.336457963149044,0.23076923076923114,0.1729912164377912,0.7929191982835261,0.024389545117513345,0.009444444444444422,0.07062778681424958,0.39015599512154153,0.11645646461436023,0.11060860882501296,0.0,0.9999999987499999,0.6083930881024285,0.2742744425541028,0.29523187909104315,0.40887362224193435,sad,04,16,16,female,normal,1882
80,2.6693333333333333,True,1.0,0.4823738718098189,0.46942699291294704,0.47590043236138296,0.4243221422075929,-0.0637962962962963,-0.07018518518518518,0.3481284050720773,0.2551140170982572,0.17021465526170562,1.121554557312157,0.01294687889687185,0.006388888888888888,0.06843051506105738,0.5554426268338044,0.11670274374223438,0.10772781853526255,0.0,0.9999999987499999,0.6185356939260078,0.2746586776108748,0.278684286655633,0.39594558466316937,sad,04,16,16,female,normal,1882
90,3.003,True,1.0,0.5556007769169724,0.518885519311007,0.5372431481139897,0.37691738670352937,-0.06462962962962965,-0.0700925925925926,0.351792369329871,0.25318280166369245,0.17164160640527312,1.4253604823397739,0.03671525760596539,0.005462962962962947,0.06922608728670641,0.6205669034986361,0.12146171307030512,0.10777283501983345,0.0,0.9999999987499999,0.610331531612645,0.2783816332525182,0.2978578389769546,0.39865114165521165,sad,04,16,16,female,normal,1882
100,3.336666666666667,True,1.0,0.5275514312873653,0.47196274319264636,0.4997570872400058,0.3328547235512257,-0.06412037037037038,-0.06990740740740742,0.34867285680334026,0.23828969568347555,0.1737696812730869,1.5014270547465858,0.0555886880947189,0.005787037037037035,0.07282938281601675,0.7270828834768945,0.12086567787092384,0.11001070471007356,0.0,0.9999999987499999,0.6074128236294518,0.2710495533124093,0.2955190715537728,0.4085029483928987,sad,04,16,16,female,normal,1882
0,0.0,True,1.0,0.538243099281777,0.6173066952395069,0.577774897260642,0.36084516936628963,-0.07254629629629628,-0.06208333333333327,0.3405135824672539,0.22580735746585376,0.18057076675375175,1.6011712122274515,0.07906359595772983,0.010462962962963007,0.07903503166848327,0.7012979279124634,0.12038142306472918,0.10596451095870071,0.0,0.9999999987499999,0.6065406493691227,0.27061000101762434,0.304611927477035,0.4175530956321145,sad,04,16,16,female,normal,1883
10,0.33366666666666667,True,1.0,0.5322076729374013,0.5967600117917,0.5644838423645506,0.29870059572299396,-0.07398148148148148,-0.0635648148148148,0.3771225242161927,0.16150171218434242,0.18266562172332237,1.8897981806773367,0.06455233885429867,0.010416666666666685,0.08198631077689832,0.7896650934614307,0.11918307542734871,0.10748796714561085,0.0,0.9999999987499999,0.6059495595738295,0.2712812241886931,0.3058086980507603,0.41922455844871165,sad,04,16,16,female,normal,1883
20,0.6673333333333333,True,1.0,0.5683830914660668,0.6395404641581276,0.6039617778120971,0.3010966838157288,-0.07509259259259254,-0.06560185185185186,0.39427450121340346,0.1420435048182953,0.18128409229477535,2.005873230346575,0.0711573726920608,0.009490740740740689,0.078955256533676,0.7665587805122603,0.12003183997517579,0.10707444972689278,0.0,0.9999999987499999,0.6144344729688751,0.28060754811920596,0.3080443759922382,0.3958604423137469,sad,04,16,16,female,normal,1883
30,1.0010000000000001,True,1.0,0.4619643152652268,0.4811170141494227,0.47154066470732475,0.5862731923191676,-0.07356481481481486,-0.06861111111111096,0.36738290403120516,0.12850076438537655,0.19039362020939674,0.8043019378764595,0.019152698884195907,0.0049537037037039044,0.0772843939916308,0.39574599703484975,0.1066157434182128,0.11208194467187708,0.0,0.9999999987499999,0.6505734427755477,0.29674822043009286,0.30178391458397097,0.4450515440170788,sad,04,16,16,female,normal,1883
40,1.3346666666666667,True,1.0,0.5066921766282364,0.561277040908659,0.5339846087684477,0.33279154337396516,-0.0732870370370372,-0.06310185185185191,0.3841823501148417,0.10329053588386895,0.18892160269492644,1.604561832775893,0.05458486428042264,0.010185185185185297,0.06813960665093141,0.6950670872885923,0.10637375583185196,0.11298813621841965,0.0,0.9999999987499999,0.6466723433748499,0.2960842023344053,0.2973789921601594,0.4430213301126053,sad,04,16,16,female,normal,1883
50,1.6683333333333334,True,1.0,0.4980831311375143,0.5149162233218935,0.5064996772297039,0.41058706674127754,-0.07263888888888886,-0.06300925925925921,0.4039853976325097,0.07935098420899159,0.18819484984356957,1.233598713300104,0.016833092184379173,0.009629629629629655,0.0528912817694343,0.5806808216399081,0.11954544419365383,0.10744004475684696,0.0,0.9999999987499999,0.6034565654621222,0.27037712233314887,0.32317403258557187,0.40845560346863036,sad,04,16,16,female,normal,1883
60,2.0020000000000002,True,1.0,0.5322038943095486,0.5518293987643028,0.5420166465369257,0.4564280824243564,-0.07398148148148148,-0.06476851851851845,0.3629498001033005,0.2129304379244182,0.18333499792094693,1.1875181817428024,0.019625504454754195,0.009212962962963034,0.06815407158694507,0.5467265120873644,0.11954620012131885,0.10726172911951647,0.0,0.9999999987499999,0.605985497902286,0.27090001752417375,0.3152903191529971,0.4157497216052788,sad,04,16,16,female,normal,1883
70,2.3356666666666666,True,1.0,0.5260465501192048,0.5772969630884145,0.5516717566038096,0.6964980314670716,-0.07171296296296292,-0.06518518518518523,0.30420897237056704,0.2520820496869251,0.18403150894573134,0.7920650621822914,0.051250412969209735,0.006527777777777688,0.06728813005517853,0.35453980535292384,0.10653497371212456,0.11283613885727245,0.0,0.9999999987499999,0.651588663176208,0.2932932984277907,0.28754012205921564,0.43694379935944805,sad,04,16,16,female,normal,1883
80,2.6693333333333333,True,1.0,0.5280879836697951,0.5857368753476064,0.5569124295087008,0.39455997525898356,-0.0728240740740741,-0.06333333333333324,0.33983032284524456,0.18895880556577077,0.18264264843016134,1.4114772516983036,0.05764889167781129,0.009490740740740855,0.06917612256392695,0.6336172335673511,0.12216074714822929,0.10518385851170564,0.0,0.9999999987499999,0.6009815599052121,0.26890825325460915,0.3094570026408734,0.41040660886500224,sad,04,16,16,female,normal,1883
90,3.003,True,1.0,0.5199568050873064,0.565467749193457,0.5427122771403816,0.3980498583605359,-0.07430555555555557,-0.06587962962962968,0.35340762078060234,0.2291619828172766,0.181948218334814,1.363427886586049,0.04551094410615064,0.008425925925925892,0.06702938159136934,0.63077467190003,0.10184448292635415,0.10847163144637814,0.0,0.9999999987499999,0.6710705803415115,0.2959865067089973,0.3067757085815592,0.4614280374525278,sad,04,16,16,female,normal,1883
100,3.336666666666667,True,1.0,0.5179622231365583,0.5356762794542507,0.5268192512954044,0.3729694783527225,-0.07125000000000009,-0.06379629629629624,0.34724826005623993,0.19377652639693452,0.18611275085435405,1.4124996330053154,0.017714056317692406,0.007453703703703851,0.06576118889962729,0.6893841682475087,0.10341820164661891,0.10943730792257789,0.0,0.9999999987499999,0.6491030290241098,0.29760734544039025,0.2807186529107506,0.4262650709324647,sad,04,16,16,female,normal,1883
0,0.0,True,1.0,0.55408333114075,0.5062849774547761,0.530184154297763,0.34208381018614054,-0.07439814814814816,-0.07342592592592595,0.4020094661773643,0.17614263421871815,0.18133516937356894,1.5498662564862982,0.04779835368597396,0.0009722222222222077,0.042234355529962006,0.7125427263099504,0.10512954101005889,0.11195589821318344,0.0,0.9999999987499999,0.6577677159144908,0.29364609969105593,0.28483884069023924,0.42270153303830876,sad,04,16,16,female,strong,1884
10,0.33366666666666667,True,1.0,0.45529733143042206,0.41232720980885923,0.43381227061964067,0.5749413313229813,-0.0743981481481481,-0.07550925925925928,0.37364774543332935,0.27917472304567137,0.18498050030699761,0.7545331097025282,0.04297012162156283,0.0011111111111111738,0.04911428368511759,0.42198425406130685,0.1028641110351968,0.11387367672584356,0.0,0.9999999987499999,0.6618378374005853,0.292209128600296,0.28808320306976726,0.4236242225353022,sad,04,16,16,female,strong,1884
20,0.6673333333333333,True,1.0,0.2902056644016079,0.28634126752349076,0.2882734659625493,0.5762376464165503,-0.06749999999999995,-0.0667592592592593,0.46775739310887565,0.18798984603765476,0.18014509969589634,0.5002683662812312,0.0038643968781171267,0.000740740740740653,0.054662552683034535,0.4832151172671281,0.10143724030929334,0.11464909081937374,0.0,0.9999999987499999,0.6591190356533239,0.29408336767852344,0.3005613647599639,0.4544238001213436,sad,04,16,16,female,strong,1884
30,1.0010000000000001,True,1.0,0.2314914099212832,0.20325502149854818,0.2173732157099157,0.7423377909131174,-0.056851851851851765,-0.05884259259259256,0.47214723718066,0.20151876998567397,0.17173531452876373,0.29282251068281784,0.028236388422735015,0.001990740740740793,0.034266850440199725,0.3736957185577113,0.11666294156590197,0.11107900950387269,0.0,0.9999999987499999,0.6167282767013055,0.2809138573345071,0.3386218876272401,0.4175180825626903,sad,04,16,16,female,strong,1884
40,1.3346666666666667,True,1.0,0.24478341306620946,0.24259157421410557,0.24368749364015752,0.5289208906597981,-0.06504629629629627,-0.0652314814814815,0.4315470254164806,0.17978582287271533,0.1871727669507032,0.46072578705706163,0.002191838852103889,0.00018518518518523264,0.04521264432768511,0.4974480138564969,0.11564680882859577,0.11247582757980122,0.0,0.9999999987499999,0.6049548743872549,0.2737846257530771,0.32386856063919495,0.41780206824466665,sad,04,16,16,female,strong,1884
50,1.6683333333333334,True,1.0,0.37545534100230094,0.3742644141710338,0.3748598775866674,0.674050509430196,-0.06662037037037039,-0.06611111111111118,0.38541789864587844,0.323033598887923,0.18745787849919715,0.5561302489090212,0.0011909268312671473,0.0005092592592592093,0.03594450940524937,0.42173716077563866,0.11373303145780148,0.1140771048105514,0.0,0.9999999987499999,0.5973780547140731,0.2751044549777891,0.3113337853453658,0.40118078199213353,sad,04,16,16,female,strong,1884
60,2.0020000000000002,True,1.0,0.27151067711117294,0.23539006942512727,0.2534503732681501,0.28786164274560355,-0.06685185185185183,-0.06453703703703706,0.3701901584799901,0.19869394831972817,0.19562775964685905,0.8804589970749794,0.036120607686045664,0.0023148148148147696,0.05423404484356609,0.9354574867324736,0.11389716330086103,0.10825337967008551,0.0,0.9999999987499999,0.6265908539196928,0.26908451897857183,0.30020798565401463,0.37446772996349365,sad,04,16,16,female,strong,1884
70,2.3356666666666666,True,1.0,0.3867671700671248,0.3708498156920357,0.37880849287958024,0.45887137814956874,-0.06805555555555559,-0.06814814814814818,0.3676359921697832,0.29234301158535914,0.19290331746801778,0.8255221635464653,0.01591735437508912,9.259259259258856e-05,0.037362433923413915,0.5559912189678053,0.1019626073835603,0.11484759567821079,0.0,0.9999999987499999,0.6499348404439901,0.29647822705437205,0.29016963337291785,0.42369882560215444,sad,04,16,16,female,strong,1884
80,2.6693333333333333,True,1.0,0.4466673810043007,0.4397550942430523,0.44321123762367653,0.7030809901625596,-0.06662037037037039,-0.06842592592592589,0.3563184513547905,0.32846592278667414,0.1822967560880148,0.6303843281571323,0.006912286761248387,0.0018055555555555047,0.030728733510288094,0.38286168326225395,0.1185466926481159,0.11079941075828839,0.0,0.9999999987499999,0.604288427191189,0.27193129958896195,0.299009034377185,0.38254594292289124,sad,04,16,16,female,strong,1884
90,3.003,True,1.0,0.4305872771810167,0.3778918966766168,0.4042395869288168,0.6661197111730445,-0.07435185185185184,-0.07560185185185192,0.3517801646681731,0.3545719975010835,0.1795495016590326,0.6068572662666688,0.05269538050439987,0.0012500000000000844,0.034783149253650156,0.421146831744759,0.12161225884214416,0.10635630012704413,0.0,0.9999999987499999,0.6081094789243823,0.2722830488020371,0.30207681418708826,0.3872901594247232,sad,04,16,16,female,strong,1884
100,3.336666666666667,True,1.0,0.3666942818823777,0.3368350031525769,0.3517646425174773,0.5388160793015548,-0.07574074074074072,-0.07666666666666677,0.35789350258374075,0.2691282782561779,0.18559803753688617,0.6528473370235264,0.029859278729800764,0.0009259259259260522,0.02321932860558813,0.5076712322374188,0.11835515334543172,0.11066018951748871,0.0,0.9999999987499999,0.6066465939344488,0.2708829759914039,0.27926861971648864,0.37402911453368237,sad,04,16,16,female,strong,1884
110,3.6703333333333332,True,1.0,0.031780895218751486,0.02492905315410895,0.028354974186430217,0.4814076477513438,-0.07046296296296306,-0.06842592592592589,0.3511736761973217,0.0,0.1938271645733964,0.05890013239065969,0.006851842064642535,0.0020370370370371704,0.002506008947373413,0.5480744660209865,0.11808457562288248,0.11043251796872833,0.0,0.9999999987499999,0.5686495031919018,0.26315678765567213,0.27142903670781926,0.34083319577980675,sad,04,16,16,female,strong,1884
0,0.0,True,1.0,0.4586109172994451,0.4083806213615192,0.4334957693304822,0.2991760191196509,-0.07671296296296293,-0.07236111111111115,0.42209735410586496,0.1172699875440069,0.18664163411538795,1.4489656310224253,0.050230295937925884,0.0043518518518517735,0.02825089209784178,0.7932000593532212,0.10528535531594115,0.11112570226343481,0.0,0.9999999987499999,0.6625773777557897,0.2911314941187386,0.2877408903463733,0.43135821730798635,sad,04,16,16,female,strong,1885
10,0.33366666666666667,True,1.0,0.514914719057602,0.47028562018994485,0.4926001696237734,0.3337063236323885,-0.0757870370370371,-0.0710648148148148,0.4089879175813633,0.1644088473991674,0.18811787842105976,1.4761487413898176,0.044629098867657147,0.004722222222222294,0.038829372859274444,0.7079948675629737,0.10299336156956629,0.11308488525212704,0.0,0.9999999987499999,0.656290192115909,0.29430892515117135,0.2861815194020173,0.4268673110247122,sad,04,16,16,female,strong,1885
20,0.6673333333333333,True,1.0,0.4054798122511132,0.387102872629704,0.3962913424404086,0.4532860980496219,-0.06972222222222224,-0.07032407407407415,0.4278036681770825,0.1400951651160572,0.18306614579044347,0.8742631731825713,0.018376939621409183,0.0006018518518519089,0.03976961920739533,0.5531331429441381,0.12058610680799944,0.10804863148060696,0.0,0.9999999987499999,0.6081370148606319,0.27438169430948706,0.30785253025042136,0.3952046735216182,sad,04,16,16,female,strong,1885
30,1.0010000000000001,True,1.0,0.34326297350941753,0.3159045290683982,0.3295837512889079,0.615392835579332,-0.07083333333333341,-0.0691666666666666,0.4663469906441955,0.20812312539483555,0.1855201054844624,0.5355664418462673,0.027358444441019314,0.0016666666666668162,0.057498830534811855,0.44397506842855305,0.10252984902212967,0.11350530322119301,0.0,0.9999999987499999,0.6583406329015982,0.29645561938745296,0.31248097513366013,0.4563143879362352,sad,04,16,16,female,strong,1885
40,1.3346666666666667,True,1.0,0.3270573629402914,0.31513456507647125,0.32109596400838136,0.4812050376601677,-0.06467592592592586,-0.071388888888889,0.4343281753425371,0.15142722682017445,0.1879492882965652,0.6672747350478547,0.011922797863820167,0.006712962962963143,0.056844080180943876,0.5652360387722827,0.11635962924481916,0.11207872571949756,0.0,0.9999999987499999,0.6033093560080283,0.27567050509778834,0.3262534397194028,0.41081629742826803,sad,04,16,16,female,strong,1885
50,1.6683333333333334,True,1.0,0.33043637233575723,0.3068571780894583,0.31864677521260776,0.7495187261539741,-0.07226851851851857,-0.0728240740740741,0.3608963591293137,0.34520539341792894,0.1934720043124247,0.4251351755381599,0.02357919424629895,0.0005555555555555314,0.04248817810002096,0.37436830011803607,0.10458132652788801,0.1122986452809265,0.0,0.9999999987499999,0.6562164989120649,0.2937631914529472,0.30633859661936325,0.44107723650107283,sad,04,16,16,female,strong,1885
60,2.0020000000000002,True,1.0,0.3525451228904807,0.30963330096274977,0.3310892119266152,0.35569299956169925,-0.06879629629629624,-0.068425925925926,0.39460241319897776,0.11159062868815546,0.20086202052809746,0.9308285862656788,0.04291182192773091,0.00037037037037024323,0.03471844678491613,0.7698556586831539,0.11914096902783046,0.11016014370624579,0.0,0.9999999987499999,0.6017731734256203,0.27390078407098184,0.3313152652860078,0.40879535156544666,sad,04,16,16,female,strong,1885
70,2.3356666666666666,True,1.0,0.198216371668095,0.18473199004563184,0.1914741808568634,0.5005146549060246,-0.08268518518518525,-0.0797222222222222,0.36567673171310666,0.2351987596699771,0.19195662969373248,0.38255459451594703,0.013484381622463154,0.002962962962963056,0.03983456874505303,0.5407878374635622,0.10305972734478593,0.11419826632754618,0.0,0.9999999987499999,0.6529365114170669,0.29402129789357756,0.2867442789469083,0.419453035089503,sad,04,16,16,female,strong,1885
80,2.6693333333333333,True,1.0,0.4333357166498407,0.40911899062323165,0.4212273536365362,0.6580520708136751,-0.06981481481481483,-0.06949074074074085,0.3380217454815268,0.3203889164822184,0.1815566001892127,0.6401124961368065,0.02421672602660907,0.0003240740740739767,0.031587853085734224,0.3845398689954208,0.12229101464922755,0.10736457185217202,0.0,0.9999999987499999,0.5992239412249275,0.27078887084503134,0.31068617443821656,0.389399326121486,sad,04,16,16,female,strong,1885
90,3.003,True,1.0,0.4635475591980402,0.46648554279077536,0.46501655099440775,0.5934175955680682,-0.07439814814814816,-0.0732870370370371,0.37451458146021593,0.3169757736817225,0.1760107223464173,0.7836244736714549,0.0029379835927351716,0.0011111111111110628,0.03214750827457373,0.4282301820577507,0.10684567079202756,0.11220289476542578,0.0,0.9999999987499999,0.6590600645414416,0.29036863483324904,0.2842362618068333,0.4284248650278452,sad,04,16,16,female,strong,1885
100,3.336666666666667,True,1.0,0.4871061351854485,0.4804864879047595,0.483796311545104,0.4941446260573842,-0.07296296296296295,-0.07263888888888886,0.37894439982189326,0.2808399311858542,0.1793917875449851,0.9790581259684115,0.006619647280688978,0.0003240740740740877,0.020203646371868264,0.5111994510021548,0.12052088754101667,0.10794502137090264,0.0,0.9999999987499999,0.6039503076543117,0.27063811960308026,0.29797887763758557,0.3943295466532981,sad,04,16,16,female,strong,1885
110,3.6703333333333332,True,1.0,0.5034827446740652,0.47235591695615897,0.4879193308151121,0.48946923529510666,-0.0731018518518518,-0.06939814814814821,0.3667254912902553,0.28057145540357664,0.18280590496703844,0.9968334997008338,0.031126827717906203,0.003703703703703598,0.009945921854261306,0.5364207761058558,0.11860663299988977,0.1058082408884465,0.0,0.9999999987499999,0.617833484886142,0.27098574184452556,0.2846888932461005,0.3767803538678698,sad,04,16,16,female,strong,1885
0,0.0,True,1.0,0.5118479025631436,0.5007485804087607,0.5062982414859521,0.5347846210093479,-0.07902777777777781,-0.07361111111111102,0.372328827833204,0.28181338413147067,0.18057076675375175,0.9467329866935389,0.011099322154382918,0.005416666666666792,0.02468229045820288,0.5016312234899629,0.1188467767257423,0.10661606154124303,0.0,0.9999999987499999,0.6150759641043917,0.2767920195944562,0.29007151523384417,0.36725830885240446,sad,04,16,16,female,strong,1886
10,0.33366666666666667,True,1.0,0.4672569149992129,0.4363636363636361,0.4518102756814245,0.48370636519398474,-0.06351851851851847,-0.0681018518518518,0.43186377579916274,0.17356598521353084,0.16739803204185613,0.9340589832846862,0.030893278635576782,0.004583333333333328,0.016848964533373208,0.5071948343079602,0.11425924725542796,0.10997013142280586,0.0,0.9999999987499999,0.619720401246436,0.2767290468321809,0.29064137793354133,0.3763205202863303,sad,04,16,16,female,strong,1886
20,0.6673333333333333,True,1.0,0.411628571025471,0.38707081468569693,0.39934969285558397,0.47081802471520523,-0.07819444444444446,-0.07416666666666671,0.42860007279393336,0.19085011860930534,0.18971367571775175,0.8482039172080296,0.024557756339774084,0.004027777777777741,0.013731443895377152,0.568247974945143,0.10251524820264721,0.11418784294241319,0.0,0.9999999987499999,0.6605224129182923,0.29097206532110464,0.29866657074387026,0.45470917647409964,sad,04,16,16,female,strong,1886
30,1.0010000000000001,True,1.0,0.22977714445736486,0.2457180467335797,0.23774759559547226,0.6190576707360949,-0.07018518518518518,-0.06638888888888894,0.38923740430556336,0.24762306829443706,0.1931566981258072,0.3840475723574781,0.015940902276214836,0.003796296296296242,0.009481708426402868,0.44255021686181967,0.11581472519850232,0.10920656827088639,0.0,0.9999999987499999,0.6050742513098989,0.2765108747828425,0.3159609001436123,0.39820165385097545,sad,04,16,16,female,strong,1886
40,1.3346666666666667,True,1.0,0.24266218183499708,0.20034508814619384,0.22150363499059544,0.5416967409397037,-0.061759259259259236,-0.06305555555555559,0.4125677468039048,0.2899607326682639,0.16821936268337848,0.40890708444422974,0.04231709368880324,0.001296296296296351,0.008985512604988095,0.5135023474564309,0.11087739848954595,0.11100158839706226,0.0,0.9999999987499999,0.6278112895001751,0.2736084823068468,0.2959190676114619,0.38721695727351835,sad,04,16,16,female,strong,1886
50,1.6683333333333334,True,1.0,0.3638701721642393,0.3727087043402569,0.3682894382522481,0.501446523491563,-0.04685185185185192,-0.059814814814814765,0.4321069804756005,0.16455386515603077,0.17672766911184778,0.7344540663835006,0.0088385321760176,0.012962962962962843,0.03162278914950876,0.5265144026443742,0.11339519986143917,0.11524251243537594,0.0,0.9999999987499999,0.610301494519683,0.2743282140404696,0.31909351826829735,0.4118675480085702,sad,04,16,16,female,strong,1886
60,2.0020000000000002,True,1.0,0.39543829856670626,0.37651857672180716,0.3859784376442567,0.471320527330013,-0.061944444444444524,-0.06134259259259256,0.4526501345180791,0.09334565058599104,0.19236755482714238,0.8189298264405939,0.018919721844899096,0.0006018518518519644,0.0337327154843556,0.5260942857608075,0.11927380095629252,0.1105346100118345,0.0,0.9999999987499999,0.6027564670399409,0.2759724133818543,0.3342141584234014,0.415112738598506,sad,04,16,16,female,strong,1886
70,2.3356666666666666,True,1.0,0.4161047520675769,0.36793975886399427,0.3920222554657856,0.4230390839604105,-0.060972222222222205,-0.06620370370370371,0.40399996759726725,0.17696008261786264,0.18703103022622117,0.9266809387817048,0.04816499320358264,0.005231481481481504,0.09906750896813168,0.6224688668898017,0.10020134915741204,0.11373816423653008,0.0,0.9999999987499999,0.6487371929631228,0.29738789539297633,0.2870105801439403,0.42033933997698575,sad,04,16,16,female,strong,1886
80,2.6693333333333333,True,1.0,0.4373438746990738,0.38617539376565096,0.4117596342323624,0.5449637918018162,-0.062361111111111034,-0.06824074074074082,0.3476499286219879,0.21842158171915166,0.18763077057064861,0.7555724626602434,0.051168480933422855,0.00587962962962979,0.080613057070297,0.48815466465967344,0.11684308946632581,0.1124251584760748,0.0,0.9999999987499999,0.5908223375287616,0.27261924435089674,0.3140461617367592,0.40033510651776844,sad,04,16,16,female,strong,1886
90,3.003,True,1.0,0.1398362610517808,0.09380804264613032,0.11682215184895556,0.4807634498060042,-0.08055555555555555,-0.08384259259259264,0.4133982759817177,0.20056822935074586,0.17876096754884938,0.2429929976916822,0.04602821840565047,0.0032870370370370883,0.05556318999672235,0.5174224200033948,0.12138059986380724,0.10679914794558439,0.0,0.9999999987499999,0.603268054026298,0.27012656726128115,0.3120042630378264,0.4002396446159816,sad,04,16,16,female,strong,1886
100,3.336666666666667,True,1.0,0.43670422059269165,0.42428298811040815,0.43049360435154993,0.36511424995940933,-0.06953703703703701,-0.07254629629629633,0.3610295632618246,0.3005947566796581,0.1692416341001547,1.1790654689577549,0.012421232482283495,0.0030092592592593226,0.0499843607282052,0.6900013395436233,0.11864546057190128,0.1086086326107561,0.0,0.9999999987499999,0.6126044190488695,0.27302089709675725,0.2904425442089364,0.3779207356242815,sad,04,16,16,female,strong,1886
110,3.6703333333333332,True,1.0,0.4599703769936603,0.42340656893866596,0.4416884729661631,0.4043023632495681,-0.07194444444444442,-0.07541666666666669,0.3380500055191565,0.3447515233960228,0.1683621666739559,1.0924706682793177,0.03656380805499432,0.0034722222222222654,0.05114971374069057,0.6466015633198029,0.11688358243690086,0.11032998051707434,0.0,0.9999999987499999,0.6124480235766181,0.273613941545707,0.28158338563970414,0.37781068815949576,sad,04,16,16,female,strong,1886
0,0.0,True,1.0,0.568201295349741,0.525028419818913,0.546614857584327,0.5965531891616365,-0.07837962962962974,-0.07754629629629628,0.3392775725802992,0.3814153767645471,0.1737696812730869,0.9162885514911251,0.04317287553082794,0.0008333333333334636,0.041425853511828155,0.43833838673598147,0.11976081683263767,0.10931180433178897,0.0,0.9999999987499999,0.611802007224765,0.2767929961956397,0.28763637938897385,0.37594008696396625,sad,04,16,16,female,strong,1887
10,0.33366666666666667,True,1.0,0.5278238662209459,0.49928694428496684,0.5135554052529564,0.589155932796399,-0.07949074074074075,-0.08027777777777778,0.3569768904905797,0.32283152589254893,0.16741626159698852,0.871679935081688,0.028536921935979065,0.0007870370370370305,0.036821221398630075,0.4223546350441328,0.11860702221406769,0.11073482760050597,0.0,0.9999999987499999,0.6099330293992598,0.2749064930082372,0.28241452881128387,0.37668142720674536,sad,04,16,16,female,strong,1887
20,0.6673333333333333,True,1.0,0.3183464107458724,0.285738267552877,0.30204233914937473,0.4140062390811264,-0.07754629629629634,-0.0766203703703704,0.38981906785132603,0.19314002180309475,0.1848712622643976,0.7295598728650757,0.032608143192995376,0.0009259259259259411,0.030244211879003922,0.5755955592116534,0.11943053971105869,0.11019247634010053,0.0,0.9999999987499999,0.6092905833896058,0.272105816320997,0.3023943018173596,0.3950942701669346,sad,04,16,16,female,strong,1887
30,1.0010000000000001,True,1.0,0.40960228317837133,0.38869586971463693,0.3991490764465041,0.7557694541528523,-0.07935185185185184,-0.07740740740740742,0.3781882587089979,0.36383913937402607,0.18784189206887697,0.5281360264737258,0.020906413463734397,0.0019444444444444153,0.04561357518449278,0.3492371617697499,0.10273023361875966,0.11416147615566229,0.0,0.9999999987499999,0.659782382601478,0.2910507588610196,0.28526017550560656,0.4265560125217471,sad,04,16,16,female,strong,1887
40,1.3346666666666667,True,1.0,0.32612783824997177,0.31133221617022105,0.3187300272100964,0.48071919553889114,-0.07060185185185186,-0.07495370370370369,0.4097968261127058,0.22612904728242378,0.17859572224812353,0.6630274600389043,0.014795622079750714,0.004351851851851829,0.046156339417097396,0.5660475888136741,0.11806508995909934,0.11062570454103432,0.0,0.9999999987499999,0.6151020728760254,0.2731098942088026,0.3083417442926814,0.3974863556828688,sad,04,16,16,female,strong,1887
50,1.6683333333333334,True,1.0,0.3147718291164134,0.286341267523491,0.30055654831995215,0.49215415974000426,-0.05865740740740738,-0.06111111111111106,0.4190262784644096,0.19562760036458562,0.1820517601238657,0.6106959422607146,0.0284305615929224,0.00245370370370368,0.05253458038178214,0.5381081206254951,0.10549740894417291,0.11380681685174399,0.0,0.9999999987499999,0.6524935416744821,0.2930738939509871,0.3062920562155655,0.4555983744566962,sad,04,16,16,female,strong,1887
60,2.0020000000000002,True,1.0,0.37301849598406167,0.319314119668263,0.3461663078261623,0.24258409615926027,-0.05851851851851858,-0.06078703703703697,0.39150219722407775,0.09081481431325912,0.19185922873339617,1.4269950640082303,0.05370437631579866,0.002268518518518392,0.06968625378577414,1.0534458024823443,0.10397804000584006,0.11569171921288006,0.0,0.9999999987499999,0.64391818309355,0.29467534720760874,0.3006559908603539,0.4520840134973968,sad,04,16,16,female,strong,1887
70,2.3356666666666666,True,1.0,0.423401376467535,0.3727191650109466,0.3980602707392408,0.41937150977080045,-0.060740740740740706,-0.06518518518518518,0.35755699981807687,0.19391587282466702,0.19772293454357184,0.949182911726152,0.05068221145658841,0.004444444444444473,0.06021107282760921,0.6213301695450035,0.10498803475031905,0.11576762476048255,0.0,0.9999999987499999,0.6393543341946153,0.28951722096985993,0.289732211519439,0.43098129957066544,sad,04,16,16,female,strong,1887
80,2.6693333333333333,True,1.0,0.4976946297548917,0.4375113373038865,0.4676029835293891,0.6266513509342302,-0.0652314814814815,-0.06740740740740742,0.35820458645758024,0.283363428459655,0.18559803753688617,0.7461932106781114,0.06018329245100518,0.0021759259259259145,0.05184913681832035,0.39297190349044847,0.1204023313467063,0.11086186783206346,0.0,0.9999999987499999,0.5962297234518807,0.2699999886140464,0.3230477324397778,0.40745452960856404,sad,04,16,16,female,strong,1887
90,3.003,True,1.0,0.4990702447100793,0.4532687151507486,0.476169479930414,0.5252987704674371,-0.07324074074074066,-0.07347222222222222,0.39988167356407806,0.2547137037160425,0.1786982179516038,0.9064736235850972,0.0458015295593307,0.00023148148148155467,0.054568093738193296,0.44709292437611575,0.10389546769339063,0.11360628139831645,0.0,0.9999999987499999,0.6533426086919144,0.2926660060266991,0.28141960461500826,0.438174656164827,sad,04,16,16,female,strong,1887
100,3.336666666666667,True,1.0,0.4806968419272956,0.4491685951803639,0.4649327185538298,0.4313317524663312,-0.07449074074074075,-0.0731944444444444,0.38334726051724377,0.24080797861241077,0.17663785196966364,1.077900516007389,0.03152824674693172,0.001296296296296351,0.045899455050607,0.5962565742612435,0.11966053953891029,0.1087228738675913,0.0,0.9999999987499999,0.6109169999327857,0.2729702913079867,0.2923984747747643,0.37692915756229023,sad,04,16,16,female,strong,1887
110,3.6703333333333332,True,1.0,0.5433100231764273,0.5205584082390243,0.5319342157077258,0.39963553255832124,-0.07351851851851854,-0.07291666666666674,0.35149717042555295,0.29292780731203594,0.17529446487000813,1.3310483487353504,0.022751614937402964,0.0006018518518517979,0.04382907740600391,0.655671877072999,0.12094454955787955,0.10675866294927015,0.0,0.9999999987499999,0.6110140555206457,0.2727620619429973,0.2924071149795864,0.3745109532084996,sad,04,16,16,female,strong,1887
0,0.0,True,1.0,0.5144817691358116,0.5326592470574965,0.523570508096654,0.3743379240497912,-0.07476851851851862,-0.07601851851851849,0.33769420489995644,0.4166302761086508,0.15794108623712855,1.398657401399205,0.018177477921684893,0.0012499999999998623,0.022036010898820176,0.6532649771579017,0.1059437256235521,0.11169862300562833,0.0,0.9999999987499999,0.6712694428083733,0.2883133538584759,0.27712161525182183,0.4378622044707439,angry,05,16,16,female,normal,1888
10,0.33366666666666667,True,1.0,0.500477563111844,0.5058036512174539,0.5031406071646489,0.40987572041361703,-0.07490740740740737,-0.07583333333333331,0.32845528421995146,0.4166530292388668,0.1614559589972523,1.2275443069838723,0.005326088105609861,0.0009259259259259411,0.023958977684618046,0.6456346793182784,0.10861212972623349,0.11152361150176711,0.0,0.9999999987499999,0.6704635777201506,0.28942959435847837,0.2809081568459898,0.4376365637220084,angry,05,16,16,female,normal,1888
20,0.6673333333333333,True,1.0,0.5536894201286338,0.5558270516311478,0.5547582358798908,0.7761644728105831,-0.07578703703703699,-0.0767592592592593,0.2992482271441731,0.4868533586715445,0.17049008891602965,0.7147431444150565,0.0021376315025140036,0.0009722222222223187,0.02635331565395775,0.33757984864641294,0.1074069687270919,0.11251555344586045,0.0,0.9999999987499999,0.6704588432951306,0.2930421398984848,0.28350935075554445,0.4384387271921263,angry,05,16,16,female,normal,1888
30,1.0010000000000001,True,1.0,0.5738784655424388,0.5428667507406496,0.5583726081415442,0.8112773274611337,-0.07208333333333333,-0.0741666666666666,0.416298411643701,0.4292648395850981,0.17957541983059666,0.688263543477732,0.031011714801789214,0.0020833333333332704,0.03480832390644166,0.35822801934793763,0.10876068068268012,0.1134128403417073,0.0,0.9999999987499999,0.6477459920218087,0.2870321937999314,0.3069273423250723,0.45492136051087917,angry,05,16,16,female,normal,1888
40,1.3346666666666667,True,1.0,0.5272545855135718,0.5677258325854745,0.5474902090495232,0.7854467083878691,-0.0709722222222221,-0.0743981481481481,0.3449474898321826,0.42833588128458966,0.18450640800630658,0.6970431007002982,0.04047124707190264,0.003425925925925999,0.033141015977808545,0.35972160256590796,0.11177532485320299,0.10992416899367789,0.0,0.9999999987499999,0.6455856098611319,0.28711320774481264,0.2969728745205586,0.4381617560509317,angry,05,16,16,female,normal,1888
50,1.6683333333333334,True,1.0,0.5333752987977839,0.5461015825858209,0.5397384406918024,1.4207215467994394,-0.06759259259259265,-0.07134259259259262,0.2959971594266224,0.7102208242284352,0.1909837630666856,0.37990445200729844,0.012726283788036974,0.0037499999999999756,0.03801686632977722,0.2168877200452104,0.11248781390273029,0.11092599953826521,0.0,0.9999999987499999,0.6394202246601766,0.2896137062809232,0.30131078528929917,0.4402990171448204,angry,05,16,16,female,normal,1888
60,2.0020000000000002,True,1.0,0.5824035972816379,0.5489514275573015,0.5656775124194697,0.5562929598775427,-0.06407407407407423,-0.06703703703703695,0.40897148496538166,0.1706352919550169,0.20072489635400065,1.016869802817553,0.0334521697243364,0.002962962962962723,0.059654592865604435,0.4939655785381621,0.11340561766320645,0.11170627112210235,0.0,0.9999999987499999,0.6109787826067927,0.2878257813105967,0.2940960051486386,0.4271909489278008,angry,05,16,16,female,normal,1888
70,2.3356666666666666,True,1.0,0.5942850035465205,0.563688763313973,0.5789868834302467,0.8098521421060149,-0.06092592592592588,-0.0653703703703703,0.37164448378855786,0.22881546587894447,0.20180800516150396,0.7149291251173274,0.030596240232547478,0.0044444444444444176,0.03202524141488136,0.33847928641553027,0.11806113772489958,0.1073079900478776,0.0,0.9999999987499999,0.602793232925983,0.28518366141960727,0.302491753268677,0.4171618545111968,angry,05,16,16,female,normal,1888
80,2.6693333333333333,True,1.0,0.5953630383163743,0.5770037769875833,0.5861834076519787,0.8469846046382417,-0.05768518518518517,-0.06328703703703703,0.2869403485969742,0.24142360799770987,0.2080167045587499,0.6920827184365947,0.018359261328790955,0.005601851851851858,0.04155011543522354,0.3038707153876769,0.11721219426033334,0.1080584773996564,0.0,0.9999999987499999,0.6048826084418142,0.2873436091163867,0.295552954290814,0.4213640265213602,angry,05,16,16,female,normal,1888
90,3.003,True,1.0,0.6186996870109777,0.5905184219425309,0.6046090544767543,0.38426307878831273,-0.06032407407407392,-0.06379629629629618,0.33680372671720915,0.10259469288092413,0.20464471857599795,1.5734247911177235,0.02818126506844676,0.0034722222222222654,0.043891572134093115,0.6098594007008427,0.11581222075306159,0.10833344318490348,0.0,0.9999999987499999,0.6132980446631778,0.2856053729793927,0.2899912673671312,0.42000770157276895,angry,05,16,16,female,normal,1888
100,3.336666666666667,True,1.0,0.6241330926950356,0.5969011643597684,0.610517128527402,0.3262126118655229,-0.05986111111111114,-0.06430555555555573,0.3319948999930189,0.10259469288092408,0.20468684196276524,1.8715313458790492,0.02723192833526722,0.004444444444444584,0.04747313690908871,0.766558780512262,0.1181414876008866,0.10650638519030253,0.0,0.9999999987499999,0.6180667551864496,0.28555508231770094,0.29613635370576846,0.42374483028137533,angry,05,16,16,female,normal,1888
110,3.6703333333333332,True,1.0,0.5965068684550481,0.5759086785108186,0.5862077734829334,0.33175398305444875,-0.06032407407407403,-0.06435185185185177,0.3271633375751664,0.11819066583369436,0.2048626973293699,1.7669954346462895,0.02059818994422946,0.004027777777777741,0.05634037854663873,0.7358818264293626,0.11808545183415162,0.10674713669027713,0.0,0.9999999987499999,0.6179013311652787,0.28564517900012365,0.2956829246196,0.4238133176746455,angry,05,16,16,female,normal,1888
0,0.0,True,1.0,0.5870704193967342,0.5973115380828924,0.5921909787398133,0.7710548225866407,-0.07134259259259262,-0.0712962962962963,0.2969054256522925,0.4358135953750576,0.18472883042169144,0.7680270732931845,0.01024111868615818,4.629629629632204e-05,0.008412538321835637,0.3186771340785203,0.10926755681435378,0.11156669513963702,0.0,0.9999999987499999,0.6528625935295993,0.2873563306417266,0.28218545628412905,0.4356451182354357,angry,05,16,16,female,normal,1889
10,0.33366666666666667,True,1.0,0.6367918855546278,0.6110998858637442,0.623945885709186,0.5495701448846686,-0.06875000000000009,-0.06824074074074077,0.309719376186099,0.33939393939393947,0.18474245908657996,1.1353343909176974,0.02569199969088365,0.0005092592592593204,0.006084049001534095,0.446630057580832,0.10939386717538606,0.11144284750931663,0.0,0.9999999987499999,0.6533692327946804,0.28793826450311044,0.28384770557269706,0.43239706501627173,angry,05,16,16,female,normal,1889
20,0.6673333333333333,True,1.0,0.5970070721675713,0.5684273174000933,0.5827171947838323,0.987293025128075,-0.07134259259259251,-0.07078703703703704,0.2998665144658194,0.5100117536906477,0.18195492727998097,0.5902170682389256,0.028579754767477983,0.0005555555555554759,0.007033308050272792,0.2718272220699838,0.1098081934274371,0.11154819109076597,0.0,0.9999999987499999,0.6539990813512906,0.2881154793118345,0.2859492754636981,0.4305929308104991,angry,05,16,16,female,normal,1889
30,1.0010000000000001,True,1.0,0.5757481849244145,0.5390612736692453,0.5574047292968298,0.8949518946945054,-0.06842592592592583,-0.06731481481481483,0.40938242749505316,0.4719951773388834,0.18274579676306624,0.6228320567856909,0.03668691125516921,0.0011111111111110072,0.005986803025742555,0.3470170600696143,0.10921811305157215,0.11448011760120504,0.0,0.9999999987499999,0.6425683006640157,0.2927775789393009,0.3210033567857161,0.46988209127433533,angry,05,16,16,female,normal,1889
40,1.3346666666666667,True,1.0,0.5537422328392503,0.5390612736692464,0.5464017532542483,0.6818700962965323,-0.07023148148148156,-0.06990740740740736,0.3746056145708641,0.38763575605680956,0.1847370903386176,0.8013282239856852,0.014680959170003893,0.00032407407407419875,0.0005517204200870949,0.40845965857555494,0.11059820733168367,0.11264110367522229,0.0,0.9999999987499999,0.6493613347995448,0.2880016685512408,0.29926775481256396,0.4416340758872034,angry,05,16,16,female,normal,1889
50,1.6683333333333334,True,1.0,0.3582756841985524,0.37067983506568264,0.3644777596321175,1.0535963483644588,-0.07268518518518524,-0.07199074074074074,0.31725256548333325,0.5346419917644832,0.1931124547695311,0.34593680985883385,0.01240415086713026,0.0006944444444444975,0.005604445385572912,0.31062338143824075,0.11218249422177992,0.11140591361195556,0.0,0.9999999987499999,0.6368397997636555,0.29083278538913376,0.30286475568978455,0.44194767816038966,angry,05,16,16,female,normal,1889
60,2.0020000000000002,True,1.0,0.6533549958144745,0.6292513156447874,0.6413031557296309,0.7230094348308657,-0.0637037037037037,-0.06550925925925927,0.3661036743990433,0.31347645815823993,0.1986145683171448,0.8869914067990712,0.024103680169687114,0.0018055555555555602,0.00953869495820443,0.3730380845819682,0.1125956132741763,0.11167288506765488,0.0,0.9999999987499999,0.6227871366359043,0.28388150339532764,0.2921441267858341,0.4347381539523758,angry,05,16,16,female,normal,1889
70,2.3356666666666666,True,1.0,0.6443043612282641,0.6609395589682193,0.6526219600982417,0.7661907656930576,-0.059305555555555556,-0.06291666666666657,0.33471150092089164,0.18779185433653434,0.2007404372956027,0.8517747659199635,0.016635197739955254,0.0036111111111110095,0.01431340955335323,0.37551227345120847,0.11314742105526834,0.11162696062822829,0.0,0.9999999987499999,0.6214318696228491,0.2861921305970385,0.28999903855838133,0.419947941373541,angry,05,16,16,female,normal,1889
80,2.6693333333333333,True,1.0,0.5906927560135975,0.5666226226683478,0.5786576893409727,0.9476690521948367,-0.058379629629629504,-0.062453703703703733,0.2999126625468396,0.34907324686712904,0.21188658673825525,0.6106115716249043,0.024070133345249656,0.00407407407407423,0.024221469920543227,0.2882710171215058,0.11557266648875775,0.10928851695916107,0.0,0.9999999987499999,0.6186659108096364,0.289083652218501,0.29697325036318883,0.42069212981056814,angry,05,16,16,female,normal,1889
90,3.003,True,1.0,0.6283086227978129,0.6043780972826481,0.6163433600402305,0.5914104597554247,-0.05888888888888888,-0.0631018518518518,0.3067018730053834,0.20740972224218515,0.20075867947458673,1.0421583688173468,0.023930525515164724,0.004212962962962918,0.025581312475571924,0.4325298850169722,0.11473114676939397,0.10982521224284753,0.0,0.9999999987499999,0.618952087084834,0.2874923359910381,0.28757035596722397,0.4148003878711591,angry,05,16,16,female,normal,1889
100,3.336666666666667,True,1.0,0.641775604713456,0.5910867818016078,0.6164311932575319,0.40302338257618,-0.058657407407407325,-0.06361111111111117,0.31827341382450386,0.17759658069779594,0.2014983435869682,1.529517194057626,0.050688822911848175,0.004953703703703849,0.033127465943007285,0.5869839056853553,0.11578374933044822,0.1102808786776502,0.0,0.9999999987499999,0.6207912677961811,0.2878149207972532,0.2886028067748476,0.4168685150735015,angry,05,16,16,female,normal,1889
110,3.6703333333333332,True,1.0,0.6480956877590955,0.6220649148694879,0.6350803013142917,0.4675510919983921,-0.05805555555555553,-0.0631018518518518,0.31776750858472536,0.2020380380539688,0.20086202052809746,1.3583120907703403,0.026030772889607645,0.005046296296296271,0.027463921777140677,0.5513205233374472,0.11722643053271713,0.10909592426338338,0.0,0.9999999987499999,0.6191669119132028,0.28915354346656036,0.29219970472587986,0.4174966714395724,angry,05,16,16,female,normal,1889
0,0.0,True,1.0,0.5976692442320235,0.5775848849304411,0.5876270645812323,0.43470325809806115,-0.06444444444444447,-0.0640277777777778,0.33067559260566476,0.27346477172204314,0.1754184624345187,1.3517889586387095,0.020084359301582366,0.0004166666666666763,0.0048880088311113335,0.5632293053085834,0.1178796459010175,0.10608013230885265,0.0,0.9999999987499999,0.6150484810643007,0.2716448517853566,0.2831440558832879,0.38904864530759486,angry,05,16,16,female,normal,1890
10,0.33366666666666667,True,1.0,0.5873040673531861,0.6091261970488216,0.5982151322010039,0.4875039278816869,-0.06398148148148147,-0.06282407407407414,0.3283764122272013,0.2511715998999578,0.18032245423965942,1.227098076522956,0.021822129695635573,0.0011574074074073293,0.011819734896621964,0.5059252873512714,0.11696705085731135,0.10744078507502372,0.0,0.9999999987499999,0.6102604170496325,0.27003853681417994,0.2767182051570704,0.3836522546530171,angry,05,16,16,female,normal,1890
20,0.6673333333333333,True,1.0,0.6081871345029243,0.619803216317947,0.6139951754104356,0.6841390459209418,-0.06513888888888891,-0.06504629629629638,0.3248593995854974,0.33380528359266287,0.17827318887922394,0.8974713240989144,0.011616081815022716,9.259259259253305e-05,0.009450703303785305,0.41775065454385474,0.11903377759740943,0.10568862246069445,0.0,0.9999999987499999,0.6083386151022909,0.27206848505992354,0.28467793198357483,0.38744685113439514,angry,05,16,16,female,normal,1890
30,1.0010000000000001,True,1.0,0.5037037037037043,0.539569600238512,0.5216366519711082,0.9940619263264354,-0.06055555555555553,-0.06101851851851847,0.3303849277162716,0.4337603421325976,0.1783963990266268,0.5247526719978312,0.03586589653480765,0.0004629629629629428,0.021549415841844537,0.2785004363625698,0.10824507199031613,0.11187991346146495,0.0,0.9999999987499999,0.6398645589485794,0.29431059479618993,0.29396710646134167,0.4389468062399989,angry,05,16,16,female,normal,1890
40,1.3346666666666667,True,1.0,0.5628392828987805,0.6164404151295766,0.5896398490141785,0.6344333564229413,-0.06069444444444427,-0.061203703703703816,0.383888198748358,0.3238732025268753,0.1860414643551765,0.9293960398593837,0.0536011322307961,0.0005092592592595424,0.02267582940446455,0.4447316641147819,0.10784685848323049,0.1134455525535061,0.0,0.9999999987499999,0.631991082518945,0.2997677620205478,0.30069157482703734,0.43870274218143396,angry,05,16,16,female,normal,1890
50,1.6683333333333334,True,1.0,0.5715931376441442,0.5907548141646111,0.5811739759043777,0.6925383241054783,-0.060277777777777874,-0.060787037037037084,0.41291749987977877,0.3715963032580426,0.17626446785383906,0.8391939560241014,0.019161676520466853,0.0005092592592592093,0.013463792316199298,0.3921301065943265,0.10086181086474601,0.10727553900960919,0.0,0.9999999987499999,0.6534151911936651,0.2995785954769931,0.29441238928188207,0.435809080754938,angry,05,16,16,female,normal,1890
60,2.0020000000000002,True,1.0,0.5726301266528258,0.586385452931328,0.5795077897920768,0.5708187448021468,-0.05962962962962959,-0.05935185185185177,0.42014252750854614,0.2230971377272169,0.18487533813931686,1.015222073677594,0.013755326278502289,0.0002777777777778212,0.016814393945879778,0.4468893874805266,0.10985445294437124,0.10732354218560221,0.0,0.9999999987499999,0.6162397278442627,0.30036382895918595,0.3026750989704481,0.4341053542398888,angry,05,16,16,female,normal,1890
70,2.3356666666666666,True,1.0,0.4444088450148827,0.46571018067707365,0.4550595128459782,0.6593545724997648,-0.06407407407407406,-0.06263888888888891,0.36672278488454424,0.20782449083290822,0.1945108548545556,0.6901590310062504,0.021301335662190946,0.0014351851851851505,0.01809934336696174,0.4208134139565564,0.10856104890115066,0.11157333600861144,0.0,0.9999999987499999,0.6028023424760529,0.29982888356279525,0.30193132891901686,0.42847730207419343,angry,05,16,16,female,normal,1890
80,2.6693333333333333,True,1.0,0.6050639789857495,0.6406293885246497,0.6228466837551996,0.8223659856877454,-0.057777777777777706,-0.059120370370370434,0.2805384166612363,0.2896024628729915,0.19941615374813368,0.7573838103655423,0.035565409538900195,0.0013425925925927285,0.00554409396881624,0.3458048549418227,0.11143303601665103,0.10658115105827323,0.0,0.9999999987499999,0.6148833291910514,0.29806702977217836,0.2949032503986164,0.41555244478188363,angry,05,16,16,female,normal,1890
90,3.003,True,1.0,0.6255157463869084,0.6551594628912022,0.6403376046390553,0.38335899267253154,-0.05898148148148141,-0.059259259259259234,0.33896939954418037,0.16000145126691132,0.1996054442683332,1.6703341173113866,0.02964371650429376,0.0002777777777778212,0.0009973852667991368,0.6532649771579032,0.11161430269390037,0.10603255545207142,0.0,0.9999999987499999,0.6215020434501927,0.2965382587833163,0.2916481561706269,0.4140308238573871,angry,05,16,16,female,normal,1890
100,3.336666666666667,True,1.0,0.6371577869448704,0.6409948480385207,0.6390763174916956,0.3747409676096658,-0.06180555555555556,-0.06152777777777774,0.3493000878115801,0.156757618469175,0.19893390830324975,1.705381510775636,0.00383706109365034,0.0002777777777778212,0.0032108823291028044,0.7269931197276478,0.10992088952484468,0.10954037110818737,0.0,0.9999999987499999,0.6236162561977916,0.2974853213917501,0.29239194300921395,0.4220942896741706,angry,05,16,16,female,normal,1890
110,3.6703333333333332,True,1.0,0.6469101011459377,0.6408677419236986,0.6438889215348181,0.34634151811767294,-0.06106481481481485,-0.06106481481481485,0.35045921229546617,0.14237446965619494,0.19913630075668207,1.8591156065674186,0.006042359222239169,0.0,0.00823831395980837,0.7416592976230605,0.11128318663802321,0.1079798281211726,0.0,0.9999999987499999,0.6236031739883452,0.2981516682796611,0.29164982845049175,0.42131631604349784,angry,05,16,16,female,normal,1890
0,0.0,True,1.0,0.5457744441399512,0.5462478826176278,0.5460111633787895,0.3932134138424599,-0.0796296296296296,-0.07435185185185178,0.32171177596464656,0.4004005652948328,0.17362209709164386,1.3885873272816367,0.00047343847767655767,0.005277777777777826,0.02614075643427976,0.6529700019978373,0.10835162074662738,0.10953851199549659,0.0,0.9999999987499999,0.6617924791479093,0.2873401361211026,0.2909079345209184,0.4401095154310674,angry,05,16,16,female,normal,1891
10,0.33366666666666667,True,1.0,0.5374093623787223,0.560868709319131,0.5491390358489266,0.4350990163782617,-0.07750000000000001,-0.07356481481481475,0.31347613080716197,0.3881680776880929,0.17921818428722594,1.2621013037904045,0.023459346940408743,0.003935185185185264,0.03351308580917122,0.6263453792713324,0.10961476886284167,0.1082744742594142,0.0,0.9999999987499999,0.657963984812675,0.2905745668906825,0.2956812158434296,0.43528058086799537,angry,05,16,16,female,normal,1891
20,0.6673333333333333,True,1.0,0.5511455188931947,0.5288814999589171,0.5400135094260559,1.0934420396361384,-0.08050925925925917,-0.0762037037037036,0.31521181594403913,0.615714591569935,0.17431255865192524,0.49386569187128987,0.022264018934277652,0.0043055555555555625,0.02941008035888262,0.2647031956929776,0.11157724790698104,0.11064301047567439,0.0,0.9999999987499999,0.6451841854085385,0.2851741908762106,0.3005307259906854,0.44363666338878666,angry,05,16,16,female,normal,1891
30,1.0010000000000001,True,1.0,0.5030117100017404,0.49734365876743863,0.5001776843845895,1.4365986713500758,-0.07722222222222225,-0.07185185185185183,0.2846331533464263,0.7856287853120296,0.18473254743001213,0.34816799873171006,0.005668051234301752,0.005370370370370414,0.03683868339235755,0.21040159172208978,0.11173703179671453,0.11151151253588913,0.0,0.9999999987499999,0.6289234603763381,0.28549218259171344,0.30687411261576797,0.44525190401001247,angry,05,16,16,female,normal,1891
40,1.3346666666666667,True,1.0,0.5109820152549466,0.5082075098758859,0.5095947625654162,0.6938863176956518,-0.07884259259259263,-0.07407407407407407,0.35088517840334704,0.4787512641900856,0.1828059049670385,0.7344067026105155,0.0027745053790606544,0.004768518518518561,0.023625573072304625,0.39575148815562183,0.11436861103259666,0.1098563889764058,0.0,0.9999999987499999,0.6304632545440052,0.28395152299637527,0.30031493400359877,0.43416107235885104,angry,05,16,16,female,normal,1891
50,1.6683333333333334,True,1.0,0.5191097468539244,0.610141374973334,0.5646255609136293,0.8279423824483911,-0.07009259259259254,-0.07037037037037025,0.3541855505197703,0.5210082046537403,0.18185266666498856,0.6819623839571041,0.09103162811940957,0.0002777777777777102,0.005704894559102249,0.33152390606762316,0.10476871440376014,0.10690480647261814,0.0,0.9999999987499999,0.6500837315785689,0.2934055215752171,0.28492640045597806,0.42341920081660395,angry,05,16,16,female,normal,1891
60,2.0020000000000002,True,1.0,0.5502745440524236,0.5513489799874391,0.5508117620199313,0.5705108733481068,-0.07111111111111118,-0.06722222222222224,0.43676828229340015,0.24604287574975783,0.19331104622677892,0.9654711027459143,0.0010744359350155497,0.0038888888888889417,0.0069953979367442555,0.44798493732264016,0.11185702774285236,0.10914502155069512,0.0,0.9999999987499999,0.6161814468912565,0.2908601247947404,0.31361434438287744,0.4369564956884821,angry,05,16,16,female,normal,1891
70,2.3356666666666666,True,1.0,0.6068852238184841,0.6286094332219688,0.6177473285202264,0.8293813291478039,-0.06953703703703706,-0.06884259259259262,0.36052858240356,0.3126643815337113,0.2009138211407832,0.7448290753723221,0.02172420940348474,0.000694444444444442,0.009631448105896527,0.3243518363721746,0.11318527959059223,0.10741282499803713,0.0,0.9999999987499999,0.6155772508690976,0.29226588825910976,0.2990934792207063,0.40598597614516124,angry,05,16,16,female,normal,1891
80,2.6693333333333333,True,1.0,0.5783873327063046,0.5987676596274388,0.5885774961668717,0.8942876744359557,-0.06541666666666673,-0.06694444444444447,0.2828726020078673,0.3243787407383451,0.20819700852954873,0.6581523071287981,0.02038032692113423,0.001527777777777739,0.004323226458659616,0.25441765892679813,0.11619604095718122,0.10650001818934783,0.0,0.9999999987499999,0.6021539340658139,0.28301052075684224,0.29176582869119566,0.4050763463479452,angry,05,16,16,female,normal,1891
90,3.003,True,1.0,0.672850960531583,0.666950808156534,0.6699008843440585,0.5010709833427804,-0.06796296296296295,-0.06662037037037033,0.3237187239929847,0.22723197679863383,0.20609081331737134,1.3369380918347495,0.005900152375049039,0.0013425925925926174,0.008913027643376346,0.5181785381789817,0.11778884273357985,0.1047356784290562,0.0,0.9999999987499999,0.6040652129289217,0.28094536508318785,0.29095212346054433,0.4058261589952077,angry,05,16,16,female,normal,1891
100,3.336666666666667,True,1.0,0.6360084241375076,0.6443907762181824,0.6401996001778449,0.41848262151405774,-0.06648148148148147,-0.06620370370370382,0.32897928242219676,0.2234667869061756,0.20672884754249943,1.529811675002469,0.008382352080674838,0.00027777777777765467,0.011298385664133211,0.6101614783833627,0.11946800821091565,0.10373855869829982,0.0,0.9999999987499999,0.6069537083114495,0.28178880598627304,0.29320690304106595,0.4044011217565322,angry,05,16,16,female,normal,1891
110,3.6703333333333332,True,1.0,0.6457058745391757,0.6506965549591114,0.6482012147491436,0.4264643897974394,-0.06611111111111106,-0.06587962962962957,0.3210650697818568,0.2201380287207727,0.20675578667177769,1.519942181003727,0.004990680419935667,0.00023148148148149916,0.013319225265213586,0.629886835663816,0.11841787328388605,0.1049356985649883,0.0,0.9999999987499999,0.6109726847223265,0.28033968543384774,0.2938275344675415,0.4124961558509326,angry,05,16,16,female,normal,1891
0,0.0,True,1.0,0.604746522507078,0.6212512598003359,0.612998891153707,0.43194154588011585,-0.065925925925926,-0.06643518518518521,0.3144916735404045,0.2710237689282076,0.19202458231349862,1.4191709433846473,0.016504737293257854,0.0005092592592592093,0.017372996071104697,0.5917698631066166,0.11303809979659347,0.11019242123238256,0.0,0.9999999987499999,0.6389925429468662,0.28855756421379164,0.28752428651298295,0.4248382652774354,angry,05,16,16,female,strong,1892
10,0.33366666666666667,True,1.0,0.616337215135041,0.6058682008450558,0.6111027079900484,0.41980339875143585,-0.06861111111111107,-0.06787037037037036,0.31742512192972394,0.32172326084946234,0.1864555499174749,1.4556878524746777,0.010469014289985257,0.0007407407407407085,0.003823751128181361,0.5932044973388413,0.111155969110442,0.11140878081857429,0.0,0.9999999987499999,0.6509947466486594,0.2815743843076673,0.27853379175181553,0.42384524031941156,angry,05,16,16,female,strong,1892
20,0.6673333333333333,True,1.0,0.617654747729896,0.6065701441092698,0.6121124459195829,1.2024450421290251,-0.06768518518518518,-0.06662037037037033,0.31086947774893703,0.5764462979682669,0.1869529347588194,0.5090564844741585,0.011084603620626243,0.0010648148148148517,0.005245604382116979,0.26231304352424056,0.11107379392918237,0.1114907090954229,0.0,0.9999999987499999,0.6508899264158787,0.28655390339608733,0.2894507066208832,0.42934699370775864,angry,05,16,16,female,strong,1892
30,1.0010000000000001,True,1.0,0.5122888789944343,0.5162692510601853,0.5142790650273098,0.9257494390161758,-0.05782407407407408,-0.06055555555555553,0.42331522466307353,0.36669295961030285,0.18149229494664507,0.5555272769852834,0.00398037206575097,0.002731481481481446,0.014430119186420641,0.3151954088602352,0.10955614575644175,0.11348713002607322,0.0,0.9999999987499999,0.6424767159754526,0.28796444736152893,0.3231461911446513,0.46724288074796866,angry,05,16,16,female,strong,1892
40,1.3346666666666667,True,1.0,0.5480378121888649,0.5650106098973335,0.5565242110430992,0.7905058510077354,-0.05935185185185199,-0.06305555555555548,0.37120562756087055,0.4088823367281395,0.17883137454304238,0.7040102363994437,0.0169727977084686,0.003703703703703487,0.02331505115103075,0.3398772494064441,0.11108210095895234,0.11250313970597157,0.0,0.9999999987499999,0.647613436702806,0.28100415468185025,0.2930035823206388,0.4388228483950332,angry,05,16,16,female,strong,1892
50,1.6683333333333334,True,1.0,0.4867970912414584,0.4798133704077199,0.48330523082458915,1.3522168490512438,-0.058518518518518525,-0.05731481481481476,0.30387785984127225,0.5842771427686045,0.19039362020939674,0.35741695658036704,0.006983720833738549,0.0012037037037037623,0.0071089581781764374,0.2321346689537806,0.11464531947566045,0.10869469339799022,0.0,0.9999999987499999,0.6302733685896234,0.2871082935810509,0.297302755397019,0.42886174365960916,angry,05,16,16,female,strong,1892
60,2.0020000000000002,True,1.0,0.6118718191098583,0.6160304695051986,0.6139511443075285,0.5761834798296976,-0.05819444444444438,-0.0625,0.40262255324195206,0.18753571576874353,0.1918103108271991,1.0655479821965632,0.0041586503953402465,0.004305555555555618,0.020083318976315486,0.42006045995683167,0.11188457911837457,0.11084904517200242,0.0,0.9999999987499999,0.632443799558886,0.29077836221380654,0.29808210684620357,0.4262825847687842,angry,05,16,16,female,strong,1892
70,2.3356666666666666,True,1.0,0.5776475989186046,0.5835042879256882,0.5805759434221465,0.5287563535798356,-0.05768518518518517,-0.05925925925925929,0.3810991277068066,0.21116872974417805,0.1847920093949727,1.0980027747968928,0.005856689007083582,0.0015740740740741166,0.01935065981456252,0.48320776017788186,0.10995696932880365,0.11343522621103039,0.0,0.9999999987499999,0.632282833328644,0.28909775946779953,0.2889897908585587,0.4204037053539136,angry,05,16,16,female,strong,1892
80,2.6693333333333333,True,1.0,0.6555641273212705,0.6426274618971087,0.6490957946091895,1.1367060677129155,-0.059444444444444466,-0.06212962962962959,0.2597683756964725,0.4623889089001693,0.19029221182200778,0.571032224641141,0.01293666542416172,0.002685185185185124,0.006882711649234306,0.21927966101694907,0.11441828518191693,0.10910841220466189,0.0,0.9999999987499999,0.6311208112307423,0.291351561376957,0.291092723586415,0.4155734319904887,angry,05,16,16,female,strong,1892
90,3.003,True,1.0,0.6443043612282638,0.615325020225479,0.6298146907268714,0.5370419451344081,-0.058750000000000024,-0.06166666666666665,0.31425264772163736,0.2760788151871166,0.1889377555716291,1.1727476716353034,0.028979341002784875,0.002916666666666623,0.018984896993766362,0.44999377333017926,0.11341644961954958,0.11032226656920088,0.0,0.9999999987499999,0.6368490172475242,0.29084515043931675,0.2842248945364561,0.41866811780095264,angry,05,16,16,female,strong,1892
100,3.336666666666667,True,1.0,0.6441030111233129,0.6343227548554913,0.6392128829894022,0.4169620188174171,-0.05902777777777779,-0.061759259259259125,0.3232083265886812,0.2543138998950938,0.18824349140015104,1.5330242423574463,0.009780256267821641,0.002731481481481335,0.01182999118696804,0.6041220610850493,0.11203648044020242,0.11172341113422446,0.0,0.9999999987499999,0.6376567313644208,0.2912302358143883,0.2815547612895425,0.41714740923497534,angry,05,16,16,female,strong,1892
110,3.6703333333333332,True,1.0,0.6341100404654979,0.6295850602378079,0.631847550351653,0.40552300387339596,-0.05874999999999991,-0.0618981481481482,0.31928005305722484,0.2334643605411706,0.19240909594576566,1.558105321563744,0.00452498022768999,0.0031481481481482887,0.011203284280427838,0.5841703510047473,0.11357463440811198,0.10998632649900388,0.0,0.9999999987499999,0.6343918206579506,0.291941837570701,0.2852393820037585,0.4163035727779908,angry,05,16,16,female,strong,1892
0,0.0,True,1.0,0.6311114336186929,0.6333359215426986,0.6322236775806958,0.35306492004246726,-0.06337962962962962,-0.06518518518518518,0.3237902575660141,0.2219877177672734,0.19588046757961883,1.7906725978458886,0.002224487924005647,0.0018055555555555602,0.008439399133490613,0.6884311212100753,0.11513106911469312,0.10853170260413682,0.0,0.9999999987499999,0.6305323763958708,0.29169602077181855,0.2864055324761316,0.42120815920012894,angry,05,16,16,female,strong,1893
10,0.33366666666666667,True,1.0,0.6344136919843385,0.6406890750900269,0.6375513835371827,0.32850821924972545,-0.06402777777777785,-0.06648148148148147,0.33405057086671713,0.23860330702390217,0.19175620820850034,1.940747129533854,0.006275383105688426,0.0024537037037036247,0.012492074072904211,0.7928799376234211,0.11354632747272476,0.1094947910751258,0.0,0.9999999987499999,0.637991913163703,0.28666152440347165,0.2813945044997244,0.4205165535051403,angry,05,16,16,female,strong,1893
20,0.6673333333333333,True,1.0,0.5780170978537447,0.5858025892746728,0.5819098435642087,1.3808027242890328,-0.06546296296296289,-0.06564814814814818,0.3164245338551899,0.6822375962892413,0.17988825674602404,0.42142866126211526,0.007785491420928103,0.00018518518518528815,0.010709576484564417,0.23522038555557484,0.10860059981063383,0.11423521141756866,0.0,0.9999999987499999,0.6462173142772735,0.2845774303973196,0.28361027602531685,0.4305840427017174,angry,05,16,16,female,strong,1893
30,1.0010000000000001,True,1.0,0.5058986152029942,0.5091994788103883,0.5075490470066912,0.9465174646784632,-0.054768518518518494,-0.05712962962962964,0.437569139078488,0.3577961017281982,0.18058977894973996,0.5362278731741186,0.003300863607394122,0.002361111111111147,0.016065422351878536,0.32260873466382944,0.11026835783530194,0.11363664352975704,0.0,0.9999999987499999,0.6325156753248175,0.28943824115059746,0.32459097618206445,0.4672264302625604,angry,05,16,16,female,strong,1893
40,1.3346666666666667,True,1.0,0.6019031494535684,0.6187836792512387,0.6103434143524036,0.9739730643771873,-0.061342592592592504,-0.06064814814814812,0.34066215097523916,0.45745558313293827,0.18010527453443298,0.6266532789001625,0.016880529797670296,0.0006944444444443865,0.006277510754598681,0.2901580370436437,0.11353973544204454,0.1108847952214933,0.0,0.9999999987499999,0.6331938864373875,0.2853383528428082,0.29318960374333275,0.4324347875757161,angry,05,16,16,female,strong,1893
50,1.6683333333333334,True,1.0,0.5976749103673739,0.6016641409388415,0.5996695256531077,1.7586793397701104,-0.06347222222222221,-0.06277777777777782,0.3075457817229561,0.724601713164564,0.1805572457519714,0.34097718219143625,0.003989230571467606,0.0006944444444443865,0.0030711525598212707,0.16171484052143345,0.11029820597376283,0.11410966257866896,0.0,0.9999999987499999,0.6280251368594313,0.29077230582954616,0.30337689349969527,0.43974455392645534,angry,05,16,16,female,strong,1893
60,2.0020000000000002,True,1.0,0.6080885340590189,0.6213553582877498,0.6147219461733844,0.1882830639790407,-0.05986111111111109,-0.05907407407407406,0.34608255362834095,0.10100568275615972,0.1923626975779445,3.2648817858722228,0.013266824228730933,0.0007870370370370305,0.005921317380768981,1.173967811370704,0.113438958972507,0.11115941647117256,0.0,0.9999999987499999,0.6186663793251677,0.2942694670823861,0.29627124781679587,0.42554912934660405,angry,05,16,16,female,strong,1893
70,2.3356666666666666,True,1.0,0.538764584997088,0.5776414377117453,0.5582030113544166,0.9114621731821128,-0.060694444444444384,-0.05870370370370376,0.30731115316078145,0.4068822302417726,0.20001373243870652,0.6124258666770651,0.03887685271465724,0.0019907407407406263,0.030104407974189916,0.31136822124260727,0.11235744722257106,0.10792598690070108,0.0,0.9999999987499999,0.615921344311162,0.2965525623468687,0.30168490618067545,0.4160853455432299,angry,05,16,16,female,strong,1893
80,2.6693333333333333,True,1.0,0.6115580929789466,0.634110040465496,0.6228340667222213,0.7033204807283883,-0.06060185185185196,-0.05986111111111103,0.30812124756079945,0.3036817564302009,0.19306187851855733,0.8855622490577669,0.02255194748654943,0.0007407407407409305,0.025156470202834527,0.35864601440579963,0.11721733360109036,0.10945438001737876,0.0,0.9500347498323755,0.6080998800223214,0.27943148470676626,0.29059870417263417,0.415253275695419,angry,05,16,16,female,strong,1893
90,3.003,True,1.0,0.6030111369367577,0.6298925224528406,0.6164518296947992,0.502201145413271,-0.0618055555555555,-0.05972222222222223,0.31289178165792286,0.2744716855010668,0.19237102631416939,1.227499848068863,0.02688138551608288,0.0020833333333332704,0.029517466187859755,0.4928740729552076,0.11953061372313417,0.10692332292352501,0.0,0.9999999987499999,0.609482708341149,0.27958292038484434,0.2946289026963108,0.4150902923534937,angry,05,16,16,female,strong,1893
100,3.336666666666667,True,1.0,0.611365912689924,0.6306682425029831,0.6210170775964536,0.5133606534896041,-0.060972222222222205,-0.06032407407407403,0.318270201039537,0.28762600411156125,0.1944585692104391,1.2097091457536677,0.019302329813059127,0.0006481481481481755,0.02735726508378034,0.5119633041079619,0.1191477105731721,0.10823357798981305,0.0,0.9999999987499999,0.6082981439997874,0.2806358236227663,0.293735310250846,0.41357551242820767,angry,05,16,16,female,strong,1893
110,3.6703333333333332,True,1.0,0.6260018457788817,0.6349206349206344,0.630461240349758,0.4774929243451669,-0.060462962962962996,-0.058379629629629726,0.3211814563501824,0.2616787014172227,0.19308084616518592,1.3203572413441973,0.008918789141752703,0.0020833333333332704,0.03216809278870436,0.5449510667740817,0.11302825940402207,0.10898562586977988,0.0,0.9999999987499999,0.6171388754173543,0.2942561466399791,0.29242619916470464,0.41376907096563165,angry,05,16,16,female,strong,1893
0,0.0,True,1.0,0.5783592921997093,0.5862099870530175,0.5822846396263635,0.368761470185213,-0.06814814814814812,-0.06861111111111118,0.31595178476564817,0.3282862262236264,0.1793045814278234,1.579027872228373,0.007850694853308249,0.00046296296296305384,0.0016864117348876174,0.6609657187855279,0.11283273192026855,0.1097102571310688,0.0,0.9999999987499999,0.6337115939969739,0.28254690157448037,0.2784759559154059,0.42656003332974496,angry,05,16,16,female,strong,1894
10,0.33366666666666667,True,1.0,0.6195477277047082,0.6572684691473845,0.6384080984260463,0.39687583673725213,-0.065,-0.06550925925925921,0.31821784056975905,0.29361380759438904,0.18751993709107478,1.6085839432162212,0.03772074144267623,0.0005092592592592093,0.0067670452518671905,0.6311088348728079,0.1125574888434483,0.10789406956526974,0.0,0.9999999987499999,0.6306057411558373,0.28783277643888716,0.28385085524717835,0.4185400912746533,angry,05,16,16,female,strong,1894
20,0.6673333333333333,True,1.0,0.6064940743851125,0.637255140853667,0.6218746076193897,1.296983740791759,-0.06384259259259262,-0.0653240740740742,0.303262093521019,0.5897420748625848,0.18403814194642587,0.479477566341548,0.030761066468554477,0.0014814814814815835,0.013961089258612655,0.22334871040895377,0.1110430948149491,0.11338492152314363,0.0,0.9999999987499999,0.6367841169045743,0.2894134970277909,0.29670180919872524,0.4415307828550293,angry,05,16,16,female,strong,1894
30,1.0010000000000001,True,1.0,0.15345202669429667,0.15572199761805758,0.15458701215617712,1.2252254115036363,-0.08138888888888896,-0.08055555555555555,0.32040744034331703,0.5652535264680357,0.18692354984541243,0.12617026279798013,0.002269970923760911,0.0008333333333334081,0.024890727459759284,0.23822675901179477,0.1120357980822302,0.11086818189061243,0.0,0.9999999987499999,0.6224726119744773,0.28710651768241985,0.2901436284840532,0.4318287114743111,angry,05,16,16,female,strong,1894
40,1.3346666666666667,True,1.0,0.46080294355759704,0.42792732880970635,0.4443651361836517,0.6067774383079002,-0.06625000000000003,-0.06421296296296303,0.3903300866452632,0.315834796167252,0.18088653224666926,0.7323362869635327,0.03287561474789069,0.002037037037037004,0.036983152297895026,0.43382594858085155,0.11555207203804607,0.11035109202551928,0.0,0.9999999987499999,0.6238359652923671,0.2886875416045111,0.30539813712646474,0.4358087622250915,angry,05,16,16,female,strong,1894
50,1.6683333333333334,True,1.0,0.3322181500052703,0.34312282752401513,0.3376704887646427,0.6481329389052655,-0.07490740740740737,-0.07180555555555568,0.41138349066802465,0.24743956473046957,0.18676585957827604,0.5209895509013751,0.010904677518744854,0.003101851851851689,0.050673752559577394,0.38594065247645715,0.10269045012634968,0.10872758927519566,0.0,0.9999999987499999,0.6353094231364421,0.29947240871195785,0.2688524944892349,0.39742383272863835,angry,05,16,16,female,strong,1894
60,2.0020000000000002,True,1.0,0.6397816771655951,0.7024054723387445,0.6710935747521698,0.20891207377478316,-0.06523148148148139,-0.05916666666666659,0.36098803366825905,0.10416348789779001,0.19449191528203494,3.2123254660505625,0.06262379517314942,0.006064814814814801,0.04993657585841431,1.011850574702545,0.11704191190189633,0.1101620048037513,0.0,0.9999999987499999,0.6079951727800496,0.28625384319416286,0.30932277257891255,0.4266697951122385,angry,05,16,16,female,strong,1894
70,2.3356666666666666,True,1.0,0.5338963197999849,0.5732410947176836,0.5535687072588342,0.8744688960706061,-0.061249999999999916,-0.057083333333333264,0.3093174175455778,0.381267524903473,0.2000858122791084,0.6330341876609619,0.03934477491769872,0.004166666666666652,0.04563459582210219,0.3188573099640175,0.11953908532712276,0.10709190272164444,0.0,0.9999999987499999,0.5996679692345688,0.2859761874282066,0.31036428465353416,0.42291399405873215,angry,05,16,16,female,strong,1894
80,2.6693333333333333,True,1.0,0.6491270439178708,0.6525260801483023,0.6508265620330865,0.8040780891490026,-0.06032407407407403,-0.05685185185185182,0.29470269216441686,0.2706896550800513,0.19742675586761846,0.8094071593492741,0.0033990362304314736,0.00347222222222221,0.043452123857805204,0.321990944586521,0.1178493440096373,0.10877360303984313,0.0,0.9999999987499999,0.5984278978700855,0.2894866599275674,0.299325294752272,0.41422392340557945,angry,05,16,16,female,strong,1894
90,3.003,True,1.0,0.6043780972826476,0.6346679938119362,0.6195230455472919,0.4655413138979607,-0.06393518518518515,-0.0594444444444443,0.31544656418724526,0.20116957334223123,0.19597392345146358,1.3307584677287772,0.030289896529288596,0.004490740740740851,0.0404670925832088,0.5059252873512714,0.1173263357948081,0.10933753029243383,0.0,0.9999999987499999,0.6088996919627225,0.287696952026321,0.2961415959223807,0.4142684146694117,angry,05,16,16,female,strong,1894
100,3.336666666666667,True,1.0,0.6618449040924622,0.6911721654889806,0.6765085347907214,0.4177794778611601,-0.06277777777777782,-0.05888888888888888,0.3191467478682608,0.20848294255828342,0.1939235771116179,1.6192957544351765,0.029327261396518423,0.0038888888888889417,0.04196490353836762,0.5868725228787693,0.11802891596267273,0.10840311642583612,0.0,0.9999999987499999,0.614229953637705,0.28576803366725173,0.29529964692652877,0.4203022863945935,angry,05,16,16,female,strong,1894
110,3.6703333333333332,True,1.0,0.6265304250143642,0.638888888888889,0.6327096569516266,0.4072663769044798,-0.062037037037037,-0.05888888888888888,0.32804961069697125,0.2182911938957049,0.1939235771116179,1.5535523991955325,0.012358463874524772,0.003148148148148122,0.04311164867955582,0.6281486103971742,0.11706571898438674,0.10926835838875211,0.0,0.9999999987499999,0.614551456293455,0.28576279057088355,0.2937181995924675,0.42049914459999077,angry,05,16,16,female,strong,1894
0,0.0,True,1.0,0.6341100404654978,0.6252570097584477,0.6296835251119728,0.4164071132499119,-0.06680555555555551,-0.06939814814814815,0.32298583392424884,0.29969964729769544,0.1889797465896006,1.5121824413553193,0.008853030707050125,0.0025925925925926463,0.010932162420542402,0.6065881034839108,0.11000500273502291,0.11271454756541158,0.0,0.9999999987499999,0.6451850039390757,0.2913692182432957,0.2853140115384904,0.43446831641743017,angry,05,16,16,female,strong,1895
10,0.33366666666666667,True,1.0,0.5808929907085734,0.5557291483635997,0.5683110695360865,0.4133761338204503,-0.06541666666666662,-0.06615740740740744,0.3234726162367579,0.2906421322820068,0.19312233139743273,1.3748037756406422,0.025163842344973708,0.0007407407407408195,0.007134093944266623,0.6255536521159049,0.11253335505286394,0.11070783939285837,0.0,0.9999999987499999,0.6408670374087135,0.29252672844958494,0.28995852830959196,0.4357483098525218,angry,05,16,16,female,strong,1895
20,0.6673333333333333,True,1.0,0.583224991910198,0.5768890746337559,0.580057033271977,1.6088557574315883,-0.06495370370370368,-0.06606481481481491,0.3028116932991857,0.6716371154852289,0.18056611902358907,0.3605401109407051,0.006335917276442116,0.0011111111111112293,0.0052018941188444546,0.18668072437466304,0.1083268570797238,0.11382728166826003,0.0,0.9999999987499999,0.6498664447966688,0.2930377533992091,0.3022162384932,0.4490403025744855,angry,05,16,16,female,strong,1895
30,1.0010000000000001,True,1.0,0.48210922787194,0.5114533377615376,0.4967812828167388,1.2086978998656162,-0.06101851851851853,-0.06277777777777771,0.2890286748344141,0.4177117742182644,0.18612135926937018,0.41100533298847564,0.02934410988959757,0.0017592592592591827,0.00417096520481713,0.2485971126898224,0.10571954180080799,0.11509999507027416,0.0,0.9999999987499999,0.6406691951233617,0.29281854137923846,0.2949686685451981,0.4469477885772121,angry,05,16,16,female,strong,1895
40,1.3346666666666667,True,1.0,0.49686885164137895,0.5043672433384148,0.5006180474898969,0.7537459412733558,-0.05689814814814814,-0.059907407407407465,0.3716686174885642,0.41043952890011837,0.17986492871357404,0.6641734569663722,0.007498391697035811,0.0030092592592593226,0.012961794852382693,0.3619747560717034,0.11099899386713095,0.11292307493487731,0.0,0.9999999987499999,0.6451326645580107,0.2941797890985956,0.308543871823277,0.4564812393917862,angry,05,16,16,female,strong,1895
50,1.6683333333333334,True,1.0,0.28597170103705327,0.25916758239132703,0.2725696417141902,0.7859961124897813,-0.06837962962962962,-0.06930555555555551,0.3695869390570006,0.3929241490122701,0.18333707863421062,0.3467824298147961,0.026804118645726238,0.0009259259259258856,0.0022657810534810158,0.40090396145757023,0.11092285531488062,0.11266015163421901,0.0,0.9999999987499999,0.6421993702246523,0.29232978708041923,0.3034265273375383,0.44575627228842446,angry,05,16,16,female,strong,1895
60,2.0020000000000002,True,1.0,0.5193414271507361,0.5205975385859549,0.5199694828683454,0.7234943109804143,-0.04856481481481478,-0.05092592592592593,0.4326443597575716,0.20093860708713265,0.1923805444283331,0.7186918749419462,0.0012561114352188651,0.002361111111111147,0.015600414760516773,0.38517742572925023,0.11124320401916832,0.11485947226847636,0.0,0.9999999987499999,0.6116330239517683,0.2973140660768703,0.3306686811098218,0.4709365795940987,angry,05,16,16,female,strong,1895
70,2.3356666666666666,True,1.0,0.6260598345362051,0.6332890067956609,0.629674420665933,0.24464500201603814,-0.0639351851851852,-0.06509259259259259,0.3360772721364227,0.17573003092130798,0.187125477935715,2.5738290808191273,0.007229172259455852,0.0011574074074073848,0.005565085688414006,0.9506868129301639,0.10914658432217181,0.10857107585489392,0.0,0.9999999987499999,0.6326588501728816,0.29593192410643626,0.2984676826397279,0.4308715629651829,angry,05,16,16,female,strong,1895
80,2.6693333333333333,True,1.0,0.5319436397782433,0.5476106007799759,0.5397771202791096,0.8381030680289566,-0.053148148148148056,-0.056481481481481466,0.2987444957850039,0.30171710449042477,0.20835127689653926,0.6440462287634297,0.015666961001732593,0.0033333333333334103,0.009212673845277665,0.3717883302364412,0.11248224007746786,0.11280502976636791,0.0,0.9999999987499999,0.6053315972873524,0.29020330424675195,0.2796946339079193,0.40781944213747545,angry,05,16,16,female,strong,1895
90,3.003,True,1.0,0.6246351811439868,0.6349831467716301,0.6298091639578085,0.6836234488576979,-0.05888888888888888,-0.059398148148148144,0.3049811829722969,0.244129338145063,0.19376417538869908,0.9212808089163552,0.010347965627643396,0.0005092592592592649,0.008869642553354191,0.3757214028643805,0.11365966442813485,0.11144777165769823,0.0,0.9999999987499999,0.6180951073007328,0.29028180055306896,0.286712908917465,0.4224151235183039,angry,05,16,16,female,strong,1895
100,3.336666666666667,True,1.0,0.6478574345078958,0.668261225325191,0.6580593299165434,0.47145158644975715,-0.05939814814814809,-0.05986111111111114,0.31898567309395487,0.22786826678404995,0.18896803849392496,1.3958152837537925,0.020403790817295264,0.00046296296296305384,0.017783802532001743,0.4875000000000007,0.11629302627906582,0.1085216716480709,0.0,0.9999999987499999,0.6246615991318403,0.2878662901102133,0.287778244545839,0.4234543279503219,angry,05,16,16,female,strong,1895
110,3.6703333333333332,True,1.0,0.6443907762181819,0.6591436670643006,0.6517672216412412,0.4203270360965796,-0.05833333333333335,-0.05912037037037032,0.3222524844045039,0.21790006983842583,0.19383857917192496,1.5506193170298068,0.014752890846118749,0.000787037037036975,0.022546377799717448,0.5843811246441982,0.1163945075566687,0.11015615853828158,0.0,0.9999999987499999,0.6231326201105443,0.28957033920407466,0.29020981453806916,0.4237199569588194,angry,05,16,16,female,strong,1895
120,4.0040000000000004,True,1.0,0.6214792811619554,0.6341100404654968,0.6277946608137261,0.39688626245966135,-0.062268518518518556,-0.06125000000000008,0.32695643352561604,0.2289192764069972,0.19389210073779597,1.5817999265659486,0.012630759303541406,0.0010185185185184742,0.02157700642607483,0.6104908487880124,0.11540843902612784,0.10893852182474496,0.0,0.9999999987499999,0.6222115902376575,0.2887506732337763,0.28697927688509645,0.4256686233168583,angry,05,16,16,female,strong,1895
0,0.0,True,1.0,0.6119815303611851,0.5849745825741941,0.5984780564676896,0.6500004662634518,-0.0706018518518518,-0.07027777777777777,0.31183770909503916,0.30911747277122975,0.19097262172464533,0.920734811019536,0.027006947786990976,0.0003240740740740322,0.02687233502254462,0.38488363548877624,0.11151900810335902,0.11207006928284262,0.0,0.9999999987499999,0.6432335416275885,0.28061528085711146,0.28384450419174256,0.42703696723449097,fearful,06,16,16,female,normal,1896
10,0.33366666666666667,True,1.0,0.622172349195545,0.575075759587841,0.598624054391693,0.6246228778675214,-0.07226851851851851,-0.07138888888888895,0.31977640898576903,0.34340678960731275,0.18611480051309184,0.9583767671709543,0.04709658960770402,0.0008796296296295636,0.016575357531464375,0.4084165649362657,0.1123680984217486,0.11121870370848291,0.0,0.9999999987499999,0.643943814869698,0.2803437345534313,0.28415510791666104,0.424418056161373,fearful,06,16,16,female,normal,1896
20,0.6673333333333333,True,1.0,0.557318232938962,0.5270433893285511,0.5421808111337565,0.7030193019634576,-0.07851851851851849,-0.07449074074074075,0.3355348292211937,0.373705639917722,0.18127062450005685,0.7712175321779978,0.030274843610410884,0.004027777777777741,0.015286595218451986,0.3613226119109615,0.10634870954960061,0.11518245591662422,0.0,0.9999999987499999,0.6570426449564203,0.2914925591336484,0.2870426661789859,0.43081044127168994,fearful,06,16,16,female,normal,1896
30,1.0010000000000001,True,1.0,0.4973240624029439,0.47845904849995097,0.48789155545144747,0.5409683617281281,-0.07467592592592587,-0.06972222222222224,0.4385691180551573,0.15510706796989437,0.18695293475881947,0.9018855629428562,0.018865013902992944,0.004953703703703627,0.026222711687820078,0.4383919887396682,0.1054851086013954,0.11547998179026944,0.0,0.9999999987499999,0.656204867024935,0.29562659020832044,0.30256884757154295,0.4379299684996608,fearful,06,16,16,female,normal,1896
40,1.3346666666666667,True,1.0,0.4946067732356782,0.4770496346310075,0.48582820393334286,0.49889690443413737,-0.07675925925925914,-0.07296296296296295,0.380866157116222,0.19003572526559248,0.20025770750226451,0.973804807396796,0.017557138604670675,0.0037962962962961866,0.01749741731712179,0.4793785064290405,0.11116786253162211,0.11224879504943784,0.0,0.9999999987499999,0.640780941743885,0.28585988590325423,0.3068590898202817,0.42545218302518223,fearful,06,16,16,female,normal,1896
50,1.6683333333333334,True,1.0,0.49980721032635916,0.5238736580043161,0.5118404341653376,0.7409570107807062,-0.06995370370370368,-0.06412037037037044,0.3944510203994,0.2509894244647635,0.19351185785999445,0.6907829020013444,0.024066447677956904,0.005833333333333246,0.015672379294186085,0.36830936990152446,0.10956447772155331,0.11381437023184164,0.0,0.9999999987499999,0.6307002122411465,0.2863337076064589,0.30547781147854064,0.43123336503562304,fearful,06,16,16,female,normal,1896
60,2.0020000000000002,True,1.0,0.5783646017086956,0.5571721447789286,0.5677683732438121,0.6462273823587841,-0.061481481481481526,-0.05944444444444441,0.3816689423395771,0.20646638404961398,0.19343496192197215,0.8785891603221919,0.021192456929767012,0.002037037037037115,0.02524652131391597,0.37547368937634734,0.11101398344061396,0.1110367036191039,0.0,0.9999999987499999,0.6287663723770759,0.2875033870958817,0.3032540398349679,0.420827426609173,fearful,06,16,16,female,normal,1896
70,2.3356666666666666,True,1.0,0.6065619315168534,0.611039250141622,0.6088005908292378,0.8570517318347719,-0.06675925925925924,-0.06462962962962965,0.28343949411135827,0.3570803703429932,0.19473027126662731,0.7103428745496151,0.004477318624768523,0.0021296296296295925,0.011180058477393603,0.28200118656913625,0.11460060258266926,0.10697545542362934,0.0,0.9999999987499999,0.6315285997133229,0.28659011553784386,0.2974026718522486,0.42026743960749574,fearful,06,16,16,female,normal,1896
80,2.6693333333333333,True,1.0,0.5748737705377359,0.5750757595878414,0.5749747650627887,0.6418627439135485,-0.06703703703703706,-0.0621296296296297,0.33281402236482127,0.3204929224291758,0.18742572333610022,0.8957908377063105,0.00020198905010548884,0.00490740740740736,0.006884889220502012,0.3851955490259216,0.11261606459649455,0.10958549179817091,0.0,0.9999999987499999,0.6226083229619972,0.2880976243682293,0.29050576783942444,0.41809679415150347,fearful,06,16,16,female,normal,1896
90,3.003,True,1.0,0.5473443682057937,0.5888208720368855,0.5680826201213396,0.6467435124692802,-0.06893518518518521,-0.06634259259259256,0.34645366377293874,0.33014537115230264,0.19269922733271858,0.878373898104348,0.041476503831091804,0.0025925925925926463,0.007500721143650349,0.39706841507764207,0.11516119866568136,0.10779506518059973,0.0,0.9999999987499999,0.6131563960115296,0.28647709020123757,0.3011001181671867,0.4202453274465279,fearful,06,16,16,female,normal,1896
100,3.336666666666667,True,1.0,0.6200443878290842,0.667694878859751,0.6438696333444176,0.5432765092350592,-0.07106481481481486,-0.06615740740740739,0.33597222447823827,0.3469239702111706,0.19071040785060311,1.1851600840444858,0.047650491030666764,0.004907407407407471,0.009159434431821564,0.47586748628020964,0.10970551641179324,0.10460105184602968,0.0,0.9999999987499999,0.6325666526141707,0.28958303469897106,0.282981961285362,0.4036585905574394,fearful,06,16,16,female,normal,1896
110,3.6703333333333332,True,1.0,0.6440811436773547,0.6709327458960868,0.6575069447867208,0.49388957234573017,-0.0703703703703703,-0.06467592592592597,0.34053612766609526,0.29915322756415724,0.1940020903399106,1.3312833102830848,0.026851602218732062,0.005694444444444335,0.01745743522865279,0.5023163166069523,0.10930930079372524,0.10645651092638438,0.0,0.9999999987499999,0.6281653963069602,0.2906656735031099,0.2793294227384227,0.3970494672956206,fearful,06,16,16,female,normal,1896
0,0.0,True,1.0,0.5836310503202178,0.5691421698331453,0.5763866100766815,0.5122492719107592,-0.07171296296296292,-0.06851851851851853,0.32012142502672974,0.2712928671298669,0.19833601578466542,1.1252072802889135,0.01448888048707253,0.0031944444444443887,0.020264192245897383,0.5142706311416773,0.11023283661015529,0.11078516199021433,0.0,0.9999999987499999,0.63419327413778,0.2876830104930685,0.28534294163782137,0.4199767907424688,fearful,06,16,16,female,normal,1897
10,0.33366666666666667,True,1.0,0.638095969542321,0.6535931262346778,0.6458445478884993,0.5954517173230128,-0.0704629629629629,-0.06749999999999995,0.3192130538031353,0.3132583897218133,0.19498085751574243,1.084629583053415,0.01549715669235685,0.002962962962962945,0.01598056785032849,0.4298938200279977,0.11326218207090441,0.1090923465586577,0.0,0.9999999987499999,0.6359882106514482,0.28608682591555334,0.2899641772760741,0.42010965341854095,fearful,06,16,16,female,normal,1897
20,0.6673333333333333,True,1.0,0.6660970811621413,0.6541382636246147,0.6601176723933779,0.6590397046200631,-0.06805555555555548,-0.06601851851851848,0.3472746887808919,0.27918772842900186,0.19423177563420363,1.001635664385253,0.01195881753752659,0.002037037037037004,0.016008867830942266,0.43263854115871314,0.11313487765808096,0.11043862121137916,0.0,0.9999999987499999,0.6308196841080183,0.2873709566665966,0.2893583697433875,0.4193924563696189,fearful,06,16,16,female,normal,1897
30,1.0010000000000001,True,1.0,0.6556103994358957,0.622012100903565,0.6388112501697303,0.6140621616466534,-0.06611111111111106,-0.06532407407407403,0.337183194316628,0.2849980682461109,0.19140678638278333,1.0403038813802017,0.03359829853233076,0.0007870370370370305,0.017172005735433555,0.41775065454385474,0.11308249928402735,0.11031969001920985,0.0,0.9999999987499999,0.6326133583120749,0.28672526033028234,0.285887326198693,0.4175889425224095,fearful,06,16,16,female,normal,1897
40,1.3346666666666667,True,1.0,0.582539657905035,0.6166102599974945,0.5995749589512648,0.5332970672488344,-0.06324074074074071,-0.06240740740740752,0.35483749210838117,0.21030473546861367,0.19341090101756594,1.124279497812249,0.03407060209245949,0.000833333333333186,0.01587619553445293,0.4797452839754221,0.11467584060517025,0.10918722028879921,0.0,0.9999999987499999,0.630150725915366,0.2865188741402598,0.29555385342555424,0.42382621941568543,fearful,06,16,16,female,normal,1897
50,1.6683333333333334,True,1.0,0.5731017359949887,0.5672642566178596,0.5701829963064242,0.5268952350327244,-0.062222222222222234,-0.061203703703703705,0.39205822342362323,0.09634701169001282,0.19076832253302697,1.0821562967275862,0.0058374793771290845,0.0010185185185185297,0.012186324669034467,0.4584460252769458,0.11213225715399501,0.11128541034531633,0.0,0.9999999987499999,0.6270265892294417,0.2877989869638994,0.2886486886480639,0.4184989057448338,fearful,06,16,16,female,normal,1897
60,2.0020000000000002,True,1.0,0.6209127319402534,0.6098186860052038,0.6153657089727287,0.4421011946226781,-0.06342592592592589,-0.06217592592592597,0.36856369720447535,0.15848882753065466,0.18791620472966133,1.391911436697038,0.01109404593504959,0.0012499999999999178,0.010063399943870711,0.5342931564620788,0.11027118696978638,0.11160383257984172,0.0,0.9999999987499999,0.6340505825064401,0.28482520933825173,0.28617289499520243,0.42033708166872796,fearful,06,16,16,female,normal,1897
70,2.3356666666666666,True,1.0,0.6019060478978576,0.6426291923836702,0.622267620140764,0.7136451073390802,-0.06583333333333341,-0.06361111111111106,0.30065108665104245,0.33996446586289414,0.1852567226552549,0.8719566823080604,0.0407231444858126,0.0022222222222223476,0.011089135600596847,0.3430177897371587,0.11473467970968064,0.10647437040080937,0.0,0.9999999987499999,0.6325461820743922,0.28240332283412717,0.28769583431957246,0.4172465851591258,fearful,06,16,16,female,normal,1897
80,2.6693333333333333,True,1.0,0.5837515602668744,0.6169612045487544,0.6003563824078144,0.6898335583516256,-0.06564814814814818,-0.06523148148148156,0.32091293103228413,0.3605653516616279,0.18432979855818674,0.8702916451939231,0.03320964428188,0.0004166666666666208,0.0026664370335872417,0.3607995249634103,0.10420541950127432,0.10709875730354375,0.0,0.9999999987499999,0.6492995681944652,0.2931632271783728,0.2808456070305606,0.4127335886004859,fearful,06,16,16,female,normal,1897
90,3.003,True,1.0,0.6517236272118144,0.6750190304642724,0.6633713288380434,0.6233332554022346,-0.0671296296296296,-0.0672222222222223,0.3270094247231793,0.3504863634706588,0.18674875724999734,1.0642322114034688,0.023295403252457936,9.259259259269959e-05,0.011180073532530857,0.3828141545776429,0.10327223252491385,0.10729092910645763,0.0,0.9999999987499999,0.6508459499581083,0.2919905677945944,0.2758608717086432,0.4131185062848089,fearful,06,16,16,female,normal,1897
100,3.336666666666667,True,1.0,0.6495285560996964,0.7318180894429678,0.6906733227713321,0.5636697246606407,-0.06902777777777785,-0.0666666666666666,0.31925287897672217,0.3378094238919341,0.18561457605853504,1.2253156282025868,0.08228953334327138,0.002361111111111258,0.02507234229222206,0.42606284030122515,0.10468631662298716,0.10555124204005185,0.0,0.9999999987499999,0.651069532359819,0.2921248274066714,0.27938215506776126,0.41167564487214087,fearful,06,16,16,female,normal,1897
0,0.0,True,1.0,0.6020248303088809,0.618918957102705,0.6104718937057929,0.588291778633094,-0.07314814814814813,-0.06875000000000003,0.33062291068309646,0.2940170687309548,0.19218185402727572,1.037702575283705,0.01689412679382407,0.0043981481481480955,0.0014047174625670992,0.4323013295090989,0.10592905728287552,0.11033974181440699,0.0,0.9999999987499999,0.6434943740464936,0.29745767289168007,0.2858815042991046,0.42586477490499386,fearful,06,16,16,female,normal,1898
10,0.33366666666666667,True,1.0,0.6203311636778513,0.630259239057695,0.6252952013677732,0.710439432968541,-0.0721296296296296,-0.06847222222222232,0.3281505126357287,0.33202839000022866,0.19167564973036175,0.8801527228788579,0.009928075379843637,0.003657407407407276,0.0022862065416748016,0.3451149877124162,0.10824015541592122,0.10842555257542826,0.0,0.9999999987499999,0.6401253708749125,0.29655524343410966,0.2900338376866006,0.4187037515586654,fearful,06,16,16,female,normal,1898
20,0.6673333333333333,True,1.0,0.5741442713761001,0.6241240257629591,0.5991341485695296,0.5909225198404213,-0.07458333333333333,-0.07,0.35399713274529476,0.3022129019985511,0.1861064347269555,1.0138962866592491,0.04997975438685898,0.004583333333333328,0.011364216373112409,0.41741077247090325,0.10758977699551188,0.10819404717584982,0.0,0.9999999987499999,0.6487936755639756,0.2927176958167172,0.2910742234732891,0.42596986784856916,fearful,06,16,16,female,normal,1898
30,1.0010000000000001,True,1.0,0.6153846153846149,0.6556493482536618,0.6355169818191384,0.7644940605072982,-0.07032407407407398,-0.06861111111111112,0.3291935148271543,0.35863154012249093,0.19571509914145424,0.831290934291139,0.04026473286904697,0.0017129629629628607,0.003468582349255738,0.3579881910102407,0.10573124571202801,0.1079127808370677,0.0,0.7050400055966606,0.6418542788209034,0.2953614942478769,0.28335298239449513,0.4167201712756007,fearful,06,16,16,female,normal,1898
40,1.3346666666666667,True,1.0,0.6558058729023186,0.665049901900366,0.6604278874013423,0.4526754136501072,-0.06712962962962965,-0.06398148148148147,0.3749995018740754,0.11617703915758923,0.20037795252989848,1.4589435774212738,0.009244028998047327,0.0031481481481481777,0.005451992746879936,0.5567419288194795,0.11076823143745036,0.10566137730129603,0.0,0.9999999987499999,0.6240571298128625,0.28955757399951076,0.27645026874385414,0.3968745695666888,fearful,06,16,16,female,normal,1898
50,1.6683333333333334,True,1.0,0.6942645266284685,0.683868031578997,0.6890662791037327,0.45498166602061124,-0.062361111111111034,-0.06143518518518515,0.4171363696575452,0.06743786062986505,0.20326384143794757,1.5144924082996285,0.010396495049471488,0.0009259259259258856,0.004713513915021818,0.5346335502823943,0.111949071668905,0.10513681035464412,0.0,0.9999999987499999,0.6176958636267007,0.29178737678680056,0.2888876816406074,0.3994138126535132,fearful,06,16,16,female,normal,1898
60,2.0020000000000002,True,1.0,0.6645462867561435,0.6580358913067548,0.6612910890314492,0.5635156141915972,-0.0597685185185185,-0.059768518518518554,0.3489381518927216,0.08148116712573172,0.20371621655395122,1.1735097881539942,0.006510395449388695,5.551115123125783e-17,0.011549626445954647,0.4063386662761433,0.10832368002623335,0.10745925881002537,0.0,0.9997997018120526,0.6145249099014607,0.2926222060216655,0.2723770606201849,0.38284085219322417,fearful,06,16,16,female,normal,1898
70,2.3356666666666666,True,1.0,0.673492547963419,0.7021568427713206,0.6878246953673698,0.6815999032852296,-0.06384259259259267,-0.06361111111111112,0.2961151759759866,0.2707796347331833,0.19862814995415454,1.0091326187872642,0.02866429480790167,0.00023148148148155467,0.012814526394645021,0.378332850074131,0.10928015617286503,0.10468199439232924,0.0,0.9999999987499999,0.6288843476531238,0.28768191829535406,0.2696421183632166,0.3907046592315572,fearful,06,16,16,female,normal,1898
80,2.6693333333333333,True,1.0,0.6274214207669851,0.6449542286176017,0.6361878246922934,0.6090198064267901,-0.06773148148148156,-0.06648148148148142,0.32801918183477546,0.28096919149689115,0.19396394002717157,1.044609416604859,0.017532807850616505,0.0012500000000001399,0.004598714826607046,0.39262184316078186,0.10613724073636462,0.10554623296790745,0.0,0.9999999987499999,0.6448654366903012,0.29128222332579856,0.2838243565461504,0.41076967188894087,fearful,06,16,16,female,normal,1898
90,3.003,True,1.0,0.6584818881445881,0.687856166825596,0.6731690274850921,0.5570393038148811,-0.06638888888888883,-0.06597222222222227,0.3250376230297062,0.25481248534901296,0.1982258460488623,1.2084767140754649,0.029374278681007948,0.00041666666666656527,0.0064577044861007515,0.4444984835284107,0.10735634735272279,0.10629618653078053,0.0,0.9999999987499999,0.6326541908482144,0.2870288790409271,0.2671881640549276,0.39727714703690076,fearful,06,16,16,female,normal,1898
100,3.336666666666667,True,1.0,0.5656542834532178,0.6260622666993615,0.5958582750762896,0.6066812402411144,-0.06902777777777769,-0.06898148148148142,0.32310760467971955,0.29528636330964814,0.19558524551808892,0.9821603760806527,0.060407983246143715,4.6296296296266526e-05,0.000978677990910909,0.43906590305790516,0.11626916148852601,0.10570165611200316,0.0,0.9999999987499999,0.6151451287233642,0.2847463144840982,0.2891115575539624,0.4052656340134255,fearful,06,16,16,female,normal,1898
0,0.0,True,1.0,0.63285543552643,0.6026128839015166,0.6177341597139733,0.6345175927692212,-0.0637962962962963,-0.061805555555555614,0.3246437275887142,0.20116957334223273,0.20157216352205917,0.9735493022628419,0.030242551624913405,0.001990740740740682,0.009084524341474397,0.4280529020428541,0.11620465362804559,0.10791238975868951,0.0,0.9999999987499999,0.6245608527082708,0.2818072815627441,0.2855900085317858,0.40680312229482685,fearful,06,16,16,female,normal,1899
10,0.33366666666666667,True,1.0,0.6200279312077744,0.598702447059384,0.6093651891335792,0.5934170678300127,-0.06916666666666671,-0.06592592592592589,0.3226308720622521,0.2341409929140771,0.19536395927035805,1.0268750633713402,0.021325484148390417,0.0032407407407408217,0.008425105972920299,0.4323013295090989,0.11529954035678791,0.10887892992547707,0.0,0.9999999987499999,0.631048147188563,0.2800510244945589,0.27947049425877984,0.4079247553251661,fearful,06,16,16,female,normal,1899
20,0.6673333333333333,True,1.0,0.5782530610286519,0.5863212635811358,0.5822871623048939,0.5655274550325116,-0.07027777777777777,-0.06851851851851853,0.33022845720717575,0.27499437938073173,0.19004797257361172,1.029635532498451,0.00806820255248386,0.0017592592592592382,0.015650117883610943,0.4439744995099946,0.11199095083071155,0.11176904972940346,0.0,0.9999999987499999,0.6375352004239196,0.2859664677124636,0.2800130836850486,0.415653376655476,fearful,06,16,16,female,normal,1899
30,1.0010000000000001,True,1.0,0.5334363368390714,0.5449294313691915,0.5391828841041315,0.7538679868143981,-0.06782407407407409,-0.06467592592592597,0.3604288435337905,0.30686514155888706,0.19757007374558044,0.7152218870342852,0.01149309453012004,0.003148148148148122,0.01078908161339838,0.36151638518077955,0.11387417045764194,0.11002304665624417,0.0,0.9999999987499999,0.6354085605570352,0.284899584161114,0.29893759194555747,0.42574142795549774,fearful,06,16,16,female,normal,1899
40,1.3346666666666667,True,1.0,0.6010079632529288,0.6002103491890959,0.6006091562210123,0.45928534704252716,-0.06250000000000011,-0.06120370370370365,0.35357389936774736,0.16464917317607725,0.2039575914799431,1.307703718589131,0.000797614063832941,0.001296296296296462,0.012730259154046086,0.5919319124755701,0.11521844805167589,0.11000881011209536,0.0,0.9999999987499999,0.6211196416847989,0.2769424571890633,0.28919224466096416,0.41563368460406547,fearful,06,16,16,female,normal,1899
50,1.6683333333333334,True,1.0,0.4953715049632587,0.4739104191898014,0.48464096207653007,0.5492105241842917,-0.057731481481481495,-0.05662037037037032,0.4515101879653773,0.12308956434833677,0.19269922733271852,0.8824320378717018,0.02146108577345729,0.0011111111111111738,0.016244655897736344,0.49105767321411337,0.1075998609183406,0.10975753922328434,0.0,0.9999999987499999,0.6203197204506803,0.29651943355987875,0.30874821048545575,0.43090115717879135,fearful,06,16,16,female,normal,1899
60,2.0020000000000002,True,1.0,0.6267035647556594,0.617103103234283,0.6219033339949711,0.5026075352310091,-0.05949074074074079,-0.05805555555555558,0.3728554877325305,0.2020449117856227,0.1971792780248782,1.2373537808364357,0.009600461521376391,0.001435185185185206,0.017109981703332774,0.5480360109335108,0.10826859493983884,0.10804506074255826,0.0,0.9999999987499999,0.6219687330244599,0.2951064508088896,0.29525264660741735,0.40462583628055954,fearful,06,16,16,female,normal,1899
70,2.3356666666666666,True,1.0,0.6162341768215096,0.6466533322559811,0.6314437545387453,0.8809237432194071,-0.05953703703703711,-0.06046296296296294,0.2902286690947804,0.3696139273151766,0.19878044349622456,0.7167972930677099,0.03041915543447149,0.0009259259259258301,0.007135369952437673,0.30409997860260185,0.11323375959187289,0.11085403524051787,0.0,0.9999999987499999,0.6215122757774986,0.29054319633501946,0.29519326690697123,0.4143751404374602,fearful,06,16,16,female,normal,1899
80,2.6693333333333333,True,1.0,0.7219437482491861,0.7081732603463876,0.7150585042977868,0.7000183002505747,-0.06291666666666673,-0.06268518518518523,0.3304251745410569,0.36479082152241166,0.19200113939017843,1.0214854440831453,0.013770487902798445,0.00023148148148149916,0.011187254430779623,0.3962282021339577,0.11627287639464226,0.10906856208755464,0.0,0.9999999987499999,0.6194998191698554,0.2793615238815551,0.28873776593391814,0.4083815318447099,fearful,06,16,16,female,normal,1899
90,3.003,True,1.0,0.3050774476811427,0.29032942684130125,0.29770343726122195,0.6049167387792461,-0.07527777777777778,-0.07374999999999987,0.3353711606058392,0.28746092260552036,0.19605760650748655,0.4921395262792747,0.014748020839841447,0.0015277777777779056,0.015249811879084878,0.44135243142936714,0.11911803623932056,0.1061335498873405,0.0,0.9999999987499999,0.6213623586465837,0.27715041220308917,0.2917723260010124,0.4025514218461431,fearful,06,16,16,female,normal,1899
100,3.336666666666667,True,1.0,0.5925692565665861,0.6058957618915098,0.599232509229048,0.4970892527406241,-0.0681018518518518,-0.06583333333333341,0.32634152110132264,0.2634548891844727,0.19523895220162935,1.2054827295606836,0.013326505324923743,0.002268518518518392,0.01131516345004028,0.5526573586487535,0.11842637660498853,0.10849684705543106,0.0,0.9999999987499999,0.6209522163318452,0.277242697410368,0.2917973054742823,0.40753552885984046,fearful,06,16,16,female,normal,1899
0,0.0,True,1.0,0.6067019400352738,0.60772066932761,0.6072113046814419,0.5743694248331175,-0.08208333333333334,-0.07601851851851854,0.3440752535826289,0.3302297687797854,0.18426642021493544,1.0571790182910008,0.0010187292923362623,0.006064814814814801,0.0073025049799529725,0.43661058887200316,0.11109390882135309,0.11164144966225988,0.0,0.9999999987499999,0.6417082551379928,0.2829660495677208,0.28343527329258345,0.41939430257297344,fearful,06,16,16,female,strong,1900
10,0.33366666666666667,True,1.0,0.569224878427242,0.5525957937401269,0.5609103360836845,0.6073373633719137,-0.0792592592592592,-0.07430555555555557,0.327515302300285,0.3415934928425777,0.19042246964201737,0.9235564447567195,0.016629084687115103,0.004953703703703627,0.004114601069028771,0.43875213458158163,0.11303101454631523,0.11019968898955577,0.0,0.9999999987499999,0.6377856428508903,0.29000194855812617,0.2920108173845898,0.42236091187653907,fearful,06,16,16,female,strong,1900
20,0.6673333333333333,True,1.0,0.5878136200716859,0.5770060337882227,0.5824098269299542,0.6355569694392195,-0.08217592592592593,-0.07587962962962963,0.3390517708586346,0.35460812893002,0.17876096754884938,0.9163770597053489,0.010807586283463233,0.0062962962962963,0.004554750528036349,0.382070377629018,0.11173471224500721,0.11134285713288555,0.0,0.9999999987499999,0.6434827167351316,0.2854289158284065,0.2821232583235105,0.4135426300754379,fearful,06,16,16,female,strong,1900
30,1.0010000000000001,True,1.0,0.4668314381525318,0.45816035745174666,0.46249589780213923,0.6795875688102035,-0.07416666666666666,-0.0698611111111111,0.44666708625893903,0.24913831856707344,0.1822967560880148,0.6805537932541346,0.00867108070078515,0.0043055555555555625,0.011606300121616772,0.4154462322241765,0.10887151700786758,0.11464371932904563,0.0,0.9999999987499999,0.6347874343878177,0.28796418516888383,0.3099108475121347,0.44392751671296127,fearful,06,16,16,female,strong,1900
40,1.3346666666666667,True,1.0,0.4511087935643523,0.45653557847842824,0.45382218602139024,0.5273906406641329,-0.06995370370370363,-0.06995370370370374,0.38200320506344254,0.21859189463801723,0.1966989036523519,0.8605048156522094,0.005426784914075944,1.1102230246251565e-16,0.019632203621337455,0.47198977356729915,0.11388262148210022,0.11104850157701011,0.0,0.9999999987499999,0.6290694125697154,0.28660112883358185,0.318421218354202,0.43629989180662865,fearful,06,16,16,female,strong,1900
50,1.6683333333333334,True,1.0,0.38487041873184863,0.40937294066943913,0.3971216797006439,0.7898744113924222,-0.06740740740740736,-0.06694444444444436,0.39843557543286173,0.32790528526065404,0.19445856921043916,0.5027655966226098,0.024502521937590505,0.0004629629629629983,0.025252119647067254,0.3543856104819334,0.11203651009363944,0.11391867831527162,0.0,0.9999999987499999,0.6275205168317327,0.28912090537884505,0.3221367021761773,0.44541915201318905,fearful,06,16,16,female,strong,1900
60,2.0020000000000002,True,1.0,0.5145147785808771,0.49846565541622895,0.506490216998553,0.6940627263511774,-0.06694444444444442,-0.06634259259259268,0.37988823057898885,0.28795558687072736,0.18961592732921567,0.7297470354895306,0.016049123164648182,0.0006018518518517424,0.012860782544440234,0.39967291543517935,0.10673850765139464,0.11712127229229782,0.0,0.9999999987499999,0.6223796938853666,0.295008772650718,0.32193595689519344,0.4405756289539697,fearful,06,16,16,female,strong,1900
70,2.3356666666666666,True,1.0,0.4869228619125811,0.48052500749539345,0.4837239347039873,0.6507233762513087,-0.06777777777777783,-0.06648148148148153,0.3298487702133834,0.3853668950179584,0.18891473730410502,0.7433633896643258,0.006397854417187654,0.0012962962962962954,0.012823358752567121,0.3723549901170842,0.11354985868777374,0.11241029514470788,0.0,0.9999999987499999,0.6206063633031338,0.29220772803409945,0.3145755806697674,0.43170480122534827,fearful,06,16,16,female,strong,1900
80,2.6693333333333333,True,1.0,0.5063739662234422,0.5258322718521663,0.5161031190378043,0.6845359145882027,-0.07217592592592598,-0.07037037037037036,0.3822228982227544,0.34841202308372454,0.19028780153576583,0.7539460063951169,0.019458305628724082,0.0018055555555556158,0.010840934420741539,0.37871058892117315,0.11430946258996144,0.11163776970916928,0.0,0.9999999987499999,0.6215166790309874,0.29112111440089444,0.31955155638146904,0.4384628309141372,fearful,06,16,16,female,strong,1900
90,3.003,True,1.0,0.5732410947176829,0.5633320559793318,0.5682865753485074,0.6001353611135285,-0.07550925925925933,-0.0731944444444445,0.3851327902019427,0.3509169170595916,0.182672721974871,0.9469306629325642,0.009909038738351139,0.002314814814814825,0.010051276264099974,0.44710774911809015,0.11276793084012772,0.11268862761827152,0.0,0.9999999987499999,0.625399690321441,0.28807347322153826,0.30237468952220714,0.42577865337662973,fearful,06,16,16,female,strong,1900
100,3.336666666666667,True,1.0,0.6119933918946597,0.565943056724081,0.5889682243093703,0.5924343763531397,-0.0730555555555556,-0.07398148148148148,0.35119692969311045,0.373496530875391,0.18546644821245536,0.9941493063500029,0.04605033517057877,0.0009259259259258856,0.016387299236048647,0.4473381576211269,0.11557016104509145,0.11102071216508985,0.0,0.9999999987499999,0.6255165199126526,0.2849524176947961,0.3034044402353273,0.43011831516194565,fearful,06,16,16,female,strong,1900
110,3.6703333333333332,True,1.0,0.6020164877106193,0.5981889032848351,0.6001026954977272,0.6340692356678705,-0.0702314814814815,-0.07004629629629633,0.3506094411136414,0.3238522029809166,0.19444483681291022,0.9464308654963112,0.003827584425784236,0.00018518518518517713,0.0095670078286879,0.4270174323726232,0.11903905805480698,0.10992416715530864,0.0,0.9999999987499999,0.6100856118931949,0.28020344004629116,0.306889937204859,0.42403330274924234,fearful,06,16,16,female,strong,1900
0,0.0,True,1.0,0.5782530610286531,0.5876994175308454,0.5829762392797493,0.5668500750270562,-0.07546296296296295,-0.07041666666666657,0.36417744206288866,0.20707259825618018,0.2009922608886078,1.0284487291492788,0.009446356502192277,0.005046296296296382,0.013332846676770486,0.49555985287345433,0.1158440181879458,0.10759346192228693,0.0,0.9999999987499999,0.6225339248277436,0.28533228114601705,0.29865722700091196,0.42180551431983776,fearful,06,16,16,female,strong,1901
10,0.33366666666666667,True,1.0,0.5152824088986498,0.49656335907331534,0.5059228839859826,0.5974139366110953,-0.08314814814814814,-0.07856481481481487,0.34305718872581764,0.35685694127444306,0.1803507995315961,0.8468548404744171,0.01871904982533451,0.004583333333333273,0.00877745929126266,0.45519289961543435,0.1120136204315713,0.11089058862419932,0.0,0.9999999987499999,0.6429691411642783,0.28444900468088,0.28178395977900444,0.41643537483585175,fearful,06,16,16,female,strong,1901
20,0.6673333333333333,True,1.0,0.4132038357215331,0.41232242120598545,0.4127631284637593,0.8601130696250336,-0.0589351851851852,-0.0589351851851852,0.448336443813828,0.3096319967875605,0.1545270127950992,0.4798940314250816,0.0008814145155476294,0.0,0.0073111120298841575,0.3086454318849762,0.10231859351595812,0.1178105594119166,0.0,0.9999999987499999,0.6595686728597688,0.2956877272303057,0.31769332384319077,0.4551763852732245,fearful,06,16,16,female,strong,1901
30,1.0010000000000001,True,1.0,0.3917137476459517,0.37554142574182997,0.38362758669389085,0.7657733349809055,-0.07185185185185183,-0.06759259259259259,0.45482581880559414,0.19415981791751546,0.20660517772527054,0.5009675437490345,0.01617232190412171,0.00425925925925924,0.008362546166943211,0.3632413669980061,0.11187010518568373,0.11357998321218883,0.0,0.9999999987499999,0.6124482456341912,0.287496193210763,0.34777647761042463,0.45485701902745296,fearful,06,16,16,female,strong,1901
40,1.3346666666666667,True,1.0,0.37888705105492915,0.38620594844210154,0.38254649974851535,0.7462931979205156,-0.06976851851851862,-0.061851851851851714,0.3986831669903426,0.24664501725989588,0.20443890126402894,0.5125954528521091,0.007318897387172396,0.007916666666666905,7.244284679304155e-05,0.3779352090271856,0.11625949296249494,0.1097792289443209,0.0,0.9999999987499999,0.6064609726546869,0.2823191268776614,0.3287650562968338,0.43862686600864503,fearful,06,16,16,female,strong,1901
50,1.6683333333333334,True,1.0,0.43641774109030446,0.4279028818692627,0.43216031147978357,1.12447819877141,-0.0759259259259259,-0.06634259259259268,0.366865069593294,0.4719918137077876,0.19536395927035802,0.38432075601995325,0.008514859221041782,0.009583333333333222,0.005512171974092294,0.2733474587738729,0.10932439732900362,0.11487724551131878,0.0,0.9999999987499999,0.6217117706848365,0.292057866487514,0.3207769390704038,0.4331387126628204,fearful,06,16,16,female,strong,1901
60,2.0020000000000002,True,1.0,0.4591951075478847,0.48102712097253136,0.470111114260208,0.6678264581468654,-0.07634259259259263,-0.06953703703703695,0.36922573386046004,0.2295023189475721,0.2062406881037753,0.7039420324326583,0.02183201342464669,0.006805555555555676,0.02345284114766121,0.3840422198560508,0.11014670448492622,0.1075563055919901,0.0,0.9999999987499999,0.6071344277398459,0.2977123736738319,0.31525679443530763,0.4121045631497341,fearful,06,16,16,female,strong,1901
70,2.3356666666666666,True,1.0,0.6155840210397681,0.5968534377041237,0.6062187293719459,0.9323609771775898,-0.07634259259259257,-0.06819444444444445,0.29295523819038805,0.4488171555768912,0.1953112316702645,0.650197449497586,0.01873058333564437,0.008148148148148127,0.0028156127441755544,0.27329474750523974,0.11455748859244068,0.11069693257153913,0.0,0.9999999987499999,0.6260499449545442,0.2868189810628617,0.31187302803020217,0.4246792848838004,fearful,06,16,16,female,strong,1901
80,2.6693333333333333,True,1.0,0.5362667879027035,0.548692066267792,0.5424794270852478,0.6552222018293583,-0.07527777777777772,-0.06814814814814818,0.37588024232114914,0.3143276883863845,0.18989857604528734,0.8279319985962983,0.012425278365088444,0.007129629629629541,0.014941300192130596,0.4091873432650219,0.11257870557936292,0.1130463268688033,0.0,0.9999999987499999,0.6239419413859294,0.28984825996147645,0.3179703675272517,0.43519218276189814,fearful,06,16,16,female,strong,1901
90,3.003,True,1.0,0.5735846900552986,0.5420510156296248,0.5578178528424617,0.5819394869389276,-0.0771296296296296,-0.07324074074074077,0.3659713239225116,0.33131514070614426,0.1861148005130919,0.9585495835256881,0.031533674425673786,0.0038888888888888307,0.0053016280239129385,0.44684884456173457,0.11348689897050898,0.1104224671655919,0.0,0.9999999987499999,0.6280610188763005,0.28814380847181087,0.3052764836074716,0.424364991300895,fearful,06,16,16,female,strong,1901
100,3.336666666666667,True,1.0,0.5383763729049985,0.5391325841090175,0.538754478507008,0.281375984041178,-0.07236111111111115,-0.07148148148148142,0.37170959954050214,0.20650038608060534,0.1784876109678226,1.9147137960010259,0.0007562112040190305,0.0008796296296297301,0.019973523429630307,0.8377614590652175,0.12687131805440516,0.10376392284577739,0.0,0.9999999987499999,0.5989281685330382,0.2614912059898563,0.31400287295038454,0.36459337851789664,fearful,06,16,16,female,strong,1901
110,3.6703333333333332,True,1.0,0.6400793535991133,0.5939815027128253,0.6170304281559693,0.32520086850305235,-0.07240740740740731,-0.07004629629629633,0.367418458195854,0.25570091559561825,0.18333499792094693,1.8973824731657438,0.04609785088628793,0.0023611111111109806,0.015590912064404947,0.7322261239769826,0.11371396385069978,0.11325812542074308,0.0,0.9999999987499999,0.6350891428055596,0.2823339528269312,0.29885271906683364,0.4311488085558599,fearful,06,16,16,female,strong,1901
0,0.0,True,1.0,0.4509649991266489,0.44394574326637665,0.4474553711965128,0.543077713164769,-0.07430555555555546,-0.0731944444444445,0.32744567332663,0.331840319332424,0.18691008021618244,0.8239251222241842,0.007019255860272244,0.0011111111111109517,0.023529329588287386,0.48511162751111986,0.11271210840183425,0.10983417743307271,0.0,0.9999999987499999,0.6404453897809124,0.29098366663065933,0.28641379175751036,0.4211896849090413,fearful,06,16,16,female,strong,1902
10,0.33366666666666667,True,1.0,0.5536142446644267,0.5262506050124296,0.5399324248384281,0.62593142749635,-0.07328703703703698,-0.07138888888888895,0.3301750546080339,0.35754685904988204,0.18903464384655697,0.8626063513028774,0.027363639651997063,0.0018981481481480378,0.014656069679525145,0.4177506545438538,0.11164588864467254,0.11177334744390313,0.0,0.9999999987499999,0.6409544415969514,0.2899589192002656,0.28624172596658154,0.41929440176365484,fearful,06,16,16,female,strong,1902
20,0.6673333333333333,True,1.0,0.5098497782547876,0.49797339024328935,0.5039115842490385,0.5251249249098103,-0.07347222222222227,-0.07444444444444437,0.4002999180028899,0.2245506356710756,0.18822038822814363,0.9596032493326894,0.011876388011498262,0.0009722222222220966,0.018926444701660664,0.47725827704597396,0.108541657492135,0.11594620248722125,0.0,0.9999999987499999,0.6249358301445578,0.29127247265025685,0.29345036563096033,0.42993575587575417,fearful,06,16,16,female,strong,1902
30,1.0010000000000001,True,1.0,0.508200799428789,0.4871617881345082,0.4976812937816486,1.043055824935873,-0.06777777777777783,-0.06185185185185188,0.3439775184707091,0.32764833156477813,0.20785042411314048,0.47713773499347073,0.02103901129428082,0.005925925925925946,0.008760690908700625,0.30562324764470755,0.11349081996333593,0.11280818473279469,0.0,0.9999999987499999,0.616768428527661,0.2879022391360752,0.31617564425394545,0.4277772773939248,fearful,06,16,16,female,strong,1902
40,1.3346666666666667,True,1.0,0.5122888789944356,0.5046954649714881,0.5084921719829618,0.5017093718753713,-0.060416666666666785,-0.06018518518518512,0.35787069952647044,0.22950231894757,0.1960218023167498,1.01351938091616,0.007593414022947553,0.0002314814814816657,0.01779505209400455,0.5111994510021565,0.11531730888911243,0.11145439817209368,0.0,0.9999999987499999,0.6148385381965285,0.282141298059821,0.3010869881087759,0.41790043036656604,fearful,06,16,16,female,strong,1902
50,1.6683333333333334,True,1.0,0.559712405632544,0.5570849723323357,0.5583986889824398,0.536969326518776,-0.06754629629629627,-0.06314814814814818,0.4278977693868944,0.17498099064661002,0.19274188447452686,1.0399079824588724,0.002627433300208315,0.0043981481481480955,0.009602386389232755,0.465006252990313,0.10704335634153853,0.11133189585432572,0.0,0.9999999987499999,0.6252906103222539,0.29293381162652093,0.3162709204119084,0.4224529571535399,fearful,06,16,16,female,strong,1902
60,2.0020000000000002,True,1.0,0.5783694858202958,0.5554003726844922,0.566884929252394,0.6021610687352003,-0.06356481481481491,-0.0618981481481482,0.3386064785171794,0.3081204764809163,0.19101771573813514,0.9414174357752794,0.02296911313580363,0.0016666666666667052,0.005050635893021955,0.41021773630153596,0.10922398743396035,0.10743440913108387,0.0,0.9764521226294712,0.6180319805500324,0.29538920621398806,0.30069984565653946,0.4152454021687999,fearful,06,16,16,female,strong,1902
70,2.3356666666666666,True,1.0,0.5683012641243302,0.5792515274754853,0.5737763957999078,0.8607902346785834,-0.06777777777777783,-0.06449074074074068,0.332416789728602,0.4148355594142003,0.18337428602077885,0.666569359972066,0.01095026335115501,0.0032870370370371438,0.0016149743440536902,0.31581526295305595,0.10716769878867932,0.10719964885349414,0.0,0.9999999987499999,0.6290723253676471,0.29363494721983785,0.28735581033489127,0.40799156296793565,fearful,06,16,16,female,strong,1902
80,2.6693333333333333,True,1.0,0.6122960016461166,0.6273603586564522,0.6198281801512844,0.6807679598870732,-0.07319444444444434,-0.06740740740740736,0.36644430164854547,0.40266477112365906,0.1841365801268665,0.9104837722593502,0.015064357010335594,0.0057870370370369795,0.013130727534905415,0.3920963260638822,0.10685306731073628,0.10733591401216398,0.0,0.9999999987499999,0.6341949721451081,0.2900082527929241,0.2803296963980141,0.40192668022761774,fearful,06,16,16,female,strong,1902
90,3.003,True,1.0,0.5396470204796813,0.5659489363750552,0.5527979784273682,0.6444869461855782,-0.07097222222222221,-0.06939814814814815,0.34493280026185996,0.3971498364093837,0.1766861567486071,0.8577333981690788,0.026301915895373895,0.001574074074074061,0.036016981029001575,0.39856107029806864,0.11253398878304266,0.10414526879713248,0.0,0.9999999987499999,0.6204548029915091,0.2907938915539486,0.29091585268690506,0.40383114726382885,fearful,06,16,16,female,strong,1902
100,3.336666666666667,True,1.0,0.5633320559793336,0.617426859106826,0.5903794575430799,0.5896298256426489,-0.07162037037037028,-0.06805555555555554,0.3494060005002162,0.3551420405067463,0.18503002759312095,1.0012713602125094,0.054094803127492486,0.003564814814814743,0.033411175095856956,0.45853746591408184,0.11209237743414932,0.10534633527312245,0.0,0.9999999987499999,0.616590747392707,0.29235277670454257,0.2849172307187746,0.40272755923652387,fearful,06,16,16,female,strong,1902
0,0.0,True,1.0,0.5927041776734265,0.5943246368385178,0.5935144072559722,0.6169852436470541,-0.07398148148148165,-0.0706944444444445,0.3329295931878389,0.34509415801543575,0.19321356755444016,0.961958836726234,0.001620459165091237,0.0032870370370371438,0.0049387066375207395,0.4177506545438538,0.10979935315355778,0.11308349063422929,0.0,0.9999999987499999,0.6413083960224715,0.2883755480624021,0.28547428031123323,0.42061914339310613,fearful,06,16,16,female,strong,1903
10,0.33366666666666667,True,1.0,0.6205642606161155,0.6013784312034134,0.6109713459097644,0.8393023690972417,-0.07884259259259258,-0.07509259259259254,0.3252325184262035,0.457096981527782,0.19043809459322833,0.7279514134660774,0.019185829412702082,0.003750000000000031,0.014954951869646118,0.32339029827998167,0.11360939882269988,0.11064135703717658,0.0,0.9999999987499999,0.6399205580826081,0.2842145714204916,0.29044856307676237,0.41473060489723806,fearful,06,16,16,female,strong,1903
20,0.6673333333333333,True,1.0,0.5502645502645508,0.5576862152405229,0.5539753827525369,0.4644702448349174,-0.0806944444444444,-0.07828703703703693,0.4044410163745385,0.2506020672390265,0.18727708666033402,1.1927037068853172,0.007421664975972075,0.002407407407407469,0.00943035527769029,0.5372443143148081,0.11117384206906943,0.1127509393850853,0.0,0.9999999987499999,0.6355288774728641,0.2843172679897102,0.2967368212878785,0.41888110100333853,fearful,06,16,16,female,strong,1903
30,1.0010000000000001,True,1.0,0.553855456647524,0.5349863131109203,0.5444208848792221,1.1276186483336619,-0.06874999999999998,-0.06476851851851861,0.3415026821608094,0.42267180377706687,0.2056757761534294,0.48280585434068507,0.01886914353660374,0.003981481481481364,0.011385101918403341,0.25697719137047076,0.11040965694577935,0.11615407141356196,0.0,0.9999999987499999,0.6025333378663966,0.28777254474765734,0.32050380270680556,0.42705940926980096,fearful,06,16,16,female,strong,1903
40,1.3346666666666667,True,1.0,0.5154081795697713,0.4701290328887506,0.4927686062292609,0.4640236495478566,-0.06657407407407401,-0.06481481481481477,0.36186875272059865,0.22469647559015693,0.20286241504005734,1.0619471802987053,0.04527914668102068,0.0017592592592592382,0.019829739849825154,0.568135693782774,0.11493823249110774,0.1118452829269097,0.0,0.9999999987499999,0.6132306704400511,0.28427117233932214,0.32169971866055563,0.4251249243860088,fearful,06,16,16,female,strong,1903
50,1.6683333333333334,True,1.0,0.5247114704055573,0.5077252129809169,0.5162183416932371,0.5019763923760372,-0.06935185185185183,-0.06560185185185186,0.3896628353958998,0.21799547114870166,0.191285176024552,1.028371751208832,0.01698625742464044,0.0037499999999999756,0.018150653373072288,0.48507387763992377,0.10965746955462255,0.1153878871274426,0.0,0.9999999987499999,0.6249423785373525,0.29456261441480946,0.31863356698891154,0.4354952975001648,fearful,06,16,16,female,strong,1903
60,2.0020000000000002,True,1.0,0.5479076927335425,0.5531689346790062,0.5505383137062743,0.5749797346319009,-0.07009259259259254,-0.06666666666666665,0.33757753676192054,0.32350741253069204,0.19590967732862752,0.9574916828307455,0.005261241945463735,0.003425925925925888,0.014739650070642553,0.46317588398977466,0.10787514267679385,0.11525161731761656,0.0,0.9999999987499999,0.6303639594587835,0.29164290286787764,0.30268604054162407,0.4260084724719942,fearful,06,16,16,female,strong,1903
70,2.3356666666666666,True,1.0,0.7109284575937234,0.6880162231232462,0.6994723403584848,1.023270339217988,-0.07689814814814822,-0.07282407407407404,0.3272732355661366,0.47441829864582685,0.19453270740597647,0.6835655384021404,0.02291223447047719,0.004074074074074174,0.01563586766364948,0.2462032685166277,0.11439929496205002,0.10947693275429646,0.0,0.9999999987499999,0.6288333755767933,0.28834439836424913,0.31431669694136893,0.4227031511908119,fearful,06,16,16,female,strong,1903
80,2.6693333333333333,True,1.0,0.6839374295897351,0.6790084165626518,0.6814729230761934,0.7525751752855646,-0.07625000000000004,-0.07106481481481486,0.3398539705838684,0.3906687703184889,0.18805622250344609,0.9055213956766626,0.004929013027083373,0.005185185185185182,0.009982063865915127,0.35084650911367776,0.11420533628682487,0.10985282246862794,0.0,0.9999999987499999,0.6259147600602741,0.28492526798369894,0.30995610175783306,0.43591952013512836,fearful,06,16,16,female,strong,1903
90,3.003,True,1.0,0.29147661592702306,0.281112771399491,0.286294693663257,0.5155394811468893,-0.0849537037037037,-0.08023148148148146,0.3460474778849243,0.30040151413452054,0.1859791200647089,0.5553302979363571,0.010363844527532085,0.004722222222222239,0.00829078338274694,0.4909521050102479,0.11216758512365173,0.1124421901717823,0.0,0.9999999987499999,0.6242776033303946,0.28538123213368266,0.2926554679756489,0.4246044705997284,fearful,06,16,16,female,strong,1903
100,3.336666666666667,True,1.0,0.6059376603713726,0.617095499378072,0.6115165798747223,0.3290432740214716,-0.06990740740740742,-0.06814814814814818,0.33553727099362307,0.2236906003349095,0.1892052886468267,1.8584685606879112,0.01115783900669931,0.0017592592592592382,0.006707823863067023,0.6898094357147598,0.12367835978116705,0.10321071460765951,0.0,0.9999999987499999,0.6093959073238671,0.2563728975924847,0.30757746525690055,0.3802281732012448,fearful,06,16,16,female,strong,1903
0,0.0,True,1.0,0.4328938114496258,0.4091710758377435,0.42103244364368464,0.3791589954013267,-0.06300925925925926,-0.06560185185185197,0.32077958048190347,0.1967150454473226,0.19932011555925744,1.1104377022574299,0.023722735611882317,0.002592592592592702,0.008206205709745042,0.7004788590194959,0.11689272953737867,0.10769868621426702,0.0,0.9999999987499999,0.6095885918742496,0.2904846116620561,0.2992542200247824,0.4322783553360308,disgust,07,16,16,female,normal,1904
10,0.33366666666666667,True,1.0,0.4779723743968834,0.4738661126344144,0.4759192435156489,0.39009044880680926,-0.05722222222222223,-0.06115740740740738,0.34176446418589707,0.1586162430001853,0.19714793446361945,1.2200228048940158,0.004106261762468977,0.003935185185185153,0.01651977705773368,0.7108090101435646,0.11528918433398394,0.1097612367893788,0.0,0.9999999987499999,0.6103014770830207,0.2907120531527912,0.29968331410480414,0.43794609505363513,disgust,07,16,16,female,normal,1904
20,0.6673333333333333,True,1.0,0.3069104202505312,0.2857142857142859,0.29631235298240854,0.6674131975557851,-0.05546296296296299,-0.05805555555555558,0.3504282171234067,0.25558675054656294,0.18947123596931933,0.44397137195903524,0.021196134536245304,0.002592592592592591,0.018993989063905682,0.43134520120544934,0.11520199756576001,0.10985274180625443,0.0,0.9999999987499999,0.6138970821531737,0.28902019787926614,0.30774910084432355,0.44052282124284564,disgust,07,16,16,female,normal,1904
30,1.0010000000000001,True,1.0,0.21790679768752946,0.21856918150394827,0.21823798959573887,0.7058690434986813,-0.07111111111111124,-0.07162037037037045,0.353795701924179,0.3809523809523816,0.18733411193018146,0.30917631479350544,0.0006623838164188101,0.0005092592592592093,0.007703708035812322,0.4052627823291048,0.11344682462712981,0.11115138894729465,0.0,0.9999999987499999,0.6221240777482868,0.28766057680870943,0.3088664524284104,0.4399532149833324,disgust,07,16,16,female,normal,1904
40,1.3346666666666667,True,1.0,0.3312821554124073,0.3214558996700844,0.32636902754124586,0.5282261807371013,-0.05888888888888888,-0.0597685185185185,0.3093630871831323,0.31195243088115976,0.18966219313384594,0.6178584845715553,0.009826255742322876,0.0008796296296296191,0.008586595216073809,0.4949586048575408,0.11152695267885043,0.11290902604063303,0.0,0.9999999987499999,0.6279416359356244,0.2876563403012268,0.30590624116487214,0.44787437903134464,disgust,07,16,16,female,normal,1904
50,1.6683333333333334,True,1.0,0.2565052596211734,0.2752391383086915,0.2658721989649324,0.8470739724256038,-0.06291666666666668,-0.06115740740740738,0.40002201598173887,0.37431932120631145,0.18264055980567517,0.31387128824606075,0.018733878687518135,0.0017592592592592937,0.02640118359194623,0.3597573049417257,0.11294003310949428,0.11251614080638235,0.0,0.9999999987499999,0.6304089105798569,0.28673334871761375,0.31528671998777685,0.45946237313849403,disgust,07,16,16,female,normal,1904
60,2.0020000000000002,True,1.0,0.23010160693848977,0.249336061693199,0.2397188343158444,0.3172014604180053,-0.055972222222222257,-0.057870370370370405,0.3495325701714375,0.2303909400544203,0.19316973218197211,0.755730550546473,0.019234454754709224,0.0018981481481481488,0.027097888837652944,0.893718621744389,0.11226517127488557,0.1126834171304704,0.0,0.9999999987499999,0.62166428963773,0.2899447983734422,0.32102334034222374,0.447166175113656,disgust,07,16,16,female,normal,1904
70,2.3356666666666666,True,1.0,0.25070004514671085,0.2480501475467224,0.24937509634671662,0.6220050494237872,-0.05361111111111111,-0.055416666666666725,0.34084576232401653,0.23693305631720604,0.19105050873278595,0.400921337499965,0.00264989759998846,0.0018055555555556158,0.028334131229462607,0.482099622308945,0.11044363239129966,0.11022988049377826,0.0,0.9999999987499999,0.6207388278514531,0.292096598455495,0.3079091994910509,0.43990131704173174,disgust,07,16,16,female,normal,1904
80,2.6693333333333333,True,1.0,0.28675508565653635,0.31456231910004867,0.3006587023782925,0.6993937612276555,-0.053379629629629666,-0.05643518518518509,0.32767151750959783,0.3124727070814874,0.1847635195913375,0.4298847359612447,0.027807233443512325,0.0030555555555554226,0.027351301445581056,0.3853079439776954,0.11536837082783888,0.1101978946301108,0.0,0.9999999987499999,0.624630088894933,0.2889440837627375,0.31243177630608865,0.44875145266991157,disgust,07,16,16,female,normal,1904
90,3.003,True,1.0,0.3595443366832424,0.35547826984377895,0.35751130326351066,0.8297970234564435,-0.05527777777777776,-0.0591666666666667,0.33891467779299134,0.4296296296296293,0.1827741836560361,0.43084187235853183,0.004066066839463478,0.0038888888888889417,0.032501159704383775,0.31183262278075813,0.1125844340314129,0.10821862894693521,0.0,0.9999999987499999,0.6237574145595738,0.29107657468767006,0.3112754234778595,0.4501456822140156,disgust,07,16,16,female,normal,1904
100,3.336666666666667,True,1.0,0.41283143738639594,0.42041532418171285,0.41662338078405436,0.4065459751418263,-0.05259259259259247,-0.0593981481481482,0.3430429191686482,0.29033140226734555,0.1792756451513826,1.0247878622798134,0.007583886795316908,0.006805555555555731,0.04995802511171616,0.6236652455615135,0.11063652386564478,0.10916713030422467,0.0,0.9999999987499999,0.6220436305928622,0.2967510708196622,0.31727266362821627,0.45422579295439874,disgust,07,16,16,female,normal,1904
110,3.6703333333333332,True,1.0,0.3680471146402305,0.37355701224353616,0.3708020634418833,0.4433080177886964,-0.061342592592592615,-0.06537037037037025,0.3386825895265231,0.3176482477158407,0.18355334403178752,0.836443395027037,0.005509897603305669,0.00402777777777763,0.037363854516587726,0.6008196090361774,0.12316172519936576,0.1043757135356269,0.0,0.9999999987499999,0.6123439466489721,0.25834562444059855,0.29337228468420395,0.37380725322039693,disgust,07,16,16,female,normal,1904
0,0.0,True,1.0,0.19323184374124233,0.18812183813017,0.19067684093570617,0.3524047633119402,-0.07453703703703696,-0.07412037037037034,0.3340095332728157,0.16044915866728252,0.1983110106485378,0.5410733928330124,0.005110005611072332,0.0004166666666666208,0.008252164205203224,0.8338148826920646,0.1109254930202876,0.11231881721542274,0.0,0.9999999987499999,0.6362677606120574,0.28281677063342,0.2848464068879136,0.4157547424729942,disgust,07,16,16,female,normal,1905
10,0.33366666666666667,True,1.0,0.5890649446122229,0.5858804236838359,0.5874726841480293,0.3467467415166034,-0.06138888888888888,-0.06041666666666662,0.3218740414851933,0.18072310813907436,0.19958442085386888,1.6942413981412978,0.003184520928387058,0.0009722222222222632,0.009705232567743857,0.790292169510698,0.11225889574105975,0.11167066678165041,0.0,0.9999999987499999,0.6356792973986469,0.2834155552324152,0.2795849704522667,0.41604947105377454,disgust,07,16,16,female,normal,1905
20,0.6673333333333333,True,1.0,0.26706978580430474,0.3041710592811218,0.28562042254271325,0.432470802510792,-0.07226851851851845,-0.07263888888888886,0.3178101915984941,0.21618849043994967,0.19826329979602114,0.6604386258783003,0.037101273476817076,0.00037037037037040976,0.013003450099303168,0.6467541161004773,0.11072405019005326,0.11285554619393609,0.0,0.9999999987499999,0.6399434729829432,0.2865304718688429,0.29645505759551066,0.421462040605769,disgust,07,16,16,female,normal,1905
30,1.0010000000000001,True,1.0,0.1507964534382975,0.21040416507663665,0.18060030925746706,0.7143533640057292,-0.06768518518518507,-0.07180555555555562,0.3724011512803133,0.2746870168355722,0.18664163411538795,0.2528164888098975,0.05960771163833914,0.004120370370370552,0.028681939125716115,0.4109615269350967,0.10622422080983018,0.11496631329271687,0.0,0.9999999987499999,0.6409575265887605,0.285813798572874,0.29456606744161123,0.4253593186864568,disgust,07,16,16,female,normal,1905
40,1.3346666666666667,True,1.0,0.2760400349003865,0.3005365833883313,0.2882883091443589,0.5793065773725001,-0.06078703703703703,-0.058287037037037026,0.3395147713886692,0.3428602527148086,0.1762563239004263,0.49764376999121573,0.024496548487944803,0.0025000000000000022,0.018728020727821044,0.47420687259458366,0.10566609442920351,0.11348245413596963,0.0,0.9999999987499999,0.6555939940038517,0.28673392738797016,0.2958959117609566,0.4363845952042035,disgust,07,16,16,female,normal,1905
50,1.6683333333333334,True,1.0,0.16875701122777487,0.18119680065229132,0.1749769059400331,1.1134707125687968,-0.06435185185185183,-0.05967592592592591,0.367489085745032,0.5426270354227369,0.17089102304242398,0.1571454946815424,0.012439789424516456,0.004675925925925917,0.013575106283486108,0.2520791766921509,0.10810588024636009,0.11133199680465852,0.0,0.9999999987499999,0.6510959983602816,0.29026700802208616,0.31351623269055584,0.4553150154563001,disgust,07,16,16,female,normal,1905
60,2.0020000000000002,True,1.0,0.2859652034626081,0.28938040693298694,0.28767280519779753,0.317253071577735,-0.05981481481481482,-0.05435185185185187,0.3826107325393943,0.12253500440413123,0.18837314081237455,0.9067612923877095,0.0034152034703788248,0.005462962962962947,0.006040087795636843,0.8446974200859027,0.10197851105590104,0.10939561462614376,0.0,0.9999999987499999,0.637926414175045,0.298520851776334,0.31305319330246567,0.4304306589183025,disgust,07,16,16,female,normal,1905
70,2.3356666666666666,True,1.0,0.20582947265170864,0.2570943710357013,0.23146192184370498,0.6250027211318753,-0.057361111111111085,-0.05537037037037046,0.332438970264013,0.32762201926081735,0.1865569990429278,0.37033746257060957,0.051264898383992674,0.0019907407407406263,0.028317872822774287,0.4806210668027792,0.10905663578893728,0.11346460286079352,0.0,0.9999999987499999,0.631486184817677,0.2875548064178644,0.2910810907810568,0.4226487472076174,disgust,07,16,16,female,normal,1905
80,2.6693333333333333,True,1.0,0.3632820449003287,0.4357887705901219,0.39953540774522533,0.6968131395877567,-0.05884259259259256,-0.05546296296296305,0.3372347736720916,0.37831352793319833,0.18075645290469142,0.5733752494701743,0.07250672568979316,0.0033796296296295103,0.01916514635882665,0.4043817731619167,0.10487993197740086,0.10715189652139175,0.0,0.9999999987499999,0.6480455004501801,0.2934146057528058,0.2952927303639286,0.4137682998034303,disgust,07,16,16,female,normal,1905
90,3.003,True,1.0,0.46650474137357817,0.4719316273150155,0.46921818434429685,0.5928467388701915,-0.05912037037037032,-0.056944444444444464,0.3403433017527499,0.31919196883211015,0.18901359580270605,0.7914662484919832,0.005426885941437309,0.002175925925925859,0.0036544266871641135,0.4820873355606722,0.10950895262839393,0.10802935123433535,0.0,0.9999999987499999,0.621636276307398,0.2931066169895046,0.28740438762760834,0.40901224431208777,disgust,07,16,16,female,normal,1905
100,3.336666666666667,True,1.0,0.15523391163296385,0.16555774973592455,0.16039583068444419,0.6225178320690354,-0.07935185185185184,-0.07291666666666663,0.33725497648041464,0.32641155982735187,0.18811787842105976,0.25765660423147,0.010323838102960697,0.00643518518518521,0.007475488530750844,0.4689629596882137,0.11310849162705924,0.11063798022036483,0.0,0.9999999987499999,0.6255267547331432,0.2855895237977833,0.2912326864361577,0.4130283153540147,disgust,07,16,16,female,normal,1905
110,3.6703333333333332,True,1.0,0.5244887760086814,0.5404049640230827,0.532446870015882,0.5198339884512195,-0.06495370370370374,-0.06092592592592577,0.3294377130683244,0.3285387534615773,0.19296342464193014,1.0242632875973365,0.01591618801440131,0.004027777777777963,0.004161182521194365,0.5629603211857782,0.11656422649114566,0.10681278341542916,0.0,0.9630850295819692,0.617722979144783,0.28694931235018145,0.2988150222314177,0.41786872555297117,disgust,07,16,16,female,normal,1905
0,0.0,True,1.0,0.5791861957339796,0.6280614379346929,0.6036238168343362,0.4092264212212217,-0.06222222222222212,-0.060324074074074086,0.33536088106907047,0.23587146695491853,0.1900210738067449,1.4750362770639047,0.048875242200713376,0.0018981481481480378,0.02583098264869659,0.6495692779501013,0.10856555734009787,0.10880242297704198,0.0,0.9999999987499999,0.6337004955888605,0.29261157346334893,0.2859538466715952,0.4074969809296989,disgust,07,16,16,female,normal,1906
10,0.33366666666666667,True,1.0,0.5215997258610162,0.5754860986820398,0.548542912271528,0.4915065439596448,-0.058148148148148227,-0.0598611111111112,0.33664070496733306,0.2457532719798224,0.188719110918855,1.1160439652591199,0.0538863728210236,0.0017129629629629717,0.029208043128660873,0.5453097955776741,0.10961595730628627,0.1070344505299849,0.0,0.9999999987499999,0.6314117112391832,0.2926942821746566,0.29372700207309754,0.4141226224315311,disgust,07,16,16,female,normal,1906
20,0.6673333333333333,True,1.0,0.39030559010052235,0.43887867507131034,0.4145921325859163,0.7485844749607381,-0.05754629629629632,-0.05675925925925929,0.3680039522943199,0.3009016026802969,0.18399796666298004,0.553834799482932,0.048573084970787994,0.0007870370370370305,0.02778161165552639,0.3534854191631367,0.10780489298604819,0.10955616155329637,0.0,0.9999999987499999,0.6343884066673544,0.29192849522625586,0.30159785238726905,0.43053218196972914,disgust,07,16,16,female,normal,1906
30,1.0010000000000001,True,1.0,0.3601136084435401,0.388635357178768,0.37437448281115404,0.7519790898347293,-0.05513888888888896,-0.05361111111111111,0.35912460491377524,0.330849863596754,0.1840659559782134,0.497852251308523,0.028521748735227892,0.00152777777777785,0.02565789002512633,0.3829982830769446,0.10742574113054984,0.10923251273546719,0.0,0.9844905070606855,0.6350371048106743,0.29018749569920477,0.2969867154917725,0.427333364772976,disgust,07,16,16,female,normal,1906
40,1.3346666666666667,True,1.0,0.39846671430904707,0.42690645332518706,0.4126865838171171,0.5702423449234417,-0.062453703703703733,-0.05726851851851855,0.35713431203020274,0.39012307581383554,0.1732825939110767,0.7237038558974827,0.028439739016139998,0.005185185185185182,0.0031838016944808205,0.4618394198252529,0.10513410195815928,0.10884527131595192,0.0,0.9999999987499999,0.6551931699554824,0.29445454169763036,0.2992499361464929,0.4312464411253649,disgust,07,16,16,female,normal,1906
50,1.6683333333333334,True,1.0,0.42853483828067,0.44361656426173096,0.4360757012712005,0.7618261411425362,-0.058611111111111114,-0.05657407407407411,0.37117997993740587,0.4020530956404485,0.17933578723571575,0.5724084246009242,0.015081725981060945,0.002037037037037004,0.013389985871422925,0.3664398708410767,0.10264438081635795,0.11016342353038522,0.0,0.9999999987499999,0.6486897068514906,0.2962236038319547,0.30034680296535116,0.4312997942701084,disgust,07,16,16,female,normal,1906
60,2.0020000000000002,True,1.0,0.4592041715169985,0.4628984326654008,0.46105130209119966,0.5907903077298675,-0.06194444444444447,-0.055509259259259314,0.3574270991360266,0.29513263427931485,0.18522748054414512,0.7803975387863173,0.0036942611484023224,0.006435185185185155,0.008075068648900074,0.46432239942551495,0.10216722425652856,0.11008812489192307,0.0,0.9999999987499999,0.6484371706338785,0.2892602637486938,0.28822588138821775,0.4095791208779054,disgust,07,16,16,female,normal,1906
70,2.3356666666666666,True,1.0,0.3917192202290353,0.40979382096423966,0.40075652059663747,0.8255676517730822,-0.05763888888888885,-0.053796296296296287,0.29589077896730837,0.35891562390378395,0.18706063994881547,0.4854314721948317,0.018074600735204338,0.003842592592592564,0.0001428937994768424,0.33013836154623266,0.11170085003929145,0.10999984670520188,0.0,0.9999999987499999,0.6299709392897783,0.2915014639759278,0.32765649027214544,0.4347891965049883,disgust,07,16,16,female,normal,1906
80,2.6693333333333333,True,1.0,0.37408710178631005,0.40003453943565803,0.387060820610984,0.5401010769789467,-0.05337962962962961,-0.05046296296296304,0.3447298166765684,0.2468714692178956,0.18848974903696677,0.7166451560807974,0.025947437649347982,0.0029166666666665675,0.013349210415186788,0.5333577870218915,0.12007118765369233,0.1068521704977078,0.0,0.9999999987499999,0.5963509079647484,0.2601974166353151,0.3058834340728223,0.37523084036752713,disgust,07,16,16,female,normal,1906
90,3.003,True,1.0,0.4669802917537684,0.47845904849995274,0.47271967012686056,0.4439754355345458,-0.05546296296296299,-0.052314814814814814,0.33963186120345246,0.25260671332137885,0.191285176024552,1.064742849022056,0.011478756746184371,0.0031481481481481777,0.005014828653276937,0.6410143624766202,0.11377291384109982,0.11030061430719823,0.0,0.9999999987499999,0.6243104617003051,0.2786266731603594,0.29658865719985295,0.415148118295542,disgust,07,16,16,female,normal,1906
100,3.336666666666667,True,1.0,0.3262086237738657,0.3477399665650839,0.3369742951694748,0.41713854469439154,-0.057268518518518496,-0.054861111111111194,0.34705207762729817,0.23091598009868158,0.19343496192197215,0.8078234424880407,0.021531342791218155,0.0024074074074073026,0.01583989244993216,0.7031250000000004,0.11572735926940722,0.10718701447563533,0.0,0.9999999987499999,0.62230941013124,0.28004445926490806,0.2999256592807236,0.4139682677146632,disgust,07,16,16,female,normal,1906
0,0.0,True,1.0,0.4820492872246342,0.44572514569563465,0.4638872164601344,0.21893859339480803,-0.054768518518518605,-0.05949074074074073,0.3670049380097266,0.16410256410256352,0.19812048338974217,2.118800569909641,0.03632414152899954,0.004722222222222128,0.03608456734328269,1.2297090478939463,0.11279757513531788,0.10904979214199229,0.0,0.9999999987499999,0.6213683076902636,0.285698853423618,0.2947385124283021,0.42551437027380284,disgust,07,16,16,female,normal,1907
10,0.33366666666666667,True,1.0,0.36197894869245945,0.35210298219003217,0.3570409654412458,0.29155420602370946,-0.05648148148148152,-0.0622685185185185,0.3555366720737633,0.19436947068247334,0.1925708079176121,1.2246126382831566,0.00987596650242728,0.0057870370370369795,0.034024576894933184,0.8839285714285704,0.11476565922129289,0.10715454975846078,0.0,0.9999999987499999,0.6259208814228817,0.283941811370992,0.29993650102012304,0.4262453866600097,disgust,07,16,16,female,normal,1907
20,0.6673333333333333,True,1.0,0.33145009416195786,0.33054081457311335,0.33099545436753564,0.5694096664345096,-0.05314814814814811,-0.05847222222222215,0.3321018058975587,0.3221307051136822,0.18976072179864673,0.5812958119241991,0.0009092795888445138,0.005324074074074037,0.03528357693077814,0.4912602129663768,0.12271276757758878,0.1061668707095918,0.0,0.9999999987499999,0.6053337556272509,0.2586727547659215,0.3063074025981696,0.3818745324544411,disgust,07,16,16,female,normal,1907
30,1.0010000000000001,True,1.0,0.29577741659634416,0.3008800647869539,0.29832874069164905,1.0333797596121987,-0.05046296296296299,-0.05537037037037029,0.32602869276609225,0.4558404558404556,0.1861701327690947,0.2886922623717773,0.005102648190609738,0.004907407407407305,0.039080993572624685,0.27294059074384214,0.10982747921507913,0.11288753106050599,0.0,0.9999999987499999,0.630159338133691,0.28813555356137843,0.3063608361010325,0.44805981489156,disgust,07,16,16,female,normal,1907
40,1.3346666666666667,True,1.0,0.24571027571519505,0.23870715602289608,0.24220871586904558,0.7088841091568245,-0.05143518518518514,-0.05643518518518509,0.3249073895156603,0.28433043461576274,0.1868202578696493,0.3416760408935368,0.00700311969229897,0.004999999999999949,0.05261386853096501,0.40478009117607383,0.11299525513338363,0.11075362686026143,0.0,0.9999999987499999,0.6289899274944354,0.2882402204312652,0.3172197788512711,0.44159514093911484,disgust,07,16,16,female,normal,1907
50,1.6683333333333334,True,1.0,0.32040612774781885,0.2520325383542383,0.28621933305102853,0.7446265239818216,-0.057083333333333264,-0.05972222222222223,0.3937926223260074,0.2742379003188395,0.1972469785909827,0.3843797176610055,0.06837358939358057,0.0026388888888889683,0.05443918463057546,0.3715484511895918,0.11402409066343501,0.11038666624248729,0.0,0.9999999987499999,0.618495510782438,0.2938231822845256,0.3339921570065345,0.4539950313920473,disgust,07,16,16,female,normal,1907
60,2.0020000000000002,True,1.0,0.3113453010095437,0.24860871294975387,0.2799770069796488,0.6108995653567203,-0.05125000000000002,-0.05523148148148149,0.3639496209372846,0.1896875202128206,0.20000953651580117,0.45830284200016225,0.06273658805978985,0.003981481481481475,0.05582269932736034,0.46372572990639715,0.11371476213380304,0.11053306410821198,0.0,0.9999999987499999,0.6184611136876625,0.281062214222295,0.31418898661212413,0.4284799812562563,disgust,07,16,16,female,normal,1907
70,2.3356666666666666,True,1.0,0.31528260209472553,0.3279937392490997,0.3216381706719126,0.7543576507472332,-0.0555092592592592,-0.05856481481481479,0.2726842510669716,0.2603396216994932,0.20353558059849144,0.4263735780412807,0.012711137154374164,0.003055555555555589,0.03861549256959843,0.37562037281213756,0.11737305833809167,0.11032838919682333,0.0,0.9999999987499999,0.6158876273868923,0.2761644137615111,0.3186381974217361,0.42253466656087674,disgust,07,16,16,female,normal,1907
80,2.6693333333333333,True,1.0,0.4078414052390225,0.3672767877844427,0.3875590965117326,0.5945664215166117,-0.055787037037037135,-0.05694444444444441,0.33341009546763073,0.24516170467338272,0.2013892677274334,0.6518348202765173,0.04056461745457979,0.0011574074074072738,0.022375481094512536,0.46656383720767264,0.11729172074873893,0.11041485647451706,0.0,0.9999999987499999,0.6242193630030136,0.2764460718405434,0.3013774972240799,0.42352980437942783,disgust,07,16,16,female,normal,1907
90,3.003,True,1.0,0.5186563484507651,0.47289478742620195,0.49577556793848354,0.5525433560789303,-0.0593055555555555,-0.05995370370370362,0.34511430068790544,0.2619949192807362,0.19937023807184528,0.8972609343395352,0.04576156102456319,0.0006481481481481199,0.028485801465528756,0.5071948343079581,0.11456864812452586,0.11154269889858764,0.0,0.9999999987499999,0.6263736738289065,0.29024479252503765,0.3102251104668225,0.437662454282192,disgust,07,16,16,female,normal,1907
100,3.336666666666667,True,1.0,0.5390612736692458,0.5094345975854307,0.5242479356273383,0.528389379125942,-0.059166666666666645,-0.05861111111111106,0.3444450726815056,0.2640726516738134,0.19864952113169723,0.9921621371242275,0.029626676083815084,0.0005555555555555869,0.025326615811598403,0.5229708627874295,0.11671384299276322,0.10981775588439519,0.0,0.9999999987499999,0.6260096358465261,0.28794459852574233,0.31323355130753444,0.4306174708897026,disgust,07,16,16,female,normal,1907
0,0.0,True,1.0,0.6102716354329636,0.6528735542070665,0.631572594820015,0.38418733700131796,-0.06842592592592595,-0.061574074074074,0.32996819247048803,0.14407025137549503,0.20487935877564548,1.643918302330325,0.04260191877410291,0.006851851851851942,0.030514725865462666,0.6796874999999998,0.10916544251086413,0.10872748268152412,0.0,0.9999999987499999,0.6284872269063876,0.29250907484514044,0.28325002195132326,0.40260105388378,disgust,07,16,16,female,strong,1908
10,0.33366666666666667,True,1.0,0.6496458513650174,0.7182777540668108,0.6839618027159141,0.4925089397788444,-0.06930555555555551,-0.06314814814814818,0.3210626386268603,0.22147335415640448,0.20352620930066811,1.3887297213793508,0.06863190270179342,0.006157407407407334,0.03779601171633486,0.488295060407406,0.11198700524878934,0.10760441189839808,0.0,0.9999999987499999,0.628909920077406,0.290357529991317,0.29384347600500926,0.40270351590362174,disgust,07,16,16,female,strong,1908
20,0.6673333333333333,True,1.0,0.5546357327597446,0.6128601994746596,0.5837479661172021,0.7526059019097704,-0.06810185185185197,-0.06541666666666651,0.31234275270377687,0.325900156117073,0.1972690246162261,0.7756356476024386,0.05822446671491499,0.002685185185185457,0.025968694296019813,0.3897664994086386,0.1090425893511068,0.11058712633929334,0.0,0.9999999987499999,0.6372951723267433,0.2865620045575562,0.2831812986528988,0.4118158585852521,disgust,07,16,16,female,strong,1908
30,1.0010000000000001,True,1.0,0.2100272703137472,0.24880702384593276,0.22941714707983998,1.0158844852539206,-0.09680555555555553,-0.09546296296296297,0.3273095650221661,0.4591095195458902,0.1799327836822381,0.22582995449772728,0.038779753532185546,0.001342592592592562,0.017852891715944123,0.28718650735688817,0.10550368481157774,0.112114351765188,0.0,0.9999999987499999,0.6586450373743247,0.2889184983701714,0.2907973771022098,0.4206480072286688,disgust,07,16,16,female,strong,1908
40,1.3346666666666667,True,1.0,0.3056370978069893,0.3176138681853939,0.3116254829961916,0.5410680251821581,-0.09314814814814815,-0.09175925925925921,0.33705932154912305,0.3786987135852366,0.17448054864018764,0.5759451094735796,0.011976770378404611,0.0013888888888889395,0.005270282299346531,0.4989684303504959,0.10663216169149368,0.1106979203912971,0.0,0.9999999987499999,0.6639664904477415,0.28785466856961106,0.28776557825480276,0.4254980772923169,disgust,07,16,16,female,strong,1908
50,1.6683333333333334,True,1.0,0.11369626789352194,0.12224889851598987,0.1179725832047559,0.5771662269549265,-0.09009259259259256,-0.08453703703703702,0.3969878202765058,0.2688191386337927,0.16791861623525042,0.20439966459431957,0.00855263062246793,0.005555555555555536,0.0018457074633158029,0.43688655654519043,0.0981733161444668,0.1133284123953575,0.0,0.9999999987499999,0.6821643072072578,0.2913582047379455,0.2858705207089166,0.4366130983683115,disgust,07,16,16,female,strong,1908
60,2.0020000000000002,True,1.0,0.05334910333692769,0.08919309271481304,0.07127109802587037,0.87240856146258,-0.08259259259259255,-0.07467592592592587,0.4218209116851476,0.31943346075365464,0.1609982208301075,0.08169463388390576,0.035843989377885355,0.007916666666666683,0.006811696919462996,0.3171744296864653,0.09840203235751915,0.11160391372606399,0.0,0.9999999987499999,0.6746178703356344,0.29270110559477225,0.30681760396462426,0.47360258323974297,disgust,07,16,16,female,strong,1908
70,2.3356666666666666,True,1.0,0.11313131313131337,0.0987119523272232,0.10592163272926829,0.5505019775895154,-0.0698611111111111,-0.06449074074074063,0.46480575666449075,0.19659489582704034,0.165028211448836,0.1924091775166143,0.014419360804090176,0.00537037037037047,0.008549095559660453,0.4596066817486119,0.10802119336238586,0.11209608570871342,0.0,0.9999999987499999,0.6553410566023284,0.28806449750759056,0.3138574481009874,0.4520112207883951,disgust,07,16,16,female,strong,1908
80,2.6693333333333333,True,1.0,0.18084633845346312,0.19395972574004136,0.18740303209675224,0.6812518624057263,-0.07069444444444445,-0.06842592592592589,0.37413092870053083,0.3541558588524873,0.1640565808106962,0.27508626755891713,0.013113387286578237,0.0022685185185185586,0.010330790070777904,0.40188022455312955,0.1147067408392854,0.11208268469109878,0.0,0.9999999987499999,0.6179662422312675,0.267114252259843,0.27960161517180593,0.3597655045289528,disgust,07,16,16,female,strong,1908
90,3.003,True,1.0,0.4042077556734597,0.4261105383635464,0.41515914701850304,0.867610422996662,-0.06976851851851851,-0.06875000000000014,0.3065312164366012,0.4333666496751729,0.17479535336353935,0.47850871314405624,0.02190278269008672,0.0010185185185183632,0.011894940805696844,0.2837930092409073,0.10197182281074355,0.1097495898136905,0.0,0.9999999987499999,0.6523713403330081,0.2901767540553276,0.2812896663314254,0.41643895851156054,disgust,07,16,16,female,strong,1908
100,3.336666666666667,True,1.0,0.44904524367125814,0.4491536185564498,0.449099431113854,0.6276855763487293,-0.06824074074074066,-0.06444444444444442,0.36115988869110394,0.3208944469820733,0.174935405994256,0.7154847076880152,0.00010837488519166438,0.003796296296296242,0.019492305089326794,0.44985986262763855,0.10473136612679423,0.10676309365310051,0.0,0.9999999987499999,0.6460422568714986,0.292767132535861,0.2917522007227019,0.4206120012019089,disgust,07,16,16,female,strong,1908
110,3.6703333333333332,True,1.0,0.5167490639229598,0.501967273129734,0.5093581685263469,0.6422600698538444,-0.07074074074074083,-0.0660648148148148,0.36347904929395913,0.357155421423878,0.1763618882440307,0.7930715179635233,0.014781790793225835,0.004675925925926028,0.019625416134728246,0.4394000628544569,0.10302307477468882,0.10823658962271013,0.0,0.9999999987499999,0.6470664603028712,0.2924608903504977,0.2876238456108203,0.4227898829236981,disgust,07,16,16,female,strong,1908
120,4.0040000000000004,True,1.0,0.5355354644632574,0.5494070732110269,0.5424712688371421,0.5950140191830534,-0.07032407407407404,-0.06611111111111118,0.34605103534580334,0.35669113582326156,0.17695616433937658,0.9116949371746706,0.013871608747769493,0.004212962962962863,0.025689882933321435,0.46966627246644466,0.10355292363376462,0.1084348701586293,0.0,0.9999999987499999,0.6478954334390006,0.29191522136982323,0.28631113880735537,0.42050866883376803,disgust,07,16,16,female,strong,1908
0,0.0,True,1.0,0.489035328029562,0.4901912415090481,0.48961328476930505,0.4676910668827736,-0.07550925925925928,-0.07476851851851851,0.33216194070980115,0.46760887723288747,0.16413496548686748,1.0468732876012494,0.0011559134794860704,0.000740740740740764,0.00104926822050363,0.5446750180213235,0.10257903850599163,0.11125652044306936,0.0,0.9999999987499999,0.6712306726362421,0.28413006934895507,0.26732463244748444,0.42439928563741924,disgust,07,16,16,female,strong,1909
10,0.33366666666666667,True,1.0,0.548030966878955,0.5455436901050368,0.546787328491996,0.487166639331417,-0.07462962962962966,-0.07379629629629636,0.32832395668511155,0.5107392186539048,0.15586179228995847,1.1223825367894686,0.0024872767739182455,0.0008333333333332971,0.0013790444132228256,0.5453097955776741,0.11735806939420895,0.10521814176418749,0.0,0.9999999987499999,0.6326914010291617,0.2673250299259933,0.26718789294236933,0.36062089380891643,disgust,07,16,16,female,strong,1909
20,0.6673333333333333,True,1.0,0.4880327373839671,0.4910746671665602,0.4895537022752636,0.6081871345029244,-0.07393518518518521,-0.07356481481481475,0.33172052471235164,0.4990253411306038,0.15801787302825415,0.8049392604718272,0.0030419297825931,0.0003703703703704653,5.8689552339314904e-05,0.4334513759719978,0.11659822385383077,0.10605954932059036,0.0,0.9999999987499999,0.6275247309392508,0.26894897971824466,0.27514017338155405,0.36339856036912593,disgust,07,16,16,female,strong,1909
30,1.0010000000000001,True,1.0,0.33529868171203564,0.34424070774989723,0.3397696947309664,0.8279533060514933,-0.08546296296296291,-0.08333333333333331,0.33704024713080144,0.5493450135076862,0.16630699059765452,0.41037301529880593,0.008942026037861595,0.0021296296296295925,0.009800820741606644,0.3374294190993809,0.0974132731210715,0.11263725714957772,0.0,0.9999999987499999,0.6722770092490121,0.29714467308270726,0.2803820458756382,0.42836786205043376,disgust,07,16,16,female,strong,1909
40,1.3346666666666667,True,1.0,0.23277354680529858,0.2635568163194656,0.2481651815623821,0.5059370521763186,-0.08643518518518523,-0.0861574074074074,0.35342476765286174,0.4336043360433599,0.17180554700306774,0.49050604318241703,0.030783269514167017,0.0002777777777778212,0.010601206975233325,0.5150122464652046,0.10712554803717726,0.11362501218519883,0.0,0.9999999987499999,0.6539839163321579,0.28579305983558045,0.28781540061182836,0.43405926351034535,disgust,07,16,16,female,strong,1909
50,1.6683333333333334,True,1.0,0.14621359789783786,0.12929292929293013,0.13775326359538398,0.9179103433206295,-0.06185185185185188,-0.060833333333333295,0.37744414395650655,0.42464492791190683,0.1512119888977714,0.15007267822808076,0.016920668604907735,0.0010185185185185852,0.010903834568576812,0.294180628900401,0.12153050679618688,0.1050081349967825,0.0,0.7071067807446058,0.6103416521608644,0.268413621331458,0.308435126008609,0.3903783683346943,disgust,07,16,16,female,strong,1909
60,2.0020000000000002,True,1.0,0.2713278680658145,0.2448860676015707,0.2581069678336926,1.290012217188862,-0.05800925925925926,-0.055555555555555525,0.36045164140198416,0.5327415220604733,0.17049008891602963,0.20008102589613297,0.026441800464243798,0.0024537037037037357,0.014983895594199213,0.23331253064138735,0.10129333116749753,0.11723970326353335,0.0,0.9999999987499999,0.6418527069734145,0.2967294376498378,0.29622513372025067,0.4525059098839272,disgust,07,16,16,female,strong,1909
70,2.3356666666666666,True,1.0,0.31066502036835725,0.3026469253202174,0.30665597284428736,0.3636535202622219,-0.058240740740740704,-0.056481481481481466,0.3609433398011487,0.23064598133257794,0.18359324209445113,0.8432641395116016,0.008018095048139828,0.0017592592592592382,0.020152638961918046,0.7527153004970382,0.1086932567071954,0.11431383862345024,0.0,0.9999999987499999,0.6313309381955907,0.2869060203575013,0.29175857448867876,0.42471856042408485,disgust,07,16,16,female,strong,1909
80,2.6693333333333333,True,1.0,0.2663485577456164,0.27604000265739176,0.27119428020150405,0.6740115949050937,-0.06115740740740744,-0.06305555555555559,0.33696182886974174,0.4256784682875785,0.16393543451705936,0.4023584790699193,0.009691444911775371,0.0018981481481481488,0.05726755601664791,0.3964509859759696,0.1079460539428991,0.11351912466559258,0.0,0.9999999987499999,0.653525374712385,0.28754383965854324,0.3006977630786728,0.44140668559567653,disgust,07,16,16,female,strong,1909
90,3.003,True,1.0,0.33693299845515856,0.3554782698437795,0.34620563414946903,0.8434574681364042,-0.06180555555555556,-0.06203703703703706,0.2820333543662691,0.483294952680769,0.1743335662531196,0.41046009695592683,0.018545271388620943,0.00023148148148149916,0.030945239385072924,0.30514915331749043,0.12129527113716075,0.10971065757445503,0.0,0.9999999987499999,0.5905691282294168,0.2654930861357678,0.296138757662252,0.38373620979924694,disgust,07,16,16,female,strong,1909
100,3.336666666666667,True,1.0,0.4413130051977367,0.4027156055350974,0.42201430536641704,0.6520612114896976,-0.06013888888888891,-0.05935185185185193,0.3515869579871897,0.3398577172492281,0.1771354568662358,0.6472004436551042,0.03859739966263931,0.000787037037036975,0.021610738019537744,0.4089595608017242,0.12385166885923204,0.10681636254216267,0.0,0.9999999987499999,0.584256932546456,0.2678066810835889,0.31818312361643253,0.3949822781923435,disgust,07,16,16,female,strong,1909
110,3.6703333333333332,True,1.0,0.2984267188520603,0.29032942684130014,0.2943780728466802,0.5791587387600234,-0.07245370370370369,-0.06976851851851856,0.33495559722589247,0.31133700848632234,0.1869529347588194,0.5082856445832838,0.008097292010760149,0.002685185185185124,0.02871448559549847,0.4813370997671362,0.11263209540262512,0.10887126945415439,0.0,0.9999999987499999,0.6239989314241321,0.28971006403332794,0.29450727118392533,0.4224996246779632,disgust,07,16,16,female,strong,1909
120,4.0040000000000004,True,1.0,0.26081664124969633,0.28625235404896326,0.2735344976493298,0.4618319601973622,-0.08481481481481473,-0.0840277777777777,0.33553981727278936,0.26071159043399533,0.18767935757500243,0.5922814383232287,0.02543571279926693,0.0007870370370370305,0.00884000384641093,0.5634242031776138,0.1083818287642346,0.11208790182510803,0.0,0.9999999987499999,0.6323294965955132,0.2854098035081831,0.27301072903024737,0.4148934268732187,disgust,07,16,16,female,strong,1909
0,0.0,True,1.0,0.4328938114496253,0.45962273261801323,0.4462582720338193,0.5502559729820927,-0.07004629629629627,-0.07287037037037042,0.31817591359917363,0.44783429475147957,0.17108511767219317,0.8110012320544899,0.02672892116838793,0.0028240740740741455,0.02354397662601526,0.45337946179718486,0.11833125285776219,0.10393933066054145,0.0,0.9999999987499999,0.6368574761076307,0.2568099418673635,0.2614527901718731,0.35293820391520003,disgust,07,16,16,female,strong,1910
10,0.33366666666666667,True,1.0,0.3067485523325561,0.3489599621833809,0.32785425725796846,0.5610881935911366,-0.07236111111111115,-0.07361111111111113,0.3305488942275467,0.4090175582375425,0.16954565031006405,0.5843185812904039,0.04221140985082478,0.0012499999999999734,0.020195161560626274,0.4738809259224153,0.11775884731782736,0.10422243445859654,0.0,0.9999999987499999,0.6351992958824154,0.25746139633623655,0.2622899772623102,0.35144774503815607,disgust,07,16,16,female,strong,1910
20,0.6673333333333333,True,1.0,0.1879203916345174,0.1620412898545133,0.17498084074451536,0.524522344354807,-0.09166666666666667,-0.08476851851851852,0.3196894871455051,0.39314887477372745,0.17698003544389526,0.33360035588141046,0.025879101780004105,0.006898148148148153,0.013216505077026021,0.47841135548555974,0.10525001357788415,0.10873319237635273,0.0,0.9999999987499999,0.6592713243344213,0.287625890713234,0.299777284496195,0.42696522880266025,disgust,07,16,16,female,strong,1910
30,1.0010000000000001,True,1.0,0.09700715052643931,0.1376311470695722,0.11731914879800576,0.8348278973222256,-0.08935185185185185,-0.08703703703703708,0.33819368884121737,0.5565217391304349,0.16338133875623878,0.14053093957966176,0.04062399654313288,0.0023148148148147696,0.014735765692520915,0.34422977876847055,0.10020689514729901,0.11119217296545168,0.0,0.9999999987499999,0.6697616911608394,0.29196585851918583,0.2951753389335542,0.4423757304623374,disgust,07,16,16,female,strong,1910
40,1.3346666666666667,True,1.0,0.15891082989708816,0.15970177277256956,0.15930630133482887,0.6106785000659907,-0.0893518518518519,-0.08620370370370373,0.372566233522907,0.46815027723875263,0.14375000000000004,0.2608677091425587,0.0007909428754813985,0.0031481481481481777,0.024292465174552993,0.42496680076548443,0.12149074491542732,0.10932001709741733,0.0,0.9999999987499999,0.6094372543157889,0.26834509001692275,0.3230951311449037,0.4129050115999778,disgust,07,16,16,female,strong,1910
50,1.6683333333333334,True,1.0,0.037589864372780016,0.0,0.018794932186390008,0.6353336939647456,-0.08430555555555563,-0.08060185185185192,0.40673245528948704,0.32399968146586744,0.17225057170343586,0.029582772588530353,0.037589864372780016,0.003703703703703709,0.006769719196525242,0.4181410456624892,0.1083928660691808,0.11258604251615185,0.0,0.9999999987499999,0.6476426261520234,0.2892165958975371,0.3100535225441986,0.452916349861595,disgust,07,16,16,female,strong,1910
60,2.0020000000000002,True,1.0,0.04453258902356412,0.0,0.02226629451178206,0.6255434556371903,-0.08268518518518514,-0.08754629629629629,0.4888161493238679,0.27025148405789484,0.16894926386275144,0.03559512022885955,0.04453258902356412,0.004861111111111149,0.023072852774016536,0.44358729747374653,0.1043793980980005,0.11582426254448404,0.0,0.9999999987499999,0.6301352092321304,0.29652962956228585,0.3364923696890436,0.4765856690224293,disgust,07,16,16,female,strong,1910
70,2.3356666666666666,True,1.0,0.3125136824960469,0.2702973538736843,0.2914055181848656,0.3289285850349209,-0.07092592592592584,-0.0712962962962963,0.3566129964946189,0.1714099884447905,0.18899226133807434,0.8859233628294372,0.042216328622362576,0.0003703703703704653,0.010642047572157675,0.758491041584817,0.10962335061854349,0.11325411606887263,0.0,0.9999999987499999,0.6147159897943553,0.2864931023662737,0.30374886403128554,0.4288450897116683,disgust,07,16,16,female,strong,1910
80,2.6693333333333333,True,1.0,0.4474018616500458,0.4204715201150152,0.4339366908825305,0.5581563056514375,-0.06148148148148147,-0.060694444444444495,0.33048189461149596,0.08526347252652922,0.20868496529618125,0.7774465440752706,0.0269303415350306,0.000787037037036975,0.02110802027132604,0.4874910675683265,0.11594160395793544,0.10994175428593309,0.0,0.9999999987499999,0.5718444664584584,0.29031816516142833,0.3118164464388758,0.4233301483356215,disgust,07,16,16,female,strong,1910
90,3.003,True,1.0,0.3539769212768505,0.3294985146540782,0.34173771796546437,0.8804730369654232,-0.06421296296296297,-0.062129629629629535,0.2917699024374105,0.2761596548004318,0.213980184339867,0.38812967986308095,0.024478406622772286,0.002083333333333437,0.0077251916828320775,0.35339944900141695,0.1133815538960729,0.1137584974085195,0.0,0.9999999987499999,0.5754854100233844,0.28250576531696586,0.2879117254434891,0.38991055963554155,disgust,07,16,16,female,strong,1910
100,3.336666666666667,True,1.0,0.3788774326941992,0.3555179438519602,0.36719768827307975,0.5622746408536073,-0.0617129629629628,-0.06060185185185174,0.357114259221143,0.10538482287851214,0.21250143611647082,0.6530575302411381,0.023359488842238985,0.0011111111111110628,0.014485613900873134,0.5085120628911336,0.1275963732382402,0.1056125360859405,0.0,0.9999999987499999,0.5522083802036439,0.24351264286997634,0.3353054284707917,0.3930278286066916,disgust,07,16,16,female,strong,1910
110,3.6703333333333332,True,1.0,0.44154963625637156,0.3816345995696489,0.4115921179130102,0.5645081815401818,-0.06004629629629643,-0.059074074074073946,0.3531263650107984,0.10580344622117036,0.2097236773599721,0.7291163022474512,0.059915036686722656,0.0009722222222224852,0.02459899897606014,0.48054224956984426,0.11890846391070724,0.10796828102402474,0.0,0.9999999987499999,0.5869660851059174,0.28785131343648607,0.32080675790328433,0.42439624022241773,disgust,07,16,16,female,strong,1910
120,4.0040000000000004,True,1.0,0.43452450649100677,0.3852936769876722,0.4099090917393395,0.578609867458446,-0.05972222222222223,-0.05902777777777768,0.3541162284755457,0.13401769854681578,0.20904091715924558,0.7084377830261906,0.04923082950333457,0.000694444444444553,0.021109256914262468,0.49431824945269764,0.11767489582044736,0.10878731335998622,0.0,0.9999999987499999,0.5911740605382779,0.28737267451230375,0.31946487677828633,0.4233233211733581,disgust,07,16,16,female,strong,1910
0,0.0,True,1.0,0.4054798122511122,0.4040725280984819,0.40477617017479706,0.40011096470148916,-0.0692592592592593,-0.07032407407407404,0.3468087324808202,0.42197321428126466,0.16725887624884894,1.0116597791234951,0.001407284152630306,0.0010648148148147407,0.01278475347621583,0.6288286459004218,0.10492752020247688,0.1144989707690114,0.0,0.9999999987499999,0.661436212946116,0.2855412905329444,0.2758210422651319,0.4310964992326268,disgust,07,16,16,female,strong,1911
10,0.33366666666666667,True,1.0,0.28071016466544063,0.2635568163194659,0.2721334904924533,0.46540037642168236,-0.06518518518518512,-0.06504629629629638,0.33605172877873907,0.4728247112834814,0.16455973023585407,0.5847298461269035,0.017153348345974706,0.00013888888888874407,0.008897495839958467,0.5443881148441542,0.10673085147421651,0.1133253545746216,0.0,0.9999999987499999,0.6600071730567226,0.28571835371277554,0.29438705658248826,0.4340431017668914,disgust,07,16,16,female,strong,1911
20,0.6673333333333333,True,1.0,0.1944737170917108,0.1747355466732453,0.18460463188247805,0.47477852428899386,-0.08064814814814808,-0.07856481481481475,0.32230161150179343,0.46580473830662783,0.17071905405840224,0.38882262452568456,0.019738170418465484,0.002083333333333326,0.011498183960981753,0.5139417236996175,0.1043296725443499,0.11586905526225358,0.0,0.9999999987499999,0.6581187831148084,0.28618766757701397,0.30102204758703427,0.4325008806176205,disgust,07,16,16,female,strong,1911
30,1.0010000000000001,True,1.0,0.28670288995679694,0.30690433183231436,0.29680361089455565,0.7056679753342698,-0.0683333333333333,-0.06814814814814801,0.3339834362268981,0.4673298428257191,0.18232144680689652,0.42059951885157026,0.020201441875517423,0.00018518518518528815,0.038136633058517444,0.40563552283732796,0.11703871163758618,0.11306716380394727,0.0,0.9999999987499999,0.5923490116359044,0.26630366163144964,0.3164567188034657,0.3887624057086893,disgust,07,16,16,female,strong,1911
40,1.3346666666666667,True,1.0,0.22509923361679635,0.20547496387465322,0.21528709874572477,0.6843687550037795,-0.0712037037037036,-0.06828703703703703,0.3659151308858151,0.4103875909645799,0.1890669289046729,0.3145776267131538,0.019624269742143124,0.0029166666666665675,0.028613988014335696,0.40601882540268797,0.11065498605188097,0.11258532659299043,0.0,0.9999999987499999,0.6286956958955456,0.28617334431606,0.3170745729558531,0.44809248456971934,disgust,07,16,16,female,strong,1911
50,1.6683333333333334,True,1.0,0.1860139715778494,0.14472249973938026,0.16536823565861483,0.6424112378833188,-0.06504629629629627,-0.06370370370370365,0.3851843289757641,0.36648892874456174,0.17517429935995182,0.2574180305492269,0.04129147183846915,0.0013425925925926174,0.040042621311223596,0.4430676592314353,0.10734828411626632,0.11458446651410714,0.0,0.9999999987499999,0.6465923736213236,0.28938457761043346,0.31292113538281874,0.4499384021954004,disgust,07,16,16,female,strong,1911
60,2.0020000000000002,True,1.0,0.13814886065320675,0.11416674241009965,0.1261578015316532,0.6803442001873198,-0.07050925925925916,-0.07106481481481475,0.4482918229405111,0.25582804848638574,0.1813716085841183,0.18543231719608702,0.0239821182431071,0.0005555555555555869,0.05892204884774492,0.40742692674247105,0.10679444374369082,0.11608972624451667,0.0,0.9999999987499999,0.6311914105017007,0.2973273718182104,0.3416823168265938,0.4812187000381767,disgust,07,16,16,female,strong,1911
70,2.3356666666666666,True,1.0,0.1570246801648274,0.14629499976637342,0.1516598399656004,0.2556384026541082,-0.07476851851851846,-0.0748611111111111,0.3491946811847343,0.24007573896236079,0.17860668640298705,0.5932592223665389,0.010729680398453983,9.259259259264407e-05,0.052943537176134196,0.9922182011053439,0.10596092168656959,0.10944216343854216,0.0,0.9999999987499999,0.6273844656847114,0.2974311385624259,0.2833143392776264,0.4038917205323372,disgust,07,16,16,female,strong,1911
80,2.6693333333333333,True,1.0,0.236685064806775,0.17094017094017025,0.20381261787347263,0.7361752578114668,-0.07111111111111112,-0.06842592592592595,0.2918355526952247,0.37717286186017535,0.1792420221406941,0.2768533928719304,0.06574489386660476,0.0026851851851851793,0.05874790471732856,0.3611495356048298,0.10775763278106486,0.10696345567776766,0.0,0.9999999987499999,0.6104459407747475,0.30087081871354576,0.28398173147916683,0.3904252702333127,disgust,07,16,16,female,strong,1911
90,3.003,True,1.0,0.2873131100615381,0.24911703084202713,0.2682150704517826,0.7078540308127422,-0.05791666666666673,-0.06027777777777782,0.31342038732136895,0.33684993410367836,0.1806163926619766,0.3789129661998591,0.03819607921951096,0.0023611111111110916,0.04180535985166887,0.36332294513198815,0.10638923283603952,0.11613354810607598,0.0,0.9999999987499999,0.6329332636648409,0.2882183633295298,0.29944804731387215,0.4360924283428835,disgust,07,16,16,female,strong,1911
100,3.336666666666667,True,1.0,0.485958366735874,0.48633274340351734,0.4861455550696957,0.4785174675746649,-0.058657407407407436,-0.0601388888888888,0.3537977591150929,0.28850566850320836,0.17478156341680173,1.0159410847292436,0.0003743766676433391,0.0014814814814813615,0.04453633161583716,0.5558607610350842,0.12514377379062278,0.10620040868669114,0.0,0.9999999987499999,0.595842557257278,0.2576996832890939,0.3057854418684952,0.3787701629946838,disgust,07,16,16,female,strong,1911
110,3.6703333333333332,True,1.0,0.18926911988556536,0.1823941147515831,0.18583161731857423,0.5062815680731878,-0.07800925925925928,-0.07592592592592595,0.36993405735452584,0.24562981744282197,0.18220633440097017,0.36705191150018424,0.006875005133982259,0.002083333333333326,0.028699991318534734,0.5111994510021549,0.12469007470094433,0.10655408132703828,0.0,0.9999999987499999,0.588437066904887,0.25823524042673945,0.3032780110352051,0.3745658370507098,disgust,07,16,16,female,strong,1911
120,4.0040000000000004,True,1.0,0.4696794703827386,0.4783544875480654,0.474016978965402,0.4686183434313602,-0.05865740740740738,-0.05796296296296305,0.3750023078229871,0.2537364808596583,0.18298986351867563,1.011520324822352,0.008675017165326815,0.000694444444444331,0.04008069209185713,0.5945046798663894,0.110006950567841,0.11152315030371267,0.0,0.9999999987499999,0.6436729886954783,0.2781152660433752,0.2842316406229904,0.41536301568960626,disgust,07,16,16,female,strong,1911
0,0.0,True,1.0,0.5394390758901066,0.5733817579807607,0.5564104169354337,0.34676265945270324,-0.0683333333333333,-0.057638888888888906,0.33280667951667037,0.206138499522768,0.1803588473826833,1.6045857354238149,0.0339426820906541,0.010694444444444395,0.11728621946642631,0.6933903837806454,0.1250355583941963,0.1034211627294807,0.0,0.9999999987499999,0.6066747545893357,0.2696101747299333,0.3057714061318616,0.3856126002924282,surprised,08,16,16,female,normal,1912
10,0.33366666666666667,True,1.0,0.404258631130795,0.4090256530899505,0.40664214211037275,0.29403535388990654,-0.06916666666666665,-0.06037037037037046,0.3620728647722004,0.07486458508753543,0.1810938032600397,1.382970233785658,0.00476702195915546,0.008796296296296191,0.09925129512729308,0.7802272839571854,0.10948525422453538,0.11186517504029563,0.0,0.9999999987499999,0.648651109748587,0.2914826671574883,0.278820261280232,0.4187718894750646,surprised,08,16,16,female,normal,1912
20,0.6673333333333333,True,1.0,0.4929985742323613,0.5554564965499931,0.5242275353911772,0.27484966214998624,-0.0597685185185185,-0.052314814814814814,0.39030151515765427,0.0,0.18699167930509705,1.907324649011592,0.06245792231763175,0.007453703703703685,0.09043965890359444,0.794421821081404,0.11882831808055459,0.10840853847531572,0.0,0.9999999987499999,0.6191945186981043,0.26916439428669947,0.2809856076621761,0.3733585507473267,surprised,08,16,16,female,normal,1912
30,1.0010000000000001,True,1.0,0.14442436540649498,0.1340846919351795,0.13925452867083724,0.6005006183458319,-0.07513888888888881,-0.06851851851851848,0.40825594244917124,0.13028153742131277,0.18270938932431915,0.2318973943014988,0.01033967347131548,0.006620370370370332,0.07118724539290194,0.44988127588638505,0.10742592841691036,0.11147669226093179,0.0,0.9999999987499999,0.6486664512914541,0.29900337394957466,0.287934313557676,0.4295580347889742,surprised,08,16,16,female,normal,1912
40,1.3346666666666667,True,1.0,0.3324957550484301,0.3293244987239991,0.3309101268862146,0.43232041678874344,-0.06222222222222218,-0.05587962962962978,0.3637966512493852,0.1043192358852602,0.1930010797254088,0.7654279419514814,0.0031712563244309933,0.0063425925925924,0.07327785926140035,0.6049686712767641,0.10597709316996551,0.11268600085735359,0.0,0.9999999987499999,0.649474260719913,0.29934515837619324,0.2880340594904925,0.4360419735399597,surprised,08,16,16,female,normal,1912
50,1.6683333333333334,True,1.0,0.5130567531845333,0.5470792013905392,0.5300679772875363,0.5076437474004569,-0.05430555555555566,-0.050046296296296366,0.38986869987715445,0.05995172499114349,0.19185269430186394,1.0441731627778523,0.03402244820600597,0.004259259259259296,0.05483119267183927,0.489973839347103,0.10716438180901917,0.11358838720424712,0.0,0.9999999987499999,0.6450865006393182,0.2906689213689568,0.27652996763911164,0.4195736960488901,surprised,08,16,16,female,normal,1912
60,2.0020000000000002,True,1.0,0.5262540697384,0.5388927783889383,0.5325734240636693,0.4773915566427614,-0.05472222222222223,-0.050000000000000044,0.34807031568874147,0.029795571587490067,0.1951353556236571,1.1155903715787776,0.012638708650538288,0.004722222222222183,0.04500134232992971,0.5175954346686212,0.108987825711286,0.11064109837943721,0.0,0.9999999987499999,0.643765787838573,0.28748542164740976,0.27672596552532264,0.41652509752268907,surprised,08,16,16,female,normal,1912
70,2.3356666666666666,True,1.0,0.4842750386537612,0.4901697689601478,0.4872224038069545,0.683155796100071,-0.05912037037037032,-0.05601851851851852,0.3163767164218156,0.1786655638326775,0.1923346337903076,0.7131936910853413,0.0058947303063865975,0.0031018518518518,0.04896445255879536,0.3811955087592866,0.11032214828670621,0.11000562799882875,0.0,0.9999999987499999,0.6433834683013829,0.286314577095699,0.27185866246915513,0.40515308349757095,surprised,08,16,16,female,normal,1912
80,2.6693333333333333,True,1.0,0.5318572956434816,0.5768473713644751,0.5543523335039784,0.37010457120448326,-0.056157407407407434,-0.051296296296296284,0.3675459937454979,0.021307355248481624,0.19287444354852,1.4978262270575902,0.04499007572099345,0.004861111111111149,0.046944887187336616,0.679097407471051,0.10904087769525334,0.11007076792971769,0.0,0.9999999987499999,0.6469447029593088,0.28555431474751064,0.2684007266135045,0.412438864655187,surprised,08,16,16,female,normal,1912
90,3.003,True,1.0,0.5614653801049233,0.5861213769407333,0.5737933785228283,0.34774966562245807,-0.05736111111111114,-0.051342592592592606,0.36276701445978765,0.04317327171407861,0.19088666505989885,1.6500184910192823,0.02465599683580999,0.006018518518518534,0.052320687612579235,0.7551776046217501,0.11021757618903308,0.1097638036785556,0.0,0.9999999987499999,0.6477917281209359,0.28658205314775637,0.27170534779452504,0.4160136434077165,surprised,08,16,16,female,normal,1912
100,3.336666666666667,True,1.0,0.5389311226113218,0.5425052642980026,0.5407181934546622,0.38044083937301354,-0.05907407407407422,-0.05407407407407411,0.35624459927801805,0.08001110975183745,0.18739437691799155,1.4212937663206562,0.0035741416866807985,0.0050000000000001155,0.05377588152236583,0.5919682204969161,0.12035720604627229,0.10635090714130487,0.0,0.9999999987499999,0.6136917850577731,0.2717186768588213,0.2799992874380613,0.3691925484490145,surprised,08,16,16,female,normal,1912
0,0.0,True,1.0,0.569459072263661,0.5518653331225938,0.5606622026931274,0.335146871977168,-0.056805555555555554,-0.05796296296296305,0.37592963841047944,0.04184740928726421,0.1930555555555556,1.6728850828460744,0.01759373914106721,0.0011574074074074958,0.0008373931747090087,0.6840259207652808,0.11323575650370908,0.11356860503455884,0.0,0.9999999987499999,0.6346030836240747,0.28725151152049333,0.2689783386447753,0.4135295538064403,surprised,08,16,16,female,normal,1913
10,0.33366666666666667,True,1.0,0.351429991402878,0.3470917411201716,0.3492608662615248,0.2462115656926986,-0.05944444444444441,-0.060694444444444495,0.41333191315915,-0.02573717199686419,0.19380669533390743,1.418539642030643,0.004338250282706402,0.0012500000000000844,0.002424869525924094,0.9637443341156583,0.11153132374119441,0.11524291051957887,0.0,0.9999999987499999,0.6373431625853467,0.28767178284369604,0.26852042618307015,0.4117245424400099,surprised,08,16,16,female,normal,1913
20,0.6673333333333333,True,1.0,0.4975092545124505,0.46686255186030146,0.482185903186376,0.5624414792658935,-0.049398148148148247,-0.04967592592592607,0.44040720201126043,0.07327433054473088,0.19122174848100953,0.8573085751351978,0.030646702652149027,0.0002777777777778212,0.02077253037386645,0.47217568522170694,0.11274531454290758,0.1143891015115715,0.0,0.9999999987499999,0.6397412147046319,0.2905892475432364,0.2938870487530505,0.4295662401785645,surprised,08,16,16,female,normal,1913
30,1.0010000000000001,True,1.0,0.3977205487663692,0.4031882178710378,0.40045438331870353,0.7229656875209951,-0.048101851851851785,-0.04990740740740757,0.44858903199299527,0.1303210043275226,0.18220633440097017,0.5539051025946156,0.0054676691046686154,0.0018055555555557823,0.019095452330206666,0.3628395156927486,0.11974765456984303,0.11053936254974366,0.0,0.9999999987499999,0.5930992998840162,0.2787406373663166,0.3158881688725571,0.4093754677945137,surprised,08,16,16,female,normal,1913
40,1.3346666666666667,True,1.0,0.38171776226669857,0.3739927318902486,0.3778552470784736,0.5134832019454865,-0.04333333333333328,-0.04699074074074078,0.39195860368228636,0.09421813300897826,0.18989597697750604,0.7358668124816055,0.007725030376449948,0.003657407407407498,0.03427911573231546,0.5254079034689572,0.11855303426355049,0.11334268852791365,0.0,0.9999999987499999,0.5881855895639505,0.2689303972068009,0.29574505722021827,0.3941377705958789,surprised,08,16,16,female,normal,1913
50,1.6683333333333334,True,1.0,0.35252679658884933,0.36161225654900275,0.35706952656892604,0.6489973752186904,-0.04712962962962963,-0.047222222222222054,0.41289183294012316,0.10998902899879621,0.18832217203111168,0.5501863955129335,0.00908545996015342,9.259259259242203e-05,0.006875328868559747,0.42370475866042234,0.12394856063175776,0.1072382270759397,0.0,0.9999999987499999,0.583110313523847,0.26956100654482645,0.31450926459025363,0.4014237932782334,surprised,08,16,16,female,normal,1913
60,2.0020000000000002,True,1.0,0.3265297900006455,0.2949411878871327,0.31073548894388914,0.47207299840468114,-0.04777777777777781,-0.046990740740740666,0.3844987694205359,0.07599127814625253,0.1897790267549859,0.6582360990651565,0.03158860211351283,0.0007870370370371416,0.03015869818461626,0.5709618933907136,0.12050534768394051,0.10988638029970434,0.0,0.9999999987499999,0.5923319672243899,0.2661246752506626,0.2920761870994066,0.376190176966227,surprised,08,16,16,female,normal,1913
70,2.3356666666666666,True,1.0,0.42929188760696363,0.4001700599480883,0.414730973777526,0.5877027798379593,-0.04814814814814805,-0.049768518518518545,0.36392492974997026,0.08793830818364924,0.18999497434873844,0.7056814907220196,0.029121827658875332,0.0016203703703704941,0.007772500943492308,0.46588832173904865,0.10939507368027727,0.11480994400392863,0.0,0.9999999987499999,0.6196804763389732,0.29267649443714483,0.27789932425341807,0.40852664066780753,surprised,08,16,16,female,normal,1913
80,2.6693333333333333,True,1.0,0.46800067321199457,0.3843333685334555,0.42616702087272507,0.5153443476152042,-0.049537037037037046,-0.04833333333333334,0.4434209792918779,0.08961004784898983,0.1901334612845498,0.8269558458239542,0.08366730467853906,0.0012037037037037068,0.02383663201126084,0.4844384755849314,0.11282274299796934,0.11263375019451866,0.0,0.9999999987499999,0.6290887779017856,0.2917846989003118,0.29393172931007494,0.4258634995548108,surprised,08,16,16,female,normal,1913
90,3.003,True,1.0,0.5239664228888163,0.47139136228874046,0.4976788925887784,0.4036889506296721,-0.04958333333333331,-0.049861111111111134,0.4349738545835026,0.03644051357981815,0.1902918950371778,1.2328276308095658,0.052575060600075885,0.0002777777777778212,0.028794514243285402,0.6192886865247389,0.11195509083180646,0.11449897092335691,0.0,0.9999999987499999,0.6294299987807622,0.29111231981972835,0.28538153646392456,0.4250510219007814,surprised,08,16,16,female,normal,1913
100,3.336666666666667,True,1.0,0.41359886002325796,0.36347192572882386,0.3885353928760409,0.3965057646021496,-0.05472222222222234,-0.05449074074074073,0.44136774425540815,0.04183541767200416,0.19036084270150674,0.9798984720080776,0.0501269342944341,0.00023148148148161019,0.041984402107901955,0.6529608161873407,0.11200477064732858,0.11428378760961824,0.0,0.9999999987499999,0.6308000656668917,0.29189693828303076,0.2848867283303823,0.4195286448000161,surprised,08,16,16,female,normal,1913
0,0.0,True,1.0,0.572623858268988,0.5621603461295982,0.5673921021992931,0.31825547837918383,-0.06194444444444441,-0.06356481481481474,0.3636889593073152,0.12951981514223695,0.1841935344958588,1.7828195922625305,0.010463512139389786,0.0016203703703703276,0.03377259935851794,0.7348034446274878,0.11763587103398326,0.10882951116441543,0.0,0.9999999987499999,0.6169635195953382,0.2703694363761963,0.2875694015105756,0.40421043994078454,surprised,08,16,16,female,normal,1914
10,0.33366666666666667,True,1.0,0.5875706214689264,0.522693015214164,0.5551318183415452,0.33083695216352177,-0.060787037037037084,-0.06245370370370379,0.3729063892890738,0.12850076438537766,0.18135772660683633,1.6779619528932244,0.06487760625476235,0.0016666666666667052,0.021917755227353307,0.6777955161999333,0.12048218755165402,0.10656745692356653,0.0,0.9999999987499999,0.6168068526629401,0.27086868292675115,0.2928539263069577,0.4052373995371169,surprised,08,16,16,female,normal,1914
20,0.6673333333333333,True,1.0,0.5873040673531861,0.5853732290253125,0.5863386481892493,0.36306333207659125,-0.060833333333333295,-0.06361111111111106,0.3662360854153768,0.1370992130767186,0.1820266136881089,1.6149762214641832,0.001930838327873552,0.002777777777777768,0.019099325597035637,0.6355657604275148,0.11973354982414638,0.10723037578655877,0.0,0.8278740176852243,0.6188719589945353,0.2766503940796086,0.28509174503109513,0.37896577607193227,surprised,08,16,16,female,normal,1914
30,1.0010000000000001,True,1.0,0.5661217233133685,0.550263799761474,0.5581927615374213,0.4962124714328036,-0.06023148148148155,-0.0618981481481482,0.3855166883205438,0.15132520840215707,0.19097581771394376,1.124906756022578,0.015857923551894526,0.0016666666666666496,0.01984390914279712,0.5212984304695628,0.11737473788856936,0.11049915447678305,0.0,0.9999999987499999,0.61221530856874,0.2728311816604519,0.3078049468818762,0.4121668990385019,surprised,08,16,16,female,normal,1914
40,1.3346666666666667,True,1.0,0.5688727817945385,0.5661511007963176,0.567511941295428,0.36088248124639755,-0.05504629629629626,-0.05523148148148155,0.3809418183862059,0.06244581706827179,0.19523895220162935,1.5725671673930643,0.002721680998220899,0.00018518518518528815,0.00873816682889589,0.671617852290236,0.11970269476989429,0.10937544824912927,0.0,0.9999999987499999,0.6044585295680772,0.2765748640784336,0.31281440475689715,0.4044638847551925,surprised,08,16,16,female,normal,1914
50,1.6683333333333334,True,1.0,0.47107990549071954,0.45549862392909696,0.4632892647099083,0.4715719719204379,-0.04976851851851849,-0.04944444444444451,0.431523733440064,0.01239757037239407,0.19531123167026457,0.9824359637473808,0.015581281561622584,0.0003240740740739767,0.00882152262880322,0.5791260725039256,0.11954133054291016,0.10815157200413222,0.0,0.9999999987499999,0.5967565534573205,0.2681690123044322,0.3100267393711579,0.3958281377157904,surprised,08,16,16,female,normal,1914
60,2.0020000000000002,True,1.0,0.5306671752029364,0.5498199215864615,0.540243548394699,0.41442248353618333,-0.05189814814814819,-0.05314814814814817,0.3582275260945326,0.02957774165963428,0.1959891058214574,1.3036057884333638,0.019152746383525154,0.0012499999999999734,0.011392554153128266,0.6462917744204286,0.11632060427034675,0.11023419467643933,0.0,0.9999999987499999,0.6047323748718237,0.2668460943485189,0.2926696715681753,0.39274921268701096,surprised,08,16,16,female,normal,1914
70,2.3356666666666666,True,1.0,0.5163166440915248,0.5197923644846134,0.5180545042880691,0.5826286384701195,-0.05111111111111105,-0.051157407407407374,0.351019527082019,0.08215703230011252,0.19542370001884557,0.8891675933548157,0.0034757203930886327,4.629629629632204e-05,0.009797317618228532,0.46149046322360704,0.11099921568762276,0.10967039986133484,0.0,0.9999999987499999,0.640383920990271,0.28657180609836186,0.281629161360678,0.42161966551388785,surprised,08,16,16,female,normal,1914
80,2.6693333333333333,True,1.0,0.6118838160066586,0.6194725413655706,0.6156781786861146,0.4373065792240729,-0.054861111111111194,-0.054537037037036995,0.3847132224518475,0.03415929946034493,0.193264498873965,1.4078868417176165,0.007588725358911974,0.00032407407407419875,0.01282223709507618,0.5632803693771807,0.11739948768097228,0.10661128308389664,0.0,0.9999999987499999,0.6123659047681572,0.27474748289046014,0.28708559279049384,0.3868707842673719,surprised,08,16,16,female,normal,1914
90,3.003,True,1.0,0.5366597534165439,0.5387546058368062,0.537707179626675,0.40846376603244167,-0.05777777777777776,-0.05574074074074076,0.3986308437449475,0.01975137389878742,0.19332252053220983,1.3164134112791008,0.0020948524202623053,0.002037037037037004,0.017240268700825644,0.5992641153162946,0.10477457578054213,0.1129648068996006,0.0,0.9999999987499999,0.6453847343077855,0.3000490340053134,0.27184752971154286,0.42838241566349383,surprised,08,16,16,female,normal,1914
100,3.336666666666667,True,1.0,0.2174480756916749,0.21486208443260188,0.2161550800621384,0.4215133448226727,-0.06532407407407403,-0.06490740740740736,0.40368635863012037,0.026328318676138586,0.1892052886468267,0.5128072046048106,0.0025859912590730227,0.0004166666666666763,0.014342992762893903,0.6156471738048963,0.12189043471358321,0.10764228504879708,0.0,0.9999999987499999,0.6001071888677346,0.27295890807885065,0.292824830637637,0.3873153839444579,surprised,08,16,16,female,normal,1914
0,0.0,True,1.0,0.5650794416739852,0.5692089574475865,0.5671441995607858,0.3106816202778872,-0.06152777777777774,-0.0625,0.3537933574197648,0.09856371395071345,0.2021471270254088,1.8254835900929938,0.004129515773601322,0.0009722222222222632,0.01254545243561144,0.7517040729322539,0.11401472176271393,0.11362802277712884,0.0,0.9999999987499999,0.6252734414312601,0.290467000918369,0.28553440973719146,0.4141917668420977,surprised,08,16,16,female,normal,1915
10,0.33366666666666667,True,1.0,0.6129887968013906,0.5658093219465887,0.5893990593739897,0.31085748679214825,-0.06217592592592591,-0.06208333333333338,0.35681775650027786,0.09839594243580276,0.20498173899701783,1.896042670408918,0.047179474854801895,9.259259259253305e-05,0.01605540890523159,0.759482125557627,0.11780760141999433,0.11038328305199181,0.0,0.9999999987499999,0.6247232939738394,0.2901563618083446,0.29338329569888966,0.41443564761978047,surprised,08,16,16,female,normal,1915
20,0.6673333333333333,True,1.0,0.598443595038869,0.5985085498445899,0.5984760724417295,0.3282723694573153,-0.05972222222222223,-0.06083333333333335,0.3562526121149872,0.10653677624240919,0.20568950057858745,1.8231082726551202,6.495480572088486e-05,0.0011111111111111183,0.012735807122201804,0.7416592976230623,0.11647860112438624,0.11195507829907833,0.0,0.9999999987499999,0.6248725610869348,0.2901773859189173,0.28970869466281846,0.4154269970082335,surprised,08,16,16,female,normal,1915
30,1.0010000000000001,True,1.0,0.49544412487691925,0.4816419905513025,0.4885430577141109,0.597390743320638,-0.05305555555555552,-0.054675925925925906,0.36698805392045314,0.1135344412927229,0.20358055682318973,0.8177948238677256,0.013802134325616722,0.0016203703703703831,0.012378868506294797,0.47725827704597307,0.11302465867119192,0.11477898247672087,0.0,0.9999999987499999,0.6251877712569404,0.28408410491313846,0.27985266785833024,0.40120098318218295,surprised,08,16,16,female,normal,1915
40,1.3346666666666667,True,1.0,0.557443594597156,0.5329669002121326,0.5452052474046443,0.3973052556348971,-0.053611111111111165,-0.055972222222222257,0.3979657474093857,0.07858192209659613,0.19977393383853734,1.3722578286395979,0.024476694385023423,0.0023611111111110916,0.025727530723469342,0.6539673970656978,0.11262713752355946,0.11483774764453536,0.0,0.9999999987499999,0.6363861790028511,0.2922784781153201,0.3081391055259643,0.4286188428083189,surprised,08,16,16,female,normal,1915
50,1.6683333333333334,True,1.0,0.5123734375560047,0.49914311624114993,0.5057582768985773,0.5138740936903408,-0.05250000000000005,-0.05453703703703705,0.4171116297759672,0.09966958310686154,0.19932011555925755,0.9842066045138014,0.013230321314854798,0.002037037037037004,0.030316850357781863,0.5194596751927527,0.11137800252683691,0.11588536144159046,0.0,0.9999999987499999,0.629091186201043,0.29197688925253745,0.3079305586065378,0.4373654940083275,surprised,08,16,16,female,normal,1915
60,2.0020000000000002,True,1.0,0.4804492722248909,0.470716262058286,0.4755827671415884,0.38446222721302575,-0.05023148148148149,-0.053981481481481464,0.36866170023320893,0.06778414884573143,0.2044074728149924,1.2370077825046617,0.009733010166604938,0.0037499999999999756,0.0488385704665575,0.7067907435114439,0.1105949249154428,0.11564867202425859,0.0,0.9999999987499999,0.6189815282441101,0.29557035821462213,0.29655126119305286,0.4267109011306768,surprised,08,16,16,female,normal,1915
70,2.3356666666666666,True,1.0,0.5361442915484321,0.5031077992348011,0.5196260453916166,0.5409539470597347,-0.051712962962963016,-0.05532407407407408,0.37036783505971566,0.0894088665296913,0.2024106771495794,0.9605735353553804,0.03303649231363104,0.003611111111111065,0.05016599877644715,0.48245653007489325,0.11767814429672338,0.10982958933787779,0.0,0.9999999987499999,0.6129296214892207,0.28713661663604295,0.29312318224579437,0.41621341967607767,surprised,08,16,16,female,normal,1915
80,2.6693333333333333,True,1.0,0.5377237148187076,0.500574281384584,0.5191489981016458,0.37391773864673594,-0.05222222222222228,-0.05578703703703708,0.3811239115202773,0.0857025788647386,0.2017594592965341,1.3884043051301163,0.03714943343412358,0.0035648148148147984,0.05338153429307783,0.681018455074231,0.11725933181931907,0.11079370597316994,0.0,0.9999999987499999,0.6177872466564751,0.2845092573723918,0.2861709785584535,0.41369159987024656,surprised,08,16,16,female,normal,1915
90,3.003,True,1.0,0.5647945934279923,0.5461337907787759,0.555464192103384,0.33964542878280146,-0.053240740740740755,-0.057037037037037,0.3738555450095126,0.07381210179607761,0.19826548513173345,1.63542372436461,0.018660802649216435,0.003796296296296242,0.04509434851652359,0.6659568050357972,0.11273039004259611,0.11473639157622499,0.0,0.9999999987499999,0.6297210720147435,0.29312604195164677,0.28409508394043076,0.41736566367765987,surprised,08,16,16,female,normal,1915
100,3.336666666666667,True,1.0,0.5667109182128466,0.5480387306159517,0.5573748244143991,0.3773444602846222,-0.05629629629629623,-0.060833333333333295,0.3774236538460721,0.09979383376929228,0.19742018624819396,1.477098203572365,0.01867218759689493,0.004537037037037062,0.043307553945874,0.6764996178720567,0.11626400969682163,0.11098268555593079,0.0,0.9999999987499999,0.6269213956363796,0.2901015276152389,0.2934977956969944,0.41889011843795476,surprised,08,16,16,female,normal,1915
0,0.0,True,1.0,0.4515882829804217,0.4870783756544557,0.4693333293174387,0.4909640709283646,-0.06541666666666657,-0.06574074074074066,0.3380900886564519,0.23030341954166386,0.1863671460066204,0.955942312499519,0.035490092674034024,0.0003240740740740877,0.04232205103941449,0.5311793070921452,0.1083343872748423,0.11264231406436617,0.0,0.9999999987499999,0.6449900867143732,0.29207556341437385,0.2805535335199595,0.43343825745750264,surprised,08,16,16,female,strong,1916
10,0.33366666666666667,True,1.0,0.5578350082352318,0.5746180096160827,0.5662265089256573,0.5600293923505455,-0.06222222222222229,-0.059537037037037,0.3406184083861457,0.23538958585490438,0.18777486363744883,1.0110656988003814,0.01678300138085087,0.0026851851851852904,0.033444242787987556,0.47576595678227385,0.11094045708555537,0.11076669696280526,0.0,0.9999999987499999,0.6431679066314027,0.29337478309842524,0.2863149800996091,0.43448517797764785,surprised,08,16,16,female,strong,1916
20,0.6673333333333333,True,1.0,0.5581298441388045,0.5768545766124749,0.5674922103756397,0.4849946984443826,-0.060462962962962996,-0.057962962962962994,0.36460119291650067,0.15225004639852274,0.18851200976596444,1.1700998221132464,0.018724732473670347,0.0025000000000000022,0.030164299639755598,0.5465401474240141,0.11082670135465422,0.11122363209516055,0.0,0.9999999987499999,0.6391496821541116,0.2954272273058184,0.28922940286355264,0.4352104918834211,surprised,08,16,16,female,strong,1916
30,1.0010000000000001,True,1.0,0.24070991073810202,0.22971709459932135,0.2352135026687117,0.5823601173599746,-0.06745370370370368,-0.06532407407407403,0.42203198965753813,0.04847678082143901,0.18987647787454723,0.4038969971621855,0.01099281613878067,0.002129629629629648,0.029798660051143726,0.43511338382899273,0.10742370180799758,0.11501180027050478,0.0,0.9999999987499999,0.6405376641672292,0.29590194696538397,0.29857914004317865,0.44226488534917474,surprised,08,16,16,female,strong,1916
40,1.3346666666666667,True,1.0,0.49008191634606185,0.4750342705073296,0.48255809342669576,0.3768621693274733,-0.05250000000000005,-0.04879629629629634,0.3802665120167589,0.04034553744723793,0.19821865666655708,1.280463078286264,0.015047645838732249,0.003703703703703709,0.027273901778145336,0.6633725015332157,0.10972957141922617,0.11230616735366243,0.0,0.9999999987499999,0.6408409944759154,0.29831244746394897,0.304641789936097,0.44893956764744225,surprised,08,16,16,female,strong,1916
50,1.6683333333333334,True,1.0,0.4068957658543935,0.418176754396193,0.41253626012529326,0.5339574510713139,-0.050000000000000044,-0.049398148148148247,0.42290604218128297,0.04342822382329726,0.19106208921678955,0.7726013735693634,0.011280988541799486,0.0006018518518517979,0.01972918603216448,0.4858672855979714,0.11136095125076131,0.11120388684162301,0.0,0.9999999987499999,0.6343436335471688,0.2876320744731371,0.3024319296758286,0.4412443720423587,surprised,08,16,16,female,strong,1916
60,2.0020000000000002,True,1.0,0.5206543836094492,0.5176337039724016,0.5191440437909254,0.4524930734192623,-0.05050925925925931,-0.04805555555555563,0.3981887396423713,0.03327154951612215,0.19588046757961883,1.1472972168789575,0.003020679637047552,0.00245370370370368,0.014303757546154386,0.5820243103119661,0.1097185118084217,0.1126557150401088,0.0,0.9999999987499999,0.6379207253917193,0.2855129062193991,0.2919282881857089,0.4369374669063817,surprised,08,16,16,female,strong,1916
70,2.3356666666666666,True,1.0,0.4440199975321436,0.4274086664512654,0.4357143319917045,0.4747790103492854,-0.05185185185185187,-0.05166666666666675,0.37492446925504347,0.048874309888896905,0.1918103108271991,0.9177202919546891,0.0166113310808782,0.00018518518518512161,0.012474901314985092,0.5797906019286398,0.11313307659242587,0.10940051596468149,0.0,0.9999999987499999,0.636165847792242,0.2843514514082799,0.2942512741088331,0.4304623442192582,surprised,08,16,16,female,strong,1916
80,2.6693333333333333,True,1.0,0.48719118124794275,0.5136215931905745,0.5004063872192587,0.4305166378686552,-0.05175925925925917,-0.05291666666666661,0.39962619990136194,0.04565422365246391,0.19178167016558628,1.1623392528953223,0.026430411942631793,0.0011574074074074403,0.02182109133519565,0.6305902166229896,0.1126021434791704,0.11046553778901842,0.0,0.9999999987499999,0.635412981067427,0.28380153952604265,0.290885996719161,0.4310145115181968,surprised,08,16,16,female,strong,1916
90,3.003,True,1.0,0.5177536101614288,0.5195931463782106,0.5186733782698197,0.4121652281305796,-0.05509259259259247,-0.05532407407407419,0.39993104606175944,0.06439086958094886,0.19328305191057024,1.2584112944760515,0.0018395362167817897,0.0002314814814817212,0.017779292827286207,0.6502901660248287,0.11150111778301089,0.11123475443060535,0.0,0.9999999987499999,0.6347506546368548,0.2829881151242234,0.2849735761716942,0.4333886620044264,surprised,08,16,16,female,strong,1916
100,3.336666666666667,True,1.0,0.470562820545971,0.46577886876335095,0.46817084465466097,0.4152124070154199,-0.05768518518518517,-0.05527777777777765,0.396577183638106,0.08434002017500779,0.19185922873339611,1.1275454122864743,0.004783951782620033,0.0024074074074075247,0.020618755390210183,0.5984726858128624,0.12535467672998388,0.10432046979421292,0.0,0.9999999987499999,0.5934548908157012,0.26728413317694566,0.31653796527116834,0.4035046976553762,surprised,08,16,16,female,strong,1916
0,0.0,True,1.0,0.6047528819287794,0.6376868205682671,0.6212198512485232,0.3188716468196631,-0.0677314814814815,-0.06490740740740741,0.3325891673978967,0.06830513940029297,0.20629475425896218,1.9481815252136612,0.03293393863948768,0.00282407407407409,0.01855116448232326,0.7512407456242751,0.11658418976799131,0.11184511957569357,0.0,0.9999999987499999,0.6191304560105293,0.29751592335408744,0.2842679038474574,0.4087603567462347,surprised,08,16,16,female,strong,1917
10,0.33366666666666667,True,1.0,0.4823490350112391,0.4282645873660039,0.4553068111886215,0.3516694383383589,-0.07037037037037042,-0.06953703703703695,0.3467584789775385,0.05128512642434384,0.20420403171054252,1.2947011072100836,0.05408444764523518,0.0008333333333334636,0.015863200593213504,0.6809634415791797,0.11612645982969094,0.11350144068146913,0.0,0.9999999987499999,0.620427661267632,0.2974435849431829,0.2817237977350912,0.40301702857195765,surprised,08,16,16,female,strong,1917
20,0.6673333333333333,True,1.0,0.6370128794755364,0.6464479305323892,0.6417304050039628,0.3441805145788961,-0.05916666666666659,-0.058379629629629615,0.36208423404646495,-0.02867383512544793,0.19936067097489074,1.8645169549738114,0.009435051056852828,0.000787037037036975,0.01132203195197894,0.6573908879092843,0.11703095561226431,0.11171914518433512,0.0,0.9999999987499999,0.5947147740267981,0.267540741555037,0.2856872781127354,0.3739444240411795,surprised,08,16,16,female,strong,1917
30,1.0010000000000001,True,1.0,0.5690770648386043,0.5707556080739202,0.5699163364562623,0.6420128676394276,-0.05527777777777787,-0.05277777777777787,0.42578570717561876,0.08641975308641946,0.19661510550733943,0.8877023579788175,0.0016785432353159102,0.0025000000000000022,0.016223200458755024,0.4006786768886388,0.10628808886610067,0.11457518295388423,0.0,0.9999999987499999,0.6419653020817702,0.29591753737835635,0.3006236276119433,0.43588573656224916,surprised,08,16,16,female,strong,1917
40,1.3346666666666667,True,1.0,0.5018179879523222,0.5089700620516985,0.5053940250020104,0.5321462861753392,-0.04916666666666669,-0.04916666666666669,0.38432866179626013,0.17054196952068015,0.19167303544672398,0.9497276183855314,0.007152074099376238,0.0,0.0026269354268222724,0.5198094315545788,0.10706048660223653,0.11617287918433902,0.0,0.9999999987499999,0.6480093558907938,0.30134808492730036,0.3017908094676356,0.44071520230635175,surprised,08,16,16,female,strong,1917
50,1.6683333333333334,True,1.0,0.5360966104741257,0.5183197486599326,0.5272081795670291,0.6328492496724507,-0.04884259259259255,-0.04976851851851849,0.4371658751222303,0.14904718727611807,0.19103972627181362,0.8330707191956076,0.017776861814193134,0.0009259259259259411,0.020501348851551957,0.4239334601151629,0.1106693008902298,0.11408428055957151,0.0,0.9999999987499999,0.6347442475349514,0.2906269465941819,0.295386916982232,0.43542056633651266,surprised,08,16,16,female,strong,1917
60,2.0020000000000002,True,1.0,0.56830601092896,0.5580263104758754,0.5631661607024177,0.4671601257007275,-0.050694444444444375,-0.05148148148148146,0.39528475862414597,0.07971483753999874,0.19415280708761332,1.2055099091723287,0.010279700453084684,0.000787037037037086,0.024246763712630934,0.5396018111746449,0.11275859096704471,0.11303557439506748,0.0,0.9999999987499999,0.6309927727028313,0.29321963994849015,0.2949505656153548,0.42413640921175416,surprised,08,16,16,female,strong,1917
70,2.3356666666666666,True,1.0,0.6222222222222223,0.5882314317254128,0.6052268269738176,0.6495362629172049,-0.05314814814814811,-0.05694444444444441,0.31836866471086733,0.1619841469317129,0.19633758771741705,0.9317829681373226,0.03399079049680953,0.0037962962962962976,0.028861746936526267,0.4052494891999382,0.11250855434054026,0.11428906247307856,0.0,0.9999999987499999,0.620793034620098,0.2926066773923245,0.28667513476183465,0.4139980220760213,surprised,08,16,16,female,strong,1917
80,2.6693333333333333,True,1.0,0.6347649903825955,0.5891109318607665,0.611937961121681,0.4200913612134547,-0.05259259259259258,-0.055138888888888904,0.39279947762677736,0.05863314661389454,0.19880284063474654,1.4566782791106865,0.04565405852182902,0.0025462962962963243,0.031541528971103364,0.5884887806211856,0.1144449369305147,0.11319470283562622,0.0,0.9999999987499999,0.6126882234690751,0.29227936951444644,0.28888669643440507,0.4203419613287166,surprised,08,16,16,female,strong,1917
90,3.003,True,1.0,0.5325292984654587,0.5032336968785988,0.5178814976720287,0.469305394182909,-0.05601851851851858,-0.060046296296296264,0.3821330794758081,0.09993502865181672,0.19887804471838252,1.1035063821793352,0.029295601586859954,0.004027777777777686,0.04223858898037293,0.5538806031922155,0.12527737806021683,0.1056828348188202,0.0,0.9999999987499999,0.6072393932182247,0.2619020785914524,0.3015828646893757,0.38360319756746886,surprised,08,16,16,female,strong,1917
100,3.336666666666667,True,1.0,0.6297896108761245,0.5801627983794444,0.6049762046277845,0.3941597816588628,-0.056203703703703756,-0.05810185185185185,0.3912612679280625,0.09095308528158515,0.1954623316110402,1.5348501617330887,0.049626812496680106,0.0018981481481480933,0.04064242140905715,0.6022376322647385,0.12416838790225364,0.107516539737887,0.0,0.9999999987499999,0.6032390054068502,0.261687635070789,0.296414272779049,0.38677838165364375,surprised,08,16,16,female,strong,1917
0,0.0,True,1.0,0.524590163934426,0.5433100231764292,0.5339500935554276,0.3818312039824127,-0.06666666666666665,-0.07,0.33278390307579264,0.1977529419419927,0.1863278419162122,1.3983930280879335,0.018719859242003145,0.003333333333333355,0.022364635706211815,0.6102782071563333,0.11626471849012558,0.11251634195091524,0.0,0.9999999987499999,0.6312877563994348,0.2892067038236617,0.28162883154340407,0.40841797574559535,surprised,08,16,16,female,strong,1918
10,0.33366666666666667,True,1.0,0.5479076927335401,0.5453446896003711,0.5466261911669557,0.6326912784916042,-0.07092592592592595,-0.07115740740740745,0.32412863134415176,0.2465329632708074,0.18556514895392773,0.8639698534649697,0.0025630031331690395,0.00023148148148149916,0.019256438747223315,0.37067119472132837,0.11588119318859647,0.11274243694966089,0.0,0.9999999987499999,0.6283046417785865,0.28801186518790317,0.2841318845898604,0.41001934428741293,surprised,08,16,16,female,strong,1918
20,0.6673333333333333,True,1.0,0.6350856187564846,0.6113924326002369,0.6232390256783608,0.479167416817907,-0.06731481481481477,-0.06601851851851859,0.4013227736879197,0.10077802963507879,0.19240076885751717,1.3006707129988428,0.023693186156247714,0.0012962962962961844,0.01189079274972278,0.5055357404713166,0.11412323574833455,0.11600918331761802,0.0,0.9999999987499999,0.6251985586578381,0.2897087640247397,0.294274273690423,0.42052207868041275,surprised,08,16,16,female,strong,1918
30,1.0010000000000001,True,1.0,0.19948583917929238,0.190593066488479,0.19503945283388568,0.6818826931198637,-0.06407407407407406,-0.06305555555555564,0.39627657772665015,0.1639141089230447,0.1945107434791823,0.28603080090141103,0.008892772690813372,0.0010185185185184187,0.0030332368944169506,0.4451742005995378,0.11011322724403073,0.11676191902282486,0.0,0.9999999987499999,0.6265370920790192,0.2995014441357099,0.29955373220047415,0.42788805351105014,surprised,08,16,16,female,strong,1918
40,1.3346666666666667,True,1.0,0.4933717304999124,0.4823738718098187,0.48787280115486553,0.46984467644009736,-0.0509722222222222,-0.05120370370370364,0.39575475222668416,0.1273812988746827,0.18896803849392496,1.038370392639889,0.010997858690093676,0.00023148148148144365,0.004291724113472654,0.5647390242644854,0.11758877031785907,0.11164499500538244,0.0,0.9999999987499999,0.5870693294427145,0.270969673992177,0.3174497626731812,0.40874962098526507,surprised,08,16,16,female,strong,1918
50,1.6683333333333334,True,1.0,0.41981800375543465,0.40300051403567994,0.4114092588955573,0.6238504462803198,-0.048981481481481404,-0.046481481481481346,0.44163688429464004,0.16478140368140068,0.1868855874940126,0.6594677640267255,0.01681748971975472,0.0025000000000000577,0.004420657526917109,0.4457296141572629,0.1071958790079965,0.11719153896904931,0.0,0.9999999987499999,0.6344364684076755,0.29931514767990813,0.30351758807875473,0.44966936117306555,surprised,08,16,16,female,strong,1918
60,2.0020000000000002,True,1.0,0.32543326497392705,0.33341628317015964,0.32942477407204335,0.4903116293139634,-0.0496759259259259,-0.04944444444444457,0.3867672053584439,0.08604638074350329,0.19588046757961877,0.6718681637899748,0.007983018196232594,0.00023148148148133263,0.007862803538794113,0.5473952024461196,0.11461401886020899,0.11386321072769302,0.0,0.9999999987499999,0.6174962684526936,0.29632954819133966,0.3065534928492793,0.4323969016905235,surprised,08,16,16,female,strong,1918
70,2.3356666666666666,True,1.0,0.3582101212513694,0.30183821933562355,0.3300241702934965,0.5530098836896329,-0.05444444444444435,-0.05273148148148149,0.3458949960793437,0.16433239962651672,0.1863278419162122,0.5967780685791808,0.05637190191574587,0.0017129629629628607,0.01040521314372247,0.502184584126625,0.11134475960349387,0.1168992927124099,0.0,0.9999999987499999,0.6176459044477166,0.2939922990575708,0.28633707320839935,0.41011685373809126,surprised,08,16,16,female,strong,1918
80,2.6693333333333333,True,1.0,0.43282338306656576,0.380186839096692,0.4065051110816289,0.5672524475490766,-0.05393518518518514,-0.052407407407407514,0.42087823957800896,0.16029849000956412,0.18006629842695704,0.7166211672387004,0.05263654396987377,0.001527777777777628,0.005598723743020424,0.46666866186039124,0.12112630112202971,0.11024335924300986,0.0,0.9999999987499999,0.5814171429978241,0.2740482146169879,0.3236250342800842,0.4071867756199995,surprised,08,16,16,female,strong,1918
90,3.003,True,1.0,0.43076694242928254,0.37408710178631005,0.4024270221077963,0.5380151215221495,-0.055324074074074026,-0.050694444444444486,0.444037749093073,0.134493725308565,0.18629180588200323,0.7479845937587255,0.05667984064297249,0.004629629629629539,0.014222921293575663,0.5017922682029832,0.11417841382371614,0.11177179733718307,0.0,0.9999999987499999,0.6277486933992347,0.2906847549324836,0.30607416649319,0.4449225206625885,surprised,08,16,16,female,strong,1918
100,3.336666666666667,True,1.0,0.2102433563406733,0.19576802245106145,0.20300568939586738,0.5175481117195391,-0.06217592592592602,-0.059166666666666645,0.45419340999413454,0.11813598202293875,0.18698557924659687,0.39224505857317626,0.014475333889611836,0.003009259259259378,0.009697912737522928,0.5013586956521733,0.11334299492553433,0.11278791740261199,0.0,0.9999999987499999,0.6295668080357144,0.2897331806843104,0.3042475408308832,0.439546221247903,surprised,08,16,16,female,strong,1918
0,0.0,True,1.0,0.4534567269264934,0.48852202532047057,0.470989376123482,0.4152765504010421,-0.06333333333333335,-0.06060185185185185,0.39144217645675683,0.0064876938596159,0.19659337423165416,1.134158371496384,0.03506529839397715,0.0027314814814815014,0.013460439640139193,0.615139346239705,0.11709123417918439,0.11182646733916621,0.0,0.9999999987499999,0.6345404970581983,0.2833713800553787,0.2884746790004776,0.42292062237377387,surprised,08,16,16,female,strong,1919
10,0.33366666666666667,True,1.0,0.4883280687877069,0.48550969906918634,0.4869188839284466,0.36467236467236536,-0.05398148148148152,-0.052638888888888846,0.4500124820281931,-0.04558404558404544,0.19732122906132424,1.3352228770225347,0.0028183697185205636,0.001342592592592673,0.010336223802041258,0.7031250000000002,0.11553096831774651,0.11242547573117936,0.0,0.9999999987499999,0.6312712294136404,0.28587531565018554,0.292875077495312,0.4258098315180597,surprised,08,16,16,female,strong,1919
20,0.6673333333333333,True,1.0,0.40655203878088664,0.4189964602992979,0.41277424954009223,0.33475009614894685,-0.05518518518518517,-0.055462962962962936,0.44278478983688707,-0.04616374386626098,0.20009763241977646,1.2330817953116542,0.012444421518411242,0.0002777777777777657,0.012553057971883247,0.7958561664101821,0.1170640359954021,0.11117154134833705,0.0,0.9999999987499999,0.6270998023584434,0.28786818939234216,0.29701176369673615,0.4259639562607933,surprised,08,16,16,female,strong,1919
30,1.0010000000000001,True,1.0,0.3948761719156796,0.3921254230574244,0.393500797486552,0.6252515193276714,-0.04888888888888887,-0.04675925925925928,0.4235322250756362,0.1103116683039464,0.1980280405519255,0.6293480068783849,0.0027507488582551587,0.0021296296296295925,0.0063694709330526225,0.4304890058671022,0.11279124057670731,0.11350765968554509,0.0,0.9999999987499999,0.6289717581329407,0.29245038505768955,0.308290137202333,0.4432609282486511,surprised,08,16,16,female,strong,1919
40,1.3346666666666667,True,1.0,0.39761648754690326,0.3940631984809307,0.39583984301391695,0.5408833044799636,-0.048101851851851896,-0.04671296296296301,0.4070748241177509,0.10302539132951752,0.19103972627181362,0.731839640335174,0.0035532890659725758,0.001388888888888884,0.0027964107909337686,0.508928571428571,0.11713628223022267,0.11177927940810575,0.0,0.9999999987499999,0.5947800245332509,0.26853464911438646,0.30408068863724425,0.40191802664597337,surprised,08,16,16,female,strong,1919
50,1.6683333333333334,True,1.0,0.41530480442004386,0.3902120120248942,0.402758408222469,0.6224722224311706,-0.04810185185185184,-0.04634259259259249,0.45051833320409135,0.11744097503824714,0.19166666666666665,0.647030331167916,0.025092792395149666,0.0017592592592593492,0.0011583226838265067,0.4261781491561509,0.11301983385463321,0.11311174106313938,0.0,0.9999999987499999,0.634388061826293,0.2937763732983321,0.30454947836890517,0.44017247299854484,surprised,08,16,16,female,strong,1919
60,2.0020000000000002,True,1.0,0.41941038755457277,0.3923161116568075,0.40586324960569015,0.4900133530292274,-0.04953703703703699,-0.048240740740740695,0.38675494106291153,0.10877242084988936,0.19444444444444448,0.8282697748881181,0.027094275897765252,0.0012962962962962954,0.0005935071332115215,0.5217427099698537,0.1125954458971594,0.11437016267982966,0.0,0.9999999987499999,0.6292273019676621,0.29548593957783015,0.29417836185481755,0.420947294151673,surprised,08,16,16,female,strong,1919
70,2.3356666666666666,True,1.0,0.43707033024058894,0.42488036888524494,0.43097534956291694,0.6288530834553088,-0.0506018518518519,-0.05143518518518503,0.34662363580059735,0.11213440161040326,0.19671558142997747,0.6853355114279971,0.012189961355344003,0.0008333333333331305,0.01602250642029514,0.42535197972926003,0.1136582528967741,0.1143183877693099,0.0,0.9999999987499999,0.6168975721304146,0.29445346589762866,0.28526741232601005,0.40345542723215644,surprised,08,16,16,female,strong,1919
80,2.6693333333333333,True,1.0,0.42184557438794756,0.37170216203999595,0.39677386821397176,0.5536965104024292,-0.05138888888888887,-0.05037037037037034,0.4309709773353841,0.07975439016435901,0.1939959533898597,0.7165908774205471,0.05014341234795161,0.0010185185185185297,0.01980059255339149,0.4560854627291826,0.11478299210702744,0.11132211610455357,0.0,0.9999999987499999,0.6262872180200205,0.293913639745748,0.2985247707911859,0.4208936270199396,surprised,08,16,16,female,strong,1919
90,3.003,True,1.0,0.49072443347112416,0.45689366805476345,0.4738090507629438,0.4510705433658004,-0.049907407407407456,-0.04958333333333331,0.4180057169653973,0.0499001412602398,0.19341090101756594,1.0504100915734225,0.03383076541636071,0.00032407407407414324,0.025043291116537227,0.5316717196203856,0.1151265652988783,0.11233189375086375,0.0,0.9999999987499999,0.6271811028708357,0.29302282958812836,0.2958245881143508,0.4192670238559379,surprised,08,16,16,female,strong,1919
100,3.336666666666667,True,1.0,0.5423728813559322,0.5073332748002516,0.5248530780780919,0.4539152357172224,-0.053148148148148,-0.05435185185185182,0.41531230885891557,0.06921311091142557,0.19191529001815288,1.1562799324168576,0.035039606555680614,0.0012037037037038179,0.02557902019287797,0.5569615800592556,0.11438100476700137,0.1132593046378616,0.0,0.9999999987499999,0.6277120734309348,0.2915237888070231,0.28682016014601364,0.41460011249259754,surprised,08,16,16,female,strong,1919
0,0.0,True,1.0,0.51965811965812,0.5101216883843225,0.5148899040212213,0.4615354639601075,-0.05898148148148141,-0.059768518518518554,0.33397920290954136,0.2587395782806668,0.18760413774754542,1.115602037605772,0.009536431273797552,0.0007870370370371416,0.011285431475798132,0.664772727272729,0.12943013436400475,0.10463942944385957,0.0,0.9999999987499999,0.5517603601518732,0.2911022502828897,0.3892649568549525,0.43253422388633084,neutral,01,17,17,male,normal,1920
10,0.33366666666666667,True,1.0,0.5117845117845115,0.50277642322126,0.5072804675028857,0.49369440787104873,-0.05898148148148141,-0.05986111111111103,0.33293621355073805,0.26797093072059547,0.18971367571775177,1.0275191685691234,0.009008088563251415,0.0008796296296296191,0.011317306851222945,0.5945660766218174,0.12735840553034214,0.10607913428510928,0.0,0.9999999987499999,0.5499872382624925,0.29043341580148124,0.3865962869052079,0.4305328307572544,neutral,01,17,17,male,normal,1920
20,0.6673333333333333,True,1.0,0.5387386927844184,0.55049556650848,0.5446171296464493,0.48592367670618286,-0.059398148148148144,-0.06009259259259253,0.33919748505742287,0.2776706724035329,0.18620332423026978,1.120787390600347,0.011756873724061534,0.0006944444444443865,0.010776958355108862,0.6107142857142858,0.12919525669850837,0.10511070102322823,0.0,0.9999999987499999,0.5510193200561475,0.29052647469880605,0.39002047596777256,0.4333915409586664,neutral,01,17,17,male,normal,1920
30,1.0010000000000001,True,1.0,0.5255100901428971,0.523652110305277,0.524581100224087,0.8235622367407743,-0.06129629629629635,-0.06157407407407417,0.35939110538729724,0.30065359477124176,0.18901971014220054,0.6369659472247086,0.0018579798376200385,0.0002777777777778212,0.0077436589606474865,0.33927219126953506,0.12549296557493725,0.1068626698195826,0.0,0.9999999987499999,0.5589626183442127,0.293970949659305,0.3938139138653768,0.4338901999370734,neutral,01,17,17,male,normal,1920
40,1.3346666666666667,True,1.0,0.5333558764450849,0.5088395277387656,0.5210977020919252,0.6680988146376224,-0.06129629629629635,-0.06092592592592594,0.34966234109225314,0.293963478440554,0.18901971014220054,0.7799710023053539,0.024516348706319246,0.00037037037037040976,0.010365814655262255,0.4387500000000008,0.1261537406142524,0.10608180022484925,0.0,0.8834106725262624,0.5582024584286841,0.2907825371428205,0.38834629682485244,0.4313349750854871,neutral,01,17,17,male,normal,1920
50,1.6683333333333334,True,1.0,0.5280096598664438,0.5260699265904228,0.5270397932284333,0.6832292207024524,-0.06259259259259264,-0.06263888888888891,0.3426599603670918,0.30743369514310565,0.19047174398086422,0.7713952759317947,0.0019397332760209274,4.6296296296266526e-05,0.010647075810980301,0.41622366167974434,0.13098282302638242,0.10305958394579957,0.0,0.8894867017424972,0.555668969673807,0.29149236420665464,0.390156568069144,0.43013826901546304,neutral,01,17,17,male,normal,1920
60,2.0020000000000002,True,1.0,0.4730726225910576,0.4540634949305463,0.463568058760802,0.6405713445460759,-0.06310185185185185,-0.06347222222222226,0.3483073916583678,0.20672345163603656,0.19540300757883092,0.7236790448209908,0.01900912766051127,0.00037037037037040976,0.005861502821343981,0.41201268243784195,0.12517873668424703,0.10811530062467385,0.0,0.9999999987499999,0.5543888640143557,0.29236778931243845,0.38371417668791785,0.4205988474808255,neutral,01,17,17,male,normal,1920
70,2.3356666666666666,True,1.0,0.5420123235857485,0.5224474131752903,0.5322298683805193,0.6440429589242374,-0.05972222222222212,-0.05921296296296291,0.3552712082602832,0.22995474311251504,0.19257080791761216,0.8263887695776032,0.01956491041045816,0.0005092592592592093,0.009524380221358937,0.4494423644624804,0.1280981589784011,0.10662382208850017,0.0,0.9999999987499999,0.5497668995176195,0.29169041892029024,0.38418264804489966,0.41806566296444836,neutral,01,17,17,male,normal,1920
80,2.6693333333333333,True,1.0,0.5253646932901741,0.5213780325749472,0.5233713629325607,0.6041386658896364,-0.06087962962962956,-0.06050925925925926,0.348868012700246,0.22821233427719737,0.19193556347163396,0.8663099921966753,0.0039866607152269085,0.00037037037037029874,0.006878130168624249,0.4645942664499417,0.12867210672352583,0.10538953875656326,0.0,0.9999999987499999,0.548760670690151,0.2910582325749689,0.38711340653884674,0.4233186301308162,neutral,01,17,17,male,normal,1920
90,3.003,True,1.0,0.4985469572304557,0.48684013147093214,0.4926935443506939,0.4040546012501361,-0.06041666666666673,-0.06074074074074076,0.35679535150629704,0.1824462390768073,0.1905085912525978,1.21937367580102,0.011706825759523587,0.0003240740740740322,0.01624462393105051,0.674352713120811,0.12882881432934065,0.10501665857853103,0.0,0.9999999987499999,0.5487840433751625,0.28927501062009786,0.3886711544576088,0.4295868899538436,neutral,01,17,17,male,normal,1920
100,3.336666666666667,True,1.0,0.5043668233918789,0.5147372028668108,0.5095520131293448,0.44355886293229335,-0.05935185185185182,-0.05800925925925926,0.3568440184997744,0.20218299046090815,0.19050859125259778,1.1487810428604264,0.010370379474931912,0.001342592592592562,0.011726461328248223,0.6127546824032001,0.12698507707753165,0.10598785093938645,0.0,0.9999999987499999,0.5483108565144809,0.2890025538307303,0.38531575982607397,0.4255976421831152,neutral,01,17,17,male,normal,1920
110,3.6703333333333332,True,1.0,0.49890163826529327,0.501549793514073,0.5002257158896831,0.4336919344872451,-0.06180555555555556,-0.059537037037037055,0.3559706954210334,0.20367420104251344,0.19191529001815288,1.1534125403579412,0.00264815524877976,0.002268518518518503,0.012681379667332685,0.6653663829606433,0.1302687831388075,0.1032250266179887,0.0,0.7717218191364675,0.550839699754902,0.28885712602854713,0.38761335570917055,0.42784959173181036,neutral,01,17,17,male,normal,1920
0,0.0,True,1.0,0.5336799541432451,0.5223359417457256,0.5280079479444854,0.6065124148439971,-0.05879629629629629,-0.058657407407407436,0.3352870817012462,0.2961783971122368,0.18634708557960417,0.8705641220555986,0.011344012397519476,0.0001388888888888551,0.011301959422921079,0.48452854886416535,0.12637486335397172,0.10724896317534961,0.0,0.9999999987499999,0.5505184455735419,0.293155197500972,0.38509941343552756,0.42816674307101166,neutral,01,17,17,male,normal,1921
10,0.33366666666666667,True,1.0,0.5555609432296794,0.5316548272073859,0.5436078852185326,0.6011628103817563,-0.05995370370370373,-0.05981481481481482,0.33048286822817036,0.30058140519087817,0.18565352380921235,0.9042606692076068,0.023906116022293533,0.0001388888888889106,0.011024110207229255,0.49610738510597546,0.12695698411207418,0.10638029153785357,0.0,0.9999999987499999,0.5496473780684149,0.29307756823230197,0.38571692255880896,0.4321084418971929,neutral,01,17,17,male,normal,1921
20,0.6673333333333333,True,1.0,0.528009018238373,0.5168028952047656,0.5224059567215693,0.6016482937393677,-0.05805555555555553,-0.05777777777777787,0.3301387110926839,0.2936353338804293,0.18702148160187476,0.8682912627819636,0.011206123033607351,0.00027777777777765467,0.011320796832143508,0.49606289804144704,0.12616981605824026,0.10642133254451507,0.0,0.8686102181995562,0.5498177783222664,0.292461093528731,0.38601696683409353,0.4329227409955106,neutral,01,17,17,male,normal,1921
30,1.0010000000000001,True,1.0,0.22460196655123815,0.23250544485008454,0.22855370570066136,0.8496324304931587,-0.07611111111111102,-0.0761574074074074,0.3599898858531488,0.30716330042462675,0.19048976799342796,0.26900303884116117,0.007903478298846384,4.629629629637755e-05,0.010483622332173115,0.33748736318202927,0.12320064598597438,0.10914901530958496,0.0,0.8497083154378403,0.5574416832514256,0.2937615473480954,0.38501269740743527,0.42440354084682486,neutral,01,17,17,male,normal,1921
40,1.3346666666666667,True,1.0,0.469462411062922,0.42538299872677315,0.4474227048948476,0.7027756441128772,-0.08101851851851855,-0.08124999999999993,0.33986372834592343,0.323827992875541,0.207771490843975,0.6366508410513216,0.04407941233614887,0.00023148148148138814,0.008504343299633104,0.40855902302845004,0.12671121402755448,0.10702952105445454,0.0,0.9999999987499999,0.5542958115277361,0.2914846964844829,0.39353320786650975,0.4335185167998212,neutral,01,17,17,male,normal,1921
50,1.6683333333333334,True,1.0,0.45701572088821224,0.4601416991681216,0.4585787100281669,0.7632665676630613,-0.07898148148148149,-0.08208333333333329,0.33668883828771273,0.2844753888665726,0.20923790886862745,0.6008106858816372,0.003125978279909347,0.0031018518518518,0.00566388404466919,0.3686112012702799,0.12594210335532527,0.10722509477639998,0.0,0.9999999987499999,0.5527909846829357,0.2932500790757995,0.3934279421029664,0.4291045440798012,neutral,01,17,17,male,normal,1921
60,2.0020000000000002,True,1.0,0.45789375382233355,0.44886626284995373,0.45338000833614367,0.6715354484267579,-0.07115740740740734,-0.07504629629629633,0.3558506664306535,0.25011902742331765,0.2044000861286961,0.6751393532512711,0.009027490972379815,0.003888888888888997,0.005984365249330527,0.43004244400717406,0.1250710894981267,0.10788720509810801,0.0,0.9999999987499999,0.5492311956579506,0.2926077701062944,0.3929519172459143,0.42894858161663874,neutral,01,17,17,male,normal,1921
70,2.3356666666666666,True,1.0,0.4867495905165242,0.48173816667337904,0.48424387859495166,0.6859204976536613,-0.06995370370370363,-0.07203703703703707,0.3404206158868224,0.25377452547075496,0.203706437423293,0.7059766842533677,0.00501142384314518,0.002083333333333437,0.009180795160703727,0.41814104566248844,0.12811510326228231,0.1060659523312523,0.0,0.9999999987499999,0.5489917213057098,0.29248259570339613,0.3941235011848773,0.42844456239596407,neutral,01,17,17,male,normal,1921
80,2.6693333333333333,True,1.0,0.47887986924043235,0.44214389765484946,0.46051188344764094,0.4425466830319104,-0.06634259259259262,-0.06828703703703715,0.3489665787657565,0.18101552997981232,0.200320559144626,1.0405950402625324,0.036735971585582894,0.0019444444444445264,0.010525088433991045,0.6165324327964755,0.12829713154872285,0.10548508932159205,0.0,0.9999999987499999,0.5489133543261056,0.2899188442149308,0.39272148260901146,0.4350758586613887,neutral,01,17,17,male,normal,1921
90,3.003,True,1.0,0.5060276798407021,0.4966974334268408,0.5013625566337714,0.4703760468797534,-0.0637962962962963,-0.06657407407407412,0.3496107802882204,0.22172007553383305,0.1940160094272184,1.0658760367573297,0.009330246413861265,0.0027777777777778234,0.004561881417102607,0.595251993028898,0.12842740447516782,0.10586770827452752,0.0,0.9999999987499999,0.5473460162268032,0.2904700834831606,0.3894292594737298,0.4280486469003293,neutral,01,17,17,male,normal,1921
100,3.336666666666667,True,1.0,0.4372235488301821,0.4140452855554208,0.4256344171928015,0.4874288017988243,-0.06564814814814823,-0.06935185185185189,0.3458937033300745,0.23694455642998458,0.1939959533898597,0.8732237726248948,0.0231782632747613,0.0037037037037036535,0.009144809721086769,0.5943994174276015,0.127215208763497,0.1055311378651645,0.0,0.9999999987499999,0.5503672370901487,0.29078768252567055,0.39263515380280395,0.4333780136253466,neutral,01,17,17,male,normal,1921
0,0.0,True,1.0,0.496815391251408,0.48205849996304123,0.4894369456072246,0.48606423217651934,-0.06259259259259253,-0.06333333333333341,0.33852224265595976,0.2846947645605332,0.18413387926676386,1.0069388225000693,0.014756891288366769,0.000740740740740875,0.003444783470861902,0.5953288621271726,0.1295070385771393,0.10490807752491768,0.0,0.9999999987499999,0.5507909918264181,0.2898510793868814,0.38990358669010217,0.43370107222153786,neutral,01,17,17,male,normal,1922
10,0.33366666666666667,True,1.0,0.4844319658134827,0.47591307434318036,0.48017252007833156,0.4960769252561473,-0.059907407407407354,-0.06143518518518526,0.34305633720237855,0.2824882491041955,0.18416205219965828,0.9679396392613835,0.008518891470302326,0.0015277777777779056,0.00043162766198013224,0.6093750000000017,0.12813521082050314,0.10604166009533203,0.0,0.9999999987499999,0.5524438123218037,0.290239157069843,0.392921966443083,0.43567886254492866,neutral,01,17,17,male,normal,1922
20,0.6673333333333333,True,1.0,0.5244919868140818,0.5102334406967051,0.5173627137553934,0.5277777777777771,-0.06300925925925932,-0.06374999999999997,0.34028862926745723,0.2916666666666668,0.18485599221902047,0.9802661944839046,0.014258546117376758,0.000740740740740653,0.0028725457648375494,0.5483292151171327,0.12888801889354612,0.10530645023541321,0.0,0.9999999987499999,0.5514224893160389,0.29071685943555015,0.3914444763626584,0.4336873521953133,neutral,01,17,17,male,normal,1922
30,1.0010000000000001,True,1.0,0.506027679840701,0.5030949974064706,0.5045613386235858,0.76768949921859,-0.06481481481481477,-0.06717592592592592,0.3314007699320267,0.3411953329860401,0.18763178962148847,0.6572466330947145,0.0029326824342303937,0.002361111111111147,0.00597110611944635,0.38586129952687087,0.12526937694508952,0.10747979207500248,0.0,0.9999999987499999,0.5581313739949104,0.29293616962725727,0.3879411298094518,0.43057932418798484,neutral,01,17,17,male,normal,1922
40,1.3346666666666667,True,1.0,0.5247102998683827,0.49544901385090345,0.5100796568596431,0.6329392320028288,-0.0668981481481482,-0.06828703703703703,0.348071559693636,0.2760692394905946,0.1911319565555269,0.8058904094877838,0.029261286017479238,0.0013888888888888284,0.006201382342325487,0.44281914893616975,0.12676542972114208,0.10678704049418315,0.0,0.9999999987499999,0.5543450569290216,0.2909660478049196,0.3896065400088891,0.43243646134667796,neutral,01,17,17,male,normal,1922
50,1.6683333333333334,True,1.0,0.5059138809386212,0.4821761613076043,0.49404502112311277,0.8007149292345275,-0.06361111111111112,-0.063888888888889,0.34625080296695415,0.31212892281594584,0.19248957256034346,0.6170048828681302,0.023737719631016896,0.0002777777777778767,0.006842109916912292,0.353145140160112,0.12893467477731918,0.10524932073799734,0.0,0.8449610445281577,0.5566267373746374,0.29283039231134783,0.39611029253494634,0.43153079799957667,neutral,01,17,17,male,normal,1922
60,2.0020000000000002,True,1.0,0.37402935951172117,0.3565330705204198,0.36528121501607047,0.6356753758075081,-0.06648148148148131,-0.06722222222222224,0.36311408786975163,0.23349801856015273,0.1890669289046729,0.5746348355118337,0.017496288991301345,0.0007407407407409305,0.007478842134461975,0.44813945640817954,0.12701348880067534,0.10667063232430127,0.0,0.9999999987499999,0.5533888781606393,0.29093651462612397,0.3901046495193024,0.4309126799265544,neutral,01,17,17,male,normal,1922
70,2.3356666666666666,True,1.0,0.49317362839678847,0.46092267493629746,0.47704815166654296,0.7013503027099098,-0.06162037037037038,-0.06347222222222221,0.34099271382072405,0.3093439982385032,0.18832574809705546,0.6801852794863026,0.032250953460491005,0.0018518518518518268,0.0035874193900027264,0.42084592340024835,0.12956693408526956,0.10410461840169065,0.0,0.9999999987499999,0.5530057594678497,0.2900485847299036,0.39447442443935726,0.4319766316639642,neutral,01,17,17,male,normal,1922
80,2.6693333333333333,True,1.0,0.43003885953235194,0.4211283847775307,0.4255836221549413,0.39752054927314245,-0.06699074074074085,-0.06657407407407401,0.3537444229857227,0.17222863278105466,0.18903464384655697,1.0705952759753214,0.008910474754821263,0.0004166666666668428,0.005821007996495332,0.6968233644705967,0.12848827840392016,0.10507100645777971,0.0,0.9999999987499999,0.5531365904877575,0.2886422366033768,0.3936240763696959,0.4361068550243977,neutral,01,17,17,male,normal,1922
90,3.003,True,1.0,0.46451727883304444,0.47482072652389756,0.469669002678471,0.4404736108098694,-0.06333333333333335,-0.06398148148148142,0.3490332525507956,0.21356296281690643,0.18698557924659692,1.066281818370281,0.010303447690853118,0.0006481481481480644,0.011590330950776238,0.6136363636363631,0.12974676854080094,0.10424656315264491,0.0,0.9799131189936877,0.552080818030337,0.2882837299309497,0.3920893240756366,0.4349952590096279,neutral,01,17,17,male,normal,1922
100,3.336666666666667,True,1.0,0.4568869516685173,0.4473805658550247,0.452133758761771,0.44081255533072783,-0.062222222222222234,-0.06351851851851847,0.3500936106614666,0.233730281476632,0.18624388353869464,1.0256825793506477,0.009506385813492557,0.0012962962962962399,0.0043251613906686165,0.6313176919915523,0.12815635233045036,0.10420353069692583,0.0,0.9999999987499999,0.5509497029749401,0.28962091572582066,0.39132507014273743,0.43662046248745434,neutral,01,17,17,male,normal,1922
0,0.0,True,1.0,0.5417822868969648,0.5409481335355772,0.541365210216271,0.7343019632145408,-0.06245370370370368,-0.0636574074074075,0.31911477931443244,0.3524649423429796,0.18903464384655697,0.7372514814564107,0.0008341533613875907,0.0012037037037038179,0.008891600075446801,0.41625000000000045,0.1277767069559453,0.10629428554638438,0.0,0.9999999987499999,0.5517127334058625,0.29248730120039484,0.3856889088082709,0.4271789037841989,neutral,01,17,17,male,normal,1923
10,0.33366666666666667,True,1.0,0.5197719611156427,0.5180310866901571,0.5189015239028999,0.7220411777776429,-0.058240740740740704,-0.058935185185185146,0.3246147252167121,0.3393378805096403,0.18900558257911224,0.7186591843695359,0.00174087442548565,0.000694444444444442,0.005624999621568733,0.40497437352623755,0.126745297518639,0.10663241439197862,0.0,0.9999999987499999,0.5519341631183723,0.2927219981244619,0.3887425275776425,0.42949074360763484,neutral,01,17,17,male,normal,1923
20,0.6673333333333333,True,1.0,0.5695542860083884,0.5316548272073859,0.5506045566078872,0.7368195878793006,-0.060416666666666674,-0.06027777777777776,0.3234656271435258,0.33229118669066504,0.19038039609174418,0.7472718772211611,0.03789945880100254,0.0001388888888889106,0.010003189305698242,0.40808823529411736,0.12624084361306778,0.10597812988271763,0.0,0.9999999987499999,0.5513529919155162,0.29214815610677286,0.38866056264912247,0.4281245057486023,neutral,01,17,17,male,normal,1923
30,1.0010000000000001,True,1.0,0.5198858025731665,0.5090624705978947,0.5144741365855305,0.7536427505616965,-0.06111111111111117,-0.06148148148148158,0.32847347778778174,0.32697886077828847,0.19389210073779597,0.6826498844473572,0.010823331975271855,0.00037037037037040976,0.010915258988798478,0.39305316422249303,0.12463591231688251,0.10786104009263404,0.0,0.9999999987499999,0.5549032720197455,0.29115477048064464,0.3867229373682859,0.4264955084551879,neutral,01,17,17,male,normal,1923
40,1.3346666666666667,True,1.0,0.5335553264845878,0.5089509991683293,0.5212531628264585,0.6233295321578032,-0.06365740740740744,-0.06277777777777771,0.35430486954712137,0.23872194848596742,0.1918103108271991,0.8362401200886743,0.0246043273162585,0.0008796296296297301,0.008002526523734786,0.43137609197745547,0.12716652632472075,0.10630908132707367,0.0,0.9999999987499999,0.5512991553027461,0.29154703945615007,0.38923135992415275,0.4273053969062905,neutral,01,17,17,male,normal,1923
50,1.6683333333333334,True,1.0,0.4927239003407851,0.4983944980896842,0.49555919921523467,0.745816443229605,-0.06143518518518515,-0.06023148148148155,0.3462968705363613,0.26441200186861363,0.19319816707044563,0.6644519622942574,0.005670597748899109,0.0012037037037035958,0.007229237828079949,0.36861120127027935,0.12846087041718193,0.10564691524068777,0.0,0.9999999987499999,0.5553487614733393,0.29112501492903564,0.39150297638846854,0.4254339751267565,neutral,01,17,17,male,normal,1923
60,2.0020000000000002,True,1.0,0.5198864343300375,0.49544901385090284,0.5076677240904701,0.6350345338994372,-0.06120370370370365,-0.060416666666666785,0.3614833217837368,0.22030358815922219,0.191842128769665,0.7994332543981983,0.02443742047913461,0.000787037037036864,0.006633400099812438,0.4266734232288706,0.12570056327508208,0.10643955587229482,0.0,0.9999999987499999,0.5515607937471864,0.2915635955073003,0.38723557926539365,0.4260538731668062,neutral,01,17,17,male,normal,1923
70,2.3356666666666666,True,1.0,0.5473619299514476,0.5452791074865128,0.5463205187189801,0.7209765714856887,-0.061064814814814794,-0.060694444444444495,0.3258097106981499,0.2811097159859493,0.1925359403531373,0.7577507235681714,0.0020828224649348526,0.00037037037037029874,0.005819081572247601,0.4093167267318378,0.12773096956497712,0.10490629063176264,0.0,0.9999999987499999,0.5542441970928996,0.29138607390352766,0.38915128444082064,0.4246303754979848,neutral,01,17,17,male,normal,1923
80,2.6693333333333333,True,1.0,0.5254711548711855,0.5083461583551768,0.5169086566131811,0.4040546012501358,-0.06199074074074068,-0.06268518518518523,0.36049480427853636,0.1694143648570353,0.19114832178248242,1.2793039728142617,0.017124996516008628,0.000694444444444553,0.0064564561889022785,0.656296023477508,0.1290020921311963,0.1053476817455001,0.0,0.8691076071224771,0.5503925024541066,0.28920197740651415,0.3867208112898392,0.4290355373752205,neutral,01,17,17,male,normal,1923
90,3.003,True,1.0,0.46429810150791456,0.4430004135969118,0.45364925755241314,0.4471779455917971,-0.06111111111111117,-0.06138888888888894,0.3563025843051217,0.2104078871056251,0.18968632733483395,1.0144714470478904,0.021297687911002783,0.0002777777777777657,0.007362134671241631,0.6127546824032015,0.1281153830267641,0.10498233601212432,0.0,0.9999999987499999,0.5495842731545743,0.28823873571115965,0.3869016140462548,0.42789838252889345,neutral,01,17,17,male,normal,1923
100,3.336666666666667,True,1.0,0.4925480182640657,0.46866798607517896,0.4806080021696223,0.4404736108098683,-0.06092592592592583,-0.06143518518518526,0.3508693145834175,0.2135629628169064,0.18968632733483395,1.0911164491465486,0.023880032188886735,0.0005092592592594314,0.011632778211061737,0.6484357281028378,0.12807905977544562,0.1048450892606507,0.0,0.9999999987499999,0.551051586423632,0.28955111740767403,0.3895223298204349,0.43199099740129615,neutral,01,17,17,male,normal,1923
0,0.0,True,1.0,0.465799846038399,0.44047366240732927,0.45313675422286415,0.6192721900991575,-0.06888888888888894,-0.06259259259259264,0.337548892776034,0.3025989110711792,0.19036797259896426,0.7317246946779706,0.025326183631069754,0.0062962962962963,0.006999886971245616,0.4879173489019474,0.12045479549347908,0.11200198662841503,0.0,0.9999999987499999,0.596618835924995,0.3206281755556211,0.3859766387865669,0.47021001788573574,calm,02,17,17,male,normal,1924
10,0.33366666666666667,True,1.0,0.4640879218531045,0.41763415593372727,0.4408610388934159,0.629789610876126,-0.07527777777777783,-0.0683333333333333,0.33164250494617037,0.3292082056852476,0.1882981981319872,0.7000131969152622,0.04645376591937722,0.006944444444444531,0.012588221141986627,0.4751903469470008,0.11914077580812912,0.11406881298382145,0.0,0.9999999987499999,0.5955332807185374,0.3205084614977408,0.38863728936130526,0.4729696279422928,calm,02,17,17,male,normal,1924
20,0.6673333333333333,True,1.0,0.45593396517036966,0.43907389256131285,0.4475039288658412,0.6203065743836575,-0.0705555555555556,-0.0687962962962963,0.33592358877287737,0.31717630806133196,0.18684639246044393,0.7214238045284065,0.01686007260905681,0.0017592592592592937,0.011327457533293292,0.4862870600288382,0.12553750938001795,0.1064529964478031,0.0,0.9999999987499999,0.5470467699267207,0.2932212418218286,0.4021839622245972,0.4356184134581465,calm,02,17,17,male,normal,1924
30,1.0010000000000001,True,1.0,0.3976911563166697,0.3883538486401528,0.39302250247841125,0.7428529995275954,-0.08458333333333334,-0.08782407407407417,0.36063810295697923,0.2997331070547538,0.20422047016405517,0.5290717042649719,0.00933730767651686,0.0032407407407408217,0.009023367538357065,0.3766196152959535,0.12339383087970837,0.10822870887590484,0.0,0.9999999987499999,0.5562036253798395,0.28982388659116987,0.3878211632214819,0.43162279278278626,calm,02,17,17,male,normal,1924
40,1.3346666666666667,True,1.0,0.4207572895051433,0.39802945703450315,0.4093933732698232,0.7928658985669957,-0.08740740740740738,-0.09004629629629629,0.34706156201863736,0.32808244078634324,0.20575180537213691,0.5163463001873957,0.02272783247064014,0.002638888888888913,0.012372441884538612,0.3689375694378214,0.12337576014113141,0.10611628227133095,0.0,0.9999999987499999,0.5489728931025536,0.29201077895410615,0.41008822538536577,0.4339775901483736,calm,02,17,17,male,normal,1924
50,1.6683333333333334,True,1.0,0.46293944212577015,0.4253829987267736,0.4441612204262719,0.4410633562546917,-0.08162037037037034,-0.08439814814814811,0.35532173576600495,0.1804350093769195,0.2097935121027094,1.0070236262606032,0.03755644339899655,0.002777777777777768,0.010697518621707218,0.5803371498791406,0.1258889059142708,0.1056772548236914,0.0,0.9999999987499999,0.5445740562865772,0.2916617211593027,0.4099340607867203,0.43814066076121666,calm,02,17,17,male,normal,1924
60,2.0020000000000002,True,1.0,0.4358308347174092,0.41128763670035234,0.42355923570888077,0.6719215327680311,-0.08120370370370372,-0.08287037037037032,0.35179600109351633,0.26203281653998445,0.20978369299672175,0.6303700879535691,0.024543198017056844,0.0016666666666665941,0.003586798667755176,0.4279405007948492,0.12457259247177956,0.10863792894002919,0.0,0.9050742282602128,0.5506397668989471,0.2910405491284091,0.3916985339998779,0.4316848541027163,calm,02,17,17,male,normal,1924
70,2.3356666666666666,True,1.0,0.40138648595974397,0.38596765294329455,0.39367706945151926,0.48468970613745477,-0.07916666666666672,-0.07995370370370364,0.3510991912178584,0.19512698914923665,0.2063332129721016,0.8122249440549808,0.015418833016449418,0.0007870370370369195,0.009777347370811741,0.5960524562176417,0.12840290480947103,0.10517532087911328,0.0,0.7576269320559555,0.5417495491399684,0.2932095706997931,0.41301352194522856,0.441886184139195,calm,02,17,17,male,normal,1924
80,2.6693333333333333,True,1.0,0.415373326366784,0.4121517776715734,0.41376255201917866,0.41101922594547624,-0.08087962962962969,-0.08009259259259255,0.3550525607039284,0.20547578962542218,0.203545701115528,1.006674447083082,0.0032215486952105743,0.0007870370370371416,0.01540945652391542,0.6539141761278428,0.1258754047501348,0.10533220496744986,0.0,0.9999999987499999,0.5410374264158788,0.2909522794037913,0.40544359306310385,0.4364379139961728,calm,02,17,17,male,normal,1924
90,3.003,True,1.0,0.4023142849718731,0.4046433123384294,0.40347879865515124,0.41410465311862066,-0.08143518518518522,-0.07939814814814816,0.3549995368180421,0.2070182493078743,0.20358055682318973,0.974340171298617,0.002329027366556269,0.0020370370370370594,0.017650576386250758,0.6720348659124497,0.1280399773464966,0.10379729674291154,0.0,0.9999999987499999,0.5406481087044193,0.29109633916553634,0.40916199458606517,0.4403476910535568,calm,02,17,17,male,normal,1924
100,3.336666666666667,True,1.0,0.42075728950514485,0.3948524633791039,0.4078048764421244,0.41697251345813696,-0.07740740740740737,-0.07773148148148151,0.3481433121932861,0.22862471220101005,0.19732122906132424,0.9780138097353677,0.025904826126040947,0.00032407407407414324,0.014654997820837597,0.6924138718824572,0.1279222399084215,0.10430830763428678,0.0,0.9999999987499999,0.5398361702102716,0.2907110176499168,0.4081733771806142,0.4390649218732965,calm,02,17,17,male,normal,1924
0,0.0,True,1.0,0.4640797518305779,0.4319483734614762,0.44801406264602706,0.6252089574499143,-0.07138888888888884,-0.07097222222222221,0.33318387535761873,0.31970912596870676,0.1910297419690029,0.7165829236890253,0.03213137836910174,0.0004166666666666208,0.012112279480638727,0.4607880982486473,0.12378519726411125,0.10813382337320337,0.0,0.9999999987499999,0.5476018427761731,0.28952185956706306,0.3871154908425625,0.43057674974247945,calm,02,17,17,male,normal,1925
10,0.33366666666666667,True,1.0,0.4640797518305778,0.43153635545924524,0.4478080536449115,0.5870070323489075,-0.06981481481481483,-0.06875000000000003,0.33765778759057086,0.279527158261384,0.19035634988781405,0.762866590972528,0.03254339637133258,0.0010648148148147962,0.015420214290880896,0.49553571428571547,0.12383815911131951,0.1070102120441115,0.0,0.9002868175530234,0.5469511585180947,0.2891904120871567,0.3901275565959217,0.43185458872495186,calm,02,17,17,male,normal,1925
20,0.6673333333333333,True,1.0,0.44154963625637095,0.410059332835623,0.42580448454599695,0.6013946954631715,-0.07023148148148145,-0.06958333333333339,0.3368637010752472,0.28671142458127946,0.19032628786065,0.7080283344003532,0.031490303420747934,0.0006481481481480644,0.010918017597280368,0.4970930232558135,0.12457588752139058,0.1070441176316501,0.0,0.9999999987499999,0.5478095433251426,0.28975673649252,0.39131552243227413,0.43319369529819374,calm,02,17,17,male,normal,1925
30,1.0010000000000001,True,1.0,0.44988989390184175,0.43829806941579214,0.44409398165881697,0.8356079477841609,-0.07819444444444451,-0.07745370370370369,0.37505079212762593,0.2930863697451907,0.1972690246162262,0.5314621322552658,0.011591824486049618,0.0007407407407408195,0.004137427683188824,0.31937879145363673,0.12049373317171577,0.10920347921138865,0.0,0.9999999987499999,0.5498553140553096,0.2900578688863436,0.39736479870985025,0.4426677090112093,calm,02,17,17,male,normal,1925
40,1.3346666666666667,True,1.0,0.4567501391955699,0.4302284156717226,0.44348927743364625,0.7121917577753426,-0.07731481481481495,-0.07777777777777772,0.34961078028822035,0.2754703968753682,0.20283194969418367,0.6227104885613444,0.026521723523847296,0.0004629629629627763,0.010780970034502062,0.40330188679245216,0.12117932759631857,0.10914268623570533,0.0,0.9999999987499999,0.5504037949789291,0.28894579784014507,0.39081009696779706,0.4311338202981785,calm,02,17,17,male,normal,1925
50,1.6683333333333334,True,1.0,0.484553584780727,0.45016865631383585,0.4673611205472814,0.4971904724092003,-0.0767592592592593,-0.07861111111111108,0.349749752506932,0.19484491486306563,0.2056182719829848,0.940004176432873,0.034384928466891174,0.0018518518518517713,0.008368623405575872,0.5327805531236173,0.12493079722474078,0.10698644153140216,0.0,0.9999999987499999,0.5483728569005727,0.2878265840410887,0.39305568175471706,0.4305002629534509,calm,02,17,17,male,normal,1925
60,2.0020000000000002,True,1.0,0.423349897345601,0.40373326364361706,0.41354158049460904,0.6179196599404929,-0.07777777777777778,-0.07921296296296293,0.3629690488109655,0.20584605032306302,0.20982732995064723,0.6692481358085193,0.019616633701983965,0.0014351851851851505,0.012725518224334407,0.46892303854233885,0.12380939888315588,0.1103733794213781,0.0,0.9999999987499999,0.5503611391040791,0.28959358392317786,0.3966044536319414,0.4300060903238892,calm,02,17,17,male,normal,1925
70,2.3356666666666666,True,1.0,0.46421872059740804,0.4333854696264704,0.44880209511193925,0.5918516396124208,-0.0750925925925926,-0.07675925925925925,0.3661265619332574,0.2187114284682556,0.20702737829043377,0.7583016841954534,0.030833250970937642,0.0016666666666666496,0.01225391773555135,0.478844188198447,0.1264000878651518,0.10704139400297454,0.0,0.9999999987499999,0.5513828696478591,0.28843774652529003,0.40006965505162817,0.43145436436057444,calm,02,17,17,male,normal,1925
80,2.6693333333333333,True,1.0,0.43684336892455816,0.41763415593372666,0.4272387624291424,0.40068744899509434,-0.07134259259259251,-0.0734259259259259,0.36409876046750606,0.1873874770848975,0.2043015222809008,1.0662644000969772,0.019209212990831503,0.0020833333333333814,0.014729495480837455,0.6924138718824557,0.12594219257194328,0.10722498998401643,0.0,0.9999999987499999,0.550089844609719,0.2877658926214297,0.39416337799232715,0.43186439095979556,calm,02,17,17,male,normal,1925
90,3.003,True,1.0,0.4298926520745523,0.4112876367003523,0.4205901443874523,0.4300689989513026,-0.06995370370370363,-0.06990740740740742,0.35026805877112904,0.20828249519844824,0.20009763241977654,0.9779596888244354,0.018605015374200007,4.6296296296211015e-05,0.013936529234867961,0.6707827300059607,0.12507949571068144,0.10663404039979975,0.0,0.9999999987499999,0.550595596519858,0.2873086722388894,0.3900858590538308,0.4300274541829259,calm,02,17,17,male,normal,1925
100,3.336666666666667,True,1.0,0.4792177558617637,0.4597296811658895,0.4694737185138266,0.4259416245134198,-0.07194444444444437,-0.07162037037037033,0.3537601329172874,0.19297498719350856,0.1980280405519255,1.1022020189976414,0.019488074695874158,0.0003240740740740322,0.011073627864214983,0.6532858053006961,0.12462217548329291,0.10716814917068732,0.0,0.9999999987499999,0.5506792927717963,0.28727435692323267,0.38963325376592645,0.43091725218935256,calm,02,17,17,male,normal,1925
0,0.0,True,1.0,0.43357147477216046,0.4365430319833703,0.43505725337776535,0.7855945517265281,-0.07671296296296298,-0.07162037037037033,0.31561740678144,0.43641774109030496,0.1854183125512156,0.5537936234685247,0.002971557211209841,0.0050925925925926485,0.014260170362422874,0.38584036691506024,0.1293780981327332,0.10268268683819025,0.0,0.9999999987499999,0.536800641998987,0.28628382225232585,0.4104517403949491,0.43991455028613424,calm,02,17,17,male,normal,1926
10,0.33366666666666667,True,1.0,0.4206094709372264,0.4097245118707174,0.4151669914039719,0.7083333333333328,-0.08074074074074084,-0.0728240740740741,0.3329019306129989,0.40277777777777735,0.18820093072565577,0.5861181055114901,0.010884959066508992,0.007916666666666738,0.01836765301201785,0.40808823529411814,0.12882455212411129,0.10447624087510515,0.0,0.9999999987499999,0.538962615976078,0.2869422729937654,0.4122407075304428,0.44030401716458534,calm,02,17,17,male,normal,1926
20,0.6673333333333333,True,1.0,0.4274562716272777,0.41157462296748243,0.41951544729738005,0.7139107611548552,-0.0737962962962963,-0.07055555555555554,0.3295856383059686,0.4059492563429567,0.18334831407780552,0.5876300934569922,0.015881648659795244,0.0032407407407407662,0.014068013901054532,0.3975426729988316,0.12598844499295864,0.10537792273517692,0.0,0.9999999987499999,0.5442097926748826,0.28529283268872424,0.3944686504848889,0.42967716981036597,calm,02,17,17,male,normal,1926
30,1.0010000000000001,True,1.0,0.3312055383166892,0.33484463119671065,0.3330250847566999,0.7054229982549399,-0.09740740740740733,-0.09893518518518524,0.34025448164734806,0.33914567223795145,0.2090511361072119,0.472092752264287,0.003639092880021455,0.0015277777777779056,0.008804699353974592,0.40070211873944217,0.1258721161982544,0.10712955130824085,0.0,0.9999999987499999,0.5478495627235269,0.2841905481539633,0.38508703824236973,0.42023023814251986,calm,02,17,17,male,normal,1926
40,1.3346666666666667,True,1.0,0.41299519516132904,0.3961318629628786,0.4045635290621038,0.5884190889336046,-0.08939814814814817,-0.09249999999999997,0.3523278694590742,0.2745098039215676,0.21181456055111783,0.6875431757241198,0.01686333219845043,0.0031018518518518,0.002780116462353917,0.47537100370764673,0.12553927228793105,0.10734205869834747,0.0,0.9999999987499999,0.5470135125534589,0.28409462920706713,0.3974226245626061,0.4249733193786355,calm,02,17,17,male,normal,1926
50,1.6683333333333334,True,1.0,0.4201562942732662,0.41128634933419483,0.4157213218037305,0.7058603442979463,-0.0867592592592592,-0.08981481481481479,0.35236170716651527,0.30716330042462686,0.21320732704585418,0.5889569022569328,0.00886994493907134,0.003055555555555589,0.0012360128091123063,0.4066497939010979,0.12759000362831444,0.1050776920863481,0.0,0.9999999987499999,0.5455058052830508,0.28478956116727866,0.3983788668174526,0.42539008590833427,calm,02,17,17,male,normal,1926
60,2.0020000000000002,True,1.0,0.44724663776729023,0.4488662628499549,0.44805645030862257,0.8889160152110913,-0.08972222222222215,-0.09115740740740735,0.37305303825078434,0.3209876543209875,0.21598953117742897,0.5040481245038907,0.0016196250826646663,0.001435185185185206,0.003595111467488421,0.3284087911056979,0.12377122478298624,0.10850156971298014,0.0,0.7423115677285883,0.539934234037365,0.2856479988957722,0.3954526576728639,0.42287963262667794,calm,02,17,17,male,normal,1926
70,2.3356666666666666,True,1.0,0.4623259935481087,0.4338393309476321,0.4480826622478704,0.6837400209983822,-0.08722222222222226,-0.08652777777777776,0.3368047666030949,0.266641735300908,0.22083644264959248,0.6553406974680083,0.02848666260047661,0.0006944444444444975,0.0017405709840514123,0.43917781306153786,0.12635132423300122,0.1074541437175117,0.0,0.9999999987499999,0.5417297562931424,0.28573875774719615,0.39850411015949644,0.4194275517453936,calm,02,17,17,male,normal,1926
80,2.6693333333333333,True,1.0,0.4420115372189326,0.4216949076809059,0.43185322244991925,0.4014268229566363,-0.08374999999999999,-0.08310185185185182,0.35377580302889333,0.16186565441799808,0.22361418180285728,1.0757956313660928,0.02031662953802671,0.0006481481481481755,0.007543205500676706,0.6721454894984192,0.12650669449264398,0.10655839054617203,0.0,0.9999999987499999,0.5423453156653286,0.2833256662538238,0.39759946942261126,0.41928947847060577,calm,02,17,17,male,normal,1926
90,3.003,True,1.0,0.2602550233135188,0.23661753106099773,0.24843627718725825,0.4053570043313821,-0.08226851851851852,-0.08263888888888887,0.35150788794540944,0.1568091648923518,0.2159754015220728,0.6128826553695367,0.02363749225252107,0.00037037037037035425,0.006440260924663393,0.6709293103464898,0.12733351573680946,0.1048446199260776,0.0,0.9999999987499999,0.5421406482514881,0.28384501776566123,0.3952001446026231,0.4197127966141102,calm,02,17,17,male,normal,1926
100,3.336666666666667,True,1.0,0.43719576013652395,0.41523829095964504,0.4262170255480845,0.4278997257347495,-0.07402777777777775,-0.0739351851851851,0.3542583629264581,0.1750498878005789,0.2138920991554832,0.9960675361878869,0.021957469176878908,9.259259259264407e-05,0.004383697198675218,0.665463036217014,0.12597794892005876,0.10539047043180252,0.0,0.8998710038029076,0.5420753809179922,0.283381876131969,0.39623030237458423,0.42082064581140954,calm,02,17,17,male,normal,1926
110,3.6703333333333332,True,1.0,0.2953336090646086,0.2725882244854271,0.28396091677501784,0.4417062224079507,-0.08597222222222223,-0.0832870370370371,0.35403497199862544,0.16219234649039752,0.20833333333333331,0.642872801807074,0.022745384579181516,0.002685185185185124,0.004110179062005881,0.6609511228779591,0.1239547175798847,0.10881841088110097,0.0,0.792104416943709,0.5379978603707107,0.2821918307611797,0.36089725768618314,0.3934470785186231,calm,02,17,17,male,normal,1926
0,0.0,True,1.0,0.4650079534531087,0.4184696103746671,0.44173878191388793,0.7080602146290083,-0.07393518518518516,-0.06560185185185191,0.32775674538482613,0.34708834050441584,0.1951705550945909,0.6238717735967403,0.04653834307844157,0.008333333333333248,0.020222500952077824,0.43193096932787045,0.12107983702561428,0.10977495299187227,0.0,0.9999999987499999,0.5809243293176646,0.3130218379099106,0.40203304631902104,0.4602101662169001,calm,02,17,17,male,normal,1927
10,0.33366666666666667,True,1.0,0.43641060287780187,0.41135936842369974,0.42388498565075083,0.7018600663483424,-0.06949074074074069,-0.06194444444444441,0.320874192464538,0.3509300331741712,0.19238649301055735,0.6039451537058544,0.025051234454102123,0.007546296296296273,0.019257146425612177,0.4381298643201153,0.12119313484797435,0.11016988312002418,0.0,0.9999999987499999,0.5806199491124575,0.31346065603381906,0.40637054563559477,0.4636361459803004,calm,02,17,17,male,normal,1927
20,0.6673333333333333,True,1.0,0.44318285083251,0.4297912173119716,0.4364870340722408,0.7048808416434392,-0.07671296296296293,-0.06907407407407412,0.32537893269423157,0.37356320727223524,0.19518619083212763,0.619235207265054,0.013391633520538404,0.007638888888888806,0.018551855565753145,0.45174569379532886,0.1222593917909296,0.108985412786995,0.0,0.9999999987499999,0.5766757784598215,0.3138147990173893,0.4066612097352784,0.4655177099512103,calm,02,17,17,male,normal,1927
30,1.0010000000000001,True,1.0,0.43641060287780076,0.4036204476393185,0.4200155252585596,0.7986662399151951,-0.0824537037037037,-0.07652777777777775,0.3321695147796666,0.3511212311726105,0.2035097147683911,0.5258961807414799,0.03279015523848228,0.005925925925925946,0.014901380778077072,0.379783509437146,0.11935859547078866,0.10992430782137709,0.0,0.9999999987499999,0.5767701038931198,0.31259763977414007,0.4013939343305209,0.4656276223041683,calm,02,17,17,male,normal,1927
40,1.3346666666666667,True,1.0,0.4421438976548501,0.4140452855554208,0.42809459160513547,0.6181174316618385,-0.07939814814814805,-0.07731481481481478,0.3473942520148093,0.2498593659379298,0.2090573402247734,0.6925780922472652,0.02809861209942932,0.0020833333333332704,0.007886334160145201,0.46672189487620647,0.12619821276856555,0.1076339223070611,0.0,0.9999999987499999,0.5379774429850065,0.282782375953585,0.3964058160772221,0.42040432123629573,calm,02,17,17,male,normal,1927
50,1.6683333333333334,True,1.0,0.46175144548876973,0.4659329846242305,0.46384221505650014,0.7999673924743933,-0.08013888888888887,-0.08171296296296293,0.3598923640688869,0.32378341987455317,0.2104224679480808,0.5798264022009467,0.004181539135460766,0.001574074074074061,0.005196489089042776,0.3571286223889852,0.12754592378844692,0.1060334261574568,0.0,0.9999999987499999,0.5441745819421518,0.28389997540948914,0.40434560930849456,0.4239995637751976,calm,02,17,17,male,normal,1927
60,2.0020000000000002,True,1.0,0.46997381634208607,0.4522950781577646,0.46113444724992536,0.9914465100165438,-0.0787962962962962,-0.08046296296296296,0.35488722564695324,0.3411301992281426,0.2132459701805061,0.4651127847958541,0.017678738184321474,0.0016666666666667607,0.002824655338326895,0.2997224474193629,0.12406112683041595,0.1095699552978982,0.0,0.9999999987499999,0.538083748702606,0.28488901163599367,0.3997415519735201,0.42421807397629985,calm,02,17,17,male,normal,1927
70,2.3356666666666666,True,1.0,0.45527747218731623,0.45441586350812735,0.45484666784772176,0.6190698314622738,-0.07537037037037042,-0.07597222222222216,0.3394808804152608,0.22204105661809662,0.21323774121093325,0.734725946462859,0.0008616086791888855,0.0006018518518517424,0.004339208306018421,0.4651473772410849,0.12717384513657098,0.10540037744600145,0.0,0.9999999987499999,0.5382920814653986,0.28358117651026393,0.40186707578052033,0.41672662214732864,calm,02,17,17,male,normal,1927
80,2.6693333333333333,True,1.0,0.4430004135969118,0.44109587687939383,0.44204814523815283,0.4014268229566373,-0.07361111111111107,-0.07268518518518519,0.35075799460673035,0.17481490677143896,0.20700674008334935,1.1011923467951805,0.0019045367175179462,0.0009259259259258856,0.012645162830183722,0.6721454894984188,0.12732038218312777,0.10504210006283225,0.0,0.9999999987499999,0.5438189096263506,0.28361251385909964,0.3972350342248375,0.4200627379614175,calm,02,17,17,male,normal,1927
90,3.003,True,1.0,0.46984892351187507,0.46891022633922175,0.4693795749255484,0.41741004482251975,-0.07324074074074077,-0.07226851851851851,0.35073358969037993,0.16305079875879702,0.20837764014534624,1.1245047423933598,0.0009386971726533244,0.0009722222222222632,0.015375136844652016,0.6883899823662932,0.12688680817938247,0.10520386171341349,0.0,0.9999999987499999,0.5437575636504602,0.28318618139107243,0.3956358621506424,0.41907408830228915,calm,02,17,17,male,normal,1927
100,3.336666666666667,True,1.0,0.4636924728720708,0.45880689270172115,0.461249682786896,0.41741004482252,-0.07671296296296293,-0.07569444444444445,0.34820848944967336,0.17609486265950078,0.2069813080340402,1.1050277503096897,0.004885580170349679,0.0010185185185184742,0.012028044189391511,0.688389982366292,0.1266205025594258,0.10443533528503751,0.0,0.9999999987499999,0.5450289144564076,0.28346206321566003,0.3978695154910992,0.42208130849945225,calm,02,17,17,male,normal,1927
110,3.6703333333333332,True,1.0,0.46380888509019313,0.43887503042177617,0.4513419577559846,0.43685085608240365,-0.07300925925925922,-0.07097222222222221,0.34374184485228887,0.20518752331143209,0.20559266817864774,1.0331717369253535,0.024933854668416966,0.002037037037037004,0.0168803426371821,0.6484357281028362,0.12735116056686357,0.1051860654015487,0.0,0.9999999987499999,0.5437550564053746,0.28463867883786953,0.3962339545526566,0.4230385518623301,calm,02,17,17,male,normal,1927
0,0.0,True,1.0,0.48438279131373224,0.45446026896157543,0.46942153013765386,0.5961760365498064,-0.07861111111111108,-0.07240740740740736,0.34415002739009404,0.30471219645878994,0.1944542534185721,0.7873874516230022,0.02992252235215681,0.006203703703703711,0.020416001236834458,0.5004935835357871,0.12361510606873576,0.11024585159345122,0.0,0.9999999987499999,0.5879422098839536,0.31672424507522756,0.39687002911780705,0.4638287394132888,calm,02,17,17,male,strong,1928
10,0.33366666666666667,True,1.0,0.4361180305313115,0.3784937707483174,0.4073059006398144,0.6530464925246342,-0.07750000000000007,-0.06958333333333327,0.34307482930252686,0.33309920523639336,0.1944585692104391,0.6237012300076783,0.05762425978299407,0.007916666666666794,0.020157156444247343,0.460872710629982,0.12056301578253445,0.11085909212198473,0.0,0.9999999987499999,0.5884701308257677,0.3168576758793044,0.3950033720476642,0.46217897729369345,calm,02,17,17,male,strong,1928
20,0.6673333333333333,True,1.0,0.4507433761199573,0.4025933348510329,0.4266683554854951,0.6535559059865731,-0.07930555555555552,-0.07277777777777777,0.343621138199269,0.3134194266739905,0.20000953651580117,0.6528414043499757,0.048150041268924415,0.0065277777777777435,0.02104550009826695,0.4609637910460835,0.12226012206755774,0.11157598686889197,0.0,0.9999999987499999,0.5854854315945127,0.31719545530966653,0.3953031419194805,0.4626118656065522,calm,02,17,17,male,strong,1928
30,1.0010000000000001,True,1.0,0.4297882197537613,0.39451805573254567,0.4121531377431535,0.7949062859459805,-0.08499999999999996,-0.0781944444444444,0.3753750093779503,0.2934599088478953,0.20280825126122076,0.5184927393707417,0.03527016402121563,0.006805555555555565,0.02223056490165125,0.3377998733039889,0.11846861479544754,0.11258798579841935,0.0,0.9999999987499999,0.5896753052392832,0.3158720226492702,0.4026084259514706,0.47234688631595606,calm,02,17,17,male,strong,1928
40,1.3346666666666667,True,1.0,0.3639523157822624,0.346056435552285,0.3550043756672737,0.5407563710490974,-0.08671296296296294,-0.08226851851851846,0.37217567315304073,0.19657443738686378,0.21193555056363986,0.6564959650471534,0.0178958802299774,0.004444444444444473,0.022834123957381734,0.5244688250923696,0.12228772286407714,0.10807577055054636,0.0,0.9999999987499999,0.547292609536002,0.28638628921597353,0.3897347614015845,0.42022978887019036,calm,02,17,17,male,strong,1928
50,1.6683333333333334,True,1.0,0.3484934387721025,0.31882944431948207,0.33366144154579225,0.7119709884430141,-0.09592592592592591,-0.09074074074074073,0.3721280679869923,0.2638086456232447,0.22092175902593006,0.4686447158127404,0.029663994452620412,0.005185185185185182,0.027618137125011797,0.40080976100913684,0.12097323197741028,0.110065654639059,0.0,0.9999999987499999,0.5933089338391607,0.31392310123596645,0.39937326782444554,0.4667033823878395,calm,02,17,17,male,strong,1928
60,2.0020000000000002,True,1.0,0.40383390352258697,0.3759092367819585,0.3898715701522727,0.8997404618184649,-0.0906481481481482,-0.08796296296296291,0.3824356046309117,0.281720662785711,0.21533766265670737,0.4333155912142747,0.02792466674062849,0.0026851851851852904,0.029696725033141826,0.3173064984350839,0.11833586776505489,0.1120494259153213,0.0,0.9999999987499999,0.5926107349267832,0.31604329608976683,0.40429193525839574,0.4774125607003397,calm,02,17,17,male,strong,1928
70,2.3356666666666666,True,1.0,0.41721125997016867,0.38925128581649476,0.4032312728933317,0.5164047984257416,-0.08430555555555552,-0.0816203703703704,0.3646228710402372,0.19493289497304153,0.20917372454246264,0.7808433889897634,0.027959974153673905,0.002685185185185124,0.03500050921182828,0.5700401627534848,0.1217227403080843,0.11113815321885964,0.0,0.9999999987499999,0.592380475276048,0.31494159394533733,0.39726784354246,0.46134841986362757,calm,02,17,17,male,strong,1928
80,2.6693333333333333,True,1.0,0.4029256751999739,0.3784937707483174,0.39070972297414563,0.38567027835368833,-0.07953703703703707,-0.07430555555555546,0.3683140532570953,0.17391618857106259,0.20422980960499712,1.0130667176168442,0.024431904451656494,0.005231481481481615,0.03046128205129893,0.731147168419726,0.1262897118683181,0.10537889467802636,0.0,0.7636593530991324,0.5442243293880052,0.28357159175611946,0.3861301651273771,0.41680879318925573,calm,02,17,17,male,strong,1928
90,3.003,True,1.0,0.36431072660467634,0.34438655029507553,0.35434863844987596,0.37348744545442014,-0.07490740740740748,-0.0708333333333333,0.36608847143365864,0.16795130118296217,0.1993916667032483,0.9487564917175245,0.019924176309600805,0.004074074074074174,0.030349453822601426,0.733766899260505,0.1282883933303513,0.10422388659352352,0.0,0.9999999987499999,0.5466446156509478,0.2830337914291118,0.38892396160098297,0.4161438338876771,calm,02,17,17,male,strong,1928
100,3.336666666666667,True,1.0,0.3695515821789134,0.34863652062997935,0.3590940514044464,0.40149237965872137,-0.0756944444444444,-0.07157407407407407,0.36574083602936497,0.1881704837664674,0.19726090268305602,0.8943981744054156,0.020915061548934022,0.00412037037037033,0.022884945808408674,0.6882836540314646,0.12719309273220744,0.10446924847013903,0.0,0.9999999987499999,0.5457868222054447,0.2833114289574757,0.3873023787765435,0.4172410620596382,calm,02,17,17,male,strong,1928
110,3.6703333333333332,True,1.0,0.3636682798395088,0.3465477033528009,0.3551079915961548,0.4073984510461499,-0.07499999999999996,-0.07180555555555557,0.35889923952349617,0.20357345984992567,0.19934383176905957,0.8716478687738759,0.017120576486707895,0.0031944444444443887,0.021978950650540754,0.7229614375375933,0.12885984074035123,0.10388397248704048,0.0,0.9999999987499999,0.547208434279962,0.28389813001674197,0.388101181101218,0.4157849258141621,calm,02,17,17,male,strong,1928
0,0.0,True,1.0,0.42357774079432325,0.4053613332047306,0.41446953699952693,0.49879871048384067,-0.07263888888888892,-0.06615740740740744,0.3291711515944235,0.3256047137880623,0.18751017225010916,0.8309354621175475,0.018216407589592643,0.006481481481481477,0.030467402174475154,0.6256169794197343,0.12852665350541168,0.10356264695267761,0.0,0.9999999987499999,0.5474763192542642,0.28412059835526565,0.3930838731264768,0.42079774670819414,calm,02,17,17,male,strong,1929
10,0.33366666666666667,True,1.0,0.43771350250447005,0.40493574825806966,0.42132462538126986,0.5027685493071182,-0.07513888888888892,-0.06800925925925927,0.3281403084023098,0.32815608068259466,0.1875101722501092,0.8380091116715854,0.03277775424640039,0.007129629629629652,0.03352448426870443,0.6273876969325259,0.12919567270255955,0.10364998985897916,0.0,0.9999999987499999,0.5471159561558999,0.2835735172261589,0.3959966752067411,0.42062403910544593,calm,02,17,17,male,strong,1929
20,0.6673333333333333,True,1.0,0.2961888659305102,0.304838115878029,0.3005134909042696,0.4764544469572773,-0.09125,-0.0841203703703704,0.3333333333333336,0.2926791602737558,0.18889898634705432,0.6307286936314733,0.008649249947518811,0.007129629629629597,0.029636284955258267,0.6133818100481618,0.12881436787494424,0.10430630287389167,0.0,0.9999999987499999,0.5475354721185349,0.2838539932363376,0.38710042016526197,0.4063284154417491,calm,02,17,17,male,strong,1929
30,1.0010000000000001,True,1.0,0.43111166621106545,0.4027456937336912,0.4169286799723783,0.8297648106914091,-0.09490740740740738,-0.08851851851851855,0.36693454470800013,0.32189620138619546,0.21391777955388389,0.5024660899092223,0.02836597247737427,0.006388888888888833,0.03338435969134577,0.33036803646373314,0.12009222455583976,0.1113689215268794,0.0,0.9999999987499999,0.5947054845531963,0.31637891921762795,0.4040644121608179,0.46992319512554065,calm,02,17,17,male,strong,1929
40,1.3346666666666667,True,1.0,0.47180766579659295,0.45314354313377037,0.46247560446518166,0.5945448643153701,-0.0867592592592592,-0.08611111111111108,0.3590259792610175,0.26547664540776533,0.21482354702989837,0.7778649387506378,0.01866412266282258,0.0006481481481481199,0.038717813012987295,0.4707961750800754,0.1270813731230968,0.1058723710536663,0.0,0.9999999987499999,0.5490334654174169,0.2861430141133751,0.39258885971023316,0.4150436877099126,calm,02,17,17,male,strong,1929
50,1.6683333333333334,True,1.0,0.4592212768196305,0.4260986162721519,0.4426599465458912,0.7594978269402207,-0.0880555555555555,-0.08439814814814817,0.3673301205013848,0.2675099423939464,0.21325491435249727,0.5828324069460866,0.03312266054747859,0.0036574074074073315,0.030904004777477297,0.36273166024308373,0.12256077136339984,0.1112456543733103,0.0,0.9999999987499999,0.5892381048825781,0.3155222414502268,0.40518898434935247,0.4644864034831318,calm,02,17,17,male,strong,1929
60,2.0020000000000002,True,1.0,0.47268554857716183,0.41882806886037,0.4457568087187659,0.7843660982782227,-0.0836574074074074,-0.08074074074074078,0.36453988928823544,0.2675099423939464,0.211181932137033,0.568301982578359,0.053857479716791834,0.002916666666666623,0.02925992036558912,0.3689204042677331,0.12525210065072717,0.10589286217516546,0.0,0.9999999987499999,0.5442160204941352,0.28662003861136076,0.3940921258208666,0.415132935426906,calm,02,17,17,male,strong,1929
70,2.3356666666666666,True,1.0,0.45137566021295644,0.41880014700888374,0.4350879036109201,0.6324979752177954,-0.08138888888888896,-0.07962962962962966,0.3471361931448002,0.23053491052026445,0.21186642187405055,0.6878882157070957,0.032575513204072704,0.0017592592592592937,0.03074955438720499,0.44955361933625837,0.1284801243313996,0.10417049486040347,0.0,0.9999999987499999,0.5424616654161665,0.2870053414972529,0.4009225270334473,0.4163305902650685,calm,02,17,17,male,strong,1929
80,2.6693333333333333,True,1.0,0.44470287087437144,0.43609159391333363,0.44039723239385253,0.4062164957704641,-0.07717592592592598,-0.07569444444444451,0.35917665738585053,0.17760999120096443,0.20973531809852544,1.0841441373732457,0.008611276961037806,0.0014814814814814725,0.031541850535964894,0.6704721436709239,0.12859632463281082,0.10347612186460471,0.0,0.9999999987499999,0.5413717860581734,0.28448342235184343,0.3986483996853343,0.4152284093124022,calm,02,17,17,male,strong,1929
90,3.003,True,1.0,0.4244572754942568,0.3994839091714768,0.4119705923328668,0.39439939177057376,-0.07703703703703696,-0.07384259259259268,0.37051281138715597,0.16628451447227685,0.20769179289336967,1.0445517942697904,0.024973366322780022,0.0031944444444442777,0.03560632924885296,0.7229614375375933,0.12985010172523434,0.10301406347040239,0.0,0.9999999987499999,0.5398333570772059,0.283385088460001,0.3980999754531405,0.41529045198174025,calm,02,17,17,male,strong,1929
100,3.336666666666667,True,1.0,0.4585385470685055,0.4351140887161909,0.44682631789234817,0.38894968087783405,-0.07657407407407407,-0.07374999999999998,0.36465403402487834,0.17562578484870284,0.20487451771692236,1.148802376913873,0.023424458352314603,0.00282407407407409,0.028689750038096703,0.7104791589328725,0.12879650160948422,0.1032268554125085,0.0,0.9999999987499999,0.5403042995479442,0.28362584826659315,0.39643135412428737,0.4185122123080556,calm,02,17,17,male,strong,1929
0,0.0,True,1.0,0.44860541698315065,0.407966431289172,0.4282859241361613,0.610067201686361,-0.07078703703703704,-0.06962962962962965,0.34544974565516234,0.3050336008431805,0.18683863413534246,0.7020307319460611,0.04063898569397867,0.0011574074074073848,0.0038875248061422153,0.48913043478260876,0.12631823505575465,0.1069600008749977,0.0,0.9999999987499999,0.5451415090645634,0.2851494819189509,0.38200656493823304,0.4161102241285235,calm,02,17,17,male,strong,1930
10,0.33366666666666667,True,1.0,0.3914992182048442,0.36597897804900403,0.3787390981269241,0.5757193963666921,-0.07115740740740745,-0.06953703703703706,0.3581534473912134,0.26858513189448435,0.1868316922029551,0.6578536358460543,0.025520240155840146,0.0016203703703703831,0.008982538960169695,0.4998438232040604,0.12816450212532168,0.10401049418167344,0.0,0.9999999987499999,0.5402082981473839,0.2864923039798378,0.40899518098177573,0.431456653150409,calm,02,17,17,male,strong,1930
20,0.6673333333333333,True,1.0,0.3948300934024047,0.3796811328456274,0.387255613124016,0.5117511716016188,-0.07032407407407415,-0.06967592592592592,0.3591683964646461,0.23659136163110958,0.1847486536019033,0.7567263830818967,0.015148960556777336,0.000648148148148231,0.0056254064333856255,0.5763346002221594,0.12733381179262157,0.10411485552792517,0.0,0.9999999987499999,0.5428144338907439,0.28536833453758065,0.4055413654024893,0.4309976927413493,calm,02,17,17,male,strong,1930
30,1.0010000000000001,True,1.0,0.3634138567310494,0.3377098773139197,0.3505618670224846,0.7930368381347845,-0.09416666666666668,-0.09430555555555564,0.36506436121929997,0.32087601161318374,0.21250143611647077,0.4420499151678791,0.025703979417129708,0.0001388888888889661,0.001520689591614691,0.3573672388595719,0.12435605014904033,0.10550890098750822,0.0,0.9999999987499999,0.5483793253473265,0.28827454571895017,0.4065751686783677,0.42838644159990485,calm,02,17,17,male,strong,1930
40,1.3346666666666667,True,1.0,0.38980022111871215,0.3592382759535245,0.3745192485361183,0.5835547771252079,-0.08666666666666667,-0.08833333333333343,0.3709296537071394,0.26677337491453607,0.2159810534951401,0.6417893627417965,0.030561945165187676,0.0016666666666667607,0.008825714473206731,0.47888741304491034,0.12378751786038217,0.10848298085886673,0.0,0.9999999987499999,0.5526241330829207,0.2860725858559672,0.3933387995241478,0.42594319093933664,calm,02,17,17,male,strong,1930
50,1.6683333333333334,True,1.0,0.4064295316069691,0.3728743086077438,0.38965192010735644,0.7364975019451268,-0.07347222222222222,-0.07504629629629633,0.37826244224757327,0.25954104997145805,0.1993151252980423,0.529060749124425,0.03355522299922531,0.0015740740740741166,0.012857458227989735,0.3978019679550221,0.1248616296380146,0.10918160825541133,0.0,0.9999999987499999,0.5527244495454431,0.2871089928131372,0.40191375535545265,0.4458127323075414,calm,02,17,17,male,strong,1930
60,2.0020000000000002,True,1.0,0.3738808820867779,0.35907036784838764,0.3664756249675828,0.9463561819070092,-0.07143518518518516,-0.07185185185185189,0.3910707957976843,0.2803950706882496,0.19514240760994458,0.38724914780933234,0.014810514238390249,0.0004166666666667318,0.005664053151446225,0.29885900378550395,0.12099968235251458,0.10864260893521112,0.0,0.9999999987499999,0.5460745747830383,0.29011448325956796,0.3997062868856939,0.441983532210688,calm,02,17,17,male,strong,1930
70,2.3356666666666666,True,1.0,0.39910366933887725,0.3589024597432512,0.37900306454106425,0.5956279638912731,-0.0708333333333333,-0.07101851851851854,0.3721295871249838,0.1923249912174548,0.1979263035619826,0.6363083795881821,0.040201209595626064,0.00018518518518523264,0.0037964121010279515,0.4822389390661367,0.1254740776518982,0.10794903488263796,0.0,0.9999999987499999,0.5492379698754503,0.28676618032516227,0.3958782733605592,0.4268005855491533,calm,02,17,17,male,strong,1930
80,2.6693333333333333,True,1.0,0.3727064005026071,0.3600461188856377,0.3663762596941224,0.4557525837711359,-0.06902777777777774,-0.0693981481481481,0.37301407716308305,0.16005531861650824,0.1965374827750097,0.8038928856146751,0.012660281616969415,0.00037037037037035425,0.007088998302576729,0.6405014313314495,0.1251311609690958,0.10869746429534062,0.0,0.9999999987499999,0.5498141266506602,0.28396051359481683,0.3898695783587246,0.4222471052277726,calm,02,17,17,male,strong,1930
90,3.003,True,1.0,0.364673931433373,0.3679941030553247,0.3663340172443489,0.3453006772338394,-0.06800925925925921,-0.06861111111111107,0.3744824627701453,0.1540278132802425,0.19028780153576588,1.0609131154303113,0.0033201716219516952,0.0006018518518518534,0.01055945384118352,0.8060894057926348,0.12726226423645542,0.10547438789209153,0.0,0.9999999987499999,0.5492080864924095,0.2831365390917957,0.3902971658896355,0.4215593390028252,calm,02,17,17,male,strong,1930
100,3.336666666666667,True,1.0,0.4264091598842327,0.3967549210449595,0.4115820404645961,0.36738494935227456,-0.07254629629629628,-0.07143518518518516,0.3742714825587551,0.1529695433063188,0.19444797573213327,1.1203018555611604,0.029654238839273206,0.0011111111111111183,0.008561071350593417,0.7524282679430782,0.11864586289979445,0.1112083576965365,0.0,0.9999999987499999,0.5944256438903687,0.31346476087604896,0.39930882883651486,0.47216525362627576,calm,02,17,17,male,strong,1930
110,3.6703333333333332,True,1.0,0.3655240990845362,0.3356063739370543,0.35056523651079524,0.3603797318196842,-0.07208333333333333,-0.07268518518518519,0.3804554849121973,0.16205697304079553,0.19791705215148866,0.9727662394904061,0.02991772514748192,0.0006018518518518534,0.00927314191369881,0.7876515287484437,0.12042363625246585,0.11186530583822836,0.0,0.9999999987499999,0.595234866376238,0.3132788129104652,0.3977211777713791,0.46895583599460033,calm,02,17,17,male,strong,1930
0,0.0,True,1.0,0.42043677951823627,0.3866662659711555,0.40355152274469586,0.7282370553291281,-0.06884259259259268,-0.06925925925925919,0.3470142081865129,0.32432866587936066,0.18404809099924885,0.5541485698806002,0.03377051354708077,0.00041666666666650976,0.00287132193585816,0.41962440865356465,0.12872908278154727,0.10441153880975715,0.0,0.9999999987499999,0.5508186769317103,0.2849622668681199,0.3904186919850576,0.4221110235698005,calm,02,17,17,male,strong,1931
10,0.33366666666666667,True,1.0,0.42403661464606734,0.3615438749722809,0.3927902448091741,0.6712447028642989,-0.07097222222222221,-0.07069444444444445,0.34815109129297356,0.3355407256952309,0.18475567380152816,0.5851669936955642,0.062492739673786435,0.0002777777777777657,0.008069455675753203,0.45252070200112354,0.1269529359277178,0.10566635468081971,0.0,0.9999999987499999,0.5539348700886605,0.2852948256334639,0.3879135035132943,0.42132323396590887,calm,02,17,17,male,strong,1931
20,0.6673333333333333,True,1.0,0.20008435877849837,0.18923053066875928,0.19465744472362884,0.5660073870069461,-0.0844907407407407,-0.08527777777777773,0.3472237785886913,0.2960653462016735,0.18614431309646015,0.3439132583639584,0.010853828109739089,0.0007870370370370305,0.007306053400705741,0.5235931879433953,0.12831335249029577,0.105465357371502,0.0,0.9999999987499999,0.5564394866384053,0.28674835706302987,0.38662550921326,0.41780082362829885,calm,02,17,17,male,strong,1931
30,1.0010000000000001,True,1.0,0.40145363923770583,0.3858597135863765,0.39365667641204116,0.8344734315076805,-0.09111111111111103,-0.09476851851851859,0.3404265932871276,0.383525461431257,0.21042246794808087,0.4717426122252976,0.015593925651329332,0.0036574074074075535,0.0052623176889620964,0.37191458563224106,0.12402830861797352,0.10678976446914547,0.0,0.9999999987499999,0.5531034420252476,0.2852309900272206,0.3880430516119233,0.4230339880409314,calm,02,17,17,male,strong,1931
40,1.3346666666666667,True,1.0,0.4478831544351243,0.40661610815027105,0.42724963129269766,0.579377722558067,-0.09416666666666679,-0.09587962962962965,0.34828892272222467,0.26300985888203116,0.22016106837094193,0.7374284765494714,0.041267046284853226,0.0017129629629628607,0.008521073752758193,0.4999939626772695,0.11669431014092259,0.1096649200401644,0.0,0.9999999987499999,0.6000948648521909,0.3143976041985215,0.3996980671192797,0.470468791957126,calm,02,17,17,male,strong,1931
50,1.6683333333333334,True,1.0,0.43866813700327173,0.3955505759813713,0.4171093564923215,0.5324329237875285,-0.08601851851851855,-0.08879629629629626,0.35118346108451687,0.22691652122297368,0.21530045803466902,0.7834026369465692,0.04311756102190045,0.0027777777777777124,0.014301459269712685,0.4955598528734543,0.1287105506567036,0.10406888317361025,0.0,0.9999999987499999,0.5496377615577481,0.284993244844918,0.4038434292705262,0.42999980258807685,calm,02,17,17,male,strong,1931
60,2.0020000000000002,True,1.0,0.41746584201393233,0.3737301131344731,0.3955979775742027,0.6429780345818638,-0.09305555555555561,-0.09476851851851853,0.3643185478572774,0.28989996330456125,0.2208751327014355,0.6152589300060067,0.04373572887945926,0.0017129629629629162,0.011737299000813831,0.46477918883798525,0.11720756996138657,0.11170452749595745,0.0,0.9999999987499999,0.6010055100321379,0.3153888256639008,0.4010889105255943,0.474317469114901,calm,02,17,17,male,strong,1931
70,2.3356666666666666,True,1.0,0.38770760564541223,0.352606440017438,0.37015702283142515,0.6133363356480056,-0.08402777777777781,-0.08828703703703705,0.3672453999409323,0.2750856417964931,0.20769179289336967,0.6035139308033084,0.03510116562797422,0.00425925925925924,0.011979810745842477,0.4833581368389793,0.12830778996647577,0.105472124596623,0.0,0.9999999987499999,0.5510571962847639,0.2842207492858819,0.3956864721574067,0.4251256157943788,calm,02,17,17,male,strong,1931
80,2.6693333333333333,True,1.0,0.36893993874765024,0.35635728052753296,0.3626486096375916,0.3649016918379857,-0.08046296296296301,-0.08560185185185187,0.376896158542456,0.182162886141317,0.20280825126122082,0.9938255090321848,0.012582658220117282,0.0051388888888888595,0.015542728078680408,0.7517687508351261,0.1279603360269014,0.10571332219178879,0.0,0.9999999987499999,0.5487614327293417,0.28292514558422444,0.3933328318140618,0.42423597858289247,calm,02,17,17,male,strong,1931
90,3.003,True,1.0,0.3763790557692674,0.3659789780490034,0.3711790169091354,0.3310589248152678,-0.08152777777777775,-0.08620370370370362,0.3753170084659761,0.15296954330631984,0.20703880212757164,1.1211871636333466,0.010400077720263967,0.004675925925925861,0.007874406352654371,0.8349897869804812,0.11897500375937502,0.10789495343858144,0.0,0.9999999987499999,0.6012826310289741,0.313382874447192,0.3977778268318093,0.4697174299562042,calm,02,17,17,male,strong,1931
100,3.336666666666667,True,1.0,0.42851751715341885,0.4151059305237292,0.421811723838574,0.34282099781345393,-0.07800925925925933,-0.08319444444444452,0.362499966271425,0.1650261528281,0.20005492409898346,1.2304139085089032,0.013411586629689665,0.005185185185185182,0.017432667082051188,0.7498372925460832,0.11702472731969984,0.10896312223555518,0.0,0.9999999987499999,0.6009204564403886,0.3128890995400171,0.398876451275743,0.46899596630060914,calm,02,17,17,male,strong,1931
0,0.0,True,1.0,0.45675013919556995,0.42375287077702484,0.4402515049862974,0.7111527149236739,-0.07,-0.06601851851851842,0.3451895181773535,0.35555555555555557,0.18196499023394078,0.6190674601214852,0.03299726841854511,0.003981481481481586,0.018802949349083043,0.4218503194945951,0.12505659255426976,0.10485946787289503,0.0,0.9999999987499999,0.5468109066751701,0.2937440568132656,0.40112983335265684,0.42761154477010616,happy,03,17,17,male,normal,1932
10,0.33366666666666667,True,1.0,0.4290683125776557,0.3902244501438818,0.40964638136076875,0.68986356578113,-0.06851851851851853,-0.06342592592592594,0.3555213395479273,0.32501285734450236,0.17921818428722583,0.5938078218363767,0.03884386243377391,0.005092592592592593,0.021320293711522793,0.43266699435342953,0.12634475934811246,0.10816870024486705,0.0,0.9999999987499999,0.5478931015140431,0.2898602534116482,0.3871812586614514,0.42516363800822027,happy,03,17,17,male,normal,1932
20,0.6673333333333333,True,1.0,0.469333985818099,0.4233222528696647,0.44632811934388184,0.6792164893861473,-0.06972222222222219,-0.06509259259259259,0.3574040414241946,0.28082989465004143,0.1868643578713441,0.6571220315149562,0.0460117329484343,0.004629629629629595,0.018892634414226072,0.4223130806761818,0.12486709845628363,0.10688267653034729,0.0,0.9999999987499999,0.5482816096438575,0.29046662382440436,0.3949878294112051,0.42884585023903776,happy,03,17,17,male,normal,1932
30,1.0010000000000001,True,1.0,0.43771350250446933,0.42674297303015934,0.43222823776731434,0.7906936124818407,-0.09282407407407411,-0.09388888888888891,0.42208562834045227,0.23386712481857272,0.22089171207772088,0.5466444030205708,0.010970529474309987,0.0010648148148147962,0.007350873354602003,0.35762520297986233,0.12055539020186172,0.11052316082684524,0.0,0.9999999987499999,0.5521353406518859,0.29232150516781347,0.4106083275576964,0.45377262688142805,happy,03,17,17,male,normal,1932
40,1.3346666666666667,True,1.0,0.4645172788330455,0.42674297303015823,0.4456301259316019,0.7872705177056286,-0.08666666666666661,-0.08768518518518514,0.3712795376878688,0.2349016967717348,0.2236452275399772,0.5660444737983052,0.037774305802887265,0.0010185185185185297,0.005794274439381183,0.3628882911341435,0.12296012211429103,0.11063201487982265,0.0,0.9999999987499999,0.5487209621270382,0.2910562891023427,0.4054799975183644,0.4360691281408604,happy,03,17,17,male,normal,1932
50,1.6683333333333334,True,1.0,0.4510602671372811,0.40811103365313905,0.4295856503952101,0.481481481481482,-0.08101851851851855,-0.0817592592592592,0.3809481678225862,0.09876543209876514,0.21742989640345986,0.89221635082082,0.042949233484142035,0.000740740740740653,0.0014238085299814929,0.5336538461538453,0.12494107602365645,0.10856549091043632,0.0,0.9999999987499999,0.5549203823951455,0.28908902372310513,0.4006389580348044,0.4295021773161188,happy,03,17,17,male,normal,1932
60,2.0020000000000002,True,1.0,0.4220682296271206,0.4207572895051438,0.4214127595661322,0.6051528467926232,-0.07865740740740745,-0.07944444444444454,0.3739311083368956,0.17019923816042543,0.2139320451098645,0.6963740843320267,0.0013109401219768002,0.000787037037037086,0.003589647782686048,0.4575058373991959,0.11971448327311295,0.11005717650407021,0.0,0.9999999987499999,0.5581925223683223,0.28960723582722114,0.3928996464344899,0.4242926815623103,happy,03,17,17,male,normal,1932
70,2.3356666666666666,True,1.0,0.40658915523931866,0.39322004577363445,0.3999046005064766,0.6510553023949123,-0.07847222222222222,-0.07750000000000012,0.37456718011306783,0.20031298904538267,0.2076686490497614,0.6142406014288252,0.013369109465684204,0.0009722222222220966,0.00654654985874505,0.43266699435343103,0.1294347156395508,0.10481568685426668,0.0,0.8926389086413771,0.5528557140512456,0.2918510738978254,0.41589382251743695,0.43685673630840327,happy,03,17,17,male,normal,1932
80,2.6693333333333333,True,1.0,0.4280586105525625,0.4201562942732661,0.4241074524129143,0.38926163157695504,-0.07874999999999999,-0.07731481481481489,0.3613132861692337,0.1881431219288611,0.20072523421335153,1.0895177382235024,0.007902316279296384,0.001435185185185095,0.008600685232541955,0.6937500000000012,0.12546412495527795,0.10528025660406624,0.0,0.9999999987499999,0.55326804725015,0.2900331577984633,0.4027631608274907,0.43033813690795536,happy,03,17,17,male,normal,1932
90,3.003,True,1.0,0.4144092973611118,0.3989482766965942,0.406678787028853,0.43453022577332423,-0.07546296296296295,-0.07500000000000007,0.3568542845414732,0.2172651128866616,0.19864952113169723,0.9359044846767458,0.0154610206645176,0.0004629629629628873,0.011430251091108274,0.6477272727272729,0.1264270464659618,0.10466944561925584,0.0,0.9999999987499999,0.5542306297987944,0.2901818747817995,0.39678106832183363,0.4274259300925594,happy,03,17,17,male,normal,1932
100,3.336666666666667,True,1.0,0.46066969194542096,0.4405918121135436,0.4506307520294823,0.4474488568203037,-0.07569444444444445,-0.07722222222222225,0.35616114947740296,0.2171145872145597,0.19797216875281853,1.0071111930686112,0.020077879831877365,0.0015277777777777946,0.010309849784772136,0.6451323053945343,0.1283574096440803,0.10450413238016056,0.0,0.9999999987499999,0.5557011311086935,0.2910642225324579,0.3970244202590683,0.42920239039006935,happy,03,17,17,male,normal,1932
0,0.0,True,1.0,0.41440215457818463,0.3975967428658137,0.40599944872199917,0.7561685534350748,-0.06509259259259259,-0.06495370370370368,0.3614489051101868,0.29973310705475403,0.18828563725134137,0.5369165999797935,0.016805411712370932,0.0001388888888889106,0.006779791919432072,0.39895287421144815,0.12428444751466883,0.10844166479071318,0.0,0.9999999987499999,0.5596143272308924,0.29321617311350084,0.39145124385978725,0.43341669647924325,happy,03,17,17,male,normal,1933
10,0.33366666666666667,True,1.0,0.393812463605915,0.40357612555639955,0.39869429458115724,0.6203756221991312,-0.06550925925925921,-0.06578703703703698,0.3962940410296513,0.22655644311435727,0.18553554424467675,0.642665959645304,0.009763661950484559,0.0002777777777777657,0.016203909779827833,0.45773431532312536,0.12209157970012259,0.11038819176009428,0.0,0.9999999987499999,0.5596158547872274,0.2938544543434322,0.3930712244566709,0.43792997580884213,happy,03,17,17,male,normal,1933
20,0.6673333333333333,True,1.0,0.40801974983741857,0.4035761255563986,0.4057979376969086,0.6649198917202379,-0.06648148148148147,-0.06634259259259256,0.4004287958787241,0.23142955376960178,0.18831156847136007,0.6102959811400052,0.004443624281019964,0.0001388888888889106,0.015416661760820044,0.4375874108096273,0.1206428998190638,0.1100820331114461,0.0,0.9999999987499999,0.5552907235706782,0.29387849125761784,0.39672978019229643,0.44525414708243055,happy,03,17,17,male,normal,1933
30,1.0010000000000001,True,1.0,0.16838677988513676,0.16538674946603002,0.1668867646755834,0.7961269178384377,-0.10560185185185178,-0.10921296296296296,0.43201105278060153,0.19347945365194255,0.2195031925759771,0.2096233162530131,0.003000030419106736,0.003611111111111176,0.006291457172569815,0.3526151450577261,0.11930344906208792,0.1108468968542439,0.0,0.9999999987499999,0.557765394032613,0.2936600291578209,0.40694938568599776,0.45426956016774467,happy,03,17,17,male,normal,1933
40,1.3346666666666667,True,1.0,0.4577647372071746,0.42792216354003004,0.4428434503736023,0.735559677608888,-0.09291666666666659,-0.09476851851851853,0.37676042511920493,0.21559507791984692,0.22781830300515438,0.6020496553225572,0.029842573667144545,0.0018518518518519378,0.0018962678940291503,0.37823275862068984,0.12002343165331165,0.11092900023047356,0.0,0.9999999987499999,0.5544930424982492,0.29032987748908407,0.40495071975456337,0.43908361306953836,happy,03,17,17,male,normal,1933
50,1.6683333333333334,True,1.0,0.49065880407376594,0.4555266300262757,0.4730927170500208,0.4251472506399046,-0.09004629629629618,-0.09222222222222215,0.3688645835575605,0.12237309887510038,0.2250867888171138,1.1127737891705798,0.03513217404749025,0.00217592592592597,0.00779922594991935,0.5965042589676924,0.12295081217043932,0.10960432677663816,0.0,0.9999999987499999,0.5545024931222489,0.288598977465599,0.39396819912093184,0.42624586273200116,happy,03,17,17,male,normal,1933
60,2.0020000000000002,True,1.0,0.46503781792144466,0.4272520645955129,0.4461449412584788,0.5673728013109124,-0.0836574074074074,-0.08819444444444435,0.37786167769686285,0.1386478085369646,0.22165207094831335,0.7863347348122132,0.03778575332593176,0.004537037037036951,0.004634082019313166,0.47537100370764673,0.12036171578164029,0.10934896880826334,0.0,0.9999999987499999,0.5530059205322754,0.29235659074142784,0.4035045292557323,0.43174540430474334,happy,03,17,17,male,normal,1933
70,2.3356666666666666,True,1.0,0.4086801081295429,0.39910366933887714,0.40389188873421,0.6302571912091217,-0.07652777777777775,-0.07935185185185184,0.375777641233106,0.1890651934594957,0.2140315209177691,0.6408366209346387,0.009576438790665776,0.00282407407407409,0.0054320497510062064,0.46165418758981835,0.12314518588494233,0.10938589422225573,0.0,0.9999999987499999,0.5555985473251801,0.29052908658051957,0.40045352272853774,0.4362218610936829,happy,03,17,17,male,normal,1933
80,2.6693333333333333,True,1.0,0.3950638405475121,0.3759330874599726,0.3854984640037423,0.3680564716032589,-0.07263888888888886,-0.07513888888888887,0.3754737094918911,0.1395026974775483,0.20495642791988497,1.0473894463110671,0.019130753087539476,0.0025000000000000022,0.007176658011718925,0.7566818881310802,0.12257555197254932,0.11036961816963226,0.0,0.9999999987499999,0.5580569380955507,0.2894152557938421,0.3847146475931924,0.42369630605979064,happy,03,17,17,male,normal,1933
90,3.003,True,1.0,0.43669484802461767,0.4134039293004287,0.4250493886625232,0.3578466815923221,-0.07189814814814816,-0.07282407407407404,0.3846654461004789,0.15421525212450155,0.20363751244752284,1.1877974857030027,0.02329091872418898,0.0009259259259258856,0.011479960595753064,0.7958561664101835,0.12289680709140652,0.10826612530036824,0.0,0.9999999987499999,0.5581943218771884,0.2905747424911385,0.387519496267958,0.427005192764722,happy,03,17,17,male,normal,1933
100,3.336666666666667,True,1.0,0.4274562716272761,0.4192764014828507,0.4233663365550634,0.37291067408140754,-0.07268518518518519,-0.0727314814814814,0.38225956052294735,0.16156622761751097,0.19869752321601986,1.1353022747282402,0.008179870144425394,4.6296296296211015e-05,0.005670020920948481,0.749868198813748,0.121859254150552,0.1087340124721369,0.0,0.9999999987499999,0.5585530637098589,0.2898370726128177,0.3827034218789663,0.4238555872853372,happy,03,17,17,male,normal,1933
0,0.0,True,1.0,0.41285015449269585,0.3684256065985559,0.39063788054562587,0.6440716645749827,-0.06949074074074069,-0.06722222222222218,0.3573890905591049,0.3219543479047402,0.18195492727998092,0.6065130668392382,0.044424547894139965,0.002268518518518503,0.01146041174054921,0.46156658146171925,0.1276588260929376,0.10607722755465898,0.0,0.9999999987499999,0.5446130586140707,0.2871917953952119,0.39256951126700984,0.4250355456930242,happy,03,17,17,male,normal,1934
10,0.33366666666666667,True,1.0,0.4128501544926949,0.37068261617164056,0.39176638533216773,0.6264028666350067,-0.06847222222222221,-0.06662037037037033,0.36018146738864537,0.3003385539269021,0.18404270199573156,0.6254224017790818,0.042167538321054354,0.0018518518518518823,0.010654507557851873,0.4595158694795585,0.12683029247413802,0.10670999531795355,0.0,0.9999999987499999,0.5420250114264455,0.2857437495535211,0.3934673896689307,0.42523047437295025,happy,03,17,17,male,normal,1934
20,0.6673333333333333,True,1.0,0.37508564363733254,0.37132134485376017,0.37320349424554633,0.6390586364355332,-0.07083333333333336,-0.06791666666666668,0.3599070216829952,0.30033855392690223,0.18682556675428655,0.5839894384765024,0.003764298783572373,0.0029166666666666785,0.018087815414018254,0.4499715261402646,0.1255556065201574,0.10767740718502078,0.0,0.9999999987499999,0.5407631657506753,0.28623220270161137,0.3909384949944231,0.4221724513919492,happy,03,17,17,male,normal,1934
30,1.0010000000000001,True,1.0,0.39525292550386715,0.36983684722336146,0.3825448863636143,0.7919299650651181,-0.09879629629629633,-0.09842592592592597,0.36169361822152546,0.3193265988165797,0.22160525400484335,0.4830539356244194,0.025416078280505683,0.00037037037037035425,0.016297765704846166,0.3538306451612901,0.12252246284281944,0.11008295399448913,0.0,0.9999999987499999,0.5469091879798793,0.2858841560164151,0.3853604817836318,0.4229888297190712,happy,03,17,17,male,normal,1934
40,1.3346666666666667,True,1.0,0.4038939080870598,0.3933373944766553,0.39861565128185755,0.6476062261321376,-0.09356481481481477,-0.09416666666666673,0.364140841855905,0.20950691874235716,0.23547142989747194,0.615521647564463,0.01055651361040455,0.0006018518518519644,0.014379936145372018,0.4411496389353669,0.12322418983816558,0.10929688787893155,0.0,0.9999999987499999,0.5447652686543367,0.2894277987852535,0.39793456881561956,0.41376197245255353,happy,03,17,17,male,normal,1934
50,1.6683333333333334,True,1.0,0.37030459297529644,0.33607766481820855,0.3531911288967525,0.41112272299037383,-0.07699074074074075,-0.07324074074074066,0.3795557889635971,0.09672152253733836,0.21327494793661525,0.8590892917028629,0.03422692815708789,0.0037500000000000866,0.011200843630555981,0.6127546824032015,0.12319599963032986,0.10967663484741362,0.0,0.9999999987499999,0.5491240213585434,0.28667534174865444,0.3982121103105295,0.421855817065096,happy,03,17,17,male,normal,1934
60,2.0020000000000002,True,1.0,0.3760307747145564,0.38352975701012737,0.3797802658623419,0.5795821984372227,-0.07115740740740739,-0.06935185185185189,0.3725425190438067,0.1479678369319044,0.20626331633148556,0.6552655807690024,0.007498982295570944,0.0018055555555555047,0.005109634829137279,0.480576519617152,0.12169820903203919,0.10908901482818235,0.0,0.9999999987499999,0.5519696485781812,0.28810349902580695,0.40623649832477254,0.42612112712252487,happy,03,17,17,male,normal,1934
70,2.3356666666666666,True,1.0,0.3793750404256407,0.35453047699723855,0.3669527587114396,0.5817613121225498,-0.07226851851851845,-0.07032407407407404,0.3809995330804377,0.16966873287503662,0.20140252662755684,0.6307617077055476,0.024844563428402133,0.0019444444444444153,0.0037590554379564396,0.4925943971787398,0.12657817677708472,0.10771874091324146,0.0,0.9999999987499999,0.5505974356852115,0.2871008305187307,0.4063553177772726,0.432767124612273,happy,03,17,17,male,normal,1934
80,2.6693333333333333,True,1.0,0.40675895870164275,0.3749343888601426,0.39084667378089266,0.34509191667151407,-0.07254629629629628,-0.06981481481481483,0.3737631021584531,0.11706113809298349,0.2021074942601365,1.1325871598230788,0.03182456984150017,0.002731481481481446,0.0027456957743383294,0.7841375063448628,0.12444755670082489,0.10825444188496819,0.0,0.9533200874434389,0.5495747541516607,0.28605115978704443,0.39209130968617384,0.416783070358231,happy,03,17,17,male,normal,1934
90,3.003,True,1.0,0.4066161081502716,0.38846608120855114,0.39754109467941134,0.36544967621672003,-0.07069444444444445,-0.06791666666666668,0.3655306868097086,0.14489244558406128,0.20209692421007702,1.0878135090853396,0.018150026941720465,0.002777777777777768,0.004191524069278346,0.7757161603089716,0.12603237096579833,0.10532538317317348,0.0,0.9999999987499999,0.5490757026795093,0.2859204457854066,0.3949473155931625,0.41957591307407827,happy,03,17,17,male,normal,1934
100,3.336666666666667,True,1.0,0.39292414901227063,0.3872183421754152,0.3900712455938429,0.43481655651122725,-0.07120370370370366,-0.07111111111111101,0.36011780101639,0.18543647262978766,0.20070812936930757,0.8970938198020778,0.005705806836855454,9.259259259264407e-05,0.0023554253902879525,0.6293640890409908,0.12626869771087848,0.10701847631594688,0.0,0.9999999987499999,0.5515029259672619,0.28612729673267423,0.39006112493341505,0.41900166906475134,happy,03,17,17,male,normal,1934
0,0.0,True,1.0,0.418469610374668,0.4109974682633935,0.4147335393190308,0.7917444851702435,-0.06921296296296292,-0.06611111111111112,0.32989755976773094,0.39579516048659585,0.18335996492176562,0.5238224541972697,0.0074721421112745046,0.0031018518518518,0.001668305129634283,0.4045264806129114,0.12602809410729948,0.10694601392903266,0.0,0.9999999987499999,0.5478210693652461,0.2874934404312363,0.39002575915012133,0.4194745587825249,happy,03,17,17,male,normal,1935
10,0.33366666666666667,True,1.0,0.4472466377672891,0.40350400730953834,0.4253753225384137,0.8020402561178529,-0.07157407407407407,-0.0672685185185185,0.342654044491157,0.4010025062656639,0.181948218334814,0.5303665486784599,0.043742630457750786,0.0043055555555555625,0.013435790054427731,0.37535369297892857,0.1265425448775375,0.10669452952507653,0.0,0.9999999987499999,0.5458961910467313,0.2868778426942385,0.39248507491048823,0.4207880612228185,happy,03,17,17,male,normal,1935
20,0.6673333333333333,True,1.0,0.4066263038088939,0.3557970527575091,0.3812116782832015,0.7396331122227182,-0.0743981481481481,-0.06726851851851856,0.3553290303860432,0.34384777455964477,0.18889535132429544,0.5154064521768073,0.050829251051384805,0.007129629629629541,0.020826128549669365,0.3947176226404609,0.11942165454556634,0.11089147791261683,0.0,0.9999999987499999,0.589219945611057,0.316818969923784,0.39911782512467675,0.46412646107651095,happy,03,17,17,male,normal,1935
30,1.0010000000000001,True,1.0,0.430485333168454,0.41054936454928925,0.4205173488588716,0.9306015995837896,-0.09962962962962973,-0.09990740740740739,0.3657705343558352,0.28916586075946615,0.23064025385333506,0.45187688162898865,0.019935968619164746,0.00027777777777765467,0.010422713798964511,0.30427510117531836,0.12138703433192476,0.11252522468362336,0.0,0.9999999987499999,0.5500473103303822,0.28645896263953735,0.39347360272644183,0.42690533885725485,happy,03,17,17,male,normal,1935
40,1.3346666666666667,True,1.0,0.41551925346486573,0.3855038153846569,0.4005115344247613,0.6091616736272181,-0.07893518518518516,-0.07773148148148151,0.36939731075256965,0.1926813033485011,0.21673567235461488,0.6574798641548448,0.030015438080208845,0.0012037037037036513,0.006640019815856225,0.4710744726215758,0.12157539410670685,0.10799797754283902,0.0,0.9999999987499999,0.5480038256396309,0.2884945726073279,0.40692571777686076,0.4299439343131892,happy,03,17,17,male,normal,1935
50,1.6683333333333334,True,1.0,0.4499052922515132,0.42724430807302655,0.4385748001622699,0.3950926508051087,-0.07898148148148137,-0.07717592592592598,0.37373187897835847,0.10493027539419039,0.2125703582971118,1.110055576251683,0.022660984178486665,0.0018055555555553937,0.011710475191615066,0.6502901660248299,0.12418973179582135,0.10784578472557087,0.0,0.9999999987499999,0.5482274573735745,0.2854612371466423,0.3979423455791707,0.42323389925688154,happy,03,17,17,male,normal,1935
60,2.0020000000000002,True,1.0,0.42344276798381336,0.3916414952940808,0.4075421316389471,0.6648893684817387,-0.08513888888888888,-0.08560185185185182,0.3591542164124743,0.19178378975902985,0.22297449995749155,0.6129472825976466,0.03180127268973254,0.0004629629629629428,0.0038050366099481904,0.41148321501412866,0.12151082242262602,0.11033861951948222,0.0,0.9999999987499999,0.5481600012583159,0.2871875612132008,0.3985420851014993,0.42260796617429497,happy,03,17,17,male,normal,1935
70,2.3356666666666666,True,1.0,0.39687984733091936,0.372574223386115,0.38472703535851716,0.6778641392077084,-0.07828703703703693,-0.07407407407407407,0.37275635529093737,0.20331671352991978,0.2126295704470937,0.5675577348112683,0.024305623944804344,0.004212962962962863,0.013347937791867165,0.41962440865356526,0.12384950134083952,0.10717499754684076,0.0,0.9040988398004605,0.5483243115292992,0.2867125799986049,0.3997788606390618,0.42402081978975675,happy,03,17,17,male,normal,1935
80,2.6693333333333333,True,1.0,0.39614344297437043,0.3592902703776029,0.37771685667598665,0.34953377592252166,-0.07550925925925922,-0.07180555555555551,0.37960488728137864,0.17473402129223367,0.20434744998859247,1.0806304932308233,0.036853172596767514,0.003703703703703709,0.019665700311845506,0.8152312983803413,0.12541599972362413,0.10748606172618835,0.0,0.9999999987499999,0.5545224477994323,0.28498497811005213,0.3906078689733456,0.41658198069536845,happy,03,17,17,male,normal,1935
90,3.003,True,1.0,0.4161713546267222,0.37087510853122524,0.39352323157897373,0.35803985026968715,-0.07333333333333336,-0.07032407407407404,0.38315709254127595,0.20274674226524314,0.1993916667032484,1.099104558563968,0.045296246095496984,0.0030092592592593226,0.015885438364008023,0.7897617255575433,0.12482122144264567,0.10711426349662985,0.0,0.9999999987499999,0.5549422333933574,0.285759909874318,0.39117268192791993,0.4206027610250882,happy,03,17,17,male,normal,1935
100,3.336666666666667,True,1.0,0.42141720989326287,0.3858597135863765,0.40363846173981965,0.3590931779037603,-0.07106481481481475,-0.06995370370370363,0.38230408498229307,0.19750124784706805,0.19940352799112818,1.1240493737477737,0.03555749630688637,0.0011111111111111183,0.009574957682613577,0.7903168316848902,0.12583409199662868,0.10717421187525705,0.0,0.9999999987499999,0.5505420017538265,0.2853790858031632,0.39403408511520965,0.41977370305764783,happy,03,17,17,male,normal,1935
0,0.0,True,1.0,0.4556664920712741,0.45003389358183515,0.4528501928265546,0.7212248685564633,-0.07513888888888887,-0.07851851851851849,0.3432363605850627,0.3539344262360422,0.19595951857719734,0.6278904299749639,0.0056325984894389225,0.0033796296296296213,0.015104900751655511,0.4183095184472787,0.12015364495330436,0.11181499241144587,0.0,0.9999999987499999,0.5933858762411214,0.3168673425194103,0.3948655470110655,0.46417426156625774,happy,03,17,17,male,strong,1936
10,0.33366666666666667,True,1.0,0.46740410361514906,0.4459608260611714,0.4566824648381602,0.7417807727304098,-0.0804629629629629,-0.0824537037037037,0.3579724854747135,0.3772673063847427,0.20288648318920718,0.6156569186299674,0.02144327755397768,0.001990740740740793,0.010322071035550487,0.3976106118423659,0.12069446555103888,0.1107159657245929,0.0,0.9999999987499999,0.5922353675689026,0.31673340971814246,0.4022836835448464,0.4703893815343924,happy,03,17,17,male,strong,1936
20,0.6673333333333333,True,1.0,0.49681539125140806,0.4650167806225843,0.4809160859369962,0.7433853736673811,-0.08370370370370372,-0.0880555555555555,0.3816273034570583,0.3176850027158026,0.21605169068302976,0.6469270219354307,0.031798610628823776,0.0043518518518517735,0.011633457862489238,0.4094711358972796,0.11918627842735001,0.11216820479841043,0.0,0.9999999987499999,0.5893587651076054,0.3156589310774087,0.4065546230175929,0.4800537761951292,happy,03,17,17,male,strong,1936
30,1.0010000000000001,True,1.0,0.3466876226407685,0.3659789780490035,0.356333300344886,0.9498041285958523,-0.10949074074074078,-0.11212962962962963,0.46775600951664736,0.21541949308359545,0.24239919825316658,0.37516503626034253,0.019291355408234956,0.0026388888888888573,0.004631065183005349,0.3022504776827203,0.11678824694406902,0.1131576112341667,0.0,0.9999999987499999,0.5788771474214686,0.3157671649678084,0.4232710298495819,0.4855396481542778,happy,03,17,17,male,strong,1936
40,1.3346666666666667,True,1.0,0.4377802919200528,0.4233446842636052,0.430562488091829,0.7605459481163515,-0.10111111111111115,-0.10393518518518524,0.37645516989204614,0.2595410499714582,0.24588577659411984,0.5661229136230436,0.01443560765644758,0.00282407407407409,0.004659164733000465,0.3779962741822877,0.12485283241689965,0.10988737946303379,0.0,0.6845761808273585,0.5310093198060475,0.28392134722733,0.3922743240667729,0.41844812507296925,happy,03,17,17,male,strong,1936
50,1.6683333333333334,True,1.0,0.5041899792909205,0.4754528286529102,0.4898214039719153,0.41025641025641085,-0.098287037037037,-0.09888888888888892,0.3682437348765924,0.07459207459207534,0.24521855016633431,1.1939396721815418,0.028737150638010245,0.0006018518518519089,0.007755692364869103,0.6306818181818179,0.1266846959232075,0.10741622713340118,0.0,0.9999999987499999,0.526061847543705,0.27997086568591883,0.39197280347287133,0.4110069858518344,happy,03,17,17,male,strong,1936
60,2.0020000000000002,True,1.0,0.5106566578278621,0.48425840361479,0.49745753072132604,0.7082811807809283,-0.10421296296296301,-0.10685185185185192,0.3805666319195899,0.18606541349128378,0.24798589856381298,0.702344696173976,0.02639825421307207,0.002638888888888913,0.0007024316923651932,0.3638540293631003,0.11501449184798707,0.11261594471475354,0.0,0.9999999987499999,0.5760874335984393,0.3136484898580106,0.4011011903879073,0.4569784822724166,happy,03,17,17,male,strong,1936
70,2.3356666666666666,True,1.0,0.45937187174629635,0.42111730789677787,0.44024458982153714,0.8626324510142706,-0.08763888888888888,-0.08912037037037046,0.38380488224446085,0.2421311154154324,0.23554626318558833,0.5103501373080783,0.038254563849518475,0.0014814814814815835,0.012685585227907742,0.316071410544137,0.12024593074108925,0.11188615200941174,0.0,0.9999999987499999,0.5805860090364271,0.3136723264585296,0.41767727510936437,0.482496502082107,happy,03,17,17,male,strong,1936
80,2.6693333333333333,True,1.0,0.44470287087437144,0.42243458552867474,0.4335687282015231,0.6609213419469396,-0.08384259259259258,-0.08296296296296296,0.3996018446097477,0.1822888411169174,0.22441573191211198,0.6560065482593102,0.022268285345696692,0.0008796296296296191,0.0072829323441280045,0.4269919913492478,0.12573793210491116,0.10693126266288813,0.0,0.9999999987499999,0.5358183222195128,0.2857603061784592,0.4167333964438152,0.44055478913162727,happy,03,17,17,male,strong,1936
90,3.003,True,1.0,0.472010810538671,0.47579362407303905,0.473902217305855,0.5386559207288544,-0.07999999999999996,-0.08078703703703705,0.40090001077528403,0.17186223771608494,0.21670926971223467,0.8797865187569437,0.003782813534368046,0.000787037037037086,0.0011105456904433593,0.5281609872308515,0.1181220272491269,0.11090900119399139,0.0,0.9999999987499999,0.5856124115505577,0.31518964950671174,0.40269687867006076,0.4700456451485832,happy,03,17,17,male,strong,1936
100,3.336666666666667,True,1.0,0.47727595487104,0.44201931873537004,0.45964763680320503,0.6486838391355124,-0.07796296296296301,-0.07754629629629622,0.38331806610466135,0.25225225225225223,0.21116314520014592,0.7085849979178885,0.03525663613566998,0.0004166666666667873,0.002608953512516261,0.4482749951584125,0.12471399347292673,0.10634708675425059,0.0,0.9999999987499999,0.5478496432322929,0.2879114077584813,0.3981490394902049,0.4308857899648974,happy,03,17,17,male,strong,1936
110,3.6703333333333332,True,1.0,0.44860541698315065,0.4287611652834234,0.438683291133287,0.5925754442267573,-0.07865740740740734,-0.07870370370370366,0.3798118139558348,0.27807437729484885,0.20697430445724505,0.7402994764754691,0.019844251699727256,4.629629629632204e-05,0.00492587127278976,0.49517657850241903,0.11774835862128322,0.11181795809217325,0.0,0.9999999987499999,0.5962229082179747,0.3158992587287255,0.3932606965178614,0.4621083613656836,happy,03,17,17,male,strong,1936
0,0.0,True,1.0,0.5246039410620262,0.5166858983431645,0.5206449197025953,0.7859505994359819,-0.06763888888888892,-0.06680555555555551,0.34510844762698745,0.32522093769764787,0.20084644678737587,0.6624397513994179,0.007918042718861762,0.0008333333333334081,0.0024566407972684725,0.38831398722604193,0.12876343542812693,0.10581944749224544,0.0,0.9999999987499999,0.552845846033726,0.2922881791448478,0.39536051621598073,0.42866532450561345,happy,03,17,17,male,strong,1937
10,0.33366666666666667,True,1.0,0.5030949974064705,0.46288074121911954,0.482987869312795,0.7342385932505987,-0.06874999999999998,-0.06925925925925924,0.36606183855049046,0.2769496448225941,0.19801532628674087,0.6578077940230925,0.040214256187350916,0.0005092592592592649,0.007280062257172757,0.3951265133177263,0.12460666632459078,0.10824740741303455,0.0,0.9999999987499999,0.5523275834318102,0.2911130437126248,0.39890758423899225,0.42945165633787674,happy,03,17,17,male,strong,1937
20,0.6673333333333333,True,1.0,0.4878869640218224,0.4699738163420861,0.47893039018195427,0.7584652509502788,-0.07606481481481486,-0.07796296296296301,0.39685326616269107,0.24294590069501124,0.2083860610358278,0.6314467137181352,0.017913147679736285,0.0018981481481481488,0.003965374024009609,0.36035156250000006,0.12347771908676725,0.1109162160084558,0.0,0.9999999987499999,0.5442568836206358,0.28969952494331386,0.41002170987670533,0.4403090831796971,happy,03,17,17,male,strong,1937
30,1.0010000000000001,True,1.0,0.1271378545579146,0.15757636162051203,0.1423571080892133,0.8528205347322687,-0.10069444444444442,-0.10675925925925928,0.4587329974555982,0.18493204484756234,0.22639023690059643,0.16692504728899893,0.03043850706259743,0.006064814814814856,0.00958128524854196,0.33226628264949276,0.12184023842462977,0.11083757017463278,0.0,0.9999999987499999,0.5437572076330531,0.29026176684871574,0.41596308597221393,0.44388904266267337,happy,03,17,17,male,strong,1937
40,1.3346666666666667,True,1.0,0.4431331075512214,0.4308201686261966,0.436976638088709,0.7056949652214696,-0.09500000000000003,-0.09893518518518513,0.38097420685625794,0.2350486033063854,0.22778079229908374,0.619214617680561,0.012312938925024774,0.003935185185185097,0.008906900604518694,0.39090943860003335,0.12323809617687366,0.10858161226496751,0.0,0.9999999987499999,0.5428886959471289,0.287036333756244,0.41462014546642384,0.4347768997045953,happy,03,17,17,male,strong,1937
50,1.6683333333333334,True,1.0,0.45060840330944846,0.4295761586394307,0.4400922809744396,0.7141355447494013,-0.09226851851851847,-0.09893518518518518,0.4051502489825346,0.20729555138398328,0.23200002728913122,0.6162587539720813,0.02103224467001774,0.00666666666666671,0.0035011857465547433,0.3733104595862262,0.12444803647906813,0.10895558986937136,0.0,0.9999999987499999,0.5431299860412915,0.28705584663609146,0.4191719603541633,0.4431380863462229,happy,03,17,17,male,strong,1937
60,2.0020000000000002,True,1.0,0.4444085534032358,0.4508704138316128,0.44763948361742434,1.0425422801805995,-0.09324074074074068,-0.09717592592592589,0.4263157894736841,0.2743484224965715,0.23267856746641366,0.42937297808188635,0.0064618604283769865,0.003935185185185208,0.005204660075481338,0.2546008001895632,0.12373302012166262,0.10959320294276098,0.0,0.9999999987499999,0.5365861885222839,0.2874483917439942,0.4229551139879101,0.4462107915982638,happy,03,17,17,male,strong,1937
70,2.3356666666666666,True,1.0,0.5174461791015844,0.4769408292398453,0.49719350417071484,1.0369706654250697,-0.10101851851851862,-0.10305555555555557,0.34437840384879503,0.30300282383114147,0.24805234300622267,0.47946727978742565,0.04050534986173909,0.0020370370370369484,0.0060979020502574975,0.2715300959891747,0.1229362700539738,0.11185721024956233,0.0,0.9999999987499999,0.5310516429931348,0.282588207577137,0.38718714549807864,0.40489136390264413,happy,03,17,17,male,strong,1937
80,2.6693333333333333,True,1.0,0.44510175809940644,0.4439260304301953,0.44451389426480087,0.9180916928495559,-0.0815277777777777,-0.08467592592592588,0.3933213040588222,0.23540200525914345,0.22716932622556635,0.4841715677495424,0.0011757276692111462,0.0031481481481481777,0.003230061539459617,0.3172994416320528,0.12239813344736579,0.10935349949846522,0.0,0.9999999987499999,0.5395843844881703,0.2884644256332116,0.42370495080495096,0.44509082014436324,happy,03,17,17,male,strong,1937
90,3.003,True,1.0,0.4514774850634611,0.43669484802461767,0.4440861665440394,0.6609257454541182,-0.07759259259259255,-0.07791666666666669,0.4062067334097232,0.21081252225691732,0.21188658673825525,0.6719153696137383,0.014782637038843416,0.00032407407407414324,0.004952281194939476,0.426724137931034,0.12081918894442487,0.1119496951508077,0.0,0.9999999987499999,0.5989111099517933,0.3156099838498015,0.4121591826672128,0.4838616570731537,happy,03,17,17,male,strong,1937
100,3.336666666666667,True,1.0,0.47163224211280635,0.4431839222043901,0.45740808215859824,0.5884276296531807,-0.07453703703703701,-0.07171296296296292,0.40217388802930204,0.20189916161418478,0.20707749108711782,0.7773395726305282,0.02844831990841623,0.00282407407407409,0.0003224035255872256,0.5077008158843579,0.11868591037421447,0.11303511713919571,0.0,0.9999999987499999,0.60136090960603,0.31588693070506696,0.40337504145887293,0.4748033311978906,happy,03,17,17,male,strong,1937
110,3.6703333333333332,True,1.0,0.4651390114995216,0.4297176928377981,0.44742835216865984,0.5886273443230249,-0.07430555555555557,-0.07180555555555557,0.39120222488941464,0.22956466428597994,0.20634467524023967,0.7601215887842303,0.03542131866172349,0.0025000000000000022,0.005490838228964304,0.5062500000000002,0.11748314267830809,0.11243598530386896,0.0,0.9999999987499999,0.6037205604741896,0.3161076467188586,0.39930508089998407,0.47265567327862346,happy,03,17,17,male,strong,1937
120,4.0040000000000004,True,1.0,0.4626704180309487,0.40901705857869947,0.4358437383048241,0.5765349844122262,-0.07587962962962957,-0.07125000000000004,0.38641339081000337,0.2462284829260551,0.20288648318920718,0.7559710166576692,0.05365335945224925,0.004629629629629539,0.00324294128175659,0.527755112189205,0.11809508493517044,0.11110929182205519,0.0,0.9999999987499999,0.6065767490746298,0.3171455344901788,0.3902087918169083,0.4639551514700428,happy,03,17,17,male,strong,1937
0,0.0,True,1.0,0.468461604081691,0.42938125693334017,0.4489214305075156,0.5587758143323597,-0.07249999999999995,-0.06935185185185189,0.37219068826128143,0.25396825396825407,0.18754922856350442,0.8034016845269134,0.03908034714835085,0.0031481481481480666,0.009477998682597247,0.5388083575106615,0.11866129773777774,0.11238489069702609,0.0,0.9999999987499999,0.6037168906546994,0.3225273003194252,0.3879398359028827,0.4692765097234644,happy,03,17,17,male,strong,1938
10,0.33366666666666667,True,1.0,0.3989799165338201,0.37355908591715925,0.38626950122548964,0.6511546298044765,-0.06694444444444436,-0.0667592592592593,0.4001615522402751,0.24860967524795347,0.18689742604383394,0.5932070257128872,0.02542083061666084,0.0001851851851850661,0.007542748602142143,0.45144323791015206,0.11694827593341132,0.11416640483790018,0.0,0.9999999987499999,0.6016720077093336,0.32224251978833884,0.39712405512298277,0.4811787327158256,happy,03,17,17,male,strong,1938
20,0.6673333333333333,True,1.0,0.4013864859597425,0.37870689265180935,0.3900466893057759,0.8191337414061207,-0.07148148148148148,-0.07023148148148145,0.40970553944134686,0.25958463636109524,0.19518619083212763,0.47616972612582625,0.022679593307933177,0.0012500000000000289,0.006217927389861961,0.34096004237437116,0.12424952058741628,0.10883236231030205,0.0,0.9999999987499999,0.5425996502429097,0.2954406465821504,0.4260494147794037,0.46960400119992707,happy,03,17,17,male,strong,1938
30,1.0010000000000001,True,1.0,0.13843618394401552,0.19441107708972546,0.16642363051687048,1.0181908502893393,-0.10624999999999996,-0.11375000000000007,0.38165017501795884,0.310416736283926,0.22433956637684074,0.1634503300334882,0.05597489314570994,0.007500000000000118,0.002529568811320513,0.28150764546177515,0.11898712828440909,0.11135759853067521,0.0,0.9999999987499999,0.5454627880605368,0.2944201483540374,0.3965382103676035,0.43062142215564436,happy,03,17,17,male,strong,1938
40,1.3346666666666667,True,1.0,0.408882336728139,0.39438255726140614,0.4016324469947726,0.6790123456790119,-0.09717592592592589,-0.09939814814814818,0.3808007962871616,0.1975308641975302,0.235471429897472,0.5914950583013927,0.014499779466732865,0.002222222222222292,0.005320145191664526,0.39886363636363575,0.12270936591881404,0.10830275457910399,0.0,0.9999999987499999,0.5432407800620248,0.29232804045256167,0.4148441056238074,0.42742918692437526,happy,03,17,17,male,strong,1938
50,1.6683333333333334,True,1.0,0.472169308824635,0.44868895412421855,0.46042913147442677,0.36221395592451244,-0.09699074074074071,-0.09898148148148145,0.39114289358949716,0.09053757557143859,0.23628198362182443,1.2711523781551448,0.023480354700416428,0.0019907407407407374,0.005861343042976937,0.6936280839027167,0.1229789094399421,0.10852453551743049,0.0,0.9999999987499999,0.5370204681794594,0.2851544484949716,0.3883631478735133,0.4215454666395706,happy,03,17,17,male,strong,1938
60,2.0020000000000002,True,1.0,0.43083927516270065,0.41404757298481426,0.42244342407375746,0.6403630501968376,-0.09597222222222224,-0.0965740740740742,0.38759639424131226,0.14495520853947305,0.23699105841144152,0.6596936283939321,0.016791702177886392,0.0006018518518519644,0.005669140616687693,0.4036520758769958,0.12300058591504366,0.10972224238156728,0.0,0.9999999987499999,0.5425574733877926,0.29402486562686053,0.4144388496735985,0.43074370578956733,happy,03,17,17,male,strong,1938
70,2.3356666666666666,True,1.0,0.4308392751627001,0.41404528555542125,0.4224422803590607,0.8163822563223634,-0.08217592592592599,-0.08722222222222226,0.4050561619093162,0.17242642968556265,0.23220218391499245,0.5174564697940368,0.016793989607278847,0.005046296296296271,0.006384565945646403,0.33532381489197016,0.12207240552045215,0.11143993094804788,0.0,0.9999999987499999,0.5398458937481243,0.29023339213972477,0.4003709687464202,0.4421942406330311,happy,03,17,17,male,strong,1938
80,2.6693333333333333,True,1.0,0.3967314883936185,0.39539662269957576,0.3960640555465971,0.6889172401200077,-0.0797222222222222,-0.08101851851851849,0.4186260896013312,0.1555555555555559,0.22094524115190534,0.5749080331878526,0.0013348656940427306,0.0012962962962962954,0.000635674739507389,0.4082493275259115,0.1234090005254614,0.10961086211477751,0.0,0.9999999987499999,0.5433383092846514,0.28954779959504673,0.41748268232755553,0.44633231766190434,happy,03,17,17,male,strong,1938
90,3.003,True,1.0,0.39459317754810463,0.3681480563371202,0.38137061694261243,0.6720748946932174,-0.07435185185185184,-0.07194444444444453,0.4279286541433917,0.14633286602962833,0.21122816978596962,0.567452556186758,0.026445121210984412,0.0024074074074073026,0.002748040144721882,0.41763307781076575,0.12533489455882174,0.10881322663440496,0.0,0.9999999987499999,0.5481304154396134,0.28931738685263403,0.41619377004823804,0.44831324919295035,happy,03,17,17,male,strong,1938
100,3.336666666666667,True,1.0,0.40277929874871565,0.3930669995636417,0.39792314915617866,0.6466419852170414,-0.0712962962962963,-0.0683333333333333,0.4190408258683692,0.18392390055128247,0.20575180537213697,0.6153685629036572,0.009712299185073936,0.0029629629629630005,0.007701867153328795,0.44636977198256994,0.12355946589781526,0.10856731162567199,0.0,0.9999999987499999,0.5541260992365695,0.2902760455286605,0.4054562565644721,0.4428058145319361,happy,03,17,17,male,strong,1938
110,3.6703333333333332,True,1.0,0.4163175620845226,0.3914890634758785,0.40390331278020053,0.6306330266320042,-0.07361111111111107,-0.06967592592592597,0.3983838454615035,0.22767918876438908,0.20095126136684655,0.6404728197273624,0.02482849860864411,0.003935185185185097,0.010448868260069268,0.4493478010915824,0.12522743409254308,0.10805889180301242,0.0,0.8379848250734101,0.5575808076042917,0.2903808105538583,0.39235181697189764,0.43482806829950077,happy,03,17,17,male,strong,1938
0,0.0,True,1.0,0.48161017965815733,0.4292353195693072,0.4554227496137323,0.669870887851453,-0.08222222222222214,-0.08074074074074072,0.3627912229110004,0.2769496448225941,0.20628698768720846,0.6798664606465544,0.05237486008885012,0.001481481481481417,0.01625031342695968,0.43266699435343026,0.11803039252020699,0.11186136977034473,0.0,0.9999999987499999,0.5977109477150235,0.3207235964138767,0.3898546915134425,0.463239947180598,happy,03,17,17,male,strong,1939
10,0.33366666666666667,True,1.0,0.46408792185310443,0.4452929619744752,0.4546904419137898,0.5881080597792884,-0.0775925925925926,-0.07740740740740742,0.38562330837959213,0.2144143967945325,0.2069975259336926,0.7731409803913094,0.018794959878629225,0.00018518518518517713,0.013343770985770222,0.505625968379962,0.11808312217694947,0.11399941745530016,0.0,0.9999999987499999,0.5943758340445554,0.3208621750373642,0.3983979893130787,0.4716325909930251,happy,03,17,17,male,strong,1939
20,0.6673333333333333,True,1.0,0.4772759548710406,0.46727992483866215,0.47227793985485134,0.6000846589886409,-0.08546296296296302,-0.08861111111111103,0.3848680126309874,0.22042473906464788,0.21601496222801458,0.7870188527245638,0.009996030032378422,0.003148148148148011,0.009541451950839667,0.4596066817486126,0.12442932312275139,0.11019394505647505,0.0,0.9455176490720445,0.5401342737563777,0.2897754086836844,0.3983999953938213,0.43334863471906143,happy,03,17,17,male,strong,1939
30,1.0010000000000001,True,1.0,0.4776776876810246,0.48824706872268947,0.48296237820185706,1.0678564139202014,-0.09865740740740742,-0.09986111111111101,0.38007181474780705,0.298000066832569,0.23206315850896622,0.45227276992124504,0.010569381041664883,0.0012037037037035958,0.011411029538628877,0.27494940425983205,0.119651624504334,0.11150094142644872,0.0,0.9999999987499999,0.542972297598727,0.29147829461174174,0.4077831172924903,0.4374561333147768,happy,03,17,17,male,strong,1939
40,1.3346666666666667,True,1.0,0.43793437506370336,0.4223118451285273,0.43012311009611537,0.6789606054918161,-0.09949074074074066,-0.10250000000000004,0.3775707514436924,0.2160329199292136,0.2354429157218052,0.6335023072281915,0.015622529935176044,0.003009259259259378,0.014725682229328867,0.4094947501656442,0.12489141029819287,0.10879787624609355,0.0,0.9999999987499999,0.5359001414393882,0.2907361116499483,0.41815490109819353,0.42646729546495876,happy,03,17,17,male,strong,1939
50,1.6683333333333334,True,1.0,0.42465676186363394,0.4101195202287739,0.4173881410462039,0.91395264554382,-0.10199074074074083,-0.10351851851851857,0.463979597376581,0.18580355980835916,0.2459031517755891,0.45668464671695286,0.014537241634860032,0.001527777777777739,0.009271285700931173,0.3214285714285712,0.1226150783103856,0.11152797299649385,0.0,0.9999999987499999,0.5332700066823604,0.28656989310579045,0.41725851026392485,0.44456510939791133,happy,03,17,17,male,strong,1939
60,2.0020000000000002,True,1.0,0.4379493062926183,0.4292142396757396,0.43358177298417894,0.9284832005333782,-0.08675925925925937,-0.0897222222222222,0.4108031844731365,0.2434380384198362,0.230651169730226,0.46697858694169453,0.008735066616878728,0.002962962962962834,0.002070613913930513,0.30868176177203066,0.12288814820639213,0.10950072942467103,0.0,0.9999999987499999,0.5405981690254228,0.2889926844809833,0.4174013296033694,0.43995481434976424,happy,03,17,17,male,strong,1939
70,2.3356666666666666,True,1.0,0.4381236399590001,0.4271774850747138,0.43265056251685696,0.7540874161263731,-0.08337962962962958,-0.08712962962962961,0.34694809989705716,0.21541008431309885,0.22658292000357325,0.5737405946107866,0.010946154884286297,0.003750000000000031,0.006330293290058808,0.36153419633921763,0.12600078009019997,0.1085691915055035,0.0,0.9999999987499999,0.5474250099258452,0.291417289844344,0.40166347955221393,0.4214100455570017,happy,03,17,17,male,strong,1939
80,2.6693333333333333,True,1.0,0.4444163771186183,0.4405918121135436,0.442504094616081,0.7106639911791515,-0.0784259259259259,-0.0797222222222222,0.3795050860072989,0.2266666480399343,0.21264356363701678,0.6226628900697039,0.0038245650050747204,0.0012962962962962954,0.0061900009784857405,0.40767314811159894,0.12549590723087056,0.10897770069164685,0.0,0.9999999987499999,0.5457290417885905,0.28731224553551826,0.4039003409052598,0.4305381580834801,happy,03,17,17,male,strong,1939
90,3.003,True,1.0,0.46503869990166735,0.45393242079814583,0.4594855603499066,0.575912180088294,-0.07708333333333334,-0.07837962962962963,0.38847690496181203,0.21596706753311048,0.21125561860177333,0.7978396294370127,0.011106279103521521,0.0012962962962962954,0.009736842039764748,0.5056259683799611,0.12556459215214796,0.10784373645362191,0.0,0.9999999987499999,0.5461976733662215,0.28767377063839566,0.3983655316000091,0.42653128997042566,happy,03,17,17,male,strong,1939
100,3.336666666666667,True,1.0,0.4722993703138861,0.43209771759074056,0.4521985439523133,0.620442456123374,-0.07791666666666663,-0.07685185185185184,0.37389971375373354,0.25436531096502185,0.2063698160501251,0.7288323671106001,0.04020165272314552,0.0010648148148147962,0.01859080391202043,0.47416009451678415,0.1252598072692995,0.10606352628011889,0.0,0.9999999987499999,0.5484092930062651,0.28740770814363914,0.393250895743845,0.4226486748912945,happy,03,17,17,male,strong,1939
110,3.6703333333333332,True,1.0,0.443897232301544,0.4186118874639051,0.43125455988272454,0.6284334781833874,-0.07675925925925925,-0.07569444444444445,0.37688176099328397,0.25260561377959706,0.20431608584256833,0.6862374059532158,0.02528534483763889,0.0010648148148147962,0.013571779224633065,0.47789875377336166,0.1258244046967252,0.10789423234217031,0.0,0.9999999987499999,0.5485450058226415,0.28789928934848585,0.3947733497634725,0.4293255817607618,happy,03,17,17,male,strong,1939
0,0.0,True,1.0,0.5522191612279791,0.4980940001020947,0.5251565806650369,0.6573854633308427,-0.07810185185185198,-0.07111111111111112,0.3236226210118086,0.31468327088189185,0.21609971078213072,0.7988563939399753,0.05412516112588439,0.006990740740740853,0.022899560338888274,0.4672065451714286,0.12826291786204522,0.10480203311145961,0.0,0.9999999987499999,0.547304664100015,0.2866512107339887,0.3966528443472682,0.43374673333633007,sad,04,17,17,male,normal,1940
10,0.33366666666666667,True,1.0,0.49851482349460663,0.4481378665522872,0.47332634502344695,0.6934191215455484,-0.08245370370370375,-0.07199074074074069,0.3259357217493353,0.30508510792387616,0.21961265158590781,0.6825977685306097,0.05037695694231942,0.010462962962963063,0.025309881757913925,0.44054171156626587,0.1269179956146893,0.10696250031644249,0.0,0.9999999987499999,0.5487158533882304,0.28579803080576843,0.39446753268636126,0.433234242665878,sad,04,17,17,male,normal,1940
20,0.6673333333333333,True,1.0,0.5384720413821154,0.45951721934374296,0.4989946303629291,0.7805196770387681,-0.08361111111111108,-0.07476851851851851,0.3243786158508763,0.34132242433184434,0.21966162985185075,0.639310763126532,0.0789548220383724,0.008842592592592569,0.030856102655441277,0.4051574987539819,0.12909671836144182,0.10523170212164205,0.0,0.9999999987499999,0.5465945938844288,0.28588723437734936,0.3946664179774432,0.4319177369277882,sad,04,17,17,male,normal,1940
30,1.0010000000000001,True,1.0,0.4790819811252423,0.4393771310813096,0.459229556103276,0.8508268612060261,-0.0875925925925925,-0.08495370370370375,0.3838048822444613,0.2775649371835441,0.2258296203099505,0.5397450139883094,0.039704850043932705,0.0026388888888887463,0.014784825436962261,0.3360604342633417,0.12432929862246679,0.10856586944677539,0.0,0.9999999987499999,0.5494887462016056,0.28904874973507144,0.40942694040464217,0.44764443953524535,sad,04,17,17,male,normal,1940
40,1.3346666666666667,True,1.0,0.5121590358093343,0.4555274939677956,0.483843264888565,0.660104611312402,-0.09310185185185182,-0.0900925925925925,0.35895587668401363,0.2158034306213625,0.23413337918410398,0.7329796771554149,0.05663154184153868,0.0030092592592593226,0.002977232716685466,0.45473374134514366,0.1261033228344333,0.10756810940088199,0.0,0.9999999987499999,0.5447636435746174,0.28547858290149486,0.4062912348103155,0.4298355189983271,sad,04,17,17,male,normal,1940
50,1.6683333333333334,True,1.0,0.5119385207253222,0.4629969496481177,0.48746773518671993,0.7530638707437531,-0.08518518518518525,-0.08194444444444438,0.3721108972065826,0.17001869373189601,0.23761593849848456,0.6473126040494801,0.04894157107720448,0.0032407407407408773,0.004195046654446037,0.3823484318364515,0.12932225642301157,0.10513577775788534,0.0,0.6764722434450283,0.5388812164709634,0.2873288611312454,0.40711629236481867,0.41987183258482647,sad,04,17,17,male,normal,1940
60,2.0020000000000002,True,1.0,0.47656015675558744,0.44227673160779657,0.459418444181692,0.6420766020084304,-0.08634259259259253,-0.08342592592592601,0.3687955725550782,0.16665396680253614,0.24038063351773917,0.7155196790299171,0.03428342514779087,0.002916666666666512,0.005769199698812454,0.4654326846456112,0.12460391131588752,0.10789800690501242,0.0,0.9999999987499999,0.5410280900172569,0.28758305350869134,0.4083397980656474,0.4280469366078404,sad,04,17,17,male,normal,1940
70,2.3356666666666666,True,1.0,0.49782508707064754,0.44990251162510103,0.47386379934787426,0.7608180550352274,-0.08745370370370376,-0.08032407407407416,0.3392682907453884,0.2536060183450761,0.23342780970748767,0.6228345873389314,0.04792257544554651,0.007129629629629597,0.007614927940367857,0.4148448166657452,0.12829676909935606,0.10566598799582999,0.0,0.9999999987499999,0.5433151300989146,0.28524168766697766,0.4070179368059686,0.42362187318487293,sad,04,17,17,male,normal,1940
80,2.6693333333333333,True,1.0,0.5310029829982854,0.4682651655694835,0.49963407428388446,0.6378743464415498,-0.08625000000000005,-0.0821296296296295,0.3324636596189799,0.25784563189143356,0.23138193027168313,0.783279774568685,0.06273781742880191,0.004120370370370552,0.012830992803216026,0.4911173826022459,0.12866810518601116,0.10575534280062257,0.0,0.9999999987499999,0.54239951489971,0.28496186692025127,0.40280592770660795,0.4255178058953447,sad,04,17,17,male,normal,1940
90,3.003,True,1.0,0.5441517840658208,0.49415221934327525,0.519152001704548,0.6599162942703177,-0.08356481481481481,-0.08009259259259255,0.3335460484507137,0.2895360316608687,0.22860575557804866,0.7866937158728358,0.04999956472254552,0.0034722222222222654,0.00993628309360403,0.4596066817486126,0.1281599211455545,0.10583192614852721,0.0,0.9999999987499999,0.5449147330416543,0.28508470944512865,0.4021366759667662,0.4293610809759964,sad,04,17,17,male,normal,1940
100,3.336666666666667,True,1.0,0.5252806308616609,0.4812594487089913,0.503270039785326,0.6644199021313875,-0.08333333333333326,-0.07828703703703704,0.33347090300096605,0.2915311815474457,0.22860575557804855,0.7574578036733848,0.04402118215266959,0.0050462962962962155,0.015117837824089937,0.45963696447164126,0.12713906125206523,0.10687804796407234,0.0,0.9999999987499999,0.5455090224996249,0.28450431971258777,0.39680254533556575,0.428092684305208,sad,04,17,17,male,normal,1940
0,0.0,True,1.0,0.5117845117845126,0.47006096429122796,0.49092273803787023,0.6425407921152024,-0.06861111111111118,-0.06805555555555554,0.3341442623893773,0.2870721356880502,0.21329784115730271,0.764033574307064,0.04172354749328461,0.0005555555555556424,0.0052081916637067545,0.46672189487620647,0.12766738581297524,0.10570707067130809,0.0,0.9999999987499999,0.544125041258691,0.2849094267091968,0.39301326647022183,0.422298473567668,sad,04,17,17,male,normal,1941
10,0.33366666666666667,True,1.0,0.5061030689610928,0.5103451930090878,0.5082241309850903,0.6288716906079198,-0.06949074074074069,-0.06930555555555562,0.3338135929297529,0.28707213568805034,0.21258076647568716,0.8081523442306626,0.004242124047994955,0.0001851851851850661,0.012879760228178801,0.47736170684620627,0.12525537508243384,0.10784999495622237,0.0,0.9999999987499999,0.5411769595025511,0.28359675669011464,0.3866197419055172,0.4177708135477521,sad,04,17,17,male,normal,1941
20,0.6673333333333333,True,1.0,0.5254711548711843,0.5236576956541872,0.5245644252626858,0.6472109688338274,-0.07032407407407415,-0.07148148148148142,0.3322564095299159,0.30981285103465644,0.21257035829711185,0.8104998996044034,0.0018134592169971597,0.0011574074074072738,0.011521377509067546,0.45525205729661394,0.1283471505998615,0.10596498859700461,0.0,0.9999999987499999,0.5399257883231418,0.2838458501255598,0.3897772919315079,0.4192488524642605,sad,04,17,17,male,normal,1941
30,1.0010000000000001,True,1.0,0.4911059578688064,0.46175144548877023,0.4764287016787883,0.7732138757302074,-0.07782407407407416,-0.0765277777777777,0.3778567708073452,0.2657512156557016,0.22093315507524386,0.6161667769203686,0.02935451238003617,0.001296296296296462,0.008124908754186465,0.38697449674456347,0.1252306448805854,0.10840723142396877,0.0,0.9999999987499999,0.5473995438018957,0.2859430467733545,0.40002842234372116,0.42948630609394634,sad,04,17,17,male,normal,1941
40,1.3346666666666667,True,1.0,0.4796212729439516,0.4595172193437415,0.46956924614384654,0.8434317818801419,-0.08458333333333334,-0.08069444444444446,0.3520561257931019,0.2659954482442531,0.2279548969500838,0.5567364856670483,0.020104053600210114,0.003888888888888886,0.014038720813903616,0.3637733720094127,0.12594659711476125,0.10845651965350589,0.0,0.9999999987499999,0.5444685602678572,0.2866422554601991,0.4000279482270901,0.4218266320477182,sad,04,17,17,male,normal,1941
50,1.6683333333333334,True,1.0,0.4846823540004204,0.42970105146964077,0.4571917027350306,0.4982499293278672,-0.07787037037037037,-0.07375000000000004,0.35801841236855,0.13401881363219326,0.2300522136955751,0.9175951180801498,0.05498130253077965,0.00412037037037033,0.011084083915787682,0.5481634822205439,0.12876053303232035,0.10564278942083147,0.0,0.7598166571082614,0.5445468641440951,0.2865555155563795,0.39995572048257055,0.42550175383806327,sad,04,17,17,male,normal,1941
60,2.0020000000000002,True,1.0,0.49851482349460663,0.4619901108028091,0.48025246714870784,0.6564933653298787,-0.07819444444444434,-0.07476851851851851,0.3528522769117341,0.23157680661344704,0.22732812595462837,0.731541996479108,0.03652471269179752,0.0034259259259258323,0.01390043832886215,0.4756229721201678,0.12613371423580624,0.10770949944455006,0.0,0.9999999987499999,0.5458087885310374,0.2868677075282578,0.3963215367715123,0.4219246735967992,sad,04,17,17,male,normal,1941
70,2.3356666666666666,True,1.0,0.5304578857804712,0.5071417997283669,0.518799842754419,0.6830121441246604,-0.07629629629629625,-0.07365740740740745,0.3443123832056956,0.28225066806322696,0.22106675581184432,0.7595763080015309,0.023316086052104223,0.002638888888888802,0.012656060010890377,0.44701090224508844,0.12846330718459067,0.10546345664554724,0.0,0.9999999987499999,0.54199882419374,0.28419650074947733,0.3969564784962427,0.41845525428272806,sad,04,17,17,male,normal,1941
80,2.6693333333333333,True,1.0,0.517231536842102,0.48125944870898923,0.49924549277554564,0.6355939262264803,-0.07476851851851846,-0.07217592592592581,0.3404610762804429,0.2713770469602797,0.21969774866802003,0.7854787029504279,0.035972088133112756,0.0025925925925926463,0.013699797850604673,0.4821396452215093,0.1282405202586501,0.10591428086811662,0.0,0.9999999987499999,0.5480170950958508,0.28409355101741474,0.39458118578548473,0.4233370929302584,sad,04,17,17,male,normal,1941
90,3.003,True,1.0,0.5439603293130388,0.5200399796102079,0.5320001544616233,0.6822110451529632,-0.07407407407407401,-0.07324074074074072,0.3293811693608445,0.30697554513722325,0.21626910826010384,0.7798175626756966,0.023920349702830968,0.0008333333333332971,0.017628684381488315,0.4405417115662643,0.12887145568397831,0.10423576209921334,0.0,0.9999999987499999,0.548510482216324,0.2846795885981681,0.389718940550528,0.4212862150542644,sad,04,17,17,male,normal,1941
100,3.336666666666667,True,1.0,0.5174461791015865,0.5057137443149242,0.5115799617082554,0.6594298836481987,-0.07425925925925919,-0.07305555555555565,0.32802475861194474,0.3433587710444651,0.2092743684658457,0.7757912924388786,0.011732434786662305,0.0012037037037035403,0.019173363516725276,0.47046900782141815,0.1267744109098768,0.10659780007539305,0.0,0.9999999987499999,0.5499022119707258,0.28383546035132395,0.3844087344799514,0.421702576728926,sad,04,17,17,male,normal,1941
0,0.0,True,1.0,0.536261482596117,0.4783604970609965,0.5073109898285567,0.5959912194753273,-0.07962962962962966,-0.06884259259259262,0.3259788458858574,0.31174919405240015,0.20842706224907015,0.8512054762738971,0.057900985535120464,0.01078703703703704,0.023550004876359658,0.4974664948692369,0.12980178220499536,0.1041780553296333,0.0,0.7071067807446058,0.5462910812762605,0.2837130833598285,0.3993466633661366,0.43469714829347905,sad,04,17,17,male,normal,1942
10,0.33366666666666667,True,1.0,0.5148186198765548,0.4860370172115761,0.5004278185440654,0.5824352060364906,-0.07777777777777778,-0.06874999999999992,0.3256971144640435,0.30508510792387594,0.20638349432189484,0.8591991235377222,0.028781602664978645,0.009027777777777857,0.024176447339166157,0.5094852149379433,0.12853614218003262,0.10555532237367685,0.0,0.9999999987499999,0.5480640689713384,0.2839802636817109,0.3987890689041282,0.43369396591447035,sad,04,17,17,male,normal,1942
20,0.6673333333333333,True,1.0,0.3504959940869649,0.32995825980657073,0.3402271269467678,0.5685677011308603,-0.08601851851851855,-0.07763888888888887,0.32569711446404326,0.29121760301824545,0.2063698160501251,0.5983933422001787,0.020537734280394182,0.008379629629629681,0.021139468179863743,0.5356165901258886,0.12973414804516842,0.10462709305911028,0.0,0.8767393327823475,0.5447557075095663,0.28379078016394677,0.3982509106621995,0.4310779836705972,sad,04,17,17,male,normal,1942
30,1.0010000000000001,True,1.0,0.46383699442850246,0.42416743597176426,0.4440022152001334,0.8715337884423838,-0.08777777777777768,-0.07421296296296298,0.329477983312653,0.33351811287009403,0.2154651725896297,0.5094492274288754,0.039669558456738196,0.013564814814814696,0.029825421845279886,0.3440754064366788,0.12551884379571737,0.10683227256727128,0.0,0.9999999987499999,0.5507610551173595,0.28406619563255653,0.3980710686231945,0.4309152870514477,sad,04,17,17,male,normal,1942
40,1.3346666666666667,True,1.0,0.48421905657256925,0.42990275277555096,0.45706090467406013,0.653261491629743,-0.0866203703703704,-0.07717592592592593,0.33831430084021286,0.25315539597965936,0.2218801620856639,0.699659953219949,0.054316303797018295,0.009444444444444478,0.035156923951355286,0.4479034489865684,0.12644806632439187,0.10751762928849773,0.0,0.9999999987499999,0.5485167982505502,0.2836208965306221,0.39897356604219053,0.43377917395534515,sad,04,17,17,male,normal,1942
50,1.6683333333333334,True,1.0,0.5230989844337547,0.4821747770550832,0.5026368807444189,0.5714753635109778,-0.09106481481481488,-0.08013888888888887,0.3439942578043286,0.20738598360741847,0.23091563916378968,0.8795425189571859,0.04092420737867147,0.010925925925926006,0.04105902966704657,0.502195060737618,0.12866214453435593,0.10576259446014333,0.0,0.8074069630905804,0.5505834519589086,0.2843696779589502,0.40309201128398936,0.4326290661899207,sad,04,17,17,male,normal,1942
60,2.0020000000000002,True,1.0,0.5083955295023344,0.43210563812371217,0.47025058381302326,0.7011328405303531,-0.08828703703703694,-0.07824074074074067,0.32936933075398955,0.24920831324900541,0.22814224567640548,0.6707011234237935,0.07628989137862219,0.010046296296296275,0.041289617137977054,0.44475805142233665,0.12521866791499014,0.10718395315913189,0.0,0.9999999987499999,0.55019150415635,0.28573569955970024,0.4040057631387514,0.4350941665614499,sad,04,17,17,male,normal,1942
70,2.3356666666666666,True,1.0,0.5576577065118316,0.4716734086342462,0.5146655575730389,0.7059798892898438,-0.0875462962962964,-0.07527777777777783,0.3426290063659905,0.2611201061192328,0.23234703672450308,0.7290088080139918,0.08598429787758533,0.012268518518518567,0.040934768476671796,0.43009858172969145,0.12754993067287151,0.10620814126303155,0.0,0.9999999987499999,0.5494331880955508,0.28561841842789876,0.4089277990106929,0.4363933003336356,sad,04,17,17,male,normal,1942
80,2.6693333333333333,True,1.0,0.5384829812873676,0.4940213835130381,0.5162521824002029,0.6147803719026204,-0.0866203703703704,-0.07518518518518524,0.326324942488659,0.2593916141492168,0.23031505209929326,0.8397343278909625,0.04446159777432951,0.01143518518518516,0.04384405249385924,0.5016188452953841,0.12822438735395184,0.10539288672826344,0.0,0.9999999987499999,0.5540367381249376,0.2854326393489903,0.4052401867265897,0.43850262763326847,sad,04,17,17,male,normal,1942
90,3.003,True,1.0,0.5357972463705187,0.4807257249363621,0.5082614856534404,0.624004118731293,-0.08513888888888888,-0.07393518518518521,0.3285326399409121,0.2709821717326015,0.22675558918191258,0.8145162353845081,0.05507152143415661,0.01120370370370366,0.04117861548191056,0.5026394809700114,0.1280155154057207,0.10474092878687283,0.0,0.9999999987499999,0.5524970980501576,0.2846843694716014,0.40057220964222323,0.43541965767410584,sad,04,17,17,male,normal,1942
100,3.336666666666667,True,1.0,0.5389998486697591,0.48437433693342963,0.5116870928015944,0.608020858724782,-0.08467592592592593,-0.07152777777777769,0.3295924389500831,0.2833890522110161,0.2212323500591032,0.8415617416066434,0.05462551173632951,0.013148148148148242,0.042621319141152456,0.5037955137209253,0.12745401886352659,0.10703757728427547,0.0,0.9999999987499999,0.5522234173982092,0.2842571381488796,0.3937925166097654,0.4328283458033559,sad,04,17,17,male,normal,1942
0,0.0,True,1.0,0.5357646467155374,0.4947060466975497,0.5152353467065436,0.6513385124933956,-0.07537037037037042,-0.07189814814814816,0.33260636783550446,0.31201401845891524,0.21396913110426483,0.791040813377004,0.04105860001798767,0.0034722222222222654,0.0065555626138197815,0.45690577431012847,0.1253415409062699,0.10739562666969427,0.0,0.9999999987499999,0.5461593194934223,0.28575458356536343,0.38708879521960404,0.43050380182885145,sad,04,17,17,male,normal,1943
10,0.33366666666666667,True,1.0,0.541062801932368,0.50787317213352,0.5244679870329441,0.7028183884120062,-0.08083333333333337,-0.07504629629629633,0.32743892415235537,0.3100480782850925,0.2209331550752438,0.7462354367505399,0.033189629798847986,0.005787037037037035,0.004190541254974912,0.4190921569885976,0.12671375467689933,0.1080893065849775,0.0,0.9999999987499999,0.5478246615208584,0.28717269784920113,0.3943315548180573,0.4325649098592512,sad,04,17,17,male,normal,1943
20,0.6673333333333333,True,1.0,0.5621899625013989,0.5206631068634089,0.5414265346824039,0.7384325570265813,-0.08060185185185176,-0.07425925925925936,0.3291313629345483,0.30766354073181806,0.22438207265393784,0.73321054107168,0.04152685563798997,0.0063425925925924,0.003894876393834701,0.41664406289272415,0.12752520008741952,0.1064170163812372,0.0,0.8172122471902727,0.5510386239495798,0.28717135129896854,0.3954674621249526,0.4289728025400683,sad,04,17,17,male,normal,1943
30,1.0010000000000001,True,1.0,0.4989016382652921,0.4551492208725092,0.47702542956890065,0.8428643519980232,-0.08217592592592599,-0.07902777777777764,0.3444665246739698,0.3176831297121629,0.2225735070698728,0.5659575333066399,0.043752417392782905,0.003148148148148344,0.006685109195635794,0.3724193322505538,0.12385229887547629,0.10963230550454085,0.0,0.9999999987499999,0.5561436187600041,0.28651115623535184,0.3881008715636313,0.43260406436377935,sad,04,17,17,male,normal,1943
40,1.3346666666666667,True,1.0,0.5036587300467007,0.44523122527370274,0.4744449776602017,0.6038494008472663,-0.09305555555555561,-0.09138888888888896,0.35680457160219126,0.2011588596587592,0.2421463688751463,0.7857008336755884,0.05842750477299796,0.0016666666666666496,0.01548582005716697,0.49364305200039865,0.12587212478297674,0.10854294165278587,0.0,0.8549062940025268,0.554813138278749,0.2869755780221267,0.40176081885659237,0.4382358430361263,sad,04,17,17,male,normal,1943
50,1.6683333333333334,True,1.0,0.5262821422898676,0.4615229305060826,0.4939025363979751,0.4832704428557564,-0.09305555555555556,-0.08731481481481485,0.3615300752953085,0.12370979121388805,0.24487135243228983,1.022000297554701,0.06475921178378496,0.005740740740740713,0.01825229151732687,0.5810624888282934,0.12419119038242803,0.10907373025226319,0.0,0.9999999987499999,0.5825707510894983,0.31481314687486744,0.4184276287376807,0.4750735224667883,sad,04,17,17,male,normal,1943
60,2.0020000000000002,True,1.0,0.5043217057602806,0.43144923920936923,0.4678854724848249,0.6872157223249871,-0.08888888888888896,-0.08398148148148155,0.358768875271764,0.21223461358231693,0.23997311052933978,0.6808422119649352,0.07287246655091134,0.004907407407407416,0.019141903511948728,0.4295707781057323,0.12313215274497397,0.10940056499766178,0.0,0.9999999987499999,0.5518806428118121,0.2876988232520967,0.40339819609364946,0.434489523323493,sad,04,17,17,male,normal,1943
70,2.3356666666666666,True,1.0,0.5027770341870886,0.45097186629034514,0.4768744502387169,0.6973372009971963,-0.08828703703703705,-0.08083333333333331,0.35045903589347766,0.24712144541284872,0.2378287198805056,0.683850581263675,0.0518051678967435,0.00745370370370374,0.016440693754624435,0.4512544974663971,0.12703245038696215,0.10539012787559926,0.0,0.9999999987499999,0.5483252676070428,0.28668765368662774,0.40705837247261256,0.43342181794424134,sad,04,17,17,male,normal,1943
80,2.6693333333333333,True,1.0,0.49761563588744173,0.45222294536905844,0.4749192906282501,0.587736631958305,-0.08564814814814825,-0.07791666666666669,0.3473682248760275,0.2426882151006006,0.23089416232882734,0.808047796928781,0.045392690518383294,0.007731481481481561,0.021936282003099526,0.5152699466940868,0.1270311297271142,0.10718420620746631,0.0,0.9999999987499999,0.5509381807644934,0.28493281354474204,0.39955411958007286,0.4351423787779436,sad,04,17,17,male,normal,1943
90,3.003,True,1.0,0.5166396102140086,0.4787005876068347,0.4976700989104217,0.6270183982374756,-0.08407407407407408,-0.07662037037037034,0.3335071242140994,0.286745432914502,0.22608488196836368,0.7937089251437486,0.03793902260717391,0.00745370370370374,0.022294453884083534,0.4923921226768868,0.1278904762864309,0.10615737400514057,0.0,0.9999999987499999,0.547676661305147,0.28455097160562526,0.3979215459544743,0.4342103728903251,sad,04,17,17,male,normal,1943
100,3.336666666666667,True,1.0,0.49041588584277057,0.4350303278784629,0.46272310686061674,0.6217607490140776,-0.08430555555555558,-0.07773148148148151,0.33764311580267925,0.2777284447314716,0.22266672395226175,0.7442140849102393,0.05538555796430766,0.0065740740740740655,0.024607545609079216,0.4923921226768868,0.1268847725792441,0.10628731242391377,0.0,0.9999999987499999,0.5483287908835409,0.28466344201659005,0.3999690839576521,0.4366121945556249,sad,04,17,17,male,normal,1943
0,0.0,True,1.0,0.511823724074826,0.48824706872268947,0.5000353963987577,0.6661951507529587,-0.07162037037037039,-0.0685648148148148,0.3457859650998997,0.2547061835198051,0.2154340104642345,0.7505839630228455,0.023576655352136544,0.003055555555555589,0.02199865078796519,0.44288902326298507,0.12785078906844716,0.10638440516554652,0.0,0.9999999987499999,0.5412140810855592,0.28579716728821614,0.3871329779224113,0.4188731054407839,sad,04,17,17,male,strong,1944
10,0.33366666666666667,True,1.0,0.5194699777410275,0.49556048528046825,0.5075152315107478,0.6842399112216462,-0.07083333333333336,-0.06828703703703703,0.3451318289976414,0.2565899667081172,0.21819546389623223,0.7417211758440501,0.02390949246055929,0.0025462962962963243,0.02066916555929355,0.4559520182797447,0.1262099254804388,0.10744301233627634,0.0,0.9999999987499999,0.5423263446159714,0.28650238042298615,0.38806300419376233,0.41806930610553966,sad,04,17,17,male,strong,1944
20,0.6673333333333333,True,1.0,0.5247102998683827,0.5014298093812786,0.5130700546248306,0.6436826145105197,-0.07124999999999998,-0.06851851851851848,0.35354685405509073,0.22527465986764159,0.21820979943258187,0.7970854627089599,0.023280490487104122,0.0027314814814815014,0.020752133102812254,0.4629518733771727,0.12719872709406405,0.10698525975872,0.0,0.9999999987499999,0.5417846938853665,0.2850288904924644,0.38913656753999976,0.4196457097963356,sad,04,17,17,male,strong,1944
30,1.0010000000000001,True,1.0,0.485618393412909,0.48377250087341833,0.4846954471431637,0.8612380846849654,-0.08578703703703705,-0.08050925925925922,0.4168396147733226,0.21244949225992804,0.23073054239019045,0.5627891471154132,0.00184589253949069,0.005277777777777826,0.018283958931349563,0.32244961687619067,0.12060265100063268,0.1120129781995003,0.0,0.9999999987499999,0.5890280107668068,0.3159057884428165,0.41611152897385545,0.4783539146529149,sad,04,17,17,male,strong,1944
40,1.3346666666666667,True,1.0,0.49854695723045456,0.4938576494991252,0.4962023033647899,0.9567553573729222,-0.0866203703703704,-0.08638888888888896,0.36162178393542155,0.32087601161318385,0.23273364716741624,0.5186302846814174,0.004689307731329362,0.00023148148148144365,0.010072344120589029,0.31838896175679876,0.1234579951726656,0.11110977211843528,0.0,0.834869147386421,0.5455215782015932,0.2890295471691199,0.39957718807990467,0.42832653936787696,sad,04,17,17,male,strong,1944
50,1.6683333333333334,True,1.0,0.49836619532878457,0.4893310692887825,0.4938486323087835,0.4733669481285407,-0.08018518518518514,-0.07731481481481489,0.3745078238241361,0.10312682244072895,0.23548017787280295,1.0432680909835748,0.009035126040002062,0.0028703703703702454,0.003814742400936519,0.5789569696419121,0.12679692876823634,0.10674963721237346,0.0,0.9999999987499999,0.5409059900991648,0.28668116911875746,0.40382746091136074,0.4213258423444006,sad,04,17,17,male,strong,1944
60,2.0020000000000002,True,1.0,0.49836619532878457,0.46814421050515687,0.4832552029169707,0.5679038510576018,-0.0792592592592592,-0.07592592592592584,0.37608397352673706,0.1570348092510967,0.2341112198755218,0.8509454584909211,0.0302219848236277,0.003333333333333355,0.0035917184041150906,0.5149198100364145,0.12450513410251599,0.10765861923988525,0.0,0.9999999987499999,0.5387262523056098,0.2870762705354892,0.3992799758289314,0.4196992131721901,sad,04,17,17,male,strong,1944
70,2.3356666666666666,True,1.0,0.5442597954917647,0.5212749687908754,0.5327673821413201,0.7190928969137157,-0.07787037037037037,-0.07606481481481481,0.36279598066243146,0.24795140744790223,0.22579211711987873,0.7408881167202618,0.022984826700889305,0.0018055555555555602,0.002750686627213597,0.4087653450348621,0.1280550242134826,0.10577886748556893,0.0,0.9999999987499999,0.5369242832758103,0.2844865075817759,0.4066548695539595,0.4234520495917159,sad,04,17,17,male,strong,1944
80,2.6693333333333333,True,1.0,0.5441517840658195,0.4953197062288248,0.5197357451473221,0.6741935822160954,-0.07458333333333328,-0.07263888888888875,0.3607025175398489,0.2496877806850797,0.2210004833709049,0.7708998703887606,0.048832077836994725,0.0019444444444445264,0.011913411946666449,0.43904108763426325,0.1292094736274802,0.10527435440657419,0.0,0.9999999987499999,0.5396941079947604,0.28429557648889625,0.39342303091635333,0.41588102417531364,sad,04,17,17,male,strong,1944
90,3.003,True,1.0,0.5121782765103062,0.5026663282724386,0.5074223023913724,0.6886602313956927,-0.07439814814814816,-0.07180555555555546,0.35458210571222565,0.267797783643922,0.21753092920897316,0.7368253301965626,0.009511948237867607,0.002592592592592702,0.01675878307577001,0.43904108763426386,0.12882942069033423,0.10483433787387902,0.0,0.9999999987499999,0.5398367056431947,0.2837236785423289,0.3879950402094998,0.4176800968859108,sad,04,17,17,male,strong,1944
100,3.336666666666667,True,1.0,0.5335553264845878,0.4955604852804681,0.5145579058825279,0.7115901591214567,-0.07226851851851845,-0.07050925925925933,0.35013993668300486,0.2846211787617947,0.21131917059170924,0.7231099240014944,0.03799484120411972,0.0017592592592591272,0.018274872299701015,0.4208699611611929,0.12761406554337704,0.10648949364038618,0.0,0.9999999987499999,0.5400746690473065,0.28446424825606864,0.38429328290014464,0.4179738145136065,sad,04,17,17,male,strong,1944
0,0.0,True,1.0,0.5106993418239,0.49216082242604264,0.5014300821249713,0.5473878027252808,-0.06995370370370368,-0.06754629629629627,0.3452319370387663,0.24760561017566637,0.21274256606063233,0.9160417525354061,0.018538519397857334,0.0024074074074074137,0.03106426594041607,0.5377782956044521,0.12807623369186646,0.10611288466157379,0.0,0.9999999987499999,0.5383076343662465,0.28104823370370363,0.39059446759996364,0.4185559562192797,sad,04,17,17,male,strong,1945
10,0.33366666666666667,True,1.0,0.5180786833465956,0.5031430034603889,0.5106108434034922,0.6730014993085461,-0.07981481481481478,-0.07004629629629633,0.33889709248073496,0.2638579688507254,0.22461146754929703,0.7587068437857909,0.014935679886206699,0.009768518518518454,0.03764990465018521,0.45884550080755493,0.12427813886903046,0.10932375082294955,0.0,0.9999999987499999,0.5778670839976616,0.31611851203623365,0.4065869226833247,0.46285838940886337,sad,04,17,17,male,strong,1945
20,0.6673333333333333,True,1.0,0.5329972991773504,0.5131320980130197,0.523064698595185,0.5462378290625861,-0.0700925925925926,-0.06555555555555542,0.34457156253203114,0.2340179908245937,0.21779066276925738,0.957576847969008,0.01986520116433066,0.004537037037037173,0.03293177288910409,0.5703009653612664,0.12507784570470104,0.11015130631921718,0.0,0.9999999987499999,0.5765777216433449,0.3151329765480423,0.4102150536913986,0.4643415039669222,sad,04,17,17,male,strong,1945
30,1.0010000000000001,True,1.0,0.5039116510571542,0.48913668629921897,0.4965241686781866,1.009706728161523,-0.06939814814814821,-0.06671296296296314,0.38798135795177374,0.3188337992902901,0.2221344668578539,0.49175087659587974,0.014774964757935216,0.0026851851851850683,0.031401665842077,0.30702351215192136,0.12446043166787886,0.10876640726151127,0.0,0.9999999987499999,0.5404647069530938,0.28516144686672834,0.41529419359435377,0.4433696737550213,sad,04,17,17,male,strong,1945
40,1.3346666666666667,True,1.0,0.5643035526425195,0.5242870902416261,0.5442953214420728,0.6903293324465952,-0.08129629629629631,-0.07370370370370366,0.36610880529705414,0.22787137168423227,0.23588417466737133,0.7884574736423795,0.040016462400893404,0.007592592592592651,0.03417474062776736,0.4548055090011206,0.127500324982641,0.10716035158743531,0.0,0.9999999987499999,0.5334163948235545,0.28868943158085786,0.40497294602714523,0.418670189450936,sad,04,17,17,male,strong,1945
50,1.6683333333333334,True,1.0,0.5004929717211377,0.45229507815776604,0.4763940249394519,0.6164654215875139,-0.08236111111111111,-0.07564814814814802,0.3766039529647518,0.15667199731347328,0.24420155489689763,0.7727830438772186,0.048197893563371674,0.006712962962963087,0.027378758577193175,0.48718891610249826,0.12718301653910896,0.10664724276495388,0.0,0.853610542818554,0.5416986683501526,0.2836556118089685,0.3946486830978498,0.40740295702478757,sad,04,17,17,male,strong,1945
60,2.0020000000000002,True,1.0,0.48478295758185097,0.45059867442917406,0.46769081600551254,0.6164876975191648,-0.08069444444444451,-0.07467592592592598,0.358119860177887,0.21981238664235303,0.23801342530412017,0.7586377114864866,0.03418428315267691,0.006018518518518534,0.031923766332802854,0.5144593694759564,0.12688965758304988,0.1068179055039276,0.0,0.9999999987499999,0.5362538569959234,0.2868283559435322,0.4106352908411305,0.4187679422690871,sad,04,17,17,male,strong,1945
70,2.3356666666666666,True,1.0,0.5362949273227612,0.4908790226956401,0.5135869750092006,0.777881635871555,-0.08050925925925922,-0.07245370370370385,0.34828488693889653,0.31081137414243926,0.2331371673609711,0.6602379479414846,0.045415904627121084,0.008055555555555372,0.03552874468195755,0.40815214271940575,0.13099194458918031,0.10304798990734096,0.0,0.8096470452495227,0.5398963092502627,0.28443670937885357,0.41457133259141105,0.42248827471927036,sad,04,17,17,male,strong,1945
80,2.6693333333333333,True,1.0,0.5277298831372566,0.5011767745646059,0.5144533288509312,0.653214915062686,-0.07634259259259257,-0.06870370370370371,0.3498761336665268,0.2623116263610645,0.22623466329916472,0.787571313801923,0.026553108572650697,0.007638888888888862,0.036983544209157615,0.46937151021400014,0.12918802776670038,0.10493818827113875,0.0,0.7071067807446058,0.5389186228944702,0.2845606383176503,0.4075537225040745,0.4189600349966704,sad,04,17,17,male,strong,1945
90,3.003,True,1.0,0.5497016782867259,0.5038034765297783,0.5267525774082521,0.6640184692290066,-0.07925925925925925,-0.06939814814814826,0.3467706482949227,0.273153670291681,0.22911780045079547,0.7932800092441189,0.04589820175694759,0.009861111111110987,0.041073872830775085,0.46650141483280694,0.1293386214189309,0.10457048789102043,0.0,0.7740021927668007,0.5409512187609419,0.2858182240206452,0.4038730273384684,0.4160736640329482,sad,04,17,17,male,strong,1945
100,3.336666666666667,True,1.0,0.5357261843817029,0.516686061732111,0.526206123056907,0.6783345037319164,-0.07328703703703704,-0.06648148148148153,0.34635887794106757,0.2802030483991447,0.22554188219707658,0.7757325038928996,0.019040122649591984,0.006805555555555509,0.03613343915648108,0.4710211686166969,0.1300784794669323,0.10419868977390866,0.0,0.9178875798063342,0.5366933311058798,0.286321340729313,0.40153250654678396,0.4193515242863618,sad,04,17,17,male,strong,1945
0,0.0,True,1.0,0.5118231021156193,0.5082430945711052,0.5100330983433623,0.6184919021705559,-0.06958333333333333,-0.06787037037037036,0.34438644516713507,0.25658996670811735,0.2120489160035014,0.8246398967447032,0.003580007544514152,0.0017129629629629717,0.01686402546546123,0.46720654517142785,0.127418550851222,0.10618645411027358,0.0,0.9999999987499999,0.5434041771396059,0.28566552887193053,0.38064457468971047,0.4153132926469311,sad,04,17,17,male,strong,1946
10,0.33366666666666667,True,1.0,0.5118237240748261,0.505605843246591,0.5087147836607085,0.6711222679818403,-0.0698611111111111,-0.06842592592592589,0.34438644516713535,0.28290688637048794,0.21131917059170913,0.7580061159205549,0.006217880828235156,0.001435185185185206,0.0184823130548357,0.44158512733256144,0.12686546231682064,0.10666818017141723,0.0,0.9999999987499999,0.5437474554431148,0.2864571752573371,0.3840243887434275,0.4219366795810425,sad,04,17,17,male,strong,1946
20,0.6673333333333333,True,1.0,0.5278054288657611,0.49556048528046875,0.511682957073115,0.730504427718381,-0.06967592592592597,-0.06847222222222221,0.3482915377708319,0.3195795655672413,0.2120129335422665,0.7004515478041365,0.03224494358529234,0.0012037037037037623,0.018188674200857142,0.4033495453557083,0.12548348372278836,0.10722974315689575,0.0,0.8075003101324666,0.541461106903699,0.28549513820350153,0.3843446189930292,0.4200086940594827,sad,04,17,17,male,strong,1946
30,1.0010000000000001,True,1.0,0.4714531133611113,0.4750541702801533,0.4732536418206323,0.8406133033532572,-0.07601851851851854,-0.07824074074074083,0.3630675627399568,0.2634386772730551,0.2188894644706547,0.5629861434892773,0.0036010569190420005,0.002222222222222292,0.005627295539188388,0.3538233334012153,0.12258373229467477,0.11053303162880179,0.0,0.8914210016953672,0.5440505807713709,0.28828657519658557,0.39367030009590565,0.42884976500628824,sad,04,17,17,male,strong,1946
40,1.3346666666666667,True,1.0,0.4909893818451938,0.4562368400000195,0.47361311092260666,0.5719168649873314,-0.07634259259259257,-0.07453703703703707,0.37346148308307103,0.1886108810064607,0.22648626208389838,0.8281153082154654,0.03475254184517429,0.0018055555555555047,0.004119002633705527,0.5150672980549017,0.12482878529665711,0.10746062080135536,0.0,0.9999999987499999,0.5459449766547243,0.2867121621502693,0.4002851279111277,0.42734588321269673,sad,04,17,17,male,strong,1946
50,1.6683333333333334,True,1.0,0.5040850929222433,0.4812594487089913,0.4926722708156173,0.4877025388316944,-0.0781944444444444,-0.07689814814814816,0.36132888687743453,0.1750544993250415,0.22447012004306705,1.0101900884006634,0.02282564421325206,0.0012962962962962399,0.007439452378169904,0.563025548876957,0.12744183073082777,0.10651684285905788,0.0,0.9999999987499999,0.547003779629039,0.28416085550036796,0.39130371028429517,0.4196342247555356,sad,04,17,17,male,strong,1946
60,2.0020000000000002,True,1.0,0.49854695723045356,0.4883629936365824,0.493454975433518,0.587564359211556,-0.0806944444444444,-0.07773148148148157,0.3699499490715867,0.2508700510223639,0.22380755044757913,0.8398313609349587,0.010183963593871137,0.002962962962962834,0.007173607035309066,0.5159040259736368,0.12383281172120537,0.10790287119763313,0.0,0.9999999987499999,0.5474972576296143,0.28574695553765334,0.389665089049755,0.42451929924903115,sad,04,17,17,male,strong,1946
70,2.3356666666666666,True,1.0,0.5312213454298532,0.4941462094856686,0.512683777457761,0.7333622611790013,-0.0762962962962963,-0.07453703703703696,0.35109403058713234,0.32163445362978715,0.22033842385347718,0.6990866650726435,0.0370751359441846,0.0017592592592593492,0.007765646388356316,0.40610405823639634,0.12781439649922513,0.106785550849757,0.0,0.9999999987499999,0.5446713300789066,0.2851990760178971,0.3905410504706037,0.41756018741565004,sad,04,17,17,male,strong,1946
80,2.6693333333333333,True,1.0,0.49093316679744436,0.4692619819190759,0.48009757435826017,0.7180109997226676,-0.07574074074074078,-0.07300925925925927,0.3431263912167794,0.31329750621004837,0.21754671134631617,0.6686493306421466,0.021671184878368444,0.0027314814814815014,0.010497475841778202,0.42990759976851395,0.12700190477518375,0.10704099315765742,0.0,0.9999999987499999,0.5413583828687726,0.2846863936515009,0.38402448712630133,0.41532760617074743,sad,04,17,17,male,strong,1946
90,3.003,True,1.0,0.5126808560381947,0.4824023420163399,0.4975415990272673,0.730504427718381,-0.07546296296296301,-0.0746296296296296,0.3442548139833649,0.3195795655672413,0.21548181415130668,0.6810932010107899,0.030278514021854774,0.0008333333333334081,0.012488528290470653,0.42223145986780974,0.12710342974117436,0.10656344722951828,0.0,0.9999999987499999,0.5396735426123573,0.2852364289748391,0.3900874460305545,0.420532087803702,sad,04,17,17,male,strong,1946
100,3.336666666666667,True,1.0,0.48490928854194876,0.44740452239115175,0.46615690546655025,0.7089401940252976,-0.0736574074074074,-0.07189814814814816,0.34652774196433445,0.31506743763909983,0.21064316044617196,0.657540522310851,0.03750476615079701,0.0017592592592592382,0.010338495664166811,0.4286630114180557,0.1263098247165632,0.10732555320148068,0.0,0.9999999987499999,0.5435517162802621,0.28561512540396633,0.38655303728476575,0.4213163585993003,sad,04,17,17,male,strong,1946
0,0.0,True,1.0,0.5059138809386207,0.4939687628864817,0.4999413219125512,0.7083744812575334,-0.0708333333333333,-0.06990740740740742,0.3398327538444765,0.3274561281284825,0.20636981605012522,0.7057585149383646,0.011945118052138937,0.0009259259259258856,0.0106219609428919,0.4355503780373438,0.12716649956927312,0.10684539962056562,0.0,0.9999999987499999,0.5409410991427821,0.28462988850440696,0.38672500657382847,0.4226341785820083,sad,04,17,17,male,strong,1947
10,0.33366666666666667,True,1.0,0.4985469572304535,0.4736944519872506,0.48612070460885204,0.6318796482273286,-0.07013888888888892,-0.06791666666666674,0.3463511865628672,0.2896115054375257,0.20780086486532723,0.7693248326205983,0.024852505243202927,0.002222222222222181,0.014995560968214751,0.4692127345648004,0.12594024700024922,0.10881463164704389,0.0,0.9999999987499999,0.541261860447304,0.2843164474671909,0.38553987507665466,0.42282317201546626,sad,04,17,17,male,strong,1947
20,0.6673333333333333,True,1.0,0.5118237240748267,0.4811452099954141,0.4964844670351204,0.6657976934555597,-0.07162037037037039,-0.06884259259259257,0.3487795865954858,0.3002434434512962,0.21124153347077254,0.7456986888289054,0.030678514079412578,0.0027777777777778234,0.019385217410582193,0.46486397992310996,0.12686803968819055,0.10773147349201628,0.0,0.9999999987499999,0.5412741989608343,0.28541508477348787,0.3837077459449695,0.41970027640108115,sad,04,17,17,male,strong,1947
30,1.0010000000000001,True,1.0,0.4718284664963878,0.4676314322496722,0.46972994937303003,0.7518975716953187,-0.0767592592592592,-0.07527777777777778,0.35620743596316157,0.28662338621533956,0.2204104337536782,0.6247259827078845,0.004197034246715636,0.001481481481481417,0.018528870831243487,0.4129300571296404,0.12465050283495524,0.1078441781096843,0.0,0.9999999987499999,0.5453756239448906,0.2853282566480442,0.383613645082277,0.4203750701265031,sad,04,17,17,male,strong,1947
40,1.3346666666666667,True,1.0,0.49215422910655193,0.44072374741251674,0.46643898825953434,0.5335058799226292,-0.0750925925925926,-0.07129629629629619,0.36492383033119447,0.16116841484113675,0.2245533763392393,0.8742902483608594,0.05143048169403519,0.0037962962962964086,0.019659497369245944,0.5379361160870628,0.12569922774384243,0.10804004042169489,0.0,0.9999999987499999,0.5420438535570478,0.28454142674705063,0.39061948981809785,0.4212817314490296,sad,04,17,17,male,strong,1947
50,1.6683333333333334,True,1.0,0.5036581180094513,0.4563513500073064,0.48000473400837884,0.5056125783795669,-0.07509259259259249,-0.07064814814814813,0.3496861722998491,0.18142648436641853,0.22516405694307093,0.9493528336394274,0.04730676800214484,0.004444444444444362,0.0173032961211615,0.5484482507086833,0.12681963110802671,0.10743436668910669,0.0,0.9999999987499999,0.5412368249643608,0.2833227190146827,0.3875473901446128,0.41998881185623765,sad,04,17,17,male,strong,1947
60,2.0020000000000002,True,1.0,0.5240821120163672,0.513772051658934,0.5189270818376506,0.6005576443406082,-0.07601851851851849,-0.07222222222222219,0.36015453768767514,0.23757396336969872,0.2252470567449564,0.8640753918092489,0.010310060357433204,0.0037962962962962976,0.01707642593485466,0.5053137905103022,0.12561311341092296,0.10689978623172687,0.0,0.9999999987499999,0.5439015664156287,0.28504724352197974,0.392789005778432,0.4225484879450402,sad,04,17,17,male,strong,1947
70,2.3356666666666666,True,1.0,0.5043192672668936,0.4883629936365813,0.49634113045173744,0.7015218559185306,-0.07648148148148148,-0.07106481481481475,0.353139623207568,0.28055005905553826,0.22245418733628103,0.7075205515897408,0.015956273630312268,0.005416666666666736,0.018686782967794576,0.4430498070075274,0.12876916410889191,0.1054517531881522,0.0,0.9999999987499999,0.5401480880320877,0.2845948805491629,0.39323077761734854,0.41793076142375163,sad,04,17,17,male,strong,1947
80,2.6693333333333333,True,1.0,0.5043217057602817,0.4682651655694835,0.4862934356648826,0.6552103060700232,-0.07499999999999996,-0.07166666666666671,0.34925665076896756,0.26972686352509906,0.2190232668148524,0.742194423927318,0.03605654019079818,0.0033333333333332438,0.022115406939695614,0.46477918883798447,0.12586795364114214,0.10784342555715445,0.0,0.9999999987499999,0.5406096214970363,0.28415172057410026,0.3832264126958192,0.41792367871831565,sad,04,17,17,male,strong,1947
90,3.003,True,1.0,0.5110175912226087,0.49408604630705194,0.5025518187648303,0.678648392409981,-0.07486111111111104,-0.07101851851851854,0.34557708645369156,0.2934914377658339,0.2163114369017403,0.7405186903636424,0.016931544915556762,0.0038425925925925086,0.030153247390017686,0.444939973032409,0.12730994602164694,0.10577767221259449,0.0,0.9999999987499999,0.5428903032619299,0.2843762710647485,0.3867428449884578,0.4180857237322215,sad,04,17,17,male,strong,1947
100,3.336666666666667,True,1.0,0.49567814662503074,0.48074471229974974,0.48821142946239027,0.6719215327680297,-0.07615740740740745,-0.0706944444444445,0.3366876032362854,0.3023455575461356,0.21486189948591272,0.7265899448871176,0.014933434325280992,0.005462962962962947,0.028285750720194187,0.4616541875898192,0.12668661480308674,0.10705863705050622,0.0,0.9999999987499999,0.5421199324495423,0.2845461112485724,0.38331459847484767,0.4185185408600192,sad,04,17,17,male,strong,1947
0,0.0,True,1.0,0.581067090052062,0.5281021306613493,0.5545846103567056,0.4501503530066206,-0.07967592592592593,-0.07018518518518518,0.34277791631093185,0.20518752331143197,0.23083368604592022,1.2319986125803373,0.052964959390712774,0.009490740740740744,0.016372645089522547,0.66232734232126,0.12689866384850332,0.10500828431984448,0.0,0.9068328211348152,0.5495044885219713,0.28219066249609015,0.3958131595279263,0.43173526293414677,angry,05,17,17,male,normal,1948
10,0.33366666666666667,True,1.0,0.6363875460341828,0.5924845680925754,0.6144360570633791,0.46375235275938687,-0.07967592592592593,-0.06912037037037028,0.341331909686483,0.21197370188437592,0.23077914466344948,1.3249227813237057,0.04390297794160736,0.010555555555555651,0.01942684331568484,0.6613162690168638,0.127774624307928,0.1062967890542707,0.0,0.9999999987499999,0.5489824739895959,0.28255262381546614,0.3966239249643868,0.43289675404305206,angry,05,17,17,male,normal,1948
20,0.6673333333333333,True,1.0,0.5510746966200422,0.48829102766538157,0.5196828621427119,0.4673371355963531,-0.07981481481481484,-0.06893518518518504,0.33779771864598135,0.22006044851578088,0.226672132006476,1.1120084892880644,0.06278366895466059,0.010879629629629795,0.01401398847626903,0.6446429892623321,0.12630337790291224,0.10786433498825274,0.0,0.9999999987499999,0.549950506429134,0.28204818562707457,0.3977459334339139,0.4357557609652517,angry,05,17,17,male,normal,1948
30,1.0010000000000001,True,1.0,0.5298289750220719,0.4575964598116681,0.49371271741687,0.9229904107245095,-0.07990740740740732,-0.06861111111111107,0.38723793721926403,0.25958463636109425,0.23423144153431993,0.5349055761362957,0.07223251521040386,0.011296296296296249,0.020469441448991547,0.3163984289685067,0.12306179929322987,0.10719353011391361,0.0,0.9999999987499999,0.5539363343227917,0.2836486372646049,0.41450482116965975,0.4518131192090709,angry,05,17,17,male,normal,1948
40,1.3346666666666667,True,1.0,0.536610160468388,0.48955737266660554,0.5130837665674968,0.7772499716573643,-0.08101851851851843,-0.07092592592592595,0.3402427832456879,0.25011902742331765,0.23986976198069157,0.6601270958858007,0.047052787801782514,0.010092592592592486,0.022288036332277363,0.41000981247689533,0.12513664177579392,0.1065669728591714,0.0,0.9999999987499999,0.5468533772180747,0.2820873529183492,0.397714990262286,0.43027244202776677,angry,05,17,17,male,normal,1948
50,1.6683333333333334,True,1.0,0.5751311347881043,0.525821596244132,0.5504763655161182,0.45388533422596244,-0.07217592592592598,-0.06240740740740747,0.3563700417975197,0.069208551524412,0.23366791488016583,1.2128093243084803,0.04930953854397224,0.00976851851851851,0.010710000381734483,0.5951820944154842,0.12452766823086743,0.10851399124907794,0.0,0.9999999987499999,0.5610995206910889,0.28167643634752854,0.3809654292733825,0.42536034088855074,angry,05,17,17,male,normal,1948
60,2.0020000000000002,True,1.0,0.5840420796500059,0.5151269566475842,0.549584518148795,0.6431915288637834,-0.07930555555555563,-0.06671296296296292,0.3552995729249774,0.1826904748668597,0.2406027025904471,0.8544647954547103,0.06891512300242164,0.01259259259259271,0.020033650502761534,0.45219093423613566,0.12484343452366606,0.10583568391783246,0.0,0.9999999987499999,0.5466454741584134,0.28414586046732027,0.4015425931140671,0.4329228752657017,angry,05,17,17,male,normal,1948
70,2.3356666666666666,True,1.0,0.5851778702750116,0.5331614168292481,0.5591696435521298,0.5250824663718866,-0.07847222222222233,-0.06652777777777774,0.34812797369669235,0.14054549453645335,0.23858649066997306,1.0649177593298291,0.052016453445763444,0.01194444444444459,0.017466941282115296,0.5523390219216785,0.1277671830703169,0.10504371127232026,0.0,0.9999999987499999,0.5465226712872648,0.2842711898418902,0.40153661964880766,0.43598115619503114,angry,05,17,17,male,normal,1948
80,2.6693333333333333,True,1.0,0.6121262448627525,0.5580980091338033,0.5851121269982779,0.46249114181827095,-0.08023148148148146,-0.06666666666666676,0.3482608273898738,0.1410415345219289,0.23449805475881344,1.265131532461197,0.054028235728949214,0.013564814814814696,0.019114645320062226,0.6138488571047318,0.1259546909470967,0.10667585637337619,0.0,0.9999999987499999,0.5473221677889907,0.28368387152388225,0.39837928001388734,0.43487406985766164,angry,05,17,17,male,normal,1948
90,3.003,True,1.0,0.6434537590095515,0.5835493551715145,0.613501557090533,0.5508680061164566,-0.08037037037037031,-0.06796296296296295,0.33308880813663366,0.20085770831793412,0.23590907809171968,1.1136997434569387,0.05990440383803697,0.012407407407407367,0.019697193950999003,0.5382204883014897,0.1276299508672019,0.10557195595424718,0.0,0.9999999987499999,0.5516604743147259,0.2833121770384792,0.39967739216479764,0.43732546169786896,angry,05,17,17,male,normal,1948
100,3.336666666666667,True,1.0,0.556791514954686,0.5244383734967838,0.5406149442257349,0.5442478183573775,-0.07814814814814813,-0.06754629629629633,0.3294818372882183,0.21750565671910407,0.22888092208215194,0.9933249633547321,0.032353141457902246,0.010601851851851807,0.01910021519017421,0.5530500145846873,0.1268285520463278,0.10706854099477492,0.0,0.9999999987499999,0.5537625327396584,0.28314709732437726,0.3946188262754702,0.43583964809279274,angry,05,17,17,male,normal,1948
0,0.0,True,1.0,0.6458044305642935,0.6183224003077057,0.6320634154359996,0.6425401451913,-0.08060185185185198,-0.07393518518518516,0.32344440668247254,0.24437154944448466,0.24255777788117408,0.9836948246211431,0.027482030256587797,0.006666666666666821,0.014434314357384057,0.48119694127420465,0.12782413597607223,0.10569787320371439,0.0,0.9999999987499999,0.5461701511151336,0.2868945331453932,0.39868781995389335,0.43305694636847314,angry,05,17,17,male,normal,1949
10,0.33366666666666667,True,1.0,0.6141952303133228,0.5538540708731351,0.5840246505932289,0.6271146200727924,-0.08000000000000007,-0.06759259259259265,0.3221486600027356,0.2438017316656034,0.23778893813960839,0.9312885266898071,0.0603411594401877,0.012407407407407423,0.017883908402732067,0.501814629560009,0.1262700691678434,0.10701685814472962,0.0,0.9999999987499999,0.5452487149703632,0.2859853138717539,0.3987064587413087,0.432798616297834,angry,05,17,17,male,normal,1949
20,0.6673333333333333,True,1.0,0.5820583986906194,0.5281803542673111,0.5551193764789653,0.6501330408541337,-0.07680555555555546,-0.06300925925925926,0.3262998843411932,0.25573864573172295,0.23646273491401146,0.8538550444223829,0.053878044423308236,0.013796296296296195,0.01797203083807079,0.4803014537594899,0.12326788039431125,0.10924761015564773,0.0,0.9999999987499999,0.557161569338673,0.28182506669582486,0.37661818565501753,0.42082995990550476,angry,05,17,17,male,normal,1949
30,1.0010000000000001,True,1.0,0.5685628175101499,0.5100161209043856,0.5392894692072678,0.9220658928364223,-0.07495370370370374,-0.06578703703703687,0.3730727396133612,0.24538033823423583,0.2418967018172083,0.5848708572749906,0.05854669660576428,0.009166666666666878,0.01830539417876373,0.33589558875152786,0.12430344158582386,0.10806787252305589,0.0,0.9999999987499999,0.5424375663546669,0.286629026568881,0.4108990896975202,0.444059199080412,angry,05,17,17,male,normal,1949
40,1.3346666666666667,True,1.0,0.5066406211071118,0.4573600642693615,0.48200034268823666,0.7648734522862579,-0.07314814814814818,-0.06148148148148147,0.34434922174395854,0.23956116853863701,0.23709533998697196,0.630170051330067,0.049280556837750344,0.011666666666666714,0.02084222009080658,0.4108901356019315,0.12549199327664776,0.10915688503694163,0.0,0.9999999987499999,0.5504409843390481,0.28047477968572393,0.3746266812342802,0.41637300339878663,angry,05,17,17,male,normal,1949
50,1.6683333333333334,True,1.0,0.5096521548042364,0.47005492990453135,0.4898535423543839,0.7972734678036009,-0.07296296296296301,-0.0625,0.3780725486690494,0.2021152706581108,0.24203133966356566,0.6144109419618284,0.039597224899705075,0.010462962962963007,0.016777054097581286,0.38010790371850894,0.1257708049813372,0.10778008562133866,0.0,0.9999999987499999,0.5560246524078382,0.27979671035252135,0.3858746789565328,0.4291889430251883,angry,05,17,17,male,normal,1949
60,2.0020000000000002,True,1.0,0.48915858221043534,0.4375359039564777,0.46334724308345654,0.7031126389956612,-0.07347222222222233,-0.06129629629629629,0.37481647268821705,0.14885633885281166,0.23999568228899687,0.6589943309016747,0.051622678253957666,0.012175925925926034,0.015075360355499251,0.4411764705882364,0.12484301554079892,0.10762126221075625,0.0,0.9999999987499999,0.5556316547712834,0.27942365100395167,0.38247893328698523,0.425235368368718,angry,05,17,17,male,normal,1949
70,2.3356666666666666,True,1.0,0.5621459615787839,0.5006255616753282,0.5313857616270561,0.6760117808331904,-0.07611111111111102,-0.06254629629629638,0.3248366935520149,0.21361537623697052,0.24064455550747388,0.7860599129975495,0.0615203999034557,0.01356481481481464,0.013315534843297564,0.4741290551223783,0.1251038636670886,0.10678401595047302,0.0,0.99898641551504,0.554634000162565,0.27921652179655704,0.37776781249174024,0.4199494989259521,angry,05,17,17,male,normal,1949
80,2.6693333333333333,True,1.0,0.5185823371257051,0.49367669517634993,0.5061295161510275,0.43471859637817745,-0.07791666666666669,-0.06449074074074068,0.3583790981108069,0.11142560817214395,0.24478409799789635,1.1642693005723803,0.024905641949355184,0.013425925925926008,0.01756544298917594,0.6782341661685999,0.12513228944414287,0.10869616519464008,0.0,0.9999999987499999,0.557381373963648,0.2775185545320493,0.379860314901314,0.4196417579959068,angry,05,17,17,male,normal,1949
90,3.003,True,1.0,0.5669678401419932,0.5258215962441305,0.5463947181930618,0.4719826802645923,-0.07486111111111121,-0.06259259259259253,0.3380348983155095,0.1571549991879622,0.2406664302719488,1.1576584079033458,0.0411462438978627,0.012268518518518678,0.009723481906037926,0.6607942742989468,0.12679503879174936,0.10513338575303265,0.0,0.9999999987499999,0.5520904041069552,0.2768762301416438,0.38402470877875877,0.41861056384333084,angry,05,17,17,male,normal,1949
100,3.336666666666667,True,1.0,0.6029159769354147,0.5632980263220264,0.5831070016287205,0.43876129928492913,-0.07597222222222227,-0.06398148148148153,0.34518595870956414,0.1611109852432035,0.24482648260710835,1.328984581317994,0.03961795061338824,0.011990740740740746,0.00959190152932609,0.6995716562654682,0.12494612734309776,0.10714649773276008,0.0,0.9999999987499999,0.552711053913753,0.2773569123363151,0.3803346037099275,0.4169976654152908,angry,05,17,17,male,normal,1949
0,0.0,True,1.0,0.5803807437991892,0.5332417239448101,0.5568112338719997,0.6697424230962209,-0.0768981481481481,-0.0665277777777778,0.32253030164330593,0.3208301378690267,0.22106675581184435,0.8313811618769198,0.04713901985437918,0.010370370370370308,0.028294125551871586,0.45738023141367984,0.12702268541185932,0.10630183268912258,0.0,0.9999999987499999,0.5507103202687325,0.2830910500315271,0.395760975457824,0.43088174790317646,angry,05,17,17,male,normal,1950
10,0.33366666666666667,True,1.0,0.592711962503614,0.5414104424361658,0.5670612024698899,0.6412813406897439,-0.07541666666666674,-0.06532407407407409,0.32393200986480486,0.29952784176059827,0.22311371742404762,0.884262750979118,0.05130152006744826,0.010092592592592653,0.02726184167724366,0.4663898291538604,0.12653461119072054,0.1063462390985058,0.0,0.9999999987499999,0.5480079950183199,0.28382131823467727,0.3969534120561322,0.4313210679842286,angry,05,17,17,male,normal,1950
20,0.6673333333333333,True,1.0,0.555155879304068,0.5163096142832506,0.5357327467936592,0.6084420470612977,-0.07291666666666657,-0.06333333333333335,0.32581301267465673,0.283386066891908,0.2210004833709049,0.8804992182594618,0.03884626502081734,0.009583333333333222,0.024395027907758614,0.5030555504926641,0.1272003713385786,0.10662654273809863,0.0,0.9999999987499999,0.5473134923031712,0.28440635998048,0.39736829504815846,0.43286907747569586,angry,05,17,17,male,normal,1950
30,1.0010000000000001,True,1.0,0.5422436604820482,0.5006445603083427,0.5214441103951954,0.9144099308633444,-0.07421296296296293,-0.0643981481481481,0.3395907428246152,0.3179605528265633,0.2216944042284852,0.5702520202321857,0.041599100173705494,0.009814814814814832,0.026403560828976314,0.33413921745501896,0.12411852153789106,0.10721930604028942,0.0,0.9999999987499999,0.5502096741899886,0.28442706112779975,0.3977027170810221,0.43351499255163195,angry,05,17,17,male,normal,1950
40,1.3346666666666667,True,1.0,0.5389998486697587,0.48716829579095755,0.5130840722303581,0.6746211851569978,-0.07699074074074086,-0.06425925925925924,0.3478415342468227,0.25284983793416965,0.22590562118886512,0.7605513783427261,0.051831552878801146,0.012731481481481621,0.026365597522056073,0.454494484043656,0.1282507812400808,0.10608160531689999,0.0,0.9999999987499999,0.5480996628885929,0.28287620255916857,0.3967653800459117,0.4271351190442978,angry,05,17,17,male,normal,1950
50,1.6683333333333334,True,1.0,0.5442531689834514,0.4826464627303823,0.5134498158569168,0.6083177451421005,-0.08675925925925931,-0.07314814814814807,0.36927025006436714,0.12761757902890633,0.2398328637142147,0.8440487228216187,0.06160670625306913,0.01361111111111124,0.03325321791244626,0.4612166550268749,0.1272789343258332,0.10599488251578759,0.0,0.9999999987499999,0.5516341094953606,0.28231195575891693,0.39892330856077396,0.4242589056017292,angry,05,17,17,male,normal,1950
60,2.0020000000000002,True,1.0,0.5951893887805914,0.5427345584881748,0.5689619736343831,0.6246886894042476,-0.08532407407407405,-0.07277777777777777,0.36717957189578393,0.17144146371694943,0.24122031587112655,0.9107928209441251,0.0524548302924166,0.012546296296296278,0.033762554793135544,0.4520959026742081,0.12527086000177418,0.10765518141774846,0.0,0.9999999987499999,0.5441747687512505,0.2822382227569306,0.39913637484575276,0.4266340164097986,angry,05,17,17,male,normal,1950
70,2.3356666666666666,True,1.0,0.6016356087614598,0.5558692412543638,0.5787524250079118,0.6995779506909051,-0.0831944444444444,-0.07305555555555554,0.335995147062794,0.237472171965652,0.2412203158711265,0.827287973322107,0.04576636750709606,0.010138888888888864,0.0317839719926228,0.43655346287175834,0.12867572990669537,0.10447728328893544,0.0,0.9999999987499999,0.5432713925804696,0.28154366964051003,0.4015299382279948,0.4302282839868699,angry,05,17,17,male,normal,1950
80,2.6693333333333333,True,1.0,0.5494710844676829,0.517265004847851,0.5333680446577669,0.42775267705393427,-0.08231481481481467,-0.06953703703703706,0.3513062316214565,0.12553503181968192,0.2384636655346327,1.2469075549245852,0.03220607961983191,0.01277777777777761,0.03442717620789562,0.6498045262824299,0.12886013531077214,0.1051595523755906,0.0,0.7891068985352754,0.5433263791610394,0.28104817107663627,0.400615487061607,0.42898772777482636,angry,05,17,17,male,normal,1950
90,3.003,True,1.0,0.6091078200815406,0.5544647062159314,0.581786263148736,0.42812107554022066,-0.07898148148148137,-0.06694444444444447,0.35214270754371174,0.14462763175419244,0.23237034925930633,1.358929275823701,0.05464311386560927,0.012037037037036902,0.03395983002485843,0.6504251982354733,0.12725934209119744,0.10565838441856334,0.0,0.9999999987499999,0.5444931733396484,0.2803341245423791,0.3997483994740096,0.43263733143601846,angry,05,17,17,male,normal,1950
100,3.336666666666667,True,1.0,0.5965140040420798,0.5610194015021077,0.5787667027720937,0.4315533256242108,-0.08087962962962958,-0.06865740740740739,0.3493096799977525,0.14564799445051305,0.2357279022672859,1.341124418251092,0.03549460253997205,0.01222222222222219,0.031953675877053174,0.6464824220267379,0.12823518121960498,0.10447187489984579,0.0,0.9999999987499999,0.5455734737019808,0.2808629484793345,0.402276107349356,0.4336578467389462,angry,05,17,17,male,normal,1950
0,0.0,True,1.0,0.5510746966200422,0.5268079134558876,0.5389413050379649,0.4787087039920855,-0.07611111111111113,-0.06537037037037047,0.341526401958551,0.23923756528404264,0.22530496910091105,1.125823074750016,0.024266783164154537,0.010740740740740662,0.030027957143977616,0.6457071080425657,0.12767010570683995,0.10624312750229907,0.0,0.9999999987499999,0.5447296790669393,0.2829473621363853,0.39747922293365434,0.4366907496856426,angry,05,17,17,male,normal,1951
10,0.33366666666666667,True,1.0,0.5507640870204921,0.5267063344140783,0.5387352107172851,0.5134362879626807,-0.07731481481481478,-0.06592592592592583,0.337246895296285,0.23642502102959118,0.22247236372558354,1.0492737333681472,0.02405775260641374,0.011388888888888948,0.028514219812562164,0.6238659944438225,0.12597105354718055,0.1084281128118719,0.0,0.9999999987499999,0.5456612242631428,0.2817976834637414,0.3930622238258622,0.43575496452773477,angry,05,17,17,male,normal,1951
20,0.6673333333333333,True,1.0,0.5417232070558677,0.5332417239448106,0.5374824655003392,0.5365543966930196,-0.07439814814814816,-0.06458333333333333,0.3389367914325101,0.24805831886122537,0.21827412292867565,1.0017296826063482,0.00848148311105712,0.009814814814814832,0.02889380364491139,0.5784977056455824,0.12815575540513977,0.10547633119299701,0.0,0.8132370097253132,0.5463097361679048,0.2823660440291556,0.39758643705738506,0.4384361099617898,angry,05,17,17,male,normal,1951
30,1.0010000000000001,True,1.0,0.5659359233669694,0.5147372028668098,0.5403365631168896,0.8803763186045334,-0.08152777777777781,-0.06828703703703709,0.3348253795709246,0.331722379001978,0.22873387425873432,0.6137563581598448,0.05119872050015961,0.01324074074074072,0.032895244915814956,0.36366445852824686,0.12366814547940459,0.10702878575399581,0.0,0.9999999987499999,0.5492514588335334,0.2835626708539965,0.3954798861308707,0.4349045400979937,angry,05,17,17,male,normal,1951
40,1.3346666666666667,True,1.0,0.5386598803896011,0.518996075332402,0.5288279778610016,0.6179196599404929,-0.07884259259259258,-0.06907407407407407,0.3547306476744219,0.1929806721778726,0.2335062385431813,0.8558199587174956,0.019663805057199113,0.00976851851851851,0.023941707302165865,0.4923240668439178,0.12557223394872327,0.10765801599452555,0.0,0.9999999987499999,0.5438933068383603,0.28388738596760327,0.3975120578158641,0.428473752022504,angry,05,17,17,male,normal,1951
50,1.6683333333333334,True,1.0,0.5624184204283262,0.5158859897929214,0.5391522051106239,0.4958487892249519,-0.07787037037037037,-0.06722222222222235,0.37074731278770656,0.06811861721443019,0.23771705747392743,1.0873318980033377,0.0465324306354048,0.010648148148148018,0.021122291468557926,0.5362321069547377,0.12657519850838653,0.10736793379511293,0.0,0.9999999987499999,0.5468836447704082,0.2838481023506696,0.39746920801213537,0.4279883621319221,angry,05,17,17,male,normal,1951
60,2.0020000000000002,True,1.0,0.5479537107160501,0.516900962213382,0.5324273364647161,0.6557271041529446,-0.07814814814814819,-0.0678240740740742,0.3729579432009077,0.16378965917056956,0.23841086967305003,0.8119648144672856,0.031052748502668148,0.010324074074073986,0.0299168291936904,0.44791067223488007,0.12597181348661032,0.10611839081433877,0.0,0.9999999987499999,0.5384952480288991,0.2832509901269789,0.39946837146020875,0.4278267077358896,angry,05,17,17,male,normal,1951
70,2.3356666666666666,True,1.0,0.6127861764457057,0.5653266952691793,0.5890564358574425,0.6336127040290366,-0.08393518518518528,-0.06912037037037055,0.35314659323856984,0.18364312343760314,0.23576932615871618,0.9296790170268553,0.04745948117652632,0.014814814814814725,0.03554149768616803,0.46271771142913254,0.12836046245728752,0.105045903373402,0.0,0.9999999987499999,0.5428895336884754,0.2816497445100631,0.3992104499629938,0.4289660226216843,angry,05,17,17,male,normal,1951
80,2.6693333333333333,True,1.0,0.5951893887805901,0.5267063344140792,0.5609478615973347,0.4364831799204494,-0.07930555555555557,-0.06620370370370376,0.34938305205072545,0.12821957683811727,0.23232437863944563,1.285153443254261,0.06848305436651092,0.013101851851851809,0.027240650993957706,0.6504251982354722,0.12779116028241091,0.10519580623186874,0.0,0.9520218080809844,0.5399496205747925,0.2805497306961111,0.39937122270789255,0.4322475419930163,angry,05,17,17,male,normal,1951
90,3.003,True,1.0,0.5798101361343488,0.5199119102293503,0.5498610231818496,0.43380830836252937,-0.07870370370370366,-0.06759259259259265,0.35121118052739725,0.1527746552115187,0.22948637884197337,1.2675207288154013,0.05989822590499849,0.011111111111111016,0.02719080334064853,0.6825307511763405,0.12768843127967025,0.10459439288125741,0.0,0.9999999987499999,0.5412788086328281,0.27996186997267564,0.40085800544814854,0.43174330443936165,angry,05,17,17,male,normal,1951
100,3.336666666666667,True,1.0,0.5727054822994682,0.5087635914440856,0.5407345368717769,0.42564927247318673,-0.07694444444444448,-0.06407407407407406,0.34719856673163446,0.1544230319811861,0.226672132006476,1.2703758043092621,0.0639418908553826,0.01287037037037042,0.03404790578531612,0.6862588118285552,0.1268139658293183,0.10655074055384561,0.0,0.9999999987499999,0.5417511224646109,0.2793739922708789,0.3965113171780341,0.4294925819148302,angry,05,17,17,male,normal,1951
0,0.0,True,1.0,0.5498415786055234,0.5305981052263844,0.5402198419159538,0.49148188274646004,-0.04921296296296296,-0.05023148148148149,0.3235327584614518,0.18781675769472317,0.20727598073096223,1.0991653220198885,0.01924347337913901,0.0010185185185185297,9.361893908063191e-05,0.6125033323506798,0.12218503229626704,0.10889395307403911,0.0,0.9999999987499999,0.5560753441063925,0.28730578667233325,0.3706884052549083,0.4121090889391071,angry,05,17,17,male,strong,1952
10,0.33366666666666667,True,1.0,0.5485981326054552,0.5358679916990133,0.5422330621522342,0.5018450010798016,-0.04999999999999993,-0.05120370370370375,0.3260932421768564,0.20063438315118845,0.20717473426569272,1.0804791538931964,0.012730140906441867,0.0012037037037038179,0.0038361664973891275,0.5950215642677639,0.12443676511139079,0.10809073086067995,0.0,0.9999999987499999,0.5567430442958433,0.2869848048015792,0.37201968930637996,0.413767293463445,angry,05,17,17,male,strong,1952
20,0.6673333333333333,True,1.0,0.552233605445201,0.5415676103981959,0.5469006079216985,0.5348404771542243,-0.04597222222222219,-0.04749999999999993,0.32496224580282695,0.23125564588979147,0.20792675894473603,1.022549024022347,0.01066599504700505,0.001527777777777739,0.0030123581129661817,0.5776359543217766,0.12345812308817888,0.10903257542975348,0.0,0.9999999987499999,0.5538221522515256,0.28869717938485934,0.37424891946562566,0.40952811771212877,angry,05,17,17,male,strong,1952
30,1.0010000000000001,True,1.0,0.4817229784862764,0.43097643097642935,0.45634970473135283,0.9761515285691976,-0.04939814814814808,-0.050000000000000044,0.4225506735246705,0.20290790200595696,0.20780086486532723,0.4674988373989961,0.05074654750984703,0.0006018518518519644,0.009104549038494314,0.3098947710536161,0.11952267034108427,0.11112601233536183,0.0,0.9999999987499999,0.5535734891769207,0.28723179079855626,0.3940363682367315,0.4357881182023711,angry,05,17,17,male,strong,1952
40,1.3346666666666667,True,1.0,0.5515652814330856,0.55149537058526,0.5515303260091728,0.8918032175909093,-0.054629629629629584,-0.053379629629629666,0.3456213197942725,0.28613532583865153,0.21474007125874311,0.6184439741079433,6.991084782559387e-05,0.0012499999999999178,0.007435783110253297,0.33042622973931984,0.12515092288658952,0.10902477051366971,0.0,0.8274723241371905,0.543562463008641,0.28771345892129807,0.3773822915899433,0.40306009968689976,angry,05,17,17,male,strong,1952
50,1.6683333333333334,True,1.0,0.5086475902695542,0.4894724570461932,0.4990600236578737,0.7893794358208217,-0.050416666666666665,-0.04921296296296296,0.39629270139559936,0.1160693276950713,0.2134951932901322,0.6322181716564929,0.019175133223361007,0.0012037037037037068,0.0050452418973883474,0.34737893367398,0.1258926657901505,0.10816742016537001,0.0,0.9999999987499999,0.5496295480535965,0.28817882073604495,0.38399454443276193,0.4106103139074543,angry,05,17,17,male,strong,1952
60,2.0020000000000002,True,1.0,0.5092071945872612,0.5041899792909215,0.5066985869390913,0.7111111111111106,-0.04745370370370383,-0.047824074074074074,0.3733939969028385,0.18390804597701085,0.2196446102742584,0.7125448878830977,0.005017215296339694,0.00037037037037024323,0.0005190131223010677,0.41738212083759374,0.12073164506208493,0.10963770006861077,0.0,0.9999999987499999,0.5536025542013681,0.28341800243254656,0.3619249116776982,0.3968247971697685,angry,05,17,17,male,strong,1952
70,2.3356666666666666,True,1.0,0.5658073050938729,0.5489354221067093,0.557371363600291,0.6847543546152708,-0.051435185185185084,-0.0531018518518519,0.34616947319098984,0.11192445209312864,0.2196616298518508,0.8139727186013299,0.016871882987163578,0.0016666666666668162,0.006406281290335313,0.4110336446357585,0.12671632142182523,0.10720134313746806,0.0,0.9999999987499999,0.5555723621167216,0.28252228381020694,0.3603577884800962,0.3931860509914602,angry,05,17,17,male,strong,1952
80,2.6693333333333333,True,1.0,0.5972398015817573,0.5879119504259767,0.592575876003867,0.561153874079026,-0.050648148148148164,-0.05217592592592579,0.3426240977213881,0.14023816888597856,0.21497017271550733,1.0559953399170794,0.009327851155780609,0.001527777777777628,0.000473620129851721,0.5226763443189547,0.12499344657204782,0.10780056038113249,0.0,0.9999999987499999,0.5483616063847413,0.28721437996894833,0.37507119448112625,0.4016651984361903,angry,05,17,17,male,strong,1952
90,3.003,True,1.0,0.5930768109622477,0.5925734712735715,0.5928251411179096,0.5653981371375921,-0.05365740740740754,-0.05439814814814814,0.3399702673211938,0.18166995541480652,0.2128447484973276,1.0485091870291094,0.0005033396886762187,0.0007407407407405975,0.002865034735570963,0.5093025419071758,0.12508505931236627,0.10733984603278128,0.0,0.9999999987499999,0.549253756229054,0.2857012664178774,0.3734001061427362,0.4000418937985286,angry,05,17,17,male,strong,1952
100,3.336666666666667,True,1.0,0.5781812599600636,0.5538584784937288,0.5660198692268963,0.5959912194753273,-0.054444444444444406,-0.05527777777777776,0.3318106383079831,0.21476055590276488,0.21078762679794827,0.9497117587154793,0.02432278146633482,0.0008333333333333526,0.004729151837003864,0.5251392341861238,0.12510318237722273,0.10767319194425122,0.0,0.9999999987499999,0.5489713708921069,0.285675068992264,0.37457973727207916,0.40372849251914333,angry,05,17,17,male,strong,1952
0,0.0,True,1.0,0.5227815349360564,0.5174461791015861,0.5201138570188213,0.5100650427856435,-0.05208333333333337,-0.05305555555555552,0.32345366040738305,0.23305223156515478,0.20575180537213691,1.0197010447497004,0.005335355834470312,0.0009722222222221522,0.00016354085698453463,0.6271127057306107,0.12254200049571295,0.1076104711940214,0.0,0.9999999987499999,0.554881947310174,0.2852751230172116,0.37537689990656814,0.41141416019324334,angry,05,17,17,male,strong,1953
10,0.33366666666666667,True,1.0,0.5375180275354943,0.5353198123730196,0.536418919954257,0.5100650427856446,-0.053101851851851956,-0.05310185185185179,0.32017518972397657,0.23305223156515595,0.20502528162508307,1.0516676795270747,0.002198215162474648,1.6653345369377348e-16,0.000746949849668861,0.5950215642677613,0.12398052678091405,0.10720126868616053,0.0,0.9999999987499999,0.5524585813856794,0.28495162475387625,0.37931206435647463,0.4127200494574248,angry,05,17,17,male,strong,1953
20,0.6673333333333333,True,1.0,0.5495201892179034,0.5096297859001454,0.5295749875590243,0.5244315268223909,-0.05356481481481484,-0.054629629629629584,0.3201751897239765,0.24761799603797813,0.20362215098632905,1.009807687893591,0.03989040331775795,0.0010648148148147407,0.0002956492273452473,0.5943268721881247,0.1234201638898467,0.10731465105797144,0.0,0.9999999987499999,0.5502288809977116,0.28375644950384127,0.3790933080611656,0.4126605852614818,angry,05,17,17,male,strong,1953
30,1.0010000000000001,True,1.0,0.505820858911181,0.4510357710364719,0.47842831497382643,1.0894145198228196,-0.056342592592592666,-0.05708333333333332,0.4354478033524809,0.26970539809557614,0.203509714768391,0.43916094954529994,0.05478508787470909,0.000740740740740653,0.0022642611321938553,0.2786844258216785,0.11983706657357569,0.11130161122282412,0.0,0.9999999987499999,0.553304434680122,0.28370991306491794,0.3919424181454416,0.42764378932617936,angry,05,17,17,male,strong,1953
40,1.3346666666666667,True,1.0,0.5226952324455099,0.517517858608346,0.5201065455269279,1.2374246610024449,-0.054907407407407405,-0.056064814814814845,0.3232830318891868,0.47800801227070766,0.21044603400931966,0.4203137062951264,0.005177373837163879,0.0011574074074074403,0.004836123324540144,0.26423327925254386,0.12291045692185117,0.11051493101976871,0.0,0.9999999987499999,0.5461551549213436,0.28497923561461586,0.39001111495538054,0.4164632986748379,angry,05,17,17,male,strong,1953
50,1.6683333333333334,True,1.0,0.48990565824538906,0.4832236976394384,0.48656467794241376,0.8388312645519996,-0.053055555555555634,-0.0559722222222222,0.40988973132652434,0.16002264452097714,0.21603191459856244,0.5800507187846374,0.006681960605950665,0.0029166666666665675,0.0036704524788117826,0.34807246986678747,0.12239437779407716,0.10987911107540935,0.0,0.9999999987499999,0.5478140168020332,0.282736329272374,0.39800031765381266,0.4282922177412538,angry,05,17,17,male,strong,1953
60,2.0020000000000002,True,1.0,0.4838626227700314,0.47767768768102514,0.48077015522552824,1.0298219991718647,-0.0493055555555556,-0.053101851851851956,0.42377962220829735,0.22220916693388082,0.21121552768430293,0.4668478199262993,0.006184935089006249,0.003796296296296353,0.005658680197773132,0.29030211511259896,0.12098197329084268,0.11160317581573308,0.0,0.9999999987499999,0.5441773688068977,0.28448560363554076,0.3954875983854529,0.429151667763079,angry,05,17,17,male,strong,1953
70,2.3356666666666666,True,1.0,0.6638305614449267,0.6304849325341412,0.647157746989534,1.2307189305878992,-0.05819444444444449,-0.05745370370370362,0.27800773128416756,0.4511494251334178,0.21879465552248867,0.5258371598138941,0.03334562891078552,0.000740740740740875,0.009887734006464258,0.2552837354275261,0.12580951922610867,0.10773489274230837,0.0,0.9999999987499999,0.5389965837819503,0.2834991209056244,0.373795253029243,0.39625816783684836,angry,05,17,17,male,strong,1953
80,2.6693333333333333,True,1.0,0.5802515031697739,0.5801690537008662,0.58021027843532,0.5214445953295834,-0.057037037037037,-0.05726851851851855,0.36738954101660104,0.07438542223437035,0.21779066276925738,1.112697846774293,8.24494689076749e-05,0.00023148148148155467,0.00722149929536767,0.5503788581292999,0.11477481656232238,0.11235263227666242,0.0,0.9999999987499999,0.6002122521977541,0.30952447076372813,0.3732759784355205,0.4433835476312819,angry,05,17,17,male,strong,1953
90,3.003,True,1.0,0.5853690800489794,0.5538540708731351,0.5696115754610572,0.5078941534282844,-0.053009259259259256,-0.05444444444444435,0.3484697028677708,0.14970139026968318,0.21578892121469254,1.1215163073175394,0.031515009175844266,0.001435185185185095,0.003952371701434212,0.5933188016661636,0.1252921478866871,0.10692000907178104,0.0,0.9999999987499999,0.5473358110197203,0.28253109222997813,0.3773202565112054,0.3989545501959119,angry,05,17,17,male,strong,1953
100,3.336666666666667,True,1.0,0.599978451514122,0.5795178262285319,0.5897481388713269,0.5035361486160633,-0.053472222222222254,-0.05490740740740746,0.34550746176372377,0.1787117138518926,0.21310267535660044,1.171213110503013,0.020460625285590117,0.001435185185185206,0.00039228275860821117,0.5791260725039243,0.12481779403579236,0.1076505127759886,0.0,0.9999999987499999,0.5483796212547518,0.28134098776797056,0.37799360459688347,0.40253837291811184,angry,05,17,17,male,strong,1953
110,3.6703333333333332,True,1.0,0.5708478733385611,0.5618995075309277,0.5663736904347444,0.5145645455653721,-0.05351851851851852,-0.05527777777777776,0.34131267771194507,0.18278580067455968,0.2095821988250832,1.1006854151065686,0.008948365807633474,0.0017592592592592382,0.0019519764734288953,0.563053553385261,0.12836577914372924,0.10540154067967393,0.0,0.9999999987499999,0.5501924313162766,0.2810717980049208,0.37754643367499985,0.40196946290669866,angry,05,17,17,male,strong,1953
0,0.0,True,1.0,0.5379906095864455,0.5703801038872452,0.5541853567368453,0.45263201675777986,-0.04986111111111108,-0.052777777777777646,0.3405777950000825,0.13698223481029334,0.21070074161559355,1.224361813171096,0.03238949430079974,0.0029166666666665675,0.010802038594053202,0.7038319853253253,0.12441405367750771,0.10811687128645443,0.0,0.9999999987499999,0.5475370307810624,0.28779398299307374,0.3670434410648322,0.39898812637179437,angry,05,17,17,male,strong,1954
10,0.33366666666666667,True,1.0,0.5259466699709633,0.5229791972889426,0.5244629336299529,0.44981544508443827,-0.05027777777777792,-0.0523148148148147,0.34181585247754936,0.1429363340871826,0.20996799734218943,1.1659513681916858,0.0029674726820206887,0.002037037037036782,0.011582285473074811,0.7207163187459883,0.12260814426718196,0.1085929189237649,0.0,0.9999999987499999,0.5460735734059249,0.2872295035650472,0.36710975028026316,0.39735539091811595,angry,05,17,17,male,strong,1954
20,0.6673333333333333,True,1.0,0.5541584374776257,0.5489305027255629,0.5515444701015944,0.4911975621494055,-0.048101851851851896,-0.04930555555555549,0.33711584307848763,0.163552934691256,0.20790657697936826,1.1228566927085712,0.005227934752062846,0.0012037037037035958,0.00970726775399127,0.6423241097381817,0.12368065034915943,0.10930425075561345,0.0,0.9999999987499999,0.5425508935605492,0.28517893882550116,0.3654005051809572,0.39584329433283116,angry,05,17,17,male,strong,1954
30,1.0010000000000001,True,1.0,0.5327380075622036,0.5306799336650083,0.531708970613606,1.4238022543588518,-0.051018518518518574,-0.05009259259259263,0.31556802620177715,0.535751634040529,0.20917372454246258,0.3734429897029755,0.002058073897195256,0.0009259259259259411,0.010357208831297282,0.23797713307262805,0.1213193375164849,0.11208944997534036,0.0,0.9999999987499999,0.5481109805641006,0.2845325650403954,0.3772741927118072,0.40621488708057996,angry,05,17,17,male,strong,1954
40,1.3346666666666667,True,1.0,0.5303645316333422,0.504145936981758,0.51725523430755,0.9969187691729451,-0.052361111111111136,-0.054444444444444406,0.3346339284585543,0.3413700025071573,0.2111924087413147,0.5188539430716815,0.02621859465158416,0.0020833333333332704,0.0006871307949776863,0.30939769987067034,0.12446001052230535,0.10806396434590419,0.0,0.9999999987499999,0.5441281719953607,0.28276975986312974,0.37918229130977776,0.4050859303037193,angry,05,17,17,male,strong,1954
50,1.6683333333333334,True,1.0,0.5427394482748702,0.5229846360337441,0.5328620421543071,0.8076590006592922,-0.050694444444444375,-0.053611111111111276,0.424102692757089,0.12384104676775774,0.21814510723058167,0.6597611637081141,0.019754812241126074,0.0029166666666669006,0.005106754768145061,0.3377632718010913,0.12468003709313273,0.10851460155169161,0.0,0.9999999987499999,0.547312763191214,0.2824016273677773,0.39533517096849596,0.4253689383074251,angry,05,17,17,male,strong,1954
60,2.0020000000000002,True,1.0,0.5084223742968488,0.48964620828057664,0.4990342912887127,0.7619957066008283,-0.048101851851851785,-0.048703703703703694,0.39566254273530416,0.1364335756165433,0.22302752914010476,0.6549043347171141,0.018776166016272133,0.0006018518518519089,0.0013185948082616143,0.38635980845685297,0.1229716126851621,0.11061924254027442,0.0,0.9999999987499999,0.5463700979688751,0.2813363196932843,0.37166913588155137,0.40232531277541184,angry,05,17,17,male,strong,1954
70,2.3356666666666666,True,1.0,0.6100419131326941,0.587851367704088,0.598946640418391,0.9957382421683312,-0.051712962962962794,-0.05189814814814819,0.2941923692706921,0.29105104964599743,0.2190041074324078,0.6015101309297088,0.0221905454286061,0.00018518518518539917,0.002734398219890089,0.3119064183064728,0.1256466659005594,0.10686034767395873,0.0,0.9999999987499999,0.5450447575905362,0.27792162783399305,0.35447098987647563,0.37948590314959735,angry,05,17,17,male,strong,1954
80,2.6693333333333333,True,1.0,0.5539800034766552,0.5507823872801432,0.5523811953783992,0.5213238939146793,-0.05074074074074075,-0.05328703703703708,0.3462677659512195,0.10400799592204113,0.21912948389682896,1.0595739075577513,0.003197616196512043,0.0025462962962963243,0.0037655481929398126,0.5660803907631489,0.12349549576777634,0.10758271983151269,0.0,0.9999999987499999,0.5503322266093937,0.2777232962639971,0.3524400650046663,0.3835811876898408,angry,05,17,17,male,strong,1954
90,3.003,True,1.0,0.6126073476584518,0.600836748672317,0.6067220481653843,0.569125754858347,-0.05324074074074098,-0.05393518518518525,0.33694115607996544,0.18278580067455968,0.2114361140773506,1.0660597293060385,0.011770598986134861,0.0006944444444442754,0.005036249363080375,0.5240647726966684,0.1266982269077413,0.1054308963645389,0.0,0.8625402912298216,0.5428673580213336,0.2811561176722471,0.3709925437710257,0.3982826701288072,angry,05,17,17,male,strong,1954
100,3.336666666666667,True,1.0,0.612607347658453,0.5632898315466675,0.5879485896025602,0.6140896809125996,-0.05555555555555558,-0.055185185185185115,0.3344204462310151,0.23169999081261225,0.20665243940706488,0.9574311503310216,0.049317516111785586,0.0003703703703704653,0.006803170848392388,0.48891100796331705,0.125980302120122,0.1077121611856502,0.0,0.9999999987499999,0.5466098131440076,0.28120761918567555,0.37052322160579976,0.4020547425113137,angry,05,17,17,male,strong,1954
0,0.0,True,1.0,0.5310521924848063,0.5304932188577052,0.5307727056712557,0.46034110980332005,-0.05402777777777773,-0.054953703703703616,0.3343152810694407,0.2020071490943572,0.2017764470098065,1.152998709800277,0.0005589736271011114,0.0009259259259258856,0.003736974261597768,0.6666586169030276,0.12544472866447606,0.10798313916798896,0.0,0.9999999987499999,0.5480234769454657,0.2830106966623916,0.37563826352007196,0.41009118631723446,angry,05,17,17,male,strong,1955
10,0.33366666666666667,True,1.0,0.5236548827668803,0.5440518552915963,0.5338533690292383,0.4670318306370643,-0.05291666666666661,-0.054675925925925906,0.34026006994971314,0.2197496134684582,0.2010138961536735,1.1430770538723767,0.02039697252471595,0.0017592592592592937,0.002006839131500189,0.6478078050234994,0.12484352668561821,0.1077975528563608,0.0,0.9495167847600833,0.54579541471276,0.2823176604174732,0.3744814041379518,0.41102506888367474,angry,05,17,17,male,strong,1955
20,0.6673333333333333,True,1.0,0.5364693684012739,0.5306799336650089,0.5335746510331414,0.5169100491677158,-0.051944444444444515,-0.05296296296296288,0.3320463825787752,0.23040746090480083,0.20301279415872897,1.0322388815854084,0.005789434736265031,0.0010185185185183632,0.003416494199216757,0.6102237763567959,0.12508739227611707,0.10786830278464588,0.0,0.9999999987499999,0.5459304006290016,0.2836653845670468,0.3762822953288216,0.4113886668014173,angry,05,17,17,male,strong,1955
30,1.0010000000000001,True,1.0,0.5440004052960438,0.5307903768700688,0.5373953910830562,1.3855212231488407,-0.05523148148148149,-0.05601851851851847,0.3121699042514807,0.5437698886194743,0.20353558059849144,0.387865145697105,0.013210028425974962,0.000787037037036975,0.004995198197998371,0.2368610377741269,0.1196569739810626,0.11149520062963197,0.0,0.9999999987499999,0.5452131214985995,0.28475927317829863,0.3786699844860874,0.4102986882579683,angry,05,17,17,male,strong,1955
40,1.3346666666666667,True,1.0,0.5175456162052604,0.4841464493668444,0.5008460327860524,0.9247107920555967,-0.05328703703703708,-0.054074074074074,0.3477285050419713,0.29722846887501325,0.20839521379171205,0.5416245134034727,0.03339916683841598,0.0007870370370369195,0.0031736289601291684,0.33070083473108564,0.12363790719432183,0.10987402901396554,0.0,0.9999999987499999,0.5455508342633928,0.2840504748489766,0.3858906080735227,0.4141357361144914,angry,05,17,17,male,strong,1955
50,1.6683333333333334,True,1.0,0.46235792985340274,0.4714988137074736,0.46692837178043817,0.9622654969945413,-0.051712962962962905,-0.05300925925925937,0.4034960381731611,0.21508993081238953,0.21262957044709382,0.48523860955090126,0.009140883854070858,0.001296296296296462,0.0019264844363066456,0.3110226014935907,0.12477444415946443,0.10962935791661538,0.0,0.8662385778024158,0.5497239696347289,0.28449814466820955,0.4039178710520207,0.43384081494692284,angry,05,17,17,male,strong,1955
60,2.0020000000000002,True,1.0,0.5143180382420155,0.496835406439269,0.5055767223406422,1.0696626298803784,-0.052870370370370345,-0.05611111111111117,0.39881697769766206,0.24461746376424165,0.2154991624962355,0.47265063602079976,0.017482631802746507,0.0032407407407408217,0.007209163979201784,0.2814057832908737,0.12311034921438323,0.11063715565107839,0.0,0.9999999987499999,0.5451341339035615,0.2869878558312121,0.39648551710271157,0.4224856346012977,angry,05,17,17,male,strong,1955
70,2.3356666666666666,True,1.0,0.6117072659277395,0.6015635536158448,0.6066354097717921,0.9262683420293657,-0.05495370370370378,-0.05449074074074067,0.29809038187404074,0.2959889374012705,0.22039139496246268,0.6549240454906531,0.010143712311894704,0.00046296296296310935,0.007652527442280149,0.3230383889336476,0.12349266854183838,0.11175524434663775,0.0,0.9105625278277245,0.5490720448179272,0.28157074750741434,0.3548439968774155,0.38248757835883873,angry,05,17,17,male,strong,1955
80,2.6693333333333333,True,1.0,0.5745147821209377,0.580080456360867,0.5772976192409023,0.5255952763265686,-0.05430555555555561,-0.05615740740740749,0.3515939521965182,0.08970201691174125,0.21624899925284027,1.098369116396338,0.005565674239929375,0.0018518518518518823,0.001036845531911541,0.550736957873495,0.11731728057356021,0.11345181806163888,0.0,0.9999999987499999,0.5943734373046093,0.3109962069980717,0.37538236287987914,0.43989586379837764,angry,05,17,17,male,strong,1955
90,3.003,True,1.0,0.5952179925293314,0.5927701226169848,0.5939940575731582,0.5035361486160622,-0.05472222222222217,-0.05472222222222223,0.34266817144346,0.15223590439235204,0.21427698197196565,1.1796453128652509,0.0024478699123465786,5.551115123125783e-17,0.006830070288792351,0.5791260725039235,0.12777057449937587,0.10576261357289951,0.0,0.9999999987499999,0.5448326200402036,0.2841045371475599,0.3786365093196527,0.398202207737243,angry,05,17,17,male,strong,1955
100,3.336666666666667,True,1.0,0.570847873338561,0.5618995075309293,0.5663736904347452,0.5206295632168944,-0.053796296296296287,-0.05305555555555552,0.34051168709699214,0.15337546411705866,0.21291463454061232,1.0878630996964607,0.008948365807631697,0.000740740740740764,0.01148302995695998,0.5786563602394235,0.1268751929661512,0.10719115374920356,0.0,0.9999999987499999,0.5501078685458558,0.28386460183956275,0.37572082921301175,0.3980579677659867,angry,05,17,17,male,strong,1955
110,3.6703333333333332,True,1.0,0.5999784515141219,0.6052741740609111,0.6026263127875164,0.5241201396608542,-0.05282407407407408,-0.05388888888888882,0.3384378541655727,0.1814073345276818,0.21009440852585098,1.149786598884488,0.005295722546789228,0.0010648148148147407,0.00800635462392445,0.5486193249770095,0.12621961792203104,0.1079623364131748,0.0,0.9999999987499999,0.5495077616359044,0.28333668310795523,0.3767256739780036,0.4037824715977115,angry,05,17,17,male,strong,1955
0,0.0,True,1.0,0.5934921572485686,0.5614230235417796,0.5774575903951742,0.6514442176120722,-0.07490740740740737,-0.06884259259259262,0.33384053552308124,0.2714164546225616,0.23340689090049396,0.8864267649990007,0.03206913370678899,0.006064814814814745,0.011689365803598598,0.4822389390661368,0.12534823301375791,0.10756508230988923,0.0,0.9999999987499999,0.5388473811243247,0.2834632434346411,0.40062013249877904,0.4343773362465849,fearful,06,17,17,male,normal,1956
10,0.33366666666666667,True,1.0,0.6038066817732753,0.5564309674464858,0.5801188246098805,0.7327569556780477,-0.07578703703703704,-0.06935185185185183,0.3364407719709926,0.30531539819918674,0.22853766331553094,0.7916933713349397,0.04737571432678955,0.00643518518518521,0.010902569251261365,0.4390649064916067,0.12386106536225988,0.1075166194768264,0.0,0.9999999987499999,0.5398845188778636,0.28206125238095214,0.40015869024930456,0.4326361222479356,fearful,06,17,17,male,normal,1956
20,0.6673333333333333,True,1.0,0.5741516791962727,0.5483738751317722,0.5612627771640224,0.7056178091714538,-0.07458333333333322,-0.06870370370370366,0.33570521892748467,0.3053153981991869,0.22784341832922275,0.7954203676109945,0.025777804064500587,0.005879629629629568,0.00893519593728802,0.4451742005995393,0.1253583693163894,0.10773026335035893,0.0,0.9999999987499999,0.5409096909701381,0.28229881216798314,0.40460795268810584,0.4370331984636046,fearful,06,17,17,male,normal,1956
30,1.0010000000000001,True,1.0,0.5196260060655569,0.4761320383920545,0.49787902222880565,0.9874408902840764,-0.07601851851851849,-0.0690277777777778,0.4327245618521114,0.2598528658642306,0.23336602844781612,0.5042114693929386,0.04349396767350239,0.006990740740740686,0.007403193844211675,0.313992281827263,0.12218212436650752,0.110976803833421,0.0,0.9999999987499999,0.5437900392657062,0.283234062925525,0.4322666111311219,0.46183290833678,fearful,06,17,17,male,normal,1956
40,1.3346666666666667,True,1.0,0.5715366421197481,0.5506027243012515,0.5610696832104998,1.1564115694946235,-0.08064814814814825,-0.07842592592592584,0.3420891956958589,0.3721473237751771,0.23752055832074825,0.4851816585125477,0.020933917818496628,0.002222222222222403,0.0015449896634424738,0.2737094674107826,0.12167395826850788,0.10963861984011976,0.0,0.9999999987499999,0.541389905376213,0.2812965241399868,0.4062080252808502,0.43076090039388654,fearful,06,17,17,male,normal,1956
50,1.6683333333333334,True,1.0,0.6220335295845018,0.565881943903765,0.5939577367441333,0.5339624671497466,-0.07287037037037042,-0.06717592592592586,0.3680481266363272,0.12416669451357007,0.2298614430241079,1.1123585893866983,0.05615158568073675,0.0056944444444445574,0.003472442520147928,0.536291325400619,0.12761390173857023,0.10631063030533082,0.0,0.9518172964360954,0.5378687924857443,0.28058867505730795,0.4056138050851474,0.42212065622731804,fearful,06,17,17,male,normal,1956
60,2.0020000000000002,True,1.0,0.6366205771191569,0.5575704766950362,0.5970955269070966,0.7215961083444762,-0.07499999999999996,-0.06847222222222232,0.32515167213900703,0.2844753888665726,0.23127672195692464,0.8274650043179759,0.07905010042412064,0.0065277777777776325,0.0027056737164321966,0.4223130806761824,0.12584311906784362,0.1069856805161793,0.0,0.9999999987499999,0.5402757735985019,0.2805161618857974,0.4024279610268327,0.4237296161055139,fearful,06,17,17,male,normal,1956
70,2.3356666666666666,True,1.0,0.5878856307635366,0.5327469603689573,0.560316295566247,0.7427279722794499,-0.07625000000000004,-0.07009259259259254,0.33844837277263073,0.3050336008431803,0.22988235257677903,0.7544031145704972,0.055138670394579314,0.0061574074074075,0.0028552493334882056,0.42223145986780913,0.12669421369583234,0.10651438640409545,0.0,0.8489084487675741,0.5417261479435524,0.28109315059951634,0.40212559814084026,0.42398756244202795,fearful,06,17,17,male,normal,1956
80,2.6693333333333333,True,1.0,0.5970657385656503,0.558106312877652,0.5775860257216512,0.7292601497564242,-0.07546296296296295,-0.0700925925925926,0.34037079692126665,0.3247843126337312,0.22642258677395277,0.7920164373640425,0.03895942568799826,0.005370370370370359,0.0015859631337939396,0.4196244086535666,0.12579659066845866,0.10774998848449695,0.0,0.9999999987499999,0.5428487506643283,0.2811725639452944,0.4009606719481293,0.43129420145389485,fearful,06,17,17,male,normal,1956
90,3.003,True,1.0,0.6279265787149084,0.5331387970668446,0.5805326878908765,0.7325752923316122,-0.07745370370370375,-0.06925925925925924,0.3335958173206351,0.3322099510656936,0.22502746414413652,0.7924546377249219,0.09478778164806378,0.008194444444444504,0.0019735503566502125,0.43728653328809614,0.11756822903225987,0.10925191106764379,0.0,0.9999999987499999,0.5887378949235944,0.3145639624418166,0.4131658066312371,0.4855187763624155,fearful,06,17,17,male,normal,1956
100,3.336666666666667,True,1.0,0.6236401640931013,0.5707749245810505,0.5972075443370759,0.7321043210246875,-0.07875000000000004,-0.07212962962962965,0.33638846736620576,0.32522093769764754,0.22154465268609191,0.8157410456220178,0.0528652395120508,0.0066203703703703876,0.0007627872637679705,0.42687494916219104,0.11631227083976695,0.10989680801145936,0.0,0.9999999987499999,0.5878591707386079,0.31566479533069647,0.4082288225376808,0.48335629755323123,fearful,06,17,17,male,normal,1956
0,0.0,True,1.0,0.6233861715482834,0.5654514713218833,0.5944188214350834,0.765680154786091,-0.07134259259259257,-0.06449074074074079,0.33414426238937706,0.28707213568805034,0.2159810534951401,0.776327840965327,0.057934700226400015,0.006851851851851776,0.009534949736743,0.37200547952760865,0.12065603435054201,0.11058569757469325,0.0,0.9999999987499999,0.5712077203303196,0.31423935226458655,0.41750853307655017,0.4807762897137089,fearful,06,17,17,male,normal,1957
10,0.33366666666666667,True,1.0,0.5868668793160597,0.5604741696766686,0.5736705244963642,0.7238674233357777,-0.07361111111111113,-0.06722222222222218,0.3367770996618814,0.2730960020057262,0.22015136512249264,0.792507724484595,0.02639270963939111,0.006388888888888944,0.016814150522981013,0.42610616833482245,0.12170867884999106,0.1102932108699811,0.0,0.9999999987499999,0.5731929049119648,0.31408606185972254,0.4203337417711516,0.4832464100821277,fearful,06,17,17,male,normal,1957
20,0.6673333333333333,True,1.0,0.5740314857287385,0.5250620805131779,0.5495467831209582,0.8005292753742591,-0.07546296296296295,-0.06787037037037036,0.33746639458695976,0.29844819156939706,0.21737374677619029,0.6864793081602631,0.04896940521556059,0.007592592592592595,0.013049461559743576,0.3721404934673934,0.1193239787460346,0.10996188366393446,0.0,0.9999999987499999,0.5724640618044092,0.3137240738303206,0.4192755382689166,0.4806243446839665,fearful,06,17,17,male,normal,1957
30,1.0010000000000001,True,1.0,0.5427494610768234,0.46994625931507333,0.5063478601959484,0.8770703729618586,-0.0746296296296296,-0.06592592592592605,0.41718840387296063,0.2302309729024881,0.22432732307520278,0.5773172550407971,0.07280320176175009,0.008703703703703547,0.016606977493238733,0.33749999999999997,0.1171401047274583,0.11245500244076613,0.0,0.9999999987499999,0.5718286226834484,0.31337823071904997,0.4367486047496189,0.4981935235268736,fearful,06,17,17,male,normal,1957
40,1.3346666666666667,True,1.0,0.6129869713659919,0.5687771407907757,0.5908820560783838,1.2983188813230364,-0.08273148148148146,-0.07185185185185178,0.3223175022656126,0.4867240422089835,0.22866448555068736,0.45511319644081005,0.044209830575216214,0.010879629629629683,0.028103149541622872,0.2569465878744673,0.11926999541051315,0.11241864268347626,0.0,0.9999999987499999,0.5693956784354367,0.3113448241696567,0.4265442459846968,0.48726585140611334,fearful,06,17,17,male,normal,1957
50,1.6683333333333334,True,1.0,0.6431168553687109,0.5749669379386253,0.6090418966536681,0.5639826710836262,-0.07500000000000007,-0.06467592592592591,0.37133834829223666,0.1041441355859153,0.2279398354576163,1.0798946986854507,0.06814991743008558,0.010324074074074152,0.027900037486608277,0.4785580806623873,0.12080537997078268,0.11162375614696594,0.0,0.9999999987499999,0.5717387813953706,0.3116223833464144,0.4213721733531448,0.48274200376601545,fearful,06,17,17,male,normal,1957
60,2.0020000000000002,True,1.0,0.6357890740168318,0.5880343683463213,0.6119117211815766,0.741876362546797,-0.07101851851851843,-0.06601851851851859,0.32387395920445133,0.27293913922507346,0.2285286495839769,0.8248163064273093,0.047754705670510544,0.004999999999999838,0.018813198743773456,0.3926665648528269,0.12396916328782814,0.10703656214234186,0.0,0.9999999987499999,0.5324922560195954,0.28129362131635105,0.40593486331877293,0.4329600145861531,fearful,06,17,17,male,normal,1957
70,2.3356666666666666,True,1.0,0.6117470781693237,0.5750608911463632,0.5934039846578434,0.6795461359666101,-0.07199074074074074,-0.06495370370370379,0.3490202003408661,0.22214631693083275,0.22436303083752912,0.8732357572952202,0.03668618702296056,0.007037037037036953,0.015518863253054956,0.4451481570457259,0.12799774563235045,0.1058481702530186,0.0,0.9999999987499999,0.5303414557619923,0.28173541516607337,0.4111644280928248,0.44001130692835955,fearful,06,17,17,male,normal,1957
80,2.6693333333333333,True,1.0,0.596804664239543,0.5619934607386678,0.5793990624891054,0.6751742042419734,-0.06879629629629624,-0.06398148148148158,0.34629878717955653,0.25813914223051,0.21880021745018902,0.858147510448217,0.03481120350087519,0.004814814814814661,0.015686235056519875,0.44288902326298574,0.12587113587703055,0.10730839435990562,0.0,0.9999999987499999,0.531781150983831,0.2819037795087496,0.40290411079012745,0.4405037110927053,fearful,06,17,17,male,normal,1957
90,3.003,True,1.0,0.6431975937122035,0.5661691388653977,0.6046833662888006,0.7080408217746936,-0.06935185185185183,-0.064537037037037,0.33493186653752255,0.3062921444725353,0.21673567235461483,0.8540233100870807,0.07702845484680587,0.004814814814814827,0.016574236736547548,0.42570188606226556,0.12537953585553618,0.10610168170433931,0.0,0.9999999987499999,0.537929102609794,0.28378450736709787,0.4029121180123894,0.43946581712499927,fearful,06,17,17,male,normal,1957
100,3.336666666666667,True,1.0,0.6182553795832878,0.5604642890133396,0.5893598342983137,0.6670801756523107,-0.07208333333333328,-0.06657407407407401,0.3358935781954443,0.30629214447253506,0.2153801743553219,0.8834917537790755,0.057791090569948245,0.005509259259259269,0.025293712909128907,0.44953118594534336,0.12630538639654126,0.10643954067708121,0.0,0.9999999987499999,0.5387707567245649,0.28430795588845864,0.4022723771397909,0.442909840954543,fearful,06,17,17,male,normal,1957
0,0.0,True,1.0,0.5958761988496539,0.5540422818854376,0.5749592403675458,0.7838647613053928,-0.0759259259259259,-0.06884259259259262,0.32353257867279755,0.34292353389816893,0.22376152545089448,0.7334929043245283,0.041833916964216344,0.007083333333333275,0.00970215925908473,0.4021620563841972,0.12447849798442141,0.10680117282098074,0.0,0.9999999987499999,0.5434437000034389,0.28401544513788424,0.39775307549145517,0.4301086749160021,fearful,06,17,17,male,normal,1958
10,0.33366666666666667,True,1.0,0.5862426511549107,0.5540422818854376,0.5701424665201742,0.7854551316555675,-0.07606481481481481,-0.07125000000000004,0.3269633228958464,0.3238279928755412,0.22719216261645175,0.7258752836949944,0.03220036926947312,0.004814814814814772,0.010684505889425745,0.39629322800268585,0.12469918909193929,0.1079644885900787,0.0,0.9999999987499999,0.5422720434501925,0.28263289704011496,0.39756699205039187,0.42626110185846533,fearful,06,17,17,male,normal,1958
20,0.6673333333333333,True,1.0,0.5996565087928132,0.5533081639613822,0.5764823363770977,0.7726904349713771,-0.07592592592592595,-0.07023148148148145,0.35292699945130607,0.27044165223998196,0.23064025385333506,0.7460715317363187,0.04634834483143102,0.005694444444444502,0.002784166871744714,0.4034693834763394,0.12549893176064092,0.10721166275841426,0.0,0.9999999987499999,0.5405584310911865,0.28072405202919487,0.4075402899746492,0.43302947964156235,fearful,06,17,17,male,normal,1958
30,1.0010000000000001,True,1.0,0.5694604570844025,0.5359477124183,0.5527040847513512,0.8623548922056387,-0.07453703703703712,-0.07143518518518521,0.3409111171038045,0.30514096185737977,0.22924156121109826,0.6409241598174322,0.033512744666102545,0.003101851851851911,0.00047300533813213663,0.3721153846153843,0.1243255781457785,0.10715708815949042,0.0,0.9999999987499999,0.5365997493606818,0.27989508726326195,0.40147373844261275,0.42822588034520914,fearful,06,17,17,male,normal,1958
40,1.3346666666666667,True,1.0,0.6075988625753491,0.5688767544635056,0.5882378085194273,0.7132720152314702,-0.07648148148148148,-0.07000000000000012,0.3561309465033897,0.2164307615496512,0.2416868705634995,0.8247033333118124,0.03872210811184351,0.006481481481481366,0.008768196185935414,0.4151116323793089,0.12426175504333431,0.10864317161046871,0.0,0.9999999987499999,0.5388216509572579,0.2826729318157712,0.40516878907446613,0.42697858239357683,fearful,06,17,17,male,normal,1958
50,1.6683333333333334,True,1.0,0.6103392206686037,0.5662616393423696,0.5883004300054866,0.8888264659573576,-0.0758333333333332,-0.06731481481481483,0.38139024766805857,0.2073928420567161,0.2340747176178045,0.6618844651209013,0.04407758132623407,0.00851851851851837,0.008333655804903937,0.33750000000000063,0.12548778576777309,0.1088121025227925,0.0,0.9999999987499999,0.538870046088748,0.2806574170317766,0.4143974989461218,0.43491750884594027,fearful,06,17,17,male,normal,1958
60,2.0020000000000002,True,1.0,0.6870733884769697,0.6267673873088367,0.6569203878929033,0.7600571020485506,-0.07601851851851849,-0.06916666666666677,0.3205623885710449,0.28852454311438,0.2347251475576358,0.8643039925846793,0.060306001168133005,0.00685185185185172,0.003023947374707087,0.38539575817577015,0.1249560492836759,0.1073126106714567,0.0,0.9999999987499999,0.5360532086506478,0.2790100118163741,0.39882915652422996,0.423747308451102,fearful,06,17,17,male,normal,1958
70,2.3356666666666666,True,1.0,0.6858277862271419,0.6517588888947218,0.6687933375609318,0.6977004449176757,-0.07513888888888887,-0.06837962962962968,0.3435743300506949,0.22379070874717905,0.2361191891553694,0.9585680250495545,0.034068897332420134,0.006759259259259187,0.004141038958096026,0.435141509433962,0.12629710076238201,0.10662819860866,0.0,0.9999999987499999,0.5412730138617947,0.28129773109197115,0.39894539469715273,0.42936976489302464,fearful,06,17,17,male,normal,1958
80,2.6693333333333333,True,1.0,0.6385589296541977,0.5995599116726552,0.6190594206634265,0.6680988146376228,-0.07374999999999993,-0.0681018518518518,0.3393197069690322,0.2538775495622969,0.22848424342002882,0.9265985915559583,0.03899901798154248,0.005648148148148124,0.0047945571470139345,0.4612500000000003,0.12528404703520585,0.10799324935037512,0.0,0.9999999987499999,0.5435027241052672,0.2808625596700454,0.39588140457846027,0.428915894026183,fearful,06,17,17,male,normal,1958
90,3.003,True,1.0,0.5658804200839472,0.5614230235417796,0.5636517218128634,0.705617809171453,-0.07430555555555551,-0.06800925925925921,0.33420069778902256,0.2781762516925923,0.2257028953078627,0.7988059746886372,0.004457396542167591,0.0062962962962963,0.0032667299710748485,0.4223130806761817,0.12536474820252128,0.10647761583928336,0.0,0.9999999987499999,0.5445636862870148,0.28230071076930874,0.39901771436051686,0.43461249411888014,fearful,06,17,17,male,normal,1958
100,3.336666666666667,True,1.0,0.5620930315743992,0.5488320771232333,0.5554625543488163,0.6920903277536598,-0.07356481481481486,-0.06754629629629633,0.3358411456908285,0.2646066784392953,0.22362782881159113,0.8025867897210749,0.013260954451165818,0.006018518518518534,0.007380890677959451,0.43056754128955366,0.12528789378085756,0.10798878654249303,0.0,0.9999999987499999,0.5419231140815701,0.2830567899948914,0.39430034086134924,0.43447537380519485,fearful,06,17,17,male,normal,1958
0,0.0,True,1.0,0.5971963391553802,0.538626616848415,0.5679114780018976,0.6825780644344964,-0.07750000000000001,-0.06745370370370374,0.32564900407484937,0.312762388570537,0.21528096733328264,0.8320095643161372,0.05856972230696522,0.010046296296296275,0.002550667000073113,0.44519024163550963,0.11886285650459884,0.111147941485454,0.0,0.9999999987499999,0.5917556221863746,0.3174309728865465,0.39431118576956864,0.47686184383698216,fearful,06,17,17,male,normal,1959
10,0.33366666666666667,True,1.0,0.6466421789058039,0.5924745301018046,0.6195583545038043,0.6820929661836549,-0.07564814814814813,-0.06949074074074085,0.32496725249397956,0.30549983148120874,0.21527813217516747,0.9083195183352571,0.05416764880399927,0.006157407407407278,2.306133092695427e-05,0.43356398054605844,0.1170497116266854,0.11288713218479286,0.0,0.9999999987499999,0.5893939963250925,0.3176164498096838,0.3945096015385185,0.47680876271236,fearful,06,17,17,male,normal,1959
20,0.6673333333333333,True,1.0,0.6393796710679202,0.5791128058979046,0.6092462384829124,1.082203743816002,-0.07907407407407407,-0.07037037037037047,0.3199287389046633,0.43288149752640126,0.21668392014887738,0.562968148987015,0.06026686517001556,0.008703703703703602,0.0051242499288901835,0.2924999999999997,0.11858776313039324,0.11296956013072314,0.0,0.9999999987499999,0.5846024334343112,0.3180756059451423,0.40667433003681364,0.4792605704651213,fearful,06,17,17,male,normal,1959
30,1.0010000000000001,True,1.0,0.5962277854636582,0.559145797689388,0.5776867915765231,1.1331692114048988,-0.0894907407407407,-0.0829166666666667,0.361376559452563,0.369205416761169,0.23614342163013122,0.5097974651643679,0.037081987774270186,0.00657407407407401,0.004281271816528154,0.29416024542360114,0.11755692748767277,0.11387468521496394,0.0,0.9999999987499999,0.5873393430809825,0.31611484120309313,0.41895499757706184,0.4864518561114925,fearful,06,17,17,male,normal,1959
40,1.3346666666666667,True,1.0,0.5927697872725917,0.5474324147935661,0.5701011010330789,0.8818671702266814,-0.07870370370370372,-0.07486111111111093,0.3594411019843737,0.2683141259332302,0.23611143423818787,0.6464704892988998,0.045337372479025584,0.003842592592592786,0.002572400676141372,0.34503761755675605,0.12406068862955041,0.10991765884726694,0.0,0.9999999987499999,0.5347034659723264,0.2865896658010392,0.42218896102342945,0.4409897495948555,fearful,06,17,17,male,normal,1959
50,1.6683333333333334,True,1.0,0.64097905435428,0.5839386946225096,0.6124588744883948,0.5847553274285413,-0.07472222222222225,-0.06754629629629638,0.3917752587405655,0.14618883185713577,0.2257160780230031,1.04737630554249,0.05704035973177046,0.007175925925925863,0.006210056302223587,0.47292309099894936,0.1262011695910205,0.10780732293762041,0.0,0.9999999987499999,0.5341376418145383,0.28358908426781376,0.40971544586887576,0.4342144147485482,fearful,06,17,17,male,normal,1959
60,2.0020000000000002,True,1.0,0.6146146722786017,0.5882181910885497,0.6014164316835757,1.0933724950027273,-0.07601851851851849,-0.06981481481481489,0.3192323108659687,0.397579389739099,0.2263973138303795,0.5500563023419348,0.026396481190052,0.0062037037037036,0.010441454867286244,0.29248844577208366,0.12267577765465992,0.10991207503360005,0.0,0.9999999987499999,0.5341414161133203,0.2816581344635599,0.3864496460133452,0.4160492484092504,fearful,06,17,17,male,normal,1959
70,2.3356666666666666,True,1.0,0.5794030110587155,0.5300445427279686,0.5547237768933421,0.8069107489447404,-0.07277777777777777,-0.06666666666666654,0.34066731871990374,0.33621281206030823,0.21736146211172627,0.6874660891787565,0.04935846833074686,0.006111111111111234,0.00692216816262442,0.3937500000000001,0.12602905671517445,0.10730058321396109,0.0,0.9999999987499999,0.542014151082308,0.2858942788331403,0.39111129424063357,0.41835054674989114,fearful,06,17,17,male,normal,1959
80,2.6693333333333333,True,1.0,0.5931533359210549,0.5882355146341541,0.5906944252776045,0.7716752170651185,-0.07449074074074069,-0.06763888888888897,0.33666893504416495,0.3100480782850925,0.21319587588304276,0.7654702551212789,0.00491782128690077,0.00685185185185172,0.010872463699084829,0.4122173220710576,0.12697678980521945,0.10707078445194854,0.0,0.9999999987499999,0.5359789100640256,0.28867812232171663,0.40544943803089784,0.43119169591545947,fearful,06,17,17,male,normal,1959
90,3.003,True,1.0,0.5888390805364407,0.5741442713761007,0.5814916759562707,0.7358687225591166,-0.07606481481481475,-0.06773148148148156,0.3405225892406287,0.30543773964388626,0.21042246794808087,0.7902111587703147,0.01469480916034005,0.008333333333333193,0.0049831338468921925,0.41432157537247327,0.12446932883848404,0.10770001343060834,0.0,0.9999999987499999,0.5378680400988521,0.29095043953833405,0.39203831385306864,0.4306614108257052,fearful,06,17,17,male,normal,1959
100,3.336666666666667,True,1.0,0.6155769879628428,0.5882355146341541,0.6019062512984985,0.7337289915879175,-0.0706944444444445,-0.06652777777777774,0.33683751455935557,0.324514991181658,0.20625924754363292,0.8203386511903644,0.027341473328688637,0.004166666666666763,0.006484581736709275,0.4218503194945951,0.1234206422150303,0.10713641917515429,0.0,0.9999999987499999,0.5414845696716186,0.29121203632054443,0.3921234796170085,0.4327689431804456,fearful,06,17,17,male,normal,1959
0,0.0,True,1.0,0.5958761988496551,0.5565307558069144,0.5762034773282847,0.693163261670533,-0.06972222222222219,-0.062222222222222345,0.3190163837233284,0.31045806089179884,0.20627996053698633,0.831266613783925,0.03934544304274079,0.00749999999999984,0.019517870043703135,0.4340641581704947,0.12340471418636935,0.10839221091712169,0.0,0.9999999987499999,0.5429564001069177,0.28587725132762715,0.38612806005290684,0.42615598353783035,fearful,06,17,17,male,strong,1960
10,0.33366666666666667,True,1.0,0.6158717646978437,0.5661747139724301,0.5910232393351369,0.983964630707485,-0.07430555555555557,-0.06708333333333327,0.3128611038583856,0.4112090994001427,0.2069743044572451,0.6006549634921151,0.04969705072541353,0.0072222222222222965,0.019476058051726274,0.3193787914536362,0.11650967016252795,0.11260158358429996,0.0,0.9999999987499999,0.5868819341017658,0.31704245403983494,0.40933976739357175,0.4803873772410554,fearful,06,17,17,male,strong,1960
20,0.6673333333333333,True,1.0,0.6060302512796371,0.5638187082142514,0.5849244797469442,0.8874308153254504,-0.08379629629629631,-0.07847222222222222,0.32478913682083527,0.38646180667398616,0.2208830771411905,0.659121217841002,0.04221154306538566,0.005324074074074092,0.012528321885572211,0.36433409671214556,0.1254675281939611,0.10795664714876162,0.0,0.9999999987499999,0.5348505678677721,0.28553182373416686,0.406037785347024,0.44401214488831686,fearful,06,17,17,male,strong,1960
30,1.0010000000000001,True,1.0,0.5523965080668175,0.5180254159831157,0.5352109620249665,0.8180879293845295,-0.08486111111111111,-0.07902777777777792,0.4200854547558883,0.22903885480572597,0.22500847694534892,0.654221805261961,0.034371092083701815,0.0058333333333331905,0.0032586431893809383,0.35271239901594476,0.11365348514478604,0.11298206038281226,0.0,0.9999999987499999,0.5831928732352316,0.31635000048654877,0.43514647259914957,0.5043933437610826,fearful,06,17,17,male,strong,1960
40,1.3346666666666667,True,1.0,0.546218692160286,0.5147222256625084,0.5304704589113971,1.0136261469216756,-0.1000462962962963,-0.10027777777777791,0.3514997555512432,0.35283560089731447,0.24863596720314196,0.5233393599034569,0.0314964664977776,0.00023148148148161019,0.00799501597454668,0.3001127083683112,0.12502574160383553,0.10829218939498554,0.0,0.9502069263724772,0.5358172745035513,0.28267362784054845,0.4360492603846873,0.4446120345303839,fearful,06,17,17,male,strong,1960
50,1.6683333333333334,True,1.0,0.5487491197139085,0.5026608257580875,0.5257049727359979,0.36744208057511907,-0.10537037037037039,-0.10689814814814808,0.382990209283986,0.029627548865245157,0.26127935810292974,1.4307152079945942,0.046088293955821036,0.0015277777777776835,0.01565534170460888,0.7075448214467014,0.12203689325972332,0.10905994598010811,0.0,0.9999999987499999,0.5817812096791842,0.30691869505349145,0.4368663272616234,0.48848258115205634,fearful,06,17,17,male,strong,1960
60,2.0020000000000002,True,1.0,0.5530538405580181,0.5147222256625084,0.5338880331102632,0.9843674624049273,-0.09879629629629616,-0.0986111111111111,0.32684186854670005,0.3280824407863429,0.2591576372022625,0.5423665993651506,0.038331614895509736,0.0001851851851850661,0.012913844408082532,0.3280849530113847,0.12169055155835908,0.11083012395411458,0.0,0.894192172216574,0.5335112207773735,0.28013677349929617,0.41033620845678864,0.427719399483123,fearful,06,17,17,male,strong,1960
70,2.3356666666666666,True,1.0,0.546218692160286,0.48135657601167836,0.5137876340859822,0.7776647551737519,-0.09217592592592583,-0.08671296296296294,0.36121372479871167,0.28386409972640164,0.23693439239212472,0.6606801075499271,0.0648621161486076,0.005462962962962892,0.012342840493463885,0.3838673729629835,0.1261493092718579,0.10715918096607663,0.0,0.9999999987499999,0.5374748996551746,0.2819744562503804,0.4196286827487701,0.4377632771230124,fearful,06,17,17,male,strong,1960
80,2.6693333333333333,True,1.0,0.536261482596118,0.5214816124568201,0.5288715475264691,0.7527008861630818,-0.08064814814814814,-0.07856481481481475,0.34820524356384,0.33727491569799795,0.22165207094831332,0.7026317588416957,0.014779870139297935,0.0020833333333333814,0.009973606909006885,0.4086116579762191,0.12803139150400059,0.10490329396507617,0.0,0.9999999987499999,0.5420360087159865,0.2833442023023654,0.4106373009245727,0.4349712103453654,fearful,06,17,17,male,strong,1960
90,3.003,True,1.0,0.5282746576998413,0.5147372028668104,0.5215059302833258,0.7596140958806873,-0.07847222222222228,-0.0748611111111111,0.34070765559464766,0.3464231734458501,0.21679374684930391,0.6865406172836988,0.013537454833030926,0.003611111111111176,0.01992521213377472,0.4158752344593636,0.1269471471236033,0.10513104416327909,0.0,0.9999999987499999,0.5421687691951781,0.28466261786614644,0.40959409945026426,0.43797048009352957,fearful,06,17,17,male,strong,1960
100,3.336666666666667,True,1.0,0.5312946063579831,0.5159960847417425,0.5236453455498629,0.7432054916128306,-0.07629629629629625,-0.0735185185185186,0.3384540019044367,0.330995029441427,0.21686939634131058,0.704576798017867,0.015298521616240568,0.002777777777777657,0.022814216875662412,0.4329042568399754,0.12652895859267388,0.1059940806941064,0.0,0.9999999987499999,0.53992393339367,0.2862118006694844,0.40103043148335443,0.4311723239975793,fearful,06,17,17,male,strong,1960
0,0.0,True,1.0,0.6491512613801763,0.6100672016863613,0.6296092315332689,0.7443403582076401,-0.06851851851851848,-0.0636574074074075,0.3242430165843439,0.314894805438063,0.2126736996881902,0.8458620100210044,0.03908405969381501,0.004861111111110983,0.014019781593067427,0.4114832150141279,0.12257712220794975,0.10897814499818197,0.0,0.9999999987499999,0.5482821023878302,0.2898323926221975,0.3905403437159936,0.43133563617792436,fearful,06,17,17,male,strong,1961
10,0.33366666666666667,True,1.0,0.6759592077030238,0.6135409496613444,0.644750078682184,0.7448746674308131,-0.06898148148148142,-0.06013888888888885,0.3236446614162125,0.30795900870386483,0.20849476980860554,0.8655819654949817,0.06241825804167933,0.008842592592592569,0.018800794309937363,0.41282898866938517,0.1165982114666966,0.11148925178950754,0.0,0.9999999987499999,0.5924102395802071,0.31971766207934,0.39929193546447717,0.47879436832902,fearful,06,17,17,male,strong,1961
20,0.6673333333333333,True,1.0,0.6363751356932306,0.6094243929175795,0.6228997643054051,0.7939895356865917,-0.07060185185185192,-0.06564814814814812,0.31973908305269017,0.3318758147702402,0.2140774994815291,0.7845188586355372,0.026950742775651015,0.004953703703703793,0.015118530877574048,0.39226085947333433,0.11688249151637323,0.11272273455971611,0.0,0.9999999987499999,0.5909799020702031,0.3193909427553686,0.3969047021544382,0.4752690984419889,fearful,06,17,17,male,strong,1961
30,1.0010000000000001,True,1.0,0.5254711548711843,0.4848484848484852,0.5051598198598348,0.9090279973281801,-0.08689814814814822,-0.08685185185185196,0.44537194582825107,0.2298643443002481,0.23267168158699345,0.5557142589057799,0.04062267002269915,4.6296296296266526e-05,0.0005741179241707847,0.31701216283226896,0.12082145878323891,0.11160635225623182,0.0,0.9999999987499999,0.5416605396142832,0.29326246437943726,0.4354530671764825,0.46057137212181337,fearful,06,17,17,male,strong,1961
40,1.3346666666666667,True,1.0,0.650025518752734,0.5668276972624801,0.6084266080076071,1.416073846286264,-0.09222222222222215,-0.09453703703703709,0.3310672549831235,0.5608126279163024,0.24172853576758432,0.42965740070917996,0.0831978214902539,0.002314814814814936,0.0018916243225683624,0.21742514485252998,0.12296214464025802,0.11011191347840632,0.0,0.9999999987499999,0.5284935199470414,0.29185924708184285,0.42215230485963134,0.43011276203007015,fearful,06,17,17,male,strong,1961
50,1.6683333333333334,True,1.0,0.5837336442927408,0.5308903056442914,0.557311974968516,0.5078335318955011,-0.08939814814814806,-0.09009259259259261,0.3799520469486316,0.06045095158583647,0.24590315177558905,1.0974304372701336,0.05284333864844937,0.000694444444444553,0.005703673988607769,0.5088829346594425,0.12313202005125905,0.11129986398397693,0.0,0.9999999987499999,0.538119955247724,0.2836693787128793,0.3985879136034619,0.42012556464691936,fearful,06,17,17,male,strong,1961
60,2.0020000000000002,True,1.0,0.5925731360404282,0.5490196078431365,0.5707963719417823,1.1527352906072499,-0.08995370370370387,-0.09092592592592591,0.29333065305273176,0.4283813579959381,0.24598349602532335,0.4951669100380299,0.043553528197291635,0.0009722222222220411,8.210654399667768e-05,0.273648648648648,0.1216812458202888,0.11015064838356912,0.0,0.9999999987499999,0.5313521032319178,0.28154337271016056,0.3993169438422861,0.42428014312789086,fearful,06,17,17,male,strong,1961
70,2.3356666666666666,True,1.0,0.63702877168976,0.5749669379386246,0.6059978548141923,0.8164945068088976,-0.08513888888888871,-0.08430555555555563,0.3478797226377384,0.31604938271604915,0.236921833883015,0.7421946501301172,0.06206183375113539,0.000833333333333075,0.0003379397446822079,0.390104912969204,0.1270074348230605,0.10560084257184715,0.0,0.9999999987499999,0.5301366485031513,0.2843248286210067,0.42170746662465813,0.44016740569896,fearful,06,17,17,male,strong,1961
80,2.6693333333333333,True,1.0,0.6143452247171435,0.5619934607386678,0.5881693427279057,0.7483084197707048,-0.08444444444444443,-0.08027777777777773,0.3409739402087712,0.3206874310260588,0.22999383808590296,0.7859985631434313,0.05235176397847563,0.004166666666666707,0.004397102876640653,0.41219652834206366,0.1256541068714008,0.10738517507557441,0.0,0.8024912004312513,0.5379630335649885,0.28574907779653347,0.40972301307534964,0.43537396998923916,fearful,06,17,17,male,strong,1961
90,3.003,True,1.0,0.45675013919556784,0.40811103365313806,0.43243058642435295,0.744186046511629,-0.0838888888888889,-0.08324074074074062,0.3331611301388876,0.3307493540051681,0.22237357601376193,0.5810786005077234,0.048639105542429784,0.0006481481481482865,0.00524171621381164,0.41830951844727876,0.12458902555216743,0.10756152391117157,0.0,0.9999999987499999,0.5411697465626875,0.2872347971954391,0.39481963453172236,0.430319033389636,fearful,06,17,17,male,strong,1961
100,3.336666666666667,True,1.0,0.5523965080668175,0.5315470377465807,0.5419717729066991,0.7025755586614929,-0.07717592592592593,-0.07703703703703707,0.33563014152307075,0.3168478009649871,0.2175309292089731,0.7714070981051959,0.020849470320236763,0.0001388888888888551,0.009608776240081716,0.44161198547275343,0.11902581022384118,0.10993851176087703,0.0,0.9999999987499999,0.5893954068580557,0.3174393406139452,0.40387637552793193,0.4786488883030179,fearful,06,17,17,male,strong,1961
110,3.6703333333333332,True,1.0,0.6072906416234579,0.545176448970852,0.576233545297155,0.7024132942416058,-0.08083333333333331,-0.07736111111111099,0.3353058383762353,0.33735177112662584,0.2183702232682022,0.8203625273341575,0.06211419265260587,0.003472222222222321,0.012280182125235267,0.45379271403796195,0.11935455737521133,0.10975524337702193,0.0,0.9999999987499999,0.5918508088938702,0.31683113697564397,0.4058427712875643,0.47950727742447163,fearful,06,17,17,male,strong,1961
0,0.0,True,1.0,0.6403233490846332,0.5924845680925754,0.6164039585886043,0.8520659820000606,-0.07263888888888892,-0.06421296296296297,0.3139850687414043,0.37461521622416466,0.20984005568620515,0.7234228001236652,0.04783878099205774,0.008425925925925948,0.006798588375906386,0.3592501754215695,0.12441950093048963,0.10722584884160126,0.0,0.9999999987499999,0.5352466871279762,0.2868691958901851,0.39911663768567346,0.4288221885683292,fearful,06,17,17,male,strong,1962
10,0.33366666666666667,True,1.0,0.653115999078163,0.5798027681322435,0.6164593836052032,0.8237621997689177,-0.06972222222222213,-0.0635648148148148,0.31834867103035647,0.3540732262164643,0.21260373444601252,0.7483462870451361,0.07331323094591946,0.006157407407407334,0.006505504699832003,0.3754101583753265,0.1257315382403692,0.10764905288182484,0.0,0.9999999987499999,0.5306426645814576,0.28571480004518013,0.40618218678853996,0.4300742706232734,fearful,06,17,17,male,strong,1962
20,0.6673333333333333,True,1.0,0.6262168131998068,0.5798027681322435,0.6030097906660252,0.9394131210089361,-0.0723611111111111,-0.06467592592592591,0.31683064365400687,0.3829771630504613,0.21814510723058167,0.6419005410722692,0.0464140450675633,0.007685185185185184,0.003224454021480759,0.32919350492648164,0.12421789633077805,0.10728189574820617,0.0,0.8434187383917536,0.5246068793376726,0.28555267365939285,0.39705360067503215,0.42422916307516395,fearful,06,17,17,male,strong,1962
30,1.0010000000000001,True,1.0,0.5925734712735715,0.5408833044799639,0.5667283878767677,1.2392756080312495,-0.09337962962962959,-0.094212962962963,0.33181621702908154,0.4888158316324586,0.23828699348598145,0.45730617483635416,0.051690166793607606,0.0008333333333334081,0.00012199328992482468,0.263433798753827,0.11728163406237382,0.11315241826717026,0.0,0.9856718139465647,0.5349090135038391,0.2837033262748982,0.39858023965160283,0.42200391032799595,fearful,06,17,17,male,strong,1962
40,1.3346666666666667,True,1.0,0.5310174022429082,0.47744389697193484,0.5042306496074215,0.8102671845385669,-0.08254629629629617,-0.07976851851851863,0.3723753559070914,0.23931891027944538,0.23960912593274014,0.6223017039676512,0.05357350527097332,0.002777777777777546,0.004709654987970902,0.3713334672030964,0.12293473375175559,0.10996940390066942,0.0,0.9999999987499999,0.5381955066948655,0.28538861066887977,0.42741604794490945,0.4430141215782329,fearful,06,17,17,male,strong,1962
50,1.6683333333333334,True,1.0,0.5882181910885497,0.5388219815670988,0.5635200863278242,0.6537522744906763,-0.08703703703703702,-0.08472222222222225,0.40154248866537073,0.15482852614965262,0.24031619510260394,0.8619780126453098,0.04939620952145085,0.0023148148148147696,0.001471636155248018,0.4246839356106486,0.11873611251034066,0.11247536072927262,0.0,0.9999999987499999,0.5812329238726741,0.31363133654372566,0.4302972170805757,0.4921264551786786,fearful,06,17,17,male,strong,1962
60,2.0020000000000002,True,1.0,0.6574259782040096,0.5969127284891103,0.6271693533465599,1.1951447245564881,-0.08212962962962961,-0.07708333333333323,0.304234637714827,0.4332399626517268,0.2341112198755218,0.5247643573704424,0.06051324971489935,0.005046296296296382,0.0027741850250224713,0.26835454189607083,0.12392000097910508,0.1104218612510466,0.0,0.9999999987499999,0.5310256891350289,0.28022285206917885,0.39834394648281823,0.43059397672440575,fearful,06,17,17,male,strong,1962
70,2.3356666666666666,True,1.0,0.5254711548711855,0.47517691068030055,0.500324032775743,0.7579082073143407,-0.0820833333333334,-0.07675925925925925,0.3493581552217135,0.3069536057802779,0.22090103743005285,0.6601380324784302,0.05029424419088491,0.005324074074074148,0.010075361200896025,0.4172055740567666,0.12612852146222406,0.10753856175191373,0.0,0.9999999987499999,0.5327822804825055,0.2850329097867777,0.405934613843139,0.42822206985104294,fearful,06,17,17,male,strong,1962
80,2.6693333333333333,True,1.0,0.5704754584023257,0.507558243847195,0.5390168511247604,0.7448386586988612,-0.08361111111111114,-0.0736574074074074,0.3394537062741984,0.3317223790019778,0.215380174355322,0.7236692736469326,0.06291721455513077,0.009953703703703742,0.01275373462374982,0.41061800091172873,0.12078327023965653,0.11027408043725964,0.0,0.9999999987499999,0.5868056181378801,0.3175623346904603,0.41224047776281914,0.4833613141245341,fearful,06,17,17,male,strong,1962
90,3.003,True,1.0,0.5922178255739349,0.5411125440470859,0.5666651848105104,0.7407874505572299,-0.07796296296296296,-0.0715277777777778,0.33519402766589707,0.34979731889212146,0.2119960196756961,0.764949763099061,0.05110528152684901,0.006435185185185155,0.019422319541692996,0.4306581811185676,0.12511805965595407,0.1060512052013649,0.0,0.9999999987499999,0.5412547899706757,0.28666675043274564,0.39473966620507633,0.42998492403570343,fearful,06,17,17,male,strong,1962
100,3.336666666666667,True,1.0,0.6059394406826188,0.5677732391459845,0.5868563399143016,0.7475714992906854,-0.07245370370370374,-0.06717592592592592,0.3343301753544361,0.3460228327239163,0.20785042411314034,0.7850170056926001,0.0381662015366343,0.005277777777777826,0.02358153874931844,0.4202628611945119,0.12493084311810738,0.10804957607261313,0.0,0.9999999987499999,0.5431428285689276,0.28792258003192706,0.39665252674371887,0.4334446770926212,fearful,06,17,17,male,strong,1962
0,0.0,True,1.0,0.6152339856338017,0.5503944532567694,0.5828142194452856,0.6557193178440051,-0.07162037037037039,-0.0628703703703703,0.3165794289260043,0.3132636457590743,0.20494488800911725,0.8888166073276134,0.06483953237703233,0.008750000000000091,0.009010405286805138,0.4754823883314367,0.11559902016012492,0.11116218394570475,0.0,0.9999999987499999,0.5996376271133453,0.3182239438842049,0.3925626861932589,0.4788877755279834,fearful,06,17,17,male,strong,1963
10,0.33366666666666667,True,1.0,0.6332260544201361,0.5491119285118948,0.5911689914660154,1.1698554639641567,-0.07898148148148149,-0.07032407407407404,0.3032980777467736,0.44819137905120277,0.21259189189618688,0.5053350688834568,0.0841141259082413,0.008657407407407447,0.012830189413297603,0.27790102632978797,0.11356647707826453,0.11188381609881425,0.0,0.9999999987499999,0.5964668386417068,0.319573415286828,0.402585994739739,0.48140749781653375,fearful,06,17,17,male,strong,1963
20,0.6673333333333333,True,1.0,0.6161537446175545,0.552295065220257,0.5842244049189057,1.0722330541605967,-0.09050925925925934,-0.08939814814814817,0.32474391243132095,0.38796843944194387,0.2404456892688405,0.5448669975729007,0.0638586793972975,0.0011111111111111738,0.0024678949417645617,0.28894314123102144,0.11867760736069381,0.11168740734223834,0.0,0.9999999987499999,0.5748552976581258,0.31682876517051745,0.43160187697189417,0.4918381255562854,fearful,06,17,17,male,strong,1963
30,1.0010000000000001,True,1.0,0.6061687583846501,0.5412573071674014,0.5737130327760258,1.3203840035952479,-0.09560185185185177,-0.09777777777777769,0.34622152431429815,0.4067784048322012,0.2493572685613552,0.4345046828906392,0.06491145121724873,0.0021759259259259145,0.004681674328659708,0.2501999390194428,0.11412922561899203,0.1166583867626273,0.0,0.9999999987499999,0.5903767028530162,0.3152402162278098,0.4184175173275726,0.48085318664251875,fearful,06,17,17,male,strong,1963
40,1.3346666666666667,True,1.0,0.5172308883862626,0.4716241136458792,0.4944275010160709,0.9320822736027484,-0.0889814814814815,-0.09004629629629624,0.3853597745481194,0.2807539626710229,0.24307093592830137,0.5304547838947475,0.04560677474038344,0.0010648148148147407,0.006826295960730398,0.3355926673282367,0.12331421027148624,0.11023719831393189,0.0,0.9999999987499999,0.5347793239874076,0.2840317827425155,0.4380257719579695,0.4488750856843153,fearful,06,17,17,male,strong,1963
50,1.6683333333333334,True,1.0,0.5709758171208008,0.5091084475913292,0.540042132356065,0.7569669515373509,-0.08365740740740746,-0.0798611111111111,0.39949403789522786,0.17776608557923082,0.2375462537196704,0.7134289433102388,0.06186736952947158,0.003796296296296353,0.00437763531676768,0.3749863813268778,0.12473825705825317,0.10914812603078888,0.0,0.9999999987499999,0.5363903546496723,0.2838020190944439,0.4232231941450082,0.4402680175469174,fearful,06,17,17,male,strong,1963
60,2.0020000000000002,True,1.0,0.5972015554863398,0.5613246986263366,0.5792631270563382,1.0378024711658724,-0.08513888888888876,-0.08467592592592604,0.3203098415327405,0.3980612218170475,0.2321183842412802,0.5581631795553456,0.03587685686000319,0.00046296296296272077,0.006484780732309683,0.2931284798273102,0.12269394092477512,0.10814420024386633,0.0,0.9999999987499999,0.5382706234681373,0.28655997662187555,0.41505938344874194,0.4366580529140653,fearful,06,17,17,male,strong,1963
70,2.3356666666666666,True,1.0,0.5625791139278482,0.4950784584843019,0.528828786206075,0.779190027271107,-0.08337962962962975,-0.08027777777777789,0.355871682498836,0.3320996627692426,0.23201844233601912,0.6786903934822529,0.06750065544354633,0.0031018518518518556,0.0002481437710261536,0.4149413749995202,0.12741953777485535,0.10618526983876955,0.0,0.9999999987499999,0.540065360847464,0.28741747302770654,0.4246398516474171,0.44239882320863677,fearful,06,17,17,male,strong,1963
80,2.6693333333333333,True,1.0,0.5884998667216988,0.5409851527109515,0.5647425097163252,0.7886741032310016,-0.07842592592592595,-0.07504629629629639,0.3435387841984508,0.3074352548036759,0.22434670799423836,0.7160657455376253,0.04751471401074736,0.003379629629629566,0.006005270649179608,0.3912393387656397,0.12499699195497078,0.10814935229340197,0.0,0.9999999987499999,0.5404649087681948,0.2888371494195392,0.4152859160678011,0.4427869004478809,fearful,06,17,17,male,strong,1963
90,3.003,True,1.0,0.5797070113386186,0.5439469320066324,0.5618269716726254,0.7735368956742996,-0.07833333333333337,-0.0740277777777778,0.34202181575239293,0.33927056827820173,0.21737830947474363,0.7263092100899406,0.035760079331986216,0.0043055555555555625,0.0003681056450752126,0.3852680735993244,0.12412102853602582,0.10721640383608523,0.0,0.9999999987499999,0.5417001990171069,0.28912044135388,0.40808925564622106,0.4457998421739218,fearful,06,17,17,male,strong,1963
100,3.336666666666667,True,1.0,0.6156415436847626,0.5654514713218838,0.5905465075033232,0.721943748249186,-0.08398148148148143,-0.07634259259259252,0.33605467017123536,0.33320480688423926,0.2194726037952607,0.8179951816682125,0.05019007236287887,0.007638888888888917,0.002925813779930075,0.43311944729058444,0.11560538993600297,0.10942814511832348,0.0,0.9999999987499999,0.5964596943230417,0.32067663023865756,0.40567793026364707,0.48556652083417534,fearful,06,17,17,male,strong,1963
110,3.6703333333333332,True,1.0,0.5525002218103655,0.5326451941622492,0.5425727079863074,0.7638152219916742,-0.07842592592592595,-0.07263888888888892,0.33597577740841356,0.3541325120143217,0.21391171640450982,0.7103455028973246,0.019855027648116308,0.005787037037037035,0.0037711003413537043,0.4197121824723488,0.12383560506568761,0.10825223177633962,0.0,0.9999999987499999,0.5492557927467863,0.2892949911326298,0.3996834017267294,0.44409145484745394,fearful,06,17,17,male,strong,1963
0,0.0,True,1.0,0.5035357470542623,0.4366948480246182,0.47011529753944026,0.7455197132616497,-0.06740740740740736,-0.05763888888888896,0.3350732564392092,0.31541218637992835,0.21206798423256426,0.6305873462187677,0.06684089902964407,0.009768518518518399,0.006289140093021807,0.45473374134514216,0.12172657449236977,0.10905736243221856,0.0,0.9999999987499999,0.5493608958427121,0.2883457641821615,0.3776094948834784,0.41699642156677713,disgust,07,17,17,male,normal,1964
10,0.33366666666666667,True,1.0,0.5330487129592412,0.45775667850097157,0.49540269573010637,0.6306167296596172,-0.06740740740740742,-0.058935185185185146,0.33328390139632275,0.2722895199908998,0.21201293354226647,0.7855844484137073,0.0752920344582696,0.00847222222222227,0.0002549071779457535,0.5260719773456375,0.12165093167927038,0.10914173381321321,0.0,0.9999999987499999,0.5449446658507153,0.288595216137377,0.38057431293308563,0.420051234149894,disgust,07,17,17,male,normal,1964
20,0.6673333333333333,True,1.0,0.5750757595878396,0.5495075615355073,0.5622916605616735,0.6902595984905247,-0.0766666666666666,-0.07291666666666674,0.3392331791769324,0.26765168104734655,0.22788627542251244,0.8146089700039023,0.025568198052332347,0.0037499999999998646,0.0038251802588926244,0.47066326530612274,0.12319674388939182,0.11174089771287013,0.0,0.9999999987499999,0.5448001865199206,0.28971506632112776,0.3814523050531995,0.4224953447903424,disgust,07,17,17,male,normal,1964
30,1.0010000000000001,True,1.0,0.3831637491831637,0.3007871275776152,0.34197543838038946,0.9353685386681239,-0.06990740740740742,-0.061712962962963025,0.3585157585750394,0.40085928878257343,0.2208830771411906,0.36560502544518986,0.08237662160554848,0.008194444444444393,0.0008661576170613012,0.36272242365618573,0.10955189287358769,0.11382648381289256,0.0,0.9999999987499999,0.5934067897705957,0.32293471725239753,0.3987814100168,0.4864060688634262,disgust,07,17,17,male,normal,1964
40,1.3346666666666667,True,1.0,0.4370703302405902,0.4299531679418281,0.43351174909120915,0.7253473228526288,-0.07337962962962963,-0.07143518518518505,0.3414615665325013,0.2772712315320934,0.2305568792057469,0.5976609210968125,0.007117162298762136,0.0019444444444445819,0.013348654784438738,0.4231225518292808,0.12149198444079366,0.11087605910450508,0.0,0.9999999987499999,0.5410909767188127,0.2904570305453007,0.390820110029613,0.42271986470105566,disgust,07,17,17,male,normal,1964
50,1.6683333333333334,True,1.0,0.4599316960876498,0.45188405347495986,0.4559078747813048,0.8888888888888891,-0.08000000000000007,-0.0836574074074074,0.3620117591709062,0.34494195688225526,0.2438028913969554,0.5128963591289678,0.00804764261268992,0.0036574074074073315,0.015619734855645646,0.3697043848066233,0.12039714119872928,0.1127419484822536,0.0,0.9999999987499999,0.5392247028342587,0.29062753678222525,0.40100504912911866,0.4329523007142524,disgust,07,17,17,male,normal,1964
60,2.0020000000000002,True,1.0,0.376476966252042,0.3293968041958772,0.3529368852239596,0.739659367396594,-0.06833333333333336,-0.06402777777777763,0.36714213399306683,0.2725060827250608,0.23268610891006541,0.47716138101002414,0.04708016205616483,0.004305555555555729,0.001846955145127858,0.43421052631578977,0.11956948346615806,0.11073206433412607,0.0,0.9999999987499999,0.5415330498293067,0.291611436224579,0.4011989519742993,0.4310672155745371,disgust,07,17,17,male,normal,1964
70,2.3356666666666666,True,1.0,0.436448700920086,0.3784056585982501,0.40742717975916803,0.8379516881764607,-0.07060185185185175,-0.061574074074074114,0.329522395653517,0.33229118669066643,0.23267856746641372,0.48621798309853115,0.05804304232183588,0.009027777777777635,0.008112576734582507,0.3883139872260421,0.12253546004343129,0.10989525806882437,0.0,0.9999999987499999,0.5383725595863346,0.2929744796975085,0.3982874513030678,0.4170995959523339,disgust,07,17,17,male,normal,1964
80,2.6693333333333333,True,1.0,0.45197740112994494,0.4373121044767814,0.4446447528033632,0.8775196311060576,-0.07064814814814813,-0.06685185185185194,0.33321361019609474,0.3379315578487997,0.2368107103748166,0.5067063311653972,0.014665296653163518,0.0037962962962961866,0.004672867073826368,0.3701651714544517,0.1199371317214099,0.11187703701088092,0.0,0.9999999987499999,0.5338584766797344,0.291431288069682,0.3940358462942749,0.4234519275496427,disgust,07,17,17,male,normal,1964
90,3.003,True,1.0,0.5662506031403479,0.5384974738323519,0.5523740384863499,0.7573599082500505,-0.08226851851851846,-0.08236111111111116,0.34610457551707974,0.2822739309426872,0.24653891859118687,0.729341535601826,0.027753129307996005,9.259259259269959e-05,0.007328557968247101,0.40906951590625856,0.11372541518066354,0.11257167805676598,0.0,0.9999999987499999,0.586474818552421,0.32228391771393555,0.398737996787013,0.46851356232843044,disgust,07,17,17,male,normal,1964
100,3.336666666666667,True,1.0,0.40639581235896255,0.33498769829839803,0.37069175532868026,0.6917073099352682,-0.06875000000000003,-0.05652777777777779,0.3472125018110252,0.27797159170802965,0.22502746414413644,0.5359083965201562,0.07140811406056452,0.012222222222222245,0.011518428573084981,0.4631226320077256,0.11397717693548493,0.11366568293209729,0.0,0.9999999987499999,0.5864505121892508,0.3222710645035497,0.39489283664919267,0.468276796933287,disgust,07,17,17,male,normal,1964
110,3.6703333333333332,True,1.0,0.45045840546209015,0.3932756407662008,0.4218670231141455,0.6701296209072528,-0.06763888888888897,-0.05787037037037046,0.3487898982223647,0.25982905982906,0.22298373820604112,0.6295304817939583,0.05718276469588934,0.00976851851851851,0.01403469851655464,0.48254278870686124,0.12138084021518263,0.11134047911538045,0.0,0.9999999987499999,0.5377074292685824,0.2901852031833667,0.38830777997010624,0.4233430601577976,disgust,07,17,17,male,normal,1964
0,0.0,True,1.0,0.4889585730272246,0.4300297273959139,0.45949415021156925,0.7052341597796145,-0.065,-0.05819444444444438,0.3208657317239241,0.33792470156106535,0.20567577615342933,0.651548345807811,0.05892884563131073,0.00680555555555562,0.002446958985316206,0.4809202090829012,0.12435723195277557,0.10765259693922428,0.0,0.9999999987499999,0.5485788319781038,0.28958328152112106,0.38289398763184834,0.4250411774164238,disgust,07,17,17,male,normal,1965
10,0.33366666666666667,True,1.0,0.48080574049043545,0.4366948480246171,0.4587502942575263,0.6408936368041777,-0.06509259259259254,-0.0568055555555555,0.3245478145126805,0.32044681840208883,0.20703880212757156,0.715797860851122,0.04411089246581834,0.008287037037037037,0.001897052772722594,0.5113636363636364,0.12262028861253184,0.10980059897088944,0.0,0.9999999987499999,0.5485415188653586,0.2883866567923938,0.3789715598778706,0.41852629016168363,disgust,07,17,17,male,normal,1965
20,0.6673333333333333,True,1.0,0.4809497178576396,0.4576276618858148,0.4692886898717272,0.7779407288807673,-0.06657407407407406,-0.05615740740740738,0.3220633694775071,0.34493598356033983,0.2084654935625879,0.6032447877448177,0.02332205597182485,0.010416666666666685,0.0034333694085180518,0.4139150943396221,0.1227839959888706,0.10926934221208998,0.0,0.9999999987499999,0.5512009925767183,0.28954941375535137,0.3850277480637143,0.42431128735213236,disgust,07,17,17,male,normal,1965
30,1.0010000000000001,True,1.0,0.3705831452998455,0.3292082056852463,0.34989567549254585,0.9682913106679779,-0.06759259259259265,-0.056712962962962854,0.38770758856552745,0.30642130084429653,0.20634467524023967,0.36135372861207393,0.041374939614599204,0.010879629629629795,0.000783897478822776,0.3417721518987338,0.11901532520437362,0.11064080632424377,0.0,0.9999999987499999,0.5477319508037589,0.2926526892759949,0.40888528403763025,0.45249639856645446,disgust,07,17,17,male,normal,1965
40,1.3346666666666667,True,1.0,0.4148129736604364,0.4157706093189975,0.41529179148971695,0.772045139618674,-0.07291666666666663,-0.07337962962962963,0.36099203316824935,0.27282670603220266,0.23126616550338838,0.5379112828750356,0.0009576356585611068,0.0004629629629629983,0.006478970436079359,0.40870769206810253,0.120409214257961,0.1125599206228424,0.0,0.9999999987499999,0.5346934084415016,0.2898856519125672,0.3936779309418993,0.4217812847771598,disgust,07,17,17,male,normal,1965
50,1.6683333333333334,True,1.0,0.4592041715169997,0.3873189325087356,0.42326155201286764,0.8111905527824282,-0.06388888888888888,-0.0565277777777779,0.37302346164265465,0.25979434004940505,0.22291700891961655,0.521778206811035,0.0718852390082641,0.007361111111110985,0.0035348300071955776,0.40423442752894917,0.12304046164624541,0.11071487294926163,0.0,0.9999999987499999,0.5342583728569553,0.2963050426903815,0.4112887959080103,0.43396419203622344,disgust,07,17,17,male,normal,1965
60,2.0020000000000002,True,1.0,0.488754516194259,0.43026947191905923,0.4595119940566591,0.6847142951579656,-0.062453703703703733,-0.054629629629629806,0.36291811423911374,0.23043269548585413,0.22501661451244132,0.6711003367479692,0.05848504427519979,0.007824074074073928,0.001888228768738213,0.46514423076923067,0.12093424437096593,0.1106263601790094,0.0,0.9999999987499999,0.5338200742015556,0.2954261298462534,0.4047259768138273,0.42576331454015653,disgust,07,17,17,male,normal,1965
70,2.3356666666666666,True,1.0,0.421994406858356,0.3497702711001831,0.38588233897926955,0.7192903929868607,-0.0668981481481482,-0.05791666666666673,0.33510496096512143,0.26797093072059547,0.22920694632989794,0.5364764255739455,0.07222413575817288,0.00898148148148148,0.0021944409020214642,0.4526307850191996,0.12183285542792521,0.11084568552503518,0.0,0.9999999987499999,0.5351142816032662,0.2935049142068352,0.39736159737844057,0.4177631204712648,disgust,07,17,17,male,normal,1965
80,2.6693333333333333,True,1.0,0.4297645609610175,0.3721484064268005,0.400956483693909,0.7461204789234936,-0.06555555555555559,-0.05490740740740735,0.34914432672677,0.2713165377903612,0.22161592638427532,0.5373883910443137,0.05761615453421698,0.01064814814814824,0.0060936364996754784,0.4295454545454545,0.1206834661973062,0.11226582558651924,0.0,0.9999999987499999,0.5354847912446228,0.29115824052354755,0.39591644861988373,0.4187642807001762,disgust,07,17,17,male,normal,1965
90,3.003,True,1.0,0.4859283415806867,0.4097879678835271,0.4478581547321069,0.7057829243831746,-0.06569444444444439,-0.05249999999999988,0.34626696186843503,0.29174582494588974,0.2147880293904771,0.6345551008102337,0.07614037369715959,0.013194444444444509,0.015150452108331294,0.45584535005155163,0.12488751241718504,0.10915200126056233,0.0,0.9999999987499999,0.540023765162315,0.28825480190491254,0.3885827796557924,0.41767808225785685,disgust,07,17,17,male,normal,1965
100,3.336666666666667,True,1.0,0.5365254635011338,0.47059105250452704,0.5035582580028304,0.748885891257808,-0.06828703703703698,-0.05532407407407408,0.34020596219019117,0.2773500981126148,0.21622959405194883,0.6724098609429907,0.0659344109966068,0.012962962962962898,0.00793550447640019,0.43904108763426397,0.12225615706750184,0.11089524138978069,0.0,0.9999999987499999,0.5444727184858319,0.2878537561563837,0.3807589386056104,0.4164392577566927,disgust,07,17,17,male,normal,1965
0,0.0,True,1.0,0.5704754584023257,0.5173412927329069,0.5439083755676163,0.8741926694444674,-0.06972222222222224,-0.06,0.31966529909849917,0.34394465683060993,0.21738954032473,0.622183638205591,0.053134165669418865,0.009722222222222243,0.005571287150054801,0.3872950819672126,0.12494447837504578,0.10785731235362696,0.0,0.9999999987499999,0.547493158896371,0.28681794877057104,0.4086108665400756,0.4458676432576933,disgust,07,17,17,male,normal,1966
10,0.33366666666666667,True,1.0,0.5704809286898838,0.5176283018134059,0.5440546152516448,0.7748217008549164,-0.06800925925925927,-0.0593981481481482,0.3277935239979601,0.3099124727916645,0.21461213051359673,0.7021674982145573,0.05285262687647785,0.00861111111111107,0.0008234512946165924,0.42990759976851334,0.12454333700488812,0.10814423592755722,0.0,0.9999999987499999,0.544022197308611,0.28527352015724994,0.40709866264330824,0.44779383664885036,disgust,07,17,17,male,normal,1966
20,0.6673333333333333,True,1.0,0.5439603293130388,0.5097385677706902,0.5268494485418644,0.769266001610358,-0.06398148148148153,-0.057222222222222285,0.3276046453869205,0.3006973477315856,0.2125434382303195,0.6848729144911824,0.03422176154234868,0.006759259259259243,0.004207602930665011,0.41929625380391533,0.12456789230017996,0.1082920251548031,0.0,0.9999999987499999,0.5423107804528061,0.2852541476701369,0.4086633872998031,0.4523924081278034,disgust,07,17,17,male,normal,1966
30,1.0010000000000001,True,1.0,0.5522950652202542,0.4836097475213403,0.5179524063707972,0.9937773476708154,-0.06319444444444444,-0.056481481481481466,0.33656904695465667,0.34713109706887313,0.2139017296661856,0.5211956255440497,0.0686853176989139,0.006712962962962976,0.00376001876335171,0.3316088269567197,0.1220882567621983,0.11108006150844359,0.0,0.9999999987499999,0.5434906388961835,0.286236254262532,0.4152967485709581,0.4550409121056969,disgust,07,17,17,male,normal,1966
40,1.3346666666666667,True,1.0,0.5214574810734195,0.42407835902847496,0.47276792005094725,0.6920482299353432,-0.06189814814814826,-0.05370370370370392,0.3469301616775378,0.23290084661285623,0.21827412292867565,0.6831430232761625,0.09737912204494453,0.008194444444444338,0.008234631800686572,0.45595201827974546,0.11978593705032137,0.10876001681618118,0.0,0.9999999987499999,0.5572373816714187,0.29290274436132674,0.41479725264848466,0.45334247269161565,disgust,07,17,17,male,normal,1966
50,1.6683333333333334,True,1.0,0.5197106531017119,0.4362848563723907,0.4779977547370513,0.4577526233929868,-0.06319444444444439,-0.05430555555555561,0.3558321761611313,0.10457516339869248,0.2190041074324078,1.044227231717433,0.08342579672932127,0.00888888888888878,0.004864925141354921,0.6431595915997967,0.12298848778697655,0.10938801847529704,0.0,0.9999999987499999,0.5491513820840837,0.2853218902320877,0.39017672568698475,0.42586641867426883,disgust,07,17,17,male,normal,1966
60,2.0020000000000002,True,1.0,0.41082307587880107,0.3301567709597109,0.370489923419256,0.6584848200494978,-0.06467592592592586,-0.05365740740740743,0.34213070603738466,0.23515765586921691,0.21886297305977204,0.5626400368521882,0.08066630491909016,0.011018518518518428,0.009664009204444404,0.48254278870686124,0.11886387723361468,0.11165990365628105,0.0,0.9999999987499999,0.5533284057763731,0.28999848002096523,0.39267066717161003,0.4310371385883045,disgust,07,17,17,male,normal,1966
70,2.3356666666666666,True,1.0,0.4908983251053989,0.4438009119196076,0.46734961851250323,0.7111527149236743,-0.06273148148148155,-0.05393518518518514,0.3368552709989725,0.24615384615384625,0.21814510723058167,0.6571719529505872,0.047097413185791304,0.008796296296296413,0.013747423900682546,0.45470713853966327,0.12309292236897394,0.10839520025830054,0.0,0.9999999987499999,0.5430529982696203,0.29159120284136336,0.4147721649577631,0.4410636026448022,disgust,07,17,17,male,normal,1966
80,2.6693333333333333,True,1.0,0.5498376387156005,0.5027764232212606,0.5263070309684306,0.5297085288093164,-0.06606481481481491,-0.05560185185185179,0.3363876584357769,0.19675881217280972,0.2189037545584032,0.9935785480960033,0.04706121549433995,0.010462962962963118,0.018651446031068324,0.5907933630172336,0.12279487335007297,0.10732182664691178,0.0,0.9999999987499999,0.5449385995257479,0.2897463716742043,0.40980507092116225,0.4405586614914811,disgust,07,17,17,male,normal,1966
90,3.003,True,1.0,0.5492178286309922,0.5091084475913292,0.5291631381111608,0.49782491916749605,-0.06523148148148145,-0.05671296296296302,0.3384129865608063,0.1748306622713608,0.21541949020733542,1.0629502817899736,0.040109381039662995,0.008518518518518425,0.01924512558080271,0.5780674216440137,0.12272774664239494,0.106507914553637,0.0,0.9999999987499999,0.5440845943924445,0.2873607419654706,0.40576671556035043,0.4390747424349846,disgust,07,17,17,male,normal,1966
100,3.336666666666667,True,1.0,0.4854327411337442,0.41861188746390554,0.4520223142988249,0.3659356371299126,-0.07148148148148159,-0.06458333333333344,0.339415751639367,0.05379404992964914,0.21329784115730266,1.235250870464825,0.06682085366983864,0.006898148148148153,0.018710670841592107,0.7114582486036498,0.12277566602565523,0.10910421945527876,0.0,0.9999999987499999,0.5485429487341812,0.2850429746991984,0.404729280557022,0.43949589732905087,disgust,07,17,17,male,normal,1966
0,0.0,True,1.0,0.5575838272893979,0.5348170117945911,0.5462004195419945,0.6106870229007633,-0.0639351851851851,-0.054814814814814816,0.3333026430341122,0.17642069550466433,0.22430691608742007,0.8944031870000161,0.022766815494806858,0.009120370370370279,0.006922611494209258,0.5004935835357879,0.1217179292071674,0.10854170214846874,0.0,0.9999999987499999,0.5546165035858094,0.2848682335005277,0.38376255761999695,0.4307404544213409,disgust,07,17,17,male,normal,1967
10,0.33366666666666667,True,1.0,0.5701735168582506,0.5424359315353147,0.5563047241967827,0.6329845599245385,-0.06754629629629627,-0.05703703703703705,0.3348887623234804,0.19526848646895714,0.22708870884310334,0.8788598639169062,0.02773758532293591,0.010509259259259218,0.0108430962373448,0.5026235790974546,0.12219959174371516,0.10905245920427506,0.0,0.9999999987499999,0.5509622265546844,0.2852234030399966,0.3867568835975237,0.42863252396490886,disgust,07,17,17,male,normal,1967
20,0.6673333333333333,True,1.0,0.5362762074448633,0.5035539541935143,0.5199150808191888,0.9508141067409497,-0.064074074074074,-0.05407407407407405,0.3278697876268125,0.3238279928755408,0.22222359550899456,0.5468104407929659,0.03272225325134892,0.009999999999999953,0.019581278923122048,0.35054347826086996,0.12164102957335657,0.10984872758827749,0.0,0.9999999987499999,0.5456068281843989,0.2850670421294242,0.39811445197784323,0.4318719266020906,disgust,07,17,17,male,normal,1967
30,1.0010000000000001,True,1.0,0.3270168907111124,0.3134764581582408,0.3202466744346766,0.9196268203559933,-0.05777777777777782,-0.04861111111111127,0.36652128547265,0.18895880556577072,0.22365239132884607,0.3482354661108156,0.013540432552871573,0.009166666666666545,0.013970446512017558,0.3415125356779318,0.11706200244502218,0.11134492202467496,0.0,0.9999999987499999,0.5417165643054097,0.28999734613333866,0.4074842994433631,0.43833141530663555,disgust,07,17,17,male,normal,1967
40,1.3346666666666667,True,1.0,0.43110419470075245,0.36688289895348025,0.39899354682711635,0.6531719496363785,-0.05958333333333343,-0.04995370370370378,0.3545977135529844,0.19584007958942487,0.22500305173711677,0.6108552993575987,0.0642212957472722,0.009629629629629655,0.007926521768142741,0.47392026342893256,0.11953953177168021,0.11059225942146303,0.0,0.9999999987499999,0.5481923388964962,0.2879444960635618,0.39996900490111625,0.4329251296946221,disgust,07,17,17,male,normal,1967
50,1.6683333333333334,True,1.0,0.36941343890865386,0.30079811523863814,0.33510577707364597,0.5870287317776289,-0.06333333333333319,-0.05305555555555552,0.35454258540081124,0.13696267095738862,0.22222531210552576,0.5708507249021444,0.06861532367001572,0.010277777777777664,0.01308979372182144,0.5129414843668774,0.12071195858071627,0.11086886886702932,0.0,0.9999999987499999,0.5438391888630452,0.28750013524311246,0.3980097366172397,0.42716095805983806,disgust,07,17,17,male,normal,1967
60,2.0020000000000002,True,1.0,0.346495561968689,0.30080137536125673,0.3236484686649729,0.6504865361612261,-0.06319444444444433,-0.052314814814814925,0.3410309941166805,0.20326308606102925,0.2264647020790134,0.4975482975788374,0.0456941866074323,0.010879629629629406,0.011252015154069896,0.5043021028568401,0.11916118975810838,0.11185471869024004,0.0,0.9999999987499999,0.5411916432119723,0.2880076434892369,0.395631462558835,0.4231030224110245,disgust,07,17,17,male,normal,1967
70,2.3356666666666666,True,1.0,0.505716207749195,0.4514991181657857,0.47860766295749035,0.7435508424831754,-0.05972222222222218,-0.04999999999999999,0.33518796599469697,0.22719609075874844,0.2216159263842752,0.6436784623350352,0.05421708958340932,0.009722222222222188,0.018962810723682912,0.4183095184472787,0.12393424468158658,0.1083153253665525,0.0,0.9999999987499999,0.5327270787142983,0.29020349970775927,0.41776529056428435,0.4392021949112152,disgust,07,17,17,male,normal,1967
80,2.6693333333333333,True,1.0,0.4979115109268069,0.44392603043019424,0.4709187706785006,0.5970914563723427,-0.06379629629629635,-0.05300925925925931,0.33894270967744006,0.23061905712180733,0.21890375455840314,0.788687839446891,0.05398548049661267,0.01078703703703704,0.023410470312607432,0.5117012073268024,0.12267787858879783,0.1093884679627325,0.0,0.9999999987499999,0.5359248844303346,0.28639739802154746,0.40528683358978396,0.43613665396106394,disgust,07,17,17,male,normal,1967
90,3.003,True,1.0,0.5392494606908268,0.47654599613353166,0.5078977284121793,0.587864665175438,-0.06587962962962951,-0.052731481481481435,0.3334875851427409,0.24606183058975759,0.21478802939047711,0.8639704995036672,0.06270346455729514,0.013148148148148076,0.03236298031271299,0.523727545890561,0.12432392052248345,0.10733665570255611,0.0,0.9999999987499999,0.5384054683123249,0.2846890362495941,0.40107676688441435,0.4352866914748266,disgust,07,17,17,male,normal,1967
100,3.336666666666667,True,1.0,0.5364693684012756,0.4961576240967638,0.5163134962490197,0.6056524699111774,-0.06509259259259248,-0.05342592592592588,0.33314968574979537,0.2614463044353292,0.21194958957367088,0.8524913575020014,0.04031174430451179,0.011666666666666603,0.025954759323057,0.525943079541973,0.12356298025294633,0.10856331183825299,0.0,0.9999999987499999,0.5437377674272835,0.28505420362468575,0.3999838697264588,0.43888876944248195,disgust,07,17,17,male,normal,1967
0,0.0,True,1.0,0.4573756902478119,0.40246049242967347,0.4299180913387427,0.7320630716934478,-0.07569444444444445,-0.07087962962962968,0.36137509131091583,0.2745098039215688,0.23752055832074825,0.58726919573232,0.05491519781813842,0.004814814814814772,0.01947444201504737,0.4423025765017729,0.12059652588829696,0.10821320534757253,0.0,0.9999999987499999,0.5346389768407364,0.29323569261053933,0.4054190359731379,0.4300135541370046,disgust,07,17,17,male,strong,1968
10,0.33366666666666667,True,1.0,0.5333596156243655,0.4578937538223331,0.4956266847233493,0.7842811876985611,-0.07402777777777786,-0.07356481481481475,0.3661879605434803,0.2940925216831533,0.24033143333185275,0.6319502399104384,0.07546586180203241,0.00046296296296310935,0.023068110821171307,0.4034516540568777,0.12271855367727337,0.10881885663522649,0.0,0.9999999987499999,0.5357645199017107,0.2945112661055041,0.409970950543547,0.43457026229007956,disgust,07,17,17,male,strong,1968
20,0.6673333333333333,True,1.0,0.49694959545269746,0.45579491731609806,0.47637225638439773,0.7974530876390213,-0.07574074074074083,-0.07754629629629634,0.3671753812322147,0.2679509642002064,0.24447565361159299,0.5973671226162892,0.0411546781365994,0.0018055555555555047,0.023510501109201273,0.39780196795502265,0.12126796953093189,0.10834306240546664,0.0,0.9999999987499999,0.5354378968462385,0.29325457027490764,0.4111835829635144,0.43523618908342826,disgust,07,17,17,male,strong,1968
30,1.0010000000000001,True,1.0,0.5012279443341618,0.4527658468536442,0.476996895593903,0.9659758709438302,-0.07949074074074075,-0.08097222222222217,0.4340262192421981,0.260788281075461,0.24236237028584864,0.49379794044735464,0.04846209748051766,0.001481481481481417,0.022235995877542696,0.33036916536092,0.11500977805683783,0.11143028160293492,0.0,0.9200622304543906,0.5438715120813951,0.2938379880232654,0.40777218785482394,0.443049277100308,disgust,07,17,17,male,strong,1968
40,1.3346666666666667,True,1.0,0.4555266300262745,0.42955434906501244,0.4425404895456435,0.7608833083664124,-0.07046296296296284,-0.07055555555555543,0.35745911270042324,0.2557060099199492,0.2402806354761923,0.5816141380414313,0.025972280961262084,9.259259259258856e-05,0.010508099189169267,0.42793402696325417,0.11900930458391978,0.1101295112023536,0.0,0.9999999987499999,0.5382202590801947,0.2948747056350509,0.4055587602140912,0.42374014049076225,disgust,07,17,17,male,strong,1968
50,1.6683333333333334,True,1.0,0.48605233517470514,0.43699627748494035,0.4615243063298228,1.1327391773057804,-0.07921296296296287,-0.07999999999999996,0.361122944723408,0.35625355473737114,0.2500076292781195,0.4074409321901959,0.04905605768976479,0.000787037037037086,0.01947171838984485,0.2852053840190193,0.12103349189047369,0.11103372781074461,0.0,0.9999999987499999,0.5282380013177146,0.29202126471552564,0.41825124683961246,0.440087930275118,disgust,07,17,17,male,strong,1968
60,2.0020000000000002,True,1.0,0.4878090202636084,0.4514868083066283,0.4696479142851183,0.733046795617192,-0.07537037037037042,-0.07509259259259249,0.363959115710719,0.1516007021602805,0.25286498934938034,0.6406793087332114,0.0363222119569801,0.0002777777777779322,0.020305626168881676,0.42689166099352704,0.12052068319317043,0.10969601802588846,0.0,0.9999999987499999,0.5219265600380778,0.2879914636268821,0.4109595915890544,0.4223890513062465,disgust,07,17,17,male,strong,1968
70,2.3356666666666666,True,1.0,0.44907937847366636,0.4205251897624355,0.43480228411805094,0.7240318659568673,-0.0830092592592594,-0.08324074074074073,0.3549518947871123,0.25200384849348295,0.2598173804667653,0.600529209502988,0.028554188711230832,0.00023148148148133263,0.028771207579070344,0.4320924880881415,0.12472253398107751,0.10758392156403487,0.0,0.9999999987499999,0.5185625344122025,0.28802175540731584,0.4256535078179759,0.4268106000383296,disgust,07,17,17,male,strong,1968
80,2.6693333333333333,True,1.0,0.5477551502022703,0.48678789861084293,0.5172715244065567,0.7110880931012362,-0.07194444444444448,-0.0720833333333335,0.32074220666975545,0.21020253858683433,0.2479686693205953,0.727436627648487,0.06096725159142735,0.00013888888888902162,0.022105263321789286,0.4362419476757902,0.11952701658404474,0.11060578559321221,0.0,0.9999999987499999,0.5323026019782914,0.29449526828039735,0.4071777370874958,0.4221343881905427,disgust,07,17,17,male,strong,1968
90,3.003,True,1.0,0.49934561881868633,0.43497393579777427,0.46715977730823033,0.7869829633931688,-0.08666666666666656,-0.08361111111111119,0.357131723478819,0.2489379304309981,0.2611531830208643,0.5936085011218242,0.06437168302091206,0.003055555555555367,0.020425560174361663,0.4150635012978401,0.11256960942368084,0.1115284020991377,0.0,0.9999999987499999,0.5738992442367572,0.31909598616248425,0.4101424602640271,0.467068642307783,disgust,07,17,17,male,strong,1968
100,3.336666666666667,True,1.0,0.5298407339585257,0.48248399560426464,0.5061623647813952,0.7506824539717558,-0.07662037037037034,-0.07657407407407402,0.36250583749473386,0.21993454722502342,0.2513916202815952,0.6742696090781941,0.047356738354261074,4.629629629632204e-05,0.024289721445355936,0.4172055740567667,0.12270780146301694,0.11056772545160772,0.0,0.9999999987499999,0.5326491100659013,0.29113293027829634,0.3950426027698007,0.4137578659359745,disgust,07,17,17,male,strong,1968
110,3.6703333333333332,True,1.0,0.4915931163606451,0.4552701759368344,0.4734316461487398,0.759212584631354,-0.07592592592592595,-0.07597222222222222,0.367455991268035,0.24664655864771298,0.2506993136838604,0.623582453363337,0.036322940423810735,4.6296296296266526e-05,0.017593098847117246,0.42203720373595754,0.12093878202551162,0.10975688722291296,0.0,0.9999999987499999,0.5367701767894658,0.28878824362492256,0.39329942884582375,0.41380621249622257,disgust,07,17,17,male,strong,1968
120,4.0040000000000004,True,1.0,0.5017192868838259,0.4585928757741473,0.48015608132898663,0.7517268322363168,-0.07509259259259266,-0.07097222222222227,0.36705573480036136,0.2611457518850871,0.23890932769477186,0.6387374518753939,0.04312641110967863,0.004120370370370385,0.016636611056848525,0.4207824380122661,0.12026098462358152,0.10928554906921761,0.0,0.9999999987499999,0.5334228499759279,0.2929212644334173,0.40888227124477183,0.4279116159947735,disgust,07,17,17,male,strong,1968
0,0.0,True,1.0,0.4367398930311912,0.40215764226329204,0.4194487676472416,0.8339249829067245,-0.06921296296296303,-0.05587962962962956,0.3647465340293964,0.3032014043205628,0.2326943058542095,0.5029814146893804,0.03458225076789917,0.013333333333333475,0.011350366767127574,0.40165441486830433,0.1209172446934549,0.11030002297788423,0.0,0.9999999987499999,0.5325104231927146,0.29389202304515427,0.4115938769123591,0.4348071917227297,disgust,07,17,17,male,strong,1969
10,0.33366666666666667,True,1.0,0.4685368042753144,0.4445416316260885,0.45653921795070146,0.7981926665400936,-0.07486111111111121,-0.07138888888888889,0.3718538713347879,0.29308636974519053,0.2466171995551811,0.5719661894786017,0.023995172649225904,0.003472222222222321,0.0048524400216960655,0.40700519500341287,0.1228114532961747,0.11045258435353933,0.0,0.9999999987499999,0.5295133365064776,0.29297167529161555,0.41806426015226333,0.44381846642364303,disgust,07,17,17,male,strong,1969
20,0.6673333333333333,True,1.0,0.4821217083790529,0.46508449258703227,0.47360310048304255,0.843085991297385,-0.07861111111111108,-0.0772222222222223,0.3716875555140612,0.28312589259986815,0.24589415406703,0.5617494601638882,0.01703721579202061,0.001388888888888773,0.00012046067430380006,0.38734596389423676,0.12075914291135746,0.11047309417340229,0.0,0.9999999987499999,0.5267312183857918,0.29318227452786255,0.4239773714768516,0.4469976425793162,disgust,07,17,17,male,strong,1969
30,1.0010000000000001,True,1.0,0.5307798143661074,0.4704495440410056,0.5006146792035565,0.9549731257883293,-0.07902777777777781,-0.07912037037037045,0.41637405210270384,0.2302968779688185,0.25277807959979876,0.5242186043615622,0.060330270325101854,9.259259259264407e-05,0.007094098000345733,0.3310624418753531,0.12015875961439393,0.11078239808785444,0.0,0.9999999987499999,0.5230386549698005,0.29395285256980747,0.43750111793817703,0.4564308950015113,disgust,07,17,17,male,strong,1969
40,1.3346666666666667,True,1.0,0.5059624931739962,0.46105104603805563,0.4835067696060259,0.7064644438790969,-0.07620370370370366,-0.07388888888888889,0.35941493128335544,0.21835031809174696,0.2562502977322965,0.684403544715086,0.044911447135940585,0.0023148148148147696,0.0097289662661911,0.43974972959922776,0.12073695860905563,0.11118488093801429,0.0,0.9999999987499999,0.5321820053255677,0.2892446848656952,0.3994496861475874,0.4105359809050985,disgust,07,17,17,male,strong,1969
50,1.6683333333333334,True,1.0,0.43906701025448547,0.396470127752987,0.41776856900373627,0.9659489654456082,-0.07990740740740743,-0.07967592592592604,0.37713773484898677,0.2716127267143165,0.2583478041666926,0.4324954878035536,0.042596882501498456,0.00023148148148138814,0.01748415074727437,0.33063152366662735,0.12025656659679647,0.11101996812922124,0.0,0.9999999987499999,0.5279456464382628,0.2920831425309282,0.41571198261828807,0.4360301684774792,disgust,07,17,17,male,strong,1969
60,2.0020000000000002,True,1.0,0.4550405779885843,0.421746419116838,0.43839349855271115,0.663536776212832,-0.0811574074074074,-0.07740740740740726,0.36500425633113104,0.08763693270735491,0.2638891780026286,0.6606920886207138,0.033294158871746304,0.003750000000000142,0.0023138041363764063,0.4669811320754718,0.11504898977570095,0.1139264932803062,0.0,0.9999999987499999,0.5340407259778912,0.29311546395796834,0.3746879456121168,0.3943877319839366,disgust,07,17,17,male,strong,1969
70,2.3356666666666666,True,1.0,0.5040614931769818,0.4741209546441989,0.48909122391059034,0.8238934332900005,-0.08291666666666658,-0.08180555555555558,0.3586479734833716,0.276766010694531,0.26528036616706424,0.5936340843955193,0.02994053853278289,0.0011111111111110072,0.00010559045783197665,0.3867038143138528,0.12003214884327108,0.11194540708567677,0.0,0.9999999987499999,0.5296669092246273,0.29173353368571187,0.39184584630407043,0.40947462106647864,disgust,07,17,17,male,strong,1969
80,2.6693333333333333,True,1.0,0.5731171480356573,0.5373143554146541,0.5552157517251557,0.7562137637002322,-0.08425925925925931,-0.08268518518518514,0.33585586549249785,0.2955953760945699,0.2583407165128577,0.7342047690436465,0.035802792621003166,0.001574074074074172,0.005239578190181578,0.41969023385403315,0.12173922867174047,0.10956614113582985,0.0,0.9999999987499999,0.5252665607336685,0.2901394096264564,0.41304368023991006,0.4204544378517998,disgust,07,17,17,male,strong,1969
90,3.003,True,1.0,0.4908983251053989,0.46831286298698543,0.4796055940461922,0.7811714527017714,-0.0766203703703704,-0.07759259259259255,0.37622338030006314,0.27274654819269234,0.2514037594456987,0.6139568879372397,0.022585462118413446,0.0009722222222221522,0.016097760940869687,0.3851774257292514,0.12135717655719465,0.10894489934713708,0.0,0.9999999987499999,0.5265928751735068,0.2888064198266969,0.4157219955338362,0.43227612480852184,disgust,07,17,17,male,strong,1969
100,3.336666666666667,True,1.0,0.5492178286309933,0.5114464861515144,0.5303321573912538,0.7928788846928341,-0.07967592592592587,-0.08152777777777775,0.3678533569554436,0.32087601161318374,0.25004394145079784,0.66886906390086,0.03777134247947889,0.0018518518518518823,0.01505250913138164,0.3940748978661283,0.12232250551230384,0.10803640122026227,0.0,0.9999999987499999,0.531738754642482,0.28894365528056637,0.41095445702824784,0.43276082816419614,disgust,07,17,17,male,strong,1969
110,3.6703333333333332,True,1.0,0.4808057404904365,0.47175320002175913,0.47627947025609785,0.7748240206634127,-0.0800925925925926,-0.08351851851851855,0.37333132477318387,0.29363496293546204,0.24655284390002483,0.6146937337439567,0.009052540468677372,0.0034259259259259434,0.013726845365672513,0.4085173569876197,0.12205570078094262,0.10763200945940045,0.0,0.9999999987499999,0.5342847206617022,0.2877054022137338,0.4106446208167059,0.4312652004180018,disgust,07,17,17,male,strong,1969
120,4.0040000000000004,True,1.0,0.4588772992337889,0.40980780471114897,0.43434255197246896,0.786763301679742,-0.08004629629629628,-0.07791666666666675,0.3666944546381405,0.31088560696905126,0.23820245183763988,0.5520625466962508,0.04906949452263992,0.002129629629629537,0.0013012288646993097,0.4185663155255212,0.12037648524734429,0.10933270967542427,0.0,0.9999999987499999,0.5377141900822829,0.2886565499676518,0.4019064481602939,0.430434829316203,disgust,07,17,17,male,strong,1969
0,0.0,True,1.0,0.5820053697910559,0.4578746070134136,0.5199399884022348,0.5920867819773435,-0.07037037037037025,-0.06333333333333335,0.3386913058308739,0.30981285103465644,0.2334278097074876,0.8781482786456302,0.12413076277764229,0.007037037037036897,0.023686890584453155,0.5625000000000004,0.12217231290603763,0.10625178530085423,0.0,0.9999999987499999,0.5483645951740072,0.29252289851732327,0.39654247877914056,0.42629678798803083,disgust,07,17,17,male,strong,1970
10,0.33366666666666667,True,1.0,0.5806628045346904,0.5032144476766117,0.5419386261056511,0.8327572387661991,-0.07152777777777786,-0.06717592592592592,0.33563259179257593,0.32610593357875356,0.24039237658948923,0.6507762417155082,0.07744835685807872,0.00435185185185194,0.030120225916378102,0.3936808043772178,0.1209579543811834,0.10851363476482072,0.0,0.9999999987499999,0.5479936382678072,0.29387989789358826,0.40448486179083365,0.4347728626848022,disgust,07,17,17,male,strong,1970
20,0.6673333333333333,True,1.0,0.5683060109289626,0.48456073503317776,0.5264333729810702,1.0506506520722156,-0.06467592592592586,-0.05898148148148147,0.34616525185111563,0.42976576319211207,0.22581644422318325,0.5010546292840317,0.08374527589578484,0.005694444444444391,0.025786357591926223,0.32244190642223125,0.1196160957478967,0.10981767320633361,0.0,0.9999999987499999,0.5401776323029213,0.2928729944343466,0.4133566111135462,0.4407206346900948,disgust,07,17,17,male,strong,1970
30,1.0010000000000001,True,1.0,0.46565605160069634,0.3886034227748216,0.427129737187759,1.1811480620906862,-0.06259259259259253,-0.05657407407407422,0.34768172162185557,0.4324818236688785,0.21182320498670146,0.361622518714309,0.07705262882587471,0.006018518518518312,0.016384132319329572,0.2768205599950406,0.12022534311448466,0.10862544241829311,0.0,0.9999999987499999,0.527117139801233,0.2921755982172362,0.43418545610191284,0.4514083844209694,disgust,07,17,17,male,strong,1970
40,1.3346666666666667,True,1.0,0.48617483591322513,0.4506891606954708,0.468431998304348,0.8742853740590754,-0.07685185185185195,-0.08120370370370356,0.3335096624261094,0.3238522029809168,0.24249989575003517,0.5357884418557094,0.03548567521775431,0.004351851851851607,0.040965883499707395,0.39252911995463563,0.11776626638764513,0.10990857467930108,0.0,0.9999999987499999,0.5455847863754877,0.2979765708324548,0.4003076359185724,0.42860452934165605,disgust,07,17,17,male,strong,1970
50,1.6683333333333334,True,1.0,0.5080677745386489,0.4485775822438299,0.47832267839123943,0.9922922729917704,-0.07879629629629625,-0.08226851851851869,0.36864062966203887,0.30493241572458796,0.2445243319585049,0.48203809644621354,0.059490192294819055,0.003472222222222432,0.04021499982753141,0.3281283409884915,0.11821296803204069,0.11064000229998724,0.0,0.9999999987499999,0.5458289610844338,0.2975160167916764,0.41381054817186086,0.44842549107027824,disgust,07,17,17,male,strong,1970
60,2.0020000000000002,True,1.0,0.4846726897044716,0.4404894294436361,0.4625810595740538,0.8867408418909946,-0.07245370370370374,-0.07694444444444437,0.35490902338918956,0.2146954601655547,0.25031230493125983,0.5216643214353243,0.044183260260835466,0.004490740740740629,0.02742336343047053,0.35974282687927356,0.11911676295158664,0.10966636997699594,0.0,0.9999999987499999,0.5273609544051996,0.2951498502009602,0.4123574543333,0.4364188758514187,disgust,07,17,17,male,strong,1970
70,2.3356666666666666,True,1.0,0.48947781519045386,0.4374839268798138,0.4634808710351338,0.8137695663681244,-0.08245370370370364,-0.084861111111111,0.3520650262061309,0.22935346152743905,0.26206769740148356,0.5695480516722461,0.05199388831064006,0.002407407407407358,0.042150207340984,0.3655735842098638,0.12275921641549084,0.11154023902471613,0.0,0.9999999987499999,0.5323746691176471,0.2923090602738307,0.4093917187950129,0.41603229763595273,disgust,07,17,17,male,strong,1970
80,2.6693333333333333,True,1.0,0.4965623554924494,0.42691910225635255,0.461740728874401,0.7018120204611539,-0.08097222222222211,-0.0805555555555556,0.3352677749274108,0.21266293672264375,0.2606802051927615,0.6579265036968099,0.06964325323609688,0.00041666666666650976,0.032463431271512015,0.45759534340047187,0.12097920521428994,0.11143533852227881,0.0,0.9999999987499999,0.5263893550154437,0.2910522863780647,0.4116927263566581,0.4205259458461369,disgust,07,17,17,male,strong,1970
90,3.003,True,1.0,0.48371852939188453,0.41552015170334056,0.44961934054761254,0.7824512651989908,-0.0712962962962963,-0.06912037037037033,0.3474423754607522,0.16529348991548098,0.25586107944607095,0.5746291948716661,0.06819837768854398,0.00217592592592597,0.02739563233053404,0.426726704243179,0.1193973356778592,0.1110892957411661,0.0,0.9999999987499999,0.5325875513174021,0.29396720023045864,0.3917665636622254,0.41029133497042186,disgust,07,17,17,male,strong,1970
100,3.336666666666667,True,1.0,0.47065713955022903,0.41552015170334056,0.4430886456267848,0.783757576049954,-0.07374999999999987,-0.07060185185185175,0.35900944186589423,0.15376398755505222,0.25724831881056914,0.5653388996376908,0.055136987846888474,0.003148148148148122,0.02499589976940375,0.42183081666517214,0.1202543651312926,0.11119382513301328,0.0,0.9999999987499999,0.541320523373412,0.29111177732138993,0.38438301009941567,0.410682796039299,disgust,07,17,17,male,strong,1970
110,3.6703333333333332,True,1.0,0.5087798171720237,0.4663350746448444,0.4875574459084341,0.7741738523320302,-0.07546296296296295,-0.07101851851851848,0.36329353695958566,0.19016859514429044,0.2557274576581651,0.6297777229749796,0.04244474252717928,0.004444444444444473,0.019114425451164756,0.41966238049290383,0.12185766184853411,0.11047403774057847,0.0,0.9999999987499999,0.5328077406978416,0.29042172660338933,0.40527318739633383,0.4204495553149427,disgust,07,17,17,male,strong,1970
120,4.0040000000000004,True,1.0,0.48455358478072863,0.41385551955927763,0.4492045521700031,0.7782440649334516,-0.06824074074074071,-0.05282407407407408,0.35615709847507626,0.2203476075828822,0.23685999766843482,0.5772026699727097,0.070698065221451,0.015416666666666634,0.00011603080572366183,0.4338339423447039,0.12230386459271259,0.1099798502992542,0.0,0.9999999987499999,0.536187012828569,0.2900723243273788,0.39584259954228507,0.4148133950896298,disgust,07,17,17,male,strong,1970
130,4.337666666666666,True,1.0,0.5003139752746425,0.455324437326594,0.47781920630061825,0.7753545781844847,-0.07486111111111104,-0.06962962962962954,0.36443842826581574,0.23505859243602184,0.24313589941927485,0.6162589604093727,0.0449895379480485,0.005231481481481504,0.0132316248779695,0.4069046010963743,0.12160510775493587,0.11075197756267464,0.0,0.9999999987499999,0.533880280838898,0.2883449587437878,0.38934274870144636,0.408601762704759,disgust,07,17,17,male,strong,1970
0,0.0,True,1.0,0.4231758055293528,0.3400179443149227,0.3815968749221378,0.8910644532731126,-0.06912037037037033,-0.049861111111111134,0.35663300279062204,0.2452352261085468,0.22937464668692523,0.42824834221636016,0.08315786121443008,0.019259259259259198,0.03531063760303617,0.38540628312025543,0.12022716440996532,0.1108801159976229,0.0,0.9999999987499999,0.5309674652360944,0.2918443138767481,0.4059493206648079,0.4239291337853579,disgust,07,17,17,male,strong,1971
10,0.33366666666666667,True,1.0,0.4776582319533445,0.4722993703138877,0.4749788011336161,0.872585605375227,-0.07180555555555551,-0.05745370370370384,0.3617886443180837,0.2245317460255635,0.2369099187846254,0.5443349033122853,0.005358861639456813,0.014351851851851671,0.039318093491094865,0.38301129993496547,0.12111592269517736,0.11008182594302718,0.0,0.9999999987499999,0.5307763387776986,0.2927693250836168,0.4068309691381832,0.42369573965101354,disgust,07,17,17,male,strong,1971
20,0.6673333333333333,True,1.0,0.4221107323218597,0.36643411901274237,0.39427242566730103,0.8669472513225419,-0.07509259259259249,-0.061157407407407494,0.35385700007993104,0.2691227300137755,0.2300217010203539,0.45478248540015803,0.05567661330911733,0.013935185185184995,0.044804745513656215,0.3964720019077221,0.12164194561559975,0.1105392956619729,0.0,0.9999999987499999,0.5270394537189876,0.2924316553124473,0.40499024011781143,0.42065474117555646,disgust,07,17,17,male,strong,1971
30,1.0010000000000001,True,1.0,0.41828125028705354,0.3448121344838761,0.3815466923854648,0.9981604340619203,-0.06486111111111115,-0.050000000000000044,0.3587599884560734,0.28225066806322796,0.2134004727430924,0.38224986621919715,0.07346911580317744,0.014861111111111103,0.04013306625362782,0.3443537737530906,0.1237767395341583,0.11092646541664118,0.0,0.9999999987499999,0.5135713666247749,0.2676395792308273,0.3928438602653894,0.3941826678940284,disgust,07,17,17,male,strong,1971
40,1.3346666666666667,True,1.0,0.4322074216121964,0.3848725552079685,0.40853998841008243,0.8215837500164561,-0.06824074074074082,-0.0553703703703704,0.35233299943661667,0.22895622895622916,0.2375115642743791,0.4972590906306259,0.047334866404227904,0.01287037037037042,0.03571869466253005,0.4149413749995208,0.12029027928663795,0.11132624011138904,0.0,0.9999999987499999,0.529600752183686,0.2933455948438857,0.4020856108995605,0.41525682340535713,disgust,07,17,17,male,strong,1971
50,1.6683333333333334,True,1.0,0.4201022936662875,0.36466798018520286,0.39238513692574517,0.9178172598379162,-0.07060185185185197,-0.05162037037037026,0.38583051073244706,0.20191979716434189,0.23962186199484534,0.4275198932247572,0.05543431348108463,0.01898148148148171,0.03432019376521513,0.3602468289628345,0.12049082056843745,0.11007552635302138,0.0,0.9999999987499999,0.5377869885141557,0.29676399805700904,0.4115713800112703,0.42959385434367175,disgust,07,17,17,male,strong,1971
60,2.0020000000000002,True,1.0,0.49850507245058123,0.4886120125691235,0.49355854250985237,0.4969269759634913,-0.07500000000000007,-0.06745370370370374,0.3475860240303454,0.13424254957482135,0.2577457687265047,0.9932214719333603,0.009893059881457722,0.007546296296296329,0.009728545933063496,0.6405014313314507,0.11919820704036786,0.11164475235647285,0.0,0.9999999987499999,0.5210768633703482,0.28630912161669825,0.3908208492763493,0.3980789916756531,disgust,07,17,17,male,strong,1971
70,2.3356666666666666,True,1.0,0.530792770294733,0.4845237884424968,0.5076582793686149,0.7772998629649559,-0.07805555555555543,-0.07365740740740745,0.36958765647399133,0.19419713021905693,0.2640287829348816,0.6531048100692928,0.04626898185223627,0.0043981481481479845,0.009054392021003513,0.41985801193102684,0.12377540019887223,0.10779212044448003,0.0,0.7071067807446058,0.5297374054309223,0.2904942197438456,0.41864102302515244,0.4307443107530512,disgust,07,17,17,male,strong,1971
80,2.6693333333333333,True,1.0,0.5923124391314952,0.5391193955278615,0.5657159173296784,0.7825736267066884,-0.08143518518518517,-0.07388888888888906,0.3467974883554088,0.3047250456697971,0.2598071027059114,0.722891620703327,0.05319304360363375,0.007546296296296107,0.014022270266275663,0.41089013560193083,0.11433913426687059,0.11447259211900468,0.0,0.9999999987499999,0.5707324245713912,0.31700082088740617,0.4142687930198076,0.4591716831402315,disgust,07,17,17,male,strong,1971
90,3.003,True,1.0,0.6509234167443233,0.590511753333785,0.6207175850390542,0.8579936769206818,-0.0843518518518519,-0.08263888888888882,0.32331360499814704,0.3197990654480119,0.2562860230967846,0.7234524003332918,0.060411663410538274,0.0017129629629630827,0.00497829288128226,0.36372182311347934,0.12126412489655752,0.11009173944532084,0.0,0.9999999987499999,0.5217926693099114,0.2898946057015026,0.41673028395822487,0.42466488891809895,disgust,07,17,17,male,strong,1971
100,3.336666666666667,True,1.0,0.5219555369807409,0.4853431559396301,0.5036493464601856,0.7475431156945125,-0.08018518518518508,-0.07574074074074066,0.3700368155417729,0.2722984244074798,0.245878019420256,0.673739528712354,0.03661238104111081,0.0044444444444444176,0.007119879318458564,0.43968764252339787,0.12017368829992958,0.10972934062271375,0.0,0.7582457107984467,0.5307146875156312,0.2908472373428222,0.41578918766658624,0.43555030401247086,disgust,07,17,17,male,strong,1971
110,3.6703333333333332,True,1.0,0.5536142446644278,0.5159337867812032,0.5347740157228155,0.7309995558808735,-0.08337962962962969,-0.08064814814814819,0.36870158287510846,0.29473519842429374,0.24238125712194075,0.7315654454514666,0.037680457883224605,0.0027314814814815014,0.006567234808667463,0.44511632327574674,0.11492600517678865,0.11287515944874887,0.0,0.9999999987499999,0.5812359515290492,0.31811261615600944,0.41008628952411336,0.47082233261454215,disgust,07,17,17,male,strong,1971
120,4.0040000000000004,True,1.0,0.3850162165154622,0.34059126845598486,0.36280374248572356,0.7103388464857675,-0.07263888888888897,-0.06388888888888866,0.3707822337076807,0.29168745836214527,0.22222222222222227,0.5107474331167566,0.04442494805947733,0.008750000000000313,0.0053443260322827224,0.4623052292150007,0.12140179955755012,0.11080298679508857,0.0,0.9999999987499999,0.5327714074770533,0.2836307264933232,0.40723059975333903,0.43094488370317413,disgust,07,17,17,male,strong,1971
130,4.337666666666666,True,1.0,0.3702079004956368,0.33501258287491215,0.35261024168527444,0.7289203325026934,-0.06962962962962954,-0.06,0.365809057012953,0.28128289164657677,0.22430589568929535,0.4837431828449806,0.03519531762072464,0.009629629629629544,0.006154966074330955,0.4538589782486329,0.12323526218728988,0.10876014422775195,0.0,0.9999999987499999,0.5326330635222839,0.2876879630049689,0.413770231870996,0.43319923665768356,disgust,07,17,17,male,strong,1971
0,0.0,True,1.0,0.44186255131191826,0.4202991448246371,0.4310808480682777,0.6023046148925175,-0.06805555555555559,-0.06620370370370365,0.3252662256216522,0.3368829418293934,0.18759153039354043,0.7157189857248644,0.021563406487281167,0.0018518518518519378,0.006173638133938714,0.5093025419071748,0.13036697626622448,0.10346990564951569,0.0,0.9116900049905868,0.5565899004523684,0.2889625412141322,0.3911279074356244,0.42606922710112044,surprised,08,17,17,male,normal,1972
10,0.33366666666666667,True,1.0,0.46365358463668155,0.42002236618552996,0.44183797541110575,0.5878085299861925,-0.06986111111111104,-0.06722222222222213,0.32337182088530575,0.3368829418293936,0.19038039609174418,0.751669893972931,0.04363121845115159,0.002638888888888913,0.011785942471147033,0.5075741843879322,0.12626674953524078,0.10594726316076042,0.0,0.9999999987499999,0.5573826952108969,0.28857713180661043,0.3898379414153591,0.4266479732103378,surprised,08,17,17,male,normal,1972
20,0.6673333333333333,True,1.0,0.49694186733681056,0.4623259935481087,0.4796339304424596,1.0573948270289388,-0.06481481481481477,-0.06120370370370376,0.31654803773798373,0.4699532564573058,0.18754922856350437,0.45359965661089147,0.034615873788701845,0.0036111111111110095,0.009915427964714068,0.2893959746451525,0.12356528059594968,0.10873604804760266,0.0,0.9999999987499999,0.5545931710184072,0.29081519069194606,0.3845785066160898,0.41985023701117324,surprised,08,17,17,male,normal,1972
30,1.0010000000000001,True,1.0,0.48617483591322624,0.4767765536691725,0.48147569479119934,0.9103133520279354,-0.05601851851851841,-0.05291666666666667,0.44849397621309117,0.1322677268819855,0.20774505067366342,0.5289120429999186,0.009398282244053757,0.0031018518518517446,0.006708493031050557,0.30730763393967636,0.1237114602129986,0.11065545036853117,0.0,0.9999999987499999,0.5391115961384554,0.2969998388007804,0.4094103478702605,0.43875736590628756,surprised,08,17,17,male,normal,1972
40,1.3346666666666667,True,1.0,0.5798647605189805,0.5661747139724295,0.573019737245705,1.3718385887565423,-0.06277777777777782,-0.06254629629629632,0.34862076595540015,0.4168742888236191,0.20421187750114678,0.4177020109669752,0.013690046546551038,0.00023148148148149916,0.024435615273462167,0.22692050041279874,0.12123968513512036,0.11011865341181179,0.0,0.9999999987499999,0.5455247945897108,0.29195273236503183,0.3861284503103154,0.4143393027548819,surprised,08,17,17,male,normal,1972
50,1.6683333333333334,True,1.0,0.5726410546604729,0.55541852536433,0.5640297900124014,0.44124417406879085,-0.05949074074074068,-0.058796296296296346,0.3697647370472785,0.07555409221119966,0.20770097624356026,1.2782713589425614,0.017222529296142874,0.000694444444444331,0.02977826633569318,0.6100056823876325,0.11597246552137118,0.11247929283926389,0.0,0.9999999987499999,0.5928431801470588,0.3139895547979413,0.3773133373103858,0.4543651895384509,surprised,08,17,17,male,normal,1972
60,2.0020000000000002,True,1.0,0.551490307741479,0.5040181978573223,0.5277542527994006,0.6406369391985727,-0.06106481481481474,-0.060324074074074086,0.35322917142322513,0.163384734268418,0.20278718366247772,0.8237961636424108,0.04747210988415673,0.000740740740740653,0.02162712576257614,0.4365865603115878,0.11520632097606093,0.11122706646031144,0.0,0.9999999987499999,0.5926493712172369,0.3162218250711572,0.3851289855424269,0.4558168432555713,surprised,08,17,17,male,normal,1972
70,2.3356666666666666,True,1.0,0.5473482008149131,0.5218067853961761,0.5345774931055446,0.6509655210681172,-0.06194444444444447,-0.06050925925925921,0.36312799832261317,0.18773458562824882,0.20555889596601926,0.8212070774937499,0.025541415418737,0.0014351851851852615,0.02015746649342175,0.45422063503352783,0.1171089072640088,0.11043635352048424,0.0,0.9999999987499999,0.5937503388855543,0.31239525077493424,0.38963907000215114,0.4589373752706725,surprised,08,17,17,male,normal,1972
80,2.6693333333333333,True,1.0,0.5891826110659395,0.5823964124849688,0.5857895117754541,0.6606118084224908,-0.06250000000000006,-0.06180555555555556,0.3597640999903063,0.2095069187423582,0.20278718366247772,0.8867378758703864,0.006786198580970737,0.0006944444444444975,0.01989335557681435,0.43246464744961954,0.12665372269904052,0.10530358582912919,0.0,0.9999999987499999,0.5445801933038841,0.28536671621085247,0.39502944460901435,0.4142056440354882,surprised,08,17,17,male,normal,1972
90,3.003,True,1.0,0.5438716520245134,0.49648878201256297,0.5201802170185381,0.655979500140436,-0.06092592592592588,-0.06083333333333335,0.36137885486450355,0.21434200157604436,0.20000610342249553,0.7929824284252401,0.047382870011950406,9.259259259253305e-05,0.02179113898222362,0.4540878798221,0.1309701310363873,0.10270537791298462,0.0,0.9999999987499999,0.542612888514781,0.28605481398385374,0.4014757065043279,0.41977327803064735,surprised,08,17,17,male,normal,1972
100,3.336666666666667,True,1.0,0.49669743342684136,0.471022170645197,0.4838598020360192,0.6701843153209782,-0.06231481481481488,-0.06171296296296297,0.35607812887887313,0.23830550833572067,0.19791705215148858,0.7219801940668804,0.025675262781644337,0.0006018518518519089,0.015917305960582637,0.4216530312633788,0.12805136546133247,0.10359950996777458,0.0,0.9999999987499999,0.5462525085815576,0.2859005334382768,0.3981108791036739,0.4198604444739589,surprised,08,17,17,male,normal,1972
0,0.0,True,1.0,0.6060302512796361,0.5571227661692696,0.5815765087244529,0.7231314316627087,-0.06287037037037035,-0.057453703703703674,0.3080460070967626,0.32388038209477815,0.2020848434758867,0.8042473100460091,0.048907485110366467,0.005416666666666681,0.009239029258996853,0.43356398054605844,0.11896449402045621,0.11257276865596992,0.0,0.9999999987499999,0.6031212856236245,0.31558928611948084,0.37715226894356463,0.4554948565070181,surprised,08,17,17,male,normal,1973
10,0.33366666666666667,True,1.0,0.6194895246768863,0.6137167651777984,0.6166031449273424,0.6938849867384518,-0.06356481481481485,-0.056805555555555554,0.320342522369946,0.28181338413147067,0.20694776243640664,0.888624421499064,0.005772759499087954,0.006759259259259298,0.005397011938270038,0.44519024163551046,0.11638643042464832,0.11272896114121855,0.0,0.9999999987499999,0.5998449878467013,0.31628221674465884,0.3760036970415243,0.44864228954026103,surprised,08,17,17,male,normal,1973
20,0.6673333333333333,True,1.0,0.6018124052151396,0.6059376603713733,0.6038750327932565,1.005391153301844,-0.06259259259259264,-0.05777777777777782,0.3219197447885302,0.3715452542723902,0.2020833333333334,0.6006369071480757,0.0041252551562337425,0.004814814814814827,0.004745983218341955,0.32607612152817356,0.12180325883934578,0.10827011399493827,0.0,0.9999999987499999,0.5515389088994973,0.29433307347555254,0.3890201453158262,0.4114517643922962,surprised,08,17,17,male,normal,1973
30,1.0010000000000001,True,1.0,0.471209559434903,0.4302665930480604,0.4507380762414817,0.8608962612822546,-0.06194444444444458,-0.0568981481481482,0.43415651654802323,0.17752036476784228,0.2111924087413147,0.5235683978579878,0.04094296638684258,0.005046296296296382,0.006454660402605,0.3376562910499892,0.12033937671575881,0.11093020123037999,0.0,0.9999999987499999,0.5372867902004552,0.2901064133049834,0.4021887609891743,0.4331856787447267,surprised,08,17,17,male,normal,1973
40,1.3346666666666667,True,1.0,0.5638187082142522,0.5142747367146554,0.5390467224644537,1.23469423158167,-0.07828703703703699,-0.08074074074074078,0.3195437114870931,0.41627025058333894,0.23056382824458074,0.4365831706963782,0.04954397149959677,0.002453703703703791,0.011820290431629093,0.2592430122977605,0.11222773094616448,0.11339476784669869,0.0,0.9999999987499999,0.5901796183238921,0.31749823749620126,0.3910953412899741,0.4586351394862038,surprised,08,17,17,male,normal,1973
50,1.6683333333333334,True,1.0,0.5608949158832297,0.5388326553074936,0.5498637855953616,0.4593060212092487,-0.06504629629629632,-0.06351851851851847,0.36203869564259206,0.07651365246969269,0.21528344806600505,1.1971621537808168,0.022062260575736126,0.00152777777777785,0.002674757649730368,0.5649610336894679,0.12274712647899316,0.10983238867825927,0.0,0.9999999987499999,0.5462685358596563,0.2836503946659088,0.37216714825836855,0.4055082775162662,surprised,08,17,17,male,normal,1973
60,2.0020000000000002,True,1.0,0.6023254340253481,0.5532112602432342,0.5777683471342911,0.7915155359673733,-0.06240740740740741,-0.05671296296296302,0.3307219720958359,0.2360200715430031,0.2128447484973276,0.7299519982613545,0.04911417378211391,0.005694444444444391,0.008382625952662863,0.37533706054298854,0.12123532993796146,0.11046891757670589,0.0,0.9999999987499999,0.5491229221923144,0.2863038035723239,0.3760772122542269,0.4132972664634047,surprised,08,17,17,male,normal,1973
70,2.3356666666666666,True,1.0,0.5992333031684812,0.5852278653037362,0.5922305842361086,0.8529430961275033,-0.06129629629629624,-0.05532407407407408,0.33985587650173976,0.20650038608060522,0.21587269824847907,0.694337742957214,0.014005437864745063,0.005972222222222157,0.02026739220280078,0.35282603013010516,0.1234211770768661,0.10942317672935382,0.0,0.9999999987499999,0.5560868670593238,0.288071595616116,0.3759702572491215,0.4133120607559894,surprised,08,17,17,male,normal,1973
80,2.6693333333333333,True,1.0,0.543894865951643,0.49542879414269136,0.5196618300471672,0.6863751055987795,-0.06393518518518515,-0.058379629629629615,0.3532362381233455,0.22642934111045762,0.21088605339699704,0.7571105446690478,0.04846607180895168,0.005555555555555536,0.009746917729001338,0.43079668716765407,0.11861358627963939,0.11175539627875537,0.0,0.9999999987499999,0.5922372333933574,0.3132017044622665,0.38601029116763186,0.4566068792805222,surprised,08,17,17,male,normal,1973
90,3.003,True,1.0,0.5974505091728068,0.5253975276259156,0.5614240183993613,0.6903578117349783,-0.06374999999999992,-0.059583333333333266,0.3476291034938508,0.2471390350258057,0.2054561156808894,0.8132362795872679,0.07205298154689121,0.004166666666666652,0.01898123961307915,0.4381910718320255,0.12121700942362099,0.1066280298826148,0.0,0.9999999987499999,0.5661356932460484,0.28575142443429813,0.3668230213298798,0.40830354123979246,surprised,08,17,17,male,normal,1973
100,3.336666666666667,True,1.0,0.5884732413277158,0.5241785394964052,0.5563258904120605,0.6748218281686286,-0.06365740740740744,-0.056574074074074,0.3457938081529116,0.2711035455947902,0.20044049391667973,0.8244041125964325,0.06429470183131059,0.007083333333333441,0.019677486902367706,0.45870608823214215,0.11658580833527771,0.10995367183076858,0.0,0.9999999987499999,0.6014765046643658,0.31233630803878865,0.38420885123496495,0.45904906706384496,surprised,08,17,17,male,normal,1973
0,0.0,True,1.0,0.5957274725268148,0.5628510717228004,0.5792892721248075,0.5746159850528186,-0.06254629629629627,-0.04800925925925925,0.3280023243938722,0.08889677948577852,0.2349093702472047,1.0081328873431172,0.03287640080401444,0.014537037037037015,0.023367142034628693,0.5402614353675159,0.12314490666164896,0.10886243972056905,0.0,0.9999999987499999,0.5552161125387655,0.28767086046123597,0.3789425073038171,0.41443275243229816,surprised,08,17,17,male,normal,1974
10,0.33366666666666667,True,1.0,0.6046516365940423,0.5586413263119862,0.5816464814530142,0.6212258617547091,-0.06050925925925921,-0.047361111111111076,0.32802684516254177,0.11043152607484723,0.2349252839448723,0.9362882604566731,0.046010310282056155,0.013148148148148131,0.01710251229872916,0.5019322102144669,0.12027882319133865,0.10996115741335495,0.0,0.9999999987499999,0.5564632491824855,0.28784556701704905,0.3743496241397919,0.4142476645065156,surprised,08,17,17,male,normal,1974
20,0.6673333333333333,True,1.0,0.26403094741047356,0.24801669688205735,0.25602382214626546,1.0482941721314418,-0.09379629629629627,-0.09620370370370368,0.3289711844460235,0.3213323124333114,0.23108441060039261,0.24422898548191446,0.016014250528416207,0.0024074074074074137,0.011481821126076118,0.2950896133517456,0.11904566878179373,0.11129501422962329,0.0,0.9999999987499999,0.5662030790988271,0.286185551249339,0.36534322754345866,0.40241504035647857,surprised,08,17,17,male,normal,1974
30,1.0010000000000001,True,1.0,0.5075686864080095,0.42682647974164495,0.46719758307482717,0.9803300340095727,-0.05296296296296288,-0.04157407407407404,0.3547795052125205,0.2544282494270369,0.19807080072715016,0.4765717328520255,0.0807422066663645,0.011388888888888837,0.01940851148786013,0.311530591963966,0.1138679600848301,0.11225790162562262,0.0,0.9999999987499999,0.579835785032763,0.2914734854336178,0.3431752937264069,0.40493798072538706,surprised,08,17,17,male,normal,1974
40,1.3346666666666667,True,1.0,0.46050148452411105,0.41404528555542136,0.4372733850397662,0.6599684870918286,-0.056574074074074054,-0.05037037037037034,0.354983954727035,0.1382787240790294,0.20943158511331295,0.6625670673559351,0.04645619896868969,0.006203703703703711,0.008750363949499794,0.441828164839272,0.11944987300350941,0.11034431315059479,0.0,0.9999999987499999,0.5746372752929297,0.29075235407869604,0.3544931897534598,0.40686495536374695,surprised,08,17,17,male,normal,1974
50,1.6683333333333334,True,1.0,0.6063001612342729,0.5272890672366323,0.5667946142354525,0.8262353081534247,-0.06342592592592589,-0.05657407407407411,0.36871452601965987,0.16253095366624434,0.20780699299564157,0.6859966024717545,0.07901109399764061,0.006851851851851776,0.016676760222405135,0.3290556357472097,0.11089391632858532,0.11218028826919484,0.0,0.9999999987499999,0.6083948255552221,0.3167149130372258,0.3610167328817098,0.44288058674565717,surprised,08,17,17,male,normal,1974
60,2.0020000000000002,True,1.0,0.6264503993647594,0.5606312360474538,0.5935408177061066,0.9251625783443727,-0.06129629629629624,-0.05296296296296299,0.3092452200582325,0.3204929224291759,0.20771298427852464,0.641552989279224,0.06581916331730564,0.008333333333333248,0.01924930552723436,0.3119189785367718,0.11124074190124737,0.11234628137357826,0.0,0.9999999987499999,0.5980067945459433,0.3169777903119445,0.3670904495095615,0.44805843405431967,surprised,08,17,17,male,normal,1974
70,2.3356666666666666,True,1.0,0.5818809119106809,0.518567467222055,0.550224189566368,0.8486948602451468,-0.057129629629629586,-0.051157407407407374,0.34291440137731255,0.26915885852170307,0.20436122674906915,0.6483180414306208,0.06331344468862588,0.005972222222222212,0.010674114871575003,0.37420319735758895,0.10977451627368738,0.11106791622110351,0.0,0.9999999987499999,0.6053127037455607,0.31465863445614417,0.35885697427005325,0.4378860659672435,surprised,08,17,17,male,normal,1974
80,2.6693333333333333,True,1.0,0.6118313008292957,0.5485660580418961,0.5801986794355959,0.6987693958270486,-0.05782407407407403,-0.05111111111111111,0.34873261450502246,0.25015027172106225,0.20072489635400065,0.8303149549772212,0.06326524278739964,0.006712962962962921,0.011365947145220523,0.42851437137906667,0.12556684133238724,0.10695413462994953,0.0,0.9999999987499999,0.560329388130252,0.2909739454116336,0.38235870975427505,0.42378804710008544,surprised,08,17,17,male,normal,1974
90,3.003,True,1.0,0.5772512114743876,0.5386818070858933,0.5579665092801405,0.6792335152360212,-0.06259259259259253,-0.05638888888888893,0.3479295252148086,0.25931292065517597,0.20326384143794757,0.8214649259264796,0.03856940438849432,0.0062037037037036,0.014110576324176925,0.4365756808970683,0.12556313780989056,0.10461723405922507,0.0,0.9999999987499999,0.5586714629132903,0.2890074569247621,0.38495764425902945,0.4234630736137542,surprised,08,17,17,male,normal,1974
0,0.0,True,1.0,0.7017263384265154,0.6734858898895542,0.6876061141580347,0.7647573122966401,-0.06685185185185183,-0.05888888888888899,0.32068822988866014,0.3030170482684803,0.21880893458338402,0.8991167565212121,0.028240448536961282,0.007962962962962838,0.02162383324337525,0.43677468738067937,0.11740234444131745,0.11046982282264946,0.0,0.9999999987499999,0.5906619536095689,0.31754988103930665,0.3793793955872349,0.44994812147851454,surprised,08,17,17,male,normal,1975
10,0.33366666666666667,True,1.0,0.7001406104565315,0.642588794200313,0.6713647023284223,0.8342709827835786,-0.06328703703703709,-0.05444444444444452,0.31616926697826775,0.30734802836477143,0.21260373444601258,0.804732174776578,0.057551816256218524,0.008842592592592569,0.019809596793202794,0.40799422951468756,0.11638907132570639,0.11238770416672582,0.0,0.9999999987499999,0.5884341261817227,0.317690572503902,0.38078979004758007,0.4480355947156616,surprised,08,17,17,male,normal,1975
20,0.6673333333333333,True,1.0,0.6265655174017115,0.6145641808360341,0.6205648491188729,0.8791309978945201,-0.06435185185185183,-0.05541666666666667,0.3440886457057725,0.2907459398033512,0.21190962994774004,0.7058843910692472,0.012001336565677367,0.008935185185185157,0.017442317289215407,0.3799260193177264,0.11657141322667887,0.11219856322697479,0.0,0.9999999987499999,0.5856614829681873,0.31895913489650823,0.38518678470819284,0.4530696486724555,surprised,08,17,17,male,normal,1975
30,1.0010000000000001,True,1.0,0.6361203377689827,0.5969919456675958,0.6165561417182892,0.8678159165925974,-0.06731481481481483,-0.05777777777777793,0.3652509678870928,0.22321282176740023,0.22112369282174793,0.7104688101817059,0.039128392101386855,0.0095370370370369,0.02525288061330271,0.3567172290901263,0.11602731925278904,0.11559775199807053,0.0,0.9999999987499999,0.5862255420136804,0.3196005059673133,0.3830555059548077,0.45375029992771865,surprised,08,17,17,male,normal,1975
40,1.3346666666666667,True,1.0,0.5928472763479937,0.5513890117789059,0.5721181440634497,0.6214620513529374,-0.06324074074074071,-0.05689814814814814,0.36607373195954834,0.1395026974775474,0.2147255040760049,0.9206002889765114,0.041458264569087855,0.006342592592592566,0.015671785272427283,0.4476745850957109,0.12267720815739386,0.11008368274921315,0.0,0.9999999987499999,0.5364076079337985,0.2869325162188181,0.37304330511488765,0.4023860424931972,surprised,08,17,17,male,normal,1975
50,1.6683333333333334,True,1.0,0.5316165427079755,0.4966974334268409,0.5141569880674082,0.7767226812930517,-0.06115740740740738,-0.05481481481481476,0.3870104574485153,0.1492803374723502,0.21270670094052047,0.6619569641142237,0.03491910928113462,0.006342592592592622,0.017028228538261594,0.3833266469637658,0.12574806110702308,0.10886179796100293,0.0,0.9999999987499999,0.5332705573635705,0.28285466549723454,0.38948187113942967,0.41135882440111005,surprised,08,17,17,male,normal,1975
60,2.0020000000000002,True,1.0,0.6244916558011114,0.5951323815674396,0.6098120186842755,0.8287389208238862,-0.06495370370370374,-0.060092592592592586,0.3196377507529847,0.25700152877075433,0.2127812936003774,0.7358312773316285,0.029359274233671795,0.004861111111111149,0.018633547551380313,0.3239522221005393,0.11533772143199442,0.11074727457741328,0.0,0.9999999987499999,0.5844077107952556,0.31540858636462055,0.3921936594061721,0.45392949092255097,surprised,08,17,17,male,normal,1975
70,2.3356666666666666,True,1.0,0.5672658367898163,0.5394537270501981,0.5533597819200072,0.7259721689999105,-0.06648148148148136,-0.061157407407407494,0.373148163392073,0.18443513006517506,0.21423140235038862,0.7622327763367407,0.02781210973961823,0.00532407407407387,0.01117132973687306,0.38705407107561873,0.12419701787653661,0.10871717092890992,0.0,0.9999999987499999,0.5374416424304097,0.282150557879162,0.3840666818513214,0.4083564876663181,surprised,08,17,17,male,normal,1975
80,2.6693333333333333,True,1.0,0.3694619126873379,0.34941734690328835,0.35943962979531313,0.6660548677696496,-0.06884259259259262,-0.0656944444444445,0.36340603112296765,0.19469097102608343,0.20786840936191564,0.5396546849044617,0.02004456578404956,0.003148148148148122,0.01208669350397005,0.4414142979913674,0.12397543353390372,0.10844400648053826,0.0,0.9999999987499999,0.5399556867981568,0.284317855475942,0.3779776537278425,0.4093367801367456,surprised,08,17,17,male,normal,1975
90,3.003,True,1.0,0.5423082875265591,0.4822945503120847,0.5123014189193219,0.6602409238076578,-0.06634259259259256,-0.06027777777777771,0.35510893852141695,0.22642934111045754,0.20653980586378506,0.7759310282750153,0.06001373721447445,0.006064814814814856,0.007474804574260712,0.4557663283535684,0.12336242657052256,0.1072034465369875,0.0,0.9999999987499999,0.544516356941214,0.2855053133604973,0.37143798871206024,0.40822596464174743,surprised,08,17,17,male,normal,1975
100,3.336666666666667,True,1.0,0.5318550053767009,0.513443887338908,0.5226494463578044,0.6811972394276926,-0.06652777777777774,-0.06361111111111112,0.3590009161982877,0.25050223039403435,0.20305187448718487,0.767251268952452,0.01841111803779294,0.002916666666666623,0.013742967129473024,0.4280683380960845,0.1253090560041613,0.10707826620162092,0.0,0.9999999987499999,0.5500205119938599,0.2897453885887382,0.3914941110739847,0.41603986281356314,surprised,08,17,17,male,normal,1975
0,0.0,False,0.0,,,,,,,,,,,,,,,,,,,,,,,surprised,08,17,17,male,strong,1976
10,0.33366666666666667,False,0.0,,,,,,,,,,,,,,,,,,,,,,,surprised,08,17,17,male,strong,1976
20,0.6673333333333333,True,1.0,0.7406182808723685,0.684112188893403,0.7123652348828857,1.3024179995411314,-0.09046296296296297,-0.08069444444444446,0.3001509270269633,0.48100664755780365,0.2604459618939028,0.5469559197844829,0.0565060919789655,0.00976851851851851,0.0033701281731326675,0.24928977272727215,0.1178624809440207,0.1132223600861471,0.0,0.9999999987499999,0.5705975365771309,0.30350697812194116,0.40530767377096494,0.4413594112610838,surprised,08,17,17,male,strong,1976
30,1.0010000000000001,True,1.0,0.5714229492732257,0.5185464518209686,0.5449847005470971,0.7835089773648417,-0.07388888888888884,-0.07078703703703682,0.44025976339268086,0.16070307595731265,0.22917199330930707,0.6955691846442297,0.05287649745225709,0.003101851851852022,0.007551602594666745,0.36775021288131127,0.12505405186490498,0.10773024931236869,0.0,0.9999999987499999,0.539972523861107,0.27417581497318366,0.421838588909999,0.432638268231282,surprised,08,17,17,male,strong,1976
40,1.3346666666666667,True,1.0,0.6843267010287594,0.6634783405319133,0.6739025207803364,1.3854352358075166,-0.06893518518518515,-0.06361111111111128,0.2958265939835244,0.6174222246533501,0.22226376039325066,0.4864193600414275,0.02084836049684602,0.00532407407407387,3.964487441474061e-05,0.23233695652173897,0.12372319759267142,0.10943032865378638,0.0,0.9999999987499999,0.539882214495173,0.2783492629976697,0.38618869485552704,0.4013046346345763,surprised,08,17,17,male,strong,1976
50,1.6683333333333334,True,1.0,0.6426130397104103,0.6218355573325671,0.6322242985214888,0.9313163163189538,-0.06773148148148173,-0.06356481481481485,0.37205770411430206,0.20559334845049054,0.218839267500145,0.6788502332058004,0.02077748237784316,0.004166666666666874,0.000561992737339724,0.29976242359315075,0.12650916487921585,0.10709051027748562,0.0,0.9999999987499999,0.5352823203734619,0.2805724188136961,0.39760572745023687,0.40477434857119515,surprised,08,17,17,male,strong,1976
60,2.0020000000000002,True,1.0,0.6314063538315916,0.5952711513833804,0.613338752607486,1.057933410219511,-0.06773148148148161,-0.06407407407407423,0.2764352175113519,0.4068822302417708,0.21805870448037068,0.5797517562851372,0.03613520244821122,0.003657407407407387,0.010058685567689806,0.2773397134527497,0.12643594844156625,0.10574528618866938,0.0,0.9999999987499999,0.5237024031643909,0.27548265535809424,0.39629790487210803,0.40280254121315817,surprised,08,17,17,male,strong,1976
70,2.3356666666666666,True,1.0,0.6406090312663792,0.5828863231679802,0.6117476772171797,0.7860984331436494,-0.06828703703703703,-0.0665277777777778,0.33276009378035104,0.28456832048544184,0.2194531359876101,0.7782074755839015,0.05772270809839908,0.0017592592592592382,0.012719486189543727,0.3781616281506222,0.12551509633084054,0.10665819825486718,0.0,0.9999999987499999,0.5344717720291242,0.28098583164667407,0.39234762787974453,0.4089785322566295,surprised,08,17,17,male,strong,1976
80,2.6693333333333333,True,1.0,0.6137167651777972,0.5572979231256044,0.5855073441517008,0.7539811611125892,-0.06745370370370368,-0.06578703703703703,0.34154264220287,0.3041787728011356,0.21459613255719906,0.7765543416067782,0.05641884205219272,0.0016666666666666496,0.017749440431856032,0.3950495764235636,0.12752173073252604,0.10588273882387857,0.0,0.9999999987499999,0.5361159015481193,0.2777316758340862,0.39804675926718,0.40961380634654054,surprised,08,17,17,male,strong,1976
90,3.003,True,1.0,0.5704754584023257,0.5201604199293682,0.5453179391658469,0.767644529788678,-0.06546296296296295,-0.06421296296296292,0.3358945766607831,0.32993640817168834,0.20771089380572907,0.710378199810745,0.050315038472957485,0.0012500000000000289,0.008088213533936624,0.3947176226404609,0.1265967822411622,0.1051910711067818,0.0,0.9999999987499999,0.5396707165053521,0.2799956917060288,0.39529333489174834,0.4131725834469201,surprised,08,17,17,male,strong,1976
100,3.336666666666667,True,1.0,0.5540378728021309,0.5199645996890421,0.5370012362455865,0.7542468011387048,-0.0676388888888888,-0.06495370370370374,0.33754008908012423,0.32323232323232326,0.20568950057858734,0.711970187258153,0.03407327311308883,0.0026851851851850683,0.0019276558003968965,0.40216205638419666,0.11944892750142883,0.11137646523789531,0.0,0.9999999987499999,0.584890500223527,0.31145727604686113,0.40531715434139287,0.46387733368723477,surprised,08,17,17,male,strong,1976
0,0.0,True,1.0,0.6323088343441401,0.6152687570488514,0.6237887956964958,0.4881099226334453,-0.06666666666666665,-0.0591666666666667,0.35960270479577894,0.13767202946071508,0.22708870884310334,1.2779678649658202,0.01704007729528867,0.007499999999999951,0.002549227826390321,0.6057692307692311,0.12748302603513362,0.10574932773146047,0.0,0.9999999987499999,0.5420137916103943,0.2834773262692728,0.39428950416247094,0.41342038535883774,surprised,08,17,17,male,strong,1977
10,0.33366666666666667,True,1.0,0.6370865482602944,0.6408911158689297,0.638988832064612,0.695049586755738,-0.0657407407407406,-0.059259259259259234,0.3350122922081827,0.1938005656270616,0.22361247586820418,0.9193427983278155,0.0038045676086352342,0.006481481481481366,0.004243650744519145,0.41148321501412727,0.12398977454040105,0.10701268565372585,0.0,0.9999999987499999,0.5429128775181948,0.2822697010529652,0.38736106785645064,0.41058993121204157,surprised,08,17,17,male,strong,1977
20,0.6673333333333333,True,1.0,0.6314513811804392,0.604672772824,0.6180620770022196,1.2270247880364102,-0.07092592592592595,-0.06699074074074085,0.31645332597583603,0.4513194622662664,0.2180643024566552,0.5037078981845959,0.026778608356439193,0.003935185185185097,0.012386199084417647,0.25887599148402723,0.11991418669341913,0.11001286916925487,0.0,0.9999999987499999,0.584706490377401,0.3112096309045921,0.40671250958000504,0.4603037065856894,surprised,08,17,17,male,strong,1977
30,1.0010000000000001,True,1.0,0.5704590924497519,0.5281021306613493,0.5492806115555506,0.8150855354890704,-0.07087962962962963,-0.06694444444444442,0.4652105341447049,0.10802090359315275,0.21182320498670149,0.6738932144415609,0.04235696178840265,0.003935185185185208,0.007364184837194726,0.3322891718959586,0.12351398254582888,0.10738422253455748,0.0,0.9999999987499999,0.5419926970710159,0.2874984078542452,0.4309939407815497,0.44760802695356366,surprised,08,17,17,male,strong,1977
40,1.3346666666666667,True,1.0,0.5833917605866965,0.5533037607202066,0.5683477606534515,0.9086143879071672,-0.06694444444444436,-0.06347222222222221,0.34005010146611575,0.32068743102605896,0.20975859763759308,0.6255104125772653,0.030087999866489912,0.0034722222222221544,0.009254046009126977,0.3556985294117645,0.12325250745436163,0.10786101467806224,0.0,0.9999999987499999,0.536970493634954,0.2809342433306458,0.3772650120093156,0.3986754356781819,surprised,08,17,17,male,strong,1977
50,1.6683333333333334,True,1.0,0.589900230918476,0.5445447949853691,0.5672225129519226,0.3894289986100588,-0.06833333333333341,-0.06305555555555559,0.3731928347052072,0.06081071277499326,0.2133103598481278,1.456549242548553,0.04535543593310687,0.005277777777777826,0.013020574535793035,0.6331924550461183,0.11837141907539091,0.11081484991197593,0.0,0.9999999987499999,0.5887436150006877,0.31079722275341476,0.39778707175131417,0.4590082122100811,surprised,08,17,17,male,strong,1977
60,2.0020000000000002,True,1.0,0.5978403573692623,0.551123196368466,0.5744817768688641,0.7882385056755471,-0.0706018518518518,-0.06217592592592591,0.3645038486759042,0.19699116137416497,0.2162295940519488,0.7288171952174727,0.04671716100079637,0.008425925925925892,0.026147968407358106,0.36901237331365205,0.11594794632571771,0.11114155946045261,0.0,0.9999999987499999,0.5863109797121975,0.31272993597560234,0.39717589185088165,0.45492143028857385,surprised,08,17,17,male,strong,1977
70,2.3356666666666666,True,1.0,0.617512842737938,0.6043612908473445,0.6109370667926413,0.815711033790475,-0.06527777777777782,-0.058657407407407436,0.3399809288037933,0.2367316625683539,0.21908491381857087,0.7489626123527068,0.013151551890593582,0.0066203703703703876,0.02628105684096693,0.35699163309224846,0.127786534371995,0.10574332967574428,0.0,0.9999999987499999,0.5365673832501752,0.28077678324698047,0.38390178106083944,0.4045196975366051,surprised,08,17,17,male,strong,1977
80,2.6693333333333333,True,1.0,0.6353400672286236,0.6021679264395908,0.6187539968341071,0.7370927372961856,-0.06699074074074074,-0.06180555555555556,0.33827536089868776,0.28933869869465456,0.21091246154122023,0.839452033001749,0.033172140789032745,0.005185185185185182,0.029559334631540934,0.4176418405835177,0.12620711264625792,0.10691304440731396,0.0,0.9999999987499999,0.5457639775675895,0.2825574569782166,0.3782186502924946,0.4062820445353679,surprised,08,17,17,male,strong,1977
90,3.003,True,1.0,0.6091401427074512,0.5686803501165991,0.5889102464120252,0.7780254448710888,-0.06717592592592592,-0.06060185185185185,0.33366651547633275,0.31510110774263733,0.21011801138102792,0.756929288488247,0.040459792590852084,0.0065740740740740655,0.02513605934575587,0.38159159339419374,0.12564027210307557,0.10561256057018917,0.0,0.9999999987499999,0.5457421439982243,0.28244119970071874,0.3780920477127112,0.4052863616217035,surprised,08,17,17,male,strong,1977
100,3.336666666666667,True,1.0,0.5951795242296275,0.5370125237434447,0.566096023986536,0.5412556183877526,-0.06694444444444442,-0.061851851851851825,0.35017649989887095,0.19302878997648143,0.2107648229045866,1.0458940374102277,0.05816700048618284,0.005092592592592593,0.021914901903957517,0.5170216911079609,0.12486018590413055,0.10760134100061697,0.0,0.9999999987499999,0.5461035713347839,0.2816670771537757,0.37577600431610675,0.4049663942348059,surprised,08,17,17,male,strong,1977
0,0.0,True,1.0,0.5922320057723015,0.6094975629838096,0.6008647843780556,0.6114699841117253,-0.06416666666666676,-0.057638888888888795,0.329243044418324,0.20603477006872256,0.21666983577660293,0.9826562218764087,0.01726555721150813,0.0065277777777779655,0.007879866394604775,0.5364282443351711,0.11759364487498983,0.1129968587171057,0.0,0.9999999987499999,0.593208161342662,0.3191688529432507,0.3789855967738913,0.45459959313752235,surprised,08,17,17,male,strong,1978
10,0.33366666666666667,True,1.0,0.608539798521494,0.5820977855321074,0.5953187920268007,0.6121446037054864,-0.06458333333333338,-0.058379629629629615,0.3282131138526834,0.21324708311627535,0.21737830947474363,0.972513338226239,0.026442012989386532,0.006203703703703767,0.005867647719021392,0.5230567883537239,0.11588765110650769,0.11256667534171413,0.0,0.9999999987499999,0.590906116188663,0.31955438344082304,0.37950494646688493,0.4566446440795157,surprised,08,17,17,male,strong,1978
20,0.6673333333333333,True,1.0,0.5676911593889956,0.5523765165355693,0.5600338379622825,1.7623294856416476,-0.08129629629629637,-0.07861111111111113,0.30128269529351653,0.6972361303921945,0.2208751327014355,0.3177804391999827,0.015314642853426319,0.002685185185185235,0.0022742615379149566,0.18606395821312474,0.11331261804006654,0.11565364893520516,0.0,0.9999999987499999,0.5954266665572479,0.31548336059466525,0.3838687292016131,0.4551578170129182,surprised,08,17,17,male,strong,1978
30,1.0010000000000001,True,1.0,0.6336881808515673,0.5874328241438406,0.6105605024977039,1.3938696114870868,-0.08129629629629631,-0.0788425925925928,0.32085462403140236,0.5119999999999996,0.22376152545089448,0.4380327237684099,0.046255356707726736,0.0024537037037035136,0.010029958551958939,0.22383729254785503,0.11579472494033075,0.11215379579183116,0.0,0.9999999987499999,0.588605411891319,0.31423608726747787,0.4011447925593151,0.46352390219316075,surprised,08,17,17,male,strong,1978
40,1.3346666666666667,True,1.0,0.4960543848325773,0.4496642682268052,0.47285932652969126,0.8773318315690131,-0.10046296296296292,-0.10277777777777786,0.34562492710515763,0.34556537207695126,0.24104344869360522,0.538974319082933,0.04639011660577208,0.002314814814814936,0.002153547680448917,0.3269903737642017,0.12445080706936344,0.10754440658004207,0.0,0.8468862228882457,0.5550962653733368,0.28503481110253326,0.3945048245312113,0.4170942192477673,surprised,08,17,17,male,strong,1978
50,1.6683333333333334,True,1.0,0.5387381596077023,0.5034375419753921,0.5210878507915473,0.6357233300989339,-0.07476851851851851,-0.07231481481481489,0.3902725600509794,0.22363190499618632,0.21185741908285285,0.8196770924081919,0.03530061763231018,0.0024537037037036247,0.0027523942989227815,0.43740508731854955,0.12245257935658167,0.11102205280134653,0.0,0.9999999987499999,0.5473746275463309,0.2822495702472073,0.3805752529178962,0.41305865610045817,surprised,08,17,17,male,strong,1978
60,2.0020000000000002,True,1.0,0.6205159468757395,0.5864343398897358,0.6034751433827377,1.5040845001762655,-0.06587962962962951,-0.05898148148148147,0.2669618294073713,0.6067489656441984,0.200320559144626,0.4012242286334416,0.03408160698600371,0.006898148148148042,0.014598321224580626,0.20454127598934338,0.11492704134687425,0.11117339600121794,0.0,0.9999999987499999,0.5843838974339736,0.3142848896864065,0.38768318700987486,0.4566958387098289,surprised,08,17,17,male,strong,1978
70,2.3356666666666666,True,1.0,0.6136471764806256,0.586852144354038,0.6002496604173317,0.8316384522459307,-0.06925925925925924,-0.06490740740740741,0.3402889084065519,0.3016925499663548,0.2038558196766759,0.7217675647347617,0.026795032126587626,0.004351851851851829,0.01340769156340671,0.3551665251165818,0.12892592505848668,0.10471563341057805,0.0,0.9999999987499999,0.5445385444177672,0.2856481785599884,0.38999894038708094,0.41293127473668073,surprised,08,17,17,male,strong,1978
80,2.6693333333333333,True,1.0,0.5839183135978809,0.5483644929635808,0.5661414032807308,0.8285639547927393,-0.06722222222222224,-0.06314814814814823,0.32955951430069336,0.3727064005026069,0.2024940537991221,0.6832802706489302,0.035553820634300126,0.004074074074074008,0.013920626310277129,0.3763297546668278,0.12382457311842636,0.10896647947257879,0.0,0.9999999987499999,0.5479041012029812,0.2837159269821987,0.36812409707046007,0.4063582071446154,surprised,08,17,17,male,strong,1978
90,3.003,True,1.0,0.5879600953171834,0.5604642890133379,0.5742121921652606,0.7797081945079538,-0.06476851851851856,-0.06046296296296294,0.3333325891621436,0.3624253317497146,0.20046675576268413,0.7364449882787568,0.027495806303845516,0.004305555555555618,0.014412452070934783,0.3981526153712734,0.12504730466145572,0.10720626035129328,0.0,0.9999999987499999,0.5519018970088035,0.2845871079468192,0.37099035587565105,0.4112048828822213,surprised,08,17,17,male,strong,1978
100,3.336666666666667,True,1.0,0.5723091841773669,0.5604642890133386,0.5663867365953528,0.759375548905754,-0.06787037037037047,-0.06268518518518518,0.33162711856468363,0.3589024597432509,0.20044049391667973,0.7458585378624654,0.011844895164028313,0.005185185185185293,0.01913318383862977,0.4004340481959934,0.12429370985805,0.10843104834990108,0.0,0.9999999987499999,0.5599477020730167,0.2869331189821068,0.3693997203467097,0.41446595543034875,surprised,08,17,17,male,strong,1978
0,0.0,True,1.0,0.5560595514665216,0.5307177605820459,0.5433886560242838,0.5174129353233837,-0.07092592592592595,-0.05814814814814817,0.33047917029551616,0.05306799336650068,0.2548685948759787,1.0502030755853933,0.025341790884475746,0.012777777777777777,0.018174958041308597,0.634615384615384,0.12365520946182862,0.10722156642503494,0.0,0.9999999987499999,0.5488242524744272,0.27883172077688867,0.3739746585155884,0.40530017656537093,surprised,08,17,17,male,strong,1979
10,0.33366666666666667,True,1.0,0.5679368061042952,0.5478721361045584,0.5579044711044268,0.49328076462435677,-0.06986111111111126,-0.05518518518518534,0.3368345112109909,0.05838924473654313,0.2534722222222222,1.1310079595933205,0.020064669999736773,0.014675925925925926,0.02127918261649312,0.6515617296516288,0.12327941976288671,0.10818304691083767,0.0,0.9999999987499999,0.5460917812515631,0.2779634748247308,0.37611272249598493,0.40500191773162214,surprised,08,17,17,male,strong,1979
20,0.6673333333333333,True,1.0,0.7222019988045054,0.6717650713159645,0.6969835350602349,1.2262981400296227,-0.09495370370370376,-0.08939814814814817,0.29784060084366715,0.4062942703342148,0.26875028388429767,0.5683638524016668,0.050436927488540895,0.005555555555555591,0.0003270741395221042,0.257805875170109,0.1171301651177263,0.1122958244184523,0.0,0.9999999987499999,0.5733327578218788,0.3034694642152027,0.40566357646653106,0.44204225454547513,surprised,08,17,17,male,strong,1979
30,1.0010000000000001,True,1.0,0.6491882297812044,0.5784442314830709,0.6138162306321376,0.9595153933707559,-0.0718981481481481,-0.07097222222222227,0.35499369794465313,0.283872743752762,0.23002170102035382,0.6397148340432717,0.07074399829813349,0.0009259259259258301,0.01887996566041329,0.3175235049599184,0.12277918849633251,0.11100454570252667,0.0,0.9999999987499999,0.5352142791413441,0.27835224918238294,0.38724152986923077,0.38741679404696305,surprised,08,17,17,male,strong,1979
40,1.3346666666666667,True,1.0,0.2732942942766251,0.2720969640155515,0.2726956291460883,0.7689549770040851,-0.08842592592592602,-0.08935185185185196,0.35311924631511854,0.26231162636106453,0.21321197890506985,0.3546314638713101,0.0011973302610736036,0.0009259259259259411,0.015666747253651126,0.3777215533980098,0.12358240222786908,0.10765998740817233,0.0,0.8270227542030177,0.5379670825283238,0.2813501387902698,0.3849213996798191,0.3926584186075756,surprised,08,17,17,male,strong,1979
50,1.6683333333333334,True,1.0,0.6188169050233623,0.5791229969572098,0.598969950990286,0.38939020594882123,-0.066388888888889,-0.06337962962962973,0.37364672608813554,0.030421109839751583,0.2159725754800724,1.5382255173336603,0.03969390806615247,0.003009259259259267,0.0011167173494258057,0.6328125000000009,0.12783806716866453,0.10586114805561782,0.0,0.9999999987499999,0.5355100681444454,0.28175062840608833,0.3845709685450643,0.401589832740564,surprised,08,17,17,male,strong,1979
60,2.0020000000000002,True,1.0,0.6270365592322932,0.6177077396018417,0.6223721494170674,1.4120152849476348,-0.06361111111111117,-0.06166666666666676,0.2862935444628045,0.5552758196085382,0.21184913617705206,0.44076870558816106,0.009328819630451513,0.0019444444444444153,0.010647168601062578,0.23411341603610394,0.12101304938135368,0.1103676626576269,0.0,0.9999999987499999,0.5297692312393708,0.28343224558434127,0.37442456650597344,0.3940059121296386,surprised,08,17,17,male,strong,1979
70,2.3356666666666666,True,1.0,0.6150830048314827,0.5996458033466038,0.6073644040890432,0.9545846891855015,-0.07004629629629622,-0.06828703703703709,0.34205110599107497,0.35129731774668876,0.21806815098199114,0.6362603663874772,0.015437201484878926,0.0017592592592591272,0.0018903288618556096,0.31246186001084236,0.12372043660811985,0.1073239611967915,0.0,0.9999999987499999,0.5325250711690926,0.2817320629687168,0.37537070947042445,0.39553158051203613,surprised,08,17,17,male,strong,1979
80,2.6693333333333333,True,1.0,0.6104647531428635,0.5963624044218024,0.6034135787823329,0.7913999490681807,-0.0683333333333333,-0.06504629629629621,0.32917232903246946,0.3748554077447692,0.21111111111111114,0.7624635046954592,0.014102348721061087,0.0032870370370370883,0.0005169173070739271,0.4045855632064738,0.12408877590650441,0.10689787077099734,0.0,0.9999999987499999,0.5388843281375051,0.2821457139381136,0.373093260527426,0.39977976214066036,surprised,08,17,17,male,strong,1979
90,3.003,True,1.0,0.6502543046922378,0.623508152678043,0.6368812286851404,0.7435508424831765,-0.06828703703703709,-0.06537037037037041,0.33361809486415694,0.3511212311726106,0.21041992990714237,0.8565402556174905,0.026746152014194724,0.0029166666666666785,0.0008655971913017844,0.4166666666666663,0.1270495329413973,0.10446156683951431,0.0,0.908849253033277,0.542907727161177,0.2858606905949029,0.39493037222758054,0.41334849072474295,surprised,08,17,17,male,strong,1979
100,3.336666666666667,True,1.0,0.5927866599309705,0.5924745301018042,0.5926305950163873,0.7832512064339523,-0.06675925925925918,-0.06467592592592586,0.33015735463832946,0.37062696348311686,0.20486148352867514,0.7566290229089623,0.0003121298291662855,0.002083333333333326,0.0028793143018709094,0.39172131059553844,0.12504927167324595,0.1070261013390336,0.0,0.9999999987499999,0.5455425264715261,0.2859489546129013,0.3931032535764068,0.41356052849584,surprised,08,17,17,male,strong,1979
0,0.0,True,1.0,0.5059829059829064,0.489447277717783,0.4977150918503447,0.46176132746802895,-0.0597685185185185,-0.06018518518518523,0.33485546166575414,0.2518698149825618,0.19036797259896426,1.0778622250145127,0.016535628265123392,0.0004166666666667318,0.00921799965362396,0.6654630362170127,0.12879772952600316,0.10523597672357683,0.0,0.9999999987499999,0.5502588873205532,0.2913298937629003,0.38678249683905197,0.432155275640833,neutral,01,17,17,male,normal,1980
10,0.33366666666666667,True,1.0,0.5254711548711843,0.5222300416266272,0.5238505982489058,0.4897468624660916,-0.060324074074073974,-0.06180555555555556,0.3364637561512386,0.2798553499806242,0.18897974658960054,1.069635434949163,0.0032411132445571145,0.0014814814814815835,0.011666347741184342,0.610714285714286,0.12693187414717774,0.1060515613878991,0.0,0.9999999987499999,0.5509953843412365,0.29093687452664974,0.3867295174143876,0.4314854388032249,neutral,01,17,17,male,normal,1980
20,0.6673333333333333,True,1.0,0.49254801826406575,0.4966974334268403,0.494622725845453,0.5300372095265783,-0.05898148148148141,-0.05907407407407411,0.3278239407853412,0.2936353338804295,0.1889922613380744,0.933184910333452,0.004149415162774561,9.259259259269959e-05,0.01008516358568116,0.5782677469205889,0.12906147523096104,0.10509379375947667,0.0,0.9999999987499999,0.551324434789541,0.2903612647469281,0.39022622438795607,0.43440563262482745,neutral,01,17,17,male,normal,1980
30,1.0010000000000001,True,1.0,0.5198864343300375,0.5101216883843229,0.5150040613571802,0.8296296296296298,-0.06037037037037046,-0.05976851851851861,0.3567485237300377,0.3160493827160493,0.1890055825791123,0.6207638239573153,0.009764745945714526,0.0006018518518518534,0.008305142664925325,0.3482142857142855,0.1249821349746492,0.1074596693963698,0.0,0.9999999987499999,0.5580886799954357,0.29385522859744384,0.3915256564912084,0.433296631382491,neutral,01,17,17,male,normal,1980
40,1.3346666666666667,True,1.0,0.5389508562126553,0.5223359417457262,0.5306433989791908,0.6731991103163038,-0.0626388888888888,-0.06226851851851861,0.3487779909372346,0.30965199620007927,0.18901971014220054,0.7882413848257569,0.016614914466929087,0.0003703703703701877,0.011891661465768215,0.4162236616797435,0.1260206216269743,0.10659796165736829,0.0,0.9999999987499999,0.557768692828694,0.29053069083978156,0.38691166491162615,0.43023206080709236,neutral,01,17,17,male,normal,1980
50,1.6683333333333334,True,1.0,0.5198858025731665,0.5013170177053108,0.5106014101392387,0.65120440074957,-0.0625,-0.06240740740740747,0.34412645874756564,0.2848823646798792,0.1904224696420173,0.7840877757452345,0.018568784867855737,9.259259259253305e-05,0.012407474997753284,0.43356398054605927,0.13090748085254303,0.1029704097317967,0.0,0.7480324430166458,0.5554612231689551,0.2916247180564023,0.39134605087748037,0.4315177086499569,neutral,01,17,17,male,normal,1980
60,2.0020000000000002,True,1.0,0.492723900340784,0.4810962197107587,0.48691006002577136,0.6272427570768659,-0.06189814814814809,-0.06189814814814809,0.3500308209985773,0.20672345163603656,0.1947095051335994,0.7762705181242971,0.011627680630025283,0.0,0.006748927102104863,0.40887039127974045,0.1242498407986007,0.10865679714509306,0.0,0.9999999987499999,0.5523505297197004,0.29256273362128216,0.3824299565096525,0.4205743487355097,neutral,01,17,17,male,normal,1980
70,2.3356666666666666,True,1.0,0.5063687779111657,0.4833911362939258,0.4948799571025458,0.6752973783315221,-0.05935185185185182,-0.05856481481481479,0.35253958442182326,0.2449012375007412,0.19195662969373253,0.7328326348982145,0.02297764161723992,0.0007870370370370305,0.010967259000630386,0.4208459234002474,0.12865979924524484,0.10594542854180682,0.0,0.8753571409779629,0.5520591715279861,0.2913151276354322,0.38509755534078083,0.41862922681395354,neutral,01,17,17,male,normal,1980
80,2.6693333333333333,True,1.0,0.5205682538233993,0.5089509991683293,0.5147596264958643,0.6093336008582089,-0.05935185185185182,-0.05814814814814806,0.3447907842310229,0.2234048674911284,0.19191529001815294,0.844791138665022,0.01161725465507002,0.0012037037037037623,0.009479306812722816,0.45051316776552697,0.12821387445994126,0.10558627007710082,0.0,0.9999999987499999,0.5495739263205281,0.2913451644026158,0.38817537049030615,0.4252033483114392,neutral,01,17,17,male,normal,1980
90,3.003,True,1.0,0.48543985053732686,0.4619901108028096,0.47371498067006823,0.40761655020663745,-0.062037037037037,-0.059768518518518554,0.35503915681500303,0.17739365897251175,0.19126323805885817,1.1621583579712913,0.02344973973451725,0.0022685185185184475,0.01231756350081146,0.6559722447925168,0.12893156099475744,0.10489048841509262,0.0,0.9999999987499999,0.548830199579832,0.2890716714384175,0.3875412069174198,0.4285067767765606,neutral,01,17,17,male,normal,1980
100,3.336666666666667,True,1.0,0.5118231021156193,0.501549793514073,0.5066864478148462,0.4435588629322932,-0.058287037037037026,-0.059537037037037055,0.3568440184997746,0.20218299046090804,0.1912021973866771,1.14232064818912,0.010273308601546294,0.0012500000000000289,0.012351108546508182,0.6458022194604855,0.12774661292037326,0.10615112302752983,0.0,0.9999999987499999,0.5496177502172744,0.2890893041691292,0.3851988047688674,0.4254542748339439,neutral,01,17,17,male,normal,1980
110,3.6703333333333332,True,1.0,0.539057330625133,0.5224474131752903,0.5307523719002116,0.44012089703156154,-0.06069444444444444,-0.06032407407407414,0.3490063184287265,0.20672345163603656,0.1905698540911311,1.2059240437796135,0.016609917449842637,0.00037037037037029874,0.01234919490343811,0.6484357281028362,0.13001403803097195,0.10372953216428692,0.0,0.9999999987499999,0.5522961681469463,0.2891850110405299,0.387063266530743,0.4262151969320521,neutral,01,17,17,male,normal,1980
0,0.0,True,1.0,0.5555609432296794,0.5420714978451597,0.5488162205374196,0.6110519387445351,-0.05791666666666656,-0.05819444444444438,0.33202266683600795,0.30549983148120874,0.18355334403178744,0.8981498719487172,0.013489445384519683,0.0002777777777778212,0.009459434271266064,0.48452854886416535,0.12579358349031486,0.10757654320290752,0.0,0.836377837142757,0.5502635805572228,0.29302554415937854,0.383003040205115,0.4266961343371072,neutral,01,17,17,male,normal,1981
10,0.33366666666666667,True,1.0,0.5338795253725807,0.5316604979144288,0.5327700116435048,0.6011628103817563,-0.05865740740740727,-0.058611111111111114,0.331362621368741,0.30058140519087817,0.18495996866272457,0.8862324855144981,0.0022190274581518343,4.6296296296155504e-05,0.011365114937788183,0.49610738510597546,0.12639106055185703,0.10651680718268895,0.0,0.9999999987499999,0.5494175682616796,0.29306183729700735,0.3856755698734371,0.43201880639641815,neutral,01,17,17,male,normal,1981
20,0.6673333333333333,True,1.0,0.5200325604530014,0.5237638626176586,0.52189821153533,0.6297896108761256,-0.05800925925925926,-0.058240740740740704,0.33048286822817036,0.3148948054380628,0.18634708557960422,0.8286866002906851,0.003731302164657224,0.00023148148148144365,0.009777161835280886,0.47301136363636304,0.126427118893884,0.10700946617247435,0.0,0.895128069995515,0.5497544403308199,0.2923771238214301,0.3857760233717357,0.4326784834088993,neutral,01,17,17,male,normal,1981
30,1.0010000000000001,True,1.0,0.2706271964151958,0.24966199666309402,0.2601445965391449,0.8755766380387587,-0.07791666666666658,-0.07731481481481473,0.3558420464444458,0.3250128573445025,0.19185922873339611,0.297112308891491,0.02096519975210176,0.0006018518518518534,0.007922539990691629,0.33237429253973255,0.12247596115681575,0.10996156443500332,0.0,0.902636411780554,0.5577932471191602,0.2941431538280453,0.38417486580499605,0.4249855916450841,neutral,01,17,17,male,normal,1981
40,1.3346666666666667,True,1.0,0.4920670714551398,0.4593418313352118,0.4757044513951758,0.724827143665924,-0.08333333333333337,-0.08476851851851847,0.34509340794100557,0.32820512820512815,0.20571917188127772,0.6563005477267695,0.032725240119928,0.001435185185185095,0.01041884574183968,0.4032791747137135,0.12639555026215576,0.1074021182815428,0.0,0.9999999987499999,0.5553477379701881,0.2917920953594098,0.392806549019195,0.43343046772953125,neutral,01,17,17,male,normal,1981
50,1.6683333333333334,True,1.0,0.47826960975931226,0.42483280263333373,0.451551206196323,0.7493904585453108,-0.08162037037037034,-0.08263888888888887,0.33660434889721536,0.256721692391785,0.21133686064245522,0.6025579870243578,0.053436807125978536,0.0010185185185185297,0.006575714083925368,0.37680410845892953,0.12594963892053077,0.10721624318707083,0.0,0.9999999987499999,0.5523582892688326,0.29305576301208425,0.39287619602230556,0.4296802105465225,neutral,01,17,17,male,normal,1981
60,2.0020000000000002,True,1.0,0.45789375382233355,0.4216949076809059,0.4397943307516197,0.6576910620721849,-0.07189814814814816,-0.07569444444444445,0.35644347133613824,0.2498593659379298,0.20576923250270696,0.6686944009334129,0.036198846141427654,0.0037962962962962976,0.0009617137271580206,0.4390944721782888,0.12477177394971556,0.10805705405011648,0.0,0.9999999987499999,0.5493656621711185,0.2926196872308214,0.39244142398478965,0.42830447453511317,neutral,01,17,17,male,normal,1981
70,2.3356666666666666,True,1.0,0.47870085761015546,0.4748416600612372,0.4767712588356963,0.685920497653662,-0.06824074074074066,-0.07148148148148159,0.3405134457646192,0.25377452547075524,0.20305187448718476,0.6950823899658846,0.0038591975489182806,0.0032407407407409328,0.006536976067223223,0.4181410456624892,0.12803776559308425,0.10615929780214442,0.0,0.9999999987499999,0.549760643257303,0.2924685576549234,0.394857260979393,0.42936464699951904,neutral,01,17,17,male,normal,1981
80,2.6693333333333333,True,1.0,0.5198858025731665,0.49681539125140806,0.5083505969122872,0.44012089703156065,-0.0666666666666666,-0.06981481481481483,0.3503172381511864,0.1800494578765482,0.19883225111080474,1.1550249041590812,0.023070411321758466,0.003148148148148233,0.00539905205426845,0.6335871292626685,0.12828951827991913,0.10567479112792741,0.0,0.8542884639863306,0.5468598013736744,0.28978403953323206,0.39241747811513394,0.43354601634074125,neutral,01,17,17,male,normal,1981
90,3.003,True,1.0,0.5002448357917789,0.48950717788812376,0.49487600683995137,0.4568777314030488,-0.06388888888888894,-0.06611111111111112,0.3493448792659205,0.2082824951984493,0.19607667346241126,1.0831694626923745,0.010737657903655162,0.002222222222222181,0.009730780658687191,0.6293640890409897,0.128450871496085,0.10565907220839096,0.0,0.9999999987499999,0.546755461223552,0.2904017604455574,0.3886503923721295,0.42746221886291846,neutral,01,17,17,male,normal,1981
100,3.336666666666667,True,1.0,0.47175320002175847,0.44886626284995373,0.4603097314358561,0.4874882987537966,-0.06537037037037025,-0.0694907407407408,0.34613292816335184,0.23694455642998435,0.19191529001815288,0.944247754484735,0.022886937171804733,0.004120370370370552,0.004031950723264222,0.5787213089105611,0.12705119587367514,0.10554818842295449,0.0,0.9999999987499999,0.5504661093109118,0.2904779066056369,0.3922109439233135,0.43288945870323337,neutral,01,17,17,male,normal,1981
0,0.0,True,1.0,0.5194504631169913,0.503542317828579,0.5114963904727852,0.4685170960752503,-0.06277777777777782,-0.06222222222222218,0.34034181112763545,0.268708334513747,0.18413387926676386,1.0917347408612637,0.015908145288412334,0.0005555555555556424,0.0007033445752530208,0.6121323529411776,0.12887869040552172,0.10531786664714941,0.0,0.9999999987499999,0.5508117839635854,0.28954477752199215,0.3879507312253059,0.4332520714530411,neutral,01,17,17,male,normal,1982
10,0.33366666666666667,True,1.0,0.4780080122707063,0.45675013919557,0.46737907573313814,0.5117929994790595,-0.060416666666666674,-0.06046296296296294,0.33248837269524834,0.2985459163627852,0.18346811599750412,0.9132189697961302,0.02125787307513627,4.6296296296266526e-05,0.0019536486349814156,0.5781250000000012,0.12777828572830463,0.10629238766981719,0.0,0.9999999987499999,0.5521612031531363,0.2898893533574529,0.39205957840092864,0.4356183054597235,neutral,01,17,17,male,normal,1982
20,0.6673333333333333,True,1.0,0.5052276037105934,0.5026663282724381,0.5039469659915157,0.5038876416462889,-0.06282407407407403,-0.06402777777777768,0.33582980751608915,0.2869360181596928,0.18621602556979983,1.0001177332808422,0.0025612754381553193,0.0012037037037036513,0.0030884445284537435,0.5787919492903068,0.12869279295789346,0.10536427747887231,0.0,0.9999999987499999,0.5511811846613646,0.29034062110422093,0.3906383550491545,0.43339947596064815,neutral,01,17,17,male,normal,1982
30,1.0010000000000001,True,1.0,0.5053475873163743,0.5044016754658863,0.5048746313911303,0.7616429109843661,-0.06421296296296303,-0.06620370370370371,0.33214432011798034,0.33848959669969886,0.18763178962148847,0.6628757704035056,0.0009459118504879793,0.001990740740740682,0.008876944943123044,0.3853957581757694,0.12444446802971058,0.10790544489862433,0.0,0.9999999987499999,0.5571687479913842,0.29299967286447876,0.3864807439052796,0.4306509834969707,neutral,01,17,17,male,normal,1982
40,1.3346666666666667,True,1.0,0.5200325604530014,0.5088395277387656,0.5144360440958835,0.6373463627222564,-0.06643518518518515,-0.06907407407407407,0.3474551878900382,0.27797159170802854,0.19114832178248242,0.8071530241399762,0.011193032714235773,0.002638888888888913,0.007133978217447542,0.44278743872871,0.1262884126888173,0.10645967909349745,0.0,0.9999999987499999,0.5547696211844113,0.2911360904668375,0.38974257389413136,0.433489102442293,neutral,01,17,17,male,normal,1982
50,1.6683333333333334,True,1.0,0.513219534133756,0.503094997406471,0.5081572657701134,0.8193654199547048,-0.06365740740740744,-0.06495370370370362,0.3375258794142524,0.3263574130328064,0.19179559324362383,0.6201839294099143,0.010124536727284972,0.0012962962962961844,0.00506141392975071,0.3718220338983046,0.1289192770384834,0.10526818077510063,0.0,0.8268090683718919,0.5565641206795219,0.2928785418305759,0.39697212975428503,0.43318906407335883,neutral,01,17,17,male,normal,1982
60,2.0020000000000002,True,1.0,0.4024604924296724,0.37861349315572146,0.39053699279269694,0.6354081226548226,-0.06615740740740728,-0.06749999999999995,0.3644381435887885,0.22691652122297273,0.18976072179864673,0.6146238596399738,0.023846999273950953,0.001342592592592673,0.0045442592004374645,0.4381009985709329,0.12545358330681505,0.10761937016652205,0.0,0.9999999987499999,0.5531107168179772,0.29121588956356187,0.38859444463849063,0.4315222459222217,neutral,01,17,17,male,normal,1982
70,2.3356666666666666,True,1.0,0.48605284244481145,0.4743378554351924,0.48019534894000193,0.7072857661851228,-0.061574074074074114,-0.06259259259259253,0.3372286919084253,0.30508510792387594,0.1876468337822827,0.6789269230314428,0.011714987009619038,0.0010185185185184187,0.0023834018181308958,0.4085341751169843,0.1295906121673688,0.10425804125529115,0.0,0.9999999987499999,0.5530282299404137,0.28999552784918065,0.39447564380091715,0.4321459798262156,neutral,01,17,17,male,normal,1982
80,2.6693333333333333,True,1.0,0.4160251471689211,0.4076148605080437,0.4118200038384824,0.4074154556610585,-0.06555555555555559,-0.0665277777777778,0.35620457941200534,0.17739365897251078,0.1876626898353799,1.0108109501400167,0.008410286660877397,0.0009722222222222077,0.013394230986842585,0.6357947117590703,0.1286940119186724,0.1048189170981669,0.0,0.9999999987499999,0.5516438055925494,0.2882856913902298,0.3922011339987492,0.43393658744182445,neutral,01,17,17,male,normal,1982
90,3.003,True,1.0,0.45060840330944735,0.43426040613041605,0.4424344047199317,0.4371957601365255,-0.06430555555555556,-0.06388888888888883,0.3534999375764307,0.21197370188437603,0.18625903980083214,1.0119823773720273,0.016347997179031293,0.0004166666666667318,0.010367211513517325,0.6314093992257863,0.12962496649824648,0.10421532511388826,0.0,0.9999999987499999,0.5522940037968312,0.2877720059998467,0.3923687355014023,0.43437224703572785,neutral,01,17,17,male,normal,1982
100,3.336666666666667,True,1.0,0.4915728036103061,0.47446390984369113,0.4830183567269986,0.4506738601323993,-0.06277777777777782,-0.06425925925925924,0.34314340645465846,0.24578640180515343,0.18693783475525297,1.0717691871125987,0.017108893766614952,0.001481481481481417,0.008588128000129086,0.6142948965498621,0.1280504127028844,0.10433368707671255,0.0,0.9999999987499999,0.551217829647484,0.2897161015417387,0.39039849362576245,0.43638790244781706,neutral,01,17,17,male,normal,1982
0,0.0,True,1.0,0.5557752386834475,0.5235459433418046,0.539660591012626,0.7192282210407093,-0.061481481481481526,-0.06277777777777782,0.3200628362894705,0.3302578566003258,0.19040764478510802,0.7503328918764445,0.03222929534164287,0.0012962962962962954,0.008906113471735526,0.42474489795918413,0.12736361217838474,0.10661035749675234,0.0,0.9999999987499999,0.5511827681619523,0.2925062972613081,0.38392278510590594,0.4263445955053529,neutral,01,17,17,male,normal,1983
10,0.33366666666666667,True,1.0,0.5141265496439059,0.5090029737163441,0.511564761680125,0.7196633382516024,-0.05921296296296291,-0.06018518518518523,0.3188942276891281,0.33777890307868885,0.190407644785108,0.7108389916359421,0.005123575927561852,0.0009722222222223187,0.01094270517093295,0.42520688534198986,0.1267688144834549,0.10642558888342518,0.0,0.9999999987499999,0.5512846937212386,0.29262101908085564,0.3879493727398837,0.42892051358278266,neutral,01,17,17,male,normal,1983
20,0.6673333333333333,True,1.0,0.5333558764450843,0.5301700382528143,0.5317629573489493,0.7165967112287548,-0.05935185185185182,-0.059768518518518554,0.3252392162624798,0.3296136294626677,0.19174466964605202,0.7420672590544416,0.0031858381922700296,0.0004166666666667318,0.007953473501105738,0.4049743735262368,0.12661278252148178,0.10553349189586926,0.0,0.9999999987499999,0.5521103166266507,0.29184233343513255,0.3887170425301392,0.4282707154912173,neutral,01,17,17,male,normal,1983
30,1.0010000000000001,True,1.0,0.506216910418616,0.5090624705978947,0.5076396905082554,0.7535154614825142,-0.06337962962962967,-0.06305555555555553,0.32958631033054775,0.32697886077828847,0.19248957256034346,0.6736951216760606,0.0028455601792786167,0.00032407407407414324,0.00684171831846617,0.393119561500188,0.12368775789631349,0.10753893051054324,0.0,0.9999999987499999,0.5551252880370898,0.29161876728335484,0.38544788761275034,0.4274181866184268,neutral,01,17,17,male,normal,1983
40,1.3346666666666667,True,1.0,0.5174461791015855,0.5145230392589136,0.5159846091802496,0.6413748620521179,-0.06314814814814818,-0.06226851851851861,0.35243736289431954,0.2538775495622969,0.19107446757872656,0.8044977121949017,0.0029231398426718957,0.0008796296296295636,0.010691453571450129,0.4340939619677296,0.12652361281392982,0.10653830178854438,0.0,0.9999999987499999,0.552898760582358,0.291202830638459,0.3892638904038188,0.4283082698045119,neutral,01,17,17,male,normal,1983
50,1.6683333333333334,True,1.0,0.4722993703138872,0.4694624110629214,0.47088089068840433,0.759934436019417,-0.062361111111111034,-0.06092592592592605,0.3452190268631354,0.2646066784392953,0.19389210073779597,0.6196335741210875,0.002836959250965776,0.001435185185184984,0.008885408902274884,0.3720617697446472,0.12863875248565873,0.10561080074844893,0.0,0.9999999987499999,0.5542342429706257,0.29128191206729875,0.39165582351230765,0.42515156437525453,neutral,01,17,17,male,normal,1983
60,2.0020000000000002,True,1.0,0.520227028198283,0.5222300416266272,0.5212285349124551,0.6479927317781865,-0.062222222222222234,-0.06199074074074079,0.3633958727562756,0.2203035881592223,0.1925529787018724,0.8043740451874021,0.0020030134283441914,0.00023148148148144365,0.0078111959989758525,0.41814104566248844,0.12491199467616121,0.10736388707404684,0.0,0.9999999987499999,0.5526532360209708,0.29138420747897403,0.3864532900086699,0.4256188156205217,neutral,01,17,17,male,normal,1983
70,2.3356666666666666,True,1.0,0.5333558764450854,0.5326451941622486,0.5330005353036671,0.7093648168797344,-0.06138888888888894,-0.06087962962962967,0.3310801246463629,0.2908211719756645,0.1932135675544401,0.7513771794436654,0.000710682282836772,0.0005092592592592649,0.006942508598412285,0.41814104566248844,0.12785871380311734,0.10493228126837519,0.0,0.9999999987499999,0.5547567617124977,0.2911360617634293,0.38907980063017866,0.4244346445383418,neutral,01,17,17,male,normal,1983
80,2.6693333333333333,True,1.0,0.5041893666081073,0.503437541975392,0.5038134542917496,0.42055363160068515,-0.06106481481481485,-0.061481481481481526,0.35838375594615646,0.17739365897251086,0.19047174398086422,1.1979767060247848,0.0007518246327152811,0.0004166666666666763,0.008287714236042052,0.6357932100976637,0.128971802689751,0.10538476139482304,0.0,0.9999999987499999,0.5498718845897734,0.28896005721080964,0.3863934819295046,0.42970298755073427,neutral,01,17,17,male,normal,1983
90,3.003,True,1.0,0.4650844925870322,0.47714915336531116,0.4711168229761717,0.44012089703156065,-0.06138888888888888,-0.060925925925925994,0.3503975610307783,0.19338645475629135,0.18968632733483395,1.0704259355864858,0.012064660778278946,0.0004629629629628873,0.007639440939643715,0.6314093992257879,0.12750560821181822,0.1046352638071018,0.0,0.8670348809999117,0.5498475935608619,0.288290478100739,0.3867000125500899,0.4282283869012147,neutral,01,17,17,male,normal,1983
100,3.336666666666667,True,1.0,0.5252806308616609,0.5157813973584474,0.5205310141100541,0.4569402526311304,-0.06203703703703711,-0.06231481481481499,0.3485220577000903,0.22172007553383197,0.18971367571775175,1.1391664689480923,0.009499233503213467,0.0002777777777778767,0.011000276662800748,0.6292779757788493,0.12833992259801077,0.10488951548043766,0.0,0.9999999987499999,0.5513727549379127,0.28897718937551764,0.3895050767765122,0.43083500926416823,neutral,01,17,17,male,normal,1983
0,0.0,True,1.0,0.4802033096370387,0.45947457589886864,0.4698389427679537,0.6242525453253026,-0.07041666666666668,-0.06398148148148147,0.33572293689210025,0.31919396924158283,0.19106208921678955,0.7526424141740858,0.02072873373817008,0.00643518518518521,0.008895239732576568,0.48787748289519195,0.11962410004592364,0.1127198895783706,0.0,0.9999999987499999,0.5955352374934348,0.3209134429110304,0.38463323876901806,0.47031864629298525,calm,02,17,17,male,normal,1984
10,0.33366666666666667,True,1.0,0.4936984390610624,0.452270227267757,0.4729843331644097,0.6292612050989099,-0.07458333333333333,-0.06805555555555548,0.33114326597269667,0.3217550064463014,0.18964127434192113,0.7516502357555381,0.041428211793305414,0.0065277777777778545,0.01197148121089694,0.48787748289519195,0.1189412420770905,0.1144434508228938,0.0,0.9999999987499999,0.5948902659657613,0.3204883568233247,0.3874028501998375,0.4716370274059945,calm,02,17,17,male,normal,1984
20,0.6673333333333333,True,1.0,0.44988989390184225,0.4249772431687325,0.43743356853528736,0.6339613985956984,-0.07162037037037033,-0.06828703703703698,0.3351007085772879,0.3239994033731033,0.18687456472172814,0.6900003210041745,0.024912650733109776,0.003333333333333355,0.014739561851827206,0.47703747405159863,0.12567829676748338,0.10682314486322661,0.0,0.9999999987499999,0.5466207973423743,0.2929611320785385,0.40216981540700486,0.43572346840992937,calm,02,17,17,male,normal,1984
30,1.0010000000000001,True,1.0,0.4115623496861176,0.4083912908717041,0.40997682027891086,0.7244902732118416,-0.08351851851851849,-0.08768518518518514,0.3653174427054037,0.297558505069149,0.2014347231801579,0.5658831256096565,0.0031710588144134855,0.004166666666666652,0.006632837111208116,0.3933657042093107,0.1227789713672136,0.10892573210160232,0.0,0.9999999987499999,0.5578988530255853,0.29019586543673964,0.3857571491125377,0.4311576364674101,calm,02,17,17,male,normal,1984
40,1.3346666666666667,True,1.0,0.4402187880789999,0.3965624808702383,0.4183906344746191,0.7929031848076404,-0.08810185185185199,-0.08944444444444449,0.34706156201863747,0.32808244078634324,0.21059208472821006,0.5276692570936278,0.04365630720876157,0.0013425925925925064,0.013016265826593553,0.378607715756225,0.12324374151718481,0.10662753690093829,0.0,0.9999999987499999,0.5494805280237096,0.29181246676659806,0.4088780353834046,0.4334586444935745,calm,02,17,17,male,normal,1984
50,1.6683333333333334,True,1.0,0.4351456862849979,0.4233222528696647,0.4292339695773313,0.43777242009667733,-0.08277777777777773,-0.08583333333333337,0.35703994173036624,0.1790887173122773,0.20979351210270927,0.9804956865088477,0.011823433415333207,0.0030555555555556446,0.01100443827974113,0.5965909090909083,0.12599957398708136,0.10644400364488114,0.0,0.9999999987499999,0.5448337718368598,0.2913520962208287,0.41020252135402024,0.43914559668918873,calm,02,17,17,male,normal,1984
60,2.0020000000000002,True,1.0,0.42206822962712065,0.4315363554592448,0.4268022925431827,0.6584848200494987,-0.07930555555555563,-0.08152777777777775,0.3526981312054078,0.24859523620460067,0.2084270622490702,0.6481581344746864,0.009468125832124141,0.0022222222222221255,0.00418679160740358,0.4481394564081781,0.12373933501171064,0.10923781156264757,0.0,0.9999999987499999,0.5509356718781263,0.2911055390900431,0.39067574152730433,0.4311784852623149,calm,02,17,17,male,normal,1984
70,2.3356666666666666,True,1.0,0.44865010233304226,0.4054632427940156,0.4270566725635289,0.47458564437956346,-0.07861111111111113,-0.07916666666666655,0.3483776027668176,0.18305446283211757,0.20493409202043844,0.8998516445263104,0.04318685953902668,0.0005555555555554204,0.011983768409013227,0.5946428571428558,0.12815706668969593,0.10474972340173945,0.0,0.9999999987499999,0.5416850479410515,0.2928700873738139,0.41361850276621337,0.44272085071943135,calm,02,17,17,male,normal,1984
80,2.6693333333333333,True,1.0,0.4292051250506056,0.40464331233842993,0.4169242186945178,0.41410465311862066,-0.07787037037037042,-0.07865740740740745,0.3533408511704686,0.19366223322349538,0.19801532628674082,1.0068088236987027,0.024561812712175668,0.0007870370370370305,0.01714343483225319,0.69015668458968,0.12578638818111915,0.10579925976867902,0.0,0.9999999987499999,0.5413125997821003,0.29135773786909147,0.4059457577931625,0.4375436411810208,calm,02,17,17,male,normal,1984
90,3.003,True,1.0,0.4217717755329773,0.4041726563365517,0.4129722159347645,0.4368571613831638,-0.07754629629629639,-0.07671296296296293,0.3476362622011336,0.22511539976729747,0.1987220957950593,0.9453255032542548,0.017599119196425594,0.0008333333333334636,0.016711365110309354,0.618019023656762,0.12790429195623124,0.10396444925632353,0.0,0.9999999987499999,0.5422781622101965,0.29146200919067033,0.40867127539089,0.44160371292986417,calm,02,17,17,male,normal,1984
100,3.336666666666667,True,1.0,0.44295033067989503,0.4319483734614772,0.43744935207068614,0.4141046531186204,-0.07953703703703702,-0.07902777777777781,0.35361265489554966,0.22037426539225308,0.2000858122791084,1.0563739112233028,0.011001957218417846,0.0005092592592592093,0.011708091880131498,0.6901566845896814,0.1274804012796725,0.10411846139944471,0.0,0.9999999987499999,0.5412837982693076,0.29100965964072334,0.4080663836696091,0.43922137021071045,calm,02,17,17,male,normal,1984
0,0.0,True,1.0,0.4501678314355032,0.4246243147738231,0.43739607310466316,0.6159180174077281,-0.07032407407407404,-0.06870370370370371,0.32956210453730045,0.3079590087038646,0.18966219313384594,0.710153073530099,0.025543516661680088,0.0016203703703703276,0.013279260304203315,0.4845700040570012,0.12334719742373325,0.10828185356573412,0.0,0.9999999987499999,0.5478078686709059,0.28944288618908376,0.38616398172391886,0.4306876895366112,calm,02,17,17,male,normal,1985
10,0.33366666666666667,True,1.0,0.4626704180309498,0.44035476948899427,0.45151259375997205,0.6061591665172111,-0.06949074074074069,-0.06884259259259268,0.33605926179369616,0.28898285845587923,0.1875687536705291,0.7448746446485552,0.022315648541955557,0.0006481481481480089,0.008809483088991255,0.4845700040570012,0.12338213468512814,0.10682466093656777,0.0,0.8847208533058424,0.5475033868625576,0.28931044116837784,0.3901583027524853,0.43079539190772503,calm,02,17,17,male,normal,1985
20,0.6673333333333333,True,1.0,0.42805861055256195,0.3839071363974329,0.4059828734749974,0.5921155380459265,-0.06995370370370363,-0.0687962962962963,0.33575798913016175,0.28898285845588045,0.18894704285044794,0.6856480659413264,0.044151474155129045,0.0011574074074073293,0.01555977437922417,0.49606289804144704,0.12446496826498643,0.1069951522195054,0.0,0.9999999987499999,0.5500082040550596,0.28968267878054943,0.392503285499229,0.43336036339982564,calm,02,17,17,male,normal,1985
30,1.0010000000000001,True,1.0,0.4639489530862742,0.4369241916732046,0.45043657237973944,0.8288556011330463,-0.07703703703703713,-0.07754629629629622,0.3790201118658005,0.29690349891332996,0.19933005317891397,0.5434439626926478,0.027024761413069587,0.0005092592592590983,0.0073856287318456075,0.32776537604718564,0.1202512922890837,0.10929621384471212,0.0,0.9999999987499999,0.5512802748443127,0.2898206615976934,0.39599990314376887,0.4430855288946825,calm,02,17,17,male,normal,1985
40,1.3346666666666667,True,1.0,0.4640879218531044,0.4302284156717226,0.4471581687624135,0.6987541774399586,-0.07703703703703713,-0.07759259259259255,0.3506761540142899,0.26203281653998434,0.20212901015410123,0.6399363083605123,0.03385950618138178,0.0005555555555554204,0.008083764414612593,0.41105769230769157,0.12079452348671714,0.10887066960739805,0.0,0.9999999987499999,0.550971879243885,0.2889549053571416,0.3910112014812867,0.4320969313760722,calm,02,17,17,male,normal,1985
50,1.6683333333333334,True,1.0,0.434916191004388,0.4112863493341942,0.4231012701692911,0.4838119403367247,-0.07745370370370369,-0.0784259259259259,0.349749752506932,0.20828249519844938,0.2090803303492848,0.87451597386129,0.023629841670193774,0.0009722222222222077,0.008349903434417957,0.5475131819061866,0.1249406145451008,0.10697497653204699,0.0,0.9999999987499999,0.547828435116234,0.2872348070646795,0.3927735107371881,0.42978055568736123,calm,02,17,17,male,normal,1985
60,2.0020000000000002,True,1.0,0.4227564383431196,0.418047481171367,0.42040195975724326,0.6136259398452241,-0.07416666666666666,-0.07731481481481478,0.3674107817499779,0.19809564195178694,0.20841571450629243,0.68511112790193,0.004708957171752626,0.003148148148148122,0.0118809302000993,0.4807881747963867,0.12296240858455097,0.11028450719165249,0.0,0.9999999987499999,0.548159212747599,0.2895571665064,0.39489609269492354,0.429300296020916,calm,02,17,17,male,normal,1985
70,2.3356666666666666,True,1.0,0.4430460383595628,0.4315363554592452,0.437291196909404,0.5834996260019317,-0.07708333333333328,-0.07791666666666663,0.3632668139387265,0.22691652122297368,0.2091098853667771,0.7494284099300456,0.01150968290031762,0.0008333333333333526,0.011030825491384635,0.5019714221367332,0.12628251318139944,0.10700217362091144,0.0,0.9999999987499999,0.5503063446784964,0.28832875560290216,0.39920087316786385,0.42981860224064583,calm,02,17,17,male,normal,1985
80,2.6693333333333333,True,1.0,0.4152502865619435,0.4228812555040887,0.4190657710330161,0.4196849431465143,-0.0718981481481481,-0.07393518518518516,0.35977743775341037,0.19014036635073056,0.20287407340637154,0.99852467398793,0.007630968942145211,0.0020370370370370594,0.01578678537811378,0.6707827300059606,0.12538579211385192,0.10681017647145903,0.0,0.9999999987499999,0.5505635623468137,0.28736261057960893,0.39436789630421476,0.4320079992883916,calm,02,17,17,male,normal,1985
90,3.003,True,1.0,0.45106026713727937,0.4097245118707168,0.43039238950399805,0.4270475630307162,-0.07324074074074066,-0.07393518518518516,0.35071999045408797,0.22006044851577972,0.2021573170520266,1.0078324448207687,0.04133575526656258,0.0006944444444444975,0.01843387810486934,0.6858350539752694,0.12490697872889166,0.10683606827288708,0.0,0.9999999987499999,0.5501768841520983,0.2874593217842204,0.3893397148041345,0.42984399732366035,calm,02,17,17,male,normal,1985
100,3.336666666666667,True,1.0,0.4369826131901701,0.418047481171367,0.42751504718076855,0.4354288912151758,-0.07217592592592592,-0.07185185185185189,0.3545507030713467,0.21108637508057973,0.1973475194038022,0.9818251746862234,0.018935132018803147,0.0003240740740740322,0.017163528758254058,0.6504619770080732,0.12444953632001371,0.10683491885173219,0.0,0.9999999987499999,0.5508074880342763,0.28712710196872887,0.3892979122748524,0.4300019582420326,calm,02,17,17,male,normal,1985
0,0.0,True,1.0,0.467860449349161,0.41522470557212793,0.44154257746064446,0.7797974329574765,-0.08060185185185187,-0.07300925925925922,0.3186786089903515,0.4548571589810071,0.18820903826281987,0.5662272774944136,0.05263574377703306,0.007592592592592651,0.015830944137912993,0.3853957581757694,0.12886359482953474,0.10314308717925419,0.0,0.8826007965861945,0.5356636054656237,0.286782010542977,0.4088602058991887,0.4401725189594993,calm,02,17,17,male,normal,1986
10,0.33366666666666667,True,1.0,0.4403547694889948,0.4148027539910807,0.4275787617400377,0.7138842429724204,-0.08171296296296293,-0.07356481481481475,0.32876546216824487,0.41290792857126474,0.18820903826281987,0.5989469104398715,0.025552015497914138,0.008148148148148182,0.015928594817996005,0.41909215698859825,0.1286327759966487,0.10434774162285378,0.0,0.9999999987499999,0.5396619990105417,0.28696313919847416,0.41323816589116263,0.44264124421580814,calm,02,17,17,male,normal,1986
20,0.6673333333333333,True,1.0,0.40531594448505054,0.4019006235608811,0.4036082840229658,0.7082650240286434,-0.07611111111111118,-0.06944444444444442,0.3330764784823734,0.4096827099773524,0.18543682774578085,0.5698548852902882,0.0034153209241694626,0.006666666666666765,0.013788305675715663,0.41911764705882415,0.12615760460424624,0.10625665794286725,0.0,0.9999999987499999,0.54392461318121,0.28488256267470496,0.3930918427198965,0.4292227325309908,calm,02,17,17,male,normal,1986
30,1.0010000000000001,True,1.0,0.3240510137695307,0.33821870612255783,0.3311348599460443,0.6815022388151105,-0.09916666666666663,-0.09916666666666674,0.34450369895188804,0.3340494073188112,0.21181852262788545,0.4858896142759117,0.014167692353027117,1.1102230246251565e-16,0.010626756462467508,0.4305675412895528,0.1254083242516725,0.10784890613957358,0.0,0.9999999987499999,0.54743343306854,0.2840923865941799,0.38309414661036767,0.42007155556602627,calm,02,17,17,male,normal,1986
40,1.3346666666666667,True,1.0,0.4128410952340579,0.3916414952940813,0.4022412952640696,0.5925875074380487,-0.09060185185185188,-0.09393518518518523,0.34977125654211816,0.28310302588262054,0.21530045803466902,0.678788010572635,0.021199599939976554,0.003333333333333355,0.0019105479177722003,0.462463871421263,0.12520832083903308,0.1075509130470345,0.0,0.9999999987499999,0.547795014427646,0.2839433733327497,0.39779101438820996,0.42611226795874524,calm,02,17,17,male,normal,1986
50,1.6683333333333334,True,1.0,0.44532565347445435,0.4336975291806603,0.43951159132755735,0.7085716759451484,-0.08634259259259264,-0.09004629629629629,0.35652896327063444,0.30917874396135264,0.21112412083566012,0.6202782389534586,0.011628124293794062,0.0037037037037036535,0.004425187575242591,0.3886160401109461,0.127413886125314,0.10529117732535101,0.0,0.9999999987499999,0.5461826976181099,0.2850453190144518,0.39886694653537236,0.4265300360655612,calm,02,17,17,male,normal,1986
60,2.0020000000000002,True,1.0,0.4607957463539202,0.4472466377672903,0.4540211920606052,0.8888192351088805,-0.08967592592592594,-0.09342592592592586,0.367904476848075,0.3317423905688074,0.21599482955988772,0.510813868699621,0.013549108586629888,0.00374999999999992,0.003806837823482542,0.324823943661972,0.12341802773417876,0.10872806995960133,0.0,0.7071067807446058,0.5398066642829007,0.28539799131906574,0.39451861350261197,0.4231820144398749,calm,02,17,17,male,normal,1986
70,2.3356666666666666,True,1.0,0.4759200970930526,0.45553004505874267,0.46572507107589767,0.661247584622582,-0.08680555555555552,-0.08615740740740735,0.33345640567920204,0.26174383557977116,0.22153638758548477,0.7043126990652343,0.020390052034309936,0.0006481481481481755,0.001149323917471528,0.44579956307070057,0.12625921361785009,0.10756235918809134,0.0,0.9999999987499999,0.5414545434423769,0.28575098216545336,0.3974072277133708,0.42003820008929255,calm,02,17,17,male,normal,1986
80,2.6693333333333333,True,1.0,0.47579362407303905,0.4487318900031636,0.4622627570381013,0.3916907164973312,-0.08319444444444452,-0.08226851851851852,0.35186783979595143,0.1435946903462717,0.22430861674064606,1.1801728699925695,0.027061734069875443,0.0009259259259259967,0.005871202344588219,0.7318807002395987,0.12578918130880978,0.10579593888800477,0.0,0.9999999987499999,0.5428861975805948,0.28275967863135343,0.3973227801031776,0.41988485368685585,calm,02,17,17,male,normal,1986
90,3.003,True,1.0,0.2862088484135805,0.2755373483100211,0.2808730983618008,0.4184161067890319,-0.0863888888888889,-0.08439814814814817,0.35054325326700625,0.15680916489235172,0.21806115361267805,0.6712769747733894,0.01067150010355944,0.0019907407407407374,0.009622287080508456,0.685835053975267,0.12742765046303975,0.10473018884193017,0.0,0.9999999987499999,0.5416596351978291,0.2837215462961179,0.3947030828746451,0.41969640459429663,calm,02,17,17,male,normal,1986
100,3.336666666666667,True,1.0,0.4564246685543939,0.40796643128917204,0.432195549921783,0.44066747100971754,-0.07745370370370358,-0.07500000000000001,0.354421903562238,0.18142648436641742,0.21666983577660293,0.9807747981294773,0.04845823726522186,0.002453703703703569,0.006712228429262146,0.6458022194604871,0.12614186954704518,0.10555582179183885,0.0,0.9999999987499999,0.5415275159516932,0.28314673871071133,0.3959546943773023,0.4214802061446299,calm,02,17,17,male,normal,1986
110,3.6703333333333332,True,1.0,0.2678102777572457,0.2955265520217223,0.281668414889484,0.4479428181198794,-0.08666666666666667,-0.0837500000000001,0.3479646593860055,0.16459478248989515,0.2076403586265802,0.6288043997930631,0.027716274264476592,0.0029166666666665675,0.002968888655054571,0.6614027427101727,0.12401012353109916,0.10910506731421975,0.0,0.9999999987499999,0.5365979064750902,0.28226248310305785,0.3594133565144757,0.39312184817833684,calm,02,17,17,male,normal,1986
0,0.0,True,1.0,0.44290922588661435,0.4190115655707461,0.4309603957286802,0.6695663831361869,-0.07282407407407404,-0.06569444444444444,0.3322663066494207,0.3347611347113814,0.19446366956824931,0.6436410288552745,0.023897660315868263,0.007129629629629597,0.018948308453908696,0.4723986383376897,0.12063280989244302,0.11009309001188672,0.0,0.9999999987499999,0.5801465179509304,0.313042616807112,0.4007903786731719,0.4601521229765689,calm,02,17,17,male,normal,1987
10,0.33366666666666667,True,1.0,0.46439024112139016,0.4459608260611708,0.4551755335912805,0.6887995673151895,-0.07907407407407413,-0.06921296296296292,0.33286689815968556,0.3581757750038985,0.19727791968317587,0.660824360510952,0.018429415060219334,0.00986111111111121,0.017986682682010514,0.4405695887144278,0.12130987792418303,0.10986805109467404,0.0,0.9999999987499999,0.5806699503082483,0.31316196393412415,0.40597897788725557,0.46331922631014033,calm,02,17,17,male,normal,1987
20,0.6673333333333333,True,1.0,0.4844319658134843,0.4594477007621443,0.4719398332878143,0.6799655636322951,-0.07740740740740742,-0.07027777777777777,0.32968519059798757,0.36773647829093503,0.19517798222610205,0.6940643152085054,0.024984265051339993,0.007129629629629652,0.018864436124832108,0.43812986432011547,0.12198317711786122,0.10946866003087742,0.0,0.9999999987499999,0.5773564593181023,0.3138148915797432,0.407516659885755,0.4666109704370352,calm,02,17,17,male,normal,1987
30,1.0010000000000001,True,1.0,0.47579362407303916,0.41812721310502,0.4469604185890296,0.8061961044514389,-0.0861574074074074,-0.07749999999999996,0.33443589608888596,0.3484248544955196,0.20559266817864785,0.5544065719508227,0.057666410968019166,0.008657407407407447,0.020703298671194005,0.38284216039158886,0.11846197653275312,0.11071803796649858,0.0,0.9999999987499999,0.5759778912268032,0.3127417301210538,0.39978906503372963,0.46571583687485757,calm,02,17,17,male,normal,1987
40,1.3346666666666667,True,1.0,0.4771561943552245,0.4124319433500941,0.44479406885265926,0.5913583910359949,-0.07796296296296296,-0.07699074074074075,0.34776248814248417,0.24309501414751583,0.20975859763759305,0.7521565189485668,0.0647242510051304,0.0009722222222222077,0.003516627109297935,0.4754823883314359,0.12584797222466673,0.10697997167171162,0.0,0.9999999987499999,0.538204290559974,0.28287343685294064,0.39567928962167,0.4201527564103752,calm,02,17,17,male,normal,1987
50,1.6683333333333334,True,1.0,0.46066969194542096,0.4477583160725718,0.45421400400899636,0.7929982620086424,-0.08115740740740746,-0.08157407407407408,0.3554656544868218,0.31974420463629105,0.21389780617712997,0.572780579440975,0.012911375872849129,0.0004166666666666208,0.006309956656717837,0.37196049841249723,0.12739453707137968,0.10603573979826915,0.0,0.9999999987499999,0.5440988443189776,0.2834320576736877,0.40437200999855405,0.4245038158076256,calm,02,17,17,male,normal,1987
60,2.0020000000000002,True,1.0,0.4771561943552245,0.4655828468743693,0.47136952061479687,1.0041857727782852,-0.07907407407407396,-0.08050925925925928,0.35397793946376077,0.3411301992281426,0.21255169407993432,0.4694046992028743,0.0115733474808552,0.001435185185185317,0.002573269741194263,0.2887162696329664,0.12324429417340992,0.10996940667914393,0.0,0.9999999987499999,0.535402159269958,0.28451656792476576,0.3970996119602062,0.42293476927946133,calm,02,17,17,male,normal,1987
70,2.3356666666666666,True,1.0,0.4700917741666538,0.4459608260611715,0.45802630011391265,0.6423787731425344,-0.07462962962962971,-0.07606481481481486,0.335108340039329,0.23911509622241547,0.2111631452001458,0.7130159327544955,0.02413094810548233,0.0014351851851851505,0.006926380229003062,0.46710621133999214,0.12709669338695434,0.1054933978159226,0.0,0.9999999987499999,0.5391026119353992,0.28333831349819194,0.4024225063594008,0.4177541984900193,calm,02,17,17,male,normal,1987
80,2.6693333333333333,True,1.0,0.4430004135969118,0.4459608260611715,0.44448061982904163,0.4043659809218163,-0.07222222222222219,-0.07162037037037045,0.34916827271396755,0.1630507987587971,0.20561827198298474,1.099203792603368,0.0029604124642597096,0.0006018518518517424,0.010229776685349835,0.6564040562943408,0.12694807456190763,0.10549174787454345,0.0,0.9999999987499999,0.542597172861332,0.2834063707548285,0.3953599966079878,0.4190071825222647,calm,02,17,17,male,normal,1987
90,3.003,True,1.0,0.47694082923984427,0.44728216473235444,0.4621114969860993,0.43011431996440364,-0.07231481481481483,-0.07097222222222227,0.35024577743475055,0.1824462390768072,0.20837764014534624,1.074392261630219,0.02965866450748983,0.001342592592592562,0.014168292346017677,0.6504619770080716,0.12641574048721949,0.10576944344355968,0.0,0.9999999987499999,0.5435283069634104,0.28362408250834814,0.3951723693955441,0.4199460467958202,calm,02,17,17,male,normal,1987
100,3.336666666666667,True,1.0,0.4364304131494548,0.3999900505669546,0.4182102318582047,0.43719576013652506,-0.07296296296296301,-0.07222222222222224,0.3436414824789305,0.1987253455166024,0.20560046097837106,0.9565743083318291,0.03644036258250022,0.000740740740740764,0.014370939830168655,0.6654630362170112,0.12651074932911677,0.1047502991694084,0.0,0.9999999987499999,0.543643146789966,0.2839876051224957,0.3972223660014634,0.4217103935579684,calm,02,17,17,male,normal,1987
110,3.6703333333333332,True,1.0,0.45527747218731524,0.4257186829135515,0.44049807755043335,0.44676921519002905,-0.07296296296296295,-0.0712962962962963,0.3470854723381361,0.20367420104251333,0.2035175873255552,0.9859633622318218,0.029558789273763708,0.0016666666666666496,0.01794767125659282,0.6478964539918033,0.12712956252232394,0.10545378506823735,0.0,0.9999999987499999,0.5441816184208059,0.2841773533956935,0.396557796016621,0.423907879179194,calm,02,17,17,male,normal,1987
0,0.0,True,1.0,0.42141720989326287,0.37300590547255064,0.3972115576829067,0.6129483596918232,-0.0764351851851851,-0.06902777777777774,0.34384522571186654,0.31977523702693783,0.1909758177139437,0.6480342942472607,0.04841130442071223,0.007407407407407363,0.02268727626992813,0.4895766863197246,0.12253762796474865,0.1107562918504077,0.0,0.9999999987499999,0.5874075062603167,0.3169571270980798,0.3952961666268567,0.4637210829414419,calm,02,17,17,male,strong,1988
10,0.33366666666666667,True,1.0,0.3944469230628117,0.35245350867830016,0.37345021587055593,0.6450481434780196,-0.07819444444444446,-0.0702314814814815,0.3399469708893602,0.31578313788151946,0.1972469785909827,0.5789493693555317,0.04199341438451154,0.00796296296296295,0.022588975720563755,0.47056589816641764,0.12027837924572202,0.11116784861940571,0.0,0.9999999987499999,0.5882147019901711,0.3166885958393051,0.39473363067601,0.4618887632560464,calm,02,17,17,male,strong,1988
20,0.6673333333333333,True,1.0,0.4568869516685172,0.4025933348510328,0.42974014325977505,0.6584848200494975,-0.0784259259259259,-0.07083333333333336,0.34104905299879135,0.3023455575461356,0.19793555454007006,0.6526196658982542,0.0542936168174844,0.00759259259259254,0.020408477753942462,0.44813945640817954,0.12208175468274661,0.11194144636735898,0.0,0.9999999987499999,0.5859982810546094,0.31695389555424375,0.39480455360184996,0.46265300914691526,calm,02,17,17,male,strong,1988
30,1.0010000000000001,True,1.0,0.43895559378060345,0.41272787062845123,0.42584173220452737,0.7819211270949938,-0.08203703703703702,-0.07750000000000007,0.3735200969812694,0.27485168624698697,0.20142676921641706,0.5446095743526224,0.026227723152152216,0.004537037037036951,0.02495938512672304,0.32552018404136424,0.11790792202389745,0.11283785387256612,0.0,0.9999999987499999,0.5912007053055597,0.3156895600547277,0.4017337795170398,0.4720317499566485,calm,02,17,17,male,strong,1988
40,1.3346666666666667,True,1.0,0.36955158217891226,0.3668469204839389,0.3681992513314256,0.5321341294533475,-0.08634259259259253,-0.08319444444444446,0.3707246139180722,0.1855646868208306,0.21261629400533374,0.6919294045463135,0.0027046616949733537,0.0031481481481480666,0.021739414482317584,0.5235931879433953,0.12203128195649914,0.1080130439918636,0.0,0.9999999987499999,0.5473918109743897,0.286240682658592,0.3889606486734283,0.4200077719967317,calm,02,17,17,male,strong,1988
50,1.6683333333333334,True,1.0,0.37568679198177607,0.3388639414720453,0.3572753667269107,0.7242360558107308,-0.09759259259259262,-0.09254629629629624,0.37132379768691887,0.2638086456232447,0.221627286739587,0.4933134215845775,0.036822850509730776,0.005046296296296382,0.03402873207534305,0.3940219758927041,0.12100590784542205,0.11037549251449798,0.0,0.9999999987499999,0.5937552751647535,0.31407034135950973,0.3988655391037665,0.4667016708650186,calm,02,17,17,male,strong,1988
60,2.0020000000000002,True,1.0,0.4588342028057347,0.40325728744035516,0.43104574512304494,0.8875303565864846,-0.08898148148148138,-0.08712962962962961,0.38124764529052063,0.281720662785711,0.21477133407087892,0.4856687345105385,0.055576915365379564,0.0018518518518517713,0.029601795267163587,0.31413595354749874,0.11791269364348768,0.11266388983551034,0.0,0.9999999987499999,0.5918887292495122,0.3159801082355544,0.4029615040945698,0.47680522503044137,calm,02,17,17,male,strong,1988
70,2.3356666666666666,True,1.0,0.3614489939021849,0.3679070618151289,0.3646780278586569,0.5200480869600528,-0.08111111111111108,-0.0793981481481481,0.3629241794539526,0.19630816643329982,0.20980405803801264,0.7012390527006581,0.00645806791294401,0.0017129629629629717,0.03093242578809067,0.5700401627534829,0.12186406519034369,0.11166772145189896,0.0,0.9999999987499999,0.5934885402754853,0.31482404556119126,0.39744871435122825,0.4623723037649731,calm,02,17,17,male,strong,1988
80,2.6693333333333333,True,1.0,0.3830732539025545,0.3648598529255254,0.37396655341403995,0.3830144746791518,-0.07745370370370364,-0.0725925925925926,0.36952210853434225,0.1727185664606939,0.2035681893519942,0.9763770774650457,0.01821340097702906,0.004861111111111038,0.0343298477953812,0.7275909840659265,0.12600738771717312,0.10661360487924419,0.0,0.9999999987499999,0.5457034479807548,0.2836865584626656,0.38597660588217,0.41759568572368105,calm,02,17,17,male,strong,1988
90,3.003,True,1.0,0.3908665163107534,0.35462666702300594,0.3727465916668797,0.39169961426626,-0.07532407407407404,-0.07037037037037042,0.3620939745638353,0.17686748585366044,0.1986664191881459,0.951613374358605,0.03623984928774748,0.004953703703703627,0.023353431550760157,0.7285482671735043,0.12762793717278154,0.10503161453952672,0.0,0.9999999987499999,0.5453624208042592,0.28307032412398925,0.38725960822865774,0.41594175432724634,calm,02,17,17,male,strong,1988
100,3.336666666666667,True,1.0,0.37727179760314383,0.33331479795710706,0.3552932977801254,0.39116930484824697,-0.07550925925925922,-0.07101851851851848,0.3624294250609456,0.17031988674109824,0.19798180294653359,0.908285219153278,0.043956999646036776,0.00449074074074074,0.025585703713537158,0.7141301256986383,0.12711912234204178,0.10455924373178432,0.0,0.9999999987499999,0.5467559879107893,0.2836774236894464,0.3875181138323431,0.4175043099814886,calm,02,17,17,male,strong,1988
110,3.6703333333333332,True,1.0,0.40403585215444304,0.36722745400435175,0.3856316530793974,0.3975132909331981,-0.07430555555555557,-0.07097222222222227,0.3543936273983843,0.19221860766801696,0.19795521143305858,0.9701100865686592,0.03680839815009129,0.0033333333333332993,0.02467027720415867,0.7101286494073462,0.12902201534284094,0.10404934284760638,0.0,0.9999999987499999,0.548920144417142,0.28379028577734217,0.3901204219834999,0.41879974071275816,calm,02,17,17,male,strong,1988
0,0.0,True,1.0,0.42344276798381275,0.40018098275141645,0.4118118753676146,0.49879871048384067,-0.07217592592592587,-0.0668981481481481,0.3291711515944235,0.3256047137880623,0.18820457916060038,0.8256073376135078,0.023261785232396304,0.00527777777777777,0.03175262401281803,0.6412269454438675,0.12792730229699795,0.10430209888662485,0.0,0.9999999987499999,0.5471085652229641,0.2842308556229125,0.39097112703967074,0.4199852761938785,calm,02,17,17,male,strong,1989
10,0.33366666666666667,True,1.0,0.444702870874372,0.39906449487551454,0.42188368287494327,0.516671275968341,-0.07384259259259263,-0.0660648148148148,0.32548369623042683,0.32815608068259466,0.18959339380643878,0.8165417790726849,0.04563837599885745,0.007777777777777828,0.03378724197053775,0.5935210863557141,0.1292440664059427,0.10340555881658997,0.0,0.9999999987499999,0.5468246027551646,0.28337964725477605,0.39470666886761685,0.41968202451555175,calm,02,17,17,male,strong,1989
20,0.6673333333333333,True,1.0,0.2866289785728986,0.2765807702768036,0.2816048744248511,0.4764544469572776,-0.0911111111111112,-0.08361111111111114,0.3315027370453173,0.292679160273756,0.18889252403601,0.5910425985594838,0.010048208296094985,0.007500000000000062,0.03168984768879693,0.6293851267348958,0.12276848162333925,0.110154974813712,0.0,0.9999999987499999,0.5964207333402111,0.3151321538156116,0.3975011602408385,0.46227991623129305,calm,02,17,17,male,strong,1989
30,1.0010000000000001,True,1.0,0.44405896416145607,0.4207320465519399,0.432395505356698,0.8497039263152398,-0.08884259259259247,-0.08865740740740741,0.36357207750045917,0.3184646875020174,0.21323022752658174,0.5088778478778966,0.023326917609516162,0.0001851851851850661,0.0353803470489224,0.33362798921150216,0.11933215670332815,0.11218295528889967,0.0,0.9999999987499999,0.5937446197385203,0.3160268367958656,0.4035116541515438,0.4705300261059991,calm,02,17,17,male,strong,1989
40,1.3346666666666667,True,1.0,0.444541631626089,0.43354398534927896,0.43904280848768396,0.5987529577209297,-0.08407407407407402,-0.08333333333333331,0.35835516953248137,0.26735564662015815,0.2140774994815291,0.7332620287319158,0.010997646276810047,0.0007407407407407085,0.03291816744003276,0.48030145375948996,0.1267165529644535,0.1061293814385572,0.0,0.9999999987499999,0.5485528154543068,0.28606290425556896,0.3916956594025657,0.4161601119401646,calm,02,17,17,male,strong,1989
50,1.6683333333333334,True,1.0,0.4447028708743716,0.39396521081132996,0.41933404084285075,0.7559034387070913,-0.0849537037037037,-0.08300925925925934,0.36098641607894366,0.27696991813566824,0.21671736686452808,0.5547455129455239,0.050737660063041645,0.0019444444444443598,0.03166249125155068,0.3687687678196291,0.12804725719496643,0.10632718279079563,0.0,0.9999999987499999,0.5458106035929997,0.28605127501066624,0.3957720249620693,0.4110026209658923,calm,02,17,17,male,strong,1989
60,2.0020000000000002,True,1.0,0.45859983558919587,0.42205918226128675,0.4403295089252413,0.7970772067214947,-0.08523148148148146,-0.08236111111111116,0.36433382513986634,0.27995226529599043,0.21189774860577812,0.5524301851967222,0.03654065332790912,0.002870370370370301,0.03118502804469946,0.35260834347288256,0.1249318553675329,0.10573129455813621,0.0,0.7612757185942619,0.5428056810693027,0.28667319212988623,0.39214312424375136,0.4139647619808213,calm,02,17,17,male,strong,1989
70,2.3356666666666666,True,1.0,0.43771456065448017,0.40536133320472995,0.42153794692960506,0.6183097256705404,-0.08087962962962963,-0.07884259259259263,0.3480721542929967,0.23673166256835387,0.21326457363692128,0.6817585579338226,0.03235322744975022,0.002037037037037004,0.028043169611882232,0.4591131699621158,0.1283079065307098,0.10419986334861024,0.0,0.9999999987499999,0.5423985040031638,0.2868349886143589,0.400708581072098,0.4160753187468068,calm,02,17,17,male,strong,1989
80,2.6693333333333333,True,1.0,0.44470287087437144,0.4329371099468463,0.4388199904106089,0.4031743926333598,-0.07939814814814816,-0.07722222222222225,0.36281399346029486,0.1637642981570024,0.21182320498670149,1.0884123556171996,0.011765760927525126,0.0021759259259259145,0.03103926642096706,0.6707827300059607,0.12858723959138624,0.10348741140574133,0.0,0.9999999987499999,0.5412342198832658,0.2844187357343305,0.39901826004401103,0.41647856574647973,calm,02,17,17,male,strong,1989
90,3.003,True,1.0,0.4450783601536058,0.4205230769787973,0.43280071856620156,0.3942167766611622,-0.0782870370370371,-0.07643518518518527,0.3707020215337524,0.16628451447227677,0.20766864904976146,1.0978749363023763,0.024555283174808484,0.0018518518518518268,0.033078702494923576,0.7092379010098179,0.12975898109507863,0.10294391224548062,0.0,0.9999999987499999,0.5398884558745373,0.2829238056306078,0.39758182088514676,0.4158207741423349,calm,02,17,17,male,strong,1989
100,3.336666666666667,True,1.0,0.4447028708743705,0.43548115236530877,0.44009201161983963,0.4130471874266483,-0.07523148148148145,-0.0732870370370371,0.36459531067961354,0.20014903115789195,0.20419058108242358,1.0654763548002468,0.009221718509061727,0.0019444444444443598,0.03002486279390858,0.6874527292825785,0.12879921827000812,0.10303873024629437,0.0,0.9999999987499999,0.5413594673103617,0.2833883358079834,0.3974824354011216,0.41919651444771494,calm,02,17,17,male,strong,1989
0,0.0,True,1.0,0.42029914482463665,0.3659789780490034,0.39313906143682004,0.5969623910409232,-0.06981481481481477,-0.06870370370370371,0.3471476742899251,0.2984811955204616,0.18544299906649955,0.6585658784153949,0.05432016677563323,0.0011111111111110628,0.004542537744608287,0.500493583535787,0.12590298334426828,0.10762565227297775,0.0,0.9999999987499999,0.5438492866990546,0.28542086510560805,0.38015347720568593,0.41599121108981785,calm,02,17,17,male,strong,1990
10,0.33366666666666667,True,1.0,0.3646739314333729,0.35653109136035654,0.3606025113968647,0.5669658995139629,-0.0694907407407408,-0.06907407407407401,0.3556958812331974,0.2640682659936363,0.1847370903386176,0.6360215168249004,0.008142840073016355,0.0004166666666667873,0.002854256271709099,0.4989342191945498,0.12795061076291006,0.10354007881065508,0.0,0.9999999987499999,0.541070466741384,0.28623747181853093,0.40857021179904085,0.4315571891018893,calm,02,17,17,male,strong,1990
20,0.6673333333333333,True,1.0,0.3977412970012269,0.36450978466093753,0.3811255408310822,0.5117511716016188,-0.07143518518518521,-0.06958333333333327,0.35642459366441503,0.24938008388143976,0.18611766999740337,0.7447477641102026,0.03323151234028937,0.0018518518518519378,0.0024100804964324427,0.5903915416909938,0.12722827324087202,0.10442640089019041,0.0,0.9999999987499999,0.5428705653042467,0.28569100090712907,0.4062698863798206,0.4317539240424221,calm,02,17,17,male,strong,1990
30,1.0010000000000001,True,1.0,0.3562651065161981,0.3366113701076192,0.3464382383119087,0.7908035351929052,-0.09513888888888894,-0.09592592592592597,0.3517220628499438,0.33693489953763356,0.21250035903002762,0.43808382600034784,0.01965373640857887,0.0007870370370370305,0.0032152492856184606,0.3609845106097386,0.12348512394755909,0.10508638341756792,0.0,0.9999999987499999,0.5486718517328807,0.2877330407804433,0.4048753200094234,0.42851285762976515,calm,02,17,17,male,strong,1990
40,1.3346666666666667,True,1.0,0.3991452037866377,0.3795280866356334,0.38933664521113553,0.5915879306870674,-0.08657407407407397,-0.0895833333333334,0.3648180904880757,0.27054251959543085,0.21806115361267805,0.6581213459831099,0.019617117151004282,0.0030092592592594336,0.00973068110080312,0.4804733145486238,0.12386350274312195,0.10857183497523658,0.0,0.9999999987499999,0.5509065974514806,0.28549569611112635,0.391635086528405,0.4249873359441914,calm,02,17,17,male,strong,1990
50,1.6683333333333334,True,1.0,0.39900502712618985,0.37887743269419977,0.3889412299101948,0.7436804505024,-0.07574074074074066,-0.07476851851851851,0.3820304125395238,0.25779371865929995,0.20070052674847225,0.5229950977566267,0.02012759443199008,0.0009722222222221522,0.007331396869110685,0.3903096970583843,0.12502388168116785,0.10899577581941056,0.0,0.9999999987499999,0.5522253417929672,0.28730862858339407,0.40060307477326335,0.44419539162424976,calm,02,17,17,male,strong,1990
60,2.0020000000000002,True,1.0,0.37937504042564013,0.36553553879524625,0.37245528961044316,0.9584112557577844,-0.07226851851851845,-0.0718981481481481,0.3871745533910538,0.27803077160056333,0.19583956661179183,0.3886173992353157,0.01383950163039388,0.00037037037037035425,0.005391511368440035,0.291899681403112,0.12101779577557255,0.10862243189745834,0.0,0.9999999987499999,0.5455134284260579,0.28970728231924214,0.3991289120549815,0.44146297175875876,calm,02,17,17,male,strong,1990
70,2.3356666666666666,True,1.0,0.40647325759890063,0.37287430860774384,0.38967378310332224,0.5999297384462466,-0.06912037037037033,-0.06949074074074069,0.3695373337262945,0.20616922929511095,0.19723189304860722,0.6495323670944123,0.033598948991156785,0.00037037037037035425,0.0037714348270985196,0.4690839145080415,0.12549927739140915,0.10791973716107217,0.0,0.9999999987499999,0.548405771402311,0.2867095520151236,0.39531148114408526,0.4271979444719077,calm,02,17,17,male,strong,1990
80,2.6693333333333333,True,1.0,0.39306699956364166,0.3681598882215103,0.380613443892576,0.45575258377113614,-0.06916666666666665,-0.06898148148148148,0.3719010679410543,0.16005531861650832,0.1951486629573868,0.8351317303418898,0.02490711134213136,0.00018518518518517713,0.011172567933534917,0.6236082946473451,0.12464907705503685,0.10855016346912917,0.0,0.887544223028767,0.5483281992406338,0.28414386837733674,0.3891337978464273,0.42185427375681267,calm,02,17,17,male,strong,1990
90,3.003,True,1.0,0.38390713639743335,0.36003210386398704,0.3719696201307102,0.32489782962584807,-0.06657407407407401,-0.06856481481481475,0.36748994283772934,0.14981266841104765,0.18958695516515212,1.1448818250311796,0.023875032533446305,0.0019907407407407374,0.014582126662684191,0.8895161028446719,0.12750628014336732,0.1051792704091479,0.0,0.9999999987499999,0.5482146738070228,0.28284642265694626,0.38930286242989137,0.42020059970641027,calm,02,17,17,male,strong,1990
100,3.336666666666667,True,1.0,0.3933361632963192,0.3806348992584311,0.3869855312773751,0.3426461290907711,-0.07481481481481478,-0.07472222222222213,0.37452856541029644,0.1467299544239471,0.19722222222222224,1.1294028982736821,0.012701264037888127,9.259259259264407e-05,0.009342142884356803,0.846085384076255,0.11856009705151327,0.11112847989747023,0.0,0.9999999987499999,0.5938819779630603,0.3138049613184339,0.39766867314275933,0.4705949699047137,calm,02,17,17,male,strong,1990
110,3.6703333333333332,True,1.0,0.3802440261660056,0.36704079571348713,0.37364241093974637,0.35796418121735807,-0.07217592592592587,-0.07449074074074069,0.38270364097609944,0.1609707387599073,0.19930593835407734,1.0437983199019245,0.013203230452518477,0.002314814814814825,0.01543307693738036,0.8084333194283857,0.11936352338309789,0.11214958031915546,0.0,0.9999999987499999,0.5948597963951207,0.31331303932191884,0.39719017235460874,0.4679602550967331,calm,02,17,17,male,strong,1990
0,0.0,True,1.0,0.4434897085457698,0.4078231063483195,0.42565640744704464,0.7154500563509865,-0.06851851851851853,-0.07018518518518518,0.34583226709819936,0.31796055282656316,0.18474245908657996,0.5949491563646275,0.035666602197450326,0.0016666666666666496,0.004938543537917267,0.41705536019217804,0.12833368637314888,0.10489714549116375,0.0,0.9999999987499999,0.5524903469043868,0.28523114721726567,0.3890647707516734,0.42270801352319903,calm,02,17,17,male,strong,1991
10,0.33366666666666667,True,1.0,0.43412895062649126,0.39910366933887764,0.41661630998268445,0.658089507244539,-0.06962962962962965,-0.07138888888888889,0.3472817798302167,0.3355407256952309,0.18265935656628304,0.6330693703461137,0.03502528128761362,0.0017592592592592382,0.006161623701967461,0.44988613698054125,0.12643467171178688,0.10646503740081058,0.0,0.9999999987499999,0.5556488355342136,0.2854226640931943,0.3883311571457202,0.4223784506498883,calm,02,17,17,male,strong,1991
20,0.6673333333333333,True,1.0,0.212350770758416,0.21516563857083018,0.21375820466462309,0.5620917823852017,-0.08500000000000002,-0.08486111111111105,0.3487067024128429,0.3005508993770083,0.18683169220295517,0.380290570620964,0.00281486781241419,0.0001388888888889661,0.009802006412140131,0.5366575262576229,0.1275111321020652,0.10661272517929585,0.0,0.9999999987499999,0.5570205413024585,0.28668074199902865,0.38728303891893706,0.4195348611475607,calm,02,17,17,male,strong,1991
30,1.0010000000000001,True,1.0,0.4281531240908835,0.4128410952340575,0.4204971096624705,0.8475601742797007,-0.09388888888888886,-0.09597222222222224,0.3415474290922415,0.3900068619899574,0.21112412083566012,0.4961265552853874,0.015312028856826032,0.0020833333333333814,0.003513626100406297,0.3573672388595717,0.12266541918208304,0.10711462289548641,0.0,0.9999999987499999,0.5529779581676421,0.28477608882569283,0.3852483588305467,0.42234823150332546,calm,02,17,17,male,strong,1991
40,1.3346666666666667,True,1.0,0.3858254930260505,0.36185800902089893,0.3738417510234747,0.5745458055840411,-0.08851851851851855,-0.09189814814814806,0.358602968556826,0.26165577899618586,0.21321197890506985,0.650673536191696,0.023967484005151585,0.0033796296296295103,0.016428474455191446,0.500337252567258,0.1258185309099858,0.10719247958214043,0.0,0.9999999987499999,0.5481893782278536,0.2825260556022872,0.3970299943220691,0.4259180741560958,calm,02,17,17,male,strong,1991
50,1.6683333333333334,True,1.0,0.44348970854576986,0.3972975526546132,0.4203936306001915,0.5279270975133599,-0.0926851851851852,-0.09263888888888894,0.35590298271461174,0.21871142846825548,0.22017354334773528,0.7963100067799663,0.04619215589115666,4.6296296296266526e-05,0.010779347390456474,0.5368254807131915,0.12068036947182492,0.10882225912959516,0.0,0.9999999987499999,0.6004306192320678,0.31486700137486745,0.4026823292132614,0.4710936605127011,calm,02,17,17,male,strong,1991
60,2.0020000000000002,True,1.0,0.4074333312238339,0.3851914395691266,0.3963123853964803,0.6262790976213698,-0.08777777777777773,-0.09356481481481482,0.35934264219289835,0.27477782593312344,0.21741164936522328,0.6328047461613979,0.022241891654707302,0.0057870370370370905,0.011461796821179916,0.47239863833768875,0.11641023872779278,0.11168550712157138,0.0,0.9999999987499999,0.6005791665494322,0.31523220480924535,0.40060060435341066,0.4741174895235451,calm,02,17,17,male,strong,1991
70,2.3356666666666666,True,1.0,0.376227340598238,0.3717573302308385,0.37399233541453825,0.6301265949727446,-0.08328703703703705,-0.08805555555555561,0.36639802187202575,0.29608456271525635,0.20698904855374692,0.5935193632490863,0.0044700103673994684,0.004768518518518561,0.009773903244551647,0.472803427774253,0.12839731843270868,0.1053631180838229,0.0,0.9999999987499999,0.5498872337059824,0.28420859058255027,0.3951028134079015,0.4243284685594682,calm,02,17,17,male,strong,1991
80,2.6693333333333333,True,1.0,0.3610109206920622,0.36720615140481166,0.36410853604843696,0.33042885511944825,-0.08273148148148152,-0.08782407407407405,0.37633954620259885,0.15895745062594263,0.20626812479547257,1.1019271785958695,0.006195230712749467,0.0050925925925925375,0.015439187976136212,0.8151623094134826,0.1271561143109139,0.10505970279071972,0.0,0.9999999987499999,0.5497494701786965,0.28273709151039916,0.39320481711243027,0.42445988073015245,calm,02,17,17,male,strong,1991
90,3.003,True,1.0,0.37861349315572146,0.36169512974947127,0.37015431145259636,0.3338532866481479,-0.08407407407407402,-0.08865740740740746,0.3727658633254175,0.16635003834266182,0.20769179289336967,1.1087334654359913,0.016918363406250192,0.004583333333333439,0.006407284511632248,0.833729152484185,0.11874830251079248,0.10814440876873616,0.0,0.9999999987499999,0.6014444637542516,0.3131853686335944,0.39718305417217026,0.4692013182052785,calm,02,17,17,male,strong,1991
100,3.336666666666667,True,1.0,0.3939107856824627,0.36582593183901013,0.37986835876073644,0.3452857289820345,-0.07930555555555563,-0.08314814814814814,0.3600343593124711,0.1662126177911583,0.20004615251177826,1.100156556949683,0.02808485384345255,0.0038425925925925086,0.014695605091446158,0.792360621964236,0.11683295237626072,0.10916872285910019,0.0,0.9999999987499999,0.6007429147518382,0.31331652480135225,0.3992357922759142,0.4695841655571103,calm,02,17,17,male,strong,1991
0,0.0,True,1.0,0.4568869516685188,0.4233490808807232,0.440118016274621,0.6817042606516286,-0.06712962962962965,-0.06259259259259259,0.35365076039455057,0.3609022556390974,0.17849957907496103,0.6456142959322569,0.033537870787795576,0.004537037037037062,0.02475252766157773,0.4411764705882355,0.12214602148051729,0.10805972807818398,0.0,0.9999999987499999,0.5526426653942826,0.2912795887666237,0.3797268399069337,0.4199296530967607,happy,03,17,17,male,normal,1992
10,0.33366666666666667,True,1.0,0.4346297866351337,0.3961012239902902,0.41536550531271194,0.6582079669034668,-0.06569444444444444,-0.06259259259259264,0.3574362803059849,0.3159398241136641,0.18059780572044007,0.6310551166173133,0.0385285626448435,0.0031018518518518,0.018786304275472385,0.45044422518220767,0.12609180904504058,0.1082876616774417,0.0,0.9999999987499999,0.5479311523281188,0.2897632228716338,0.38643314971710985,0.4243876238613921,happy,03,17,17,male,normal,1992
20,0.6673333333333333,True,1.0,0.436118030531312,0.4092951750929368,0.42270660281212435,0.692278344951265,-0.06768518518518513,-0.06375000000000008,0.35917224487830435,0.2938917502151594,0.1861701327690947,0.6106020878666688,0.026822855438375204,0.003935185185185042,0.019843193559400715,0.4143449093426675,0.1249272050018394,0.10770056642006404,0.0,0.9999999987499999,0.5479838247252027,0.290434305766306,0.39417869878146855,0.42784655096904023,happy,03,17,17,male,normal,1992
30,1.0010000000000001,True,1.0,0.4237731526823595,0.43195648507564105,0.4278648188790003,0.8172237754340205,-0.09203703703703703,-0.09379629629629632,0.41403921657049403,0.23832784352271724,0.2202068064974311,0.5235589464486211,0.008183332393281562,0.0017592592592592937,0.009680225235516739,0.34482841747378706,0.11960480035043217,0.11103761108884445,0.0,0.9999999987499999,0.5524133484096764,0.29255397039184877,0.4098047207561749,0.45481511761632976,happy,03,17,17,male,normal,1992
40,1.3346666666666667,True,1.0,0.43641060287780126,0.3992487100075097,0.41782965644265546,0.770546624021974,-0.08634259259259258,-0.08759259259259256,0.38033042631388203,0.22370708439347645,0.2236687648418109,0.542250972772726,0.037161892870291535,0.0012499999999999734,0.005546949569486601,0.3629032258064521,0.12248253681706872,0.11133178552809071,0.0,0.9999999987499999,0.5488522907756853,0.2907339203015476,0.40448679576558444,0.4355164136765676,happy,03,17,17,male,normal,1992
50,1.6683333333333334,True,1.0,0.45016783143550315,0.43462978663513363,0.44239880903531836,0.46590038314176274,-0.08162037037037034,-0.0819907407407407,0.3835936412102433,0.09808429118773912,0.21740357807134272,0.9495566542616614,0.015538044800369522,0.00037037037037035425,0.0002610157569079192,0.5476973684210527,0.12493124071300848,0.1085768087047548,0.0,0.9999999987499999,0.5546450607821254,0.28897963385184533,0.3998471095849318,0.42950957900623593,happy,03,17,17,male,normal,1992
60,2.0020000000000002,True,1.0,0.42935105214868724,0.3989482766965938,0.4141496644226405,0.6051528467926232,-0.07787037037037048,-0.07851851851851854,0.3760129841586637,0.17019923816042543,0.21391777955388394,0.6843720005907258,0.030402775452093467,0.0006481481481480644,0.0013610337277326742,0.45703125,0.11941305826503491,0.11055661476606228,0.0,0.9999999987499999,0.5580167847138856,0.2898216358000935,0.39116849349612703,0.4233148163400183,happy,03,17,17,male,normal,1992
70,2.3356666666666666,True,1.0,0.4347776052030518,0.38094200817449125,0.40785980668877153,0.6349096247957547,-0.07800925925925928,-0.0767592592592593,0.3703347036661438,0.2095069187423582,0.20627996053698627,0.6423903351913695,0.053835597028560556,0.0012499999999999734,0.004151695259398858,0.4612208142937713,0.12949140318452518,0.10474564585095623,0.0,0.9148621512717422,0.5535912054274835,0.2920337136444298,0.4167672497176097,0.4377058487157171,happy,03,17,17,male,normal,1992
80,2.6693333333333333,True,1.0,0.40168875539660437,0.38736911112772004,0.3945289332621622,0.3949247801420799,-0.0759259259259259,-0.07555555555555565,0.3560069472324226,0.1842982307329701,0.19935186884018485,0.9989976651255582,0.014319644268884324,0.00037037037037024323,0.011709049183521527,0.6945503391483678,0.1260182946935634,0.10606318901628768,0.0,0.9999999987499999,0.552870622178559,0.28994591238991796,0.40208547108645104,0.4302843773172919,happy,03,17,17,male,normal,1992
90,3.003,True,1.0,0.43370540285989656,0.41229176668964684,0.4229985847747717,0.42439457508616374,-0.07699074074074069,-0.07680555555555557,0.3542305748114988,0.21219728754308131,0.20004615251177824,0.996710631112312,0.021413636170249717,0.00018518518518512161,0.012250364510819805,0.6511409429515936,0.12574712751663517,0.10476036967992773,0.0,0.9999999987499999,0.554679797012555,0.2898940726692142,0.39737494536296486,0.42974188652370127,happy,03,17,17,male,normal,1992
100,3.336666666666667,True,1.0,0.43614115917668145,0.41229176668964634,0.4242164629331639,0.4538916491153042,-0.07671296296296298,-0.0765277777777778,0.3623839032935182,0.22691652122297265,0.19726090268305607,0.9346205504331678,0.023849392487035104,0.00018518518518517713,0.009999723237402704,0.6106354300440303,0.12767889765812115,0.10442374083545841,0.0,0.9999999987499999,0.5555678252941801,0.29088223969939625,0.39704194177208313,0.4295991865171894,happy,03,17,17,male,normal,1992
0,0.0,True,1.0,0.41306256294950844,0.3757638727241792,0.3944132178368438,0.7878070393008403,-0.06532407407407403,-0.06587962962962962,0.3608625480115336,0.31506743763909983,0.18827388599143427,0.5006469835391113,0.03729869022532922,0.0005555555555555869,0.005652227869270989,0.37825216496495545,0.12374042734867136,0.10888719506213741,0.0,0.9999999987499999,0.5603012178230667,0.29412454869675847,0.3905251840312845,0.4352223348213801,happy,03,17,17,male,normal,1993
10,0.33366666666666667,True,1.0,0.4219200025800487,0.40357612555639955,0.4127480640682241,0.6174703575845372,-0.06495370370370368,-0.06578703703703698,0.4005690462876306,0.23142955376960286,0.18625903980083214,0.6684500057344295,0.018343877023649147,0.0008333333333332971,0.014483450520614559,0.4605504721502025,0.121494933025843,0.11001029168828284,0.0,0.9999999987499999,0.5592731622961685,0.29361521446618705,0.3927984198559265,0.4382139191362948,happy,03,17,17,male,normal,1993
20,0.6673333333333333,True,1.0,0.39212396943307737,0.3814920911489627,0.38680803029102007,0.64901481139382,-0.06462962962962954,-0.06587962962962962,0.40199868050424814,0.21812253842197474,0.1869100802161825,0.5959926083355689,0.01063187828411466,0.0012500000000000844,0.013789119052340999,0.4427721341797017,0.12054214836940952,0.10984600976807542,0.0,0.9999999987499999,0.5563970650916616,0.29369083266698726,0.3969881313393645,0.44600028050035095,happy,03,17,17,male,normal,1993
30,1.0010000000000001,True,1.0,0.1596697705000177,0.19932572230071047,0.1794977464003641,0.775474276855626,-0.10365740740740742,-0.10847222222222214,0.43860098403203784,0.1911140363483405,0.2160414497224258,0.231468343641503,0.03965595180069276,0.004814814814814716,0.004572025836213184,0.3654777793795627,0.11852685780567108,0.11167690664932982,0.0,0.9999999987499999,0.5573022387705082,0.2937428342212824,0.40549927883240316,0.4546478991931431,happy,03,17,17,male,normal,1993
40,1.3346666666666667,True,1.0,0.4497705704009522,0.42805861055256195,0.43891459047675707,0.7372111835400971,-0.09342592592592591,-0.09532407407407406,0.38431766153082486,0.20616922929511206,0.226445835390853,0.5953715845289865,0.02171195984839025,0.0018981481481481488,0.006319314646375382,0.37182203389830476,0.11996982712924718,0.1111584983888315,0.0,0.9999999987499999,0.5560884614939726,0.2900463491587664,0.4052619819490695,0.4403811212816704,happy,03,17,17,male,normal,1993
50,1.6683333333333334,True,1.0,0.4771561943552236,0.46891022633922125,0.47303321034722245,0.4220891393786565,-0.08749999999999991,-0.09106481481481482,0.37162098227008333,0.12149286137813785,0.22300426627707765,1.1206950528117332,0.008245968016002359,0.0035648148148149095,0.00418526933221601,0.6135472377953398,0.12303448408539096,0.11020409328834974,0.0,0.9999999987499999,0.5546752245038641,0.28846466940315024,0.39334209510873924,0.42698575674595973,happy,03,17,17,male,normal,1993
60,2.0020000000000002,True,1.0,0.43017593485371564,0.41846961037466696,0.42432277261419127,0.5753963168471181,-0.08421296296296293,-0.08763888888888888,0.3715108045596962,0.1278558598393537,0.22232142035749353,0.7374443669352391,0.01170632447904868,0.0034259259259259434,0.0043282420042016125,0.4754823883314367,0.1201554128424105,0.10974935224210619,0.0,0.9999999987499999,0.552868373341524,0.2923696730274361,0.40235862729754956,0.4320869412360613,happy,03,17,17,male,normal,1993
70,2.3356666666666666,True,1.0,0.45842300896392474,0.44720102259123684,0.4528120157775808,0.6678027915305155,-0.07944444444444437,-0.08134259259259263,0.37693017887892205,0.19528981796112607,0.2146984988792584,0.6780624782052732,0.011221986372687898,0.0018981481481482598,0.004563333754388276,0.4367500902701376,0.12392580099498095,0.1100697144406016,0.0,0.9999999987499999,0.5560225990239847,0.2902929517079188,0.4002045912142958,0.4358453584036023,happy,03,17,17,male,normal,1993
80,2.6693333333333333,True,1.0,0.4161713546267212,0.39322004577363495,0.4046957002001781,0.3680562616613542,-0.0741666666666666,-0.07611111111111107,0.37227360731135306,0.14592589714873888,0.20635687630992727,1.0995484722184554,0.022951308853086272,0.0019444444444444708,0.006144530452935474,0.7377363740429215,0.12282215475475697,0.11112857662652392,0.0,0.9999999987499999,0.5600553811915392,0.28908401981264426,0.3857930129529312,0.4256491705730643,happy,03,17,17,male,normal,1993
90,3.003,True,1.0,0.4726168560058501,0.42483280263333323,0.4487248293195917,0.3578466815923221,-0.07356481481481475,-0.07597222222222216,0.385968745459437,0.15421525212450155,0.20217995971686,1.2539583357958948,0.047784053372516844,0.0024074074074074137,0.00781683446949026,0.7764819217593143,0.1229491677391787,0.10838258707233753,0.0,0.9999999987499999,0.557928921662415,0.29032329458138456,0.3859770623897214,0.42577330612821424,happy,03,17,17,male,normal,1993
100,3.336666666666667,True,1.0,0.4286755714952869,0.4265979323615262,0.42763675192840656,0.37546917125649765,-0.07115740740740739,-0.07249999999999995,0.3795238357197182,0.16270330754448245,0.20009763241977654,1.1389397177332334,0.002077639133760689,0.001342592592592562,0.0072233037714710836,0.7507403753036804,0.1223378459931357,0.10924668605299666,0.0,0.9999999987499999,0.5584116693161639,0.28981279747537225,0.3833907693565817,0.4251087745622796,happy,03,17,17,male,normal,1993
0,0.0,True,1.0,0.3853468322114087,0.3702191138788939,0.3777829730451513,0.6310720994492229,-0.0693981481481481,-0.06662037037037033,0.35664728091897946,0.3219543479047402,0.18333707863421062,0.5986367855192247,0.015127718332514806,0.002777777777777768,0.006381714019302149,0.47063225612625964,0.1273303116395903,0.10647133803442282,0.0,0.9999999987499999,0.5442340984362496,0.28727082000042176,0.39084952003070494,0.4247443221094227,happy,03,17,17,male,normal,1994
10,0.33366666666666667,True,1.0,0.4186118874639045,0.3896485059476827,0.4041301967057936,0.6175305049126303,-0.07115740740740739,-0.06814814814814812,0.36454009356257144,0.3212832489037889,0.18405430888416371,0.6544295277574521,0.028963381516221798,0.003009259259259267,0.006435198094853106,0.4595158694795585,0.12681420100820523,0.10672911792264055,0.0,0.9999999987499999,0.5411770864439526,0.28611774151551894,0.3930051826724198,0.42510088129143175,happy,03,17,17,male,normal,1994
20,0.6673333333333333,True,1.0,0.40171541663586696,0.37132134485376017,0.3865183807448136,0.6393197523099958,-0.06953703703703706,-0.0673611111111111,0.35983997488303565,0.30685406361444717,0.18681209006022537,0.6045775675602731,0.03039407178210679,0.00217592592592597,0.015977080142535557,0.4612208142937713,0.1253061484603417,0.10779099942484212,0.0,0.9999999987499999,0.539894531648597,0.28566085219784865,0.39060217067766884,0.42290830111753364,happy,03,17,17,male,normal,1994
30,1.0010000000000001,True,1.0,0.409249353763976,0.37748956377861403,0.39336945877129503,0.7663838371597915,-0.09949074074074071,-0.09837962962962965,0.36090874868559936,0.31932659881657954,0.22162728673958704,0.5132799515046104,0.03175978998536194,0.0011111111111110628,0.024572412546165098,0.3843749999999993,0.12155779949168277,0.1104594778814027,0.0,0.9999999987499999,0.5466980322363321,0.2857231767284048,0.3822480823180778,0.4217692765099918,happy,03,17,17,male,normal,1994
40,1.3346666666666667,True,1.0,0.4037389543715116,0.3789994993537332,0.39136922686262243,0.6384976525821592,-0.0918518518518518,-0.09212962962962962,0.3692223181124182,0.20031298904538267,0.23408286593666042,0.6129532744245488,0.024739455017778356,0.0002777777777778212,0.014140215882755398,0.4305937293168911,0.12295327879769065,0.10960155972475451,0.0,0.9999999987499999,0.5441191957564275,0.28987074184116235,0.3974440533751381,0.4146471343711563,happy,03,17,17,male,normal,1994
50,1.6683333333333334,True,1.0,0.36799410305532526,0.31926706659771986,0.34363058482652253,0.4137270938206225,-0.07731481481481484,-0.07287037037037031,0.3761450101444286,0.09126332951925474,0.21464341196030237,0.8305730757278097,0.0487270364576054,0.004444444444444529,0.01032991721158449,0.6286764705882367,0.1224409926002115,0.1100005002027219,0.0,0.9999999987499999,0.5504810579309849,0.28720180859544847,0.39655580594568346,0.42111714343686113,happy,03,17,17,male,normal,1994
60,2.0020000000000002,True,1.0,0.3672061514048116,0.36245488385201885,0.36483051762841523,0.5795821984372227,-0.06912037037037044,-0.0683333333333333,0.37251107743881107,0.16029849000956312,0.20626812479547246,0.6294715721292667,0.0047512675527927595,0.0007870370370371416,0.0085781722783253,0.480576519617152,0.12109602420080788,0.10853521330887679,0.0,0.9999999987499999,0.5514608378898433,0.28796311570272987,0.40526222216888663,0.4257583905565015,happy,03,17,17,male,normal,1994
70,2.3356666666666666,True,1.0,0.3737301131344735,0.37602067300786957,0.37487539307117157,0.570817919421455,-0.07226851851851845,-0.07069444444444445,0.37918211423832143,0.17001869373189504,0.20209277153915411,0.6567337504945914,0.0022905598733960475,0.0015740740740740056,0.005805225377001938,0.47916166908965324,0.12612202409994178,0.10754618183308895,0.0,0.9999999987499999,0.5505161687643807,0.2871543346171707,0.4061873141455822,0.43279770674266455,happy,03,17,17,male,normal,1994
80,2.6693333333333333,True,1.0,0.40056584621593244,0.37792435237338495,0.38924509929465867,0.34236989365587756,-0.07013888888888886,-0.06814814814814818,0.37665871971997217,0.12227496201995591,0.1993300531789139,1.136913924113597,0.02264149384254749,0.001990740740740682,0.0015063338855637548,0.7842957212557647,0.12455732247832958,0.1079517856553675,0.0,0.9157923379373359,0.5504127824020234,0.2856751817586569,0.3926460112299847,0.41807197021099507,happy,03,17,17,male,normal,1994
90,3.003,True,1.0,0.4200223661855311,0.3959260482434548,0.40797420721449296,0.38783296345241836,-0.07314814814814813,-0.0704629629629629,0.36813502900998124,0.15638425945661988,0.2028018559715217,1.0519327794697515,0.02409631794207634,0.002685185185185235,0.0030898490288961324,0.7083961353277902,0.12557044377696383,0.10587567483339735,0.0,0.9999999987499999,0.5495420191670418,0.2859350031293464,0.3947016175485281,0.41943781888706216,happy,03,17,17,male,normal,1994
100,3.336666666666667,True,1.0,0.39578695327608815,0.36940115639101573,0.3825940548335519,0.4317460317460312,-0.07074074074074066,-0.06870370370370371,0.36269045385492926,0.17777777777777715,0.2000137324387066,0.8861553475924191,0.02638579688507242,0.0020370370370369484,0.002092051217173353,0.6286764705882367,0.12583458773791892,0.10717362981772663,0.0,0.9999999987499999,0.5512278030978016,0.2859221942752798,0.389816505995355,0.419149004407736,happy,03,17,17,male,normal,1994
0,0.0,True,1.0,0.438397299480953,0.43194837346147774,0.4351728364712154,0.826704761669252,-0.0667592592592593,-0.06504629629629627,0.332586527010361,0.3995037490428106,0.18126515292262468,0.5263944961349084,0.006448926019475276,0.0017129629629630272,0.0032216290050204282,0.3655607469217011,0.12547666346597172,0.10741523810661524,0.0,0.9999999987499999,0.5472543811196354,0.28745122592311345,0.387959424965296,0.41894650057507576,happy,03,17,17,male,normal,1995
10,0.33366666666666667,True,1.0,0.4202991448246367,0.40745873683115363,0.41387894082789517,0.7811815161744265,-0.06972222222222219,-0.06611111111111106,0.33904494806318414,0.4040404040404038,0.18264264843016134,0.529811487162072,0.012840407993483072,0.0036111111111111205,0.01691124605503571,0.39798421558282565,0.12638210292373175,0.10652743524665893,0.0,0.9999999987499999,0.5455057177714836,0.2866577419781229,0.39169224170924727,0.42029202367715063,happy,03,17,17,male,normal,1995
20,0.6673333333333333,True,1.0,0.4403547694889953,0.3959472239912631,0.41815099674012923,0.7524178866704948,-0.07226851851851845,-0.06481481481481483,0.35430603294986424,0.35024702784022943,0.18889535132429544,0.5557430307650959,0.04440754549773224,0.007453703703703629,0.022948856693502984,0.3976106118423659,0.11912818642278021,0.1115487989289965,0.0,0.9999999987499999,0.5898182028827156,0.31665619002229883,0.39805164519190506,0.46317686929541263,happy,03,17,17,male,normal,1995
30,1.0010000000000001,True,1.0,0.3886173359857407,0.3645566199633064,0.37658697797452356,0.8751250534255146,-0.09986111111111112,-0.10009259259259262,0.3743390143941244,0.2649278388420165,0.23342780970748767,0.43032361660821355,0.024060716022434314,0.00023148148148149916,0.007325412330152663,0.32503736174512776,0.11665661836801276,0.11578830773601004,0.0,0.9999999987499999,0.5930750513642957,0.3143442964713386,0.40499594346360457,0.47316991252677243,happy,03,17,17,male,normal,1995
40,1.3346666666666667,True,1.0,0.4440343076229054,0.4128410952340575,0.4284377014284815,0.6173230118814004,-0.07685185185185184,-0.07569444444444445,0.3729581183721025,0.18518518518518562,0.21187614445887956,0.6940251589240813,0.031193212388847924,0.0011574074074073848,0.003782986356189132,0.4616541875898176,0.12113312642388961,0.10849380299456571,0.0,0.9999999987499999,0.5487424272755976,0.2884478588456229,0.4065756809396815,0.43105549578781793,happy,03,17,17,male,normal,1995
50,1.6683333333333334,True,1.0,0.44389723230154604,0.43357147477215996,0.438734353536853,0.4197530864197534,-0.07935185185185178,-0.07699074074074075,0.3738307374480154,0.11111111111111166,0.21462634991820104,1.0452200775436784,0.010325757529386081,0.002361111111111036,0.008204420062218163,0.6121323529411762,0.1241417840422665,0.10790097414487446,0.0,0.9999999987499999,0.54851486621211,0.2854418248343872,0.3975037965477815,0.42411735528302186,happy,03,17,17,male,normal,1995
60,2.0020000000000002,True,1.0,0.4170456769043541,0.41243194335009414,0.41473881012722413,0.6954591194759747,-0.08587962962962964,-0.08523148148148146,0.35732475751613274,0.21892895657522357,0.22228023619498505,0.5963525367813538,0.00461373355425998,0.0006481481481481755,0.007265968849339533,0.40622796132040456,0.12115692831879253,0.11055489901508846,0.0,0.9999999987499999,0.5486113403173769,0.28715216694399126,0.3969859400308756,0.42207256407096183,happy,03,17,17,male,normal,1995
70,2.3356666666666666,True,1.0,0.43111166621106495,0.37637905576926695,0.40374536099016595,0.6825862655295132,-0.07953703703703702,-0.0757870370370371,0.3690984408115423,0.2047330551669691,0.215405677347311,0.591493531849725,0.054732610441798,0.00374999999999992,0.01389501829121895,0.4094091131041175,0.12382236930118243,0.10756118183164426,0.0,0.9999999987499999,0.5483692973048594,0.286701032260581,0.3988135578326434,0.42308238071346815,happy,03,17,17,male,normal,1995
80,2.6693333333333333,True,1.0,0.43095324684904823,0.39333616329631954,0.41214470507268386,0.3335239837852735,-0.07347222222222222,-0.07175925925925924,0.38518067676807477,0.17240495522101798,0.20431608584256844,1.2357273392909198,0.03761708355272869,0.0017129629629629717,0.014496596169064903,0.8630113497251402,0.1251183098007223,0.10783243948247233,0.0,0.9999999987499999,0.5542797386532738,0.28477786946847694,0.3899955975269525,0.4157743365482406,happy,03,17,17,male,normal,1995
90,3.003,True,1.0,0.42264646980296966,0.3898002211187127,0.40622334546084116,0.363186627567349,-0.07185185185185189,-0.06898148148148142,0.37765059765240405,0.19971754164792274,0.19872209579505942,1.1184975288923915,0.03284624868425695,0.0028703703703704675,0.014357581987360863,0.7936843129046313,0.12487909170356457,0.10740215601740957,0.0,0.9999999987499999,0.5542551325061275,0.2855033786925914,0.39014044522353736,0.42004854845380984,happy,03,17,17,male,normal,1995
100,3.336666666666667,True,1.0,0.40888233672813845,0.3789994993537332,0.39394091804093584,0.3471886976294905,-0.07069444444444445,-0.06944444444444442,0.3832894380793458,0.1855314752502761,0.1980033818393895,1.134659396261044,0.029882837374405224,0.0012500000000000289,0.010572193412524317,0.8367407674543085,0.1258738302871898,0.10730523377740274,0.0,0.9999999987499999,0.5502456367781488,0.2850416794142934,0.39363692948109114,0.42024793023057294,happy,03,17,17,male,normal,1995
0,0.0,True,1.0,0.44886626284995496,0.43692419167320456,0.44289522726157976,0.721546719808632,-0.0773611111111111,-0.08004629629629623,0.34238882451288266,0.3741353361970684,0.19872209579505937,0.6138136521208828,0.01194207117675039,0.002685185185185124,0.012387386262512467,0.4286862672440001,0.11950043093264756,0.11200368783136173,0.0,0.9999999987499999,0.593047190469938,0.3172637383970165,0.39263737499555074,0.46337071474555286,happy,03,17,17,male,strong,1996
10,0.33366666666666667,True,1.0,0.47421880053205095,0.4368717500217101,0.4555452752768805,0.7472171024277123,-0.0804629629629629,-0.08194444444444438,0.35529734618108727,0.3735909822866353,0.20356818935199425,0.6096558467369275,0.03734705051034087,0.0014814814814814725,0.011199776044523537,0.40730843164339936,0.12007399550715826,0.11104596700821465,0.0,0.9999999987499999,0.5921350017585159,0.31659719214782156,0.4009226198054997,0.4703762475770464,happy,03,17,17,male,strong,1996
20,0.6673333333333333,True,1.0,0.4297088525937389,0.42611246059463453,0.4279106565941867,0.7485415529777593,-0.08476851851851847,-0.08953703703703703,0.3789773566291055,0.3077539249966055,0.21606263738000825,0.571659188313492,0.003596391999104387,0.004768518518518561,0.011875424397573274,0.40196654463450426,0.1191025519035873,0.11174679154618695,0.0,0.9999999987499999,0.5886711157353567,0.315745219128178,0.4054084986973376,0.47952225425552975,happy,03,17,17,male,strong,1996
30,1.0010000000000001,True,1.0,0.36884569669862943,0.3658259318390102,0.3673358142688198,0.9452728754010142,-0.1068055555555556,-0.10731481481481481,0.4764947516707084,0.23149539805739125,0.2417285357675842,0.38860293554174447,0.003019764859619245,0.0005092592592592093,0.015921675263358394,0.2986437655616997,0.11637054671955857,0.11341927311275006,0.0,0.9999999987499999,0.5792056324170294,0.31591344047918785,0.422535471551719,0.48522185225377823,happy,03,17,17,male,strong,1996
40,1.3346666666666667,True,1.0,0.4380983687445184,0.39015849493319926,0.41412843183885883,0.7781517427076347,-0.10152777777777777,-0.1049074074074074,0.3797110798805813,0.25735011083102777,0.2465973996039699,0.53219495518685,0.047939873811319145,0.0033796296296296213,0.003810543422040678,0.374910565309161,0.12434149538729333,0.11046564376515904,0.0,0.9999999987499999,0.5298329045680772,0.2837340461237379,0.3903767783215478,0.4175238928236552,happy,03,17,17,male,strong,1996
50,1.6683333333333334,True,1.0,0.5041899792909205,0.5137654543335222,0.5089777168122214,0.3978243978243985,-0.09504629629629635,-0.09791666666666665,0.3684600214168595,0.062160062160062944,0.24175788648598082,1.2794029717525934,0.0095754750426017,0.002870370370370301,0.002718536038990596,0.6335836350918854,0.12691547770435513,0.10767558402185881,0.0,0.9999999987499999,0.5274718067695828,0.28052258164548377,0.39150730999669275,0.4111330180345128,happy,03,17,17,male,strong,1996
60,2.0020000000000002,True,1.0,0.4976044133451646,0.47694082923984427,0.4872726212925044,0.688922695258556,-0.10425925925925933,-0.10731481481481492,0.37710838934855717,0.17524373167133211,0.25005156938822765,0.7072965147557356,0.02066358410532032,0.003055555555555589,0.0023102202660542767,0.38644573481121114,0.11461172960597685,0.11285713016170124,0.0,0.9999999987499999,0.5765653897574654,0.3133822923723779,0.39983622871816543,0.4568959348188816,happy,03,17,17,male,strong,1996
70,2.3356666666666666,True,1.0,0.4583965494044343,0.44059181211354304,0.44949418075898867,0.8577262436697117,-0.08782407407407411,-0.09027777777777779,0.3864770753742922,0.23488195007649545,0.23764162358426527,0.524053197714768,0.01780473729089127,0.00245370370370368,0.008289397183536999,0.3323085826198895,0.12033742458038053,0.11263666744979181,0.0,0.9999999987499999,0.5795886273884554,0.3132938260637776,0.41662565540690316,0.4821455809436862,happy,03,17,17,male,strong,1996
80,2.6693333333333333,True,1.0,0.4649548327322014,0.43561879608183085,0.4502868144070161,0.6599070709039961,-0.08476851851851858,-0.08430555555555558,0.40833970116949636,0.1844748425026639,0.225857996963023,0.682348824949209,0.029336036650370545,0.0004629629629629983,0.0055941397785659085,0.4196621742277226,0.12555517004747588,0.10750083569065721,0.0,0.9999999987499999,0.5373714712681947,0.28511401490377497,0.41659658924622384,0.44028413798482746,happy,03,17,17,male,strong,1996
90,3.003,True,1.0,0.457499661423197,0.44312530642712133,0.45031248392515916,0.5435343130500405,-0.08055555555555549,-0.08148148148148149,0.405681778036676,0.16980784011504457,0.21811467777790106,0.8284895233168124,0.014374354996075644,0.0009259259259259967,0.0017579882966823719,0.5159040259736359,0.12363545353427886,0.10777597879857996,0.0,0.9999999987499999,0.5478665556535114,0.28685593385876756,0.4017391712501088,0.43221642094753127,happy,03,17,17,male,strong,1996
100,3.336666666666667,True,1.0,0.47069793688443107,0.4223031572391467,0.4465005470617889,0.660660660660661,-0.07884259259259263,-0.07722222222222219,0.3842681302511846,0.25225225225225223,0.2118491361770521,0.6758394644162529,0.04839477964528438,0.0016203703703704386,0.004376199770069201,0.4295454545454545,0.12417175873351544,0.10697970537418737,0.0,0.9999999987499999,0.5491198373880802,0.2877436276969042,0.39889009304132944,0.43170910669459067,happy,03,17,17,male,strong,1996
110,3.6703333333333332,True,1.0,0.47059105250452704,0.4351377864582197,0.45286441948137335,0.6007440204163551,-0.07874999999999993,-0.07740740740740742,0.37673257185100545,0.26965074474298106,0.20628698768720846,0.7538392461526434,0.03545326604630733,0.0013425925925925064,0.0024852294736061524,0.5049689676904443,0.11786454551710732,0.11254510365848705,0.0,0.9999999987499999,0.5957951899666115,0.3160437479459116,0.3942400308639863,0.4635809149608753,happy,03,17,17,male,strong,1996
0,0.0,True,1.0,0.5315470377465796,0.4975949618492556,0.5145709997979176,0.8000158005255483,-0.06703703703703695,-0.06550925925925927,0.3458718991089593,0.31865036122627793,0.20009763241977654,0.6432010461041949,0.03395207589732402,0.0015277777777776835,0.000714844328809061,0.3733640582325667,0.12801051229712793,0.10637141823451898,0.0,0.6957074554951345,0.5522820415900735,0.29220989040016115,0.39255342161482265,0.42727537000515664,happy,03,17,17,male,strong,1997
10,0.33366666666666667,True,1.0,0.5179176265223089,0.4638157292261595,0.4908666778742342,0.7212141199489485,-0.06856481481481475,-0.06782407407407404,0.3651843653762305,0.2575634783237924,0.19797216875281853,0.6806115746998693,0.05410189729614939,0.0007407407407407085,0.006935150089482301,0.40216205638419666,0.12339956263185978,0.10804598520283537,0.0,0.9999999987499999,0.5527546050216963,0.29122097592727386,0.39935412198855497,0.4305314703955841,happy,03,17,17,male,strong,1997
20,0.6673333333333333,True,1.0,0.5014298093812786,0.46339998162522344,0.482414895503251,0.7464867448276832,-0.07777777777777772,-0.07828703703703704,0.39693247252454883,0.23697047361062049,0.2090803303492847,0.6462471019691184,0.03802982775605512,0.0005092592592593204,0.0060311564812556935,0.36605683794870925,0.12293781450202149,0.11100061264311553,0.0,0.9999999987499999,0.544866908943265,0.28955924998037474,0.4100455677619024,0.44067087937653626,happy,03,17,17,male,strong,1997
30,1.0010000000000001,True,1.0,0.098161624538853,0.14064537372838562,0.1194034991336193,0.857776681891861,-0.10120370370370374,-0.1078703703703704,0.4585791784245019,0.18600677322412115,0.2270846772227053,0.1392011483341679,0.04248374918953261,0.006666666666666654,0.0071495897491628616,0.3254943450229237,0.12087672203188814,0.11103291851821033,0.0,0.9999999987499999,0.5432327284273084,0.2901583385173649,0.4137529748045159,0.44279114916055246,happy,03,17,17,male,strong,1997
40,1.3346666666666667,True,1.0,0.49680918573922245,0.49813581997403966,0.497472502856631,0.6972489891624901,-0.09453703703703698,-0.09999999999999992,0.38071646211353133,0.23015548680628115,0.2250030517371167,0.7134789875481594,0.0013266342348172144,0.005462962962962947,0.01135181508360456,0.4014633503776896,0.123053169063374,0.10931525189658645,0.0,0.9999999987499999,0.5419966842518258,0.2867827268764104,0.4118002810530394,0.4320371363053765,happy,03,17,17,male,strong,1997
50,1.6683333333333334,True,1.0,0.4438009119196071,0.4371957601365255,0.4404983360280663,0.7276457366215664,-0.09171296296296289,-0.09800925925925924,0.40933048984605735,0.21601982805952763,0.23062999907410467,0.6053747226958061,0.006605151783081575,0.006296296296296355,0.0066959634288141605,0.35190955092360016,0.12420265325841266,0.10975721895808331,0.0,0.9999999987499999,0.5442595810668017,0.28744284116715574,0.4189862275000876,0.44431313249629517,happy,03,17,17,male,strong,1997
60,2.0020000000000002,True,1.0,0.43095324684904907,0.44312530642712145,0.4370392766380853,1.0733818702545603,-0.09402777777777771,-0.09759259259259256,0.42065656027585474,0.2850974838677551,0.23406722091393012,0.40716103816290306,0.01217205957807238,0.003564814814814854,0.004382040629681208,0.25215105142841937,0.12262743715018648,0.11013912232764249,0.0,0.9999999987499999,0.5370193349058373,0.2875633002099682,0.42113010820068814,0.4456215870218884,happy,03,17,17,male,strong,1997
70,2.3356666666666666,True,1.0,0.4716241136458797,0.44978630319610147,0.4607052084209906,1.0607796372472795,-0.09930555555555554,-0.10125,0.336710466690167,0.3030718096186835,0.24597015883546405,0.434308118523579,0.021837810449778228,0.0019444444444444708,0.005239038950428513,0.2633004591780527,0.12237500850891284,0.11247097079677708,0.0,0.9999999987499999,0.5283958010626126,0.2825566693663323,0.3852691484149804,0.40426403641520176,happy,03,17,17,male,strong,1997
80,2.6693333333333333,True,1.0,0.45216165627630817,0.44428329889576523,0.4482224775860367,0.9300312040303792,-0.08212962962962961,-0.0852777777777779,0.3922182480210125,0.2413372111724404,0.22716932622556635,0.48194348280318094,0.007878357380542933,0.0031481481481482887,0.004018348724748278,0.3132911392405064,0.12176900918978868,0.10953304287850649,0.0,0.9999999987499999,0.5398157041566626,0.2884000640111746,0.42335600056743533,0.44577646942219873,happy,03,17,17,male,strong,1997
90,3.003,True,1.0,0.4583044729356685,0.45675013919557,0.45752730606561925,0.6766887549617526,-0.07995370370370375,-0.07749999999999996,0.40562774595321094,0.2121724247235979,0.2125606674658217,0.6761266575081173,0.0015543337400985013,0.002453703703703791,0.001985838269182615,0.41947246183671766,0.12049340914472209,0.11230026275231202,0.0,0.9999999987499999,0.5977035476534364,0.3156859042852855,0.4109946612560241,0.48323829949448127,happy,03,17,17,male,strong,1997
100,3.336666666666667,True,1.0,0.4856135409376492,0.43614115917668095,0.46087735005716507,0.603560504014368,-0.07560185185185186,-0.07226851851851845,0.4007433391696883,0.20892478985112675,0.20774505067366333,0.7635975962505885,0.04947238176096824,0.0033333333333334103,0.00033615389126308054,0.49908037655603604,0.11723141215730801,0.11235981360560422,0.0,0.9999999987499999,0.6007212145014256,0.31581840434774106,0.40308785138422243,0.47407117190099396,happy,03,17,17,male,strong,1997
110,3.6703333333333332,True,1.0,0.48587831544430005,0.4497705704009522,0.46782444292262615,0.5847953216374265,-0.07550925925925916,-0.07120370370370377,0.39769478512126466,0.23391812865497083,0.2042877046088194,0.7999797973976912,0.03610774504334785,0.004305555555555396,0.0014507809583812635,0.5062500000000002,0.1172696018398643,0.1128276740721833,0.0,0.9999999987499999,0.602492509284964,0.3162067109289276,0.39879818443937176,0.47248212888405,happy,03,17,17,male,strong,1997
120,4.0040000000000004,True,1.0,0.45687890841526396,0.42251174795241075,0.4396953281838374,0.5645642672592833,-0.07694444444444437,-0.07231481481481483,0.3843777559097303,0.2342173374174671,0.20288648318920718,0.7788224542059119,0.03436716046285321,0.004629629629629539,0.00047832844658134935,0.5145908071712028,0.11819594137783557,0.11134474011793814,0.0,0.9999999987499999,0.6066221068505526,0.31680018370813284,0.38978244989845046,0.46445744347881196,happy,03,17,17,male,strong,1997
0,0.0,True,1.0,0.41942369979181626,0.3757638727241791,0.3975937862579977,0.5925879309434339,-0.07069444444444445,-0.06736111111111115,0.3739311083368956,0.27105804595919547,0.18477219086616276,0.6709447923196911,0.04365982706763716,0.0033333333333332993,0.0068768283225723315,0.5030736436734867,0.11853776025421685,0.11251518400507736,0.0,0.9999999987499999,0.6042252214245073,0.32212566846934226,0.38652335739126426,0.46857358507876123,happy,03,17,17,male,strong,1998
10,0.33366666666666667,True,1.0,0.4067475240476259,0.3957703958531262,0.401258959950376,0.6867653990556059,-0.0672685185185185,-0.06601851851851853,0.39893854628145464,0.26044823121214167,0.18692354984541243,0.5842736988528553,0.010977128194499697,0.0012499999999999734,0.010963385877694324,0.41837038372715557,0.11797282518864234,0.11461332942710728,0.0,0.9999999987499999,0.6028694522418342,0.3222196126455152,0.39694514658999897,0.48193728356369486,happy,03,17,17,male,strong,1998
20,0.6673333333333333,True,1.0,0.4078715227903475,0.385346832211408,0.39660917750087776,0.8245069547320024,-0.07092592592592595,-0.07032407407407404,0.4081331647283517,0.27289162514181486,0.19867601971628515,0.4810258727651261,0.02252469057893952,0.0006018518518519089,0.003600970812034935,0.3576139800555509,0.12419715169448302,0.10906694233732575,0.0,0.9106123486987233,0.5430429318367972,0.2953670006457487,0.42611928105454444,0.46961479084630525,happy,03,17,17,male,strong,1998
30,1.0010000000000001,True,1.0,0.12555834937652893,0.1669622625240996,0.14626030595031425,1.0234677081619608,-0.10916666666666669,-0.11328703703703702,0.3851436429497216,0.30826632694146855,0.22506645069081824,0.14290661521014886,0.041403913147570665,0.00412037037037033,0.005951222880498907,0.27811614380148175,0.11856905300452684,0.11163210635831453,0.0,0.9999999987499999,0.5438268736088184,0.29421887229999094,0.3940449146043975,0.42952135249926016,happy,03,17,17,male,strong,1998
40,1.3346666666666667,True,1.0,0.4366948480246182,0.4139133502564494,0.4253040991405338,0.6790123456790119,-0.10041666666666665,-0.10203703703703698,0.3799096156980543,0.2098765432098758,0.23615763685803906,0.6263569460069683,0.022781497768168846,0.0016203703703703276,0.0006647984132504399,0.38906143686170247,0.1226490378795362,0.10837106920570791,0.0,0.9999999987499999,0.5434388037715087,0.2920671549440318,0.4140609993291142,0.42627265153797483,happy,03,17,17,male,strong,1998
50,1.6683333333333334,True,1.0,0.4647834577806522,0.4499025116251009,0.4573429847028766,0.36211473478556433,-0.09615740740740747,-0.0995833333333333,0.3925897254036116,0.08443409125302101,0.2369910584114416,1.2629781137564153,0.0148809461555513,0.0034259259259258323,0.004729104807967992,0.6940624979009654,0.12303189230991278,0.1095133057495388,0.0,0.9999999987499999,0.5364939910964386,0.2848253600084422,0.387281670555366,0.4215778370444208,happy,03,17,17,male,strong,1998
60,2.0020000000000002,True,1.0,0.44454754336458513,0.41404528555542075,0.42929641446000294,0.6536718227889008,-0.09578703703703706,-0.0987037037037038,0.37959260453631666,0.14796783693190443,0.2383494197669883,0.6567460910712095,0.03050225780916438,0.002916666666666734,0.007666242406068234,0.4142515971078716,0.12096601111161673,0.10832892442079373,0.0,0.9999999987499999,0.5419448810774309,0.2941025144339286,0.4117526805951717,0.42929216878742443,happy,03,17,17,male,strong,1998
70,2.3356666666666666,True,1.0,0.42488904798553995,0.421694907680906,0.423291977833223,0.8218529102853385,-0.08231481481481484,-0.08689814814814828,0.402675284595678,0.18511336152953833,0.23158759142061133,0.5150459072856,0.003194140304633941,0.004583333333333439,0.003519262474768541,0.3416601249885929,0.12205154338571872,0.11214440220696269,0.0,0.9999999987499999,0.5401941820165568,0.2901882802957017,0.39901355802490335,0.44167263872936363,happy,03,17,17,male,strong,1998
80,2.6693333333333333,True,1.0,0.39628740784930777,0.39540687878566266,0.3958471433174852,0.6998551188251433,-0.07995370370370375,-0.08157407407407408,0.4186615120892541,0.15551716099602855,0.22094524115190534,0.5656129857019542,0.000880529063645108,0.0016203703703703276,0.002073810885275114,0.4017697001876076,0.12334181827923874,0.1096864548053146,0.0,0.9999999987499999,0.5440143620260605,0.2896835248754491,0.4169559132899711,0.4465721726986146,happy,03,17,17,male,strong,1998
90,3.003,True,1.0,0.4152273992686991,0.3943825572614051,0.40480497826505213,0.6762099522835711,-0.0753240740740741,-0.0731944444444444,0.4274447762812366,0.1526925698704834,0.20984005568620515,0.5986380071722099,0.02084484200729403,0.0021296296296297035,0.0036667851346295463,0.3991935483870977,0.12499668949103009,0.1090269588377301,0.0,0.9999999987499999,0.5492459454797544,0.2897459201296243,0.41616498074158986,0.44842096290336675,happy,03,17,17,male,strong,1998
100,3.336666666666667,True,1.0,0.41679876150781553,0.4215605348341165,0.419179648170966,0.6276500175472062,-0.07245370370370374,-0.07023148148148156,0.4240394067846703,0.18165278563935247,0.20641306586494382,0.6678557101122666,0.004761773326300955,0.002222222222222181,0.010049986493938758,0.46505052132606733,0.12352010726549932,0.10983311659098235,0.0,0.9999999987499999,0.5533999359196804,0.29022692221219437,0.4042491990031476,0.4423378922104223,happy,03,17,17,male,strong,1998
110,3.6703333333333332,True,1.0,0.45078177860605806,0.4184696103746671,0.4346256944903626,0.642474261806886,-0.07361111111111107,-0.07097222222222227,0.39658825081830523,0.22767918876438897,0.19950795339897917,0.6764873245941823,0.032312168231390936,0.002638888888888802,0.00857936798792933,0.4512544974663964,0.1256389762158238,0.10846198292583945,0.0,0.9999999987499999,0.5576901900291367,0.2905014246835976,0.3923782070963712,0.4343552253837018,happy,03,17,17,male,strong,1998
0,0.0,True,1.0,0.47527294200858905,0.411132887024553,0.443202914516571,0.6778577138289362,-0.0806944444444444,-0.07777777777777783,0.36642823473205616,0.281374900079936,0.20628698768720846,0.6538288279012157,0.06414005498403608,0.0029166666666665675,0.015217848075683637,0.44615385943297114,0.11753989658283856,0.11237665378802507,0.0,0.9999999987499999,0.5976939012245522,0.3206795253401646,0.3886752356442237,0.4636021977554231,happy,03,17,17,male,strong,1999
10,0.33366666666666667,True,1.0,0.46946241106292136,0.43866919746106314,0.4540658042619923,0.5881080597792884,-0.07861111111111108,-0.07879629629629631,0.3848070182942884,0.2144143967945325,0.20908033034928475,0.772078866649777,0.030793213601858216,0.00018518518518523264,0.0051037273035864,0.4939480198030565,0.11779983035263358,0.11395825111460846,0.0,0.9999999987499999,0.5949048062818878,0.3214646731938295,0.3969331433092222,0.471024316737949,happy,03,17,17,male,strong,1999
20,0.6673333333333333,True,1.0,0.4955604852804676,0.480627428879179,0.4880939570798233,0.5837828426399276,-0.08449074074074076,-0.08643518518518511,0.38659438184956313,0.2067564234349737,0.2160075451475421,0.8360882188188521,0.014933056401288614,0.0019444444444443598,0.007490622352309235,0.48092020908290034,0.12420487644018653,0.11096315825956254,0.0,0.9999999987499999,0.5393114434680123,0.2898744973976577,0.397097059065175,0.4333551498139511,happy,03,17,17,male,strong,1999
30,1.0010000000000001,True,1.0,0.49070622744337744,0.48684013147093297,0.4887731794571552,1.0871650000325266,-0.10000000000000003,-0.10018518518518521,0.3778880325597941,0.3311202773527551,0.23067498439589515,0.44958509466597224,0.003866095972444472,0.00018518518518517713,0.009171931897429745,0.27177215909825575,0.11897570558580896,0.11222189031494391,0.0,0.9999999987499999,0.5415553051767582,0.29093495129957847,0.4060615983711457,0.4379221619285866,happy,03,17,17,male,strong,1999
40,1.3346666666666667,True,1.0,0.47132785885364104,0.46311999023186373,0.4672239245427524,0.6743140876550966,-0.1015740740740741,-0.10370370370370363,0.38134063356403514,0.2145432624267643,0.23822647240233405,0.6928876811212815,0.008207868621777303,0.002129629629629537,0.012091541910577609,0.40947333586234597,0.12458758139016178,0.10914566782583661,0.0,0.9999999987499999,0.5375548327690451,0.290386692947366,0.41870408700831563,0.42833784322087065,happy,03,17,17,male,strong,1999
50,1.6683333333333334,True,1.0,0.40577001866238765,0.3835297570101271,0.3946498878362574,0.9039268641828551,-0.09953703703703703,-0.10083333333333322,0.4625284365370636,0.18580355980835916,0.2438629671116868,0.43659493203912986,0.022240261652260562,0.0012962962962961844,0.011710825490628983,0.3249936525297102,0.1217512646557514,0.11179069708275208,0.0,0.7453526146664927,0.5331932467361944,0.2866014078022772,0.41675887179931437,0.4458500485327943,happy,03,17,17,male,strong,1999
60,2.0020000000000002,True,1.0,0.42405240294599306,0.421694907680906,0.42287365531344956,0.9338582552185419,-0.08537037037037043,-0.09032407407407411,0.4155929976381963,0.2418974869993497,0.2306299990741046,0.452824240670752,0.0023574952650870507,0.004953703703703682,0.004123797484096286,0.30520076699101467,0.11990647862000758,0.11275789594796214,0.0,0.9999999987499999,0.5365478809727017,0.2882507103374601,0.3939417720764256,0.43207857300081215,happy,03,17,17,male,strong,1999
70,2.3356666666666666,True,1.0,0.416813099579432,0.40796643128917187,0.41238976543430195,0.7540874161263731,-0.08231481481481479,-0.08583333333333337,0.3468535158208159,0.20194695404353025,0.22451803866221315,0.5468726259253635,0.008846668290260151,0.0035185185185185874,0.0077333942307208185,0.3514915797742399,0.1255380601045454,0.10910390182109767,0.0,0.9999999987499999,0.54690335201268,0.29117808759715513,0.40164178133067124,0.4221273727089819,happy,03,17,17,male,strong,1999
80,2.6693333333333333,True,1.0,0.47870085761015496,0.45540205110679655,0.4670514543584757,0.6861606821629597,-0.07907407407407407,-0.08046296296296301,0.3795050860072989,0.2144143967945325,0.21264356363701678,0.6806735892913686,0.023298806503358416,0.0013888888888889395,0.005037315325242022,0.40176544676465437,0.12563568084922355,0.10864130765898597,0.0,0.9999999987499999,0.5447426461991046,0.287287016620124,0.4018122022961025,0.4291984429733979,happy,03,17,17,male,strong,1999
90,3.003,True,1.0,0.4725885706872812,0.4539324207981454,0.46326049574271333,0.5521941303612312,-0.07763888888888892,-0.07726851851851851,0.3872668798159848,0.22207807416701708,0.20913323452552118,0.8389449837861555,0.01865614988913583,0.00037037037037040976,0.010027011930932764,0.5276097061356115,0.1251119607312319,0.10713079829805758,0.0,0.9999999987499999,0.5468099581551371,0.28747432226339803,0.39749359883642654,0.4261632222116602,happy,03,17,17,male,strong,1999
100,3.336666666666667,True,1.0,0.4720401430860049,0.43209771759074056,0.4520689303383727,0.591507414404225,-0.07736111111111105,-0.07601851851851854,0.37663815181241533,0.24028338871717775,0.2049955098878866,0.7642658728017858,0.03994242549526433,0.0013425925925925064,0.016517113575094087,0.5160102733953226,0.1258690365484134,0.1069551872992489,0.0,0.9999999987499999,0.5461691923331833,0.28695856665950326,0.39199856252787296,0.42170725993418234,happy,03,17,17,male,strong,1999
110,3.6703333333333332,True,1.0,0.47870085761015446,0.4636830657203062,0.47119196166523036,0.6328497503427662,-0.07740740740740748,-0.07648148148148148,0.37427449598713286,0.25436531096502196,0.20710696353861535,0.7445558150414403,0.015017791889848253,0.0009259259259259967,0.014209923412096042,0.46486397992311074,0.12557887127168305,0.10765027374528051,0.0,0.9999999987499999,0.5471338378085608,0.2879995555997351,0.39329352725959793,0.428017941044312,happy,03,17,17,male,strong,1999
0,0.0,True,1.0,0.5437012546554845,0.48532498294329596,0.5145131187993902,0.6599791754154214,-0.08134259259259258,-0.07236111111111115,0.32958705249704623,0.30934399823850356,0.21818182678022838,0.7795899294482009,0.05837627171218851,0.008981481481481424,0.027294620938272222,0.4588951461635257,0.12775668214721134,0.10541855818315184,0.0,0.9999999987499999,0.5480047753398234,0.2862100579574608,0.3952157265887344,0.433673274503175,sad,04,17,17,male,normal,2000
10,0.33366666666666667,True,1.0,0.51306049380868,0.4526648997979144,0.4828626968032972,0.687474607320099,-0.08148148148148138,-0.07111111111111112,0.329249197302247,0.30934399823850356,0.22035538984303327,0.7023716827674316,0.06039559401076561,0.010370370370370252,0.027297843972469437,0.45174569379532964,0.1263891112017503,0.10740969558985142,0.0,0.9999999987499999,0.5468778962209884,0.2852909335586674,0.39347891643196037,0.4328698791801137,sad,04,17,17,male,normal,2000
20,0.6673333333333333,True,1.0,0.5188247123713848,0.4655828468743709,0.49220377962287787,0.7683373430198649,-0.08180555555555546,-0.07319444444444445,0.3296306433649417,0.3223622350574452,0.21962828413406021,0.6406089513862822,0.05324186549701393,0.008611111111111014,0.02998063673331294,0.39328635107992616,0.12797404997234008,0.10641528277971307,0.0,0.9999999987499999,0.5476698541916767,0.28588916982217516,0.3939693228380544,0.43150422419270906,sad,04,17,17,male,normal,2000
30,1.0010000000000001,True,1.0,0.4792611352778078,0.4473805658550258,0.4633208505664168,0.8514176705263742,-0.08643518518518523,-0.08416666666666683,0.38554848779427286,0.2837279726591837,0.22444156791765738,0.5441757513441984,0.031880569422782,0.002268518518518392,0.014544391005727023,0.33613217744535556,0.12368583171749473,0.10929838762266003,0.0,0.9999999987499999,0.5481376161089435,0.2887457426345983,0.4073570318733037,0.44731559311703295,sad,04,17,17,male,normal,2000
40,1.3346666666666667,True,1.0,0.47182846649638893,0.4488662628499548,0.46034736467317183,0.6680303502235538,-0.09287037037037027,-0.09236111111111112,0.3605942898971433,0.2142738859207629,0.23554626318558827,0.6891114520756704,0.022962203646434143,0.0005092592592591538,0.002156541451267368,0.4567577926147243,0.12577902640941077,0.10759356305247045,0.0,0.9999999987499999,0.544323565082283,0.28504727527009094,0.4045798504193367,0.42890372375487495,sad,04,17,17,male,normal,2000
50,1.6683333333333334,True,1.0,0.5039886926381719,0.4572494244020182,0.48061905852009507,0.7231644147220575,-0.0863888888888889,-0.0834259259259259,0.3760282524034331,0.1506327769760626,0.2410532604689595,0.6646055153375007,0.04673926823615371,0.0029629629629630005,0.0025882471634740794,0.3857498388893364,0.12899885239752512,0.10553233557134263,0.0,0.6492013304569921,0.5380169990261731,0.2871711756679312,0.4062903840666258,0.4207484225185612,sad,04,17,17,male,normal,2000
60,2.0020000000000002,True,1.0,0.48909856922697337,0.45635135000730437,0.4727249596171389,0.641929880766006,-0.08546296296296296,-0.08194444444444438,0.3699799460977784,0.17278684331172223,0.2369343923921246,0.7364121437267304,0.032747219219669,0.0035185185185185874,0.002242082948852506,0.454627358128173,0.12413422517987446,0.10826220393415327,0.0,0.9999999987499999,0.5423714162618172,0.2872763965947812,0.40820415687751765,0.42794441919247755,sad,04,17,17,male,normal,2000
70,2.3356666666666666,True,1.0,0.5384720413821132,0.48933106928878356,0.5139015553354485,0.7627644597261894,-0.08462962962962972,-0.0804629629629629,0.34619879589174546,0.26300985888203127,0.2341715013219383,0.6737355795522045,0.04914097209332968,0.004166666666666818,0.006265402813640969,0.4076731481115995,0.12785967450494398,0.10637372590769711,0.0,0.8393094369497529,0.5422880049832433,0.28534120475813163,0.4061874365152827,0.42312591838057984,sad,04,17,17,male,normal,2000
80,2.6693333333333333,True,1.0,0.5253646932901742,0.4497863031961025,0.4875754982431384,0.6415467000068243,-0.08560185185185176,-0.07976851851851852,0.33616403242814796,0.26062834687777214,0.2321035929228682,0.7600000097233014,0.07557839009407169,0.005833333333333246,0.008564444022559075,0.4809202090828995,0.12846795236469175,0.10599839167781878,0.0,0.9999999987499999,0.5435176099424145,0.2847413312705351,0.40199467853775955,0.42547334163996003,sad,04,17,17,male,normal,2000
90,3.003,True,1.0,0.5359664173013442,0.5071417997283674,0.5215541085148558,0.6597368493132552,-0.08212962962962961,-0.07847222222222228,0.3343818977076449,0.2961888659305107,0.2272314492704376,0.7905486999214324,0.02882461757297683,0.0036574074074073315,0.010547509536326528,0.471074472621575,0.1277907164357503,0.10627744244715927,0.0,0.9999999987499999,0.5449870347435849,0.2848960922433028,0.4015358018045412,0.429145934734163,sad,04,17,17,male,normal,2000
100,3.336666666666667,True,1.0,0.5354181372884627,0.47435850978102606,0.5048883235347443,0.6462302529392958,-0.08356481481481481,-0.07939814814814816,0.3335392068421064,0.2961888659305107,0.2292868189400052,0.7812824008754221,0.0610596275074366,0.004166666666666652,0.011354618202511156,0.4692127345648004,0.12724227610816957,0.10693346132552334,0.0,0.9999999987499999,0.5455067375856593,0.2842071509701841,0.3961684314028614,0.4274134001273442,sad,04,17,17,male,normal,2000
0,0.0,True,1.0,0.498434840643501,0.47744389697193534,0.48793936880771815,0.6562099352927749,-0.06949074074074069,-0.06819444444444439,0.3340919860880176,0.3007422373874822,0.21329784115730271,0.7435720530351599,0.020990943671565676,0.0012962962962962954,0.005508135804046465,0.46918051960116086,0.12694395196229105,0.10657475897388959,0.0,0.9999999987499999,0.5434732321444202,0.28500217169893466,0.3908842880882968,0.42140565687362125,sad,04,17,17,male,normal,2001
10,0.33366666666666667,True,1.0,0.5522950652202564,0.5370763652627593,0.5446857152415079,0.6664553709143528,-0.07273148148148151,-0.0711574074074075,0.32960578230691556,0.30543773964388626,0.21188658673825525,0.8172876069619165,0.01521869995749714,0.0015740740740740056,0.010640690963798539,0.4340641581704948,0.12544574099268038,0.10798196312951942,0.0,0.9999999987499999,0.5417695434658238,0.28366504675261,0.3877713199444197,0.41963105371479187,sad,04,17,17,male,normal,2001
20,0.6673333333333333,True,1.0,0.47870085761015546,0.4687856474197421,0.47374325251494875,0.6281677644239975,-0.07194444444444453,-0.07041666666666657,0.334187665179111,0.28675080210601234,0.2112415334707726,0.7541667677731771,0.00991521019041336,0.001527777777777961,0.01235044868487334,0.47736170684620716,0.12336158019776612,0.11035696092985421,0.0,0.9999999987499999,0.5847525382340436,0.31676266348393256,0.40079554003414175,0.4655675833537899,sad,04,17,17,male,normal,2001
30,1.0010000000000001,True,1.0,0.49890163826529316,0.4893310692887841,0.49411635377703866,0.7784973697918145,-0.08106481481481476,-0.0779629629629629,0.37510483234275044,0.267567136209967,0.22163933496498994,0.6347052320924027,0.009570568976509042,0.0031018518518518556,0.011426780302579456,0.3791609022550145,0.12473351159057619,0.10897886642986328,0.0,0.9999999987499999,0.5462597073907689,0.28564626778533214,0.39799830191885616,0.42882007306288683,sad,04,17,17,male,normal,2001
40,1.3346666666666667,True,1.0,0.4985469572304557,0.46630366407538304,0.4824253106529194,0.8558305322062096,-0.0816203703703704,-0.07939814814814816,0.3518314679781487,0.26581649628976806,0.2251223761168925,0.5636925682112502,0.03224329315507268,0.0022222222222222365,0.009337651392121275,0.37498638132687717,0.12561649925661206,0.10918820902308986,0.0,0.9999999987499999,0.5454442849249075,0.2872314643129324,0.39966722349168254,0.42308236870917565,sad,04,17,17,male,normal,2001
50,1.6683333333333334,True,1.0,0.5048803674372364,0.4636924728720724,0.4842864201546544,0.4885741585853488,-0.0788888888888889,-0.07430555555555551,0.3544229021433202,0.14784177254326494,0.23008537505738397,0.9912239762268447,0.04118789456516403,0.004583333333333384,0.013268862703415709,0.5796333267150184,0.12807297522784772,0.10629620356259244,0.0,0.9999999987499999,0.5447333981014281,0.28642345375192735,0.40006910064588813,0.4262626037550068,sad,04,17,17,male,normal,2001
60,2.0020000000000002,True,1.0,0.47131617195868075,0.4356187960818298,0.4534674840202553,0.6395380495309269,-0.07643518518518522,-0.07356481481481475,0.3500747566262872,0.2152270543616108,0.22732812595462837,0.7090547377952786,0.035697375876850956,0.0028703703703704675,0.01171652958948249,0.4721498551006565,0.12610935099018114,0.10773802360502688,0.0,0.9999999987499999,0.5454384517166241,0.28694436131390244,0.39569216291200326,0.42134029442514354,sad,04,17,17,male,normal,2001
70,2.3356666666666666,True,1.0,0.5259357355728064,0.48825316728773416,0.5070944514302702,0.6650314461725385,-0.07500000000000007,-0.07356481481481492,0.34655952783261795,0.267170348473602,0.22177870253797166,0.7625119899949927,0.037682568285072215,0.0014351851851851505,0.015447944385543302,0.48044331211661156,0.12831790900120427,0.10582050915366494,0.0,0.9999999987499999,0.5414877475834083,0.2838379271971224,0.3955223657055319,0.41664669029599255,sad,04,17,17,male,normal,2001
80,2.6693333333333333,True,1.0,0.5390573306251317,0.539425192975394,0.5392412618002629,0.6298190340128178,-0.07282407407407421,-0.07157407407407412,0.34283471867114595,0.28193226734763527,0.218291948368932,0.8561844477207218,0.00036786235026231573,0.0012500000000000844,0.013933800667773813,0.4819742916917276,0.12779880658822587,0.10626771388834039,0.0,0.9999999987499999,0.5474877039800294,0.28436764285654986,0.3951643784237547,0.42412352120971464,sad,04,17,17,male,normal,2001
90,3.003,True,1.0,0.48404458953364493,0.46925595778928053,0.47665027366146273,0.6755428052202822,-0.07129629629629625,-0.0715277777777778,0.3345752208976839,0.30397502703804535,0.21484236899808679,0.7055811563355127,0.0147886317443644,0.00023148148148155467,0.014854636234184313,0.4405417115662643,0.12847805862905523,0.10472026853199064,0.0,0.9999999987499999,0.5483656982402335,0.28421814073476137,0.39032474464414496,0.4225361730031308,sad,04,17,17,male,normal,2001
100,3.336666666666667,True,1.0,0.5120087449584221,0.48672456804566216,0.49936665650204215,0.6584872221050891,-0.07416666666666677,-0.07333333333333336,0.3285567719898007,0.3360797769747834,0.2120489160035015,0.7583543609329861,0.025284176912759915,0.0008333333333334081,0.017144140651106317,0.44722686224941544,0.12657271249821786,0.10737086446386594,0.0,0.9999999987499999,0.5504195705157062,0.2840391964396755,0.3847149111249519,0.4224579239597888,sad,04,17,17,male,normal,2001
0,0.0,True,1.0,0.5539510709707112,0.49672429852470756,0.5253376847477094,0.5957873486334759,-0.08092592592592585,-0.07023148148148145,0.3256999093029203,0.31174919405240015,0.2071069635386154,0.8817536759594627,0.057226772446003604,0.010694444444444395,0.024876587196240543,0.48457000405699946,0.1292715199175381,0.10483531854270292,0.0,0.9999999987499999,0.5450945326802596,0.28370310451410147,0.3965817491412899,0.4335067832137279,sad,04,17,17,male,normal,2002
10,0.33366666666666667,True,1.0,0.5282039788923384,0.47837835636025905,0.5032911676262988,0.5963027109421212,-0.07851851851851854,-0.06884259259259262,0.32405721852971237,0.2912176030182453,0.21054751919608725,0.8440195866812849,0.04982562253207934,0.009675925925925921,0.02229445604418881,0.5107041905851505,0.12826812444807015,0.10588084896950235,0.0,0.9999999987499999,0.5467230126503726,0.2836123046844521,0.3979657279941619,0.43344075533903825,sad,04,17,17,male,normal,2002
20,0.6673333333333333,True,1.0,0.3850326877091007,0.345391054557259,0.3652118711331799,0.5824352060364906,-0.09217592592592588,-0.08050925925925922,0.3245985130573291,0.30508510792387594,0.21054751919608725,0.6270429179899175,0.039641633151841715,0.011666666666666659,0.024208004386250224,0.5223214285714283,0.1291187274114353,0.1052046959738182,0.0,0.9999999987499999,0.5450217980395283,0.2836442669924125,0.39662525325942544,0.4294366835897453,sad,04,17,17,male,normal,2002
30,1.0010000000000001,True,1.0,0.5118237240748261,0.45121231534336353,0.4815180197090948,0.8784650546732772,-0.08837962962962964,-0.07550925925925922,0.3260409948213414,0.34979731889212134,0.2161431315371077,0.5481356567885142,0.06061140873146259,0.01287037037037042,0.025338436611859017,0.33523607183546167,0.12452796037505413,0.107632215433989,0.0,0.9999999987499999,0.5527788235528586,0.2840691782551117,0.3959485384330409,0.43099457161390375,sad,04,17,17,male,normal,2002
40,1.3346666666666667,True,1.0,0.5171886441572797,0.446274305732455,0.48173147494486734,0.6616347017680576,-0.08824074074074079,-0.07814814814814808,0.3399893193167905,0.2777284447314716,0.2211868239997833,0.7280928186770695,0.0709143384248247,0.010092592592592708,0.03420585203992797,0.45151719995447714,0.12596236385955645,0.10773313826616934,0.0,0.9999999987499999,0.5487363597157613,0.28343134717611446,0.39817312002036975,0.4331839063585735,sad,04,17,17,male,normal,2002
50,1.6683333333333334,True,1.0,0.5153791583222151,0.49402138351303676,0.5047002709176259,0.5585407501167037,-0.08976851851851853,-0.07851851851851854,0.34512389292875795,0.20738598360741847,0.22816465030969463,0.9036051009924914,0.021357774809178387,0.011249999999999982,0.04011599016715497,0.5111979155279095,0.12862079712855712,0.10599277483240482,0.0,0.9999999987499999,0.5497161558060725,0.28447253249070487,0.40277188324143776,0.4333200828668956,sad,04,17,17,male,normal,2002
60,2.0020000000000002,True,1.0,0.5137720516589356,0.4563327726490241,0.4850524121539799,0.6907410305470844,-0.08787037037037038,-0.07828703703703699,0.33734342959355595,0.24551468304395666,0.22744891402393727,0.702220355680632,0.05743927900991147,0.009583333333333388,0.037915386239964564,0.4339922701795657,0.12458814943847399,0.10738526801258921,0.0,0.9999999987499999,0.5509006322372699,0.28531547054681594,0.402582784532219,0.43538288038882444,sad,04,17,17,male,normal,2002
70,2.3356666666666666,True,1.0,0.5176782570989601,0.46366171052802424,0.49066998381349214,0.7251443136344213,-0.08893518518518517,-0.07787037037037042,0.3418038900667608,0.24370833397856517,0.23306352466593044,0.6766514948648711,0.05401654657093585,0.01106481481481475,0.03930582587903978,0.4224975832285876,0.1234995684454812,0.1084599253777393,0.0,0.9999999987499999,0.5814907697844763,0.3147194192939868,0.4207565141697842,0.4785815506212925,sad,04,17,17,male,normal,2002
80,2.6693333333333333,True,1.0,0.5357972463705177,0.47482276816697405,0.5053100072687459,0.6129282892614332,-0.08875,-0.07412037037037056,0.32795248135619737,0.24469386380899186,0.22948637884197337,0.8244194567648929,0.06097447820354368,0.014629629629629437,0.037978572231099315,0.5034425371781573,0.12295358481635305,0.10890367694461373,0.0,0.9999999987499999,0.5844447765746924,0.3154371685086008,0.416068285039399,0.4799944042125938,sad,04,17,17,male,normal,2002
90,3.003,True,1.0,0.524910377552275,0.4682526227647543,0.49658150015851465,0.6228047721151908,-0.08611111111111114,-0.07365740740740745,0.33023813504350236,0.26369980586815583,0.22615674890516105,0.7973309171540347,0.056657754787520664,0.012453703703703689,0.03956269496042339,0.5026394809700105,0.1276778758320681,0.10515224377345085,0.0,0.9999999987499999,0.5526517810014631,0.2844754481922743,0.4008521272850438,0.43569321086453094,sad,04,17,17,male,normal,2002
100,3.336666666666667,True,1.0,0.526904039689645,0.4620806677683184,0.4944923537289817,0.6151160161660773,-0.08439814814814822,-0.07250000000000001,0.32711472254726975,0.2866959945859762,0.22261874954941516,0.8039009564587114,0.06482337192132664,0.011898148148148213,0.03974806708531717,0.5037955137209253,0.12806636469183116,0.10630416788697983,0.0,0.9999999987499999,0.5522697335418543,0.28395205872485113,0.3934709633066779,0.43217586601347024,sad,04,17,17,male,normal,2002
0,0.0,True,1.0,0.5437555493291489,0.5023559891066424,0.5230557692178956,0.651338512493396,-0.07814814814814819,-0.07296296296296295,0.3317139535201855,0.3120140184589154,0.21536848447472126,0.803047507839787,0.04139956022250657,0.005185185185185237,0.0008166765346488231,0.4690839145080415,0.12481221560261777,0.10801033904628846,0.0,0.9999999987499999,0.5465553379945728,0.28543558786311796,0.38525786695981457,0.43012159997027394,sad,04,17,17,male,normal,2003
10,0.33366666666666667,True,1.0,0.5570178798005903,0.5267063344140793,0.5418621071073348,0.7165191769246771,-0.07819444444444434,-0.0725925925925926,0.3266930703837277,0.31684780096498855,0.21883926750014496,0.7562422954721519,0.03031154538651093,0.005601851851851747,0.0029792544709979275,0.43301812065491546,0.1263154064718247,0.10802675625881583,0.0,0.9999999987499999,0.5485975453853417,0.28742559183340166,0.3939329913930991,0.43465362122351564,sad,04,17,17,male,normal,2003
20,0.6673333333333333,True,1.0,0.5791245791245797,0.535867991699014,0.5574962854117969,0.7248271436659229,-0.07810185185185181,-0.07203703703703701,0.32745263624904863,0.3008547008547009,0.2216159263842752,0.7691437748760002,0.04325658742556571,0.006064814814814801,0.004248481295241151,0.41389178457460224,0.12685237262672147,0.10704031784388982,0.0,0.9999999987499999,0.5502421072569654,0.28698074832287196,0.3950944570440645,0.4298718022043991,sad,04,17,17,male,normal,2003
30,1.0010000000000001,True,1.0,0.5476706036892587,0.4750541702801531,0.5113623869847059,0.8111180682745136,-0.08430555555555558,-0.08101851851851849,0.345451430531276,0.28963884840125315,0.22597855798526997,0.6304413709739248,0.07261643340910556,0.0032870370370370883,0.004444944712880121,0.3841953049452575,0.12296064836333932,0.11011358435018692,0.0,0.9999999987499999,0.5563337267641432,0.28645235110201867,0.3868472264737819,0.4327889466819935,sad,04,17,17,male,normal,2003
40,1.3346666666666667,True,1.0,0.4904158858427705,0.4443095319148107,0.4673627088787906,0.5858673734870083,-0.09050925925925929,-0.08944444444444438,0.35863498859486775,0.19931578308989928,0.24081094397466202,0.7977278306131079,0.04610635392795981,0.0010648148148149073,0.01205777837197826,0.4922159986420991,0.12594324179038005,0.1086359322453481,0.0,0.9999999987499999,0.5535015450320753,0.2859843569806618,0.40105829133396487,0.43855831240098614,sad,04,17,17,male,normal,2003
50,1.6683333333333334,True,1.0,0.5435450883602103,0.4615229305060826,0.5025340094331465,0.4912433537036048,-0.09592592592592586,-0.08759259259259267,0.3652266799107352,0.11656661085678212,0.24692853039351156,1.0229838340700566,0.0820221578541277,0.008333333333333193,0.018355992587646024,0.5669736517922429,0.12481990904275811,0.10992477534292819,0.0,0.9999999987499999,0.582396359661052,0.3147974573568742,0.4172640601394392,0.4748889198013653,sad,04,17,17,male,normal,2003
60,2.0020000000000002,True,1.0,0.49023565417614606,0.4184395888560825,0.4543376215161143,0.6824367019614839,-0.08916666666666673,-0.08393518518518522,0.3605707655318906,0.198361125958321,0.2392364300173753,0.6657578940438592,0.07179606532006355,0.005231481481481504,0.01800602734340747,0.4295707781057323,0.1222453494166116,0.10882623617362046,0.0,0.9999999987499999,0.5537682717540141,0.28705331874182793,0.4041255810607871,0.4357119482104173,sad,04,17,17,male,normal,2003
70,2.3356666666666666,True,1.0,0.5034388493073803,0.43965655977054185,0.47154770453896105,0.6836138826013963,-0.08884259259259264,-0.08157407407407408,0.35183734193877064,0.24664655864771196,0.23717770288021978,0.6897866127945687,0.0637822895368384,0.007268518518518563,0.01704428107712998,0.4490556689980152,0.12681159177423174,0.10547529923700984,0.0,0.9116131537088585,0.5474274803515156,0.28673808280286783,0.4063401764638764,0.4328350691448825,sad,04,17,17,male,normal,2003
80,2.6693333333333333,True,1.0,0.5217900435704393,0.48573411555897217,0.5037620795647058,0.6002802788491798,-0.08578703703703705,-0.07874999999999999,0.3498669717271331,0.26165577899618586,0.23024448311044735,0.8392114439116461,0.036055928011467175,0.007037037037037064,0.017798870063802086,0.5160514498618469,0.1270776083565163,0.10712909704859404,0.0,0.9999999987499999,0.5510134522949804,0.2847081000379951,0.3989743528184664,0.4341070617213168,sad,04,17,17,male,normal,2003
90,3.003,True,1.0,0.5159960847417435,0.4608645706096737,0.4884303276757086,0.6126735256063367,-0.08444444444444454,-0.07606481481481481,0.3408051951244898,0.2736693586152103,0.22461146754929706,0.7972114140109613,0.05513151413206985,0.008379629629629737,0.020244280734109825,0.4923921226768868,0.1276503124547729,0.10644604131026947,0.0,0.9999999987499999,0.5485056428039966,0.2845024362404574,0.39863208287761565,0.4351859117762295,sad,04,17,17,male,normal,2003
100,3.336666666666667,True,1.0,0.4895573726666057,0.42223786808802144,0.4558976203773136,0.639594386992299,-0.08453703703703708,-0.0763888888888889,0.3355007584555465,0.30645126881748197,0.22324532971748462,0.7127917781160934,0.06731950457858427,0.008148148148148182,0.022367142510074167,0.48223893906613585,0.126727895072874,0.10718766111458011,0.0,0.9399635721070857,0.547528340242347,0.2849123706801521,0.39902415035918226,0.4356417294904379,sad,04,17,17,male,normal,2003
0,0.0,True,1.0,0.5250458688172623,0.4881372423738422,0.5065915555955522,0.6872715967733124,-0.07087962962962963,-0.0677314814814815,0.3499484042188813,0.26581649628976917,0.21544923797498283,0.7371053277539198,0.036908626443420134,0.003148148148148122,0.022927410537119268,0.43675009027013695,0.12769614379088523,0.10656998071124021,0.0,0.9999999987499999,0.5412403278186275,0.285653508278776,0.3850969222541274,0.4181957992445017,sad,04,17,17,male,strong,2004
10,0.33366666666666667,True,1.0,0.5250458688172623,0.5222300416266278,0.523637955221945,0.6792562271923392,-0.07087962962962957,-0.06837962962962962,0.3466630843931805,0.25470618351980523,0.21540567734731114,0.7708990131549738,0.0028158271906345567,0.0024999999999999467,0.022372476471530463,0.44390037629380635,0.12599769946781328,0.10822124449938067,0.0,0.9999999987499999,0.5412055818264806,0.2865388755952876,0.3876733523233021,0.417940472383128,sad,04,17,17,male,strong,2004
20,0.6673333333333333,True,1.0,0.5112673828275628,0.48205849996304123,0.496662941395302,0.6514658827070429,-0.07203703703703696,-0.06888888888888894,0.3561573032866821,0.2426882151006006,0.21820979943258187,0.7623775159667815,0.029208882864521557,0.003148148148148011,0.022719226700843642,0.45260325673310425,0.1270333270682608,0.10718160193821945,0.0,0.9999999987499999,0.5418087066389056,0.284929502341685,0.38896671163392404,0.42057295414157264,sad,04,17,17,male,strong,2004
30,1.0010000000000001,True,1.0,0.4648979757383408,0.4481596051222654,0.4565287904303031,0.8421759115800515,-0.07981481481481478,-0.07805555555555554,0.4145992686527512,0.2349963067398394,0.2279398354576163,0.5420824606272399,0.016738370616075415,0.0017592592592592382,0.01560176700557153,0.32538235294582807,0.11973609258142413,0.11141022986748815,0.0,0.9999999987499999,0.5884268560080281,0.3159419243246669,0.4141011094325177,0.4776901788212673,sad,04,17,17,male,strong,2004
40,1.3346666666666667,True,1.0,0.4849100201479475,0.4689102263392218,0.4769101232435846,0.938029309224282,-0.0844907407407407,-0.08430555555555547,0.36485265138890655,0.3000934274143562,0.2313344440415218,0.5084170809523776,0.015999793808725682,0.00018518518518523264,0.010839022970452746,0.3376778079211144,0.12378883002910357,0.11142710344668488,0.0,0.9999999987499999,0.5460349726453081,0.28923206458714606,0.3990923917465168,0.42816866143192217,sad,04,17,17,male,strong,2004
50,1.6683333333333334,True,1.0,0.5112673828275628,0.47622211368295025,0.4937447482552565,0.4642448128124481,-0.08203703703703685,-0.07893518518518516,0.3727745334200692,0.10383285924886132,0.23688801920311478,1.0635439204244295,0.035045269144612534,0.003101851851851689,0.006958595111400581,0.5943747264993878,0.1270735061269358,0.1074890409108116,0.0,0.9999999987499999,0.5401778576508729,0.2868279991962474,0.4021425661694131,0.4200348405632877,sad,04,17,17,male,strong,2004
60,2.0020000000000002,True,1.0,0.5198858025731666,0.4761059052539511,0.49799585391355883,0.5835548591159719,-0.07935185185185184,-0.07708333333333328,0.3736259349898722,0.17623379961134558,0.23481613978883323,0.8533830986652625,0.043779897319215555,0.0022685185185185586,0.00639492840387203,0.5171637385645759,0.12395032068642914,0.10829692847051778,0.0,0.9999999987499999,0.5402235488883054,0.28671764356408985,0.39816658653670417,0.42024206837901745,sad,04,17,17,male,strong,2004
70,2.3356666666666666,True,1.0,0.5308897802349352,0.4953197062288232,0.5131047432318792,0.7197015530085973,-0.07870370370370361,-0.07624999999999998,0.3615131199942482,0.25436531096502196,0.22580394312245503,0.7129409976773383,0.03557007400611195,0.0024537037037036247,0.004940169036651127,0.4105792168614353,0.12771910490604013,0.10600464295205764,0.0,0.9999999987499999,0.5387134842452606,0.28473550249836704,0.4058948727428126,0.42210911145456986,sad,04,17,17,male,strong,2004
80,2.6693333333333333,True,1.0,0.530593112472917,0.515781397358448,0.5231872549156824,0.6741935822160952,-0.07412037037037039,-0.07314814814814807,0.3608013032800131,0.23720339165082474,0.22167960570816186,0.7760193343816025,0.014811715114468993,0.0009722222222223187,0.011619807440807445,0.4494209232424421,0.12834409685063353,0.1059686872581836,0.0,0.843446266097388,0.5400596439513305,0.2842958877399783,0.39267355245758173,0.41639699690038817,sad,04,17,17,male,strong,2004
90,3.003,True,1.0,0.5304749057171166,0.52900656139328,0.5297407335551982,0.7020400222997667,-0.07453703703703701,-0.07310185185185186,0.3534873597444582,0.2744194755325853,0.21615901499994292,0.754573409960098,0.00146834432383669,0.0014351851851851505,0.015027285853816656,0.4208699611611929,0.12892688319447002,0.10489623811279589,0.0,0.9999999987499999,0.5393825053927821,0.283709959891988,0.38727913476244663,0.4167497263451062,sad,04,17,17,male,strong,2004
100,3.336666666666667,True,1.0,0.5254711548711843,0.5025562333236154,0.5140136940973998,0.6978946713408521,-0.0736574074074074,-0.07236111111111104,0.35065379766391525,0.277850397056918,0.2112704250346781,0.7365204452841498,0.02291492154756891,0.001296296296296351,0.017427244505937464,0.4306581811185684,0.12666144218307748,0.10691036083545018,0.0,0.9999999987499999,0.5406630621623649,0.2845162308405349,0.384473153863946,0.41848525301814454,sad,04,17,17,male,strong,2004
0,0.0,True,1.0,0.503125319765872,0.4909462769193069,0.4970357983425895,0.548047183035017,-0.07245370370370374,-0.06638888888888883,0.34407459339979224,0.2413151821630191,0.21553597884623324,0.9069215456779965,0.012179042846565125,0.006064814814814912,0.03612663143885511,0.5376336890718303,0.1274808890211923,0.10682737880409968,0.0,0.9999999987499999,0.5373964296578007,0.2810321639227575,0.38802679100532755,0.41708940537619205,sad,04,17,17,male,strong,2005
10,0.33366666666666667,True,1.0,0.5403670809156039,0.5054501714501082,0.522908626182856,0.6732060417697916,-0.07337962962962957,-0.06805555555555554,0.3404090087021743,0.2506650704081892,0.2204301631293916,0.7767438105697646,0.03491690946549575,0.005324074074074037,0.03330907067688032,0.4587060882321421,0.12324129061501396,0.10945181084330734,0.0,0.9999999987499999,0.5786209867931548,0.3160812169060869,0.4064072082853303,0.4634658904803571,sad,04,17,17,male,strong,2005
20,0.6673333333333333,True,1.0,0.5066656268137484,0.49842092273723937,0.5025432747754939,0.5240571431039177,-0.07296296296296295,-0.06574074074074088,0.34055156245199514,0.23573249878194272,0.22467565614898521,0.958947476221772,0.008244704076509013,0.0072222222222220744,0.03458832269388284,0.5951325285633366,0.12463532096194706,0.11030687486959961,0.0,0.9999999987499999,0.5765538428809023,0.31482969821801005,0.4095548578140629,0.46387185316420065,sad,04,17,17,male,strong,2005
30,1.0010000000000001,True,1.0,0.5039116510571542,0.47224716246347537,0.4880794067603148,1.0262798081826026,-0.07189814814814816,-0.06842592592592595,0.38756989105896933,0.3167990430148951,0.22418391837169385,0.4755812234332418,0.03166448859367882,0.00347222222222221,0.03155301414621745,0.2958192238313307,0.1239770163752277,0.10949124968542123,0.0,0.9999999987499999,0.5411297759650735,0.28521790495239363,0.41363258799500663,0.4432139851646468,sad,04,17,17,male,strong,2005
40,1.3346666666666667,True,1.0,0.4959094229406485,0.46054948718919886,0.47822945506492365,0.6962260397813156,-0.07731481481481484,-0.07111111111111112,0.36170992180951816,0.22360652816279578,0.23306352466593044,0.6868882054672005,0.035359935751449634,0.006203703703703711,0.03244032555063268,0.44484028817834065,0.1265424595820504,0.10758375321401448,0.0,0.9999999987499999,0.5322458006249375,0.2883873099639106,0.40381696293651004,0.419884540879345,sad,04,17,17,male,strong,2005
50,1.6683333333333334,True,1.0,0.501395251376486,0.43887503042177695,0.47013514089913144,0.6259217059593692,-0.08004629629629623,-0.07319444444444434,0.3753041389028705,0.15003244333516583,0.2455419083413848,0.7511085434855482,0.06252022095470905,0.006851851851851887,0.026896316078776353,0.5093408101624173,0.12705669519200868,0.10679770733561071,0.0,0.9999999987499999,0.543096153140944,0.2837796939608224,0.3949238686421528,0.4082010509983099,sad,04,17,17,male,strong,2005
60,2.0020000000000002,True,1.0,0.5525475885393392,0.4924925732641383,0.5225200809017387,0.6107676023670543,-0.08134259259259274,-0.07458333333333333,0.36273964948571286,0.22399493390026673,0.2387859467681529,0.8555137483990494,0.06005501527520085,0.006759259259259409,0.034210936664462406,0.5032307034368921,0.12662503369479247,0.10695348069113746,0.0,0.9999999987499999,0.5356995160173446,0.28673524035114917,0.4099954959876828,0.4184646420504943,sad,04,17,17,male,strong,2005
70,2.3356666666666666,True,1.0,0.5379804683790046,0.5005197450322109,0.5192501067056077,0.7487187173208624,-0.08064814814814814,-0.0735185185185186,0.34731405141351285,0.31573502001655457,0.23244421156544776,0.693518266197002,0.037460723346793734,0.007129629629629541,0.030582191214481334,0.4251237932127618,0.13074850800073917,0.10335669028542893,0.0,0.7071067807446058,0.5406718753204407,0.28481398983879347,0.4137118705742982,0.4209225314509823,sad,04,17,17,male,strong,2005
80,2.6693333333333333,True,1.0,0.5226516936839076,0.5069776586852508,0.5148146761845792,0.6390210059302647,-0.07768518518518513,-0.06958333333333344,0.3492245445061455,0.25534999126041924,0.22620802027056217,0.8056302866525175,0.015674034998656827,0.008101851851851694,0.039936123982337805,0.46466583258257854,0.12957309103545087,0.1048264844899879,0.0,0.7236658185615382,0.5400786648487521,0.28496799969820397,0.40789496970238875,0.4202211884429979,sad,04,17,17,male,strong,2005
90,3.003,True,1.0,0.5558594562945001,0.5095588568850168,0.5327091565897584,0.6507361799221821,-0.07597222222222211,-0.06675925925925924,0.3436331173214203,0.273153670291681,0.2269274545693969,0.8186253861794838,0.04630059940948328,0.009212962962962867,0.03876962385236703,0.46786987420751197,0.12926266295330122,0.10466436783576884,0.0,0.779447852002189,0.5413502294120773,0.2857600265931611,0.4047279571649853,0.4181440328858404,sad,04,17,17,male,strong,2005
100,3.336666666666667,True,1.0,0.5201197346829769,0.5034732399950836,0.5117964873390303,0.6688517800539604,-0.07541666666666658,-0.06884259259259257,0.3456564910478244,0.2620399267694726,0.22418391837169385,0.7651867014508663,0.016646494687893254,0.00657407407407401,0.03450650982123918,0.46937151021399964,0.1299784684732443,0.10432341781378857,0.0,0.9470543556446362,0.5371860028542667,0.28560230151445526,0.40124369182020647,0.41956825880509263,sad,04,17,17,male,strong,2005
0,0.0,True,1.0,0.4849092885419498,0.48944116423760664,0.4871752263897782,0.6230556201545051,-0.06874999999999992,-0.06740740740740736,0.34257929563099804,0.2717583024078162,0.21270670094052035,0.7819128993154234,0.0045318756956568285,0.001342592592592562,0.018587646282542686,0.4686910518238591,0.12693053913891866,0.10676932317568909,0.0,0.9999999987499999,0.5439617699189051,0.2852500306569665,0.37944031225101604,0.4154028397323696,sad,04,17,17,male,strong,2006
10,0.33366666666666667,True,1.0,0.5112680041114684,0.4551492208725093,0.4832086124919889,0.6629928842054411,-0.0708333333333333,-0.06819444444444434,0.34283393629990616,0.27175830240781607,0.214077499481529,0.7288292589611828,0.056118783238959136,0.0026388888888889683,0.016794789072548322,0.4628640209928272,0.1266904801777629,0.10723188106777101,0.0,0.9999999987499999,0.543571309953669,0.2865729248844515,0.3842477608355859,0.4222246174993936,sad,04,17,17,male,strong,2006
20,0.6673333333333333,True,1.0,0.512008744958421,0.5014399671652262,0.5067243560618235,0.7551930827938337,-0.0708333333333333,-0.07027777777777788,0.3423978402730197,0.3444572655621102,0.21131917059170918,0.6709864902194269,0.010568777793194761,0.0005555555555554204,0.014797991456067227,0.40610405823639567,0.12579596751302238,0.10721895801261612,0.0,0.8672807717159382,0.5411816353260054,0.2851763095465869,0.38364800221956724,0.4198581320621653,sad,04,17,17,male,strong,2006
30,1.0010000000000001,True,1.0,0.49236389729886687,0.468785647419742,0.48057477235930446,0.8222970374036616,-0.07680555555555557,-0.07884259259259263,0.3664823832719413,0.249144728862375,0.2189037545584032,0.5844296531539036,0.02357824987912488,0.0020370370370370594,0.006759317688743192,0.35918274745439344,0.12182442807332228,0.1110266784771481,0.0,0.9999999987499999,0.5444803320625126,0.2882628359395503,0.39169571870847003,0.4284505205107922,sad,04,17,17,male,strong,2006
40,1.3346666666666667,True,1.0,0.4849668271754876,0.450691483982144,0.46782915557881577,0.5758558085338866,-0.07842592592592595,-0.07509259259259254,0.37099890203487207,0.1899098943037289,0.2278862754225125,0.8124067668430682,0.03427534319334363,0.0033333333333334103,0.0013067282385040833,0.5265957446808501,0.12446690459895975,0.10893403511428523,0.0,0.9999999987499999,0.5465540866190226,0.2865828050550905,0.399796011147959,0.4282498162759205,sad,04,17,17,male,strong,2006
50,1.6683333333333334,True,1.0,0.47133481394237414,0.45527017593683483,0.4633024949396045,0.4819712050512644,-0.07712962962962955,-0.07652777777777764,0.3561689705408636,0.15218476088459812,0.22376152545089453,0.9612659222874649,0.01606463800553931,0.0006018518518519089,0.008866071958928594,0.5778388064531673,0.12704169810797405,0.10681554674792892,0.0,0.8755982552168996,0.5472490481661415,0.28409429196160446,0.3897725409258292,0.4184186407110076,sad,04,17,17,male,strong,2006
60,2.0020000000000002,True,1.0,0.517517858608346,0.4942550389516893,0.5058864487800177,0.6034444139099276,-0.08032407407407416,-0.07722222222222214,0.36780909791070016,0.23392700413182071,0.22243669544619507,0.8383314802803497,0.023262819656656664,0.003101851851852022,0.005243898960039006,0.5168483960155871,0.12337264481148655,0.10842871106674484,0.0,0.9999999987499999,0.5475358161467712,0.28587647344750794,0.3886985621297705,0.42396496117206656,sad,04,17,17,male,strong,2006
70,2.3356666666666666,True,1.0,0.5307035168195617,0.4811452099954135,0.5059243634074876,0.7257059374656721,-0.07884259259259263,-0.07439814814814816,0.34738907553012405,0.3239758649400323,0.2189678741999397,0.6971478904723983,0.049558306824148246,0.004444444444444473,0.01112861308135353,0.42338401697404865,0.12795068654291503,0.10662220986342323,0.0,0.8657016985591379,0.5457095045908988,0.2851941359223384,0.39094105150510283,0.41850294811720457,sad,04,17,17,male,strong,2006
80,2.6693333333333333,True,1.0,0.5444663053750673,0.5084546442326677,0.5264604748038675,0.7123578538358938,-0.07541666666666669,-0.07537037037037037,0.34754234709392134,0.3172566826592771,0.21612795291532877,0.7390393353129906,0.03601166114239962,4.629629629632204e-05,0.013082886749645011,0.4513724324940651,0.12690196335479095,0.10804475677606605,0.0,0.9999999987499999,0.5417320095850842,0.28485833122645854,0.3834067074051061,0.41484363997164303,sad,04,17,17,male,strong,2006
90,3.003,True,1.0,0.5527157948504468,0.49542879414269203,0.5240722944965694,0.7185523259194417,-0.07458333333333333,-0.07384259259259257,0.3445462655431876,0.32001546134539605,0.2154818141513067,0.7293446497803476,0.05728700070775472,0.000740740740740764,0.014217117845111269,0.4309917566382162,0.12655455377029817,0.10703686799320028,0.0,0.9999999987499999,0.5390208271980668,0.28485054070889076,0.38885673831457546,0.41844613187697133,sad,04,17,17,male,strong,2006
100,3.336666666666667,True,1.0,0.4923638972988652,0.4736944519872502,0.4830291746430577,0.6964735869947498,-0.07550925925925928,-0.0731944444444444,0.34422843155262367,0.3087963693225198,0.21274256606063233,0.6935355247674294,0.01866944531161502,0.0023148148148148806,0.013153532154485035,0.4367500902701391,0.12606550217313245,0.10778932831813708,0.0,0.9999999987499999,0.5435980807479242,0.2856897418174378,0.38624648002099754,0.42122354685193614,sad,04,17,17,male,strong,2006
0,0.0,True,1.0,0.5061030689610918,0.4806274288791796,0.49336524892013567,0.6950089250073916,-0.07087962962962963,-0.06986111111111104,0.34045884126532405,0.31409057187834055,0.2063568763099273,0.7098689400497822,0.02547564008191222,0.0010185185185185852,0.014095381659009226,0.4331194472905851,0.12635784752595108,0.10762364263331786,0.0,0.9999999987499999,0.541266832529887,0.2847398817029221,0.38531645523646396,0.42323066276781296,sad,04,17,17,male,strong,2007
10,0.33366666666666667,True,1.0,0.4925480182640646,0.46054948718920136,0.476548752726633,0.6318796482273286,-0.07148148148148137,-0.06842592592592589,0.34371279648861647,0.302775664775595,0.20917372454246272,0.7541764544301119,0.03199853107486322,0.003055555555555478,0.015192018426738941,0.4809202090828995,0.1252697422170195,0.10906305385949595,0.0,0.9999999987499999,0.5395772255230217,0.28443914625046246,0.3851520026258651,0.42376855571399397,sad,04,17,17,male,strong,2007
20,0.6673333333333333,True,1.0,0.5121590358093349,0.479687988160488,0.49592351198491147,0.6657976934555597,-0.07162037037037039,-0.06833333333333341,0.3472654207994531,0.3002434434512962,0.21196434753034085,0.7448561580485756,0.03247104764884684,0.0032870370370369772,0.017103144359752572,0.45387550082697703,0.1264148901987544,0.10737935403788723,0.0,0.9999999987499999,0.5411936582211009,0.2853855569748707,0.3828314602062604,0.4183168241767665,sad,04,17,17,male,strong,2007
30,1.0010000000000001,True,1.0,0.4714531133611118,0.48062125884596435,0.47603718610353807,0.752691932955339,-0.07814814814814808,-0.07560185185185192,0.3547734597210895,0.2805500590555374,0.2189856431688217,0.6324462442880782,0.009168145484852563,0.0025462962962961577,0.019618955009679542,0.41118856658793335,0.123392152702651,0.10840651051809393,0.0,0.9999999987499999,0.5431566734897083,0.28439804717103906,0.38079682785408786,0.41896584612607457,sad,04,17,17,male,strong,2007
40,1.3346666666666667,True,1.0,0.5119409960594586,0.5015504029893209,0.5067456995243897,0.5298212660276311,-0.07324074074074072,-0.07111111111111112,0.3690023079667313,0.1600553186165092,0.22243669544619507,0.9564465075623485,0.010390593070137788,0.0021296296296295925,0.013813585714287405,0.5379361160870646,0.12543574844662422,0.1083458314903743,0.0,0.9999999987499999,0.5415045702734218,0.28438099505637493,0.389617875104657,0.421869607462434,sad,04,17,17,male,strong,2007
50,1.6683333333333334,True,1.0,0.4907464604714921,0.4431982334795328,0.4669723469755125,0.5074831308277232,-0.07624999999999993,-0.07060185185185175,0.35497591394481576,0.17754888769869764,0.22519522780245588,0.9201731419404302,0.04754822699195932,0.00564814814814818,0.013302641584774925,0.5487899970534422,0.12714796345718898,0.1075782004483738,0.0,0.9999999987499999,0.540649959726078,0.2831252324768908,0.3861981469800834,0.42012259661054746,sad,04,17,17,male,strong,2007
60,2.0020000000000002,True,1.0,0.4907464604714912,0.46126251172288424,0.4760044860971877,0.5912848994440295,-0.07634259259259263,-0.0712037037037036,0.3581912318680906,0.23887614584477743,0.22245418733628103,0.8050340648725561,0.029483948748606936,0.005138888888889026,0.01653156993421881,0.516051449861846,0.12488077805297682,0.10740019522780274,0.0,0.9999999987499999,0.545346456082433,0.2851129395341219,0.39316878591867893,0.4248653340932341,sad,04,17,17,male,strong,2007
70,2.3356666666666666,True,1.0,0.5039886926381729,0.4751761937590908,0.48958244319863187,0.7009646462552775,-0.07537037037037037,-0.07222222222222219,0.3536597677137286,0.27388456905021324,0.22104915413263118,0.6984409924439121,0.028812498879082105,0.0031481481481481777,0.01730373170125078,0.44106601720645405,0.12881874519938583,0.10539117971141052,0.0,0.9999999987499999,0.5410693985953756,0.2844756540348565,0.3942367192824233,0.4199203490725993,sad,04,17,17,male,strong,2007
80,2.6693333333333333,True,1.0,0.5058208589111804,0.4810784861961797,0.4934496725536801,0.6470300326859411,-0.0744907407407408,-0.07162037037037039,0.3467408906570621,0.27168385245444043,0.22108504626811998,0.7626379729319201,0.024742372715000738,0.002870370370370412,0.02154018964548946,0.48733338819326893,0.12585957823808164,0.10785320002436302,0.0,0.9999999987499999,0.5404821558467136,0.28395606190243056,0.3837179343053732,0.41990422968640334,sad,04,17,17,male,strong,2007
90,3.003,True,1.0,0.5330995819468374,0.5057659825461717,0.5194327822465046,0.6830054769299168,-0.0740277777777778,-0.06953703703703706,0.34443842510520856,0.30193962773747074,0.2141298816237144,0.7605104201818921,0.02733359940066571,0.00449074074074074,0.02866256592259817,0.4577343153231261,0.12710124432045922,0.1058485145833175,0.0,0.9999999987499999,0.5429074232739972,0.2842707307726628,0.3859404144812593,0.41679031438168795,sad,04,17,17,male,strong,2007
100,3.336666666666667,True,1.0,0.4776559439324661,0.4807447122997503,0.4792003281161082,0.6803523073748262,-0.07379629629629625,-0.06986111111111121,0.3390360070088292,0.31341942667399036,0.21416835829873065,0.7043414462208953,0.0030887683672842225,0.003935185185185042,0.02912175068935908,0.45379271403796273,0.12711997163608532,0.10690075230730282,0.0,0.9999999987499999,0.5429355691495349,0.28463285421069967,0.3834069861850905,0.41830668522554393,sad,04,17,17,male,strong,2007
0,0.0,True,1.0,0.5610976294247729,0.5275822509872979,0.5443399402060354,0.4771736536760888,-0.08180555555555558,-0.07106481481481475,0.34077575898797774,0.22522205825214922,0.2308531855944235,1.1407585813099812,0.033515378437474985,0.010740740740740828,0.015727889770194303,0.6427156514446056,0.12591056258163838,0.10565145077123175,0.0,0.8034072539414119,0.5512804472648434,0.2823532222112877,0.3957890826839427,0.43477974227775157,angry,05,17,17,male,normal,2008
10,0.33366666666666667,True,1.0,0.5379906095864465,0.501851494696915,0.5199210521416808,0.454069656909294,-0.07791666666666658,-0.06745370370370368,0.33838124536244535,0.21356296281690643,0.22597855798526997,1.1450248749952068,0.036139114889531476,0.010462962962962896,0.015441926933101863,0.6620556577188249,0.12736937129160908,0.10660347691014303,0.0,0.9999999987499999,0.5482128984640732,0.2823723847718269,0.39548187315054906,0.43229680613968935,angry,05,17,17,male,normal,2008
20,0.6673333333333333,True,1.0,0.5660027520373578,0.501851494696915,0.5339271233671364,0.4674102497756166,-0.0812962962962962,-0.06967592592592597,0.3380916961800286,0.21356296281690643,0.2294275267211001,1.1423094029783294,0.0641512573404428,0.011620370370370225,0.017143891402513576,0.6610602660292698,0.12630853054436006,0.1075044429270985,0.0,0.9585352195067556,0.5483656094703506,0.28197796008716736,0.3964331360804039,0.43447685012207354,angry,05,17,17,male,normal,2008
30,1.0010000000000001,True,1.0,0.5219453619161657,0.4563513500073038,0.4891483559617348,0.923747337731237,-0.07990740740740732,-0.06749999999999995,0.3836493729626507,0.26893228124813084,0.2356356432259494,0.5295261333722532,0.06559401190886188,0.012407407407407367,0.022261038030965147,0.32752334328477806,0.12155846041179791,0.10748659667807209,0.0,0.9999999987499999,0.5522508586481468,0.2836359780552971,0.4128009704979337,0.45204678907195833,angry,05,17,17,male,normal,2008
40,1.3346666666666667,True,1.0,0.607257921436046,0.5698743662176919,0.588566143826869,0.7845969130080839,-0.07981481481481478,-0.0702314814814815,0.34398155485260345,0.2482811777462246,0.23913914389078572,0.7501509808015328,0.037383555218354014,0.009583333333333277,0.018854448178454105,0.37473660589094193,0.1246642231343025,0.10676292612407028,0.0,0.9999999987499999,0.5460331258519032,0.28166538750822,0.3962744826919177,0.42992498982896765,angry,05,17,17,male,normal,2008
50,1.6683333333333334,True,1.0,0.5886252166526227,0.5357646467155374,0.56219493168408,0.45031769299490904,-0.07703703703703713,-0.0657407407407406,0.359182495331807,0.06872307643170365,0.23915732823934857,1.2484406907157337,0.05286056993708532,0.011296296296296526,0.016369364643280985,0.5956893416812197,0.12501868544479616,0.10830033534924771,0.0,0.9999999987499999,0.5597965587641306,0.2812249948464802,0.3797590346557842,0.4232577228179003,angry,05,17,17,male,normal,2008
60,2.0020000000000002,True,1.0,0.5570099080686812,0.5204670973809327,0.538738502724807,0.642834467872008,-0.07634259259259252,-0.06435185185185166,0.35493928611572395,0.17629288182613254,0.23778893813960839,0.8380672313794985,0.03654281068774856,0.011990740740740857,0.009978494279039223,0.4631995302567612,0.12242271052544637,0.1080992286677699,0.0,0.9999999987499999,0.5583096717671444,0.2808349794965712,0.37964610855693026,0.42418289241340507,angry,05,17,17,male,normal,2008
70,2.3356666666666666,True,1.0,0.6244766047715051,0.5712443751741942,0.5978604899728497,0.5082592967003283,-0.0813888888888889,-0.06740740740740747,0.35070297435350983,0.1268642794292596,0.23719989736083558,1.1762903184540283,0.05323222959731089,0.013981481481481428,0.022627273923096103,0.5526683028974348,0.1276246950831972,0.105216783606787,0.0,0.9999999987499999,0.5479071999112145,0.2836901230951506,0.4015378603772207,0.43669820856419583,angry,05,17,17,male,normal,2008
80,2.6693333333333333,True,1.0,0.5907451706195515,0.530399614307926,0.5605723924637387,0.4667063757512528,-0.07768518518518513,-0.06560185185185202,0.3447169437670724,0.1358576046662751,0.2330635246659305,1.2011243505327962,0.060345556311625415,0.012083333333333113,0.022945335476170704,0.6138488571047297,0.12571567607931877,0.10624253151303216,0.0,0.9999999987499999,0.5464646708917943,0.2836472964578629,0.3983203014853221,0.43549975249774414,angry,05,17,17,male,normal,2008
90,3.003,True,1.0,0.6434158237400746,0.5791229969572098,0.6112694103486422,0.5459539938107052,-0.08111111111111113,-0.0672685185185185,0.3348426031831507,0.17915936330234694,0.2359608170620391,1.1196353855423637,0.06429282678286474,0.013842592592592629,0.02105231388196808,0.5517707760135552,0.12743563409261485,0.10580643366874036,0.0,0.9999999987499999,0.5502997058979843,0.28334273339728866,0.3985495508949733,0.4364534516848845,angry,05,17,17,male,normal,2008
100,3.336666666666667,True,1.0,0.6152765813144359,0.5628510717228004,0.5890638265186181,0.5586048972251058,-0.08027777777777784,-0.07060185185185186,0.3311345648021226,0.2382272234786388,0.23512005820634246,1.054526785291032,0.0524255095916355,0.009675925925925977,0.023425837460285478,0.5368254807131927,0.12655827149512974,0.10721032624482876,0.0,0.9999999987499999,0.5529954063891181,0.2832750058177911,0.39393396064946723,0.43574509928691924,angry,05,17,17,male,normal,2008
0,0.0,True,1.0,0.6349783770203696,0.5875226017440822,0.6112504893822259,0.6273593859460803,-0.07634259259259274,-0.06606481481481491,0.3239229519919653,0.2438017316656034,0.23362742464446873,0.9743226977634811,0.047455775276287415,0.01027777777777783,0.01611473346366301,0.5164548494817306,0.12716165651635208,0.10649395874696332,0.0,0.9999999987499999,0.5453343183601566,0.28657426714116147,0.3984163142162953,0.43481378997282066,angry,05,17,17,male,normal,2009
10,0.33366666666666667,True,1.0,0.5716539968917899,0.5633802816901413,0.5675171392909656,0.6230357063437942,-0.07787037037037042,-0.06745370370370374,0.3235914753473058,0.23529552625226244,0.236382704964088,0.9108902323132774,0.008273715201648546,0.010416666666666685,0.01624563576983995,0.5166564243106401,0.1256626033983793,0.10701977673168106,0.0,0.9999999987499999,0.5447456829919467,0.2861405202253463,0.3974681419929278,0.4316314436600878,angry,05,17,17,male,normal,2009
20,0.6673333333333333,True,1.0,0.5703665292861565,0.5097385677706907,0.5400525485284235,0.6549693421769575,-0.07421296296296298,-0.06259259259259253,0.3222947580254748,0.25773325918935197,0.2336891367978731,0.8245463012565158,0.06062796151546579,0.011620370370370448,0.01704882439958587,0.4923921226768868,0.12334929728370048,0.10933007577397445,0.0,0.9999999987499999,0.5564681237494998,0.28219403144455724,0.37568982804869905,0.42013817510938534,angry,05,17,17,male,normal,2009
30,1.0010000000000001,True,1.0,0.5209624542019466,0.4893706088152056,0.5051665315085762,0.9349016947494416,-0.07499999999999996,-0.0618981481481482,0.3736587549144433,0.2635805816201603,0.2391215962786162,0.5403418716060444,0.031591845386741035,0.013101851851851753,0.017085747849543354,0.33184038259015064,0.12364174156262744,0.10847360282488651,0.0,0.9999999987499999,0.5429309244400885,0.28639226227824877,0.4105085432569647,0.44598803214188065,angry,05,17,17,male,normal,2009
40,1.3346666666666667,True,1.0,0.5124029545554277,0.4644683717469547,0.48843566315119125,0.7781833377642374,-0.07273148148148162,-0.062083333333333435,0.3455546588768737,0.23956116853863701,0.23632944421757096,0.6276614255896216,0.047934582808473014,0.010648148148148184,0.018948711672169483,0.4121849885000622,0.12549359719361808,0.10915504106984639,0.0,0.9999999987499999,0.551415345435049,0.2802071021077959,0.37335110491151635,0.41615562900613784,angry,05,17,17,male,normal,2009
50,1.6683333333333334,True,1.0,0.5037358381225413,0.4504441165042974,0.47708997731341934,0.8278666915385725,-0.0749537037037038,-0.06129629629629624,0.3708384426976513,0.19780386961549962,0.2434397733576734,0.576288407529427,0.053291721618243915,0.013657407407407562,0.018795107563772145,0.35956630166193904,0.12565821057993654,0.10755765180172172,0.0,0.9999999987499999,0.5563812096088435,0.2802045426578192,0.3850014099030438,0.4275878468215248,angry,05,17,17,male,normal,2009
60,2.0020000000000002,True,1.0,0.49634276317381465,0.47005492990453035,0.4831988465391725,0.7069344536695429,-0.0715277777777778,-0.06175925925925929,0.37294237676090564,0.1555885407410715,0.24138219857513532,0.6835129396098782,0.0262878332692843,0.00976851851851851,0.013991560833230578,0.4315380676981475,0.12437124321292925,0.10834210824218456,0.0,0.9999999987499999,0.5552675250959759,0.2797213275795103,0.38128604872035915,0.4243991588623576,angry,05,17,17,male,normal,2009
70,2.3356666666666666,True,1.0,0.6104406019921977,0.5880343683463213,0.5992374851692595,0.6780755498956801,-0.07810185185185187,-0.06879629629629636,0.32264691905495685,0.2004438034113507,0.24959947314398487,0.883732624279773,0.02240623364587646,0.009305555555555511,0.010781572311701855,0.4605089281089084,0.12548141298138482,0.10758692018964996,0.0,0.9999999987499999,0.5549838117356317,0.2792037352850744,0.3779338087226857,0.4209817665345799,angry,05,17,17,male,normal,2009
80,2.6693333333333333,True,1.0,0.5437569610067813,0.500980992650245,0.5223689768285131,0.4447053800314332,-0.07800925925925928,-0.06472222222222207,0.3513789263413692,0.10765286546342297,0.24623521617353555,1.1746405604348444,0.0427759683565363,0.013287037037037208,0.015975482528503653,0.6623450687511843,0.12472220680408865,0.10811426193774794,0.0,0.8248566864560827,0.5575306824370373,0.27762222620362165,0.38001600814312986,0.42082004350291796,angry,05,17,17,male,normal,2009
90,3.003,True,1.0,0.5518796552942332,0.5131412007172115,0.5325104280057223,0.46572452843852613,-0.07310185185185186,-0.06194444444444447,0.3346071651978916,0.17278268603847566,0.23858649066997312,1.1434021518924824,0.03873845457702174,0.011157407407407394,0.0106757345593707,0.6796309308750974,0.12665553522469924,0.10512032206699783,0.0,0.9999999987499999,0.551723438711422,0.2767070635073454,0.38307246934299094,0.41677451916285435,angry,05,17,17,male,normal,2009
100,3.336666666666667,True,1.0,0.6215008286788674,0.5757193959266284,0.5986101123027479,0.46854989918762663,-0.07884259259259263,-0.06847222222222221,0.3427779345777078,0.16901299337331807,0.24829336232998,1.27758028193074,0.045781432752239004,0.010370370370370419,0.012800681546854003,0.6578749932732909,0.12471408051479205,0.10723898958925838,0.0,0.9999999987499999,0.5528482548957083,0.2774280766397464,0.3800046713288024,0.4171466058757825,angry,05,17,17,male,normal,2009
0,0.0,True,1.0,0.5581127231528864,0.5411125440470848,0.5496126335999856,0.6647742762487648,-0.07527777777777783,-0.06597222222222221,0.323428166957105,0.3183410061060033,0.21966162985185075,0.8267657959050078,0.01700017910580165,0.009305555555555622,0.02765482913220454,0.4586433096034229,0.12678990414858185,0.10675798047809754,0.0,0.9999999987499999,0.5506359556166216,0.2832752405683389,0.39439589265041325,0.43097934041829894,angry,05,17,17,male,normal,2010
10,0.33366666666666667,True,1.0,0.5473135358538367,0.5239476257382814,0.5356305807960591,0.6507092542179678,-0.07277777777777783,-0.06490740740740747,0.3245913644969374,0.3045000927970465,0.2168866336962356,0.8231488599924525,0.023365910115555333,0.007870370370370361,0.024603025005207627,0.4566428925203672,0.12584828092346687,0.10626486178586621,0.0,0.9999999987499999,0.5477362511176346,0.2844295997277402,0.3961266746379598,0.4313448079031919,angry,05,17,17,male,normal,2010
20,0.6673333333333333,True,1.0,0.5624062884334382,0.5083461583551753,0.5353762233943067,0.6266184912530305,-0.07449074074074069,-0.06472222222222218,0.33049470376530954,0.2926791602737547,0.22032214912571815,0.8543894424879334,0.054060130078262936,0.00976851851851851,0.027870823767021203,0.4785580806623865,0.1268375804840544,0.10616431850800165,0.0,0.9999999987499999,0.5472551677467862,0.2840084864442666,0.3959824741833306,0.4316426116447546,angry,05,17,17,male,normal,2010
30,1.0010000000000001,True,1.0,0.5438948659516439,0.4763975489886343,0.5101462074701391,0.9009996631546149,-0.08384259259259264,-0.07097222222222221,0.3450744675830317,0.31329750621004854,0.2321183842412802,0.5662002199690014,0.06749731696300965,0.01287037037037042,0.03475723474361345,0.3344531820670217,0.12341640577974652,0.10802674558128517,0.0,0.9999999987499999,0.5519845315626251,0.28394527250413365,0.3965616884020817,0.4332008521651874,angry,05,17,17,male,normal,2010
40,1.3346666666666667,True,1.0,0.5384829812873664,0.4930809332508427,0.5157819572691045,0.6791686067382813,-0.07347222222222216,-0.06310185185185185,0.3441565296463736,0.24802719241628862,0.22241988821682002,0.7594313873636711,0.0454020480365237,0.010370370370370308,0.022945028093371116,0.43246464744962093,0.12759523934118874,0.10686919468406542,0.0,0.9999999987499999,0.5485985619482168,0.28274383381478924,0.3954128342464805,0.4280419680522632,angry,05,17,17,male,normal,2010
50,1.6683333333333334,True,1.0,0.5490994777716861,0.49290736301881855,0.5210034203952523,0.6116594413864207,-0.07662037037037034,-0.0669907407407408,0.3728148670879093,0.12589925794989026,0.2279706267798172,0.8517867707793694,0.05619211475286756,0.009629629629629544,0.025506058858772496,0.4525207020011234,0.12702570340709618,0.10665608661193338,0.0,0.9999999987499999,0.5513045869675995,0.2826258692939304,0.39971682152121396,0.42636512819627964,angry,05,17,17,male,normal,2010
60,2.0020000000000002,True,1.0,0.5880464714614669,0.5358323557526866,0.5619394136070768,0.616097106341128,-0.08842592592592585,-0.07611111111111113,0.37271462964789726,0.16911440996271954,0.24403153812891176,0.9120955249154107,0.05221411570878032,0.012314814814814723,0.031481862207103695,0.45217837990875204,0.12470727841771097,0.10777851974660015,0.0,0.9999999987499999,0.5451885499512306,0.28207192699969,0.39869457133986147,0.4280460132247009,angry,05,17,17,male,normal,2010
70,2.3356666666666666,True,1.0,0.5797901570221355,0.5532112602432342,0.5665007086326849,0.7045803945027428,-0.08675925925925937,-0.07782407407407405,0.33454911867458914,0.23923756528404158,0.24337677187114581,0.8040256485315525,0.02657889677890135,0.008935185185185324,0.02919017435259503,0.42610616833482245,0.128832769905375,0.10446610711775482,0.0,0.9999999987499999,0.5437083295662015,0.2814639887551463,0.4013192955403467,0.4293657749926545,angry,05,17,17,male,normal,2010
80,2.6693333333333333,True,1.0,0.5488331720987667,0.4943126101515927,0.5215728911251797,0.41234865887154243,-0.08037037037037026,-0.06740740740740742,0.35350795023280546,0.11219823617870257,0.2343825270460569,1.264883199941881,0.05452056194717397,0.012962962962962843,0.03470549571380063,0.6694057910643886,0.127752522880623,0.10488004241876984,0.0,0.9079550877577034,0.5435980210834334,0.2804001899960767,0.39962140006896235,0.428123952919104,angry,05,17,17,male,normal,2010
90,3.003,True,1.0,0.5641778560244293,0.5123486863655218,0.5382632711949755,0.42734449162353194,-0.0799537037037037,-0.067037037037037,0.35241335042948585,0.13808853500165014,0.23093777473400362,1.259553549292399,0.05182916965890749,0.012916666666666687,0.030810017817348295,0.6668003618771994,0.12652912395016908,0.10545326668499086,0.0,0.9999999987499999,0.5442442424391631,0.28066153098187935,0.3977570200253238,0.4308202875961245,angry,05,17,17,male,normal,2010
100,3.336666666666667,True,1.0,0.612282082236336,0.5744536150638885,0.5933678486501122,0.4383345992219527,-0.08412037037037035,-0.07226851851851868,0.3545298238348242,0.15011177336841916,0.2371777028802198,1.353687000075615,0.03782846717244748,0.011851851851851669,0.03178500565750859,0.6126701116299708,0.12760279726776336,0.10451671965121259,0.0,0.9999999987499999,0.5446403459508804,0.28080616251502827,0.40214853451539795,0.43361460931905893,angry,05,17,17,male,normal,2010
0,0.0,True,1.0,0.5379906095864465,0.5011298200412602,0.5195602148138534,0.47900051060497645,-0.0790277777777777,-0.06759259259259265,0.34367805757433595,0.2259465894349292,0.22802182488009415,1.084675701405099,0.036860789545186345,0.011435185185185048,0.028880745530095564,0.6267760587691579,0.12727994801550105,0.10671022849667215,0.0,0.9999999987499999,0.5453829954872573,0.2828417136323722,0.39620356987603134,0.437413554850728,angry,05,17,17,male,normal,2011
10,0.33366666666666667,True,1.0,0.5925688452166861,0.5461399038266515,0.5693543745216687,0.49596403779400594,-0.07388888888888895,-0.06314814814814818,0.3393935130861616,0.24102924998152062,0.218291948368932,1.1479751174179784,0.04642894139003462,0.010740740740740773,0.027611008666949363,0.6250005338942399,0.12561015810285214,0.10796726551826492,0.0,0.9999999987499999,0.5458012198629453,0.28198438165959216,0.39284895888333204,0.43670215527780104,angry,05,17,17,male,normal,2011
20,0.6673333333333333,True,1.0,0.5498376387156018,0.48573352530339975,0.5177855820095008,0.5360969883787376,-0.07912037037037034,-0.0690277777777778,0.3400551160376618,0.24102924998152062,0.22590562118886512,0.9658431090526843,0.06410411341220201,0.010092592592592542,0.02939208549760841,0.5782121428270486,0.12812429255018895,0.10569495584692695,0.0,0.9999999987499999,0.5464343364455156,0.2823547172312064,0.398033795554011,0.43872837631500017,angry,05,17,17,male,normal,2011
30,1.0010000000000001,True,1.0,0.5541203597459331,0.5015497935140719,0.5278350766300025,0.8594509190101008,-0.08050925925925922,-0.06833333333333336,0.33899312008052007,0.32218211897957333,0.2294092362643159,0.6141538335172797,0.05257056623186118,0.012175925925925868,0.029882564749559175,0.3790877228716757,0.1228934895351964,0.10738644967393955,0.0,0.9999999987499999,0.5496909688875551,0.28366422571803457,0.393086993163751,0.4349818450840618,angry,05,17,17,male,normal,2011
40,1.3346666666666667,True,1.0,0.5628977355826336,0.518996075332402,0.5409469054575178,0.6217348072094397,-0.07759259259259255,-0.06740740740740742,0.3536896973744448,0.2007134114783176,0.23423144153432005,0.870060513236301,0.04390166025023157,0.01018518518518513,0.02094838082169914,0.48078817479638836,0.12529535043704168,0.10815643047485884,0.0,0.9999999987499999,0.5429033871282889,0.2840309537792265,0.3963299900709306,0.42731753080113355,angry,05,17,17,male,normal,2011
50,1.6683333333333334,True,1.0,0.5983147394923548,0.5519883410523152,0.5751515402723351,0.4873467444387711,-0.07972222222222225,-0.06805555555555554,0.3676196968136464,0.04993755613701654,0.23839454858666162,1.1801690415202837,0.04632639844003961,0.011666666666666714,0.022437605535706187,0.5643047999126625,0.1272545330276095,0.10727466475907516,0.0,0.8385551780634221,0.5465836851381178,0.2835320651130215,0.3971904935767498,0.42839524673346524,angry,05,17,17,male,normal,2011
60,2.0020000000000002,True,1.0,0.598314739492355,0.538153216909202,0.5682339782007786,0.6727375362189137,-0.07935185185185178,-0.06694444444444458,0.3722982960776239,0.1649110117481916,0.23917614917907348,0.8446592431790086,0.06016152258315299,0.0124074074074072,0.028469590975604732,0.4395740663668217,0.12515585836477552,0.10636543606282518,0.0,0.9926372404748912,0.5377547810764931,0.2834075303244294,0.3975169214691649,0.4268624822276324,angry,05,17,17,male,normal,2011
70,2.3356666666666666,True,1.0,0.5621323124220096,0.5193258342273128,0.5407290733246612,0.6429634246927888,-0.07587962962962963,-0.06425925925925924,0.3476351997093283,0.18627088926735916,0.22673371829603484,0.8409950746156741,0.04280647819469674,0.011620370370370392,0.028646619869673123,0.45352341828274445,0.12818071246264287,0.10526516560756309,0.0,0.9999999987499999,0.5422510506937149,0.28127077674924555,0.3997039758187584,0.43116282634571657,angry,05,17,17,male,normal,2011
80,2.6693333333333333,True,1.0,0.5722600138508025,0.5193258342273127,0.5457929240390575,0.4300545561262247,-0.0822222222222222,-0.06805555555555565,0.3547924489683065,0.126417450194174,0.2357279022672859,1.2691248500082457,0.052934179623489785,0.01416666666666655,0.03209755412080701,0.6475420762898099,0.12734842487689144,0.10427984175368132,0.0,0.9323972043739417,0.5407726162339935,0.28019284619841445,0.399621513721281,0.4328755453598724,angry,05,17,17,male,normal,2011
90,3.003,True,1.0,0.5588106748665542,0.5193258342273127,0.5390682545469334,0.424787099845888,-0.08217592592592593,-0.06814814814814824,0.3602448193767824,0.14959764823826974,0.2316090039547051,1.2690316036963136,0.039484840639241514,0.014027777777777695,0.028716834947979462,0.6661640638309074,0.12748085021415853,0.10466542593393567,0.0,0.9999999987499999,0.5403472520805197,0.279899701972575,0.3993255242210495,0.4307863520778091,angry,05,17,17,male,normal,2011
100,3.336666666666667,True,1.0,0.5468299536067194,0.5058349989386415,0.5263324762726804,0.4211057120743981,-0.07685185185185178,-0.06444444444444442,0.35165090525334713,0.15277465521151878,0.22665294597378535,1.2498820632945762,0.0409949546680779,0.012407407407407367,0.0298257210258891,0.6862588118285552,0.1263336997109759,0.10658483342731047,0.0,0.9999999987499999,0.5416170628642082,0.27946953934572827,0.39550839715875025,0.4286452523382056,angry,05,17,17,male,normal,2011
0,0.0,True,1.0,0.541397897965709,0.527582250987299,0.534490074476504,0.5246234973712472,-0.053472222222222254,-0.05458333333333337,0.3224571313401918,0.23305223156515478,0.20576923250270696,1.0188069675771207,0.013815646978409979,0.0011111111111111183,0.003112764893044312,0.6097101458144398,0.12208735531768748,0.10812600550984477,0.0,0.9999999987499999,0.5547331902682948,0.28503210555883285,0.37361226043627793,0.4110645983870427,angry,05,17,17,male,strong,2012
10,0.33366666666666667,True,1.0,0.5269040396896445,0.5353198123730196,0.5311119260313321,0.49959859871845336,-0.05421296296296296,-0.05449074074074067,0.3191147793144328,0.22029058896436257,0.20438179567363082,1.0630772932384422,0.008415772683375122,0.0002777777777777102,0.0011076485990425275,0.6146158553922831,0.1232792660174195,0.10747648001439308,0.0,0.9999999987499999,0.5523901347413966,0.28482302601619536,0.3789937798616121,0.41341484968107345,angry,05,17,17,male,strong,2012
20,0.6673333333333333,True,1.0,0.5295148969676917,0.5360510927137792,0.5327829948407354,0.54362214402202,-0.05199074074074084,-0.05402777777777773,0.3166201484887595,0.24239808108622463,0.20292821961655266,0.980061244192353,0.0065361957460874365,0.002037037037036893,0.0006356747395073289,0.5782677469205878,0.12316213130584329,0.1074334987369669,0.0,0.9999999987499999,0.5508412451543118,0.28373000767190487,0.37934385362481793,0.4133937538827807,angry,05,17,17,male,strong,2012
30,1.0010000000000001,True,1.0,0.49820370591993385,0.46393214144428185,0.4810679236821078,1.064313235471612,-0.05462962962962964,-0.05532407407407419,0.43274053351582087,0.2660740995257973,0.20419693287833285,0.4519984414822577,0.034271564475651994,0.000694444444444553,0.003599862514391294,0.28704469792439125,0.11939093116126957,0.11229019807987396,0.0,0.9999999987499999,0.5522491218362344,0.28388334634050927,0.3896644155085044,0.42694104877024575,angry,05,17,17,male,strong,2012
40,1.3346666666666667,True,1.0,0.5169009622133814,0.50396855791482,0.5104347600641007,1.2472527761408285,-0.05486111111111103,-0.055787037037037024,0.3232136719009566,0.4676338188182791,0.21045292205187743,0.40924724308368027,0.012932404298561462,0.0009259259259259967,0.004153454757426639,0.2630091292056025,0.1225682450773131,0.11072240852774588,0.0,0.9999999987499999,0.5472956237729467,0.28495568401415544,0.38835959949048343,0.41561715510690467,angry,05,17,17,male,strong,2012
50,1.6683333333333334,True,1.0,0.4842161514215705,0.44444497957738927,0.4643305654994799,0.8335904283150695,-0.05208333333333348,-0.053888888888888875,0.41243284819939746,0.1590359231938574,0.21533766265670737,0.5570248286535967,0.03977117184418122,0.0018055555555553937,0.004734031685343882,0.34785231465207905,0.12317221711262293,0.10970334310473867,0.0,0.9999999987499999,0.5459431747464611,0.2824257788813871,0.39695136049967394,0.4260608525704005,angry,05,17,17,male,strong,2012
60,2.0020000000000002,True,1.0,0.49023565417614595,0.477543738832893,0.4838896965045195,1.029640550057816,-0.050925925925925986,-0.053888888888888764,0.42057231201713463,0.21675123401972424,0.21261629400533374,0.4699598286774431,0.012691915343252924,0.0029629629629627785,0.005563270545384302,0.2903021151125985,0.11976603889982479,0.11120684854947256,0.0,0.9999999987499999,0.5443940465639381,0.28426153485758376,0.39420275029179164,0.42854992629394606,angry,05,17,17,male,strong,2012
70,2.3356666666666666,True,1.0,0.625667517681167,0.5968253968253967,0.6112464572532819,1.257043237355994,-0.05796296296296305,-0.057916666666666505,0.27504097785114595,0.4463855708196323,0.2187015325012781,0.48625730530872513,0.028842120855770315,4.629629629654408e-05,0.010480570320416799,0.23819524607609505,0.1252647362170337,0.10801564797474046,0.0,0.9999999987499999,0.5388810075045642,0.28330651314919886,0.37286135115822977,0.3965337350290517,angry,05,17,17,male,strong,2012
80,2.6693333333333333,True,1.0,0.5626139654953992,0.5258458067455521,0.5442298861204757,0.514291237510584,-0.05666666666666659,-0.05652777777777773,0.3684750000559132,0.07336497721197352,0.21841354195342824,1.058213413774672,0.03676815874984707,0.0001388888888888551,0.0016993329358213352,0.5755595266944771,0.11461491423118318,0.11319103198697779,0.0,0.9999999987499999,0.6002780215367398,0.3093049956499509,0.3730952980247565,0.4430559227354183,angry,05,17,17,male,strong,2012
90,3.003,True,1.0,0.5674291862896315,0.5585500557258789,0.5629896210077552,0.5156780689630084,-0.05393518518518525,-0.05486111111111114,0.3449158974006166,0.1519167729805618,0.21307367417163484,1.0917462946211518,0.008879130563752557,0.0009259259259258856,0.006863618241314739,0.581484609543738,0.12511859993470514,0.10730074817914151,0.0,0.9999999987499999,0.5486523689163165,0.2824905807605374,0.37809401625532335,0.4007695107726242,angry,05,17,17,male,strong,2012
100,3.336666666666667,True,1.0,0.5840455952703126,0.5795178262285325,0.5817817107494225,0.49907534528010195,-0.052268518518518436,-0.053981481481481575,0.3490966187291526,0.17066152872117946,0.2116885491933088,1.1657191970140346,0.004527769041780094,0.0017129629629631382,0.0029207068560303854,0.6089189565467799,0.12477012071864464,0.10788250800050907,0.0,0.9999999987499999,0.5492942116690427,0.28167745276097517,0.3777025528622688,0.4033723693887204,angry,05,17,17,male,strong,2012
110,3.6703333333333332,True,1.0,0.5651194565470347,0.5410628019323658,0.5530911292397003,0.5150152505931914,-0.05439814814814814,-0.055833333333333346,0.34121431723260537,0.18278580067455963,0.2109674377546254,1.073931555624136,0.024056654614668882,0.001435185185185206,0.002295891269907346,0.5644006880832501,0.12849080563542312,0.1052490897828753,0.0,0.8696856728766189,0.5521226060893107,0.2811441682430168,0.37806474310189603,0.40197256055914043,angry,05,17,17,male,strong,2012
0,0.0,True,1.0,0.5302703641077324,0.5232304839224763,0.5267504240151044,0.4561252452747009,-0.04986111111111108,-0.05300925925925931,0.3372005328797267,0.13803940759355882,0.20792675894473603,1.1548372502334738,0.007039880185256142,0.003148148148148233,0.01070383667590071,0.7038319853253253,0.12380945294847037,0.10933272983117015,0.0,0.9999999987499999,0.549582564908776,0.287588892303844,0.3670648878238445,0.40061719064557527,angry,05,17,17,male,strong,2013
10,0.33366666666666667,True,1.0,0.5515915640024345,0.5358679916990139,0.5437297778507242,0.44580272307676766,-0.048981481481481515,-0.05101851851851846,0.34209256427418316,0.14840699759132167,0.2099316582100641,1.2196645504946666,0.015723572303420585,0.0020370370370369484,0.012066326372737761,0.7207163187459884,0.12249377386273254,0.10942061156724657,0.0,0.9999999987499999,0.5479261389555823,0.2873032150353424,0.36797239311025404,0.3982165881148355,angry,05,17,17,male,strong,2013
20,0.6673333333333333,True,1.0,0.5570099080686803,0.5748616273512553,0.5659357677099679,0.486894081168273,-0.04912037037037037,-0.050833333333333286,0.3445370663114654,0.155365013819445,0.20927436846584574,1.1623385652009552,0.017851719282575007,0.0017129629629629162,0.009048234571886525,0.6453137439438923,0.12293323223046351,0.10875160383606593,0.0,0.9999999987499999,0.5428366244075755,0.2849539629973889,0.3660015890903179,0.39724914462849686,angry,05,17,17,male,strong,2013
30,1.0010000000000001,True,1.0,0.513927246898771,0.49656235549244887,0.5052448011956099,1.420819635863052,-0.051944444444444515,-0.052731481481481435,0.3127638588642638,0.5402074657187651,0.20988259040137833,0.3556009421904616,0.017364891406322136,0.0007870370370369195,0.012990026889264398,0.24046010454145017,0.11985985662128804,0.11212986084948605,0.0,0.9999999987499999,0.5473851949295344,0.2845823840122882,0.374426481932197,0.40548308860839294,angry,05,17,17,male,strong,2013
40,1.3346666666666667,True,1.0,0.5422436604820472,0.504145936981758,0.5231947987319026,0.9968299991014808,-0.053101851851851956,-0.05398148148148152,0.33549609780563044,0.35502480260744357,0.211181932137033,0.5248586009685684,0.03809772350028917,0.0008796296296295636,0.0009245107514184128,0.3094252524683587,0.12394019142540184,0.10883495535071268,0.0,0.9999999987499999,0.5436216195384405,0.2826662852310014,0.37854063838678087,0.40511192061771184,angry,05,17,17,male,strong,2013
50,1.6683333333333334,True,1.0,0.5236548827668802,0.5176283018134059,0.5206415922901431,0.8017673450632953,-0.05060185185185184,-0.05291666666666678,0.419503000881746,0.1245953797580623,0.2146743334552234,0.6493674199827147,0.006026580953474303,0.002314814814814936,0.0033794074194126956,0.34231775082914534,0.12483011240176754,0.10851763628532446,0.0,0.9999999987499999,0.5466527394551571,0.2821464983245881,0.3946293350202789,0.4245628318877803,angry,05,17,17,male,strong,2013
60,2.0020000000000002,True,1.0,0.4618723020767296,0.46446837174695316,0.4631703369118414,0.750820584081253,-0.048703703703703694,-0.049120370370370314,0.39646019429433144,0.1364335756165433,0.22304018585513552,0.6168855073127798,0.0025960696702235775,0.0004166666666666208,0.002960194326277815,0.400621901073805,0.1222930826687994,0.11102625087196613,0.0,0.9999999987499999,0.5452098830078906,0.2814016372491544,0.3698345910181387,0.40190913015334084,angry,05,17,17,male,strong,2013
70,2.3356666666666666,True,1.0,0.6327114592471381,0.620507502743792,0.626609480995465,0.9952663911414261,-0.05398148148148152,-0.05481481481481487,0.29331346182070445,0.28322570887548537,0.21902326681485235,0.6295897124355168,0.012203956503346158,0.0008333333333333526,0.006777241543109183,0.3118713892675034,0.1260362828731836,0.10711437693734939,0.0,0.9999999987499999,0.5435645892184999,0.27783639142432826,0.35304913876458427,0.37934001083520014,angry,05,17,17,male,strong,2013
80,2.6693333333333333,True,1.0,0.579810136134349,0.5586456710074512,0.5692279035709,0.5171008199878678,-0.05203703703703699,-0.05328703703703719,0.34888894998947717,0.10325693730886182,0.21906367020015552,1.1008064222065153,0.021164465126897736,0.0012500000000001954,0.003621375464031724,0.5665823300970149,0.12347911483243909,0.10813139749398462,0.0,0.9999999987499999,0.549161984723577,0.27740299987385414,0.35217701082541897,0.38366970590403876,angry,05,17,17,male,strong,2013
90,3.003,True,1.0,0.601200599978924,0.5883211096304338,0.594760854804679,0.5508604470076709,-0.052592592592592524,-0.05277777777777776,0.33953122895258897,0.1610910594897867,0.2114581239807507,1.0796942456759775,0.01287949034849023,0.00018518518518523264,0.009234769838454945,0.5231756694792832,0.12638919059719822,0.10562094092770942,0.0,0.8565129258136069,0.542901896875938,0.28166048507245167,0.3700433889133633,0.3986783380587779,angry,05,17,17,male,strong,2013
100,3.336666666666667,True,1.0,0.5802515031697753,0.571607203108354,0.5759293531390646,0.6182388970201596,-0.05157407407407416,-0.05374999999999991,0.3328237476784423,0.21974961346845792,0.2032122505216069,0.9315644096723417,0.00864430006142125,0.002175925925925748,0.006313301212516475,0.4671341461511692,0.12515136412838945,0.10797067405573658,0.0,0.9999999987499999,0.5478693324829932,0.28084631094858564,0.37014757006933086,0.4028949214135691,angry,05,17,17,male,strong,2013
0,0.0,True,1.0,0.55360571150286,0.5571227661692696,0.5553642388360648,0.45967247113884074,-0.051296296296296395,-0.051435185185185195,0.3341014106793958,0.19475809060031649,0.20175262459455606,1.208173805710286,0.0035170546664096136,0.00013888888888879958,0.0007027096565124608,0.6700844013526097,0.12484941777097497,0.10831968095123905,0.0,0.9999999987499999,0.5495981555200204,0.28308334782425343,0.3753678347153961,0.41190414616165394,angry,05,17,17,male,strong,2014
10,0.33366666666666667,True,1.0,0.5601848498003904,0.5522899950351122,0.5562374224177513,0.46646024899895633,-0.05129629629629623,-0.052824074074074134,0.3398549398666677,0.21262189971874093,0.20097138254768968,1.1924647890392819,0.00789485476527818,0.0015277777777779056,0.0013601777912891307,0.6478078050234994,0.12464609451308835,0.107849273210606,0.0,0.9999999987499999,0.5472255637411215,0.28259556759117543,0.37495352902537116,0.4119562452036639,angry,05,17,17,male,strong,2014
20,0.6673333333333333,True,1.0,0.524417075688481,0.5440518552915969,0.534234465490039,0.5067390929199962,-0.05148148148148152,-0.051435185185185306,0.330373035360572,0.23222707128718406,0.20166487334230238,1.0542594265060654,0.019634779603115993,4.6296296296211015e-05,0.0011148055653871125,0.611827525128542,0.12432485199780106,0.10804324059100288,0.0,0.9999999987499999,0.5453133387104843,0.2833937482903486,0.3749256349181816,0.40995696219671424,angry,05,17,17,male,strong,2014
30,1.0010000000000001,True,1.0,0.5360223739750264,0.5360510927137792,0.5360367333444027,1.40179442876543,-0.055046296296296315,-0.0555092592592592,0.3094312309909797,0.5368574408037823,0.20353558059849144,0.382393254206677,2.8718738752764317e-05,0.0004629629629628873,0.005657548435904372,0.2403054680441813,0.11892740682092964,0.11261194868835674,0.0,0.9999999987499999,0.5437828420977767,0.2847924259450279,0.3756168198282972,0.40907415615905773,angry,05,17,17,male,strong,2014
40,1.3346666666666667,True,1.0,0.4646504030166328,0.4509192360290476,0.4577848195228402,0.9247406471118174,-0.0526388888888889,-0.05337962962962972,0.34862927976134,0.29722846887501325,0.20769179289336956,0.49504130801712887,0.013731166987585197,0.0007407407407408195,0.002367335259721732,0.33869627848848133,0.1230382073100316,0.11054516673660741,0.0,0.9999999987499999,0.5451539446950656,0.28391061240511956,0.3848655957847753,0.4151404919161046,angry,05,17,17,male,strong,2014
50,1.6683333333333334,True,1.0,0.4696361950022532,0.4309621126935798,0.4502991538479165,0.9561783014620577,-0.052268518518518436,-0.05486111111111108,0.4071102479183618,0.21372929336876018,0.2146984988792585,0.47093638619426975,0.03867408230867336,0.0025925925925926463,0.0031513360991140865,0.3110226014935912,0.12414006525271701,0.11000133788467813,0.0,0.8996377535244724,0.5496987726106068,0.2842399755401313,0.40271369022123804,0.433564697715327,angry,05,17,17,male,strong,2014
60,2.0020000000000002,True,1.0,0.5148368687384448,0.5100161209043851,0.512426494821415,1.0575342629772124,-0.05342592592592593,-0.05449074074074067,0.3997355283670783,0.23875875732895172,0.2162295940519488,0.48454836194036077,0.004820747834059724,0.0010648148148147407,0.011032214758696804,0.27838768497052857,0.12207908780842973,0.11091850556288495,0.0,0.9999999987499999,0.5453711777132728,0.2870039126266878,0.3967089821836817,0.4239478017100888,angry,05,17,17,male,strong,2014
70,2.3356666666666666,True,1.0,0.6127487891021287,0.5924885926217044,0.6026186908619166,0.9487623975567149,-0.05495370370370378,-0.054768518518518494,0.29587810102216344,0.29064213228200725,0.22039139496246268,0.6351629158299282,0.02026019648042432,0.00018518518518528815,0.006855325767335222,0.3178319808875676,0.12249233702071023,0.11251263617271064,0.0,0.9999999987499999,0.5480438246470464,0.2816987861298473,0.352945444761634,0.38193085901262547,angry,05,17,17,male,strong,2014
80,2.6693333333333333,True,1.0,0.5907968133254615,0.5927701226169843,0.5917834679712228,0.539310973722334,-0.05458333333333337,-0.0553703703703704,0.3501858372988202,0.0833975056666385,0.21700479581644053,1.0972954321450623,0.001973309291522729,0.0007870370370370305,0.0026177423837194687,0.5373929371950911,0.11734941870730332,0.1135864306131499,0.0,0.9999999987499999,0.5948084129667491,0.310833632302468,0.37633328072071687,0.4419078888137991,angry,05,17,17,male,strong,2014
90,3.003,True,1.0,0.5930738200499187,0.5713356457603016,0.5822047329051101,0.5027764232212597,-0.055694444444444546,-0.056018518518518357,0.34126076881909556,0.1454768043831513,0.21291463454061232,1.1579793841066726,0.021738174289617107,0.00032407407407381017,0.006174906856910889,0.5794429502258708,0.12773539709589707,0.10580509659946684,0.0,0.9999999987499999,0.5447869550554596,0.28386147377859344,0.379066084431254,0.39861469132177657,angry,05,17,17,male,strong,2014
100,3.336666666666667,True,1.0,0.5919033857377608,0.5714236573427164,0.5816635215402386,0.5374478316667094,-0.05495370370370373,-0.05592592592592588,0.3394149020220424,0.17451531444726776,0.2150184343503135,1.0822697334854054,0.020479728395044416,0.0009722222222221522,0.007428895212114654,0.5642159814946512,0.12624461286226016,0.1068687609658761,0.0,0.9999999987499999,0.5492191076977666,0.28378902230073805,0.3746730173010122,0.39857677086517407,angry,05,17,17,male,strong,2014
110,3.6703333333333332,True,1.0,0.5802515031697739,0.5840223615094583,0.5821369323396162,0.5281027893773084,-0.054629629629629584,-0.0555092592592592,0.3377111337954153,0.18278580067455963,0.2094248793615665,1.1023174731306002,0.0037708583396843798,0.0008796296296296191,0.005591632898951341,0.564774065494595,0.1254961248695926,0.10774672611954247,0.0,0.9999999987499999,0.5492451583524034,0.2833644024547158,0.3760608158317057,0.40297932470552256,angry,05,17,17,male,strong,2014
0,0.0,True,1.0,0.5775638868844183,0.5474417810144919,0.5625028339494551,0.664909089411562,-0.07254629629629639,-0.06736111111111098,0.33478902758711576,0.2646066784392953,0.23130574971996612,0.8459845757970681,0.030122105869926363,0.005185185185185404,0.010066522178102801,0.4596369644716414,0.12469060757535688,0.10832672262387609,0.0,0.9999999987499999,0.5398483077215261,0.28351653678878763,0.39921644068132883,0.43493309621592935,fearful,06,17,17,male,normal,2015
10,0.33366666666666667,True,1.0,0.58171935198507,0.5432873869318987,0.5625033694584843,0.7191873824247506,-0.0754629629629629,-0.0690277777777778,0.33472340672507245,0.2917458249458896,0.22576069073168806,0.7821374278870079,0.03843196505317126,0.006435185185185099,0.010876644356846066,0.4249473822473658,0.12366053920823364,0.1075702285564309,0.0,0.9999999987499999,0.5406357645323755,0.2819609598012131,0.400869598638031,0.43417287485723577,fearful,06,17,17,male,normal,2015
20,0.6673333333333333,True,1.0,0.5481235576646449,0.5092231525674838,0.5286733551160644,0.6945128363877058,-0.0769907407407408,-0.07124999999999998,0.33933513149623784,0.3005103618985267,0.22991719760546442,0.7612146635990138,0.038900405097161084,0.005740740740740824,0.007857884479095616,0.4559520182797446,0.12524400552867426,0.10874276626919537,0.0,0.9999999987499999,0.5393954990746299,0.28200338381736445,0.40398379703315446,0.43632567233552816,fearful,06,17,17,male,normal,2015
30,1.0010000000000001,True,1.0,0.5486132941834168,0.4962723290729189,0.5224428116281679,0.9770467756495073,-0.07643518518518522,-0.07111111111111101,0.4349905264643209,0.2494587512296614,0.23337289383990173,0.5347162742345327,0.05234096511049785,0.005324074074074203,0.006574158649692587,0.3173326252509573,0.12092315764723299,0.11115387899414896,0.0,0.9999999987499999,0.5441418301070429,0.2833450222913513,0.431292996075846,0.4624243312243835,fearful,06,17,17,male,normal,2015
40,1.3346666666666667,True,1.0,0.5761870435056247,0.5335670860833777,0.5548770647945012,1.1516088268966886,-0.08106481481481487,-0.07874999999999999,0.3386696648036684,0.37493438886014274,0.23959479705363726,0.48182772816162117,0.042619957422247,0.0023148148148148806,0.003085417339894253,0.28872262176188773,0.12160671231963636,0.1105780554068824,0.0,0.9999999987499999,0.5410526496536116,0.28107121663968243,0.4053208509646476,0.43122334363877657,fearful,06,17,17,male,normal,2015
50,1.6683333333333334,True,1.0,0.5823824677866463,0.5279841547871523,0.5551833112868994,0.5251634979751233,-0.0737500000000001,-0.06717592592592603,0.3645247484812382,0.12503892808931458,0.23333627608123875,1.0571627948772595,0.054398312999493936,0.0065740740740740655,0.005014598138239451,0.5362431252169135,0.12753082982080013,0.1065891618575948,0.0,0.9999999987499999,0.5373816162715086,0.28024783768610306,0.40533944381870907,0.42320617849368536,fearful,06,17,17,male,normal,2015
60,2.0020000000000002,True,1.0,0.6233861715482831,0.5656035576765631,0.5944948646124231,0.7616429109843661,-0.07300925925925927,-0.06726851851851856,0.3191013930862819,0.29617839711223554,0.23058864453089048,0.7805427662210933,0.05778261387172001,0.005740740740740713,0.0006167018151401701,0.40622796132040667,0.1250847023181251,0.10787142206355038,0.0,0.9999999987499999,0.5414722890640631,0.2808444166697745,0.4022572892167134,0.42567798084911895,fearful,06,17,17,male,normal,2015
70,2.3356666666666666,True,1.0,0.604846047086948,0.5752689706529825,0.5900575088699653,0.7428403585776685,-0.07606481481481497,-0.07129629629629636,0.3393049268363608,0.3050336008431803,0.23268610891006541,0.7943261321985257,0.029577076433965455,0.004768518518518616,0.0020982136258883488,0.4217898957290867,0.12670412667728215,0.10703791113593716,0.0,0.9999999987499999,0.5415267551551871,0.28103941804897753,0.401852476718421,0.4243474575540417,fearful,06,17,17,male,normal,2015
80,2.6693333333333333,True,1.0,0.6146146722786017,0.5921772154415359,0.6033959438600688,0.7402916715503906,-0.07574074074074066,-0.0704629629629629,0.3352987313982236,0.32969732649353706,0.22642258677395277,0.8150786602750488,0.022437456837065772,0.00527777777777777,0.0010631736110711053,0.41923049039620086,0.1247898545591552,0.10821237752980595,0.0,0.9999999987499999,0.5444053208783514,0.2814340640462555,0.4016462718394773,0.43187243710321055,fearful,06,17,17,male,normal,2015
90,3.003,True,1.0,0.5798027681322446,0.5024578373376299,0.5411303027349372,0.7319058918786067,-0.07810185185185181,-0.07101851851851848,0.3337694496997682,0.32522093769764787,0.22432732307520284,0.739344099753044,0.07734493079461469,0.00708333333333333,0.006325118394494854,0.426990680477631,0.1174679108928272,0.10935976618542756,0.0,0.9999999987499999,0.5881395906096814,0.3143328864847378,0.41188167790351904,0.48458940064713885,fearful,06,17,17,male,normal,2015
100,3.336666666666667,True,1.0,0.6012818779826964,0.5539510709707117,0.5776164744767041,0.7380009726891245,-0.07587962962962963,-0.0705555555555557,0.3335998691112338,0.3210974149272434,0.22015587025531516,0.7826771181235546,0.047330807011984666,0.005324074074073926,0.0011744739497927463,0.43740508731854955,0.11587455878571727,0.1101854592834584,0.0,0.9999999987499999,0.5885787180731668,0.31538136900042496,0.4082882351298106,0.4837433439336866,fearful,06,17,17,male,normal,2015
0,0.0,True,1.0,0.6422410701131092,0.5790160076571197,0.6106285388851145,0.7716111714669112,-0.07652777777777786,-0.06740740740740747,0.33277244718564575,0.275519826926076,0.22016695942028902,0.791368193547856,0.06322506245598947,0.00912037037037039,0.018669878241146246,0.3820368278829992,0.12015128208670442,0.11113390367520846,0.0,0.9999999987499999,0.5714049109253077,0.3141132039029949,0.4156643017066526,0.47978210288057505,fearful,06,17,17,male,normal,2016
10,0.33366666666666667,True,1.0,0.5749694132227688,0.5250620805131764,0.5500157468679726,0.7490077570975534,-0.07143518518518516,-0.0662962962962963,0.3292126256110088,0.2773500981126148,0.21668920155246418,0.7343258352881606,0.04990733270959247,0.0051388888888888595,0.01479676159507563,0.4078463056540349,0.12090885338517386,0.11013637164472004,0.0,0.9999999987499999,0.5729315959274335,0.31380914457384196,0.41862162088435745,0.4818880953538044,fearful,06,17,17,male,normal,2016
20,0.6673333333333333,True,1.0,0.5790775861206264,0.5172308883862626,0.5481542372534445,0.7986662399151955,-0.07384259259259263,-0.06592592592592589,0.33148423411612965,0.3098128510346555,0.216701876395907,0.6863370577822958,0.0618466977343638,0.007916666666666738,0.015064485482057959,0.3797835094371452,0.11933949118177559,0.11029107625863577,0.0,0.9999999987499999,0.5718111820509453,0.3135571673026722,0.4191748690069315,0.4807020826310745,fearful,06,17,17,male,normal,2016
30,1.0010000000000001,True,1.0,0.5565246019750976,0.5091084475913292,0.5328165247832134,0.8603658477355115,-0.06837962962962962,-0.06282407407407409,0.4166559368115098,0.2232538329436416,0.2194614795452074,0.6192906496528076,0.04741615438376834,0.005555555555555536,0.01765590329318034,0.34199781399897694,0.11621908885076584,0.11171399026548012,0.0,0.9999999987499999,0.5721995669205183,0.313286916123839,0.4361959971337239,0.4988124165550609,fearful,06,17,17,male,normal,2016
40,1.3346666666666667,True,1.0,0.6289487457759664,0.5820977855321076,0.605523265654037,1.2806248474865698,-0.07777777777777778,-0.0685648148148148,0.3187377489745601,0.46933333333333394,0.22798702480848188,0.47283423154132365,0.04685096024385882,0.009212962962962978,0.02874096295900707,0.25012469037405816,0.11922010375825816,0.11247155146033924,0.0,0.9999999987499999,0.5696652502172743,0.3111703184227057,0.4255069920723952,0.48675944752423667,fearful,06,17,17,male,normal,2016
50,1.6683333333333334,True,1.0,0.6128023584616948,0.555656569190418,0.5842294638260563,0.5517502449914372,-0.07444444444444437,-0.06374999999999997,0.37191853864359253,0.11021236953232394,0.2285927395077895,1.0588657986642547,0.05714578927127689,0.010694444444444395,0.025842448078329028,0.48891100796331616,0.12084170828068651,0.11175503681522016,0.0,0.9999999987499999,0.5715272939566451,0.3117915622464033,0.4210539560880053,0.4831990577258828,fearful,06,17,17,male,normal,2016
60,2.0020000000000002,True,1.0,0.6362155154406478,0.6142553551826548,0.6252354353116514,0.7478375291791283,-0.07351851851851865,-0.0658333333333333,0.3219948401734092,0.2821869488536158,0.22924156121109826,0.8360578480167311,0.021960160257992967,0.00768518518518535,0.01935171316275425,0.39266656485282614,0.1239045044388377,0.10693338540282195,0.0,0.9999999987499999,0.5322954422941051,0.28136868973841095,0.4049925808775945,0.43229509583686,fearful,06,17,17,male,normal,2016
70,2.3356666666666666,True,1.0,0.5949211554916308,0.5488320771232327,0.5718766163074318,0.6614604480091663,-0.07171296296296303,-0.06624999999999998,0.35273504836949543,0.22691652122297368,0.2257431170807571,0.8645666086742453,0.04608907836839815,0.005462962962963058,0.012827737447763547,0.46477918883798525,0.1276254728768831,0.10557736933461083,0.0,0.9897816487720542,0.5288731761298269,0.2821389373265132,0.40963233506611274,0.43973535661277724,fearful,06,17,17,male,normal,2016
80,2.6693333333333333,True,1.0,0.609084854244625,0.5618995075309293,0.5854921808877771,0.6620627575210274,-0.07078703703703709,-0.06481481481481494,0.3455074617637238,0.25813914223051,0.21879219738090666,0.8843454404232692,0.047185346713695675,0.005972222222222157,0.013947819460655644,0.4628640209928272,0.12563970596771543,0.10810925249007396,0.0,0.9999999987499999,0.5322085540778811,0.28187588733990393,0.4023077180283146,0.4407862735244574,fearful,06,17,17,male,normal,2016
90,3.003,True,1.0,0.6227486055582455,0.5703755647871139,0.5965620851726797,0.6823405299783686,-0.07185185185185183,-0.06472222222222213,0.33715563795308706,0.27968883001391476,0.21954489768136606,0.8742879236436267,0.052373040771131585,0.007129629629629708,0.02231422630665824,0.42925862469264436,0.12516615587119634,0.1065323061031091,0.0,0.9999999987499999,0.5376299048994598,0.28338467794306516,0.4018412792513717,0.43882941309181095,fearful,06,17,17,male,normal,2016
100,3.336666666666667,True,1.0,0.6255161002564941,0.5686820534977758,0.5970990768771349,0.7004944958943825,-0.07277777777777783,-0.06685185185185183,0.3329253799558458,0.31589006936090797,0.2153801743553219,0.8523965289902333,0.05683404675871828,0.005925925925926001,0.024771312531881782,0.4319046999717181,0.1262034545277416,0.10656037968003622,0.0,0.9999999987499999,0.5386278828406362,0.28420981972977255,0.4018074114846825,0.4427441546647164,fearful,06,17,17,male,normal,2016
0,0.0,True,1.0,0.5956034988552488,0.5669247295504939,0.5812641142028714,0.7757458929760184,-0.07425925925925925,-0.06851851851851848,0.32181723754769126,0.33848959669969925,0.22027747401285627,0.7492970565051265,0.02867876930475488,0.0057407407407407685,0.011358191815133627,0.3992569417155779,0.12399778382689171,0.10735891477842877,0.0,0.9999999987499999,0.5431700852841136,0.28382273521668017,0.3962715859586419,0.42973504377349103,fearful,06,17,17,male,normal,2017
10,0.33366666666666667,True,1.0,0.6171419833445699,0.5882352941176473,0.6026886387311086,0.7913999490681807,-0.07500000000000001,-0.06995370370370368,0.32617390204660834,0.3332048068842394,0.22858039024317675,0.7615474823327109,0.028906689226922633,0.0050462962962963265,0.010214770574584595,0.4049657207657729,0.1245287469840331,0.10816103610449335,0.0,0.9999999987499999,0.543340058531225,0.28240682154051333,0.39807623665936703,0.42839187492936903,fearful,06,17,17,male,normal,2017
20,0.6673333333333333,True,1.0,0.6131998530567667,0.5790345170105891,0.5961171850336779,0.7766854009460911,-0.07361111111111113,-0.06893518518518515,0.34334613884035875,0.2764473460994561,0.2278745574867307,0.7675143427538865,0.03416533604617766,0.004675925925925972,0.007386089656372012,0.38285955925683157,0.12479238375520323,0.1071478591644665,0.0,0.9999999987499999,0.5386545753692102,0.28058345261934037,0.4068889229937814,0.433434495127753,fearful,06,17,17,male,normal,2017
30,1.0010000000000001,True,1.0,0.5539684876367963,0.5280051305637733,0.5409868091002847,0.8756218905472638,-0.07578703703703715,-0.07092592592592606,0.34084140059914114,0.30514096185737977,0.2306402538533352,0.6178315263020296,0.025963357073022997,0.004861111111111094,0.0017563586440887363,0.37530596639460306,0.12342324197316872,0.10784241452191293,0.0,0.9999999987499999,0.5374265402254652,0.2800786442275518,0.39971263876806357,0.4282880217930514,fearful,06,17,17,male,normal,2017
40,1.3346666666666667,True,1.0,0.5871672860550005,0.5474417810144926,0.5673045335347465,0.7146052588164762,-0.07361111111111118,-0.06893518518518515,0.3537386216656487,0.21045780338069175,0.23821494283356265,0.7938711988690259,0.03972550504050787,0.004675925925926028,0.00571681791391871,0.42506980898114216,0.1239173316659311,0.10886098230949139,0.0,0.9999999987499999,0.5378998716986795,0.281657848978335,0.40427144960492184,0.42574479518814834,fearful,06,17,17,male,normal,2017
50,1.6683333333333334,True,1.0,0.6310796741150785,0.5605624468017918,0.5958210604584351,0.8769754464112595,-0.07620370370370377,-0.06833333333333347,0.38248724642695453,0.19554182251061802,0.23684453609222428,0.6794044951847187,0.07051722731328669,0.007870370370370305,0.005913588718623031,0.34206081081081147,0.12496350018040947,0.10906499786693127,0.0,0.9999999987499999,0.5368278068571178,0.28050775898622,0.41265657183567533,0.43466490060333185,fearful,06,17,17,male,normal,2017
60,2.0020000000000002,True,1.0,0.6917075453305582,0.6297824284968309,0.6607449869136945,0.780959515558944,-0.07240740740740731,-0.06685185185185194,0.3185510960395039,0.29818454230432434,0.23195628569345664,0.8460681683874353,0.06192511683372737,0.005555555555555369,0.0017931768499557985,0.38906143686170247,0.1244103255460224,0.10829722736223049,0.0,0.9999999987499999,0.5370365709877701,0.2787749490933815,0.3987077743748832,0.4249822017919706,fearful,06,17,17,male,normal,2017
70,2.3356666666666666,True,1.0,0.6546027797009268,0.606569339280554,0.6305860594907404,0.7056795244646588,-0.07486111111111121,-0.06898148148148159,0.3452920939797348,0.23521374733852862,0.23472514755763585,0.893587014543343,0.04803344042037283,0.0058796296296296235,0.0013469471245136288,0.4378679957101942,0.12611176609562202,0.10684733432191369,0.0,0.9999999987499999,0.5407767756633903,0.2812480714234283,0.39920645838619506,0.42996156833762406,fearful,06,17,17,male,normal,2017
80,2.6693333333333333,True,1.0,0.6001828929137282,0.5735902484598985,0.5868865706868134,0.6918571713654209,-0.07245370370370369,-0.06717592592592592,0.3332890382461895,0.27131653779036136,0.22710483460899233,0.848277064944717,0.026592644453829695,0.00527777777777777,0.008851480303552331,0.4632352941176476,0.12491886711917669,0.1075332099719552,0.0,0.9999999987499999,0.5432768166329032,0.2812658731357645,0.39585036952599467,0.42945303276580327,fearful,06,17,17,male,normal,2017
90,3.003,True,1.0,0.5925149171479059,0.5661735421065737,0.5793442296272397,0.6731565134784326,-0.07361111111111113,-0.06861111111111118,0.3385702314612646,0.2557994751218047,0.22500033908394587,0.8606382290406248,0.02634137504133227,0.004999999999999949,0.0032866825894041674,0.4274999999999998,0.12526197117320698,0.10677708224168189,0.0,0.9999999987499999,0.5447685331710809,0.2820323527779234,0.39812800411001864,0.4338402558166297,fearful,06,17,17,male,normal,2017
100,3.336666666666667,True,1.0,0.5791693597212408,0.5484677322277689,0.5638185459745049,0.6733396085136475,-0.07370370370370372,-0.06879629629629624,0.33759512000281755,0.26260244732032273,0.22291803567531335,0.8373464724867395,0.03070162749347194,0.004907407407407471,0.00546359279593393,0.43920560390322966,0.12547167962307526,0.10795182215704388,0.0,0.9999999987499999,0.5427086320700154,0.2829352596341529,0.3944663038879737,0.43507674651670675,fearful,06,17,17,male,normal,2017
0,0.0,True,1.0,0.6334557312057159,0.579226021971139,0.6063408765884275,0.6736065231471878,-0.07606481481481481,-0.06717592592592592,0.3247372300436275,0.31528260209472586,0.2152777777777778,0.9001410404333892,0.05422970923457682,0.00888888888888889,0.0008103758693746907,0.4432982569220347,0.11812737033700325,0.11175895482033948,0.0,0.9999999987499999,0.5919933625872223,0.31708061487004746,0.39339688713531973,0.477372090003887,fearful,06,17,17,male,normal,2018
10,0.33366666666666667,True,1.0,0.6193965833084196,0.5836424343586873,0.6015195088335534,0.6766892503090782,-0.07597222222222211,-0.06791666666666663,0.32840473578899726,0.3030795832586065,0.21249999999999997,0.8889154195353466,0.03575414894973228,0.008055555555555483,0.0011803998332849859,0.4569998713863854,0.11675013402041622,0.11302850022621107,0.0,0.9999999987499999,0.590516271977541,0.31717456131899446,0.39504370421363555,0.4766921505722915,fearful,06,17,17,male,normal,2018
20,0.6673333333333333,True,1.0,0.6601333588952379,0.592377731861021,0.6262555453781296,1.0507455300247621,-0.07925925925925925,-0.06930555555555556,0.3243268365754422,0.4259779175776071,0.21667230060784062,0.5960106681237759,0.06775562703421689,0.009953703703703687,0.0020758085224312365,0.29645270270270213,0.11797671670908905,0.11310332246354703,0.0,0.9999999987499999,0.5856307889874701,0.31796168916489675,0.4067100392053422,0.4805530955136049,fearful,06,17,17,male,normal,2018
30,1.0010000000000001,True,1.0,0.6141051945911381,0.586618389352139,0.6003617919716385,1.1471102149316061,-0.08939814814814823,-0.08305555555555555,0.35439747034077806,0.38022192517395903,0.23546332963052743,0.5233688830915291,0.027486805238999157,0.006342592592592677,0.0007958480096947513,0.29267789303616165,0.11672883844109519,0.11488932655704667,0.0,0.9999999987499999,0.5881796539631479,0.31598287498576244,0.4176182118034296,0.4864826408480367,fearful,06,17,17,male,normal,2018
40,1.3346666666666667,True,1.0,0.6279265787149084,0.5820977855321076,0.6050121821235079,0.8772741025327817,-0.07939814814814816,-0.07449074074074069,0.36651393977320346,0.25684136577359007,0.23958460710712118,0.6896501109251655,0.045828793182800864,0.004907407407407471,0.0005909501238929633,0.3480822476861814,0.1238550614074209,0.11049469601991516,0.0,0.9999999987499999,0.5345583278936574,0.28658702030970723,0.42057336922115734,0.43954615486511217,fearful,06,17,17,male,normal,2018
50,1.6683333333333334,True,1.0,0.6051113283748724,0.566736652409919,0.5859239903923956,0.5926300914061438,-0.07708333333333328,-0.06995370370370368,0.3885845513567318,0.1540740740740744,0.22918297911876384,0.9886841705964737,0.038374675964953364,0.007129629629629597,0.0017705469128685006,0.46122081429376977,0.12606902948914173,0.10796181680902257,0.0,0.9999999987499999,0.5350182599055247,0.28395793418227205,0.40981923780753343,0.4360199381741956,fearful,06,17,17,male,normal,2018
60,2.0020000000000002,True,1.0,0.6150830048314827,0.5750653635409555,0.595074184186219,1.0933724950027273,-0.07606481481481486,-0.06921296296296298,0.32015705120893084,0.3833801258198455,0.2236165700895076,0.5442556739866908,0.040017641290527206,0.006851851851851887,0.008075933544310791,0.29219999555815407,0.12215458841317199,0.11066332336608269,0.0,0.9999999987499999,0.5332562882340437,0.2815273661723157,0.38503515658747367,0.41656543539862934,fearful,06,17,17,male,normal,2018
70,2.3356666666666666,True,1.0,0.5837336442927396,0.5566309973426768,0.5701823208177081,0.7684046693308619,-0.07513888888888892,-0.06768518518518529,0.3458322670981992,0.3312089091943367,0.2208336788150796,0.7420339094428346,0.027102646950062703,0.007453703703703629,0.005484153306304648,0.417025862068965,0.12579313283520696,0.10757707016863972,0.0,0.9999999987499999,0.5415365457745598,0.28543814646931326,0.3900883456990765,0.4173032497689771,fearful,06,17,17,male,normal,2018
80,2.6693333333333333,True,1.0,0.6193725622746871,0.5608949158832297,0.5901337390789584,0.7657789966991372,-0.07907407407407402,-0.06986111111111115,0.34100175420446655,0.29398960558818177,0.22013923546048123,0.7706319207274013,0.05847764639145736,0.009212962962962867,0.012815621065819302,0.4017654467646549,0.1265595347283034,0.10738639696967693,0.0,0.9999999987499999,0.5345892524353492,0.2886919315108056,0.4038618299814815,0.4295928089037069,fearful,06,17,17,male,normal,2018
90,3.003,True,1.0,0.5838561732023886,0.555671175785853,0.5697636744941208,0.7301275413541012,-0.07268518518518519,-0.06518518518518512,0.34126359986922544,0.3030718096186837,0.2111143636174089,0.7803618439559641,0.028184997416535573,0.007500000000000062,0.0093695939625711,0.4355503780373438,0.12465847194558528,0.10748103128744188,0.0,0.9999999987499999,0.5386187514068127,0.2912199474320421,0.3920976041161755,0.43167107303034585,fearful,06,17,17,male,normal,2018
100,3.336666666666667,True,1.0,0.63317802370903,0.6158717646978425,0.6245248942034363,0.7334370336710945,-0.07143518518518527,-0.06763888888888892,0.33609976089519644,0.3243858635038785,0.20695366095743606,0.8515044448703156,0.01730625901118743,0.003796296296296353,0.005255375873033679,0.41103364463576,0.12329643416815107,0.10745678437140296,0.0,0.9999999987499999,0.5415922266641032,0.29107016092750804,0.3920498430328976,0.4339599246312053,fearful,06,17,17,male,normal,2018
0,0.0,True,1.0,0.6098797987908098,0.5820023048256088,0.5959410518082093,0.6931156708282018,-0.07037037037037036,-0.06124999999999997,0.3182912949535933,0.31045806089179884,0.2055793084061552,0.8598002857100622,0.027877493965201006,0.00912037037037039,0.01845415269649633,0.43409396196772876,0.12250547201066868,0.10888384800213269,0.0,0.9999999987499999,0.5426147906818978,0.28591843861210975,0.38463261953418126,0.42604751291464416,fearful,06,17,17,male,strong,2019
10,0.33366666666666667,True,1.0,0.5791128058979056,0.522335941745726,0.5507243738218157,0.9540782524009414,-0.07555555555555571,-0.06837962962962962,0.3124084919697609,0.3889703644403835,0.20696803789817347,0.5772318700650768,0.05677686415217964,0.0071759259259260855,0.016959018907120847,0.3292058311906711,0.11634031437599236,0.1131139205091614,0.0,0.9999999987499999,0.5864203594797294,0.3170234673867219,0.40820429794201557,0.4805188931380366,fearful,06,17,17,male,strong,2019
20,0.6673333333333333,True,1.0,0.5749669379386264,0.5773394819038334,0.5761532099212299,0.9156057376867665,-0.08273148148148152,-0.07879629629629642,0.31870999037559006,0.41420259562020345,0.21739620836739376,0.6292590644711915,0.00237254396520703,0.003935185185185097,0.01848461016951513,0.340767672248979,0.12470790342613557,0.10848257566304215,0.0,0.9999999987499999,0.5343998487988946,0.2856553127704187,0.4050660439115334,0.44374644738753005,fearful,06,17,17,male,strong,2019
30,1.0010000000000001,True,1.0,0.5472248503960102,0.5181445468580067,0.5326846986270084,0.8287961767672247,-0.08833333333333332,-0.08023148148148151,0.42230858691122286,0.228984383981459,0.2277941896889017,0.6427209892603281,0.029080303538003505,0.008101851851851805,0.006023396000691349,0.3554677965623498,0.11332217176061526,0.11348237743731604,0.0,0.9999999987499999,0.584173146352291,0.31609872639544734,0.4341777301296829,0.5050677456732927,fearful,06,17,17,male,strong,2019
40,1.3346666666666667,True,1.0,0.5972473661965646,0.5147222256625084,0.5559847959295365,1.0080153939739354,-0.09865740740740736,-0.09944444444444461,0.350697924957793,0.3553900427472214,0.2493425819342333,0.5515637948123566,0.08252514053405624,0.0007870370370372526,0.009402741504000325,0.3039680121864961,0.12400135792872097,0.10876526002880614,0.0,0.8660408072801044,0.5356572217637054,0.28268151479968406,0.4359734543573657,0.4467568246660376,fearful,06,17,17,male,strong,2019
50,1.6683333333333334,True,1.0,0.5484677322277677,0.51376545433352,0.5311165932806439,0.3437442113891262,-0.10342592592592592,-0.10449074074074083,0.3841597598351618,0.029627548865245143,0.2570631881213531,1.5450924719119354,0.034702277894247624,0.0010648148148149073,0.012648056788065328,0.7563232563012436,0.12204065857125375,0.10957857743053137,0.0,0.9999999987499999,0.5806852132649936,0.3067084751439872,0.43539673949048757,0.4877343112971221,fearful,06,17,17,male,strong,2019
60,2.0020000000000002,True,1.0,0.5451989990739977,0.5072825362819924,0.526240767677995,0.9832817259225294,-0.0993518518518518,-0.09888888888888892,0.33141881676255347,0.30976430976430985,0.25986435933985236,0.5351881905303062,0.037916462792005334,0.0004629629629628873,0.01702312304477505,0.30848681163331454,0.12120284503086168,0.11187532754448748,0.0,0.9999999987499999,0.5338108159670119,0.28037782552855545,0.40738270800559423,0.42630094443768973,fearful,06,17,17,male,strong,2019
70,2.3356666666666666,True,1.0,0.546218692160286,0.5074836330720601,0.526851162616173,0.7599561008098875,-0.09050925925925918,-0.08527777777777773,0.36372063034543217,0.28190759677675287,0.23552164533436618,0.6932652584204616,0.03873505908822583,0.005231481481481448,0.012350929342966093,0.39950281300566504,0.12570387332980698,0.10768135644074861,0.0,0.9999999987499999,0.5380967217902787,0.28171485361368365,0.4188997158542487,0.43853901271884166,fearful,06,17,17,male,strong,2019
80,2.6693333333333333,True,1.0,0.5493239936226676,0.49531428413540446,0.522319138879036,0.7522076448291631,-0.07976851851851852,-0.07912037037037029,0.347286897757894,0.33064978806776135,0.22165207094831332,0.694381587942598,0.054009709487263136,0.000648148148148231,0.013589308135800778,0.40870769206810326,0.12829078085430154,0.10549281293249588,0.0,0.9999999987499999,0.5409079844359619,0.28342140697841817,0.4092015737558605,0.43358291389647785,fearful,06,17,17,male,strong,2019
90,3.003,True,1.0,0.5496208410911169,0.5072500285843375,0.5284354348377271,0.7399178962770075,-0.0768981481481481,-0.07513888888888892,0.344154094034983,0.33685893139168155,0.21680747127507957,0.7141811780693754,0.04237081250677932,0.0017592592592591827,0.015412909505302247,0.41521628351231815,0.1265437495682249,0.1056162584775377,0.0,0.9999999987499999,0.5423483563894308,0.2848205019489246,0.4085943330718863,0.4387985242440352,fearful,06,17,17,male,strong,2019
100,3.336666666666667,True,1.0,0.5826675434546842,0.5423313391008394,0.5624994412777617,0.7378177138907196,-0.0795833333333334,-0.07444444444444442,0.34028890840655196,0.3285096655189196,0.22033842385347718,0.7623826735082634,0.04033620435384477,0.0051388888888889706,0.021114405156890757,0.42265208160073525,0.1255606232513319,0.1064257328050439,0.0,0.9999999987499999,0.5402255653355093,0.28646797349077724,0.4007378569870288,0.4312659665247473,fearful,06,17,17,male,strong,2019
0,0.0,True,1.0,0.6222948829959284,0.5962671503787983,0.6092810166873633,0.7359433046988542,-0.06731481481481483,-0.06152777777777774,0.3205681311000289,0.31744643151936025,0.21196434753034096,0.8278912421612142,0.026027732617130095,0.0057870370370370905,0.017133834264396124,0.4099432088522057,0.12202582481924582,0.10976879793761324,0.0,0.9999999987499999,0.5468370538840536,0.28986177206036895,0.38738174512914175,0.4296766349368965,fearful,06,17,17,male,strong,2020
10,0.33366666666666667,True,1.0,0.6593476050422182,0.6359211056531263,0.6476343553476722,0.7215148165699663,-0.06824074074074071,-0.06046296296296294,0.32068822988866014,0.3030170482684803,0.2105475191960873,0.8976036811364223,0.023426499389091915,0.007777777777777772,0.015115362568765682,0.4181410456624892,0.11646715070988001,0.1128145674097968,0.0,0.9999999987499999,0.5926948852822379,0.31946526849424084,0.3982452679373228,0.4786315497661231,fearful,06,17,17,male,strong,2020
20,0.6673333333333333,True,1.0,0.6422325154687392,0.5565262214894905,0.5993793684791149,0.8024898941008545,-0.0734259259259259,-0.06638888888888894,0.32055947060534823,0.3509300331741712,0.21411170967923285,0.7468995845121343,0.08570629397924867,0.007037037037036953,0.014187475378880527,0.39318722716819116,0.11654435708315741,0.11239630221598569,0.0,0.9999999987499999,0.5906513643113495,0.31910282228212716,0.3972956817176074,0.47602383470747267,fearful,06,17,17,male,strong,2020
30,1.0010000000000001,True,1.0,0.5472253919718083,0.49212366117951517,0.5196745265756617,0.89331497639674,-0.08444444444444443,-0.08504629629629629,0.4468562709773451,0.20774766892947447,0.23058864453089042,0.5817371703224007,0.055101730792293135,0.0006018518518518534,0.0036239488630533997,0.3272415367752421,0.12017919360632501,0.11161697183069412,0.0,0.9999999987499999,0.5419850080500951,0.29280771049753773,0.4346418230105177,0.4598770717693615,fearful,06,17,17,male,strong,2020
40,1.3346666666666667,True,1.0,0.6329484476139359,0.6061574394109822,0.619552943512459,1.4182321263694688,-0.09212962962962978,-0.09430555555555559,0.3314441831915563,0.5405797028138777,0.241010528851919,0.4368487583893986,0.02679100820295366,0.0021759259259258035,0.0010732061245893082,0.22297835879363176,0.12186648738334761,0.11080870865738943,0.0,0.9999999987499999,0.52969525758741,0.2924828950514407,0.42094811190997017,0.43011230048303223,fearful,06,17,17,male,strong,2020
50,1.6683333333333334,True,1.0,0.5794168061778088,0.5307035168195612,0.555060161498685,0.5044042102254683,-0.08972222222222204,-0.08967592592592594,0.3845224024342027,0.060042735614997296,0.24523970584357152,1.1004272966924156,0.04871328935824759,4.629629629609999e-05,0.005216568917538566,0.5222745908346901,0.12282531950868136,0.11112507876152895,0.0,0.9999999987499999,0.537618108563738,0.2837556357318774,0.397300519035236,0.42068048656458884,fearful,06,17,17,male,strong,2020
60,2.0020000000000002,True,1.0,0.6270365592322932,0.5882181910885497,0.6076273751604214,1.1683456528696572,-0.09148148148148161,-0.09185185185185185,0.29257877346793315,0.4283813579959381,0.24802773602891012,0.5200750083401984,0.03881836814374351,0.00037037037037024323,0.0008295412943651198,0.2699924065703457,0.1207921349600851,0.11043701945192504,0.0,0.9999999987499999,0.5306177556413191,0.28116281498066903,0.3974444089782018,0.42373349756138146,fearful,06,17,17,male,strong,2020
70,2.3356666666666666,True,1.0,0.6065980632466462,0.5489260303309713,0.5777620467888087,0.8304568875815317,-0.08592592592592596,-0.08523148148148146,0.35125324123724555,0.33087238684041215,0.23552164533436618,0.6957158829417088,0.05767203291567491,0.0006944444444444975,0.00078928003850956,0.3870193299721053,0.12702635651697824,0.10575838099114405,0.0,0.9999999987499999,0.5297566252594788,0.284329909906469,0.4217148776432859,0.4411275802597572,fearful,06,17,17,male,strong,2020
80,2.6693333333333333,True,1.0,0.6148729085852848,0.5619979331332595,0.5884354208592721,0.7674357912851982,-0.08657407407407403,-0.0830555555555555,0.34024030632073243,0.32311512646964774,0.23341702368174524,0.7667552485059885,0.05287497545202524,0.003518518518518532,0.0016217503246817914,0.39471762264046145,0.12497565949064496,0.1079977360260297,0.0,0.9999999987499999,0.5378988028570804,0.28574133855197054,0.4090308447063635,0.43557144049632,fearful,06,17,17,male,strong,2020
90,3.003,True,1.0,0.44977057040095114,0.4018666714130564,0.42581862090700373,0.7279090113735789,-0.0863888888888889,-0.08435185185185173,0.3288446903173518,0.3219597550306211,0.22444156791765743,0.584988802520078,0.047903898987894766,0.0020370370370371704,0.004989729375535101,0.4331194472905852,0.12416880235344252,0.10786988128650714,0.0,0.9999999987499999,0.5400859737019807,0.2871247720005442,0.3933536660378237,0.43025978740156495,fearful,06,17,17,male,strong,2020
100,3.336666666666667,True,1.0,0.56565428345322,0.5438773080413029,0.5547657957472614,0.7081032803468785,-0.07847222222222211,-0.07796296296296296,0.33224175567991737,0.3193212732640627,0.21824056520908888,0.7834532209418635,0.021776975411917143,0.0005092592592591538,0.007321701982333109,0.44288902326298574,0.11902911919109828,0.11010809506892157,0.0,0.9999999987499999,0.5898072588332208,0.3173091398104142,0.403858401191543,0.479113644079703,fearful,06,17,17,male,strong,2020
110,3.6703333333333332,True,1.0,0.5656474566009319,0.5282230330834279,0.5469352448421798,0.7108868766309171,-0.07870370370370355,-0.07564814814814813,0.3369812390440892,0.34175254248577397,0.2190041074324078,0.7693702933921809,0.03742442351750397,0.0030555555555554226,0.009960031819376016,0.4439003762938063,0.12667802833799993,0.10527434539558198,0.0,0.9999999987499999,0.5407187418483018,0.28587982438696286,0.4002826088107195,0.44078781452744986,fearful,06,17,17,male,strong,2020
0,0.0,True,1.0,0.649591959927074,0.5880343683463213,0.6188131641366976,0.8305129213147543,-0.07347222222222227,-0.0633333333333333,0.3171681499526194,0.3569748521440612,0.2091594992134751,0.7450975755525602,0.06155759158075269,0.010138888888888975,0.011325294662297205,0.3754101583753277,0.12394195861653344,0.10742335812459537,0.0,0.9999999987499999,0.5350212158926071,0.28667913744639106,0.3976082830150226,0.42940971750835805,fearful,06,17,17,male,strong,2021
10,0.33366666666666667,True,1.0,0.645071769208906,0.5882352941176467,0.6166535316632764,0.804191920939162,-0.07069444444444456,-0.0635648148148148,0.3259599143513502,0.34564460968464,0.21260373444601252,0.7667989637885543,0.05683647509125922,0.007129629629629763,0.010385072202629264,0.3962739327585258,0.12514350458830445,0.10833208921580031,0.0,0.9999999987499999,0.5322483518329207,0.28620675337397045,0.40660456143910084,0.4317675604569661,fearful,06,17,17,male,strong,2021
20,0.6673333333333333,True,1.0,0.6131998530567669,0.5668248372663074,0.5900123451615371,0.9671456468916158,-0.07074074074074072,-0.0638425925925925,0.3227543568975714,0.3910715617747139,0.2181566483264551,0.6100553179945787,0.04637501579045955,0.006898148148148209,0.004415975660223515,0.33116367116062906,0.12438887738612364,0.10796952275657096,0.0,0.9999999987499999,0.5252832566933022,0.285442060625446,0.39658842095741537,0.42502202970720987,fearful,06,17,17,male,strong,2021
30,1.0010000000000001,True,1.0,0.575155233075444,0.5332526874153554,0.5542039602453996,1.2530448021055016,-0.09412037037037035,-0.09393518518518529,0.33181621702908154,0.4888158316324586,0.23829819940729735,0.44228582993534316,0.041902545660088664,0.0001851851851850661,0.0005914900763596694,0.2543803977596381,0.1169165145648889,0.11369733513771618,0.0,0.9999999987499999,0.5356352489980366,0.2840968611753916,0.397497312924834,0.42234077726959013,fearful,06,17,17,male,strong,2021
40,1.3346666666666667,True,1.0,0.5625791139278471,0.5040734442834992,0.5333262791056732,0.785942183840403,-0.0840277777777777,-0.08041666666666658,0.37430368514744167,0.23931891027944538,0.2402828581070176,0.6785820764825786,0.05850566964434789,0.0036111111111111205,0.003861334898135186,0.3914948376848907,0.1219318278609593,0.11039217418331794,0.0,0.9999999987499999,0.5375883573038591,0.28554827794340937,0.42617755719470146,0.44315636001473324,fearful,06,17,17,male,strong,2021
50,1.6683333333333334,True,1.0,0.5837336442927393,0.5304932188577057,0.5571134315752225,0.660956826922546,-0.08782407407407405,-0.08671296296296299,0.4020710808609007,0.16523143636352994,0.24447565361159299,0.8428892915278228,0.0532404254350336,0.0011111111111110628,0.0016202490674079254,0.4173624934600059,0.11821999247375103,0.11166097341741056,0.0,0.9999999987499999,0.5823245751581883,0.31350226144271076,0.43033247519884316,0.49296637643265373,fearful,06,17,17,male,strong,2021
60,2.0020000000000002,True,1.0,0.6056485444173321,0.566639652312343,0.5861440983648376,1.1802054154995327,-0.08300925925925923,-0.07874999999999999,0.3027494248906921,0.4481792717086831,0.23409166580245314,0.4966458301809662,0.039008892104989035,0.00425925925925924,0.0010309968862666193,0.2637532933474808,0.12356176786088162,0.11047821374760396,0.0,0.9999999987499999,0.5307530301573755,0.2801686316625606,0.39621900360150986,0.42854147055767294,fearful,06,17,17,male,strong,2021
70,2.3356666666666666,True,1.0,0.5389335647839488,0.4750541702801531,0.506993867532051,0.7840212365900453,-0.08203703703703713,-0.07620370370370372,0.3488319219575979,0.3069536057802779,0.21882845970163622,0.6466583350945015,0.0638793945037957,0.0058333333333334125,0.016031215029482244,0.40330990279062195,0.12590185244134663,0.10762697521535239,0.0,0.9999999987499999,0.5340323678455757,0.2848490838451275,0.4058674190624657,0.4286456206540589,fearful,06,17,17,male,strong,2021
80,2.6693333333333333,True,1.0,0.5925077156403221,0.5319193960154431,0.5622135558278827,0.738372635453397,-0.0829629629629629,-0.07490740740740726,0.340160218196054,0.32218211897957333,0.215380174355322,0.7614225241197569,0.060588319624878983,0.008055555555555649,0.017856989117767792,0.4126896706847554,0.12065440475209425,0.11127446040031465,0.0,0.9999999987499999,0.5861390908863546,0.3172355493621586,0.41139849263771916,0.4832462325223614,fearful,06,17,17,male,strong,2021
90,3.003,True,1.0,0.6113890271386759,0.5340006967743985,0.5726948619565373,0.7342408800458454,-0.07560185185185198,-0.06921296296296287,0.33925165034802995,0.3262584850786554,0.21059208472821,0.7799822612992874,0.07738833036427739,0.0063888888888891104,0.018344191761510174,0.43058811172290673,0.12497178762822543,0.10622353446233107,0.0,0.9999999987499999,0.541925100602741,0.2867487196019203,0.39415775410633785,0.4297860912592887,fearful,06,17,17,male,strong,2021
100,3.336666666666667,True,1.0,0.6056621352919974,0.5491119285118949,0.5773870319019462,0.7425866949596727,-0.07680555555555552,-0.06958333333333339,0.3358666075941871,0.3505898646703036,0.21127042503467797,0.7775348465316929,0.056550206780102474,0.00722222222222213,0.022373039348045846,0.41821876901168475,0.1248052848686258,0.1081945808277836,0.0,0.9999999987499999,0.5433320888199029,0.2881077264615541,0.3973487753737037,0.43446456827006,fearful,06,17,17,male,strong,2021
0,0.0,True,1.0,0.6065277713994875,0.5370763652627593,0.5718020683311233,0.6557193178440047,-0.06763888888888886,-0.05912037037037038,0.3165794289260045,0.3132636457590741,0.20147410961037113,0.8720226059698836,0.06945140613672829,0.00851851851851848,0.008445688789976338,0.462997389174061,0.11513097936325431,0.11164686378216755,0.0,0.9999999987499999,0.5983947864692751,0.31814410639563745,0.3904982659969997,0.4786419621778186,fearful,06,17,17,male,strong,2022
10,0.33366666666666667,True,1.0,0.6194891742166829,0.5625024423997571,0.5909958083082201,1.1647509578544055,-0.07939814814814816,-0.07009259259259248,0.3006710792647825,0.44444444444444403,0.2133103598481279,0.5074010064751497,0.05698673181692582,0.009305555555555678,0.013365536429662664,0.2741646075585661,0.11304773871236364,0.1115572590887411,0.0,0.9999999987499999,0.5960994603857168,0.31959558340345684,0.4002892832501865,0.4799301754296422,fearful,06,17,17,male,strong,2022
20,0.6673333333333333,True,1.0,0.6161537446175546,0.5521885521885522,0.5841711484030534,1.1004195736898752,-0.09106481481481488,-0.0899537037037037,0.3239092522724757,0.4161843259468123,0.24047614835045034,0.5308621932670992,0.06396519242900234,0.0011111111111111738,0.004110031395995171,0.2824164030220693,0.11855336688678453,0.11147799223341034,0.0,0.9999999987499999,0.575132001534989,0.3166989964756383,0.4312830901813324,0.49147488689142654,fearful,06,17,17,male,strong,2022
30,1.0010000000000001,True,1.0,0.6096069654449655,0.5704809286898838,0.5900439470674246,1.31795422327641,-0.09509259259259256,-0.09652777777777782,0.3442484539226293,0.4303523994371955,0.2465973996039699,0.447696844584318,0.03912603675508175,0.0014351851851852615,0.0035656792960908693,0.2533742509353857,0.11364861228232531,0.11696387613722799,0.0,0.9999999987499999,0.5900426636123199,0.3148578524048787,0.4170967628402227,0.4796452550184808,fearful,06,17,17,male,strong,2022
40,1.3346666666666667,True,1.0,0.48311502704997994,0.4444074562982503,0.46376124167411514,0.9503348916405322,-0.08810185185185182,-0.08967592592592588,0.382801724948732,0.2826300842110532,0.24375500796137503,0.4879977003407075,0.03870757075172965,0.001574074074074061,0.005203368410321392,0.32965052936559724,0.12293915587659422,0.10979106776882065,0.0,0.9999999987499999,0.5337109361869748,0.28412039572158737,0.4368631009900907,0.449231832297549,fearful,06,17,17,male,strong,2022
50,1.6683333333333334,True,1.0,0.5441517840658195,0.4908789386401334,0.5175153613529765,0.7569669515373509,-0.08513888888888888,-0.08125000000000016,0.40050510845192655,0.18923486529401984,0.23824056333976285,0.6836696903371227,0.053272845425686166,0.0038888888888887196,0.000991839185881599,0.38350879908430696,0.12363353192666095,0.11005220614869855,0.0,0.9999999987499999,0.5391500832520508,0.28544759937168757,0.42190489625156496,0.4425502997888667,fearful,06,17,17,male,strong,2022
60,2.0020000000000002,True,1.0,0.6017565296557364,0.5613246986263366,0.5815406141410365,1.0461649978597718,-0.08666666666666667,-0.085324074074074,0.3185645790383989,0.3869377389344367,0.23281230984979606,0.5558784850675977,0.040431831029399845,0.001342592592592673,0.0057343051771577705,0.30082575609810164,0.12233069231123828,0.1085549303562054,0.0,0.9999999987499999,0.5382175700749049,0.2861516652570434,0.413805018800976,0.43703379427214906,fearful,06,17,17,male,strong,2022
70,2.3356666666666666,True,1.0,0.549216973449275,0.49523809523809553,0.5222275343436853,0.7870801967581682,-0.08194444444444438,-0.08023148148148163,0.3562906419420515,0.330052305656201,0.23062999907410467,0.6634997761278202,0.05397887821117947,0.0017129629629627496,9.388962034567361e-05,0.3991771202475584,0.1270694640620334,0.10642507924799743,0.0,0.9999999987499999,0.5396122280552846,0.287095635991522,0.42340484368710285,0.4418503782615966,fearful,06,17,17,male,strong,2022
80,2.6693333333333333,True,1.0,0.5757181956204009,0.5360461716517263,0.5558821836360637,0.7887111598163947,-0.07634259259259257,-0.07254629629629633,0.34263793630321715,0.31409057187834055,0.22435452950483623,0.7047981719511467,0.03967202396867464,0.003796296296296242,0.007667694343459379,0.39118601184183893,0.12416169372104593,0.10805452570946703,0.0,0.9999999987499999,0.5406384393679347,0.2885130802813397,0.4159474583047145,0.44457324356614636,fearful,06,17,17,male,strong,2022
90,3.003,True,1.0,0.5574137878967053,0.5306799336650072,0.5440468607808562,0.7735033367823331,-0.08185185185185206,-0.07509259259259266,0.3429041049905107,0.332454544705781,0.22016695942028902,0.7033542518950414,0.02673385423169805,0.006759259259259409,0.004065493980764845,0.39471762264046145,0.12412751849921251,0.10738645200893487,0.0,0.9999999987499999,0.5427756263052096,0.28928106019181493,0.40752169681722966,0.44548759650062514,fearful,06,17,17,male,strong,2022
100,3.336666666666667,True,1.0,0.5794168061778074,0.4975949618492567,0.538505884013532,0.7385016014773539,-0.08250000000000002,-0.07560185185185181,0.34107370778888557,0.3418803418803418,0.21738954032473,0.7291871580728662,0.08182184432855072,0.006898148148148209,0.007872658458036735,0.4274614396576384,0.11597645136026687,0.11025114733581101,0.0,0.9999999987499999,0.5960346643735619,0.3203221560770242,0.4048575567159166,0.4850116772880557,fearful,06,17,17,male,strong,2022
110,3.6703333333333332,True,1.0,0.5927862592933456,0.5656565656565656,0.5792214124749556,0.7499683575774418,-0.07231481481481483,-0.06981481481481466,0.3359757774084136,0.3541325120143217,0.2097353180985254,0.7723278010634537,0.027129693636779972,0.0025000000000001688,0.0026242904207759593,0.4066497939010979,0.12330004811219292,0.10780666591973104,0.0,0.9999999987499999,0.5499953543136005,0.28915152603955807,0.399104465914912,0.44384381947508905,fearful,06,17,17,male,strong,2022
0,0.0,True,1.0,0.5104713522748583,0.4568789084152639,0.4836751303450611,0.7804062945179219,-0.06564814814814818,-0.058333333333333404,0.3314758881581304,0.3251692893824672,0.21062541213279817,0.6197734868910051,0.053592443859594385,0.007314814814814774,0.004616290604097935,0.4286862672439987,0.12083742489352922,0.10952110363149957,0.0,0.9999999987499999,0.5490209353272559,0.2884827794627175,0.3760874475630054,0.4170099819545004,disgust,07,17,17,male,normal,2023
10,0.33366666666666667,True,1.0,0.5388805768450308,0.4856135409376508,0.5122470588913408,0.6203065743836582,-0.06523148148148156,-0.058472222222222314,0.3407039206469093,0.2889828584558807,0.20788712704993262,0.8257965980778356,0.05326703590737997,0.006759259259259243,0.0022742534386155804,0.5515468968701778,0.12114282634239033,0.10918319935440095,0.0,0.9999999987499999,0.5455045924776161,0.2887099945730286,0.38044092258898154,0.41989747295310464,disgust,07,17,17,male,normal,2023
20,0.6673333333333333,True,1.0,0.6376067645334945,0.5918637755032995,0.614735270018397,0.6800103654370773,-0.08189814814814811,-0.07694444444444443,0.3425081254531021,0.2705985406291787,0.2341112198755218,0.9040086758431621,0.045742989030195025,0.004953703703703682,0.0024105814577394303,0.4706322561262588,0.12232482646846347,0.11201645845970637,0.0,0.9999999987499999,0.5440091985309748,0.2896742110714233,0.38043316123768517,0.42223139336127025,disgust,07,17,17,male,normal,2023
30,1.0010000000000001,True,1.0,0.3458884937602439,0.3011575504630595,0.3235230221116517,0.9258810325635735,-0.0671759259259258,-0.05972222222222223,0.36034888578797736,0.38352975701012715,0.21464341196030226,0.3494218055378921,0.04473094329718441,0.007453703703703574,0.0015226304588485495,0.36184249250760914,0.10880400111112369,0.1135392060328668,0.0,0.9999999987499999,0.5927411410970638,0.3228402915424579,0.3976324537635423,0.48513937267181106,disgust,07,17,17,male,normal,2023
40,1.3346666666666667,True,1.0,0.514838189407354,0.5170162982668041,0.515927243837079,0.7139019656656986,-0.08171296296296299,-0.08277777777777773,0.32867903246084784,0.2694634046358042,0.23959479705363726,0.7226864032458401,0.002178108859450023,0.0010648148148147407,0.017123708850376358,0.4176657723449854,0.12115530033082061,0.11072887665441832,0.0,0.9999999987499999,0.5409935308654711,0.2900509961216905,0.3913624120168014,0.4243071847342957,disgust,07,17,17,male,normal,2023
50,1.6683333333333334,True,1.0,0.5629625570441942,0.5676911593889973,0.5653268582165958,0.8687611562592397,-0.08217592592592593,-0.08648148148148155,0.35640191727926696,0.3408216843786246,0.24658842722766186,0.6507275954311905,0.004728602344803101,0.004305555555555618,0.01570659636843775,0.3637869930761147,0.1204269569543027,0.11287900842305533,0.0,0.9999999987499999,0.5377304885000876,0.29043664030734395,0.401179043596544,0.4334046864156609,disgust,07,17,17,male,normal,2023
60,2.0020000000000002,True,1.0,0.5522161708168509,0.526550288229299,0.5393832295230749,0.7637197907531162,-0.07634259259259257,-0.07615740740740734,0.3619616756709318,0.29627060848181214,0.2417048632372617,0.7062580229735576,0.02566588258755198,0.00018518518518523264,0.00714171476136486,0.4073275862068966,0.11947121754962658,0.11135255483270624,0.0,0.9999999987499999,0.5415393132565527,0.29180443293718866,0.40093978854677625,0.43200302618259845,disgust,07,17,17,male,normal,2023
70,2.3356666666666666,True,1.0,0.5908485130481763,0.5492156345199686,0.5700320737840725,0.8526661366029147,-0.07930555555555546,-0.07888888888888879,0.3315101246794177,0.3540732262164655,0.24518370154218866,0.6685290400474009,0.04163287852820774,0.0004166666666666763,0.0007177649969713533,0.38135593220338965,0.12250074987613295,0.11010711576191626,0.0,0.9999999987499999,0.5372033626419318,0.2931037176407136,0.3974208989409069,0.4159800292296785,disgust,07,17,17,male,normal,2023
80,2.6693333333333333,True,1.0,0.4886744286542398,0.47319888922290027,0.48093665893857007,0.8577484461848995,-0.07416666666666671,-0.07166666666666666,0.340837447626907,0.32335836124194905,0.23820245183763983,0.5606966250742674,0.015475539431339558,0.0025000000000000577,0.0018339199437774774,0.36915380315112867,0.12008163642114385,0.11223234566224663,0.0,0.9999999987499999,0.5339711149381627,0.2913697497882872,0.39423384636130643,0.4233289659327962,disgust,07,17,17,male,normal,2023
90,3.003,True,1.0,0.6065720548946858,0.5870704193967341,0.59682123714571,0.7510532814350471,-0.08847222222222212,-0.08976851851851864,0.3489830907513738,0.3004056022062986,0.253483057821098,0.7946456688204011,0.019501635497951697,0.0012962962962965174,0.008850971841341152,0.41929625380391444,0.11301375607876298,0.11261140219990157,0.0,0.9999999987499999,0.5863832591864871,0.32224973768550425,0.3984091109786424,0.4684914854959829,disgust,07,17,17,male,normal,2023
100,3.336666666666667,True,1.0,0.42047325492464965,0.3545480385109411,0.38751064671779534,0.7182366851513925,-0.06939814814814815,-0.05726851851851861,0.3503045243676115,0.31167006529357905,0.22572824599980593,0.5395305680273271,0.06592521641370858,0.012129629629629546,0.009282254166580465,0.4457296141572636,0.11334557649125925,0.11362679630306767,0.0,0.9999999987499999,0.587463696173782,0.3216050315334077,0.3949802932876084,0.46829859257721396,disgust,07,17,17,male,normal,2023
110,3.6703333333333332,True,1.0,0.4434762054911717,0.3936173455434327,0.41854677551730224,0.6614987080103355,-0.07134259259259257,-0.06018518518518512,0.34731037884213434,0.24806201550387608,0.22505729793436074,0.6327250083015471,0.04985885994773903,0.01115740740740745,0.009318682294623048,0.48092020908290034,0.1211711599370753,0.11156863654508792,0.0,0.9999999987499999,0.53815600370617,0.2903923981080593,0.38828681648917035,0.4228932738945286,disgust,07,17,17,male,normal,2023
0,0.0,True,1.0,0.48939715649750654,0.4298926520745523,0.45964490428602944,0.7140255009107465,-0.06648148148148136,-0.057638888888888906,0.32433759977054516,0.33515482695810556,0.20710696353861535,0.6437373787067099,0.05950450442295424,0.008842592592592458,0.0018473188308806025,0.4711055109383522,0.12389036645582341,0.10801331361804312,0.0,0.9999999987499999,0.5480647445775186,0.2894095569020243,0.38154906718962533,0.4245051002511469,disgust,07,17,17,male,normal,2024
10,0.33366666666666667,True,1.0,0.4662484404975131,0.4021576422632904,0.4342030413804018,0.6359530261969288,-0.06365740740740744,-0.05634259259259261,0.3252673468286171,0.3179765130984644,0.20638349432189484,0.6827596119433305,0.06409079823422265,0.0073148148148148295,9.102880618244222e-05,0.49857954545454525,0.12257044169478896,0.10985624031746503,0.0,0.9999999987499999,0.5497500835803072,0.28839289790684913,0.37910065178918373,0.419822890522532,disgust,07,17,17,male,normal,2024
20,0.6673333333333333,True,1.0,0.45229630750420036,0.40153241305782744,0.4269143602810139,0.7515808491418253,-0.06731481481481483,-0.05703703703703705,0.3260823451499183,0.31797651309846425,0.20913323452552118,0.5680218711912044,0.050763894446372915,0.010277777777777775,0.0007258092705770998,0.45432692307692213,0.12277158827540131,0.10928328294457079,0.0,0.9999999987499999,0.5491988463432248,0.2893685098344265,0.38447503650402126,0.4236399575026429,disgust,07,17,17,male,normal,2024
30,1.0010000000000001,True,1.0,0.36451321033455564,0.30450009279704554,0.3345066515658006,0.9562748348554734,-0.06981481481481472,-0.06171296296296286,0.3833554641150469,0.2881009524016559,0.20842706224907012,0.34980179272034934,0.0600131175375101,0.00810185185185186,0.006513054198652719,0.3317221435244191,0.11813369147627525,0.11123964536287691,0.0,0.9999999987499999,0.5482246573551296,0.29276692921730085,0.40771619834624434,0.45318894913633334,disgust,07,17,17,male,normal,2024
40,1.3346666666666667,True,1.0,0.4218704830539632,0.4585928757741473,0.4402316794140553,0.75556464659901,-0.07004629629629638,-0.0703240740740742,0.354118724705671,0.2698309047114923,0.22709542805138172,0.5826525650659422,0.03672239272018413,0.0002777777777778212,0.00954955236058655,0.4233626599566754,0.12021676089000952,0.11259636345078226,0.0,0.9999999987499999,0.5354195706642032,0.2898728429006733,0.39336379141806577,0.42233160038192324,disgust,07,17,17,male,normal,2024
50,1.6683333333333334,True,1.0,0.42240716971184467,0.36433603557300526,0.393371602642425,0.8054602832326327,-0.06490740740740752,-0.056851851851851765,0.3757276370322992,0.2579591465909901,0.22500135633271745,0.48838112918947185,0.05807113413883941,0.00805555555555576,0.00021395358452059159,0.39575519657048897,0.12273958918502136,0.11104832975320819,0.0,0.9999999987499999,0.534669840279862,0.2962741495031166,0.4111323820437752,0.4332545537972654,disgust,07,17,17,male,normal,2024
60,2.0020000000000002,True,1.0,0.4227252690544516,0.37260671156649516,0.3976659903104734,0.6797202595096027,-0.06175925925925929,-0.052824074074074134,0.36269357489899406,0.22873862797578626,0.224314058744324,0.5850436039634558,0.05011855748795646,0.008935185185185157,0.002500379242204792,0.46511701892993723,0.12070269514983871,0.1105347660987685,0.0,0.9999999987499999,0.5350247922997324,0.29533641331742105,0.4035183499420471,0.4255122118405515,disgust,07,17,17,male,normal,2024
70,2.3356666666666666,True,1.0,0.503509100224296,0.45873453284910287,0.4811218165366994,0.7509192402952787,-0.07666666666666666,-0.0748611111111111,0.3282491831594235,0.28157824127395703,0.24377003122820493,0.6407104662114015,0.044774567375193086,0.0018055555555555602,0.0013659313902362345,0.4330941089632129,0.12181902580379804,0.11103260584623968,0.0,0.9999999987499999,0.5352016285889355,0.29258431414634267,0.3981437467278489,0.4192091116184132,disgust,07,17,17,male,normal,2024
80,2.6693333333333333,True,1.0,0.48768905192373824,0.3866234860675735,0.43715626899565585,0.7242179331310221,-0.06768518518518518,-0.05680555555555561,0.34465429341876536,0.28010625557482954,0.2236687648418109,0.6036253025462814,0.10106556585616472,0.010879629629629572,0.008931741629744847,0.43511700429637556,0.12053331980245773,0.11174711466239466,0.0,0.9999999987499999,0.5348441122230143,0.29062189712195213,0.39537352635491657,0.4179134035920161,disgust,07,17,17,male,normal,2024
90,3.003,True,1.0,0.457798749760862,0.42920512505060565,0.44350193740573385,0.7177651575237857,-0.06513888888888897,-0.05379629629629623,0.3474111050087169,0.2775636232465532,0.21477133407087892,0.6178928201750122,0.028593624710256338,0.011342592592592737,0.01018882331596253,0.44724840508023217,0.12451801861868635,0.10922502131443954,0.0,0.9999999987499999,0.5383739427646058,0.2885022590164905,0.3882868245978772,0.4174660872036508,disgust,07,17,17,male,normal,2024
100,3.336666666666667,True,1.0,0.5381060096628801,0.48455358478072796,0.511329797221804,0.7435508424831765,-0.0691666666666666,-0.05703703703703711,0.3434266506113791,0.2822739309426872,0.2155172174537357,0.6876863934605432,0.05355242488215217,0.01212962962962949,0.00967562178463737,0.4598273442901442,0.12224406998741565,0.110219299883403,0.0,0.9999999987499999,0.5459822193955707,0.2876706782844181,0.38212793460289846,0.4183663100801598,disgust,07,17,17,male,normal,2024
0,0.0,True,1.0,0.5524139864822238,0.4977131328227014,0.5250635596524627,0.8661919239953383,-0.06574074074074066,-0.05708333333333321,0.32348894207498596,0.3407823340620852,0.21390636642410643,0.6061746191659119,0.05470085365952243,0.008657407407407447,0.0028601469856957204,0.3872786166662185,0.12394914634340021,0.10882475673169452,0.0,0.9999999987499999,0.5467634026032288,0.28665623575795235,0.4065083014269654,0.44618679390233473,disgust,07,17,17,male,normal,2025
10,0.33366666666666667,True,1.0,0.5573188536332226,0.5173412927329063,0.5373300731830645,0.7753604111972405,-0.06416666666666676,-0.05629629629629629,0.32671369621501833,0.31717630806133235,0.2118185226278855,0.6930068461367128,0.039977560900316345,0.007870370370370472,0.0019655427105631155,0.42952299170157043,0.12443785140827653,0.10791307519789771,0.0,0.8882299427914796,0.5436266767331933,0.2851949051693179,0.4079293873843435,0.4489020713101365,disgust,07,17,17,male,normal,2025
20,0.6673333333333333,True,1.0,0.5389340981540541,0.47005492990453135,0.5044945140292927,0.7497514888011378,-0.06685185185185188,-0.05638888888888893,0.33087344221433235,0.29155420602370946,0.2125606674658217,0.6728823104252661,0.06887916824952278,0.010462962962962952,0.002801693117580825,0.4478923676096775,0.1243763854686495,0.10833620491122409,0.0,0.9999999987499999,0.5424444890456183,0.28480086930063964,0.4087286543235977,0.4532113923197496,disgust,07,17,17,male,normal,2025
30,1.0010000000000001,True,1.0,0.5483689607830277,0.4961690898087319,0.5222690252958798,1.0273956553610313,-0.06462962962962965,-0.05601851851851847,0.3336149345908536,0.35615381050676204,0.21250897556871712,0.5083426453777948,0.05219987097429574,0.00861111111111118,0.004072022313474985,0.322766429102906,0.121130986132392,0.11144142368262304,0.0,0.9999999987499999,0.5445065207880028,0.2861539365358485,0.4134283619118787,0.45425794504661576,disgust,07,17,17,male,normal,2025
40,1.3346666666666667,True,1.0,0.5632513395807703,0.45803775785086553,0.510644548715818,0.6687695644060203,-0.0641203703703705,-0.05462962962962975,0.3539405099094361,0.2163666237784187,0.21966162985185075,0.7635582955533512,0.1052135817299048,0.009490740740740744,0.008703929481154733,0.46489225393228945,0.11955644720851137,0.108486663057311,0.0,0.8205335761150727,0.555581627010179,0.2930329583290705,0.4122297528900698,0.45154650731618023,disgust,07,17,17,male,normal,2025
50,1.6683333333333334,True,1.0,0.5279908006123574,0.4297010514696404,0.47884592604099885,0.47060547113325796,-0.06189814814814809,-0.053472222222222254,0.3567956045926365,0.11110161930252424,0.2190041074324078,1.0175103253430038,0.09828974914271699,0.008425925925925837,0.004513711639964766,0.656169906022769,0.12341898604297435,0.10994673384634891,0.0,0.9999999987499999,0.5508986438403486,0.28475329167086005,0.39061296796593753,0.42679224752549516,disgust,07,17,17,male,normal,2025
60,2.0020000000000002,True,1.0,0.42357774079432337,0.3695501789700688,0.39656395988219606,0.6591507701196988,-0.06291666666666657,-0.053148148148148056,0.3429122311316146,0.2420732246834222,0.21746252671172434,0.6016286073824686,0.054027561824254555,0.00976851851851851,0.0061363195778872445,0.482447444563056,0.11869026392134131,0.11184443055351842,0.0,0.9978707844178305,0.5558587601759453,0.2895962757557799,0.39257012852618234,0.43186002009291474,disgust,07,17,17,male,normal,2025
70,2.3356666666666666,True,1.0,0.5254684502666259,0.46339998162522456,0.49443421594592524,0.7028851256189618,-0.062314814814814656,-0.053194444444444544,0.3335994795024467,0.24806201550387622,0.2174748056672756,0.7034353095899215,0.062068468641401364,0.009120370370370112,0.010704501119977944,0.44158512733256144,0.12131288211818278,0.11038374702893458,0.0,0.9999999987499999,0.5550072271643033,0.2899150508835636,0.3918052709148012,0.4307316903868043,disgust,07,17,17,male,normal,2025
80,2.6693333333333333,True,1.0,0.5324314831792115,0.4638157292261596,0.4981236062026856,0.5216046718565032,-0.06638888888888889,-0.05652777777777784,0.3414751971586861,0.18706766809853473,0.21682189858086306,0.9549830227358903,0.06861575395305192,0.009861111111111043,0.020643612467597945,0.5913484855509077,0.12326609973881217,0.10819822378945188,0.0,0.9999999987499999,0.545920747541204,0.2896241545418685,0.40976546514675605,0.440140013831692,disgust,07,17,17,male,normal,2025
90,3.003,True,1.0,0.5680711375350629,0.4953197062288248,0.5316954218819439,0.4921125652848352,-0.06402777777777768,-0.05365740740740749,0.333159034088933,0.16385760120343607,0.21477133407087892,1.0804345578418588,0.07275143130623807,0.010370370370370197,0.02064049946377502,0.6093387110277197,0.1228463340039035,0.1065500719273477,0.0,0.9999999987499999,0.5445080265231093,0.2878660306734499,0.405304283391338,0.43809107310014533,disgust,07,17,17,male,normal,2025
100,3.336666666666667,True,1.0,0.5077480425917787,0.45236009129560334,0.480054066943691,0.3582372556671413,-0.07351851851851848,-0.06412037037037033,0.3341987077894886,0.0478230192444829,0.21398018433986693,1.340045066082509,0.05538795129617541,0.009398148148148155,0.016891902530662087,0.7171891236828344,0.12272308124382089,0.10933775262202484,0.0,0.9999999987499999,0.5483059336859744,0.2851239676731365,0.4026788156727548,0.43793856818478716,disgust,07,17,17,male,normal,2025
0,0.0,True,1.0,0.5643152565007431,0.546139903826652,0.5552275801636976,0.6107347309609041,-0.06425925925925924,-0.056759259259259176,0.33245685241400513,0.17642069550466433,0.22638888888888886,0.9091141407499882,0.018175352674091094,0.007500000000000062,0.007157366010994322,0.5004544870561332,0.12057555360355043,0.10876335588614428,0.0,0.9999999987499999,0.5547121227084584,0.28491810853821914,0.3810659932509931,0.4285341965785615,disgust,07,17,17,male,normal,2026
10,0.33366666666666667,True,1.0,0.5481235576646438,0.5344099067947207,0.5412667322296822,0.6378743464415492,-0.06625000000000003,-0.05796296296296305,0.33236553091766646,0.18999151823579244,0.22569985303348428,0.8485475787656254,0.013713650869923155,0.008287037037036982,0.012035290735984824,0.5145908071712028,0.12196258019807305,0.10914304450881326,0.0,0.9999999987499999,0.5522691854476166,0.28460638657293685,0.38621190977791126,0.4282447912836208,disgust,07,17,17,male,normal,2026
20,0.6673333333333333,True,1.0,0.5103422924578057,0.5035539541935143,0.5069481233256601,0.9363005544775054,-0.06310185185185174,-0.053888888888888764,0.33314594826654476,0.3188849714524837,0.22361247586820418,0.5414373845036952,0.0067883382642913714,0.009212962962962978,0.015512627150179224,0.3586956521739135,0.12077101948654942,0.11046011038059803,0.0,0.9999999987499999,0.5456069328512655,0.2848995427628452,0.39710627584296265,0.4316597834812028,disgust,07,17,17,male,normal,2026
30,1.0010000000000001,True,1.0,0.30907617398855136,0.30062145480308144,0.3048488143958164,0.9020400862639052,-0.06217592592592591,-0.050833333333333286,0.3685841499502326,0.18165530711048644,0.22642258677395277,0.3379548415175735,0.008454719185469917,0.011342592592592626,0.009891450769646381,0.35401222197484167,0.11667445503121583,0.11175095355420633,0.0,0.9999999987499999,0.5438989834996499,0.28992099306640023,0.40783443564055827,0.43945754737406484,disgust,07,17,17,male,normal,2026
40,1.3346666666666667,True,1.0,0.4244841754372752,0.40013038916045424,0.4123072822988647,0.6549782250573621,-0.05999999999999994,-0.05004629629629642,0.35349288599791634,0.19644374898495248,0.22569579660385555,0.6294976940076983,0.024353786276820943,0.00995370370370352,0.010692375848809523,0.4852781091658794,0.11916383517998856,0.11099697241525117,0.0,0.9999999987499999,0.5491637463501026,0.28782150859630523,0.3990676102465198,0.4334292461096193,disgust,07,17,17,male,normal,2026
50,1.6683333333333334,True,1.0,0.3280750435232228,0.28263135377029097,0.3053531986467569,0.5827163559047948,-0.06342592592592589,-0.05356481481481479,0.3561332573397819,0.12301789735767846,0.22292522283277727,0.5240168661005391,0.04544368975293184,0.009861111111111098,0.014111106828609162,0.5254701011099426,0.12051476639041149,0.11091154206199594,0.0,0.9999999987499999,0.5440306674075881,0.28730229958667713,0.39821134339793673,0.4269653336401306,disgust,07,17,17,male,normal,2026
60,2.0020000000000002,True,1.0,0.346495561968689,0.28675080210601234,0.3166231820373507,0.64994969297273,-0.06050925925925921,-0.0509722222222222,0.3419950977420437,0.2098651785522711,0.22507628101466093,0.48715029095434204,0.05974475986267669,0.00953703703703701,0.014298708617599024,0.5055912533754733,0.1190056766829602,0.11202015959232041,0.0,0.9999999987499999,0.5414994230426545,0.28737403146270507,0.39312534109744374,0.42037664583166,disgust,07,17,17,male,normal,2026
70,2.3356666666666666,True,1.0,0.49621247143280406,0.4303895422254767,0.4633010068291404,0.743057917868829,-0.06365740740740744,-0.05212962962962969,0.333430089657438,0.24768597262294337,0.2230042662770777,0.6235059147985907,0.06582292920732735,0.011527777777777748,0.022188099924543014,0.41707798627982284,0.12320883982963657,0.10879007586573998,0.0,0.9999999987499999,0.533683335599865,0.29046480777024763,0.41819210682402547,0.43925255689557724,disgust,07,17,17,male,normal,2026
80,2.6693333333333333,True,1.0,0.5106801566812003,0.47845355948008206,0.49456685808064116,0.5925872737093771,-0.06449074074074074,-0.05148148148148146,0.34216786510371394,0.22220207080950402,0.21541949020733536,0.8345890639615589,0.0322265972011182,0.013009259259259276,0.025045073287722295,0.5245973615866645,0.12170800545791105,0.10820124263540624,0.0,0.9999999987499999,0.5361106361138206,0.2860212425954209,0.40489387857156484,0.4360005218254558,disgust,07,17,17,male,normal,2026
90,3.003,True,1.0,0.5374093623787233,0.4641577814406161,0.5007835719096697,0.5969086588784733,-0.06574074074074071,-0.05393518518518525,0.3314101723755794,0.2289679959169975,0.21758037607996134,0.8389618151135347,0.07325158093810719,0.011805555555555458,0.02913780039075826,0.5235931879433953,0.12387806189246395,0.10785091864795736,0.0,0.9999999987499999,0.5379433477219013,0.28425041816342955,0.40119320242107853,0.4365608887749251,disgust,07,17,17,male,normal,2026
100,3.336666666666667,True,1.0,0.5780330848049482,0.5147120295258079,0.546372557165378,0.6150595063322322,-0.06527777777777782,-0.05379629629629623,0.33752317344637245,0.26644253579069155,0.20638349432189496,0.8883247093009696,0.06332105527914034,0.011481481481481592,0.02308790926502536,0.5018146295600099,0.1233525428883576,0.10880235718565348,0.0,0.9999999987499999,0.5439956996314151,0.28464908615643486,0.39999621508030525,0.438431759937247,disgust,07,17,17,male,normal,2026
0,0.0,True,1.0,0.46624844049751424,0.39522315161204474,0.4307357960547795,0.7398034179104085,-0.07439814814814821,-0.07134259259259262,0.3659754108038512,0.2984590429845905,0.23682134183518153,0.5822300703495025,0.0710252888854695,0.003055555555555589,0.02037788158140306,0.4443388215349522,0.12036195581822785,0.10882475524650867,0.0,0.9999999987499999,0.5344735210803071,0.29323056312096646,0.40446608749674334,0.42947517021283443,disgust,07,17,17,male,strong,2027
10,0.33366666666666667,True,1.0,0.497175141242938,0.4368433689245592,0.4670092550837486,0.7961598135746794,-0.0769907407407408,-0.07976851851851868,0.35962418121051476,0.2918739635157548,0.24449718561420844,0.5865772764728263,0.060331772318378774,0.002777777777777879,0.027565033402941058,0.4033984798185292,0.12221388696189103,0.1088615679069868,0.0,0.9999999987499999,0.5356573276732569,0.29439304480442996,0.4100154278520705,0.4345460830094593,disgust,07,17,17,male,strong,2027
20,0.6673333333333333,True,1.0,0.3705655756997197,0.3104056437389784,0.34048560971934905,0.804304052599753,-0.06254629629629627,-0.05898148148148147,0.36905353513721234,0.298358579271307,0.22297449995749155,0.4233294717573497,0.06015993196074132,0.0035648148148147984,0.023689421233039683,0.41763307781076653,0.12173320925750021,0.10904995645171968,0.0,0.9999999987499999,0.5369509019389006,0.2933179179882632,0.41131345335424074,0.4370626580520615,disgust,07,17,17,male,strong,2027
30,1.0010000000000001,True,1.0,0.3867975911260827,0.37020800777655943,0.37850279945132104,1.0029122741847518,-0.07689814814814816,-0.07935185185185184,0.4228358432725421,0.28725948703818205,0.24166666666666659,0.3774036964090391,0.016589583349523263,0.00245370370370368,0.023624929358261465,0.3097957879286714,0.11465010130990841,0.11197059847926852,0.0,0.9999999987499999,0.5429000915522458,0.29374040292400755,0.40642038610241193,0.44295501737311577,disgust,07,17,17,male,strong,2027
40,1.3346666666666667,True,1.0,0.4775080848208476,0.44003572163446286,0.45877190322765526,0.7662725247214646,-0.07324074074074072,-0.07259259259259254,0.36091699177982567,0.2661383972368491,0.2465277777777778,0.5987059282784751,0.03747236318638475,0.0006481481481481755,0.014854925762913111,0.41118856658793396,0.11865721654281935,0.11050877240049647,0.0,0.961667257965726,0.5362801271680547,0.29468589710381415,0.4041247659269436,0.42151735885621544,disgust,07,17,17,male,strong,2027
50,1.6683333333333334,True,1.0,0.45589995861109406,0.3953398008976524,0.4256198797543732,1.1353151413099671,-0.07527777777777778,-0.0754629629629629,0.3612349686501509,0.35706371152522914,0.24445568020362218,0.3748913973465357,0.06056015771344164,0.00018518518518512161,0.018972256780902034,0.2908544448103778,0.12108514219800755,0.11114894132368211,0.0,0.9999999987499999,0.5297909468396733,0.2923095972383368,0.41884542271719627,0.4406992199339374,disgust,07,17,17,male,strong,2027
60,2.0020000000000002,True,1.0,0.46222757814366056,0.41314531759698353,0.43768644787032207,0.7566094348814216,-0.079351851851852,-0.07958333333333345,0.35789145345020035,0.16658945997894797,0.25631698105156947,0.5784839941084237,0.049082260546677026,0.00023148148148144365,0.02219856425920752,0.41105792304277566,0.12013979901566355,0.11045853536694455,0.0,0.9999999987499999,0.5217685815654388,0.2877356725002344,0.40945401891467037,0.42219353758424355,disgust,07,17,17,male,strong,2027
70,2.3356666666666666,True,1.0,0.4689102263392223,0.39899237695493867,0.4339513016470805,0.7326555749044174,-0.0820833333333334,-0.08125000000000016,0.35251512594873685,0.2680825838903076,0.2570204467175018,0.5922991873824123,0.06991784938428364,0.0008333333333332416,0.02201632991761752,0.4432037584017766,0.12457591232555826,0.1079303325183308,0.0,0.9999999987499999,0.520714771142832,0.2881286989480145,0.4262735269077723,0.42791243862574263,disgust,07,17,17,male,strong,2027
80,2.6693333333333333,True,1.0,0.5298407339585247,0.4731762268241478,0.5015084803913362,0.7042742935106135,-0.07032407407407415,-0.06527777777777777,0.3276151668620756,0.22972505654245987,0.23965497258872337,0.7120925540125204,0.05666450713437693,0.005046296296296382,0.017408043133154392,0.47060963281765267,0.11942349675775368,0.11088949395613838,0.0,0.9999999987499999,0.5334266917235644,0.2940798197610284,0.4066888867022477,0.42153912780866887,disgust,07,17,17,male,strong,2027
90,3.003,True,1.0,0.5398998706264557,0.47036054622504486,0.5051302084257503,0.7809876114058075,-0.08694444444444449,-0.08546296296296285,0.3593420092987278,0.2471390350258057,0.2611604864813868,0.6467838939423081,0.06953932440141086,0.001481481481481639,0.023413893730312062,0.39488086277877216,0.11242064773009561,0.11184902034451065,0.0,0.9999999987499999,0.5732434124431022,0.3191994058978348,0.4097903643411061,0.4669582324670833,disgust,07,17,17,male,strong,2027
100,3.336666666666667,True,1.0,0.5557291483635991,0.5019056809646253,0.5288174146641123,0.7601538309055259,-0.07736111111111105,-0.07731481481481478,0.3555175331570544,0.24882874871427285,0.2548638052917788,0.6956715774676339,0.05382346739897381,4.6296296296266526e-05,0.03114475637767198,0.4374535368280907,0.12196496280799612,0.11121542316991419,0.0,0.9999999987499999,0.5333194321009654,0.2907729064586195,0.3941970190494554,0.4139318739526638,disgust,07,17,17,male,strong,2027
110,3.6703333333333332,True,1.0,0.5204257624606884,0.49232140599655855,0.5063735842286234,0.7703642209575124,-0.0749074074074072,-0.07342592592592595,0.36491574507872865,0.2630229024870884,0.24791666666666667,0.6573171111182112,0.028104356464129843,0.0014814814814812505,0.021807116403819146,0.4219075402312021,0.12140080247962622,0.10994100344411996,0.0,0.9791799419091703,0.5364900958742872,0.28892658833629076,0.39220692494191833,0.41239789413627154,disgust,07,17,17,male,strong,2027
120,4.0040000000000004,True,1.0,0.5410578059823132,0.5103451930090871,0.5257014994957001,0.7654390823499355,-0.07939814814814805,-0.08180555555555558,0.36750556489381936,0.267797783643922,0.2479215904623095,0.6867973057787574,0.03071261297322614,0.0024074074074075247,0.018059503550868307,0.4136810281251566,0.1202722904578338,0.1092731065083789,0.0,0.9999999987499999,0.5336677664737771,0.29316085131967323,0.40864721478584376,0.4279637892563836,disgust,07,17,17,male,strong,2027
0,0.0,True,1.0,0.44919656150718296,0.3875455726507875,0.4183710670789852,0.8348340551804457,-0.06833333333333336,-0.05180555555555555,0.3645109555450406,0.2845921830550531,0.22992615690216076,0.5011427893757354,0.06165098885639547,0.016527777777777808,0.00961579049618626,0.40169817169170663,0.11987225564682898,0.11109234700946838,0.0,0.9999999987499999,0.5325185617293793,0.2936531149683057,0.41189718585037577,0.4362646406689842,disgust,07,17,17,male,strong,2028
10,0.33366666666666667,True,1.0,0.502269913847228,0.46478345778065333,0.48352668581394065,0.8097506878309982,-0.07592592592592601,-0.0681018518518518,0.3741610051850887,0.29897367463485075,0.24034921004492152,0.5971303181095373,0.037486456066574636,0.007824074074074205,0.007395519788072373,0.4078776842919328,0.1223032478597679,0.11049900529589722,0.0,0.9999999987499999,0.53062181665635,0.2926850351190579,0.4181959438331322,0.4448143561299943,disgust,07,17,17,male,strong,2028
20,0.6673333333333333,True,1.0,0.3854090783258766,0.32939680419587947,0.357402941260878,0.8305026182929472,-0.07231481481481494,-0.06421296296296292,0.37138302873872336,0.30829263860874545,0.23621578115504038,0.4303453515842012,0.05601227412999715,0.008101851851852027,0.006622985535743653,0.3932148421350585,0.1205962614185932,0.1108229254811884,0.0,0.9999999987499999,0.5281286564469538,0.29309800495760174,0.4230913887987721,0.4464645292051379,disgust,07,17,17,male,strong,2028
30,1.0010000000000001,True,1.0,0.500885783514099,0.46205941419745433,0.48147259885577665,0.9431761500377318,-0.08162037037037045,-0.07916666666666677,0.42389093989990045,0.20523907260333396,0.2541693682084056,0.5104800400609317,0.03882636931664463,0.00245370370370368,0.0061184612273913865,0.324200822038306,0.11982064076795233,0.11080466321016233,0.0,0.9999999987499999,0.5219877415966386,0.29350666691402555,0.4353712982720009,0.4544841088547634,disgust,07,17,17,male,strong,2028
40,1.3346666666666667,True,1.0,0.5089226443835583,0.4551087046093135,0.4820156744964359,0.7381433238358069,-0.07486111111111116,-0.06851851851851859,0.35839270477387813,0.22661191618519835,0.2472249996491242,0.6530109518455196,0.05381393977424476,0.006342592592592566,0.00838713843521261,0.4246839356106486,0.12034203322571933,0.11178278002403745,0.0,0.9999999987499999,0.5326643842693327,0.28905885798082154,0.3992142275674904,0.41059108569681146,disgust,07,17,17,male,strong,2028
50,1.6683333333333334,True,1.0,0.46630366407538437,0.40899911024625296,0.43765138716081864,0.9430825437184546,-0.07430555555555562,-0.07185185185185183,0.3819676057322207,0.27192992845551617,0.24932055037141404,0.4640647736254505,0.05730455382913141,0.002453703703703791,0.011150181131066663,0.36065475200132047,0.12084465072897571,0.11141036400885135,0.0,0.9999999987499999,0.5292704223642581,0.2929249919106414,0.4164104543003124,0.4375450451123629,disgust,07,17,17,male,strong,2028
60,2.0020000000000002,True,1.0,0.4612851961757027,0.4288516010860228,0.4450683986308628,0.6681896016668527,-0.0752314814814814,-0.07162037037037039,0.3662472571569748,0.0945551323113468,0.2590280723172383,0.666081000842581,0.032433595089679856,0.0036111111111110095,0.00013138007484979152,0.47796689405814813,0.11475015324950141,0.11422748464669596,0.0,0.9999999987499999,0.5351045891090811,0.29301263243895176,0.3735998853318296,0.39407456814742886,disgust,07,17,17,male,strong,2028
70,2.3356666666666666,True,1.0,0.5163204142984518,0.49088103911781017,0.5036007267081309,0.8440863227503727,-0.09074074074074084,-0.08643518518518517,0.35803627336630844,0.26216880613176996,0.2701459494188078,0.596622304063875,0.0254393751806416,0.0043055555555556735,0.00532685491527884,0.37529233660986416,0.11990417252503396,0.11208247113021652,0.0,0.9999999987499999,0.5305614537299295,0.2919473054787748,0.39265506635378383,0.4100730862969879,disgust,07,17,17,male,strong,2028
80,2.6693333333333333,True,1.0,0.5757970880553891,0.522676822077071,0.54923695506623,0.7838240841836885,-0.08467592592592599,-0.08305555555555544,0.33580217044029115,0.3093439982385032,0.2548685948759787,0.7007145686754847,0.05312026597831809,0.0016203703703705497,0.008276947058557122,0.40490658265689716,0.12173112072954607,0.11044108413352519,0.0,0.9999999987499999,0.5253740237344937,0.2895636529330374,0.4121260161157266,0.41982250834020995,disgust,07,17,17,male,strong,2028
90,3.003,True,1.0,0.5072500285843387,0.48003320743927913,0.4936416180118089,0.7998102458158368,-0.07689814814814822,-0.0753240740740741,0.37041624195655987,0.2811398581296977,0.24932514044087933,0.6171984174924837,0.027216821145059522,0.0015740740740741166,0.013427753357387743,0.3879193946739825,0.12108907753414458,0.10959105160859212,0.0,0.9999999987499999,0.5267763988798645,0.2891856712448229,0.41448236148189843,0.43104847506062394,disgust,07,17,17,male,strong,2028
100,3.336666666666667,True,1.0,0.4732516633752912,0.4488662628499549,0.46105896311262307,0.7924151783219573,-0.07791666666666675,-0.07819444444444446,0.36318742042345276,0.3003385539269021,0.24587088260414938,0.5818401460822289,0.024385400525336276,0.0002777777777777102,0.008165271751132987,0.40856778837258406,0.12210742594144423,0.10863076805667152,0.0,0.975879229391351,0.5318780696497348,0.28860877090085735,0.4103612498883147,0.43218544567786377,disgust,07,17,17,male,strong,2028
110,3.6703333333333332,True,1.0,0.43008191549205177,0.3811240039573711,0.40560295972471144,0.7693316254198115,-0.08060185185185181,-0.07745370370370375,0.37503151438117227,0.2915895028135616,0.24377535174652215,0.5272147229140368,0.048957911534680654,0.0031481481481480666,0.002486693531756808,0.42669866130270917,0.12228675192286138,0.10860442666043953,0.0,0.9999999987499999,0.5335638888602316,0.2872398515257281,0.40960510560941593,0.4305407639516341,disgust,07,17,17,male,strong,2028
120,4.0040000000000004,True,1.0,0.4438568904999058,0.3782287089449323,0.4110427997224191,0.7740746239952375,-0.06819444444444439,-0.059907407407407354,0.3664366994858583,0.2981963985213349,0.22433310471757625,0.5310118520626611,0.06562818155497346,0.008287037037037037,0.008475869505210653,0.43369313136263116,0.12062400314973903,0.10923412203657643,0.0,0.9999999987499999,0.5370930014818428,0.2884156788793906,0.4021752197962835,0.431116958779521,disgust,07,17,17,male,strong,2028
0,0.0,True,1.0,0.55303800723576,0.4716703394337596,0.5123541733347599,0.59165108442045,-0.06638888888888883,-0.05986111111111103,0.33013908784872353,0.2817386116287858,0.22996862585534805,0.8659735219392606,0.08136766780200044,0.006527777777777799,0.024356747147740585,0.5630036797606536,0.12176912702045235,0.10671361499428686,0.0,0.9999999987499999,0.5481356121276635,0.2924733142294737,0.394430031423961,0.4251919592038134,disgust,07,17,17,male,strong,2029
10,0.33366666666666667,True,1.0,0.5353033620946923,0.4830020006576705,0.5091526813761814,0.8399727730559323,-0.08027777777777767,-0.0825925925925926,0.33639282423870853,0.3511212311726105,0.24941600642176076,0.6061537917756744,0.0523013614370218,0.002314814814814936,0.03158068381671776,0.39683825955527363,0.12092846842076937,0.10854649318776524,0.0,0.9999999987499999,0.5481140296665542,0.29365493348079696,0.4049241243903436,0.4351930909887514,disgust,07,17,17,male,strong,2029
20,0.6673333333333333,True,1.0,0.5974499089253196,0.4908983251053989,0.5441741170153592,1.059573820962157,-0.06597222222222227,-0.06023148148148155,0.34223445712517414,0.42657028618395726,0.22649805184351623,0.5135782955841777,0.10655158381992069,0.005740740740740713,0.025512341872926128,0.32168224502612547,0.11936698219513467,0.1102613224087632,0.0,0.9999999987499999,0.5387833452287164,0.2922714073937621,0.4128462023657541,0.440669434056766,disgust,07,17,17,male,strong,2029
30,1.0010000000000001,True,1.0,0.3985957422654303,0.3395688146365601,0.36908227845099517,1.2088200957124688,-0.06564814814814823,-0.06203703703703711,0.34534042085095523,0.4324818236688785,0.21805870448037068,0.30532440663427346,0.05902692762887024,0.0036111111111111205,0.022935249118390743,0.2820227792658897,0.11950669753749175,0.10941557983785016,0.0,0.9999999987499999,0.5295114681106818,0.2923700498173732,0.43243829430956876,0.4507769510350137,disgust,07,17,17,male,strong,2029
40,1.3346666666666667,True,1.0,0.5537422328392517,0.46194844460762075,0.5078453387234363,0.8420944550873699,-0.08032407407407416,-0.08305555555555566,0.3378500149643583,0.3084293022455379,0.24661719955518105,0.603074079938866,0.09179378823163098,0.0027314814814815014,0.041296658809330235,0.4150635012978409,0.11807947103359406,0.11043797600943174,0.0,0.9999999987499999,0.545477162427471,0.29773990539514156,0.3999112037625721,0.4280037008663044,disgust,07,17,17,male,strong,2029
50,1.6683333333333334,True,1.0,0.51388888888889,0.45717245600968404,0.485530672449287,0.9890181399733086,-0.07921296296296287,-0.08337962962962964,0.36401505340776225,0.3271045832257188,0.24243192952745105,0.49092190812838926,0.056716432879205914,0.004166666666666763,0.045608678394146014,0.33060254859107874,0.11867888772676259,0.11082983947649369,0.0,0.9225195098458449,0.5445140413509153,0.2975308842737205,0.4121436111588515,0.44537085620462336,disgust,07,17,17,male,strong,2029
60,2.0020000000000002,True,1.0,0.4445775709359649,0.4165838167285637,0.43058069383226427,0.869258649314722,-0.0735648148148147,-0.07458333333333333,0.3649870781083652,0.20427999300833555,0.24949674840066507,0.49534243251040594,0.02799375420740119,0.0010185185185186407,0.028822418323632935,0.36008644141860263,0.11865456425742785,0.11016628477431943,0.0,0.9999999987499999,0.5272084341392806,0.29547275871623385,0.4118301101499929,0.43754821777522096,disgust,07,17,17,male,strong,2029
70,2.3356666666666666,True,1.0,0.4637274204381827,0.4181204404316468,0.44092393043491473,0.8124246467975842,-0.08374999999999999,-0.08587962962962958,0.34374491604218055,0.23271672366490165,0.2641489632396365,0.5427259403969942,0.0456069800065359,0.0021296296296295925,0.039264316596754695,0.3806768591366225,0.1228080112128024,0.11131549115505447,0.0,0.9999999987499999,0.5336055681725816,0.29180742404650223,0.4105378307012945,0.41747612683218954,disgust,07,17,17,male,strong,2029
80,2.6693333333333333,True,1.0,0.5173357747549417,0.4604984685036173,0.4889171216292795,0.7114818532319142,-0.07666666666666666,-0.07467592592592598,0.3315822509611033,0.20168385604483413,0.2585815877573783,0.6871814360526106,0.05683730625132444,0.001990740740740682,0.02688652232233509,0.45059749995782084,0.12005642507400092,0.11140751266858227,0.0,0.9999999987499999,0.5260053774244073,0.29096503411957214,0.4105238008098106,0.42071163753586793,disgust,07,17,17,male,strong,2029
90,3.003,True,1.0,0.4895850215656984,0.43592489126730755,0.462754956416503,0.7932135084172091,-0.07273148148148134,-0.07013888888888897,0.34827245176597776,0.17138159202403203,0.25867451113836787,0.5833926824316087,0.05366013029839084,0.0025925925925923687,0.028787341086431512,0.41965470957805895,0.11888853586268429,0.11163364831313802,0.0,0.9999999987499999,0.5350798257896908,0.2944338534421954,0.3924193369984401,0.4126110458512761,disgust,07,17,17,male,strong,2029
100,3.336666666666667,False,0.0,,,,,,,,,,,,,,,,,,,,,,,disgust,07,17,17,male,strong,2029
110,3.6703333333333332,True,1.0,0.5196260060655569,0.4917841403173126,0.5057050731914348,0.7578251854272546,-0.07435185185185178,-0.07060185185185186,0.3639333775093279,0.19555677902967922,0.25639406201989645,0.667310987963963,0.027841865748244266,0.00374999999999992,0.012022429449393515,0.43589393061165566,0.12138097041550484,0.1101360206706759,0.0,0.9999999987499999,0.5335456064222563,0.2903274890928883,0.40514546728097384,0.4206604237923206,disgust,07,17,17,male,strong,2029
120,4.0040000000000004,True,1.0,0.4985161170569296,0.42178869003289315,0.4601524035449114,0.7656042068494886,-0.06865740740740756,-0.0532407407407407,0.35587281298550777,0.23330923155834565,0.2382764274203337,0.6010317072818455,0.07672742702403645,0.015416666666666856,0.005765265996564926,0.4488638911042586,0.1217410403909664,0.11025748933936999,0.0,0.9999999987499999,0.535667727786427,0.289896271139457,0.3951671218985081,0.4142629438954808,disgust,07,17,17,male,strong,2029
130,4.337666666666666,True,1.0,0.514737202866812,0.47736775985957475,0.49605248136319335,0.7884537855163389,-0.07625000000000004,-0.07064814814814807,0.3594580208137692,0.2261572999300497,0.2459031517755891,0.6291459188547631,0.03736944300723727,0.005601851851851969,0.011290476069503485,0.406991062874522,0.12096885245434985,0.1104161030674072,0.0,0.9999999987499999,0.5349537813797394,0.2884701018057244,0.39008536916083325,0.4104757832922759,disgust,07,17,17,male,strong,2029
0,0.0,True,1.0,0.45565847030356676,0.4202991448246365,0.4379788075641016,0.6070371078960926,-0.06662037037037033,-0.06574074074074077,0.3208369235126709,0.3251692893824672,0.18691008021618238,0.7215025273859718,0.03535932547893028,0.0008796296296295636,0.007900492733563335,0.4820996223089451,0.12928776243805093,0.10463336184942125,0.0,0.9504277669624904,0.5555913201296144,0.2892801008662386,0.3882775641035621,0.42511939439961244,surprised,08,17,17,male,normal,2030
10,0.33366666666666667,True,1.0,0.46439024112138966,0.4140452855554208,0.43921776333840523,0.6068470191194199,-0.06990740740740731,-0.067962962962963,0.32016849703286954,0.34673862959025936,0.18966219313384589,0.7237701587061314,0.05034495556596885,0.0019444444444443043,0.00910771723769535,0.48268710112225666,0.12597055246730784,0.10539931111179618,0.0,0.9999999987499999,0.5563513051470588,0.28830673239742466,0.3885653660890601,0.42496257714454055,surprised,08,17,17,male,normal,2030
20,0.6673333333333333,True,1.0,0.4907856055794959,0.4621995205280957,0.47649256305379584,1.0196364318441165,-0.06578703703703698,-0.06009259259259264,0.31999776723579854,0.4515386986574883,0.18754068568996562,0.46731614149173784,0.0285860850514002,0.005694444444444335,0.01017779803914361,0.29731182961198727,0.12302592380867235,0.10899688477045955,0.0,0.9999999987499999,0.5542325837678822,0.29075129776482095,0.38301696668442553,0.419237826304587,surprised,08,17,17,male,normal,2030
30,1.0010000000000001,True,1.0,0.5414578111868877,0.5174831728367989,0.5294704920118434,0.9206019348563822,-0.057129629629629586,-0.05407407407407411,0.4484430658467662,0.13753533888944264,0.20703880212757164,0.575135106678266,0.02397463835008884,0.003055555555555478,0.007099811320903955,0.31049920769614664,0.12204963623777959,0.11146486752832646,0.0,0.9999999987499999,0.5405945964088761,0.29710896708709855,0.40773357616720673,0.4383548446277115,surprised,08,17,17,male,normal,2030
40,1.3346666666666667,True,1.0,0.5490110694023528,0.5578904241496313,0.553450746775992,1.3983319304476987,-0.06069444444444444,-0.05958333333333332,0.34589456988228146,0.4275432047012564,0.19934383176905957,0.39579354137954625,0.008879354747278523,0.0011111111111111183,0.020812216309589102,0.22032723277865798,0.12038430774590232,0.11019200420894999,0.0,0.9999999987499999,0.5441551361482092,0.2919689835681298,0.3847244631332276,0.41453675891061104,surprised,08,17,17,male,normal,2030
50,1.6683333333333334,True,1.0,0.579869484987989,0.5343563875843763,0.5571129362861826,0.44435166186278074,-0.05907407407407411,-0.0584722222222222,0.36810332255801725,0.06979064646243988,0.20422047016405528,1.2537658438154407,0.045513097403612646,0.0006018518518519089,0.029129962024566254,0.6103990461808964,0.11564698520065148,0.11331941904672534,0.0,0.9999999987499999,0.5931674893941952,0.3137435469051579,0.37663947450668306,0.45417996922192305,surprised,08,17,17,male,normal,2030
60,2.0020000000000002,True,1.0,0.550394453256769,0.5316165427079756,0.5410054979823723,0.6440716645749823,-0.05944444444444458,-0.058750000000000024,0.35851203553811445,0.14165991307808518,0.20487042134711556,0.8399771760482235,0.018777910548793297,0.000694444444444553,0.021576507634746632,0.4292586246926442,0.11359351394356786,0.11117297702493491,0.0,0.9999999987499999,0.5946950704266082,0.31558097639873584,0.3846824086840852,0.45559259089576337,surprised,08,17,17,male,normal,2030
70,2.3356666666666666,True,1.0,0.5420771351411674,0.49749743512093764,0.5197872851310525,0.6636342343880417,-0.06162037037037038,-0.0592592592592594,0.3636986247715747,0.1815194212546309,0.20277928274864854,0.7832436275840486,0.04457970002022976,0.0023611111111109806,0.022685983963535074,0.43545229024086074,0.11696172889548752,0.11093622586079303,0.0,0.9999999987499999,0.5934394013699231,0.312008849482303,0.3889739138451937,0.45858923829644505,surprised,08,17,17,male,normal,2030
80,2.6693333333333333,True,1.0,0.6133235050922082,0.5618116440882579,0.5875675745902331,0.6606118084224908,-0.06157407407407406,-0.061435185185185315,0.3598880340382953,0.2095069187423582,0.20417600856869406,0.8894294154282774,0.05151186100395033,0.00013888888888874407,0.020238943012835072,0.4220908814442379,0.12657661921484348,0.10521533244986184,0.0,0.9999999987499999,0.5432911838876177,0.28484646341519754,0.39314939996776055,0.4116594295940876,surprised,08,17,17,male,normal,2030
90,3.003,True,1.0,0.6175157280441808,0.5868985716543724,0.6022071498492766,0.6733026426839702,-0.0627314814814815,-0.06018518518518512,0.36055577583419424,0.2222043077570465,0.2027837975942452,0.8944078214942283,0.03061715638980833,0.0025462962962963798,0.021745238482900397,0.4243132801196849,0.1310876424508525,0.10255535028783153,0.0,0.9999999987499999,0.5427684153661465,0.28592794965924423,0.39910538624336434,0.41600339380548157,surprised,08,17,17,male,normal,2030
100,3.336666666666667,True,1.0,0.5315470377465807,0.49093316679744237,0.5112401022720116,0.6701843153209782,-0.06083333333333335,-0.05999999999999994,0.3551631713337823,0.23830550833572067,0.19652777777777775,0.7628350747468002,0.040613870949138375,0.0008333333333334081,0.015615032829043323,0.4216530312633788,0.1284118440694774,0.10370497002293486,0.0,0.9999999987499999,0.5457620331413815,0.2861771353290047,0.3982636740026948,0.42013442928139205,surprised,08,17,17,male,normal,2030
0,0.0,True,1.0,0.592764735262615,0.579226021971139,0.585995378616877,0.7256552940468299,-0.06643518518518521,-0.05939814814814809,0.31506798648093143,0.31097463641633394,0.20277777777777783,0.8075395899737762,0.013538713291475934,0.007037037037037119,0.006986039941254176,0.4252068853419891,0.11799481770041798,0.11274698372175558,0.0,0.9999999987499999,0.604172026756015,0.31548979097865437,0.3770622496675953,0.4563684528735113,surprised,08,17,17,male,normal,2031
10,0.33366666666666667,True,1.0,0.5972773124750256,0.5928757291148542,0.5950765207949399,0.7047435779762247,-0.06259259259259259,-0.05513888888888896,0.31539658956082733,0.2862234757202812,0.204170029800638,0.8443872911957425,0.004401583360171379,0.007453703703703629,0.006822052153935224,0.4456771709854322,0.11572525256319602,0.11154435155345807,0.0,0.9999999987499999,0.6011968848867673,0.3162495776473901,0.3766654543482818,0.4499570681193672,surprised,08,17,17,male,normal,2031
20,0.6673333333333333,True,1.0,0.6015827611147173,0.570580857464107,0.5860818092894122,1.0431772169565774,-0.06384259259259262,-0.059027777777777846,0.3176161203156051,0.38930600901726936,0.20416704035095484,0.5618238203085757,0.031001903650610285,0.004814814814814772,0.004386120252379409,0.3247831751726948,0.12191419134886758,0.10796887259132544,0.0,0.9999999987499999,0.5511986835906237,0.2942036302363238,0.3891264709604309,0.41175666375758146,surprised,08,17,17,male,normal,2031
30,1.0010000000000001,True,1.0,0.4642632034097347,0.4227901669986793,0.443526685204207,0.854700826979756,-0.05851851851851847,-0.054814814814814705,0.43699322237252536,0.1655328286421107,0.2098040580380127,0.5189262385196126,0.04147303641105543,0.0037037037037037646,0.009546918127121972,0.3305743532267592,0.11938573592980045,0.1111017616969613,0.0,0.9999999987499999,0.5366417886529612,0.2900143844460425,0.40012872645278225,0.43252828434856155,surprised,08,17,17,male,normal,2031
40,1.3346666666666667,True,1.0,0.5672946330290607,0.5191097468539245,0.5432021899414926,1.2425893982406442,-0.07523148148148145,-0.07787037037037037,0.3213287244675438,0.4140580185751046,0.22778615134956817,0.43715340780357614,0.048184886175136166,0.002638888888888913,0.00958713667460156,0.2625879435651776,0.111871863233339,0.11341038440124789,0.0,0.9999999987499999,0.5916240455791693,0.31725064002634584,0.3903969047422781,0.45885463851572295,surprised,08,17,17,male,normal,2031
50,1.6683333333333334,True,1.0,0.5610093236416912,0.5251803799319171,0.5430948517868042,0.4758846559824026,-0.06416666666666665,-0.06342592592592594,0.359046588427423,0.07070693469460555,0.21389780617712997,1.1412321136214294,0.035828943709774075,0.0007407407407407085,0.006009606077625394,0.5345860977051367,0.1218501001191647,0.10996383052981176,0.0,0.9999999987499999,0.5470220501716311,0.28324335043703736,0.37141098899780184,0.4063745480379382,surprised,08,17,17,male,normal,2031
60,2.0020000000000002,True,1.0,0.574728277988064,0.5299342547109396,0.5523312663495018,0.7714944323557099,-0.060370370370370297,-0.055277777777777815,0.3334197581776555,0.23419185288716465,0.2114148236301881,0.7159238527010401,0.04479402327712445,0.005092592592592482,0.008104922258544419,0.38167717442642135,0.12043756042492493,0.11047923459645392,0.0,0.9999999987499999,0.5483292887780112,0.2861157062576496,0.37436515311426394,0.4132045026396429,surprised,08,17,17,male,normal,2031
70,2.3356666666666666,True,1.0,0.6072579214360443,0.5640259007597233,0.5856419110978838,0.8468949250748352,-0.060833333333333406,-0.055185185185185226,0.3421108620436217,0.20498072959606015,0.21512343695210218,0.6915166141137685,0.04323202067632104,0.00564814814814818,0.015892533676332445,0.35445475456597697,0.12265972242059839,0.10958282375472882,0.0,0.9999999987499999,0.5563606185677397,0.2880286598990847,0.3759753501876785,0.4150011024200879,surprised,08,17,17,male,normal,2031
80,2.6693333333333333,True,1.0,0.5741635099174085,0.5653270773481173,0.5697452936327629,0.6549134369073575,-0.062361111111111034,-0.05634259259259261,0.35611367673138633,0.21797328062479762,0.20886147249275117,0.869955113950972,0.00883643256929123,0.006018518518518423,0.013193026106232544,0.45125280011681906,0.1192190448024412,0.11213337812286954,0.0,0.9999999987499999,0.5918585548828907,0.3132774814730465,0.3857184634611319,0.4567361338489401,surprised,08,17,17,male,normal,2031
90,3.003,True,1.0,0.5979155868386127,0.5240486727436126,0.5609821297911126,0.6869405241867205,-0.06412037037037027,-0.059259259259259234,0.34453866624956403,0.2375648209622002,0.2061485557668379,0.8166385735581229,0.07386691409500012,0.004861111111111038,0.017703932215686984,0.43611345715780236,0.12086356573767511,0.10720635501185265,0.0,0.9999999987499999,0.5661604923531913,0.285440241152939,0.36558107963442676,0.4078439359848727,surprised,08,17,17,male,normal,2031
100,3.336666666666667,True,1.0,0.5508691021363006,0.5002982078552252,0.5255836549957629,0.6748218281686286,-0.062453703703703733,-0.05615740740740738,0.34432235569250585,0.2578789823950444,0.19988694468861468,0.7788480352245316,0.05057089428107542,0.006296296296296355,0.023094843070797125,0.44483731894866896,0.11606410783959313,0.10946487948292312,0.0,0.9999999987499999,0.6010740716520984,0.31237194436975185,0.384348297018939,0.4597752661458184,surprised,08,17,17,male,normal,2031
0,0.0,True,1.0,0.6053510671809007,0.5964784062141181,0.6009147366975094,0.5761884286399328,-0.060416666666666674,-0.04828703703703707,0.32995423921038486,0.08916402246269735,0.2321666959809363,1.0429135797050662,0.00887266096678263,0.012129629629629601,0.01983376800866889,0.5669661653565947,0.1217988195697741,0.10897667085011244,0.0,0.9999999987499999,0.5556311017297544,0.28799144908943625,0.3768196017811483,0.4139753929822131,surprised,08,17,17,male,normal,2032
10,0.33366666666666667,True,1.0,0.6211165817420252,0.5961441993549523,0.6086303905484888,0.6351711445055586,-0.06310185185185174,-0.04921296296296296,0.3270601327024168,0.11043152607484723,0.23629715913468666,0.9582147989771637,0.02497238238707289,0.013888888888888784,0.019071040191492035,0.5054315513476291,0.12030122396852212,0.11062767623698946,0.0,0.9999999987499999,0.5566646680156437,0.2875099144407582,0.37350374435092293,0.4138434229250636,surprised,08,17,17,male,normal,2032
20,0.6673333333333333,True,1.0,0.2582101596843368,0.2597110263764445,0.25896059303039065,1.0401991396970725,-0.09356481481481482,-0.09560185185185183,0.33439749734282626,0.31885095218109355,0.22906051900365323,0.24895290060113426,0.001500866692107694,0.002037037037037004,0.008693776207444234,0.2950896133517456,0.11850928874810805,0.11237576149187326,0.0,0.9999999987499999,0.5659687811999801,0.28611870568204767,0.3638474906140727,0.40219939501280066,surprised,08,17,17,male,normal,2032
30,1.0010000000000001,True,1.0,0.50344714199701,0.42682647974164495,0.46513681086932746,0.9611150497703648,-0.05152777777777778,-0.041481481481481564,0.3520077712143212,0.25624980375148204,0.19732585446807455,0.4839553922087274,0.07662066225536507,0.01004629629629622,0.017048003082925842,0.3276141802210761,0.1132975353376432,0.11300230637045762,0.0,0.9999999987499999,0.5804666115743172,0.29138445099724747,0.3417492862912503,0.40539405345047097,surprised,08,17,17,male,normal,2032
40,1.3346666666666667,True,1.0,0.47981963920755566,0.42738503307345244,0.45360233614050405,0.6458234416550372,-0.05824074074074076,-0.05236111111111119,0.3613671231592236,0.1353150085785236,0.21006962827844342,0.702362761837922,0.05243460613410322,0.005879629629629568,0.0055819472596876024,0.45295167069420256,0.11917558091826422,0.11064050125499439,0.0,0.9999999987499999,0.5760638111025661,0.29020635957865143,0.3546237548164827,0.4079395943738623,surprised,08,17,17,male,normal,2032
50,1.6683333333333334,True,1.0,0.6112374989398248,0.5062381321196007,0.5587378155297127,0.8279843504252042,-0.0652314814814815,-0.0564351851851852,0.371069747407226,0.15661058888633544,0.20849625158335672,0.6748168793803623,0.10499936682022415,0.008796296296296302,0.016271777518185402,0.32661112000549014,0.11148588973491355,0.11294957160402487,0.0,0.9999999987499999,0.6083528497727216,0.3168836107855617,0.35993380925701035,0.44226930550107796,surprised,08,17,17,male,normal,2032
60,2.0020000000000002,True,1.0,0.5943202381656582,0.5486296948894693,0.5714749665275638,0.9306374865088277,-0.05800925925925926,-0.051805555555555494,0.3043760545077667,0.3276634820973023,0.20417298230057143,0.6140682863220801,0.04569054327618882,0.006203703703703767,0.012706952740217763,0.3109579545069402,0.11087341074897165,0.11253964829515377,0.0,0.9999999987499999,0.5963624693158514,0.31689210958888586,0.3652662726754007,0.4456930883533767,surprised,08,17,17,male,normal,2032
70,2.3356666666666666,True,1.0,0.5818809119106798,0.4900880146903889,0.5359844633005344,0.8266893605244593,-0.06037037037037046,-0.05180555555555555,0.34492636892908296,0.25974002932140544,0.20583730181576274,0.6483505037012947,0.09179289722029094,0.008564814814814914,0.01879467028233916,0.3713739159419852,0.10953684437547224,0.11130231875882236,0.0,0.9999999987499999,0.604350011942277,0.3153928900724486,0.35855406704782256,0.43942442846643215,surprised,08,17,17,male,normal,2032
80,2.6693333333333333,True,1.0,0.608041021688969,0.5626295424814667,0.5853352820852178,0.6705611068597899,-0.06175925925925929,-0.053657407407407376,0.35242931933937605,0.22974541200502369,0.2048626973293699,0.8729037161524605,0.045411479207502325,0.008101851851851916,0.013819536945990755,0.44050884382997596,0.12488213567812924,0.10668667704905248,0.0,0.9999999987499999,0.5607326531628276,0.29072646520561274,0.3827978000939552,0.4253589701125532,surprised,08,17,17,male,normal,2032
90,3.003,True,1.0,0.574454747943599,0.5640259007597231,0.569240324351661,0.666995991704238,-0.061898148148148036,-0.056481481481481466,0.3454894781525195,0.253314247527437,0.20127917344837862,0.8534388983316048,0.010428847183875822,0.00541666666666657,0.013679837828364202,0.4457300292361253,0.1251644239352893,0.10473073247411761,0.0,0.9999999987499999,0.5580505344090761,0.2890070476969107,0.38450621290977116,0.42272519936914454,surprised,08,17,17,male,normal,2032
0,0.0,True,1.0,0.5989237053410852,0.5791128058979039,0.5890182556194945,0.7503279290457602,-0.061851851851851825,-0.055648148148148224,0.3212665889190384,0.28858766501760036,0.21321197890506982,0.7850144354463608,0.019810899443181262,0.0062037037037036,0.013562391264559282,0.4343983460798662,0.1168613373505921,0.1108702670679488,0.0,0.9999999987499999,0.5911617970547595,0.3174794109132951,0.37903831747197864,0.44977808172880107,surprised,08,17,17,male,normal,2033
10,0.33366666666666667,True,1.0,0.6299806841902421,0.5873574303834712,0.6086690572868567,0.8130919502836536,-0.061574074074074114,-0.054212962962963074,0.31824470091906304,0.30484797238071276,0.21121552768430293,0.7485857621324595,0.0426232538067709,0.0073611111111110406,0.023729154632938905,0.41521628351231743,0.11635581380386484,0.1124221355706396,0.0,0.9999999987499999,0.5896024478385103,0.31772820049435785,0.3819721006891851,0.4497249235806785,surprised,08,17,17,male,normal,2033
20,0.6673333333333333,True,1.0,0.6357418464526411,0.6146580899283559,0.6251999681904985,0.8539000019546285,-0.06157407407407406,-0.05291666666666661,0.3440715047751797,0.2709821717325993,0.21122816978596964,0.7321700044025977,0.02108375652428518,0.008657407407407447,0.01944932812806227,0.3890036235123741,0.11538749098508733,0.1112105551561968,0.0,0.9999999987499999,0.5862388930728542,0.3190535765781839,0.3861009559397193,0.45480004843506255,surprised,08,17,17,male,normal,2033
30,1.0010000000000001,True,1.0,0.656652856221408,0.6145560018239613,0.6356044290226847,0.8867085948967178,-0.0589351851851852,-0.05152777777777778,0.3592844897979002,0.21503954877143666,0.20922077066308842,0.7168132041132619,0.042096854397446704,0.007407407407407418,0.019750529382436786,0.3500248325183003,0.11448378802317617,0.11482676558338357,0.0,0.9999999987499999,0.5874807899253451,0.3193929039720838,0.38248955792077644,0.45399835169978375,surprised,08,17,17,male,normal,2033
40,1.3346666666666667,True,1.0,0.5810940056347831,0.5381537495070154,0.5596238775708993,0.6210127519971198,-0.0625,-0.057870370370370405,0.3663385843179294,0.14573828832039798,0.21401761847716894,0.9011471596536471,0.04294025612776764,0.004629629629629595,0.016799286935795615,0.459153420610984,0.12178049388764592,0.10934617708043988,0.0,0.9366381497443378,0.5365834806266256,0.28683031650776086,0.3718491659741932,0.4018621435313125,surprised,08,17,17,male,normal,2033
50,1.6683333333333334,True,1.0,0.5648795039314303,0.49680918573922295,0.5308443448353266,0.775898065844159,-0.06240740740740747,-0.05490740740740746,0.37923694648726447,0.15754953766967777,0.21340047274309237,0.6841676351619467,0.06807031819220732,0.007500000000000007,0.018889457334514574,0.3703323044187527,0.12531062186888509,0.1090160817455409,0.0,0.9999999987499999,0.5331617015321753,0.28295376349563006,0.38899996022337885,0.41180351502897095,surprised,08,17,17,male,normal,2033
60,2.0020000000000002,True,1.0,0.6086873820914349,0.593771162338535,0.601229272214985,0.824233041953225,-0.06694444444444453,-0.061157407407407494,0.32144354194323055,0.23438090773329773,0.21624899925284036,0.72944087607823,0.014916219752899917,0.005787037037037035,0.01828965266441408,0.3367337738520815,0.11488545957265049,0.11087322532939528,0.0,0.9999999987499999,0.5853195412461859,0.31523249001602655,0.39188857127185694,0.4546008803576388,surprised,08,17,17,male,normal,2033
70,2.3356666666666666,True,1.0,0.5508691021363005,0.5274805039528513,0.5391748030445759,0.7259721689999105,-0.0673611111111111,-0.06245370370370368,0.37507675958977127,0.18443513006517506,0.2190041074324078,0.7426934889078955,0.023388598183449183,0.004907407407407416,0.010697481169329661,0.3810803970760293,0.12363247845793413,0.10813235011784021,0.0,0.9999999987499999,0.5390266403983467,0.28214478636837026,0.38441011306478334,0.41038168623654886,surprised,08,17,17,male,normal,2033
80,2.6693333333333333,True,1.0,0.3379408076240943,0.32741781928962616,0.3326793134568602,0.6632230335677904,-0.06870370370370366,-0.06583333333333324,0.36524222679968515,0.18753571576874353,0.20786840936191564,0.5016100114424868,0.01052298833446813,0.002870370370370412,0.009618699155179647,0.44124055342359975,0.12405336666577364,0.10888105768561243,0.0,0.9999999987499999,0.5400713322829132,0.2840952912901401,0.3775252164044022,0.4098225583744905,surprised,08,17,17,male,normal,2033
90,3.003,True,1.0,0.5423587472359299,0.5130226141356408,0.5276906806857853,0.6517999205149311,-0.06564814814814818,-0.06111111111111106,0.3543783410145646,0.22807224869697837,0.20649990778221308,0.8095899739737652,0.029336133100289152,0.004537037037037117,0.007002477926839634,0.47617377304382696,0.12294171312882057,0.10768566483820621,0.0,0.9999999987499999,0.54330155844369,0.2855021031394627,0.3697480494459815,0.40702821893597946,surprised,08,17,17,male,normal,2033
100,3.336666666666667,True,1.0,0.49923769380518057,0.4735728090140856,0.4864052514096331,0.6600403205819118,-0.06615740740740733,-0.06384259259259262,0.3559098555284461,0.23936816060248392,0.20305187448718487,0.7369326331167213,0.025664884791094966,0.002314814814814714,0.009073225638642912,0.45590484746036003,0.12456985900991098,0.10705113309950992,0.0,0.9999999987499999,0.5505179904852566,0.28975184036683116,0.39090424335738866,0.416498878171631,surprised,08,17,17,male,normal,2033
0,0.0,False,0.0,,,,,,,,,,,,,,,,,,,,,,,surprised,08,17,17,male,strong,2034
10,0.33366666666666667,False,0.0,,,,,,,,,,,,,,,,,,,,,,,surprised,08,17,17,male,strong,2034
20,0.6673333333333333,True,1.0,0.7047669907961365,0.6849085819555722,0.6948377863758544,1.3684562185440499,-0.09203703703703708,-0.0829629629629629,0.3036655581723013,0.47313645853916575,0.2625186005314671,0.5077530263373113,0.019858408840564223,0.009074074074074179,0.003053132572370117,0.23959799211819557,0.11745518591478432,0.11330904043642163,0.0,0.9999999987499999,0.5699730318221038,0.30363834963187986,0.4034502685401336,0.44153873974395297,surprised,08,17,17,male,strong,2034
30,1.0010000000000001,True,1.0,0.5761496149944638,0.5550528468098201,0.565601230902142,0.7890337332916008,-0.07143518518518516,-0.07041666666666657,0.4425740623228134,0.14981273408239643,0.2291696629183861,0.716827693212344,0.021096768184643677,0.0010185185185185852,0.012621895240699987,0.35622859238723525,0.12424861498730073,0.10848271858119794,0.0,0.9999999987499999,0.5402999519886079,0.273477004207077,0.4193958321752409,0.4314590909119338,surprised,08,17,17,male,strong,2034
40,1.3346666666666667,True,1.0,0.687215911850643,0.6446675501789948,0.6659417310148189,1.3888376006793393,-0.06666666666666671,-0.06282407407407409,0.2976210065994974,0.6122384499269993,0.21811467777790106,0.4794957529153003,0.042548361671648216,0.0038425925925926196,0.0029142241558554522,0.22403210557210496,0.12376973866874078,0.10955173293610809,0.0,0.9999999987499999,0.5406986687096714,0.2778416212077945,0.38469591587966057,0.4013397471293596,surprised,08,17,17,male,strong,2034
50,1.6683333333333334,True,1.0,0.6297824284968322,0.58810919524332,0.6089458118700761,0.925451346435908,-0.068888888888889,-0.06402777777777774,0.3705255015473689,0.21307400662229375,0.2195334295671866,0.6579987313382213,0.04167323325351224,0.00486111111111126,0.001651708158474808,0.30370580755365745,0.12653147658941902,0.10759667032292076,0.0,0.9999999987499999,0.5353762270767682,0.2802484862709601,0.39723749156731847,0.40634390909475426,surprised,08,17,17,male,strong,2034
60,2.0020000000000002,True,1.0,0.666601135219311,0.6208278403239802,0.6437144877716456,1.0567933066462734,-0.06953703703703712,-0.065925925925926,0.2768401873675379,0.39827013713243103,0.21945696015755206,0.6091205193326492,0.045773294895330774,0.0036111111111111205,0.006435810339855174,0.2682290589368779,0.12640991764783874,0.10595636496844962,0.0,0.9999999987499999,0.523866352486307,0.275596305456078,0.394436335501306,0.4022728256009148,surprised,08,17,17,male,strong,2034
70,2.3356666666666666,True,1.0,0.6014011748531432,0.5689526698103886,0.5851769223317659,0.7876565747841389,-0.06768518518518513,-0.06495370370370362,0.3370225793891749,0.28030138869718824,0.219456960157552,0.7429340921735295,0.03244850504275454,0.0027314814814815014,0.012118267206668124,0.38128662424176313,0.12556397766052757,0.10660064810330785,0.0,0.9999999987499999,0.5334755384341237,0.2808975557668003,0.39260655522713844,0.409643434676847,surprised,08,17,17,male,strong,2034
80,2.6693333333333333,True,1.0,0.5884191796703634,0.5358445625839771,0.5621318711271702,0.7681233797387399,-0.0673611111111111,-0.06615740740740744,0.34042991904476,0.2978528564198203,0.21459613255719906,0.7318249723350002,0.05257461708638633,0.0012037037037036513,0.01649997814992792,0.3877669450982319,0.12733994961629552,0.1066386199469878,0.0,0.9999999987499999,0.5357585066370298,0.27755299012717966,0.3981725945797335,0.4106886249223216,surprised,08,17,17,male,strong,2034
90,3.003,True,1.0,0.5622839478120581,0.5201604199293681,0.5412221838707132,0.7675478781302238,-0.0661574074074075,-0.06421296296296292,0.3351434858063199,0.3231151264696488,0.20699752593369267,0.7051314964079521,0.042123527882690026,0.0019444444444445819,0.006394767338364587,0.3847934815586221,0.1264057842884108,0.10542051229641439,0.0,0.9999999987499999,0.541825281112445,0.27934308039649325,0.39545701120769217,0.41486255493755414,surprised,08,17,17,male,strong,2034
100,3.336666666666667,True,1.0,0.5884191796703646,0.5537614783961534,0.571090329033259,0.7600044103077022,-0.06995370370370368,-0.06462962962962959,0.3332106229737873,0.3256997455470737,0.20639791097840593,0.751430282887493,0.034657701274211195,0.005324074074074092,0.0018770009408313971,0.40216205638419666,0.1192623992615062,0.11140529370385074,0.0,0.9999999987499999,0.5841847968718737,0.3113241364821966,0.40500072378693064,0.4641306912626254,surprised,08,17,17,male,strong,2034
0,0.0,True,1.0,0.612379911558904,0.5813101227916482,0.5968450171752762,0.49868971528307665,-0.06898148148148153,-0.06185185185185205,0.3519995811031592,0.12785585983935263,0.22640540147926308,1.1968264010347247,0.031069788767255857,0.007129629629629486,0.007751646185202835,0.5768630790295083,0.1270601364238604,0.10607761322325959,0.0,0.9999999987499999,0.5423077120535714,0.28351314600162647,0.39175109230706456,0.41275483980893346,surprised,08,17,17,male,strong,2035
10,0.33366666666666667,True,1.0,0.6308138136189358,0.5794003172429653,0.6051070654309505,0.7083744812575344,-0.06874999999999998,-0.06069444444444444,0.3349887862132866,0.20716612187720362,0.2229180356753134,0.8542191756494961,0.05141349637597059,0.008055555555555538,0.0059639297282715305,0.435141509433962,0.12346025017788002,0.10744599462033429,0.0,0.9999999987499999,0.5465928818949456,0.28240810409610534,0.38760432772654674,0.4115153197863992,surprised,08,17,17,male,strong,2035
20,0.6673333333333333,True,1.0,0.6145551406587642,0.6005766645028348,0.6075659025807995,1.2226166098666442,-0.07217592592592598,-0.0691666666666666,0.3138187979747584,0.45492711064805424,0.2138945959961903,0.496939022157624,0.013978476155929398,0.003009259259259378,0.015478522370636603,0.26188617743151643,0.11919097854256211,0.11045155631288735,0.0,0.9999999987499999,0.585353888977466,0.31117360362883506,0.40527121177134917,0.45972001513739563,surprised,08,17,17,male,strong,2035
30,1.0010000000000001,True,1.0,0.5357276105245442,0.5353198123730191,0.5355237114487816,0.814240377217498,-0.06819444444444439,-0.06504629629629632,0.46016812881495045,0.09929760697774406,0.2118491361770521,0.6576973169505862,0.00040779815152514054,0.0031481481481480666,0.004660397734080209,0.32240853658536545,0.12241881392973247,0.10792725948304575,0.0,0.9999999987499999,0.5422755586609643,0.28736029480236314,0.428595473666173,0.4464206686805195,surprised,08,17,17,male,strong,2035
40,1.3346666666666667,True,1.0,0.6006667819148004,0.5532112602432346,0.5769390210790175,0.8819986756506454,-0.06870370370370371,-0.06476851851851867,0.3452134695736036,0.31593982411366395,0.21114038186407766,0.6541268564302695,0.04745552167156575,0.003935185185185042,0.00898134229253905,0.3613158657997077,0.12283137029383745,0.10834035975996291,0.0,0.9999999987499999,0.5375095285848714,0.2808852032408617,0.37628715294344306,0.39928840194758547,surprised,08,17,17,male,strong,2035
50,1.6683333333333334,True,1.0,0.598762307499965,0.5590429780809738,0.5789026427904693,0.3867447871367349,-0.06879629629629624,-0.061342592592592615,0.3735435574261357,0.05438598569110403,0.2133103598481278,1.4968595881443554,0.039719329418991145,0.007453703703703629,0.013840143151888471,0.6335836350918868,0.11851984275692197,0.11082813106509888,0.0,0.9999999987499999,0.5880544177983693,0.31060629818303725,0.3972630420031856,0.4587500727512505,surprised,08,17,17,male,strong,2035
60,2.0020000000000002,True,1.0,0.5823436279432033,0.49997640210727007,0.5411600150252367,0.8005462414581358,-0.06828703703703709,-0.0593981481481482,0.36338578600710836,0.19699116137416497,0.214805433767596,0.6759884526339837,0.0823672258359332,0.00888888888888889,0.02722387867673674,0.37199004481138875,0.11501487991455028,0.11142501561327493,0.0,0.9999999987499999,0.5864915426873875,0.3129665551886972,0.3953392165984814,0.4540663271123107,surprised,08,17,17,male,strong,2035
70,2.3356666666666666,True,1.0,0.6343954046224217,0.6002659710135194,0.6173306878179705,0.8219734621556237,-0.06444444444444447,-0.058240740740740815,0.33740132154854224,0.2384804705241901,0.21975712343196835,0.751034815891771,0.034129433608902304,0.006203703703703656,0.02164378196031238,0.3658739749248638,0.12737013866769534,0.10642369031830384,0.0,0.9999999987499999,0.5367772574420394,0.28091633068748434,0.38387216498737425,0.40653595857504854,surprised,08,17,17,male,strong,2035
80,2.6693333333333333,True,1.0,0.6226898409372319,0.5939395666055028,0.6083147037713674,0.7411730602001138,-0.0667592592592593,-0.06134259259259256,0.33706417602973493,0.29755267199428187,0.21021965492335096,0.8207458371559334,0.028750274331729053,0.005416666666666736,0.026505514447237997,0.4176418405835177,0.1253248572081724,0.10616626129529289,0.0,0.9999999987499999,0.5459427999949981,0.28240819743935025,0.3777104204289857,0.40576651627110644,surprised,08,17,17,male,strong,2035
90,3.003,True,1.0,0.6205528928673126,0.5493131175071732,0.5849330051872429,0.7903634023101486,-0.06620370370370371,-0.06087962962962973,0.3346692538676053,0.30798181942083175,0.21286732957408,0.740081086089697,0.07123977536013948,0.005324074074073981,0.021513042632719404,0.3845735598681499,0.125349950914035,0.10595697584491481,0.0,0.9999999987499999,0.545665733027586,0.2825778266265927,0.37741829713542935,0.40485078356622695,surprised,08,17,17,male,strong,2035
100,3.336666666666667,True,1.0,0.6061774264935932,0.5572025534225985,0.5816899899580958,0.5378300844332323,-0.06837962962962968,-0.06171296296296297,0.3516231556778979,0.19165294709516373,0.20864108941863158,1.0815497436724524,0.048974873070994684,0.00666666666666671,0.02297376697191524,0.5260047701625576,0.12427058828993415,0.10792927128403837,0.0,0.9999999987499999,0.5462384564997874,0.281633687822072,0.3742800100846217,0.4031200701846803,surprised,08,17,17,male,strong,2035
0,0.0,True,1.0,0.6088011519329207,0.5911637773966179,0.5999824646647693,0.6399411372616391,-0.06337962962962973,-0.05782407407407408,0.32735748082963295,0.22746355532402712,0.2180643024566552,0.9375588311639782,0.017637374536302874,0.005555555555555647,0.006470828435743331,0.5123399187841631,0.1171844794767609,0.11257812144049166,0.0,0.9999999987499999,0.5934465894795418,0.31901556530146186,0.37770813284695326,0.45418118130010426,surprised,08,17,17,male,strong,2036
10,0.33366666666666667,True,1.0,0.5908606549293417,0.5676911593889973,0.5792759071591695,0.6025121415682148,-0.06300925925925926,-0.05703703703703705,0.32999938131783596,0.2098915124854683,0.21528663753750232,0.9614344130085642,0.02316949554034442,0.005972222222222212,0.0057625717396609915,0.5230567883537239,0.11612058113957495,0.11198663677953882,0.0,0.9999999987499999,0.5913899425317003,0.31921369592420423,0.3792807439308069,0.45648997773955885,surprised,08,17,17,male,strong,2036
20,0.6673333333333333,True,1.0,0.5452842384316572,0.5316604979144283,0.5384723681730428,1.7165616853501526,-0.07939814814814827,-0.07768518518518519,0.30208009603826536,0.6743295019157084,0.22016106837094193,0.3136924077757232,0.013623740517228922,0.0017129629629630827,0.0009210564105560399,0.2010810281920985,0.11324287263172077,0.11621479922947074,0.0,0.9999999987499999,0.5952253664121898,0.31530925745376975,0.3822518015240213,0.45504148589942595,surprised,08,17,17,male,strong,2036
30,1.0010000000000001,True,1.0,0.6156415436847639,0.5819072175326071,0.5987743806086855,1.3901330278270192,-0.08074074074074067,-0.07949074074074075,0.31833575687857013,0.530248012613856,0.22514948647457675,0.43073171316896,0.03373432615215677,0.0012499999999999178,0.010862348740486668,0.2261559912547807,0.11513539853042169,0.1124923301597847,0.0,0.9999999987499999,0.5877631570831459,0.31397258040849,0.3996969318571076,0.46364193242522134,surprised,08,17,17,male,strong,2036
40,1.3346666666666667,True,1.0,0.48944116423760714,0.4432712936994237,0.4663562289685154,0.864042815821296,-0.10064814814814815,-0.10388888888888881,0.34473415993532447,0.34556537207695126,0.24241430554430568,0.5397374070233212,0.046169870538183444,0.003240740740740655,0.003004420302292638,0.3320194998060333,0.12366293187185791,0.10827362605895775,0.0,0.9999999987499999,0.5550101071209734,0.2846812456864511,0.3926598698849929,0.4159864000839167,surprised,08,17,17,male,strong,2036
50,1.6683333333333334,True,1.0,0.5256165645553759,0.5244919868140824,0.5250542756847292,0.6396305393072593,-0.07398148148148143,-0.0723611111111111,0.38784182136325024,0.21912079702106485,0.21185741908285285,0.8208711801868935,0.0011245777412934865,0.0016203703703703276,0.004453899104534357,0.4270601644650417,0.12231842268314433,0.11168279059089604,0.0,0.9999999987499999,0.5473373714095013,0.2825524678595296,0.37985722898985863,0.41415650513458546,surprised,08,17,17,male,strong,2036
60,2.0020000000000002,True,1.0,0.6853052629918683,0.6265950124200964,0.6559501377059824,1.5040845001762666,-0.06657407407407412,-0.060648148148148284,0.2677551673245303,0.606748965644199,0.1996497773023329,0.4361125572593231,0.05871025057177193,0.0059259259259258346,0.013103075066290442,0.20454127598934338,0.11456913774811613,0.11154219599209961,0.0,0.9999999987499999,0.5853038426855116,0.3143521096352645,0.38595460460320796,0.4558282569162143,surprised,08,17,17,male,strong,2036
70,2.3356666666666666,True,1.0,0.6216635637191059,0.5909186063425741,0.6062910850308401,0.836376906935004,-0.06819444444444439,-0.06300925925925921,0.3435142083971296,0.3118700027855662,0.20529117479142042,0.7249017518341833,0.030744957376531823,0.005185185185185182,0.014605939445211834,0.3406454919351002,0.12867294659976405,0.1050263340598441,0.0,0.9999999987499999,0.54508001129358,0.2855895857958777,0.38851986895044854,0.4108846523272183,surprised,08,17,17,male,strong,2036
80,2.6693333333333333,True,1.0,0.6305348640063141,0.6037590631558913,0.6171469635811027,0.8104739959198678,-0.06578703703703703,-0.06101851851851853,0.332775824338011,0.3570931218862434,0.20242283150048473,0.7614642378262318,0.02677580085042275,0.004768518518518505,0.015997948060540643,0.38278997802470427,0.12617223996938617,0.10641845876371599,0.0,0.9999999987499999,0.5497373323470013,0.28590516690708084,0.38787445891376493,0.41245753605069,surprised,08,17,17,male,strong,2036
90,3.003,True,1.0,0.5646271796522256,0.5541017345865222,0.5593644571193739,0.7660344774340024,-0.0635648148148148,-0.060092592592592586,0.33200066486895496,0.3487489041365179,0.19838832402754983,0.7302079391949637,0.01052544506570341,0.00347222222222221,0.019557889044366967,0.4152162835123188,0.12450145079710805,0.10730837603988495,0.0,0.9999999987499999,0.5525548936996674,0.2847266664447461,0.369222068193906,0.41086741939020843,surprised,08,17,17,male,strong,2036
100,3.336666666666667,True,1.0,0.5853465709739197,0.5590429780809728,0.5721947745274463,0.7652811123789,-0.06837962962962962,-0.06328703703703709,0.328541727821016,0.36169359682915814,0.19977393383853734,0.7476922731684323,0.026303592892946925,0.0050925925925925375,0.022877343443824052,0.4126249434690309,0.12377141360632725,0.10850135431229169,0.0,0.9999999987499999,0.5592969164228191,0.28689692662542804,0.36842671831003726,0.4141334163796297,surprised,08,17,17,male,strong,2036
0,0.0,True,1.0,0.5634697215051027,0.5304393110340748,0.5469545162695888,0.5004229555749248,-0.06648148148148147,-0.05314814814814828,0.3344670990140791,0.05925412169636225,0.25069444444444444,1.092984464793796,0.03303041047102784,0.013333333333333197,0.020469805039898748,0.6364434336391321,0.12281660828985076,0.10818112525684276,0.0,0.9999999987499999,0.5495387617078081,0.27888960248644046,0.37283227205298963,0.40660936716725316,surprised,08,17,17,male,strong,2037
10,0.33366666666666667,True,1.0,0.5867471323801391,0.5600339571156104,0.5733905447478748,0.5099724127697374,-0.0658333333333333,-0.052175925925926014,0.3358310694718745,0.058818504336630446,0.2500012207001447,1.1243560051291872,0.026713175264528655,0.013657407407407285,0.02307106264855061,0.6199344374185537,0.12275749736762183,0.10736457626239478,0.0,0.8972769166863898,0.5467368203765881,0.27810833487034997,0.37664089778422616,0.4063174058486686,surprised,08,17,17,male,strong,2037
20,0.6673333333333333,True,1.0,0.6927505627547574,0.6686387000686361,0.6806946314116968,1.1319746204667624,-0.095601851851852,-0.08824074074074079,0.28974867434759266,0.39772081259643,0.26875255494788436,0.6013338277239968,0.02411186268612131,0.007361111111111207,0.006896740036791865,0.28916728415396853,0.11623618482708524,0.11203682192249594,0.0,0.9999999987499999,0.5723299430709784,0.3036257845003249,0.40268562846595224,0.4405575265688442,surprised,08,17,17,male,strong,2037
30,1.0010000000000001,True,1.0,0.6525332220519201,0.6140687158859476,0.6333009689689338,0.9574601136518155,-0.07305555555555543,-0.0716666666666666,0.356328011033584,0.2895594598691078,0.22929979561125013,0.6614384870336609,0.03846450616597252,0.0013888888888888284,0.014457476778290249,0.3175235049599184,0.12153440832816026,0.11100132569578715,0.0,0.9999999987499999,0.5358265146605518,0.27833211614519227,0.38539350501865255,0.38651655587441053,surprised,08,17,17,male,strong,2037
40,1.3346666666666667,True,1.0,0.28157725135548484,0.2686973073307328,0.27513727934310883,0.7693927623763129,-0.08976851851851853,-0.08884259259259253,0.3520878858186044,0.23672024817949738,0.21181456055111783,0.3576031551081035,0.01287994402475201,0.0009259259259259967,0.017274128507172835,0.3775066293969814,0.12371721230319492,0.10873850303168231,0.0,0.9999999987499999,0.5377316357480492,0.28060653818020015,0.38484235145958595,0.39341132228695636,surprised,08,17,17,male,strong,2037
50,1.6683333333333334,True,1.0,0.5963624044218024,0.5665525249658827,0.5814574646938426,0.3923076798660843,-0.06671296296296303,-0.062407407407407356,0.37181895198468085,0.030649037489537758,0.21875139508483712,1.4821465256360145,0.02980987945591973,0.0043055555555556735,0.001389635490873903,0.6328124999999997,0.12712949790551722,0.1065323467288119,0.0,0.9999999987499999,0.5354980105323379,0.2814616134176359,0.38330098757857534,0.4014352429528184,surprised,08,17,17,male,strong,2037
60,2.0020000000000002,True,1.0,0.6363692243445371,0.6275959766653582,0.6319826005049476,1.3751882861034896,-0.06657407407407406,-0.06365740740740733,0.2962815750591882,0.5408043821755302,0.21463452564928698,0.4595607793429007,0.008773247679178975,0.002916666666666734,0.009614773256069804,0.2341180918477642,0.12030919282257725,0.11096293640577963,0.0,0.9999999987499999,0.5309280772777861,0.28340956007245505,0.37264159115153483,0.39360442739393714,surprised,08,17,17,male,strong,2037
70,2.3356666666666666,True,1.0,0.650539224537419,0.6024575607105157,0.6264983926239673,0.933802200074185,-0.07166666666666677,-0.07013888888888875,0.3448616545269143,0.3550633094907419,0.22292522283277727,0.670911240704076,0.048081663826903265,0.0015277777777780166,0.0006744020248414487,0.30894009345695445,0.12395113067406931,0.10759000013220338,0.0,0.9999999987499999,0.5354304999577957,0.28145419406573435,0.3754813350662594,0.39583270264807124,surprised,08,17,17,male,strong,2037
80,2.6693333333333333,True,1.0,0.6143452247171435,0.6129423194053404,0.613643772061242,0.7724373364734863,-0.06870370370370366,-0.06648148148148164,0.3380940024775806,0.35232268250578486,0.2131948023049951,0.7944253120425194,0.0014029053118030932,0.0022222222222220145,0.002597467255173929,0.3947176226404621,0.12627891472845026,0.10521090491986777,0.0,0.9999999987499999,0.5413777722104467,0.28442212323892235,0.39913880715659567,0.4139167778816833,surprised,08,17,17,male,strong,2037
90,3.003,True,1.0,0.6235081526780444,0.6366792732154334,0.6300937129467389,0.7435508424831765,-0.06814814814814807,-0.06597222222222227,0.3327582544134762,0.36489069121859535,0.20833369954394895,0.8474117396497944,0.013171120537389003,0.0021759259259258035,0.0023262353538611503,0.4062499999999995,0.12679966491914849,0.10476472566429297,0.0,0.9817522863402942,0.5424380787314926,0.28571052995194324,0.3928204081906064,0.41193057836010005,surprised,08,17,17,male,strong,2037
100,3.336666666666667,True,1.0,0.627540880634215,0.6143452247171435,0.6209430526756792,0.773520403218323,-0.06499999999999989,-0.06342592592592594,0.32321175068408126,0.3795773828210424,0.20347222222222222,0.8027494169412626,0.013195655917071503,0.00157407407407395,0.00029458041989053875,0.4062279613204059,0.12469265308450997,0.1069080779829136,0.0,0.9999999987499999,0.54600113674376,0.285948310329916,0.3936810406633486,0.4141991346506696,surprised,08,17,17,male,strong,2037
0,0.0,True,1.0,0.43697848075955226,0.44937119325453767,0.44317483700704496,0.7336882635812436,-0.08777777777777779,-0.08907407407407408,0.36821850980555915,0.2867454329145019,0.21042246794808087,0.6040369718384773,0.012392712494985414,0.0012962962962962954,0.004244429160701786,0.34955035298176357,0.1271635546087646,0.10773675394008596,0.0,0.8638760223438516,0.6213416227819253,0.29023542819975323,0.28933293171238256,0.40870483854850376,neutral,01,18,18,female,normal,2038
10,0.33366666666666667,True,1.0,0.48016002588953194,0.4786869092831767,0.47942346758635435,0.7176439281138262,-0.08657407407407414,-0.08847222222222217,0.36367562509355283,0.2911033121854091,0.21181456055111783,0.6680520085307717,0.0014731166063552403,0.0018981481481480378,0.0014198580828078033,0.37192019487189126,0.12450789616220131,0.11079513330098169,0.0,0.7517228656596703,0.6216110884119274,0.2906771745892907,0.28577207897505263,0.40791086577722835,neutral,01,18,18,female,normal,2038
20,0.6673333333333333,True,1.0,0.477342497824851,0.46959172692312,0.47346711237398553,0.732971536827316,-0.0862962962962962,-0.08787037037037032,0.3685652346065653,0.29312730060802533,0.21251759175804866,0.64595565937444,0.007750770901730986,0.0015740740740741166,0.002568785173798465,0.3583410534289074,0.12294671397083191,0.11252503407542602,0.0,0.7630314082236762,0.618743081943715,0.2911418477969114,0.2824140607003427,0.40750851914486613,neutral,01,18,18,female,normal,2038
30,1.0010000000000001,True,1.0,0.4731351534639575,0.45016783143550204,0.4616514924497298,1.0111444749984393,-0.08722222222222231,-0.08763888888888893,0.36041372774102015,0.3894160138479344,0.21181131879681864,0.4565633337910909,0.022967322028455472,0.0004166666666666208,0.0038600961559874586,0.2660396114517982,0.12503303965007642,0.11020216316323918,0.0,0.7251140936219054,0.6202899771236621,0.2910486439806423,0.2941482936542035,0.4161182167585102,neutral,01,18,18,female,normal,2038
40,1.3346666666666667,True,1.0,0.48672390731777143,0.4560758599683434,0.4713998836430574,0.9776316632649158,-0.08800925925925929,-0.08990740740740738,0.3566193167022261,0.3648906912185952,0.20903106270057484,0.48218557290663244,0.030648047349428054,0.0018981481481480933,0.00025378580993941845,0.2852112676056334,0.12406205111483012,0.11129413840399627,0.0,0.697190704068591,0.6197161456301272,0.2912500719670501,0.29301159435706625,0.41184513160285335,neutral,01,18,18,female,normal,2038
50,1.6683333333333334,True,1.0,0.48672390731777143,0.462800856324434,0.47476238182110275,0.920653381216033,-0.08791666666666659,-0.08930555555555558,0.3724164153945777,0.36821380243484336,0.20972549626796155,0.5156798329399703,0.023923050993337414,0.001388888888888995,0.0027171195727702857,0.2906556905061094,0.12117868323921135,0.11426023170938415,0.0,0.9999999987499999,0.6210249846891882,0.29144981755132787,0.2894778436590185,0.4192628831664581,neutral,01,18,18,female,normal,2038
60,2.0020000000000002,True,1.0,0.4734398400987872,0.47207461462781214,0.47275722736329967,0.9012979817038405,-0.08708333333333329,-0.08861111111111108,0.37284933614346333,0.3722628836058685,0.2097254962679616,0.5245293309872784,0.0013652254709750622,0.0015277777777777946,0.0018293181537741403,0.2853166063371524,0.12402460118609585,0.11133587054796368,0.0,0.6895889424338065,0.6206640191232743,0.29124976815785125,0.29042416803488047,0.41162511403801544,neutral,01,18,18,female,normal,2038
70,2.3356666666666666,True,1.0,0.49406113409320646,0.47695251489147905,0.4855068244923427,0.9670464007118247,-0.08763888888888893,-0.08925925925925926,0.3415484775316911,0.39107156177471486,0.2118087973980617,0.5020512191917268,0.017108619201727404,0.0016203703703703276,0.006119351463772664,0.2812403779529492,0.1239618885646613,0.11140569084830759,0.0,0.732801476596448,0.6202759874496674,0.29063768602523826,0.2870616028974963,0.40693070644033935,neutral,01,18,18,female,normal,2038
80,2.6693333333333333,True,1.0,0.5067434484970882,0.4975296432871856,0.5021365458921369,0.7262196740502669,-0.08726851851851847,-0.08796296296296297,0.36114036521099435,0.33621281206030834,0.21111689330988617,0.6914389183256696,0.009213805209902615,0.0006944444444444975,0.006031050331779261,0.3541666666666662,0.12412497253409101,0.11122395858553578,0.0,0.782904434906223,0.6178382648606318,0.2899331424416943,0.28141199801137406,0.40535430544390844,neutral,01,18,18,female,normal,2038
90,3.003,True,1.0,0.4301559158171849,0.40882862902948486,0.41949227242333487,0.7367413083293368,-0.0905555555555555,-0.09134259259259264,0.3540815728190822,0.33426226026053313,0.21042573109859142,0.5693888311686931,0.021327286787700017,0.0007870370370371416,0.0010361002897391182,0.3858612995268703,0.12612054096850578,0.10895589436118959,0.0,0.6905980143018321,0.6163383099333484,0.290552011423757,0.28273996752323016,0.402468776774815,neutral,01,18,18,female,normal,2038
100,3.336666666666667,True,1.0,0.4988806184340005,0.4833876459147687,0.4911341321743846,0.7282370553291285,-0.08671296296296294,-0.08810185185185188,0.3659078924746727,0.3243286658793608,0.21180699638057293,0.674415190191627,0.015492972519231818,0.0013888888888889395,0.006077736711179128,0.3685533874250644,0.12550136464616,0.10966852439130623,0.0,0.6889052870493005,0.6160069926251752,0.2904581108435354,0.2856548866272307,0.4078422690460507,neutral,01,18,18,female,normal,2038
0,0.0,True,1.0,0.5211468121097679,0.4979115109268063,0.5095291615182871,0.7233149372833981,-0.08916666666666667,-0.08842592592592585,0.3703362449573065,0.31561183065843734,0.21180879739806174,0.7044361110969996,0.023235301182961576,0.0007407407407408195,0.0004952185603886258,0.3579358264179757,0.12337956562242848,0.11205025906555936,0.0,0.6837505995764798,0.6178133399219063,0.29042847386173853,0.28571537893838395,0.4077751840349778,neutral,01,18,18,female,normal,2039
10,0.33366666666666667,True,1.0,0.49366838935596447,0.484136028575925,0.4889022089659447,0.734161077233865,-0.08902777777777776,-0.08949074074074076,0.36192926418896537,0.3203444442253589,0.21250143611647077,0.6659331638882379,0.00953236078003944,0.0004629629629629983,0.003822707138546018,0.35793582641797644,0.125512565694818,0.10965570492595159,0.0,0.6951564602715057,0.6165542502391582,0.2907323695674412,0.29075616452031505,0.41001011700665296,neutral,01,18,18,female,normal,2039
20,0.6673333333333333,True,1.0,0.4656938201854064,0.4629394421257702,0.4643166311555883,0.7368737505463876,-0.08638888888888879,-0.08736111111111106,0.3701471402706124,0.3092238060328588,0.20902923774983853,0.6301169376861372,0.0027543780596361866,0.0009722222222222632,0.0032191184004278783,0.36160714285714274,0.12472471772165816,0.11055099528795545,0.0,0.7059726577309992,0.6168589380439676,0.2904898681494563,0.28984552413759435,0.4085838682498784,neutral,01,18,18,female,normal,2039
30,1.0010000000000001,True,1.0,0.5022226210065838,0.46421872059740693,0.4832206708019954,1.0635872912959234,-0.08870370370370367,-0.08944444444444438,0.3627645678934029,0.44428329889576523,0.20625036990970616,0.4543309935691477,0.03800390040917684,0.0007407407407407085,0.00092441181554815,0.2563291139240509,0.12279246709485703,0.11269333518219274,0.0,0.7722418237725998,0.6158277705926121,0.2910650623435714,0.2946767055905842,0.419150336459817,neutral,01,18,18,female,normal,2039
40,1.3346666666666667,True,1.0,0.5126959924316079,0.4988622293751004,0.5057791109033541,0.9869662815890055,-0.08888888888888885,-0.09162037037037041,0.3641599944301805,0.42011540171194417,0.20903106270057487,0.5124583487179066,0.01383376305650752,0.002731481481481557,0.007856862162868431,0.26638258080797494,0.12373867669072018,0.1116535608964692,0.0,0.7592227078929585,0.6174920359784538,0.29963535518665424,0.29000465662607605,0.4058548176579891,neutral,01,18,18,female,normal,2039
50,1.6683333333333334,True,1.0,0.5221799601681505,0.498516117056928,0.5103480386125392,0.9979521601385948,-0.09004629629629629,-0.090324074074074,0.37577644456535053,0.4276481417208423,0.20833333333333331,0.5113952942811031,0.023663843111222493,0.0002777777777777102,0.007088144633677567,0.2556545331840788,0.12402885052093963,0.11133113674218298,0.0,0.8591254699950085,0.6200409706929647,0.29925301306545116,0.2940676200349746,0.4125629981388316,neutral,01,18,18,female,normal,2039
60,2.0020000000000002,True,1.0,0.507377062333394,0.49754798322429844,0.5024625227788462,0.887706637568591,-0.0905555555555555,-0.0905555555555555,0.37309403698597665,0.3916218827625602,0.20833369954394895,0.5660231674678923,0.009829079109095529,0.0,0.0053081384887202045,0.30640878414029166,0.12167971192638206,0.1138939220297978,0.0,0.7071067807446058,0.6199419944931098,0.2981957768701426,0.2813428873411884,0.3981857373021397,neutral,01,18,18,female,normal,2039
70,2.3356666666666666,True,1.0,0.5443855132700777,0.49705678040310036,0.520721146836589,0.9670133163883836,-0.09018518518518526,-0.09157407407407409,0.34250038722217846,0.4195131299037837,0.20902814277174903,0.5384839464066394,0.04732873286697731,0.0013888888888888284,0.000932279995607497,0.27297794117647095,0.1245098624001448,0.11079292366959677,0.0,0.712671559345089,0.6180487425282615,0.2993867656157549,0.2852523272350226,0.39878262164994493,neutral,01,18,18,female,normal,2039
80,2.6693333333333333,True,1.0,0.4726855485771618,0.4570157208882117,0.46485063473268673,0.8212509464436878,-0.09217592592592594,-0.09416666666666662,0.3607695275390433,0.4038939080870596,0.20763925632428706,0.5660275178319821,0.01566982768895009,0.001990740740740682,0.0038095110312312704,0.3227459016393446,0.12594662047829475,0.1091568896603626,0.0,0.686100103818003,0.618992411355167,0.29719247611019745,0.28048148381465465,0.39310317472923045,neutral,01,18,18,female,normal,2039
90,3.003,True,1.0,0.33881024846181335,0.3247744082685037,0.3317923283651585,0.7613299854419071,-0.0968518518518518,-0.09842592592592586,0.3615980375275941,0.3806464584048002,0.21041811700201482,0.4358062006090206,0.014035840193309668,0.001574074074074061,0.009934105354100341,0.35567875724426173,0.1228760709613738,0.11260217118203714,0.0,0.7149244642857894,0.6208107096354167,0.2973578872261603,0.2739813487391385,0.38970978183979776,neutral,01,18,18,female,normal,2039
100,3.336666666666667,True,1.0,0.23599111054270538,0.2189916254956968,0.2274913680192011,0.7941093124543778,-0.0995833333333333,-0.10254629629629625,0.3609116842010131,0.396982495165687,0.20625,0.2864736182429175,0.016999485047008572,0.002962962962962945,0.005378401927051745,0.3435761285674825,0.12465610345609712,0.11062835821469456,0.0,0.7313727967544779,0.6201995323051095,0.29808081259546915,0.27704383583603204,0.39102032141392284,neutral,01,18,18,female,normal,2039
0,0.0,True,1.0,0.4835767802901316,0.47247537316867044,0.478026076729401,0.7604631164877859,-0.09106481481481482,-0.09032407407407406,0.35183379446162216,0.3663283303724676,0.21254343823031943,0.6285986346545958,0.011101407121461182,0.000740740740740764,0.009841461480930097,0.3583410534289075,0.12438008708088855,0.11093859431099495,0.0,0.8234081850760457,0.6184886132812499,0.28725353204901677,0.2837581668958066,0.40067831113640956,neutral,01,18,18,female,normal,2040
10,0.33366666666666667,True,1.0,0.5067434484970882,0.4582938432252964,0.4825186458611923,0.7280845623525025,-0.0904166666666667,-0.09092592592592591,0.3533951693926938,0.3570931218862435,0.21254343823031943,0.66272335771292,0.04844960527179176,0.0005092592592592093,0.0067237132893173315,0.3824549128236419,0.12486130162791513,0.11039670794803792,0.0,0.908213071745223,0.6169301684736395,0.2878988161853802,0.28736416459156133,0.4008980599489712,neutral,01,18,18,female,normal,2040
20,0.6673333333333333,True,1.0,0.5477021243870213,0.5122354113986414,0.5299687678928313,0.7641821808863623,-0.09078703703703705,-0.09111111111111109,0.35665349667619534,0.3751923329454951,0.21043443258590483,0.6935110254443899,0.03546671298837989,0.0003240740740740322,0.009328987459257691,0.3514915797742394,0.1230453048121898,0.11241721724588098,0.0,0.9999999987499999,0.6172468151557498,0.2889332660361664,0.28357850865712797,0.40284008617076567,neutral,01,18,18,female,normal,2040
30,1.0010000000000001,True,1.0,0.5552482986632876,0.5410578059823115,0.5481530523227995,1.13555702739464,-0.09222222222222226,-0.09236111111111112,0.3326450060279469,0.5168105931735498,0.21041992990714242,0.48271732647408466,0.014190492680976163,0.0001388888888888551,0.004915346873332966,0.2091291774393077,0.1215249945540829,0.1140589911774362,0.0,0.6862034128940625,0.6207601271915016,0.29911948274576583,0.28555116034444933,0.4041884348318896,neutral,01,18,18,female,normal,2040
40,1.3346666666666667,True,1.0,0.5344783226875731,0.506373966223442,0.5204261444555076,0.9783766405977744,-0.08976851851851847,-0.09180555555555553,0.3473373439392357,0.44724345321821557,0.21181456055111783,0.531928219522427,0.02810435646413112,0.0020370370370370594,0.008387823142036855,0.2651700101944747,0.12386889270984897,0.11150908119514731,0.0,0.8031886429830856,0.6223282057354191,0.2981732675625134,0.2906544649443193,0.40182408254578594,neutral,01,18,18,female,normal,2040
50,1.6683333333333334,True,1.0,0.5365285970091934,0.5123506322487111,0.5244396146289523,1.0370969822287033,-0.09273148148148141,-0.09361111111111109,0.36778092292772563,0.4594733465570201,0.20972549626796166,0.5056803978948436,0.024177964760482284,0.0008796296296296746,0.0057808552292327306,0.24208860759493725,0.12223653354530264,0.11329610600863037,0.0,0.7443855251406256,0.6196532353253802,0.2985988434980696,0.28993423247100225,0.4064979891317779,neutral,01,18,18,female,normal,2040
60,2.0020000000000002,True,1.0,0.5207765658464848,0.5287585556017341,0.5247675607241095,0.9539107681935529,-0.09092592592592585,-0.09194444444444438,0.3674829859639845,0.43719576013652445,0.20903690243586584,0.5501222737194552,0.00798198975524933,0.0010185185185185297,0.004592443682366621,0.2815841335728289,0.12073567363907475,0.1148941899343676,0.0,0.7387305978540301,0.6189400966245874,0.2984919493303171,0.28443445340366474,0.40269262501267294,neutral,01,18,18,female,normal,2040
70,2.3356666666666666,True,1.0,0.5067434484970871,0.48600016806971924,0.49637180828340316,0.9638933223109906,-0.09060185185185182,-0.09180555555555553,0.35043426278837386,0.43373799144851877,0.21112881859473503,0.5149655016732793,0.02074328042736784,0.0012037037037037068,0.013016714838178813,0.27320546504885285,0.12471251225090729,0.11056476408960313,0.0,0.8377519193752212,0.6175403120076155,0.2983214679695587,0.28623952065421504,0.3973412704378005,neutral,01,18,18,female,normal,2040
80,2.6693333333333333,True,1.0,0.5629180408505222,0.5317682873752355,0.5473431641128789,0.7461798597338413,-0.09060185185185177,-0.09203703703703703,0.3634079841979773,0.39971904628367205,0.20695771609312438,0.7335271208045115,0.0311497534752867,0.0014351851851852615,0.003786399634943506,0.3515447659190731,0.12403992026348648,0.11131880322345739,0.0,0.7071067807446058,0.6170521537130478,0.29603010995794676,0.27910414747813594,0.39522824340880497,neutral,01,18,18,female,normal,2040
90,3.003,True,1.0,0.5137001780182838,0.5053475873163754,0.5095238826673296,0.7490319188429675,-0.08874999999999994,-0.09115740740740741,0.3663016734448947,0.3876379955325248,0.20695034306004367,0.6802432177448368,0.008352590701908413,0.002407407407407469,0.00927570344006182,0.355678757244261,0.12252341605113566,0.11298579684624514,0.0,0.7958668908761248,0.6180346978166267,0.29694968514563375,0.27899803155371855,0.39497649773613425,neutral,01,18,18,female,normal,2040
100,3.336666666666667,True,1.0,0.5756983893181612,0.5317682873752355,0.5537333383466984,0.7609662262564391,-0.09152777777777776,-0.09111111111111109,0.3605302471622602,0.387082870105642,0.2097353180985255,0.7276713725795434,0.04393010194292568,0.0004166666666666763,0.010908180725017064,0.35562681662807577,0.12452248784690147,0.11060661753675355,0.0,0.7106982639770546,0.6169880289694002,0.2963353015313702,0.28239875572887163,0.39452864778118113,neutral,01,18,18,female,normal,2040
0,0.0,True,1.0,0.5148571673720734,0.5189915904972131,0.5169243789346433,0.7519099593941405,-0.08708333333333329,-0.08819444444444435,0.3648173195780677,0.2819093541071259,0.2138945959961903,0.6874817555963225,0.004134423125139675,0.0011111111111110628,0.005641974158835395,0.33188690167982965,0.1252053171819382,0.11000639217539207,0.0,0.682751501864699,0.6134359647843511,0.2934809625155179,0.29153684614349035,0.4158890874903798,neutral,01,18,18,female,normal,2041
10,0.33366666666666667,True,1.0,0.3872818491332887,0.37249661654382155,0.37988923283855514,0.7439331783425369,-0.09171296296296289,-0.09203703703703692,0.36203681869247767,0.2840472135489689,0.21528096733328264,0.5106496710967215,0.014785232589467179,0.0003240740740740322,0.001837206324037931,0.3482022899274836,0.120134360075493,0.11552278259608201,0.0,0.8198655021393152,0.615946374362245,0.2925187861469336,0.2786287561842872,0.40208733816817716,neutral,01,18,18,female,normal,2041
20,0.6673333333333333,True,1.0,0.47204979878279046,0.4917247965415357,0.4818872976621631,0.7545973104198772,-0.08731481481481479,-0.08921296296296294,0.37097480429036384,0.29785285641982023,0.21180699638057293,0.6386019284829265,0.01967499775874526,0.0018981481481481488,0.005320776493325175,0.3359683068576792,0.12253057909683744,0.11297802864231266,0.0,0.8303751216972424,0.6165179512977066,0.290988074197812,0.2857991770262315,0.40799079996887505,neutral,01,18,18,female,normal,2041
30,1.0010000000000001,True,1.0,0.47866157743980253,0.4646106882778977,0.4716361328588501,1.0473360955614244,-0.08884259259259253,-0.08972222222222226,0.351619159278606,0.41194061192070497,0.2111143636174089,0.45031975395255486,0.014050889161904834,0.0008796296296297301,0.0013284004291151084,0.26283101418932536,0.12348817795485056,0.1119305484454575,0.0,0.6763889590973682,0.618163706044918,0.2917905147245334,0.29617679440021644,0.4135503196285845,neutral,01,18,18,female,normal,2041
40,1.3346666666666667,True,1.0,0.5012279443341607,0.47695251489147844,0.48909022961281956,0.9356427878160375,-0.08689814814814817,-0.08953703703703708,0.3611761689638345,0.3728887205839432,0.21319587588304287,0.5227317903603428,0.024275429442682295,0.002638888888888913,0.001799170268128868,0.2938261253610449,0.12155081984848559,0.11403146918204286,0.0,0.6897334023364105,0.6172113862185499,0.29157237771059014,0.28880926270514296,0.4083771723614055,neutral,01,18,18,female,normal,2041
50,1.6683333333333334,True,1.0,0.47301591473525917,0.47301591473525967,0.4730159147352594,0.8999354957948528,-0.08726851851851852,-0.08865740740740741,0.38094854523685256,0.3535346734730244,0.21111689330988617,0.525610909832461,4.996003610813204e-16,0.001388888888888884,0.0011442456084448675,0.29868143204563563,0.12137849914241551,0.11421487519379091,0.0,0.7799993207029684,0.6203411246139081,0.2909716189036446,0.2952028657518971,0.4183115911123418,neutral,01,18,18,female,normal,2041
60,2.0020000000000002,True,1.0,0.520776565846486,0.4917247965415369,0.5062506811940115,0.8877977412555371,-0.08749999999999997,-0.08930555555555558,0.3731117383697856,0.35245969448630404,0.21041992990714237,0.5702319995521323,0.029051769304949127,0.0018055555555556158,0.0033147901199076907,0.29811620917029086,0.12353822857693007,0.11187530491557614,0.0,0.7674481339279152,0.6210927464579583,0.2905298570757886,0.2947869588539873,0.41384665510386087,neutral,01,18,18,female,normal,2041
70,2.3356666666666666,True,1.0,0.49487745466026756,0.4863045160391997,0.49059098534973367,0.9586100822878131,-0.08842592592592591,-0.08930555555555558,0.3464596708157528,0.37356320727223674,0.21250574440765121,0.5117732375387626,0.008572938621067838,0.0008796296296296746,0.003939939951084985,0.281624569897037,0.12206785027406863,0.11347782910853164,0.0,0.6969395617601448,0.6171931896352292,0.29125400017724695,0.28333839352494533,0.4014875785388034,neutral,01,18,18,female,normal,2041
80,2.6693333333333333,True,1.0,0.5087472882037882,0.49917856561666585,0.503962926910227,0.7208141029927518,-0.08731481481481485,-0.08837962962962959,0.3639070197309815,0.3069967590493025,0.21041992990714237,0.6991579726559466,0.00956872258712238,0.0010648148148147407,0.0026187836337029915,0.3546312410274009,0.12273279649600563,0.11275831869096513,0.0,0.869317494880522,0.6166176339520183,0.28910337259654934,0.282983909063362,0.4032436901403813,neutral,01,18,18,female,normal,2041
90,3.003,True,1.0,0.2966040552642382,0.2819612952656281,0.2892826752649331,0.7075957979855325,-0.09379629629629621,-0.09546296296296297,0.37549754230906296,0.2830383191942128,0.21250143611647077,0.4088247500741204,0.014642759998610144,0.0016666666666667607,0.0006451794051186625,0.3584160084649766,0.12358743211395211,0.1118209479179232,0.0,0.8617462483437694,0.6175589720653887,0.2903419463364657,0.28236134196038537,0.4000620157906894,neutral,01,18,18,female,normal,2041
100,3.336666666666667,True,1.0,0.48672390731777143,0.5053694052405306,0.496046656279151,0.7135176982034864,-0.08800925925925929,-0.08962962962962961,0.38129592176246646,0.2866233862153403,0.212503231248411,0.6952128272754976,0.018645497922759213,0.0016203703703703276,0.0029205276683519207,0.35194471094578994,0.12201278672366071,0.11336910380654759,0.0,0.7818862868515533,0.618529083367722,0.29013476900693863,0.28354822978545774,0.4062312189658784,neutral,01,18,18,female,normal,2041
0,0.0,True,1.0,0.513060493808679,0.4975220454433664,0.5052912696260228,0.6696961850646509,-0.08759259259259261,-0.08796296296296302,0.3898706828751845,0.2374253216648427,0.22083886097641675,0.7545082096850277,0.015538448365312596,0.00037037037037040976,0.017006618056689488,0.3681625643156316,0.12568855714457505,0.10945393722056737,0.0,0.6997747092708206,0.5797084728657088,0.2883633282418661,0.31270109379363287,0.41491870139207154,calm,02,18,18,female,normal,2042
10,0.33366666666666667,True,1.0,0.509730714119427,0.49402377221391675,0.5018772431666719,0.6772486772486777,-0.08814814814814825,-0.0864814814814816,0.3924102589575055,0.21768707482993213,0.22084197021485014,0.7410531168632886,0.015706941905510308,0.0016666666666666496,0.01842939697386566,0.3816964285714287,0.12523789861737658,0.10996929807904303,0.0,0.6847463750351653,0.5792735692949055,0.28810407209457495,0.3125362557027029,0.4157418644123811,calm,02,18,18,female,normal,2042
20,0.6673333333333333,True,1.0,0.45137566021295644,0.4463605041680135,0.44886808219048496,0.6114981413506742,-0.08064814814814819,-0.08171296296296299,0.41910483439679147,0.13588110403397066,0.214596132557199,0.7340465192568326,0.005015156044942959,0.0010648148148147962,0.01847849592432571,0.43786799571019414,0.12556810697308174,0.1095920995384949,0.0,0.7071067807446058,0.5791197092821504,0.2887506103083508,0.31883757970998533,0.4150112440909504,calm,02,18,18,female,normal,2042
30,1.0010000000000001,True,1.0,0.38920265739873194,0.365622013560457,0.37741233547959446,0.7785251915972741,-0.07990740740740737,-0.08087962962962963,0.45207781394025087,0.1998685075608154,0.20834651650997263,0.484778578205376,0.02358064383827496,0.0009722222222222632,0.02130906348970242,0.3498827649276246,0.12407880306568303,0.11127546180400814,0.0,0.7529387629449714,0.5808630260463561,0.28995834027183937,0.3317672080110149,0.4413105365193681,calm,02,18,18,female,normal,2042
40,1.3346666666666667,True,1.0,0.3470883405044164,0.34690209804915095,0.3469952192767837,0.8382669758450662,-0.08111111111111119,-0.08370370370370372,0.42034082638207654,0.28872883626538703,0.2097455032147939,0.41394356365640433,0.0001862424552654396,0.0025925925925925353,0.02583516436146218,0.31180414732367273,0.12337983392341974,0.11204996363630958,0.0,0.6766917709686558,0.5816786917266906,0.2890465831515014,0.3221310502384824,0.4202651247934697,calm,02,18,18,female,normal,2042
50,1.6683333333333334,True,1.0,0.4303895422254761,0.41901156557074704,0.42470055389811157,0.9114540343813953,-0.08342592592592596,-0.08606481481481476,0.42686332439463914,0.3111111111111108,0.21320339077801023,0.4659593768613425,0.01137797665472906,0.002638888888888802,0.0203816821579814,0.2951104266786015,0.12460972295899309,0.11068059773083641,0.0,0.8245914580586506,0.5799343448863921,0.2896825346900999,0.33326855027925606,0.4450839709444603,calm,02,18,18,female,normal,2042
60,2.0020000000000002,True,1.0,0.4240524029459943,0.40473623215165067,0.4143943175488225,0.7914928138967301,-0.08175925925925925,-0.08430555555555552,0.4379122156972759,0.2438881100493814,0.21181456055111775,0.5235604294480563,0.019316170794343612,0.0025462962962962687,0.026082062978526728,0.35435738850988935,0.124323141992,0.11100240598814809,0.0,0.7769552806381896,0.578811002096151,0.28937282413023935,0.3305490703566892,0.44027827927366076,calm,02,18,18,female,normal,2042
70,2.3356666666666666,True,1.0,0.3805184760300716,0.35801442299122394,0.3692664495106478,0.7652817683064786,-0.07874999999999993,-0.08226851851851852,0.4458051286820804,0.24434572899620538,0.21181456055111783,0.4825235159172963,0.02250405303884767,0.0035185185185185874,0.023936082138972324,0.3750740165837807,0.12331515886788659,0.11212113700502327,0.0,0.7589040554910871,0.5782183394842312,0.29003600601557816,0.3356401885736297,0.44448086972805056,calm,02,18,18,female,normal,2042
80,2.6693333333333333,True,1.0,0.31952081730135473,0.32947438566121734,0.32449760148128604,0.6680351765593908,-0.07861111111111113,-0.08152777777777775,0.4576819916723073,0.17465804235603108,0.21250897556871717,0.48574927319330613,0.009953568359862608,0.002916666666666623,0.022083833617460816,0.4241745326976089,0.12570398007098857,0.10943622418723972,0.0,0.9222283401516185,0.5756725231108069,0.2888161415612655,0.32941023638906286,0.42326692776347374,calm,02,18,18,female,normal,2042
90,3.003,True,1.0,0.1196530755814681,0.12573833635678766,0.12269570596912788,0.6032582977695806,-0.0929166666666667,-0.09416666666666668,0.44704154967522514,0.18517481763478055,0.21251292469885805,0.20338834363782343,0.0060852607753195675,0.0012499999999999734,0.01948201135302366,0.4538589782486316,0.12532260373371892,0.1098727571487175,0.0,0.8961895450342179,0.5751967483634078,0.28884743451815337,0.3148603004261813,0.4035882212903003,calm,02,18,18,female,normal,2042
100,3.336666666666667,True,1.0,0.3500413870087851,0.3274347870494556,0.33873808702912034,0.6067559344760157,-0.08124999999999988,-0.08425925925925931,0.4357000631153805,0.18960166484922603,0.21459613255719906,0.558277336540019,0.02260659995932951,0.0030092592592594336,0.018752603990504695,0.4419419914411197,0.12395661287582448,0.1114115608641999,0.0,0.802493405879477,0.5778573728319453,0.28874481225940707,0.31437913060944317,0.4102878666740992,calm,02,18,18,female,normal,2042
0,0.0,True,1.0,0.4717532000217586,0.4346419090470182,0.45319755453438837,0.7386298324658457,-0.08999999999999991,-0.08875,0.38020471475284734,0.281668067464082,0.2138888888888889,0.6135651914050524,0.03711129097474036,0.0012499999999999178,0.01743398251713094,0.35314514016011206,0.12436939739551357,0.11095057801343992,0.0,0.6898727355010137,0.5937722597554648,0.28870344255812097,0.3051206380468106,0.41314730076025385,calm,02,18,18,female,normal,2043
10,0.33366666666666667,True,1.0,0.4860001680697186,0.45274204602483875,0.4693711070472787,0.7184827175744493,-0.09023148148148147,-0.09069444444444447,0.3796476859422319,0.28989996330456125,0.2138892455875566,0.6532809983681235,0.03325812204487982,0.0004629629629629983,0.01624009628174575,0.3552458603764154,0.12490339753951755,0.1103490781708108,0.0,0.7078932567047862,0.5927299409216813,0.28817774008994534,0.3083812362041197,0.4123774070599895,calm,02,18,18,female,normal,2043
20,0.6673333333333333,True,1.0,0.23274873175011473,0.22200135695626189,0.2273750443531883,0.7454025007257817,-0.09782407407407412,-0.09791666666666671,0.3833659861625218,0.279525937772169,0.2138920991554833,0.3050365998662445,0.010747374793852849,9.259259259258856e-05,0.013320023122109104,0.3374999999999993,0.1253296136524164,0.10986476101028088,0.0,0.6761343952435127,0.5926257248133627,0.2880324152351325,0.30709996089303854,0.4049998392278533,calm,02,18,18,female,normal,2043
30,1.0010000000000001,True,1.0,0.4444103096051181,0.421551582740053,0.43298094617258553,0.7915060438193542,-0.10060185185185189,-0.10337962962962954,0.38905363120122516,0.28006088280060876,0.22709542805138166,0.5470342893192172,0.022858726865065127,0.002777777777777657,0.012596148592092184,0.32919350492648164,0.12109652102117031,0.1141805695857844,0.0,0.6933751780874711,0.5920275569524686,0.28902065446139824,0.31048853926541253,0.414837234356622,calm,02,18,18,female,normal,2043
40,1.3346666666666667,True,1.0,0.3751568842549223,0.3673597058628418,0.371258295058882,0.7999001684532945,-0.08430555555555558,-0.08652777777777776,0.42773917487581326,0.24438411013661582,0.21597363525015603,0.4641307874415825,0.007797178392080495,0.002222222222222181,0.012250458407774356,0.3283787303457967,0.12228384677829555,0.11324503780170511,0.0,0.9999999987499999,0.5867317688716112,0.2911669726135553,0.32979343164071157,0.43736942559828745,calm,02,18,18,female,normal,2043
50,1.6683333333333334,True,1.0,0.4293510521486884,0.4153794694201904,0.42236526078443937,0.8282000235406941,-0.08620370370370367,-0.08541666666666664,0.4304637602748068,0.23739063513728148,0.21672616777389872,0.5099797739424795,0.013971582728498022,0.0007870370370370305,0.0021372534772312536,0.31496456847895743,0.12410075751688034,0.11125097641657712,0.0,0.8354426217961046,0.582603361758766,0.2909055373470611,0.34554047154810114,0.447398602723045,calm,02,18,18,female,normal,2043
60,2.0020000000000002,True,1.0,0.39849295932725054,0.3829069737863609,0.3906999665568057,0.7618579695409757,-0.08337962962962958,-0.08319444444444446,0.43632924288009467,0.20678334413190735,0.21414876455956755,0.5128252012539882,0.015585985540889635,0.00018518518518512161,0.012228740045131295,0.3306901581245756,0.12113374861426976,0.11447441948434409,0.0,0.677288364203743,0.5874562726184224,0.29134586594099554,0.33669570984122305,0.4398860582488388,calm,02,18,18,female,normal,2043
70,2.3356666666666666,True,1.0,0.3412283948026549,0.34740522721848627,0.34431681101057054,0.7690205452787645,-0.0816203703703704,-0.08162037037037034,0.44424835097056614,0.22961005263260592,0.21475534797417026,0.4477342161070068,0.00617683241583139,5.551115123125783e-17,0.007324662926582731,0.36173824075332783,0.12246438750713315,0.11304977471110271,0.0,0.7028926783443725,0.5829327187203006,0.29097963099770957,0.3396340895557503,0.4466705890614007,calm,02,18,18,female,normal,2043
80,2.6693333333333333,True,1.0,0.3138519357926071,0.3142403228647613,0.3140461293286842,0.6938826640460083,-0.08185185185185184,-0.08143518518518511,0.4667570717266714,0.19897425058720666,0.2125434382303195,0.45259255721636127,0.00038838707215416157,0.0004166666666667318,0.002900930197340868,0.4063826713750758,0.1243768385087627,0.11094223637748232,0.0,0.750938854553086,0.5857231901119824,0.2902724055757,0.33557105353410777,0.4323926090164269,calm,02,18,18,female,normal,2043
90,3.003,True,1.0,0.376182410619611,0.37618396269826154,0.37618318665893624,0.6099917921940785,-0.07837962962962958,-0.07819444444444446,0.44418390542852304,0.19794124265071572,0.21321734630882008,0.6167020466059774,1.5520786505462958e-06,0.00018518518518512161,0.002876073055401692,0.4650505213260666,0.12298866947006433,0.11247917563574053,0.0,0.8436944381669083,0.5842571222864146,0.28803267891225565,0.3207270073171427,0.41872413601848457,calm,02,18,18,female,normal,2043
100,3.336666666666667,True,1.0,0.422824303356889,0.4359866151324249,0.42940545924465695,0.6104832209511241,-0.08101851851851849,-0.08087962962962963,0.4282935243431173,0.18310666543596224,0.21390636642410643,0.7033861775523486,0.013162311775535951,0.0001388888888888551,0.002562774037378901,0.45319893437174563,0.1256744342338291,0.10947015278180139,0.0,0.8084835724194936,0.5840407912305547,0.28740624207752336,0.3191325848368152,0.41497420054986206,calm,02,18,18,female,normal,2043
0,0.0,True,1.0,0.4863623671973137,0.44596082606117204,0.46616159662924284,0.8823045267489712,-0.09402777777777771,-0.09430555555555553,0.3581429663068916,0.3687242798353907,0.21739620836739376,0.5283454663288526,0.04040154113614164,0.0002777777777778212,0.01988580763822162,0.29384328358208955,0.12607406631288198,0.10900966733910303,0.0,0.8876448376644248,0.5854681003964086,0.2857977028179343,0.307345752421953,0.40723191747079757,calm,02,18,18,female,normal,2044
10,0.33366666666666667,True,1.0,0.4849092885419493,0.4444629058157962,0.46468609717887277,0.8235622367407733,-0.0920833333333333,-0.0919907407407407,0.35984362962275995,0.352941176470588,0.21603191459856244,0.5642391994779365,0.040446382726153085,9.259259259258856e-05,0.01889843133770119,0.32297959853347363,0.12831525624757484,0.10636245946996092,0.0,0.6856395997418973,0.5849532563884929,0.2862256371223424,0.3132581264132854,0.4146688517364954,calm,02,18,18,female,normal,2044
20,0.6673333333333333,True,1.0,0.4927239003407851,0.47738270505457747,0.4850533026976813,0.723350157046867,-0.08300925925925928,-0.0841203703703704,0.3857217005537234,0.27584133740584077,0.21321734630881997,0.6705650064112089,0.015341195286207643,0.0011111111111111183,0.019626154233399046,0.3432047415027676,0.12555398025756073,0.10960828349871586,0.0,0.8007413115900514,0.5819782741768583,0.28617464779823437,0.3199242475409414,0.42716619343043044,calm,02,18,18,female,normal,2044
30,1.0010000000000001,True,1.0,0.5605822809418657,0.5170162982668051,0.5387992896043354,0.8675515920912332,-0.07722222222222219,-0.07898148148148149,0.4363732716283872,0.2384823848238483,0.21042573109859142,0.6210573463481978,0.04356598267506062,0.0017592592592592937,0.01843197290910711,0.31652790280196896,0.12363898463814342,0.11176394430883592,0.0,0.7752833249255123,0.5787724020702032,0.2898621239139897,0.33833582729060224,0.45070536924949633,calm,02,18,18,female,normal,2044
40,1.3346666666666667,True,1.0,0.43774201219822767,0.4216949076809065,0.4297184599395671,0.82039991316627,-0.07972222222222214,-0.08310185185185193,0.4113500003718926,0.28482631424518523,0.20902814277174903,0.5237914498078162,0.016047104517321165,0.003379629629629788,0.014311700544134179,0.3046503135105703,0.12637985455610953,0.10865500509720778,0.0,0.6463259741575057,0.5878605518770009,0.2937316355501502,0.3272578461624494,0.41738755909852254,calm,02,18,18,female,normal,2044
50,1.6683333333333334,True,1.0,0.16128588477095263,0.1618613463758894,0.161573615573421,0.8601826702262008,-0.09268518518518515,-0.09828703703703706,0.4052551761574595,0.3383290015862772,0.20486260077730523,0.1878363993672789,0.0005754616049367667,0.005601851851851913,0.017918261461298282,0.32276642910290637,0.12629437374743513,0.10875435131500318,0.0,0.8154837078959647,0.5852078718909438,0.2907209106425638,0.3158089519349001,0.41706893367537934,calm,02,18,18,female,normal,2044
60,2.0020000000000002,True,1.0,0.4429092258866144,0.43421812994957787,0.43856367791809614,0.8507338926525093,-0.08236111111111111,-0.08884259259259258,0.4353558976647782,0.32293255379896085,0.20903361760483902,0.5155121733197855,0.008691095937036541,0.006481481481481477,0.02702270913779962,0.3347554683210557,0.122776351190162,0.11271089281040526,0.0,0.9999999987499999,0.5830222169023859,0.2949762310207003,0.33122439243785023,0.4328577392007925,calm,02,18,18,female,normal,2044
70,2.3356666666666666,True,1.0,0.39555057598137133,0.3639030680973119,0.3797268220393416,0.7703974473758955,-0.08129629629629626,-0.08722222222222226,0.41913535450228884,0.2788979188103378,0.20972804271264525,0.4928973003905395,0.031647507884059456,0.005925925925926001,0.030910918937921295,0.3261380404916014,0.1268442576175786,0.1081124973340287,0.0,0.7128937795156591,0.584226067004927,0.2957662694411364,0.3356643448652534,0.4212739793644817,calm,02,18,18,female,normal,2044
80,2.6693333333333333,True,1.0,0.360032103863988,0.32683238795073455,0.34343224590736127,0.7083335143347549,-0.08263888888888887,-0.08648148148148149,0.45506835200151086,0.2206466399048254,0.2132234292030684,0.48484539974068896,0.033199715913253436,0.0038425925925926196,0.027567104098600383,0.4003870473263492,0.12651077267622235,0.10850254451864848,0.0,0.7032708519161329,0.5735787977456608,0.28851190519898995,0.33288859194341375,0.42891606776479474,calm,02,18,18,female,normal,2044
90,3.003,True,1.0,0.3047121964587897,0.29154934647541225,0.298130771467101,0.6941614000776519,-0.08060185185185192,-0.08384259259259264,0.44377558378902243,0.23656861824949496,0.21112881859473503,0.4294833614109784,0.013162849983377467,0.0032407407407407107,0.032117224499125206,0.4007236713460605,0.12581852261879375,0.10930451562576192,0.0,0.6974776138261584,0.5748422868131627,0.2876749507850352,0.32577067333183,0.41979088132479503,calm,02,18,18,female,normal,2044
100,3.336666666666667,True,1.0,0.3577056219298834,0.3386922102718246,0.348198916100854,0.6239946170626975,-0.08282407407407405,-0.08638888888888885,0.45041720491925064,0.21311388928332436,0.21320732704585418,0.5580158972202605,0.01901341165805881,0.0035648148148147984,0.02818332456371775,0.4314013521451781,0.1277430380470875,0.10704902615562126,0.0,0.6984939471540096,0.5748400392891532,0.28736342651370234,0.3264961595369992,0.4150540511213858,calm,02,18,18,female,normal,2044
0,0.0,True,1.0,0.4796581430277879,0.45579382771768795,0.4677259853727379,0.8227009285477052,-0.09050925925925918,-0.09212962962962962,0.362743878922051,0.3394056317275525,0.21673567235461483,0.5685249270332097,0.02386431531009997,0.0016203703703704386,0.02952998066415591,0.3317599791498752,0.12919570631237023,0.1052912495937264,0.0,0.5892790567024387,0.5841632896361669,0.2863482347520194,0.3116762253106545,0.41232707731960855,calm,02,18,18,female,normal,2045
10,0.33366666666666667,True,1.0,0.47971781305114714,0.43559968337496446,0.4576587482130558,0.7671250638899165,-0.09064814814814809,-0.09342592592592597,0.36941632290640775,0.31311891792379165,0.21533766265670737,0.5965894868463462,0.04411812967618267,0.002777777777777879,0.0383932209380659,0.3483351790434315,0.12825585948820167,0.10643407479514161,0.0,0.6689085465027637,0.5844250493556797,0.28674981628166474,0.31244204419624383,0.4124097690050375,calm,02,18,18,female,normal,2045
20,0.6673333333333333,True,1.0,0.6096066205755627,0.5658843737237993,0.5877454971496809,0.71871111648039,-0.08083333333333337,-0.08157407407407408,0.3769217052140322,0.30260047281323865,0.21323022752658174,0.8177771063677677,0.0437222468517634,0.0007407407407407085,0.021461168797144842,0.35567875724426173,0.12489117780943931,0.11036290805947828,0.0,0.8862152914306535,0.58371989117522,0.28690507671985865,0.31736250895125784,0.4340879863908653,calm,02,18,18,female,normal,2045
30,1.0010000000000001,True,1.0,0.1485190754506062,0.1371538865953715,0.14283648102298885,0.8870981810930278,-0.0956481481481481,-0.09865740740740736,0.4358548776277485,0.2379795552261106,0.21319587588304278,0.16101541415291204,0.011365188855234687,0.003009259259259267,0.00927071428317514,0.29519371999063754,0.12430163591442506,0.11085475691839822,0.0,0.6756197234405805,0.5807347912915166,0.2898429410027509,0.3301364848601278,0.43954880274544145,calm,02,18,18,female,normal,2045
40,1.3346666666666667,True,1.0,0.24233634485223632,0.2288608814252717,0.23559861313875402,0.7863795833081613,-0.09587962962962959,-0.09689814814814807,0.4196861996990057,0.2864668482051155,0.20766864904976146,0.2995990971022313,0.013475463426964623,0.0010185185185184742,7.364905319939437e-05,0.3214285714285705,0.12539207581334114,0.10979346562238403,0.0,0.6455752724205668,0.5894321195978391,0.29414377100060984,0.3162451834090936,0.40233289539669864,calm,02,18,18,female,normal,2045
50,1.6683333333333334,True,1.0,0.33338774131755683,0.34722222222222215,0.3403049817698895,0.9064856736968405,-0.09597222222222229,-0.09745370370370371,0.45774464132391957,0.2987221308086844,0.21252907946711813,0.3754113182859843,0.013834480904665325,0.001481481481481417,0.0016483815172290588,0.30765249614549056,0.12243645532017707,0.11308002554986081,0.0,0.690405364153703,0.5892930007159114,0.29677060125617505,0.32842454147891775,0.4305653502023518,calm,02,18,18,female,normal,2045
60,2.0020000000000002,True,1.0,0.31952081730135473,0.30543773964388626,0.31247927847262047,0.7663167916963752,-0.09268518518518531,-0.09282407407407411,0.4453892133143757,0.2873600274878601,0.20834248840561392,0.40776775591840203,0.014083077657468468,0.00013888888888879958,0.007881110948042006,0.3515517716550427,0.12636713838505578,0.10866979390147069,0.0,0.6816054292994779,0.5854896088200906,0.2940999182379858,0.3246985350076412,0.4158950618300365,calm,02,18,18,female,normal,2045
70,2.3356666666666666,True,1.0,0.14635543801850265,0.13505594518103628,0.14070569159976948,0.7793676888854564,-0.10199074074074072,-0.10300925925925936,0.43323367142754904,0.26519341230855376,0.2125290794671182,0.18053826660557,0.011299492837466368,0.0010185185185186407,0.0016024641918311842,0.3362142259429333,0.12554597101331744,0.10944351504258235,0.0,0.7071067807446058,0.5861727829960109,0.2941668297337753,0.32071651638039844,0.4097948199006114,calm,02,18,18,female,normal,2045
80,2.6693333333333333,True,1.0,0.3231151264696481,0.3274650414329367,0.3252900839512924,0.6907253451705153,-0.08819444444444446,-0.09023148148148141,0.45613516240996,0.190715948766188,0.21527813217516759,0.47093984059755317,0.004349914963288626,0.0020370370370369484,0.007477305227934423,0.39485781241467555,0.1253992541409008,0.10978526691145535,0.0,0.7026886326924835,0.5778084278711484,0.28791353569671013,0.3251808422456272,0.41443000908283983,calm,02,18,18,female,normal,2045
90,3.003,True,1.0,0.33189433109971844,0.33643550220998736,0.33416491665485293,0.6618071003052285,-0.0859259259259259,-0.0867592592592592,0.44650700837848867,0.16282555642430183,0.21875034877204338,0.5049279714598628,0.004541171110268916,0.0008333333333332971,0.004752018829274331,0.4288652725748033,0.12710875506926378,0.10780140145144801,0.0,0.9390144580289188,0.5767551777742347,0.2887501710106516,0.3264975355270181,0.4159651416489614,calm,02,18,18,female,normal,2045
100,3.336666666666667,True,1.0,0.3397232052350553,0.35026791986603956,0.3449955625505474,0.6446010043128796,-0.08453703703703702,-0.08574074074074078,0.44270428311018123,0.17435928805184486,0.21944444444444444,0.5352079196933609,0.010544714630984275,0.0012037037037037623,0.004390093761302904,0.43371156999476806,0.12643889901483057,0.10858629096710962,0.0,0.9410006910936585,0.5760246517435099,0.2880703581514522,0.3230028151837963,0.41146769473734834,calm,02,18,18,female,normal,2045
0,0.0,True,1.0,0.44389723230154454,0.3941063967921294,0.41900181454683694,0.6324613342320238,-0.09083333333333327,-0.09370370370370373,0.3968090224110016,0.26843726939910145,0.21529514256382773,0.662493961082406,0.049790835509415154,0.0028703703703704675,0.02818375728998921,0.4036520758769966,0.1250399039171349,0.11019437462278443,0.0,0.6962173719202143,0.5807929794808547,0.28816494382628854,0.30777979891763413,0.4093375099796448,calm,02,18,18,female,strong,2046
10,0.33366666666666667,True,1.0,0.4015324130578268,0.38949331210968835,0.39551286258375756,0.6401388738217504,-0.09064814814814814,-0.09402777777777771,0.4001454620245956,0.2607407407407409,0.21254343823031938,0.6178547792644912,0.012039100948138426,0.003379629629629566,0.031124636668365697,0.4065836307430434,0.12771785957118004,0.10707906479245562,0.0,0.7471152780844295,0.5785917365149185,0.28861418241414405,0.31316709792817715,0.41055873692229955,calm,02,18,18,female,strong,2046
20,0.6673333333333333,True,1.0,0.32374567527900744,0.3217171996979796,0.32273143748849353,0.7044541065583554,-0.08842592592592591,-0.09138888888888896,0.40917959146599336,0.26551226551226553,0.20974004696401627,0.4581298263207146,0.0020284755810278665,0.002962962962963056,0.02544405622865203,0.38749363309086227,0.12534363019520647,0.10984876940409184,0.0,0.7011813076676534,0.5778752346641781,0.2890196241319194,0.31100465526901794,0.40823500205004093,calm,02,18,18,female,strong,2046
30,1.0010000000000001,True,1.0,0.2798611032253854,0.29029936620365665,0.28508023471452104,0.8158471484543104,-0.09310185185185177,-0.09791666666666671,0.45480457357124043,0.25092551590526757,0.21250897556871717,0.349428487008417,0.010438262978271273,0.004814814814814938,0.034364336238737817,0.33159283861922656,0.12363286805553074,0.11177071041296592,0.0,0.8175022378576494,0.5864172710724916,0.2981659944356237,0.3285051759043966,0.43863674932991836,calm,02,18,18,female,strong,2046
40,1.3346666666666667,True,1.0,0.29484977022370795,0.28231450524532914,0.2885821377345186,0.9057636202635428,-0.09300925925925935,-0.09537037037037038,0.42820793488925424,0.3091033764810391,0.2152777777777778,0.31860645678234695,0.012535264978378813,0.002361111111111036,0.025868119774239282,0.3026351705221158,0.11832820765298983,0.11737211356560545,0.0,0.8255884120874085,0.6399518733977967,0.31403535510001385,0.30779016717283325,0.4717456329507989,calm,02,18,18,female,strong,2046
50,1.6683333333333334,True,1.0,0.3400179443149239,0.32069429291974066,0.3303561186173323,0.80696432966361,-0.09097222222222218,-0.09162037037037035,0.43717687319850795,0.2795511439396708,0.21250035903002762,0.4093813152249791,0.019323651395183217,0.0006481481481481755,0.027137974112143318,0.32227348106621034,0.12324817874230219,0.11202481983453089,0.0,0.6788075770241724,0.5860999028908439,0.299815994829788,0.3366679652457684,0.4475742281399472,calm,02,18,18,female,strong,2046
60,2.0020000000000002,True,1.0,0.3310692272442596,0.28990039548610347,0.3104848113651815,0.779283137067974,-0.0891203703703704,-0.09324074074074068,0.44750111140596516,0.28412789725258686,0.21320339077801023,0.39842362370802725,0.04116883175815611,0.004120370370370274,0.027440434616873222,0.3428793263898715,0.12284976435704308,0.1126308712884537,0.0,0.9344770619425641,0.5848771142128727,0.2986522906155383,0.3307690503523121,0.4281865758203237,calm,02,18,18,female,strong,2046
70,2.3356666666666666,True,1.0,0.3125371756150115,0.2859769133771456,0.29925704449607854,0.7068392862227352,-0.09046296296296291,-0.09217592592592594,0.4256724300611147,0.24815337947438207,0.21180699638057293,0.42337353105438225,0.026560262237865895,0.0017129629629630272,0.026595769095039638,0.3612021505573237,0.12484294613977706,0.1104174649648984,0.0,0.8834166486439907,0.5831546170264982,0.29601857925367503,0.32983116804220325,0.41567189202248045,calm,02,18,18,female,strong,2046
80,2.6693333333333333,True,1.0,0.1383208469125191,0.12386740735299755,0.13109412713275834,0.6925492212075139,-0.09398148148148139,-0.0986111111111111,0.4623117534205603,0.234212538816325,0.20768334385255352,0.18929214432468125,0.014453439559521566,0.004629629629629706,0.03458027089848223,0.389844331214726,0.12542065850933576,0.10976081354117034,0.0,0.7439294236983527,0.5826360266762957,0.2938409270380302,0.32115518186526143,0.4200061025528955,calm,02,18,18,female,strong,2046
90,3.003,True,1.0,0.3542725457686708,0.33873366693037094,0.34650310634952086,0.6894666016484647,-0.08787037037037032,-0.09106481481481482,0.45154851551988123,0.2504877978767796,0.20700674008334943,0.502566919878435,0.015538878838299852,0.0031944444444444997,0.029109234953870744,0.3928583039037651,0.12567936967520787,0.10946448651555486,0.0,0.7349983465907213,0.5853900653542666,0.2926180514478667,0.3185010673883759,0.41242044206978773,calm,02,18,18,female,strong,2046
100,3.336666666666667,True,1.0,0.29785203475672084,0.2673763160643771,0.282614175410549,0.6534590134464981,-0.08666666666666661,-0.09115740740740741,0.42963297506652515,0.25031667973862454,0.20907193742222244,0.432489520528571,0.030475718692343723,0.004490740740740795,0.029201648756788993,0.41355393190832324,0.12659556929722662,0.1084035959022571,0.0,0.7621659043983054,0.5882779931816478,0.29292292694240507,0.3182681631698817,0.4095091761826888,calm,02,18,18,female,strong,2046
0,0.0,True,1.0,0.46491063785104786,0.3920677282225475,0.42848918303679767,0.657521176052858,-0.09069444444444447,-0.09124999999999994,0.38927903829407307,0.28612795174993844,0.21389780617713006,0.6516735865589088,0.07284290962850037,0.0005555555555554759,0.022795976536940248,0.3962447812129663,0.12748579643750899,0.10735524894964027,0.0,0.6927989122637674,0.584422166046106,0.28942009207728425,0.3130767701278099,0.4115993258179112,calm,02,18,18,female,strong,2047
10,0.33366666666666667,True,1.0,0.4445817311388251,0.39998508473733146,0.4222834079380783,0.6562143082317003,-0.09120370370370362,-0.09111111111111109,0.3974151559573128,0.2803678147057283,0.21182320498670149,0.6435144778784307,0.044596646401493634,9.259259259253305e-05,0.02112685770595834,0.39925694171557663,0.12550955622164464,0.10965914949088329,0.0,0.6865142048615704,0.5831071016922393,0.2895152958275561,0.3099259876721394,0.41168813866440174,calm,02,18,18,female,strong,2047
20,0.6673333333333333,True,1.0,0.3693852398817686,0.342218475073468,0.3558018574776183,0.6550888668112417,-0.08671296296296305,-0.08824074074074073,0.4052074494989984,0.24554686548742377,0.20766240344369588,0.5431352530986298,0.027166764808300603,0.0015277777777776835,0.023722812087036586,0.3831896923579957,0.1272293963164246,0.10765899165036902,0.0,0.801491538256722,0.5813768243078482,0.2892210640331977,0.31421380283705713,0.40945570981605933,calm,02,18,18,female,strong,2047
30,1.0010000000000001,True,1.0,0.28084957515990683,0.2990075114305058,0.28992854329520634,0.7902928559035627,-0.09037037037037038,-0.09717592592592589,0.4293249902907029,0.2688452663804084,0.21250574440765121,0.3668621589192065,0.018157936270598973,0.006805555555555509,0.0261316669552234,0.3361321774453561,0.12518247268019975,0.11003238752149003,0.0,0.6984880614125837,0.5830309600324506,0.29022842263449705,0.32889300833668267,0.4384246513650398,calm,02,18,18,female,strong,2047
40,1.3346666666666667,True,1.0,0.2944128596905221,0.2719975385482875,0.2832051991194048,0.8099245342847181,-0.0989814814814815,-0.1033796296296296,0.4198767591482663,0.32597100274606783,0.2194531359876101,0.34966862606466964,0.0224153211422346,0.0043981481481480955,0.031067464557960642,0.338253648572204,0.12321135882225512,0.11223519424375698,0.0,0.6622968406146327,0.5921628355717287,0.29557788870059604,0.32071603520539554,0.4151812621813023,calm,02,18,18,female,strong,2047
50,1.6683333333333334,True,1.0,0.3188425516953192,0.29023050358548513,0.3045365276404022,0.9483290579718581,-0.09546296296296297,-0.0975462962962963,0.41790405635385236,0.37214921321099037,0.21250897556871717,0.32112959639948035,0.028612048109834087,0.002083333333333326,0.031745136012958405,0.2752817613163633,0.1249526114678429,0.1102933482010916,0.0,0.9146376509994112,0.5909869197366447,0.2979384082367127,0.33200076971585035,0.439706495852095,calm,02,18,18,female,strong,2047
60,2.0020000000000002,True,1.0,0.3316118333597646,0.28990039548610347,0.31075611442293405,0.7666802285493142,-0.09578703703703711,-0.09796296296296303,0.420350519822487,0.3210547208073797,0.21250897556871717,0.4053268922963307,0.041711437873661106,0.0021759259259259145,0.03472519991471044,0.34744051518068475,0.12452789899944573,0.11077265068964103,0.0,0.6712619277727029,0.5926629437868899,0.29432321866204014,0.3211406416255388,0.42226948102818596,calm,02,18,18,female,strong,2047
70,2.3356666666666666,True,1.0,0.178054463991767,0.17936581115761066,0.17871013757468884,0.7207221857528199,-0.09726851851851853,-0.10152777777777783,0.41092334186269913,0.29153501601605286,0.20833919262593822,0.24795981184902718,0.0013113471658436626,0.004259259259259296,0.03676172256076842,0.3394403990988385,0.12385224040430844,0.11152757648558934,0.0,0.7299380362313772,0.5897328407925672,0.2939131802678851,0.3146904531871418,0.40703238837510397,calm,02,18,18,female,strong,2047
80,2.6693333333333333,True,1.0,0.3030458629343667,0.28052157333675376,0.29178371813556025,0.7808839701306798,-0.09143518518518523,-0.09550925925925918,0.44132158087171464,0.2727016854806148,0.20765211615361606,0.37365822490469447,0.022524289597612934,0.004074074074073952,0.026926647447880484,0.3392270988015038,0.12611155052263495,0.10896630027171862,0.0,0.6567878924827218,0.58928354975584,0.2950349589403986,0.32219519876452035,0.4270870536529272,calm,02,18,18,female,strong,2047
90,3.003,True,1.0,0.3597410611364482,0.34334404424472803,0.3515425526905881,0.7210688700664888,-0.0897222222222222,-0.0941203703703703,0.43937754615930585,0.24207322468342193,0.2083629943078147,0.48752978707591804,0.016397016891720184,0.0043981481481480955,0.03705719840097193,0.38635980845685236,0.12541555239939461,0.10976664787828909,0.0,0.6776501084561526,0.5918102819096388,0.29499361681351227,0.31799401945543254,0.4146785449273871,calm,02,18,18,female,strong,2047
100,3.336666666666667,True,1.0,0.3184153872339041,0.2861634200223255,0.3022894036281148,0.7097407298078047,-0.08856481481481487,-0.09129629629629621,0.44063602854451256,0.2524815749551224,0.20630326016873804,0.425915254588776,0.032251967211578636,0.002731481481481335,0.026039157095714652,0.3589091957470855,0.12417458465105154,0.11116856703531153,0.0,0.7965680211790437,0.5957881545196203,0.29425588279852666,0.3109249388086766,0.4115930020509414,calm,02,18,18,female,strong,2047
0,0.0,True,1.0,0.47890532180603557,0.45423959363168515,0.46657245771886036,0.6619059175958388,-0.08865740740740746,-0.08731481481481473,0.39066611513552185,0.2328801886416656,0.21527919536383625,0.704892410410131,0.02466572817435042,0.0013425925925927285,0.012908236273079242,0.38539575817577015,0.12664521087298508,0.1083455967409269,0.0,0.8673579698777799,0.5863250417432598,0.2868048177043405,0.3119235791434502,0.4146803571355568,calm,02,18,18,female,strong,2048
10,0.33366666666666667,True,1.0,0.464517278833045,0.42112838477753006,0.44282283180528753,0.6452027337573656,-0.08666666666666673,-0.08722222222222209,0.39013322866995226,0.23128606754906933,0.2138888888888889,0.6863313012120855,0.04338889405551494,0.0005555555555553648,0.014294020585450571,0.3820539549919401,0.12570301495701572,0.10943733275664386,0.0,0.828317802267491,0.5861359341783589,0.28693987008566935,0.30974734387155,0.41437166260363295,calm,02,18,18,female,strong,2048
20,0.6673333333333333,True,1.0,0.5397940194391773,0.5136998426263683,0.5267469310327728,0.6277639160348011,-0.08143518518518511,-0.08111111111111108,0.39581076451997216,0.22332601974288266,0.21319766516777558,0.8390844353716752,0.02609417681280901,0.0003240740740740322,0.007585109715262002,0.4114832150141279,0.12663793271057544,0.10835410360983083,0.0,0.6729079414322798,0.5839454781756452,0.28717700637883414,0.31966110358231975,0.4310414908141101,calm,02,18,18,female,strong,2048
30,1.0010000000000001,True,1.0,0.18586210918606053,0.1972170281401505,0.1915395686631055,0.9054413127351488,-0.11143518518518519,-0.11416666666666675,0.41867769109050856,0.2885808858461441,0.22430555555555554,0.21154277584761902,0.011354918954089965,0.002731481481481557,0.014461725984394937,0.29528330472981834,0.12265664787420973,0.11284114720249049,0.0,0.7608934650723544,0.5892905589892206,0.2953218226442001,0.3170733341991057,0.4291700264618339,calm,02,18,18,female,strong,2048
40,1.3346666666666667,True,1.0,0.2772558554602111,0.2772558554602099,0.2772558554602105,0.8056704570429741,-0.10180555555555554,-0.10523148148148148,0.4313512806222139,0.2757835752751924,0.21458368887763832,0.3441305971151202,1.1657341758564144e-15,0.0034259259259259434,0.021001614302197734,0.3157747016380856,0.12233276474161463,0.1131921924888386,0.0,0.8726529852765911,0.590337703761192,0.29700244461314984,0.32042671370694076,0.4156249423026377,calm,02,18,18,female,strong,2048
50,1.6683333333333334,True,1.0,0.28157567129205513,0.2814034267395172,0.28148954901578616,0.8507625373473067,-0.09550925925925935,-0.10180555555555554,0.44484041025362314,0.334855337358279,0.20555704018912999,0.3308673532963449,0.0001722445525379479,0.006296296296296189,0.025109535317723895,0.3172669109073715,0.12432845640918617,0.11099645353258007,0.0,0.7203599350323193,0.5910001841752327,0.2961662952947242,0.3279810027441809,0.4413015506400264,calm,02,18,18,female,strong,2048
60,2.0020000000000002,True,1.0,0.3078291378112253,0.29484977022370795,0.30133945401746665,0.8876570673945864,-0.09981481481481486,-0.10532407407407396,0.41754061680869864,0.4039032541223528,0.20763888888888882,0.3394773331799695,0.012979367587517332,0.005509259259259103,0.030035749222832534,0.31028845643040665,0.12190578910090721,0.11365190870925133,0.0,0.8623905955379096,0.5953955866956157,0.2940003857192623,0.3204528498110249,0.43773870366704976,calm,02,18,18,female,strong,2048
70,2.3356666666666666,True,1.0,0.2843693557698631,0.23952857777322903,0.26194896677154605,0.7497101472504687,-0.09694444444444444,-0.1049074074074074,0.4190332392995641,0.30642151310063603,0.20834248840561403,0.3494003218873763,0.04484077799663408,0.00796296296296295,0.023197993762737526,0.3419429123564751,0.12109305960412567,0.11451746017564977,0.0,0.7150954599545012,0.5902165134882078,0.2963958957371554,0.31846022675625346,0.42110041089143424,calm,02,18,18,female,strong,2048
80,2.6693333333333333,True,1.0,0.265914626663426,0.253527031445674,0.25972082905455,0.758639085055213,-0.09490740740740744,-0.10027777777777785,0.45941464481188704,0.2700719696083164,0.21321197890506982,0.3423509731714492,0.012387595217752012,0.005370370370370414,0.029672006374946002,0.3630199669398046,0.12504072418946924,0.11019344383508757,0.0,0.7471398506994955,0.5897688888758629,0.29806136522181986,0.321135090029242,0.42638463408383753,calm,02,18,18,female,strong,2048
90,3.003,True,1.0,0.30970679232967663,0.2954527285598009,0.3025797604447388,0.7328429636651405,-0.09226851851851853,-0.0970833333333333,0.44177819021120274,0.26395774326400206,0.21180555555555558,0.4128848545279848,0.014254063769875702,0.004814814814814772,0.019117120510074526,0.3721280785307263,0.12381285882699344,0.11157129451181386,0.0,0.7184825087111331,0.5898075555612871,0.2968749226198112,0.3100277797386787,0.41093230063999886,calm,02,18,18,female,strong,2048
100,3.336666666666667,True,1.0,0.3466876226407683,0.30369949450839245,0.3251935585745804,0.66132020387401,-0.09023148148148147,-0.09254629629629635,0.44196518964811826,0.23304863849163118,0.21528663753750232,0.4917338933085642,0.04298812813237585,0.0023148148148148806,0.024518745690207944,0.4241082079661091,0.12357199305109716,0.11183800920579244,0.0,0.902007313231257,0.5840595117890907,0.29148808713429497,0.3121930489399391,0.4148491806824445,calm,02,18,18,female,strong,2048
0,0.0,True,1.0,0.43749299537471253,0.41444060360737617,0.4259667994910443,0.6910237287962786,-0.08712962962962956,-0.08666666666666661,0.38171157058059757,0.27758745382410216,0.21180879739806174,0.6164286141563512,0.023052391767336367,0.0004629629629629428,0.015639169438554295,0.40170466259913046,0.1286372298072772,0.1059728308480323,0.0,0.8680658672010638,0.5833925724977491,0.28590013828014427,0.3135212393582262,0.4077341525152784,calm,02,18,18,female,strong,2049
10,0.33366666666666667,True,1.0,0.4574996614231968,0.4278066162627146,0.4426531388429557,0.6602666406701589,-0.08666666666666661,-0.08689814814814822,0.39463912207730156,0.2700949550679935,0.20903690243586584,0.6704157253706936,0.029693045160482212,0.00023148148148161019,0.008917020500328431,0.39925694171557796,0.12682183042033277,0.10813880477955219,0.0,0.7095428290040987,0.5827569333123874,0.2858371430182128,0.31083366807906554,0.4087465252950701,calm,02,18,18,female,strong,2049
20,0.6673333333333333,True,1.0,0.41024717718522263,0.40014865014166856,0.4051979136634456,0.6937363849370501,-0.08606481481481476,-0.0867592592592592,0.38915595211844173,0.27378998855776504,0.21042246794808087,0.5840805275050023,0.010098527043554073,0.000694444444444442,0.014823424648381149,0.37492698203147895,0.12414233900464351,0.11103311888218607,0.0,0.8078548217644627,0.5803660535542342,0.2869666654183671,0.3067759451207576,0.40696490545673747,calm,02,18,18,female,strong,2049
30,1.0010000000000001,True,1.0,0.21541008431309908,0.20142432910054933,0.2084172067068242,0.793673931444889,-0.08782407407407405,-0.08921296296296288,0.4437154038471209,0.24333175341978408,0.20694776243640653,0.2625980247674246,0.013985755212549744,0.0013888888888888284,0.017450847911951936,0.3374146027354059,0.12527316533213087,0.10992912179050814,0.0,0.9355759832291195,0.5795941417660814,0.28955632090133954,0.32987728668447924,0.4291419437782972,calm,02,18,18,female,strong,2049
40,1.3346666666666667,True,1.0,0.300601858722469,0.27199753854828745,0.2862996986353782,0.7888467896968305,-0.08416666666666661,-0.08828703703703705,0.4249662440312406,0.2942810003883064,0.20764035862658015,0.36293447900752546,0.02860432017418152,0.004120370370370441,0.018681926688473474,0.33257952178883327,0.12363076436495668,0.11177303732270998,0.0,0.7539994790099087,0.5762664186221363,0.28955832460033076,0.32871388881739083,0.41970140428306485,calm,02,18,18,female,strong,2049
50,1.6683333333333334,True,1.0,0.10759062688894945,0.1214607937653812,0.11452571032716533,0.7877359424655069,-0.09388888888888891,-0.09912037037037047,0.43984120445734365,0.2714417058302759,0.2048644628448152,0.14538591443309715,0.01387016687643175,0.005231481481481559,0.018756617159632494,0.3496520607652201,0.12391262634249454,0.1114604809015599,0.0,0.8273357813602881,0.5851701930147059,0.29453402053399935,0.31377277503948786,0.42041168031072107,calm,02,18,18,female,strong,2049
60,2.0020000000000002,True,1.0,0.2649214026726213,0.2509440225018021,0.25793271258721173,0.8172821470944863,-0.08458333333333329,-0.08907407407407403,0.44144956305979954,0.2863884757219314,0.2048745177169223,0.31559812422697153,0.013977380170819231,0.00449074074074074,0.027200755179344307,0.3360657183980355,0.12444049604162243,0.11087082896240949,0.0,0.7565140634215759,0.5762457196316026,0.2897619364151128,0.33561952297512054,0.44235568630979794,calm,02,18,18,female,strong,2049
70,2.3356666666666666,True,1.0,0.2524134677001961,0.24042021988062623,0.24641684379041118,0.7122096712588715,-0.0830555555555555,-0.08574074074074073,0.4363710004287693,0.23709343504577465,0.20556149402551796,0.3459891851157473,0.011993247819569897,0.002685185185185235,0.028600266415748452,0.3688035181941187,0.12416872436234846,0.1111751125935457,0.0,0.7839148074189025,0.573639429474915,0.2912240029500789,0.3363774760927014,0.4255277201045708,calm,02,18,18,female,strong,2049
80,2.6693333333333333,True,1.0,0.28675080210601234,0.27270858187267677,0.27972969198934455,0.6883824258976715,-0.08430555555555552,-0.08615740740740735,0.4564780193362744,0.21575405232215591,0.20695366095743595,0.4063579799042205,0.014042220233335567,0.0018518518518518268,0.02108829896409808,0.394857812414675,0.12355986892857446,0.11185140392557547,0.0,0.7071067807446058,0.5744869470678896,0.28982788814754457,0.3244702158488026,0.428151279015937,calm,02,18,18,female,strong,2049
90,3.003,True,1.0,0.2869666547027941,0.28934853385810505,0.28815759428044957,0.6624977336709749,-0.08263888888888887,-0.0857870370370371,0.4495994935116737,0.22605445743840644,0.20626331633148556,0.4349563472221041,0.002381879155310962,0.003148148148148233,0.02242352097943172,0.4198760095441891,0.1260164345129186,0.10907628524527616,0.0,0.6937647577212305,0.5760882212181747,0.28977836295998305,0.32492884830467395,0.4183214744057002,calm,02,18,18,female,strong,2049
100,3.336666666666667,True,1.0,0.29571949497883443,0.28951199100275027,0.29261574299079235,0.5820190484485538,-0.08125000000000004,-0.08569444444444446,0.4414635173078461,0.22076012684687327,0.20486446284481508,0.5027597357351054,0.006207503976084161,0.0044444444444444176,0.020361207490017057,0.4479106722348808,0.12461823472798626,0.11067101401547955,0.0,0.6748129895896908,0.5782084702083959,0.28903965601380616,0.31830376826604484,0.4087080399423922,calm,02,18,18,female,strong,2049
0,0.0,True,1.0,0.5337050984542276,0.5130965875404911,0.5234008429973593,0.7086044557119264,-0.08925925925925932,-0.08768518518518525,0.3872000001187715,0.25483656249317843,0.2152777777777778,0.7386361160705724,0.0206085109137365,0.001574074074074061,0.018352392628745495,0.37498174150843827,0.12735620228118658,0.10750895549235802,0.0,0.6395416819890707,0.6029897104701255,0.29384839168958693,0.3058011939047059,0.4133101897288483,happy,03,18,18,female,normal,2050
10,0.33366666666666667,True,1.0,0.5195776634804569,0.48719824748549817,0.5033879554829775,0.7339398789778266,-0.08578703703703705,-0.08800925925925923,0.389325506356792,0.2567774202419083,0.21192223064313012,0.6858708320687744,0.032379415994958693,0.002222222222222181,0.027395337414374426,0.36699620275594813,0.12417397491442717,0.11116924810371309,0.0,0.792627245748058,0.5941769840358019,0.2935183453068714,0.3021901624728716,0.40675301467761693,happy,03,18,18,female,normal,2050
20,0.6673333333333333,True,1.0,0.5000511972631899,0.4691220230513336,0.4845866101572618,0.6921017844779263,-0.08393518518518522,-0.08560185185185187,0.4004705307096865,0.2207150881725946,0.21668392014887738,0.7001666821633763,0.030929174211856314,0.0016666666666666496,0.01919429861061612,0.37855431627332736,0.12681940002513772,0.10814165500631306,0.0,0.6790950027382784,0.5910494284588835,0.2895875283889843,0.31413120462140737,0.41812723657084294,happy,03,18,18,female,normal,2050
30,1.0010000000000001,True,1.0,0.47247285829583957,0.44068411811705,0.45657848820644475,0.8083439597144088,-0.10518518518518521,-0.10546296296296293,0.48658326176007094,0.14969332587303888,0.2382264724023341,0.5648319415509158,0.031788740178789576,0.0002777777777777102,0.0005881547280016387,0.3474416316379113,0.11817378907710197,0.11752758546237373,0.0,0.8381004210093799,0.6462264175670267,0.3156341257710313,0.31033039536548945,0.47441009921788785,happy,03,18,18,female,normal,2050
40,1.3346666666666667,True,1.0,0.4501678314355032,0.41386421925043987,0.43201602534297157,0.8062364132964445,-0.10152777777777777,-0.10291666666666666,0.4933318938218498,0.16511759260899087,0.23959479705363723,0.5358428597594536,0.03630361218506334,0.001388888888888884,0.0026548293086997472,0.3320478132737854,0.12196695923801708,0.11358626071857379,0.0,0.6920857001000791,0.5801675590783189,0.2981915343986023,0.34156283346634475,0.4417206331817366,happy,03,18,18,female,normal,2050
50,1.6683333333333334,True,1.0,0.6256042264026282,0.5985879907497876,0.612096108576208,0.8271433441708941,-0.09171296296296289,-0.09120370370370379,0.42868943415790556,0.22908150526124824,0.23472254726129077,0.7400121307749341,0.027016235652840614,0.0005092592592590983,0.008221273020358645,0.3039750270380451,0.12538791479527886,0.10979821762447389,0.0,0.6668081532111764,0.5729345538996848,0.2966537250331821,0.3542886736251105,0.4568337248140786,happy,03,18,18,female,normal,2050
60,2.0020000000000002,True,1.0,0.529294469278976,0.4911425250425926,0.5102184971607844,0.7646798285369178,-0.08703703703703697,-0.08537037037037032,0.44136200485976473,0.19922255349595802,0.22848057034335786,0.6672315368080245,0.03815194423638346,0.0016666666666666496,0.007044221092114591,0.34062625688843623,0.12430840358874136,0.1110189108540483,0.0,0.7071067807446058,0.5754163404736896,0.2950138328647305,0.3449880657661009,0.4403125624059362,happy,03,18,18,female,normal,2050
70,2.3356666666666666,True,1.0,0.3826428829401533,0.3863095333224147,0.384476208131284,0.722881763637254,-0.08324074074074073,-0.08430555555555558,0.4877595334792602,0.16116447268086145,0.22085026130333588,0.5318659668446364,0.0036666503822613827,0.0010648148148148517,0.012022673110581418,0.3876241272422446,0.12228702091118569,0.11324161022525651,0.0,0.6872269691287869,0.5761643648865796,0.29238808467651145,0.33464560628974094,0.43742030217653793,happy,03,18,18,female,normal,2050
80,2.6693333333333333,True,1.0,0.34935720827531996,0.3332085510030725,0.34128287963919623,0.6879103060567769,-0.0806944444444444,-0.08189814814814822,0.4985022312810367,0.1385332645567737,0.22015136512249264,0.49611537526671146,0.016148657272247458,0.0012037037037038179,0.014939734708754964,0.4062376028013829,0.12659031311689814,0.10840973385845036,0.0,0.6857993917057164,0.5782430173866421,0.2924249617572748,0.338232119630586,0.4402750252820293,happy,03,18,18,female,normal,2050
90,3.003,True,1.0,0.35568911864332314,0.36614378643153245,0.36091645253742777,0.6969276001106148,-0.08180555555555552,-0.08314814814814814,0.4787326400301051,0.13938101999008773,0.22156221500116619,0.5178679284335186,0.010454667788209304,0.0013425925925926174,0.00717627591918264,0.39477249863245895,0.12432130948878692,0.11100445836516513,0.0,0.660194696903844,0.5855198390059149,0.29321124337542476,0.33494729424633196,0.4463440014581506,happy,03,18,18,female,normal,2050
100,3.336666666666667,True,1.0,0.3316583496028409,0.324722827206282,0.32819058840456145,0.6952570576909202,-0.0813888888888889,-0.08194444444444443,0.4781056371638136,0.15617574377656254,0.21667546963537446,0.4720420810894668,0.006935522396558924,0.0005555555555555314,0.011497452963826425,0.3842342207879055,0.12241518122822649,0.11293448201081513,0.0,0.8736653245260316,0.5900555524319103,0.2926153697906731,0.3298785684458688,0.44525204285355685,happy,03,18,18,female,normal,2050
0,0.0,True,1.0,0.5017118834371551,0.4777369858105516,0.48972443462385334,0.6164119936984856,-0.08787037037037038,-0.0868518518518519,0.40406849192524885,0.22358683006342459,0.2118059157627288,0.7944758369893095,0.023974897626603542,0.0010185185185184742,0.006862420969090183,0.4190921569885976,0.12681557449162192,0.1081461411077298,0.0,0.8428700168345495,0.5994787562290541,0.2919392158342878,0.30763332408113875,0.41616933416117463,happy,03,18,18,female,normal,2051
10,0.33366666666666667,True,1.0,0.4583117735842694,0.43577427003258,0.4470430218084247,0.614887791405093,-0.08712962962962961,-0.08662037037037035,0.4129512512880544,0.18915198177278916,0.21319587588304287,0.727031871598682,0.022537503551689375,0.0005092592592592649,0.010280711326322708,0.4127565559675419,0.12259984313303682,0.11273398904470885,0.0,0.9172227771724384,0.6004461285529838,0.2939592168900005,0.30567848548139,0.4168684876401498,happy,03,18,18,female,normal,2051
20,0.6673333333333333,True,1.0,0.6167000407834875,0.5751311347881032,0.5959155877857953,0.7995257805201708,-0.09037037037037032,-0.09662037037037041,0.470212641475082,0.1816910135000184,0.2250030517371167,0.745336300973426,0.04156890599538432,0.006250000000000089,0.01299363540955059,0.35085232338871664,0.12127655916371445,0.11432311212998024,0.0,0.7278870512129489,0.5906572149094013,0.2947630142765582,0.350491182013121,0.46556790367812234,happy,03,18,18,female,normal,2051
30,1.0010000000000001,True,1.0,0.5236753773404869,0.4992832371643146,0.5114793072524008,0.8191123099374591,-0.08597222222222223,-0.08504629629629623,0.5246916859642224,0.16287834324161615,0.2132234292030684,0.6244312300610563,0.02439214017617225,0.0009259259259259967,0.0084106766293536,0.3323592055181954,0.12279637396223368,0.112689078048669,0.0,0.6458761346836969,0.5790756263130252,0.2949842308475768,0.34466192495835174,0.45488520798859,happy,03,18,18,female,normal,2051
40,1.3346666666666667,True,1.0,0.4428588797973792,0.4151059305237291,0.4289824051605542,0.8174673121435918,-0.09666666666666673,-0.09865740740740742,0.5031071699320329,0.12502167492256622,0.23558804285995721,0.5247701024713286,0.027752949273650074,0.001990740740740682,0.0013024544502678974,0.33275209581029686,0.12129313638723142,0.1143055240790269,0.0,0.8505412748562942,0.5819906532144108,0.29409767800798053,0.34490858364269306,0.4454206220131076,happy,03,18,18,female,normal,2051
50,1.6683333333333334,True,1.0,0.4338047061878318,0.40070657121635667,0.41725563870209426,0.5374640645784504,-0.09865740740740742,-0.10226851851851854,0.416651744909269,0.1285144073987816,0.23905777592186483,0.7763414639253337,0.033098134971475124,0.0036111111111111205,0.008510703269888538,0.4651473772410858,0.12360117655616358,0.11180575532597302,0.0,0.6941512582725211,0.5864809321853742,0.29280088968860624,0.3272123894946974,0.417014496707557,happy,03,18,18,female,normal,2051
60,2.0020000000000002,True,1.0,0.4145527549614945,0.3864330810328979,0.4004929179971962,0.7543840920491364,-0.10083333333333333,-0.10217592592592589,0.45076076648800684,0.19931503062792022,0.23544907248385358,0.530887279064085,0.0281196739285966,0.001342592592592562,0.0109688287588768,0.36178410885417234,0.12188341338288095,0.1136759047111351,0.0,0.6853558764224857,0.5869742399928721,0.29754293650096647,0.33897473107203485,0.440383366416417,happy,03,18,18,female,normal,2051
70,2.3356666666666666,True,1.0,0.38490963513348003,0.3635851023775815,0.3742473687555308,0.751211133313205,-0.09273148148148147,-0.09337962962962965,0.5136382565101888,0.11408199643493719,0.23057673304679038,0.4981919891215118,0.021324532755898518,0.0006481481481481755,0.010266887448739983,0.36305009421840306,0.12028337887410204,0.1153676147623842,0.0,0.736365099289438,0.587489356516044,0.29893761912587213,0.3343266608800676,0.44056371042391473,happy,03,18,18,female,normal,2051
80,2.6693333333333333,True,1.0,0.33010703753225173,0.29255842362753304,0.3113327305798924,0.7361048631780344,-0.0906481481481482,-0.08995370370370376,0.5065440120938521,0.11946885614966032,0.2270997954301553,0.4229461672563267,0.0375486139047187,0.000694444444444442,0.011579853147516207,0.3727017272721148,0.12389253497150361,0.11148281279349434,0.0,0.7152242759422268,0.5814030107668068,0.29575576155859357,0.33681296809388306,0.4372340186422505,happy,03,18,18,female,normal,2051
90,3.003,True,1.0,0.34687769525327383,0.32966051856800593,0.3382691069106399,0.7109941162822504,-0.08546296296296296,-0.08657407407407397,0.4887640992823256,0.1184954032428258,0.225005425281814,0.4757692070356794,0.0172171766852679,0.0011111111111110072,0.017087182349344157,0.39061307961671465,0.1241563803381328,0.11118889778768254,0.0,0.660872952361977,0.5861402745082409,0.29612971773365876,0.3347245303208105,0.43783407701026184,happy,03,18,18,female,normal,2051
100,3.336666666666667,True,1.0,0.3648692882303771,0.3640597934375634,0.3644645408339703,0.7097938230411416,-0.08398148148148143,-0.08374999999999999,0.47767375434701836,0.12167894109276671,0.22366023712004707,0.5134794485424043,0.0008094947928137253,0.00023148148148144365,0.006206616765413279,0.3859787453173232,0.12189099708910887,0.1136677729099975,0.0,0.811174995691989,0.5917140516753576,0.2966873356859707,0.32724314943337823,0.44502861226651746,happy,03,18,18,female,normal,2051
0,0.0,True,1.0,0.49363066185372756,0.46286069081063647,0.478245676332182,0.7000434913497895,-0.08129629629629631,-0.08393518518518517,0.3898677031908069,0.24365454371240497,0.2097935121027094,0.6831656636219161,0.030769971043091093,0.0026388888888888573,0.03589444388380801,0.3819405393016573,0.12313295900352456,0.11232120092374784,0.0,0.7071067807446058,0.5909764524481669,0.29216638832706554,0.29855311979932014,0.411487429669688,happy,03,18,18,female,normal,2052
10,0.33366666666666667,True,1.0,0.4872549305100308,0.4415077055713308,0.46438131804068083,0.6851657327260001,-0.08134259259259252,-0.08462962962962967,0.3824925314771491,0.22827714132689667,0.20910988536677705,0.6777649492088483,0.04574722493870004,0.0032870370370371438,0.03020696572548787,0.3973683041450942,0.12494270561573786,0.11030456964003804,0.0,0.676883863107818,0.589383714681185,0.2903676466771579,0.3030611940024141,0.40766674431029976,happy,03,18,18,female,normal,2052
20,0.6673333333333333,True,1.0,0.3952211028762528,0.37175733023083857,0.3834892165535457,0.6708595387840671,-0.0951851851851851,-0.09527777777777774,0.43528612261755534,0.14535290006988152,0.22916799833893398,0.571638613425129,0.023463772645414216,9.259259259264407e-05,0.012108283745700677,0.42187499999999917,0.11915937096462549,0.11652820294069885,0.0,0.7247181231660003,0.5900645937203006,0.29373508921934116,0.30977130325372637,0.4156089266605295,happy,03,18,18,female,normal,2052
30,1.0010000000000001,True,1.0,0.40748754599076875,0.36933423642745916,0.388410891209114,0.8553593380840131,-0.10046296296296287,-0.10199074074074072,0.48629644805806255,0.18610125575406603,0.23264184042100508,0.4540908994799147,0.03815330956330959,0.00152777777777785,0.025867835669414016,0.31840579370024363,0.11899372749977682,0.116697346092339,0.0,0.7449479458469332,0.5923704411452082,0.30283458652242184,0.3377814108958434,0.452177497882004,happy,03,18,18,female,normal,2052
40,1.3346666666666667,True,1.0,0.34432231837443944,0.31737786919624217,0.3308500937853408,0.8078516092187326,-0.09773148148148153,-0.09629629629629632,0.4868799069808761,0.1794533596272335,0.22847355794210186,0.40954315125435414,0.02694444917819727,0.001435185185185206,0.02466837041883987,0.340370371613284,0.12019087931859301,0.1154639783583238,0.0,0.6256084459301064,0.6380919007993823,0.3155333075695481,0.3082958336917502,0.4544247040893668,happy,03,18,18,female,normal,2052
50,1.6683333333333334,True,1.0,0.3497267759562836,0.31330196133023425,0.3315143686432589,0.4920500051287163,-0.09472222222222215,-0.09356481481481482,0.44458775005896717,0.15835163011719572,0.22430691608742007,0.6737412157053783,0.03642481462604935,0.0011574074074073293,0.012737626274357174,0.5248144924939327,0.11623421475464729,0.11944615979397072,0.0,0.7869248861547266,0.6451772885873098,0.313535883872626,0.29101029857667216,0.43816212068046684,happy,03,18,18,female,normal,2052
60,2.0020000000000002,True,1.0,0.3435216059324321,0.32149151107921436,0.3325065585058232,0.7384523087195639,-0.08851851851851855,-0.0895833333333334,0.4675786131165488,0.1714185971166326,0.21666983577660293,0.45027492578684125,0.02203009485321772,0.0010648148148148517,0.018716602871833864,0.35860434328556623,0.11786626504268276,0.11767420017375223,0.0,0.7380732018225268,0.5948445512423719,0.30134239986379563,0.31544258202917924,0.4230310126445,happy,03,18,18,female,normal,2052
70,2.3356666666666666,True,1.0,0.3333333333333337,0.35017933107392735,0.34175633220363055,0.6724150259765989,-0.08259259259259266,-0.08324074074074073,0.5086593886262454,0.15849271048278496,0.21181456055111783,0.5082520749848981,0.016845997740593643,0.0006481481481480644,0.01661293373676695,0.41005710243045507,0.12377260774896062,0.11161594572907864,0.0,0.7141506716311345,0.5900816597576531,0.30218836268652816,0.3327362949652484,0.4396389391458097,happy,03,18,18,female,normal,2052
80,2.6693333333333333,True,1.0,0.35295072047218207,0.31988597802770447,0.3364183492499433,0.6433058821822591,-0.07453703703703701,-0.07833333333333342,0.507642783298365,0.10078463151545114,0.2118059157627288,0.5229523910285503,0.0330647424444776,0.0037962962962964086,0.02464363052241054,0.4374477840830544,0.11784921235951101,0.11785304796809709,0.0,0.6832627334978281,0.5942643073010455,0.29393545503948254,0.3175491254002495,0.4385477321478108,happy,03,18,18,female,normal,2052
90,3.003,True,1.0,0.352919595904494,0.3317705096504726,0.3423450527774833,0.6350283106894573,-0.07337962962962957,-0.07833333333333331,0.4998631791349858,0.1025200936681537,0.21180699638057293,0.5391020321689208,0.0211490862540214,0.004953703703703738,0.027957778236346206,0.433525292585993,0.12052402090791269,0.11511619414176323,0.0,0.7071067807446058,0.5964626573832659,0.29414897464276923,0.3205903421388294,0.44160154695624004,happy,03,18,18,female,normal,2052
100,3.336666666666667,True,1.0,0.14844864125833918,0.1503215666613587,0.14938510395984894,0.6546867583381425,-0.08509259259259261,-0.08828703703703705,0.4895812868834592,0.13391320056916503,0.21180555555555558,0.22817798291666724,0.001872925403019532,0.003194444444444444,0.007420025153151342,0.4093713965486754,0.12249120303617124,0.11302071911175823,0.0,0.780282560149,0.5935132260091537,0.2939565728464298,0.3224314860413839,0.43167212453674114,happy,03,18,18,female,normal,2052
0,0.0,True,1.0,0.48772196474341806,0.424179364984903,0.4559506648641605,0.6162890705025492,-0.08749999999999997,-0.08685185185185185,0.4126537937432398,0.219243861602815,0.21111436361740882,0.7398324693513684,0.06354259975851506,0.0006481481481481199,0.014732100176830696,0.42228837454220636,0.12582312651584773,0.10929921593487059,0.0,0.7071067807446058,0.5978919408466512,0.2916861983662947,0.30614071643134394,0.4102400685171013,happy,03,18,18,female,normal,2053
10,0.33366666666666667,True,1.0,0.46573973221060677,0.44087535746852735,0.45330754483956703,0.6202922294741016,-0.08458333333333334,-0.0857870370370371,0.4101869090113021,0.2266319785066494,0.209723677359972,0.7307967491772256,0.02486437474207942,0.0012037037037037623,0.012155385724403726,0.43266699435343103,0.12426152273791416,0.11107138126833074,0.0,0.6922008055651258,0.596938222031,0.2923256169249076,0.30387859994580624,0.41232101964043644,happy,03,18,18,female,normal,2053
20,0.6673333333333333,True,1.0,0.45163858401404516,0.4213216705149659,0.4364801272645055,0.6321839400448628,-0.0842592592592592,-0.08555555555555555,0.4101869090113025,0.22663197850664918,0.2097280427126452,0.6904321663621047,0.03031691349907928,0.001296296296296351,0.012726262489562011,0.4139150943396235,0.1252901315941806,0.10990978434752277,0.0,0.7141967138542872,0.5964613538149636,0.29235693463435186,0.3060334339677461,0.41197334780045497,happy,03,18,18,female,normal,2053
30,1.0010000000000001,True,1.0,0.35011078644024823,0.3546633927697886,0.3523870896050184,0.838360323280928,-0.09462962962962967,-0.10050925925925924,0.48708132532417003,0.18685915445421983,0.22570661358752628,0.4203289204168793,0.004552606329540354,0.005879629629629568,0.013680757315402605,0.33884764027579123,0.12098254835759976,0.11446788551788546,0.0,0.7071067807446058,0.5979028850055648,0.2963166330408338,0.3468702927857831,0.46123735308570823,happy,03,18,18,female,normal,2053
40,1.3346666666666667,True,1.0,0.35259332989552,0.347201223040342,0.349897276467931,0.7194119215138234,-0.09527777777777768,-0.09893518518518518,0.5197916358868244,0.13078820903941552,0.22570661358752642,0.4863656912046429,0.005392106855177992,0.003657407407407498,0.01952049473747753,0.3727514372259376,0.1201293953878156,0.11552794524768559,0.0,0.7071067807446058,0.5844162010116547,0.2984951700120727,0.34156361622087456,0.4391341308533892,happy,03,18,18,female,normal,2053
50,1.6683333333333334,True,1.0,0.35827568419855155,0.3483540443698968,0.3533148642842242,0.6327473133397027,-0.09675925925925921,-0.10046296296296303,0.46831221637632825,0.11924280879162386,0.23752601882560287,0.5583822433309018,0.009921639828654738,0.00370370370370382,0.021196667686808283,0.40591345881185437,0.12320637076914964,0.11224066986486304,0.0,0.6900108055145007,0.5871901296690551,0.29544781820363497,0.33646865757373284,0.43797421440311907,happy,03,18,18,female,normal,2053
60,2.0020000000000002,True,1.0,0.36097187412459225,0.3521817064302636,0.35657679027742795,0.7229911089594063,-0.09476851851851847,-0.09620370370370368,0.45868181080628667,0.1518522013766396,0.23056382824458066,0.4931966463469312,0.008790167694328666,0.001435185185185206,0.020446589649170423,0.36779565931295993,0.12312371404774221,0.11233133493821038,0.0,0.6774344768197602,0.5863460061055672,0.2969108656890714,0.34001230884551814,0.4424374418044352,happy,03,18,18,female,normal,2053
70,2.3356666666666666,True,1.0,0.3196274494407082,0.33023972660330714,0.32493358802200767,0.7093710763123738,-0.09060185185185182,-0.09388888888888886,0.49654281038854475,0.14569199347852213,0.22639192190394358,0.45805869293565915,0.010612277162598938,0.0032870370370370328,0.015460130843467803,0.39303149185323094,0.12199380410246155,0.11355742833582114,0.0,0.7102297554560777,0.5835499265487446,0.29578256260776803,0.3301335164664418,0.4409996500351753,happy,03,18,18,female,normal,2053
80,2.6693333333333333,True,1.0,0.29208584070347854,0.29381434833447456,0.2929500945189766,0.7151391081771549,-0.08819444444444441,-0.09106481481481482,0.48687021777419875,0.1489464104666158,0.22223458149767156,0.40964071349095726,0.0017285076309960234,0.002870370370370412,0.01729641426269467,0.3827074007042103,0.12337553616882145,0.11205469577325751,0.0,0.6692806731843199,0.5851475608446505,0.2952095582043765,0.3307310650981449,0.4426764991165404,happy,03,18,18,female,normal,2053
90,3.003,True,1.0,0.30107526881720426,0.2984181054794601,0.2997466871483322,0.7111662467564729,-0.08532407407407405,-0.08606481481481487,0.47865991367627453,0.1472939871427742,0.22222359550899454,0.4214860990878487,0.0026571633377441284,0.0007407407407408195,0.017689449475902667,0.38592890758897913,0.12415001751475264,0.111196002270717,0.0,0.7188121893931797,0.5822233196950654,0.29485089935159936,0.33103876657361325,0.4420727380350291,happy,03,18,18,female,normal,2053
100,3.336666666666667,True,1.0,0.33886126842397585,0.3330767708138803,0.3359690196189281,0.6906747445628979,-0.08310185185185182,-0.08569444444444446,0.4748443991572612,0.1523495107477855,0.2194447921127806,0.4864359414669929,0.005784497610095529,0.0025925925925926463,0.018057682681373914,0.40531701528513336,0.12297345411358268,0.11249581038071,0.0,0.6799376428584086,0.5835303784248075,0.2943821558538198,0.3257478339968895,0.4412651600202854,happy,03,18,18,female,normal,2053
0,0.0,True,1.0,0.4932974090975797,0.46681947324297296,0.4800584411702763,0.7225361466800401,-0.0856944444444444,-0.08574074074074078,0.3954542355010149,0.2081789202277229,0.21805590543833617,0.6644075087123081,0.026477935854606727,4.629629629637755e-05,0.010279286203002285,0.37180513662799913,0.12516450495872625,0.11005282580887081,0.0,0.8155859855927868,0.5942004927517883,0.28847674598506035,0.3126465652332211,0.4227318198898209,happy,03,18,18,female,strong,2054
10,0.33366666666666667,True,1.0,0.5453920278924643,0.5133444583582359,0.5293682431253501,0.7477201885019996,-0.09606481481481483,-0.0901851851851852,0.4121403540238788,0.18693004712550015,0.2284752275809702,0.7079763944663565,0.03204756953422838,0.0058796296296296235,0.00847534966665268,0.35190955092360016,0.12588716519807058,0.10922545220167318,0.0,0.7367137121363243,0.5863655266168968,0.28823109096605026,0.32554434064208865,0.4274798733853654,happy,03,18,18,female,strong,2054
20,0.6673333333333333,True,1.0,0.5729658594208058,0.5298666561206943,0.55141625777075,0.8931407525304521,-0.0874537037037037,-0.08490740740740738,0.5084660587405767,0.2089992667689953,0.22291803567531335,0.6173900991623928,0.04309920330011152,0.0025462962962963243,0.00689676104895888,0.31728150280467177,0.12284331022472335,0.1126379105938504,0.0,0.6037049058806843,0.5707650523646958,0.29725197090182537,0.3695868051625059,0.4733535158160201,happy,03,18,18,female,strong,2054
30,1.0010000000000001,True,1.0,0.5478292952359851,0.5258546611415246,0.5368419781887548,1.1360693906304251,-0.10023148148148153,-0.10319444444444442,0.5216785819043268,0.29771111634987707,0.23127111390097982,0.4725432993937559,0.021974634094460543,0.0029629629629628895,0.000894140236058471,0.24491936127001257,0.11722800395477496,0.11847097896880494,0.0,0.7190812254340062,0.5755862599414766,0.2916683052658759,0.36161073413570227,0.458266124475455,happy,03,18,18,female,strong,2054
40,1.3346666666666667,True,1.0,0.5459359996271387,0.532345294809224,0.5391406472181813,0.8939479629449142,-0.09291666666666676,-0.09388888888888886,0.43886326608150983,0.3324737465321092,0.22647514546268796,0.6031007055959964,0.01359070481791469,0.0009722222222220966,0.007343371876134915,0.294941755792988,0.12193687340440193,0.11361855778919586,0.0,0.7657897821368721,0.5713376178049344,0.296258739865628,0.3584522197021558,0.46015176985988815,happy,03,18,18,female,strong,2054
50,1.6683333333333334,True,1.0,0.440684118117051,0.4170416129887633,0.42886286555290715,0.9635272618707451,-0.09851851851851856,-0.1018518518518518,0.4152478550691198,0.34408602150537604,0.23697592733464706,0.4450967632407666,0.023642505128287694,0.0033333333333332438,0.007246994223769889,0.2747869050780499,0.11895792057766458,0.11673384642572261,0.0,0.6686546118747444,0.6079684627601041,0.31603704431382806,0.3393727469702342,0.48484918701931246,happy,03,18,18,female,strong,2054
60,2.0020000000000002,True,1.0,0.26403094741047306,0.2770370608196729,0.270534004115073,0.8653471032379761,-0.09555555555555562,-0.09800925925925918,0.49997176123415277,0.22340048112613872,0.22918797249443762,0.3126306231369846,0.013006113409199827,0.002453703703703569,0.0034281491915207213,0.3338700105519107,0.11765196935892955,0.11804995499819729,0.0,0.7928471545441441,0.5821578684442527,0.2938884854872191,0.33992912705762585,0.42403419604109016,happy,03,18,18,female,strong,2054
70,2.3356666666666666,True,1.0,0.38381857919952783,0.382103631575053,0.38296110538729045,0.9774253587843706,-0.09944444444444445,-0.1044444444444445,0.4087564980182236,0.3908332406206075,0.23056746813371862,0.3918059849230649,0.0017149476244748274,0.00500000000000006,0.021899027576112243,0.26487440983812266,0.12308534023071563,0.11237338114565523,0.0,0.6789528858060532,0.5709243342571404,0.2888044944917377,0.33572883219676397,0.3992547347803587,happy,03,18,18,female,strong,2054
80,2.6693333333333333,True,1.0,0.3120027628636914,0.30718443277013624,0.3095935978169138,0.9907292497651484,-0.08749999999999997,-0.08870370370370362,0.5003497951530318,0.2009498006599123,0.2403400044112291,0.31249062030852803,0.004818330093555145,0.0012037037037036513,0.0003655109613830356,0.2977681906054084,0.12414498317994847,0.11120162283488208,0.0,0.867752888817344,0.55573858563738,0.2924001338105001,0.36615736290314355,0.45180057411785357,happy,03,18,18,female,strong,2054
90,3.003,True,1.0,0.3092993020575165,0.29381202351321306,0.3015556627853648,0.9026952119225383,-0.08671296296296305,-0.08842592592592585,0.5212961534847171,0.15498575498575448,0.23403071179360327,0.33406144045354896,0.015487278544303429,0.0017129629629628051,0.008702180130040689,0.31813560478276987,0.12376464289236137,0.11145396804105917,0.0,0.7233096423727852,0.5744398471497975,0.29341269180561735,0.36215361136185276,0.45226958745584367,happy,03,18,18,female,strong,2054
100,3.336666666666667,True,1.0,0.3138519357926071,0.32553566193666417,0.31969379886463567,0.8097005398396774,-0.08444444444444443,-0.08449074074074064,0.5094158523932523,0.1395918711457515,0.22642258677395277,0.3948296723723758,0.01168372614405705,4.6296296296211015e-05,0.009903536990639495,0.3428364734000448,0.12659744166614278,0.10840140928036378,0.0,0.6742446512190847,0.5731747980207708,0.2893853432109411,0.3585796342147345,0.449828770855682,happy,03,18,18,female,strong,2054
110,3.6703333333333332,True,1.0,0.13095236761697818,0.11902647631348738,0.12498942196523277,0.7556756880627875,-0.09111111111111109,-0.09027777777777773,0.5031444126493624,0.09917998243492344,0.22849359280330056,0.1654008775717655,0.011925891303490796,0.0008333333333333526,0.00150044983160425,0.36582956989653886,0.12643258158446186,0.10859364661072025,0.0,0.725520468854902,0.5779722386610895,0.2886224318585324,0.34019598749068086,0.43130348067543084,happy,03,18,18,female,strong,2054
0,0.0,True,1.0,0.4301759348537146,0.42209752936321815,0.42613673210846637,0.6859665530731541,-0.0861574074074074,-0.08439814814814811,0.4238337491645348,0.17430297660055577,0.21527813217516756,0.6212208601124339,0.008078405490496432,0.0017592592592592937,0.002774986085833828,0.378429016983265,0.12540296041147236,0.10978103338112892,0.0,0.7744549618811473,0.5842249342393206,0.2864335176360525,0.3206590370287221,0.4210675083952438,happy,03,18,18,female,strong,2055
10,0.33366666666666667,True,1.0,0.4440343076229075,0.42817874572959136,0.43610652667624944,0.6630393921489466,-0.09527777777777785,-0.09273148148148141,0.44807522939706246,0.14437148054856125,0.22987305967706845,0.6577384870947178,0.01585556189331616,0.0025462962962964353,0.003824468924505336,0.38138958951528146,0.12533278664805197,0.10986114127044388,0.0,0.6930765832618482,0.5833403385885605,0.28644729088278814,0.3290413172089503,0.42712337852165394,happy,03,18,18,female,strong,2055
20,0.6673333333333333,True,1.0,0.2323713935443997,0.2281060541045905,0.23023872382449512,0.8081515819554171,-0.0879166666666667,-0.08916666666666667,0.5053820712922735,0.18062982768865138,0.2271239824689225,0.2848954688270307,0.004265339439809196,0.0012499999999999734,0.013036532275118704,0.3573216459927269,0.11812700783022304,0.11757460520968918,0.0,0.7209905493949907,0.5667729694846689,0.2869763759578517,0.3484449711016266,0.4462197599080867,happy,03,18,18,female,strong,2055
30,1.0010000000000001,True,1.0,0.23247863247863274,0.2076432263676812,0.22006092942315697,0.9717969010268407,-0.10152777777777777,-0.10097222222222224,0.5088213359788291,0.26157641807883025,0.2319654951358972,0.22644744924647478,0.02483540611095153,0.0005555555555555314,0.006214253366973214,0.2975616914173408,0.11861592984800243,0.11708133478778153,0.0,0.683029115924456,0.5673328756737069,0.28923532489283377,0.36592576886977785,0.4501817945531658,happy,03,18,18,female,strong,2055
40,1.3346666666666667,True,1.0,0.5922976588174209,0.5509397443317445,0.5716187015745827,0.7712950205679655,-0.0893518518518518,-0.092824074074074,0.5040166319995785,0.2492541117457866,0.22014200801357794,0.7411155087629824,0.041357914485676384,0.00347222222222221,0.005981181608875306,0.34983933000830203,0.12201235156718958,0.11353749968534999,0.0,0.7322571810774229,0.5774090278376975,0.2932769194606967,0.360523712011106,0.4584614856834892,happy,03,18,18,female,strong,2055
50,1.6683333333333334,True,1.0,0.623638323923951,0.5854935771578704,0.6045659505409107,0.9802438179389683,-0.08537037037037032,-0.08842592592592585,0.4400972000382563,0.31238539253000064,0.22709979543015532,0.6167505874324749,0.038144746766080595,0.0030555555555555336,0.006963688495671044,0.27837632291298725,0.11815646266476773,0.11738281029276139,0.0,0.9999999987499999,0.5629564333389606,0.2956013404729322,0.3537153857662598,0.46392867068339,happy,03,18,18,female,strong,2055
60,2.0020000000000002,True,1.0,0.630075230156376,0.5810005315017692,0.6055378808290726,0.8989554483125075,-0.1025462962962963,-0.10583333333333339,0.446396105956106,0.29959136775018486,0.2381973271370046,0.6736016584200811,0.049074698654606785,0.0032870370370370883,0.013428280083095606,0.3015135136383013,0.11710489161342812,0.11859267316890879,0.0,0.6821772381898132,0.5958014737144858,0.31587302541688067,0.33162379466126524,0.47762761014483135,happy,03,18,18,female,strong,2055
70,2.3356666666666666,True,1.0,0.41650600860530057,0.4164261318346249,0.41646607021996274,0.9644388782015004,-0.10884259259259266,-0.1110185185185184,0.3995004693057829,0.44731911440931227,0.23265987674813382,0.4318221503021474,7.987677067566867e-05,0.002175925925925748,0.00476732438632299,0.27132702036019324,0.12366841954005342,0.11173137329519568,0.0,0.6778433167941715,0.578157069538753,0.28984198205706346,0.3343228952656711,0.39907079787236904,happy,03,18,18,female,strong,2055
80,2.6693333333333333,True,1.0,0.23947781988446715,0.24937949973337956,0.24442865980892337,1.0533647062880873,-0.09523148148148158,-0.10060185185185183,0.49201628722792146,0.30094616307765487,0.2201402751719845,0.23204561378390626,0.00990167984891241,0.005370370370370248,0.012779467967662737,0.2763579998466717,0.11817536129974222,0.11752600457200259,0.0,0.8071096237233906,0.5689800943424245,0.29209314149099747,0.3413510726319125,0.43127290177826544,happy,03,18,18,female,strong,2055
90,3.003,True,1.0,0.26802195256564404,0.24999451830639685,0.2590082354360205,0.7631733792932871,-0.07555555555555549,-0.08087962962962952,0.5280212823577957,0.08529398064398296,0.23194970729641373,0.3393832154835733,0.018027434259247188,0.005324074074074037,0.0025187209156142766,0.39043262740684853,0.11648663868791799,0.11920000325566506,0.0,0.7705830929392307,0.6263990371617397,0.3152754891506505,0.3075112349866484,0.4393553442628144,happy,03,18,18,female,strong,2055
100,3.336666666666667,True,1.0,0.21148079810261416,0.20448678887116875,0.20798379348689144,0.8112773675482062,-0.07981481481481484,-0.07930555555555563,0.5342339977071867,0.1367294097807045,0.21533766265670737,0.2563658272822864,0.006994009231445414,0.0005092592592592093,0.0014975125560954925,0.341470218749002,0.12510729440679033,0.11011785802638961,0.0,0.7793296931170566,0.5776182569590336,0.2897583007770615,0.36076024910224763,0.46147052000974326,happy,03,18,18,female,strong,2055
110,3.6703333333333332,True,1.0,0.2631961475107158,0.23886849290527634,0.25103232020799604,0.710863772342126,-0.08222222222222214,-0.08134259259259263,0.5300832733561289,0.11391751416192436,0.21809054105509598,0.3531370284645462,0.024327654605439453,0.0008796296296295081,0.0037808097315739477,0.39662430204006605,0.11881377747942219,0.11688055462971804,0.0,0.8131341251364219,0.6344346168467387,0.313415134911472,0.301897997369608,0.4529656917449692,happy,03,18,18,female,strong,2055
0,0.0,True,1.0,0.47826960975931165,0.4477378326502244,0.463003721204768,0.6957090006773965,-0.08699074074074076,-0.08726851851851852,0.3942085549339653,0.2422558127358791,0.2118059157627288,0.6655134844510442,0.030531777109087277,0.0002777777777777657,0.0038112401335792683,0.37208053882948144,0.12441065795887978,0.1109043099086816,0.0,0.8070730988020466,0.6058505784423144,0.29274523332049096,0.30488826073521746,0.41794745140443673,happy,03,18,18,female,strong,2056
10,0.33366666666666667,True,1.0,0.47908669781534974,0.44240783483453716,0.46074726632494345,0.7127218901090961,-0.08648148148148149,-0.08648148148148155,0.3905987486166108,0.25007785617863015,0.21389031567999045,0.6464615058398403,0.03667886298081258,5.551115123125783e-17,0.002591477468635859,0.3749999999999995,0.12319358963670456,0.11225469808544064,0.0,0.7558731794609418,0.6044383177880527,0.2924484081942267,0.30349334686387025,0.41584644381915364,happy,03,18,18,female,strong,2056
20,0.6673333333333333,True,1.0,0.5903942584771222,0.577742445771219,0.5840683521241706,1.0426398342939482,-0.09254629629629635,-0.09546296296296292,0.4945667137216662,0.23831425674658482,0.23195628569345658,0.5601822728360348,0.01265181270590321,0.0029166666666665675,0.003573973386226081,0.26785329932653384,0.12055369875808725,0.11508511409126061,0.0,0.7007284485674529,0.5871658691210859,0.3015199941700857,0.35746473543621415,0.46415854454695793,happy,03,18,18,female,strong,2056
30,1.0010000000000001,True,1.0,0.604846487755094,0.5592115075639154,0.5820289976595047,0.8841111827867245,-0.10351851851851851,-0.10546296296296298,0.4758087177766285,0.2761944807962101,0.22919363152202057,0.6583210448995174,0.04563498019117862,0.0019444444444444708,0.007814184242922092,0.3133139076234048,0.11773355329378528,0.11796858987905548,0.0,0.6952372671042926,0.5864442790084785,0.2929663475692331,0.3465078970653788,0.45037167161296937,happy,03,18,18,female,strong,2056
40,1.3346666666666667,True,1.0,0.334072388157321,0.34209684135334656,0.3380846147553338,0.8498473537800864,-0.1015740740740741,-0.10412037037037036,0.49708042515771994,0.24907236687042172,0.22500135633271745,0.3978180472664264,0.008024453196025572,0.0025462962962962687,0.012297999320746072,0.3167838609581576,0.11527633965225918,0.12037085729116827,0.0,0.820789595306212,0.5679130396924394,0.2941655496766898,0.26241041301584367,0.31851285261320794,happy,03,18,18,female,strong,2056
50,1.6683333333333334,True,1.0,0.2423363448522358,0.2684850991496439,0.25541072200093984,0.7889331745980482,-0.09541666666666665,-0.10115740740740742,0.45306186668612974,0.25771092235092846,0.23195266759817104,0.32374189630328126,0.026148754297408122,0.0057407407407407685,0.006707525990988134,0.337490508212933,0.1163989009367851,0.11928568074047174,0.0,0.71263475960779,0.5850536575802194,0.295172868849639,0.30073379777219017,0.36841310107678077,happy,03,18,18,female,strong,2056
60,2.0020000000000002,True,1.0,0.5642229439332406,0.5016842557398984,0.5329535998365695,0.8066114945932249,-0.09810185185185194,-0.09907407407407409,0.4707476835970987,0.27040090464415223,0.22847222222222224,0.6607314716055945,0.06253868819334218,0.0009722222222221522,0.0058632396346044455,0.3353956476844694,0.11461223062037967,0.12100336508185319,0.0,0.9554185281699558,0.6433441405233967,0.3142050658409679,0.3086279162632313,0.45332766828931054,happy,03,18,18,female,strong,2056
70,2.3356666666666666,True,1.0,0.3054837352462493,0.3089508069792042,0.30721727111272673,1.0231858624075687,-0.08953703703703703,-0.09203703703703714,0.45391781898524003,0.3306787079539925,0.22016695942028902,0.30025558639936717,0.0034670717329549072,0.0025000000000001132,0.005446004077538545,0.28422913784872955,0.1216083146511772,0.11397015213405924,0.0,0.7071067807446058,0.5690413072416467,0.29112982090033923,0.35653687436756865,0.44315768710626446,happy,03,18,18,female,strong,2056
80,2.6693333333333333,True,1.0,0.20984049234641583,0.20034906216174292,0.20509477725407937,0.8392827281576358,-0.07268518518518513,-0.07287037037037031,0.5292953735047385,0.1579179918202006,0.20907193742222235,0.24436911468951145,0.009491430184672911,0.00018518518518517713,0.0039469431520437045,0.34490047294788445,0.12493734321938527,0.11031064336422328,0.0,0.6049373674041745,0.5644172177855518,0.28731499941362537,0.37104756709151515,0.45951853342077903,happy,03,18,18,female,strong,2056
90,3.003,True,1.0,0.2624893018022153,0.27374649345928037,0.26811789763074784,0.7393115943762787,-0.0712962962962963,-0.07523148148148157,0.5385906993296906,0.11880728013914288,0.21390172966618565,0.3626588567935904,0.011257191657065069,0.003935185185185264,0.0003806228583771333,0.3883580290822054,0.12306262470305751,0.11239825697623355,0.0,0.6800357364513795,0.5696687527745473,0.29481080779512187,0.3484451980100641,0.43125327064910485,happy,03,18,18,female,strong,2056
100,3.336666666666667,True,1.0,0.27301912699351966,0.22651949679435474,0.2497693118939372,0.7235723953535335,-0.07328703703703698,-0.07291666666666663,0.5321464374312425,0.13398196600824427,0.2118185226278855,0.34518911099683575,0.04649963019916492,0.00037037037037035425,0.008136502615478953,0.40273893523197396,0.12407371904330101,0.11128113053302657,0.0,0.6540223784883282,0.5711302780877976,0.28970336678699743,0.3501293056355554,0.4352506337507267,happy,03,18,18,female,strong,2056
110,3.6703333333333332,True,1.0,0.23581195843089905,0.22760430447083493,0.231708131450867,0.7311230792380385,-0.07601851851851854,-0.07726851851851851,0.5278564378078574,0.12633953750704977,0.21597363525015603,0.3169208277385368,0.00820765396006412,0.0012499999999999734,0.012129816794245447,0.3890003933691064,0.1250026234213407,0.11023666317509977,0.0,0.6809834230675801,0.5725799238054597,0.2891793419365153,0.3505984908458585,0.43878662180639205,happy,03,18,18,female,strong,2056
0,0.0,True,1.0,0.37278103103743054,0.3558048646759137,0.3642929478566721,0.700279018577459,-0.08134259259259263,-0.08393518518518522,0.4474514545595737,0.15080674122138013,0.2138920991554833,0.5202111418341417,0.01697616636151683,0.002592592592592591,0.023811272402715588,0.4069606779901747,0.12349127889502028,0.1119271272157204,0.0,0.6638063534131516,0.5826577981426947,0.2922413749430915,0.32133461190115986,0.43235200448181843,happy,03,18,18,female,strong,2057
10,0.33366666666666667,True,1.0,0.5355378998134462,0.4917683197398598,0.513653109776653,0.6966265325525796,-0.0939814814814815,-0.09060185185185182,0.4697362731594551,0.13512349024939949,0.224314058744324,0.7373435919739159,0.043769580073586445,0.003379629629629677,0.02399632196917671,0.39559159315994463,0.12098047098273673,0.11463639653413643,0.0,0.9999999987499999,0.63970922598727,0.31403978887126144,0.30012485354590507,0.4585754064902027,happy,03,18,18,female,strong,2057
20,0.6673333333333333,True,1.0,0.2618506446541832,0.2673690155344183,0.2646098300943007,0.9077488932363249,-0.09490740740740744,-0.09888888888888892,0.5031217814389283,0.2342534940926814,0.22651051463643204,0.2915011321588158,0.005518370880235102,0.003981481481481475,0.008134612357624079,0.3207389372766501,0.11807851686032077,0.117298907625501,0.0,0.7071067807446058,0.5632299883000074,0.2919729195588554,0.34675384680612065,0.4465441212298782,happy,03,18,18,female,strong,2057
30,1.0010000000000001,True,1.0,0.1972170281401494,0.19623709154840893,0.19672705984427918,0.8594163584519139,-0.09453703703703686,-0.09856481481481488,0.5017131348768621,0.27998422012121116,0.20626812479547246,0.22890774408651945,0.0009799365917404768,0.004027777777778019,0.010468582490064797,0.32935986165142905,0.11703121908059462,0.11866537628740617,0.0,0.7840479648994024,0.594645049183736,0.29965661561486223,0.3257106310104242,0.4273084193135503,happy,03,18,18,female,strong,2057
40,1.3346666666666667,True,1.0,0.4932974090975797,0.4488662628499549,0.4710818359737673,0.8833896757998237,-0.1004166666666666,-0.10356481481481494,0.4348140318881232,0.33126293995859285,0.22440383275130804,0.5332661778588802,0.044431146247624786,0.003148148148148344,0.003943587360741002,0.3023362765699057,0.11655068652372022,0.11913737969165607,0.0,0.8350995339622176,0.5961255476956409,0.29627301278623513,0.30255494862045496,0.394655873200392,happy,03,18,18,female,strong,2057
50,1.6683333333333334,True,1.0,0.6260763612799846,0.5951323815674396,0.6106043714237122,1.028149957981159,-0.1019444444444444,-0.10212962962962968,0.42819082262079045,0.38552741129332047,0.22259578671276178,0.5938864916385102,0.030943979712544922,0.00018518518518528815,0.0059668116996062425,0.2203604418810123,0.11813344484827555,0.11756813759592691,0.0,0.7353951615301383,0.6347899441651661,0.31501092066854874,0.3182672158390713,0.46904756999534686,happy,03,18,18,female,strong,2057
60,2.0020000000000002,True,1.0,0.48962662815826385,0.4571364099681479,0.4733815190632059,0.9438543174792903,-0.0868518518518519,-0.09092592592592602,0.47339126467287646,0.30620126588499436,0.2180559054383361,0.501540873730858,0.03249021819011594,0.004074074074074119,0.008772903433652399,0.29336373797443227,0.11751560211243928,0.11818570568823993,0.0,0.8452837804599355,0.5740313198873299,0.2956405448723042,0.3268215636109502,0.40420288184164965,happy,03,18,18,female,strong,2057
70,2.3356666666666666,True,1.0,0.6171955010445919,0.584073674886125,0.6006345879653585,1.0544963429286485,-0.10513888888888889,-0.10518518518518516,0.38563398742705524,0.44137931034482797,0.23542185189717302,0.5695938084500307,0.033121826158466816,4.6296296296266526e-05,0.0013622969387787167,0.2550653864710264,0.11376821815784725,0.12148400063725417,0.0,0.7735399671343623,0.6471681526438701,0.30989780795679434,0.3018821243911208,0.43770440070420313,happy,03,18,18,female,strong,2057
80,2.6693333333333333,True,1.0,0.32285350774182303,0.30557707782763627,0.31421529278472965,0.9444117642279977,-0.06902777777777763,-0.0706944444444444,0.5120360014162899,0.15738042405117822,0.22222531210552576,0.3327100579285801,0.017276429914186764,0.0016666666666667607,0.007197033376753525,0.314448055294282,0.11539529661826806,0.12009829032673469,0.0,0.9999999987499999,0.6210309484575081,0.3142777909561755,0.32417545918926305,0.4722424101098815,happy,03,18,18,female,strong,2057
90,3.003,True,1.0,0.23876095884088175,0.23057278176438445,0.2346668703026331,0.9621727211687847,-0.07166666666666666,-0.07453703703703701,0.5229089931760399,0.16952323736570202,0.22016695942028908,0.24389266619154937,0.0081881770764973,0.0028703703703703565,0.003958158836999272,0.2999956952457174,0.12315002927774672,0.11230248465107276,0.0,0.7878989617164877,0.562259396477341,0.2906366327142386,0.36520725246877667,0.45171132082439563,happy,03,18,18,female,strong,2057
100,3.336666666666667,True,1.0,0.2866289785728986,0.2824620819968377,0.2845455302848682,0.8111574968307204,-0.07425925925925925,-0.0750925925925926,0.5214910937544263,0.15037111869374,0.21458653321087062,0.3507894969800787,0.004166896576060897,0.0008333333333333526,0.009596102472348773,0.3539043118132697,0.12639162850609267,0.10864130896578238,0.0,0.8312923684558354,0.5615425731698929,0.28623060353449203,0.3660911990995221,0.45869743096005416,happy,03,18,18,female,strong,2057
110,3.6703333333333332,True,1.0,0.09644142033187918,0.08354529886695683,0.08999335959941801,0.7148238456947009,-0.08504629629629634,-0.0889814814814815,0.516949887144382,0.10078490729916398,0.2159810534951401,0.12589585551942248,0.012896121464922347,0.003935185185185153,0.016167927244785305,0.3895429036239883,0.12378343078585036,0.11143310138927591,0.0,0.6757666226424149,0.5653049105814201,0.28709303021887705,0.33677121206534627,0.42364182018996,happy,03,18,18,female,strong,2057
0,0.0,True,1.0,0.4582857752044583,0.43311804416451183,0.4457019096844851,0.6983929178823406,-0.08388888888888896,-0.08717592592592582,0.37575704817809175,0.3110860308598657,0.20488494447049796,0.6381821726313285,0.02516773103994646,0.0032870370370368662,0.016199440808173246,0.39925694171557663,0.1270834235597965,0.10783126275209336,0.0,0.8780060293286357,0.5989806753091863,0.2887575190772516,0.2974203455733986,0.40367181382124306,sad,04,18,18,female,normal,2058
10,0.33366666666666667,True,1.0,0.4577647372071756,0.4211283847775301,0.43944656099235285,0.6837606837606844,-0.08236111111111111,-0.08583333333333332,0.38071776383498557,0.31080031080031073,0.20557930840615515,0.6426905954513155,0.03663635242964547,0.00347222222222221,0.01640792300871296,0.3992778217302069,0.12527287612760532,0.10992945136275366,0.0,0.7211560874091683,0.6001265460481068,0.28802155580316563,0.2953744543019946,0.40252603576307283,sad,04,18,18,female,normal,2058
20,0.6673333333333333,True,1.0,0.1352272090359974,0.14871164243654483,0.1419694257362711,0.7313638968693323,-0.08666666666666661,-0.09060185185185177,0.3755196323865313,0.33409480083342774,0.20139835963871922,0.19411598842106337,0.013484433400547446,0.003935185185185153,0.014093724796900917,0.3878580801544839,0.12808038737470975,0.10664516932534915,0.0,0.7467658044152997,0.5942075418683099,0.2894376107014706,0.2995137153052473,0.39527956843424394,sad,04,18,18,female,normal,2058
30,1.0010000000000001,True,1.0,0.25355684738018547,0.24026638278205167,0.24691161508111859,0.9389991777981375,-0.0710648148148148,-0.07527777777777778,0.3799981672647497,0.43189103677825935,0.1916861703873071,0.26295189699750593,0.013290464598133794,0.004212962962962974,0.01814425877506249,0.31609117441687434,0.12573344862518437,0.10940236591175904,0.0,0.7942658070455249,0.5915034427833634,0.2914106907910628,0.32095917424628334,0.42555699215461806,sad,04,18,18,female,normal,2058
40,1.3346666666666667,True,1.0,0.3084607885858841,0.28785944875198805,0.2981601186689361,0.9085168097002815,-0.07509259259259266,-0.08157407407407397,0.3608004383549418,0.4540239249780746,0.1889086793991204,0.32818338140303505,0.02060133983389606,0.00648148148148131,0.03244516811948474,0.28146721482255527,0.12314040413992654,0.11214327750943465,0.0,0.7071067807446058,0.5975964514008729,0.2960312233810171,0.31340189561674475,0.4110191746938815,sad,04,18,18,female,normal,2058
50,1.6683333333333334,True,1.0,0.2556025845654253,0.2915317072620736,0.2735671459137494,1.0204780490011873,-0.08106481481481481,-0.09342592592592597,0.3839532880284303,0.4614793115580026,0.19936067097489074,0.2680774429018915,0.03592912269664833,0.012361111111111156,0.04167092236881185,0.26881684453591564,0.12672420849981697,0.10825318817723156,0.0,0.6336564235526143,0.5962749300657764,0.29721335796119913,0.31919261663637416,0.4235404063019115,sad,04,18,18,female,normal,2058
60,2.0020000000000002,True,1.0,0.1522520686292495,0.141817354514856,0.14703471157205275,0.9775867443351158,-0.09393518518518512,-0.10476851851851843,0.3716589899260682,0.4322143514008127,0.19801532628674093,0.15040579511136393,0.010434714114393506,0.010833333333333306,0.04445916274747818,0.2679446378844021,0.1232806550966188,0.11164831394178375,0.0,0.7071067807446058,0.5975943376569379,0.29511984165640903,0.305876008470683,0.4061140618908417,sad,04,18,18,female,normal,2058
70,2.3356666666666666,True,1.0,0.36194947969529334,0.364658001043737,0.3633037403695152,0.9789165698354426,-0.0869907407407407,-0.09935185185185175,0.3548923987458775,0.4496555771842867,0.20632248962864547,0.3711284000745713,0.002708521348443682,0.012361111111111045,0.0402328310102912,0.2739109014868198,0.12358950570507979,0.11181865608861395,0.0,0.7071067807446058,0.595610614980367,0.29585312111167766,0.2980463704776306,0.39419228013737284,sad,04,18,18,female,normal,2058
80,2.6693333333333333,True,1.0,0.3441594333306804,0.3430430404900723,0.34360123691037636,0.7561685534350733,-0.07935185185185184,-0.09175925925925932,0.36085636430635987,0.36489247815361314,0.1987220957950593,0.4543976807148182,0.0011163928406081047,0.012407407407407478,0.04072110725477296,0.3892958497771532,0.1280549226450862,0.10667574493256114,0.0,0.633064220947775,0.5936229943305447,0.2953631173499388,0.30069002440610637,0.397445438586205,sad,04,18,18,female,normal,2058
90,3.003,True,1.0,0.36146289462634645,0.378042815558183,0.36975285509226474,0.7205060128492466,-0.08171296296296293,-0.09171296296296289,0.36596589520142564,0.3535346734730235,0.20360753778916188,0.513184967922855,0.016579920931836523,0.009999999999999953,0.04393143731737108,0.3930485795225003,0.12668573138069406,0.10829821436622121,0.0,0.7335765931495665,0.5999622784817052,0.2941627946416836,0.2983258838174495,0.39829517486836125,sad,04,18,18,female,normal,2058
100,3.336666666666667,True,1.0,0.38585971358637633,0.3852112117489013,0.38553546266763883,0.7414005396393388,-0.08050925925925922,-0.08907407407407408,0.36556911918313756,0.36424037391134934,0.2014529024894326,0.5200096871458795,0.0006485018374750018,0.008564814814814858,0.03757063339084893,0.36886818702146196,0.12568779243323416,0.10945481535010558,0.0,0.8661321895175206,0.5993195504608094,0.2935460250850471,0.29510077780646815,0.39725056941659165,sad,04,18,18,female,normal,2058
0,0.0,True,1.0,0.4514092789118186,0.4463605041680123,0.44888489153991545,0.6955944567637247,-0.08624999999999994,-0.08930555555555558,0.3672226110727688,0.2898310236515521,0.21391777955388394,0.6453255732203024,0.0050487747438062724,0.0030555555555556446,0.019804713028412694,0.39583333333333404,0.12432221529127511,0.11100344388855907,0.0,0.6747731683599177,0.6003104052167741,0.2884601466996757,0.2946225140019706,0.4058274943575095,sad,04,18,18,female,normal,2059
10,0.33366666666666667,True,1.0,0.3635045172783545,0.3670956898990887,0.36530010358872156,0.7110896547503242,-0.07944444444444448,-0.08416666666666672,0.3738510261268833,0.31108603085986486,0.20626331633148565,0.5137187711118997,0.0035911726207342176,0.004722222222222239,0.01583242610960366,0.41219652834206366,0.12418488592802289,0.11098553027094143,0.0,0.8160376432021564,0.5968544153286315,0.28732256832769554,0.2971371986161588,0.4067734403497741,sad,04,18,18,female,normal,2059
20,0.6673333333333333,True,1.0,0.21884420454621217,0.1913503729891816,0.2050972887676969,0.7942004085948631,-0.07092592592592589,-0.07416666666666666,0.37278370637351094,0.3781303869189934,0.19239323451473514,0.2582437462234056,0.027493831557030585,0.0032407407407407662,0.02784849631915444,0.35743843180783674,0.12511799733719978,0.11010569700300621,0.0,0.7068239719013212,0.591963043154762,0.2887338764429826,0.3144378466313767,0.4128139898513111,sad,04,18,18,female,normal,2059
30,1.0010000000000001,True,1.0,0.2587415864183989,0.2554082096942209,0.2570748980563099,0.9078400702223259,-0.07152777777777775,-0.0762962962962963,0.3739612534511569,0.40973890668250523,0.1937751999740937,0.2831720106751329,0.0033333767241779944,0.004768518518518561,0.025667223269462445,0.3127703120701678,0.12214149267474023,0.11339856055915522,0.0,0.7128868053383148,0.5949493811274511,0.28964438964197464,0.3102688039555645,0.41782518933412477,sad,04,18,18,female,normal,2059
40,1.3346666666666667,True,1.0,0.16898530848200505,0.17341314441413946,0.17119922644807226,1.0397884279534457,-0.08162037037037034,-0.09287037037037038,0.3738513315126991,0.3991961810515269,0.20212108351226893,0.16464813595303576,0.004427835932134416,0.011250000000000038,0.03252744542074374,0.2684821175033746,0.12278010783913318,0.11270680054442167,0.0,0.6926752815243123,0.5981143524988121,0.2887673515306969,0.31988203541965077,0.41322324287438256,sad,04,18,18,female,normal,2059
50,1.6683333333333334,True,1.0,0.22213653792282642,0.21964575784421822,0.22089114788352232,0.923747337731237,-0.07671296296296293,-0.08361111111111108,0.4075024809443438,0.3157031127695447,0.20347822149384784,0.2391250711758915,0.0024907800786082013,0.006898148148148153,0.010546731940385677,0.32752334328477706,0.12361448399343059,0.11179104220385078,0.0,0.9999999987499999,0.5956037498593189,0.29130450226671417,0.3279348788963233,0.43778004823450367,sad,04,18,18,female,normal,2059
60,2.0020000000000002,True,1.0,0.12289320090257734,0.12524494107329537,0.12406907098793635,0.9258482405943693,-0.08476851851851847,-0.09263888888888883,0.39318568347174904,0.34264751963585777,0.19800338183938943,0.13400583977811242,0.002351740170718028,0.007870370370370361,0.014716514825678834,0.3151617728900305,0.12186375907254142,0.11369697442946491,0.0,0.8345930962306349,0.5908097581845239,0.2914285763501391,0.3176364106764827,0.4254587156048856,sad,04,18,18,female,normal,2059
70,2.3356666666666666,True,1.0,0.18495805985902494,0.19497283189989362,0.1899654458794593,0.8999653725723981,-0.08893518518518512,-0.0919444444444445,0.35192079773971485,0.36364567781405815,0.2023383874235772,0.2110808389621429,0.010014772040868675,0.003009259259259378,0.04033169177584744,0.3032889532497343,0.12431736823502619,0.11083711371930327,0.0,0.7071067807446058,0.5900650859718887,0.2882124576622364,0.30467326659294397,0.40604880321638875,sad,04,18,18,female,normal,2059
80,2.6693333333333333,True,1.0,0.20640929308742287,0.19643959592555785,0.20142444450649036,0.7209974046177324,-0.08527777777777773,-0.08773148148148152,0.3783690910965633,0.3104100064587877,0.19949074418220805,0.27936916723477545,0.009969697161865021,0.002453703703703791,0.024115493700983214,0.38401757828756555,0.12676745472514597,0.10820254245129984,0.0,0.6805626506937604,0.5928114429443653,0.2891146884093064,0.3069779763637263,0.4038646318968544,sad,04,18,18,female,normal,2059
90,3.003,True,1.0,0.24745281820253318,0.2651765549636421,0.25631468658308765,0.6737735294745746,-0.08560185185185187,-0.08898148148148144,0.37642073418417715,0.3241282378495826,0.19872209579505937,0.3804166761834176,0.017723736761108944,0.003379629629629566,0.02188123399262228,0.3993664345038031,0.12436182098492857,0.11095907016264041,0.0,0.8271425201372976,0.5922186604407388,0.2883057651743314,0.29802276598808364,0.4032358106800094,sad,04,18,18,female,normal,2059
100,3.336666666666667,True,1.0,0.34984616404542135,0.3419326646633257,0.34588941435437354,0.6670927891727161,-0.08245370370370375,-0.08500000000000002,0.36673229148985914,0.32054894209529156,0.20288648318920718,0.5185027030247509,0.007913499382095623,0.0025462962962962687,0.01675345450573309,0.4470109022450893,0.12488640642621732,0.11036830731678855,0.0,0.9414886996133635,0.5931099845485069,0.287324780362532,0.29807524440074307,0.4059102067307492,sad,04,18,18,female,normal,2059
0,0.0,True,1.0,0.46451727883304444,0.4557949173160981,0.46015609807457125,0.7827195941179879,-0.09314814814814809,-0.094212962962963,0.35955353400629025,0.3648103500805641,0.21322342920306844,0.5878939297451737,0.008722361516946331,0.0010648148148149073,0.015688067532529864,0.3436229652576323,0.1268569265739427,0.10809763156799822,0.0,0.6551441351161196,0.6068568479344864,0.29651063536472755,0.28931843785046063,0.3966790059112502,sad,04,18,18,female,normal,2060
10,0.33366666666666667,True,1.0,0.47204014308600545,0.4428166713446224,0.4574284072153139,0.793199693346341,-0.09134259259259253,-0.09398148148148144,0.34831475662891725,0.3692307692307692,0.21392455581158973,0.5766875744562138,0.029223471741383067,0.002638888888888913,0.02284099736543439,0.33942369303616593,0.1241469316254784,0.11119944756149916,0.0,0.8344816964623117,0.6084631247420843,0.29696944105849354,0.28507976807852947,0.39546116845131624,sad,04,18,18,female,normal,2060
20,0.6673333333333333,True,1.0,0.22869276123560817,0.2157074431068599,0.22220010217123404,0.7810739458758318,-0.10245370370370371,-0.10833333333333345,0.3510235634140585,0.3568699925122331,0.21460608698134462,0.2844802381957283,0.012985318128748258,0.0058796296296297346,0.02062468974669855,0.359250175421569,0.12276148395089678,0.1127270856002651,0.0,0.8154332847140543,0.6083146030052645,0.29729723025878974,0.27921275044586435,0.3869638127400195,sad,04,18,18,female,normal,2060
30,1.0010000000000001,True,1.0,0.399956639704512,0.3640939713217989,0.38202530551315544,0.9632946117764698,-0.09050925925925929,-0.09699074074074071,0.348196535745796,0.39340897979602457,0.21463452564928698,0.39658200185365877,0.035862668382713125,0.0064814814814814214,0.022856474106198506,0.2865629832665542,0.12507172774861833,0.1101582529277004,0.0,0.7029470902236431,0.6044979645451932,0.2905216134177852,0.2930912339840503,0.40031411952316664,sad,04,18,18,female,normal,2060
40,1.3346666666666667,True,1.0,0.2659146266634261,0.24955012512678687,0.25773237589510645,0.9005924030112181,-0.09842592592592597,-0.10550925925925925,0.3492451266027696,0.4024790480688045,0.20561827198298474,0.28618093494165975,0.01636450153663921,0.007083333333333275,0.035435690085317315,0.31674755286516265,0.12431908101712129,0.11100695412971039,0.0,0.8559282834715561,0.6047262429659365,0.29668249295100085,0.2844212962024054,0.38882288616310395,sad,04,18,18,female,normal,2060
50,1.6683333333333334,True,1.0,0.3105562969975777,0.2993946627190065,0.3049754798582921,1.048376529833379,-0.09652777777777777,-0.10388888888888881,0.34972952066018037,0.45015894123535793,0.20009763241977646,0.2909026205563402,0.011161634278571197,0.0073611111111110406,0.03354801392252206,0.26081750365986883,0.12281748847221312,0.11266606541075563,0.0,0.9999999987499999,0.6043403295927747,0.2983065305399417,0.2865165054395953,0.39267717758391224,sad,04,18,18,female,normal,2060
60,2.0020000000000002,True,1.0,0.23313914946188663,0.222275114089902,0.2277071317758943,1.0408511738698634,-0.09254629629629635,-0.10004629629629624,0.335215037635502,0.4639489530862742,0.20285150821982148,0.21877011574025884,0.010864035371984632,0.007499999999999896,0.027901731962853924,0.26729304885256916,0.1257625354758325,0.10936892813309476,0.0,0.8858187504144641,0.6058991475105668,0.2968023939555661,0.29402488968287044,0.3984745388629395,sad,04,18,18,female,normal,2060
70,2.3356666666666666,True,1.0,0.4224372765603041,0.419243219329695,0.4208402479449995,1.0260352661889292,-0.08263888888888882,-0.09009259259259256,0.33152632356646466,0.47003670956323435,0.2028624150400572,0.41016158197773683,0.0031940572306091153,0.00745370370370374,0.04814033047707079,0.2736564177750287,0.12455820910679499,0.11073856741985758,0.0,0.6762150623889672,0.6031234788524785,0.2989009436614694,0.2922585735519157,0.3978303026361396,sad,04,18,18,female,normal,2060
80,2.6693333333333333,True,1.0,0.4458505729869948,0.44694760216833157,0.4463990875776632,0.8025904663770659,-0.07870370370370366,-0.08490740740740743,0.33435319498828664,0.4011194867687728,0.2028996442506895,0.5561978447024563,0.0010970291813367505,0.006203703703703767,0.037619682378723325,0.35683533596913125,0.12430476784515752,0.11102298167959229,0.0,0.7265109510148621,0.5986073537305547,0.29069249035568645,0.2894370575597029,0.4079350573393763,sad,04,18,18,female,normal,2060
90,3.003,True,1.0,0.43907389256131374,0.4055270035277577,0.4223004480445357,0.7068034061215134,-0.07861111111111108,-0.0860185185185186,0.3427514161197524,0.3671712729950497,0.20219241210169525,0.597479361852331,0.033546889033556015,0.007407407407407529,0.04072478181390453,0.4194740154863673,0.1262270725905793,0.1088324580050541,0.0,0.8012555369686422,0.6007686825355142,0.28953592020455843,0.2907508337186123,0.4077989080953076,sad,04,18,18,female,normal,2060
100,3.336666666666667,True,1.0,0.4071869096048432,0.40597852319400257,0.4065827163994229,0.7188201428406352,-0.08097222222222222,-0.08620370370370367,0.3491055309719264,0.3593291307445269,0.203556570740028,0.5656251017016417,0.001208386410840645,0.005231481481481448,0.0384136008109789,0.3824549128236411,0.12455760229846066,0.1107392499512279,0.0,0.7071067807446058,0.6010844068252301,0.28960225454136124,0.2882646388483806,0.4047680752156875,sad,04,18,18,female,normal,2060
0,0.0,True,1.0,0.5278054288657607,0.49114252504259254,0.5094739769541766,0.790054955951499,-0.09152777777777776,-0.09472222222222221,0.3606369510545186,0.36210852147777106,0.21182320498670149,0.644858909011708,0.036662903823168114,0.003194444444444444,0.026334841132199284,0.33749999999999997,0.1295761441598573,0.1048227104942355,0.0,0.6563222085178977,0.6048437510551096,0.2959242090088938,0.29400034834223776,0.3983947888802062,sad,04,18,18,female,normal,2061
10,0.33366666666666667,True,1.0,0.4924278552858787,0.4710656877745316,0.4817467715302052,0.7579109636463701,-0.09018518518518515,-0.09342592592592591,0.36271310445916594,0.3658880514154886,0.2146188848482513,0.6356244923710868,0.021362167511347063,0.0032407407407407662,0.022134723394668706,0.35925017542156834,0.12625844317756948,0.10879606287237525,0.0,0.8938628970720437,0.605223143382353,0.2887123031725453,0.2943812382596419,0.4052162073965643,sad,04,18,18,female,normal,2061
20,0.6673333333333333,True,1.0,0.2736634500921303,0.27295451107925156,0.2733089805856909,0.7395970999962157,-0.09652777777777777,-0.10203703703703704,0.36456202081547,0.34384777455964477,0.2104398708327656,0.3695376585266348,0.0007089390128787176,0.005509259259259269,0.021169416135634254,0.3749999999999995,0.12303478805468242,0.11242872719261694,0.0,0.8384723812976538,0.6062527133587811,0.29602120134857346,0.28035696242748354,0.38907846281206654,sad,04,18,18,female,normal,2061
30,1.0010000000000001,True,1.0,0.20662426832907238,0.22324554687110498,0.21493490760008868,1.2243527635106632,-0.09546296296296297,-0.10555555555555546,0.3247517191154273,0.5318196776840091,0.20764476777723617,0.17554982028528476,0.016621278542032603,0.010092592592592486,0.017322382196991927,0.2011731263482767,0.1261859938061415,0.10870496212198207,0.0,0.7071067807446058,0.6065422211775335,0.2962299145726214,0.30486463109127604,0.40585160592337344,sad,04,18,18,female,normal,2061
40,1.3346666666666667,True,1.0,0.24008045069029768,0.24142432688543314,0.24075238878786542,1.0718348404161566,-0.1017129629629629,-0.10921296296296296,0.323482885564844,0.5787685486199825,0.20772154547471228,0.22461705825348013,0.0013438761951354572,0.007500000000000062,0.030858734121399577,0.2341160352759036,0.12441648196577332,0.11089777628713902,0.0,0.6606551892136275,0.6097681182863771,0.29656505220807855,0.29853881049553405,0.3961888834647445,sad,04,18,18,female,normal,2061
50,1.6683333333333334,True,1.0,0.2758246276271684,0.29592278345871864,0.28587370554294356,1.2021457722583264,-0.10027777777777774,-0.10722222222222216,0.3366004447388862,0.5588388042318454,0.2021924121016952,0.2378028622983942,0.020098155831550224,0.00694444444444442,0.04039181750593389,0.2314432406407593,0.12237863724192731,0.11314259550041257,0.0,0.9999999987499999,0.6048606172937925,0.2953759909727867,0.2958657905872763,0.41484150447848667,sad,04,18,18,female,normal,2061
60,2.0020000000000002,True,1.0,0.2411240979551914,0.21255509964529012,0.22683959880024077,1.2390506660666147,-0.09847222222222218,-0.10634259259259266,0.32198228345373836,0.5607751934312678,0.19940352799112815,0.18307532130251505,0.028568998309901283,0.007870370370370472,0.05072526246265345,0.2145167040437953,0.12643436924817386,0.10859156524852423,0.0,0.8156452744898662,0.6057869301392431,0.29566988813764206,0.2996790879716489,0.40836658828947203,sad,04,18,18,female,normal,2061
70,2.3356666666666666,True,1.0,0.27844896196860086,0.2836718857330853,0.28106042385084307,1.3337288107001213,-0.1036111111111111,-0.11175925925925922,0.24749912545259994,0.8091111029920032,0.2146188848482513,0.21073281284469259,0.005222923764484466,0.008148148148148127,0.038237605994775686,0.17101367553237987,0.11919134602058852,0.11649549692292507,0.0,0.7837240832921715,0.6564514175045019,0.31070489772463444,0.27811964464729627,0.43032999967776275,sad,04,18,18,female,normal,2061
80,2.6693333333333333,True,1.0,0.2673657719331463,0.27262541235687404,0.2699955921450102,0.8930550083671548,-0.09486111111111106,-0.10499999999999993,0.3404723941074621,0.46032150215990764,0.2035681893519942,0.30232806447014404,0.0052596404237277294,0.010138888888888864,0.035434264256639654,0.3458435200513053,0.11773656344008183,0.11796558565396581,0.0,0.9999999987499999,0.6570359583520908,0.3124867667586247,0.26542688057221003,0.4245163390324307,sad,04,18,18,female,normal,2061
90,3.003,True,1.0,0.23133848621183864,0.2122063561686469,0.22177242119024276,0.6944214142222114,-0.0945833333333333,-0.10101851851851851,0.3434570216380646,0.39579516048659585,0.20277815402154253,0.3193628777111368,0.019132130043191753,0.00643518518518521,0.01880016250696145,0.4069447637439184,0.12718866928977302,0.10770710364026702,0.0,0.7554147930199824,0.6040461509838311,0.28971708099957444,0.2856262348897712,0.3952833458573455,sad,04,18,18,female,normal,2061
100,3.336666666666667,True,1.0,0.20761369963434953,0.19116720140400859,0.19939045051917906,0.6950710108604854,-0.09509259259259262,-0.10129629629629633,0.35683889587365,0.3742690058479541,0.20416816139971555,0.28686342460511666,0.016446498230340945,0.006203703703703711,0.018060626726275744,0.4115072889883385,0.12607567453726737,0.10900780733582711,0.0,0.9083953787036148,0.6050210828472015,0.28986497774891823,0.28602609548746427,0.39360870598818837,sad,04,18,18,female,normal,2061
0,0.0,True,1.0,0.42340939198013605,0.4016887553966037,0.4125490736883699,0.6372503450939815,-0.08671296296296294,-0.08805555555555555,0.3896362321745688,0.25614964851816924,0.20903106270057495,0.6473893295852626,0.02172063658353235,0.0013425925925926174,0.011287360859780616,0.3975426729988317,0.1249041127004413,0.11034826868014436,0.0,0.6879196912868004,0.6052294104985744,0.29214313071707376,0.2900070652599316,0.40383903935133214,sad,04,18,18,female,strong,2062
10,0.33366666666666667,True,1.0,0.12903225806451676,0.12900803021304622,0.1290201441387815,0.7998102458158374,-0.07495370370370374,-0.08148148148148149,0.39463469215221986,0.25614964851816924,0.19652777777777775,0.16131344254933364,2.422785147054851e-05,0.0065277777777777435,0.019209237920257555,0.36063444481062595,0.12174566686573503,0.11382341748971327,0.0,0.8537978424121277,0.6013012189016232,0.2952230674373074,0.30080497008853085,0.4083185634423387,sad,04,18,18,female,strong,2062
20,0.6673333333333333,True,1.0,0.1602914389799643,0.1611907175005847,0.1607410782402745,0.8487911825571346,-0.07041666666666663,-0.07643518518518527,0.43451684358955633,0.26594709087781915,0.19930708674523123,0.18937647037757083,0.0008992785206203835,0.006018518518518645,0.020290278377452377,0.3677314526819545,0.12245786081126975,0.1130568445315182,0.0,0.8806060507286007,0.5991081250468938,0.29827782649988327,0.3323196201119993,0.43126289772819937,sad,04,18,18,female,strong,2062
30,1.0010000000000001,True,1.0,0.13895234058193298,0.12083867311043088,0.12989550684618192,0.8775833677805122,-0.0725925925925926,-0.07935185185185184,0.4415659104921964,0.2888175847069094,0.19653748277500976,0.14801500531476505,0.0181136674715021,0.006759259259259243,0.01485589717407533,0.3417634886449855,0.12292637372949831,0.11254725412745112,0.0,0.900690534259401,0.5925908999224689,0.2966459321893213,0.33751222707333045,0.439920480880315,sad,04,18,18,female,strong,2062
40,1.3346666666666667,True,1.0,0.11863569013759621,0.14942150080091554,0.13402859546925588,0.8138896314088157,-0.07148148148148142,-0.07916666666666655,0.42658268303533486,0.25206461531692403,0.19724117659584228,0.16467662235388952,0.030785810663319327,0.007685185185185128,0.016878911524877093,0.3487009186306378,0.12193167469248016,0.11362413685670338,0.0,0.6719197589509424,0.5919790431250624,0.2951618881172437,0.330938450432961,0.4279395210762423,sad,04,18,18,female,strong,2062
50,1.6683333333333334,True,1.0,0.13160715687642585,0.10225896928934,0.11693306308288293,1.2760008089148325,-0.07643518518518516,-0.08527777777777779,0.40667429166231944,0.3398271151598053,0.19930593835407728,0.09164027347469159,0.02934818758708585,0.008842592592592624,0.014570859797671207,0.23146835391885373,0.12204050217191478,0.11350724029484965,0.0,0.8280681945503864,0.59005306640625,0.29758635800502303,0.3298660448556056,0.43121715661346727,sad,04,18,18,female,strong,2062
60,2.0020000000000002,True,1.0,0.18708062486662133,0.1864278826176056,0.18675425374211346,0.6783480791084755,-0.07199074074074074,-0.08041666666666669,0.42008421664454987,0.13449372530856413,0.20903690243586584,0.2753074114804847,0.0006527422490157364,0.008425925925925948,0.018899688325132728,0.41736249346000576,0.12216894469387138,0.11336898483354485,0.0,0.6969286357511748,0.5897454831620148,0.29640484519088467,0.32017163673574683,0.419381071400922,sad,04,18,18,female,strong,2062
70,2.3356666666666666,True,1.0,0.1552028218694877,0.15404824047154966,0.1546255311705187,0.9359184734733185,-0.07412037037037028,-0.08398148148148155,0.40940016850839767,0.254653899240697,0.2152777777777778,0.16521260724417874,0.0011545813979380315,0.009861111111111265,0.017273137504162706,0.29925014857555887,0.12142016904671159,0.11383634052189055,0.0,0.7767492855786924,0.5897996118447378,0.296506213132589,0.3290390045944525,0.4215118621212134,sad,04,18,18,female,strong,2062
80,2.6693333333333333,True,1.0,0.1777113220926041,0.18120601170930367,0.17945866690095388,0.8434252200137226,-0.07611111111111107,-0.08615740740740746,0.4271469920632421,0.16305762327148765,0.21736251511017093,0.2127736551416308,0.0034946896166995756,0.010046296296296386,0.008665803871375865,0.3534972872490407,0.12336686060230734,0.11189410854747887,0.0,0.7071067807446058,0.5855044795808949,0.2976697383666186,0.3256422985638194,0.41489257669123947,sad,04,18,18,female,strong,2062
90,3.003,True,1.0,0.19444444444444456,0.20123484300938477,0.19783964372691465,0.761930078794431,-0.076851851851852,-0.08560185185185187,0.4358088685836028,0.19875776397515552,0.20903106270057495,0.259655904436727,0.006790398564940209,0.008749999999999869,0.014062112068744722,0.38313944279560486,0.12252497612941046,0.1129841050520595,0.0,0.7716729672665024,0.592198942952181,0.29612161066254145,0.3135281871783773,0.41341107527924,sad,04,18,18,female,strong,2062
100,3.336666666666667,True,1.0,0.19468273983814333,0.22612577007617216,0.21040425495715775,0.6518401626590825,-0.07430555555555551,-0.08333333333333337,0.4089204475973799,0.1599887638723248,0.2055555555555555,0.3227850430370011,0.03144303023802883,0.009027777777777857,0.02030780998052352,0.42952299170157116,0.12200427055546237,0.11304169095147366,0.0,0.8032506491071105,0.5963094264971615,0.2948587348959746,0.30067698884806654,0.4065920112683414,sad,04,18,18,female,strong,2062
110,3.6703333333333332,True,1.0,0.2631961475107158,0.26616776188992997,0.26468195470032285,0.5806999577588067,-0.07277777777777772,-0.08152777777777775,0.4070277386945015,0.17183978341842276,0.2055588959660192,0.4557981297636986,0.0029716143792141714,0.008750000000000036,0.030305220174399378,0.4821428571428568,0.12551363209309588,0.10965448430884671,0.0,0.7785337071180878,0.5900512136651536,0.2925344774366058,0.3004132867758562,0.40464544962936616,sad,04,18,18,female,strong,2062
0,0.0,True,1.0,0.12212268545685193,0.125137465040311,0.12363007524858147,0.7326167910414838,-0.0856481481481482,-0.09152777777777771,0.3889037877731965,0.2483333890271411,0.20069482459384647,0.16875135372317862,0.003014779583459082,0.0058796296296295125,0.009846822088731541,0.3817150465804313,0.12489133755475483,0.11036272728520606,0.0,0.700646106003551,0.6044721077337185,0.2937897598622947,0.29267080927720596,0.40102449282699865,sad,04,18,18,female,strong,2063
10,0.33366666666666667,True,1.0,0.20063438315118823,0.21773144317196405,0.20918291316157614,0.748566922527396,-0.06597222222222221,-0.07050925925925933,0.41823151633691624,0.23391812865497,0.19168099612422096,0.2794445050488061,0.017097060020775823,0.004537037037037117,0.014242890087647482,0.3954925373664404,0.12176975031933442,0.11363010925451207,0.0,0.8104802650907841,0.5952027204084758,0.295230254094473,0.31742244784306173,0.4226385693597751,sad,04,18,18,female,strong,2063
20,0.6673333333333333,True,1.0,0.18342151675484952,0.17057318692929632,0.17699735184207294,0.8296564149115231,-0.07347222222222222,-0.0819907407407407,0.40889173083263985,0.2607407407407409,0.20487042134711544,0.21333813451071604,0.0128483298255532,0.00851851851851848,0.0170569749527722,0.3535600135926331,0.12444714110671376,0.11086337014723541,0.0,0.6720837114950968,0.5872935845822703,0.2964597095388127,0.3232078560038382,0.41931400503385097,sad,04,18,18,female,strong,2063
30,1.0010000000000001,True,1.0,0.15277777777777765,0.14333388132004096,0.1480558295489093,0.9123044236119602,-0.07763888888888892,-0.08675925925925915,0.4144750492450201,0.31578947368421045,0.2048614835286752,0.16228774706882645,0.009443896457736689,0.009120370370370223,0.01847654533597895,0.33196978402532135,0.12299007248322746,0.11247764151346408,0.0,0.7158435838337031,0.5882208353419494,0.2957147045570139,0.3198506073806222,0.4193435079060159,sad,04,18,18,female,strong,2063
40,1.3346666666666667,True,1.0,0.17272641288756152,0.16433643873926615,0.16853142581341385,0.8595807896443978,-0.06754629629629616,-0.0767592592592592,0.43092647959020386,0.17523246367316006,0.20770097624356026,0.1960623455569942,0.00838997414829537,0.009212962962963034,0.024214718261771573,0.3627441544963086,0.11938878583545395,0.11612920235026643,0.0,0.9999999987499999,0.5912633995160563,0.29856336182600124,0.32822878203433165,0.4298248191329333,sad,04,18,18,female,strong,2063
50,1.6683333333333334,True,1.0,0.14547258036343477,0.12121620095546529,0.13334439065945003,0.9527304641531957,-0.07148148148148137,-0.07740740740740737,0.452740336704738,0.1766156958026862,0.20556891687172846,0.13996024655091613,0.024256379407969486,0.005925925925926001,0.019390362893566875,0.3225014710913299,0.11964744890910131,0.1160270043530333,0.0,0.7482689881593584,0.6410506998815152,0.31435311716740055,0.313216010528581,0.4579111345964058,sad,04,18,18,female,strong,2063
60,2.0020000000000002,True,1.0,0.15314318756938236,0.14413965298370474,0.14864142027654353,0.9858808756769476,-0.08347222222222217,-0.09365740740740741,0.4183515183523997,0.21206088212081076,0.21319587588304287,0.1507701629514621,0.009003534585677625,0.010185185185185242,0.01850135173877471,0.2945357930176535,0.12275247216378418,0.11256777691628052,0.0,0.8368039542624824,0.5856806254298594,0.2953108708001013,0.3306499620624029,0.43082634354296134,sad,04,18,18,female,strong,2063
70,2.3356666666666666,True,1.0,0.20071684587813596,0.19786015654229044,0.1992885012102132,1.07473050909819,-0.07796296296296296,-0.08712962962962967,0.3628742007329745,0.38474295190713076,0.20694481311284513,0.18543113787421633,0.0028566893358455137,0.009166666666666712,0.01246607712328681,0.27080721506977556,0.1218392190869178,0.11372327141797109,0.0,0.7386276920488335,0.5858314772002551,0.2925914629269696,0.3167392163747175,0.40723682150170015,sad,04,18,18,female,strong,2063
80,2.6693333333333333,True,1.0,0.19500895338024607,0.2150956123396837,0.20505228285996488,0.8483415467622908,-0.07282407407407399,-0.08347222222222223,0.41999094961372985,0.1776726309660849,0.20763925632428706,0.24170958459190195,0.02008665895943762,0.01064814814814824,0.012569245542139737,0.3496217618263374,0.12540359342749727,0.1097803102821772,0.0,0.6927248285630747,0.5869766969444028,0.2958303075102463,0.3282544734234051,0.4198380486006097,sad,04,18,18,female,strong,2063
90,3.003,True,1.0,0.19145299145299077,0.19725823620486335,0.19435561382892708,0.6525595106553156,-0.0732407407407406,-0.08101851851851843,0.43012235824181017,0.11248910177303115,0.20416666666666672,0.297835845858335,0.005805244751872579,0.007777777777777828,0.01470528871022713,0.41694743616607194,0.12447694812209444,0.11082990190490437,0.0,0.6685756421363656,0.5854551846207233,0.29547282382693024,0.3178256433870354,0.41031311171447366,sad,04,18,18,female,strong,2063
100,3.336666666666667,True,1.0,0.23947781988446826,0.24179021240301424,0.24063401614374125,0.5966904927478842,-0.07060185185185192,-0.08027777777777778,0.42306269572370786,0.14335974643486368,0.2006944444444444,0.4032811299465681,0.0023123925185459804,0.009675925925925866,0.026371294312943078,0.4648994960083414,0.1218612084266681,0.11353202060562724,0.0,0.9999999987499999,0.5901077947976064,0.29439849590869904,0.30470619786495673,0.4113525995426891,sad,04,18,18,female,strong,2063
110,3.6703333333333332,True,1.0,0.25795849262295745,0.2661677618899299,0.26206312725644365,0.6043534413651326,-0.07208333333333339,-0.08004629629629623,0.417910999061642,0.16267247639796698,0.20138888888888884,0.4336256060104286,0.008209269266972463,0.007962962962962838,0.023852792693720766,0.4758501890827445,0.1259670441601167,0.10913332009905748,0.0,0.7830880811379212,0.5918169816442203,0.2938761029742205,0.3090683936870052,0.41185664319037213,sad,04,18,18,female,strong,2063
0,0.0,True,1.0,0.3890525888921319,0.3575290838460495,0.37329083636909066,0.6621628615517253,-0.08949074074074082,-0.09296296296296297,0.3857217005537233,0.25132210741421057,0.21390636642410643,0.56374474928164,0.03152350504608242,0.0034722222222221544,0.020184173277255867,0.41657627363671357,0.12521033892128008,0.11000067634994683,0.0,0.6624973963853151,0.5921438374099639,0.28916993978023203,0.29540097473345567,0.39590980722145064,sad,04,18,18,female,strong,2064
10,0.33366666666666667,True,1.0,0.22910964050977545,0.19135037298918253,0.210230006749479,0.9177738877631764,-0.08120370370370361,-0.08740740740740743,0.40744181465632323,0.27650160970083815,0.20001869114320442,0.22906514289903945,0.037759267520592915,0.006203703703703822,0.018296458198282323,0.33196978402532085,0.12393644343659231,0.11143399731828399,0.0,0.6687449912876715,0.5915458446894383,0.29351560111736646,0.33468080557562846,0.43274808201251563,sad,04,18,18,female,strong,2064
20,0.6673333333333333,True,1.0,0.10001854234488923,0.11385157412583667,0.10693505823536295,0.7715427803112187,-0.08592592592592596,-0.09148148148148144,0.4274953291866303,0.2180157229576947,0.20487935877564542,0.1385990005534474,0.013833031780947441,0.00555555555555548,0.019513173791600814,0.37495016648064833,0.12172859187284649,0.113841678178096,0.0,0.8532084139347292,0.5837268081998425,0.2924724662090611,0.3249879901181001,0.4110290619850403,sad,04,18,18,female,strong,2064
30,1.0010000000000001,True,1.0,0.14103733195820756,0.15621842622056129,0.1486278790893844,1.12929773702785,-0.08004629629629628,-0.08837962962962964,0.43121567907746033,0.29070580013976227,0.20695034306004367,0.13161088897649942,0.015181094262353728,0.00833333333333336,0.019927354495666703,0.26732258690905847,0.12187857867916636,0.11351337313898933,0.0,0.7071067807446058,0.5858792118175395,0.2931646061098824,0.3419110636305396,0.4352442679714587,sad,04,18,18,female,strong,2064
40,1.3346666666666667,True,1.0,0.2539682539682526,0.2447952409254908,0.2493817474468717,0.7892250516655317,-0.07037037037037025,-0.07731481481481489,0.4129921860027226,0.19139839172195883,0.20975168679409423,0.3159830607512925,0.00917301304276183,0.006944444444444642,0.01831522082892914,0.3814409500916288,0.12460524857466172,0.11068563501072497,0.0,0.6576496893083582,0.5821736414409513,0.29430920924877446,0.3296157471632119,0.42086150962462515,sad,04,18,18,female,strong,2064
50,1.6683333333333334,True,1.0,0.24357916171378483,0.2385625036769703,0.24107083269537755,0.9511841869705991,-0.07791666666666663,-0.08467592592592593,0.4548274424713087,0.1933689152868654,0.21946669410762734,0.25344285155029495,0.005016658036814531,0.006759259259259298,0.020955639109471347,0.3277878782544805,0.11414988616393458,0.12081045264109024,0.0,0.9999999987499999,0.6378133653305071,0.31343271182889076,0.31147309368071696,0.45392873254677896,sad,04,18,18,female,strong,2064
60,2.0020000000000002,True,1.0,0.03615520282186895,0.029824270616914745,0.03298973671939185,0.7653301515737878,-0.09027777777777773,-0.09583333333333333,0.41004841064364195,0.19424702362659862,0.21319444444444446,0.0431052358927103,0.006330932204954207,0.005555555555555591,0.012627099645987062,0.35508789706606947,0.11551693027830252,0.11950397816691376,0.0,0.8653727487436218,0.640503277404712,0.311447539106161,0.27811522724766363,0.41688446959009323,sad,04,18,18,female,strong,2064
70,2.3356666666666666,True,1.0,0.09718473534123628,0.1134200519020828,0.10530239362165955,0.8993057058337703,-0.07731481481481478,-0.08319444444444446,0.40067916927124875,0.3057553407354486,0.20555704018912999,0.11709298955690589,0.01623531656084652,0.005879629629629679,0.008689890076797189,0.3235915188796857,0.12393226919218467,0.11143863972122509,0.0,0.7776431879496328,0.5911842121614271,0.29383641730482374,0.3242705728133095,0.4164562770159835,sad,04,18,18,female,strong,2064
80,2.6693333333333333,True,1.0,0.15770609318996354,0.14239791319062453,0.15005200319029405,0.9348651555964309,-0.07106481481481469,-0.07583333333333325,0.41465822281670267,0.2018991616141846,0.20209277153915417,0.16050657390750966,0.015308179999339006,0.004768518518518561,0.01357653949900364,0.3264963546421324,0.12031096068775311,0.11500801108056918,0.0,0.9999999987499999,0.5890508301758204,0.2965308812234113,0.3314265845927246,0.43045671573441374,sad,04,18,18,female,strong,2064
90,3.003,True,1.0,0.15770609318996354,0.19098320322584933,0.17434464820790643,0.9429466939380697,-0.06791666666666657,-0.07328703703703704,0.44654732421855,0.22758879572071042,0.20210183180206892,0.18489342963787614,0.03327711003588579,0.00537037037037047,0.013073340519900601,0.3428364734000448,0.12202240860970842,0.11352669098933318,0.0,0.7990315639380265,0.5920706718077856,0.29580698941571554,0.3375280118204688,0.42703861391908987,sad,04,18,18,female,strong,2064
100,3.336666666666667,True,1.0,0.13718346859001346,0.15159205607262732,0.1443877623313204,0.7023123648202563,-0.0696296296296296,-0.07467592592592587,0.4248780200589773,0.2151450813871197,0.20347822149384784,0.20558909334918762,0.014408587482613866,0.005046296296296271,0.013080577098393572,0.4446842637694901,0.12466896527596562,0.11061386381038976,0.0,0.7269938391275149,0.5874461747355192,0.29442028653294555,0.332119379323333,0.4217323471625139,sad,04,18,18,female,strong,2064
110,3.6703333333333332,True,1.0,0.18848382377396183,0.18854538131562174,0.1885146025447918,0.6881267828873443,-0.07328703703703698,-0.08032407407407416,0.42104651944213456,0.17776608557923082,0.20139040423879118,0.2739532993524744,6.155754165990124e-05,0.007037037037037175,0.008772752189344871,0.4128365630340619,0.12149776447197254,0.11392088065977862,0.0,0.7662728984635101,0.592624591703869,0.2945450030881486,0.3056022310519841,0.41028211381009133,sad,04,18,18,female,strong,2064
120,4.0040000000000004,True,1.0,0.25994802677086687,0.27359716502627757,0.2667725958985722,0.6549590052152622,-0.07537037037037048,-0.08120370370370367,0.41276358791368123,0.18127415150284823,0.20278116394652987,0.4073118985682064,0.013649138255410698,0.0058333333333331905,0.012671080972391125,0.43189785527200375,0.12174180447421903,0.11298757044612676,0.0,0.7221671166646714,0.5956269983540291,0.2946079711078586,0.3023463972307867,0.40883223472300284,sad,04,18,18,female,strong,2064
0,0.0,True,1.0,0.4166523850565577,0.398492959327249,0.40757267219190335,0.6856962051660073,-0.08513888888888893,-0.08819444444444441,0.37869235437034554,0.26029647480111157,0.2097280427126453,0.5943924862370062,0.01815942572930873,0.003055555555555478,0.01675575093794872,0.39581185974808764,0.126543435589285,0.10846444892009277,0.0,0.6833251897990681,0.6001496919392758,0.29096298845693463,0.29480925739082503,0.40036749553447026,sad,04,18,18,female,strong,2065
10,0.33366666666666667,True,1.0,0.16385760120343554,0.15215049697603833,0.15800404908973692,0.8518801575409951,-0.07731481481481478,-0.07972222222222225,0.39240245900861437,0.2962962962962961,0.19793054364727788,0.1854768510465432,0.011707104227397208,0.002407407407407469,0.021408713560411616,0.3342280245663792,0.12421110618454992,0.11112775922501983,0.0,0.7516234489344054,0.5975432153486394,0.29356516403780436,0.30710592336374165,0.40705542420490914,sad,04,18,18,female,strong,2065
20,0.6673333333333333,True,1.0,0.15795217094945113,0.1517260104689017,0.1548390907091764,0.9697886904258078,-0.07314814814814807,-0.07833333333333342,0.4210239981107946,0.3037613265789371,0.19726902461622614,0.15966271027680345,0.006226160480549442,0.005185185185185348,0.02367008056628863,0.32549434502292324,0.12151761682412758,0.11406685132409312,0.0,0.7442727828923678,0.5929882790538091,0.2947647929800469,0.32734934514971237,0.4374027675185925,sad,04,18,18,female,strong,2065
30,1.0010000000000001,True,1.0,0.17582301003746337,0.17615093989059502,0.1759869749640292,0.9028030146703888,-0.0700925925925926,-0.07495370370370369,0.418138078586492,0.3239483826766914,0.19170646807078162,0.19493396909876473,0.00032792985313165324,0.004861111111111094,0.033102097013240205,0.34813923046322887,0.12380425422856106,0.11158084246378343,0.0,0.9999999987499999,0.5956450341386554,0.29257634586980225,0.32491956158470914,0.4347691413735196,sad,04,18,18,female,strong,2065
40,1.3346666666666667,True,1.0,0.20884048725895826,0.1723646994927532,0.19060259337585572,0.9128642762655533,-0.07,-0.07643518518518522,0.39633833366594245,0.3589690961090698,0.19306187851855733,0.20879620150718792,0.03647578776620505,0.00643518518518521,0.016375450094638207,0.3152022851828364,0.12324496514745059,0.11219829025289026,0.0,0.7071067807446058,0.6038709278242547,0.29742519781160287,0.3221273481635947,0.41969041331837675,sad,04,18,18,female,strong,2065
50,1.6683333333333334,True,1.0,0.20062293795192646,0.2010335408613768,0.20082823940665162,1.1176298546757093,-0.07652777777777786,-0.08203703703703702,0.4305324775056969,0.41905153401447864,0.18194821833481406,0.1796911907519899,0.00041060290945035827,0.005509259259259158,0.01655386152120424,0.2643373655814958,0.12145358995168722,0.1141350220462872,0.0,0.6741281564853384,0.5984598135582359,0.2986000572384807,0.3330391313332873,0.43225485312254397,sad,04,18,18,female,strong,2065
60,2.0020000000000002,True,1.0,0.12693359876238736,0.13085157782935347,0.12889258829587041,0.7224194025774815,-0.07620370370370372,-0.08226851851851863,0.421183603707624,0.2293303520262832,0.20070812936930763,0.17841794923558454,0.003917979066966115,0.006064814814814912,0.008420399065884867,0.3931620080750879,0.12422793249428707,0.11110894904706349,0.0,0.7930186764322873,0.5866298786624025,0.29183613720505625,0.32455154814701154,0.41447008223086534,sad,04,18,18,female,strong,2065
70,2.3356666666666666,True,1.0,0.18855218855218805,0.1619167993478183,0.17523449395000318,0.9827413063949857,-0.07268518518518519,-0.07921296296296293,0.4115655765640277,0.34500564318284027,0.20208333333333328,0.17831192482670766,0.026635389204369753,0.0065277777777777435,0.014699682684801358,0.2814009089941104,0.12374445615392704,0.11164715554405591,0.0,0.8445940808330872,0.5896055167301297,0.2962416252438617,0.3363310711639963,0.42986907143063824,sad,04,18,18,female,strong,2065
80,2.6693333333333333,True,1.0,0.19468273983814444,0.18120601170930484,0.18794437577372464,0.9954768053488557,-0.07384259259259263,-0.07967592592592593,0.4062365404686914,0.23697047361062057,0.20556149402551807,0.18879834744905105,0.013476728128839599,0.0058333333333333015,0.015591037308943822,0.294583419239362,0.12218132666407319,0.11335564028501743,0.0,0.7071067807446058,0.5878157309955233,0.29460395582838655,0.32540674977417744,0.4240451327393733,sad,04,18,18,female,strong,2065
90,3.003,True,1.0,0.2259779688895228,0.22364930158130356,0.22481363523541317,0.7170431483607038,-0.0715277777777778,-0.08004629629629628,0.422197453217721,0.14221945567688493,0.2034905944329861,0.3135287405637717,0.0023286673082192344,0.00851851851851848,0.023479309799291463,0.3939964078345029,0.12525640504258032,0.10977480047119925,0.0,0.7018823842526899,0.5885547467815251,0.2937895729722915,0.31846161838186204,0.41474224616989286,sad,04,18,18,female,strong,2065
100,3.336666666666667,True,1.0,0.22213653792282587,0.23591261960834467,0.22902457876558527,0.584792330305848,-0.07226851851851845,-0.07787037037037026,0.4143719595156612,0.14618883185713577,0.20416816139971555,0.39163403296654864,0.013776081685518804,0.005601851851851802,0.021539139455171222,0.4949686787542908,0.12536513192315019,0.10982422987685402,0.0,0.7849724407454847,0.5896504156584509,0.2926895967724641,0.30751454082895036,0.4090675667152575,sad,04,18,18,female,strong,2065
110,3.6703333333333332,True,1.0,0.2786069651741293,0.28160492445992474,0.280105944817027,0.6200717135837134,-0.07837962962962963,-0.08291666666666664,0.4027328706020355,0.19674201403988759,0.20556149402551796,0.4517315315000432,0.0029979592857954374,0.004537037037037006,0.01459628067304499,0.465117018929938,0.12378758719111359,0.11142848414899778,0.0,0.7522623933820414,0.5929099205307123,0.2901431098392676,0.2963410269345222,0.40269647435136746,sad,04,18,18,female,strong,2065
0,0.0,True,1.0,0.4936683893559656,0.4780379871158019,0.48585318823588375,0.7433997278159251,-0.08708333333333335,-0.08597222222222228,0.36150601038594943,0.30397502703804563,0.21043443258590483,0.6535557790198532,0.015630402240163654,0.0011111111111110628,0.002899735280498845,0.35824742573034063,0.12219212738779292,0.11334399752075776,0.0,0.8855981396274055,0.6026444998780762,0.2925753698464715,0.28847727812639057,0.40713016927563483,angry,05,18,18,female,normal,2066
10,0.33366666666666667,True,1.0,0.5197106531017102,0.5035536494317121,0.5116321512667111,0.7313018537151207,-0.08819444444444441,-0.08763888888888893,0.3597123239481532,0.2911033121854094,0.21389780617712997,0.6996182884913319,0.01615700366999806,0.0005555555555554759,0.0016134021174085383,0.36497414608865214,0.12604542622704226,0.10904278195929826,0.0,0.6472534658326056,0.6025431149334735,0.2921775167763894,0.2971302887513718,0.4096341283534292,angry,05,18,18,female,normal,2066
20,0.6673333333333333,True,1.0,0.5067434484970882,0.4567501391955694,0.4817467938463288,0.6994862912239529,-0.08615740740740752,-0.08527777777777779,0.3621295799535554,0.2824187621306591,0.21041992990714242,0.6887151326488099,0.049993309301518796,0.0008796296296297301,0.0011840581065401404,0.3898064065399031,0.12414789243066311,0.11119837487494036,0.0,0.7841644443198548,0.6016689973567552,0.29143326428292105,0.2932497260304972,0.40941486469033145,angry,05,18,18,female,normal,2066
30,1.0010000000000001,True,1.0,0.42850621271562794,0.40852098686173866,0.4185135997886833,1.1796663047019118,-0.09287037037037033,-0.09125,0.39117471602000614,0.4097500918947832,0.21390172966618565,0.3547728693449771,0.019985225853889288,0.0016203703703703276,0.0023895103683080057,0.2666365192881452,0.12031268412959076,0.11533705305268428,0.0,0.9391043182237405,0.5991276513574181,0.2955414687717666,0.30987056274069896,0.42277013551176723,angry,05,18,18,female,normal,2066
40,1.3346666666666667,True,1.0,0.49125725656093466,0.4779180035100209,0.4845876300354778,1.2859672283747505,-0.08689814814814822,-0.08560185185185193,0.36734424674523386,0.5899143637633082,0.21041666666666664,0.3768273555834827,0.013339253050913769,0.0012962962962962954,0.008293627357457502,0.24375839549071582,0.12479278887140376,0.11047414908333847,0.0,0.6674190302036308,0.5897221041228992,0.2941267004872335,0.32113749597584557,0.42722339837445356,angry,05,18,18,female,normal,2066
50,1.6683333333333334,True,1.0,0.5275420945456395,0.47059105250452715,0.4990665735250833,1.5722901719542768,-0.08370370370370361,-0.08374999999999999,0.3318035252651974,0.6769490868329605,0.20069482459384655,0.3174137843174132,0.05695104204111234,4.629629629637755e-05,0.00574764914231723,0.17732283516228114,0.12300429576656355,0.11246208691338508,0.0,0.6965285073619707,0.5901781970522585,0.29125671861864644,0.3117764834786663,0.4316086962653772,angry,05,18,18,female,normal,2066
60,2.0020000000000002,True,1.0,0.5251240126273662,0.543098684956548,0.5341113487919571,0.8081548734217749,-0.07824074074074067,-0.0816203703703704,0.4013673905538968,0.1447441564337512,0.21527813217516747,0.6609022185691938,0.017974672329181818,0.0033796296296297323,0.013353346760134948,0.32776537604718564,0.11353205888706373,0.12186117275721696,0.0,0.9999999987499999,0.6425003899997499,0.3126578566559917,0.2813967601693576,0.4398350527547823,angry,05,18,18,female,normal,2066
70,2.3356666666666666,True,1.0,0.5039363002029311,0.47777982497006477,0.49085806258649795,0.6634454115018317,-0.07560185185185192,-0.07935185185185184,0.39925460911319643,0.09649610428916687,0.21806115361267805,0.7398620204115207,0.02615647523286635,0.00374999999999992,0.01421060748515654,0.4004968630631785,0.12317077243749458,0.11227973364308581,0.0,0.6858565192988689,0.5891371292892157,0.28878736110379705,0.3112912705861113,0.42270381759166825,angry,05,18,18,female,normal,2066
80,2.6693333333333333,True,1.0,0.5411743190051475,0.5170162982668048,0.5290953086359762,0.9973949633861877,-0.07740740740740737,-0.07861111111111108,0.32495281895312167,0.381343850888816,0.2243086167406461,0.5304772212200478,0.02415802073834261,0.0012037037037037068,0.0038815420659497413,0.281624569897037,0.12233641275666066,0.11318824975889899,0.0,0.7952134940221733,0.5800338150025636,0.28952239657970347,0.2953015610386825,0.40376813294530034,angry,05,18,18,female,normal,2066
90,3.003,True,1.0,0.5541163891964045,0.5357384290975642,0.5449274091469843,0.7022024322535096,-0.07625000000000015,-0.07750000000000001,0.36061898249899665,0.1987253455166024,0.21875139508483718,0.7760260917898021,0.018377960098840296,0.0012499999999998623,0.00990282604047809,0.3926665648528269,0.11954193614130847,0.11547764927651563,0.0,0.9999999987499999,0.5842756879157914,0.28984307906637735,0.2941648823198244,0.41439434587147234,angry,05,18,18,female,normal,2066
100,3.336666666666667,True,1.0,0.5485381029515217,0.5224014531182468,0.5354697780348843,0.6993635632097724,-0.07620370370370377,-0.07763888888888898,0.35624563371210943,0.21517619971859764,0.22083471525707543,0.7656529539190068,0.026136649833274905,0.001435185185185206,0.00901001125959594,0.3894002949180882,0.12447245266939441,0.11083495069801333,0.0,0.9999999987499999,0.5870127058245174,0.2891574453907479,0.30184169350853557,0.4184973184914239,angry,05,18,18,female,normal,2066
110,3.6703333333333332,True,1.0,0.47669973914742225,0.45520860894166776,0.465954174044545,0.6815022388151105,-0.07550925925925933,-0.07833333333333337,0.35636804669674144,0.21379162068403956,0.21805555555555556,0.6837162778139558,0.021491130205754494,0.0028240740740740344,0.014063633032209342,0.3970346750418296,0.12325917774134187,0.11218267634687736,0.0,0.688090653858966,0.5886106715811326,0.2881945431420503,0.30160578424116125,0.4168548854292728,angry,05,18,18,female,normal,2066
0,0.0,True,1.0,0.48732099715683763,0.44892835919444346,0.4681246781756405,0.6502024260644389,-0.08296296296296302,-0.08296296296296302,0.38736494242840086,0.25007785617863015,0.2083391926259381,0.7199675968745872,0.03839263796239417,0.0,0.007011591640692425,0.40070211873944217,0.12545850940328446,0.10971754731344183,0.0,0.7594121598309059,0.5989921649050246,0.2926209127872262,0.29381962398976397,0.41020203298445757,angry,05,18,18,female,normal,2067
10,0.33366666666666667,True,1.0,0.7593630459581433,0.7148637323566635,0.7371133891574033,0.9861111111111112,-0.07597222222222222,-0.08013888888888887,0.3502697055839568,0.4166666666666675,0.2104224679480808,0.7474952678779301,0.04449931360147985,0.004166666666666652,0.022510915090598372,0.26936619718309796,0.12001883520578582,0.1156427990204166,0.0,0.9999999987499999,0.6007048086578382,0.29239838451510575,0.2826395422704141,0.41692405841775554,angry,05,18,18,female,normal,2067
20,0.6673333333333333,True,1.0,0.5818393928299275,0.569572609657927,0.5757060012439272,1.096382162625864,-0.08217592592592593,-0.08467592592592599,0.34806291036522663,0.46487441595269113,0.2034737220567115,0.5250961032283635,0.012266783172000473,0.0025000000000000577,0.009402146951088226,0.25755016201969444,0.12360597310986725,0.11180045250968279,0.0,0.7516447496758192,0.5923895124377877,0.29229318591413134,0.2952738783131001,0.4161112460817594,angry,05,18,18,female,normal,2067
30,1.0010000000000001,True,1.0,0.44259504504401764,0.4090082626788036,0.4258016538614106,1.3406803395236333,-0.10342592592592587,-0.10240740740740745,0.3918848082902168,0.554488896601246,0.22029167406191325,0.31760117703576174,0.03358678236521406,0.0010185185185184187,0.01775388265742086,0.23590114801412304,0.12055856479305167,0.11508001661667605,0.0,0.9999999987499999,0.5918116378348214,0.2939602872548984,0.3234557759287259,0.4459453462105019,angry,05,18,18,female,normal,2067
40,1.3346666666666667,True,1.0,0.6110723947206248,0.600833163234105,0.6059527789773649,1.353324827622541,-0.08347222222222223,-0.08449074074074076,0.3653469982416421,0.5734778934994541,0.200320559144626,0.4477511729699624,0.01023923148651984,0.0010185185185185297,0.028108897991130984,0.22817274119067465,0.12082004377395192,0.11380540895125603,0.0,0.7071067807446058,0.580061478396046,0.2933632202692809,0.3272442670139582,0.44722168940535034,angry,05,18,18,female,normal,2067
50,1.6683333333333334,True,1.0,0.5277777777777766,0.47727595487103947,0.502526866324408,1.4537102715302752,-0.06351851851851847,-0.06231481481481477,0.32907477004616076,0.6612708105515533,0.18545780939836495,0.3456857092957139,0.050501822906737104,0.0012037037037037068,0.013380480225223266,0.2026954624324111,0.12472802549559099,0.11054726331314656,0.0,0.7455893561914454,0.5771682319333983,0.2926679120364605,0.3206253430974349,0.4292034420690438,angry,05,18,18,female,normal,2067
60,2.0020000000000002,True,1.0,0.5906922751072361,0.5408879050939694,0.5657900901006028,0.8295037634913824,-0.07486111111111116,-0.07958333333333334,0.4030655165326431,0.10663671312477968,0.21532880499642457,0.6820826077017319,0.04980437001326665,0.004722222222222183,0.02921595828472192,0.31335239173312057,0.12119028769995124,0.11441456173332867,0.0,0.7787447979761768,0.5749931530893607,0.28989826214005954,0.31362490165765405,0.4331743789889985,angry,05,18,18,female,normal,2067
70,2.3356666666666666,True,1.0,0.5645688716896256,0.5510135465046839,0.5577912090971547,0.8759637285974413,-0.07870370370370378,-0.08097222222222211,0.36710352262051427,0.23830550833572067,0.21250897556871717,0.6367743216836935,0.013555325184941625,0.0022685185185183365,0.021341428340301553,0.2977839295972406,0.12265621372345062,0.11250343599055905,0.0,0.9999999987499999,0.5742080522052571,0.2882316509007423,0.30973180715351856,0.4185844556155767,angry,05,18,18,female,normal,2067
80,2.6693333333333333,True,1.0,0.5545117109204221,0.5403220391526607,0.5474168750365414,1.0937684472214724,-0.08300925925925917,-0.08703703703703697,0.3836696451386903,0.3852733120109873,0.2111125566756521,0.5004869873757634,0.014189671767761314,0.004027777777777797,0.021796275402854667,0.25591330737062834,0.12388298192606466,0.11132241738009103,0.0,0.7907840372980428,0.5861799158882304,0.292115601948694,0.3162993504436224,0.4196150610254238,angry,05,18,18,female,normal,2067
90,3.003,True,1.0,0.5362949273227622,0.4998721582558285,0.5180835427892954,1.167321802705851,-0.07976851851851852,-0.08337962962962964,0.3045361134791815,0.5291858838933193,0.22370969338125765,0.44382238178741984,0.0364227690669337,0.0036111111111111205,0.0048660719569535976,0.25534834594682204,0.1239767852673821,0.11138911295376912,0.0,0.7281731383887644,0.5725379432866897,0.2862523208769034,0.2969029174521759,0.39180018577908493,angry,05,18,18,female,normal,2067
100,3.336666666666667,True,1.0,0.5295575511803188,0.5038059125292053,0.5166817318547621,0.728980683052373,-0.07851851851851854,-0.07995370370370375,0.36511840395659084,0.2017714390591391,0.21877232028983917,0.7087728713075399,0.025751638651113518,0.001435185185185206,0.01203022623700579,0.35337190268940655,0.12384036792644156,0.11154075955274143,0.0,0.7071067807446058,0.5750125639396384,0.2868151041693674,0.30042792389223016,0.3982947973952976,angry,05,18,18,female,normal,2067
110,3.6703333333333332,True,1.0,0.5220773142416095,0.5190553315702356,0.5205663229059225,0.7001776018603336,-0.07787037037037042,-0.0799537037037037,0.36075832743389086,0.20475738966945392,0.21806815098199106,0.7434775427303105,0.0030219826713738795,0.0020833333333332704,0.004272935613544532,0.37335305917574413,0.12522957387503822,0.10997877793971375,0.0,0.9999999987499999,0.5797333117700204,0.2881097694663999,0.30138042457323916,0.40505095682456177,angry,05,18,18,female,normal,2067
120,4.0040000000000004,True,1.0,0.5295575511803189,0.4722297551308078,0.5008936531555633,0.7461422197295213,-0.07879629629629631,-0.07777777777777772,0.35769702111833795,0.25315539597965936,0.21323774121093325,0.6713112325115964,0.057327796049511104,0.0010185185185185852,0.007487974064139856,0.3433801930099218,0.12356830195101422,0.11184208743930794,0.0,0.7621192267999173,0.5850118620964011,0.28799980392338176,0.30111833879646244,0.40708798777107325,angry,05,18,18,female,normal,2067
0,0.0,True,1.0,0.47213982715382674,0.44738248881330295,0.45976115798356487,0.6897454534438113,-0.08157407407407413,-0.08250000000000002,0.38109851030776193,0.26823434300592686,0.2055588959660192,0.6665664205367877,0.024757338340523793,0.0009259259259258856,0.011938712459462469,0.39626627828506733,0.12711593993317816,0.10779292919872653,0.0,0.8219223479831176,0.6068611593778137,0.2917802885978555,0.29412269761600074,0.4099782790374014,angry,05,18,18,female,normal,2068
10,0.33366666666666667,True,1.0,0.43698261319017134,0.4148194310124859,0.42590102210132863,0.6822603984562852,-0.08041666666666664,-0.08231481481481479,0.3771127350525444,0.2638931729878087,0.20347259718188102,0.6242499536320627,0.022163182177685425,0.0018981481481481488,0.011611374617311284,0.3926886792452828,0.1259297204825674,0.10917638604315139,0.0,0.6848676620623166,0.6066399504254826,0.2908915965196029,0.2955710276281879,0.40847476106618874,angry,05,18,18,female,normal,2068
20,0.6673333333333333,True,1.0,0.437503837476641,0.4202991448246365,0.42890149115063875,0.6981875696573481,-0.08101851851851849,-0.08194444444444438,0.3822719008923865,0.27927502786293945,0.2020833333333334,0.6143069710638536,0.017204692652004527,0.0009259259259258856,0.014872511289136602,0.38863636363636433,0.12300648578452633,0.11245969155510258,0.0,0.8290076176478016,0.6037874157553645,0.2924591709065989,0.28996064328853466,0.4100567747752831,angry,05,18,18,female,normal,2068
30,1.0010000000000001,True,1.0,0.4998514422002922,0.4822945503120857,0.49107299625618894,1.538642100043861,-0.07439814814814821,-0.07453703703703701,0.3305848352659598,0.6227479637241775,0.20141957250238088,0.3191599893452742,0.017556891888206527,0.00013888888888879958,0.005072720757621812,0.19308107331504698,0.12426118147532704,0.11107176305572365,0.0,0.7177050569885177,0.6039383942795868,0.2922702208922392,0.3171763320411845,0.4392782121360731,angry,05,18,18,female,normal,2068
40,1.3346666666666667,True,1.0,0.4917222960024174,0.47133481394237264,0.481528554972395,1.1805123343745225,-0.0805555555555556,-0.07888888888888895,0.3954797930365755,0.4380988252253395,0.20642895881891785,0.4078979447745677,0.02038748206004476,0.0016666666666666496,0.010393028277622304,0.26174929750926706,0.12374597092679511,0.1116454766180492,0.0,0.7783411596028204,0.5964045242628301,0.2931130091005286,0.3208845313239033,0.43033159146817496,angry,05,18,18,female,normal,2068
50,1.6683333333333334,True,1.0,0.45156351577318854,0.4578647285840735,0.45471412217863105,1.362541819021288,-0.07782407407407405,-0.07680555555555563,0.3698692341559818,0.49651762943743377,0.21276157212303548,0.3337248925726563,0.006301212810884971,0.0010185185185184187,0.023060040501048512,0.2486101655859074,0.12092454433031022,0.11452915960646379,0.0,0.9999999987499999,0.5829942796337285,0.28650546002889316,0.3238435547517669,0.4300159515463432,angry,05,18,18,female,normal,2068
60,2.0020000000000002,True,1.0,0.47461027384138904,0.4574996614231975,0.46605496763229326,1.1766696430833323,-0.08166666666666667,-0.07824074074074072,0.3387326154789673,0.48520998706992907,0.2177664901333979,0.396079707139421,0.017110612418191562,0.0034259259259259434,0.03348106677943074,0.27540341117813383,0.12642388526624287,0.1086037706730281,0.0,0.715374742605671,0.5745696843503025,0.28452589343109735,0.31963218605025107,0.42815637336775514,angry,05,18,18,female,normal,2068
70,2.3356666666666666,True,1.0,0.5119855692233533,0.5173412927329069,0.51466343097813,1.1379669084252966,-0.0802314814814814,-0.07898148148148154,0.31301450639970957,0.5167615301073907,0.21813509409044524,0.4522657268569562,0.0053557235095536004,0.0012499999999998623,0.034224133630308136,0.26065545349476876,0.1265653308369412,0.10843889892655195,0.0,0.7071067807446058,0.5752377905068278,0.2859375739898398,0.3112093765627937,0.40759623273517903,angry,05,18,18,female,normal,2068
80,2.6693333333333333,True,1.0,0.5295656698301799,0.5360510927137786,0.5328083812719793,0.825782500990357,-0.08208333333333323,-0.08004629629629628,0.35309466831049663,0.34031114811994917,0.21994590496663802,0.6452163622176357,0.006485422883598657,0.0020370370370369484,0.030568069551908522,0.3271702518674965,0.12437369353574222,0.11094576209189039,0.0,0.690514339383275,0.5842582495967137,0.2836714575789318,0.3016923402100552,0.40840619711153353,angry,05,18,18,female,normal,2068
90,3.003,True,1.0,0.5276712676691324,0.536149551947205,0.5319104098081687,0.7735069765253548,-0.08143518518518528,-0.0786574074074074,0.3549404341942405,0.3272222578076445,0.21792198890533462,0.6876607787011126,0.008478284278072623,0.002777777777777879,0.03373251845732444,0.3679755348962918,0.12714163911797546,0.1077626158404332,0.0,0.6982045407996669,0.5843013668826906,0.2837404599582243,0.3050950067773532,0.411397572491005,angry,05,18,18,female,normal,2068
100,3.336666666666667,True,1.0,0.5043114773444112,0.4774438969719343,0.4908776871581727,0.8110330389988045,-0.08231481481481473,-0.0797685185185184,0.3450979156387597,0.3441450233800078,0.21509612701884465,0.6052499263952874,0.026867580372476885,0.0025462962962963243,0.03230217066451697,0.33138880924320874,0.12672560008509062,0.10825155912634606,0.0,0.6713631383781451,0.5872143889352617,0.2841345714217323,0.30887138249097323,0.4109170144551779,angry,05,18,18,female,normal,2068
0,0.0,True,1.0,0.4995536701064236,0.4782705168346531,0.4889120934705383,0.7223693145540845,-0.08023148148148151,-0.08115740740740751,0.3730554256665058,0.2756840079342125,0.20628698768720852,0.6768173614522118,0.021283153271770494,0.0009259259259259967,0.00840923806605155,0.35824742573034063,0.12478156558284018,0.11048682573399954,0.0,0.7737575120922406,0.60474312144389,0.292982962909729,0.2920019250459527,0.41149628275911715,angry,05,18,18,female,normal,2069
10,0.33366666666666667,True,1.0,0.4995536701064236,0.4695917269231196,0.4845726985147716,0.7177611170147795,-0.0802314814814814,-0.08111111111111108,0.3743833787343028,0.28044737386513025,0.2035355805984914,0.6751169532979783,0.029961943183303974,0.0008796296296296746,0.004454091504396257,0.35824742573034063,0.12277057097825696,0.11254803740591834,0.0,0.7499008237530829,0.6045259478244424,0.293465439978447,0.2906135261769512,0.41402040610480434,angry,05,18,18,female,normal,2069
20,0.6673333333333333,True,1.0,0.6939839557785129,0.6658674822196198,0.6799257189990664,0.6987672134427056,-0.07125000000000004,-0.07324074074074066,0.38027659610332337,0.2846211787617949,0.20283194969418356,0.973036092591107,0.02811647355889313,0.0019907407407406263,0.002343811623017452,0.36497414608865214,0.12278426045207826,0.11219398964427664,0.0,0.9999999987499999,0.6020740583264556,0.294569824025384,0.2990707147644809,0.4319631296923659,angry,05,18,18,female,normal,2069
30,1.0010000000000001,True,1.0,0.5953845144819707,0.5696588989439041,0.5825217067129373,1.1019423663510828,-0.07976851851851857,-0.07893518518518522,0.3384930097888805,0.47205952221139,0.2030725389281963,0.5286317365597538,0.025725615538066626,0.0008333333333333526,0.021112859365825385,0.24409531224460754,0.121012879988724,0.114602184300876,0.0,0.6758529661520658,0.6030664175513956,0.29105375527596966,0.30345417720775464,0.4377239299118639,angry,05,18,18,female,normal,2069
40,1.3346666666666667,True,1.0,0.6973403511671763,0.6499416036868767,0.6736409774270264,0.6608042536618111,-0.07453703703703701,-0.07203703703703707,0.3887073874560145,0.21983912974654377,0.20149723573147768,1.0194259097063636,0.0473987474802996,0.0024999999999999467,0.028735516207377153,0.3509556931206322,0.11798726196533366,0.1175528810165513,0.0,0.7147564628737393,0.5934520830832333,0.2937691868495602,0.30494804288041905,0.43405025051045343,angry,05,18,18,female,normal,2069
50,1.6683333333333334,True,1.0,0.19639621075367272,0.19939870352151773,0.1978974571375952,0.9992182965447274,-0.10083333333333333,-0.09981481481481486,0.39321711718212643,0.342821775257585,0.2077230826436538,0.1980522752855105,0.0030024927678450053,0.0010185185185184742,0.03347740472401053,0.27746782720094976,0.12348288460151453,0.11193638809730742,0.0,0.6902331256011914,0.5989943214707757,0.2930865274224604,0.31803989754897144,0.4282548290476143,angry,05,18,18,female,normal,2069
60,2.0020000000000002,True,1.0,0.539358215649645,0.518996075332402,0.5291771454910235,1.0906142774489085,-0.0857870370370371,-0.08527777777777784,0.3856275776806742,0.4102172695353893,0.20614855576683785,0.48521017598342747,0.020362140317243038,0.0005092592592592649,0.036438630236219384,0.2548630956779993,0.12196475810441294,0.11358862421167336,0.0,0.7334409194724777,0.596599122578719,0.2938471683023424,0.316868851995627,0.4409786290905314,angry,05,18,18,female,normal,2069
70,2.3356666666666666,True,1.0,0.6087310020022912,0.5790160076571202,0.5938735048297057,1.2760516067012364,-0.08555555555555566,-0.08518518518518525,0.29371066645141203,0.6136569910078005,0.21499395002187144,0.46539928456729734,0.029714994345170997,0.00037037037037040976,0.025571634456195955,0.21690738501941914,0.11811133549150983,0.11726586162395093,0.0,0.9999999987499999,0.585001406711122,0.29565188582025353,0.29431622756384057,0.4082286325409947,angry,05,18,18,female,normal,2069
80,2.6693333333333333,True,1.0,0.5416255685019916,0.5459359996271392,0.5437807840645654,0.9004943018359758,-0.07773148148148157,-0.07893518518518522,0.3492757791515541,0.33426226026053224,0.22087513270143552,0.6038692115606686,0.004310431125147618,0.0012037037037036513,0.0010976443949479034,0.29981981652191037,0.12528773372660817,0.10991251770225315,0.0,0.6749556918758912,0.5884929830916742,0.28813317537973104,0.30414526428596445,0.4076326045083687,angry,05,18,18,female,normal,2069
90,3.003,True,1.0,0.5628936581409099,0.5376675419507263,0.550280600045818,0.7634010284120819,-0.07861111111111124,-0.08023148148148146,0.3505366970381371,0.31347645815823977,0.2201808200911247,0.7208276902513917,0.025226116190183556,0.0016203703703702166,0.0006319582677074068,0.3619747560717041,0.12446391645457495,0.11084453649497199,0.0,0.6924712179631586,0.5909860960712411,0.2859353792400631,0.29866506806776694,0.4093922076606946,angry,05,18,18,female,normal,2069
100,3.336666666666667,True,1.0,0.5550967764490711,0.5523765165355693,0.5537366464923201,0.7290990700003197,-0.07773148148148146,-0.08027777777777773,0.3397576756253414,0.30844694535396583,0.21673567235461477,0.7594806649418402,0.002720259913501777,0.0025462962962962687,0.0007700775321762788,0.38053209357477236,0.12248623740012823,0.11285741211648553,0.0,0.690468100127825,0.591197329720951,0.2868624899097089,0.2958964897217974,0.407271919438967,angry,05,18,18,female,normal,2069
0,0.0,True,1.0,0.47674349973481217,0.4352800591317879,0.45601177943330007,0.7163929136328308,-0.08652777777777776,-0.08564814814814808,0.35371974988338956,0.29046502583635464,0.21739620836739376,0.6365386518424127,0.04146344060302426,0.0008796296296296746,0.005569402682956466,0.38373998686727556,0.12679964998218973,0.10816481190668013,0.0,0.675546339012007,0.5981877490996399,0.2918948021457776,0.30042241805348663,0.40670117709164455,angry,05,18,18,female,strong,2070
10,0.33366666666666667,True,1.0,0.5207960087239735,0.46267697242367684,0.4917364905738252,0.7122318673478011,-0.0876851851851852,-0.08537037037037026,0.3565968511340363,0.31578313788151946,0.21321734630882008,0.6904162999683607,0.058119036300296634,0.002314814814814936,0.006274720329066791,0.38251951977090415,0.125302019918848,0.10989623093848162,0.0,0.6938263195348714,0.5966787802230268,0.29125932076892974,0.29637002693769654,0.40620519226782337,angry,05,18,18,female,strong,2070
20,0.6673333333333333,True,1.0,0.47162036245641886,0.46351974214103997,0.4675700522987294,0.712352182514766,-0.08550925925925923,-0.0840277777777777,0.35849629810072403,0.30234555754613573,0.2139117164045099,0.6563748434771411,0.008100620315378892,0.001481481481481528,0.0025368886720566813,0.39305316422249303,0.12421557215779659,0.11112276726023415,0.0,0.7245476714066813,0.5972063253426371,0.2909805450638705,0.2938456663542959,0.405153276604685,angry,05,18,18,female,strong,2070
30,1.0010000000000001,True,1.0,0.5368741801877085,0.48010567197726184,0.5084899260824851,1.1240371147637764,-0.07731481481481478,-0.07199074074074069,0.460349883270159,0.27837917711251675,0.20625591847568886,0.4523782350277175,0.056768508210446655,0.005324074074074092,0.009530559974601487,0.29438845551123644,0.11551104429518433,0.12014564667447962,0.0,0.8735379839027659,0.6425065419214562,0.31289437225205063,0.32364346999438,0.48211801887002553,angry,05,18,18,female,strong,2070
40,1.3346666666666667,True,1.0,0.2152689610339166,0.1798144047199941,0.19754168287695534,1.1957683242032386,-0.055925925925925934,-0.05458333333333326,0.40459956027591537,0.34331812296146014,0.18345356091256915,0.16520063199414553,0.0354545563139225,0.001342592592592673,0.00015782322927317686,0.26804250872348945,0.12310572140977077,0.11235105306973708,0.0,0.7071067807446058,0.5739297228657089,0.2892863883766005,0.359914008591946,0.4439185412468626,angry,05,18,18,female,strong,2070
50,1.6683333333333334,True,1.0,0.22313129549461283,0.19241707049146206,0.20777418299303746,1.0575526879388906,-0.05768518518518523,-0.056574074074074,0.4651862540446443,0.21561753831763786,0.1931124547695311,0.19646698019176465,0.03071422500315077,0.0011111111111112293,0.0016675900089318113,0.3058252427184462,0.12130397031483277,0.11429402677065333,0.0,0.7867219594358041,0.5607878462791366,0.2918878976347227,0.3656642784163419,0.44966213791580195,angry,05,18,18,female,strong,2070
60,2.0020000000000002,True,1.0,0.31262766302604605,0.30950136887327984,0.31106451594966295,1.1730227256294947,-0.08884259259259264,-0.08967592592592594,0.4448196484529829,0.31173327257754097,0.21816888821553931,0.26518200300231376,0.003126294152766218,0.0008333333333332971,0.012567792114239364,0.2691709561702116,0.11680817213070306,0.11856399452388243,0.0,0.7071067807446058,0.634031055547219,0.31269956272186133,0.31773967353440485,0.4611026930919231,angry,05,18,18,female,strong,2070
70,2.3356666666666666,True,1.0,0.4758710654836004,0.4497786177680327,0.46282484162581655,2.0317683530519903,-0.06990740740740736,-0.06810185185185175,0.2744414759384671,0.9481481481481489,0.20141957250238082,0.22779409913073562,0.026092447715567735,0.0018055555555556158,0.009414343229053752,0.15468580058037382,0.12012031736594467,0.11553738410179204,0.0,0.9999999987499999,0.561850449281275,0.29079934076477276,0.3135355726762715,0.39040103332449716,angry,05,18,18,female,strong,2070
80,2.6693333333333333,True,1.0,0.4976196352703627,0.4675317440651884,0.48257568966777553,1.0062189891944902,-0.06930555555555551,-0.0690277777777778,0.34880448864129515,0.3789554818231841,0.21461213051359668,0.47959310532798877,0.0300878912051743,0.0002777777777777102,0.0034001302675324115,0.3070847224205366,0.12436848614301205,0.11095159946758254,0.0,0.9307572300414652,0.5653418547262654,0.27704737855805683,0.30269973341260986,0.3871860359561923,angry,05,18,18,female,strong,2070
90,3.003,True,1.0,0.588177480170369,0.544891189431373,0.566534334800871,0.6696045219548749,-0.06611111111111101,-0.06597222222222215,0.3345069732424947,0.3208301378690267,0.21601496222801453,0.8460730419605055,0.043286290738995925,0.0001388888888888551,0.00388313435076485,0.43406415817049554,0.12109878083909927,0.11451141012467138,0.0,0.9999999987499999,0.6279062629895709,0.3084531920299972,0.2825009096034846,0.4163466755041539,angry,05,18,18,female,strong,2070
100,3.336666666666667,True,1.0,0.5950275392473566,0.5431649312953836,0.5690962352713701,0.7176439281138269,-0.06805555555555542,-0.06907407407407407,0.3455257648257,0.331722379001978,0.21322342920306844,0.7930064102501605,0.05186260795197306,0.0010185185185186407,0.0070482229238270685,0.39311956150018734,0.12686546178770805,0.1079112062211567,0.0,0.8568387776370975,0.5649309601418693,0.28284450665295247,0.30212089796406144,0.39021123839390953,angry,05,18,18,female,strong,2070
110,3.6703333333333332,True,1.0,0.454807753864303,0.41502921254966374,0.43491848320698334,0.6889548363178489,-0.07125000000000004,-0.07254629629629628,0.35216642593407405,0.30471219645878994,0.2118185226278855,0.6312728502370711,0.03977854131463926,0.0012962962962962399,0.010740871066771856,0.4218503194945951,0.12559009167568136,0.10956690487027074,0.0,0.7071067807446058,0.5701861864745899,0.2841059793065528,0.3019628901697414,0.39277539171882375,angry,05,18,18,female,strong,2070
0,0.0,True,1.0,0.5053469817982181,0.46127949161650383,0.483313236707361,0.7547075221571327,-0.08314814814814814,-0.0824537037037037,0.3668166942019435,0.25813914223051093,0.21389459599619023,0.6403980648370079,0.0440674901817143,0.000694444444444442,0.013022749401599283,0.3556268166280767,0.12729211944059707,0.10758482280855303,0.0,0.8016234552382354,0.6026846560889981,0.2913710269385656,0.300967881881853,0.41341660407999736,angry,05,18,18,female,strong,2071
10,0.33366666666666667,True,1.0,0.49791151092680586,0.4546231353373574,0.47626732313208164,0.7608551005457169,-0.08277777777777773,-0.08231481481481479,0.3648347920897443,0.2536060183450762,0.2132001701411734,0.6259632389800409,0.04328837558944848,0.0004629629629629428,0.010703528532283646,0.345377919810404,0.12545202456708304,0.10972496207423599,0.0,0.7316539509362673,0.602956641523797,0.2908857069337472,0.29902997130640174,0.41711725478303746,angry,05,18,18,female,strong,2071
20,0.6673333333333333,True,1.0,0.5057162077491928,0.5096006620830406,0.5076584349161166,0.7719125721491912,-0.08277777777777784,-0.08185185185185184,0.3576641197673741,0.2775636232465532,0.21250897556871712,0.6576631256343873,0.0038844543338477644,0.0009259259259259967,0.011611047225174776,0.34577266807508067,0.12365544675098743,0.1117457303820893,0.0,0.8513197372884034,0.6038937561040042,0.29141042275486423,0.2985507364333292,0.4149818274709975,angry,05,18,18,female,strong,2071
30,1.0010000000000001,True,1.0,0.2769315002643793,0.2559509372711916,0.2664412187677855,1.0809879219952,-0.08828703703703716,-0.08847222222222223,0.4683944451557552,0.20788229269138464,0.2229197469242988,0.24647936701828252,0.02098056299318768,0.0001851851851850661,0.01075212869655879,0.28141431754852453,0.12048470401316444,0.11499178197210404,0.0,0.8199050445015234,0.5876788259444403,0.29971040678625555,0.35763800658181943,0.46035318949859433,angry,05,18,18,female,strong,2071
40,1.3346666666666667,True,1.0,0.2388515512532297,0.20693467869501514,0.22289311497412242,1.2977235059923182,-0.05509259259259247,-0.05296296296296299,0.36592782730794066,0.3957493254365722,0.18894704285044794,0.1717570144525392,0.03191687255821457,0.0021296296296294814,0.008397814808478248,0.24766667685252394,0.12428052138098504,0.11105012280554541,0.0,0.8586448968224134,0.5686848015612496,0.2879091636594256,0.35797577567650046,0.4442220969073488,angry,05,18,18,female,strong,2071
50,1.6683333333333334,True,1.0,0.2995441472165959,0.26551010978868256,0.2825271285026392,1.068230031944067,-0.06347222222222215,-0.06374999999999997,0.4627029733706821,0.19001890903245278,0.21042573109859147,0.26448154428730053,0.03403403742791333,0.0002777777777778212,0.00863902188812406,0.29747161052198445,0.11900888871176882,0.11651848878704182,0.0,0.9999999987499999,0.5644090658685349,0.29198594276402945,0.35416172069950186,0.44406359355936004,angry,05,18,18,female,strong,2071
60,2.0020000000000002,True,1.0,0.3848341409829248,0.3707181101217411,0.377776125552333,1.080711878802469,-0.0725925925925926,-0.07486111111111104,0.4548253971368411,0.223413130233491,0.21600083423622596,0.3495622958923563,0.014116030861183682,0.0022685185185184475,0.0014001048900090672,0.286654461048458,0.12209346424824588,0.11345026997637701,0.0,0.7071067807446058,0.5738583043373601,0.2950873085089665,0.3554585793764777,0.4427894881541098,angry,05,18,18,female,strong,2071
70,2.3356666666666666,True,1.0,0.4628559653273387,0.4373190164906128,0.4500874909089757,1.9377103703956453,-0.059814814814814654,-0.05875000000000019,0.2850237089927349,0.8407330183775785,0.20496871162709115,0.23227800077112454,0.025536948836725915,0.0010648148148144632,0.007571702877016635,0.16735356357395736,0.12363037370292432,0.11177346942814778,0.0,0.6771793957559538,0.5477907514099389,0.28909250897472083,0.32011047937215154,0.39746913239058834,angry,05,18,18,female,strong,2071
80,2.6693333333333333,True,1.0,0.5829809510756941,0.5597717272672298,0.5713763391714619,1.3298143350056646,-0.07912037037037034,-0.08152777777777764,0.37057688803912786,0.4349859974317588,0.23402810378135264,0.42966625049129736,0.023209223808464352,0.0024074074074073026,0.00784481537362589,0.25250945955338855,0.11843894305900002,0.1170977821688839,0.0,0.7071067807446058,0.6211178760801196,0.3102334666106884,0.3086106733735747,0.45279355333126875,angry,05,18,18,female,strong,2071
90,3.003,True,1.0,0.6358975920693808,0.5920784798581894,0.613988035963785,0.8888151391980925,-0.07736111111111121,-0.08125000000000016,0.35748196017412054,0.3928820542832155,0.22777811272655973,0.69079385452158,0.04381911221119139,0.0038888888888889417,0.008993442760799447,0.3752799487150666,0.12899912926219323,0.10535130978104787,0.0,0.7071067807446058,0.5591314980210834,0.27945910773590793,0.3273311710965889,0.41988158174802354,angry,05,18,18,female,strong,2071
100,3.336666666666667,True,1.0,0.6311461986986366,0.5977202404007561,0.6144332195496964,0.6814607909303751,-0.07592592592592595,-0.07824074074074083,0.34728903379772796,0.3607733599043162,0.22291700891961655,0.9016413383238553,0.03342595829788053,0.0023148148148148806,0.009027715395452773,0.4411764705882355,0.12829099473932862,0.10639172166673642,0.0,0.6984626545554713,0.5616831746917517,0.2804102353790634,0.31728066162410923,0.4185472558794028,angry,05,18,18,female,strong,2071
110,3.6703333333333332,True,1.0,0.4363520698986556,0.4208562890104073,0.42860417945453144,0.6631584850869917,-0.08148148148148149,-0.08273148148148157,0.35084801887152056,0.33155826178606546,0.2236196407062924,0.6463073143040733,0.015495780888248323,0.0012500000000000844,0.00905095891554326,0.4612208142937713,0.12720993263964986,0.10768198924665154,0.0,0.9999999987499999,0.5632715619294593,0.2819376938509405,0.3081811680389457,0.4024262220423115,angry,05,18,18,female,strong,2071
0,0.0,True,1.0,0.4583117735842694,0.4282041478427799,0.44325796071352463,0.6898951215487407,-0.08796296296296291,-0.08828703703703716,0.37612790011839925,0.2554612790532637,0.2138920991554832,0.6425005002477159,0.030107625741489508,0.00032407407407425426,0.009034473030689775,0.3857775895140553,0.1271497408482023,0.10775305644174824,0.0,0.6918864638931527,0.5943417608371474,0.29135387635602483,0.2980683603549609,0.4063041907689169,angry,05,18,18,female,strong,2072
10,0.33366666666666667,True,1.0,0.47866157743980264,0.44200006683442733,0.46033082213711496,0.6898951215487407,-0.08847222222222229,-0.08796296296296302,0.3791707359046944,0.2554612790532637,0.21458653321087057,0.667247539167579,0.036661510605375314,0.0005092592592592649,0.010352797402573458,0.3753755160800448,0.1270142198343985,0.1079127690785276,0.0,0.8538371814789036,0.5951071502272783,0.2911324364339242,0.29908447630645957,0.40518913608948615,angry,05,18,18,female,strong,2072
20,0.6673333333333333,True,1.0,0.4373998311163513,0.41639358867501186,0.42689670989568157,0.6979429631687473,-0.0856944444444444,-0.08745370370370381,0.3806707590496857,0.24743956473046969,0.2125014361164707,0.6116498516691361,0.021006242441339418,0.0017592592592594047,0.009648915311343398,0.36861120127027935,0.12419635280230068,0.1111442473573811,0.0,0.8649233907300174,0.5957318761957908,0.2913832636867625,0.2938375809214105,0.40450507878134195,angry,05,18,18,female,strong,2072
30,1.0010000000000001,True,1.0,0.37225608377280706,0.34945833917280916,0.36085721147280814,1.0489901932523165,-0.09949074074074077,-0.10027777777777774,0.453700312698756,0.25154356674928,0.23195266759817093,0.3440043708645141,0.022797744599997893,0.000787037037036975,0.0007530838892083407,0.28717114451704934,0.12091111796287081,0.1143768832742399,0.0,0.7071067807446058,0.586338398374975,0.29958876943298834,0.3506058955575192,0.44591608022212775,angry,05,18,18,female,strong,2072
40,1.3346666666666667,True,1.0,0.21882443905899002,0.1999783198522568,0.20940137945562343,1.1715901553889576,-0.07412037037037039,-0.08004629629629628,0.4185599674050515,0.3305972220652008,0.20697430445724502,0.17873262120925215,0.01884611920673321,0.00592592592592589,0.001308391726299711,0.2675100215070557,0.12394638376015504,0.11142294073776621,0.0,0.9999999987499999,0.5732657157628677,0.29662453641331343,0.3591941390277635,0.4553388550577915,angry,05,18,18,female,strong,2072
50,1.6683333333333334,True,1.0,0.19225532078762292,0.21024335634067343,0.20124933856414817,1.0797115936335182,-0.08337962962962958,-0.08856481481481493,0.48527642266469806,0.31406096422005225,0.20347372205671155,0.18639175475266534,0.017988035553050508,0.005185185185185348,0.011186222485282936,0.2915846975682585,0.11826235302852714,0.11743846740032525,0.0,0.8703298056178002,0.5787551493956958,0.2975668601082838,0.3422991601308735,0.44206821823110687,angry,05,18,18,female,strong,2072
60,2.0020000000000002,True,1.0,0.3088872808514134,0.2653299934250983,0.28710863713825585,1.1729775441408297,-0.06064814814814817,-0.05935185185185182,0.45216199430071646,0.29059881341974075,0.1937751999740937,0.24476908238559178,0.04355728742631515,0.001296296296296351,0.00042436696151005525,0.26872868260888394,0.11744734854652063,0.1182535330909497,0.0,0.8521052187472026,0.6268025764133779,0.31451853443277256,0.32207180643416217,0.4616599457172992,angry,05,18,18,female,strong,2072
70,2.3356666666666666,True,1.0,0.4220682296271218,0.4091697311195566,0.4156189803733392,2.2045351683840213,-0.05995370370370373,-0.05995370370370373,0.26246719160105003,1.137777777777777,0.18549729783568353,0.18852907693824553,0.012898498507565193,0.0,0.0037267065558099916,0.14969142009283418,0.12347643903302609,0.11194349812955597,0.0,0.6884658912363235,0.5571485588766757,0.2875561227568578,0.3245446495052865,0.41009549203886403,angry,05,18,18,female,strong,2072
80,2.6693333333333333,True,1.0,0.36537995450428284,0.34766335049208547,0.3565216524981841,1.2777068753547227,-0.05666666666666664,-0.06111111111111123,0.42659946043640906,0.29992595334948374,0.20904091715924544,0.2790324286227269,0.01771660401219738,0.004444444444444584,0.014299034811643425,0.2642229671885942,0.12005486120347113,0.1154404787033949,0.0,0.9419289749308977,0.5618858433451506,0.28737851075898674,0.3289194780213026,0.41435931486064814,angry,05,18,18,female,strong,2072
90,3.003,True,1.0,0.4708195721066974,0.4477517233815818,0.4592856477441396,1.0590174818870877,-0.0637037037037037,-0.06782407407407409,0.3709360157173332,0.3214874498585803,0.2097353180985255,0.4336903361838068,0.02306784872511558,0.004120370370370385,0.014316138024335073,0.30157434982240305,0.12551701439259294,0.10965061271114906,0.0,0.9999999987499999,0.5669458888086485,0.2885439295023094,0.32183999538488056,0.41361620381481706,angry,05,18,18,female,strong,2072
100,3.336666666666667,True,1.0,0.22912650311940183,0.2116026245573109,0.22036456383835637,0.9131364307443781,-0.07569444444444456,-0.07949074074074075,0.367911757471693,0.3297336485832949,0.20905113610721196,0.24132709682683207,0.017523878562090922,0.0037962962962961866,0.0056959504802317805,0.3515517716550427,0.12729717238961544,0.10757884397954756,0.0,0.8135532553065523,0.563867329846001,0.2861838974617843,0.310591323876348,0.4036061635074087,angry,05,18,18,female,strong,2072
110,3.6703333333333332,True,1.0,0.41724773042743385,0.395220849857222,0.4062342901423279,0.7211072738413932,-0.06601851851851859,-0.07097222222222205,0.3707843390757447,0.2592951001168264,0.21043443258590488,0.5633479301606362,0.02202688057021185,0.00495370370370346,0.013985607597544967,0.4257073815835913,0.12556127836714157,0.1095999231061453,0.0,0.6994640801408386,0.5622626991030787,0.2849648212863174,0.30268571701496383,0.3954413747876104,angry,05,18,18,female,strong,2072
0,0.0,True,1.0,0.4699756912663935,0.47163224211280536,0.47080396668959945,0.6834567453461877,-0.08879629629629626,-0.08685185185185179,0.3755522846717112,0.2642220157988532,0.21463452564928698,0.6888570050634669,0.001656550846411864,0.0019444444444444708,0.002497715943811451,0.38373998686727506,0.12680443500343874,0.10815920226074827,0.0,0.6868268964270395,0.5980920386201356,0.2928863710901615,0.29869825044032405,0.4055231818838552,angry,05,18,18,female,strong,2073
10,0.33366666666666667,True,1.0,0.4766997391474211,0.4649924898882863,0.4708461145178537,0.680372335759324,-0.08856481481481476,-0.087361111111111,0.36989716358704516,0.26808258389030765,0.21321734630882003,0.6920418273508574,0.0117072492591348,0.0012037037037037623,0.006577590150874911,0.382774647027799,0.1225966674262685,0.11273744257386399,0.0,0.9999999987499999,0.598367396990046,0.29334728159446377,0.29371777910487407,0.4068161783697855,angry,05,18,18,female,strong,2073
20,0.6673333333333333,True,1.0,0.4777333853338763,0.4582857752044588,0.46800958026916756,0.6834567453461877,-0.08768518518518514,-0.08611111111111108,0.37509117907705203,0.2642220157988532,0.21460608698134456,0.6847683974969172,0.019447610129417536,0.001574074074074061,0.010969340536437252,0.3942978351532848,0.12640656482841636,0.10862392986140687,0.0,0.6888956296016736,0.5988315927073955,0.2928626832358219,0.29952031510290683,0.40793460224274697,angry,05,18,18,female,strong,2073
30,1.0010000000000001,True,1.0,0.4632427710064195,0.4473483209002024,0.4552955459533109,1.3019584465830178,-0.07759259259259266,-0.07550925925925928,0.38012786474499083,0.39311080399341497,0.20495642791988505,0.34970052012660724,0.015894450106217095,0.0020833333333333814,0.008819502527957697,0.2412815372237945,0.12134304879791324,0.11425253729461882,0.0,0.9164310746139414,0.5883315706438825,0.29707495709354514,0.3451674322368907,0.44920611890053486,angry,05,18,18,female,strong,2073
40,1.3346666666666667,True,1.0,0.4379851997165571,0.40911025879661145,0.42354772925658424,1.320063329378165,-0.09296296296296297,-0.0899537037037037,0.38662241571147216,0.41945937569025743,0.2292745070601474,0.32085409830761874,0.028874940919945635,0.003009259259259267,0.006869722572474786,0.22778351815365785,0.1214628432550967,0.11412517460191673,0.0,0.6832598672545529,0.5770023168486145,0.2856673207476498,0.32907214984450156,0.42428462404668993,angry,05,18,18,female,strong,2073
50,1.6683333333333334,True,1.0,0.17007858823343242,0.15448319661621238,0.1622808924248224,0.9084735816800535,-0.05212962962962947,-0.052222222222222225,0.48502646819963446,0.13477097863876686,0.1882528129298553,0.1786302823739948,0.015595391617220039,9.25925925927551e-05,0.015634222208261186,0.3401435831254632,0.12417294484301745,0.11117039866314458,0.0,0.9999999987499999,0.576376951726003,0.29336392814440293,0.35336526013281594,0.42751908023718416,angry,05,18,18,female,strong,2073
60,2.0020000000000002,True,1.0,0.35746610535502366,0.3803471256988617,0.3689066155269427,1.3968629436098896,-0.06462962962962959,-0.06791666666666663,0.37696863454931107,0.49976837993684486,0.20144343430390382,0.26409650081602387,0.022881020343838043,0.0032870370370370328,0.0036065381290446507,0.2031238422726053,0.12336026120333246,0.1120715116588919,0.0,0.8817725836194761,0.5726275670502576,0.28773755009795854,0.32313172323447714,0.4132389101936506,angry,05,18,18,female,strong,2073
70,2.3356666666666666,True,1.0,0.5458841683971,0.5322698387925328,0.5390770035948164,1.26131939084784,-0.060925925925925994,-0.0591666666666667,0.43469887640290905,0.3893638119573768,0.1959595185771973,0.42739135504168924,0.01361432960456721,0.0017592592592592937,0.019887908686176525,0.2544964263047522,0.12089379901611588,0.11472779579864419,0.0,0.9999999987499999,0.5679395863423493,0.29329926071508816,0.35185641870674966,0.4535925540019027,angry,05,18,18,female,strong,2073
80,2.6693333333333333,True,1.0,0.5078339348335714,0.503094997406471,0.5054644661200212,1.9582253875352644,-0.06699074074074068,-0.0676388888888888,0.27920489881940663,0.9872986325885964,0.20906427402064315,0.2581237427200492,0.004738937427100409,0.0006481481481481199,0.003798853541029519,0.1492557393716504,0.1240354621462767,0.11132377059599902,0.0,0.7814196376590083,0.5607227940004128,0.2852542272890576,0.31191319922404775,0.4014073589264476,angry,05,18,18,female,strong,2073
90,3.003,True,1.0,0.4144070904985905,0.4255785478021214,0.4199928191503559,1.376344086021506,-0.06050925925925921,-0.06060185185185196,0.41643371834539195,0.28673835125448016,0.22222256554471093,0.30515103266393034,0.011171457303530918,9.25925925927551e-05,0.010331198022630645,0.2437499999999997,0.12408099269885772,0.1112730201832067,0.0,0.6965717141947739,0.5526087448885805,0.29096864173713566,0.3404094165307927,0.42760857064585495,angry,05,18,18,female,strong,2073
100,3.336666666666667,True,1.0,0.5249083094407272,0.5167634923091335,0.5208359008749304,1.0767100331679786,-0.06555555555555559,-0.06611111111111123,0.3644843905037199,0.363219139982459,0.2194614795452074,0.48372903087239477,0.008144817131593651,0.0005555555555556424,0.006921729422314097,0.3187445569861393,0.12320214873393401,0.11207544052754471,0.0,0.7071067807446058,0.563650355204582,0.2840069414164295,0.29621270319749615,0.39008982669837744,angry,05,18,18,female,strong,2073
110,3.6703333333333332,True,1.0,0.28231450524532836,0.23870306890419374,0.26050878707476105,1.0038711898243373,-0.07916666666666672,-0.08120370370370372,0.34847024548231104,0.3391456722379525,0.2166839201488774,0.2595041970676997,0.043611436341134624,0.002037037037037004,0.00021702263841830784,0.34232764033894403,0.1276049496923488,0.10721359328165048,0.0,0.6766807799589553,0.5648300728416368,0.28917066893489635,0.3050218682044324,0.3990758634998717,angry,05,18,18,female,strong,2073
120,4.0040000000000004,True,1.0,0.4568941475828969,0.44977178561328723,0.4533329665980921,0.8355268197008855,-0.07203703703703712,-0.07356481481481486,0.35841082588156153,0.3050336008431803,0.21875139508483718,0.542571412322088,0.007122361969609692,0.001527777777777739,0.005058837771741717,0.3931776790800596,0.12705821008177995,0.10786097079595532,0.0,0.8105192328850348,0.5712310368053471,0.2851059695974557,0.3063098515432611,0.40689071484466666,angry,05,18,18,female,strong,2073
0,0.0,True,1.0,0.4856135409376509,0.47603954736319226,0.4808265441504216,0.7925330163134906,-0.08569444444444446,-0.08513888888888882,0.3496924465748785,0.3484248544955194,0.21250000000000002,0.6066959158206578,0.00957399357445865,0.0005555555555556424,0.007510289546029997,0.3588193326382326,0.12808455766431553,0.10664016062599414,0.0,0.7211402439631874,0.5892771906496973,0.2867828422983763,0.30582397872891026,0.4034501382367827,fearful,06,18,18,female,normal,2074
10,0.33366666666666667,True,1.0,0.540348429180458,0.5210857608006199,0.5307170949905389,0.7995378064442532,-0.07925925925925936,-0.07898148148148149,0.35351812959433504,0.31167006529357894,0.20764476777723617,0.6637798622066066,0.019262668379838144,0.0002777777777778767,0.009913609356524557,0.36266790828024115,0.12426653714987301,0.11106577112140877,0.0,0.680143936524334,0.588354405527836,0.2883343925328855,0.30328026424494176,0.409323123377616,fearful,06,18,18,female,normal,2074
20,0.6673333333333333,True,1.0,0.5004168210490049,0.4822938226521673,0.49135532185058606,0.9015012789114059,-0.06875000000000009,-0.0733333333333333,0.3728214250350968,0.30907617398855064,0.20000038146936272,0.5450411811327819,0.018122998396837564,0.004583333333333217,0.014830062706412368,0.3374891038838769,0.12699862791442598,0.10793111821078849,0.0,0.6700939791083971,0.574837016048607,0.29036672174329226,0.32757610191488284,0.4157082428053504,fearful,06,18,18,female,normal,2074
30,1.0010000000000001,True,1.0,0.5484677322277689,0.5581127231528855,0.5532902276903272,1.2095019083553575,-0.07731481481481478,-0.08324074074074073,0.36053024915985654,0.4784751305680853,0.21041702925144093,0.4574529596589672,0.009644990925116614,0.005925925925925946,0.0029985313025645156,0.2728593651793081,0.12533980786675428,0.10985313074260879,0.0,0.6848109331460668,0.5788556668057847,0.2885855279693262,0.33017678679328366,0.43634363300107243,fearful,06,18,18,female,normal,2074
40,1.3346666666666667,True,1.0,0.6283089782473968,0.586720211277695,0.607514594762546,1.475407037791058,-0.07500000000000001,-0.08074074074074078,0.3341600490045396,0.6029219419007681,0.207662403443696,0.41176067295442853,0.04158876696970182,0.0057407407407407685,0.008781036515267572,0.2064235514019258,0.12325509309901624,0.11218716412763845,0.0,0.7030185555161772,0.5772547926905137,0.2869889442597564,0.31926278051421497,0.4350797578081722,fearful,06,18,18,female,normal,2074
50,1.6683333333333334,True,1.0,0.6546607407911879,0.623619997133261,0.6391403689622244,0.8269097214238327,-0.07245370370370363,-0.07620370370370366,0.34570317726354455,0.34453057708871654,0.20349059443298598,0.772926417967014,0.03104074365792686,0.003750000000000031,0.013327930147137125,0.328110581394774,0.1281245708879175,0.10659208275145081,0.0,0.6633812107658469,0.5785692937565651,0.28596358044589837,0.31347181697132026,0.4100226477563703,fearful,06,18,18,female,normal,2074
60,2.0020000000000002,True,1.0,0.6489657201490755,0.6057951896954304,0.627380454922253,1.2279164784812862,-0.0702314814814814,-0.07384259259259263,0.2586636034780918,0.7238188796939942,0.20417002980063792,0.5109308865194242,0.04317053045364505,0.0036111111111112315,0.0073519922888178576,0.2182528172471795,0.1270838805841387,0.10783072412886774,0.0,0.6900649215349629,0.5729196931038041,0.28802290879857667,0.32096960595007434,0.40607811840728164,fearful,06,18,18,female,normal,2074
70,2.3356666666666666,True,1.0,0.565758008503125,0.5278202749604998,0.5467891417318124,1.1402174583995175,-0.0704629629629629,-0.07416666666666671,0.34810456268393736,0.48183440529824173,0.2006978657631411,0.47954812277591397,0.037937733542625196,0.00370370370370382,0.010924993893315473,0.276841880359768,0.12453482788989301,0.11059272338067039,0.0,0.6889130737748678,0.5737234970472564,0.2878001146887615,0.322418509812173,0.42698374174852666,fearful,06,18,18,female,normal,2074
80,2.6693333333333333,True,1.0,0.5745649813704501,0.5237638626176592,0.5491644219940546,1.047004018306392,-0.07009259259259254,-0.07361111111111118,0.3430773759389809,0.4546077144280247,0.1986126476545555,0.5245103288928818,0.05080111875279092,0.003518518518518643,0.010411050140343535,0.2963367685130849,0.12838826653148144,0.10627431857037906,0.0,0.6777508904472598,0.5712396908372724,0.2878770185490975,0.322735946380806,0.414585001299759,fearful,06,18,18,female,normal,2074
90,3.003,True,1.0,0.5886189646983188,0.5791380940586921,0.5838785293785054,0.7025755586614932,-0.06916666666666671,-0.07374999999999998,0.3446616157936676,0.385727757696506,0.20139229841013495,0.8310544284957441,0.00948087063962666,0.004583333333333273,0.020235054992094634,0.44117647058823467,0.12753223573233433,0.10730007744379057,0.0,0.8190172100555074,0.571481719437775,0.2872521895751175,0.31199976793848955,0.4023808256262838,fearful,06,18,18,female,normal,2074
100,3.336666666666667,True,1.0,0.5194504631169914,0.5090624705978958,0.5142564668574436,0.7250400825953347,-0.07111111111111124,-0.07481481481481478,0.3323992640795736,0.3554118051937915,0.20278116394652987,0.7092800511340346,0.010387992519095612,0.0037037037037035425,0.013852210872513693,0.4191176470588234,0.12501608381458992,0.11022139791170958,0.0,0.7071067807446058,0.5764730507593663,0.28593354917203007,0.30757415689933165,0.40243312099737755,fearful,06,18,18,female,normal,2074
0,0.0,True,1.0,0.49271337367704876,0.4612995509799661,0.4770064623285074,0.8081840972345885,-0.08861111111111108,-0.08884259259259264,0.36266758005032834,0.33120890919433676,0.21250574440765121,0.5902200550106204,0.03141382269708265,0.00023148148148155467,0.00534889318132624,0.34156761212753306,0.127526373063317,0.1073070451722464,0.0,0.7071067807446058,0.5971008770930247,0.2870295917265083,0.3042412272108441,0.4028086365254112,fearful,06,18,18,female,normal,2075
10,0.33366666666666667,True,1.0,0.4786615774398037,0.47084948394471976,0.47475553069226173,0.8343704286472873,-0.08717592592592593,-0.08726851851851852,0.35512822626586044,0.34315436022796814,0.21181131879681858,0.568998510004667,0.007812093495083938,9.259259259258856e-05,0.003854383216915939,0.33605891424025375,0.12446116671037244,0.11084762402074809,0.0,0.761790820229151,0.5969724926064176,0.28765731354366897,0.299879918971296,0.4004700084415695,fearful,06,18,18,female,normal,2075
20,0.6673333333333333,True,1.0,0.4722984745632649,0.45003209375724146,0.46116528416025315,0.9062304608210419,-0.06634259259259262,-0.0692592592592593,0.4061783110147865,0.3040558398798259,0.19514240760994458,0.5088830094526274,0.022266380806023445,0.0029166666666666785,0.010481655498262462,0.3330500884966714,0.12615985446259437,0.10891037091225013,0.0,0.6104324819191219,0.5817803208080107,0.29186395223204376,0.33064788206043116,0.4197227169982877,fearful,06,18,18,female,normal,2075
30,1.0010000000000001,True,1.0,0.5473443682057926,0.5344277114255171,0.5408860398156549,1.0691619245963457,-0.08745370370370376,-0.09745370370370371,0.3851916019430354,0.39157813261146873,0.22222359550899454,0.5058972147926634,0.012916656780275426,0.009999999999999953,0.013591083246023799,0.2814661859162236,0.12435484446752974,0.11079506523227255,0.0,0.8044908268967678,0.5823450805478441,0.28995994312028994,0.3323398885957633,0.4279925692887247,fearful,06,18,18,female,normal,2075
40,1.3346666666666667,True,1.0,0.49425722732394634,0.5014298093812785,0.4978435183526124,1.3459990359365015,-0.07657407407407407,-0.08870370370370378,0.37609966123810606,0.3999677539626831,0.21736988595645537,0.36986914927931536,0.007172582057332122,0.012129629629629712,0.015431329869597027,0.23347741693951843,0.12247430553842627,0.11303902977551461,0.0,0.739116867644445,0.574488595297494,0.29133098905936156,0.3372453597964089,0.4343304087350715,fearful,06,18,18,female,normal,2075
50,1.6683333333333334,True,1.0,0.658253422655381,0.6245551579393842,0.6414042902973827,0.6558067134662916,-0.0706944444444444,-0.08509259259259255,0.3994293781003168,0.1848182556132278,0.22084577033571104,0.9780386158403528,0.033698264715996795,0.01439814814814816,0.017533859504263213,0.4197121824723482,0.12734168420415687,0.10752615139698739,0.0,0.734535560352698,0.5744046491409064,0.2876468408075273,0.3320758257960136,0.4282223301911642,fearful,06,18,18,female,normal,2075
60,2.0020000000000002,True,1.0,0.5330825806262519,0.541130037734114,0.537106309180183,1.0579803640201821,-0.07347222222222222,-0.08625000000000005,0.32230468612502533,0.4407713498622585,0.21736988595645543,0.5076713400797457,0.008047457107862144,0.012777777777777832,0.01853211086349142,0.21091175550731825,0.1254319724931274,0.10974788401849876,0.0,0.8919966249074939,0.5706544960171569,0.288975388626028,0.34152395734803687,0.4169549587890728,fearful,06,18,18,female,normal,2075
70,2.3356666666666666,True,1.0,0.4512405361516169,0.5118398381878214,0.48154018716971914,0.9643724442606699,-0.07111111111111112,-0.08893518518518512,0.4054124357459574,0.2381829050750883,0.21251292469885805,0.49933009807107137,0.060599302036204505,0.017824074074073992,0.019168762879728685,0.3187445569861393,0.12366265745677428,0.11173775065192088,0.0,0.6818285222249052,0.5689302162349316,0.29054692282991945,0.3427105856285354,0.4322370633226496,fearful,06,18,18,female,normal,2075
80,2.6693333333333333,True,1.0,0.49836619532878246,0.5225810969248659,0.5104736461268242,0.9312731071908276,-0.07222222222222213,-0.0899537037037037,0.38595352393662513,0.2756756530215415,0.21736427009624287,0.5481460188050108,0.024214901596083416,0.01773148148148157,0.0228129597734704,0.33328250614306054,0.12733302522991344,0.10753640526030082,0.0,0.6930869499397554,0.5671563229588711,0.28891603501939384,0.33568663288507644,0.4230075868602252,fearful,06,18,18,female,normal,2075
90,3.003,True,1.0,0.5198858025731655,0.5464356429888262,0.5331607227809958,0.7885166877933738,-0.0712037037037036,-0.08467592592592588,0.3783604153034735,0.2503127808376646,0.2145847555070186,0.6761565494232221,0.026549840415660664,0.013472222222222274,0.01688479110729112,0.3842412402587682,0.12690826942217964,0.10803734966491087,0.0,0.7071067807446058,0.5712118723895809,0.2877405497637115,0.3233057466238286,0.40452392553267363,fearful,06,18,18,female,normal,2075
100,3.336666666666667,True,1.0,0.5194504631169903,0.5356053959071672,0.5275279295120787,0.6892396129655621,-0.07138888888888884,-0.08333333333333337,0.3701712624454727,0.2616557789961848,0.21112014572710378,0.765376684085679,0.01615493279017688,0.011944444444444535,0.015244471856775991,0.41707798627982273,0.12663604287890803,0.10835631229552727,0.0,0.8279314663559925,0.5726779105626626,0.28557600139936967,0.31637900073473607,0.40480300133557,fearful,06,18,18,female,normal,2075
0,0.0,True,1.0,0.49034263140914675,0.4784535594800842,0.4843980954446155,0.7913519518699319,-0.08731481481481485,-0.08546296296296291,0.3510250586847604,0.37519233294549614,0.21389780617713006,0.6121146151216318,0.011889071929062522,0.0018518518518519378,0.006048146429172673,0.33986126669234434,0.12548325532064927,0.10968924470668655,0.0,0.6732729653418084,0.596338610123737,0.2865542934362939,0.30308877844251614,0.4072779948777304,fearful,06,18,18,female,normal,2076
10,0.33366666666666667,True,1.0,0.4988806184339996,0.5053412752321159,0.5021109468330578,0.7622129859918362,-0.08671296296296294,-0.08560185185185182,0.34674308970363577,0.38102679273071205,0.20974004696401627,0.6587541226153234,0.006460656798116304,0.0011111111111111183,0.0012089236869948646,0.35834105342890826,0.1272308088509919,0.10765732232152367,0.0,0.7115553322542331,0.5968938584652611,0.28673683424590424,0.3076584195140637,0.40663279133951896,fearful,06,18,18,female,normal,2076
20,0.6673333333333333,True,1.0,0.49888061843400167,0.4833911362939268,0.49113587736396425,0.9198033976460518,-0.0698611111111111,-0.07124999999999998,0.3551233422531207,0.3922556758533379,0.1944762237252906,0.5339574507126984,0.01548948214007484,0.001388888888888884,0.002009063859407361,0.3146712787056031,0.12498354625026857,0.11025829191810146,0.0,0.6518519824251946,0.5853365472204507,0.2885382385391461,0.31429361041619536,0.4094844403857005,fearful,06,18,18,female,normal,2076
30,1.0010000000000001,True,1.0,0.5118231021156182,0.5191097468539244,0.5154664244847713,1.240216535409942,-0.07134259259259268,-0.07277777777777777,0.34573600404336013,0.4891869679609228,0.20139495022008674,0.4156261505692542,0.007286644738306203,0.001435185185185095,0.006909351642711619,0.24374523939728276,0.12252233979421208,0.11298696394387285,0.0,0.6474716202227994,0.578769368411427,0.2905941622549203,0.3217321450381901,0.4263975667313106,fearful,06,18,18,female,normal,2076
40,1.3346666666666667,True,1.0,0.5284638185452929,0.5165759347078714,0.5225198766265822,0.9914313780104912,-0.08888888888888885,-0.0969444444444445,0.3442900050275544,0.41996853140253393,0.22013923546048123,0.5270358475794105,0.011887883837421453,0.008055555555555649,0.003746869512415318,0.29719063931363365,0.12744162340477372,0.1074076831242786,0.0,0.7096789329598385,0.5737649653611444,0.2863607187967138,0.3205325642719326,0.4013919822249396,fearful,06,18,18,female,normal,2076
50,1.6683333333333334,True,1.0,0.5746005487130442,0.5881642735801302,0.5813824111465873,0.9764232438839114,-0.07560185185185186,-0.08217592592592593,0.3621853544404866,0.39703412201959554,0.20695366095743595,0.5954204949423642,0.013563724867086013,0.0065740740740740655,0.009788361793276022,0.3011489759277427,0.12482734899722561,0.11043509728433519,0.0,0.6779759492350333,0.5746431307601165,0.2879974047327355,0.318759324849317,0.4090425784291287,fearful,06,18,18,female,normal,2076
60,2.0020000000000002,True,1.0,0.5173357747549414,0.5072500285843385,0.51229290166964,1.3424656643065183,-0.07824074074074072,-0.0828240740740741,0.2907911983691567,0.6307391833431879,0.21041992990714237,0.38160596229049687,0.010085746170602872,0.004583333333333384,0.004216521553254501,0.17660002153331383,0.12398944421817275,0.11137502185149066,0.0,0.6601389240869644,0.5723472525650886,0.2883381049406004,0.3291921868777936,0.42193668147584734,fearful,06,18,18,female,normal,2076
70,2.3356666666666666,True,1.0,0.49110595786880534,0.4843835221253787,0.487744739997092,1.076562698754406,-0.07430555555555562,-0.08037037037037043,0.34751495995692955,0.4642676638378372,0.20625332916347228,0.45305743972127,0.006722435743426625,0.006064814814814801,0.012211389864796567,0.3026020376072554,0.12782696724886056,0.10694879248643023,0.0,0.6772617595501426,0.564024045477566,0.28742746774626005,0.33367590609318754,0.4300836754141937,fearful,06,18,18,female,normal,2076
80,2.6693333333333333,True,1.0,0.49128243115681797,0.4775604319793566,0.48442143156808726,0.9942656542777752,-0.0737962962962963,-0.0765277777777778,0.35105927157766637,0.41757983052908376,0.2027837975942453,0.48721529249641654,0.013721999177461364,0.0027314814814815014,0.0016972439418062647,0.3152731937320817,0.12603697956219204,0.10905254491742981,0.0,0.7074108002507814,0.5620883848852042,0.28718581623789985,0.3271520180540001,0.41580870214985843,fearful,06,18,18,female,normal,2076
90,3.003,True,1.0,0.5117110261796124,0.5115989502436088,0.5116549882116106,0.8681346191982597,-0.07180555555555551,-0.07634259259259263,0.33861114164963907,0.4340673095991304,0.20070394796348637,0.5893728655633322,0.00011207593600359722,0.004537037037037117,0.003197923735732329,0.3396568099586301,0.12698302374053194,0.1079494763862777,0.0,0.7016680050437316,0.5647360465045393,0.2867646622668193,0.31861786557024174,0.40198864615038543,fearful,06,18,18,female,normal,2076
100,3.336666666666667,True,1.0,0.5252806308616597,0.503968557914819,0.5146245943882393,0.834975476569276,-0.07120370370370366,-0.07606481481481492,0.34739612202729575,0.3972703690230531,0.20139835963871922,0.6163349808819709,0.021312072946840677,0.00486111111111126,0.004184033929814403,0.35381608385579044,0.1281899580016024,0.10651343782872816,0.0,0.6134022640846871,0.5663691428524535,0.28671521786482335,0.32045147859465867,0.4029548582027685,fearful,06,18,18,female,normal,2076
0,0.0,True,1.0,0.5004168210490048,0.4759130743431793,0.48816494769609203,0.7992350462460167,-0.08180555555555558,-0.08319444444444446,0.34754644938485085,0.37894765123733504,0.20833479817193346,0.6107902174572903,0.024503746705825447,0.001388888888888884,0.01119425989581463,0.3685344827586202,0.12900840929462495,0.10552065248887497,0.0,0.9000479047707416,0.5844410197829131,0.28727537072183845,0.3054591837181612,0.40325023318078734,fearful,06,18,18,female,normal,2077
10,0.33366666666666667,True,1.0,0.5310521924848063,0.5286351809344975,0.5298436867096519,0.9233419465977611,-0.08282407407407405,-0.08407407407407408,0.3476450401199453,0.413436692506461,0.2083336995439489,0.5738325748786431,0.002417011550308823,0.0012500000000000289,0.00578273729715387,0.31099268917091005,0.1269641240719915,0.10797170448251253,0.0,0.6760333424889716,0.584333970971201,0.2879893577485204,0.3093889771616466,0.40894606747796114,fearful,06,18,18,female,normal,2077
20,0.6673333333333333,True,1.0,0.4573675953754642,0.4703640911357139,0.46386584325558905,0.8616403372523948,-0.07981481481481484,-0.08046296296296307,0.3540117367140052,0.43082016862619793,0.20277928274864843,0.5383520515471316,0.012996495760249749,0.000648148148148231,0.0013686038602171516,0.31679181754594316,0.12477932183678464,0.1104893597224881,0.0,0.8646312640004842,0.5793392825802195,0.2873505032313598,0.30342248250420456,0.41085856021058964,fearful,06,18,18,female,normal,2077
30,1.0010000000000001,True,1.0,0.5832703720600563,0.5589136496559284,0.5710920108579923,1.2284173154448768,-0.07268518518518513,-0.07518518518518519,0.3288519174354816,0.5564007840544444,0.19378937351945408,0.46490065198337654,0.024356722404127895,0.0025000000000000577,0.002836515912090846,0.23191624077145653,0.1264799531338486,0.10853846887387918,0.0,0.6408732601217492,0.5748273627028937,0.2873010554226653,0.31666753029590927,0.41600560920732704,fearful,06,18,18,female,normal,2077
40,1.3346666666666667,True,1.0,0.5304578857804695,0.5411125440470863,0.5357852149137778,1.056417696415187,-0.07499999999999996,-0.08495370370370364,0.3794233567250155,0.3977014833661804,0.2083860610358279,0.5071717529267956,0.010654658266616823,0.009953703703703687,0.008364615229794356,0.271317588536962,0.1263482331877758,0.1086917740248505,0.0,0.6765249811952718,0.5710046412314926,0.28801514625008307,0.3400673358447885,0.41816559041995227,fearful,06,18,18,female,normal,2077
50,1.6683333333333334,True,1.0,0.519793692683508,0.5131320980130197,0.5164628953482638,0.9790050771604437,-0.07009259259259248,-0.0826851851851852,0.38635791781992423,0.33653299527390246,0.2097455032147939,0.5275385259964526,0.006661594670488213,0.01259259259259271,0.006463693468438758,0.31665306731352316,0.12330438830695511,0.11213298174069382,0.0,0.7129861463885008,0.5661969086384555,0.2886086377974383,0.3342445026234602,0.428435802622041,fearful,06,18,18,female,normal,2077
60,2.0020000000000002,True,1.0,0.47903350849609955,0.45423959363168626,0.4666365510638929,1.0875366854563837,-0.06305555555555553,-0.0671296296296297,0.35837843787871737,0.39786991414327855,0.20140252662755678,0.4290766070737828,0.02479391486441329,0.004074074074074174,0.00818050371446682,0.28810297765389575,0.1257878229771952,0.10933984342746385,0.0,0.7051990709579931,0.5637926366327781,0.29017392212510196,0.33364301510855826,0.4217385141497567,fearful,06,18,18,female,normal,2077
70,2.3356666666666666,True,1.0,0.4854392908594064,0.47701658175199424,0.4812279363057003,1.0639817929770108,-0.0674074074074073,-0.08060185185185192,0.36672383421177496,0.34384777455964377,0.20835676951512222,0.4522896345427389,0.008422709107412163,0.01319444444444462,0.024019868258587724,0.29496951219512196,0.12651172878436637,0.1085014297148439,0.0,0.6849113926864059,0.5620573288456007,0.2892195907789421,0.34030068268919506,0.4345298303447771,fearful,06,18,18,female,normal,2077
80,2.6693333333333333,True,1.0,0.5555609432296794,0.5157703615643977,0.5356656523970386,1.1371621566129828,-0.07226851851851857,-0.07893518518518511,0.3415489324189477,0.4853626716970747,0.2027837975942452,0.4710547649532316,0.03979058166528171,0.006666666666666543,0.016009721263860462,0.2822989487367538,0.12493325278463886,0.1103152759987518,0.0,0.8086300410855652,0.5657788037793242,0.2869277942973163,0.3224018837491122,0.4230800305808762,fearful,06,18,18,female,normal,2077
90,3.003,True,1.0,0.552196221530459,0.525425176823119,0.5388106991767889,0.8808396870371662,-0.07444444444444442,-0.07777777777777778,0.3468831392012667,0.42007704452612926,0.20694776243640664,0.6117012063672539,0.02677104470734004,0.003333333333333355,0.010681109137593249,0.34648258419900924,0.12697342178652102,0.10796077033018593,0.0,0.6593719957761656,0.5660265445631377,0.2864575432557594,0.31757677676012025,0.4133095990646971,fearful,06,18,18,female,normal,2077
100,3.336666666666667,True,1.0,0.546040405349473,0.5453205877049748,0.545680496527224,0.6633499170812606,-0.0710648148148148,-0.07560185185185186,0.3552954828237804,0.34494195688225543,0.2083366292057002,0.8226133485147898,0.000719817644498133,0.004537037037037062,0.012701308266500434,0.42750000000000066,0.1286374386972077,0.10597257728298141,0.0,0.6733264929753852,0.56509719866853,0.28608500173063806,0.31607825640958626,0.4065284024352128,fearful,06,18,18,female,normal,2077
0,0.0,True,1.0,0.4856135409376514,0.4772759548710406,0.481444747904346,0.8681735520065422,-0.08708333333333335,-0.08481481481481484,0.3568508826454079,0.3539344262360424,0.20973531809852544,0.5545489686844526,0.008337586066610836,0.002268518518518503,0.0012870193553121364,0.31152679678341033,0.1246222979256885,0.11066643858826439,0.0,0.7065670605952072,0.590541483913878,0.29049694135328646,0.29948076162634923,0.40348262028818177,fearful,06,18,18,female,strong,2078
10,0.33366666666666667,True,1.0,0.5137001780182817,0.4908983251053979,0.5022992515618399,1.0899325684154755,-0.08226851851851852,-0.08134259259259252,0.37029716934186596,0.395749325436572,0.2111143636174089,0.46085351160033095,0.022801852912883835,0.0009259259259259967,0.0021444074235921775,0.28124999999999967,0.12461065137050298,0.11050728205675138,0.0,0.7194639240511707,0.5805067815329258,0.2930363326776436,0.3183162273240434,0.42143474549830967,fearful,06,18,18,female,strong,2078
20,0.6673333333333333,True,1.0,0.5779943959622921,0.5680979494953249,0.5730461727288085,0.8099226240925403,-0.07486111111111099,-0.08212962962962966,0.40782280273231775,0.2203390578237892,0.20835676951512216,0.7075319983447372,0.00989644646696719,0.007268518518518674,0.008054350424493187,0.34772567020972944,0.12423210958121468,0.11110427858062964,0.0,0.8552404058976374,0.5812191362248025,0.29393247236411985,0.33388413536518874,0.4318163908513969,fearful,06,18,18,female,strong,2078
30,1.0010000000000001,True,1.0,0.3849096351334801,0.3877019149895637,0.38630577506152186,1.2312098202755797,-0.08476851851851863,-0.09152777777777782,0.40799031561067794,0.37883379085402497,0.2194726037952607,0.31376112235285425,0.0027922798560836015,0.006759259259259187,0.00046892282223886487,0.24357928254886374,0.1218490205335524,0.11371276957732795,0.0,0.7010263956085452,0.5826645022383954,0.29789907530913434,0.3423449393351571,0.43779142096918294,fearful,06,18,18,female,strong,2078
40,1.3346666666666667,True,1.0,0.3868237866573172,0.36938344235995396,0.3781036145086356,1.1057024591903188,-0.07555555555555554,-0.08629629629629632,0.3884901041966193,0.3540661878447461,0.22222771531839297,0.34195783084855613,0.01744034429736324,0.010740740740740773,0.017905064515751565,0.2719963991305435,0.12457401556164152,0.11072078583910286,0.0,0.7504170026633363,0.5772001223536289,0.29444272183010606,0.34224771799574805,0.4277654854092229,fearful,06,18,18,female,strong,2078
50,1.6683333333333334,True,1.0,0.5092383748578261,0.4844692700014757,0.4968538224296509,1.1042996887331262,-0.08120370370370367,-0.09236111111111112,0.4351566388727735,0.25947348491749384,0.21875558028596664,0.4499266163876684,0.024769104856350366,0.01115740740740745,0.005536736540880386,0.27014666021879025,0.1209623931222074,0.11465547182634976,0.0,0.7348268556320847,0.5734380321503602,0.29679426493653543,0.3460001705155688,0.44637571843704504,fearful,06,18,18,female,strong,2078
60,2.0020000000000002,True,1.0,0.6289487457759689,0.5864803735050488,0.6077145596405089,1.1803033776375549,-0.0746296296296296,-0.08893518518518523,0.38560206562173793,0.4037596878931323,0.22085544307558078,0.5148799631980081,0.04246837227092015,0.014305555555555627,0.015248810762771679,0.24297422733296037,0.12278330563621608,0.11270331684151585,0.0,0.6554837676048668,0.5727491151069802,0.2958271002518825,0.35053277736307087,0.4542316497371598,fearful,06,18,18,female,strong,2078
70,2.3356666666666666,True,1.0,0.5862653349396009,0.5635926662491456,0.5749290005943732,1.3734015423161334,-0.07083333333333341,-0.08796296296296297,0.3821698045266751,0.38427996437511985,0.21597787427848933,0.41861683046081394,0.022672668690455255,0.01712962962962955,0.013632522734322187,0.22208141030092216,0.12426215719819224,0.11107067145978952,0.0,0.6363991180187392,0.5697271380114545,0.29643293255104264,0.3474776544721252,0.45161388126259155,fearful,06,18,18,female,strong,2078
80,2.6693333333333333,True,1.0,0.5943819217429204,0.5604256429421741,0.5774037823425473,0.9796146786867823,-0.07087962962962968,-0.08680555555555552,0.3939115258675643,0.22371757835067127,0.21736146211172624,0.5894192838316624,0.033956278800746253,0.015925925925925843,0.012129816794245385,0.31271361021985966,0.1215269526083274,0.11405690491675237,0.0,0.8985406808153973,0.559359142133416,0.2880874786598526,0.33738997426786305,0.44234374157449924,fearful,06,18,18,female,strong,2078
90,3.003,True,1.0,0.4588100829778217,0.4748207265238981,0.4668154047508599,0.8502938010232012,-0.06666666666666671,-0.0796296296296296,0.38208971127119196,0.25007785617863015,0.2097353180985255,0.5490048312584633,0.016010643546076397,0.012962962962962898,0.012605114104104302,0.3722299119965512,0.12369331068673664,0.11170381668121777,0.0,0.885124595761481,0.5654666685346014,0.2858697734111691,0.32165118363555595,0.4129827830983121,fearful,06,18,18,female,strong,2078
100,3.336666666666667,True,1.0,0.4854327411337474,0.4526452159076263,0.4690389785206869,0.7581047645237297,-0.06842592592592595,-0.07916666666666655,0.3897195520545198,0.23232242783791723,0.20561827198298474,0.6186994205416385,0.032787525226121106,0.010740740740740606,0.015449282867599995,0.3914523626167439,0.125924615978116,0.10918227356556244,0.0,0.687641582658101,0.577535018444878,0.2938004735888026,0.3217464596185892,0.4091829283628792,fearful,06,18,18,female,strong,2078
110,3.6703333333333332,True,1.0,0.4860001680697175,0.45592408585858996,0.47096212696415374,0.6824792070989344,-0.07097222222222221,-0.07703703703703707,0.38614878277249953,0.2171411191164812,0.20491473227156956,0.6900754221745565,0.030076082211127564,0.006064814814814856,0.013077564097708322,0.461637483323482,0.12351668901766603,0.11172869531419487,0.0,0.6836391311300481,0.5767354518291691,0.291500677430897,0.3098121235659676,0.40543395942532007,fearful,06,18,18,female,strong,2078
0,0.0,True,1.0,0.5077480425917811,0.47603954736319337,0.4918937949774872,0.8198231870482816,-0.08435185185185184,-0.08263888888888893,0.3487552743962175,0.3210974149272434,0.21320339077801018,0.5999998569795493,0.03170849522858771,0.0017129629629629162,0.0083292019264581,0.34687499999999943,0.12894280444486794,0.10560080943102758,0.0,0.69328787138928,0.5893506571378553,0.28782034189607825,0.3094946577170593,0.4102021748473149,fearful,06,18,18,female,strong,2079
10,0.33366666666666667,True,1.0,0.4994738818535421,0.48074471229974974,0.4901092970766459,0.8608486575132268,-0.08537037037037043,-0.0849537037037037,0.3506628404535992,0.3484248544955194,0.2138920991554833,0.5693327076706459,0.018729169553792335,0.0004166666666667318,0.006857999666490574,0.3307250743998105,0.12665932072673092,0.10832910155318669,0.0,0.7819554496790193,0.590606114203494,0.28840722319568723,0.30678623862238363,0.41330365331131885,fearful,06,18,18,female,strong,2079
20,0.6673333333333333,True,1.0,0.5899524430916187,0.5743888641553013,0.58217065362346,1.0228539829457857,-0.08824074074074068,-0.09245370370370376,0.3963646715213006,0.3165905631659056,0.22152915536949758,0.5691630118571057,0.015563578936317324,0.004212962962963085,0.014277310760418853,0.27480538668348703,0.12273938353939637,0.11275114854474215,0.0,0.8172554893969645,0.577971472768795,0.29093533556392215,0.335589990531375,0.44661441858837525,fearful,06,18,18,female,strong,2079
30,1.0010000000000001,True,1.0,0.32507008335761384,0.32282831475161705,0.32394919905461544,1.1666834076179844,-0.07523148148148151,-0.08374999999999994,0.43225284677123127,0.344444444444445,0.22083644264959246,0.2776667576990934,0.0022417686059967856,0.008518518518518425,0.01102881950517049,0.26802255558991334,0.1237199430127443,0.11167431876205514,0.0,0.6630603379758782,0.5772138879692502,0.29525739212683627,0.3595913944521806,0.44304088347286236,fearful,06,18,18,female,strong,2079
40,1.3346666666666667,True,1.0,0.3557552044175909,0.3580124356079868,0.35688382001278884,1.2172497509506737,-0.08643518518518511,-0.09421296296296294,0.4409090438570742,0.317679206925988,0.21875558028596664,0.29318865724479476,0.002257231190395892,0.007777777777777828,0.014726452559690226,0.22959420238266498,0.12347255313894788,0.11194778421682401,0.0,0.7771203662537691,0.5716133788124624,0.2912776575022764,0.349313978218945,0.43418523758643773,fearful,06,18,18,female,strong,2079
50,1.6683333333333334,True,1.0,0.5327588656837727,0.5485505011232289,0.5406546834035009,1.057949605664841,-0.0816203703703704,-0.09356481481481482,0.43692269222557395,0.2453841787022442,0.2236278288115911,0.5110401105199529,0.015791635439456164,0.011944444444444424,0.02151472194992188,0.27253321749096526,0.12111956949842896,0.11448942158197753,0.0,0.6751585315762451,0.5716319950870973,0.2995627197397657,0.34695426980990934,0.4464528825115346,fearful,06,18,18,female,strong,2079
60,2.0020000000000002,True,1.0,0.7105801511149864,0.675373507207798,0.6929768291613922,1.3117396162003323,-0.07236111111111115,-0.07620370370370366,0.3483402403087847,0.5397169314734523,0.20765211615361606,0.52828840465207,0.03520664390718842,0.0038425925925925086,0.011740935975393428,0.24023025120982358,0.12722650949381298,0.10766240315089932,0.0,0.6773755145946255,0.5621830139086885,0.2862915310626096,0.31880947838167994,0.4162213043981567,fearful,06,18,18,female,strong,2079
70,2.3356666666666666,True,1.0,0.7470456700121826,0.7064988052809346,0.7267722376465586,1.3603943674059042,-0.08717592592592577,-0.09222222222222237,0.35068488013555604,0.48680038611066634,0.22643741225467948,0.5342364354480672,0.04054686473124802,0.005046296296296604,0.014315932873460517,0.20427640531276606,0.1261731253779276,0.10889499622361716,0.0,0.6809431285608099,0.5635605926198605,0.2822998315239651,0.32932272819404407,0.43773226512953484,fearful,06,18,18,female,strong,2079
80,2.6693333333333333,True,1.0,0.6976712895747208,0.6834753431342688,0.6905733163544948,1.5195992335854522,-0.07120370370370371,-0.0824999999999999,0.31624455967477055,0.6033611092901031,0.218753138928372,0.4544443699968881,0.014195946440451968,0.011296296296296193,0.015022485102229373,0.1843438789274494,0.11828505517434067,0.1174156015694326,0.0,0.8572060127098696,0.6297974397415218,0.3137121698931776,0.31295258531417847,0.45020599424803825,fearful,06,18,18,female,strong,2079
90,3.003,True,1.0,0.5531659397846219,0.5324293332567968,0.5427976365207093,0.9385416658801735,-0.07050925925925922,-0.08407407407407408,0.42489588366475645,0.1269763862362199,0.2270846772227053,0.5783415443912854,0.020736606527825163,0.013564814814814863,0.022654625645922022,0.33108418766053105,0.1270740354720841,0.10784232600990959,0.0,0.672142218131088,0.550407143583996,0.28702833445116344,0.35987665070731517,0.4479711181167137,fearful,06,18,18,female,strong,2079
100,3.336666666666667,True,1.0,0.6085206614599475,0.5965188985573163,0.6025197800086319,0.9171113595645517,-0.07328703703703698,-0.08856481481481487,0.39425332081469056,0.18460839979830995,0.22916966291838617,0.6569755937759956,0.012001762902631219,0.01527777777777789,0.01692802400438842,0.3237725973780311,0.1270486814188091,0.10787219437834689,0.0,0.6742138980170291,0.5509250818452381,0.2857664524342896,0.3512907131615875,0.43734653855752864,fearful,06,18,18,female,strong,2079
110,3.6703333333333332,True,1.0,0.6038620970798019,0.6002826175740105,0.6020723573269062,0.7134239536965513,-0.06722222222222213,-0.08148148148148143,0.3840586128627533,0.1660477666725577,0.22084197021485014,0.8439194594004233,0.0035794795057914053,0.014259259259259305,0.015357493448040268,0.43776198935337524,0.1261216083524192,0.10895465881177109,0.0,0.6886001423797686,0.5557731243434874,0.28457783282814464,0.32881540722222075,0.41338833147689236,fearful,06,18,18,female,strong,2079
120,4.0040000000000004,True,1.0,0.5468249596042849,0.5432828073908734,0.5450538834975791,0.6858004491167967,-0.06805555555555559,-0.07856481481481481,0.3865064505782817,0.18368728255387323,0.21736672705293877,0.7947703799254184,0.003542152213411476,0.010509259259259218,0.020391919285940398,0.442302576501773,0.12818844506410243,0.10651525863631835,0.0,0.8106970246324247,0.5644519409404386,0.28379137254785103,0.32506176058531944,0.4081917423038592,fearful,06,18,18,female,strong,2079
0,0.0,True,1.0,0.4792177558617632,0.461171992697034,0.4701948742793986,0.7272067771947391,-0.0830555555555556,-0.08481481481481484,0.3610604478260374,0.3164696160014144,0.20902814277174903,0.646576584576418,0.018045763164729167,0.0017592592592592382,0.019429402150584703,0.39583333333333326,0.12897965248052815,0.1055558004875575,0.0,0.6618326896825819,0.5884347874305972,0.2890150976069433,0.3046479292133073,0.40940554010230273,fearful,06,18,18,female,strong,2080
10,0.33366666666666667,True,1.0,0.5006024501156643,0.4712471351577603,0.4859247926367123,0.7429893861963363,-0.08185185185185184,-0.08291666666666664,0.3636173926189912,0.33167495854063134,0.2069444444444445,0.6540131012158306,0.029355314957904,0.0010648148148147962,0.01754171597363289,0.3720617697446472,0.12552765214815279,0.10963843448469149,0.0,0.7231986788603263,0.5873292085427921,0.28927866214205183,0.3007974467314395,0.405319344962315,fearful,06,18,18,female,strong,2080
20,0.6673333333333333,True,1.0,0.6233211990285622,0.5654270780579148,0.5943741385432385,0.954584689185503,-0.0692592592592593,-0.06958333333333339,0.3660604752549219,0.39106682541612636,0.19791820860144968,0.6226520761090216,0.05789412097064739,0.0003240740740740877,0.014618643169717841,0.3136938484662635,0.12277708190149457,0.11254093469462688,0.0,0.8231470375413515,0.5770418830891731,0.2923281663477963,0.31187207941428025,0.41913807664089214,fearful,06,18,18,female,strong,2080
30,1.0010000000000001,True,1.0,0.5414038296820225,0.5050147193227081,0.5232092745023653,1.2708094727904504,-0.07430555555555551,-0.0817592592592592,0.3942256424000554,0.38862243535374325,0.21180699638057293,0.4117133887533113,0.03638911035931436,0.007453703703703685,0.02051055005784808,0.2356174654010555,0.12417683115818458,0.11116605765062922,0.0,0.6661505053256518,0.5727675892778987,0.29314551336372785,0.3503587857724062,0.4481905843054917,fearful,06,18,18,female,strong,2080
40,1.3346666666666667,True,1.0,0.4660870333808621,0.4408981923230772,0.4534926128519696,1.0222260102363496,-0.07333333333333336,-0.08365740740740746,0.4179712409023477,0.3193412634638248,0.20486446284481513,0.4436324338363463,0.025188841057784905,0.010324074074074097,0.016666013989441633,0.28844424883790604,0.1239696732244754,0.11139702819387465,0.0,0.8498486750630817,0.5757401459646359,0.29402158802347345,0.3401772006010728,0.424047539440373,fearful,06,18,18,female,strong,2080
50,1.6683333333333334,True,1.0,0.3870967741935468,0.3583576632726773,0.3727272187331121,0.7817844287099303,-0.06921296296296281,-0.08500000000000008,0.382609613763962,0.2710580459591952,0.21041702925144093,0.47676470014652483,0.028739110920869504,0.015787037037037266,0.030456660132519336,0.3537724107233517,0.12425489746962647,0.11107879286693507,0.0,0.6683146528546344,0.5740226132015306,0.2926883387036314,0.32172911796389503,0.40740347734943066,fearful,06,18,18,female,strong,2080
60,2.0020000000000002,True,1.0,0.28148203279405576,0.2804806581844212,0.2809813454892385,1.1181207643367352,-0.06921296296296303,-0.08476851851851847,0.34737638071619276,0.3700483463016491,0.21250323124841095,0.2512978512262184,0.0010013746096345644,0.015555555555555434,0.0359170771440675,0.2391763277049947,0.1259794275299926,0.10911902496630527,0.0,0.6783298151187795,0.5747533032666192,0.2936193143682047,0.338306293206166,0.42023934913764754,fearful,06,18,18,female,strong,2080
70,2.3356666666666666,True,1.0,0.3759657540872215,0.3451058003245185,0.36053577720587,1.0483361694183886,-0.06782407407407415,-0.08393518518518517,0.4008005207024597,0.24075037704728697,0.20491473227156945,0.3439123705956777,0.030859953762703007,0.01611111111111102,0.04500411213467096,0.28511821523337477,0.12439212209623746,0.11092509964167654,0.0,0.6713737605098609,0.5708818331473215,0.2951479057168742,0.3473368307900352,0.4489098752246019,fearful,06,18,18,female,strong,2080
80,2.6693333333333333,True,1.0,0.3525933298955189,0.36072996905675975,0.3566616494761393,1.2408403217791641,-0.067962962962963,-0.0856944444444444,0.3902878942075198,0.3405399915399578,0.21111111111111114,0.28743557347068177,0.008136639161240855,0.017731481481481404,0.03244900290001954,0.25986856893702737,0.1233085264811038,0.11195839012447856,0.0,0.9999999987499999,0.5593475760851216,0.2862621001727633,0.33846312198627576,0.4323981890580134,fearful,06,18,18,female,strong,2080
90,3.003,True,1.0,0.42296159620522833,0.4152247055721264,0.4190931508886774,0.6332886576304441,-0.06624999999999998,-0.07921296296296299,0.37926180846100216,0.18625004177035506,0.21666666666666662,0.6617727095520467,0.007736890633101956,0.01296296296296301,0.03461459776825338,0.49668048466893105,0.12743608468521525,0.10723673877414204,0.0,0.6743163805192658,0.5586813660229718,0.28587503164257,0.33281044185739794,0.41098727976242877,fearful,06,18,18,female,strong,2080
100,3.336666666666667,True,1.0,0.3585973301860744,0.39689668976258935,0.37774700997433186,0.6336306620283139,-0.06430555555555562,-0.07546296296296295,0.38355623396756905,0.19256231268749394,0.2076480745787882,0.5961627689624847,0.038299359576514924,0.011157407407407338,0.02939445930490001,0.5187215045698772,0.1197158198344679,0.1159564584261044,0.0,0.9999999987499999,0.6312469779161665,0.31393423823548877,0.2993983274067289,0.43145879660575776,fearful,06,18,18,female,strong,2080
110,3.6703333333333332,True,1.0,0.3787098762933782,0.3788774326941987,0.37879365449378843,0.6887199308746018,-0.06652777777777774,-0.07467592592592587,0.38428457865206833,0.23787167449139301,0.2041666666666666,0.54999664960002,0.00016755640082050105,0.008148148148148127,0.020767074246534827,0.46048995796746894,0.11784817474930684,0.1178540855348402,0.0,0.7725186082259478,0.6316572795915242,0.31358315667023845,0.29252897431454844,0.4254422330856391,fearful,06,18,18,female,strong,2080
0,0.0,True,1.0,0.6354223573615011,0.60184653734504,0.6186344473532706,1.1346184410527704,-0.07875000000000004,-0.0763888888888889,0.3505192506379654,0.4237731526823606,0.20487451771692225,0.5452356712792915,0.03357582001646109,0.002361111111111147,0.00021491282528997172,0.26430722891566294,0.12597764325346283,0.10912108490409052,0.0,0.6724044640963178,0.5839246127279037,0.29080238603570135,0.31234404645561004,0.41581988256781144,fearful,06,18,18,female,strong,2081
10,0.33366666666666667,True,1.0,0.32374567527900744,0.3400337259540118,0.33188970061650963,0.9735649499929206,-0.06685185185185177,-0.07324074074074077,0.42613857006784145,0.2037694081380533,0.20556149402551807,0.34090144742672074,0.016288050675004384,0.006388888888888999,0.018197811608649465,0.31395348837209325,0.12406280065456173,0.11129330286951863,0.0,0.7920577176261603,0.5828922681885255,0.2950219686377266,0.35545196275440977,0.44728015274962235,fearful,06,18,18,female,strong,2081
20,0.6673333333333333,True,1.0,0.6680505776818849,0.6369637140066851,0.652507145844285,1.0318009958819563,-0.08569444444444452,-0.09629629629629627,0.38339022341650564,0.36671602895359895,0.2208388609764167,0.6323963132895982,0.03108686367519986,0.010601851851851751,0.002872322936388683,0.29165791683090314,0.12288711652195733,0.11259011662965938,0.0,0.7071067807446058,0.5735659118178522,0.2918146086670401,0.32991083950852323,0.44216071973445126,fearful,06,18,18,female,strong,2081
30,1.0010000000000001,True,1.0,0.6034123666908593,0.5919259496771078,0.5976691581839835,1.1694841221150747,-0.08583333333333337,-0.09365740740740736,0.36174417601136627,0.33507691139252127,0.23263921683875108,0.51105367476308,0.011486417013751526,0.007824074074073983,0.0032185758180645636,0.2783167840679075,0.12173658176545196,0.11383313414737405,0.0,0.7064311273535016,0.562527073931135,0.28487032538735746,0.32675302395733163,0.4267681599210649,fearful,06,18,18,female,strong,2081
40,1.3346666666666667,True,1.0,0.428826171878598,0.39192755197652435,0.4103768619275612,0.9946593288605767,-0.05995370370370362,-0.07296296296296301,0.3827525077539531,0.23620823620823642,0.22153638758548475,0.4125803177231191,0.03689861990207366,0.013009259259259387,0.016698561965064432,0.3163749693533767,0.12563158698907376,0.10951932304725429,0.0,0.6733247674221153,0.5592605260072778,0.28949119623193964,0.3445463038575207,0.41787194147672607,fearful,06,18,18,female,strong,2081
50,1.6683333333333334,True,1.0,0.4431253064271198,0.4329371099468459,0.4380312081869828,1.0639670372321788,-0.07583333333333331,-0.08833333333333332,0.43460458956339215,0.21387589670898152,0.22778313689918467,0.4116962207085704,0.010188196480273859,0.012500000000000011,0.02200620295700991,0.3015261129687271,0.12287005379957633,0.11260873700165047,0.0,0.688014235331789,0.5639439854848188,0.2883708518338398,0.35073386656519884,0.4336306438308411,fearful,06,18,18,female,strong,2081
60,2.0020000000000002,True,1.0,0.5022081751854777,0.49402377221391774,0.49811597369969773,1.1600713895913513,-0.07666666666666655,-0.09027777777777773,0.37469071910363516,0.3340948008334265,0.23125296925880887,0.4293838966886037,0.008184402971559923,0.013611111111111185,0.014602395483801125,0.2689764952632463,0.12215720005511055,0.1133816398028214,0.0,0.68923301881939,0.5603894351099815,0.2858187009498405,0.33585803382198165,0.42616608170488995,fearful,06,18,18,female,strong,2081
70,2.3356666666666666,True,1.0,0.2866205473588426,0.2566337903993767,0.27162716887910965,1.285263602998097,-0.06976851851851851,-0.08129629629629614,0.3954646400930466,0.342317646994759,0.21319480230499505,0.21133965689644743,0.0299867569594659,0.011527777777777637,0.011453372333768953,0.2524955039331982,0.12551584676810237,0.10965194927629203,0.0,0.6881321308771902,0.5563682914415766,0.2851265123759364,0.33962686587521884,0.4234063617066351,fearful,06,18,18,female,strong,2081
80,2.6693333333333333,True,1.0,0.34432231837444055,0.3648713136770813,0.35459681602576093,1.1300072086904953,-0.07143518518518527,-0.08453703703703691,0.4000016148114054,0.25894220578505756,0.22222256554471098,0.31380049020809714,0.02054899530264076,0.013101851851851642,0.019256739816079966,0.2872785521554101,0.1236321197456546,0.11177153813521576,0.0,0.7023271044328422,0.558317103059974,0.2848870571480797,0.33596127481584387,0.414873471852355,fearful,06,18,18,female,strong,2081
90,3.003,True,1.0,0.5904328829273406,0.5764963599552301,0.5834646214412853,0.8824471064631341,-0.06907407407407423,-0.08041666666666669,0.3633894591008225,0.29194622368271655,0.21667934282830684,0.6611893417383659,0.013936522972110565,0.01134259259259246,0.007164153499622291,0.35595368686249873,0.12419462144659581,0.11114618200203973,0.0,0.6887275069246114,0.5532999704569328,0.2844229881001714,0.3173118494673778,0.4055260094875374,fearful,06,18,18,female,strong,2081
100,3.336666666666667,True,1.0,0.525364693290173,0.49843964732718554,0.5119021703086792,0.7600358903674788,-0.06791666666666679,-0.07537037037037042,0.36500874987435616,0.25118688716467846,0.20904566173292533,0.6735236806529934,0.02692504596298745,0.007453703703703629,0.010992358268948404,0.40040553175322974,0.12809461610683417,0.10662807836011273,0.0,0.7029426001994757,0.5544786293110995,0.28416782576069805,0.32212981120299594,0.3971459861527092,fearful,06,18,18,female,strong,2081
110,3.6703333333333332,True,1.0,0.5112680041114673,0.46513095647394653,0.48819948029270693,0.7010405234661592,-0.068425925925926,-0.07490740740740737,0.37858999809546157,0.21907516358317514,0.21042573109859153,0.6963926676861689,0.0461370476375208,0.006481481481481366,0.013255781207970906,0.4222527598204906,0.1252498558475875,0.10995567916302162,0.0,0.6672882689514624,0.5652560512329932,0.2840889144701807,0.31584498074132705,0.39855178698208166,fearful,06,18,18,female,strong,2081
0,0.0,True,1.0,0.5035536494317121,0.4807447122997497,0.4921491808657309,0.8023164808822061,-0.08606481481481476,-0.08393518518518511,0.3604626362672728,0.31561183065843734,0.21666701879228192,0.6134102845856745,0.022808937131962415,0.002129629629629648,0.006660910908398701,0.3411305151031747,0.12614557293895776,0.10892691218523151,0.0,0.6675797931231696,0.5827614549257203,0.2881178086811321,0.30886677791760825,0.410810333470446,disgust,07,18,18,female,normal,2082
10,0.33366666666666667,True,1.0,0.14851907545060725,0.15967739180936533,0.1540982336299863,0.8113249567199454,-0.1031481481481481,-0.10518518518518516,0.3690688841382896,0.3348325218209296,0.22222222222222227,0.1899340484397033,0.01115831635875808,0.0020370370370370594,0.007423182488084662,0.34821428571428614,0.12429275310694265,0.11103643228640399,0.0,0.6904148960993959,0.58023784825649,0.2859558480757249,0.30389616785334,0.40211295389093604,disgust,07,18,18,female,normal,2082
20,0.6673333333333333,True,1.0,0.24985861544833715,0.23193933679828924,0.24089897612331318,0.9018382573276041,-0.0939814814814815,-0.09685185185185186,0.34871964190402394,0.4167434534162092,0.22709173251143114,0.26711993438508963,0.017919278650047915,0.0028703703703703565,0.018429446191285174,0.3494191280545909,0.12133579623193579,0.11426023946449661,0.0,0.7555929971364725,0.6357897287196129,0.3065969665521155,0.3022662205504821,0.4395687920756387,disgust,07,18,18,female,normal,2082
30,1.0010000000000001,True,1.0,0.11525960083174573,0.11657559198542877,0.11591759640858726,1.0422773717591138,-0.08018518518518525,-0.08111111111111102,0.3882412941509022,0.3536298225611285,0.2055588959660192,0.11121568936390339,0.001315991153683041,0.0009259259259257746,0.005083952591558202,0.32164895443110203,0.12252302302717634,0.112986223045383,0.0,0.7238769471537247,0.5646274459158664,0.28484688293946686,0.351013509357226,0.45090274472373254,disgust,07,18,18,female,normal,2082
40,1.3346666666666667,True,1.0,0.10650826859718145,0.12030125090965939,0.11340475975342042,1.1107559056623164,-0.08092592592592596,-0.07962962962962966,0.36180954153536116,0.3789554818231841,0.2048644628448152,0.10209692262297715,0.013792982312477942,0.0012962962962962954,0.0017775920244245981,0.2580825842180865,0.12279630319455401,0.11268915516357997,0.0,0.6674896348046031,0.5638315328865922,0.2835730162771235,0.33454597878328307,0.43125759513849415,disgust,07,18,18,female,normal,2082
50,1.6683333333333334,True,1.0,0.1754385118517935,0.20539830439968906,0.1904184081257413,1.6724935990498255,-0.08967592592592594,-0.09939814814814812,0.35996359663354377,0.539917695473251,0.2215332880932581,0.11385299664759345,0.029959792547895575,0.009722222222222188,0.006931364834946427,0.1860163239416038,0.12552959751593273,0.10963620714701772,0.0,0.688332183270039,0.567553020544155,0.29118454409471967,0.3466746658922949,0.4403749936785277,disgust,07,18,18,female,normal,2082
60,2.0020000000000002,True,1.0,0.15063348907358698,0.1503215666613587,0.15047752786747284,0.6663864176810957,-0.07865740740740723,-0.08671296296296294,0.4098803432831295,0.15779763059870036,0.21112412083566012,0.2258112168478875,0.00031192241222827155,0.008055555555555705,0.008448600117134702,0.43412597919434437,0.12285525542863802,0.11262488172386476,0.0,0.717261894431162,0.5709374315038516,0.2887587733815304,0.3325897974405641,0.42020439480552557,disgust,07,18,18,female,normal,2082
70,2.3356666666666666,True,1.0,0.470712671471771,0.44876742996784164,0.4597400507198063,0.8825605763729946,-0.07986111111111116,-0.08851851851851855,0.3789195518048087,0.2772956170739282,0.22986642166154792,0.520916142220143,0.021945241503929347,0.008657407407407391,0.022887923861756983,0.3056023407979638,0.12135837556991781,0.1142362571551926,0.0,0.7611008214646339,0.5780476366484094,0.2877398934790653,0.3213345805201919,0.42279894540870233,disgust,07,18,18,female,normal,2082
80,2.6693333333333333,True,1.0,0.1807992062179663,0.17699852644463704,0.17889886633130167,0.9925275968207296,-0.09064814814814814,-0.10180555555555554,0.36719526694544125,0.3671192966252991,0.22639192190394358,0.1802457351355787,0.003800679773329263,0.011157407407407394,0.038550242469078615,0.2931644250250362,0.12518675372170127,0.10985422393003862,0.0,0.7071067807446058,0.575588586622149,0.2873497312655028,0.32837430798865386,0.4076530452499805,disgust,07,18,18,female,normal,2082
90,3.003,True,1.0,0.1944189658961803,0.21584423724057897,0.20513160156837962,1.0759626417962187,-0.09342592592592586,-0.10504629629629636,0.352481087227488,0.35609587888767186,0.2271239824689225,0.1906493716416879,0.021425271344398672,0.011620370370370503,0.03889931056076058,0.27425954939977315,0.12259573925034746,0.11290731813094095,0.0,0.6841231606106517,0.5635134690047895,0.28286687748959066,0.31404704529552907,0.3916890433249973,disgust,07,18,18,female,normal,2082
100,3.336666666666667,True,1.0,0.2599719928399846,0.27889955001320205,0.26943577142659336,0.921116197290283,-0.07370370370370372,-0.08907407407407408,0.371418980874804,0.2685851318944845,0.21805870448037062,0.292510078770966,0.018927557173217424,0.015370370370370368,0.039604500713220255,0.3517401464063818,0.12278603242711382,0.11270034609899146,0.0,0.6774525399570408,0.5739605330335259,0.2807404943557141,0.3179572638806309,0.41662052025538115,disgust,07,18,18,female,normal,2082
110,3.6703333333333332,True,1.0,0.35571002620655384,0.34729406829116805,0.3515020472488609,0.902230485039899,-0.06870370370370377,-0.08726851851851858,0.363974394882543,0.24836601307189543,0.21944583511448415,0.3895922971759445,0.008415957915385797,0.018564814814814812,0.038568720773386585,0.35858842848831335,0.12646121206587316,0.10856030404028014,0.0,0.6922374393816735,0.5751370931106818,0.2831695143866114,0.32809095905742275,0.4200044647537483,disgust,07,18,18,female,normal,2082
120,4.0040000000000004,True,1.0,0.4730726225910565,0.46455799053590047,0.4688153065634785,0.888843363282996,-0.07226851851851857,-0.08486111111111105,0.3637140936217307,0.2679509642002066,0.2194475734396407,0.5274442336295129,0.008514632055156013,0.012592592592592489,0.02206824805512804,0.3639581361744049,0.12459508114461135,0.1106970800184665,0.0,0.7071067807446058,0.5692987745332508,0.2842502880348479,0.3258653314247645,0.4266259400636639,disgust,07,18,18,female,normal,2082
0,0.0,True,1.0,0.45781153818447273,0.4352800591317881,0.4465457986581304,0.8603645907184148,-0.0867592592592592,-0.08574074074074073,0.3470837630290354,0.29835223710396636,0.21944583511448415,0.5190192663383081,0.022531479052684655,0.0010185185185184742,0.0078071968043908315,0.3270109084345226,0.12436687439285235,0.11095340609340995,0.0,0.9999999987499999,0.589459956693615,0.2922221239037642,0.3026485792717323,0.4151139078699939,disgust,07,18,18,female,normal,2083
10,0.33366666666666667,True,1.0,0.449245267530492,0.4342406199973241,0.44174294376390805,0.8003837864815646,-0.082824074074074,-0.08458333333333334,0.35488079411235796,0.31201401845891524,0.21666807516569428,0.5519139083336276,0.01500464753316788,0.0017592592592593492,0.012398078170499694,0.35316118939747454,0.1256569069355624,0.1094902713011008,0.0,0.7071067807446058,0.5918796091170844,0.29128754338448976,0.30652298453748933,0.41922411371091783,disgust,07,18,18,female,normal,2083
20,0.6673333333333333,True,1.0,0.18411109113858,0.18637992831541145,0.18524550972699572,0.9996144206527178,-0.08504629629629629,-0.08856481481481482,0.3497956583300734,0.4026224749851222,0.20555592671495446,0.18531696412106183,0.002268837176831434,0.003518518518518532,0.0060118075609260895,0.31250000000000006,0.12530540557143927,0.10989237054795578,0.0,0.6774834412663369,0.5865391889568327,0.2896883788941488,0.3208573145582667,0.4278205903285779,disgust,07,18,18,female,normal,2083
30,1.0010000000000001,True,1.0,0.2400034314599537,0.23925089716555453,0.2396271643127541,1.133561336948291,-0.09384259259259253,-0.09796296296296292,0.37601329658701643,0.3928820542832145,0.22847355794210186,0.21139320520393245,0.0007525342943991709,0.004120370370370385,0.006919280985164101,0.2876420454545457,0.12235512301054073,0.11316802394181849,0.0,0.6948264185579,0.5806915900031888,0.2946893001802268,0.33808204478685816,0.4403390847909115,disgust,07,18,18,female,normal,2083
40,1.3346666666666667,True,1.0,0.33369321308117,0.31200276286369305,0.3228479879724315,1.1673154137086572,-0.08805555555555555,-0.09138888888888896,0.35346700771437123,0.4885496183206102,0.22083644264959246,0.27657305316197006,0.021690450217476953,0.0033333333333334103,0.01717727722793736,0.24849867693965136,0.12494486906838326,0.11030211903447064,0.0,0.6979919597440053,0.5758852992681448,0.29026432943244385,0.3349245818370968,0.4198245135148836,disgust,07,18,18,female,normal,2083
50,1.6683333333333334,True,1.0,0.19816759307093612,0.18601646319835913,0.19209202813464762,1.2340342633678794,-0.09444444444444444,-0.09731481481481474,0.39341546761459295,0.37628521518378233,0.22222359550899454,0.15566182709578694,0.012151129872576993,0.002870370370370301,0.010850997512344331,0.2532583559408362,0.12414587282376269,0.1112006296333999,0.0,0.6963008129323109,0.5717945100305747,0.29260690347083324,0.3432703233052424,0.43576158655508046,disgust,07,18,18,female,normal,2083
60,2.0020000000000002,True,1.0,0.09335828093609831,0.08926482501496788,0.09131155297553309,0.7424007355764833,-0.08055555555555555,-0.08143518518518528,0.4041583950568973,0.14962215745990026,0.2139587904636918,0.12299496565642347,0.004093455921130432,0.0008796296296297301,0.028493975107873038,0.3631269935894172,0.1220336664929719,0.11351458942339242,0.0,0.6905238379475098,0.5663366499881203,0.28762214814087134,0.33810008461049135,0.4304014277796651,disgust,07,18,18,female,normal,2083
70,2.3356666666666666,True,1.0,0.17808634638565854,0.1672753967537625,0.17268087156971051,0.8522977440480668,-0.0798611111111111,-0.08888888888888885,0.405006741473281,0.26395974920713483,0.21738954032473,0.20260627553646543,0.01081094963189605,0.009027777777777746,0.018024763814857216,0.36452568828618,0.12025370954949431,0.11539854032549372,0.0,0.6513024403884673,0.6274637650216337,0.31328490310293233,0.3130285561727298,0.43405733443628,disgust,07,18,18,female,normal,2083
80,2.6693333333333333,True,1.0,0.2597319322891874,0.27033684232907684,0.2650343873091321,1.0605266628029133,-0.07611111111111113,-0.08365740740740757,0.3342865085459973,0.2579584926229576,0.2215332880932581,0.2499082735069205,0.010604910039889448,0.00754629629629644,0.020276705524922722,0.28915893039472323,0.12462835082120673,0.1106596220019155,0.0,0.7787813803232235,0.5581217691217112,0.29222677756681364,0.322299446310174,0.40740449379488974,disgust,07,18,18,female,normal,2083
90,3.003,True,1.0,0.20852721810328637,0.22160998003866914,0.21506859907097775,0.8954458765761178,-0.07157407407407412,-0.07680555555555546,0.381625831051873,0.20173364854215955,0.21321734630882008,0.2401804561246374,0.01308276193538277,0.005231481481481337,0.028246709806148212,0.3566914554092144,0.12303030665377686,0.11243363115410615,0.0,0.7153907149663362,0.5623908295818327,0.28877716396378234,0.32234847475537604,0.4107850713686523,disgust,07,18,18,female,normal,2083
100,3.336666666666667,True,1.0,0.26378713878335613,0.2743910120781896,0.2690890754307729,0.7695406722506096,-0.06777777777777777,-0.07384259259259257,0.3637855227919455,0.18567262660019607,0.2090803303492848,0.3496749231509637,0.010603873294833477,0.006064814814814801,0.028517441654735957,0.4172055740567673,0.12534113558893706,0.1098516158254256,0.0,0.6965360557565277,0.5606950139196303,0.28927528277210207,0.3230826351936377,0.4110741015014257,disgust,07,18,18,female,normal,2083
110,3.6703333333333332,True,1.0,0.3501683501683503,0.3371411350849432,0.34365474262664675,0.802035600845802,-0.06870370370370371,-0.07490740740740737,0.3632705934795979,0.22715359697679208,0.2083629943078147,0.42847816513910236,0.013027215083407095,0.006203703703703656,0.021822947194844105,0.4126733797521129,0.12506121927570935,0.10999711476118415,0.0,0.7071067807446058,0.5675798773181148,0.2889478203272786,0.31214779027665795,0.40288551146102786,disgust,07,18,18,female,normal,2083
120,4.0040000000000004,True,1.0,0.38306045355698326,0.3801106502627415,0.3815855519098624,0.7321112973404407,-0.0705555555555556,-0.07587962962962957,0.37199971845218377,0.25488018545873314,0.21042971932494142,0.5212124895436772,0.0029498032942417707,0.005324074074073981,0.015701874861370355,0.4623052292150014,0.12321683109656316,0.11222918650798987,0.0,0.893549308899995,0.572982669364621,0.28589991675129295,0.30611298067158443,0.4134362968466392,disgust,07,18,18,female,normal,2083
0,0.0,True,1.0,0.5103451930090867,0.48074471229974874,0.49554495265441767,0.7351712614870507,-0.0865277777777777,-0.08532407407407411,0.35358115384821714,0.3341687552213867,0.21736672705293886,0.6740537594628843,0.029600480709337906,0.0012037037037035958,0.0060083836279944645,0.3784090909090907,0.12525144011899594,0.10995387450245946,0.0,0.8256171699313786,0.5786886114289467,0.28862471840459986,0.3039385055413885,0.4134170774077727,disgust,07,18,18,female,normal,2084
10,0.33366666666666667,True,1.0,0.49680918573922245,0.4817381666733784,0.4892736762063004,0.7384325570265824,-0.08611111111111114,-0.08499999999999996,0.34539115893224437,0.34868534616272806,0.21737830947474368,0.6625841067685851,0.015071019065844071,0.0011111111111111738,0.01211508589466214,0.3858403669150589,0.12783743212661447,0.10693628344692971,0.0,0.7071067807446058,0.5774117335840586,0.288439357581366,0.3104900302897725,0.41293409285247923,disgust,07,18,18,female,normal,2084
20,0.6673333333333333,True,1.0,0.6713923963681814,0.6437546240464073,0.6575735102072944,0.7695220905598823,-0.06518518518518512,-0.06731481481481477,0.3573814815980474,0.4245439469320071,0.20765689245881772,0.8545219406617199,0.027637772321774112,0.002129629629629648,0.01854620555755468,0.3786077157562251,0.12533824859758821,0.10985490980656931,0.0,0.7139726277748546,0.5737406513933698,0.28749928468203156,0.3172675082389311,0.4293027373208579,disgust,07,18,18,female,normal,2084
30,1.0010000000000001,True,1.0,0.41633754436272924,0.4164280518094591,0.41638279808609413,0.8281070765863894,-0.056990740740740675,-0.06199074074074068,0.35540066565162026,0.3539344262360422,0.20486260077730514,0.5028127519480948,9.050744672983724e-05,0.0050000000000000044,0.028200067193553287,0.3265994620207297,0.12116850926469876,0.11443762550951465,0.0,0.6692992426864852,0.5680749106283138,0.29107024194191317,0.3391536369068798,0.43998008453767296,disgust,07,18,18,female,normal,2084
40,1.3346666666666667,True,1.0,0.18153928694708688,0.1615575632348235,0.1715484250909552,0.9582636431975422,-0.08287037037037037,-0.08486111111111122,0.3790450710478984,0.2836653969340414,0.2132073270458541,0.17902007063372555,0.019981723712263366,0.0019907407407408484,0.0012546804986284597,0.31082121177725136,0.12591743451458104,0.10919055570602956,0.0,0.6655784432997905,0.5569462838494773,0.28599538182428696,0.3485143533812608,0.43424209551404414,disgust,07,18,18,female,normal,2084
50,1.6683333333333334,True,1.0,0.16457610326633915,0.15297995088455676,0.15877802707544797,0.8888635125729312,-0.08129629629629637,-0.08412037037037046,0.4006375199128492,0.28820513095198785,0.206953660957436,0.17863038006346363,0.011596152381782382,0.00282407407407409,0.00912621848764142,0.34223866559398386,0.12335368400086841,0.11207875094395839,0.0,0.660335292785923,0.5588431163402862,0.28747425004891913,0.3486578298061311,0.4392573885614947,disgust,07,18,18,female,normal,2084
60,2.0020000000000002,True,1.0,0.15321584917562023,0.15503455699218655,0.15412520308390337,0.9764746909633144,-0.07476851851851851,-0.07745370370370375,0.38774467686976394,0.2691494866879007,0.20626812479547257,0.15783840022710202,0.0018187078165663173,0.002685185185185235,0.01761699801449657,0.31035299416405104,0.11941072847759736,0.11610663954435511,0.0,0.6918580703740463,0.5491148737854517,0.2892318870702434,0.3233733420567414,0.41401879839573863,disgust,07,18,18,female,normal,2084
70,2.3356666666666666,True,1.0,0.2703578514303843,0.28701000312268593,0.2786839272765351,1.083726547131011,-0.08134259259259258,-0.0841203703703704,0.30216035558860216,0.4396416316973623,0.21181131879681853,0.25715336402370625,0.01665215169230161,0.0027777777777778234,0.013720875307687648,0.2200428992996468,0.1251892406185949,0.11002468724514439,0.0,0.6743055309736019,0.5558604972614045,0.2840991441567016,0.3370939414147583,0.4109958691426323,disgust,07,18,18,female,normal,2084
80,2.6693333333333333,True,1.0,0.2224061401084816,0.23096722667272593,0.22668668339060377,0.9803981391298515,-0.082824074074074,-0.08611111111111108,0.3830278899016987,0.2634234017761398,0.2159810534951401,0.23121900618028368,0.008561086564244341,0.0032870370370370883,0.01584658195299061,0.3095585614679494,0.1249361232817389,0.11013917977586209,0.0,0.6496271254415524,0.5543901377504127,0.2840427173073071,0.32500050479689546,0.4141547300281679,disgust,07,18,18,female,normal,2084
90,3.003,True,1.0,0.3397531906000976,0.3179605528265621,0.3288568717133299,0.959532718314288,-0.0795833333333334,-0.08287037037037032,0.3574192688571218,0.3695497631345567,0.2138920991554833,0.3427260638814561,0.021792637773535517,0.0032870370370369217,0.014511122080856352,0.33473234840599636,0.12430591610781587,0.1110216960347566,0.0,0.6468744927047273,0.5537463933932948,0.2811841846125968,0.32271863676349427,0.4158809544467817,disgust,07,18,18,female,normal,2084
100,3.336666666666667,True,1.0,0.15664875310502374,0.18597187887866337,0.17131031599184354,0.8950209159985278,-0.08287037037037037,-0.0849537037037037,0.3698614822587224,0.32771300199646125,0.2132119789050697,0.19140370122045877,0.02932312577363963,0.002083333333333326,0.019087214136665483,0.3567474077147198,0.12731205584527813,0.10756123003556775,0.0,0.6524695760904055,0.5541265818749375,0.28028626054989025,0.33030688956389254,0.40868613491049544,disgust,07,18,18,female,normal,2084
0,0.0,True,1.0,0.49089832510539777,0.4826286720728513,0.48676349858912454,0.8330844486347249,-0.08097222222222233,-0.08037037037037043,0.3469939123369373,0.28675080210601245,0.21597363525015603,0.5842907035257255,0.008269653032546453,0.0006018518518519089,0.011442951916116079,0.3323152325571077,0.12634289364033094,0.10869798064698441,0.0,0.8269907616508192,0.5811980686727816,0.28798556702196926,0.31368727121735984,0.4193845971739787,disgust,07,18,18,female,normal,2085
10,0.33366666666666667,True,1.0,0.5103451930090867,0.4868401314709326,0.49859266224000964,0.8011777947761919,-0.0807870370370371,-0.08064814814814819,0.35491809017273457,0.3069967590493025,0.2138892455875566,0.6223246144500185,0.02350506153815407,0.0001388888888889106,0.012929217289977413,0.3471379009623766,0.12811322292377073,0.10660572162171426,0.0,0.71501326172096,0.5810653450755302,0.2873349909835299,0.3162604626324613,0.41965416587328336,disgust,07,18,18,female,normal,2085
20,0.6673333333333333,True,1.0,0.7028497646580779,0.6636252938451291,0.6832375292516035,0.8234918828847823,-0.07194444444444448,-0.07226851851851851,0.3625510126810046,0.30716330042462675,0.21666807516569422,0.8296833805551885,0.039224470812948775,0.0003240740740740322,0.009243267649129194,0.339643272151575,0.12678577243942116,0.10818107818449618,0.0,0.6916040131085214,0.5726756052108344,0.2875461692856021,0.3138139034862414,0.42440339249426,disgust,07,18,18,female,normal,2085
30,1.0010000000000001,True,1.0,0.4512218404157776,0.44384532823481604,0.44753358432529683,1.1266942749592073,-0.05356481481481473,-0.05601851851851847,0.3771793828788159,0.4318910367782596,0.20000610342249553,0.39720942430589706,0.007376512180961581,0.0024537037037037357,0.018044367018282822,0.29999414079665565,0.12317479951280842,0.11227531578561441,0.0,0.8204705932588219,0.5621937400116297,0.28471206898593965,0.3406698710731983,0.4459905019802224,disgust,07,18,18,female,normal,2085
40,1.3346666666666667,True,1.0,0.2032013276998485,0.21610990295041624,0.20965561532513238,1.1005170981037466,-0.08263888888888882,-0.0899537037037037,0.35799052428034,0.37781032285964633,0.2145847555070186,0.19050645890589152,0.012908575250567739,0.007314814814814885,0.015114102151255871,0.2574769102933305,0.1273734887951863,0.10748847437011515,0.0,0.6675096257364092,0.5594030730729792,0.28451641720923837,0.35378885662538495,0.42669435920926474,disgust,07,18,18,female,normal,2085
50,1.6683333333333334,True,1.0,0.36089249011731644,0.33873366693037193,0.3498130785238442,0.9541128678142594,-0.08296296296296302,-0.09300925925925918,0.3906500589480622,0.23251328931986695,0.23890453750652904,0.36663699895927154,0.02215882318694451,0.010046296296296164,0.02306110279157244,0.32360696991312404,0.12353837255860894,0.11187514592367943,0.0,0.7782652698016386,0.5539047903301947,0.28216117482327363,0.3432690307667696,0.422624800458362,disgust,07,18,18,female,normal,2085
60,2.0020000000000002,True,1.0,0.4616773011975125,0.44048942944363584,0.45108336532057414,1.0993276628925714,-0.07680555555555557,-0.08712962962962961,0.38770264521177816,0.3503084206370607,0.23889687300555765,0.41032658464508676,0.021187871753876653,0.010324074074074041,0.01665389353235666,0.2968840409270607,0.12420540604542686,0.11113413012709454,0.0,0.8107799032234059,0.5571532266265882,0.285203542182963,0.34792037238288465,0.4247213610290525,disgust,07,18,18,female,normal,2085
70,2.3356666666666666,True,1.0,0.4627595667065741,0.45938763367998525,0.4610736001932797,1.0493868805894662,-0.07037037037037047,-0.0806944444444444,0.40480620254041566,0.23063447925043226,0.24030349584008928,0.4393742753237809,0.003371933026588836,0.01032407407407393,0.026885817079247556,0.30926123255682225,0.1266121127659424,0.10838427317236893,0.0,0.6631515110229764,0.5556089863914316,0.28586141635740836,0.36735928389197625,0.4549731151168118,disgust,07,18,18,female,normal,2085
80,2.6693333333333333,True,1.0,0.2519514252719669,0.25716527440344467,0.25455834983770576,1.0938801469097634,-0.08745370370370387,-0.09736111111111112,0.3786034174036928,0.3231324552350211,0.2277791175699503,0.23271137204275893,0.005213849131477766,0.009907407407407254,0.014247363731205333,0.28781351169687985,0.12365382112436946,0.11174752923934875,0.0,0.7379610362055181,0.5552666518560548,0.2833466941241446,0.3327764263069265,0.4237808595065212,disgust,07,18,18,female,normal,2085
90,3.003,True,1.0,0.26128761142517387,0.2571652744034427,0.2592264429143083,0.9957440989655814,-0.09018518518518526,-0.09708333333333335,0.32978887005858326,0.3199676414520389,0.22638888888888897,0.260334400358087,0.004122337021731148,0.006898148148148098,0.02025893230970341,0.2972350713909338,0.1255091025057128,0.10948579364866555,0.0,0.9999999987499999,0.5652562466783588,0.28082582713836685,0.3180819547585412,0.3915580897173228,disgust,07,18,18,female,normal,2085
100,3.336666666666667,True,1.0,0.14809022084596757,0.14400643037573213,0.14604832561084985,1.0147907609439981,-0.08962962962962973,-0.09449074074074071,0.3661881928692011,0.2663233315480448,0.22013923546048123,0.14391964455311948,0.004083790470235438,0.004861111111110983,0.02234110980277069,0.31031442844684703,0.12754012330159573,0.10729070192031286,0.0,0.701975439596937,0.5575390064932222,0.27954998938487075,0.32917053479509184,0.41439109380073197,disgust,07,18,18,female,normal,2085
110,3.6703333333333332,True,1.0,0.19935402328352517,0.1794645928418532,0.18940930806268919,0.9775669182394696,-0.08004629629629634,-0.089212962962963,0.36559817898250024,0.3173579862078854,0.2145847555070186,0.19375584886178662,0.019889430441671963,0.009166666666666656,0.027546738675129863,0.33625393711972335,0.12517709323682688,0.110038507345483,0.0,0.9999999987499999,0.5599398207017182,0.279695744318713,0.3272363962771282,0.4227607029308367,disgust,07,18,18,female,normal,2085
120,4.0040000000000004,True,1.0,0.4033641889748369,0.3749409376810756,0.3891525633279562,0.9404465975385292,-0.07203703703703701,-0.08236111111111105,0.3613207909643465,0.34782608695652245,0.21666701879228198,0.41379549285041994,0.028423251293761276,0.010324074074074041,0.024519409868844832,0.34700675856112373,0.1266844954322165,0.10829966014376553,0.0,0.7002919082161513,0.5609123060005252,0.2805134628886214,0.32828893060793496,0.4225923319469477,disgust,07,18,18,female,normal,2085
130,4.337666666666666,True,1.0,0.5387381596077023,0.5193870824083332,0.5290626210080178,0.8564787928437186,-0.07087962962962968,-0.0790277777777777,0.3582509944735301,0.32441200324411984,0.21736251511017093,0.6177182966216838,0.019351077199369127,0.008148148148148016,0.015450540589000817,0.3923238798695242,0.12855811291700395,0.10606879547560964,0.0,0.6832414918890178,0.5612578961272009,0.2807474376241801,0.33174054800790226,0.42598149196049606,disgust,07,18,18,female,normal,2085
0,0.0,True,1.0,0.47123447670016727,0.45303899358870736,0.4621367351444373,0.7578384847408856,-0.08578703703703705,-0.0858333333333332,0.37380941912585536,0.2568827271667611,0.21667230060784062,0.6098090087130474,0.01819548311145991,4.6296296296155504e-05,0.016360019653330782,0.35314514016011134,0.12397853079548456,0.11138717013976425,0.0,0.7466556544173907,0.5877955471641783,0.29177664869144726,0.3047463324102289,0.41013562932143477,disgust,07,18,18,female,strong,2086
10,0.33366666666666667,True,1.0,0.4786615774398037,0.4523600912956018,0.46551083436770274,0.7585270430686245,-0.08337962962962953,-0.08375000000000005,0.373315220561069,0.2506882230081443,0.21805695508330955,0.6137036755927338,0.026301486144201913,0.0003703703703705208,0.01774102001590817,0.36266790828024165,0.12523365601731884,0.10997412955118958,0.0,0.7561245968010116,0.5880282891281513,0.29107889750813987,0.3059215933014912,0.41135681297585786,disgust,07,18,18,female,strong,2086
20,0.6673333333333333,True,1.0,0.13786628667441925,0.13523504347605977,0.1365506650752395,0.7695847214915633,-0.0733333333333333,-0.07749999999999996,0.3975562115005553,0.2870673167468529,0.20069596503773243,0.17743422038133128,0.002631243198359473,0.004166666666666652,0.010832282330243609,0.39573262234749107,0.1250356022813998,0.110199255588411,0.0,0.6963911070496662,0.5703979329856943,0.28480786426452726,0.3385740770571159,0.42577498617667964,disgust,07,18,18,female,strong,2086
30,1.0010000000000001,True,1.0,0.07659238148578847,0.07997822395631937,0.07828530272105391,1.083008746053422,-0.08009259259259255,-0.08495370370370364,0.4174213848709459,0.34935126991928356,0.20694776243640664,0.07228501432359836,0.003385842470530906,0.004861111111111094,0.02155517058519143,0.3031774807098699,0.12126864570581453,0.11433150632376468,0.0,0.9999999987499999,0.5652286896477341,0.2867534224388902,0.35014505215346403,0.44865749933721927,disgust,07,18,18,female,strong,2086
40,1.3346666666666667,True,1.0,0.13670101699430917,0.15893857801074818,0.14781979750252866,1.0850988357779465,-0.08958333333333318,-0.09824074074074074,0.3637140936217309,0.39865875161494074,0.21875034877204338,0.13622703538940883,0.022237561016439006,0.008657407407407558,0.022010492426879497,0.2712958768640659,0.12450333532639016,0.11080025840505005,0.0,0.701220139690235,0.5627626212516257,0.2849303768907498,0.33297194994491114,0.4161777426777973,disgust,07,18,18,female,strong,2086
50,1.6683333333333334,True,1.0,0.11111111111111062,0.12060208311614978,0.1158565971136302,0.8577593074631088,-0.08787037037037032,-0.09699074074074066,0.3965916769166871,0.2053532120975877,0.22847522758097016,0.1350688894956853,0.009490972005039164,0.009120370370370334,0.02157272909460439,0.3338947772189186,0.1260444043268737,0.10904396318948527,0.0,0.8406081811464542,0.5580273507918794,0.28486771731157196,0.33335228301799025,0.4014219829007491,disgust,07,18,18,female,strong,2086
60,2.0020000000000002,True,1.0,0.13463130269568624,0.12183370538766893,0.12823250404167758,0.9640291803271474,-0.0668981481481481,-0.07055555555555565,0.4098540286132043,0.2264419868198033,0.21043987083276572,0.13301724331431683,0.012797597308017314,0.0036574074074075535,0.023974137091814497,0.33222814441441045,0.1206916558874937,0.114940427912524,0.0,0.7071067807446058,0.5537037966436575,0.28766737528443664,0.3426702123439258,0.4235730967089282,disgust,07,18,18,female,strong,2086
70,2.3356666666666666,True,1.0,0.1833014912346572,0.18852547802885405,0.1859134846317556,1.0807149486512855,-0.06694444444444442,-0.07194444444444448,0.40756979967029966,0.29627629655681786,0.2076480745787882,0.17202823451620855,0.005223986794196861,0.00500000000000006,0.012899434336257643,0.29047382139629596,0.12229841098836841,0.11322930910134178,0.0,0.7315900863945837,0.5458810820343762,0.28562752901051003,0.3298956150084896,0.40164053953553497,disgust,07,18,18,female,strong,2086
80,2.6693333333333333,True,1.0,0.11805936131561637,0.12464479326974821,0.1213520772926823,0.8947481007049565,-0.06699074074074085,-0.07194444444444448,0.4011542175635327,0.16478140368140068,0.21186642187405055,0.13562708565357234,0.006585431954131846,0.004953703703703627,0.020426253089175346,0.3477761231979848,0.12696198444094225,0.10797422042853778,0.0,0.7202266113908837,0.5454633674641732,0.28150290552167945,0.3387985743407194,0.3944442079251002,disgust,07,18,18,female,strong,2086
90,3.003,True,1.0,0.2411257986040631,0.21821412141031424,0.22966996000718867,1.0019014912719841,-0.05976851851851844,-0.0640277777777779,0.3280113669723275,0.45664689417140014,0.19861725721356668,0.22923407341734423,0.02291167719374887,0.0042592592592594625,0.0362802540430225,0.270139253740947,0.12346693119209065,0.1116131120294335,0.0,0.7071067807446058,0.5629760058320202,0.2826403455206399,0.34462474474915705,0.40926803141904056,disgust,07,18,18,female,strong,2086
100,3.336666666666667,True,1.0,0.16231132775550153,0.17161564101613205,0.1669634843858168,1.175989489585302,-0.07666666666666666,-0.08842592592592596,0.31556436067880533,0.43337838739658224,0.22295088936095384,0.141977020938082,0.009304313260630526,0.011759259259259303,0.0363983030398332,0.24594180957878828,0.1245291107387527,0.11077128846753354,0.0,0.6859573575669705,0.5395579053183773,0.2795684462954981,0.32247973212261755,0.3759165055360341,disgust,07,18,18,female,strong,2086
110,3.6703333333333332,True,1.0,0.13868553898583869,0.13705964607568932,0.137872592530764,0.9244240964730358,-0.06592592592592583,-0.07694444444444437,0.38284426329468707,0.19459428087997624,0.21947260379526082,0.14914430839350754,0.0016258929101493624,0.011018518518518539,0.0330621848549516,0.34067736807014576,0.12765304142360714,0.10715632872551636,0.0,0.6887300432621845,0.5475102176339286,0.28048567012673525,0.3347508141031672,0.3985171719526394,disgust,07,18,18,female,strong,2086
120,4.0040000000000004,True,1.0,0.14844864125833782,0.16128588477095404,0.15486726301464593,0.947266047340411,-0.06546296296296283,-0.07564814814814813,0.3932448306625466,0.19784169106411414,0.21737374677619029,0.16348866662059575,0.012837243512616225,0.010185185185185297,0.02781691736543919,0.34269982872470467,0.1235533095332761,0.11185864952395673,0.0,0.7796321113049522,0.5551228034807674,0.28051622191413067,0.31962925116966456,0.39207374051387334,disgust,07,18,18,female,strong,2086
130,4.337666666666666,True,1.0,0.15116194290302232,0.14957197661308866,0.15036695975805547,0.8182396445780766,-0.06398148148148153,-0.07518518518518508,0.3828763914428987,0.19836112595832187,0.2097353180985254,0.1837688515270998,0.0015899662899336586,0.01120370370370355,0.024870560559932472,0.3932148421350585,0.11898515778499417,0.11670608380145188,0.0,0.6637826947850965,0.622072822769733,0.30918343767391443,0.29802522216934874,0.4232818498554541,disgust,07,18,18,female,strong,2086
140,4.671333333333333,True,1.0,0.2598290598290589,0.2512120052370069,0.25552053253303286,0.6963757335167909,-0.06810185185185186,-0.0761574074074074,0.3955872811583997,0.18606541349128472,0.21459222176423376,0.3669291163300879,0.008617054592052031,0.008055555555555538,0.025029111231127676,0.45605914442739715,0.1276819220092522,0.10712191448271731,0.0,0.823575918405677,0.5541090877991822,0.284521665739545,0.3203668141628247,0.4042347925790706,disgust,07,18,18,female,strong,2086
0,0.0,True,1.0,0.45159828297314386,0.43690090165301343,0.44424959231307865,0.8249173286360092,-0.07884259259259258,-0.07962962962962966,0.35320292283516314,0.30934399823850334,0.21184157324108982,0.5385383200127944,0.014697381320130432,0.000787037037037086,0.029789557195732484,0.3566396504565602,0.12807826478614678,0.10664771849299094,0.0,0.6931767699289416,0.5840943264727766,0.2839570160047843,0.30692048892397167,0.41250677917910195,disgust,07,18,18,female,strong,2087
10,0.33366666666666667,True,1.0,0.4940824047718749,0.4447648423840882,0.4694236235779815,0.8189143673890318,-0.07874999999999988,-0.08032407407407405,0.36093953940269463,0.30875786402209,0.20974550321479402,0.5732267527246571,0.04931756238778667,0.001574074074074172,0.02727034048443113,0.34274567829105257,0.1246921602313461,0.11058771607538061,0.0,0.7350490441401911,0.5829947769967362,0.29015382529748057,0.30193920206148245,0.41120979266975366,disgust,07,18,18,female,strong,2087
20,0.6673333333333333,True,1.0,0.1533447980741486,0.17057318692929527,0.16195899250172194,0.8787034681103998,-0.07708333333333339,-0.08199074074074064,0.3675103431115505,0.32127165348916664,0.19515296339244417,0.18431586807094916,0.01722838885514666,0.004907407407407249,0.03141201408328222,0.36218844577562165,0.12085330827100092,0.11460432671540678,0.0,0.7776264843254225,0.5812751943589936,0.29008764551339006,0.3079062267745647,0.41972068591185696,disgust,07,18,18,female,strong,2087
30,1.0010000000000001,True,1.0,0.14642785025462274,0.1739009833763836,0.16016441681550317,1.001350119117091,-0.06694444444444447,-0.0755555555555556,0.3864574559113416,0.37546917125649665,0.2014074511395789,0.15994846733200882,0.027473133121760862,0.008611111111111125,0.027074149076025192,0.3243701736124411,0.123772815646563,0.11144489189406832,0.0,0.6891656983530214,0.5706109272302671,0.2875003595302827,0.3426763564090889,0.4369777069107386,disgust,07,18,18,female,strong,2087
40,1.3346666666666667,True,1.0,0.19656133515542204,0.1978601565422902,0.19721074584885612,0.924195459561478,-0.07722222222222219,-0.08712962962962961,0.3348829348503681,0.46857570933536646,0.19584735793088182,0.21338640415138022,0.0012988213868681542,0.00990740740740742,0.037391225975541946,0.2782524024255852,0.12290543765465704,0.1125701166598256,0.0,0.6988980688069236,0.5737110572588412,0.28911874969567464,0.3329678537127029,0.4230121551173807,disgust,07,18,18,female,strong,2087
50,1.6683333333333334,True,1.0,0.10464866099342858,0.13414834324927388,0.11939850212135122,1.1932892746668657,-0.0767592592592592,-0.08689814814814822,0.3689424952044613,0.5121830050461396,0.19583489167154797,0.10005830493589585,0.029499682255845303,0.01013888888888903,0.01618844051006523,0.2628290186079114,0.1212894445845738,0.11430944143855387,0.0,0.7266831428220805,0.572144506177471,0.2905004343465118,0.34251404888413806,0.4344546016191477,disgust,07,18,18,female,strong,2087
60,2.0020000000000002,True,1.0,0.12778111464450195,0.1296012908313911,0.12869120273794654,0.5956490767426125,-0.06467592592592586,-0.073425925925926,0.4017304439148095,0.15471219307948042,0.2049448880091173,0.2160520476951157,0.0018201761868891497,0.008750000000000147,0.04203075901670892,0.4944995723962979,0.12644879832909992,0.10857476305039686,0.0,0.6531043253889445,0.5572384187972064,0.2831953782196585,0.3420271082403734,0.4218850831086203,disgust,07,18,18,female,strong,2087
70,2.3356666666666666,True,1.0,0.36277354672922557,0.32910392910008585,0.3459387379146557,0.8230528898163862,-0.07467592592592598,-0.08620370370370384,0.35764976210674904,0.3444572655621103,0.22292522283277727,0.4203116740065522,0.033669617629139725,0.011527777777777859,0.04819757298083312,0.35348593214533547,0.12475425759294437,0.11051765914358005,0.0,0.9276508166245468,0.5729737911727191,0.28538202835446136,0.31460622890757145,0.4037747549388707,disgust,07,18,18,female,strong,2087
80,2.6693333333333333,True,1.0,0.38469053015354904,0.3703619051664413,0.37752621765999517,1.023224295504056,-0.0734259259259259,-0.08981481481481479,0.36336832573232364,0.4208507014867968,0.227083669306422,0.36895744102129624,0.014328624987107741,0.016388888888888897,0.024688046707118036,0.300051869496041,0.11795521197717926,0.11774695637928079,0.0,0.9999999987499999,0.6230253273418744,0.3114675369703795,0.3044694035108702,0.4346395159915547,disgust,07,18,18,female,strong,2087
90,3.003,True,1.0,0.40277929874871676,0.39341845502395495,0.39809887688633583,1.049468454289749,-0.07398148148148143,-0.08972222222222237,0.3192879313098616,0.43715846994535495,0.22995701403006866,0.3793338191911238,0.009360843724761814,0.015740740740740944,0.0428629512821331,0.2581154566475222,0.12742627048048846,0.10742589707247083,0.0,0.730658705198138,0.5543361242074955,0.2826697067622241,0.3381380298212757,0.40937348810566127,disgust,07,18,18,female,strong,2087
100,3.336666666666667,True,1.0,0.3443249520378247,0.33067732312484327,0.337501137581334,1.1238001442484213,-0.07662037037037034,-0.09370370370370373,0.3789294208536135,0.33333333333333315,0.23750513974701687,0.30032131541240287,0.013647628912981435,0.017083333333333395,0.030929803396018994,0.27829127072710363,0.12598186954247417,0.10911620556417133,0.0,0.6627233636579316,0.5434957727309674,0.2818454948536901,0.33129694082562433,0.41157137925831405,disgust,07,18,18,female,strong,2087
110,3.6703333333333332,True,1.0,0.45742644019756656,0.43750960817598195,0.4474680241867742,1.134579223635521,-0.08032407407407416,-0.09259259259259245,0.39661165129514414,0.23391812865497094,0.2430935338942305,0.3943911671085928,0.01991683202158462,0.01226851851851829,0.034015802890503766,0.2783317965865172,0.12310758972097555,0.1123490058834086,0.0,0.7363836421499277,0.547077383484644,0.28102707139975575,0.3270092640033341,0.41938928608713605,disgust,07,18,18,female,strong,2087
120,4.0040000000000004,True,1.0,0.498434840643501,0.4508977008973508,0.4746662707704259,1.057970713952375,-0.07125000000000015,-0.08513888888888888,0.372219115306376,0.2518469740373332,0.23338858540631352,0.44865728749443734,0.0475371397461502,0.013888888888888729,0.04061173071793045,0.2888708395085241,0.12775858362149506,0.10703047267738516,0.0,0.9999999987499999,0.5522785105448429,0.2778279228338804,0.3151283475212242,0.39521945862404084,disgust,07,18,18,female,strong,2087
130,4.337666666666666,True,1.0,0.397590370702889,0.3849642159879401,0.39127729334541456,0.7671887142234755,-0.07222222222222219,-0.08324074074074078,0.3854114687693104,0.22524966414356876,0.22779921350694504,0.5100144020515908,0.012626154714948878,0.011018518518518594,0.03257995384138157,0.4106488175883077,0.11873325993802773,0.11696234759143956,0.0,0.8476234881433926,0.6264620536261379,0.30883459976315303,0.288742823702739,0.42217162790607715,disgust,07,18,18,female,strong,2087
0,0.0,True,1.0,0.4444103096051181,0.4253829987267736,0.43489665416594586,0.8478981416861628,-0.08662037037037046,-0.08699074074074076,0.3547729861852432,0.31452991452991436,0.2159810534951401,0.5129114368632696,0.019027310878344528,0.00037037037037029874,0.012890371193074587,0.3265994620207293,0.12684133783771906,0.10811592290640945,0.0,0.7026689624808512,0.5915789988495399,0.2912888225087989,0.30609438740967737,0.4145935357371338,disgust,07,18,18,female,strong,2088
10,0.33366666666666667,True,1.0,0.3670401725203871,0.3580124356079856,0.3625263040641864,0.8342235000167101,-0.08939814814814817,-0.09069444444444441,0.35595755649863026,0.3282051282051279,0.21250323124841095,0.4345673600143424,0.009027736912401496,0.0012962962962962399,0.009208750544727985,0.3323576126858703,0.12352723119694736,0.11188744756538248,0.0,0.6809171029038364,0.5930174919811675,0.2904253232456923,0.2971399378491301,0.4053652255547518,disgust,07,18,18,female,strong,2088
20,0.6673333333333333,True,1.0,0.4067919118395038,0.4165020169269238,0.4116469643832138,0.8359283841376655,-0.05421296296296302,-0.05685185185185182,0.3491109312056763,0.36918547937934154,0.19652816598686876,0.49244286017140604,0.009710105087419985,0.002638888888888802,0.015635111045257093,0.34845760835243,0.12541325278360002,0.10976927528428145,0.0,0.7936795368170244,0.5860471663040216,0.29337615250615345,0.33560826457975895,0.4297590408554431,disgust,07,18,18,female,strong,2088
30,1.0010000000000001,True,1.0,0.1863971719137961,0.16553306271842205,0.1759651173161091,0.9968892089259265,-0.07458333333333333,-0.0800925925925926,0.3779590924622909,0.3467021518082738,0.212503231248411,0.17651421616419977,0.020864109195374042,0.005509259259259269,0.023106806565275324,0.28483147327792746,0.12424143741443526,0.11109384771122352,0.0,0.6798284280830537,0.5710444270129927,0.28594685825510235,0.35580471564529503,0.43071484386362285,disgust,07,18,18,female,strong,2088
40,1.3346666666666667,True,1.0,0.23952857777323142,0.20541821754178866,0.22247339765751004,1.0697680842895114,-0.07638888888888884,-0.08782407407407389,0.3704662474376332,0.3155937813094678,0.21598105349514005,0.20796413813865663,0.03411036023144276,0.011435185185185048,0.02278594828006775,0.27092883766862746,0.12410035771703504,0.11125142239331114,0.0,0.7164566279716127,0.5577142815407412,0.28853593423912344,0.35111076640507577,0.42129988113037625,disgust,07,18,18,female,strong,2088
50,1.6683333333333334,True,1.0,0.1215928149114688,0.14957197661308858,0.13558239576227868,0.8316980752230018,-0.06907407407407407,-0.07777777777777783,0.4363580315302335,0.1441245228015106,0.21328603714724334,0.16301876823019604,0.02797916170161978,0.008703703703703769,0.022004559785344414,0.35266282044774605,0.12560791072595298,0.10954647659008586,0.0,0.6796350887424141,0.5481931475090036,0.2888802625715661,0.34650319681204966,0.41953318635222303,disgust,07,18,18,female,strong,2088
60,2.0020000000000002,True,1.0,0.15321584917562245,0.14610441630363752,0.14966013273962997,0.8785803486143469,-0.0652314814814815,-0.07421296296296298,0.4484489237756195,0.1322677268819855,0.21250897556871717,0.17034313705703352,0.00711143287198493,0.00898148148148148,0.03355252758960015,0.3660276597156226,0.12408394271921336,0.11126973051732163,0.0,0.7841185544849631,0.5612378648959584,0.2872240722345972,0.34457439716918653,0.40908549033689195,disgust,07,18,18,female,strong,2088
70,2.3356666666666666,True,1.0,0.1480869030158329,0.17542585579970332,0.1617563794077681,1.0111483394963519,-0.06902777777777774,-0.0792129629629631,0.4069596554421959,0.33687346381337424,0.2105094679844855,0.15997294668786005,0.027338952783870413,0.010185185185185353,0.03450323866048665,0.31685326464490404,0.12277140616460236,0.11271627920675407,0.0,0.6774067208950859,0.5554704076786965,0.28781053440505633,0.34596792332351234,0.42561082557162216,disgust,07,18,18,female,strong,2088
80,2.6693333333333333,True,1.0,0.1581582959232206,0.16166085327964155,0.15990957460143107,1.0280261526680066,-0.08828703703703694,-0.10263888888888895,0.38980429008941314,0.25389399666051427,0.2270917325114312,0.15555010364903887,0.0035025573564209656,0.014351851851852004,0.02909999644777991,0.30453234418021424,0.12802482713499874,0.1067118616060754,0.0,0.6549574181739038,0.5650021709621348,0.2829142119308844,0.34066242472413966,0.4127450280849278,disgust,07,18,18,female,strong,2088
90,3.003,True,1.0,0.1643496736540246,0.18071747755408327,0.1725335756040539,1.1700838546915482,-0.09254629629629624,-0.10416666666666663,0.3305542587047504,0.4115374295542446,0.22782600533221115,0.147454026403549,0.01636780390005868,0.011620370370370392,0.022027210141456567,0.20281865655181255,0.12594696462818378,0.1091564925736514,0.0,0.6796069618047466,0.5611956062737594,0.28526490656684,0.339886208501324,0.4144990320745289,disgust,07,18,18,female,strong,2088
100,3.336666666666667,True,1.0,0.23895484816936555,0.2962765783232491,0.26761571324630734,1.13610110596868,-0.09106481481481477,-0.10055555555555551,0.3955123280578359,0.31210972585634816,0.2218375203357696,0.23555624745046674,0.05732173015388356,0.009490740740740744,0.026671847400526458,0.25556438622725847,0.12400141705842932,0.11136169151792072,0.0,0.6725978808698926,0.5454464719481542,0.2996285385194187,0.2832349330156965,0.3738087035645663,disgust,07,18,18,female,strong,2088
110,3.6703333333333332,True,1.0,0.17051524746358232,0.18586210918606266,0.1781886783248225,0.8157690539253561,-0.08231481481481495,-0.09393518518518518,0.405999174284797,0.22524966414356767,0.2202068064974311,0.2184302989521431,0.015346861722480343,0.011620370370370225,0.03940976153129522,0.37809321470271395,0.1280419349633079,0.10669133358221768,0.0,0.6136329742385712,0.5418767509269333,0.29859266206091184,0.29203193448780873,0.3671444001948654,disgust,07,18,18,female,strong,2088
120,4.0040000000000004,True,1.0,0.15037111869374006,0.17830209677254474,0.1643366077331424,0.67237196929807,-0.07750000000000001,-0.08643518518518511,0.4037017087611091,0.19806963371652897,0.21597363525015603,0.2444132343956923,0.02793097807880468,0.008935185185185102,0.014088270264161222,0.47335167413449697,0.12516452658743804,0.11005280120988382,0.0,0.6760794292574573,0.5612623411317652,0.28446605166259276,0.3164280942598898,0.39815622814078755,disgust,07,18,18,female,strong,2088
130,4.337666666666666,True,1.0,0.19441896589617919,0.23379834885700518,0.21410865737659218,0.6962935166873625,-0.07398148148148148,-0.08555555555555555,0.38612049468184984,0.21127891303828228,0.21530045803466896,0.30749770354780925,0.03937938296082599,0.01157407407407407,0.030834388800736197,0.4718840148994909,0.12444028405255772,0.11087106689687119,0.0,0.6498069943715039,0.5665415701046043,0.28592631007638325,0.3128721073413446,0.40657371296247174,disgust,07,18,18,female,strong,2088
0,0.0,True,1.0,0.5079822517375117,0.4651552289300572,0.4865687403337844,0.8332529694454636,-0.08328703703703705,-0.08384259259259258,0.34990621693727963,0.256919665579018,0.21529053571627524,0.5839388015113822,0.042827022807454485,0.0005555555555555314,0.019778302005473182,0.33791127204900595,0.1266775099036804,0.10830783099508068,0.0,0.7407074127358019,0.5915825435252225,0.2925060773870628,0.3050775781756293,0.4119349955659116,disgust,07,18,18,female,strong,2089
10,0.33366666666666667,True,1.0,0.3945931775481048,0.36123413636783896,0.37791365695797186,0.7870722607329085,-0.08481481481481479,-0.08634259259259247,0.3590848149485379,0.26460667843929514,0.2159810534951401,0.48015115741223685,0.033359041180265836,0.0015277777777776835,0.020093500695065738,0.36851715243926675,0.12413683564096371,0.11103927169906112,0.0,0.6694470759982096,0.5894511987451231,0.2933394744131297,0.29667924948886515,0.406050651723499,disgust,07,18,18,female,strong,2089
20,0.6673333333333333,True,1.0,0.18048593706229596,0.1987983101807505,0.18964212362152322,0.7867890113985185,-0.07712962962962955,-0.08777777777777779,0.3602674104195657,0.29153118154744584,0.2076480745787881,0.24103300996087132,0.018312373118454545,0.01064814814814824,0.03052041967373806,0.38814973585787754,0.12613624570215784,0.10893771289262631,0.0,0.8569624919943631,0.5751051853241297,0.28462012204869547,0.32168912298676505,0.4143029816676578,disgust,07,18,18,female,strong,2089
30,1.0010000000000001,True,1.0,0.1644111327104449,0.1357984452388617,0.1501047889746533,1.323027812335259,-0.0897222222222222,-0.0964814814814815,0.36242494299486044,0.4543071939535831,0.22223080512532087,0.11345550530015337,0.028612687471583215,0.006759259259259298,0.023411173111990327,0.21611384930954985,0.12321623335613359,0.11222984276628276,0.0,0.6855099119509381,0.5775190313469137,0.2922622067816096,0.3421944253897076,0.4264859762778945,disgust,07,18,18,female,strong,2089
40,1.3346666666666667,True,1.0,0.12346208589520707,0.13914375650393154,0.13130292119956932,1.0222573839991276,-0.07925925925925925,-0.08944444444444444,0.34079013833016747,0.39891104963664675,0.22229945642032806,0.12844409172756963,0.01568167060872447,0.010185185185185186,0.020832221851039445,0.2387564817263574,0.12461270830604683,0.11067723658693086,0.0,0.7293974685821163,0.5635316117697079,0.2841734824039042,0.34679597648556953,0.4138387212114717,disgust,07,18,18,female,strong,2089
50,1.6683333333333334,True,1.0,0.18982533111657526,0.18725211531481536,0.18853872321569531,0.9602161367231287,-0.06087962962962967,-0.06537037037037047,0.43232277991125245,0.25934704456848123,0.2041666666666666,0.19635029656876,0.0025732158017598983,0.004490740740740795,0.02617679867690032,0.34341394085984994,0.12521630155909652,0.10999388889390467,0.0,0.6826523413488129,0.5607749017341311,0.2879558262926012,0.3653572708080559,0.43828488473914323,disgust,07,18,18,female,strong,2089
60,2.0020000000000002,True,1.0,0.1837398811915547,0.16898152350667928,0.176360702349117,1.133074711397061,-0.057824074074074194,-0.06444444444444442,0.40313664725842596,0.3398271151598053,0.20208673113820896,0.1556479026274158,0.014758357684875434,0.006620370370370221,0.01750669249556352,0.28432565738936266,0.1260816087987144,0.10900094354157391,0.0,0.8289267803104081,0.5515704134857068,0.2879358294890896,0.3618450584024648,0.43569468457785626,disgust,07,18,18,female,strong,2089
70,2.3356666666666666,True,1.0,0.09494574901331702,0.11010811957655643,0.10252693429493673,1.0283268232446527,-0.09416666666666673,-0.10606481481481472,0.3912576645873129,0.3023431594860165,0.23264184042100508,0.09970267426404007,0.015162370563239408,0.011898148148147991,0.015760886731870143,0.3045323441802136,0.12411079465669443,0.11123977894427581,0.0,0.6881864209744493,0.551704358813838,0.28253954201367376,0.33522565180089003,0.41641215348876176,disgust,07,18,18,female,strong,2089
80,2.6693333333333333,True,1.0,0.09612101482720421,0.11074765182962883,0.10343433332841652,1.1289477988716417,-0.09967592592592583,-0.10842592592592581,0.3642861404933912,0.40844973820135205,0.22917199330930715,0.09162012046243134,0.014626637002424614,0.00874999999999998,0.021267225192684917,0.25222729604369426,0.1269452618362048,0.10799388069545642,0.0,0.7189839787428237,0.5546288201217987,0.2794939600746998,0.34827929441252775,0.4194264083028502,disgust,07,18,18,female,strong,2089
90,3.003,True,1.0,0.10688757467913361,0.17532300387096245,0.14110528927504803,1.5693983027311766,-0.08740740740740749,-0.10296296296296309,0.32734954986797665,0.5133474915810969,0.2208388609764167,0.08991043830586967,0.06843542919182884,0.0155555555555556,0.01590069595265685,0.1797105149748285,0.12720847856667586,0.10750663609086315,0.0,0.9999999987499999,0.5553939133309573,0.2815595784412461,0.34568581314056623,0.4155181780699323,disgust,07,18,18,female,strong,2089
100,3.336666666666667,True,1.0,0.16446235220506716,0.17311288565686153,0.16878761893096433,1.108097322271462,-0.08750000000000002,-0.09703703703703692,0.3622045655400278,0.2997331070547538,0.22432222150230022,0.15232201679268628,0.008650533451794368,0.0095370370370369,0.029519121337103948,0.2524805405449665,0.12499410388642884,0.1102463231310379,0.0,0.6408707754538401,0.5408451946247249,0.28040635938951725,0.3354916926982317,0.40256392634099314,disgust,07,18,18,female,strong,2089
110,3.6703333333333332,True,1.0,0.14850248491576457,0.148150414601227,0.1483264497584958,0.8702819872034311,-0.07634259259259246,-0.08384259259259264,0.38908349228826666,0.19941528086737878,0.2166793428283069,0.17043493021742162,0.00035207031453757254,0.007500000000000173,0.03566600533140701,0.35959939045420075,0.12670027356652458,0.10828120080931501,0.0,0.7071067807446058,0.546898693915066,0.2815508906720218,0.32619333715117343,0.39613025721804535,disgust,07,18,18,female,strong,2089
120,4.0040000000000004,True,1.0,0.31815096764381723,0.3217845008946641,0.31996773426924063,0.8950209159985263,-0.06740740740740736,-0.07703703703703707,0.37529384556979123,0.23948257838202877,0.2138945959961903,0.35749749368959716,0.0036335332508468654,0.00962962962962971,0.02186238183309084,0.34854779774630695,0.12200722298507344,0.11354301083434183,0.0,0.7355775491394305,0.6158981062190502,0.3080824780613947,0.29819323347176896,0.4187210156900516,disgust,07,18,18,female,strong,2089
130,4.337666666666666,True,1.0,0.45116600875394197,0.42851751715341857,0.43984176295368027,0.7293714847724874,-0.06865740740740733,-0.07745370370370369,0.3896734119244166,0.17623379961134655,0.2159754015220728,0.6030421700553319,0.0226484916005234,0.008796296296296358,0.029651691851048885,0.4218008618327323,0.12570708926719565,0.10943265270559814,0.0,0.6249507371201765,0.553772145741109,0.2833052025969141,0.31021379174024466,0.40029050908364566,disgust,07,18,18,female,strong,2089
0,0.0,True,1.0,0.49888061843399956,0.4744639098436905,0.486672264138845,0.7298356342574389,-0.08671296296296305,-0.08611111111111114,0.38601067702696445,0.24537577358655271,0.2139017296661856,0.6668244756697895,0.024416708590309033,0.0006018518518519089,0.00585406270783458,0.3782327586206893,0.12336167850698863,0.11206995157375403,0.0,0.9471038702920003,0.588813724778974,0.29014272471219704,0.30103555053040726,0.4166045674328676,surprised,08,18,18,female,normal,2090
10,0.33366666666666667,True,1.0,0.6419594253338278,0.6137660817246461,0.6278627535292369,0.6598589231580034,-0.07222222222222224,-0.07879629629629631,0.42236625870690114,0.15355896906532163,0.20702737829043383,0.9515105903612899,0.028193343609181687,0.0065740740740740655,0.011187235358143355,0.3748613608403132,0.125302234589713,0.10989598617329023,0.0,0.7524506069259063,0.5833425312703207,0.2910370084059574,0.3182246837564091,0.4339977082965236,surprised,08,18,18,female,normal,2090
20,0.6673333333333333,True,1.0,0.5943819217429195,0.5525724507504757,0.5734771862466976,0.819336472567643,-0.06523148148148145,-0.06939814814814815,0.4233644706732944,0.22189685633574685,0.19802804055192558,0.6999287904876618,0.04180947099244381,0.004166666666666707,0.013056264290693589,0.33707369240418966,0.12368425299127922,0.11137223817858001,0.0,0.7397870452030103,0.5724844997686576,0.2911555156579482,0.32318934128494314,0.43053317589015055,surprised,08,18,18,female,normal,2090
30,1.0010000000000001,True,1.0,0.6614496067553816,0.6431883821469779,0.6523189944511798,0.8707686710948281,-0.06648148148148142,-0.07175925925925919,0.419185401551397,0.25206461531692403,0.20694481311284513,0.7491300687598362,0.018261224608403626,0.00527777777777777,0.014150870885111508,0.30373907942077866,0.12345592013281911,0.11196612681495807,0.0,0.800302400578138,0.5662460242690828,0.29002269904255756,0.32048666693711036,0.44252239683575506,surprised,08,18,18,female,normal,2090
40,1.3346666666666667,True,1.0,0.6650250758172546,0.6085629903854457,0.6367940331013502,0.8642402411220341,-0.063425925925926,-0.06444444444444442,0.4035128217578104,0.284125343140518,0.20766864904976134,0.7368252515927829,0.05646208543180886,0.0010185185185184187,0.0170054677992687,0.2854231729343698,0.12769712938793157,0.10710378572493205,0.0,0.6450574051725921,0.5658773169971113,0.2917782856225406,0.3367773748873947,0.43277003741344483,surprised,08,18,18,female,normal,2090
50,1.6683333333333334,True,1.0,0.6182539855525192,0.5892767554547202,0.6037653705036197,0.962619101155843,-0.07384259259259263,-0.08120370370370367,0.4215889170417835,0.2774061368039994,0.2208751327014355,0.6272110846114128,0.028977230097798956,0.0073611111111110406,0.02201224126131144,0.2979677016932285,0.12546421318044143,0.10971102488411633,0.0,0.6586202983705587,0.5525194102797368,0.2836963575996827,0.34255120483489115,0.45089681266236153,surprised,08,18,18,female,normal,2090
60,2.0020000000000002,True,1.0,0.3584500036694885,0.352407938010783,0.35542897084013575,0.8115268519009486,-0.08435185185185179,-0.09888888888888886,0.3972009616876784,0.17299290694608804,0.23686869436153393,0.4379756135087417,0.006042065658705464,0.01453703703703707,0.02138706084908888,0.3473195399620114,0.12029739320842867,0.11452421236982854,0.0,0.9999999987499999,0.5686113161905388,0.28261225199222456,0.3136003765929455,0.40486976233870164,surprised,08,18,18,female,normal,2090
70,2.3356666666666666,True,1.0,0.3845087278913917,0.3744547774332477,0.37948175266231965,0.8646931968406699,-0.07953703703703702,-0.09523148148148136,0.42009594028860925,0.1990579228624536,0.22871552833033912,0.4388628869162292,0.010053950458144001,0.015694444444444344,0.02881247410850681,0.33710902291896383,0.12797658780465995,0.10659111969060418,0.0,0.6605876957587641,0.5592688160185951,0.282115437037894,0.3183605075238188,0.40472477418573527,surprised,08,18,18,female,normal,2090
80,2.6693333333333333,True,1.0,0.49621247143280417,0.46826516556948344,0.4822388185011438,0.8170013766121125,-0.07532407407407399,-0.08620370370370378,0.4179026868694789,0.1871780792035276,0.22377618629203638,0.5902545972454294,0.027947305863320726,0.010879629629629795,0.02466027913622163,0.34617097890850224,0.12639104393283693,0.10811461483628056,0.0,0.8425584284203075,0.5593157729654363,0.28179383109641376,0.31360132032391475,0.40941067368181067,surprised,08,18,18,female,normal,2090
90,3.003,True,1.0,0.46875551977572716,0.4368134965536285,0.45278450816467786,0.8195988641310634,-0.0766203703703705,-0.08532407407407405,0.40851140117910467,0.1962173513204191,0.2203221491257182,0.5524464808095102,0.03194202322209866,0.008703703703703547,0.026923767007330356,0.35109895931240853,0.12607009973713118,0.10883934846710841,0.0,0.9999999987499999,0.560617383984844,0.2821821164467956,0.3121930154740474,0.40863633228272755,surprised,08,18,18,female,normal,2090
100,3.336666666666667,True,1.0,0.2022507371845954,0.22237579397571033,0.21231326558015287,0.7560175031646521,-0.08629629629629632,-0.09444444444444444,0.3971315240889326,0.18897518228011817,0.22029167406191313,0.28083115098713984,0.020125056791114926,0.008148148148148127,0.02524551869707367,0.3720474383808583,0.12878252798200585,0.10579621097777303,0.0,0.6488124614819413,0.5653232364977241,0.2809179521573519,0.308963869345221,0.3947305421575184,surprised,08,18,18,female,normal,2090
0,0.0,True,1.0,0.49955367010642465,0.49515448774196247,0.4973540789241936,0.741907956595315,-0.08319444444444446,-0.08476851851851858,0.3636377359161349,0.27821548372324406,0.21529514256382773,0.6703716741448601,0.004399182364462184,0.0015740740740741166,0.008900390289683324,0.37165178571428575,0.1274195075246942,0.10743391863155075,0.0,0.9897816487720542,0.5865638807476116,0.2886065524209004,0.30828357712127913,0.4194807948166628,surprised,08,18,18,female,normal,2091
10,0.33366666666666667,True,1.0,0.6496245652457459,0.6334520944486021,0.641538329847174,0.7329658182508406,-0.06935185185185183,-0.07300925925925933,0.38876846042742425,0.22360652816279575,0.20420403171054258,0.8752636396853397,0.01617247079714379,0.003657407407407498,0.0029439624148206375,0.34487459349718186,0.1235625227889135,0.11184847219422209,0.0,0.8254089730693339,0.5823712607855641,0.2917318979365892,0.31079905295689764,0.43087212986510454,surprised,08,18,18,female,normal,2091
20,0.6673333333333333,True,1.0,0.6294983396806918,0.5947546502830364,0.6121264949818641,0.7335771457427281,-0.06699074074074074,-0.07055555555555565,0.40504287801425803,0.19519404501268825,0.2083860610358278,0.8344405200384231,0.034743689397655375,0.0035648148148149095,0.016137197545481766,0.33909909423566326,0.1271198855413356,0.10778827612631911,0.0,0.9999999987499999,0.5735524591946154,0.2844141148574899,0.31817258381243857,0.42011193901707433,surprised,08,18,18,female,normal,2091
30,1.0010000000000001,True,1.0,0.6896579682692122,0.6661024952076677,0.67788023173844,0.9950371902099893,-0.06902777777777769,-0.07444444444444442,0.43223297216460005,0.23770332877238634,0.207662403443696,0.6812612014987928,0.023555473061544485,0.005416666666666736,0.012548304759457968,0.2821265490174464,0.12601893409794498,0.10907339739388024,0.0,0.6627843720302603,0.5677072784191801,0.2835147342837968,0.3434010296295571,0.4513454742456673,surprised,08,18,18,female,normal,2091
40,1.3346666666666667,True,1.0,0.6923462679916988,0.6786143188708762,0.6854802934312876,1.1130716492819868,-0.06935185185185183,-0.08162037037037034,0.37868987101072443,0.34783489040062165,0.22016106837094193,0.6158456141376639,0.01373194912082265,0.012268518518518512,0.017646686879527185,0.2559342188535274,0.125516919243359,0.10965072162950808,0.0,0.695420817996709,0.5524394849502302,0.2801023413669458,0.335455846913127,0.44401465165451015,surprised,08,18,18,female,normal,2091
50,1.6683333333333334,True,1.0,0.46463511304593164,0.4128410952340558,0.4387381041399937,1.0436570880934426,-0.07314814814814818,-0.08643518518518517,0.38240714103166584,0.3540661878447459,0.21947920855195685,0.42038530581101347,0.051794017811875814,0.013287037037036986,0.02090213115062022,0.30131226394309085,0.12845737063826212,0.10619077972775838,0.0,0.7358870977785955,0.557237187062325,0.27922445293955467,0.3264079908741324,0.41721094355917304,surprised,08,18,18,female,normal,2091
60,2.0020000000000002,True,1.0,0.5057162077491918,0.48338764591476646,0.4945519268319791,1.0477241072439667,-0.065,-0.07189814814814816,0.3622519988427516,0.3846075836718358,0.2139320451098644,0.47202495715489035,0.02232856183442533,0.006898148148148153,0.01702852689956415,0.292204683999737,0.12739947135002788,0.10745767757609571,0.0,0.9239986827655745,0.5585146153461383,0.2808850378138409,0.31488074275142525,0.4120106057969265,surprised,08,18,18,female,normal,2091
70,2.3356666666666666,True,1.0,0.5370661000751181,0.5166860617321102,0.5268760809036142,1.256265089790021,-0.0822222222222222,-0.09574074074074074,0.35249899187754274,0.4369536032091611,0.23888920825867907,0.4193988077720755,0.020380038343007945,0.01351851851851854,0.0206914021204624,0.24552491082241576,0.12523350480127426,0.10997430175010173,0.0,0.7467314418328045,0.5685215994913592,0.2818969345598446,0.31518552779944065,0.4156815367804387,surprised,08,18,18,female,normal,2091
80,2.6693333333333333,True,1.0,0.5095816371614322,0.49024455127425853,0.49991309421784536,1.1349626799872656,-0.07990740740740743,-0.08916666666666662,0.3530920682981198,0.41705502188090854,0.22917498949138576,0.4404665484009169,0.0193370858871737,0.00925925925925919,0.020369793331742617,0.28488688607453694,0.12822706218621138,0.10646876675199479,0.0,0.680804103318421,0.5661252032922545,0.28212099517983946,0.31599453529355204,0.41098962892070834,surprised,08,18,18,female,normal,2091
90,3.003,True,1.0,0.49161618801647056,0.4488048790381129,0.4702105335272917,1.0100094127704713,-0.07384259259259279,-0.07805555555555554,0.3575527435649619,0.3972703690230518,0.2187782487340564,0.46555064495636433,0.042811308978357665,0.004212962962962752,0.022526078464990915,0.3086541124156805,0.12809799617475917,0.10662401768127527,0.0,0.6933598892804517,0.5587804835840586,0.2830968091123354,0.3137001894089317,0.41504519433826925,surprised,08,18,18,female,normal,2091
100,3.336666666666667,True,1.0,0.4837725008734156,0.42111730789677787,0.45244490438509677,0.9019607843137258,-0.07597222222222222,-0.07856481481481481,0.36655998599294265,0.3529411764705892,0.21600083423622596,0.5016236983399984,0.06265519297663774,0.002592592592592591,0.012824357428059707,0.32737266661091297,0.12628810244959443,0.10876163362989955,0.0,0.7071067807446058,0.5669365774981867,0.28281024909020397,0.30830145512676294,0.41756831284595974,surprised,08,18,18,female,normal,2091
0,0.0,True,1.0,0.5062496664366891,0.48910671546849116,0.49767819095259014,0.7349471297583204,-0.08939814814814817,-0.08916666666666667,0.36444458809040925,0.32068743102605896,0.21527813217516756,0.6771618947831612,0.017142950968197956,0.00023148148148149916,0.0059416931531709035,0.37882582801059966,0.12459069529201526,0.11070201631778609,0.0,0.7092025469774005,0.5918761438403487,0.2893808967657748,0.3006952983568634,0.4116580695542839,surprised,08,18,18,female,normal,2092
10,0.33366666666666667,True,1.0,0.5207765658464861,0.48960462110576014,0.5051905934761232,0.7187462588645613,-0.08694444444444444,-0.08666666666666673,0.37170728150804994,0.3266857601924004,0.21320017014117348,0.702877527702471,0.031171944740725988,0.0002777777777777102,0.001579543025456135,0.3890410911073139,0.12491040297486533,0.11016834868154124,0.0,0.6955316245179345,0.5952851701930773,0.28895076897768013,0.30236867058456546,0.4105977531149597,surprised,08,18,18,female,normal,2092
20,0.6673333333333333,True,1.0,0.6658674822196204,0.645804430564293,0.6558359563919567,0.7374635061090719,-0.07444444444444454,-0.07782407407407416,0.37435648940352473,0.297558505069149,0.20555592671495437,0.8893130995080829,0.020063051655327402,0.0033796296296296213,0.009257532146760892,0.3655350115636917,0.12705681470631006,0.10786261450098739,0.0,0.7183697316063608,0.5867930838194654,0.2886871124355818,0.3160727003681509,0.43579233137993556,surprised,08,18,18,female,normal,2092
30,1.0010000000000001,True,1.0,0.6530234135229206,0.6433148973579671,0.6481691554404438,0.8390335528404951,-0.07587962962962957,-0.08671296296296299,0.39369953934372726,0.23440376876808547,0.21325491435249727,0.7725187547579094,0.009708516164953496,0.010833333333333417,0.00990642299978122,0.30743403617537307,0.12124969067602379,0.11418487786506692,0.0,0.9999999987499999,0.57926983588748,0.2899417602282392,0.3172176380979819,0.4402057214440091,surprised,08,18,18,female,normal,2092
40,1.3346666666666667,True,1.0,0.6152335400366925,0.5707909016029894,0.593012220819841,0.8117531957828967,-0.06277777777777788,-0.06689814814814815,0.4227760808824333,0.2085500177042341,0.20023827663970895,0.7305326593114417,0.04444263843370311,0.004120370370370274,0.020080302383515627,0.3277139128784527,0.12376689540841346,0.11162227990392631,0.0,0.7185647680038233,0.5691015722070079,0.2907410817955781,0.3389040143517775,0.436341265521617,surprised,08,18,18,female,normal,2092
50,1.6683333333333334,True,1.0,0.5680979494953251,0.5147372028668115,0.5414175761810682,0.9602874665689465,-0.06675925925925924,-0.06865740740740744,0.43938995524318697,0.2427499107135648,0.2071069635386154,0.5638078127953945,0.053360746628513644,0.0018981481481482043,0.015987395186313227,0.29265451366015605,0.1273985410942494,0.10745878045743373,0.0,0.9331141486979082,0.5590593923194278,0.2816352032042568,0.3493460186210394,0.44762165411526494,surprised,08,18,18,female,normal,2092
60,2.0020000000000002,True,1.0,0.5719867329878378,0.5476307578506333,0.5598087454192355,1.07938871356011,-0.06773148148148145,-0.07347222222222227,0.37134865636635817,0.4317460317460325,0.21672616777389866,0.5186349814357777,0.024355975137204444,0.005740740740740824,0.014993649918236292,0.2713175885369629,0.12530418141335026,0.10989376638607991,0.0,0.8653429957283114,0.5628113503682723,0.2789590431357084,0.32678324434175465,0.4316303928298516,surprised,08,18,18,female,normal,2092
70,2.3356666666666666,True,1.0,0.6289487457759678,0.5786773973893087,0.6038130715826382,1.3263717089327263,-0.06277777777777777,-0.06671296296296297,0.3429796206895123,0.4580768273118174,0.2146263499182011,0.45523669384391524,0.05027134838665914,0.003935185185185208,0.004684407875331735,0.23287334016652658,0.12665940197607337,0.10832900655546195,0.0,0.7964954903752942,0.5521430669846064,0.2795586228566114,0.3214346060993806,0.41834146142116335,surprised,08,18,18,female,normal,2092
80,2.6693333333333333,True,1.0,0.6007371017222316,0.5609071749317411,0.5808221383269864,1.0727778600153988,-0.06800925925925916,-0.07138888888888878,0.3750795160479785,0.3429734114039462,0.21601496222801458,0.541418834201751,0.039829926790490466,0.0033796296296296213,0.007497379175595569,0.28143609257411095,0.1284665557583318,0.10617966764911442,0.0,0.780966497307276,0.5559258406643908,0.2806671219248737,0.3255817365341758,0.42088933941614576,surprised,08,18,18,female,normal,2092
90,3.003,True,1.0,0.4550305767614471,0.411132244614722,0.43308141068808453,0.9451037329095328,-0.0735185185185186,-0.07537037037037042,0.37806626887652345,0.32522826268745114,0.21122816978596956,0.4582369062862859,0.043898332146725116,0.0018518518518518268,0.006403115316659535,0.29976242359315125,0.12499607617342931,0.11007113501617777,0.0,0.8222002803955663,0.5598838166829233,0.2807090231935029,0.31318151363453284,0.41086843570149284,surprised,08,18,18,female,normal,2092
100,3.336666666666667,True,1.0,0.432897073804422,0.4101195202287743,0.42150829701659814,0.9455295182159975,-0.07462962962962966,-0.07500000000000007,0.374861945127075,0.3172413466789277,0.21050946798448544,0.4457907330189859,0.022777553575647702,0.00037037037037040976,0.0031983397165361205,0.30458453171823313,0.12687762872538294,0.10807333204461855,0.0,0.8590188615452814,0.5611252734218687,0.2799089140379819,0.3163029226420878,0.4124206751243651,surprised,08,18,18,female,normal,2092
0,0.0,True,1.0,0.5067434484970871,0.492842711014,0.49979307975554355,0.6997258691228038,-0.08004629629629634,-0.0879166666666667,0.38453053561649175,0.24365454371240483,0.21391777955388394,0.7142698331020666,0.013900737483087067,0.007870370370370361,0.0060582563623337625,0.3933657042093093,0.12845017248257345,0.10619948662693977,0.0,0.9030330593634107,0.5850199859787666,0.2882292720768557,0.3106075419750899,0.4128463621142269,surprised,08,18,18,female,normal,2093
10,0.33366666666666667,True,1.0,0.6923316344521839,0.6916475870237805,0.6919896107379822,0.7004328176745223,-0.08518518518518525,-0.0949074074074075,0.39210166853469747,0.24571804673358047,0.22778313689918467,0.9879457290928029,0.0006840474284034448,0.009722222222222243,0.0032287465650188136,0.35562681662807577,0.12469946067694236,0.11057948397868134,0.0,0.9660341029720809,0.5809532776235494,0.28851058848713146,0.3163344798736442,0.4338658502722656,surprised,08,18,18,female,normal,2093
20,0.6673333333333333,True,1.0,0.5411743190051476,0.49059309079217794,0.5158837048986628,0.7318883955288741,-0.07666666666666666,-0.08731481481481479,0.400456834329829,0.22796523795161658,0.21461213051359673,0.7048666272757024,0.05058122821296962,0.010648148148148129,0.006833641686429705,0.3692165780182034,0.12774944612593975,0.10704137884442931,0.0,0.8146873961381863,0.5726813615993271,0.28221260856637126,0.319965825915719,0.4163745007522512,surprised,08,18,18,female,normal,2093
30,1.0010000000000001,True,1.0,0.4424078348345365,0.3947659973324783,0.4185869160835074,0.7571901864866408,-0.08740740740740738,-0.095787037037037,0.4049801068151514,0.17155090162587985,0.2285473443349346,0.5528160870992648,0.04764183750205819,0.008379629629629626,0.009344562412007623,0.35190955092360016,0.12662354174551632,0.10837092066644496,0.0,0.6704658282202953,0.5684606984043618,0.28178663386868275,0.3269292101665653,0.4209832172491769,surprised,08,18,18,female,normal,2093
40,1.3346666666666667,True,1.0,0.6499582846092953,0.5852891813707225,0.617623732990009,0.6970144958148907,-0.09351851851851839,-0.10004629629629624,0.43643206879600827,0.09256866244004619,0.24176893153244544,0.8860988353878282,0.06466910323857278,0.0065277777777778545,0.010509379386164763,0.3515489221035021,0.12508579668913067,0.1101422772455276,0.0,0.6939436016962449,0.5658051181879001,0.28417723001226836,0.3471258855025079,0.4426146150645509,surprised,08,18,18,female,normal,2093
50,1.6683333333333334,True,1.0,0.6629235015940133,0.6188951778217889,0.6409093397079011,0.7832904402755284,-0.07013888888888897,-0.0761574074074074,0.3933977355084653,0.16268339913414856,0.2168866336962356,0.8182269395276371,0.04402832377222432,0.006018518518518423,0.017436708743957766,0.33206922533441874,0.1285522514498282,0.10607589932599351,0.0,0.7044408740032755,0.557489379830057,0.2809846265411269,0.3228493851584095,0.41154240213373516,surprised,08,18,18,female,normal,2093
60,2.0020000000000002,True,1.0,0.4152812970026994,0.3634253316886977,0.38935331434569853,1.1345780825811418,-0.056574074074074,-0.06208333333333316,0.35602237262402214,0.41377824045775496,0.20775790395451832,0.3431701355096934,0.05185596531400172,0.005509259259259158,0.009894606925926428,0.2580825842180865,0.12825209435053425,0.10643861172162328,0.0,0.720574565343738,0.5604778161498974,0.283855086862081,0.32869540468334774,0.404124292650544,surprised,08,18,18,female,normal,2093
70,2.3356666666666666,True,1.0,0.6244691963970991,0.5942210784809929,0.609345137439046,1.2602760279841787,-0.06763888888888897,-0.08240740740740748,0.35927686399335934,0.4046078428166253,0.21955706017819915,0.48350133138190227,0.030248117916106154,0.014768518518518514,0.011735344005210058,0.2548183017303962,0.12609067612341943,0.10899045446772765,0.0,0.8061865162567613,0.5570813527598539,0.2827235711834143,0.3223362791283236,0.4207093216511931,surprised,08,18,18,female,normal,2093
80,2.6693333333333333,True,1.0,0.4817229784862755,0.46299083616794273,0.4723569073271091,0.8919867360188679,-0.06995370370370368,-0.07555555555555571,0.4040206394309216,0.22294173393613864,0.21753092920897316,0.5295559768470789,0.018732142318332756,0.005601851851852024,0.022764017725458004,0.3192640255480926,0.1285684161618538,0.10605630644272933,0.0,0.6837662570088389,0.5541802575327006,0.2826815845935834,0.3233978679647223,0.4204608783963213,surprised,08,18,18,female,normal,2093
90,3.003,True,1.0,0.4941592983665927,0.4440562140940415,0.4691077562303171,0.9051456907433764,-0.07166666666666666,-0.0761574074074074,0.39576950460492577,0.24412439571861053,0.2168370286263556,0.5182676789247587,0.050103084272551224,0.00449074074074074,0.011147678410876315,0.31849356872923507,0.12883288085144176,0.10573488819813166,0.0,0.6904769991578682,0.5674823949579832,0.28244963044697663,0.3096077428687745,0.40349028320848584,surprised,08,18,18,female,normal,2093
100,3.336666666666667,True,1.0,0.3753705984125295,0.364027985727146,0.36969929206983776,0.8377506886512003,-0.07518518518518524,-0.08111111111111108,0.40178943200671996,0.22417976861872832,0.2195448976813661,0.4412998963511005,0.011342612685383502,0.0059259259259258346,0.020292492339771085,0.3488650204036298,0.12694082023785888,0.10799910151329317,0.0,0.6593606012010891,0.5584526027364071,0.28297631097217313,0.3161282181718308,0.41891033087270607,surprised,08,18,18,female,normal,2093
0,0.0,True,1.0,0.5122946833468173,0.5211503047147477,0.5167224940307824,0.7824774978151151,-0.0828240740740741,-0.08379629629629631,0.36714364643067415,0.2917712703717388,0.21527813217516756,0.6603672252219505,0.008855621367930389,0.0009722222222222077,0.012507951030671798,0.3432203389830508,0.12554120830083357,0.10962291178664255,0.0,0.7071067807446058,0.5826711286780338,0.2895051474981741,0.30398885508707774,0.41569336626478054,surprised,08,18,18,female,strong,2094
10,0.33366666666666667,True,1.0,0.6992014500088233,0.6729053685631826,0.6860534092860029,0.9554793798119218,-0.08365740740740751,-0.08462962962962961,0.35975972065511047,0.383525461431257,0.216701876395907,0.7180201098856229,0.026296081445640662,0.0009722222222220966,0.0018888187084509342,0.26935774398567974,0.12678218289720986,0.108185284906393,0.0,0.7008044792841243,0.5753169656221865,0.2884105064546897,0.31695391349688284,0.4321402481404904,surprised,08,18,18,female,strong,2094
20,0.6673333333333333,True,1.0,0.734303778071383,0.7040471592444613,0.7191754686579221,1.2915657266580445,-0.0805555555555556,-0.08365740740740746,0.3422635310319763,0.5346706553941722,0.21182320498670149,0.5568245222167709,0.030256618826921766,0.0031018518518518556,0.009560839784396239,0.21168967630222735,0.1286100591649549,0.10600580386060476,0.0,0.6612441750345224,0.5588532967093087,0.2790213080579034,0.324421356936998,0.42494413881415766,surprised,08,18,18,female,strong,2094
30,1.0010000000000001,True,1.0,0.6797103440084472,0.6660884163606616,0.6728993801845544,1.004989840014096,-0.07402777777777775,-0.08120370370370367,0.4256785855253573,0.2177477986697209,0.2229385697962059,0.6695583909336997,0.013621927647785581,0.007175925925925919,0.009378524744745913,0.27589640657408676,0.12249819350692501,0.11301314240901356,0.0,0.8553067234420674,0.5568005312828256,0.28495807660901057,0.33914385058323315,0.4431644697342159,surprised,08,18,18,female,strong,2094
40,1.3346666666666667,True,1.0,0.7239519731823219,0.6750012465168181,0.6994766098495699,1.115724118575679,-0.065462962962963,-0.07305555555555554,0.41849377499755397,0.28460474750122156,0.21460075431154726,0.626926135416445,0.04895072666550371,0.00759259259259254,0.01480631393357697,0.2467949635784046,0.12754129814962226,0.10728930532261075,0.0,0.6435400859800419,0.5553799136920393,0.2842989765025618,0.35071548405139086,0.4444893259805344,surprised,08,18,18,female,strong,2094
50,1.6683333333333334,True,1.0,0.6764459020723369,0.6406448249801233,0.6585453635262302,0.9495184289549636,-0.082361111111111,-0.0893518518518518,0.42662204558586725,0.2680758423187096,0.22640540147926305,0.6935572216866003,0.035801077092213585,0.006990740740740797,0.012121222291235719,0.2911509708088886,0.12709916659288173,0.1078127062167095,0.0,0.6407440789827523,0.5468626654020984,0.28666472479975935,0.3547825653539668,0.4476973172135174,surprised,08,18,18,female,strong,2094
60,2.0020000000000002,True,1.0,0.7453199249265433,0.6334633787380656,0.6893916518323044,0.8078650805363581,-0.0994444444444445,-0.10305555555555562,0.41897398216193366,0.12506411098183132,0.2541714693876841,0.8533499818739576,0.11185654618847773,0.0036111111111111205,0.014386914658742622,0.3179015792493176,0.1227160297738906,0.11277656585609541,0.0,0.6759726247758824,0.5551974733408989,0.28829126361781393,0.34672242437079437,0.44156157423229736,surprised,08,18,18,female,strong,2094
70,2.3356666666666666,True,1.0,0.5987945324028109,0.5683417833984324,0.5835681579006217,1.0470347648261757,-0.08666666666666667,-0.0914814814814815,0.4343543964780802,0.20722563053851414,0.24375000000000002,0.5573531820574298,0.030452749004378443,0.004814814814814827,0.01601522409203114,0.26953125000000056,0.1266651390280471,0.10832229837521626,0.0,0.6634615599904692,0.5485559325605243,0.28714964235341844,0.3513248912483504,0.4519173479987058,surprised,08,18,18,female,strong,2094
80,2.6693333333333333,True,1.0,0.6522541008257062,0.6078465212127182,0.6300503110192122,0.8982931822317053,-0.07194444444444448,-0.07898148148148143,0.4495012907776328,0.1849265176307445,0.21806115361267805,0.7013860546663898,0.044407579612988024,0.007037037037036953,0.01853730973993471,0.31783701207076687,0.12906101881317247,0.10545629992284106,0.0,0.6493643484693488,0.5488202609872075,0.2852689947374774,0.33635027535144457,0.4409996701739902,surprised,08,18,18,female,strong,2094
90,3.003,True,1.0,0.6777839041893512,0.6574246222058276,0.6676042631975894,0.8751569398901945,-0.06425925925925918,-0.06888888888888889,0.4256092293753626,0.2049366201645089,0.21183473035207934,0.7628394780042004,0.020359281983523547,0.004629629629629706,0.015049007512946551,0.3277678492557286,0.12720383433846585,0.10768919305090738,0.0,0.6682253857890648,0.549166298409989,0.2856559198780578,0.3252462136889431,0.4264141941225087,surprised,08,18,18,female,strong,2094
100,3.336666666666667,True,1.0,0.6978682692380498,0.6638367188942877,0.6808524940661688,0.8855948581873478,-0.06620370370370376,-0.0701851851851853,0.42605759079208017,0.23241694949496014,0.21184157324108985,0.7688080929690021,0.03403155034376204,0.00398148148148153,0.008277988434889205,0.32360696991312504,0.1288645186395257,0.1056963273076053,0.0,0.6596565682809824,0.5481793927883654,0.2844951057191946,0.3264086584255961,0.4223281174513402,surprised,08,18,18,female,strong,2094
0,0.0,True,1.0,0.5251240126273673,0.49718520564792346,0.5111546091376453,0.7199614707083402,-0.08046296296296296,-0.08462962962962955,0.37767019103353994,0.276399835624364,0.2097353180985255,0.709974949957727,0.027938806979443842,0.004166666666666596,0.001582677113905543,0.38167717442642135,0.1287024981563544,0.10589355381224158,0.0,0.6503004993932799,0.585409361346101,0.28978836001518654,0.30969049727347703,0.41364930709102066,surprised,08,18,18,female,strong,2095
10,0.33366666666666667,True,1.0,0.7023818592313057,0.6431056300941127,0.6727437446627091,0.8741533113568023,-0.07768518518518513,-0.07930555555555546,0.3610722343816716,0.363109837025133,0.20904566173292544,0.7695946877081794,0.05927622913719299,0.0016203703703703276,0.002090659762588982,0.3115384615384616,0.12368067765286213,0.11171780406553622,0.0,0.7186691135870266,0.5820136569471539,0.29102733634761846,0.3101166647416288,0.42820733017589757,surprised,08,18,18,female,strong,2095
20,0.6673333333333333,True,1.0,0.6691786785679587,0.6188408949930065,0.6440097867804826,1.0417692545815593,-0.06935185185185183,-0.07351851851851843,0.3654647529193872,0.3940024744891789,0.20287407340637148,0.6181885133854884,0.05033778357495211,0.004166666666666596,0.004089365177825899,0.2740384615384612,0.12693577037581136,0.10800503677811484,0.0,0.6749326370160743,0.568811312087335,0.28284708058570107,0.3245091830538281,0.43150384507460776,surprised,08,18,18,female,strong,2095
30,1.0010000000000001,True,1.0,0.6813851061125575,0.6696981360325758,0.6755416210725667,1.1255769988364868,-0.07351851851851848,-0.08875,0.4214621346223048,0.3297144744066472,0.21671736686452808,0.600173619193424,0.011686970079981762,0.015231481481481512,0.01366293301385077,0.2729142643657835,0.12638621760193117,0.10864760361182842,0.0,0.6419605660925284,0.5522732741846739,0.28447635591934806,0.34977850821394363,0.450485855880133,surprised,08,18,18,female,strong,2095
40,1.3346666666666667,True,1.0,0.6818067364227248,0.649578200600349,0.6656924685115369,1.4346905773344913,-0.06361111111111106,-0.07722222222222208,0.3482495257481061,0.4987257721210371,0.21113423895609135,0.4639972402609108,0.03222853582237584,0.013611111111111018,0.02027269369386269,0.2035714285714289,0.1257706731589121,0.10935956996685801,0.0,0.82292745526511,0.5412077522805997,0.28503557269360275,0.3329069461242729,0.42745208562913206,surprised,08,18,18,female,strong,2095
50,1.6683333333333334,True,1.0,0.5668136604506333,0.5222718644316313,0.5445427624411323,0.8685683487810968,-0.059120370370370434,-0.061990740740740846,0.3694670369607732,0.2937804709112533,0.20625924754363292,0.6269429034632853,0.04454179601900199,0.002870370370370412,0.022553118761747686,0.29924302566359706,0.1288762843088853,0.10568198102465408,0.0,0.6568530922908373,0.5524594885532338,0.2789238852096222,0.3185752808915064,0.3819056057322697,surprised,08,18,18,female,strong,2095
60,2.0020000000000002,True,1.0,0.5067434484970882,0.4719028324956646,0.4893231404963764,1.2365977946556,-0.05847222222222226,-0.06268518518518529,0.30735327365228127,0.5641837977902511,0.20765211615361603,0.39570112660006473,0.034840616001423574,0.004212962962963029,0.013610801495648884,0.22499443837760458,0.12893828506040203,0.10560632753805396,0.0,0.6307249979340591,0.5484319501316152,0.2833002773500033,0.31044422395156035,0.3866263646481883,surprised,08,18,18,female,strong,2095
70,2.3356666666666666,True,1.0,0.6143452247171421,0.6284907935498284,0.6214180091334853,1.497710843398248,-0.07351851851851854,-0.0929166666666667,0.337800506292997,0.5408326913195978,0.22777777777777775,0.4149118715889857,0.01414556883268625,0.019398148148148164,0.02895864699582501,0.18954387449682691,0.1263721724709082,0.10866393971819284,0.0,0.6643847926201311,0.5453097125412665,0.2838528706657312,0.3278291031614364,0.4273749933246244,surprised,08,18,18,female,strong,2095
80,2.6693333333333333,True,1.0,0.6313563358106663,0.6192937392069905,0.6253250375088284,1.4335444333165681,-0.07675925925925908,-0.08634259259259264,0.32428969784347406,0.5519146068268793,0.22152777777777777,0.4362090375267346,0.012062596603675813,0.009583333333333555,0.016861021855031195,0.20908375265668083,0.12296183841066588,0.11250850663211492,0.0,0.7475233504796116,0.615005373751063,0.30812913882681864,0.3082202451900292,0.4556144914198138,surprised,08,18,18,female,strong,2095
90,3.003,True,1.0,0.6850576848895679,0.6850016285131268,0.6850296567013474,1.0352344450955384,-0.06671296296296303,-0.07208333333333328,0.3647763384963124,0.4281421938957964,0.21181456055111778,0.6617145130233067,5.605637644101602e-05,0.005370370370370248,0.017726074471437266,0.2780452865241642,0.12971078009690765,0.10465606192262658,0.0,0.6684818831538342,0.5476218215567478,0.28321270471670973,0.32003977670701556,0.4173717450714533,surprised,08,18,18,female,strong,2095
100,3.336666666666667,True,1.0,0.5714640917184977,0.5525724507504761,0.5620182712344869,1.0877615856558922,-0.07537037037037025,-0.07837962962962963,0.3631919181055659,0.4467492061936755,0.21183473035207934,0.5166741302926269,0.01889164096802154,0.003009259259259378,0.009815447960443513,0.2681155512362127,0.1281945598058906,0.106507899267364,0.0,0.7484411072917467,0.5501861582758103,0.2842279633152739,0.31035672078481485,0.403738501459819,surprised,08,18,18,female,strong,2095
0,0.0,True,1.0,0.4854845243224935,0.4668159550464026,0.47615023968444803,0.7827195941179859,-0.08319444444444452,-0.08537037037037037,0.3669423857961945,0.32501285734450236,0.21041702925144093,0.6083279928886947,0.018668569276090896,0.002175925925925859,0.009914278175139004,0.353145140160112,0.12501548569005452,0.11022207631806777,0.0,0.8243354949940043,0.5939707152079582,0.28870332068342075,0.29907786259644487,0.41171340636662307,surprised,08,18,18,female,strong,2096
10,0.33366666666666667,True,1.0,0.6839875132358251,0.6499582846092947,0.6669728989225598,0.8420300437589555,-0.07828703703703704,-0.08046296296296296,0.36215835666788226,0.3541872406287667,0.2076480745787882,0.792101070343152,0.03402922862653035,0.0021759259259259145,0.011966417556723716,0.3307382567373176,0.12332101533472653,0.11211469549818028,0.0,0.9417278518833062,0.5906231315338635,0.2885994877621512,0.3072869436644976,0.43133345148902835,surprised,08,18,18,female,strong,2096
20,0.6673333333333333,True,1.0,0.7689172803401508,0.6977864825306869,0.7333518814354189,1.1942567972101252,-0.08171296296296288,-0.08324074074074073,0.3521505376344086,0.48854961832061,0.20764476777723623,0.6140654867098807,0.07113079780946396,0.00152777777777785,0.006335273111979822,0.23677368768039683,0.12706321725952274,0.10785507215725408,0.0,0.7163795466604722,0.5719207556225615,0.2874527221244312,0.328699101131965,0.4354009947278817,surprised,08,18,18,female,strong,2096
30,1.0010000000000001,True,1.0,0.6833266929477344,0.6596920202905517,0.671509356619143,1.2985169822934668,-0.06217592592592591,-0.06916666666666654,0.3706725372475426,0.41781370501357395,0.20420403171054263,0.517135598360146,0.023634672657182665,0.006990740740740631,0.014273965587261794,0.23410581992454457,0.12294551600932806,0.1125263429739216,0.0,0.8024806541625461,0.5461240981158089,0.2829219131285513,0.3349069678803203,0.4315484489127146,surprised,08,18,18,female,strong,2096
40,1.3346666666666667,True,1.0,0.7128917833514475,0.6700672607005016,0.6914795220259746,0.8967639573183507,-0.06657407407407406,-0.0740277777777778,0.4114174698339406,0.2794810159354271,0.21401761847716905,0.7710830886800458,0.04282452265094594,0.00745370370370374,0.012773347828365783,0.3070601449176076,0.12373290467130088,0.1116599573326349,0.0,0.9999999987499999,0.5604980882431096,0.28460157107970463,0.31998862684417384,0.4163150138020071,surprised,08,18,18,female,strong,2096
50,1.6683333333333334,True,1.0,0.6696639104782993,0.6156004899814765,0.6426322002298879,1.010434138495295,-0.08523148148148157,-0.10101851851851845,0.4188911405178649,0.2583496376834561,0.23133444404152184,0.635996128542207,0.05406342049682278,0.015787037037036877,0.03445841211660914,0.28853851604057057,0.1267780941758709,0.10819007628902536,0.0,0.6193844521723165,0.5390091414690877,0.283665973565029,0.34547018585645434,0.4441797090031686,surprised,08,18,18,female,strong,2096
60,2.0020000000000002,True,1.0,0.584746584928601,0.5839247668112155,0.5843356758699083,1.045233439553245,-0.08134259259259258,-0.10240740740740739,0.40288335985721285,0.2969352519902093,0.23274512046446713,0.5590480114372018,0.0008218181173854644,0.021064814814814814,0.029584934098862918,0.2757903486554254,0.11756704827740927,0.11797314516761896,0.0,0.9999999987499999,0.6032418378992223,0.3109534289490041,0.3108162142329199,0.43964949102893974,surprised,08,18,18,female,strong,2096
70,2.3356666666666666,True,1.0,0.609497562983809,0.5846020107379319,0.5970497868608704,1.5069331714562815,-0.08199074074074064,-0.10064814814814821,0.28438494881088233,0.6517584400185963,0.23546332963052755,0.39620190076769557,0.02489555224587703,0.018657407407407567,0.041340209323491965,0.17098484296854358,0.12405857963531329,0.11129800801936414,0.0,0.6645447530971096,0.5650076053233793,0.28440887514774094,0.31175608274052263,0.395031660076665,surprised,08,18,18,female,strong,2096
80,2.6693333333333333,True,1.0,0.3809723510016851,0.39030302735538563,0.38563768917853536,1.214949910603394,-0.057962962962962994,-0.07333333333333325,0.37285289337225624,0.27495752838209997,0.2201402751719845,0.3174103605530633,0.009330676353700551,0.015370370370370257,0.022999477591978495,0.2605217490311804,0.12767161548717726,0.10713419794446488,0.0,0.7081583073225249,0.5351604464676496,0.2817642832086903,0.3216601404035089,0.3918370511487183,surprised,08,18,18,female,strong,2096
90,3.003,True,1.0,0.5250291243412945,0.5170696446146085,0.5210493844779515,1.298053379493111,-0.06763888888888892,-0.08231481481481473,0.34235932341340686,0.416743453416209,0.2236278288115911,0.4014082877557939,0.00795947972668598,0.014675925925925815,0.010221859655507485,0.26052631578947405,0.12699550093948347,0.10793479750018696,0.0,0.8953374920547438,0.5403383912393083,0.2787900238939406,0.3216138247485484,0.403706726853812,surprised,08,18,18,female,strong,2096
100,3.336666666666667,True,1.0,0.5665389596281244,0.5606197013092332,0.5635793304686788,1.2793676821752173,-0.06666666666666676,-0.08129629629629626,0.3481289320336006,0.4511375377041445,0.21876255544325338,0.44051396507879986,0.005919258318891174,0.014629629629629493,0.016477947717092583,0.24867985134794562,0.12727822030192357,0.10760126582531547,0.0,0.6555581819418524,0.542020240189826,0.27748763032673707,0.3209198073528708,0.41157773638600176,surprised,08,18,18,female,strong,2096
110,3.6703333333333332,True,1.0,0.4925480182640657,0.4763975489886343,0.48447278362635,1.2541152589736169,-0.06805555555555554,-0.08162037037037034,0.34153392265122445,0.46856158484065435,0.21320339077801018,0.3863064261117821,0.0161504692754314,0.013564814814814807,0.02153614607392969,0.2543803977596377,0.12399950887883238,0.11136381624106927,0.0,0.6380186018256258,0.6056421649284714,0.30959840512616543,0.3028189491788293,0.4262701375878238,surprised,08,18,18,female,strong,2096
0,0.0,True,1.0,0.520776565846486,0.5229888527332784,0.5218827092898822,0.684831423980689,-0.08490740740740738,-0.08736111111111111,0.3809207814935134,0.2790053949550957,0.21252297669899126,0.7620601085393511,0.002212286886792425,0.0024537037037037357,0.009190077064994305,0.39583333333333404,0.12543645172283796,0.10974276445109751,0.0,0.6477756170555962,0.5867768787671318,0.28808205365943906,0.3060231291159291,0.41821586221804397,surprised,08,18,18,female,strong,2097
10,0.33366666666666667,True,1.0,0.5214574810734206,0.5233156221996665,0.5223865516365436,0.7131662095579165,-0.08421296296296299,-0.08717592592592605,0.37350965266991343,0.29174981300096603,0.20903106270057495,0.7324892074743207,0.001858141126245938,0.002962962962963056,0.012201264632492688,0.3784090909090907,0.12885939574943997,0.10570257280533699,0.0,0.822500763259785,0.5895959673478767,0.28717677717854273,0.31258731941543166,0.4190951219795706,surprised,08,18,18,female,strong,2097
20,0.6673333333333333,True,1.0,0.7432111656328658,0.6664696380278732,0.7048404018303696,0.7161372805015767,-0.07523148148148151,-0.08083333333333337,0.38094196722768514,0.3196396495983824,0.20073245582099242,0.984225261023564,0.07674152760499264,0.005601851851851858,0.010978739141756315,0.3816194294691731,0.12756081186986545,0.10726610389729588,0.0,0.7578346167694195,0.5743923652976816,0.28652712653325957,0.32103091517316446,0.4360581645711406,surprised,08,18,18,female,strong,2097
30,1.0010000000000001,True,1.0,0.7351174463804108,0.6751390356527337,0.7051282410165722,1.585806369615282,-0.0687962962962963,-0.07208333333333328,0.35332701178111187,0.5878143730755319,0.19938057002093043,0.44464964608991764,0.05997841072767707,0.0032870370370369772,0.007077158672298022,0.17961664084819812,0.1242805602878986,0.1110500792643328,0.0,0.7987161415560058,0.5641016526845113,0.2897664689460263,0.3249307253459281,0.43366512146968295,surprised,08,18,18,female,strong,2097
40,1.3346666666666667,True,1.0,0.6879642523337489,0.6392937414782613,0.6636289969060052,1.0977270621244426,-0.08462962962962967,-0.09444444444444439,0.39719521421716386,0.337736365012086,0.22433310471757625,0.6045482705160581,0.04867051085548757,0.00981481481481472,0.020286803890053655,0.2721791332434158,0.12825969526125722,0.10642945241793915,0.0,0.6661196621090341,0.5428706680797319,0.2833460606838233,0.3474271877740021,0.4367880981555015,surprised,08,18,18,female,strong,2097
50,1.6683333333333334,True,1.0,0.6894454250584973,0.6482446558997844,0.6688450404791408,1.2544948534157214,-0.0841203703703704,-0.0922222222222222,0.36243637727873973,0.4573600642693615,0.22638888888888886,0.5331588556605225,0.04120076915871285,0.008101851851851805,0.031013507727543632,0.22874899199660692,0.12827346249152632,0.10641285914204743,0.0,0.6262366385109128,0.5388791035320379,0.2829686790028578,0.3394024386518445,0.4446787791159076,surprised,08,18,18,female,strong,2097
60,2.0020000000000002,True,1.0,0.7288485459853165,0.7000520751646202,0.7144503105749683,1.2746062903950814,-0.0797222222222223,-0.08560185185185193,0.3588017520017054,0.4664796217425293,0.2215291553694976,0.5605262707071019,0.02879647082069625,0.0058796296296296235,0.012608147295069805,0.2263946411872314,0.12363226928387447,0.11160078769356706,0.0,0.7790899037567691,0.5488972275629002,0.28247334768990445,0.3286597132119092,0.4426574123532843,surprised,08,18,18,female,strong,2097
70,2.3356666666666666,True,1.0,0.47261685600585124,0.43611803053131254,0.4543674432685819,1.521847489638486,-0.056064814814814845,-0.058148148148148115,0.321502298378885,0.5983606526740245,0.2020867311382089,0.29856305994007104,0.0364988254745387,0.0020833333333332704,0.012747621454416064,0.198735875114131,0.12906577458119692,0.10545047938364761,0.0,0.6288600216894136,0.5473455669220815,0.2872830499374362,0.3154518488482103,0.3883348689760951,surprised,08,18,18,female,strong,2097
80,2.6693333333333333,True,1.0,0.7130346648339881,0.6629951579847665,0.6880149114093773,1.4918830034206962,-0.06527777777777788,-0.06898148148148159,0.33563549121757025,0.6122350061207579,0.20277815402154253,0.4611721628518104,0.05003950684922165,0.003703703703703709,0.015750502613797714,0.18787509206398065,0.1285433944905688,0.10608663206633917,0.0,0.6413649992565001,0.5567691584602591,0.28802501000305125,0.3285146291135236,0.43111424525564424,surprised,08,18,18,female,strong,2097
90,3.003,True,1.0,0.696713948916124,0.6627974253112106,0.6797556871136673,1.3509744861308308,-0.06796296296296289,-0.07259259259259254,0.3368221130196163,0.6043833227427399,0.20003089666134244,0.5031595297261879,0.033916523604913484,0.00462962962962965,0.010375229379177528,0.1953947368421054,0.12707083253647194,0.10784610001592954,0.0,0.720825645922734,0.5610325927324056,0.28753322630743117,0.31626894361872376,0.4209654679672004,surprised,08,18,18,female,strong,2097
100,3.336666666666667,True,1.0,0.6765714194992645,0.6227486055582457,0.649660012528755,1.36850321917738,-0.06958333333333333,-0.07250000000000006,0.34398370044338,0.5934737629366076,0.20070812936930751,0.47472304297484347,0.05382281394101873,0.002916666666666734,0.009285379787930896,0.20192347535378607,0.12875013754921238,0.10583562657048878,0.0,0.6772604839026146,0.5614251754998875,0.28815548216300474,0.3167962654958871,0.41692165945693294,surprised,08,18,18,female,strong,2097
0,0.0,True,1.0,0.45058422388402564,0.45002069264614425,0.45030245826508497,0.7470225211045277,-0.08837962962962964,-0.08875,0.3692429582621555,0.3000824297942461,0.2145847555070186,0.6027963622827324,0.0005635312378813873,0.00037037037037035425,0.006843709778985502,0.3419154038460468,0.12730488231357928,0.10756972022581783,0.0,0.877133665994518,0.6207380631471339,0.29006378519362497,0.2888388729337834,0.4078647742321252,neutral,01,18,18,female,normal,2098
10,0.33366666666666667,True,1.0,0.4917247965415357,0.4633303296347955,0.4775275630881656,0.720236903679365,-0.0865277777777777,-0.08699074074074076,0.3681829933105471,0.286745432914502,0.21042573109859153,0.6630145729116252,0.028394466906740246,0.00046296296296305384,0.0030998335749314494,0.35463124102740146,0.12398728048741005,0.1113774306013491,0.0,0.698761389523107,0.6202339638120874,0.28996275854879205,0.2836704838963998,0.40705142933505756,neutral,01,18,18,female,normal,2098
20,0.6673333333333333,True,1.0,0.49233897792695513,0.498781454689768,0.49556021630836156,0.7440887885850217,-0.08754629629629623,-0.0886574074074073,0.3630761019476689,0.3110993291250601,0.21181456055111783,0.6659960799177361,0.006442476762812843,0.0011111111111110628,0.007094230551270743,0.3481294708720169,0.12183990972558578,0.11372253148650305,0.0,0.9999999987499999,0.618173586223552,0.29126224601247835,0.281261257277519,0.4094642243807967,neutral,01,18,18,female,normal,2098
30,1.0010000000000001,True,1.0,0.5009786245741783,0.4703100168580039,0.4856443207160911,0.9898794437245697,-0.08851851851851855,-0.08949074074074082,0.3611761689638345,0.3728887205839432,0.21112412083566012,0.4906095624016411,0.030668607716174412,0.0009722222222222632,0.00535722212380694,0.2623364031218052,0.1240801612898732,0.11127394728408388,0.0,0.7582028367982884,0.6206850023681348,0.2908246471048166,0.2918689866744009,0.41588559295868854,neutral,01,18,18,female,normal,2098
40,1.3346666666666667,True,1.0,0.5098003005572832,0.4629394421257697,0.4863698713415264,0.9707253433941511,-0.08763888888888888,-0.08958333333333329,0.35315658759440627,0.3882901373576602,0.2097280427126452,0.5010375742750562,0.0468608584315135,0.0019444444444444153,0.0048874986943611256,0.2651785714285712,0.12345306284423106,0.11196927723342599,0.0,0.7001111425215785,0.6171719880530336,0.29047748610706775,0.2904420464334673,0.4096891603364719,neutral,01,18,18,female,normal,2098
50,1.6683333333333334,True,1.0,0.49369015383482046,0.47732174084245493,0.4855059473386377,0.9921087696651539,-0.08791666666666664,-0.09009259259259256,0.3750954836823005,0.3785678200038082,0.20902923774983853,0.4893676602642073,0.016368412992365522,0.0021759259259259145,0.006403294213546636,0.2677437598042714,0.12132063399398094,0.11427633848179466,0.0,0.6920595941596993,0.6200752960871849,0.2911443282642979,0.2879077705335652,0.4173611631352999,neutral,01,18,18,female,normal,2098
60,2.0020000000000002,True,1.0,0.5020039474157406,0.4782705168346542,0.49013723212519744,0.9074141640780019,-0.08939814814814812,-0.0904166666666667,0.3724119492507608,0.3550633094907419,0.21041992990714242,0.5401472133986492,0.0237334305810864,0.0010185185185185852,0.0011935764286420034,0.2938261253610455,0.12410862266515757,0.11124220219969758,0.0,0.6879903971850015,0.6213474796871875,0.28999733477925327,0.28892380855224264,0.41119380201153766,neutral,01,18,18,female,normal,2098
70,2.3356666666666666,True,1.0,0.5077480425917811,0.4849423872119697,0.4963452149018754,0.9892801829508335,-0.08981481481481479,-0.08962962962962961,0.33972199781231244,0.4014336917562733,0.2125014361164707,0.501723600104242,0.022805655379811385,0.00018518518518517713,0.0005988929375752771,0.2771647032989485,0.1250147198074273,0.11022294498612159,0.0,0.7681579370448114,0.6187392573435624,0.28989147770458074,0.2868061498487443,0.40467760580048984,neutral,01,18,18,female,normal,2098
80,2.6693333333333333,True,1.0,0.5016048886863317,0.46461068827789836,0.483107788482115,0.7588488546278457,-0.08763888888888888,-0.0893518518518519,0.35838281387398024,0.3387718101017164,0.21111436361740882,0.6366324275722081,0.03699420040843332,0.0017129629629630272,0.003038947741274894,0.35156250000000044,0.12330845042695093,0.11212851476372512,0.0,0.859677451052498,0.6171857899018982,0.289294332842346,0.28021173561161755,0.4050025016447275,neutral,01,18,18,female,normal,2098
90,3.003,True,1.0,0.401582823715551,0.379924415731138,0.3907536197233445,0.7510140055157469,-0.0876851851851852,-0.08999999999999997,0.3537889854788022,0.3277152024068711,0.21041992990714248,0.5203013750123084,0.021658407984412986,0.0023148148148147696,0.0032055878582996802,0.3579545454545444,0.12576332195849058,0.10936802375549835,0.0,0.6896002729926852,0.6167702618156637,0.2898789398570642,0.28224729955887773,0.40254182410287087,neutral,01,18,18,female,normal,2098
100,3.336666666666667,True,1.0,0.4849423872119695,0.4493192467034705,0.46713081695771996,0.7256687049539988,-0.08657407407407414,-0.08740740740740743,0.3624585792468804,0.30234555754613557,0.21250897556871717,0.6437246277381248,0.03562314050849896,0.0008333333333332971,0.0026345715419404388,0.36456355503113363,0.12482992447382416,0.11043218609586311,0.0,0.6797109332621776,0.6154992509816427,0.29043193615480817,0.2832978889425097,0.40842018721102535,neutral,01,18,18,female,normal,2098
0,0.0,True,1.0,0.5351799294591655,0.49718520564792446,0.516182567553545,0.7364647548090636,-0.08884259259259264,-0.08916666666666667,0.37137557657947523,0.31561183065843734,0.21180879739806174,0.7008924244954137,0.03799472381124103,0.0003240740740740322,0.0005663227168143784,0.3515447659190726,0.12371338936504205,0.11168157888281004,0.0,0.695705505405344,0.6179489061327657,0.29041014086540207,0.28504662529248714,0.4071740544891307,neutral,01,18,18,female,normal,2099
10,0.33366666666666667,True,1.0,0.5067434484970871,0.4995536701064246,0.5031485593017558,0.7227527028811183,-0.08893518518518523,-0.08884259259259264,0.37064631016804395,0.295656098287519,0.21041702925144093,0.6961559013145829,0.007189778390662482,9.259259259258856e-05,0.00020666545939134853,0.3579358264179763,0.12495974649631961,0.11028526431757149,0.0,0.7071006739851485,0.6158593380086409,0.2898070622783735,0.2887256442249993,0.4087380446027646,neutral,01,18,18,female,normal,2099
20,0.6673333333333333,True,1.0,0.5162878389452336,0.4923214059965591,0.5043046224708964,0.754597310419878,-0.08777777777777768,-0.08907407407407408,0.36685562267993843,0.3375665706091304,0.20972222222222214,0.6683095944117371,0.023966432948674454,0.0012962962962964064,0.007593629966488013,0.345377919810404,0.12399462776522184,0.11136925094143318,0.0,0.7655310647087714,0.6173888825452056,0.29009544154089095,0.2866489996841232,0.40776832180232553,neutral,01,18,18,female,normal,2099
30,1.0010000000000001,True,1.0,0.48037371597652995,0.46513901149952147,0.4727563637380257,1.0021764069788304,-0.08759259259259256,-0.08976851851851853,0.36351780801772404,0.44094521766083067,0.20972804271264525,0.4717296879530432,0.015234704477008476,0.00217592592592597,0.0006152139539390642,0.269992406570346,0.12372549771701445,0.11166816459718466,0.0,0.7447845852474363,0.6139528981827106,0.2904113873465087,0.2936571144228606,0.4172267365854361,neutral,01,18,18,female,normal,2099
40,1.3346666666666667,True,1.0,0.49406113409320535,0.4708494839447187,0.48245530901896205,0.9869377691010759,-0.08949074074074076,-0.09115740740740741,0.36719094799054103,0.40677840483219996,0.2083347981719335,0.48884065857403824,0.02321165014848664,0.0016666666666666496,0.00608853908073816,0.25879899927042743,0.12271825483760365,0.11277414464123575,0.0,0.7819845150089035,0.6166993154605592,0.298599165822281,0.2875777179217387,0.40421481534750825,neutral,01,18,18,female,normal,2099
50,1.6683333333333334,True,1.0,0.49329740909757747,0.47827051683465316,0.4857839629661153,0.9783356657108997,-0.08986111111111111,-0.09032407407407406,0.37939937922018574,0.4054943877617542,0.20972367735997205,0.49654119745611475,0.015026892262924307,0.0004629629629629428,0.0015475959666464637,0.2667720568807949,0.12442343620486815,0.11088997381624648,0.0,0.8007930343876635,0.619000928676158,0.29879153118371443,0.2941725841004987,0.41113097186118663,neutral,01,18,18,female,normal,2099
60,2.0020000000000002,True,1.0,0.5073770623333941,0.4833876459147675,0.4953823541240808,0.8947291559825477,-0.08861111111111108,-0.08995370370370376,0.3766407477923115,0.3825164214901549,0.20764035862658026,0.5536673872889235,0.023989416418626563,0.001342592592592673,0.005643459251362674,0.3019683743941028,0.12044273499671693,0.11520123851808538,0.0,0.7145119277560501,0.6199404099295969,0.2981915010921143,0.27910458228455487,0.3976307537271336,neutral,01,18,18,female,normal,2099
70,2.3356666666666666,True,1.0,0.5365285970091934,0.49718520564792495,0.5168569013285592,0.9734480844179665,-0.09013888888888882,-0.09129629629629632,0.3461511453647914,0.41618432594681143,0.20972258600760627,0.5309547674929092,0.039343391361268465,0.0011574074074074958,0.007187363109109208,0.2612718315553618,0.12541240548885632,0.10977024332568361,0.0,0.7137933165608632,0.6163867678477641,0.29857312998310687,0.2853654214712379,0.398597229074595,neutral,01,18,18,female,normal,2099
80,2.6693333333333333,True,1.0,0.4873209971568376,0.4642187205974069,0.4757698588771222,0.7883924293803924,-0.0919444444444445,-0.09305555555555556,0.36451374721777263,0.387497312489821,0.208333699543949,0.6034683250967234,0.0231022765594307,0.0011111111111110628,0.0003350851830257956,0.34320474150276803,0.12530954282614631,0.10988765284080507,0.0,0.8028820012745519,0.6195232104013481,0.29724679128103887,0.27993804422509233,0.3932972476267508,neutral,01,18,18,female,normal,2099
90,3.003,True,1.0,0.32820512820512815,0.31478893770611904,0.3214970329556236,0.7749946249796431,-0.09629629629629627,-0.09842592592592586,0.3635006559009813,0.3741353361970686,0.20694481311284507,0.4148377583445413,0.013416190499009106,0.0021296296296295925,0.0038351185410118458,0.3398772494064434,0.1222840332030841,0.11324483649729208,0.0,0.9999999987499999,0.619466803963773,0.2972342425404667,0.27139352453757254,0.38873804797092226,neutral,01,18,18,female,normal,2099
100,3.336666666666667,True,1.0,0.246393996476011,0.2187216271908952,0.2325578118334531,0.7875492151758829,-0.09990740740740744,-0.10226851851851848,0.3628771321900181,0.3737351849295854,0.20694444444444443,0.2952930526145164,0.027672369285115822,0.002361111111111036,0.005684715176258126,0.35273820654451193,0.1239465924096646,0.11142270863751078,0.0,0.7092314229497136,0.6202380340886355,0.2966061115051623,0.2752384079469796,0.3905667834334263,neutral,01,18,18,female,normal,2099
0,0.0,True,1.0,0.4923748581226464,0.4716170194168634,0.4819959387697549,0.7409079985416294,-0.09180555555555558,-0.09185185185185185,0.3535908837954717,0.34979731889212134,0.2132302275265817,0.6505476249662501,0.020757838705783016,4.6296296296266526e-05,0.010794738692653955,0.3753755160800456,0.12362290947437224,0.11178172490628234,0.0,0.8413344168944858,0.6189894030112045,0.2872270844967872,0.28301803747051935,0.399737818305515,neutral,01,18,18,female,normal,2100
10,0.33366666666666667,True,1.0,0.46939336499168627,0.45078177860605745,0.46008757179887183,0.7466423503594464,-0.08995370370370365,-0.09092592592592591,0.35000789007254646,0.3525046197923745,0.212535900000594,0.6162087799833185,0.01861158638562882,0.0009722222222222632,0.008869835164875547,0.36497414608865214,0.12425514688480861,0.11107851386544657,0.0,0.935804360606692,0.6179186979010355,0.28681178183409367,0.2847047266206096,0.40040521427939363,neutral,01,18,18,female,normal,2100
20,0.6673333333333333,True,1.0,0.5199234712897148,0.5261857868522268,0.5230546290709708,0.7367812780192255,-0.08986111111111106,-0.09115740740740741,0.35672529793185365,0.36154897538384073,0.21044603400931966,0.709918458402145,0.006262315562512,0.001296296296296351,0.007731394690902193,0.37497965660345134,0.12238234452907067,0.11313858544848047,0.0,0.6894882332788392,0.6179167217277537,0.287913594200551,0.28269989806032125,0.40231946374664146,neutral,01,18,18,female,normal,2100
30,1.0010000000000001,True,1.0,0.5275420945456372,0.5496189693305185,0.5385805319380779,1.1225342645123477,-0.0926851851851852,-0.09236111111111112,0.34164335461840095,0.5044299543061812,0.21111689330988623,0.4797898371254159,0.022076874784881295,0.0003240740740740877,0.009612535598128752,0.22819944781417686,0.12195063481912562,0.11360378707145252,0.0,0.6913439103480885,0.6188341170687024,0.2989296423517174,0.28616821899984435,0.40283900747466245,neutral,01,18,18,female,normal,2100
40,1.3346666666666667,True,1.0,0.5632513395807703,0.5337050984542269,0.5484782190174986,0.9491712887591258,-0.092824074074074,-0.09435185185185191,0.3589928384320017,0.4135674901021902,0.21042573109859153,0.5778495678420037,0.02954624112654347,0.0015277777777779056,0.006148740153480009,0.2735875135144524,0.1224604417457568,0.11288540219976961,0.0,0.6738129887096409,0.6216209327168367,0.2971110306330091,0.28894203817630776,0.40153263210739937,neutral,01,18,18,female,normal,2100
50,1.6683333333333334,True,1.0,0.522079465324722,0.4998390835220905,0.5109592744234063,0.9731364778635151,-0.09175925925925921,-0.09203703703703703,0.3682018954801282,0.43396626715535097,0.2076480745787882,0.5250643522737924,0.022240381802631548,0.0002777777777778212,0.006476000305039624,0.2660472972972979,0.12217107522877237,0.11336668887826092,0.0,0.9125377117273038,0.6203121695787691,0.2979301285060449,0.2893871229415001,0.4070720898046591,neutral,01,18,18,female,normal,2100
60,2.0020000000000002,True,1.0,0.5344783226875724,0.5144809929135593,0.5244796578005659,0.9677246866229552,-0.09069444444444447,-0.09254629629629624,0.3640747800832438,0.44409283564204066,0.20974004696401638,0.5419719730730748,0.01999732977401314,0.0018518518518517713,0.010168706550609339,0.2851027397260271,0.1212540713282208,0.11434696303787693,0.0,0.6997335805050569,0.6202565181853991,0.297268953204324,0.284001753122321,0.4015005354379584,neutral,01,18,18,female,normal,2100
70,2.3356666666666666,True,1.0,0.541057805982312,0.526550288229299,0.5338040471058054,0.9500927431729468,-0.09097222222222223,-0.0919907407407407,0.3505812227857521,0.43373799144851877,0.21183473035207934,0.561844147259881,0.014507517753013066,0.0010185185185184742,0.009300130751249523,0.27717391304347816,0.12515079265183207,0.11006841903470298,0.0,0.8366002927963037,0.6157579625443929,0.2976273522844459,0.2860869066574488,0.39637342321638636,neutral,01,18,18,female,normal,2100
80,2.6693333333333333,True,1.0,0.5344783226875724,0.5214574810734207,0.5279679018804966,0.74762118646597,-0.09013888888888888,-0.09106481481481477,0.36249040258989446,0.3870828701056418,0.20833919262593822,0.7061970840824058,0.013020841614151735,0.0009259259259258856,0.010952057617796102,0.3514915797742391,0.12371276003540178,0.11168227600865596,0.0,0.6872415869293396,0.6167535570790816,0.29588605629272674,0.2783495105399424,0.39525021201045174,neutral,01,18,18,female,normal,2100
90,3.003,True,1.0,0.5473522877334982,0.5261851474404933,0.5367687175869957,0.7545973104198773,-0.09078703703703694,-0.09180555555555558,0.3647774991386019,0.3905181895282085,0.20695366095743606,0.711331342127795,0.021167140293004927,0.0010185185185186407,0.003405628159533747,0.3458231694563047,0.12220522045228131,0.11332988071971602,0.0,0.7746849400787161,0.617833091689801,0.2960222557591939,0.2775423394896238,0.3951082155898064,neutral,01,18,18,female,normal,2100
100,3.336666666666667,True,1.0,0.581839392829928,0.5541685354849404,0.5680039641574341,0.7484308948022399,-0.09125000000000005,-0.09291666666666665,0.36856168769715997,0.3807064871472454,0.20903106270057495,0.7589263993538368,0.027670857344987643,0.0016666666666665941,0.010962732085896019,0.3551939829771903,0.12410123009795339,0.11125044924949674,0.0,0.6804906073446877,0.6177493743044092,0.2966503121874538,0.280419848974294,0.39497798167843623,neutral,01,18,18,female,normal,2100
0,0.0,True,1.0,0.4923748581226464,0.4716170194168634,0.4819959387697549,0.7409079985416294,-0.09180555555555558,-0.09185185185185185,0.3535908837954717,0.34979731889212134,0.2132302275265817,0.6505476249662501,0.020757838705783016,4.6296296296266526e-05,0.010794738692653955,0.3753755160800456,0.12362290947437224,0.11178172490628234,0.0,0.8413344168944858,0.6189894030112045,0.2872270844967872,0.28301803747051935,0.399737818305515,neutral,01,18,18,female,normal,2101
10,0.33366666666666667,True,1.0,0.46939336499168627,0.45078177860605745,0.46008757179887183,0.7466423503594464,-0.08995370370370365,-0.09092592592592591,0.35000789007254646,0.3525046197923745,0.212535900000594,0.6162087799833185,0.01861158638562882,0.0009722222222222632,0.008869835164875547,0.36497414608865214,0.12425514688480861,0.11107851386544657,0.0,0.935804360606692,0.6179186979010355,0.28681178183409367,0.2847047266206096,0.40040521427939363,neutral,01,18,18,female,normal,2101
20,0.6673333333333333,True,1.0,0.5199234712897148,0.5261857868522268,0.5230546290709708,0.7367812780192255,-0.08986111111111106,-0.09115740740740741,0.35672529793185365,0.36154897538384073,0.21044603400931966,0.709918458402145,0.006262315562512,0.001296296296296351,0.007731394690902193,0.37497965660345134,0.12238234452907067,0.11313858544848047,0.0,0.6894882332788392,0.6179167217277537,0.287913594200551,0.28269989806032125,0.40231946374664146,neutral,01,18,18,female,normal,2101
30,1.0010000000000001,True,1.0,0.5275420945456372,0.5496189693305185,0.5385805319380779,1.1225342645123477,-0.0926851851851852,-0.09236111111111112,0.34164335461840095,0.5044299543061812,0.21111689330988623,0.4797898371254159,0.022076874784881295,0.0003240740740740877,0.009612535598128752,0.22819944781417686,0.12195063481912562,0.11360378707145252,0.0,0.6913439103480885,0.6188341170687024,0.2989296423517174,0.28616821899984435,0.40283900747466245,neutral,01,18,18,female,normal,2101
40,1.3346666666666667,True,1.0,0.5632513395807703,0.5337050984542269,0.5484782190174986,0.9491712887591258,-0.092824074074074,-0.09435185185185191,0.3589928384320017,0.4135674901021902,0.21042573109859153,0.5778495678420037,0.02954624112654347,0.0015277777777779056,0.006148740153480009,0.2735875135144524,0.1224604417457568,0.11288540219976961,0.0,0.6738129887096409,0.6216209327168367,0.2971110306330091,0.28894203817630776,0.40153263210739937,neutral,01,18,18,female,normal,2101
50,1.6683333333333334,True,1.0,0.522079465324722,0.4998390835220905,0.5109592744234063,0.9731364778635151,-0.09175925925925921,-0.09203703703703703,0.3682018954801282,0.43396626715535097,0.2076480745787882,0.5250643522737924,0.022240381802631548,0.0002777777777778212,0.006476000305039624,0.2660472972972979,0.12217107522877237,0.11336668887826092,0.0,0.9125377117273038,0.6203121695787691,0.2979301285060449,0.2893871229415001,0.4070720898046591,neutral,01,18,18,female,normal,2101
60,2.0020000000000002,True,1.0,0.5344783226875724,0.5144809929135593,0.5244796578005659,0.9677246866229552,-0.09069444444444447,-0.09254629629629624,0.3640747800832438,0.44409283564204066,0.20974004696401638,0.5419719730730748,0.01999732977401314,0.0018518518518517713,0.010168706550609339,0.2851027397260271,0.1212540713282208,0.11434696303787693,0.0,0.6997335805050569,0.6202565181853991,0.297268953204324,0.284001753122321,0.4015005354379584,neutral,01,18,18,female,normal,2101
70,2.3356666666666666,True,1.0,0.541057805982312,0.526550288229299,0.5338040471058054,0.9500927431729468,-0.09097222222222223,-0.0919907407407407,0.3505812227857521,0.43373799144851877,0.21183473035207934,0.561844147259881,0.014507517753013066,0.0010185185185184742,0.009300130751249523,0.27717391304347816,0.12515079265183207,0.11006841903470298,0.0,0.8366002927963037,0.6157579625443929,0.2976273522844459,0.2860869066574488,0.39637342321638636,neutral,01,18,18,female,normal,2101
80,2.6693333333333333,True,1.0,0.5344783226875724,0.5214574810734207,0.5279679018804966,0.74762118646597,-0.09013888888888888,-0.09106481481481477,0.36249040258989446,0.3870828701056418,0.20833919262593822,0.7061970840824058,0.013020841614151735,0.0009259259259258856,0.010952057617796102,0.3514915797742391,0.12371276003540178,0.11168227600865596,0.0,0.6872415869293396,0.6167535570790816,0.29588605629272674,0.2783495105399424,0.39525021201045174,neutral,01,18,18,female,normal,2101
90,3.003,True,1.0,0.5473522877334982,0.5261851474404933,0.5367687175869957,0.7545973104198773,-0.09078703703703694,-0.09180555555555558,0.3647774991386019,0.3905181895282085,0.20695366095743606,0.711331342127795,0.021167140293004927,0.0010185185185186407,0.003405628159533747,0.3458231694563047,0.12220522045228131,0.11332988071971602,0.0,0.7746849400787161,0.617833091689801,0.2960222557591939,0.2775423394896238,0.3951082155898064,neutral,01,18,18,female,normal,2101
100,3.336666666666667,True,1.0,0.581839392829928,0.5541685354849404,0.5680039641574341,0.7484308948022399,-0.09125000000000005,-0.09291666666666665,0.36856168769715997,0.3807064871472454,0.20903106270057495,0.7589263993538368,0.027670857344987643,0.0016666666666665941,0.010962732085896019,0.3551939829771903,0.12410123009795339,0.11125044924949674,0.0,0.6804906073446877,0.6177493743044092,0.2966503121874538,0.280419848974294,0.39497798167843623,neutral,01,18,18,female,normal,2101
0,0.0,True,1.0,0.5457151409397507,0.4905930907921776,0.5181541158659642,0.6818368211913433,-0.0891203703703704,-0.08879629629629632,0.38996295914866086,0.2374253216648427,0.21944757343964075,0.7599385949274732,0.0551220501475731,0.0003240740740740877,0.015440056551907862,0.361607142857142,0.1259923938951354,0.10910405331965267,0.0,0.6709623628186262,0.5784644975412041,0.28806007726773486,0.3116457097712346,0.4150024288873786,calm,02,18,18,female,normal,2102
10,0.33366666666666667,True,1.0,0.5150663937025122,0.5066699926260864,0.5108681931642993,0.6772828418388366,-0.08791666666666659,-0.08726851851851858,0.3913672117744259,0.22978080120937275,0.21945313598761015,0.7542907654020614,0.008396401076425808,0.0006481481481480089,0.018147263746537676,0.37163303825730487,0.1247412632940836,0.11053232559690088,0.0,0.688584007560988,0.5797814509866447,0.2880320207826542,0.31233932991098967,0.41686947934069646,calm,02,18,18,female,normal,2102
20,0.6673333333333333,True,1.0,0.44471901783320544,0.4413098695130841,0.4430144436731448,0.6001753418889809,-0.08148148148148154,-0.08134259259259258,0.4212308770839326,0.13588110403397075,0.2139017296661856,0.7381416941902499,0.003409148320121347,0.0001388888888889661,0.01815910775007132,0.44732395739542546,0.1256396449417945,0.10951007893796595,0.0,0.6539705856903196,0.5786823522455857,0.28759924227882366,0.3170026430745403,0.41491132126313285,calm,02,18,18,female,normal,2102
30,1.0010000000000001,True,1.0,0.38920265739873194,0.369383442359954,0.379293049879343,0.7574469921812366,-0.07953703703703702,-0.08120370370370367,0.45421776575041994,0.19459804340784423,0.20834248840561403,0.5007519388083971,0.019819215038777926,0.0016666666666666496,0.02456045885431667,0.35959939045420186,0.12522397416298467,0.10998515383846245,0.0,0.7642471368555215,0.5804552975877852,0.2893072604735933,0.332443497689383,0.44019052499504324,calm,02,18,18,female,normal,2102
40,1.3346666666666667,True,1.0,0.37502428399999294,0.33873366693037094,0.35687897546518194,0.8442080804211418,-0.08101851851851855,-0.0829166666666667,0.42336319330006505,0.2869016706271355,0.2104297193249413,0.42273816579337786,0.036290617069622,0.0018981481481481488,0.024023828450415445,0.3151402794338232,0.1225691189649376,0.11293621582946639,0.0,0.8272534719613176,0.5802739385129052,0.2893661949429262,0.3212270122751417,0.4194635657449971,calm,02,18,18,female,normal,2102
50,1.6683333333333334,True,1.0,0.409008262678803,0.3907800702097501,0.39989416644427656,0.9057376135265739,-0.0834259259259259,-0.08583333333333332,0.4285464228097882,0.30363918447791793,0.2118185226278855,0.44151215591814863,0.01822819246905294,0.0024074074074074137,0.01847301568412801,0.3019618817561515,0.12597792090899015,0.10912076435575722,0.0,0.7695882045235117,0.5781655912521259,0.2882719877065811,0.3333685953306954,0.44353465280484383,calm,02,18,18,female,normal,2102
60,2.0020000000000002,True,1.0,0.4366948480246188,0.3980053697398553,0.417350108882237,0.7755655683588263,-0.08069444444444446,-0.08421296296296293,0.43880703833615214,0.24229770019778776,0.2118232049867014,0.5381235654457833,0.03868947828476349,0.0035185185185184764,0.024711282947022434,0.35174014640638235,0.1239994986811282,0.11136382759517253,0.0,0.7464741704577726,0.5783644990496198,0.28859000131832685,0.3286219702473171,0.43960982159528367,calm,02,18,18,female,normal,2102
70,2.3356666666666666,True,1.0,0.38248864287408524,0.3639030680973124,0.3731958554856988,0.7651184285464688,-0.08037037037037031,-0.08277777777777778,0.4461455095158311,0.24434572899620538,0.21250574440765127,0.4877622098250546,0.018585574776772862,0.002407407407407469,0.023418950940413963,0.3751540885014988,0.12278341689745553,0.11270319562836775,0.0,0.7672413692106155,0.5755336528205033,0.2894316900710503,0.3327593418582388,0.44286266029009386,calm,02,18,18,female,normal,2102
80,2.6693333333333333,True,1.0,0.3415499230653338,0.323773792221312,0.3326618576433229,0.674409093623055,-0.07847222222222217,-0.0820833333333334,0.46276750542261325,0.17365468067562168,0.21250897556871717,0.49326419348262285,0.017776130844021854,0.0036111111111112315,0.021368740179974175,0.4089572567239225,0.1251074678403945,0.11011766098424354,0.0,0.6948888435396763,0.5746038139005603,0.2881254057775731,0.32690126537233455,0.4232248554963864,calm,02,18,18,female,normal,2102
90,3.003,True,1.0,0.1329014319492415,0.12290258602680532,0.1279020089880234,0.6175479391545247,-0.09231481481481485,-0.0944444444444445,0.4453933390065215,0.18097139055222913,0.21390636642410643,0.20711268045543485,0.00999884592243619,0.002129629629629648,0.021902381389057465,0.44636977198256933,0.12454828653678256,0.11074972727139465,0.0,0.6581059180647981,0.5754093205954257,0.28784029383919957,0.3126515167626095,0.4032295251258471,calm,02,18,18,female,normal,2102
100,3.336666666666667,True,1.0,0.3502051495699394,0.3414158103899689,0.3458104799799542,0.5817147021853426,-0.08041666666666658,-0.08296296296296302,0.43768103660987434,0.19389438157034564,0.2138945959961903,0.5944674918492502,0.008789339179970546,0.0025462962962964353,0.02379043576928173,0.469090206197153,0.12446082564868748,0.11084800696789163,0.0,0.7127416445578734,0.577736094711322,0.2876821936572161,0.31483449376380185,0.4101785982187127,calm,02,18,18,female,normal,2102
0,0.0,True,1.0,0.48561354093765036,0.4594277219253968,0.47252063143152356,0.7439266363810149,-0.09143518518518512,-0.09074074074074073,0.377805876806639,0.2899921197793539,0.21458653321087062,0.6351710078969588,0.02618581901225353,0.0006944444444443865,0.011181570676043856,0.35314514016011206,0.12416889555541105,0.11117492139190782,0.0,0.7698450472033097,0.5935316452440351,0.2881762218687442,0.304918504825233,0.41202256083594074,calm,02,18,18,female,normal,2103
10,0.33366666666666667,True,1.0,0.4570157208882123,0.4335615689714976,0.445288644929855,0.7037379682203817,-0.08972222222222226,-0.0893518518518519,0.3857786524513115,0.27160493827160487,0.2138945959961903,0.6327477911358179,0.023454151916714683,0.00037037037037035425,0.012133767613092686,0.36553501156369295,0.12413892781387181,0.11120838264819637,0.0,0.6781792629264972,0.5918287519617222,0.2875184222911015,0.3069179430244717,0.4113951140714141,calm,02,18,18,female,normal,2103
20,0.6673333333333333,True,1.0,0.2504878053418963,0.23581195843089922,0.24314988188639775,0.7398716964093408,-0.09703703703703698,-0.09833333333333327,0.38439882866074415,0.2836050207861511,0.21250035903002762,0.32863790176921814,0.014675846910997076,0.0012962962962962954,0.005850995146635148,0.33748516943462414,0.12468421696004617,0.11059667178991486,0.0,0.6678368324544209,0.5917926421115322,0.28702826729120245,0.30456460853445977,0.4033044542579793,calm,02,18,18,female,normal,2103
30,1.0010000000000001,True,1.0,0.42390827674369896,0.4356601160796111,0.429784196411655,0.7567323283566836,-0.09916666666666657,-0.10129629629629627,0.3952105907699955,0.2822619194518191,0.22640102070531434,0.5679474502496442,0.011751839335912118,0.0021296296296297035,0.017006618056689488,0.33927219126953506,0.12234433440082394,0.11317968726627067,0.0,0.7014591348971493,0.5914492185858718,0.2879773930545471,0.3097407703076174,0.4140046562240335,calm,02,18,18,female,normal,2103
40,1.3346666666666667,True,1.0,0.41665238505655866,0.38011065026274066,0.3983815176596497,0.8605443158686071,-0.08523148148148146,-0.08634259259259264,0.42633890642157896,0.24025621283496773,0.2152777777777778,0.4629413155295036,0.036541734793818004,0.0011111111111111738,0.011857586002164033,0.2924650364810706,0.12285189042767679,0.11262855227785298,0.0,0.7218970678128215,0.5871657672209509,0.2898916177258959,0.32920780580458003,0.43801451685477394,calm,02,18,18,female,normal,2103
50,1.6683333333333334,True,1.0,0.4372235488301822,0.42209752936321815,0.4296605390967002,0.8166908826781212,-0.08638888888888896,-0.085787037037037,0.4294482043637959,0.23727495566903598,0.21742042217090013,0.5260993457986728,0.015126019466964069,0.0006018518518519644,2.1797046486138274e-05,0.3271278872769288,0.12438877875874042,0.11092884876745444,0.0,0.7270610100664773,0.5844092334042993,0.2900493868542169,0.34528805020677117,0.44806263044771466,calm,02,18,18,female,normal,2103
60,2.0020000000000002,True,1.0,0.38643308103289886,0.3748554077447692,0.38064424438883404,0.7400920251374394,-0.08421296296296299,-0.08425925925925914,0.43866409816615254,0.19590001023022807,0.21274256606063233,0.5143201540621197,0.011577673288129642,4.6296296296155504e-05,0.01226519801538324,0.34865726187550744,0.12219482148761722,0.11334109303939532,0.0,0.6713840425754674,0.5867834047447104,0.29014551024546636,0.33715609016783904,0.4374744082152321,calm,02,18,18,female,normal,2103
70,2.3356666666666666,True,1.0,0.3412283948026543,0.3097643097643097,0.325496352283482,0.7619908546144517,-0.08171296296296288,-0.08087962962962975,0.4544341912198305,0.2504877978767788,0.21197982428349174,0.42716569406620375,0.031464085038344636,0.0008333333333331305,0.006984773483733435,0.3720949320523399,0.12253547281848241,0.1129727209149853,0.0,0.6964785043068142,0.583034190957633,0.2900770279597222,0.3387937880537639,0.44574107320463535,calm,02,18,18,female,normal,2103
80,2.6693333333333333,True,1.0,0.3048878535616178,0.3098293912476164,0.3073586224046171,0.6860178104212336,-0.08143518518518517,-0.08231481481481479,0.4706566083605313,0.196718965310525,0.21326457363692128,0.44803300692133713,0.004941537685998587,0.0008796296296296191,0.005761703802542011,0.4138501374992567,0.1240320674918627,0.11132755275997507,0.0,0.7218926659758237,0.5846140696591137,0.2892233551844941,0.33295694624041705,0.4300650122080795,calm,02,18,18,female,normal,2103
90,3.003,True,1.0,0.3974515104022612,0.38382135101405535,0.39063643070815823,0.607000464626899,-0.07893518518518511,-0.07907407407407413,0.44638330444025914,0.191675024271348,0.21459613255719906,0.6435521115264189,0.013630159388205831,0.00013888888888902162,0.005770186239549446,0.4749588513734653,0.12268426196882136,0.11281112371907706,0.0,0.928171661792176,0.5837341142159989,0.2876863916143209,0.31949046978957685,0.41957503132856044,calm,02,18,18,female,normal,2103
100,3.336666666666667,True,1.0,0.39005073987622296,0.4018477770717833,0.39594925847400314,0.6031247478646153,-0.0796296296296296,-0.08000000000000007,0.42567858552535764,0.1954146911138521,0.2125175917580486,0.6564964543005002,0.011797037195560356,0.0003703703703704653,0.007577902466259428,0.4701089059346944,0.12586683758096237,0.10924887627560012,0.0,0.6822007862218271,0.5838774367559524,0.28667457931358487,0.3187937722998648,0.4151671819443112,calm,02,18,18,female,normal,2103
0,0.0,True,1.0,0.47875970626224473,0.4128518838254418,0.44580579504384327,0.8496006181957748,-0.09319444444444441,-0.09337962962962953,0.360826701250255,0.35944641539052025,0.21738954032473,0.5247239532270627,0.06590782243680293,0.00018518518518512161,0.019927407497445267,0.3115384615384614,0.1255317504052637,0.10963374211532863,0.0,0.8821333253308892,0.5856671441701681,0.2859892527284766,0.30603318810972213,0.4067111720221663,calm,02,18,18,female,normal,2104
10,0.33366666666666667,True,1.0,0.47914097229962177,0.44596082606117204,0.46255089918039693,0.8549100594158024,-0.09180555555555553,-0.09180555555555558,0.3568652491598559,0.3419128165466404,0.21809054105509593,0.5410521189755075,0.033180146238449726,5.551115123125783e-17,0.016281598830977965,0.320513692652139,0.1280014037591895,0.10673995693308036,0.0,0.6800095553526153,0.5867034590945753,0.285121816712407,0.31234699221717893,0.41370977549686827,calm,02,18,18,female,normal,2104
20,0.6673333333333333,True,1.0,0.5220794653247222,0.49176831973985935,0.5069238925322908,0.7111445526553398,-0.08277777777777778,-0.08282407407407405,0.3860424878047058,0.26973180076628356,0.21252907946711808,0.7128282015793971,0.03031114558486281,4.6296296296266526e-05,0.013770915653609255,0.3689202201633319,0.12529729851715518,0.10990161397507746,0.0,0.8181536875113636,0.5808635696231618,0.28501871604414614,0.31742263588401637,0.42612661637147187,calm,02,18,18,female,normal,2104
30,1.0010000000000001,True,1.0,0.5515966665478343,0.5174688793869674,0.5345327729674009,0.8676083590187526,-0.07717592592592598,-0.07902777777777775,0.44421387209412055,0.23024114753440192,0.21041992990714237,0.6160991505106597,0.03412778716086695,0.0018518518518517713,0.018245061955603027,0.31961356621732223,0.12370511082295327,0.11169074861491649,0.0,0.6810860221410511,0.5779852369932348,0.28868134934304107,0.33723287160657783,0.4492271746786362,calm,02,18,18,female,normal,2104
40,1.3346666666666667,True,1.0,0.4509192360290497,0.42738503307345194,0.4391521345512508,0.7989245320081101,-0.08180555555555552,-0.08439814814814817,0.4175543309567904,0.2869016706271355,0.2062514796348441,0.5496791210647076,0.02353420295559777,0.0025925925925926463,0.015732458119752414,0.3171744296864653,0.12572272989907554,0.10941468346126475,0.0,0.6463216770965272,0.5880948113229667,0.2925855198980073,0.3255175154139825,0.41725499462404764,calm,02,18,18,female,normal,2104
50,1.6683333333333334,True,1.0,0.14712962417646563,0.1328321213757753,0.13998087277612048,0.8274373208734297,-0.09273148148148153,-0.0964814814814815,0.4165832092040608,0.32981865780779407,0.2041801188701787,0.1691739896725457,0.014297502800690337,0.0037499999999999756,0.01787853080329275,0.3422880874415236,0.12706369656892688,0.10785450748370216,0.0,0.7464663048938955,0.5855588137129852,0.2897023711873588,0.3164602717095013,0.4159596630116742,calm,02,18,18,female,normal,2104
60,2.0020000000000002,True,1.0,0.429841546548049,0.3948313292588868,0.4123364379034679,0.8608908560556634,-0.08263888888888882,-0.08856481481481476,0.4308600486811404,0.3268874348475097,0.2097280427126453,0.4789648246383594,0.035010217289162204,0.005925925925925946,0.02903536162730879,0.33485726080537415,0.12387076689621793,0.11150699923504791,0.0,0.8508215814232457,0.5823825758350215,0.2937136629116184,0.3306909595913306,0.43074355531777847,calm,02,18,18,female,normal,2104
70,2.3356666666666666,True,1.0,0.409600218395248,0.3639030680973119,0.38675164324628,0.766425769368527,-0.08134259259259263,-0.08777777777777784,0.4093805512190642,0.2686695245638135,0.21180699638057288,0.5046172228328545,0.04569715029793614,0.00643518518518521,0.029262577300839792,0.3285980380450426,0.1274179595907256,0.10743575449632715,0.0,0.6961914320471907,0.5846619103344464,0.29444996870148904,0.33552423034566,0.4201432773667319,calm,02,18,18,female,normal,2104
80,2.6693333333333333,True,1.0,0.3466876226407691,0.32683238795073427,0.3367600052957517,0.6942792425632376,-0.08236111111111111,-0.08620370370370373,0.4576721001257879,0.22458902116313684,0.21181852262788545,0.48504979646583385,0.019855234690034806,0.0038425925925926196,0.02664826519367318,0.40554207177386264,0.1265012200235291,0.10851368163845607,0.0,0.6959870879469156,0.5717402587363071,0.28789567787158965,0.33149663122898526,0.4283726359538034,calm,02,18,18,female,normal,2104
90,3.003,True,1.0,0.32235900179201227,0.2956933119678593,0.3090261568799358,0.6758450964759432,-0.08162037037037045,-0.08560185185185187,0.4495031895657845,0.21827640732595385,0.21251759175804866,0.45724406153316766,0.02666568982415296,0.003981481481481419,0.026648265193673172,0.4068845299353729,0.12559157303895482,0.10956520684838984,0.0,0.69959562799818,0.5734170271858744,0.2874217575942115,0.324126722290486,0.4186076572498706,calm,02,18,18,female,normal,2104
100,3.336666666666667,True,1.0,0.3714950600604796,0.3394216567180121,0.3554583583892459,0.6312746450828821,-0.08393518518518517,-0.08638888888888885,0.44432931683997295,0.210387902695595,0.2159810534951401,0.5630803663001175,0.0320734033424675,0.00245370370370368,0.025789258838394974,0.43149609876395323,0.12760803549793664,0.10720992046766327,0.0,0.6931558414825738,0.5749311573066727,0.28604793405307083,0.325226339921136,0.41388999973508855,calm,02,18,18,female,normal,2104
0,0.0,True,1.0,0.4372235488301821,0.42299417155858104,0.43010886019438155,0.808275422817291,-0.0897222222222222,-0.09240740740740744,0.36049934193777333,0.33882872971406963,0.2167458805141059,0.5321315581948689,0.014229377271601062,0.002685185185185235,0.0299511165607597,0.33594833160456516,0.12916611084556215,0.1053275537528393,0.0,0.6285458039266196,0.5834588576602515,0.28591150791073294,0.3106006652968306,0.4113775658797468,calm,02,18,18,female,normal,2105
10,0.33366666666666667,True,1.0,0.4303895422254772,0.4074333312238355,0.41891143672465636,0.7705046678850483,-0.09009259259259256,-0.09185185185185185,0.3623378732841893,0.3132975062100482,0.21603191459856244,0.543684489121296,0.02295621100164169,0.0017592592592592937,0.03534520968886441,0.36372182311348056,0.12713270751581562,0.10777315273309113,0.0,0.7038264900397082,0.5838557980457808,0.2855343513142448,0.30840361626860785,0.409568232218764,calm,02,18,18,female,normal,2105
20,0.6673333333333333,True,1.0,0.6190938603342939,0.5864424699082789,0.6027681651212864,0.7037379682203817,-0.07916666666666661,-0.08171296296296299,0.38597009755732536,0.2839506172839505,0.21323774121093325,0.8565235817040985,0.03265139042601506,0.0025462962962963798,0.021025074594061936,0.37539187991343714,0.12429768406596846,0.1110309123885301,0.0,0.7805491206073679,0.5848365208974214,0.2851983975607454,0.3161254210603626,0.4333037568750147,calm,02,18,18,female,normal,2105
30,1.0010000000000001,True,1.0,0.1619117715279078,0.13290143194924225,0.14740660173857503,0.9086695835296008,-0.09856481481481483,-0.10000000000000003,0.4368526014507381,0.24879680773638835,0.2138892455875565,0.16222244522150125,0.029010339578665556,0.001435185185185206,0.013428145010254288,0.29487664793189455,0.12392659991558905,0.11144494426924008,0.0,0.7725922181674788,0.5803481357855643,0.28931495966343734,0.3273594683321297,0.4372978561583461,calm,02,18,18,female,normal,2105
40,1.3346666666666667,True,1.0,0.2255389718076287,0.2154418214127293,0.220490396610179,0.7850513953364032,-0.09569444444444447,-0.09833333333333333,0.4133495437038864,0.29012768958084456,0.20974550321479402,0.280861097655519,0.01009715039489939,0.0026388888888888573,0.0034456115760231384,0.32640885882768716,0.12451385051971224,0.11078844162937844,0.0,0.7447116227801833,0.5890177836681547,0.29384089218990456,0.31427306303887814,0.40240931711440664,calm,02,18,18,female,normal,2105
50,1.6683333333333334,True,1.0,0.3104056437389772,0.33848959669969925,0.32444762021933826,0.9078908828706824,-0.09388888888888886,-0.09587962962962965,0.45710481683930587,0.30948296669550024,0.2132302275265817,0.3573641131778517,0.028083952960722025,0.001990740740740793,0.0049567848738714376,0.3012599534580599,0.12242344531194448,0.11292552351070477,0.0,0.7071067807446058,0.590443794353679,0.29646513042598494,0.3280863143246173,0.4302725381176093,calm,02,18,18,female,normal,2105
60,2.0020000000000002,True,1.0,0.33369934332586176,0.34175254248577397,0.33772594290581787,0.7538394048277632,-0.09268518518518531,-0.09416666666666668,0.43788948891411117,0.2961416335750737,0.20903690243586573,0.44800781272900064,0.008053199159912205,0.0014814814814813615,0.004708232002813641,0.35384848687965925,0.12656210419225727,0.10844266481740793,0.0,0.6800027340534379,0.5853909536705307,0.2923791702706108,0.32288358831282293,0.4163170259884451,calm,02,18,18,female,normal,2105
70,2.3356666666666666,True,1.0,0.1181211705926583,0.13304161374510196,0.12558139216888012,0.7845537852195021,-0.10314814814814816,-0.10439814814814818,0.431608003316093,0.26150994787800724,0.21390172966618565,0.1600672822370553,0.01492044315244366,0.0012500000000000289,0.0027357973779672346,0.3448599840866851,0.126507021629323,0.10850691797610786,0.0,0.7823347926024411,0.5847247933392108,0.29330323126037905,0.3204533029089941,0.409832420624811,calm,02,18,18,female,normal,2105
80,2.6693333333333333,True,1.0,0.3053989657433717,0.3091276897916437,0.3072633277675077,0.6871985480544491,-0.08898148148148144,-0.0897222222222222,0.4584143429201564,0.1846205054474641,0.21736146211172636,0.4471245299301217,0.0037287240482719586,0.000740740740740764,0.009035777687111404,0.39571704763481863,0.12427613265163125,0.11105503420758703,0.0,0.7211939771455702,0.5777330720491322,0.2871925999636298,0.32317378892214377,0.41439563613673447,calm,02,18,18,female,normal,2105
90,3.003,True,1.0,0.31864542978895005,0.32998293658393846,0.3243141831864442,0.6541137198139225,-0.08587962962962964,-0.08652777777777781,0.4529716928118144,0.17130866987144522,0.21945000707172663,0.49580703379636,0.011337506794988406,0.0006481481481481755,0.0051005719177046474,0.44669286456274193,0.1264441692721257,0.10858015392873942,0.0,0.972381194822833,0.5770674919186425,0.2890299827998362,0.326655827567753,0.41603381245195276,calm,02,18,18,female,normal,2105
100,3.336666666666667,True,1.0,0.3397531906000964,0.3618580090208994,0.35080559981049786,0.6234948795746524,-0.08449074074074076,-0.08578703703703705,0.443813683982224,0.17435928805184486,0.21805695508330955,0.5626439146538253,0.022104818420802974,0.0012962962962962954,0.007828156683214356,0.44839327917410615,0.12605212899774293,0.10903503356844096,0.0,0.9143039835137098,0.5748605308529662,0.2871144007087332,0.3210441802785902,0.4096095097760259,calm,02,18,18,female,normal,2105
0,0.0,True,1.0,0.3823344028080166,0.38011065026274177,0.3812225265353792,0.628113208832629,-0.09083333333333338,-0.09310185185185182,0.39832591835375813,0.2606675209716815,0.2139117164045099,0.6069328286279714,0.0022237525452748486,0.0022685185185184475,0.02998277912449783,0.4036520758769966,0.12550134675664787,0.10966854486284233,0.0,0.6925925482428068,0.5803581815929497,0.2872694760036228,0.3070788805250701,0.40821189163437105,calm,02,18,18,female,strong,2106
10,0.33366666666666667,True,1.0,0.38844678006624095,0.3722227583204417,0.3803347691933413,0.6401388738217504,-0.08833333333333337,-0.0923148148148148,0.3996094615853112,0.2725925925925927,0.21115483506027868,0.5941441533189051,0.016224021745799233,0.003981481481481419,0.025239008744463283,0.40658363074304266,0.12658105492217725,0.10842054374064351,0.0,0.8320764820839482,0.5793420046925021,0.2873432038870208,0.3108298317697994,0.40941716857833044,calm,02,18,18,female,strong,2106
20,0.6673333333333333,True,1.0,0.3226519977750516,0.29551257312145124,0.30908228544825145,0.7023123648202563,-0.09023148148148147,-0.09263888888888888,0.4180844470120743,0.24911535739561214,0.2097662356734104,0.44009233060755704,0.027139424653600364,0.0024074074074074137,0.02730060095936178,0.3721874894180853,0.12450128484442195,0.11080256243436308,0.0,0.7455742301112444,0.5801640193733745,0.2881011615983875,0.30927349521949266,0.4087630798411106,calm,02,18,18,female,strong,2106
30,1.0010000000000001,True,1.0,0.28990039548610264,0.28662897857289854,0.2882646870295006,0.8110781803653949,-0.0943518518518518,-0.09796296296296292,0.4544469724960966,0.24945875122966132,0.21389031567999045,0.35540924908081717,0.003271416913204095,0.0036111111111111205,0.028711877875360066,0.33904365947171244,0.12436855850949001,0.11095151835002803,0.0,0.6840750869024865,0.5879185961025036,0.2972918313180994,0.3283595768741193,0.4378180997742944,calm,02,18,18,female,strong,2106
40,1.3346666666666667,True,1.0,0.27716780944619845,0.25034891684251587,0.2637583631443572,0.9375891367205351,-0.0935185185185185,-0.09560185185185177,0.4411445859976792,0.30691042025053167,0.21389031567999045,0.2813155067761573,0.026818892603682587,0.0020833333333332704,0.026619705218594525,0.27804560978163395,0.11853517664155709,0.11716309004049434,0.0,0.785004466838929,0.6394470806603891,0.3125582269217389,0.30621756353624713,0.4709032931693866,calm,02,18,18,female,strong,2106
50,1.6683333333333334,True,1.0,0.34544831277818344,0.34426952836837055,0.344858920573277,0.8661499538936733,-0.09004629629629624,-0.09157407407407414,0.43515055296362765,0.2704313127569443,0.21111111111111114,0.39815151986443575,0.0011787844098128941,0.0015277777777779056,0.03191669734998529,0.295050053869406,0.12351767195913,0.11189800035575091,0.0,0.7346101434151111,0.583832165061337,0.2984564900721623,0.33572909540212326,0.44548137834517143,calm,02,18,18,female,strong,2106
60,2.0020000000000002,True,1.0,0.31678624203156097,0.26823788647505353,0.2925120642533072,0.7845294010757524,-0.08962962962962961,-0.09333333333333327,0.4407158246582845,0.2702197122345531,0.21250574440765127,0.37285035315720805,0.04854835555650744,0.0037037037037036535,0.02973493414974918,0.3429683853696383,0.12277163582008083,0.11271602906328942,0.0,0.8496499131117488,0.5856595166347789,0.2982033976474629,0.330120405894959,0.42874370860405286,calm,02,18,18,female,strong,2106
70,2.3356666666666666,True,1.0,0.3217447618693352,0.28501463981958114,0.3033797008444582,0.7062059333248496,-0.08847222222222217,-0.09217592592592588,0.42632974440871024,0.2533137968411186,0.21042573109859153,0.42959098264175266,0.036730122049754066,0.003703703703703709,0.034051370884769186,0.36102142619887867,0.12600918961804622,0.10908465475020598,0.0,0.9224228784608989,0.581975761007528,0.29482458639880194,0.33015626371805634,0.41419351336587884,calm,02,18,18,female,strong,2106
80,2.6693333333333333,True,1.0,0.1252335698442771,0.12810322798370585,0.12666839891399148,0.6954418422589098,-0.09439814814814818,-0.09847222222222218,0.4677328441973905,0.23678257927414267,0.20559266817864785,0.18214089405744072,0.0028696581394287435,0.004074074074074008,0.03286285326209971,0.40038704732634917,0.12476855670384478,0.11050151595358204,0.0,0.8253471559200498,0.5822654121961285,0.29327485144392273,0.32034509424913477,0.41920169226674603,calm,02,18,18,female,strong,2106
90,3.003,True,1.0,0.3401970651134526,0.33714113508494314,0.3386691000991979,0.6788107714414632,-0.08893518518518512,-0.0926851851851852,0.44918095716261613,0.26092478945497866,0.20839521379171216,0.49891533008533406,0.003055930028509457,0.0037500000000000866,0.030109271583284206,0.3990253117915733,0.12416131154608089,0.11118339122814386,0.0,0.7008334747314362,0.5846999208745998,0.29264981874257356,0.3155361419164616,0.4120715713289815,calm,02,18,18,female,strong,2106
100,3.336666666666667,True,1.0,0.28870087770256647,0.2679503394316588,0.27832560856711264,0.6672932491317858,-0.08671296296296288,-0.09060185185185182,0.4336843812740006,0.25283203466935184,0.2104877213465755,0.41709639491968736,0.02075053827090767,0.0038888888888889417,0.02861480280564514,0.40034652174200297,0.12632587331713624,0.10871776074238185,0.0,0.8086638816590375,0.5870796129701881,0.2920576793143092,0.31609211731435105,0.40854403931742966,calm,02,18,18,female,strong,2106
0,0.0,True,1.0,0.41666666666666685,0.4116933922583925,0.4141800294625297,0.671422459347669,-0.08990740740740744,-0.09185185185185185,0.380270426060201,0.2921297179799849,0.21112412083566,0.6168694890917602,0.004973274408274331,0.0019444444444444153,0.023936805197508355,0.39574745995487703,0.12718175255946018,0.10771527090530965,0.0,0.6919691005790464,0.5831417332714336,0.2890860244739899,0.31267588483106423,0.4121576199944495,calm,02,18,18,female,strong,2107
10,0.33366666666666667,True,1.0,0.416025147168922,0.3941063967921294,0.40506577198052574,0.6651410972042698,-0.0910185185185185,-0.09175925925925926,0.39194493915193207,0.27208894664270794,0.2125229766989913,0.6089922479352181,0.02191875037679264,0.000740740740740764,0.02195769061031892,0.37882582801059983,0.12456594494120267,0.11072986557722207,0.0,0.7952624726134949,0.5823623982405464,0.28898510933724125,0.307818947786896,0.41079964807462577,calm,02,18,18,female,strong,2107
20,0.6673333333333333,True,1.0,0.35588824014984277,0.3252933598001776,0.3405907999750102,0.662599552299134,-0.08685185185185179,-0.08824074074074073,0.4097770036258286,0.24400871459695,0.20766864904976134,0.5140220798417453,0.030594880349665177,0.0013888888888889395,0.026104003554702812,0.39611967220077904,0.12600731692866823,0.10908681795031755,0.0,0.7044665166280754,0.5823477948210535,0.2892518652132322,0.3119522425837073,0.41004178594546226,calm,02,18,18,female,strong,2107
30,1.0010000000000001,True,1.0,0.280627944559029,0.285522893187798,0.2830754188734135,0.8023294295779644,-0.09092592592592591,-0.09861111111111115,0.43444631835553577,0.27640652472263216,0.21250897556871717,0.3528169458053094,0.004894948628768991,0.007685185185185239,0.027727075495642618,0.33464534776152866,0.12425651065075295,0.11107698830452059,0.0,0.6915782432295263,0.5824628511170094,0.2896387542530714,0.32740754809791656,0.4388914499898404,calm,02,18,18,female,strong,2107
40,1.3346666666666667,True,1.0,0.3023811324852141,0.29946104627282805,0.30092108937902107,0.8428193711670161,-0.09953703703703703,-0.10342592592592587,0.41329219128764705,0.30737312730132016,0.219456960157552,0.35704102168694635,0.0029200862123860416,0.0038888888888888307,0.031158760953031456,0.31268061248157064,0.12288274996387306,0.11259488234822546,0.0,0.7071067807446058,0.5914386540319253,0.29531580682830644,0.31910406946823094,0.41497724217281984,calm,02,18,18,female,strong,2107
50,1.6683333333333334,True,1.0,0.3083637799783498,0.30884996528750897,0.3086068726329294,0.9309039471172313,-0.09412037037037041,-0.09814814814814815,0.41943888916607397,0.36981282935548526,0.21389780617713006,0.33151312075601896,0.0004861853091591706,0.004027777777777741,0.03323435371070576,0.2854208189184229,0.1254275247130322,0.10975296722380679,0.0,0.829787296181606,0.589234413413803,0.2965752135464506,0.33228714671952947,0.43794270769217714,calm,02,18,18,female,strong,2107
60,2.0020000000000002,True,1.0,0.2837013989623384,0.25359387566497665,0.26864763731365754,0.7982816135431255,-0.09388888888888886,-0.0973148148148148,0.41533593795095963,0.3304500503596072,0.2118185226278855,0.3365324125671402,0.03010752329736177,0.0034259259259259434,0.03488163146093755,0.3304342293877124,0.12482165964644538,0.11044152775566311,0.0,0.700105722764155,0.5912469659738895,0.2935065013609153,0.3200034486864484,0.4211093653379425,calm,02,18,18,female,strong,2107
70,2.3356666666666666,True,1.0,0.20680100110086158,0.18027210087195747,0.19353655098640954,0.731684982518696,-0.0985185185185185,-0.10212962962962963,0.4144924397022764,0.296960418885283,0.20904091715924558,0.2645080268289698,0.026528900228904112,0.0036111111111111205,0.02704368045243076,0.34279853306987496,0.12360181595504124,0.11180504846620269,0.0,0.6653980818946229,0.5889860449883078,0.2936891418497,0.314032914126224,0.4060977219755668,calm,02,18,18,female,strong,2107
80,2.6693333333333333,True,1.0,0.3173778691962415,0.290550742575879,0.30396430588606027,0.7917353186904101,-0.09009259259259261,-0.09472222222222221,0.44268437247108855,0.28339586922495275,0.20626812479547255,0.38392161965041566,0.026827126620362518,0.004629629629629595,0.025626168687032533,0.33457772747360814,0.12557242644613564,0.10958715018870953,0.0,0.6979871877413503,0.5873928329613095,0.2945998545169773,0.3198634292977891,0.42607873807781593,calm,02,18,18,female,strong,2107
90,3.003,True,1.0,0.3310692272442596,0.3131198691965944,0.322094548220427,0.718964861110141,-0.0886574074074073,-0.09259259259259267,0.44662359617961483,0.24832989510414222,0.20835676951512228,0.44799762219684347,0.017949358047665176,0.003935185185185375,0.028802505224314306,0.37232925726000554,0.12604741990951007,0.10904047736638542,0.0,0.6774258230136477,0.5884419741412191,0.29428801432491136,0.3174395138154104,0.4144105431780218,calm,02,18,18,female,strong,2107
100,3.336666666666667,True,1.0,0.3506882000181456,0.3076463651090853,0.32916728256361544,0.7072960574030025,-0.08879629629629632,-0.09305555555555561,0.4360901376231242,0.25556166411475584,0.20559266817864785,0.46538826156083435,0.04304183490906033,0.004259259259259296,0.028297378334540966,0.3645432776009882,0.12454961646036239,0.11074823163194943,0.0,0.7661386215613133,0.5951592880667892,0.2935567032557616,0.31059345557495294,0.4113213132659791,calm,02,18,18,female,strong,2107
0,0.0,True,1.0,0.4985161170569285,0.45503057676144565,0.47677334690918705,0.6708986462724164,-0.08856481481481487,-0.08731481481481473,0.38446080131644067,0.25467918774797554,0.2145847555070186,0.7106488432465768,0.04348554029548285,0.0012500000000001399,0.011780484571764628,0.38539575817577015,0.12645105227866205,0.10857213799066769,0.0,0.8539559451221624,0.5857888780355892,0.2867002917292972,0.31067207845836553,0.4144982814965275,calm,02,18,18,female,strong,2108
10,0.33366666666666667,True,1.0,0.48506823975667424,0.43977090876239106,0.4624195742595326,0.6482278921631844,-0.08916666666666667,-0.08930555555555553,0.3965901912837344,0.2220780741670172,0.2138920991554833,0.7133595759300086,0.04529733099428318,0.0001388888888888551,0.016032953835760224,0.38586129952687015,0.1252508768061549,0.10995451618424865,0.0,0.8259056479928407,0.5849868836831608,0.28660608872245247,0.3080112665587545,0.41443775073912675,calm,02,18,18,female,strong,2108
20,0.6673333333333333,True,1.0,0.537409362378722,0.5257786564056669,0.5315940093921945,0.6316805314053314,-0.08083333333333326,-0.08212962962962961,0.4008791058736809,0.2264387585669882,0.21319444444444446,0.8415551579681118,0.011630705973055155,0.001296296296296351,0.008455616564015087,0.4032791747137149,0.12604862244920342,0.10903908725258815,0.0,0.6803018232346043,0.5842273486894758,0.28628075799628205,0.31798227005692126,0.4307910083029262,calm,02,18,18,female,strong,2108
30,1.0010000000000001,True,1.0,0.20005229773346936,0.21711338092586716,0.20858283932966826,0.9058432725220008,-0.11305555555555546,-0.11662037037037043,0.4186564179546839,0.283013066858407,0.22638888888888886,0.2302637174187351,0.017061083192397797,0.003564814814814965,0.009946487921452325,0.29524682281580805,0.12278399212575611,0.11270256894760643,0.0,0.7117548565282262,0.5881109803061849,0.2948002981472663,0.31576294101033936,0.42853443377781,calm,02,18,18,female,strong,2108
40,1.3346666666666667,True,1.0,0.28084957515990683,0.26812174516377635,0.2744856601618416,0.8206899880295907,-0.09861111111111115,-0.10310185185185183,0.42274124646142525,0.28646684820511553,0.2138945959961903,0.33445718135402036,0.01272782999613048,0.004490740740740684,0.013923371388002122,0.3236797857038174,0.12161272381997426,0.11396544728451959,0.0,0.6620254403839884,0.5893545226059174,0.2960923726714339,0.31964281571965497,0.41534292448591476,calm,02,18,18,female,strong,2108
50,1.6683333333333334,True,1.0,0.28889391606021253,0.300398583479221,0.29464624976971676,0.8284535517005973,-0.09805555555555562,-0.10388888888888886,0.43849285814767097,0.33331097931268305,0.20625036990970622,0.3556581405980884,0.011504667419008463,0.005833333333333246,0.02501207863044776,0.32356546649695617,0.12413114019923152,0.11121707514043838,0.0,0.6627946380492022,0.5902941580772935,0.29523121053269585,0.32726973672633575,0.44084081488846855,calm,02,18,18,female,strong,2108
60,2.0020000000000002,True,1.0,0.2997275641425421,0.2948497702237077,0.29728866718312486,0.8938927589106108,-0.09865740740740747,-0.10486111111111102,0.41352647337473786,0.4239268530330089,0.20833479817193357,0.3325775538728284,0.004877793918834417,0.006203703703703545,0.02863823148570215,0.3110816486901006,0.12175112840505219,0.11381757553938329,0.0,0.868384845361616,0.5952116806175596,0.2932543116983564,0.31895319087179597,0.4367444290991333,calm,02,18,18,female,strong,2108
70,2.3356666666666666,True,1.0,0.2635664768502503,0.2916721485452156,0.277619312697733,0.7728975673886963,-0.09787037037037039,-0.10546296296296298,0.4186282620478148,0.3123979044418863,0.20903690243586584,0.35919289232038176,0.028105671694965306,0.007592592592592595,0.021799367897409373,0.3062516661753401,0.12098938380180103,0.11462698973950555,0.0,0.7869727173759123,0.5910664374968737,0.2956038900716957,0.3167362897767625,0.4212063268772871,calm,02,18,18,female,strong,2108
80,2.6693333333333333,True,1.0,0.24786465200541966,0.2675166424149952,0.2576906472102074,0.7482567004832765,-0.09384259259259259,-0.09986111111111118,0.45941464481188704,0.25968458616184276,0.21321734630882008,0.34438802491681364,0.01965199040957552,0.00601851851851859,0.027737101344951012,0.3750740165837807,0.1244985307455571,0.11080565695028795,0.0,0.719363289972081,0.5899780020914616,0.29655338864822356,0.3199495947565898,0.426135562671396,calm,02,18,18,female,strong,2108
90,3.003,True,1.0,0.3277890209917077,0.29566455273971587,0.31172678686571176,0.7239443656967285,-0.09300925925925929,-0.09759259259259251,0.4504357029444621,0.25543113554476465,0.21250035903002762,0.43059494850229824,0.03212446825199183,0.004583333333333217,0.023743530973578,0.3806815695654253,0.12319162053933402,0.11225685902744896,0.0,0.7974353572178595,0.5911416274009604,0.2961338747945988,0.3089377434043386,0.4125705269349806,calm,02,18,18,female,strong,2108
100,3.336666666666667,True,1.0,0.3191519264906921,0.28494019960621497,0.3020460630484535,0.680472182153628,-0.08967592592592594,-0.09361111111111103,0.4368102697630986,0.2303971893595128,0.2159725754800724,0.4438771649599359,0.0342117268844771,0.003935185185185097,0.022109472958879904,0.3990457681060335,0.1233793473561949,0.1120504993997669,0.0,0.8554737033395224,0.5841414228425745,0.2907982903697991,0.31145203623379736,0.41469651169851013,calm,02,18,18,female,strong,2108
0,0.0,True,1.0,0.4377135025044694,0.4067602318966289,0.42223686720054915,0.6814672360765391,-0.08680555555555558,-0.08828703703703705,0.3884006029813039,0.285958432493666,0.212503231248411,0.6195996591582659,0.030953270607840477,0.0014814814814814725,0.006745315842364219,0.3816771744264226,0.12865114548159154,0.10595593676959342,0.0,0.8026520035049909,0.5834564172387705,0.28545303672544065,0.3130049570475669,0.4070115202386823,calm,02,18,18,female,strong,2109
10,0.33366666666666667,True,1.0,0.4174901165794805,0.4134039293004275,0.415447022939954,0.6695123007999363,-0.08462962962962961,-0.08476851851851858,0.38892030643531506,0.2799778712436099,0.20833919262593822,0.6205218671017336,0.004086187279052966,0.0001388888888889661,0.014927896414217457,0.36818181818181855,0.12658305460528377,0.10841820906568954,0.0,0.7284048552911729,0.5825721940338636,0.2851001692942556,0.309641670216784,0.40823754986255884,calm,02,18,18,female,strong,2109
20,0.6673333333333333,True,1.0,0.4234427679838122,0.3932200457736344,0.40833140687872327,0.6723719692980689,-0.08634259259259258,-0.08648148148148149,0.39438695013994246,0.2580907348427495,0.20972258600760627,0.6072998660324967,0.0302227222101778,0.0001388888888889106,0.01702526192597216,0.3816194294691743,0.1240463582415818,0.11079696265787055,0.0,0.8637156772594964,0.5798991792576406,0.28640788237925746,0.3060285396542471,0.40554255759669305,calm,02,18,18,female,strong,2109
30,1.0010000000000001,True,1.0,0.1914753093983629,0.17257349362409677,0.18202440151122984,0.7675565248040935,-0.08500000000000008,-0.08861111111111108,0.45016317118650173,0.23656861824949496,0.20624999999999993,0.23714787853270955,0.01890181577426614,0.0036111111111110095,0.017726234845087594,0.36214678327971117,0.1249937904886374,0.11024667845027962,0.0,0.8243412264239931,0.5779835053083735,0.2882355331767835,0.32698194049930096,0.42821087311864003,calm,02,18,18,female,strong,2109
40,1.3346666666666667,True,1.0,0.31406040230658483,0.2709056261457341,0.29248301422615947,0.7676406799942727,-0.08513888888888893,-0.08638888888888896,0.43141053763144743,0.27941509202263815,0.2055570401891299,0.38101552177816017,0.04315477616085073,0.0012500000000000289,0.024949629968078927,0.3455520971798778,0.12293312898299083,0.11237045706321525,0.0,0.7428077787042793,0.5755754738223415,0.2890508518020202,0.32734635227657144,0.4196923525406374,calm,02,18,18,female,strong,2109
50,1.6683333333333334,True,1.0,0.10632181714933708,0.10811739509012469,0.10721960611973089,0.8033032077691464,-0.09513888888888883,-0.09879629629629633,0.43577042721755005,0.27844712182061565,0.20348159600640797,0.1334733947067017,0.0017955779407876071,0.003657407407407498,0.022172762119647475,0.33746203765602467,0.12362291130614321,0.11161115366536684,0.0,0.7870494487509667,0.585629751173907,0.29352579691056635,0.31237214854245665,0.41954660550090117,calm,02,18,18,female,strong,2109
60,2.0020000000000002,True,1.0,0.2869470586221827,0.271414844966704,0.27918095179444335,0.8535124104416147,-0.08569444444444435,-0.0894907407407407,0.43605126811062406,0.3023881088214269,0.20626812479547255,0.3270965347182154,0.015532213655478744,0.003796296296296353,0.025207853143360347,0.3134196644887422,0.12444904871591017,0.11086122876646388,0.0,0.8011614409130561,0.5848602907569278,0.2954330754422346,0.33318978830012397,0.4377769806415974,calm,02,18,18,female,strong,2109
70,2.3356666666666666,True,1.0,0.2642750707294759,0.26245415472036304,0.2633646127249195,0.6922684726081244,-0.08287037037037037,-0.08657407407407414,0.4412050791426181,0.22867306568397927,0.20625591847568883,0.38043710373331346,0.0018209160091128829,0.0037037037037037646,0.027929855017424954,0.35566025210993163,0.12354677704837756,0.11186586454714746,0.0,0.7599119764035436,0.5738735636363921,0.29087619749309523,0.3344958813765708,0.4248298754910264,calm,02,18,18,female,strong,2109
80,2.6693333333333333,True,1.0,0.27280367573947234,0.27090562614573416,0.27185465094260325,0.7029085950170308,-0.08310185185185176,-0.08666666666666673,0.45414029540477424,0.21700790209480786,0.20556483433948203,0.38675676022430266,0.0018980495937381825,0.003564814814814965,0.01866179235504424,0.3806815695654259,0.12377318077307042,0.11161531029046672,0.0,0.6749686896541113,0.5737921463507278,0.28966136886563565,0.3248347696121278,0.4287282821841071,calm,02,18,18,female,strong,2109
90,3.003,True,1.0,0.28748470661138437,0.2619198442383848,0.27470227542488457,0.6623734795379246,-0.08222222222222225,-0.08564814814814814,0.44740089336188743,0.21020190136128272,0.20695771609312427,0.4147241456836684,0.02556486237299954,0.003425925925925888,0.021013313713756917,0.41979238056541945,0.125856867812198,0.10926036149799641,0.0,0.6935725015564638,0.5755477192205007,0.2889016639072281,0.32389775438359075,0.41813532990584323,calm,02,18,18,female,strong,2109
100,3.336666666666667,True,1.0,0.3333877413175569,0.31128252007608853,0.32233513069682274,0.6067515059627381,-0.08236111111111111,-0.08532407407407411,0.43632953853233236,0.22742857949050369,0.20625591847568878,0.5312473517232902,0.022105221241468354,0.0029629629629630005,0.024864552621302122,0.44320375840177867,0.1241214747556464,0.11105644207695105,0.0,0.8174088980458298,0.5796785663171519,0.2885787056600908,0.31736453598376696,0.40797824345098394,calm,02,18,18,female,strong,2109
0,0.0,True,1.0,0.5344783226875737,0.4941622631734769,0.5143202929305253,0.6743140876550966,-0.087824074074074,-0.08722222222222215,0.39375740116379704,0.25132210741421057,0.21458368887763832,0.7627310512213321,0.04031605951409678,0.0006018518518518534,0.01714062930398779,0.3992569417155772,0.12710526936746644,0.1078055113133485,0.0,0.6230801309864147,0.6022632186937276,0.2934932724039604,0.3041278688069167,0.412631327812179,happy,03,18,18,female,normal,2110
10,0.33366666666666667,True,1.0,0.5194638645783759,0.4669167743752217,0.4931903194767988,0.7227987753926935,-0.0849537037037037,-0.08583333333333326,0.38830324352476114,0.2571621955754235,0.21261629400533374,0.6823341935089066,0.05254709020315418,0.0008796296296295636,0.0304771922309408,0.37321143533511514,0.12198680971022022,0.11356494188973651,0.0,0.6764182535050313,0.5941419666225866,0.2936312660919797,0.3002477138402974,0.4064557712337082,happy,03,18,18,female,normal,2110
20,0.6673333333333333,True,1.0,0.49212366117951517,0.4710656877745316,0.4815946744770234,0.6919540633018433,-0.08282407407407405,-0.08444444444444443,0.39933594692076596,0.23855997737542023,0.21598493914082864,0.6959922630975907,0.021057973404983554,0.0016203703703703831,0.020436229648879548,0.39792808320509226,0.12576543942215576,0.10936558881620581,0.0,0.631259934618867,0.5919945911020659,0.28819012733024885,0.3120357312337786,0.4182709165079064,happy,03,18,18,female,normal,2110
30,1.0010000000000001,True,1.0,0.48117508067008125,0.4621133859659972,0.47164423331803923,0.818323514772611,-0.1045833333333333,-0.1044444444444444,0.48934854180274256,0.15967288093124135,0.23614342163013122,0.5763542471941502,0.01906169470408403,0.0001388888888889106,0.003671221172573552,0.3363492027289242,0.11713141639235473,0.11840568025042222,0.0,0.9999999987499999,0.6464984065579357,0.31559424388981505,0.3090260818105899,0.47433177085033557,happy,03,18,18,female,normal,2110
40,1.3346666666666667,True,1.0,0.4708485909439156,0.4249772431687341,0.44791291705632486,0.8062364132964441,-0.10300925925925924,-0.10476851851851848,0.49735324733726394,0.15540479304375607,0.24098361987234432,0.5555602670250919,0.04587134777518154,0.0017592592592592382,0.009289234673623794,0.33226628264949404,0.11601360274813025,0.11966044353381367,0.0,0.6347919974694052,0.6380999990308623,0.31243117274234283,0.3096569053944053,0.4590825198872526,happy,03,18,18,female,normal,2110
50,1.6683333333333334,True,1.0,0.6256042264026269,0.5727054822994682,0.5991548543510475,0.8213898179509718,-0.09226851851851842,-0.09166666666666667,0.42479505739409906,0.2249782035460633,0.2333362760812387,0.7294403232872929,0.05289874410315876,0.0006018518518517424,0.006195733313459815,0.30043343808447126,0.12492689120140538,0.1103224801430555,0.0,0.6786747595649684,0.5744452107561776,0.2967203949154615,0.35392700621781664,0.45777278765053375,happy,03,18,18,female,normal,2110
60,2.0020000000000002,True,1.0,0.5219453619161647,0.499267124309127,0.5106062431126459,0.7581931631696229,-0.08759259259259261,-0.08768518518518514,0.43996650332334497,0.2057687147771216,0.22847756505488778,0.673451394599839,0.022678237607037688,9.259259259253305e-05,0.010322631365808544,0.36184249250760914,0.1230219323047364,0.11244279408563916,0.0,0.9999999987499999,0.5746171840533087,0.2943850359060551,0.34101423100419465,0.43954795502420435,happy,03,18,18,female,normal,2110
70,2.3356666666666666,True,1.0,0.42357774079432325,0.3811011281461581,0.4023394344702407,0.7092523924687093,-0.08337962962962958,-0.08430555555555558,0.48773151514283547,0.15543412264723758,0.2215332880932581,0.5672725798919191,0.04247661264816516,0.0009259259259259967,0.011576716156734683,0.3929327945163886,0.12167691218742696,0.11389691308434285,0.0,0.7517582627065833,0.5752401908028837,0.29180715187424267,0.3328632882998031,0.4375641707320821,happy,03,18,18,female,normal,2110
80,2.6693333333333333,True,1.0,0.3504783333593177,0.3414893146557677,0.3459838240075427,0.6992420357631868,-0.08351851851851855,-0.0855555555555556,0.48776343026865276,0.1408023899039484,0.2194531359876101,0.49479837640184077,0.008989018703550011,0.0020370370370370594,0.017723136805300726,0.3908241304804214,0.12615725110942544,0.1089133865180441,0.0,0.6702550694214402,0.5774541382646808,0.2907086043797339,0.3362038335077523,0.43941867214207575,happy,03,18,18,female,normal,2110
90,3.003,True,1.0,0.322535884604453,0.34848105408957825,0.3355084693470156,0.6940116780016264,-0.0819907407407407,-0.08240740740740743,0.4833301204418286,0.13879785439627576,0.21809054105509593,0.48343346370351614,0.025945169485125263,0.0004166666666667318,0.008033941476025085,0.3947724986324595,0.12478626641447148,0.11048151648258298,0.0,0.6872147757624105,0.5847964280555972,0.29277934032952757,0.3345616210383352,0.44497505229853257,happy,03,18,18,female,normal,2110
100,3.336666666666667,True,1.0,0.31986347567827983,0.34426952836837055,0.3320665020233252,0.6913484275799039,-0.0817592592592592,-0.08324074074074073,0.4808588894212049,0.15529774734634608,0.21667546963537446,0.4803171436807036,0.024406052690090718,0.001481481481481528,0.004729060152481232,0.3923633789272339,0.12238719509835158,0.11313333834735717,0.0,0.9013378907557089,0.5897086698194903,0.29170388126664704,0.329413923707638,0.44319999287472145,happy,03,18,18,female,normal,2110
0,0.0,True,1.0,0.473015914735258,0.463330329634795,0.4681731221850265,0.600248992163563,-0.08893518518518528,-0.0879166666666667,0.4068136558592903,0.22207807416701625,0.20902923774983864,0.7799648617443294,0.009685585100463023,0.0010185185185185852,0.006182905261346498,0.4274729498332503,0.12648220519127412,0.10853584449414211,0.0,0.8157573425244803,0.5988909167885904,0.2920883446218741,0.3062871919339717,0.4159824533168176,happy,03,18,18,female,normal,2111
10,0.33366666666666667,True,1.0,0.4655544098319661,0.44130986951308293,0.4534321396725245,0.6152170265203952,-0.08833333333333326,-0.08671296296296288,0.4137694552345668,0.19521309495358635,0.2159725754800724,0.7370279431911865,0.02424454031888318,0.0016203703703703831,0.011841239673036469,0.4223130806761824,0.12233916567450659,0.11318527427095053,0.0,0.8668255294970422,0.600606572871336,0.29280158885199487,0.30343703345796597,0.4156326586573004,happy,03,18,18,female,normal,2111
20,0.6673333333333333,True,1.0,0.623619547510093,0.6056236973920152,0.6146216224510541,0.7994404594000799,-0.09305555555555545,-0.09796296296296303,0.47411683121600773,0.1816910135000184,0.22569748679172755,0.7688147569016979,0.017995850118077805,0.004907407407407582,0.012725378009505921,0.33628982417324105,0.1202652160734882,0.11538654848972703,0.0,0.7677001649565626,0.590859871980042,0.29511730008048465,0.34811197452020337,0.4661871105488487,happy,03,18,18,female,normal,2111
30,1.0010000000000001,True,1.0,0.4477610229422437,0.45054876068321087,0.4491548918127273,0.8277117673067625,-0.08532407407407411,-0.08648148148148149,0.5204595393002381,0.18341340298274803,0.2132073270458541,0.5426464979158181,0.002787737740967189,0.0011574074074073848,0.012234846592646592,0.32599431818181807,0.1212185473957691,0.11438462106754857,0.0,0.6490685570542479,0.5786253260210334,0.29448958729738933,0.34142169600954486,0.45540050178865726,happy,03,18,18,female,normal,2111
40,1.3346666666666667,True,1.0,0.4509525505795115,0.4091710118604944,0.43006178122000294,0.8139352346771734,-0.09398148148148144,-0.09930555555555554,0.513610220996526,0.11356992905101626,0.23554626318558827,0.5283734662139008,0.041781538719017075,0.005324074074074092,0.006366074768622465,0.321329953375901,0.11926430859219996,0.11625703642279189,0.0,0.7265934714774462,0.5819601316933023,0.2933285702739703,0.34219269700642574,0.44459240592800264,happy,03,18,18,female,normal,2111
50,1.6683333333333334,True,1.0,0.45525897506967494,0.3949858046091433,0.4251223898394091,0.5270835987449078,-0.10078703703703706,-0.10152777777777777,0.4260231784886234,0.1260323076584625,0.23907277523709788,0.8065559065994675,0.060273170460531655,0.0007407407407407085,0.007806084688691764,0.4651473772410858,0.12347169285724423,0.11194873305686474,0.0,0.6658776936147969,0.5856112615905738,0.2920769846252268,0.32561765459578695,0.4167874175116914,happy,03,18,18,female,normal,2111
60,2.0020000000000002,True,1.0,0.443182850832511,0.412870955862594,0.4280269033475525,0.7544231255123864,-0.10060185185185183,-0.1015740740740741,0.45091901007356205,0.2046662916575871,0.2333885854063134,0.5673565521428664,0.03031189496991704,0.0009722222222222632,0.006507727246722913,0.3536772551643377,0.12130302310816084,0.11429503206377552,0.0,0.6568272965999589,0.5852820818874426,0.29715631713456314,0.3366673178240229,0.4399669068189117,happy,03,18,18,female,normal,2111
70,2.3356666666666666,True,1.0,0.35238726469616066,0.3635851023775815,0.35798618353687106,0.7551197253499841,-0.09287037037037049,-0.09282407407407406,0.5081659842125338,0.12902636464163236,0.23126187680649515,0.47407870767903865,0.011197837681420852,4.629629629643306e-05,0.009175752164713625,0.3702156280722703,0.11978113193170178,0.11588899085972008,0.0,0.8106383978708588,0.5859892469175171,0.2975111934364203,0.33250775307939934,0.4396094902767662,happy,03,18,18,female,normal,2111
80,2.6693333333333333,True,1.0,0.3388969679777645,0.36358712069556687,0.35124204433666567,0.7305103401518566,-0.0894907407407407,-0.08902777777777776,0.5037976456716479,0.12492492492492525,0.2277898356236406,0.48081734786074404,0.024690152717802394,0.0004629629629629428,0.012794127684866333,0.3699745991467921,0.12283812738517011,0.11264356275595765,0.0,0.6755688692676866,0.5794889183798518,0.2951745554482726,0.33469163454472073,0.4373037421127332,happy,03,18,18,female,normal,2111
90,3.003,True,1.0,0.3607045935405799,0.3428450480018811,0.35177482077123046,0.7108208604898086,-0.08736111111111111,-0.08745370370370364,0.4915496420605091,0.12340263349854481,0.22638922589256824,0.4948853365513659,0.017859545538698784,9.259259259253305e-05,0.017781084317785155,0.39842534120904904,0.12388192962767836,0.11149459754478458,0.0,0.659315759762699,0.5858189397634054,0.29567240194763944,0.3340335542742518,0.4378161454393981,happy,03,18,18,female,normal,2111
100,3.336666666666667,True,1.0,0.3569681462711365,0.35515940967135823,0.35606377797124733,0.7077119375486117,-0.08476851851851847,-0.08509259259259261,0.473569619932631,0.12308033696497551,0.22294438745328038,0.503119643854799,0.00180873659977826,0.00032407407407414324,0.011338258988046045,0.3997193423735043,0.12229802857255116,0.113061337464888,0.0,0.8842088823904038,0.5914146958158264,0.2955613182905614,0.3276813251917628,0.44257657552034907,happy,03,18,18,female,normal,2111
0,0.0,True,1.0,0.47306556021704704,0.4635487851966133,0.4683071727068302,0.718477211986409,-0.0800925925925926,-0.08374999999999999,0.3858263777976654,0.24568719033819186,0.2097935121027094,0.6518051858764992,0.009516775020433743,0.003657407407407387,0.03441360985018956,0.36665295589194746,0.12292351718444591,0.11255037402388846,0.0,0.7071067807446058,0.5911954257249776,0.2914152532558822,0.29766124591855936,0.412190942665143,happy,03,18,18,female,normal,2112
10,0.33366666666666667,True,1.0,0.4790866978153504,0.4565504008174468,0.4678185493163986,0.6672567319128144,-0.08101851851851849,-0.08467592592592588,0.3850396532710658,0.23279240058211417,0.20979351210270927,0.7011072754190287,0.022536296997903604,0.003657407407407387,0.03546421182306416,0.41542117179644406,0.12441776318648119,0.11089633886492269,0.0,0.7274657982924043,0.5884940337306799,0.28932592438695537,0.30051448221395277,0.4074561594855901,happy,03,18,18,female,normal,2112
20,0.6673333333333333,True,1.0,0.33881024846181323,0.3508631692132571,0.34483670883753514,0.6625146058987375,-0.09212962962962956,-0.0929166666666667,0.4396634568260816,0.13801781112632694,0.22569478248505678,0.5204967645501871,0.012052920751443874,0.0007870370370371416,0.010245296603489702,0.42185646179328085,0.1188057301700338,0.11656229387309759,0.0,0.9999999987499999,0.5902715939578957,0.29232211711247674,0.3076848329122899,0.415661788617038,happy,03,18,18,female,normal,2112
30,1.0010000000000001,True,1.0,0.3787098762933791,0.3682211239195783,0.3734655001064787,0.8710778382697086,-0.09976851851851848,-0.10157407407407415,0.48270577622074534,0.18225625154447817,0.2333362760812387,0.4287395267090287,0.010488752373800814,0.0018055555555556713,0.01771181759519096,0.3222767512540449,0.1184196474432898,0.11727985704568669,0.0,0.6636447167724674,0.5911524083227041,0.30280600074159725,0.33725795616282617,0.45183058936779547,happy,03,18,18,female,normal,2112
40,1.3346666666666667,True,1.0,0.38693773893443556,0.3448121344838752,0.3658749367091554,0.7885535934324597,-0.10018518518518521,-0.09833333333333333,0.49066204251210943,0.17242791545650427,0.22986409831082838,0.46398233392933347,0.04212560445056035,0.0018518518518518823,0.017765942658819527,0.35164560094344166,0.11817025898179725,0.11753113486108163,0.0,0.65495581426843,0.6374555754020359,0.3156548040550614,0.305926856468424,0.4537158313989722,happy,03,18,18,female,normal,2112
50,1.6683333333333334,True,1.0,0.34502932429709166,0.30831733149783064,0.3266733278974612,0.5051206655858694,-0.09611111111111104,-0.095787037037037,0.43388805716661244,0.16264678251329298,0.22430691608742007,0.646723347813469,0.03671199279926102,0.0003240740740740322,0.016631471115976192,0.501618845295385,0.11628560251561199,0.11939613233614896,0.0,0.7658609262964529,0.644488996192227,0.3129430910964774,0.28975608277990733,0.4379525836167181,happy,03,18,18,female,normal,2112
60,2.0020000000000002,True,1.0,0.333516338329597,0.28934853385810533,0.3114324360938512,0.7197178640021961,-0.08851851851851855,-0.08939814814814812,0.4756002644719897,0.1694509422571759,0.21736988595645537,0.43271461175361475,0.044167804471491656,0.0008796296296295636,0.019413071739136003,0.36371546474694794,0.11824240450808297,0.1174585524573888,0.0,0.7442221931123337,0.5933569173138005,0.3008352437113298,0.3141089874723146,0.4242059119928221,happy,03,18,18,female,normal,2112
70,2.3356666666666666,True,1.0,0.333699343325861,0.3356740230893109,0.33468668320758593,0.6628097217690366,-0.08092592592592601,-0.08162037037037029,0.507093939261616,0.15849271048278502,0.2097280427126453,0.5049513792801777,0.0019746797634498936,0.0006944444444442754,0.019208915644002664,0.41599956688436157,0.12417650937526208,0.11116641709389632,0.0,0.7221177303050863,0.5886877679821928,0.3013200607514249,0.3312978232829188,0.4377214156473886,happy,03,18,18,female,normal,2112
80,2.6693333333333333,True,1.0,0.324514991181658,0.30612303853611755,0.3153190148588878,0.6269481452146601,-0.07495370370370374,-0.07810185185185187,0.5127531489810323,0.09970916416810925,0.2131948023049951,0.5029427350023119,0.018391952645540444,0.003148148148148122,0.024927585706311678,0.44329586814732785,0.11734775536196303,0.11835236406773648,0.0,0.7071067807446058,0.5933204456079306,0.29326084686220333,0.3155371868324901,0.4383829058889932,happy,03,18,18,female,normal,2112
90,3.003,True,1.0,0.3245885724063654,0.3090442569124057,0.3168164146593856,0.6277622876760417,-0.07194444444444442,-0.0767592592592593,0.5057152413964895,0.10620091108045993,0.21180555555555558,0.5046757680080322,0.015544315493959682,0.004814814814814883,0.030166994101184383,0.44226839982764526,0.12084133346051038,0.11478305579272989,0.0,0.9999999987499999,0.5962198502447854,0.29360165779599884,0.31957779546881165,0.4409393050453711,happy,03,18,18,female,normal,2112
100,3.336666666666667,True,1.0,0.10770504215654984,0.12458122012889225,0.11614313114272104,0.6516983749178106,-0.08356481481481476,-0.08736111111111111,0.48315813207928227,0.1303347947502373,0.21180555555555558,0.17821608218275597,0.016876177972342407,0.003796296296296353,0.0030960896387151647,0.43294951429344064,0.12195619919583833,0.11359781356792634,0.0,0.6899452775376502,0.5936857428987221,0.29390958855028587,0.32080845433621663,0.43169366088851735,happy,03,18,18,female,normal,2112
0,0.0,True,1.0,0.4302330099458406,0.406377191007172,0.4183051004765063,0.6356198959799483,-0.08597222222222223,-0.08759259259259256,0.41568966086634046,0.22363190499618643,0.20972367735997205,0.6581057375990359,0.023855818938668616,0.0016203703703703276,0.012155385724403797,0.4062279613204052,0.12572060197069257,0.10941712850548647,0.0,0.6458835517893411,0.5960599648140507,0.2910834069987715,0.30459993566782745,0.40938300512495324,happy,03,18,18,female,normal,2113
10,0.33366666666666667,True,1.0,0.4721693088246371,0.44089819232307664,0.45653375057385687,0.6281394098211847,-0.0857870370370371,-0.0854166666666667,0.4129353454173569,0.21924386160281512,0.2083336995439489,0.7268032278118332,0.03127111650156045,0.00037037037037040976,0.01189782536357204,0.4138917845746015,0.12331734831483684,0.11211872891918273,0.0,0.6827871255492429,0.597318329222314,0.2913268607253629,0.30330633806963586,0.41221230013030646,happy,03,18,18,female,normal,2113
20,0.6673333333333333,True,1.0,0.46644640644073543,0.42100695727444704,0.44372668185759123,0.6081486663965124,-0.08435185185185184,-0.08476851851851847,0.4101364687570737,0.20866577246654738,0.2090336176048389,0.7296352131902593,0.04543944916628839,0.0004166666666666208,0.01611624856373097,0.41909215698859903,0.12471354017095064,0.11056360462706787,0.0,0.6807212059204949,0.5986326804784414,0.290513308763409,0.3044928651389774,0.4121144538848649,happy,03,18,18,female,normal,2113
30,1.0010000000000001,True,1.0,0.379047923941401,0.3546633927697886,0.3668556583555948,0.818218987975228,-0.08787037037037032,-0.09162037037037046,0.48989142793871376,0.1767586596188566,0.21806115361267805,0.4483587691644985,0.024384531171612434,0.003750000000000142,0.012816442768986346,0.3471887372689431,0.12109685710497994,0.11451344449018176,0.0,0.624559776059482,0.5980070050832833,0.29513130095863527,0.3452812931936755,0.45980707380170877,happy,03,18,18,female,normal,2113
40,1.3346666666666667,True,1.0,0.35861184745134034,0.32947438566121734,0.34404311655627884,0.6910968989237481,-0.08865740740740735,-0.08708333333333335,0.520620703031347,0.13538243905669772,0.2159810534951401,0.4978218207780421,0.029137461790122998,0.0015740740740740056,0.017706447942961778,0.3960902187204048,0.12001443772035311,0.11564736273667577,0.0,0.9999999987499999,0.5842424441104567,0.29789732137412067,0.34125434642080144,0.43912327223133807,happy,03,18,18,female,normal,2113
50,1.6683333333333334,True,1.0,0.3670146565146897,0.3438844052246785,0.3554495308696841,0.6541765982579277,-0.10083333333333327,-0.10300925925925924,0.45643229290359666,0.13707582704821786,0.2382264724023341,0.5433540909537978,0.023130251290011172,0.00217592592592597,0.0240384192902299,0.38215980312617454,0.1234783781730574,0.11194135917371668,0.0,0.6656979564394192,0.5874986882018433,0.29443548341529163,0.33683179474875535,0.4384249637062023,happy,03,18,18,female,normal,2113
60,2.0020000000000002,True,1.0,0.3554226441852049,0.338733666930371,0.347078155557788,0.7189903686391644,-0.09365740740740736,-0.09662037037037036,0.4629404628141526,0.15096681916830654,0.23125824784700255,0.4827299094627707,0.016688977254833925,0.0029629629629630005,0.017229065636736235,0.38529119723459787,0.12296352227985002,0.1125066662846086,0.0,0.6891697295120883,0.5847003252238395,0.2957219694714078,0.33667394833190584,0.4407121991540384,happy,03,18,18,female,normal,2113
70,2.3356666666666666,True,1.0,0.33881024846181323,0.32975070152041164,0.33428047499111246,0.7304843816115967,-0.0900925925925925,-0.09379629629629627,0.4912085919751451,0.148032673100837,0.22569748679172755,0.45761481478032695,0.009059546941401597,0.0037037037037037646,0.016463685872914073,0.38020888573659656,0.12222034008135124,0.11331357482675034,0.0,0.8509816991462894,0.5829410214320103,0.295051198543929,0.32885563137728796,0.44132125243163317,happy,03,18,18,female,normal,2113
80,2.6693333333333333,True,1.0,0.2868470896332946,0.29255842362753304,0.2897027566304138,0.7152917782030556,-0.08699074074074087,-0.09023148148148152,0.48726328059410334,0.1489464104666158,0.2208336788150796,0.4050134021646388,0.0057113339942384544,0.003240740740740655,0.011382421220313558,0.3748170285326545,0.12343463972335464,0.1119895865077556,0.0,0.6745159434596192,0.5851498054925095,0.2946119602810435,0.3304957735290137,0.4419942213505259,happy,03,18,18,female,normal,2113
90,3.003,True,1.0,0.333699343325861,0.32530318161100313,0.32950126246843203,0.7172251518777234,-0.08425925925925914,-0.08787037037037043,0.47848943370196007,0.15655766994813106,0.2194447921127806,0.4594111927137314,0.008396161714857853,0.003611111111111287,0.020921873976894063,0.3723124203199192,0.12377548800781331,0.11161275168327091,0.0,0.7395771610914379,0.5826285417526386,0.29429221007176265,0.3301072273885124,0.44246474712578604,happy,03,18,18,female,normal,2113
100,3.336666666666667,True,1.0,0.3300084359708603,0.3469977590044201,0.3385030974876402,0.6944613508570807,-0.08120370370370372,-0.08444444444444454,0.47238164403048327,0.15829092173729686,0.21875034877204338,0.48743259372155284,0.016989323033559767,0.0032407407407408217,0.017807802974186847,0.39731746797591777,0.12267343129040069,0.11282290115590356,0.0,0.6519589760458498,0.5831061019329608,0.29345997602713914,0.32498097172409063,0.4401673190672857,happy,03,18,18,female,normal,2113
0,0.0,True,1.0,0.4923214059965591,0.45982740003223843,0.47607440301439874,0.7275415943534552,-0.08620370370370367,-0.08518518518518525,0.39170805907718637,0.22195175539785672,0.21597363525015603,0.6543603921882597,0.03249400596432067,0.0010185185185184187,0.007850367809700241,0.37219122408438265,0.125118389167485,0.11010525174686694,0.0,0.8711253859534186,0.5946006935821204,0.28792004468350557,0.31162264714787663,0.4226523625252176,happy,03,18,18,female,strong,2114
10,0.33366666666666667,True,1.0,0.5443014382578598,0.5062904833572511,0.5252959608075555,0.7380588385941503,-0.09722222222222215,-0.09212962962962967,0.4187482979001671,0.17297585943782443,0.22916966291838617,0.7117264008492004,0.038010954900608684,0.005092592592592482,0.0084590225599095,0.36067622639122077,0.12425563215383302,0.11107797102974033,0.0,0.9075797682025335,0.5855174193505527,0.2880911295022151,0.32043593739810877,0.42624238066703163,happy,03,18,18,female,strong,2114
20,0.6673333333333333,True,1.0,0.5950275392473566,0.5478984496278732,0.5714629944376148,0.8982224191433252,-0.08759259259259261,-0.08342592592592596,0.5042195526514385,0.22451942876442568,0.22083333333333333,0.6362154654107215,0.04712908961948348,0.004166666666666652,0.006027522498723499,0.3113018519384585,0.12035345007689449,0.11529451341750234,0.0,0.63626719143625,0.5699536863339085,0.2974599138165881,0.3647939071023363,0.47339282450210757,happy,03,18,18,female,strong,2114
30,1.0010000000000001,True,1.0,0.4770348932695177,0.43931563602858975,0.4581752646490537,1.1294162082741448,-0.10606481481481483,-0.10537037037037028,0.5261281046234957,0.29598893740127,0.23265987674813376,0.40567441948543403,0.03771925724092795,0.000694444444444553,0.001726417122619562,0.2494728674531446,0.11703631900172891,0.11866034638245186,0.0,0.7512297175262286,0.5751450599927471,0.2909537801244356,0.35958718518816307,0.45676977906919797,happy,03,18,18,female,strong,2114
40,1.3346666666666667,True,1.0,0.5520411082142591,0.5190718855271927,0.5355564968707259,0.8780606353958768,-0.09287037037037038,-0.0963425925925927,0.4475905781156556,0.3212114672823145,0.2257704908274707,0.6099311087203771,0.03296922268706637,0.003472222222222321,0.012384662306372737,0.30180086639282405,0.11967759143928319,0.11599591319005952,0.0,0.8165217547611511,0.5706849194756028,0.29643375604932626,0.3542580227606945,0.4593448154024824,happy,03,18,18,female,strong,2114
50,1.6683333333333334,True,1.0,0.46046672582440945,0.4480807822443241,0.45427375403436676,0.9280436734016666,-0.09675925925925927,-0.09986111111111107,0.42718039494785365,0.3130677847658978,0.23841086967304997,0.48949609490818924,0.012385943580085323,0.0031018518518518,0.00794093176153141,0.28488688607453694,0.11540663789087784,0.11961049247122321,0.0,0.9999999987499999,0.6096522226625025,0.31542333617028684,0.33701663491969513,0.48763719881046963,happy,03,18,18,female,strong,2114
60,2.0020000000000002,True,1.0,0.28207466391641733,0.2816256697903866,0.281850166853402,0.8606295606476329,-0.09699074074074066,-0.09930555555555554,0.5040210838024778,0.23166812923783284,0.23056746813371862,0.32749301179163165,0.00044899412603072175,0.0023148148148148806,0.001451758920961027,0.33391464080802163,0.1163052593225155,0.11937698447655314,0.0,0.9999999987499999,0.5839414531906514,0.2931436475197959,0.3360283204528286,0.42465987894631785,happy,03,18,18,female,strong,2114
70,2.3356666666666666,True,1.0,0.376710259417509,0.3558509836337253,0.36628062152561713,0.9787317004324174,-0.09851851851851856,-0.10212962962962963,0.4020603400796174,0.3959314392418547,0.22847756505488778,0.3742400714759614,0.020859275783783715,0.003611111111111065,0.01401256643119869,0.2612854905511364,0.12216726358318922,0.113370796408633,0.0,0.6863632014147537,0.5701311855601615,0.2880368488505779,0.3333408080599644,0.3990194291896626,happy,03,18,18,female,strong,2114
80,2.6693333333333333,True,1.0,0.30238113248521353,0.3130388864742694,0.3077100094797415,1.0001310270753967,-0.08666666666666667,-0.08930555555555542,0.5015972603920716,0.210296303016188,0.2396371443758807,0.3076696964192315,0.010657753989055885,0.0026388888888887463,0.004256053457861867,0.30021534711500514,0.12280351204186297,0.11268129924654274,0.0,0.8827990023192546,0.5543848160045268,0.292376657537442,0.3627624173875786,0.45130567828244567,happy,03,18,18,female,strong,2114
90,3.003,True,1.0,0.29946104627282805,0.27443144372466616,0.2869462449987471,0.9165107653402156,-0.0882407407407409,-0.0892592592592592,0.5214101189186171,0.14662084765177577,0.23680845515519702,0.31308551503181803,0.02502960254816189,0.0010185185185183077,0.00790878544980018,0.3205793582584101,0.12285291912337476,0.11262743019666278,0.0,0.8432242604251644,0.5737166580772934,0.2933112513055788,0.35937701438193315,0.45193060006503954,happy,03,18,18,female,strong,2114
100,3.336666666666667,True,1.0,0.30408349684980057,0.31057244143943746,0.307327969144619,0.7879715842509258,-0.08305555555555555,-0.08449074074074064,0.5160383268331147,0.11910943589901118,0.22918297911876379,0.3900241776317049,0.006488944589636891,0.001435185185185095,0.00890387312411624,0.3531901196345252,0.1251325512922768,0.11008915649281663,0.0,0.672671802873833,0.573470764313538,0.289082655044214,0.355205024429339,0.44932052408948725,happy,03,18,18,female,strong,2114
110,3.6703333333333332,True,1.0,0.09723669209157156,0.12266470101844121,0.10995069655500639,0.7775001900344599,-0.09129629629629626,-0.09074074074074068,0.49390246339439414,0.1199817041850616,0.22711692818202756,0.14141565232303444,0.025428008926869652,0.0005555555555555869,0.007034709773359829,0.3480906368256111,0.12481551035252525,0.11027584594069453,0.0,0.6987361524172169,0.5790494242853391,0.28853567494801713,0.3373861430357314,0.4328061194571501,happy,03,18,18,female,strong,2114
0,0.0,True,1.0,0.4578937538223326,0.42070043387432965,0.43929709384833115,0.6747211997440861,-0.0861574074074074,-0.08490740740740743,0.42382893528271776,0.17430297660055577,0.21597363525015603,0.6510794295702453,0.037193319948002956,0.0012499999999999734,0.0019474702087396037,0.3843749999999993,0.1247078251854345,0.11057005068077666,0.0,0.9999999987499999,0.5839087772765357,0.28625091320023044,0.31884693235187983,0.41991075126535515,happy,03,18,18,female,strong,2115
10,0.33366666666666667,True,1.0,0.4440343076229055,0.42817874572959136,0.43610652667624844,0.6455569664885177,-0.0955555555555555,-0.09310185185185177,0.4418161975477599,0.1452439348100535,0.23194576016863183,0.6755508023535601,0.015855561893314163,0.0024537037037037357,0.004973022496113107,0.40345165405687716,0.12360377785166017,0.11180287952789456,0.0,0.7161233355394052,0.5843195507578032,0.2866222620094792,0.3264517192837569,0.42878027858191786,happy,03,18,18,female,strong,2115
20,0.6673333333333333,True,1.0,0.21874649768735688,0.21811985476998397,0.21843317622867042,0.7976340325235859,-0.09175925925925932,-0.09449074074074071,0.5027406023859203,0.1681604039950526,0.2333804128471249,0.2738513745929107,0.0006266429173729104,0.0027314814814813904,0.01011789133624818,0.3661284954411345,0.11718125371857038,0.11851722046152066,0.0,0.9147916407481195,0.566018676454957,0.28625258287985555,0.3463056299795303,0.44501034985933036,happy,03,18,18,female,strong,2115
30,1.0010000000000001,True,1.0,0.23611111111111116,0.22065281687358193,0.22838196399234656,0.987236013460536,-0.09634259259259259,-0.09625,0.5021497163884476,0.2847421380190513,0.22642258677395277,0.23133471720891183,0.01545829423752923,9.259259259258856e-05,0.0058213367130382125,0.30299731788347933,0.11872867658118641,0.11696700016110281,0.0,0.7695444563402447,0.5673293585950004,0.2891546538453083,0.3642303523766817,0.4496833917859369,happy,03,18,18,female,strong,2115
40,1.3346666666666667,True,1.0,0.5578200469893452,0.5279859361927183,0.5429029915910317,0.7754520142286252,-0.08879629629629632,-0.09462962962962962,0.5040382573486276,0.25057981325724776,0.2215308773471006,0.7001116531125142,0.0298341107966269,0.0058333333333333015,0.00526368117814317,0.34295552999184586,0.12017645244647487,0.11547899396406532,0.0,0.7486543256751097,0.5761966693630578,0.2931818233130583,0.357164341341813,0.45880878576375334,happy,03,18,18,female,strong,2115
50,1.6683333333333334,True,1.0,0.6051626644947427,0.5772426382115131,0.5912026513531279,0.9570531701428268,-0.08537037037037032,-0.08787037037037032,0.44954744925768575,0.294477898505485,0.22641618456171875,0.6177322951293283,0.027920026283229538,0.0025000000000000022,0.002210017576761438,0.2907297337327559,0.11787796092533302,0.11782429332348666,0.0,0.7666922277630918,0.5608042004848813,0.2952672207285472,0.3513563836381457,0.46191578323271626,happy,03,18,18,female,strong,2115
60,2.0020000000000002,True,1.0,0.5958761988496538,0.5621237767539874,0.5789999878018206,0.8722562748485946,-0.10018518518518515,-0.10351851851851851,0.4383865072742183,0.2997714108076395,0.2395884283878525,0.6637957266656784,0.03375242209566642,0.003333333333333355,0.007634697857834074,0.31732177992148364,0.11670838740016987,0.11898289826468557,0.0,0.6826640753046043,0.5961857658532164,0.3153873709325717,0.3302973178555767,0.477599827746374,happy,03,18,18,female,strong,2115
70,2.3356666666666666,True,1.0,0.4102471771852238,0.390300561849491,0.40027386951735744,0.9758589198881357,-0.10606481481481478,-0.10754629629629625,0.39854080206159853,0.4414204008589048,0.22990890164907624,0.41017596023331065,0.019946615335732776,0.0014814814814814725,0.007429612753081906,0.26783312350496985,0.12145149420779779,0.11413725213271561,0.0,0.6889566813564897,0.5791482767794618,0.28997643109314253,0.3314384367592096,0.3991145334438035,happy,03,18,18,female,strong,2115
80,2.6693333333333333,True,1.0,0.22929643788707227,0.2248788819359561,0.2270876599115142,1.0421786533872517,-0.09439814814814818,-0.10046296296296292,0.4986955300939639,0.2930794816662592,0.2201402751719845,0.21789705553212207,0.0044175559511161755,0.006064814814814745,0.012308199670484469,0.2813597532597956,0.11650080347587685,0.11918615925589567,0.0,0.8449761172318802,0.5709341387492498,0.2935714597375615,0.3392223735749582,0.4331488811489713,happy,03,18,18,female,strong,2115
90,3.003,True,1.0,0.28212156228821733,0.27141053542170834,0.2767660488549628,0.7800132661916017,-0.07731481481481495,-0.08300925925925928,0.5212922113083343,0.09523417784897437,0.23194970729641373,0.3548222329682509,0.010711026866508988,0.005694444444444335,0.005554869748002592,0.3793604651162792,0.11575586224102542,0.11959159765864821,0.0,0.9999999987499999,0.6251840262354943,0.31455200128085986,0.30488524034866,0.43790855240586757,happy,03,18,18,female,strong,2115
100,3.336666666666667,True,1.0,0.22550030816627514,0.2076136996343501,0.21655700390031263,0.806957542422748,-0.07967592592592593,-0.07916666666666666,0.5370258410130666,0.15867142688087757,0.21532880499642468,0.2683623270316532,0.01788660853192503,0.0005092592592592649,0.001281366401439469,0.3602528089887638,0.12357066965897241,0.11183947143086706,0.0,0.740087618587968,0.5766934049557323,0.28947723209097764,0.3575456748873992,0.4607430523953848,happy,03,18,18,female,strong,2115
110,3.6703333333333332,True,1.0,0.23599111054270538,0.23581195843089905,0.23590153448680223,0.7036521939705859,-0.08143518518518517,-0.0822222222222222,0.5384231754164379,0.09471994774243898,0.22017354334773528,0.3352530362417422,0.00017915211180632995,0.0007870370370370305,0.002936450542869171,0.4040390966530514,0.11770677800059454,0.11799530576241446,0.0,0.9999999987499999,0.6341938537133605,0.3133935497343871,0.3007699047208904,0.45390410196454295,happy,03,18,18,female,strong,2115
0,0.0,True,1.0,0.4932974090975785,0.461723874215978,0.47751064165677826,0.7008757863454615,-0.08597222222222223,-0.08657407407407414,0.3923692152334198,0.23779714179578157,0.21250000000000002,0.6813056620869099,0.03157353488160053,0.0006018518518519089,0.005048412724360204,0.36160714285714346,0.1238492322833363,0.11153091693677757,0.0,0.8359522503771494,0.6073472904552446,0.29221304741485554,0.303977742262383,0.41835683571978244,happy,03,18,18,female,strong,2116
10,0.33366666666666667,True,1.0,0.4932974090975785,0.4427123412604539,0.46800487517901623,0.7131122231221897,-0.08819444444444446,-0.08782407407407405,0.38924153580149756,0.25647018550885764,0.2111125566756521,0.6562850278038566,0.05058506783712463,0.00037037037037040976,0.007224066947420943,0.36555281007808776,0.12331890157958691,0.11211702048811208,0.0,0.6628723722532446,0.6062317635335384,0.2916446568201048,0.30389728476817524,0.4171713307665388,happy,03,18,18,female,strong,2116
20,0.6673333333333333,True,1.0,0.4979115109268057,0.4840977117375201,0.4910046113321629,1.0271704912040545,-0.09287037037037044,-0.09504629629629635,0.4986332305372628,0.23208744609484902,0.23057176974680024,0.4780166637737079,0.013813799189285603,0.0021759259259259145,0.003281683021955355,0.28123354632972963,0.11869158486857823,0.11700463858640918,0.0,0.7176263231515579,0.5855749262126726,0.30126078082292246,0.35498707030507665,0.4638170277140091,happy,03,18,18,female,strong,2116
30,1.0010000000000001,True,1.0,0.4994746354338443,0.4612995509799661,0.4803870932069052,0.8791447628316524,-0.10203703703703704,-0.1063425925925926,0.4784966322256116,0.2746429816096672,0.22918797249443768,0.5464254733880438,0.03817508445387818,0.0043055555555555625,0.0070634205726424135,0.31969974722922934,0.11891750788941988,0.11677501482220501,0.0,0.7409575679527124,0.5831677907178497,0.29224362494334594,0.34598171621125484,0.4464260980613515,happy,03,18,18,female,strong,2116
40,1.3346666666666667,True,1.0,0.334072388157321,0.3223180358752884,0.3281952120163047,0.8596140903352566,-0.10129629629629633,-0.10379629629629633,0.4972386927018203,0.25883991066926176,0.22569478248505664,0.38179366265193004,0.011754352282032587,0.0025000000000000022,0.00812433501590677,0.3070034611911201,0.11512792478854238,0.12051281551137177,0.0,0.7949305051608994,0.5679986829419268,0.2942371291313429,0.26208699745194136,0.3191077671500396,happy,03,18,18,female,strong,2116
50,1.6683333333333334,True,1.0,0.26348259320698375,0.28210229706423917,0.27279244513561146,0.7947930101078068,-0.09652777777777771,-0.1014814814814815,0.4557433699460353,0.26143790849673193,0.23057176974680024,0.34322451464263576,0.01861970385725542,0.004953703703703793,0.0008775703025711985,0.3330500884966718,0.11666436618056232,0.11902606198904485,0.0,0.7533195947903493,0.5847435401660664,0.2943908286178095,0.3009980691151208,0.369494650979558,happy,03,18,18,female,strong,2116
60,2.0020000000000002,True,1.0,0.5545983742637038,0.49307301000458353,0.5238356921341437,0.786217134953597,-0.09777777777777791,-0.10078703703703701,0.46907604888890325,0.27040090464415234,0.22986642166154797,0.6662735634285823,0.06152536425912031,0.0030092592592591005,0.012021995169788979,0.3295385509196091,0.11303579133230628,0.12247729441274507,0.0,0.8727580597966775,0.6418679471241623,0.31368551083363366,0.3053068378981726,0.4534052413798993,happy,03,18,18,female,strong,2116
70,2.3356666666666666,True,1.0,0.3525302293320405,0.3215487715366645,0.3370395004343525,1.0542713754013335,-0.09189814814814812,-0.09333333333333343,0.4562577910787569,0.3669054666496835,0.21878487445219447,0.3196895109724954,0.030981457795375977,0.001435185185185317,0.005729995395009244,0.281403707005956,0.12092482566470661,0.11469509277878986,0.0,0.7071067807446058,0.5683132396396059,0.29043398793589004,0.3545629994041276,0.4426053284163274,happy,03,18,18,female,strong,2116
80,2.6693333333333333,True,1.0,0.1962240656401064,0.20607844727556995,0.20115125645783816,0.8393169018529097,-0.07300925925925927,-0.07402777777777769,0.5280541793382633,0.17146080090242535,0.20836299430781463,0.2396606764545889,0.009854381635463566,0.0010185185185184187,0.00032419445936398666,0.34473284272493965,0.12395276242222326,0.11141584473471816,0.0,0.6083380941948303,0.5636819780334009,0.28761884967129436,0.3686531272055387,0.45934805456851424,happy,03,18,18,female,strong,2116
90,3.003,True,1.0,0.21425576631805404,0.22066983502316434,0.2174628006706092,0.7414726442166044,-0.07208333333333328,-0.07453703703703712,0.5335272934555669,0.13846460320848505,0.21529514256382773,0.2932849948906306,0.0064140687051102985,0.0024537037037038467,0.0037344676240992996,0.39984021552543314,0.1230020925080137,0.1124644966583612,0.0,0.6634504194847917,0.5713177505455307,0.29397507853101423,0.34850259254658034,0.43171701148913216,happy,03,18,18,female,strong,2116
100,3.336666666666667,True,1.0,0.24962255990553694,0.22651949679435449,0.2380710283499457,0.7325913532516041,-0.07226851851851851,-0.07319444444444445,0.5321007821653618,0.12953140300148605,0.21460608698134462,0.3249711142416141,0.02310306311118246,0.0009259259259259411,0.007214100065602287,0.39096930419070447,0.12381384755157195,0.11139930420287558,0.0,0.6872471923653758,0.5710044483183898,0.2885014302812542,0.34774876038398045,0.43366704894126745,happy,03,18,18,female,strong,2116
110,3.6703333333333332,True,1.0,0.2220013569562622,0.1988204681034015,0.21041091252983185,0.7111850717619334,-0.0728240740740741,-0.07550925925925933,0.5196264252345131,0.11851851851851883,0.21389031567999045,0.2958595742294576,0.02318088885286068,0.002685185185185235,0.013697824769391949,0.41101494380852444,0.12522347937687775,0.10998571717706918,0.0,0.686529252626111,0.5726768690679398,0.28793930608455026,0.34800441943465,0.43600185606946645,happy,03,18,18,female,strong,2116
0,0.0,True,1.0,0.3578350061796166,0.360773762124141,0.3593043841518788,0.7153829759989085,-0.08106481481481481,-0.08449074074074076,0.44648942612390635,0.15172586381380723,0.21182320498670149,0.5022545911861719,0.0029387559445243627,0.0034259259259259434,0.027734157890575893,0.3919885130359127,0.12352526768768475,0.11188961530289795,0.0,0.6360620143476559,0.5828527277551645,0.2920778587825269,0.320742079656271,0.4322882549070417,happy,03,18,18,female,strong,2117
10,0.33366666666666667,True,1.0,0.5643724091929171,0.5049077901739416,0.5346400996834293,0.7069767534944393,-0.09412037037037035,-0.09078703703703694,0.4679384348035673,0.1351526965562049,0.22291974692429875,0.7562343415689614,0.059464619018975484,0.0033333333333334103,0.017565933340140512,0.3807857437082563,0.12030562323862594,0.11534441809947166,0.0,0.6953141113876522,0.639451396988483,0.3127767800040839,0.2978828517774685,0.45808820299537584,happy,03,18,18,female,strong,2117
20,0.6673333333333333,True,1.0,0.28086841381193056,0.2433637877761244,0.2621161007940275,0.9075513070334088,-0.0914814814814815,-0.09351851851851856,0.5139447714903913,0.23171107872100247,0.221627286739587,0.2888168401749417,0.03750462603580615,0.0020370370370370594,0.0032463085675892077,0.3231325124359869,0.11773729158344029,0.1179648589187984,0.0,0.7386584057810015,0.5618149343487395,0.2917982565178343,0.34455421112397333,0.4458437392582945,happy,03,18,18,female,strong,2117
30,1.0010000000000001,True,1.0,0.18371959378464148,0.18518707148869176,0.18445333263666663,0.849755258719159,-0.09546296296296292,-0.09999999999999998,0.5086267332895719,0.27209090242321404,0.20626331633148556,0.21706642088298952,0.001467477704050285,0.004537037037037062,0.014167673350000805,0.32939274565253623,0.11776525498544643,0.11793694284368506,0.0,0.7390834956247151,0.5951740928480768,0.29895038748878033,0.32470081082573343,0.4267397544252235,happy,03,18,18,female,strong,2117
40,1.3346666666666667,True,1.0,0.4717540947382254,0.4420115372189343,0.4568828159785798,0.8888888888888893,-0.10046296296296287,-0.10217592592592595,0.4333579638750218,0.32222222222222285,0.22444156791765738,0.5139931679759021,0.029742557519291057,0.0017129629629630827,0.006522284021076457,0.2953125000000001,0.1153727308131718,0.12027847169620802,0.0,0.895419954404611,0.5944652707254777,0.2954702149376646,0.2989752553261336,0.3926175081403136,happy,03,18,18,female,strong,2117
50,1.6683333333333334,True,1.0,0.6374431835548463,0.583022934225038,0.6102330588899422,1.039591409327509,-0.1005092592592593,-0.10037037037037033,0.42860122961470476,0.4024151203238709,0.21912948389682896,0.5869931719469381,0.05442024932980827,0.0001388888888889661,0.010687909962046372,0.2240443984303544,0.1154653425995376,0.11971307608125674,0.0,0.8695625950588429,0.6358170931575755,0.3151658781747206,0.3164944716253426,0.470380542792342,happy,03,18,18,female,strong,2117
60,2.0020000000000002,True,1.0,0.4896273668815391,0.4641751834693585,0.4769012751754488,0.9288129746161059,-0.08759259259259267,-0.09240740740740738,0.4709509113613845,0.3027832590246767,0.2180569550833095,0.5134524260630189,0.025452183412180585,0.004814814814814716,0.006966306683560405,0.3058082558520233,0.11539107745235411,0.11962550406471595,0.0,0.7593944393002865,0.5724632606011155,0.2945223663040242,0.32344178806099305,0.40309018406610203,happy,03,18,18,female,strong,2117
70,2.3356666666666666,True,1.0,0.6526422300927653,0.6214946332957388,0.6370684316942521,1.0593828725445438,-0.10703703703703704,-0.10537037037037045,0.3923118741974143,0.4627092846270931,0.23541699074691932,0.6013580625143299,0.0311475967970265,0.0016666666666665941,0.004676978689679704,0.2524117380196349,0.1138863644596186,0.12168678547344855,0.0,0.9999999987499999,0.6450506552777361,0.30926134408353434,0.29959932332614386,0.4350383627997487,happy,03,18,18,female,strong,2117
80,2.6693333333333333,True,1.0,0.30408349684979996,0.27569958809737233,0.2898915424735862,0.9593971651208301,-0.06916666666666654,-0.07,0.5051574430993891,0.1692822167311813,0.22083644264959246,0.3021600990837576,0.028383908752427633,0.0008333333333334636,0.012781003811599554,0.3198091770331874,0.11259900070137908,0.1221012820225153,0.0,0.9999999987499999,0.6215723978653961,0.31448411070344645,0.3224680052644019,0.47366071660045417,happy,03,18,18,female,strong,2117
90,3.003,True,1.0,0.20733175315164706,0.22010939403950075,0.2137205735955739,0.9530512518882812,-0.07004629629629638,-0.07393518518518533,0.5201054470352909,0.1786866556016859,0.21739620836739385,0.22424877274137056,0.012777640887853686,0.0038888888888889417,0.008555811877315796,0.3028668960474009,0.122134707236732,0.11340586871050044,0.0,0.8008449543540596,0.5631377593928196,0.2902211046604116,0.36374610867862867,0.4515862700488488,happy,03,18,18,female,strong,2117
100,3.336666666666667,True,1.0,0.291636131675095,0.2938120235132133,0.29272407759415414,0.8155066661066428,-0.07430555555555557,-0.07518518518518524,0.5187099355654294,0.1374339644988597,0.21528096733328264,0.3589474982364828,0.0021758918381182824,0.0008796296296296746,0.008929796754768998,0.3540826011504286,0.12490440566505971,0.11034793706976746,0.0,0.7492153533627176,0.5619827197988571,0.2862249200063217,0.36379213617758877,0.45831751974048845,happy,03,18,18,female,strong,2117
110,3.6703333333333332,True,1.0,0.09484266030194843,0.09608534648889443,0.09546400339542144,0.7074401835147857,-0.08615740740740746,-0.0901851851851852,0.5216050798298043,0.09068802722034236,0.22013888888888888,0.13494286247796414,0.0012426861869459932,0.004027777777777741,0.02235910137132472,0.3893825783449177,0.12343565402160869,0.11198846854069543,0.0,0.7071067807446058,0.5664023260007127,0.28701519158237976,0.3360672848802497,0.42468154257096113,happy,03,18,18,female,strong,2117
0,0.0,True,1.0,0.4582857752044583,0.44130986951308404,0.4497978223587712,0.6837078505914546,-0.08342592592592596,-0.08671296296296294,0.38153857709506767,0.30456076980892133,0.20558561729579655,0.6578801486185437,0.01697590569137425,0.0032870370370369772,0.019920442102698072,0.4094947501656436,0.1274949384444489,0.10734439175603941,0.0,0.8220163281746894,0.5977796668980092,0.28764561502986946,0.29622086397322545,0.40254082736424573,sad,04,18,18,female,normal,2118
10,0.33366666666666667,True,1.0,0.42989265207455274,0.406377191007172,0.4181349215408624,0.6885219426899789,-0.08328703703703705,-0.08731481481481485,0.3780850287829721,0.3067052290164458,0.20558561729579655,0.6072935307003515,0.023515461067380727,0.004027777777777797,0.01581204843277383,0.3992778217302069,0.12488724997313388,0.11036735280098023,0.0,0.6817395871840566,0.5995684786961659,0.2877263644346199,0.2939626392893868,0.40201186394772936,sad,04,18,18,female,normal,2118
20,0.6673333333333333,True,1.0,0.13399421579596746,0.12579072665512808,0.12989247122554776,0.7313638968693323,-0.08749999999999997,-0.09300925925925924,0.37520440076786743,0.33409480083342774,0.20001869114320456,0.17760306706629073,0.008203489140839376,0.005509259259259269,0.02004149819664921,0.3975545321583462,0.1269388880144041,0.1080013725839353,0.0,0.8091896196951195,0.5955102419639731,0.2884717150629282,0.2971383889386912,0.39610296795879824,sad,04,18,18,female,normal,2118
30,1.0010000000000001,True,1.0,0.2663859982602436,0.2641655646198529,0.26527578144004826,0.9582636431975426,-0.0706018518518518,-0.07638888888888878,0.3763175038296247,0.4349536086321975,0.19098220953209083,0.2768296421586795,0.0022204336403907066,0.0057870370370369795,0.0183772739837514,0.3037058075536585,0.12514118775513144,0.11007933910350655,0.0,0.7000371633433762,0.5899756662665065,0.2905963245016824,0.31857844260223067,0.4235868546078472,sad,04,18,18,female,normal,2118
40,1.3346666666666667,True,1.0,0.32472282720628204,0.29611553145754393,0.310419179331913,0.9153744323316986,-0.07648148148148154,-0.08180555555555552,0.35321470749274164,0.47744389697193484,0.18960305135840613,0.33911716164192396,0.028607295748738104,0.005324074074073981,0.027837003976962295,0.2856085182678001,0.12318407311239218,0.11209530745613086,0.0,0.9999999987499999,0.5966865118860045,0.2947837027486913,0.3114654924301471,0.40917312928867616,sad,04,18,18,female,normal,2118
50,1.6683333333333334,True,1.0,0.28730228128604346,0.3049241231985565,0.2961132022423,0.979609896829156,-0.08148148148148143,-0.09388888888888891,0.38004010316369735,0.4221959395254408,0.19938057002093043,0.3022766544118961,0.017621841912513037,0.012407407407407478,0.0360085374962671,0.2961858312002389,0.12766943960940275,0.10713679088153749,0.0,0.6275038817124834,0.593079788899935,0.29603015933689897,0.3182011416289378,0.4205853281132797,sad,04,18,18,female,normal,2118
60,2.0020000000000002,True,1.0,0.1762659747197853,0.18403535673497798,0.18015066572738164,0.9801154454713159,-0.09263888888888883,-0.10356481481481478,0.36864214925085015,0.44531694342171474,0.19733398804732616,0.18380555735528803,0.007769382015192672,0.01092592592592595,0.03994060595585648,0.27296926127251575,0.12442332632065231,0.11089009711154921,0.0,0.6539568310612767,0.5971248005842963,0.2938458967604963,0.3048619260782028,0.40391251937182043,sad,04,18,18,female,normal,2118
70,2.3356666666666666,True,1.0,0.32682251996890194,0.3122335330911718,0.31952802653003687,0.955568070009461,-0.08657407407407408,-0.09796296296296297,0.3633932969802874,0.42593486639905614,0.205639049538612,0.334385415920054,0.014588986877730137,0.011388888888888893,0.040480007906730044,0.28241509707621854,0.12347189708505654,0.11194850780616858,0.0,0.9999999987499999,0.5960321942058074,0.2954987526764163,0.29660318883074027,0.39414577531284195,sad,04,18,18,female,normal,2118
80,2.6693333333333333,True,1.0,0.3486365206299793,0.3646580010437371,0.35664726083685816,0.7902065900110167,-0.08111111111111119,-0.09425925925925926,0.3607628750390457,0.3949521967799161,0.20148584830677616,0.45133420215071346,0.016021480413757783,0.013148148148148076,0.04508019138976,0.35986691783401786,0.12770032151653696,0.10709997971582898,0.0,0.6482598565686892,0.5934715565523084,0.2944120896564228,0.2992786499294755,0.3972400037962138,sad,04,18,18,female,normal,2118
90,3.003,True,1.0,0.3906788635651264,0.3815699712790007,0.38612441742206355,0.7333516366388597,-0.08111111111111108,-0.09157407407407409,0.36378880576073264,0.3535346734730235,0.20079173919975934,0.5265201550401819,0.009108892286125658,0.010462962962963007,0.04701082386512399,0.37634486269962486,0.1273494537503932,0.10751694936128743,0.0,0.6549110355625007,0.5998486544696005,0.29371585210076917,0.2977933420742639,0.3976017441856549,sad,04,18,18,female,normal,2118
100,3.336666666666667,True,1.0,0.4028684052519187,0.40921464630135035,0.40604152577663455,0.7267680275909989,-0.08064814814814819,-0.08865740740740735,0.3606065100253379,0.363219139982459,0.20284135306689666,0.5586948109461157,0.006346241049431656,0.00800925925925916,0.03437494049776022,0.39196993614413367,0.12535461611086776,0.1098362325911327,0.0,0.9180332946485528,0.586683392560149,0.2876478928961962,0.2947064152469968,0.4001868163237541,sad,04,18,18,female,normal,2118
0,0.0,True,1.0,0.4722222222222223,0.4760519655086308,0.4741370938654266,0.7085128868853897,-0.08759259259259256,-0.090324074074074,0.36743643952496274,0.30271240248050996,0.21668392014887738,0.6692003810258483,0.0038297432864085046,0.002731481481481446,0.018786136633042405,0.39884277800860196,0.124117398531254,0.11123241052755309,0.0,0.6837486443819104,0.6004598981154962,0.2883924506591002,0.2939170180117628,0.40594911482450063,sad,04,18,18,female,normal,2119
10,0.33366666666666667,True,1.0,0.3583940496655273,0.33584571517384376,0.3471198824196855,0.6934594168636716,-0.07814814814814802,-0.08462962962962967,0.3744938422162684,0.30260047281323865,0.20557374157803746,0.5005626486256605,0.02254833449168353,0.0064814814814816435,0.0158422749897267,0.40909090909090934,0.1241492521884324,0.11119685674948983,0.0,0.7219547667603683,0.5977370825126926,0.28746890864984714,0.2959701997845928,0.4061711721033304,sad,04,18,18,female,normal,2119
20,0.6673333333333333,True,1.0,0.1918452846148202,0.17968994208234237,0.18576761334858127,0.8011246399480344,-0.06953703703703706,-0.07374999999999998,0.37783125004603857,0.400500449340264,0.19032628786065006,0.23188353482752852,0.012155342532477825,0.004212962962962918,0.022545780459637826,0.36941409653175017,0.1246287419695077,0.11065918147737663,0.0,0.7335654335544323,0.5905871353932198,0.2887187990709354,0.31221532301374194,0.41241966356096776,sad,04,18,18,female,normal,2119
30,1.0010000000000001,True,1.0,0.25285810387459756,0.2385625036769702,0.2457103037757839,0.8951613132044792,-0.07138888888888884,-0.07754629629629622,0.3750421710788184,0.41594342561089254,0.1944762237252906,0.2744871791835993,0.01429560019762735,0.006157407407407389,0.02660004534241783,0.3259510247769696,0.12285349512244874,0.1126268018996415,0.0,0.6797009511858199,0.5940614358086985,0.28796270306755806,0.3089639788860636,0.41474490488415916,sad,04,18,18,female,normal,2119
40,1.3346666666666667,True,1.0,0.14691742136119704,0.1397132748768689,0.14331534811903296,1.0198674507890912,-0.08134259259259252,-0.09217592592592594,0.374526611582359,0.3963762496398161,0.2021139115208345,0.1405235043123958,0.007204146484328128,0.010833333333333417,0.03279117846465316,0.2648818958189752,0.12167129497058886,0.1135678909494075,0.0,0.9999999987499999,0.598637062786052,0.28787556546702475,0.31834484562715554,0.41299925136380083,sad,04,18,18,female,normal,2119
50,1.6683333333333334,True,1.0,0.15801834328349199,0.19840691971610114,0.17821263149979655,0.9426086414447907,-0.07611111111111113,-0.08421296296296299,0.3981363142739703,0.3042289053189817,0.20278116394653,0.18906322694712382,0.04038857643260915,0.00810185185185186,0.014676322671752322,0.3206288251527839,0.12490924891265902,0.11034245468716215,0.0,0.6887679277625286,0.5943174432116598,0.28970427541168436,0.3289770014310288,0.4367031959892014,sad,04,18,18,female,normal,2119
60,2.0020000000000002,True,1.0,0.18024418048401913,0.19168987705288645,0.18596702876845278,0.9111964248837473,-0.08620370370370373,-0.09180555555555558,0.39522251879040043,0.329673116025833,0.19937023807184537,0.20409104303957176,0.01144569656886732,0.005601851851851858,0.01659508010666321,0.3119329972219118,0.1235932123309902,0.11181455914056257,0.0,0.6986567359811797,0.5883639727766107,0.2887265663479396,0.3171463360798914,0.42322352258903106,sad,04,18,18,female,normal,2119
70,2.3356666666666666,True,1.0,0.19930107659841953,0.20790606969955486,0.2036035731489872,0.9076142941767994,-0.0901851851851852,-0.09245370370370376,0.359778116041193,0.36923076923077003,0.20237910593082756,0.22432830163131617,0.008604993101135328,0.0022685185185185586,0.037346634308400094,0.28994463443915336,0.12354357286925272,0.11186940320144152,0.0,0.8525479692044076,0.589445169278649,0.2886181819343889,0.3029359213188949,0.40650027230119673,sad,04,18,18,female,normal,2119
80,2.6693333333333333,True,1.0,0.18046435962108673,0.21015037667547787,0.1953073681482823,0.7229207460908071,-0.08615740740740735,-0.08870370370370378,0.3843221339226345,0.3184450175874973,0.20016815745708819,0.27016428730868025,0.02968601705439114,0.0025462962962964353,0.018601616467958652,0.3965634756129464,0.12499982771636978,0.11006687464149506,0.0,0.9999999987499999,0.5921086407219138,0.28857147177402365,0.30353182228470843,0.40385269377841426,sad,04,18,18,female,normal,2119
90,3.003,True,1.0,0.20528628227879817,0.1987253455166026,0.2020058138977004,0.6885877667022167,-0.08518518518518514,-0.08921296296296305,0.3756157001280698,0.3127328611842046,0.2014858483067762,0.2933624784900642,0.006560936762195574,0.004027777777777908,0.018510964451332993,0.40223952027385257,0.12420644018013202,0.11113297435002638,0.0,0.6945134995143075,0.5901326642688325,0.28684276118665847,0.2964502403551499,0.4031421182770485,sad,04,18,18,female,normal,2119
100,3.336666666666667,True,1.0,0.35036891213109317,0.323118704454527,0.3367438082928101,0.6707584966021385,-0.08097222222222217,-0.08537037037037049,0.36500239422017666,0.3157350200165539,0.20563904953861198,0.502034353643902,0.027250207676566163,0.0043981481481483176,0.014450034712715363,0.4339922701795664,0.12448838028379336,0.11081706070949582,0.0,0.9215292159123155,0.5919967564447655,0.2865758251970953,0.29743296268068864,0.40467080156782587,sad,04,18,18,female,normal,2119
0,0.0,True,1.0,0.4790866978153492,0.43535902506448343,0.4572228614399163,0.7484711500079602,-0.09166666666666662,-0.09365740740740741,0.3568707726546089,0.3541872406287669,0.2125229766989913,0.6108757317300121,0.043727672750865754,0.001990740740740793,0.016487857005377665,0.38211391120345783,0.12675608037231154,0.10821586694667862,0.0,0.6422749482371941,0.6060055114076881,0.2964295123799268,0.28737810827979327,0.3961335110266563,sad,04,18,18,female,normal,2120
10,0.33366666666666667,True,1.0,0.48617483591322735,0.4557949173160975,0.47098487661466243,0.767644529788678,-0.09129629629629626,-0.09430555555555548,0.35301847557872096,0.3434032003419602,0.21391777955388394,0.6135455387721164,0.03037991859712985,0.0030092592592592116,0.01924494763993384,0.36553501156369245,0.12360448090106625,0.1118021022663318,0.0,0.8487795081154484,0.6074208379914466,0.29636954986915226,0.2837538710651196,0.3947660605588449,sad,04,18,18,female,normal,2120
20,0.6673333333333333,True,1.0,0.22869276123560817,0.2288608814252704,0.22877682133043928,0.7695220905598823,-0.10273148148148142,-0.10865740740740754,0.35523729197415227,0.3449419568822551,0.21529514256382773,0.29729727598071654,0.0001681201896622242,0.005925925925926112,0.021636187546008948,0.3685171524392656,0.12210043614564098,0.11344276646303134,0.0,0.7762317082929245,0.6066043602753601,0.296670131653436,0.2773195216243651,0.38627787053465407,sad,04,18,18,female,normal,2120
30,1.0010000000000001,True,1.0,0.36245488385201885,0.36234573582963564,0.3624003098408273,0.9421140075435943,-0.09000000000000002,-0.09643518518518518,0.3531507774490762,0.39698249516568834,0.212535900000594,0.3846671495583914,0.00010914802238320975,0.006435185185185155,0.021150222053341643,0.29762599651444865,0.12495981762684795,0.1102851837226773,0.0,0.771265265920916,0.6024990584827683,0.28930010709449694,0.2909514334527768,0.3979883548818506,sad,04,18,18,female,normal,2120
40,1.3346666666666667,True,1.0,0.25852570761672633,0.2709589349870312,0.2647423213018788,0.8937942801016887,-0.09907407407407404,-0.10675925925925922,0.34551554441850124,0.4055843532460385,0.20841571450629243,0.29620050966510836,0.012433227370304889,0.007685185185185184,0.029174391068763662,0.31300736409276625,0.12339787973175934,0.11185989942861992,0.0,0.8109676195973908,0.6052493724989997,0.29590176460592954,0.2834821789942691,0.38919335318963066,sad,04,18,18,female,normal,2120
50,1.6683333333333334,True,1.0,0.3160158399466343,0.3039472174395122,0.30998152869307327,1.0651851831922374,-0.09791666666666665,-0.10416666666666657,0.3452811516982436,0.43695360320916127,0.20214712702540868,0.2910118668418709,0.012068622507122095,0.006249999999999922,0.03235812051968928,0.26085140477875096,0.12350397222714923,0.11191312083120204,0.0,0.6493515055839084,0.6027819304206057,0.2963432759610336,0.28529287089207955,0.39108114829292934,sad,04,18,18,female,normal,2120
60,2.0020000000000002,True,1.0,0.22991370001611924,0.23519067490315215,0.23255218745963568,1.0187705260333133,-0.09384259259259264,-0.10101851851851851,0.3373064217291119,0.46032150215990764,0.2056282899951161,0.22826748665874866,0.005276974887032909,0.007175925925925863,0.030510204291462614,0.2786146187942172,0.12557596449080105,0.10958309592433196,0.0,0.7729054648987593,0.6045320393626201,0.2960545896236015,0.2916129790847198,0.3978453719721952,sad,04,18,18,female,normal,2120
70,2.3356666666666666,True,1.0,0.40794731192791944,0.39802945703450265,0.40298838448121105,1.0408776869434593,-0.08009259259259255,-0.09023148148148141,0.3214231359081314,0.46156613781909717,0.2028624150400572,0.38716209362176623,0.009917854893416789,0.010138888888888864,0.04690293602295158,0.2695988278875036,0.12420027752598979,0.11113986158231849,0.0,0.8742906118527244,0.6023906283372723,0.29879524531349894,0.29053590058303075,0.39712154097103575,sad,04,18,18,female,normal,2120
80,2.6693333333333333,True,1.0,0.42538299872677465,0.41283149394178903,0.41910724633428187,0.8087822037679971,-0.07782407407407393,-0.08499999999999996,0.3329986623440299,0.3901259624063799,0.20224975864232014,0.5181954355347125,0.012551504784985623,0.00717592592592603,0.04217042556411469,0.3667421771947853,0.12489838088356815,0.11035475623091047,0.0,0.7206633643671279,0.6000148752313424,0.28984788845954257,0.2896860439050873,0.4076487054067066,sad,04,18,18,female,normal,2120
90,3.003,True,1.0,0.4459842703985555,0.432897073804423,0.43944067210148924,0.7232608321813797,-0.07874999999999993,-0.08601851851851855,0.34741035363781453,0.3751923329454959,0.20148584830677627,0.6075825657199229,0.013087196594132489,0.0072685185185186185,0.04076080759695657,0.3930531642224924,0.12620463699808313,0.10885847404048755,0.0,0.893078167113744,0.6026194128198155,0.2881439650166327,0.29075648373303437,0.40694602212806463,sad,04,18,18,female,normal,2120
100,3.336666666666667,True,1.0,0.42484182440757323,0.40555229026553585,0.41519705733655454,0.6987950583056509,-0.07837962962962958,-0.08509259259259261,0.3515720193771786,0.36953345922305547,0.2001235580249424,0.5941614102756699,0.01928953414203738,0.006712962962963032,0.03481680101956255,0.42228837454220647,0.12555563329208896,0.10960638995477855,0.0,0.6930351415601442,0.6011570752207133,0.28763313797381646,0.28736632094984305,0.4036971559968003,sad,04,18,18,female,normal,2120
0,0.0,True,1.0,0.4915728036103072,0.47482072652389695,0.4831967650671021,0.771013432382053,-0.09064814814814814,-0.09416666666666673,0.3628394700228464,0.36588805141548836,0.21530045803466902,0.6267034331350898,0.016752077086410244,0.0035185185185185874,0.020614394654071392,0.3531451401601115,0.12857041917112316,0.10605387821588115,0.0,0.7389484158596556,0.6044328875534589,0.2878596225231284,0.295860408859723,0.4036189417601309,sad,04,18,18,female,normal,2121
10,0.33366666666666667,True,1.0,0.4943517968170703,0.4373548095805641,0.46585330319881724,0.7264749259812862,-0.09069444444444441,-0.0925462962962963,0.36660068185990613,0.3502470278402286,0.21390636642410638,0.64125173015375,0.0569969872365062,0.0018518518518518823,0.0206686074915892,0.38209463599912113,0.12546459122815282,0.10971059255180522,0.0,0.7508523336370754,0.604646153828719,0.28822962243868916,0.29176728572436994,0.40499187287170774,sad,04,18,18,female,normal,2121
20,0.6673333333333333,True,1.0,0.2718820708988791,0.24290499227876314,0.2573935315888211,0.746934087138998,-0.0960185185185185,-0.10018518518518515,0.3663413679843518,0.33483252182092976,0.20904566173292533,0.3446000604614559,0.028977078620115976,0.004166666666666652,0.020836894509709648,0.35925017542156834,0.12319595477686318,0.11225210241488855,0.0,0.7761239328319894,0.6070678641691051,0.29582301480572126,0.27987732442168073,0.3876132403930271,sad,04,18,18,female,normal,2121
30,1.0010000000000001,True,1.0,0.19111049936805474,0.18858262805792744,0.18984656371299108,1.2052284752150688,-0.09347222222222218,-0.10407407407407404,0.32110579676321643,0.49954086317722585,0.20625147963484405,0.15751914895564811,0.0025278713101273,0.010601851851851862,0.018640694941844366,0.21942960638244374,0.12533368095375844,0.10986012101256698,0.0,0.7027990140869319,0.605628669827306,0.29496348708889397,0.303652552457482,0.404717353429233,sad,04,18,18,female,normal,2121
40,1.3346666666666667,True,1.0,0.27889955001320305,0.27265354122180846,0.27577654561750575,1.0624699474769015,-0.10138888888888886,-0.11046296296296299,0.3246462511606206,0.5746252427631899,0.21050946798448544,0.2595617375083461,0.006246008791394586,0.009074074074074123,0.027436354649532063,0.23467749168590807,0.12420475377837645,0.11113485910799115,0.0,0.6506081903464094,0.6083547795680772,0.2960639215302098,0.29652159435269043,0.3948744402495977,sad,04,18,18,female,normal,2121
50,1.6683333333333334,True,1.0,0.29460511681035495,0.29939466271900644,0.2969998897646807,1.2069955673041979,-0.09902777777777777,-0.10722222222222216,0.3358650767165595,0.5545233950975532,0.2021573170520266,0.24606543537523046,0.0047895459086514935,0.008194444444444393,0.04594753473511727,0.24151494469165855,0.12261738436822896,0.11288381115384032,0.0,0.8365087088285115,0.605443227072079,0.29521463134974346,0.29492881302300455,0.4138040272773489,sad,04,18,18,female,normal,2121
60,2.0020000000000002,True,1.0,0.23064947188575152,0.24596653670850865,0.2383080042971301,1.245170696052437,-0.10125,-0.10666666666666663,0.32754809082533853,0.5578885262498228,0.20087835266630077,0.19138581164224122,0.015317064822757132,0.005416666666666625,0.05521779764594182,0.21601774507123628,0.12496746136864142,0.1102765222942965,0.0,0.7510726667677102,0.6051987745801445,0.2958049909816825,0.296874847682622,0.4076413182369153,sad,04,18,18,female,normal,2121
70,2.3356666666666666,True,1.0,0.2013681782864753,0.1987983101807516,0.20008324423361346,1.2309342532607754,-0.09939814814814818,-0.10999999999999999,0.2809398662188714,0.6234356531572859,0.20839521379171216,0.1625458416674879,0.0025698681057237105,0.010601851851851807,0.03909011765249658,0.1868113224379406,0.1204064212747931,0.11507374825708495,0.0,0.87726143071439,0.6558651439560199,0.31020294774306306,0.27889252348475085,0.429908315643151,sad,04,18,18,female,normal,2121
80,2.6693333333333333,True,1.0,0.2586637337467533,0.25836628928340777,0.2585150115150805,0.8737131420924624,-0.09740740740740744,-0.10708333333333325,0.3380370117382271,0.4648687091874958,0.20423989572152706,0.29588087789999457,0.00029744446334550867,0.00967592592592581,0.03666887724597843,0.33710701687829026,0.11719937092321739,0.1183384184319116,0.0,0.7071067807446058,0.6557526408063226,0.311588157150467,0.26448648812265085,0.4238680988940376,sad,04,18,18,female,normal,2121
90,3.003,True,1.0,0.23410781487795151,0.24187233247273243,0.23799007367534197,0.7277941746090214,-0.09537037037037038,-0.10125,0.34065747441108635,0.4477685599689981,0.20347372205671144,0.32700189418690073,0.0077645175947809175,0.0058796296296296235,0.022489115333881968,0.380465327508358,0.1267334366846004,0.10824238447321653,0.0,0.8139990670740082,0.6023615241174596,0.289653382041028,0.2840233957451556,0.3937778363986052,sad,04,18,18,female,normal,2121
100,3.336666666666667,True,1.0,0.23169999081261228,0.2189916254956968,0.22534580815415456,0.6888431540337421,-0.09277777777777774,-0.09874999999999995,0.34642754823715644,0.3995037490428106,0.2069459191141064,0.32713660117629084,0.012708365316915465,0.005972222222222212,0.016246397518183756,0.4162236616797437,0.12557859205836935,0.10958008480950437,0.0,0.8563238709859621,0.6053829321885005,0.2898282221119585,0.28452718275162675,0.39368534248351833,sad,04,18,18,female,normal,2121
0,0.0,True,1.0,0.44454754336458513,0.39555057598137133,0.42004905967297823,0.6497454498997455,-0.0874537037037037,-0.08861111111111114,0.3886229468755051,0.2686447533239334,0.20833479817193357,0.6464824951645156,0.048996967383213796,0.0011574074074074403,0.00997096150517249,0.40070211873944284,0.12467579386777042,0.11060616706841926,0.0,0.7648239174593022,0.6044209602434725,0.29091249922338586,0.28882788637786594,0.40329172135126595,sad,04,18,18,female,strong,2122
10,0.33366666666666667,True,1.0,0.1310918802554008,0.14608143949292046,0.13858665987416063,0.7882080835159614,-0.07527777777777783,-0.07967592592592598,0.3908935746166967,0.24395944475232814,0.1965281659868687,0.17582496649357723,0.014989559237519656,0.004398148148148151,0.020412704400223337,0.36640079306410295,0.12092995265435874,0.11452344900932536,0.0,0.8290090628047037,0.6003783211409564,0.29439285827970146,0.299219085573812,0.40741915930876726,sad,04,18,18,female,strong,2122
20,0.6673333333333333,True,1.0,0.16374814686067224,0.1781668027165377,0.17095747478860496,0.8537696908233179,-0.0701851851851853,-0.07648148148148143,0.4240850065062164,0.25958463636109447,0.19930593835407728,0.20023839757504755,0.014418655855865464,0.006296296296296133,0.016896920654141417,0.3724554560325173,0.12166518711535472,0.11374205935513819,0.0,0.9999999987499999,0.5972203401985794,0.2972352884285828,0.32976994737989784,0.4294596663020869,sad,04,18,18,female,strong,2122
30,1.0010000000000001,True,1.0,0.09473126556127721,0.15307724047148602,0.12390425301638161,0.8547346181148239,-0.07347222222222216,-0.07805555555555549,0.44533680928272795,0.2775038351295022,0.19722260906438252,0.14496224955724968,0.058345974910208806,0.004583333333333328,0.0184917820069748,0.37278127274738726,0.1238111392401382,0.1115732027417711,0.0,0.8952017098094557,0.5905959475899736,0.29434356890174607,0.336375219084047,0.4379061221766589,sad,04,18,18,female,strong,2122
40,1.3346666666666667,True,1.0,0.11846652815860302,0.13381720674221378,0.1261418674504084,0.8319150236528504,-0.07347222222222216,-0.08240740740740737,0.42988633094868456,0.28482631424518445,0.19654175282197447,0.151628308017005,0.015350678583610763,0.008935185185185213,0.019404987371778922,0.339227098801504,0.12089113360389213,0.11456442570902522,0.0,0.7093592448838885,0.5917591144817302,0.2950744471217229,0.32964888126353625,0.42763269178932595,sad,04,18,18,female,strong,2122
50,1.6683333333333334,True,1.0,0.10443237404500653,0.08946147609277383,0.09694692506889019,1.2660847673392435,-0.07740740740740748,-0.08560185185185187,0.4121036726099367,0.3371862549198319,0.20138888888888884,0.07657222294256824,0.014970897952232706,0.008194444444444393,0.016910344569790355,0.2372731986888735,0.12254635962237567,0.11296091143903898,0.0,0.7800318127731881,0.5899328175957884,0.29689783790188035,0.32915990330703115,0.4302562071060753,sad,04,18,18,female,strong,2122
60,2.0020000000000002,True,1.0,0.21496541051913023,0.20914505028277647,0.21205523040095337,0.6829546955051776,-0.07111111111111118,-0.0805555555555556,0.4162600041748404,0.15301130341844263,0.20902814277174903,0.31049677496410993,0.0058203602363537665,0.009444444444444422,0.017881535874294707,0.4168494659805996,0.12148552320181265,0.11410103164339853,0.0,0.7690821750844021,0.5910439605138931,0.2959997051678669,0.3193646782624513,0.4197136239283396,sad,04,18,18,female,strong,2122
70,2.3356666666666666,True,1.0,0.201281116031487,0.21101502566940414,0.20614807085044556,0.9308002910796367,-0.07513888888888887,-0.085787037037037,0.4077648503876223,0.24457617878584823,0.21527813217516756,0.2214740077179543,0.009733909637917149,0.010648148148148129,0.014557137331230112,0.31028845643040665,0.12178750704709877,0.11377864868750157,0.0,0.8244055548130106,0.5897897782237895,0.2959641729867392,0.32837487036373875,0.42061690086901965,sad,04,18,18,female,strong,2122
80,2.6693333333333333,True,1.0,0.16022340920104364,0.1739009833763836,0.1670621962887136,0.8261035008848852,-0.07435185185185167,-0.08620370370370373,0.4349763062364983,0.1730351927529146,0.21528663753750232,0.20222913485993468,0.013677574175339963,0.011851851851852058,0.011638284406523368,0.37271127869961895,0.12365533688695082,0.11174585195691449,0.0,0.6819444519736991,0.585442779478979,0.2960954912628933,0.3239569706114194,0.41370670258493614,sad,04,18,18,female,strong,2122
90,3.003,True,1.0,0.21567599472327925,0.23745896840020073,0.22656748156174,0.7887189250460616,-0.0753240740740741,-0.0849537037037037,0.4334649526345518,0.21105900420889567,0.2041666666666666,0.287260105427936,0.021782973676921474,0.009629629629629599,0.010019531112956824,0.38026975621507647,0.12291460701491644,0.1125601046211446,0.0,0.7071067807446058,0.5916515695262482,0.2951714657594233,0.31356293254791273,0.4121514127624897,sad,04,18,18,female,strong,2122
100,3.336666666666667,True,1.0,0.2189916254956969,0.21803992315264936,0.21851577432417313,0.6241287830921058,-0.07236111111111104,-0.08388888888888896,0.4119806605938776,0.15305371596762357,0.20416816139971544,0.35011327829103767,0.0009517023430475335,0.011527777777777914,0.01676036477261991,0.43545229024085924,0.12194755569155125,0.11360709234251794,0.0,0.7483178425568854,0.5953973756924645,0.2942145050793536,0.2995490437915774,0.4057884385149112,sad,04,18,18,female,strong,2122
110,3.6703333333333332,True,1.0,0.24606183058975759,0.2581960657016055,0.25212894814568154,0.5965272653313364,-0.07319444444444445,-0.08143518518518517,0.40214145490321396,0.18492345225271464,0.20625036990970616,0.4226612307580585,0.01213423511184794,0.008240740740740715,0.030179611825889692,0.4612500000000003,0.12466214014152613,0.11062155570010128,0.0,0.8034112206036124,0.5909141269320228,0.29205165171280806,0.2983545435368867,0.4049331365224692,sad,04,18,18,female,strong,2122
0,0.0,True,1.0,0.1216369177191198,0.12554951698609929,0.12359321735260954,0.7450329056272403,-0.08606481481481482,-0.09120370370370362,0.3889536742697606,0.2483333890271411,0.19999999999999996,0.1658896089274834,0.003912599266979483,0.005138888888888804,0.008272823348031847,0.36598858678992036,0.12471288460501882,0.11056434408790805,0.0,0.699863071341709,0.6043667263780513,0.29319528763498165,0.2919211526648907,0.4008020119494466,sad,04,18,18,female,strong,2123
10,0.33366666666666667,True,1.0,0.16343023912066135,0.1338172067422131,0.14862372293143722,0.7670833781367754,-0.06680555555555556,-0.071388888888889,0.42090572186345476,0.23818290507508727,0.19098660378297827,0.19375171874071914,0.029613032378448256,0.004583333333333439,0.013815696793154513,0.39220994906557594,0.121341552013301,0.1142541269476088,0.0,0.9999999987499999,0.5944970135007128,0.2951480030261472,0.314536230545985,0.4216948413775329,sad,04,18,18,female,strong,2123
20,0.6673333333333333,True,1.0,0.19745226474149016,0.20034906216174292,0.19890066345161656,0.8188191765485147,-0.07282407407407415,-0.08074074074074072,0.41459685403579033,0.2690058479532163,0.20486446284481508,0.24291158432564114,0.0028967974202527558,0.007916666666666572,0.015405257990392262,0.3615604519997545,0.12462811916781195,0.11065988289725133,0.0,0.6356249026785926,0.5837419769313976,0.29448298434851505,0.32263534755926426,0.41649408263209176,sad,04,18,18,female,strong,2123
30,1.0010000000000001,True,1.0,0.10001854234488923,0.14370823590355294,0.1218633891242211,0.924184847081419,-0.07814814814814813,-0.08805555555555561,0.4095600225719636,0.30806161569380636,0.20625332916347228,0.1318604059664756,0.043689693558663714,0.009907407407407476,0.013799053050558507,0.31756658694927875,0.12202238199269291,0.11335877608181699,0.0,0.9999999987499999,0.5919620543842539,0.29508364044517726,0.3176918536048042,0.41885682477748437,sad,04,18,18,female,strong,2123
40,1.3346666666666667,True,1.0,0.1719723284153042,0.1769032031968015,0.17443776580605286,0.8479944010478498,-0.06810185185185169,-0.0767592592592592,0.43152604530538896,0.17523246367316006,0.20770097624356026,0.20570627069058897,0.004930874781497313,0.008657407407407502,0.020356509410205243,0.35246035044073803,0.11828474023516107,0.11692812387986212,0.0,0.7071067807446058,0.5892263023803272,0.29820035090899655,0.3266348894654765,0.43009035745985136,sad,04,18,18,female,strong,2123
50,1.6683333333333334,True,1.0,0.1269841269841266,0.11816260775713607,0.12257336737063132,0.9479629324151375,-0.0701388888888888,-0.07699074074074069,0.4527565205919812,0.16691619346958653,0.20626812479547255,0.1293018568335257,0.008821519226990523,0.006851851851851887,0.017679573040513624,0.33247190111049624,0.12087238728247326,0.11475035408408413,0.0,0.6988955382480685,0.6386353655290242,0.3140161722857991,0.3129603599050878,0.4551545987154857,sad,04,18,18,female,strong,2123
60,2.0020000000000002,True,1.0,0.12897924631147814,0.1292016723964942,0.12909045935398616,0.9926054109865892,-0.08351851851851844,-0.09393518518518523,0.4174950846728138,0.20773684739817533,0.21528096733328264,0.13005214149062327,0.00022242608501604755,0.010416666666666796,0.021300093037191097,0.2945357930176526,0.12281449428541734,0.1126693292921625,0.0,0.7207065449168801,0.5850159926783214,0.2945333341015053,0.3290521370602475,0.4295529762963989,sad,04,18,18,female,strong,2123
70,2.3356666666666666,True,1.0,0.19436947068247312,0.19810347900898473,0.19623647484572893,1.0487739133382379,-0.07800925925925917,-0.08763888888888888,0.3772160541478387,0.3900560286350719,0.20486148352867514,0.18711036988049218,0.0037340083265116064,0.00962962962962971,0.016064734035440245,0.27463526751845463,0.12213130988487611,0.11340952744649459,0.0,0.8081711618237448,0.585589016161152,0.29181248842945373,0.3156368176818651,0.40691249642852084,sad,04,18,18,female,strong,2123
80,2.6693333333333333,True,1.0,0.22222222222222124,0.21869497433186474,0.220458598277043,0.8827259794388185,-0.07407407407407401,-0.08337962962962964,0.4197138012748785,0.2005981317359021,0.20555704018912999,0.2497474906280618,0.003527247890356494,0.009305555555555622,0.01661178625609376,0.3286986855223867,0.12462114975007124,0.11066773154354974,0.0,0.7672091727176982,0.5849614312678195,0.29471203831653536,0.324815600702259,0.416151543940332,sad,04,18,18,female,strong,2123
90,3.003,True,1.0,0.18048593706229557,0.16580591667988143,0.17314592687108848,0.6444349721350496,-0.07046296296296284,-0.0803240740740741,0.4352594673420938,0.12776989099088115,0.20347259718188104,0.26867866325976414,0.014680020382414144,0.009861111111111265,0.01853781087637433,0.43640189104649896,0.12471945153371919,0.11055693636881396,0.0,0.654897992607794,0.5856353313825531,0.29485173844659596,0.31766725088144077,0.4106385338572594,sad,04,18,18,female,strong,2123
100,3.336666666666667,True,1.0,0.24990360516318014,0.24580517205361113,0.24785438860839565,0.5778107353011189,-0.07208333333333339,-0.08050925925925922,0.43016586769655757,0.12455767869780653,0.20139040423879118,0.42895428116133805,0.004098433109569005,0.008425925925925837,0.024726255911694587,0.4854244179231474,0.12244592888969003,0.11306976725943739,0.0,0.7641693206822056,0.590030431547619,0.2930039677561303,0.3041327852053388,0.41078552793625817,sad,04,18,18,female,strong,2123
110,3.6703333333333332,True,1.0,0.24001113987912392,0.23774224385730505,0.23887669186821447,0.6083294508477977,-0.07370370370370355,-0.08087962962962975,0.4132197946069579,0.16374269005847986,0.2020837108700296,0.3926765201574644,0.0022688960218188725,0.0071759259259261965,0.021299293992100215,0.46543268464561044,0.1256856474609463,0.10945727839011964,0.0,0.7453129285050167,0.589874645717662,0.2922686039309731,0.3073744052843152,0.41058866406062833,sad,04,18,18,female,strong,2123
0,0.0,True,1.0,0.3466876226407685,0.33907105097705104,0.3428793368089098,0.6620551256405718,-0.0866203703703704,-0.09055555555555544,0.3874992763853946,0.2635817224100257,0.21390636642410643,0.5179014911744044,0.007616571663717486,0.003935185185185042,0.02345806299645953,0.41664406289272415,0.12431209409816016,0.11101477843505146,0.0,0.9007606356659275,0.5910584329981993,0.2889620149717893,0.2935779096348361,0.39649047245385716,sad,04,18,18,female,strong,2124
10,0.33366666666666667,True,1.0,0.1727095484072209,0.16348632995256876,0.16809793917989482,0.9234313763887223,-0.08240740740740748,-0.08703703703703708,0.40575686539086,0.27228678717632976,0.19863569437991274,0.18203620049957378,0.009223218454652127,0.004629629629629595,0.02158337768950302,0.32476393195848957,0.12345009453048868,0.11197254989687648,0.0,0.7705174632218139,0.5879711898118624,0.2925554468199904,0.3309668349457802,0.4304396563097258,sad,04,18,18,female,strong,2124
20,0.6673333333333333,True,1.0,0.14431063316142906,0.1432024435844103,0.14375653837291968,0.7426707065188962,-0.08398148148148155,-0.09134259259259253,0.4268633563794541,0.21372929336876018,0.2027871836624777,0.19356699693562238,0.0011081895770187478,0.007361111111110985,0.02290799199971316,0.38339742817867756,0.12118391444471352,0.11442131204223488,0.0,0.8483035634832712,0.5844600233765381,0.29179448500759175,0.32489904697541694,0.41192309284727124,sad,04,18,18,female,strong,2124
30,1.0010000000000001,True,1.0,0.12495180258158951,0.14189673265423627,0.1334242676179129,1.1363732597384273,-0.0792592592592592,-0.08819444444444441,0.42761131515290474,0.2981527165340821,0.20556149402551807,0.11741236118898536,0.01694493007264676,0.008935185185185213,0.016078488218846776,0.278461028030269,0.12265428882580189,0.11284371140001936,0.0,0.7712024609444491,0.5854751564922844,0.2915615688528977,0.3418334601812163,0.4350121164379492,sad,04,18,18,female,strong,2124
40,1.3346666666666667,True,1.0,0.26787436468418807,0.24966199666309435,0.2587681806736412,0.76688870988295,-0.07087962962962963,-0.07814814814814824,0.41817078399527613,0.1716370707258123,0.20907193742222244,0.3374259880721636,0.018212368021093717,0.0072685185185186185,0.022273152344730315,0.38635980845685297,0.12348795240372767,0.11193079728617775,0.0,0.6806121661391148,0.5807498992487621,0.2929931230925748,0.3260885623020066,0.41927025863018863,sad,04,18,18,female,strong,2124
50,1.6683333333333334,True,1.0,0.22901440395495395,0.23068432891387966,0.2298493664344168,0.9515894877787836,-0.07685185185185178,-0.08495370370370381,0.45534685253505996,0.19864936675833697,0.21876255544325338,0.24154256576639482,0.001669924958925706,0.008101851851852027,0.014089985357517452,0.3337338318111303,0.11414057249660203,0.12144837371880371,0.0,0.7071067807446058,0.6373958991096439,0.3130290786779413,0.31032768457103665,0.4533059352975102,sad,04,18,18,female,strong,2124
60,2.0020000000000002,True,1.0,0.01588033706707746,0.007812500000000113,0.011846418533538787,0.7823358503328662,-0.09027777777777773,-0.09574074074074063,0.4080305643386714,0.18962962962962981,0.21180555555555558,0.015142369518792222,0.008067837067077347,0.005462962962962892,0.019270871046478455,0.3667370752102186,0.11549656950142737,0.12000090105867624,0.0,0.8553437572302428,0.6394671193946329,0.31062495869424944,0.27727322835448576,0.41634912187332707,sad,04,18,18,female,strong,2124
70,2.3356666666666666,True,1.0,0.17508417508417423,0.16533657796471146,0.17021037652444285,0.9069023061129233,-0.07902777777777775,-0.08430555555555569,0.3931466535395549,0.3124324067577469,0.20764035862658026,0.18768325472010547,0.00974759711946277,0.005277777777777937,0.008122126048791466,0.30427510117531803,0.12475866120439684,0.11051268807125175,0.0,0.6585640744813236,0.5905260132334184,0.29241402726005156,0.3249511352726007,0.41515595773516634,sad,04,18,18,female,strong,2124
80,2.6693333333333333,True,1.0,0.12499999999999944,0.11432461386487165,0.11966230693243554,0.9177064741215731,-0.07097222222222233,-0.07680555555555552,0.420732693469244,0.18923486529401976,0.20348572033465126,0.13039278931422607,0.010675386135127793,0.0058333333333331905,0.013361488465861545,0.32336556784588405,0.12053387839133844,0.1151058726973096,0.0,0.7071067807446058,0.5892607045161816,0.2956985611557534,0.3312665083930988,0.43128430317235095,sad,04,18,18,female,strong,2124
90,3.003,True,1.0,0.15764130104736218,0.14259144555662395,0.15011637330199307,0.9589435053803347,-0.06972222222222219,-0.07435185185185184,0.44885967209892114,0.2531839578246551,0.20279621290136182,0.15654350069606462,0.015049855490738229,0.00462962962962965,0.01710045337205507,0.33513352791751677,0.12119571864657326,0.11440880888939886,0.0,0.790363779695491,0.5917080913224665,0.295996982788962,0.3353356210694808,0.42651505319455996,sad,04,18,18,female,strong,2124
100,3.336666666666667,True,1.0,0.1666024034421201,0.17030400056578984,0.16845320200395497,0.7428587300005214,-0.07060185185185192,-0.07583333333333331,0.4285036307813757,0.20253164556962047,0.2013983596387191,0.22676344128558162,0.003701597123669742,0.005231481481481393,0.017204775247149664,0.4089572567239225,0.12353876543290339,0.1118747120905681,0.0,0.6869458983124055,0.5880401018532414,0.29432948019251143,0.33056929313161676,0.4222705083164898,sad,04,18,18,female,strong,2124
110,3.6703333333333332,True,1.0,0.2188034188034191,0.20994644401147647,0.2143749314074478,0.6812204867054719,-0.073425925925926,-0.07898148148148154,0.41710704022970807,0.18470418470418506,0.20139229841013495,0.31469243158585974,0.00885697479194264,0.005555555555555536,0.012135725763770932,0.42928205899296995,0.12221815119693648,0.11331593571835724,0.0,0.7645015884702598,0.5918390627266532,0.29360811569044504,0.3053048896991687,0.40970192745549366,sad,04,18,18,female,strong,2124
120,4.0040000000000004,True,1.0,0.24266075410516255,0.26949968608461156,0.25608022009488707,0.666516801423869,-0.07490740740740742,-0.08037037037037037,0.41523784515578627,0.1753906182053021,0.2041666666666666,0.384206698987673,0.026838931979449004,0.005462962962962947,0.008744732863085152,0.4243214443384958,0.12229873157932278,0.11306057702114515,0.0,0.7071067807446058,0.5952357713085235,0.2939114701000814,0.3019666478744222,0.4087467041738421,sad,04,18,18,female,strong,2124
0,0.0,True,1.0,0.416666666666667,0.40014865014166856,0.4084076584041678,0.7034165085485611,-0.08537037037037037,-0.08824074074074073,0.3768872872969503,0.2749575283821003,0.21112014572710378,0.5806057342141168,0.016518016524998458,0.0028703703703703565,0.018605827516873324,0.38861604011094536,0.12658194298626255,0.10841950691721362,0.0,0.6436662907453766,0.6005046856008028,0.29012061729558564,0.29448502360163487,0.4001834902799059,sad,04,18,18,female,strong,2125
10,0.33366666666666667,True,1.0,0.16660240344211955,0.14309982843372265,0.1548511159379211,0.8577710776251445,-0.07708333333333328,-0.07976851851851852,0.38901919693657444,0.292129717979985,0.19654679912151257,0.1805273224723867,0.023502575008396892,0.002685185185185235,0.01715108346487512,0.32607612152817417,0.12299883561889263,0.11246805860425498,0.0,0.7605429985415159,0.5973744340783189,0.2927867137942554,0.30384662860307915,0.4054868775651465,sad,04,18,18,female,strong,2125
20,0.6673333333333333,True,1.0,0.13090519621326122,0.13170268431377813,0.13130394026351966,0.9581066486101131,-0.07305555555555548,-0.07777777777777772,0.4167786058822616,0.2803950706882496,0.19656659489174175,0.1370452239883702,0.0007974881005169132,0.004722222222222239,0.029916321170490288,0.32923730879217233,0.1212098989095428,0.11439378556545313,0.0,0.6854559721226298,0.5906105932685574,0.29281776374485624,0.32607991473287057,0.43622552800578457,sad,04,18,18,female,strong,2125
30,1.0010000000000001,True,1.0,0.21836282165216372,0.20759671148142536,0.21297976656679454,0.9103910643524704,-0.07240740740740742,-0.07870370370370378,0.41119602242645437,0.331015968102382,0.19240909594576566,0.23394316454355762,0.010766110170738363,0.006296296296296355,0.03538105029062843,0.3370053260123381,0.12348166213675656,0.11193773664808676,0.0,0.734064606952374,0.5966455899469164,0.2923582378347927,0.3235344610782267,0.4363187713990622,sad,04,18,18,female,strong,2125
40,1.3346666666666667,True,1.0,0.2118345609018,0.1850918955205675,0.19846322821118376,0.9125456034375932,-0.0708333333333333,-0.07717592592592598,0.4017604394428066,0.3301160561942141,0.19306187851855733,0.2174830797097322,0.02674266538123249,0.006342592592592677,0.01696793369375693,0.31077866328330583,0.12340972258345038,0.11201704397914758,0.0,0.7482074029811283,0.602259167682698,0.2955658569497911,0.32072402818263085,0.41780826098666646,sad,04,18,18,female,strong,2125
50,1.6683333333333334,True,1.0,0.21626941551572576,0.1908037997206523,0.20353660761818904,1.0651889052398897,-0.07773148148148151,-0.08226851851851846,0.4336643983411916,0.3827431353954085,0.18264557246431654,0.19108029253491973,0.02546561579507345,0.004537037037036951,0.015908364505667405,0.28725390139840257,0.12107609199566931,0.1145353994042143,0.0,0.681632255158879,0.5965257955604116,0.2979926503317244,0.33055688314477105,0.43062033442723413,sad,04,18,18,female,strong,2125
60,2.0020000000000002,True,1.0,0.15271886982194294,0.153932015796201,0.15332544280907195,0.7223906088827939,-0.07722222222222225,-0.08328703703703705,0.42090880777698664,0.2293303520262832,0.20070394796348637,0.21224728135128432,0.001213145974258062,0.006064814814814801,0.015973599084862546,0.38425655569175243,0.12453991597194314,0.11075914002868939,0.0,0.7091312995308487,0.5864311477168993,0.2901628412379262,0.3227385749457198,0.4137290827837766,sad,04,18,18,female,strong,2125
70,2.3356666666666666,True,1.0,0.14670448617764797,0.1921216299337973,0.16941305805572265,1.0006556629255743,-0.07124999999999992,-0.08013888888888887,0.40986153363915434,0.3531030078887158,0.20277928274864848,0.16930205297636244,0.04541714375614933,0.008888888888888946,0.01546322897535518,0.2847458085231407,0.12419345234294836,0.11114748834401403,0.0,0.8269833241056675,0.5896731001228616,0.2960677076445449,0.33689706732811125,0.42818800782916344,sad,04,18,18,female,strong,2125
80,2.6693333333333333,True,1.0,0.20864672332571355,0.19691713080538656,0.20278192706555004,1.0256406171198678,-0.07569444444444445,-0.08074074074074078,0.40358451281671665,0.2444370477465269,0.2062514796348441,0.19771245763939035,0.011729592520326987,0.0050462962962963265,0.01657478875648473,0.2879700763684983,0.122088617912448,0.11345548530535395,0.0,0.9999999987499999,0.5862990155593488,0.2931372402341207,0.32451664788124507,0.42226857717905064,sad,04,18,18,female,strong,2125
90,3.003,True,1.0,0.1911672014040075,0.20607844727556998,0.19862282433978873,0.7051678584255786,-0.0729629629629629,-0.07939814814814816,0.4215990448525514,0.14780304025125604,0.2034905944329861,0.2816674384213313,0.014911245871562478,0.006435185185185266,0.030047665162802346,0.41749565260185534,0.12536523753645507,0.10982410931855442,0.0,0.690477885251963,0.5871171780196454,0.29333606311212523,0.3176654170122423,0.4134612898800447,sad,04,18,18,female,strong,2125
100,3.336666666666667,True,1.0,0.2561051557999222,0.24408705202775857,0.2500961039138404,0.6199802692661797,-0.0724537037037038,-0.07907407407407402,0.4114750229578542,0.15788393840570658,0.20486260077730523,0.4033936502686753,0.01201810377216364,0.006620370370370221,0.014717196008600948,0.46687596593957903,0.125168904891819,0.11004782150668382,0.0,0.7026834079826622,0.5893222985913116,0.2912605361908957,0.30557777160934013,0.40869642179837995,sad,04,18,18,female,strong,2125
110,3.6703333333333332,True,1.0,0.269475428106327,0.281393249651527,0.275434338878927,0.588338524499435,-0.07902777777777792,-0.08412037037037035,0.4091654601105789,0.1823734021431064,0.2083391926259381,0.4681562185873679,0.011917821545199991,0.0050925925925924265,0.015146987749434671,0.4841326246232538,0.12377257067543294,0.11161598684014722,0.0,0.7928968700136498,0.5917070762132978,0.2900872657342503,0.2950130323347781,0.4024010049498108,sad,04,18,18,female,strong,2125
0,0.0,True,1.0,0.4786615774398024,0.457893753822332,0.4682776656310672,0.7296983680427647,-0.08828703703703705,-0.08726851851851858,0.36150601038594943,0.30397502703804563,0.21181456055111778,0.6417414182891846,0.020767823617470427,0.0010185185185184742,0.002923532065807688,0.3649741460886514,0.1219221798588199,0.11363432504334306,0.0,0.8291490912307473,0.6035538513530412,0.29236954140258387,0.2886856620166425,0.407241779457897,angry,05,18,18,female,normal,2126
10,0.33366666666666667,True,1.0,0.506743448497087,0.4635197421410393,0.48513159531906314,0.7433997278159247,-0.08615740740740752,-0.08615740740740746,0.3605198827144911,0.30397502703804546,0.21250897556871712,0.6525851129167859,0.043223706356047664,5.551115123125783e-17,0.004166978889563118,0.35824742573034063,0.12513995382495682,0.11008074185241455,0.0,0.6490693415770197,0.6017244688578556,0.2910155225078102,0.29538386106450304,0.4092136101007704,angry,05,18,18,female,normal,2126
20,0.6673333333333333,True,1.0,0.47084859094391507,0.45687890841526335,0.4638637496795892,0.7116457784007703,-0.08699074074074081,-0.0855555555555556,0.36280545841514367,0.29533360906460787,0.21111436361740882,0.651818311522899,0.013969682528651717,0.001435185185185206,0.0010361951692008785,0.3926002440855554,0.12373106521442058,0.11166199564220244,0.0,0.7578762114859968,0.6000049715120424,0.29102781427610025,0.29205018156441753,0.4089498672265791,angry,05,18,18,female,normal,2126
30,1.0010000000000001,True,1.0,0.42972850749356384,0.4294020074155398,0.4295652574545518,1.158372106706175,-0.09263888888888883,-0.09074074074074073,0.3931127926444917,0.38815008946621077,0.2145847555070186,0.3708352911535641,0.000326500078024039,0.0018981481481480933,0.0023436019344069106,0.27606724627171947,0.1203463273084157,0.11530194826022924,0.0,0.8767302881723646,0.5992555965120423,0.2956537442099712,0.3097835483058238,0.42175378620570253,angry,05,18,18,female,normal,2126
40,1.3346666666666667,True,1.0,0.5324314831792115,0.5179176265223094,0.5251745548507605,1.3099108146816403,-0.08842592592592585,-0.08634259259259253,0.36241318578858617,0.5814016968811835,0.20972367735997205,0.4009239018141846,0.01451385665690208,0.002083333333333326,0.0039935178234995275,0.24105554582076705,0.12436988018144945,0.11095003683441995,0.0,0.6673875371521389,0.589440125135992,0.29360146689216826,0.3194731830526517,0.42752099878685207,angry,05,18,18,female,normal,2126
50,1.6683333333333334,True,1.0,0.5312282371875011,0.49065880407376705,0.5109435206306341,1.5721062042044212,-0.08481481481481473,-0.08393518518518528,0.3296036092922149,0.719926538108356,0.20138926772743346,0.32500572751648277,0.040569433113734066,0.0008796296296294526,0.007207630507273297,0.18422998202977373,0.1231160789221027,0.112339703047616,0.0,0.6739603227999337,0.5899474687531263,0.290824169255395,0.3115359524401585,0.43035291707638496,angry,05,18,18,female,normal,2126
60,2.0020000000000002,True,1.0,0.5402331113086253,0.5318292533268519,0.5360311823177386,0.7945916524252626,-0.07856481481481481,-0.08134259259259258,0.40109245940600036,0.15648774508073687,0.21458368887763826,0.6745995640423071,0.008403857981773344,0.002777777777777768,0.012475452294671582,0.31674755286516276,0.11382249543213041,0.12174652891262107,0.0,0.7071067807446058,0.6423183471669919,0.31155763926146873,0.2802537195536332,0.44005149134046323,angry,05,18,18,female,normal,2126
70,2.3356666666666666,True,1.0,0.4962124714328031,0.4781599293394404,0.48718620038612176,0.671496581776408,-0.07560185185185192,-0.07907407407407402,0.4025980716295661,0.08992804139277875,0.21875139508483712,0.7255229789812138,0.01805254209336271,0.003472222222222099,0.015475911419733604,0.39334586142393835,0.1235180695854209,0.11189756143767614,0.0,0.716712310202875,0.5893220230045143,0.28849040994329334,0.31157916353085274,0.4230619534029938,angry,05,18,18,female,normal,2126
80,2.6693333333333333,True,1.0,0.5515112510539057,0.5243560700814975,0.5379336605677016,1.0234372854389762,-0.07740740740740748,-0.07777777777777772,0.3158301225010396,0.3988395303548961,0.22500847694534898,0.5256146792980767,0.02715518097240821,0.00037037037037024323,0.005967366975679554,0.2981570047491236,0.12266059979848276,0.11283685136886826,0.0,0.7726759661623197,0.5788672907053446,0.289796381117771,0.2955837679181131,0.40444681598080795,angry,05,18,18,female,normal,2126
90,3.003,True,1.0,0.5440233238852356,0.5408879050939694,0.5424556144896024,0.7069006439693045,-0.07550925925925933,-0.07810185185185187,0.3589566592429454,0.20672345163603664,0.21944479211278065,0.7673717927934965,0.003135418791266109,0.0025925925925925353,0.014599062538519114,0.3820539549919403,0.1199589644189648,0.11554012583210886,0.0,0.9999999987499999,0.5841112357208508,0.2882741316205444,0.29183170657825996,0.4142368609011039,angry,05,18,18,female,normal,2126
100,3.336666666666667,True,1.0,0.5095816371614322,0.4891585822104354,0.4993701096859338,0.6964735869947508,-0.07490740740740742,-0.07810185185185187,0.3623807590248881,0.20367420104251344,0.2208388609764167,0.7169979149398776,0.020423054950996833,0.003194444444444444,0.015623868018415393,0.39311956150018745,0.12362190345199185,0.11178283748673198,0.0,0.9999999987499999,0.5863534047994198,0.28842632072996316,0.3004745542936131,0.41801867472077797,angry,05,18,18,female,normal,2126
110,3.6703333333333332,True,1.0,0.4683719780700548,0.4710656877745306,0.4697188329222927,0.6628251278239414,-0.07495370370370374,-0.07824074074074078,0.35904066044873745,0.20547578962542226,0.218753138928372,0.7086617769974748,0.0026937097044757996,0.0032870370370370328,0.018353226947600807,0.40549352645880743,0.12328482492313422,0.11215449038488114,0.0,0.660387726492754,0.5891574618050345,0.2872557431007404,0.3011385725217964,0.4172921581546841,angry,05,18,18,female,normal,2126
0,0.0,True,1.0,0.4786615774398014,0.461310090734857,0.4699858340873292,0.6251946404465752,-0.0828240740740741,-0.0829629629629629,0.3873649424284007,0.23757396336969883,0.21041992990714242,0.7517432231210736,0.017351486704944408,0.00013888888888879958,0.0076031571142136725,0.4274999999999998,0.12506492006705391,0.11016598176728133,0.0,0.6983373989370976,0.5982493075824079,0.2931471568838654,0.2922767124563405,0.4095432208180277,angry,05,18,18,female,normal,2127
10,0.33366666666666667,True,1.0,0.7435146604616777,0.7105056406703942,0.727010150566036,0.9862348929549137,-0.0766203703703704,-0.08009259259259255,0.34851224790026075,0.4166666666666675,0.21112881859473498,0.7371571983098266,0.033009019791283456,0.0034722222222221544,0.019975559603264494,0.2697003140543232,0.11975872421950454,0.11591214665761922,0.0,0.7497042389233831,0.5997720120079282,0.29128749461587433,0.2811821290835933,0.4163587722549303,angry,05,18,18,female,normal,2127
20,0.6673333333333333,True,1.0,0.6059454029012874,0.5537964693563823,0.5798709361288348,1.108913666321153,-0.08171296296296299,-0.08384259259259264,0.3397478723005718,0.48336005506355634,0.2041681613997155,0.5229180176420498,0.05214893354490513,0.002129629629629648,0.009402146951088226,0.25992498895109484,0.12213493668086954,0.11323749848952072,0.0,0.7071067807446058,0.5915157441648535,0.2920144751272074,0.2926820309834395,0.4155325726892912,angry,05,18,18,female,normal,2127
30,1.0010000000000001,True,1.0,0.4210069572744475,0.40292567519997385,0.4119663162372107,1.3110089985013933,-0.10615740740740737,-0.10629629629629628,0.3906170859632043,0.5084684266841765,0.22377618629203644,0.3142360706205121,0.018081282074473626,0.0001388888888889106,0.019038824981792442,0.24707602516121638,0.1209321505248439,0.11435464504757153,0.0,0.7071067807446058,0.5900768504198554,0.2935571723206234,0.3219226551058745,0.44447989508859526,angry,05,18,18,female,normal,2127
40,1.3346666666666667,True,1.0,0.6472589095865183,0.6311154005451597,0.639187155065839,1.3216817539978258,-0.08060185185185192,-0.0834259259259259,0.3737749028356444,0.5653949860271702,0.19889095009340102,0.4836165386504159,0.01614350904135864,0.002824074074073979,0.025846122174045225,0.2342993702953238,0.12055116069823202,0.11492211047548995,0.0,0.7071067807446058,0.5803297871492348,0.292991802304263,0.32550166472826975,0.44787493884787855,angry,05,18,18,female,normal,2127
50,1.6683333333333334,True,1.0,0.527696271035126,0.47763488632657536,0.5026655786808507,1.4637704110785557,-0.06356481481481485,-0.06305555555555553,0.3284386902651583,0.6732385383228316,0.18474865360190323,0.3434046588702867,0.050061384708550594,0.0005092592592593204,0.015012619544321225,0.2027179017389543,0.12465511263540667,0.11062947466179637,0.0,0.6843071888704334,0.5773491718796894,0.2925051762548341,0.31849327190291327,0.42824479129028276,angry,05,18,18,female,normal,2127
60,2.0020000000000002,True,1.0,0.595363038316373,0.5505267989370413,0.5729449186267072,0.7898869622175123,-0.07500000000000007,-0.07893518518518522,0.4094835908973088,0.07548066227326838,0.21602308540490503,0.7253505197987234,0.04483623937933179,0.003935185185185153,0.03175004637761239,0.3145851919461207,0.12072572817156851,0.1149046401453684,0.0,0.7335020840687625,0.5735942829475541,0.28911671884108264,0.3108574750947889,0.4317903765426576,angry,05,18,18,female,normal,2127
70,2.3356666666666666,True,1.0,0.5597244117272716,0.5229560501260493,0.5413402309266604,0.8825214005447239,-0.0781944444444444,-0.08032407407407405,0.3644131148841405,0.24655312246553132,0.21528344806600502,0.6134018173298978,0.03676836160122232,0.002129629629629648,0.021926991105456026,0.3060242987127913,0.1218245452053577,0.11373899047787846,0.0,0.9999999987499999,0.5746797982396084,0.2874883997640309,0.3082119679426554,0.4185301661780827,angry,05,18,18,female,normal,2127
80,2.6693333333333333,True,1.0,0.5632513395807727,0.5479321419775955,0.5555917407791842,1.1095375421881184,-0.08384259259259252,-0.08865740740740735,0.3793487866323281,0.397131555707659,0.2097236773599721,0.5007417231538664,0.015319197603177126,0.004814814814814827,0.020454081190183226,0.24926940413864598,0.1229685510669457,0.11250116985280638,0.0,0.7529600911267342,0.5858123487832634,0.29176488535301426,0.31396523063386117,0.41889791839565677,angry,05,18,18,female,normal,2127
90,3.003,True,1.0,0.514257583034849,0.4835167776678956,0.4988871803513723,1.1581754519553278,-0.07962962962962966,-0.08370370370370378,0.306965236582384,0.5173183685400466,0.2209110531107526,0.43075268044155973,0.03074080536695345,0.004074074074074119,0.004373180566935823,0.2478588868242928,0.12375284596600732,0.11163785596830877,0.0,0.7172416334900783,0.5712157874008978,0.2860486295420794,0.2945630981503283,0.39084804358385483,angry,05,18,18,female,normal,2127
100,3.336666666666667,True,1.0,0.4978757588980551,0.4701360961493516,0.4840059275237033,0.7290174573231943,-0.07796296296296307,-0.08032407407407405,0.365155526344352,0.20177143905913922,0.22014755301501812,0.6639154147294029,0.027739662748703486,0.0023611111111109806,0.0076072410250138875,0.3533540773356795,0.12363601881331181,0.11176722516864877,0.0,0.6915101544194446,0.5756131573332457,0.28683242925193336,0.30026934733234095,0.3996822516715999,angry,05,18,18,female,normal,2127
110,3.6703333333333332,True,1.0,0.5325930498887042,0.5230733446087293,0.5278331972487167,0.6941403371554694,-0.07833333333333331,-0.08097222222222233,0.36392907534324154,0.20953999891728256,0.2166951869875864,0.7604127998262342,0.00951970527997481,0.002638888888889024,0.007194952434248283,0.37335305917574413,0.12443142071727668,0.11088101419230842,0.0,0.7071067807446058,0.5795283706607643,0.2877419517925392,0.3002368442544914,0.40538909593619016,angry,05,18,18,female,normal,2127
120,4.0040000000000004,True,1.0,0.5017861686978559,0.48821877982997713,0.4950024742639165,0.7320123695399499,-0.07777777777777772,-0.07847222222222228,0.3590516157109746,0.23290084661285623,0.21529053571627524,0.6762214613600209,0.013567388867878727,0.000694444444444553,0.010033215950910099,0.349605185878956,0.1235499852201798,0.11186232127925584,0.0,0.6932764387366293,0.5832661003932824,0.2872525036179165,0.29940860184061663,0.40594496388680096,angry,05,18,18,female,normal,2127
0,0.0,True,1.0,0.48772005588624767,0.45658860878483426,0.47215433233554094,0.7025552571382027,-0.08074074074074072,-0.08208333333333329,0.3801166926171817,0.26823434300592686,0.20486148352867514,0.6720529489151078,0.031131447101413412,0.001342592592592562,0.01139042353873403,0.38904109110731316,0.12646911044353795,0.10855110259175278,0.0,0.703811801998102,0.6073489689704006,0.2912693448425875,0.2945870564553548,0.4100594514907169,angry,05,18,18,female,normal,2128
10,0.33366666666666667,True,1.0,0.42290495924306154,0.4134039293004281,0.4181544442717448,0.690177097289041,-0.07898148148148149,-0.08226851851851857,0.3819259857898344,0.26199746193623413,0.20416704035095481,0.6058654306470341,0.009501029942633465,0.0032870370370370883,0.011656800107351963,0.39624478121296614,0.12494430033125793,0.11030276326953746,0.0,0.694202950361627,0.6058611088654212,0.29071600248720336,0.2931883594943949,0.4081319072829584,angry,05,18,18,female,normal,2128
20,0.6673333333333333,True,1.0,0.4515982829731449,0.42715041445424645,0.4393743487136957,0.6929638701846429,-0.08106481481481476,-0.0830555555555555,0.3870814359405785,0.25828653343245805,0.20277815402154267,0.6340508756922965,0.024447868518898463,0.0019907407407407374,0.017302299775535837,0.3988636363636365,0.12220524619651768,0.11332985295891483,0.0,0.8735555275597146,0.6053240870176195,0.2911836475666275,0.289502047603952,0.4105343304233539,angry,05,18,18,female,normal,2128
30,1.0010000000000001,True,1.0,0.5260415117430526,0.4999864185293369,0.5130139651361947,1.5239231890484488,-0.07481481481481494,-0.07689814814814827,0.33233709263531275,0.6227479637241775,0.20070394796348634,0.3366403036733926,0.026055093213715685,0.002083333333333326,0.009477010534460357,0.20103912933095108,0.12430530566570393,0.11102237951572144,0.0,0.7460282410306219,0.6033772213338462,0.29120562860342664,0.31548373206906977,0.4366548931363769,angry,05,18,18,female,normal,2128
40,1.3346666666666667,True,1.0,0.4953595899049606,0.47133481394237264,0.48334720192366665,1.1885876801154915,-0.07953703703703713,-0.07888888888888895,0.3952378179726506,0.44109565920952776,0.20713937839184599,0.4066567490222524,0.024024775962587952,0.0006481481481481755,0.006828787958421924,0.26276230585105476,0.12330689716662788,0.11213022287038703,0.0,0.7231528158693292,0.5957733759519434,0.29245433081810723,0.3186556395319029,0.4295544269124332,angry,05,18,18,female,normal,2128
50,1.6683333333333334,True,1.0,0.47756737580811165,0.47717437361096265,0.47737087470953715,1.3436887798437835,-0.07939814814814816,-0.07907407407407419,0.3760407838196265,0.48958662409675696,0.21414876455956755,0.3552689297331455,0.000393002197148995,0.0003240740740739767,0.029487937646685204,0.24857926719013895,0.12180457557144966,0.11376037596360948,0.0,0.6975181268361291,0.5828669609953356,0.28521784240266623,0.3232075810474582,0.4306204199468423,angry,05,18,18,female,normal,2128
60,2.0020000000000002,True,1.0,0.49263630263309993,0.4781650248274584,0.4854006637302791,1.1702036034828318,-0.08171296296296293,-0.07912037037037029,0.34081266404773225,0.47587934121826697,0.21640453076962268,0.4148001786061843,0.014471277805641558,0.0025925925925926463,0.036708837217466116,0.2689680580435318,0.1265596604694504,0.10844551679129873,0.0,0.6708718292570477,0.5728915560911865,0.28206536859115566,0.3166892767339446,0.4255684011179968,angry,05,18,18,female,normal,2128
70,2.3356666666666666,True,1.0,0.5119855692233533,0.5092171181807879,0.5106013437020706,1.1452952043606226,-0.0827314814814814,-0.07828703703703699,0.30476551585664724,0.549666839577831,0.219486761506389,0.4458250953623097,0.0027684510425654008,0.0044444444444444176,0.0374596384487477,0.24967891104779427,0.1272104983224018,0.10768132097506401,0.0,0.6929920859752698,0.5735367258856668,0.2843314466545337,0.31057030519726425,0.4068610100302162,angry,05,18,18,female,normal,2128
80,2.6693333333333333,True,1.0,0.526590220297035,0.5042625130053717,0.5154263666512033,0.8342737588472263,-0.08152777777777787,-0.07972222222222236,0.3500395935158528,0.3504221986208187,0.21858707987958165,0.6178144298382386,0.022327707291663224,0.0018055555555555047,0.027646676099753197,0.3271702518674965,0.12517292755333492,0.11004324594351439,0.0,0.6787474196502973,0.5837366793201655,0.28240943203714164,0.30130670997413456,0.4074834191258562,angry,05,18,18,female,normal,2128
90,3.003,True,1.0,0.5073702596527261,0.4977131328227004,0.5025416962377133,0.7988195457846359,-0.08060185185185192,-0.07912037037037045,0.34427334064238685,0.3582062423254636,0.21587269824847907,0.6291054079605608,0.009657126830025675,0.0014814814814814725,0.030783891601102203,0.33994832912236955,0.12672263758587188,0.10825502710527572,0.0,0.6923440720646233,0.5834368823232419,0.2830897479721886,0.3040193905007414,0.41109285674709406,angry,05,18,18,female,normal,2128
100,3.336666666666667,True,1.0,0.5203238110589344,0.4837635110144319,0.5020436610366832,0.7818810762241555,-0.08300925925925928,-0.07912037037037029,0.3469661526553447,0.3499065160782137,0.21645529236743224,0.6420972144013799,0.03656030004450256,0.003888888888888997,0.03267932561453274,0.35528317049194813,0.12602843418994594,0.10906242041075699,0.0,0.6705306156764257,0.5837157389752776,0.28244649593417415,0.30644949971324387,0.40959583770348706,angry,05,18,18,female,normal,2128
0,0.0,True,1.0,0.48357678029013046,0.4487805406265249,0.4661786604583277,0.7030981910796767,-0.08013888888888904,-0.08074074074074072,0.3751827968881585,0.2798765122433216,0.20560046097837106,0.6630349307860746,0.034796239663605566,0.0006018518518516869,0.008339694210210162,0.3753755160800456,0.1244896666241395,0.11081561565886133,0.0,0.7894593130588226,0.6039557060871223,0.2925687754914109,0.29098888626611324,0.4107921798932598,angry,05,18,18,female,normal,2129
10,0.33366666666666667,True,1.0,0.4849423872119685,0.4782705168346526,0.48160645202331054,0.6914911134753031,-0.07990740740740743,-0.08143518518518528,0.3764195813354702,0.28044737386513025,0.20352620930066811,0.6964752585219033,0.006671870377315869,0.00152777777777785,0.004155995077517533,0.3930531642224924,0.12176087437037704,0.11296701954386568,0.0,0.8001441414159034,0.6027916691911139,0.2952985002293045,0.2874173729581446,0.4114364287460538,angry,05,18,18,female,normal,2129
20,0.6673333333333333,True,1.0,0.6828146637770188,0.6324102996737586,0.6576124817253888,0.6858327467395435,-0.07125000000000004,-0.07310185185185175,0.3791414699768825,0.2716838524544406,0.20352620930066811,0.9588525553083982,0.05040436410326021,0.0018518518518517157,0.0035419360865930265,0.3819894266778384,0.12290806231445085,0.11239787382529112,0.0,0.7231809555496593,0.6023373136129452,0.2934466575936251,0.29671695549364063,0.43123814170504066,angry,05,18,18,female,normal,2129
30,1.0010000000000001,True,1.0,0.5555320086995165,0.51381273741495,0.5346723730572333,1.1072198324427338,-0.08069444444444446,-0.07916666666666672,0.33710976863471226,0.46832957033247846,0.20029884898882963,0.48289631145573514,0.04171927128456643,0.001527777777777739,0.023328394169027034,0.23930212122524752,0.12167337029069204,0.11390069680159635,0.0,0.6924991395523699,0.6001866184286214,0.28977881682288126,0.30162294350316277,0.4351052417339535,angry,05,18,18,female,normal,2129
40,1.3346666666666667,True,1.0,0.698478670243096,0.6927298728335535,0.6956042715383247,0.6848059962502165,-0.07509259259259266,-0.07342592592592595,0.38870738745601446,0.2320524147324628,0.20146277698220036,1.0157683714033408,0.005748797409542483,0.0016666666666667052,0.02743555210546824,0.35255194334132955,0.1186964682475952,0.11699968459178459,0.0,0.6894882332788392,0.5935101805565977,0.2937292858852684,0.3042861833598383,0.43408419195698733,angry,05,18,18,female,normal,2129
50,1.6683333333333334,True,1.0,0.22305395191941904,0.19965015213363657,0.2113520520265278,0.9839615949709721,-0.09907407407407415,-0.09856481481481477,0.3914306368071795,0.32361448117088765,0.20633943490354809,0.21479705418051698,0.02340379978578247,0.0005092592592593759,0.0371684683054513,0.28365197752146265,0.12314863719888772,0.11230401117366968,0.0,0.9999999987499999,0.5970353564472664,0.29280054226174773,0.31542339479550613,0.426855014414469,angry,05,18,18,female,normal,2129
60,2.0020000000000002,True,1.0,0.5533604032496567,0.5133349763497348,0.5333476897996958,1.068789289320634,-0.08601851851851855,-0.08393518518518517,0.38530944453489263,0.40509813139777967,0.2069328333294783,0.4990204291237923,0.040025426899921945,0.0020833333333333814,0.038369459109023556,0.2607133123213955,0.12237449002875801,0.11314708109295736,0.0,0.6992550763289637,0.5958359633775384,0.29277016236289455,0.3157188773514359,0.4402468693760262,angry,05,18,18,female,normal,2129
70,2.3356666666666666,True,1.0,0.6080410216889681,0.5789146015914524,0.5934778116402102,1.352436822418176,-0.08703703703703713,-0.08546296296296307,0.2966094292716803,0.6599848081446351,0.21358379937360872,0.43882109818561693,0.02912642009751576,0.001574074074074061,0.024475171583849518,0.208908093946602,0.11874525475076791,0.11695016991697427,0.0,0.6861883300125554,0.5861442008365847,0.2945687406481188,0.29409849794104154,0.4084307013512819,angry,05,18,18,female,normal,2129
80,2.6693333333333333,True,1.0,0.5495795499486907,0.5480715800636381,0.5488255650061644,0.8936604393556764,-0.07763888888888903,-0.07870370370370372,0.34570251674886093,0.32309262038243675,0.22017354334773534,0.6141321030187531,0.0015079698850526402,0.0010648148148146852,0.002354221628221864,0.31191809727600556,0.1248029857512233,0.11046262950686643,0.0,0.6752180010228128,0.5871346649909965,0.287903963659365,0.3017488840565141,0.4053502513938067,angry,05,18,18,female,normal,2129
90,3.003,True,1.0,0.5442531689834512,0.5381022899964133,0.5411777294899323,0.7777092471415702,-0.07740740740740754,-0.08004629629629628,0.34826357191906415,0.30697554513722325,0.21882845970163617,0.6958612508196383,0.006150878987037922,0.0026388888888887463,0.00039750037507213835,0.35567875724426196,0.12340174101330068,0.11202583668431026,0.0,0.690021222040853,0.5909320084596338,0.28580204006746834,0.29530642956342135,0.40961367680252486,angry,05,18,18,female,normal,2129
100,3.336666666666667,True,1.0,0.5524763086813252,0.5292944692789769,0.540885388980151,0.7603438436692785,-0.07824074074074072,-0.07944444444444443,0.3435454336781039,0.3110334880520953,0.21744007197121554,0.7113694593355795,0.023181839402348303,0.0012037037037037068,0.0034375425572007227,0.35977803099598316,0.12293549824480308,0.11236786503989782,0.0,0.65888329879522,0.5911972015915742,0.2866595219175119,0.29609021521574896,0.4068347392571955,angry,05,18,18,female,normal,2129
0,0.0,True,1.0,0.4906419064945718,0.45003209375724196,0.47033700012590685,0.7227248519292253,-0.08712962962962956,-0.08592592592592585,0.35057270794793705,0.2998470469339685,0.21668920155246418,0.6507829347093849,0.04060981273732983,0.0012037037037037068,0.002638708855752636,0.38373998686727556,0.12648758734820864,0.1085295720862413,0.0,0.6733133494119123,0.5975338626388055,0.2918046481073525,0.30017936429496966,0.4066462554042921,angry,05,18,18,female,strong,2130
10,0.33366666666666667,True,1.0,0.4790535451202934,0.4498973719066805,0.4644754585134869,0.7102807096025839,-0.0866203703703704,-0.08546296296296302,0.36340219105756577,0.31561183065843734,0.21736988595645537,0.6539322443001023,0.029156173213612913,0.0011574074074073848,0.0035203609325410255,0.39618031098211726,0.1243048618053523,0.11085113961543683,0.0,0.7071067807446058,0.5954017241505979,0.29075137038712695,0.294087791493474,0.40653684826808545,angry,05,18,18,female,strong,2130
20,0.6673333333333333,True,1.0,0.5174806707051626,0.49680918573922406,0.5071449282221934,0.7075866658558176,-0.08685185185185196,-0.08472222222222237,0.360948426074632,0.3069967590493025,0.21251759175804869,0.7167248235363616,0.020671484965938514,0.0021296296296295925,0.006102027470219163,0.39305316422249303,0.12343232525987033,0.11148061270051747,0.0,0.9648841930224766,0.5959479318446129,0.29091280511483303,0.29240501859865514,0.40426116186942584,angry,05,18,18,female,strong,2130
30,1.0010000000000001,True,1.0,0.5544877404640668,0.4841370379004815,0.5193123891822742,1.125305717829355,-0.07777777777777778,-0.07087962962962957,0.45836262918067416,0.27070652625274383,0.20556891687172846,0.4614856042711625,0.07035070256358528,0.006898148148148209,0.003120171987995338,0.2973153328668632,0.11490661620202007,0.11961404469825004,0.0,0.8181821767492989,0.6423773356608269,0.3124626425184022,0.3226945632302618,0.48165088882046087,angry,05,18,18,female,strong,2130
40,1.3346666666666667,True,1.0,0.21605365222538672,0.19665328733660084,0.20635346978099378,1.21624185325953,-0.05652777777777773,-0.053796296296296287,0.4026632358257682,0.3755983904397858,0.18416205219965823,0.16966483206277286,0.01940036488878588,0.002731481481481446,0.0005802346485526275,0.26470185732961915,0.12213566501483317,0.11340483720304206,0.0,0.7412666337348327,0.5730046500397035,0.2885687436380801,0.35673831947166096,0.4446804278428141,angry,05,18,18,female,strong,2130
50,1.6683333333333334,True,1.0,0.21253793477413055,0.18547752397738093,0.19900772937575573,1.0348563740152639,-0.057731481481481495,-0.05689814814814809,0.46968838879376607,0.19784018914997697,0.19452133353920625,0.1923046853387023,0.027060410796749618,0.0008333333333334081,0.001853031959346187,0.30897910802587064,0.12060669451964748,0.11502957448645475,0.0,0.8856414275808313,0.562124833941389,0.2917655479850115,0.36516816043415923,0.4501968095472265,angry,05,18,18,female,strong,2130
60,2.0020000000000002,True,1.0,0.3362225076825949,0.3046771497554213,0.32044982871900807,1.1271950904455053,-0.0890277777777777,-0.09083333333333315,0.451560445190827,0.281798772611377,0.2209331550752438,0.284289588763517,0.031545357927173556,0.0018055555555554492,0.01123599947704476,0.2918136020244342,0.11458924949680657,0.12039379501543324,0.0,0.9999999987499999,0.6321066325670894,0.31266846710943474,0.3151837983974997,0.4603581998354603,angry,05,18,18,female,strong,2130
70,2.3356666666666666,True,1.0,0.4374445930248219,0.39773129530620144,0.4175879441655117,1.8094077145642988,-0.0697222222222223,-0.06740740740740736,0.2758377530909677,0.8708350206174207,0.2000244125725657,0.2307870917119782,0.03971329771862048,0.002314814814814936,0.008466848689006167,0.17872843929906754,0.12011895930284111,0.11553879601828308,0.0,0.7694935398786634,0.5601982532778738,0.29055358422916855,0.31169092615094285,0.38945240763854083,angry,05,18,18,female,strong,2130
80,2.6693333333333333,True,1.0,0.5236102485644863,0.4973437891531172,0.5104770188588018,1.0305570533233763,-0.0694907407407408,-0.06986111111111115,0.3396449737152689,0.400007900262775,0.21599482955988764,0.4953408617335622,0.026266459411369125,0.00037037037037035425,0.00326733670814755,0.29633676851308405,0.12354441925191832,0.1118684684858921,0.0,0.9248993641426773,0.5663112838182148,0.27741025412031634,0.3021940468921952,0.3875289613722782,angry,05,18,18,female,strong,2130
90,3.003,True,1.0,0.6068029384073041,0.5405395079551392,0.5736712231812217,0.6554754081030452,-0.06824074074074071,-0.06763888888888886,0.3390332447439,0.3004056022062987,0.2132001701411734,0.8751986971432446,0.06626343045216498,0.0006018518518518534,0.005913249479546301,0.4340641581704947,0.1216684778894659,0.11373853924716724,0.0,0.9999999987499999,0.6270994007681199,0.30796923072306726,0.2823479780791179,0.414591740996638,angry,05,18,18,female,strong,2130
100,3.336666666666667,True,1.0,0.5928706737090401,0.5657192586544466,0.5792949661817434,0.714186243772487,-0.06787037037037036,-0.06981481481481489,0.33884514708831037,0.3158900693609078,0.21322342920306844,0.8111259090090863,0.02715141505459351,0.0019444444444445264,0.0034205970565008223,0.4007021187394428,0.1264360959151657,0.10858955483844558,0.0,0.927009066816166,0.564778312512505,0.2825251559226649,0.30016384955403363,0.3896091424209131,angry,05,18,18,female,strong,2130
110,3.6703333333333332,True,1.0,0.4481412439799171,0.42640915988423284,0.437275201932075,0.6889548363178485,-0.07087962962962974,-0.07347222222222227,0.3540244569900583,0.3047121964587898,0.2125229766989913,0.6346935660820858,0.02173208409568428,0.0025925925925925353,0.009570072862919414,0.40021696977692334,0.12558267137499118,0.10957540974324162,0.0,0.7071067807446058,0.5701266997580282,0.283130598765322,0.3011677954163662,0.39131194596230784,angry,05,18,18,female,strong,2130
0,0.0,True,1.0,0.48533949813886557,0.4546231353373574,0.4699813167381115,0.7510532814350482,-0.08268518518518514,-0.08296296296296302,0.3566587676486025,0.25944120190543984,0.21389031567999037,0.6257629496539999,0.03071636280150819,0.0002777777777778767,0.008580020153530652,0.35839726529645294,0.12718169502609258,0.1077153388367139,0.0,0.7635293948451458,0.6031965028198779,0.2912678565130225,0.2999532892857205,0.41365146443812684,angry,05,18,18,female,strong,2131
10,0.33366666666666667,True,1.0,0.477342497824851,0.4413098695130829,0.45932618366896694,0.7447218364569536,-0.08185185185185184,-0.08143518518518528,0.35773124035091797,0.26402393430769683,0.21320339077801018,0.6167755008423429,0.03603262831176812,0.00041666666666656527,0.009775519341984696,0.35839726529645294,0.12525449076845688,0.10995039932876723,0.0,0.6799997587485055,0.6028554491484094,0.29064519213383316,0.29870051550714705,0.41620234898762687,angry,05,18,18,female,strong,2131
20,0.6673333333333333,True,1.0,0.5254684502666248,0.45942772192539627,0.49244808609601054,0.758375566649261,-0.08351851851851844,-0.08240740740740743,0.35971232394815356,0.2640239343076967,0.21112881859473498,0.6493459279968621,0.06604072834122854,0.0011111111111110072,0.006965064234936157,0.3619747560717041,0.12356745492127245,0.11184302326953935,0.0,0.8104429994049505,0.6017576122167618,0.2905464034141601,0.29744726678685546,0.41384140492074195,angry,05,18,18,female,strong,2131
30,1.0010000000000001,True,1.0,0.2610391196941383,0.27320776566110994,0.2671234426776241,1.0802878784332675,-0.08703703703703713,-0.08847222222222223,0.47143065010247887,0.21813505237594824,0.2229197469242988,0.24727061000168865,0.012168645966971647,0.001435185185185095,0.008495497257293162,0.2868198728229805,0.12114240732630113,0.11446525637505024,0.0,0.6614140026870319,0.5871433120357519,0.299129139860618,0.3561077101270466,0.45726934593838536,angry,05,18,18,female,strong,2131
40,1.3346666666666667,True,1.0,0.25237707334690257,0.22432505116652005,0.23835106225671132,1.2140986343463158,-0.05481481481481476,-0.05305555555555552,0.37936979651517716,0.38798481029838083,0.1861443130964601,0.19631935619880025,0.028052022180382524,0.0017592592592592382,0.009012233293924667,0.27272810922582064,0.12257043037439111,0.11293479254635327,0.0,0.7492718681912798,0.566097400921306,0.28820547952871517,0.3530274386521843,0.4416739102070589,angry,05,18,18,female,strong,2131
50,1.6683333333333334,True,1.0,0.2984562246040586,0.27699648779035696,0.28772635619720777,1.0518843912575913,-0.06601851851851848,-0.06555555555555559,0.4653277310256917,0.15829092173729611,0.21111689330988623,0.2735342007054725,0.021459736813701613,0.0004629629629628873,0.011452233308499536,0.28960021324937624,0.11849372496536184,0.11720501232020246,0.0,0.7741875728004166,0.5635938510716787,0.2916196349428107,0.352355144612679,0.4437660748762804,angry,05,18,18,female,strong,2131
60,2.0020000000000002,True,1.0,0.412870955862593,0.4194236997918156,0.4161473278272043,1.0861139075160062,-0.0725925925925926,-0.07578703703703704,0.45152429786966897,0.23497312965753633,0.21877232028983923,0.3831525634166244,0.006552743929222615,0.003194444444444444,0.003560021874960508,0.28141020145683665,0.12049602891950797,0.11481409708330881,0.0,0.9999999987499999,0.5739535503341963,0.2953314036775653,0.35210096055405565,0.4416685899257641,angry,05,18,18,female,strong,2131
70,2.3356666666666666,True,1.0,0.5022437599999561,0.47610590525395163,0.4891748326269538,2.0071430306535167,-0.06287037037037041,-0.06041666666666662,0.2775507009509914,0.9213115550540729,0.20358055682318985,0.24371697739332543,0.02613785474600444,0.002453703703703791,0.0035822232439790824,0.16158098742273586,0.12327375037291234,0.11216666277858418,0.0,0.7071067807446058,0.5489014210684274,0.28948990571258326,0.3199944548644773,0.39655611485042686,angry,05,18,18,female,strong,2131
80,2.6693333333333333,True,1.0,0.6376074182387839,0.5925655863085517,0.6150865022736678,1.3481297110864867,-0.0796296296296296,-0.08180555555555552,0.36360087313177375,0.4724753660349839,0.23264708749675422,0.45625172208240733,0.045041831930232146,0.0021759259259259145,0.002483215116924207,0.2470794392523362,0.11781762010522477,0.11788463072859355,0.0,0.8372867404379477,0.6202214291107068,0.3094564012218799,0.3067584898869993,0.4528143562544884,angry,05,18,18,female,strong,2131
90,3.003,True,1.0,0.6165796376883629,0.5923124391314966,0.6044460384099297,0.8251616601929388,-0.07754629629629628,-0.08013888888888909,0.36365670530204897,0.3681352640011483,0.2229170089196166,0.7325183264920458,0.02426719855686632,0.002592592592592813,0.009643172918842285,0.3819961057070176,0.12913106316405046,0.10537051910614957,0.0,0.701127804701055,0.5617608762020433,0.2798820321911718,0.3271015443091355,0.4210050467810298,angry,05,18,18,female,strong,2131
100,3.336666666666667,True,1.0,0.6222893623483161,0.6101608384332201,0.6162251003907682,0.7083442656553917,-0.07675925925925936,-0.07847222222222228,0.34719932654589475,0.34741138361156376,0.22361247586820412,0.8699514208964609,0.012128523915096001,0.0017129629629629162,0.011950182186175723,0.43504351371642763,0.1275896529541,0.10723179672734863,0.0,0.6825675117784938,0.5629339118381728,0.2797739005983132,0.3161977232030326,0.4185972464052102,angry,05,18,18,female,strong,2131
110,3.6703333333333332,True,1.0,0.4440298608826933,0.4150292125496641,0.42952953671617866,0.6710814513904597,-0.08185185185185201,-0.08273148148148157,0.3535831056323424,0.3223822658640444,0.2236196407062924,0.6400557426020447,0.029000648333029233,0.0008796296296295636,0.011264697892940302,0.4636500892146562,0.1276692550908904,0.10713701076195947,0.0,0.6693113384377606,0.5639360680365897,0.2812496254707944,0.30712533492281,0.4007215895817351,angry,05,18,18,female,strong,2131
0,0.0,True,1.0,0.4301981512937668,0.414410594502399,0.42230437289808287,0.6927240470089423,-0.08805555555555555,-0.0889814814814816,0.3834780862163285,0.2518469740373332,0.2152791953638362,0.6096285739198994,0.01578755679136784,0.0009259259259260522,0.013196427335100583,0.3685533874250644,0.12685526985698298,0.10809957576160842,0.0,0.7185044773302405,0.5941934839326356,0.2911608672320152,0.2966153932269422,0.4048226740855696,angry,05,18,18,female,strong,2132
10,0.33366666666666667,True,1.0,0.4717532000217574,0.4338403797320302,0.4527967898768938,0.6752468431870996,-0.08712962962962961,-0.08800925925925934,0.38628099728700266,0.2500778561786303,0.2138892455875565,0.6705648378002582,0.0379128202897272,0.0008796296296297301,0.009958577757533976,0.37497965660345134,0.12573794447702735,0.10939719872468355,0.0,0.8429909836906594,0.592493270941189,0.29067003474185554,0.29615508033175103,0.4044318857335023,angry,05,18,18,female,strong,2132
20,0.6673333333333333,True,1.0,0.47866157743980264,0.45617977227474665,0.4674206748572747,0.7200704120806504,-0.08865740740740746,-0.08819444444444452,0.3777191671028162,0.26354402931625426,0.21319587588304278,0.6491319001799535,0.02248180516505599,0.0004629629629629428,0.011699916820117924,0.3619747560717041,0.12258632496100927,0.11291753939035268,0.0,0.9999999987499999,0.5963495561662163,0.29065749404225916,0.2923791268749321,0.40456532814465035,angry,05,18,18,female,strong,2132
30,1.0010000000000001,True,1.0,0.3706784634953974,0.35496775504233735,0.3628231092688674,1.0656946290607627,-0.09833333333333338,-0.09833333333333333,0.45123283261471764,0.2583460430391683,0.23056746813371862,0.34045691830936337,0.01571070845306005,5.551115123125783e-17,0.005029410977266384,0.2842658374373588,0.12151207206113844,0.1140727579801996,0.0,0.6932483759484669,0.5854441766394058,0.2987206465886103,0.34858370438634245,0.44510279636947236,angry,05,18,18,female,strong,2132
40,1.3346666666666667,True,1.0,0.22130026993893798,0.21454461224460603,0.217922441091772,1.1612050266748357,-0.07717592592592587,-0.08287037037037032,0.42659159986399625,0.35290988690151454,0.2069890485537468,0.1876692195484229,0.006755657694331951,0.005694444444444446,0.003655180440685288,0.2654270692566647,0.12219608699574062,0.11333972865967198,0.0,0.7936226650044353,0.5720564764655863,0.2962069183578629,0.35570197651571606,0.45375513574244875,angry,05,18,18,female,strong,2132
50,1.6683333333333334,True,1.0,0.23330802084302646,0.22746063708225056,0.2303843289626385,1.0640287767756746,-0.0841203703703704,-0.08870370370370367,0.4905800140693831,0.32209855437743745,0.20347259718188104,0.2165207689784217,0.005847383760775898,0.004583333333333273,0.011933464410348503,0.28394448214410234,0.1178224555585531,0.11787979782530218,0.0,0.8499954833278842,0.5787216983043216,0.29754413041809846,0.3402854725232681,0.4418896834141125,angry,05,18,18,female,strong,2132
60,2.0020000000000002,True,1.0,0.28884905576835196,0.27548767584341055,0.2821683658058812,1.1735674082836758,-0.06032407407407414,-0.060324074074074086,0.4542718941958793,0.2854586772551996,0.19308756342655742,0.24043643664111983,0.013361379924941408,5.551115123125783e-17,0.0025818211241616013,0.26872868260888394,0.11723433324204903,0.11846471575312649,0.0,0.6482953648822166,0.6250562024731767,0.31275800160855105,0.3201313179610595,0.4613865004425389,angry,05,18,18,female,strong,2132
70,2.3356666666666666,True,1.0,0.42113358395009304,0.39397127004771676,0.4075524269989049,2.119435721529819,-0.057592592592592584,-0.05754629629629637,0.2708467778479371,1.0169454494599928,0.18691008021618244,0.1922928932728998,0.02716231390237628,4.6296296296211015e-05,0.00020236935793782197,0.15422752373201135,0.1227398496086965,0.11275064118562438,0.0,0.7071067807446058,0.5557852082317303,0.2876285149235662,0.3239731534567128,0.40994845950725955,angry,05,18,18,female,strong,2132
80,2.6693333333333333,True,1.0,0.3939728955208383,0.3743584908920357,0.384165693206437,1.265556118409227,-0.05717592592592591,-0.06092592592592583,0.42678103247673765,0.2886039885346834,0.20902923774983853,0.3035548464570057,0.019614404628802595,0.00374999999999992,0.01590602970222377,0.26163157234551315,0.11902456150952104,0.11650247885375137,0.0,0.9999999987499999,0.5605436640671895,0.2863213374859382,0.3258574954819179,0.41315039229679995,angry,05,18,18,female,strong,2132
90,3.003,True,1.0,0.49161618801647056,0.4530389935887088,0.4723275908025897,1.0509022235484886,-0.06347222222222226,-0.06805555555555554,0.37585974240846903,0.3190238892915056,0.20834651650997263,0.4494496064607446,0.03857719442776175,0.004583333333333273,0.011472043483948233,0.30803571428571414,0.12503713906636016,0.11002448671325228,0.0,0.7904043992136724,0.5659341545993398,0.2875616003464938,0.32008927068119775,0.41235805837163475,angry,05,18,18,female,strong,2132
100,3.336666666666667,True,1.0,0.2256925176979227,0.20912283505403143,0.21740767637597708,0.8753529640571212,-0.07527777777777783,-0.07981481481481478,0.3605667637160071,0.32825736152142027,0.2083699512089982,0.24836572822959008,0.016569682643891276,0.004537037037036951,0.00980756586901681,0.37253302036885055,0.1259315060803337,0.10917432640741802,0.0,0.7894446835249359,0.5638507483305821,0.2846726095102028,0.308398248160901,0.4038469196771102,angry,05,18,18,female,strong,2132
110,3.6703333333333332,True,1.0,0.4117805154815175,0.40797319163604284,0.4098768535587802,0.7167680027168903,-0.0668981481481482,-0.07027777777777772,0.3710715715298744,0.2514485745734499,0.21181456055111783,0.5718403332809957,0.003807323845474664,0.0033796296296295103,0.014923297114803065,0.42570738158359056,0.12520470594392813,0.11000708786027835,0.0,0.6877402638801675,0.5614981591621023,0.28457025404370456,0.3016101188812698,0.3958507089036323,angry,05,18,18,female,strong,2132
0,0.0,True,1.0,0.4835767802901304,0.45701572088821124,0.4702962505891708,0.6916227070534325,-0.08856481481481476,-0.08861111111111108,0.37687931851496426,0.24953612692621432,0.216717366864528,0.6799896038590261,0.026561059401919163,4.629629629632204e-05,0.00841755980516017,0.37649787149306,0.12633644552869042,0.10870547502940166,0.0,0.6868643225720775,0.5976870241221489,0.29201618600946905,0.2966624371225145,0.40499890421526574,angry,05,18,18,female,strong,2133
10,0.33366666666666667,True,1.0,0.4873862024858882,0.4720401430860054,0.47971317278594683,0.6777836874625193,-0.08800925925925929,-0.08717592592592593,0.3784902246116924,0.242760399653875,0.216717366864528,0.7077673624484722,0.015346059399882817,0.0008333333333333526,0.008080229397338037,0.38589800230675175,0.12275161077940284,0.11273783668675659,0.0,0.6778995005711839,0.5983272908382103,0.2927757768928649,0.2929979584334652,0.40732096486690444,angry,05,18,18,female,strong,2133
20,0.6673333333333333,True,1.0,0.502395577135935,0.49219060725225494,0.49729309219409495,0.6754381442300946,-0.08796296296296297,-0.08629629629629632,0.37340368628759285,0.24017367555520566,0.21255169407993432,0.7362526035021901,0.010204969883680026,0.0016666666666666496,0.009383551765841507,0.3911119116659918,0.1263185047184745,0.10872632218542369,0.0,0.667842101861794,0.5966157103935325,0.29181919163217995,0.2975766482277238,0.4071134640335398,angry,05,18,18,female,strong,2133
30,1.0010000000000001,True,1.0,0.4428588797973792,0.4403467750942225,0.4416028274458008,1.2904831902163758,-0.07629629629629625,-0.07495370370370374,0.38284801432306304,0.396082757330007,0.20428770460881954,0.3421995968593416,0.0025121047031567145,0.0013425925925925064,0.0031779152763968654,0.24683929277055275,0.1218002507978261,0.11376500637473934,0.0,0.9229953770659212,0.5866284815723164,0.2956161729935185,0.3425480239515317,0.4466097898432678,angry,05,18,18,female,strong,2133
40,1.3346666666666667,True,1.0,0.4604496263569817,0.40315949442345506,0.4318045603902184,1.320485655044739,-0.09499999999999997,-0.09152777777777771,0.3857432033420627,0.4110888026229181,0.2320394863143611,0.327004355360141,0.05729013193352667,0.0034722222222222654,0.008996345572400716,0.22895947893086294,0.12004415290209912,0.11561651751908279,0.0,0.7071067807446058,0.5764947310252226,0.28618881939414564,0.3259110829515816,0.42505964887401965,angry,05,18,18,female,strong,2133
50,1.6683333333333334,True,1.0,0.17007858823343242,0.1658059166798816,0.167942252456657,0.9291207210330271,-0.05296296296296288,-0.05124999999999996,0.4770122674860538,0.14138529315977913,0.18890867939912034,0.18075396302639044,0.004272671553550822,0.0017129629629629162,0.011201563111722207,0.33087177662865647,0.1239405690306621,0.11142940867790975,0.0,0.6342738443118391,0.5747593787905787,0.2931474353165422,0.35131679732815374,0.427156747232783,angry,05,18,18,female,strong,2133
60,2.0020000000000002,True,1.0,0.37992441573113694,0.3605551275463999,0.3702397716387684,1.3741954027923735,-0.06638888888888889,-0.0692592592592593,0.37862089167949464,0.48348696714357425,0.2028232982062451,0.269422944427291,0.019369288184737044,0.002870370370370412,0.010558597171346986,0.20500441547072643,0.12172934287134514,0.11384087514357337,0.0,0.9386389520140963,0.5742944944149536,0.28687013021735425,0.3190305228093658,0.41309601771622534,angry,05,18,18,female,strong,2133
70,2.3356666666666666,True,1.0,0.5633347938589092,0.5485381029515213,0.5559364484052152,1.253589536104676,-0.061018518518518416,-0.060740740740740706,0.43833419242527816,0.39787841798104945,0.1938637676317847,0.4434756612062163,0.014796690907387888,0.0002777777777777102,0.020586706593529465,0.2544964263047522,0.12065440245218373,0.11497953269307655,0.0,0.8377793384827901,0.5665078461150086,0.2929252552579541,0.34984039529103694,0.45280777422558943,angry,05,18,18,female,strong,2133
80,2.6693333333333333,True,1.0,0.4941592983665927,0.49077856458958297,0.49246893147808785,1.998855302205138,-0.06759259259259259,-0.0685648148148148,0.27587298355912887,1.0079581189217053,0.20768334385255352,0.24637547847250169,0.003380733777009759,0.0009722222222222077,0.001357892821573615,0.14928161065412773,0.12225834191901865,0.11327257214584399,0.0,0.8646281947292492,0.5593814003101241,0.2845982679973809,0.30815107768374217,0.40092118780764413,angry,05,18,18,female,strong,2133
90,3.003,True,1.0,0.4105493645492909,0.4205230769787984,0.4155362207640447,1.3819384906155758,-0.058981481481481524,-0.05958333333333321,0.4056312891494055,0.27289162514181403,0.22083333333333333,0.3006908220487778,0.009973712429507509,0.0006018518518516869,0.013649062931259079,0.23633397699644196,0.12391582219720615,0.1114569279094545,0.0,0.7123494708051689,0.5517910059961484,0.2901331879667097,0.3376641178889,0.42540027468324265,angry,05,18,18,female,strong,2133
100,3.336666666666667,True,1.0,0.49929176609015247,0.503854884614221,0.5015733253521868,1.0960735171261493,-0.06546296296296295,-0.06606481481481485,0.3527812235480403,0.3475355054302422,0.219456960157552,0.4576092000354933,0.0045631185240685435,0.0006018518518519089,0.008320777763535452,0.3157843470895071,0.12236166807062178,0.11299245996507845,0.0,0.7071067807446058,0.5621288922600289,0.2837474916075929,0.29447273623040165,0.38875896076303396,angry,05,18,18,female,strong,2133
110,3.6703333333333332,True,1.0,0.28352645381228136,0.2519842789574092,0.2677553663848453,1.0021764069788315,-0.07814814814814808,-0.07898148148148154,0.35370747997895546,0.3474113836115649,0.2166839201488774,0.26717388727202496,0.03154217485487215,0.0008333333333334636,0.0025418283186432393,0.33106637677799317,0.12601234220575783,0.10855577156155573,0.0,0.7071067807446058,0.564482388939951,0.28786647313839187,0.3016634000112143,0.3974875120194289,angry,05,18,18,female,strong,2133
120,4.0040000000000004,True,1.0,0.4820324349628856,0.42928429363614223,0.4556583642995139,0.8213980948019554,-0.07439814814814827,-0.07439814814814816,0.3587888705157776,0.3047121964587898,0.21806815098199106,0.5547351122227477,0.05274814132674338,1.1102230246251565e-16,0.0033087422855700922,0.3901209677419351,0.12531920664200677,0.10987663180414776,0.0,0.9419680288963275,0.5712072231783338,0.2853145275494047,0.30368123288382703,0.4078125960968355,angry,05,18,18,female,strong,2133
0,0.0,True,1.0,0.4997172308966726,0.48325922066994403,0.4914882257833083,0.7732897836491681,-0.08527777777777779,-0.08606481481481482,0.35312842377189035,0.33914567223795145,0.21458333333333335,0.6355809118076883,0.016458010226728548,0.0007870370370370305,0.009374125391666618,0.3651138009424271,0.12735171492491024,0.10751427103417391,0.0,0.7167251464286688,0.5898094971113446,0.2875044469165559,0.30375731855470284,0.40354521034187857,fearful,06,18,18,female,normal,2134
10,0.33366666666666667,True,1.0,0.5254684502666271,0.5292944692789772,0.5273814597728022,0.7788320276958672,-0.07777777777777783,-0.07888888888888895,0.34972039238801,0.3074336951431053,0.20833919262593817,0.6771440323698961,0.0038260190123500237,0.0011111111111111183,0.00908662679303198,0.36555281007808776,0.1242806602341356,0.11104996741009909,0.0,0.7071067807446058,0.5877364246870623,0.28712778535317934,0.30156603843878294,0.40930082056070355,fearful,06,18,18,female,normal,2134
20,0.6673333333333333,True,1.0,0.5000519517145129,0.4896266281582649,0.4948392899363889,0.863213722485449,-0.06745370370370363,-0.0733333333333333,0.37908642957668215,0.3046636667595702,0.20138888888888884,0.5732523441721935,0.010425323556247978,0.005879629629629679,0.01630005394750724,0.34742647058823495,0.12556945447686177,0.10959055558081628,0.0,0.6868234619926478,0.5754252415028512,0.28961198608441563,0.3242550324693435,0.4144762040367753,fearful,06,18,18,female,normal,2134
30,1.0010000000000001,True,1.0,0.565548269562668,0.5548980719381484,0.5602231707504082,1.2003531628878723,-0.07643518518518527,-0.08296296296296296,0.3602572143390116,0.5001373829904108,0.2069459191141064,0.4667152868599055,0.010650197624519575,0.006527777777777688,0.0009093386685610629,0.2758910181302595,0.12433895499034135,0.11098469282682558,0.0,0.6933482737240364,0.5786756285951881,0.2880903712398553,0.3265487389522259,0.4347896790112188,fearful,06,18,18,female,normal,2134
40,1.3346666666666667,True,1.0,0.5919283355650712,0.5995220792186291,0.5957252073918502,1.5420093518524127,-0.07592592592592595,-0.08226851851851852,0.3257537645521598,0.6255320955627711,0.20625924754363292,0.3863304763205273,0.007593743653557916,0.006342592592592566,0.012914980544943439,0.18067099949067528,0.12203434732024328,0.11334589492461875,0.0,0.6827368074577526,0.5770670410039016,0.28669420168813126,0.3170939706680496,0.4344309888956861,fearful,06,18,18,female,normal,2134
50,1.6683333333333334,True,1.0,0.6271403852838097,0.5981395035956706,0.6126399444397401,0.8068742748440246,-0.07134259259259262,-0.07574074074074078,0.3484265462584874,0.32820512820512815,0.2027962129013617,0.7592755941539572,0.02900088168813908,0.004398148148148151,0.011632987053457413,0.3432047415027676,0.1285005715707396,0.10613849855999831,0.0,0.6638914147216655,0.5770876640421794,0.28468367759786634,0.3119925866872011,0.40867166285224993,fearful,06,18,18,female,normal,2134
60,2.0020000000000002,True,1.0,0.6206656647126741,0.5744268885724464,0.5975462766425603,1.214663152480831,-0.07013888888888875,-0.07398148148148154,0.2621571052314922,0.6888891520873084,0.2027837975942452,0.49194402202958937,0.046238776140227755,0.003842592592592786,0.007616129375923694,0.21827588965930428,0.12622455781011915,0.10883537465328044,0.0,0.7865852696980937,0.571879704670931,0.2873611310333857,0.31701017745431553,0.4035422253978452,fearful,06,18,18,female,normal,2134
70,2.3356666666666666,True,1.0,0.5254711548711843,0.5371825322262312,0.5313268435487077,1.1498156070854553,-0.07023148148148156,-0.0732870370370371,0.3510302492403083,0.4734120225816154,0.20278116394652987,0.4620974356884156,0.011711377355046904,0.0030555555555555336,0.012798221722539013,0.27891092459595257,0.12424038369938079,0.11092340095987765,0.0,0.7249082741006941,0.5728336249968737,0.2864758356549246,0.32076178528034704,0.42598181884536135,fearful,06,18,18,female,normal,2134
80,2.6693333333333333,True,1.0,0.5794168061778088,0.5605624468017912,0.5699896264898,1.0232259252255451,-0.07027777777777783,-0.07305555555555554,0.3509989731248264,0.47120955943490245,0.1972257037743489,0.5570515879610456,0.018854359376017538,0.0027777777777777124,0.013436434691227843,0.2889431412310212,0.12763112289461656,0.10718243437772726,0.0,0.6854397644993265,0.5683532995854592,0.28669479121674646,0.3195631138454541,0.41335242330115246,fearful,06,18,18,female,normal,2134
90,3.003,True,1.0,0.610683170801188,0.5660027520373585,0.5883429614192732,0.6887995673151899,-0.06907407407407407,-0.07324074074074077,0.34297013852418856,0.3581757750038987,0.20000038146936272,0.8541569846109551,0.044680418763829444,0.004166666666666707,0.014171751804876898,0.4387500000000008,0.12776013166971903,0.10702862479767708,0.0,0.8082298160320368,0.5721561010107168,0.2872689216076144,0.31190774726193127,0.40275680615810205,fearful,06,18,18,female,normal,2134
100,3.336666666666667,True,1.0,0.5196914623825378,0.5223359417457267,0.5210137020641323,0.6938424118696888,-0.07050925925925922,-0.07421296296296293,0.3413840700619106,0.33998278181614755,0.20416816139971544,0.7509107156770123,0.0026444793631889008,0.003703703703703709,0.01632572994624794,0.4387500000000008,0.12449673532774479,0.1108076742045493,0.0,0.6856316393620414,0.5763386225974766,0.2852732106695924,0.3060436650220661,0.4032522101575866,fearful,06,18,18,female,normal,2134
0,0.0,True,1.0,0.50774804259178,0.4500320937572415,0.47889006817451074,0.8081840972345884,-0.08796296296296297,-0.08694444444444444,0.3616776051922133,0.3312089091943367,0.2118087973980617,0.5925507193387711,0.057715948834538455,0.0010185185185185297,0.0066890720276076635,0.3319530999996163,0.12653816949697824,0.1084705924688234,0.0,0.705676592913518,0.5967285947894784,0.2868139134511351,0.30208690763516094,0.40229594900616533,fearful,06,18,18,female,normal,2135
10,0.33366666666666667,True,1.0,0.4786615774398037,0.47084948394471976,0.47475553069226173,0.8331642682689147,-0.08800925925925929,-0.08754629629629629,0.3575606041880106,0.35609587888767164,0.20972804271264525,0.5698222412714273,0.007812093495083938,0.0004629629629629983,0.0029380311142232,0.3269974508502093,0.12444695975765412,0.11086357371568598,0.0,0.785168744707179,0.5958708599768032,0.28696907094724683,0.2988304719854325,0.3996316411208224,fearful,06,18,18,female,normal,2135
20,0.6673333333333333,True,1.0,0.4375038374766398,0.44359278237251604,0.44054830992457794,0.9064585879240231,-0.06657407407407406,-0.06995370370370374,0.4007661800059537,0.30818725224958504,0.19514045277274683,0.4860104099554336,0.006088944895876247,0.003379629629629677,0.008855459679373805,0.33749050821293264,0.12594023500974783,0.10916425686043892,0.0,0.6208485759994936,0.5800015901047919,0.29040614414137533,0.3276363122968293,0.41682126128882785,fearful,06,18,18,female,normal,2135
30,1.0010000000000001,True,1.0,0.5141265496439077,0.503911651057153,0.5090191003505303,1.0767744346806611,-0.08550925925925928,-0.09625,0.38253418605035977,0.3881064162754299,0.22013888888888888,0.47272584113820465,0.010214898586754728,0.010740740740740717,0.010889303802481608,0.29522345542101336,0.12478167800434092,0.11048669876699127,0.0,0.7253776129726102,0.5819891034773286,0.2895151775940926,0.3321613787519335,0.4284264396201054,fearful,06,18,18,female,normal,2135
40,1.3346666666666667,True,1.0,0.5065770480847577,0.5035536494317131,0.5050653487582354,1.3238960653821095,-0.0744907407407408,-0.08754629629629623,0.37790879248035913,0.3782505910165483,0.21597787427848933,0.3814992445139271,0.0030233986530445733,0.013055555555555431,0.011849283740377808,0.23571090340734915,0.12130670108370739,0.11429112844722927,0.0,0.7172780247104006,0.5743988415366146,0.2910586606056228,0.3353456928183084,0.4347382511746019,fearful,06,18,18,female,normal,2135
50,1.6683333333333334,True,1.0,0.6845313700809819,0.6842634256991861,0.6843973978900839,0.6679679366511773,-0.0698611111111111,-0.08518518518518525,0.40042766307684374,0.17891998303156553,0.21876708917623008,1.0245961824474314,0.0002679443817957816,0.015324074074074157,0.01441906941144614,0.4122173220710563,0.12741787879624003,0.1074358503170176,0.0,0.722504260030846,0.5737740731214361,0.2876980126572534,0.3311780516699345,0.42809009831399863,fearful,06,18,18,female,normal,2135
60,2.0020000000000002,True,1.0,0.5240821120163667,0.5515054256824621,0.5377937688494143,1.0663288966996192,-0.07444444444444437,-0.08634259259259258,0.31970602174507523,0.4738661126344147,0.2152905357162753,0.504341362701445,0.027423313666095406,0.011898148148148213,0.020014728463662285,0.21872330200759,0.12501854877944962,0.11021860201914822,0.0,0.8976403723149791,0.5703501346632404,0.2884418023120397,0.3386698735803927,0.4156243469587308,fearful,06,18,18,female,normal,2135
70,2.3356666666666666,True,1.0,0.45137566021295644,0.5019056809646263,0.47664067058879134,0.9824109760521152,-0.07379629629629625,-0.08953703703703714,0.4059865052838593,0.26313989734284365,0.21667230060784065,0.4851744149930043,0.050530020751669846,0.01574074074074089,0.01959094893679439,0.3216417429574011,0.12334011365153733,0.1120936846321849,0.0,0.6871284492194224,0.5686025330757303,0.2903194554032271,0.34255590281144366,0.4319486302266219,fearful,06,18,18,female,normal,2135
80,2.6693333333333333,True,1.0,0.49254801826406464,0.5041610369196948,0.4983545275918797,0.9194969844478696,-0.0733333333333333,-0.0899537037037037,0.385048015058445,0.2635817224100257,0.21875034877204338,0.5419860380413609,0.011613018655630192,0.016620370370370396,0.01939872362193477,0.3452478428588253,0.12649989895379662,0.10833950981769465,0.0,0.6877641320558064,0.5686455830769808,0.28812628362752646,0.3333222577492246,0.4227570420736418,fearful,06,18,18,female,normal,2135
90,3.003,True,1.0,0.5476684459039511,0.5566589416284186,0.5521636937661849,0.7796353489011268,-0.06939814814814815,-0.08467592592592588,0.37043606931653256,0.24921709793934446,0.21250143611647077,0.7082332715473245,0.008990495724467418,0.015277777777777724,0.017318035708951032,0.39683825955527363,0.12733467333803844,0.10753445371773304,0.0,0.6873810852504232,0.5718557198113621,0.28654382633575987,0.32391832023434275,0.40452562785855595,fearful,06,18,18,female,normal,2135
100,3.336666666666667,True,1.0,0.506027679840701,0.5118280774065552,0.5089278786236281,0.6764759164291632,-0.0696296296296296,-0.08300925925925923,0.3709198028910381,0.261655778996185,0.2111143636174089,0.752322242763716,0.005800397565854265,0.01337962962962963,0.01849731683573852,0.4351415094339619,0.1265653294822151,0.10826306478085497,0.0,0.7813209414381486,0.5720975063072105,0.2852662615571068,0.3151565731870534,0.40456729931536883,fearful,06,18,18,female,normal,2135
0,0.0,True,1.0,0.4917247965415368,0.49935202922812477,0.4955384128848308,0.7936004518829153,-0.08921296296296294,-0.0872222222222222,0.33874905805435734,0.36843876634167355,0.2139117164045099,0.624418007460939,0.0076272326865879925,0.0019907407407407374,0.008838868935967685,0.3620295284842188,0.12506254152973742,0.11016868192100315,0.0,0.6719507067310478,0.5967178638877427,0.2867479446666625,0.3020528156599386,0.40712767444764436,fearful,06,18,18,female,normal,2136
10,0.33366666666666667,True,1.0,0.5063732022338042,0.4998072103263597,0.5030902062800819,0.768185519240566,-0.08754629629629629,-0.08625,0.34301376160713415,0.38401243484133524,0.21111689330988617,0.6549071723942944,0.006565991907444502,0.0012962962962962954,0.004481847356782455,0.35834105342890754,0.12715683813796674,0.10774468100606209,0.0,0.6233055264756382,0.5965211104676245,0.2859510485945409,0.30596157109149796,0.4052258821284736,fearful,06,18,18,female,normal,2136
20,0.6673333333333333,True,1.0,0.5130604938086811,0.47082305539502095,0.49194177460185107,0.9188057980784088,-0.07046296296296295,-0.07199074074074074,0.35259137300878657,0.3850350342481915,0.19448367737260408,0.5354143123940864,0.04223743841366018,0.0015277777777777946,0.006013685092285135,0.3239039025117495,0.12408540484450944,0.11126809998607408,0.0,0.6523025362603369,0.586176978009954,0.28810993084435244,0.3120272550250252,0.4091523801545348,fearful,06,18,18,female,normal,2136
30,1.0010000000000001,True,1.0,0.5253646932901731,0.5270806286299483,0.5262226609600607,1.2213979005304052,-0.0706018518518518,-0.07231481481481483,0.35117053834795675,0.4885496183206102,0.2027871836624776,0.4308363889700013,0.0017159353397752097,0.0017129629629630272,0.0035820200000562068,0.24999511733054652,0.12362123474026306,0.11178357701926,0.0,0.6578826771446024,0.5795798965601866,0.28925136283432623,0.3243134080909286,0.426147856430378,fearful,06,18,18,female,normal,2136
40,1.3346666666666667,True,1.0,0.5058208589111804,0.5088395277387656,0.507330193324973,1.0104843993244723,-0.08810185185185176,-0.09750000000000003,0.3471498169164429,0.43695360320916127,0.2201420080135779,0.5020663294397545,0.003018668827585169,0.009398148148148266,0.006838402580435682,0.28915893039472323,0.12680871732692076,0.10815418151864552,0.0,0.7071067807446058,0.573166773936137,0.2861727201369883,0.3180034783994945,0.4009220493708804,fearful,06,18,18,female,normal,2136
50,1.6683333333333334,True,1.0,0.5579144247029044,0.5834561362124338,0.5706852804576691,0.9609444623289172,-0.07495370370370363,-0.08175925925925931,0.365151432818091,0.3829796448042458,0.20695366095743595,0.5938795662285964,0.02554171150952933,0.006805555555555676,0.008136278963014434,0.2991340968738489,0.12374742629819048,0.11164386348734438,0.0,0.7112244286556292,0.5737828631608893,0.28729317615562944,0.31669631137977605,0.4089139552669995,fearful,06,18,18,female,normal,2136
60,2.0020000000000002,True,1.0,0.5099073018641056,0.5237638626176592,0.5168355822408823,1.3909797622455733,-0.07800925925925928,-0.08101851851851849,0.2931173196711357,0.6792575820618945,0.20834248840561392,0.3715622586819754,0.01385656075355357,0.0030092592592592116,0.0032790028270652328,0.1910842098797111,0.12263474200730143,0.11286495391653996,0.0,0.6836475850571093,0.5727530090082907,0.28812305205325944,0.3265025850993438,0.421281368710712,fearful,06,18,18,female,normal,2136
70,2.3356666666666666,True,1.0,0.5177605897494288,0.4977131328227004,0.5077368612860647,1.1161999953975412,-0.07416666666666671,-0.07902777777777786,0.3393240113602656,0.4891869679609228,0.20763925632428706,0.4548798274320286,0.020047456926728435,0.004861111111111149,0.014948749375430474,0.2916596340635178,0.12782928681760455,0.10694602003843286,0.0,0.68533822428208,0.5638216469634729,0.28672618955627677,0.33325851333287365,0.42958937165393823,fearful,06,18,18,female,normal,2136
80,2.6693333333333333,True,1.0,0.49854695723045456,0.4715057713188779,0.4850263642746662,1.017465631727557,-0.07467592592592587,-0.07745370370370375,0.3439436662766456,0.44767228735409637,0.20069596503773243,0.47670048908791046,0.02704118591157667,0.002777777777777879,0.007198425335769285,0.3077802776144736,0.12542364432090086,0.10975740164256162,0.0,0.7071067807446058,0.5615621313290943,0.2865067173111492,0.32655274254044814,0.41561004632371396,fearful,06,18,18,female,normal,2136
90,3.003,True,1.0,0.5196581196581189,0.5172308883862621,0.5184445040221906,0.8817787478186737,-0.07166666666666677,-0.0762037037037036,0.3439586428635797,0.39340897979602435,0.20070812936930763,0.5879530497924882,0.0024272312718568445,0.00453703703703684,0.0016354261005380928,0.3374999999999992,0.12609980834546797,0.10897988853705838,0.0,0.7071067807446058,0.5659449365214837,0.2867808873498382,0.31617785950828975,0.40256387978888114,fearful,06,18,18,female,normal,2136
100,3.336666666666667,True,1.0,0.5252806308616597,0.49018918560761765,0.5077349082346386,0.8549171896578963,-0.07185185185185183,-0.07624999999999998,0.3456630541773467,0.4138719842255649,0.2027913221135371,0.5938995195988677,0.03509144525404201,0.004398148148148151,0.00012381813227584556,0.3571286223889845,0.12797237131718645,0.10677476270111246,0.0,0.7071067807446058,0.5656890395298744,0.28584886232998924,0.31850088894805123,0.40230628213917946,fearful,06,18,18,female,normal,2136
0,0.0,True,1.0,0.4790866978153487,0.46351974214103947,0.4713032199781941,0.8135753903649653,-0.08249999999999996,-0.08254629629629634,0.3513537402666479,0.38644831042335914,0.20694444444444438,0.5792987663586655,0.015566955674309213,4.629629629637755e-05,0.010260751251404535,0.35624999999999957,0.12828340169025676,0.1064008769755346,0.0,0.8937409912638592,0.5839721014812176,0.28719824508616865,0.3033816261015888,0.4023843612227221,fearful,06,18,18,female,normal,2137
10,0.33366666666666667,True,1.0,0.540348429180458,0.4995354364117933,0.5199419327961257,0.9232868146815034,-0.08287037037037032,-0.08393518518518517,0.34853695043206323,0.4202873950086819,0.20694591911410629,0.5631423784336015,0.04081299276866468,0.0010648148148148517,0.009312893277870707,0.3109817296221154,0.12623560481632518,0.10882256129469293,0.0,0.7142759094946247,0.5841287878667092,0.28691829454346907,0.3065709222978046,0.4077846310658753,fearful,06,18,18,female,normal,2137
20,0.6673333333333333,True,1.0,0.48425840361479155,0.47603954736319226,0.48014897548899194,0.8958002518156254,-0.07898148148148149,-0.08023148148148151,0.34045406585634247,0.44090168644050376,0.20416816139971544,0.5360000452286284,0.008218856251599294,0.0012500000000000289,0.0019527080226614598,0.2992363429064316,0.12475775774084424,0.11051370798881867,0.0,0.6950717370519399,0.5783965789049995,0.28618239907983095,0.30156944672548075,0.4096726345309609,fearful,06,18,18,female,normal,2137
30,1.0010000000000001,True,1.0,0.5691105829907294,0.5370763652627581,0.5530934741267437,1.1897607603337432,-0.07208333333333333,-0.07393518518518521,0.3386960400674343,0.5668735968520756,0.19449191528203494,0.4648778918978584,0.032034217727971215,0.0018518518518518823,0.005904868043100137,0.25808258421808555,0.12666716723922009,0.10831992667023776,0.0,0.6514334177926431,0.5744918121545493,0.28663416895374216,0.31416412979580194,0.41387826167160785,fearful,06,18,18,female,normal,2137
40,1.3346666666666667,True,1.0,0.559647176157302,0.5237638626176592,0.5417055193874806,1.0343403823725115,-0.07481481481481478,-0.08453703703703697,0.38853949032093604,0.3954744279167725,0.2083860610358279,0.5237207486233372,0.0358833135396428,0.009722222222222188,0.007099804178624375,0.2911700950152766,0.12534655713376788,0.10984542951312261,0.0,0.6643329103659024,0.5691923500493947,0.28759537315401196,0.33637368712765453,0.41830247164896117,fearful,06,18,18,female,normal,2137
50,1.6683333333333334,True,1.0,0.539057330625133,0.5332417239448116,0.5361495272849723,0.9844784667944153,-0.0715277777777778,-0.08365740740740746,0.38897773290583226,0.33423651650427677,0.2097516867940941,0.5446025945399721,0.005815606680321328,0.012129629629629657,0.010113085601718776,0.32039727877671353,0.12298714627290316,0.11248084113095938,0.0,0.6923984524246525,0.5658993022599665,0.2880380705841519,0.3328505103152182,0.4272784018518895,fearful,06,18,18,female,normal,2137
60,2.0020000000000002,True,1.0,0.5071167372897306,0.46078874684856247,0.4839527420691465,1.0989379559629657,-0.06337962962962956,-0.06615740740740744,0.3503330510814024,0.3798431529065055,0.20070812936930751,0.440382224895557,0.04632799044116814,0.002777777777777879,0.009709152610004218,0.27080721506977556,0.12520276992332702,0.11000929130558723,0.0,0.7464966813852421,0.5631485776107318,0.2894097481138796,0.33059713743168845,0.41999167171120766,fearful,06,18,18,female,normal,2137
70,2.3356666666666666,True,1.0,0.4380365918887172,0.4455865075304289,0.44181154970957304,1.0562730639745448,-0.06833333333333336,-0.08032407407407416,0.36940020148185043,0.35423791779634123,0.20766240344369594,0.41827399067351423,0.007549915641711702,0.011990740740740802,0.02471926807120317,0.29496951219512196,0.1267919081002042,0.10817388691574235,0.0,0.6651507476736315,0.5618284759919593,0.28911049712927306,0.33987391346904416,0.4336648154722038,fearful,06,18,18,female,normal,2137
80,2.6693333333333333,True,1.0,0.5278054288657607,0.5190553315702358,0.5234303802179983,1.1135711813706566,-0.07106481481481486,-0.07902777777777781,0.35634266146981486,0.470605840754998,0.20486446284481508,0.47004662923633295,0.008750097295524895,0.00796296296296295,0.015450834166766238,0.28818595540152014,0.12391345079899407,0.11128850135251693,0.0,0.9999999987499999,0.564708818441439,0.2873500885005079,0.31996430668987835,0.4227216769212103,fearful,06,18,18,female,normal,2137
90,3.003,True,1.0,0.525168554925654,0.5344277114255177,0.5297981331755859,0.8875952402355974,-0.07388888888888878,-0.07754629629629634,0.3450976181754314,0.42329880310887613,0.20555889596601926,0.5968915888225806,0.009259156499863752,0.0036574074074075535,0.011975090204547225,0.34750566492237794,0.1276736873098047,0.10713172890973073,0.0,0.6336042658716268,0.5664553468653086,0.2865481356479862,0.31765854401674953,0.4133391873024725,fearful,06,18,18,female,normal,2137
100,3.336666666666667,True,1.0,0.5581973818333162,0.5245834549171298,0.541390418375223,0.6731565134784326,-0.0722685185185184,-0.07722222222222219,0.35109306789571904,0.3365782567392163,0.20695034306004367,0.8042563765411276,0.033613926916186476,0.004953703703703793,0.012095608368725315,0.4274999999999998,0.12764154353125695,0.10717002442581405,0.0,0.6605497831348333,0.5657114431241247,0.28537641569800287,0.31399560467119814,0.4062363928399808,fearful,06,18,18,female,normal,2137
0,0.0,True,1.0,0.4899846297837059,0.4689102263392223,0.4794474280614641,0.8675995364436812,-0.08611111111111108,-0.08560185185185182,0.35797215304417385,0.36038749975352885,0.20973131666752293,0.5526137439246853,0.02107440344448358,0.0005092592592592649,0.002991264712932585,0.3201923076923079,0.12432142588930467,0.11100432800074461,0.0,0.7012255250089063,0.5902205802789867,0.29031039428749617,0.29840548655673843,0.4031444111763668,fearful,06,18,18,female,strong,2138
10,0.33366666666666667,True,1.0,0.5351799294591657,0.5191097468539234,0.5271448381565446,1.103000811030008,-0.0829166666666668,-0.08175925925925931,0.3712694039120957,0.3763179237631799,0.21111147250317436,0.4779188128286908,0.01607018260524229,0.0011574074074074958,0.00606258292157468,0.27132352941176474,0.12415309564716587,0.11119256544915682,0.0,0.7118835987143098,0.5802442904583708,0.2927880058361385,0.3159180533335637,0.42105117068304404,fearful,06,18,18,female,strong,2138
20,0.6673333333333333,True,1.0,0.570910380936633,0.5428210708434188,0.5568657258900259,0.8157179213951561,-0.07263888888888881,-0.0806018518518517,0.4108515999485098,0.22461797835518807,0.2097455032147939,0.6826694759109809,0.028089310093214248,0.007962962962962894,0.0032010275869401796,0.35869565217391297,0.12365568571500264,0.11157484130698476,0.0,0.8414797763015904,0.5797598679393632,0.29374892580999545,0.3324364603161185,0.4317349721672775,fearful,06,18,18,female,strong,2138
30,1.0010000000000001,True,1.0,0.42295634518655534,0.4006157440207293,0.4117860446036423,1.2243627842696432,-0.08458333333333323,-0.09356481481481482,0.4081175481928143,0.37083522692350657,0.21877232028983923,0.3363268223227488,0.022340601165826035,0.00898148148148159,0.001729083910191685,0.24338586315435104,0.12201525069384216,0.11353438407822085,0.0,0.6924501906557556,0.5830785521317903,0.2971035822788779,0.34200935542810007,0.4373456185826321,fearful,06,18,18,female,strong,2138
40,1.3346666666666667,True,1.0,0.40061574402072886,0.41704161298876324,0.408828678504746,1.1430359508208252,-0.07550925925925922,-0.08712962962962961,0.389546654907924,0.3540661878447461,0.22292522283277727,0.3576691338633419,0.016425868968034385,0.011620370370370392,0.01754277117896523,0.2506606078406579,0.12331621593563405,0.11211997438963023,0.0,0.7037529853880603,0.5771622359568829,0.2938964988094323,0.33988619471767484,0.4272756223861908,fearful,06,18,18,female,strong,2138
50,1.6683333333333334,True,1.0,0.49754798322429855,0.4751586518120681,0.48635331751818334,1.0886918543493174,-0.08212962962962966,-0.09245370370370382,0.43251922274827825,0.26660084742176343,0.2201444339688936,0.4467318420498921,0.02238933141223043,0.010324074074074152,0.0016293460103187717,0.2756809396375762,0.12106483109102775,0.11454730220514253,0.0,0.6603798719725319,0.5723222040300495,0.2962530418748883,0.3440575601978314,0.4458244924314851,fearful,06,18,18,female,strong,2138
60,2.0020000000000002,True,1.0,0.6164993687026991,0.5919691062341842,0.6042342374684416,1.201521430631117,-0.07513888888888887,-0.09037037037037043,0.3905019730163458,0.4106971023598079,0.22153638758548475,0.502890936494623,0.024530262468514863,0.015231481481481568,0.019007885782031827,0.2355372363107879,0.12167321207316538,0.1139008658156478,0.0,0.9999999987499999,0.5733577397834134,0.2957734807066409,0.3487332610926072,0.4544570902041531,fearful,06,18,18,female,strong,2138
70,2.3356666666666666,True,1.0,0.5847465849286021,0.5766636651713877,0.5807051250499948,1.3546706777160502,-0.0711574074074075,-0.08736111111111111,0.3896930546154162,0.3604169693006002,0.21667230060784062,0.42866885258714904,0.008082919757214424,0.01620370370370361,0.008284219851895763,0.2272494842389336,0.12445746744729115,0.11085177746300551,0.0,0.6357364543016701,0.5700028595735169,0.29509674907989386,0.34773614047054474,0.45163255759284354,fearful,06,18,18,female,strong,2138
80,2.6693333333333333,True,1.0,0.603326241937553,0.586847023976525,0.595086632957039,0.9721493619141514,-0.07291666666666669,-0.08856481481481487,0.40194937275442394,0.21924386160281512,0.2180559054383361,0.612134982823339,0.016479217961028025,0.01564814814814819,0.011385874702423724,0.30881359075733217,0.12144069172961094,0.11414874577411491,0.0,0.7521535031328194,0.5592210195328131,0.28780179877059514,0.33674217246864485,0.44259652844825104,fearful,06,18,18,female,strong,2138
90,3.003,True,1.0,0.4588100829778217,0.44775831607257244,0.45328419952519705,0.8195299462174355,-0.06583333333333341,-0.07861111111111119,0.38472548064209483,0.2359167195757841,0.20973131666752298,0.5531026677150037,0.011051766905249283,0.012777777777777777,0.013537619658984062,0.3835087990843076,0.12289626247554943,0.11258013341273225,0.0,0.8492518797189251,0.5655221973789515,0.28584823535291,0.319126847868863,0.4134759084202969,fearful,06,18,18,female,strong,2138
100,3.336666666666667,True,1.0,0.5039116510571541,0.49987215825582826,0.5018919046564911,0.7451534604918312,-0.06837962962962962,-0.07800925925925928,0.39121783529392085,0.22598916424752266,0.20769179289336956,0.673541667947462,0.004039492801325817,0.009629629629629655,0.009873444064610229,0.41625228543557713,0.1257825536577014,0.10934590511484767,0.0,0.667130960473845,0.5665982283303946,0.2850312978300116,0.3156578874694273,0.4029762768892544,fearful,06,18,18,female,strong,2138
110,3.6703333333333332,True,1.0,0.47175320002175747,0.4605494871891999,0.4661513436054787,0.6819020301742852,-0.06935185185185189,-0.0776851851851853,0.3864046682343907,0.22315626670311103,0.20630326016873804,0.6836045692463132,0.011203712832557555,0.008333333333333415,0.018060605059071512,0.4616374833234812,0.12343834866577735,0.11147394317060792,0.0,0.7071067807446058,0.5772745279752526,0.29066688808686586,0.3095431895201727,0.40511443858379914,fearful,06,18,18,female,strong,2138
0,0.0,True,1.0,0.5358893986497925,0.5229888527332784,0.5294391256915354,0.8271349802043809,-0.08500000000000002,-0.08513888888888893,0.3531936028636642,0.33220995106569373,0.21527813217516747,0.6400879401336812,0.012900545916514017,0.0001388888888889106,0.011663724379855502,0.3415821340073929,0.12860751238831636,0.10600889362625665,0.0,0.6656607754801088,0.5883571614348864,0.287686723833826,0.3082031892455439,0.41014295441128645,fearful,06,18,18,female,strong,2139
10,0.33366666666666667,True,1.0,0.5218284613318066,0.5108607211624567,0.5163445912471316,0.8399727730559323,-0.08430555555555558,-0.08412037037037046,0.34874929325454906,0.33735177112662584,0.21250000000000002,0.6147158667638732,0.010967740169349871,0.00018518518518512161,0.010792391094351221,0.34156761212753306,0.12532089978595629,0.10970116635357728,0.0,0.6870540430728588,0.5897000958039466,0.28792883755158244,0.30411691546252473,0.41233403443743444,fearful,06,18,18,female,strong,2139
20,0.6673333333333333,True,1.0,0.6109580532300938,0.5800538413233779,0.5955059472767359,1.0175714119675263,-0.08796296296296291,-0.09342592592592586,0.3928694911595161,0.30036056739747097,0.22430589568929535,0.5852227571186328,0.030904211906715884,0.005462962962962947,0.007872396124185511,0.28463201783166453,0.12130245125277812,0.11429563897894736,0.0,0.7709705698053492,0.5767669728281938,0.29106825254473484,0.33454609609379066,0.446309250891868,fearful,06,18,18,female,strong,2139
30,1.0010000000000001,True,1.0,0.2914050815459435,0.32385452916675295,0.3076298053563482,1.1404612159329146,-0.07648148148148148,-0.08416666666666667,0.42968509306443137,0.33542976939203417,0.22083644264959246,0.26974157565253315,0.032449447620809424,0.007685185185185184,0.0067469190335291175,0.27573529411764736,0.12316544677233969,0.11228557561558813,0.0,0.6685853359352948,0.5758076390634379,0.2945896774334971,0.3555886008334791,0.44046931999335637,fearful,06,18,18,female,strong,2139
40,1.3346666666666667,True,1.0,0.3499884940499224,0.3305266211287565,0.34025755758933945,1.1772122763387005,-0.08509259259259261,-0.09365740740740736,0.4426699036065062,0.27819198433945663,0.2194475734396407,0.2890367051281434,0.019461872921165857,0.008564814814814747,0.0134096194036235,0.24607555272269893,0.12255298816820125,0.11295371999531639,0.0,0.7373698287242944,0.5708522304468663,0.2905825772446975,0.34728366690468354,0.4337329687934042,fearful,06,18,18,female,strong,2139
50,1.6683333333333334,True,1.0,0.5453920278924654,0.5301826748520552,0.5377873513722603,1.057949605664841,-0.08208333333333345,-0.09412037037037035,0.43874227430422996,0.2344782152043667,0.2236196407062924,0.5083298377282364,0.015209353040410267,0.012037037037036902,0.02482449396097185,0.26673463839541317,0.12163065310133615,0.1139463119011175,0.0,0.671376500791631,0.571307005739796,0.2982289033623422,0.3468300904341116,0.4446590754045293,fearful,06,18,18,female,strong,2139
60,2.0020000000000002,True,1.0,0.6998536429640008,0.6659654680661047,0.6829095555150527,1.3044470890076052,-0.07180555555555546,-0.07518518518518513,0.3420756522710942,0.5481355053770546,0.21042971932494142,0.5235241515503671,0.033888174897896084,0.003379629629629677,0.011996000451790657,0.23361581936660933,0.12647990060375847,0.10853853008686672,0.0,0.6950198052163877,0.5630531377238395,0.2856817081073791,0.31603797998244815,0.4154996357362486,fearful,06,18,18,female,strong,2139
70,2.3356666666666666,True,1.0,0.7598830245293444,0.7251162811283491,0.7424996528288468,1.337049112970683,-0.0875925925925925,-0.0933796296296297,0.3534027077245579,0.48318352263659775,0.22920694632989794,0.5553271346773089,0.03476674340099528,0.0057870370370372015,0.008341651926973963,0.19517400746245245,0.12579972302302805,0.10932615175447748,0.0,0.6731690779908817,0.5633325232045943,0.28204725349312704,0.32881085943303456,0.4378002164372109,fearful,06,18,18,female,strong,2139
80,2.6693333333333333,True,1.0,0.718579686904201,0.713290206972556,0.7159349469383784,1.4652202494837723,-0.0704629629629629,-0.08032407407407405,0.31852807914910275,0.540207465718764,0.21597787427848933,0.4886193370523082,0.00528947993164508,0.009861111111111154,0.01053336293952634,0.1731271951822188,0.11686131239882247,0.11883270355226548,0.0,0.8230606444752417,0.6281125185386656,0.3133226331511219,0.3110338524921498,0.4492745358707399,fearful,06,18,18,female,strong,2139
90,3.003,True,1.0,0.5480715800636388,0.5213081202527519,0.5346898501581954,0.949582851819361,-0.06833333333333341,-0.08347222222222234,0.42267057725770346,0.1269763862362199,0.22570661358752628,0.5630786709487772,0.026763459810886903,0.015138888888888924,0.02111081355132442,0.3206981939873606,0.12643695589283238,0.10858855351688808,0.0,0.6474012111165682,0.5494785590876976,0.2873088145468257,0.35731643869400886,0.4470240953877884,fearful,06,18,18,female,strong,2139
100,3.336666666666667,True,1.0,0.6219953096018019,0.6295678666683078,0.6257815881350548,0.9512232655862888,-0.07472222222222225,-0.09004629629629629,0.3940753438061702,0.21996494286819518,0.23264020068556363,0.6578703557564404,0.007572557066505836,0.015324074074074046,0.015729514442959235,0.3243942260823577,0.12620166212771705,0.10886192284893159,0.0,0.6832370122394011,0.5497399319415266,0.2852197930398581,0.34800882365211405,0.4364703954585591,fearful,06,18,18,female,strong,2139
110,3.6703333333333332,True,1.0,0.5907764556340508,0.587837081082755,0.5893067683584029,0.7307269846638904,-0.06560185185185186,-0.08060185185185187,0.383175168832068,0.17958544538349874,0.2194444444444445,0.806466410474035,0.0029393745512957814,0.015000000000000013,0.01869865316174493,0.43202809880010123,0.1249975469945112,0.11024241931074347,0.0,0.683909277663825,0.5560797859847064,0.28459276788518134,0.32867344373759044,0.4143602452000139,fearful,06,18,18,female,strong,2139
120,4.0040000000000004,True,1.0,0.5765802328873704,0.5641580051009855,0.570369118994178,0.7032557907275132,-0.0668981481481481,-0.07888888888888884,0.3848561808224592,0.17888969246442057,0.21736672705293877,0.811040771387229,0.01242222778638491,0.011990740740740746,0.016999177181172945,0.4345436445329714,0.12648514882186898,0.10853241404139957,0.0,0.649294427888097,0.5647682537780737,0.283757851193496,0.32199570449879883,0.40885453406621053,fearful,06,18,18,female,strong,2139
0,0.0,True,1.0,0.4860001680697186,0.4541036122216924,0.4700518901457055,0.7215858651616958,-0.08328703703703705,-0.08453703703703708,0.361916358300414,0.30732545473330547,0.2069444444444445,0.6514150468293534,0.0318965558480262,0.0012500000000000289,0.0192972760803877,0.3962447812129669,0.1288525195366793,0.10571095487016613,0.0,0.7063705913831922,0.588518777706395,0.28877256314332644,0.3035101715355123,0.4093650161879462,fearful,06,18,18,female,strong,2140
10,0.33366666666666667,True,1.0,0.49329740909757747,0.4664137176849323,0.4798555633912549,0.7451343192921706,-0.08208333333333329,-0.08324074074074073,0.37004724561904756,0.3267973856209161,0.2062514796348441,0.643985320454823,0.026883691412645183,0.0011574074074074403,0.017841166131541564,0.3655350115636917,0.12480768292414367,0.11045732231545798,0.0,0.6894961014969618,0.5863796277886155,0.28758089594139397,0.2985953028148378,0.40377840126340503,fearful,06,18,18,female,strong,2140
20,0.6673333333333333,True,1.0,0.6260763612799846,0.5703730201409886,0.5982246907104866,0.9878428394340533,-0.06916666666666671,-0.06981481481481483,0.36363258334378645,0.4004305552816997,0.1972237695863105,0.6055869079875261,0.055703341138996,0.0006481481481481199,0.012448771128511251,0.29764776002597676,0.12179493924544396,0.11377069281577137,0.0,0.7971940347237421,0.5773821329703757,0.291670295039747,0.30964296884475156,0.4199999550194669,fearful,06,18,18,female,strong,2140
30,1.0010000000000001,True,1.0,0.5400203020440085,0.5046745333676671,0.5223474177058378,1.2502179178128865,-0.07342592592592584,-0.08231481481481484,0.3964590493098159,0.3677055610131566,0.21042573109859153,0.4178050964264094,0.03534576867634143,0.008888888888889002,0.02186951601857939,0.24284134446376193,0.12341506363180188,0.1120111594379956,0.0,0.6523302806822043,0.5747992568433623,0.2929704184513131,0.3481240552965246,0.4481045828549204,fearful,06,18,18,female,strong,2140
40,1.3346666666666667,True,1.0,0.487521588521736,0.4641743850136769,0.47584798676770645,1.035748668217768,-0.07347222222222238,-0.085787037037037,0.4091654601105789,0.3235657134797042,0.20626331633148562,0.4594241840411989,0.023347203508059078,0.012314814814814612,0.015349855793872283,0.2813875138229057,0.12263097500622247,0.11286904685852812,0.0,0.6191180230382892,0.5750765711050044,0.29313443989236004,0.33731775509383527,0.4234447539783969,fearful,06,18,18,female,strong,2140
50,1.6683333333333334,True,1.0,0.38080079628716096,0.37118161241448755,0.3759912043508242,0.8000630384973877,-0.0696296296296296,-0.08550925925925923,0.3785742083890177,0.26029647480111145,0.2111143636174089,0.4699519741056653,0.009619183872673409,0.015879629629629632,0.02416657567901901,0.3574384318078372,0.12325979668985218,0.11218199628225863,0.0,0.6888644964714934,0.5748832107139731,0.29338851985646247,0.32062585044886305,0.40890581708711093,fearful,06,18,18,female,strong,2140
60,2.0020000000000002,True,1.0,0.2611082299085908,0.27201129224575693,0.26655976107717383,1.147535570450018,-0.06717592592592597,-0.08351851851851849,0.33525014468989744,0.37743082294754887,0.21529053571627516,0.23228888754414787,0.010903062337166147,0.01634259259259252,0.03650948751853793,0.23516009011783853,0.12530019699839923,0.10989830937045351,0.0,0.6814546437698882,0.5726587603478892,0.2935972819992768,0.3354936704779517,0.42032094981163415,fearful,06,18,18,female,strong,2140
70,2.3356666666666666,True,1.0,0.36141788760196125,0.3450452048610464,0.3532315462315038,1.0584852053416387,-0.06726851851851862,-0.08541666666666664,0.39887925961536524,0.24915813048500657,0.20560046097837106,0.33371420256884377,0.016372682740914857,0.018148148148148024,0.045704948547587214,0.2851182152333743,0.1247095467622288,0.11056810894894174,0.0,0.6467974949155051,0.5708499348254926,0.29427659593752836,0.34767150496270666,0.450046872143407,fearful,06,18,18,female,strong,2140
80,2.6693333333333333,True,1.0,0.37260671156649244,0.3388368018022166,0.3557217566843545,1.2354558424540967,-0.06995370370370368,-0.08532407407407416,0.3882018794712298,0.3056874050498908,0.21111147250317436,0.2879275361050157,0.03376990976427585,0.015370370370370479,0.032058069328132884,0.26240365018336353,0.12262791918690126,0.11287236688216548,0.0,0.7095044646872685,0.5594972956057425,0.2853781922650795,0.3385722679095143,0.43402009511842915,fearful,06,18,18,female,strong,2140
90,3.003,True,1.0,0.4229062829765957,0.39656248087023716,0.40973438192341644,0.641817251282772,-0.06537037037037052,-0.07879629629629625,0.38425672359617646,0.18512876069113085,0.21527813217516747,0.6383972713486562,0.02634380210635856,0.01342592592592573,0.03612284659042202,0.4979384921850816,0.1278047598849928,0.10697532949759002,0.0,0.6882044784468048,0.5571080743625576,0.28480498324812326,0.3305522467581821,0.4095535138930976,fearful,06,18,18,female,strong,2140
100,3.336666666666667,True,1.0,0.3808007962871626,0.3864330810328989,0.38361693866003077,0.6335921256169139,-0.06407407407407406,-0.0756944444444444,0.3835562339675692,0.19256231268749383,0.207642195784065,0.6054635516287579,0.0056322847457362935,0.011620370370370336,0.028101788480639513,0.4967106938251335,0.11936715516125622,0.11631534738817134,0.0,0.7071067807446058,0.6290597723933323,0.3132629787015538,0.2973410422218129,0.43072074576576536,fearful,06,18,18,female,strong,2140
110,3.6703333333333332,True,1.0,0.38519634162078553,0.38286598042037967,0.3840311610205826,0.6883961466023881,-0.0661574074074075,-0.07481481481481478,0.3855408872100682,0.2127658637120152,0.20347822149384773,0.5578636122761387,0.0023303612004058616,0.00865740740740728,0.019765305006570276,0.4602032053945402,0.1171797156746781,0.11787398446359507,0.0,0.7329426602056338,0.631546686065051,0.3127890192188015,0.29064745382030893,0.4247762929528615,fearful,06,18,18,female,strong,2140
0,0.0,True,1.0,0.6510713238733283,0.5818554487017484,0.6164633862875384,1.1434072817432153,-0.07856481481481492,-0.0768981481481481,0.34687024144151085,0.42705573173541833,0.20418011887017856,0.5391459335012201,0.0692158751715799,0.0016666666666668162,0.00018221549795590058,0.2575301204819279,0.1258023150460561,0.10932316908752149,0.0,0.6562384530680921,0.5823018637376826,0.2910631763473246,0.3104490415988337,0.4142311967913685,fearful,06,18,18,female,strong,2141
10,0.33366666666666667,True,1.0,0.32438748524129085,0.29714250177326046,0.31076499350727566,0.9746753375123802,-0.0668981481481482,-0.07273148148148151,0.41854626960607433,0.20639731682365592,0.20625591847568886,0.3188394961346073,0.027244983468030393,0.0058333333333333015,0.01707261280579976,0.31124501744325983,0.12265081357457755,0.1128474886707178,0.0,0.7449238772548401,0.5837880558160764,0.2937759358393935,0.35239044953131443,0.4460481321722543,fearful,06,18,18,female,strong,2141
20,0.6673333333333333,True,1.0,0.6743100618665848,0.6460983171593837,0.6602041895129842,1.0659174078215798,-0.08773148148148152,-0.09675925925925916,0.3765783708319899,0.3616424407599178,0.2229289874418315,0.6193764964043944,0.028211744707201114,0.009027777777777635,0.001526586762308778,0.27454741584860587,0.12236684721629652,0.11315534663505394,0.0,0.6817266517995376,0.5743212503438875,0.29002548448178606,0.32910481006073583,0.4426370739649127,fearful,06,18,18,female,strong,2141
30,1.0010000000000001,True,1.0,0.6137660817246455,0.5905009348812198,0.6021335083029327,1.194653523473668,-0.08527777777777779,-0.09314814814814809,0.3620221164276001,0.40696210695050367,0.23194970729641373,0.5040235486454032,0.023265146843425732,0.007870370370370305,0.009575679697846094,0.25984288811507944,0.12262709877888432,0.11287325819228423,0.0,0.6711438448060015,0.5614755411148834,0.2839892126973069,0.32631789912832054,0.4258503674594542,fearful,06,18,18,female,strong,2141
40,1.3346666666666667,True,1.0,0.41551925346486784,0.41642288190397714,0.4159710676844225,0.9619013264927395,-0.060231481481481386,-0.07412037037037039,0.3900465036882685,0.23742532166484281,0.22223458149767156,0.4324467138444707,0.0009036284391092941,0.013888888888889006,0.012540467225943598,0.3204032706046741,0.12517475988735838,0.11004116164948023,0.0,0.6651453024556995,0.5595192183670343,0.28948423211447416,0.3418541064541084,0.41746572274056737,fearful,06,18,18,female,strong,2141
50,1.6683333333333334,True,1.0,0.4689102263392212,0.4301458633845398,0.44952804486188047,1.0930599823261342,-0.07606481481481486,-0.08884259259259258,0.4272227913942573,0.22078812605788478,0.22778615134956806,0.4112565203468913,0.038764362954681386,0.012777777777777721,0.02068000451697594,0.28404964712747305,0.12245767221174125,0.11305704881240361,0.0,0.6798686744857586,0.562287714531125,0.28771510067403155,0.34821996899189517,0.4330241267258156,fearful,06,18,18,female,strong,2141
60,2.0020000000000002,True,1.0,0.5189772572113722,0.5107893134642448,0.5148832853378085,1.1189913104470282,-0.07662037037037034,-0.08865740740740746,0.37992411031797013,0.34185392529572795,0.23056085011072638,0.46013162080062686,0.00818794374712739,0.012037037037037124,0.014882608481979141,0.28766406584263515,0.12131289287541568,0.11428455622601782,0.0,0.6951300049556285,0.5612152658172646,0.28622985441332927,0.3348182792545974,0.42685079698643874,fearful,06,18,18,female,strong,2141
70,2.3356666666666666,True,1.0,0.28229761316593166,0.2708626331082064,0.27658012313706903,1.2958727050715035,-0.06875000000000003,-0.0803703703703702,0.3959593133476694,0.34794694213667743,0.21041811700201482,0.21343155238523828,0.011434980057725253,0.01162037037037017,0.010662180761014408,0.24998643773563417,0.12506970364248013,0.11016055101870434,0.0,0.6930579480452985,0.5564652990571228,0.2842588614101264,0.33884615665934925,0.4216762185216211,fearful,06,18,18,female,strong,2141
80,2.6693333333333333,True,1.0,0.35276488461004435,0.3716019375885566,0.36218341109930047,1.1378736317554072,-0.07000000000000006,-0.08444444444444449,0.39727038617745947,0.25479692024110917,0.2222222222222222,0.31829844808035235,0.018837052978512236,0.014444444444444426,0.017729012750016863,0.28120655828100743,0.122267384683142,0.1130944758370716,0.0,0.7071067807446058,0.5589000182025935,0.2842431272348695,0.3326433478553108,0.41479257949219234,fearful,06,18,18,female,strong,2141
90,3.003,True,1.0,0.6085045638432426,0.5857495513973339,0.5971270576202883,0.8697521175754673,-0.06879629629629624,-0.08152777777777775,0.3695624058084439,0.28774625063243015,0.21319444444444435,0.686548552804732,0.022755012445908718,0.01273148148148151,0.00961715472925749,0.34768998743072477,0.12264518455846911,0.1128536063863274,0.0,0.6965190979555812,0.5544733439782162,0.28447674565736225,0.3128441465290131,0.4060596983587374,fearful,06,18,18,female,strong,2141
100,3.336666666666667,True,1.0,0.5460382539870393,0.5044832681662719,0.5252607610766555,0.7674198134077297,-0.06837962962962979,-0.07680555555555563,0.3684381861299579,0.2557953637090329,0.2090336176048389,0.6844503515542996,0.04155498582076744,0.008425925925925837,0.015875807392141186,0.40310728571357923,0.12758304625083186,0.10723965721517414,0.0,0.6857408269544502,0.5554593242453231,0.2840503538225547,0.3198462004002704,0.3971682444293632,fearful,06,18,18,female,strong,2141
110,3.6703333333333332,True,1.0,0.5334232968893188,0.5202461337021114,0.5268347152957151,0.7184827175744493,-0.06699074074074085,-0.07546296296296301,0.3760139070675428,0.22687823215139596,0.2090511361072119,0.7332601082935922,0.013177163187207408,0.008472222222222159,0.01336620438900972,0.4148246181575189,0.12430553500626638,0.11102212273547493,0.0,0.6780287865950578,0.5628625339432648,0.28340708746390125,0.31304563330656704,0.3983935760797504,fearful,06,18,18,female,strong,2141
0,0.0,True,1.0,0.49125725656093366,0.46913828749795594,0.4801977720294448,0.8158580848017261,-0.08699074074074081,-0.08467592592592599,0.3631489935519339,0.309223806032859,0.2180555555555555,0.5885800250985377,0.022118969062977722,0.002314814814814825,0.0070669244106046445,0.3451209421462919,0.1259768992346552,0.10912194384957612,0.0,0.670769701064696,0.5827406121667417,0.28818076523185676,0.3085464523958548,0.4107185488010322,disgust,07,18,18,female,normal,2142
10,0.33366666666666667,True,1.0,0.15828051094986986,0.15699219903438955,0.1576363549921297,0.7701897027663699,-0.10296296296296292,-0.10518518518518516,0.36507202488511226,0.3263515689688005,0.22222256554471098,0.2046721144491168,0.0012883119154803169,0.0022222222222222365,0.006682493355313912,0.37220813890104176,0.12440236339887048,0.11091361390998102,0.0,0.6879084021889051,0.5807191803049344,0.28590053349331407,0.3040029031682355,0.4019800339264017,disgust,07,18,18,female,normal,2142
20,0.6673333333333333,True,1.0,0.22912650311940447,0.21108637508058156,0.220106439099993,0.8502069277441225,-0.09402777777777765,-0.09759259259259251,0.37135799373825285,0.3616424407599166,0.23196056155148997,0.25888572760046485,0.018040128038822906,0.003564814814814854,0.01995569648257291,0.3696913562262541,0.12509452793367157,0.11013236059880292,0.0,0.7346819287516629,0.5665393745701405,0.28144135409335175,0.3233637711976365,0.4121645826720292,disgust,07,18,18,female,normal,2142
30,1.0010000000000001,True,1.0,0.1666024034421212,0.15116194290302232,0.15888217317257175,1.0035038138212549,-0.0782870370370371,-0.07898148148148154,0.39035622871356995,0.33653299527390346,0.20486148352867514,0.15832742335832517,0.015440460539098894,0.000694444444444442,0.007508904378202935,0.31577691753753284,0.12252591550179895,0.11298308634554038,0.0,0.7036980090728712,0.5647557222498375,0.28429280818711816,0.3499140616530791,0.4492275176980893,disgust,07,18,18,female,normal,2142
40,1.3346666666666667,True,1.0,0.1604327089821155,0.19872534551660131,0.17957902724935842,1.0965412717351692,-0.07310185185185186,-0.07708333333333328,0.3641166596124495,0.3655137572450561,0.20763925632428706,0.16376859848165332,0.03829263653448581,0.003981481481481419,0.0023617224180654895,0.2748115480473715,0.12107385918799508,0.11453775967226866,0.0,0.6600566617899092,0.5645890173803896,0.2835324475640534,0.3333396326757554,0.43265427365058523,disgust,07,18,18,female,normal,2142
50,1.6683333333333334,True,1.0,0.21602022920477304,0.2327187828007984,0.2243695060027857,1.7778453806027565,-0.08944444444444433,-0.09782407407407406,0.3430697679146988,0.6339362618432389,0.21806115361267805,0.12620304805512164,0.016698553596025373,0.008379629629629737,0.006738745398056055,0.17441197235876452,0.12509703822963625,0.11012950919827318,0.0,0.6804627524004169,0.5678961883190776,0.29088506801022024,0.344780149578942,0.4395435839862571,disgust,07,18,18,female,normal,2142
60,2.0020000000000002,True,1.0,0.09845696710271033,0.11357912270316353,0.10601804490293693,0.6752604252249373,-0.0795370370370369,-0.08634259259259258,0.4054931127782877,0.15989895998834486,0.2097353180985255,0.15700319601525745,0.0151221556004532,0.006805555555555676,0.010592668360171737,0.4246219180038888,0.12257870894113229,0.11292580698848599,0.0,0.7889082868330393,0.5711065271342912,0.28878798068717554,0.3314308037027278,0.4209824498951624,disgust,07,18,18,female,normal,2142
70,2.3356666666666666,True,1.0,0.44988989390184175,0.42911968524768035,0.439504789574761,0.8953578323074763,-0.08004629629629634,-0.08726851851851858,0.3787683838308434,0.30250430953519397,0.22777777777777775,0.490870547747473,0.020770208654161404,0.007222222222222241,0.024761317227309874,0.30123439847563027,0.11995382827172836,0.11571022795082068,0.0,0.9999999987499999,0.5780052076533739,0.2874109280565188,0.3193668821675182,0.4218561328519891,disgust,07,18,18,female,normal,2142
80,2.6693333333333333,True,1.0,0.16060662725420569,0.17250670307347046,0.16655666516383807,0.9516466404505983,-0.0923148148148148,-0.10453703703703698,0.38205388281319397,0.3317423905688074,0.22638888888888886,0.17501944323049845,0.011900075819264777,0.01222222222222219,0.03265410224035923,0.3184499699619466,0.12459244532265411,0.11070004669670294,0.0,0.6689728525156756,0.575522048647584,0.2862179694173126,0.3272759102485572,0.4063217958670948,disgust,07,18,18,female,normal,2142
90,3.003,True,1.0,0.19239375005293316,0.2282012730442066,0.21029751154856988,1.1229700211528357,-0.09351851851851867,-0.10171296296296295,0.33100184735874727,0.4115623496861173,0.2278635085953491,0.18726903442415982,0.03580752299127343,0.008194444444444282,0.04049623624619447,0.25167759157663755,0.12204423524875319,0.11350322644039622,0.0,0.7071067807446058,0.5630935316157712,0.28234277658581197,0.31149549137931526,0.3919484314678157,disgust,07,18,18,female,normal,2142
100,3.336666666666667,True,1.0,0.28820971133527157,0.27553734831002036,0.28187352982264596,0.9274831579212558,-0.07620370370370366,-0.09189814814814806,0.3696545939896912,0.2575634783237922,0.21875871913426817,0.30391228931251096,0.01267236302525121,0.0156944444444444,0.04075119201461362,0.3592763353549721,0.1220271712971828,0.11352157167274367,0.0,0.7060345668051732,0.5740969735550471,0.2810731683465901,0.3173271791658141,0.4175806165875668,disgust,07,18,18,female,normal,2142
110,3.6703333333333332,True,1.0,0.36939711152791277,0.36132247728196837,0.3653597944049406,0.9085410266116705,-0.07226851851851851,-0.08824074074074062,0.36431894240860124,0.265995448244253,0.21736672705293877,0.40213901596444146,0.008074634245944401,0.01597222222222211,0.040328954015645194,0.36150211385383985,0.1247001043263594,0.1105787581374471,0.0,0.6979744344970136,0.574062355442177,0.28287507321441885,0.32397128080449683,0.41956656584709323,disgust,07,18,18,female,normal,2142
120,4.0040000000000004,True,1.0,0.47229847456326485,0.4480382044282531,0.46016833949575897,0.8694735206045466,-0.0719907407407408,-0.08486111111111105,0.36528605950282367,0.27897083596348476,0.22153087734710059,0.5292494004599508,0.024260270135011752,0.012870370370370254,0.0247126608383606,0.37774526062011815,0.1236082060982077,0.11162743931296316,0.0,0.9999999987499999,0.5679985092708959,0.2836504088538396,0.32429919702350324,0.42687535975290924,disgust,07,18,18,female,normal,2142
0,0.0,True,1.0,0.43608530249641236,0.42955434906501455,0.43281982578071343,0.8475811861438626,-0.08462962962962961,-0.08435185185185179,0.3514665126073795,0.30074223738748124,0.2166793428283069,0.5106529414012377,0.006530953431397812,0.0002777777777778212,0.004846995276725164,0.3451209421462926,0.12406113923184259,0.11129515489195298,0.0,0.9999999987499999,0.5894398445315626,0.29198963229172653,0.3019321708912596,0.41478464740571896,disgust,07,18,18,female,normal,2143
10,0.33366666666666667,True,1.0,0.47036054622504325,0.44049075089898837,0.45542564856201584,0.8277439684511276,-0.08388888888888879,-0.08319444444444452,0.3558076552236265,0.30531539819918674,0.21736146211172627,0.5502011079757031,0.029869795326054882,0.0006944444444442754,0.00944526514945765,0.3323717429990228,0.12580594330000955,0.1093189937783973,0.0,0.6748159050572915,0.5895789682669943,0.28989095484299426,0.30512873959064934,0.4168425350690486,disgust,07,18,18,female,normal,2143
20,0.6673333333333333,True,1.0,0.2056299770571189,0.21874649768735574,0.21218823737223733,1.0051705833568856,-0.08490740740740743,-0.08888888888888885,0.3517824086256064,0.4061990713565494,0.20625000000000004,0.2110967440607043,0.013116520630236828,0.003981481481481419,0.0027415963858171645,0.2851027397260271,0.12396824875657463,0.11139861341213234,0.0,0.6644224383078985,0.5852148733321455,0.28981201119175615,0.3172442727615658,0.4274678251992826,disgust,07,18,18,female,normal,2143
30,1.0010000000000001,True,1.0,0.24654195169135307,0.24580809400823636,0.2461750228497947,1.1722054734351663,-0.09532407407407406,-0.10004629629629641,0.3759427457683,0.40576343311217256,0.2319474048133705,0.2100101291357862,0.0007338576831167065,0.00472222222222235,0.010735493211327253,0.2845529281465885,0.1220893964799822,0.11345464748945581,0.0,0.687234384051982,0.5786496615521209,0.29453089840108565,0.33542142527126484,0.4381279637404561,disgust,07,18,18,female,normal,2143
40,1.3346666666666667,True,1.0,0.3197037517346724,0.3224672610518737,0.32108550639327305,1.162513515625651,-0.08888888888888885,-0.09199074074074082,0.3497591033391426,0.4444028921681809,0.2229221426508093,0.27619937495562674,0.0027635093172012626,0.0031018518518519667,0.021482886420831824,0.2448047023554556,0.12435195148087133,0.11097013081396037,0.0,0.8349063458270095,0.5755448621167217,0.2895964428500863,0.33290502774407854,0.4193038747266889,disgust,07,18,18,female,normal,2143
50,1.6683333333333334,True,1.0,0.21926162380049793,0.19808968998765403,0.20867565689407597,1.2799128972885632,-0.09439814814814812,-0.0980092592592593,0.38840416356347224,0.39133631288103504,0.22083644264959246,0.16303895158502255,0.021171933812843907,0.003611111111111176,0.013931895772131457,0.24588547000660943,0.12371267083530511,0.11168237481705326,0.0,0.6860775754514347,0.5704697449839311,0.2926845961958593,0.3420126798690901,0.43450985691851335,disgust,07,18,18,female,normal,2143
60,2.0020000000000002,True,1.0,0.12163691771912007,0.10300447900509668,0.11232069836210837,0.7255672882469265,-0.07930555555555563,-0.08041666666666669,0.40679253822454875,0.14862496139742942,0.21466331596207835,0.15480397225940423,0.018632438714023383,0.0011111111111110628,0.021355128539005532,0.3701651714544517,0.12101334105435431,0.11460169744121437,0.0,0.695845825115726,0.564954135607368,0.28727433895621707,0.3357629544980863,0.42955431140423567,disgust,07,18,18,female,normal,2143
70,2.3356666666666666,True,1.0,0.15121847036772953,0.14250772579536736,0.14686309808154846,0.8642899778803472,-0.0800462962962964,-0.08740740740740738,0.4056666069981279,0.26395974920713494,0.21530045803466902,0.16992340746762688,0.008710744572362178,0.007361111111110985,0.02113921816022025,0.3594678056267967,0.11963182112973325,0.11604311760208441,0.0,0.6894889348933707,0.6273344488342212,0.3123582598767733,0.3116808658380122,0.43465317148801447,disgust,07,18,18,female,normal,2143
80,2.6693333333333333,True,1.0,0.2867508021060112,0.2663658967611262,0.2765583494335687,1.0871500733891553,-0.07606481481481486,-0.08328703703703705,0.32457826890104285,0.2864704594655381,0.21737830947474363,0.25438838317087814,0.020384905344885018,0.0072222222222221855,0.01799099452332455,0.26638258080797433,0.1242895052295727,0.1110400678123774,0.0,0.8025885615267037,0.5589253460368523,0.2906819997367615,0.3205687769627653,0.40655176660312314,disgust,07,18,18,female,normal,2143
90,3.003,True,1.0,0.21505376344085936,0.2123689806116331,0.21371137202624624,0.8957461407402336,-0.06958333333333333,-0.07578703703703715,0.37802973229493575,0.19184652278177483,0.21322342920306844,0.23858475332044163,0.0026847828292262677,0.006203703703703822,0.03035397140813384,0.36142048787026804,0.12247376255486335,0.11303961807938404,0.0,0.7310845365290152,0.5611830434361246,0.28845540019717614,0.31993783172546364,0.4105166114122367,disgust,07,18,18,female,normal,2143
100,3.336666666666667,True,1.0,0.2915542060237093,0.28399745740528604,0.28777583171449767,0.8101349546219827,-0.06944444444444442,-0.0735185185185186,0.36816715518121856,0.20245876125933154,0.2097400469640164,0.3552196212157971,0.007556748618423259,0.004074074074074174,0.032639137280015613,0.3993713536925636,0.12447575638579965,0.11083124037108734,0.0,0.6915802644654003,0.5603593829953857,0.2882358112142825,0.3218059484609136,0.41042195648523827,disgust,07,18,18,female,normal,2143
110,3.6703333333333332,True,1.0,0.3417525424857729,0.3302397266033061,0.33599613454453947,0.7835534833176829,-0.0687037037037036,-0.0750925925925926,0.3718392616638952,0.23497312965753667,0.20834651650997263,0.42881072153732436,0.011512815882466831,0.006388888888888999,0.021190312123977886,0.4220372037359582,0.1247590131396232,0.1105122907671095,0.0,0.6657429360376579,0.5684821340958259,0.28784081816466595,0.31102133985810204,0.4026932849945867,disgust,07,18,18,female,normal,2143
120,4.0040000000000004,True,1.0,0.3967314883936196,0.3936479966768359,0.39518974253522776,0.7375334071675111,-0.07000000000000006,-0.07666666666666677,0.36748254039832723,0.24360027808504575,0.2118286075798015,0.5358262265745353,0.0030834917167836817,0.00666666666666671,0.024551308945734488,0.46196036198900015,0.12282800651722003,0.11265459859525422,0.0,0.7071067807446058,0.5723761898040466,0.2851725426437518,0.3049753944848562,0.41286177481358827,disgust,07,18,18,female,normal,2143
0,0.0,True,1.0,0.48988736859736165,0.48109621971075867,0.4854917941540602,0.7406735693650119,-0.08583333333333332,-0.08504629629629629,0.3509035292083656,0.3434032003419602,0.2180611536126781,0.6554733613220166,0.008791148886602984,0.0007870370370370305,0.007525292685622244,0.36818181818181783,0.1250285926740638,0.11020720840250195,0.0,0.7684673517768199,0.5791130469844188,0.28815285246783484,0.30223133124795953,0.4135082418117967,disgust,07,18,18,female,normal,2144
10,0.33366666666666667,True,1.0,0.5240988262897724,0.49408604630705083,0.5090924362984116,0.7272462296172402,-0.08611111111111114,-0.08509259259259266,0.35062177480555967,0.34340320034196126,0.21668392014887744,0.7000276049094872,0.030012779982721616,0.0010185185185184742,0.011130598295223698,0.3858403669150589,0.12727143632147006,0.10760928987195234,0.0,0.7365286321889296,0.5764156528236295,0.2877163610649927,0.30792291724961957,0.4120531504850691,disgust,07,18,18,female,normal,2144
20,0.6673333333333333,True,1.0,0.7052961608211903,0.6469583105719543,0.6761272356965723,0.7732897836491691,-0.0647685185185185,-0.06699074074074057,0.34950906880231414,0.4205406335750606,0.20833919262593822,0.874351698409767,0.05833785024923599,0.00222222222222207,0.021258421423688088,0.36553501156369245,0.12433208213122438,0.11099239218506579,0.0,0.742028895377417,0.5734075621654913,0.28764487513981696,0.315261471647656,0.4301121584117773,disgust,07,18,18,female,normal,2144
30,1.0010000000000001,True,1.0,0.42224719837325075,0.41159785542237354,0.4169225268978122,0.9016526981310266,-0.056203703703703756,-0.060046296296296375,0.3647802733607172,0.40509034263857735,0.20416704035095481,0.4623981359585814,0.010649342950877216,0.0038425925925926196,0.023407494452478236,0.3179347826086958,0.1222271931552308,0.11330618263468521,0.0,0.7252373822316385,0.5701905426311149,0.2906849521676287,0.3407459312264971,0.44004243750344324,disgust,07,18,18,female,normal,2144
40,1.3346666666666667,True,1.0,0.11161468538789664,0.08205128205128176,0.0968329837195892,0.945057033048231,-0.0786574074074074,-0.08027777777777789,0.3834216964979826,0.27088587652672397,0.21250897556871717,0.10246258197482494,0.029563403336614877,0.0016203703703704941,0.0007157788744567356,0.3152465974184516,0.12426370450700022,0.11106894035752732,0.0,0.6903116963980409,0.5558470113279687,0.2860310391050298,0.34537108454796744,0.43484982823581253,disgust,07,18,18,female,normal,2144
50,1.6683333333333334,True,1.0,0.14131362367311343,0.15815829592322198,0.1497359597981677,0.9181317744595203,-0.07962962962962972,-0.08189814814814816,0.40916546011057925,0.2882676356455555,0.2076403586265802,0.1630876568739964,0.01684467225010855,0.0022685185185184475,0.0048518256437422936,0.33159283861922667,0.12250494110495885,0.11300582805553008,0.0,0.6767952579484963,0.5599112951743198,0.2868765147146261,0.346812514249801,0.4383037361436595,disgust,07,18,18,female,normal,2144
60,2.0020000000000002,True,1.0,0.25198427895741,0.2555693098264006,0.25377679439190526,0.9194965617660114,-0.07777777777777778,-0.07930555555555552,0.3949497516314508,0.25739389270920937,0.2076756292107354,0.2759953706672859,0.0035850308689905908,0.001527777777777739,0.01634253274940907,0.31520228518283605,0.118944325314885,0.11674769909850517,0.0,0.6948941326431401,0.5502656011623399,0.28926402100775644,0.32096114636288153,0.4139468630836358,disgust,07,18,18,female,normal,2144
70,2.3356666666666666,True,1.0,0.2482811777462242,0.2740279816302135,0.26115457968821887,0.9738527018873548,-0.07953703703703713,-0.08273148148148152,0.30277555809914164,0.32973122377302133,0.21180699638057285,0.2681664066671415,0.02574680388398931,0.0031944444444443887,0.013534320408717403,0.25444954448068546,0.12477341477119681,0.11049603041022803,0.0,0.6840073125646127,0.5558021029583708,0.2839790036914548,0.3365272394347731,0.4112536536173563,disgust,07,18,18,female,normal,2144
80,2.6693333333333333,True,1.0,0.22572156242603886,0.24799633605677807,0.23685894924140846,0.9995316754387928,-0.08333333333333343,-0.08675925925925926,0.3816142572488631,0.30226189416402305,0.2159810534951401,0.23696992807899536,0.02227477363073921,0.0034259259259258323,0.01437492459651334,0.31961356621732195,0.12448222685207294,0.11082397289330469,0.0,0.6419530865772086,0.553811966278699,0.28348596433990536,0.3231419901952028,0.4136045840049407,disgust,07,18,18,female,normal,2144
90,3.003,True,1.0,0.35033217212765966,0.33096422838173645,0.34064820025469805,0.9654628280041768,-0.08009259259259266,-0.08249999999999996,0.36096378047328354,0.36687587464158705,0.2145847555070186,0.3528340919752369,0.01936794374592321,0.0024074074074073026,0.012350517791122532,0.3377632718010913,0.1230713997527086,0.11238864859320487,0.0,0.6463228025254704,0.5538099773112369,0.28083232573884426,0.3200088534259591,0.41618660301230953,disgust,07,18,18,female,normal,2144
100,3.336666666666667,True,1.0,0.19606877229527928,0.21272117636611348,0.20439497433069637,0.8935316300191867,-0.08152777777777787,-0.08430555555555563,0.3685518223731269,0.320876011613185,0.21321734630881997,0.22874956796583398,0.01665240407083421,0.002777777777777768,0.01886984736043609,0.35674740771472035,0.12652314318841976,0.10848811920170794,0.0,0.6502325430685225,0.5545458481595764,0.28025103057475503,0.32877331730932124,0.40811344878782674,disgust,07,18,18,female,normal,2144
0,0.0,True,1.0,0.5103451930090865,0.48684013147093264,0.4985926622400096,0.8395988977456824,-0.08041666666666669,-0.08064814814814825,0.3491078510864128,0.3181826900631218,0.21597363525015603,0.5938462563239753,0.023505061538153904,0.00023148148148155467,0.00928094262407263,0.3371763565604055,0.12559173724846595,0.10956501861909239,0.0,0.7315386751011543,0.5810174224689877,0.2875878625270653,0.3121439051267317,0.41874928767287434,disgust,07,18,18,female,normal,2145
10,0.33366666666666667,True,1.0,0.497280672215328,0.48532498294329546,0.49130282757931176,0.8015018169164074,-0.0805555555555556,-0.08087962962962969,0.3526767741601783,0.3138663779829056,0.21597222222222223,0.6129778089206155,0.011955689272032555,0.0003240740740740877,0.014743471205623658,0.3374406894661864,0.1264557972452582,0.10856661141117148,0.0,0.6669879533532976,0.5814433487535638,0.2871714508092436,0.31344504481386104,0.41935517916350035,disgust,07,18,18,female,normal,2145
20,0.6673333333333333,True,1.0,0.6805778491821127,0.6469583105719537,0.6637680798770332,0.8434002017500701,-0.07097222222222221,-0.07263888888888892,0.36600622263022714,0.29194622368271655,0.21666807516569422,0.787014371705986,0.03361953861015898,0.0016666666666667052,0.014078112924959656,0.33750000000000047,0.12648369528834863,0.10853410798638309,0.0,0.7372248369562211,0.5709996674919969,0.287487033216608,0.31157423060166395,0.4246625689294223,disgust,07,18,18,female,normal,2145
30,1.0010000000000001,True,1.0,0.47662056339022296,0.4770553326722629,0.4768379480312429,1.1126420908900077,-0.05333333333333318,-0.0559722222222222,0.3668432149645386,0.4284221953860627,0.1993116802436792,0.42856364318360274,0.00043476928203994847,0.002638888888889024,0.021863582418701663,0.2847089202890234,0.12336156508539382,0.11207007642346026,0.0,0.6966947699268252,0.5627814017794619,0.28431724747669884,0.3389821490800989,0.44493163906823974,disgust,07,18,18,female,normal,2145
40,1.3346666666666667,True,1.0,0.16935504323435546,0.18363013063488012,0.17649258693461778,1.0772900097115963,-0.08310185185185182,-0.0905555555555555,0.34960333031129326,0.36350451727835353,0.2166793428283069,0.163830152831239,0.01427508740052466,0.007453703703703685,0.015636726626205726,0.2460390190131732,0.12595518060946373,0.10914701208815931,0.0,0.6885059692040437,0.5563912913759252,0.2843021052048313,0.35030786373389383,0.42571974196703893,disgust,07,18,18,female,normal,2145
50,1.6683333333333334,True,1.0,0.3819314208431881,0.3521739740605654,0.36705269745187674,0.9417232946839079,-0.08254629629629634,-0.0931481481481482,0.3939272591371473,0.22643875856698914,0.23891475645867616,0.38976703616010583,0.02975744678262271,0.010601851851851862,0.024356816632776987,0.3355315892166448,0.12338678342947068,0.11204231095838944,0.0,0.6503568398556581,0.5530104157522384,0.2824660249188139,0.34208168022231844,0.4217751781684388,disgust,07,18,18,female,normal,2145
60,2.0020000000000002,True,1.0,0.42030625073413663,0.4328678501703029,0.4265870504522198,1.0855811732531304,-0.07467592592592587,-0.08884259259259253,0.38724941282155184,0.33773636501208576,0.24098773555796713,0.39295730338973955,0.012561599436166249,0.01416666666666666,0.01759358677701899,0.29396006410756476,0.1240237832756314,0.11133678166676733,0.0,0.8759908951945018,0.5563232761151337,0.28465041817004527,0.347092774553781,0.4242467984272599,disgust,07,18,18,female,normal,2145
70,2.3356666666666666,True,1.0,0.4238378405411721,0.4224853710086894,0.4231616057749307,1.080556846016116,-0.07129629629629636,-0.08287037037037026,0.4026396874818455,0.22656422677874258,0.24101780958876476,0.39161438598540843,0.0013524695324826919,0.011574074074073903,0.026926857796984775,0.29051632233160485,0.12622220695808148,0.10883810105258068,0.0,0.6894882332788392,0.5552801490518082,0.2849844186855001,0.3665998736922588,0.4539816876539025,disgust,07,18,18,female,normal,2145
80,2.6693333333333333,True,1.0,0.2667631602185148,0.2794662337647941,0.27311469699165447,1.120890752886127,-0.0835185185185186,-0.09356481481481471,0.3647664560340027,0.3284751601384256,0.2312767219569247,0.2436586226520513,0.012703073546279309,0.010046296296296109,0.01929343821566569,0.2846613275661645,0.12268076768565149,0.11281492370094053,0.0,0.9099502982691663,0.5565098474077131,0.2826465344228994,0.3315326484998411,0.42464130012793055,disgust,07,18,18,female,normal,2145
90,3.003,True,1.0,0.23157680661344626,0.2368799758588147,0.23422839123613048,1.0259006081763842,-0.09148148148148144,-0.09810185185185177,0.34165372416956125,0.32820512820512815,0.2277791175699503,0.2283148965595109,0.005303169245368444,0.006620370370370332,0.025913212148862143,0.29992409132036096,0.12381303812542714,0.11122904955591495,0.0,0.9999999987499999,0.5656606918236045,0.28058174318519274,0.3152886113238198,0.3914274948561665,disgust,07,18,18,female,normal,2145
100,3.336666666666667,True,1.0,0.1885826280579271,0.19893708451140266,0.19375985628466488,1.0161838523592779,-0.08898148148148144,-0.09481481481481485,0.37333021600951527,0.2786670704226699,0.22153087734710059,0.19067401615840665,0.010354456453475547,0.0058333333333334125,0.028875075430198356,0.316303998559827,0.12671487017472027,0.10826411892629262,0.0,0.699357679907818,0.5576763898293693,0.2793024689924052,0.3276622888658011,0.41532192613665986,disgust,07,18,18,female,normal,2145
110,3.6703333333333332,True,1.0,0.18328782333333535,0.16638751897083093,0.17483767115208315,0.9884487292823222,-0.0787500000000001,-0.0872222222222222,0.37277059078299024,0.2814916670219168,0.2201420080135779,0.1768808699658369,0.01690030436250442,0.008472222222222103,0.02700820528909408,0.3206288251527839,0.1251139509646584,0.11011029490508925,0.0,0.6733147249408197,0.5603814706038666,0.27909363306649654,0.3260388276014804,0.42203241674592534,disgust,07,18,18,female,normal,2145
120,4.0040000000000004,True,1.0,0.4108550815659743,0.3806041536150036,0.39572961759048897,0.9336044391479963,-0.07050925925925922,-0.08236111111111116,0.3649219476893571,0.3261124173834209,0.21597363525015603,0.4238728962681778,0.030250927950970674,0.011851851851851947,0.024815371559184295,0.3547061337759245,0.12578560212740658,0.1093423983068413,0.0,0.7071067807446058,0.5602250790863221,0.28010021734412394,0.32615415251198626,0.4225861080384905,disgust,07,18,18,female,normal,2145
130,4.337666666666666,True,1.0,0.5439603293130401,0.5118280774065563,0.5278942033597982,0.8955181467563023,-0.06972222222222224,-0.07865740740740745,0.3533779844263003,0.3621085214777702,0.21458653321087062,0.5894846522897478,0.03213225190648372,0.008935185185185213,0.0249423698877931,0.36421771440864303,0.12854071041832027,0.10608988422826394,0.0,0.6888341117150051,0.5616875444396509,0.28069875361275365,0.33162532704174347,0.4247223975431196,disgust,07,18,18,female,normal,2145
0,0.0,True,1.0,0.47921775586176313,0.46875551977572655,0.47398663781874484,0.7762395784412576,-0.08592592592592585,-0.08606481481481476,0.3692887293423766,0.2587465261470862,0.21736988595645537,0.6106190034403329,0.01046223608603658,0.0001388888888889106,0.011235941891298173,0.3566396504565607,0.12340799735880263,0.11201894463763727,0.0,0.7671707309752097,0.5875346314541442,0.2918195901514452,0.3042753833317683,0.4108794689564392,disgust,07,18,18,female,strong,2146
10,0.33366666666666667,True,1.0,0.4936683893559657,0.4481596051222654,0.47091399723911553,0.7640406103044545,-0.08374999999999988,-0.08462962962962967,0.3697050388407055,0.2654596732455179,0.21666807516569428,0.6163468157163348,0.045508784233700306,0.0008796296296297856,0.017339285262568418,0.353145140160112,0.12392762904719538,0.11144379986591157,0.0,0.722937479916433,0.587533321148772,0.2909442792957122,0.30386605855517484,0.4116649158179862,disgust,07,18,18,female,strong,2146
20,0.6673333333333333,True,1.0,0.18118733717507424,0.16052206420057996,0.1708547006878271,0.7857209061254048,-0.07398148148148154,-0.07657407407407402,0.39130651685571005,0.3055581301598795,0.20138926772743349,0.21744960501351085,0.020665272974494275,0.0025925925925924798,0.01378824189800127,0.40459774332072856,0.12406506747956039,0.11129077590398463,0.0,0.6934917549510572,0.5705762381202482,0.2848975360452003,0.3366975572386176,0.42632772521295675,disgust,07,18,18,female,strong,2146
30,1.0010000000000001,True,1.0,0.09195402298850525,0.09357932170992207,0.09276667234921365,1.1196407954275163,-0.08074074074074067,-0.08694444444444444,0.407857892818918,0.3513514705838794,0.20626331633148565,0.08285395881256027,0.0016252987214168263,0.006203703703703767,0.020519315695565143,0.2874103976695369,0.12096598795298502,0.11465167913378368,0.0,0.6478896995032277,0.5665541641891131,0.2864560619559572,0.3498774318858691,0.45007545120045084,disgust,07,18,18,female,strong,2146
40,1.3346666666666667,True,1.0,0.13974702152538593,0.1623262335705482,0.15103662754796707,1.075822155113467,-0.08884259259259258,-0.09796296296296297,0.36620801222306726,0.38877103792803835,0.21875139508483712,0.14039181739293818,0.022579212045162278,0.00912037037037039,0.019034605725152257,0.2645270219333788,0.12367758480294289,0.11172122800621559,0.0,0.6928332741058781,0.5617992786880377,0.28414060780643274,0.33106054451863187,0.4150049376200696,disgust,07,18,18,female,strong,2146
50,1.6683333333333334,True,1.0,0.16198220572017327,0.16938151423465922,0.16568185997741625,0.8390457746895293,-0.08893518518518506,-0.09726851851851859,0.3874068208181247,0.1912269126343806,0.22986243876022253,0.19746462585873006,0.007399308514485947,0.008333333333333526,0.020096764263867303,0.34768998743072477,0.12568046301734243,0.10946323120548763,0.0,0.6447254332030985,0.5575416437199879,0.28456912055958833,0.33253042509819714,0.4016101914012192,disgust,07,18,18,female,strong,2146
60,2.0020000000000002,True,1.0,0.13888888888888828,0.12494269476008521,0.13191579182448676,0.947669032041051,-0.06685185185185194,-0.07101851851851854,0.4072881853062365,0.2280545776971313,0.21042573109859153,0.13920027706336663,0.013946194128803074,0.004166666666666596,0.022236162460040898,0.34708834050441645,0.12052232400669291,0.11511797073292993,0.0,0.6752956021818961,0.5530220945409414,0.2874756594481878,0.3405330256145246,0.4225317331071997,disgust,07,18,18,female,strong,2146
70,2.3356666666666666,True,1.0,0.14887328374368833,0.16475855499435169,0.15681591936902,1.0356006383491485,-0.06648148148148136,-0.07185185185185172,0.40390544333335016,0.30003366159027134,0.20626331633148565,0.15142508952002998,0.015885271250663358,0.005370370370370359,0.01919241029460953,0.30697211206112995,0.12151771460033502,0.11406674716176403,0.0,0.8172799719293431,0.5466943356092437,0.28543355571533857,0.32752614637971855,0.4011989120009312,disgust,07,18,18,female,strong,2146
80,2.6693333333333333,True,1.0,0.10840887928288562,0.10998633964911184,0.10919760946599873,0.876542181424065,-0.06504629629629632,-0.06967592592592597,0.3921232135924769,0.1620569730407966,0.2104877213465755,0.12457770062884137,0.0015774603662262188,0.00462962962962965,0.023334983837815435,0.34665396702054274,0.12535400183406534,0.10983693365309673,0.0,0.7481815783389665,0.5447894249574831,0.28198859922548086,0.3365466046105918,0.39577397061249425,disgust,07,18,18,female,strong,2146
90,3.003,True,1.0,0.21298440140565608,0.18063005064851834,0.19680722602708722,1.0073761608688128,-0.06259259259259253,-0.06717592592592603,0.3358872902634953,0.4538328775397583,0.20209277153915417,0.19536617370154025,0.032354350757137745,0.004583333333333495,0.04109343632598082,0.2654698698787152,0.12296810904387928,0.1125016530015033,0.0,0.7071067807446058,0.5641461267632052,0.2821056645568818,0.34357489660668933,0.41003857908687036,disgust,07,18,18,female,strong,2146
100,3.336666666666667,True,1.0,0.14911808649743633,0.17161564101613205,0.1603668637567842,1.1807550064021326,-0.0761574074074074,-0.08814814814814809,0.30725988374304997,0.4181140633647793,0.22366023712004707,0.13581722108927283,0.022497554518695728,0.01199074074074069,0.04136137108123672,0.22764045945660805,0.12314083815059966,0.11231256274087867,0.0,0.7889827791342588,0.5395356937696953,0.2802501109686743,0.3207742659252592,0.3760567181043352,disgust,07,18,18,female,strong,2146
110,3.6703333333333332,True,1.0,0.09683487223412612,0.09822687083765459,0.09753087153589035,0.9365099645698113,-0.06624999999999992,-0.0764814814814816,0.3804232840924715,0.2067564234349747,0.21877232028983923,0.10414290848543342,0.0013919986035284687,0.010231481481481675,0.034803040463248884,0.336280851332661,0.1269221343224904,0.10802106086074297,0.0,0.834462818754659,0.5458024429068503,0.2808236167652663,0.3311664391770682,0.3964746827626867,disgust,07,18,18,female,strong,2146
120,4.0040000000000004,True,1.0,0.1198214413352527,0.14647731615108564,0.13314937874316918,0.9121136261974095,-0.06504629629629632,-0.07611111111111113,0.3968486045528108,0.19543206220797696,0.21389780617713006,0.14597893828016503,0.02665587481583294,0.011064814814814805,0.02947358212052934,0.3370053260123382,0.12279532263284705,0.11252103164218837,0.0,0.9999999987499999,0.5542583052752351,0.28013242862198096,0.3180799144621657,0.3921163925042256,disgust,07,18,18,female,strong,2146
130,4.337666666666666,True,1.0,0.16191177152790864,0.16475855499435169,0.16333516326113018,0.8007494448338986,-0.06495370370370368,-0.07583333333333331,0.3912392877357029,0.18805479386250581,0.21389780617713006,0.20397786637867876,0.0028467834664430425,0.010879629629629628,0.027099458178457953,0.420080069724022,0.11668492128936171,0.11868529402349398,0.0,0.9999999987499999,0.6217576650503952,0.3089080544363434,0.2968488925716149,0.4233014760353546,disgust,07,18,18,female,strong,2146
140,4.671333333333333,True,1.0,0.2597319322891874,0.2788995500132038,0.2693157411511956,0.7007486240927556,-0.0674999999999999,-0.07574074074074078,0.39311869280264133,0.1811940106743422,0.21250574440765127,0.3843257509065722,0.019167617724016428,0.008240740740740882,0.025511689507569674,0.4560591444273965,0.12695027840312295,0.1079879835157498,0.0,0.6833478145873931,0.5546995433016957,0.2846581760980014,0.31932472989844063,0.4045807881892845,disgust,07,18,18,female,strong,2146
0,0.0,True,1.0,0.43750383747664,0.4116933922583936,0.4245986148675168,0.792853270616389,-0.07685185185185184,-0.07861111111111102,0.3590411148120963,0.28890797721075184,0.20976623567341046,0.5355324000081636,0.025810445218246436,0.0017592592592591827,0.03230503321143835,0.3828421603915875,0.127626210074748,0.10718828421198855,0.0,0.6984530160919801,0.5840749062671944,0.28417661457426335,0.30556438875122677,0.41240200485147954,disgust,07,18,18,female,strong,2147
10,0.33366666666666667,True,1.0,0.48752158852173716,0.4591671239965269,0.47334435625913207,0.8197272499995822,-0.08004629629629628,-0.08111111111111113,0.3619037981645959,0.31578313788151935,0.20837764014534624,0.5774412845972526,0.028354464525210232,0.0010648148148148517,0.024461191159520463,0.3519254205684062,0.12330749535563547,0.11212956505166732,0.0,0.9999999987499999,0.5825104407466113,0.2900140795755025,0.29921942544969726,0.4109693240313271,disgust,07,18,18,female,strong,2147
20,0.6673333333333333,True,1.0,0.15225004639852477,0.1459962506976706,0.1491231485480977,0.9135368257010027,-0.07750000000000007,-0.0824999999999999,0.36454193670697077,0.35080447533889925,0.19791820860144974,0.1632371507669305,0.006253795700854159,0.004999999999999838,0.02675819227850089,0.35079631885054563,0.12046247564456461,0.1151805961565539,0.0,0.7846150803723236,0.5806351645423796,0.28936465591576105,0.3063064463149721,0.4190460436370731,disgust,07,18,18,female,strong,2147
30,1.0010000000000001,True,1.0,0.1645761032663401,0.17771193682672348,0.1711440200465318,1.0509257856448695,-0.06787037037037047,-0.07675925925925936,0.38646094083095106,0.39408833383068415,0.2014131331192215,0.16285071922706162,0.013135833560383392,0.00888888888888889,0.03369205144497148,0.29487664793189455,0.123716073717048,0.11150787831593115,0.0,0.7071067807446058,0.5698561406906513,0.2869950699342592,0.3410347130299348,0.4373392154183701,disgust,07,18,18,female,strong,2147
40,1.3346666666666667,True,1.0,0.13551586958182632,0.13652879233654447,0.1360223309591854,0.9958851051915241,-0.07694444444444426,-0.08680555555555552,0.33355750747730023,0.5117638419231377,0.19514514434912314,0.1365843612381633,0.0010129227547181485,0.009861111111111265,0.027487548561344603,0.2540704631222357,0.12218471250849852,0.11335199071469605,0.0,0.7071067807446058,0.5735139913152761,0.28867658483231684,0.33165720062861365,0.4237016647340773,disgust,07,18,18,female,strong,2147
50,1.6683333333333334,True,1.0,0.1745670964361213,0.1898420386062162,0.18220456752116876,1.228344554998843,-0.07564814814814813,-0.08643518518518523,0.3735667246913472,0.49880095923261425,0.19652933060954056,0.14833343525615286,0.015274942170094896,0.010787037037037095,0.021542275491865197,0.2518450680036618,0.12051284702121211,0.11512789180946174,0.0,0.697119186914437,0.5712537308673469,0.29059099453559023,0.3412622279348546,0.4349430183753192,disgust,07,18,18,female,strong,2147
60,2.0020000000000002,True,1.0,0.15801834328349074,0.1530371336731774,0.15552773847833407,0.5959320045594074,-0.064074074074074,-0.07407407407407401,0.40625327056471067,0.1633409901217058,0.20840509831657256,0.26098235585336776,0.004981209610313342,0.010000000000000009,0.04282904493912528,0.4959571144199917,0.12562962582629728,0.10952157269189247,0.0,0.6612027292443667,0.5569021447563401,0.2827398911904075,0.3394836414201076,0.42118468916938523,disgust,07,18,18,female,strong,2147
70,2.3356666666666666,True,1.0,0.4297005701526105,0.3650129441729868,0.3973567571627986,0.9466695189485861,-0.07634259259259257,-0.08657407407407408,0.3635946793489541,0.3431551873661578,0.2229334364432989,0.4197417886699478,0.06468762597962369,0.010231481481481508,0.04504531909084442,0.3080756180632295,0.12402789281139118,0.11081763276793898,0.0,0.7023868683365463,0.5715532473067353,0.28427808273167765,0.31118861860917396,0.40185521572248634,disgust,07,18,18,female,strong,2147
80,2.6693333333333333,True,1.0,0.3853653893404252,0.37461088805710524,0.37998813869876524,0.9941872586426287,-0.07620370370370366,-0.09092592592592591,0.3760329712636569,0.4089596226442549,0.22916799833893392,0.38220982555898564,0.01075450128331995,0.014722222222222248,0.023353475610803077,0.3206288251527834,0.11710729221752854,0.11859030263282438,0.0,0.7071067807446058,0.6219052754695629,0.3113488283544155,0.30269366823545507,0.4348710933836017,disgust,07,18,18,female,strong,2147
90,3.003,True,1.0,0.3869377389344367,0.3784937707483159,0.3827157548413763,1.0461749729146412,-0.07527777777777783,-0.09078703703703705,0.31378682817626957,0.4406604459733317,0.2312767219569247,0.365823848543357,0.00844396818612081,0.015509259259259223,0.03487756955419641,0.2654260142193113,0.12708016136924088,0.10783510725531585,0.0,0.7201840350264757,0.554726822596226,0.28245471217358104,0.3383613997221761,0.4093424922428368,disgust,07,18,18,female,strong,2147
100,3.336666666666667,True,1.0,0.33515482695810517,0.33307677081388015,0.33411579888599263,1.1065624677270907,-0.07412037037037034,-0.09310185185185182,0.37830741359967374,0.316991821637856,0.23541958337287935,0.3019402958535866,0.0020780561442250156,0.018981481481481488,0.03153985966188114,0.278039913461112,0.12504706414376768,0.1101862492284039,0.0,0.6287573998329148,0.544094868822529,0.2816878660699229,0.3288943860996378,0.4116624780753755,disgust,07,18,18,female,strong,2147
110,3.6703333333333332,True,1.0,0.4640133954471362,0.45305304196750074,0.45853321870731845,1.161419046669502,-0.07976851851851852,-0.09226851851851853,0.3949317380754195,0.2547969202411094,0.24586436619982224,0.3948042870678015,0.010960353479635476,0.012500000000000011,0.027091516050356024,0.275505665816503,0.12227295649106167,0.11325679617887002,0.0,0.7928737413536817,0.5482848458289568,0.2814252598203761,0.3258424057634627,0.42113105924069144,disgust,07,18,18,female,strong,2147
120,4.0040000000000004,True,1.0,0.4848484848484857,0.46204991346585234,0.473449199157169,1.0010819000663864,-0.07101851851851848,-0.08532407407407416,0.3734476239342012,0.25647018550885764,0.23408286593666053,0.4729375280142138,0.02279857138263336,0.014305555555555682,0.03847879572249174,0.31633588158836556,0.1261567667665655,0.10838789658774733,0.0,0.78940864749171,0.5523854711181349,0.27800827574471365,0.3110601317845707,0.39430451496628843,disgust,07,18,18,female,strong,2147
130,4.337666666666666,True,1.0,0.41681309957943297,0.4054911650980745,0.4111521323387537,0.7720148881388121,-0.07194444444444448,-0.08310185185185193,0.38622129781264486,0.2389188992853361,0.22780490703346,0.5325702116055908,0.011321934481358487,0.01115740740740745,0.031092035358487407,0.4109553792118467,0.11849339539553405,0.11720534551461614,0.0,0.8831841370738085,0.6267405525647759,0.3076893342678053,0.2870205622792262,0.42261842370921515,disgust,07,18,18,female,strong,2147
0,0.0,True,1.0,0.4932974090975786,0.460141699168121,0.4767195541328498,0.8681346191982592,-0.08773148148148141,-0.08763888888888893,0.3526393340789277,0.3376079074659895,0.21459613255719906,0.5491309107948148,0.0331557099294576,9.259259259247754e-05,0.019444655263990487,0.31249999999999994,0.12655154212936276,0.10845499045688455,0.0,0.6912112740226812,0.5911888319233943,0.29079440975469056,0.3047892913252539,0.4141490818596321,disgust,07,18,18,female,strong,2148
10,0.33366666666666667,True,1.0,0.38775879128567114,0.3788774326942002,0.3833181119899357,0.8406546080964685,-0.08981481481481485,-0.09050925925925923,0.35300618765883174,0.34453057708871637,0.21250897556871712,0.45597574592245427,0.008881358591470934,0.0006944444444443865,0.013324801867332889,0.3319672131147541,0.12256266874382296,0.11277440335715719,0.0,0.7723528096774112,0.5942278724302221,0.2907302510581021,0.2954674935258914,0.40620694026036214,disgust,07,18,18,female,strong,2148
20,0.6673333333333333,True,1.0,0.4220348040271111,0.44454701282984127,0.4332909084284762,0.8378821309461884,-0.05328703703703708,-0.05578703703703697,0.3494879821952917,0.37004834630164907,0.19583333333333336,0.5171263265146582,0.022512208802730194,0.002499999999999891,0.013443669774004777,0.3391271930290475,0.12490870463439688,0.11034307081429533,0.0,0.8418727322307498,0.5856652532341062,0.29251929301637203,0.3325280978394913,0.4285585106114483,disgust,07,18,18,female,strong,2148
30,1.0010000000000001,True,1.0,0.10253361840370846,0.11267347735824947,0.10760354788097896,0.9953687369553614,-0.07314814814814818,-0.08018518518518514,0.38785990153229166,0.31699182163785683,0.20972222222222225,0.10810420689936194,0.010139858954541003,0.007037037037036953,0.027540263961501613,0.3020750551520105,0.12395518884020593,0.11141314522792353,0.0,0.7487776342636646,0.5703653520079908,0.2858131206816851,0.35383095202407894,0.43112116792783184,disgust,07,18,18,female,strong,2148
40,1.3346666666666667,True,1.0,0.20884048725895937,0.1876649383105545,0.19825271278475692,1.0447934966008825,-0.073425925925926,-0.08393518518518506,0.3833043417786835,0.25483656249317843,0.21944479211278065,0.18975301189158403,0.02117554894840487,0.010509259259259052,0.033863531898723334,0.28778516241783036,0.12281303131267927,0.11267092397578354,0.0,0.7281825579495791,0.5576803873658839,0.28853701364206674,0.34941812899121844,0.4215202441075347,disgust,07,18,18,female,strong,2148
50,1.6683333333333334,True,1.0,0.1552028218694877,0.1664535502373468,0.16082818605341725,0.865225247568034,-0.07226851851851857,-0.07912037037037045,0.43581492436020647,0.14042492559074335,0.21463452564928703,0.18588013526589917,0.011250728367859092,0.006851851851851887,0.019743328901529363,0.34424256457102304,0.12586437592666985,0.10925171231070523,0.0,0.7104493265442895,0.5489038115715036,0.28930682716430933,0.3473266596482034,0.4197940369219052,disgust,07,18,18,female,strong,2148
60,2.0020000000000002,True,1.0,0.12897924631148042,0.1356567682487299,0.13231800728010518,0.8888691924301139,-0.06574074074074066,-0.07560185185185186,0.447437451606011,0.12695569743640858,0.21042573109859153,0.1488610567302438,0.006677521937249492,0.00986111111111121,0.037279670919528655,0.36153419633921685,0.12280052164941402,0.11268455818168151,0.0,0.7469947818582434,0.5610114646092812,0.2869469137040648,0.341335655140635,0.4098075127504685,disgust,07,18,18,female,strong,2148
70,2.3356666666666666,True,1.0,0.14556989412047971,0.14880970729660856,0.14718980070854415,1.0043971545054924,-0.07106481481481475,-0.08004629629629628,0.4088207045392498,0.3346871430303929,0.21260373444601258,0.14654541786412364,0.003239813176128842,0.008981481481481535,0.03255279368066952,0.3233720147394581,0.12107582298132269,0.11453568378035393,0.0,0.6720678660061696,0.5541234407278537,0.2882649054118835,0.3418611425709079,0.4253467402161056,disgust,07,18,18,female,strong,2148
80,2.6693333333333333,True,1.0,0.1504273504273499,0.17462511036141398,0.16252623039438194,1.0085579539471043,-0.08865740740740735,-0.1013888888888888,0.39342689252371377,0.23408229439226133,0.2263942808875606,0.16114714058653481,0.02419775993406409,0.012731481481481455,0.030088814675152217,0.3015135136383013,0.12663571850117739,0.10835669139432674,0.0,0.646501237558001,0.5645179305941128,0.2825031455552425,0.3385326575843891,0.41249295572424605,disgust,07,18,18,female,strong,2148
90,3.003,True,1.0,0.1753880684101183,0.19716566678645422,0.18627686759828627,1.0664274165159546,-0.09263888888888894,-0.10212962962962963,0.3210931661596384,0.33300460215540273,0.22573534368337633,0.17467374217258733,0.021777598376335916,0.009490740740740689,0.026547915653008444,0.20485930170324426,0.12554836397217317,0.10961471650253679,0.0,0.8442199362285524,0.5602020218478017,0.285155638123198,0.33756051581548924,0.4136033711099277,disgust,07,18,18,female,strong,2148
100,3.336666666666667,True,1.0,0.18627113115713084,0.24341906416703482,0.21484509766208282,1.144091014309197,-0.08930555555555553,-0.09995370370370371,0.3960423388552758,0.33945557567415713,0.22320431602859608,0.18778671886677342,0.05714793300990398,0.010648148148148184,0.027218593016795235,0.2605440104455687,0.12224100092209715,0.11329128591119624,0.0,0.7071067807446058,0.5442066079869448,0.29968385148862886,0.28025302816317055,0.3731211596372927,disgust,07,18,18,female,strong,2148
110,3.6703333333333332,True,1.0,0.12212268545685206,0.14281330306111165,0.13246799425898187,0.8705419259807662,-0.08518518518518531,-0.09476851851851842,0.40455986349664147,0.2268028774225793,0.22229945642032806,0.1521672768485462,0.02069061760425958,0.00958333333333311,0.03538773730254731,0.3646629081513474,0.12711617917148252,0.10779264707468827,0.0,0.6026655472982577,0.5394277772280788,0.2976446882997498,0.28723557775849456,0.36576767994715265,disgust,07,18,18,female,strong,2148
120,4.0040000000000004,True,1.0,0.16155756323482315,0.16490826519464405,0.1632329142147336,0.6864183393088369,-0.07800925925925933,-0.08509259259259266,0.3924167807286371,0.19610963254035013,0.2152777777777778,0.23780383603837688,0.003350701959820901,0.00708333333333333,0.01246218609690844,0.4623751831891302,0.12380887717607882,0.11157571286899798,0.0,0.6894889348933707,0.5613892681369422,0.2847719585665407,0.31299842407760076,0.3984099156705718,disgust,07,18,18,female,strong,2148
130,4.337666666666666,True,1.0,0.23574758339572296,0.2614032026095184,0.24857539300262066,0.6989466681768457,-0.07486111111111116,-0.08430555555555552,0.3896376740360166,0.20836648457412088,0.214596132557199,0.3556428613516572,0.025655619213795416,0.009444444444444366,0.030083020099609066,0.4734767615032227,0.12307027429806885,0.11238988101258125,0.0,0.7071067807446058,0.5666012618953831,0.2853314237964566,0.31136986763461366,0.4065689518934012,disgust,07,18,18,female,strong,2148
0,0.0,True,1.0,0.5079822517375117,0.4781599293394393,0.4930710905384755,0.8407177303589202,-0.08273148148148146,-0.08435185185185196,0.35263933407892745,0.2824882491041956,0.21460075431154726,0.5864882739275321,0.029822322398072365,0.0016203703703704941,0.019134586616920298,0.33231523255710727,0.1264391696999459,0.10858597577901243,0.0,0.7033598870980278,0.590534256913703,0.2924008164211034,0.30390128094655344,0.41133646628806614,disgust,07,18,18,female,strong,2149
10,0.33366666666666667,True,1.0,0.3949045294829825,0.37640374346185085,0.38565413647241664,0.7795251340287308,-0.08449074074074076,-0.08625,0.3539864737393951,0.25982905982906,0.21668920155246418,0.4947295727070202,0.018500786021131643,0.0017592592592592382,0.022889892767937806,0.3655350115636922,0.12330183289694567,0.11196576184924215,0.0,0.807628890464631,0.5885702001347415,0.2927215581721163,0.294856648598779,0.40687269610244625,disgust,07,18,18,female,strong,2149
20,0.6673333333333333,True,1.0,0.166602403442119,0.2068010011008608,0.1867017022714899,0.7940010733214513,-0.0782870370370371,-0.0892592592592592,0.36153884833988564,0.28932622529024676,0.2097353180985254,0.2351403651011234,0.040198597658741814,0.010972222222222106,0.026109091840943448,0.36266790828024115,0.12514441300648005,0.11007567244057874,0.0,0.9510600236373462,0.5753405775200705,0.2837574258352307,0.31871311257598184,0.4141206022420536,disgust,07,18,18,female,strong,2149
30,1.0010000000000001,True,1.0,0.17538806841011842,0.15996378588357693,0.16767592714684768,1.3946895717403391,-0.09069444444444441,-0.09675925925925916,0.35478163687201947,0.505793762878945,0.2229221426508093,0.12022455071318572,0.015424282526541488,0.006064814814814745,0.02611525234956619,0.21524450293355066,0.12317575221886813,0.11227427058440839,0.0,0.6862878497760785,0.5756208716924269,0.29183902860071226,0.3400225043576836,0.42427778019249796,disgust,07,18,18,female,strong,2149
40,1.3346666666666667,True,1.0,0.12737844659473122,0.15491828633221524,0.14114836646347323,0.8124296037299674,-0.07601851851851849,-0.08810185185185193,0.34170277639690494,0.2589422602904546,0.22298373820604112,0.17373611918551857,0.02753983973748403,0.012083333333333446,0.023308443742866235,0.30042058450586007,0.12269732346176683,0.11262788570071224,0.0,0.7673293297979821,0.563538765662515,0.284472230305747,0.3442706502192119,0.41467266295036254,disgust,07,18,18,female,strong,2149
50,1.6683333333333334,True,1.0,0.16924479834984907,0.16601046396063612,0.1676276311552426,0.9599073621805662,-0.06069444444444427,-0.06583333333333335,0.4367812725754911,0.24268954624216954,0.20277928274864843,0.1746289670853785,0.003234334389212945,0.005138888888889082,0.026679372951640426,0.3433780632252189,0.1248212944730677,0.11044194047637937,0.0,0.6628541653228086,0.5613460262776986,0.2870767216438099,0.3647073697962654,0.43820150926804813,disgust,07,18,18,female,strong,2149
60,2.0020000000000002,True,1.0,0.18935493814669027,0.17492296219309025,0.18213895016989026,1.173174238675913,-0.05935185185185188,-0.06439814814814826,0.4046049188462123,0.34360718673539925,0.20210749426013655,0.15525311088952898,0.014431975953600018,0.005046296296296382,0.018380161967951877,0.27910053871084956,0.1251181581431916,0.11010551427136082,0.0,0.7254770018032896,0.5509977167116846,0.28748547797846785,0.35763191107833064,0.4338831914763826,disgust,07,18,18,female,strong,2149
70,2.3356666666666666,True,1.0,0.09477178243236456,0.10972923146437813,0.10225050694837134,1.0455155513596586,-0.0943518518518518,-0.10583333333333339,0.3938286789053695,0.3182953559775831,0.22986409831082838,0.09779912581443473,0.01495744903201357,0.011481481481481592,0.01547943146208786,0.29102320380006147,0.12354178451536238,0.11187137814739109,0.0,0.6698841514154283,0.5488265947394583,0.2815475156870093,0.3331014047831286,0.41567141559359205,disgust,07,18,18,female,strong,2149
80,2.6693333333333333,True,1.0,0.10386885410387006,0.11409299041097218,0.10898092225742112,1.1030157663125864,-0.10092592592592592,-0.1096759259259259,0.367460655903782,0.41510758855138163,0.22916799833893392,0.09880268767303979,0.010224136307102116,0.00874999999999998,0.020136630760805296,0.26487440983812266,0.12600076232690238,0.10909438878003644,0.0,0.7980695053312552,0.5538118323501275,0.2796486036962415,0.3464058038163775,0.41903845065457374,disgust,07,18,18,female,strong,2149
90,3.003,True,1.0,0.07597935328495153,0.10094209000325494,0.08846072164410324,1.506270041768874,-0.0949537037037037,-0.1067129629629629,0.3380047765773975,0.5044299543061814,0.22085544307558078,0.05872832838142371,0.024962736718303402,0.011759259259259192,0.013645662257446595,0.19195641331309035,0.12655950904723495,0.10844569350649683,0.0,0.7071067807446058,0.5559643826905762,0.28090657859884705,0.3444409431040782,0.41574698505368124,disgust,07,18,18,female,strong,2149
100,3.336666666666667,True,1.0,0.16278829563907252,0.16064644101326606,0.1617173683261693,1.0342491580342725,-0.08750000000000002,-0.09717592592592594,0.35617428816647567,0.285014804964295,0.22223080512532098,0.15636209811718343,0.002141854625806461,0.009675925925925921,0.02255848679269635,0.2670722506757442,0.12359254802454411,0.11181529342142277,0.0,0.7071067807446058,0.5397154622786615,0.27983587159566015,0.3327377336670935,0.4022610736477698,disgust,07,18,18,female,strong,2149
110,3.6703333333333332,True,1.0,0.1684842670629571,0.163874044807697,0.16617915593532706,0.8765864379200613,-0.07861111111111097,-0.08453703703703697,0.384961141111637,0.17899870508420646,0.21598953117742897,0.18957532166437813,0.004610222255260116,0.005925925925926001,0.036695036156388465,0.3488321815143692,0.1257357077316662,0.1092254806536922,0.0,0.7016774421672769,0.5459877508190776,0.28005194719152915,0.32416869652948,0.39529559918242474,disgust,07,18,18,female,strong,2149
120,4.0040000000000004,True,1.0,0.32827891722799984,0.30981904781294395,0.31904898252047187,0.8267102677594329,-0.0659722222222221,-0.07537037037037037,0.38338536190535105,0.22823857314426174,0.21598493914082864,0.38592599482907713,0.018459869415055896,0.009398148148148266,0.03135083796568457,0.37774526062011815,0.11974123981786869,0.11593020855871788,0.0,0.7071067807446058,0.6157519558213911,0.3083658448547151,0.29528470384646843,0.41921304764810524,disgust,07,18,18,female,strong,2149
130,4.337666666666666,True,1.0,0.4109696823303842,0.4124869162083044,0.4117282992693443,0.7364035884682736,-0.0681018518518518,-0.07791666666666669,0.3947308260739707,0.17503931277144888,0.21875871913426817,0.5591068616677208,0.0015172338779201877,0.009814814814814887,0.027421617347091205,0.4152650560754999,0.12428311700447832,0.11104721787451068,0.0,0.6769036871923872,0.5536073380914865,0.2830042960910629,0.30775984656605687,0.40107067576220495,disgust,07,18,18,female,strong,2149
0,0.0,True,1.0,0.5005803809061499,0.4760555533131467,0.48831796710964825,0.7172871854717294,-0.08648148148148155,-0.08717592592592593,0.38494081187468326,0.24537577358655271,0.21181852262788545,0.6807844570490997,0.024524827593003173,0.0006944444444443865,0.010038578029620774,0.38484968207444925,0.12240655249953598,0.11311239399367777,0.0,0.7482761840475503,0.5882179439979117,0.29008098963279383,0.2995778732211538,0.4162140668602223,surprised,08,18,18,female,normal,2150
10,0.33366666666666667,True,1.0,0.6560259176639601,0.6199349132339684,0.6379804154489643,0.6600140067226059,-0.07300925925925916,-0.07939814814814805,0.4256833201137417,0.15355896906532163,0.20700674008334943,0.9666164792728377,0.03609100442999169,0.006388888888888888,0.005668726440595219,0.37477327962464463,0.12502184905811503,0.11021485847330924,0.0,0.7294362800843145,0.5821266606173721,0.29014485769003767,0.3160110105669908,0.43405471835148757,surprised,08,18,18,female,normal,2150
20,0.6673333333333333,True,1.0,0.6060917258687325,0.5854935771578694,0.595792651513301,0.8290117801049157,-0.06587962962962957,-0.06981481481481489,0.4135164145785269,0.2393550445984602,0.19940352799112818,0.7186781488652674,0.020598148710863073,0.003935185185185319,0.005074025884237033,0.33392620990831723,0.12351488949990408,0.11173068465839295,0.0,0.7447820480995679,0.57189051236901,0.2909213590811039,0.3218108644452798,0.4303168304621347,surprised,08,18,18,female,normal,2150
30,1.0010000000000001,True,1.0,0.6114790003988775,0.5985849720443365,0.6050319862216069,0.8766060117893492,-0.06773148148148156,-0.0749999999999999,0.4197136241207896,0.2618363677011237,0.20625332916347228,0.6901983081163238,0.01289402835454101,0.007268518518518341,0.011672925177873874,0.31438333882570063,0.12467445802041259,0.11060767282303105,0.0,0.8109130323707574,0.5645210528273811,0.28952267664679665,0.3212102721393899,0.4394489238267172,surprised,08,18,18,female,normal,2150
40,1.3346666666666667,True,1.0,0.6502144975927417,0.6077016732818814,0.6289580854373116,0.8647414894280628,-0.0637037037037037,-0.06490740740740741,0.40427121208507993,0.27834263405378495,0.20559266817864774,0.7273365429167766,0.04251282431086034,0.0012037037037037068,0.02050097704676078,0.29309367736312536,0.12678759514810106,0.10817894197568798,0.0,0.6651359801498399,0.5661881487829508,0.29063095821583435,0.33461826015156393,0.4313321266919375,surprised,08,18,18,female,normal,2150
50,1.6683333333333334,True,1.0,0.615635537554342,0.56590641953752,0.590770978545931,0.9917201062205955,-0.07495370370370369,-0.08138888888888896,0.42003052066380153,0.27918415109699835,0.21877232028983923,0.5957033389161936,0.049729118016822005,0.006435185185185266,0.0220528585293394,0.27816173900627383,0.12379713328917644,0.11158874297782534,0.0,0.8170126658104311,0.5529593371645534,0.2840468577986199,0.3401651547547943,0.4528786495097846,surprised,08,18,18,female,normal,2150
60,2.0020000000000002,True,1.0,0.38096010735169217,0.37683346919051103,0.3788967882711016,0.7704316383696412,-0.0822222222222222,-0.09773148148148136,0.39980800728129373,0.15998876387232489,0.23754625371967028,0.491798064099378,0.00412663816118114,0.015509259259259167,0.02314622903466511,0.3547545618197411,0.1200107024589933,0.11548638498688364,0.0,0.7270472295124284,0.5678418362032314,0.28291224895330164,0.3110905712121158,0.40481970907565257,surprised,08,18,18,female,normal,2150
70,2.3356666666666666,True,1.0,0.38600757262666086,0.3602024612244162,0.37310501692553855,0.8321403629257245,-0.07777777777777783,-0.09263888888888883,0.41820689548137646,0.18233821735576713,0.2322209114715073,0.4483678878569688,0.025805111402244674,0.014861111111110992,0.029970249453420608,0.34334866861852675,0.1281529787846693,0.10655792696582193,0.0,0.6686725792114219,0.5591459226503102,0.2811374443970912,0.3165840714268718,0.4032392041270742,surprised,08,18,18,female,normal,2150
80,2.6693333333333333,True,1.0,0.5178814910160291,0.46199011080281016,0.4899358009094196,0.8181939904133939,-0.07499999999999996,-0.08643518518518523,0.41944800228059165,0.18179869588925351,0.22238832835480646,0.598801514860649,0.05589138021321893,0.01143518518518527,0.026372236465607966,0.33847030260201355,0.12689132519162935,0.108057250388116,0.0,0.7021586655296108,0.5582762789959734,0.2803823193418665,0.3124297804748419,0.4085996726224691,surprised,08,18,18,female,normal,2150
90,3.003,True,1.0,0.47519847674144455,0.44326544067972423,0.4592319587105844,0.8312664139477399,-0.07518518518518524,-0.08416666666666678,0.4096342735635529,0.1962173513204191,0.22032214912571815,0.5524485904941847,0.03193303606172032,0.008981481481481535,0.022175868161240866,0.3461709789085011,0.12590455398369485,0.10903080807186044,0.0,0.7071067807446058,0.5594337015118548,0.2813318246864268,0.31028547059792533,0.4084188010126932,surprised,08,18,18,female,normal,2150
100,3.336666666666667,True,1.0,0.20892104289831132,0.19949615376162125,0.2042085983299663,0.774168889540559,-0.08634259259259269,-0.09518518518518526,0.3970204629250528,0.20839887439393606,0.2223595089166028,0.26377784110022384,0.009424889136690068,0.008842592592592569,0.021596495138084672,0.374910565309161,0.12805992137113525,0.10666974411200818,0.0,0.9999999987499999,0.5642310634957108,0.28097827014300975,0.3080277960477579,0.3921843051933744,surprised,08,18,18,female,normal,2150
0,0.0,True,1.0,0.4760519655086308,0.4734748530226834,0.4747634092656571,0.7735821966971175,-0.08402777777777792,-0.08398148148148149,0.3631679426587314,0.2734084360347577,0.2159754015220728,0.6137207025868802,0.0025771124859474415,4.629629629643306e-05,0.00986412807721348,0.3592332816963967,0.12709008078516312,0.10782341645685099,0.0,0.6810560002449697,0.5860793207439225,0.2886055177438314,0.3073291993977084,0.41948937922726076,surprised,08,18,18,female,normal,2151
10,0.33366666666666667,True,1.0,0.6756319467630217,0.626279817634799,0.6509558821989103,0.7096699876139351,-0.0712962962962963,-0.07199074074074069,0.3959303474033876,0.2140842969527089,0.20696250842377314,0.9172656214299912,0.04935212912822273,0.0006944444444443865,0.014727768187050376,0.36042143509740127,0.11662414759692864,0.11906546924492599,0.0,0.7071067807446058,0.6337517238379726,0.30985372859445276,0.28234770133440423,0.44093118657390806,surprised,08,18,18,female,normal,2151
20,0.6673333333333333,True,1.0,0.6364036951161052,0.6011693107531376,0.6187865029346213,0.7171722367377599,-0.06671296296296286,-0.0706944444444445,0.4088603238896503,0.17922668541966846,0.20701669090433802,0.8628143578860902,0.03523438436296755,0.003981481481481641,0.01043818099718918,0.33902935914617005,0.12677868816169377,0.10818938024767794,0.0,0.6429126108219613,0.5710130566289016,0.282958927661164,0.3145343359909189,0.418662304228904,surprised,08,18,18,female,normal,2151
30,1.0010000000000001,True,1.0,0.7156868648344579,0.6659654680661047,0.6908261664502813,0.9839812214298782,-0.06976851851851851,-0.07453703703703696,0.4333979137539872,0.23770332877238634,0.2076756292107354,0.7020725105367388,0.04972139676835319,0.00476851851851845,0.012622340801687153,0.27269715148582163,0.1258867453123329,0.109225936136127,0.0,0.8154095371585585,0.5659876042135604,0.28247131044263535,0.3413872011607201,0.4487116922672929,surprised,08,18,18,female,normal,2151
40,1.3346666666666667,True,1.0,0.6577783825325663,0.64746674755816,0.6526225650453632,1.0975149164926292,-0.07120370370370377,-0.08277777777777778,0.38097945112820875,0.3429734114039474,0.22224419379228497,0.5946366242847745,0.010311634974406236,0.011574074074074014,0.019175129199459347,0.2623201140452187,0.1249446841604731,0.11030232848956976,0.0,0.6871828848541186,0.552275444013543,0.27945202258089424,0.33384259720376736,0.44423177217326226,surprised,08,18,18,female,normal,2151
50,1.6683333333333334,True,1.0,0.47905354512029347,0.4751510816348916,0.47710231337759257,1.0244026666774202,-0.07319444444444456,-0.08689814814814806,0.3860188380866232,0.34557368662344545,0.22016106837094193,0.4657370864965055,0.0039024634854018525,0.013703703703703496,0.01842847341932515,0.3049628762482121,0.12783207395492813,0.10694268857086132,0.0,0.7919373278546469,0.557489641723877,0.27901047253147526,0.3252864817333082,0.41660738715489953,surprised,08,18,18,female,normal,2151
60,2.0020000000000002,True,1.0,0.49319005578679503,0.4557949173160959,0.4744924865514455,1.0609864377154103,-0.062962962962963,-0.07097222222222227,0.3612467553947969,0.3978699141432794,0.21046887244284154,0.44721823925775683,0.03739513847069914,0.008009259259259272,0.01804817627841356,0.28828125,0.12593253712181934,0.10899848584587643,0.0,0.893540756258722,0.5579875611260129,0.2804673641119184,0.31161118081915773,0.411629209803055,surprised,08,18,18,female,normal,2151
70,2.3356666666666666,True,1.0,0.5254709910209169,0.49752204544336676,0.5114965182321418,1.2415692568048826,-0.08203703703703713,-0.09611111111111109,0.35271700633961905,0.44340912075376643,0.23611401923888195,0.41197582448880293,0.02794894557755012,0.014074074074073961,0.02331090457941562,0.24822288423971098,0.12443035469491392,0.11088221047882568,0.0,0.7622800441328319,0.5672256350196329,0.28146101232694304,0.31267158391873057,0.4153072271831835,surprised,08,18,18,female,normal,2151
80,2.6693333333333333,True,1.0,0.5052204501939271,0.47329083039582753,0.48925564029487734,1.161441612469416,-0.07851851851851849,-0.08856481481481476,0.3514481806856571,0.4167434534162092,0.23195266759817104,0.4212485888590123,0.03192961979809961,0.010046296296296275,0.02110638023626641,0.27892924481680187,0.12791803204971922,0.10683985607935391,0.0,0.6721803591068948,0.568171289148472,0.28089294135709614,0.31436643749575816,0.4098442623259772,surprised,08,18,18,female,normal,2151
90,3.003,True,1.0,0.5061615751742473,0.4488048790381129,0.4774832271061801,1.0111444749984382,-0.07467592592592598,-0.07851851851851865,0.3505542131340302,0.3894160138479333,0.21947260379526076,0.4722205766954496,0.05735669613613442,0.003842592592592675,0.019868235648221214,0.320389459543261,0.12854112529732328,0.10608938155088636,0.0,0.6849965307632928,0.558992158558736,0.2823224145094768,0.31305583279905747,0.41452270667967644,surprised,08,18,18,female,normal,2151
100,3.336666666666667,True,1.0,0.45742565242821676,0.435516791138758,0.4464712217834874,0.9153423329294159,-0.07407407407407407,-0.07796296296296307,0.36118045092270096,0.37807618099258566,0.2146007543115473,0.48776420113185764,0.021908861289458736,0.003888888888888997,0.013907481550745334,0.3354936004518254,0.1251650352469299,0.11005222270238056,0.0,0.6637044582987618,0.5672063509935225,0.28173282155576856,0.3059261397603188,0.41800206852120775,surprised,08,18,18,female,normal,2151
0,0.0,True,1.0,0.5048545604859578,0.4892366946742512,0.4970456275801045,0.7240666282608924,-0.08898148148148144,-0.08861111111111108,0.3699210728939852,0.3291039834517334,0.21458368887763832,0.6864639360246987,0.0156178658117066,0.00037037037037035425,0.006621116439982128,0.3886160401109461,0.12394992208044575,0.11141900460117966,0.0,0.8547194298741463,0.5918070668345463,0.28913458631656896,0.2988601602035046,0.412654272078722,surprised,08,18,18,female,normal,2152
10,0.33366666666666667,True,1.0,0.49983908352208994,0.4804876267064977,0.4901633551142938,0.7217400375076755,-0.08787037037037032,-0.08754629629629623,0.3643080974951791,0.3140905718783404,0.21319444444444446,0.6791411445136589,0.01935145681559225,0.0003240740740740877,0.007536194847911043,0.39583333333333326,0.12397819761608633,0.11138754098086275,0.0,0.8222968323869105,0.5938565467280662,0.28809496163411746,0.30063208242024986,0.41131123824222254,surprised,08,18,18,female,normal,2152
20,0.6673333333333333,True,1.0,0.6658674822196204,0.6628465058516657,0.6643569940356431,0.7374275995191962,-0.07500000000000001,-0.07837962962962974,0.3764069816587814,0.2846211787617949,0.206251479634844,0.90091148536996,0.003020976367954731,0.0033796296296297323,0.011116976834062082,0.3754101583753265,0.125674710697802,0.10946983539377407,0.0,0.7349982916265576,0.5882554813331582,0.28817903872525485,0.31357646979512555,0.4358520681027816,surprised,08,18,18,female,normal,2152
30,1.0010000000000001,True,1.0,0.6489016303655036,0.6525986899897745,0.6507501601776391,0.7804351136114933,-0.07574074074074072,-0.08671296296296299,0.4012580549944622,0.20410615642921795,0.21463452564928703,0.8338299351579247,0.0036970596242709153,0.010972222222222272,0.010378839318931302,0.3388869944009644,0.12095250191306181,0.11466590622595478,0.0,0.6942596162875782,0.5799531387867647,0.2894135079008498,0.3167269022017306,0.44008556726550113,surprised,08,18,18,female,normal,2152
40,1.3346666666666667,True,1.0,0.5927119625036148,0.5754139888430757,0.5840629756733453,0.806815851427401,-0.06180555555555556,-0.06601851851851848,0.4252736337490634,0.20724993563408897,0.19960544426833307,0.7239111311955929,0.01729797366053909,0.004212962962962918,0.01425975268359764,0.340406772329983,0.12306514466151212,0.11239549786044034,0.0,0.7061863355691124,0.5695085957429847,0.29038372375854654,0.33761653400408553,0.4356704328910459,surprised,08,18,18,female,normal,2152
50,1.6683333333333334,True,1.0,0.5747483496603648,0.5224474131752915,0.5485978814178282,0.9620849136134609,-0.06601851851851848,-0.06837962962962973,0.4322715443641789,0.24050157626158816,0.20370643742329306,0.5702177361428199,0.05230093648507328,0.002361111111111258,0.008539564499510542,0.29597959275894614,0.1276854869826405,0.10711766513686065,0.0,0.8859849741915731,0.5586408453537666,0.2808480093289108,0.34883925969328455,0.44666547153739405,surprised,08,18,18,female,normal,2152
60,2.0020000000000002,True,1.0,0.5679562978542615,0.5453374277772544,0.5566468628157579,1.0743490083185758,-0.0667592592592593,-0.07324074074074066,0.36775087520236016,0.4156334731357335,0.21466331596207835,0.5181247979061716,0.022618870077007136,0.006481481481481366,0.01398877548997074,0.2814765969774965,0.12611173230490752,0.10896608988690008,0.0,0.7331019878598368,0.5612334127713586,0.2772026232147269,0.32626423571419255,0.43075298514147625,surprised,08,18,18,female,normal,2152
70,2.3356666666666666,True,1.0,0.6109370008221732,0.5805869021156453,0.5957619514689092,1.3159073334189693,-0.06314814814814823,-0.06583333333333352,0.345712880393685,0.4748039411331313,0.2153288049964247,0.45273852978766377,0.030350098706527828,0.0026851851851852904,0.0047307572133106655,0.2261559912547807,0.1256805711988562,0.10946310699609003,0.0,0.6784025662962626,0.5519328708514656,0.2794260749767642,0.31914585700319126,0.4184621465622863,surprised,08,18,18,female,normal,2152
80,2.6693333333333333,True,1.0,0.5886252166526214,0.568401236436255,0.5785132265444382,1.0720559872596733,-0.06861111111111112,-0.07111111111111107,0.3786680236458993,0.35118341427895144,0.21672616777389866,0.5396296773857863,0.0202239802163664,0.0024999999999999467,0.008879484572677029,0.2780114305961857,0.12808949543910103,0.10663422962909969,0.0,0.71117883722169,0.555967254542442,0.27976906465559964,0.32286308853144685,0.4185173833096416,surprised,08,18,18,female,normal,2152
90,3.003,True,1.0,0.46963619500225406,0.43122520345396953,0.4504306992281118,0.9460308528162851,-0.07347222222222222,-0.07574074074074072,0.37468681854170116,0.3172792340021233,0.21120360729534873,0.47612685980293645,0.038410991548284534,0.002268518518518503,0.0027012910949509024,0.29854181438569155,0.12537084024202375,0.1098177134491733,0.0,0.6686657819906521,0.5601139482511756,0.2796439700485499,0.31243406511565175,0.4111606946702741,surprised,08,18,18,female,normal,2152
100,3.336666666666667,True,1.0,0.4496478892128032,0.4170368206860422,0.4333423549494227,0.9599438559571444,-0.07476851851851857,-0.07476851851851851,0.37486561318351014,0.33659470853610607,0.20843914142542516,0.45142468724625995,0.03261106852676099,5.551115123125783e-17,0.001627324630269909,0.3006291009228921,0.12635054530919768,0.10868908625175072,0.0,0.6171725026195679,0.5590641697929171,0.2793235275063838,0.3141806581395186,0.4107552788918783,surprised,08,18,18,female,normal,2152
0,0.0,True,1.0,0.4916161880164696,0.4883628356051692,0.4899895118108194,0.7066959197638224,-0.08032407407407416,-0.08773148148148147,0.38964831490383695,0.26034897782029826,0.21251759175804866,0.6933526826850419,0.0032533524113004253,0.007407407407407307,0.0032006449493005994,0.3852493151623342,0.12811152344928803,0.1066077639297634,0.0,0.8586875483415146,0.5848126140143558,0.28809625138081457,0.3087622418783653,0.41167480817856805,surprised,08,18,18,female,normal,2153
10,0.33366666666666667,True,1.0,0.6819412888298011,0.6469618632548246,0.6644515760423129,0.6841098169599152,-0.08472222222222237,-0.09500000000000008,0.39435727903844153,0.2382047947473876,0.2250030517371167,0.9712644952166295,0.034979425574976464,0.010277777777777719,0.003192873231459359,0.3820946359991217,0.12396186521218747,0.11140571683344372,0.0,0.9707578305468001,0.5803970515784439,0.2883649440254262,0.31471552487572824,0.43356842084450287,surprised,08,18,18,female,normal,2153
20,0.6673333333333333,True,1.0,0.5451599950367646,0.5061136731263013,0.5256368340815329,0.7243324334885729,-0.0762962962962963,-0.08629629629629626,0.39690913638011355,0.2233260197428828,0.21530045803466902,0.7256845196754887,0.03904632191046331,0.009999999999999953,0.01526044390436781,0.36598858678991986,0.12674119948484575,0.10823329489352299,0.0,0.7735830457288674,0.5704651189147535,0.2819087431223905,0.31585308276203433,0.4150518721997119,surprised,08,18,18,female,normal,2153
30,1.0010000000000001,True,1.0,0.4361180305313126,0.3943723277442292,0.4152451791377709,0.7539936643592309,-0.0868518518518519,-0.09615740740740747,0.4119415169744376,0.16819858666475182,0.22785312884569608,0.550727676857418,0.041745702787083394,0.009305555555555567,0.009537264968541877,0.3464955578324679,0.12555069784771566,0.10961204331719247,0.0,0.6741575855097984,0.5690508688240922,0.28145977466679645,0.3243339041983117,0.4203258286765646,surprised,08,18,18,female,normal,2153
40,1.3346666666666667,True,1.0,0.6369941173159692,0.5941035864814749,0.615548851898722,0.693142441079077,-0.09402777777777777,-0.10032407407407395,0.43887007974251985,0.08663945885352492,0.24173768852450048,0.8880553482491159,0.042890530834494345,0.006296296296296189,0.008848547806839855,0.3515489221035021,0.12396657792431826,0.11140047274502138,0.0,0.7033278781514287,0.5645184610094037,0.2840749790482044,0.344964624918686,0.442209550296342,surprised,08,18,18,female,normal,2153
50,1.6683333333333334,True,1.0,0.705204293665368,0.6407890642409386,0.6729966789531533,0.7592194564052305,-0.06870370370370377,-0.07592592592592601,0.39547112686771385,0.15063277697606356,0.2168370286263556,0.8864323395236382,0.06441522942442934,0.007222222222222241,0.02239803292793702,0.342597449946435,0.1276362813257822,0.10717629150085332,0.0,0.5986431173470236,0.5587859058310825,0.2812649040579759,0.321231935874434,0.4122960900903821,surprised,08,18,18,female,normal,2153
60,2.0020000000000002,True,1.0,0.40590451826517654,0.3709539782976579,0.3884292482814172,1.1336447347782634,-0.05675925925925934,-0.06148148148148147,0.3572989021109714,0.40677840483219996,0.20984005568620515,0.34263754451908823,0.03495053996751862,0.004722222222222128,0.011646367975012763,0.26496719128365237,0.1268847867193209,0.10806492802734563,0.0,0.6540382840723723,0.5583287865302372,0.2828801607069422,0.3243293920109639,0.40322745827042866,surprised,08,18,18,female,normal,2153
70,2.3356666666666666,True,1.0,0.6224255253136628,0.5944762823417429,0.6084509038277028,1.2641096288436104,-0.06731481481481477,-0.0826851851851853,0.36293054654291224,0.401611269275345,0.22094524115190536,0.48132763958479224,0.02794924297191992,0.015370370370370534,0.013448691483392604,0.2519488000493275,0.12504968125053645,0.11018327908219093,0.0,0.8267444145852431,0.5558386285686149,0.28176333743066945,0.3192703201342372,0.41902875787169996,surprised,08,18,18,female,normal,2153
80,2.6693333333333333,True,1.0,0.49741775003964656,0.44977178561328784,0.4735947678264672,0.8919867360188679,-0.06958333333333327,-0.07523148148148151,0.40293262955401987,0.22294173393613864,0.21822483325163633,0.5309437334687558,0.04764596442635871,0.005648148148148235,0.025318994464643207,0.326638919770523,0.12812543963894257,0.10659103849692071,0.0,0.7949642872946862,0.5539057427424096,0.2819080977508016,0.3213443858710109,0.4190923050020489,surprised,08,18,18,female,normal,2153
90,3.003,True,1.0,0.5059709980904056,0.4732813782830961,0.48962618818675085,0.8814586268678072,-0.07250000000000006,-0.07666666666666677,0.3969672254799999,0.23221588861038567,0.21962828413406021,0.5554726827356588,0.0326896198073095,0.004166666666666707,0.015966094148518354,0.32705231133665047,0.12726025236503682,0.1074453442031677,0.0,0.7446991121743148,0.5688612466002025,0.2824543802912086,0.3076732112191179,0.40520760998886457,surprised,08,18,18,female,normal,2153
100,3.336666666666667,True,1.0,0.3752530568454573,0.3634253316886976,0.36933919426707745,0.8587968993022571,-0.07606481481481481,-0.0812500000000001,0.39642884607913226,0.2504518580923579,0.21678072543703444,0.4300658218108994,0.011827725156759672,0.005185185185185293,0.022211586701876465,0.35179380050105546,0.12602570109628874,0.10906557859100136,0.0,0.789975525543648,0.558491811513668,0.2827176431148671,0.31415994465241087,0.41977354205026157,surprised,08,18,18,female,normal,2153
0,0.0,True,1.0,0.5204257624606884,0.5374093623787217,0.5289175624197051,0.7711759457469362,-0.08277777777777773,-0.08666666666666673,0.37256387262026414,0.2940925216831535,0.21458368887763832,0.6858584805927948,0.016983599918033332,0.003888888888888997,0.00944708475210404,0.353161189397474,0.1258669391303494,0.10924875928039385,0.0,0.6548033066436435,0.5845936387601917,0.2889201383113561,0.30276020229042894,0.4180765363904468,surprised,08,18,18,female,strong,2154
10,0.33366666666666667,True,1.0,0.711955457287895,0.6568044129600625,0.6843799351239788,0.9492019335428056,-0.08231481481481473,-0.08342592592592607,0.3569759811932532,0.37288872058394207,0.21530045803466902,0.7210056268739319,0.055151044327832466,0.0011111111111113403,0.003478566801498679,0.2732054650488534,0.12496398030057332,0.1101075721738536,0.0,0.7920655761968315,0.576988165383341,0.2884031277750662,0.31284489305244,0.43210059663620276,surprised,08,18,18,female,strong,2154
20,0.6673333333333333,True,1.0,0.7180151950720081,0.6922802422862756,0.7051477186791418,1.3153436946932793,-0.08000000000000007,-0.0834259259259259,0.3406159833977663,0.5317251649631858,0.21113423895609143,0.5360938905352589,0.025734952785732457,0.0034259259259258323,0.00812467918486935,0.20943773954184314,0.12681630422714088,0.10814528539161686,0.0,0.6703278791478816,0.5601527895845839,0.27849421806470087,0.32046309320173516,0.4263974067366788,surprised,08,18,18,female,strong,2154
30,1.0010000000000001,True,1.0,0.6624100061570976,0.6329698316497647,0.6476899189034311,1.0225301540192162,-0.07541666666666663,-0.08092592592592596,0.4241448317715286,0.2415867946309138,0.22294438745328038,0.6334188936703564,0.029440174507332828,0.005509259259259325,0.013487120267778891,0.2728645779304159,0.12235364130113506,0.1131696259161341,0.0,0.7582006592972161,0.5565197532763105,0.28456286721418333,0.33861823429670024,0.4439735180170877,surprised,08,18,18,female,strong,2154
40,1.3346666666666667,True,1.0,0.6746350961188456,0.6496877712370371,0.6621614336779413,1.1156689877515662,-0.06782407407407398,-0.07564814814814819,0.41742755410271015,0.28460474750122133,0.21320339077801012,0.5935106567875573,0.024947324881808508,0.007824074074074205,0.013547186646184721,0.2525468603317943,0.12663823428117219,0.10835375115056359,0.0,0.6479487715261538,0.5555282886435824,0.2841203283914105,0.34857779197525945,0.44373580832362963,surprised,08,18,18,female,strong,2154
50,1.6683333333333334,True,1.0,0.6657948016311024,0.6449701195095148,0.6553824605703086,0.9388648321201916,-0.08236111111111116,-0.08745370370370359,0.42649382156596743,0.27378033555612574,0.22780490703345993,0.6980583766145454,0.020824682121587612,0.0050925925925924265,0.009406383608090539,0.28788834152937637,0.12654040179138473,0.10846798829483735,0.0,0.6617177540074461,0.5466473720503827,0.2870417816974223,0.3541993220285842,0.44813046338917106,surprised,08,18,18,female,strong,2154
60,2.0020000000000002,True,1.0,0.7062789665085597,0.6329665144567552,0.6696227404826575,0.7757892542513192,-0.09847222222222224,-0.10388888888888892,0.422893879091824,0.11795693749622373,0.2548623085282573,0.8631503166783118,0.07331245205180448,0.005416666666666681,0.01239129202345432,0.3352152445917304,0.12176551053921225,0.11380218896287572,0.0,0.7319403309274376,0.5551556647659064,0.2880163519689555,0.3451410886198131,0.44147174063310346,surprised,08,18,18,female,strong,2154
70,2.3356666666666666,True,1.0,0.6454217359355597,0.6129001518205013,0.6291609438780306,1.0424795105786007,-0.08513888888888893,-0.09124999999999994,0.4303961943063706,0.20300560930765554,0.24027809530150226,0.6035235584906905,0.032521584115058455,0.006111111111111012,0.018157869115323997,0.27236364671441693,0.12626462710910655,0.10878888597280219,0.0,0.682277331482653,0.5487813734947105,0.28743504223923566,0.35126330336444156,0.45211119584264925,surprised,08,18,18,female,strong,2154
80,2.6693333333333333,True,1.0,0.6507130057888957,0.608216427421875,0.6294647166053853,0.8641582130665292,-0.07152777777777775,-0.07916666666666661,0.4365683030669551,0.17279320504081527,0.22083644264959246,0.7284137407798085,0.0424965783670207,0.007638888888888862,0.013388456551068262,0.33133932149128115,0.12748222615661187,0.10735948856294313,0.0,0.6797810968733256,0.5480465077515382,0.2859116024349825,0.33287475433496383,0.44101295523939,surprised,08,18,18,female,strong,2154
90,3.003,True,1.0,0.6626429450394757,0.6566864141730223,0.6596646796062491,0.8808278595172503,-0.0633333333333333,-0.06944444444444448,0.428158177258452,0.2146805648465074,0.21321197890506985,0.7489144132745612,0.0059565308664534244,0.006111111111111178,0.0169065278364768,0.3383912018300234,0.12644878769433493,0.10857477543590625,0.0,0.6617868451257356,0.5485432892297545,0.2858092445848763,0.32240614480384955,0.42656635072559823,surprised,08,18,18,female,strong,2154
100,3.336666666666667,True,1.0,0.6882063007540798,0.6732977851146994,0.6807520429343896,0.8919506139598179,-0.06731481481481483,-0.07046296296296312,0.42416556066573274,0.21736460974242466,0.21184157324108985,0.7632171919386753,0.014908515639380449,0.0031481481481482887,0.009399525010477246,0.3243300980491035,0.12752283203058656,0.10731125328301162,0.0,0.6475736724613612,0.5485874241259003,0.2842526663202444,0.3239096025216934,0.4222574075581818,surprised,08,18,18,female,strong,2154
0,0.0,True,1.0,0.5204257624606883,0.49705678040309986,0.5087412714318941,0.7071063246833568,-0.08064814814814802,-0.08351851851851844,0.37664198669994703,0.2763998356243641,0.21112412083566012,0.7194692702822438,0.023368982057588417,0.002870370370370412,0.0018221280558662115,0.37882582801059983,0.1283949111659263,0.10626629078565593,0.0,0.6616232466352635,0.5857275377963684,0.2891289367477038,0.30941056596726285,0.4145809848327289,surprised,08,18,18,female,strong,2155
10,0.33366666666666667,True,1.0,0.6924165187493942,0.6692659044747709,0.6808412116120826,0.8815290755858859,-0.07851851851851849,-0.08069444444444435,0.36566082794195204,0.3539344262360422,0.20904091715924558,0.7723411858645488,0.023150614274623393,0.002175925925925859,0.002464116719288084,0.3068070392674457,0.12279181731274705,0.11252485691296182,0.0,0.9999999987499999,0.5816350678865296,0.29048181267224116,0.3086946535124879,0.4279106324151932,surprised,08,18,18,female,strong,2155
20,0.6673333333333333,True,1.0,0.6730917839992263,0.659253903064883,0.6661728435320546,1.0425560482919312,-0.0703240740740742,-0.07476851851851851,0.35750067149714865,0.38588113475740365,0.20360753778916188,0.6389803642916628,0.01383788093434335,0.0044444444444443065,0.0030676652539636928,0.2706040282396229,0.12559275886329255,0.10956384755609974,0.0,0.6725927352419389,0.5686852679431147,0.28241293632340836,0.32142262835730867,0.4301346798768169,surprised,08,18,18,female,strong,2155
30,1.0010000000000001,True,1.0,0.694476128856551,0.7078007948904238,0.7011384618734874,1.1318600963959935,-0.07291666666666663,-0.0897222222222222,0.41912931060042496,0.3486987446466522,0.21605169068302976,0.6194568251906872,0.013324666033872834,0.016805555555555574,0.014515887561349337,0.26780418425108116,0.12546500967987304,0.1097101140106464,0.0,0.7434201587600913,0.5541799175998525,0.28502419595778944,0.3485343723858985,0.44936575015478847,surprised,08,18,18,female,strong,2155
40,1.3346666666666667,True,1.0,0.6536807035480217,0.6329826658806156,0.6433316847143187,1.4405500844815486,-0.0641666666666667,-0.07749999999999996,0.3403152857317322,0.5104861949861794,0.21182320498670146,0.4465875165637525,0.020698037667406077,0.013333333333333253,0.019637249003895567,0.1966019417475726,0.12515336806520563,0.11006549064970433,0.0,0.8171229437916225,0.5388869561027536,0.28475899500148866,0.32994165308653645,0.42507642127275364,surprised,08,18,18,female,strong,2155
50,1.6683333333333334,True,1.0,0.5683318172249052,0.49840521497746754,0.5333685161011864,0.8496072886436764,-0.05759259259259253,-0.06037037037037041,0.3669631755156992,0.276766010694531,0.20626331633148565,0.627782415747236,0.06992660224743769,0.002777777777777879,0.021018683031714395,0.3252782326012976,0.1284454556818283,0.10620519142244932,0.0,0.7297817933854357,0.550914498064851,0.2793757973884471,0.3173184446570146,0.3814966645049427,surprised,08,18,18,female,strong,2155
60,2.0020000000000002,True,1.0,0.5123506322487106,0.48532498294329596,0.49883780759600327,1.2521450710791515,-0.058796296296296235,-0.06217592592592591,0.30735327365228127,0.5950979784910866,0.20625591847568883,0.3983865920312922,0.027025649305414623,0.003379629629629677,0.013518981392846638,0.2222007918521236,0.1279049852392597,0.10685547492371117,0.0,0.6632282575427494,0.5477720362129227,0.28334451884905315,0.30742530728821554,0.3852478442144469,surprised,08,18,18,female,strong,2155
70,2.3356666666666666,True,1.0,0.6910827177167416,0.6446814529047012,0.6678820853107215,1.4758457457742338,-0.07388888888888878,-0.09180555555555558,0.34716538671125413,0.5212780241459644,0.22639192190394358,0.45254193212472094,0.04640126481204032,0.017916666666666803,0.025146074765005716,0.20209345062629952,0.12545241751956976,0.1097245127965269,0.0,0.6593282801403927,0.5471672249290341,0.2835769245829106,0.32648317420947476,0.42855587293356784,surprised,08,18,18,female,strong,2155
80,2.6693333333333333,True,1.0,0.6855676229179702,0.6726372938375896,0.6791024583777799,1.3257509204071547,-0.07513888888888876,-0.08759259259259261,0.3304053736390923,0.5218381282453699,0.21666666666666662,0.5122398543530478,0.01293032908038061,0.012453703703703856,0.0170891176940633,0.20944148936170215,0.1226683796471396,0.11282839360919933,0.0,0.7888562978074504,0.6130487856861495,0.307238679447714,0.30573101120160884,0.454088749488689,surprised,08,18,18,female,strong,2155
90,3.003,True,1.0,0.7130346648339898,0.6853656904736356,0.6992001776538127,1.0368252707292809,-0.06907407407407407,-0.0731944444444444,0.3627252572741202,0.4406071763184433,0.21111436361740882,0.6743664505418644,0.027668974360354204,0.00412037037037033,0.015763752983627175,0.2741916401062601,0.1294194296750747,0.10501613682219019,0.0,0.6636541704288476,0.5479514894160789,0.28346920259023295,0.3200317042944622,0.41759609659303876,surprised,08,18,18,female,strong,2155
100,3.336666666666667,True,1.0,0.573257880485552,0.5494969790711723,0.5613774297783622,1.0619386205819619,-0.07601851851851849,-0.07879629629629625,0.36315978887863765,0.4337999538402356,0.20973131666752298,0.5286345358366542,0.023760901414379698,0.002777777777777768,0.010137438086816586,0.2606462027938029,0.1282236804546438,0.10647283945156524,0.0,0.6967116370065587,0.5499701913499775,0.28347978822951175,0.308683830039828,0.40263538707686597,surprised,08,18,18,female,strong,2155
0,0.0,True,1.0,0.47978935739766687,0.48790348802243616,0.4838464227100515,0.8017185775651469,-0.08171296296296304,-0.08439814814814811,0.3639917060451215,0.32068743102605896,0.20903361760483902,0.60351155162141,0.008114130624769289,0.0026851851851850683,0.015561787767428061,0.3566396504565607,0.1252477747342792,0.10995804970226508,0.0,0.7793949496065627,0.5932215171615521,0.288070719112337,0.2985136444005394,0.4117717271090465,surprised,08,18,18,female,strong,2156
10,0.33366666666666667,True,1.0,0.7107284467337218,0.6629077829421028,0.6868181148379123,0.8164237196958615,-0.07930555555555563,-0.0816203703703704,0.3696802816884961,0.3489409388785786,0.20835127689653934,0.8412520340464501,0.04782066379161898,0.0023148148148147696,0.00989084121202593,0.3269974508502093,0.12291140915119898,0.11256359655875232,0.0,0.8652787949869791,0.5902657070640757,0.2882229660748987,0.305627712669184,0.4295775978923298,surprised,08,18,18,female,strong,2156
20,0.6673333333333333,True,1.0,0.7523396522375729,0.7034474030379657,0.7278935276377694,1.2120112953245659,-0.08245370370370358,-0.08379629629629631,0.3529691969165963,0.4915379142149622,0.21181456055111783,0.6005666204974154,0.04889224919960722,0.0013425925925927285,0.00773570599631131,0.21875,0.12564735446128192,0.10950123326765711,0.0,0.7748238722629986,0.5716788178943453,0.2880707755614513,0.3260980282342262,0.43571572971388023,surprised,08,18,18,female,strong,2156
30,1.0010000000000001,True,1.0,0.6969582392545492,0.6463998592997462,0.6716790492771477,1.311371998991268,-0.06277777777777782,-0.06828703703703698,0.36968179286031194,0.43066951132168385,0.20350259171614996,0.5121956620957409,0.05055837995480306,0.005509259259259158,0.013245000779084595,0.2324319899615552,0.12336650293434412,0.11206464082704902,0.0,0.7216927922957711,0.5477527370635754,0.2830894069422245,0.3347545574066392,0.43229587527337165,surprised,08,18,18,female,strong,2156
40,1.3346666666666667,True,1.0,0.7263109645255263,0.6795070669893265,0.7029090157574265,0.9015262704004632,-0.0672685185185185,-0.07606481481481492,0.41027436741219714,0.2751337931935337,0.21399195006007607,0.7796877793091822,0.046803897536199845,0.008796296296296413,0.01071670620005428,0.2997864169767464,0.12218564489356332,0.11318278139423611,0.0,0.7725173074366934,0.5609386448016707,0.2840529763414397,0.31708032646628503,0.4151682448802916,surprised,08,18,18,female,strong,2156
50,1.6683333333333334,True,1.0,0.6801410306314719,0.6116542311708542,0.645897630901163,1.0219163446145598,-0.0875462962962964,-0.10115740740740742,0.41694111693869884,0.24686743156419144,0.23481613978883328,0.6320455038272029,0.06848679946061775,0.013611111111111018,0.029707749798653742,0.27269715148582163,0.12638567800240055,0.10864823130679298,0.0,0.6769040557673776,0.5374262694140156,0.28240977613414897,0.343081571024968,0.4431913539262035,surprised,08,18,18,female,strong,2156
60,2.0020000000000002,True,1.0,0.6118281511822218,0.5693700228319262,0.590599087007074,1.0334210661143692,-0.08328703703703699,-0.10319444444444437,0.4013283034173619,0.2969352519902093,0.23412197391956951,0.5714989817535925,0.04245812835029561,0.019907407407407374,0.03562697340086318,0.2853862168131292,0.11734739191215218,0.11786880646729363,0.0,0.9999999987499999,0.6033358758425246,0.3101895168884175,0.3099136094300575,0.4396678424032263,surprised,08,18,18,female,strong,2156
70,2.3356666666666666,True,1.0,0.6229406133571412,0.5768592152990091,0.5998999143280752,1.3440662235269376,-0.07944444444444443,-0.09851851851851867,0.30109627187617644,0.5679133998092903,0.23408286593666053,0.4463321105963735,0.04608139805813216,0.019074074074074243,0.039735426038058824,0.18746217587959385,0.1228942753690008,0.11258230256763535,0.0,0.9999999987499999,0.5648499541144583,0.2843069933810803,0.31032600596901233,0.395596286446525,surprised,08,18,18,female,strong,2156
80,2.6693333333333333,True,1.0,0.3890525888921321,0.3881595795796974,0.38860608423591475,1.1585826925043237,-0.05828703703703686,-0.07337962962962963,0.3762580317707166,0.26443932273919984,0.22500135633271756,0.3354150607894262,0.0008930093124347449,0.015092592592592768,0.029105796189636022,0.26311253569372295,0.12691206398630148,0.10803289214397309,0.0,0.6516087242458485,0.5347105650619624,0.28081421502521636,0.3195808312873245,0.39223376790950576,surprised,08,18,18,female,strong,2156
90,3.003,True,1.0,0.5253646932901721,0.4991267839744908,0.5122457386323315,1.2560482596834324,-0.06680555555555556,-0.08064814814814802,0.3517286884531948,0.41422126507532586,0.2229334364432988,0.4078232939564242,0.026237909315681318,0.013842592592592462,0.017348141140613445,0.25730922286569324,0.12659629226529592,0.10840275160237546,0.0,0.7181289712786662,0.5382048660323505,0.27739475935170116,0.3179779371816723,0.40166299304830827,surprised,08,18,18,female,strong,2156
100,3.336666666666667,True,1.0,0.5572288454484602,0.5481918457276354,0.5527103455880478,1.265901128575156,-0.06712962962962954,-0.08124999999999999,0.3490990533725335,0.4511375377041445,0.21737374677619029,0.4366141502774034,0.009036999720824834,0.01412037037037045,0.01615084909639339,0.26350798190347546,0.12688055832284942,0.10806989261596597,0.0,0.639260961646818,0.5421724548413116,0.27690716213148003,0.3207045260618922,0.41232232051701395,surprised,08,18,18,female,strong,2156
110,3.6703333333333332,True,1.0,0.5060276798407021,0.49601226838579743,0.5010199741132497,1.2499038656378931,-0.06879629629629636,-0.08254629629629628,0.3394609485535162,0.4652329079403831,0.21459222176423368,0.4008468074123063,0.010015411454904644,0.013749999999999929,0.013025190675286352,0.2509808091473083,0.12259825568933279,0.11290458569842864,0.0,0.6504132139203688,0.6052886800814077,0.30962913878477893,0.3017108821139199,0.42772855333476023,surprised,08,18,18,female,strong,2156
0,0.0,True,1.0,0.5291149758732767,0.49548864454883074,0.5123018102110537,0.6975134873877388,-0.08527777777777779,-0.08717592592592593,0.38398325176161613,0.2790053949550957,0.2132073270458541,0.734468679780914,0.03362633132444598,0.0018981481481481488,0.013416383267782297,0.38906143686170247,0.12488377488135655,0.11037128494996841,0.0,0.6624408131923509,0.5867120069668493,0.2881120941020285,0.305270651880414,0.41821237234135944,surprised,08,18,18,female,strong,2157
10,0.33366666666666667,True,1.0,0.5155339502408939,0.4763975489886343,0.4959657496147641,0.7211777393066174,-0.08333333333333331,-0.08550925925925934,0.3761289334943043,0.2961980000723609,0.20902923774983864,0.6877163874908488,0.03913640125225959,0.0021759259259260255,0.007524146108978164,0.38211391120345783,0.1271194199778292,0.1077888251857615,0.0,0.7975100396077054,0.589646763939951,0.2862632553313286,0.30891843895059623,0.4190703052446406,surprised,08,18,18,female,strong,2157
20,0.6673333333333333,True,1.0,0.7213906111196149,0.6510987837886008,0.6862446974541079,0.7414005396393385,-0.07523148148148151,-0.08152777777777781,0.3779909167797927,0.3386796459175703,0.20140745113957884,0.9256058780155977,0.07029182733101413,0.0062962962962963,0.013239637722416597,0.35876872414289784,0.12613171857600675,0.10894295451841977,0.0,0.7653894133953904,0.5734691269554697,0.2867431825834359,0.3177270898122314,0.4366768426413623,surprised,08,18,18,female,strong,2157
30,1.0010000000000001,True,1.0,0.711135217181525,0.6848308043671112,0.6979830107743181,1.638805314614661,-0.06754629629629638,-0.07152777777777775,0.34775819942261915,0.6457710513202339,0.19941615374813357,0.4259096578158448,0.026304412814413758,0.003981481481481364,0.006827126009152615,0.16705071714721523,0.12375916703824219,0.11163084853206613,0.0,0.7670378433817001,0.5634145474205308,0.2891558899662023,0.3228296771405521,0.4327757570911442,surprised,08,18,18,female,strong,2157
40,1.3346666666666667,True,1.0,0.6923462679916965,0.6446814529047019,0.6685138604481993,1.0929773168479011,-0.0852777777777779,-0.09495370370370376,0.39548199226844855,0.3521815798732133,0.22503390586545505,0.611644770795577,0.047664815086994605,0.009675925925925866,0.02370195536598561,0.2625000000000002,0.12702208296846781,0.10790351342090218,0.0,0.8755041162709892,0.5445772985834959,0.2820846135871124,0.34468390038608493,0.43603530355803244,surprised,08,18,18,female,strong,2157
50,1.6683333333333334,True,1.0,0.7002544103469587,0.66080425366181,0.6805293320043844,1.2283384583234265,-0.08106481481481487,-0.09115740740740735,0.36367991083186024,0.4442926338616655,0.22291974692429875,0.5540242816570661,0.03945015668514873,0.010092592592592486,0.029312892417448434,0.23959799211819552,0.12748534609670922,0.10735578373279972,0.0,0.6636648266248656,0.5399040110653636,0.2828527947622263,0.3387682664469132,0.4461896904065049,surprised,08,18,18,female,strong,2157
60,2.0020000000000002,True,1.0,0.7286508416046942,0.700594475834463,0.7146226587195785,1.3303204532029969,-0.07879629629629636,-0.08449074074074081,0.34993530685776214,0.5039092625768922,0.22222359550899456,0.5371808401494467,0.028056365770231184,0.005694444444444446,0.013062874874442718,0.2218210120723382,0.12293012850042054,0.11254315295237187,0.0,0.6496300867606222,0.5490560834958983,0.28209960534988254,0.32599555969154437,0.4425138183148652,surprised,08,18,18,female,strong,2157
70,2.3356666666666666,True,1.0,0.4923214059965591,0.44199899832445066,0.4671602021605049,1.577542116329753,-0.056574074074074,-0.057870370370370294,0.31538458668221453,0.593422259703446,0.20209277153915411,0.29613168315745597,0.05032240767210844,0.0012962962962962954,0.012628829421373564,0.1896534932439934,0.12911839545322815,0.10538604141944154,0.0,0.6266121869953688,0.5455234973208034,0.2858964151917818,0.31272194413263654,0.38647763501400395,surprised,08,18,18,female,strong,2157
80,2.6693333333333333,True,1.0,0.6896738343783554,0.6629951579847665,0.6763344961815609,1.4895718564607192,-0.06504629629629632,-0.06759259259259265,0.33139096963513626,0.6029219419007676,0.20278116394652987,0.45404623700971236,0.026678676393588896,0.0025462962962963243,0.011519388456849477,0.183136102938625,0.12783554569267438,0.10693853855180914,0.0,0.651367375795947,0.5567170201283639,0.28695991934115117,0.32658345756718316,0.4316459291570435,surprised,08,18,18,female,strong,2157
90,3.003,True,1.0,0.6969582392545488,0.6917120595533962,0.6943351494039725,1.36077296117646,-0.0674074074074073,-0.07212962962962954,0.33354630372603294,0.5801088303491408,0.1993151252980423,0.5102505481911421,0.005246179701152598,0.004722222222222239,0.010289514536760344,0.19567463851026187,0.1259860243494108,0.10911140838032293,0.0,0.7373397805224997,0.5584672414590837,0.2874573455480292,0.3123354331261298,0.4188703283376871,surprised,08,18,18,female,strong,2157
100,3.336666666666667,True,1.0,0.6549300828658735,0.6491891360274576,0.6520596094466655,1.3821886209076688,-0.07106481481481486,-0.07490740740740748,0.3415002707683574,0.5923567942244733,0.2020837108700296,0.47175877415230405,0.005740946838415861,0.0038425925925926196,0.011313036189286082,0.20088954799120048,0.12834431378339048,0.10632739482307973,0.0,0.6769588363748622,0.5599098190838836,0.2864614156937984,0.314444891951019,0.4155373092357037,surprised,08,18,18,female,strong,2157
0,0.0,True,1.0,0.6268712076163562,0.6252570097584457,0.6260641086874009,0.7672552923059496,-0.059537037037037,-0.05949074074074079,0.3643326128158095,0.45204137487396556,0.18341488036054654,0.8159788729586925,0.0016141978579105043,4.6296296296211015e-05,0.015027912660865672,0.3754171920447637,0.12609841055256793,0.10898150589402497,0.0,0.7071067807446058,0.689123619010104,0.2936469295718339,0.2842614352671977,0.4037665536330477,neutral,01,19,19,male,normal,2158
10,0.33366666666666667,True,1.0,0.6263883146464275,0.5920571569840145,0.609222735815221,0.9216633151696499,-0.05699074074074073,-0.05796296296296305,0.3548777509744054,0.46779696607944293,0.186846392460444,0.6610035636528311,0.034331157662413014,0.0009722222222223187,0.025255383260843953,0.32420608960579017,0.13059170025560085,0.10355474685151735,0.0,0.7015517074828268,0.6392158004217312,0.28098501521481495,0.3098874357141945,0.380651774914023,neutral,01,19,19,male,normal,2158
20,0.6673333333333333,True,1.0,0.602024830308881,0.5941008078102912,0.598062819059586,0.919514210069972,-0.06277777777777777,-0.06310185185185191,0.3579105443174146,0.46670617204558246,0.1924388326052301,0.6504117201343472,0.007924022498589811,0.00032407407407414324,0.021824495944814837,0.3082997993737818,0.12840419764750363,0.10625506951401317,0.0,0.732705713668741,0.6419515116827981,0.2801655399143127,0.3148970841073197,0.38644486284563945,neutral,01,19,19,male,normal,2158
30,1.0010000000000001,True,1.0,0.628294056547477,0.5832999028369176,0.6057969796921974,0.7825464228776585,-0.06277777777777771,-0.0641666666666667,0.36958261727131014,0.3777632665960901,0.19032628786065006,0.7741355170527772,0.04499415371055948,0.001388888888888995,0.01990500782353587,0.3529319559865306,0.12448223738945527,0.11082396106068572,0.0,0.7429412239299819,0.6866498678924695,0.29615726744088555,0.2831284355544931,0.405072094180405,neutral,01,19,19,male,normal,2158
40,1.3346666666666667,True,1.0,0.5777256479313783,0.5782990102268996,0.5780123290791389,0.7116457784007707,-0.06152777777777779,-0.06310185185185191,0.37017827634453937,0.36245488385201874,0.1889377555716291,0.8122191497827241,0.0005733622955212958,0.0015740740740741166,0.024730196644809247,0.39440880397519207,0.12783685855664345,0.10693696912363618,0.0,0.6838736519380686,0.685370788635767,0.2947795547033923,0.2866199329717396,0.4053410347236688,neutral,01,19,19,male,normal,2158
50,1.6683333333333334,True,1.0,0.611981530361183,0.5762233970146288,0.5941024636879059,0.5951951739737356,-0.06171296296296297,-0.06212962962962959,0.3672697391152685,0.28404721354896906,0.19169214051731784,0.9981641143382693,0.0357581333465542,0.0004166666666666208,0.023370612202323796,0.44970931080321735,0.12919156593019535,0.10529632977184636,0.0,0.7472902805840098,0.6376808544667868,0.28188000821963455,0.3120390268094745,0.3857245230094824,neutral,01,19,19,male,normal,2158
60,2.0020000000000002,True,1.0,0.6073696079328332,0.5666242797699201,0.5869969438513767,0.6466223814627337,-0.0616666666666667,-0.06268518518518529,0.3787830396020318,0.32982246106340685,0.190310252837807,0.9077894002424144,0.0407453281629131,0.0010185185185185852,0.024556450713422193,0.4380144355435989,0.1237245649236679,0.11166919810264252,0.0,0.7145714055258626,0.6850696559483169,0.2954833734078274,0.2818697040458231,0.40550337845156054,neutral,01,19,19,male,normal,2158
70,2.3356666666666666,True,1.0,0.5928269212623419,0.5953493471541573,0.5940881342082496,0.6574927266879379,-0.06101851851851858,-0.06240740740740741,0.3851411782489506,0.26422201579885307,0.19029742384669845,0.9035660929679277,0.002522425891815394,0.0013888888888888284,0.02575685908074723,0.41220569729435275,0.1285295592828039,0.1061033937330155,0.0,0.6773043847620639,0.6831711543836284,0.29446091870192725,0.29098801369875954,0.40685290913338096,neutral,01,19,19,male,normal,2158
80,2.6693333333333333,True,1.0,0.47386611263441386,0.4686018849949828,0.4712339988146983,0.4614725806990341,-0.061620370370370325,-0.06333333333333341,0.39489353778637104,0.18699706029783691,0.19238054442833313,1.021152758633845,0.005264227639431074,0.0017129629629630827,0.026130257219290926,0.553015136233485,0.1289490929331552,0.105593130470793,0.0,0.6838666870227732,0.6297623768413616,0.2861566818871715,0.3152109482148975,0.38319236013586544,neutral,01,19,19,male,normal,2158
90,3.003,True,1.0,0.30058140519087817,0.29611553145754343,0.2983484683242108,0.46765151782509085,-0.07263888888888892,-0.07384259259259257,0.38675189166894475,0.2021342695470416,0.19098220953209083,0.637971773750979,0.004465873733334735,0.0012037037037036513,0.02326572156917361,0.5799580161533989,0.12688276496016765,0.10806730183909678,0.0,0.6837809772379526,0.6310781863135879,0.2851117471523707,0.3110707292919871,0.3842381498249348,neutral,01,19,19,male,normal,2158
0,0.0,True,1.0,0.6079873743354903,0.5936546783316679,0.6008210263335791,0.7643879460445988,-0.05884259259259256,-0.06060185185185191,0.35298685910372884,0.40333945075636796,0.18406923095099198,0.7860158306297046,0.014332696003822476,0.0017592592592593492,0.023822659703497857,0.36638024995977925,0.1292967812510786,0.10516710573703628,0.0,0.8129464511053164,0.6394633427277161,0.28153667902898827,0.30659691184104565,0.380702086207747,neutral,01,19,19,male,normal,2159
10,0.33366666666666667,True,1.0,0.6420035096542737,0.612901290229977,0.6274523999421253,0.9569229542502994,-0.05842592592592599,-0.059444444444444466,0.3456851280351269,0.5001370745686761,0.18477219086616276,0.6556979296558963,0.029102219424296694,0.0010185185185184742,0.022285153768290364,0.2997871572675526,0.13077450788708594,0.10332379134568843,0.0,0.8279876991135922,0.6402315176539367,0.28097012934096227,0.3108946913893729,0.3838191353037551,neutral,01,19,19,male,normal,2159
20,0.6673333333333333,True,1.0,0.6126393263399948,0.6110829198705412,0.611861123105268,0.814765562787073,-0.05782407407407408,-0.05824074074074076,0.36212896815955886,0.4141182227806743,0.18552197384077657,0.750965861900534,0.0015564064694536528,0.0004166666666666763,0.019871287725303607,0.35625438998270953,0.1297226204620654,0.10464138527076526,0.0,0.9233183978166343,0.6392511329766283,0.2817870795290912,0.30883293520899896,0.3864104222618218,neutral,01,19,19,male,normal,2159
30,1.0010000000000001,True,1.0,0.5832062795219071,0.5685718124988066,0.5758890460103568,0.7778426321457315,-0.058750000000000024,-0.05949074074074079,0.3713901726861582,0.36873533884776677,0.18475567380152816,0.7403670385380241,0.01463446702310045,0.000740740740740764,0.026825337152293478,0.35077067242125143,0.12843145306671672,0.1062221240329489,0.0,0.7533584217108227,0.6419542606808348,0.2822636812506103,0.3055959489157561,0.38379085098938936,neutral,01,19,19,male,normal,2159
40,1.3346666666666667,True,1.0,0.5835515907365632,0.5739078546039491,0.5787297226702561,0.8169226137528517,-0.05819444444444449,-0.059814814814814876,0.36492451930703035,0.3879700496652111,0.1847635195913375,0.7084266158475355,0.009643736132614045,0.0016203703703703831,0.02454086615431602,0.348411682235299,0.13083485153649102,0.1032473699163032,0.0,0.6747717815576484,0.6401381227881777,0.28049023561612607,0.3086039597187627,0.38407916538579356,neutral,01,19,19,male,normal,2159
50,1.6683333333333334,True,1.0,0.5833840453452463,0.559722206450773,0.5715531258980097,0.5726405884507161,-0.0566666666666667,-0.05708333333333343,0.3675584125150478,0.24532940203688353,0.18685496707656818,0.9981009684352823,0.023661838894473375,0.0004166666666667318,0.025932153343828205,0.4843149975420309,0.13074587222900935,0.10336002450766499,0.0,0.7468204703137552,0.6414726900916616,0.28028648848548326,0.31184185634837547,0.38885269663157473,neutral,01,19,19,male,normal,2159
60,2.0020000000000002,True,1.0,0.6225067240492975,0.5969124492081193,0.6097095866287083,0.6655994062294293,-0.05810185185185185,-0.05875000000000008,0.373394659524529,0.3260611852579981,0.18544999298171572,0.9160308451635608,0.025594274841178266,0.000648148148148231,0.024801049500461532,0.40931672673183855,0.12815828786441985,0.10655154162399483,0.0,0.67371892212179,0.6393765277595412,0.2827062527397166,0.3069938747820455,0.38507643663838215,neutral,01,19,19,male,normal,2159
70,2.3356666666666666,True,1.0,0.578805190698739,0.5851168472550655,0.5819610189769022,0.564908233968698,-0.05703703703703705,-0.05740740740740735,0.3971078313862042,0.2132598816019973,0.18613734526959475,1.0301868232445504,0.006311656556326484,0.00037037037037029874,0.024870108914635845,0.4669518925660843,0.13174556576758187,0.10208272954716524,0.0,0.6670805064449107,0.6386114685483568,0.27970539901537833,0.31364529441332056,0.3850527441198495,neutral,01,19,19,male,normal,2159
80,2.6693333333333333,True,1.0,0.512708727296611,0.5076341475875371,0.510171437442074,0.469012940786315,-0.06152777777777779,-0.06087962962962967,0.40168015585620337,0.19739264738365106,0.18892160269492647,1.0877555672275385,0.005074579709073879,0.0006481481481481199,0.023596552816964735,0.5499794338379224,0.12989113717960424,0.10443213228354647,0.0,0.7225165947722237,0.6374542801730069,0.28108323736322627,0.31736085054723545,0.387570280897541,neutral,01,19,19,male,normal,2159
90,3.003,True,1.0,0.5629625570441935,0.5457744441399512,0.5543685005920724,0.4699495719384845,-0.05782407407407408,-0.058333333333333404,0.40109893621789505,0.19150122391878038,0.19100457921116565,1.1796340154229106,0.01718811290424227,0.0005092592592593204,0.022129616731405823,0.567453897299286,0.12907903471748025,0.10543424760109453,0.0,0.6947208897403135,0.638900606179972,0.28241600301659825,0.31513502658857434,0.3918378216529854,neutral,01,19,19,male,normal,2159
0,0.0,True,1.0,0.5675792126820672,0.5400203020440084,0.5537997573630378,0.500238054846635,-0.06041666666666673,-0.061111111111111116,0.3761703570937034,0.2896115054375264,0.18484154642045889,1.1070724268125183,0.02755891063805882,0.0006944444444443865,0.009077594238823459,0.5779021103989858,0.13154462749919163,0.10234152992488811,0.0,0.7369000834999387,0.6316002147030687,0.2805082342730804,0.3063024628391005,0.382044875848376,neutral,01,19,19,male,normal,2160
10,0.33366666666666667,True,1.0,0.59607545313241,0.6102592677052007,0.6031673604188053,0.8599367719582331,-0.06000000000000005,-0.05949074074074079,0.3532528308567737,0.4440468312858645,0.1841338792667638,0.7014089641093996,0.01418381457279072,0.0005092592592592649,0.006886540002709134,0.35192542056840537,0.12472937311243844,0.11054574281083615,0.0,0.6772867520020831,0.686756096782463,0.2951615176104481,0.2815546618524888,0.40445412181051443,neutral,01,19,19,male,normal,2160
20,0.6673333333333333,True,1.0,0.5777256479313794,0.5703227293679083,0.5740241886496438,0.8246051168710852,-0.05986111111111114,-0.061111111111111116,0.35718904066694,0.4192907373920772,0.1820152966585862,0.6961200905807428,0.007402918563471084,0.0012499999999999734,0.012898651324665961,0.34363858174475226,0.12538779822640247,0.1096246955710383,0.0,0.9999999987499999,0.6865148251488096,0.2942489739613605,0.2791835876218279,0.4011241790977017,neutral,01,19,19,male,normal,2160
30,1.0010000000000001,True,1.0,0.5773750475245728,0.5722698341244534,0.5748224408245131,0.7980992451183737,-0.060416666666666674,-0.060601851851851796,0.3627966202452687,0.3990496225591874,0.18272074584220155,0.7202392989849974,0.005105213400119379,0.00018518518518512161,0.014068349873038826,0.3398772494064442,0.1297597831500895,0.10459529840225666,0.0,0.7660877260152312,0.6327164503223165,0.281643891529364,0.3022182032497412,0.38175886212975785,neutral,01,19,19,male,normal,2160
40,1.3346666666666667,True,1.0,0.6118609414637034,0.5940702258913162,0.6029655836775099,0.6417520232263687,-0.06101851851851858,-0.0602314814814815,0.39439840448975094,0.2831258925998682,0.1806383565817011,0.9395616404076726,0.017790715572387206,0.000787037037037086,0.017696662301967928,0.40855902302845004,0.12966099457116423,0.10471773611830992,0.0,0.8223044211055289,0.633465855170193,0.2818720762959665,0.30361348923685094,0.3798011192842678,neutral,01,19,19,male,normal,2160
50,1.6683333333333334,True,1.0,0.5828101630918857,0.5906927560135989,0.5867514595527423,0.6639927477993639,-0.058611111111111114,-0.05949074074074079,0.3662393156738663,0.29811919288951044,0.1819951757573897,0.8836714881260099,0.007882592921713227,0.0008796296296296746,0.014894381491184725,0.4137689045498035,0.12942275804320036,0.10501203488828607,0.0,0.8247953053365512,0.6348497934564451,0.2817690275627773,0.3036998045545242,0.3834591312621332,neutral,01,19,19,male,normal,2160
60,2.0020000000000002,True,1.0,0.6263883146464275,0.5893973248489427,0.6078928197476852,0.682686053342388,-0.06004629629629632,-0.05935185185185177,0.3771009799181123,0.32819524754072993,0.18060667699933172,0.8904427104838016,0.03699098979748483,0.000694444444444553,0.014282507075903759,0.40067867688863895,0.13003558961194453,0.10425220959453874,0.0,0.8533668718917145,0.6312403440047895,0.2821734010609138,0.3039325870927488,0.38174441409039805,neutral,01,19,19,male,normal,2160
70,2.3356666666666666,True,1.0,0.6409156878291516,0.6177015939359731,0.6293086408825623,0.5952710742402455,-0.06027777777777776,-0.05907407407407406,0.39215134948116276,0.2405725911060258,0.1826990322656853,1.0571799439201033,0.023214093893178522,0.0012037037037037068,0.008997600067409819,0.4432030574582329,0.1299761676158848,0.10432628443022586,0.0,0.6322740450162078,0.6327004207620548,0.28217376957276885,0.3082335909549742,0.3850558743860327,neutral,01,19,19,male,normal,2160
80,2.6693333333333333,True,1.0,0.26218376051079983,0.25846182674571394,0.2603227936282569,0.4555697762759348,-0.07245370370370369,-0.07476851851851851,0.38934071523070796,0.20870093424037267,0.18618037767855122,0.5714224410501314,0.003721933765085894,0.002314814814814825,0.004237500352795061,0.5960524562176417,0.12737213170529185,0.10749008249877329,0.0,0.8474052924858348,0.6302964278289441,0.2846168543990881,0.3129513637099441,0.386036179415473,neutral,01,19,19,male,normal,2160
90,3.003,True,1.0,0.4745974459095175,0.4438568904999047,0.4592271682047111,0.4846395535181787,-0.061435185185185204,-0.06171296296296297,0.3849907815491603,0.22954095740907615,0.18484154642045894,0.9475643596792922,0.030740555409612846,0.0002777777777777657,0.013896488192474164,0.5778388064531683,0.1307065117824803,0.10340979425951283,0.0,0.8497379353262126,0.6319804190895109,0.2820722981541686,0.3098375807358973,0.38490411487160425,neutral,01,19,19,male,normal,2160
0,0.0,True,1.0,0.6213558641581614,0.5854261280648517,0.6033909961115065,0.9143278316085836,-0.05777777777777782,-0.056712962962962965,0.3523531715628656,0.4570933025194422,0.18619144154760403,0.6599285018481351,0.03592973609330963,0.0010648148148148517,0.014734958955102856,0.3091526559286643,0.12782363479062597,0.10695277537192183,0.0,0.9999999987499999,0.6882321636310774,0.2950297392183613,0.2867205888707131,0.40380001039702706,neutral,01,19,19,male,normal,2161
10,0.33366666666666667,True,1.0,0.5815807057364147,0.5706443513861736,0.5761125285612942,0.8311666762676265,-0.055787037037037024,-0.05611111111111117,0.3554542735804359,0.42260791744317844,0.18478168750979101,0.6931371829635196,0.010936354350241095,0.00032407407407414324,0.009992538402643227,0.36266790828024115,0.12494702374491184,0.11029967827681417,0.0,0.7540508627087711,0.6871724183657838,0.2963257106231473,0.28339807240343695,0.40457451594203475,neutral,01,19,19,male,normal,2161
20,0.6673333333333333,True,1.0,0.5966621996858144,0.5893973248489432,0.5930297622673788,0.7966911913900012,-0.05606481481481479,-0.05638888888888899,0.35902937603144935,0.40531437947900795,0.18409782819833262,0.7443659082419491,0.007264874836871105,0.00032407407407419875,0.016793071860551893,0.3655350115636922,0.12348854149529288,0.11175980468092606,0.0,0.8102862525716833,0.6868492744754151,0.2959423559728435,0.2807196887453769,0.4039444131411965,neutral,01,19,19,male,normal,2161
30,1.0010000000000001,True,1.0,0.6213553582877487,0.5966065370601533,0.608980947673951,0.8314773037330322,-0.0571296296296297,-0.05819444444444449,0.3600530303368845,0.3948823124663732,0.18342694291325293,0.7324083831751593,0.024748821227595363,0.0010648148148147962,0.01822255443476645,0.357743176844613,0.1245014430200534,0.110802384706073,0.0,0.7071067807446058,0.6861602566729819,0.29477059681712114,0.2804776175034501,0.40260162397124727,neutral,01,19,19,male,normal,2161
40,1.3346666666666667,True,1.0,0.5978822367675505,0.5845426054540455,0.591212421110798,0.6160895981537273,-0.058657407407407436,-0.059768518518518554,0.39428071818243055,0.2640210033021223,0.18409782819833256,0.95962084554344,0.013339631313505018,0.0011111111111111183,0.0235927367309137,0.436672841153696,0.1289723528418972,0.10556471935894511,0.0,0.8824172403813948,0.6358270691948655,0.2826892630847744,0.3039259075915571,0.37755881976117267,neutral,01,19,19,male,normal,2161
50,1.6683333333333334,True,1.0,0.6027662309683708,0.5799739302627764,0.5913700806155736,0.57729235080515,-0.057731481481481495,-0.059629629629629644,0.370397865410991,0.2416365892346795,0.18823498003510297,1.0243857896103932,0.02279230070559435,0.0018981481481481488,0.020200301884033635,0.4731810446309596,0.12777938177024922,0.1070056417447069,0.0,0.759458202190193,0.6368303047000051,0.283493766399735,0.302195949678309,0.3800663477675651,neutral,01,19,19,male,normal,2161
60,2.0020000000000002,True,1.0,0.5874097478016674,0.5799739302627764,0.5836918390322219,0.6558223777280803,-0.05856481481481479,-0.06027777777777776,0.3772643800335041,0.30815852477532335,0.18685496707656823,0.890015130398973,0.007435817538890999,0.0017129629629629717,0.018519975566387865,0.406867539587699,0.12911391834204888,0.10539152651593506,0.0,0.6662141626509956,0.6327710379229817,0.283255427889438,0.3069351033396558,0.38152559758370835,neutral,01,19,19,male,normal,2161
70,2.3356666666666666,True,1.0,0.6310801939755388,0.6177015939359732,0.6243908939557561,0.5860293992773712,-0.06078703703703703,-0.061851851851851936,0.3896481825620503,0.2356681175548348,0.18899226133807434,1.0654600174081508,0.013378600039565591,0.0010648148148149073,0.014697138627050476,0.442326185967195,0.12938406075711256,0.10505970965581209,0.0,0.7254548283259206,0.6349922083364596,0.2826468070310329,0.30714158706803985,0.38381982838951534,neutral,01,19,19,male,normal,2161
80,2.6693333333333333,True,1.0,0.46026660476085235,0.46407975183057737,0.46217317829571486,0.4389306543809545,-0.05925925925925929,-0.05990740740740741,0.4069847801879011,0.1888918219191052,0.1903455281049834,1.0529526103560491,0.0038131470697250203,0.0006481481481481199,0.019855391489989216,0.6116036448288718,0.12935953675629674,0.10508990446816868,0.0,0.7420546301310341,0.6316105695559474,0.2833876921279513,0.31352323415596905,0.38304443286968576,neutral,01,19,19,male,normal,2161
90,3.003,True,1.0,0.5784852721870732,0.5485315324039246,0.5635084022954989,0.4544682072904766,-0.057314814814814874,-0.058518518518518636,0.4053413179673552,0.19018762824001292,0.19102055594950892,1.239929203530245,0.029953739783148636,0.0012037037037037623,0.020325785635922744,0.5777340083336141,0.13003786559225197,0.10424937066148585,0.0,0.744109546219038,0.6314518183288942,0.28302971733442167,0.31797224095224336,0.38832189352171753,neutral,01,19,19,male,normal,2161
0,0.0,True,1.0,0.5685156497661319,0.529882972054061,0.5491993109100964,0.6793338851745263,-0.05296296296296288,-0.05472222222222223,0.40392173949789795,0.28971589236876005,0.16805600953544336,0.8084379756340326,0.038632677712070906,0.0017592592592593492,0.04051161495113998,0.3946403896044777,0.13126337910537206,0.10270201106593675,0.0,0.6858105885051684,0.6363345634503803,0.28153717325056116,0.30930077089949026,0.37794597749003367,calm,02,19,19,male,normal,2162
10,0.33366666666666667,True,1.0,0.5513420933191238,0.5320852290566919,0.5417136611879079,0.6743710298163254,-0.05120370370370375,-0.05384259259259255,0.40491916994136845,0.30000964488409093,0.16597635928167104,0.803287266559258,0.019256864262431894,0.002638888888888802,0.04351169152547049,0.40855866044628414,0.129015943712887,0.10551144032215301,0.0,0.6294779612176913,0.6350573812415592,0.28264057829488115,0.30434199933606426,0.38218140625609365,calm,02,19,19,male,normal,2162
20,0.6673333333333333,True,1.0,0.47084935389989735,0.4747875934694694,0.4728184736846834,0.6207947510428871,-0.07296296296296312,-0.07782407407407405,0.39201233759629195,0.28459040453065,0.1895978202454878,0.7616341357435529,0.003938239569572066,0.004861111111110927,0.046924594811251115,0.4205584412361377,0.12584063834081632,0.1092790534030835,0.0,0.7001852685383938,0.6364172877744848,0.2878666567322299,0.3300328010675105,0.40247194061767166,calm,02,19,19,male,normal,2162
30,1.0010000000000001,True,1.0,0.3708410327476908,0.36153700353764445,0.36618901814266763,0.5990325097300969,-0.0725925925925926,-0.07870370370370361,0.4215545039404041,0.24007313275955477,0.18750651030364252,0.6113007427721403,0.00930402921004636,0.006111111111111012,0.047871998867052436,0.46587260689833093,0.12690903243871948,0.10803645336797103,0.0,0.6649433449198381,0.6340086049497924,0.2881084297113287,0.32718075972085847,0.40216847087548263,calm,02,19,19,male,normal,2162
40,1.3346666666666667,True,1.0,0.5063569745319159,0.5232413358143733,0.5147991551731446,0.571346741323234,-0.06166666666666665,-0.06874999999999998,0.41646203601400383,0.2550590046307678,0.179888256746024,0.9010275511169876,0.016884361282457405,0.00708333333333333,0.05918442142288006,0.4899850503927284,0.12764259749483675,0.1071687691241081,0.0,0.6800076688140704,0.6360147801229867,0.28420905606308927,0.3212958642505186,0.39150688264565037,calm,02,19,19,male,normal,2162
50,1.6683333333333334,True,1.0,0.5127599257880042,0.5238736580043155,0.5183167918961599,0.602832559031566,-0.06032407407407414,-0.06606481481481485,0.409235988110163,0.2704373804963355,0.18058259679984479,0.8598022521026761,0.01111373221631129,0.005740740740740713,0.05579597323965102,0.459554447498699,0.12757959200560648,0.10724376659999305,0.0,0.8282234269373184,0.6349184889737146,0.2842098721301565,0.31905347781246846,0.3902374371982866,calm,02,19,19,male,normal,2162
60,2.0020000000000002,True,1.0,0.5879619610576347,0.5583559067195213,0.573158933888578,0.6435913085510305,-0.05921296296296297,-0.06277777777777782,0.42273875411952133,0.25695319987493576,0.17711090471635124,0.8905635086635606,0.029606054338113363,0.003564814814814854,0.0510274257299681,0.4182834203192742,0.12892452213747116,0.10562312891851222,0.0,0.7114239442934606,0.6339692150922869,0.28255703779263025,0.3187436104180392,0.39011249633467915,calm,02,19,19,male,normal,2162
70,2.3356666666666666,True,1.0,0.575780449767952,0.5383529810627141,0.557066715415333,0.6370708841009658,-0.059398148148148144,-0.061203703703703705,0.4063635661262285,0.268964077945314,0.1812769376534147,0.8744187331704311,0.03742746870523783,0.0018055555555555602,0.04534685079533393,0.44231667719701023,0.1293414435837115,0.10511217219109398,0.0,0.6996764492965494,0.6315864782475491,0.28388388252074614,0.3198347472370985,0.3893628241848764,calm,02,19,19,male,normal,2162
80,2.6693333333333333,True,1.0,0.5629689608227181,0.5389551917906312,0.5509620763066747,0.6107944852078169,-0.05606481481481479,-0.05935185185185188,0.4138622220726078,0.22090530316350876,0.1770988427644488,0.9020416681057872,0.02401376903208685,0.0032870370370370883,0.04859874819278894,0.439869145826269,0.12969887922634513,0.10467081015475906,0.0,0.6525109336670949,0.6315977672787866,0.282457739984746,0.314167825062731,0.385749281827128,calm,02,19,19,male,normal,2162
90,3.003,True,1.0,0.4675675325100735,0.4450368051440266,0.45630216882705005,0.3856994273450288,-0.05550925925925926,-0.05828703703703708,0.4227466283596365,0.17408310529644083,0.17154378949249435,1.1830511960259233,0.022530727366046888,0.0027777777777778234,0.05250229306317127,0.6935309443729147,0.13088526823852445,0.10318344988085419,0.0,0.6724331682967875,0.6286378375725291,0.2815042847927816,0.31221246081185494,0.3816081196131441,calm,02,19,19,male,normal,2162
100,3.336666666666667,True,1.0,0.4899416840724993,0.4754531333486726,0.482697408710586,0.2829807855667942,-0.048379629629629606,-0.05152777777777773,0.4549368810308626,0.16189983441612907,0.1694665057164012,1.7057603672410864,0.014488550723826654,0.003148148148148122,0.056219249878976196,0.9139182219932275,0.1280409778911373,0.10669248216862309,0.0,0.7756173871085618,0.6283543724755528,0.2841390497215437,0.3112236217381879,0.3821219152879048,calm,02,19,19,male,normal,2162
0,0.0,True,1.0,0.5736772823465702,0.5974499089253188,0.5855635956359445,0.8398496410993928,-0.056574074074074165,-0.057638888888888906,0.36242546545666415,0.3989110496366453,0.1793203242049268,0.6972243208551249,0.023772626578748568,0.0010648148148147407,0.00775649049830232,0.3374851694346246,0.12798293884747314,0.10676209596465748,0.0,0.6972530191843589,0.6440731322841637,0.28272510905249926,0.3107565778007092,0.389633157383907,calm,02,19,19,male,normal,2163
10,0.33366666666666667,True,1.0,0.6257931001044315,0.5876800652662428,0.6067365826853371,0.8195143592131907,-0.05837962962962967,-0.057499999999999996,0.36403577181551267,0.4096827099773535,0.1776103237721841,0.740361136890707,0.03811303483818862,0.0008796296296296746,0.00116197623036063,0.3431579618175865,0.12820981021365577,0.10648954096807155,0.0,0.8388978487905026,0.6402795300542091,0.28251275585062396,0.30918366137532827,0.38827892111576184,calm,02,19,19,male,normal,2163
20,0.6673333333333333,True,1.0,0.6006664779151557,0.5735846900552992,0.5871255839852274,0.779233737221208,-0.05777777777777776,-0.058611111111111114,0.37214961716169703,0.38276284758406803,0.1790253837063009,0.7534653030796007,0.027081787859856488,0.0008333333333333526,0.0018966296750972391,0.3651138009424259,0.12828047152282773,0.10640440966657062,0.0,0.7558068441456092,0.6405983779214811,0.2824761057769793,0.30674906574612876,0.385276756721373,calm,02,19,19,male,normal,2163
30,1.0010000000000001,True,1.0,0.6237748854260179,0.6066681626879095,0.6152215240569636,0.7450706652412008,-0.06347222222222221,-0.0628703703703703,0.3866602363974766,0.33330485790757375,0.1829431614104051,0.8257223814573329,0.017106722738108426,0.0006018518518519089,0.00831687803711561,0.35524586037641565,0.12643798647221946,0.10858735353262731,0.0,0.735391041382265,0.6394940023822029,0.2834865911202938,0.31127037798716317,0.38952276671066055,calm,02,19,19,male,normal,2163
40,1.3346666666666667,True,1.0,0.5252931929372202,0.5017921146953414,0.5135426538162808,0.6571463067879335,-0.06995370370370368,-0.0694907407407408,0.3905649746433158,0.3219543479047402,0.18661260901940147,0.7814738491439247,0.02350107824187886,0.0004629629629628873,0.008725500476801528,0.41934656528207315,0.12777411972301406,0.10701192503525699,0.0,0.6304274957805966,0.636455685813388,0.28445708085636856,0.3232216043966822,0.3996051494621105,calm,02,19,19,male,normal,2163
50,1.6683333333333334,True,1.0,0.4891148269065491,0.48895857302722523,0.48903669996688715,0.8220384518909533,-0.07365740740740734,-0.07120370370370366,0.38031170916611917,0.43083633308556185,0.18514467149425617,0.5949073292641545,0.00015625387932388657,0.00245370370370368,0.014077743432187526,0.32655914836001715,0.12536605585942887,0.10982317518941281,0.0,0.7665725962681977,0.6368190022571529,0.285001581249831,0.3188418871204213,0.3990916549745938,calm,02,19,19,male,normal,2163
60,2.0020000000000002,True,1.0,0.5708040985187003,0.5680648144400662,0.5694344564793832,0.9213590031216858,-0.0723611111111111,-0.06990740740740742,0.38777787939457414,0.4022708840227084,0.18490427426774553,0.6180375451371986,0.0027392840786341077,0.00245370370370368,0.016176007364295423,0.28520231716130706,0.12573529279417706,0.10940024641840876,0.0,0.8049865297952276,0.634857817853704,0.2863636350069762,0.3217550791663302,0.40074271526892735,calm,02,19,19,male,normal,2163
70,2.3356666666666666,True,1.0,0.5574579397800845,0.5527958053810527,0.5551268725805686,0.6465659567336117,-0.06865740740740739,-0.0667592592592593,0.40742217136919445,0.25483656249317843,0.18987647787454712,0.8585773296587026,0.0046621343990318476,0.0018981481481480933,0.009266206809270849,0.4325910809843126,0.12789048183513466,0.10687283296825843,0.0,0.8608802480857992,0.6345595713050846,0.28579636138519005,0.33208954169581917,0.40262542246622834,calm,02,19,19,male,normal,2163
80,2.6693333333333333,True,1.0,0.5653306000482853,0.5529169063084067,0.559123753178346,0.6163972201657043,-0.06759259259259259,-0.06462962962962965,0.42441611453462114,0.20739284205671704,0.18586422057692648,0.9070835086310712,0.01241369373987855,0.002962962962962945,0.013345517269661959,0.42177630395970467,0.12602256618981078,0.10906920088397774,0.0,0.7683136900841836,0.637407820948692,0.2863446290172874,0.32183851392762014,0.3949873432047686,calm,02,19,19,male,normal,2163
90,3.003,True,1.0,0.34552224125058406,0.3302180893261975,0.33787016528839076,0.3122401706231832,-0.05962962962962959,-0.05624999999999991,0.4665585532366936,0.13448512482412378,0.17414860914532224,1.0820842321923345,0.015304151924386555,0.003379629629629677,0.014656203542329988,0.8728691573255517,0.12778991759704358,0.10699305926675863,0.0,0.7857099948856131,0.6337755415681898,0.28383073895410926,0.31890844509095423,0.3927347664483258,calm,02,19,19,male,normal,2163
100,3.336666666666667,True,1.0,0.3748653711958509,0.3715620577529876,0.37321371447441926,0.3291483805474324,-0.052361111111111025,-0.05032407407407413,0.47333860721831605,0.12208333536888408,0.1706564769175439,1.1338768061191684,0.003303313442863276,0.002037037037036893,0.014207509407024166,0.8351630549115866,0.12920612493841593,0.10527846431860134,0.0,0.7305473320968766,0.6286647811780963,0.2845984229774871,0.3204274800129208,0.39251399690309396,calm,02,19,19,male,normal,2163
0,0.0,True,1.0,0.5384758096154826,0.528242097320467,0.5333589534679748,0.5835226515881362,-0.05120370370370364,-0.05393518518518525,0.3849342648183019,0.33001889597840206,0.17084047876316596,0.9140329891502342,0.010233712295015573,0.0027314814814816124,0.043457599099020174,0.4868723888894108,0.1293067470240886,0.10515485221870961,0.0,0.7014495858593538,0.6330387675070028,0.2858611707300542,0.29979979352338804,0.3748550538560923,calm,02,19,19,male,normal,2164
10,0.33366666666666667,True,1.0,0.5173415249663526,0.4928165059313203,0.5050790154488365,0.7546552982091298,-0.052222222222222114,-0.053842592592592664,0.3768546476840768,0.36364567781405716,0.17015009905848213,0.6692843959983292,0.024525019035032236,0.0016203703703705497,0.035031804767533974,0.36548784338617435,0.12612312731105998,0.10895290050328922,0.0,0.7023606842781343,0.6858254585115297,0.2967821107081349,0.27896507201949833,0.3999558175728123,calm,02,19,19,male,normal,2164
20,0.6673333333333333,True,1.0,0.5021386000861866,0.48901157168172493,0.49557508588395577,0.6901768620569779,-0.048472222222222194,-0.051666666666666694,0.3843983323789934,0.33789293591888464,0.17016758544842112,0.718040712647135,0.013127028404461671,0.0031944444444444997,0.04218613063423214,0.3927545223024983,0.12627126640263323,0.10878117967734406,0.0,0.6170881852150147,0.6851093404549321,0.2974206139914254,0.2769918236936744,0.40054113258070223,calm,02,19,19,male,normal,2164
30,1.0010000000000001,True,1.0,0.536320288574824,0.5122448452968993,0.5242825669358616,0.8020516629063293,-0.051435185185185195,-0.05476851851851855,0.3793087717675432,0.38728512309418384,0.17154957113331215,0.6536768031077469,0.024075443277924657,0.003333333333333355,0.03790597425899617,0.3469022104574289,0.12474862412564196,0.11052401797583618,0.0,0.6715452466025608,0.6848132595303748,0.29721542427449593,0.27612077985212674,0.40072774217920354,calm,02,19,19,male,normal,2164
40,1.3346666666666667,True,1.0,0.49191279232712865,0.5103731612105374,0.501142976768833,0.6274955360739405,-0.05222222222222217,-0.05703703703703694,0.3932370169073367,0.2756622739629302,0.17088736323246198,0.7986399073120756,0.018460368883408795,0.004814814814814772,0.04173161428533819,0.43423453976878756,0.1294972154046439,0.10492020288521771,0.0,0.6855511434228636,0.6344161634966486,0.2834142066353188,0.30212150340974214,0.38022356924859485,calm,02,19,19,male,normal,2164
50,1.6683333333333334,True,1.0,0.563865076940367,0.5542421639221178,0.5590536204312424,0.5600169993077836,-0.05203703703703699,-0.05652777777777773,0.38026331881475917,0.24692176086380063,0.17714536291050478,0.9982797327978759,0.009622913018249246,0.00449074074074074,0.04512996670117335,0.49672179165185126,0.12979064768535314,0.10455699663069931,0.0,0.8445378991885115,0.6396935112091712,0.2846041870269275,0.3045953908216014,0.3827926259981541,calm,02,19,19,male,normal,2164
60,2.0020000000000002,True,1.0,0.5667177687583459,0.5632391728693092,0.5649784708138276,0.57835367277542,-0.05328703703703702,-0.059583333333333266,0.394154589881844,0.2509894244647644,0.17649958250221667,0.9768736629657643,0.003478595889036651,0.006296296296296244,0.04840049656157341,0.4934962066335426,0.1282892965967457,0.10639376931766745,0.0,0.6951290081072534,0.6368345856467588,0.2851450933387703,0.3036847569924776,0.3829201037896387,calm,02,19,19,male,normal,2164
70,2.3356666666666666,True,1.0,0.5131566798276952,0.5150033761134071,0.5140800279705511,0.6273887921227747,-0.057499999999999996,-0.06291666666666668,0.41036740243287634,0.2105377421966949,0.1828059049670385,0.8193962570341071,0.0018466962857118796,0.005416666666666681,0.046184775456906406,0.44156749347860924,0.12949203025318484,0.1049266023079309,0.0,0.68507080563523,0.637219411428634,0.284155601546645,0.3146771897869407,0.3867619009087099,calm,02,19,19,male,normal,2164
80,2.6693333333333333,True,1.0,0.37856795098581597,0.3593146782239826,0.3689413146048993,0.3953711467107638,-0.05587962962962961,-0.05999999999999994,0.43581718960159616,0.1290933124259767,0.17719359312470764,0.9331518439680188,0.019253272761833362,0.00412037037037033,0.049483485435457934,0.6611510808511553,0.12840058100684332,0.1062594399009093,0.0,0.6951058607098003,0.6383686097564025,0.2822499749722621,0.31297575138212963,0.39078189142773667,calm,02,19,19,male,normal,2164
90,3.003,True,1.0,0.332669525156226,0.34394325372412393,0.338306389440175,0.31530290464186306,-0.053796296296296287,-0.05824074074074076,0.4887453164154652,0.10616879522233215,0.17025364610587834,1.0729567804788873,0.011273728567897934,0.004444444444444473,0.045691396815846295,0.8596026128026134,0.12782858165894576,0.10694686288900068,0.0,0.7908254274160992,0.636933614242572,0.28303754199297254,0.3145049361840446,0.38927154917008816,calm,02,19,19,male,normal,2164
0,0.0,True,1.0,0.5718014100927834,0.5529169063084067,0.5623591582005951,0.765493737894993,-0.057361111111111085,-0.05268518518518517,0.3853855683489835,0.3761912521246897,0.16304184003366293,0.7346358701078454,0.01888450378437667,0.004675925925925917,0.01301471478847438,0.3626184757155843,0.13169176360346846,0.10215212758572458,0.0,0.7145662948855214,0.6359448121592387,0.2815578888523996,0.3083493372938722,0.38432918934570925,calm,02,19,19,male,normal,2165
10,0.33366666666666667,True,1.0,0.5670135076359897,0.5302480126138569,0.5486307601249233,0.734198872449892,-0.05787037037037035,-0.054537037037037106,0.38729114003883947,0.3734670435694985,0.16165760645580302,0.7472508889781311,0.03676549502213278,0.0033333333333332438,0.009606608838450027,0.3753370605429891,0.1292538568893834,0.10521985672955868,0.0,0.6811983182135786,0.6368599153880302,0.28202318400702125,0.3050410886327014,0.3861838090061183,calm,02,19,19,male,normal,2165
20,0.6673333333333333,True,1.0,0.57532755565642,0.5359418614411898,0.5556347085488049,0.6982348828400724,-0.05652777777777779,-0.051435185185185195,0.39118996837527004,0.37433164920763395,0.1596483260519454,0.7957704809716168,0.039385694215230194,0.005092592592592593,0.015400852418480883,0.3680086420504883,0.1294905439452778,0.10492843656412021,0.0,0.7224691462471576,0.6379465628595189,0.2820249894647585,0.30359246803262424,0.38128237765188966,calm,02,19,19,male,normal,2165
30,1.0010000000000001,True,1.0,0.6153396025331787,0.5642608685128736,0.5898002355230261,0.6683666506153612,-0.056712962962962965,-0.052453703703703725,0.3943883361216319,0.34648193509232245,0.16041048963726603,0.8824501267081482,0.05107873402030505,0.00425925925925924,0.016496386598000057,0.40337967009434,0.13003801882062266,0.10424917952774503,0.0,0.6571088123122037,0.6349311394792292,0.2838537099530766,0.30303441656407276,0.380748638207016,calm,02,19,19,male,normal,2165
40,1.3346666666666667,True,1.0,0.5551117998071966,0.5012279443341618,0.5281698720706792,0.6001050164258269,-0.05671296296296291,-0.052361111111111136,0.4234881712429083,0.2704875670192006,0.16113842845853085,0.8801290734352012,0.05388385547303476,0.0043518518518517735,0.010503944843673904,0.4303582089411459,0.12954825997760192,0.10485717003581801,0.0,0.6208001095456042,0.6337835732496123,0.28525736448475963,0.3068612151603108,0.3830330619700554,calm,02,19,19,male,normal,2165
50,1.6683333333333334,True,1.0,0.5352484544146967,0.5091540312720223,0.5222012428433596,0.6316727907848211,-0.054907407407407405,-0.05097222222222225,0.42584992287967494,0.26313989734284376,0.16321254909363012,0.8266957995682405,0.026094423142674406,0.003935185185185153,0.009446586776026755,0.426990680477631,0.12946623083610345,0.1049584338877618,0.0,0.664100564431159,0.6328542367259404,0.2847708253386286,0.30885726123271057,0.38573394942789746,calm,02,19,19,male,normal,2165
60,2.0020000000000002,True,1.0,0.5335116623022949,0.5098017565487776,0.5216567094255362,0.6205335273864234,-0.05356481481481484,-0.04907407407407405,0.4180532012102745,0.2207150881725947,0.1658749460690507,0.8406583792863881,0.02370990575351728,0.004490740740740795,0.006959950683129061,0.44382249197732926,0.12978133351681193,0.10456855761520167,0.0,0.7525803362449022,0.6349894229644983,0.28293452746417896,0.311611972750194,0.38640404414891283,calm,02,19,19,male,normal,2165
70,2.3356666666666666,True,1.0,0.5494006621914771,0.509801756548777,0.529601209370127,0.6217099020393837,-0.050833333333333286,-0.048240740740740806,0.40496135631403646,0.24240551066424304,0.16791861623525037,0.8518461868355093,0.03959890564270008,0.0025925925925924798,0.0055788073557991235,0.43863898355602826,0.12884278331850366,0.10572282136746432,0.0,0.6875114541504337,0.6367391508556548,0.28450602843793027,0.314610932934929,0.3906014875110203,calm,02,19,19,male,normal,2165
80,2.6693333333333333,True,1.0,0.5465972087695045,0.5073770623333934,0.5269871355514489,0.5390712493998552,-0.05217592592592596,-0.050092592592592466,0.43507465217525326,0.17776608557922982,0.1667431521638095,0.9775834569885532,0.03922014643611105,0.0020833333333334925,0.003653858425807013,0.49111738260224674,0.1293414519671241,0.1051121618755778,0.0,0.700410463120891,0.6360522753320079,0.2816143849673878,0.30841160209967045,0.384400073787802,calm,02,19,19,male,normal,2165
90,3.003,True,1.0,0.4665047413735787,0.4501667241768291,0.4583357327752039,0.33808486843420366,-0.04930555555555555,-0.04685185185185187,0.4580578609473351,0.14723050722134687,0.16044710796161318,1.3556824796623599,0.0163380171967496,0.00245370370370368,0.001608163787748521,0.7983870967741921,0.12954173550135725,0.10486523034038334,0.0,0.9133052132587048,0.6341162407072205,0.2818292970584571,0.3134722275851689,0.38862838090899193,calm,02,19,19,male,normal,2165
100,3.336666666666667,True,1.0,0.4659271851840664,0.43698261319017007,0.45145489918711823,0.3291388419421608,-0.04972222222222228,-0.047731481481481486,0.4535343982804546,0.15359812623967461,0.16324947358261224,1.3716244990205437,0.02894457199389633,0.001990740740740793,0.005113831582584861,0.8249999999999992,0.12916604328452239,0.1053276366069045,0.0,0.7716748273258522,0.6307279335796819,0.28312627505280974,0.31035754669449184,0.38529621942628056,calm,02,19,19,male,normal,2165
0,0.0,True,1.0,0.5756543412232075,0.5643021521459719,0.5699782466845897,0.54804370936527,-0.056620370370370376,-0.06189814814814809,0.41026690865943877,0.23074816370194204,0.186805963968794,1.0400233356290574,0.011352189077235564,0.005277777777777715,0.056040884868375045,0.5160232097899452,0.13045336793652687,0.10372895721543379,0.0,0.7616429340986353,0.629953306533551,0.2813332434291948,0.31207721222595725,0.3847876949223241,calm,02,19,19,male,strong,2166
10,0.33366666666666667,True,1.0,0.5634951474360493,0.5658142983527207,0.564654722894385,0.725519658033428,-0.05759259259259253,-0.06208333333333338,0.4030749637970766,0.31287607568040454,0.17847264970529494,0.7782762557046646,0.002319150916671342,0.004490740740740851,0.05641366113850925,0.3846226720454912,0.12872212119124463,0.10586969956935548,0.0,0.7572234835681874,0.6355915223042343,0.2833513361651572,0.31424464519075673,0.39326991329695976,calm,02,19,19,male,strong,2166
20,0.6673333333333333,True,1.0,0.5427565264418842,0.531840326621114,0.5372984265314991,0.6992864122889493,-0.0558333333333334,-0.06037037037037046,0.40178282923676867,0.31798334341269957,0.17569835258094374,0.7683524477084851,0.01091619982077019,0.004537037037037062,0.05667960935802741,0.397766151423383,0.12943901672984734,0.10499199359456948,0.0,0.6399383438280806,0.63541051542492,0.28361408698872537,0.3117016902287477,0.3878786011761536,calm,02,19,19,male,strong,2166
30,1.0010000000000001,True,1.0,0.5757804497679525,0.5522076297407564,0.5639940397543545,0.6296436242917026,-0.05495370370370373,-0.06000000000000005,0.416044180468989,0.24858701678813838,0.17709022658152102,0.8957353302652774,0.023572820027196073,0.0050462962962963265,0.06570370252848691,0.44300499325889153,0.12970423565394382,0.10466417259167535,0.0,0.6853369921081606,0.633173115863533,0.2838799672033967,0.31101418268371295,0.387794848432657,calm,02,19,19,male,strong,2166
40,1.3346666666666667,True,1.0,0.5638650769403675,0.5477656657718684,0.5558153713561179,0.5577940024463104,-0.05444444444444446,-0.06115740740740727,0.4155266408868273,0.24858701678813944,0.17502136100099502,0.996452756606355,0.01609941116849911,0.00671296296296281,0.058795480574147616,0.4826554306478097,0.12929102060926184,0.10517418771106427,0.0,0.7744446716801212,0.6334024865493072,0.28384321585740263,0.31040032175722204,0.38365833103182273,calm,02,19,19,male,strong,2166
50,1.6683333333333334,True,1.0,0.5898958502487336,0.5678533046225862,0.5788745774356598,0.7843655452818405,-0.05467592592592602,-0.058981481481481524,0.4117825206763617,0.34287575157747396,0.17222620914999004,0.7380163253189008,0.02204254562614738,0.004305555555555507,0.05755361227152846,0.3571685286292547,0.12867155702904304,0.10593114831191786,0.0,0.7027448923714643,0.6313950519348365,0.2849517205429897,0.3122984110514605,0.3883585448807161,calm,02,19,19,male,strong,2166
60,2.0020000000000002,True,1.0,0.5427565264418857,0.5193356752317956,0.5310461008368406,0.5564006354349734,-0.05249999999999999,-0.05958333333333321,0.41634741870552006,0.20644723927914385,0.1764511625909752,0.9544311544894056,0.023420851210090077,0.007083333333333219,0.06081069231125856,0.48868936194599893,0.12879534154814382,0.10578061148573549,0.0,0.7302731760114446,0.6290961919611595,0.28463340915149116,0.31055734942409263,0.38447406111964905,calm,02,19,19,male,strong,2166
70,2.3356666666666666,True,1.0,0.4693595851858239,0.45600255489154007,0.462681070038682,0.6465343539174825,-0.056064814814814734,-0.06254629629629627,0.4456268112093702,0.21852948437798095,0.17294490231316761,0.7156326144700645,0.013357030294283812,0.0064814814814815325,0.06365639749502436,0.4255446244740715,0.12861972317428216,0.10599407804932717,0.0,0.6817328017499372,0.6325471152836135,0.284282303837191,0.3144473470289798,0.39264911848790923,calm,02,19,19,male,strong,2166
80,2.6693333333333333,True,1.0,0.5395785977470332,0.5233638594611819,0.5314712286041076,0.5114792667931617,-0.05291666666666667,-0.05833333333333335,0.4196676926085736,0.17946303978287884,0.1729801903900013,1.0390865536667597,0.016214738285851293,0.005416666666666681,0.07282657575205094,0.5334080567901925,0.12993700504241038,0.10437505684634697,0.0,0.6834788130850346,0.6266702683495273,0.2850158658690776,0.31034599318478134,0.3797094012422063,calm,02,19,19,male,strong,2166
90,3.003,True,1.0,0.52473337070671,0.4994624793324133,0.5120979250195616,0.5478413444727817,-0.05129629629629634,-0.05671296296296291,0.4298710000313344,0.187498297596307,0.17301591223497836,0.9347558927163157,0.025270891374296722,0.00541666666666657,0.07214956414276351,0.483012489341251,0.12978159236936096,0.1045682363491248,0.0,0.6547053749785104,0.6339529991840487,0.2859523038548223,0.3178724584611426,0.3890969454687981,calm,02,19,19,male,strong,2166
100,3.336666666666667,True,1.0,0.5453681758868509,0.5121769499289073,0.5287725629078791,0.5623585716362964,-0.05212962962962969,-0.05740740740740741,0.4381256578383,0.1902293267201569,0.1701837251367127,0.9402765238721409,0.03319122595794366,0.005277777777777715,0.06920402009348414,0.47957665395925686,0.12875004229157458,0.10583574245466329,0.0,0.6688928941577498,0.635231607541454,0.2853186512577943,0.3130487596299931,0.38718903114029873,calm,02,19,19,male,strong,2166
110,3.6703333333333332,True,1.0,0.542749558829147,0.5250086314560392,0.5338790951425931,0.46850282359170353,-0.053148148148148056,-0.05999999999999994,0.4384985825479202,0.14973320768609225,0.16949891706985043,1.1395429616617732,0.01774092737310784,0.006851851851851887,0.06806831431737205,0.5705779052852639,0.12774281047859687,0.10704929771768547,0.0,0.6373931528526228,0.6322280069215186,0.28615707362600973,0.3092221525508977,0.3841060280829,calm,02,19,19,male,strong,2166
120,4.0040000000000004,True,1.0,0.2996542126503974,0.29784548387901577,0.2987498482647066,0.30535087291371066,-0.05625000000000002,-0.06087962962962962,0.4555446732189507,0.15118785537836887,0.16602783406449753,0.9783821654543968,0.001808728771381607,0.004629629629629595,0.06579841929829175,0.871433701547882,0.12880408527895873,0.1057699644810467,0.0,0.7062182540971099,0.6295063685161565,0.2843193544631351,0.3141445269220775,0.38863513020407026,calm,02,19,19,male,strong,2166
130,4.337666666666666,True,1.0,0.20323212261631318,0.2245511096090316,0.21389161611267238,0.308982468442848,-0.05819444444444449,-0.06564814814814823,0.4470529475022996,0.15798152648722136,0.1632411880825221,0.6922451529065817,0.02131898699271842,0.00745370370370374,0.06809589694169921,0.8878940280787573,0.12894503750296368,0.10559808272030637,0.0,0.6871211915483355,0.6302142981255002,0.2837356121825447,0.3133472466929016,0.38583125363345483,calm,02,19,19,male,strong,2166
0,0.0,True,1.0,0.43959751692228444,0.44440560718381444,0.4420015620530494,0.6944915574560125,-0.05995370370370373,-0.06689814814814804,0.39470379138519235,0.39742184125386604,0.1543644916014078,0.6364390715880585,0.004808090261530007,0.006944444444444309,0.03217579672385679,0.39879384370191867,0.1298044805251346,0.10453982306565901,0.0,0.670958502618361,0.6341864188331583,0.28664630688514553,0.3164124784019374,0.39402421708039903,calm,02,19,19,male,strong,2167
10,0.33366666666666667,True,1.0,0.40679164877005575,0.4078414052390218,0.4073165270045388,0.712082365618065,-0.06046296296296283,-0.06597222222222227,0.38916841914223554,0.42563442768337567,0.14664488376988966,0.5720076028718966,0.0010497564689660455,0.005509259259259436,0.04844629181775425,0.3781484487323825,0.12970141594199439,0.10466766680109849,0.0,0.683975325402912,0.6384470952521634,0.2856875154251683,0.319532710180709,0.40277256414944257,calm,02,19,19,male,strong,2167
20,0.6673333333333333,True,1.0,0.5145252776825868,0.49225673967818256,0.5033910086803847,0.6215501798455915,-0.056203703703703645,-0.06055555555555553,0.425997059958564,0.34547109348326116,0.14593583637226878,0.8098960067961681,0.02226853800440426,0.0043518518518518845,0.045252182594305454,0.44899486151566875,0.12884404459824875,0.10572128424489763,0.0,0.8083073318623747,0.6438512981051796,0.285844780682269,0.321261968526732,0.4086047173559264,calm,02,19,19,male,strong,2167
30,1.0010000000000001,True,1.0,0.5025852271116605,0.4922483285644209,0.4974167778380407,0.5470132526900819,-0.05337962962962961,-0.056481481481481466,0.46927454675628927,0.2729096989966554,0.14669638079058506,0.9093322243873664,0.010336898547239626,0.0031018518518518556,0.04590451210556064,0.48757231145278146,0.12733079888011978,0.10753904140921225,0.0,0.667394935797389,0.6412629806375675,0.28788500290132285,0.3231195522218962,0.41530104051639655,calm,02,19,19,male,strong,2167
40,1.3346666666666667,True,1.0,0.4798046168533494,0.4883165086394889,0.4840605627464192,0.4768387691679147,-0.05560185185185185,-0.05884259259259256,0.43542547073481885,0.28886231670019463,0.14935664601488477,1.015145147679805,0.00851189178613948,0.0032407407407407107,0.03599144978491214,0.5475561015945197,0.12861503279401332,0.10599976938851886,0.0,0.6516421337294079,0.6393125894576581,0.28744724092446294,0.32686682463925537,0.4091819732640633,calm,02,19,19,male,strong,2167
50,1.6683333333333334,True,1.0,0.5145832510658734,0.5171604799806693,0.5158718655232714,0.7501838430579877,-0.05462962962962964,-0.05787037037037035,0.43995393831829005,0.34606056326787726,0.15579275786524877,0.6876605918629408,0.002577228914795837,0.0032407407407407107,0.03513669723685321,0.3686626911178683,0.1282523172594142,0.10643834313082447,0.0,0.6811366008815315,0.6346360085284114,0.2874309573887112,0.3263763267735987,0.4187354368262034,calm,02,19,19,male,strong,2167
60,2.0020000000000002,True,1.0,0.4914809180559772,0.4845452762850713,0.48801309717052427,0.532171572926841,-0.051064814814814785,-0.05425925925925934,0.43606332033690587,0.2712619424254449,0.1562895457768709,0.9170221071496667,0.006935641770905887,0.0031944444444445552,0.05003077912378978,0.5176909558709492,0.12695841513884717,0.10797841727020631,0.0,0.6816130182063076,0.6341356328312575,0.2870226162271321,0.31937288725825214,0.4011013460284329,calm,02,19,19,male,strong,2167
70,2.3356666666666666,True,1.0,0.5359802174837706,0.5197408557399155,0.527860536611843,0.6195727292517634,-0.05472222222222223,-0.05717592592592591,0.450157394055982,0.3202690476124337,0.15429330384404605,0.8519750978215614,0.016239361743855096,0.00245370370370368,0.0391669593768618,0.4442043114661547,0.1304997390296043,0.10367061244304646,0.0,0.6609192111624586,0.6365989592946554,0.28415003197414,0.33184058311830833,0.42302769304602206,calm,02,19,19,male,strong,2167
80,2.6693333333333333,True,1.0,0.4796564990820048,0.5068494412821961,0.49325297018210046,0.5110459869120737,-0.05254629629629631,-0.05532407407407408,0.4266788249375372,0.255002576608412,0.1569488194698862,0.9651831397063009,0.027192942200191306,0.002777777777777768,0.04639659881570001,0.5227708669115914,0.12879864344948483,0.10577659106085939,0.0,0.679296732488427,0.6319418850743422,0.287379755038172,0.32161180374442633,0.4005969378741175,calm,02,19,19,male,strong,2167
90,3.003,True,1.0,0.570039585235027,0.5395248799489094,0.5547822325919682,0.5920405447690373,-0.0539351851851852,-0.05625000000000002,0.42920562605123763,0.2897756552368319,0.15224578402813085,0.9370679719383002,0.03051470528611755,0.002314814814814825,0.049265252096082145,0.4405088438299764,0.12770816214718883,0.10709063027094148,0.0,0.781517239375324,0.6395773875722164,0.2871141538364916,0.32242823944230486,0.4060010580867759,calm,02,19,19,male,strong,2167
100,3.336666666666667,True,1.0,0.5182960412362602,0.5030549975560988,0.5106755193961795,0.453709676591599,-0.052731481481481435,-0.054675925925925906,0.44063920008069424,0.2486567805566578,0.15292203007777092,1.1255557149067763,0.015241043680161326,0.0019444444444444708,0.046690145961839784,0.5800953230563911,0.12926937245157,0.10520079427893642,0.0,0.6543148908327042,0.6353082522618423,0.2849974310527595,0.3228021788718231,0.4024928941792716,calm,02,19,19,male,strong,2167
110,3.6703333333333332,True,1.0,0.30890600152974873,0.3139438196044573,0.311424910567103,0.3433534014983485,-0.05898148148148141,-0.060092592592592586,0.43838265917191904,0.21609398413308542,0.15644519058203735,0.9070098307111162,0.005037818074708544,0.0011111111111111738,0.05178253311876204,0.7753361110755471,0.1298229937920864,0.10451683143755407,0.0,0.7546581845448069,0.6337015231326906,0.28405316389947144,0.3216494672786218,0.40197632682038553,calm,02,19,19,male,strong,2167
0,0.0,True,1.0,0.5104401389876897,0.4723422081570942,0.4913911735723919,0.8080094538968715,-0.06300925925925926,-0.06180555555555556,0.3778882529988153,0.46914747191178957,0.1544060026364701,0.6081502774534486,0.03809793083059548,0.0012037037037037068,0.011613745706465972,0.3372179809133192,0.12968358989755022,0.10468975251802534,0.0,0.6878928625639272,0.6340284103250675,0.2825165533702205,0.3125952561223566,0.39014342041281985,calm,02,19,19,male,strong,2168
10,0.33366666666666667,True,1.0,0.5086996457672359,0.4952359920759548,0.5019678189215954,0.78841626210005,-0.05962962962962959,-0.060416666666666674,0.3747664302767349,0.4664796217425294,0.15026882242880793,0.6366786722340535,0.013463653691281108,0.000787037037037086,0.008986876360109973,0.34847292109446826,0.1301787893149852,0.10407334232951813,0.0,0.7026054331069047,0.630604042531075,0.28520955606642817,0.31087284092739315,0.384102789244866,calm,02,19,19,male,strong,2168
20,0.6673333333333333,True,1.0,0.5853032800466006,0.5643738977072316,0.5748385888769161,0.7057081064128782,-0.05805555555555553,-0.05722222222222223,0.38481372780157785,0.4554786847947135,0.1481660987434045,0.8145557400478602,0.02092938233936903,0.0008333333333332971,0.017041165748517675,0.3788258280106004,0.12989485698583003,0.10442750547490497,0.0,0.7246925109132607,0.6365842525838461,0.28384030993491477,0.312240860529182,0.3876840179399133,calm,02,19,19,male,strong,2168
30,1.0010000000000001,True,1.0,0.5314980723219235,0.5077343950495494,0.5196162336857364,0.624219451712696,-0.05569444444444449,-0.05624999999999997,0.39226785661544766,0.3870160600618713,0.148931627860974,0.8324255712635107,0.02376367727237405,0.0005555555555554759,0.01660625350768111,0.4405695887144285,0.12791933108368078,0.1068383007443897,0.0,0.6621343911555486,0.6423096669136404,0.28600644127449204,0.3115613441905629,0.3920399993170777,calm,02,19,19,male,strong,2168
40,1.3346666666666667,True,1.0,0.5621002038039387,0.5359418614411892,0.549021032622564,0.6838809907336804,-0.05583333333333329,-0.055416666666666725,0.38675098963645566,0.41783660560520325,0.14690686244270362,0.8028020080417265,0.026158342362749498,0.00041666666666656527,0.005455664458794896,0.3857775895140553,0.1288745646337144,0.105684078088518,0.0,0.6704548827063955,0.63968962079363,0.28539049238989456,0.31732030603973843,0.3991367447756746,calm,02,19,19,male,strong,2168
50,1.6683333333333334,True,1.0,0.5719683834063171,0.5500455946370116,0.5610069890216643,0.6205906407309355,-0.0553703703703704,-0.05685185185185182,0.40024780484560707,0.3711375400449714,0.14754575611548446,0.9039888006704497,0.021922788769305424,0.001481481481481417,0.010658203772335081,0.4319309693278704,0.12933503850172162,0.10512005320944987,0.0,0.7758295360810297,0.6391002212213012,0.284255401970635,0.31806550812568635,0.3930068567784606,calm,02,19,19,male,strong,2168
60,2.0020000000000002,True,1.0,0.5480378121888662,0.5353033620946929,0.5416705871417795,0.6479012025993318,-0.05407407407407405,-0.054814814814814816,0.4102662064361118,0.3719432829736907,0.14959959740839243,0.8360388666800387,0.012734450094173289,0.000740740740740764,0.0037987964011675633,0.4286862672439995,0.12902010411609527,0.10550635291264572,0.0,0.6928252740387075,0.6400899703944078,0.2842304410434775,0.31873201400400086,0.3974225412112864,calm,02,19,19,male,strong,2168
70,2.3356666666666666,True,1.0,0.5780170978537447,0.5725360098873877,0.5752765538705662,0.7657054741734338,-0.053333333333333344,-0.05361111111111111,0.40382316943058477,0.39500679223232693,0.15440600263647006,0.7513026526179241,0.0054810879663569345,0.0002777777777777657,0.0008674022498604032,0.35855101581195264,0.13071491165205268,0.10339917622024025,0.0,0.6569813646393663,0.6278020654668117,0.28410367936607583,0.3172154791987635,0.3915744939010981,calm,02,19,19,male,strong,2168
80,2.6693333333333333,True,1.0,0.5275795169597967,0.5010947793225855,0.5143371481411911,0.5924583590693543,-0.05726851851851855,-0.05430555555555555,0.4071436207902299,0.3022547579291833,0.1586842179194581,0.8681405878872609,0.026484737637211153,0.0029629629629630005,0.0035445037976997804,0.4596066817486126,0.13036641538409763,0.10383821796955071,0.0,0.6634396857569216,0.626837364953794,0.28520902233242457,0.3143770807435778,0.3884359868417439,calm,02,19,19,male,strong,2168
90,3.003,True,1.0,0.5574435945971559,0.5303673134951541,0.543905454046155,0.6634107169880242,-0.055833333333333346,-0.05361111111111122,0.4101401946509957,0.3497983780482309,0.15804539128408357,0.819862326788389,0.027076281102001776,0.0022222222222221255,0.003834548631354134,0.3992778217302082,0.12796321388984866,0.10678573716517423,0.0,0.6528604181034022,0.6308510021352292,0.28663107503004825,0.32033350171211905,0.39395188516338286,calm,02,19,19,male,strong,2168
100,3.336666666666667,True,1.0,0.5189718066400298,0.4999292037947729,0.5094505052174014,0.632358223696761,-0.05388888888888882,-0.053101851851851845,0.44102282818418775,0.2939911039993714,0.15678083656139427,0.8056359293299895,0.01904260284525694,0.000787037037036975,0.004196004784084837,0.43562590511697874,0.12972601957237717,0.10463717129648542,0.0,0.7713488466139969,0.6316797958167641,0.2824086982671907,0.32282321951079196,0.4006579510420497,calm,02,19,19,male,strong,2168
110,3.6703333333333332,True,1.0,0.45941545436620806,0.46500795345310764,0.4622117039096578,0.5748805589609528,-0.05254629629629631,-0.052175925925926014,0.4680954853531752,0.25608315808260634,0.15391897899671003,0.8040134541078685,0.005592499086899572,0.00037037037037029874,0.004196004784084837,0.4810255594487419,0.13022273108068846,0.10401835453867633,0.0,0.8487093581626151,0.6339899923875801,0.2833362623201941,0.3259732658041473,0.4095041732145869,calm,02,19,19,male,strong,2168
120,4.0040000000000004,True,1.0,0.4808142049703363,0.4369826131901707,0.4588984090802535,0.468290415165402,-0.0532407407407407,-0.050138888888888844,0.459229556779138,0.22350224360166918,0.1561214990504512,0.9799440565491155,0.0438315917801656,0.0031018518518518556,0.001527124180205553,0.5885071923031716,0.12836989088264103,0.10629651398626742,0.0,0.8563735775366836,0.6300679555650385,0.28422938005210546,0.32072188727884826,0.3998085804607428,calm,02,19,19,male,strong,2168
130,4.337666666666666,True,1.0,0.4447568346583426,0.4301759348537145,0.43746638475602856,0.3193993129408477,-0.051203703703703696,-0.04958333333333326,0.4613730351404745,0.19692829638667095,0.15467259327725483,1.369653493390722,0.014580899804628067,0.0016203703703704386,0.0020229007383557912,0.8442597875030762,0.13008014294688602,0.10419661310210727,0.0,0.8671195526653637,0.6287370388936825,0.2837910976542043,0.326820547064994,0.395928675154129,calm,02,19,19,male,strong,2168
0,0.0,True,1.0,0.542552779994324,0.5602730531612746,0.5514129165777993,0.6900994697190468,-0.05152777777777773,-0.05712962962962964,0.4048955293927048,0.3692307692307689,0.15420674670795612,0.7990339665125239,0.017720273166950573,0.005601851851851913,0.03549847301575086,0.39594987987121194,0.12887188015603315,0.10568735154275528,0.0,0.678625475634349,0.6357923248283689,0.28597452023506437,0.3084354093322512,0.3900161505816249,calm,02,19,19,male,strong,2169
10,0.33366666666666667,True,1.0,0.46217080322194104,0.47187545077429094,0.467023126998116,0.6248745501876067,-0.05726851851851855,-0.061620370370370436,0.4132406954330091,0.3477560369080685,0.15077998189393507,0.7473870184949941,0.009704647552349899,0.0043518518518518845,0.04372883847331534,0.426048579600957,0.128646115729154,0.10596204357519448,0.0,0.7348831239005322,0.6342659725921619,0.2864515805508161,0.3070011887913639,0.3853790351452289,calm,02,19,19,male,strong,2169
20,0.6673333333333333,True,1.0,0.5132969649361311,0.5009132894855169,0.507105127210824,0.5930746105402301,-0.053379629629629666,-0.057592592592592584,0.40589720938374857,0.3257461906957437,0.15219616471241446,0.8550444045293109,0.01238367545061414,0.004212962962962918,0.05199271197750663,0.4577100441789893,0.12974033475223315,0.10461942128212853,0.0,0.7237420740479175,0.6360873226165465,0.28499428484482353,0.30792619470028504,0.38314298235032324,calm,02,19,19,male,strong,2169
30,1.0010000000000001,True,1.0,0.5426776412642524,0.5506322175611282,0.5466549294126903,0.618186135829974,-0.050787037037037075,-0.05722222222222223,0.40033810116342605,0.35180996263202285,0.15560459393366255,0.8842885625035151,0.007954576296875793,0.006435185185185155,0.04711443649416232,0.44332200810013006,0.12824749750544245,0.10644415039987921,0.0,0.7731437036926152,0.6355090024056498,0.2852195194153784,0.30469910178527015,0.3846935149146196,calm,02,19,19,male,strong,2169
40,1.3346666666666667,True,1.0,0.5743929050684007,0.5795479242716755,0.5769704146700381,0.5605581850685792,-0.04972222222222217,-0.05481481481481487,0.4085676863496919,0.3101650134892637,0.15281822208708182,1.029278369380069,0.005155019203274769,0.005092592592592704,0.03694219345205145,0.4882206255033573,0.12893891227770252,0.10560556174517921,0.0,0.6934073700529532,0.6386453446691177,0.2850942726197893,0.30559168388771457,0.3822524767284245,calm,02,19,19,male,strong,2169
50,1.6683333333333334,True,1.0,0.5486695756033656,0.5609976929133317,0.5548336342583486,0.6224043712805875,-0.0509722222222222,-0.055138888888888904,0.4152217388444256,0.3226998395888034,0.15280973466280226,0.8914359536337878,0.01232811730996608,0.004166666666666707,0.0328982121786775,0.43206247077281806,0.13054044851149343,0.10361934700405813,0.0,0.6561928216480178,0.6377258169830432,0.2840726680809962,0.3130127084621408,0.3876596137651608,calm,02,19,19,male,strong,2169
60,2.0020000000000002,True,1.0,0.5715397782489029,0.5757481849244135,0.5736439815866582,0.6556366012751227,-0.052222222222222225,-0.05509259259259258,0.40348824215953744,0.3337029800626614,0.1541790381614074,0.8749419731464043,0.00420840667551059,0.0028703703703703565,0.03538639729741196,0.4099335681070361,0.12905916551066093,0.10545856801946227,0.0,0.6856552134823772,0.6369673934651987,0.2845575665072715,0.3061267356087145,0.38487347068392314,calm,02,19,19,male,strong,2169
70,2.3356666666666666,True,1.0,0.5662398791128693,0.570429698545654,0.5683347888292616,0.5457051563317492,-0.05421296296296291,-0.05652777777777779,0.4108375362823946,0.27856797618117307,0.15490101146767418,1.0414686066916239,0.004189819432784625,0.0023148148148148806,0.0418035417642703,0.49491930833570374,0.12883547469073195,0.10573172765153678,0.0,0.6369663251290844,0.6369068350934123,0.28615015660938037,0.30703294123909547,0.38758169278417026,calm,02,19,19,male,strong,2169
80,2.6693333333333333,True,1.0,0.5486695756033656,0.546636499500099,0.5476530375517323,0.5994359597504991,-0.05319444444444443,-0.05629629629629629,0.4126025157047395,0.2931188396620579,0.15557958629215513,0.9136139209594296,0.00203307610326664,0.0031018518518518556,0.03923769856765458,0.4656171014962876,0.1288855519849701,0.10567067833849701,0.0,0.6476580844571778,0.638232040683461,0.2860236503364806,0.3196437948157769,0.3943742616682519,calm,02,19,19,male,strong,2169
90,3.003,True,1.0,0.5363202885748232,0.5135713636413495,0.5249458261080864,0.5928988435609618,-0.05115740740740743,-0.0532407407407407,0.46829617169532234,0.24761597882770942,0.15419091386249625,0.8853885140933176,0.02274892493347369,0.0020833333333332704,0.04367578100600031,0.47853227857981145,0.1275791962957008,0.10724423734283181,0.0,0.6936845163339509,0.6395154380892983,0.2859576389370079,0.32259992706116386,0.4119302722419455,calm,02,19,19,male,strong,2169
100,3.336666666666667,True,1.0,0.5000512861128462,0.5083233696710964,0.5041873278919713,0.5319634154580015,-0.04851851851851846,-0.05254629629629626,0.4841210785652533,0.20308919370120412,0.1569449305644051,0.9477857184180307,0.008272083558250154,0.004027777777777797,0.036481792116760225,0.5375961021714518,0.12749018533907788,0.10735003685588276,0.0,0.6943018272326026,0.6359936724689875,0.2872484206596225,0.32015294128140187,0.40687771378421567,calm,02,19,19,male,strong,2169
110,3.6703333333333332,True,1.0,0.2467646069347142,0.2743460331338954,0.2605553200343048,0.5258978645667491,-0.05703703703703705,-0.06055555555555553,0.4860290023704019,0.19047745248668538,0.16181309963934312,0.49544852259280103,0.02758142619918119,0.0035185185185184764,0.0383556718272659,0.5484283369896741,0.129303088785455,0.10515935051876452,0.0,0.7640307247819315,0.6361847454528687,0.2849431363536039,0.32233891006233056,0.40439388159040635,calm,02,19,19,male,strong,2169
120,4.0040000000000004,True,1.0,0.25947199198907117,0.28002634526555426,0.2697491686273127,0.5330347030096511,-0.055138888888888904,-0.058564814814814736,0.45977403957319624,0.2116246631567472,0.15973941728849347,0.5060630520006286,0.020554353276483084,0.0034259259259258323,0.041064738152218186,0.5631277141754978,0.1278724660649512,0.10689438803518513,0.0,0.686806486292269,0.6358868772743472,0.2862658537941059,0.31807475385249934,0.4007679624881742,calm,02,19,19,male,strong,2169
0,0.0,True,1.0,0.5037732604349371,0.4707591558566461,0.4872662081457916,0.5548033956226336,-0.04703703703703699,-0.053101851851851845,0.4502525388964868,0.2044509002307209,0.1729184315296481,0.8782682514027375,0.03301410457829096,0.006064814814814856,0.04583180419681507,0.5290923796050511,0.13078120248474548,0.10331531758544044,0.0,0.8069561328421201,0.6283414924329106,0.2813602849044253,0.3137507010218637,0.39286023571297135,happy,03,19,19,male,normal,2170
10,0.33366666666666667,True,1.0,0.5300985241691256,0.5166210142722447,0.5233597692206852,0.49782868442554357,-0.05171296296296296,-0.057499999999999996,0.44108276666384866,0.18049840220642635,0.1792756451513826,1.0512848809115982,0.013477509896880902,0.005787037037037035,0.03444470066557333,0.5770977480084118,0.12646466230991615,0.10855628474426181,0.0,0.6847034442386754,0.6262231684392507,0.2824383537829692,0.3036442266107234,0.3766181132154472,happy,03,19,19,male,normal,2170
20,0.6673333333333333,True,1.0,0.5150515910463664,0.5177606752057696,0.5164061331260681,0.5260006257026585,-0.05097222222222225,-0.056203703703703645,0.45076606163973,0.21879166839686737,0.1702267568242672,0.9817595415142832,0.0027090841594031856,0.005231481481481393,0.037913548250861275,0.5445317442566622,0.1267340614222018,0.10824165300875409,0.0,0.7071067807446058,0.6247756357308548,0.2800723888701824,0.30551398579825817,0.37541531811498063,happy,03,19,19,male,normal,2170
30,1.0010000000000001,True,1.0,0.24527079659784262,0.25897453624138805,0.25212266641961534,0.6197251673832803,-0.058657407407407436,-0.06379629629629624,0.44705384748972093,0.23862350360052093,0.1619582547609244,0.4068298008360301,0.013703739643545432,0.005138888888888804,0.03762223862309966,0.4648841313327529,0.12677099405829625,0.10819839571881687,0.0,0.6685981668022529,0.6242742970547595,0.28068508885773497,0.30660868108196826,0.38983681903657685,happy,03,19,19,male,normal,2170
40,1.3346666666666667,True,1.0,0.48558016650990193,0.4747875934694694,0.4801838799896857,0.5515335303993334,-0.046064814814814836,-0.05245370370370367,0.45173136294750654,0.23721049923996246,0.15923920800074293,0.8706340657874644,0.010792573040432518,0.006388888888888833,0.04546817313578087,0.5299875458826637,0.12821425399642664,0.10648419057868667,0.0,0.6987089234170357,0.6240240537152362,0.2823466986065035,0.3094018054072609,0.3844393916113681,happy,03,19,19,male,normal,2170
50,1.6683333333333334,True,1.0,0.2921833737165571,0.2995427565564253,0.2958630651364912,0.5940430627507138,-0.05074074074074081,-0.055833333333333346,0.41788235047500183,0.18581348017455887,0.17180554700306774,0.49804986151424535,0.0073593828398682,0.0050925925925925375,0.043278562858243455,0.4765230695442359,0.12579031591450754,0.10933697541395752,0.0,0.841417443310312,0.6276066116446578,0.28380227517910633,0.3107220570774432,0.3844305021240523,happy,03,19,19,male,normal,2170
60,2.0020000000000002,True,1.0,0.2833195499828905,0.27182251143252834,0.2775710307077094,0.5310616551953476,-0.056296296296296344,-0.0589351851851852,0.47666698819170833,0.13248665642477575,0.17096235163967657,0.5226719496545211,0.01149703855036216,0.0026388888888888573,0.043259860387649285,0.5457267684344297,0.12691299150233787,0.1080318025335131,0.0,0.6682934937029544,0.6290157258059473,0.2817614790606654,0.31477636884297827,0.3966934574092815,happy,03,19,19,male,normal,2170
70,2.3356666666666666,True,1.0,0.4413554734779447,0.4235191972256015,0.4324373353517731,0.6052157332533091,-0.04435185185185181,-0.04898148148148157,0.4208183596768679,0.17408310529644183,0.17386405185153883,0.7145176696369512,0.017836276252343186,0.004629629629629761,0.04193007579744652,0.4630648386775537,0.12818466233007367,0.10651981089970149,0.0,0.7863671638385715,0.6250487894220188,0.2832778570928777,0.31277229145776825,0.3831244375033403,happy,03,19,19,male,normal,2170
80,2.6693333333333333,True,1.0,0.24311294365207087,0.23777107254189497,0.2404420080969829,0.5925592126921334,-0.055092592592592526,-0.06013888888888891,0.48121458046595156,0.1274910646138088,0.17871828314399807,0.40576874504169685,0.005341871110175894,0.005046296296296382,0.0286497802609741,0.49498819040946057,0.1260540724840454,0.10903278672352787,0.0,0.8881989088631429,0.6172044673259929,0.28112871189382677,0.3211385077250617,0.40783713555932705,happy,03,19,19,male,normal,2170
90,3.003,True,1.0,0.4154231722604797,0.38188996295292804,0.39865656760670387,0.5743790380698556,-0.04379629629629633,-0.04675925925925917,0.480570797159326,0.08707278677834057,0.18620332423026978,0.6940653143372888,0.03353320930755166,0.002962962962962834,0.0350192897055984,0.5066475050608233,0.12688998305473212,0.10805882643785684,0.0,0.8246316659206482,0.6240816689019357,0.2796761822526633,0.3185023082227371,0.4086507697353187,happy,03,19,19,male,normal,2170
100,3.336666666666667,True,1.0,0.3931172376077455,0.3861519778400416,0.3896346077238936,0.5963456300481887,-0.04263888888888889,-0.04532407407407396,0.4831684236846823,0.09756266372382812,0.18680718920315206,0.6533704417225434,0.006965259767703846,0.0026851851851850683,0.022442533849211077,0.4988108666494026,0.1262469852452284,0.10880935845365326,0.0,0.699750747156366,0.6222078004873826,0.2820629563297744,0.3179016573808641,0.4103612058923606,happy,03,19,19,male,normal,2170
0,0.0,True,1.0,0.4973655852787932,0.4752729501347206,0.48631926770675693,0.7046367238379896,-0.06620370370370382,-0.07097222222222221,0.4635723347422723,0.13138800936265477,0.22569478248505664,0.6901701987059246,0.022092635144072614,0.004768518518518394,0.017342733116660673,0.41545590491464574,0.12260234999847545,0.11290013970394497,0.0,0.8309883607824139,0.642102183232668,0.30704805402981705,0.3327665681999177,0.45242005300046606,happy,03,19,19,male,normal,2171
10,0.33366666666666667,True,1.0,0.5119049457993784,0.4982153083142694,0.5050601270568239,0.7379095465666387,-0.06587962962962962,-0.06930555555555556,0.4561513006040716,0.12822561913228112,0.22293343644329894,0.6844472054966336,0.013689637485108985,0.0034259259259259434,0.012631831945355394,0.38162027493780776,0.12103487816906792,0.1145789511066404,0.0,0.7868411902434852,0.6438545908050721,0.30796509166505814,0.3267567306514763,0.4510983580933591,happy,03,19,19,male,normal,2171
20,0.6673333333333333,True,1.0,0.2965193342948037,0.30047223438079934,0.29849578433780155,0.791977886267364,-0.08041666666666658,-0.08439814814814822,0.4365427765023449,0.1782725914672334,0.22300426627707776,0.3768991401320924,0.0039529000859956365,0.003981481481481641,0.025058360671976896,0.3813975489283142,0.12219147064071145,0.11334470553545471,0.0,0.8492088737043372,0.6095723409441903,0.2846707820969927,0.35167002140301357,0.4290927466191224,happy,03,19,19,male,normal,2171
30,1.0010000000000001,True,1.0,0.23602007154300242,0.26423404652614896,0.25012705903457566,0.6557249756676247,-0.06759259259259248,-0.07666666666666672,0.45012002759607,0.1309380107073819,0.2192530488136083,0.3814511697986026,0.02821397498314654,0.009074074074074234,0.016443571305072638,0.4460472593410808,0.12571079419550507,0.1094283966503393,0.0,0.6937753291411479,0.6071896717046195,0.2874993488675036,0.3429558020441736,0.42263259003952963,happy,03,19,19,male,normal,2171
40,1.3346666666666667,True,1.0,0.25014741379029704,0.25788785446369217,0.25401763412699463,0.5610053303313506,-0.07217592592592592,-0.08018518518518508,0.45160394897232675,0.09689320910649467,0.2112704250346781,0.4527900545560991,0.0077404406733951325,0.00800925925925916,0.02736174126597213,0.5202477383309094,0.12326948285554243,0.11217135270086204,0.0,0.8131329052642752,0.60649072583721,0.281991152461101,0.32506919957315056,0.40246731721621093,happy,03,19,19,male,normal,2171
50,1.6683333333333334,True,1.0,0.3352045066273617,0.32315745206296265,0.32918097934516216,0.6424437782700673,-0.06287037037037041,-0.06745370370370374,0.4482323066046784,0.08685874571492114,0.21416835829873065,0.5123887731181089,0.012047054564399029,0.004583333333333328,0.037937222663743636,0.4303921644371028,0.12453625332309719,0.11076325825283533,0.0,0.6972863820166336,0.6110715006783964,0.2865593466770532,0.3393370715124601,0.41054957813841,happy,03,19,19,male,normal,2171
60,2.0020000000000002,True,1.0,0.35746610535502477,0.34631308059939675,0.3518895929772108,0.5931693598720803,-0.05870370370370376,-0.06199074074074079,0.48848371981309735,0.0836654598429294,0.20986703977212826,0.5932362943579846,0.011153024755628016,0.0032870370370370328,0.0478931412250793,0.4672885728373839,0.12193153428365114,0.11362428753299705,0.0,0.6832713321746121,0.611495711198542,0.2827303927510483,0.3135886750250231,0.4062831056661036,happy,03,19,19,male,normal,2171
70,2.3356666666666666,True,1.0,0.39475229881590934,0.3828538387415177,0.3888030687787135,0.5695753445823013,-0.056851851851851876,-0.05837962962962967,0.4474596004729974,0.05461052383870957,0.214376653608524,0.6826192047758716,0.011898460074391659,0.0015277777777777946,0.026790848042597577,0.4988391319650624,0.1236055174436847,0.11180095629239721,0.0,0.6916740711178483,0.5989749381940277,0.28394407882689465,0.3185148574419315,0.3933493058274397,happy,03,19,19,male,normal,2171
80,2.6693333333333333,True,1.0,0.39644218021074756,0.4110631639637088,0.4037526720872282,0.6407635969476976,-0.052592592592592524,-0.05754629629629626,0.48521786521034943,0.08993732919320528,0.2084270622490702,0.6301117510584556,0.014620983752961225,0.004953703703703738,0.02966993275673599,0.44550120568458706,0.12591938569171582,0.10918830559017066,0.0,0.6882130681617609,0.5997134650735294,0.28430944797238294,0.33386535220457525,0.41144878650846284,happy,03,19,19,male,normal,2171
90,3.003,True,1.0,0.393834261610772,0.3877438647556374,0.3907890631832047,0.6497640441046041,-0.05111111111111111,-0.054398148148148084,0.48730048107984936,0.08488971500919681,0.20352620930066817,0.6014322687272189,0.006090396855134628,0.0032870370370369772,0.022451449417665068,0.4561005205588768,0.12705120013922572,0.10786922783567295,0.0,0.7717781165248063,0.6013782390925121,0.2827472142805061,0.3336113065717955,0.4097298148716542,happy,03,19,19,male,normal,2171
100,3.336666666666667,True,1.0,0.38059793307621387,0.3942521114330949,0.38742502225465436,0.6397865003525107,-0.04893518518518508,-0.053240740740740755,0.48756037293155857,0.07490268971399797,0.20423989572152718,0.6055536058375571,0.013654178356881042,0.0043055555555556735,0.020018629096403746,0.44591318610529557,0.12667833415847413,0.10830686693544894,0.0,0.695536703117491,0.6074963790281738,0.2820248520367201,0.33600920858756617,0.4129265233223643,happy,03,19,19,male,normal,2171
0,0.0,True,1.0,0.4296084343719667,0.4211427410831354,0.425375587727551,0.6767012389294127,-0.0398148148148148,-0.04467592592592601,0.4474294181555917,0.1551436652742788,0.18264557246431654,0.628601756959281,0.008465693288831344,0.004861111111111205,0.032683463019191034,0.437869066468599,0.12766804788042083,0.1071384493129039,0.0,0.7175869221637288,0.6263092349674245,0.2821623760581021,0.31811644004659434,0.4063870984467562,happy,03,19,19,male,normal,2172
10,0.33366666666666667,True,1.0,0.46026660476085235,0.4234526217017399,0.44185961323129613,0.6649325653115564,-0.04342592592592592,-0.04666666666666669,0.44634160479331203,0.16043841848268697,0.18125378834941805,0.6645179320165516,0.03681398305911243,0.0032407407407407662,0.041675525969559736,0.44493645672047855,0.1285114726040914,0.10612529943427995,0.0,0.6821155125953453,0.618377661603704,0.2822576898865787,0.31720294284642414,0.4041270217536812,happy,03,19,19,male,normal,2172
20,0.6673333333333333,True,1.0,0.4811539258640741,0.44600790323008405,0.46358091454707906,0.5614259043437639,-0.04449074074074072,-0.0463425925925926,0.45084691898893703,0.12631974180241265,0.1784790618285188,0.8257205642994807,0.035146022633990026,0.0018518518518518823,0.04267446638755787,0.5156107366072542,0.1291454099631138,0.10535293473063792,0.0,0.7418049894419669,0.6228631875093787,0.28135409873286366,0.31696344378507146,0.40173751464032675,happy,03,19,19,male,normal,2172
30,1.0010000000000001,True,1.0,0.2857339731062886,0.25551378514247214,0.27062387912438035,0.6553392810308961,-0.05143518518518514,-0.05472222222222228,0.44635580544520986,0.14978043096493981,0.1777777777777777,0.4129523240216417,0.03022018796381648,0.0032870370370371438,0.0404675372362281,0.46487991170919374,0.12506714565096833,0.11016345514321405,0.0,0.8472849147022998,0.624018147626238,0.28163100968092974,0.3096294334732871,0.40275637910890905,happy,03,19,19,male,normal,2172
40,1.3346666666666667,True,1.0,0.3711672245295583,0.3686007055013476,0.36988396501545295,0.5416451518169937,-0.043240740740740746,-0.04606481481481478,0.4453862281786679,0.09925069432112911,0.18403814194642587,0.6828898288383943,0.002566519028210701,0.0028240740740740344,0.03873542486593726,0.5365586422701568,0.12791509028010525,0.10684337812596278,0.0,0.7109348537440491,0.6188510189857193,0.2820664877690403,0.3141749953179907,0.3996214005279332,happy,03,19,19,male,normal,2172
50,1.6683333333333334,True,1.0,0.40000465764060983,0.3819739002315368,0.3909892789360733,0.49075777082210476,-0.04296296296296298,-0.04578703703703696,0.42313948498468584,0.08735373669606504,0.1848031563834302,0.7967052223770154,0.018030757409073006,0.002824074074073979,0.0424876856556798,0.5600585385088385,0.12531015438299412,0.10988695545352922,0.0,0.681601370169448,0.6169996084996499,0.28472957841914137,0.30672951108310725,0.39856796404464273,happy,03,19,19,male,normal,2172
60,2.0020000000000002,True,1.0,0.38451064157524706,0.3841691234073314,0.38433988249128925,0.49994699117151936,-0.04305555555555557,-0.04685185185185181,0.42518887156400437,0.08113718346631356,0.1834036489948516,0.768761267250895,0.00034151816791566647,0.003796296296296242,0.043195868912912654,0.5683918823114431,0.1258788944048318,0.10923498392859605,0.0,0.8511930428111039,0.6040337091008279,0.2899483192966534,0.31284608656543816,0.3923114202152659,happy,03,19,19,male,normal,2172
70,2.3356666666666666,True,1.0,0.3790642258164788,0.4044418414612672,0.39175303363887304,0.5651281072346617,-0.0430092592592593,-0.04726851851851854,0.47282959343449893,0.08883494171373445,0.1812605229973301,0.6932110235249774,0.02537761564478841,0.00425925925925924,0.03116574824410581,0.5078128204234403,0.12754213915574633,0.10728830556133423,0.0,0.7459106931703935,0.6068509077302796,0.2858868947000827,0.31801545429931144,0.4076994512190123,happy,03,19,19,male,normal,2172
80,2.6693333333333333,True,1.0,0.37074577985495755,0.35963001820902996,0.3651878990319938,0.531040592371651,-0.0412499999999999,-0.04449074074074072,0.48598946568527207,0.07138190118274072,0.18268065722355614,0.6876835862980799,0.011115761645927591,0.0032407407407408217,0.03618860405002619,0.5591821187820961,0.12601935444800919,0.10907291173793168,0.0,0.8249580687628779,0.6191834860663016,0.2830587750721033,0.3186482095959417,0.4088945907245177,happy,03,19,19,male,normal,2172
90,3.003,True,1.0,0.34389880295369446,0.33757198485838363,0.340735393906039,0.5296884266758094,-0.04018518518518516,-0.043101851851851836,0.4858326648149804,0.05085724609615967,0.18683169220295504,0.6432751344869061,0.006326818095310827,0.0029166666666666785,0.030378289995359596,0.5485441509021175,0.12638665334131402,0.10864709672973173,0.0,0.7765345542225389,0.6150066819071379,0.28196915176647397,0.32344690555651373,0.41199956483917927,happy,03,19,19,male,normal,2172
0,0.0,True,1.0,0.4866556084042794,0.443434222844265,0.4650449156242722,0.6497233163695939,-0.04537037037037023,-0.05055555555555563,0.4269025766499735,0.06365495522814903,0.2111548350602788,0.7157583911606649,0.043221385560014425,0.005185185185185404,0.03885947934187149,0.4399653831301333,0.12425320318883128,0.11108068809474175,0.0,0.8655428280273304,0.5951303455600991,0.2890014672564888,0.3085255516334502,0.3967976333066761,happy,03,19,19,male,normal,2173
10,0.33366666666666667,True,1.0,0.5260674929255041,0.5157721034188348,0.5209197981721695,0.6330850424402726,-0.04814814814814811,-0.0523148148148147,0.42342833064864005,0.08785225055307622,0.20486111111111116,0.8228275243468808,0.010295389506669306,0.004166666666666596,0.02247458691783647,0.44334183467097726,0.1247689193305163,0.1105011065070965,0.0,0.8693911650794259,0.5931048661886631,0.2889144535179735,0.3115534646631067,0.39769055309773477,happy,03,19,19,male,normal,2173
20,0.6673333333333333,True,1.0,0.4813811175874433,0.4487973497699735,0.46508923367870836,0.5556421075413677,-0.04814814814814816,-0.05296296296296299,0.4426787402746824,0.04438121159112458,0.20347259718188104,0.8370302166922841,0.0325837678174698,0.004814814814814827,0.0422625441400367,0.49762490289567624,0.12553513257048718,0.1096298693825959,0.0,0.9143729223388084,0.5971408178114997,0.28745131754770586,0.31582629590320016,0.4019210632583488,happy,03,19,19,male,normal,2173
30,1.0010000000000001,True,1.0,0.3109232307771567,0.30810654310090263,0.3095148869390297,0.5544162147112416,-0.05907407407407406,-0.0637037037037037,0.45911284136589836,0.03191839323660882,0.201392298410135,0.5582717076560167,0.0028166876762540927,0.00462962962962965,0.034943821797998924,0.520247738330909,0.12186840632082453,0.11369199316951409,0.0,0.7974914424420534,0.5930844504598716,0.28711080796208327,0.30259019987006697,0.39362002690904235,happy,03,19,19,male,normal,2173
40,1.3346666666666667,True,1.0,0.3354138561725629,0.33020662773409826,0.3328102419533306,0.548789183355898,-0.05157407407407405,-0.054675925925925906,0.43779654747890334,0.027969976359436256,0.20209277153915406,0.606444609418437,0.005207228438464662,0.0031018518518518556,0.03152823015320202,0.5224413553097628,0.12452635143019088,0.11077439040548681,0.0,0.6926193723136023,0.5748132485494198,0.296105073589412,0.3094528107748,0.3856798502505272,happy,03,19,19,male,normal,2173
50,1.6683333333333334,True,1.0,0.24007573896235931,0.21435559805416668,0.227215668508263,0.5257581804412771,-0.05874999999999997,-0.061203703703703705,0.4117400563580471,0.09531241819273,0.1979478885049929,0.43216763325975704,0.025720140908192635,0.0024537037037037357,0.054219800371436526,0.5347537594148363,0.1270732972022245,0.10784319593195447,0.0,0.8261657958115312,0.6284879298125501,0.2802716220440808,0.3144124342633292,0.3961638628540183,happy,03,19,19,male,normal,2173
60,2.0020000000000002,True,1.0,0.4742205132147466,0.4628487949289115,0.46853465407182904,0.5156086106629627,-0.04972222222222222,-0.05189814814814819,0.44021425317939455,0.03915796690321163,0.19722841160573593,0.9087021519469843,0.011371718285835108,0.00217592592592597,0.03941663281041491,0.547889921518333,0.12289018577923838,0.1124174188536783,0.0,0.823571260354321,0.6233270297259529,0.28283031543724846,0.3055668889024231,0.39328774836716535,happy,03,19,19,male,normal,2173
70,2.3356666666666666,True,1.0,0.4371839671347883,0.4233692510873632,0.43027660911107574,0.5745934123081767,-0.048055555555555574,-0.049814814814814756,0.4710307620163475,0.0730346428460754,0.1965467991215126,0.748836655440633,0.013814716047425124,0.0017592592592591827,0.0354219639831286,0.508650733917542,0.12641704474741736,0.10861173310435365,0.0,0.861359685988775,0.6172152080754176,0.2821858232733603,0.31530786819984746,0.40376159904316616,happy,03,19,19,male,normal,2173
80,2.6693333333333333,True,1.0,0.41548719169870707,0.405132650794303,0.410309921246505,0.5693778822670883,-0.04583333333333328,-0.04898148148148146,0.4912003278876841,0.059829727569861095,0.1937535439444029,0.7206284859762669,0.010354540904404075,0.0031481481481481777,0.03211109640480104,0.4975149709657331,0.12798157608093788,0.10676372958363164,0.0,0.8187083462933253,0.6212920180259605,0.28209353923226554,0.32364930503869377,0.41055707621936227,happy,03,19,19,male,normal,2173
90,3.003,True,1.0,0.4020670817227547,0.3942521114330951,0.3981595965779249,0.5213679396647559,-0.044351851851851865,-0.04777777777777781,0.49863735827523403,0.014734964129267858,0.19722222222222224,0.7636825479409894,0.007814970289659606,0.0034259259259259434,0.040117632688373844,0.5277921789351737,0.12671020726392507,0.10826957627049298,0.0,0.6911010488597142,0.6215724165134804,0.28198487451046,0.324627690530841,0.41240261926931854,happy,03,19,19,male,normal,2173
0,0.0,True,1.0,0.42357793776985025,0.43416144695659864,0.4288696923632245,0.7725071055227675,-0.044999999999999984,-0.049259259259259225,0.47611765166644165,0.240041154250329,0.1650028224807842,0.5551660163345704,0.010583509186748385,0.00425925925925924,0.0007927094259923512,0.3762702462650351,0.1312024803215974,0.10277979825228553,0.0,0.6941314800866852,0.6140222801855116,0.28417233679951137,0.32957405195818174,0.40690421282024486,happy,03,19,19,male,strong,2174
10,0.33366666666666667,True,1.0,0.4080059352547032,0.40420775567345957,0.4061068454640814,1.0389642809096136,-0.046250000000000124,-0.0471759259259259,0.44208412669312713,0.3629129977828676,0.16544433521784935,0.39087661907735144,0.0037981795812436214,0.0009259259259257746,0.010776414577273373,0.29335715234159887,0.12378300025242786,0.11160442024847186,0.0,0.8627315432204307,0.6236449973817653,0.2873054443449606,0.3001126223089138,0.40031915348725283,happy,03,19,19,male,strong,2174
20,0.6673333333333333,True,1.0,0.42125151592644106,0.39859865070632267,0.4099250833163819,1.1538838648644434,-0.04499999999999993,-0.048101851851851896,0.4207612122834194,0.43547073383157303,0.16391867961350395,0.3552567947247787,0.02265286522011839,0.0031018518518519667,0.024746382341386937,0.27272840571007406,0.12812742548172543,0.10658865141402016,0.0,0.6526449468488283,0.6349470171115322,0.28214439584586354,0.31297461502788365,0.41241330948325794,happy,03,19,19,male,strong,2174
30,1.0010000000000001,True,1.0,0.24936817320554264,0.2608055324491692,0.25508685282735594,0.7645411702760218,-0.08476851851851858,-0.08736111111111111,0.45896099735822976,0.4136722427094555,0.17247719980380158,0.3336469803650497,0.011437359243626571,0.0025925925925925353,0.027073612652553432,0.3691386791717778,0.119579299019759,0.11609723948577769,0.0,0.6872547016771203,0.6293133163343463,0.2896372755659869,0.3001707712100874,0.40095682461905263,happy,03,19,19,male,strong,2174
40,1.3346666666666667,True,1.0,0.656254979734949,0.7042073039773817,0.6802311418561653,0.6949546749663317,-0.07300925925925922,-0.07671296296296293,0.41848064726217776,0.36996059875141873,0.1735571150840584,0.9788136785886364,0.04795232424243279,0.003703703703703709,0.015570926345663297,0.3768578280510701,0.12499574431386992,0.1102444632355207,0.0,0.7517356976752767,0.6214675274484794,0.29081882660948005,0.3448660625564431,0.4221675651502634,happy,03,19,19,male,strong,2174
50,1.6683333333333334,True,1.0,0.400638239196593,0.37664783427495285,0.38864303673577294,1.1684532532203769,-0.05430555555555555,-0.058287037037036915,0.43673532481016175,0.4407055813324589,0.15973941728849342,0.3326132523185099,0.023990404921640174,0.003981481481481364,0.024252476010335335,0.2673958209181492,0.12660973852671017,0.10838704664758375,0.0,0.6598761861871377,0.6334617967499501,0.2895034438188593,0.30796549905368775,0.4028770855176391,happy,03,19,19,male,strong,2174
60,2.0020000000000002,True,1.0,0.4414733854153781,0.47235591695615947,0.4569146511857688,0.6873059777071179,-0.04865740740740737,-0.05069444444444443,0.4170414548390679,0.27711817618494206,0.1626520472559829,0.6647907424143983,0.030882531540781355,0.0020370370370370594,0.022892515214232467,0.4174768843972683,0.1257407066668524,0.10939402386601815,0.0,0.752611227442984,0.6248235374071505,0.28496565691487413,0.29256030150462164,0.37883712410243287,happy,03,19,19,male,strong,2174
70,2.3356666666666666,True,1.0,0.42013254318413096,0.45045840546208943,0.4352954743231102,0.7506701219762403,-0.0496759259259259,-0.051157407407407374,0.39307400042653645,0.32506190733248963,0.16389075096782327,0.5798758490309115,0.03032586227795847,0.0014814814814814725,0.025533732015255484,0.3780529236847253,0.1258947186405388,0.10921674591797757,0.0,0.6943417958870302,0.6259107858534039,0.2834667359243809,0.299325542881744,0.3833002844025527,happy,03,19,19,male,strong,2174
80,2.6693333333333333,True,1.0,0.4740124875368245,0.46446549529787823,0.46923899141735137,0.8751835956128725,-0.04800925925925925,-0.04837962962962955,0.384522333033656,0.32171464996080423,0.17501569405074072,0.5361606339167649,0.009546992238946284,0.00037037037037029874,0.01572540428354086,0.3239039025117501,0.12827208341389174,0.10641452150688505,0.0,0.6828579449296224,0.6259590432735594,0.28339938777114076,0.3103906480291167,0.3827372757250482,happy,03,19,19,male,strong,2174
90,3.003,True,1.0,0.48792113869666515,0.48317845209322763,0.48554979539494636,0.9419083571624987,-0.04662037037037031,-0.048472222222222305,0.4412475346225739,0.28927521331454126,0.17672766911184792,0.5154957928791144,0.004742686603437518,0.0018518518518519933,0.016619777257148978,0.3002650567443858,0.12896966867453838,0.1055679986221867,0.0,0.677954235099393,0.6154394793933199,0.2894442390803394,0.3117194233735245,0.40816622597555124,happy,03,19,19,male,strong,2174
100,3.336666666666667,True,1.0,0.46611153576094105,0.47583102655037574,0.4709712811556584,1.0879404403520352,-0.04750000000000004,-0.0503703703703704,0.4388673806245864,0.31391273753088555,0.17813833020330178,0.4329017138137284,0.009719490789434682,0.0028703703703703565,0.015398599686987861,0.26588415394160936,0.1257726062871802,0.10935734670350668,0.0,0.8406256070569402,0.6004349210543594,0.28979413656410435,0.31647266425681736,0.4038870296933279,happy,03,19,19,male,strong,2174
110,3.6703333333333332,True,1.0,0.5062496664366891,0.512204878628513,0.509227272532601,1.0394713754639446,-0.04532407407407402,-0.05180555555555555,0.43032700066604845,0.28785083430670305,0.18472336949603263,0.48989061608870077,0.005955212191823933,0.0064814814814815325,0.03435684241231246,0.288448374526248,0.12905932679009258,0.10545837064690103,0.0,0.7129500832945284,0.5914264795293117,0.28807967017240305,0.32272573638561636,0.4005853388000159,happy,03,19,19,male,strong,2174
0,0.0,True,1.0,0.3355614807093684,0.3317242952380059,0.33364288797368713,0.7074399735617473,-0.04884259259259255,-0.04939814814814808,0.47975922516312597,0.19986892416976781,0.17227581653246093,0.47162006734493056,0.0038371854713625253,0.0005555555555555314,0.018981862517176318,0.42600948120705,0.12673186434418438,0.10824422539095423,0.0,0.6807023516460909,0.6251875988598565,0.2825127965824603,0.3256938161131504,0.4113959956437914,happy,03,19,19,male,strong,2175
10,0.33366666666666667,True,1.0,0.41451756723275135,0.39689668976258863,0.40570712849767,0.7614321868224668,-0.04893518518518519,-0.048703703703703805,0.4644535523133849,0.1797332412347543,0.18248708110561565,0.5328210909900285,0.01762087747016272,0.00023148148148138814,0.019573573925078188,0.3849676772329716,0.12506249684429163,0.11016873264907869,0.0,0.7071067807446058,0.620786847793805,0.2879578671549818,0.3147587440628955,0.41213874200653816,happy,03,19,19,male,strong,2175
20,0.6673333333333333,True,1.0,0.45191347872285936,0.44690379995736385,0.4494086393401116,0.7993763400775464,-0.05175925925925923,-0.05041666666666672,0.45555147006403096,0.22679108161606976,0.17989546661676634,0.5621990754648993,0.005009678765495518,0.0013425925925925064,0.014389007992603798,0.36576940427034543,0.12548964124214793,0.10968193885587829,0.0,0.8058797358663221,0.6245555144010729,0.2852058135549249,0.3191346675898377,0.42189658982258116,happy,03,19,19,male,strong,2175
30,1.0010000000000001,True,1.0,0.5681860694271472,0.5407318270935259,0.5544589482603366,0.7146010129031701,-0.0705555555555556,-0.07509259259259266,0.4546466612098059,0.2744767969319115,0.19584735793088182,0.7759000312744685,0.02745424233362137,0.004537037037037062,0.028284551046364802,0.39372500799140564,0.12524153676055225,0.1099651546638353,0.0,0.7805683197065526,0.6296134658238296,0.2827513527475366,0.3337458483116687,0.42085985071782017,happy,03,19,19,male,strong,2175
40,1.3346666666666667,True,1.0,0.5539766748730462,0.554899875390878,0.5544382751319621,0.6233064044836258,-0.07240740740740742,-0.07796296296296296,0.4626332882518635,0.19857991500908403,0.20228295184036582,0.8895115967744354,0.0009232005178317904,0.005555555555555536,0.03083880454376328,0.47287643880784674,0.12283451608552784,0.11264750076397143,0.0,0.7225419737671858,0.6247186132734344,0.2878938801731182,0.3276892776486471,0.4086961377176482,happy,03,19,19,male,strong,2175
50,1.6683333333333334,True,1.0,0.5740433581203245,0.5811631185037794,0.577603238312052,0.6759179277924379,-0.07,-0.07532407407407404,0.4191938636333961,0.2840994477578734,0.20665243940706493,0.8545464095005089,0.007119760383454965,0.005324074074074037,0.025630254793397297,0.4078166590902445,0.12292969369904926,0.112543627884561,0.0,0.8471257231067916,0.6281379610281613,0.2874992931771162,0.3353970020353033,0.40586010283705237,happy,03,19,19,male,strong,2175
60,2.0020000000000002,True,1.0,0.553983751713227,0.5643611530345897,0.5591724523739083,0.6405341001992046,-0.06967592592592592,-0.07574074074074072,0.4300361881074336,0.21122176156027062,0.2018010227446626,0.8729784287831155,0.010377401321362667,0.006064814814814801,0.030879004907982403,0.4488294508704664,0.12490704677150581,0.11034494749355934,0.0,0.7949554057811503,0.6241787954791292,0.28540100740850666,0.3395780571162632,0.40644784122110494,happy,03,19,19,male,strong,2175
70,2.3356666666666666,True,1.0,0.5827457736100721,0.5770825328088702,0.5799141532094712,0.9121608181679869,-0.06837962962962968,-0.07490740740740737,0.4173398041264476,0.3430927988019599,0.20254528821260384,0.6357586750702463,0.005663240801201841,0.006527777777777688,0.032521935355511296,0.3090793997958923,0.12515089573064744,0.11006830183350898,0.0,0.6781471457437447,0.6207033451818228,0.2914244480351041,0.34368265161453565,0.41166322369724806,happy,03,19,19,male,strong,2175
80,2.6693333333333333,True,1.0,0.23422613659613528,0.22671517095976168,0.23047065377794848,0.7713005270303868,-0.08347222222222223,-0.08703703703703708,0.47007379318137976,0.17953267401788242,0.2106808253813734,0.29880785206421706,0.007510965636373601,0.003564814814814854,0.01647804474822797,0.37196247677571265,0.11883463055246038,0.11685935286146254,0.0,0.878200756833759,0.6257837575342637,0.28713329701450346,0.31095996903704165,0.3970824631991666,happy,03,19,19,male,strong,2175
90,3.003,True,1.0,0.35533360165761985,0.35512776339768193,0.3552306825276509,0.7008310361724319,-0.06754629629629633,-0.06601851851851848,0.48136259565390693,0.1625061447976378,0.20105943647030056,0.5068706495473329,0.00020583825993791827,0.00152777777777785,0.006490441351096376,0.41574705494842223,0.12144459498140293,0.11414459303952529,0.0,0.7771831442472045,0.6722250859953358,0.2984361945236464,0.2953257485270808,0.4225455511651843,happy,03,19,19,male,strong,2175
100,3.336666666666667,True,1.0,0.41248265291456315,0.429620321455125,0.4210514871848441,0.692251737447331,-0.06152777777777779,-0.06435185185185183,0.48640685861589805,0.15548516000529908,0.20348159600640797,0.6082346412556013,0.017137668540561868,0.0028240740740740344,0.01128517003604288,0.4492457857409868,0.12032156681943075,0.11532778645307028,0.0,0.9999999987499999,0.6716264010682398,0.2992293560614674,0.3024608177093875,0.43320807799109545,happy,03,19,19,male,strong,2175
110,3.6703333333333332,True,1.0,0.37400004022273803,0.40236572143929783,0.38818288083101793,0.6704239829589174,-0.05486111111111108,-0.057453703703703674,0.49078272415866875,0.11503629158613062,0.20007475409596903,0.5790110298825709,0.0283656812165598,0.002592592592592591,0.012304882674016878,0.43037002683466463,0.12647298175181249,0.10854659210460933,0.0,0.7111157347186379,0.6161844276616897,0.2860518056980515,0.33278156428450134,0.41596084069992045,happy,03,19,19,male,strong,2175
0,0.0,True,1.0,0.47011669827030855,0.4928256628285859,0.48147118054944726,0.7172224232869908,-0.06388888888888883,-0.06708333333333327,0.4751711789681964,0.11947356768734942,0.21808389424206137,0.6712996762467233,0.022708964558277367,0.003194444444444444,0.01624000123356837,0.4034266866723947,0.1253219413802815,0.10987351263660579,0.0,0.7626194644336716,0.610338919677246,0.284372847469935,0.35203274231133647,0.4286960429574102,happy,03,19,19,male,strong,2176
10,0.33366666666666667,True,1.0,0.5438743996118824,0.5179984737336022,0.5309364366727423,0.7403568070241794,-0.06749999999999995,-0.07050925925925927,0.46288583191590066,0.1662236847722224,0.21532880499642468,0.7171358885816287,0.025875925878280248,0.0030092592592593226,0.02752761003760075,0.3935032415787849,0.12421423418523607,0.1111242628593182,0.0,0.7154154795442814,0.6125811687878276,0.2862424608207461,0.35167186278103635,0.43370422574350165,happy,03,19,19,male,strong,2176
20,0.6673333333333333,True,1.0,0.5057306677357019,0.5216700594160506,0.5137003635758762,0.5907485188933611,-0.06851851851851853,-0.07092592592592595,0.4706680270180342,0.14762012143654218,0.21392455581158965,0.8695753728476242,0.015939391680348747,0.0024074074074074137,0.013617801169757802,0.504852040279839,0.12341521456663802,0.11201099313774517,0.0,0.6716555938861989,0.6088150586406438,0.2859321084274495,0.34001186906198416,0.4196560093718761,happy,03,19,19,male,strong,2176
30,1.0010000000000001,True,1.0,0.18677148843293637,0.18291419668489742,0.1848428425589169,0.6661954566179991,-0.08601851851851855,-0.09115740740740746,0.46117349022917137,0.15564371716928135,0.21394024737382508,0.2774603770150102,0.003857291748038949,0.005138888888888915,0.014166022872339363,0.45772317023882186,0.11950651816092389,0.1161721562468556,0.0,0.7706408923032974,0.6631801129670617,0.3060058346671088,0.312598068375106,0.4419973437009689,happy,03,19,19,male,strong,2176
40,1.3346666666666667,True,1.0,0.1841110911385799,0.17999319806680392,0.18205214460269192,0.696027418847076,-0.07004629629629633,-0.07296296296296301,0.4705280640017331,0.10009492376813045,0.21201293354226658,0.2615588691954829,0.004117893071775985,0.0029166666666666785,0.012291843288614815,0.4240446104691711,0.1252966673560135,0.10990233355183172,0.0,0.6842028333883552,0.6172855424122775,0.28536559889070523,0.3302183508809561,0.4146244143442021,happy,03,19,19,male,strong,2176
50,1.6683333333333334,True,1.0,0.20725878361637623,0.20930214885277498,0.2082804662345756,0.6582220229230161,-0.06328703703703698,-0.06722222222222218,0.47917926068022904,0.09253031270329007,0.20069786576314122,0.31642889326256335,0.002043365236398753,0.003935185185185208,0.01928206402207303,0.45052991989863406,0.12682363143174535,0.10813669257580896,0.0,0.6682780008003038,0.6207429254201681,0.28326818784460667,0.327720265280828,0.41436732613972355,happy,03,19,19,male,strong,2176
60,2.0020000000000002,True,1.0,0.196164219356036,0.1836377795512638,0.1899009994536499,0.6711247524492486,-0.06361111111111112,-0.06777777777777788,0.4564687085299356,0.10808590501183683,0.19867601971628515,0.2829593138393603,0.012526439804772194,0.004166666666666763,0.024979554271126126,0.4277786688885033,0.12512292879063364,0.11010009292158898,0.0,0.7263562303132902,0.6245562045208709,0.28366149996090706,0.32399051229183706,0.417828241189011,happy,03,19,19,male,strong,2176
70,2.3356666666666666,True,1.0,0.18935493814668838,0.19995102977322626,0.19465298395995734,0.7129241528807918,-0.06398148148148147,-0.06874999999999998,0.4709955565967849,0.15189072918209331,0.1959458913701307,0.27303463232856034,0.010596091626537879,0.004768518518518505,0.021982605659481097,0.41159433122344585,0.12537451484624654,0.10981351828218211,0.0,0.7911680006356306,0.6206098347307673,0.28480593464314685,0.3252374845455339,0.41682774520409765,happy,03,19,19,male,strong,2176
80,2.6693333333333333,True,1.0,0.3553995844758102,0.3813976827406691,0.36839863360823966,0.7897749943159463,-0.06708333333333333,-0.06972222222222219,0.40241776302047183,0.2280742131413646,0.2112704250346781,0.46646024027048805,0.025998098264858882,0.0026388888888888573,0.01951849312624495,0.3597912102493166,0.12233562080167114,0.1131891057185209,0.0,0.6669240137228297,0.6213956473839535,0.2868809225468906,0.30893742653551254,0.39477903364314837,happy,03,19,19,male,strong,2176
90,3.003,True,1.0,0.4803386503493344,0.4731257174050495,0.47673218387719196,0.8263405877624455,-0.058009259259259094,-0.06115740740740738,0.4319708950922412,0.18927732001508463,0.2056627927461448,0.5769197240669024,0.007212932944284878,0.0031481481481482887,0.024086056770736535,0.3480404992233932,0.12452478662149681,0.1107761494511452,0.0,0.6958515375504383,0.6157600968746875,0.28733393390328205,0.325440168981882,0.40415943617122585,happy,03,19,19,male,strong,2176
100,3.336666666666667,True,1.0,0.43456166733844226,0.45458774450518646,0.44457470592181436,0.7136832943423242,-0.0534722222222222,-0.05541666666666678,0.46536995821843763,0.12778334951423137,0.2020837108700297,0.6229299598941856,0.020026077166744205,0.0019444444444445819,0.01660908338018623,0.41367902737075885,0.1265763709380646,0.10842601205781638,0.0,0.656480886394866,0.6174446177142733,0.28414966426116867,0.32642917916021513,0.41309639112263413,happy,03,19,19,male,strong,2176
110,3.6703333333333332,True,1.0,0.43015591581718493,0.45209934583402184,0.44112763082560336,0.8799942365051472,-0.05972222222222229,-0.06296296296296289,0.4718734327185413,0.19659700320496565,0.20071877255469697,0.5012846817923712,0.021943430016836907,0.0032407407407405997,0.02288399252790556,0.3405786094856544,0.12573921185258224,0.10939574202540925,0.0,0.7225582044067965,0.6217486683345215,0.28459240144805736,0.33369878512545076,0.4207800477368271,happy,03,19,19,male,strong,2176
120,4.0040000000000004,True,1.0,0.4591596243113267,0.4581205258317456,0.45864007507153615,0.901671957756303,-0.05870370370370365,-0.06013888888888891,0.47659421700326815,0.15354046241034952,0.20851050409233643,0.5086551390738646,0.0010390984795810576,0.0014351851851852615,0.025081466870685222,0.3290233380745103,0.12495373070580096,0.11029208019270004,0.0,0.6555524325309097,0.6224747436083808,0.28399093374309764,0.3279861600685571,0.41295340570361944,happy,03,19,19,male,strong,2176
130,4.337666666666666,True,1.0,0.407162458803253,0.4054228618763836,0.4062926603398183,0.7601462653647636,-0.055925925925925934,-0.056481481481481466,0.4894893254475006,0.09621756440543838,0.206251479634844,0.534492740216062,0.0017395969268694245,0.0005555555555555314,0.02164330526875077,0.3785075611612128,0.12561481354914075,0.10953856118983935,0.0,0.6989018460518135,0.6286223454928848,0.2820961902132578,0.3288934215022849,0.41498572793848765,happy,03,19,19,male,strong,2176
0,0.0,True,1.0,0.5654225757996776,0.5691421698331446,0.5672823728164111,0.8181391295363281,-0.06254629629629632,-0.06287037037037041,0.44457514312634633,0.19879866646301822,0.2048614835286751,0.6933812995082054,0.0037195940334669997,0.0003240740740740877,0.021562496793558702,0.35392583011900725,0.12937165649118446,0.10507498402381783,0.0,0.6479789855816026,0.6289058891603516,0.2830310408233541,0.33624504386601134,0.42285183891274747,happy,03,19,19,male,strong,2177
10,0.33366666666666667,True,1.0,0.5152364330753827,0.5304757080869914,0.5228560705811871,0.8484233646762397,-0.06337962962962956,-0.06453703703703711,0.4345756597494434,0.23233442588047287,0.2027962129013617,0.6162678826987634,0.01523927501160871,0.0011574074074075513,0.016313432967634555,0.35849213249017775,0.12494907763630064,0.1102973515918051,0.0,0.7209323721801937,0.6328753254583085,0.2854698357974696,0.33182909380893477,0.4271678646669104,happy,03,19,19,male,strong,2177
20,0.6673333333333333,True,1.0,0.5957668117070581,0.5658142983527207,0.5807905550298894,0.7299729157607471,-0.062499999999999944,-0.06486111111111115,0.44556036336925187,0.21650175713215625,0.2007005267484721,0.7956330193766352,0.029952513354337462,0.0023611111111112026,0.019804804799533393,0.408704817434289,0.1252837463929898,0.10991706264341153,0.0,0.7154146012084234,0.6404730480864221,0.28419480537722075,0.3278712183971214,0.4116140408379665,happy,03,19,19,male,strong,2177
30,1.0010000000000001,True,1.0,0.2436886839425305,0.24488606760157164,0.24428737577205106,0.7694067852563556,-0.08101851851851855,-0.08472222222222225,0.42061571418171756,0.24251381350061232,0.19583683957687853,0.3175009376745461,0.0011973836590411513,0.003703703703703709,0.020470799310240043,0.41111358972031575,0.12567197853794573,0.10947297191903516,0.0,0.8629822983749605,0.6342574208277061,0.28317699410555963,0.32466763536012244,0.41186498396423016,happy,03,19,19,male,strong,2177
40,1.3346666666666667,True,1.0,0.39171922022903377,0.39336850290708575,0.39254386156805976,0.6276065892782451,-0.06782407407407404,-0.07027777777777777,0.4370217319443093,0.1595459401862971,0.20003814333537123,0.6254616638418181,0.0016492826780519776,0.0024537037037037357,0.02294369798966885,0.48551813069536826,0.12557792756250108,0.10958084631745017,0.0,0.6908002812710464,0.6362961803627701,0.28410888420777936,0.32514726438623903,0.40401958178320624,happy,03,19,19,male,strong,2177
50,1.6683333333333334,True,1.0,0.3163841807909602,0.3360922263246768,0.3262382035578185,0.6917779639924088,-0.06875000000000003,-0.07097222222222216,0.46224458562224097,0.1673784337889796,0.19458603804955857,0.4715938068842541,0.01970804553371658,0.0022222222222221255,0.021211991422663858,0.4200033808177091,0.12489401881202776,0.11035969298324691,0.0,0.805034137684247,0.6324468676845739,0.286799085625864,0.32175465049289054,0.41636862847495454,happy,03,19,19,male,strong,2177
60,2.0020000000000002,True,1.0,0.42944116457493714,0.4243199144345987,0.4268805395047679,0.5210730656915976,-0.06092592592592588,-0.064537037037037,0.40280734524814177,0.1672479507805412,0.19594589137013074,0.8192335540087606,0.005121250140338429,0.0036111111111111205,0.028622500094443833,0.5301728861150157,0.12861903622873486,0.10599491162510373,0.0,0.7031784372550044,0.6333096353541416,0.2837063477403598,0.3168574411036589,0.3944871644765945,happy,03,19,19,male,strong,2177
70,2.3356666666666666,True,1.0,0.4148148148148145,0.42638510157707094,0.42059995819594276,0.6864349684455158,-0.06231481481481482,-0.06587962962962962,0.4070814681287402,0.20821404996105788,0.19172397807097866,0.6127309614608116,0.01157028676225641,0.0035648148148147984,0.027766773919624267,0.4176418405835185,0.12598800067614832,0.10910912636458714,0.0,0.7922848973971323,0.6309345942673946,0.2863558123597024,0.31150279567371275,0.3906923459900277,happy,03,19,19,male,strong,2177
80,2.6693333333333333,True,1.0,0.3985398390887153,0.39663709567397304,0.3975884673813442,0.8880816243492643,-0.0721296296296296,-0.07398148148148148,0.35586085550064145,0.42989894946856966,0.18712547793571493,0.4476936088759571,0.0019027434147422806,0.0018518518518518823,0.028774880510703784,0.3137083827189133,0.12634507161504144,0.10869544907404642,0.0,0.7206984277321501,0.6211033623136754,0.28796596695635945,0.31201393139657246,0.3830825286423958,happy,03,19,19,male,strong,2177
90,3.003,True,1.0,0.45256554391141557,0.4523873635580451,0.45247645373473033,0.8580050929474183,-0.06115740740740738,-0.06430555555555562,0.42075048618811717,0.25251278962398394,0.19732122906132424,0.5273587038748029,0.00017818035337047178,0.003148148148148233,0.026209704188009258,0.32040356832213435,0.1303191051363404,0.1038975871116075,0.0,0.7162994947283472,0.6167980897280787,0.2867293249889335,0.32788717743971596,0.39958763017807813,happy,03,19,19,male,strong,2177
100,3.336666666666667,True,1.0,0.46666154927381504,0.4925397601100518,0.4796006546919334,0.7921308749292216,-0.05842592592592599,-0.06018518518518523,0.46356109115979455,0.1551431361316416,0.20005492409898346,0.6054563328752798,0.02587821083623676,0.0017592592592592382,0.01830570537903953,0.3518418936240299,0.127010291303978,0.10791739282267893,0.0,0.7322805814573056,0.6173260643085361,0.2852970433511472,0.3247936413452949,0.41273037323894146,happy,03,19,19,male,strong,2177
110,3.6703333333333332,True,1.0,0.49591311251451436,0.5136081265273765,0.5047606195209454,0.7936027652248323,-0.061342592592592615,-0.06250000000000006,0.4641930386431445,0.19561785327364833,0.19736182297188892,0.6360368708870915,0.017695014012862165,0.0011574074074074403,0.029052618347449873,0.36367355690331377,0.12661923356689403,0.10837595425960976,0.0,0.8671266966894143,0.6193145905627876,0.2872276954566235,0.3248671996546119,0.41343541452050936,happy,03,19,19,male,strong,2177
0,0.0,True,1.0,0.5715925634437847,0.5001064668308081,0.5358495151372964,0.6062009492705585,-0.04069444444444448,-0.04569444444444448,0.3518592690111722,0.1648433078222712,0.1993151252980423,0.8839470076417466,0.07148609661297667,0.0050000000000000044,0.0605989264362103,0.46774603872550097,0.1277645229346225,0.10702338272515376,0.0,0.9316964545985583,0.6044784348973964,0.2830874846898754,0.2945207677005471,0.3855866260608837,sad,04,19,19,male,normal,2178
10,0.33366666666666667,True,1.0,0.5239569404289427,0.4564859453868652,0.4902214429079039,0.6277468985619081,-0.037129629629629624,-0.0427777777777778,0.35960406823548324,0.12917102760426788,0.19930593835407728,0.7809221264668,0.06747099504207749,0.00564814814814818,0.06759550119746632,0.47101776317310706,0.12640683463916474,0.10862361588060176,0.0,0.8810401702598025,0.6076521888286566,0.283848517781937,0.29094640747187805,0.38545632119727635,sad,04,19,19,male,normal,2178
20,0.6673333333333333,True,1.0,0.4571541695602135,0.4019656528020676,0.42955991118114056,0.705800781973437,-0.04453703703703715,-0.047824074074074074,0.34231971678084144,0.15793597637294027,0.19944369807999512,0.6086135381999438,0.0551885167581459,0.0032870370370369217,0.06240846499421443,0.41394171935140933,0.1254705895756794,0.10935584587375,0.0,0.9999999987499999,0.6075200828847164,0.2856849262622628,0.28650373127155676,0.37840051116374085,sad,04,19,19,male,normal,2178
30,1.0010000000000001,True,1.0,0.30543535293022744,0.28156764240199283,0.2935014976661101,0.6293781714287124,-0.055462962962962936,-0.056805555555555554,0.35215305230084276,0.139763579130692,0.2044000861286962,0.46633568018390364,0.02386771052823461,0.0013425925925926174,0.04862904677151931,0.4751855364914619,0.12418050940955479,0.11116194876362083,0.0,0.76807411750243,0.5932368801348665,0.28655929967338645,0.28027654582026856,0.37375467056359724,sad,04,19,19,male,normal,2178
40,1.3346666666666667,True,1.0,0.4135988600232602,0.3677263020709762,0.39066258104711815,0.5909081270401537,-0.04990740740740729,-0.05805555555555553,0.3596526181104828,0.15069907169657812,0.20486706971089577,0.6611223694010416,0.04587255795228401,0.008148148148148238,0.07039973768320118,0.5133439643983694,0.12493652102190805,0.11031157457495627,0.0,0.7750990907114388,0.5861712413715487,0.28628226483298996,0.298166114591202,0.38368198252469193,sad,04,19,19,male,normal,2178
50,1.6683333333333334,True,1.0,0.32182851431111487,0.2715002260492565,0.29666437018018565,0.7043479481211291,-0.05240740740740735,-0.053287037037036966,0.366111899411965,0.1754313180353914,0.18548619256239363,0.4211900822193739,0.05032828826185837,0.0008796296296296191,0.06462140529131928,0.40287129331321714,0.12489518602355999,0.110012555571693,0.0,0.9999999987499999,0.617263610373837,0.2875722686171737,0.2712358168141988,0.3706947315659258,sad,04,19,19,male,normal,2178
60,2.0020000000000002,True,1.0,0.3768310927379086,0.3489239432490085,0.3628775179934586,0.6692338280571007,-0.034953703703703765,-0.03708333333333336,0.3646738812841805,0.15669383493826672,0.183367038287288,0.5422282956720128,0.027907149488900107,0.0021296296296295925,0.060412376027248686,0.473506784812822,0.1308715323614285,0.1030160950568396,0.0,0.7254316709987918,0.5618070793708109,0.26484984521438387,0.2909267671270549,0.33846917969901463,sad,04,19,19,male,normal,2178
70,2.3356666666666666,True,1.0,0.2961522889141611,0.2725720685618896,0.2843621787380254,0.6868530534390342,-0.05018518518518511,-0.05152777777777773,0.3443250352224474,0.17842746734717052,0.1847370903386176,0.41400730085458615,0.02358022035227153,0.0013425925925926174,0.055428338906966176,0.45779641226551093,0.12708603258463166,0.10782818783819993,0.0,0.6960996306823601,0.6044883805084533,0.28337371876496825,0.29446473141403456,0.3854132084170255,sad,04,19,19,male,normal,2178
80,2.6693333333333333,True,1.0,0.42920022579046296,0.38108910920871936,0.40514466749959116,0.6912880888937821,-0.03541666666666654,-0.040879629629629655,0.3583347516090232,0.16564728911227036,0.18543682774578085,0.5860721080091437,0.04811111658174361,0.005462962962963114,0.05695860278697147,0.4734416909956174,0.12587961916813903,0.10923414872888282,0.0,0.7606282844532409,0.6032791982417968,0.2830710992803258,0.2913752197928043,0.3819863719098406,sad,04,19,19,male,normal,2178
90,3.003,True,1.0,0.46650474137358,0.4293331246970553,0.44791893303531766,0.7138945213230569,-0.03893518518518513,-0.04268518518518527,0.35811921727597146,0.1917988185229173,0.18543147910168942,0.6274301310019748,0.03717161667652469,0.003750000000000142,0.0543864287157803,0.42490747788319067,0.1276956103342454,0.1071055968287173,0.0,0.7029838793635131,0.6046996432401086,0.2825832494023294,0.29538066659062273,0.38380525472986543,sad,04,19,19,male,normal,2178
100,3.336666666666667,True,1.0,0.46793754921654385,0.3935229271389566,0.43073023817775025,0.747779664998219,-0.03597222222222207,-0.0400462962962963,0.34744913945306716,0.19712742790142807,0.18615210035902063,0.5760122377475672,0.07441462207758726,0.00407407407407423,0.059683481676698305,0.4253406353779388,0.12672774248361696,0.10789647427307285,0.0,0.7411104572082101,0.6059050458777261,0.28275242121528055,0.2919119649964133,0.3803860751450378,sad,04,19,19,male,normal,2178
0,0.0,True,1.0,0.46946383260479974,0.5204257624606884,0.49494479753274406,0.7040020710077662,-0.04444444444444445,-0.0436111111111111,0.351103148360721,0.2752600843832767,0.18759457812706043,0.7030445192075068,0.050961929855888655,0.0008333333333333526,0.052145751551156874,0.425127949853776,0.1274838730066971,0.10735753300976879,0.0,0.8290606484817057,0.610177353558611,0.2827775860806318,0.29887736575551266,0.3910538575308987,sad,04,19,19,male,normal,2179
10,0.33366666666666667,True,1.0,0.5651037943905395,0.5693294510261696,0.5672166227083546,0.9342763936928908,-0.04833333333333317,-0.04824074074074086,0.3392320115269056,0.3732078108678202,0.1882861124890787,0.6071186498315897,0.004225656635630126,9.259259259231101e-05,0.040827830341081756,0.32123457808468614,0.12676197058837801,0.10820896720257288,0.0,0.9368183976271811,0.6040756854069752,0.2850785730218959,0.2989332880060726,0.3872889848701315,sad,04,19,19,male,normal,2179
20,0.6673333333333333,True,1.0,0.5150767066551168,0.5057937628789461,0.5104352347670315,0.7973141150969953,-0.0443055555555556,-0.04499999999999993,0.3547238283863906,0.2933903722217192,0.19269922733271852,0.6401934006962058,0.009282943776170782,0.000694444444444331,0.016533701915239174,0.38599495712573495,0.12696846435432285,0.10796660053062143,0.0,0.6417481986042775,0.603203114566139,0.28255535099889995,0.29554735998320175,0.3890527099463876,sad,04,19,19,male,normal,2179
30,1.0010000000000001,True,1.0,0.27662305989515246,0.2815920915433489,0.2791075757192507,0.7060360563540617,-0.057731481481481495,-0.05759259259259264,0.3604740668313487,0.23033484597270923,0.19164260983568984,0.3953163201898634,0.004969031648196454,0.0001388888888888551,0.03451779480411896,0.43348627313266486,0.12629853411119468,0.1087495197779583,0.0,0.7615029639023584,0.6050335006502601,0.2814141452876408,0.2931855424320759,0.38349121023715416,sad,04,19,19,male,normal,2179
40,1.3346666666666667,True,1.0,0.3369703398965626,0.3497267759562828,0.3433485579264227,0.6661618469842725,-0.05675925925925929,-0.05666666666666664,0.3614444674187967,0.26466960291030184,0.18248708110561557,0.5154131229231579,0.012756436059720211,9.259259259264407e-05,0.034953703008626553,0.46248611525309175,0.12783836168018994,0.1069351722007176,0.0,0.7022893935170049,0.5999697157222263,0.282715337619266,0.29687087629169573,0.38844137581241356,sad,04,19,19,male,normal,2179
50,1.6683333333333334,True,1.0,0.3509265662739724,0.3586118474513393,0.35476920686265584,0.754032457516027,-0.05648148148148141,-0.055138888888888904,0.35538844827220717,0.3013609165826439,0.17417971123952566,0.47049593598577316,0.007685281177366887,0.0013425925925925064,0.02984167212747346,0.40223952027385307,0.125708138007207,0.10943144798958541,0.0,0.787916147914768,0.5957712392456984,0.28413506227402596,0.2916416000594409,0.38502308043827993,sad,04,19,19,male,normal,2179
60,2.0020000000000002,True,1.0,0.27719270874600493,0.29143897996356904,0.28431584435478696,0.6031477159886739,-0.051296296296296284,-0.04722222222222222,0.3732669890783037,0.19644374898495237,0.16788726310803975,0.4713867545510625,0.01424627121756411,0.004074074074074063,0.025551303839103142,0.5269796870235175,0.127614167248949,0.10720262164636397,0.0,0.758917997603258,0.5832018430262731,0.28467361943273495,0.2981652211110678,0.3853381307475431,sad,04,19,19,male,normal,2179
70,2.3356666666666666,True,1.0,0.3535110767410973,0.35295072047217996,0.3532308986066386,0.6905661350181883,-0.05342592592592593,-0.05472222222222234,0.3581386569523456,0.2640239343076959,0.1745369464946361,0.511509152700248,0.0005603562689173169,0.0012962962962964064,0.0070000310373114945,0.47464099424550027,0.12739998223026902,0.10745707188670815,0.0,0.6695743356852659,0.6264820357986945,0.277913918759337,0.29830318849498944,0.3918091992410428,sad,04,19,19,male,normal,2179
80,2.6693333333333333,True,1.0,0.40586238927347473,0.4152502865619447,0.41055633791770973,0.8341209574020848,-0.04726851851851854,-0.048379629629629606,0.3675234546352149,0.3772802847984396,0.16482837318026203,0.49220240095202716,0.009387897288469949,0.0011111111111110628,0.015389233674704563,0.3749402247545419,0.12625972336436625,0.10879457719194177,0.0,0.8595137916481292,0.6254623427964936,0.2797742287240358,0.3085442491631313,0.39799769414926406,sad,04,19,19,male,normal,2179
90,3.003,True,1.0,0.3836707765131357,0.3564493495516619,0.3700600630323988,0.825359673761124,-0.045231481481481484,-0.04449074074074072,0.3667594648465836,0.3535987481729134,0.1634863729158229,0.448362180509805,0.027221426961473782,0.000740740740740764,0.029020847323448316,0.37620641336790706,0.12836986656918592,0.10629654334839575,0.0,0.8992377604056166,0.6245724610000251,0.27857244205570775,0.3084626433350817,0.395101538583192,sad,04,19,19,male,normal,2179
100,3.336666666666667,True,1.0,0.4114084298442728,0.4200601065041726,0.41573426817422265,0.7567847867305092,-0.04347222222222219,-0.04328703703703707,0.36561685935958116,0.3062684482502268,0.16849126599315783,0.5493427926455735,0.008651676659899799,0.00018518518518512161,0.029436448166063646,0.42219388690567416,0.12848200957919956,0.10616096733489284,0.0,0.6559404055364554,0.6271217383672218,0.2803414968813063,0.30349758851921016,0.3901600662284916,sad,04,19,19,male,normal,2179
0,0.0,True,1.0,0.5606401450422814,0.5404681590394795,0.5505541520408805,0.8052449499702455,-0.04555555555555557,-0.04930555555555549,0.35839742790390766,0.3609718741245924,0.17576781605902037,0.6837101580844736,0.0201719860028019,0.00374999999999992,0.01722159090071493,0.36893756943782086,0.12742040763956333,0.1074328510635991,0.0,0.8207650184542413,0.6300388341117698,0.27871515801656466,0.2895959366661333,0.3802169591866542,sad,04,19,19,male,normal,2180
10,0.33366666666666667,True,1.0,0.5269463098106434,0.5014195669593344,0.514182938384989,0.7913519518699322,-0.049907407407407456,-0.052222222222222225,0.3614214328217466,0.34790561782218654,0.17796693381460102,0.6497525369969654,0.02552674285130896,0.0023148148148147696,0.0220334677901818,0.3604722767268107,0.12908169999228755,0.10543098452540395,0.0,0.8274027251836646,0.6233584773831408,0.2804812073412145,0.29218038211400826,0.3795787329250438,sad,04,19,19,male,normal,2180
20,0.6673333333333333,True,1.0,0.40340978391289944,0.4358032047259064,0.4196064943194029,0.812931232267143,-0.0622685185185185,-0.06513888888888891,0.3562141150193859,0.34439978365759455,0.18348350154612464,0.516164809105911,0.032393420813006946,0.002870370370370412,0.004661481818269634,0.35269012742363004,0.1282101915203905,0.10648908188665895,0.0,0.8671980670457742,0.6177336699992497,0.2785637168580142,0.30088920034764816,0.3849913364245831,sad,04,19,19,male,normal,2180
30,1.0010000000000001,True,1.0,0.33980906093427565,0.34523528935800496,0.3425221751461403,0.7744791875161419,-0.06833333333333336,-0.07490740740740742,0.3564829533238919,0.28338606689190915,0.20489127474057944,0.4422613036828719,0.005426228423729307,0.0065740740740740655,0.030931347812480907,0.4031868766684064,0.12416648324315135,0.11117761559425123,0.0,0.7481530718517132,0.6081837983787265,0.2851971712797737,0.3011045974630269,0.38948432658678006,sad,04,19,19,male,normal,2180
40,1.3346666666666667,True,1.0,0.3210304280239274,0.32860629743578273,0.3248183627298551,0.6561648815726862,-0.06300925925925926,-0.06495370370370379,0.3612417450120045,0.24606183058975759,0.19455780600042563,0.49502552155997026,0.0075758694118553405,0.0019444444444445264,0.00679341589791464,0.48046874999999944,0.12673891126889994,0.10823597433827291,0.0,0.7143709995200153,0.6093768242844013,0.2851187063405129,0.30926608200322997,0.39661242151218906,sad,04,19,19,male,normal,2180
50,1.6683333333333334,True,1.0,0.3837493069700275,0.37772871064338026,0.38073900880670386,0.8410812671501197,-0.04810185185185195,-0.04787037037037045,0.3660384921005123,0.2441848840113252,0.18137160858411835,0.45267802729310813,0.006020596326647254,0.00023148148148149916,0.009005960263609397,0.38104838709677435,0.12773756136364423,0.10705556121760279,0.0,0.6667947450427681,0.5979527915775685,0.28391237004479647,0.3056188457396691,0.3897013570284528,sad,04,19,19,male,normal,2180
60,2.0020000000000002,True,1.0,0.39125734293453485,0.3777287106433779,0.38449302678895636,0.7139967452516461,-0.04537037037037034,-0.04509259259259252,0.3408140999402775,0.24041163511742938,0.18065060453086207,0.5385080945340204,0.013528632291156972,0.0002777777777778212,0.0048864251811968525,0.4361957495804353,0.12560005750314812,0.10955548058225109,0.0,0.8981887710333932,0.5999534422597164,0.2842353060465308,0.2988423497461271,0.38715882681837216,sad,04,19,19,male,normal,2180
70,2.3356666666666666,True,1.0,0.4209957525160697,0.41942830409584897,0.42021202830595933,0.7154500563509862,-0.04481481481481486,-0.04490740740740734,0.37149278245912604,0.21197370188437498,0.1785444523317762,0.5873394300213896,0.0015674484202207184,9.259259259247754e-05,0.015740473628770558,0.4274614396576383,0.13042364220525707,0.10376633040108672,0.0,0.6790210896408764,0.6018754881405688,0.28112252093990464,0.3076008042049945,0.38588604034537966,sad,04,19,19,male,normal,2180
80,2.6693333333333333,True,1.0,0.4279273288097041,0.4190830702945949,0.4235051995521495,0.5648074681686376,-0.04328703703703696,-0.04356481481481478,0.40126886595172184,0.09202627172903945,0.1806163926619766,0.7498222375234268,0.008844258515109171,0.0002777777777778212,0.01010210725281803,0.4785580806623866,0.1268253039192181,0.10813473103696064,0.0,0.8691685418465656,0.6114100915366147,0.2828344724858914,0.3094193666027434,0.39134391435710364,sad,04,19,19,male,normal,2180
90,3.003,True,1.0,0.36195081873441043,0.34791227202401515,0.3549315453792128,0.4647563575423685,-0.03888888888888892,-0.04101851851851851,0.3877616170087367,0.03139882831767317,0.18338368042406805,0.7636937927134353,0.014038546710395283,0.0021296296296295925,0.008035334489571557,0.583297452725196,0.12619225906250706,0.10887282270271824,0.0,0.73201423249679,0.6140989702677946,0.28268953628489235,0.30941385804459876,0.39079331832506564,sad,04,19,19,male,normal,2180
0,0.0,True,1.0,0.48218822400508765,0.45151942423221775,0.4668538241186527,0.7595125551773221,-0.042824074074074014,-0.04828703703703707,0.3563580116399363,0.2733210332651107,0.18125673478866933,0.6146755849344152,0.030668799772869904,0.005462962962963058,0.06109026826201753,0.3911146622313538,0.12847934599927843,0.10616419086670441,0.0,0.808707196872807,0.6158609907791242,0.28383368055310043,0.29789765191467765,0.3891105050716617,sad,04,19,19,male,normal,2181
10,0.33366666666666667,True,1.0,0.5125263157338752,0.43856705964733766,0.47554668769060643,0.7523381811748643,-0.0411111111111111,-0.0476388888888889,0.3496958865349084,0.2691609624627339,0.18125168372062783,0.6320916571693657,0.07395925608653753,0.006527777777777799,0.06779408141068557,0.4198889740223308,0.12889096582684667,0.1056640747799205,0.0,0.6842010144707278,0.613569909620098,0.28374092579403265,0.29773369329563115,0.3871009370587354,sad,04,19,19,male,normal,2181
20,0.6673333333333333,True,1.0,0.4886628276806791,0.4385670596473365,0.4636149436640078,0.6831671102553738,-0.042546296296296304,-0.048472222222222194,0.3567688856061002,0.2573207818503069,0.18195492727998097,0.6786259711634895,0.05009576803334259,0.00592592592592589,0.06402648566443504,0.44274792665235624,0.1285021245320827,0.10613661838241434,0.0,0.7341864056907491,0.6168263842646434,0.2837023411433968,0.29629520752886507,0.38506215219364026,sad,04,19,19,male,normal,2181
30,1.0010000000000001,True,1.0,0.4883611230015966,0.4260595529462167,0.45721033797390664,0.8181282788896765,-0.043194444444444535,-0.049259259259259336,0.35143734812943955,0.28163678641985684,0.18055724575197146,0.5588492046680137,0.062301570055379896,0.006064814814814801,0.060861203408858915,0.38727741758526024,0.12658369164317387,0.10841746529303632,0.0,0.9999999987499999,0.6196544619253952,0.2851927831966287,0.29263211580202436,0.384056716585065,sad,04,19,19,male,normal,2181
40,1.3346666666666667,True,1.0,0.42592941341352447,0.3836794445716563,0.4048044289925904,0.9033533170170832,-0.04212962962962957,-0.04587962962962966,0.3479076454563477,0.32895754566399527,0.17500043596485879,0.448113070895975,0.04224996884186816,0.0037500000000000866,0.05944870539865309,0.35305590113154645,0.12846094696415317,0.10618645335445064,0.0,0.7445585706368588,0.6151662521414815,0.2845704429269118,0.2930763483945012,0.3820880329871244,sad,04,19,19,male,normal,2181
50,1.6683333333333334,True,1.0,0.5121487765486061,0.42207865158464264,0.4671137140666244,0.6890677007406146,-0.044675925925925786,-0.049907407407407456,0.3693235705838169,0.23141088588167283,0.17708333333333337,0.6778923370875858,0.0900701249639635,0.00523148148148167,0.07305730286028282,0.4173151918963203,0.129113249568818,0.10539234581657889,0.0,0.6964508564228225,0.6155792465267356,0.28268394922759266,0.29750340775777206,0.38469826970638626,sad,04,19,19,male,normal,2181
60,2.0020000000000002,True,1.0,0.4590699083046499,0.39945650294264584,0.42926320562364784,0.6068080553824633,-0.038888888888888806,-0.045231481481481484,0.35704126356508314,0.1926820590682937,0.1777777777777778,0.707411844348521,0.059613405362004046,0.006342592592592677,0.06613820162822584,0.48068715579758414,0.12716182684783778,0.10773879321506165,0.0,0.9999999987499999,0.6126461892178747,0.28461058646689064,0.29349868118971234,0.38747922365483356,sad,04,19,19,male,normal,2181
70,2.3356666666666666,True,1.0,0.46619753506815553,0.4110501991841104,0.438623867126133,0.6073083140636888,-0.04004629629629625,-0.04587962962962966,0.3639816792758947,0.20186914389127672,0.17986280783332048,0.7222424870016422,0.055147335884045134,0.0058333333333334125,0.06357327055813199,0.4941497241221486,0.129016399481203,0.10551088302071,0.0,0.7993517041388815,0.6150976591495972,0.28352732027802924,0.298700288259547,0.3896497563691642,sad,04,19,19,male,normal,2181
80,2.6693333333333333,True,1.0,0.27294440009148047,0.23608834134288248,0.2545163707171815,0.6779586612499958,-0.05041666666666661,-0.05249999999999999,0.355909049771228,0.22044658692012153,0.17777949438325966,0.3754157668668372,0.036856058748597986,0.0020833333333333814,0.062328595544196536,0.45726122634353344,0.12809222038531204,0.10663095632833686,0.0,0.7663764965684993,0.6138374919186425,0.2829223042261664,0.30022432318294906,0.3914884488784606,sad,04,19,19,male,normal,2181
90,3.003,True,1.0,0.3500892239113572,0.3181535373554175,0.33412138063338737,0.6972147045680357,-0.055972222222222257,-0.059259259259259234,0.3628866439510267,0.2383144438077422,0.17847906182851891,0.4792230835699236,0.0319356865559397,0.0032870370370369772,0.057042978195378125,0.42474290240401397,0.1267178611654559,0.108084492341303,0.0,0.797802667316759,0.6143068147180748,0.28308379835223024,0.2980854497792351,0.3919940509953317,sad,04,19,19,male,normal,2181
100,3.336666666666667,True,1.0,0.43474824701066517,0.39725672888953634,0.41600248795010075,0.6902807162194344,-0.041250000000000064,-0.04861111111111116,0.3547285203232927,0.24773407594494917,0.1756944444444445,0.6026569744385806,0.03749151812112883,0.007361111111111096,0.0686987823799666,0.4335786153487195,0.12893585945528102,0.10560928897324318,0.0,0.7429605385329446,0.6144135535854968,0.28205024956824004,0.29817894469809303,0.38973098534280154,sad,04,19,19,male,normal,2181
0,0.0,True,1.0,0.33653882740721586,0.34035658527452306,0.33844770634086946,0.633590184864252,-0.04662037037037026,-0.04717592592592601,0.4285494842012815,0.11311828063867368,0.17998365812071404,0.5341744781185058,0.0038177578673072032,0.0005555555555557534,0.02160777386198717,0.5024481242759942,0.12808292840197116,0.10664211749013534,0.0,0.8381940619110486,0.6083285735622375,0.2807462024762316,0.32233078427645767,0.4037084204965489,sad,04,19,19,male,strong,2182
10,0.33366666666666667,True,1.0,0.36814462661644004,0.3833500797661112,0.3757473531912756,0.6170323349861008,-0.0473148148148147,-0.04685185185185187,0.4165445667031977,0.15702717677706354,0.1841935344958589,0.6089589343802212,0.015205453149671144,0.0004629629629628318,0.02659931679115097,0.49103568774657785,0.1273393065762374,0.10752896712686537,0.0,0.6941945953675134,0.6070518253942202,0.2806862571250978,0.3191176743312564,0.3980782202767745,sad,04,19,19,male,strong,2182
20,0.6673333333333333,True,1.0,0.31035463515074235,0.3206561679472893,0.31550540154901585,0.44150726848972477,-0.043379629629629546,-0.044583333333333364,0.45319987471028433,0.07535092921975803,0.18410901721640272,0.7146097563201468,0.010301532796546942,0.0012037037037038179,0.0340381839413284,0.7272693629784168,0.12753947827382117,0.10729146868462218,0.0,0.6622024826578449,0.6078882345281863,0.2809586061362998,0.3176975473950788,0.3981097566560856,sad,04,19,19,male,strong,2182
30,1.0010000000000001,True,1.0,0.3056317068663298,0.31101262339552577,0.3083221651309278,0.6287780150249352,-0.045509259259259194,-0.04671296296296307,0.4778487739288166,0.09125920581957585,0.18759153039354048,0.4903513764212967,0.005380916529195978,0.0012037037037038734,0.02266299202021785,0.48103802240924853,0.12631556471923286,0.10872973779182303,0.0,0.7224151586627702,0.6161597785364146,0.2827331264671839,0.32683829611109155,0.4148121899078173,sad,04,19,19,male,strong,2182
40,1.3346666666666667,True,1.0,0.33551434010618,0.3618335284037822,0.34867393425498105,0.7237207821687535,-0.04148148148148151,-0.04944444444444446,0.4101401946509956,0.15680616946989617,0.18206558918309676,0.4817796349720949,0.026319188297602214,0.00796296296296295,0.03157496307956037,0.44188403652554786,0.12527858216588572,0.10992294856526513,0.0,0.6866455473071215,0.6607365393813776,0.30056146063968436,0.2919313788634229,0.4131203668908831,sad,04,19,19,male,strong,2182
50,1.6683333333333334,True,1.0,0.29793632711927603,0.326284346385384,0.31211033675233,0.9239567458385008,-0.04648148148148151,-0.04629629629629617,0.4169426480282998,0.183587694801432,0.18689742604383394,0.337797562665216,0.02834801926610797,0.00018518518518534366,0.030591180427248885,0.3319438916278405,0.12845520058198456,0.10619340476031165,0.0,0.6587705239257282,0.6083398064616472,0.2869146901875041,0.3091469453681778,0.3899059809727537,sad,04,19,19,male,strong,2182
60,2.0020000000000002,True,1.0,0.15218760906395898,0.1633585473963714,0.15777307823016518,0.45932030974432386,-0.0472685185185186,-0.04592592592592604,0.4149550955211037,0.07652155476199299,0.19449191528203494,0.3434924928923522,0.011170938332412422,0.001342592592592562,0.025286170897398652,0.6636807651803013,0.12291988705875619,0.11255433859070879,0.0,0.8698138109824076,0.5889885325536465,0.2874427924277432,0.3004529562493033,0.3865193657648585,sad,04,19,19,male,strong,2182
70,2.3356666666666666,True,1.0,0.24623718489231147,0.23315118397085638,0.2396941844315839,0.5760717688047583,-0.045925925925925926,-0.04462962962962952,0.4362152642898732,0.10523772386826079,0.19468952053705743,0.4160838933817304,0.013086000921455093,0.0012962962962964064,0.016889472607014844,0.5519854732467248,0.1276810936507912,0.10712290182164211,0.0,0.8753513698131673,0.5863370100774685,0.2860852684721029,0.32573450710686347,0.3985415430837372,sad,04,19,19,male,strong,2182
80,2.6693333333333333,True,1.0,0.28959455830880937,0.28696498664006276,0.28827977247443604,0.7559938058502279,-0.043842592592592655,-0.04379629629629633,0.3851004632938453,0.20788916105539315,0.1939959533898597,0.38132557468539363,0.002629571668746611,4.629629629632204e-05,0.012042998850702456,0.42218553708364664,0.1265758298522323,0.10842664371759958,0.0,0.7901073520827098,0.5824979023953332,0.28781697978731885,0.31841098155528047,0.3870383772132841,sad,04,19,19,male,strong,2182
90,3.003,True,1.0,0.2586637337467522,0.23305223156515723,0.2458579826559547,0.5206998225201797,-0.04305555555555557,-0.044861111111111074,0.45215536897611,0.04249490939064512,0.19120219738667713,0.4721683626969673,0.025611502181594997,0.0018055555555555047,0.009975655775604568,0.597130171001296,0.12668759039481395,0.10829603968007276,0.0,0.6956912865573246,0.5846140765915742,0.28565646107678944,0.3241200829439069,0.3964233880002529,sad,04,19,19,male,strong,2182
100,3.336666666666667,True,1.0,0.230693547746826,0.2293906810035856,0.23004211437520578,0.4100626581454966,-0.04513888888888884,-0.04518518518518522,0.43463245789130917,0.06092710329215096,0.19598910582145745,0.560992594194186,0.0013028667432403995,4.629629629637755e-05,0.011580363689306216,0.7465459955828304,0.12749518528794537,0.10734409857600538,0.0,0.6737416988521654,0.5808111208702231,0.28456185577064663,0.3243117727227606,0.3945463946096535,sad,04,19,19,male,strong,2182
110,3.6703333333333332,True,1.0,0.29798173944149825,0.31048483921054576,0.304233289326022,0.41772587112184717,-0.04500000000000004,-0.046157407407407425,0.4376554914893604,0.027469929535400502,0.19063830102477283,0.7283084682042106,0.01250309976904751,0.0011574074074073848,0.02068730001081366,0.740274923516911,0.12814335004395258,0.10656950600468847,0.0,0.817746909601751,0.5785127127022685,0.28383335750687244,0.3237915707552022,0.39571069329763797,sad,04,19,19,male,strong,2182
0,0.0,True,1.0,0.3493528058185207,0.3404436853105252,0.344898245564523,0.5575836642428267,-0.0438425925925926,-0.04481481481481481,0.4239320009786871,0.13939591606070714,0.18196499023394072,0.6185587341997889,0.008909120507995472,0.0009722222222222077,0.0015708928538658682,0.5511751202016832,0.1273316941509511,0.10753798136174957,0.0,0.6831727824818689,0.6101037852093962,0.2824013691845514,0.3130319753680047,0.39305723368830114,sad,04,19,19,male,strong,2183
10,0.33366666666666667,True,1.0,0.3325756594412572,0.33034133317464376,0.3314584963079505,0.3907990519514282,-0.04462962962962963,-0.0437499999999999,0.3928391661056644,0.11343911607569848,0.18543147910168942,0.8481558352120745,0.0022343262666134622,0.0008796296296297301,0.0007152890723816976,0.7801135210822616,0.12885922932396907,0.10570277569209162,0.0,0.6940115866434963,0.6107803579556822,0.28295155288260365,0.31469107872903007,0.3900927423015197,sad,04,19,19,male,strong,2183
20,0.6673333333333333,True,1.0,0.3357502913172423,0.3205603570418544,0.3281553241795484,0.427014630762915,-0.042685185185185326,-0.04402777777777772,0.4290784155969728,0.08078655176595671,0.18683863413534252,0.7684873082527826,0.015189934275387895,0.0013425925925923954,0.0037623193455830896,0.7454225573992388,0.1282304361007353,0.10646470320374408,0.0,0.6713284863569147,0.6106737919542817,0.2816870239930019,0.31893725407877466,0.39738520325639487,sad,04,19,19,male,strong,2183
30,1.0010000000000001,True,1.0,0.29539760155823824,0.2854018009648533,0.2903997012615458,0.5960360491465845,-0.038240740740740686,-0.04263888888888878,0.46268627327904144,0.08514371184825548,0.1833749434905806,0.48721835143586617,0.009995800593384951,0.0043981481481480955,0.0035511824780491063,0.5326386085312647,0.12046925395381833,0.11467617354594108,0.0,0.9999999987499999,0.6593355374180923,0.3021690715150657,0.29431302429047657,0.4221788378070648,sad,04,19,19,male,strong,2183
40,1.3346666666666667,True,1.0,0.3455732358523629,0.30211696524527787,0.3238451005488204,0.554708793196591,-0.04291666666666666,-0.045138888888888895,0.42458108907646874,0.094391481523675,0.18463376380313304,0.5838110095255843,0.04345627060708501,0.0022222222222222365,0.018227406233536952,0.5639457501964378,0.12097179394005265,0.11246444559440609,0.0,0.9999999987499999,0.6542895374790542,0.306325899624458,0.2931693086144788,0.41043992055681283,sad,04,19,19,male,strong,2183
50,1.6683333333333334,True,1.0,0.36617757295978753,0.32193015392786567,0.3440538634438266,1.0350116883402802,-0.04712962962962963,-0.049166666666666525,0.37904572462537384,0.3104958313765032,0.180848875535169,0.3324154377382376,0.044247419031921864,0.002037037037036893,0.019710319869937213,0.3103757852376788,0.1232347832950564,0.11101458608488307,0.0,0.8022924227613155,0.6544663126813227,0.30668837771493385,0.2985482213661132,0.4171759820449361,sad,04,19,19,male,strong,2183
60,2.0020000000000002,True,1.0,0.29533611286303985,0.24969925943250587,0.27251768614777283,0.5443282642384212,-0.045740740740740804,-0.045787037037037015,0.39079372229993115,0.09071324218320984,0.18652597120515887,0.5006495235536903,0.045636853430533975,4.6296296296211015e-05,0.03290970137186134,0.5511186334063024,0.12423797228089305,0.11058206080230812,0.0,0.7071067807446058,0.6097897433582808,0.28825756906735694,0.27777230560624205,0.3599218263416478,sad,04,19,19,male,strong,2183
70,2.3356666666666666,True,1.0,0.22710254078550124,0.2267311783042666,0.22691685954488391,0.5249277710382885,-0.04402777777777772,-0.042731481481481426,0.41964058334384974,0.05963139478389476,0.19933005317891384,0.43228206253224216,0.00037136248123464943,0.0012962962962962954,0.0025941637841262796,0.6023722778919386,0.12610794983303528,0.1089704673730293,0.0,0.7071067807446058,0.5860718896621148,0.2877333965963606,0.3159332907869874,0.3872292805013121,sad,04,19,19,male,strong,2183
80,2.6693333333333333,True,1.0,0.20063691749648038,0.22109869761498083,0.2108678075557306,0.6931305922284031,-0.05430555555555561,-0.05388888888888893,0.3814824402396039,0.16346499017701716,0.1972237695863105,0.30422522093245685,0.020461780118500444,0.0004166666666666763,0.010728707265504933,0.4177439833981703,0.12575096002958214,0.10938223723376679,0.0,0.7628445684277134,0.5860030451086685,0.2863917819142989,0.31231067239577304,0.3838245757719703,sad,04,19,19,male,strong,2183
90,3.003,True,1.0,0.3559059391396348,0.31659873803452104,0.3362523385870779,0.5710207417672151,-0.05425925925925934,-0.05087962962962961,0.4453202535996506,0.06585234233994168,0.2021139115208346,0.5888618643631619,0.039307201105113765,0.0033796296296297323,0.013720534242097217,0.5328980191445101,0.12723816516706804,0.1076486279316154,0.0,0.7219717872736724,0.5911749652751727,0.28586252858478606,0.32194019461559825,0.3963177250021242,sad,04,19,19,male,strong,2183
100,3.336666666666667,True,1.0,0.13432472859023614,0.1390603156418969,0.13669252211606653,0.4004252385030813,-0.05203703703703699,-0.05148148148148146,0.439336001414909,-0.022869631218623395,0.19032628786065,0.3413683978239415,0.0047355870516607446,0.0005555555555555314,0.013377547278581115,0.7571244755586194,0.12699093232870984,0.10794017267431541,0.0,0.8965343299398632,0.5899574318633704,0.2837725049052807,0.3181964569559295,0.38805567453583334,sad,04,19,19,male,strong,2183
0,0.0,True,1.0,0.4143054040912833,0.38067759729787587,0.3974915006945796,0.7817178881008674,-0.04523148148148143,-0.04995370370370372,0.39493839623046184,0.21434200157604447,0.18303988826881018,0.5084845911103036,0.03362780679340743,0.004722222222222294,0.012052238251479054,0.4085846029851908,0.1288689515230973,0.10569092252490737,0.0,0.8425503779394694,0.6125420342980942,0.28415349273554813,0.325300324831299,0.4039559321400321,sad,04,19,19,male,strong,2184
10,0.33366666666666667,True,1.0,0.38917394213785084,0.35555555555555546,0.3723647488467031,0.7436564276073532,-0.04759259259259252,-0.05203703703703705,0.3969064373274779,0.20166953969012985,0.17880520629163896,0.5007214824253624,0.03361838658229538,0.004444444444444529,0.013831511469357183,0.43888671968372167,0.12672186302455987,0.10825593379701924,0.0,0.69142182667239,0.607509373515031,0.28700446522715545,0.30974158592339146,0.39454397630607113,sad,04,19,19,male,strong,2184
20,0.6673333333333333,True,1.0,0.4182999735861441,0.38095238095238204,0.3996261772692631,0.3809928429774306,-0.04537037037037028,-0.04791666666666661,0.38770326250485426,0.15753371881955044,0.18016091541405113,1.0489073079331737,0.03734759263376208,0.0025462962962963243,0.03032019888803647,0.778335731837707,0.13198443170331706,0.10177370760303445,0.0,0.6675076724468072,0.6063064627882403,0.2860475214892806,0.30453604093229225,0.37733127963236673,sad,04,19,19,male,strong,2184
30,1.0010000000000001,True,1.0,0.4678927436943082,0.41463284855511173,0.44126279612471,1.0667151136106041,-0.05060185185185179,-0.05087962962962961,0.35549961510996597,0.36962827740154336,0.17831995728036845,0.4136650831083935,0.05325989513919649,0.0002777777777778212,0.015836336599411815,0.30104741241379607,0.1279220400619312,0.10683505715556985,0.0,0.9999999987499999,0.6331271122980441,0.2852541490733817,0.29066780745246484,0.37177620948982193,sad,04,19,19,male,strong,2184
40,1.3346666666666667,True,1.0,0.4084137170675909,0.33000843597086,0.36921107651922547,0.6792164893861473,-0.044212962962963065,-0.04685185185185187,0.3811270739806603,0.163273194563978,0.18101206395156916,0.5435837943994938,0.0784052810967309,0.002638888888888802,0.03697001241449562,0.45473374134514294,0.12893935220157443,0.10560502461941,0.0,0.81156786609055,0.6177117919511554,0.2844092970084508,0.2994684538161081,0.3702548504620174,sad,04,19,19,male,strong,2184
50,1.6683333333333334,True,1.0,0.41664024336612476,0.33515482695810594,0.3758975351621153,0.6714627090660843,-0.04495370370370372,-0.04912037037037037,0.415060771311779,0.1738608800260399,0.18434197496654936,0.5598189297584955,0.08148541640801882,0.004166666666666652,0.031927083417827795,0.4322886251532207,0.1320131046773362,0.10173651244737802,0.0,0.6395572518379874,0.6194685846135329,0.2833685285500528,0.3072509264535965,0.38085181454612266,sad,04,19,19,male,strong,2184
60,2.0020000000000002,True,1.0,0.3551300791746515,0.3245885724063654,0.3398593257905085,0.6294760700855572,-0.042268518518518594,-0.04759259259259263,0.4034642732755469,0.1604449259323134,0.1824285407104931,0.5399082537709741,0.030541506768286097,0.005324074074074037,0.020479029710069856,0.5077008158843579,0.1272919652448261,0.10758500525111954,0.0,0.8274878200660958,0.6161404165728791,0.282904049777003,0.3194120076898108,0.398853128408869,sad,04,19,19,male,strong,2184
70,2.3356666666666666,True,1.0,0.4124127188388578,0.3795947591389976,0.3960037389889277,0.8133474391242269,-0.04555555555555557,-0.04949074074074078,0.36650739781097497,0.2962681636946438,0.1811331042748424,0.4868813989447429,0.03281795969986018,0.003935185185185208,0.017673200567932482,0.38157635053570027,0.1268335310812682,0.10812508110692282,0.0,0.722409986517259,0.6184593279264831,0.2876911626804585,0.30337067394190237,0.3840442130206407,sad,04,19,19,male,strong,2184
80,2.6693333333333333,True,1.0,0.37491053349817943,0.33309258742341397,0.35400156046079667,0.3698469045054295,-0.04402777777777778,-0.048379629629629495,0.42088614926914986,0.08947908979970022,0.1881178784210597,0.9571570186160631,0.041817946074765466,0.004351851851851718,0.029997579149858386,0.8165322580645148,0.13023740411543222,0.10399998240593118,0.0,0.6442236374906989,0.5868781353166267,0.291323456667788,0.3163046201900766,0.38706635913119647,sad,04,19,19,male,strong,2184
90,3.003,True,1.0,0.34768625589507324,0.3300084359708611,0.33884734593296717,0.42617960426179546,-0.04569444444444437,-0.050555555555555576,0.40769557746071616,0.07305936073059334,0.18825085659769425,0.7950810938498561,0.017677819924212135,0.004861111111111205,0.02003591875257398,0.7398376131811298,0.12902511640332495,0.10550022326069403,0.0,0.6494731445588464,0.5925726183911064,0.2907695238848137,0.3059511387286504,0.37665694481432455,sad,04,19,19,male,strong,2184
100,3.336666666666667,True,1.0,0.39226403465393284,0.32920820568524856,0.36073612016959067,0.5139686124171408,-0.046296296296296446,-0.04930555555555549,0.3875615636736094,0.15412963630005705,0.18739226585964633,0.7018641050337419,0.06305582896868428,0.003009259259259045,0.00814094872133672,0.6049648541859322,0.12977491425471668,0.10457652414112868,0.0,0.6444818913596577,0.5917543992284414,0.2885551788100208,0.30001716512540894,0.37346921604174255,sad,04,19,19,male,strong,2184
0,0.0,True,1.0,0.33907979289931184,0.34033889256786476,0.3397093427335883,0.666249769221585,-0.048472222222222305,-0.050231481481481544,0.431115038178412,0.18945640096786798,0.17628791969646582,0.5098828673974459,0.001259099668552921,0.0017592592592592382,0.013978227507971432,0.4665951867373629,0.1282249642553883,0.10647129337289951,0.0,0.6620812232120599,0.6191098142929046,0.2825557663959808,0.3184886942318912,0.4099587379835561,sad,04,19,19,male,strong,2185
10,0.33366666666666667,True,1.0,0.3323939951688703,0.3409536698149058,0.3366738324918881,0.5534409258130991,-0.048611111111111105,-0.0493055555555556,0.43611707873230654,0.11852421833554481,0.1775806817928317,0.608328399272708,0.00855967464603552,0.0006944444444444975,0.016643445536156185,0.5396067484894427,0.12895237650814945,0.10558912048051224,0.0,0.6764215872205338,0.616641583453694,0.2822898321818676,0.3167856716306461,0.39989267291099584,sad,04,19,19,male,strong,2185
20,0.6673333333333333,True,1.0,0.3390797928993119,0.335012582874911,0.33704618788711144,0.4429477236270198,-0.04560185185185189,-0.04722222222222211,0.4250866238977388,0.10480538097578479,0.17893714627720234,0.7609164014372906,0.0040672100244009135,0.0016203703703702166,0.017318620385338192,0.7117714841160443,0.12778943056863654,0.1069936409596561,0.0,0.6698717459641866,0.6202570022696577,0.2828554301572902,0.3112231608501504,0.4005925417177255,sad,04,19,19,male,strong,2185
30,1.0010000000000001,True,1.0,0.33158556596117866,0.3257802706334334,0.328682918297306,0.8149784140720033,-0.04606481481481478,-0.04768518518518522,0.4112415121292576,0.21891856598997314,0.1756961599608824,0.40330260608383045,0.0058052953277452635,0.0016203703703704386,0.0069550396983926455,0.40292827799479364,0.12573226979177327,0.10940372070198795,0.0,0.9999999987499999,0.6171958132002802,0.28541134989042494,0.3120598215259418,0.40298577575488737,sad,04,19,19,male,strong,2185
40,1.3346666666666667,True,1.0,0.28084536797317117,0.2966724073138401,0.28875888764350566,0.5350952433859197,-0.04699074074074072,-0.048518518518518516,0.43922702961148014,0.07968932930034175,0.17925010926358437,0.5396401691338674,0.015827039340668925,0.0015277777777777946,0.011144868252934004,0.5879359182516435,0.12720266503027133,0.10769057423837056,0.0,0.8996617040850944,0.6216000405083909,0.28232771880489965,0.3176110744722393,0.4050290705585767,sad,04,19,19,male,strong,2185
50,1.6683333333333334,True,1.0,0.31765575325636947,0.33722664659332174,0.3274411999248456,0.573898458690631,-0.045555555555555516,-0.050138888888888955,0.4788056170030466,0.09908129028875384,0.17793263472483226,0.5705559841925938,0.019570893336952278,0.004583333333333439,0.011572160726508792,0.5226110219765837,0.12894132138702283,0.10560262027986551,0.0,0.6795848110897988,0.6203026799782413,0.28172780270524156,0.326245601910664,0.4156572908333449,sad,04,19,19,male,strong,2185
60,2.0020000000000002,True,1.0,0.3085030148555062,0.29615228891416234,0.30232765188483424,0.45564798966680997,-0.04166666666666663,-0.04537037037037034,0.4168646734879291,0.10174306707273244,0.1828230154940387,0.6635114358913548,0.012350725941343843,0.003703703703703709,0.011789628113970838,0.6842839722432238,0.12523198590022788,0.10997603137852247,0.0,0.8008414507393454,0.6154689184267458,0.28482364436690444,0.31419229822826195,0.4019618997881179,sad,04,19,19,male,strong,2185
70,2.3356666666666666,True,1.0,0.3048872105952933,0.3381056017391808,0.32149640616723707,0.5482386202385482,-0.0429166666666666,-0.04726851851851849,0.42101038111033123,0.14887774177283086,0.1807080321139349,0.5864169255849732,0.03321839114388753,0.0043518518518518845,0.0058659944859980676,0.5759830414407054,0.1286738367949829,0.10592837908346144,0.0,0.7457179385710708,0.6173497298685099,0.28253954276247006,0.3210350153934595,0.40564940172386527,sad,04,19,19,male,strong,2185
80,2.6693333333333333,True,1.0,0.3651653924321458,0.3615819209039554,0.3633736566680506,0.7672003079503427,-0.04236111111111107,-0.0465740740740741,0.37108888275467034,0.30278325902467695,0.1773110993101816,0.473635962997515,0.003583471528190385,0.004212962962963029,0.009562883120579466,0.4049065826568973,0.12789895951035707,0.10686268725342472,0.0,0.6818684900357578,0.6104978091002026,0.2876128946254039,0.3158964373558787,0.3944106250120266,sad,04,19,19,male,strong,2185
90,3.003,True,1.0,0.3660832180412739,0.36050902398094764,0.36329612101111075,0.6267489624689838,-0.04981481481481481,-0.05134259259259255,0.4353309298661656,0.13671663083768798,0.18074180452164612,0.5796517310215561,0.005574194060326276,0.001527777777777739,0.0016031616422977166,0.48058129386881654,0.12688080768444057,0.10806959985086623,0.0,0.6695662126412371,0.6154487479210434,0.2820506957676411,0.3195919995232708,0.4083634919615861,sad,04,19,19,male,strong,2185
100,3.336666666666667,True,1.0,0.35950216116333117,0.3557507608849038,0.3576264610241175,0.6349727095596731,-0.04541666666666666,-0.05046296296296293,0.42018335541528906,0.1821717558047173,0.17654496410821927,0.5632154825553313,0.0037514002784273526,0.005046296296296271,0.011411243100978621,0.46888676253315636,0.12857997468591484,0.10604229288644691,0.0,0.7667062374405326,0.6137780437174871,0.2819502617666168,0.3221796819181971,0.40843549506252913,sad,04,19,19,male,strong,2185
110,3.6703333333333332,True,1.0,0.34172876379850803,0.36178043479820693,0.3517545992983575,0.5611703054314793,-0.04675925925925917,-0.04879629629629634,0.4388776056289178,0.11777870457859237,0.1808409744942716,0.6268232582761062,0.0200516709996989,0.0020370370370371704,0.018418081217344676,0.5411713285628108,0.12718532733900653,0.10771104994551799,0.0,0.6942104600764316,0.6156586933679721,0.2810522647750812,0.316928959261056,0.4017258242510875,sad,04,19,19,male,strong,2185
0,0.0,True,1.0,0.6298370030676325,0.5872545806354612,0.6085457918515469,0.874728479631305,-0.053101851851851845,-0.051805555555555494,0.34891293321052513,0.5149399287138523,0.1650573343148105,0.6956967859421324,0.04258242243217125,0.001296296296296351,0.004967189206517257,0.3265994620207299,0.1288072434314909,0.10576611844287814,0.0,0.9999999987499999,0.6319533306056798,0.2796798975131339,0.2972251630954755,0.38901959311181483,angry,05,19,19,male,normal,2186
10,0.33366666666666667,True,1.0,0.5994672928806836,0.5726410546604733,0.5860541737705784,0.6929073189715966,-0.051990740740740726,-0.05254629629629626,0.372475554321527,0.35944641539052063,0.1713795435394593,0.8457901334342837,0.02682623822021024,0.0005555555555555314,0.009399538599421817,0.39305316422249226,0.12710970097917587,0.10780028612030255,0.0,0.7144899965926981,0.63641496511886,0.2805653067250908,0.29047441627173887,0.3802964794963465,angry,05,19,19,male,normal,2186
20,0.6673333333333333,True,1.0,0.6128704989267438,0.5862653349395999,0.5995679169331718,0.847923532533744,-0.053333333333333344,-0.05222222222222217,0.358052873972263,0.44440289216818224,0.17068732137555298,0.7071013999830361,0.026605163987143965,0.0011111111111111738,0.010556590102888442,0.3450783422948396,0.12841811104894685,0.10551848527726405,0.0,0.696243164558028,0.6279937287883903,0.28087280225618,0.3055284830291464,0.4004381826610978,angry,05,19,19,male,normal,2186
30,1.0010000000000001,True,1.0,0.20199627986858265,0.21486692129443952,0.20843160058151108,0.808404641737463,-0.07814814814814819,-0.08398148148148143,0.4616549477279916,0.31907214012849855,0.19794788850499279,0.2578307815421985,0.012870641425856866,0.005833333333333246,0.009812770251523809,0.3702590707459238,0.12059737035421064,0.11454143438356125,0.0,0.9999999987499999,0.6298171463741747,0.2821142219789507,0.3152001314356719,0.43187606567016823,angry,05,19,19,male,normal,2186
40,1.3346666666666667,True,1.0,0.502630967818369,0.5131871686456988,0.507909068232034,1.0558777595447393,-0.050416666666666665,-0.0537037037037037,0.3829375018446814,0.4496281474311861,0.17511157157652368,0.4810301795266794,0.010556200827329776,0.0032870370370370328,0.0035999550162041038,0.2889103122663553,0.12687825841301942,0.10807259279207111,0.0,0.6685980061593501,0.6193287717430722,0.2870873214745705,0.30564365163440976,0.4061604920158918,angry,05,19,19,male,normal,2186
50,1.6683333333333334,True,1.0,0.5738075175236388,0.6010443378740004,0.5874259276988196,1.8684330489369643,-0.05300925925925931,-0.06004629629629632,0.35226907744236663,0.7319772962089707,0.1736853628108892,0.3143949567971048,0.027236820350361568,0.007037037037037008,0.02239933668833987,0.16106558431975623,0.12150973662870722,0.11374073052133891,0.0,0.7098225843534098,0.6688246176361171,0.3051587372894645,0.28156637673088947,0.42351457697336437,angry,05,19,19,male,normal,2186
60,2.0020000000000002,True,1.0,0.4913407370623229,0.4951763177388003,0.4932585274005616,0.43746458436380087,-0.04828703703703702,-0.04967592592592596,0.3745795542662898,0.20547578962542112,0.17921818428722594,1.1275393369680453,0.003835580676477379,0.0013888888888889395,0.004747501630874424,0.648435728102839,0.12469266426552239,0.1097223655903479,0.0,0.9130270244075844,0.625542975713723,0.28028455872790975,0.28757997444666206,0.39299412713776644,angry,05,19,19,male,normal,2186
70,2.3356666666666666,True,1.0,0.4566566162504845,0.4347776052030513,0.4457171107267679,1.0342369873367725,-0.04143518518518524,-0.04199074074074072,0.3351611883881657,0.37674559612808994,0.16403964879807886,0.43096226124586634,0.021879011047433172,0.0005555555555554759,0.005180683586704544,0.33869627848848133,0.12489423780544455,0.11018667426536487,0.0,0.9999999987499999,0.6200727998777636,0.28344145175559166,0.29109459123607717,0.3890791209665146,angry,05,19,19,male,normal,2186
80,2.6693333333333333,True,1.0,0.5853409112336881,0.557334054714743,0.5713374829742155,0.9176797380343732,-0.046990740740740666,-0.048518518518518516,0.3398271910439014,0.3932756407662008,0.18212927311106017,0.6225891880297951,0.02800685651894519,0.00152777777777785,0.00032938259676568827,0.3124875445903608,0.1271997892036561,0.10716193146199478,0.0,0.7451694953313576,0.6251092918104743,0.28150373282618474,0.2985442982812337,0.39014870025441695,angry,05,19,19,male,normal,2186
90,3.003,True,1.0,0.573566916794545,0.581839392829928,0.5777031548122364,1.1793153643696304,-0.04583333333333328,-0.0471759259259259,0.3343345294376166,0.4585784136610385,0.18157971088822117,0.4898631632099793,0.008272476035383058,0.0013425925925926174,0.011363736960439394,0.2569196655790179,0.12573751207482062,0.10939769571436447,0.0,0.9999999987499999,0.6224969083649085,0.28151086153618715,0.29496615882538413,0.390237289232254,angry,05,19,19,male,normal,2186
100,3.336666666666667,True,1.0,0.5888767559046912,0.6145641808360327,0.601720468370362,1.1953999918994842,-0.04606481481481478,-0.04745370370370372,0.33759375486154336,0.48958074761564185,0.182428540710493,0.5033632863040524,0.025687424931341463,0.0013888888888889395,0.020815219794900388,0.2577585271232246,0.12604564376897442,0.10886766971755778,0.0,0.7448232320034475,0.6247106252344687,0.28087626541624583,0.29112121517382566,0.3861028889960178,angry,05,19,19,male,normal,2186
110,3.6703333333333332,True,1.0,0.5970151148740117,0.6247590129079491,0.6108870638909805,1.1953628322370304,-0.04865740740740737,-0.047592592592592686,0.3413419568147852,0.5189948692780209,0.1780325071295551,0.5110473970047671,0.027743898033937398,0.0010648148148146852,0.031475839837901885,0.2420490608634193,0.1280421016978527,0.10651241249703597,0.0,0.7071067807446058,0.6202433171471714,0.28144920876921187,0.29664064259675343,0.3860391406841265,angry,05,19,19,male,normal,2186
0,0.0,True,1.0,0.5737034721893655,0.5123706433740892,0.5430370577817274,0.5705632162913704,-0.04472222222222216,-0.0503703703703704,0.39099447365536527,0.17963668787539713,0.17988825674602404,0.9517561635175826,0.06133282881527624,0.005648148148148235,0.042709366371113465,0.49620654852426294,0.12944220039134813,0.1046245030268974,0.0,0.9999999987499999,0.6279669972129477,0.2770755078835829,0.2937846366299552,0.38706847358294966,angry,05,19,19,male,normal,2187
10,0.33366666666666667,True,1.0,0.53108884073402,0.4775688710465365,0.5043288558902782,0.7412527922508536,-0.04449074074074072,-0.049398148148148135,0.431713345125957,0.22422338395063288,0.18472593936351142,0.6803736338838694,0.05351996968748346,0.004907407407407416,0.04592369093335689,0.3934503381666901,0.12684818609311033,0.10757789555877545,0.0,0.8313756594906645,0.6288004126103567,0.2777379600122189,0.3015639428885562,0.4085542131494545,angry,05,19,19,male,normal,2187
20,0.6673333333333333,True,1.0,0.5169236534914268,0.44097016275974193,0.4789469081255844,0.6789937330606075,-0.042453703703703716,-0.047453703703703665,0.44995830675554593,0.17748537872865439,0.18406923095099215,0.7053775091070439,0.07595349073168484,0.004999999999999949,0.0541442568329153,0.4294763263041351,0.128058851012591,0.10667102909446122,0.0,0.7384715090038926,0.6231022534091762,0.281139333070578,0.30640726914166355,0.4051606110549421,angry,05,19,19,male,normal,2187
30,1.0010000000000001,True,1.0,0.36158192090395647,0.33475367028977204,0.3481677955968643,0.7361278969595366,-0.044537037037036986,-0.05074074074074064,0.46619998154045056,0.15216952805577466,0.1875,0.47297188034160637,0.026828250614184423,0.006203703703703656,0.04492675231891669,0.425679084276534,0.12431508302830566,0.11066765564845854,0.0,0.9999999987499999,0.6124725630486569,0.28815541119725613,0.3088116776455926,0.4145890377915962,angry,05,19,19,male,normal,2187
40,1.3346666666666667,True,1.0,0.36990165932372954,0.350060016169844,0.3599808377467868,0.8127216480012056,-0.04134259259259254,-0.04796296296296293,0.4254165930458632,0.2571574866711139,0.18615210035902052,0.4429325078667682,0.019841643153885535,0.0066203703703703876,0.04837614117302097,0.41215872324475206,0.1267733601493112,0.10819562341868828,0.0,0.859030445900712,0.6222528753063726,0.28345476339089914,0.3061300506395417,0.3968126996351959,angry,05,19,19,male,normal,2187
50,1.6683333333333334,True,1.0,0.31335780637548843,0.3211737005722374,0.3172657534738629,0.9890848740792305,-0.04879629629629634,-0.05523148148148149,0.42755026692039233,0.30580953013585993,0.183163116246858,0.3207669652912399,0.00781589419674894,0.006435185185185155,0.016165160929413225,0.30934953355124795,0.12823156280956588,0.10646334613579422,0.0,0.7258530213856927,0.6303519096232243,0.284260357637362,0.2868106588289431,0.39024505971715107,angry,05,19,19,male,normal,2187
60,2.0020000000000002,True,1.0,0.47415886243923444,0.4480533209665561,0.4611060917028953,0.5649032833339352,-0.04402777777777778,-0.04819444444444443,0.38096481499583496,0.025643915367623255,0.18127693765341465,0.8162567032387354,0.02610554147267835,0.004166666666666652,0.02857489783408389,0.5025633010144579,0.12501918491767883,0.11021788045903436,0.0,0.8035393809088495,0.6226662053180647,0.2820607480731039,0.28783706540033294,0.4008908073504729,angry,05,19,19,male,normal,2187
70,2.3356666666666666,True,1.0,0.6008112044125972,0.5870004183072199,0.5939058113599085,1.2066056362544262,-0.048703703703703694,-0.05421296296296302,0.3144312994635672,0.5175626165628749,0.18110235378985365,0.4922120314335055,0.013810786105377226,0.005509259259259325,0.030618998369473825,0.23612099740233208,0.124064010852347,0.11129195380392387,0.0,0.8056370039458086,0.6144053852322179,0.2855703727757567,0.27847338800094074,0.3765241282073397,angry,05,19,19,male,normal,2187
80,2.6693333333333333,True,1.0,0.5502745440524236,0.5497185019679446,0.5499965230101841,0.7850881109628269,-0.04305555555555557,-0.04893518518518519,0.3793683769020851,0.2505875367369916,0.18781873949702144,0.7005538809340418,0.0005560420844790137,0.0058796296296296235,0.024097964388051566,0.35931942309201664,0.12735992128094104,0.1075045497732111,0.0,0.829220141940287,0.602642567167492,0.2843777192393564,0.30172146280805606,0.3897465846472463,angry,05,19,19,male,normal,2187
90,3.003,True,1.0,0.5503820057365987,0.5504450843905758,0.5504135450635872,0.8654926933188934,-0.04337962962962977,-0.0476388888888889,0.3692201901051608,0.2948830219638508,0.18573898132602049,0.6359540055190109,6.30786539771444e-05,0.004259259259259129,0.024685984856360796,0.3324130638924442,0.12719084874141837,0.10770452992831465,0.0,0.6975531485028005,0.601734130777311,0.28453583529207455,0.2968324406987703,0.3895556845919089,angry,05,19,19,male,normal,2187
100,3.336666666666667,True,1.0,0.5838561732023897,0.5870413337667715,0.5854487534845806,0.9451997236790343,-0.045648148148148215,-0.050694444444444375,0.3549482501361008,0.3576409066498119,0.18424695923669349,0.6193915834061162,0.0031851605643817837,0.00504629629629616,0.02413975211335325,0.31343822981609254,0.12684726668094473,0.10810896681628669,0.0,0.7487478497603367,0.6009135801039166,0.2850739583227865,0.29487668831202507,0.38616609843316035,angry,05,19,19,male,normal,2187
0,0.0,True,1.0,0.5058036512174545,0.4564966136181087,0.4811501324177816,0.8524810207139312,-0.04351851851851857,-0.04750000000000004,0.38374633889998166,0.39995042577222867,0.15633832380193133,0.5644115478545558,0.04930703759934579,0.003981481481481475,0.03639598522773123,0.3320194998060327,0.12648471573825834,0.10853291876284998,0.0,0.7259332375930337,0.6324396070928372,0.28195790308938273,0.2765927323315692,0.3696562870920951,angry,05,19,19,male,normal,2188
10,0.33366666666666667,True,1.0,0.5734677712317848,0.55702212916942,0.5652449502006024,0.9290944414244965,-0.043842592592592655,-0.047314814814814754,0.3732859915032284,0.41803851437214273,0.1527857676256727,0.6083826627290585,0.016445642062364874,0.003472222222222099,0.01959428547519468,0.29865250811399213,0.12778116749123847,0.10700350931321603,0.0,0.8455951965432047,0.6335334414703382,0.2808999844021662,0.2931293743944529,0.3825618563579081,angry,05,19,19,male,normal,2188
20,0.6673333333333333,True,1.0,0.5670336030183872,0.5333099373214822,0.5501717701699347,0.8125241251894532,-0.044490740740740775,-0.04893518518518525,0.3693997067553831,0.3452620679408342,0.16058826598777404,0.6771143811165646,0.03372366569690499,0.004444444444444473,0.02314194603394979,0.3472141412017757,0.12419919511310913,0.11114107118260569,0.0,0.8263760882305237,0.6242927280365271,0.28639332792603067,0.2789382042433291,0.3811780789350285,angry,05,19,19,male,normal,2188
30,1.0010000000000001,True,1.0,0.20541970069399024,0.19693437989214926,0.20117704029306976,0.8177475202340692,-0.047037037037037044,-0.05175925925925928,0.4153603698506413,0.385158135248188,0.11458599665465354,0.2460136354011634,0.008485320801840973,0.004722222222222239,0.0059787154121893555,0.36683563671919533,0.12010576021195529,0.11555251677814646,0.0,0.9999999987499999,0.6323276202903036,0.2854562222255936,0.2877351490729332,0.39967680321705096,angry,05,19,19,male,normal,2188
40,1.3346666666666667,True,1.0,0.163533124853785,0.19009341954834638,0.17681327220106569,0.7497392336991044,-0.0471759259259259,-0.04935185185185187,0.40159111417829424,0.3061300677412263,0.13631331114904682,0.2358330260091828,0.026560294694561393,0.00217592592592597,0.0054558710944646064,0.4221855370836461,0.12571896750495828,0.1094190064848696,0.0,0.785368691272898,0.6320767693639957,0.28562623887355054,0.2885987362661652,0.39020063197056726,angry,05,19,19,male,normal,2188
50,1.6683333333333334,True,1.0,0.36237467435014864,0.35512776339768193,0.35875121887391526,0.467460562953264,-0.035740740740740684,-0.037129629629629624,0.3747188253537457,0.22037426539225308,0.15079364314513474,0.7674470261350853,0.007246910952466712,0.0013888888888889395,0.016393101965474954,0.6274365770046119,0.12634242066092713,0.10869853040425463,0.0,0.8431935872892293,0.6332091590933249,0.2842096731180696,0.28492722257820075,0.3721980842458556,angry,05,19,19,male,normal,2188
60,2.0020000000000002,True,1.0,0.3910346264204549,0.37038802560095957,0.38071132601070723,0.9572649572649579,-0.03671296296296295,-0.03759259259259268,0.3284510723764073,0.42545109211775983,0.15705378351814997,0.3977073673504707,0.02064660081949532,0.0008796296296297301,0.005426684701205369,0.32142857142857145,0.12445728120583718,0.11085198656437416,0.0,0.6760201078706701,0.6300986133594062,0.2849718660226349,0.27898120354649597,0.37002890818526046,angry,05,19,19,male,normal,2188
70,2.3356666666666666,True,1.0,0.39247436777323275,0.39228794376568776,0.39238115576946025,0.9627610917791917,-0.03740740740740739,-0.038703703703703796,0.36826399733890713,0.3864483104233588,0.15628954577687085,0.40755817732968014,0.000186424007544983,0.0012962962962964064,0.0066646761958624534,0.31689146351256353,0.1288663826634581,0.10569405465889989,0.0,0.6730457728787331,0.6334452474505426,0.2834016032176289,0.29602915754455716,0.3819150748858866,angry,05,19,19,male,normal,2188
80,2.6693333333333333,True,1.0,0.42970057015261065,0.40612592851739904,0.41791324933500484,1.0003872905628421,-0.038472222222222296,-0.04185185185185181,0.3751028962779912,0.4067784048321999,0.15429330384404605,0.4177514581376546,0.023574641635211613,0.0033796296296295103,0.01970171949329376,0.30775431340008713,0.1259250725584306,0.1091817469714156,0.0,0.8748179265247285,0.6319167535842463,0.2844583085119958,0.28372798724470716,0.37463290497954593,angry,05,19,19,male,normal,2188
90,3.003,True,1.0,0.40385685721161235,0.3693342364274596,0.386595546819536,0.9283746712355008,-0.038564814814814774,-0.04291666666666666,0.36892508230187016,0.4034267311196314,0.15242207744234523,0.4164219024901298,0.03452262078415275,0.0043518518518518845,0.04805587183865777,0.34495743677702195,0.1269002606538947,0.10804675662207594,0.0,0.6744012645247848,0.6345342418686224,0.28191155933765005,0.29203700239722374,0.38685335842118096,angry,05,19,19,male,normal,2188
0,0.0,True,1.0,0.6224453964846536,0.568371799286354,0.5954085978855037,0.6034322375524006,-0.05314814814814811,-0.05805555555555558,0.36526803622409304,0.28828399219007245,0.17161493459470595,0.9867033294418578,0.05407359719829963,0.004907407407407471,0.028386110421889578,0.4521541378405072,0.12698544161233427,0.10652532003631225,0.0,0.7071067807446058,0.630057692530137,0.2814642452513807,0.28525625200417665,0.3686815055194729,angry,05,19,19,male,normal,2189
10,0.33366666666666667,True,1.0,0.5769433342642601,0.5625847421202755,0.5697640381922678,0.6115460328271073,-0.0531018518518519,-0.0556018518518519,0.3539235998521043,0.3199676414520387,0.16401831622303836,0.9316780873523354,0.014358592143984605,0.0025000000000000022,0.019601034043515483,0.4192142812614582,0.12620026224227887,0.10727691295195513,0.0,0.9999999987499999,0.6333029050995398,0.2814124915092919,0.2772345015520323,0.3637111895999034,angry,05,19,19,male,normal,2189
20,0.6673333333333333,True,1.0,0.5384266393322056,0.49487839323367194,0.5166525162829387,0.6030772776675268,-0.04884259259259255,-0.05175925925925923,0.32292738246346575,0.3786987135852368,0.16573817706754712,0.8566937197188955,0.04354824609853364,0.0029166666666666785,0.016445024705491064,0.4325123981989912,0.1273970190398229,0.10657043479652105,0.0,0.9999999987499999,0.6375171934086135,0.27963558824031387,0.27784016375196785,0.37133428144031744,angry,05,19,19,male,normal,2189
30,1.0010000000000001,True,1.0,0.31944706006014356,0.28696498664006165,0.3032060233501026,1.5116750974090725,-0.06995370370370368,-0.07148148148148142,0.3385136408885966,0.6758042349592798,0.16864288795954727,0.20057618457152662,0.032482073420081914,0.001527777777777739,0.025194840451900215,0.1902521350545387,0.12227771734056742,0.11291470106615868,0.0,0.8061452210780448,0.6263874418282939,0.28264077169667523,0.28465198764458044,0.3823570332190119,angry,05,19,19,male,normal,2189
40,1.3346666666666667,True,1.0,0.3153096675768274,0.31354548433827645,0.3144275759575519,0.7734614918979706,-0.05925925925925929,-0.06370370370370365,0.40090530600960106,0.3252282626874511,0.17365505086318994,0.40652001327950904,0.0017641832385509315,0.004444444444444362,0.021702475042205505,0.3867317095290963,0.12686224069257343,0.10809139492668061,0.0,0.697017089752633,0.6274986429102892,0.28658249378395634,0.29240453392870697,0.37538819071221713,angry,05,19,19,male,normal,2189
50,1.6683333333333334,True,1.0,0.48189140416339354,0.4716515551147631,0.4767714796390783,0.8591000368672852,-0.05106481481481473,-0.05240740740740746,0.3929530383108471,0.3790017554007024,0.17448054864018764,0.5549661962274255,0.010239849048630456,0.0013425925925927285,0.015367452953056401,0.3584118030252358,0.12502186977377697,0.1095212036928838,0.0,0.7661212037093138,0.6280294727109594,0.2852459800313714,0.3050337286958858,0.41500060855125814,angry,05,19,19,male,normal,2189
60,2.0020000000000002,True,1.0,0.3026779051789906,0.3151005278248013,0.30888921650189594,0.7177638760063988,-0.06361111111111106,-0.06657407407407412,0.3899931007797493,0.3399934149503995,0.1737696812730869,0.43034934861940893,0.012422622645810677,0.002962962962963056,0.005295420430925207,0.4148448166657452,0.12541146504486894,0.10890005724442664,0.0,0.7071067807446058,0.6263560761023159,0.2821402469787472,0.2979112945055541,0.39665906817749164,angry,05,19,19,male,normal,2189
70,2.3356666666666666,True,1.0,0.6001924154313848,0.6205642606161142,0.6103783380237495,1.1690500807885116,-0.049907407407407456,-0.050231481481481544,0.3009395243490561,0.5518998640252156,0.17270397227641035,0.5221147905075683,0.020371845184729453,0.0003240740740740877,0.030036583525739218,0.22819633318728433,0.12731014674453903,0.1068526486159034,0.0,0.9999999987499999,0.6153146034585709,0.28518235316850177,0.2968613337727011,0.38822958388858636,angry,05,19,19,male,normal,2189
80,2.6693333333333333,True,1.0,0.5946854737981437,0.6058441196134463,0.600264796705795,1.148271214037348,-0.04865740740740743,-0.04763888888888895,0.34923947326325605,0.4676338188182779,0.17616669952500266,0.5227552422874472,0.01115864581530257,0.0010185185185184742,0.023793023040186843,0.2502081336602152,0.12516282947664972,0.10936008457189281,0.0,0.7233947144290883,0.6144524350834084,0.28507009335858907,0.2918054453000996,0.3846754018223425,angry,05,19,19,male,normal,2189
90,3.003,True,1.0,0.5958448476985861,0.5879173380771963,0.5918810928878913,1.1844514672283526,-0.048009259259259196,-0.04842592592592587,0.34335609484245116,0.49215143661882893,0.1761112567995942,0.4997090292546207,0.007927509621389883,0.0004166666666666763,0.022123515872687835,0.24507292929572386,0.12678817049430102,0.10747149297860929,0.0,0.7775368428299435,0.6184729666475965,0.2841026715697143,0.2937066727003078,0.386049345972085,angry,05,19,19,male,normal,2189
100,3.336666666666667,True,1.0,0.5958448476985859,0.6248588337968052,0.6103518407476956,0.8793039532070768,-0.048842592592592715,-0.04888888888888876,0.35689635199231556,0.4120305252533579,0.17417971123952578,0.6941306683787389,0.029013986098219258,4.629629629604448e-05,0.028312695875315718,0.3166817535701309,0.1283703435734618,0.10593689048946717,0.0,0.7071067807446058,0.620239577401273,0.2810944613296221,0.29448477670837975,0.3887473602848858,angry,05,19,19,male,normal,2189
0,0.0,True,1.0,0.6446128944250255,0.6041003733756165,0.624356633900321,1.1249749279755372,-0.050509259259259254,-0.05203703703703705,0.34993539370587995,0.5483033081928702,0.16882638968335384,0.5549960433552861,0.040512521049408945,0.0015277777777777946,0.013289408275987494,0.25430000318449525,0.12230086698573127,0.11238218705388572,0.0,0.9999999987499999,0.6829452043317327,0.29807476774684305,0.2706083380379598,0.4068582286980667,angry,05,19,19,male,strong,2190
10,0.33366666666666667,True,1.0,0.6123104283505899,0.5965360208945102,0.60442322462255,1.036252863623255,-0.050138888888888844,-0.05509259259259264,0.3533727198851873,0.5248855710160322,0.16880469672010198,0.5832777363906971,0.01577440745607972,0.004953703703703793,0.02809306561620456,0.26899406286059213,0.12852499690122995,0.10610892018301543,0.0,0.6655005787106201,0.6398230268044719,0.28259538562607045,0.29154217254779896,0.37723146205306596,angry,05,19,19,male,strong,2190
20,0.6673333333333333,True,1.0,0.6007952188429146,0.5757239052974246,0.5882595620701696,0.8292564089790667,-0.04634259259259249,-0.05143518518518525,0.3711267387572058,0.3543090265844209,0.1743270016496914,0.7093819905406595,0.02507131354549008,0.0050925925925927595,0.023799937491684117,0.32808052871873306,0.12772301973263125,0.10689482706627267,0.0,0.9105192195667956,0.6319458692930298,0.28108791009076345,0.29310633962078564,0.3930962234617052,angry,05,19,19,male,strong,2190
30,1.0010000000000001,True,1.0,0.40640547163730567,0.4059894856831446,0.40619747866022515,1.1429142646671082,-0.042962962962962925,-0.046296296296296335,0.39859542257023445,0.40171210182298006,0.17709022658152102,0.3554050301214296,0.0004159859541610911,0.0033333333333334103,0.01621358139267518,0.30452804661674343,0.1217788657726941,0.11378789751584303,0.0,0.8751049665471552,0.6277806831482593,0.2869634913803076,0.2930506780784733,0.41112736247883763,angry,05,19,19,male,strong,2190
40,1.3346666666666667,True,1.0,0.3204578439145758,0.34565049570503315,0.3330541698098045,0.9745051892885348,-0.04333333333333328,-0.04638888888888887,0.39142829943774615,0.3715963032580416,0.16556603292584235,0.34176746668015195,0.02519265179045732,0.003055555555555589,0.00818616611581096,0.3392625324181614,0.12604104989400172,0.10904784047440844,0.0,0.75810390062406,0.6187248249143408,0.28767029009244344,0.3010758173179039,0.4015779273526952,angry,05,19,19,male,strong,2190
50,1.6683333333333334,True,1.0,0.4367244895111543,0.482339874977414,0.45953218224428416,1.808512091087684,-0.04249999999999998,-0.04777777777777781,0.3664924839678974,0.6410544553156992,0.16572079166492992,0.25409406136063495,0.045615385466259706,0.005277777777777826,0.010055098844259442,0.1679051782857323,0.12476639527107705,0.11050395640704835,0.0,0.6768079100866019,0.6151296475543343,0.2940227092618774,0.30811101731518664,0.41619461481602765,angry,05,19,19,male,strong,2190
60,2.0020000000000002,True,1.0,0.45859287577414565,0.4711930575722621,0.4648929666732039,0.3782100951057401,-0.04541666666666666,-0.04893518518518514,0.3731977255958816,0.14137307804105373,0.17811391629475481,1.2291923792865151,0.01260018179811645,0.0035185185185184764,0.01707659043736604,0.7287586081212998,0.12493193315586194,0.11031677047666441,0.0,0.7570291753427136,0.620057021839986,0.2858260850393347,0.2791999744217827,0.3844992964629561,angry,05,19,19,male,strong,2190
70,2.3356666666666666,True,1.0,0.47319888922289916,0.44398111749813407,0.4585900033605166,0.9908401372637484,-0.037037037037037035,-0.039768518518518425,0.37252673426272176,0.36114733670789917,0.16442615212549694,0.4628294576630035,0.029217771724765085,0.0027314814814813904,0.01525677757175865,0.3483082251058115,0.12810041328468183,0.10608369358426911,0.0,0.622067230251932,0.6241498246173469,0.2852573773592702,0.31440926805404523,0.40436269090491817,angry,05,19,19,male,strong,2190
80,2.6693333333333333,True,1.0,0.6159234181966504,0.6131015232006675,0.6145124706986589,1.1758060898805944,-0.0431481481481481,-0.05023148148148149,0.2677113954345052,0.5785159943779784,0.18212927311106017,0.5226307943013494,0.0028218949959829542,0.007083333333333386,0.01323569565575674,0.2245928743339089,0.1264092224911832,0.10862083704271902,0.0,0.7558545320725208,0.6123022728310075,0.2913139420445959,0.2821132971795785,0.3752278641995706,angry,05,19,19,male,strong,2190
90,3.003,True,1.0,0.5780997520661861,0.5904623904374707,0.5842810712518285,1.0800093799754915,-0.039953703703703713,-0.04722222222222222,0.35955528086790756,0.40320266531163085,0.17855598934648143,0.5409962932591266,0.012362638371284596,0.0072685185185185075,0.01621115962720686,0.26122245494055213,0.1265637745346358,0.10844071535341666,0.0,0.6928816439721108,0.6220160973373725,0.2849543230266706,0.28652618067685054,0.3789342416720392,angry,05,19,19,male,strong,2190
100,3.336666666666667,True,1.0,0.6029811919546321,0.6034179607198331,0.6031995763372326,1.0413872877931072,-0.042083333333333306,-0.0492129629629629,0.3600720006098913,0.43949967644692706,0.1778296977626925,0.5792269441040753,0.00043676876520104546,0.007129629629629597,0.022173320512021536,0.2802882631719879,0.12883818854039147,0.10572842070467083,0.0,0.6999768554770387,0.6195002283569678,0.28496938903347646,0.29113259906842204,0.38409606201942853,angry,05,19,19,male,strong,2190
110,3.6703333333333332,True,1.0,0.6021195260241514,0.6094030673505414,0.6057612966873465,0.9825762091964638,-0.042175925925925895,-0.04888888888888887,0.3545564878016842,0.4358086218810767,0.17573786330129448,0.6165031180459061,0.007283541326389975,0.006712962962962976,0.01666340994547747,0.303921206992899,0.1273573768291862,0.10750756409594348,0.0,0.7071067807446058,0.6259117082223515,0.28265009160230453,0.2937047694729172,0.3902241734809035,angry,05,19,19,male,strong,2190
0,0.0,True,1.0,0.5877329473544015,0.5572624566698976,0.5724977020121496,0.7648696872584116,-0.043657407407407534,-0.049120370370370314,0.3651655023746601,0.314000375022737,0.1784739321483694,0.748490509624198,0.030470490684503915,0.005462962962962781,0.026124048920829732,0.3782818403660626,0.12771381502821885,0.10708388871138146,0.0,0.8344278164074471,0.6329473625465811,0.28155545492428297,0.2882944682592538,0.3841010384575472,angry,05,19,19,male,strong,2191
10,0.33366666666666667,True,1.0,0.619889418863091,0.5669560631058426,0.5934227409844668,0.747611040829079,-0.04583333333333334,-0.04856481481481478,0.3714273829304713,0.26695008081033783,0.18125378834941805,0.7937586640325404,0.052933355757248446,0.002731481481481446,0.02636896150540187,0.37541719204476437,0.12777377268850143,0.10701233939928004,0.0,0.8090801593264814,0.6346993232214762,0.28305753761945085,0.2884173720637889,0.3836079930692537,angry,05,19,19,male,strong,2191
20,0.6673333333333333,True,1.0,0.634028288337591,0.5706039048063842,0.6023160965719876,0.7580296854583507,-0.044490740740740664,-0.04833333333333334,0.36257159445722037,0.2963051992964412,0.18196499023394078,0.7945811465256678,0.06342438353120672,0.003842592592592675,0.029470712817937023,0.38013239770281043,0.12791349497643267,0.1068452880272041,0.0,0.7789778633402011,0.6330059048384978,0.28275261962153975,0.28902492662626705,0.38222086978208963,angry,05,19,19,male,strong,2191
30,1.0010000000000001,True,1.0,0.3751126517517401,0.3793343056686426,0.37722347871019135,1.1848657598505699,-0.041805555555555485,-0.04699074074074061,0.4114825109089558,0.4109675746771479,0.1688385907503451,0.31836811518442826,0.004221653916902546,0.005185185185185126,0.015033006326124566,0.2885417925720384,0.11973836921567758,0.11593317345559252,0.0,0.6737647979395127,0.6279955054990748,0.286708443951507,0.28258092043178146,0.40448065771158204,angry,05,19,19,male,strong,2191
40,1.3346666666666667,True,1.0,0.3349876982983962,0.33694737749458425,0.33596753789649025,1.054372357094237,-0.03245370370370376,-0.032546296296296295,0.3977974797410242,0.36624332292329304,0.1610664451917595,0.3186422098758251,0.0019596791961880577,9.259259259253305e-05,0.0027241402198089457,0.31705616531845726,0.12596989906345488,0.10913002474471756,0.0,0.6836199525864607,0.6318532185295994,0.2890621266911587,0.2835636529256297,0.3933043994330737,angry,05,19,19,male,strong,2191
50,1.6683333333333334,True,1.0,0.32874111339289924,0.3541797714661639,0.34146044242953155,1.7951021137851717,-0.041018518518518454,-0.04249999999999993,0.38638553416385085,0.5553011716953432,0.15810330879843748,0.19021783764129405,0.025438658073264675,0.0014814814814814725,0.011625544560902793,0.18036206944423766,0.12560050481806317,0.10955496775548286,0.0,0.8123724547655483,0.6154803725943503,0.2942148497720922,0.30741388787158874,0.4175904898820861,angry,05,19,19,male,strong,2191
60,2.0020000000000002,True,1.0,0.3584500036694885,0.3583915745134024,0.3584207890914455,0.9661404295697981,-0.03907407407407404,-0.040000000000000036,0.4270008100814951,0.32004062922410936,0.1661748170125315,0.3709820830611992,5.8429156086059475e-05,0.0009259259259259967,0.00809447045917082,0.3556161153634089,0.12690558929750084,0.10804049785017478,0.0,0.8482577988015841,0.6250699420002376,0.2845104428701169,0.31787130597704805,0.4243123255641587,angry,05,19,19,male,strong,2191
70,2.3356666666666666,True,1.0,0.4450072478760832,0.4747875934694694,0.4598974206727763,1.5512656215637608,-0.044537037037036986,-0.04800925925925925,0.4350994906026567,0.4415862741441585,0.1695596716589367,0.29646593999109866,0.029780345593386215,0.0034722222222222654,0.011042696686399725,0.18533236031370312,0.12590257136922808,0.10920769337910212,0.0,0.8665958323568617,0.612037455732293,0.29551932098304373,0.30634807442680806,0.406356128139588,angry,05,19,19,male,strong,2191
80,2.6693333333333333,True,1.0,0.39538047735744164,0.42417936498490355,0.40977992117117257,1.0243007617492332,-0.04629629629629639,-0.04814814814814816,0.4052745714021629,0.40835443335321786,0.17157225107354981,0.40005820211573156,0.02879888762746191,0.0018518518518517713,0.012110580028124903,0.32329065647200017,0.12510646323670352,0.11011880233218535,0.0,0.6748398268601178,0.6140378472873526,0.29024055908472723,0.3044440696093097,0.40671101771926493,angry,05,19,19,male,strong,2191
90,3.003,True,1.0,0.5928877217937176,0.5922829853672363,0.592585353580477,1.7586648936627736,-0.049583333333333424,-0.05430555555555566,0.2912088956663442,0.8372672655055482,0.17295240163192807,0.3369518296042737,0.0006047364264812893,0.004722222222222239,0.015910441417459356,0.17557006578752157,0.12222535563985218,0.11313989685933977,0.0,0.8899141666720043,0.6105208511060675,0.29561221633939877,0.28027044253728717,0.37923347934365703,angry,05,19,19,male,strong,2191
100,3.336666666666667,True,1.0,0.5647067670119035,0.5597244117272709,0.5622155893695873,2.233793198190493,-0.047175925925925954,-0.05171296296296307,0.2734597291271756,0.985772343332055,0.17083511971881032,0.2516864989225573,0.004982355284632534,0.004537037037037117,0.010758075727192434,0.13387075268278648,0.12785838973663893,0.10691122459676074,0.0,0.6857975076706944,0.6076006662430598,0.2926674965915667,0.2950626076961409,0.3903998776081661,angry,05,19,19,male,strong,2191
110,3.6703333333333332,True,1.0,0.5886189646983189,0.6041003733756165,0.5963596690369677,1.4102099795726293,-0.05046296296296293,-0.053981481481481464,0.3405970642915,0.5981164481437662,0.17916836996525629,0.4228871428194667,0.015481408677297637,0.003518518518518532,0.01203093887362257,0.21234521257117767,0.12818026313516737,0.10652510461605631,0.0,0.6693279265678527,0.6167664074457908,0.2853604535942434,0.3020750336822368,0.3941448161523862,angry,05,19,19,male,strong,2191
120,4.0040000000000004,True,1.0,0.6102925112353056,0.5857677273617385,0.598030119298522,1.3620716288301142,-0.049768518518518545,-0.052870370370370345,0.3426439592807004,0.5967438277815529,0.17850684503424205,0.4390592290745907,0.024524783873567046,0.0031018518518518,0.014796020529889905,0.2097645084639828,0.12700232602399286,0.10792676663005116,0.0,0.6971852027679204,0.6236458543729992,0.2807289449426569,0.2977296078617241,0.3905715086597713,angry,05,19,19,male,strong,2191
130,4.337666666666666,True,1.0,0.6383933714750601,0.6324541049855197,0.6354237382302899,1.336972364496826,-0.05124999999999991,-0.05370370370370375,0.3391805379200684,0.5900900568503524,0.1784876109678226,0.4752706601152774,0.005939266489540462,0.0024537037037038467,0.014364271970140181,0.21045914976428304,0.12863337479777817,0.10597751015689676,0.0,0.8185096785456959,0.6203745488742372,0.2821500986111414,0.2962141345291821,0.3918494857340721,angry,05,19,19,male,strong,2191
140,4.671333333333333,True,1.0,0.650664553428517,0.6517892009088396,0.6512268771686783,1.2242937450713294,-0.05078703703703713,-0.053148148148148056,0.34524538371018626,0.5425403952437367,0.17919391750124905,0.5319204478421449,0.0011246474803225937,0.002361111111110925,0.00763913396250179,0.22485465540160823,0.12410081671670603,0.11056377919817363,0.0,0.7071067807446058,0.6652051664415766,0.29990637916499985,0.27756980006328413,0.40858422802260214,angry,05,19,19,male,strong,2191
0,0.0,True,1.0,0.5821519235293868,0.557765592144768,0.5699587578370774,0.7286916679156741,-0.04773148148148143,-0.04884259259259266,0.3589422425092915,0.4050226602613308,0.18333499792094693,0.7821672497880604,0.024386331384618876,0.0011111111111112293,0.012597655358535142,0.40668250301614733,0.1282365483770818,0.10645734089880253,0.0,0.7644053638025974,0.6218739944884204,0.28238345124087477,0.2967629135867201,0.38830662067123617,angry,05,19,19,male,strong,2192
10,0.33366666666666667,True,1.0,0.4917247965415358,0.4710656877745326,0.4813952421580342,0.5314292826544078,-0.04328703703703696,-0.04537037037037045,0.3898474658500009,0.27194364158594087,0.18266562172332237,0.9058500498006785,0.020659108767003165,0.0020833333333334925,0.019229019213057863,0.5909946117517545,0.1277375659361971,0.1065203275286654,0.0,0.8325668690212088,0.6240689027564151,0.2792830839426985,0.31480346676362536,0.4069545799431645,angry,05,19,19,male,strong,2192
20,0.6673333333333333,True,1.0,0.5706421030858482,0.5672132179838153,0.5689276605348317,0.7178684325786762,-0.04648148148148146,-0.049490740740740724,0.3734893533167038,0.31898342037872335,0.17989546661676634,0.7925235805273816,0.0034288851020328748,0.003009259259259267,0.027734418102822664,0.4078463056540342,0.12761354867509014,0.10720335799436266,0.0,0.853062845759384,0.6281714414125025,0.27668311764948056,0.3052427076667749,0.39992522113974177,angry,05,19,19,male,strong,2192
30,1.0010000000000001,True,1.0,0.43697848075955237,0.4152247055721274,0.42610159316583984,1.303557074575655,-0.03898148148148156,-0.040879629629629544,0.38893486664487925,0.4088596204696837,0.17292063758304477,0.3268760543565367,0.021753775187424995,0.0018981481481479823,0.017253012838960073,0.2717504079987746,0.12164185493256406,0.11393435346082237,0.0,0.7719711677477242,0.6244436515231093,0.28514077250301156,0.29830472266848107,0.40795256782827655,angry,05,19,19,male,strong,2192
40,1.3346666666666667,True,1.0,0.5310888407340211,0.5108865366603631,0.520987688697192,1.0321862781795752,-0.04393518518518513,-0.05037037037037034,0.3719500722778582,0.3901246143925035,0.180559358475242,0.5047419246999066,0.020202304073657973,0.00643518518518521,0.019227218930611804,0.3181352618425647,0.12679447557280132,0.10799460536222309,0.0,0.7534298231855895,0.6251918062146734,0.28204346933154695,0.31032726201542354,0.4149100122493759,angry,05,19,19,male,strong,2192
50,1.6683333333333334,True,1.0,0.39480823675287735,0.40845924362821284,0.4016337401905451,0.8223084966641969,-0.042453703703703716,-0.04662037037037042,0.40878129377694955,0.29601982573178665,0.18490427426774564,0.48842221844943284,0.013651006875335492,0.004166666666666707,0.014601028394857204,0.40922713818373446,0.12951465806308293,0.10489867071581123,0.0,0.7117801651279171,0.622541872866334,0.2836906078625444,0.3135360177244248,0.40059546142098473,angry,05,19,19,male,strong,2192
60,2.0020000000000002,True,1.0,0.5052365014396554,0.5072439481132363,0.5062402247764458,0.5875734014389418,-0.044583333333333475,-0.05078703703703702,0.4207504861881169,0.17029932323477937,0.18140189284711342,0.8615778446347051,0.0020074466735808816,0.006203703703703545,0.021178191951987335,0.4678698742075112,0.12683969196339792,0.10811785381454295,0.0,0.6793343434244538,0.620403528004952,0.2828769208163712,0.29165822277294384,0.3948359063966624,angry,05,19,19,male,strong,2192
70,2.3356666666666666,True,1.0,0.43750383747664107,0.43034673667912543,0.43392528707788325,1.4713802323246712,-0.04185185185185175,-0.04800925925925925,0.4118975533887057,0.4884191196424065,0.16756202664121514,0.29491036888018646,0.0071571007975156364,0.0061574074074075,0.013063228403472828,0.224062455376204,0.12744031557244168,0.10723171074824284,0.0,0.6772948524092891,0.6123618025960385,0.2880887516056005,0.31182741295693783,0.4180880548166831,angry,05,19,19,male,strong,2192
80,2.6693333333333333,True,1.0,0.5476684459039524,0.5197778233961757,0.533723134650064,1.2443995454668777,-0.04171296296296301,-0.045787037037037015,0.3394665805494247,0.4700159919404214,0.1792896883393885,0.4289001362900853,0.02789062250777663,0.004074074074074008,0.009512094531304097,0.2655881258292351,0.12538782395843534,0.1097983213606768,0.0,0.7606524049671576,0.6136923983734119,0.28682066076097157,0.2787474521195495,0.3790368942569934,angry,05,19,19,male,strong,2192
90,3.003,True,1.0,0.5972773124750261,0.6140080120167575,0.6056426622458918,1.6890800000172905,-0.04657407407407399,-0.053657407407407376,0.26952652903356933,0.7562426088319629,0.17923861692715679,0.35856363359917354,0.016730699541731342,0.007083333333333386,0.0196730753947269,0.16352794120220315,0.12815622190650144,0.10655402647307625,0.0,0.6871497825745089,0.6079880135569853,0.2904142629718225,0.29228922188667233,0.3825534160634642,angry,05,19,19,male,strong,2192
100,3.336666666666667,True,1.0,0.5567669169537324,0.5456939737614198,0.551230445357576,1.2524419269888365,-0.042268518518518594,-0.04749999999999993,0.3422529970086537,0.47986848507219404,0.1833749434905806,0.4401245546632753,0.011072943192312557,0.005231481481481337,0.0225692553064036,0.2292356675294896,0.12763586916213512,0.10717678234568008,0.0,0.6680036491115233,0.5921628013549171,0.290431086309223,0.30504954825345487,0.3891364119743911,angry,05,19,19,male,strong,2192
110,3.6703333333333332,True,1.0,0.5922178255739343,0.5655222078426524,0.5788700167082934,1.1278503843599794,-0.04222222222222227,-0.048888888888888926,0.3606837074886961,0.43115195307885834,0.1805572457519714,0.5132507154632788,0.02669561773128193,0.006666666666666654,0.02018898773270572,0.26043901027046,0.129304819114946,0.10515722288386922,0.0,0.7116368511051677,0.6196461712966436,0.2805960402194409,0.29685554360690175,0.38294078863635705,angry,05,19,19,male,strong,2192
120,4.0040000000000004,True,1.0,0.5422386857364192,0.5362701583182693,0.5392544220273443,1.1333659611862588,-0.04208333333333336,-0.0499074074074074,0.3515781112302266,0.4778266576432941,0.180559358475242,0.475799027405873,0.005968527418149905,0.007824074074074039,0.020065864720292752,0.2600004809014915,0.12645030699181461,0.10822148463804773,0.0,0.8965127096889504,0.6243357251181724,0.2794756479146771,0.3011547321244025,0.3918260907990764,angry,05,19,19,male,strong,2192
0,0.0,True,1.0,0.6701805795705666,0.5827408213393022,0.6264607004549344,0.8154698163215652,-0.052638888888888846,-0.05328703703703713,0.3588277877465449,0.37895589648120037,0.17824451319604634,0.7682205863618395,0.08743975823126449,0.0006481481481482865,0.028666666192035447,0.3470203521900099,0.12698879266356544,0.10758910917578597,0.0,0.8211508490391254,0.6340656277120224,0.28335775254197454,0.2915964966981903,0.39408666418256233,angry,05,19,19,male,strong,2193
10,0.33366666666666667,True,1.0,0.6466505699173717,0.5912222066136754,0.6189363882655236,0.8298237052993209,-0.051203703703703696,-0.05365740740740743,0.3628908445637459,0.4077127163485442,0.17455749002128462,0.7458649160212537,0.05542836330369627,0.0024537037037037357,0.022933097398689206,0.3374003228691571,0.12720158027501907,0.10769185552359913,0.0,0.875683549678123,0.6341911177439726,0.2852589658536725,0.2934318588404985,0.3956058281984775,angry,05,19,19,male,strong,2193
20,0.6673333333333333,True,1.0,0.6521136601539008,0.6094030673505407,0.6307583637522207,1.0558161585489585,-0.047824074074074074,-0.05240740740740735,0.3409360753824145,0.4830536328457948,0.17500043596485867,0.5974130615874376,0.04271059280336009,0.004583333333333273,0.0314661072316847,0.2725232513951762,0.12635763362968505,0.10850540192361786,0.0,0.6991363219564575,0.6349976784073004,0.2848774535594818,0.29164542007834393,0.39483334497290923,angry,05,19,19,male,strong,2193
30,1.0010000000000001,True,1.0,0.22134947570948632,0.2086088847410931,0.21497918022528972,1.2798966809885315,-0.05759259259259253,-0.06092592592592594,0.3756854583578719,0.49143974747604297,0.17569487868612618,0.1679660424302765,0.012740590968393223,0.0033333333333334103,0.02077998611945123,0.2637404455756566,0.11973779911528269,0.11593376226393866,0.0,0.750154311874104,0.6316272788255928,0.2895141905070496,0.28627011807246694,0.4085294843235728,angry,05,19,19,male,strong,2193
40,1.3346666666666667,True,1.0,0.4893714300474661,0.4956505862941151,0.49251100817079063,0.9050666863278829,-0.045555555555555516,-0.04842592592592593,0.4016706777574675,0.35027928311284023,0.17386405185153872,0.5441709606714729,0.0062791562466490425,0.002870370370370412,0.006744100440053634,0.3587279240336266,0.12703565047778898,0.10788753995963613,0.0,0.6814472288232918,0.6283106626947653,0.28669145411700847,0.30758167151001453,0.40319115398327693,angry,05,19,19,male,strong,2193
50,1.6683333333333334,True,1.0,0.4377401349911007,0.46337387903519683,0.45055700701314877,0.9108162368719437,-0.039120370370370305,-0.043657407407407534,0.39897620571078807,0.3285451109340741,0.17601072234641735,0.4946738856572392,0.02563374404409613,0.004537037037037228,0.008141998601035743,0.36562165252360673,0.1259625707369464,0.10913848333178922,0.0,0.8915345102259415,0.6275697088522909,0.2876550637146667,0.3061007497588316,0.40433643573949185,angry,05,19,19,male,strong,2193
60,2.0020000000000002,True,1.0,0.4891731579618093,0.47352082793898354,0.4813469929503964,0.7176137905616488,-0.04106481481481483,-0.045648148148148104,0.402268690344358,0.2831445446376509,0.17657953274154514,0.6707605111290638,0.01565233002282579,0.004583333333333273,0.015740926535443175,0.4104660048883749,0.1260135537318957,0.10907961334067337,0.0,0.6688063491840914,0.627707274870886,0.2840922731083371,0.29555543138964907,0.4003104324281583,angry,05,19,19,male,strong,2193
70,2.3356666666666666,True,1.0,0.4815855087632933,0.4488100571956213,0.4651977829794573,1.0727837911996494,-0.03782407407407401,-0.04199074074074077,0.39256019093174344,0.37218870847584273,0.17232186774333413,0.4336361033747965,0.03277545156767203,0.004166666666666763,0.020492156824206263,0.32100153605796317,0.12682001751837932,0.1081409308608316,0.0,0.6602816966762558,0.6228026406343788,0.28807540003895493,0.2971638064580015,0.40325464130817346,angry,05,19,19,male,strong,2193
80,2.6693333333333333,True,1.0,0.5694237141339688,0.5902460573196594,0.5798348857268141,1.15430953303537,-0.042824074074074125,-0.04870370370370375,0.3339266032014787,0.5094776551425764,0.1806163926619766,0.502321837542207,0.02082234318569065,0.0058796296296296235,0.01371326705302415,0.2607943988443515,0.12216079103494663,0.11337777076624826,0.0,0.7228742102670151,0.6185069540003502,0.290245897553975,0.2726042251055479,0.37356190631000424,angry,05,19,19,male,strong,2193
90,3.003,True,1.0,0.6248176649403019,0.6265966114146374,0.6257071381774697,1.5101513638593924,-0.04171296296296301,-0.04861111111111116,0.2984616388441517,0.6470964757118816,0.18059780572044004,0.4143340549508839,0.0017789464743355188,0.006898148148148153,0.012700460029385402,0.20259252011755854,0.1267927029474975,0.10817295526255932,0.0,0.6788404403110321,0.6112816582257903,0.29162776858227096,0.28796670651836775,0.37760514856150157,angry,05,19,19,male,strong,2193
100,3.336666666666667,True,1.0,0.5815807057364147,0.5708548230906495,0.5762177644135321,1.16649972559321,-0.03986111111111107,-0.04629629629629628,0.3516788212938242,0.4285649463726137,0.178506845034242,0.4939716244858122,0.010725882645765239,0.00643518518518521,0.01915452526996076,0.2465877883015763,0.12838157672143632,0.10628239990495453,0.0,0.7410502906306928,0.6183328709296219,0.28721661939189974,0.2909925784810039,0.38093098935926223,angry,05,19,19,male,strong,2193
110,3.6703333333333332,True,1.0,0.5869626089859058,0.5539803473027298,0.5704714781443179,1.1615206549050523,-0.041712962962962896,-0.04842592592592587,0.3492571009953082,0.4460994571536849,0.179888256746024,0.4911419144681079,0.03298226168317597,0.006712962962962976,0.017339408001620905,0.25637991923282805,0.126991825043709,0.10793912239203794,0.0,0.8420899000338872,0.6235174367325055,0.28498966154543043,0.2894431501591291,0.39033650700720374,angry,05,19,19,male,strong,2193
120,4.0040000000000004,True,1.0,0.6033047895314168,0.5992466043356096,0.6012756969335131,1.1755446336507833,-0.04412037037037031,-0.049166666666666636,0.34954039279378807,0.4602613446823735,0.17919391750124905,0.5114869139984802,0.00405818519580714,0.0050462962962963265,0.021778952795275835,0.2466160954248504,0.12815650443624613,0.10655368666354008,0.0,0.7060123834388629,0.6215701418770634,0.28581288123351756,0.29122668258472467,0.3839017421646282,angry,05,19,19,male,strong,2193
0,0.0,True,1.0,0.5679421976660735,0.5413935489470493,0.5546678733065613,0.8510662629050698,-0.04625000000000001,-0.04879629629629628,0.3612345205472651,0.3694742542769092,0.17569618140473198,0.651732887887286,0.02654864871902418,0.0025462962962962687,0.028892771283861852,0.3536037955048669,0.12659574681888022,0.10805131541412201,0.0,0.9999999987499999,0.6265930960040266,0.2829322324644282,0.2970683901410829,0.3870260059182348,fearful,06,19,19,male,normal,2194
10,0.33366666666666667,True,1.0,0.5683012641243304,0.5331070576547594,0.5507041608895449,0.8086255690106106,-0.04814814814814816,-0.050277777777777755,0.36677397418626345,0.35619780582827404,0.173618142218734,0.6810372835023706,0.03519420646957094,0.0021296296296295925,0.03670762675451047,0.3751292713896714,0.12574749158728768,0.10868730532958683,0.0,0.7608350582637057,0.6300598203187525,0.2830734797703799,0.2958184187665937,0.3847550616825469,fearful,06,19,19,male,normal,2194
20,0.6673333333333333,True,1.0,0.5630862912086135,0.5191851492621736,0.5411357202353936,0.7348509027574653,-0.04842592592592593,-0.051342592592592606,0.3685288495138476,0.312720709943433,0.17083735267438857,0.7363884540453416,0.0439011419464399,0.0029166666666666785,0.03410172905356653,0.4228329271424365,0.1224752914070417,0.11116850876944429,0.0,0.9999999987499999,0.6800393150619622,0.3007559597297205,0.27686702626281223,0.40437261143476605,fearful,06,19,19,male,normal,2194
30,1.0010000000000001,True,1.0,0.5681860694271478,0.5339113621806966,0.5510487158039221,0.7778770481603822,-0.04712962962962963,-0.050185185185185166,0.3796534003060846,0.33581975847764134,0.17291710788410072,0.708400790468248,0.03427470724645121,0.0030555555555555336,0.03254875090172606,0.3868960816332213,0.12573018983719414,0.10818026391681052,0.0,0.9999999987499999,0.6287852679587461,0.28536398208544916,0.2988112766594048,0.38765240539141993,fearful,06,19,19,male,normal,2194
40,1.3346666666666667,True,1.0,0.5644854827880628,0.519609614379866,0.5420475485839644,0.7457967951917152,-0.044999999999999984,-0.04814814814814816,0.37670108807053293,0.26801643663988345,0.17919391750124905,0.7268032687705841,0.044875868408196795,0.0031481481481481777,0.030930685440900784,0.41032629140505605,0.12331723470728163,0.10988760656356193,0.0,0.6813643844971234,0.6292898236482094,0.2812468970072785,0.28884362594439134,0.38174944726940213,fearful,06,19,19,male,normal,2194
50,1.6683333333333334,True,1.0,0.47162418340660167,0.4562857863338401,0.4639549848702209,0.847550911441201,-0.038518518518518396,-0.04310185185185189,0.3792973311235701,0.21175690653460383,0.1870031233040835,0.5474066260884528,0.015338397072761578,0.004583333333333495,0.008001737217597485,0.36550565115919403,0.12806271028213545,0.10666639586116755,0.0,0.8666678972430509,0.5990901852068953,0.2876558426353678,0.2985002398125845,0.38668757620105243,fearful,06,19,19,male,normal,2194
60,2.0020000000000002,True,1.0,0.3439014333776809,0.3743453274057452,0.3591233803917131,0.8037676201420259,-0.046666666666666745,-0.0464351851851853,0.3889402081228797,0.21376518218623408,0.18730267474885362,0.44680000959513144,0.0304438940280643,0.00023148148148144365,0.001854811359154573,0.3715112675339531,0.12302530723710661,0.11175927594453368,0.0,0.8873283264263098,0.663484294452156,0.304165589435581,0.2764175865529875,0.39877249637605566,fearful,06,19,19,male,normal,2194
70,2.3356666666666666,True,1.0,0.3751811077635863,0.3824050982822124,0.37879310302289937,0.7313539557725484,-0.03694444444444456,-0.040740740740740744,0.3691791301447278,0.22303407541019307,0.17645878512475505,0.5179340318502418,0.0072239905186261,0.0037962962962961866,0.010342942141053031,0.4361541860683771,0.12645406049453428,0.1085686343061,0.0,0.9999999987499999,0.6186227531872126,0.287474640697776,0.28139208004652955,0.363996656763962,fearful,06,19,19,male,normal,2194
80,2.6693333333333333,True,1.0,0.3961331677832397,0.3964326208520577,0.39628289431764874,0.7760481571177358,-0.03976851851851859,-0.04226851851851848,0.36748357223763695,0.2606065254852815,0.17380480189281358,0.510642143381223,0.0002994530688180119,0.002499999999999891,0.006934405657721328,0.4101166313901915,0.12683943297006628,0.10687753918289856,0.0,0.8766351882815668,0.620274905962385,0.28304930294937625,0.3037348262886097,0.38368200683495857,fearful,06,19,19,male,normal,2194
90,3.003,True,1.0,0.4444103096051192,0.44964738915144004,0.4470288493782796,0.8534363822433316,-0.039953703703703713,-0.044537037037036986,0.3770547499281415,0.2970215569533219,0.17028411549204522,0.523798678705524,0.005237079546320855,0.004583333333333273,0.016042453461563685,0.3688035181941187,0.12790412229208314,0.10614093216686726,0.0,0.9999999987499999,0.6137230100634004,0.2818626240530915,0.3077119927766272,0.38775505953153216,fearful,06,19,19,male,normal,2194
100,3.336666666666667,True,1.0,0.49980721032635916,0.48159035738709866,0.49069878385672894,0.9138102477113413,-0.043749999999999956,-0.047175925925925954,0.3753432117100046,0.326097696270051,0.17187613986715172,0.5369810473079014,0.01821685293926051,0.003425925925925999,0.014505690584711264,0.3499464852393695,0.1273577015930886,0.10732981723587777,0.0,0.9999999987499999,0.6170069955716662,0.28386750651458326,0.31139903517930745,0.3886888851766331,fearful,06,19,19,male,normal,2194
0,0.0,True,1.0,0.6141544175368019,0.6363234783592425,0.6252389479480223,0.9504248537603932,-0.05444444444444446,-0.054768518518518605,0.3552998941513122,0.4192907373920774,0.18125042093162333,0.6578520600279336,0.022169060822440634,0.00032407407407414324,0.0007501263418804119,0.2981468042843129,0.12795246492875328,0.10679861651586907,0.0,0.6450050062966759,0.6347512756352541,0.2814513722252635,0.297341287108576,0.3744973372259093,fearful,06,19,19,male,normal,2195
10,0.33366666666666667,True,1.0,0.6150598593176739,0.6334483809923057,0.6242541201549898,0.9241542277709361,-0.059814814814814765,-0.05898148148148147,0.3429024784829327,0.48373697859884873,0.17573786330129443,0.6754869494680487,0.018388521674631786,0.0008333333333332971,0.0013197003730652042,0.31679181754594316,0.12850892911329018,0.1061283793764217,0.0,0.6973171763746159,0.6320218784623224,0.2805524559279155,0.30333143116891503,0.3866028260412262,fearful,06,19,19,male,normal,2195
20,0.6673333333333333,True,1.0,0.6050639789857496,0.6110829198705413,0.6080734494281455,0.7552398501165399,-0.06,-0.058796296296296235,0.3530844077522233,0.4125847329340356,0.1736743808323051,0.805139518702985,0.0060189408847917125,0.0012037037037037623,0.004077813233797508,0.3754569689433403,0.1290866044901058,0.10542497954528256,0.0,0.6756250218931485,0.6316155570431298,0.2798927533811485,0.3004222055433111,0.38249084735498257,fearful,06,19,19,male,normal,2195
30,1.0010000000000001,True,1.0,0.5870960298724969,0.5856656436615956,0.5863808367670462,0.8386500960940029,-0.057222222222222174,-0.05712962962962964,0.36696996524503855,0.3922556758533386,0.17850684503424205,0.6991960526781121,0.0014303862109013021,9.259259259253305e-05,0.010892229854995075,0.34624967511733673,0.12796906312269496,0.10677872753641499,0.0,0.8982542676754246,0.632007038026148,0.27942901426270866,0.29997104329554747,0.38173627767868884,fearful,06,19,19,male,normal,2195
40,1.3346666666666667,True,1.0,0.6007952188429148,0.6057877999303947,0.6032915093866547,0.7106935850865566,-0.05773148148148144,-0.05870370370370376,0.3680726786761892,0.34191822329520194,0.17986789790391577,0.8488770998449054,0.004992581087479908,0.0009722222222223187,0.00829253340013633,0.4050406481834819,0.12900013790990644,0.10553076418763584,0.0,0.804641241784289,0.6337899224299095,0.27767412647611106,0.2999949326172344,0.38004812400811366,fearful,06,19,19,male,normal,2195
50,1.6683333333333334,True,1.0,0.6422712881258507,0.6147655639915156,0.6285184260586831,1.0017352971278433,-0.051805555555555605,-0.05472222222222217,0.35446037453574986,0.45907264212931703,0.1729171078841007,0.6274296491905191,0.027505724134335052,0.0029166666666665675,0.009597429679522958,0.30496666649508386,0.124041013272039,0.11097475794922322,0.0,0.9999999987499999,0.668990446647409,0.29926811861395763,0.28339283607227994,0.409603342960249,fearful,06,19,19,male,normal,2195
60,2.0020000000000002,True,1.0,0.6062634887218954,0.587557311809069,0.5969104002654821,0.8995251869028663,-0.050138888888888955,-0.05175925925925923,0.3756625716891318,0.37143194787793554,0.17432131212675442,0.6635838650840785,0.01870617691282639,0.001620370370370272,0.01746896111522477,0.32079796084946993,0.1279962324801059,0.1067461579716721,0.0,0.8633349388561781,0.6359937432941927,0.2775007595904115,0.2996526027839086,0.37752429988570724,fearful,06,19,19,male,normal,2195
70,2.3356666666666666,True,1.0,0.5624682620578365,0.5619754736560681,0.5622218678569524,1.0164567262205368,-0.04828703703703707,-0.05500000000000005,0.34578356757127093,0.5074700785111471,0.16933492376426668,0.5531193344033902,0.0004927884017683626,0.006712962962962976,0.03633942288709747,0.27096765699885494,0.12377386903908134,0.11110128383974484,0.0,0.9444017359703635,0.6644690505889856,0.300176119023823,0.2842225765672691,0.41286684626180564,fearful,06,19,19,male,normal,2195
80,2.6693333333333333,True,1.0,0.5976404491557624,0.5720291997833468,0.5848348244695546,0.9596958584167525,-0.04967592592592596,-0.054444444444444406,0.36291043998961847,0.4329846804915938,0.17021465526170568,0.6093960074334167,0.025611249372415656,0.00476851851851845,0.024261859211192054,0.3151117150375869,0.12822617216394527,0.10646983865413075,0.0,0.8053648808609408,0.6236225623921443,0.2796821293718713,0.30204552296778675,0.3748194552517251,fearful,06,19,19,male,normal,2195
90,3.003,True,1.0,0.5883748783891846,0.5579137715197521,0.5731443249544683,1.0164403328092357,-0.0522685185185186,-0.05564814814814817,0.3600635496853416,0.5148661262919408,0.17084449793611553,0.5638740479437816,0.030461106869432486,0.003379629629629566,0.018996943297423644,0.2936387412412446,0.12863674826534313,0.10597341537679117,0.0,0.786943318151335,0.6267576692473865,0.2806555600171417,0.30259551545585767,0.37771685994457926,fearful,06,19,19,male,normal,2195
100,3.336666666666667,True,1.0,0.41498215802006405,0.3914926073989161,0.40323738270949006,0.954896445554209,-0.06092592592592588,-0.06222222222222218,0.36208513549181326,0.44376940423159417,0.16875723364125764,0.422283886998298,0.023489550621147937,0.0012962962962962954,0.016772599268054616,0.30396888150812934,0.12778920250873452,0.10699391334544917,0.0,0.6918764222576931,0.6182113090392407,0.28472372861906164,0.3063274728342946,0.3922751550702408,fearful,06,19,19,male,normal,2195
0,0.0,True,1.0,0.6302468130431924,0.6262567814992388,0.6282517972712156,0.8566485546860324,-0.05175925925925928,-0.05601851851851858,0.36314888052200317,0.37208732791085125,0.1840294360839854,0.7333833622137776,0.003990031543953609,0.004259259259259296,0.015276553404459195,0.35188054527724444,0.12793384775556835,0.10682091728374132,0.0,0.8816725404268416,0.6286755784657613,0.2870185724538604,0.30092313736204945,0.3911209904428222,fearful,06,19,19,male,normal,2196
10,0.33366666666666667,True,1.0,0.609320738576535,0.586273714648513,0.597797226612524,0.7874661688092075,-0.05111111111111105,-0.05416666666666675,0.36488210738729343,0.3514764796108139,0.18055597810614288,0.7591402021962448,0.023047023928022048,0.0030555555555557,0.013394933220067642,0.3732885258484978,0.12887371637262535,0.10568511247739568,0.0,0.6444761980512066,0.6270328485691151,0.2880712646473353,0.2978613792775208,0.3872659268184339,fearful,06,19,19,male,normal,2196
20,0.6673333333333333,True,1.0,0.5193276461051906,0.5014195669593349,0.5103736065322627,0.6867609970584917,-0.03791666666666671,-0.042407407407407394,0.3671618058025344,0.31589006936090797,0.15834537928752473,0.7431604425968792,0.017908079145855682,0.004490740740740684,0.016673135799091812,0.4167038347837715,0.13023075913531418,0.10400830325612648,0.0,0.6783000415860109,0.6400635484975241,0.28426578825432675,0.2884351443450372,0.3691608549386529,fearful,06,19,19,male,normal,2196
30,1.0010000000000001,True,1.0,0.610787944598569,0.6052595557029055,0.6080237501507373,1.106871880624669,-0.04217592592592595,-0.04685185185185192,0.34542628261098296,0.48696884656086964,0.16389307853674048,0.54931718909292,0.0055283888956635385,0.004675925925925972,0.017308946280599518,0.27778888616733793,0.12709863668951685,0.10781333091299806,0.0,0.6715126186648526,0.6367283380383404,0.287541840862356,0.28475751922169856,0.37018044621377666,fearful,06,19,19,male,normal,2196
40,1.3346666666666667,True,1.0,0.5399295657961484,0.5173795514070206,0.5286545586015845,0.7548198386819055,-0.040092592592592624,-0.04444444444444451,0.37117268979176427,0.3360797769747834,0.15833333333333338,0.7003718390930752,0.022550014389127737,0.0043518518518518845,0.019710689285739717,0.39909001944047423,0.1301490846426233,0.10411048716582495,0.0,0.6271345010705637,0.6372657975065026,0.2840861221340399,0.29045508518069035,0.36848629037699693,fearful,06,19,19,male,normal,2196
50,1.6683333333333334,True,1.0,0.5334381788609818,0.5055803961889892,0.5195092875249855,0.7225215098015334,-0.0402777777777778,-0.04375000000000007,0.372351102824726,0.31347645815823977,0.16250751184560672,0.7190225903000278,0.02785778267199257,0.0034722222222222654,0.021504814391813655,0.4142515971078716,0.13064051606910482,0.10349315596926369,0.0,0.6932491475527375,0.6363438578087485,0.28435952084336014,0.29178279514196065,0.3666241584662336,fearful,06,19,19,male,normal,2196
60,2.0020000000000002,True,1.0,0.5241140978162229,0.5070144986050614,0.5155642982106421,0.6144293032215397,-0.045416666666666716,-0.05023148148148143,0.3596748070482477,0.285683314074652,0.15972269988794824,0.8390945801371543,0.017099599211161443,0.004814814814814716,0.02019714209080495,0.47134281302661574,0.12820684301179375,0.10649311327851875,0.0,0.6960744079755528,0.6375572350580859,0.28497021949085877,0.2831663688868143,0.3694544224505538,fearful,06,19,19,male,normal,2196
70,2.3356666666666666,True,1.0,0.5427880590175682,0.5177606752057702,0.5302743671116692,0.7069548096679823,-0.03912037037037036,-0.04314814814814821,0.3610228292807353,0.3108831089994758,0.15972269988794818,0.7500824095966047,0.025027383811798032,0.004027777777777852,0.022670726323419776,0.42912293766742254,0.13068694358351424,0.10343452299866766,0.0,0.6867345708883633,0.6373624284479418,0.2858951537136813,0.2896778137594723,0.36926918622767624,fearful,06,19,19,male,normal,2196
80,2.6693333333333333,True,1.0,0.587905531364822,0.5672810464378563,0.5775932889013391,0.9714176069333729,-0.04249999999999993,-0.04629629629629639,0.35787626515285637,0.3986599869750321,0.16319865192012611,0.5945880379137032,0.02062448492696578,0.003796296296296464,0.025498656337016496,0.30366653474873184,0.1277096004126424,0.10708891508106691,0.0,0.6928520260696396,0.6241567920918368,0.28835328337738986,0.2909331449842401,0.3833820473284522,fearful,06,19,19,male,normal,2196
90,3.003,True,1.0,0.5731314717438699,0.5470920610220809,0.5601117663829753,0.9043694163870304,-0.04342592592592587,-0.046666666666666634,0.37078330605663884,0.38951618120063186,0.16319865192012611,0.6193395710136134,0.026039410721789058,0.0032407407407407662,0.025563035454133416,0.3302330551247373,0.12747723035720304,0.10736542046340411,0.0,0.7940046318561019,0.628338747678759,0.2871100536734799,0.29352237557851707,0.3896112722787055,fearful,06,19,19,male,normal,2196
100,3.336666666666667,True,1.0,0.5578401764399048,0.5268040421696811,0.542322109304793,0.8685545574290484,-0.04249999999999998,-0.04620370370370369,0.37495053609927853,0.3514317480027573,0.16666712442970985,0.624396135701694,0.03103613427022367,0.003703703703703709,0.02069013179163175,0.3601742902450099,0.12864049359887414,0.10596886890741057,0.0,0.662365260135313,0.6266373024600466,0.28594088589236444,0.298393885373024,0.39611361168048315,fearful,06,19,19,male,normal,2196
110,3.6703333333333332,True,1.0,0.5720935748378827,0.5298829720540617,0.5509882734459721,0.8904602398818773,-0.04620370370370369,-0.05027777777777781,0.367776872260756,0.375604889014895,0.16458379689082933,0.6187679682576986,0.04221060278382105,0.004074074074074119,0.026133071770111538,0.33539136500298034,0.12900430187322512,0.10552567398178712,0.0,0.8939231540716883,0.6415714121664291,0.2842514774693341,0.29116673921917036,0.37836040164964696,fearful,06,19,19,male,normal,2196
0,0.0,True,1.0,0.530359509090475,0.4907116727211893,0.5105355909058322,0.9021021388317133,-0.0490740740740741,-0.05115740740740743,0.35477202249956674,0.40053535217936026,0.1759443901738329,0.5659398963037736,0.039647836369285705,0.002083333333333326,0.05008202246048562,0.3246134496189542,0.12939541828338214,0.10468235573933304,0.0,0.9999999987499999,0.6303702360319128,0.28461366604790533,0.3045766862098821,0.39113447069033697,fearful,06,19,19,male,normal,2197
10,0.33366666666666667,True,1.0,0.5211132256176357,0.480904374079542,0.5010087998485888,0.7600192923202546,-0.0468055555555556,-0.05180555555555555,0.3527782840215281,0.3511517258900853,0.17455749002128457,0.6592053713782245,0.040208851538093726,0.004999999999999949,0.04952978881496803,0.38373998686727706,0.12762854345333874,0.10718550586094719,0.0,0.7071067807446058,0.6374412347360819,0.28302773026850886,0.2947236176029639,0.3722477925852769,fearful,06,19,19,male,normal,2197
20,0.6673333333333333,True,1.0,0.5576965962238993,0.5284467215185144,0.5430716588712068,0.70999427688826,-0.04754629629629642,-0.05236111111111119,0.3542807675979571,0.3406033238781663,0.17319220837772042,0.7648958259936457,0.02924987470538498,0.004814814814814772,0.0492975181488943,0.4203127793588538,0.12923694213911802,0.10524063168503871,0.0,0.7359632374513382,0.638492794180172,0.28233542855686533,0.29806567772385867,0.3751604698736404,fearful,06,19,19,male,normal,2197
30,1.0010000000000001,True,1.0,0.5714679462125767,0.5088777897932878,0.5401728680029323,1.0537285229905209,-0.05009259259259263,-0.05472222222222228,0.33569413157367656,0.46568992771635465,0.1752722665787164,0.5126300144840926,0.06259015641928889,0.00462962962962965,0.05186934904426106,0.2997755562530457,0.12561772650273767,0.1091867971130881,0.0,0.6521955937222277,0.6357559756480717,0.28440776998634987,0.2923404266381477,0.3873118954549649,fearful,06,19,19,male,normal,2197
40,1.3346666666666667,True,1.0,0.5415228290923677,0.47172642087737016,0.5066246249848689,0.763919053702079,-0.04481481481481475,-0.05027777777777781,0.36209844494953175,0.3261289943767695,0.17444731346195436,0.6631915024630968,0.06979640821499755,0.005462962962963058,0.05341851262671107,0.3718892344364284,0.12692113416853207,0.10766891648416028,0.0,0.9999999987499999,0.6394704800123174,0.2814231528197957,0.29769378969202376,0.3826169986132766,fearful,06,19,19,male,normal,2197
50,1.6683333333333334,True,1.0,0.5263520557221109,0.46479508684590765,0.49557357128400925,0.7335159323260099,-0.047361111111111076,-0.052499999999999936,0.36754307104681644,0.31878318231004665,0.17514119582942927,0.6756139157230363,0.06155696887620321,0.0051388888888888595,0.05752756191226311,0.39917191153674736,0.13090193398574562,0.10297746113819954,0.0,0.7501838984231636,0.6377050140446804,0.279782500608049,0.30469744545699246,0.3831204801946643,fearful,06,19,19,male,normal,2197
60,2.0020000000000002,True,1.0,0.5767659623628706,0.49427023114416213,0.5355180967535164,0.584551777236249,-0.04652777777777778,-0.052037037037037104,0.3689777927773778,0.22382648970705418,0.1771935931247076,0.9161174725794813,0.08249573121870846,0.005509259259259325,0.05775455223247951,0.5046437586545224,0.1282095833963892,0.10648981404852699,0.0,0.8430466785824965,0.635572912852641,0.2814655813733214,0.3011633749415922,0.3895226804988833,fearful,06,19,19,male,normal,2197
70,2.3356666666666666,True,1.0,0.47451806755246095,0.4119488854690121,0.4432334765107365,0.8015343271180684,-0.04458333333333331,-0.05175925925925923,0.3492351412898222,0.3283908423181846,0.17923861692715684,0.5529812779252895,0.06256918208344886,0.007175925925925919,0.0663365734628596,0.37752149767433096,0.12661349303429692,0.10803052002593917,0.0,0.9999999987499999,0.6319686752904287,0.281406636131596,0.30335135853774803,0.3896831557154438,fearful,06,19,19,male,normal,2197
80,2.6693333333333333,True,1.0,0.5103005421413527,0.4649654851314238,0.4876330136363882,0.8006532332876417,-0.04532407407407407,-0.050277777777777755,0.3588062950818994,0.27526008438327776,0.1826894273605715,0.6090439573122935,0.0453350570099289,0.004953703703703682,0.06948113781278484,0.3643085747111056,0.12918184461478213,0.10530825605264722,0.0,0.7071067807446058,0.6317650173194278,0.27936259865107843,0.3106236930428128,0.38816275625915725,fearful,06,19,19,male,normal,2197
90,3.003,True,1.0,0.5251656789801626,0.468946973194615,0.4970563260873888,0.8360734349841408,-0.04824074074074075,-0.05356481481481479,0.36911901681306,0.2960747443738737,0.18132112357228442,0.5945127608280214,0.05621870578554766,0.005324074074074037,0.07020386399897001,0.35894124043942455,0.1286936814398341,0.105363192272032,0.0,0.8122206002340505,0.6337778297647184,0.2791166034009928,0.314401976334484,0.39484398810411747,fearful,06,19,19,male,normal,2197
100,3.336666666666667,True,1.0,0.627487577566516,0.4846978193442539,0.5560926984553849,0.8811707337901391,-0.04750000000000004,-0.05092592592592604,0.3706075115486803,0.32476002970691675,0.1827595733059106,0.631083939957344,0.1427897582222621,0.003425925925925999,0.07102241445122968,0.32290968332876424,0.12155506599023838,0.11200400140909757,0.0,0.7071067807446058,0.6878996384100514,0.2939087717227439,0.27544338861283724,0.4006389068426942,fearful,06,19,19,male,normal,2197
0,0.0,True,1.0,0.36614021909239736,0.34616753551151724,0.3561538773019573,0.4147856841134341,-0.04777777777777781,-0.0490740740740741,0.41994251580752545,0.11258468568793255,0.17408901778723773,0.8586455389925117,0.019972683580880113,0.0012962962962962954,0.007699424491624107,0.7392857142857127,0.12923639689696131,0.10487861361063026,0.0,0.7071067807446058,0.6178618386729692,0.2862307072984967,0.3100028012560528,0.3856885498565396,fearful,06,19,19,male,strong,2198
10,0.33366666666666667,True,1.0,0.3440315641243921,0.32147785241549054,0.33275470826994136,0.6915201521175846,-0.05069444444444454,-0.0539351851851852,0.42967807501864486,0.27083349131181333,0.16681491616261498,0.48119307478021334,0.02255371170890158,0.003240740740740655,0.005444655516854215,0.4418646190734224,0.12569956640875862,0.10944129373787738,0.0,0.7931545875320746,0.6247246085230969,0.2840660464859417,0.3078254804276916,0.3947208839697178,fearful,06,19,19,male,strong,2198
20,0.6673333333333333,True,1.0,0.4292634011150371,0.40585684581891535,0.41756012346697624,0.8324222881599471,-0.053379629629629555,-0.05842592592592594,0.4519591452969636,0.3723076793250244,0.1577085664964762,0.5016205469341584,0.023406555296121734,0.005046296296296382,0.013497232135001118,0.3635283865882088,0.12785010514229309,0.10692113161492757,0.0,0.8368149757623621,0.623706553426058,0.2844396126354942,0.31775671218747964,0.41324223266303345,fearful,06,19,19,male,strong,2198
30,1.0010000000000001,True,1.0,0.3467593619745067,0.35858288889312534,0.352671125433816,0.6217617640095174,-0.05120370370370375,-0.05874999999999997,0.4882526063319571,0.16815286624203846,0.1715348942799473,0.5672126300587658,0.011823526918618654,0.007546296296296218,0.006061959006073245,0.4727710182768509,0.12568373669965222,0.10945947240759019,0.0,0.7054853582338012,0.6250364089620223,0.2820952033218553,0.3093848266846722,0.38808535624028784,fearful,06,19,19,male,strong,2198
40,1.3346666666666667,True,1.0,0.3380436752293688,0.31648244017283367,0.3272630577011012,0.5188293719981407,-0.04462962962962963,-0.04981481481481481,0.4743929926097024,0.052927824724320234,0.18484154642045894,0.6307720328953812,0.021561235056535122,0.005185185185185182,0.009602036164993041,0.579602777894001,0.1259199855715799,0.10918761378515918,0.0,0.9075311231046144,0.6142020411055047,0.2834956485342222,0.3188945053100099,0.40626212518193916,fearful,06,19,19,male,strong,2198
50,1.6683333333333334,True,1.0,0.33014178452123283,0.30689879406432996,0.3185202892927814,0.4215307462866428,-0.04277777777777775,-0.048333333333333395,0.41748127172392685,0.0240750377047286,0.1877151272384317,0.7556276549188804,0.023242990456902868,0.005555555555555647,0.004349163884888675,0.6930719636736444,0.12734783918320985,0.10751886172281025,0.0,0.7191242266835072,0.6164428829344237,0.2828316138609747,0.3189444612702309,0.3986297671220294,fearful,06,19,19,male,strong,2198
60,2.0020000000000002,True,1.0,0.3273622521896966,0.3155373478974424,0.3214498000435695,0.5428595910694365,-0.04212962962962963,-0.049027777777777726,0.4612171127897865,0.0488450008698138,0.1855092249813157,0.5921416980223405,0.01182490429225419,0.006898148148148098,0.0008854182427428767,0.5655478130172028,0.12669235463515977,0.10829046609756941,0.0,0.7780758547401243,0.6178386032616171,0.28418742381392037,0.3264887935756695,0.41044920788628597,fearful,06,19,19,male,strong,2198
70,2.3356666666666666,True,1.0,0.35285471892410614,0.37997015213409435,0.36641243552910024,0.9396978470237527,-0.04467592592592584,-0.04810185185185184,0.3737952740479394,0.2819093541071259,0.18416205219965828,0.3899258008195037,0.027115433209988216,0.003425925925925999,0.0031886585575361,0.3378022078563923,0.12507533897674777,0.11015415266931293,0.0,0.7051182311569321,0.6090374209371249,0.28947890550170335,0.31393639298657716,0.3954155876483646,fearful,06,19,19,male,strong,2198
80,2.6693333333333333,True,1.0,0.3083461101657401,0.281107731536361,0.29472692085105057,0.63840009559179,-0.046435185185185246,-0.04689814814814813,0.43928395362126194,0.10255346390470516,0.18273285421608929,0.46166490714234915,0.027238378629379112,0.0004629629629628873,0.0009254458325278093,0.45496594136586044,0.1267494998172641,0.10822357444986962,0.0,0.783840073305601,0.6105009762733219,0.2861869574236017,0.32168287673757634,0.41012469662790013,fearful,06,19,19,male,strong,2198
90,3.003,True,1.0,0.31762280245369806,0.33509703655886214,0.32635991950628007,0.6111504741112089,-0.04800925925925936,-0.050787037037037075,0.45795346179775465,0.13090139662131062,0.17996966908377485,0.5340091079548005,0.017474234105164077,0.0027777777777777124,0.0074008721466286235,0.4848898150860091,0.12912401607,0.10537915469810237,0.0,0.6983158305665231,0.6073722667582658,0.286219258873961,0.32903565268175494,0.41294828909761994,fearful,06,19,19,male,strong,2198
100,3.336666666666667,True,1.0,0.326416281486568,0.32726223447250147,0.3268392579795347,0.5180086929369302,-0.04601851851851857,-0.04935185185185181,0.46216459216058864,0.09170552182512505,0.18209575803052955,0.6309532300055992,0.0008459529859334847,0.0033333333333332438,0.00405505070683848,0.5890996265794022,0.12593190477838026,0.10917386651308608,0.0,0.8091237575171432,0.6117201884894583,0.28364219434453897,0.31999047140514786,0.4052410465312482,fearful,06,19,19,male,strong,2198
110,3.6703333333333332,True,1.0,0.3506101600152684,0.34422794072050356,0.347419050367886,0.5289820726517044,-0.05129629629629623,-0.049629629629629635,0.47419843675208767,0.07405749017123837,0.18819444444444444,0.6567690444145463,0.006382219294764846,0.0016666666666665941,0.017345477740841896,0.5628554432534167,0.1277842302720026,0.10699985170401577,0.0,0.8660457624514545,0.6183121664368872,0.28410563653839666,0.31959794586938667,0.40121575025294304,fearful,06,19,19,male,strong,2198
0,0.0,True,1.0,0.7399232442962642,0.6852991695713228,0.7126112069337935,1.2693607791002788,-0.0809259259259259,-0.07916666666666666,0.3510457806859505,0.6064605274202947,0.20354570111552805,0.5613937492529834,0.05462407472494146,0.0017592592592592382,0.01134078713881228,0.24999511733054652,0.1232342979931059,0.11101512480683266,0.0,0.7180612752929498,0.6722022032484869,0.30127049560488606,0.30257735512653583,0.4233028970687711,fearful,06,19,19,male,strong,2199
10,0.33366666666666667,True,1.0,0.6863941127139374,0.6610544997662435,0.6737243062400904,0.857572318332681,-0.07726851851851846,-0.07680555555555557,0.39843225842236557,0.4349859974317598,0.20700674008334935,0.7856180660658058,0.025339612947693824,0.0004629629629628873,0.0004209165501659835,0.36712179221188773,0.12049392819697959,0.11465024725251365,0.0,0.8294584520702288,0.6806519803624577,0.2987565417999595,0.302892156718674,0.43337864915569874,fearful,06,19,19,male,strong,2199
20,0.6673333333333333,True,1.0,0.6334754185316666,0.6087787836880006,0.6211271011098336,0.6532700984142285,-0.0773611111111111,-0.07898148148148143,0.4637137410245201,0.36945672511334277,0.20699752593369267,0.9507967724492213,0.02469663484366591,0.0016203703703703276,0.004129724637031778,0.4702668916661224,0.12088247091098228,0.11407361748578376,0.0,0.9999999987499999,0.6854036063018957,0.2984929184804603,0.3059129239506066,0.44077925839774496,fearful,06,19,19,male,strong,2199
30,1.0010000000000001,True,1.0,0.5899723259533878,0.5660691145838286,0.5780207202686082,0.7473438538755433,-0.07013888888888886,-0.07379629629629625,0.4944828961767901,0.28277058631955826,0.20282329820624523,0.7734334299681913,0.023903211369559196,0.003657407407407387,0.0053366654617556675,0.3802967452105869,0.12068269125180668,0.1144515354176292,0.0,0.9999999987499999,0.6828931485484819,0.299901633096631,0.3121140091173466,0.4548484125163568,fearful,06,19,19,male,strong,2199
40,1.3346666666666667,True,1.0,0.5470087922040631,0.529560111706301,0.538284451955182,0.5946359471776588,-0.0671296296296297,-0.07027777777777777,0.4402427400238353,0.1962978409643199,0.2063125053250908,0.9052336215293748,0.017448680497762048,0.0031481481481480666,0.0041093381799109764,0.5230007688649837,0.12541427282553055,0.10924617201177834,0.0,0.9999999987499999,0.6164869457548645,0.2842193563554902,0.32636367019186613,0.40889178881443544,fearful,06,19,19,male,strong,2199
50,1.6683333333333334,True,1.0,0.5549905052470975,0.5489093549728905,0.5519499301099939,1.1648064378869114,-0.06870370370370377,-0.06939814814814815,0.4081548758668599,0.3700433040520285,0.20215731705202655,0.47385549406070643,0.00608115027420697,0.0006944444444443865,0.0034219580938776536,0.25863512270835676,0.12237937264516321,0.11314180006062807,0.0,0.9488960394861586,0.6170934513180272,0.28945863413157674,0.3140895869581324,0.3937242686611304,fearful,06,19,19,male,strong,2199
60,2.0020000000000002,True,1.0,0.4965695622531062,0.5023133528715636,0.49944145756233493,0.6922561163691103,-0.06550925925925927,-0.06699074074074068,0.4291791724236634,0.20189916161418367,0.2063568763099273,0.7214691871296276,0.005743790618457423,0.001481481481481417,0.008294848362237185,0.43155297670859166,0.12561054288048776,0.10936939855498613,0.0,0.9999999987499999,0.6226865024134653,0.28536350592480975,0.33337601793648214,0.41167483068517025,fearful,06,19,19,male,strong,2199
70,2.3356666666666666,True,1.0,0.4754944079351333,0.47478759346946886,0.4751410007023011,0.71104934006532,-0.06671296296296297,-0.0689351851851851,0.46228643778506173,0.2046662916575871,0.20213769135755233,0.6682250779652684,0.0007068144656644515,0.0022222222222221255,0.004764534523710965,0.40931193858273734,0.12572079880847464,0.10941690233888247,0.0,0.7917434802270678,0.6201456800845339,0.28506298466856805,0.332530807114366,0.4096617958166106,fearful,06,19,19,male,strong,2199
80,2.6693333333333333,True,1.0,0.46382953168649693,0.4638295316864957,0.4638295316864963,0.9589962646840673,-0.06453703703703711,-0.06685185185185188,0.38427011272689954,0.3498939341352346,0.20075867947458662,0.48366145809681627,1.2212453270876722e-15,0.0023148148148147696,0.0035011184093677807,0.3192475337421579,0.12367132831167388,0.11172815367674936,0.0,0.7445242563644199,0.6193779646546118,0.28989673468811694,0.3219208388695624,0.40032044536782213,fearful,06,19,19,male,strong,2199
90,3.003,True,1.0,0.47558957867008655,0.4806968419272944,0.47814321029869045,0.9194711246861366,-0.0616666666666667,-0.0643981481481482,0.4073289038363776,0.30036056739747197,0.19938057002093038,0.5200198216794526,0.005107263257207839,0.0027314814814815014,0.006451674168377993,0.3227755067810715,0.12689839120071703,0.1078724808915575,0.0,0.7143994978407927,0.6194603339617097,0.28895708396357767,0.3293615032279067,0.4014212643283906,fearful,06,19,19,male,strong,2199
100,3.336666666666667,True,1.0,0.4235191972256022,0.4135846911997179,0.41855194421266007,0.5746820472730622,-0.061203703703703705,-0.06550925925925927,0.46788059645516256,0.12235944073145331,0.19936067097489069,0.7283191569994941,0.009934506025884304,0.0043055555555555625,0.011979461710929234,0.5106416887158464,0.1263606737161275,0.10867731091892711,0.0,0.7071067807446058,0.6207291679640606,0.2831220795093807,0.3336540462705131,0.41037629485018334,fearful,06,19,19,male,strong,2199
110,3.6703333333333332,True,1.0,0.4172874153239077,0.4388177619737799,0.42805258864884377,0.6238913159006263,-0.06268518518518518,-0.06592592592592594,0.47893815420406677,0.17673814165042254,0.1938637676317847,0.6861012130468958,0.021530346649872245,0.0032407407407407662,0.009660261847964254,0.47833132408611867,0.12512467161338325,0.11009811226386053,0.0,0.913483749916454,0.6224275976093562,0.28473132993715505,0.3347130305791154,0.4196888104455876,fearful,06,19,19,male,strong,2199
120,4.0040000000000004,True,1.0,0.45412581661199647,0.4604711455034588,0.45729848105772763,0.6425616706919183,-0.06078703703703697,-0.06574074074074071,0.46501265906660555,0.20882336636841112,0.1924626186247637,0.7116802976519017,0.006345328891462332,0.004953703703703738,0.006844153687302295,0.4596570444008932,0.12785439923095737,0.10691599678323117,0.0,0.6704465182581065,0.6208127124677997,0.2858841826878981,0.3356547422440994,0.41593375451534,fearful,06,19,19,male,strong,2199
0,0.0,True,1.0,0.6893265417493042,0.6740736942757326,0.6817001180125184,1.3210044875827165,-0.08310185185185182,-0.08171296296296299,0.38007358538864544,0.5891909820815147,0.2159810534951401,0.5160467844132383,0.015252847473571585,0.0013888888888888284,0.008223598870417839,0.2214276791830727,0.11987022607935827,0.11579683359071666,0.0,0.9999999987499999,0.672228384345926,0.30141830301299083,0.3174680940618941,0.44401165722939756,fearful,06,19,19,male,strong,2200
10,0.33366666666666667,True,1.0,0.6856900960037635,0.6528574291794038,0.6692737625915837,0.6396912205969821,-0.07851851851851849,-0.07851851851851843,0.37622089119466084,0.2871893806925444,0.218061153612678,1.0462450336069864,0.0328326668243597,5.551115123125783e-17,0.022623101947600074,0.44813945640817876,0.1257298259126761,0.10940652926772855,0.0,0.9999999987499999,0.6225420323520033,0.28194121355504514,0.3432539041309574,0.4215102520021391,fearful,06,19,19,male,strong,2200
20,0.6673333333333333,True,1.0,0.6171419833445702,0.58100053150177,0.59907125742317,0.6923537787141223,-0.08018518518518525,-0.08037037037037037,0.40727010831448035,0.2428838481884216,0.2229180356753134,0.8652675493962035,0.036141451842800154,0.00018518518518512161,0.01624437646871112,0.43554108240064066,0.1250344311749338,0.11020058435089167,0.0,0.6673060028114893,0.6187295316407813,0.28259200563995174,0.35245638817425107,0.4291963571492076,fearful,06,19,19,male,strong,2200
30,1.0010000000000001,True,1.0,0.2500071176741355,0.25000711767413436,0.25000711767413497,1.6720771451848382,-0.09680555555555548,-0.09550925925925935,0.3564080637645242,0.5920899197593221,0.21529514256382773,0.1495188893611115,1.1657341758564144e-15,0.0012962962962961289,0.00472214701485618,0.19754448635591249,0.11484514188702843,0.12030818472432545,0.0,0.9999999987499999,0.6673797137761356,0.3070073992044407,0.3095073103805021,0.43480553462955635,fearful,06,19,19,male,strong,2200
40,1.3346666666666667,True,1.0,0.5243708446405018,0.5061798799007188,0.5152753622706103,0.6999472724973893,-0.06412037037037038,-0.06472222222222235,0.42479952307622665,0.2098366921586357,0.20972804271264525,0.7361631118757338,0.01819096473978299,0.0006018518518519644,0.016427802619897104,0.43383394234470457,0.12322073295474313,0.11222490249664939,0.0,0.8734856390251505,0.6214959813691101,0.2853342837865192,0.3430733066112408,0.4229199975555908,fearful,06,19,19,male,strong,2200
50,1.6683333333333334,True,1.0,0.5260674929255043,0.5082552027033229,0.5171613478144136,0.7353151816201666,-0.06314814814814806,-0.06365740740740738,0.43075054624551173,0.16649198872933862,0.20139040423879123,0.703319285037634,0.017812290222181337,0.0005092592592593204,0.015602902619045346,0.4329401057809544,0.12722195668768446,0.10766778305194857,0.0,0.7884447058506692,0.6168976872780363,0.2855630958568708,0.3404323458074747,0.42405251984781195,fearful,06,19,19,male,strong,2200
60,2.0020000000000002,True,1.0,0.5178814910160303,0.4916515694043749,0.5047665302102026,0.707888760368711,-0.05796296296296288,-0.059027777777777846,0.42765354497849933,0.16820428926406536,0.19861725721356668,0.7130591110774097,0.026229921611655438,0.0010648148148149628,0.01328107003153239,0.4381666027094366,0.12314432255646283,0.11230874227831879,0.0,0.8341726671021686,0.6247148044374,0.2834117323965767,0.332787235038522,0.42053619954134563,fearful,06,19,19,male,strong,2200
70,2.3356666666666666,True,1.0,0.543748958832993,0.5245491656687644,0.5341490622508787,1.1549762203608172,-0.056064814814814734,-0.06101851851851853,0.3416314140294485,0.39686614311681784,0.20140745113957895,0.4624762422242852,0.019199793164228596,0.004953703703703793,0.02083082541288246,0.2836268321170649,0.1257493964652319,0.10938403475379575,0.0,0.843573428193722,0.6177883484331232,0.28957235367109957,0.31927943833149036,0.3929172248410021,fearful,06,19,19,male,strong,2200
80,2.6693333333333333,True,1.0,0.5197106531017117,0.4890276523824295,0.5043691527420706,0.8156321958844215,-0.055694444444444435,-0.05944444444444441,0.41993952260136796,0.18897518228011823,0.1972237695863105,0.6183781798794292,0.030683000719282205,0.0037499999999999756,0.021653888566614682,0.3871913574422642,0.1235862003912945,0.11113871086568841,0.0,0.7340703711606014,0.6106235516081433,0.2894403048862251,0.33401215719112304,0.41539518029413236,fearful,06,19,19,male,strong,2200
90,3.003,True,1.0,0.5564222269997116,0.5186050289267098,0.5375136279632107,0.7611361704360097,-0.056712962962963076,-0.0584722222222222,0.4126639335358674,0.22951241352083332,0.19375039377480144,0.706199033551777,0.03781719807300177,0.0017592592592591272,0.0174346515893107,0.40453325017561226,0.1256413700253799,0.10950809974004576,0.0,0.6571369916821579,0.6252701374612345,0.2848906119947979,0.33322567748738274,0.4149586440881562,fearful,06,19,19,male,strong,2200
100,3.336666666666667,True,1.0,0.5243708446405023,0.5052757448200754,0.5148232947302889,0.6293512913669164,-0.059212962962962856,-0.05990740740740741,0.4057288114159616,0.15421525212450057,0.1979478885049929,0.8180221472369128,0.019095099820426897,0.000694444444444553,0.011800709857739988,0.48557195088599014,0.12678543510810425,0.10818147352950981,0.0,0.6684817921555931,0.6246823609287465,0.28208643877247386,0.32996439761090884,0.4095136257479507,fearful,06,19,19,male,strong,2200
0,0.0,True,1.0,0.57380751752364,0.5549195411186969,0.5643635293211684,0.905642079977821,-0.050138888888888955,-0.05277777777777776,0.38220390542203203,0.4139944418353373,0.16877893270488467,0.6231639869638009,0.018887976404943108,0.002638888888888802,0.018069402678727853,0.3137081601737096,0.1297416030418092,0.10461784843553062,0.0,0.7800364029600587,0.6276350017819629,0.27943557929534246,0.3017960332504814,0.37965830239383075,fearful,06,19,19,male,strong,2201
10,0.33366666666666667,True,1.0,0.586532526483685,0.5824195891161386,0.5844760577999117,0.8231844660186073,-0.05370370370370375,-0.054629629629629695,0.4017698663618124,0.33171936309033345,0.17713545686623575,0.7100183275162778,0.004112937367546476,0.0009259259259259411,0.013146052414631557,0.36589782690813044,0.12723418454457558,0.10765333275845972,0.0,0.6743061681513423,0.6213822856408189,0.28126338122555405,0.30897720817507224,0.4013558553709158,fearful,06,19,19,male,strong,2201
20,0.6673333333333333,True,1.0,0.5506264621496858,0.5434458029475304,0.5470361325486082,0.8166152270359608,-0.05231481481481476,-0.05337962962962961,0.40129162792189854,0.32294408263589147,0.17640445937537766,0.6698823563873108,0.007180659202155382,0.0010648148148148517,0.01721558315655893,0.36585915041724043,0.12691134530721748,0.10768045462316603,0.0,0.7730651539196034,0.6189044483418368,0.2815940880496976,0.305024717989371,0.40041025687153226,fearful,06,19,19,male,strong,2201
30,1.0010000000000001,True,1.0,0.3645799397237803,0.37395239161644755,0.36926616567011394,0.9063276554467916,-0.049027777777777726,-0.053518518518518576,0.4330309783872383,0.25229273812319775,0.17292372601051925,0.4074312015648216,0.009372451892667277,0.004490740740740851,0.01761479544779972,0.35081071525753227,0.12182646062034656,0.11373693886669928,0.0,0.7071067807446058,0.6133045988942453,0.2869773812163871,0.29504159927146706,0.3978137110297656,fearful,06,19,19,male,strong,2201
40,1.3346666666666667,True,1.0,0.38164536668132515,0.3865151412411484,0.3840802539612368,0.7198895245666486,-0.042592592592592515,-0.04856481481481484,0.4334533038121596,0.1797063232363463,0.18373281708503178,0.5335266604864702,0.004869774559823237,0.005972222222222323,0.003790723426585897,0.4422333384536163,0.12619689572284096,0.10886744821298992,0.0,0.9012801963454101,0.5946951847926671,0.2931446732848783,0.31214184213206175,0.4029771483859033,fearful,06,19,19,male,strong,2201
50,1.6683333333333334,True,1.0,0.4524337141242185,0.4608029435575993,0.4566183288409089,0.6581543629835779,-0.05152777777777773,-0.05828703703703708,0.45813737397329723,0.18086532356697327,0.18634708557960425,0.6937860698376961,0.00836922943338081,0.006759259259259354,0.00478178614279468,0.46386124661964556,0.12644377963648318,0.10858060767016584,0.0,0.6948036316104295,0.615093536391119,0.28665642970768623,0.31362805342602496,0.40285808552696317,fearful,06,19,19,male,strong,2201
60,2.0020000000000002,True,1.0,0.45201599854868,0.46895802244676466,0.46048701049772234,0.4769300296028631,-0.048101851851851785,-0.05819444444444449,0.40064459061154567,0.13155289466452277,0.19050859125259773,0.9655232044859227,0.016942023898084635,0.010092592592592708,0.016849011186010704,0.6256073176128661,0.12647482731276535,0.1081928275429866,0.0,0.6590774117389032,0.6216842905365271,0.2858004684187982,0.3129827611098136,0.39878281221200584,fearful,06,19,19,male,strong,2201
70,2.3356666666666666,True,1.0,0.37249661654382044,0.3987086225064926,0.3856026195251565,0.5652294268857949,-0.04583333333333328,-0.051805555555555494,0.4275871358842627,0.12945176963642058,0.19470950513359928,0.6822054924664562,0.026212005962672147,0.005972222222222212,0.007291786544339915,0.5539737672383425,0.12484292316625191,0.11007186021220297,0.0,0.7071067807446058,0.6037871987623175,0.29276332696939844,0.3212001364177778,0.40715174999971643,fearful,06,19,19,male,strong,2201
80,2.6693333333333333,True,1.0,0.5099297447236026,0.4648199533239786,0.4873748490237906,1.1838000861334232,-0.04648148148148146,-0.059259259259259234,0.34728244485541443,0.40625240306632304,0.19477414713283756,0.4117036776164415,0.045109791399624066,0.012777777777777777,0.030592630850726263,0.25519568559329975,0.12304211559420616,0.11225110962722881,0.0,0.9999999987499999,0.5895114024281588,0.2993775438885264,0.3027483570586135,0.38885290866701383,fearful,06,19,19,male,strong,2201
90,3.003,True,1.0,0.4238548607961156,0.42460724994712984,0.42423105537162276,0.7293668680716882,-0.04856481481481484,-0.05763888888888885,0.42685370540378614,0.16197825669836804,0.19479725633815054,0.5816428932304145,0.0007523891510142211,0.009074074074074012,0.02404101803211295,0.3954804830276308,0.12710959176332556,0.10726890327443614,0.0,0.9999999987499999,0.5937042948351214,0.29454995333266676,0.3252241220392252,0.4028402522830984,fearful,06,19,19,male,strong,2201
100,3.336666666666667,True,1.0,0.43792155305217667,0.4469949656794166,0.44245825936579664,0.7375340165937155,-0.04907407407407405,-0.05851851851851847,0.429218433170373,0.17855946060839636,0.18927664755212043,0.5999157318997709,0.00907341262723993,0.009444444444444422,0.016110897678642957,0.41163294093536584,0.1269633667990389,0.10779599860025871,0.0,0.7071067807446058,0.606944099514806,0.2870099907627775,0.32721063602571326,0.40710821851744583,fearful,06,19,19,male,strong,2201
110,3.6703333333333332,True,1.0,0.44497904736755034,0.4388081195743512,0.44189358347095076,0.645125400434697,-0.04796296296296293,-0.05555555555555547,0.42567481123185597,0.1523567502494641,0.19215366579153975,0.684973158975286,0.006170927793199166,0.00759259259259254,0.01142976578556129,0.47564494520628675,0.12688502962734285,0.10788819712824647,0.0,0.7496119622799322,0.607175901071366,0.2880462159667593,0.3202422746301799,0.4002502799830204,fearful,06,19,19,male,strong,2201
0,0.0,True,1.0,0.2678469110435032,0.25141333860258713,0.25963012482304515,0.5988960912732256,-0.04486111111111102,-0.04277777777777764,0.43833407361828364,0.2146502477212888,0.18057625937153512,0.4335144753926903,0.01643357244091609,0.0020833333333333814,0.0008502630267452995,0.5424652082843375,0.12798459326448863,0.10550352612535657,0.0,0.8527630861590081,0.6157732234768907,0.2808485138136479,0.315389316568619,0.39595286203553665,disgust,07,19,19,male,normal,2202
10,0.33366666666666667,True,1.0,0.2904736677117553,0.2506503635076387,0.270562015609697,0.5917713782630565,-0.04472222222222216,-0.042083333333333306,0.4389075596174784,0.21048479440178924,0.17449847551568032,0.4572069984253712,0.039823304204116616,0.0026388888888888573,0.012712504534579271,0.5528923970490215,0.12866679635318515,0.10448828502099217,0.0,0.9999999987499999,0.6136377467471366,0.2828394492934816,0.3135098956497872,0.38440946286145744,disgust,07,19,19,male,normal,2202
20,0.6673333333333333,True,1.0,0.2818521402670705,0.2674951942060602,0.2746736672365654,0.6490251989735796,-0.03925925925925927,-0.03796296296296303,0.4361851710427333,0.23906798790102626,0.15908581721732423,0.42320955745779415,0.01435694606101029,0.0012962962962962399,0.008610813042544727,0.53394465173787,0.12720178430501744,0.10751455665458444,0.0,0.9999999987499999,0.6142272888139632,0.28277731800556893,0.31260269465462265,0.40049817539850446,disgust,07,19,19,male,normal,2202
30,1.0010000000000001,True,1.0,0.2715923204301585,0.2330080839217919,0.2523002021759752,0.6951478229429554,-0.038472222222222185,-0.03787037037037028,0.4305454588369079,0.2374149585962272,0.1627702080388178,0.36294467715923384,0.03858423650836662,0.0006018518518519089,0.02951647602140996,0.48054224956984476,0.12666133937613508,0.10797441818763287,0.0,0.8095421104477062,0.6159481476106067,0.2845056387450512,0.3102665679062398,0.3983704034995209,disgust,07,19,19,male,normal,2202
40,1.3346666666666667,True,1.0,0.22536736391067883,0.22742761736432632,0.22639749063750259,0.6388268408984731,-0.04435185185185181,-0.04259259259259246,0.4164823094859281,0.2108858877664886,0.16604988980092197,0.35439570810626486,0.0020602534536474926,0.0017592592592593492,0.017825933385318814,0.5318805957608502,0.1279885565703375,0.10657674798155677,0.0,0.9999999987499999,0.6142923769195179,0.28427615894916813,0.3086416263988189,0.38899024000613797,disgust,07,19,19,male,normal,2202
50,1.6683333333333334,True,1.0,0.22662729825375932,0.18759046600092874,0.20710888212734402,0.7309613465831937,-0.04305555555555546,-0.04185185185185192,0.4250804984791996,0.23961871056378214,0.15876641189498156,0.2833376663423503,0.03903683225283058,0.0012037037037035403,0.025122260546916287,0.4452710914061924,0.12770903626998842,0.10691153295240179,0.0,0.6330766471312821,0.6161886097173245,0.2871004614344798,0.3120151407618053,0.39823888400476226,disgust,07,19,19,male,normal,2202
60,2.0020000000000002,True,1.0,0.27320398883444985,0.23828709276088003,0.2557455407976649,0.8943692938716372,-0.044259259259259165,-0.04347222222222219,0.4169716075108511,0.306145470923124,0.15723566064514635,0.2859507169466513,0.03491689607356982,0.000787037037036975,0.03324859013188205,0.35534056429359584,0.12694489367714454,0.10799431346091738,0.0,0.9999999987499999,0.631310693128814,0.28507857867638386,0.3093619113266266,0.39423337852086804,disgust,07,19,19,male,normal,2202
70,2.3356666666666666,True,1.0,0.2911525734515669,0.27950797875108796,0.28533027610132744,0.4975456159571197,-0.03736111111111107,-0.03754629629629619,0.3964441352081597,0.1275227541161528,0.1632510025460686,0.5734756109797945,0.01164459470047896,0.00018518518518512161,0.024270984703071073,0.6204640378567838,0.12895121492535122,0.10540995205746967,0.0,0.6489893554602811,0.6157201141941152,0.2850180484623206,0.3105593313467623,0.38735689391672795,disgust,07,19,19,male,normal,2202
80,2.6693333333333333,True,1.0,0.31732319294835004,0.30158326848106476,0.30945323071470743,0.625791904258693,-0.042037037037036984,-0.04199074074074077,0.39484284864210945,0.19783729631418867,0.1646208772612142,0.4944986162473334,0.015739924467285282,4.6296296296211015e-05,0.022995646635533794,0.48358076248288506,0.12668313834865166,0.10812518800541442,0.0,0.6648200615424507,0.6158576930225216,0.28623719187731256,0.31100740288358775,0.392741577938694,disgust,07,19,19,male,normal,2202
90,3.003,True,1.0,0.33298828301230476,0.31725188446537667,0.3251200837388407,0.6279125568950296,-0.04111111111111104,-0.039212962962962894,0.3838466673959533,0.24708629756101103,0.16390564683773728,0.5177792356097001,0.0157363985469281,0.0018981481481481488,0.02294188961909162,0.502965607288541,0.12673224967533891,0.10806762103060429,0.0,0.8641356230572994,0.6156092187968938,0.2871254684942621,0.312665306838665,0.3959957053166146,disgust,07,19,19,male,normal,2202
100,3.336666666666667,True,1.0,0.32872499539299166,0.32178423216013247,0.32525461377656206,0.6870192356746454,-0.038842592592592595,-0.04009259259259246,0.4209596231856327,0.18678464345031867,0.16252300393064556,0.4734286856716109,0.006940763232859193,0.0012499999999998623,0.01928911170570585,0.45521274233501624,0.12840641272222117,0.10625239264415877,0.0,0.7071067807446058,0.6143118611272634,0.28548498866822747,0.3169971218365237,0.4038429437095976,disgust,07,19,19,male,normal,2202
110,3.6703333333333332,True,1.0,0.29615228891416234,0.2828523828068604,0.2895023358605114,0.6987591579974615,-0.038055555555555454,-0.03907407407407404,0.42913108502659325,0.2070239871346691,0.16461299838138882,0.4143091829954422,0.013299906107301918,0.0010185185185185852,0.03623932859564533,0.4555193347453121,0.13141718828763718,0.10250512374299059,0.0,0.6586783284470363,0.5603461002213386,0.2669071801590606,0.3333137710830075,0.37608486176260625,disgust,07,19,19,male,normal,2202
120,4.0040000000000004,True,1.0,0.34611406771357395,0.3598352950549114,0.3529746813842427,0.4053303899453611,-0.04092592592592609,-0.04120370370370363,0.45785011897391104,-0.01125368387654087,0.16425345295452562,0.8708320178800905,0.01372122734133746,0.00027777777777754364,0.0023304011069461604,0.6806682335789969,0.1253525900187492,0.10966495337342343,0.0,0.9999999987499999,0.6115392226812602,0.28729911969107275,0.30915736545424827,0.3902565554984096,disgust,07,19,19,male,normal,2202
0,0.0,True,1.0,0.30113065809926026,0.2962765783232469,0.2987036182112536,0.3625483030056963,-0.041296296296296275,-0.0461111111111111,0.4298401113278707,-0.08771329911428091,0.2133836688599105,0.8239001968423513,0.004854079776013376,0.004814814814814827,0.007815038263808673,0.8346774193548363,0.12477822372549617,0.11049059984577188,0.0,0.8416638518931271,0.5922410060430423,0.28837636580616816,0.3302898984054828,0.4100053887318599,disgust,07,19,19,male,normal,2203
10,0.33366666666666667,True,1.0,0.3026588820744537,0.2744193628647163,0.288539122469585,0.38177744981205486,-0.039305555555555594,-0.04314814814814805,0.4232770005310811,-0.08947908979970014,0.21196434753034096,0.7557783274303652,0.028239519209737385,0.003842592592592453,0.004564960220717556,0.809197389416863,0.12212406589561904,0.113417328037067,0.0,0.8631213954334275,0.5954780743938201,0.2894305307861536,0.3220652948283331,0.40357415132944724,disgust,07,19,19,male,normal,2203
20,0.6673333333333333,True,1.0,0.2354964417707067,0.22249053664337967,0.22899348920704318,0.4412572841196194,-0.03726851851851848,-0.039722222222222214,0.4109127427660135,-0.0315183774371156,0.18630941526953174,0.5189568477354946,0.013005905127327022,0.0024537037037037357,0.001008533133836452,0.7237784395737676,0.13026102586067162,0.10397039440460286,0.0,0.65881760073984,0.5601914663052723,0.2623646623144682,0.3204784044790651,0.3525342261716819,disgust,07,19,19,male,normal,2203
30,1.0010000000000001,True,1.0,0.19789687448249774,0.2139917695473244,0.20594432201491109,0.515984937069339,-0.04060185185185178,-0.03939814814814835,0.45236208062086664,-0.02865687596227161,0.16808460779644996,0.3991285543811057,0.01609489506482667,0.0012037037037034293,0.02675685093586799,0.5873164922647726,0.12556272622052042,0.10959826437698315,0.0,0.7881273713367477,0.6052714553008702,0.29002579746528995,0.31089775101238826,0.3988010947806687,disgust,07,19,19,male,normal,2203
40,1.3346666666666667,True,1.0,0.19370971105651438,0.18149082719518678,0.1876002691258506,0.5217445720876808,-0.04916666666666658,-0.04009259259259257,0.46533544676986666,-0.022200306810360115,0.1799565268766711,0.3595634323040428,0.012218883861327606,0.009074074074074012,0.016691369352030194,0.5389453478105736,0.12540327784092417,0.10978067078099597,0.0,0.9999999987499999,0.6091180173163016,0.2920608880735471,0.31335406996878895,0.3987476593261123,disgust,07,19,19,male,normal,2203
50,1.6683333333333334,True,1.0,0.24819115843425943,0.2615405971075046,0.254865877770882,0.45320617318162454,-0.03958333333333336,-0.03875000000000001,0.44721739283157064,0.0,0.16749280406255163,0.562361884838544,0.013349438673245173,0.0008333333333333526,0.0003182570331322953,0.6489709639081954,0.12980692898976826,0.10453678279619466,0.0,0.6465100659376133,0.6279929197225765,0.2845166489359798,0.3097088715800742,0.3910702686314064,disgust,07,19,19,male,normal,2203
60,2.0020000000000002,True,1.0,0.34219062346508333,0.32158913459161254,0.33188987902834793,0.5374640645784504,-0.04046296296296292,-0.040648148148148044,0.4475233268236087,0.07009876767206218,0.15768727938291646,0.6175108270515897,0.020601488873470797,0.00018518518518512161,0.011881364442540591,0.5641356408491507,0.1268803257007223,0.10807016572994321,0.0,0.6856124059569279,0.6278405883994223,0.28467626585653544,0.306133612279749,0.39900485914125966,disgust,07,19,19,male,normal,2203
70,2.3356666666666666,True,1.0,0.18583044714635125,0.18460043192378459,0.18521543953506792,0.5468392812904023,-0.04509259259259252,-0.03810185185185189,0.4522219999504718,0.03986275046583093,0.1722581012501332,0.33870178290412195,0.0012300152225666605,0.006990740740740631,0.016185473633743962,0.5522033992861268,0.12605824299197504,0.10902796496481723,0.0,0.8656520211193578,0.630966045340011,0.2853242697360872,0.31102293843849066,0.40151128583875073,disgust,07,19,19,male,normal,2203
80,2.6693333333333333,True,1.0,0.23069598841162803,0.21098828547357587,0.22084213694260196,0.5130564809943745,-0.04148148148148145,-0.038611111111111096,0.41885421454871,0.030539076249665092,0.17087798736771298,0.4304441033754789,0.019707702938052157,0.0028703703703703565,0.020784582971382533,0.5645120226320663,0.13300052154755704,0.10044221741576537,0.0,0.6781202350182383,0.5558295285145307,0.26029721502892206,0.3281299978731091,0.35693931730883816,disgust,07,19,19,male,normal,2203
90,3.003,True,1.0,0.3225862389743567,0.33509703655886325,0.32884163776660996,0.5022675442448519,-0.04555555555555557,-0.04337962962962966,0.42192807852109265,0.048983275347699556,0.17714536291050478,0.6547140892032275,0.012510797584506572,0.0021759259259259145,0.012606982002441909,0.5897170671528167,0.1270696058385214,0.10784754537107441,0.0,0.8881830335787738,0.6081740645867723,0.2922491502296389,0.31522924449199274,0.3913505712988455,disgust,07,19,19,male,normal,2203
100,3.336666666666667,True,1.0,0.2951897676183806,0.3052611977776483,0.30022548269801447,0.4935375990559257,-0.04712962962962969,-0.04129629629629633,0.42129009682443547,0.0801919311047403,0.17918753095872786,0.6083132942096152,0.010071430159267702,0.005833333333333357,0.010005476205580328,0.6046277192086742,0.12595214489148615,0.10897582768730053,0.0,0.9182388480579554,0.6092608637439351,0.29217750967348066,0.31511540529134796,0.3960990412861314,disgust,07,19,19,male,normal,2203
110,3.6703333333333332,True,1.0,0.28991172895049017,0.285643986427854,0.2877778576891721,0.6134279254888795,-0.04842592592592587,-0.04407407407407404,0.40812594403822205,0.07509383425129909,0.18278962761350415,0.46913067653355317,0.004267742522636175,0.004351851851851829,0.014320339840654167,0.4705392653479144,0.1294200844671876,0.10501532986837218,0.0,0.8381824123953353,0.6054264766140831,0.29035743706455225,0.31466454876947825,0.3867618985140793,disgust,07,19,19,male,normal,2203
120,4.0040000000000004,True,1.0,0.3185714818045001,0.2944814445124789,0.3065264631584895,0.5389649224524815,-0.04361111111111127,-0.04125000000000001,0.4379627688135561,0.02293303520262833,0.17933691644693361,0.5687317493013931,0.02409003729202125,0.002361111111111258,0.011917329034436572,0.5265580352449527,0.12791248636794197,0.10684649550594846,0.0,0.7123789939922888,0.5981948684630103,0.29046030504039355,0.312325460789487,0.38394001256893107,disgust,07,19,19,male,normal,2203
130,4.337666666666666,True,1.0,0.2740225607834256,0.2682791771551282,0.27115086896927687,0.5228405233355593,-0.04023148148148148,-0.03865740740740736,0.43592686057723307,0.0290466957408643,0.1778743110935235,0.5186110426931313,0.005743383628297349,0.0015740740740741166,0.00695617960122113,0.5504487507120828,0.12647237255229543,0.10854730190789336,0.0,0.7798690260916925,0.5970609288637329,0.29221219868920567,0.3102300826165704,0.3820919581562106,disgust,07,19,19,male,normal,2203
140,4.671333333333333,True,1.0,0.3449597700713606,0.3562044181197392,0.35058209409554986,0.5608286464577178,-0.038657407407407474,-0.03824074074074074,0.43086920267891043,0.02336625589068739,0.17588584101174146,0.6251144557430895,0.011244648048378603,0.0004166666666667318,0.0005723994950631804,0.539427887975867,0.13024494224152697,0.10399054183692082,0.0,0.6546941847442321,0.5893210675832834,0.28935334764375864,0.3136858964238211,0.38635848199572703,disgust,07,19,19,male,normal,2203
0,0.0,True,1.0,0.3707457798549576,0.35259332989552,0.3616695548752388,0.6093273335191407,-0.04560185185185189,-0.04472222222222222,0.3921617706691734,0.29196934731125496,0.15124478106470446,0.5935554421733121,0.0181524499594376,0.0008796296296296746,0.010213885569093811,0.5039062499999998,0.13273635287597224,0.10079106307806031,0.0,0.933867893485615,0.5615631069849815,0.25350995971115003,0.3127475351736484,0.3368705008089039,disgust,07,19,19,male,normal,2204
10,0.33366666666666667,True,1.0,0.3562314262673526,0.3586118474513404,0.35742163685934647,0.7261118303983899,-0.04379629629629628,-0.04180555555555565,0.39558321056507506,0.2691494866879005,0.16207692134798826,0.4922404812812963,0.002380421183987791,0.0019907407407406263,0.011178473899191925,0.44643273762311314,0.12724793675408638,0.1076370770805937,0.0,0.8208136504208806,0.6174491806800846,0.2828474607448656,0.3058480442764782,0.39413315835580687,disgust,07,19,19,male,normal,2204
20,0.6673333333333333,True,1.0,0.2573124910464092,0.2705482102910249,0.26393035066871706,0.7651387344865886,-0.045648148148148104,-0.041388888888888864,0.426031589148022,0.1622785826924096,0.175,0.34494443788134116,0.013235719244615696,0.00425925925925924,0.0015971877145801202,0.4356508412255485,0.12734640008817724,0.10752056619646165,0.0,0.8386871244007705,0.6198162417701456,0.27848253164723363,0.3161318407205231,0.4086009431359891,disgust,07,19,19,male,normal,2204
30,1.0010000000000001,True,1.0,0.24357161556385173,0.2376913740970013,0.2406314948304265,0.6141184527910376,-0.05513888888888885,-0.04944444444444446,0.4766914128050644,-0.010771910087241376,0.19793054364727777,0.3918323797905886,0.005880241466850428,0.005694444444444391,0.03784455845010241,0.46405709336264955,0.12363652568037314,0.11176666447558217,0.0,0.677916274309718,0.6064257560289741,0.28857812729559573,0.30426418846941117,0.39567469876155575,disgust,07,19,19,male,normal,2204
40,1.3346666666666667,True,1.0,0.21005551149308604,0.18118733717507396,0.19562142433408,0.6223093546201901,-0.054444444444444406,-0.04953703703703699,0.4489119472342497,0.061107339169551855,0.1910121683285029,0.3143475554107206,0.028868174318012085,0.004907407407407416,0.022051342008301788,0.4920882116839333,0.12586011748557296,0.10925661809282902,0.0,0.8537661629372647,0.6054577486150711,0.2862155947139554,0.3228500962547085,0.40462090122428956,disgust,07,19,19,male,normal,2204
50,1.6683333333333334,True,1.0,0.20500894458691898,0.1903802810086422,0.1976946127977806,0.6292461592649706,-0.040740740740740744,-0.03671296296296289,0.44999808674234165,0.08831525042315352,0.16878661712096907,0.3141769081732813,0.014628663578276774,0.004027777777777852,0.015881844656920673,0.5032894736842117,0.12837688963109697,0.10628806132179239,0.0,0.8355739353550061,0.6175206126747574,0.28167574866790984,0.3254427867765837,0.40247621128826394,disgust,07,19,19,male,normal,2204
60,2.0020000000000002,True,1.0,0.20589070426548087,0.18356345196758397,0.19472707811653242,0.6069824447347432,-0.043194444444444535,-0.037314814814814745,0.4486919569478727,0.0827703333729193,0.17295240163192807,0.320811713428763,0.022327252297896893,0.00587962962962979,0.0016630479676821076,0.5116867665940154,0.12521930489448624,0.10999046982411785,0.0,0.7907771372285198,0.6186306782244148,0.2850043431545769,0.31056018510849853,0.39965203256113946,disgust,07,19,19,male,normal,2204
70,2.3356666666666666,True,1.0,0.2808453679731706,0.25313634288520587,0.2669908554291882,0.554527976723963,-0.05041666666666672,-0.041435185185185186,0.4506986162766765,0.03960914119456866,0.1854232501172056,0.4814740944298521,0.027709025087964745,0.008981481481481535,0.018300068699283713,0.516984599695547,0.1278346768386409,0.10693957718432516,0.0,0.7647891654106473,0.5981946708917942,0.28995680233816384,0.3169292016808166,0.38721018384384515,disgust,07,19,19,male,normal,2204
80,2.6693333333333333,True,1.0,0.2910485548540424,0.2798980744411981,0.28547331464762027,0.5473391708372669,-0.05467592592592602,-0.0498148148148147,0.41761580921741315,0.10945928299498613,0.19930708674523123,0.5215656577455083,0.011150480412844332,0.004861111111111316,0.0018926833642149423,0.6003644799617508,0.12662988784487608,0.10836350527266282,0.0,0.7843287070697146,0.5982182225546469,0.29130422956451174,0.32028398537310054,0.39227109971395496,disgust,07,19,19,male,normal,2204
90,3.003,True,1.0,0.33509609346826247,0.3010403543691396,0.31806822391870104,0.6770105155615683,-0.05620370370370359,-0.05407407407407411,0.3918844917934724,0.19159595928994813,0.2000137324387066,0.46981282654800277,0.03405573909912285,0.0021296296296294814,0.01093291176068114,0.424923451195414,0.12495033348341973,0.11029592890352588,0.0,0.7492752839053654,0.6010390561068178,0.29086834129928113,0.3141997761155236,0.38758087634665955,disgust,07,19,19,male,normal,2204
100,3.336666666666667,True,1.0,0.3152055889672021,0.3086533476197536,0.31192946829347784,0.7187805937026204,-0.0380092592592593,-0.03597222222222218,0.4296116865358204,0.2086438920330978,0.1666831453442137,0.4339703534379669,0.006552241347448473,0.002037037037037115,0.0033008304967356967,0.4380916827825348,0.12692890757469516,0.1080131019480049,0.0,0.8165257983700625,0.610376104207308,0.2831969681316724,0.3133359942096755,0.3942618463140936,disgust,07,19,19,male,normal,2204
110,3.6703333333333332,True,1.0,0.35785547076102786,0.3638701721642409,0.3608628214626344,0.7251264473715763,-0.03893518518518513,-0.03666666666666668,0.42673485111498566,0.192969258051419,0.1673902838797571,0.4976550266104383,0.00601470140321303,0.0022685185185184475,0.006494695815958686,0.4448306385340335,0.12768065156322622,0.10712342874965038,0.0,0.7915962883527607,0.6170895266231493,0.27997616185476076,0.3204795526176789,0.40074728915532654,disgust,07,19,19,male,normal,2204
120,4.0040000000000004,True,1.0,0.3478891482128574,0.3301417845212327,0.33901546636704505,0.7503388517490569,-0.04861111111111116,-0.041388888888888864,0.4258782370015136,0.14429053023921418,0.18206558918309676,0.4518164900788388,0.017747363691624662,0.0072222222222222965,0.009174585602126122,0.4156538543636045,0.12566415248534868,0.10948195536552283,0.0,0.6762265909076712,0.602763465690964,0.28809493844575296,0.32006288545781125,0.40074267004050085,disgust,07,19,19,male,normal,2204
0,0.0,True,1.0,0.4054446624664021,0.29902654897380976,0.3522356057201059,0.7744783156129702,-0.04319444444444437,-0.043055555555555514,0.402164318694221,0.1371311775517475,0.17246638665532837,0.45480370285296473,0.10641811349259234,0.0001388888888888551,0.07639345004333196,0.3726212245522262,0.12157385623353428,0.10992306632246172,0.0,0.9999999987499999,0.6770407620157437,0.29846100831194333,0.28077827028223373,0.39981723911704986,disgust,07,19,19,male,normal,2205
10,0.33366666666666667,True,1.0,0.337446814649173,0.29784548387901627,0.3176461492640946,0.5632306204341959,-0.03254629629629635,-0.03662037037037036,0.4450940786105632,0.0827023707385302,0.16880469672010198,0.5639717333180863,0.039601330770156706,0.004074074074074008,0.05144933408611322,0.5484283369896741,0.1281377542850454,0.10657623420623036,0.0,0.7071067807446058,0.6233796364952232,0.2794237818886427,0.31292359050507873,0.39612320382325583,disgust,07,19,19,male,normal,2205
20,0.6673333333333333,True,1.0,0.36865131594333755,0.32532319275606475,0.3469872543497011,0.5754544474903376,-0.03634259259259265,-0.039953703703703713,0.44227122309708994,0.09021799108145177,0.17049008891602954,0.6029795335894548,0.043328123187272805,0.003611111111111065,0.044238388734580456,0.5214238253510208,0.12890277307815962,0.1056496704380733,0.0,0.7181177336828029,0.6210822065154187,0.2805940625764769,0.3157017396318534,0.39594951119718996,disgust,07,19,19,male,normal,2205
30,1.0010000000000001,True,1.0,0.23797535126080116,0.19802819373892325,0.2180017724998622,0.5803638360370483,-0.034722222222222265,-0.034722222222222376,0.4419429283784888,0.0,0.17519215524607729,0.3756294913006015,0.03994715752187791,1.1102230246251565e-16,0.04839938935871216,0.5099767358147247,0.13102161645694588,0.10301026061576388,0.0,0.7151387435099996,0.5712710715926996,0.2659889101149437,0.3061151565058056,0.3482527969184982,disgust,07,19,19,male,normal,2205
40,1.3346666666666667,True,1.0,0.25540802592373907,0.17635897046467403,0.21588349819420655,0.5948281046576499,-0.04018518518518521,-0.04046296296296298,0.42771255579279477,0.029094602656737047,0.17185172423239845,0.36293426034140924,0.07904905545906504,0.0002777777777777657,0.066289821771982,0.49051825596252063,0.12572810637288168,0.10800643248414467,0.0,0.9999999987499999,0.625191642821191,0.28625351605676863,0.288388483771429,0.3699617888594537,disgust,07,19,19,male,normal,2205
50,1.6683333333333334,True,1.0,0.24539817612121426,0.21622107718046216,0.2308096266508382,0.5773528625595191,-0.035231481481481475,-0.03810185185185189,0.4408672621264543,0.01695520405106495,0.17292063758304488,0.3997722045191109,0.0291770989407521,0.002870370370370412,0.03908357590323928,0.5017200280833376,0.1296512830230307,0.10472975976869463,0.0,0.7293730657000921,0.5523413361438326,0.2632259645129037,0.324406555671743,0.35871123327342763,disgust,07,19,19,male,normal,2205
60,2.0020000000000002,True,1.0,0.23012279177360898,0.1871612224503111,0.20864200711196004,0.49461865829379836,-0.04194444444444445,-0.0409722222222223,0.4479861306734675,0.005616537415831394,0.17500174385291856,0.4218239720913012,0.042961569323297866,0.0009722222222221522,0.04095788503189531,0.5985069079744256,0.12589629865778584,0.10886547597695378,0.0,0.7056534667738614,0.609687732702456,0.29007213456424474,0.3095261257277041,0.38236309169520993,disgust,07,19,19,male,normal,2205
70,2.3356666666666666,True,1.0,0.23864668113359472,0.2290437905906557,0.2338452358621252,0.5372819217259532,-0.040370370370370445,-0.03888888888888886,0.41414228299209066,0.06100991067811983,0.16944624547227047,0.4352374915406155,0.00960289054293903,0.0014814814814815835,0.033901632692503424,0.5625453785109983,0.12896124015180305,0.10557829468890789,0.0,0.6887413513160954,0.6155419440354267,0.28533746719970365,0.32364602079509336,0.3911830332056368,disgust,07,19,19,male,normal,2205
80,2.6693333333333333,True,1.0,0.3059118311116944,0.2673949634628565,0.28665339728727546,0.6728287594301698,-0.05282407407407402,-0.04560185185185173,0.4129132741891211,0.09781996961596479,0.1889292754835563,0.4260421292485284,0.03851686764883788,0.0072222222222222965,0.01206763638455902,0.45015532726209384,0.12687069488781974,0.10772834656816103,0.0,0.8116469900134461,0.606353776557498,0.29263805646825225,0.31595305620529046,0.385761646838406,disgust,07,19,19,male,normal,2205
90,3.003,True,1.0,0.34876712160640916,0.30070956751873423,0.32473834456257167,0.6159982290486062,-0.044212962962962954,-0.04472222222222222,0.43212940350518375,0.04646688517609439,0.1784739321483694,0.5271741528609942,0.048057554087674925,0.0005092592592592649,0.024180658327447313,0.45963191896501915,0.12644781096396798,0.10822440102852877,0.0,0.8615211766036652,0.6074112826615021,0.2905249003350928,0.31903264179952323,0.38665720472300885,disgust,07,19,19,male,normal,2205
100,3.336666666666667,True,1.0,0.33993615316456555,0.3085351139763592,0.32423563357046237,0.6574897033371021,-0.05532407407407408,-0.055833333333333346,0.4433221535727912,0.07925907484638718,0.19516390952681315,0.49314176621291245,0.03140103918820636,0.0005092592592592649,0.036052280416380304,0.44858208929127713,0.12682536526507412,0.10813465908732743,0.0,0.9999999987499999,0.6092105360816201,0.28954216812148814,0.3209205053073992,0.392837071790323,disgust,07,19,19,male,normal,2205
110,3.6703333333333332,True,1.0,0.3115318515318658,0.25947199198907095,0.2855019217604684,0.6978526825952325,-0.044537037037036986,-0.0413425925925926,0.44347560445331574,0.09001217284883056,0.17638888888888887,0.4091148875414796,0.05205985954279485,0.0031944444444443887,0.02354114303327658,0.419978862321215,0.12545684582450253,0.10971944953494404,0.0,0.8008155375279569,0.6061832250087535,0.28818055273376597,0.3209784578524015,0.3969872081991311,disgust,07,19,19,male,normal,2205
0,0.0,True,1.0,0.4734398400987872,0.5326600507061575,0.5030499454024724,1.275210558859321,-0.07412037037037039,-0.07314814814814818,0.3588277872089702,0.5697647293597584,0.19378189316636535,0.3944838300683864,0.059220210607370316,0.0009722222222222077,0.01038140305820893,0.2692770936966555,0.12560901088894472,0.10954521511371945,0.0,0.8855476768768417,0.6555365002094589,0.3017802690022033,0.3117436415105933,0.42849704073128125,disgust,07,19,19,male,strong,2206
10,0.33366666666666667,True,1.0,0.4703640911357155,0.502244762617938,0.48630442687682673,1.0456622993178784,-0.07138888888888895,-0.07250000000000012,0.368385739116064,0.5162957602882025,0.1937692940242097,0.46506833725769775,0.03188067148222257,0.0011111111111111738,0.011614384532036304,0.33750000000000013,0.12556333989551838,0.10959756130883999,0.0,0.7077519518390372,0.6184356020923996,0.28072477903999915,0.34576177237299033,0.42298298472656953,disgust,07,19,19,male,strong,2206
20,0.6673333333333333,True,1.0,0.4344769649132248,0.4740044856959969,0.45424072530461085,1.0231230699116578,-0.06916666666666665,-0.06981481481481477,0.3763709286528606,0.45399963988672254,0.1993116802436792,0.4439746680170476,0.03952752078277211,0.0006481481481481199,0.011744193740551708,0.3515538099650072,0.12274164538294259,0.11274868628497664,0.0,0.7277875046741161,0.6580508440407413,0.3008148945064192,0.31383723922816664,0.4386878550196168,disgust,07,19,19,male,strong,2206
30,1.0010000000000001,True,1.0,0.4383309632117905,0.45167421154479165,0.44500258737829107,0.9714140733834313,-0.07370370370370366,-0.07388888888888889,0.3745905707733971,0.4409225578926866,0.19722260906438244,0.45809773563229206,0.013343248333001156,0.00018518518518523264,0.010501765849954482,0.348072469866787,0.12635447886815365,0.10868451334262215,0.0,0.7598716573914585,0.6149574325589611,0.2819232836591602,0.34026711172094243,0.4174578375260793,disgust,07,19,19,male,strong,2206
40,1.3346666666666667,True,1.0,0.3903923060732186,0.42129755828270565,0.40584493217796214,0.8402105663418041,-0.06449074074074074,-0.06787037037037025,0.39330979692501755,0.3531202435312023,0.19305595074681023,0.4830276462065597,0.030905252209487033,0.0033796296296295103,0.008213119819107523,0.3994432488720132,0.12745688196854033,0.10738957588869032,0.0,0.709287210705023,0.6116677557976316,0.27721317449059196,0.33791889702788275,0.41128685399435516,disgust,07,19,19,male,strong,2206
50,1.6683333333333334,True,1.0,0.38373613418666985,0.400732157351246,0.39223414576895793,0.740645199985793,-0.06162037037037038,-0.06375000000000008,0.39007321725998867,0.3332317692440375,0.19654175282197442,0.5295844025944969,0.016996023164576157,0.0021296296296297035,0.011813181388196262,0.43149609876395256,0.12984567343333786,0.1044886542252745,0.0,0.6842577456804012,0.6125055124940603,0.2759481016159758,0.3432894674587216,0.405704070191247,disgust,07,19,19,male,strong,2206
60,2.0020000000000002,True,1.0,0.3704448632636814,0.39294028795442365,0.38169257560905256,1.1034515466743617,-0.06092592592592583,-0.06282407407407398,0.389454177485046,0.4597355623430683,0.1868316922029551,0.34590787131470974,0.022495424690742227,0.0018981481481481488,0.006980946280221109,0.3064275571018581,0.12714307910329736,0.10776091687993075,0.0,0.7562406044599846,0.6051062270533214,0.2814345194785673,0.3347444816018581,0.4091325492396217,disgust,07,19,19,male,strong,2206
70,2.3356666666666666,True,1.0,0.2878395621041001,0.3050118584007538,0.2964257102524269,0.7501889267183325,-0.05777777777777782,-0.05763888888888885,0.41490021101378993,0.33468714303039304,0.1834036489948516,0.39513474498900936,0.017172296296653677,0.0001388888888889661,0.004256088745570582,0.4413296287764988,0.12736608900433738,0.10749724248800276,0.0,0.8937066871186506,0.6112032374355992,0.2767877311793474,0.3352678182686355,0.41469824390279153,disgust,07,19,19,male,strong,2206
80,2.6693333333333333,True,1.0,0.3362700938524086,0.33935810177982106,0.3378140978161148,0.7061033883000634,-0.05768518518518517,-0.055972222222222145,0.38502340650068234,0.3404255319148932,0.188214307974696,0.47842016256202763,0.003088007927412484,0.0017129629629630272,0.005807952251929066,0.4419419914411197,0.12919211972316436,0.10529565030164346,0.0,0.8045097087363577,0.6072001795952755,0.27595478473694063,0.3269943342510546,0.3930860034837283,disgust,07,19,19,male,strong,2206
90,3.003,True,1.0,0.2958466910641125,0.2796242724471394,0.2877354817556259,0.7671688702897028,-0.06000000000000005,-0.05666666666666659,0.3798653198645278,0.33242523558231785,0.19043809459322833,0.3750614667758476,0.0162224186169731,0.003333333333333466,0.005640215209789817,0.4218564617932802,0.12898497515240814,0.1055492963302664,0.0,0.7333270376366672,0.6068216691598514,0.2787314067889151,0.3324233499880052,0.39460918797472033,disgust,07,19,19,male,strong,2206
100,3.336666666666667,True,1.0,0.3305232431590155,0.320231356704544,0.3253772999317798,0.9392244321334277,-0.06199074074074068,-0.0591666666666667,0.3380169590916882,0.49121305858619996,0.1827595733059106,0.34643189508251226,0.010291886454471488,0.002824074074073979,0.002618938466414971,0.33744946124316805,0.12717477152401102,0.10772351302509175,0.0,0.9315315741510021,0.6048858243141007,0.2835098708600663,0.32401099475720985,0.3913750890517943,disgust,07,19,19,male,strong,2206
110,3.6703333333333332,True,1.0,0.32464850905752635,0.32892932669866903,0.3267889178780977,0.8032566878692781,-0.05870370370370365,-0.05518518518518517,0.3678749891554883,0.40161126927534607,0.1835346388292238,0.40682999944256837,0.004280817641142687,0.0035185185185184764,0.005641042598151572,0.36920088129915857,0.1286536478946791,0.10595289828222683,0.0,0.6672833868229229,0.6026925539278212,0.28007688314492113,0.32734854561300103,0.3915567948731187,disgust,07,19,19,male,strong,2206
120,4.0040000000000004,True,1.0,0.36117453918694115,0.3574661053550252,0.3593203222709832,0.8650449334563174,-0.06069444444444433,-0.05888888888888877,0.40435196662133666,0.42654685249911706,0.18270947180724795,0.4153776392115335,0.003708433831915936,0.0018055555555555602,0.0011043913610687432,0.369819100721306,0.1276124751901782,0.10720463584463513,0.0,0.7582549735782289,0.6044020680459683,0.2789601277203392,0.3282449514502111,0.4029961190299048,disgust,07,19,19,male,strong,2206
130,4.337666666666666,True,1.0,0.361174539186942,0.3518327381417633,0.35650363866435264,0.9120162903038913,-0.05625000000000008,-0.05555555555555558,0.4034621758985735,0.44416377774540167,0.18335372349028456,0.39089613031535075,0.009341801045178677,0.0006944444444444975,0.0020770935500229524,0.36525974025974056,0.1276765159209233,0.10712835783828914,0.0,0.7870394531175205,0.6070603179631227,0.2780881118656981,0.3297946444393247,0.40398477967656055,disgust,07,19,19,male,strong,2206
140,4.671333333333333,True,1.0,0.3128621615565164,0.30593146273025873,0.30939681214338755,0.9670770447423922,-0.058750000000000024,-0.053379629629629666,0.397305734518673,0.44113077282783697,0.18268065722355614,0.3199298482219728,0.006930698826257686,0.005370370370370359,0.01721878082525267,0.3517064155029724,0.1288540429294234,0.10570909796018235,0.0,0.8090320119241711,0.5817635410570479,0.28837907385965067,0.33127989030028454,0.40224242626681533,disgust,07,19,19,male,strong,2206
0,0.0,True,1.0,0.39118731084671843,0.37058314529984665,0.3808852280732825,1.2625543513982134,-0.04509259259259263,-0.046944444444444455,0.4138986418685978,0.4942741026857972,0.14931832980923246,0.3016782823262,0.020604165546871778,0.0018518518518518268,0.016299628962563907,0.23952791968965087,0.12940773643207407,0.1050305456646947,0.0,0.6595000037571068,0.6251857812656313,0.2902322949215555,0.31125401728727276,0.3914069426082951,disgust,07,19,19,male,strong,2207
10,0.33366666666666667,True,1.0,0.33959696810909296,0.3465752487599242,0.3430861084345086,1.0617367190000684,-0.04574074074074075,-0.04574074074074086,0.423920118030889,0.46668854320487196,0.14236968554801302,0.32313670827700414,0.006978280650831226,1.1102230246251565e-16,0.015956534986965937,0.2913465460615518,0.12658082399098838,0.10842081335478031,0.0,0.656838913588963,0.6218218432841887,0.2916210735057861,0.3089362582973593,0.3968926257999894,disgust,07,19,19,male,strong,2207
20,0.6673333333333333,True,1.0,0.3257802706334335,0.34095366981490643,0.33336697022416995,0.6930731892220487,-0.04296296296296287,-0.04458333333333331,0.4367025443807016,0.28967805684611186,0.14305768880724712,0.4809982198248977,0.015173399181472924,0.0016203703703704386,0.015921475868833402,0.43610892665391593,0.1349733648364207,0.09777509169673886,0.0,0.6633187185199014,0.5506135018304198,0.2514027190948873,0.3484329746131827,0.3853373079779311,disgust,07,19,19,male,strong,2207
30,1.0010000000000001,True,1.0,0.2863605455282737,0.27159232043015846,0.2789764329792161,0.692550490816698,-0.04564814814814816,-0.04412037037037042,0.43966884675452944,0.23832784352271724,0.14514099152018953,0.4028246845226115,0.014768225098115262,0.001527777777777739,0.0108230733089185,0.4451764973626541,0.13459541343879164,0.09829472240475647,0.0,0.8242712386394642,0.5468053320703282,0.25332551340446685,0.36304340052865613,0.39017898153993874,disgust,07,19,19,male,strong,2207
40,1.3346666666666667,True,1.0,0.2341229648824751,0.19089380166659567,0.2125083832745354,0.7389447195945165,-0.051712962962963016,-0.048240740740740695,0.44293760033482593,0.285459902112644,0.143754776585043,0.28758360082895756,0.04322916321587944,0.003472222222222321,0.015562170514435359,0.42849150533802266,0.12763996326462276,0.10717190652709552,0.0,0.6806796202365754,0.6195487118910064,0.2897710074446981,0.32514752971034966,0.41297451132403007,disgust,07,19,19,male,strong,2207
50,1.6683333333333334,True,1.0,0.21902733970998314,0.16204128985451266,0.19053431478224792,0.5793905740283591,-0.05185185185185193,-0.04569444444444454,0.4360444344784949,0.1910900886262309,0.1687789327048847,0.32885297642574685,0.05698604985547048,0.006157407407407389,0.0020176206735622792,0.5411713285628108,0.1308820752796679,0.10318749992909317,0.0,0.639713610245905,0.6171466455879228,0.283292155371716,0.3218394730387519,0.40252061654787036,disgust,07,19,19,male,strong,2207
60,2.0020000000000002,True,1.0,0.24154012240404654,0.2589050668157928,0.2502225946099197,1.0544153986499596,-0.05449074074074073,-0.05083333333333334,0.4262488617212776,0.3080314647741453,0.17373806664523803,0.23730931370150404,0.01736494441174624,0.003657407407407387,0.005083234360688941,0.3052377012855307,0.12459999938134866,0.11069154405147803,0.0,0.9999999987499999,0.611028540470876,0.2882168368173537,0.3125606668666657,0.40660593622413044,disgust,07,19,19,male,strong,2207
70,2.3356666666666666,True,1.0,0.2510481922067124,0.25459527013419486,0.2528217311704536,0.6771093577159853,-0.049537037037037046,-0.04583333333333334,0.4510586604924843,0.21090291469842198,0.15625048828048707,0.37338389772557257,0.0035470779274824893,0.003703703703703709,0.006973129690656148,0.46222985965906804,0.1279454671412628,0.10680699981104792,0.0,0.8657045900509905,0.6196392660345389,0.2835594673314178,0.3275097871953551,0.41937779406961434,disgust,07,19,19,male,strong,2207
80,2.6693333333333333,True,1.0,0.23412296488247406,0.19436459806053383,0.21424378147150394,0.5344570913300302,-0.05486111111111103,-0.04842592592592604,0.4052192121253388,0.17399439897270313,0.17778464410025674,0.40086245452996944,0.03975836682194023,0.006435185185184988,0.0029570797052280075,0.5493716016299016,0.13009119894290722,0.10418280918020718,0.0,0.6730440906773614,0.6120751066598515,0.2834555665004507,0.3232058268243877,0.40049454145009555,disgust,07,19,19,male,strong,2207
90,3.003,True,1.0,0.25802946042630565,0.22258038221351348,0.24030492131990955,0.6281040359431995,-0.04759259259259252,-0.045277777777777806,0.4235663323172289,0.23109488114891327,0.16812091603764365,0.38258776821749435,0.03544907821279217,0.002314814814814714,0.0005994569423731647,0.49882075471698095,0.12961911334709886,0.1047695720429067,0.0,0.8200725602941579,0.607690726298332,0.2857825711764874,0.3170821488684626,0.3923313957359092,disgust,07,19,19,male,strong,2207
100,3.336666666666667,True,1.0,0.2232808249802654,0.19753620805805994,0.21040851651916267,0.5792703410127873,-0.04962962962962969,-0.04712962962962958,0.38306502732840364,0.2764473460994562,0.16461299838138876,0.36323025990125385,0.025744616922205477,0.0025000000000001132,0.01525812556063249,0.5373686933183579,0.12592372927762163,0.10918329622863367,0.0,0.7224483770967558,0.6114178617228141,0.28864504871960783,0.3151930472267824,0.39359347850762855,disgust,07,19,19,male,strong,2207
110,3.6703333333333332,True,1.0,0.27097630554313296,0.26272706088046804,0.2668516832118005,0.7302920062180778,-0.04870370370370375,-0.0470370370370371,0.3628969186280498,0.37195176635020205,0.16185270031020327,0.3654040862280971,0.008249244662664912,0.0016666666666666496,0.025519038352649574,0.4142515971078716,0.13006077974436223,0.10422078172531678,0.0,0.7475776076577475,0.6101978733602816,0.2858323471766073,0.322212384863256,0.3925888239439221,disgust,07,19,19,male,strong,2207
120,4.0040000000000004,True,1.0,0.26536981403342674,0.28850764304763377,0.27693872854053025,0.7394147057943012,-0.052268518518518436,-0.04657407407407416,0.3705880421710335,0.3964086198938229,0.1604285561915648,0.37453776124594984,0.023137829014207023,0.00569444444444428,0.017255875712001607,0.41051071424153746,0.1274378981799737,0.1074121030344121,0.0,0.6968307741138539,0.6075224776004152,0.28770708322291977,0.3163919402591191,0.39206011188871775,disgust,07,19,19,male,strong,2207
130,4.337666666666666,True,1.0,0.2962408852184372,0.25508047264750705,0.27566067893297214,0.799967392474393,-0.05106481481481484,-0.04981481481481487,0.3917951874180798,0.39996775396268386,0.16442615212549694,0.34458989394595363,0.04116041257093017,0.0012499999999999734,0.005512278523063267,0.3839132690681581,0.12703606908062282,0.10788704705932982,0.0,0.7817636896088727,0.6068457942317552,0.2844958975483184,0.31233585876699105,0.38522529817642653,disgust,07,19,19,male,strong,2207
140,4.671333333333333,True,1.0,0.290473667711754,0.27171558545561664,0.28109462658368534,0.6621048840831448,-0.04537037037037034,-0.048611111111111216,0.40142360905918123,0.35555555555555624,0.160690377961608,0.4245469763796312,0.018758082256137343,0.0032407407407408773,0.002985696189767981,0.4378679957101942,0.13241650590440296,0.10121090225588142,0.0,0.6675012982103778,0.6078878957989446,0.2803626995524851,0.325929791658919,0.39012594194029315,disgust,07,19,19,male,strong,2207
150,5.005,True,1.0,0.2913200572904265,0.3054669494954079,0.2983935033929172,0.9307841905901931,-0.052037037037037104,-0.0526388888888889,0.4031832035244211,0.5265702099877719,0.15702657735393377,0.32058290891652486,0.014146892204981443,0.0006018518518517979,0.002736392213287502,0.33302272690419726,0.12809357462235407,0.10662932950773288,0.0,0.7984924981947555,0.6125990112763855,0.28201599539912764,0.3388239448125122,0.39769017106379784,disgust,07,19,19,male,strong,2207
0,0.0,True,1.0,0.3312821554124073,0.32795603166706305,0.3296190935397352,0.6492249750458431,-0.04462962962962963,-0.04282407407407407,0.43345439361951094,0.38154346874437384,0.140312581628561,0.507711665769574,0.003326123745344245,0.0018055555555555602,0.010226687138564897,0.4848003783480298,0.12986470103950132,0.10446500464257347,0.0,0.6955577346896071,0.6292497949179672,0.28355600106912476,0.32373130363369146,0.40850474118986996,disgust,07,19,19,male,strong,2208
10,0.33366666666666667,True,1.0,0.3468959574988958,0.321236040943271,0.3340659992210834,0.7934042377340789,-0.05282407407407408,-0.048101851851851896,0.4455402556024567,0.3855274112933196,0.15422653547906962,0.421053963834575,0.025659916555624773,0.004722222222222183,0.0086265594730642,0.3726254333757858,0.12676070677033627,0.10821044769274342,0.0,0.7656991682465746,0.6256619328981593,0.28677751921031863,0.32678265849964616,0.4045615294963992,disgust,07,19,19,male,strong,2208
20,0.6673333333333333,True,1.0,0.3310660095045812,0.2801572326494042,0.3056116210769927,0.9899243182681929,-0.04925925925925917,-0.043981481481481566,0.43777862842146564,0.5062009579786422,0.14661574613256742,0.30872220778618714,0.05090877685517703,0.005277777777777604,0.001179985638174286,0.32677891821039073,0.12747094632207398,0.10737288118740594,0.0,0.8495254267049324,0.6277932437037314,0.2866329397620142,0.3235224537079704,0.412513660860705,disgust,07,19,19,male,strong,2208
30,1.0010000000000001,True,1.0,0.3162651072718565,0.3050706874866667,0.3106678973792616,0.9120162903038912,-0.05023148148148143,-0.045046296296296306,0.42153047689701545,0.5152299821846652,0.14396213966265575,0.34063853977404784,0.011194419785189813,0.005185185185185126,0.011525868374345419,0.3508897684702939,0.12318065124950921,0.11226889563979535,0.0,0.6921730751856552,0.6193270422544018,0.288457166466149,0.30381779961926914,0.3909420649677967,disgust,07,19,19,male,strong,2208
40,1.3346666666666667,True,1.0,0.29020566440160844,0.2798436217600609,0.28502464308083464,0.808775522760856,-0.045370370370370394,-0.046157407407407425,0.3942948425427825,0.4665313921748934,0.14546342388076192,0.35241502130018415,0.010362042641547553,0.0007870370370370305,0.005231360285408323,0.39057826448546423,0.12615307322199898,0.10891822569086547,0.0,0.6755631328086112,0.628155536566189,0.2882498505856922,0.3036068574301291,0.3819471983725843,disgust,07,19,19,male,strong,2208
50,1.6683333333333334,True,1.0,0.280701754385965,0.27520676770161395,0.2779542610437895,0.6479198178657402,-0.0431481481481481,-0.04416666666666663,0.4208581890368401,0.35364934264589254,0.15404581979200105,0.42899484377461394,0.005494986684351055,0.0010185185185185297,0.015489917945534445,0.4844380578940447,0.13104109244184356,0.10298548374790538,0.0,0.6467831343214444,0.605990130528774,0.286920592169914,0.3291218112369365,0.40117430725571285,disgust,07,19,19,male,strong,2208
60,2.0020000000000002,True,1.0,0.31660071883248353,0.2914767189432984,0.30403871888789097,0.9142759004307741,-0.04680555555555549,-0.04481481481481492,0.42313305755684527,0.445416464312428,0.15546344876074095,0.33254591829954044,0.025123999889185122,0.001990740740740571,0.009034813689333301,0.34111754262221056,0.1271719360074747,0.10772686045282807,0.0,0.6681694892163033,0.6026190581076181,0.28870691392044484,0.31581700164813276,0.4074909183939476,disgust,07,19,19,male,strong,2208
70,2.3356666666666666,True,1.0,0.23422613659613467,0.23069911281936983,0.23246262470775225,0.6309231360340237,-0.04606481481481478,-0.04402777777777772,0.4245222848222797,0.3388107104149682,0.1556148900297242,0.3684484074700603,0.003527023776764837,0.0020370370370370594,0.005798794667156336,0.4791406723266315,0.1211947418527176,0.113909176429481,0.0,0.7415898173512667,0.678342977784864,0.29877028308434134,0.2899042559101113,0.42141291308731305,disgust,07,19,19,male,strong,2208
80,2.6693333333333333,True,1.0,0.2559537409024339,0.2341122968580754,0.24503301888025464,0.6956484346252378,-0.05245370370370356,-0.050185185185185166,0.4046316748847295,0.36605946406872003,0.16944849673013346,0.352236857993161,0.021841444044358477,0.002268518518518392,0.0013308705348283572,0.4470999056336501,0.12843612638993743,0.10621647334048535,0.0,0.7495743424688086,0.6151491274791167,0.2834674777011787,0.32236154083029295,0.40266387683460414,disgust,07,19,19,male,strong,2208
90,3.003,True,1.0,0.3019590022987209,0.26053639846743304,0.281247700383077,0.7226714867709387,-0.04907407407407405,-0.042546296296296304,0.38640981965628357,0.36117749714185765,0.16597957692328508,0.3891778014374913,0.041422603831287874,0.0065277777777777435,0.0030993847845234763,0.42451861567573046,0.1277539966164683,0.10703594779066117,0.0,0.6826956317747775,0.610904468537415,0.2861575535763192,0.3148619339728001,0.39157493299299395,disgust,07,19,19,male,strong,2208
100,3.336666666666667,True,1.0,0.3257802706334335,0.30423529529537474,0.3150077829644041,1.1255211595153483,-0.05490740740740746,-0.05268518518518517,0.33662674615215693,0.5483165635334407,0.16459075009659904,0.2798772642355717,0.02154497533805877,0.002222222222222292,0.001992754747747224,0.2599249889510949,0.12800572680777791,0.10673477256920802,0.0,0.6222554628174995,0.609519952613858,0.28647746192950224,0.3121778948350234,0.3798508433665437,disgust,07,19,19,male,strong,2208
110,3.6703333333333332,True,1.0,0.2788068815755959,0.25039200883847257,0.26459944520703427,1.0174788919905149,-0.0558796296296295,-0.050046296296296255,0.3729891272209993,0.5280051305637741,0.17225810125013308,0.26005398961092246,0.028414872737123342,0.005833333333333246,0.003961991617861764,0.29902031498144915,0.12872884133669266,0.10586152832322637,0.0,0.6283404071140531,0.6025283103632076,0.28631328554171676,0.31094259497559323,0.3801349644742828,disgust,07,19,19,male,strong,2208
120,4.0040000000000004,True,1.0,0.35111121956038105,0.3329004238555378,0.34200582170795946,1.1126228269085414,-0.05680555555555561,-0.056990740740740675,0.39171838209986365,0.5321239606953895,0.17921818428722594,0.307387025896488,0.01821079570484324,0.0001851851851850661,0.007302419751349145,0.2934782608695651,0.1254121423992055,0.10977054390536534,0.0,0.8279551562317257,0.603096660367272,0.284927006937017,0.30764036896822106,0.38701233077658836,disgust,07,19,19,male,strong,2208
130,4.337666666666666,True,1.0,0.3810062389665837,0.34607180290949624,0.36353902093803997,1.3244017926231557,-0.05856481481481479,-0.054675925925925906,0.4033262199935209,0.5965697240865022,0.1716882721035376,0.27449299975500796,0.03493443605708746,0.003888888888888886,0.006714416232148352,0.2331051150295516,0.12637408357970445,0.10866171713149432,0.0,0.6793354115054808,0.6109597956682673,0.28511085013412035,0.3156449342860606,0.3972764888750819,disgust,07,19,19,male,strong,2208
140,4.671333333333333,True,1.0,0.3587190511314099,0.37338241155567864,0.36605073134354427,1.6798811824680189,-0.05624999999999997,-0.05296296296296299,0.3962976089467068,0.7425500063417483,0.1543269243770302,0.21790275119681748,0.014663360424268745,0.0032870370370369772,0.00930842135305469,0.18356547062753734,0.12834805220324255,0.10632288213957991,0.0,0.6380702569605766,0.6155100402739221,0.2894455198645527,0.3233473908496468,0.4140400849085445,disgust,07,19,19,male,strong,2208
0,0.0,True,1.0,0.3352357018876231,0.35173881543338004,0.34348725866050156,0.5197674827778432,-0.049907407407407345,-0.04791666666666655,0.404799158117632,0.1608227285780531,0.17921818428722583,0.6608479176588148,0.016503113545756953,0.001990740740740793,0.006709151623127101,0.5509704397077271,0.12932025704674632,0.10513823704212363,0.0,0.7311554158915808,0.6131174736457083,0.282295622842095,0.3294034700737063,0.3947971708422699,disgust,07,19,19,male,strong,2209
10,0.33366666666666667,True,1.0,0.4146561075321612,0.4523487144370666,0.4335024109846139,0.810919814730845,-0.05587962962962956,-0.051944444444444515,0.3826362714719759,0.3073141815327925,0.16877215204719234,0.5345811054432048,0.03769260690490539,0.003935185185185042,0.005060761324792984,0.36427413358675165,0.12825256635294593,0.1064380429853425,0.0,0.8753488081294544,0.613580496456395,0.2821380592944808,0.3148738346540969,0.39198959276221146,disgust,07,19,19,male,strong,2209
20,0.6673333333333333,True,1.0,0.44456173377286523,0.45412581661199664,0.44934377519243096,1.1094945027344636,-0.05421296296296296,-0.05356481481481479,0.3540268619889002,0.5405797028138769,0.16320613160906827,0.40499864946151326,0.009564082839131405,0.0006481481481481755,0.011244693877642532,0.28586787780656775,0.12753931407465313,0.10729166387100075,0.0,0.8086973678241282,0.6073351864495797,0.2876984944948785,0.31257503099849565,0.388504044179232,disgust,07,19,19,male,strong,2209
30,1.0010000000000001,True,1.0,0.36181473527698244,0.40424357894279894,0.3830291571098907,0.8271214987626282,-0.059768518518518554,-0.06217592592592586,0.386295436138007,0.31662021990206923,0.1607378498005586,0.46308693182670435,0.04242884366581651,0.0024074074074073026,0.00924674259948506,0.35189595962345,0.12494765675344191,0.1102989612018567,0.0,0.7877136257011793,0.6102875407663065,0.28311529315973505,0.3034374141208644,0.3914090901021965,disgust,07,19,19,male,strong,2209
40,1.3346666666666667,True,1.0,0.33177818685021637,0.3745987106257579,0.35318844873798716,0.7670955866596255,-0.05250000000000005,-0.05199074074074078,0.388426278285544,0.2645032806966398,0.16263518330209023,0.4604229966645648,0.04282052377554152,0.0005092592592592649,0.023744646430521228,0.39910292840735284,0.12814493216247747,0.10656760357691117,0.0,0.8822283487943188,0.6359665198344963,0.2802438254164605,0.28422215299395415,0.3560993095411412,disgust,07,19,19,male,strong,2209
50,1.6683333333333334,True,1.0,0.3478054916929163,0.3466057823680313,0.3472056370304738,0.6589427823485603,-0.049120370370370314,-0.04925925925925928,0.42230111436701945,0.21963567844123139,0.16034008287965593,0.5269131802202711,0.001199709324885001,0.0001388888888889661,0.027173015469031118,0.4494209232424435,0.12498021688041444,0.11026206582201102,0.0,0.8296379731262096,0.6729708994300846,0.30081169262224905,0.2948142780038341,0.40942576437739264,disgust,07,19,19,male,strong,2209
60,2.0020000000000002,True,1.0,0.25642776233066195,0.27264981846248026,0.26453879039657113,0.8006591223734445,-0.049907407407407456,-0.048240740740740695,0.4075295534309387,0.24018874312662303,0.16581054076482285,0.330401269409611,0.01622205613181832,0.0016666666666667607,0.03073555438985315,0.3663665043589818,0.12947509490211473,0.10494749911852477,0.0,0.7699111922810111,0.6174307257277912,0.285905290564719,0.3003969444713178,0.37222922035328443,disgust,07,19,19,male,strong,2209
70,2.3356666666666666,True,1.0,0.27317660333738397,0.2737472607075019,0.27346193202244296,0.7416069765687513,-0.05870370370370365,-0.050648148148148164,0.43678734970511407,0.1882470299784909,0.17099447946145332,0.3687423941016437,0.0005706573701179107,0.008055555555555483,0.03559982409990388,0.3733713500442534,0.12537310321535433,0.10981512992743311,0.0,0.6756886393606807,0.6739632750912866,0.3016069281098926,0.2958249986725072,0.41410835235431853,disgust,07,19,19,male,strong,2209
80,2.6693333333333333,True,1.0,0.2500671717252911,0.23787370817263387,0.24397043994896248,0.5869343515495742,-0.051296296296296284,-0.045277777777777806,0.4045404724849319,0.17478144647955532,0.1718761398671518,0.41566904255110043,0.012193463552657213,0.006018518518518479,0.024886820739231135,0.5162361026641925,0.12579079640856897,0.10933642261290426,0.0,0.660142950525276,0.6722313012236144,0.3018909941426717,0.29811656233615685,0.4138696092126522,disgust,07,19,19,male,strong,2209
90,3.003,True,1.0,0.23381438853389214,0.24346760537928375,0.23864099695658794,0.59198435457205,-0.0462499999999999,-0.045138888888889006,0.39976715419192177,0.2187114284682556,0.16968246446591664,0.4031204458589169,0.00965321684539161,0.0011111111111108962,0.03662186766640953,0.5261070987779248,0.1306634051571781,0.10346425626256812,0.0,0.648252755367826,0.6074905176523735,0.2871388109884187,0.31608170456314877,0.3829391786086314,disgust,07,19,19,male,strong,2209
100,3.336666666666667,True,1.0,0.31508340394869366,0.37884905437190686,0.3469662291603003,1.0697045623781418,-0.06324074074074076,-0.06574074074074077,0.3280733916179616,0.5348345094845939,0.17661091071959426,0.32435706209285786,0.0637656504232132,0.0025000000000000022,0.011966755630625997,0.23817539075879843,0.12497284294661277,0.11027042349067638,0.0,0.6414644134138588,0.6658806402092088,0.3038560850242976,0.286049987180351,0.39671178625456305,disgust,07,19,19,male,strong,2209
110,3.6703333333333332,True,1.0,0.3083213866608419,0.38121311043094924,0.3447672485458956,0.9566663132135452,-0.052453703703703836,-0.04708333333333331,0.3320276731459679,0.41659560430519743,0.1720717836119518,0.3603840166460814,0.07289172377010733,0.005370370370370525,0.026007416906425093,0.272643677134784,0.1255925934840214,0.10956403713341994,0.0,0.8778213541996364,0.6637983033682223,0.30475001530198426,0.2887726040374674,0.3934290486600874,disgust,07,19,19,male,strong,2209
120,4.0040000000000004,True,1.0,0.29182198281028576,0.335872441075317,0.3138472119428014,0.5515657766456445,-0.053842592592592664,-0.050462962962962876,0.38984730414199964,0.2888118178358416,0.17635369003874746,0.5690113948901396,0.044050458265031234,0.003379629629629788,0.0443884993920694,0.49763996872481187,0.1261655348147322,0.10890379054892878,0.0,0.7107309321831281,0.6630586293345464,0.3019007243270324,0.293651140264835,0.4021553822741767,disgust,07,19,19,male,strong,2209
130,4.337666666666666,True,1.0,0.3257838015186857,0.38487912795826507,0.3553314647384754,1.0905086567685631,-0.07064814814814807,-0.07097222222222221,0.3709057646279461,0.4988567762619074,0.1925439631915313,0.3258401137240003,0.059095326439579376,0.00032407407407414324,0.017641948125037367,0.23730847596610444,0.1259709338408164,0.10912883027982087,0.0,0.662210421068669,0.6627529594728516,0.3041258366045023,0.2925310477387912,0.397111651057963,disgust,07,19,19,male,strong,2209
140,4.671333333333333,True,1.0,0.38120477740689496,0.45421788006522473,0.4177113287360599,1.5984168083876313,-0.06717592592592592,-0.06962962962962965,0.3844065364298627,0.689462186566761,0.16847373420111633,0.26132816330767766,0.07301310265832978,0.0024537037037037357,0.010459996530322112,0.1776033497154307,0.12393116459187428,0.11143986815109073,0.0,0.8031332856692897,0.6692578587606919,0.304332060128983,0.28291452521071037,0.3966831379874518,disgust,07,19,19,male,strong,2209
0,0.0,True,1.0,0.38245059337885573,0.39877523869420206,0.3906129160365289,1.0792660541683408,-0.03884259259259265,-0.03870370370370363,0.31699496624383666,0.45232397386162765,0.1667696316874521,0.36192458247704906,0.01632464531534633,0.00013888888888902162,0.008136535841056704,0.2977839295972412,0.129656500745882,0.1047233001068573,0.0,0.6948416776025436,0.6261589972317051,0.28177628092106005,0.2986661178188153,0.3902562308582831,surprised,08,19,19,male,normal,2210
10,0.33366666666666667,True,1.0,0.47155675354307164,0.4769545094185369,0.4742556314808043,1.0267355395511284,-0.04143518518518513,-0.042222222222222106,0.32863381725939717,0.45205419443010375,0.16676963168745204,0.4619063168770226,0.00539775587546526,0.000787037037036975,0.004187359981003475,0.3109817296221154,0.12601415335520788,0.10907892062456535,0.0,0.732428560211654,0.6263990696434824,0.2825506833615683,0.28757463535067673,0.3819254966041476,surprised,08,19,19,male,normal,2210
20,0.6673333333333333,True,1.0,0.4983651000930932,0.5014195669593348,0.499892333526214,0.9908925318761388,-0.0439814814814814,-0.044999999999999984,0.3436576626815627,0.40801457194899804,0.16607561779133434,0.5044869321799473,0.0030544668662415564,0.0010185185185185852,0.00657383608049986,0.31468204452049453,0.127733273261333,0.10706067752775857,0.0,0.7639737809646022,0.6301065237892032,0.2828385360391728,0.29209420023432214,0.3832407495609412,surprised,08,19,19,male,normal,2210
30,1.0010000000000001,True,1.0,0.39236471732102324,0.3775439440868979,0.38495433070396057,0.8378555115363786,-0.0382407407407408,-0.038055555555555454,0.3922638583804347,0.26658070841462406,0.16607561779133434,0.45945192864825635,0.01482077323412534,0.00018518518518534366,0.004293350524019203,0.36677702808722185,0.12731023401109232,0.10756338636723185,0.0,0.6991250612818203,0.6307215990380528,0.2808744744045374,0.2981572707800794,0.39494304593507346,surprised,08,19,19,male,normal,2210
40,1.3346666666666667,True,1.0,0.3916628886301513,0.376312338254748,0.3839876134424497,0.6863087204559338,-0.03486111111111112,-0.03662037037037036,0.3710705386554396,0.24895512408695666,0.16814451219010665,0.5594969173455294,0.015350550375403282,0.0017592592592592382,0.00970408980225633,0.4526307850192004,0.1299857239684167,0.10431437741493844,0.0,0.6623357328399926,0.6252733358655963,0.28074390133797256,0.2904499595273768,0.3815813219318794,surprised,08,19,19,male,normal,2210
50,1.6683333333333334,True,1.0,0.45726833049194104,0.5052689901259813,0.48126866030896115,1.0822341803682878,-0.038935185185185184,-0.04194444444444456,0.3460782384719629,0.34630519802111914,0.17986789790391577,0.44469918714375095,0.04800065963404021,0.003009259259259378,0.0062580756165443955,0.286236794392506,0.12297129124980852,0.1124981746452765,0.0,0.6820364088149152,0.6034051365389906,0.2882322307587299,0.27593571096448083,0.3776000944225551,surprised,08,19,19,male,normal,2210
60,2.0020000000000002,True,1.0,0.4469476021683321,0.4752729501347206,0.46111027615152633,0.6084030278646755,-0.037037037037037035,-0.03995370370370377,0.3796518649070645,0.17192713245281616,0.1805572457519714,0.7579026648994409,0.02832534796638847,0.002916666666666734,0.0016217857666365135,0.491022289917789,0.12649270615223968,0.10852360600731427,0.0,0.8383738039273148,0.6075652396974416,0.2851177805533411,0.28994151890526226,0.3862942538969407,surprised,08,19,19,male,normal,2210
70,2.3356666666666666,True,1.0,0.5072532816326051,0.5321583793930758,0.5197058305128404,0.761747649997681,-0.07185185185185183,-0.07601851851851843,0.3573151416135844,0.303025487313996,0.22066539507334446,0.6822545898427419,0.024905097760470674,0.004166666666666596,0.00016595164232022656,0.3819145735216392,0.12253660355708777,0.11297149445352703,0.0,0.7490743079061517,0.6278145556660164,0.2864082679109548,0.3255242539117734,0.4187532991091549,surprised,08,19,19,male,normal,2210
80,2.6693333333333333,True,1.0,0.592870673709039,0.6036268862054864,0.5982487799572627,0.9850505225144557,-0.06777777777777777,-0.07337962962962968,0.3522781237677824,0.33544363861268267,0.228715528330339,0.6073280164657578,0.010756212496447426,0.005601851851851913,0.0007487720896625133,0.30470739535058516,0.12294140412717862,0.11253083542503758,0.0,0.7775653796512066,0.6031101555231467,0.29370971614330293,0.33775567931341893,0.4263957671659741,surprised,08,19,19,male,normal,2210
90,3.003,True,1.0,0.5704149049555239,0.575605300974902,0.573010102965213,0.7779109698938507,-0.06189814814814809,-0.06828703703703703,0.36020871551590466,0.2847135335872938,0.22037304693473078,0.7366011345018091,0.005190396019378096,0.006388888888888944,0.0009958589036074144,0.3882439587640697,0.12532158695707876,0.10987391689172937,0.0,0.662122889729483,0.604276841103629,0.2920167330764085,0.3392681265879941,0.42529527867774514,surprised,08,19,19,male,normal,2210
100,3.336666666666667,True,1.0,0.2870736319077487,0.3259901643038431,0.3065318981057959,0.7764893932875395,-0.07273148148148151,-0.07490740740740737,0.3601479674664136,0.26339861267133835,0.21341799027639607,0.3947663686788893,0.03891653239609438,0.002175925925925859,0.007573162394413565,0.39530734688137714,0.12308798277390236,0.11237048663653948,0.0,0.7262907409575039,0.6106768988063975,0.2912650307657949,0.324065626328011,0.4128317250081792,surprised,08,19,19,male,normal,2210
110,3.6703333333333332,True,1.0,0.4917247965415369,0.5703107188918571,0.531017757716697,0.799157994780731,-0.05347222222222214,-0.064074074074074,0.3578271378849969,0.2804063139581512,0.20915949921347504,0.6644715577955208,0.07858592235032025,0.010601851851851862,0.0002582759564956259,0.38646455150388354,0.12736312825127444,0.1075007503824808,0.0,0.767516165066637,0.6104795102728592,0.28880497804307426,0.31758755618433465,0.40125651069967316,surprised,08,19,19,male,normal,2210
0,0.0,True,1.0,0.6055995894621653,0.5569891325910641,0.5812943610266147,0.5461920040114513,-0.05833333333333329,-0.06092592592592588,0.3654912203126012,0.314060402306585,0.18282301549403876,1.064267431154901,0.048610456871101215,0.002592592592592591,0.02111913011421044,0.5227093816417028,0.12964944620411234,0.10473203363797058,0.0,0.7911364336394432,0.6356485241049544,0.2808793658478317,0.3081472077624533,0.3841471692039861,surprised,08,19,19,male,normal,2211
10,0.33366666666666667,True,1.0,0.662564310824816,0.6376868205682672,0.6501255656965417,1.1891138699741093,-0.07203703703703712,-0.0734259259259259,0.33441114459133714,0.6095472067688017,0.19737689858370355,0.5467311265242385,0.02487749025654884,0.001388888888888773,0.01602099940374219,0.2566154539780972,0.12335611343312879,0.11207607706037657,0.0,0.6736956073714064,0.6830057874946852,0.2986698614737704,0.29987914827969103,0.42176075880665326,surprised,08,19,19,male,normal,2211
20,0.6673333333333333,True,1.0,0.2490286512439149,0.27218706843203333,0.26060785983797413,0.8735334646318319,-0.08870370370370367,-0.0883796296296297,0.3531483228351231,0.42260791744317844,0.2001235580249425,0.29833757994356,0.023158417188118424,0.0003240740740739767,0.01828484567680889,0.32814801173875363,0.12128975520835371,0.11430911184910468,0.0,0.7073802514295707,0.6818447112673194,0.29847107084803326,0.292843695111749,0.4160631451710422,surprised,08,19,19,male,normal,2211
30,1.0010000000000001,True,1.0,0.427662519866974,0.40023358033624257,0.4139480501016083,0.7548198386819052,-0.08041666666666669,-0.0830555555555556,0.36830276248415417,0.24005698355341692,0.21741164936522328,0.5484064261274054,0.027428939530731444,0.002638888888888913,0.024993307076734795,0.38214025794996287,0.12189257836443732,0.1136660772164596,0.0,0.6941965570825439,0.6305248300804698,0.2870633774816061,0.32721209935763257,0.4141891661008477,surprised,08,19,19,male,normal,2211
40,1.3346666666666667,True,1.0,0.5050930133551133,0.48048595523717524,0.4927894842961442,0.7271934886835786,-0.0781944444444444,-0.08120370370370372,0.371172689791764,0.2949271512227705,0.2104460340093196,0.6776593739696838,0.024607058117938008,0.0030092592592593226,0.026003263313487124,0.4071629948239582,0.1219043445161822,0.11348570223138892,0.0,0.6709252620817722,0.6780007159895207,0.304347987986317,0.29873308613262156,0.4287737739764314,surprised,08,19,19,male,normal,2211
50,1.6683333333333334,True,1.0,0.31780205115780835,0.31942121986234473,0.31861163551007654,0.7898871947296676,-0.08587962962962958,-0.08800925925925934,0.36964649875794536,0.33351811287009403,0.2083699512089982,0.4033634646009406,0.0016191687045363778,0.002129629629629759,0.026868929128601282,0.3603367468326901,0.1223908700524201,0.11312936266907264,0.0,0.759326461731523,0.6359372097667192,0.2864185140412399,0.3204088797512907,0.41189208533568256,surprised,08,19,19,male,normal,2211
60,2.0020000000000002,True,1.0,0.4991794875944693,0.4623112411446723,0.4807453643695708,0.8350213715102784,-0.0771296296296296,-0.07874999999999999,0.3569894894621564,0.3750349278962729,0.20768334385255352,0.575728215794119,0.03686824644979697,0.0016203703703703831,0.025819980669641477,0.3448745934971807,0.119766979764916,0.11573912208229527,0.0,0.7778444789129519,0.6803024140593739,0.30174498083422574,0.29349645220331655,0.42391048271051984,surprised,08,19,19,male,normal,2211
70,2.3356666666666666,True,1.0,0.5879242811247588,0.5754530579069657,0.5816886695158623,0.9183167752103419,-0.048888888888888926,-0.05421296296296296,0.3409373956559853,0.4071671365871855,0.181253788349418,0.6334292100703763,0.012471223217793148,0.005324074074074037,0.028747153311199883,0.33902935914617005,0.12518272547790968,0.11003209991818666,0.0,0.6841681665276441,0.6323869905227716,0.28558064973539193,0.28903931667819627,0.39138887877125533,surprised,08,19,19,male,normal,2211
80,2.6693333333333333,True,1.0,0.6227799180825483,0.6062921370285558,0.614536027555552,1.3834722657550156,-0.04833333333333334,-0.05583333333333329,0.32860107104163305,0.5609762628905609,0.173664276798656,0.44419829928442794,0.016487781053992512,0.007499999999999951,0.022483692818882513,0.22123622266853799,0.12449358398705176,0.11081121475961256,0.0,0.7956301684988097,0.6341581896508603,0.28826898103243,0.29564622829642395,0.39441508954975696,surprised,08,19,19,male,normal,2211
90,3.003,True,1.0,0.6355999531785604,0.6203055789884554,0.6279527660835079,1.7917094158146718,-0.04592592592592598,-0.053379629629629666,0.31419631245865204,0.7848249653549147,0.16534423631747944,0.35047690241555396,0.015294374190105042,0.007453703703703685,0.021758343920726547,0.16947059217225094,0.12777699589587133,0.10700849074083264,0.0,0.7127019127384794,0.6434384329981994,0.28390479378968464,0.3001973298556607,0.38776639387450307,surprised,08,19,19,male,normal,2211
100,3.336666666666667,True,1.0,0.317711235208639,0.30275658156460095,0.31023390838661996,0.518144546858007,-0.04935185185185181,-0.05162037037037048,0.36471877969405225,0.2589588132611549,0.15769743950010437,0.5987400818321009,0.01495465364403803,0.0022685185185186696,0.022596561727414616,0.5941795083011685,0.1270875516357702,0.10782639746261703,0.0,0.7071067807446058,0.6326057839307598,0.28143008687248805,0.29446559897324814,0.3901910431638821,surprised,08,19,19,male,normal,2211
0,0.0,True,1.0,0.6220506987619918,0.5920960929609081,0.60707339586145,0.9404898407842954,-0.051990740740740726,-0.05574074074074076,0.3465578024439059,0.4398341373819877,0.1768312475877971,0.645486393936162,0.029954605801083667,0.003750000000000031,0.022772582798901923,0.3100988064201973,0.12923828143369442,0.10523898699254625,0.0,0.6801303641592275,0.6422107714648361,0.2871400323469192,0.2944139260346158,0.3759256170380442,surprised,08,19,19,male,normal,2212
10,0.33366666666666667,True,1.0,0.6494608906135949,0.5939626532538113,0.6217117719337031,1.0125756685502512,-0.05768518518518517,-0.06203703703703711,0.3344538644322391,0.49069137370443633,0.18162844381198245,0.6139904317707288,0.05549823735978365,0.00435185185185194,0.02250325535427086,0.2942197525176666,0.12687459160552061,0.10807689751143434,0.0,0.6503353893937396,0.6430307922856644,0.2869260928103944,0.2979808977881419,0.37920641399663285,surprised,08,19,19,male,normal,2212
20,0.6673333333333333,True,1.0,0.382441712651227,0.3885615270286339,0.3855016198399305,0.736864402803,-0.05578703703703708,-0.06138888888888888,0.35851449428552384,0.3611860724898534,0.16398010589030934,0.5231649383163295,0.006119814377406885,0.005601851851851802,0.01460260022053374,0.3975184950842922,0.1266814888372988,0.10830317703887443,0.0,0.7257516694498483,0.6416129336343913,0.28704314064857445,0.2859010847839572,0.373877098046172,surprised,08,19,19,male,normal,2212
30,1.0010000000000001,True,1.0,0.36533260527606615,0.37429248121230446,0.36981254324418533,0.9720564100454621,-0.04999999999999999,-0.050879629629629664,0.3352694998110478,0.46288400478355285,0.15004119307423755,0.38044350042081365,0.008959875936238315,0.0008796296296296746,0.021118833271983013,0.3039861261271686,0.12725564227720634,0.10762796699554336,0.0,0.6982816510819925,0.6413528259819552,0.28764966558918215,0.28026062907726645,0.3679992093700002,surprised,08,19,19,male,normal,2212
40,1.3346666666666667,True,1.0,0.5243200737910079,0.48550969906918634,0.5049148864300971,0.7776116073804398,-0.046666666666666745,-0.04949074074074067,0.3624097918341345,0.3887847113418337,0.14931832980923235,0.6493150071807915,0.03881037472182153,0.0028240740740739234,0.01828845205664951,0.3546312410274029,0.12795838970127715,0.10679151780905727,0.0,0.7549455290864847,0.6422203171346664,0.2860321707594143,0.28477641204765297,0.3708812634879379,surprised,08,19,19,male,normal,2212
50,1.6683333333333334,True,1.0,0.37676767165815733,0.362999612774227,0.3698836422161922,0.6159180596724395,-0.07416666666666666,-0.07532407407407404,0.3571874069131284,0.3003843119140151,0.18334831407780552,0.6005403420268363,0.013768058883930345,0.0011574074074073848,0.018476359947979092,0.4441638532108054,0.12819466770639973,0.10650776940006171,0.0,0.7281282009343095,0.6393930464685874,0.28579472648388726,0.3079690480099606,0.3833620442520415,surprised,08,19,19,male,normal,2212
60,2.0020000000000002,True,1.0,0.5917021814543628,0.5688727817945384,0.5802874816244505,0.6879234208057846,-0.065,-0.06504629629629638,0.3577216641237765,0.35125488955973844,0.18195115352876315,0.8435349983356331,0.022829399659824445,4.629629629637755e-05,0.018143433693546925,0.4074415858933537,0.126133941428201,0.10894038089878048,0.0,0.6780058145380407,0.6414308195465686,0.2865635391767982,0.29769062825277537,0.37689176242017935,surprised,08,19,19,male,normal,2212
70,2.3356666666666666,True,1.0,0.48888888888888893,0.49276937710199004,0.4908291329954395,0.8459765031585517,-0.03939814814814813,-0.042407407407407394,0.36143126854772295,0.37981717290152095,0.15141358091549442,0.5801923944256984,0.0038804882131011076,0.003009259259259267,0.01633633843360306,0.34036487858773107,0.13151205906726832,0.10238337800135867,0.0,0.8437327893735395,0.5634119077240272,0.26361036643475044,0.3020604635229618,0.34785384469685243,surprised,08,19,19,male,normal,2212
80,2.6693333333333333,True,1.0,0.4023660331327669,0.38089929070939627,0.3916326619210816,0.762128746834166,-0.08537037037037037,-0.08828703703703711,0.3544056926937987,0.37364877823450604,0.19722841160573593,0.5138668020959695,0.021466742423370655,0.002916666666666734,0.023582444107331246,0.37900516755187097,0.12452420065702846,0.11077680813826343,0.0,0.6382391317818656,0.6421064550273234,0.28821923226341745,0.32499162752466565,0.40696009734487976,surprised,08,19,19,male,normal,2212
90,3.003,True,1.0,0.4343264021467737,0.4270116116372779,0.4306690068920258,0.9724539911990476,-0.0805555555555556,-0.08083333333333326,0.33261210397948454,0.4940490339019193,0.19722260906438252,0.4428682598762392,0.007314790509495794,0.00027777777777765467,0.01966373739472368,0.2998169596069305,0.1225017535719892,0.11300928343283417,0.0,0.9098378423127275,0.6410627616984294,0.28954408939709053,0.3199314687442331,0.40691698172712115,surprised,08,19,19,male,normal,2212
100,3.336666666666667,True,1.0,0.2669953985326823,0.2631298377180919,0.2650626181253871,0.7750026697410966,-0.09097222222222223,-0.08981481481481479,0.3566642382517555,0.3873050671036888,0.19653398903121463,0.34201510326917456,0.0038655608145903853,0.0011574074074074403,0.02314952681331287,0.37318497348477775,0.12424480084033604,0.11109008612206929,0.0,0.6856539970854658,0.6400048054534313,0.28799019031262707,0.32048780555902884,0.40216771707344184,surprised,08,19,19,male,normal,2212
110,3.6703333333333332,True,1.0,0.5459540510008052,0.5157409437258446,0.5308474973633248,1.046858042886646,-0.07578703703703699,-0.07893518518518522,0.3357030883096758,0.5233574028344448,0.1972237695863105,0.5070864201411166,0.030213107274960627,0.003148148148148233,0.024483204359313327,0.2745202747922675,0.1257091223462839,0.10943031723277634,0.0,0.7531531077802502,0.6366141835562351,0.28807711231220173,0.3214392515398999,0.39720213890854605,surprised,08,19,19,male,normal,2212
120,4.0040000000000004,True,1.0,0.4044499416599537,0.3795747486778735,0.3920123451689136,1.0291118160308106,-0.08430555555555547,-0.08731481481481479,0.34017125501806994,0.45395779718612755,0.2034755968342765,0.38092298529898244,0.024875192982080185,0.0030092592592593226,0.011913160471879186,0.2827449962490119,0.12351079074866432,0.11190559565552556,0.0,0.7803112020102402,0.6371418496070304,0.2902741722428881,0.31659033020205096,0.3969396281169846,surprised,08,19,19,male,normal,2212
0,0.0,True,1.0,0.530663170650213,0.5212290260975797,0.5259460983738964,0.5911764663083254,-0.03749999999999992,-0.04231481481481486,0.36169893355676697,0.28852454311438025,0.16739803204185613,0.8896600733419445,0.00943414455263325,0.004814814814814938,0.014683021389839191,0.48444526302560054,0.12683308148389116,0.10812560849342155,0.0,0.6734897152657573,0.6331217416341537,0.2846889260483883,0.2883423882022839,0.3847704519519383,surprised,08,19,19,male,normal,2213
10,0.33366666666666667,True,1.0,0.3901155657520238,0.40787066788326587,0.3989931168176448,0.8584442385531716,-0.04189814814814807,-0.04532407407407407,0.3485162541421201,0.3927759669812748,0.16111300529448044,0.4647862946696582,0.017755102131242095,0.003425925925925999,0.014776452339506295,0.35309700557313567,0.12732298745819176,0.10754828978425089,0.0,0.7194755830152341,0.6299006614520808,0.2847573134244795,0.284447342291815,0.378493568045639,surprised,08,19,19,male,normal,2213
20,0.6673333333333333,True,1.0,0.4149228278983323,0.42260677794613677,0.4187648029222345,0.8208076885045502,-0.036944444444444335,-0.03874999999999995,0.3505823812182271,0.3743852775884322,0.15842774905617685,0.5101862577398518,0.0076839500478044775,0.0018055555555556158,0.0018271345054768238,0.36679574125062747,0.12872008748520714,0.10587217221084128,0.0,0.7806049868096829,0.6277282787255527,0.28380802684068807,0.2966121587668948,0.3846409203984865,surprised,08,19,19,male,normal,2213
30,1.0010000000000001,True,1.0,0.3706798350656825,0.36316980232030854,0.36692481869299554,1.05370987506543,-0.03523148148148142,-0.03699074074074071,0.3683805729553443,0.33271403705853125,0.1640080193198935,0.34822186578654907,0.007510032745373929,0.0017592592592592937,0.0024290162364828507,0.3059770508913252,0.12526500024328113,0.10993842587802341,0.0,0.7430330042769842,0.6270171432479242,0.28461871783787634,0.29409824957493425,0.38986448785916156,surprised,08,19,19,male,normal,2213
40,1.3346666666666667,True,1.0,0.37975593251354905,0.394909785525104,0.3873328590193265,0.6542777099100594,-0.03361111111111109,-0.03652777777777777,0.39007749416357135,0.2051513229409859,0.1647505928354333,0.5920006950451842,0.015153853011554919,0.0029166666666666785,0.0011167584269518795,0.4695710924703872,0.13027476144887232,0.10395318321487086,0.0,0.6598382204197581,0.6273267435020883,0.2789192437856391,0.29838767960738727,0.38280195694631786,surprised,08,19,19,male,normal,2213
50,1.6683333333333334,True,1.0,0.359160817862101,0.3891316030290826,0.3741462104455918,0.656214971207545,-0.032870370370370494,-0.03796296296296292,0.40070845280830614,0.17032364625165702,0.17365505086318994,0.5701579922157222,0.029970785166981595,0.0050925925925924265,0.008389363886608596,0.4713515948435107,0.128604054392916,0.10601308864780463,0.0,0.7585263839473524,0.628262965678459,0.2812791733288449,0.2979015466335765,0.3805462575965793,surprised,08,19,19,male,normal,2213
60,2.0020000000000002,True,1.0,0.30632065643038514,0.3402415583273929,0.32328110737888904,0.8082335842491948,-0.03564814814814826,-0.03564814814814815,0.3717380969562981,0.27161876550475794,0.16805305023707928,0.399984749061374,0.03392090189700775,1.1102230246251565e-16,0.0014267853516192542,0.3972260654890893,0.12585978010164306,0.1092570067486074,0.0,0.7372793896477322,0.6374530244754151,0.28524632422945273,0.2796281611380516,0.36338607664959416,surprised,08,19,19,male,normal,2213
70,2.3356666666666666,True,1.0,0.31569455356728054,0.37979784654973686,0.3477462000585087,0.4905924325925461,-0.03504629629629624,-0.03439814814814818,0.38915427316749895,0.21175690653460275,0.16511833699705686,0.708829115485611,0.06410329298245632,0.0006481481481480644,0.00084508173664733,0.6217935717337738,0.13152886935891983,0.10236178142593175,0.0,0.6229509231429166,0.6331070176664415,0.28321362933889366,0.28690646767883843,0.36850531417918125,surprised,08,19,19,male,normal,2213
80,2.6693333333333333,True,1.0,0.2566826666897995,0.27447140460424513,0.2655770356470223,0.5764756724750394,-0.04597222222222225,-0.05407407407407411,0.35907009901852643,0.29524024287308387,0.17996966908377496,0.46069079464670976,0.01778873791444563,0.00810185185185186,0.0006505930987817089,0.5372294286074526,0.12505195548738057,0.11018069794371331,0.0,0.673226388998887,0.6284329266784839,0.281209687027514,0.29162370181227765,0.387196675143747,surprised,08,19,19,male,normal,2213
90,3.003,True,1.0,0.45923118669034363,0.4388123141026669,0.44902175039650527,0.5374166690274925,-0.03796296296296292,-0.043055555555555514,0.3684353655030006,0.31004807828509234,0.17588584101174154,0.8355188371976879,0.020418872587676717,0.005092592592592593,0.018297325124671627,0.5774925963874474,0.1275205348022513,0.10731398312728904,0.0,0.6779777585838338,0.6291031267663315,0.28511775875394674,0.30029842166690174,0.3863864176983007,surprised,08,19,19,male,normal,2213
0,0.0,True,1.0,0.5119725101064299,0.4970162557085238,0.5044943829074768,0.9544132280956112,-0.03865740740740725,-0.04249999999999998,0.34351066990184403,0.44738120066981785,0.16400801931989362,0.5285911469543647,0.014956254397906044,0.0038425925925927307,0.010736442083859455,0.3167918175459436,0.13150803408222445,0.10238854790995129,0.0,0.6617992722760676,0.6270368398609445,0.2833860155167948,0.297655369716825,0.38346222073269154,surprised,08,19,19,male,strong,2214
10,0.33366666666666667,True,1.0,0.6232027442909149,0.6073140026219437,0.6152583734564293,0.9466339496630719,-0.0616666666666667,-0.06444444444444447,0.3492207365864766,0.4140883832348811,0.2021139115208346,0.649943279210949,0.01588874166897125,0.002777777777777768,0.013452404884992856,0.31674288605752793,0.12235975397360288,0.11316301682924211,0.0,0.7703757962634954,0.6785083952096463,0.30613104060700447,0.2934966033570758,0.4187940564989461,surprised,08,19,19,male,strong,2214
20,0.6673333333333333,True,1.0,0.20660328407491552,0.22868870961063337,0.21764599684277444,0.775319864149924,-0.08712962962962961,-0.08777777777777784,0.36546679192462733,0.3312730328640581,0.20355657074002792,0.2807176842829969,0.02208542553571785,0.000648148148148231,0.010069998718730776,0.37884563953547196,0.1214073514667911,0.11418420547569678,0.0,0.7436850053842906,0.6763046895320629,0.30699779837662106,0.298809089712923,0.4269531606470568,surprised,08,19,19,male,strong,2214
30,1.0010000000000001,True,1.0,0.28612763262136764,0.29526498972653653,0.2906963111739521,0.8445289937905822,-0.08782407407407405,-0.08958333333333335,0.35369351350632866,0.3435216059324321,0.20701669090433808,0.34421116777671706,0.009137357105168886,0.0017592592592592937,0.013494369693738257,0.34362296525763164,0.12554474484513903,0.1096188615717798,0.0,0.7990519906352481,0.6339747006927771,0.2878852512135342,0.3273826735152409,0.41240432680596256,surprised,08,19,19,male,strong,2214
40,1.3346666666666667,True,1.0,0.5341780369374468,0.50517578582916,0.5196769113833034,0.6988621163242963,-0.07708333333333334,-0.07981481481481484,0.3651284517343736,0.30747987408752353,0.207662403443696,0.7436043523385881,0.029002251108286803,0.0027314814814815014,0.01788536265611214,0.4181410456624892,0.12422137974675339,0.11111627506412276,0.0,0.8450326091147143,0.6409655237954557,0.2867208422152056,0.3274830750786032,0.40695228993077215,surprised,08,19,19,male,strong,2214
50,1.6683333333333334,True,1.0,0.6094324498349681,0.5849745825741941,0.5972035162045811,1.0056776223916608,-0.07435185185185178,-0.07712962962962966,0.34915089709442654,0.4436661248945159,0.20766864904976146,0.5938319625570831,0.024457867260774036,0.002777777777777879,0.014903155299329096,0.2981468042843123,0.12403730916508102,0.11132171264228642,0.0,0.6708983633639622,0.6309324640168568,0.29211137450207936,0.3273587009477285,0.41682267718029475,surprised,08,19,19,male,strong,2214
60,2.0020000000000002,True,1.0,0.3889421473894488,0.37427535617721835,0.3816087517833336,1.1106549373392638,-0.08333333333333337,-0.08800925925925929,0.3424734603171768,0.4590577966145881,0.20071877255469697,0.34358893924114103,0.014666791212230468,0.004675925925925917,0.0157623852535719,0.26384360017785147,0.1260477194097529,0.10904013115486821,0.0,0.6635876507422439,0.628020008175145,0.28900724294746455,0.3191346354666624,0.40917042488124444,surprised,08,19,19,male,strong,2214
70,2.3356666666666666,True,1.0,0.41340842331373767,0.39427148409910345,0.40383995370642056,0.8163133414943443,-0.07425925925925919,-0.07657407407407402,0.3655383232370242,0.28852454311438025,0.19862493957419497,0.49471193618758036,0.01913693921463422,0.002314814814814825,0.017942580929726237,0.34956338487828265,0.12569771577073927,0.10944341926555687,0.0,0.7863273581787499,0.632276509447529,0.2878938331293722,0.31527032024771434,0.402626526145627,surprised,08,19,19,male,strong,2214
80,2.6693333333333333,True,1.0,0.5645421368555021,0.528910078604913,0.5467261077302076,0.8173766190680746,-0.06717592592592586,-0.06888888888888894,0.3496622289669925,0.3491697005954251,0.2034737220567115,0.6688790637950386,0.03563205825058913,0.0017129629629630827,0.02379289220183264,0.35972160256590746,0.12425070084031313,0.11108348712187642,0.0,0.6847703334356945,0.6334262717196253,0.2907596506835071,0.31916924170112,0.4100510139315896,surprised,08,19,19,male,strong,2214
90,3.003,True,1.0,0.6193660609868464,0.6275797314456013,0.6234728962162239,1.006951060109228,-0.06675925925925924,-0.07092592592592595,0.3478559056681484,0.3627489035049465,0.21183473035207934,0.6191690151739782,0.008213670458754874,0.004166666666666707,0.01861858741007848,0.2846502272955081,0.12560121057267956,0.10955415863043386,0.0,0.6548959569647954,0.6278022613264055,0.2901005586212685,0.3263277532730775,0.4176741688765574,surprised,08,19,19,male,strong,2214
100,3.336666666666667,True,1.0,0.6140432599581076,0.6048678778311487,0.6094555688946282,0.9907222253774293,-0.06759259259259259,-0.07152777777777775,0.35871622491228206,0.3445875848136893,0.2125229766989913,0.6151629117459716,0.009175382126958898,0.003935185185185153,0.01945104539940406,0.28678505827625017,0.12313791512133493,0.112315767503035,0.0,0.9008325283511649,0.6272239217327557,0.29175120954274175,0.32745553173031405,0.41974449477730086,surprised,08,19,19,male,strong,2214
110,3.6703333333333332,True,1.0,0.6608190059901514,0.6505146036603463,0.6556668048252489,1.0696929630613146,-0.06935185185185189,-0.07217592592592592,0.3523111519878721,0.4029545647627025,0.2097236773599721,0.612948600642207,0.010304402329805118,0.0028240740740740344,0.011511487346640745,0.2710717685175369,0.12363957175100714,0.11176329481337553,0.0,0.6698423400413156,0.6262672090945753,0.29207492456944245,0.3266586859519855,0.41978256806207087,surprised,08,19,19,male,strong,2214
120,4.0040000000000004,True,1.0,0.6905530525225841,0.6792742246604905,0.6849136385915373,1.1174610807355247,-0.06768518518518518,-0.07060185185185192,0.3485413623420571,0.4245874472782214,0.20972258600760613,0.6129194567928217,0.011278827862093666,0.002916666666666734,0.012981556959263266,0.26382134244303873,0.1254131595701785,0.10976938178325249,0.0,0.6917090448565155,0.6272503079044117,0.291861050209306,0.3268080200936291,0.4195404042635739,surprised,08,19,19,male,strong,2214
0,0.0,True,1.0,0.3480913335701356,0.30642966617453143,0.3272604998723335,0.9258620997491531,-0.046805555555555545,-0.04125000000000001,0.3558370321430409,0.3135855475235846,0.17802479854392464,0.35346570505586017,0.041661667395604174,0.005555555555555536,0.030751613420131427,0.3538160838557903,0.1268450905581535,0.1081115200704274,0.0,0.7068148511089606,0.6121710022993572,0.29630232984282984,0.28815563262309124,0.3820619668873854,surprised,08,19,19,male,strong,2215
10,0.33366666666666667,True,1.0,0.46792499996925957,0.4268465445629019,0.44738577226608073,0.8780590896009397,-0.034305555555555534,-0.03967592592592589,0.3476579543303647,0.3124727070814886,0.1694809115276026,0.5095167028786282,0.04107845540635768,0.005370370370370359,0.01973906659628144,0.38278997802470427,0.12709064997146,0.10782274556218868,0.0,0.8489456561199161,0.6333296164872199,0.2876786961999593,0.28897754907677514,0.39020518115281655,surprised,08,19,19,male,strong,2215
20,0.6673333333333333,True,1.0,0.5621705942305837,0.5612432500227654,0.5617069221266746,0.8197601114002313,-0.04351851851851851,-0.05101851851851841,0.35563048750257653,0.29271240796644904,0.18406135556647352,0.6852088974751694,0.0009273442078182592,0.007499999999999896,0.017275233081160975,0.38203682788299786,0.12664322589581217,0.10834791694044202,0.0,0.9067097458176194,0.6310708489724015,0.2867009468507134,0.2949852630137662,0.3954455423083269,surprised,08,19,19,male,strong,2215
30,1.0010000000000001,True,1.0,0.28165599827846866,0.26127264547510676,0.2714643218767877,0.7545973104198788,-0.03671296296296306,-0.03925925925925916,0.3934834241268127,0.1787117138518927,0.16945570055431025,0.359747269342555,0.020383352803361898,0.002546296296296102,0.013334400672452631,0.425769557726334,0.12816173305442444,0.10654739767434258,0.0,0.6975249454225888,0.5717892909038614,0.2609662012975713,0.29391458983221747,0.35401935285454694,surprised,08,19,19,male,strong,2215
40,1.3346666666666667,True,1.0,0.3071458648608125,0.2958517616076336,0.30149881323422306,0.7110136875311955,-0.02870370370370362,-0.029074074074074086,0.38268971896182813,0.15419841442724855,0.15902825752937397,0.4240408005098986,0.011294103253178922,0.0003703703703704653,0.012447158182390625,0.4491066493029806,0.12758787984335518,0.1072339064278189,0.0,0.8460955096276853,0.6370057652826755,0.28394570669061464,0.29516760481075405,0.3948693022638876,surprised,08,19,19,male,strong,2215
50,1.6683333333333334,True,1.0,0.3613261964275668,0.341728763798508,0.35152748011303736,0.8905754865549108,-0.03462962962962968,-0.03453703703703709,0.3674533144195656,0.2684899577722749,0.16875180843938387,0.39471946558161075,0.01959743262905883,9.259259259258856e-05,0.009678994386860366,0.38510070785533895,0.1274732810974951,0.10737010932647156,0.0,0.6922008345757886,0.6011924892535138,0.298134015885019,0.28989833792590336,0.39618906398972253,surprised,08,19,19,male,strong,2215
60,2.0020000000000002,True,1.0,0.2758824373460575,0.28073391541811393,0.2783081763820857,0.7123492948283286,-0.067037037037037,-0.07759259259259255,0.3745708293382231,0.19177512873440908,0.2041681613997155,0.39069060417776663,0.0048514780720564366,0.01055555555555554,0.023939966128003764,0.44514815704572747,0.12263699295319967,0.11286250807730697,0.0,0.8618931367240341,0.6298643103569552,0.29018249774808413,0.3113935554768647,0.40874069947512115,surprised,08,19,19,male,strong,2215
70,2.3356666666666666,True,1.0,0.3585001392118805,0.3400028249404603,0.3492514820761704,0.774733261210486,-0.06638888888888889,-0.07148148148148142,0.40065492810707654,0.21942099178133143,0.20416704035095484,0.4508022303450359,0.018497314271420207,0.0050925925925925375,0.01797988687823011,0.39500222026055815,0.12311309318070775,0.11234297511520216,0.0,0.7215673243476987,0.6274617880198956,0.2881087816917715,0.31908434939952107,0.4237298746906226,surprised,08,19,19,male,strong,2215
80,2.6693333333333333,True,1.0,0.3901155657520231,0.3437738018390439,0.36694468379553347,0.767571239413624,-0.04023148148148148,-0.04263888888888889,0.3978239379222025,0.1560878115952458,0.17152777777777778,0.4780594490172092,0.04634176391297923,0.0024074074074074137,0.014940473313590164,0.3752144743731306,0.12469706501109702,0.1105821854914402,0.0,0.7130464064546059,0.629093078262555,0.28895451238580083,0.27918016885436353,0.38297922016158514,surprised,08,19,19,male,strong,2215
90,3.003,True,1.0,0.38843068624317983,0.41777339034020783,0.40310203829169383,0.6778793730047108,-0.053287037037036966,-0.056111111111111,0.3912527511342167,0.15934603141493536,0.1916861703873071,0.5946515771750626,0.029342704097027994,0.0028240740740740344,0.016273419259477038,0.4622617620332965,0.12448981272091307,0.11081545153618676,0.0,0.720590890627257,0.6271879295702657,0.2908297218481577,0.2946696906537319,0.3921251089197621,surprised,08,19,19,male,strong,2215
100,3.336666666666667,True,1.0,0.21867546322731016,0.23886427193173476,0.22876986757952245,0.92183011451186,-0.07990740740740743,-0.08467592592592593,0.3591409138959161,0.27783512245682535,0.21745094877571072,0.24816922768970698,0.020188808704424605,0.004768518518518505,0.014571490654152407,0.29634347347935097,0.1204182960702648,0.11522678395986483,0.0,0.6795967078427646,0.6216763819277711,0.29772153496401604,0.32183091360694743,0.4093720568055795,surprised,08,19,19,male,strong,2215
110,3.6703333333333332,True,1.0,0.4515451204842322,0.4494474736850541,0.4504962970846431,0.6986934855096574,-0.06069444444444444,-0.06777777777777771,0.46488679268424254,0.03942777273073164,0.21807794692183338,0.6447695683838122,0.0020976467991780656,0.007083333333333275,0.010300879420855627,0.4109713166551696,0.12174545152364127,0.11382364782153076,0.0,0.6714030707508839,0.6288568210956258,0.2939926980099456,0.34690767096033576,0.44370705506667285,surprised,08,19,19,male,strong,2215
120,4.0040000000000004,True,1.0,0.3694960646799588,0.35371032373903943,0.36160319420949916,0.8212738556917127,-0.03657407407407404,-0.04185185185185186,0.4391407577066825,0.08330656550433506,0.17847393214836946,0.4402955137357211,0.01578574094091939,0.005277777777777826,0.0052329786213687465,0.3855598915115765,0.12323264028706338,0.11221182708613085,0.0,0.6963495292913192,0.631115282159739,0.2923086911981306,0.313768939842373,0.41745215969901506,surprised,08,19,19,male,strong,2215
130,4.337666666666666,True,1.0,0.2599502299400801,0.27833463959143784,0.26914243476575894,0.8075054942470464,-0.04097222222222213,-0.04069444444444442,0.4398741283923908,0.054227799711382536,0.17084941013020882,0.3333010569998897,0.018384409651357736,0.0002777777777777102,0.010519690570894878,0.3803890346592014,0.12972767277455124,0.10463512167230807,0.0,0.6715404555630107,0.5701337524150286,0.26707924398532884,0.33069493481922363,0.3824171076343076,surprised,08,19,19,male,strong,2215
0,0.0,True,1.0,0.5334381788609823,0.4999207441513823,0.5166794615061823,0.686891345472564,-0.039629629629629626,-0.0442129629629629,0.3678520114164739,0.2884213676773509,0.17225810125013308,0.7521996963736961,0.0335174347096,0.004583333333333273,0.022510215222612984,0.42925862469264575,0.13048168684915076,0.10369333232192147,0.0,0.7402102288185066,0.6253907344656612,0.28238810344738857,0.29865361920770545,0.3852748927334854,surprised,08,19,19,male,strong,2216
10,0.33366666666666667,True,1.0,0.41434270530447437,0.40501885659333897,0.4096807809489067,0.48983973357056076,-0.058981481481481524,-0.0635648148148148,0.38347011919269036,0.1851522964876481,0.1923805444283331,0.8363567772721171,0.009323848711135396,0.004583333333333273,0.017323911273184965,0.5947460649052718,0.12586424861587414,0.10925185898225807,0.0,0.6619167249494656,0.6197944477009554,0.2863048269946345,0.2965540892301852,0.3858614053147181,surprised,08,19,19,male,strong,2216
20,0.6673333333333333,True,1.0,0.5420510156296249,0.5062487749122841,0.5241498952709545,0.5012000070903074,-0.044629629629629686,-0.047731481481481486,0.379078223612536,0.23694455642998447,0.1666959609671985,1.0457898799999654,0.03580224071734073,0.0031018518518518,0.016339390306597316,0.5799580161534014,0.12851145930431798,0.10612531553922849,0.0,0.7997785964210772,0.6264279467880902,0.28842750482818486,0.2982714305187576,0.38787534706071797,surprised,08,19,19,male,strong,2216
30,1.0010000000000001,True,1.0,0.35927470867737216,0.40071297451262183,0.379993841594997,1.7861594863948302,-0.0646296296296297,-0.0706018518518518,0.30261733635060956,0.7582325511372406,0.17085521526842073,0.21274351170173134,0.04143826583524968,0.005972222222222101,0.010681450074281503,0.16691213433428573,0.12066947403118188,0.11496371517590645,0.0,0.6994136190163568,0.6310876294111395,0.29089459674696666,0.2661870458524261,0.36703113253898245,surprised,08,19,19,male,strong,2216
40,1.3346666666666667,True,1.0,0.5306813205276906,0.5122563198865626,0.5214688202071266,0.7115192260571596,-0.039490740740740826,-0.0404166666666666,0.3850662312414575,0.29640202781176955,0.147941938220433,0.7328949114935577,0.018425000641127953,0.0009259259259257746,0.017647591584997912,0.39962624138447805,0.12884868899830162,0.10571562379564002,0.0,0.685739016217901,0.6358852302405338,0.28464004341431404,0.2918272230524052,0.37171641184354864,surprised,08,19,19,male,strong,2216
50,1.6683333333333334,True,1.0,0.362416744703721,0.3415790056374246,0.3519978751705728,0.5459377693913906,-0.039583333333333304,-0.03851851851851856,0.37226367998678705,0.18895880556577085,0.14444919806589374,0.6447582396854109,0.02083773906629638,0.0010648148148147407,0.02476628882876673,0.5198094315545799,0.1267708653440555,0.10819854652814796,0.0,0.8000624929073267,0.6414410309592588,0.28684129230355954,0.2873238682970598,0.37447158332533365,surprised,08,19,19,male,strong,2216
60,2.0020000000000002,True,1.0,0.3433040578948326,0.32110478474807547,0.332204421321454,0.98081391758018,-0.048518518518518516,-0.04726851851851854,0.32011927616724867,0.40042863468464507,0.16811047822147207,0.3387028011807314,0.022199273146757126,0.0012499999999999734,0.010733802878727421,0.2889924663788267,0.1278220677302622,0.10695464820172274,0.0,0.6453458040200184,0.5586344868103491,0.2702007884457057,0.29938469481300395,0.34235331980277883,surprised,08,19,19,male,strong,2216
70,2.3356666666666666,True,1.0,0.45374696691803945,0.47818127616566275,0.4659641215418511,0.7435419119042618,-0.0506018518518519,-0.06092592592592594,0.413800484632166,0.17636155186138713,0.17502136100099497,0.626681716365504,0.024434309247623298,0.010324074074074041,0.023465387119555797,0.3845735598681499,0.12545811356433,0.10971799994367674,0.0,0.7580327945504927,0.6379716056813352,0.2885509395031574,0.3025550090443331,0.3860891791775739,surprised,08,19,19,male,strong,2216
80,2.6693333333333333,True,1.0,0.42926457022935616,0.45600634341710666,0.4426354568232314,0.6915421229457078,-0.046574074074074046,-0.05115740740740743,0.43400575408035463,0.16981937850065296,0.16736111111111107,0.6400701304177565,0.026741773187750506,0.004583333333333384,0.02742343650773968,0.4177206559959934,0.12791401702015878,0.10684466304344267,0.0,0.6726648556360958,0.6441176098798894,0.2873272788343088,0.3079502890869527,0.3932272832885506,surprised,08,19,19,male,strong,2216
90,3.003,True,1.0,0.3811786485286589,0.3591950820878365,0.37018686530824774,0.6150167767529512,-0.037546296296296244,-0.041018518518518565,0.46194420342387527,0.11948292264232474,0.15416666666666667,0.6019134425286576,0.02198356644082239,0.003472222222222321,0.021378060835915303,0.49472607449164013,0.12869392257849535,0.10590397566849671,0.0,0.8038828149492591,0.6430595169864821,0.2873766357072136,0.3124069903154978,0.4015019131273805,surprised,08,19,19,male,strong,2216
0,0.0,True,1.0,0.45749571935259,0.5057306677357013,0.48161319354414567,1.0788332991666176,-0.040138888888888946,-0.04212962962962963,0.3270842544333699,0.41780552284434136,0.1771044430585666,0.44642040055325005,0.04823494838311132,0.001990740740740682,0.016676402071075312,0.293097011741213,0.12831548796281467,0.10636217993071947,0.0,0.7203452550928237,0.5945467148968963,0.29005603109357736,0.29865452997884695,0.38488378931575024,surprised,08,19,19,male,strong,2217
10,0.33366666666666667,True,1.0,0.4802719806479263,0.5156718599390879,0.4979719202935071,1.1998972660917235,-0.041527777777777886,-0.0438425925925926,0.3367756775388566,0.48142865270345503,0.1729276967647946,0.4150121300930114,0.03539987929116162,0.002314814814814714,0.01025580704931913,0.2638825260574681,0.1273500125749511,0.10751628745351384,0.0,0.666605079047664,0.5939632373418117,0.29149107512075473,0.2968822055939292,0.38257856775534316,surprised,08,19,19,male,strong,2217
20,0.6673333333333333,True,1.0,0.4931900557867949,0.5057306677357002,0.49946036176124753,1.1449236733345085,-0.03722222222222221,-0.03935185185185186,0.3355054902866884,0.4623609992404551,0.16946065300579052,0.4362390029953742,0.012540611948905267,0.002129629629629648,0.0007557724690715933,0.2824090595942447,0.1280831097678887,0.10664189966001358,0.0,0.6637088236338647,0.6208875300041893,0.2855721614391857,0.292131173594072,0.3790015362930613,surprised,08,19,19,male,strong,2217
30,1.0010000000000001,True,1.0,0.2681510576898235,0.29609373862815536,0.28212239815898943,1.1563068114127766,-0.04203703703703726,-0.04310185185185189,0.34646149633864054,0.3324299909665762,0.17500043596485867,0.2439857617151732,0.027942680938331854,0.0010648148148146297,0.0007672448202089868,0.2882741241713062,0.12086804265171494,0.11475493033171341,0.0,0.866866349982035,0.5865051138111494,0.29192841883309684,0.2702232304210143,0.37165302150576507,surprised,08,19,19,male,strong,2217
40,1.3346666666666667,True,1.0,0.29663449472983744,0.3005738304392714,0.2986041625845544,0.8035924025381138,-0.028657407407407354,-0.027824074074074,0.3799385663220275,0.2591806919520259,0.16460604611541985,0.37158659245834746,0.003939335709433944,0.0008333333333333526,0.000497049494956373,0.4538409733299645,0.12825768791000314,0.10643187146255177,0.0,0.6828763663375574,0.6198439655080784,0.28282198573493345,0.3050741834449133,0.39218619961995177,surprised,08,19,19,male,strong,2217
50,1.6683333333333334,True,1.0,0.4511986663376994,0.4250705922811353,0.4381346293094174,0.5017454715369061,-0.03870370370370374,-0.038055555555555565,0.3745484025783779,0.13198045609011233,0.18135772660683638,0.8732208941863668,0.026128074056564088,0.0006481481481481755,0.021103562384650172,0.5824205561518612,0.12606410366784737,0.10902118847742047,0.0,0.6782457137968853,0.6221744171731193,0.28066186204518045,0.28532184077448397,0.38417000010050256,surprised,08,19,19,male,strong,2217
60,2.0020000000000002,True,1.0,0.29177579536828224,0.283555051471471,0.2876654234198766,0.9660390548402403,-0.048472222222222194,-0.047037037037037044,0.3273599946170398,0.3525544730400192,0.17708333333333326,0.2977782543868783,0.008220743896811267,0.0014351851851851505,0.008476836935888531,0.3159939592818079,0.12993005951789652,0.10438370277358922,0.0,0.727160507685524,0.5489632214448279,0.2564934023400599,0.30056734069883706,0.3367548018930165,surprised,08,19,19,male,strong,2217
70,2.3356666666666666,True,1.0,0.3459647671487897,0.34601011968789785,0.34598744341834375,0.9423314337677547,-0.04111111111111121,-0.03814814814814821,0.38237227688736736,0.2968636947629798,0.17291666666666672,0.3671610974866569,4.535253910814552e-05,0.0029629629629630005,0.006927962889280004,0.32474917775401974,0.12944594888733,0.10498344673212108,0.0,0.7982019111055181,0.5957858881443203,0.29107125107088366,0.30833062755052904,0.3885488681511921,surprised,08,19,19,male,strong,2217
80,2.6693333333333333,True,1.0,0.3730179579264734,0.376357207355865,0.3746875826411692,1.0202602246761312,-0.036759259259259214,-0.033981481481481446,0.377330218488303,0.32039138074695245,0.16876627525682528,0.36724707440213017,0.0033392494293915664,0.002777777777777768,0.005803480912612974,0.3123991603937647,0.12594018747076965,0.1091643117076836,0.0,0.7406889207654728,0.6629084741005778,0.2997166496469302,0.2816647704062131,0.41058556438109606,surprised,08,19,19,male,strong,2217
90,3.003,True,1.0,0.3222551186330439,0.31187298957763726,0.31706405410534055,1.057944351275317,-0.04592592592592587,-0.042546296296296304,0.3766376053630674,0.3525121432609647,0.1861148005130919,0.29969823433825254,0.010382129055406641,0.003379629629629566,0.011296822001699586,0.3076733613498763,0.12463676720239772,0.11065014248547077,0.0,0.7733875777496377,0.6647505875865971,0.300522233103738,0.27999852539662395,0.4104039774551395,surprised,08,19,19,male,strong,2217
0,0.0,True,1.0,0.644612894425024,0.5943819217429205,0.6194974080839722,0.7889704730391283,-0.055787037037037024,-0.05745370370370373,0.3606349968344674,0.45675013919556945,0.18274579676306624,0.7851972022446635,0.050230972682103525,0.0016666666666667052,0.012985954645956472,0.376619615295954,0.12581824349561774,0.10930483692164998,0.0,0.7071067807446058,0.6885384710602992,0.2938730899594397,0.28246482725817884,0.40339129274626373,neutral,01,19,19,male,normal,2218
10,0.33366666666666667,True,1.0,0.6417310349849789,0.6174124980879134,0.6295717665364462,0.9273738728516634,-0.06013888888888891,-0.06046296296296305,0.3594254076796247,0.47059105250452604,0.18619144154760403,0.6788758934953825,0.024318536897065424,0.00032407407407414324,0.018187504925917912,0.31098172962211484,0.13018370236381785,0.10406719660830797,0.0,0.7247750182358041,0.6394531636951656,0.28107106740913296,0.3088343612853902,0.3809437167328597,neutral,01,19,19,male,normal,2218
20,0.6673333333333333,True,1.0,0.6118609414637018,0.6130033915709955,0.6124321665173487,0.9128037180288466,-0.06444444444444447,-0.06495370370370374,0.35621009863154995,0.48441557784620115,0.1917239780709787,0.6709352234452604,0.0011424501072936355,0.0005092592592592649,0.01878035151640853,0.31300736409276625,0.12796798740350276,0.10678001672011643,0.0,0.7645477559352405,0.642293839942227,0.28036036803842046,0.31489098812867783,0.3866531621942693,neutral,01,19,19,male,normal,2218
30,1.0010000000000001,True,1.0,0.5932689894596738,0.5807323758886144,0.5870006826741441,0.7767958897669403,-0.06152777777777779,-0.062453703703703733,0.3731930092507151,0.3749343888601426,0.18896803849392502,0.7556691408991107,0.012536613571059396,0.0009259259259259411,0.024231124928479803,0.3720765597368294,0.12434625036657301,0.11097651909494452,0.0,0.7380112725492926,0.6879150915366148,0.2959783088236639,0.28300404617243585,0.40496326925662657,neutral,01,19,19,male,normal,2218
40,1.3346666666666667,True,1.0,0.6069226553014911,0.5832733696331388,0.595098012467315,0.7170425437951671,-0.061620370370370325,-0.06277777777777777,0.3675056182339954,0.36520356027724576,0.1896513317414181,0.8299340361557581,0.023649285668352338,0.0011574074074074403,0.02215209395874452,0.3966579078998937,0.1270562708167467,0.1078632551752732,0.0,0.7598257162995755,0.6861351881768333,0.2938486392394582,0.28548933931060677,0.40518174569822873,neutral,01,19,19,male,normal,2218
50,1.6683333333333334,True,1.0,0.6115324613534794,0.5876240470264272,0.5995782541899533,0.5862652265130583,-0.059907407407407354,-0.06097222222222226,0.36460617994421696,0.27258822448542613,0.19099179685822756,1.0227081994203837,0.023908414327052152,0.0010648148148149073,0.022607246036440622,0.4600478461056918,0.12902969247641985,0.10549462654711671,0.0,0.7403699029690554,0.6367621736507102,0.28195642971066476,0.3117269532294045,0.38510338931334026,neutral,01,19,19,male,normal,2218
60,2.0020000000000002,True,1.0,0.6221723491955444,0.5832999028369176,0.6027361260162309,0.6590461999670744,-0.061990740740740735,-0.06175925925925935,0.3772267381444478,0.3359222981866723,0.1917148253158236,0.9145582298272008,0.038872446358626855,0.00023148148148138814,0.022819828640154218,0.442581568424481,0.12350000628972073,0.11191749736686717,0.0,0.7524589493218963,0.6848483620401287,0.29559007368142337,0.28195624309310446,0.4058732020815517,neutral,01,19,19,male,normal,2218
70,2.3356666666666666,True,1.0,0.6271373729031748,0.5864321514575581,0.6067847621803665,0.6576925556343902,-0.06069444444444444,-0.06157407407407406,0.3875870338594934,0.27711089461830923,0.19170646807078165,0.9225963666185645,0.040705221445616724,0.0008796296296296191,0.023316589547395884,0.40117292420488926,0.12828493276528977,0.10639903099386969,0.0,0.6784774830514855,0.6842444745632628,0.29404640802168336,0.2905218259932849,0.40744768494130257,neutral,01,19,19,male,normal,2218
80,2.6693333333333333,True,1.0,0.45921392320363913,0.4569184698052804,0.4580661965044598,0.4561641212280459,-0.06268518518518523,-0.06388888888888888,0.38911252390865125,0.19630816643329876,0.19168099612422096,1.0041697169678607,0.0022954533983587377,0.0012037037037036513,0.021846638429140353,0.568361883268315,0.1286662488112832,0.10593759572337622,0.0,0.7235715369138658,0.6297147527292167,0.2856551830599674,0.31440630275185033,0.38283717225976976,neutral,01,19,19,male,normal,2218
90,3.003,True,1.0,0.2912006250133529,0.2822903042656546,0.2867454646395038,0.5013162455211074,-0.07249999999999995,-0.07375000000000004,0.3898719975192705,0.1941832593250017,0.19029221182200778,0.571985183407408,0.00891032074769832,0.0012500000000000844,0.02436596525830809,0.5225027685651468,0.12700037922974616,0.10792905746923251,0.0,0.6650906880247874,0.631016374737395,0.28485236837070094,0.3103950969847514,0.38406998824246297,neutral,01,19,19,male,normal,2218
0,0.0,True,1.0,0.6227799180825484,0.5756983893181606,0.5992391537003545,0.7847533611510289,-0.057222222222222174,-0.05893518518518526,0.3521650854913429,0.42082514145668,0.18269903226568515,0.7636018950226944,0.04708152876438776,0.0017129629629630827,0.024561965526605417,0.3495503529817642,0.12897922228355535,0.10555632614900692,0.0,0.8100092616478292,0.639654367450105,0.2812920430983191,0.30536034576899235,0.38046862495646566,neutral,01,19,19,male,normal,2219
10,0.33366666666666667,True,1.0,0.6073696079328339,0.5845426054540455,0.5959561066934397,0.9348442967022622,-0.0587037037037037,-0.058101851851851904,0.34824476332832627,0.481732220763182,0.18544999298171572,0.6374923704361489,0.02282700247878844,0.0006018518518517979,0.02457888567084159,0.31300736409276564,0.1303503749450685,0.10385835316816004,0.0,0.7870561996325658,0.6418600252522885,0.2813589630334059,0.3100457221303154,0.38385649375850917,neutral,01,19,19,male,normal,2219
20,0.6673333333333333,True,1.0,0.6313891071345595,0.6131372285394964,0.622263167837028,0.8021144968230907,-0.05736111111111114,-0.057499999999999996,0.36171503196342175,0.4077994621127468,0.18616070695444292,0.7757784833731417,0.018251878595063165,0.0001388888888888551,0.017672025190791012,0.3603367468326908,0.12920425776280284,0.10528075582409262,0.0,0.9136334085545494,0.6397675413915567,0.2810907061203208,0.3081725271769788,0.38604151879216386,neutral,01,19,19,male,normal,2219
30,1.0010000000000001,True,1.0,0.6115324613534789,0.5573362505820474,0.5844343559677632,0.8021979013019283,-0.05722222222222223,-0.05888888888888888,0.36618034831182167,0.38063489925843086,0.1847635195913375,0.7285413674347123,0.05419621077143155,0.0016666666666666496,0.027470127873902107,0.35431483659673596,0.12845639429801897,0.10619196078256281,0.0,0.7380564621243272,0.6423362947210134,0.28234442520287284,0.30442087495885317,0.38311254270061507,neutral,01,19,19,male,normal,2219
40,1.3346666666666667,True,1.0,0.57380751752364,0.5786175366428455,0.5762125270832428,0.8251246040728376,-0.05819444444444449,-0.06041666666666673,0.36829638470337595,0.3787296180652917,0.18683863413534252,0.6983339537314025,0.004810019119205533,0.0022222222222222365,0.025339374989999622,0.33356820748227833,0.1304858411404237,0.10368810458763608,0.0,0.6478439290496449,0.6401494219328355,0.2807419330514119,0.3075713541548284,0.3841468398568364,neutral,01,19,19,male,normal,2219
50,1.6683333333333334,True,1.0,0.5969906797960383,0.5824195891161386,0.5897051344560884,0.568552784605528,-0.05717592592592591,-0.058148148148148227,0.3684198335185457,0.25699509797287684,0.18616070695444292,1.037203845312685,0.0145710906798997,0.0009722222222223187,0.025194680969938044,0.4605537491486812,0.13051030135539274,0.10365731528098983,0.0,0.7062917613673971,0.6395115268685599,0.28048768431143967,0.31152108347187446,0.38831729288155564,neutral,01,19,19,male,normal,2219
60,2.0020000000000002,True,1.0,0.6077206693276099,0.5573362505820469,0.5825284599548284,0.6796876835488814,-0.056203703703703756,-0.05777777777777782,0.37374800883056736,0.31977523702693766,0.1833599649217655,0.857053134924041,0.05038441874556299,0.001574074074074061,0.02630359654632895,0.3988936635157283,0.1276616720178345,0.10714604644287343,0.0,0.6734904062401643,0.6422944617847139,0.28179440404833345,0.30648617891607044,0.3851149470604911,neutral,01,19,19,male,normal,2219
70,2.3356666666666666,True,1.0,0.5877329473544015,0.5717732987557884,0.579753123055095,0.5641541026325234,-0.057083333333333375,-0.058287037037037026,0.39789547883372045,0.2192391637540353,0.18544999298171566,1.027650282697195,0.015959648598613096,0.0012037037037036513,0.021075832397837054,0.47931864518356,0.13132398156201552,0.10262450797897857,0.0,0.652984812559237,0.638813127946491,0.279859092012395,0.3129062812065452,0.38545415401919036,neutral,01,19,19,male,normal,2219
80,2.6693333333333333,True,1.0,0.5039793635681977,0.49135557059056106,0.49766746707937937,0.4725234607025356,-0.059907407407407354,-0.06004629629629632,0.39693846964595725,0.19876135836692965,0.18962357202320673,1.053212186204385,0.01262379297763666,0.0001388888888889661,0.019449348731568363,0.5791260725039244,0.12963397427370432,0.10475118369290394,0.0,0.7390829979444833,0.6378775251506853,0.28151274992527225,0.31749302462241485,0.3880762053668334,neutral,01,19,19,male,normal,2219
90,3.003,True,1.0,0.5831084471432884,0.5457744441399512,0.5644414456416198,0.47830074670771255,-0.05768518518518512,-0.05870370370370381,0.40332456544988216,0.19604251520423466,0.18962357202320673,1.1800973540744804,0.03733400300333711,0.0010185185185186962,0.022517031405864286,0.5672046148394477,0.1287078034082389,0.10588710550671461,0.0,0.7456858767344491,0.6376899767094337,0.2822546639942745,0.31520392605994557,0.39155493294584154,neutral,01,19,19,male,normal,2219
0,0.0,True,1.0,0.5663818855212931,0.5766385086137553,0.5715101970675243,0.4800236116980369,-0.059907407407407354,-0.060833333333333406,0.3806651310005054,0.2724143549868447,0.18414755196368418,1.1905876776474857,0.010256623092462225,0.0009259259259260522,0.004629325776145021,0.5934525103020207,0.13110344406491184,0.10290609663949692,0.0,0.7634978495592603,0.6301922229985744,0.28071712727758313,0.30432732278486424,0.38102452352247795,neutral,01,19,19,male,normal,2220
10,0.33366666666666667,True,1.0,0.6226086605515864,0.6247540151011974,0.6236813378263919,0.900914018049644,-0.06064814814814812,-0.060555555555555585,0.3472532321860547,0.450457009024822,0.18342694291325287,0.6922762054214419,0.002145354549611067,9.259259259253305e-05,0.008486317621113128,0.3141083579461397,0.12429279067486959,0.11103639023684277,0.0,0.6752282128320456,0.6873288887742596,0.2949245675361407,0.2816564332241342,0.4043501759666085,neutral,01,19,19,male,normal,2220
20,0.6673333333333333,True,1.0,0.5773750475245728,0.5939815027128253,0.5856782751186991,0.8320502943378433,-0.060416666666666674,-0.06032407407407414,0.3589361177272171,0.4298926520745523,0.18341488036054654,0.7038976839552585,0.016606455188252545,9.259259259253305e-05,0.012846093507208972,0.33914209575207693,0.12497603534739843,0.11026680533800237,0.0,0.9999999987499999,0.6859130771605517,0.2946514057025879,0.27820779515510763,0.40091814762219047,neutral,01,19,19,male,normal,2220
30,1.0010000000000001,True,1.0,0.5770060337882232,0.5564222269997117,0.5667141303939675,0.7904477796209517,-0.06152777777777779,-0.06078703703703703,0.3589850392099129,0.40215764226329176,0.1820517601238657,0.7169532826896261,0.02058380678851157,0.000740740740740764,0.013843486927670156,0.3668136011520714,0.12953303133978056,0.1048759818210076,0.0,0.783635984237535,0.631288155488758,0.282114643691882,0.3003681303893048,0.3802946630427319,neutral,01,19,19,male,normal,2220
40,1.3346666666666667,True,1.0,0.5682870701478305,0.5613667700830915,0.564826920115461,0.6514262615858233,-0.05986111111111114,-0.060555555555555585,0.38746026325129657,0.2810074069585911,0.18273285421608929,0.8670619430362755,0.006920300064738982,0.000694444444444442,0.01732567309471284,0.4191176470588227,0.12917608509479267,0.10531532087267524,0.0,0.8339175787918535,0.6341410307091587,0.28175458131360687,0.3031694495539948,0.38037322699075116,neutral,01,19,19,male,normal,2220
50,1.6683333333333334,True,1.0,0.5828101630918869,0.5858724060110362,0.5843412845514615,0.6548811629594095,-0.05925925925925929,-0.060555555555555585,0.3636894879275643,0.2933321875755689,0.1840779349313567,0.8922859865304751,0.0030622429191492495,0.0012962962962962954,0.017649601861569702,0.41068500969945365,0.1296231501665162,0.10476457756244428,0.0,0.7824917781845531,0.63508435940001,0.2815743265176602,0.30411086727854086,0.3831382886323397,neutral,01,19,19,male,normal,2220
60,2.0020000000000002,True,1.0,0.5930733660757699,0.5987506222875297,0.5959119941816498,0.6613000456632527,-0.05805555555555558,-0.05805555555555558,0.374274588441361,0.3174039368359684,0.18063835658170116,0.9011219613390139,0.005677256211759851,0.0,0.013902191223135052,0.41670383478377077,0.12980877811940716,0.10453448662606667,0.0,0.8390955718064044,0.6318773376147333,0.28215013408804723,0.30284192109489066,0.3819332223877369,neutral,01,19,19,male,normal,2220
70,2.3356666666666666,True,1.0,0.6038433480944629,0.6036987794457633,0.6037710637701131,0.5704587624505183,-0.05967592592592591,-0.058009259259259205,0.40154858111361996,0.23555383707550703,0.18272074584220155,1.0583956343776635,0.00014456864869960562,0.0016666666666667052,0.012416147451926407,0.45283220840225036,0.12978106472235157,0.10456889121852914,0.0,0.6366115388922945,0.6326311865214836,0.28200505485301913,0.3078678871858842,0.3845894222529444,neutral,01,19,19,male,normal,2220
80,2.6693333333333333,True,1.0,0.27662786310006293,0.2725411870522777,0.2745845250761703,0.4518296195154514,-0.07162037037037033,-0.07314814814814813,0.39255884106412603,0.2007151826842329,0.18410901721640272,0.6077169650157923,0.0040866760477852315,0.0015277777777777946,0.006388361047976665,0.6116036448288716,0.12756468448323263,0.10726149842085665,0.0,0.8376982366552619,0.6307690909488796,0.2838708879973491,0.3134052372312474,0.3867850780633417,neutral,01,19,19,male,normal,2220
90,3.003,True,1.0,0.4522963075042014,0.4437154076627248,0.4480058575834631,0.4905286777437935,-0.0621296296296297,-0.06254629629629632,0.39266613144561274,0.226303717116105,0.18342694291325293,0.9133122647264665,0.008580899841476586,0.0004166666666666208,0.013941867821666377,0.5502419744382158,0.1301638100617109,0.1040920761697003,0.0,0.8284407694595027,0.6317590956851491,0.2818947285463259,0.3100390253690758,0.38497807101910364,neutral,01,19,19,male,normal,2220
0,0.0,True,1.0,0.6024984920661044,0.58486422747231,0.5936813597692072,0.9009499274909581,-0.058240740740740815,-0.05902777777777779,0.3509645352776552,0.4504570090248215,0.1868643578713441,0.6589504495799688,0.017634264593794358,0.000787037037036975,0.013244433107831915,0.34075409016594027,0.12751564376975819,0.10731979484137925,0.0,0.9999999987499999,0.6883502343906314,0.2952945573049353,0.28565950578108423,0.4038489230116947,neutral,01,19,19,male,normal,2221
10,0.33366666666666667,True,1.0,0.5921393519084283,0.5858713517126828,0.5890053518105556,0.8436918171757345,-0.05601851851851858,-0.05703703703703705,0.35503924280287363,0.4077127163485442,0.1855092249813157,0.6981285581057974,0.006268000195745471,0.0010185185185184742,0.013131177593553464,0.35774317684461293,0.12472945294394472,0.11054565273639966,0.0,0.8861894327970371,0.6871250739201931,0.2960826602229205,0.28317166325884946,0.40485159398413806,neutral,01,19,19,male,normal,2221
20,0.6673333333333333,True,1.0,0.6257462604064681,0.613310418819656,0.619528339613062,0.78271552612703,-0.05625000000000002,-0.05662037037037043,0.35819457743508104,0.4192907373920772,0.18410901721640272,0.7915114993036644,0.012435841586812102,0.00037037037037040976,0.013074984232075782,0.38334429303537454,0.12391410797230752,0.11128776962611486,0.0,0.8257971612492501,0.6863293604707508,0.2957393663965403,0.2801719345063076,0.4028273307684276,neutral,01,19,19,male,normal,2221
30,1.0010000000000001,True,1.0,0.5977665605488748,0.5987506222875296,0.5982585914182021,0.8240972633314261,-0.05722222222222223,-0.058888888888888935,0.3623576403723282,0.3982961744115794,0.18413387926676386,0.7259562894308524,0.00098406173865484,0.0016666666666667052,0.015258147863300268,0.34845760835243,0.12470252195225742,0.11057603171272498,0.0,0.7071067807446058,0.6859981991390307,0.2951462157347916,0.27946121352935266,0.40289626377711474,neutral,01,19,19,male,normal,2221
40,1.3346666666666667,True,1.0,0.559151440773531,0.5733409636394808,0.5662462022065059,0.6286214364336242,-0.0564351851851852,-0.05842592592592599,0.3929367427227234,0.2765934320307948,0.182680657223556,0.9007745669937801,0.014189522865949877,0.001990740740740793,0.025691871602577535,0.4392056039032289,0.12859055153822402,0.1060294667816449,0.0,0.896726386302799,0.6355808523174895,0.28257600032939445,0.30327685717085234,0.3776077273541012,neutral,01,19,19,male,normal,2221
50,1.6683333333333334,True,1.0,0.602442633391586,0.594381921742921,0.5984122775672536,0.5991670560902764,-0.058379629629629615,-0.05912037037037038,0.364339522973448,0.26545319187619737,0.18684639246044404,0.9987402870111919,0.008060711648664953,0.000740740740740764,0.01718956885964388,0.44959912332898294,0.12767500882676922,0.10713015398051128,0.0,0.6929331739747602,0.6357037176980168,0.2833383768741413,0.30265039116855047,0.3799563737574697,neutral,01,19,19,male,normal,2221
60,2.0020000000000002,True,1.0,0.5828101630918856,0.5733567066291286,0.5780834348605071,0.686968205927485,-0.05851851851851858,-0.05953703703703711,0.3767971447189161,0.3236487772194588,0.18754922856350448,0.8414995481195944,0.00945345646275697,0.0010185185185185297,0.013233264677032763,0.40067867688863956,0.12859123145607476,0.10602864218505982,0.0,0.670291334642501,0.6328470122111345,0.28290146259715765,0.30584632213912033,0.3812553947954572,neutral,01,19,19,male,normal,2221
70,2.3356666666666666,True,1.0,0.6163186653659796,0.5920735384788204,0.6041961019224,0.577911194095855,-0.060138888888888964,-0.060370370370370297,0.3952103647119185,0.23235132955077506,0.18824349140015093,1.0454826071809664,0.024245126887159185,0.00023148148148133263,0.01228018365288466,0.4406220800456013,0.1292322435527313,0.10524640135061657,0.0,0.6841603879568121,0.6338195786752201,0.28279030212614065,0.3056304912000899,0.38254948766416014,neutral,01,19,19,male,normal,2221
80,2.6693333333333333,True,1.0,0.49550701785056206,0.47031001685800505,0.48290851735428353,0.4353545577927966,-0.05986111111111114,-0.05958333333333338,0.4105096485767739,0.19339650573042286,0.1903455281049834,1.1092304162441315,0.025197000992557006,0.0002777777777777657,0.01672691075796073,0.6302234300751751,0.12907053208360683,0.10544465618751733,0.0,0.7320719664348776,0.6317191121917517,0.28306492775675735,0.3135352553624698,0.3840163564861156,neutral,01,19,19,male,normal,2221
90,3.003,True,1.0,0.5682870701478304,0.5470199074967779,0.5576534888223041,0.4705605085210591,-0.057731481481481495,-0.058009259259259316,0.40193385925188857,0.1855646868208315,0.19242812793720382,1.1850834881468753,0.02126716265105255,0.0002777777777778212,0.020784292001507484,0.5773331226796548,0.13018112656288638,0.1040704187457914,0.0,0.7396491798875924,0.6313552434411265,0.2830433843767946,0.31768358204719216,0.3879672737773884,neutral,01,19,19,male,normal,2221
0,0.0,True,1.0,0.5476235315316731,0.5268040421696817,0.5372137868506774,0.6616525664398192,-0.05268518518518517,-0.054907407407407405,0.39113284792263375,0.3049324157245889,0.16805600953544336,0.8119273076220129,0.020819489361991406,0.0022222222222222365,0.0380058616750269,0.41758289743957505,0.13066378867984352,0.10346377191511433,0.0,0.7154740176658602,0.6359750814310099,0.28147272422236,0.30759028710605035,0.37809883585031473,calm,02,19,19,male,normal,2222
10,0.33366666666666667,True,1.0,0.5662398791128688,0.5432324207746103,0.5547361499437395,0.666632478415521,-0.05254629629629631,-0.05462962962962964,0.4036165932160746,0.30204422821423915,0.16597635928167104,0.8321468993863887,0.023007458338258457,0.002083333333333326,0.04260524912380804,0.40215950737055506,0.12872826089240363,0.10586223414691139,0.0,0.6844255991468007,0.6355934751400562,0.28240571061640785,0.30383621370711933,0.38164037384708116,calm,02,19,19,male,normal,2222
20,0.6673333333333333,True,1.0,0.4228914229892836,0.4050519020038647,0.41397166249657413,0.600264026809,-0.07083333333333336,-0.0766203703703704,0.40633288293554354,0.2627586132922195,0.18960305135840622,0.6896492943234414,0.01783952098541891,0.005787037037037035,0.04344880792348229,0.45810009052547224,0.1252336146468299,0.1099741766646089,0.0,0.7071067807446058,0.6355801820103041,0.2881370440984975,0.3295791116348099,0.40266615639636333,calm,02,19,19,male,normal,2222
30,1.0010000000000001,True,1.0,0.33693299845515856,0.33078505438838696,0.3338590264217728,0.5883713552726646,-0.0736574074074074,-0.07972222222222214,0.42466003634101074,0.23481421391948684,0.18751993709107473,0.5674290963180132,0.0061479440667716045,0.006064814814814745,0.04436778863094062,0.4538316239862808,0.1264183946250751,0.1086101619148948,0.0,0.6669247971148556,0.6331241947638431,0.2883951116424944,0.32531971990663927,0.40176644009007684,calm,02,19,19,male,normal,2222
40,1.3346666666666667,True,1.0,0.5216259810883094,0.5177606752057695,0.5196933281470395,0.5626639697786979,-0.0627314814814815,-0.06870370370370366,0.41151719110003165,0.25672778475759106,0.18058259679984476,0.9236300102020762,0.00386530588253986,0.005972222222222157,0.05929346602686037,0.47749573975640985,0.1274449847609208,0.1074036946759305,0.0,0.6914419630398005,0.6357046906106193,0.2844833973445527,0.32110756918284794,0.39166135425621734,calm,02,19,19,male,normal,2222
50,1.6683333333333334,True,1.0,0.5401048879342816,0.5245161313717469,0.5323105096530143,0.605671855569128,-0.0598611111111112,-0.06643518518518515,0.4075473323969625,0.26542282204838286,0.17920924427469404,0.878876085719422,0.015588756562534667,0.0065740740740739545,0.06126468793812337,0.47468559964472173,0.12758428161354154,0.10723818748940389,0.0,0.658898228908746,0.6343947232095963,0.2836161079297951,0.3183689939148654,0.3899703252080572,calm,02,19,19,male,normal,2222
60,2.0020000000000002,True,1.0,0.5427565264418849,0.5383529810627141,0.5405547537522994,0.6359959817841532,-0.05814814814814817,-0.06259259259259253,0.4207779920987173,0.2586048786951375,0.17711822764352933,0.8499342279425832,0.004403545379170759,0.004444444444444362,0.04666185917451821,0.425999542501797,0.12846170902301254,0.10618553143340538,0.0,0.6787224937069625,0.6353320801914516,0.28181975609191295,0.31842225734181884,0.3901265383890508,calm,02,19,19,male,normal,2222
70,2.3356666666666666,True,1.0,0.5727698645301446,0.5413227542979131,0.5570463094140288,0.630931676364555,-0.058888888888888935,-0.06124999999999997,0.4032377172223402,0.26540049812591127,0.18058259679984479,0.8828948209158626,0.03144711023223146,0.002361111111111036,0.046924795869348425,0.45095209954049315,0.1293417185740083,0.10511183381181767,0.0,0.6962914979117703,0.6307921734240571,0.2841900955214976,0.32090267518488264,0.38982199179591326,calm,02,19,19,male,normal,2222
80,2.6693333333333333,True,1.0,0.5454898555631963,0.5245091194657696,0.534999487514483,0.5969671149170662,-0.055416666666666725,-0.05912037037037038,0.424275949628579,0.21023443626131116,0.17711822764352933,0.8961959112082881,0.020980736097426678,0.0037037037037036535,0.04964648032908497,0.46170154262567314,0.12943411205251007,0.10499804002068873,0.0,0.6382180007582012,0.6303708057363571,0.2822936077831501,0.313480747006624,0.3851668270830462,calm,02,19,19,male,normal,2222
90,3.003,True,1.0,0.3627411145717353,0.3532590357071207,0.358000075139428,0.36948415658179456,-0.05370370370370375,-0.05624999999999997,0.4261645173569728,0.1604393129390397,0.17154378949249435,0.968918609261601,0.009482078864614607,0.0025462962962962132,0.056483432128175304,0.7148853688454798,0.13029264484720962,0.10393076767643132,0.0,0.7711448397375459,0.6281381471651162,0.2812263656383711,0.31138736316053106,0.38088933975787,calm,02,19,19,male,normal,2222
100,3.336666666666667,True,1.0,0.4895283459588336,0.4824602154247457,0.4859942806917896,0.28623608753894286,-0.04856481481481484,-0.051435185185185195,0.4506667868850773,0.1687169696367908,0.16806281908660353,1.6978791349140048,0.007068130534087891,0.0028703703703703565,0.05784983671000383,0.9392476414142721,0.1275719126990103,0.10725290141038628,0.0,0.7438761350055524,0.6279868138427247,0.2835981435012753,0.3105406765946318,0.38158708327244945,calm,02,19,19,male,normal,2222
0,0.0,True,1.0,0.57532755565642,0.5734767025089605,0.5744021290826903,0.8269401976922663,-0.05856481481481479,-0.05972222222222223,0.36604552230675397,0.39272756582778356,0.17933691644693356,0.6946114491539637,0.0018508531474594747,0.0011574074074074403,0.007708580233674624,0.346814041951359,0.1275203504134182,0.10731420223425378,0.0,0.6698570260442178,0.6447393184852067,0.2822770682604022,0.3094915138775856,0.3892637463018473,calm,02,19,19,male,normal,2223
10,0.33366666666666667,True,1.0,0.6147495300676153,0.592592592592593,0.6036710613301042,0.8339116562363698,-0.05884259259259261,-0.058240740740740815,0.36907521016012557,0.4237731526823608,0.18041001412442007,0.723902894048282,0.022156937475022342,0.0006018518518517979,0.0012306353088670679,0.34117401944405024,0.12849185453079653,0.10614905129050356,0.0,0.88795180147694,0.641255110286302,0.2824023027198793,0.308846846138824,0.3876457995392781,calm,02,19,19,male,normal,2223
20,0.6673333333333333,True,1.0,0.6106326432760922,0.5974499089253188,0.6040412761007055,0.7657789966991386,-0.05638888888888893,-0.05726851851851855,0.3709850390200757,0.3897071515936372,0.1790253837063009,0.7887932141053783,0.01318273435077344,0.0008796296296296191,8.340744573865855e-06,0.37163303825730487,0.12834628380747792,0.10632501682769764,0.0,0.7840862207921204,0.6412345001359919,0.28292179413414265,0.30682661859111593,0.3850566704976461,calm,02,19,19,male,normal,2223
30,1.0010000000000001,True,1.0,0.6070694919480881,0.5645976266375803,0.5858335592928342,0.7637557063347482,-0.06194444444444447,-0.061851851851851825,0.38490950179125893,0.335773356279387,0.1843525207315516,0.7670431191987296,0.04247186531050784,9.259259259264407e-05,0.008693713958279918,0.3588193326382328,0.1257454707786867,0.10938854761352593,0.0,0.7347450389563461,0.6387504773940826,0.28353494703751236,0.3096695910127218,0.3893692041345913,calm,02,19,19,male,normal,2223
40,1.3346666666666667,True,1.0,0.5500763696544215,0.5160503142517686,0.533063341953095,0.6698217458736142,-0.06856481481481486,-0.07023148148148156,0.39073800210137904,0.3219543479047402,0.18655699904292786,0.7958286592470177,0.03402605540265291,0.0016666666666667052,0.007749716254402767,0.41141101843432304,0.1272415803023293,0.10764459119223291,0.0,0.5963019417747758,0.6363942799463536,0.2843158447939922,0.32210916002553047,0.3992562704400141,calm,02,19,19,male,normal,2223
50,1.6683333333333334,True,1.0,0.4750012244612831,0.47261685600585013,0.4738090402335666,0.8087841668848333,-0.07467592592592587,-0.07180555555555568,0.38012334907861084,0.4175798305290831,0.18583753732165564,0.585828778100987,0.0023843684554329947,0.00287037037037019,0.015664661858426444,0.34113051510317516,0.1248303892023455,0.11043166077697204,0.0,0.7745728541853195,0.6364681292985945,0.28513073120610755,0.3183484651389498,0.39896543265706746,calm,02,19,19,male,normal,2223
60,2.0020000000000002,True,1.0,0.5482914634260079,0.5479076927335407,0.5480995780797743,0.9490736115102112,-0.07138888888888889,-0.06861111111111118,0.3773861281857734,0.4210150218794774,0.18494058066540361,0.5775100808119742,0.0003837706924672002,0.0027777777777777124,0.016258217723190443,0.3013477933470233,0.12544141636135564,0.10973708958971902,0.0,0.7910976568303307,0.6351187613873673,0.2864447410669057,0.3201677413584087,0.3998753924036962,calm,02,19,19,male,normal,2223
70,2.3356666666666666,True,1.0,0.5805637249547554,0.5673430634173962,0.5739533941860757,0.638536487358071,-0.06865740740740739,-0.06569444444444439,0.4043810581143105,0.26291079812206586,0.18920528864682665,0.8988576307687502,0.013220661537359235,0.0029629629629630005,0.010900456239656395,0.4301208979619834,0.12763198376737936,0.10718140925646248,0.0,0.8429030539746155,0.6338128790109794,0.28629334290572217,0.3315913448187814,0.40278203398093565,calm,02,19,19,male,normal,2223
80,2.6693333333333333,True,1.0,0.5562014516041949,0.5389332854944219,0.5475673685493083,0.5927009477927971,-0.06898148148148148,-0.06472222222222229,0.42358607408804666,0.20739284205671704,0.1865046450947079,0.9238510088239861,0.017268166109772998,0.004259259259259185,0.00973336488157214,0.4278592923679806,0.12569675025557855,0.10944452816704928,0.0,0.8158532513915837,0.637715191217112,0.2856201769834564,0.32137580942475946,0.39518842579531543,calm,02,19,19,male,normal,2223
90,3.003,True,1.0,0.36050902398094714,0.32860629743578124,0.3445576607083642,0.3249550766534956,-0.06013888888888891,-0.057361111111111085,0.4619371524050206,0.12995918828028824,0.1747815634168018,1.0603239815692158,0.031902726545165905,0.0027777777777778234,0.017955451286690884,0.8629921975279052,0.1276439837225204,0.10716711804561573,0.0,0.7748006076197248,0.6335406214829681,0.2837296647316786,0.3178147264417193,0.3926440488233073,calm,02,19,19,male,normal,2223
100,3.336666666666667,True,1.0,0.3898078867564831,0.37173580720892824,0.38077184698270566,0.3110361331987565,-0.053425925925925766,-0.050879629629629664,0.48557792127711524,0.12432706652196787,0.1714436368024297,1.2242045419828669,0.018072079547554853,0.002546296296296102,0.01589176789675028,0.8625376233411862,0.1293365222855056,0.10511822760099018,0.0,0.6917480029385855,0.6294899795152435,0.28404473698739713,0.3199789612937717,0.3925366508085095,calm,02,19,19,male,normal,2223
0,0.0,True,1.0,0.5303488830193314,0.48661920806511866,0.508484045542225,0.5626129259964349,-0.051018518518518574,-0.05319444444444443,0.3921122457494859,0.29987445639637655,0.16945570055431014,0.9037901940159959,0.043729674954212705,0.002175925925925859,0.040458125517901414,0.4978931419352445,0.12935069714560543,0.10510078457839991,0.0,0.7022630475522136,0.6330070075373899,0.2857889485417702,0.2984142309425764,0.3743288523452157,calm,02,19,19,male,normal,2224
10,0.33366666666666667,True,1.0,0.5386072413561936,0.4976888050131218,0.5181480231846577,0.7361119396198803,-0.04953703703703699,-0.053333333333333344,0.3787269528893457,0.37415681383675403,0.16945570055431014,0.7038984090547741,0.04091843634307185,0.003796296296296353,0.04171659971735195,0.3817452094504489,0.1258087680132302,0.10931574297339156,0.0,0.7313448997799824,0.6849828408707234,0.2967679458159592,0.27881511199333625,0.40013944301812376,calm,02,19,19,male,normal,2224
20,0.6673333333333333,True,1.0,0.5384758096154838,0.49212910809563104,0.5153024588555575,0.7027288383380347,-0.049537037037037046,-0.05245370370370378,0.38288442879560947,0.33789293591888464,0.1694665057164013,0.7332877644160105,0.04634670151985276,0.002916666666666734,0.03840652428844114,0.39584635221394626,0.12606568580188623,0.10901935898816256,0.0,0.6560370155490096,0.6844458143569928,0.29727306425218336,0.27596125009838557,0.40022243274573105,calm,02,19,19,male,normal,2224
30,1.0010000000000001,True,1.0,0.5303488830193309,0.4956309986280004,0.5129899408236657,0.8078659078160966,-0.051851851851851816,-0.05374999999999991,0.3760012390837198,0.3768691570072944,0.17086191325973663,0.6349939214670304,0.0347178843913305,0.0018981481481480933,0.04146197831104089,0.35931942309201803,0.12766737970302572,0.10713924551982967,0.0,0.6749657769156355,0.6344575776560624,0.28597283396443746,0.29624595601098425,0.37566774197611225,calm,02,19,19,male,normal,2224
40,1.3346666666666667,True,1.0,0.5216920102543943,0.5094345975854317,0.515563303919913,0.6231917250508338,-0.052499999999999936,-0.057592592592592584,0.3967141959469077,0.2737715858781044,0.17227581653246088,0.8272948487527791,0.01225741266896252,0.0050925925925926485,0.04286693501412877,0.43834721492235457,0.12929959485785147,0.10516364647808765,0.0,0.6673425396904358,0.634427926928584,0.2832074007053058,0.3018078266713357,0.3803901865591098,calm,02,19,19,male,normal,2224
50,1.6683333333333334,True,1.0,0.5514729989379965,0.5477040474322907,0.5495885231851436,0.5526238795234758,-0.05111111111111111,-0.05611111111111111,0.3747006459919903,0.24287372126245363,0.17648618189208867,0.9945073739105347,0.0037689515057057754,0.0050000000000000044,0.04258017060872658,0.4903608700574463,0.12936524088253135,0.10508288263258089,0.0,0.8226184633729692,0.6392792295980892,0.28415362959762575,0.3044423012687755,0.3824179230803825,calm,02,19,19,male,normal,2224
60,2.0020000000000002,True,1.0,0.5282208118173785,0.5100700590468853,0.5191454354321319,0.5985516636592588,-0.05449074074074073,-0.059537037037037055,0.39581217824715703,0.2547756681393315,0.17718024500444474,0.8673360495873068,0.01815075277049316,0.0050462962962963265,0.04279298813194756,0.46718257869256746,0.12830597006198363,0.1063736612954604,0.0,0.6922193412342957,0.6369634505052022,0.28511332318498295,0.303089048723998,0.3824850173378249,calm,02,19,19,male,normal,2224
70,2.3356666666666666,True,1.0,0.519553647660095,0.5305368098329123,0.5250452287465037,0.6372220793342039,-0.05754629629629632,-0.06324074074074071,0.41024027575138017,0.21582026957570408,0.18141829471211002,0.823959567275341,0.010983162172817251,0.005694444444444391,0.04682518931901805,0.4279379478376437,0.1290497877871806,0.10547004334425818,0.0,0.6949854062695742,0.636239385894983,0.28463910629643363,0.3153782629348705,0.38658422600995146,calm,02,19,19,male,normal,2224
80,2.6693333333333333,True,1.0,0.3928108617011412,0.3631698023203094,0.3779903320107253,0.3953711467107635,-0.057499999999999996,-0.061342592592592615,0.4406422245130364,0.12909331242597663,0.17581989565755235,0.9560392435193222,0.029641059380831836,0.0038425925925926196,0.04531260668325782,0.6457327620979165,0.1278928766488511,0.1068699671253412,0.0,0.6935516156038072,0.6372976401654411,0.2821890526505622,0.3122691190055848,0.3897984635376673,calm,02,19,19,male,normal,2224
90,3.003,True,1.0,0.275136359098621,0.30804412914615,0.2915902441223855,0.31009272685134953,-0.05175925925925928,-0.0568055555555555,0.4817724190109504,0.10248527699330177,0.17092084426523366,0.9403324195416113,0.032907770047528984,0.0050462962962962155,0.04650896767839709,0.8778558698053803,0.12744797331733976,0.10740014836120718,0.0,0.8704477761620641,0.6356517826192977,0.2834077871127767,0.3137435477141509,0.3888049017116688,calm,02,19,19,male,normal,2224
0,0.0,True,1.0,0.57062853284905,0.5589100673497398,0.564769300099395,0.7707895623131317,-0.05759259259259264,-0.05416666666666664,0.3814844339998949,0.38532473917098686,0.16439506110015964,0.7327152931398396,0.011718465499310216,0.003425925925925999,0.014811931481076472,0.3626184757155843,0.13132560722458403,0.10262242765760257,0.0,0.7139747443947224,0.635583738979967,0.2817797142068547,0.30686542275193895,0.38340353127654425,calm,02,19,19,male,normal,2225
10,0.33366666666666667,True,1.0,0.5412244047166407,0.5010947793225866,0.5211595920196137,0.7522076448291631,-0.056990740740740675,-0.0521759259259259,0.38408972344275194,0.38251642149015513,0.16169016757203392,0.6928400629828434,0.04012962539405407,0.004814814814814772,0.015062072191640127,0.3688681870214618,0.12904230859881005,0.10547919397885112,0.0,0.6837480819478086,0.6374712072719713,0.28220794847663744,0.30431129700121384,0.3861578661015315,calm,02,19,19,male,normal,2225
20,0.6673333333333333,True,1.0,0.5623467233289012,0.5297149632874025,0.5460308433081519,0.7032507973046611,-0.05513888888888885,-0.05115740740740732,0.3881846662513122,0.3770207379082396,0.1596483260519454,0.7764382854607719,0.0326317600414987,0.00398148148148153,0.017055372122831113,0.37823110432966867,0.12913460228570944,0.10536618178302175,0.0,0.6960448803261704,0.6370954117506378,0.28241585956882304,0.30296930468383504,0.3809518805790121,calm,02,19,19,male,normal,2225
30,1.0010000000000001,True,1.0,0.6167122223695775,0.5725360098873866,0.594624116128482,0.6463555793996588,-0.05611111111111122,-0.05212962962962969,0.40067263400887,0.3416428128326506,0.15833621254844374,0.9199643896951806,0.044176212482190835,0.00398148148148153,0.013607842090275615,0.42165303126337966,0.12928957380285847,0.10517596625097027,0.0,0.6797229627819329,0.6348969891862994,0.2843896282805017,0.3017668346857845,0.38065734775072085,calm,02,19,19,male,normal,2225
40,1.3346666666666667,True,1.0,0.5551117998071953,0.5298407339585257,0.5424762668828604,0.6121554335535881,-0.05643518518518509,-0.05208333333333337,0.42188340181235023,0.27650160970083837,0.16248499845433262,0.8861740616002749,0.02527106584866956,0.004351851851851718,0.011688140219928835,0.44369277583452604,0.12926788487737048,0.1052026221651374,0.0,0.6248414544448366,0.6338197546284139,0.28495742246061756,0.3065409440246216,0.38197201137398323,calm,02,19,19,male,normal,2225
50,1.6683333333333334,True,1.0,0.49588852572313913,0.4791818689476946,0.48753519733541684,0.6275447696182491,-0.05481481481481476,-0.05148148148148152,0.42886931285589397,0.26142026166777976,0.16113842845853085,0.7768930934314,0.01670665677544453,0.0033333333333332438,0.008662711370001365,0.426990680477631,0.12937378617704057,0.10507236183356888,0.0,0.6744313872323043,0.6342675341073929,0.28383665154929344,0.30880771363100556,0.38567960358733167,calm,02,19,19,male,normal,2225
60,2.0020000000000002,True,1.0,0.5402232543758532,0.5237012893083663,0.5319622718421098,0.5928768769462174,-0.05194444444444435,-0.049537037037037046,0.4304773544355937,0.21494554848239675,0.16383320640149993,0.8972558933013786,0.01652196506748682,0.0024074074074073026,0.004828881535243699,0.4523832111106555,0.12927127370392985,0.10519845800199298,0.0,0.7538244891173641,0.6346089977944301,0.2834748819155791,0.3111795396190199,0.3868817848524724,calm,02,19,19,male,normal,2225
70,2.3356666666666666,True,1.0,0.53595605439544,0.5243675210215991,0.5301617877085196,0.6211095918441305,-0.05240740740740735,-0.04986111111111108,0.4137704440024073,0.2374253216648427,0.16854921526360492,0.8535720501987764,0.011588533373840915,0.0025462962962962687,0.0018751923972744901,0.44150458230489986,0.12904781860929138,0.10547245272261871,0.0,0.7015585711878264,0.6350040816482843,0.28496198087536606,0.3141303633453484,0.39029431766572065,calm,02,19,19,male,normal,2225
80,2.6693333333333333,True,1.0,0.5135725389031892,0.4873882595158829,0.500480399209536,0.5243392267365129,-0.05175925925925928,-0.04884259259259266,0.4391092320404136,0.17662670783687584,0.16463203979248558,0.9544973438751203,0.02618427938730633,0.002916666666666623,0.0034671549353992685,0.5016797731005325,0.1291511718030299,0.10534587126707706,0.0,0.6183401926535643,0.637571407047194,0.2809930053687025,0.30845039455896534,0.38402910931581474,calm,02,19,19,male,normal,2225
90,3.003,True,1.0,0.46742514384054656,0.44386631627078804,0.45564573005566733,0.34016612216606507,-0.049120370370370425,-0.04662037037037042,0.4557569582027776,0.15359812623967556,0.16244977879611777,1.3394800374424896,0.023558827569758523,0.0025000000000000022,0.0076524324598587655,0.7801135210822603,0.1293992393122689,0.10504101406792983,0.0,0.8964866130678474,0.6340615007487369,0.2818431103708918,0.3129953887213263,0.3884494149733272,calm,02,19,19,male,normal,2225
100,3.336666666666667,True,1.0,0.4659271851840664,0.43698261319017007,0.45145489918711823,0.3250314254558156,-0.04944444444444446,-0.04662037037037042,0.45885689361019416,0.14626414145511663,0.16307412475931193,1.3889576940260766,0.02894457199389633,0.0028240740740740344,0.008391960734881082,0.8256731260681249,0.1292226929898873,0.10525812741724526,0.0,0.739737358998434,0.6307858418601815,0.28211203745693164,0.31021548213535144,0.385231273447409,calm,02,19,19,male,normal,2225
0,0.0,True,1.0,0.5701074775637419,0.5318403266211136,0.5509739020924278,0.54804370936527,-0.056574074074074,-0.06092592592592588,0.4098651847997108,0.21860352350710208,0.18472263524161478,1.0053466405636722,0.038267150942628336,0.0043518518518518845,0.0581766919891304,0.5160232097899452,0.13010770232888186,0.1041621983527975,0.0,0.6629542689063734,0.6307024697457108,0.28165056743654887,0.3103978558774227,0.384593912765597,calm,02,19,19,male,strong,2226
10,0.33366666666666667,True,1.0,0.5634951474360493,0.5517666906905735,0.5576309190633114,0.7203215871254871,-0.05759259259259253,-0.06046296296296305,0.3983158574324801,0.33455206740833815,0.17986153529316404,0.7741416181744483,0.011728456745475846,0.002870370370370523,0.06256486953996189,0.39122393156880253,0.12860507859696169,0.10601184617729643,0.0,0.7747237384774542,0.635991252422844,0.2831502603509998,0.3139201232466108,0.3931545463817732,calm,02,19,19,male,strong,2226
20,0.6673333333333333,True,1.0,0.5546879766193147,0.5359529360254542,0.5453204563223845,0.6788755299042477,-0.05499999999999994,-0.059675925925925966,0.4016988856991281,0.30779203754202616,0.17708721081845544,0.803270161172696,0.01873504059386044,0.004675925925926028,0.05745419965587786,0.43708914411776245,0.12933670882022308,0.10511799808992785,0.0,0.6591614833472544,0.6350782700267606,0.2834515251643007,0.311128131714386,0.3882178172822771,calm,02,19,19,male,strong,2226
30,1.0010000000000001,True,1.0,0.5662398791128693,0.5197778233961764,0.5430088512545228,0.6018999275219477,-0.053009259259259256,-0.05875000000000008,0.42831733779521713,0.2423810945172767,0.17639970187254408,0.9021580273154669,0.04646205571669293,0.005740740740740824,0.061651470738066594,0.45696509194850327,0.1292557566001711,0.10521752304896606,0.0,0.7301511452494374,0.6340659187737595,0.28397506963082286,0.3107447553540349,0.3880816568848311,calm,02,19,19,male,strong,2226
40,1.3346666666666667,True,1.0,0.5583518398528583,0.4919204956354552,0.5251361677441567,0.5713255447582104,-0.0539351851851852,-0.05986111111111103,0.4145523120110774,0.24340268698425122,0.17363264297900666,0.9191540139630876,0.0664313442174031,0.0059259259259258346,0.060810747905862376,0.4726501001992281,0.1290744551585433,0.10543985392803171,0.0,0.7526334074200889,0.6330575382184124,0.2844236001967438,0.309990119702272,0.3842003973746751,calm,02,19,19,male,strong,2226
50,1.6683333333333334,True,1.0,0.5898958502487349,0.5786689041989654,0.5842823772238501,0.7864344028389204,-0.05569444444444449,-0.06074074074074065,0.40889959660802316,0.3379628000458081,0.17361814221873406,0.7429511922604998,0.011226946049769482,0.00504629629629616,0.058420433067205804,0.35341933302707906,0.12825230865488718,0.10643835349881477,0.0,0.7341761174244705,0.6320851228225665,0.2844937780829589,0.31246830876095855,0.3892784623754312,calm,02,19,19,male,strong,2226
60,2.0020000000000002,True,1.0,0.5831189890530311,0.540241855304521,0.561680422178776,0.5459875859823305,-0.053611111111111165,-0.05944444444444441,0.4152715146088065,0.21307458581840447,0.1750435911110786,1.0287421117244107,0.0428771337485101,0.005833333333333246,0.06848275883823779,0.4997189870824332,0.12839566430773072,0.1062653808056096,0.0,0.750517945734545,0.6294510274578582,0.284285430697155,0.3095830097830706,0.3835917974734985,calm,02,19,19,male,strong,2226
70,2.3356666666666666,True,1.0,0.4512181397751381,0.4276154080237363,0.43941677389943723,0.6567941322841193,-0.05615740740740749,-0.06189814814814809,0.4399841445882415,0.2162812999910217,0.17295240163192796,0.6690327338511485,0.023602731751401762,0.005740740740740602,0.06116689340794723,0.42521812241890294,0.1287746229049526,0.10580583285769068,0.0,0.6808074813891011,0.6330086736491471,0.2839112971225155,0.31448986100285864,0.3946795039847649,calm,02,19,19,male,strong,2226
80,2.6693333333333333,True,1.0,0.5251279921214147,0.5267091283793532,0.525918560250384,0.5042012256575642,-0.05194444444444435,-0.05782407407407408,0.42684141246618407,0.17099482956857634,0.1743795115575407,1.0430727524799184,0.0015811362579385424,0.0058796296296297346,0.07325781544275886,0.5570991158852506,0.1299402561404418,0.1043710094097527,0.0,0.6860167256410379,0.6269917150532088,0.285163536491588,0.3104815039112795,0.3796619398958656,calm,02,19,19,male,strong,2226
90,3.003,True,1.0,0.5339250659161416,0.5224694622501792,0.5281972640831605,0.5641902775138877,-0.050000000000000044,-0.056203703703703645,0.4260354633090371,0.19491923685069662,0.171614934594706,0.9362041232094056,0.011455603665962433,0.0062037037037036,0.07418487985712054,0.4788775380384742,0.12977862995193354,0.1045719129542106,0.0,0.6618102133658039,0.6333444039021859,0.2858509305432624,0.3174816745552007,0.38838218173793365,calm,02,19,19,male,strong,2226
100,3.336666666666667,True,1.0,0.5658666595294871,0.5335454831159944,0.5497060713227407,0.5734927198067203,-0.053240740740740644,-0.057592592592592584,0.4381256578383004,0.20141928711546103,0.1687789327048847,0.9585231901601188,0.03232117641349275,0.00435185185185194,0.0682141341950394,0.4702658513285641,0.12836860015924725,0.10629807272064962,0.0,0.6784694295019698,0.6327271953312574,0.2860322954481361,0.31221187934643135,0.38599352785902097,calm,02,19,19,male,strong,2226
110,3.6703333333333332,True,1.0,0.5604709179815834,0.5330328960109165,0.54675190699625,0.4616445349154663,-0.051620370370370317,-0.05740740740740746,0.43686019578298724,0.14550133625778305,0.16878661712096907,1.1843569362222994,0.027438021970666915,0.005787037037037146,0.06877869359142108,0.5645672886070998,0.1274108036543512,0.10744424080856829,0.0,0.6641892973287845,0.6323811041135204,0.2863680178950319,0.30897852848093277,0.3835462405199835,calm,02,19,19,male,strong,2226
120,4.0040000000000004,True,1.0,0.28382636417751783,0.29599430376332797,0.2899103339704229,0.2949377171952228,-0.054907407407407405,-0.06087962962962962,0.45994902322592834,0.15031130027878442,0.1680923239539124,0.9829544241658578,0.012167939585810139,0.005972222222222212,0.06216266587236655,0.9166213133505097,0.1288417331699321,0.10572410115322706,0.0,0.7680391021200356,0.6284765254070379,0.2837851560923485,0.3134957671091349,0.38728142719645586,calm,02,19,19,male,strong,2226
130,4.337666666666666,True,1.0,0.23095664048577358,0.24916030028168548,0.24005847038372952,0.29203974334030225,-0.059027777777777735,-0.0658333333333333,0.44414310308274474,0.13781555377466237,0.16323230782131176,0.8220061681947137,0.018203659795911903,0.006805555555555565,0.06882858048575581,0.9098903654431831,0.1282033267536595,0.10649734635170705,0.0,0.7435357088174329,0.6289042971407314,0.28371655177749694,0.3121429164219885,0.38644803645239606,calm,02,19,19,male,strong,2226
0,0.0,True,1.0,0.4551946969186843,0.4445617337728651,0.4498782153457747,0.7158631921808343,-0.060925925925925994,-0.06606481481481474,0.3976441006001913,0.41426560500494813,0.15500342459106672,0.6284416076418844,0.010632963145819185,0.0051388888888887485,0.03164289714685768,0.38134254130760964,0.1293210256166646,0.10513729169220472,0.0,0.6820227365338025,0.6347444331795218,0.2864796898039487,0.3151397129448277,0.3943324492603843,calm,02,19,19,male,strong,2227
10,0.33366666666666667,True,1.0,0.387973110838558,0.4001719274376394,0.3940725191380987,0.7093857556372386,-0.06055555555555542,-0.064537037037037,0.384745790286346,0.4317193130838586,0.1466297953591163,0.5555123090737913,0.012198816599081397,0.003981481481481586,0.04823514871750253,0.4051009936311494,0.12967795679674726,0.10469673009175996,0.0,0.7029798428711301,0.6367197357145984,0.2857332333562148,0.31775366908392333,0.4016808962834243,calm,02,19,19,male,strong,2227
20,0.6673333333333333,True,1.0,0.5063052615302275,0.5083425650824612,0.5073239133063443,0.6356177913136701,-0.05592592592592582,-0.06037037037037035,0.4236325007641082,0.36439778361587755,0.1459509965245244,0.7981587681141319,0.002037303552233749,0.004444444444444529,0.04984597720030739,0.4306433730192986,0.1286073611612682,0.10600907709224727,0.0,0.7021519990241862,0.6429677571341036,0.2862363124125987,0.32100098034274804,0.4087044085649101,calm,02,19,19,male,strong,2227
30,1.0010000000000001,True,1.0,0.48492841297076095,0.4935633838544878,0.48924589841262434,0.5502231055407433,-0.053611111111111,-0.056157407407407434,0.46213358174514413,0.27451112267513045,0.14947102527351444,0.8891773055073863,0.008634970883726834,0.0025462962962964353,0.05012354362591889,0.47689807136206763,0.12729390121231238,0.10758271461917134,0.0,0.6651604930141141,0.642324064571141,0.2878818465964976,0.3218028013578866,0.41404937634257494,calm,02,19,19,male,strong,2227
40,1.3346666666666667,True,1.0,0.44985507861911017,0.45096499912664845,0.45041003887287934,0.5224120782222607,-0.054120370370370374,-0.059305555555555556,0.44414444732932035,0.2884778753423056,0.14869784698910285,0.8621738616871182,0.0011099205075382756,0.005185185185185182,0.03878317095318222,0.48952561874775996,0.12826757006013634,0.10641996166976093,0.0,0.7134657825283987,0.6394444046134079,0.28734996542829255,0.3265698750621743,0.40967380481319754,calm,02,19,19,male,strong,2227
50,1.6683333333333334,True,1.0,0.5210955111839558,0.5082150091744291,0.5146552601791925,0.722664398498267,-0.05486111111111108,-0.05842592592592594,0.4408874149543267,0.33264091934982826,0.15571438385955239,0.7121635730896277,0.012880502009526729,0.003564814814814854,0.039439969978263094,0.3767937108175427,0.12828471573721087,0.10639929266232087,0.0,0.6498562847769901,0.6333832792101215,0.28739459325280353,0.32487017037069255,0.4169295622444639,calm,02,19,19,male,strong,2227
60,2.0020000000000002,True,1.0,0.46527365336887067,0.4646737347263238,0.46497369404759725,0.5330226298583317,-0.05064814814814811,-0.05412037037037032,0.4380910275952062,0.2775343827119508,0.1562988204979887,0.8723338710237861,0.0005999186425468817,0.00347222222222221,0.050777997040058594,0.5015167537980718,0.12691833919025164,0.1080255198917229,0.0,0.6807395957213204,0.6341675250881602,0.2867187132893082,0.3185713079269816,0.40101915313461645,calm,02,19,19,male,strong,2227
70,2.3356666666666666,True,1.0,0.5212339913530615,0.5197408557399155,0.5204874235464885,0.6470917691195116,-0.05217592592592585,-0.055787037037037024,0.4456751149086968,0.3174305457755021,0.15079364314513474,0.8043487004242198,0.0014931356131460127,0.003611111111111176,0.04413045805140463,0.4156469797290705,0.13026408040346027,0.10396656735568693,0.0,0.6463006998334411,0.635816302778924,0.28432408342382504,0.33123526874259124,0.42171171190713586,calm,02,19,19,male,strong,2227
80,2.6693333333333333,True,1.0,0.5029186326782119,0.5004766139191995,0.5016976232987057,0.5255987410548973,-0.05370370370370364,-0.056203703703703756,0.42483209037905667,0.268304185658135,0.1590354536296491,0.9545259227443712,0.0024420187590123987,0.0025000000000001132,0.04996909008505897,0.5115578661171969,0.1285230554812282,0.1061112716946157,0.0,0.6640950010480744,0.630666215603429,0.2875373773829935,0.32114099345071434,0.40045423845384914,calm,02,19,19,male,strong,2227
90,3.003,True,1.0,0.52473337070671,0.5193611130707525,0.5220472418887312,0.5841919913816478,-0.052314814814814814,-0.054675925925925906,0.42528688239532564,0.30330038378745666,0.1543269243770302,0.8936227294969575,0.0053722576359575,0.0023611111111110916,0.048095574762739166,0.45414642775600633,0.12787010285267547,0.10689721496484186,0.0,0.6592453771107751,0.6361632047584659,0.2867758773109114,0.3212308942294588,0.4026718117070545,calm,02,19,19,male,strong,2227
100,3.336666666666667,True,1.0,0.542462298124983,0.522499695883596,0.5324809970042895,0.4652884844081895,-0.05212962962962969,-0.05490740740740746,0.43160528008296273,0.2434115503989388,0.15434521482581423,1.1444104353486497,0.019962602241387017,0.002777777777777768,0.05100439858281279,0.587868199154728,0.1293372266554681,0.10511736094497975,0.0,0.6414836934435081,0.6345301074648609,0.28534886512096364,0.3220701788275333,0.4024261828483045,calm,02,19,19,male,strong,2227
110,3.6703333333333332,True,1.0,0.3096333009627501,0.318581966294124,0.3141076336284371,0.35689231197013277,-0.05814814814814806,-0.060092592592592586,0.4348117703813018,0.21745550777483333,0.15777869688431984,0.8801188008071291,0.008948665331373895,0.0019444444444445264,0.058263918877319465,0.7567631954324178,0.12974661120961364,0.10461163726144468,0.0,0.7464147268515524,0.6340982144732894,0.2836662303598402,0.32151850890784567,0.4010235953882579,calm,02,19,19,male,strong,2227
0,0.0,True,1.0,0.5252975243413639,0.48081420497033633,0.5030558646558501,0.8164191796488819,-0.06435185185185188,-0.06268518518518512,0.38001227214266764,0.4665252455136471,0.15581479345151458,0.6161735015487997,0.04448331937102756,0.0016666666666667607,0.012235804689320376,0.32299247214483484,0.12905900014871013,0.105458770387147,0.0,0.689288966237313,0.6344592071359795,0.28228223518725354,0.3117783882450109,0.38910313125461016,calm,02,19,19,male,strong,2228
10,0.33366666666666667,True,1.0,0.5461250387263109,0.5220458553791882,0.5340854470527496,0.7877032076797275,-0.06037037037037041,-0.06115740740740738,0.37407240855910384,0.4726011564586492,0.15029268320513806,0.6780287827263789,0.024079183347122668,0.000787037037036975,0.009069071698916548,0.3484576083524291,0.12963510889420554,0.10474977953674366,0.0,0.7201091600338343,0.6305698077668568,0.28525938973659093,0.31005263289004853,0.3835848566953921,calm,02,19,19,male,strong,2228
20,0.6673333333333333,True,1.0,0.5953108139446148,0.5734767025089605,0.5843937582267877,0.7237398678263233,-0.05907407407407411,-0.058888888888888935,0.38531432652131037,0.471699511282674,0.14818926841009242,0.8074638198140902,0.02183411143565428,0.00018518518518517713,0.014106692976470438,0.3854180508339074,0.12986707486134114,0.10446205357942645,0.0,0.6938061254197149,0.6366655081485719,0.28349933814988487,0.31176398599887284,0.3869799148033739,calm,02,19,19,male,strong,2228
30,1.0010000000000001,True,1.0,0.5558063009397298,0.5391621129326056,0.5474842069361677,0.6242194517126963,-0.056481481481481466,-0.0564351851851852,0.3944552236512657,0.3870160600618715,0.15034343821418514,0.8770700839809029,0.016644188007124194,4.6296296296266526e-05,0.012406379177306852,0.42936726703371303,0.12773663464476712,0.10705666695922578,0.0,0.6694522482867948,0.6424878294051997,0.2854937871181834,0.31054804972590166,0.3920478232970493,calm,02,19,19,male,strong,2228
40,1.3346666666666667,True,1.0,0.5704296985456537,0.5359418614411892,0.5531857799934214,0.6463176264643766,-0.05458333333333337,-0.055138888888888904,0.38744432217186214,0.41186907568808323,0.1468793350834498,0.8559039044309766,0.03448783710446457,0.0005555555555555314,0.004984015543725641,0.43059372931689116,0.12876340465367203,0.10581948493944113,0.0,0.6919097342819044,0.6393156680015756,0.28564604714945757,0.3159248775963337,0.3991908412434122,calm,02,19,19,male,strong,2228
50,1.6683333333333334,True,1.0,0.5508247689827366,0.5302480126138563,0.5405363907982965,0.5919394342088249,-0.05499999999999999,-0.055462962962962936,0.40313418152972863,0.3623880213486846,0.14757212517989937,0.913161650601581,0.020576756368880234,0.0004629629629629428,0.008998212789342076,0.4596066817486126,0.1294007002140408,0.10503921436824012,0.0,0.8488327505845914,0.6390496983949832,0.2839956620537675,0.31767568773053756,0.39208825581139173,calm,02,19,19,male,strong,2228
60,2.0020000000000002,True,1.0,0.5723703503612999,0.5359418614411904,0.5541561059012452,0.6435977020749025,-0.05569444444444449,-0.05662037037037043,0.4119465309650809,0.36945271134614055,0.1516552494084955,0.8610287204486506,0.036428488920109525,0.0009259259259259411,0.004358208341055591,0.42866301141805435,0.12923122905087353,0.10524764704762277,0.0,0.6960966790783982,0.6401344485059649,0.2844383984842728,0.3184960969913046,0.3976308597142714,calm,02,19,19,male,strong,2228
70,2.3356666666666666,True,1.0,0.5633320559793329,0.5583358084915372,0.560833932235435,0.7553955476993435,-0.055138888888888904,-0.05421296296296291,0.4092607675484485,0.3896881793687089,0.1517035369088439,0.7424374341939511,0.004996247487795702,0.0009259259259259967,0.0010015549129639301,0.3763413484213767,0.13051185735394477,0.10365535616268287,0.0,0.6741476682582187,0.6279783465651887,0.28393712726095577,0.31774350503894916,0.39145799169421436,calm,02,19,19,male,strong,2228
80,2.6693333333333333,True,1.0,0.5273401780846256,0.5094171975446039,0.5183786878146148,0.5716905284076685,-0.05425925925925923,-0.05319444444444443,0.4121551099954631,0.30371059321657384,0.1551937922361278,0.9067470284289241,0.017922980540021727,0.0010648148148147962,0.005110826380178183,0.4809202090828995,0.13020030574644856,0.10404642307527971,0.0,0.6722665416925261,0.6278322094462785,0.2851527607876146,0.31451281878929255,0.3883470137919012,calm,02,19,19,male,strong,2228
90,3.003,True,1.0,0.5574435945971559,0.5243675210216003,0.5409055578093781,0.6634454115018317,-0.05499999999999999,-0.053379629629629666,0.41030089312570206,0.33773636501208504,0.15940345984698165,0.8152977598939725,0.03307607357555553,0.0016203703703703276,0.0057958931458517715,0.3992569417155772,0.12792930779583833,0.10682635432232765,0.0,0.6447387579230466,0.631243861771271,0.2865395950505111,0.32023851292726435,0.39469177098411884,calm,02,19,19,male,strong,2228
100,3.336666666666667,True,1.0,0.5118726159582941,0.5159169852459138,0.513894800602104,0.6434522276212655,-0.05212962962962964,-0.051435185185185195,0.44324687529479845,0.2939911039993714,0.15605697954336273,0.7986526093815643,0.004044369287619642,0.000694444444444442,0.0013607245122339525,0.4281151136494446,0.1293023739730249,0.10516022944039945,0.0,0.803389390363219,0.6316914911980417,0.28290168624711115,0.3215278938379706,0.4007227739484825,calm,02,19,19,male,strong,2228
110,3.6703333333333332,True,1.0,0.47502418286600206,0.47305723214794143,0.47404070750697175,0.550531322663107,-0.05435185185185182,-0.05296296296296299,0.47232283921275664,0.2492972027153693,0.1553038725728705,0.8610603756637785,0.001966950718060634,0.0013888888888888284,0.003628820440346296,0.4896637656776203,0.13045157665605558,0.10373120995631227,0.0,0.7736174761533519,0.632861946997549,0.283122749154104,0.32496151400215956,0.4083023806386143,calm,02,19,19,male,strong,2228
120,4.0040000000000004,True,1.0,0.48895857302722584,0.4724753731686699,0.48071697309794786,0.44700448720333835,-0.05407407407407405,-0.051990740740740615,0.45908153063473056,0.21285927962063733,0.1560261767367519,1.0754186744422412,0.016483199858555952,0.002083333333333437,0.004751749749907899,0.6165313443176083,0.1280707357411298,0.1066567598303651,0.0,0.9062581396634745,0.6300007718478018,0.28383753477264123,0.31997134735464833,0.39892457515463103,calm,02,19,19,male,strong,2228
130,4.337666666666666,True,1.0,0.46002982195694947,0.42935105214868835,0.4446904370528189,0.31243977774106363,-0.05337962962962961,-0.050092592592592466,0.45653698835185735,0.19931503062792022,0.1567492025498056,1.423283681315888,0.03067876980826112,0.0032870370370371438,0.00510717052135683,0.8728448275862076,0.1298998284791445,0.10442132125267987,0.0,0.7977163406158317,0.6263764689156913,0.28460521945280903,0.32530314804151633,0.394602678003827,calm,02,19,19,male,strong,2228
0,0.0,True,1.0,0.5549302063627468,0.5575155194877165,0.5562228629252317,0.6827768297487946,-0.04972222222222228,-0.05532407407407408,0.40237948034522536,0.37172451934259765,0.15419091386249625,0.8146481232086855,0.0025853131249696792,0.005601851851851802,0.03865089757973215,0.3930807175821741,0.12834958512042383,0.10632103164679246,0.0,0.6812399771005302,0.6359256872280162,0.28626332174496527,0.3070699547231078,0.3893487911810305,calm,02,19,19,male,strong,2229
10,0.33366666666666667,True,1.0,0.47349229362001105,0.46545325811411997,0.4694727758670655,0.6289657913999956,-0.0559722222222222,-0.060833333333333295,0.4101852002693551,0.35003290004744286,0.15142970414734677,0.746420206450466,0.008039035505891079,0.004861111111111094,0.046938491411670245,0.42604857960095627,0.12831822047042202,0.106358883343773,0.0,0.7235430015691636,0.634481301153274,0.2862260052421879,0.3066076243688583,0.3843209479697495,calm,02,19,19,male,strong,2229
20,0.6673333333333333,True,1.0,0.5395785977470344,0.5242057596667788,0.5318921787069066,0.5970055979309616,-0.05180555555555555,-0.057268518518518496,0.4061833278343166,0.32790528526065404,0.15144985577338116,0.8909333188001618,0.01537283808025558,0.005462962962962947,0.04921031297910672,0.4577100441789893,0.12963306375649555,0.1047523104857738,0.0,0.7792929720742882,0.636140806345976,0.28495290353779273,0.30742635676351193,0.3825506030155775,calm,02,19,19,male,strong,2229
30,1.0010000000000001,True,1.0,0.5512314107325806,0.5740009366340069,0.5626161736832938,0.606299332022283,-0.050416666666666665,-0.05671296296296291,0.3996165557233485,0.3394657534168642,0.1528277074740655,0.92795116861949,0.022769525901426224,0.006296296296296244,0.05148247445673235,0.4581000905254732,0.12743400097653465,0.10741672665745361,0.0,0.7904384669252736,0.6357345890778185,0.2851449662874551,0.303228895844531,0.3833697061636219,calm,02,19,19,male,strong,2229
40,1.3346666666666667,True,1.0,0.54223004603101,0.559683325764839,0.5509566858979245,0.5872431607245132,-0.051111111111110996,-0.05583333333333346,0.4048653835728903,0.317545409633896,0.1535219260655938,0.9382087740590794,0.01745327973382904,0.004722222222222461,0.04228514861644473,0.4679492086771816,0.1285824862439121,0.10603924746126936,0.0,0.721736255358752,0.6389187145092413,0.2850763386075618,0.30497520750792545,0.382633569223885,calm,02,19,19,male,strong,2229
50,1.6683333333333334,True,1.0,0.5513420933191238,0.5650794416739865,0.5582107674965551,0.6114924728311953,-0.05009259259259252,-0.0556018518518519,0.41508414279415284,0.3174275198817467,0.15210139197864123,0.9128661304889866,0.013737348354862733,0.00550925925925938,0.029210235922439227,0.4407494511201738,0.1304295723381715,0.10375887639539229,0.0,0.7500364913020418,0.6371213735728666,0.28407110078345155,0.3132424693407958,0.3877164406442575,calm,02,19,19,male,strong,2229
60,2.0020000000000002,True,1.0,0.5570069088675593,0.5662670798822562,0.5616369943749078,0.6618194970377805,-0.0509722222222222,-0.05462962962962964,0.4055377976128856,0.3245002281399362,0.15417458453766333,0.848625640206617,0.009260171014696894,0.0036574074074074425,0.04064103246119398,0.41630705323540856,0.1289802736248695,0.10555504150267242,0.0,0.6969584131585587,0.6369834312084209,0.28441260345105895,0.30549370896409656,0.38444089533697257,calm,02,19,19,male,strong,2229
70,2.3356666666666666,True,1.0,0.5513420933191236,0.5835916051944897,0.5674668492568067,0.5553455336066372,-0.0537037037037037,-0.056435185185185144,0.4124164546013279,0.28337035403070393,0.15557958629215518,1.0218266194948014,0.032249511875366066,0.002731481481481446,0.036824449776581496,0.4841861571627059,0.12858921786942334,0.10603108420916048,0.0,0.6398997851215725,0.6356148868922569,0.2862771197470258,0.3069469555909178,0.38785602885370263,calm,02,19,19,male,strong,2229
80,2.6693333333333333,True,1.0,0.5486695756033656,0.5445901601896047,0.5466298678964852,0.5929308651092361,-0.051805555555555605,-0.054953703703703616,0.4062318603814442,0.3206209744757156,0.15697555308701827,0.9219116427608792,0.0040794154137608896,0.003148148148148011,0.04633349665944309,0.44890713608112914,0.1286227653317647,0.10599038640098353,0.0,0.6215279708177085,0.6358399132543643,0.2868233515583464,0.31811094724367633,0.3931938080860042,calm,02,19,19,male,strong,2229
90,3.003,True,1.0,0.5338508570572879,0.5159784679000385,0.5249146624786631,0.5932389417026587,-0.05037037037037034,-0.05356481481481484,0.46772268855449267,0.24761597882770942,0.1548788458719602,0.8848283981022932,0.017872389157249313,0.0031944444444444997,0.04108300809178717,0.4820304763109111,0.12731551652364487,0.10755713376145729,0.0,0.6931274772360332,0.6391350041266507,0.285883091283145,0.3219471940268611,0.4119581675865675,calm,02,19,19,male,strong,2229
100,3.336666666666667,True,1.0,0.48535995861981507,0.510366368494983,0.497863163557399,0.5289135287808013,-0.047731481481481375,-0.05074074074074075,0.4862949365231083,0.21227994922073468,0.15764324464162452,0.9412940612523629,0.02500640987516789,0.003009259259259378,0.036908885940040034,0.5375961021714518,0.1272938513989013,0.10758277355946337,0.0,0.798106911105853,0.6351546695318753,0.2872924665036191,0.3194973764059007,0.4062618942803094,calm,02,19,19,male,strong,2229
110,3.6703333333333332,True,1.0,0.27645056206517116,0.31144399523611616,0.29394727865064363,0.5319634154580009,-0.05768518518518523,-0.06064814814814817,0.48111411080643113,0.20308919370120337,0.16042855619156485,0.552570477797925,0.034993433170945,0.002962962962962945,0.03435841105031186,0.5415033601401822,0.12883253558332283,0.10573530889029034,0.0,0.756400215609032,0.635253298921131,0.28524631105223236,0.3213329433616213,0.40422451564762507,calm,02,19,19,male,strong,2229
120,4.0040000000000004,True,1.0,0.24766869731162183,0.2839912590371768,0.26582997817439935,0.5276493483038126,-0.05629629629629623,-0.05861111111111106,0.464200511348048,0.20948657745769653,0.16043996930654494,0.5038004482123201,0.03632256172555498,0.002314814814814825,0.03705294740271732,0.5519535640313207,0.12715044892089683,0.10775222090544496,0.0,0.6969384784701481,0.6359469913043343,0.2859472494706856,0.3172911736627325,0.39975066311209567,calm,02,19,19,male,strong,2229
0,0.0,True,1.0,0.5254371211877008,0.4717338945817092,0.498585507884705,0.5316581356131799,-0.04685185185185181,-0.05226851851851855,0.449620833388104,0.19850138864225822,0.1736128689147122,0.9377934324463387,0.05370322660599158,0.005416666666666736,0.04647096834596849,0.5623218229151541,0.13014005935038003,0.10412176872977132,0.0,0.8253212237834826,0.6299643698104243,0.28087884024045123,0.3125608088334535,0.3931596323095259,happy,03,19,19,male,normal,2230
10,0.33366666666666667,True,1.0,0.5686647108832315,0.5470232167909516,0.5578439638370916,0.4947404780765995,-0.05277777777777776,-0.05819444444444438,0.4457331597425687,0.19058987635803795,0.17926245206354585,1.1275486614837322,0.02164149409227989,0.005416666666666625,0.03307476806205779,0.5807168961595593,0.12589825025742069,0.10921267487215632,0.0,0.6847879432900628,0.625913990564976,0.2821510694899116,0.3019754313788561,0.37640079409127836,happy,03,19,19,male,normal,2230
20,0.6673333333333333,True,1.0,0.5150439908661738,0.511568550216929,0.5133062705415514,0.5206458205326289,-0.051064814814814785,-0.055972222222222145,0.45326439168739957,0.2219784277921153,0.169532672307284,0.9859029887466129,0.0034754406492447654,0.00490740740740736,0.03616563222973233,0.5366130031691884,0.12676469431567933,0.10820577639740471,0.0,0.6834666871491524,0.6239169881155588,0.280176719127171,0.3038699465444943,0.37443656041907986,happy,03,19,19,male,normal,2230
30,1.0010000000000001,True,1.0,0.26828500105024344,0.2946649379997743,0.28147496952500883,0.609908205024105,-0.06,-0.0643055555555555,0.4460270742456209,0.24460857105088643,0.16192621871902643,0.46150382501229714,0.026379936949530836,0.004305555555555507,0.0383104490986964,0.4734542232053295,0.12638080325974307,0.10865390162364406,0.0,0.6670363853601832,0.6240741861353916,0.2811373101772619,0.30406349532453564,0.3892356811507035,happy,03,19,19,male,normal,2230
40,1.3346666666666667,True,1.0,0.4870198569551266,0.5007575640338799,0.4938887104945033,0.563644938604337,-0.048379629629629606,-0.05296296296296299,0.4613547617799619,0.2227172299312257,0.16270691829103529,0.8762408329567196,0.013737707078753325,0.004583333333333384,0.04330088660811098,0.4894792303295591,0.1281338183336138,0.10658096626612329,0.0,0.7071067807446058,0.6250914510491697,0.28207072460328786,0.30895096049521537,0.3835938111221898,happy,03,19,19,male,normal,2230
50,1.6683333333333334,True,1.0,0.29768102748968217,0.29838189843889135,0.29803146296428673,0.5943540167311173,-0.051296296296296284,-0.05500000000000005,0.430409910097959,0.18235611921372757,0.17178378612192333,0.5014376189521313,0.0007008709492091758,0.0037037037037037646,0.04421394239732844,0.4883498667526091,0.12556218859676066,0.10959888031024843,0.0,0.8490751107480858,0.6254244964001225,0.2843941438070904,0.30966908789870173,0.3842442984191189,happy,03,19,19,male,normal,2230
60,2.0020000000000002,True,1.0,0.2523275411616592,0.25696785648970066,0.25464769882567995,0.5428400044938493,-0.05476851851851838,-0.05805555555555553,0.47858872008797537,0.13789055641568568,0.17093378850645188,0.4691026761432526,0.004640315328041489,0.0032870370370371438,0.042354639648993615,0.5350819784029233,0.12751009391139365,0.10732638874699714,0.0,0.7774417917276163,0.6276011142269408,0.2818153290047681,0.3138422723421545,0.3958469537372807,happy,03,19,19,male,normal,2230
70,2.3356666666666666,True,1.0,0.4614290705459958,0.4667695044873031,0.4640992875166494,0.6288714530990873,-0.04560185185185184,-0.04995370370370372,0.422355401446668,0.18568864564953788,0.17386405185153883,0.7379875254784768,0.005340433941307288,0.0043518518518518845,0.04030066680881702,0.4456461245028133,0.12725776755229037,0.10762545409108815,0.0,0.7992904683256062,0.6253195414493923,0.28322699254750155,0.3125351025664542,0.3836418282101444,happy,03,19,19,male,normal,2230
80,2.6693333333333333,True,1.0,0.2566337903993776,0.23972452338471487,0.24817915689204623,0.5794828134586012,-0.05601851851851847,-0.060694444444444495,0.4827907307090144,0.11663524448689301,0.17809035584183258,0.4282769930842416,0.01690926701466275,0.004675925925926028,0.03193093377179024,0.49370069372565445,0.12615197007017892,0.1089195033864694,0.0,0.6584400567522699,0.6183691326843237,0.2804276302593077,0.3212910176347559,0.40750904070017474,happy,03,19,19,male,normal,2230
90,3.003,True,1.0,0.4224389759610808,0.39672860573280055,0.4095837908469407,0.5743790380698556,-0.0461111111111111,-0.048101851851851785,0.47793932869840683,0.08707278677834057,0.18619144154760403,0.7130897259470103,0.025710370228280266,0.001990740740740682,0.03455882735450418,0.4944711407485904,0.127012650716077,0.10791461591837612,0.0,0.7614902276186353,0.6242631187787615,0.2797033174293108,0.31837547824372864,0.4084649447574667,happy,03,19,19,male,normal,2230
100,3.336666666666667,True,1.0,0.3788414586943167,0.370735446069049,0.37478845238168285,0.6066035350914726,-0.042824074074074125,-0.04486111111111113,0.4820231348298489,0.09756266372382812,0.1854183125512156,0.617847458348832,0.008106012625267667,0.002037037037037004,0.02062785339458194,0.4903757781465371,0.12623365527786676,0.1088248227461178,0.0,0.6966290453361172,0.6228533214926597,0.2815203721735414,0.3183109286068621,0.41099870046890036,happy,03,19,19,male,normal,2230
0,0.0,True,1.0,0.5234225810050921,0.4791821977588287,0.5013023893819604,0.6908714099399853,-0.06513888888888891,-0.0698611111111111,0.4644898337299715,0.12554005410586128,0.2270833333333333,0.7256088212211699,0.04424038324626339,0.004722222222222183,0.017453304958752747,0.4301746522653618,0.12205844532600123,0.113487945152209,0.0,0.8445608398559364,0.6428800893247923,0.30720401776218753,0.33207396349917867,0.45356340521121397,happy,03,19,19,male,normal,2231
10,0.33366666666666667,True,1.0,0.5197639178725008,0.507568686408009,0.5136663021402549,0.7215848779535902,-0.06560185185185186,-0.06962962962962965,0.4511302765076356,0.15607590846753105,0.22432222150230022,0.7118584629946917,0.012195231464491751,0.004027777777777797,0.018436107752811088,0.40715388431846095,0.12060701717110975,0.1150292361929689,0.0,0.7996374830804317,0.6462253545089911,0.30770391713681333,0.3269670475650754,0.45203942333287433,happy,03,19,19,male,normal,2231
20,0.6673333333333333,True,1.0,0.2680776014109339,0.25788785446369156,0.2629827279373127,0.796891817015306,-0.08023148148148151,-0.08453703703703702,0.43291462050202356,0.17937870716050724,0.2222994564203281,0.33001057649492915,0.01018974694724234,0.004305555555555507,0.02384134385480862,0.3707597239222269,0.12129805019330876,0.11430030966485452,0.0,0.8558549100261861,0.6091479220750801,0.28505143581176334,0.35068967756550884,0.429164295152147,happy,03,19,19,male,normal,2231
30,1.0010000000000001,True,1.0,0.26425041578513914,0.2783822921666938,0.27131635397591647,0.6663086516014435,-0.06861111111111096,-0.0766203703703704,0.4483095835161163,0.13093801070738195,0.21858707987958165,0.4071932029155251,0.014131876381554664,0.008009259259259438,0.018957243447937932,0.4529390425761283,0.12537079185357344,0.10981776869283506,0.0,0.6898049250748254,0.6075988549951231,0.2874162055747999,0.3415169885702746,0.4222255576588161,happy,03,19,19,male,normal,2231
40,1.3346666666666667,True,1.0,0.2578925619609723,0.2613430380221421,0.2596177999915572,0.5585506521361054,-0.07379629629629625,-0.08115740740740734,0.4554055697980818,0.0964692529784476,0.21264356363701678,0.46480618901559273,0.0034504760611697716,0.007361111111111096,0.029848874791281784,0.5057371458645236,0.1230475630137396,0.11241474550310539,0.0,0.8257633475597377,0.6074145099055248,0.2815564171274728,0.3236070260723937,0.401663457987719,happy,03,19,19,male,normal,2231
50,1.6683333333333334,True,1.0,0.32535515825597844,0.3403602971826911,0.33285772771933475,0.6336872864967524,-0.06342592592592594,-0.06675925925925924,0.4471442963516906,0.09258970512855338,0.2155554464892694,0.5252712730903756,0.01500513892671268,0.0033333333333332993,0.04113642899670498,0.45658548335697335,0.1238798369755137,0.11149692265402172,0.0,0.696025168555091,0.6105563557845013,0.28658696985741344,0.3389122914485043,0.4110840760994903,happy,03,19,19,male,normal,2231
60,2.0020000000000002,True,1.0,0.3776073993197102,0.3812991174069526,0.37945325836333144,0.5900573626535459,-0.05828703703703714,-0.06300925925925926,0.4879154293366,0.07343516319951898,0.21055871626182368,0.6430785926590135,0.0036917180872423905,0.004722222222222128,0.049010640867086314,0.4811349119373855,0.12156032488913558,0.11402133652523584,0.0,0.719140486131137,0.6101353974480418,0.2831788521019678,0.311190149447787,0.40455385087544005,happy,03,19,19,male,normal,2231
70,2.3356666666666666,True,1.0,0.3658775614145569,0.3542303727238548,0.3600539670692059,0.5799453913583578,-0.057268518518518496,-0.058287037037037026,0.4402999426707934,0.05560479736557311,0.21573658825333333,0.6208411557955164,0.011647188690702082,0.0010185185185185297,0.027996674607413303,0.48834986675261044,0.12289669856090595,0.1125796573682362,0.0,0.6868429692050915,0.5993042216808598,0.2834980641742666,0.3173716085296761,0.3929313770320053,happy,03,19,19,male,normal,2231
80,2.6693333333333333,True,1.0,0.4015187655644031,0.40363199125347027,0.40257537840893665,0.6404429964479624,-0.05254629629629626,-0.05648148148148141,0.4855433172033509,0.08993732919320528,0.2084270622490702,0.6285889308520948,0.0021132256890671886,0.003935185185185153,0.028273273773782453,0.4487183744167038,0.12540420232263091,0.10977961473093102,0.0,0.6835625073029691,0.6003860472001301,0.28419740281706674,0.33311793172769316,0.41066289795085986,happy,03,19,19,male,normal,2231
90,3.003,True,1.0,0.3864330810328988,0.3955963175728235,0.39101469930286115,0.657037914003455,-0.04939814814814808,-0.053981481481481464,0.4890337931608054,0.0795687467223593,0.2049448880091173,0.5951174064223104,0.00916323653992468,0.004583333333333384,0.02330764178745112,0.4408116093496779,0.1270320796977705,0.10789174434748347,0.0,0.8205062995160944,0.6025890862829507,0.28228612865241803,0.3344474985750016,0.41108662883133085,happy,03,19,19,male,normal,2231
100,3.336666666666667,True,1.0,0.3859676529432946,0.40878418970201974,0.3973759213226572,0.6272279756117459,-0.05023148148148149,-0.05384259259259272,0.4917058980500455,0.07956874672235928,0.20494488800911737,0.6335430445925021,0.022816536758725137,0.0036111111111112315,0.022874998228500407,0.46814067615963306,0.12556768885772165,0.10959257860548254,0.0,0.7020854726219734,0.6084453884053622,0.2819314628384568,0.3348116524220086,0.41306751986121765,happy,03,19,19,male,normal,2231
0,0.0,True,1.0,0.45188405347495914,0.42663753504987306,0.4392607942624161,0.670092144331387,-0.03828703703703701,-0.042453703703703716,0.44466531380156615,0.1561080608935771,0.1826426484301614,0.6555229724424053,0.025246518425086073,0.004166666666666707,0.03216017526621452,0.4449364567204792,0.12701565670377854,0.10791107785042882,0.0,0.7463169555128284,0.6255808107070953,0.28221974961429275,0.31627325289171704,0.4062586668440139,happy,03,19,19,male,normal,2232
10,0.33366666666666667,True,1.0,0.4600006694544201,0.4432816759118751,0.45164117268314763,0.6646120745202898,-0.041157407407407365,-0.04393518518518519,0.44789535269354486,0.14937369996663966,0.18125168372062783,0.679556074886448,0.01671899354254497,0.0027777777777778234,0.039398809425892384,0.4358939306116564,0.1280296252673105,0.10670610490844744,0.0,0.6850023346153131,0.6174419448326206,0.2821076782782164,0.31599463320609583,0.4038389674203302,happy,03,19,19,male,normal,2232
20,0.6673333333333333,True,1.0,0.4665904449397565,0.42553366429885103,0.44606205461930376,0.5591390736747957,-0.04388888888888881,-0.045231481481481484,0.4517723644833923,0.13127500103812123,0.1770988427644487,0.7977658432770175,0.041056780640905455,0.001342592592592673,0.041578241776289424,0.5048096059037748,0.1283461326112498,0.10632519933936592,0.0,0.7281097644918884,0.6226942389143157,0.28106407474069406,0.31605007186398254,0.40162715612258887,happy,03,19,19,male,normal,2232
30,1.0010000000000001,True,1.0,0.30118157300163384,0.28903674926834155,0.2951091611349877,0.6403164998712748,-0.05078703703703702,-0.054861111111111194,0.4500475195381539,0.1488642673293528,0.17639061901081718,0.46088014473204203,0.012144823733292287,0.004074074074074174,0.036742374777681594,0.47287643880784574,0.12445063424329837,0.1108594488835505,0.0,0.919701590463683,0.6243745722507753,0.281565213343303,0.30758068731595084,0.40262587664251503,happy,03,19,19,male,normal,2232
40,1.3346666666666667,True,1.0,0.3853653893404241,0.36111619713649384,0.37324079323845893,0.5274368334663468,-0.04416666666666669,-0.04722222222222233,0.4493221935817103,0.08768964403998754,0.18403441091295172,0.7076502237917246,0.024249192203930237,0.0030555555555556446,0.03913157170670638,0.5362095362208237,0.12722562965505532,0.1076634428652352,0.0,0.7504691376312594,0.6185078830829207,0.28220966318466206,0.3128103304530734,0.3995289431997248,happy,03,19,19,male,normal,2232
50,1.6683333333333334,True,1.0,0.3998245325352864,0.3963840352767871,0.39810428390603675,0.5037712985411887,-0.04212962962962957,-0.04583333333333334,0.42500713506241544,0.0934375272272494,0.18691008021618244,0.7902480452119037,0.0034404972584992644,0.0037037037037037646,0.04088994291753795,0.5471146106420587,0.12487723879619896,0.11037868001085478,0.0,0.6748182568306922,0.6166567797900412,0.284004864183965,0.30611945406825963,0.3987354449143876,happy,03,19,19,male,normal,2232
60,2.0020000000000002,True,1.0,0.3759657540872215,0.4020019556630744,0.38898385487514797,0.5050604351567798,-0.044212962962962954,-0.047870370370370396,0.4294411645749376,0.08011518707493913,0.18480315638343014,0.7701728898134743,0.026036201575852902,0.0036574074074074425,0.04238535692894249,0.5846825484068762,0.1255373297439758,0.10962735338932494,0.0,0.8786375653456165,0.601588721582383,0.2899608403986207,0.3119157760477854,0.39173865225514304,happy,03,19,19,male,normal,2232
70,2.3356666666666666,True,1.0,0.3790479239414002,0.40171490625637146,0.3903814150988858,0.5609276817109832,-0.042314814814814694,-0.0470370370370371,0.4774441457099808,0.09336140320429756,0.18125673478866933,0.69595676559965,0.022666982314971273,0.004722222222222405,0.025711725928224016,0.50477300901738,0.12734105425041584,0.10752689743962038,0.0,0.7323795071765897,0.6075409606186224,0.2858040533683559,0.31735668721719673,0.4080305950007874,happy,03,19,19,male,normal,2232
80,2.6693333333333333,True,1.0,0.3645132103345568,0.3565243577074869,0.3605187840210219,0.5304718534693994,-0.040370370370370334,-0.044074074074074154,0.4858215663995601,0.07634972052903981,0.1833836804240681,0.6796190630344512,0.007988852627069887,0.00370370370370382,0.03428860549164922,0.537567854726123,0.12566396435308294,0.10948217130430578,0.0,0.8278780946605021,0.6175273006077432,0.2830674440964063,0.31744868866930764,0.40788170277454167,happy,03,19,19,male,normal,2232
90,3.003,True,1.0,0.35253022933203937,0.3529258342126996,0.35272803177236944,0.5288956000259395,-0.03902777777777772,-0.04143518518518524,0.4892599420126191,0.06601546123265668,0.186815765618658,0.6669142865909076,0.00039560488066020527,0.0024074074074075247,0.031644830166217636,0.5562067492869824,0.1263338032233021,0.10870854581715608,0.0,0.6889330767041356,0.6143494985103417,0.28193475170325133,0.32262351176282905,0.41108017561981647,happy,03,19,19,male,normal,2232
0,0.0,True,1.0,0.5002042064476369,0.441172919465786,0.47068856295671146,0.635469509276909,-0.04490740740740734,-0.050277777777777866,0.42697574045497666,0.05766149533314423,0.21116314520014592,0.7406941734974833,0.05903128698185084,0.005370370370370525,0.045725569731236905,0.45822899003245793,0.12396607934368863,0.11140102756421917,0.0,0.8809914499113528,0.5948374158022585,0.2888297818179566,0.3067490813416647,0.3955951933305141,happy,03,19,19,male,normal,2233
10,0.33366666666666667,True,1.0,0.5371595162197377,0.507517337373056,0.5223384267963969,0.6211371738939876,-0.04819444444444443,-0.05203703703703699,0.4236107376918098,0.07613861714599936,0.20347222222222228,0.8409389242021873,0.029642178846681633,0.003842592592592564,0.02167096516056301,0.4414142979913668,0.12489514726730078,0.11035841589694645,0.0,0.8554651106827027,0.5930006992328182,0.28866023555046694,0.310526045604803,0.397071275310169,happy,03,19,19,male,normal,2233
20,0.6673333333333333,True,1.0,0.5103433641000343,0.46804854445789357,0.48919595427896395,0.5568430376611317,-0.04861111111111116,-0.053472222222222254,0.43963244034941124,0.038917492571758486,0.20416816139971555,0.8785167833537059,0.04229481964214077,0.004861111111111094,0.040517716467526235,0.47122073981458085,0.12554279980151614,0.10962108915882521,0.0,0.853017504494721,0.5968128415506828,0.2870764032910744,0.314835567178908,0.4013177214584269,happy,03,19,19,male,normal,2233
30,1.0010000000000001,True,1.0,0.30970343568904496,0.29017272535185434,0.2999380805204497,0.5650337604493095,-0.05912037037037032,-0.06504629629629621,0.45977224332308664,0.031918393236608854,0.20208371087002966,0.5308321405112887,0.019530710337190615,0.00592592592592589,0.038004386671395045,0.5066372029044912,0.1210210628196335,0.11459354311622925,0.0,0.8291288848741271,0.5939599703553297,0.2873294966987925,0.3008878353500335,0.39343856349427253,happy,03,19,19,male,normal,2233
40,1.3346666666666667,True,1.0,0.3349876982983972,0.3393484522575795,0.3371680752779883,0.5376132140534655,-0.05115740740740743,-0.054166666666666585,0.44113008605518084,0.027969976359436256,0.20139040423879118,0.6271573437264082,0.004360753959182284,0.003009259259259156,0.033484674739884424,0.5448674132645692,0.12478648009908751,0.11048127513192339,0.0,0.7010407752876331,0.574298791383741,0.29549116711943163,0.30822567007169793,0.3851967373228799,happy,03,19,19,male,normal,2233
50,1.6683333333333334,True,1.0,0.2553439706603395,0.21435559805416682,0.23484978435725315,0.5095371317940652,-0.05750000000000011,-0.062037037037037,0.4127596935698226,0.0885024824672217,0.19865758629248415,0.4609080863848999,0.04098837260617266,0.004537037037036895,0.0516568528986188,0.5644987383072968,0.12721106182370207,0.10768065527451019,0.0,0.8172196731751838,0.6276803529224191,0.2802352389448947,0.3146586322945784,0.3967929295894242,happy,03,19,19,male,normal,2233
60,2.0020000000000002,True,1.0,0.44475683465834326,0.43759995423330017,0.44117839444582174,0.5062225180707624,-0.04935185185185176,-0.05120370370370364,0.4450339564752885,0.03844513880943081,0.19654175282197442,0.8715108054204566,0.007156880425043088,0.0018518518518518823,0.037152688155019334,0.5440090980156442,0.12348784963995632,0.11193091066129966,0.0,0.7792497977413363,0.6229760557738722,0.28251972727270763,0.3051409992649144,0.39355524545017767,happy,03,19,19,male,normal,2233
70,2.3356666666666666,True,1.0,0.4371839671347883,0.4211225159519903,0.4291532415433893,0.5692839531409003,-0.048888888888888815,-0.05060185185185184,0.47260541976838844,0.07748388442260648,0.19584735793088182,0.7538474239009016,0.016061451182798003,0.0017129629629630272,0.03018821508945812,0.4983183180433942,0.12572719383826972,0.10940955397078451,0.0,0.8409282057611083,0.6166261457473614,0.2826721074061524,0.31362197618459686,0.40397346875513745,happy,03,19,19,male,normal,2233
80,2.6693333333333333,True,1.0,0.40124587590385147,0.39679683763132945,0.39902135676759043,0.5690738955207744,-0.0459722222222223,-0.04893518518518519,0.4925462925112035,0.059829727569861095,0.1937535439444029,0.7011767011425389,0.004449038272522021,0.0029629629629628895,0.03299081845736262,0.4880244725721119,0.12755184403484332,0.10727676754078265,0.0,0.8398558297826901,0.6191723116824855,0.2825850572804829,0.321978013691437,0.4095193066623241,happy,03,19,19,male,normal,2233
90,3.003,True,1.0,0.4304783559411301,0.39686635376704504,0.4136723548540876,0.5372529164967133,-0.0464351851851853,-0.04893518518518514,0.5023903229871535,0.029266464674108573,0.19722570377434895,0.7699769366568312,0.033612002174085054,0.0024999999999998357,0.03315923063689783,0.5057253426144231,0.1266604136536117,0.10832782368238475,0.0,0.6884735143971856,0.6205405831316901,0.2823306192109473,0.32336007015366325,0.41156750647125484,happy,03,19,19,male,normal,2233
0,0.0,True,1.0,0.41593255435633414,0.4116285710254704,0.41378056269090224,0.7571643725322649,-0.04476851851851843,-0.04874999999999996,0.46883246779814275,0.2259873761037678,0.16491402169501895,0.5464871006899759,0.0043039833308637365,0.00398148148148153,0.0014134430566302668,0.3888704989844661,0.1308045252982254,0.10328578766106528,0.0,0.696223822042705,0.61384931971226,0.2841379009077858,0.32770551925983277,0.40730121505839684,happy,03,19,19,male,strong,2234
10,0.33366666666666667,True,1.0,0.4086632613883712,0.4122658364712734,0.4104645489298223,1.0389642809096136,-0.0459722222222223,-0.047592592592592575,0.44102944671127603,0.3517464440049332,0.16471724715858302,0.3950708955754095,0.003602575082902182,0.001620370370370272,0.009561720724742272,0.29933881483968516,0.12353154277440219,0.11188268726780255,0.0,0.898764112633869,0.6242580727369074,0.2862036090969557,0.2984487718490722,0.3978737179531749,happy,03,19,19,male,strong,2234
20,0.6673333333333333,True,1.0,0.4513174597348227,0.42054979568284223,0.4359336277088325,1.1463470671930687,-0.04509259259259257,-0.04736111111111124,0.4235275578481248,0.42093377444329677,0.16392659186469774,0.38028066733424304,0.030767664051980448,0.0022685185185186696,0.023707826873103393,0.27272840571007406,0.12776391367805273,0.10702411005202728,0.0,0.6711254928215362,0.6342418542182499,0.2826453686872238,0.3113598958265527,0.4113772423234932,happy,03,19,19,male,strong,2234
30,1.0010000000000001,True,1.0,0.2347673061388806,0.2413521809299761,0.23805974353442835,0.7485249864179535,-0.08384259259259264,-0.08759259259259267,0.4624600491825419,0.4055722295753142,0.17386405185153878,0.3180384728018993,0.006584874791095485,0.003750000000000031,0.024722740843355413,0.36659041473910314,0.11861297349218738,0.11708432982049885,0.0,0.6779491015798768,0.6283369462081707,0.28917852678330824,0.2971557539446483,0.3986592126262483,happy,03,19,19,male,strong,2234
40,1.3346666666666667,True,1.0,0.6827400050143152,0.7042073039773817,0.6934736544958484,0.6986175914930132,-0.07379629629629625,-0.0764351851851851,0.41636358422001934,0.38420363660738915,0.17488786175803353,0.9926369775685555,0.02146729896306654,0.0026388888888888573,0.02477706998514526,0.3807349864328341,0.12477111294515336,0.11049862960768217,0.0,0.7871118835007769,0.622229283697854,0.2907146241028897,0.34439624098235294,0.422401854935992,happy,03,19,19,male,strong,2234
50,1.6683333333333334,True,1.0,0.39872629105466456,0.3920802645718608,0.3954032778132627,1.1897146730752544,-0.054166666666666696,-0.057222222222222174,0.4323072363327863,0.4616878854598084,0.1604471020911392,0.3323513500856451,0.0066460264828037685,0.003055555555555478,0.022076060494100925,0.26480355187784893,0.12598073203344498,0.10911751888219719,0.0,0.6569614690539035,0.6335449604294843,0.2896913985988406,0.3073077107221585,0.4042916930120595,happy,03,19,19,male,strong,2234
60,2.0020000000000002,True,1.0,0.4636875027244431,0.4649085019858611,0.46429800235515206,0.6804962025707321,-0.04865740740740726,-0.05069444444444443,0.4187823720761235,0.27425253640159025,0.16263562924645578,0.6822933039172868,0.0012209992614179987,0.0020370370370371704,0.02491399914633224,0.41729433551241835,0.12555050160912248,0.10961226809207743,0.0,0.6975349482625082,0.6233796874452907,0.28517846834215255,0.289761371352494,0.3775950282597518,happy,03,19,19,male,strong,2234
70,2.3356666666666666,True,1.0,0.4282645873660028,0.44301011476425584,0.43563735106512935,0.7167383736462007,-0.0490740740740741,-0.051157407407407374,0.40502198908760134,0.30955174230992366,0.1638893544106059,0.6078052565386577,0.014745527398253022,0.0020833333333332704,0.024626844360134414,0.39643747877708035,0.12567966117373336,0.10946415183857451,0.0,0.6915309179679792,0.6246466412658814,0.2834927305893725,0.2978457672318345,0.3828078801471698,happy,03,19,19,male,strong,2234
80,2.6693333333333333,True,1.0,0.46659044493975693,0.47790613061854953,0.47224828777915323,0.8614880717798443,-0.047222222222222276,-0.04856481481481484,0.39178871246700264,0.3229585963902669,0.17363923383335503,0.5481773958906742,0.011315685678792597,0.001342592592592562,0.01657761903233158,0.32551269542651434,0.12840274242731997,0.10625682805349357,0.0,0.6790529695333519,0.624902590817577,0.2831744343532559,0.30895731217501854,0.3821114746436537,happy,03,19,19,male,strong,2234
90,3.003,True,1.0,0.458734532849105,0.4824602154247468,0.47059737413692593,0.947269448198226,-0.04560185185185189,-0.04800925925925931,0.44367865357668995,0.28746083521394417,0.17527226657871645,0.4967935733935425,0.023725682575641838,0.0024074074074074137,0.012101065715833104,0.2983590433221887,0.12938640885023442,0.10505681784617518,0.0,0.6748149300770417,0.6154453751031663,0.2896569581024103,0.31186150753607794,0.4083718608100471,happy,03,19,19,male,strong,2234
100,3.336666666666667,True,1.0,0.47306556021704593,0.47583102655037574,0.47444829338371086,1.0745079243466142,-0.04750000000000004,-0.049351851851851924,0.43857057979305086,0.3076697399538006,0.1760848287337796,0.44154936658304583,0.0027654663333298024,0.0018518518518518823,0.015089777591751901,0.2668292696921108,0.12566855530665072,0.10947690157042964,0.0,0.8755652992938106,0.600903753954707,0.2893279479425191,0.3163024565431156,0.403758106347571,happy,03,19,19,male,strong,2234
110,3.6703333333333332,True,1.0,0.5047313651246723,0.50344714199701,0.5040892535608412,1.0414916588931649,-0.044999999999999984,-0.05180555555555555,0.4329915281946494,0.2909090909090899,0.18600988466164986,0.4840070002063744,0.0012842231276622984,0.006805555555555565,0.03355149819356542,0.28535235907604256,0.12872912934255054,0.10586117810453137,0.0,0.7147266722568538,0.5923442736235119,0.28778429238385383,0.32221904078104036,0.40041124483453167,happy,03,19,19,male,strong,2234
0,0.0,True,1.0,0.3698272133045845,0.36612898406738664,0.3679780986859856,0.6932069852347642,-0.04787037037037045,-0.0492129629629629,0.48019478838818225,0.19872611464968157,0.173664276798656,0.5308343777888572,0.0036982292371978698,0.001342592592592451,0.014475817183398281,0.44049766459383227,0.12613182405207052,0.10894283240242635,0.0,0.6841984574128236,0.6242755484303095,0.2829160545268871,0.32408749760104183,0.4113809688203072,happy,03,19,19,male,strong,2235
10,0.33366666666666667,True,1.0,0.39859865070632267,0.3758061576827845,0.3872024041945536,0.7601973174840108,-0.049398148148148135,-0.04907407407407405,0.45871165258932917,0.1873196773664844,0.18378596062812236,0.5093446073659654,0.02279249302353814,0.0003240740740740877,0.019491102317217304,0.39038671724178636,0.1241899990044123,0.11080800522792329,0.0,0.6876482279793777,0.6202840524178421,0.2885978473027533,0.3143428509690437,0.41319920655422393,happy,03,19,19,male,strong,2235
20,0.6673333333333333,True,1.0,0.45822180927390943,0.453259399793444,0.4557406045336767,0.7851032801241594,-0.05245370370370367,-0.05129629629629623,0.4613953513888842,0.22579130856665663,0.18060667699933172,0.5804849069814153,0.004962409480465446,0.0011574074074074403,0.01635556831981291,0.3784600877585616,0.12496950950820794,0.11027420125955985,0.0,0.8094039497941566,0.624751239230067,0.28511353596628297,0.31836885862453496,0.42124685787064087,happy,03,19,19,male,strong,2235
30,1.0010000000000001,True,1.0,0.5683060109289607,0.5519610184651343,0.5601335146970475,0.7262224317919264,-0.07078703703703698,-0.07476851851851851,0.4528842857341043,0.2694260526964103,0.19653398903121463,0.7712974567791018,0.01634499246382637,0.00398148148148153,0.028087450219325783,0.37964534429234487,0.12415409991505197,0.11119144411597706,0.0,0.8074671565212528,0.6287426299816802,0.28308855041548947,0.33166684501343946,0.4199364309664799,happy,03,19,19,male,strong,2235
40,1.3346666666666667,True,1.0,0.5685425610081674,0.581765329231696,0.5751539451199317,0.6153016554252663,-0.07217592592592587,-0.07699074074074075,0.46413982762423894,0.18328803518059797,0.20155588760357976,0.9347511745639845,0.013222768223528636,0.004814814814814883,0.026257797890144458,0.4782723203585871,0.12227094964216663,0.11325896275293965,0.0,0.7357554794176299,0.6245983360531713,0.28759623441545956,0.3270447943506111,0.4075624006143215,happy,03,19,19,male,strong,2235
50,1.6683333333333334,True,1.0,0.6069096579558736,0.5905971351075594,0.5987533965317164,0.6943060773320946,-0.06949074074074091,-0.07504629629629628,0.4153733449692319,0.28083860625797924,0.2059593518941146,0.862376718395518,0.016312522848314193,0.005555555555555369,0.029948106379791013,0.41017184732151746,0.12254110662717732,0.11296660992008584,0.0,0.7917713983110025,0.6274847934564451,0.28708363437910245,0.3347107008419283,0.40576915331100016,happy,03,19,19,male,strong,2235
60,2.0020000000000002,True,1.0,0.5154081795697701,0.5257637926360939,0.520585986102932,0.6349508059983076,-0.07064814814814813,-0.07703703703703701,0.4350021029164329,0.21503955682406323,0.20465038891736267,0.8198839676790955,0.01035561306632371,0.006388888888888888,0.028817222172446307,0.4488294508704664,0.12414264002684436,0.11120423866724852,0.0,0.8503014949494687,0.6226900323801396,0.28604347840112254,0.3368165203377063,0.40499659954600925,happy,03,19,19,male,strong,2235
70,2.3356666666666666,True,1.0,0.6021195260241501,0.5912091215177677,0.5966643237709589,0.9213365236882707,-0.06726851851851856,-0.07439814814814821,0.42194261516299214,0.34801106049912883,0.20115958887629456,0.6476073708468733,0.010910404506382365,0.007129629629629652,0.028453163568135896,0.31549856611532656,0.1246838443581724,0.11059709185472326,0.0,0.6567001271005859,0.618686444538753,0.2924545690203551,0.3421323722059458,0.411591324581829,happy,03,19,19,male,strong,2235
80,2.6693333333333333,True,1.0,0.26568907604733655,0.2565052596211732,0.26109716783425485,0.7816983413104276,-0.08365740740740735,-0.08717592592592593,0.4674638677281684,0.17953267401788242,0.21062541213279826,0.33401269266678424,0.009183816426163338,0.0035185185185185874,0.015586669333857292,0.365769404270344,0.11855400373276528,0.11714403940712509,0.0,0.8949437987520608,0.6252554178233795,0.2867035186400057,0.3097785037991202,0.39451540420576925,happy,03,19,19,male,strong,2235
90,3.003,True,1.0,0.33609222632467706,0.33106600950458154,0.3335791179146293,0.7150486851349124,-0.0685648148148148,-0.06685185185185183,0.4811101674566763,0.16343969945940862,0.19891204680219882,0.4665124555143976,0.005026216820095519,0.0017129629629629717,0.008548117821285355,0.40982142857142884,0.12063647380959802,0.1149983432793676,0.0,0.8116234498841027,0.6727312955182073,0.29917099308468653,0.29388244176383727,0.4228038655700662,happy,03,19,19,male,strong,2235
100,3.336666666666667,True,1.0,0.4262698494694409,0.4276154080237362,0.42694262874658856,0.6822217894549425,-0.06092592592592594,-0.06208333333333338,0.4892774370723874,0.14545385935979596,0.20279132211353704,0.6258120677847187,0.0013455585542953008,0.0011574074074074403,0.009412802350469401,0.4310924240451973,0.12047723425041937,0.11483381863569757,0.0,0.7086259834933712,0.6704819861850989,0.29893411921720725,0.3011365280899858,0.43211660370125976,happy,03,19,19,male,strong,2235
110,3.6703333333333332,True,1.0,0.4015187655644012,0.43076393627271636,0.41614135091855875,0.6504242090555981,-0.05671296296296291,-0.059305555555555556,0.4894353015003458,0.1150362915861306,0.20077995992193742,0.639799910773289,0.02924517070831517,0.0025925925925926463,0.01303706524802196,0.4436033953219113,0.12585441292355587,0.10926318921912556,0.0,0.7699357450664974,0.6145838892666441,0.2862931960787448,0.33126202783634,0.4141580745222197,happy,03,19,19,male,strong,2235
0,0.0,True,1.0,0.47112898397207437,0.4965323514907969,0.4838306677314356,0.6996444999289597,-0.06384259259259256,-0.06759259259259259,0.4741268250752688,0.11480229116320044,0.2194726037952607,0.6915378707051405,0.02540336751872252,0.003750000000000031,0.01696611964257925,0.4320702351819335,0.12463379415845659,0.11065349124206947,0.0,0.7789540855135406,0.6099453174707383,0.28394215090099845,0.35060206233538665,0.42815546030542817,happy,03,19,19,male,strong,2236
10,0.33366666666666667,True,1.0,0.5313044619152948,0.5292575084276561,0.5302809851714754,0.7622714734958657,-0.06851851851851853,-0.07120370370370371,0.46452328340883736,0.1662236847722224,0.21465300876299628,0.6956589661417409,0.002046953487638725,0.0026851851851851793,0.022861796821207456,0.3743261752527294,0.1237687505062409,0.11162022293625298,0.0,0.6781705495904938,0.6124673160357893,0.28612416034532456,0.34997433596244487,0.43329827140097776,happy,03,19,19,male,strong,2236
20,0.6673333333333333,True,1.0,0.5432324207746103,0.5076784483883519,0.525455434581481,0.5667900818552573,-0.0675,-0.07069444444444445,0.4704344542985342,0.14162838285517795,0.2118574190828528,0.9270723878257066,0.03555397238625846,0.003194444444444444,0.0141706668224323,0.5235323472708868,0.12318828452354984,0.11226051989163309,0.0,0.6688463776084633,0.6086362187609419,0.28613374729919216,0.3392918143110819,0.4195645958864789,happy,03,19,19,male,strong,2236
30,1.0010000000000001,True,1.0,0.17466907323358735,0.14780229963430205,0.1612356864339447,0.6769186536390818,-0.08726851851851858,-0.092175925925926,0.4637479629330418,0.17711181608918222,0.21391777955388394,0.23819063866411347,0.0268667735992853,0.004907407407407416,0.014752249578337899,0.45047229052203624,0.11901457715600527,0.11667608235750289,0.0,0.7391941551750609,0.663276526344913,0.3055456611053324,0.31165145702061303,0.44090290202567506,happy,03,19,19,male,strong,2236
40,1.3346666666666667,True,1.0,0.1611344356377442,0.18829609737494504,0.1747152665063446,0.7215577175434159,-0.07124999999999998,-0.07393518518518521,0.4686240032214428,0.11128002284736851,0.21062541213279826,0.24213623145931087,0.027161661737200832,0.002685185185185235,0.014885340418078602,0.4195715848734628,0.1250180177125403,0.11021920439640717,0.0,0.7618282347908703,0.6180439822022559,0.2848517587509749,0.32921698454885157,0.41510790241815027,happy,03,19,19,male,strong,2236
50,1.6683333333333334,True,1.0,0.20737788887384068,0.22164211359790897,0.21451000123587483,0.6413563934609487,-0.065,-0.06805555555555559,0.4765790453904188,0.08272502776835267,0.20209692421007708,0.334463027768875,0.014264224724068297,0.003055555555555589,0.01734835806075386,0.45603349359949064,0.12689100322150024,0.10805762847758227,0.0,0.6868087573058429,0.6201867698016706,0.28290390372639523,0.32629650283550615,0.414108425007308,happy,03,19,19,male,strong,2236
60,2.0020000000000002,True,1.0,0.17777777777777834,0.1886124320658239,0.18319510492180113,0.6612228754483978,-0.06407407407407412,-0.06750000000000006,0.45636532221351994,0.11369626789352205,0.19938057002093038,0.2770550017610481,0.010834654288045559,0.0034259259259259434,0.027041424005287328,0.440616492211522,0.12493036454765309,0.11031854687437209,0.0,0.7717865690701272,0.6243464940272985,0.28373805130355323,0.32392642021426976,0.4171667581630777,happy,03,19,19,male,strong,2236
70,2.3356666666666666,True,1.0,0.21820887054515165,0.22521129452019018,0.2217100825326709,0.7142184537170927,-0.06615740740740755,-0.07050925925925922,0.4688492286110277,0.15741360417834022,0.1959595185771973,0.3104233464968576,0.00700242397503853,0.0043518518518516625,0.021241064353726084,0.41159433122344585,0.12465049325024039,0.11063467947655024,0.0,0.7855920086696592,0.6209156382865646,0.2847821911739936,0.3240470344198929,0.41554115243875644,happy,03,19,19,male,strong,2236
80,2.6693333333333333,True,1.0,0.39171922022903377,0.4052426241857115,0.39848092220737263,0.7917630735539831,-0.06708333333333327,-0.07111111111111107,0.4011753370192036,0.22246865337510674,0.21264356363701678,0.5032830344293694,0.013523403956677726,0.004027777777777797,0.021862358266661868,0.3480889039463289,0.12240419727886857,0.11311494268576763,0.0,0.6738750864098871,0.6200429906181223,0.2873062985994144,0.30755429809264023,0.39484525802032266,happy,03,19,19,male,strong,2236
90,3.003,True,1.0,0.45076872361575954,0.4661660097907302,0.45846736670324484,0.8467726723981952,-0.05731481481481476,-0.06027777777777776,0.4265870272567021,0.18545641935157164,0.2056895005785874,0.5414291009236188,0.015397286174970659,0.0029629629629630005,0.022359262443876256,0.34318578269888594,0.12411449304891324,0.11123565249289123,0.0,0.7103857313185279,0.6153794197835384,0.28761060424674195,0.3240411786207286,0.4035448690022772,happy,03,19,19,male,strong,2236
100,3.336666666666667,True,1.0,0.433804706187831,0.4650388526496967,0.4494217794187638,0.7299338942528919,-0.05486111111111114,-0.05615740740740732,0.46984295707511325,0.12159102070825514,0.20347259718188104,0.6157020285772039,0.031234146461865675,0.0012962962962961844,0.016388720459337532,0.4016022583272455,0.126279230539983,0.10877193436158358,0.0,0.6760340688856222,0.618836495942127,0.28364031673000306,0.3260681526730221,0.41370782060969374,happy,03,19,19,male,strong,2236
110,3.6703333333333332,True,1.0,0.4450072478760822,0.45458774450518696,0.4497974961906346,0.880027378427878,-0.061203703703703705,-0.06310185185185185,0.4757555268787223,0.18412877036037953,0.20212901015410112,0.5111176165838998,0.009580496629104762,0.0018981481481481488,0.024535923811983645,0.3366874027259983,0.1257646262786507,0.10936652388909748,0.0,0.6784071882553598,0.6206082663846789,0.28470932937169235,0.3330203443916893,0.4204051015177164,happy,03,19,19,male,strong,2236
120,4.0040000000000004,True,1.0,0.47304078136937827,0.4457955493025186,0.4594181653359484,0.9019476690336723,-0.057916666666666616,-0.05907407407407406,0.4769064427965721,0.15354046241034952,0.20575180537213686,0.5093623290009268,0.027245232066859693,0.0011574074074074403,0.02421064829451912,0.322731724518807,0.12452013120222816,0.11078138244223676,0.0,0.6528354447080451,0.6217834973833283,0.2842140134613136,0.32726468857716434,0.4131737671685727,happy,03,19,19,male,strong,2236
130,4.337666666666666,True,1.0,0.4202387913654582,0.44842822194096665,0.43433350665321246,0.7609304259707188,-0.0553703703703704,-0.05745370370370373,0.4886271470660297,0.11155294160830355,0.20486446284481508,0.5707926662271827,0.028189430575508434,0.002083333333333326,0.022182415100772766,0.3860266564926231,0.12553966759596039,0.10962467619288709,0.0,0.6989424767751257,0.6284188636001277,0.28131016546236653,0.32892185918365635,0.41488349769202393,happy,03,19,19,male,strong,2236
0,0.0,True,1.0,0.5600293923505449,0.5589191614582774,0.5594742769044112,0.8111593892206105,-0.06277777777777777,-0.06435185185185188,0.44249233902370716,0.2055879823051956,0.20486111111111105,0.6897217542436057,0.001110230892267583,0.0015740740740741166,0.017618305767450042,0.351043892910217,0.12850349165380995,0.10613496315349283,0.0,0.6592180987061652,0.6304446034976491,0.28286952162361384,0.3341218922165176,0.42271905312455976,happy,03,19,19,male,strong,2237
10,0.33366666666666667,True,1.0,0.5466364995000995,0.5355847578272622,0.5411106286636809,0.8314159685206974,-0.06259259259259259,-0.06504629629629632,0.43863776747806604,0.23083619466335342,0.20210183180206884,0.6508302091267932,0.01105174167283729,0.0024537037037037357,0.01662454197483577,0.3557513434520824,0.12493039274238953,0.11031851494478236,0.0,0.7538571908674125,0.6325931444218313,0.28530928102405717,0.33135980956926514,0.4265961219340665,happy,03,19,19,male,strong,2237
20,0.6673333333333333,True,1.0,0.5921583509176357,0.5643021521459725,0.5782302515318041,0.726582008999989,-0.06379629629629624,-0.06550925925925927,0.4390652352937371,0.21322544131727553,0.2007005267484721,0.7958224183497679,0.027856198771663232,0.0017129629629630272,0.022615028876082858,0.40651226480374875,0.12516383399760336,0.11005358889836368,0.0,0.7782963873268537,0.6413868140693777,0.28306090096180975,0.32760065198252236,0.410769456938149,happy,03,19,19,male,strong,2237
30,1.0010000000000001,True,1.0,0.2444819872835042,0.2500294634014137,0.24725572534245893,0.7981230057911775,-0.08050925925925928,-0.08444444444444443,0.4188268615278158,0.2560329028268354,0.19653127163199047,0.30979651450762896,0.005547476117909483,0.003935185185185153,0.0222210552504409,0.398953900885704,0.12498117485507296,0.11026097996229749,0.0,0.7274157234117069,0.6360460566570378,0.2827931572787394,0.32197203431427734,0.4107202126073137,happy,03,19,19,male,strong,2237
40,1.3346666666666667,True,1.0,0.3918970061089054,0.37395239161644755,0.38292469886267644,0.6462800315122004,-0.06666666666666665,-0.06990740740740736,0.43978752650058006,0.1585425663608647,0.20004615251177826,0.5925058491544121,0.017944614492457822,0.0032407407407407107,0.022818636165098067,0.45878138679259617,0.12517010461684022,0.11004645692024691,0.0,0.6908632506757838,0.6375363224117772,0.2836711830955257,0.3252199330798821,0.4048750410275764,happy,03,19,19,male,strong,2237
50,1.6683333333333334,True,1.0,0.3109746364163341,0.3225683128773315,0.3167714746468328,0.6906915082232182,-0.06805555555555554,-0.06990740740740736,0.464517648874059,0.16172473692405695,0.1931835552199687,0.4586294617429383,0.011593676460997404,0.0018518518518518268,0.020553863477655206,0.4200033808177091,0.12497985131900735,0.11026248017622704,0.0,0.8433649512438369,0.6318140208505277,0.28648427796414444,0.3206129200579518,0.41496213176335905,happy,03,19,19,male,strong,2237
60,2.0020000000000002,True,1.0,0.40034754736048833,0.418120717809743,0.40923413258511565,0.5343161882793703,-0.061435185185185204,-0.06527777777777782,0.4016349524203985,0.1862460038752736,0.19316973218197211,0.7659025527617839,0.017773170449254694,0.0038425925925926196,0.031317402012558615,0.5310514466053936,0.12799356166556045,0.10674936038640906,0.0,0.7259775798189603,0.6345842774297219,0.28405114711477975,0.3168295267201882,0.39618479925081707,happy,03,19,19,male,strong,2237
70,2.3356666666666666,True,1.0,0.4368720512743892,0.42638510157707094,0.43162857642573005,0.70611847467772,-0.06361111111111117,-0.0656018518518518,0.40984477417906107,0.21897550956703818,0.18966219313384594,0.6112693434663778,0.010486949697318282,0.0019907407407406263,0.02829488271205932,0.3910699684820931,0.12626411304658036,0.10878948261217673,0.0,0.8061690108344882,0.6295358680659764,0.2859409936562368,0.31099537094046115,0.39040301702148433,happy,03,19,19,male,strong,2237
80,2.6693333333333333,True,1.0,0.3985398390887153,0.40174341146551773,0.4001416252771165,0.8676220674355611,-0.07296296296296295,-0.07476851851851846,0.35982327500849676,0.4266531307940809,0.1898985760452874,0.4611934623329936,0.0032035723768024105,0.0018055555555555047,0.02653616950711885,0.31868158704253685,0.12631758358663936,0.10872739235158262,0.0,0.7178357340830401,0.6201510396580507,0.28867582126178803,0.3119570937037922,0.38372064118901084,happy,03,19,19,male,strong,2237
90,3.003,True,1.0,0.45256554391141557,0.4516495030323836,0.4521075234718996,0.8509447429696664,-0.06199074074074068,-0.06513888888888891,0.42501127241308034,0.25617546194625623,0.19941615374813357,0.5313006833958617,0.0009160408790319652,0.003148148148148233,0.028921415471025218,0.35827967092826374,0.1303562635248837,0.10385096210925848,0.0,0.6271363271871931,0.6173040233280812,0.2869525592176487,0.3281339303364433,0.40025611363653457,happy,03,19,19,male,strong,2237
100,3.336666666666667,True,1.0,0.46666154927381504,0.49190827259842684,0.4792849109361209,0.7910900748714887,-0.06037037037037035,-0.06074074074074082,0.46546439189080546,0.17096749217637566,0.20213769135755244,0.6058537784259017,0.02524672332461181,0.0003703703703704653,0.01959103782654345,0.36116266412665576,0.12682305096006863,0.10813737335404179,0.0,0.7288598319295635,0.6168582845638256,0.2853495721741169,0.3240879127424978,0.41192974685676764,happy,03,19,19,male,strong,2237
110,3.6703333333333332,True,1.0,0.4815855087632933,0.49660339945637394,0.48909445410983365,0.7843089228808096,-0.059675925925925966,-0.06157407407407406,0.4653558657830716,0.19064020461421222,0.19734751940380224,0.6235992474921271,0.015017890693080627,0.0018981481481480933,0.031572275538002625,0.3685810227878144,0.12662477108713893,0.10836948425595225,0.0,0.8921132259378444,0.6196582895267482,0.2870298189301856,0.32482010088509417,0.4135997077441658,happy,03,19,19,male,strong,2237
0,0.0,True,1.0,0.563700038847593,0.5051771771872091,0.5344386080174011,0.6091421246315339,-0.038981481481481506,-0.04546296296296304,0.3508824758562436,0.15874130147605,0.1986145683171448,0.877362747389502,0.058522861660383896,0.0064814814814815325,0.05853673043979049,0.4677460387255028,0.12726306924370293,0.10761918498678198,0.0,0.9239434099647458,0.6060335548516282,0.28289929026706345,0.2936511774642523,0.3857204028834291,sad,04,19,19,male,normal,2238
10,0.33366666666666667,True,1.0,0.5530380072357601,0.45650238201202215,0.5047701946238912,0.6241298462302823,-0.03944444444444439,-0.04351851851851851,0.3600372561422153,0.1353166790445478,0.20069482459384647,0.808758301934576,0.09653562522373799,0.004074074074074119,0.07343776715114145,0.47147289654568975,0.1261320425017759,0.10894257948444756,0.0,0.878867426420532,0.6076127047459609,0.2832859716094594,0.2903343531145286,0.38576372790935626,sad,04,19,19,male,normal,2238
20,0.6673333333333333,True,1.0,0.4748777528155028,0.41765049811847843,0.4462641254669906,0.6995868757640228,-0.044212962962963065,-0.047361111111111076,0.34822710436908855,0.15667890318774397,0.19941615374813357,0.6378966514768063,0.05722725469702439,0.003148148148148011,0.06156349620760522,0.4142944676848661,0.12520217975797737,0.1094891780569994,0.0,0.7071067807446058,0.6074061822150735,0.28550979498631973,0.2858522018610154,0.37807272555207627,sad,04,19,19,male,normal,2238
30,1.0010000000000001,True,1.0,0.336186964189851,0.29428359340357974,0.31523527879671537,0.6427801549380845,-0.055324074074074026,-0.05833333333333346,0.3521475618307754,0.1466229296666908,0.20367047947650632,0.49042472200636045,0.041903370786271266,0.0030092592592594336,0.04509491074485889,0.46486945349618547,0.12351732986554029,0.11189837797287575,0.0,0.766342313611842,0.5923388127985568,0.2868929938813858,0.27780943830554433,0.37355306852072057,sad,04,19,19,male,normal,2238
40,1.3346666666666667,True,1.0,0.4135988600232602,0.38581872953608226,0.39970879477967125,0.6145458905138421,-0.0494444444444444,-0.05759259259259264,0.35228613209820914,0.1530249659632066,0.20487042134711556,0.6504132579024514,0.027780130487177923,0.008148148148148238,0.06961082592175631,0.501217030201919,0.12494679302834719,0.11029993962928142,0.0,0.8119253993361742,0.5844182587488121,0.2866157910367131,0.2966072021442909,0.3827861569212697,sad,04,19,19,male,normal,2238
50,1.6683333333333334,True,1.0,0.2727641317752328,0.2515919412766251,0.26217803652592897,0.6938861726079061,-0.051574074074073994,-0.05236111111111108,0.365573803933062,0.16956552250534335,0.1861701327690947,0.3778401225961276,0.02117219049860769,0.000787037037037086,0.0630040010562634,0.42196972415342315,0.12423996913013073,0.11075197490710188,0.0,0.6717069193680992,0.6166093057691828,0.28740228386300615,0.26918327323805963,0.36990685739459767,sad,04,19,19,male,normal,2238
60,2.0020000000000002,True,1.0,0.413793103448277,0.3677182049614979,0.39075565420488745,0.6642002194258589,-0.03513888888888894,-0.0377777777777778,0.365715022498805,0.15551527012737323,0.1826894273605714,0.5883100348004408,0.04607489848677915,0.0026388888888888573,0.06342360999933788,0.4621523696606599,0.13019295883022253,0.1038723605890407,0.0,0.7071067807446058,0.5614897553787142,0.2646538623583374,0.28975772376678194,0.33819684400754474,sad,04,19,19,male,normal,2238
70,2.3356666666666666,True,1.0,0.2913200572904264,0.2634872899737758,0.2774036736321011,0.7000518473439042,-0.048240740740740695,-0.04902777777777778,0.34419690704390565,0.19937214938125605,0.18613119697045138,0.39626161217145545,0.02783276731665063,0.000787037037037086,0.05671939988041999,0.4648849359111333,0.1269553229598299,0.10798205287320546,0.0,0.7421875719983582,0.6039692436271384,0.28312183547190617,0.29364897564854014,0.3841796751116346,sad,04,19,19,male,normal,2238
80,2.6693333333333333,True,1.0,0.45147601456497893,0.40723496332889103,0.429355488946935,0.7149290236309684,-0.03657407407407409,-0.0411111111111111,0.34988587825498474,0.1749618570053444,0.1861311969704515,0.6005568032003124,0.0442410512360879,0.004537037037037006,0.05496144114702222,0.453214472169411,0.12621909899308045,0.10884170533311399,0.0,0.7050675628045759,0.6037201664024985,0.282443951446701,0.2909932735223655,0.382105368141447,sad,04,19,19,male,normal,2238
90,3.003,True,1.0,0.48153346818218,0.4125235606137243,0.44702851439795216,0.7331384635270694,-0.03749999999999998,-0.04092592592592603,0.3537963725253281,0.19326775837243484,0.18472593936351148,0.6097463666649469,0.06900990756845571,0.0034259259259260544,0.051374823156407165,0.43589180079903045,0.12750338565585687,0.1073343580448873,0.0,0.6940189646868019,0.6060253325236344,0.2822957088710318,0.2958060381296159,0.3848280317837587,sad,04,19,19,male,normal,2238
100,3.336666666666667,True,1.0,0.4898049484145794,0.44183834735927124,0.4658216478869253,0.7362317007934356,-0.03629629629629627,-0.040879629629629655,0.3551600520580176,0.19408318828414434,0.18475567380152827,0.6327106634839414,0.047966601055308145,0.004583333333333384,0.05905109522291985,0.41692304421451204,0.12656890095831758,0.10843473189274944,0.0,0.9520528099415637,0.6057213553937201,0.28298739518850496,0.2915637882654311,0.38068133165593965,sad,04,19,19,male,normal,2238
0,0.0,True,1.0,0.4953520996765664,0.5204257624606884,0.5078889310686274,0.7080370659043408,-0.04546296296296304,-0.0444444444444444,0.34827374985605125,0.2768377403042704,0.18901359580270605,0.7173196934540792,0.025073662784121986,0.0010185185185186407,0.05503017208223376,0.4328623746697903,0.12662875160509113,0.10836483302968185,0.0,0.7188508670539882,0.609869452851453,0.2829564200158671,0.29737515096822625,0.39077576435955824,sad,04,19,19,male,normal,2239
10,0.33366666666666667,True,1.0,0.5187125697029025,0.5415733868364131,0.5301429782696578,0.9217386443298616,-0.04666666666666669,-0.04666666666666669,0.3400175912469057,0.36690113398929325,0.18832217203111168,0.5751554212583672,0.022860817133510625,0.0,0.03718775126849128,0.34386311874057834,0.1261278988118964,0.10894737680103911,0.0,0.7600350452040118,0.6045022985522335,0.28495091316787985,0.2980811884198781,0.3878532133763417,sad,04,19,19,male,normal,2239
20,0.6673333333333333,True,1.0,0.503727920184798,0.5138888888888894,0.5088084045368437,0.7953823126333399,-0.04532407407407402,-0.04578703703703707,0.34842194169152974,0.2980279083933956,0.19274000302833116,0.6397029409068558,0.010160968704091444,0.00046296296296305384,0.021934258478626793,0.385126760592323,0.12629987474093152,0.1087479627899862,0.0,0.6395050595144107,0.6041285546953156,0.28237165664057534,0.2957025882299116,0.39021593610586036,sad,04,19,19,male,normal,2239
30,1.0010000000000001,True,1.0,0.3238840212626482,0.34635880895188037,0.3351214151072643,0.7316704871002911,-0.05824074074074065,-0.05768518518518512,0.3605152377839905,0.250176738900558,0.19105246104748136,0.4580223215444915,0.022474787689232167,0.0005555555555555314,0.036331657621510534,0.4092325714031551,0.12591289150490229,0.10919579443983461,0.0,0.802126760045825,0.6046335058163891,0.28150068146298174,0.2924468313464473,0.3842966512273346,sad,04,19,19,male,normal,2239
40,1.3346666666666667,True,1.0,0.3773498082677211,0.3869377389344349,0.382143773601078,0.6746006951853885,-0.055694444444444435,-0.0557407407407407,0.36288784088162923,0.24920831324900541,0.1818891109485134,0.5664740287527575,0.009587930666713818,4.6296296296266526e-05,0.037179342686087004,0.44213464231794586,0.12763058391305324,0.10718307618601852,0.0,0.7046984365385813,0.6000160657856892,0.28303911149718913,0.29603564295052376,0.3886984857896051,sad,04,19,19,male,normal,2239
50,1.6683333333333334,True,1.0,0.3341859850811275,0.3497267759562828,0.34195638051870514,0.7677194371859952,-0.05518518518518528,-0.05490740740740746,0.3558948756757217,0.3013609165826439,0.17342596464391827,0.4454184223498557,0.015540790875155308,0.0002777777777778212,0.0263960088914948,0.3930485795225011,0.1253165937062946,0.10987961190392041,0.0,0.7820345401723661,0.5960852834180548,0.28475059382300993,0.2901628230423494,0.384709523998479,sad,04,19,19,male,normal,2239
60,2.0020000000000002,True,1.0,0.24555248616866346,0.24761799603797682,0.24658524110332014,0.603384288473966,-0.0501388888888889,-0.04768518518518522,0.3745471572747827,0.1901403663507316,0.1672921713650803,0.4086703048350247,0.0020655098693133644,0.00245370370370368,0.022063164896891453,0.513893175748935,0.12718941016465513,0.10770622875408553,0.0,0.7634027121673972,0.583349591141144,0.2843501748870964,0.2968397924475784,0.3849962120300819,sad,04,19,19,male,normal,2239
70,2.3356666666666666,True,1.0,0.32513381125561214,0.3441334876025234,0.33463364942906776,0.6935644126094811,-0.052731481481481435,-0.053657407407407376,0.36422569545218275,0.2734084360347577,0.17243649951858503,0.48248388086988947,0.018999676346911243,0.0009259259259259411,0.01173871698490417,0.45470713853966327,0.12712507532143774,0.107782155272568,0.0,0.6720008116285829,0.6254258798363096,0.27867007313160913,0.29736623157632075,0.3913530192807309,sad,04,19,19,male,normal,2239
80,2.6693333333333333,True,1.0,0.3994491248968673,0.41576167217398396,0.40760539853542566,0.8279690540142148,-0.04662037037037042,-0.048333333333333284,0.36992160720641903,0.38763799553252565,0.16346350455845138,0.49229545060802204,0.016312547277116674,0.0017129629629628607,0.018431382598064917,0.3663569905423112,0.12681374906640208,0.10814828162420395,0.0,0.8800017261921473,0.6252812259200556,0.27938906869173763,0.308654661487149,0.3969580199958624,sad,04,19,19,male,normal,2239
90,3.003,True,1.0,0.4040184614625916,0.3788774326942003,0.391447947078396,0.7933643729786782,-0.04333333333333328,-0.041435185185185075,0.3699586341974485,0.35102698623688994,0.1634863729158229,0.4934024773619576,0.025141028768391305,0.0018981481481482043,0.03185520913670274,0.38749363309086216,0.12826127184838187,0.10642755242237602,0.0,0.8481100826073931,0.6248555027557899,0.278415301318881,0.3076315233116415,0.3948066396115129,sad,04,19,19,male,normal,2239
100,3.336666666666667,True,1.0,0.3950760591592591,0.40559706661692446,0.4003365628880918,0.7510159973335794,-0.042824074074074125,-0.041944444444444395,0.3668221648140328,0.29112343857058703,0.1692416341001547,0.5330599671770693,0.010521007457665377,0.0008796296296297301,0.026354310397293478,0.4199054778554256,0.12814080500454167,0.10657256618693611,0.0,0.7071067807446058,0.6246327231126826,0.2803500684834034,0.3019068689836107,0.3892533635138561,sad,04,19,19,male,normal,2239
0,0.0,True,1.0,0.5612508977340174,0.554990505247097,0.5581207014905571,0.8246051168710867,-0.04527777777777775,-0.049537037037037046,0.35701558017739055,0.37736166365286977,0.17580557530590998,0.6768339051888397,0.006260392486920341,0.004259259259259296,0.01853360321023962,0.35316118939747465,0.12698992319643915,0.10794135990068013,0.0,0.7915419538470718,0.6301724890815702,0.2785271309261927,0.2881415315942869,0.3794540001932724,sad,04,19,19,male,normal,2240
10,0.33366666666666667,True,1.0,0.49281260080122474,0.49364782241268074,0.49323021160695274,0.7981367774685041,-0.04944444444444451,-0.05277777777777787,0.3583490504199993,0.357768627122029,0.17862647713442123,0.6179770504641562,0.000835221611455994,0.003333333333333355,0.022187997457434,0.3701267897026754,0.12780802639862934,0.10697142683384306,0.0,0.857406905121585,0.623477653280062,0.28031051288970543,0.29062814426127404,0.3782310066227899,sad,04,19,19,male,normal,2240
20,0.6673333333333333,True,1.0,0.3896911380652577,0.36368145090858767,0.3766862944869227,0.8065726545658588,-0.060694444444444384,-0.06217592592592597,0.3609645740162971,0.34175254248577397,0.18140189284711342,0.46702090921948713,0.026009687156670014,0.0014814814814815835,0.004734070568489985,0.36227167158625495,0.127553874798879,0.10727435292011753,0.0,0.8533642814279812,0.6180919835121548,0.2781849274250464,0.30012892238442596,0.3851864148093683,sad,04,19,19,male,normal,2240
30,1.0010000000000001,True,1.0,0.3398090609342757,0.34161205460864297,0.3407105577714593,0.7781070840425028,-0.06796296296296295,-0.07495370370370369,0.3525186006712944,0.2847135335872938,0.20419693287833285,0.43787103955070605,0.0018029936743672592,0.006990740740740742,0.03323495224277321,0.3931872271681919,0.12352062596077083,0.11189473952068106,0.0,0.8051646357915123,0.6081910197594663,0.28459211098238224,0.29907229232209503,0.3889882029039032,sad,04,19,19,male,normal,2240
40,1.3346666666666667,True,1.0,0.36274224671324545,0.3569681462711381,0.3598551964921918,0.678334266242017,-0.06412037037037038,-0.06597222222222232,0.36297491325173004,0.27131653779036136,0.19659337423165416,0.5304983315759582,0.005774100442107355,0.0018518518518519378,0.010114465855660818,0.4504157232140146,0.1261581559108864,0.10891233845470148,0.0,0.7515171218633461,0.6089979642403837,0.2847087807482949,0.3074340442775293,0.3949847803256316,sad,04,19,19,male,normal,2240
50,1.6683333333333334,True,1.0,0.3763599896762334,0.3998119776654914,0.38808598367086244,0.8341100437618182,-0.048101851851851896,-0.04824074074074064,0.3611272626427206,0.2392938650136365,0.18206558918309676,0.4652695247746965,0.023451987989258016,0.00013888888888874407,0.00898850573326967,0.37807377049180324,0.12741804539315457,0.10743565273655695,0.0,0.6597641391283228,0.5983115508000075,0.2840442849263734,0.3049093003775708,0.3887347711256386,sad,04,19,19,male,normal,2240
60,2.0020000000000002,True,1.0,0.3903526942606039,0.38980788675648087,0.3900802905085424,0.7139967452516461,-0.04592592592592587,-0.04675925925925917,0.3408183021117869,0.24041163511742938,0.1820266136881089,0.5463334295327351,0.0005448075041230571,0.0008333333333332971,0.00582826053336446,0.4591534206109857,0.12533244041704847,0.10986153626008024,0.0,0.8717526355950714,0.6002103463182147,0.284011896789432,0.29848149368423244,0.38680594272782776,sad,04,19,19,male,normal,2240
70,2.3356666666666666,True,1.0,0.4201573443612401,0.3901942671420937,0.4051758057516669,0.7079087185849962,-0.041527777777777886,-0.042592592592592515,0.36966925146381857,0.20701824930787321,0.1799327836822381,0.5723560045447001,0.029963077219146372,0.0010648148148146297,0.012147604743835869,0.4355258498741872,0.13039422920783175,0.10380328877354905,0.0,0.7421958446321554,0.6005264427880528,0.28159051497482657,0.3070164762074376,0.3866882019796831,sad,04,19,19,male,normal,2240
80,2.6693333333333333,True,1.0,0.3985986507063215,0.39155423005141293,0.39507644037886724,0.5687085034588286,-0.042638888888889115,-0.04314814814814816,0.39841980273642413,0.09266188254134637,0.1806163926619766,0.69469058045739,0.0070444206549085675,0.0005092592592590428,0.011891897928106241,0.49072890601341607,0.1260512331774184,0.10903606919277205,0.0,0.8537850948665583,0.612216927028624,0.28315117429257086,0.30935197165327954,0.3913410520949161,sad,04,19,19,male,normal,2240
90,3.003,True,1.0,0.39068212012930476,0.3469496339503767,0.36881587703984076,0.4703344436776595,-0.0398148148148148,-0.039999999999999925,0.38322290583535507,0.044470544514923854,0.18268942736057145,0.784156640019769,0.043732486178928054,0.00018518518518512161,0.010461726098469173,0.5830953850425943,0.12544049137546887,0.10973814694062675,0.0,0.6933711439416164,0.6144270908519658,0.2827773689471929,0.3088102842620703,0.3910768498347147,sad,04,19,19,male,normal,2240
0,0.0,True,1.0,0.4896537434974001,0.43808701894385044,0.4638703812206253,0.7624381574795148,-0.04481481481481486,-0.05018518518518522,0.35251387233883036,0.28163678641985684,0.18126515292262468,0.6084039428903958,0.05156672455354966,0.005370370370370359,0.05688340387218687,0.4016382938360167,0.12809960051038957,0.10662209020580031,0.0,0.7938114605941587,0.6148775806885254,0.28371616407351774,0.2960664148672276,0.3878359483685964,sad,04,19,19,male,normal,2241
10,0.33366666666666667,True,1.0,0.471725087925472,0.41479635760464184,0.4432607227650569,0.739502160518281,-0.0404166666666666,-0.04597222222222219,0.3471984902229636,0.26963538854992364,0.1826426484301614,0.5994042295351741,0.05692873032083018,0.005555555555555591,0.06699591120656809,0.4067096293635388,0.1283112493157272,0.1063672932335911,0.0,0.6853215701602939,0.6130902339295092,0.2838448485399867,0.2967609557795282,0.3866460076355585,sad,04,19,19,male,normal,2241
20,0.6673333333333333,True,1.0,0.495444124876918,0.4424712706890103,0.46895769778296414,0.688433917009234,-0.04185185185185186,-0.047870370370370396,0.3532747291007213,0.2593045700207461,0.18194821833481406,0.6811949356305088,0.0529728541879077,0.006018518518518534,0.06594903329966383,0.45810009052547385,0.1278133695095996,0.1069650426328333,0.0,0.7163638089637503,0.6168424121523609,0.28343157459577467,0.2953351756190225,0.3852535005546672,sad,04,19,19,male,normal,2241
30,1.0010000000000001,True,1.0,0.45816035745174605,0.39865344614127857,0.4284069017965123,0.8326766636726015,-0.042731481481481426,-0.047962962962962985,0.3501131894288015,0.2957186257408497,0.18125168372062783,0.5144937050439026,0.05950691131046748,0.005231481481481559,0.06103793874968864,0.37124210779373673,0.12613070024243087,0.10876911454741851,0.0,0.7004679159426224,0.6177951443936949,0.2852428862221191,0.2916495513964432,0.3837207603311232,sad,04,19,19,male,normal,2241
40,1.3346666666666667,True,1.0,0.4253351804915195,0.3508610736984571,0.3880981270949883,0.8680238437214914,-0.0407870370370369,-0.04560185185185189,0.3494796372686181,0.32640073350780213,0.17500000000000004,0.4471053760817093,0.07447410679306243,0.004814814814814994,0.06434102504664838,0.373620639452898,0.12813827388277585,0.10657560948536458,0.0,0.7905279066764104,0.615592969211122,0.2842143103717378,0.29167615938308583,0.38156315135682783,sad,04,19,19,male,normal,2241
50,1.6683333333333334,True,1.0,0.46634618654342397,0.4050514765524164,0.4356988315479202,0.6799028718080496,-0.041805555555555485,-0.04865740740740743,0.37374652547578924,0.22833304435759713,0.17569487868612624,0.6408251084294976,0.06129470999100756,0.006851851851851942,0.06971273661929894,0.4317854826126982,0.12879503338337064,0.10578098669732768,0.0,0.6862044488401133,0.6153884448701356,0.2825986480274247,0.29754433368719563,0.38499697286331186,sad,04,19,19,male,normal,2241
60,2.0020000000000002,True,1.0,0.4883611230015954,0.4299304149491275,0.4591457689753614,0.5830279124396364,-0.03847222222222224,-0.044861111111111074,0.3679078335913548,0.1824824253356136,0.17917049906572252,0.787519360872622,0.05843070805246792,0.006388888888888833,0.06368612074738725,0.5089465415139492,0.12688731391026548,0.10806196064899529,0.0,0.9999999987499999,0.6133098436093188,0.2845580116570528,0.292545289720952,0.38694386838401007,sad,04,19,19,male,normal,2241
70,2.3356666666666666,True,1.0,0.48950253858022186,0.40710320489854257,0.4483028717393822,0.6073083140636888,-0.04092592592592598,-0.0475000000000001,0.3631808340383375,0.21532708681736185,0.17847222222222225,0.7381800336959794,0.08239933368167929,0.006574074074074121,0.0670962790239153,0.5064174707053224,0.12888500016985652,0.10567135137818887,0.0,0.7901441921961282,0.6131139281415693,0.28376149352433067,0.29743018747549554,0.38842138146251065,sad,04,19,19,male,normal,2241
80,2.6693333333333333,True,1.0,0.27294440009147974,0.24981836708276003,0.2613813835871199,0.6955321157232289,-0.04930555555555549,-0.052453703703703725,0.3528416849776132,0.23575103680534357,0.17847264970529494,0.37580059594420023,0.02312603300871971,0.003148148148148233,0.06575000567894047,0.4446073149553454,0.1275038915245332,0.10733375711649872,0.0,0.7377231814749332,0.612349293029712,0.2829248665260953,0.29877955860992517,0.39087556475090635,sad,04,19,19,male,normal,2241
90,3.003,True,1.0,0.31071244265297293,0.29119053793365945,0.3009514902933162,0.6909315983625485,-0.05296296296296288,-0.0558333333333334,0.3593393318459865,0.23397107172578535,0.17570139218256636,0.4355734938256503,0.019521904719313476,0.002870370370370523,0.060001476946381235,0.437272763269192,0.1268022512212194,0.10816176244775097,0.0,0.7902899790699672,0.6154281642891533,0.2828413043524596,0.2984950376141121,0.3927835526852335,sad,04,19,19,male,normal,2241
100,3.336666666666667,True,1.0,0.4192215239031415,0.37318314993260926,0.3962023369178754,0.7077586340268809,-0.042037037037037095,-0.0476388888888889,0.35395954081906,0.25574236836071124,0.17569487868612624,0.5597986628063197,0.04603837397053223,0.005601851851851802,0.06608359376532175,0.4394707469609675,0.12849244328831277,0.1061483386049909,0.0,0.7493310478902913,0.6152346445140555,0.28178957522990805,0.2978252008925297,0.3900236876420309,sad,04,19,19,male,normal,2241
0,0.0,True,1.0,0.3313084844421237,0.3401440290857956,0.3357262567639596,0.633590184864252,-0.04717592592592573,-0.04717592592592601,0.4295077132769593,0.11311828063867368,0.18138633073239693,0.5298791944447335,0.008835544643671922,2.7755575615628914e-16,0.02229733299675605,0.4823761029364061,0.127623849326121,0.10719109503094625,0.0,0.8425319996501288,0.608332261256065,0.2803496076636256,0.3217665589437972,0.4039725677062532,sad,04,19,19,male,strong,2242
10,0.33366666666666667,True,1.0,0.3334051024588579,0.3766753900895531,0.3550402462742055,0.6248938215323535,-0.04689814814814808,-0.0474074074074074,0.41703542594583565,0.14445554989172393,0.1827896276135042,0.5681609163674912,0.04327028763069518,0.0005092592592593204,0.03314263010349796,0.48172359047689534,0.1272103559381533,0.10768148918320711,0.0,0.7976270172641737,0.6067371906028037,0.2808778928532905,0.3177463382173132,0.3980383379111192,sad,04,19,19,male,strong,2242
20,0.6673333333333333,True,1.0,0.31829125916688944,0.30632065643038586,0.3123059577986377,0.4469143069205221,-0.04643518518518508,-0.04546296296296298,0.44679391281798,0.08716998262600299,0.18759153039354048,0.6988050124208202,0.011970602736503577,0.0009722222222220966,0.03236936851247729,0.6998566836855555,0.12754319921928567,0.10728704536760053,0.0,0.7213547068855952,0.6074609323885805,0.28064305174002346,0.3175447778040432,0.39790059446132775,sad,04,19,19,male,strong,2242
30,1.0010000000000001,True,1.0,0.30367176249385786,0.31581123343326667,0.30974149796356226,0.6086352827572356,-0.04513888888888884,-0.04587962962962966,0.4778487739288167,0.08111929406184529,0.18482792506197773,0.508911505360605,0.012139470939408814,0.0007407407407408195,0.023319755992624015,0.5154211871905497,0.12593787704802076,0.1091669771276695,0.0,0.7181415697562964,0.6157492750850341,0.28213796233717003,0.32567752784028386,0.4157291280371569,sad,04,19,19,male,strong,2242
40,1.3346666666666667,True,1.0,0.33177818685021637,0.3701937070478209,0.35098594694901863,0.7194559457746416,-0.04537037037037045,-0.04842592592592598,0.4149836910677129,0.1618704745070017,0.18414755196368424,0.48784911572467504,0.038415520197604525,0.0030555555555555336,0.028019130337202,0.43251731965740847,0.12489547362126945,0.11035804655600778,0.0,0.7474613520674043,0.6599451001572504,0.3006387351925573,0.2903554496087689,0.4130292044512973,sad,04,19,19,male,strong,2242
50,1.6683333333333334,True,1.0,0.30296101507094436,0.31533659948949466,0.30914880728021954,0.9122859347754937,-0.04560185185185189,-0.04888888888888887,0.4266374087569637,0.16737701507748828,0.18408746739003493,0.3388727102937289,0.0123755844185503,0.0032870370370369772,0.028837531793914923,0.33451625178353517,0.1281556654348959,0.10655469575748272,0.0,0.668905585238043,0.5800192345219338,0.29139750928009406,0.3086004599579958,0.3886233878167289,sad,04,19,19,male,strong,2242
60,2.0020000000000002,True,1.0,0.14320244358440998,0.1454725803634346,0.1443375119739223,0.4503387427517283,-0.04560185185185195,-0.04472222222222233,0.41016472561602413,0.07703162704963741,0.1937818931663653,0.3205087598992023,0.0022701367790246285,0.0008796296296296191,0.025224240759479512,0.6957236842105263,0.12229106977202478,0.11323723779790783,0.0,0.8347073688456711,0.5878258336303271,0.2877961568383434,0.2984279785480051,0.38526851785112676,sad,04,19,19,male,strong,2242
70,2.3356666666666666,True,1.0,0.2755373347726057,0.2580645161290335,0.2668009254508196,0.5801416105344633,-0.044999999999999984,-0.0440740740740741,0.4333625972162729,0.11155916752413571,0.19262903852213908,0.45988931082710244,0.017472818643572197,0.0009259259259258856,0.014935357604271636,0.5627957085307175,0.12721799928760724,0.10767245900299284,0.0,0.8680868356335558,0.585615605992397,0.28630274183292326,0.32465711798491703,0.398724450426533,sad,04,19,19,male,strong,2242
80,2.6693333333333333,True,1.0,0.32183304942951935,0.3058810539292682,0.31385705167939376,0.7682638924235022,-0.04810185185185201,-0.043888888888888866,0.385146661036488,0.20147757922986567,0.19889095009340102,0.4085276618810316,0.01595199550025117,0.0042129629629631404,0.013893997136350521,0.4152121041169008,0.12631563370803955,0.10872965764477488,0.0,0.777633558398628,0.5822107942317551,0.2878905814221146,0.31801181781674137,0.3868770852647389,sad,04,19,19,male,strong,2242
90,3.003,True,1.0,0.2562072422870066,0.25795849262295883,0.2570828674549827,0.5078026395846825,-0.04245370370370383,-0.044120370370370365,0.4638051318785704,0.04144235550732343,0.19187712241237034,0.5062653232075429,0.001751250335952248,0.0016666666666665386,0.0075311156557371,0.597130171001296,0.12672791586581994,0.10824884808082519,0.0,0.7450659512717774,0.5844158113167142,0.28589363704140813,0.32377766331955066,0.3960824112068809,sad,04,19,19,male,strong,2242
100,3.336666666666667,True,1.0,0.2462371848923107,0.22967384959465595,0.23795551724348332,0.39398016142142134,-0.04361111111111127,-0.04518518518518516,0.44263679744966894,0.0546594491503616,0.19531123167026457,0.6039784246622355,0.016563335297654747,0.0015740740740738945,0.013652008282936057,0.7823637588949984,0.12717642241559904,0.10772156400738166,0.0,0.704686729745693,0.5801785631205607,0.2842310868254345,0.3236556077653314,0.3952820864523053,sad,04,19,19,male,strong,2242
110,3.6703333333333332,True,1.0,0.27318009266255,0.28207466391641733,0.2776273782894837,0.42893186658340815,-0.04546296296296304,-0.047175925925925954,0.4373976288374052,0.027469929535400502,0.18992147507270835,0.6472528620941189,0.008894571253867334,0.0017129629629629162,0.021578583316044616,0.7209349814899533,0.12813250854059527,0.10658254090453273,0.0,0.8534504732778155,0.578456166208671,0.2838867486395191,0.3239488784200513,0.3960074489229499,sad,04,19,19,male,strong,2242
0,0.0,True,1.0,0.32705229233970246,0.33128574592841475,0.3291690191340586,0.5533493289193724,-0.04648148148148146,-0.04462962962962963,0.41598683571627476,0.13538428919429624,0.18543682774578082,0.5948665733035005,0.004233453588712299,0.0018518518518518268,0.00047752309484011405,0.5509034505007657,0.12694537074325937,0.10799375267835595,0.0,0.7050450301593348,0.609541783283626,0.28242439103076367,0.311287242022314,0.392196540169049,sad,04,19,19,male,strong,2243
10,0.33366666666666667,True,1.0,0.3109692533452691,0.3091813936699523,0.3100753235076107,0.38804867643568186,-0.04249999999999998,-0.04337962962962966,0.39564774635468014,0.11264075137694969,0.18197840664028841,0.7990629586878772,0.0017878596753168052,0.0008796296296296746,0.000733270229609819,0.7801135210822616,0.1284520555498699,0.10619720898357267,0.0,0.6712300440814936,0.6104179418251676,0.2831652971998273,0.3134821422895742,0.38958872496220337,sad,04,19,19,male,strong,2243
20,0.6673333333333333,True,1.0,0.29629678642253504,0.29539760155823813,0.2958471939903866,0.4415003842991144,-0.04004629629629636,-0.04425925925925922,0.4349670929570837,0.09056418139468995,0.1826894273605715,0.6700949863498907,0.0008991848642969091,0.004212962962962863,0.0013640499030333555,0.70673076923077,0.12785426880259398,0.10691615275429896,0.0,0.6598014022978123,0.6093263442486371,0.2817789500162798,0.3178078291693957,0.3966945993412493,sad,04,19,19,male,strong,2243
30,1.0010000000000001,True,1.0,0.31008833761655663,0.324716277359843,0.3174023074881998,0.610625023950558,-0.044212962962963065,-0.044907407407407396,0.450247637981088,0.07632812799382029,0.1910297419690029,0.5197990502169458,0.014627939743286356,0.000694444444444331,0.0009056769006279651,0.4821428571428572,0.1302736236826323,0.10395460905442756,0.0,0.8478444571110056,0.5469401093171644,0.2532658338399692,0.3274121812703363,0.35683280272904505,sad,04,19,19,male,strong,2243
40,1.3346666666666667,True,1.0,0.329463689024165,0.2914767189432971,0.31047020398373104,0.5621367223708115,-0.04402777777777772,-0.045925925925925926,0.4204277760190627,0.09565544785701399,0.1839442289379254,0.5523037219029617,0.03798697008086793,0.0018981481481482043,0.020699692652636652,0.5540611407699677,0.12053516964771052,0.11293227762662025,0.0,0.8075839325968698,0.652781998314951,0.30610112933730227,0.29129495134435934,0.40940976347490676,sad,04,19,19,male,strong,2243
50,1.6683333333333334,True,1.0,0.3853401306929923,0.32183908045976994,0.3535896055763811,1.0146653847080724,-0.055509259259259314,-0.05495370370370373,0.3910836911973874,0.29168745836214544,0.19043518634233936,0.3484790265887623,0.06350105023322233,0.0005555555555555869,0.021882348852615238,0.29554771046181927,0.12307050055722461,0.11119668174006607,0.0,0.7341286651760874,0.6544316558967338,0.30652877117688715,0.29748894046692803,0.41709717447209055,sad,04,19,19,male,strong,2243
60,2.0020000000000002,True,1.0,0.27687706433817133,0.22979947665236014,0.25333827049526575,0.5617078436715492,-0.046111111111111214,-0.046064814814814836,0.38338824897147344,0.09796391673838727,0.18782381455231453,0.4510143010276384,0.04707758768581119,4.629629629637755e-05,0.03304919660394826,0.5513366649114904,0.12441098696094866,0.11004164827964992,0.0,0.7071067807446058,0.6077426308726616,0.2879804597179455,0.2758069580467019,0.3592118622593748,sad,04,19,19,male,strong,2243
70,2.3356666666666666,True,1.0,0.22621581342130306,0.21271451164622582,0.21946516253376444,0.5367244797418149,-0.0429166666666666,-0.04157407407407404,0.42184426492757826,0.0715576737406737,0.1972469785909827,0.4088972476890482,0.013501301775077246,0.001342592592592562,0.006063308310885328,0.5891326911736486,0.1260201714198174,0.10907196782823117,0.0,0.6737024644542803,0.5829554120398159,0.28753474594730793,0.31437341153357884,0.38523919161484643,sad,04,19,19,male,strong,2243
80,2.6693333333333333,True,1.0,0.2310703368752196,0.23031048411182464,0.23069041049352212,0.7208043211429483,-0.04921296296296296,-0.05069444444444443,0.37471853227316315,0.17351755252671888,0.1881960660357054,0.3200458206572989,0.0007598527633949637,0.0014814814814814725,0.012958977129974592,0.4203312503671372,0.12593018452960178,0.10917585078659349,0.0,0.7029827923389453,0.5845466799844939,0.28618866310754026,0.3109364574851688,0.3830516994909941,sad,04,19,19,male,strong,2243
90,3.003,True,1.0,0.363494074985542,0.3358099315872895,0.34965200328641577,0.5958413313359231,-0.05611111111111111,-0.05277777777777776,0.43571006402718115,0.07303786814422947,0.20557374157803746,0.5868206599607122,0.02768414339825248,0.003333333333333355,0.016208034883319386,0.5017677718435087,0.12713563624464824,0.10776969781574641,0.0,0.7042825622141313,0.5909729114770909,0.2856150815706572,0.3215382549203317,0.3965940600534521,sad,04,19,19,male,strong,2243
100,3.336666666666667,True,1.0,0.14403692441244664,0.14179141732756195,0.1429141708700043,0.39789003080711355,-0.0508333333333334,-0.050277777777777755,0.43826995027858073,-0.011362418493078286,0.1896320210632777,0.35918007440423977,0.0022455070848846903,0.0005555555555556424,0.016605091688472035,0.7438539087966372,0.1268257070028912,0.10813425828046709,0.0,0.8806733113678531,0.590272234237445,0.28359632508388094,0.3173261043564365,0.387902644402535,sad,04,19,19,male,strong,2243
0,0.0,True,1.0,0.41451756723275135,0.3784056585982517,0.3964616129155015,0.7942631114153166,-0.04689814814814808,-0.05037037037037034,0.39386662817930407,0.2080212910849641,0.18373281708503172,0.499156522841703,0.036111908634499645,0.0034722222222222654,0.011301697327711734,0.4017857142857142,0.1284583958002547,0.10618953959387668,0.0,0.8376202140479968,0.6121363471326031,0.2843151097904759,0.32404129151256783,0.4041166924216105,sad,04,19,19,male,strong,2244
10,0.33366666666666667,True,1.0,0.3940631984809312,0.32613885500009104,0.36010102674051114,0.7359740899675509,-0.04587962962962949,-0.05111111111111116,0.3976912879321054,0.1966827309396043,0.18079570221803964,0.4892849240880043,0.06792434348084014,0.00523148148148167,0.016159077752206045,0.43676285146692795,0.12655425045232027,0.10845183015099386,0.0,0.6985395472126991,0.6090315171224739,0.2867929525466513,0.30972476451024766,0.39586671257360867,sad,04,19,19,male,strong,2244
20,0.6673333333333333,True,1.0,0.4255267182773856,0.4007752069211721,0.41315096259927886,0.3813504853872113,-0.0462499999999999,-0.04842592592592598,0.3845415047360675,0.15753371881955036,0.18275907338966782,1.0833891090495882,0.024751511356213507,0.002175925925926081,0.03311340679081172,0.7776057842503312,0.1313073407777524,0.10264579888663691,0.0,0.6692438697131297,0.6063591320668892,0.2856116052159922,0.3030545277804301,0.37777671211459657,sad,04,19,19,male,strong,2244
30,1.0010000000000001,True,1.0,0.4937223836876803,0.42993082103826163,0.46182660236297096,1.056018036476743,-0.04967592592592596,-0.05106481481481484,0.365144776472153,0.347222222222222,0.17608925775733988,0.43732832812571176,0.06379156264941865,0.001388888888888884,0.017750187803460778,0.2962151013570835,0.12761649554839702,0.10719984997630554,0.0,0.8185253453023649,0.633139119483731,0.28516407464354665,0.2890415535264528,0.37024753511168984,sad,04,19,19,male,strong,2244
40,1.3346666666666667,True,1.0,0.4347037746334158,0.3527648846100428,0.3937343296217293,0.648332917779924,-0.04601851851851857,-0.04712962962962963,0.38387287124296965,0.1620832294449815,0.18181195146737045,0.6073026971543993,0.08193889002337301,0.0011111111111110628,0.03439684911367885,0.47292309099894936,0.12903493949340195,0.10548820863478209,0.0,0.681417580582776,0.6191720555956758,0.28386387984598105,0.29951079084636467,0.3707857466061258,sad,04,19,19,male,strong,2244
50,1.6683333333333334,True,1.0,0.3827762534303793,0.33515482695810556,0.3589655401942424,0.663976943167183,-0.0463425925925926,-0.05023148148148149,0.41465372063546835,0.16296763602859032,0.18434197496654933,0.5406295262030784,0.04762142647227374,0.003888888888888886,0.03334692029364569,0.45034360796999384,0.13224239891181427,0.10143828518615719,0.0,0.6402860596089129,0.6193279454438025,0.2832936777565422,0.3062120929180267,0.38011047487644983,sad,04,19,19,male,strong,2244
60,2.0020000000000002,True,1.0,0.34567152106619214,0.31530966757682766,0.3304905943215099,0.6208582567193717,-0.04273148148148148,-0.04777777777777781,0.41236450511060935,0.1704213129308923,0.18381377182538206,0.5323124734908565,0.030361853489364488,0.0050462962962963265,0.026513597930285765,0.5183508257490557,0.12674403471620027,0.10822997475096462,0.0,0.813766412391723,0.6161952365868223,0.28291613683344763,0.3178591702393144,0.39748583160602374,sad,04,19,19,male,strong,2244
70,2.3356666666666666,True,1.0,0.4274883690109554,0.3785826082515725,0.4030354886312639,0.8195143592131896,-0.0442129629629629,-0.048888888888888926,0.3626366054041175,0.29858231405129104,0.18113310427484233,0.49179795826666867,0.048905760759382855,0.004675925925926028,0.021327360816801227,0.3816630178420462,0.1263855721480392,0.10864835444528269,0.0,0.7260936130621302,0.6183555758709736,0.2877432260909043,0.3030427175929955,0.38462005881746497,sad,04,19,19,male,strong,2244
80,2.6693333333333333,True,1.0,0.34775844270848555,0.3325466651204878,0.3401525539144867,0.3749398129071374,-0.04268518518518516,-0.04782407407407396,0.4163290744803517,0.09069631554756899,0.1873341119301814,0.907219084783438,0.015211777587997743,0.005138888888888804,0.03180280172879487,0.7982556959911516,0.13005015906887762,0.10423403425608946,0.0,0.6455451009454369,0.5871894683811023,0.2914269525653317,0.3150690026079499,0.3860871687328467,sad,04,19,19,male,strong,2244
90,3.003,True,1.0,0.34198134274576697,0.31548857783100415,0.32873496028838556,0.4324012383091692,-0.044861111111111074,-0.049490740740740835,0.41567740877455195,0.06606130029723403,0.18887469169768012,0.7602544376927485,0.026492764914762823,0.004629629629629761,0.021654392650324577,0.7187500000000001,0.12876009380501835,0.10582351352252971,0.0,0.6662157037880977,0.592068374412265,0.29066259870223016,0.30544024680156806,0.3763230747608187,sad,04,19,19,male,strong,2244
100,3.336666666666667,True,1.0,0.37554142574183,0.3437102044430641,0.35962581509244707,0.5011296831015563,-0.0475000000000001,-0.05018518518518511,0.3866305150724965,0.15412963630005705,0.1880819800284434,0.7176302406727866,0.03183122129876592,0.002685185185185013,0.009793264290683569,0.6348690913496596,0.12956474062916742,0.10483680535438666,0.0,0.6663841390959849,0.5922298456023034,0.28823956800410183,0.300366975123939,0.3749021740033854,sad,04,19,19,male,strong,2244
0,0.0,True,1.0,0.36796585807748144,0.3697217707454299,0.36884381441145564,0.6590059177888535,-0.04865740740740743,-0.05180555555555555,0.42953447055945837,0.19068132585707642,0.17836432124690907,0.5596972719896481,0.001755912667948445,0.003148148148148122,0.014910747112027284,0.47477396054098076,0.12757233973307505,0.1072523934734745,0.0,0.6614050436251833,0.6182711811599639,0.2823755631904002,0.31626748862578513,0.4089931582077367,sad,04,19,19,male,strong,2245
10,0.33366666666666667,True,1.0,0.3506222056287996,0.3499621948526357,0.3502922002407176,0.5300650115319939,-0.047453703703703554,-0.04921296296296296,0.4382115983172403,0.11828331819219225,0.1775806817928317,0.6608476179710543,0.0006600107761638996,0.0017592592592594047,0.015222183031901957,0.5753830303511653,0.12816165494354476,0.10654749163156294,0.0,0.7562876503197691,0.6160438948548169,0.2821444794000128,0.31530797357739615,0.39935007781059356,sad,04,19,19,male,strong,2245
20,0.6673333333333333,True,1.0,0.32892109952892506,0.34059126845598486,0.334756183992455,0.46927648516879633,-0.046759259259259334,-0.048333333333333284,0.4234865009833294,0.11721485902958609,0.17761032377218414,0.7133453189584918,0.011670168927059799,0.00157407407407395,0.016459900671595973,0.6762477981627619,0.12767050908592856,0.10713551642921139,0.0,0.661069901779659,0.6210492790944503,0.28253224260889287,0.30964502786667963,0.3995276815381838,sad,04,19,19,male,strong,2245
30,1.0010000000000001,True,1.0,0.3456715210661914,0.3257802706334334,0.3357258958498124,0.8084881810036646,-0.0467129629629629,-0.0474074074074074,0.40897765765959165,0.22042473906464888,0.17431281802046156,0.41525145789149226,0.019891250432758023,0.0006944444444444975,0.011310493049359724,0.4007236713460605,0.12521574787351322,0.10999451920393867,0.0,0.6550128139141442,0.6161474910432924,0.2853440401078043,0.30980851890750616,0.4019703713998942,sad,04,19,19,male,strong,2245
40,1.3346666666666667,True,1.0,0.29102997982542866,0.30757800206140984,0.29930399094341925,0.5231517571930291,-0.045277777777777695,-0.04856481481481484,0.4396694993411915,0.09095571707769555,0.1757795353139963,0.5721169561760338,0.016548022235981175,0.0032870370370371438,0.01042115398163958,0.5883886871672936,0.12680019110712654,0.10816417755311865,0.0,0.8417427860588701,0.6213326313572304,0.2814438852440789,0.31675807338071044,0.404691191043194,sad,04,19,19,male,strong,2245
50,1.6683333333333334,True,1.0,0.3085030148555049,0.32215032198371696,0.31532666841961093,0.5743046638278031,-0.04574074074074069,-0.049259259259259225,0.47880139940546607,0.09393292420379176,0.1786431338204418,0.5490581711768182,0.01364730712821205,0.003518518518518532,0.009152578752854478,0.5114460922034948,0.12875208511882613,0.10583325728979148,0.0,0.6805516043786217,0.6199767066357794,0.2814999446096111,0.3259056402962407,0.4150501952234974,sad,04,19,19,male,strong,2245
60,2.0020000000000002,True,1.0,0.2643557912569698,0.2758620689655173,0.27010893011124354,0.443341965685288,-0.04199074074074066,-0.04435185185185181,0.4155220950077857,0.0897732944759405,0.18212927311106017,0.6092564002907495,0.011506277708547508,0.002361111111111147,0.01621815894805647,0.7032779218901514,0.1251457240357571,0.11007418192204156,0.0,0.8350492394288243,0.6154631560671143,0.2847867368858978,0.3135749913327464,0.40131267688132616,sad,04,19,19,male,strong,2245
70,2.3356666666666666,True,1.0,0.32113577463254417,0.3376305742428643,0.32938317443770426,0.5359186276387954,-0.04351851851851851,-0.04703703703703699,0.4190882124655075,0.15471219307948034,0.1800307041767416,0.6146141549304491,0.016494799610320132,0.0035185185185184764,0.004855052890061878,0.5887648854932375,0.1281953682296168,0.10650692623120614,0.0,0.7141010454051949,0.6163514687046694,0.2823804164332156,0.3209689217005658,0.40487756378697226,sad,04,19,19,male,strong,2245
80,2.6693333333333333,True,1.0,0.37395239161644794,0.3615819209039548,0.3677671562602014,0.7694543764585572,-0.04379629629629628,-0.04675925925925917,0.3764374539989501,0.29848119552046143,0.1773110993101816,0.47795836570956113,0.012370470712493142,0.0029629629629628895,0.01006017118166869,0.3976106118423659,0.12756197786676904,0.1072647172817395,0.0,0.6835914151800303,0.6110256053046218,0.2875744350751637,0.3154218041843755,0.3944819788164856,sad,04,19,19,male,strong,2245
90,3.003,True,1.0,0.36707886552769603,0.34610463966807037,0.3565917525978832,0.6538907629272642,-0.04601851851851846,-0.050694444444444486,0.43242804350459696,0.16057347670250838,0.17654496410821927,0.5453384155505326,0.02097422585962566,0.004675925925926028,0.0032482390662007766,0.4837765661756109,0.1265244336627953,0.10848661418260966,0.0,0.6576190461463485,0.6143023010610495,0.2820445420955756,0.3187924321081267,0.4073506253906879,sad,04,19,19,male,strong,2245
100,3.336666666666667,True,1.0,0.3357502913172434,0.33724863022502277,0.3364994607711331,0.6500210244981286,-0.049444444444444346,-0.05078703703703702,0.4244456281446241,0.1741039915426056,0.18075995458352442,0.517674733722558,0.0014983389077793952,0.001342592592592673,0.009103749846210615,0.48211853611758565,0.12870038106203613,0.10589612686608715,0.0,0.7146386817637757,0.6121217478944704,0.28211003765210035,0.3209392660211747,0.407120684989187,sad,04,19,19,male,strong,2245
110,3.6703333333333332,True,1.0,0.35879938821456775,0.3744744851420043,0.366636936678286,0.5536958302681647,-0.04555555555555546,-0.04907407407407405,0.43536072659824404,0.11852421833554572,0.18153432709562806,0.662163080586533,0.01567509692743657,0.0035185185185185874,0.014577252690192851,0.5508178146680722,0.12720170642028752,0.10769170652559475,0.0,0.7071067807446058,0.6148300699654863,0.2815407354653445,0.3165938017646124,0.4023039993001859,sad,04,19,19,male,strong,2245
0,0.0,True,1.0,0.601868813855778,0.5741442713761007,0.5880065426159393,0.8538459150595834,-0.053009259259259256,-0.05319444444444438,0.35148995957022916,0.5108860811135992,0.1643356469671909,0.6886565037614624,0.02772454247967726,0.00018518518518512161,0.0010833458397971753,0.32314823607254767,0.12842698272172615,0.10622752882287485,0.0,0.9999999987499999,0.6327825045877726,0.27972633222423887,0.2959565022019272,0.3891338505428109,angry,05,19,19,male,normal,2246
10,0.33366666666666667,True,1.0,0.5696892919848485,0.5676911593889961,0.5686902256869223,0.7086240291398721,-0.05162037037037037,-0.05240740740740746,0.38222903707029016,0.354237917796341,0.17071905405840235,0.802527436696154,0.0019981325958524643,0.000787037037037086,0.0133827568997005,0.37832995474779185,0.1270149504095644,0.107911909180915,0.0,0.6764300765383633,0.6342024852128351,0.27993626948162564,0.289585482504552,0.3801252123413862,angry,05,19,19,male,normal,2246
20,0.6673333333333333,True,1.0,0.5987222298914086,0.572641054660474,0.5856816422759412,0.8748020620924328,-0.051990740740740726,-0.051712962962963016,0.354496838104796,0.4581566094658288,0.17068732137555298,0.6695018995211939,0.02608117523093456,0.0002777777777777102,0.006493899351122144,0.33923163192077554,0.12781317380153095,0.10625043333194077,0.0,0.7253616852019871,0.627588488168705,0.2805096176217625,0.30453772955264197,0.40025335594079625,angry,05,19,19,male,normal,2246
30,1.0010000000000001,True,1.0,0.2384292237679433,0.2653299934250972,0.25187960859652025,0.8036013410091853,-0.07967592592592593,-0.0842592592592592,0.46441436017975535,0.3171763080613318,0.19934383176905957,0.3134385120365811,0.026900769657153933,0.004583333333333273,0.008786074747579234,0.3702590707459238,0.11976323984706262,0.11524811651700864,0.0,0.8667192458342844,0.6298030712597539,0.28257675714210334,0.3125055594414613,0.43040029738557095,angry,05,19,19,male,normal,2246
40,1.3346666666666667,True,1.0,0.48772005588624656,0.4820843260876506,0.4849021909869486,1.0538213477190717,-0.048703703703703694,-0.05273148148148138,0.38353194782337213,0.45525611715280123,0.17439132410786193,0.4601369976386302,0.005635729798595945,0.004027777777777686,0.0012185647260694577,0.2939450373072376,0.12627340203632068,0.10877870062146404,0.0,0.658030708223647,0.617696483663778,0.28683030067318444,0.304922002204548,0.40679041602994653,angry,05,19,19,male,normal,2246
50,1.6683333333333334,True,1.0,0.5461008107121318,0.5849171943965494,0.5655090025543406,1.8727775588708755,-0.051064814814814674,-0.05888888888888888,0.3463810031328976,0.7603486504769355,0.17372357468471164,0.30196271835684213,0.038816383684417644,0.007824074074074205,0.020732625346184304,0.15809663470740912,0.1209356039813676,0.11435099284486508,0.0,0.9999999987499999,0.6688311386976666,0.3056192579870185,0.2806783236964193,0.4227826522351191,angry,05,19,19,male,normal,2246
60,2.0020000000000002,True,1.0,0.4906061525820215,0.4962124714328036,0.49340931200741256,0.4342922519527137,-0.04777777777777764,-0.049490740740740724,0.37633790729926564,0.20395612738337449,0.179912429878786,1.1361227601664319,0.0056063188507821105,0.0017129629629630827,0.0020078573625778094,0.6313176919915537,0.12444566417598292,0.11000243042861473,0.0,0.829183872389219,0.6255578217146234,0.27963852379314474,0.2871462735709749,0.3935821652850327,angry,05,19,19,male,normal,2246
70,2.3356666666666666,True,1.0,0.43543746957462953,0.43611803053131143,0.4357777500529705,0.9856401837330298,-0.042962962962963036,-0.041759259259259274,0.3466752361844944,0.35710414259331463,0.16342055940607153,0.4421266068947176,0.0006805609566818971,0.0012037037037037623,0.006215149794794528,0.3517281167216324,0.12467884728409352,0.11043033488364982,0.0,0.9999999987499999,0.6195969014558949,0.28321964453050624,0.289969394738809,0.38893456917343394,angry,05,19,19,male,normal,2246
80,2.6693333333333333,True,1.0,0.5853409112336885,0.5709103809366333,0.5781256460851609,0.9176431617877999,-0.044490740740740664,-0.04624999999999996,0.34077558823934007,0.3932756407662008,0.18214728491871632,0.6300113924009706,0.01443053029705521,0.0017592592592592937,0.0006801673441614298,0.3129028645329169,0.1270585575182491,0.10750671066049325,0.0,0.736280769975592,0.62309883904343,0.28103145823266423,0.29710341726927236,0.3895082062246605,angry,05,19,19,male,normal,2246
90,3.003,True,1.0,0.6011267959620429,0.5939851215989481,0.5975559587804955,1.2037196798086987,-0.04527777777777764,-0.04689814814814808,0.33276028801256624,0.47703912620047123,0.18157971088822117,0.4964245154448768,0.007141674363094763,0.0016203703703704386,0.008869454667812287,0.24692798159412863,0.1248878772353575,0.11036664301201171,0.0,0.9999999987499999,0.6224684069799794,0.28157019366615066,0.29345595782417644,0.38984659394812976,angry,05,19,19,male,normal,2246
100,3.336666666666667,True,1.0,0.5868835570117822,0.5825396579050331,0.5847116074584077,1.1701915106943441,-0.04569444444444437,-0.04648148148148151,0.34189553028433706,0.4778861775863991,0.18032245423965937,0.4996717222050804,0.0043438991067490385,0.0007870370370371416,0.01874235786626724,0.26770753551513604,0.12654918382131794,0.1082819370767009,0.0,0.7383470742899593,0.6232872197785365,0.2809199855097821,0.29067491428990067,0.38547668279932146,angry,05,19,19,male,normal,2246
110,3.6703333333333332,True,1.0,0.5890242443282525,0.60180772480363,0.5954159845659412,1.1930734689500095,-0.04949074074074067,-0.04962962962962969,0.33986640341351954,0.51090498581725,0.1758806142771728,0.49906061953581965,0.012783480475377473,0.00013888888888902162,0.03270425773747942,0.24870856299982555,0.12776130823733897,0.10684906148689906,0.0,0.6921271535597155,0.6208651153508279,0.28113644341663135,0.2963433132610801,0.38592844186556746,angry,05,19,19,male,normal,2246
0,0.0,True,1.0,0.5590293682310389,0.511387733751766,0.5352085509914024,0.5902442655803363,-0.04509259259259252,-0.05111111111111116,0.3964028167572061,0.19641121522316607,0.1778125358087713,0.9067577309966375,0.04764163447927283,0.006018518518518645,0.04476266904386061,0.46377103948073345,0.1287922204478575,0.10542359236800812,0.0,0.9999999987499999,0.6286434104423019,0.27682762101700453,0.29286202192457506,0.3873907695808981,angry,05,19,19,male,normal,2247
10,0.33366666666666667,True,1.0,0.5632096194542625,0.5381745571840393,0.5506920883191508,0.4208996724005651,-0.042685185185185215,-0.04986111111111102,0.4173578654228839,-0.040841111434081895,0.18542036988635696,1.3083690114994053,0.02503506227022323,0.007175925925925808,0.044211062569690866,0.6335634930427868,0.126500099849122,0.1081632775653861,0.0,0.8719670757750422,0.6282439292435724,0.2775381120470392,0.30072395082728637,0.40840577043298376,angry,05,19,19,male,normal,2247
20,0.6673333333333333,True,1.0,0.5250070877521654,0.4436183437678052,0.4843127157599853,0.6726331184415122,-0.04273148148148154,-0.04712962962962963,0.4473065649030283,0.17853755511932898,0.18404809099924893,0.7200250812540061,0.08138874398436025,0.0043981481481480955,0.052954399468539165,0.453774122866965,0.12770092776652855,0.10709925685189044,0.0,0.8296034000193516,0.6232645571353542,0.2809844496165304,0.3055449055004674,0.4059732160086873,angry,05,19,19,male,normal,2247
30,1.0010000000000001,True,1.0,0.34635880895187876,0.33076768263789946,0.3385632457948891,0.7252951277857816,-0.04407407407407399,-0.04995370370370367,0.46833950389703227,0.15216952805577466,0.18750162759710248,0.4667937682533074,0.015591126313979298,0.005879629629629679,0.046544312461900265,0.4320368868942637,0.12397008304363709,0.11105398860579446,0.0,0.9999999987499999,0.6127578522502751,0.28779231254523563,0.30723431499338555,0.41538757576853136,angry,05,19,19,male,normal,2247
40,1.3346666666666667,True,1.0,0.34931114252556283,0.3274434814146343,0.33837731197009857,0.8076799488000166,-0.042685185185185215,-0.048981481481481404,0.42652964036032914,0.24420389565772815,0.18755858459758648,0.41894974918323935,0.021867661110928527,0.006296296296296189,0.047886406508411576,0.41215872324475206,0.12624213683761112,0.10881498360546939,0.0,0.7797378730807045,0.6231594830979267,0.28316218293554224,0.30539423574645413,0.3972843352388828,angry,05,19,19,male,normal,2247
50,1.6683333333333334,True,1.0,0.31335780637548843,0.32405697208808754,0.318707389231788,0.99114816250396,-0.047870370370370396,-0.0557407407407407,0.42921524961588714,0.308761720982293,0.1826124874060934,0.32155373060131626,0.010699165712599101,0.007870370370370305,0.016022637905170094,0.30330925863374913,0.12769584813400836,0.10710531331480767,0.0,0.713301979228763,0.6304626921706182,0.2841904275346092,0.2854302665562491,0.3894875836082164,angry,05,19,19,male,normal,2247
60,2.0020000000000002,True,1.0,0.46579984603840013,0.43953420922497116,0.45266702763168565,0.8945202167160843,-0.044259259259259276,-0.04925925925925928,0.39722834379442984,0.2817013617120179,0.1799035243656609,0.5060444908595728,0.026265636813428972,0.0050000000000000044,0.031120251543818703,0.31843512920730055,0.12434892960804589,0.11097351700122166,0.0,0.7516950692912988,0.6221549987494999,0.28227042933196644,0.28593885685537695,0.4006359184991943,angry,05,19,19,male,normal,2247
70,2.3356666666666666,True,1.0,0.5918312423668448,0.5919862849673193,0.5919087636670821,1.236728427719593,-0.04870370370370364,-0.05481481481481487,0.31180331207384077,0.5628737356407187,0.17893714627720222,0.47860852099802087,0.00015504260047449758,0.006111111111111234,0.028496909562949344,0.2264269154557778,0.12366177696957356,0.11156809014811488,0.0,0.8010564709386624,0.6141422785520458,0.28540912566659327,0.2769978877793381,0.37592348576168133,angry,05,19,19,male,normal,2247
80,2.6693333333333333,True,1.0,0.5506264621496846,0.531640531518221,0.5411334968339527,0.7991191294366811,-0.043240740740740746,-0.04708333333333331,0.3847222863883734,0.25977209577527494,0.18573898132602049,0.677162486668804,0.018985930631463588,0.003842592592592564,0.023579313969228476,0.35678887459199277,0.12697254216172985,0.10796180485499944,0.0,0.7482591929638842,0.6019732081973415,0.28426434684649693,0.30029133803854324,0.38823165927467806,angry,05,19,19,male,normal,2247
90,3.003,True,1.0,0.6069096579558736,0.5785494127148657,0.5927295353353697,0.882885701620296,-0.04513888888888884,-0.04856481481481484,0.36655204551767795,0.3028134868202332,0.18576239310956727,0.6713547792738926,0.028360245241007886,0.003425925925925999,0.024436118028643577,0.3273536089602209,0.12735918107553826,0.10750542668362208,0.0,0.6971633085630515,0.6012667459014857,0.2841066296992668,0.29597720099393865,0.3887988819241603,angry,05,19,19,male,normal,2247
100,3.336666666666667,True,1.0,0.5699881634395246,0.559169831269447,0.5645789973544858,0.9783925671336439,-0.04495370370370377,-0.050138888888888844,0.35950851922235055,0.36839759682244155,0.1863278419162122,0.5770475127468614,0.01081833217007766,0.0051851851851850705,0.024717733352873285,0.3053233731260122,0.12667981297556483,0.10830513725101434,0.0,0.7154741619133971,0.6000618752032062,0.2842893506984879,0.2936890709126028,0.38555665987331655,angry,05,19,19,male,normal,2247
0,0.0,True,1.0,0.48895857302722523,0.45423959363168626,0.47159908332945577,0.8321925073694084,-0.04499999999999993,-0.048240740740740695,0.3859644071582813,0.4030309841979115,0.15641833621177548,0.56669470002824,0.034718979395538974,0.0032407407407407662,0.03511536137775615,0.3372057143264777,0.1258208285903588,0.10930186120706444,0.0,0.7575469962932322,0.6330791973508154,0.28161245656610073,0.2755545518170971,0.36966056323114027,angry,05,19,19,male,normal,2248
10,0.33366666666666667,True,1.0,0.5737034721893642,0.5573340547147418,0.5655187634520531,0.9354304709457915,-0.04435185185185192,-0.046296296296296335,0.3737015460479174,0.4281362623947788,0.1541745845376634,0.6045545671398437,0.016369417474622394,0.0019444444444444153,0.02201540423574699,0.2944471981132108,0.12735653703726457,0.10750855893654775,0.0,0.8903897735174978,0.6328531610065902,0.2808822865855229,0.2909734778878791,0.38180504969430445,angry,05,19,19,male,normal,2248
20,0.6673333333333333,True,1.0,0.5773750475245728,0.5650349001234373,0.571204973824005,0.9003496112728419,-0.044583333333333364,-0.04949074074074078,0.3709607995477371,0.39640861989382203,0.15989456682489422,0.6344257460349001,0.012340147401135537,0.004907407407407416,0.025870339212876847,0.31205430512439586,0.12434024487098304,0.11098324772571748,0.0,0.7449888613918118,0.6243777504908213,0.2857439436044102,0.2781827490502321,0.3810525622209573,angry,05,19,19,male,normal,2248
30,1.0010000000000001,True,1.0,0.2332511928266731,0.22470242653286063,0.22897680967976686,0.817261351051539,-0.046944444444444455,-0.051064814814814785,0.415367257868115,0.396786308119225,0.11458399916946693,0.2801757471892573,0.00854876629381246,0.00412037037037033,0.011767434978690379,0.375279948715066,0.11951312671244133,0.11616535762962549,0.0,0.7406595077690187,0.6320190114092512,0.28574766301756543,0.28600094623570477,0.3999766794265058,angry,05,19,19,male,normal,2248
40,1.3346666666666667,True,1.0,0.1527404659544154,0.15613382250953728,0.15443714423197635,0.7197015530085983,-0.04648148148148151,-0.04814814814814822,0.405695847723562,0.2791814388640484,0.13627300711546603,0.21458498121391617,0.003393356555121879,0.0016666666666667052,0.007897431173671907,0.4561234768664581,0.12513436167254155,0.11008709869640658,0.0,0.762277288257984,0.6321421750340762,0.28545202414981363,0.2866847869338477,0.38928080997945086,angry,05,19,19,male,normal,2248
50,1.6683333333333334,True,1.0,0.350536707206508,0.3493258727772313,0.3499312899918696,0.49417259512202205,-0.03625000000000006,-0.037407407407407445,0.37483150552720185,0.2337302814766321,0.14936737279111093,0.7081155317920127,0.0012108344292766637,0.0011574074074073848,0.011263902667616886,0.5935210863557141,0.12564436729641387,0.10950466080086993,0.0,0.7977970175773993,0.6332425679177921,0.28400882899070057,0.28362608357186186,0.3723173976313895,angry,05,19,19,male,normal,2248
60,2.0020000000000002,True,1.0,0.3463027940689666,0.3166951426364818,0.3314989683527242,0.9792099121858597,-0.03773148148148148,-0.03712962962962979,0.33129593916507477,0.42932980882331134,0.1576872793829164,0.3385371861817957,0.029607651432484783,0.0006018518518516869,0.006552229753615917,0.32883384104915564,0.1239787582701018,0.1113869169520289,0.0,0.7062616039173752,0.6281155470469437,0.2861363949732206,0.27681950172367475,0.37008829880914634,angry,05,19,19,male,normal,2248
70,2.3356666666666666,True,1.0,0.36300267522185264,0.35532262687975097,0.3591626510508018,0.9621119406888754,-0.037175925925925946,-0.037407407407407445,0.3695573669951304,0.3794244273139232,0.15562616592478115,0.3733065102524766,0.007680048342101675,0.00023148148148149916,0.005028906305588591,0.3172142430860619,0.12894750026266175,0.10559507539180654,0.0,0.6651314673591645,0.6322327827068327,0.2834968990909197,0.29490217535387375,0.38192785699280585,angry,05,19,19,male,normal,2248
80,2.6693333333333333,True,1.0,0.4230133791907851,0.4055970666169233,0.4143052229038542,1.0019659272883452,-0.037824074074074066,-0.039074074074074094,0.36859853829107686,0.41296051263511474,0.15365157735065002,0.4134923270545762,0.01741631257386178,0.0012500000000000289,0.016462133330246157,0.31193923185062306,0.12553345867754911,0.10963178609779978,0.0,0.912218540805188,0.6329330247880403,0.28481126279429886,0.28372681588889465,0.3748284560421573,angry,05,19,19,male,normal,2248
90,3.003,True,1.0,0.44147338541537823,0.3889071598335006,0.4151902726244394,0.9152157387933437,-0.03837962962962965,-0.042453703703703716,0.37015690870770823,0.4034267311196314,0.15314139203684182,0.4536528984650576,0.052566225581877624,0.004074074074074063,0.04629218749630168,0.3335254177168885,0.12661822060281702,0.10837713772705923,0.0,0.6735719881224679,0.6337427856924019,0.28238646640268217,0.2901837125211756,0.3856807823451776,angry,05,19,19,male,normal,2248
0,0.0,True,1.0,0.5832062795219083,0.5603548382885789,0.5717805589052436,0.6035736283234789,-0.05189814814814814,-0.05777777777777782,0.36526803622409304,0.28828399219007245,0.1730159122349783,0.947325284064273,0.022851441233329384,0.005879629629629679,0.028386110421889512,0.4671341461511677,0.12661644896370478,0.10696364355303564,0.0,0.7071067807446058,0.6305614297984821,0.2813185028939026,0.28430029156839964,0.3692726126719859,angry,05,19,19,male,normal,2249
10,0.33366666666666667,True,1.0,0.5773732605434482,0.5260699265904235,0.5517215935669358,0.6298595520578615,-0.05388888888888893,-0.05523148148148155,0.3574186917391332,0.32892665496354984,0.16418150445848032,0.8759438382165751,0.051303333953024666,0.0013425925925926174,0.016360499820659936,0.41249999999999964,0.12527616419786283,0.1078258460842074,0.0,0.9999999987499999,0.6331636066457834,0.2812876329273139,0.2748674744629302,0.3641016435622001,angry,05,19,19,male,normal,2249
20,0.6673333333333333,True,1.0,0.5596437932403183,0.5002042064476367,0.5299239998439775,0.6285151819408742,-0.0501388888888889,-0.0537962962962964,0.32577942451740066,0.375434839441951,0.16647409687598883,0.843136355445792,0.059439586792681576,0.003657407407407498,0.019325121442777135,0.4251448623659836,0.12676914708042622,0.10731654756578872,0.0,0.9999999987499999,0.6360696311415192,0.27934645273738484,0.27588695113579875,0.370926437608736,angry,05,19,19,male,normal,2249
30,1.0010000000000001,True,1.0,0.3571146314730471,0.3109746364163341,0.33404463394469064,1.5498020293670665,-0.07101851851851848,-0.07185185185185183,0.33625191855365855,0.7083183222703547,0.1672921713650803,0.21554019649923498,0.04613999505671301,0.0008333333333333526,0.024608233147223792,0.18842175963475125,0.12187001531073091,0.11335461721084708,0.0,0.8106140405903121,0.6256307492840887,0.2827090944491423,0.2823004693531366,0.38138427452522444,angry,05,19,19,male,normal,2249
40,1.3346666666666667,True,1.0,0.3059314627302589,0.29444843149640726,0.3001899471133331,0.7751378912716236,-0.05884259259259267,-0.0616666666666667,0.39926878068260035,0.33199029237177935,0.17293828499713923,0.3872729620027575,0.011483031233851637,0.0028240740740740344,0.021030693789414377,0.3954804830276308,0.12671709977373938,0.10826150929889956,0.0,0.6977495875963032,0.6280744843562425,0.2863627167861448,0.2911727391227909,0.3750867778566059,angry,05,19,19,male,normal,2249
50,1.6683333333333334,True,1.0,0.4898100135177479,0.46421872059740754,0.4770143670575777,0.8269649562942947,-0.05064814814814811,-0.05268518518518528,0.39731540224288914,0.3319907336846815,0.1716882721035376,0.5768253702008397,0.025591292920340347,0.0020370370370371704,0.015353533014834247,0.35232462989144364,0.12441905664461896,0.11037827807679297,0.0,0.9999999987499999,0.6272177846763706,0.2851560230276052,0.30470311017539725,0.41435187800595885,angry,05,19,19,male,normal,2249
60,2.0020000000000002,True,1.0,0.29189968140311223,0.3010133912057504,0.2964565363044313,0.7256229638787186,-0.06435185185185188,-0.06791666666666668,0.39470330846702456,0.33153463004803535,0.17378680346184108,0.40855451255258424,0.009113709802638148,0.0035648148148147984,0.009238763820448085,0.3980029316548136,0.125039703079209,0.10915230981919749,0.0,0.7071067807446058,0.6257601153820904,0.28210020512388,0.29642568460639973,0.3958306633314703,angry,05,19,19,male,normal,2249
70,2.3356666666666666,True,1.0,0.5994964638825332,0.6350176701025384,0.6172570669925358,1.1707479485620926,-0.05046296296296299,-0.05097222222222231,0.3001018648962844,0.5608293767783208,0.17339648734620242,0.5272330972269891,0.03552120622000521,0.0005092592592593204,0.026583080119989236,0.22819633318728433,0.12750599868489476,0.10644002222980914,0.0,0.733353311598285,0.6161092469644107,0.2850669467250932,0.29699834790629104,0.38874526366804757,angry,05,19,19,male,normal,2249
80,2.6693333333333333,True,1.0,0.5951539373605526,0.5965068684550475,0.5958304029078001,1.1123259359567774,-0.047731481481481486,-0.0476388888888889,0.34897870546172527,0.47149132655276665,0.17613854719692096,0.5356617009881111,0.001352931094494969,9.259259259258856e-05,0.027957437274951497,0.25653744603969375,0.12489974001203505,0.10966046199504788,0.0,0.9999999987499999,0.613721621304772,0.28539020640524754,0.29052014086878436,0.38424393401388307,angry,05,19,19,male,normal,2249
90,3.003,True,1.0,0.6095579746296622,0.6388335108821862,0.6241957427559242,1.1989044881253332,-0.04851851851851857,-0.050324074074073966,0.33310175057494884,0.5188426370634317,0.17619571337068474,0.5206384236094967,0.029275536252523993,0.0018055555555553937,0.024884506418241553,0.24031053340139008,0.1258310857648171,0.10859051448155599,0.0,0.9999999987499999,0.6182018465745672,0.28502662716152316,0.293246317622424,0.38693161190485786,angry,05,19,19,male,normal,2249
100,3.336666666666667,True,1.0,0.5911478543891711,0.6015827611147173,0.5963653077519442,0.8917555015800426,-0.04777777777777781,-0.049120370370370314,0.35064032722337707,0.41098006195058767,0.17484091873342036,0.6687542792786633,0.010434906725546256,0.0013425925925925064,0.029408926493970197,0.3255201840413649,0.1281433107487246,0.10603187180564563,0.0,0.6792325800840292,0.6199307725043143,0.2814447704716177,0.2943063601692185,0.38903389418005185,angry,05,19,19,male,normal,2249
0,0.0,True,1.0,0.6213750962260631,0.6065853090594114,0.6139802026427372,1.1020935087893677,-0.04976851851851849,-0.05208333333333337,0.35571705463168274,0.5579654571635253,0.169532672307284,0.5571035467917643,0.014789787166651691,0.0023148148148148806,0.011671741711341329,0.2591005155977388,0.12183199255396947,0.11289031678015299,0.0,0.9999999987499999,0.6834628589560823,0.29808212557044267,0.2704106830963208,0.4071758005729135,angry,05,19,19,male,strong,2250
10,0.33366666666666667,True,1.0,0.6454067427863902,0.6347999202777924,0.6401033315320913,1.0514710629052895,-0.05259259259259258,-0.05518518518518528,0.3599686831242249,0.5187832282984325,0.16813226075504378,0.6087693271971177,0.01060682250859779,0.002592592592592702,0.02927680771891875,0.2585711561371957,0.12682208453962107,0.10743147049809516,0.0,0.8267934528155051,0.6330407567167492,0.28508204906409945,0.295650851854857,0.3915737178480268,angry,05,19,19,male,strong,2250
20,0.6673333333333333,True,1.0,0.5979094345311544,0.562581297616627,0.5802453660738907,0.8027729719194856,-0.046157407407407314,-0.05074074074074081,0.37165143191499317,0.3543090265844209,0.17501569405074083,0.7228013228777296,0.03532813691452741,0.004583333333333495,0.027469042627082992,0.3502139194245622,0.12751250135119394,0.1071458623667326,0.0,0.9396956649460887,0.633182155948317,0.28080537753319196,0.29327928098432715,0.393020379778322,angry,05,19,19,male,strong,2250
30,1.0010000000000001,True,1.0,0.4076428164125234,0.3994038186987756,0.4035233175556495,1.1393579124128883,-0.04495370370370372,-0.04851851851851846,0.40303103428610926,0.39617994016762376,0.17709410391571503,0.3541673017402261,0.008238997713747809,0.003564814814814743,0.01599306998421446,0.28912189927327525,0.12129094847955638,0.11430784569294236,0.0,0.8785705680790821,0.6270800925448304,0.2869565623578496,0.2909334699217377,0.40907076932841335,angry,05,19,19,male,strong,2250
40,1.3346666666666667,True,1.0,0.32599578810501206,0.3642582176380189,0.3451270028715155,0.9942820694219544,-0.04263888888888889,-0.044629629629629686,0.3894046245812809,0.3871244700930283,0.16693013030240456,0.34711176383997544,0.03826242953300685,0.001990740740740793,0.009922614373655943,0.3348624345006584,0.12538734644379787,0.10979886667079615,0.0,0.7078897575800854,0.6190782594678496,0.28726776222132133,0.2998382616936472,0.40193537758055,angry,05,19,19,male,strong,2250
50,1.6683333333333334,True,1.0,0.42251228740683805,0.4515451204842312,0.4370287039455346,1.8039546904748562,-0.039953703703703713,-0.04523148148148154,0.3813976405587998,0.6274155939471375,0.16584228650490837,0.24226146380123065,0.029032833077393128,0.005277777777777826,0.00955750288193546,0.174974634463606,0.12475872158184663,0.11051261991169382,0.0,0.6766148778048611,0.6152452752116472,0.2938521240276536,0.30864347842011886,0.41592063249102895,angry,05,19,19,male,strong,2250
60,2.0020000000000002,True,1.0,0.458734532849104,0.4711930575722621,0.46496379521068304,0.36460651627688184,-0.04597222222222225,-0.04763888888888884,0.3743415739189322,0.13431272336685948,0.17744529681132737,1.2752481770171928,0.012458524723158115,0.0016666666666665941,0.015606539330293543,0.7603777228044641,0.1243576898799485,0.11096370009213778,0.0,0.7302817727104112,0.6206551737335558,0.28620773391160353,0.2784727680569401,0.38387144199326195,angry,05,19,19,male,strong,2250
70,2.3356666666666666,True,1.0,0.45145887261970363,0.42336925108736323,0.43741406185353343,0.9967060025789298,-0.039490740740740715,-0.04046296296296298,0.3798532940971747,0.32742467540248477,0.1664720600048949,0.43885966445646474,0.028089621532340403,0.0009722222222222632,0.013579832335250662,0.34629429240609766,0.12789217192192584,0.10633465234423929,0.0,0.7071067807446058,0.6242192056353791,0.28480226322511737,0.31288987604202095,0.40335045512693146,angry,05,19,19,male,strong,2250
80,2.6693333333333333,True,1.0,0.6394060617451592,0.6502903691051962,0.6448482154251778,1.2070411087170114,-0.042824074074074014,-0.05060185185185179,0.267793524907234,0.6033233807014463,0.18278962761350415,0.534238818187891,0.010884307360036982,0.007777777777777772,0.018812988051554902,0.22613097525530584,0.12670531560680962,0.10827530082009953,0.0,0.7119636794584804,0.611902166483781,0.2913234662260524,0.28159245736425975,0.3745603740245898,angry,05,19,19,male,strong,2250
90,3.003,True,1.0,0.5694237141339675,0.5458404113905556,0.5576320627622615,1.1045569395736112,-0.040138888888888835,-0.04592592592592587,0.3584885050574271,0.39537286528317844,0.1792756451513826,0.5048468239016474,0.023583302743411916,0.005787037037037035,0.01563629101496006,0.25954373860849983,0.1260102126619176,0.10908347297208883,0.0,0.7437864838845026,0.6225889077115222,0.2846910910633978,0.28536395571975265,0.3786348009807944,angry,05,19,19,male,strong,2250
100,3.336666666666667,True,1.0,0.5928877217937194,0.5902460573196594,0.5915668895566895,1.0415261852282391,-0.04300925925925919,-0.04935185185185187,0.36220064908553906,0.43949967644692706,0.17645116259097526,0.5679808131055812,0.0026416644740600015,0.006342592592592677,0.02618984516973108,0.2802508840629417,0.1289756060354943,0.10556074468691784,0.0,0.686065756306119,0.6185769507959434,0.28509224235769764,0.29061571006410064,0.3835221361180778,angry,05,19,19,male,strong,2250
110,3.6703333333333332,True,1.0,0.6025822557593551,0.5856972668231673,0.5941397612912611,0.9583954745344487,-0.040370370370370445,-0.04893518518518514,0.36317017964598025,0.4183362199305478,0.176410081713312,0.6199317265973852,0.01688498893618784,0.008564814814814692,0.020030735088739805,0.3061959004409483,0.12711184736226575,0.1077977552216012,0.0,0.7406082997675779,0.6252552444493423,0.28294574580766035,0.29294992544063786,0.388960382314913,angry,05,19,19,male,strong,2250
0,0.0,True,1.0,0.5874097478016674,0.5361206839454266,0.561765215873547,0.8056256379945178,-0.04430555555555554,-0.049537037037036935,0.3646086312711334,0.314000375022737,0.1798717153623356,0.6973030516655054,0.05128906385624088,0.005231481481481393,0.03104937379811754,0.37521447437312927,0.12694442988401228,0.10764144925123038,0.0,0.7071067807446058,0.6325580185277236,0.28152279737339164,0.2867819505498188,0.38361658576256136,angry,05,19,19,male,strong,2251
10,0.33366666666666667,True,1.0,0.5917804911039506,0.5345711281783693,0.5631758096411599,0.7709649352687349,-0.04541666666666666,-0.04935185185185181,0.3688218559865291,0.2907459398033513,0.18333707863421067,0.7304817429146164,0.05720936292558132,0.003935185185185153,0.02444553156212903,0.3590707033434615,0.12778723544700207,0.1069962626801409,0.0,0.8316503798148139,0.6352508938184649,0.28263915818144775,0.28822963113211053,0.38276844410241173,angry,05,19,19,male,strong,2251
20,0.6673333333333333,True,1.0,0.6187836792512377,0.5718577407379738,0.5953207099946057,0.7719274017550132,-0.04249999999999998,-0.04879629629629623,0.36307507166543757,0.28252356211986257,0.18126515292262468,0.7712133403233467,0.046925938513263876,0.006296296296296244,0.023825452541591928,0.37541719204476437,0.1267729198937053,0.10784338949135436,0.0,0.9999999987499999,0.6296227318896309,0.28398619785219387,0.2876389883868816,0.3826900603857478,angry,05,19,19,male,strong,2251
30,1.0010000000000001,True,1.0,0.36882445011068454,0.3745983212476466,0.37171138567916556,1.1873020496314373,-0.04222222222222222,-0.046435185185185135,0.4179843310528582,0.41358990919604455,0.16815767014465047,0.31307230185827806,0.005773871136962039,0.004212962962962918,0.018182864308982524,0.28558727745400975,0.1189975262124275,0.11669347250430853,0.0,0.7523561559499812,0.6288435856295644,0.28641878527609227,0.28139930817460823,0.40505755741687155,angry,05,19,19,male,strong,2251
40,1.3346666666666667,True,1.0,0.31101262339552577,0.32858736335329436,0.31979999337441006,1.113219151673873,-0.03171296296296294,-0.03337962962962959,0.39260140431744217,0.40767040091449797,0.1609982208301075,0.2872749654850514,0.017574739957768593,0.0016666666666666496,0.0007887820077836886,0.3087957224063307,0.1260491496908557,0.10903847776362173,0.0,0.6896667447942392,0.6328556949889331,0.2887183605600816,0.28201398368107716,0.3941279965379326,angry,05,19,19,male,strong,2251
50,1.6683333333333334,True,1.0,0.3001727819854342,0.3483442230248466,0.3242585025051404,1.7531423847878056,-0.039259259259259216,-0.041296296296296386,0.3894197914543372,0.5310210972675207,0.15813370700177573,0.1849584525014992,0.0481714410394124,0.0020370370370371704,0.015578049684571769,0.18196543160575568,0.1252185953310555,0.1099912776261604,0.0,0.8199835185581017,0.6147362735484819,0.29419682716409984,0.3060189401811233,0.4165088709743404,angry,05,19,19,male,strong,2251
60,2.0020000000000002,True,1.0,0.37310863886677104,0.3646812594669251,0.36889494916684806,0.9591045280805645,-0.03953703703703698,-0.04018518518518516,0.42575224500727205,0.3039918975547096,0.16619455793871593,0.384624343193447,0.008427379399845947,0.0006481481481481755,0.011691271676732718,0.3463089301122128,0.12613510537437395,0.10893903323770751,0.0,0.8160504968829881,0.624598250112545,0.28449221390883406,0.31684750751760493,0.4236241496736206,angry,05,19,19,male,strong,2251
70,2.3356666666666666,True,1.0,0.4524337141242174,0.46117354029007274,0.45680362720714507,1.595391988678675,-0.04597222222222225,-0.04888888888888887,0.4296595790433724,0.4785828315552923,0.16746364915329032,0.2863268904750336,0.008739826165855336,0.002916666666666623,0.012358149729368051,0.18135389337878394,0.1250249623529147,0.11021132681864113,0.0,0.8435274629770001,0.6142081198651336,0.2953221532099856,0.30486216809788463,0.4061776563018269,angry,05,19,19,male,strong,2251
80,2.6693333333333333,True,1.0,0.38179728754311043,0.3896690554840482,0.38573317151357933,1.0206544865529692,-0.04439814814814819,-0.047685185185185275,0.39565993841087216,0.40437549431643244,0.17088736323246198,0.3779272776395725,0.007871767940937746,0.0032870370370370883,0.014165725805423109,0.3259552227317705,0.12477713341599497,0.11049183113284307,0.0,0.6813492095437833,0.6127301750700279,0.2908115294683184,0.30286842096552963,0.40681460204177133,angry,05,19,19,male,strong,2251
90,3.003,True,1.0,0.564706767011904,0.5777150188263815,0.5712108929191428,1.7188820043850577,-0.04884259259259266,-0.053611111111111054,0.3071538864668122,0.771737884890771,0.17293828499713923,0.3323153604854323,0.013008251814477512,0.004768518518518394,0.018914946319065734,0.16379485314443315,0.12149895926289445,0.11375224293634106,0.0,0.8774317590348019,0.60973050020008,0.2954865370951656,0.2783760301875229,0.37812961901962605,angry,05,19,19,male,strong,2251
100,3.336666666666667,True,1.0,0.565041124830891,0.5736721740380933,0.5693566494344922,2.0098510532753617,-0.04912037037037037,-0.053518518518518465,0.27619033548582045,0.9093636176210593,0.17083735267438846,0.2832830067216363,0.008631049207202368,0.0043981481481480955,0.010743781778203669,0.14474852151990875,0.12727745686607356,0.10760216886511882,0.0,0.6838982391280746,0.6069773975605868,0.29241270036221323,0.2947138842769002,0.3899511466630878,angry,05,19,19,male,strong,2251
110,3.6703333333333332,True,1.0,0.637918277514954,0.606105599604956,0.622011938559955,1.4356190210120054,-0.050509259259259254,-0.05444444444444435,0.338740167340781,0.6172283025890869,0.17916836996525629,0.43327089531140545,0.03181267790999798,0.003935185185185097,0.012735975952212633,0.20468101997449406,0.12792537509648466,0.10683106372792478,0.0,0.6956402438192848,0.6156040838053972,0.2849980576199992,0.3005979638559908,0.3925223062839521,angry,05,19,19,male,strong,2251
120,4.0040000000000004,True,1.0,0.595569227554164,0.5780457266923769,0.5868074771232704,1.3694883753339715,-0.047361111111111076,-0.05185185185185193,0.3383965288710665,0.6062735088782684,0.17641656880366086,0.4284866434008015,0.01752350086178711,0.004490740740740851,0.012390119507105139,0.2177918370714669,0.12706274464158104,0.10785562894358743,0.0,0.9999999987499999,0.6226727126866373,0.2807301024664077,0.29723822098343927,0.3901907090474513,angry,05,19,19,male,strong,2251
130,4.337666666666666,True,1.0,0.6009666715661403,0.6214991040163672,0.6112328877912537,1.3532308575713234,-0.049490740740740724,-0.0533333333333334,0.33849873878605063,0.5982285394441148,0.17849316768879112,0.45168411906320877,0.020532432450226956,0.003842592592592675,0.015832569209612714,0.20376323149339293,0.1283095876639064,0.10636929765868305,0.0,0.8894807154048116,0.6194311532112845,0.28207081272387374,0.2947584905771807,0.3901248829419042,angry,05,19,19,male,strong,2251
140,4.671333333333333,True,1.0,0.6462100520531957,0.6272927624903786,0.6367514072717871,1.2242187212927609,-0.05092592592592593,-0.05365740740740743,0.348961905957729,0.5425403952437367,0.17919391750124905,0.5201287941417732,0.01891728956281713,0.0027314814814815014,0.008575639234725693,0.23262043072559935,0.12361218761010336,0.11128114396470261,0.0,0.7071067807446058,0.6655707368494275,0.2998890183575912,0.2772045048814838,0.4088279506282149,angry,05,19,19,male,strong,2251
0,0.0,True,1.0,0.5831922037816737,0.5622328610729878,0.5727125324273308,0.7066670240603911,-0.047175925925925954,-0.048564814814814894,0.355103770165209,0.42197342753564576,0.18403150894573134,0.8104418529912715,0.020959342708685935,0.0013888888888889395,0.014328761483270967,0.4365756808970666,0.127574207233763,0.10725017211888753,0.0,0.747318781650848,0.6234734552571028,0.2814935872445337,0.296346913535406,0.3885746509205824,angry,05,19,19,male,strong,2252
10,0.33366666666666667,True,1.0,0.49791151092680586,0.4641751834693594,0.4810433471980826,0.5517571195450249,-0.04425925925925922,-0.04564814814814816,0.40050109014984375,0.26955845840582215,0.1826894273605715,0.8718389489831098,0.03373632745744648,0.0013888888888889395,0.0146566627653684,0.5660389843104079,0.12761540467517218,0.10684511390419135,0.0,0.8178607183342456,0.6247056155430922,0.2789868074104996,0.3146469545322673,0.4076899197054934,angry,05,19,19,male,strong,2252
20,0.6673333333333333,True,1.0,0.5522335744849749,0.5296024912591902,0.5409180328720826,0.7098570988926858,-0.047175925925925954,-0.05060185185185184,0.36953463865540553,0.3213723333086938,0.1812706245000569,0.7620097533938406,0.022631083225784665,0.003425925925925888,0.028250535369465292,0.41553808544374027,0.12755431861416394,0.10709607661349889,0.0,0.8283503625405108,0.6264532856267506,0.27693918800131356,0.3034311226940654,0.39938803079101437,angry,05,19,19,male,strong,2252
30,1.0010000000000001,True,1.0,0.4154871916987081,0.4309100058955275,0.42319859879711785,1.3090168083189944,-0.03916666666666663,-0.040925925925925866,0.3912288008523925,0.4383525102185264,0.1729184315296481,0.3232950074495824,0.015422814196819401,0.0017592592592592382,0.016242502108792797,0.2745417605242423,0.1210703256898541,0.11454149469636607,0.0,0.8019849643902375,0.6258488482971313,0.28481693032940203,0.29706400047704656,0.4076556918243781,angry,05,19,19,male,strong,2252
40,1.3346666666666667,True,1.0,0.4875225131441736,0.4802719806479277,0.4838972468960506,1.0039462317048835,-0.04180555555555554,-0.04828703703703707,0.377256975514806,0.3844646478034781,0.17847906182851891,0.4819951822263479,0.0072505324962459095,0.0064814814814815325,0.020819933978093744,0.33089328013975294,0.12638140912519621,0.10847770854233055,0.0,0.7049625382300897,0.6238277111469589,0.28185869377905426,0.3086089124889507,0.4144611417829334,angry,05,19,19,male,strong,2252
50,1.6683333333333334,True,1.0,0.37170659238172565,0.4002780306213888,0.3859923115015572,0.8504354873606774,-0.04287037037037045,-0.046296296296296335,0.4077795465138734,0.29741245829776874,0.18490427426774564,0.4538760637793733,0.028571438239663127,0.003425925925925888,0.015271364069827343,0.4055016910762106,0.12916723973014793,0.10532616935787502,0.0,0.6868962560495278,0.6232670606758329,0.28345204574636634,0.3132374606537786,0.4002804381908464,angry,05,19,19,male,strong,2252
60,2.0020000000000002,True,1.0,0.49631920717846545,0.48129516461762684,0.48880718589804617,0.5802844640910955,-0.04300925925925936,-0.04967592592592596,0.4227256630348578,0.1681123668985166,0.18143553609964508,0.8423578712617596,0.015024042560838613,0.006666666666666599,0.02077378150184199,0.45352341828274434,0.12695417961590147,0.10798339709841773,0.0,0.7102798211999914,0.6201406164418893,0.2830145759256858,0.2900149892654548,0.3939049010679464,angry,05,19,19,male,strong,2252
70,2.3356666666666666,True,1.0,0.39617748050854584,0.43641034563243314,0.41629391307048946,1.5742377186124528,-0.043379629629629546,-0.04884259259259255,0.3985851386957621,0.5509006948297972,0.17033652800298382,0.2644415822010761,0.040232865123887296,0.005462962962963003,0.025127130361776478,0.2132394837991111,0.12819924200172736,0.1065022634554645,0.0,0.6513823934807033,0.6095636823948329,0.2915956380520444,0.30822876458275666,0.41453532098220547,angry,05,19,19,male,strong,2252
80,2.6693333333333333,True,1.0,0.5202270281982829,0.5206333272761221,0.5204301777372025,1.2187573977891109,-0.04296296296296298,-0.046435185185185135,0.3392341691650629,0.46419487219585825,0.17933691644693356,0.42701704102989635,0.0004062990778391784,0.0034722222222221544,0.01206740659362435,0.2701730936094419,0.12484786427513402,0.1104119040525818,0.0,0.7453922711355158,0.6138970840758178,0.28660132450857106,0.27813759255930814,0.3794730233670122,angry,05,19,19,male,strong,2252
90,3.003,True,1.0,0.6105230879126771,0.6228014830342807,0.6166622854734789,1.6858291082076353,-0.0459722222222223,-0.0525462962962962,0.2665545169651404,0.7980471737132998,0.178533769246012,0.3657916941113391,0.012278395121603669,0.006574074074073899,0.02355931619686134,0.1652159618069105,0.12790030286016796,0.10686107944054218,0.0,0.6923822072121837,0.6086061298581933,0.29036598220167475,0.2918248338842089,0.3819676411765861,angry,05,19,19,male,strong,2252
100,3.336666666666667,True,1.0,0.5562192183057352,0.5471640231838318,0.5516916207447835,1.2975822326988993,-0.04199074074074083,-0.047314814814814754,0.34110220035798605,0.4881945433891376,0.18268065722355614,0.42516890786743855,0.009055195121903337,0.005324074074073926,0.023848193483474795,0.21595551733922502,0.12730824246184716,0.10756574348714043,0.0,0.6712187189721439,0.5911676752966811,0.2910798032036428,0.30423632362711794,0.3894584091606658,angry,05,19,19,male,strong,2252
110,3.6703333333333332,True,1.0,0.5743239601570873,0.5689474448769296,0.5716357025170085,1.1435103991901545,-0.04287037037037045,-0.049768518518518434,0.35956022329078613,0.4520468305278406,0.18195492727998092,0.4998954997889364,0.005376515280157701,0.006898148148147987,0.022918465940503997,0.2509610823557267,0.1291414625195418,0.10535777346392089,0.0,0.6949809731062158,0.6180613676877001,0.28086551508748214,0.29624165195898233,0.38323570522953343,angry,05,19,19,male,strong,2252
120,4.0040000000000004,True,1.0,0.5558900807677091,0.5330407629835198,0.5444654218756144,1.1008449184167048,-0.04189814814814813,-0.04865740740740737,0.3582544709478531,0.46306231749575655,0.18055597810614288,0.4945886680012061,0.022849317784189305,0.006759259259259243,0.02349760787514674,0.2563799192328285,0.1260613246758068,0.10867434056169697,0.0,0.8642370450795471,0.6234677740393032,0.2796055195785741,0.29981813840953175,0.39104961573747615,angry,05,19,19,male,strong,2252
0,0.0,True,1.0,0.6235557780176814,0.5660668843096284,0.5948113311636549,0.8015908489768814,-0.04972222222222228,-0.05212962962962969,0.35726130176305476,0.37214840642680264,0.17950020431936675,0.7420385748201198,0.05748889370805299,0.0024074074074074137,0.03222095454893322,0.3633482016440914,0.1267191507823939,0.10790656467696573,0.0,0.8657312022175944,0.6341590030621624,0.28328933217736935,0.29057067613322507,0.39409872480891917,angry,05,19,19,male,strong,2253
10,0.33366666666666667,True,1.0,0.639096670967761,0.5779251125757319,0.6085108917717464,0.8229658877145152,-0.050879629629629664,-0.0530092592592592,0.3597224396210224,0.390125962406379,0.17525093616012447,0.7394120471526,0.061171558392029146,0.002129629629629537,0.02175498948590263,0.3507706724212502,0.12643610997393523,0.10841394706242212,0.0,0.8660256072598334,0.6330043565863845,0.28502086494318973,0.2913717005210998,0.39510001783905335,angry,05,19,19,male,strong,2253
20,0.6673333333333333,True,1.0,0.637255140853667,0.60819599728689,0.6227255690702784,1.0945549367326988,-0.04930555555555555,-0.05425925925925934,0.3383372632613834,0.5020573403665805,0.17569487868612613,0.568930391862418,0.029059143566776968,0.004953703703703793,0.031014742706554327,0.2675280724578083,0.12641006773718194,0.10844431104377704,0.0,0.796887367724005,0.634579645803634,0.2848971577378427,0.2911297557326831,0.3934398368515142,angry,05,19,19,male,strong,2253
30,1.0010000000000001,True,1.0,0.2369330563172072,0.22762693370633352,0.23227999501177038,1.3036217893982396,-0.05921296296296291,-0.06166666666666676,0.37875004718442007,0.49695707645738263,0.1757013921825663,0.17818050979263883,0.009306122610873685,0.0024537037037038467,0.021242335742024814,0.26403198686992174,0.11845375082212696,0.11724541221582878,0.0,0.7772865886628004,0.6318535924369748,0.2894457431562661,0.2852018859576094,0.40938545961509115,angry,05,19,19,male,strong,2253
40,1.3346666666666667,True,1.0,0.46702202783897684,0.4657469456789384,0.4663844867589576,0.8839175537912908,-0.04509259259259257,-0.04787037037037034,0.4039979494150178,0.3658991954827135,0.17243649951858503,0.5276334707445799,0.0012750821600384654,0.002777777777777768,0.0003386346586167506,0.37373207926434876,0.12684322964912556,0.10811370340037266,0.0,0.6955869990813216,0.6285632689560199,0.2868321552690793,0.306057135960487,0.4027300640739401,angry,05,19,19,male,strong,2253
50,1.6683333333333334,True,1.0,0.40817046527038414,0.43295527005501633,0.42056286766270023,0.9167910668859174,-0.040416666666666656,-0.04412037037037042,0.40439363618857094,0.3262862518041922,0.17802479854392464,0.4587336012023269,0.024784804784632186,0.0037037037037037646,0.005715391572934186,0.36074146488857817,0.12572249866135973,0.10941494916546428,0.0,0.9999999987499999,0.6276894379939476,0.28712083327689397,0.3057366709246684,0.40444800936593256,angry,05,19,19,male,strong,2253
60,2.0020000000000002,True,1.0,0.474012487536825,0.4606978573065745,0.46735517242169977,0.7512857494135017,-0.04004629629629619,-0.04481481481481481,0.39581293872213147,0.30538577830072877,0.17519215524607723,0.6220737885505548,0.013314630230250535,0.004768518518518616,0.014113377399117085,0.3870540710756199,0.12556456730995255,0.10959615507363779,0.0,0.6649219830444528,0.627513813298757,0.28368897127617015,0.2956449563460392,0.39989980451202645,angry,05,19,19,male,strong,2253
70,2.3356666666666666,True,1.0,0.46000066945442014,0.44145446879647343,0.45072756912544676,1.0704858908385988,-0.03615740740740736,-0.04120370370370363,0.3971398218052281,0.3776862520031838,0.17168827210353757,0.42104951871187685,0.01854620065794671,0.005046296296296271,0.02346370717572339,0.3275468779210803,0.12590437955319356,0.10920560873891329,0.0,0.6549843218768274,0.6227889900882229,0.28764491061667713,0.2960199787078472,0.4029641223699831,angry,05,19,19,male,strong,2253
80,2.6693333333333333,True,1.0,0.5789894341040406,0.5951539373605532,0.5870716857322968,1.1408939439348247,-0.042824074074074125,-0.04865740740740737,0.3244937784594729,0.5163515315443047,0.1820048173001131,0.5145716557207304,0.01616450325651264,0.005833333333333246,0.014630238539839635,0.2615382792634492,0.12203245845464239,0.1133479285481197,0.0,0.6815395001504364,0.6177504463816776,0.2899065564849512,0.27162237386474825,0.37287457248013,angry,05,19,19,male,strong,2253
90,3.003,True,1.0,0.6383933714750601,0.6265910403353789,0.6324922059052196,1.4620783304227287,-0.0438425925925926,-0.0503703703703704,0.30313151539199124,0.6252492592519747,0.18196499023394072,0.4325980303137028,0.01180233113968121,0.006527777777777799,0.015035643570423191,0.1965350664408214,0.12605983978604848,0.1090261187237441,0.0,0.6714194829901913,0.6118950053380728,0.2913360016080909,0.28588666779515104,0.3768010412876416,angry,05,19,19,male,strong,2253
100,3.336666666666667,True,1.0,0.5877329473544015,0.562356307042063,0.5750446271982322,1.1992745085911916,-0.04004629629629636,-0.0464814814814814,0.3474720227448305,0.4353630203270984,0.17848761096782254,0.47949374649324206,0.02537664031233855,0.006435185185185044,0.01665120401634569,0.23703264739686597,0.12799671406538568,0.10674558051477069,0.0,0.7303121815210688,0.6197457405852966,0.28685006449864975,0.2909711382743388,0.3799206446364591,angry,05,19,19,male,strong,2253
110,3.6703333333333332,True,1.0,0.6053670297213344,0.6033791730846907,0.6043731014030125,1.1804158667838112,-0.04379629629629622,-0.0505092592592592,0.35167882129382433,0.45666756580688306,0.1805707667537517,0.5120001504636681,0.0019878566366436923,0.006712962962962976,0.020594524829651052,0.24222263151280027,0.12785390921515033,0.10691658276105266,0.0,0.7560412996646407,0.6204992690513706,0.2852884509871392,0.28805357298187295,0.3806471376720668,angry,05,19,19,male,strong,2253
120,4.0040000000000004,True,1.0,0.6013320163493462,0.5892539966562111,0.5952930065027786,1.1944740194809584,-0.043842592592592544,-0.04944444444444446,0.3440405531845634,0.48200737210358047,0.1799035243656609,0.4983725027032858,0.012078019693135045,0.005601851851851913,0.022748159094315722,0.24658778830157677,0.12776117104442114,0.10702738408546263,0.0,0.7520171178132631,0.6224593968055973,0.2856104404974809,0.2911462390083628,0.38307792593934553,angry,05,19,19,male,strong,2253
0,0.0,True,1.0,0.5675792126820659,0.5107754380631325,0.5391773253725992,0.86499936544556,-0.046527777777777835,-0.04884259259259255,0.36040612805371797,0.3555318295872145,0.17638932142096195,0.623326844979672,0.05680377461893338,0.002314814814814714,0.027753242298682344,0.3505119835974933,0.12619648802540176,0.10834164636850527,0.0,0.9999999987499999,0.6286471274681747,0.28275491984387935,0.29559773222545777,0.3868068069471062,fearful,06,19,19,male,normal,2254
10,0.33366666666666667,True,1.0,0.5831084471432865,0.5704981327581993,0.5768032899507429,0.8088825685844396,-0.04935185185185181,-0.051296296296296395,0.3682543756585328,0.3424978902194943,0.17570139218256625,0.7130865620706353,0.012610314385087196,0.0019444444444445819,0.03239597882428105,0.36830936990152446,0.12568145082775214,0.10806071954147871,0.0,0.9999999987499999,0.630341012991134,0.2831881024694055,0.29550987572549997,0.3859877692872247,fearful,06,19,19,male,normal,2254
20,0.6673333333333333,True,1.0,0.5689061620841103,0.521670059416051,0.5452881107500807,0.7425586885934063,-0.048472222222222305,-0.05111111111111111,0.3721115890871824,0.3238732025268754,0.17083511971881044,0.7343367186006456,0.04723610266805922,0.002638888888888802,0.03707754472623571,0.4023866107036269,0.12223143586607119,0.1114365758328882,0.0,0.9999999987499999,0.6787668483877927,0.30106161105296014,0.27538533414615896,0.40329110749882224,fearful,06,19,19,male,normal,2254
30,1.0010000000000001,True,1.0,0.559029368231037,0.5222536083463335,0.5406414882886852,0.8233511022020849,-0.048333333333333284,-0.05148148148148146,0.3750077967218651,0.33828845549264275,0.1750017438529185,0.656635409660251,0.036775759884703496,0.0031481481481481777,0.030446773426142985,0.3802264365906449,0.12540645667419925,0.10855538108250966,0.0,0.9999999987499999,0.6292578467871524,0.2852106625352042,0.298067060196832,0.3878624684917677,fearful,06,19,19,male,normal,2254
40,1.3346666666666667,True,1.0,0.5276898532162371,0.4808543972955856,0.5042721252559114,0.7435073835955717,-0.041805555555555485,-0.0469444444444444,0.37352710637667097,0.2719573857882033,0.17849316768879112,0.6782341862124781,0.04683545592065147,0.005138888888888915,0.029647556493228172,0.41764184058351994,0.1225862271409159,0.11070249937286644,0.0,0.7071067807446058,0.6283069556807098,0.28152638926399776,0.2876714038101357,0.38128027714426144,fearful,06,19,19,male,normal,2254
50,1.6683333333333334,True,1.0,0.4708485909439157,0.4717631647945879,0.4713058778692518,0.8601324828222677,-0.038749999999999896,-0.04342592592592587,0.37640252321333784,0.2149003573869764,0.1863094152695318,0.5479456796269365,0.000914573850672229,0.004675925925925972,0.0022630537628348644,0.3741630911863197,0.12774843813506362,0.10704258182998888,0.0,0.7229882790609778,0.599574260008691,0.2871082925310257,0.29843231296778816,0.38706689306117287,fearful,06,19,19,male,normal,2254
60,2.0020000000000002,True,1.0,0.3858796082527732,0.3899105553704826,0.3878950818116279,0.7981289842755842,-0.04458333333333331,-0.047314814814814865,0.3930073984006552,0.21226556464371754,0.18527763319669158,0.48600550719718316,0.004030947117709405,0.002731481481481557,0.008967167293838372,0.36658476159273795,0.12326768340362564,0.11149188404870673,0.0,0.8873536880392955,0.6645071395120548,0.30392735135965826,0.2759121228773777,0.39878026878306433,fearful,06,19,19,male,normal,2254
70,2.3356666666666666,True,1.0,0.3884467800662429,0.4132630763027226,0.40085492818448276,0.7499668876777345,-0.03842592592592586,-0.04203703703703704,0.3661256250863379,0.2246964755901559,0.17784170484874165,0.5344968354879325,0.024816296236479685,0.003611111111111176,0.005616706352376431,0.4284997877861642,0.12579733591961925,0.1093288984949283,0.0,0.9999999987499999,0.6194165224449156,0.2875207165677287,0.2801337067504881,0.36401893870548735,fearful,06,19,19,male,normal,2254
80,2.6693333333333333,True,1.0,0.4229049592430603,0.41039483861385,0.41664989892845516,0.8160967240865112,-0.041018518518518565,-0.04435185185185181,0.3673462618569134,0.2606065254852815,0.17448054864018753,0.5105398497890401,0.012510120629210308,0.0033333333333332438,0.008417443804841305,0.39913068207947167,0.12636664969090386,0.10761330740785933,0.0,0.9999999987499999,0.6189619355163941,0.28395732525624834,0.3021808189981036,0.3831396491769905,fearful,06,19,19,male,normal,2254
90,3.003,True,1.0,0.45092102287166846,0.4295489576150959,0.4402349902433822,0.8574505886456819,-0.03972222222222227,-0.044351851851851865,0.3737159875605941,0.29204765306680414,0.1696622300105387,0.5134231593901177,0.021372065256572537,0.004629629629629595,0.019714281821236072,0.3774022647614967,0.1277391761799563,0.10651839651943366,0.0,0.7433705257884224,0.6146470207457984,0.2824621010584608,0.307522907710874,0.3886616570440258,fearful,06,19,19,male,normal,2254
100,3.336666666666667,True,1.0,0.4854916883122333,0.48219660927872476,0.48384414879547905,0.9072645957449167,-0.042546296296296304,-0.04796296296296304,0.3755828383119693,0.32376184806504066,0.17185172423239845,0.5332999337400739,0.0032950790335085633,0.005416666666666736,0.017263508106976445,0.3657991547677866,0.12629183466783503,0.10716909414073082,0.0,0.9999999987499999,0.6172513612398084,0.2838958601970256,0.3113710367848161,0.38943824811570665,fearful,06,19,19,male,normal,2254
0,0.0,True,1.0,0.6138978945045803,0.6110829198705411,0.6124904071875608,0.9579112795378713,-0.054629629629629695,-0.0554629629629631,0.3524979973478671,0.4226079174431781,0.17986280783332048,0.6394020200733483,0.0028149746340392356,0.0008333333333334081,0.00036112737581819404,0.29779411764705954,0.1276579593670697,0.10715046981338977,0.0,0.6471169181888389,0.6338923674704257,0.28116929879929714,0.2956694951358192,0.373808141006056,fearful,06,19,19,male,normal,2255
10,0.33366666666666667,True,1.0,0.5973355522777951,0.6290165967622984,0.6131760745200467,0.9097505781735993,-0.06050925925925932,-0.058935185185185146,0.3438940099242537,0.4981768884077696,0.17364670316586828,0.6740045999762366,0.03168104448450326,0.001574074074074172,0.0027119843675336482,0.31289039306618155,0.12837845349882296,0.10628617242176058,0.0,0.6937962261936909,0.6311113091721063,0.28066306965939863,0.30262138709947023,0.38610380578183495,fearful,06,19,19,male,normal,2255
20,0.6673333333333333,True,1.0,0.6004726794122484,0.6036987794457634,0.6020857294290058,0.756818249681215,-0.06050925925925932,-0.05939814814814809,0.35685588835421483,0.399049622559186,0.17573786330129443,0.7955486402218958,0.003226100033515089,0.0011111111111112293,0.007182542041139758,0.36863047859891596,0.1288374174185706,0.10572936036786637,0.0,0.6819633785029938,0.6317241104332358,0.27949458956632023,0.3000421143269541,0.3818211801791017,fearful,06,19,19,male,normal,2255
30,1.0010000000000001,True,1.0,0.5918555260907176,0.5851149499837761,0.5884852380372468,0.818879552406413,-0.05800925925925926,-0.05731481481481476,0.36774979076302045,0.3893033937669838,0.1777988050529181,0.7186468831806652,0.006740576106941454,0.0006944444444444975,0.008226912090096966,0.3519403828145186,0.12778616253397632,0.10699754406325568,0.0,0.9291765525925149,0.6331353410817452,0.27949461837715867,0.2986832011294673,0.381484652177802,fearful,06,19,19,male,normal,2255
40,1.3346666666666667,True,1.0,0.5865325264836831,0.5851149499837753,0.5858237382337292,0.700177601860334,-0.05768518518518517,-0.05861111111111106,0.37242278528312184,0.32364877721945895,0.17986789790391577,0.8366787750382578,0.0014175764999078133,0.0009259259259258856,0.01161971524294181,0.4143215753724741,0.1286042874457259,0.10601280593110436,0.0,0.8084987114352388,0.6330456068443002,0.2779765338325497,0.29866239142730266,0.3799368785466679,fearful,06,19,19,male,normal,2255
50,1.6683333333333334,True,1.0,0.5756983893181614,0.6113659126899237,0.5935321510040426,0.9879342505551725,-0.051805555555555605,-0.05495370370370367,0.3584740330065713,0.4458201123134892,0.17430599325732166,0.6007810243146297,0.035667523371762266,0.0031481481481480666,0.01094920058074749,0.30586710589790667,0.12378582184985779,0.11091633012896239,0.0,0.9999999987499999,0.6671462600508954,0.29963724993131846,0.281804425080824,0.4076738161998444,fearful,06,19,19,male,normal,2255
60,2.0020000000000002,True,1.0,0.5928877217937194,0.5744589091305722,0.5836733154621458,0.8995000360779799,-0.05023148148148149,-0.05152777777777778,0.3802114099615903,0.3789649126473848,0.17430949483188363,0.6488863724865329,0.01842881266314722,0.0012962962962962954,0.01626186230517091,0.3241789421920314,0.12784461528316662,0.10692769572888637,0.0,0.8597950407762466,0.634315729182298,0.2776734533634855,0.29848819117394154,0.37667459701674494,fearful,06,19,19,male,normal,2255
70,2.3356666666666666,True,1.0,0.595159272285136,0.6008762569214781,0.598017764603307,1.0345488503719145,-0.05074074074074081,-0.05638888888888893,0.3407820065576566,0.5165235978931348,0.16921232963351104,0.5780469084551426,0.005716984636342071,0.005648148148148124,0.03539656970422122,0.2597400568467275,0.12327733819095889,0.1116519763206578,0.0,0.8838657579106864,0.6633966784213684,0.3010406087979528,0.28288266363062053,0.4116979963199753,fearful,06,19,19,male,normal,2255
80,2.6693333333333333,True,1.0,0.5695542860083891,0.557765592144768,0.5636599390765785,0.987652685038933,-0.047916666666666774,-0.05384259259259255,0.3582839299856119,0.4530227434145246,0.16954572253075878,0.5707066336324081,0.011788693863621136,0.005925925925925779,0.025539957454711982,0.2939475786248904,0.12797511669473796,0.10677147220943073,0.0,0.8279996740164962,0.6233218313731743,0.2797277459160363,0.30108533650781927,0.3739001890791891,fearful,06,19,19,male,normal,2255
90,3.003,True,1.0,0.5883748783891846,0.5494337928817371,0.5689043356354608,1.0199589982076203,-0.05180555555555566,-0.05592592592592599,0.3548016858254307,0.5030297569451235,0.17015503129913073,0.5577717698801615,0.03894108550744746,0.00412037037037033,0.02134243600298104,0.2976477600259773,0.12820523669063344,0.1064950470961985,0.0,0.7211105249497536,0.6270468018848167,0.2805196292279445,0.3023366352787129,0.3774976448292112,fearful,06,19,19,male,normal,2255
100,3.336666666666667,True,1.0,0.42995316794182803,0.44165006203114004,0.43580161498648406,0.9695792467443506,-0.06291666666666668,-0.0631944444444445,0.3565184051792616,0.4505222772065336,0.17084941013020882,0.4494749825244476,0.011696894089312015,0.0002777777777778212,0.016079546558194928,0.30392120699289876,0.12782287045651194,0.10695368885173703,0.0,0.6889868902932743,0.617662870632628,0.2847678682144037,0.3058129623053707,0.3912959359990103,fearful,06,19,19,male,normal,2255
0,0.0,True,1.0,0.6486950059911576,0.6115960376041771,0.6301455217976674,0.8348242389108798,-0.05231481481481476,-0.05625000000000002,0.36653566820379646,0.36169359682915836,0.18333374948165368,0.7548241802606998,0.03709896838698046,0.003935185185185264,0.01527655340445926,0.3577431768446136,0.1278770010235229,0.10688896285453856,0.0,0.8518963627920004,0.6289336212141107,0.2872022810363687,0.3000670699941713,0.3909676786760874,fearful,06,19,19,male,normal,2256
10,0.33366666666666667,True,1.0,0.6098646674613958,0.6052595557029049,0.6075621115821503,0.8221095348091504,-0.05185185185185176,-0.05564814814814817,0.3650670175022944,0.36918547937934154,0.18055597810614288,0.7390281779461342,0.004605111758490876,0.0037962962962964086,0.015301092562195645,0.35431483659673546,0.1287001522563323,0.10589640494422238,0.0,0.6115318882801919,0.6282194620191826,0.2875833844460839,0.2981156645884396,0.3874053542395461,fearful,06,19,19,male,normal,2256
20,0.6673333333333333,True,1.0,0.5253604113552692,0.5003815555651412,0.5128709834602052,0.712168515523929,-0.037129629629629735,-0.042407407407407394,0.362040442749026,0.32815608068259483,0.15835067921706855,0.720153969574035,0.02497885579012804,0.005277777777777659,0.016735252770739957,0.41957605936065956,0.1297664134404098,0.10458707240359626,0.0,0.6678163383048998,0.6400578586981669,0.28377199038854206,0.2877473143787675,0.36794880149453907,fearful,06,19,19,male,normal,2256
30,1.0010000000000001,True,1.0,0.5828101630918856,0.5631513425841097,0.5729807528379977,1.1108833891033632,-0.04175925925925933,-0.04578703703703707,0.3477719784112128,0.4749967804101852,0.1638893544106059,0.5157883882848159,0.019658820507775898,0.004027777777777741,0.017527440527803778,0.274134575307169,0.1269320166834379,0.1080094482512011,0.0,0.7100146806106107,0.6358443992440727,0.2875882208855535,0.2834848576999641,0.3696378178278968,fearful,06,19,19,male,normal,2256
40,1.3346666666666667,True,1.0,0.540567641399891,0.5460752369423877,0.5433214391711394,0.7216506813361877,-0.038981481481481506,-0.04444444444444445,0.37157668805834293,0.31990512867131327,0.16041714226458187,0.7528870313891217,0.0055075955424966905,0.005462962962962947,0.022224842194335882,0.42610616833482245,0.1298782845886555,0.10444811613186235,0.0,0.6762365667298524,0.6362420884369374,0.28398667599882077,0.28865142889326784,0.3674994002999676,fearful,06,19,19,male,normal,2256
50,1.6683333333333334,True,1.0,0.5394643786182156,0.5146528181726994,0.5270585983954574,0.7080408217746921,-0.038564814814814774,-0.043472222222222245,0.37295895003155527,0.3199051286713144,0.16111537299237594,0.7443901286290163,0.024811560445516245,0.004907407407407471,0.019341328360190937,0.41275655596754274,0.13038927597588706,0.10380951055525023,0.0,0.6973169175661516,0.6352378658338336,0.2840114365548058,0.29207443038396064,0.36617546264797624,fearful,06,19,19,male,normal,2256
60,2.0020000000000002,True,1.0,0.4762852377905774,0.47643338314279426,0.47635931046668584,0.6008247676751717,-0.04560185185185184,-0.048379629629629606,0.3569145169912652,0.278854338920128,0.16111158465904127,0.7928423328983393,0.0001481453522168552,0.002777777777777768,0.023936804048359968,0.4959295086201289,0.12800080670501474,0.10674067291168766,0.0,0.7015363591802356,0.6366132641806722,0.2850820670765057,0.2826450858391848,0.3689643496617382,fearful,06,19,19,male,normal,2256
70,2.3356666666666666,True,1.0,0.5189718066400311,0.501419566959335,0.5101956867996831,0.6818329513825747,-0.03796296296296303,-0.042962962962963036,0.36689309241898277,0.2921371359004741,0.1618074416094775,0.7482707982433862,0.01755223968069608,0.0050000000000000044,0.0223971643969167,0.44944236446248126,0.13037841224508617,0.10382315440985432,0.0,0.6812777717837586,0.6363804557682448,0.28580258400944314,0.289234955681541,0.36869849519897085,fearful,06,19,19,male,normal,2256
80,2.6693333333333333,True,1.0,0.5932689894596738,0.5811631185037794,0.5872160539817266,0.9779691727269312,-0.044120370370370476,-0.04689814814814819,0.3524705001362558,0.40857396328021245,0.16458518755548326,0.6004443395126211,0.012105870955894327,0.0027777777777777124,0.024519773062882434,0.3119663681738145,0.1276862602214233,0.10711674342267932,0.0,0.6914924906356321,0.6239346935492948,0.2881852985662852,0.2900776425164162,0.3827238028898097,fearful,06,19,19,male,normal,2256
90,3.003,True,1.0,0.5521377641782712,0.5470920610220809,0.549614912600176,0.9028854305429852,-0.043287037037037124,-0.04759259259259263,0.3724681950399419,0.3958212540116032,0.1625018779939558,0.6087316219840249,0.005045703156190351,0.004305555555555507,0.026952636505560085,0.32161914388009916,0.12703929947787157,0.10788324317944425,0.0,0.7788230862075778,0.6288199481589511,0.2872057320293744,0.29258747042802113,0.38916118654108,fearful,06,19,19,male,normal,2256
100,3.336666666666667,True,1.0,0.572871468014835,0.5470920610220809,0.5599817645184579,0.8959430947408004,-0.04356481481481478,-0.048055555555555574,0.3686957623614882,0.3709191368513289,0.16458379689082922,0.6250193430872557,0.02577940699275416,0.004490740740740795,0.024102512933903013,0.3441418270157318,0.12844726817333896,0.10620299934366945,0.0,0.6837061209328869,0.6260592466908639,0.2861896287401176,0.2971005165371319,0.3953117650860657,fearful,06,19,19,male,normal,2256
110,3.6703333333333332,True,1.0,0.5728714680148365,0.552199512651541,0.5625354903331887,0.8834207068070876,-0.045509259259259194,-0.04828703703703707,0.366293739288976,0.3785485238435037,0.16389075096782335,0.6367696455365399,0.02067195536329547,0.002777777777777879,0.022817032825803687,0.3318260707454772,0.12869102011331432,0.10590750262947903,0.0,0.8436944638611277,0.6403536554778162,0.28405678525531186,0.2898508891508447,0.37768540544137136,fearful,06,19,19,male,normal,2256
0,0.0,True,1.0,0.5426376472400718,0.48394133034848064,0.5132894887942763,0.9093432840435959,-0.0477777777777777,-0.04995370370370367,0.3528569176821505,0.4037504367277457,0.1774207875382544,0.5644617360693764,0.05869631689159116,0.00217592592592597,0.04508442441749481,0.3315487511274114,0.12903195591486807,0.10513003485527361,0.0,0.9999999987499999,0.6316199990855718,0.284337501797877,0.30398526882640026,0.3915933124825711,fearful,06,19,19,male,normal,2257
10,0.33366666666666667,True,1.0,0.5210727969348655,0.4666511471839691,0.4938619720594173,0.758839085572732,-0.04685185185185192,-0.05152777777777784,0.35301511072071967,0.35762085016014344,0.17457890516660793,0.6508125127564773,0.05442164975089642,0.004675925925925917,0.05223332340771682,0.3941426360415836,0.12808440470474822,0.10664034434537023,0.0,0.7071067807446058,0.6381295724696129,0.28242167700064036,0.29436069595558323,0.37216027045826644,fearful,06,19,19,male,normal,2257
20,0.6673333333333333,True,1.0,0.5727555452077268,0.5211102514116717,0.5469328983096993,0.7083827973047677,-0.04675925925925928,-0.051805555555555605,0.35294714574231045,0.3395333183115972,0.17252142835376422,0.7720866463593584,0.05164529379605509,0.0050462962962963265,0.05076501563546742,0.41752831166738574,0.12934866866099104,0.10510328104571655,0.0,0.6820850536421095,0.6384562171587385,0.2824205833970421,0.2978857098117584,0.3752949446124094,fearful,06,19,19,male,normal,2257
30,1.0010000000000001,True,1.0,0.5659873102333813,0.5052757448200759,0.5356315275267286,1.0603335660423037,-0.047731481481481486,-0.051666666666666694,0.3417077649006926,0.4705562364082774,0.17451727489447386,0.505153797522391,0.06071156541330547,0.003935185185185208,0.04474391698001142,0.29391358338970647,0.12614537325954517,0.10892714343055752,0.0,0.6768764382846393,0.6378386153445753,0.28411352044422744,0.2881527798088506,0.3731260098476741,fearful,06,19,19,male,normal,2257
40,1.3346666666666667,True,1.0,0.5415228290923696,0.47172642087737016,0.5066246249848698,0.7504185497971312,-0.04518518518518522,-0.05111111111111111,0.36182900614526387,0.3261289943767695,0.17373806664523808,0.6751227366671988,0.06979640821499944,0.00592592592592589,0.05433481825719653,0.3919391082899707,0.12675951342199268,0.10785914718957534,0.0,0.9999999987499999,0.6387156712216137,0.2813967204353117,0.29666847868559315,0.3820802812092545,fearful,06,19,19,male,normal,2257
50,1.6683333333333334,True,1.0,0.5120086741027778,0.4639647083404508,0.4879866912216143,0.7390662837920701,-0.047824074074074074,-0.05166666666666664,0.3650688149328829,0.32119534355333307,0.17514119582942927,0.6602745950171164,0.04804396576232706,0.003842592592592564,0.05803779416470399,0.4021595073705556,0.13075488566166624,0.10334862189104362,0.0,0.7686988551938382,0.6374083458930447,0.2799664600783147,0.30481982003795777,0.3828476459758783,fearful,06,19,19,male,normal,2257
60,2.0020000000000002,True,1.0,0.5416549722991376,0.45805747053671336,0.4998562214179255,0.6026143547688773,-0.04546296296296293,-0.051064814814814785,0.36579554327974506,0.22552013483531935,0.17855598934648143,0.8294794464523453,0.08359750176242425,0.005601851851851858,0.05349126664310879,0.4806871557975824,0.12782453465725804,0.10695169989461097,0.0,0.8210982498320486,0.6328219648093614,0.2816213200247729,0.29894844372003304,0.3870889329277327,fearful,06,19,19,male,normal,2257
70,2.3356666666666666,True,1.0,0.5353934015721181,0.4612368047449426,0.49831510315853034,0.7642726839873344,-0.045416666666666605,-0.05060185185185184,0.3488042885830008,0.3166039925699094,0.18067763154958041,0.6520121857014957,0.07415659682717551,0.005185185185185237,0.060980734386962346,0.38546483852775165,0.12625056370032836,0.10845443762587004,0.0,0.8819486857699859,0.6330642491371549,0.2810563559345873,0.30366114617132767,0.3900694893738496,fearful,06,19,19,male,normal,2257
80,2.6693333333333333,True,1.0,0.5200964472414856,0.4618029164137797,0.49094968182763266,0.7863607700997177,-0.04564814814814816,-0.05060185185185184,0.360173822698152,0.27526008438327776,0.1826990322656853,0.6243313508192629,0.05829353082770594,0.004953703703703682,0.0682007595492239,0.37093004807433466,0.12863621355797666,0.10597406443264537,0.0,0.7108463624462388,0.6330646171749951,0.2788242836398715,0.3098244870337911,0.38783446049574394,fearful,06,19,19,male,normal,2257
90,3.003,True,1.0,0.5506903559027488,0.4929126070760844,0.5218014814894166,0.8311400873195159,-0.04824074074074075,-0.0537037037037037,0.3647570184000666,0.29233443089386835,0.18206558918309676,0.6278141187633752,0.05777774882666442,0.005462962962962947,0.07441149683526015,0.35310938897826505,0.12857630764541023,0.10550639336326303,0.0,0.8158208710974615,0.6324172396771209,0.2792600851185532,0.3130585736484198,0.3941795901684329,fearful,06,19,19,male,normal,2257
100,3.336666666666667,True,1.0,0.5924343339389032,0.4888787724419858,0.5406565531904445,0.8465313684717728,-0.046157407407407425,-0.049768518518518545,0.37434373614949,0.3272051298895282,0.18211209740280165,0.6386727926768758,0.10355556149691741,0.0036111111111111205,0.07245765782295151,0.3386535316705833,0.1213179896916808,0.11226074904761356,0.0,0.7071067807446058,0.6864204461706558,0.2939610295839135,0.27445716162712447,0.3996440418226536,fearful,06,19,19,male,normal,2257
0,0.0,True,1.0,0.366083218041274,0.32641628148656787,0.3462497497639209,0.4120391410261182,-0.04712962962962969,-0.049166666666666636,0.4228098151908712,0.11183919542137537,0.17339648734620236,0.840332180340054,0.0396669365547061,0.0020370370370369484,0.008682578577580988,0.723214285714285,0.12850323379797482,0.10559538262475249,0.0,0.7071067807446058,0.617850039085947,0.28648843505553967,0.30862074657153965,0.3855459857077539,fearful,06,19,19,male,strong,2258
10,0.33366666666666667,True,1.0,0.34353115620718905,0.3522513665043974,0.34789126135579324,0.7030444834078378,-0.04981481481481481,-0.05402777777777773,0.4308782635501453,0.28235832072933725,0.16817173440589356,0.4948353476432596,0.008720210297208375,0.004212962962962918,0.00808002241309834,0.44381674966914275,0.12554929614456978,0.10961364882138598,0.0,0.824134912979136,0.6249617651670044,0.2841128608188058,0.30795235929477105,0.39504874178891786,fearful,06,19,19,male,strong,2258
20,0.6673333333333333,True,1.0,0.39846404706665867,0.3911873108467188,0.39482567895668874,0.8544728992701986,-0.05407407407407405,-0.05962962962962959,0.45340437825027236,0.3832579051875249,0.15774774662578886,0.46206928188583574,0.00727673621993985,0.005555555555555536,0.009721238113475259,0.35530457285534145,0.12761189845901755,0.10720532236028436,0.0,0.8789656739118833,0.6242894158210158,0.2841890490932822,0.3178311454230271,0.4124666260670604,fearful,06,19,19,male,strong,2258
30,1.0010000000000001,True,1.0,0.38307666246369365,0.3797013427671233,0.3813890026154085,0.6283582135560181,-0.05166666666666675,-0.05842592592592594,0.48967494816871415,0.16719684103130553,0.1729276967647945,0.6069611161077115,0.0033753196965703447,0.006759259259259187,0.005753552744805548,0.4741710383033819,0.12472774267462094,0.11054758241459413,0.0,0.6957181641209763,0.6244907183420244,0.2824350242146108,0.307430128978889,0.3886715009980428,fearful,06,19,19,male,strong,2258
40,1.3346666666666667,True,1.0,0.3251338112556116,0.33462518464200725,0.32987949794880944,0.5310190390169447,-0.045879629629629604,-0.05092592592592593,0.4782000468284494,0.06767478100648268,0.1841935344958589,0.6212197185236574,0.009491373386395663,0.0050462962962963265,0.005156182705497856,0.5679071196017994,0.12582714731587263,0.10929458709734377,0.0,0.8870100142012624,0.6116070401676296,0.2837717997895735,0.31643870513184774,0.4052770759952445,fearful,06,19,19,male,strong,2258
50,1.6683333333333334,True,1.0,0.3159127043787637,0.2933398771737327,0.3046262907762482,0.41317600555576306,-0.04189814814814807,-0.048055555555555574,0.42860235525672263,0.02359787038091876,0.18630941526953174,0.7372797226365925,0.022572827205030954,0.0061574074074075,0.0013464637829240535,0.7250937954633987,0.12711960345611972,0.10778860880381887,0.0,0.7727902378805676,0.6148623057426095,0.2829330162897259,0.31848419449755505,0.3984697987854645,fearful,06,19,19,male,strong,2258
60,2.0020000000000002,True,1.0,0.3098697285876456,0.29569105948608426,0.30278039403686496,0.5472235253236013,-0.04138888888888892,-0.048009259259259196,0.4588827715133633,0.027354253096968376,0.18685496707656818,0.5533029557854177,0.014178669101561348,0.0066203703703702765,0.0015465410964702175,0.5655478130172019,0.1264496217551233,0.10857380406234582,0.0,0.7548245268950503,0.6171875406334408,0.2838741354239055,0.32552388542712496,0.4093368481866667,fearful,06,19,19,male,strong,2258
70,2.3356666666666666,True,1.0,0.352031936933353,0.3636221201113288,0.3578270285223409,0.9714209010176243,-0.04592592592592587,-0.0469444444444444,0.37193093697600654,0.2968139951826426,0.18490427426774558,0.3683542614200442,0.011590183177975777,0.0010185185185185297,0.0023166342865644338,0.32928863093051713,0.12499690788018807,0.11024314396271834,0.0,0.7502582278416883,0.6081089747539641,0.2898359154042656,0.31359460083342044,0.3946964094695771,fearful,06,19,19,male,strong,2258
80,2.6693333333333333,True,1.0,0.3427019735821237,0.335097036558862,0.3388995050704928,0.6703998269200353,-0.04199074074074072,-0.04643518518518508,0.4324207495809656,0.1213426619090481,0.17925010926358442,0.5055184853305704,0.007604937023261649,0.004444444444444362,0.0076249251149627375,0.44902472120014253,0.1265210271205731,0.10849058699701898,0.0,0.7565939764138606,0.6103836545164941,0.2859504221621134,0.3216825917748944,0.40944170035810423,fearful,06,19,19,male,strong,2258
90,3.003,True,1.0,0.33118075278115394,0.3340491657430584,0.33261495926210616,0.6140175922304724,-0.04819444444444454,-0.04944444444444451,0.46571385148774486,0.12378434119838676,0.18066369624796033,0.5417026539155879,0.002868412961904432,0.0012499999999999734,0.004710509400626383,0.4784815445711045,0.1286404285302744,0.10596894789716853,0.0,0.6932812489737715,0.6071158480267107,0.2862347620381557,0.3282531237215516,0.4114988168958542,fearful,06,19,19,male,strong,2258
100,3.336666666666667,True,1.0,0.3162615989425842,0.3118750113362376,0.31406830513941086,0.5046710636651618,-0.04648148148148146,-0.04893518518518514,0.4672411471006718,0.08587686001328879,0.18134468499349693,0.6223227915198806,0.004386587606346637,0.00245370370370368,0.004283834623112718,0.592409828682456,0.12547147519095217,0.10970271958287796,0.0,0.6924693824715333,0.6101800308404611,0.2831932572189633,0.31945552287327417,0.404786508566491,fearful,06,19,19,male,strong,2258
110,3.6703333333333332,True,1.0,0.36487251879231153,0.3514013539456524,0.358136936368982,0.5290155462393977,-0.04995370370370372,-0.05138888888888887,0.4731970964212183,0.07405749017123837,0.18611152104827625,0.6769875458573248,0.013471164846659112,0.0014351851851851505,0.010572485743570396,0.5628198284379877,0.1277207519139271,0.10707561487769719,0.0,0.7115889008999958,0.6184972892360069,0.2836544391966866,0.319539948875014,0.4018333526323406,fearful,06,19,19,male,strong,2258
0,0.0,True,1.0,0.7410654933732495,0.6971533392797624,0.7191094163265059,1.2652912969154055,-0.07999999999999996,-0.07824074074074067,0.34914828966325334,0.5686588883100672,0.2042298096049972,0.5683350688332316,0.04391215409348703,0.0017592592592592937,0.012870116374149832,0.23384364418307846,0.12276949128722708,0.11152892964060092,0.0,0.7024579298332996,0.6713874844469038,0.30174203429526564,0.3013136951910805,0.4224916689093261,fearful,06,19,19,male,strong,2259
10,0.33366666666666667,True,1.0,0.7110365697653147,0.727612534241032,0.7193245520031734,0.9013653221125698,-0.07634259259259252,-0.07708333333333334,0.39667423775245997,0.43189103677825935,0.20422980960499712,0.7980388576712276,0.016575964475717297,0.0007407407407408195,0.005554666938645069,0.3284087911056973,0.12027073624511216,0.1143857687291678,0.0,0.8075964169965572,0.6798627675288866,0.29920634595777906,0.30267109550982396,0.43412328971060116,fearful,06,19,19,male,strong,2259
20,0.6673333333333333,True,1.0,0.5948956263945816,0.5969124492081193,0.5959040378013505,0.6464930549313598,-0.07671296296296293,-0.07726851851851851,0.4596100278551534,0.35555555555555585,0.20698904855374692,0.9217485528357602,0.0020168228135376554,0.0005555555555555869,0.004434350396099431,0.4783943756470678,0.12052129005242682,0.11428856756654887,0.0,0.8168106073531889,0.687614667742097,0.2974263556901594,0.3062409916037859,0.44122560106489606,fearful,06,19,19,male,strong,2259
30,1.0010000000000001,True,1.0,0.5619053585696118,0.5660691145838285,0.5639872365767201,0.7475611214769285,-0.0715277777777778,-0.07546296296296295,0.491614050226302,0.28282828282828343,0.2014025266275569,0.7544362867112078,0.004163756014216702,0.003935185185185153,0.005387793198297586,0.40373051800679477,0.125085428720988,0.10962254079052947,0.0,0.9999999987499999,0.6184580231936525,0.2879370215165991,0.3384810608303482,0.4340027366958102,fearful,06,19,19,male,strong,2259
40,1.3346666666666667,True,1.0,0.5266891866693216,0.5378577532673331,0.5322734699683274,0.6067673126380879,-0.0675,-0.0722222222222223,0.4407857401631567,0.20782888987429984,0.20560899561060816,0.87722831945927,0.011168566598011465,0.004722222222222294,0.0077379619537179065,0.5029678129587427,0.1247202893160437,0.11003779060150792,0.0,0.9999999987499999,0.6158510732496123,0.284276723785984,0.3260126064568322,0.40829565482384983,fearful,06,19,19,male,strong,2259
50,1.6683333333333334,True,1.0,0.5501039460686855,0.5464155313222187,0.5482597386954521,1.1659225206058224,-0.0686574074074075,-0.06990740740740736,0.41005358921922813,0.37646996469205546,0.20214712702540868,0.47023685451291575,0.0036884147464668615,0.0012499999999998623,0.004362033033091661,0.2644754802372475,0.12181664214325381,0.1137474547718,0.0,0.7413223900343183,0.6166652549457284,0.2897701120025518,0.31285742681550854,0.392872286703632,fearful,06,19,19,male,strong,2259
60,2.0020000000000002,True,1.0,0.4746101190609675,0.4824602154247469,0.47853516724285716,0.7194954147850235,-0.06574074074074077,-0.06680555555555562,0.44053534161763763,0.21356720869569942,0.2063332129721016,0.6650982861174142,0.007850096363779369,0.0010648148148148517,0.006892041522190936,0.395755196570489,0.12528425139124785,0.10991648704298643,0.0,0.7071067807446058,0.6218070852012679,0.2855386318386651,0.3314072829960118,0.40987370167386167,fearful,06,19,19,male,strong,2259
70,2.3356666666666666,True,1.0,0.49426359167562556,0.48911214732039077,0.49168786949800813,0.715382975998909,-0.06574074074074077,-0.06842592592592595,0.45948600614828866,0.19507611061775204,0.20215731705202655,0.6873071990725678,0.005151444355234791,0.0026851851851851793,0.005225442273046623,0.40931193858273673,0.12524025151156987,0.10996661844299145,0.0,0.7728392492946218,0.6186182509644483,0.2855510314019083,0.33179260050342374,0.4081051395352896,fearful,06,19,19,male,strong,2259
80,2.6693333333333333,True,1.0,0.46862615758482207,0.46791241201790973,0.46826928480136587,0.9738385458427035,-0.062222222222222234,-0.06583333333333335,0.37844624291438766,0.3486991855264155,0.20147410961037113,0.4808489937068087,0.0007137455669123383,0.0036111111111111205,0.003034404463573778,0.3116193964104315,0.12404716495163982,0.11131073011122836,0.0,0.6846289597107533,0.618270068527411,0.2895163230573003,0.320920547644896,0.39997912743332387,fearful,06,19,19,male,strong,2259
90,3.003,True,1.0,0.46790792091634065,0.43641034563243264,0.4521591332743866,0.913174314095549,-0.06222222222222229,-0.06541666666666668,0.4112516854268094,0.29830360927121335,0.19868638776562578,0.4951509545274786,0.03149757528390801,0.0031944444444443887,0.009454493996261804,0.33026925042725047,0.12611044237698552,0.1089675827663913,0.0,0.9999999987499999,0.6183988988017083,0.28956713331437867,0.3285094712293646,0.40171505379751465,fearful,06,19,19,male,strong,2259
100,3.336666666666667,True,1.0,0.40023358033624334,0.4201139226612329,0.41017375149873814,0.564204152167962,-0.06129629629629624,-0.06439814814814815,0.4665343938841434,0.11707260379135093,0.19936067097489069,0.7269952727618895,0.01988034232498953,0.003101851851851911,0.008806725945960927,0.5202721386343451,0.1261947971721083,0.10851932105482863,0.0,0.6808341707217088,0.620274540847589,0.2827605123740442,0.333426199942366,0.4105758485697561,fearful,06,19,19,male,strong,2259
110,3.6703333333333332,True,1.0,0.41752274315934795,0.43881231410266736,0.42816752863100765,0.6132806336777517,-0.06041666666666662,-0.06555555555555553,0.47907136888300944,0.17669994878767709,0.1931444532112036,0.6981592196436261,0.021289570943319402,0.005138888888888915,0.009849834963144554,0.4671397870454355,0.12501609918993278,0.11022138047471261,0.0,0.8873876128864499,0.6219280983721615,0.28450205830705094,0.334049383067128,0.4182676161471403,fearful,06,19,19,male,strong,2259
120,4.0040000000000004,True,1.0,0.46862615758482135,0.4970162557085238,0.4828212066466726,0.6287189158314596,-0.061203703703703816,-0.06537037037037047,0.4619758023077305,0.22220916693388082,0.1931835552199687,0.7679444573544568,0.028390098123702467,0.004166666666666652,0.006169258322877902,0.4658145108233661,0.1272897532354106,0.10758762239231005,0.0,0.6683336179560602,0.6192097753632704,0.2865890426931496,0.33434751307344474,0.4153607632113499,fearful,06,19,19,male,strong,2259
0,0.0,True,1.0,0.7056418531262036,0.6700950806155149,0.6878684668708592,1.3392198498300316,-0.08254629629629623,-0.0824999999999999,0.3738020738195895,0.5776236356716832,0.21667546963537446,0.5136337151500261,0.03554677251068872,4.629629629632204e-05,0.008423100106818656,0.21593593500783262,0.11944258467530358,0.11623788855607947,0.0,0.9999999987499999,0.6721039794042616,0.30142624677038804,0.31601509601578065,0.44326930725663216,fearful,06,19,19,male,strong,2260
10,0.33366666666666667,True,1.0,0.6413849000955126,0.6215008286788674,0.63144286438719,0.6661215469149349,-0.0786574074074074,-0.07893518518518522,0.37763137048150236,0.27413531793379137,0.21876708917623008,0.9479394073223495,0.019884071416645277,0.0002777777777778212,0.01685800097304215,0.4303582089411444,0.12525342991225338,0.10995160783572101,0.0,0.7137713580517819,0.6218608236341412,0.2818007468071327,0.34254006920805125,0.42113028324348806,fearful,06,19,19,male,strong,2260
20,0.6673333333333333,True,1.0,0.6013883798224386,0.5941259466093798,0.5977571632159092,0.7215534116676939,-0.08027777777777773,-0.08041666666666669,0.4035513366905986,0.2567774202419085,0.22293343644329897,0.8284309290899754,0.007262433213058861,0.0001388888888889661,0.012991362128640303,0.4207824380122649,0.12457633229820506,0.1107181791827442,0.0,0.7071067807446058,0.618502338544793,0.2825647855681679,0.35187894211948345,0.4281461139434299,fearful,06,19,19,male,strong,2260
30,1.0010000000000001,True,1.0,0.2453555298623749,0.2614217520808815,0.25338864097162817,1.6290315641318571,-0.0956481481481481,-0.09476851851851859,0.358384352756277,0.5797655118929447,0.21458653321087062,0.15554556863768562,0.016066222218506565,0.0008796296296295081,0.012213154056983698,0.20090746488722416,0.11402233792556007,0.12108828341596331,0.0,0.9999999987499999,0.666363008547169,0.3072562295394579,0.3075192302353529,0.434426937164742,fearful,06,19,19,male,strong,2260
40,1.3346666666666667,True,1.0,0.5408574171970816,0.5191851492621731,0.5300212832296274,0.7083697775878303,-0.06412037037037038,-0.06597222222222227,0.4260061744359072,0.21460547250932452,0.20972367735997205,0.7482268442260165,0.021672267934908507,0.0018518518518518823,0.014801623570960851,0.4357202029666667,0.12279071386646336,0.11235662180430868,0.0,0.8581160239181568,0.6213605104619974,0.28510191683554637,0.3426161098652074,0.4229075240836744,fearful,06,19,19,male,strong,2260
50,1.6683333333333334,True,1.0,0.5041803934976615,0.5082552027033229,0.5062177981004923,0.7126288710654795,-0.06273148148148155,-0.06254629629629632,0.4309403425080285,0.1779741948486033,0.2027871836624777,0.7103526374726106,0.004074809205661389,0.00018518518518523264,0.012775813888150146,0.43771366639957393,0.12651141732135868,0.10850179287931093,0.0,0.7964343116250497,0.6171076447219513,0.28551296402240195,0.34035212820249644,0.42448249938695165,fearful,06,19,19,male,strong,2260
60,2.0020000000000002,True,1.0,0.4824839956042652,0.46960379068010394,0.47604389314218454,0.7148580092399958,-0.05712962962962953,-0.05935185185185188,0.42912506480134405,0.1671226431946223,0.19930708674523123,0.6659279003508579,0.012880204924161254,0.0022222222222223476,0.013389131257824878,0.4289890069167481,0.12288117128927764,0.11259660524411808,0.0,0.8630114700664795,0.6240269359931473,0.28364077275272337,0.3324914873816081,0.41922792354389216,fearful,06,19,19,male,strong,2260
70,2.3356666666666666,True,1.0,0.561384781742675,0.5422162028875764,0.5518004923151257,1.1174766537549314,-0.05638888888888893,-0.06138888888888888,0.34588460552691774,0.3794089642753097,0.20139495022008683,0.4937915172195969,0.019168578855098595,0.004999999999999949,0.015730438459363904,0.2998924589453231,0.1257635078337667,0.10936781001637826,0.0,0.8341527038901838,0.6176052230970513,0.2893007832017373,0.31878169611217416,0.39264521806473335,fearful,06,19,19,male,strong,2260
80,2.6693333333333333,True,1.0,0.5197106531017117,0.509714048510348,0.5147123508060298,0.8050419222598761,-0.056342592592592666,-0.05962962962962959,0.42700865781663766,0.1865215041410096,0.19653398903121463,0.6393609283863794,0.009996604591363756,0.0032870370370369217,0.019180849712164362,0.37913956612339195,0.123122501012842,0.11165219086230023,0.0,0.7396005918044284,0.6099025706376301,0.2893836237467782,0.3334085933484869,0.4142119472080328,fearful,06,19,19,male,strong,2260
90,3.003,True,1.0,0.528609056414767,0.5082552027033233,0.518432129559045,0.7727066633855563,-0.05763888888888902,-0.06087962962962962,0.41305285963259125,0.23539769648574127,0.19513927986102833,0.6709300619818309,0.020353853711443715,0.0032407407407405997,0.016439793081891245,0.38948913055449513,0.1259321463108526,0.10917358790544385,0.0,0.6625498195037032,0.6246967694734143,0.284126010098934,0.33337450892304193,0.4140601075068568,fearful,06,19,19,male,strong,2260
100,3.336666666666667,True,1.0,0.5384417226948454,0.5140533652193924,0.5262475439571188,0.6255766213397491,-0.059259259259259234,-0.060462962962962885,0.4013318065842941,0.1438735187000903,0.20073245582099256,0.8412199657175409,0.024388357475452982,0.0012037037037036513,0.008017021242837432,0.49537252883983657,0.1266680279816628,0.10831892012862111,0.0,0.7174114630593073,0.624146585063713,0.2818593566820604,0.3290118316466191,0.40870596079433846,fearful,06,19,19,male,strong,2260
0,0.0,True,1.0,0.5874097478016674,0.5538560047854816,0.5706328762935745,0.9119336814420008,-0.05023148148148149,-0.05263888888888896,0.38391073567445233,0.3981682271084789,0.16807779912804377,0.6257394456483477,0.033553743016185855,0.002407407407407469,0.01829838846931561,0.31721424308606166,0.1292755232685006,0.10519323578410798,0.0,0.777641085947496,0.6276447767466362,0.27926440589002266,0.30048926220501804,0.3801903051736419,fearful,06,19,19,male,strong,2261
10,0.33366666666666667,True,1.0,0.5731017359949887,0.5706443513861736,0.5718730436905812,0.8477554298663764,-0.053611111111111165,-0.05444444444444446,0.39948950722825477,0.33171936309033345,0.17713545686623575,0.6745731416674265,0.002457384608815061,0.0008333333333332971,0.014584899550639215,0.34725268900552664,0.12709733814074764,0.10781486172243938,0.0,0.6773441401900515,0.6206995485928747,0.28115544844901486,0.30745852230388376,0.40119172824041754,fearful,06,19,19,male,strong,2261
20,0.6673333333333333,True,1.0,0.5499704681668658,0.5239032210371665,0.5369368446020162,0.8030997186915388,-0.0509722222222222,-0.05254629629629631,0.39911248049317855,0.33976023598493504,0.1770988427644487,0.6685805412518733,0.026067247129699322,0.0015740740740741166,0.018082452022130397,0.3663665043589812,0.12659372223489307,0.10822986331792582,0.0,0.7954801326319475,0.618965132975065,0.2813425066192546,0.304274983581329,0.4000595798852705,fearful,06,19,19,male,strong,2261
30,1.0010000000000001,True,1.0,0.33613102692163666,0.3387778274604615,0.33745442719104907,0.8901032870619583,-0.049398148148148135,-0.053472222222222254,0.4351018265420098,0.24529158451742739,0.17362209709164386,0.37911827997502895,0.002646800538824823,0.004074074074074119,0.018585698834831837,0.36140288574345786,0.12073255284621823,0.11489746930729257,0.0,0.6878652889807723,0.6136814514086885,0.2869287163522864,0.29313722444123924,0.3984357037386926,fearful,06,19,19,male,strong,2261
40,1.3346666666666667,True,1.0,0.3890541940714289,0.37701902808963605,0.38303661108053244,0.7160872962287144,-0.04282407407407407,-0.048981481481481404,0.43524868855577825,0.1846751541839239,0.1858375373216557,0.5349021175180751,0.012035165981792828,0.006157407407407334,0.0010548404637907925,0.4399472980608475,0.12603827298551873,0.10905105003293994,0.0,0.8852838133371126,0.5955317266906763,0.29327849765945846,0.31149717111594977,0.4029613714723949,fearful,06,19,19,male,strong,2261
50,1.6683333333333334,True,1.0,0.42334989734560197,0.46448277006447414,0.443916333705038,0.6671737018114007,-0.049444444444444346,-0.05782407407407408,0.4519439400979282,0.1888997753538003,0.1856946140625524,0.6653684527729273,0.04113287271887217,0.008379629629629737,0.0041643637060727315,0.45245123889345384,0.12636448534301836,0.10867287892925324,0.0,0.7117640825641645,0.6146975651510604,0.2864884482567015,0.31290902840628293,0.4019207026669707,fearful,06,19,19,male,strong,2261
60,2.0020000000000002,True,1.0,0.45930063735666216,0.4748478219651367,0.4670742296608994,0.5044827194849316,-0.047268518518518376,-0.057962962962962994,0.38956796610086986,0.14205378810811148,0.19054863455326007,0.925847827132264,0.01554718460847454,0.010694444444444617,0.016987145491319567,0.5953383535876775,0.1263563153009481,0.10833121184173966,0.0,0.6918752839621142,0.6217800239861571,0.285556703358729,0.3110485948941736,0.3975299951094235,fearful,06,19,19,male,strong,2261
70,2.3356666666666666,True,1.0,0.39411014166141933,0.3873611425283783,0.3907356420948988,0.5807823655261212,-0.04546296296296293,-0.05254629629629637,0.42394267588751017,0.11845678758099099,0.19116548380802514,0.6727746317520124,0.006748999133041056,0.007083333333333441,0.005678854792345135,0.5453580833868241,0.12433450377825955,0.1106458360957088,0.0,0.9999999987499999,0.6037807788037091,0.29259996101253405,0.32003025774365434,0.4068486369935554,fearful,06,19,19,male,strong,2261
80,2.6693333333333333,True,1.0,0.4808057404904365,0.4648199533239786,0.47281284690720754,1.1643634544297838,-0.0474074074074074,-0.05870370370370376,0.34662491805653983,0.38070429709762255,0.19546742023366895,0.4060698101682993,0.015985787166457932,0.01129629629629636,0.02508463589153937,0.2640961062191569,0.1233108065664103,0.11178557536154106,0.0,0.9999999987499999,0.588843309628539,0.298954323633528,0.30239981795770304,0.38859974633906924,fearful,06,19,19,male,strong,2261
90,3.003,True,1.0,0.4306856578869719,0.42884779582121074,0.42976672685409134,0.7496508153836532,-0.04884259259259266,-0.05851851851851847,0.42997328854489647,0.16124603871083262,0.1948211460242426,0.5732892141711966,0.0018378620657611422,0.00967592592592581,0.023338999859489694,0.4133840438911103,0.12633039379532449,0.1080092291600908,0.0,0.9999999987499999,0.5950029730329631,0.29419112809017717,0.3249870192264966,0.4025427049015253,fearful,06,19,19,male,strong,2261
100,3.336666666666667,True,1.0,0.4740228868304266,0.46122152843881775,0.46762220763462214,0.7111655747419225,-0.04888888888888887,-0.05884259259259261,0.4380424175552097,0.16921725206852484,0.19061468760844474,0.6575433685809655,0.012801358391608841,0.009953703703703742,0.018064757278720752,0.4268097796814964,0.12681124857374668,0.10797490939234466,0.0,0.7071067807446058,0.6065351739133154,0.28702014320846414,0.32650481607765236,0.40655845005783986,fearful,06,19,19,male,strong,2261
110,3.6703333333333332,True,1.0,0.4529848798526636,0.4397888401261775,0.44638685998942057,0.6187645175804636,-0.048240740740740695,-0.05537037037037029,0.4277698056981011,0.14586111226457824,0.1920996598747685,0.7214163826570305,0.013196039726486086,0.007129629629629597,0.010931634988345212,0.49375645401941154,0.12652217798478957,0.10831349085455119,0.0,0.7192286535472123,0.6063106862432474,0.2882933273657839,0.3189229116328379,0.3987891121130618,fearful,06,19,19,male,strong,2261
0,0.0,True,1.0,0.29140508154594286,0.24267157796981567,0.2670383297578793,0.5916675493145634,-0.042222222222222106,-0.040416666666666656,0.43637492539761413,0.21048479440178924,0.177094103915715,0.45133171502685676,0.048733503576127185,0.0018055555555554492,0.004294758085263585,0.5637804068855324,0.12756816731965026,0.1060066640576709,0.0,0.6922747463904452,0.614950212710084,0.2808311175003863,0.31315323874239537,0.3952857768496842,disgust,07,19,19,male,normal,2262
10,0.33366666666666667,True,1.0,0.28148203279405465,0.2617986967751709,0.2716403647846128,0.577043572347826,-0.04523148148148143,-0.044999999999999984,0.44022132534688946,0.203612905149611,0.18141829471210996,0.4707449797584357,0.019683336018883724,0.00023148148148144365,0.0131807617377329,0.5654298267238227,0.12827728417575068,0.10496611145907785,0.0,0.9999999987499999,0.6138264835934373,0.2833456894551807,0.3111902697656019,0.38349517416358125,disgust,07,19,19,male,normal,2262
20,0.6673333333333333,True,1.0,0.2615209426155352,0.24091511073894414,0.2512180266772397,0.65272283189647,-0.04273148148148148,-0.038611111111111096,0.4348870289077115,0.23473976405382876,0.16328604938601876,0.3848770326408408,0.02060583187659107,0.004120370370370385,0.006979195133373755,0.5340226363355546,0.12720923935056974,0.10768280825861938,0.0,0.9999999987499999,0.613266311938838,0.2826301402143167,0.3116089121581531,0.39958056604262404,disgust,07,19,19,male,normal,2262
30,1.0010000000000001,True,1.0,0.27640033692898874,0.21537320005899882,0.24588676849399377,0.67492076001684,-0.04314814814814805,-0.04078703703703712,0.4253153653201213,0.2151853903981992,0.1648728026169015,0.3643194624623173,0.06102713686998992,0.002361111111110925,0.02908791132137415,0.49560290351782016,0.1258334992526401,0.10893805735957525,0.0,0.813371963292001,0.6157526934054872,0.28412582060797187,0.3081975401572672,0.3981821952374968,disgust,07,19,19,male,normal,2262
40,1.3346666666666667,True,1.0,0.21450252232172612,0.18261981458479135,0.19856116845325872,0.6345408489263304,-0.042870370370370336,-0.04175925925925922,0.4192954299304456,0.2094710204438599,0.1646876008887789,0.31292101807036143,0.03188270773693477,0.0011111111111111183,0.017682857329067308,0.5230007688649821,0.12762223304623205,0.10701513657210732,0.0,0.9999999987499999,0.6136823848133003,0.2838937844901811,0.3074331395477391,0.38827644063932665,disgust,07,19,19,male,normal,2262
50,1.6683333333333334,True,1.0,0.28571428571428553,0.22956505903908983,0.25763967237668767,0.7481217607231586,-0.04277777777777775,-0.04148148148148151,0.42211375472482027,0.253302273759064,0.15524687642853852,0.3443820055810766,0.0561492266751957,0.0012962962962962399,0.02704386691657937,0.4380015900538192,0.12732868895190644,0.10736423423575409,0.0,0.632342413712934,0.61586553483112,0.2867827221176829,0.3119462850442637,0.39730715159592167,disgust,07,19,19,male,normal,2262
60,2.0020000000000002,True,1.0,0.26599497436798614,0.2265191332846438,0.24625705382631496,0.9257078002841123,-0.0446759259259259,-0.04305555555555557,0.41262811316726417,0.30226189416402294,0.15727980950065554,0.26602028604569966,0.039475841083342345,0.0016203703703703276,0.03547540331885895,0.34510229171248147,0.12680603330822693,0.1081573284031711,0.0,0.7071067807446058,0.6314423629373624,0.28443951935068695,0.30893568092410173,0.3933890421542058,disgust,07,19,19,male,normal,2262
70,2.3356666666666666,True,1.0,0.2959948477414635,0.2786993664323562,0.28734710708690986,0.4934983093665853,-0.03726851851851859,-0.039120370370370305,0.39912462103265434,0.13280968542569105,0.1639265918646978,0.582265636240427,0.017295481309107297,0.0018518518518517157,0.029607443483382078,0.6076832501494419,0.12850799687474912,0.10594983984272938,0.0,0.7071067807446058,0.615412804723452,0.28491620459618355,0.31005937651781634,0.38783299675898225,disgust,07,19,19,male,normal,2262
80,2.6693333333333333,True,1.0,0.305708197114819,0.2867028899567955,0.29620554353580725,0.6283341168431399,-0.04254629629629625,-0.04203703703703704,0.40239960126415986,0.19467273556956727,0.16601818375842214,0.4714140703102285,0.01900530715802351,0.0005092592592592093,0.02320506362109139,0.4983393650924511,0.12655761930900084,0.10827207773880075,0.0,0.7071067807446058,0.6146030559411264,0.2862376156820291,0.31025219013564226,0.3917324106443474,disgust,07,19,19,male,normal,2262
90,3.003,True,1.0,0.2908695566475598,0.29080241561710585,0.29083598613233286,0.6364868670610444,-0.044351851851851865,-0.039768518518518536,0.3860627098010509,0.2452452972948586,0.16737752141912057,0.45693949267996326,6.714103045396547e-05,0.004583333333333328,0.015519147510778646,0.480336839659367,0.1260992727245463,0.10863030559531243,0.0,0.871650314475453,0.6164867987429348,0.28680483202978657,0.31304133800074435,0.39667502278507394,disgust,07,19,19,male,normal,2262
100,3.336666666666667,True,1.0,0.35619685571746285,0.3389850731534385,0.3475909644354507,0.6710677631672545,-0.03912037037037036,-0.039629629629629626,0.42481613530345524,0.17971403292283686,0.16046421948056505,0.517967012444343,0.017211782564024336,0.0005092592592592649,0.01752778625557173,0.45332620073324076,0.12816419990703035,0.10636546284145329,0.0,0.6700225877222415,0.6142179698363721,0.2854864093700901,0.3161909625599279,0.4041390754002986,disgust,07,19,19,male,normal,2262
110,3.6703333333333332,True,1.0,0.317711235208639,0.28420577432683425,0.3009585047677366,0.7062585726351344,-0.037962962962962865,-0.03944444444444445,0.4324308730717188,0.20566696908069643,0.163918679613504,0.4261307634749477,0.03350546088180473,0.0014814814814815835,0.033685940800067274,0.43853451188884474,0.13153569276205362,0.1023530131483588,0.0,0.7880750153801617,0.5598273328315702,0.2663670398068032,0.33264193191700214,0.376468444144604,disgust,07,19,19,male,normal,2262
120,4.0040000000000004,True,1.0,0.36050902398094714,0.3727087043402568,0.366608864160602,0.39681683698176384,-0.04069444444444459,-0.04101851851851851,0.45591739829173994,-0.022648938051551968,0.16558953240233207,0.9238742663972445,0.012199680359309684,0.0003240740740739212,0.00745506431385299,0.6838122806708312,0.12537296188830335,0.10964166293063002,0.0,0.9999999987499999,0.6100445921259129,0.28703727202959856,0.3070643503029105,0.3899639719892858,disgust,07,19,19,male,normal,2262
0,0.0,True,1.0,0.2694556532571259,0.2823178162647776,0.2758867347609517,0.36987322893363245,-0.04120370370370374,-0.04578703703703724,0.4219037456446612,-0.08351976137211012,0.21477133407087892,0.7458953857145876,0.012862163007651695,0.004583333333333495,0.0009723923889407266,0.8165322580645148,0.12433888999682441,0.11098476564212956,0.0,0.8769914172832587,0.5892039191379677,0.28910490156692514,0.328818249378299,0.41015459906589913,disgust,07,19,19,male,normal,2263
10,0.33366666666666667,True,1.0,0.2907734789803981,0.2873586144930284,0.28906604673671327,0.3724068025201401,-0.0400462962962963,-0.04337962962962949,0.420436621009911,-0.09008359131441004,0.21197982428349174,0.7762104364919068,0.0034148644873697176,0.0033333333333331883,0.004564960220717618,0.8170347139752404,0.1215301526818655,0.11405349516338396,0.0,0.9708715160825753,0.5960121531503227,0.28952074453514637,0.32177959735759804,0.40303362941120924,disgust,07,19,19,male,normal,2263
20,0.6673333333333333,True,1.0,0.21051102695964125,0.2373348274472067,0.22392292720342397,0.4291187739463596,-0.037314814814814745,-0.04120370370370374,0.41902536738663093,-0.036781609195402167,0.18629180588200317,0.5218203928579798,0.02682380048756544,0.003888888888888997,0.006340366511793637,0.7553571428571443,0.12649710563215735,0.10851847786146054,0.0,0.6734270704344825,0.6060612219028236,0.2873175033042974,0.30777995110041595,0.3907719757864471,disgust,07,19,19,male,normal,2263
30,1.0010000000000001,True,1.0,0.18359344208157805,0.1879243950531985,0.18575891856738827,0.4930669300595877,-0.03527777777777791,-0.0343518518518518,0.4554729874344908,-0.017194125577362968,0.16949891706985054,0.37674179151487425,0.00433095297162045,0.0009259259259261077,0.02268148446317405,0.6015383472861748,0.12538008366215925,0.10980716001809988,0.0,0.6932704652629619,0.6066548299554196,0.29000523438800263,0.309274637993559,0.3981931751350367,disgust,07,19,19,male,normal,2263
40,1.3346666666666667,True,1.0,0.24480391260319775,0.2644227470267755,0.25461332981498663,0.544050851351764,-0.04703703703703699,-0.041481481481481564,0.46761693445050784,-0.011100153405180052,0.17512594867806028,0.467995462524077,0.01961883442357773,0.005555555555555425,0.018765771802537138,0.5053809771155914,0.12502777649681995,0.11020813433967243,0.0,0.7071067807446058,0.6094584411030036,0.291550757820128,0.3138554279024159,0.39897763672993714,disgust,07,19,19,male,normal,2263
50,1.6683333333333334,True,1.0,0.22655214193124387,0.18991722330746078,0.20823468261935232,0.4732729391846215,-0.0399074074074075,-0.038194444444444475,0.4500245754422293,0.01731486362870652,0.1653442363174795,0.4399885676500109,0.0366349186237831,0.0017129629629630272,0.0022126393875343867,0.6452781895044102,0.12981938787357533,0.1045213102830197,0.0,0.6669910825855617,0.6277910139368248,0.28406209712464436,0.3100032421144458,0.3916187391768063,disgust,07,19,19,male,normal,2263
60,2.0020000000000002,True,1.0,0.31463595727628857,0.3063385868338471,0.3104872720550679,0.5192098312373651,-0.03962962962962974,-0.040925925925925866,0.4557935879833734,0.06345402222160061,0.15975278994936187,0.5979996012693444,0.008297370442441443,0.0012962962962961289,0.013294854085568835,0.5628948118956569,0.12637465479620733,0.10866105280106798,0.0,0.6874926588078749,0.6268771638264681,0.2846719034166607,0.304443525684849,0.3977142094083884,disgust,07,19,19,male,normal,2263
70,2.3356666666666666,True,1.0,0.30270736695658595,0.28005755834559903,0.29138246265109247,0.5509237360605556,-0.04125000000000001,-0.04018518518518527,0.4630513463652098,0.05620189702518379,0.16256759411472513,0.5288980009005543,0.02264980861098692,0.0010648148148147407,0.02483847065802401,0.5523844875347335,0.12539986712273674,0.1097845667482026,0.0,0.9078060354832952,0.6300250325051896,0.2859531630522557,0.30990238186126534,0.4011230159375852,disgust,07,19,19,male,normal,2263
80,2.6693333333333333,True,1.0,0.22282628714118838,0.18772010651040366,0.20527319682579603,0.4974820738616854,-0.04402777777777778,-0.03953703703703704,0.42061715217927864,0.030331418364920294,0.17434100583818915,0.41262430871603223,0.03510618063078472,0.00449074074074074,0.01856396115554647,0.5903874399812772,0.1328875288470802,0.10059166192193003,0.0,0.6911332938451342,0.5561288812556272,0.2598964604023682,0.3272352847057813,0.35643462416033317,disgust,07,19,19,male,normal,2263
90,3.003,True,1.0,0.27853562299781714,0.26243419060296613,0.2704849068003916,0.5022675442448516,-0.04935185185185187,-0.04273148148148148,0.4294562070966489,0.04898327534769953,0.1834036489948516,0.5385275435367017,0.016101432394851012,0.0066203703703703876,0.010993153269394214,0.5760027167539147,0.12675681642341355,0.10821500478542823,0.0,0.7577883300653313,0.6079068296068427,0.2923270287743186,0.3145388693476257,0.3917306630945824,disgust,07,19,19,male,normal,2263
100,3.336666666666667,True,1.0,0.29463705539266577,0.2819565297737939,0.2882967925832298,0.4902838459432393,-0.05125000000000002,-0.04310185185185178,0.42426330742507073,0.07963963309511171,0.18132112357228436,0.5880201743718194,0.012680525618871896,0.008148148148148238,0.005482826467943435,0.6190100696281695,0.1260745036911919,0.10883424710043729,0.0,0.7974477685358506,0.6100540294789791,0.2917925243613827,0.3149771665219034,0.3960506604155949,disgust,07,19,19,male,normal,2263
110,3.6703333333333332,True,1.0,0.3254306153553386,0.31011018680552876,0.3177704010804337,0.6046830968704112,-0.042685185185185215,-0.04162037037037036,0.4128903483814723,0.08019193110474027,0.17446349453695598,0.525515601023216,0.015320428549809861,0.0010648148148148517,0.00953927183220087,0.48244744456305516,0.12862411311385039,0.10598875080169423,0.0,0.8286066553688739,0.6052104653580184,0.29028189339723093,0.3132312655914983,0.385913839034979,disgust,07,19,19,male,normal,2263
120,4.0040000000000004,True,1.0,0.2940806631854217,0.27024702513325677,0.28216384415933926,0.5470167041060503,-0.04175925925925916,-0.04180555555555554,0.4432743013110681,0.03417915770942203,0.1758680555555556,0.5158230855499361,0.02383363805216493,4.629629629637755e-05,0.012073425076956058,0.5271989703578407,0.12726889975115413,0.10761228985009169,0.0,0.7435907106578618,0.6018302561258879,0.28976929058966844,0.3115830174305655,0.3843067231659836,disgust,07,19,19,male,normal,2263
130,4.337666666666666,True,1.0,0.3198138058242276,0.3101101868055289,0.3149619963148782,0.5379749012342581,-0.041944444444444395,-0.03967592592592595,0.43184220833113834,0.040932872919997754,0.17925010926358442,0.5854585327164358,0.009703619018698706,0.0022685185185184475,0.005351752075076324,0.5380434782608685,0.12597361788317965,0.10912573192349093,0.0,0.812074901332901,0.5969058483080733,0.2916279156586226,0.3093314725930742,0.3823683295164974,disgust,07,19,19,male,normal,2263
140,4.671333333333333,True,1.0,0.2948090827783065,0.27789075411362407,0.28634991844596525,0.5721219629050213,-0.03814814814814821,-0.03736111111111112,0.4337827187047588,0.017513937639949573,0.1772078013091835,0.5005050269211612,0.016918328664682403,0.000787037037037086,0.007835942494787232,0.5296363179778324,0.13009622341111682,0.1041765349067478,0.0,0.6577530593565373,0.5881660345388154,0.2895750185391545,0.3121270608816752,0.3860127006013437,disgust,07,19,19,male,normal,2263
0,0.0,True,1.0,0.3465160075329563,0.3386243386243387,0.3425701730786475,0.6007919228694387,-0.04587962962962966,-0.04500000000000004,0.3967283439067879,0.2878596979633142,0.15124478106470446,0.5701977007988059,0.007891668908617588,0.0008796296296296191,0.013139525943580569,0.5038716530670412,0.13244722563840428,0.10117069828684928,0.0,0.9082935301543458,0.5624700995163691,0.25379842062662145,0.31086482221894846,0.3370907725470501,disgust,07,19,19,male,normal,2264
10,0.33366666666666667,True,1.0,0.4135983572144715,0.4014336917562719,0.4075160244853717,0.7332954342084197,-0.04490740740740745,-0.043240740740740746,0.39830952698197564,0.27341976981424876,0.16071364091478066,0.5557323903499802,0.012164665458199608,0.0016666666666667052,0.012644441370380663,0.4385393919202038,0.12704131818793443,0.10788086597595498,0.0,0.7430117438483881,0.6164827550082533,0.2828594080439261,0.30428165231092263,0.39376067949180715,disgust,07,19,19,male,normal,2264
20,0.6673333333333333,True,1.0,0.2424379136607863,0.22882015864650757,0.23562903615364694,0.7540218967665077,-0.0467129629629629,-0.0413425925925926,0.42689725252683614,0.15659868413614825,0.17569444444444443,0.31249627784564515,0.013617755014278726,0.005370370370370303,0.0022470233817908675,0.44240085431943094,0.12690732472856997,0.10803845935977775,0.0,0.8279174738070884,0.6192935157813125,0.2777504894384972,0.31475634485733606,0.40727689259942906,disgust,07,19,19,male,normal,2264
30,1.0010000000000001,True,1.0,0.22504280208573918,0.232900846612855,0.22897182434929708,0.603348677595002,-0.05592592592592599,-0.05092592592592604,0.47445116181617364,-0.010771910087241376,0.20000343319807196,0.37950165940861563,0.007858044527115832,0.004999999999999949,0.04090645427162052,0.4723405134797915,0.12285298211304968,0.11262736148956021,0.0,0.6885293650829876,0.606535117375075,0.2888447149664793,0.30149744245772486,0.3955159061656906,disgust,07,19,19,male,normal,2264
40,1.3346666666666667,True,1.0,0.20746194342011898,0.1903802810086407,0.19892111221437986,0.6181431863701166,-0.03967592592592595,-0.03634259259259265,0.4515109195100009,0.06069824447347415,0.17365505086318994,0.3218042625083224,0.017081662411478266,0.0033333333333332993,0.023900688644186457,0.5121734448138902,0.12514063992939078,0.11007996188524397,0.0,0.6871461146563566,0.6214711561421443,0.28055558129525326,0.31782005628095583,0.40646518990994623,disgust,07,19,19,male,normal,2264
50,1.6683333333333334,True,1.0,0.20787502667610308,0.15923081175626416,0.1835529192161836,0.629430232445559,-0.042731481481481426,-0.037037037037036924,0.44892431031295366,0.08833678398895758,0.17367438083230521,0.2916175769044579,0.04864421491983892,0.005694444444444502,0.012686870556972584,0.5035706364836321,0.1282378579437384,0.10645576339891373,0.0,0.8146613602192488,0.6189938632171619,0.2816870229026484,0.32570012683388533,0.40297635354704064,disgust,07,19,19,male,normal,2264
60,2.0020000000000002,True,1.0,0.2377934729209834,0.21365118564425684,0.22572232928262012,0.6364468923888931,-0.03851851851851856,-0.036018518518518505,0.44976314181808985,0.08372670617076508,0.16669596096719855,0.35466011694294713,0.02414228727672657,0.0025000000000000577,0.002150042347262807,0.4837765661756116,0.12455371574873146,0.1107436213219273,0.0,0.7800809054281729,0.6180494823632579,0.2847002594370771,0.30877137073330474,0.39877636081699297,disgust,07,19,19,male,normal,2264
70,2.3356666666666666,True,1.0,0.28564398642785105,0.2642609612792669,0.274952473853559,0.5616747688605251,-0.05500000000000016,-0.05175925925925917,0.4468036558756746,0.051582376732088875,0.1923615077290461,0.4895225655433261,0.021383025148584145,0.0032407407407409883,0.009725774765214155,0.5181916206442903,0.12709148310992693,0.10782176353431182,0.0,0.7132295789571002,0.5969033120826456,0.2903686935573048,0.3161383687372838,0.38685154025095375,disgust,07,19,19,male,normal,2264
80,2.6693333333333333,True,1.0,0.3307850543883862,0.30488721059529206,0.3178361324918391,0.531947872760873,-0.05148148148148146,-0.045694444444444426,0.4202275516325149,0.10272908408319464,0.18958333333333333,0.5974948839295694,0.025897843793094122,0.005787037037037035,0.006147150220330233,0.6010855070190899,0.12687213327816757,0.10807978334574375,0.0,0.6788665916639313,0.5979788560346014,0.2912810458886639,0.3197374326524138,0.39129646491087533,disgust,07,19,19,male,normal,2264
90,3.003,True,1.0,0.3456715210661914,0.33052324315901604,0.33809738211260376,0.6901770972890406,-0.056064814814814845,-0.052453703703703725,0.39065881399302377,0.19809564195178592,0.19861725721356674,0.48987047446318155,0.015148277907175378,0.0036111111111111205,0.008314135860704605,0.427461439657639,0.12435888510152937,0.11079052991577765,0.0,0.715650027268432,0.6002330622248899,0.2906436263188063,0.31293998970267173,0.3868695587365611,disgust,07,19,19,male,normal,2264
100,3.336666666666667,True,1.0,0.352031936933353,0.3448282411942441,0.3484300890637986,0.7318883955288741,-0.04194444444444434,-0.037129629629629624,0.4138643347719704,0.21596706753311048,0.17015009905848213,0.47606997349919383,0.007203695739108895,0.004814814814814716,0.007085404636758283,0.4162522854355772,0.1263102831192962,0.10873587332943707,0.0,0.7735903807935952,0.6110374773659464,0.2829961719693905,0.3115104034676525,0.3928117482835889,disgust,07,19,19,male,normal,2264
110,3.6703333333333332,True,1.0,0.3510802246298175,0.3632820449003297,0.3571811347650736,0.748566922527397,-0.04157407407407404,-0.03680555555555548,0.4227715627533458,0.21052631578947392,0.16877893270488467,0.47715324310499585,0.012201820270512254,0.004768518518518561,0.01192784425613141,0.42185870652420226,0.1277760294955784,0.1070096446921135,0.0,0.7245778276978528,0.61725664468131,0.2795837867468149,0.3203772702072838,0.40077762927299876,disgust,07,19,19,male,normal,2264
120,4.0040000000000004,True,1.0,0.3553489814148244,0.34370018828818144,0.34952458485150295,0.7684353209628084,-0.04282407407407418,-0.03870370370370374,0.4310229181259178,0.1318909667200746,0.17439132410786204,0.4548523152391893,0.011648793126642965,0.004120370370370441,0.00971841373117687,0.411366099742534,0.12494347636344534,0.11030369660426596,0.0,0.7478759086449764,0.602385267685199,0.28773116371889185,0.31912090201853777,0.4004237671790421,disgust,07,19,19,male,normal,2264
0,0.0,True,1.0,0.37925995770114235,0.29902654897380976,0.3391432533374761,0.7505132016201375,-0.040740740740740744,-0.0427777777777778,0.40207199567538787,0.1311325183831843,0.16970397307241367,0.451881795823665,0.08023340872733259,0.0020370370370370594,0.07309117529646927,0.3777215533980098,0.12119629524926097,0.1103392090194917,0.0,0.9999999987499999,0.6752181907997573,0.29870432538287367,0.2792169689705494,0.39857969958605494,disgust,07,19,19,male,normal,2265
10,0.33366666666666667,True,1.0,0.32079231639353184,0.27880586818418845,0.29979909228886015,0.5651580679373173,-0.03361111111111109,-0.03796296296296292,0.4445247846670359,0.08298538887035568,0.16949891706985043,0.5304694550022976,0.041986448209343386,0.004351851851851829,0.04573341613300872,0.5592676199610103,0.12775885322877198,0.1070301508570078,0.0,0.7071067807446058,0.6219157218668718,0.2792907515721062,0.31173392656576715,0.39528568198943387,disgust,07,19,19,male,normal,2265
20,0.6673333333333333,True,1.0,0.34336123050130357,0.2919519495912197,0.3176565900462616,0.5720848501649802,-0.036250000000000004,-0.039953703703703713,0.44702872299124546,0.08965159499526872,0.1697970808327882,0.555261321733401,0.0514092809100839,0.003703703703703709,0.037516592209109,0.543104747820849,0.1286205930041772,0.10581312243109245,0.0,0.7258747828932195,0.620872103372599,0.28059378003566887,0.31476261300410785,0.3953605287293807,disgust,07,19,19,male,normal,2265
30,1.0010000000000001,True,1.0,0.24939140119087314,0.19771304127904366,0.22355222123495838,0.5807508299997158,-0.03532407407407406,-0.03574074074074074,0.4416479087155137,0.011362418493078293,0.1730930638915411,0.3849365505600186,0.05167835991182948,0.0004166666666666763,0.048107601841068846,0.5205705541897598,0.1298521095180202,0.10448065574369156,0.0,0.7257453553529124,0.5704885293179772,0.2666028509354972,0.3034001672294571,0.34809192833848057,disgust,07,19,19,male,normal,2265
40,1.3346666666666667,True,1.0,0.2327154979114185,0.21603638635845449,0.2243759421349365,0.5915992090999331,-0.038796296296296384,-0.04041666666666671,0.4308023774427289,0.03474715709304704,0.17044175229798642,0.3792701861050576,0.016679111552964004,0.0016203703703703276,0.06193568646329934,0.48810453270536835,0.12558067106447576,0.10764817417225979,0.0,0.8577893363912691,0.6248123367003051,0.2864404166090628,0.2871088098910863,0.37043296106977514,disgust,07,19,19,male,normal,2265
50,1.6683333333333334,True,1.0,0.21152073000748609,0.18861243206582334,0.2000665810366547,0.5583695536288423,-0.03402777777777788,-0.03675925925925916,0.4465898765949579,0.022284073933404834,0.17083511971881044,0.3583049608210593,0.022908297941662742,0.0027314814814812793,0.040879394648262964,0.5369014466934119,0.12437978103880251,0.11042253391530019,0.0,0.9999999987499999,0.6097588471794968,0.2871455585267532,0.30693429855228804,0.39115399342881496,disgust,07,19,19,male,normal,2265
60,2.0020000000000002,True,1.0,0.25428176205122466,0.19447371709171032,0.2243777395714675,0.49800249822673065,-0.040648148148148044,-0.03907407407407404,0.4436440404278227,0.005651734683688313,0.1715282225678134,0.4505554497626491,0.059808044959514334,0.0015740740740740056,0.04136893780180402,0.5816627335180078,0.12532148779261792,0.10952668429548297,0.0,0.7071067807446058,0.6097913718846913,0.2903413624799036,0.30821038217964414,0.38199517512665626,disgust,07,19,19,male,normal,2265
70,2.3356666666666666,True,1.0,0.21884903286284188,0.20065029578280202,0.20974966432282194,0.5463492777185371,-0.038842592592592595,-0.03837962962962971,0.41512113260363787,0.07886168774879372,0.16807779912804388,0.3839113052344488,0.018198737080039856,0.0004629629629628873,0.034416408320761406,0.5875071823528147,0.12865825071199788,0.10576733119010316,0.0,0.6889639000230057,0.616696924207183,0.28507104959126495,0.3239871708251521,0.3911383642219188,disgust,07,19,19,male,normal,2265
80,2.6693333333333333,True,1.0,0.3222318351294902,0.2878103379172758,0.305021086523383,0.662743641500072,-0.04625000000000001,-0.04092592592592592,0.4072545887758403,0.11253503528038312,0.17920115530761807,0.4602399290214086,0.034421497212214436,0.005324074074074092,0.01376030229379371,0.46733582717760896,0.12655532895370752,0.10845057161719629,0.0,0.8276505999730044,0.605582548245861,0.2922220742237408,0.3150596949243009,0.3851214484488246,disgust,07,19,19,male,normal,2265
90,3.003,True,1.0,0.3238313478655163,0.28519504205612317,0.30451319496081974,0.5888090235638226,-0.042870370370370336,-0.04212962962962963,0.42684353672370784,0.04707791717098064,0.17500174385291845,0.5171680167496834,0.038636305809393146,0.0007407407407407085,0.023613527130484365,0.5095030612544318,0.125982220745324,0.1087660329858257,0.0,0.9999999987499999,0.6068197797790991,0.2904615255159049,0.31827269598267577,0.38681586770741644,disgust,07,19,19,male,normal,2265
100,3.336666666666667,True,1.0,0.30125943337476135,0.2790209573667744,0.29014019537076785,0.6640429015882552,-0.05782407407407408,-0.056805555555555554,0.44867712152570155,0.07303786814422948,0.19794133618182036,0.4369298951570925,0.02223847600798695,0.0010185185185185297,0.03184054726713058,0.4336402566281296,0.12671956949316074,0.10825861849318895,0.0,0.7071067807446058,0.6083477278567677,0.2893892090901023,0.31929929443633276,0.39088601993639355,disgust,07,19,19,male,normal,2265
110,3.6703333333333332,True,1.0,0.33640448916622545,0.3142404601130168,0.32532247463962116,0.7015609780544039,-0.042037037037037095,-0.042870370370370336,0.44745881899970447,0.09456087031365781,0.17569444444444443,0.4637123283877876,0.022164029053208634,0.0008333333333332416,0.021116043249611416,0.43281793282527325,0.1251903053560987,0.11002347574606994,0.0,0.7294043358281498,0.6058564649375375,0.2884089235193424,0.3208998725312405,0.39644236411254696,disgust,07,19,19,male,normal,2265
0,0.0,True,1.0,0.5209068786261106,0.5529108537183696,0.5369088661722401,1.2738048120587249,-0.07504629629629628,-0.0746296296296296,0.35841240066467994,0.5284840237586779,0.19308084616518598,0.4215001082500916,0.03200397509225894,0.0004166666666666763,0.005623648276675148,0.2575290381702881,0.12836922650181948,0.10629731632747824,0.0,0.6774568251141605,0.6109654982070953,0.283410165189778,0.33568894553215706,0.4075315816834801,disgust,07,19,19,male,strong,2266
10,0.33366666666666667,True,1.0,0.49791449824583617,0.5165272047026563,0.5072208514742462,1.0380566765574823,-0.07037037037037036,-0.07245370370370374,0.37220538682942167,0.4995524271904264,0.19517055509459094,0.4886253929374529,0.01861270645682017,0.0020833333333333814,0.008603356304379488,0.3304605813671061,0.12541913063805202,0.10976255937408923,0.0,0.9999999987499999,0.6172504049197804,0.2804611715413614,0.3444109571532448,0.4219689838016087,disgust,07,19,19,male,strong,2266
20,0.6673333333333333,True,1.0,0.4870822163383202,0.5024380603227014,0.4947601383305108,1.0305357794316081,-0.06995370370370363,-0.07050925925925933,0.3707276814417769,0.4572889484280039,0.19723189304860717,0.48009991327365237,0.015355843984381223,0.0005555555555556979,0.009540292098506367,0.3515538099650072,0.12229336399093553,0.11323476009625104,0.0,0.7696527041010437,0.6575483165219213,0.30107661230380456,0.31268551994928984,0.4379808367988703,disgust,07,19,19,male,strong,2266
30,1.0010000000000001,True,1.0,0.3659013697989879,0.3934675645186508,0.3796844671588193,0.938778522906287,-0.07370370370370377,-0.07249999999999995,0.38362077519304844,0.40050044934026385,0.19653127163199047,0.40444519968712694,0.027566194719662873,0.0012037037037038179,0.009286484673912599,0.35995950683309336,0.12568852436481795,0.10945397486380684,0.0,0.7671689483991144,0.6151351967271284,0.2818522823998246,0.3389945345186543,0.416870670275172,disgust,07,19,19,male,strong,2266
40,1.3346666666666667,True,1.0,0.3903781789977303,0.41455275496149496,0.4024654669796126,0.8337164750957858,-0.06356481481481485,-0.06648148148148153,0.39266238139015885,0.35555555555555546,0.19097262172464527,0.48273661250771527,0.024174575963764655,0.0029166666666666785,0.011301213788084987,0.39705882352941213,0.12689983579436082,0.10787078148633752,0.0,0.7071067807446058,0.6120434400635254,0.2771365531010835,0.3375591511405909,0.4118153967366268,disgust,07,19,19,male,strong,2266
50,1.6683333333333334,True,1.0,0.3709743100008287,0.3847363798803888,0.37785534494060874,0.7471219760753909,-0.06259259259259264,-0.06532407407407409,0.39297039256022054,0.3306371085969739,0.19583683957687853,0.5057478658645158,0.01376206987956008,0.002731481481481446,0.014660383206523358,0.4253732318792659,0.12953200382499613,0.1048772508992241,0.0,0.7138432502102199,0.6104430235062775,0.2765116700507767,0.34237507931361616,0.4040397690466193,disgust,07,19,19,male,strong,2266
60,2.0020000000000002,True,1.0,0.3984850280116448,0.40679359020888906,0.4026393091102669,1.1233926447035476,-0.061574074074074114,-0.06319444444444444,0.38877034554299544,0.48761716212594103,0.18543682774578085,0.3584136953438212,0.00830856219724424,0.0016203703703703276,0.008380560944897994,0.3092553244911992,0.126705263657372,0.1082753616113656,0.0,0.7559821130782708,0.6081450467530762,0.28104985137161737,0.3351464514300886,0.4100504094709221,disgust,07,19,19,male,strong,2266
70,2.3356666666666666,True,1.0,0.31102396508189983,0.31433244641011426,0.312678205746007,0.7517248802005873,-0.05722222222222212,-0.057870370370370405,0.4191215086381822,0.3473753969165197,0.18268942736057145,0.4159476611477503,0.00330848132821443,0.0006481481481482865,0.007881296227386616,0.4431657233863099,0.12717350484681067,0.10772500840440945,0.0,0.8800507088559919,0.6118873505495949,0.27681436730387177,0.335784556049092,0.4157916705775525,disgust,07,19,19,male,strong,2266
80,2.6693333333333333,True,1.0,0.3158618551681441,0.3326181422126278,0.32423999869038594,0.7032440048758554,-0.05870370370370365,-0.05675925925925923,0.377682320327582,0.3324252355823177,0.1896090870785938,0.4610632958721411,0.01675628704448373,0.0019444444444444153,0.004879663150280235,0.4605621936219547,0.12897541881013036,0.10556097344052345,0.0,0.7989276513893158,0.607244001045731,0.2757609684858054,0.32665668187324504,0.3933548401970574,disgust,07,19,19,male,strong,2266
90,3.003,True,1.0,0.3270573629402927,0.30806539387454995,0.3175613784074213,0.785702195388857,-0.06041666666666662,-0.058287037037037026,0.3771565113313823,0.33483252182092976,0.19047174398086422,0.40417524638613866,0.018991969065742742,0.0021296296296295925,0.005916991376422902,0.40599970998554014,0.12865495295803872,0.10595131358426582,0.0,0.7558265854928488,0.6058363150494572,0.2789254148029088,0.3313373034895581,0.39388468613341676,disgust,07,19,19,male,strong,2266
100,3.336666666666667,True,1.0,0.33857391283689264,0.3059314627302593,0.32225268778357596,0.9472179789905912,-0.06055555555555553,-0.05921296296296297,0.3351844277464784,0.4735380691706931,0.18065060453086207,0.34020964015799887,0.03264245010663336,0.001342592592592562,0.004017445030858602,0.3201443606665957,0.1267217398822713,0.10825607794420933,0.0,0.9051248392660123,0.6044401533582183,0.28347836277141913,0.3226477824865908,0.3914105198393815,disgust,07,19,19,male,strong,2266
110,3.6703333333333332,True,1.0,0.303166193424163,0.28681019332734586,0.29498819337575444,0.8033263333494249,-0.058287037037037026,-0.05652777777777779,0.3668093058132023,0.3818930041152271,0.18349971734954013,0.36720841970387974,0.016356000096817147,0.0017592592592592382,0.004115234827526763,0.3599892882787168,0.12840488431171707,0.10625423970766418,0.0,0.6704028563396441,0.602488229705945,0.27955809989877217,0.32643923857876284,0.39115430788366995,disgust,07,19,19,male,strong,2266
120,4.0040000000000004,True,1.0,0.3336873667874518,0.3279937392490986,0.3308405530182752,0.8351651345936142,-0.05884259259259267,-0.05652777777777779,0.4004518377275584,0.41160381307862265,0.18340364899485165,0.39613788856171545,0.00569362753835323,0.0023148148148148806,0.0005088286244712598,0.38570183301014516,0.1270567208049562,0.10786272511359746,0.0,0.760999212682442,0.6044343786498975,0.27842084655606225,0.32730549982413587,0.403028251217932,disgust,07,19,19,male,strong,2266
130,4.337666666666666,True,1.0,0.3661289840673866,0.36328210475621747,0.36470554441180203,0.8945999151578261,-0.05819444444444438,-0.05583333333333329,0.40161632469633385,0.4413359581445276,0.18406135556647346,0.40767446791838824,0.002846879311169115,0.0023611111111110916,0.002269020874930684,0.3750000000000003,0.12763012936862553,0.10718361744327515,0.0,0.6906314099277445,0.6064935750706533,0.2782787948703957,0.32958981914619356,0.4041988944208254,disgust,07,19,19,male,strong,2266
140,4.671333333333333,True,1.0,0.2972274199200499,0.32024876035706634,0.30873809013855813,0.9788250723739559,-0.056990740740740786,-0.05175925925925917,0.4005808486533738,0.45902482704166664,0.179912429878786,0.3154170227676862,0.023021340437016424,0.005231481481481615,0.018967007785922408,0.3473076653203659,0.1285077113545649,0.1061298539206957,0.0,0.7573437288338838,0.5828047287430598,0.28836894459276896,0.33092171166289175,0.4021349847511631,disgust,07,19,19,male,strong,2266
0,0.0,True,1.0,0.3766964373383398,0.3705655756997192,0.3736310065190295,1.2591551621117396,-0.04439814814814813,-0.0468055555555556,0.4103082588013852,0.49760182904004413,0.14861162449004334,0.2967315051882961,0.006130861638620588,0.002407407407407469,0.012144189572727506,0.2427273008999971,0.1290037419607242,0.10552635846645585,0.0,0.6512610177426569,0.6255436560483568,0.29016577098257085,0.3103230552641457,0.3913878434749821,disgust,07,19,19,male,strong,2267
10,0.33366666666666667,True,1.0,0.38403141742065416,0.39171922022903416,0.38787531882484416,1.0695449341968286,-0.04680555555555549,-0.04689814814814819,0.418499502332123,0.4642441518894394,0.14307475367573108,0.36265453317874663,0.007687802808379995,9.259259259269959e-05,0.015156040323074417,0.28454749210354174,0.12656332717932517,0.10844123747010506,0.0,0.678768999658031,0.6220984625803446,0.29067257332845753,0.30792302301031954,0.39615792188138976,disgust,07,19,19,male,strong,2267
20,0.6673333333333333,True,1.0,0.32464589770724606,0.29676467609316265,0.3107052869002044,0.6932204579925793,-0.042453703703703605,-0.043981481481481566,0.43548851757685425,0.28967805684611186,0.14167528313257208,0.4482055936432424,0.027881221614083407,0.001527777777777961,0.014856227531768847,0.43601627903409235,0.13438525906584134,0.09858184375080319,0.0,0.6624353144211251,0.5496482789990997,0.2510858244031014,0.3466132967434859,0.38409945668261214,disgust,07,19,19,male,strong,2267
30,1.0010000000000001,True,1.0,0.2565662214171031,0.23010160693848944,0.24333391417779626,0.6837096573853494,-0.04231481481481486,-0.041435185185185186,0.4454147393696793,0.2465418862369899,0.14097276341961318,0.355902409084518,0.026464614478613674,0.0008796296296296746,0.007630623215402293,0.45443558522951055,0.1339346706276106,0.09919315387235375,0.0,0.7983740642331698,0.5475887754554947,0.25326372625883586,0.36089244720856123,0.38962481245410224,disgust,07,19,19,male,strong,2267
40,1.3346666666666667,True,1.0,0.22922070218970447,0.18795507228056316,0.20858788723513383,0.7509379451221921,-0.050185185185185166,-0.046574074074074046,0.4445295754427319,0.2801612343602156,0.14236111111111105,0.2777698058675042,0.041265629909141316,0.0036111111111111205,0.02099568045506203,0.4291504364669933,0.12761588162813792,0.1072005808152112,0.0,0.6675708414977217,0.620382794516244,0.2895216798228726,0.32476467332453285,0.4125487458840799,disgust,07,19,19,male,strong,2267
50,1.6683333333333334,True,1.0,0.2500071176741356,0.21078080397887555,0.23039396082650557,0.594827457288259,-0.0492129629629629,-0.04444444444444445,0.43306419541407876,0.2039958208761775,0.16533362320449554,0.38732906156827673,0.03922631369526003,0.00476851851851845,0.0008274151582879049,0.5085879334555068,0.1301049233020939,0.1041656695059979,0.0,0.6371624736300374,0.6169600184995873,0.2834210118271171,0.32078651771148264,0.40215597841864154,disgust,07,19,19,male,strong,2267
60,2.0020000000000002,True,1.0,0.24570073148790483,0.2636996050901594,0.2547001682890321,1.0495339885980106,-0.05810185185185179,-0.05749999999999994,0.4220152075160752,0.3100832528762537,0.1820957580305295,0.2426792948642529,0.01799887360225455,0.0006018518518518534,1.2051059114964421e-05,0.302348008864616,0.12464369992903722,0.11047000448447376,0.0,0.9999999987499999,0.6105453721254126,0.2882679167693278,0.3116795244941676,0.4069273858215489,disgust,07,19,19,male,strong,2267
70,2.3356666666666666,True,1.0,0.21996928752864933,0.21089088621328242,0.21543008687096588,0.6511266225336335,-0.04819444444444443,-0.04365740740740748,0.4512053887600244,0.20416682231986757,0.1562519531127931,0.33085743911482896,0.009078401315366913,0.004537037037036951,0.0039510750498190144,0.47789866846107026,0.12752616928592025,0.10730728734735853,0.0,0.8001722737753396,0.619565711261067,0.28333632559238536,0.32689973028649844,0.41942411902830407,disgust,07,19,19,male,strong,2267
80,2.6693333333333333,True,1.0,0.22507100527721352,0.23427000513764276,0.22967050520742816,0.5430887385605196,-0.04814814814814805,-0.04615740740740726,0.4079735709345567,0.18512876069113085,0.1680628190866036,0.42289682864015893,0.009198999860429241,0.001990740740740793,0.006889956188782459,0.5245973615866645,0.12950946212357067,0.10490508563220317,0.0,0.6706579508997429,0.6122172994666617,0.28374435039187523,0.3225927332750241,0.40071449316242014,disgust,07,19,19,male,strong,2267
90,3.003,True,1.0,0.2654491328825366,0.23422613659613528,0.24983763473933593,0.6315357536228247,-0.04351851851851851,-0.04328703703703701,0.4305370014839215,0.2280545776971314,0.16394520742004082,0.39560331035279395,0.031222996286401294,0.00023148148148149916,0.001971438259165437,0.5,0.12940571166440298,0.10503304032310136,0.0,0.8593169441760962,0.6066418267228766,0.28619382158299633,0.31618121544785954,0.39261753485698053,disgust,07,19,19,male,strong,2267
100,3.336666666666667,True,1.0,0.25087192049951784,0.21008767635194406,0.23047979842573096,0.5969623910409229,-0.050046296296296255,-0.047083333333333366,0.3780879129257381,0.285215364608441,0.16599474496508415,0.38608763614713404,0.040784244147573784,0.0029629629629628895,0.012466073342922504,0.5249999999999995,0.12547919080519424,0.10969389429325856,0.0,0.7265863083121459,0.6114433721535489,0.28871005100648467,0.3149791962804799,0.3936060658424016,disgust,07,19,19,male,strong,2267
110,3.6703333333333332,True,1.0,0.32543061535533657,0.3002287933219861,0.3128297043386613,0.7105549976201184,-0.05046296296296299,-0.04898148148148146,0.3669058498018354,0.3484248544955194,0.1625230039306455,0.44026107111543866,0.025201822033350474,0.001481481481481528,0.02641861884530493,0.4114832150141279,0.12968845658078643,0.10468372366681364,0.0,0.7378370417665739,0.6096296469916092,0.28577853487256355,0.3207800646052536,0.3920238403389109,disgust,07,19,19,male,strong,2267
120,4.0040000000000004,True,1.0,0.3064296661745326,0.3151802614792145,0.31080496382687356,0.7341610772338654,-0.05504629629629626,-0.04749999999999999,0.373315261149995,0.4004305552816985,0.16600163907137405,0.4233471011537531,0.008750595304681918,0.007546296296296273,0.02567363449975889,0.4004968630631779,0.1273621046213584,0.10750196313173854,0.0,0.7126627608175665,0.606730494408701,0.28817683305345565,0.31456174118739383,0.391604194745539,disgust,07,19,19,male,strong,2267
130,4.337666666666666,True,1.0,0.29625986482258604,0.28636054552827217,0.2913102051754291,0.8057216156676942,-0.04925925925925928,-0.04888888888888887,0.3857618780708121,0.4028447508854033,0.16361465643118087,0.36155192998517605,0.009899319294313869,0.00037037037037040976,0.005148975991035065,0.35748116800532354,0.12732630505054288,0.10754436206869601,0.0,0.8081130659281726,0.6054568825577106,0.2845259946259866,0.31149794556485083,0.38485070770077257,disgust,07,19,19,male,strong,2267
140,4.671333333333333,True,1.0,0.2910510496459961,0.27159232043015824,0.2813216850380772,0.6865900383141764,-0.049259259259259225,-0.04856481481481484,0.399405929062529,0.3678160919540235,0.16476865225934545,0.4097374988556815,0.019458729215837856,0.0006944444444443865,0.009476391899786238,0.44196428571428525,0.1320990305660954,0.10162491768673432,0.0,0.6886930358952271,0.6077399950761555,0.2804198776915732,0.32478204912633185,0.38933826912925107,disgust,07,19,19,male,strong,2267
150,5.005,True,1.0,0.27613120294725385,0.29088394375422716,0.2835075733507405,0.9301498894718606,-0.05416666666666664,-0.05282407407407408,0.41268656343285404,0.5425310084130232,0.15915054698284353,0.30479772836581875,0.014752740806973308,0.001342592592592562,0.00047561427213466795,0.3244854819540977,0.12773071381714388,0.10706373110647205,0.0,0.7984924981947555,0.612365149598902,0.28170983883090817,0.33765952921696807,0.3969009528097219,disgust,07,19,19,male,strong,2267
0,0.0,True,1.0,0.3579786861631272,0.34330405789483254,0.3506413720289799,0.6652205054255035,-0.043749999999999956,-0.043611111111111156,0.4326480975837631,0.3727353407306439,0.13892404069055186,0.5271054773104065,0.014674628268294687,0.00013888888888879958,0.015680245789989136,0.45709992097898533,0.1292872862932667,0.10517877815366716,0.0,0.7161539609019657,0.6291170607227267,0.28343790623086784,0.3222810012931943,0.4090117947608156,disgust,07,19,19,male,strong,2268
10,0.33366666666666667,True,1.0,0.31531506611158644,0.29105104964599743,0.30318305787879196,0.7934291369723775,-0.047037037037037044,-0.04462962962962963,0.4454298549249184,0.3855274112933199,0.14376910538798826,0.3821173735006747,0.02426401646558901,0.0024074074074074137,0.011199062720395862,0.38844745202365993,0.12597993369123853,0.10911844059474808,0.0,0.7589179166278208,0.6250439211700305,0.2871399074254121,0.32565599996510786,0.40459440353142917,disgust,07,19,19,male,strong,2268
20,0.6673333333333333,True,1.0,0.3433612305013037,0.2856965008356096,0.3145288656684566,1.0255944631562464,-0.046527777777777835,-0.04537037037037045,0.4369544060833404,0.5184848520372828,0.14726419230481663,0.3066795667953397,0.05766472966569408,0.0011574074074073848,0.0066544098635623284,0.31269136128061026,0.1275614411409063,0.10726535556658251,0.0,0.691538303837034,0.6269816816492223,0.2863496840871963,0.32265415698545924,0.41168546234545467,disgust,07,19,19,male,strong,2268
30,1.0010000000000001,True,1.0,0.29713555007172876,0.29376011938413576,0.29544783472793223,0.9115688092424968,-0.049259259259259225,-0.04574074074074075,0.42163231245948496,0.5208964624242846,0.1433374025488437,0.3241091969496477,0.003375430687592995,0.0035185185185184764,0.009638259296408732,0.3360389610389604,0.12290177206606628,0.11257411866601653,0.0,0.6896474752313663,0.6184052892172495,0.28877056134180756,0.3025002080180254,0.39109593944331644,disgust,07,19,19,male,strong,2268
40,1.3346666666666667,True,1.0,0.30447576010642974,0.29514932626220997,0.2998125431843198,0.7955366046852116,-0.04407407407407421,-0.0446759259259259,0.3990818766912147,0.4969033959173237,0.1441796377851989,0.3768683193439648,0.009326433844219773,0.0006018518518516869,0.005585185527609634,0.4052524449932462,0.12610786219904768,0.10897056879063365,0.0,0.6674618128620972,0.6287444696628652,0.28796776410366043,0.30288390241561514,0.38286306347896304,disgust,07,19,19,male,strong,2268
50,1.6683333333333334,True,1.0,0.3173004683477362,0.2638817597663412,0.2905911140570387,0.6742132655442341,-0.04356481481481478,-0.044120370370370365,0.40695177525167825,0.34307440160740993,0.1569170332445322,0.4310077076612689,0.05341870858139497,0.0005555555555555869,0.01199651596863517,0.47581887843731974,0.13059316880071628,0.10355289485934448,0.0,0.6620571887620536,0.6033639395680147,0.28764942039872693,0.32706660964320994,0.3997754095942615,disgust,07,19,19,male,strong,2268
60,2.0020000000000002,True,1.0,0.3075780020614097,0.30761000097701136,0.30759400151921057,0.8908580523609014,-0.048101851851851785,-0.04625000000000001,0.4325782313878511,0.43964423363265226,0.15618989970688735,0.34527835349755487,3.19989156016276e-05,0.0018518518518517713,0.013376499236832954,0.36006863119201854,0.12723700660352927,0.10764999731286706,0.0,0.64638196948674,0.6024832706989045,0.2887585733562171,0.31535341861791016,0.40729132333452905,disgust,07,19,19,male,strong,2268
70,2.3356666666666666,True,1.0,0.2914568734453381,0.2869602127811698,0.28920854311325395,0.6435977020749031,-0.044768518518518485,-0.045694444444444426,0.41625932548012784,0.34561705254961483,0.15772066016739558,0.4493622991208184,0.004496660664168317,0.0009259259259259411,0.003713285704382207,0.45868240782181297,0.12349813728271308,0.11191955976513654,0.0,0.6365708283070234,0.6167838318921318,0.28535212615780076,0.31151659924058406,0.40279899246958684,disgust,07,19,19,male,strong,2268
80,2.6693333333333333,True,1.0,0.24091511073894506,0.2148043154764512,0.22785971310769815,0.7038212667261022,-0.04675925925925917,-0.04152777777777783,0.406902085188431,0.3579107367060602,0.1590296967754789,0.323746558792705,0.026110795262493852,0.005231481481481337,0.0034655900720272498,0.4570354508205674,0.12836943107156928,0.10629706927862025,0.0,0.7545660105564026,0.6150669558526536,0.2835091724364595,0.3225392831146842,0.40240130546780434,disgust,07,19,19,male,strong,2268
90,3.003,True,1.0,0.28733690775125936,0.24539817612121517,0.26636754193623724,0.7073973857090339,-0.050185185185185166,-0.04226851851851854,0.39577096708960063,0.35362982256112874,0.16389633707769238,0.37654583875688696,0.04193873163004419,0.007916666666666627,0.0018617225161805893,0.4344801870894294,0.12700013625128645,0.10792934338274529,0.0,0.673619289395933,0.6094889056638281,0.28662842586479,0.3135475279886551,0.39140142574027886,disgust,07,19,19,male,strong,2268
100,3.336666666666667,True,1.0,0.3398090609342768,0.30447576010642935,0.3221424105203531,1.11727568777486,-0.05444444444444446,-0.05129629629629634,0.33725230878613544,0.5371378058788332,0.16388888888888892,0.2883284887026624,0.03533330082784747,0.003148148148148122,0.00027732471133061487,0.2668199850087716,0.127765802737927,0.10702185487861424,0.0,0.6225817043714388,0.609992056361607,0.28679715906594133,0.3112346792775628,0.37949136263998834,disgust,07,19,19,male,strong,2268
110,3.6703333333333332,True,1.0,0.3063206564303859,0.2763979026905269,0.2913592795604564,1.0169799572784282,-0.055185185185185226,-0.04865740740740737,0.3720915812456059,0.5213499271222551,0.1694894643986726,0.28649461326668824,0.02992275373985903,0.0065277777777778545,0.005618451277953563,0.30642467568514564,0.1283528475543698,0.10631709314815548,0.0,0.6294548471672913,0.6028000037905787,0.28598541868912364,0.3097234270581226,0.3796243195021032,disgust,07,19,19,male,strong,2268
120,4.0040000000000004,True,1.0,0.3480152739928424,0.3385663782826845,0.3432908261377634,1.1324408047892032,-0.05981481481481471,-0.05782407407407397,0.38794678920142456,0.5357686453576864,0.18063835658170116,0.30314240239838836,0.00944889571015789,0.0019907407407407374,0.007908650050796526,0.2784284175120456,0.12520653455878222,0.11000500658674847,0.0,0.754298684696586,0.6021991868856919,0.28523942459869484,0.30693319052601237,0.38743114620411556,disgust,07,19,19,male,strong,2268
130,4.337666666666666,True,1.0,0.3864552024304436,0.3604914613640586,0.37347333189725107,1.3637747336377473,-0.05356481481481479,-0.0495370370370371,0.3931655407120365,0.6088280060882798,0.16400801931989356,0.2738526551969799,0.02596374106638505,0.004027777777777686,0.005284334914969673,0.22098214285714313,0.12629543050741612,0.10875312410899896,0.0,0.6545523233660389,0.6123400526695053,0.28468016935979545,0.3159855589471456,0.3972631084457918,disgust,07,19,19,male,strong,2268
140,4.671333333333333,True,1.0,0.33498769829839686,0.35171678661470956,0.3433522424565532,1.6663204218463095,-0.05291666666666672,-0.04865740740740743,0.39199403541220135,0.6922521953652043,0.14803267393777766,0.20605415258375906,0.0167290883163127,0.004259259259259296,0.002981477932275509,0.18198373755012684,0.12796385594384888,0.10678496777576853,0.0,0.6576108907079115,0.6161134607905663,0.28946922437435607,0.3231432721528658,0.41433163910072435,disgust,07,19,19,male,strong,2268
0,0.0,True,1.0,0.3484295391359944,0.33310699017930107,0.34076826465764776,0.5074010473247007,-0.050648148148148164,-0.04763888888888884,0.40594774870998895,0.1608227285780531,0.17992218303025742,0.6715955090246004,0.015322548956693327,0.0030092592592593226,0.00975369478854734,0.5780630376467855,0.12869894862017792,0.1058978677548297,0.0,0.7504217651653327,0.6129549065485569,0.2824049826930164,0.32815892838960253,0.3951119438604743,disgust,07,19,19,male,strong,2269
10,0.33366666666666667,True,1.0,0.38787503335643775,0.42351919722560166,0.4056971152910197,0.7978448030731441,-0.055185185185185226,-0.05259259259259258,0.3804960571603436,0.3073141815327915,0.170167585448421,0.5084912676354508,0.035644163869163914,0.0025925925925926463,0.003947827748718935,0.37024382659584315,0.1279160398335572,0.1068422412900818,0.0,0.865795060688528,0.6142695775575856,0.2817147807638926,0.3144789075703044,0.39161496225025877,disgust,07,19,19,male,strong,2269
20,0.6673333333333333,True,1.0,0.4604685979044896,0.4600709507632996,0.4602697743338946,1.0959662282140432,-0.05291666666666667,-0.05268518518518511,0.3588798020087352,0.5342307157601411,0.1618074416094775,0.41996711439177986,0.0003976471411899496,0.00023148148148155467,0.012647332377307242,0.2814998082714595,0.12744746105118385,0.10740075624715147,0.0,0.8116064285642889,0.6055922784504426,0.28770639193800557,0.3113309391666793,0.3880580814695576,disgust,07,19,19,male,strong,2269
30,1.0010000000000001,True,1.0,0.34352819376237476,0.3778650766714471,0.3606966352169109,0.8409262099780299,-0.05722222222222234,-0.05972222222222229,0.38487195580467426,0.3234331576838575,0.1565080876317279,0.42892780714533146,0.03433688290907233,0.0024999999999999467,0.011268925613705733,0.3551410774766032,0.1246486779709925,0.11063672469120306,0.0,0.7629652580406111,0.6103164739333234,0.28293466772943787,0.3006385780975188,0.3898921096894854,disgust,07,19,19,male,strong,2269
40,1.3346666666666667,True,1.0,0.34223124561008844,0.3698668965873461,0.3560490710987173,0.7529787878167001,-0.04824074074074075,-0.049398148148148135,0.3866942162332148,0.24438785218612236,0.1603748144001126,0.47285405227828464,0.027635650977257675,0.0011574074074073848,0.027303013746747522,0.41595622720257414,0.12836390170496523,0.10630374645397692,0.0,0.8604580467853985,0.6340364843046594,0.2805499592203272,0.28290117755343497,0.355693106575338,disgust,07,19,19,male,strong,2269
50,1.6683333333333334,True,1.0,0.32543061535533746,0.35834555313558536,0.3418880842454614,0.6642271003843658,-0.04935185185185181,-0.05055555555555552,0.4094472796954646,0.22754693951424537,0.16096551974260492,0.5147156507881451,0.0329149377802479,0.0012037037037037068,0.02947651008115836,0.43904108763426464,0.12513087766075537,0.11009105879551366,0.0,0.7800527282361969,0.6728641566314025,0.30060685865799636,0.2940151404628,0.40860550262301,disgust,07,19,19,male,strong,2269
60,2.0020000000000002,True,1.0,0.21123350932737908,0.23437403688930075,0.22280377310833993,0.7870615213746736,-0.048981481481481515,-0.04865740740740737,0.40834287698202765,0.2459187350902064,0.1652167256465783,0.2830830463153543,0.02314052756192167,0.00032407407407414324,0.029372405476373018,0.3894891305544964,0.12946819638762883,0.10495600933364319,0.0,0.6975227374797869,0.6180209123571304,0.2859554240386449,0.2989075360319631,0.3719115674783651,disgust,07,19,19,male,strong,2269
70,2.3356666666666666,True,1.0,0.30221323848730647,0.3058284121499081,0.3040208253186073,0.7424010472132058,-0.06212962962962959,-0.05736111111111103,0.4403799006512024,0.17132331858766314,0.1800307041767416,0.40951023231961764,0.0036151736626016118,0.004768518518518561,0.03151100094099332,0.3647616146237961,0.12458021239645357,0.11071381327573161,0.0,0.6433443802464057,0.6739318482392956,0.3015424378087266,0.29493697231586286,0.41301323155948094,disgust,07,19,19,male,strong,2269
80,2.6693333333333333,True,1.0,0.24714040118875177,0.2460415920274686,0.24659099660811018,0.5573776808743776,-0.050925925925925986,-0.046296296296296224,0.41009444509334464,0.16720024225360236,0.17247719980380163,0.44241275721926,0.0010988091612831874,0.004629629629629761,0.025268628770413717,0.5517497093858027,0.1255743656664212,0.10958492806183738,0.0,0.6648749852292568,0.6717979682810623,0.30199437919353816,0.2981960169177118,0.4136294183080543,disgust,07,19,19,male,strong,2269
90,3.003,True,1.0,0.2532960407245705,0.22189362797589451,0.23759483435023251,0.6091182449460255,-0.0471759259259259,-0.04592592592592598,0.3969987752406728,0.2203035881592223,0.16827513866328841,0.3900635653612477,0.031402412748676,0.0012499999999999178,0.03427894606652692,0.526558035244951,0.1305740451943655,0.1035770075489048,0.0,0.6486020341294968,0.6068187195815827,0.2872822191362832,0.31510488153943106,0.3818579051762572,disgust,07,19,19,male,strong,2269
100,3.336666666666667,True,1.0,0.3109746364163341,0.31330924866937454,0.3121419425428543,1.0504758906097005,-0.050185185185185166,-0.04999999999999993,0.31711838349042654,0.5491123973641616,0.1620253075285055,0.29714336648096307,0.0023346122530404356,0.00018518518518523264,0.016730713163483714,0.24900981881153758,0.12500132135571201,0.11023813963550375,0.0,0.6267155562739894,0.6664537976284264,0.30345745900028415,0.28503638954926835,0.3970005028135776,disgust,07,19,19,male,strong,2269
110,3.6703333333333332,True,1.0,0.3289819395138711,0.39883056173475523,0.36390625062431314,0.9562719516041046,-0.04731481481481481,-0.04624999999999996,0.33834068795120864,0.40224137646839286,0.16999511733900496,0.3805468204038362,0.06984862222088412,0.0010648148148148517,0.030211313613764813,0.27678571428571436,0.125763343618872,0.10936799885161513,0.0,0.7164356057779333,0.6638242181560124,0.304482622465998,0.28798080561888706,0.39321414987364955,disgust,07,19,19,male,strong,2269
120,4.0040000000000004,True,1.0,0.2423397900176613,0.2565346041373855,0.24943719707752338,0.5213265083236215,-0.0531018518518519,-0.053472222222222254,0.39192295152430523,0.2736693586152104,0.1772626035066969,0.47846636051486063,0.014194814119724203,0.00037037037037035425,0.039342651307246596,0.5226577053949335,0.1258670236542745,0.1092486619019532,0.0,0.6999261364280007,0.6627980596379178,0.3014512617040317,0.2932894023394251,0.40142753086427196,disgust,07,19,19,male,strong,2269
130,4.337666666666666,True,1.0,0.3267962385314242,0.41626039148302646,0.37152831500722533,1.0990794736772542,-0.0618981481481482,-0.06412037037037033,0.37971820909819,0.4846227855643923,0.18778359649290557,0.33803589631619757,0.08946415295160226,0.0022222222222221255,0.013841944148322837,0.24500133294027154,0.12590931471139094,0.10919991868083725,0.0,0.632950768069978,0.6619227262780113,0.30422327594690174,0.2915195925698359,0.3967349216931151,disgust,07,19,19,male,strong,2269
140,4.671333333333333,True,1.0,0.33329916723921527,0.4180467448980979,0.3756729560686566,1.5914279355466974,-0.06967592592592597,-0.07041666666666668,0.38299587681362157,0.6606229818088059,0.1684171179819328,0.23606030011004114,0.08474757765888263,0.0007407407407407085,0.010134927332930855,0.17847196401815685,0.12346846380902106,0.11195229437250456,0.0,0.7178592880971666,0.6696735553752751,0.30424601855653033,0.2817546251935602,0.3969398958700231,disgust,07,19,19,male,strong,2269
0,0.0,True,1.0,0.4497529327544413,0.45680357985126263,0.45327825630285196,1.0792291306172175,-0.0405092592592593,-0.04199074074074072,0.3127921687114463,0.46819499048835134,0.16608985835800674,0.4200018730439749,0.00705064709682135,0.001481481481481417,0.001944824459171143,0.2812499999999999,0.12923231639781793,0.10524631190389472,0.0,0.6825493553750399,0.6261551485672394,0.2815114331006001,0.2964387467758657,0.3894695358829334,surprised,08,19,19,male,normal,2270
10,0.33366666666666667,True,1.0,0.45621875358926817,0.4765524882019131,0.46638562089559066,1.0420588784684242,-0.04138888888888875,-0.04166666666666663,0.32761882974166606,0.45205419443010375,0.16613808346642966,0.44756167864628277,0.020333734612644927,0.0002777777777778767,0.0006543083312497615,0.30605570541938626,0.1258625663791423,0.10925379698170042,0.0,0.7205472296232576,0.6258771596138455,0.2828507791601284,0.2865290428988846,0.3824904423110142,surprised,08,19,19,male,normal,2270
20,0.6673333333333333,True,1.0,0.4830175109144978,0.4879034880224379,0.4854604994684678,0.9604747703221016,-0.040000000000000036,-0.04162037037037031,0.34835040244921356,0.39422471916205637,0.16541112939446107,0.5054380546671365,0.004885977107940087,0.001620370370370272,0.0060098557157202935,0.3190298507462684,0.12743229390298302,0.10741875181417755,0.0,0.8198022431521581,0.6302111083652211,0.2824316785171954,0.29200876476718357,0.38324445011068464,surprised,08,19,19,male,normal,2270
30,1.0010000000000001,True,1.0,0.39215257780882185,0.37173580720892824,0.381944192508875,0.819508497749342,-0.03875000000000006,-0.039120370370370416,0.3983166521402864,0.27105804595919547,0.16541112939446095,0.4660649566878536,0.020416770599893608,0.00037037037037035425,0.003564152030431264,0.38106563578392305,0.12699289693503327,0.10793786128465252,0.0,0.7017366026256943,0.6308085775560224,0.28043592763213765,0.2961794031054067,0.39420176236164595,surprised,08,19,19,male,normal,2270
40,1.3346666666666667,True,1.0,0.39215257780882173,0.38441130686429575,0.38828194233655877,0.6678008042189476,-0.034305555555555534,-0.03703703703703698,0.3738538101202403,0.233730281476632,0.16607561779133428,0.5814337746877813,0.00774127094452598,0.002731481481481446,0.010150019997418214,0.46168340071958436,0.1297741720636383,0.1045774451599195,0.0,0.8347262125316831,0.62486696011217,0.2810256976510384,0.2894488500468093,0.3816277893305381,surprised,08,19,19,male,normal,2270
50,1.6683333333333334,True,1.0,0.46147172014759563,0.49992074415138277,0.4806962321494892,1.0735352104429292,-0.04004629629629636,-0.04365740740740737,0.34888254722588485,0.3435216059324311,0.18125378834941805,0.4477694140569074,0.038449024003787136,0.0036111111111110095,0.0062580756165443955,0.286236794392506,0.12242091067756193,0.11309685406300522,0.0,0.6851682508314169,0.6044226937102968,0.2879789854247178,0.27503537539804473,0.3773795268659401,surprised,08,19,19,male,normal,2270
60,2.0020000000000002,True,1.0,0.4495602889791979,0.4717674463628526,0.4606638676710253,0.6089891436479539,-0.039120370370370305,-0.04092592592592592,0.37924345172737317,0.16547380912212276,0.17986789790391572,0.7564401968014838,0.022207157383654696,0.0018055555555556158,0.001997111249831295,0.4910222899177882,0.12658447252654342,0.1084165535595077,0.0,0.8043779925495836,0.6071503705388406,0.28475312600176916,0.2885164779734855,0.38550898497008096,surprised,08,19,19,male,normal,2270
70,2.3356666666666666,True,1.0,0.5083349362520612,0.5170946192114543,0.5127147777317578,0.7574233068190127,-0.07115740740740739,-0.07569444444444445,0.3590777613959026,0.2944097885071044,0.22066539507334446,0.6769197265463494,0.008759682959393111,0.004537037037037062,0.00224735717803946,0.38205944588248153,0.12190191580533362,0.1136560631606291,0.0,0.9999999987499999,0.6273979489295719,0.28698213361249725,0.3245869724590566,0.41915826513653054,surprised,08,19,19,male,normal,2270
80,2.6693333333333333,True,1.0,0.56308266302183,0.575605300974902,0.569343981998366,0.9785369130940991,-0.06569444444444439,-0.07226851851851845,0.34644972344602626,0.33812457446072125,0.22800409089190748,0.5818318904272303,0.012522637953072069,0.0065740740740740655,0.0032176484957943128,0.31737568131936433,0.12199697733838401,0.11355401926146011,0.0,0.7824090481354489,0.60285183213129,0.2934696861510691,0.33724719860619734,0.42552235788479054,surprised,08,19,19,male,normal,2270
90,3.003,True,1.0,0.5630570494618592,0.5891506332327003,0.5761038413472798,0.7841849180780605,-0.06319444444444444,-0.07148148148148142,0.3565569688444888,0.28693744548876443,0.22243669544619507,0.7346530493843704,0.026093583770841144,0.008287037037036982,0.0036858612412183503,0.38526261382123883,0.1250074426167198,0.11023119821976475,0.0,0.6678079652144262,0.6051863288049595,0.29181282926633395,0.3388983462757419,0.4253447953477713,surprised,08,19,19,male,normal,2270
100,3.336666666666667,True,1.0,0.27344522095186885,0.3239013714227836,0.2986732961873262,0.7764893932875395,-0.07425925925925925,-0.07879629629629631,0.35993269703064296,0.2911247824262159,0.21414876455956747,0.3846456870747304,0.05045615047091473,0.004537037037037062,0.003081589708956176,0.4052596404141626,0.12263728073519797,0.11286219537154549,0.0,0.7127541180020464,0.6119119160945629,0.29049434187330253,0.3242801493639319,0.413839619879387,surprised,08,19,19,male,normal,2270
110,3.6703333333333332,True,1.0,0.5076341475875366,0.5638904932198389,0.5357623204036877,0.7993349562415659,-0.054305555555555496,-0.06412037037037033,0.3661675014190182,0.28252356211986374,0.20851050409233643,0.6702600908670578,0.05625634563230231,0.009814814814814832,0.0005413375303769579,0.38946058614056933,0.1270458823048682,0.10787549100750153,0.0,0.8061154896254389,0.6115212296402937,0.2885771873176899,0.3184816576358854,0.4019568871637752,surprised,08,19,19,male,normal,2270
0,0.0,True,1.0,0.6112039812432569,0.594791951693865,0.602997966468561,0.5691876813098649,-0.05703703703703705,-0.06101851851851853,0.3671184969047757,0.3116700652935792,0.18484154642045894,1.059400943254585,0.016412029549391915,0.003981481481481475,0.02270940241942065,0.49777381820603867,0.12941496602605906,0.10502163748202709,0.0,0.7360297649418198,0.6346570804884454,0.28123269308847354,0.3061051961416276,0.3831926966272539,surprised,08,19,19,male,normal,2271
10,0.33366666666666667,True,1.0,0.6176547477298945,0.6208976997368704,0.6192762237333824,1.188081898461618,-0.07194444444444448,-0.07361111111111113,0.33581831342210555,0.6015452065395552,0.19736182297188892,0.5212403492850528,0.0032429520069758855,0.0016666666666666496,0.010133605141955642,0.24340257447781166,0.12311302606355469,0.11234304866797032,0.0,0.6674801184064785,0.6815089141672293,0.29935750691513674,0.299325879657528,0.4212709505950031,surprised,08,19,19,male,normal,2271
20,0.6673333333333333,True,1.0,0.2580472097904644,0.2514789162381773,0.25476306301432083,0.8867597409410904,-0.08935185185185185,-0.08824074074074079,0.3489300621760983,0.4361567865160973,0.19944369807999524,0.2872966049901507,0.006568293552287108,0.0011111111111110628,0.01711250284144823,0.3390990942356632,0.12131063089366477,0.1142869572718906,0.0,0.6709862243490674,0.6820661665525586,0.29864306097665283,0.29188736985508684,0.4160766471194561,surprised,08,19,19,male,normal,2271
30,1.0010000000000001,True,1.0,0.45819408154386915,0.41650201692692324,0.43734804923539616,0.7296983680427642,-0.08111111111111124,-0.08370370370370372,0.3721251539430572,0.23642502102959118,0.21810593289704885,0.5993545667485517,0.04169206461694591,0.0025925925925924798,0.030976750990412957,0.3974760358277413,0.12120325128928601,0.11440082887309069,0.0,0.7080830025023467,0.6298987526963912,0.28755561478344877,0.32527070467923475,0.4140094062773329,surprised,08,19,19,male,normal,2271
40,1.3346666666666667,True,1.0,0.5050930133551133,0.46677946150741517,0.48593623743126424,0.7466423503594463,-0.07763888888888892,-0.08125000000000004,0.3671175167336966,0.2972097774720033,0.21114038186407755,0.650828656045731,0.03831355184769808,0.0036111111111111205,0.02709642656005327,0.3974760358277421,0.12172597994169514,0.11384447100131595,0.0,0.6754481549582454,0.6782587547753475,0.30417489804289466,0.29832951414424325,0.42943745061875555,surprised,08,19,19,male,normal,2271
50,1.6683333333333334,True,1.0,0.3275502409949471,0.3141800856890404,0.3208651633419938,0.790840365386014,-0.08555555555555555,-0.08893518518518517,0.36816270372443977,0.327105869382511,0.20835676951512228,0.4057268412005975,0.013370155305906739,0.0033796296296296213,0.026004522580447966,0.3603367468326908,0.12240723356589117,0.11311165696260472,0.0,0.7641733797871171,0.6356695184167417,0.28639064535573394,0.3198260035548293,0.4114507588642932,surprised,08,19,19,male,normal,2271
60,2.0020000000000002,True,1.0,0.5209627962950978,0.4861355042418105,0.5035491502684541,0.8348242389108795,-0.07717592592592598,-0.07916666666666661,0.3639254776924315,0.36169359682915836,0.20839521379171216,0.6031798392981373,0.03482729205328727,0.0019907407407406263,0.02789016281886857,0.3411236437276765,0.11919744150296281,0.11599756836421769,0.0,0.7768464944752986,0.6812102980020134,0.3016825621752557,0.29342845057735073,0.42457119802746857,surprised,08,19,19,male,normal,2271
70,2.3356666666666666,True,1.0,0.5634559523024897,0.5651377932644706,0.5642968727834801,0.9164102521240464,-0.049351851851851924,-0.05430555555555561,0.3414509792073985,0.39893414504627256,0.17987638103482612,0.6157688344009231,0.0016818409619808738,0.004953703703703682,0.029122299773384278,0.33710701687829087,0.12446326840505118,0.11084526416736518,0.0,0.6816129633631173,0.6325700149669242,0.28552314460278616,0.28712696410763733,0.3907683012784135,surprised,08,19,19,male,normal,2271
80,2.6693333333333333,True,1.0,0.6181054075421417,0.6158372973548013,0.6169713524484715,1.3679692033148687,-0.047083333333333366,-0.05527777777777776,0.32883599847754563,0.5609762628905609,0.17227581653246088,0.451012603904696,0.002268110187340411,0.008194444444444393,0.01996706623483031,0.21749795331512334,0.1240883179180858,0.11126485126345853,0.0,0.7740044346292316,0.6340860852231518,0.2880443089580156,0.29501260334196927,0.3948305405623559,surprised,08,19,19,male,normal,2271
90,3.003,True,1.0,0.6179947848559626,0.6048174846394659,0.6114061347477142,1.740649648277065,-0.045000000000000095,-0.05324074074074081,0.3176984918031193,0.7516048594821586,0.16396754329668475,0.3512516923511277,0.013177300216496657,0.008240740740740715,0.01836649142591536,0.16971778982742594,0.12733026276256723,0.10753967619266484,0.0,0.7448208230798486,0.6437649999687375,0.28414225566976753,0.29998848220040886,0.38749902400732433,surprised,08,19,19,male,normal,2271
100,3.336666666666667,True,1.0,0.2965701519268349,0.28839146942361515,0.292480810675225,0.5435555788509381,-0.0495833333333332,-0.0522685185185186,0.3575773133372721,0.2855963142368494,0.15910883526207428,0.5380881404869795,0.008178682503219736,0.0026851851851854014,0.025237863071541036,0.5789569696419121,0.1269872724558348,0.10794447834324383,0.0,0.687623823851164,0.6308826910529837,0.2811899950617477,0.29342083168136224,0.3897461234243812,surprised,08,19,19,male,normal,2271
0,0.0,True,1.0,0.6530574624222175,0.6064960409795318,0.6297767517008747,0.9729061570655975,-0.05319444444444443,-0.05745370370370373,0.3382245408698899,0.45554901110242846,0.17675227449589562,0.647315002713476,0.04656142144268571,0.004259259259259296,0.02534461805556371,0.29633633462856934,0.1290324054749767,0.1054913082128764,0.0,0.6674117204003923,0.6425122468362345,0.2867096785034769,0.2938045738457013,0.37660147133975275,surprised,08,19,19,male,normal,2272
10,0.33366666666666667,True,1.0,0.6685629618314041,0.6456583681468292,0.6571106649891166,1.0126893998952018,-0.058888888888888935,-0.06199074074074079,0.333535733053444,0.49069137370443633,0.18301446072955646,0.6488768076935709,0.02290459368457487,0.0031018518518518556,0.021068269306465253,0.2945885872447506,0.12694215735595718,0.10799752986355342,0.0,0.6532471657990147,0.6435980884932099,0.2865841537746378,0.2981557344837343,0.37897244007126024,surprised,08,19,19,male,normal,2272
20,0.6673333333333333,True,1.0,0.3589295455698013,0.37634683508412575,0.36763819032696354,0.7252578053590047,-0.05388888888888882,-0.06041666666666673,0.3476114704740255,0.34780480669564295,0.16187343965237772,0.5069069062207219,0.017417289514324474,0.00652777777777791,0.02120614676268375,0.40227717759394044,0.12665700205860714,0.10833181250336765,0.0,0.7349458987359787,0.6405595498277437,0.28692265828366825,0.28363147268673267,0.3736791386566852,surprised,08,19,19,male,normal,2272
30,1.0010000000000001,True,1.0,0.36510458185558387,0.3582023872387598,0.36165348454717183,0.9876384269551708,-0.04972222222222222,-0.050509259259259254,0.3352694998110478,0.46288400478355285,0.15004119307423755,0.3661800459325257,0.006902194616824064,0.0007870370370370305,0.01990452911348032,0.29919012302689085,0.12680557192998565,0.10815786933182667,0.0,0.7477638832128958,0.6415790627032063,0.28721441564003136,0.2784076402472685,0.3672834883038075,surprised,08,19,19,male,normal,2272
40,1.3346666666666667,True,1.0,0.5089341502520005,0.5087698939048925,0.5088520220784465,0.7993801455711017,-0.04699074074074072,-0.04888888888888887,0.36034081150262515,0.3996691712124771,0.1486239450524195,0.6365582444068673,0.00016425634710803827,0.0018981481481481488,0.01471897664611398,0.34818408087976727,0.12768928688463876,0.10711313544938915,0.0,0.7338109650428039,0.642212745645133,0.2863504352703399,0.28427071393202474,0.3700523772802205,surprised,08,19,19,male,normal,2272
50,1.6683333333333334,True,1.0,0.38953687186561264,0.3377652994785665,0.3636510856720896,0.6016725812153431,-0.07513888888888881,-0.07523148148148145,0.3549805442881575,0.28573141864991686,0.18333999159310857,0.6044002951531144,0.05177157238704616,9.259259259264407e-05,0.02019819490221706,0.46830245312645546,0.12814906082291397,0.10656263876803818,0.0,0.7247529384654275,0.6396752319756028,0.2855422567682891,0.30763440660791086,0.3828549781179873,surprised,08,19,19,male,normal,2272
60,2.0020000000000002,True,1.0,0.6179354854018007,0.5744360844920006,0.5961857849469006,0.6687374261863612,-0.06550925925925927,-0.06527777777777782,0.3614039717451164,0.3415354735815715,0.18334831407780552,0.8915095246676948,0.04349940090980009,0.00023148148148144365,0.016923114667150664,0.41790310133240693,0.1258545992979159,0.10926297454355963,0.0,0.6736510707497771,0.6429547767153737,0.2862557973254964,0.2978431442813598,0.3762983066149736,surprised,08,19,19,male,normal,2272
70,2.3356666666666666,True,1.0,0.5186563484507664,0.5065467742306661,0.5126015613407162,0.8459765031585512,-0.03939814814814818,-0.04259259259259268,0.36263562066782873,0.36548444939580305,0.1507192502405064,0.6059288401354636,0.012109574220100283,0.0031944444444444997,0.015079595372332095,0.3497092162221418,0.1310614098179508,0.10295962620144097,0.0,0.8317984208336919,0.5620366981011155,0.26350273871181346,0.30017715615375395,0.3477179559458195,surprised,08,19,19,male,normal,2272
80,2.6693333333333333,True,1.0,0.3794445769636873,0.3651729865045621,0.3723087817341247,0.7612303476367706,-0.08449074074074076,-0.08777777777777784,0.35601877049829445,0.38052613035638294,0.19792283433372315,0.48908820160671773,0.014271590459125183,0.0032870370370370883,0.02114281028418904,0.3697075421082108,0.1239548649709277,0.11141350555714,0.0,0.6757217531191113,0.6413830016694178,0.28805702437977443,0.3241955888575476,0.4066474239096171,surprised,08,19,19,male,normal,2272
90,3.003,True,1.0,0.44090387965346706,0.4193969085869396,0.43015039412020334,0.9475700334779865,-0.08185185185185201,-0.08138888888888879,0.3411290665384033,0.496628348255872,0.19513888888888897,0.4539510315046243,0.021506971066527436,0.00046296296296322037,0.022962287909356498,0.3100988064201982,0.12225465465408135,0.11327655179084223,0.0,0.8892851766663846,0.6384742598211159,0.2899743350574479,0.31744863342011237,0.40619533476890285,surprised,08,19,19,male,normal,2272
100,3.336666666666667,True,1.0,0.23231307921354635,0.23032536576207244,0.2313192224878094,0.7614528977206556,-0.0894907407407407,-0.08805555555555555,0.3582631942365054,0.38052613035638344,0.1937563003007902,0.30378664679094897,0.001987713451473916,0.0014351851851851505,0.021927627642992272,0.36959948756569877,0.1241189741722054,0.11123065234404529,0.0,0.6666450838116156,0.6395376734131153,0.28824684694092806,0.3210040181314401,0.4022618676855173,surprised,08,19,19,male,normal,2272
110,3.6703333333333332,True,1.0,0.5714196523386124,0.5161896113925345,0.5438046318655734,1.0363416731781938,-0.07495370370370374,-0.0786574074074074,0.34009523086648524,0.5104808207087144,0.19723189304860717,0.5247348880585533,0.05523004094607786,0.0037037037037036535,0.02357497075423623,0.2909723371771057,0.12528933041945342,0.10991069763093565,0.0,0.7283532024565208,0.6364420156031162,0.2882496496016837,0.3211317222490104,0.397343128409291,surprised,08,19,19,male,normal,2272
120,4.0040000000000004,True,1.0,0.3811786485286589,0.36390313124045504,0.37254088988455697,1.0442417021656234,-0.08439814814814811,-0.08837962962962964,0.3391902020202663,0.45395779718612755,0.20138926772743349,0.3567573379917264,0.017275517288203868,0.00398148148148153,0.013713446154265257,0.2948669803196229,0.12324163176222261,0.1122019517252887,0.0,0.8052184385414288,0.6372454160804947,0.29021652766047684,0.31643349528646214,0.39696201951493637,surprised,08,19,19,male,normal,2272
0,0.0,True,1.0,0.525855454347964,0.5078129566061246,0.5168342054770443,0.6004558072064502,-0.03648148148148145,-0.04180555555555554,0.3644845643838928,0.3002279036032262,0.16810094747546458,0.8607364593267146,0.018042497741839414,0.005324074074074092,0.016319171926625638,0.4845700040570003,0.12643142027860044,0.10859499867411213,0.0,0.7523724282292493,0.6317370356189351,0.2849515430588521,0.28657829175477323,0.3840591388889303,surprised,08,19,19,male,normal,2273
10,0.33366666666666667,True,1.0,0.41393379068964525,0.4083806213615192,0.41115720602558226,0.8353775762497785,-0.042824074074074014,-0.04615740740740737,0.3452157748483973,0.3736487782345074,0.16319631444702837,0.49218128151269164,0.005553169328126051,0.003333333333333355,0.010349211388852532,0.36548163161521025,0.12687583392925492,0.10807543909455875,0.0,0.713322723278126,0.6288009383050096,0.28454122351539596,0.28260914885465105,0.3783123914797821,surprised,08,19,19,male,normal,2273
20,0.6673333333333333,True,1.0,0.4225038930245709,0.4409598755856911,0.431731884305131,0.8332335191286965,-0.03569444444444442,-0.03874999999999995,0.3452067795729146,0.3873050671036899,0.1563324977524367,0.5181403224831719,0.018455982561120188,0.0030555555555555336,0.0016114514066201421,0.36548163161521025,0.12847990527962064,0.10616351402480609,0.0,0.7478524516961951,0.6271685596035289,0.2835657774534633,0.2953650314764894,0.38412035189714605,surprised,08,19,19,male,normal,2273
30,1.0010000000000001,True,1.0,0.3854090783258754,0.39760775762815936,0.3915084179770174,1.0473883621820546,-0.03296296296296297,-0.03375,0.3587926780765345,0.34673040503617614,0.1632995988143311,0.37379489033215585,0.012198679302283966,0.0007870370370370305,0.002004845186772972,0.32932459971831995,0.12483508095876392,0.11042635705520419,0.0,0.671427047611232,0.6266173843756252,0.284013661647036,0.29189306978045965,0.3887121568003673,surprised,08,19,19,male,normal,2273
40,1.3346666666666667,True,1.0,0.3934528155277511,0.3854029931627867,0.38942790434526886,0.6749067190460909,-0.034259259259259156,-0.03722222222222227,0.3938605636334846,0.20369954028202358,0.16754335757825695,0.577009967978514,0.008049822364964376,0.0029629629629631116,0.0007416482249133681,0.44923304318937907,0.12967205168920554,0.10470404376957061,0.0,0.6647219101042375,0.6263745491165216,0.2798454977606012,0.29648806264049254,0.3816527426012139,surprised,08,19,19,male,normal,2273
50,1.6683333333333334,True,1.0,0.3796423267653416,0.3696482526626071,0.37464528971397437,0.6783242833234205,-0.0311111111111112,-0.03532407407407406,0.39469072064180627,0.17274180272557937,0.17230902777777785,0.5523100070639015,0.009994074102734507,0.004212962962962863,0.011718931414899866,0.45199689693417283,0.12849416824332913,0.10614625051492703,0.0,0.816053048270624,0.6278733808992347,0.28125367880885016,0.29789159918744224,0.380842418194016,surprised,08,19,19,male,normal,2273
60,2.0020000000000002,True,1.0,0.3262086237738657,0.36160099984942895,0.34390481181164734,0.7941171715152835,-0.034861111111111176,-0.03541666666666665,0.37156379829410724,0.25768959804297553,0.16736147692769202,0.43306557791141853,0.035392376075563226,0.0005555555555554759,0.0036007090538523333,0.3946615036907821,0.12614913207889195,0.10892279029961198,0.0,0.6977384447948957,0.6398390597020058,0.28437829300559214,0.2801621360396822,0.3656292501435408,surprised,08,19,19,male,normal,2273
70,2.3356666666666666,True,1.0,0.3294139280719856,0.3761324595349811,0.3527731938034834,0.5034183058795324,-0.03236111111111106,-0.03268518518518515,0.3904425943690879,0.21175690653460275,0.16225804994370108,0.7007555936750177,0.04671853146299548,0.0003240740740740877,0.0026927523022187614,0.6203959889850279,0.1314631225336873,0.10244620629981178,0.0,0.5814983515939545,0.6328722618969463,0.2833069806785981,0.2862331366571243,0.36837721494518727,surprised,08,19,19,male,normal,2273
80,2.6693333333333333,True,1.0,0.2819758342289271,0.301583268481065,0.291779551354996,0.5676803342129839,-0.04513888888888884,-0.05495370370370378,0.357749481116292,0.27663477334270525,0.18065060453086212,0.5139856601858702,0.0196074342521379,0.009814814814814943,0.0018016495642309755,0.5504943041339212,0.12418106255197552,0.11116133083917153,0.0,0.738642829707103,0.6272239486654038,0.28247535896758746,0.28993304578287366,0.38703969287919526,surprised,08,19,19,male,normal,2273
90,3.003,True,1.0,0.47386359179208226,0.43258735199135223,0.45322547189171725,0.5555555555555548,-0.03842592592592586,-0.04249999999999993,0.3654127259892029,0.30555555555555564,0.17523047393116484,0.8158058494050922,0.04127623980073003,0.004074074074074063,0.020359455456820857,0.5771042508994821,0.12744005313358425,0.10740954626198179,0.0,0.6710625827002076,0.6275970455604117,0.28496195435851474,0.2994490501877387,0.38678050671708347,surprised,08,19,19,male,normal,2273
0,0.0,True,1.0,0.5352484544146957,0.4847343990575075,0.5099914267361016,0.978285640493139,-0.03870370370370363,-0.04268518518518516,0.34230545508208815,0.4439911753007319,0.16607561779133434,0.5213113692224111,0.050514055357188226,0.00398148148148153,0.011645431580124743,0.320561694991554,0.1309097086904088,0.10315244030927452,0.0,0.6650869764469843,0.6264470486319529,0.2836623508732939,0.2959710449663546,0.3837687563414427,surprised,08,19,19,male,strong,2274
10,0.33366666666666667,True,1.0,0.6377074581244004,0.6458353570291153,0.6417714075767579,0.9464877331082999,-0.06189814814814826,-0.065462962962963,0.3473879667923558,0.41408838323488134,0.19938057002093038,0.6780557054544779,0.00812789890471488,0.003564814814814743,0.008049878255955809,0.3004576688836811,0.12229836157853352,0.11322936247079853,0.0,0.7753702953854529,0.6794710124987495,0.3056200071319313,0.29360398131078974,0.4194035361576577,surprised,08,19,19,male,strong,2274
20,0.6673333333333333,True,1.0,0.2355124028827761,0.2505611941903294,0.24303679853655275,0.7729236133479738,-0.08546296296296296,-0.08657407407407408,0.3568653786660447,0.3435216059324324,0.20212108351226893,0.31443831491163987,0.015048791307553294,0.0011111111111111183,0.008882786526226882,0.3650533419550695,0.12145337660259276,0.11413524907782163,0.0,0.7792702351975068,0.6752903120935874,0.30666951266344283,0.2977228376674897,0.4265598911544203,surprised,08,19,19,male,strong,2274
30,1.0010000000000001,True,1.0,0.2712328081168493,0.29127456430345045,0.2812536862101499,0.8369435857897857,-0.0886111111111112,-0.0889814814814815,0.3538722810905889,0.3463051980211202,0.2063224896286454,0.33604855928819094,0.020041756186601145,0.00037037037037029874,0.012672747513401899,0.34954694667404856,0.12474534059599258,0.11052772398831591,0.0,0.8363481305996172,0.6342274434695754,0.28744603632623716,0.3261588134764895,0.4119265799505779,surprised,08,19,19,male,strong,2274
40,1.3346666666666667,True,1.0,0.5657114015238526,0.547717238226175,0.5567143198750137,0.6983811376177145,-0.07805555555555549,-0.08083333333333337,0.3685275443113687,0.3141919921429098,0.2097400469640164,0.7971497079288996,0.017994163297677557,0.002777777777777879,0.017329267165999584,0.41806169683604105,0.12443665424808067,0.1108751408112759,0.0,0.8421067433687117,0.6399161385804322,0.28694186123660526,0.32744122804819453,0.4069752919623321,surprised,08,19,19,male,strong,2274
50,1.6683333333333334,True,1.0,0.5843194325452166,0.5643611530345902,0.5743402927899034,1.028085178175316,-0.07226851851851845,-0.07527777777777772,0.34443444180818367,0.4394852524458768,0.20557374157803746,0.5586504941246834,0.019958279510626342,0.003009259259259267,0.01779276129772147,0.2786483397090903,0.12393975101318302,0.111430318537171,0.0,0.6733104425160152,0.640184517158426,0.290044687786856,0.3269467433271613,0.4044336788323535,surprised,08,19,19,male,strong,2274
60,2.0020000000000002,True,1.0,0.37266282982239096,0.358822536360586,0.3657426830914885,1.1333967505279061,-0.08574074074074073,-0.08879629629629632,0.3410474911371834,0.47720661404780584,0.20001869114320445,0.3226960752456148,0.013840293461804987,0.003055555555555589,0.01642615256803292,0.25301005453896963,0.12547601514167667,0.10969752683976883,0.0,0.6532781938031225,0.628088573757628,0.2888657751916741,0.31803046053482126,0.40918268388543827,surprised,08,19,19,male,strong,2274
70,2.3356666666666666,True,1.0,0.405038601179711,0.4112887017475822,0.40816365146364664,0.8100694770050084,-0.07458333333333333,-0.07722222222222219,0.36842511052034016,0.2862638150635403,0.19863569437991274,0.5038625242031223,0.006250100567871175,0.0026388888888888573,0.01737665932322682,0.3494976459719667,0.12513738238919755,0.11008366499713944,0.0,0.9999999987499999,0.6319356620616997,0.28767813896425687,0.31433823696874,0.4028274978426202,surprised,08,19,19,male,strong,2274
80,2.6693333333333333,True,1.0,0.5645421368555007,0.5441809869294051,0.5543615618924529,0.8412918194816249,-0.06745370370370368,-0.06893518518518521,0.3523563727073182,0.3394025294212115,0.20486706971089572,0.6589408681449339,0.020361149926095612,0.001481481481481528,0.0217993148622166,0.3667421771947859,0.12382770939433173,0.11155481234138516,0.0,0.6765208964310843,0.6327767717164992,0.29076092120663843,0.31884120232634533,0.40908302380846145,surprised,08,19,19,male,strong,2274
90,3.003,True,1.0,0.6023322530224557,0.628667316248869,0.6154997846356624,1.0260040424139794,-0.067962962962963,-0.07111111111111112,0.3422926250926492,0.3770912719686635,0.21321197890506982,0.599899960615668,0.026335063226413213,0.003148148148148122,0.019780035812921756,0.27447333821508857,0.12488665811403642,0.11036802252269055,0.0,0.6645783380630952,0.6280393355545344,0.29003850193105546,0.3248848578893264,0.4181391804674015,surprised,08,19,19,male,strong,2274
100,3.336666666666667,True,1.0,0.618612582944092,0.6417069576608478,0.63015977030247,0.9829346506679241,-0.0669907407407408,-0.07180555555555551,0.36096764372504064,0.32760134302892024,0.21114038186407766,0.6411003721094415,0.023094374716755794,0.004814814814814716,0.014484504464313886,0.2948669803196229,0.12240195295911482,0.11311737126507196,0.0,0.9079292842958289,0.6281092304734395,0.29076844462542184,0.32790709135558077,0.4198798217718616,surprised,08,19,19,male,strong,2274
110,3.6703333333333332,True,1.0,0.6785675274703789,0.6552709091529374,0.6669192183116581,1.066898603051855,-0.06888888888888894,-0.07120370370370377,0.3566521669246328,0.38202089608346934,0.20972222222222225,0.625100845013707,0.023296618317441453,0.002314814814814825,0.01793520783698917,0.28154192840595016,0.12323583296408895,0.11220832074263805,0.0,0.6708681404856992,0.626840872466174,0.2914860187242555,0.3264630283610731,0.4195426521125143,surprised,08,19,19,male,strong,2274
120,4.0040000000000004,True,1.0,0.6608190059901513,0.6687172342837974,0.6647681201369744,1.1333967505279074,-0.06768518518518518,-0.07134259259259257,0.3491220001916477,0.4324684939808254,0.2083336995439489,0.5865272860781913,0.007898228293646059,0.003657407407407387,0.01371182739947005,0.26037216529085905,0.12538750442450466,0.1097986862609251,0.0,0.6579876444233466,0.6272070335399785,0.2916080208749476,0.3261656042286748,0.41888574472168466,surprised,08,19,19,male,strong,2274
0,0.0,True,1.0,0.395438298566704,0.3666832103587303,0.38106075446271714,0.918122479906809,-0.036111111111111094,-0.036296296296296326,0.35410604135477025,0.3085362404632196,0.1696428926093046,0.4150434858118227,0.028755088207973678,0.00018518518518523264,0.030325709796354423,0.37805769722178506,0.12630097393903314,0.10874668616845275,0.0,0.7703047384528512,0.6107923719409639,0.2964032984352591,0.2867062136343237,0.38139990167574,surprised,08,19,19,male,strong,2275
10,0.33366666666666667,True,1.0,0.42917783393581,0.4068957658543957,0.41803679989510284,0.8928242417599727,-0.03638888888888886,-0.040648148148148266,0.3438591911917485,0.31777045803028964,0.16879520517201466,0.4682184693720358,0.022282068081414308,0.004259259259259407,0.01980844324468757,0.3733470908857191,0.12668994578615228,0.10829328422081842,0.0,0.9153511194279996,0.6332729456313776,0.287303483849582,0.288459720496097,0.39006040522039226,surprised,08,19,19,male,strong,2275
20,0.6673333333333333,True,1.0,0.562834210530097,0.5520014224749002,0.5574178165024986,0.8353775762497786,-0.04324074074074069,-0.04925925925925928,0.35521126942968706,0.3003843119140151,0.18404809099924885,0.6672645188836505,0.010832788055196718,0.00601851851851859,0.017275233081161037,0.36548163161521025,0.12696515737770858,0.10797048940650975,0.0,0.8937825536426566,0.6310003615039768,0.2863330541879955,0.2944322354761517,0.3952583694922178,surprised,08,19,19,male,strong,2275
30,1.0010000000000001,True,1.0,0.3132494759832534,0.29150580756536376,0.3023776417743086,0.7565912849158168,-0.037407407407407445,-0.03925925925925927,0.3959333842417308,0.16305079875879702,0.16945570055431025,0.39965784407357147,0.02174366841788966,0.0018518518518518268,0.012002163939646508,0.4280949815532985,0.12336858559421011,0.11206234808678792,0.0,0.7912462334245851,0.6347858288627952,0.2856192522543573,0.27474558180178954,0.3890153034128213,surprised,08,19,19,male,strong,2275
40,1.3346666666666667,True,1.0,0.3319289074268323,0.316482440172834,0.3242056737998331,0.653261491629743,-0.04777777777777775,-0.04509259259259252,0.38812011691718995,0.14656365030401375,0.18542695320541566,0.49628774687301963,0.015446467253998286,0.002685185185185235,0.017661670799594704,0.49501360774321657,0.132844348762687,0.10064867993625218,0.0,0.7335539234810522,0.5662185058789141,0.26120815293284433,0.31456045200363403,0.35696898053132997,surprised,08,19,19,male,strong,2275
50,1.6683333333333334,True,1.0,0.355325344682641,0.3740067641200189,0.36466605440132993,0.8695814897879273,-0.04185185185185186,-0.03967592592592589,0.3714392240831434,0.25236568256233616,0.17777949438325966,0.41935811500571885,0.01868141943737789,0.00217592592592597,0.011039209989639602,0.3732336889939413,0.12732974194435412,0.10754029285301374,0.0,0.6881621119088852,0.6020752923825781,0.29791421376533933,0.28984659057395723,0.39634312071870365,surprised,08,19,19,male,strong,2275
60,2.0020000000000002,True,1.0,0.29171593495690645,0.31371358999874205,0.30271476247782425,0.7235564669222343,-0.06777777777777783,-0.07768518518518519,0.37113895577298034,0.18084679841457854,0.204170029800638,0.4183706128223426,0.021997655041835595,0.009907407407407365,0.020552088384775333,0.44714158846129265,0.1225676258860649,0.11293783624086151,0.0,0.8891734411456811,0.6296884754683123,0.2893533883279709,0.3113244182553704,0.4082760355937957,surprised,08,19,19,male,strong,2275
70,2.3356666666666666,True,1.0,0.3335614716270812,0.32932449872399816,0.3314429851755397,0.7990070944963197,-0.06328703703703703,-0.07032407407407404,0.39397754076795377,0.22263624884961172,0.2034737220567115,0.4148185760283839,0.004236972903083058,0.007037037037037008,0.01466839737818632,0.3794282391245922,0.12277764577977476,0.11270948259581144,0.0,0.7434994346844372,0.6270981137220513,0.2883770432152151,0.317622626259974,0.42409101806617283,surprised,08,19,19,male,strong,2275
80,2.6693333333333333,True,1.0,0.4050501995021897,0.37452563946388767,0.3897879194830387,0.7545663264885898,-0.04185185185185175,-0.043472222222222245,0.39641800418121453,0.14308049396230862,0.17083333333333334,0.5165721100979092,0.030524560038302007,0.0016203703703704941,0.01595779994427729,0.3720765597368303,0.12466236220849965,0.11062130544775967,0.0,0.6959792235036595,0.6299292227750476,0.2881796112664089,0.2788212335026932,0.38192891220397857,surprised,08,19,19,male,strong,2275
90,3.003,True,1.0,0.3808992907093959,0.37924694461558145,0.38007311766248864,0.6778793730047108,-0.051620370370370317,-0.05546296296296305,0.39156995712590037,0.15934603141493536,0.19098660378297827,0.5606795733845812,0.0016523460938144274,0.0038425925925927307,0.012713237130689064,0.4622617620332965,0.12464982002530643,0.11063543798485531,0.0,0.6677386652685734,0.6268508303633954,0.2901803416508247,0.2942805178715575,0.39170933086307796,surprised,08,19,19,male,strong,2275
100,3.336666666666667,True,1.0,0.2302308671180272,0.24450944963341276,0.23737015837571998,0.917273802908553,-0.08013888888888893,-0.08453703703703702,0.35553679343289446,0.2735226133263724,0.21813426503883468,0.25877786722247037,0.014278582515385552,0.0043981481481480955,0.013142400474422696,0.314935000529855,0.12048513377540132,0.11515689431944821,0.0,0.678475667265487,0.6213355642725841,0.2972628118237015,0.3210792310707848,0.40854613666980155,surprised,08,19,19,male,strong,2275
110,3.6703333333333332,True,1.0,0.45505176646402073,0.4494474736850541,0.4522496200745374,0.7033281981483082,-0.06231481481481482,-0.06722222222222218,0.46424598728887456,0.02834135152738121,0.22016106837094193,0.6430136332727744,0.005604292778966624,0.00490740740740736,0.014177753943990278,0.4108530582178295,0.12187688002421532,0.1136829093825595,0.0,0.6954182975362668,0.6290659356242497,0.29383684954139505,0.3467167076788901,0.4436867741056708,surprised,08,19,19,male,strong,2275
120,4.0040000000000004,True,1.0,0.3704993498526874,0.3864133240823402,0.3784563369675138,0.8260240790104518,-0.0382407407407408,-0.04305555555555557,0.4365378936751604,0.0778035218791476,0.17917731201720288,0.45816622854492495,0.015913974229652794,0.004814814814814772,0.006694368677873247,0.3693662394819522,0.12275030337288778,0.1127392602066972,0.0,0.7214364966587195,0.6295191349508553,0.2926964338526335,0.3125804392586443,0.4167407907897976,surprised,08,19,19,male,strong,2275
130,4.337666666666666,True,1.0,0.2646781202470778,0.25099845902830564,0.25783828963769173,0.789415351383196,-0.03884259259259254,-0.041527777777777775,0.4383723684939626,0.047827723928506996,0.17083735267438857,0.3266193002022487,0.013679661218772177,0.002685185185185235,0.0055137041889229904,0.3776213644732535,0.12534528162327135,0.10984688500429271,0.0,0.8718654301893413,0.627980033419618,0.2910473901793714,0.30984146395901185,0.4113534111757647,surprised,08,19,19,male,strong,2275
0,0.0,True,1.0,0.523616225585637,0.4922141140796935,0.5079151698326653,0.7059295122695345,-0.039583333333333304,-0.04356481481481472,0.3660575590097752,0.2768182661791333,0.1729700458052686,0.7194984215913268,0.03140211150594352,0.003981481481481419,0.023498561250273053,0.420922699605752,0.13016034383996908,0.10409641042078106,0.0,0.7623837819654027,0.6246467766247124,0.28213433957075207,0.29652870006166593,0.38447466965417515,surprised,08,19,19,male,strong,2276
10,0.33366666666666667,True,1.0,0.3982764152505329,0.38306102391253743,0.39066871958153515,0.48036626986082004,-0.058101851851851904,-0.06129629629629629,0.3814444255986244,0.19338645475629232,0.19030343754396392,0.8132725882163342,0.015215391337995487,0.0031944444444443887,0.015459155945634304,0.6116036448288729,0.1253238169944658,0.10987137327142332,0.0,0.6646868939966546,0.6211446267647684,0.28563299330672126,0.2948054226804697,0.38538172154663103,surprised,08,19,19,male,strong,2276
20,0.6673333333333333,True,1.0,0.5035091002242983,0.5122448452968988,0.5078769727605985,0.48748829875379684,-0.0431481481481481,-0.04745370370370372,0.3791631355423429,0.23694455642998447,0.1680923239539124,1.0418239249207064,0.008735745072600554,0.004305555555555618,0.014905708546872004,0.6099333329901712,0.12804314721263438,0.10668987872679632,0.0,0.7692463279079543,0.6253641766472214,0.2886032519565616,0.2969345284635537,0.3878091268618425,surprised,08,19,19,male,strong,2276
30,1.0010000000000001,True,1.0,0.34786045027453544,0.37042490884455725,0.3591426795595464,1.7696247179558504,-0.0660648148148148,-0.07148148148148153,0.3052386204935228,0.767907101924452,0.17224392771241923,0.2029484985801981,0.022564458570021817,0.005416666666666736,0.012557882723264508,0.17214396162794163,0.12022464138028671,0.11542882384783315,0.0,0.7899627952078485,0.6302687822081958,0.2915555349184345,0.2644926060360233,0.3670745433973088,surprised,08,19,19,male,strong,2276
40,1.3346666666666667,True,1.0,0.5211132256176357,0.5074621009651307,0.5142876632913832,0.7035248260422889,-0.038842592592592595,-0.04018518518518527,0.3836600404169896,0.2985989388372442,0.14794967354738497,0.7310156575206194,0.013651124652505064,0.001342592592592673,0.014171788361231149,0.42610616833482245,0.12819439470535346,0.10650809798861786,0.0,0.673453659742374,0.6370577633553421,0.2845236056560073,0.29104167925978247,0.37195806332921133,surprised,08,19,19,male,strong,2276
50,1.6683333333333334,True,1.0,0.3624167447037209,0.3370759898757881,0.3497463672897545,0.5328303632643326,-0.03902777777777783,-0.03865740740740742,0.3707160520737808,0.19628441977070504,0.14584641170895057,0.6563934629157916,0.0253407548279328,0.00037037037037040976,0.022059286246414952,0.5207015490463024,0.12665085673418172,0.10833899694656622,0.0,0.7530202081470695,0.6406769733987345,0.28679868368217815,0.2858239987499145,0.37348371745603665,surprised,08,19,19,male,strong,2276
60,2.0020000000000002,True,1.0,0.3336443065906402,0.32932449872399816,0.33148440265731915,1.0064678222519488,-0.044999999999999984,-0.04300925925925919,0.31421811780959874,0.4040824849189243,0.16115845901633363,0.3293541982451365,0.004319807866642045,0.001990740740740793,0.014482971940202986,0.289949444597364,0.12715428538529838,0.10774769361284861,0.0,0.655842837902852,0.558712677453794,0.26978586289471507,0.29668977067650576,0.34101788017180285,surprised,08,19,19,male,strong,2276
70,2.3356666666666666,True,1.0,0.43764965961347435,0.45679584978674165,0.44722275470010797,0.7236895510145224,-0.0508333333333334,-0.061203703703703594,0.4107188881797051,0.16492356325803842,0.17640445937537771,0.6179759733619996,0.019146190173267297,0.010370370370370197,0.025169395079030227,0.41747688439726766,0.12514644178121304,0.11007336589858056,0.0,0.7108927261978546,0.6373988354951357,0.2893013791743892,0.3010824674865921,0.38577122330132557,surprised,08,19,19,male,strong,2276
80,2.6693333333333333,True,1.0,0.4693051879756517,0.47592942428673946,0.47261730613119557,0.688221943608548,-0.04546296296296298,-0.05240740740740729,0.4351460128604241,0.16292854852761468,0.1659740609280414,0.6867222275028393,0.006624236311087772,0.006944444444444309,0.026028591707666835,0.41761903261186134,0.12748892777226667,0.10735153034081853,0.0,0.6537492682547199,0.6428764899866196,0.2879580987721397,0.3075974770349277,0.3935440054821102,surprised,08,19,19,male,strong,2276
90,3.003,True,1.0,0.35892954556980133,0.3426688908954457,0.3507992182326235,0.5985537594269926,-0.037314814814814856,-0.039490740740740715,0.46352529063042713,0.11290923822191641,0.15416666666666667,0.5860780468047692,0.016260654674355612,0.002175925925925859,0.026461083613825577,0.5019089863609318,0.12853456180440306,0.10609733358009052,0.0,0.7474057723802621,0.6430644207135979,0.2882254891008359,0.3115084932005947,0.40186002729716613,surprised,08,19,19,male,strong,2276
0,0.0,True,1.0,0.49379355682971604,0.5096486222250379,0.5017210895273769,1.0635393033816263,-0.04171296296296301,-0.043703703703703745,0.3263668185226715,0.41780552284434136,0.17779322663045247,0.47174663684934454,0.015855065395321888,0.0019907407407407374,0.015006003648184454,0.2976548210303815,0.12784430178538023,0.10692807055060509,0.0,0.6797669438242857,0.59417314022484,0.2898601088069427,0.29687990586534624,0.3847663540340486,surprised,08,19,19,male,strong,2277
10,0.33366666666666667,True,1.0,0.4951730703249452,0.5159341503861831,0.5055536103555641,1.2204566798233685,-0.04407407407407404,-0.045509259259259305,0.32928024370947,0.4821092278719393,0.17641008171331204,0.4142331462586044,0.02076108006123789,0.0014351851851852615,0.011200801083655149,0.2641520424577076,0.1269945599980589,0.1079359045985638,0.0,0.6757552960487827,0.5932028804334234,0.2917309576169383,0.2960461185759747,0.3823023116165411,surprised,08,19,19,male,strong,2277
20,0.6673333333333333,True,1.0,0.4923389779269552,0.48358042480602803,0.4879597013664916,1.1402403335265576,-0.03689814814814818,-0.04023148148148148,0.33347555426172115,0.45905779661458784,0.17223816937956293,0.4279446069560794,0.00875855312092716,0.0033333333333332993,0.0005980195031711477,0.27790102632978797,0.12776483379870238,0.10702301161523112,0.0,0.7482081210477352,0.6210597602478491,0.2855141771194855,0.2914297161492158,0.37895161891893503,surprised,08,19,19,male,strong,2277
30,1.0010000000000001,True,1.0,0.2953976015582399,0.2928729242941641,0.294135262926202,1.1986226025232602,-0.04175925925925933,-0.04277777777777786,0.3477797204950996,0.36821770012748195,0.17500043596485867,0.24539439045034533,0.002524677264075792,0.0010185185185185297,0.004742853529550241,0.27887870227370776,0.1201865110532922,0.11546852528150639,0.0,0.764185720155462,0.5860077375481443,0.29198347823233217,0.2679827453767386,0.3707925411340552,surprised,08,19,19,male,strong,2277
40,1.3346666666666667,True,1.0,0.2915455424123629,0.3005738304392714,0.29605968642581715,0.8151814978276565,-0.028935185185185175,-0.028101851851851822,0.3816653962349706,0.2587465261470862,0.16460604611541985,0.3631825393667231,0.009028288026908471,0.0008333333333333526,0.002815371223128827,0.43771806750094777,0.12787665922395305,0.1068893717665408,0.0,0.7432033594236024,0.61997014065001,0.28266110553182094,0.3038798855743143,0.39180804307868333,surprised,08,19,19,male,strong,2277
50,1.6683333333333334,True,1.0,0.44394229621808545,0.41280067691902794,0.4283714865685567,0.5063144732044005,-0.03819444444444442,-0.038333333333333275,0.3709332698491845,0.12656475275908063,0.18137160858411835,0.8460581501007617,0.03114161929905751,0.0001388888888888551,0.022464221016211684,0.567950927898794,0.1255637373156978,0.10959710599227006,0.0,0.670127356502803,0.6224278906328156,0.2806433608695936,0.28349187609065934,0.3836885897924319,surprised,08,19,19,male,strong,2277
60,2.0020000000000002,True,1.0,0.2907903528682067,0.28547964828375155,0.2881350005759791,0.9924806358157314,-0.048472222222222194,-0.047268518518518376,0.3236926547570249,0.36429986962623584,0.17777820693070212,0.29031800740289265,0.00531070458445515,0.0012037037037038179,0.008476836935888594,0.3110600111136229,0.1295761187656007,0.10482274188660697,0.0,0.7071067807446058,0.5483180856873999,0.256220072311204,0.2977120930500729,0.33598865842553205,surprised,08,19,19,male,strong,2277
70,2.3356666666666666,True,1.0,0.3459647671487906,0.331724295238006,0.3388445311933983,0.9409998765519947,-0.055555555555555525,-0.054120370370370374,0.38161826381699937,0.2899997734377654,0.19583489167154802,0.3600898784758507,0.014240471910784591,0.0014351851851851505,0.011447809691423047,0.326190232851733,0.12942087086662332,0.10501436070948371,0.0,0.7565890342037126,0.5954363788093363,0.2905380505103903,0.308073495048485,0.38777431591176803,surprised,08,19,19,male,strong,2277
80,2.6693333333333333,True,1.0,0.37067983506568264,0.36708368098808386,0.3688817580268833,1.038819899700531,-0.03643518518518524,-0.034861111111111065,0.37887034707604,0.33105020144095854,0.1680628190866036,0.3550969307896622,0.003596154077598779,0.001574074074074172,0.00936954263787407,0.3115701318204394,0.12592359419212346,0.10918345202676921,0.0,0.775669278804199,0.661298502010179,0.30008772577317455,0.2807660370803702,0.41007583688420013,surprised,08,19,19,male,strong,2277
90,3.003,True,1.0,0.34342674365997716,0.3318516467645358,0.3376391952122565,1.0464086572992595,-0.042453703703703716,-0.037685185185185155,0.3794348961081386,0.3465457791752752,0.17638932142096184,0.3226647570784537,0.011575096895441339,0.004768518518518561,0.0073520265600245304,0.3185498619570425,0.12414648068482535,0.11119995100815562,0.0,0.7564685172885434,0.6648058296990671,0.30010952766825627,0.27939064810520486,0.4106079790136841,surprised,08,19,19,male,strong,2277
0,0.0,True,1.0,0.6028708898606988,0.5553000556054811,0.57908547273309,0.4876486019293008,-0.06060185185185191,-0.06157407407407406,0.3542703093011817,0.3696691014625348,0.14939188824453864,1.1875056555930528,0.04757083425521769,0.0009722222222221522,0.018725148437959267,0.4899193548387107,0.11868404839783797,0.11168056278222357,0.0,0.9999999987499999,0.6030427396505477,0.28675138049091564,0.305278959470826,0.40155938015471687,neutral,01,20,20,female,normal,2278
10,0.33366666666666667,True,1.0,0.6144104939501059,0.541515877317164,0.5779631856336349,0.5123289167087128,-0.060462962962962885,-0.06287037037037035,0.349230175498363,0.4001951427097064,0.14936737279111098,1.1281096318875923,0.07289461663294194,0.002407407407407469,0.01791419922652426,0.45696065720663703,0.11746197493589239,0.11262738564162492,0.0,0.9999999987499999,0.602869568264806,0.2864621909653692,0.30400137854118886,0.40155057420040746,neutral,01,20,20,female,normal,2278
20,0.6673333333333333,True,1.0,0.5714285714285711,0.5508247689827348,0.561126670205653,0.5122497826684235,-0.06148148148148147,-0.06222222222222218,0.349235632814085,0.38418733700131796,0.15077998189393507,1.0954161215698694,0.02060380244583626,0.0007407407407407085,0.015542399106261295,0.457031250000002,0.11906151753421299,0.11127805933855692,0.0,0.9999999987499999,0.6026656067114347,0.28617951942627984,0.3056920299114379,0.40035831808683203,neutral,01,20,20,female,normal,2278
30,1.0010000000000001,True,1.0,0.5806062220285448,0.550817697794293,0.5657119599114189,0.8956170547584101,-0.06805555555555548,-0.07185185185185189,0.37224255092635894,0.49996497882737495,0.1576780863318174,0.631644916659183,0.029788524234251823,0.0037962962962964086,0.0119547085533963,0.27386266500141265,0.11684203253831393,0.11293349852692683,0.0,0.9999999987499999,0.6034332755680397,0.29102433960126195,0.31859049033584674,0.40510756598238296,neutral,01,20,20,female,normal,2278
40,1.3346666666666667,True,1.0,0.4742120611990594,0.4750342705073296,0.47462316585319453,0.8336002468929475,-0.07013888888888892,-0.07157407407407412,0.35316353773718906,0.45601816944617735,0.15632029668680264,0.5693654333983739,0.0008222093082702053,0.001435185185185206,0.01921947048056717,0.30829135957025056,0.09743749708787511,0.11644235669346635,0.0,0.9999999987499999,0.6715658372724089,0.308958877270438,0.2759890601703451,0.4235110131956277,neutral,01,20,20,female,normal,2278
50,1.6683333333333334,True,1.0,0.5630157064865594,0.5363984674329497,0.5497070869597546,0.9684186205306972,-0.07157407407407401,-0.07097222222222221,0.3478207858634422,0.555555555555555,0.15284967137343167,0.5676337436164878,0.026617239053609687,0.0006018518518517979,0.009500250673758023,0.24947210505284226,0.09950457797366173,0.11468098026182996,0.0,0.9999999987499999,0.6744261541335286,0.30814736336084075,0.2792197333183864,0.42713592114700116,neutral,01,20,20,female,normal,2278
60,2.0020000000000002,True,1.0,0.5387546058368061,0.5363984674329492,0.5375765366348777,0.5973864872614902,-0.07574074074074066,-0.07513888888888892,0.38000942033934254,0.42982686278570587,0.15841474615060325,0.8998806436001082,0.0023561384038569555,0.0006018518518517424,0.008475339616336798,0.3978658536585353,0.09903847101128047,0.11491808205700466,0.0,0.9999999987499999,0.6745518167892157,0.30848269901986464,0.27966551567197817,0.4254328900484046,neutral,01,20,20,female,normal,2278
70,2.3356666666666666,True,1.0,0.5979797979797972,0.5575789607597242,0.5777793793697608,0.9306420133706577,-0.07439814814814816,-0.07467592592592592,0.317682244333394,0.5618654212581472,0.1585259587597389,0.6208395613659469,0.04040083722007293,0.0002777777777777657,0.002322411255314671,0.24481809505059698,0.0982257756126977,0.11594261176998583,0.0,0.9999999987499999,0.673590907237895,0.30762339972462327,0.27660061879382836,0.4205801541735921,neutral,01,20,20,female,normal,2278
80,2.6693333333333333,True,1.0,0.5928522310044867,0.5390612736692458,0.5659567523368663,0.7386603807880616,-0.07194444444444442,-0.07398148148148148,0.3501020973061993,0.46359406000892767,0.15497192006927749,0.7661934592093035,0.05379095733524086,0.0020370370370370594,0.0076049891466033505,0.31187443464656156,0.10033025196249103,0.1146261078587545,0.0,0.9999999987499999,0.6740467994776035,0.30647010306383055,0.27598590994511096,0.4206798731062599,neutral,01,20,20,female,normal,2278
90,3.003,True,1.0,0.6081871345029234,0.5628392828987805,0.5855132087008519,0.7134772412317409,-0.07013888888888892,-0.07282407407407415,0.34896267995899816,0.45186891944676894,0.15356962662059728,0.820647351960417,0.0453478516041429,0.002685185185185235,0.0018602575969700606,0.3382308045706276,0.11914484153020355,0.11067360273165826,0.0,0.9999999987499999,0.6033095391750449,0.2909093147914895,0.30607824094307917,0.39633936692306637,neutral,01,20,20,female,normal,2278
100,3.336666666666667,True,1.0,0.634726406702333,0.6026365348399251,0.618681470771129,0.6751639343923769,-0.06847222222222227,-0.07166666666666671,0.35034626070814234,0.42394014485102705,0.15355621233718547,0.9163425936367883,0.03208987186240797,0.003194444444444444,0.004668966395755621,0.34091042250260206,0.11745238636019903,0.11229858679219364,0.0,0.9999999987499999,0.604012882910977,0.2893340740747629,0.30368650563637145,0.39758680778703537,neutral,01,20,20,female,normal,2278
0,0.0,True,1.0,0.5494949494949488,0.5145238365010196,0.5320093929979842,0.47495093396597116,-0.060833333333333295,-0.060185185185185286,0.3637563071669494,0.3370064785374705,0.15143927650406563,1.1201354812707898,0.03497111299392919,0.0006481481481480089,0.008033201233166557,0.5261230723578036,0.11692128298810706,0.11302014505920659,0.0,0.9999999987499999,0.6064931617099965,0.2852937547163702,0.29961512460637474,0.39536618830450954,neutral,01,20,20,female,normal,2279
10,0.33366666666666667,True,1.0,0.555703230482962,0.5450317394352516,0.5503674849591068,0.5079509898833006,-0.060324074074074086,-0.06060185185185191,0.34999548182552487,0.372968890728009,0.15074506418281913,1.083505093838977,0.010671491047710369,0.0002777777777778212,0.0068231285213590535,0.4569606572066383,0.11689224196244472,0.11321858204968928,0.0,0.9999999987499999,0.6040048050704656,0.28537141340008965,0.29999609014266,0.39630294238577324,neutral,01,20,20,female,normal,2279
20,0.6673333333333333,True,1.0,0.5815144804746896,0.5611306526794657,0.5713225665770776,0.5503667562281448,-0.06078703703703703,-0.06125000000000008,0.3543852732798272,0.3773943471278711,0.15213349094410566,1.0380760831060187,0.020383827795223852,0.00046296296296305384,0.009134961576886204,0.43486817730509203,0.11910839733392621,0.11088477459634026,0.0,0.9999999987499999,0.602964773886117,0.28543491415516054,0.30342977956197315,0.39607242363278705,neutral,01,20,20,female,normal,2279
30,1.0010000000000001,True,1.0,0.6586965791803824,0.608187134502924,0.6334418568416532,0.8436116587936879,-0.07314814814814818,-0.07208333333333339,0.373994384959531,0.43660603393708464,0.16185270031020327,0.7508690168500464,0.050509444677458326,0.0010648148148147962,0.0010198068396014871,0.2768721772295895,0.09686049592291546,0.11626915674731104,0.0,0.9999999987499999,0.6694145912427472,0.30920108287592235,0.2763448699630102,0.4215784369609388,neutral,01,20,20,female,normal,2279
40,1.3346666666666667,True,1.0,0.5874410621869828,0.5576965962238981,0.5725688292054405,0.8500623927510715,-0.07365740740740745,-0.07087962962962963,0.3631782505102212,0.46295705593531994,0.1611684003091872,0.6735609457470835,0.029744465963084665,0.0027777777777778234,0.006437296355682297,0.2912799489043747,0.09721427304591522,0.11679202599014298,0.0,0.9999999987499999,0.6705961642313175,0.3079262647012511,0.27466597950047666,0.4222599185868097,neutral,01,20,20,female,normal,2279
50,1.6683333333333334,True,1.0,0.6031350316039082,0.5972112296648548,0.6001731306343816,0.8833007984433744,-0.07412037037037045,-0.07245370370370369,0.34171671523291774,0.5379823513613889,0.15982966103635318,0.6794663060330708,0.005923801939053397,0.0016666666666667607,0.008760295688271504,0.26651602864547247,0.09950792370407775,0.11550576231993774,0.0,0.9999999987499999,0.6722642840730042,0.3083867836630714,0.27599433787288025,0.42062493751921326,neutral,01,20,20,female,normal,2279
60,2.0020000000000002,True,1.0,0.5334930851231573,0.48629962880978395,0.5098963569664706,0.9975697039158772,-0.07976851851851852,-0.07666666666666666,0.3568038575081578,0.5216299312170793,0.16539590783075767,0.5111385750438437,0.04719345631337335,0.0031018518518518556,0.017290269142910968,0.2635972182448139,0.09763639324509277,0.11676615446374909,0.0,0.9999999987499999,0.6740561821681799,0.3090803041764263,0.27597315505436015,0.41808379508053356,neutral,01,20,20,female,normal,2279
70,2.3356666666666666,True,1.0,0.6179354854018002,0.5819206398458825,0.5999280626238414,0.8482470178644426,-0.07689814814814822,-0.07435185185185195,0.31816736204207596,0.510376755886936,0.1647505928354333,0.7072563180171595,0.03601484555591772,0.0025462962962962687,0.014505123435419305,0.2670085774680508,0.09774353830018172,0.11651307603414608,0.0,0.9999999987499999,0.6741971205122673,0.3061147192305925,0.2713362804933525,0.41582459308596664,neutral,01,20,20,female,normal,2279
80,2.6693333333333333,True,1.0,0.6061623430616518,0.6004272742860192,0.6032948086738354,0.7855888867881488,-0.0737962962962963,-0.07291666666666669,0.34028924304710173,0.48084607174605565,0.16057068668037433,0.7679523206347586,0.005735068775632679,0.0008796296296296191,0.01743652679891421,0.3125425594616595,0.0999895278436697,0.1144250258494958,0.0,0.9999999987499999,0.6712759952340311,0.3073920801395944,0.2763648491824242,0.41883960947995125,neutral,01,20,20,female,normal,2279
90,3.003,True,1.0,0.6037599227815102,0.5770060337882227,0.5903829782848664,0.519222509035278,-0.07032407407407404,-0.06893518518518521,0.34604938082815107,0.3535533905932749,0.15783236184754207,1.1370519729235264,0.026753888993287567,0.0013888888888888284,0.017620557945534427,0.42986288878896395,0.1163691611968681,0.11257768092123234,0.0,0.9999999987499999,0.5989779547443979,0.28763659273150294,0.3006443736631839,0.38855687898858493,neutral,01,20,20,female,normal,2279
100,3.336666666666667,True,1.0,0.6037599227815112,0.5867507022069188,0.595255312494215,0.40236752446985524,-0.06939814814814815,-0.06930555555555556,0.35426050958160876,0.34747157093047154,0.1529579471986718,1.4793820979426748,0.01700922057459242,9.259259259258856e-05,0.015401873253720907,0.5665433038442581,0.0981011049435975,0.11637599977021115,0.0,0.9999999987499999,0.676152985960009,0.3019649671959083,0.26549173354614325,0.414919109103925,neutral,01,20,20,female,normal,2279
0,0.0,True,1.0,0.6180607663527934,0.5851846137207538,0.6016226900367736,0.7242409045583074,-0.06180555555555556,-0.061203703703703705,0.33964742092911476,0.4032375538631155,0.15495764247409807,0.8306941602582985,0.03287615263203958,0.0006018518518518534,0.017002072766662546,0.31957615915211096,0.11673288111064675,0.11388586331224669,0.0,0.9999999987499999,0.5989222900566475,0.28691672202839735,0.30748846383320866,0.3966260000417702,neutral,01,20,20,female,normal,2280
10,0.33366666666666667,True,1.0,0.6180607663527948,0.5781673647115252,0.59811406553216,0.6787601131327176,-0.06152777777777779,-0.06277777777777777,0.345951716378267,0.39590789419267475,0.1556261659247812,0.8811862305397593,0.039893401641269643,0.0012499999999999734,0.01689249074720531,0.33479140438121174,0.11942504248940124,0.11088782924252567,0.0,0.9999999987499999,0.598638635321316,0.2870391504220394,0.31193975185123096,0.3981026523820147,neutral,01,20,20,female,normal,2280
20,0.6673333333333333,True,1.0,0.6180607663527939,0.5953108139446167,0.6066857901487053,0.6646555328367407,-0.05986111111111109,-0.06064814814814812,0.3354231974921629,0.3821391484942888,0.15702657735393374,0.9127822761955785,0.022749952408177232,0.0007870370370370305,0.013144542165842703,0.3515277437259736,0.11938633399270403,0.11144355766951766,0.0,0.9999999987499999,0.5995154971129076,0.28599266968952103,0.3099211092634334,0.39535281007852247,neutral,01,20,20,female,normal,2280
30,1.0010000000000001,True,1.0,0.2569354908226451,0.2416846848614406,0.24931008784204284,0.7403974792295727,-0.08787037037037038,-0.08995370370370376,0.3375526458839474,0.4112998013634258,0.17372357468471158,0.336724657816859,0.015250805961204511,0.0020833333333333814,0.007352990964424328,0.32573340124116473,0.11336719266481121,0.11208573793503997,0.0,0.9999999987499999,0.6089882587644433,0.29205842096110174,0.2904969617953058,0.3621754400755288,neutral,01,20,20,female,normal,2280
40,1.3346666666666667,True,1.0,0.5556950304409517,0.5209796117574764,0.5383373210992141,0.741674581269298,-0.07643518518518522,-0.07300925925925922,0.3559432016122833,0.41719195196398,0.1633140814428776,0.7258403276783552,0.034715418683475274,0.003425925925925999,0.0032459223316152266,0.32812500000000056,0.10019422246583952,0.11457887195618305,0.0,0.9999999987499999,0.6657448089392006,0.310783560627687,0.28813390724855636,0.43258453875950925,neutral,01,20,20,female,normal,2280
50,1.6683333333333334,True,1.0,0.6031350316039098,0.535393401572118,0.569264216588014,0.9317359987698105,-0.07745370370370369,-0.07467592592592592,0.373046090484134,0.5176104790436026,0.16327343339026862,0.610971581370286,0.06774163003179179,0.002777777777777768,0.0012606937233331523,0.259404304840997,0.09908077546609721,0.11554306576768966,0.0,0.9999999987499999,0.6656974569046368,0.31134296953845464,0.2934932461672566,0.4352604437442648,neutral,01,20,20,female,normal,2280
60,2.0020000000000002,True,1.0,0.5712802476822685,0.5577148147817114,0.56449753123199,0.7395499709021731,-0.07689814814814816,-0.07453703703703712,0.35007456601223585,0.47978330189818436,0.16466165602418412,0.7632986998070764,0.013565432900557117,0.002361111111111036,0.008062743083722845,0.3230457681632508,0.1165157352420009,0.11444145547349185,0.0,0.9999999987499999,0.6029841033991722,0.2884738102662952,0.31471202095010137,0.3941160250246576,neutral,01,20,20,female,normal,2280
70,2.3356666666666666,True,1.0,0.6465924621026925,0.6020456437332933,0.624319052917993,0.9638837497712832,-0.0763888888888889,-0.07601851851851849,0.32782032578585,0.5495560809721585,0.16259199619465434,0.6477119808961771,0.04454681836939922,0.00037037037037040976,0.004896147203711056,0.24732147889781572,0.10140219684618747,0.11517740257672716,0.0,0.9999999987499999,0.6661202500453306,0.3091474581873105,0.2877583968219172,0.4280359928702144,neutral,01,20,20,female,normal,2280
80,2.6693333333333333,True,1.0,0.670351459032736,0.6220663857712214,0.6462089224019787,0.6572733543758501,-0.07583333333333336,-0.07569444444444456,0.33320849990355755,0.45990948622502936,0.15984445805721553,0.9831661638187383,0.048285073261514544,0.00013888888888879958,0.004683542293933584,0.35231095379985955,0.10093784872081768,0.11525442460057579,0.0,0.9999999987499999,0.6693406323466887,0.30709866630930405,0.28195685728991016,0.42279091739367225,neutral,01,20,20,female,normal,2280
90,3.003,True,1.0,0.6341455588622595,0.5916717923471555,0.6129086756047075,0.6975164044218547,-0.07444444444444448,-0.07388888888888889,0.32922771769291087,0.45633898007168755,0.15991317465379434,0.8787014494845101,0.04247376651510404,0.0005555555555555869,0.009826745255924795,0.34874595746852277,0.11812637522994367,0.11243982777547645,0.0,0.9999999987499999,0.5995851200011255,0.28780333013151566,0.3117535469585161,0.392513624115922,neutral,01,20,20,female,normal,2280
100,3.336666666666667,True,1.0,0.6658039815468735,0.6065720548946858,0.6361880182207796,0.6564768334309316,-0.07314814814814824,-0.07226851851851851,0.3330148117974046,0.434743991492204,0.1612819715652447,0.9690943927082439,0.05923192665218768,0.0008796296296297301,0.009180302131022961,0.35231095379985955,0.12037227726822819,0.11020514601576678,0.0,0.9999999987499999,0.60275461280606,0.2873305937310058,0.3158443017690552,0.3950529132374302,neutral,01,20,20,female,normal,2280
0,0.0,True,1.0,0.618867984149691,0.5715868806118631,0.5952274323807771,0.49181572593898976,-0.05944444444444441,-0.05962962962962959,0.35118680738711533,0.3490305151825092,0.15214402194152554,1.2102651480782778,0.047281103537827884,0.00018518518518517713,0.005427152295096554,0.4899193548387094,0.11720760431411038,0.11306071373712569,0.0,0.9999999987499999,0.603584261095063,0.286325743193914,0.29976248755457885,0.39810958844183597,neutral,01,20,20,female,normal,2281
10,0.33366666666666667,True,1.0,0.6462549494474186,0.6104514037519946,0.6283531765997066,0.5330549404351322,-0.06050925925925926,-0.060694444444444495,0.3439295266331803,0.3715231403032744,0.15352192606559384,1.1787775122894133,0.03580354569542399,0.00018518518518523264,0.01346541788677605,0.44318181818181773,0.11710889756824812,0.11316295158004368,0.0,0.9999999987499999,0.6050993139052496,0.285684181736054,0.3007045184917791,0.39785084551550537,neutral,01,20,20,female,normal,2281
20,0.6673333333333333,True,1.0,0.6504659601128562,0.586625510775352,0.6185457354441041,0.8643577828341057,-0.06722222222222218,-0.06893518518518521,0.34280752579783086,0.4810777100772893,0.16043996930654494,0.7156130802871711,0.06384044933750421,0.0017129629629630272,0.010917143474149828,0.27592785638306716,0.11845032529946453,0.11226833827508075,0.0,0.9999999987499999,0.6065375478941577,0.28860986297017616,0.3099096420482614,0.40065526005216284,neutral,01,20,20,female,normal,2281
30,1.0010000000000001,True,1.0,0.5924343339389027,0.5873040673531861,0.5898692006460444,0.8615709777937341,-0.07689814814814822,-0.07740740740740748,0.32826424630291046,0.4898831132158222,0.1646876008887789,0.6846437680114883,0.005130266585716581,0.0005092592592592649,0.0011020985062010023,0.2984207946263012,0.09717518614608728,0.11633427514473205,0.0,0.9999999987499999,0.6724671161120698,0.3096159220696154,0.27487677962200524,0.42194196751609697,neutral,01,20,20,female,normal,2281
40,1.3346666666666667,True,1.0,0.5874337247076409,0.5509600133213756,0.5691968690145082,0.6919838399237521,-0.07699074074074086,-0.0759259259259259,0.3664492923143936,0.4361202747411773,0.16192621871902638,0.8225580370160472,0.03647371138626532,0.0010648148148149628,0.0019399351882544204,0.3307790527563238,0.09717009220584623,0.11650217810983754,0.0,0.9999999987499999,0.6750428911955406,0.3079263527293731,0.27118625689270076,0.41835921168636814,neutral,01,20,20,female,normal,2281
50,1.6683333333333334,True,1.0,0.608014811339689,0.5967085607861901,0.6023616860629395,0.8284816108164906,-0.07805555555555566,-0.07745370370370375,0.38844579515253075,0.4713774682231749,0.16399359797450994,0.7270670564061115,0.011306250553498987,0.0006018518518519089,0.0025884550394683677,0.29298457274949347,0.09894365315407717,0.11566051017771725,0.0,0.9999999987499999,0.6715943577899911,0.31068792289989644,0.2838574394939831,0.4282916140102304,neutral,01,20,20,female,normal,2281
60,2.0020000000000002,True,1.0,0.6539346740793816,0.6325947302619407,0.6432647021706611,0.7912562362613085,-0.07537037037037048,-0.07504629629629633,0.37713085996715406,0.47621903108319513,0.16471724715858302,0.8129663599368159,0.021339943817440865,0.00032407407407414324,0.007631377079557716,0.31304821597977683,0.09711516524669639,0.11752468969457362,0.0,0.9999999987499999,0.6705993517485118,0.3099936789084804,0.277817268575803,0.4233493436981712,neutral,01,20,20,female,normal,2281
70,2.3356666666666666,True,1.0,0.6971231006910527,0.6589199995025953,0.678021550096824,0.9335252766031864,-0.07416666666666666,-0.07333333333333342,0.3011444472895439,0.5581489454374319,0.1674777716962632,0.7263022942066845,0.03820310118845738,0.0008333333333332416,0.012590749769759883,0.2543712532031736,0.09769417597541918,0.11720648419355789,0.0,0.9999999987499999,0.6694685338666716,0.3074845465360984,0.27406974862770134,0.4187095347210519,neutral,01,20,20,female,normal,2281
80,2.6693333333333333,True,1.0,0.6758611739700052,0.655094091112734,0.6654776325413696,0.804894630573852,-0.07384259259259263,-0.07324074074074066,0.33436084969232527,0.4763348250187814,0.16402336968135117,0.8267885102760785,0.020767082857271246,0.0006018518518519644,0.007303808630684397,0.29914657886232343,0.10014535721676975,0.11462158410197924,0.0,0.9999999987499999,0.669265971982543,0.30777874479414263,0.2794260273186379,0.4212054362224247,neutral,01,20,20,female,normal,2281
90,3.003,True,1.0,0.6811041535184315,0.6220663857712214,0.6515852696448264,0.7523122707870847,-0.07055555555555554,-0.07180555555555557,0.32634305582233014,0.4763156127864919,0.16262014789072107,0.866110118027351,0.059037767747210035,0.0012500000000000289,0.007544023297511881,0.3279224000494509,0.11663666438140566,0.11297707834640558,0.0,0.986917793887843,0.5968731258675345,0.28849316162686245,0.3041700464635173,0.3923335799044998,neutral,01,20,20,female,normal,2281
100,3.336666666666667,True,1.0,0.698920958053197,0.6627128875621039,0.6808169228076504,0.6607219323363261,-0.0691666666666666,-0.07189814814814816,0.3387094965918165,0.4430004135969116,0.15844171395132997,1.0304136876465837,0.03620807049109309,0.002731481481481557,0.006129403715816982,0.38477503482901376,0.09893461274645507,0.11648889325651275,0.0,0.9999999987499999,0.6699848645708283,0.30590458498904033,0.2718735370787214,0.4198960952491443,neutral,01,20,20,female,normal,2281
0,0.0,True,1.0,0.532890868347185,0.5403474766162282,0.5366191724817067,0.38842500563131993,-0.060185185185185175,-0.051574074074074105,0.3899510398265117,0.2675907046644845,0.1435671582855887,1.3815258150270782,0.007456608269043152,0.00861111111111107,0.09145921103847883,0.6302080110398262,0.11434865273694965,0.11125566316340031,0.0,0.9999999987499999,0.626501348703544,0.28758326710152615,0.2897421949907272,0.3652636851999991,calm,02,20,20,female,normal,2282
10,0.33366666666666667,True,1.0,0.5154811773673524,0.5376053894330772,0.5265432834002148,0.3852509873443346,-0.06037037037037041,-0.053009259259259256,0.39210830429334115,0.26645915290907096,0.14353473822343898,1.3667538843439593,0.02212421206572479,0.007361111111111152,0.08720406153668171,0.6798296755914589,0.11324483141322868,0.11203944498139197,0.0,0.9999999987499999,0.6258535804556198,0.2868018826650765,0.2892733819957755,0.36472730453353963,calm,02,20,20,female,normal,2282
20,0.6673333333333333,True,1.0,0.5027675653421878,0.5325921314106875,0.5176798483764377,0.4142807517210032,-0.059629629629629644,-0.05296296296296299,0.3923235735345733,0.2804833188516535,0.14413639052045682,1.2495870161138174,0.029824566068499703,0.006666666666666654,0.09362199705426894,0.6150402054599491,0.11320386794651131,0.11426926390529751,0.0,0.9999999987499999,0.6221958165453682,0.292395895686818,0.29563162336312854,0.3626323557335294,calm,02,20,20,female,normal,2282
30,1.0010000000000001,True,1.0,0.4462501465219448,0.45250461359561145,0.44937738005877814,0.722693189814656,-0.06171296296296297,-0.0538425925925925,0.4053855146930478,0.3651961621736971,0.14133759886291436,0.6218093464725006,0.00625446707366667,0.007870370370370472,0.09898339112429999,0.35489016561569164,0.11425266963299448,0.11220643559090185,0.0,0.9999999987499999,0.6273677179700005,0.2876946835076508,0.30828655238168734,0.3883605104512465,calm,02,20,20,female,normal,2282
40,1.3346666666666667,True,1.0,0.4644454518494812,0.48817924931654777,0.47631235058301447,0.6252793784554801,-0.05962962962962959,-0.05185185185185187,0.4081471074832693,0.30996515620159076,0.14067370582499494,0.7617592503363325,0.023733797467066553,0.007777777777777717,0.10178939650033103,0.41848502219790595,0.11401878373026998,0.11429268168213232,0.0,0.9999999987499999,0.6185786862479367,0.2918766487041011,0.3148276030281964,0.38196205435400693,calm,02,20,20,female,normal,2282
50,1.6683333333333334,True,1.0,0.49324129263589206,0.4755460116878917,0.4843936521618919,0.7926615047658094,-0.06111111111111106,-0.053657407407407376,0.3614420566786245,0.40057307419741095,0.1414584622418684,0.611097737495156,0.01769528094800038,0.007453703703703685,0.1054549282738154,0.3322406810133314,0.11405898224577139,0.1145855863258223,0.0,0.9999999987499999,0.620160343363908,0.29037279462300397,0.30808388681169213,0.3765571766319118,calm,02,20,20,female,normal,2282
60,2.0020000000000002,True,1.0,0.4847261829832472,0.5062996502035256,0.4955129165933864,0.6562664036273108,-0.06504629629629621,-0.05865740740740749,0.3876411749843317,0.3894323814804915,0.14898489493215292,0.7550484282824644,0.02157346722027842,0.006388888888888722,0.08815848836870474,0.3942212201187656,0.1156111234979928,0.11268171215087844,0.0,0.9999999987499999,0.6190591247202006,0.29290325324218003,0.31546212705508964,0.3781262284702994,calm,02,20,20,female,normal,2282
70,2.3356666666666666,True,1.0,0.5453578998117086,0.5605715759731478,0.5529647378924282,0.7537968540690972,-0.06064814814814812,-0.05458333333333332,0.34364767154759956,0.4464878506140325,0.14541669801656837,0.7335726262420038,0.015213676161439205,0.006064814814814801,0.08782632000991328,0.3234273425475504,0.11576390296472719,0.11303154755492607,0.0,0.9999999987499999,0.6186567275269483,0.2896324530423137,0.3094550350127612,0.36831309100636406,calm,02,20,20,female,normal,2282
80,2.6693333333333333,True,1.0,0.4969449391203422,0.5257836346735901,0.5113642868969661,0.651506606791977,-0.059444444444444355,-0.053888888888888875,0.3938950541518692,0.34455307222023657,0.14266946618597165,0.784895013444188,0.028838695553247917,0.00555555555555548,0.0926863140616701,0.3646038159344142,0.1143517198454125,0.1144600198336916,0.0,0.9999999987499999,0.6183745544545943,0.29071712979401243,0.3082326744649249,0.3705064277764772,calm,02,20,20,female,normal,2282
90,3.003,True,1.0,0.4758972532790025,0.5148242827979643,0.4953607680384834,0.6027168873222397,-0.05999999999999989,-0.052962962962962934,0.3990962659159437,0.29892562811804485,0.14269566702752656,0.8218796892174038,0.03892702951896182,0.007037037037036953,0.093062357799964,0.423599372595922,0.1170298915979303,0.11137867188058684,0.0,0.9999999987499999,0.6161268408691601,0.29102392518991865,0.31309386013998086,0.37024432596537815,calm,02,20,20,female,normal,2282
100,3.336666666666667,True,1.0,0.5263303030113254,0.5535586318233899,0.5399444674173577,0.4917258063000348,-0.06027777777777771,-0.053611111111111054,0.3877577000285612,0.28504447725348137,0.1428111073159428,1.0980600580639477,0.027228328812064495,0.006666666666666654,0.09203527375558024,0.4728801311030061,0.11659816152514789,0.11200078907752695,0.0,0.9999999987499999,0.620415079985119,0.29016403910737226,0.3076909573254634,0.3663224595693601,calm,02,20,20,female,normal,2282
0,0.0,True,1.0,0.5196290103337644,0.47617652673827754,0.497902768536021,0.44573261119505625,-0.05398148148148141,-0.061851851851851936,0.3797437848209834,0.31005691806443303,0.1472305135571407,1.1170436176996137,0.04345248359548687,0.007870370370370527,0.07635081408110612,0.5651543515725065,0.11612743988759901,0.10957170538899269,0.0,0.9999999987499999,0.6117112281006152,0.291112452699936,0.2936483852540809,0.37180452636486966,calm,02,20,20,female,normal,2283
10,0.33366666666666667,True,1.0,0.5695763970801102,0.4860279832554173,0.5278021901677638,0.4641524543352624,-0.052453703703703725,-0.05935185185185182,0.3762013203181871,0.3274635385959273,0.14515202983481448,1.1371310982803216,0.08354841382469291,0.006898148148148098,0.07712645894659957,0.5471406384246535,0.11517069833319499,0.11109258753209264,0.0,0.9999999987499999,0.6118610157344188,0.29101692449285366,0.29194445874180985,0.370643365933683,calm,02,20,20,female,normal,2283
20,0.6673333333333333,True,1.0,0.5782873532173586,0.5520359813419723,0.5651616672796654,0.43918760423120207,-0.051342592592592495,-0.05874999999999997,0.37476941730260177,0.30013413776265563,0.1409808811311718,1.2868342863842457,0.026251371875386287,0.007407407407407474,0.08075345104060262,0.5552501586629077,0.11485034059116399,0.11312069439495029,0.0,0.9999999987499999,0.6100192518648084,0.292533340202256,0.29960076181210266,0.36696024718491793,calm,02,20,20,female,normal,2283
30,1.0010000000000001,True,1.0,0.1812888267840421,0.20571886116810187,0.19350384397607198,0.7120140536659259,-0.0643981481481481,-0.07337962962962963,0.4130252219970229,0.3884021466103956,0.1416672052111393,0.2717696974937284,0.024430034384059773,0.008981481481481535,0.06356737104465299,0.3696601297388786,0.11627627211585388,0.11284258243275429,0.0,0.9999999987499999,0.6080912937596913,0.295073783142137,0.3160757851920316,0.3750735690875952,calm,02,20,20,female,normal,2283
40,1.3346666666666667,True,1.0,0.40600842433025247,0.3904667999038443,0.3982376121170484,0.6599498971472183,-0.05430555555555561,-0.061574074074074114,0.39095906724799623,0.3493855504312815,0.14098575153375334,0.6034361302858292,0.015541624426408163,0.0072685185185185075,0.07974622453524034,0.3984829610872904,0.11496496537956052,0.11451150377875564,0.0,0.9999999987499999,0.6047539046321654,0.29165530744816165,0.32052084928536934,0.3820144043574488,calm,02,20,20,female,normal,2283
50,1.6683333333333334,True,1.0,0.4256857392315594,0.4122688778627557,0.41897730854715753,0.7386195233152707,-0.05476851851851855,-0.06282407407407414,0.3927818821344527,0.41746427774924616,0.13681447817067535,0.567243750431333,0.013416861368803712,0.008055555555555594,0.06653138776606815,0.3533119983452686,0.11444392027294623,0.11486650045725202,0.0,0.9999999987499999,0.6075245535167192,0.2911909956048535,0.31502965694660784,0.3823141471728218,calm,02,20,20,female,normal,2283
60,2.0020000000000002,True,1.0,0.3622131297762834,0.3520038981232235,0.35710851394975346,0.6304683076619163,-0.057083333333333264,-0.06453703703703706,0.38993989190284317,0.40625240306632304,0.1375199736913242,0.566417866861676,0.01020923165305987,0.007453703703703796,0.06582639653757334,0.39792793991803593,0.11655480405666041,0.11187574236044082,0.0,0.9999999987499999,0.6124293067539517,0.2886430754406021,0.31681886131465037,0.3771078250414948,calm,02,20,20,female,normal,2283
70,2.3356666666666666,True,1.0,0.47224046274142906,0.41364707433671505,0.442943768539072,0.7168250811086044,-0.05523148148148144,-0.06203703703703706,0.36806581976920694,0.4483514949150962,0.13611615576013328,0.6179244842466145,0.05859338840471401,0.00680555555555562,0.06615783979632132,0.37316424484321675,0.11529008201978824,0.1138499752088834,0.0,0.9999999987499999,0.6045438997083209,0.2886561882313351,0.3126574512493179,0.3713550535785404,calm,02,20,20,female,normal,2283
80,2.6693333333333333,True,1.0,0.49857599841551126,0.4756720839231467,0.48712404116932895,0.6457939069194608,-0.05208333333333337,-0.058657407407407325,0.3952390017249148,0.30773263638010334,0.14238736869340182,0.754302628052017,0.022903914492364563,0.0065740740740739545,0.07162386030514935,0.36955262197237754,0.11494017057317887,0.11436993050335599,0.0,0.9999999987499999,0.6076181311430822,0.29149629364521534,0.31361264470282685,0.3724468375865569,calm,02,20,20,female,normal,2283
90,3.003,True,1.0,0.5431363362854814,0.4930817046311919,0.5181090204583366,0.553693782165666,-0.05249999999999988,-0.05995370370370373,0.3925195212973853,0.2758160373787834,0.143763267899925,0.9357320546961058,0.05005463165428953,0.007453703703703851,0.07441488254370675,0.4221300681288212,0.1175167837195051,0.11034807555608452,0.0,0.9999999987499999,0.6103455027088961,0.29092835582672216,0.3057806994271854,0.3743265363756581,calm,02,20,20,female,normal,2283
100,3.336666666666667,True,1.0,0.5006742295682474,0.46745097672967356,0.48406260314896044,0.4451390664760232,-0.05148148148148146,-0.059537037037036944,0.37582863385250903,0.25745638001647625,0.14521456443535974,1.0874412955508002,0.0332232528385738,0.008055555555555483,0.08960509483093647,0.5011070694362808,0.11584787026249012,0.11226872733542094,0.0,0.9999999987499999,0.608589043930072,0.2895971855634941,0.2988980181061365,0.3725338352764208,calm,02,20,20,female,normal,2283
0,0.0,True,1.0,0.5532672764438377,0.5061558614600578,0.5297115689519477,0.42023859699252714,-0.05120370370370364,-0.059166666666666645,0.3843040662429927,0.24267680797709582,0.14814395545395492,1.2605019451875032,0.04711141498377991,0.007962962962963005,0.10345872293554725,0.6029842952051447,0.11599986308851575,0.11295816784599684,0.0,0.9999999987499999,0.6115849813753628,0.2871345125749766,0.2981851562724816,0.36664198743603027,calm,02,20,20,female,normal,2284
10,0.33366666666666667,True,1.0,0.5526572102845261,0.5200846806780636,0.5363709454812948,0.4196039530953739,-0.049166666666666636,-0.058750000000000024,0.38848115495352814,0.26278077297257474,0.14737191257644727,1.2782790570120781,0.03257252960646251,0.009583333333333388,0.10784608189670211,0.5661057737771235,0.11806658401468485,0.10975961905009862,0.0,0.7071067807446058,0.6077821820368772,0.2882284764903977,0.29984072126998124,0.3730451359215051,calm,02,20,20,female,normal,2284
20,0.6673333333333333,True,1.0,0.23645089689324603,0.2029581567371633,0.21970452681520466,0.3790200590574114,-0.062037037037036946,-0.07106481481481491,0.38492394207941555,0.23700828900792748,0.14940567641932337,0.5796646419231477,0.03349274015608272,0.009027777777777968,0.08630427375646806,0.6988746083045616,0.11520787932737464,0.11258744524921083,0.0,0.9999999987499999,0.6108489912683822,0.28982541025857306,0.28896983720767505,0.3587496938519257,calm,02,20,20,female,normal,2284
30,1.0010000000000001,True,1.0,0.38800621808049873,0.3648954329846103,0.3764508255325545,0.6565499307607171,-0.05740740740740735,-0.06458333333333338,0.3836219044008946,0.3541230673513364,0.14735482759668708,0.5733772983516677,0.02311078509588843,0.00717592592592603,0.08515616416920996,0.4223606635613086,0.11465904933425596,0.11297781527857356,0.0,0.9999999987499999,0.6132093386104441,0.28938866767982624,0.2969732664136433,0.36779232474054696,calm,02,20,20,female,normal,2284
40,1.3346666666666667,True,1.0,0.13238977227444618,0.13694384406912147,0.13466680817178384,0.6293947699876604,-0.08731481481481479,-0.09166666666666673,0.3972365999489129,0.3325483096192384,0.1538079074946722,0.21396238830269282,0.004554071794675291,0.00435185185185194,0.07949782578526013,0.4223606635613085,0.11727256553138904,0.11214710489520656,0.0,0.9999999987499999,0.6141444296937525,0.2906650855697636,0.3071543339938294,0.3661221561148083,calm,02,20,20,female,normal,2284
50,1.6683333333333334,True,1.0,0.1667846015297726,0.21014786708905112,0.18846623430941184,0.47254145975157263,-0.07060185185185192,-0.07930555555555557,0.37500634995256826,0.263814924550949,0.14485795261950302,0.39883534115396657,0.043363265559278524,0.008703703703703658,0.07602330649778677,0.5458880008199688,0.11753626860611843,0.11288789576433135,0.0,0.9999999987499999,0.613770803376038,0.28797603197938687,0.29339588065528677,0.3555161969385501,calm,02,20,20,female,normal,2284
60,2.0020000000000002,True,1.0,0.19753620805806132,0.22968786568487376,0.21361203687146754,0.610138424821295,-0.06898148148148153,-0.06990740740740736,0.34812228396681466,0.432761464571451,0.13472278852660546,0.3501042192745571,0.032151657626812435,0.0009259259259258301,0.029838159195653417,0.4170715450752434,0.11621644145403358,0.11540761593663097,0.0,0.9276221413218187,0.6235014244916717,0.28497602479904965,0.29743970930171454,0.36232474785582264,calm,02,20,20,female,normal,2284
70,2.3356666666666666,True,1.0,0.365023658867389,0.3651040379116073,0.3650638483894981,0.6906875261680878,-0.06532407407407398,-0.05949074074074073,0.3768287608845832,0.40016272679722437,0.13727376459790053,0.5285513847555068,8.037904421825948e-05,0.005833333333333246,0.0907450567275826,0.35663248977346906,0.11556497047384828,0.11171040257650304,0.0,0.7530438621570544,0.6187687484446903,0.2910837673163626,0.30390828764539163,0.3708925997287609,calm,02,20,20,female,normal,2284
80,2.6693333333333333,True,1.0,0.4484612089844251,0.46774092726331584,0.45810106812387047,0.4217206704119458,-0.0639351851851852,-0.05490740740740735,0.39195396789291104,0.23794241984508874,0.146401944399662,1.0862665746888516,0.019279718278890745,0.009027777777777857,0.11427027311053081,0.584854900876848,0.11253857255893801,0.11274883041551537,0.0,0.7091273521952006,0.6208141908638456,0.2866656221507416,0.2903873969834186,0.3656244533757309,calm,02,20,20,female,normal,2284
90,3.003,True,1.0,0.47410586966593904,0.5056109058522388,0.4898583877590889,0.41778911772653077,-0.06134259259259256,-0.05347222222222214,0.38171587911494576,0.22350825702383925,0.1528838804543428,1.1725015491660844,0.03150503618629974,0.007870370370370416,0.11378053545877127,0.6080053473734044,0.11399214099852313,0.112471100719562,0.0,0.9999999987499999,0.6175537493122248,0.2877610514842213,0.29360361706294025,0.3608517014359163,calm,02,20,20,female,normal,2284
0,0.0,True,1.0,0.527276885551475,0.45084487148975316,0.4890608785206141,0.4077751197128526,-0.056759259259259176,-0.06625000000000003,0.37321651064100597,0.31049188944280837,0.14236593429541264,1.1993396724768333,0.07643201406172184,0.009490740740740855,0.1181918481536433,0.6063530124262544,0.11502680854499389,0.11158357392563281,0.0,0.9999999987499999,0.6051065494557198,0.2903559038797063,0.27716235389522015,0.34844474327846325,calm,02,20,20,female,normal,2285
10,0.33366666666666667,True,1.0,0.5192688034221343,0.4680444155468631,0.49365660948449874,0.3969193270642984,-0.0555092592592592,-0.06462962962962954,0.3695807886809879,0.3071866733945352,0.14306408837146603,1.2437202620887482,0.05122438787527123,0.009120370370370334,0.11512004383128964,0.6121161145782594,0.11878604956497449,0.10915525920035873,0.0,0.9999999987499999,0.6054134888017707,0.28881097803986094,0.28933411810269255,0.36013689312131225,calm,02,20,20,female,normal,2285
20,0.6673333333333333,True,1.0,0.5049352634510408,0.42257014423987305,0.4637527038454569,0.4155666438925377,-0.05523148148148144,-0.06597222222222227,0.3651493431956819,0.31642458358533804,0.14168605297807876,1.1159526652610254,0.08236511921116774,0.010740740740740828,0.11607784278325306,0.606353012426257,0.11889002063723293,0.10921658813020665,0.0,0.9999999987499999,0.6013731223661339,0.289365343215044,0.2906420295901212,0.36082014270064966,calm,02,20,20,female,normal,2285
30,1.0010000000000001,True,1.0,0.3793983614500547,0.3438377780115751,0.3616180697308149,0.7196298992513127,-0.058240740740740704,-0.0678703703703703,0.3505850014980619,0.4428157489656898,0.1388894382042088,0.5025056214410136,0.035560583438479565,0.009629629629629599,0.11383266021234688,0.36634711487684196,0.09870964847580219,0.11651618429351865,0.0,0.9999999987499999,0.6710574554587458,0.3088825691470821,0.27338511019908013,0.4015308267866044,calm,02,20,20,female,normal,2285
40,1.3346666666666667,True,1.0,0.32399210856776955,0.3073157406793765,0.315653924623573,0.6290377205858001,-0.05652777777777768,-0.06768518518518518,0.37697779354290073,0.3612952311161088,0.13267569660898346,0.5018044455738138,0.01667636788839305,0.011157407407407505,0.10857217353660238,0.4058507223449228,0.11932337651711562,0.11116873306902274,0.0,0.9999999987499999,0.6059139432100966,0.2908809653522102,0.31995516589787526,0.38067501707950396,calm,02,20,20,female,normal,2285
50,1.6683333333333334,True,1.0,0.4410852304601575,0.45593413170793556,0.44850968108404654,0.6609019976571437,-0.05101851851851846,-0.06203703703703706,0.39589614484097707,0.3879346681808656,0.132942821693462,0.6786326606274233,0.014848901247778046,0.011018518518518594,0.10992048714369852,0.41448057286124756,0.1187460552053027,0.1126341400562328,0.0,0.9999999987499999,0.6068848780762305,0.2903572470251018,0.3261379727626905,0.38439272326686025,calm,02,20,20,female,normal,2285
60,2.0020000000000002,True,1.0,0.1814160266812647,0.17708774193327848,0.17925188430727157,0.6159768881842004,-0.059814814814814765,-0.07074074074074077,0.3653184365661835,0.3692477044660395,0.12966246254715896,0.2910042369214159,0.004328284747986216,0.010925925925926006,0.11565939300097355,0.44958793692063914,0.11664657376733464,0.11414129914732918,0.0,0.9999999987499999,0.6124728860684898,0.2893374855320381,0.3130773734972292,0.36905137452232123,calm,02,20,20,female,normal,2285
70,2.3356666666666666,True,1.0,0.3269291797639446,0.33789928755656273,0.3324142336602537,0.6362854578682055,-0.056435185185185144,-0.0677314814814815,0.35326475840335353,0.37538965065970803,0.1374487236478633,0.5224294057795472,0.010970107792618145,0.01129629629629636,0.1156700924219181,0.39464407488400993,0.12111043355443729,0.10991466722127632,0.0,0.9999999987499999,0.6115818034713886,0.28716942734375683,0.31976313848283106,0.3851430146021622,calm,02,20,20,female,normal,2285
80,2.6693333333333333,True,1.0,0.34013182401609676,0.35643084332272623,0.3482813336694115,0.5744959283380626,-0.05833333333333335,-0.06972222222222224,0.37680794423334796,0.3318234273175336,0.13894818205926357,0.6062381237007916,0.01629901930662947,0.011388888888888893,0.12079891572111852,0.41311365981724907,0.11921451588740896,0.11145653208663539,0.0,0.9999999987499999,0.6065371050216963,0.29088879409705864,0.32222059707350437,0.38015018126999733,calm,02,20,20,female,normal,2285
90,3.003,True,1.0,0.38218847889701313,0.39095770019769305,0.3865730895473531,0.4317865991478412,-0.0562037037037037,-0.06819444444444456,0.35828507819905947,0.2621058980629833,0.14123391935839677,0.8952873718412756,0.008769221300679919,0.011990740740740857,0.12657652804914662,0.5639627598522332,0.11859604048883243,0.11245375235316148,0.0,0.9999999987499999,0.6088762472254526,0.28553510206372873,0.3090852651684514,0.3769583236069247,calm,02,20,20,female,normal,2285
100,3.336666666666667,True,1.0,0.460544826133063,0.44905248355865107,0.454798654845857,0.40069688676798965,-0.054166666666666696,-0.06486111111111109,0.36220538961635645,0.24475786488897414,0.14256908742285293,1.1350191874817166,0.011492342574411951,0.010694444444444395,0.12379614687321802,0.6008790529268502,0.12188716290019483,0.10887785247115224,0.0,0.9999999987499999,0.6070313904546193,0.2855853027345353,0.3129234871979056,0.3766662394261436,calm,02,20,20,female,normal,2285
0,0.0,True,1.0,0.5546928829862129,0.5859005717166555,0.5702967273514342,0.6220353756207233,-0.058148148148148115,-0.04990740740740751,0.35669128030120995,0.42168736353181274,0.1364609907612496,0.9168236240299684,0.031207688730442662,0.008240740740740604,0.12166565626755199,0.4233243907726194,0.11137850157976564,0.11203979219902198,0.0,0.9999999987499999,0.6334151889662114,0.2880345155978341,0.28576014967679747,0.36655744271559354,calm,02,20,20,female,strong,2286
10,0.33366666666666667,True,1.0,0.5381558175342961,0.5534399710097153,0.5457978942720056,0.6083594405315754,-0.058287037037037026,-0.049259259259259336,0.3652515635671622,0.4199147134848554,0.13574079797949878,0.897163515363706,0.015284153475419227,0.00902777777777769,0.1186532713165332,0.44826387638037535,0.11150881485788802,0.11275810213321223,0.0,0.9999999987499999,0.6335469775175695,0.2875493419949707,0.286175463953404,0.36369422432502513,calm,02,20,20,female,strong,2286
20,0.6673333333333333,True,1.0,0.5396845313135952,0.5684886938967211,0.5540866126051581,0.6025722386138812,-0.05754629629629632,-0.04865740740740743,0.36900749502982944,0.3916854526358929,0.13574079797949878,0.9195355794680214,0.028804162583125903,0.00888888888888889,0.12219322961553974,0.4449606902728461,0.11298002924818797,0.11094102254803129,0.0,0.9999999987499999,0.6333283847757853,0.28852256318023467,0.2873110147490765,0.3660249087710252,calm,02,20,20,female,strong,2286
30,1.0010000000000001,True,1.0,0.3398368426049633,0.34620431402433677,0.34302057831465005,0.6786003142284112,-0.06287037037037047,-0.05282407407407408,0.3710634620032661,0.42250802667589527,0.1357969919592242,0.505482492599012,0.006367471419373494,0.010046296296296386,0.12718213958504476,0.3790212431124914,0.11066062284270581,0.11274889002662698,0.0,0.9999999987499999,0.6331411174000852,0.28797229215579895,0.28768082460175237,0.36702799180896273,calm,02,20,20,female,strong,2286
40,1.3346666666666667,True,1.0,0.5009971534180419,0.5231532910231653,0.5120752222206035,0.6135675817692448,-0.05675925925925929,-0.04912037037037037,0.3827356903311662,0.37277696444895375,0.13302715609882632,0.8345865026701961,0.02215613760512347,0.007638888888888917,0.1325653179777286,0.41589144288281843,0.11319586740883773,0.11344054061680643,0.0,0.9999999987499999,0.6186284138499151,0.28755251400176696,0.2952338935880017,0.36566698636849876,calm,02,20,20,female,strong,2286
50,1.6683333333333334,True,1.0,0.5229250336717475,0.523061091621829,0.5229930626467882,0.6888238420612274,-0.05740740740740741,-0.04875000000000007,0.378278349321448,0.39651297023468085,0.13177211997066188,0.7592551690455294,0.0001360579500815362,0.008657407407407336,0.12522261220905673,0.3729326371576437,0.11558717663003944,0.1111744988765944,0.0,0.9999999987499999,0.6182836366108944,0.2874248145975833,0.30011756311732746,0.37141285950507286,calm,02,20,20,female,strong,2286
60,2.0020000000000002,True,1.0,0.5158256723335829,0.5154901618646088,0.5156579170990958,0.702090319907309,-0.056435185185185255,-0.04819444444444443,0.3919132248122745,0.33983506043736,0.13523093677874282,0.7344609411039504,0.0003355104689740651,0.008240740740740826,0.12023282191978199,0.35838374995723454,0.11320513395611392,0.11359912960652263,0.0,0.9999999987499999,0.6238130983174519,0.2881376919396587,0.2986425193828424,0.36660841159411767,calm,02,20,20,female,strong,2286
70,2.3356666666666666,True,1.0,0.5089458042478382,0.5172876139894106,0.5131167091186244,0.5640279255668124,-0.06231481481481482,-0.05402777777777784,0.38603889609696407,0.28435178526391364,0.14571020994011316,0.9097363549915983,0.008341809741572392,0.008287037037036982,0.125711748501105,0.40995712530225115,0.11315588534900027,0.11348042238514643,0.0,0.9999999987499999,0.6209172081332534,0.288331612971088,0.2973932645707436,0.3615301761780454,calm,02,20,20,female,strong,2286
80,2.6693333333333333,True,1.0,0.5069450536948716,0.5108106506273506,0.5088778521611111,0.6035915318322572,-0.05652777777777773,-0.04763888888888884,0.39365120624979655,0.3105786043802202,0.13167307648971233,0.8430831536293525,0.0038655969324790096,0.00888888888888889,0.13558198034121352,0.40582589614385745,0.11580237204321904,0.11095032776395372,0.0,0.9999999987499999,0.6176966350680898,0.2889762058765431,0.3005324108531758,0.36594732904136995,calm,02,20,20,female,strong,2286
90,3.003,True,1.0,0.5162890147186493,0.5316342631682793,0.5239616389434643,0.5073996296973213,-0.05675925925925929,-0.04810185185185195,0.41365394791009796,0.28764583361370255,0.13438308170186453,1.032640956510005,0.015345248449630033,0.008657407407407336,0.1187793734638504,0.46743847622478785,0.11175571144049623,0.1116635419950031,0.0,0.9999999987499999,0.6270218174613595,0.28986340408443606,0.28925466900799607,0.3654446153335043,calm,02,20,20,female,strong,2286
100,3.336666666666667,True,1.0,0.4861132049719418,0.5155852586366001,0.500849231804271,0.4782669119856083,-0.05750000000000005,-0.048518518518518516,0.4048204429767949,0.2866268601446854,0.13299790328166694,1.0472169812561531,0.02947205366465827,0.008981481481481535,0.12344214357924062,0.5200399500154886,0.11092375584041617,0.11249002640504005,0.0,0.9999999987499999,0.627648854158851,0.28939755453070864,0.2853824569047104,0.35973361715463603,calm,02,20,20,female,strong,2286
110,3.6703333333333332,True,1.0,0.5178371157962324,0.5154901618646082,0.5166636388304202,0.47052558249363063,-0.05509259259259264,-0.04745370370370372,0.4098477426123954,0.2829280321957698,0.1350756994878592,1.0980564246736024,0.002346953931624207,0.007638888888888917,0.1213466299006297,0.5351219337601596,0.1129797802906038,0.11042488349984594,0.0,0.9999999987499999,0.6275808630796069,0.28967739063495773,0.28492709271473177,0.3558392503193986,calm,02,20,20,female,strong,2286
0,0.0,True,1.0,0.529424071786056,0.5076721530013891,0.5185481123937226,0.4068448618218009,-0.05930555555555561,-0.051342592592592606,0.38363352207224927,0.344436844481969,0.13035426573391443,1.2745598164168237,0.021751918784666868,0.007962962962963005,0.11599817611047405,0.6268359246349398,0.11210424735606109,0.11301222434041633,0.0,0.9999999987499999,0.6311897624440401,0.28774890773935685,0.2837032739721854,0.3572187466517791,calm,02,20,20,female,strong,2287
10,0.33366666666666667,True,1.0,0.5294240717860561,0.5022371848405999,0.515830628313328,0.3907582663510264,-0.05791666666666673,-0.04949074074074078,0.3846609691472649,0.33526238553575727,0.13115259466140866,1.3200760488837529,0.027186886945456235,0.008425925925925948,0.12043248730784732,0.684012265314525,0.11421452024070732,0.11036238783989409,0.0,0.9999999987499999,0.6299079245995274,0.2878228452630409,0.2859203921846743,0.3615420700605393,calm,02,20,20,female,strong,2287
20,0.6673333333333333,True,1.0,0.55938954177617,0.5451659054437688,0.5522777236099694,0.40516110736194794,-0.05828703703703708,-0.04939814814814808,0.381527381319692,0.3305757986622799,0.13177211997066182,1.3631064620341158,0.014223636332401202,0.008888888888889002,0.11774019687247067,0.629817379436106,0.11441265047517438,0.11032979036716509,0.0,0.9999999987499999,0.6273738630530337,0.28775497266023464,0.28621677527748085,0.35967691931371737,calm,02,20,20,female,strong,2287
30,1.0010000000000001,True,1.0,0.23931413741669408,0.23647331343965808,0.23789372542817608,0.7270892418167243,-0.06384259259259262,-0.05472222222222223,0.38787732289530735,0.3951852993802891,0.13513442837692932,0.3271864191440497,0.002840823977036,0.00912037037037039,0.11987737438531765,0.35615171397950085,0.11161090742273286,0.1140019399511292,0.0,0.9999999987499999,0.6263320902501625,0.2900610308736703,0.2944792255934987,0.3644923639976635,calm,02,20,20,female,strong,2287
40,1.3346666666666667,True,1.0,0.4734298375607349,0.47412089852412437,0.47377536804242965,0.547035532472656,-0.05574074074074087,-0.046944444444444455,0.4300808518386851,0.3065840112160636,0.13236530131427465,0.8660778686549244,0.0006910609633894449,0.008796296296296413,0.11953408463631134,0.44888562398652726,0.11449715186939148,0.11144526494013347,0.0,0.9999999987499999,0.6248498425776561,0.29010663299447353,0.3042501633755884,0.3726199618936886,calm,02,20,20,female,strong,2287
50,1.6683333333333334,True,1.0,0.36334195893709653,0.3325402085899749,0.3479410837635357,0.5881149312323489,-0.0621296296296297,-0.051064814814814785,0.401846239904417,0.30261510462687147,0.13177211997066188,0.591620898035104,0.030801750347121626,0.011064814814814916,0.12773365338367187,0.4278603121998641,0.11573314682561354,0.1120474319769035,0.0,0.9999999987499999,0.6179846037243023,0.28793023392009526,0.30744579953687196,0.37118614173342535,calm,02,20,20,female,strong,2287
60,2.0020000000000002,True,1.0,0.47197383560359163,0.4628451032658225,0.46740946943470707,0.5556093812956554,-0.056574074074074054,-0.04662037037037031,0.42898655978311495,0.27967435687333353,0.13173795548745865,0.8412555388188907,0.009128732337769119,0.009953703703703742,0.11750119272306066,0.4615133081925652,0.11321177118432506,0.11459442897389442,0.0,0.9999999987499999,0.6193379348301821,0.2900004770820864,0.30563225375196335,0.37690711236829394,calm,02,20,20,female,strong,2287
70,2.3356666666666666,True,1.0,0.49540391383604987,0.48726038999506066,0.49133215191555524,0.618059911568533,-0.05763888888888896,-0.04842592592592587,0.4041354198636252,0.35757228028341487,0.1324298411830533,0.7949587778127142,0.008143523840989209,0.00921296296296309,0.11271929377231918,0.43072083189581134,0.11540605051586786,0.11136250763237503,0.0,0.9999999987499999,0.62017449954982,0.29098033247161986,0.30871376198382905,0.37886005042659565,calm,02,20,20,female,strong,2287
80,2.6693333333333333,True,1.0,0.17870314317704158,0.163546877598086,0.17112501038756378,0.5268354963780465,-0.0635648148148148,-0.054953703703703616,0.3804755964118883,0.34921514788478886,0.129005585089478,0.32481678164063554,0.01515626557895558,0.00861111111111118,0.11692627760842197,0.4817250793779864,0.11559396422239078,0.11202106844105818,0.0,0.9999999987499999,0.6215438233418368,0.29012479855153595,0.3040652502315939,0.36131500425785995,calm,02,20,20,female,strong,2287
90,3.003,True,1.0,0.4763216883513219,0.44294489050662134,0.45963328942897164,0.5536832527953698,-0.05759259259259253,-0.048518518518518516,0.40876011192812,0.350664021409047,0.12835029200090578,0.8301376050448159,0.033376797844700545,0.009074074074074012,0.1267287146250161,0.4720560508048336,0.11338456011023772,0.11408997291732847,0.0,0.7071067807446058,0.617880986722814,0.2915992413381888,0.30666276243141255,0.37307461849830187,calm,02,20,20,female,strong,2287
100,3.336666666666667,True,1.0,0.4719965029565851,0.47203292651630585,0.47201471473644546,0.5294943263780547,-0.05648148148148152,-0.04888888888888898,0.4008227933205293,0.33522665789491735,0.12897068775009177,0.891444329470361,3.6423559720777376e-05,0.00759259259259254,0.11673540075921533,0.44736089583140626,0.1169718308266841,0.11126855316177343,0.0,0.9999999987499999,0.6174378061693427,0.2893491124218238,0.30826842805288657,0.3690747634754155,calm,02,20,20,female,strong,2287
110,3.6703333333333332,True,1.0,0.5016989289966459,0.5020875915623153,0.5018932602794806,0.405124000617263,-0.05777777777777782,-0.05032407407407402,0.38123543209991967,0.3235126393606351,0.1297330518436547,1.2388633097885489,0.0003886625656693843,0.007453703703703796,0.11196131681331227,0.6129373497193088,0.11746407395032277,0.11005851021515507,0.0,0.7071067807446058,0.6167386769395258,0.2874777359639067,0.30142297672348156,0.36195028693299497,calm,02,20,20,female,strong,2287
120,4.0040000000000004,True,1.0,0.48536996198776156,0.45774885846981495,0.4715594102287882,0.4186636604451154,-0.05699074074074073,-0.0499074074074074,0.380902158336564,0.3304292234775181,0.1275872251721415,1.1263442586047117,0.02762110351794661,0.00708333333333333,0.11776763949774641,0.6257072135556079,0.11480124078232842,0.11350671893786843,0.0,0.9999999987499999,0.6185037156346914,0.2880941282310593,0.29403533884773914,0.3577476646155754,calm,02,20,20,female,strong,2287
0,0.0,True,1.0,0.537338549273792,0.5326080466847287,0.5349732979792603,0.47779770276936134,-0.059675925925925966,-0.05564814814814811,0.3624693240773456,0.3447515233960229,0.1433624169728895,1.119664859999334,0.004730502589063268,0.004027777777777852,0.06636536471789402,0.5299204133009207,0.11396595082709922,0.11300456009046984,0.0,0.9999999987499999,0.6244208000153186,0.2888952540510595,0.2881270162237832,0.3621992487935755,calm,02,20,20,female,strong,2288
10,0.33366666666666667,True,1.0,0.5923383932022338,0.59141564246718,0.5918770178347069,0.520094303267387,-0.05717592592592591,-0.052731481481481546,0.35748307150552927,0.3599368443642202,0.14203025684165654,1.1380186518413287,0.0009227507350537678,0.004444444444444362,0.05938536025390263,0.49721864183941417,0.1172347065955007,0.11030280100374733,0.0,0.9999999987499999,0.6198011189006852,0.2893309077065487,0.2895164804592224,0.3569510125734423,calm,02,20,20,female,strong,2288
20,0.6673333333333333,True,1.0,0.6143839396661662,0.6334283468902426,0.6239061432782045,0.5822983526625999,-0.05736111111111114,-0.054027777777777786,0.3587189160778641,0.3599368443642198,0.14469986202455992,1.071454419242902,0.01904440722407641,0.003333333333333355,0.0497846333702629,0.44410323662527473,0.11574136032097254,0.11067020474320552,0.0,0.7064635029715983,0.619111406414128,0.2900191808006327,0.2843898038652809,0.3509145513793797,calm,02,20,20,female,strong,2288
30,1.0010000000000001,True,1.0,0.20571886116810134,0.17632157240540342,0.19102021678675238,0.6776974527325389,-0.07199074074074074,-0.06611111111111112,0.3643404846478881,0.36007381332473465,0.14888244134154843,0.2818665114005389,0.029397288762697926,0.0058796296296296235,0.05277792243989794,0.3979279399180365,0.11286728978760546,0.11292703756075587,0.0,0.9999999987499999,0.6166200183354592,0.29152171409195365,0.28480805340077414,0.35475677446993864,calm,02,20,20,female,strong,2288
40,1.3346666666666667,True,1.0,0.4963658080451471,0.5051211033133806,0.5007434556792638,0.6213523497550574,-0.05611111111111117,-0.05319444444444449,0.3900229793026977,0.3089887804859629,0.14186094837184782,0.8058929138622576,0.008755295268233432,0.0029166666666666785,0.04653533507520979,0.4070829530871178,0.11526130375804296,0.11117008843510888,0.0,0.9999999987499999,0.6189635372586535,0.2920787812044862,0.2985295640210176,0.3699274640944881,calm,02,20,20,female,strong,2288
50,1.6683333333333334,True,1.0,0.25089483996171275,0.23041701326073968,0.2406559266112262,0.7167196654508455,-0.06499999999999995,-0.060416666666666785,0.3799565112320769,0.32772684879274455,0.14255444638911038,0.3357741362654587,0.020477826700973062,0.004583333333333162,0.0604121457887067,0.3576817602432898,0.11523288775521869,0.11188276934602986,0.0,0.9227706492605844,0.6184086962206758,0.2913021676851521,0.2956167640450608,0.36388081804315653,calm,02,20,20,female,strong,2288
60,2.0020000000000002,True,1.0,0.20659312778016842,0.21861183645698204,0.21260248211857524,0.5785763224097727,-0.06407407407407412,-0.059259259259259345,0.4077415773408498,0.2948829372152783,0.14034357154154667,0.3674579720668226,0.012018708676813622,0.004814814814814772,0.06515663262507522,0.4497816958237602,0.11230448888755774,0.1146558778457841,0.0,0.9999999987499999,0.6259478590420543,0.288935915517542,0.2942154716043237,0.36506271183580224,calm,02,20,20,female,strong,2288
70,2.3356666666666666,True,1.0,0.48055465222453597,0.4687647848014199,0.47465971851297795,0.6427812641645175,-0.06638888888888883,-0.06472222222222224,0.3778021303719617,0.31221143794274564,0.15284967137343167,0.7384467235987926,0.011789867423116052,0.0016666666666665941,0.06333509986204794,0.37769859557930674,0.11534649920532737,0.1110816898855938,0.0,0.9999999987499999,0.6277319902335935,0.2893799607965518,0.30879579758916814,0.38177821209611934,calm,02,20,20,female,strong,2288
80,2.6693333333333333,True,1.0,0.5122035942603648,0.5561384546865907,0.5341710244734778,0.5818151770033378,-0.056574074074074054,-0.05282407407407397,0.41379689299854533,0.28925207819194526,0.14098088113117185,0.9181111899224541,0.04393486042622596,0.0037500000000000866,0.06234698264777631,0.4166666666666664,0.11516757102203036,0.1116091178473337,0.0,0.9999999987499999,0.6281927917807749,0.28981735861713354,0.30589832262982747,0.3803903039055007,calm,02,20,20,female,strong,2288
90,3.003,True,1.0,0.49637912324245126,0.5618329132298704,0.5291060182361609,0.5046607296568841,-0.0559722222222222,-0.05203703703703705,0.43216791780866526,0.2637678689605809,0.14305768880724706,1.048439054482993,0.06545378998741913,0.003935185185185153,0.061860281575337024,0.4819192225891239,0.11275898140229694,0.11370738243141076,0.0,0.9999999987499999,0.6254602424798044,0.2891007940359765,0.3036931693088263,0.3758052269949767,calm,02,20,20,female,strong,2288
100,3.336666666666667,True,1.0,0.5569446050094399,0.5633713577017009,0.5601579813555704,0.48097516510041893,-0.05425925925925923,-0.04944444444444446,0.4335440625064623,0.24475953327001096,0.14584641170895069,1.1646297397467902,0.006426752692261006,0.004814814814814772,0.05509666181727141,0.5219110428490469,0.11003210654531011,0.1109845300651732,0.0,0.9999999987499999,0.6324245567758354,0.29367736510213993,0.2892223871036981,0.36608195255363973,calm,02,20,20,female,strong,2288
0,0.0,True,1.0,0.4656056603577249,0.4811818056535597,0.4733937330056423,0.4706268148026546,-0.06467592592592597,-0.05532407407407419,0.3649617809143237,0.3392150715763477,0.14382640632460375,1.0058792191944013,0.015576145295834842,0.009351851851851778,0.10528497694526089,0.5461510069860406,0.10467455209626884,0.11238141163723438,0.0,0.9999999987499999,0.645039834738583,0.29225768757615855,0.2616555313918031,0.3509325749779927,calm,02,20,20,female,strong,2289
10,0.33366666666666667,True,1.0,0.4656056603577257,0.481181805653561,0.47339373300564336,0.4619889996378273,-0.06458333333333338,-0.057361111111111085,0.37130322200525234,0.3091847556572524,0.14522769853377446,1.0246861578452229,0.015576145295835286,0.0072222222222222965,0.10594839101334606,0.5459437205284124,0.10729921913173998,0.11074177553951985,0.0,0.9999999987499999,0.6441386776741946,0.29287574325027393,0.26668556388255643,0.352270098208893,calm,02,20,20,female,strong,2289
20,0.6673333333333333,True,1.0,0.18368339037605994,0.18439877638049892,0.18404108337827943,0.475182277206933,-0.07657407407407407,-0.06981481481481483,0.36979469935715514,0.32426693886004554,0.14450834116281952,0.3873062868843759,0.0007153860044389893,0.006759259259259243,0.10129072295623391,0.5766671305512393,0.10584906005178513,0.11195863438915427,0.0,0.9999999987499999,0.6450055545968387,0.2922077342177009,0.25756502291458194,0.3385642993662469,calm,02,20,20,female,strong,2289
30,1.0010000000000001,True,1.0,0.20227097940700908,0.17877886134367435,0.19052492037534172,0.729270642709733,-0.08180555555555558,-0.07523148148148151,0.37141071446724505,0.4201994055966998,0.13129707582098182,0.2612540656612927,0.023492118063334733,0.0065740740740740655,0.10593473110779664,0.33809374854840213,0.11041021442583208,0.11466782319478924,0.0,0.9999999987499999,0.6292438331270007,0.28782654686525483,0.27957912259980783,0.35065556324213176,calm,02,20,20,female,strong,2289
40,1.3346666666666667,True,1.0,0.1666824169880049,0.17024547959114997,0.16846394828957745,0.6793744413781431,-0.08115740740740746,-0.07287037037037031,0.3863676826590553,0.4872580577779947,0.11113582760032058,0.24796921701652536,0.0035630626031450674,0.008287037037037148,0.10226436907317406,0.3527655822593854,0.10825760549493997,0.11135568982640026,0.0,0.9999999987499999,0.6410187772218263,0.2935854595829025,0.2699902558390326,0.3404639756936561,calm,02,20,20,female,strong,2289
50,1.6683333333333334,True,1.0,0.33158457271696123,0.3216199473002105,0.32660226000858583,0.6894465167804634,-0.06805555555555559,-0.0600925925925927,0.3996469678359843,0.396284145466464,0.1348037455590305,0.47371660028646423,0.00996462541675075,0.007962962962962894,0.1105140915733544,0.3601051547231707,0.1113573797757532,0.11424959928981894,0.0,0.9999999987499999,0.6303288813181522,0.2889543573726264,0.295430316372627,0.36986792221253045,calm,02,20,20,female,strong,2289
60,2.0020000000000002,True,1.0,0.4064382439845363,0.4186030798628469,0.41252066192369163,0.6703357066276145,-0.06555555555555553,-0.05768518518518517,0.3913832055069428,0.38886240310237874,0.1369148175232568,0.6153941343793812,0.012164835878310576,0.007870370370370361,0.0985151477545459,0.36210257716912514,0.11026977110094158,0.11513431548468937,0.0,0.9999999987499999,0.6281733701840111,0.28858533921046725,0.29313627792922925,0.36565252633819084,calm,02,20,20,female,strong,2289
70,2.3356666666666666,True,1.0,0.3495515002571933,0.36763719581988374,0.3585943480385385,0.6877804382982188,-0.08037037037037043,-0.07490740740740742,0.34792775867000875,0.41873689182188156,0.15429330384404605,0.5213791030838442,0.018085695562690463,0.005462962962963003,0.10396643608672665,0.36089224497499706,0.11491615456646927,0.11066939228419687,0.0,0.9999999987499999,0.6264236353525785,0.28845906588666703,0.2986434920724546,0.3617694743727404,calm,02,20,20,female,strong,2289
80,2.6693333333333333,True,1.0,0.3996962713290674,0.41265161038392545,0.4061739408564964,0.6557367575642378,-0.07305555555555554,-0.06129629629629629,0.3786305503655639,0.38977471813659165,0.14172051098379146,0.6194161546856803,0.012955339054858073,0.011759259259259247,0.10682609029427036,0.3889028849322722,0.11290443254858551,0.11255186418689637,0.0,0.9999999987499999,0.6263451628463885,0.2888869695917917,0.2947521720095167,0.36479700819328426,calm,02,20,20,female,strong,2289
90,3.003,True,1.0,0.415181618207229,0.42676988714248265,0.4209757526748558,0.5583750883314537,-0.06578703703703709,-0.05768518518518512,0.39023709653508637,0.33230059901476033,0.14038433732020852,0.7539300399894684,0.011588268935253665,0.008101851851851971,0.10535689288226316,0.44736089583140537,0.11152226648361359,0.11341871651843996,0.0,0.9999999987499999,0.6263563705560349,0.2876504758179416,0.29301483484507734,0.3660556031518254,calm,02,20,20,female,strong,2289
100,3.336666666666667,True,1.0,0.40343477135318107,0.4348135543419904,0.41912416284758575,0.5202365580372633,-0.06412037037037044,-0.05564814814814811,0.38900735558748334,0.32044910169143537,0.14041694142186545,0.8056415036052981,0.03137878298880936,0.008472222222222325,0.10657811439463151,0.4699334724883094,0.11463046369004318,0.11096528179139063,0.0,0.9999999987499999,0.6228983778667717,0.28777896172580103,0.297371539047639,0.36716332260533563,calm,02,20,20,female,strong,2289
0,0.0,True,1.0,0.5010101010101006,0.5081519287156354,0.504581014862868,0.6026961187587393,-0.05902777777777779,-0.06027777777777771,0.37837790002062255,0.2862523540489645,0.15715867746243264,0.8372063452176518,0.007141827705534842,0.0012499999999999178,0.008032934366453012,0.4499555119692466,0.11181087558000084,0.11092338780593229,0.0,0.9999999987499999,0.6235338700480192,0.2885591783713059,0.2879150532895596,0.3660813877443156,happy,03,20,20,female,normal,2290
10,0.33366666666666667,True,1.0,0.5079943895098371,0.5413507372366301,0.5246725633732336,0.612011769861095,-0.05782407407407408,-0.05787037037037035,0.39140482733875875,0.2695524393740872,0.1564451905820374,0.8572916228266587,0.03335634772679297,4.6296296296266526e-05,0.006219459297003176,0.4419246537831991,0.11020413490331797,0.11268905207628259,0.0,0.9999999987499999,0.6251192223530039,0.28828906782737784,0.2877404028431284,0.367669972030603,happy,03,20,20,female,normal,2290
20,0.6673333333333333,True,1.0,0.5555628248343154,0.532076957753589,0.5438198912939523,0.5833333333333336,-0.05759259259259253,-0.05731481481481482,0.41044382375118377,0.2638888888888891,0.1585456896424815,0.932262670789632,0.02348586708072642,0.0002777777777777102,0.008122832058642122,0.45535714285714257,0.11099314960568624,0.1119119946586606,0.0,0.9999999987499999,0.6213597310643008,0.28885361704016776,0.29119112387895907,0.3668636741701733,happy,03,20,20,female,normal,2290
30,1.0010000000000001,True,1.0,0.4762867286095584,0.48493752972908427,0.48061212916932133,0.6567556979699184,-0.08375000000000005,-0.08587962962962958,0.4659256642258752,0.2918914213199639,0.1772555841171004,0.7317974258235289,0.008650801119525875,0.002129629629629537,0.006996744227160162,0.406671855465952,0.10925637147672539,0.11411017019536696,0.0,0.9999999987499999,0.6213695911958532,0.29254160734314477,0.31915375586969746,0.3939043278083062,happy,03,20,20,female,normal,2290
40,1.3346666666666667,True,1.0,0.5335936864527366,0.5715680463139656,0.5525808663833511,0.6753244241701004,-0.08583333333333337,-0.08666666666666661,0.40795466971105965,0.35831180017226494,0.17787816604128254,0.8182450487592128,0.03797435986122899,0.0008333333333332416,0.004474757288840029,0.37880157200406245,0.10554528227627452,0.11558992892421947,0.0,0.9999999987499999,0.6113869861069429,0.2864399774772083,0.3036696538773103,0.3775666635666546,happy,03,20,20,female,normal,2290
50,1.6683333333333334,True,1.0,0.5870915679156444,0.6794790163917249,0.6332852921536847,0.8733097748892902,-0.08837962962962964,-0.09333333333333327,0.4159958516119285,0.42976576319211257,0.182231518061199,0.7251553920073396,0.09238744847608049,0.004953703703703627,0.01503413412239971,0.2904147687634217,0.09445399741711545,0.11143003636489367,0.0,0.9999999987499999,0.6642962234346863,0.3062060201340381,0.2973315046581316,0.4225536514467103,happy,03,20,20,female,normal,2290
60,2.0020000000000002,True,1.0,0.5674641643447494,0.6131480244077239,0.5903060943762366,0.6578533099271008,-0.08782407407407411,-0.08944444444444449,0.39103073073385297,0.41290792857126557,0.17787816604128245,0.8973217668261799,0.045683860062974424,0.0016203703703703831,0.013067165814103323,0.3949468085106382,0.11106418231781488,0.11047031109636891,0.0,0.9832790416277838,0.6166903236294518,0.2812607107674184,0.31302052877034003,0.38255467534867493,happy,03,20,20,female,normal,2290
70,2.3356666666666666,True,1.0,0.6065720548946851,0.6037405875383919,0.6051563212165385,0.639650259294627,-0.08708333333333329,-0.08916666666666667,0.42111137760710765,0.26858513189448435,0.1994907441822079,0.9460737526845895,0.002831467356293249,0.0020833333333333814,0.011275211069493203,0.3941578507296076,0.1032887136802603,0.11498963755364948,0.0,0.9999999987499999,0.6391713542135604,0.3015848588334735,0.3116410815784844,0.43407927074419633,happy,03,20,20,female,normal,2290
80,2.6693333333333333,True,1.0,0.608776809691671,0.6229041321599977,0.6158404709258344,0.5545279767239639,-0.08740740740740738,-0.0869907407407407,0.4697922883130891,0.1980457059728442,0.20074917854654903,1.1105669989169742,0.014127322468326708,0.0004166666666666763,0.010610304384403201,0.42523490151940707,0.10610142953981778,0.11341201635527005,0.0,0.9004497780093182,0.6359700694496548,0.3043677832359841,0.33131484310641207,0.45022150434030367,happy,03,20,20,female,normal,2290
90,3.003,True,1.0,0.5798724639853627,0.595288715361007,0.5875805896731849,0.5658448742081267,-0.08592592592592602,-0.08444444444444443,0.470004900002735,0.1867288084886818,0.19726090268305613,1.0384128521009868,0.015416251375644285,0.0014814814814815835,0.005572055724749805,0.42749999999999916,0.10763493759499332,0.11331085823164462,0.0,0.9999999987499999,0.6325708396718062,0.30362953003570187,0.3313912495124361,0.453464859947447,happy,03,20,20,female,normal,2290
100,3.336666666666667,True,1.0,0.4639930550147664,0.5049506978280314,0.4844718764213989,0.561416643205876,-0.08717592592592593,-0.0807870370370371,0.4617688980652917,0.17186223771608486,0.195170555094591,0.8629453406562781,0.04095764281326497,0.006388888888888833,0.00126734148505397,0.42474489795918413,0.10703881804609187,0.11537008859930774,0.0,0.9999999987499999,0.6372927647699704,0.3004043995322699,0.31993638792992457,0.4455256678852039,happy,03,20,20,female,normal,2290
0,0.0,True,1.0,0.5197895891536072,0.4816455933094194,0.5007175912315133,0.51835799128286,-0.062037037037037,-0.06388888888888877,0.3847279716817972,0.29616632039650753,0.15014692104865365,0.9659686927798888,0.03814399584418776,0.0018518518518517713,0.023516981450341232,0.4668860676412246,0.11599639106096842,0.11245461901413552,0.0,0.9999999987499999,0.6109136465992647,0.2911777089522817,0.2933453705948439,0.36401961552034634,happy,03,20,20,female,normal,2291
10,0.33366666666666667,True,1.0,0.510347831886665,0.4819417532359646,0.49614479256131483,0.5224189253550438,-0.06148148148148147,-0.06444444444444436,0.38176833430659796,0.29102439066071034,0.1494531592845856,0.9497067745471268,0.028406078650700384,0.0029629629629628895,0.02178363134813765,0.48545460179999494,0.11840953900177956,0.11025694103163963,0.0,0.9999999987499999,0.6106335752816752,0.29090524696536263,0.2975428468676985,0.36499440274204903,happy,03,20,20,female,normal,2291
20,0.6673333333333333,True,1.0,0.5101743757422171,0.46440062809392546,0.4872875019180713,0.514244147166447,-0.061203703703703705,-0.06351851851851853,0.38783718597867417,0.3011612522586411,0.1481027498269138,0.9475800640670189,0.045773747648291674,0.002314814814814825,0.023558545618334387,0.4668860676412246,0.11799324875432367,0.11070232707895879,0.0,0.9999999987499999,0.6106589151129203,0.290620014678646,0.2968456337184647,0.36302105001334867,happy,03,20,20,female,normal,2291
30,1.0010000000000001,True,1.0,0.199380615766725,0.21520484368917742,0.2072927297279512,0.7435478451722642,-0.08754629629629623,-0.08722222222222226,0.4255535275046049,0.48915239627638973,0.1371536636860453,0.2787886900269691,0.015824227922452416,0.0003240740740739767,0.005061783148803865,0.3453779198104033,0.11550064147342674,0.11759131101865988,0.0,0.9999999987499999,0.5998497541751076,0.2924103148231622,0.3137177018370049,0.3630880835273699,happy,03,20,20,female,normal,2291
40,1.3346666666666667,True,1.0,0.26929901102682263,0.2834204968023583,0.27635975391459044,0.6298178477506671,-0.09476851851851847,-0.09263888888888899,0.433877640548295,0.44502227061839617,0.1406858110221499,0.4387931445601015,0.01412148577553568,0.0021296296296294814,0.04551719720453745,0.38824026811587414,0.09502625286713856,0.11565090760215593,0.0,0.9999999987499999,0.6940551849099015,0.3019078617473683,0.28719205956179067,0.40842311714941604,happy,03,20,20,female,normal,2291
50,1.6683333333333334,True,1.0,0.32208134587194254,0.33861004362983815,0.3303456947508904,0.6896579682692129,-0.09023148148148147,-0.08819444444444441,0.41353550838572617,0.5426270729949216,0.13680555555555557,0.47899931553018404,0.016528697757895616,0.0020370370370370594,0.023617918397919154,0.39611427950420725,0.09855986143239452,0.11532882570602508,0.0,0.9999999987499999,0.6818200321534864,0.3078984798018785,0.2996872181671868,0.4015651866737956,happy,03,20,20,female,normal,2291
60,2.0020000000000002,True,1.0,0.31456231910004834,0.33020662773409826,0.3223844734170733,0.6904885941828116,-0.09300925925925924,-0.09254629629629635,0.4081404667280838,0.5505478785468504,0.1459509965245244,0.4668932638903516,0.01564430863404992,0.0004629629629628873,0.02598805459495248,0.39330538028282663,0.10222668140760574,0.11789032232064871,0.0,0.9999999987499999,0.6638358873940201,0.30423853969589737,0.3046039832686113,0.42056006377913924,happy,03,20,20,female,normal,2291
70,2.3356666666666666,True,1.0,0.35919508208783785,0.3551277633976819,0.35716142274275986,0.7345396396552261,-0.08620370370370373,-0.09074074074074073,0.3689205787055299,0.5362139369483148,0.1523484797164659,0.4862384593844414,0.004067318690155974,0.004537037037037006,0.020708324681385393,0.33986210438941217,0.12441703014162503,0.10968797904887964,0.0,0.9999999987499999,0.5755389417485743,0.2845912387876805,0.33680366370326503,0.3666000070023292,happy,03,20,20,female,normal,2291
80,2.6693333333333333,True,1.0,0.24770963790727943,0.22922408830505678,0.2384668631061681,0.5795139213709952,-0.08856481481481482,-0.09504629629629635,0.4160659782834038,0.2801833876536637,0.18075995458352434,0.4114946238772158,0.01848554960222265,0.0064814814814815325,0.08665919110488104,0.43597826471046547,0.1052206388477833,0.11686778480289933,0.0,0.9999999987499999,0.6629965723164266,0.30827993164258594,0.31298177417782047,0.4213739475109156,happy,03,20,20,female,normal,2291
90,3.003,True,1.0,0.4661565410549422,0.43457327019341097,0.4503649056241766,0.5648648351043117,-0.08199074074074075,-0.08541666666666664,0.44310684947701584,0.2260946207398159,0.1820387682324514,0.7972967648818309,0.03158327086153123,0.003425925925925888,0.0536601973070108,0.4686347868942499,0.10173093986575156,0.11767252258748516,0.0,0.9999999987499999,0.6675132696906887,0.3083344005855008,0.3138475692200309,0.42955820542173606,happy,03,20,20,female,normal,2291
100,3.336666666666667,True,1.0,0.4779723743968822,0.4930268904391524,0.4854996324180173,0.5805518432927789,-0.07638888888888895,-0.07976851851851846,0.4369022807832552,0.22132686158118592,0.1799565268766712,0.8362726568300195,0.01505451604227015,0.0033796296296295103,0.05371643714247074,0.44177022145388994,0.12215235687246837,0.11066578657982303,0.0,0.9999999987499999,0.5902008483627826,0.28318266344177623,0.33791122143037605,0.4053685367429977,happy,03,20,20,female,normal,2291
110,3.6703333333333332,True,1.0,0.5365583543102536,0.4782194933086868,0.5073889238094702,0.5749990679310166,-0.07305555555555548,-0.07740740740740748,0.4361177631804237,0.22439647235740434,0.1771044430585666,0.8824169500572865,0.058338861001566766,0.0043518518518519955,0.0602682393570435,0.4403923413843986,0.1052673385243067,0.11468608497289462,0.0,0.9999999987499999,0.6674542752100842,0.30846048204934007,0.31446918939550905,0.4314634850327959,happy,03,20,20,female,normal,2291
0,0.0,True,1.0,0.509347861199911,0.47306803250088547,0.49120794685039826,0.6087225248295606,-0.05625000000000008,-0.05962962962962959,0.46444865318455314,0.18243213832497698,0.16115845901633363,0.8069488589861763,0.036279828699025574,0.0033796296296295103,0.034579872262585847,0.40655908201451285,0.1183908108669816,0.1106220401642308,0.0,0.9999999987499999,0.6031950564678997,0.28847398231976495,0.31734368433200627,0.396453893830294,happy,03,20,20,female,normal,2292
10,0.33366666666666667,True,1.0,0.24766355459930744,0.2424222030724126,0.24504287883586,0.5620819262044188,-0.07046296296296295,-0.06648148148148147,0.45736499318068286,0.2857139693680342,0.13759374024102852,0.43595580539400314,0.0052413515268948385,0.003981481481481475,0.07340696774001296,0.48771099964718206,0.11258827545581362,0.11168028303267444,0.0,0.9999999987499999,0.6217767470581983,0.2886117384190691,0.30545610208563445,0.3754642190851856,happy,03,20,20,female,normal,2292
20,0.6673333333333333,True,1.0,0.24944624665610085,0.263940080021113,0.2566931633386069,0.5760190753018368,-0.07004629629629627,-0.06629629629629635,0.4506283519407714,0.30467416268656233,0.13859632407670222,0.4456330950569622,0.014493833365012171,0.00374999999999992,0.07102098278715196,0.44398391792027697,0.11533560156437725,0.1146378585668771,0.0,0.9999999987499999,0.6146871149006478,0.2893481434462327,0.32070812942741755,0.3893765605188442,happy,03,20,20,female,normal,2292
30,1.0010000000000001,True,1.0,0.3744978606382999,0.38673284151590287,0.38061535107710137,0.8170800428891276,-0.08856481481481482,-0.08550925925925928,0.37946713776902435,0.5082648389348485,0.15301928611053756,0.46582382520478277,0.012234980877602997,0.0030555555555555336,0.05485310432110961,0.3271446897579209,0.12098190062404572,0.1122840248003586,0.0,0.9999999987499999,0.6035760986582134,0.2897653315824728,0.3430804739785264,0.38261439766604327,happy,03,20,20,female,normal,2292
40,1.3346666666666667,True,1.0,0.4056424714898829,0.4234417738499757,0.4145421226699293,0.7591411278348336,-0.08800925925925923,-0.08717592592592593,0.386471143636632,0.5269241143925558,0.14874247828269846,0.5460672692734431,0.017799302360092806,0.0008333333333332971,0.04551229097311723,0.3480404992233931,0.1196923688532588,0.11128613604738262,0.0,0.9999999987499999,0.5996000745063651,0.2870932374822851,0.3366145342799121,0.3729035635899943,happy,03,20,20,female,normal,2292
50,1.6683333333333334,True,1.0,0.4134182029074375,0.4463108701452805,0.42986453652635903,0.9542829537079759,-0.09476851851851847,-0.094212962962963,0.4394614632956892,0.5153803001214343,0.16100865171739975,0.45045815274816664,0.032892667237842954,0.0005555555555554759,0.04754134692004931,0.25542668428626125,0.08624197009338559,0.11378899128395528,0.0,0.9999999987499999,0.7034031461569004,0.30266079522837486,0.2638445966966318,0.3990062238561306,happy,03,20,20,female,normal,2292
60,2.0020000000000002,True,1.0,0.44378446488068257,0.4620656221291861,0.45292504350493434,0.6622347062449865,-0.08986111111111106,-0.0873148148148149,0.3565846278964331,0.5252347410846472,0.14867321709186443,0.6839343200133937,0.018281157248503543,0.0025462962962961577,0.061959655469039386,0.3682364947540895,0.12393009468081348,0.10849581694422715,0.0,0.6995312385456929,0.6011318608927947,0.2825322719156154,0.3432183172725326,0.37244670896617793,happy,03,20,20,female,normal,2292
70,2.3356666666666666,True,1.0,0.4964147075980476,0.4803386503493333,0.48837667897369047,0.7893956974380741,-0.08374999999999999,-0.08708333333333323,0.35381328758483926,0.433288311814038,0.18001417588245397,0.6186715744191172,0.016076057248714304,0.0033333333333332438,0.002286138528337404,0.3142993993027243,0.12015535560068791,0.11232316451477595,0.0,0.9999999987499999,0.5923849084868322,0.2892193812725129,0.32264418949611395,0.3581684022045479,happy,03,20,20,female,normal,2292
80,2.6693333333333333,True,1.0,0.5822296203465188,0.5795135933223412,0.58087160683443,0.6664530764076076,-0.08541666666666664,-0.08731481481481479,0.38802739212416676,0.2975851574298133,0.19099778869268047,0.871586653880437,0.002716027024177614,0.0018981481481481488,0.02358786927245688,0.35944081260692534,0.10257401294826295,0.11595669398929359,0.0,0.9999999987499999,0.6501520330788565,0.3048516723208355,0.3031816023000925,0.42624783815611994,happy,03,20,20,female,normal,2292
90,3.003,True,1.0,0.5924343339389039,0.5704303917226542,0.581432362830779,0.6462315172990528,-0.08310185185185187,-0.08550925925925928,0.40151600509336566,0.28184675395063635,0.18820903826281987,0.8997276475478879,0.022003942216249683,0.0024074074074074137,0.013556331102560987,0.3829512983599655,0.10527018577037012,0.1146834714939539,0.0,0.9999999987499999,0.6511226781728316,0.3049718709593238,0.3060430834574906,0.4302898563767031,happy,03,20,20,female,normal,2292
100,3.336666666666667,True,1.0,0.6436067660319464,0.6138328207299542,0.6287197933809503,0.6098368961081013,-0.08236111111111111,-0.08375000000000005,0.4084750582287546,0.25746657567730463,0.1868202578696493,1.0309638485197552,0.02977394530199229,0.0013888888888889395,0.01734929263413138,0.42496680076548443,0.10463514334739274,0.11393316392813163,0.0,0.9999999987499999,0.6534225093005953,0.30436889851067817,0.3063865620340718,0.4282964450322403,happy,03,20,20,female,normal,2292
0,0.0,True,1.0,0.5554152242648812,0.5004721255024046,0.5279436748836429,0.4476432916855052,-0.05675925925925929,-0.05995370370370379,0.3790293284378828,0.22319479077249202,0.15903209549004216,1.179384757215469,0.054943098762476605,0.0031944444444444997,0.04200555337998003,0.551320523337449,0.12062375827420484,0.11010300736378453,0.0,0.9999999987499999,0.6043658533882302,0.2863059528550365,0.30605336808523337,0.38485376489211753,happy,03,20,20,female,normal,2293
10,0.33366666666666667,True,1.0,0.5495086833287361,0.5198169183541398,0.534662800841438,0.4576346357420842,-0.05754629629629632,-0.06143518518518526,0.3688038554462129,0.22817647147153136,0.1583338151890968,1.1683180403826903,0.029691764974596357,0.0038888888888889417,0.045672465392534,0.5145867904903634,0.12071232444922482,0.11052425009641419,0.0,0.9999999987499999,0.6073379671477966,0.2850701012329101,0.30679437366198814,0.38026889976004163,happy,03,20,20,female,normal,2293
20,0.6673333333333333,True,1.0,0.5323817892107514,0.5402478786830239,0.5363148339468877,0.4722004563689656,-0.057268518518518385,-0.061064814814814794,0.38161465532402583,0.24314051855613755,0.15555555555555556,1.1357778814339492,0.00786608947227252,0.0037962962962964086,0.04789472485457492,0.4954514589216431,0.11980365248505939,0.11218990941406447,0.0,0.9999999987499999,0.6066312006130578,0.28488943554409857,0.3051101112227738,0.38357025918460663,happy,03,20,20,female,normal,2293
30,1.0010000000000001,True,1.0,0.4180267720394379,0.45177879398412635,0.4349027830117821,0.770014467973622,-0.08152777777777781,-0.0868518518518519,0.36791150714125687,0.4374258754836495,0.1674777716962632,0.5647981967874924,0.03375202194468846,0.005324074074074092,0.042153073417020556,0.3438189088316315,0.11900173571000426,0.11371232831904375,0.0,0.9999999987499999,0.616336121854992,0.2849883035512395,0.3215144700352707,0.38433279345442767,happy,03,20,20,female,normal,2293
40,1.3346666666666667,True,1.0,0.5857723255500692,0.5978223539096417,0.5917973397298555,0.6733821618621981,-0.07652777777777775,-0.08087962962962969,0.40372108970592835,0.41203052525335904,0.1523044041961473,0.8788432085775414,0.012050028359572473,0.00435185185185194,0.026472412061134352,0.3922019936983979,0.1193593025970186,0.11333694718559077,0.0,0.9999999987499999,0.6141528487254275,0.29152103357065007,0.34665506994440165,0.39356607031332963,happy,03,20,20,female,normal,2293
50,1.6683333333333334,True,1.0,0.6694270203562614,0.651672374832201,0.6605496975942312,0.41580608217283527,-0.05870370370370365,-0.06162037037037038,0.3862377710949353,0.3655538304957249,0.13336994939932223,1.5886003738628938,0.017754645524060475,0.002916666666666734,0.01061906273675266,0.6205729282471768,0.11988013556595599,0.11278590253423146,0.0,0.9999999987499999,0.6034790829066001,0.2865763256978712,0.32438146107372523,0.3809232943814496,happy,03,20,20,female,normal,2293
60,2.0020000000000002,True,1.0,0.4052035973277566,0.4278618130847933,0.41653270520627494,0.5917797357468114,-0.0643055555555555,-0.06351851851851847,0.36258298541587564,0.45975174270587993,0.12589095217989268,0.7038644280048234,0.022658215757036693,0.0007870370370370305,0.057792884964304,0.4417510133847339,0.11897129397505642,0.11120332148973493,0.0,0.9999999987499999,0.602659025782188,0.28608356229120346,0.3156930547090964,0.3696736010716869,happy,03,20,20,female,normal,2293
70,2.3356666666666666,True,1.0,0.48100639997133987,0.4842569857066633,0.4826316928390016,0.6479018292476676,-0.06189814814814826,-0.055972222222222257,0.40456542632147674,0.2754845290774272,0.15024740906091763,0.7449148482871628,0.0032505857353234413,0.005925925925926001,0.0919773297305047,0.3910417514541368,0.1179166807036547,0.1109557223936553,0.0,0.9999999987499999,0.6051688406847113,0.28782682529741493,0.31028909991472686,0.36826474363181466,happy,03,20,20,female,normal,2293
80,2.6693333333333333,True,1.0,0.5139530771882916,0.5293399101807204,0.521646493684506,0.6083638220711621,-0.059675925925925966,-0.05449074074074067,0.41846567750471725,0.24481475713235806,0.15741091323305992,0.8574581110174685,0.015386832992428712,0.005185185185185293,0.06406000913944736,0.42452864572849913,0.11475547168209337,0.1110077593481853,0.0,0.9999999987499999,0.6067351015562474,0.28857357274419243,0.3031700608513787,0.3820554137183834,happy,03,20,20,female,normal,2293
90,3.003,True,1.0,0.5058934657391043,0.5006233762595927,0.5032584209993485,0.581133763720494,-0.05995370370370373,-0.055740740740740646,0.4207268052443586,0.23800118627110345,0.16007006229732834,0.8659941177353431,0.005270089479511575,0.004212962962963085,0.05511793573625816,0.449670775258662,0.11812417741603813,0.10900071171627053,0.0,0.9308952992060822,0.6072400897468362,0.28668073315222053,0.3112222718431988,0.38501640971933776,happy,03,20,20,female,normal,2293
100,3.336666666666667,True,1.0,0.5265795852754629,0.5615417018759262,0.5440606435756945,0.5916540620370723,-0.05763888888888885,-0.054629629629629584,0.42542123096541196,0.23067327903946228,0.1586587339496535,0.9195587058127971,0.03496211660046333,0.003009259259259267,0.05423864164012981,0.4281688907999593,0.11800131427701804,0.10895899378308509,0.0,0.7071067807446058,0.6066069077318428,0.28461541333029655,0.3106712714484743,0.38040594784114756,happy,03,20,20,female,normal,2293
0,0.0,True,1.0,0.6080185987749661,0.5650515082022741,0.5865350534886201,0.5675026793487542,-0.056620370370370376,-0.05763888888888885,0.3840170185018754,0.25385496704290217,0.15838151165305553,1.0335370648147544,0.04296709057269199,0.0010185185185184742,0.012632311981401283,0.44480926096247136,0.11433539558899446,0.11279977753499022,0.0,0.9999999987499999,0.6167776697866648,0.2885762661343864,0.29425601527623396,0.37740448369893986,happy,03,20,20,female,strong,2294
10,0.33366666666666667,True,1.0,0.6131306425527643,0.5988044591450853,0.6059675508489248,0.5490629750641316,-0.05453703703703705,-0.056157407407407434,0.39560543235186824,0.2456065292931007,0.15700325403233192,1.103639433669966,0.014326183407678994,0.0016203703703703831,0.016503958931317828,0.4765470106659186,0.11680867652820341,0.11058170499656066,0.0,0.9999999987499999,0.6135332394207683,0.28853746704562444,0.29973480106994566,0.377901363104247,happy,03,20,20,female,strong,2294
20,0.6673333333333333,True,1.0,0.5792432173210792,0.5707556080739206,0.5749994126974999,0.5781262338638926,-0.05606481481481479,-0.056851851851851876,0.39550208758335276,0.26005397219269466,0.15837235890010948,0.9945914560121331,0.008487609247158634,0.000787037037037086,0.018680728375433765,0.422448043099235,0.11614031913516504,0.11179587875115747,0.0,0.9999999987499999,0.6140365601865746,0.2880075292882165,0.3004546856955935,0.3819581627661204,happy,03,20,20,female,strong,2294
30,1.0010000000000001,True,1.0,0.46930518797565046,0.4867394354058441,0.47802231169074727,0.8636054118972071,-0.08481481481481484,-0.08587962962962958,0.46523149006296677,0.3392735546739032,0.17254486488860266,0.5535193563002418,0.017434247430193617,0.0010648148148147407,0.002958052256139907,0.3053571428571423,0.10630779048487045,0.11928243183785987,0.0,0.9999999987499999,0.6248136294986745,0.29235392383623554,0.3088946841757155,0.38892238003867363,happy,03,20,20,female,strong,2294
40,1.3346666666666667,True,1.0,0.40545062332625315,0.44418493376210694,0.42481777854418,0.6406916711029185,-0.08439814814814817,-0.08578703703703694,0.43803926853969655,0.3137254901960785,0.1743845834364295,0.6630611848174608,0.03873431043585379,0.001388888888888773,0.004735574685060369,0.4136598938607304,0.10992667152339473,0.11228305707209668,0.0,0.9999999987499999,0.6170151244872949,0.29250750742889214,0.3134942342991302,0.374207160386713,happy,03,20,20,female,strong,2294
50,1.6683333333333334,True,1.0,0.5705870449677537,0.5299567275306066,0.5502718862491802,0.7207652181879114,-0.07907407407407407,-0.08069444444444435,0.4271228855727706,0.30699259293188835,0.1866572223272338,0.7634551062725092,0.04063031743714707,0.001620370370370272,0.0047602695856780635,0.3442484539226293,0.11101779182199861,0.11590219345555497,0.0,0.9999999987499999,0.5906762445446929,0.290661794398123,0.29192377310915957,0.36830586038632845,happy,03,20,20,female,strong,2294
60,2.0020000000000002,True,1.0,0.8013311264965436,0.6489427959776654,0.7251369612371045,0.854029577427227,-0.05912037037037027,-0.05587962962962972,0.38503501142181334,0.3428602527148083,0.16638390750323925,0.8490771050595076,0.15238833051887823,0.003240740740740544,0.061006592184357424,0.2435061037347141,0.09075136161445037,0.11005316152055117,0.0,0.9999999987499999,0.6654276968052847,0.31573614567339225,0.24622363109434411,0.3756244121046548,happy,03,20,20,female,strong,2294
70,2.3356666666666666,True,1.0,0.6766142401794516,0.5372515248919754,0.6069328825357134,0.7006480616155473,-0.05375000000000002,-0.05180555555555555,0.36630443311509947,0.2784621234141962,0.1676713290567998,0.8662450034276177,0.13936271528747624,0.0019444444444444708,0.06357622532220221,0.339058048471506,0.10725198212760494,0.10693731229210462,0.0,0.9999999987499999,0.6409328653336335,0.2883089171542037,0.2537039469368128,0.3419317344163965,happy,03,20,20,female,strong,2294
80,2.6693333333333333,True,1.0,0.6404786761651371,0.5787016320795826,0.6095901541223598,0.6332922215045861,-0.05185185185185176,-0.051666666666666694,0.4482026565112582,0.18364312343760203,0.16704278397680933,0.9625732535828176,0.06177704408555451,0.0001851851851850661,0.03979972971303565,0.3605323133327794,0.10333105742635937,0.11226844849936232,0.0,0.9999999987499999,0.6228241276041666,0.31719284969854245,0.2980910106922024,0.41253418948934073,happy,03,20,20,female,strong,2294
90,3.003,True,1.0,0.6341008133693213,0.5518447303340148,0.5929727718516681,0.5971812333375128,-0.05171296296296307,-0.05231481481481476,0.45983536014103477,0.1645186836069636,0.17035377962229675,0.9929527901231514,0.08225608303530652,0.0006018518518516869,0.028427615448350377,0.41374164379816,0.1029143542638959,0.1111180098635268,0.0,0.9999999987499999,0.6200929098279938,0.31516537524540233,0.29152003734124127,0.4049129163711604,happy,03,20,20,female,strong,2294
100,3.336666666666667,True,1.0,0.5640227776479287,0.5071952160698985,0.5356089968589136,0.5978465491063396,-0.05212962962962964,-0.052083333333333315,0.4601408991463353,0.16739703374977455,0.16874464712910767,0.8958971121595355,0.05682756157803026,4.629629629632204e-05,0.025668239222635267,0.4069705149024937,0.10981705903695219,0.11306629626759622,0.0,0.9999999987499999,0.619493002396271,0.3128043693212626,0.31430826491849845,0.4341922477297867,happy,03,20,20,female,strong,2294
0,0.0,True,1.0,0.5519576786676149,0.5076807493563777,0.5298192140119964,0.6222451753071503,-0.05768518518518512,-0.05874999999999997,0.42492407959877987,0.25699509797287673,0.15000347243320308,0.8514637558265824,0.04427692931123717,0.0010648148148148517,0.0032072420223662043,0.40350244188984086,0.1213898256121806,0.11235276847540726,0.0,0.9999999987499999,0.5987426285983144,0.2838328122154993,0.32327810936324275,0.39884285107975925,happy,03,20,20,female,strong,2295
10,0.33366666666666667,True,1.0,0.548862629560635,0.5079943895098366,0.5284285095352358,0.6129483596918228,-0.05754629629629626,-0.05884259259259256,0.43062287788704906,0.2531553959796592,0.15004161367372584,0.8621093460482026,0.04086824005079848,0.0012962962962962954,2.9103262368105976e-05,0.40350244188983914,0.11229393929286093,0.11129357931268842,0.0,0.9999999987499999,0.6081686518982593,0.2868535464157011,0.3019966739886766,0.3824519315851613,happy,03,20,20,female,strong,2295
20,0.6673333333333333,True,1.0,0.166793791715077,0.1537527117583859,0.16027325173673146,0.6569362736390102,-0.06986111111111104,-0.06916666666666671,0.440009115597498,0.33458323595923634,0.14216270287477736,0.2439707748955912,0.013041079956691098,0.000694444444444331,0.026831390911316425,0.39715635491838175,0.11414976313366534,0.11180105742195462,0.0,0.9999999987499999,0.6047841464476414,0.2922518871830125,0.30574644606869483,0.3751542375784781,happy,03,20,20,female,strong,2295
30,1.0010000000000001,True,1.0,0.11821073101288293,0.13306544120528102,0.12563808610908198,0.7553763181727506,-0.0755555555555556,-0.06708333333333333,0.48371257901675224,0.4990382351831329,0.10241239282533175,0.1663251588466521,0.01485471019239809,0.00847222222222227,0.05735410736449441,0.345689504801736,0.11153163301668838,0.11834202314091893,0.0,0.9999999987499999,0.6135202601978291,0.28999531468338297,0.3101867611159709,0.36459381931067525,happy,03,20,20,female,strong,2295
40,1.3346666666666667,True,1.0,0.1743913390018763,0.2279044695030456,0.20114790425246096,0.6829880219664045,-0.0810648148148147,-0.07412037037037039,0.47324604708703094,0.5321941138433262,0.11448189197850038,0.2945116133564568,0.05351313050116929,0.006944444444444309,0.0794790052393026,0.3690539873503337,0.10391706246827775,0.11458849503259674,0.0,0.9999999987499999,0.6401917760698028,0.2883679777524125,0.2771928063672143,0.3693826986227048,happy,03,20,20,female,strong,2295
50,1.6683333333333334,True,1.0,0.17768498014504364,0.1483353375025653,0.16301015882380449,0.6041331116362837,-0.07824074074074072,-0.07578703703703699,0.4722198939649875,0.501093127564913,0.08861214685316399,0.26982490395584247,0.02934964264247833,0.0024537037037037357,0.049615412038352055,0.4241479030272591,0.11782526531511216,0.11509655735163549,0.0,0.9999999987499999,0.5971663824279712,0.2953916408894862,0.34645922499588294,0.3963424837659811,happy,03,20,20,female,strong,2295
60,2.0020000000000002,True,1.0,0.1745152575912542,0.18099929210288873,0.17775727484707146,0.7638602523761795,-0.0834259259259259,-0.08106481481481487,0.4603289008612245,0.5752948241027454,0.1014257541099108,0.23270915628102487,0.00648403451163454,0.002361111111111036,0.055593306933530554,0.368289734328262,0.09708886949766192,0.11673319875454795,0.0,0.9999999987499999,0.680782257825005,0.3106457743593475,0.3079813727727676,0.4212547753548867,happy,03,20,20,female,strong,2295
70,2.3356666666666666,True,1.0,0.23828870148470768,0.2197231938713295,0.22900594767801857,0.7324555374915753,-0.08185185185185184,-0.08046296296296296,0.41903526171316335,0.6093124589498687,0.11233926810931437,0.31265508410556947,0.01856550761337819,0.001388888888888884,0.052680022241583004,0.39052989431210544,0.11940128449803852,0.11396339659851035,0.0,0.9999999987499999,0.5801044257703082,0.28103623318493903,0.33523288502689796,0.38659298002913367,happy,03,20,20,female,strong,2295
80,2.6693333333333333,True,1.0,0.21445866816020773,0.21699659194420465,0.2157276300522062,0.6164918236872815,-0.08699074074074076,-0.0858796296296297,0.42723764210067944,0.5111709148592222,0.12765896198074672,0.34992780400869533,0.0025379237839969204,0.0011111111111110628,0.03867225358528287,0.4177447526615829,0.12274637014858139,0.11189542728599414,0.0,0.9999999987499999,0.5795532770608244,0.2795922227234456,0.31557589743897024,0.33716171432158676,happy,03,20,20,female,strong,2295
90,3.003,True,1.0,0.2970949737201193,0.2824260482185915,0.2897605109693554,0.6453419692029485,-0.08453703703703708,-0.07856481481481487,0.4411736385242126,0.4379510191340734,0.15458230017413616,0.44900304768219856,0.014668925501527763,0.005972222222222212,0.03770948283673241,0.3858980023067532,0.09988655720200239,0.11956124072177862,0.0,0.9999999987499999,0.6625763836159464,0.3098738409571399,0.2866983680570926,0.4101835829901628,happy,03,20,20,female,strong,2295
100,3.336666666666667,True,1.0,0.33783371453902883,0.325430615355337,0.33163216494718295,0.6605712609314982,-0.07837962962962958,-0.06731481481481488,0.4699415052405786,0.35242170212889856,0.15386146983594415,0.5020384393949187,0.012403099183691813,0.011064814814814694,0.03602808838447414,0.40582757626567534,0.10463267360276639,0.11674352139964535,0.0,0.9999999987499999,0.6525142879104768,0.3084621757098518,0.3186995653553523,0.4489035340211875,happy,03,20,20,female,strong,2295
110,3.6703333333333332,True,1.0,0.3711167111057331,0.3515438497624767,0.36133028043410487,0.5928731727738987,-0.07518518518518508,-0.0668981481481481,0.4791502902137195,0.32432924530649854,0.15713877242178426,0.6094562834468202,0.019572861343256365,0.008287037037036982,0.023833776473811612,0.436676323864528,0.10758910083076573,0.11469109532723933,0.0,0.9999999987499999,0.649742618148822,0.3070561597834728,0.32575912367099746,0.45351703227968193,happy,03,20,20,female,strong,2295
120,4.0040000000000004,True,1.0,0.3872566922115547,0.3854090783258753,0.386332885268715,0.5583630194529373,-0.07226851851851857,-0.06555555555555559,0.4756233282281236,0.2847471213373271,0.15789470632121927,0.6919027081113451,0.0018476138856793889,0.006712962962962976,0.024155969338549865,0.46295187337717425,0.10923421963008935,0.11429818397333905,0.0,0.9999999987499999,0.6368016509885204,0.3081877056433472,0.3258359295060408,0.4490964408074178,happy,03,20,20,female,strong,2295
0,0.0,True,1.0,0.5660615609744443,0.5951880325715054,0.5806247967729748,0.5672066881312886,-0.06129629629629624,-0.05851851851851858,0.39098431263463534,0.27561570536629065,0.1556148900297242,1.0236564711285288,0.029126471597061165,0.002777777777777657,0.03341327106810996,0.452509031056258,0.11193975752334959,0.11079332356189088,0.0,0.9999999987499999,0.6221898490568102,0.28807770564769125,0.28592173655144476,0.3757185637955611,happy,03,20,20,female,strong,2296
10,0.33366666666666667,True,1.0,0.5595883934689304,0.5545783349533482,0.5570833642111392,0.5637642299230918,-0.06199074074074068,-0.05884259259259261,0.3914836637868121,0.2669826780967676,0.15699304898955815,0.988149539546232,0.0050100585155822275,0.0031481481481480666,0.035569097069887146,0.4579666853244922,0.1115184835686202,0.11190046234492887,0.0,0.9999999987499999,0.6187742076752576,0.2876441794798011,0.28507839338227464,0.37336769290738187,happy,03,20,20,female,strong,2296
20,0.6673333333333333,True,1.0,0.6003329742996266,0.6225716281097875,0.6114523012047071,0.5598255256981122,-0.06550925925925916,-0.06268518518518523,0.3969253649957263,0.2648704090223853,0.1618357297806698,1.0922194025401315,0.02223865381016088,0.0028240740740739234,0.029245612027781247,0.452509031056258,0.11285541958370904,0.1112391824457342,0.0,0.9999999987499999,0.6208682720510079,0.2888131134303137,0.29481373303875275,0.3823774727382016,happy,03,20,20,female,strong,2296
30,1.0010000000000001,True,1.0,0.5514165835092724,0.7077079954856029,0.6295622894974376,0.9380444749507489,-0.08875,-0.08828703703703705,0.3873789399540409,0.4838913853557584,0.1721039670256821,0.6711433266855414,0.15629141197633056,0.0004629629629629428,0.058243922040088374,0.2252603520433265,0.08783391988235557,0.11205580136022547,0.0,0.9999999987499999,0.6882017003676472,0.3051934203439691,0.23822895270064648,0.35385510248831303,happy,03,20,20,female,strong,2296
40,1.3346666666666667,True,1.0,0.606905990672006,0.666330983530245,0.6366184871011256,0.6677651839961102,-0.08467592592592599,-0.08337962962962969,0.45832994556438156,0.3464819350923213,0.1683229559178075,0.9533568121826997,0.05942499285823899,0.0012962962962962954,0.005514663365373299,0.37194114085988267,0.09463838453346682,0.11984653552101401,0.0,0.9999999987499999,0.6912737856627026,0.30546158396690287,0.2833355180290625,0.39837706706861337,happy,03,20,20,female,strong,2296
50,1.6683333333333334,True,1.0,0.5675930155052721,0.7307264026373378,0.6491597090713049,0.9751216119472879,-0.08814814814814809,-0.09032407407407422,0.439975108374061,0.45258504025664603,0.17685383604548055,0.6657217942026257,0.1631333871320657,0.0021759259259261365,0.044149066167491584,0.2342079316075503,0.09019940626520762,0.11170632362521475,0.0,0.9999999987499999,0.6772027694358993,0.3081253522259441,0.25648889921109014,0.382563137010761,happy,03,20,20,female,strong,2296
60,2.0020000000000002,True,1.0,0.6445995004157284,0.753259780305512,0.6989296403606202,0.7260375567178875,-0.08486111111111105,-0.08828703703703711,0.3853847520000269,0.37773632750578784,0.1906449413079602,0.9626632037055894,0.10866027988978355,0.0034259259259260544,0.03704156079273524,0.3328204559777931,0.09406886707249239,0.11072775259485201,0.0,0.9999999987499999,0.6702334414547069,0.3058791395302276,0.2800836645141695,0.3928451086829246,happy,03,20,20,female,strong,2296
70,2.3356666666666666,True,1.0,0.7441721729822592,0.8592025065079589,0.8016873397451091,0.8102197520180098,-0.07828703703703704,-0.0784259259259259,0.36201819970856747,0.2726063187246874,0.2059380943998545,0.9894690147313132,0.11503033352569969,0.0001388888888888551,0.05778402984105836,0.2764533803782318,0.0939983390197673,0.11181468103008843,0.0,0.9999999987499999,0.6569053941889256,0.30896025018288525,0.2558034487405752,0.378768055345558,happy,03,20,20,female,strong,2296
80,2.6693333333333333,True,1.0,0.46806278341483176,0.6151907552007153,0.5416267693077735,0.7087334517160837,-0.08652777777777765,-0.08495370370370375,0.41811304284969214,0.19380056562706152,0.20168045393815262,0.7642178706202052,0.14712797178588355,0.0015740740740738945,0.06051083293717889,0.30993064080566796,0.0976486327394564,0.10793766426460781,0.0,0.9999999987499999,0.6582634220016133,0.3083262535457209,0.2680113164027153,0.3860586826889599,happy,03,20,20,female,strong,2296
90,3.003,True,1.0,0.6064940743851132,0.7128509175371596,0.6596724959611364,0.6453100053180953,-0.08124999999999993,-0.07763888888888887,0.42410435991827,0.17119341563786053,0.20096610989634825,1.0222567301369538,0.10635684315204641,0.003611111111111065,0.06538835036487797,0.3220545783590091,0.09541426618565936,0.10887281095496078,0.0,0.9999999987499999,0.6660057495185573,0.3068964345421167,0.26572396885106103,0.3882414364990824,happy,03,20,20,female,strong,2296
100,3.336666666666667,True,1.0,0.5750734938280639,0.6870854795493709,0.6310794866887175,0.6238958013710502,-0.07907407407407413,-0.07763888888888881,0.42975253331579416,0.17908871731227632,0.19589444552886764,1.0115142389191925,0.112011985721307,0.001435185185185317,0.0830602848647469,0.3475020996803058,0.10381720554826243,0.11096386822813363,0.0,0.9999999987499999,0.6323013042326305,0.3076459135530937,0.3084668709939644,0.43056205383457974,happy,03,20,20,female,strong,2296
0,0.0,True,1.0,0.5277250905148695,0.5341754865952129,0.5309502885550412,0.6041903176069033,-0.0662962962962963,-0.06134259259259256,0.48739270085500297,0.17424489507588367,0.1750108987956625,0.8787798696577039,0.006450396080343368,0.004953703703703738,0.002382242395389924,0.43301812065491635,0.11140962831958977,0.11700042219579097,0.0,0.9999999987499999,0.6077133371317277,0.29909705101490996,0.3127435491386074,0.39075339100930906,happy,03,20,20,female,strong,2297
10,0.33366666666666667,True,1.0,0.411031607552998,0.3984674329501916,0.40474952025159483,0.5955100977374574,-0.07893518518518516,-0.07490740740740731,0.47730309466505255,0.2627090645992444,0.16460002058072057,0.6796686098008649,0.0125641746028064,0.004027777777777852,0.00503326116683559,0.4305675412895544,0.10894697859862279,0.11638680713513323,0.0,0.7071067807446058,0.6132040292288792,0.2922600919665565,0.32965123962361015,0.403425156355961,happy,03,20,20,female,strong,2297
20,0.6673333333333333,True,1.0,0.451704336372851,0.4680006732119928,0.4598525047924219,0.6659707185399126,-0.08097222222222222,-0.0796296296296296,0.4792666363174472,0.28039507068824976,0.1689889981452657,0.6904995850277196,0.01629633683914178,0.0013425925925926174,0.004467284077832662,0.38524931516233474,0.09854176777360718,0.11876231399853124,0.0,0.9999999987499999,0.6570407545908988,0.30907189034364435,0.32058124040244546,0.44683948130729345,happy,03,20,20,female,strong,2297
30,1.0010000000000001,True,1.0,0.35867446393762165,0.3536359740133177,0.35615521897546965,0.817561614395621,-0.08800925925925923,-0.08800925925925918,0.45106381421805336,0.4514733390180877,0.15425027865331958,0.435631043219606,0.005038489924303946,5.551115123125783e-17,0.011646346078618131,0.3277538254199283,0.109725243106081,0.11793709896287832,0.0,0.9999999987499999,0.6162518066992423,0.28634183203509445,0.3189134449494255,0.38333097414613543,happy,03,20,20,female,strong,2297
40,1.3346666666666667,True,1.0,0.429118773946359,0.44485996076105216,0.4369893673537056,0.6309740500274801,-0.08685185185185185,-0.08773148148148147,0.43480676774731924,0.4478782206895541,0.14527339593986652,0.692563136843225,0.015741186814693164,0.0008796296296296191,0.01733994890562215,0.4404581118618651,0.11328789117051104,0.11860539907399331,0.0,0.9999999987499999,0.6066233253613946,0.286279880657615,0.3323411960713237,0.3761825598001708,happy,03,20,20,female,strong,2297
50,1.6683333333333334,True,1.0,0.5927224117985397,0.569013392579383,0.5808679021889613,0.8838997035654922,-0.08842592592592596,-0.08962962962962956,0.4658397755049469,0.48907741419739353,0.1556148900297242,0.6571649473869545,0.02370901921915669,0.0012037037037035958,0.008195496008834856,0.30778027761447496,0.12062900581889624,0.11384064780132756,0.0,0.9999999987499999,0.5846066575223839,0.29003719419400226,0.3730281167027385,0.4139224726641169,happy,03,20,20,female,strong,2297
60,2.0020000000000002,True,1.0,0.7687816161267239,0.6558424754282758,0.7123120457774998,0.643967651021005,-0.09055555555555544,-0.09097222222222212,0.3970032962937503,0.5319335083114605,0.1593147128716902,1.1061301676382898,0.11293914069844813,0.0004166666666666763,0.0009719506421001029,0.3815327930117365,0.09913913977953652,0.11664201091845876,0.0,0.9999999987499999,0.6542841898556296,0.31622368776612797,0.2876181292564813,0.4102396058273657,happy,03,20,20,female,strong,2297
70,2.3356666666666666,True,1.0,0.6847871057314237,0.6713557880754312,0.6780714469034275,1.0303867502754576,-0.09055555555555556,-0.09296296296296291,0.36097401228042847,0.6421037401673398,0.16814451219010665,0.6580746954695951,0.01343131765599248,0.002407407407407358,0.008849402734784031,0.25312420210511,0.12117316124379943,0.11376478793440994,0.0,0.8265380438292538,0.5810054054356119,0.28351611843151725,0.356793156863058,0.40216251118486834,happy,03,20,20,female,strong,2297
80,2.6693333333333333,True,1.0,0.5924497537315694,0.6019031494535669,0.5971764515925682,0.8252868968894277,-0.0895833333333334,-0.09087962962962959,0.4266629659849668,0.4251323555036706,0.18126515292262468,0.7235986101843782,0.009453395721997548,0.0012962962962961844,0.005071914799592151,0.32385187478230343,0.12417763594709252,0.11082185978292626,0.0,0.9999999987499999,0.5771187847482742,0.2835154555381854,0.3706078225978669,0.41633064921723445,happy,03,20,20,female,strong,2297
90,3.003,True,1.0,0.6052497533494868,0.6243168872177072,0.6147833202835971,0.6259098880801282,-0.08925925925925926,-0.09037037037037038,0.4664808453974747,0.27378033555612574,0.19513927986102833,0.9822233711139156,0.019067133868220343,0.0011111111111111183,0.006588335729065685,0.41213416603039804,0.10966487337437049,0.11488441509210309,0.0,0.9999999987499999,0.6118506235306622,0.30723935837020316,0.34732480756041756,0.45466891421877115,happy,03,20,20,female,strong,2297
100,3.336666666666667,True,1.0,0.6200008297634757,0.6388289207904383,0.629414875276957,0.59213416958573,-0.08856481481481482,-0.08976851851851847,0.4721766091223066,0.22339653526559097,0.19930593835407728,1.0629598959257993,0.01882809102696259,0.0012037037037036513,0.008996943845718518,0.445654331124144,0.11009374039520717,0.11563264781913843,0.0,0.9999999987499999,0.6117811121401685,0.3046804944208235,0.3376154404378544,0.45250012933893274,happy,03,20,20,female,strong,2297
110,3.6703333333333332,True,1.0,0.576116394226352,0.5965471513484999,0.586331772787426,0.5802906715195082,-0.08611111111111103,-0.0891203703703704,0.4705809699414948,0.21048479440178935,0.1993151252980422,1.0104104745507954,0.020430757122147924,0.003009259259259378,0.0029074553004212467,0.4301208979619811,0.11273198775358544,0.1137341445794726,0.0,0.9999999987499999,0.6096671820994023,0.3050105067057861,0.3283400549944524,0.44728371088392377,happy,03,20,20,female,strong,2297
0,0.0,True,1.0,0.3173753885115824,0.33443166731581675,0.3259035279136996,0.6786468643850301,-0.07750000000000001,-0.07069444444444445,0.33803662898471787,0.40907461874737727,0.1494531592845856,0.4802254972606759,0.017056278804234326,0.006805555555555565,0.07773944837435003,0.3713218669072536,0.11347319301795078,0.11043655173551153,0.0,0.9999999987499999,0.6197301582508004,0.28356883038133635,0.28014032205081313,0.38773616811746986,sad,04,20,20,female,normal,2298
10,0.33366666666666667,True,1.0,0.4522594914214861,0.4836966229247852,0.4679780571731357,0.6757115239203441,-0.0710648148148148,-0.06425925925925913,0.3388730986821182,0.382703871954885,0.1530651495531104,0.692570779995019,0.03143713150329913,0.006805555555555676,0.08125684012566091,0.3826289607986089,0.1131309742793367,0.11283185508508754,0.0,0.9999999987499999,0.6146805304856318,0.28181417302878764,0.2891334599415294,0.3951147011895895,sad,04,20,20,female,normal,2298
20,0.6673333333333333,True,1.0,0.12864798977185768,0.11200360251768834,0.12032579614477301,0.24529500376460384,-0.09356481481481488,-0.08435185185185201,0.42264123008948623,0.11598609896831184,0.15575161642964586,0.4905350467726733,0.016644387254169335,0.009212962962962867,0.12030892810372652,0.8244472039408125,0.09457268932527614,0.11436821289788825,0.0,0.9999999987499999,0.6784570581201231,0.3015510424822998,0.28050108172368143,0.41577578629285133,sad,04,20,20,female,normal,2298
30,1.0010000000000001,True,1.0,0.2140120341666273,0.21659150220111967,0.21530176818387348,0.8469592510215693,-0.0955092592592593,-0.0859259259259259,0.34993639314197944,0.4354519947652621,0.15753881682934828,0.25420558063942844,0.002579468034492355,0.009583333333333388,0.08918331884289532,0.29647977229089983,0.09783725464342222,0.11627064901737111,0.0,0.9999999987499999,0.674239753119998,0.3058223129401869,0.2821488476530808,0.4202859156414675,sad,04,20,20,female,normal,2298
40,1.3346666666666667,True,1.0,0.297622861654486,0.28031851288169135,0.28897068726808867,0.6678670725573311,-0.08527777777777773,-0.0740277777777778,0.34208661184713257,0.38433618846164763,0.15868421791945816,0.43267694896469505,0.01730434877279463,0.011249999999999927,0.10302743516622764,0.38494309688856576,0.1130221420927323,0.11361362616563422,0.0,0.9999999987499999,0.6139687088585434,0.2879361169941871,0.2877865145035924,0.3658517442033237,sad,04,20,20,female,normal,2298
50,1.6683333333333334,True,1.0,0.3554853618176063,0.3419869915082369,0.3487361766629216,0.8661008036226564,-0.08648148148148149,-0.0781018518518517,0.32320083807509853,0.49336653073332276,0.1629337329531015,0.4026507944620951,0.0134983703093694,0.008379629629629792,0.1017054815275238,0.3000672605828468,0.11710669819430819,0.1118102730419957,0.0,0.9999999987499999,0.6048352591583508,0.28465538984937155,0.29831738075162206,0.3681975991622437,sad,04,20,20,female,normal,2298
60,2.0020000000000002,True,1.0,0.5141928044214789,0.5341955512500224,0.5241941778357506,0.8347575412037374,-0.07162037037037045,-0.06537037037037041,0.3440805079299593,0.4519315228586857,0.16052317127363755,0.6279597990571633,0.020002746828543527,0.006250000000000033,0.1028232749132626,0.31879523458765624,0.11568260319058583,0.11175918624624608,0.0,0.9999999987499999,0.6077406941135829,0.28895733250582034,0.29991712576940116,0.37634455724376675,sad,04,20,20,female,normal,2298
70,2.3356666666666666,True,1.0,0.47276221908301025,0.48056837278748915,0.4766652959352497,0.5726623344172456,-0.07824074074074067,-0.07106481481481486,0.32966506169455423,0.3997739326625714,0.15971903774754212,0.8323671163397106,0.007806153704478902,0.007175925925925808,0.11259107706925504,0.4300388491670817,0.11408270111496496,0.11322373315867834,0.0,0.9999999987499999,0.6133816436730942,0.2853750238691381,0.29567521518623247,0.377329191293354,sad,04,20,20,female,normal,2298
80,2.6693333333333333,True,1.0,0.547979343512217,0.5539578067493935,0.5509685751308053,0.6268778519181094,-0.07027777777777777,-0.06569444444444439,0.32279727632290445,0.44450657079114353,0.15378569459228533,0.8789089827387612,0.005978463237176546,0.004583333333333384,0.10263476080419966,0.38718334386008446,0.11661969404524324,0.11180809915925789,0.0,0.9999999987499999,0.6089612077330933,0.28376889840978536,0.29341053215148927,0.3727252511062972,sad,04,20,20,female,normal,2298
90,3.003,True,1.0,0.5704729050850047,0.6033915080896656,0.5869322065873351,0.5194337465885397,-0.06856481481481475,-0.06467592592592586,0.33587234333204213,0.40451847248026845,0.15480670210737363,1.1299462355730676,0.032918603004660874,0.003888888888888886,0.095409147548814,0.4470411621958325,0.11844082667915982,0.10918131187510655,0.0,0.9999999987499999,0.6092512673037965,0.28342568318539924,0.30317808231368615,0.37794602254022963,sad,04,20,20,female,normal,2298
100,3.336666666666667,True,1.0,0.5762764916294746,0.6024084623934544,0.5893424770114645,0.5197329428421397,-0.06666666666666671,-0.06282407407407414,0.3263464478427826,0.39303247683571446,0.15553410094520595,1.1339332730934233,0.026131970763979773,0.003842592592592564,0.09213970014876939,0.4719125719833219,0.11821776160114643,0.11028993094075572,0.0,0.9999999987499999,0.6000052422687825,0.28598797367977785,0.3055922490390834,0.3809429337588788,sad,04,20,20,female,normal,2298
0,0.0,True,1.0,0.15589204149472854,0.17510789966823723,0.16549997058148289,0.34297369190676985,-0.07981481481481467,-0.07287037037037036,0.3783875241050191,0.13443764876670716,0.163672467744367,0.48254421399315534,0.019215858173508682,0.006944444444444309,0.08055351490720151,0.6377288259825294,0.11493725599893265,0.11269477149582721,0.0,0.9999999987499999,0.6018699083227039,0.2834856663079757,0.2964775222566283,0.3831327203031099,sad,04,20,20,female,normal,2299
10,0.33366666666666667,True,1.0,0.13754146340149656,0.14637884279486824,0.14196015309818238,0.32558752684294534,-0.07874999999999999,-0.07231481481481483,0.3802118953184007,0.13197945521296636,0.16304184003366282,0.4360122590527251,0.008837379393371675,0.006435185185185155,0.10004504189560187,0.6702656845214932,0.11733498045211485,0.11054137052146341,0.0,0.9999999987499999,0.6018263839910964,0.2833986321434934,0.3030794631008272,0.3859529078011025,sad,04,20,20,female,normal,2299
20,0.6673333333333333,True,1.0,0.19775255278660187,0.22146269998055915,0.2096076263835805,0.38550561873254774,-0.07999999999999996,-0.07194444444444437,0.38210568078654017,0.17660672413012227,0.16500000822022284,0.5437213264821439,0.02371014719395728,0.008055555555555594,0.0719711294827237,0.6176941127331016,0.11506854035773681,0.11068320530313884,0.0,0.9999999987499999,0.6029544953371974,0.28628634832717437,0.2933668678111011,0.3850144840285203,sad,04,20,20,female,normal,2299
30,1.0010000000000001,True,1.0,0.44784873296806044,0.5089651768719391,0.47840695491999974,0.5567884683493001,-0.0668981481481481,-0.059074074074074,0.37438534728123446,0.19886183078396108,0.16849126599315772,0.8592256882372645,0.06111644390387866,0.007824074074074094,0.07699373649200283,0.4424327477997288,0.11472456782670541,0.11324824842374367,0.0,0.9999999987499999,0.5981250388514782,0.2841054497463131,0.3127552694176681,0.39433093102102673,sad,04,20,20,female,normal,2299
40,1.3346666666666667,True,1.0,0.4987864052212096,0.5417312617939283,0.520258833507569,0.6229300003813572,-0.06759259259259259,-0.0628240740740742,0.3604300617198797,0.24255681430778575,0.1713795435394593,0.835180250090808,0.04294485657271868,0.004768518518518394,0.08952769198817682,0.4189024257056488,0.11583373894346781,0.11194343754358857,0.0,0.9999999987499999,0.5962858748030462,0.2827597353754055,0.3311540708623786,0.40574087010943355,sad,04,20,20,female,normal,2299
50,1.6683333333333334,True,1.0,0.1910925444036303,0.210387804296434,0.20074017435003216,0.7802756779391256,-0.08212962962962966,-0.07995370370370358,0.351161379698875,0.3199298273074666,0.1729652973035375,0.2572682707222526,0.0192952598928037,0.002175925925926081,0.10523041551632639,0.3368906778204314,0.11606381770854576,0.11187529867262581,0.0,0.9999999987499999,0.6011532027420342,0.281827131950244,0.32676830809591995,0.4013628918029743,sad,04,20,20,female,normal,2299
60,2.0020000000000002,True,1.0,0.14915121510973112,0.16937042265049904,0.15926081888011506,0.6371489451567824,-0.08939814814814823,-0.08662037037037029,0.3712039482840818,0.2791076193029615,0.1744634945369561,0.2499585380949284,0.02021920754076792,0.0027777777777779344,0.10859443016665221,0.3756742348584435,0.11151904499356285,0.11492371082356133,0.0,0.9999999987499999,0.6140856555903611,0.2798010685563826,0.307442719893899,0.39536480836177706,sad,04,20,20,female,normal,2299
70,2.3356666666666666,True,1.0,0.5268551759768709,0.5564564928361734,0.5416558344065221,0.7916153336073627,-0.07777777777777778,-0.07819444444444446,0.34055783941866213,0.4191319703125917,0.17109038080142835,0.6842412108646454,0.02960131685930245,0.0004166666666666763,0.029826664206305305,0.30293632154267547,0.11860443175882526,0.11278326072746178,0.0,0.9999999987499999,0.5832525420089911,0.28973173632872345,0.3338399943339544,0.38736544458471556,sad,04,20,20,female,normal,2299
80,2.6693333333333333,True,1.0,0.49821114992933757,0.5186563484507652,0.5084337491900515,0.5738720363193855,-0.07481481481481478,-0.07726851851851851,0.3883942958639569,0.2869360181596928,0.16875406896136047,0.8859705945091307,0.020445198521427677,0.0024537037037037357,0.005267955524735097,0.42530487804878153,0.12003793717435776,0.11244863896408719,0.0,0.9999999987499999,0.5843384417126226,0.2877614807648455,0.3390048190721358,0.3918789080814081,sad,04,20,20,female,normal,2299
90,3.003,True,1.0,0.5915726140793323,0.5479076927335401,0.5697401534064361,0.6760506756115218,-0.07203703703703701,-0.0754629629629629,0.3617931302116453,0.3680720344996062,0.17085521526842076,0.842747702146851,0.04366492134579214,0.003425925925925888,0.0017816846050990457,0.36249999999999893,0.1039885621465718,0.1165028127500204,0.0,0.9999999987499999,0.64587998427496,0.30405578503417474,0.30836615658696914,0.45428590271377356,sad,04,20,20,female,normal,2299
100,3.336666666666667,True,1.0,0.6022262389757816,0.5878151901948838,0.5950207145853328,0.7088006617550591,-0.07064814814814807,-0.0756944444444444,0.3364392658438488,0.39467309574997594,0.16948091152760256,0.8394753937051975,0.014411048780897828,0.0050462962962963265,0.008209574019429802,0.33238636363636287,0.10504601798045161,0.11538525293573361,0.0,0.9999999987499999,0.646323819676308,0.30419772894227565,0.30453369875885383,0.4500491548978638,sad,04,20,20,female,normal,2299
0,0.0,True,1.0,0.4075556573590105,0.37698838046481203,0.39227201891191127,0.540759124243321,-0.07532407407407404,-0.07351851851851854,0.3343074110918226,0.3592038708396186,0.1626520472559829,0.7254098938428709,0.03056727689419847,0.0018055555555555047,0.038508819650468075,0.45779927618282845,0.11046567448695273,0.11327677743021865,0.0,0.9999999987499999,0.6145333518407363,0.28979219660538563,0.28127145445608065,0.3918586170697622,sad,04,20,20,female,normal,2300
10,0.33366666666666667,True,1.0,0.4173422084624185,0.4079542860389244,0.41264824725067145,0.5895792105882031,-0.07574074074074078,-0.07268518518518513,0.3346806340198078,0.37553131951414664,0.16057068668037433,0.6999029813805449,0.009387922423494066,0.0030555555555556446,0.04111647506937532,0.419891222794086,0.11035822232217832,0.11421854511688835,0.0,0.9999999987499999,0.6127708270808324,0.2893289083298596,0.2785980509420992,0.3879645640473528,sad,04,20,20,female,normal,2300
20,0.6673333333333333,True,1.0,0.39370367610985846,0.3982555002891667,0.39597958819951257,0.4931396853805996,-0.07550925925925928,-0.07226851851851845,0.3445218128498449,0.3406172666469084,0.15920087416045772,0.802976519510694,0.004551824179308217,0.0032407407407408217,0.04834630088661905,0.48710083759197315,0.1172611977970588,0.11079173106818725,0.0,0.9999999987499999,0.611907739205057,0.2871911195002306,0.29418725206611146,0.3892580727174487,sad,04,20,20,female,normal,2300
30,1.0010000000000001,True,1.0,0.34972241684877614,0.3380194144302992,0.34387091563953764,0.6846525316715839,-0.06884259259259268,-0.06486111111111115,0.34975252949947916,0.3413236347396706,0.1581650641039736,0.50225610763459,0.011703002418476938,0.00398148148148153,0.04746140541662824,0.38060387140060986,0.11462004327441958,0.11419132038646215,0.0,0.9999999987499999,0.5996183510669894,0.28839258953913666,0.29329455414942857,0.38744222554317526,sad,04,20,20,female,normal,2300
40,1.3346666666666667,True,1.0,0.5132427631498512,0.5140057561431598,0.5136242596465055,0.7107261319453111,-0.06296296296296294,-0.06138888888888888,0.34424001656932035,0.3783157592443678,0.15653099732960246,0.7226753549087567,0.0007629929933086199,0.001574074074074061,0.05625502768711398,0.3604078755632657,0.11511622876294714,0.1140257591183378,0.0,0.9999999987499999,0.5978363018410489,0.289518383153999,0.3045362609693373,0.3746978105967303,sad,04,20,20,female,normal,2300
50,1.6683333333333334,True,1.0,0.24752751569103712,0.22981851722172564,0.2386730164563814,0.7038185306285081,-0.07824074074074072,-0.07666666666666666,0.3509129716192879,0.4111482284854429,0.15618989970688735,0.3391115835544242,0.017708998469311482,0.001574074074074061,0.06906301285478496,0.3398000694312587,0.11874829925739515,0.11075546547907471,0.0,0.9999999987499999,0.6013365381699554,0.2917411219419493,0.30443164984780224,0.36906440417106445,sad,04,20,20,female,normal,2300
60,2.0020000000000002,True,1.0,0.28011644428167887,0.2868008624894668,0.28345865338557286,0.8043460813533604,-0.08018518518518514,-0.07759259259259271,0.34673694759368745,0.44774793195157175,0.16684967166293072,0.35240881998037055,0.006684418207787923,0.0025925925925924242,0.06993964586021442,0.3227578466330227,0.1108482696076913,0.1145774591515313,0.0,0.9999999987499999,0.6094955870395032,0.29063349580583586,0.3013726151699274,0.37441620202615433,sad,04,20,20,female,normal,2300
70,2.3356666666666666,True,1.0,0.6053212321333307,0.5817189821694179,0.5935201071513743,0.6988068109648026,-0.07087962962962963,-0.0694907407407408,0.32187774818005255,0.4617484532628793,0.16231822455144285,0.849333603849589,0.023602249963912802,0.0013888888888888284,0.08651496917436348,0.3826289607986089,0.09725152365315584,0.11627046711615951,0.0,0.9999999987499999,0.6721280236000651,0.30727502125017575,0.2869780040275654,0.41706666031798545,sad,04,20,20,female,normal,2300
80,2.6693333333333333,True,1.0,0.6231807389753121,0.6605757501095109,0.6418782445424115,0.8041121183830782,-0.06782407407407398,-0.07004629629629633,0.31969976156020197,0.4762657291884799,0.16489640088605215,0.7982447097465846,0.03739501113419874,0.0022222222222223476,0.05707132065769839,0.3263903920022189,0.10316594502548708,0.11410231908285155,0.0,0.9999999987499999,0.6642833015081032,0.3014636150651996,0.28875696153058544,0.43539558442878534,sad,04,20,20,female,normal,2300
90,3.003,True,1.0,0.6423083895812337,0.6568509118943205,0.6495796507377771,0.7735284065062904,-0.06587962962962968,-0.06694444444444442,0.3244972642071368,0.4510164419631479,0.16364309841976685,0.8397618565446887,0.014542522313086836,0.0010648148148147407,0.06776926368421925,0.3390118965406747,0.11502613526461004,0.11226515332110798,0.0,0.9999999987499999,0.5995162194096388,0.2909319292694101,0.30236608715890495,0.3821710790196563,sad,04,20,20,female,normal,2300
100,3.336666666666667,True,1.0,0.6469168543349798,0.6684632643757167,0.6576900593553483,0.4154259700321734,-0.07814814814814819,-0.07555555555555554,0.39320331854127377,0.19908179324239114,0.17824451319604645,1.5831703042166871,0.021546410040736874,0.0025925925925926463,0.07455976293135412,0.5919210838334618,0.09668692586574891,0.11641353378298015,0.0,0.9999999987499999,0.6706940261417066,0.31043964059238777,0.30369672595749675,0.4362354197370611,sad,04,20,20,female,normal,2300
0,0.0,True,1.0,0.6413099971323626,0.6414816394947963,0.6413958183135795,0.42863422008592594,-0.0622685185185185,-0.057870370370370405,0.35477027849666504,0.29636793731675914,0.15674920254980565,1.496371004127954,0.00017164236243372155,0.0043981481481480955,0.06468926016804662,0.5568769821814928,0.11775187647543787,0.10922851314407028,0.0,0.8932940767658283,0.6071109187893908,0.28709990216288755,0.2983137855121133,0.3963201586296092,sad,04,20,20,female,normal,2301
10,0.33366666666666667,True,1.0,0.15737273595922935,0.14625713467065843,0.1518149353149439,0.3744218979383189,-0.08009259259259266,-0.07347222222222227,0.3771286657120726,0.2219184508025401,0.15945897029173609,0.40546489441692163,0.01111560128857092,0.0066203703703703876,0.06462770809116268,0.6422442317378323,0.11546548146805366,0.11266196683531597,0.0,0.9999999987499999,0.6052328428558924,0.2860951863943084,0.28719422361103325,0.3776131611007327,sad,04,20,20,female,normal,2301
20,0.6673333333333333,True,1.0,0.24766779427142557,0.23937847248486308,0.24352313337814432,0.28660831527891373,-0.07476851851851857,-0.06731481481481488,0.4048599440479203,0.12127589757228023,0.1605540558342737,0.849672254418575,0.008289321786562498,0.007453703703703685,0.07963370273873963,0.8171784021109417,0.11487880069913127,0.11088012475710833,0.0,0.9999999987499999,0.6114806947857268,0.2888993114515995,0.30026810287648165,0.37725363208155227,sad,04,20,20,female,normal,2301
30,1.0010000000000001,True,1.0,0.42365831545317345,0.4285661193764394,0.4261122174148064,0.7189754260841007,-0.06601851851851853,-0.05907407407407406,0.3577152691599052,0.3197819554886781,0.1599532457021971,0.5926658992166484,0.004907803923265952,0.006944444444444475,0.0741642872883206,0.37276679813414887,0.11330691987166328,0.11180638190627691,0.0,0.9999999987499999,0.6127197446165966,0.284702159378589,0.29461235256801294,0.3908011931285416,sad,04,20,20,female,normal,2301
40,1.3346666666666667,True,1.0,0.5123091617175726,0.5528732005804298,0.5325911811490012,0.709624925210347,-0.064537037037037,-0.05995370370370373,0.3373629904161463,0.35207255702540924,0.15819737953482654,0.750524907212258,0.0405640388628572,0.004583333333333273,0.09680178050015738,0.36008071269941655,0.11343828759568715,0.11302969350468939,0.0,0.9999999987499999,0.6029793641206482,0.28814237726249614,0.2981811223301299,0.3752851599810836,sad,04,20,20,female,normal,2301
50,1.6683333333333334,True,1.0,0.49902833117614565,0.5173370332699418,0.5081826822230437,0.7661538320138105,-0.0671296296296296,-0.06157407407407406,0.3254676496319065,0.41378693199131505,0.15332063656144485,0.6632906617295147,0.018308702093796203,0.005555555555555536,0.07107418709703735,0.31610639116077593,0.11993235032007239,0.10912357748015893,0.0,0.9999999987499999,0.5992880046237244,0.28716366550136746,0.2999163300660411,0.3779814880509421,sad,04,20,20,female,normal,2301
60,2.0020000000000002,True,1.0,0.5611306526794644,0.5573182329389614,0.5592244428092129,0.6773156382241073,-0.06958333333333339,-0.07277777777777777,0.3239960475368146,0.47407407407407404,0.15909684711265734,0.8256482077919765,0.003812419740502948,0.0031944444444443887,0.00921513709600562,0.33746663397693444,0.1207745050690467,0.11131537987134629,0.0,0.9999999987499999,0.5984563540572478,0.28570280850792396,0.30851204552322153,0.3841461720953594,sad,04,20,20,female,normal,2301
70,2.3356666666666666,True,1.0,0.5986317204856703,0.5613659022152702,0.5799988113504702,0.9697542465314675,-0.06842592592592595,-0.07513888888888892,0.32547775184038286,0.5765925838994355,0.1583376699824147,0.5980884470730181,0.0372658182704001,0.006712962962962976,0.03150860387602302,0.25439439559613014,0.11767983005523383,0.11154900901906852,0.0,0.9999999987499999,0.5911632841964911,0.289851266376854,0.30348657284443137,0.37614972320294976,sad,04,20,20,female,normal,2301
80,2.6693333333333333,True,1.0,0.621191718828483,0.5935402099042765,0.6073659643663798,0.8369055177404607,-0.0680092592592591,-0.07393518518518516,0.3256421256597416,0.5354840041158497,0.1597222222222222,0.7257282351372126,0.027651508924206536,0.005925925925926057,0.03332792140258334,0.28188887030008036,0.12256441186604836,0.10968941475850665,0.0,0.9999999987499999,0.5914839391537864,0.2857134550419692,0.3201398530828161,0.3935037246605076,sad,04,20,20,female,normal,2301
90,3.003,True,1.0,0.6346009366954724,0.605133049161052,0.6198669929282622,0.7953683049849436,-0.06671296296296286,-0.07296296296296295,0.3228710709590175,0.5076455417805824,0.16112815795980318,0.7793458565588635,0.02946788753442031,0.006250000000000089,0.025291160167936422,0.2880003614740774,0.12225871607250254,0.1102030537596868,0.0,0.9999999987499999,0.5938275296603015,0.2870273039463004,0.3214848461560567,0.39180931005398556,sad,04,20,20,female,normal,2301
100,3.336666666666667,True,1.0,0.6234785029771838,0.5885847762173059,0.6060316395972448,0.7107674946119424,-0.06587962962962957,-0.07092592592592595,0.3237728007230049,0.4738025056618771,0.15905128390421402,0.8526439998893306,0.0348937267598779,0.005046296296296382,0.03164381218199068,0.3222802971114363,0.12216988803319757,0.11099027417690993,0.0,0.8919747347212148,0.5923642884263081,0.2866493973869797,0.3179019117507413,0.3910605003335166,sad,04,20,20,female,normal,2301
0,0.0,True,1.0,0.4835233367495303,0.5395696002385113,0.5115464684940207,0.6102642225649587,-0.08037037037037031,-0.08444444444444449,0.3640736909454565,0.34182900516395903,0.1673725073290452,0.8382376839067768,0.05604626348898101,0.004074074074074174,0.03658448077765905,0.3904653754183591,0.1160028910552903,0.11210854315646787,0.0,0.9999999987499999,0.6167584076990172,0.28249150902249176,0.3199516816420889,0.38653901063769913,sad,04,20,20,female,strong,2302
10,0.33366666666666667,True,1.0,0.5670506535305959,0.5671073608554605,0.5670790071930283,0.6314158598116963,-0.07907407407407407,-0.08319444444444446,0.3502523222803193,0.33801415952268327,0.1691297990184333,0.8981070056779142,5.6707324864624375e-05,0.004120370370370385,0.04651265018113433,0.395412224396601,0.1148942026560283,0.11441610905278997,0.0,0.9999999987499999,0.6019038160420418,0.286438230067614,0.3246845259277023,0.3823380197486266,sad,04,20,20,female,strong,2302
20,0.6673333333333333,True,1.0,0.492476371573783,0.509655832534308,0.5010661020540454,0.7518857350193691,-0.07814814814814813,-0.08185185185185179,0.3573136825002039,0.3832113837391499,0.1708976314465118,0.6664125660545185,0.017179460960525028,0.0037037037037036535,0.031506472463784664,0.3312835818384437,0.09876519784180399,0.11614148141254382,0.0,0.9999999987499999,0.6600988905640381,0.3008196382933558,0.29759361838029263,0.4268545146710539,sad,04,20,20,female,strong,2302
30,1.0010000000000001,True,1.0,0.5009653064064065,0.5101742477545952,0.5055697770805008,0.7154417111153424,-0.08046296296296301,-0.0824537037037037,0.39803562825551386,0.3100384768612452,0.16695252381865447,0.7066540421473884,0.009208941348188726,0.001990740740740682,0.04957785418245487,0.33161190475857366,0.10217592390919919,0.11777265859985449,0.0,0.9999999987499999,0.6493067925607745,0.3017192901730466,0.30228349880056204,0.4318722705968021,sad,04,20,20,female,strong,2302
40,1.3346666666666667,True,1.0,0.38064629873514333,0.45578740288261943,0.4182168508088814,0.4887605557341142,-0.08305555555555555,-0.08421296296296299,0.4093581256162517,0.1417100511462471,0.17030069213265495,0.8556681710550951,0.0751411041474761,0.0011574074074074403,0.09414450114923724,0.436505969565471,0.09617456131203742,0.11748762499906128,0.0,0.9999999987499999,0.6594099721060298,0.307704802982744,0.31214343864071414,0.43761370339279604,sad,04,20,20,female,strong,2302
50,1.6683333333333334,True,1.0,0.41529292200191786,0.4463886232780174,0.4308407726399677,0.6072160781445869,-0.08324074074074078,-0.08486111111111105,0.3852998431427546,0.30203256150105845,0.17550325239596706,0.7095345267477886,0.031095701276099563,0.001620370370370272,0.07341869019512745,0.4107797657802071,0.10173759297081376,0.11831265640161732,0.0,0.9999999987499999,0.6440582072125725,0.3038387849405268,0.3043635003687127,0.4326357309992552,sad,04,20,20,female,strong,2302
60,2.0020000000000002,True,1.0,0.43388723891660447,0.5241155226386898,0.4790013807776471,0.6383193332764645,-0.08324074074074073,-0.08796296296296297,0.41641603544861394,0.26170426122128493,0.17408901778723782,0.750410266157778,0.0902282837220853,0.004722222222222239,0.0831492509575192,0.36368563477305,0.09736613205221077,0.11435634343163373,0.0,0.9999999987499999,0.6623755238032714,0.3072256543377685,0.30682205289603603,0.42443245330287876,sad,04,20,20,female,strong,2302
70,2.3356666666666666,True,1.0,0.42075515298159655,0.4606978573065743,0.4407265051440854,0.4191324469928985,-0.0817592592592592,-0.08398148148148149,0.40736116112442655,0.22697973759956327,0.18337428602077885,1.0515208457520178,0.03994270432497776,0.002222222222222292,0.05204244635717537,0.5493135910889521,0.10154492209608082,0.11959840683409839,0.0,0.9999999987499999,0.6428097631630777,0.3038636631837235,0.3207532122377463,0.45321366228222026,sad,04,20,20,female,strong,2302
80,2.6693333333333333,True,1.0,0.375455341002299,0.48275449042127955,0.42910491571178927,0.6589563704717962,-0.08430555555555558,-0.08930555555555553,0.4174175950578844,0.1711554490723061,0.1918771224123703,0.6511886597356376,0.10729914941898056,0.004999999999999949,0.03526905515956913,0.36243697020492155,0.09630935160916196,0.11802462816822724,0.0,0.9999999987499999,0.6426550468937575,0.30935954011843425,0.3183286958860596,0.4429799654605948,sad,04,20,20,female,strong,2302
90,3.003,True,1.0,0.3795324682067509,0.44088075363546464,0.4102066109211078,0.41500267096826865,-0.0754629629629629,-0.07680555555555563,0.416568563674603,0.07492357887671663,0.19527293194877554,0.9884433031817099,0.061348285428713734,0.0013425925925927285,0.05476557692344005,0.592696325413009,0.11517790227734649,0.11429732538180068,0.0,0.9999999987499999,0.5743923544652236,0.2802493646038502,0.3536599442578681,0.4255618573327996,sad,04,20,20,female,strong,2302
100,3.336666666666667,True,1.0,0.4156527312905617,0.47643338314279426,0.446043057216678,0.40967586007535634,-0.07935185185185184,-0.07930555555555557,0.42031144317969715,0.13311513325384078,0.19002107380674485,1.088770661602156,0.06078065185223258,4.6296296296266526e-05,0.06275584202747547,0.5542320907689418,0.10634860320402925,0.11892607604798139,0.0,0.9999999987499999,0.5986377382124726,0.2847773229939956,0.32585823548399157,0.40442888058302756,sad,04,20,20,female,strong,2302
110,3.6703333333333332,True,1.0,0.407907664314505,0.4887449030221874,0.4483262836683462,0.3964141445489866,-0.07879629629629631,-0.07837962962962974,0.41381607007259186,0.14984026356884517,0.1877342286984449,1.1309543058268563,0.08083723870768245,0.00041666666666656527,0.07381647748851745,0.6176034938774078,0.11005010280369237,0.11600311928310839,0.0,0.9999999987499999,0.6047687554396759,0.2824711536375711,0.3314696110829133,0.403259918299441,sad,04,20,20,female,strong,2302
0,0.0,True,1.0,0.5524042759605349,0.5873040673531867,0.5698541716568608,0.5751609918766605,-0.06939814814814815,-0.07666666666666672,0.3692792249690474,0.1842698221830264,0.18001417588245397,0.9907733307808578,0.03489979139265187,0.007268518518518563,0.01615444898844543,0.43553947800420967,0.11669169991169713,0.11224332092198185,0.0,0.9999999987499999,0.5866039606545743,0.2865675874753049,0.346923028540898,0.4111927132241705,sad,04,20,20,female,strong,2303
10,0.33366666666666667,True,1.0,0.5350562494175238,0.5661217233133677,0.5505889863654458,0.580206737108739,-0.06703703703703695,-0.07282407407407399,0.36963709584004745,0.17092667008389706,0.18001417588245391,0.9489531078337989,0.03106547389584391,0.005787037037037035,0.015951983343484733,0.4390659030579051,0.11451645685558927,0.11429520147978307,0.0,0.9999999987499999,0.589279111058486,0.28705124434845064,0.34001424421002063,0.40380102601985407,sad,04,20,20,female,strong,2303
20,0.6673333333333333,True,1.0,0.5230181305476787,0.542392295506963,0.5327052130273209,0.5927118122932143,-0.07064814814814807,-0.07375000000000004,0.3887617094081078,0.20455332936093037,0.17515731280342137,0.8987592316850803,0.019374164959284346,0.0031018518518519667,0.020461057096094738,0.421127111799039,0.11733433800081226,0.11225232663948731,0.0,0.9999999987499999,0.5915678530162065,0.2842826215279735,0.3460257954278742,0.4149988454388183,sad,04,20,20,female,strong,2303
30,1.0010000000000001,True,1.0,0.5185350774611469,0.49836620214274535,0.5084506398019462,0.6457398962044514,-0.07259259259259254,-0.07685185185185184,0.4230494459999102,0.19370971105651538,0.1724174732645335,0.7873923274534097,0.020168875318401558,0.004259259259259296,0.012831189978011283,0.3982699929500362,0.10220450121281321,0.11774785973665876,0.0,0.9999999987499999,0.6426456781775209,0.308262491191356,0.3246745360604471,0.4510041774701582,sad,04,20,20,female,strong,2303
40,1.3346666666666667,True,1.0,0.37789189667661743,0.39011556575202366,0.3840037312143205,0.32011083916857913,-0.07171296296296298,-0.07550925925925933,0.458160518252908,0.047382715032396966,0.17515731280342142,1.19959615304402,0.01222366907540623,0.003796296296296353,0.014886068353989392,0.7163733899404365,0.10320639505471062,0.11768295670307227,0.0,0.9999999987499999,0.6392125823610695,0.30465702148843354,0.3235409560228275,0.45173350351606506,sad,04,20,20,female,strong,2303
50,1.6683333333333334,True,1.0,0.45194696903149567,0.4625742109919027,0.45726059001169916,0.9448962543931408,-0.0750925925925926,-0.0791203703703704,0.3737304364243265,0.40701699238837824,0.173093063891541,0.4839267675003904,0.010627241960407041,0.004027777777777797,0.011186019467196023,0.2807323743196979,0.11777109335801199,0.11314916199319962,0.0,0.9999999987499999,0.5871297901269882,0.290884480671735,0.35070330578906184,0.3970614278235533,sad,04,20,20,female,strong,2303
60,2.0020000000000002,True,1.0,0.41094090508653947,0.41296858532302294,0.4119547452047812,0.6298053265784679,-0.07324074074074072,-0.07685185185185184,0.40268223500325817,0.24783111058964216,0.17733132145631922,0.6540985409615386,0.0020276802364834756,0.0036111111111111205,0.013951094726849892,0.41560060949992633,0.10434855456851379,0.11667140797108827,0.0,0.9999999987499999,0.6374278524691126,0.30627714287366314,0.3260036713854112,0.4587870684445123,sad,04,20,20,female,strong,2303
70,2.3356666666666666,True,1.0,0.37957474867787344,0.37427535617721897,0.3769250524275462,0.4957454387433225,-0.07481481481481478,-0.07884259259259252,0.4367501658330028,0.2415803733496706,0.16885169461806016,0.7603197588323212,0.005299392500654476,0.004027777777777741,0.017334209990926726,0.5020449783955216,0.10371044627825148,0.11772550043960857,0.0,0.9999999987499999,0.638111966091124,0.3039090547847886,0.3211058512380307,0.4543782441612266,sad,04,20,20,female,strong,2303
80,2.6693333333333333,True,1.0,0.38060429564310316,0.40211335517085295,0.3913588254069781,0.6999674689291234,-0.07527777777777772,-0.07782407407407405,0.3906453788766988,0.37060770800139,0.16885169461806004,0.5591100197923711,0.021509059527749785,0.0025462962962963243,0.016922451842087075,0.3574462653867101,0.11775100511006882,0.11181517117976178,0.0,0.9999999987499999,0.5904468370785814,0.28815763289304286,0.35066081904635693,0.3975594523395199,sad,04,20,20,female,strong,2303
90,3.003,True,1.0,0.3652543177375309,0.4218243045303225,0.3935393111339267,0.6657210606707454,-0.06263888888888891,-0.06578703703703692,0.4213702206067614,0.08784629856266689,0.18832574809705546,0.591147455568579,0.05656998679279157,0.003148148148148011,0.0288889339951443,0.38290982407134644,0.10813336835943783,0.11599905186979735,0.0,0.9999999987499999,0.6030299682451106,0.3091994084831977,0.3444634101038673,0.4562021135185086,sad,04,20,20,female,strong,2303
100,3.336666666666667,True,1.0,0.35764242555538045,0.42121365102940234,0.38942803829239137,0.5155196329175359,-0.06208333333333338,-0.06111111111111117,0.44390226341902805,0.03591734937901303,0.18691008021618244,0.7554087437726847,0.06357122547402189,0.0009722222222222077,0.026384954776428174,0.492196393460353,0.10748188037755865,0.1170921116908098,0.0,0.9999999987499999,0.6054065742156238,0.30503065486779957,0.33688909121132715,0.4508822009472778,sad,04,20,20,female,strong,2303
110,3.6703333333333332,True,1.0,0.3659413498109075,0.40696291947990465,0.38645213464540606,0.5801378094105938,-0.061111111111111116,-0.05986111111111109,0.45653835806664683,0.10431923588526007,0.18482792506197773,0.6661385077418627,0.04102156966899717,0.0012500000000000289,0.028134052827568888,0.45659372793481495,0.11060546255769732,0.11464580552787336,0.0,0.9999999987499999,0.5976374195381279,0.3050734545453298,0.34316814262444056,0.4547844552495865,sad,04,20,20,female,strong,2303
120,4.0040000000000004,True,1.0,0.403709713418398,0.4509649991266496,0.4273373562725238,0.5521653042446895,-0.0631018518518518,-0.06263888888888891,0.4534196830605212,0.10346707360957005,0.1840779349313567,0.7739301129343528,0.047255285708251604,0.0004629629629628873,0.024478342388659608,0.4493994414367214,0.11129850472825767,0.11513730738030903,0.0,0.9999999987499999,0.5970058642910289,0.30516878815352017,0.3470084935623574,0.45413142835984704,sad,04,20,20,female,strong,2303
0,0.0,True,1.0,0.5494070732110277,0.5092818568323115,0.5293444650216697,0.7761180870839263,-0.0641666666666666,-0.06569444444444444,0.3227584059393781,0.3795945979796792,0.16695252381865447,0.6820411401705015,0.04012521637871613,0.00152777777777785,0.004389968902777954,0.31865331079630416,0.11879337694494466,0.11018962501744517,0.0,0.9999999987499999,0.5891611837234895,0.28685738936188965,0.2994745228261256,0.3927176750830185,sad,04,20,20,female,strong,2304
10,0.33366666666666667,True,1.0,0.5308758309368501,0.48692193842743015,0.5088988846821401,0.7287773104186185,-0.06574074074074077,-0.06694444444444447,0.3297684360238516,0.3559907526153275,0.16762348325143964,0.6982913400388692,0.043953892509419945,0.0012037037037037068,0.002293253931001941,0.33305361225200614,0.11927801158666027,0.11001174353013565,0.0,0.9999999987499999,0.5875360484428147,0.28605155650892033,0.30072336917256387,0.3893398972864145,sad,04,20,20,female,strong,2304
20,0.6673333333333333,True,1.0,0.5180980083097145,0.4873882595158846,0.5027431339127996,0.7020017478655302,-0.06509259259259254,-0.06689814814814815,0.32634305582233003,0.3593258131547216,0.1662826748745798,0.7161565273041186,0.030709748793829927,0.0018055555555556158,0.0032766483367473653,0.34899603925810335,0.11946091942367937,0.10929137500425387,0.0,0.9999999987499999,0.5970802776266757,0.2866021160069045,0.3017508013818191,0.3881300281422149,sad,04,20,20,female,strong,2304
30,1.0010000000000001,True,1.0,0.5884635383474249,0.5974499089253177,0.5929567236363713,0.7228886569061973,-0.06356481481481485,-0.06513888888888886,0.33932345716590306,0.34527225535133865,0.1627702080388177,0.8202601022598615,0.008986370577892755,0.0015740740740740056,0.006656104304042965,0.3155460787461837,0.11870394591827618,0.11011307435349942,0.0,0.9999999987499999,0.5994508936074431,0.28409290027658174,0.301658227068993,0.39876536985546424,sad,04,20,20,female,strong,2304
40,1.3346666666666667,True,1.0,0.5175492750432541,0.47975530276820627,0.4986522889057302,0.6130986080123276,-0.07189814814814804,-0.07212962962962965,0.3446670129158877,0.3057552752002384,0.16344797483760887,0.8133313016683668,0.03779397227504783,0.00023148148148161019,0.01908229284206576,0.38181669863186474,0.11778622762114387,0.11109419652918515,0.0,0.9999999987499999,0.5895424168886305,0.28675804196659876,0.2913668374100429,0.3805803560037083,sad,04,20,20,female,strong,2304
50,1.6683333333333334,True,1.0,0.47434905090992285,0.4853765434612047,0.4798627971855638,0.6132538193224567,-0.07509259259259254,-0.07601851851851854,0.38606538244583805,0.29152435552539807,0.1632995988143311,0.7824864388382159,0.011027492551281826,0.0009259259259259967,0.05522993111076561,0.3619485261615802,0.10479213998393902,0.11512045015313746,0.0,0.9999999987499999,0.6537542932876275,0.3009797364956175,0.2973892647020564,0.4377655630025387,sad,04,20,20,female,strong,2304
60,2.0020000000000002,True,1.0,0.4808008008306253,0.4839366379312612,0.4823687193809433,0.6608700205420919,-0.07893518518518516,-0.08055555555555555,0.3810380272401625,0.32154457078228066,0.17033652800298388,0.7298995330205336,0.003135837100635863,0.0016203703703703831,0.05806489117434707,0.3676808168063446,0.10086597646506121,0.11953572320588801,0.0,0.9999999987499999,0.6529194356101815,0.3022009517633054,0.29927933454304556,0.44028726295344833,sad,04,20,20,female,strong,2304
70,2.3356666666666666,True,1.0,0.3618952728070116,0.39693876716661874,0.3794170199868152,0.5767906367015968,-0.08634259259259258,-0.0834259259259259,0.4151982976186804,0.23234722412798625,0.17222620914999004,0.6578071761991986,0.03504349435960713,0.0029166666666666785,0.09390376354968938,0.3879611074613386,0.09841903876024534,0.11610724750719177,0.0,0.9999999987499999,0.6638639369341487,0.30613489946369005,0.3172241771129366,0.4421514104658561,sad,04,20,20,female,strong,2304
80,2.6693333333333333,True,1.0,0.5396048767873084,0.5518447303340137,0.545724803560661,0.5904235975008097,-0.08398148148148143,-0.08231481481481484,0.4203784334698968,0.21907114037354222,0.18760413774754536,0.9242936865508878,0.012239853546705315,0.0016666666666665941,0.05516948088763839,0.42062242630237473,0.1047097212098085,0.11781191828949995,0.0,0.9999999987499999,0.6348277090367398,0.3038707956042671,0.3250938965206441,0.44963736316344416,sad,04,20,20,female,strong,2304
90,3.003,True,1.0,0.4346477571829405,0.4663924178647178,0.45052008752382916,0.4791632635316462,-0.07810185185185192,-0.07856481481481475,0.4080009468568598,0.10330484716050028,0.19778003400832486,0.9402225124758019,0.03174466068177728,0.0004629629629628318,0.01846725794684271,0.511326673848581,0.10703215770945436,0.11847218294226705,0.0,0.9999999987499999,0.6004639090870724,0.30707176976350165,0.3214214323754127,0.4442843338474039,sad,04,20,20,female,strong,2304
100,3.336666666666667,True,1.0,0.40167982161109816,0.4290443042153507,0.4153620629132244,0.41609625368470504,-0.08208333333333329,-0.08254629629629628,0.4096501023009751,0.1430109943928067,0.18893775557162903,0.9982355265999656,0.02736448260425256,0.0004629629629629983,0.010541987749344017,0.5658741530232465,0.10354259216753647,0.11867856363217892,0.0,0.9999999987499999,0.6308908087219263,0.30926125702686563,0.32503709463960145,0.4535725864810645,sad,04,20,20,female,strong,2304
110,3.6703333333333332,True,1.0,0.461027449953262,0.41401831360025,0.437522881776756,0.43000638817433945,-0.08041666666666658,-0.08449074074074076,0.3814898651601062,0.20063438315118948,0.18426642021493544,1.0174799579939475,0.047009136353012015,0.004074074074074174,0.03917518751071187,0.5446750180213207,0.10538400954258861,0.11457888626969712,0.0,0.9999999987499999,0.6402654948541917,0.3121492707752723,0.322240286631287,0.43682521882532155,sad,04,20,20,female,strong,2304
0,0.0,True,1.0,0.5464294646340299,0.5390612736692464,0.5427453691516382,0.509309392755435,-0.06675925925925918,-0.06962962962962965,0.35369135855364825,0.23890891758020122,0.1769485632315414,1.0656496362953565,0.007368190964783472,0.0028703703703704675,0.022551490496710475,0.5019522693989356,0.1153767265811279,0.11509414585842576,0.0,0.9999999987499999,0.5873061314135029,0.2817475524587709,0.3257623767233802,0.4206588401973771,sad,04,20,20,female,strong,2305
10,0.33366666666666667,True,1.0,0.531368718719516,0.5272000756387987,0.5292843971791573,0.534987443964391,-0.06699074074074085,-0.07046296296296295,0.35810319050201056,0.24443944833842834,0.1758511360132701,0.9893398492813725,0.004168643080717294,0.003472222222222099,0.01825782857624009,0.47364304892651865,0.11654531563153221,0.11357567062008278,0.0,0.9999999987499999,0.5909931730113921,0.28037888919221676,0.32580788880807776,0.4103561861516571,sad,04,20,20,female,strong,2305
20,0.6673333333333333,True,1.0,0.4841839669422612,0.49723855149976043,0.4907112592210108,0.5467507042547577,-0.07476851851851857,-0.07694444444444448,0.3665289024220456,0.2807314354029329,0.1767777396196119,0.8975045764044678,0.01305458455749925,0.0021759259259259145,0.02353976964173609,0.4743187200147628,0.10558222208636354,0.11588546307909714,0.0,0.9999999987499999,0.6289421114070629,0.30743415737394075,0.309033835640097,0.4342722974306251,sad,04,20,20,female,strong,2305
30,1.0010000000000001,True,1.0,0.5161421019971605,0.48620904054977887,0.5011755712734697,0.5748223863119734,-0.07532407407407404,-0.07763888888888887,0.39836089949943615,0.21880341880341922,0.1738477770570381,0.8718790068163188,0.029933061447381615,0.002314814814814825,0.025335220665567093,0.4125860566426879,0.10918280585290323,0.11534265554934112,0.0,0.9999999987499999,0.5993683748108619,0.2928777074807575,0.3123820763852621,0.37146012508992643,sad,04,20,20,female,strong,2305
40,1.3346666666666667,True,1.0,0.38843068624318045,0.4204486132985156,0.404439649770848,0.9113037249789504,-0.08439814814814817,-0.08777777777777779,0.3918549630625034,0.41191752702145795,0.16393543451705936,0.4438033541234454,0.03201792705533518,0.0033796296296296213,0.039757565016975936,0.2874012063056973,0.09773543007162701,0.11749683213025466,0.0,0.9999999987499999,0.6638035282003427,0.305121709542135,0.3053661602256157,0.4333727297240032,sad,04,20,20,female,strong,2305
50,1.6683333333333334,True,1.0,0.3755398275347453,0.3867328415159022,0.38113633452532375,0.5103042052640738,-0.08180555555555552,-0.08060185185185176,0.41738852670385174,0.27256908237691213,0.16202530752850552,0.7468806460806885,0.011193013981156907,0.0012037037037037623,0.06060526726731057,0.471368151194804,0.11695130080013831,0.11382904982459859,0.0,0.9999999987499999,0.5903560500919117,0.2861009161658087,0.3334772346192173,0.3906688849692017,sad,04,20,20,female,strong,2305
60,2.0020000000000002,True,1.0,0.2993185584216571,0.34602852451702026,0.3226735414693387,0.5762586860851642,-0.08171296296296293,-0.08277777777777767,0.46178095054599366,0.2569889942708837,0.16666849771129602,0.5599456446573221,0.046709966095363153,0.0010648148148147407,0.05193084895622095,0.41576216766089125,0.09365983844780006,0.11821967413372592,0.0,0.9999999987499999,0.6678274113239046,0.3040789137261873,0.3132331045676225,0.4475295342347291,sad,04,20,20,female,strong,2305
70,2.3356666666666666,True,1.0,0.4341614469565981,0.43792792438682987,0.43604468567171395,0.4379313502559962,-0.07879629629629631,-0.08337962962962964,0.4422690933835674,0.27856797618117307,0.16252114936303705,0.9956918713785177,0.003766477430231785,0.004583333333333328,0.031205673990843896,0.5661567852034105,0.10193197828621395,0.11878850988528752,0.0,0.9999999987499999,0.6436520068652462,0.30905859477349024,0.3134210537433067,0.44295774454606346,sad,04,20,20,female,strong,2305
80,2.6693333333333333,True,1.0,0.46049675660880046,0.46388062624233545,0.46218869142556795,0.6054986535221264,-0.08180555555555563,-0.08694444444444444,0.39187301129001134,0.3851914395691252,0.17009337631768293,0.7633191068833293,0.003383869633534986,0.005138888888888804,0.008719644487157074,0.38608076076531567,0.11755108948933818,0.11404788660946778,0.0,0.9999999987499999,0.5757720725243223,0.2864747943418799,0.3387855911772206,0.39833515148279824,sad,04,20,20,female,strong,2305
90,3.003,True,1.0,0.5004721255024048,0.5028216082137831,0.501646866858094,0.5340682010067754,-0.07245370370370369,-0.07537037037037042,0.4472438148994827,0.13648409581284213,0.19808659269170656,0.9392936443556015,0.002349482711378248,0.002916666666666734,0.008479065665169826,0.4796555477052716,0.10613467654954914,0.11943649063977341,0.0,0.9999999987499999,0.5941571678280687,0.3062174737947433,0.3302200103745192,0.44793874492640434,sad,04,20,20,female,strong,2305
100,3.336666666666667,True,1.0,0.4396459872701554,0.4563678534775869,0.44800692037387113,0.48836494777738787,-0.07194444444444442,-0.07365740740740734,0.4536927252622989,0.0893266450636979,0.19375157509440405,0.9173609252932846,0.01672186620743149,0.0017129629629629162,0.0017929873523178609,0.5075741843879322,0.11609144446037074,0.11717079447958233,0.0,0.9999999987499999,0.5629100424857443,0.2741381211512598,0.35627859282758934,0.4259410844326835,sad,04,20,20,female,strong,2305
110,3.6703333333333332,True,1.0,0.4754005644695963,0.4439779680447413,0.45968926625716877,0.517544217901022,-0.07629629629629636,-0.07888888888888884,0.42406174910412103,0.15524791568825214,0.18622954539869055,0.8882125436962804,0.031422596424854954,0.0025925925925924798,0.010797900857714324,0.5061999509654012,0.11850465114985712,0.11305674122563013,0.0,0.9999999987499999,0.5700841985387906,0.2814095823853937,0.351575122827716,0.41361599540504046,sad,04,20,20,female,strong,2305
0,0.0,True,1.0,0.6720833513507514,0.6722639425248264,0.6721736469377888,0.7449369423516915,-0.06365740740740738,-0.05861111111111117,0.3186784141624948,0.46373245679337516,0.15445145430235066,0.9023228795927394,0.00018059117407498437,0.0050462962962962155,0.057457986600737365,0.3378531339714216,0.1172341986421818,0.11047592930486395,0.0,0.9999999987499999,0.6113171723689476,0.2816255420699516,0.30016494968365864,0.3933961090578917,angry,05,20,20,female,normal,2306
10,0.33366666666666667,True,1.0,0.6626663330009223,0.6936474806409622,0.6781569068209422,0.7189953009400462,-0.0639351851851852,-0.05935185185185188,0.32271948438817166,0.46564011594694954,0.15581479345151458,0.943200749621437,0.030981147640039897,0.004583333333333328,0.05843319203401799,0.3574916140451577,0.11722319713894797,0.11065990370057156,0.0,0.9999999987499999,0.6114264045930873,0.2813863022787923,0.30079858593498227,0.39012277149512803,angry,05,20,20,female,normal,2306
20,0.6673333333333333,True,1.0,0.6826421946105357,0.6860259863017413,0.6843340904561385,0.7421581753125917,-0.06365740740740738,-0.05925925925925912,0.3203473798310637,0.4698317151688616,0.1545008431212387,0.9220865756385448,0.0033837916912056176,0.004398148148148262,0.05954519619880073,0.33744304927142577,0.11879356621376819,0.10879741225538558,0.0,0.9999999987499999,0.6097828638408489,0.2812091760252191,0.3033461128301903,0.3920798443024487,angry,05,20,20,female,normal,2306
30,1.0010000000000001,True,1.0,0.4067846083984736,0.41341887231463675,0.41010174035655517,0.9363405586400968,-0.09412037037037041,-0.09555555555555556,0.35939372833726363,0.5627523222245467,0.17242612629151752,0.43798352701090976,0.0066342639161631745,0.0014351851851851505,0.036861470366616876,0.271440389885971,0.08863584621313052,0.11429240558579964,0.0,0.9999999987499999,0.6874294827227766,0.3016085494584853,0.2547728519749237,0.3944802241933946,angry,05,20,20,female,normal,2306
40,1.3346666666666667,True,1.0,0.3521298330712177,0.35780346059316454,0.35496664683219115,1.144252850988246,-0.07574074074074078,-0.07157407407407412,0.309397886724124,0.70495514799562,0.14197652999508203,0.3102169651800478,0.0056736275219468335,0.004166666666666652,0.08861988843640982,0.23576945547994216,0.09166779732146375,0.1140676705321219,0.0,0.9999999987499999,0.6932309893723115,0.297833354676002,0.25851146446673856,0.4037568692807598,angry,05,20,20,female,normal,2306
50,1.6683333333333334,True,1.0,0.5298765095730391,0.5241367418018404,0.5270066256874397,0.6454212085174776,-0.07194444444444442,-0.06541666666666662,0.33115317066531225,0.4625660066950198,0.13399316915179024,0.8165313112315686,0.005739767771198667,0.006527777777777799,0.11575310960027795,0.37526775166880433,0.10263133812453121,0.11590595949843918,0.0,0.9999999987499999,0.6771563066085808,0.29991105091909015,0.2764865683494362,0.40841021463760946,angry,05,20,20,female,normal,2306
60,2.0020000000000002,True,1.0,0.5447980254421342,0.5430491481388215,0.5439235867904779,0.7771393683548551,-0.07023148148148145,-0.06337962962962973,0.32735265942180514,0.5333333333333338,0.13810292615614853,0.6999048162261072,0.0017488773033126348,0.00685185185185172,0.11009930208458708,0.3565674478611766,0.11714281709235934,0.11091689044339423,0.0,0.9999999987499999,0.6078902898268682,0.2817865301595655,0.3042670691802653,0.38155855930876165,angry,05,20,20,female,normal,2306
70,2.3356666666666666,True,1.0,0.5935722999988294,0.5918862585994178,0.5927292792991237,0.8330164087266979,-0.07018518518518524,-0.061435185185185204,0.3208977902764196,0.5293730158143682,0.1450707835043379,0.7115457427845105,0.0016860413994116419,0.008750000000000036,0.12433317709628496,0.3023959096396012,0.11759599951141401,0.11043630327527593,0.0,0.9999999987499999,0.6021053612538766,0.2828458419066857,0.30817865262923727,0.3803583764139902,angry,05,20,20,female,normal,2306
80,2.6693333333333333,True,1.0,0.6269356319583439,0.6200488343349139,0.6234922331466288,0.7405843876277904,-0.06814814814814818,-0.059814814814814876,0.3245437497805865,0.48266363206604035,0.14910031112569078,0.841892218581293,0.00688679762343003,0.008333333333333304,0.11857446702218226,0.3299107370476215,0.11943047982422456,0.10897554089791944,0.0,0.9999999987499999,0.603171758086047,0.28448190282237823,0.31313885848010165,0.38176250344901513,angry,05,20,20,female,normal,2306
90,3.003,True,1.0,0.6028932684819132,0.5935619307457146,0.5982275996138139,0.7219791212590564,-0.06555555555555553,-0.057870370370370405,0.31971968675494045,0.4899859168880332,0.1487815885289239,0.8285940437869828,0.009331337736198542,0.007685185185185128,0.12041102636118971,0.3493300571645121,0.10188414530847388,0.11458514989873246,0.0,0.9999999987499999,0.6553793237138605,0.3031996290820765,0.2826789117518409,0.42947348743072916,angry,05,20,20,female,normal,2306
0,0.0,True,1.0,0.5308164026562686,0.5087620127559758,0.5197892077061221,0.4448806576337705,-0.06254629629629627,-0.05916666666666659,0.3411638401041569,0.36865136944897486,0.1614898381094629,1.1683789771188862,0.022054389900292848,0.003379629629629677,0.04348151194548104,0.5450094323202133,0.11985818783886244,0.1078003109595788,0.0,0.9999999987499999,0.5936301817836509,0.2867399640792846,0.28523129200463354,0.3691767791208349,angry,05,20,20,female,normal,2307
10,0.33366666666666667,True,1.0,0.5627302390910256,0.510373161210537,0.5365517001507814,0.5155137901125227,-0.062083333333333324,-0.059444444444444355,0.33452065438524103,0.3748917709470455,0.16023440885881868,1.0408095970306956,0.0523570778804886,0.0026388888888889683,0.040854218419227935,0.4947995352477605,0.12134022930481275,0.10861351781777157,0.0,0.9999999987499999,0.5875925980626625,0.2881275503370942,0.29092455691414715,0.3727631669472634,angry,05,20,20,female,normal,2307
20,0.6673333333333333,True,1.0,0.21966902970955096,0.20105021880378957,0.21035962425667026,0.5163843868880273,-0.0767129629629631,-0.07324074074074066,0.33400899134340595,0.3755248860512573,0.16011628269935588,0.407370225742872,0.018618810905761396,0.003472222222222432,0.034760560281221486,0.48601229847957844,0.11888687495676808,0.1112935688323488,0.0,0.9999999987499999,0.5881550185855592,0.2857408119338433,0.2792789761313889,0.3615930828907082,angry,05,20,20,female,normal,2307
30,1.0010000000000001,True,1.0,0.24991955890990397,0.2332651205006958,0.2415923397052999,0.9953950638723815,-0.0826851851851852,-0.07884259259259263,0.30094446829048005,0.5503286380548348,0.16222936512914193,0.2427100037701957,0.01665443840920816,0.003842592592592564,0.05262442708999747,0.2760977425365348,0.11627995586917997,0.11317596752512094,0.0,0.9999999987499999,0.6026114524403512,0.2804006752300118,0.27795067642077936,0.38070483129963056,angry,05,20,20,female,normal,2307
40,1.3346666666666667,True,1.0,0.17777777777777692,0.22283034648073058,0.20030406212925375,0.7517247354583403,-0.08689814814814811,-0.08597222222222234,0.4020383346610903,0.3826094881240466,0.15376952437423347,0.2664593203882332,0.045052568702953655,0.0009259259259257746,0.051744870174467224,0.3098086493670791,0.09663673852277123,0.11363998478024545,0.0,0.9999999987499999,0.6641825705203956,0.3039762930227687,0.27461902686180373,0.4033723371653197,angry,05,20,20,female,normal,2307
50,1.6683333333333334,True,1.0,0.5423217643313467,0.5124722733398575,0.5273970188356021,1.7329844623037596,-0.07273148148148145,-0.06768518518518524,0.2696630737348364,1.019560010142498,0.14353473822343893,0.30432876364886835,0.029849490991489258,0.0050462962962962155,0.062461575571637014,0.1779760721511488,0.10155768109069149,0.11701078741583522,0.0,0.9999999987499999,0.6640645427311549,0.3045531725663241,0.28626750750869606,0.4294989419918834,angry,05,20,20,female,normal,2307
60,2.0020000000000002,True,1.0,0.5585199711895026,0.5904178639531413,0.574468917571322,0.8353686739210944,-0.07351851851851848,-0.07208333333333333,0.34678730683458386,0.5036593895954636,0.15121198889777146,0.6876830979007768,0.03189789276363875,0.0014351851851851505,0.0577628794191327,0.2902076297832464,0.09646601799886399,0.11344956963230372,0.0,0.9999999987499999,0.6818161563687976,0.29533928800226855,0.2672801336821874,0.39868823417334914,angry,05,20,20,female,normal,2307
70,2.3356666666666666,True,1.0,0.5925587502319385,0.5953686127730391,0.5939636815024888,1.0165384794043657,-0.06930555555555556,-0.06333333333333346,0.30394282443488935,0.6045665272499436,0.15549906355782697,0.584300243951924,0.002809862541100605,0.005972222222222101,0.09264438888798057,0.25595253140448765,0.10749575439678918,0.11544063643652334,0.0,0.9999999987499999,0.6449957914884705,0.30187772041426086,0.2875869413349687,0.4163844458881501,angry,05,20,20,female,normal,2307
80,2.6693333333333333,True,1.0,0.6597820380148397,0.6333197199129122,0.646550878963876,1.0523598535181478,-0.06921296296296298,-0.06287037037037041,0.3183078820872395,0.6032589175022649,0.14757838642229917,0.6143819310499061,0.02646231810192745,0.006342592592592566,0.08299520476018726,0.23846841418170187,0.10314650207766646,0.11643369704441979,0.0,0.9999999987499999,0.661982537952681,0.3026258887056518,0.28835185530825935,0.4159772687805542,angry,05,20,20,female,normal,2307
90,3.003,True,1.0,0.6123954167418042,0.6214056623358237,0.616900539538814,0.8636205475740817,-0.06837962962962962,-0.06245370370370379,0.3273265902178389,0.5467248581488725,0.15043010194154532,0.7143189694498278,0.009010245594019528,0.0059259259259258346,0.07803162711674926,0.30247752273051365,0.10620851698599908,0.11331173691654028,0.0,0.9999999987499999,0.6537418395639506,0.30142575908841573,0.2835548963137757,0.41861781575230333,angry,05,20,20,female,normal,2307
100,3.336666666666667,True,1.0,0.6352764397935682,0.6389719513172802,0.6371241955554242,0.820866316891003,-0.06851851851851859,-0.06263888888888891,0.3185314082572315,0.5512497084980552,0.1491499373220398,0.7761607248894139,0.0036955115237120584,0.005879629629629679,0.08594334356612876,0.2976022983705225,0.12099703480691198,0.1079418425974646,0.0,0.9999999987499999,0.610596033108556,0.2799414866055582,0.3040713645944803,0.37495413392449206,angry,05,20,20,female,normal,2307
110,3.6703333333333332,True,1.0,0.6218724031026044,0.6213567451150352,0.6216145741088198,0.7816309905152827,-0.06828703703703698,-0.06134259259259256,0.32055655297064917,0.5150461600091707,0.14925220729119346,0.7952788229379523,0.0005156579875691403,0.00694444444444442,0.08709982543757744,0.3099848443126484,0.12026998999781698,0.10892638463064722,0.0,0.9999999987499999,0.6087337764168167,0.28002980198971994,0.30409072569257856,0.37926936938128447,angry,05,20,20,female,normal,2307
0,0.0,True,1.0,0.5978021301641825,0.5300985241691256,0.563950327166654,0.6151212209362801,-0.0637962962962964,-0.06643518518518515,0.31759878378781753,0.4651942532585378,0.1474873712229608,0.9168116916991769,0.06770360599505687,0.0026388888888887463,0.002157173653981609,0.34190614033541655,0.11410760164307059,0.1104729312123379,0.0,0.9999999987499999,0.604037892172494,0.2880744625268558,0.284434019683919,0.3605605294209361,angry,05,20,20,female,normal,2308
10,0.33366666666666667,True,1.0,0.5882368323466076,0.5297215798169564,0.558979206081782,0.5913433498957097,-0.06277777777777771,-0.06587962962962962,0.3297745710029813,0.4126103203483154,0.14684267522542993,0.9452701314394835,0.058515252529651174,0.003101851851851911,3.5788099161098214e-05,0.3703891451053623,0.11568976333263835,0.1088149435683902,0.0,0.9999999987499999,0.6040633240171068,0.2884301436026004,0.2890927675063823,0.36214958266644753,angry,05,20,20,female,normal,2308
20,0.6673333333333333,True,1.0,0.504667818539511,0.4881789200776372,0.4964233693085741,0.5377778617193678,-0.06277777777777777,-0.06430555555555556,0.35562905155246743,0.3783157592443664,0.14491766334850492,0.9231011624789159,0.016488898461873847,0.0015277777777777946,0.003768082608376098,0.40536009493033837,0.11639198535447516,0.10859111783104318,0.0,0.9999999987499999,0.6068490184198679,0.289448574013504,0.29433652194143173,0.36419082161244404,angry,05,20,20,female,normal,2308
30,1.0010000000000001,True,1.0,0.19095650576387063,0.17281209537013015,0.1818843005670004,0.6663047313133733,-0.07064814814814818,-0.07101851851851854,0.32984259833143476,0.46745386677099493,0.14982362904025992,0.27297464961487333,0.018144410393740484,0.00037037037037035425,0.01910371131341917,0.3668259301267905,0.11116312569963512,0.11191352572363857,0.0,0.9999999987499999,0.6001881602953681,0.29275576783984103,0.2615277541220497,0.33113597828322505,angry,05,20,20,female,normal,2308
40,1.3346666666666667,True,1.0,0.3446860642432196,0.3379473721100845,0.3413167181766521,1.3701408412168166,-0.07078703703703709,-0.07115740740740739,0.33059707448814374,0.7460662552259566,0.14718777875430672,0.24911068111328621,0.006738692133135105,0.00037037037037029874,0.0486773958111911,0.20939113631534428,0.09489090693970545,0.11510178605409885,0.0,0.9999999987499999,0.6841792510832457,0.30122179286289125,0.2889398669999972,0.4400502363925422,angry,05,20,20,female,normal,2308
50,1.6683333333333334,True,1.0,0.33509703655886214,0.3580607340343437,0.3465788852966029,0.8607229489960961,-0.06560185185185191,-0.06254629629629627,0.3761106174018466,0.5010107094228686,0.13655278865562118,0.40266021220978837,0.022963697475481548,0.0030555555555556446,0.05684884391128217,0.3197141264574363,0.11887107746426921,0.11368143959441536,0.0,0.9999999987499999,0.5935891216252125,0.2903978067960321,0.32592034352486127,0.39190956609910954,angry,05,20,20,female,normal,2308
60,2.0020000000000002,True,1.0,0.32396971776558847,0.31178944483698945,0.31787958130128896,0.5211149914593667,-0.07574074074074066,-0.07268518518518519,0.3617082471843271,0.4837344628943756,0.1251013526220038,0.6099989186860214,0.012180272928599023,0.003055555555555478,0.09221045449947717,0.4822978618859718,0.11765670360905246,0.11309977647441785,0.0,0.9999999987499999,0.593718879755027,0.28926780077642755,0.2901151583460269,0.35102667949249977,angry,05,20,20,female,normal,2308
70,2.3356666666666666,True,1.0,0.41674871721498186,0.4043297504669654,0.4105392338409736,0.6516389647282566,-0.08004629629629634,-0.07101851851851854,0.33469427396260465,0.4153234202863744,0.16771831320411196,0.6300102603781141,0.012418966748016458,0.009027777777777801,0.11403140711727208,0.38004220262650007,0.11525339459083947,0.11152048976198858,0.0,0.9999999987499999,0.6065981975602742,0.2877158563960254,0.289958839394776,0.3561579918441225,angry,05,20,20,female,normal,2308
80,2.6693333333333333,True,1.0,0.42857142857142766,0.43282338306656565,0.4306974058189966,0.548692066267793,-0.06874999999999998,-0.06828703703703692,0.3607529107629234,0.44114117817829285,0.13474996833815753,0.7849528584377083,0.004251954495137988,0.00046296296296305384,0.010944923077563472,0.47111145779788005,0.11786344222395302,0.11422652892296425,0.0,0.9999999987499999,0.6084329947760355,0.28548759262365353,0.30560504276340983,0.37304408302410996,angry,05,20,20,female,normal,2308
90,3.003,True,1.0,0.46446549529787656,0.5122410546139354,0.48835327495590597,0.425794360231091,-0.0652314814814815,-0.0696296296296296,0.36056874007333084,0.3950617283950617,0.13686131235643878,1.1469228354524528,0.04777555931605887,0.0043981481481480955,0.014448272572407972,0.5419734320670332,0.11986699039197389,0.11364123840070625,0.0,0.9999999987499999,0.6096367760932498,0.27983585072273964,0.31206035217835926,0.3864155779388234,angry,05,20,20,female,normal,2308
100,3.336666666666667,True,1.0,0.548291463426008,0.5564293160490892,0.5523603897375486,0.49410732325830337,-0.064074074074074,-0.06847222222222221,0.3327814674974357,0.41969622953099794,0.14309874770398678,1.1178955739718766,0.008137852623081199,0.0043981481481482065,0.032513688720848005,0.4684207573636789,0.12178556610424285,0.11072570885698846,0.0,0.9999999987499999,0.6047760789784664,0.283413184619149,0.31446494664171454,0.39239785417152756,angry,05,20,20,female,normal,2308
0,0.0,True,1.0,0.5512763480757827,0.5326869542573952,0.5419816511665889,0.7224843647540073,-0.061435185185185204,-0.06486111111111115,0.3544516793664694,0.40823865800469256,0.15071266950884474,0.750163847976314,0.018589393818387534,0.0034259259259259434,0.03225207859622996,0.3571681584231546,0.1170349491122039,0.1142444391255073,0.0,0.9999999987499999,0.6066353371583009,0.2855708059277368,0.304185985322784,0.3882102049632424,angry,05,20,20,female,normal,2309
10,0.33366666666666667,True,1.0,0.4448599607610516,0.46814793158036344,0.45650394617070755,0.7342569444100991,-0.06300925925925932,-0.06717592592592592,0.38579671215050365,0.4161602218032723,0.1411025907625803,0.6217223407229224,0.023287970819311832,0.004166666666666596,0.05319938623975022,0.3479584675887141,0.11114693290972269,0.11021432567696678,0.0,0.9999999987499999,0.6283803393935699,0.2846652175221011,0.2907742457458896,0.39131260886378433,angry,05,20,20,female,normal,2309
20,0.6673333333333333,True,1.0,0.5607647625611821,0.6829684168705097,0.621866589715846,0.737578153811404,-0.06064814814814817,-0.06324074074074071,0.4024463785431202,0.40956570655139546,0.13443421015743343,0.8431195887545971,0.12220365430932756,0.0025925925925925353,0.029618414799448115,0.34129800078096045,0.11017461773275629,0.11015338488658562,0.0,0.9999999987499999,0.624545302589786,0.2918195014155093,0.3019656703160074,0.3830220564431564,angry,05,20,20,female,normal,2309
30,1.0010000000000001,True,1.0,0.16558119976823457,0.1753914123100537,0.17048630603914414,0.5882097795214171,-0.07287037037037036,-0.07657407407407407,0.4411419773442671,0.33641818092568637,0.13206677928205635,0.2898392919918065,0.00981021254181913,0.003703703703703709,0.040364936304515105,0.44890713608112837,0.1100747628947849,0.11515544123816424,0.0,0.9999999987499999,0.6139760653245674,0.2874067858683479,0.3006418411459081,0.381495789391304,angry,05,20,20,female,normal,2309
40,1.3346666666666667,True,1.0,0.20645186546896593,0.23340989156357506,0.2199308785162705,0.9615100513351659,-0.08152777777777775,-0.08407407407407413,0.37705989712533833,0.5518098549701344,0.14032961115427522,0.22873487199730413,0.026958026094609122,0.0025462962962963798,0.032947302925769924,0.2885723849440779,0.10008003517292788,0.11534124355338993,0.0,0.9999999987499999,0.6766167634866447,0.3044788738013112,0.29441169336642214,0.43042699010697966,angry,05,20,20,female,normal,2309
50,1.6683333333333334,True,1.0,0.1794106620513945,0.20826209480730387,0.1938363784293492,0.6625807648983717,-0.08148148148148143,-0.08379629629629631,0.4226101519476023,0.36897689597799155,0.14076641659086908,0.292547548462383,0.028851432755909373,0.0023148148148148806,0.03235632276613521,0.390746684049124,0.12020897524126017,0.112095945911686,0.0,0.9999999987499999,0.6073881120104291,0.2865836042596312,0.32449372544773836,0.39104863259387274,angry,05,20,20,female,normal,2309
60,2.0020000000000002,True,1.0,0.15427931472591233,0.148796002601055,0.15153765866348368,0.7773264140377405,-0.08009259259259266,-0.08226851851851846,0.4452254683195756,0.4315728577180567,0.1319496483919859,0.19494726530176326,0.005483312124857337,0.0021759259259258035,0.027200124673466084,0.34943562040982307,0.09796141745408264,0.11811773905568178,0.0,0.9999999987499999,0.6680331603109992,0.30845239824383613,0.29554611651965085,0.4474115976111611,angry,05,20,20,female,normal,2309
70,2.3356666666666666,True,1.0,0.4064696823868292,0.3984674329501911,0.40246855766851014,0.573982270253719,-0.06555555555555548,-0.0692592592592593,0.39195170851123323,0.4479440069991248,0.1364073075829952,0.7011863929013101,0.008002249436638076,0.00370370370370382,0.017786400422792982,0.4122686086054896,0.10147759974547337,0.11626376895875523,0.0,0.9999999987499999,0.6635069087869523,0.30866880295724547,0.28346691931353285,0.41984244351177297,angry,05,20,20,female,normal,2309
80,2.6693333333333333,True,1.0,0.27907815282571874,0.3139438196044563,0.29651098621508754,1.0529085430711256,-0.07148148148148142,-0.07564814814814813,0.3427258618968304,0.7307499589971242,0.11610109195749625,0.28161134047808534,0.034865666778737536,0.004166666666666707,0.013989149405684336,0.2355479716729345,0.12063325488266549,0.11146843807697676,0.0,0.9999999987499999,0.6036574657831882,0.2878146769565964,0.3042410143800417,0.3629711828034621,angry,05,20,20,female,normal,2309
90,3.003,True,1.0,0.5529011241303419,0.5867738666403305,0.5698374953853362,0.9042778390235139,-0.06175925925925918,-0.06763888888888892,0.3428139901706386,0.5469001441337129,0.14656994671362358,0.630157536538412,0.03387274250998862,0.0058796296296297346,0.03855800732372807,0.30046060865815605,0.11962841075614157,0.11101217358035316,0.0,0.9999999987499999,0.5978380753551421,0.284760505571509,0.314057120873436,0.3913635073322887,angry,05,20,20,female,normal,2309
100,3.336666666666667,True,1.0,0.6087111978913747,0.5985851378252176,0.6036481678582961,0.8664687400153307,-0.062037037037036946,-0.0668981481481482,0.3436247862540086,0.5038901481753912,0.1514070303621164,0.6966762215191001,0.010126060066157128,0.00486111111111126,0.03996136502392539,0.28852743146345583,0.12079976362078067,0.11025601251104232,0.0,0.9999999987499999,0.5925998118309824,0.28810802796660784,0.31894461485094683,0.39489910896781283,angry,05,20,20,female,normal,2309
110,3.6703333333333332,True,1.0,0.6065506827072075,0.5840209538570833,0.5952858182821454,0.8224476274360315,-0.06050925925925926,-0.06564814814814812,0.34204146302462396,0.5056484940159763,0.15349011746001656,0.7237978424692406,0.022529728850124164,0.0051388888888888595,0.03535543912405457,0.3372194834878831,0.12073688302066882,0.10858423821494488,0.0,0.9999999987499999,0.5991115692448854,0.2845073846118836,0.3162169528594007,0.4016057988568678,angry,05,20,20,female,normal,2309
0,0.0,True,1.0,0.6898042864526678,0.6969870522907291,0.6933956693716985,1.0011024855201809,-0.057499999999999996,-0.061990740740740846,0.31400818626477284,0.47256928257964087,0.1707259891071129,0.6926320525629347,0.007182765838061322,0.004490740740740851,0.017910035902795655,0.27234569433339084,0.10938604329162895,0.11179189534480735,0.0,0.9999999987499999,0.5931637780580982,0.31373497115621607,0.29576254523235945,0.41243238331285303,angry,05,20,20,female,strong,2310
10,0.33366666666666667,True,1.0,0.6733967681540557,0.666000309604815,0.6696985388794354,1.0475653096359703,-0.059166666666666645,-0.060740740740740706,0.34808527865949024,0.48324293367177995,0.17169068597448905,0.6392904888308646,0.007396458549240648,0.001574074074074061,0.014902120612165103,0.2789115059143471,0.1102408474062938,0.11094904188651618,0.0,0.9999999987499999,0.5933621587775736,0.31340705218153525,0.30388220377864544,0.4156138308882808,angry,05,20,20,female,strong,2310
20,0.6673333333333333,True,1.0,0.6432915527921512,0.638838425701108,0.6410649892466296,1.10013778395219,-0.057592592592592584,-0.060787037037037084,0.3395862633592446,0.5093801188000119,0.1723020088480875,0.5827133642693697,0.004453127091043174,0.0031944444444444997,0.021025079096454787,0.26247425125827484,0.10981460832087728,0.11171255089280331,0.0,0.9276035515524296,0.5839610925698404,0.3164602233711391,0.30711779255933547,0.41564631013913816,angry,05,20,20,female,strong,2310
30,1.0010000000000001,True,1.0,0.7362733106861278,0.7466073208162819,0.7414403157512048,0.8275976190196852,-0.0641666666666667,-0.07087962962962963,0.4139599715612213,0.3744848275176487,0.18926416156146017,0.895894694126191,0.010334010130154114,0.006712962962962921,0.013387960415473884,0.313466629345745,0.11120594992522236,0.11406342873205774,0.0,0.9999999987499999,0.5863449979132278,0.3113955373754177,0.3260522024745432,0.4235976978925258,angry,05,20,20,female,strong,2310
40,1.3346666666666667,True,1.0,0.6432055204943303,0.6230358024185856,0.633120661456458,0.7448219789654935,-0.06958333333333333,-0.07611111111111118,0.4021271105094429,0.31975377386178894,0.19240192419523194,0.8500295095155744,0.020169718075744747,0.0065277777777778545,0.010119106105721006,0.3520233151473749,0.11250307550683741,0.11056643142038332,0.0,0.9914514695193378,0.5786685103807149,0.31515135124316446,0.3302733436767893,0.422194654657743,angry,05,20,20,female,strong,2310
50,1.6683333333333334,True,1.0,0.6459481480864434,0.5692290004419862,0.6075885742642149,1.4446589641656675,-0.07393518518518521,-0.07708333333333334,0.3262557617358401,0.7220987636711188,0.1699013419728388,0.4205757824754958,0.0767191476444572,0.003148148148148122,0.028950258246292524,0.20117090240886448,0.10613449840596528,0.11405122902435882,0.0,0.9999999987499999,0.6126269460596739,0.31667491158403904,0.28560190478161446,0.3910131597372477,angry,05,20,20,female,strong,2310
60,2.0020000000000002,True,1.0,0.7584522412475647,0.6120345259087374,0.6852433835781511,0.9972878707641851,-0.08356481481481476,-0.08300925925925923,0.36267458877103737,0.6192435505078439,0.17467037960783638,0.6871069063068762,0.1464177153388273,0.0005555555555555314,0.019165220796198486,0.24755163398561283,0.104433143703628,0.10916951535898091,0.0,0.9999999987499999,0.6284114867431347,0.3125856920785807,0.2928423142261105,0.39798947890973574,angry,05,20,20,female,strong,2310
70,2.3356666666666666,True,1.0,0.8950916557731345,0.7435707976234595,0.819331226698297,1.326658477951244,-0.09222222222222226,-0.08879629629629632,0.3442259261057833,0.7890246515923174,0.1720448664311059,0.6175901637952735,0.1515208581496751,0.0034259259259259434,0.03443329073615302,0.17942670873110253,0.10516020287989385,0.11003877428349117,0.0,0.9999999987499999,0.6358031866105818,0.3101492369133033,0.29643843146517324,0.4082161517137254,angry,05,20,20,female,strong,2310
80,2.6693333333333333,True,1.0,0.7766072766279325,0.6700320791683427,0.7233196778981377,1.3710950795235903,-0.09648148148148145,-0.0925925925925925,0.2939001633600944,0.8808804694265291,0.18077619585865062,0.5275488831521933,0.10657519745958977,0.0038888888888889417,0.04095730942329161,0.20271950872446615,0.10525087495800686,0.11235171872802968,0.0,0.9999999987499999,0.6258818973839536,0.30525633053760726,0.2816762171098666,0.3871688214960363,angry,05,20,20,female,strong,2310
90,3.003,True,1.0,0.7190840081545687,0.7078835066928142,0.7134837574236914,1.56459879096941,-0.08240740740740732,-0.08537037037037037,0.3095750682154391,0.7651729772093125,0.19869382094948734,0.4560170706648852,0.011200501461754553,0.002962962962963056,0.0277931472575624,0.17379397318444148,0.11203210679350087,0.11035519477055424,0.0,0.9999999987499999,0.5747699448294942,0.30379953277556837,0.3008730004581902,0.4053862834147392,angry,05,20,20,female,strong,2310
100,3.336666666666667,True,1.0,0.6700448863615396,0.6508203230954427,0.6604326047284912,0.5864618926108685,-0.07907407407407407,-0.08416666666666661,0.3353662610369938,0.39586684214588813,0.19812972530127845,1.1261304665309328,0.019224563266096895,0.0050925925925925375,0.027261434032270417,0.40004878554888723,0.11995073539886385,0.10769732268012132,0.0,0.9999999987499999,0.5622451668714361,0.2986216045020431,0.3203858675632506,0.4101815089376811,angry,05,20,20,female,strong,2310
110,3.6703333333333332,True,1.0,0.7040426389405793,0.6878696925020314,0.6959561657213054,0.5076709884193692,-0.07874999999999988,-0.08365740740740746,0.33581371118403147,0.37822536934677736,0.19985045033996057,1.3708803173649158,0.01617294643854783,0.004907407407407582,0.026342352443826916,0.4827909943882029,0.11822065059636576,0.1088960707157842,0.0,0.9999999987499999,0.5680043162968313,0.299197172943793,0.31416388503573833,0.4040363131940167,angry,05,20,20,female,strong,2310
120,4.0040000000000004,True,1.0,0.6771276764702291,0.6530471479913215,0.6650874122307753,0.48810215603781293,-0.0769907407407408,-0.08175925925925931,0.35132300559081475,0.3636461851427645,0.1982116048313875,1.3625988002791192,0.024080528478907626,0.004768518518518505,0.016427683625854412,0.49071334456659665,0.12065555310776906,0.10954765607915101,0.0,0.9999999987499999,0.5619556927067703,0.29706131568054944,0.3311050500024934,0.43451998499906147,angry,05,20,20,female,strong,2310
0,0.0,True,1.0,0.6470803796681502,0.6264375835826816,0.636758981625416,0.5490935931686288,-0.0564814814814813,-0.05944444444444441,0.32402947198083343,0.3512749894029691,0.16301048497839216,1.1596547283513192,0.020642796085468595,0.0029629629629631116,0.00926347578664907,0.47497709214816963,0.11992570821853997,0.11103464210086794,0.0,0.9999999987499999,0.576758369957358,0.28501075090572076,0.3124260930526106,0.4073633729709665,angry,05,20,20,female,strong,2311
10,0.33366666666666667,True,1.0,0.7107941772711974,0.6664760631385354,0.6886351202048664,0.9549530318069,-0.05453703703703694,-0.059814814814814876,0.33207788534804994,0.5108841438602921,0.16087306768796034,0.7211193611290765,0.04431811413266207,0.005277777777777937,0.004176084124080088,0.30636402428664555,0.11823406161094074,0.10835530110152444,0.0,0.9999999987499999,0.589015401981105,0.2890253651795781,0.315837509020637,0.4072138933591516,angry,05,20,20,female,strong,2311
20,0.6673333333333333,True,1.0,0.6759949280445838,0.6657072260078001,0.670851077026192,1.099727236938645,-0.05532407407407414,-0.05689814814814814,0.33445498592241296,0.5080412494767318,0.16455973023585405,0.6100158789316404,0.010287702036783752,0.0015740740740740056,0.010431548979107043,0.2641182283008675,0.11949813283451141,0.10977260136967827,0.0,0.9999999987499999,0.5729342687465612,0.290214828853954,0.3142784582972154,0.38616605033261975,angry,05,20,20,female,strong,2311
30,1.0010000000000001,True,1.0,0.34107154131912965,0.3068538293182621,0.3239626853186959,0.8506968963853333,-0.05856481481481479,-0.06300925925925926,0.42495102316845823,0.4059996828128724,0.16281707347223293,0.38082034470236636,0.03421771200086754,0.004444444444444473,0.008044162408787409,0.3422408129392011,0.11742481547292143,0.11681718603196485,0.0,0.9999999987499999,0.5558647470316251,0.27979306181759983,0.29535430551049413,0.36112509043119323,angry,05,20,20,female,strong,2311
40,1.3346666666666667,True,1.0,0.2702973538736841,0.33095367304432644,0.30062551345900523,0.9098542212961073,-0.06675925925925924,-0.0692592592592593,0.3940848325086087,0.4122776940247982,0.1584903288190984,0.3304106376851861,0.06065631917064235,0.0025000000000000577,0.0162719540320373,0.31679181754594316,0.10757785420608477,0.11453542378479471,0.0,0.9999999987499999,0.6213489324870574,0.2868562798048563,0.27024965630521997,0.3607866988800825,angry,05,20,20,female,strong,2311
50,1.6683333333333334,True,1.0,0.635413099809756,0.6290468056811009,0.6322299527454285,2.2157730293458737,-0.0681018518518518,-0.07291666666666669,0.3011730006795692,0.9749006502353578,0.15723566064514635,0.2853315499250712,0.006366294128655081,0.004814814814814883,0.025866234648831407,0.12826015552747785,0.12480745612511356,0.1087190746387659,0.0,0.7071067807446058,0.5533251216189601,0.28602756962610454,0.33054473240210913,0.3810656638057181,angry,05,20,20,female,strong,2311
60,2.0020000000000002,True,1.0,0.6437146255357209,0.6082487669797639,0.6259816962577425,0.5344635320782024,-0.06972222222222219,-0.07194444444444448,0.38483903044898216,0.41969780833032483,0.14099782994060606,1.1712336926406968,0.035465858555956964,0.002222222222222292,0.053621473758871274,0.43963990780561196,0.12005083342312284,0.11192536941157755,0.0,0.9999999987499999,0.5827866609925221,0.2855937584593329,0.3136320735835212,0.37756497060406524,angry,05,20,20,female,strong,2311
70,2.3356666666666666,True,1.0,0.5548903666969082,0.5845615895922569,0.5697259781445825,0.5840183279465747,-0.06810185185185186,-0.07134259259259257,0.41746244527875737,0.39857361304296773,0.14813354702805132,0.9755275663141523,0.029671222895348737,0.0032407407407407107,0.06065009354602873,0.441272396232073,0.11764354139228578,0.11209831767705108,0.0,0.9999999987499999,0.5869329698988971,0.28783510405101104,0.3189426310819684,0.39187700095222644,angry,05,20,20,female,strong,2311
80,2.6693333333333333,True,1.0,0.603150824813735,0.6037370316505942,0.6034439282321646,1.9276191820937092,-0.06560185185185191,-0.06893518518518515,0.30699284245073993,0.9796551628129797,0.15247190122793938,0.31305142314299134,0.0005862068368591711,0.0033333333333332438,0.061001082352590046,0.14433219357007437,0.1073073877217305,0.11445643128321349,0.0,0.9999999987499999,0.6348659630258354,0.30993455973292,0.30931373023944686,0.42618859176083884,angry,05,20,20,female,strong,2311
90,3.003,True,1.0,0.6480862862788933,0.6536833299449702,0.6508848081119318,1.1831241375618597,-0.06277777777777777,-0.06861111111111118,0.3424768455254541,0.6205087201153701,0.1579980345012241,0.5501407565340118,0.00559704366607694,0.0058333333333334125,0.06161720027875124,0.21660574210873026,0.10720004781815862,0.11488911073030003,0.0,0.9999999987499999,0.6273764186377676,0.3065824798237286,0.3219732385132238,0.447169389973401,angry,05,20,20,female,strong,2311
100,3.336666666666667,True,1.0,0.6524112318479537,0.6682441272050739,0.6603276795265138,0.4598698596760642,-0.06578703703703709,-0.0723611111111111,0.3540960242114856,0.3841196639595084,0.15697922522824487,1.4359011916798672,0.01583289535712018,0.00657407407407401,0.04431477063202902,0.5045541086077366,0.11142606694182725,0.11267090594293946,0.0,0.9999999987499999,0.6288321064363245,0.3044498376850382,0.31050731592885983,0.43801059526346425,angry,05,20,20,female,strong,2311
110,3.6703333333333332,True,1.0,0.6975811874524065,0.7189070566118433,0.708244122032125,0.46735319984180085,-0.06282407407407403,-0.0696296296296296,0.34943105536288416,0.3903703412963147,0.16027075593648984,1.51543655263699,0.021325869159436794,0.006805555555555565,0.05318657066247677,0.5395826600876077,0.11064497115011476,0.11377345777596087,0.0,0.9999999987499999,0.6313190004048495,0.3024686754225658,0.3065266489608648,0.4373375878767818,angry,05,20,20,female,strong,2311
120,4.0040000000000004,True,1.0,0.6609788565155577,0.6512115157994854,0.6560951861575215,0.4935231390293632,-0.060694444444444495,-0.06851851851851853,0.3404255319148934,0.4,0.15953342650055174,1.329411195284373,0.009767340716072215,0.007824074074074039,0.04673049986472628,0.5170381261856304,0.10880936131297811,0.11470271351509552,0.0,0.9999999987499999,0.6280170883118873,0.3036709245838634,0.3041252151871879,0.4368077095327003,angry,05,20,20,female,strong,2311
0,0.0,True,1.0,0.5111638698641945,0.40531032378567106,0.45823709682493274,0.3571261654211629,-0.06671296296296292,-0.06481481481481477,0.3618532598958871,0.17771474748030638,0.16142809439988726,1.2831238402387253,0.10585354607852343,0.0018981481481481488,0.008068886522997018,0.6458276313633663,0.10610892285896076,0.11222284821097792,0.0,0.9999999987499999,0.6249159806266257,0.31375259588477616,0.2909398072392467,0.41992857103221026,angry,05,20,20,female,strong,2312
10,0.33366666666666667,True,1.0,0.5620577221825787,0.5536203049543251,0.5578390135684519,0.3769790856013309,-0.05828703703703708,-0.05810185185185179,0.3680096104250403,0.17981564299149766,0.16042063581098526,1.4797611721048816,0.00843741722825353,0.00018518518518528815,0.013928606590845367,0.5934373390071448,0.11228591574456273,0.11164349787764122,0.0,0.9999999987499999,0.6109189522449605,0.2865080908838249,0.28294986439375625,0.37139022829739426,angry,05,20,20,female,strong,2312
20,0.6673333333333333,True,1.0,0.5759112893862027,0.5633532191393643,0.5696322542627835,0.36771278754700787,-0.06324074074074065,-0.06680555555555562,0.36505291891724984,0.191045409391936,0.1648688663871407,1.5491227761285364,0.012558070246838415,0.003564814814814965,0.004160378517755878,0.6302001335989715,0.11322107579240545,0.11375085294407004,0.0,0.9999999987499999,0.5879863432560525,0.2890867345598684,0.278494668551499,0.3608699056075841,angry,05,20,20,female,strong,2312
30,1.0010000000000001,True,1.0,0.6121118439367548,0.5874010805758314,0.5997564622562931,0.612257463759189,-0.07671296296296293,-0.0773611111111111,0.41678067050329415,0.35081904322897356,0.1771233487264243,0.9795821166047675,0.02471076336092337,0.0006481481481481755,0.03086627196178026,0.40797312103288275,0.10102645435518129,0.11632890804836368,0.0,0.9999999987499999,0.6312979036614647,0.31921863640791553,0.2994014245354455,0.41897838097340434,angry,05,20,20,female,strong,2312
40,1.3346666666666667,True,1.0,0.6256812586284375,0.6505146036603459,0.6380979311443917,1.8784650315551754,-0.0910185185185185,-0.09060185185185193,0.32646263063739017,0.9959743691462152,0.17590449211917383,0.3396911416637404,0.02483334503190837,0.00041666666666656527,0.03957294305133357,0.17461820924874458,0.09844103189623495,0.11900602677652378,0.0,0.9999999987499999,0.6563460453165642,0.305726004363279,0.3200589900076308,0.44610039617998765,angry,05,20,20,female,strong,2312
50,1.6683333333333334,True,1.0,0.6436741355259399,0.6433068456934298,0.6434904906096848,0.8549417524523898,-0.08518518518518514,-0.0843518518518519,0.4027632002513833,0.4594380708718951,0.18077894688297066,0.752671733207368,0.00036728983251010927,0.0008333333333332416,0.048028369523323566,0.32082094351677254,0.10052737591743457,0.12092852704941341,0.0,0.9999999987499999,0.6431645135632378,0.3058654664555686,0.3135526063177886,0.44395623998204636,angry,05,20,20,female,strong,2312
60,2.0020000000000002,True,1.0,0.6316921826135925,0.6333359215426996,0.632514052078146,0.6286830315582796,-0.06912037037037039,-0.06648148148148147,0.4332966365676275,0.4101989068020472,0.16004479899599192,1.0060937234306622,0.0016437389291070748,0.002638888888888913,0.044832600618512325,0.446872493517442,0.10464134639650383,0.11608108807220599,0.0,0.9999999987499999,0.649003476163903,0.30587961683087433,0.31143293641015507,0.4413914461510332,angry,05,20,20,female,strong,2312
70,2.3356666666666666,True,1.0,0.6370128794755362,0.6545830704304224,0.6457979749529793,0.7640186288343676,-0.06194444444444441,-0.05847222222222237,0.46448132468094294,0.37577636240350143,0.16003971407591544,0.8452646971949457,0.01757019095488621,0.0034722222222220434,0.05682468610358578,0.3397303007566029,0.1094570460172829,0.11590723919219444,0.0,0.9999999987499999,0.6167288759488171,0.3043804198204402,0.3263546589637815,0.45082607067969066,angry,05,20,20,female,strong,2312
80,2.6693333333333333,True,1.0,0.7001413693597027,0.6794502839936987,0.6897958266767007,0.8861816002303955,-0.07111111111111112,-0.07648148148148143,0.3893162013309229,0.5071419552317116,0.1723291427525835,0.7783910504318335,0.02069108536600406,0.005370370370370303,0.060162617617380613,0.29806129460129255,0.1051088967799589,0.11696829391652652,0.0,0.9999999987499999,0.6270162011835985,0.30857454618411473,0.30811981053782744,0.42770349664516444,angry,05,20,20,female,strong,2312
90,3.003,True,1.0,0.7626802699987575,0.7602666291412045,0.761473449569981,1.6542626429588245,-0.06347222222222221,-0.0675,0.29927864368085216,0.8431916161656686,0.16269632997556915,0.4603098865897164,0.0024136408575530233,0.004027777777777797,0.0698987138928116,0.15525242823426447,0.10435686977514566,0.11435482824912548,0.0,0.9999999987499999,0.6406157992024936,0.3073199546797744,0.29760635212779596,0.4173936920426058,angry,05,20,20,female,strong,2312
100,3.336666666666667,True,1.0,0.7127912496467601,0.7342810296985036,0.7235361396726319,1.1631674020799252,-0.06129629629629629,-0.06574074074074066,0.34286001959089024,0.5954043009510527,0.16160696027552632,0.6220395605815948,0.021489780051743512,0.004444444444444362,0.06573510079947678,0.2176568743879489,0.10665134185065805,0.11506798600434993,0.0,0.9999999987499999,0.617457314496111,0.3113951128616309,0.30016849057697875,0.42716072362798047,angry,05,20,20,female,strong,2312
110,3.6703333333333332,True,1.0,0.6623070953403654,0.6794177144682351,0.6708624049043002,0.7955847750054853,-0.06018518518518523,-0.06240740740740747,0.342646980820543,0.4416036528176976,0.15937169038563112,0.8432318289395052,0.01711061912786971,0.0022222222222222365,0.060106409456728946,0.3025681273415831,0.12012435228602691,0.11116301147995908,0.0,0.9999999987499999,0.5796857020542593,0.28719898932067434,0.29977349880770865,0.38597468649295386,angry,05,20,20,female,strong,2312
120,4.0040000000000004,True,1.0,0.6492348606092548,0.6689361984342542,0.6590855295217546,0.6262299749648786,-0.060972222222222205,-0.06342592592592594,0.33669428312931116,0.41227662342146265,0.16022266953056538,1.052465637018922,0.019701337824999388,0.0024537037037037357,0.05632034303135389,0.3707845668735832,0.12241647897421529,0.10863370015241496,0.0,0.9999999987499999,0.577517161130077,0.2822896078886671,0.3113462369198272,0.3855377494198608,angry,05,20,20,female,strong,2312
130,4.337666666666666,True,1.0,0.6964493295515038,0.6965984087338437,0.6965238691426738,0.7758359374185431,-0.06064814814814812,-0.06314814814814823,0.3374205859041353,0.45724406142791185,0.16137688007567896,0.8977721133416865,0.00014907918233986184,0.0025000000000001132,0.04187866608906303,0.2925684243244964,0.10632046294637092,0.11437869379849107,0.0,0.9999999987499999,0.6435003129767531,0.3048024399448473,0.2826831357781287,0.4281822701291041,angry,05,20,20,female,strong,2312
0,0.0,True,1.0,0.6933672340988084,0.6163475150785599,0.6548573745886841,0.7758067881939934,-0.059537037037037,-0.06111111111111106,0.3220303705877838,0.49073126800983735,0.16235303183015845,0.8440985365868371,0.07701971902024851,0.001574074074074061,0.0020407936968548763,0.3028959289632652,0.10664724396224369,0.11440760327180298,0.0,0.9999999987499999,0.6264535018929447,0.30566850288382247,0.2843671915742786,0.4185450729869675,angry,05,20,20,female,strong,2313
10,0.33366666666666667,True,1.0,0.6601117485429029,0.645004174738011,0.6525579616404569,0.8790151122795236,-0.05999999999999994,-0.06231481481481477,0.32974056372901495,0.515304902193912,0.16381352015253692,0.7423739962196985,0.015107573804891916,0.002314814814814825,0.004067174712403887,0.2730103231532133,0.10651140405027483,0.11519753004545961,0.0,0.9999999987499999,0.6270059908572804,0.3060923728342679,0.28607394613340686,0.4166945150397693,angry,05,20,20,female,strong,2313
20,0.6673333333333333,True,1.0,0.6716559834105551,0.6118773025557165,0.6417666429831358,0.8301015977596257,-0.06037037037037035,-0.06430555555555556,0.33021619408498093,0.49115518626533766,0.16372549529209546,0.7731181878401511,0.05977868085483862,0.003935185185185208,0.004467563643038218,0.2784438482299892,0.10699066441911834,0.11291148934403326,0.0,0.9999999987499999,0.6326502036517732,0.31791641094831646,0.2942877565760935,0.4151500441866885,angry,05,20,20,female,strong,2313
30,1.0010000000000001,True,1.0,0.6482499708518826,0.6061852173288004,0.6272175940903415,1.1441166863395724,-0.07574074074074078,-0.07912037037037045,0.34641014785386787,0.5877874342261865,0.17578766384903613,0.5482112109535164,0.042064753523082254,0.003379629629629677,0.002730293980032447,0.22692549546785246,0.10381494353643625,0.11096598451214452,0.0,0.9999999987499999,0.6207980153936575,0.3216799326773005,0.3023788653188854,0.40448314906053956,angry,05,20,20,female,strong,2313
40,1.3346666666666667,True,1.0,0.6956120896325005,0.612682680476738,0.6541473850546193,1.1896067321275405,-0.07268518518518513,-0.07541666666666663,0.34216939199414936,0.6354678660596047,0.16703821094592589,0.5498854095123653,0.08292940915576252,0.0027314814814815014,0.0019423388738347305,0.22510543553338672,0.10355454743462195,0.1108658650378137,0.0,0.9999999987499999,0.6171258164046869,0.3196407622326546,0.29214988812555115,0.3993746059078468,angry,05,20,20,female,strong,2313
50,1.6683333333333334,True,1.0,0.7063192433980942,0.6608724709993516,0.6835958571987228,0.7982194618525473,-0.06893518518518521,-0.07601851851851849,0.41098864953196124,0.39847982127139203,0.1837931098451803,0.8564008895651325,0.04544677239874251,0.007083333333333275,0.002912094380869309,0.3289432228403053,0.10132083787062501,0.10965809197193091,0.0,0.9999999987499999,0.6280509168433,0.312840466019005,0.2813935141949252,0.385115546005834,angry,05,20,20,female,strong,2313
60,2.0020000000000002,True,1.0,0.8250816422750018,0.6765714194992641,0.7508265308871329,1.0254052665306812,-0.0768981481481481,-0.07837962962962963,0.38051443275136315,0.4337603421325979,0.19038009924354563,0.7322241804232701,0.14851022277573767,0.001481481481481528,0.034953030214473775,0.24662719794696997,0.10250921122494551,0.1113208610093841,0.0,0.9999999987499999,0.6177669588929321,0.31499124809267093,0.2897515719342836,0.3868844433411528,angry,05,20,20,female,strong,2313
70,2.3356666666666666,True,1.0,0.7644630008684612,0.6837606837606836,0.7241118423145724,1.390771643991839,-0.07560185185185192,-0.07861111111111102,0.30261224482845256,0.6507421259216061,0.20578799923547605,0.5206547354073185,0.08070231710777764,0.0030092592592591005,0.0012518097290716318,0.201330573690208,0.10089212499632419,0.1122806294654475,0.0,0.9999999987499999,0.6150867601181097,0.3157782679004761,0.28099926052385715,0.3870688232157515,angry,05,20,20,female,strong,2313
80,2.6693333333333333,True,1.0,0.72514317847257,0.6994014404147895,0.7122723094436798,0.5909336218990269,-0.073425925925926,-0.07972222222222214,0.3282376484621678,0.35100106840985307,0.20302498205312963,1.2053338700795504,0.025741738057780572,0.006296296296296133,0.00012126823664320546,0.4286483702642919,0.1080087161413263,0.10865610398675572,0.0,0.9999999987499999,0.6019025281753327,0.3052353753730044,0.2959600800691234,0.39817209908647705,angry,05,20,20,female,strong,2313
90,3.003,True,1.0,0.7933945357405272,0.7534100503041126,0.7734022930223199,0.5104775618564025,-0.0705555555555556,-0.0800925925925926,0.32447779772543145,0.33479406749955026,0.1986615642259328,1.5150563919200786,0.03998448543641464,0.00953703703703701,0.002834208264238983,0.474316347044806,0.11069265973520978,0.11355941382643049,0.0,0.9999999987499999,0.6045853584793291,0.30961209558594455,0.3267161843800021,0.43032245276979897,angry,05,20,20,female,strong,2313
100,3.336666666666667,True,1.0,0.6851743919173842,0.6725960828815647,0.6788852373994745,0.5121746858837517,-0.07148148148148137,-0.07962962962962955,0.3253655974841209,0.3676147577839269,0.1951353556236572,1.325495492281243,0.012578309035819468,0.008148148148148182,0.00016000818812186865,0.4739508242116172,0.11018569577250402,0.11321306504711867,0.0,0.9999999987499999,0.6122068633234544,0.30775455990416517,0.3214438838093806,0.42812131233900597,angry,05,20,20,female,strong,2313
0,0.0,True,1.0,0.6784335605538055,0.6744449368790346,0.6764392487164201,0.7842558872797954,-0.06495370370370368,-0.06972222222222213,0.3289470299519604,0.5489362371274202,0.13967567539825992,0.8625236478143133,0.00398862367477093,0.00476851851851845,0.004027708017992744,0.31247558879815046,0.11322197542884076,0.114584346949366,0.0,0.9999999987499999,0.6366505463357217,0.28917070326942457,0.29324634665106736,0.40434718057310876,fearful,06,20,20,female,normal,2314
10,0.33366666666666667,True,1.0,0.7145090038854431,0.7083048598441984,0.7114069318648208,0.7999360978901547,-0.06421296296296297,-0.06851851851851853,0.32151018077099874,0.6132364344906442,0.13059295046601774,0.8893297023864393,0.006204144041244697,0.0043055555555555625,0.005717069440416318,0.29997656524622335,0.11071163366973044,0.11520667963960822,0.0,0.9999999987499999,0.6345959473242422,0.29007840638001653,0.2867210772009838,0.39443467671154886,fearful,06,20,20,female,normal,2314
20,0.6673333333333333,True,1.0,0.7140401213377247,0.7047600476184074,0.709400084478066,0.7346763962117439,-0.06592592592592594,-0.07087962962962957,0.33565779692137926,0.5637731851595986,0.13403688530512559,0.965595312624699,0.009280073719317272,0.004953703703703627,0.008712649784917724,0.3147867040720893,0.11135966973324336,0.11441400645320093,0.0,0.9999999987499999,0.6418535821359793,0.29044785302454657,0.2961209584597349,0.40451279556494235,fearful,06,20,20,female,normal,2314
30,1.0010000000000001,True,1.0,0.7456561006171777,0.7353878246845819,0.7405219626508798,1.0177787810778167,-0.06851851851851853,-0.0761574074074074,0.3313653242886818,0.655488747246368,0.1409917040195419,0.727586363970641,0.010268275932595827,0.007638888888888862,0.007496411564198865,0.23893847529501766,0.1109092579535197,0.11368355106660946,0.0,0.9999999987499999,0.6429218495523209,0.29022377418290407,0.2981167522528072,0.40911374962288183,fearful,06,20,20,female,normal,2314
40,1.3346666666666667,True,1.0,0.6631168324298432,0.6478500358313196,0.6554834341305814,0.8527638064412046,-0.08111111111111113,-0.0851851851851852,0.3341177199539509,0.5968968933223783,0.14592172033191889,0.768657662508071,0.015266796598523591,0.004074074074074063,0.010815687825417036,0.2924814919911724,0.10593837831962837,0.11638138129041777,0.0,0.9999999987499999,0.6357974212653811,0.2911177414596582,0.2954807461736452,0.40569604266996295,fearful,06,20,20,female,normal,2314
50,1.6683333333333334,True,1.0,0.7177777333356176,0.7078802633872496,0.7128289983614335,0.704006577144323,-0.08379629629629626,-0.08509259259259261,0.3407550118707716,0.5196239021779531,0.15559527783110308,1.012531731241627,0.009897469948367932,0.001296296296296351,0.0017518594132470344,0.33566692189527536,0.10870117570502955,0.11596107808444694,0.0,0.9999999987499999,0.6401932620079283,0.29238041200160625,0.3027053120687373,0.4067996676418947,fearful,06,20,20,female,normal,2314
60,2.0020000000000002,True,1.0,0.7171074757094547,0.6916550514635724,0.7043812635865135,0.9119903324762518,-0.08763888888888888,-0.08810185185185182,0.3412011267815254,0.6133924643842906,0.1563090708652752,0.7723560639880528,0.025452424245882233,0.0004629629629629428,0.014652058035305749,0.26585348171466333,0.11013485016003303,0.11460031418245153,0.0,0.9999999987499999,0.6302598779746273,0.2929769152106091,0.3141131873395667,0.4175095514077167,fearful,06,20,20,female,normal,2314
70,2.3356666666666666,True,1.0,0.7923388483989818,0.7129115231856715,0.7526251857923267,0.6648971086378956,-0.08648148148148149,-0.08634259259259258,0.38426811602849925,0.43584294454033884,0.16885169461806004,1.1319423351594209,0.0794273252133103,0.0001388888888889106,0.009934975691669075,0.34997265945392814,0.10697376263534514,0.11836406158644815,0.0,0.9999999987499999,0.62425895685618,0.2933581809975218,0.30372289751452064,0.39560363596761355,fearful,06,20,20,female,normal,2314
80,2.6693333333333333,True,1.0,0.7175634266983992,0.7232655833428511,0.7204145050206252,1.096716088997617,-0.08648148148148149,-0.0862962962962962,0.3252643981601847,0.6875139719609398,0.15579275786524877,0.6568833194369145,0.005702156644451839,0.00018518518518528815,0.01441440915833488,0.2231787052110367,0.10743353864756253,0.11582797772240476,0.0,0.9999999987499999,0.62786117618141,0.2939130296592363,0.3158931823780486,0.42787909517082773,fearful,06,20,20,female,normal,2314
90,3.003,True,1.0,0.7774865306001315,0.728384225019873,0.7529353778100023,0.4725104315499041,-0.08472222222222225,-0.0849537037037037,0.35198146465185554,0.43169557369766176,0.15350403453599246,1.5934788473140433,0.04910230558025852,0.00023148148148144365,0.007277149192644338,0.4654296961853806,0.10939422675939803,0.1148107509746101,0.0,0.9999999987499999,0.638857140911052,0.29167195760030795,0.30809281803460703,0.41635179912136877,fearful,06,20,20,female,normal,2314
100,3.336666666666667,True,1.0,0.7503960914385107,0.7199683859664141,0.7351822387024625,0.3522868197268658,-0.0826851851851852,-0.08166666666666667,0.35840647444376433,0.25612489133421096,0.184815128325867,2.0868854511005046,0.03042770547209661,0.0010185185185185297,0.009390904434819096,0.6645555421763767,0.10353924584766767,0.11771436082017561,0.0,0.9999999987499999,0.6303157596163467,0.29600909421905,0.2979616126111928,0.4053757457394732,fearful,06,20,20,female,normal,2314
110,3.6703333333333332,True,1.0,0.7676825840642485,0.7395371154726211,0.7536098497684348,0.4153113203257636,-0.0818518518518519,-0.08259259259259255,0.3402664363961471,0.3073303770410654,0.18548619256239374,1.814566116756257,0.028145468591627365,0.000740740740740653,0.005599028039466333,0.5625000000000002,0.10628109206311434,0.11672322464654986,0.0,0.9999999987499999,0.6266264510491696,0.29381823478700136,0.30476980839070317,0.40889721708947946,fearful,06,20,20,female,normal,2314
0,0.0,True,1.0,0.6985268234327855,0.6717159976301463,0.6851214105314659,0.8267705835299273,-0.08027777777777778,-0.08291666666666664,0.32010028321792644,0.6332710852569647,0.14600273828827193,0.828671730924817,0.02681082580263916,0.0026388888888888573,0.0043997442501408175,0.2760870168182318,0.10803711600092113,0.11509979699537211,0.0,0.9999999987499999,0.631572685191264,0.2914710418065251,0.2959019876817687,0.40146871658280686,fearful,06,20,20,female,normal,2315
10,0.33366666666666667,True,1.0,0.7111111111111111,0.6869725134541101,0.6990418122826106,0.8187335047989783,-0.07972222222222225,-0.08240740740740732,0.32648097181698676,0.6270701173471461,0.14249824018839713,0.8538087279746108,0.024138597657000993,0.0026851851851850683,0.0026931099669275584,0.2752462456962246,0.11046976121455952,0.11327279197655543,0.0,0.9999999987499999,0.6325541348883305,0.2907242419895738,0.3014893433581953,0.4023471222144139,fearful,06,20,20,female,normal,2315
20,0.6673333333333333,True,1.0,0.6824295719433129,0.6809928931845323,0.6817112325639225,0.7910389887994785,-0.08175925925925931,-0.08324074074074067,0.3241748615700512,0.6239931213833291,0.13835390263993014,0.8617922026808345,0.0014366787587806185,0.0014814814814813615,0.005977860276228723,0.28747754169429984,0.11018712414944651,0.11488221270879688,0.0,0.9999999987499999,0.6329617779142906,0.2927007528307166,0.30582559816659793,0.3914180608561401,fearful,06,20,20,female,normal,2315
30,1.0010000000000001,True,1.0,0.713926053782406,0.6850712999700305,0.6994986768762183,0.8479184603821204,-0.08342592592592596,-0.08652777777777781,0.35703921214684925,0.6159060814833153,0.14385398752402553,0.824959839370621,0.028854753812375566,0.0031018518518518556,0.007690845566031601,0.2871609257473634,0.08930355270523715,0.11739774072730888,0.0,0.9999999987499999,0.7022345101790718,0.30345425572307994,0.26788696882186736,0.4096906903224402,fearful,06,20,20,female,normal,2315
40,1.3346666666666667,True,1.0,0.717000278423761,0.6789065456367963,0.6979534120302786,0.8304891469273464,-0.08347222222222228,-0.0861574074074074,0.3418914980162898,0.5313785658530265,0.14948990985437352,0.8404124420079118,0.03809373278696471,0.002685185185185124,0.0036974119182641516,0.2931087795801025,0.11016166846676614,0.11340456956547525,0.0,0.9999999987499999,0.6311289063672344,0.29277109088755204,0.31279256760354185,0.40995450828825875,fearful,06,20,20,female,normal,2315
50,1.6683333333333334,True,1.0,0.6858263532749019,0.6493978937706101,0.667612123522756,0.7377717341597541,-0.08365740740740746,-0.08374999999999999,0.3366832837401539,0.5699100862596895,0.1447741861054823,0.9049033632104344,0.036428459504291855,9.259259259253305e-05,0.007058674762318047,0.31949785681556464,0.10820614040134376,0.11527194271329466,0.0,0.9999999987499999,0.6291530921431073,0.2906363178464819,0.3007873707156383,0.40335511924848627,fearful,06,20,20,female,normal,2315
60,2.0020000000000002,True,1.0,0.6861598440545806,0.6736275957023171,0.6798937198784489,0.7384836093793696,-0.08472222222222225,-0.08513888888888893,0.328504853747834,0.6008856945290746,0.14474836149630224,0.9206618958677223,0.01253224835226352,0.0004166666666666763,0.010203289570123479,0.31384609423626575,0.10866923034010739,0.1150012692207198,0.0,0.9999999987499999,0.6272090782641182,0.2925141683999159,0.30603355430846413,0.39422974340047595,fearful,06,20,20,female,normal,2315
70,2.3356666666666666,True,1.0,0.6970092050106022,0.6320982697425714,0.6645537373765869,1.2346313191497507,-0.0867592592592592,-0.0863888888888889,0.3231322515014182,0.8345755681323899,0.1350756994878592,0.5382608776150622,0.06491093526803071,0.00037037037037029874,0.013012004541142413,0.21388160316250684,0.1129616100135478,0.11367381104133098,0.0,0.9999999987499999,0.6228521476168591,0.29231176557852706,0.3085402003420597,0.39684153848093684,fearful,06,20,20,female,normal,2315
80,2.6693333333333333,True,1.0,0.7151578199530566,0.6960926951781867,0.7056252575656217,0.8189825552713074,-0.08560185185185182,-0.08629629629629626,0.3349075816996782,0.4763156127864909,0.1682751386632883,0.8615876529041167,0.01906512477486988,0.000694444444444442,0.013743615853239664,0.30992855891241344,0.10848367423841782,0.115506683199255,0.0,0.9999999987499999,0.6259762901645034,0.2914833765318568,0.30292746456067016,0.39871739761058544,fearful,06,20,20,female,normal,2315
90,3.003,True,1.0,0.717428875473998,0.682474308274598,0.699951591874298,0.836920822522976,-0.08467592592592588,-0.08499999999999991,0.3501113447122111,0.5147572173591389,0.1559963460013088,0.8363414710656004,0.034954567199400044,0.0003240740740740322,0.010574358776724673,0.29191363702849393,0.10748042835803248,0.11594889873196132,0.0,0.9999999987499999,0.6294455370194953,0.29146460688261244,0.30618424018388685,0.4071731138568781,fearful,06,20,20,female,normal,2315
100,3.336666666666667,True,1.0,0.7006120283106972,0.6776585392536758,0.6891352837821865,1.0973727053575062,-0.08347222222222223,-0.08287037037037032,0.3215137638942124,0.5922328886056382,0.17311113445089757,0.6279865358576395,0.022953489057021437,0.0006018518518519089,0.010063367389631673,0.22377794793018344,0.10985627836202949,0.11470140098321599,0.0,0.9999999987499999,0.6205313114464537,0.2976892729306568,0.31896959682886705,0.3992202862818955,fearful,06,20,20,female,normal,2315
110,3.6703333333333332,True,1.0,0.7047552604758776,0.659596808150788,0.6821760343133327,0.3735355712163017,-0.08680555555555558,-0.08601851851851855,0.37444240288233893,0.29128402360949085,0.15711983601853374,1.8262679296968691,0.045158452325089526,0.0007870370370370305,0.003828399460435064,0.517369057527621,0.10958585230370199,0.11644178710850163,0.0,0.9999999987499999,0.6249889634838312,0.289528518342865,0.31680032729747243,0.4227860269643683,fearful,06,20,20,female,normal,2315
120,4.0040000000000004,True,1.0,0.7046499096692563,0.6839170539674182,0.6942834818183372,0.3832387329394536,-0.08532407407407411,-0.08467592592592593,0.36657066104719854,0.42911877394636005,0.1466157461325674,1.811621378906981,0.020732855701838138,0.0006481481481481755,0.014846113288011139,0.6073462849237323,0.10887356304575325,0.11629177246348968,0.0,0.9999999987499999,0.631334213458821,0.2917767375546067,0.3136155892177071,0.4045276255562189,fearful,06,20,20,female,normal,2315
130,4.337666666666666,True,1.0,0.7171074757094529,0.636869127033932,0.6769883013716924,0.42409991017695053,-0.08708333333333335,-0.08675925925925931,0.3463814120460962,0.39953911514893536,0.15999712152599793,1.5962943757503445,0.08023834867552093,0.0003240740740740322,0.001676322556916226,0.5636814890787971,0.11054799834030364,0.11285931823732592,0.0,0.9999999987499999,0.6284424515743797,0.2920830250772797,0.31098136189930875,0.4116528456175626,fearful,06,20,20,female,normal,2315
0,0.0,True,1.0,0.6825396825396816,0.6633538582179276,0.6729467703788046,0.8255676517730822,-0.07300925925925927,-0.07851851851851854,0.3151667776630346,0.5742649982460535,0.15301928611053756,0.8151321929020695,0.019185824321753975,0.005509259259259269,0.010379868072407103,0.26900162792655913,0.11953039541949247,0.11180142979415143,0.0,0.9999999987499999,0.597578797761292,0.2919043436187141,0.3191206610840877,0.404450157609668,fearful,06,20,20,female,normal,2316
10,0.33366666666666667,True,1.0,0.6824295719433147,0.6476538089120215,0.6650416904276681,0.7843749976066519,-0.07370370370370372,-0.07805555555555549,0.32545365483530886,0.5751633986928101,0.15106307344511882,0.8478619186701474,0.03477576303129315,0.0043518518518517735,0.009185437907300817,0.28747754169429807,0.11706557657652879,0.11454619094904742,0.0,0.9999999987499999,0.6012857998746374,0.2922547527123528,0.31859797141849033,0.40649248673418215,fearful,06,20,20,female,normal,2316
20,0.6673333333333333,True,1.0,0.6984126984126968,0.6701253398798398,0.6842690191462684,0.7207359327119984,-0.07361111111111107,-0.08023148148148151,0.3226133195758972,0.5536840372837996,0.15026882242880793,0.9494032253553507,0.02828735853285702,0.006620370370370443,0.009510565624341912,0.32923730879217084,0.11619575650542822,0.11292548887200086,0.0,0.9999999987499999,0.5982976379458033,0.29240399331136085,0.3078853759811071,0.39086965129707596,fearful,06,20,20,female,normal,2316
30,1.0010000000000001,True,1.0,0.7456561006171777,0.6815879981668953,0.7136220493920364,0.7838988816081852,-0.07583333333333331,-0.07981481481481484,0.3229995293426883,0.5573956598641301,0.1511801989326326,0.910349620512311,0.06406810245028238,0.00398148148148153,0.004143144810973588,0.28747754169429807,0.11768535520998515,0.11188426555548844,0.0,0.9999999987499999,0.593804783397734,0.29199458174465787,0.3110855171299358,0.39402359773762774,fearful,06,20,20,female,normal,2316
40,1.3346666666666667,True,1.0,0.6914820103927103,0.6359214456821397,0.663701728037425,0.7446076338766698,-0.07731481481481473,-0.08032407407407405,0.33329307437864447,0.55841009595864,0.1465477872005468,0.8913442433862485,0.05556056471057058,0.0030092592592593226,0.0012297714487006471,0.3076336434372733,0.1138053247449145,0.11400498386367816,0.0,0.9999999987499999,0.6044995280299621,0.29525466140945206,0.3031080247497602,0.39503707396402643,fearful,06,20,20,female,normal,2316
50,1.6683333333333334,True,1.0,0.662754078264308,0.5889635276098338,0.6258588029370709,0.878616648558873,-0.08013888888888893,-0.08287037037037037,0.33259082532478995,0.6250232823788071,0.14740044065278246,0.7123229499049656,0.07379055065447415,0.002731481481481446,0.0035278819652476367,0.2919989796644098,0.09837733040639558,0.11760967861300292,0.0,0.9999999987499999,0.6709728868266056,0.31160235357794314,0.2787505491513322,0.4130860184197399,fearful,06,20,20,female,normal,2316
60,2.0020000000000002,True,1.0,0.646720277740738,0.6170842738967829,0.6319022758187605,0.7259845414148404,-0.08064814814814814,-0.08236111111111105,0.34750316911248436,0.5160944195809302,0.1508525778504982,0.8704073430920072,0.02963600384395515,0.0017129629629629162,0.0015725975437228194,0.31319127011811,0.1204686750709365,0.11266550883978196,0.0,0.9999999987499999,0.5894082747552146,0.2947094283768748,0.32364579883101874,0.40207735264594235,fearful,06,20,20,female,normal,2316
70,2.3356666666666666,True,1.0,0.7400741304250377,0.6442059227000252,0.6921400265625315,0.634183540582231,-0.07837962962962969,-0.08087962962962963,0.33437426742712023,0.4171803102073149,0.17056927764177313,1.0913875593918627,0.09586820772501248,0.0024999999999999467,0.005329000173431314,0.37002525211577475,0.11435683866778962,0.11428832606172735,0.0,0.9999999987499999,0.5982258864092511,0.292746733668312,0.3045878747051139,0.3866158419871718,fearful,06,20,20,female,normal,2316
80,2.6693333333333333,True,1.0,0.7143360459427699,0.6736568460497206,0.6939964459962453,0.7364934544297529,-0.07541666666666663,-0.0796296296296296,0.31786563171390547,0.4646506286251968,0.1683861821093169,0.9422981858455051,0.040679199893049245,0.004212962962962974,0.0009400004838397344,0.30800809203071633,0.11664641123693525,0.11313553996318897,0.0,0.9999999987499999,0.5891427833242672,0.29203610574121003,0.30815466770911154,0.38695929344072105,fearful,06,20,20,female,normal,2316
90,3.003,True,1.0,0.7481742035726201,0.7138184605470499,0.7309963320598349,1.103981047993884,-0.08004629629629628,-0.08222222222222231,0.32063988085729783,0.6727384511212727,0.15596748789479542,0.6621457255884746,0.03435574302557021,0.0021759259259260255,0.004786374481795824,0.21972656250000022,0.11840105856073611,0.11095502284291316,0.0,0.9999999987499999,0.5956249591320903,0.2907311660976114,0.32146711725087873,0.409978598678088,fearful,06,20,20,female,normal,2316
100,3.336666666666667,True,1.0,0.7036598992090696,0.668275187336582,0.6859675432728258,0.8718311523087259,-0.07907407407407407,-0.08310185185185187,0.332354280286181,0.6201962703414272,0.1469354231175853,0.786812379273546,0.035384711872487595,0.004027777777777797,0.000632627847570289,0.27105216430759366,0.09885379398103653,0.11639391444381798,0.0,0.9999999987499999,0.6694991612895157,0.3095906980007696,0.2808528083038625,0.4251834204487386,fearful,06,20,20,female,normal,2316
110,3.6703333333333332,True,1.0,0.6894415713212503,0.6210859535849642,0.6552637624531072,0.37702899734094325,-0.0788888888888889,-0.08199074074074075,0.3738597735717517,0.37664783427495285,0.14215053128992147,1.7379664881864758,0.06835561773628607,0.0031018518518518556,0.002676499934813974,0.5169768256870391,0.12017850135761617,0.11263719843961448,0.0,0.9999999987499999,0.5957235722023184,0.2903898745832185,0.3300238011488824,0.4060899936732249,fearful,06,20,20,female,normal,2316
0,0.0,True,1.0,0.6509191840095894,0.5973060546370367,0.6241126193233131,0.6730182859523203,-0.07523148148148145,-0.07851851851851849,0.32758617973190085,0.5174911162471328,0.15175583102891954,0.927333821903805,0.05361312937255269,0.0032870370370370328,0.006659486160404538,0.33159283861922617,0.117913376930317,0.1140079932114603,0.0,0.9999999987499999,0.5972751318105367,0.2913788463199578,0.31361818625074805,0.4018204271075485,fearful,06,20,20,female,normal,2317
10,0.33366666666666667,True,1.0,0.6304375702073757,0.5974499089253182,0.613943739566347,0.6790936243561417,-0.07467592592592598,-0.07819444444444446,0.3252969609924583,0.5308652188559148,0.14618656068590438,0.9040634715845487,0.032987661282057434,0.0035185185185184764,0.0023305232689561587,0.3325819090083536,0.12070056390659763,0.11139555082354963,0.0,0.9999999987499999,0.5986426027833008,0.2924309780564729,0.3196762245135006,0.4052072243311605,fearful,06,20,20,female,normal,2317
20,0.6673333333333333,True,1.0,0.635052772326689,0.5593725197015832,0.597212646014136,0.6732091698717321,-0.07527777777777783,-0.0761574074074074,0.3271405663344157,0.5350593311758353,0.14627264791179084,0.8871130589738166,0.0756802526251058,0.0008796296296295636,0.0038927211595700703,0.33169627044196687,0.12032435317985755,0.1119720896024065,0.0,0.9999999987499999,0.5981856935743047,0.29160351410472524,0.3167208718782459,0.3977978395410219,fearful,06,20,20,female,normal,2317
30,1.0010000000000001,True,1.0,0.641627690126945,0.6272903462252917,0.6344590181761183,0.9935124257228919,-0.07490740740740742,-0.07837962962962963,0.32367562676103806,0.6274509803921559,0.14904223817996906,0.638601996059061,0.01433734390165331,0.00347222222222221,0.001183929425298659,0.24732147889781617,0.11537972983175614,0.1124113260775328,0.0,0.9999999987499999,0.6007322399506678,0.29096360490266254,0.3008123651595614,0.38250058565721273,fearful,06,20,20,female,normal,2317
40,1.3346666666666667,True,1.0,0.63030303030303,0.577777777777777,0.6040404040404035,0.7078794894659907,-0.07773148148148146,-0.08273148148148152,0.34302117635064955,0.5432098765432104,0.142251933756048,0.8533096565576138,0.052525252525253086,0.00500000000000006,0.0110329380421852,0.3278326657702869,0.11722293182307283,0.10962231891434246,0.0,0.7071067807446058,0.6010795269279587,0.2946642815950348,0.30239024619439225,0.38072155086883847,fearful,06,20,20,female,normal,2317
50,1.6683333333333334,True,1.0,0.6911075848557952,0.6177024482109231,0.6544050165333591,0.8083332938885882,-0.07328703703703704,-0.07782407407407399,0.3169785375294855,0.5028058361391692,0.1553038725728705,0.8095732558351793,0.07340513664487203,0.004537037037036951,0.013602369057692281,0.2758102293405078,0.11762576958572592,0.11040459461227475,0.0,0.9999999987499999,0.5965313822794742,0.29037236183406095,0.302268598323534,0.38116128779283737,fearful,06,20,20,female,normal,2317
60,2.0020000000000002,True,1.0,0.6947028799325795,0.6223393865570969,0.6585211332448382,0.7181150995524382,-0.0733333333333333,-0.0775925925925926,0.3148798334508464,0.538373435855676,0.1511801989326326,0.9170133501652566,0.07236349337548265,0.004259259259259296,0.011410983657252854,0.3233096537831627,0.11603874240033446,0.11308682562179095,0.0,0.9999999987499999,0.5939090957711209,0.2907037183449709,0.30291497542076135,0.38605897537777306,fearful,06,20,20,female,normal,2317
70,2.3356666666666666,True,1.0,0.7128503233062977,0.6767383573569998,0.6947943403316488,1.208888888888889,-0.07634259259259263,-0.0799537037037037,0.31632883164973263,0.7644444444444446,0.1420882590177473,0.5747379653478712,0.036111965949297886,0.003611111111111065,6.134819677079429e-05,0.20732368705296386,0.11778965063928348,0.11057487182616571,0.0,0.9999999987499999,0.5970963644363995,0.29155147822316485,0.3149225192590139,0.4020555746169073,fearful,06,20,20,female,normal,2317
80,2.6693333333333333,True,1.0,0.7257577775356819,0.6767383573569998,0.7012480674463408,1.0806100217864911,-0.07699074074074075,-0.08106481481481481,0.32215149209059724,0.7494553376906318,0.1421832669737725,0.6489372237053846,0.049019420178682105,0.004074074074074063,0.003402200979355348,0.2273872696709929,0.11955339497066533,0.11126432061106106,0.0,0.9999999987499999,0.5914896148537541,0.29327250019695517,0.3184141566775205,0.38792347256513576,fearful,06,20,20,female,normal,2317
90,3.003,True,1.0,0.6823155043879936,0.6256416674211861,0.6539785859045899,0.977828912804306,-0.07611111111111107,-0.07893518518518516,0.3153348805678189,0.675555555555556,0.14778548957505944,0.6688067588726244,0.0566738369668075,0.00282407407407409,0.0007547843423569471,0.235916567508372,0.11732010573795927,0.11277515835433266,0.0,0.9999999987499999,0.5944027253635829,0.2902718209865279,0.31082613016573585,0.39695489162064274,fearful,06,20,20,female,normal,2317
0,0.0,True,1.0,0.6896433304730992,0.5814186776440003,0.6355310040585498,1.0723958631924861,-0.0757870370370371,-0.07620370370370372,0.3311684619171272,0.6943022054828583,0.14627107026289454,0.5926272432332922,0.10822465282909888,0.0004166666666666208,0.004519523386951084,0.21268661593963453,0.10032613250088862,0.11329227519594189,0.0,0.9999999987499999,0.6479241594293969,0.31841767603260857,0.2866555630793226,0.41779800438668374,fearful,06,20,20,female,strong,2318
10,0.33366666666666667,True,1.0,0.6741230950240926,0.6604244928546444,0.6672737939393685,1.0493117585891671,-0.07671296296296293,-0.08060185185185181,0.34070455401646504,0.6537774619609007,0.1493075995095882,0.6359156737522309,0.013698602169448182,0.003888888888888886,0.0058971108579551346,0.23415102026969592,0.11757921451687914,0.11351649902607344,0.0,0.9999999987499999,0.6248850108949829,0.28653925256754814,0.31697796000435324,0.38988299491801626,fearful,06,20,20,female,strong,2318
20,0.6673333333333333,True,1.0,0.6630085103768815,0.6603161643250833,0.6616623373509825,0.9208745299003732,-0.07898148148148143,-0.08384259259259258,0.33790605748958963,0.6165326538829377,0.15000050862543976,0.7185151894933676,0.0026923460517981335,0.004861111111111149,0.001955766439687972,0.2617176963849428,0.1131868812667275,0.11659659328501228,0.0,0.9999999987499999,0.626319292044943,0.2890255139076574,0.3106387849295851,0.3929291974257307,fearful,06,20,20,female,strong,2318
30,1.0010000000000001,True,1.0,0.5057471264367813,0.5992679755652163,0.5525075510009988,0.9968217158630126,-0.0799537037037037,-0.08421296296296293,0.3851089578264057,0.588262384271116,0.14290725609471905,0.5542691759304798,0.09352084912843495,0.00425925925925924,0.03843972155031358,0.2593519209008713,0.10444022495169843,0.11411186826151624,0.0,0.9999999987499999,0.6314263582855016,0.2936327089272912,0.26401616192067445,0.34637848123099263,fearful,06,20,20,female,strong,2318
40,1.3346666666666667,True,1.0,0.5279085856558079,0.5232381965428619,0.5255733910993349,0.6975402315630379,-0.08152777777777775,-0.0850462962962964,0.39774551851638884,0.5402188907212699,0.1303887927721353,0.7534667784274431,0.004670389112946038,0.003518518518518643,0.020383089935236517,0.35346392074086486,0.11917331350466576,0.11470115820957234,0.0,0.9999999987499999,0.6021444729610594,0.2909725495073948,0.33735690126029433,0.3998145999668437,fearful,06,20,20,female,strong,2318
50,1.6683333333333334,True,1.0,0.45923262412849275,0.4527126181901009,0.4559726211592968,0.6015850805981803,-0.08324074074074073,-0.08657407407407403,0.40079711384289096,0.44085252690451693,0.14687933508344977,0.7579520102225689,0.00652000593839186,0.0033333333333332993,0.03343280140563982,0.4175589862674584,0.11683569864351263,0.11675549654550198,0.0,0.9999999987499999,0.59134133268151,0.28472428630213914,0.3264151914677679,0.3687401854195571,fearful,06,20,20,female,strong,2318
60,2.0020000000000002,True,1.0,0.5263520557221107,0.5444060637266211,0.535379059724366,1.0254811632477743,-0.08523148148148146,-0.08865740740740746,0.3804028202672469,0.67620261537686,0.13629260084268602,0.5220759570354087,0.018054008004510402,0.003425925925925999,0.04516119637145531,0.2687419249432844,0.10124125794843214,0.11857708981759629,0.0,0.9999999987499999,0.6694777373840162,0.30935364502828183,0.29618783735106324,0.4109263470579208,fearful,06,20,20,female,strong,2318
70,2.3356666666666666,True,1.0,0.49821114992933874,0.4778326631972932,0.48802190656331595,0.6863806496635453,-0.08675925925925926,-0.08814814814814814,0.4088929495074373,0.5419742581302375,0.14168534166168079,0.7110076701645622,0.020378486732045564,0.001388888888888884,0.061879378051007995,0.367335370425989,0.10284793582328157,0.11767298959627787,0.0,0.9999999987499999,0.6530438286642782,0.31300369236084813,0.30812060518715145,0.4219220866178916,fearful,06,20,20,female,strong,2318
80,2.6693333333333333,True,1.0,0.5146688501257216,0.5047179861133907,0.5096934181195562,0.9652641727372748,-0.08962962962962956,-0.0892592592592592,0.3523673943168073,0.6740714734947025,0.14427751856418977,0.5280351560901497,0.009950864012330918,0.00037037037037035425,0.052329293312256865,0.27457969068508664,0.10422325984629133,0.11856430242184818,0.0,0.9999999987499999,0.6398639196381679,0.31302098509768667,0.3095450519042184,0.4213428017274448,fearful,06,20,20,female,strong,2318
90,3.003,True,1.0,0.6751514357860864,0.6144505017956463,0.6448009687908663,0.8417284740582978,-0.08814814814814809,-0.09129629629629638,0.39970637301409273,0.4335542358931959,0.18128244524549522,0.766043906869435,0.060700933990440076,0.0031481481481482887,0.048031465835948535,0.28350848838554776,0.10834986853958474,0.11447305270291316,0.0,0.9999999987499999,0.6119864162305548,0.31233325322476324,0.3451067694910436,0.449377656749069,fearful,06,20,20,female,strong,2318
100,3.336666666666667,True,1.0,0.6557168013977555,0.601149035326937,0.6284329183623463,1.0405460334390413,-0.08754629629629629,-0.08828703703703705,0.37986646196949686,0.5685760299422997,0.16730727670500534,0.6039453307849854,0.05456776607081848,0.000740740740740764,0.0507831041772099,0.2358096783764937,0.10504368280979404,0.11751424810770093,0.0,0.9999999987499999,0.6388747619985494,0.3140244659088655,0.31860195779081657,0.4428002027443701,fearful,06,20,20,female,strong,2318
110,3.6703333333333332,True,1.0,0.6304248500263858,0.6198012418902947,0.6251130459583403,0.9879994731211595,-0.08560185185185176,-0.0874537037037037,0.3593779937754205,0.6117758096476444,0.16155454332774138,0.6327058495118063,0.01062360813609109,0.0018518518518519378,0.039266376164481705,0.2522275281137986,0.11978009357841764,0.11356518694673474,0.0,0.9999999987499999,0.5834795321566126,0.28889805511118555,0.34625658398725156,0.41335721487024923,fearful,06,20,20,female,strong,2318
120,4.0040000000000004,True,1.0,0.6412038739476034,0.5990072948895827,0.620105584418593,0.953605584189261,-0.08847222222222223,-0.09004629629629635,0.3522826237613001,0.5810136459560592,0.17104453218639082,0.650274699204699,0.042196579058020656,0.0015740740740741166,0.03573941620375886,0.25532184762889537,0.10782439192466331,0.11546422024118706,0.0,0.9999999987499999,0.6360705874928095,0.30768376948488857,0.32105801353621105,0.44523747847419387,fearful,06,20,20,female,strong,2318
0,0.0,True,1.0,0.7348650556058178,0.6327203235651013,0.6837926895854596,1.1597158832567782,-0.0779629629629629,-0.07902777777777775,0.306465477899554,0.7546154281781182,0.1484525823335837,0.5896208713337573,0.1021447320407165,0.0010648148148148517,0.008128899424649776,0.2053244087941535,0.1097591987972508,0.11091140955323334,0.0,0.9999999987499999,0.625915608665341,0.29200822154857903,0.273659219696877,0.35858281211293835,fearful,06,20,20,female,strong,2319
10,0.33366666666666667,True,1.0,0.6961262270108949,0.7835758190320474,0.7398510230214712,1.140391698539318,-0.07217592592592592,-0.07537037037037037,0.322646059670304,0.7101264324271882,0.14643685571833895,0.648769211464023,0.08744959202115254,0.003194444444444444,0.011495182945416349,0.2183924316619898,0.10145172697180108,0.11595820980962528,0.0,0.9999999987499999,0.6455134147643432,0.29145044995476965,0.25846857422797487,0.35048326649544237,fearful,06,20,20,female,strong,2319
20,0.6673333333333333,True,1.0,0.7229350279630858,0.7881982185358737,0.7555666232494798,1.07873985022325,-0.06912037037037033,-0.07041666666666663,0.3122018109257253,0.7247773728467395,0.1375138709267746,0.7004159743362702,0.06526319057278784,0.0012962962962962954,0.008149141594802945,0.22364139260838675,0.11693727635430932,0.11164668120232911,0.0,0.9999999987499999,0.6185435639959109,0.2884272098002848,0.31745300217733224,0.4010238288345239,fearful,06,20,20,female,strong,2319
30,1.0010000000000001,True,1.0,0.7297910771997927,0.6709310614659103,0.7003610693328515,1.0849693128477647,-0.07384259259259263,-0.07490740740740737,0.319327142959317,0.7059785887173666,0.1414913580440948,0.6455123302009199,0.05886001573388244,0.0010648148148147407,0.01269395566056721,0.22317870521103733,0.09751790419490446,0.11719072646825039,0.0,0.9999999987499999,0.6818576126700681,0.307490247103966,0.2767489616292898,0.416635179216452,fearful,06,20,20,female,strong,2319
40,1.3346666666666667,True,1.0,0.6826592401802718,0.5494033424560949,0.6160312913181833,0.7349769501440062,-0.08810185185185188,-0.0897222222222222,0.43847415700423503,0.5481184034972247,0.12882204741492664,0.8381640964352454,0.1332558977241769,0.0016203703703703276,0.024364185885859806,0.3245953550171467,0.09996556662432204,0.11901591590899177,0.0,0.9999999987499999,0.6574563484534438,0.3155690890592235,0.30490044514158415,0.44239620272301394,fearful,06,20,20,female,strong,2319
50,1.6683333333333334,True,1.0,0.5574435945971568,0.5759186257977201,0.5666811101974385,0.6648393448195684,-0.08805555555555555,-0.08787037037037038,0.3968890525779426,0.48039744811350754,0.14360063361736478,0.8523579637893284,0.018475031200563374,0.00018518518518517713,0.039269630570379785,0.3760306936525361,0.11236135369241561,0.11542839547890243,0.0,0.8182876419680871,0.6153320720944628,0.28796145963891895,0.32164536615757194,0.3879765967912925,fearful,06,20,20,female,strong,2319
60,2.0020000000000002,True,1.0,0.530585299735934,0.5389186538115258,0.5347519767737299,0.7214561098557438,-0.08569444444444446,-0.08597222222222217,0.42515592419042836,0.5562367808543625,0.13349859803821315,0.7412120702403564,0.00833335407559177,0.0002777777777777102,0.031068632458015746,0.36845708616552897,0.12313306559765422,0.11112739668374612,0.0,0.9999999987499999,0.5857583835409162,0.28509709717940623,0.3556470111252857,0.4058739058301548,fearful,06,20,20,female,strong,2319
70,2.3356666666666666,True,1.0,0.5727555452077253,0.5464719502745865,0.5596137477411559,0.47431506932934026,-0.08777777777777773,-0.08810185185185176,0.4130180486485606,0.4798383409043852,0.14516573408738662,1.1798354805223121,0.02628359493313881,0.0003240740740740322,0.03976075056576607,0.5187522862607898,0.12027878685329363,0.11421061058346987,0.0,0.9999999987499999,0.5822750114967862,0.2844066306966699,0.3540973623493569,0.40424572468357367,fearful,06,20,20,female,strong,2319
80,2.6693333333333333,True,1.0,0.6329953184589687,0.5856961214718406,0.6093457199654047,1.4791201974813712,-0.09416666666666668,-0.0920833333333333,0.30792191383562273,0.9323781453124079,0.15537139648400425,0.4119649782370571,0.047299196987128145,0.0020833333333333814,0.04200916172166645,0.1803224312946193,0.10623257805983383,0.11838775500752972,0.0,0.9999999987499999,0.641130674183736,0.3095652375646505,0.32124105322214913,0.44093266302988504,fearful,06,20,20,female,strong,2319
90,3.003,True,1.0,0.689567869749569,0.6424156509836393,0.6659917603666041,1.2417721825068742,-0.09500000000000003,-0.09708333333333341,0.3544743621512196,0.6710645692702565,0.1823415575328774,0.536323626626994,0.04715221876592968,0.0020833333333333814,0.04768478072469591,0.20398188515412333,0.1106968737838222,0.11505539122592812,0.0,0.9999999987499999,0.6095051685986895,0.31061000476864203,0.3470234206682629,0.44903052742077104,fearful,06,20,20,female,strong,2319
100,3.336666666666667,True,1.0,0.721349776234578,0.6481909697582299,0.6847703729964039,1.1477927527606482,-0.0924537037037037,-0.09324074074074079,0.35205847997795936,0.6326095119850558,0.1808357868070461,0.596597575084359,0.07315880647634809,0.000787037037037086,0.04395617675590105,0.23071524319163333,0.1050598726591283,0.11684939526379096,0.0,0.9999999987499999,0.6306837936346413,0.31346716501450556,0.3359928862482578,0.45354990896688335,fearful,06,20,20,female,strong,2319
110,3.6703333333333332,True,1.0,0.6807964184879476,0.6473121488765706,0.6640542836822592,1.0808823424517684,-0.09092592592592597,-0.09250000000000003,0.3427709415848798,0.6845294144145927,0.16780717357830768,0.6143631527701554,0.03348426961137696,0.001574074074074061,0.03507129826234858,0.23000443870432596,0.12223684117847096,0.11091653241366659,0.0,0.9999999987499999,0.5863408340054772,0.28803002697168195,0.34943034595093575,0.4063920037150707,fearful,06,20,20,female,strong,2319
120,4.0040000000000004,True,1.0,0.7825469289566999,0.7075771202261062,0.745062024591403,0.9433361217407685,-0.09268518518518515,-0.09499999999999997,0.35711784378912975,0.6019233197937559,0.17730176564270098,0.789816066002557,0.07496980873059367,0.002314814814814825,0.030940216188075655,0.25991515380332847,0.1087602672033359,0.11491517664193923,0.0,0.9999999987499999,0.6274303668967587,0.3110762891960645,0.34024916020290524,0.4464572064136696,fearful,06,20,20,female,strong,2319
0,0.0,True,1.0,0.6813264563033439,0.6704098705794889,0.6758681634414163,0.8040695957291817,-0.06861111111111107,-0.07194444444444448,0.33105143123306374,0.46063324446419773,0.15920087416045778,0.840559283712868,0.01091658572385501,0.0033333333333334103,0.0016120245143632279,0.2820011865691372,0.11277888931477797,0.1141892756500875,0.0,0.9999999987499999,0.6186672748318076,0.2887836889994518,0.2894242053353033,0.3911684979577991,fearful,06,20,20,female,strong,2320
10,0.33366666666666667,True,1.0,0.6954939011535786,0.6811825369119697,0.6883382190327741,0.8610039786725268,-0.07087962962962963,-0.07449074074074075,0.32293128688454187,0.49935070909277135,0.1592598086272891,0.7994599747309367,0.014311364241608837,0.0036111111111111205,0.0011431913714437577,0.2699829156841581,0.1168903600716587,0.11101142264172764,0.0,0.9999999987499999,0.6171773767788366,0.2871825793891165,0.3012083110781076,0.39678568932394714,fearful,06,20,20,female,strong,2320
20,0.6673333333333333,True,1.0,0.7108560599457653,0.6776585392536767,0.6942572995997209,0.8229337833941137,-0.07254629629629633,-0.07712962962962971,0.3386330494824174,0.4690722565346446,0.15789470632121927,0.8436368923102432,0.03319752069208859,0.004583333333333384,0.0010363086289370545,0.28196021439203095,0.09771155971301189,0.11653989559214105,0.0,0.9999999987499999,0.664071372267657,0.3081626138057905,0.2854398757389532,0.4325053308545616,fearful,06,20,20,female,strong,2320
30,1.0010000000000001,True,1.0,0.6949494949494944,0.6519583685372657,0.6734539317433801,0.6918896364010972,-0.07699074074074075,-0.08092592592592596,0.35641322080708293,0.4560181694461786,0.1486211058364303,0.9733545587507113,0.042991126412228686,0.003935185185185208,0.0015605593119786614,0.31016691054445933,0.11042369703980105,0.11581217505279051,0.0,0.9999999987499999,0.6144033302774234,0.29268679322025254,0.292825268811354,0.378492269472931,fearful,06,20,20,female,strong,2320
40,1.3346666666666667,True,1.0,0.5222402122384656,0.5072172721408263,0.514728742189646,0.6666481459376904,-0.07583333333333342,-0.07949074074074086,0.39897932979857986,0.49300800692189845,0.13163163789980503,0.7721145634713221,0.01502294009763927,0.0036574074074074425,3.917988534453277e-05,0.36385314826359,0.09535500084161917,0.11669351549190136,0.0,0.9999999987499999,0.6763811484124901,0.3155560148812733,0.28554980983145845,0.4129718214465528,fearful,06,20,20,female,strong,2320
50,1.6683333333333334,True,1.0,0.47502418286600206,0.5078685292011818,0.4914463560335919,0.8131651644632195,-0.07870370370370372,-0.08351851851851844,0.45898276811090255,0.4973281798947711,0.13447332122878275,0.604362283962326,0.032844346335179686,0.004814814814814716,0.0028809549276799214,0.33028661750738664,0.10778681280811966,0.11875254769904096,0.0,0.9999999987499999,0.6184504256155587,0.2901537344722065,0.32127195338691344,0.4237843291647114,fearful,06,20,20,female,strong,2320
60,2.0020000000000002,True,1.0,0.5270677527528583,0.562384622742343,0.5447261877476006,0.5054397998403023,-0.07694444444444443,-0.08097222222222228,0.44279865682194597,0.4249493147624871,0.1340300547176337,1.0777271356939266,0.03531686998948469,0.004027777777777852,0.018890361591562013,0.5095289775073177,0.11114497172164749,0.11610887866410838,0.0,0.9999999987499999,0.6043538012392456,0.2857404080789709,0.33803844190101906,0.4210300403985607,fearful,06,20,20,female,strong,2320
70,2.3356666666666666,True,1.0,0.5482783247078505,0.5704103986060581,0.5593443616569543,0.9445061829433966,-0.08004629629629628,-0.0849537037037037,0.35356981258218684,0.5620044854849773,0.15986020821954275,0.5922082584084845,0.022132073898207594,0.004907407407407416,0.026073042547516127,0.26317652851739437,0.10236361603506088,0.1182557586039752,0.0,0.9999999987499999,0.6476081881346288,0.3073616110387572,0.31354174164273096,0.4450521429977694,fearful,06,20,20,female,strong,2320
80,2.6693333333333333,True,1.0,0.6101293943479004,0.6449992698709252,0.6275643321094128,0.5921460298738351,-0.07374999999999987,-0.07759259259259277,0.4254097084999532,0.21750870009422787,0.19390744610831734,1.059813458925198,0.034869875523024785,0.003842592592592897,0.019544602908409172,0.4177483139480328,0.10536789560526086,0.12027200582525113,0.0,0.9999999987499999,0.6113418454960109,0.3149045547430992,0.3346482029842475,0.4348453073727549,fearful,06,20,20,female,strong,2320
90,3.003,True,1.0,0.6894502753582901,0.6783835520490957,0.6839169137036929,0.5277216762794806,-0.06800925925925927,-0.07296296296296301,0.4524854069308241,0.10897785091777633,0.20016815745708808,1.295980332900882,0.011066723309194337,0.004953703703703738,0.01544721823504714,0.4486899647033704,0.10433608944008481,0.11846502497257642,0.0,0.9999999987499999,0.6095222829444278,0.3165026518605117,0.3436930732941803,0.45211800946841174,fearful,06,20,20,female,strong,2320
100,3.336666666666667,True,1.0,0.6775394818219321,0.6824743082745995,0.6800068950482658,0.543836571909803,-0.06833333333333336,-0.0716666666666666,0.45333810044323747,0.15959227982153015,0.1890503835011424,1.250388315482849,0.004934826452667407,0.0033333333333332438,0.016584310574095224,0.4570876667008531,0.10489588240930633,0.11699663187402265,0.0,0.9999999987499999,0.6155618722254527,0.3106347767135117,0.31870496513919905,0.4466158761118346,fearful,06,20,20,female,strong,2320
110,3.6703333333333332,True,1.0,0.6344132987201259,0.6648396882728242,0.649626493496475,0.4912222050934235,-0.0644444444444443,-0.06874999999999998,0.4344112770176087,0.08592990666013471,0.19949074418220797,1.322469722990078,0.030426389552698385,0.0043055555555556735,0.014520038364296802,0.511573111232159,0.11865927017024475,0.11339959667560898,0.0,0.9999999987499999,0.5527841257987569,0.2799394515231277,0.35641337282402946,0.4415951354956036,fearful,06,20,20,female,strong,2320
0,0.0,True,1.0,0.6589199995025954,0.6733051751033394,0.6661125873029674,0.8874012791670186,-0.07305555555555554,-0.0794907407407407,0.3359457174156195,0.591312196575037,0.15208533995536935,0.7506328905996514,0.014385175600744038,0.006435185185185155,0.005209646656355939,0.28353975747926036,0.11751721915284978,0.1132447020619519,0.0,0.9999999987499999,0.6193155540888231,0.2868586059265559,0.320914538896632,0.3987290089243421,fearful,06,20,20,female,strong,2321
10,0.33366666666666667,True,1.0,0.773346412590351,0.6390654655516134,0.7062059390709822,0.9480600999626994,-0.08041666666666669,-0.08037037037037031,0.343879446673414,0.651758440018595,0.1430902169548962,0.744895749856752,0.1342809470387376,4.629629629637755e-05,0.022320700767645273,0.2417197056472725,0.09485929237300382,0.11125659185114863,0.0,0.9999999987499999,0.6530084629945728,0.3213065431837038,0.2673008355198634,0.3897069838118199,fearful,06,20,20,female,strong,2321
20,0.6673333333333333,True,1.0,0.6169488166970833,0.5325532897311208,0.574751053214102,0.7477715286102914,-0.07870370370370366,-0.08097222222222222,0.3635991376165758,0.5218463815586873,0.14284371139653726,0.768618530157544,0.08439552696596253,0.0022685185185185586,0.0017594625285807736,0.3170696085901345,0.10095726301265678,0.1144077925776442,0.0,0.7071067807446058,0.6380940871270383,0.29401995589171903,0.23116006134450312,0.3080106882995371,fearful,06,20,20,female,strong,2321
30,1.0010000000000001,True,1.0,0.6071369047820754,0.5628181030261519,0.5849775039041136,0.690052877691454,-0.07634259259259257,-0.08310185185185182,0.3882966827408085,0.5277887983799625,0.13319050945382574,0.8477285188073325,0.04431880175592351,0.006759259259259243,0.012498076617368768,0.3556564999304581,0.11699802130593683,0.11394834926743559,0.0,0.9999999987499999,0.6051805665625626,0.2901006016932862,0.32601727785237467,0.38536720114524814,fearful,06,20,20,female,strong,2321
40,1.3346666666666667,True,1.0,0.714285714285715,0.6169903135857172,0.6656380139357161,0.6570626209533613,-0.07689814814814816,-0.07879629629629631,0.40195826026095244,0.5028209166105917,0.13368338093379684,1.0130511045810404,0.09729540069999776,0.0018981481481481488,0.018500422193580845,0.3558439009735126,0.11358040549449826,0.11355995766289799,0.0,0.9999999987499999,0.5971972134947728,0.29318258574936906,0.31644115428824043,0.3820935465000321,fearful,06,20,20,female,strong,2321
50,1.6683333333333334,True,1.0,0.4751856881614418,0.5048257988914797,0.49000574352646076,0.8195845764311425,-0.07740740740740748,-0.08407407407407408,0.46513372688428334,0.5162659276398818,0.1327515803003547,0.5978708697279013,0.029640110730037916,0.006666666666666599,0.014997746827935027,0.3469761058250039,0.08925357653136401,0.12016205823261783,0.0,0.9999999987499999,0.692204352920856,0.30769416668929556,0.2841624206781707,0.4138796217652062,fearful,06,20,20,female,strong,2321
60,2.0020000000000002,True,1.0,0.5769980506822607,0.5378551526206424,0.5574266016514515,0.5105061230487103,-0.07930555555555563,-0.08148148148148143,0.42074588570228166,0.47105518690218157,0.13679603332668994,1.0919097273947176,0.0391428980616183,0.0021759259259258035,0.028806815519292754,0.5105150040788355,0.12050815054145786,0.11346595942004527,0.0,0.9999999987499999,0.5777506490799444,0.2879042509324959,0.3631915717109616,0.41001175498456216,fearful,06,20,20,female,strong,2321
70,2.3356666666666666,True,1.0,0.6902011156096521,0.6347999202777918,0.662500517943722,1.5132442647763542,-0.08523148148148152,-0.08685185185185179,0.3219480593445101,0.885345474340365,0.15751489962386298,0.4378014398367037,0.05540119533186039,0.001620370370370272,0.03767007687429661,0.1867081246108905,0.10785228521341671,0.11740194885298494,0.0,0.9999999987499999,0.621790147090086,0.31034343615371474,0.3285889230097159,0.4490355153974071,fearful,06,20,20,female,strong,2321
80,2.6693333333333333,True,1.0,0.7054245708623686,0.6609651327383419,0.6831948518003552,1.0804651691155127,-0.08129629629629626,-0.08583333333333326,0.3817691452061685,0.5812481735608614,0.17016333441163642,0.6323154797850913,0.04445943812402675,0.004537037037037006,0.022723958865252587,0.24952380737615104,0.10959352826630052,0.11886364703129848,0.0,0.9999999987499999,0.614085078187525,0.31345346093033827,0.3466054958636572,0.45587970283276313,fearful,06,20,20,female,strong,2321
90,3.003,True,1.0,0.7022290292780733,0.6575626336922789,0.6798958314851761,1.0103039726311018,-0.0791203703703704,-0.08532407407407405,0.3948798394769474,0.532093425585713,0.16999511733900496,0.6729616530305681,0.04466639558579444,0.006203703703703656,0.01652007864704075,0.26283840620765037,0.10515455047998222,0.11709007825104939,0.0,0.9999999987499999,0.6312994437931422,0.31574977587950803,0.33641995527523944,0.45857326239759183,fearful,06,20,20,female,strong,2321
100,3.336666666666667,True,1.0,0.7114076126990542,0.668286559744544,0.6898470862217991,1.0033045790437636,-0.08129629629629631,-0.08574074074074073,0.37458776453438486,0.5793730667717512,0.16930293165215896,0.6875749404824638,0.043121052954510186,0.0044444444444444176,0.02504391497547897,0.26182276777214053,0.10749336102999733,0.11560778103790155,0.0,0.9999999987499999,0.63319315632503,0.31259445672151204,0.3359945528361402,0.4563503778994817,fearful,06,20,20,female,strong,2321
110,3.6703333333333332,True,1.0,0.7046499096692563,0.675020164330746,0.6898350370000011,0.9578262852211522,-0.08032407407407399,-0.0857870370370371,0.3612400928603944,0.6115352436411973,0.16647206000489498,0.7202089226865656,0.02962974533851037,0.005462962962963114,0.010962465232757521,0.2773500981126148,0.10509240824796308,0.1169831085784857,0.0,0.9999999987499999,0.6380554693361721,0.3116120655810135,0.3278841936318393,0.4521729562223621,fearful,06,20,20,female,strong,2321
0,0.0,True,1.0,0.5095210363345081,0.4745180675524609,0.49201955194348446,0.855397935894774,-0.050046296296296366,-0.05032407407407413,0.33738500624659506,0.45283018867924496,0.15087710169185842,0.5751937563758744,0.03500296878204717,0.0002777777777777657,0.006727976062095008,0.3204338948062299,0.11530245904272259,0.11078398688469863,0.0,0.9999999987499999,0.6163288099693003,0.29268864305340025,0.2940175079534277,0.37235425443027476,disgust,07,20,20,female,normal,2322
10,0.33366666666666667,True,1.0,0.5245223443548077,0.488503106679203,0.5065127255170053,0.8472866240925336,-0.048842592592592604,-0.047731481481481486,0.3418505930469323,0.4070050939192481,0.14592172033191883,0.5978056434674557,0.03601923767560472,0.0011111111111111183,0.004922132183447089,0.33144265787721383,0.11728942943301193,0.11314433786522043,0.0,0.9999999987499999,0.613139514165041,0.2875177205999908,0.2956134738072914,0.37728430057385864,disgust,07,20,20,female,normal,2322
20,0.6673333333333333,True,1.0,0.4502363134918829,0.4437183278782047,0.4469773206850438,0.7828242580525391,-0.04555555555555557,-0.047222222222222276,0.347090929279666,0.3506159581919228,0.14379298355323392,0.5709804162137309,0.006517985613678223,0.0016666666666667052,0.001131592771653062,0.3755524716043456,0.1137688386687522,0.11520489255009819,0.0,0.9999999987499999,0.6172474175920368,0.2885043354851801,0.28922010656154956,0.37251988892028004,disgust,07,20,20,female,normal,2322
30,1.0010000000000001,True,1.0,0.38027603706239455,0.3968185640968068,0.3885473005796007,0.8073392021614418,-0.045231481481481484,-0.046296296296296335,0.3857182828990602,0.3889703644403844,0.13681447817067535,0.4812689629580303,0.01654252703441228,0.0010648148148148517,0.004463284645645741,0.3481840808797675,0.1133008719268777,0.11400609134811367,0.0,0.9999999987499999,0.6242533565848214,0.28714927403856244,0.298867334824917,0.3816873789495585,disgust,07,20,20,female,normal,2322
40,1.3346666666666667,True,1.0,0.2531285550882171,0.3085453116179898,0.28083693335310345,0.7808318755853435,-0.04675925925925928,-0.045370370370370394,0.38956205626318197,0.2832257088754866,0.1407351516892881,0.35966376647031295,0.05541675652977274,0.001388888888888884,0.02873166695430783,0.3308622292015252,0.10202815291501328,0.11462327688238584,0.0,0.9999999987499999,0.6367031184426896,0.2936522575861972,0.2670365974813968,0.35209481741983734,disgust,07,20,20,female,normal,2322
50,1.6683333333333334,True,1.0,0.368626275182321,0.39340808055566157,0.38101717786899125,1.2665808217238066,-0.04398148148148151,-0.042546296296296304,0.32453081662451017,0.6156802217776047,0.13681057459816406,0.30082342266198997,0.02478180537334057,0.001435185185185206,0.012891810611896279,0.2347789972077671,0.1090155508197369,0.11566558221848847,0.0,0.9999999987499999,0.6176470171037164,0.29257147252766347,0.2959198715135199,0.3790632325573355,disgust,07,20,20,female,normal,2322
60,2.0020000000000002,True,1.0,0.4510450870089002,0.38096960527297113,0.4160073461409357,0.5805890183255099,-0.04425925925925933,-0.04189814814814813,0.3555255380709366,0.3211412766216886,0.13756533525083128,0.7165263775411255,0.07007548173592909,0.0023611111111112026,0.015799620134273062,0.428149297579166,0.1141950659963472,0.11209522586298247,0.0,0.9999999987499999,0.6016722653748999,0.29193837768747755,0.2706295612413808,0.3479334385412641,disgust,07,20,20,female,normal,2322
70,2.3356666666666666,True,1.0,0.4197190696111331,0.44423581261757505,0.4319774411143541,0.8448116396066271,-0.04444444444444451,-0.04472222222222222,0.3181614058530413,0.48397343784677566,0.13992453100184066,0.511329888062974,0.024516743006441966,0.0002777777777777102,0.006599042597169725,0.29368839136919894,0.11767219805178872,0.11442353223407052,0.0,0.9999999987499999,0.6053837492965937,0.2866893217400542,0.30880235248889154,0.38255431906986853,disgust,07,20,20,female,normal,2322
80,2.6693333333333333,True,1.0,0.5259355585872926,0.518883693189195,0.5224096258882438,1.0635875726469284,-0.04500000000000004,-0.04726851851851849,0.3187450811323811,0.5403050108932469,0.1445479323872421,0.4911768803279017,0.007051865398097545,0.0022685185185184475,0.012722127412296709,0.2304446248894351,0.11738082404498273,0.11587907793109387,0.0,0.9999999987499999,0.5993651534520059,0.2904065519290434,0.3087745311571843,0.373196371112292,disgust,07,20,20,female,normal,2322
90,3.003,True,1.0,0.5646283181346006,0.5671073608554607,0.5658678394950306,1.0040219003076083,-0.04680555555555549,-0.049861111111111134,0.3386038586985254,0.5184482835382926,0.14518146123745232,0.5636010920893879,0.0024790427208600807,0.0030555555555556446,0.009929145373656986,0.2679086523479889,0.10725159651299461,0.11400847917819588,0.0,0.9999999987499999,0.645562769295218,0.3003501519192816,0.292860058198976,0.4299471535309022,disgust,07,20,20,female,normal,2322
100,3.336666666666667,True,1.0,0.5656535185663734,0.5763062027648497,0.5709798606656116,0.9700554591379411,-0.046018518518518514,-0.04865740740740737,0.33894950149552117,0.48500568772124353,0.14518146123745232,0.5886053784729216,0.010652684198476314,0.0026388888888888573,0.011904161072915842,0.2769894897066882,0.10666016986921673,0.1142288866594558,0.0,0.9999999987499999,0.6493062920246224,0.298758638688763,0.2839216023708176,0.42208783818874585,disgust,07,20,20,female,normal,2322
110,3.6703333333333332,True,1.0,0.5368534111865065,0.522661758428528,0.5297575848075173,0.9819160322526108,-0.047314814814814754,-0.04972222222222217,0.33127775675766874,0.5163281148199261,0.1424816417373858,0.5395141411350642,0.014191652757978512,0.0024074074074074137,0.013371603479756761,0.2914449780102555,0.11705331401151099,0.11237592910189573,0.0,0.9999999987499999,0.60875802734375,0.2895147858710612,0.29509258232478974,0.3644346322124625,disgust,07,20,20,female,normal,2322
0,0.0,True,1.0,0.6768396658420583,0.5853425939775898,0.6310911299098241,0.5804755713705154,-0.050138888888888955,-0.05546296296296305,0.3323676482048033,0.3444445760436537,0.15078824625552084,1.0871967073821973,0.09149707186446854,0.005324074074074092,0.05907930410134726,0.4402908276622177,0.10265692011848634,0.11118466276401379,0.0,0.9999999987499999,0.6341907190845089,0.2982572615890193,0.2523951561621386,0.322462914800202,disgust,07,20,20,female,normal,2323
10,0.33366666666666667,True,1.0,0.5858217963783484,0.4576797330394158,0.5217507647088822,0.5449833914891081,-0.04694444444444462,-0.049120370370370425,0.34243631575518546,0.3243787407383453,0.14180446729368024,0.9573700278888402,0.12814206333893263,0.0021759259259258035,0.06712201338501537,0.4803339557681264,0.10344283419097032,0.10993516586735874,0.0,0.9999999987499999,0.6323784897318303,0.2969443062813536,0.24685160116639449,0.3176189161892723,disgust,07,20,20,female,normal,2323
20,0.6673333333333333,True,1.0,0.6045160756818033,0.44684674311186984,0.5256814093968366,0.613478271597483,-0.0470370370370371,-0.045231481481481484,0.36295760648823033,0.2810575816271744,0.13966665907031708,0.8568867614951945,0.15766933256993348,0.0018055555555556158,0.07730129395532435,0.417200785449882,0.1043799927496416,0.10781581572700609,0.0,0.9999999987499999,0.6357732801167343,0.29832393741334196,0.24661023840483454,0.31322517472843797,disgust,07,20,20,female,normal,2323
30,1.0010000000000001,True,1.0,0.5460120929484968,0.4663689028648917,0.5061904979066942,0.794076836328219,-0.04546296296296304,-0.04675925925925922,0.3978562757455763,0.33792470156106535,0.13967928311513716,0.6374578312185755,0.07964319008360515,0.0012962962962961844,0.03647444698793804,0.324751934275884,0.10581719782444012,0.11044702098796898,0.0,0.9999999987499999,0.6233874012182998,0.29735293682170505,0.26305842588710077,0.3402510308950962,disgust,07,20,20,female,normal,2323
40,1.3346666666666667,True,1.0,0.2569834512035919,0.2373348274472076,0.24715913932539973,0.7148853887517452,-0.041666666666666685,-0.04425925925925933,0.37985703449046054,0.2962620980168971,0.1371820303280524,0.34573253729099435,0.019648623756384292,0.0025925925925926463,0.029098873386986975,0.37119511729322074,0.11134656114157046,0.11492517600896528,0.0,0.9999999987499999,0.6085594217218138,0.29022351855427087,0.30071339789212326,0.37377079132230684,disgust,07,20,20,female,normal,2323
50,1.6683333333333334,True,1.0,0.30203136886687276,0.262805420700017,0.2824183947834449,0.9132825538252648,-0.04259259259259257,-0.043703703703703745,0.35293259025293827,0.4564340906147835,0.1364335926115751,0.3092344133812054,0.03922594816685576,0.0011111111111111738,0.01909746256409976,0.3112426481251949,0.1169521870402126,0.11315665910084119,0.0,0.9999999987499999,0.6093978628717112,0.28892529915961945,0.3137488455084446,0.3907114320614104,disgust,07,20,20,female,normal,2323
60,2.0020000000000002,True,1.0,0.4538482456269722,0.39275394004909875,0.42330109283803546,0.7269498868987184,-0.03861111111111121,-0.04314814814814805,0.3619320737715036,0.323063600263717,0.14201611737588668,0.5822974877180378,0.06109430557787343,0.00453703703703684,0.03422769498886962,0.37497070655778053,0.10573048776584029,0.1110459346410873,0.0,0.9999999987499999,0.6175636563062725,0.3026867556471029,0.26532635533138005,0.32224182164674103,disgust,07,20,20,female,normal,2323
70,2.3356666666666666,True,1.0,0.5219741793329209,0.4824165482172717,0.5021953637750963,0.9089764614923592,-0.04402777777777789,-0.04800925925925931,0.2953412454717216,0.4948485260592258,0.14854716572117224,0.5524844537234672,0.039557631115649194,0.003981481481481419,0.034890120804945274,0.28747754169429807,0.10504116251631379,0.11152751173100915,0.0,0.9999999987499999,0.6329501334127401,0.2968484825242958,0.25770159030016637,0.31658339559658577,disgust,07,20,20,female,normal,2323
80,2.6693333333333333,True,1.0,0.5500851933773955,0.4942879895084757,0.5221865914429356,1.0850104537203178,-0.04550925925925936,-0.05217592592592596,0.319548341377189,0.5599115271436305,0.14398386631760382,0.4812733275079939,0.05579720386891979,0.006666666666666599,0.04657554596337839,0.2418211068287238,0.11479862593986681,0.10958095098401893,0.0,0.9999999987499999,0.6043536273493773,0.2921622676828113,0.29325300536234056,0.36035407041779083,disgust,07,20,20,female,normal,2323
90,3.003,True,1.0,0.5798426963703113,0.5226930152141644,0.5512678557922379,0.9527016690718547,-0.046018518518518514,-0.05291666666666667,0.3333333333333331,0.5271491384092768,0.14322824599872444,0.5786363913157584,0.057149681156146825,0.006898148148148153,0.05288950670636283,0.28337987265409587,0.11776604458543657,0.11060001274927936,0.0,0.9999999987499999,0.5939840296821853,0.2902987063509553,0.3078072318023255,0.3780452184406069,disgust,07,20,20,female,normal,2323
100,3.336666666666667,True,1.0,0.614250797927286,0.5375161375963152,0.5758834677618005,0.934292466348494,-0.046018518518518514,-0.05342592592592593,0.33652323873134155,0.5176746433525439,0.14459701045061352,0.6163845781744688,0.07673466033097076,0.007407407407407418,0.057856251620864184,0.30131284900206706,0.10179889463184931,0.11382706601023578,0.0,0.9999999987499999,0.6644958404064749,0.30974135423645777,0.2927555422573097,0.41209500767550505,disgust,07,20,20,female,normal,2323
110,3.6703333333333332,True,1.0,0.6068745829643425,0.5368949876447043,0.5718847853045235,0.9355152749689152,-0.045925925925925926,-0.0524074074074074,0.32888553687898076,0.5276776628661523,0.14530910344663114,0.6113045939560161,0.06997959531963815,0.006481481481481477,0.06797503353902035,0.29650863909787406,0.10304849402891764,0.1132030725106059,0.0,0.9999999987499999,0.6640525772965437,0.31004363407364843,0.29260826396168743,0.4110652849584523,disgust,07,20,20,female,normal,2323
0,0.0,True,1.0,0.5686062031248622,0.5056611354603188,0.5371336692925905,0.5643478193964921,-0.04884259259259266,-0.050925925925925986,0.3359466562594073,0.40165072373629995,0.14248343983103814,0.9517776995523716,0.06294506766454344,0.002083333333333326,0.016540155933700455,0.44395870385095915,0.11833297625086575,0.11171190753188409,0.0,0.9999999987499999,0.5990928161967912,0.28898678510894105,0.29670681016591,0.37056219068815455,disgust,07,20,20,female,normal,2324
10,0.33366666666666667,True,1.0,0.489548112143434,0.41308456445963937,0.4513163383015367,0.5469286450877271,-0.051712962962962905,-0.05111111111111116,0.3407499062735771,0.4187422438952914,0.13576528337634572,0.8251832160466669,0.07646354768379465,0.0006018518518517424,0.02560506115540224,0.4580983802378721,0.11951426982980427,0.11010165741187718,0.0,0.9999999987499999,0.5986311799407262,0.2908647731475089,0.29719240613333836,0.3705687226283872,disgust,07,20,20,female,normal,2324
20,0.6673333333333333,True,1.0,0.3401822635451877,0.2798436217600606,0.31001294265262413,0.6577498543932688,-0.05486111111111108,-0.056805555555555554,0.3257732099879881,0.4532617124496062,0.13571750881723527,0.47132346830937843,0.0603386417851271,0.0019444444444444708,0.011302272769511687,0.3961474171388461,0.10994421678341237,0.1114141260155248,0.0,0.9999999987499999,0.6223456566532863,0.2932562340458967,0.26726167410253365,0.34861527683521937,disgust,07,20,20,female,normal,2324
30,1.0010000000000001,True,1.0,0.3359653451541198,0.3272638074999561,0.33161457632703795,0.7605824923892103,-0.05259259259259258,-0.05601851851851858,0.35839052383734926,0.39602795739238694,0.13658170076520815,0.43600080155058574,0.008701537654163705,0.003425925925925999,0.004114575274943239,0.352082553892047,0.11314583825396922,0.11382569057475973,0.0,0.9999999987499999,0.6085468374771784,0.28942826245629644,0.29727181764250254,0.3736571783440428,disgust,07,20,20,female,normal,2324
40,1.3346666666666667,True,1.0,0.19543206220797602,0.1647714618585416,0.1801017620332588,0.6969468852722847,-0.053518518518518576,-0.055277777777777815,0.3745274408967988,0.3105958945235183,0.13959898768630138,0.2584153338498619,0.030660600349434408,0.0017592592592592382,0.006119597319475657,0.37969891953273766,0.11646984325282747,0.1119641893178724,0.0,0.9999999987499999,0.6039653133753501,0.29119823942453726,0.30102977461824765,0.37444112776120064,disgust,07,20,20,female,normal,2324
50,1.6683333333333334,True,1.0,0.2740194285247818,0.2635568163194669,0.26878812242212435,0.7178469149227444,-0.05180555555555555,-0.05504629629629626,0.4123528961225462,0.35890245974325113,0.13072433203811137,0.3744365502372489,0.010462612205314858,0.0032407407407407107,0.00029356237156706057,0.3682693378464362,0.11414430789977675,0.11582407598935968,0.0,0.9999999987499999,0.6158066367328182,0.2886335946835447,0.31785946712878943,0.39727343415978866,disgust,07,20,20,female,normal,2324
60,2.0020000000000002,True,1.0,0.45296888542293634,0.44361167558832687,0.4482902805056316,0.7519315081744451,-0.04731481481481481,-0.04949074074074078,0.3738054285520569,0.391004384250712,0.13707520771432996,0.5961849924257064,0.00935720983460947,0.00217592592592597,0.011301956651779788,0.33809207325815804,0.1180570974850884,0.11268176905016476,0.0,0.9999999987499999,0.6044120043876926,0.2868104371231624,0.3106994887261733,0.38771950589423154,disgust,07,20,20,female,normal,2324
70,2.3356666666666666,True,1.0,0.48564782708579546,0.45667370337834423,0.47116076523206984,0.9147784172376531,-0.047731481481481486,-0.05009259259259269,0.31876424067885334,0.47495331394272394,0.1468793350834498,0.5150545272535278,0.028974123707451227,0.0023611111111112026,0.019038342235769196,0.2596001966120588,0.12071919659716658,0.11120416582325106,0.0,0.9999999987499999,0.5946380503138756,0.28976804530350875,0.31668106272988483,0.38139504694042214,disgust,07,20,20,female,normal,2324
80,2.6693333333333333,True,1.0,0.570221978620215,0.5216920102543937,0.5459569944373044,0.9895585251088758,-0.04597222222222219,-0.05009259259259263,0.3312148128510775,0.5114584711385267,0.1453930865170822,0.551717741380921,0.04852996836582124,0.004120370370370441,0.02920647342560912,0.26904391363689517,0.1165527184378455,0.11102318750682319,0.0,0.9999999987499999,0.5956230220838336,0.2952297809243484,0.29540791041208114,0.3654310416922639,disgust,07,20,20,female,normal,2324
90,3.003,True,1.0,0.6205450733752629,0.5477040474322915,0.5841245604037772,0.9570843673835043,-0.04597222222222225,-0.051574074074073994,0.32141234186936296,0.5042227390799853,0.14598444784120584,0.6103166871282918,0.07284102594297137,0.005601851851851747,0.04147695582111354,0.28842196169193035,0.11611180605205162,0.10993542334868027,0.0,0.9999999987499999,0.6016820311952905,0.2884116538169392,0.28584378131552524,0.3761343440809521,disgust,07,20,20,female,normal,2324
100,3.336666666666667,True,1.0,0.6709921776537378,0.5826745734232212,0.6268333755384794,0.8520808751247033,-0.047222222222222165,-0.051342592592592606,0.3343973344930697,0.48540972149599754,0.1452907256788673,0.7356500935979128,0.0883176042305166,0.004120370370370441,0.04578825511370641,0.30944303446661026,0.11470327432827127,0.10845801289773371,0.0,0.9999999987499999,0.6142069985884979,0.29108297100300623,0.2728307735834538,0.35952727577223664,disgust,07,20,20,female,normal,2324
0,0.0,True,1.0,0.5185185185185169,0.4356368424705016,0.47707768049450927,0.5403118895653202,-0.05703703703703705,-0.06217592592592591,0.34118290390728123,0.33981767060268947,0.1485640058007491,0.8829672078441904,0.08288167604801533,0.0051388888888888595,0.04765647464261076,0.4546996912754045,0.10070510998650334,0.11193895488019064,0.0,0.9999999987499999,0.6425840794442776,0.29482517923959806,0.24864678857007752,0.3231921118211224,disgust,07,20,20,female,normal,2325
10,0.33366666666666667,True,1.0,0.5738636614100415,0.4954222605905302,0.5346429610002859,0.5574121938460491,-0.04768518518518522,-0.049537037037037046,0.3354950568042712,0.3501119050441458,0.14427908537036344,0.9591518931642679,0.07844140081951134,0.0018518518518518268,0.05500960645906171,0.47217668268576174,0.1052153071060397,0.10963909599706603,0.0,0.9999999987499999,0.6354672266172093,0.2966157022395135,0.25827026230489875,0.3225508777338051,disgust,07,20,20,female,normal,2325
20,0.6673333333333333,True,1.0,0.3867788950366038,0.3432126857418789,0.36499579038924135,0.6926373501679796,-0.048518518518518516,-0.04958333333333337,0.33708225300583655,0.3994323218711306,0.13567752763487356,0.5269652153478612,0.04356620929472488,0.0010648148148148517,0.05623208777373272,0.3783328500741299,0.10352160445025935,0.11055249360445554,0.0,0.9999999987499999,0.6411948374037115,0.2932433399866225,0.24007195803462514,0.30666321521718376,disgust,07,20,20,female,normal,2325
30,1.0010000000000001,True,1.0,0.39537398159297354,0.3215891345916123,0.35848155809229293,0.8454582325256899,-0.04500000000000004,-0.04611111111111116,0.3434835605406261,0.3967431891228019,0.1396230123540682,0.42400859593191104,0.07378484700136123,0.0011111111111111183,0.04991256667202935,0.3239243576756666,0.10691280508167669,0.11196890248442362,0.0,0.9999999987499999,0.6095638384885205,0.3004911647426424,0.2579921630398643,0.31802197318916203,disgust,07,20,20,female,normal,2325
40,1.3346666666666667,True,1.0,0.18588771062079337,0.16411994029196533,0.17500382545637935,0.7817873405906004,-0.04638888888888898,-0.04819444444444454,0.3590604026845639,0.34890965732087226,0.13379859985887232,0.2238509328178337,0.02176777032882804,0.0018055555555555602,0.042882484512079794,0.3353970461203023,0.10605104179988291,0.11004951788405984,0.0,0.9999999987499999,0.6269906249218438,0.2988168203927062,0.24669833072226754,0.3151339489473046,disgust,07,20,20,female,normal,2325
50,1.6683333333333334,True,1.0,0.19255630179518876,0.1514723881030549,0.17201434494912182,0.6875937490531943,-0.0556018518518519,-0.05847222222222226,0.395365369694476,0.29128402360948985,0.13586415141239222,0.2501685700109736,0.04108391369213385,0.0028703703703703565,0.03743127905527714,0.355046448181007,0.10378172861085619,0.11133980834329536,0.0,0.9999999987499999,0.6348228599017732,0.296117997530481,0.25468076134829065,0.3252044726850927,disgust,07,20,20,female,normal,2325
60,2.0020000000000002,True,1.0,0.4160756501182031,0.3732003076989884,0.39463797890859575,0.5548396663136133,-0.04175925925925922,-0.04421296296296301,0.36082713618628093,0.2772680937818554,0.13945025441636924,0.7112648984356026,0.0428753424192147,0.002453703703703791,0.042942189375835174,0.46391417741279434,0.10709312853199955,0.11162589703013126,0.0,0.9999999987499999,0.6229997831320028,0.2953609814234829,0.25525477493569015,0.3229872510027404,disgust,07,20,20,female,normal,2325
70,2.3356666666666666,True,1.0,0.39909111978032397,0.3564338050979463,0.37776246243913514,0.7997446030410673,-0.036898148148148124,-0.0402777777777778,0.32479393145102003,0.37309757330613746,0.1388311783313502,0.47235387522801053,0.042657314682377656,0.003379629629629677,0.040359344751060455,0.3279224000494491,0.1155069320853877,0.10918363371624937,0.0,0.9999999987499999,0.6047242723730116,0.2948556707744169,0.28324447247664636,0.3421877160717412,disgust,07,20,20,female,normal,2325
80,2.6693333333333333,True,1.0,0.4008576444563092,0.38556559150760894,0.3932116179819591,0.9491801646845371,-0.03925925925925916,-0.043287037037037124,0.32633812445788374,0.43124259687261124,0.14107825723630882,0.41426447013106743,0.015292052948700285,0.004027777777777963,0.05241757027839633,0.28622894381704606,0.11453473237975208,0.11225845037358322,0.0,0.9999999987499999,0.5977215522693452,0.2940069332034278,0.30004990419565386,0.3667105592279053,disgust,07,20,20,female,normal,2325
90,3.003,True,1.0,0.5130007379439164,0.4578723829992996,0.485436560471608,0.8710983119607519,-0.041296296296296275,-0.04587962962962966,0.35010270385596787,0.41932671590950493,0.13833570390650657,0.5572695455911751,0.05512835494461682,0.004583333333333384,0.04177570584713133,0.31461886443749587,0.11695758531552782,0.11213627024441891,0.0,0.9999999987499999,0.5980538061630902,0.29174887490169193,0.3057603212716878,0.37711895790564165,disgust,07,20,20,female,normal,2325
100,3.336666666666667,True,1.0,0.570386641852021,0.5105920206153453,0.5404893312336831,0.8535316334044228,-0.04240740740740728,-0.04662037037037042,0.3444446954264076,0.4347439914922028,0.1397231886425602,0.6332387811777644,0.05979462123667578,0.0042129629629631404,0.038274854969344824,0.30816794083246946,0.11852180807877129,0.10926789667835797,0.0,0.9999999987499999,0.5999868220882103,0.2923868683258336,0.3034547384067157,0.374400535787143,disgust,07,20,20,female,normal,2325
110,3.6703333333333332,True,1.0,0.6040683242861186,0.53237769521958,0.5682230097528493,0.8529256624729589,-0.04175925925925916,-0.0468055555555556,0.332396071449171,0.46046331770583465,0.13976031418470314,0.666204611671963,0.07169062906653856,0.0050462962962964375,0.03940152880371393,0.320582237785156,0.11683944626319229,0.11020397585245052,0.0,0.9999999987499999,0.6038427755555348,0.29150509950029524,0.29435003171091817,0.36561327306195995,disgust,07,20,20,female,normal,2325
0,0.0,True,1.0,0.5365516505141862,0.5072289530285741,0.5218903017713801,0.9690721845402172,-0.04902777777777778,-0.05166666666666664,0.31649274733723487,0.538373435855676,0.14257531733452367,0.5385463643443594,0.029322697485612115,0.0026388888888888573,0.016749444030244347,0.27146570680762777,0.11745444120405679,0.1091999031301077,0.0,0.9999999987499999,0.6174537051539365,0.28539448864614414,0.2888519021244212,0.375036739676391,disgust,07,20,20,female,strong,2326
10,0.33366666666666667,True,1.0,0.613130642552765,0.5801836285081504,0.5966571355304577,0.9242983940148819,-0.049907407407407345,-0.05078703703703702,0.3194929233993411,0.5421365580279593,0.14385398752402553,0.6455243667997232,0.03294701404461453,0.0008796296296296746,0.008453004797082195,0.27043269230769246,0.11876664575688907,0.11210373386441365,0.0,0.9999999987499999,0.6171864335734294,0.2808535880014378,0.29747650600733744,0.38824806462589656,disgust,07,20,20,female,strong,2326
20,0.6673333333333333,True,1.0,0.4525822820440299,0.47884040650390836,0.4657113442739691,1.005662401518273,-0.05587962962962961,-0.0566666666666667,0.31970767663327687,0.5566778900112244,0.14228786331239554,0.4630891475816073,0.026258124459878462,0.000787037037037086,0.009578420516269524,0.2617572983444387,0.10945980323955361,0.11223011026111006,0.0,0.9999999987499999,0.634107327962435,0.2840012496032215,0.2772290282274818,0.39043147326226785,disgust,07,20,20,female,strong,2326
30,1.0010000000000001,True,1.0,0.4662164341804917,0.42876450445204145,0.44749046931626657,0.857243657921786,-0.04837962962962966,-0.04921296296296296,0.37546232971349114,0.45115890490466615,0.13901243013551257,0.5220108252548835,0.03745192972845024,0.0008333333333332971,0.013168747997347945,0.3059061575463573,0.11742993225120556,0.11249155797978207,0.0,0.9999999987499999,0.621469128268495,0.28565065451674654,0.3047364809520164,0.39548359463879207,disgust,07,20,20,female,strong,2326
40,1.3346666666666667,True,1.0,0.24549068201466653,0.26312983771809123,0.2543102598663789,0.7093883915005661,-0.05125000000000002,-0.051018518518518574,0.3741806570770846,0.31675666845367756,0.14029137405962366,0.35849227716912246,0.017639155703424697,0.00023148148148144365,0.019022099507972696,0.3613226119109621,0.11234433766689109,0.1169208005811709,0.0,0.9999999987499999,0.624617704659989,0.2830462426723341,0.29493273999864933,0.382461891957492,disgust,07,20,20,female,strong,2326
50,1.6683333333333334,True,1.0,0.5380420346124578,0.5348229685808966,0.5364325015966772,1.6335732633352302,-0.04879629629629628,-0.046666666666666745,0.2969433760642049,0.778646670387579,0.13894818205926357,0.3283798245457659,0.0032190660315611908,0.002129629629629537,0.022766317730633874,0.17042240583456664,0.116356369943365,0.11443712035945106,0.0,0.9999999987499999,0.6053873789593963,0.2890928199269162,0.3070367995054715,0.388543094522613,disgust,07,20,20,female,strong,2326
60,2.0020000000000002,True,1.0,0.6135015713862039,0.6073696079328345,0.6104355896595192,0.6482499708518838,-0.051527777777777894,-0.051944444444444515,0.3459627512316129,0.3391262318727311,0.1506947007106276,0.9416669758693984,0.006131963453369416,0.0004166666666666208,0.020201573301161783,0.35820071257223085,0.1212154432391787,0.11049073850899553,0.0,0.9999999987499999,0.6046482316832984,0.2805518229410876,0.31032114183311776,0.3931923802223262,disgust,07,20,20,female,strong,2326
70,2.3356666666666666,True,1.0,0.671533237625239,0.597311538082893,0.634422387854066,1.078394163542208,-0.054166666666666696,-0.05111111111111111,0.29634882381295585,0.642471040482625,0.1438556375136005,0.588302875981983,0.07422169954234603,0.003055555555555589,0.0026994500667743182,0.24641074752434045,0.11891959114299096,0.11057152686248577,0.0,0.9999999987499999,0.5901387247789741,0.2955155994684478,0.28943768401040115,0.3474095894070075,disgust,07,20,20,female,strong,2326
80,2.6693333333333333,True,1.0,0.6235759457898555,0.5784379686764779,0.6010069572331667,1.0521541950113373,-0.04791666666666666,-0.05041666666666672,0.311111111111111,0.5804988662131515,0.14546705640639696,0.5712156640944539,0.045137977113377636,0.0025000000000000577,0.02214826790097027,0.2230603448275861,0.11924861341517211,0.11176151142834219,0.0,0.9999999987499999,0.5964032907616171,0.28349653229312477,0.3029471489195884,0.36981433433372124,disgust,07,20,20,female,strong,2326
90,3.003,True,1.0,0.570230607966458,0.498056889290968,0.5341437486287129,1.0177895078314108,-0.04129629629629622,-0.04527777777777786,0.3268225866764035,0.49115518626533927,0.147941938220433,0.524807678325163,0.07217371867549,0.003981481481481641,0.043846931196068535,0.27599817605488464,0.1204905540456591,0.10990260134096809,0.0,0.9999999987499999,0.5937943925695278,0.2883929539294974,0.31558301555795076,0.38253002120613117,disgust,07,20,20,female,strong,2326
100,3.336666666666667,True,1.0,0.469716395401296,0.43043719208912046,0.45007679374520826,0.519522401467952,-0.03949074074074077,-0.04300925925925919,0.3669895990034603,0.21365799131319718,0.1487116995136614,0.8663279821495288,0.03927920331217555,0.003518518518518421,0.057293788942875325,0.4663811041769799,0.12078890913591661,0.11095686732317955,0.0,0.9999999987499999,0.5882415939657113,0.2850841587672526,0.3229469325977409,0.3814937860734236,disgust,07,20,20,female,strong,2326
110,3.6703333333333332,True,1.0,0.4945717116099711,0.4534567269264931,0.47401421926823206,0.5302467547800099,-0.04569444444444448,-0.05212962962962969,0.3605699106340523,0.29615228891416273,0.1501835018519532,0.8939502505109951,0.04111498468347802,0.00643518518518521,0.040377539256442364,0.4639141774127967,0.11543625244022561,0.11115994007190816,0.0,0.9999999987499999,0.5961450290194203,0.2885066930329927,0.3010715527748285,0.361563735992908,disgust,07,20,20,female,strong,2326
120,4.0040000000000004,True,1.0,0.48041705683258745,0.4412596155905308,0.4608383362115591,0.5709197928228188,-0.05106481481481484,-0.05824074074074076,0.3493362911047897,0.35881753312946,0.15394921226403788,0.8071857763645222,0.03915744124205667,0.007175925925925919,0.03615111203017488,0.4668860676412213,0.10459009171832705,0.11414156003716387,0.0,0.9999999987499999,0.6454469046915642,0.3108180762182961,0.30371195586400235,0.41615651202599035,disgust,07,20,20,female,strong,2326
0,0.0,True,1.0,0.250460658987592,0.2180293501048222,0.23424500454620711,0.5296051133317433,-0.060694444444444495,-0.0652314814814815,0.34006210732719855,0.3758487901063989,0.1411890760024026,0.442301251724276,0.03243130888276982,0.004537037037037006,0.03791687405532345,0.43667697969938485,0.11494314729603095,0.10977700178423677,0.0,0.9999999987499999,0.5971237751194227,0.2966786159651829,0.2917463728720182,0.356740302432408,disgust,07,20,20,female,strong,2327
10,0.33366666666666667,True,1.0,0.4528839736396053,0.4278891299707256,0.44038655180516545,0.5980184733693952,-0.057731481481481495,-0.061435185185185204,0.3335226658164133,0.3758487901063984,0.14938992110353244,0.736409611769868,0.024994843668879718,0.003703703703703709,0.040011973081224936,0.4508478960261807,0.11267830311868829,0.11004212769093823,0.0,0.9999999987499999,0.6037364455078906,0.28818495779795444,0.2901042168509505,0.36401657462644554,disgust,07,20,20,female,strong,2327
20,0.6673333333333333,True,1.0,0.5107167557469591,0.42630979572222066,0.4685132757345899,0.6227203979650029,-0.0537962962962964,-0.05791666666666673,0.316151901446712,0.38462142227250234,0.15029158018998628,0.7523653910577706,0.08440696002473841,0.00412037037037033,0.04775374221479206,0.41464737410592817,0.10914272809149213,0.11236906661452224,0.0,0.9999999987499999,0.6023935389702757,0.2908996912699753,0.28507185278991587,0.3503495416399674,disgust,07,20,20,female,strong,2327
30,1.0010000000000001,True,1.0,0.5066045475181282,0.4600856791042163,0.48334511331117225,1.0026270189918813,-0.05842592592592599,-0.06435185185185183,0.34980275839999914,0.5748868577812863,0.14413147627712777,0.48207868345415705,0.046518868413911896,0.0059259259259258346,0.024849690096380283,0.27171798011464054,0.10301624678309207,0.1108518172208458,0.0,0.9999999987499999,0.644204117013993,0.29202665198386424,0.27490748325111125,0.3596688092695746,disgust,07,20,20,female,strong,2327
40,1.3346666666666667,True,1.0,0.3076923076923071,0.2800263452655558,0.2938593264789314,0.6494306443873843,-0.060462962962962996,-0.06486111111111104,0.36382362149055075,0.2550419907818946,0.16055405583427368,0.45248761976135643,0.02766596242675129,0.00439814814814804,0.02843034962108038,0.4023462526965534,0.10918302088243201,0.11351095898878605,0.0,0.9999999987499999,0.6098747584189925,0.28816065034604127,0.3003433322973624,0.3824377311370694,disgust,07,20,20,female,strong,2327
50,1.6683333333333334,True,1.0,0.3619438251998144,0.37301849598406084,0.3674811605919376,0.38061156967359944,-0.053101851851851734,-0.05564814814814811,0.39878210518884666,0.17620906003407388,0.1500859332299854,0.9655018130612212,0.011074670784246454,0.0025462962962963798,0.00527183037931378,0.6884969078452566,0.10996639435960916,0.11459583497851653,0.0,0.9999999987499999,0.6125251382896909,0.2834981152468251,0.2961140888376374,0.37023966967819055,disgust,07,20,20,female,strong,2327
60,2.0020000000000002,True,1.0,0.3754170451794591,0.3972724625603427,0.3863447538699009,1.2425712993089542,-0.06361111111111112,-0.06754629629629616,0.3274399360643941,0.629895394422189,0.15720139196621616,0.3109236098441702,0.02185541738088359,0.003935185185185042,0.007818680380629025,0.23477899720776654,0.09901406957942065,0.11592938382940451,0.0,0.9999999987499999,0.6459821530487195,0.30991218098374484,0.30027899812579256,0.41697502197256925,disgust,07,20,20,female,strong,2327
70,2.3356666666666666,True,1.0,0.2137554272698958,0.225397720697156,0.2195765739835259,0.6455697109093974,-0.07240740740740742,-0.07435185185185178,0.3947754911286394,0.3150372051781133,0.15876641189498156,0.340128370759858,0.011642293427260197,0.0019444444444443598,0.03297923188069829,0.4237629709437027,0.09950086818006779,0.11551184026260207,0.0,0.9999999987499999,0.6517528481001775,0.3072911169373497,0.30976451977179337,0.431949862066865,disgust,07,20,20,female,strong,2327
80,2.6693333333333333,True,1.0,0.5217532114987145,0.5515997488894158,0.5366764801940651,0.8549171240924156,-0.06231481481481482,-0.06319444444444444,0.32493537693423413,0.5028618408173753,0.159239208000743,0.6277526383201221,0.02984653739070131,0.0008796296296296191,0.011720131488911295,0.29777600628137096,0.11653218718773643,0.11574905710181585,0.0,0.9999999987499999,0.5988709429865696,0.28748394936751853,0.32122203357888385,0.35974157376533233,disgust,07,20,20,female,strong,2327
90,3.003,True,1.0,0.5564568711155323,0.5371130941945876,0.5467849826550599,0.9004567413499863,-0.0555092592592592,-0.0625,0.3578938475065581,0.3662708422511968,0.17475318794668915,0.6072307058696754,0.01934377692094469,0.006990740740740797,0.009015822200530672,0.3055413070297757,0.11570049691318272,0.11105656043629582,0.0,0.9999999987499999,0.585835366826418,0.28253607611602805,0.3197848056304483,0.37887908091414085,disgust,07,20,20,female,strong,2327
100,3.336666666666667,True,1.0,0.32182382250979125,0.2500987526815677,0.2859612875956795,0.48382306667661273,-0.06625000000000003,-0.06574074074074077,0.3641188151850228,0.16363329329851753,0.16684163269770108,0.591045171864069,0.07172506982822352,0.0005092592592592649,0.04265850160257721,0.463706380555552,0.10549087666303114,0.11006853751706383,0.0,0.9999999987499999,0.5939165499481042,0.3181870521572561,0.2954063666551923,0.38676776900981635,disgust,07,20,20,female,strong,2327
110,3.6703333333333332,True,1.0,0.2794532581325719,0.20878360124140105,0.24411842968698647,0.31428987218425025,-0.07254629629629628,-0.0748611111111111,0.41454175929633946,0.1294673822034645,0.1667130469320296,0.776730182205406,0.07066965689117083,0.002314814814814825,0.020722749072988125,0.7865895080733463,0.10897449799729059,0.11168250210125413,0.0,0.9999999987499999,0.6034044746570504,0.2867755893259972,0.286306194923003,0.35735975180140284,disgust,07,20,20,female,strong,2327
120,4.0040000000000004,True,1.0,0.5756895149505423,0.4985612826434276,0.537125398796985,0.6571003747266976,-0.05995370370370373,-0.055787037037037024,0.29460528844491884,0.45361395187554304,0.15420405914812824,0.8174175810208405,0.07712823230711474,0.004166666666666707,0.02521169125808091,0.35801519155889355,0.10050505328392728,0.10971384505084844,0.0,0.9999999987499999,0.6222299492062451,0.31916362403840703,0.28292311474400766,0.3898420697728258,disgust,07,20,20,female,strong,2327
0,0.0,True,1.0,0.634851876709196,0.6119991506051623,0.6234255136571791,0.9679974965915618,-0.05430555555555561,-0.05472222222222223,0.32480914725840415,0.5191715060538138,0.14723517722784532,0.644036287131255,0.02285272610403366,0.0004166666666666208,0.0011737591368388563,0.28634866113438073,0.11634833914397232,0.11192034715653915,0.0,0.9999999987499999,0.6256747221466712,0.28877313920571585,0.2950978975037096,0.3912482017010605,disgust,07,20,20,female,strong,2328
10,0.33366666666666667,True,1.0,0.3075745223802221,0.34051414899593874,0.32404433568808044,0.8385354076736753,-0.052592592592592635,-0.05523148148148155,0.3631438765145748,0.3863604630999742,0.14231878711130905,0.3864408499899454,0.032939626615716644,0.002638888888888913,0.02093999648855757,0.3222284022028742,0.1093732800349655,0.11163384790980974,0.0,0.9999999987499999,0.6180674438134629,0.29718158300454,0.28295451611461275,0.3652061703628309,disgust,07,20,20,female,strong,2328
20,0.6673333333333333,True,1.0,0.12965835519590882,0.13481122177747892,0.13223478848669387,0.45086632524672804,-0.05972222222222223,-0.05939814814814809,0.3914642799882114,0.20232161477459115,0.13889383264855834,0.2932904523626396,0.005152866581570104,0.00032407407407414324,0.01907914273935986,0.5462873228434922,0.10827314330208292,0.11798679224767619,0.0,0.9999999987499999,0.628269522215136,0.2914138343163371,0.29863808219069515,0.3732914335524458,disgust,07,20,20,female,strong,2328
30,1.0010000000000001,True,1.0,0.33084679643148723,0.3235742933279174,0.3272105448797023,0.8616124921148188,-0.05157407407407405,-0.05263888888888896,0.3535663471793755,0.4795497569553771,0.14465556569698315,0.37976532127170937,0.007272503103569861,0.0010648148148149073,0.008639777205527761,0.33960351554839013,0.11489574645593706,0.11507869938206305,0.0,0.9999999987499999,0.6081794263252176,0.2850367799899853,0.32677908722048554,0.401869584515579,disgust,07,20,20,female,strong,2328
40,1.3346666666666667,True,1.0,0.36721496434751855,0.2855804691890686,0.32639771676829354,0.9233180002810732,-0.05120370370370375,-0.04814814814814816,0.3425300990681704,0.44383813379756837,0.14297183981220646,0.3535052026159272,0.08163449515844995,0.003055555555555589,0.041671779622912505,0.30808330824558666,0.10386859524901249,0.11245106788731485,0.0,0.9999999987499999,0.6328272025607118,0.29780103492032234,0.24973284449532973,0.3296094029077125,disgust,07,20,20,female,strong,2328
50,1.6683333333333334,True,1.0,0.4353741496598633,0.3938338546965012,0.4146040021781823,0.4604152143245945,-0.044537037037036986,-0.04902777777777778,0.4007876483904562,0.20782449083290802,0.14677957010277803,0.9005002208417137,0.041540294963362145,0.004490740740740795,0.06679811118723819,0.5289952873766961,0.09964436166451654,0.11735270158133741,0.0,0.9999999987499999,0.6589715173803896,0.3114750031461315,0.2861795204852983,0.4009471009315152,disgust,07,20,20,female,strong,2328
60,2.0020000000000002,True,1.0,0.435115363858788,0.39443594646053326,0.41477565515966064,0.6270105376866851,-0.04402777777777772,-0.049861111111111134,0.4380163710449075,0.22321282176740023,0.1437691053879884,0.6615130531776207,0.04067941739825476,0.0058333333333334125,0.06229818307650989,0.4354265518743519,0.11465500466416764,0.11145393091790808,0.0,0.9999999987499999,0.5976422048819527,0.292276613861431,0.3280274316766423,0.39410897839142894,disgust,07,20,20,female,strong,2328
70,2.3356666666666666,True,1.0,0.30858770016781306,0.2332436677408501,0.2709156839543316,0.8839082234715103,-0.05972222222222223,-0.06074074074074065,0.40951387274414763,0.34812771494370287,0.1464728004686424,0.30649752628199595,0.07534403242696297,0.0010185185185184187,0.052483922006542894,0.32014034777155714,0.10599761733430982,0.11147670856563675,0.0,0.9999999987499999,0.6179698181147459,0.30081948413993,0.2773089045464255,0.33624823424512856,disgust,07,20,20,female,strong,2328
80,2.6693333333333333,True,1.0,0.44173991515978356,0.3798824899711374,0.41081120256546044,0.650054640195617,-0.047962962962962874,-0.050185185185185166,0.38280412195790997,0.3387277146657502,0.14498430098070691,0.6319641106505102,0.061857425188646176,0.002222222222222292,0.06341281727810377,0.3969344919572231,0.10526977308143949,0.11267270366706506,0.0,0.9999999987499999,0.6167812482883779,0.2970885574024182,0.25870756893710145,0.3161536276818958,disgust,07,20,20,female,strong,2328
90,3.003,True,1.0,0.4492680177651,0.4350115621681633,0.4421397899666316,0.7696130962558596,-0.04541666666666666,-0.04759259259259252,0.3266073166131428,0.43553969789760855,0.1472849138602288,0.5744961879126356,0.014256455596936723,0.002175925925925859,0.06542516893537453,0.3258836389284984,0.10318487413158257,0.1150828261222899,0.0,0.9999999987499999,0.6622207881121199,0.30877907569608587,0.2972926451009045,0.40691235695309613,disgust,07,20,20,female,strong,2328
100,3.336666666666667,True,1.0,0.4587616787273574,0.4294621491405603,0.4441119139339589,1.0719721232718213,-0.04388888888888898,-0.05087962962962955,0.30091945244060697,0.5249725377498266,0.15422653547906967,0.4142942752825158,0.0292995295867971,0.006990740740740575,0.07804216791295743,0.25604466206600157,0.12184877539890152,0.10927008313147141,0.0,0.9999999987499999,0.5813097436396434,0.2815502306628281,0.3176943726414705,0.3732281618057547,disgust,07,20,20,female,strong,2328
110,3.6703333333333332,True,1.0,0.5262866606071795,0.4869150120674591,0.5066008363373193,0.9874190093901956,-0.043055555555555625,-0.051574074074073994,0.3479768914048691,0.4597316335529768,0.15006153116227233,0.5130555838196622,0.03937164853972047,0.00851851851851837,0.07643686876752895,0.2994553928325276,0.1047948497995267,0.11577808899771587,0.0,0.9999999987499999,0.6475900143573053,0.3065262232694688,0.30967274689246854,0.4273987065764254,disgust,07,20,20,female,strong,2328
120,4.0040000000000004,True,1.0,0.5519548901156337,0.5066272020876077,0.5292910461016207,0.9205899796700873,-0.04518518518518522,-0.05486111111111108,0.34159715719681677,0.4419151795199148,0.14950981264118784,0.5749476507351332,0.045327688028026,0.009675925925925866,0.08421818036816636,0.316152420196291,0.12341796217392148,0.10767165687522777,0.0,0.9999999987499999,0.5841813277732968,0.2797156678961121,0.3262613125909898,0.3925004419875301,disgust,07,20,20,female,strong,2328
130,4.337666666666666,True,1.0,0.5943075692254375,0.5262540697384,0.5602808194819188,0.9117406984082731,-0.04481481481481481,-0.053333333333333344,0.34414247937279324,0.4616257326625098,0.1487116995136614,0.6145177246777106,0.06805349948703743,0.008518518518518536,0.09207228998913028,0.2978790945704571,0.12373751223322384,0.10941414222259785,0.0,0.9999999987499999,0.5784885957351692,0.28783259577808584,0.34608525147400093,0.39562419456362974,disgust,07,20,20,female,strong,2328
140,4.671333333333333,True,1.0,0.6052323782830434,0.5260433479801445,0.5656378631315939,0.9311758866279709,-0.04620370370370369,-0.05328703703703708,0.34336642180538834,0.4873833627473752,0.14799092179599313,0.6074447064774359,0.07918903030289892,0.007083333333333386,0.09218170363229458,0.2982722275178165,0.12053003439197281,0.11192101489721373,0.0,0.9999999987499999,0.5826110956257503,0.286745915567637,0.33421747209499203,0.3854529553763824,disgust,07,20,20,female,strong,2328
0,0.0,True,1.0,0.32891637705407156,0.3541267887311449,0.34152158289260826,0.42866442443420816,-0.053379629629629555,-0.056435185185185255,0.3612843817498936,0.23809523809523847,0.15555604601585937,0.7967108148603205,0.02521041167707333,0.0030555555555557,0.0036458548233284168,0.6467541161004757,0.11237332063076987,0.11508612949356571,0.0,0.9999999987499999,0.5979833484956483,0.2787137319206189,0.3090571447206046,0.38459372952746124,disgust,07,20,20,female,strong,2329
10,0.33366666666666667,True,1.0,0.10732505071360417,0.0680192436657128,0.08767214718965849,0.4443193713390844,-0.06435185185185188,-0.06643518518518521,0.37301319766972957,0.24509562075452418,0.15071266950884468,0.19731785928088894,0.03930580704789137,0.002083333333333326,0.0016755851412851882,0.621529864711118,0.11566530001022875,0.11595998212346938,0.0,0.9999999987499999,0.5933497337059824,0.2787231476074803,0.31815364636370147,0.38102177362308653,disgust,07,20,20,female,strong,2329
20,0.6673333333333333,True,1.0,0.16953869713396755,0.08959205242240492,0.12956537477818625,0.7292951217556192,-0.06379629629629635,-0.0631018518518518,0.3891762263153405,0.28271340164515646,0.14910031112569078,0.1776583593021791,0.07994664471156263,0.000694444444444553,0.04498048257039544,0.39073633531584573,0.10830046341790396,0.11079935281974061,0.0,0.9999999987499999,0.6047137408635329,0.29824402273975437,0.2791950543415137,0.3322614501744303,disgust,07,20,20,female,strong,2329
30,1.0010000000000001,True,1.0,0.3078126590739696,0.29838144862810023,0.3030970538510349,0.6321903486265174,-0.04069444444444459,-0.04425925925925922,0.38516973329970255,0.2570888738793292,0.14754575611548446,0.4794395461897462,0.009431210445869365,0.003564814814814632,0.037500427428383304,0.47285754364368215,0.11109683049481812,0.11400271654462138,0.0,0.9999999987499999,0.6016004084993373,0.28510417292444734,0.30631741811737934,0.36957525297386523,disgust,07,20,20,female,strong,2329
40,1.3346666666666667,True,1.0,0.3140357052495155,0.34863109942430964,0.33133340233691255,0.7808549550525519,-0.050138888888888844,-0.054166666666666696,0.36187564748001166,0.39721410354994735,0.14344224076368067,0.42432131626111497,0.034595394174794125,0.004027777777777852,0.033647216053036076,0.36788869197188967,0.10538358778975972,0.11818078065615142,0.0,0.9999999987499999,0.6154626434792667,0.2854959750385244,0.2763352331902458,0.36002792004500955,disgust,07,20,20,female,strong,2329
50,1.6683333333333334,True,1.0,0.4686868686868683,0.4661290949795188,0.46740798183319354,0.6809446790083394,-0.05226851851851855,-0.052361111111111136,0.43371844653821495,0.35930950278312024,0.1375088775543238,0.6864110936498988,0.0025577737073494977,9.259259259258856e-05,0.015463322895725513,0.38577758951405605,0.11934115777164453,0.11335605310372177,0.0,0.9999999987499999,0.6012439732689951,0.2833650293197837,0.33616003699533975,0.40240458893853104,disgust,07,20,20,female,strong,2329
60,2.0020000000000002,True,1.0,0.5032152913329062,0.49902534113060415,0.5011203162317552,0.6461857276287961,-0.052083333333333315,-0.05444444444444446,0.3768266782874476,0.44058117792872425,0.14049516039537308,0.7755050828352955,0.004189950202302062,0.002361111111111147,0.007159333473944565,0.3963068181818174,0.11817669625561558,0.11306298973401997,0.0,0.9999999987499999,0.5946329195584483,0.28286754571988176,0.32193628366759425,0.3920573194311723,disgust,07,20,20,female,strong,2329
70,2.3356666666666666,True,1.0,0.5091545000665857,0.5122888789944344,0.51072168953051,1.1650561227815455,-0.05212962962962958,-0.052083333333333315,0.296609439795546,0.6379052256590121,0.15000347243320308,0.43836659843576753,0.0031343789278487355,4.6296296296266526e-05,0.00400032867328247,0.2148385486697257,0.11915739003265088,0.11236856981221785,0.0,0.9999999987499999,0.5896025123486894,0.28443759010337083,0.3291793552574933,0.3900915213914094,disgust,07,20,20,female,strong,2329
80,2.6693333333333333,True,1.0,0.554199998143619,0.5326592470574976,0.5434296226005583,1.2430299862627958,-0.052361111111111136,-0.05185185185185187,0.3117656827861915,0.6214391384910806,0.14858362690427163,0.4371814265192383,0.021540751086121412,0.0005092592592592649,0.019920315629938137,0.22696011045889547,0.12138773933807538,0.10978201980250431,0.0,0.9999999987499999,0.5913249682294793,0.2884409579093302,0.331476909273772,0.3932383302279904,disgust,07,20,20,female,strong,2329
90,3.003,True,1.0,0.6059230569737784,0.5915548331926878,0.598738945083233,1.1114557418892184,-0.05296296296296299,-0.05342592592592593,0.32205255049562864,0.57213532059853,0.14927496860468276,0.5386979638663029,0.014368223781090594,0.0004629629629629428,0.03184490217733946,0.25354802809659416,0.11805436710076743,0.1111525538331637,0.0,0.9999999987499999,0.5995748829688125,0.28851040794693134,0.32190930901608406,0.3893244245679746,disgust,07,20,20,female,strong,2329
100,3.336666666666667,True,1.0,0.600934081251776,0.6198896808750177,0.6104118810633969,1.0716045824725928,-0.05273148148148149,-0.05310185185185179,0.32207092828948164,0.5774611463705351,0.14967760517865963,0.5696241795224021,0.01895559962324167,0.00037037037037029874,0.028104786007391847,0.264042663177833,0.11963049165958303,0.11237453621010506,0.0,0.9999999987499999,0.5960674320822078,0.28779363208163605,0.32279768392249325,0.38277896109015663,disgust,07,20,20,female,strong,2329
110,3.6703333333333332,True,1.0,0.6262036995563893,0.6200008297634754,0.6231022646599323,0.9634507748881763,-0.0528703703703704,-0.053379629629629555,0.3216974243810915,0.5153049021939121,0.14957562606886765,0.6467401147009854,0.0062028697929139565,0.0005092592592591538,0.03132705945038231,0.2882008863393992,0.11930010740228446,0.11085049334291988,0.0,0.9598527800866469,0.6010459310755552,0.2901376592023021,0.3222212647126976,0.3798443285577222,disgust,07,20,20,female,strong,2329
0,0.0,True,1.0,0.6308583606976176,0.613142254886699,0.6220003077921583,0.611876633784915,-0.05972222222222218,-0.06,0.3493803766429033,0.36998174997688127,0.15289009666458675,1.0165452861708755,0.017716105810918537,0.0002777777777778212,0.0007027031028704035,0.40272470791182996,0.11651020412434039,0.11260103108895705,0.0,0.9999999987499999,0.6212362642947804,0.2832329029933358,0.2953664498579983,0.3748252645335053,surprised,08,20,20,female,normal,2330
10,0.33366666666666667,True,1.0,0.6437009595190547,0.6284679253847832,0.636084442451919,0.611542019180059,-0.0593981481481482,-0.06013888888888891,0.3490662828431519,0.3699817499768815,0.1521961647124145,1.0401320310005286,0.015233034134271461,0.0007407407407407085,0.0034325439900255873,0.4029450649188352,0.11623790914919821,0.11338730169906437,0.0,0.9999999987499999,0.6219505712675696,0.28299355746019206,0.29424661075165054,0.3740558279070431,surprised,08,20,20,female,normal,2330
20,0.6673333333333333,True,1.0,0.6577657052432531,0.6178159266494465,0.6377908159463498,0.624871112707618,-0.06115740740740744,-0.059398148148148144,0.33299650968673344,0.3964654690009995,0.15093928622291236,1.0206757889362972,0.03994977859380655,0.0017592592592592937,0.007650151339613603,0.39578177481522686,0.11916826186842377,0.1104760653766467,0.0,0.9999999987499999,0.6247148391387806,0.2846793473252406,0.29193782142322766,0.37476971999361575,surprised,08,20,20,female,normal,2330
30,1.0010000000000001,True,1.0,0.5676767981659125,0.5385980220536478,0.5531374101097801,0.7492066361269779,-0.06245370370370368,-0.061481481481481526,0.37325139623564835,0.38966224247768444,0.14709370439751815,0.7382975315985224,0.029078776112264726,0.0009722222222221522,0.012984579420629564,0.2989890368031461,0.11389480324689691,0.11240029605128994,0.0,0.9999999987499999,0.6196067373277436,0.29034856692779154,0.28276926806773756,0.36370556480161875,surprised,08,20,20,female,normal,2330
40,1.3346666666666667,True,1.0,0.5245223443548078,0.4665047413735783,0.495513542864193,0.7306544352692337,-0.08337962962962969,-0.08365740740740746,0.3689731361511495,0.34191052593748694,0.17596041216816524,0.6781776978902547,0.058017602981229544,0.0002777777777777657,0.007824079740333507,0.32374527430812633,0.11239648794371894,0.11719625082445717,0.0,0.9999999987499999,0.6007038052799244,0.2902449684370231,0.3161585589697788,0.38723451362572436,surprised,08,20,20,female,normal,2330
50,1.6683333333333334,True,1.0,0.6273586791496859,0.5671844738357078,0.5972715764926968,0.6343743678184098,-0.08310185185185187,-0.085787037037037,0.37011681573091504,0.309189134865126,0.18498050030699767,0.9415127829749677,0.0601742053139781,0.002685185185185124,0.002338252996879491,0.4041960329965371,0.11213613372385954,0.11298058523330515,0.0,0.9999999987499999,0.5994056956688926,0.29388644040815454,0.322883567196028,0.37907568460491753,surprised,08,20,20,female,normal,2330
60,2.0020000000000002,True,1.0,0.646151843101449,0.5777777777777781,0.6119648104396136,0.7640209736997579,-0.08611111111111103,-0.08569444444444446,0.336838354515778,0.3645768064519714,0.1945457606284846,0.8009790719176006,0.06837406532367096,0.00041666666666656527,0.00497936582332096,0.29055207342839984,0.1015483656662902,0.11603789340563193,0.0,0.9999999987499999,0.6432786318668092,0.31341940926898143,0.32456255690973274,0.4342672192624819,surprised,08,20,20,female,normal,2330
70,2.3356666666666666,True,1.0,0.6831557961000718,0.6072524949942812,0.6452041455471765,0.756288098097679,-0.0841203703703704,-0.08416666666666672,0.37358918198132385,0.3261625803190055,0.19290331746801778,0.8531195283518063,0.07590330110579058,4.629629629632204e-05,0.00130992965221102,0.32037544773606524,0.10304952540431835,0.11684609495940602,0.0,0.9999999987499999,0.6419034820959633,0.31111901891369687,0.3309602593324768,0.4443981067451217,surprised,08,20,20,female,normal,2330
80,2.6693333333333333,True,1.0,0.6831557961000719,0.5973060546370373,0.6402309253685546,0.7077904375787212,-0.0824537037037037,-0.08240740740740743,0.3775318657241857,0.31694409415480335,0.1907139243184409,0.9045487073246133,0.08584974146303459,4.6296296296266526e-05,0.00157032018017848,0.34038824320177863,0.10550995475315333,0.1147953308694078,0.0,0.9999999987499999,0.6458105208489646,0.3094492781254398,0.335999545542828,0.4480243509742049,surprised,08,20,20,female,normal,2330
90,3.003,True,1.0,0.6465812560598145,0.6118773025557165,0.6292292793077655,0.7351515987456778,-0.08115740740740734,-0.0811574074074074,0.36366664263265414,0.32919624956785265,0.19135575931595175,0.8559177187145646,0.03470395350409805,5.551115123125783e-17,0.0013695735294085693,0.34038824320177863,0.11629279726518955,0.11333100641254217,0.0,0.9999999987499999,0.5924016075805322,0.28953943707350954,0.34156857444120936,0.3966475961626177,surprised,08,20,20,female,normal,2330
0,0.0,True,1.0,0.6030167780666318,0.5715868806118644,0.587301829339248,0.6474408444307362,-0.05870370370370365,-0.058888888888888824,0.33676417098274947,0.37336825642229027,0.15705378351815003,0.9071127260369778,0.03142989745476743,0.00018518518518517713,0.006305370531704662,0.375719308416486,0.11841605798970836,0.11076714777020807,0.0,0.9999999987499999,0.6203104329388005,0.28115091287893795,0.3017082166465364,0.3813609138246445,surprised,08,20,20,female,normal,2331
10,0.33366666666666667,True,1.0,0.6169098933895998,0.6119933918946597,0.6144516426421298,0.6140543034888517,-0.0599074074074073,-0.06101851851851847,0.33676417098274963,0.3567741116924105,0.15773372029051352,1.0006470749427543,0.004916501494940051,0.0011111111111111738,0.006390620944765245,0.39614741713884394,0.11829673769037251,0.11157966417418075,0.0,0.9999999987499999,0.6160131026942028,0.2815087915656657,0.29802089929725645,0.3774033598481291,surprised,08,20,20,female,normal,2331
20,0.6673333333333333,True,1.0,0.23504707953241535,0.24015203741724667,0.237599558474831,0.4786916295996414,-0.0963425925925927,-0.09574074074074074,0.3451203290159373,0.3713288328850766,0.16740669132805944,0.4963520224357167,0.005104957884831313,0.0006018518518519644,0.01844535813989717,0.5089083694484552,0.10873710512073921,0.11343544413945857,0.0,0.9999999987499999,0.6354461060596113,0.286492642075285,0.2649981514987691,0.3475449790847065,surprised,08,20,20,female,normal,2331
30,1.0010000000000001,True,1.0,0.23465183628861522,0.21270217813663883,0.223677007212627,0.8268905308922216,-0.07796296296296296,-0.07777777777777778,0.34772032183518903,0.497690695128914,0.14558029909268924,0.27050377148626636,0.021949658151976387,0.00018518518518517713,0.02922422487848213,0.312542559461659,0.10778995475248629,0.1118084274916368,0.0,0.9999999987499999,0.6355035538355969,0.2904007847188784,0.27071374214188326,0.3552289852490866,surprised,08,20,20,female,normal,2331
40,1.3346666666666667,True,1.0,0.485197405934067,0.5199691870107556,0.5025832964724113,0.7369414306621949,-0.0789814814814816,-0.07981481481481484,0.38553403213457044,0.31581123343326645,0.17044175229798642,0.6819854001434064,0.034771781076688546,0.0008333333333332416,0.0017535731343879786,0.32140739442768906,0.09568768529289683,0.11674770884934685,0.0,0.9999999987499999,0.6806296021142831,0.30294038708522625,0.2871372898110004,0.426467589771101,surprised,08,20,20,female,normal,2331
50,1.6683333333333334,True,1.0,0.5365331328395381,0.6027144923431285,0.5696238125913333,0.6682679057521915,-0.07458333333333339,-0.07861111111111102,0.4295432702855671,0.2806015021478017,0.1699681151164829,0.8523884024479285,0.06618135950359039,0.00402777777777763,0.008516668109700221,0.3621237545482362,0.09405462259535874,0.11644247133646568,0.0,0.9999999987499999,0.6783329030909239,0.3087199384316963,0.30148710799162964,0.43177330078331255,surprised,08,20,20,female,normal,2331
60,2.0020000000000002,True,1.0,0.5514651466976794,0.6341008133693201,0.5927829800334998,0.652920088697681,-0.056620370370370265,-0.06421296296296297,0.41753379301512444,0.27188207089887856,0.16068911771555625,0.9078951471930797,0.08263566667164068,0.007592592592592706,0.011719420839583954,0.4030606649496694,0.11191377356608805,0.11064751781874713,0.0,0.686540742279635,0.6190733392106842,0.2857642811468888,0.31347501742319434,0.39200621449237394,surprised,08,20,20,female,normal,2331
70,2.3356666666666666,True,1.0,0.595317163615592,0.6663047515073623,0.6308109575614771,0.7522064562606602,-0.05231481481481476,-0.06078703703703703,0.36252265774398146,0.3528673064115538,0.15799803450122415,0.8386141229062833,0.0709875878917704,0.00847222222222227,0.039496991609101494,0.3124396965630292,0.10532508690744807,0.11379902010287564,0.0,0.9999999987499999,0.6304855048972713,0.29234391619634176,0.2838753308435758,0.3580797209985193,surprised,08,20,20,female,normal,2331
80,2.6693333333333333,True,1.0,0.5974205755891525,0.6452943177820195,0.621357446685586,0.6702620559230529,-0.05416666666666664,-0.06277777777777777,0.39929012852083456,0.3145299145299145,0.1565309973296024,0.9270365839669713,0.047873742192867,0.008611111111111125,0.02751445619265089,0.3678164657628313,0.11764670803283571,0.1126037281333324,0.0,0.9999999987499999,0.6010863598798895,0.28221609096683586,0.3192207485394378,0.3780290019196834,surprised,08,20,20,female,normal,2331
90,3.003,True,1.0,0.587429429011379,0.6200008297634754,0.6037151293874272,0.677027286009433,-0.05777777777777787,-0.06495370370370374,0.401384537002684,0.3046430011242654,0.16114141537313362,0.8917146204636363,0.03257140075209641,0.007175925925925863,0.004779139927766881,0.3605323133327794,0.11835174690380244,0.11066383271988363,0.0,0.9999999987499999,0.6063410093724991,0.2830633874817328,0.3214483185009102,0.3893165889523536,surprised,08,20,20,female,normal,2331
100,3.336666666666667,True,1.0,0.5649286930853268,0.5867507022069182,0.5758396976461224,0.6670801756523107,-0.058611111111111114,-0.06125000000000008,0.40182252139210495,0.2926791602737558,0.16111158465904127,0.8632241200737709,0.02182200912159138,0.0026388888888889683,0.0017185087465082876,0.3793508523806836,0.11574563583608513,0.11186434697488722,0.0,0.9999999987499999,0.6087363116574755,0.28317655290051663,0.30863257547474526,0.38906506665381657,surprised,08,20,20,female,normal,2331
0,0.0,True,1.0,0.6326851602329924,0.6283524904214552,0.6305188253272238,0.5859819294503453,-0.06115740740740738,-0.061342592592592615,0.34341011218811573,0.3743316518224292,0.15555996964262095,1.0760038725403263,0.0043326698115371265,0.00018518518518523264,0.00015023134438448723,0.4254653227482525,0.11922785069935515,0.10902258341902742,0.0,0.9999999987499999,0.620871923409989,0.28297871851742834,0.30190582536634086,0.37179555746538606,surprised,08,20,20,female,normal,2332
10,0.33366666666666667,True,1.0,0.5333648902768584,0.5009082488102782,0.5171365695435683,0.5864543642685207,-0.06388888888888894,-0.06444444444444447,0.344238287687721,0.36653397766782514,0.15418448130461643,0.8818018946599334,0.03245664146658023,0.0005555555555555314,0.004818363213007677,0.422788505713283,0.11706953857358475,0.11252846239103216,0.0,0.9999999987499999,0.623774359376563,0.28348622799832845,0.28846581087188417,0.3583568782259448,surprised,08,20,20,female,normal,2332
20,0.6673333333333333,True,1.0,0.5916008527780128,0.5825030598709785,0.5870519563244956,0.5807515073565497,-0.0625,-0.06166666666666665,0.33227115061439305,0.40118222378974094,0.1509620302611235,1.0108487862504638,0.009097792907034274,0.0008333333333333526,0.009547602273531743,0.4144205758534158,0.11776256740061916,0.11366201147323408,0.0,0.9999999987499999,0.617891297636242,0.2861673072054708,0.2894932857268239,0.37304094945638694,surprised,08,20,20,female,normal,2332
30,1.0010000000000001,True,1.0,0.6037287826908434,0.5711408430259246,0.587434812858384,0.7880425376293662,-0.06291666666666673,-0.061805555555555614,0.33722941330968564,0.4693377180962158,0.14885937956588932,0.7454354109177131,0.0325879396649188,0.0011111111111111183,0.005577616186203618,0.2998717828798301,0.11933652869025003,0.11183811562093805,0.0,0.9999999987499999,0.6157467227672319,0.2870333277712285,0.2934566595700761,0.3725326481069656,surprised,08,20,20,female,normal,2332
40,1.3346666666666667,True,1.0,0.5759642842102933,0.567184473835707,0.5715743790230001,0.8086567212812265,-0.05712962962962964,-0.05634259259259261,0.3515253247609952,0.4201588198364697,0.14959959740839238,0.7068195489890992,0.008779810374586305,0.0007870370370370305,0.00590138509793381,0.29777600628137296,0.11681596898751558,0.11329727685162193,0.0,0.9999999987499999,0.6154371968553046,0.2852998308007798,0.2971089525444113,0.3729972900829416,surprised,08,20,20,female,normal,2332
50,1.6683333333333334,True,1.0,0.2175439427644134,0.18290209273340544,0.20022301774890944,0.6744377202591041,-0.0685648148148148,-0.06898148148148148,0.37241141009134987,0.38206199908832056,0.14621421847199648,0.29687399108102697,0.034641850031007976,0.0004166666666666763,0.009796069794029751,0.36306706144120887,0.11422888951835782,0.11391556952939619,0.0,0.9999999987499999,0.6179022785207833,0.2856193987744715,0.28853836054470294,0.36339961971937135,surprised,08,20,20,female,normal,2332
60,2.0020000000000002,True,1.0,0.5633067122250591,0.5553069917116583,0.5593068519683587,0.8338863254078344,-0.05907407407407411,-0.05740740740740735,0.360212835506361,0.37833731430540646,0.1586106398368169,0.6707231368673839,0.00799972051340081,0.0016666666666667607,0.0004644809892024362,0.29225396485345595,0.12062133795359559,0.11096745405239737,0.0,0.9999999987499999,0.603363871767457,0.28375140833128376,0.31433564990134777,0.38543366083201314,surprised,08,20,20,female,normal,2332
70,2.3356666666666666,True,1.0,0.6261400020585219,0.6004266800575984,0.6132833410580601,0.7440297145699327,-0.057361111111111085,-0.05689814814814814,0.37092508670702873,0.34223201251782054,0.1587106592220398,0.8242726453641073,0.025713322000923577,0.0004629629629629428,0.003165338489967322,0.33747864460519783,0.1203603231608276,0.11107912355444471,0.0,0.9999999987499999,0.603148483151073,0.28357886435788665,0.312307115317463,0.3834494600830347,surprised,08,20,20,female,normal,2332
80,2.6693333333333333,True,1.0,0.6280639124642231,0.6099146261873216,0.6189892693257724,0.7369759264017787,-0.05800925925925937,-0.05791666666666673,0.37669835016355707,0.3462910415799547,0.1586842179194581,0.8399043267911531,0.01814928627690149,9.259259259264407e-05,0.0043264736886264145,0.33741460273540647,0.11915183426270856,0.11220479278933351,0.0,0.9999999987499999,0.6036604642560149,0.2842151733481244,0.30814037832354074,0.3832347415268781,surprised,08,20,20,female,normal,2332
90,3.003,True,1.0,0.6421441093003064,0.6064550957402184,0.6242996025202624,0.7256889955129042,-0.05722222222222223,-0.056435185185185144,0.37844085401800204,0.3479428258108669,0.15591269171065952,0.8602853376314717,0.03568901356008802,0.000787037037037086,0.0025818595087388823,0.3449010206414023,0.11992626644993402,0.11017276485380816,0.0,0.9999999987499999,0.6065015532072203,0.28343128450100097,0.30834751235842045,0.3815694668782291,surprised,08,20,20,female,normal,2332
0,0.0,True,1.0,0.6211917188284829,0.6272903462252917,0.6242410325268872,0.49592437729825256,-0.06004629629629632,-0.06078703703703703,0.3494538293268499,0.3439475519971755,0.15555996964262095,1.2587423831183522,0.006098627396808776,0.0007407407407407085,0.002179923187750331,0.4728757473423221,0.1183394461740874,0.11119220831344268,0.0,0.7472714605177575,0.618882311901323,0.2822654180092934,0.2945798769965122,0.37820037680552276,surprised,08,20,20,female,normal,2333
10,0.33366666666666667,True,1.0,0.25171622233930685,0.24707512157389766,0.24939567195660226,0.464492257824995,-0.07578703703703704,-0.07865740740740734,0.34907955030464455,0.3282862262236264,0.1618074416094775,0.5369210525152954,0.00464110076540919,0.002870370370370301,0.003670136754457066,0.5247422020394805,0.1153313648631559,0.11430926466553235,0.0,0.9999999987499999,0.6223059437134228,0.28348345489637,0.27595648799110956,0.3497680116019596,surprised,08,20,20,female,normal,2333
20,0.6673333333333333,True,1.0,0.4684422203823897,0.468686868686869,0.46856454453462937,0.4128765661763313,-0.07351851851851843,-0.07819444444444446,0.3530408866394577,0.36489553859989615,0.16262014789072113,1.1348780311608067,0.0002446483044792891,0.004675925925926028,0.007461160069409042,0.5403597832474691,0.11511891050962371,0.10976637746438159,0.0,0.9999999987499999,0.63467993291848,0.28500999514887976,0.2907788797673665,0.3720691182861203,surprised,08,20,20,female,normal,2333
30,1.0010000000000001,True,1.0,0.670468862082305,0.6550882203720402,0.6627785412271726,0.8799681890701295,-0.07953703703703713,-0.08194444444444443,0.31327130947154175,0.5028058361391688,0.17432131212675456,0.7531846599222374,0.015380641710264875,0.0024074074074073026,0.0021385388604784924,0.26480071170860264,0.11098036868937003,0.11394901905664229,0.0,0.7251898575744772,0.6264093617056198,0.2869657866074476,0.29548594153651986,0.37217060299273785,surprised,08,20,20,female,normal,2333
40,1.3346666666666667,True,1.0,0.6736135988146377,0.6894415713212503,0.681527585067944,0.7421075638671643,-0.08754629629629634,-0.08675925925925926,0.3485577137711227,0.41932671590950493,0.17988189485538586,0.9183676575353381,0.01582797250661261,0.000787037037037086,0.01912436540658823,0.3307790527563246,0.11093161373321138,0.1168031050997961,0.0,0.9999999987499999,0.6233427822691576,0.285970711742057,0.3295417595133019,0.4003202512922896,surprised,08,20,20,female,normal,2333
50,1.6683333333333334,True,1.0,0.7896893608052654,0.7520306261598454,0.7708599934825554,0.7290846121535477,-0.09060185185185188,-0.08972222222222215,0.36016458225677933,0.45732226173320306,0.18403814194642573,1.0572983994348926,0.03765873464542002,0.0008796296296297301,0.012059568715570146,0.33757984864641377,0.09959273365276705,0.11576227066096692,0.0,0.9999999987499999,0.6699363386292017,0.30640169117543103,0.3076017948997721,0.4251789747710127,surprised,08,20,20,female,normal,2333
60,2.0020000000000002,True,1.0,0.7192482079317769,0.6952761093646989,0.7072621586482379,0.8528207188845751,-0.0889814814814815,-0.088287037037037,0.33057611236962003,0.4930284413053152,0.1889292754835563,0.8293210319435992,0.02397209856707805,0.0006944444444444975,0.021572957440716183,0.28927538925862134,0.11385153774858923,0.11479170430386508,0.0,0.9999999987499999,0.6111796592230643,0.284175776544803,0.33374959601819343,0.39259340018367694,surprised,08,20,20,female,normal,2333
70,2.3356666666666666,True,1.0,0.7043985070546515,0.6960926951781861,0.7002456011164188,0.9527144513966429,-0.08726851851851858,-0.08685185185185179,0.333632078407256,0.509185502606282,0.1861701327690947,0.7350005031306973,0.008305811876465397,0.0004166666666667873,0.018881710466484784,0.26240811151075655,0.1154625658928903,0.11434348050905546,0.0,0.9999999987499999,0.6084079804109144,0.2867667213476449,0.33976298920818077,0.39324219344500666,surprised,08,20,20,female,normal,2333
80,2.6693333333333333,True,1.0,0.7043289796002379,0.6952761093646989,0.6998025444824684,0.8599067156831091,-0.08476851851851852,-0.08550925925925928,0.3336780650419586,0.47945116865812215,0.1833836804240681,0.8138121632490635,0.009052870235539023,0.000740740740740764,0.01642574479895357,0.26026575854945466,0.11760329431626995,0.11247981471710737,0.0,0.9999999987499999,0.6096047935033388,0.28639126664788783,0.3408188680648609,0.3890713092997884,surprised,08,20,20,female,normal,2333
90,3.003,True,1.0,0.748639917556815,0.6995537685758457,0.7240968430663304,0.7865136830245899,-0.08370370370370372,-0.08388888888888896,0.3376396078023904,0.4422924841204445,0.1820387682324514,0.9206411263968969,0.0490861489809693,0.00018518518518523264,0.01631694643784758,0.29362792041354013,0.11660951611089472,0.11350975422824712,0.0,0.9999999987499999,0.6142087266156463,0.2866790416821908,0.3297483445403075,0.38322352127482523,surprised,08,20,20,female,normal,2333
0,0.0,True,1.0,0.6437146255357216,0.6390654655516134,0.6413900455436674,0.6408546744526489,-0.06185185185185188,-0.06435185185185183,0.3424634344848264,0.3777827922562741,0.15902777777777777,1.0008354017101861,0.004649159984108198,0.0024999999999999467,0.0007689971110003074,0.37571930841648493,0.11406246325995072,0.10982782875269491,0.0,0.9999999987499999,0.6257647102903662,0.2859170263124505,0.2940606927924516,0.38020006012103175,surprised,08,20,20,female,strong,2334
10,0.33366666666666667,True,1.0,0.6508644194798577,0.649485850123515,0.6501751348016864,0.6134880305678225,-0.06231481481481482,-0.06449074074074074,0.34848812152734004,0.3632097010893899,0.1583376699824147,1.0598008476219294,0.0013785693563427293,0.0021759259259259145,0.0004680548445938152,0.4004926039506159,0.11523567511793757,0.10912125602392156,0.0,0.9999999987499999,0.6247891162871398,0.28542996694404876,0.29515471945431737,0.37821300151556825,surprised,08,20,20,female,strong,2334
20,0.6673333333333333,True,1.0,0.3860001590771863,0.36733854969603713,0.37666935438661175,0.6435101405854239,-0.07134259259259262,-0.0736574074074074,0.348654289219205,0.38606791301935456,0.1625230039306455,0.5853355380599634,0.01866160938114919,0.0023148148148147696,0.013326346029392967,0.39450384714203834,0.11559379571557826,0.11303708425475217,0.0,0.9295642179427132,0.6228251230961136,0.286570695181691,0.2872532836397192,0.36157639998130825,surprised,08,20,20,female,strong,2334
30,1.0010000000000001,True,1.0,0.4189632951417051,0.3856042608601358,0.4022837780009204,0.7532898815893802,-0.07106481481481486,-0.07458333333333333,0.3658036639620737,0.453391774117028,0.14472358662293033,0.5340358178608937,0.03335903428156933,0.0035185185185184764,0.016609588836346216,0.31053829131843286,0.10154168572955016,0.1153851530491451,0.0,0.9999999987499999,0.6677158708796019,0.3036202004387966,0.2756128293593126,0.3998586103883135,surprised,08,20,20,female,strong,2334
40,1.3346666666666667,True,1.0,0.7107828972283746,0.6778703789992521,0.6943266381138133,0.6515206519954723,-0.06648148148148147,-0.06888888888888883,0.38129354902367624,0.2739124373404698,0.16867590988446463,1.0657016565587525,0.032912518229122556,0.002407407407407358,0.011740406064207001,0.34588960458115015,0.11545258171782483,0.11028255660457871,0.0,0.9999999987499999,0.5981273613507904,0.2890959423300332,0.31296689328639893,0.38682065929715514,surprised,08,20,20,female,strong,2334
50,1.6683333333333334,True,1.0,0.38276370028370793,0.3328911640486451,0.3578274321661765,0.5879798841704824,-0.06861111111111112,-0.07236111111111115,0.4413971946243611,0.22516766005262837,0.1652167256465783,0.6085708742757361,0.049872536235062825,0.003750000000000031,0.00470692628730853,0.41939295381701497,0.11417982460609306,0.11295724921248453,0.0,0.9999999987499999,0.5944918609396883,0.28616455943265784,0.30274349946105555,0.37292766374555947,surprised,08,20,20,female,strong,2334
60,2.0020000000000002,True,1.0,0.6503349247224791,0.6364777405158805,0.6434063326191798,0.4944009708360764,-0.058564814814814736,-0.06625000000000003,0.42105778800109567,0.16695020105473754,0.17252142835376413,1.3013856577407643,0.01385718420659865,0.007685185185185295,0.014258325840187056,0.47184006116438726,0.11926934944421495,0.11122669499157731,0.0,0.9999999987499999,0.5735121742056197,0.2839339181823382,0.3416060187256449,0.3998792696818467,surprised,08,20,20,female,strong,2334
70,2.3356666666666666,True,1.0,0.6762244028751395,0.6456566295032334,0.6609405161891865,0.6789520151251789,-0.06060185185185191,-0.06893518518518521,0.3634460686991954,0.2931598696962506,0.17798536684420846,0.973471617235466,0.030567773371906082,0.008333333333333304,0.020119381820012314,0.3458896045811483,0.11709056596859617,0.11199740724154927,0.0,0.9999999987499999,0.5747803557751227,0.2861413470973577,0.31732462780511483,0.36000857741388265,surprised,08,20,20,female,strong,2334
80,2.6693333333333333,True,1.0,0.7056358543545366,0.6393859520218828,0.6725109031882097,0.7534742393132884,-0.053148148148148056,-0.06467592592592586,0.37794228810848324,0.16340688660622735,0.1896090870785938,0.8925466434010164,0.06624990233265382,0.011527777777777803,0.05848778516362123,0.31823496008976465,0.12072493624133682,0.11188117126417375,0.0,0.9999999987499999,0.5304705009347488,0.2800122864881562,0.3350127994965232,0.36950079199861435,surprised,08,20,20,female,strong,2334
90,3.003,True,1.0,0.6407181142691963,0.5730688952667045,0.6068935047679505,0.7641704738122488,-0.0593055555555555,-0.0722222222222223,0.3613215547495866,0.29216505812636306,0.18004807843986864,0.7941860168194091,0.06764921900249188,0.012916666666666798,0.03939847295908162,0.31983348822814006,0.10786954832288764,0.114260748123498,0.0,0.9999999987499999,0.608774961211047,0.3111443268374017,0.3234807321954137,0.4192878404749255,surprised,08,20,20,female,strong,2334
100,3.336666666666667,True,1.0,0.6452455738670902,0.6064550957402184,0.6258503348036544,0.783195531192759,-0.06574074074074071,-0.0764351851851851,0.35769168537387724,0.4072359066383581,0.16782726689172323,0.799098449719858,0.038790478126871863,0.010694444444444395,0.016034973951567017,0.3156143102055655,0.11726332717664709,0.1118165102606449,0.0,0.9999999987499999,0.5948230741046419,0.2905663544729931,0.3236136439926525,0.3767118020451058,surprised,08,20,20,female,strong,2334
110,3.6703333333333332,True,1.0,0.6747857049039423,0.6370370370370372,0.6559113709704898,0.7721888425782303,-0.06796296296296289,-0.08032407407407405,0.35086119555226186,0.4343264021467737,0.16165760645580307,0.8494183479529356,0.03774866786690512,0.012361111111111156,0.007944704418310727,0.3163845263444217,0.11376845921520388,0.11370715931423783,0.0,0.9999999987499999,0.6125893094972364,0.28708237643886714,0.31371004784193274,0.3846411121177005,surprised,08,20,20,female,strong,2334
0,0.0,True,1.0,0.6505150001890314,0.6016703979711212,0.6260926990800764,0.5803110449498905,-0.06203703703703706,-0.06601851851851853,0.3360796359972588,0.3812980184010452,0.15984445805721548,1.0788915781090107,0.048844602217910205,0.003981481481481475,0.008295152609441072,0.4027482965393781,0.12080886799323494,0.11007308777697603,0.0,0.9999999987499999,0.6107543335381028,0.287053029504766,0.3068431356323416,0.37290262003942476,surprised,08,20,20,female,strong,2335
10,0.33366666666666667,True,1.0,0.6323105530162212,0.5723640848211413,0.6023373189186813,0.5423510632683832,-0.06217592592592597,-0.06699074074074074,0.339101569445487,0.36135745346252335,0.16192621871902643,1.1106041081376359,0.05994646819507987,0.004814814814814772,0.005640403783829786,0.44395870385095804,0.12019048106163892,0.11074798192528007,0.0,0.9999999987499999,0.6128700557254152,0.28624120872610864,0.3026357638500125,0.3691759968547736,surprised,08,20,20,female,strong,2335
20,0.6673333333333333,True,1.0,0.5393344300182034,0.5554234201779702,0.5473789250980867,0.5128357279127994,-0.06518518518518518,-0.06740740740740742,0.3311736629927792,0.3674676834183171,0.15555604601585937,1.0673572360605128,0.016088990159766836,0.0022222222222222365,0.012248173482384684,0.46985110689620124,0.11213053655479205,0.1136586278624425,0.0,0.9999999987499999,0.6305146653661464,0.2865471254862946,0.28394203854317435,0.36883396199840246,surprised,08,20,20,female,strong,2335
30,1.0010000000000001,True,1.0,0.6659232989307212,0.6796977938646936,0.6728105463977074,0.7551206476675869,-0.046944444444444455,-0.04814814814814816,0.36309844477039177,0.432591501711477,0.13615650622369047,0.8909974167384794,0.013774494933972425,0.0012037037037037068,0.008871341180166397,0.32876313686200814,0.11397387917741972,0.11095483785741571,0.0,0.9999999987499999,0.6327590867518883,0.2903642722522586,0.28772979533271215,0.36198795239880344,surprised,08,20,20,female,strong,2335
40,1.3346666666666667,True,1.0,0.5551428900300771,0.5493549454541691,0.552248917742123,0.7951284721813306,-0.04458333333333331,-0.04643518518518519,0.36826407567643593,0.3585001392118807,0.13672016230531564,0.6945404888182416,0.005787944575908033,0.0018518518518518823,0.014520113530971988,0.32037544773606524,0.10601491384047025,0.11399538889579769,0.0,0.9999999987499999,0.6337752610419167,0.29292235184077364,0.2795392789543822,0.35951723736466196,surprised,08,20,20,female,strong,2335
50,1.6683333333333334,True,1.0,0.5910488367968219,0.6253600830732885,0.6082044599350551,0.6921157546226906,-0.045046296296296306,-0.047453703703703776,0.3593544823482088,0.3616695826642097,0.1397231886425601,0.8787611839100816,0.034311246276466645,0.002407407407407469,0.012597719734356435,0.3458048549418228,0.11181629225632075,0.11211384517099018,0.0,0.9999999987499999,0.6275208957098465,0.29006766099770515,0.2868411327659638,0.3536602854640892,surprised,08,20,20,female,strong,2335
60,2.0020000000000002,True,1.0,0.6124107248631977,0.6195949235347917,0.6160028241989948,0.8604131137614875,-0.04675925925925928,-0.04768518518518505,0.31940071505602446,0.4565156547722452,0.147921308704302,0.7159384420653484,0.007184198671594033,0.0009259259259257746,0.001122795673756029,0.2876955486984613,0.11915473270267368,0.11049065721857423,0.0,0.9999999987499999,0.6093926550073153,0.29063732781948687,0.311486436502103,0.35880222439594633,surprised,08,20,20,female,strong,2335
70,2.3356666666666666,True,1.0,0.6383721888167915,0.6583526330608973,0.6483624109388444,0.9108575329971432,-0.04791666666666655,-0.04879629629629623,0.35157764947968095,0.4553431185436954,0.14583385649087707,0.7118153909376275,0.019980444244105833,0.0008796296296296746,0.0031436730780260063,0.28172498464671153,0.11603374142078723,0.11156547490619376,0.0,0.9999999987499999,0.6072103430122048,0.28377106497050975,0.2974862719615764,0.3787227795766138,surprised,08,20,20,female,strong,2335
80,2.6693333333333333,True,1.0,0.6531774953647711,0.6881599671320909,0.670668731248431,0.8303694667440653,-0.04768518518518511,-0.04981481481481481,0.346768452697172,0.4390349641763338,0.1472242950997283,0.8076750869443313,0.034982471767319834,0.0021296296296297035,0.006399059584572876,0.31597698497314675,0.11816297740433923,0.10982944483723248,0.0,0.9999999987499999,0.612487238817402,0.2820759721888302,0.3013938537130712,0.3807208492497991,surprised,08,20,20,female,strong,2335
90,3.003,True,1.0,0.683300518944705,0.7088174575826689,0.696058988263687,0.7965927569842495,-0.04842592592592587,-0.05004629629629631,0.3426940722832015,0.44703790902619794,0.14723517722784532,0.8737952763954765,0.025516938637963893,0.0016203703703704386,0.004911430766848621,0.3220545783590091,0.11749496202438603,0.1100255344828658,0.0,0.9999999987499999,0.6147424003507653,0.2840103261556889,0.2971157997362476,0.38068338211434444,surprised,08,20,20,female,strong,2335
0,0.0,True,1.0,0.533815242211455,0.5056611354603168,0.5197381888358859,0.5634441075165143,-0.08481481481481479,-0.0829629629629629,0.33040320234727005,0.3841106397986879,0.17716775714279095,0.9224307822238651,0.028154106751138275,0.0018518518518518823,0.004974584940068982,0.40903149186356125,0.11622768896163203,0.11289262237097798,0.0,0.9999999987499999,0.6252990636645283,0.2883201966331181,0.3006155902086146,0.3742997803469035,surprised,08,20,20,female,strong,2336
10,0.33366666666666667,True,1.0,0.21802089888515708,0.2006502957828017,0.20933559733397938,0.6094074572567217,-0.08671296296296299,-0.08634259259259258,0.3427476752933779,0.41428073796362647,0.16295056600972768,0.3435067865370635,0.017370603102355386,0.00037037037037040976,0.005207484740116623,0.39118187944749916,0.11664959821291708,0.11413820823391507,0.0,0.9999999987499999,0.6225019886235744,0.295532351517495,0.2860576314742728,0.35938885631856476,surprised,08,20,20,female,strong,2336
20,0.6673333333333333,True,1.0,0.49293333894712654,0.4597701149425292,0.47635172694482786,0.5352165731088319,-0.08138888888888884,-0.08296296296296296,0.4323566158088779,0.20886500414003156,0.17547412405506016,0.8900167724215178,0.03316322400459737,0.0015740740740741166,0.004315779343843873,0.4260036658172185,0.11539199337251667,0.11524427647758456,0.0,0.9999999987499999,0.5859737570340636,0.28636936111489625,0.3063247171601773,0.37002852916640405,surprised,08,20,20,female,strong,2336
30,1.0010000000000001,True,1.0,0.5067690578187626,0.48965374349740126,0.4982114006580819,0.6316115053605338,-0.08430555555555552,-0.08333333333333337,0.4185020255609163,0.1545321738569132,0.1939581952229413,0.7887940552534662,0.01711531432136132,0.0009722222222221522,0.012641608402538742,0.3715936074535077,0.1056917850189287,0.11512548355269435,0.0,0.9999999987499999,0.620165292007428,0.3136451563660356,0.31684679629549745,0.43129580016751207,surprised,08,20,20,female,strong,2336
40,1.3346666666666667,True,1.0,0.5070723692454152,0.4644360617027511,0.48575421547408315,0.6195851346929145,-0.07916666666666672,-0.08347222222222223,0.4243264657555835,0.1909299476882793,0.19102974196900294,0.7839991443868934,0.04263630754266412,0.004305555555555507,0.023232445457428846,0.42055723024300545,0.12020967481468604,0.11260392862605263,0.0,0.9999999987499999,0.5716530828034339,0.2795957443060374,0.35298676758452974,0.3953274985542784,surprised,08,20,20,female,strong,2336
50,1.6683333333333334,True,1.0,0.745069126510616,0.6561710564912971,0.7006200915009566,0.5591095913776499,-0.08060185185185187,-0.08055555555555555,0.40062893830125396,0.09783450539148553,0.20835676951512228,1.2530997541548587,0.08889807001931882,4.629629629632204e-05,0.032567339251112895,0.4499555119692466,0.10675706451556906,0.11628805131379215,0.0,0.9999999987499999,0.6062000767885279,0.31413190033861493,0.33652907421170425,0.4300804139080992,surprised,08,20,20,female,strong,2336
60,2.0020000000000002,True,1.0,0.7706108092529819,0.7681743610892124,0.7693925851710972,0.6535194579860197,-0.07273148148148151,-0.07736111111111121,0.3750371990261535,0.2658762418100359,0.1923805444283331,1.1773063154724863,0.0024364481637694224,0.004629629629629706,0.015686697999219002,0.39299583957153417,0.11408815532360767,0.11455653992324204,0.0,0.9999999987499999,0.5848305861719688,0.2880263855861969,0.3468685636973082,0.40286981396484656,surprised,08,20,20,female,strong,2336
70,2.3356666666666666,True,1.0,0.7558030764956942,0.7112718394378857,0.7335374579667899,0.6888568838777032,-0.06833333333333336,-0.0755555555555556,0.3887695857368063,0.15052216549824024,0.19727791968317598,1.0648619112834752,0.04453123705780848,0.007222222222222241,0.03133081406518261,0.3768938733177886,0.10687639270079473,0.11502473974435977,0.0,0.7071067807446058,0.619017704910089,0.3077454733030701,0.32243477739282306,0.4330347874450311,surprised,08,20,20,female,strong,2336
80,2.6693333333333333,True,1.0,0.7785149529046713,0.7485565662920273,0.7635357595983493,0.6234570861563946,-0.07314814814814802,-0.07657407407407413,0.4130133802580158,0.19221928706894348,0.1923710263141695,1.2246805378466994,0.02995838661264405,0.00342592592592611,0.021978681929465012,0.3946924883341696,0.11493979163926249,0.11716797864869474,0.0,0.9999999987499999,0.5873156794358367,0.2891678200732308,0.36389600034479813,0.416859301707289,surprised,08,20,20,female,strong,2336
90,3.003,True,1.0,0.09914360934671555,0.11123251080595033,0.10518806007633294,0.6461852407648733,-0.09060185185185193,-0.09287037037037038,0.39908623546135946,0.2543495096627695,0.18613119697045133,0.16278313622859053,0.012088901459234774,0.0022685185185184475,0.009261339924782373,0.394946808510638,0.11834634949624599,0.11322243877327282,0.0,0.9999999987499999,0.5966180654918217,0.2836273380391026,0.3409505425243098,0.4028262972103274,surprised,08,20,20,female,strong,2336
100,3.336666666666667,True,1.0,0.522756903757951,0.5210727969348655,0.5219148503464083,0.6704671745242021,-0.0807870370370371,-0.08129629629629631,0.38775191982506513,0.3067030691972415,0.18269903226568535,0.7784346052687603,0.0016841068230855072,0.0005092592592592093,0.004355787561094837,0.3835692846238291,0.11641213460190443,0.11371217379861805,0.0,0.9999999987499999,0.6129596738070228,0.2863271228720058,0.33937960483458074,0.4006268452415171,surprised,08,20,20,female,strong,2336
0,0.0,True,1.0,0.6261400020585219,0.6234785029771838,0.6248092525178528,0.6179957606232203,-0.060324074074074086,-0.05995370370370362,0.34553538979792614,0.3657582892032531,0.1556148900297242,1.01102514342131,0.00266149908133817,0.0003703703703704653,0.00483572386014906,0.38559811115537573,0.11735205733156603,0.110695486908725,0.0,0.9999999987499999,0.6262810564147534,0.28452577842774557,0.29949712247956606,0.3745547332958386,surprised,08,20,20,female,strong,2337
10,0.33366666666666667,True,1.0,0.6623041514220068,0.6280575281834672,0.645180839802737,0.6300396542392476,-0.06092592592592594,-0.0596296296296297,0.3397777341481874,0.36471984368795657,0.15566587018222125,1.0240321152194332,0.034246623238539664,0.0012962962962962399,0.008109238292029796,0.4004926039506159,0.11692748204868329,0.11182743810947814,0.0,0.9999999987499999,0.6254313446706807,0.2838531549240512,0.2981596138997302,0.37383830932330836,surprised,08,20,20,female,strong,2337
20,0.6673333333333333,True,1.0,0.2776832424911494,0.2464112187960766,0.262047230643613,0.3597816075181724,-0.08564814814814808,-0.08046296296296301,0.3599715490007242,0.22675103732904722,0.16598876984135175,0.7283508249664407,0.03127202369507279,0.0051851851851850705,0.026596029463840803,0.6415959216989373,0.11107534474553303,0.11650301338730483,0.0,0.9999999987499999,0.6235502246445453,0.2852067411591091,0.2715181426451253,0.3428295228570752,surprised,08,20,20,female,strong,2337
30,1.0010000000000001,True,1.0,0.26938970851524807,0.3015165588195895,0.28545313366741876,0.7444988756808624,-0.07537037037037037,-0.07314814814814813,0.3474201657977407,0.4133199729811396,0.15367094113747448,0.3834164738077877,0.032126850304341426,0.0022222222222222365,0.03107015948213658,0.34017470370184694,0.1042457336122709,0.10934848700883115,0.0,0.9999999987499999,0.6538257815704407,0.28832353881367206,0.2494453120697175,0.3428679011123216,surprised,08,20,20,female,strong,2337
40,1.3346666666666667,True,1.0,0.6354130998097577,0.6708595387840665,0.6531363192969121,0.7524207490220949,-0.06337962962962967,-0.06194444444444447,0.3570904077464286,0.4001951427097064,0.15380790749467227,0.8680466615863257,0.03544643897430877,0.001435185185185206,0.0186888576807826,0.3357571058744355,0.10667569552774502,0.11371285998016752,0.0,0.9999999987499999,0.6361105840930122,0.28916895004244936,0.27018543106271664,0.3680176639539619,surprised,08,20,20,female,strong,2337
50,1.6683333333333334,True,1.0,0.19785674842159012,0.2075358851107794,0.20269631676618477,0.5603455518329935,-0.07754629629629634,-0.07481481481481483,0.35795985699766414,0.3041483084593759,0.15591269171065958,0.36173449776326017,0.009679136689189266,0.0027314814814815014,0.004277281640225156,0.43481202695394383,0.11022369609627619,0.11714656294213839,0.0,0.9999999987499999,0.6332912614420769,0.2852642680286348,0.26713228255735777,0.35487075001066026,surprised,08,20,20,female,strong,2337
60,2.0020000000000002,True,1.0,0.6371859878891165,0.6586495410824527,0.6479177644857845,0.7110763585011047,-0.05527777777777776,-0.055185185185185226,0.35291461073955627,0.31511036476559834,0.1621239871909906,0.9111788864019418,0.02146355319333615,9.259259259253305e-05,0.005445929997867085,0.34514225188428016,0.10927280293639394,0.11087635088375734,0.0,0.9999999987499999,0.6280385693496149,0.2903302516020806,0.2848399128806131,0.3647208604578288,surprised,08,20,20,female,strong,2337
70,2.3356666666666666,True,1.0,0.67394542545506,0.6514723640540059,0.662708894754533,0.601094518659991,-0.05259259259259269,-0.05254629629629615,0.3952568254384097,0.11159309143270454,0.16801808958087866,1.1025036399132333,0.022473061401054095,4.629629629654408e-05,0.027277106897942483,0.3977452866913739,0.11023231863453561,0.1124922476822462,0.0,0.9999999987499999,0.6087039575439551,0.2845403230624661,0.2932916882727333,0.395667401191328,surprised,08,20,20,female,strong,2337
80,2.6693333333333333,True,1.0,0.658661056772196,0.6620932552871158,0.6603771560296559,0.6019266730293303,-0.05166666666666664,-0.05124999999999996,0.4097067468842777,0.1367010169943091,0.16831684520001677,1.09710565359425,0.0034321985149198264,0.0004166666666666763,0.023858830688547494,0.4113060321545904,0.11282971267083441,0.11330138900280205,0.0,0.9999999987499999,0.6061929655534088,0.28262121076780644,0.30463957350200527,0.4018904344284901,surprised,08,20,20,female,strong,2337
90,3.003,True,1.0,0.6508644194798578,0.6735172254382963,0.6621908224590771,0.6064233643917083,-0.05166666666666664,-0.05236111111111108,0.41365041612423986,0.17915590008613202,0.16266940163569674,1.091961262283006,0.022652805958438438,0.000694444444444442,0.014454535154017654,0.4224522190028016,0.1171483442064785,0.11159604572647244,0.0,0.9999999987499999,0.6097975500903486,0.28254870522931014,0.3069975762143309,0.39870929409227185,surprised,08,20,20,female,strong,2337
100,3.336666666666667,True,1.0,0.6659684303271323,0.6783374588075071,0.6721529445673197,0.6401999687597619,-0.05189814814814819,-0.0524074074074074,0.39918562623026166,0.2133333333333337,0.16259199619465434,1.0499109299699891,0.0123690284803748,0.0005092592592592093,0.021437994039159858,0.4129691120178578,0.11640620327257428,0.11321452004694435,0.0,0.9999999987499999,0.6100902288962461,0.28263674544716955,0.29972654268433446,0.39180397891323504,surprised,08,20,20,female,strong,2337
0,0.0,True,1.0,0.5870058664433121,0.5403022580265102,0.5636540622349111,0.47621418626125894,-0.05972222222222218,-0.06189814814814815,0.35113595307799544,0.372968890728009,0.15006153116227233,1.183614597162969,0.04670360841680188,0.00217592592592597,0.018860970488040352,0.46985110689620124,0.11841362592535225,0.1117969619221229,0.0,0.9999999987499999,0.6035151811427696,0.2865485608143718,0.3048995039339499,0.4014785234001855,neutral,01,20,20,female,normal,2338
10,0.33366666666666667,True,1.0,0.5979440668288433,0.5495333083341906,0.5737386875815169,0.5007485804087609,-0.06083333333333335,-0.0631944444444445,0.34500767561949097,0.3876763203164604,0.15006153116227233,1.1457619852125676,0.048410758494652706,0.002361111111111147,0.01514636330500173,0.45362903225806495,0.1170943690390033,0.11284080974566248,0.0,0.9999999987499999,0.602450434603529,0.28622932470424317,0.3030435333936363,0.39910788451339446,neutral,01,20,20,female,normal,2338
20,0.6673333333333333,True,1.0,0.5818181818181823,0.5355278146521029,0.5586729982351426,0.5235457727737636,-0.061203703703703705,-0.06199074074074079,0.3501276969590547,0.39662558543466964,0.15077998189393507,1.067094850704789,0.04629036716607948,0.000787037037037086,0.01164196324684701,0.4261363636363641,0.11862010271397445,0.11191883946494233,0.0,0.9999999987499999,0.6022981298613196,0.2859498450234603,0.304508527238386,0.39960784381122816,neutral,01,20,20,female,normal,2338
30,1.0010000000000001,True,1.0,0.5807479370045298,0.5661146521249255,0.5734312945647276,0.8881683546047123,-0.06675925925925924,-0.0710648148148148,0.3764533731899013,0.4810066475578046,0.15696826255207105,0.6456335576377731,0.014633284879604247,0.0043055555555555625,0.017195100140700942,0.281693882230335,0.1164298669804282,0.11419562806720016,0.0,0.9999999987499999,0.6028903564863446,0.2907155086571377,0.3163595551082052,0.4027886566316554,neutral,01,20,20,female,normal,2338
40,1.3346666666666667,True,1.0,0.482754490421279,0.4922308439637956,0.48749266719253725,0.8410356459238653,-0.07050925925925927,-0.07217592592592592,0.3512249697136831,0.4600856791042166,0.15351248357370742,0.5796337759941599,0.00947635354251658,0.0016666666666666496,0.01604926398503022,0.2871124247171502,0.09724887149517368,0.11643642607237366,0.0,0.9999999987499999,0.671051446000275,0.3087025359519928,0.27549219480730813,0.42308939626671005,neutral,01,20,20,female,normal,2338
50,1.6683333333333334,True,1.0,0.5489500160595929,0.5212242857010785,0.5350871508803356,0.9685023958375495,-0.07,-0.07046296296296306,0.346787652773776,0.5634210902486937,0.15283819063794782,0.5524892382094714,0.027725730358514444,0.00046296296296305384,0.009046363086505861,0.2494191068330564,0.0989602709759497,0.11481962003424112,0.0,0.9999999987499999,0.6745037602619173,0.30812199030611753,0.27886804309160346,0.42721770305573353,neutral,01,20,20,female,normal,2338
60,2.0020000000000002,True,1.0,0.5976676604878753,0.5671773893728936,0.5824225249303845,0.6120218579234976,-0.07546296296296295,-0.07634259259259263,0.3799690808408363,0.43715846994535495,0.15632029668680264,0.9516368041273241,0.030490271114981704,0.0008796296296296746,0.0054250865430814825,0.38839285714285593,0.09826230649489273,0.1150868871921346,0.0,0.9999999987499999,0.6744082549973114,0.30820665885519105,0.2778101430451905,0.4237885436191274,neutral,01,20,20,female,normal,2338
70,2.3356666666666666,True,1.0,0.5871379373149163,0.5726370910399983,0.5798875141774573,0.9399435096796135,-0.07518518518518519,-0.07629629629629636,0.31968995196041283,0.5656760528792538,0.15916636581052196,0.6169386864271409,0.014500846274917989,0.0011111111111111738,0.002754168465383319,0.25067133336906205,0.09823588929396115,0.11724134873553517,0.0,0.9999999987499999,0.672725110747424,0.3074116521042397,0.2754794509161823,0.4195810140577068,neutral,01,20,20,female,normal,2338
80,2.6693333333333333,True,1.0,0.6030029607323031,0.5825101443337914,0.5927565525330473,0.7683746740026364,-0.07347222222222233,-0.0751851851851853,0.34571205410506795,0.4802341712516474,0.1556384214058764,0.7714420745353893,0.020492816398511637,0.0017129629629629717,0.0027006349747084554,0.3053989201585811,0.09995394649121535,0.115944539876845,0.0,0.9999999987499999,0.6747578870298119,0.30646025096060603,0.2756811015233721,0.42068695215263807,neutral,01,20,20,female,normal,2338
90,3.003,True,1.0,0.6033067405806565,0.557571177669,0.5804389591248282,0.7264761514778917,-0.07027777777777777,-0.07226851851851862,0.3406272864625329,0.4762082747616438,0.1522282436940281,0.7989786835314887,0.04573556291165648,0.0019907407407408484,0.002949627787734819,0.32573340124116473,0.11882971441735721,0.11101188484207117,0.0,0.9999999987499999,0.6050644035348515,0.29064296678073365,0.306156245364291,0.39724980244319713,neutral,01,20,20,female,normal,2338
100,3.336666666666667,True,1.0,0.6351717013525097,0.5874294290113808,0.6113005651819452,0.6704687380827858,-0.06925925925925924,-0.07268518518518524,0.35292040882908343,0.4208479895095992,0.15494434835799442,0.9117510339556878,0.04774227234112882,0.003425925925925999,0.005634963110653421,0.3538413898829364,0.11724138483891627,0.11268805298629471,0.0,0.9999999987499999,0.604374042195003,0.28932622673670005,0.3025781316154647,0.3944126137015102,neutral,01,20,20,female,normal,2338
0,0.0,True,1.0,0.5170614288234638,0.49033375726618383,0.5036975930448239,0.5034569656751903,-0.0598611111111112,-0.060694444444444495,0.35422630714868375,0.3539385014002996,0.15214402194152554,1.000477950224228,0.02672767155728001,0.0008333333333332971,0.006231251064840217,0.49310238960251385,0.11690898031692164,0.11320129802020165,0.0,0.9999999987499999,0.6037124385848089,0.28595482807217915,0.29907512055043595,0.39580977636511216,neutral,01,20,20,female,normal,2339
10,0.33366666666666667,True,1.0,0.6033067405806574,0.5273401780846275,0.5653234593326424,0.5035192678987571,-0.06000000000000005,-0.06009259259259264,0.35312499999999986,0.36184857423795486,0.15073544774060407,1.122744441720773,0.07596656249602984,9.259259259258856e-05,0.01253038724234999,0.4569606572066383,0.1171222264808191,0.11298065151453758,0.0,0.9999999987499999,0.6050791306209984,0.28542789928489887,0.3002787215499134,0.39624566928804816,neutral,01,20,20,female,normal,2339
20,0.6673333333333333,True,1.0,0.592722411798539,0.5659873102333826,0.5793548610159608,0.5348404021160076,-0.060185185185185175,-0.06041666666666673,0.35311965782325644,0.36966910146253507,0.15213349094410566,1.083229424560746,0.02673510156515646,0.00023148148148155467,0.006899727803864959,0.430147058823529,0.11833291161876126,0.11154130012249028,0.0,0.9999999987499999,0.6048260314907213,0.28548467793172927,0.3012769322899376,0.3957682600856872,neutral,01,20,20,female,normal,2339
30,1.0010000000000001,True,1.0,0.6141414141414145,0.567184473835707,0.5906629439885608,0.8584118633339279,-0.07277777777777783,-0.07078703703703704,0.37267535664844,0.4514062384773247,0.15908581721732423,0.6880880486606101,0.04695694030570752,0.001990740740740793,0.0028934621834162365,0.2909482758620688,0.09731324582505994,0.11654621597507615,0.0,0.9999999987499999,0.6684149665256729,0.30942136641509826,0.2761781450225697,0.4208232457713341,neutral,01,20,20,female,normal,2339
40,1.3346666666666667,True,1.0,0.5874337247076422,0.5771350786398419,0.5822844016737421,0.8267577307885234,-0.0729166666666668,-0.07143518518518516,0.36043130252985883,0.45163018442307223,0.16049702270746352,0.7042987080609286,0.010298646067800288,0.001481481481481639,0.0009854594489615619,0.30206694559722486,0.09725003568918965,0.11741311071172235,0.0,0.9999999987499999,0.6704788347995447,0.3080250535472918,0.27456770833067495,0.42203941662595107,neutral,01,20,20,female,normal,2339
50,1.6683333333333334,True,1.0,0.6020943671061063,0.5720935748378814,0.5870939709719938,0.8940758180523953,-0.07509259259259271,-0.07240740740740753,0.3388900990672135,0.5120616048845535,0.16117928768829692,0.6566489766504214,0.03000079226822494,0.0026851851851851793,0.00719732010265992,0.2665299666838535,0.09977585198846475,0.1157691634746115,0.0,0.9999999987499999,0.6718380672972313,0.3082605940446327,0.27542442356578745,0.4196236742631162,neutral,01,20,20,female,normal,2339
60,2.0020000000000002,True,1.0,0.5010785545286599,0.4836914696249439,0.4923850120768019,0.988974180794627,-0.08018518518518525,-0.07754629629629628,0.35358007286119525,0.5173465611631477,0.16607561779133423,0.4978744861480382,0.017387084903715988,0.0026388888888889683,0.013717056967014175,0.2762931004917381,0.09711696846912451,0.11687295090936077,0.0,0.9999999987499999,0.6729850620091786,0.3092563526321342,0.2747582596505412,0.4166418671703818,neutral,01,20,20,female,normal,2339
70,2.3356666666666666,True,1.0,0.6072599964164147,0.5800629332217301,0.5936614648190723,0.8387736661795764,-0.07717592592592598,-0.07282407407407415,0.31448003347402237,0.5328244425394928,0.16336312596803013,0.7077731320811078,0.027197063194684623,0.004351851851851829,0.02143061908186957,0.2958356369957181,0.09763654130547474,0.11709190326650773,0.0,0.9999999987499999,0.6739111340473689,0.3062625915587184,0.27170567249791605,0.4162887910078727,neutral,01,20,20,female,normal,2339
80,2.6693333333333333,True,1.0,0.5886779023335718,0.5708255423871205,0.5797517223603461,0.7875276237977193,-0.07203703703703696,-0.07050925925925927,0.3455216171655374,0.47239701391442823,0.16055405583427368,0.7361668401732895,0.01785235994645129,0.0015277777777776835,0.015966610684243664,0.3174491820292179,0.0996543682245047,0.11521419598013306,0.0,0.9999999987499999,0.6711022020605119,0.3072458798656133,0.2757033743510635,0.4184225563384701,neutral,01,20,20,female,normal,2339
90,3.003,True,1.0,0.6165761242732647,0.5858025892746739,0.6011893567739692,0.5296217851555537,-0.06912037037037033,-0.06796296296296295,0.33963642563869256,0.35262045261377434,0.1592008741604577,1.1351295842133753,0.030773534998590812,0.0011574074074073848,0.013790282703579322,0.42986288878896395,0.1155753871725736,0.11305590610002682,0.0,0.9999999987499999,0.6012309239398885,0.28771452568142014,0.29951895460113365,0.3897563657123843,neutral,01,20,20,female,normal,2339
100,3.336666666666667,True,1.0,0.6011149523929599,0.5972112296648555,0.5991630910289076,0.4403325412839484,-0.06837962962962951,-0.06856481481481486,0.3468932576860418,0.3535533905932739,0.15434521482581423,1.3607059094061762,0.003903722728104353,0.00018518518518534366,0.01872342135693407,0.5068771138452636,0.09795683332860909,0.1155120566563284,0.0,0.9999999987499999,0.6767423850790316,0.3019639678163488,0.26607043310514195,0.4151286494780917,neutral,01,20,20,female,normal,2339
0,0.0,True,1.0,0.5817983538040087,0.5661146521249263,0.5739565029644675,0.6913263708409093,-0.06050925925925921,-0.06115740740740744,0.3396633428893277,0.38677887819523327,0.1563324977524367,0.8302250965290439,0.015683701679082396,0.000648148148148231,0.015208927350231261,0.33479140438121174,0.11677177746711762,0.11351079017829817,0.0,0.9999999987499999,0.5988315802258404,0.2868504010345608,0.3068027217933939,0.39561796239312513,neutral,01,20,20,female,normal,2340
10,0.33366666666666667,True,1.0,0.6180607663527939,0.5800495288508168,0.5990551476018053,0.7074961849780512,-0.059305555555555556,-0.061620370370370325,0.3398013309483965,0.3948478093088888,0.1563324977524367,0.8467256224433067,0.0380112375019771,0.0023148148148147696,0.013185606964445718,0.32700690573208463,0.11904117882386431,0.1116416458449435,0.0,0.9999999987499999,0.5998129518057222,0.2868569299241267,0.31131777034036,0.3978452211980556,neutral,01,20,20,female,normal,2340
20,0.6673333333333333,True,1.0,0.6071304290413816,0.5768829215173383,0.59200667527936,0.6583470267152911,-0.059768518518518554,-0.06060185185185185,0.3386038586985256,0.38677887819523327,0.1556261659247812,0.8992319419031558,0.03024750752404326,0.0008333333333332971,0.014624599383289187,0.35156249999999983,0.1183830034131841,0.11199962477819632,0.0,0.9999999987499999,0.5978688984968988,0.28564903954038345,0.30814397996515713,0.39441835790286894,neutral,01,20,20,female,normal,2340
30,1.0010000000000001,True,1.0,0.25653460413738677,0.2373348274472079,0.24693471579229734,0.7567916345087037,-0.087824074074074,-0.08962962962962961,0.3375995018034926,0.4112998013634258,0.1737099599235035,0.32629155045113994,0.01919977669017886,0.0018055555555556158,0.008455618810929514,0.31793478260869673,0.11354118752549681,0.11224945278989383,0.0,0.9999999987499999,0.6087737657406712,0.2920365469563374,0.2893822416561736,0.3617079482385399,neutral,01,20,20,female,normal,2340
40,1.3346666666666667,True,1.0,0.5819601926105845,0.5458089668615987,0.5638845797360916,0.7725776888221854,-0.07759259259259266,-0.0735648148148148,0.35704696922770696,0.41719195196398,0.16328604938601876,0.7298742739979305,0.03615122574898577,0.004027777777777852,0.0010947903847090487,0.2924999999999995,0.09951438965573632,0.11500427130372536,0.0,0.9999999987499999,0.665763000012505,0.3107218493426446,0.2867608930507836,0.43209088669171264,neutral,01,20,20,female,normal,2340
50,1.6683333333333334,True,1.0,0.6022262389757833,0.5659873102333818,0.5841067746045825,0.924025484845974,-0.0788888888888889,-0.0762500000000001,0.37712925134912106,0.49868042039306576,0.16608985835800663,0.6321327541111568,0.03623892874240153,0.002638888888888802,0.002312536962964697,0.2505033984458192,0.09864576598424982,0.11591467968802985,0.0,0.9999999987499999,0.6665102478413241,0.31122550141346517,0.29385106073532624,0.4363670258825187,neutral,01,20,20,female,normal,2340
60,2.0020000000000002,True,1.0,0.5760155181442602,0.5569575025863449,0.5664865103653025,0.7167794451179262,-0.07726851851851857,-0.07597222222222227,0.3548707111871727,0.4751138697773126,0.16328604938601876,0.7903219243014186,0.01905801555791531,0.0012962962962962954,0.0008796083469004216,0.3178397434328221,0.11597911927078529,0.11498524767536378,0.0,0.9999999987499999,0.6038440075483317,0.28840938744689953,0.31448308024711863,0.393376486697385,neutral,01,20,20,female,normal,2340
70,2.3356666666666666,True,1.0,0.6188613832849457,0.5866317678076317,0.6027465755462886,0.9380298861220004,-0.07648148148148154,-0.07606481481481486,0.3229048547625339,0.5627884994182419,0.16262014789072107,0.6425664943770195,0.032229615477313955,0.0004166666666666763,0.00736232412053987,0.26651602864547136,0.10081059589885545,0.11569556319929922,0.0,0.9999999987499999,0.665776197807248,0.3095206777041039,0.28650822779280194,0.42659397409230143,neutral,01,20,20,female,normal,2340
80,2.6693333333333333,True,1.0,0.670351459032736,0.6327086723336335,0.6515300656831847,0.6572733543758501,-0.07472222222222225,-0.07597222222222227,0.33539470643275393,0.45990948622502936,0.15918314163723735,0.9912619480853301,0.03764278669910248,0.0012500000000000289,0.0011083241855338937,0.33829088902587195,0.10061778387159957,0.11569873469824855,0.0,0.9999999987499999,0.6676162752913665,0.30777233974957285,0.28043091870299514,0.42107650125878515,neutral,01,20,20,female,normal,2340
90,3.003,True,1.0,0.6228178113784656,0.6064606631769727,0.6146392372777192,0.6975164044218547,-0.07527777777777783,-0.07449074074074075,0.32838418346422005,0.472933124801567,0.16058826598777404,0.8811824831376843,0.01635714820149292,0.000787037037037086,0.009055899318436101,0.33539631297756867,0.11783548474532379,0.11308210214238736,0.0,0.9999999987499999,0.5996835489820928,0.28774877598736476,0.30992647408521773,0.3932565488189253,neutral,01,20,20,female,normal,2340
100,3.336666666666667,True,1.0,0.6213145133560166,0.5975651525333928,0.6094398329447047,0.6575979633173118,-0.07217592592592598,-0.07226851851851851,0.33379751781208056,0.4270588086375274,0.16194176641321595,0.9267666065605358,0.0237493608226238,9.259259259253305e-05,0.008806931179269218,0.3661530121933123,0.11968980988594388,0.11111756251802485,0.0,0.9999999987499999,0.6011069528280063,0.2869344665236104,0.3138305738459661,0.3937529986903698,neutral,01,20,20,female,normal,2340
0,0.0,True,1.0,0.6072599964164148,0.5916662249104007,0.5994631106634077,0.5031924628371611,-0.060416666666666674,-0.06064814814814817,0.3543852732798272,0.3616695826642099,0.15352192606559384,1.1913197333748635,0.015593771506014154,0.00023148148148149916,0.009308173278475078,0.4921875000000013,0.11698547138666297,0.11329054234214826,0.0,0.9999999987499999,0.6040716574833058,0.28569401307590775,0.2995064116932411,0.3981628345260758,neutral,01,20,20,female,normal,2341
10,0.33366666666666667,True,1.0,0.608187134502924,0.5714679462125768,0.5898275403577504,0.533263694218704,-0.060138888888888964,-0.06129629629629624,0.34374715110222287,0.37974838830725927,0.15281822208708187,1.1060710615634903,0.03671918829034726,0.0011574074074072738,0.007654075540508108,0.4261363636363629,0.11735531843103976,0.11290738122823511,0.0,0.9999999987499999,0.604693790922619,0.2852126033783357,0.301138942690047,0.3980884143452507,neutral,01,20,20,female,normal,2341
20,0.6673333333333333,True,1.0,0.5924343339389027,0.5865065763760656,0.5894704551574841,0.8888167035340664,-0.06578703703703698,-0.06893518518518521,0.3418130430571401,0.48553093220252685,0.16183572978066985,0.6632081202048326,0.005927757562837033,0.003148148148148233,0.01230040894657573,0.2812347424525891,0.11792092000115945,0.11282427029949511,0.0,0.9999999987499999,0.6071078672640932,0.28853272111390166,0.30850742663683584,0.40096975194195794,neutral,01,20,20,female,normal,2341
30,1.0010000000000001,True,1.0,0.603438877986709,0.5867507022069188,0.595094790096814,0.8784110995594056,-0.07638888888888895,-0.07606481481481481,0.3281482278031328,0.4898831132158222,0.16334584529180213,0.6774672933838181,0.016688175779790204,0.00032407407407414324,0.003523133531060564,0.2920673076923074,0.09727822233678557,0.11641190567346976,0.0,0.9999999987499999,0.6721665035467311,0.30922851884998714,0.2733393419324161,0.4191217925650361,neutral,01,20,20,female,normal,2341
40,1.3346666666666667,True,1.0,0.5712802476822686,0.5355357170991994,0.5534079823907341,0.7090493332382092,-0.07634259259259257,-0.07569444444444434,0.3555636922459416,0.4546824270851664,0.15910883526207428,0.7804929169925804,0.035744530583069145,0.000648148148148231,0.002302093168142362,0.33085322561603225,0.09720034215436216,0.11664039504512157,0.0,0.9999999987499999,0.6745046040525584,0.30770359143055853,0.2704202674322668,0.41726158966329885,neutral,01,20,20,female,normal,2341
50,1.6683333333333334,True,1.0,0.608014811339689,0.585309522975778,0.5966621671577335,0.8408101543473413,-0.07824074074074078,-0.07759259259259266,0.38263823545324005,0.47114362097049334,0.16327343339026862,0.7096276895238951,0.022705288363911058,0.0006481481481481199,0.0034642731713938136,0.2914586838432392,0.0990197659663256,0.1159245183610903,0.0,0.9999999987499999,0.673527570598552,0.3097506586832532,0.28405157474863485,0.42678851518183414,neutral,01,20,20,female,normal,2341
60,2.0020000000000002,True,1.0,0.6694936378243853,0.6271751275559093,0.6483343826901473,0.7830839660940682,-0.07606481481481486,-0.07643518518518522,0.3768318377205721,0.4801659558495269,0.16473345770569378,0.8279244765078819,0.042318510268475995,0.00037037037037035425,0.0018257894572365262,0.29953928717564077,0.09697676420371536,0.11780076044306029,0.0,0.9999999987499999,0.6692931508384603,0.3105313668705506,0.27663524510498694,0.422733508505673,neutral,01,20,20,female,normal,2341
70,2.3356666666666666,True,1.0,0.6814012997792034,0.6285418315585737,0.6549715656688886,0.9141589826543072,-0.07337962962962963,-0.07287037037037047,0.29964856069799417,0.5483566043898781,0.1661050163293491,0.7164744624257209,0.0528594682206297,0.0005092592592591538,0.012321418023109817,0.2482439371208578,0.09725278335431652,0.11773492274413755,0.0,0.9999999987499999,0.66977626534989,0.30751322989019225,0.2736050229204554,0.4186483685547998,neutral,01,20,20,female,normal,2341
80,2.6693333333333333,True,1.0,0.6522393198339873,0.6220663857712214,0.6371528528026044,0.7889033378809387,-0.07208333333333333,-0.07263888888888897,0.33513037003251167,0.47633482501878166,0.1632995988143311,0.8076437533070288,0.030172934062765888,0.0005555555555556424,0.008190724604167492,0.3052103642096142,0.11808900312620164,0.11179949438914916,0.0,0.9999999987499999,0.5977304606842737,0.28888643366903166,0.3097420538350504,0.3933870855652793,neutral,01,20,20,female,normal,2341
90,3.003,True,1.0,0.6698642889996123,0.636869127033932,0.6533667080167721,0.711153617995306,-0.0712962962962963,-0.07287037037037042,0.3316278958787916,0.4629183697388765,0.16266940163569674,0.9187420150635931,0.03299516196568031,0.0015740740740741166,0.01051477534885261,0.3431644035277183,0.11638175891697766,0.11340776802559682,0.0,0.9999999987499999,0.5966221748621323,0.28856142713279737,0.3024483030480127,0.3913047178812049,neutral,01,20,20,female,normal,2341
100,3.336666666666667,True,1.0,0.7144428289394485,0.6520118179075097,0.6832273234234791,0.6721979654996011,-0.06921296296296298,-0.07162037037037039,0.33294963085360885,0.4422924841204445,0.15984445805721553,1.0164079013772092,0.06243101103193882,0.0024074074074074137,0.006265012441952645,0.35723774239102435,0.09901595204531767,0.11592777600574185,0.0,0.9999999987499999,0.6706008900044391,0.3056199490455453,0.2716283098181734,0.4188829064340944,neutral,01,20,20,female,normal,2341
0,0.0,True,1.0,0.5027863083578323,0.5246147686404656,0.513700538499149,0.39415619869456264,-0.06064814814814817,-0.05319444444444443,0.38590624659570477,0.2715389931838312,0.1455802990926893,1.3032917919355695,0.0218284602826333,0.00745370370370374,0.08161269017264845,0.6436248860797895,0.11392195896202159,0.11186298843863524,0.0,0.9999999987499999,0.6262122263358469,0.2876875528944367,0.28927071708623653,0.3648969321088798,calm,02,20,20,female,normal,2342
10,0.33366666666666667,True,1.0,0.504075018192565,0.5386234388782883,0.5213492285354266,0.39996828024323555,-0.06092592592592594,-0.053009259259259256,0.3933237923297653,0.2730931064842162,0.14413639052045682,1.30347643622733,0.03454842068572339,0.007916666666666683,0.0839472976802033,0.6396926763515214,0.11337820286924917,0.11241407398633226,0.0,0.9999999987499999,0.6248675887776987,0.2869481937364474,0.2891457714386214,0.3644760699942478,calm,02,20,20,female,normal,2342
20,0.6673333333333333,True,1.0,0.5098932227733264,0.5016989289966461,0.5057960758849862,0.41460449631602286,-0.06069444444444444,-0.0537037037037037,0.3906645681185227,0.2816744259626152,0.14416550005549184,1.21994836134014,0.00819429377668024,0.006990740740740742,0.09362199705426894,0.6205892061075963,0.11318237523214311,0.1144571285492958,0.0,0.9999999987499999,0.6245699570140557,0.2920031690600757,0.29566017919002685,0.36453421213677845,calm,02,20,20,female,normal,2342
30,1.0010000000000001,True,1.0,0.4152164979550348,0.4183177026478901,0.41676710030146247,0.7257187836997294,-0.06273148148148155,-0.05444444444444446,0.40628134785617165,0.36050054199426546,0.14139588517535293,0.5742818150258908,0.003101204692855297,0.008287037037037093,0.09861670788573093,0.3553270004287312,0.11363007436878139,0.11300560540314702,0.0,0.9999999987499999,0.6258693462306798,0.2880496557758366,0.30625311906558544,0.3863702227266249,calm,02,20,20,female,normal,2342
40,1.3346666666666667,True,1.0,0.4695127920660659,0.4719034579429612,0.47070812500451353,0.6295389461036348,-0.060046296296296264,-0.05249999999999999,0.4034594765556829,0.3120767204029769,0.1392887649060603,0.7477029466053486,0.0023906658768952926,0.007546296296296273,0.10481485104897822,0.407404033396267,0.11398200415394702,0.11449588117450993,0.0,0.9999999987499999,0.6195306972789115,0.29141735544908304,0.31392983045147094,0.3808128941775232,calm,02,20,20,female,normal,2342
50,1.6683333333333334,True,1.0,0.49288990057347337,0.48952660576630785,0.4912082531698906,0.8073808428019615,-0.062222222222222234,-0.0553703703703704,0.3614420566786245,0.40057307419741095,0.1414913580440948,0.6083972112407139,0.0033632948071655178,0.006851851851851831,0.10431294552188093,0.31671123126549766,0.11369321742500876,0.11527952216649223,0.0,0.9999999987499999,0.6182019655831082,0.29056826846874795,0.30655329882428317,0.3752658002289191,calm,02,20,20,female,normal,2342
60,2.0020000000000002,True,1.0,0.49324129263589245,0.5262607803233877,0.50975103647964,0.6489581188416144,-0.06583333333333335,-0.05884259259259256,0.3905176112788012,0.37751032981359467,0.1489577515933344,0.785491423374966,0.0330194876874953,0.006990740740740797,0.09351664808412212,0.393612795993371,0.1150687670324765,0.11323550230924147,0.0,0.9999999987499999,0.6195557226718813,0.29234160672561016,0.31420139383701334,0.3772150289250754,calm,02,20,20,female,normal,2342
70,2.3356666666666666,True,1.0,0.523547841746958,0.5240716648853401,0.523809753316149,0.7742937025322739,-0.060370370370370297,-0.05462962962962953,0.34097936966245956,0.44115890257070106,0.14472358662293028,0.6765000820787583,0.0005238231383820624,0.0057407407407407685,0.09067768341670841,0.29826610054402236,0.11521120723594067,0.11392979239199987,0.0,0.9999999987499999,0.618311423796081,0.2895653842576024,0.3077881210466179,0.36696799547107267,calm,02,20,20,female,normal,2342
80,2.6693333333333333,True,1.0,0.49809644436165335,0.532592131410688,0.5153442878861707,0.6624921200940534,-0.06050925925925926,-0.053518518518518465,0.39345665284313747,0.34955690639344444,0.1414266377111724,0.7778874227409794,0.03449568704903461,0.006990740740740797,0.0962913656574308,0.37058761409663643,0.1150112858678359,0.11396455608041027,0.0,0.9999999987499999,0.6180362249665491,0.29063230318327515,0.3090585929066448,0.3705279683288471,calm,02,20,20,female,normal,2342
90,3.003,True,1.0,0.5085075573937327,0.523081119674759,0.5157943385342458,0.6070047589583314,-0.06064814814814801,-0.053611111111111054,0.39650747093894473,0.3147364497747532,0.14133759886291436,0.8497368940226928,0.014573562281026353,0.007037037037036953,0.0872971552828394,0.41185838547463843,0.11732620678111545,0.11140903542679689,0.0,0.9999999987499999,0.6178070262323679,0.29029827339889713,0.3125666787784231,0.3689369061001726,calm,02,20,20,female,normal,2342
100,3.336666666666667,True,1.0,0.5461672179950829,0.5596251186123985,0.5528961683037408,0.46643469256860376,-0.05990740740740741,-0.0539351851851852,0.38921981589304466,0.27309310648421464,0.1434156246347347,1.185366734320304,0.013457900617315555,0.005972222222222212,0.08915078171357926,0.5455147548485672,0.11641236980413597,0.11253299994453345,0.0,0.9999999987499999,0.61919713358781,0.2901181784916417,0.30668820155168974,0.3656250979231135,calm,02,20,20,female,normal,2342
0,0.0,True,1.0,0.5453827075420175,0.49853615447249733,0.5219594310072574,0.45037095086279677,-0.05458333333333343,-0.06217592592592597,0.3771485806978212,0.3125788322961115,0.14722688615556948,1.1589544796513078,0.046846553069520125,0.00759259259259254,0.07498388305765911,0.5638833270770434,0.11572346199464997,0.11034413965193061,0.0,0.9999999987499999,0.6139370045596364,0.29105712434117886,0.29297316351560554,0.37176308149654536,calm,02,20,20,female,normal,2343
10,0.33366666666666667,True,1.0,0.5790096542488857,0.5161762555286972,0.5475929548887914,0.4457326111950574,-0.052731481481481546,-0.05944444444444441,0.37810200153324197,0.32482153321035956,0.14584641170895069,1.228523426680932,0.06283339872018856,0.006712962962962865,0.07914767728258922,0.5473671786223143,0.11491649531829125,0.1118676168754925,0.0,0.9999999987499999,0.6127943333739745,0.2905634250838489,0.29110066323046063,0.37000394066583503,calm,02,20,20,female,normal,2343
20,0.6673333333333333,True,1.0,0.6111998014638796,0.5472135056489847,0.5792066535564322,0.4546309014220288,-0.05143518518518514,-0.05898148148148141,0.3736704382411449,0.3087169920916593,0.14236593429541258,1.2740151444715835,0.0639862958148949,0.007546296296296273,0.0738012031816693,0.5296381336895921,0.11462192695629975,0.11352008651646053,0.0,0.9999999987499999,0.6108760498418117,0.29231405193534077,0.2996116480705876,0.3666610268401576,calm,02,20,20,female,normal,2343
30,1.0010000000000001,True,1.0,0.19486273561538708,0.18860526592781207,0.19173400077159958,0.7198387155199847,-0.06476851851851839,-0.07180555555555546,0.40896993290519057,0.3857815271102137,0.14097438699932016,0.26635688889433806,0.006257469687575012,0.007037037037037064,0.06134365936829339,0.37339063418379087,0.1158546102871737,0.11327545692841379,0.0,0.9999999987499999,0.6082109382971937,0.29504026169545106,0.3148073235686079,0.37391102877726956,calm,02,20,20,female,normal,2343
40,1.3346666666666667,True,1.0,0.37485959818277603,0.36883519062473147,0.37184739440375375,0.6548915895607925,-0.05458333333333337,-0.06189814814814815,0.39278112368314205,0.3467076205036103,0.14098088113117185,0.5677999234241743,0.006024407558044564,0.007314814814814774,0.08074286944585995,0.3984829610872904,0.11488893391674071,0.11491983519372509,0.0,0.9999999987499999,0.6049304160101541,0.29154120257795435,0.31985688823509406,0.381114589290116,calm,02,20,20,female,normal,2343
50,1.6683333333333334,True,1.0,0.3909574671425446,0.39567424345877383,0.3933158553006592,0.7555234279670457,-0.0557407407407407,-0.06333333333333341,0.39112317144900377,0.4261215796773712,0.13682563062133754,0.5205872389146016,0.004716776316229243,0.007592592592592706,0.07433473550595493,0.3466939026017956,0.11376269840843957,0.11587053188972138,0.0,0.9999999987499999,0.6064542855501577,0.2912599408546048,0.3135889472215653,0.3817413579769395,calm,02,20,20,female,normal,2343
60,2.0020000000000002,True,1.0,0.35611795798583346,0.3666630076174355,0.36139048280163444,0.6033391256184658,-0.05699074074074073,-0.06513888888888891,0.38725093903871205,0.4004700555909533,0.13683287922683213,0.5989839999704699,0.010545049631602021,0.008148148148148182,0.07108190440862414,0.4300236105732967,0.11588150532686224,0.11240363362831803,0.0,0.9999999987499999,0.6118938977465986,0.28844367716817343,0.3142057503172878,0.3770751970772881,calm,02,20,20,female,normal,2343
70,2.3356666666666666,True,1.0,0.4642391642491288,0.4122357885469527,0.4382374763980408,0.7319714807269421,-0.054490740740740784,-0.06203703703703706,0.36613601222080794,0.4483514949150962,0.1375199736913242,0.5987084031782419,0.05200337570217611,0.007546296296296273,0.06957705681753396,0.3608910599960596,0.11475215005430807,0.11455857834485372,0.0,0.9999999987499999,0.6043984616190226,0.28869384253155606,0.3112074186023745,0.37140522993485997,calm,02,20,20,female,normal,2343
80,2.6693333333333333,True,1.0,0.4947596786622008,0.47512822939280125,0.484943954027501,0.6200514811113188,-0.05356481481481484,-0.06101851851851847,0.39645693260141684,0.3017737757154654,0.14380306425477343,0.7821027266289817,0.019631449269399526,0.007453703703703629,0.06686070389096299,0.3934494707880963,0.11481061393071482,0.11383246880073766,0.0,0.9999999987499999,0.6098300114967862,0.29116503529724264,0.30395322428008426,0.3740582286538306,calm,02,20,20,female,normal,2343
90,3.003,True,1.0,0.49475967866220244,0.46345330252403966,0.47910649059312105,0.5438020863338829,-0.052453703703703725,-0.059953703703703676,0.3890274979238945,0.2922166408020926,0.14447824457635197,0.8810309901955026,0.031306376138162784,0.007499999999999951,0.07423221239475988,0.42804485184416746,0.11714883308951378,0.11056644695788054,0.0,0.9999999987499999,0.6103069562590661,0.29184638219347714,0.3050455926230663,0.375364572362579,calm,02,20,20,female,normal,2343
100,3.336666666666667,True,1.0,0.5582349291857647,0.527846630197465,0.5430407796916148,0.4597297432307448,-0.050138888888888844,-0.05907407407407411,0.37527262977925024,0.25745638001647625,0.14450834116281952,1.1812174167270597,0.030388298988299645,0.008935185185185268,0.08987448602581871,0.5025884556069131,0.11599235011499896,0.11279710407142214,0.0,0.9999999987499999,0.6055895506718313,0.2917262935910602,0.30833944331010665,0.36899165706233483,calm,02,20,20,female,normal,2343
0,0.0,True,1.0,0.5591116045544773,0.5051445242066164,0.5321280643805468,0.4234312592587848,-0.050787037037037075,-0.06,0.3833383891850972,0.24452048700436552,0.14812283900205178,1.2567047253715644,0.05396708034786091,0.009212962962962923,0.10777701411850078,0.6000731657942877,0.11585287095025991,0.11294035711263713,0.0,0.9999999987499999,0.6101308068852541,0.2872305579604808,0.297165051663097,0.365286761921031,calm,02,20,20,female,normal,2344
10,0.33366666666666667,True,1.0,0.5560395487878771,0.4903987679038984,0.5232191583458877,0.39512367198678383,-0.049768518518518545,-0.0585648148148149,0.382224129107908,0.25890404506344705,0.14874247828269846,1.3241908684311592,0.06564078088397868,0.008796296296296358,0.11179658001129596,0.6274183226406983,0.11762539953446557,0.11040498886681521,0.0,0.9999999987499999,0.6085922393019707,0.28818203568180745,0.2987745388715568,0.3737905116341757,calm,02,20,20,female,normal,2344
20,0.6673333333333333,True,1.0,0.20681571828340295,0.21974367439986772,0.21327969634163535,0.3850917145079602,-0.06162037037037038,-0.0703240740740741,0.3814555396165322,0.24714928558495677,0.14940567641932337,0.5538413014524275,0.012927956116464773,0.008703703703703713,0.08735295356169165,0.6761455183935507,0.11483661057204365,0.11313463265813552,0.0,0.9999999987499999,0.6096787101324905,0.29017077251631146,0.28743913924618164,0.35792476896383374,calm,02,20,20,female,normal,2344
30,1.0010000000000001,True,1.0,0.3911603263001873,0.3892434161592309,0.3902018712297091,0.6829634626024907,-0.05712962962962964,-0.0643981481481481,0.38495908655145505,0.35958895147700815,0.14872657671401446,0.5713363782929346,0.001916910140956407,0.007268518518518452,0.08473008290496988,0.4040470598299883,0.11430101783531099,0.11283461267976787,0.0,0.9999999987499999,0.6154262596522985,0.2892201689573558,0.29712608751090414,0.36837327745787596,calm,02,20,20,female,normal,2344
40,1.3346666666666667,True,1.0,0.15742748857255562,0.1686902126093774,0.1630588505909665,0.5932237110494312,-0.08749999999999997,-0.09240740740740738,0.40188723777997637,0.32772606316900055,0.1565797302145539,0.2748690714039571,0.01126272403682177,0.004907407407407416,0.0790280745046418,0.441615520647623,0.11672263319911523,0.11305689964195201,0.0,0.9999999987499999,0.6134422799666741,0.29046490156774446,0.3050029481220287,0.36453249943214233,calm,02,20,20,female,normal,2344
50,1.6683333333333334,True,1.0,0.20279563865104394,0.2535450675584008,0.22817035310472236,0.48324743407284015,-0.07166666666666666,-0.08018518518518514,0.37513247360702395,0.29081441138078296,0.14353473822343887,0.4721605062269821,0.05074942890735684,0.00851851851851848,0.08094261554503043,0.5458309354552738,0.11743094979595832,0.11383735421857051,0.0,0.9999999987499999,0.614976490103854,0.28773523369568993,0.2925156263039241,0.3561838492610329,calm,02,20,20,female,normal,2344
60,2.0020000000000002,True,1.0,0.19395972574004144,0.22968786568487376,0.2118237957124576,0.6226382034164555,-0.06898148148148159,-0.07101851851851848,0.35922255954790444,0.4196174636505533,0.1340283470163682,0.3402036600872978,0.035728139944832316,0.002037037037036893,0.02771003399038108,0.3962854668733298,0.11566721200443224,0.11612225925707777,0.0,0.9999999987499999,0.623281634349052,0.2848318546883353,0.29604596073651407,0.3615548267288194,calm,02,20,20,female,normal,2344
70,2.3356666666666666,True,1.0,0.3925870940360579,0.39167607393346493,0.39213158398476144,0.6677250138632582,-0.06518518518518518,-0.05949074074074073,0.3801813388836575,0.38792184500350724,0.1372115031734942,0.587265080449817,0.0009110201025929743,0.005694444444444446,0.09728830300481217,0.38382664283645523,0.11577281602211262,0.11251557758745315,0.0,0.9999999987499999,0.6179066324264081,0.29158346095653825,0.3033932379801022,0.3694689471719244,calm,02,20,20,female,normal,2344
80,2.6693333333333333,True,1.0,0.4123123647638004,0.454047432168326,0.4331798984660632,0.422706009255328,-0.0627314814814815,-0.05430555555555566,0.38845708239661847,0.2327197393553969,0.1485471657211722,1.0247781885788347,0.041735067404525594,0.008425925925925837,0.11613574382338392,0.6033533371397778,0.11231884861476076,0.11279894224629587,0.0,0.8468038421972797,0.6211965267278787,0.2864471025614243,0.2895060467753806,0.36532459300861464,calm,02,20,20,female,normal,2344
90,3.003,True,1.0,0.4885037434329432,0.5120231130164367,0.5002634282246899,0.4279436002151904,-0.061990740740740735,-0.05314814814814811,0.38203985645344957,0.21654632177715244,0.1528838804543428,1.168993829965289,0.023519369583493432,0.008842592592592624,0.10749276183603022,0.5763326440280556,0.11325634702533349,0.11270601014253125,0.0,0.9999999987499999,0.6165580746908139,0.28776613475366114,0.29153314196489066,0.35986314399527536,calm,02,20,20,female,normal,2344
0,0.0,True,1.0,0.5288608534262599,0.4334952061647895,0.4811780297955247,0.38180342962156033,-0.056620370370370376,-0.06587962962962968,0.3696726079313835,0.31289256671425336,0.14166882083227403,1.2602768662200428,0.0953656472614704,0.0092592592592593,0.12117380452847024,0.6505386044710924,0.114532578539039,0.11226064784518999,0.0,0.9999999987499999,0.6031019745085535,0.28996977138706076,0.2759904161102135,0.3473101244147199,calm,02,20,20,female,normal,2345
10,0.33366666666666667,True,1.0,0.5492174789304819,0.45437088927439395,0.5017941841024379,0.41392117192349653,-0.05527777777777765,-0.06597222222222221,0.36754200082965904,0.30135674627175046,0.14306408837146603,1.2122940746678756,0.09484658965608794,0.010694444444444562,0.11549802000313916,0.5902293899132298,0.11812943473710606,0.10986552157529685,0.0,0.9999999987499999,0.6058022981380052,0.2884965902270952,0.28728026595199513,0.36005998039117804,calm,02,20,20,female,normal,2345
20,0.6673333333333333,True,1.0,0.4785977247963453,0.40451715306083225,0.4415574389285888,0.3938394824061619,-0.05504629629629626,-0.06467592592592591,0.36975913747275685,0.3048030977644383,0.14028647954996093,1.1211609263522644,0.07408057173551308,0.009629629629629655,0.12125723859637752,0.6121161145782578,0.11849994676892855,0.10963969511831878,0.0,0.9999999987499999,0.6000168663793642,0.28940795427412913,0.28846126980862685,0.3604215924622091,calm,02,20,20,female,normal,2345
30,1.0010000000000001,True,1.0,0.43240784728791326,0.379634563958342,0.4060212056231276,0.7449975439568285,-0.0587037037037037,-0.06773148148148145,0.3643657176040194,0.45264061991577137,0.13680611323604955,0.5449967035685368,0.05277328332957126,0.009027777777777746,0.10586104304495758,0.35353903757370597,0.09890860586300398,0.11667438230338749,0.0,0.9999999987499999,0.6724613109228067,0.3084101587162756,0.27383442695576343,0.401504409169343,calm,02,20,20,female,normal,2345
40,1.3346666666666667,True,1.0,0.3140377629862748,0.3175710118847325,0.31580438743550365,0.6152025525064005,-0.056574074074074054,-0.06611111111111101,0.3873447392101594,0.3469488489553448,0.1312709246713167,0.5133340005643394,0.0035332488984577415,0.009537037037036955,0.10179377159741228,0.40663244669279663,0.11871735526253657,0.11232567292250768,0.0,0.9999999987499999,0.6055210878882803,0.2909686192515177,0.31762443372314886,0.3797276038725389,calm,02,20,20,female,normal,2345
50,1.6683333333333334,True,1.0,0.44781463523759857,0.44458765529557925,0.44620114526658894,0.6731619639123586,-0.05101851851851835,-0.06175925925925929,0.39584944024679386,0.40762585652460637,0.1308917251449447,0.6628436679239967,0.0032269799420193146,0.01074074074074094,0.11176119191870164,0.3872433703062799,0.11822275537143814,0.11301482777916771,0.0,0.9999999987499999,0.6054935443943202,0.29005607385856097,0.32527839392104246,0.38458517167856165,calm,02,20,20,female,normal,2345
60,2.0020000000000002,True,1.0,0.19374361895376632,0.21021641683532777,0.20198001789454706,0.6303255453966465,-0.05962962962962953,-0.07189814814814816,0.36022883805541533,0.38441852978633534,0.13184389443580613,0.3204376204798214,0.016472797881561446,0.012268518518518623,0.11143568536961042,0.4026491295606621,0.11637977312653634,0.11441331980880921,0.0,0.9999999987499999,0.611367626972664,0.2892563458560267,0.31121359613310506,0.367562540465761,calm,02,20,20,female,normal,2345
70,2.3356666666666666,True,1.0,0.36793975886399355,0.35165019827988053,0.35979497857193704,0.6728457967910424,-0.057592592592592584,-0.06893518518518515,0.3551686381367957,0.3925380772007317,0.13806701271484076,0.534736161372907,0.016289560584113016,0.01134259259259257,0.11480209928707615,0.3681592114261995,0.11936104775014583,0.11164142384534494,0.0,0.9999999987499999,0.6087941856430071,0.2896346039082737,0.32053150045892714,0.38172936447491673,calm,02,20,20,female,normal,2345
80,2.6693333333333333,True,1.0,0.36974418210411814,0.36402855106148413,0.36688636658280116,0.5722275112710051,-0.05759259259259253,-0.06888888888888894,0.3711057754416041,0.3314968493666349,0.13898935710827334,0.6411547144384762,0.005715631042634006,0.011296296296296415,0.11813500983769692,0.43519455311604127,0.11878210409798606,0.11242678920759162,0.0,0.9999999987499999,0.6072212798244297,0.29082260295872375,0.3213295881132144,0.3809120459814085,calm,02,20,20,female,normal,2345
90,3.003,True,1.0,0.3823171058835817,0.3666873606367054,0.37450223326014354,0.4254404759860074,-0.05481481481481476,-0.06777777777777777,0.36163733325550856,0.24568075715895446,0.14123391935839677,0.8802694017116998,0.015629745246876325,0.01296296296296301,0.12195270870818417,0.5507708719126528,0.11856408214104608,0.11282567774709744,0.0,0.9999999987499999,0.6088930681882129,0.28524023300815665,0.3075017715232162,0.37504487285756594,calm,02,20,20,female,normal,2345
100,3.336666666666667,True,1.0,0.4411822753716318,0.4138006089939364,0.4274914421827841,0.42794350221461575,-0.05277777777777781,-0.06467592592592591,0.3605455387277633,0.26589090744723953,0.14325915747668894,0.9989436455291594,0.0273816663776954,0.011898148148148102,0.1307216519449758,0.6101920452127236,0.12137941518068864,0.1097912232552958,0.0,0.9999999987499999,0.6056122455466562,0.2858006732238807,0.31088750302982354,0.3754499021893713,calm,02,20,20,female,normal,2345
0,0.0,True,1.0,0.5381558175342961,0.583599026582408,0.5608774220583521,0.6143616246740174,-0.057453703703703674,-0.04870370370370375,0.36201353996433344,0.4079334663153229,0.13568907896427626,0.9129434514337639,0.04544320904811194,0.008749999999999925,0.12349117065831641,0.43415232725043834,0.11105237377942181,0.11219336870117173,0.0,0.9999999987499999,0.6338611440279238,0.2882234896500251,0.28507482740074275,0.36564300752566553,calm,02,20,20,female,strong,2346
10,0.33366666666666667,True,1.0,0.5537460970692848,0.56848869389672,0.5611173954830024,0.6054106564129098,-0.05805555555555558,-0.04976851851851849,0.36791169413445934,0.4094343224432571,0.1351045024214823,0.9268376589332813,0.014742596827435173,0.008287037037037093,0.11678423839837089,0.43415232725043745,0.11161638951968914,0.1126516177356068,0.0,0.9999999987499999,0.6330212937362445,0.2875655923134834,0.285847150336848,0.362878924856624,calm,02,20,20,female,strong,2346
20,0.6673333333333333,True,1.0,0.546234550798789,0.5921678195603547,0.5692011851795719,0.5907709258105401,-0.05703703703703705,-0.049120370370370314,0.3653039466096585,0.3945458016271385,0.13432856810890972,0.9634888250443697,0.04593326876156567,0.007916666666666738,0.12191219257194166,0.44491093576289653,0.11241222037383194,0.11134534680990138,0.0,0.9999999987499999,0.6336280966839861,0.2879584496997133,0.286015064044716,0.3646110300945597,calm,02,20,20,female,strong,2346
30,1.0010000000000001,True,1.0,0.32178693838439015,0.31715982351715166,0.31947338095077094,0.6640579506139067,-0.06291666666666673,-0.052361111111111136,0.37301992796248024,0.4151248035314106,0.13643359261157503,0.48109262249691453,0.004627114867238491,0.010555555555555596,0.12732424234508646,0.4196877727151551,0.11078356655770923,0.1126280916594919,0.0,0.9999999987499999,0.6339850432125975,0.287886876061891,0.28807564562924226,0.36697173853633885,calm,02,20,20,female,strong,2346
40,1.3346666666666667,True,1.0,0.502748824447912,0.5296376418848924,0.5161932331664022,0.6201975042093371,-0.05842592592592594,-0.04949074074074078,0.3860826431359869,0.36074799174855804,0.13450565650583254,0.8323045959762038,0.02688881743698035,0.008935185185185157,0.13615461277915641,0.4167987429447292,0.11315676414077251,0.11414912690401832,0.0,0.9999999987499999,0.6200765949661116,0.28711978557773393,0.2954900124333941,0.3642683682921966,calm,02,20,20,female,strong,2346
50,1.6683333333333334,True,1.0,0.5298260900434316,0.5147862739080193,0.5223061819757255,0.6795042402315116,-0.056990740740740786,-0.047870370370370285,0.37481366338905775,0.370728059531764,0.133121753525465,0.7686577228683259,0.015039816135412276,0.0091203703703705,0.12990038677935786,0.380652893422481,0.1155242035138021,0.11123993439562734,0.0,0.9999999987499999,0.6180353426605016,0.28791457069252957,0.2997416837322236,0.3706636738712863,calm,02,20,20,female,strong,2346
60,2.0020000000000002,True,1.0,0.4982737740548002,0.5007093518974728,0.4994915629761365,0.7120230951280098,-0.05615740740740749,-0.04712962962962963,0.3832502749850594,0.3446428539245045,0.13381369210134444,0.7015103391924897,0.002435577842672565,0.009027777777777857,0.12051019061876225,0.3487785397061117,0.11244905107619084,0.11384666736842998,0.0,0.9999999987499999,0.623714738567302,0.288439715189988,0.2979792002579527,0.36607255305045877,calm,02,20,20,female,strong,2346
70,2.3356666666666666,True,1.0,0.49215712688759106,0.4871705175841812,0.4896638222358861,0.5382906509734019,-0.06194444444444447,-0.05282407407407402,0.385866560049036,0.28435178526391347,0.1450900330721577,0.9096643632030709,0.0049866093034098835,0.009120370370370445,0.12174111511438379,0.4302250979448973,0.11279583622445012,0.1138383063135068,0.0,0.9999999987499999,0.6202637959949604,0.28819130394375736,0.296155483800507,0.36052509511806535,calm,02,20,20,female,strong,2346
80,2.6693333333333333,True,1.0,0.4996135419535062,0.48717051758418056,0.4933920297688434,0.578942156246657,-0.05462962962962964,-0.047453703703703665,0.40322676857799555,0.30460069598675443,0.132997903281667,0.8522302693719108,0.01244302436932565,0.0071759259259259744,0.13080709109216623,0.42677257042511224,0.11525077657664054,0.11203452567225132,0.0,0.9999999987499999,0.6168421333689725,0.28914206094980605,0.2988168931670864,0.36575649192467313,calm,02,20,20,female,strong,2346
90,3.003,True,1.0,0.5000704308125233,0.5006335904578183,0.5003520106351709,0.5076213373688124,-0.056064814814814845,-0.04805555555555552,0.3984604269607917,0.2885068579337837,0.13441203305549645,0.9856796273156657,0.0005631596452949639,0.008009259259259327,0.12602626159232497,0.4795313539023744,0.11113867664459297,0.11261655339718941,0.0,0.9999999987499999,0.6262202060355391,0.29000029015683443,0.2876874810975983,0.36453527556289683,calm,02,20,20,female,strong,2346
100,3.336666666666667,True,1.0,0.5146475705573155,0.5315362062485738,0.5230918884029446,0.4690588309496184,-0.056203703703703756,-0.048240740740740695,0.41250067106376087,0.2745710229948979,0.13438308170186453,1.1151946278123264,0.016888635691258314,0.00796296296296306,0.12000639499751996,0.533342957113899,0.11080247286373988,0.11244017836253153,0.0,0.8054655398970133,0.6267743056285014,0.2897460375265167,0.2842144904304732,0.35888484731952397,calm,02,20,20,female,strong,2346
110,3.6703333333333332,True,1.0,0.519227820216386,0.5316342631682793,0.5254310416923327,0.47052558249363063,-0.0564351851851852,-0.048101851851851785,0.4095675181511269,0.2960874755537125,0.13576833593570972,1.116689636528839,0.012406442951893304,0.008333333333333415,0.11970453708052996,0.5351219337601607,0.1119451258082484,0.11164442845740002,0.0,0.9999999987499999,0.6263727538906187,0.2900737136870826,0.28325834993670423,0.3553036147557184,calm,02,20,20,female,strong,2346
0,0.0,True,1.0,0.5134971307821249,0.5175488627335335,0.5155229967578292,0.41473558682531675,-0.0593981481481482,-0.050694444444444375,0.37767515762504633,0.3422105164908594,0.13246382721828476,1.243016064051825,0.004051731951408621,0.008703703703703825,0.12251409854750962,0.6414154630874928,0.11189141068028058,0.11271701512706794,0.0,0.9999999987499999,0.6305767633694102,0.2875737844275651,0.28305770526329604,0.35670300895701273,calm,02,20,20,female,strong,2347
10,0.33366666666666667,True,1.0,0.5229250336717475,0.5243213079932111,0.5236231708324792,0.39897710410003884,-0.05925925925925929,-0.0506018518518519,0.37756101102783274,0.33518243454576835,0.13246382721828476,1.3124140845465329,0.0013962743214636086,0.008657407407407391,0.11734797141390864,0.6311114465016288,0.11341975528450235,0.11117901058460275,0.0,0.9999999987499999,0.6284501862072954,0.28790167969287694,0.28437652937465685,0.36087589064536496,calm,02,20,20,female,strong,2347
20,0.6673333333333333,True,1.0,0.5208392051560814,0.5227566468235625,0.521797925989822,0.42175084485854325,-0.05875000000000008,-0.049166666666666636,0.3797073708554008,0.33286577588184263,0.13391798899990168,1.2372184486431435,0.0019174416674810901,0.009583333333333444,0.11540804948526155,0.6092345405623113,0.11412342615571273,0.11080101435087637,0.0,0.9999999987499999,0.6271029363542292,0.28791640863927315,0.2850192268294912,0.3598086855933738,calm,02,20,20,female,strong,2347
30,1.0010000000000001,True,1.0,0.24368517487722405,0.20552669976545368,0.22460593732133888,0.7147374820793987,-0.06587962962962968,-0.05657407407407411,0.3841593967978761,0.3884324116112373,0.13435525981906846,0.3142495572890465,0.03815847511177037,0.009305555555555567,0.1234646795290308,0.37120371656558926,0.11134937327736599,0.11425740255647439,0.0,0.9999999987499999,0.6257350565616872,0.28977456412647634,0.2942944054957252,0.3643792916820225,calm,02,20,20,female,strong,2347
40,1.3346666666666667,True,1.0,0.4954039138360493,0.478885833779066,0.48714487380755767,0.5662701844148837,-0.058009259259259316,-0.04856481481481478,0.42299043551805676,0.31671181423951184,0.133121753525465,0.8602693329349757,0.016518080056983298,0.009444444444444533,0.12405720321645015,0.460663166161259,0.1138055888123358,0.11249062500471943,0.0,0.9999999987499999,0.6240574058607818,0.2904941870003482,0.30260709023359805,0.372111959242679,calm,02,20,20,female,strong,2347
50,1.6683333333333334,True,1.0,0.3409644133186185,0.32012307143378027,0.3305437423761994,0.5714400614755669,-0.06166666666666665,-0.050000000000000044,0.40555448958841117,0.30065359477124187,0.133121753525465,0.578439918130123,0.020841341884838216,0.011666666666666603,0.13117180642214962,0.4488856239865264,0.11504022168584732,0.11275874990998234,0.0,0.9999999987499999,0.6185003691163965,0.28802462236642573,0.3073823118690872,0.37227136525562604,calm,02,20,20,female,strong,2347
60,2.0020000000000002,True,1.0,0.45842820347932495,0.4482430346007325,0.4533356190400287,0.5908041022715306,-0.05712962962962964,-0.047361111111111076,0.4218801992919187,0.2911661223322021,0.13173795548745862,0.7673196873498992,0.010185168878592443,0.009768518518518565,0.1169213630534773,0.4420314535203366,0.11236443323666927,0.11492915464480169,0.0,0.9999999987499999,0.619435882860957,0.2907477768061153,0.3054397671695083,0.378066945287068,calm,02,20,20,female,strong,2347
70,2.3356666666666666,True,1.0,0.4936773591125001,0.47250462423243783,0.48309099167246894,0.6168465928453953,-0.05689814814814814,-0.04689814814814808,0.4086596900894123,0.35757228028341487,0.13180743326114286,0.783162292336029,0.02117273488006227,0.010000000000000064,0.10318636830802017,0.44208505950139254,0.11509650047953,0.11219301235665104,0.0,0.9999999987499999,0.6197400298635078,0.29091048301227085,0.3080308272194168,0.37902141768713016,calm,02,20,20,female,strong,2347
80,2.6693333333333333,True,1.0,0.1834896722745463,0.17678718742919772,0.180138429851872,0.5013735666790006,-0.06435185185185183,-0.055185185185185226,0.37640594199297367,0.33757840628935804,0.129005585089478,0.3592898425919686,0.0067024848453485775,0.0091666666666666,0.12173210700286938,0.5097100583161226,0.114851249066548,0.11278242295271923,0.0,0.9999999987499999,0.6210578679440526,0.2901273101425484,0.30247634647328725,0.3603938483836147,calm,02,20,20,female,strong,2347
90,3.003,True,1.0,0.4548451711857962,0.4332014971077757,0.44402333414678596,0.5374191008522515,-0.05740740740740741,-0.04842592592592593,0.41048348652954125,0.33550787408062366,0.12635371611902893,0.8262142775399006,0.02164367407802048,0.00898148148148148,0.12892065375952227,0.4711770047792869,0.11305421214316552,0.11458372247299804,0.0,0.9999999987499999,0.6192144457783113,0.29106102876103335,0.3064057284814811,0.373570904902898,calm,02,20,20,female,strong,2347
100,3.336666666666667,True,1.0,0.45659963808728726,0.46559789889889275,0.46109876849309,0.5343122095245193,-0.0559722222222222,-0.04773148148148154,0.398959279725493,0.3374902602177735,0.1283140272744553,0.862976290404104,0.008998260811605485,0.00824074074074066,0.1150137689850253,0.43369742564577207,0.11635438101701565,0.11157307136079812,0.0,0.9999999987499999,0.6184476261129452,0.28865605013719753,0.30756179515389276,0.3688283680997609,calm,02,20,20,female,strong,2347
110,3.6703333333333332,True,1.0,0.492889900573474,0.4934813704191363,0.4931856354963051,0.4113602286139897,-0.056203703703703645,-0.048749999999999905,0.38949854817063945,0.3329420670953466,0.13038879277213525,1.1989142391281058,0.0005914698456623291,0.00745370370370374,0.1104066416265891,0.6117504896236665,0.11674421017563105,0.11116510974708539,0.0,0.9999999987499999,0.6171893981264381,0.28734770437694634,0.29987214686604124,0.3617995533460276,calm,02,20,20,female,strong,2347
120,4.0040000000000004,True,1.0,0.49173831891025305,0.47336376837075,0.4825510436405015,0.4198807531681267,-0.05731481481481476,-0.04967592592592596,0.38051867961836083,0.3469182772731608,0.12897068775009177,1.1492573546167777,0.018374550539503043,0.007638888888888806,0.11308574876099084,0.6449656317299636,0.11437835631962018,0.11359790420502139,0.0,0.9999999987499999,0.6176474241806098,0.287877002841731,0.2936212105745429,0.35748998361923096,calm,02,20,20,female,strong,2347
0,0.0,True,1.0,0.5290689123752721,0.5274660607665406,0.5282674865709063,0.4674640244070636,-0.05921296296296291,-0.05560185185185196,0.36003868815369333,0.3321670524209501,0.14264433024460077,1.1300708909973691,0.0016028516087315259,0.003611111111110954,0.0699628000964014,0.519062196621084,0.11396935974080533,0.11350579470639571,0.0,0.9999999987499999,0.6229746120713909,0.288940868534575,0.28722503981767733,0.361036092217373,calm,02,20,20,female,strong,2348
10,0.33366666666666667,True,1.0,0.5774624349065457,0.6074774476169139,0.5924699412617298,0.5177537882022883,-0.05824074074074065,-0.05342592592592593,0.3564965051655585,0.36610656722471085,0.1440304880715906,1.1443082692236133,0.030015012710368216,0.004814814814814716,0.06379000019113767,0.49721864183941417,0.11658845197546477,0.11115719119011298,0.0,0.9999999987499999,0.6211042531231242,0.2889338848473053,0.28838268790882615,0.35649575183445614,calm,02,20,20,female,strong,2348
20,0.6673333333333333,True,1.0,0.6303338574240299,0.6433016232038069,0.6368177403139184,0.5895393055693833,-0.056851851851851765,-0.05319444444444443,0.35404655272781177,0.3723347193864538,0.14539308651708208,1.080195559987087,0.012967765779776985,0.0036574074074073315,0.0544838621970001,0.42208741991175996,0.11563165262587217,0.11164137832848646,0.0,0.9999999987499999,0.6188953591358418,0.2900849920149356,0.2836033909303267,0.35012271545422385,calm,02,20,20,female,strong,2348
30,1.0010000000000001,True,1.0,0.17956290323148158,0.1730118384321995,0.17628737083184054,0.6801711508563666,-0.07092592592592595,-0.06611111111111112,0.3645916982855072,0.3690772464631403,0.14818926841009228,0.25918089970426805,0.00655106479928208,0.004814814814814827,0.04971507241815225,0.38575110335295043,0.11301504249337806,0.11311652833030687,0.0,0.740458699358653,0.6161438648975215,0.29146610834569675,0.28346843684351236,0.35288825850965133,calm,02,20,20,female,strong,2348
40,1.3346666666666667,True,1.0,0.5253762561434419,0.5122145204700684,0.5187953883067551,0.6299753666459589,-0.05708333333333332,-0.05351851851851852,0.3929181210351501,0.32086428100832054,0.1432479535763924,0.8235169433193313,0.01316173567337342,0.0035648148148147984,0.05315818824610722,0.404981639591941,0.1143592831371584,0.11277555966109375,0.0,0.9999999987499999,0.619074775660264,0.29192442369217464,0.2976955410820009,0.36964433111568507,calm,02,20,20,female,strong,2348
50,1.6683333333333334,True,1.0,0.2555840135234767,0.25489902517114427,0.2552415193473105,0.7145935256773315,-0.064537037037037,-0.061296296296296404,0.38224265023371645,0.319493436790766,0.1433134484770049,0.3571842035727631,0.0006849883523324385,0.0032407407407405997,0.061009261184870406,0.3532269741993287,0.11476324080365054,0.11253388380629241,0.0,0.9999999987499999,0.618310524897459,0.29103044181360177,0.2949743740227804,0.36352659969931167,calm,02,20,20,female,strong,2348
60,2.0020000000000002,True,1.0,0.23744315090642817,0.20571434108641812,0.22157874599642313,0.5760354511071208,-0.06564814814814818,-0.05995370370370373,0.40954011052274375,0.30041555790491614,0.14175765163813933,0.38466164811654596,0.03172880982001006,0.005694444444444446,0.06649617462774882,0.4624510307106712,0.11222575123935394,0.11440035582354928,0.0,0.9999999987499999,0.6243604184408138,0.2886344972277277,0.294143680188387,0.364453049585165,calm,02,20,20,female,strong,2348
70,2.3356666666666666,True,1.0,0.46957320859442,0.4805054604178577,0.47503933450613883,0.6530939122410764,-0.0674074074074073,-0.06495370370370374,0.37085494912108946,0.33232623066901845,0.15216809005600815,0.7273675739466818,0.01093225182343771,0.002453703703703569,0.0666394645055249,0.36982633219167343,0.11529596839301295,0.11130543709339387,0.0,0.9999999987499999,0.6263614198882678,0.28970820873016745,0.3073735294920555,0.38070247950485575,calm,02,20,20,female,strong,2348
80,2.6693333333333333,True,1.0,0.4901444906229434,0.5411678144070959,0.5156561525150196,0.5947560136922239,-0.05708333333333332,-0.054074074074074,0.4151024139393797,0.30302598667727587,0.14236968554801308,0.8670045205828939,0.05102332378415253,0.0030092592592593226,0.06044246473664968,0.4201072005829052,0.11430222004304977,0.11215595927051411,0.0,0.9999999987499999,0.6271463962538141,0.2900777646704756,0.30432578530352994,0.379415371809843,calm,02,20,20,female,strong,2348
90,3.003,True,1.0,0.5089311711898792,0.5567147068756959,0.5328229390327875,0.4732803599352705,-0.05439814814814814,-0.051342592592592606,0.4359230058741814,0.24133539352685426,0.14168012966436072,1.1258082611027014,0.047783535685816725,0.0030555555555555336,0.06534590194059499,0.5377074237020292,0.11226938844270937,0.11435753177005317,0.0,0.9999999987499999,0.6254994686390181,0.28945960661081094,0.30294333750042574,0.37640038925712876,calm,02,20,20,female,strong,2348
100,3.336666666666667,True,1.0,0.5168477832221842,0.5473629391923854,0.5321053612072848,0.4931262151107027,-0.05472222222222217,-0.0505092592592592,0.43123562479035843,0.24475953327001096,0.1444528952188712,1.0790449684120558,0.03051515597020127,0.004212962962962974,0.0519030120283236,0.509050710162912,0.10939518455939469,0.11144155433370057,0.0,0.9999999987499999,0.6309114712838261,0.2932618842195832,0.2871097458439044,0.36479828073549125,calm,02,20,20,female,strong,2348
0,0.0,True,1.0,0.4379668114311354,0.48966874939927707,0.46381778041520627,0.5009686011876672,-0.06537037037037036,-0.054814814814814816,0.36319550963649166,0.3237962046865138,0.14177218228907587,0.9258420174749756,0.051701937968141654,0.01055555555555554,0.10806591796387909,0.5283268224889675,0.10440067744354516,0.11280490253062057,0.0,0.9999999987499999,0.6450108280265232,0.29220098443792797,0.2617070086781764,0.3507910519653076,calm,02,20,20,female,strong,2349
10,0.33366666666666667,True,1.0,0.48686728993537587,0.5066471106059883,0.4967572002706821,0.5009686011876672,-0.06597222222222221,-0.0568981481481482,0.3611121067027203,0.3392150715763477,0.14590864870651474,0.9915934832901684,0.019779820670612458,0.009074074074074012,0.11172088462281689,0.49903327156096094,0.10635576736855354,0.1113063615809017,0.0,0.9999999987499999,0.6432779070925245,0.2929957277543062,0.2647651041632848,0.35142110455892617,calm,02,20,20,female,strong,2349
20,0.6673333333333333,True,1.0,0.15121580928517905,0.14823657111926747,0.14972619020222327,0.493793363918108,-0.07587962962962957,-0.06967592592592592,0.3694095621452841,0.326757572875143,0.14590864870651474,0.3032162866956921,0.002979238165911585,0.006203703703703656,0.09797619033631912,0.5437042704570534,0.10553257208212823,0.11208716077416911,0.0,0.9999999987499999,0.6444333582104718,0.29269268311846863,0.25756205163942075,0.33963138583491526,calm,02,20,20,female,strong,2349
30,1.0010000000000001,True,1.0,0.17276077813170596,0.16794313489769577,0.17035195651470086,0.7304486198716541,-0.08152777777777775,-0.07435185185185195,0.37110661490268465,0.4201994055967003,0.12989870593663494,0.23321552246157043,0.004817643234010183,0.007175925925925808,0.11074103113427229,0.33647891012536596,0.11060517636545787,0.11464608163558221,0.0,0.9999999987499999,0.6294776593137256,0.2879506921084964,0.2801831136567617,0.35062510806052954,calm,02,20,20,female,strong,2349
40,1.3346666666666667,True,1.0,0.1826155950086339,0.16607254507122082,0.17434407003992736,0.6335388119930461,-0.08060185185185192,-0.06953703703703701,0.3771468723392903,0.47304463184331463,0.11255491823612429,0.275190827680248,0.016543049937413068,0.011064814814814916,0.11005452127598235,0.405850722344923,0.1077891331149878,0.11214949612692635,0.0,0.9999999987499999,0.6397637312503126,0.29369284720728245,0.26834034858626143,0.33947632972856456,calm,02,20,20,female,strong,2349
50,1.6683333333333334,True,1.0,0.34739963294472576,0.3391244992378152,0.34326206609127047,0.6759068641112641,-0.06754629629629633,-0.060046296296296375,0.40080030462842575,0.38261917493313774,0.13340255212155205,0.5078540910257194,0.008275133706910576,0.007499999999999951,0.10992217667681073,0.376658422512981,0.11101335440240914,0.11524707329382636,0.0,0.9999999987499999,0.6300114248746373,0.2894778738563645,0.294393602907292,0.3694565841418023,calm,02,20,20,female,strong,2349
60,2.0020000000000002,True,1.0,0.41088003496171993,0.4047571359207184,0.4078185854412192,0.6669460791064787,-0.06550925925925927,-0.05777777777777782,0.381419106366588,0.3944931975835609,0.1369148175232568,0.6114715990047982,0.0061228990410015505,0.00773148148148145,0.10256304126340784,0.35969251401820934,0.11023207991026379,0.11533570794396729,0.0,0.9999999987499999,0.6290103093034088,0.28802903190139484,0.2928136318685666,0.36543108486617903,calm,02,20,20,female,strong,2349
70,2.3356666666666666,True,1.0,0.36489543298461113,0.3621538086090754,0.3635246207968433,0.682283102795695,-0.0795833333333334,-0.07569444444444445,0.35869366136108355,0.39850527669022984,0.15495764247409807,0.5328061318055215,0.0027416243755357117,0.0038888888888889417,0.10252728199658319,0.3744838217955845,0.11471531677652609,0.11122068584827718,0.0,0.9999999987499999,0.6257777613545418,0.2885333490421403,0.29771171025947096,0.36057210292144076,calm,02,20,20,female,strong,2349
80,2.6693333333333333,True,1.0,0.43227625509691076,0.4349074275445474,0.4335918413207291,0.6509508636974065,-0.0730555555555556,-0.06185185185185188,0.3730974555913575,0.39555513937431114,0.14174419600355587,0.6660899700753505,0.002631172447636665,0.011203703703703716,0.10609200316958972,0.397572055873957,0.11310447308500171,0.11285842029637135,0.0,0.9999999987499999,0.6280579278039341,0.2887406003006306,0.29426012756854136,0.3648504099579131,calm,02,20,20,female,strong,2349
90,3.003,True,1.0,0.4105325669154419,0.4513396888840904,0.4309361278997661,0.5764628022019422,-0.06601851851851853,-0.05712962962962964,0.386737853204869,0.36317564858362655,0.13898169235660407,0.7475523594127825,0.040807121968648497,0.00888888888888889,0.10527124365821942,0.4240977410857706,0.11084887319892561,0.11424382887624288,0.0,0.9999999987499999,0.6269376918579931,0.28804266127465117,0.29168083634406133,0.3660899396409224,calm,02,20,20,female,strong,2349
100,3.336666666666667,True,1.0,0.4017349451301616,0.44009469905566556,0.4209148220929136,0.5239998375491378,-0.06541666666666668,-0.056712962962962965,0.3876440606468851,0.3227671616592771,0.14040009691471803,0.8032728102772408,0.03835975392550395,0.008703703703703713,0.10503658055876557,0.47011721604551476,0.1141143793017232,0.11166668864483903,0.0,0.9999999987499999,0.6245367549597963,0.2872755846793916,0.2966525381197075,0.3666294229319265,calm,02,20,20,female,strong,2349
0,0.0,True,1.0,0.5332052218753423,0.5245236123607556,0.528864417118049,0.612511671335201,-0.0591666666666667,-0.0597685185185185,0.3812377563874128,0.2838468720821664,0.1578521794271118,0.8634356566058388,0.00868160951458663,0.0006018518518517979,0.01262270466072515,0.43902439024390266,0.11201575934452129,0.11106010721153542,0.0,0.9999999987499999,0.6245269579706882,0.2881496206560862,0.2885228979268835,0.3660105911893577,happy,03,20,20,female,normal,2350
10,0.33366666666666667,True,1.0,0.5332052218753421,0.5413791962594527,0.5372922090673975,0.6071005105283148,-0.05731481481481482,-0.057870370370370294,0.3942379442004076,0.2601626016260164,0.1578135086696924,0.8850136011248478,0.008173974384110605,0.0005555555555554759,0.011582834326894748,0.4419246537831991,0.11007416026616264,0.11264701106564333,0.0,0.9999999987499999,0.6243815271342913,0.2885991405962229,0.28733417686514706,0.366665578819272,happy,03,20,20,female,normal,2350
20,0.6673333333333333,True,1.0,0.5547257131209933,0.5736384521877336,0.5641820826543634,0.5739260423144703,-0.056712962962962965,-0.0571296296296297,0.40727712869697696,0.2449453813558353,0.15850718807978417,0.9830222730078384,0.01891273906674029,0.0004166666666667318,0.008122832058642122,0.4664195207889102,0.11038269806480192,0.11251414922447872,0.0,0.9999999987499999,0.6209910596895009,0.28912958846450293,0.29027444141461767,0.3659026015508755,happy,03,20,20,female,normal,2350
30,1.0010000000000001,True,1.0,0.46885726334899475,0.4686868686868696,0.4687720660179322,0.681079983079916,-0.08430555555555558,-0.08625,0.4642635202925237,0.29189142131996415,0.17729173551947355,0.6882775557403628,0.00017039466212515064,0.0019444444444444153,0.006796618813295801,0.38211391120345856,0.10844737031780598,0.11454713277191275,0.0,0.9999999987499999,0.6218125534432523,0.29224037220109605,0.3179789080450868,0.39365114186893246,happy,03,20,20,female,normal,2350
40,1.3346666666666667,True,1.0,0.5875485251294164,0.5978021301641825,0.5926753276467994,0.6753244241701004,-0.08462962962962967,-0.08666666666666661,0.4100034087018446,0.37209302325581467,0.1771144837883041,0.8776157154024635,0.010253605034766133,0.0020370370370369484,0.0017288846794953783,0.3788015720040616,0.10508032549944336,0.11617687988583071,0.0,0.9999999987499999,0.6115512596444829,0.2860077211099135,0.30196423679672996,0.3769119997773345,happy,03,20,20,female,normal,2350
50,1.6683333333333334,True,1.0,0.6291246382000967,0.6821678780827187,0.6556462581414078,0.8533063512948077,-0.08759259259259256,-0.09222222222222215,0.42021097769513704,0.42650020157397117,0.18404612579687238,0.7683597539694034,0.05304323988262205,0.004629629629629595,0.021343598797080636,0.2860522639307805,0.09383675127289795,0.11160943888343763,0.0,0.9999999987499999,0.66306696834984,0.3063900577758448,0.2950199875281535,0.4196939738241936,happy,03,20,20,female,normal,2350
60,2.0020000000000002,True,1.0,0.5732410947176818,0.6281729089591276,0.6007070018384046,0.6631393298059971,-0.08643518518518523,-0.08824074074074079,0.38608609651083076,0.40917107583774304,0.1771868367944481,0.9058533777722743,0.054931814241445776,0.0018055555555555602,0.010051008430873882,0.39494680851063735,0.11007280924977275,0.1116289516153225,0.0,0.9999999987499999,0.6156328024334734,0.28111244111063577,0.3098389053765135,0.3807330657582827,happy,03,20,20,female,normal,2350
70,2.3356666666666666,True,1.0,0.622172349195545,0.6383721888167901,0.6302722690061675,0.6621626674618661,-0.08865740740740746,-0.08921296296296294,0.41486572877425554,0.2854825628548256,0.20155588760357968,0.9518390268392242,0.01619983962124516,0.0005555555555554759,0.01233633525946325,0.3753068807905186,0.10338960821883077,0.11539530264896242,0.0,0.9999999987499999,0.638283866413753,0.3018489953924073,0.31062763590866077,0.4334849239120136,happy,03,20,20,female,normal,2350
80,2.6693333333333333,True,1.0,0.6181192860292165,0.6328260999398807,0.6254726929845487,0.5542795751294995,-0.08601851851851855,-0.08671296296296299,0.4697373485174926,0.19230107708574473,0.20075867947458673,1.1284426146108952,0.014706813910664196,0.000694444444444442,0.011869885873382007,0.44770408163265313,0.10610380917897724,0.11424666393052492,0.0,0.9999999987499999,0.6357689068049094,0.30470297725094525,0.3311819783102121,0.45039624124482314,happy,03,20,20,female,normal,2350
90,3.003,True,1.0,0.5795293298596703,0.5885903146583709,0.5840598222590205,0.5432483773040528,-0.08509259259259272,-0.08342592592592596,0.4672110956416708,0.1867288084886818,0.19935186884018494,1.0751248354528002,0.009060984798700544,0.0016666666666667607,0.007038244139185557,0.44528192596622235,0.10757886927796127,0.11319590682369428,0.0,0.9999999987499999,0.6335650687775111,0.3031824830643718,0.3314765268952227,0.4535209098687166,happy,03,20,20,female,normal,2350
100,3.336666666666667,True,1.0,0.4737026894732086,0.4815334681821782,0.47761807882769336,0.5539606916119272,-0.08638888888888896,-0.08000000000000007,0.47221978813478005,0.17523246367316095,0.195170555094591,0.8621876715438231,0.007830778708969588,0.006388888888888888,0.0008658313477563896,0.43622448979591816,0.10690781897547968,0.1158209482313749,0.0,0.9999999987499999,0.6372505380746047,0.30038809939489075,0.3197370391600446,0.44522491399253894,happy,03,20,20,female,normal,2350
0,0.0,True,1.0,0.47746706193913324,0.45061405567889146,0.46404055880901235,0.503275815497967,-0.06064814814814812,-0.06435185185185172,0.3861320644616932,0.28860398853468267,0.14879632580878685,0.9220402501357368,0.026853006260241785,0.003703703703703598,0.027020600958979193,0.4971261963684413,0.1157651840999851,0.11303023543244094,0.0,0.9999999987499999,0.6099079527357819,0.29072276558825877,0.29270994220434166,0.3631584744427219,happy,03,20,20,female,normal,2351
10,0.33366666666666667,True,1.0,0.4931065140817223,0.4584105457610602,0.4757585299213912,0.4953037624230009,-0.06129629629629629,-0.0637037037037037,0.3923469684163415,0.2913152894564433,0.14808368834662475,0.9605388975726827,0.034695968320662074,0.0024074074074074137,0.027904894040247298,0.5161593839434602,0.11788231885363584,0.11082044429646332,0.0,0.9999999987499999,0.6103392562493748,0.29075731617147543,0.29585572823527617,0.36439949498124835,happy,03,20,20,female,normal,2351
20,0.6673333333333333,True,1.0,0.4939066739250057,0.48210545411286837,0.48800606401893704,0.5140777521729804,-0.06087962962962962,-0.0641666666666666,0.3865924705333754,0.293720785285815,0.14673590159447633,0.9492845429629281,0.011801219812137331,0.0032870370370369772,0.03094041614440582,0.4829263123940893,0.11760343626314355,0.11128767990607577,0.0,0.9999999987499999,0.610834631290016,0.29054499228195463,0.2946147429015461,0.3624997912580188,happy,03,20,20,female,normal,2351
30,1.0010000000000001,True,1.0,0.21986846016450137,0.21603638635845498,0.21795242326147818,0.7358551779600475,-0.0889814814814815,-0.0886574074074073,0.42021020078317556,0.5059004348475326,0.13851207564796883,0.29618929075920924,0.0038320738060463877,0.00032407407407419875,0.000996720031613948,0.35156250000000044,0.11533473562944883,0.11807718348712958,0.0,0.9999999987499999,0.6005339122055071,0.2925133167453768,0.3129792699263343,0.3610752946744395,happy,03,20,20,female,normal,2351
40,1.3346666666666667,True,1.0,0.274923101831648,0.2720654284253633,0.2734942651285056,0.6084864634890061,-0.09333333333333327,-0.09000000000000002,0.4397783740092907,0.43905117708965713,0.13793023783558056,0.44946647384777355,0.0028576734062846776,0.0033333333333332438,0.04289377365692357,0.3849701724906358,0.0943459148389916,0.11587821892548038,0.0,0.9999999987499999,0.6916416158885429,0.3030155300435922,0.28513570127330684,0.40662082748618733,happy,03,20,20,female,normal,2351
50,1.6683333333333334,True,1.0,0.3676434311317859,0.35886088736351734,0.36325215924765164,0.6507294304870164,-0.08976851851851847,-0.08805555555555561,0.4096988510766995,0.5240154506650736,0.13750221944231483,0.5582230374547342,0.008782543768268536,0.0017129629629628607,0.02650301162936744,0.43206308268140964,0.09839829945172893,0.11579623000855907,0.0,0.9999999987499999,0.6822564206854618,0.30740941264564303,0.2993889831589319,0.40101672750326073,happy,03,20,20,female,normal,2351
60,2.0020000000000002,True,1.0,0.36647193043355025,0.33561330050696503,0.3510426154702576,0.7167252602013962,-0.09319444444444441,-0.09231481481481485,0.4066434317282001,0.5638140924877383,0.14799092179599319,0.4897868611071646,0.030858629926585224,0.0008796296296295636,0.02748658114284277,0.38921008802792406,0.10193361188626365,0.11878710808089335,0.0,0.9999999987499999,0.6628773937231144,0.30421250912392755,0.30382870240855636,0.42012805737474956,happy,03,20,20,female,normal,2351
70,2.3356666666666666,True,1.0,0.34266889089544555,0.3551277633976819,0.3488983271465637,0.7110035148476863,-0.08754629629629629,-0.0918518518518519,0.3800429483789891,0.5117929994790604,0.15365157735065008,0.4907125209096975,0.012458872502236318,0.004305555555555618,0.017955769745377582,0.3509475895605707,0.12394698164037857,0.11056402567852036,0.0,0.9999999987499999,0.5756260860047143,0.2842943059753634,0.3349998321693667,0.3657486942695931,happy,03,20,20,female,normal,2351
80,2.6693333333333333,True,1.0,0.24949204043645035,0.22020032993445915,0.23484618518545475,0.5696279521913645,-0.08773148148148147,-0.09370370370370373,0.4282102098193939,0.2566261930090063,0.18072449695109205,0.4122799526989486,0.029291710501991197,0.005972222222222268,0.08217965032809828,0.44420879721404893,0.10350416549513268,0.1167703310508938,0.0,0.9999999987499999,0.6626860794942976,0.30835077610271705,0.31099158831294227,0.4201166194964696,happy,03,20,20,female,normal,2351
90,3.003,True,1.0,0.48161087881650977,0.44090371020719815,0.46125729451185393,0.5777250614673051,-0.08111111111111119,-0.08597222222222217,0.44046634496712117,0.23831595159061675,0.18135772660683638,0.7984027788933952,0.04070716860931162,0.004861111111110983,0.054976153363947136,0.4582029225992754,0.10184440059006412,0.11822072811685909,0.0,0.9999999987499999,0.6652537607543016,0.30859220973157186,0.3116030210977842,0.42723154473618263,happy,03,20,20,female,normal,2351
100,3.336666666666667,True,1.0,0.5092262476288115,0.49633689736467546,0.5027815724967435,0.5632798678677547,-0.07657407407407402,-0.07953703703703702,0.4381772372885018,0.2198229916341936,0.1799565268766712,0.8925963826826936,0.012889350264136068,0.0029629629629630005,0.05449385895676255,0.4522225400604131,0.12205831367422997,0.11076950244595196,0.0,0.9999999987499999,0.5892943143507403,0.2831428861157218,0.3362336933330198,0.40421561272949214,happy,03,20,20,female,normal,2351
110,3.6703333333333332,True,1.0,0.5498199215864613,0.5375161375963159,0.5436680295913886,0.5715912477120706,-0.07249999999999995,-0.07611111111111102,0.43973309809149663,0.19808997008381238,0.17570530016453004,0.9511482755685093,0.012303783990145423,0.003611111111111065,0.055513737335690656,0.45178598989745694,0.1056024315982955,0.114544057176476,0.0,0.9999999987499999,0.6667901484187425,0.309036030767391,0.3151450636746087,0.43182870768011655,happy,03,20,20,female,normal,2351
0,0.0,True,1.0,0.5257731999936619,0.4926397254384126,0.5092064627160373,0.6129105728952909,-0.057222222222222174,-0.0593055555555555,0.46274197126457123,0.18368728255387323,0.16187343965237772,0.8308005853294844,0.03313347455524929,0.002083333333333326,0.03567812818129913,0.40655908201451285,0.11829493214941776,0.1108964960808792,0.0,0.9999999987499999,0.6018843095441301,0.2883706492625396,0.3163968952835722,0.3946940626269199,happy,03,20,20,female,normal,2352
10,0.33366666666666667,True,1.0,0.2467425292951706,0.24006673320506078,0.2434046312501157,0.5648045048847554,-0.07041666666666663,-0.06620370370370365,0.4570680840172655,0.2807781499268318,0.1376087105766292,0.43095377098626503,0.00667579609010982,0.004212962962962974,0.0762747236068851,0.4758012837654569,0.11161845124881763,0.11281857416534384,0.0,0.9999999987499999,0.6207739306894633,0.2887982608287106,0.30282217637771813,0.37343337343518485,happy,03,20,20,female,normal,2352
20,0.6673333333333333,True,1.0,0.28697770700012754,0.2770667669756255,0.28202223698787654,0.5627596349446063,-0.07074074074074083,-0.06805555555555554,0.4535561135915153,0.29761871809170226,0.1372115031734943,0.501141552228842,0.009910940024502046,0.0026851851851852904,0.0690564584297002,0.4582029225992754,0.11522526402993392,0.11508034597321933,0.0,0.9999999987499999,0.6155064061562124,0.2892097429387619,0.31923716357857396,0.3883166291528908,happy,03,20,20,female,normal,2352
30,1.0010000000000001,True,1.0,0.3964293735510779,0.3734580189309731,0.3849436962410255,0.8108944669938907,-0.08930555555555553,-0.08694444444444449,0.3758632659064224,0.5278641140253959,0.1537349732102874,0.47471491286414913,0.0229713546201048,0.002361111111111036,0.051264216558073804,0.335351639411023,0.1205000504946393,0.1126319510052923,0.0,0.9999999987499999,0.6055877470284988,0.2897985624371915,0.3421562510276407,0.3837422890604419,happy,03,20,20,female,normal,2352
40,1.3346666666666667,True,1.0,0.35232495483462817,0.40200195566307423,0.3771634552488512,0.7492343295684631,-0.08740740740740743,-0.08796296296296297,0.38318203510546867,0.5369147949503917,0.14943631225292298,0.5033985234847503,0.04967700082844606,0.0005555555555555314,0.04473647831872126,0.3546007121829432,0.1190397848770105,0.11215391567796859,0.0,0.9999999987499999,0.5981288583089486,0.28748977902750095,0.33400734240294666,0.371871936401447,happy,03,20,20,female,normal,2352
50,1.6683333333333334,True,1.0,0.4061929236233954,0.428729562638343,0.4174612431308692,0.9247288466452125,-0.09407407407407403,-0.09472222222222221,0.4319648418442938,0.5009615766856342,0.16027075593648984,0.451441787119933,0.022536639014947624,0.0006481481481481755,0.05403015937757548,0.26632941090699924,0.08607244464692507,0.11441790969052917,0.0,0.9999999987499999,0.7017785611588385,0.30308579512307,0.26257760656463974,0.39688933642197205,happy,03,20,20,female,normal,2352
60,2.0020000000000002,True,1.0,0.4444088450148839,0.4565060915367095,0.4504574682757967,0.688359657854616,-0.09083333333333338,-0.0895833333333334,0.3677339874483229,0.5181162061025075,0.1472849138602288,0.6543926029595054,0.012097246521825589,0.0012499999999999734,0.058867773683377395,0.3909514895567984,0.12298244534048175,0.10974257490807948,0.0,0.9999999987499999,0.5995689429209183,0.2825385192304013,0.3403823182166628,0.37153314188416026,happy,03,20,20,female,normal,2352
70,2.3356666666666666,True,1.0,0.49694959545269507,0.5094171975446051,0.5031833964986501,0.8051018962151588,-0.08537037037037032,-0.08782407407407405,0.353384516675026,0.433288311814038,0.18211209740280165,0.624993431097543,0.012467602091910057,0.0024537037037037357,0.008233928682624752,0.3051562102154167,0.11958573185856049,0.11309800815894346,0.0,0.9999999987499999,0.5920755347764106,0.2888449640097398,0.32004287603788334,0.35743517888112214,happy,03,20,20,female,normal,2352
80,2.6693333333333333,True,1.0,0.6130268199233723,0.6181197892650132,0.6155733045941927,0.6615426669326764,-0.0826851851851852,-0.08740740740740749,0.39212748745440107,0.30259891107117903,0.18960305135840613,0.9305118707586523,0.0050929693416409405,0.004722222222222294,0.017975550099233392,0.3835418172895448,0.10308009142940829,0.11632883349240296,0.0,0.9999999987499999,0.6504572498765131,0.3047804153925664,0.30414732493785446,0.42740861767583316,happy,03,20,20,female,normal,2352
90,3.003,True,1.0,0.6121201279850464,0.5866359366572704,0.5993780323211584,0.6507092542179681,-0.08333333333333337,-0.08476851851851847,0.39874150073875103,0.2768182661791334,0.1889034290576577,0.9211149656101013,0.025484191327776018,0.001435185185185095,0.01672847079688106,0.3954062443962562,0.10499858099230351,0.11460017775135764,0.0,0.9999999987499999,0.6513292112157363,0.30498477129861545,0.30560836247651973,0.430036093580681,happy,03,20,20,female,normal,2352
100,3.336666666666667,True,1.0,0.6081445674502695,0.5889169728283181,0.5985307701392938,0.6188813062759675,-0.08231481481481479,-0.08416666666666661,0.39972282976028467,0.26809813180670294,0.18889535132429544,0.967117222752889,0.01922759462195134,0.0018518518518518268,0.02384336689083025,0.38737896298314767,0.10469989676745732,0.11470715069510541,0.0,0.9999999987499999,0.6540443575477066,0.30403652071205617,0.3060388500230755,0.42839998565050036,happy,03,20,20,female,normal,2352
0,0.0,True,1.0,0.5554152242648812,0.5306671752029358,0.5430411997339085,0.44709522607763913,-0.057314814814814874,-0.06078703703703714,0.37996564478282524,0.22319479077249202,0.15903209549004216,1.2145985196442428,0.024748049061945387,0.0034722222222222654,0.04437200099140833,0.5655428408109882,0.12022190230480287,0.11054165503095985,0.0,0.9999999987499999,0.604717080894858,0.2862350289155066,0.3059878063263837,0.38523579856104795,happy,03,20,20,female,normal,2353
10,0.33366666666666667,True,1.0,0.5653613004615045,0.5313299969746971,0.5483456487181008,0.4507471077773474,-0.05796296296296294,-0.061620370370370436,0.3744392701256639,0.2322337641517235,0.15972269988794818,1.2165261612481904,0.034031303486807385,0.003657407407407498,0.045226727345176666,0.5329421602554542,0.11977296482299409,0.11154152603773192,0.0,0.9999999987499999,0.6064640891669167,0.2853626613083668,0.3047767915044199,0.37913038474047595,happy,03,20,20,female,normal,2353
20,0.6673333333333333,True,1.0,0.5333648902768593,0.516234414933498,0.5247996526051786,0.4433152587635852,-0.05675925925925929,-0.06138888888888899,0.3813073025161333,0.2284047295527354,0.15694638891525287,1.1838068783575257,0.017130475343361318,0.004629629629629706,0.048100728783454554,0.5277337073033931,0.11926841653121023,0.11208086344859203,0.0,0.9999999987499999,0.6074332294871073,0.28462390843976454,0.303708508095436,0.3835733212302979,happy,03,20,20,female,normal,2353
30,1.0010000000000001,True,1.0,0.4026352200057122,0.40319876529760096,0.4029169926516566,0.770014467973622,-0.08212962962962972,-0.08717592592592593,0.3690514329673228,0.4374258754836495,0.16678381299687858,0.5232589898109019,0.000563545291888734,0.0050462962962962155,0.04270527496055655,0.3465978149483948,0.11853945624383957,0.11452734137384372,0.0,0.9999999987499999,0.6150382219372124,0.28541265355007683,0.3205092211681836,0.38508714552137796,happy,03,20,20,female,normal,2353
40,1.3346666666666667,True,1.0,0.6105720990384167,0.6239114956192037,0.6172417973288102,0.6733821618621981,-0.07717592592592598,-0.08175925925925936,0.40275298681942834,0.41203052525335904,0.15232594269145455,0.916629266836925,0.013339396580786977,0.004583333333333384,0.024732949080777656,0.3721933817520857,0.11862688774539618,0.11410332255262937,0.0,0.9999999987499999,0.6143061898743872,0.29091369269188694,0.34541311012827597,0.39275956075133067,happy,03,20,20,female,normal,2353
50,1.6683333333333334,True,1.0,0.6391237944770377,0.6220557427925496,0.6305897686347937,0.43741823234245836,-0.059907407407407354,-0.06171296296296286,0.3925082609085984,0.3597525529370745,0.13474260768055632,1.441617477300534,0.017068051684488106,0.0018055555555555047,0.008327461757028976,0.5805495970844753,0.11922892193176363,0.11330607636461552,0.0,0.7011958866558402,0.6025493620416917,0.28702424850435193,0.32287523851941335,0.3805047764891999,happy,03,20,20,female,normal,2353
60,2.0020000000000002,True,1.0,0.3789536623377482,0.40577812797820556,0.3923658951579769,0.6009406919050824,-0.06453703703703706,-0.06287037037037041,0.3659985872816536,0.4560132332156363,0.12591337336722083,0.6529194984518546,0.026824465640457373,0.0016666666666666496,0.05432952001837209,0.43147942670608685,0.11827436683851864,0.11245369487788483,0.0,0.9999999987499999,0.6040307707614295,0.2853283787155518,0.314365824555683,0.3695564202179556,happy,03,20,20,female,normal,2353
70,2.3356666666666666,True,1.0,0.5055022095306251,0.5029013129922182,0.5042017612614216,0.6427075388791518,-0.06305555555555553,-0.0555092592592592,0.39821148593048067,0.28551699951761805,0.1495573380193852,0.784496416738355,0.002600896538406894,0.007546296296296329,0.09164211932624337,0.3882471849087048,0.11778824112345578,0.11126342669807769,0.0,0.9999999987499999,0.6047952306234994,0.2874430188431312,0.30975633475258485,0.3681831622471204,happy,03,20,20,female,normal,2353
80,2.6693333333333333,True,1.0,0.5139530771882916,0.528641045213754,0.5212970612010228,0.6077158709280946,-0.059675925925925966,-0.055324074074073915,0.4208707889948902,0.24481475713235806,0.15807387004715845,0.857797345994775,0.01468796802546235,0.004351851851852051,0.05933441498783389,0.4136172456278527,0.1146332034281029,0.11096245149072408,0.0,0.9999999987499999,0.6074817863082732,0.2881878708672663,0.3031953611582254,0.3823514973151815,happy,03,20,20,female,normal,2353
90,3.003,True,1.0,0.5288162177040177,0.5313032885829415,0.5300597531434796,0.6104267420632329,-0.05888888888888877,-0.05527777777777776,0.4195968099670361,0.25261170501911867,0.1593517603260182,0.8683429421061828,0.0024870708789238583,0.0036111111111110095,0.05372559586051514,0.4195111263910636,0.11803598238949534,0.10909621123714408,0.0,0.7071067807446058,0.6061606977165866,0.2869528348220061,0.3110313402164409,0.3838094333758684,happy,03,20,20,female,normal,2353
100,3.336666666666667,True,1.0,0.5168477832221838,0.5245760230145567,0.5207119031183702,0.602941710082771,-0.0591666666666667,-0.05523148148148155,0.41697151563854506,0.24133539352685324,0.1592598086272891,0.8636189774412648,0.007728239792372915,0.003935185185185153,0.050960973408230276,0.42769299620787027,0.1172414058348463,0.11012280940004257,0.0,0.9999999987499999,0.6068364785523584,0.28460508176165583,0.30876229163828894,0.379304769857873,happy,03,20,20,female,normal,2353
0,0.0,True,1.0,0.5863924434144155,0.5615417018759248,0.5739670726451702,0.5676891328514414,-0.05504629629629637,-0.056851851851851876,0.3839412746046404,0.26878761216307284,0.1569930489895582,1.0110587633802244,0.02485074153849076,0.0018055555555555047,0.018129707200465757,0.45943423773695297,0.1140641361634196,0.1130740701382601,0.0,0.9999999987499999,0.6159053528677095,0.28855065351282566,0.29297571860042126,0.3759389733619323,happy,03,20,20,female,strong,2354
10,0.33366666666666667,True,1.0,0.6005891288334578,0.5711613869529937,0.5858752578932258,0.5393540193578512,-0.05393518518518525,-0.056574074074074054,0.3909656188436979,0.24041163511742922,0.15838151165305553,1.086253623530538,0.029427741880464153,0.002638888888888802,0.01663633206410101,0.4892541750097405,0.11643399754392547,0.11063225891726707,0.0,0.9999999987499999,0.6139109805797318,0.2883248937435735,0.2993262069489804,0.3774901651922652,happy,03,20,20,female,strong,2354
20,0.6673333333333333,True,1.0,0.5917021814543643,0.5587279404999531,0.5752150609771587,0.5636846479912531,-0.05453703703703705,-0.056342592592592555,0.3943890445191802,0.23115908639350646,0.15769743950010442,1.0204554319990715,0.03297424095441115,0.0018055555555555047,0.012263961153374418,0.447663795728049,0.11563732111143439,0.11214632518826019,0.0,0.9999999987499999,0.6142523991784213,0.2878138463702358,0.2996573065810168,0.3809640363036239,happy,03,20,20,female,strong,2354
30,1.0010000000000001,True,1.0,0.45265396223318444,0.44444444444444564,0.44854920333881504,0.8757518529570754,-0.08504629629629634,-0.08643518518518517,0.4583863983170556,0.3315346300480362,0.17326223627023038,0.5121875584096544,0.008209517788738796,0.0013888888888888284,0.006003625973652389,0.2973214285714285,0.10586359097163683,0.11999480348906019,0.0,0.9999999987499999,0.6233612184561325,0.2922848806593523,0.3079227572482514,0.3876182123735551,happy,03,20,20,female,strong,2354
40,1.3346666666666667,True,1.0,0.42084798950959923,0.46173154985221043,0.44128976968090483,0.6502542333581854,-0.08361111111111103,-0.08560185185185182,0.4324720172180656,0.31840796019900475,0.17376876522367618,0.6786419019556389,0.0408835603426112,0.001990740740740793,0.0023223158456618883,0.39020329321534347,0.10886948353200587,0.1133084002753933,0.0,0.9999999987499999,0.617931316393745,0.29233064205006487,0.31037620813312183,0.37170066031484106,happy,03,20,20,female,strong,2354
50,1.6683333333333334,True,1.0,0.5642899560854056,0.5301107990754504,0.5472003775804279,0.7327816258604095,-0.08162037037037034,-0.08217592592592587,0.4281786645223893,0.3130812305093058,0.18928747073169705,0.746744129859864,0.03417915700995511,0.0005555555555555314,0.0068191047524635276,0.3394355796548516,0.11070503269349748,0.11636480667616379,0.0,0.9999999987499999,0.5907898561143207,0.29015549964318915,0.2906838387659472,0.36745767112574595,happy,03,20,20,female,strong,2354
60,2.0020000000000002,True,1.0,0.766998904041174,0.615318253662145,0.6911585788516594,0.9012273064869288,-0.058981481481481524,-0.05606481481481479,0.3766379535383447,0.3415879083655235,0.16706509473780026,0.7669081638747304,0.151680650379029,0.002916666666666734,0.06150479400972674,0.23322089507829677,0.09066365423195312,0.11047089069910568,0.0,0.9999999987499999,0.6661789620692026,0.3151783685115132,0.2459215173889074,0.3763635954389014,happy,03,20,20,female,strong,2354
70,2.3356666666666666,True,1.0,0.6867233872007434,0.5592348959495297,0.6229791415751366,0.6744918533913675,-0.05319444444444449,-0.05180555555555566,0.36187206177086295,0.2648839357086024,0.16714134155703242,0.9236273773252808,0.12748849125121375,0.0013888888888888284,0.06089541049726353,0.3553373579222369,0.10784579708307027,0.10723050041755335,0.0,0.9999999987499999,0.6419494744694754,0.28816409286549904,0.25319560217167014,0.34241080488189374,happy,03,20,20,female,strong,2354
80,2.6693333333333333,True,1.0,0.6070403670091152,0.5220843444389894,0.5645623557240523,0.6553190577360488,-0.05574074074074081,-0.05249999999999999,0.4407211361214981,0.18627088926735813,0.16709986584390518,0.8615076107727792,0.0849560225701258,0.0032407407407408217,0.0486309214152058,0.3686036952329991,0.10311252456205208,0.11229966735665131,0.0,0.9999999987499999,0.6228099228988471,0.3165886608173065,0.29744595131863266,0.41266726988869906,happy,03,20,20,female,strong,2354
90,3.003,True,1.0,0.6021093321101856,0.5522370645186104,0.577173198314398,0.6093284578035681,-0.051527777777777894,-0.05342592592592593,0.4613830679106949,0.1523321144508923,0.17112658520152943,0.9472283641484931,0.04987226759157515,0.0018981481481480378,0.02977862855916063,0.3942576093114749,0.1022035729287036,0.11143068794187984,0.0,0.9999999987499999,0.6231832351925145,0.3142387181027135,0.29116699930931933,0.40666748294877575,happy,03,20,20,female,strong,2354
100,3.336666666666667,True,1.0,0.606625450398796,0.5432658904271501,0.5749456704129731,0.6059597602679898,-0.05212962962962964,-0.053888888888888986,0.45511862892219984,0.16966873287503662,0.16947183578695316,0.9488182353209386,0.06335955997164588,0.0017592592592593492,0.01965224976364776,0.3957765310121358,0.1092698328860454,0.11376282949972441,0.0,0.9999999987499999,0.6196339984118648,0.31240285160081777,0.31348980331935655,0.43304448066357676,happy,03,20,20,female,strong,2354
0,0.0,True,1.0,0.5274965094849157,0.4597157942101719,0.49360615184754375,0.6093336008582083,-0.0571296296296297,-0.05708333333333332,0.42449628511708903,0.25048424536884056,0.15062177852493852,0.8100753858843995,0.06778071527474377,4.629629629637755e-05,0.00289247026013704,0.4124677772135582,0.11268961451087653,0.10950985708842224,0.0,0.9999999987499999,0.614860363879927,0.2870984111624403,0.30252156704188804,0.38522013618870693,happy,03,20,20,female,strong,2355
10,0.33366666666666667,True,1.0,0.5156381645448832,0.483195839807318,0.49941700217610063,0.6136853033531524,-0.05625000000000002,-0.05824074074074065,0.4335009711514994,0.24673444227526922,0.15000347243320308,0.813799840809786,0.0324423247375652,0.0019907407407406263,0.0042612454799596106,0.42786119308264603,0.11222021366375114,0.11136791837598234,0.0,0.9999999987499999,0.609192555623812,0.28669820081106673,0.3017715441974376,0.3811295769302687,happy,03,20,20,female,strong,2355
20,0.6673333333333333,True,1.0,0.12784837908860835,0.12069159734575662,0.12426998821718249,0.6392068945751497,-0.0696296296296296,-0.06865740740740744,0.44230656659748485,0.31942157849194147,0.14344224076368078,0.19441277819723585,0.007156781742851739,0.0009722222222221522,0.025870466817940276,0.4164930651826091,0.11295549702823245,0.11317598907308493,0.0,0.9999999987499999,0.605656780352766,0.29150510189601797,0.3030625115290582,0.3729468551564679,happy,03,20,20,female,strong,2355
30,1.0010000000000001,True,1.0,0.06834891883655989,0.08865129422620494,0.07850010653138241,0.8162486244696392,-0.07467592592592598,-0.06740740740740742,0.4807733224414323,0.5066516728371733,0.10241239282533175,0.09617180865987758,0.02030237538964505,0.007268518518518563,0.06173510284564459,0.32105686094740804,0.1104714219825034,0.11949187619688047,0.0,0.9999999987499999,0.6147237446228491,0.2899622429525652,0.3092207192492763,0.3643912319951177,happy,03,20,20,female,strong,2355
40,1.3346666666666667,True,1.0,0.19024191309754981,0.2242974356814222,0.207269674389486,0.7275432549075704,-0.08143518518518517,-0.0735648148148148,0.4742476963203384,0.5164122647589952,0.11507735594617426,0.28488983024908704,0.0340555225838724,0.007870370370370361,0.08475509337106212,0.34418331797564466,0.1037848663856864,0.11503994293380443,0.0,0.9999999987499999,0.6418975763977466,0.28791320648598034,0.2759277594516379,0.36825259098186525,happy,03,20,20,female,strong,2355
50,1.6683333333333334,True,1.0,0.15906763508672175,0.14833533750256553,0.15370148629464364,0.6067230530350132,-0.0791203703703704,-0.07634259259259252,0.47078629627820207,0.5150262026246051,0.09556216392041875,0.2533305525903162,0.010732297584156225,0.002777777777777879,0.03954433167177508,0.41767342709421673,0.11707502020125897,0.115859614645229,0.0,0.9999999987499999,0.5947911326952655,0.2952761003017219,0.343966889179467,0.3948629604550265,happy,03,20,20,female,strong,2355
60,2.0020000000000002,True,1.0,0.1754330594390474,0.17041034927815757,0.1729217043586025,0.7437866340071958,-0.08231481481481484,-0.08027777777777778,0.46522372738530615,0.5570659369486137,0.10217372499429624,0.23248831916617843,0.005022710160889843,0.0020370370370370594,0.047403593478638074,0.3682115269979987,0.0963889830317086,0.11731177358562132,0.0,0.9999999987499999,0.6796299509725765,0.31028786176390843,0.30526144737705213,0.41870909481652385,happy,03,20,20,female,strong,2355
70,2.3356666666666666,True,1.0,0.2265090018218113,0.22082953058387098,0.22366926620284114,0.7523980851925153,-0.0812500000000001,-0.07962962962962966,0.4150604546083337,0.6216227482848788,0.11388253708574646,0.29727516670328996,0.005679471237940326,0.0016203703703704386,0.051608410559235436,0.381108391490023,0.11910272630106977,0.11460833733508692,0.0,0.9999999987499999,0.5790271920330633,0.2810150394002084,0.3337905603064508,0.3858758630510976,happy,03,20,20,female,strong,2355
80,2.6693333333333333,True,1.0,0.22977714445736663,0.21502820860801455,0.22240267653269058,0.6136022758558108,-0.08685185185185185,-0.08527777777777779,0.41856748774193125,0.5128818923420978,0.12704455693755048,0.36245412587901243,0.01474893584935208,0.001574074074074061,0.042882144591987685,0.4376686958372675,0.12192586017583763,0.11295772040871241,0.0,0.9999999987499999,0.5798109272458983,0.2792093153385498,0.31406635837312824,0.33686190072091304,happy,03,20,20,female,strong,2355
90,3.003,True,1.0,0.26345425473616624,0.2685735142943353,0.26601388451525076,0.6510424018127013,-0.08351851851851849,-0.07916666666666661,0.4373107862912329,0.4356831443548877,0.15533383629286482,0.40859686523425615,0.005119259558169054,0.0043518518518518845,0.036707083033845414,0.4068882196873945,0.09967321970514502,0.11989815600667426,0.0,0.9999999987499999,0.6628438711656538,0.30963723753199623,0.2856577346997171,0.40929659672223284,happy,03,20,20,female,strong,2355
100,3.336666666666667,True,1.0,0.35145968999581717,0.34833448133998457,0.3498970856679009,0.6731429568902936,-0.07708333333333334,-0.06773148148148145,0.46990227243141147,0.3363350759259495,0.15588675465946436,0.5197961028728788,0.003125208655832601,0.009351851851851889,0.03758155264059814,0.38734113711129775,0.122310971885652,0.11186139792634421,0.0,0.9999999987499999,0.5878509064250701,0.286027454567549,0.3533557885721819,0.40102499009197107,happy,03,20,20,female,strong,2355
110,3.6703333333333332,True,1.0,0.3602111303900651,0.34155114048129853,0.3508811354356818,0.5818620337488719,-0.07444444444444448,-0.06657407407407406,0.4724758058740549,0.32432924530649854,0.15581479345151458,0.6030315007408095,0.01865998990876655,0.007870370370370416,0.02832488570048826,0.4577343153231259,0.10742326517199817,0.11534303579790288,0.0,0.9999999987499999,0.6509731976931397,0.30598134188877707,0.324919238743087,0.45276727782366155,happy,03,20,20,female,strong,2355
120,4.0040000000000004,True,1.0,0.39468428482105716,0.39790688139089997,0.39629558310597857,0.5653036950826007,-0.07226851851851857,-0.06638888888888894,0.4806899459618911,0.2881239497950903,0.15921956306053683,0.7010312979611303,0.003222596569842806,0.0058796296296296235,0.022974122421209674,0.46477918883798525,0.10874565129587749,0.11492900795434345,0.0,0.9999999987499999,0.6358081053984093,0.3083675981208774,0.3237812651701337,0.4480000618860728,happy,03,20,20,female,strong,2355
0,0.0,True,1.0,0.6059230569737776,0.5861213769407333,0.5960222169572554,0.5633501958464241,-0.06055555555555553,-0.05810185185185185,0.395072441756306,0.2734307208558323,0.15422653547906967,1.0579959345922338,0.019801680033044278,0.00245370370370368,0.03576065972911607,0.43784031193322653,0.11182922017840828,0.11107654712882219,0.0,0.9999999987499999,0.6226100867143733,0.2879845464778199,0.2855434382778677,0.3761732953196979,happy,03,20,20,female,strong,2356
10,0.33366666666666667,True,1.0,0.5502215121410582,0.5545783349533482,0.5523999235472032,0.546181492067339,-0.06199074074074068,-0.058842592592592724,0.3952904045669924,0.2654392546227615,0.15701443022291076,1.0113852841412239,0.0043568228122899955,0.0031481481481479556,0.032513659517724135,0.47937850642904156,0.11110947626174376,0.11264536310973833,0.0,0.9999999987499999,0.6198926550854718,0.28784505266297655,0.28501339094897393,0.37423239287478066,happy,03,20,20,female,strong,2356
20,0.6673333333333333,True,1.0,0.6015152475744415,0.6072599964164155,0.6043876219954285,0.5598255256981122,-0.06643518518518515,-0.06412037037037038,0.39460563894135986,0.2648704090223853,0.16253004529932302,1.0795999722266088,0.005744748841973957,0.0023148148148147696,0.036397558532709186,0.452509031056258,0.11193008999148485,0.11200023413992344,0.0,0.9999999987499999,0.6214185322332058,0.2885634702025775,0.2927051268230498,0.3820815242976247,happy,03,20,20,female,strong,2356
30,1.0010000000000001,True,1.0,0.6558335680661895,0.779727814590924,0.7177806913285567,0.942178918994461,-0.08861111111111114,-0.08861111111111103,0.3883473638193436,0.5009380529907435,0.17125850103968948,0.7618305577189172,0.12389424652473446,1.1102230246251565e-16,0.06123865363735445,0.22326231334846772,0.08733290733633092,0.11244671358614605,0.0,0.9999999987499999,0.6874818368831909,0.3054014277911232,0.23716889771652774,0.3533945506077734,happy,03,20,20,female,strong,2356
40,1.3346666666666667,True,1.0,0.6064606631769728,0.634851876709196,0.6206562699430844,0.6630692600960704,-0.08347222222222234,-0.08300925925925923,0.46335873790994325,0.34404537080456477,0.1676748175134489,0.9360353545165994,0.02839121353222318,0.00046296296296310935,0.0059552048543924305,0.3714622641509436,0.09310438581348579,0.11897830864356633,0.0,0.9999999987499999,0.6918793137411215,0.30523543980029433,0.28257997517669814,0.39862101311865816,happy,03,20,20,female,strong,2356
50,1.6683333333333334,True,1.0,0.5155845586531294,0.6939179411093633,0.6047512498812464,0.9412913476280382,-0.09050925925925929,-0.09499999999999992,0.4441900874949213,0.46964795485788796,0.17710343789061123,0.6424697851575499,0.17833338245623398,0.004490740740740629,0.05454170652607923,0.25259599870562394,0.09028587079506581,0.11248651875103129,0.0,0.9999999987499999,0.6770413542995324,0.30772450952628466,0.25555021529652894,0.3813324363398733,happy,03,20,20,female,strong,2356
60,2.0020000000000002,True,1.0,0.644304361228264,0.7515033881507137,0.6979038746894888,0.7141378495504089,-0.08374999999999999,-0.08740740740740738,0.3940755373278044,0.37154525427239,0.18989719219492326,0.977267729373061,0.10719902692244976,0.003657407407407387,0.03631459450624453,0.33282045597779225,0.09309812318791526,0.11137424504017898,0.0,0.9999999987499999,0.6706225674410389,0.3057595494767806,0.2777818543854029,0.392101747181686,happy,03,20,20,female,strong,2356
70,2.3356666666666666,True,1.0,0.7678095691252135,0.8756575981576145,0.8217335836414139,0.7939719254450291,-0.08023148148148151,-0.08041666666666664,0.3610951382145101,0.2801572326494043,0.20874310467769283,1.0349655413581835,0.10784802903240098,0.00018518518518512161,0.05876230928111713,0.26752990064822846,0.09349636101390382,0.11206487925301353,0.0,0.9999999987499999,0.6566466759125527,0.3092794300003729,0.2551409910762226,0.3788147796138575,happy,03,20,20,female,strong,2356
80,2.6693333333333333,True,1.0,0.4841785977981659,0.5661569525398659,0.5251677751690159,0.7701906043476892,-0.08722222222222231,-0.08509259259259255,0.3978555046856376,0.17496098668273993,0.20196785790070662,0.6818672835067955,0.08197835474169995,0.002129629629629759,0.05964080539220003,0.26578401925868606,0.09669957588113322,0.10861345643860307,0.0,0.9999999987499999,0.6586987574795543,0.30846642837885596,0.2670200098347309,0.3867816331588282,happy,03,20,20,female,strong,2356
90,3.003,True,1.0,0.5596623004695388,0.6671573084978584,0.6134098044836986,0.6403462785530788,-0.08129629629629631,-0.07689814814814805,0.4299759933712875,0.1568091648923518,0.1982627914644783,0.9579345192256827,0.10749500802831957,0.004398148148148262,0.06460041126957146,0.33537888288091394,0.09485275465034322,0.10901338540369679,0.0,0.9999999987499999,0.6663054256155586,0.306997969157542,0.2649918466932214,0.3867490783258028,happy,03,20,20,female,strong,2356
100,3.336666666666667,True,1.0,0.5890657674735368,0.6750499123246089,0.6320578398990728,0.6600467108675427,-0.08004629629629623,-0.07745370370370375,0.4198110387553613,0.19526848646895725,0.19530664053710672,0.9575956208740404,0.08598414485107209,0.0025925925925924798,0.0779304325680252,0.33531261640012355,0.10397634376551299,0.11081476506911195,0.0,0.9999999987499999,0.6333860039250075,0.30660615355860393,0.3080869778634058,0.4302132915057388,happy,03,20,20,female,strong,2356
0,0.0,True,1.0,0.5534469116198931,0.5341754865952129,0.5438111991075529,0.6081630872031198,-0.06578703703703703,-0.06013888888888885,0.48408472999472646,0.17539061820530297,0.17431649776999447,0.8941864617408553,0.019271425024680267,0.00564814814814818,0.005892888402478741,0.4222142821485903,0.11094031478385058,0.11728319011883069,0.0,0.9999999987499999,0.6086998137770734,0.2989695116118573,0.312849246738304,0.3907413197411199,happy,03,20,20,female,strong,2357
10,0.33366666666666667,True,1.0,0.4112238137180156,0.4054580896686161,0.40834095169331586,0.5994038416800364,-0.07921296296296299,-0.07601851851851843,0.47709779342174796,0.25268985482589784,0.16599474496508426,0.6812451360818764,0.005765724049399512,0.0031944444444445552,0.0009368510516962802,0.4416119854727542,0.10910612484678642,0.11623762962880795,0.0,0.9999999987499999,0.6122328862169868,0.2926137744366317,0.3289276595642671,0.40150037515941916,happy,03,20,20,female,strong,2357
20,0.6673333333333333,True,1.0,0.44458090198345307,0.4686868686868683,0.4566338853351607,0.6589306917456194,-0.08254629629629634,-0.08041666666666669,0.48042220415359116,0.27650160970083837,0.16968246446591653,0.6929922844016568,0.02410596670341525,0.002129629629629648,0.003154522626819081,0.4017654467646542,0.09755734931533554,0.11973151115839124,0.0,0.9999999987499999,0.6590277411433324,0.3083566523857629,0.3204282181457479,0.44666133563523447,happy,03,20,20,female,strong,2357
30,1.0010000000000001,True,1.0,0.36512356202037777,0.3680813406893545,0.36660245135486613,0.8232714882687397,-0.0887962962962962,-0.08861111111111108,0.4452260391240409,0.454578386457123,0.15495764247409807,0.4452995841332919,0.0029577786689767294,0.00018518518518512161,0.01051524400824654,0.3361050296025287,0.10908754727231856,0.11852719230801403,0.0,0.9999999987499999,0.6156208514577707,0.286355784804396,0.3172408807681293,0.3809479046674438,happy,03,20,20,female,strong,2357
40,1.3346666666666667,True,1.0,0.421824304530322,0.47533363213001956,0.44857896833017075,0.6239430725216143,-0.08587962962962964,-0.08773148148148147,0.43448403996848606,0.43027573430676985,0.14799092179599319,0.7189421408547353,0.053509327599697565,0.0018518518518518268,0.01848045962472395,0.44031888472117325,0.11194162611740699,0.11971781559046908,0.0,0.9999999987499999,0.6059478335318502,0.2860130873126936,0.3308027174559501,0.3763375204105467,happy,03,20,20,female,strong,2357
50,1.6683333333333334,True,1.0,0.5576965962238992,0.5445901601896052,0.5511433782067522,0.8917523080426483,-0.08763888888888888,-0.08884259259259258,0.46359699785995406,0.49867727752384966,0.15566587018222125,0.6180453621886153,0.013106436034294067,0.0012037037037037068,0.0056248382287997795,0.30373907942077927,0.12071208541698404,0.11358494012616269,0.0,0.9999999987499999,0.585482701627526,0.2890759710133552,0.37270411686426835,0.4131115717268153,happy,03,20,20,female,strong,2357
60,2.0020000000000002,True,1.0,0.7711753397337769,0.6665825330984175,0.7188789364160972,0.6542711334373408,-0.09134259259259259,-0.09018518518518515,0.39040779065611464,0.5262222222222215,0.16068911771555625,1.0987477510116133,0.10459280663535941,0.0011574074074074403,0.0005827525785814178,0.3552587138778616,0.09852928695413955,0.11748240402090501,0.0,0.9999999987499999,0.6537644715307999,0.316034405318296,0.2850605203782148,0.4088268763357523,happy,03,20,20,female,strong,2357
70,2.3356666666666666,True,1.0,0.7109943689711845,0.6856399537791638,0.6983171613751742,1.0240523828018562,-0.09189814814814812,-0.09393518518518512,0.35722006093219727,0.6475403819535129,0.17021465526170568,0.6819154694650923,0.02535441519202075,0.002037037037037004,0.0035207190706506605,0.2564250504865133,0.12062532423427216,0.11434549896218195,0.0,0.6921126126558655,0.5823661453565802,0.2828227502743847,0.3546085381565422,0.40167146434264256,happy,03,20,20,female,strong,2357
80,2.6693333333333333,True,1.0,0.6110944093848423,0.6019031494535669,0.6064987794192046,0.8138231031254776,-0.08861111111111108,-0.09115740740740741,0.4338655721629992,0.419242204640397,0.18195953953629374,0.7452464510898665,0.009191259931275342,0.0025462962962963243,0.007320468968867017,0.3238636363636361,0.12335201802310398,0.11156946525449343,0.0,0.770258085438724,0.5756473472748475,0.28332429175603263,0.3679617462573762,0.4146857240618693,happy,03,20,20,female,strong,2357
90,3.003,True,1.0,0.6244262279306553,0.6298880494043638,0.6271571386675096,0.6329859589905626,-0.08796296296296302,-0.08879629629629637,0.4709948417595204,0.26640368172432227,0.19444483681291014,0.9907915487851445,0.00546182147370855,0.0008333333333333526,0.005337049369776996,0.39456396791935133,0.10914835827478007,0.11537525371130188,0.0,0.9999999987499999,0.6117400853622699,0.30734375439695055,0.34600395741955686,0.4543391072278821,happy,03,20,20,female,strong,2357
100,3.336666666666667,True,1.0,0.6184514826402276,0.6058392982897295,0.6121453904649785,0.603301527424389,-0.08712962962962961,-0.08865740740740746,0.4708583839348807,0.23456636202887027,0.19514045277274678,1.01465910931528,0.012612184350498157,0.00152777777777785,0.0010110589503391527,0.41657627363671357,0.11030926219806214,0.11575670816115328,0.0,0.9999999987499999,0.6094263411692802,0.3051659350074451,0.33699906647688543,0.45123451931501485,happy,03,20,20,female,strong,2357
110,3.6703333333333332,True,1.0,0.589055439129151,0.6098003171043392,0.5994278781167451,0.5920125086820576,-0.0872222222222222,-0.08930555555555558,0.46755087574528675,0.21629960810092863,0.19792283433372324,1.0125256972208168,0.020744877975188203,0.0020833333333333814,0.0060947430952493584,0.4326669943534296,0.11311673348318965,0.1136871549801028,0.0,0.9999999987499999,0.6097137597460859,0.30497063261152235,0.3289019971151648,0.44775012425128224,happy,03,20,20,female,strong,2357
0,0.0,True,1.0,0.3045806841296734,0.32109402636024725,0.3128373552449603,0.6855314888329421,-0.07870370370370366,-0.07092592592592589,0.3337052346809803,0.3963544891187523,0.1501835018519532,0.4563427943733683,0.01651334223057388,0.007777777777777772,0.07799953622131837,0.3730484762541237,0.11284898609217335,0.11107431670126007,0.0,0.9999999987499999,0.6197344960327882,0.2832622153918453,0.2780448814307208,0.3864306216681238,sad,04,20,20,female,normal,2358
10,0.33366666666666667,True,1.0,0.45338439284849036,0.4990828879921455,0.4762336404203179,0.7165163803756127,-0.07124999999999992,-0.06486111111111115,0.3331764392276557,0.39635448911875254,0.1544282361009532,0.6646514350037139,0.04569849514365515,0.006388888888888777,0.07879335308969718,0.3569164423000179,0.11302210340145386,0.11294090935563329,0.0,0.9999999987499999,0.6146185914443903,0.28157194503816924,0.2875185589063295,0.3946321416476652,sad,04,20,20,female,normal,2358
20,0.6673333333333333,True,1.0,0.17545369759569146,0.1827876531446589,0.17912067537017518,0.23291742228864662,-0.09652777777777782,-0.08666666666666656,0.42274252840222726,0.12231012951395695,0.15920087416045772,0.7690308162014476,0.00733395554896743,0.009861111111111265,0.11819630355517025,0.8943004132271684,0.09397343439809035,0.11502686322096496,0.0,0.9999999987499999,0.6786264588257177,0.3016369389827286,0.27969234744919885,0.4161590300947944,sad,04,20,20,female,normal,2358
30,1.0010000000000001,True,1.0,0.25334849735494475,0.22658559236270887,0.2399670448588268,0.8320535105740224,-0.09662037037037036,-0.08634259259259269,0.3541410177620426,0.4204364087388728,0.15816506410397366,0.2884033800822219,0.02676290499223588,0.010277777777777664,0.09727222369721968,0.3017910298933914,0.1122888711493493,0.1148371974228064,0.0,0.9999999987499999,0.6093925884259954,0.2901541339412788,0.28732447949032347,0.3602093940063353,sad,04,20,20,female,normal,2358
40,1.3346666666666667,True,1.0,0.3289773747336208,0.3173926822167847,0.32318502847520275,0.6413255033871735,-0.08425925925925926,-0.0732870370370371,0.34351453191879006,0.3789401635808145,0.15865873394965357,0.5039329120209542,0.011584692516836137,0.010972222222222161,0.10199392735093532,0.3812422507273185,0.1122780033594186,0.11451556471856016,0.0,0.9999999987499999,0.6126857439147534,0.28809374968580415,0.28631715045112077,0.3653314590007454,sad,04,20,20,female,normal,2358
50,1.6683333333333334,True,1.0,0.371089767672817,0.3353231548617883,0.35320646126730265,0.8879586522616958,-0.08819444444444441,-0.07865740740740734,0.31993253294892415,0.4973483986619082,0.1650028224807842,0.39777354538711895,0.035766612811028664,0.009537037037037066,0.10192141111977472,0.27623946568537056,0.1163358363754914,0.11227324347000749,0.0,0.9999999987499999,0.6044799069393383,0.28439393844608135,0.29615508450355255,0.3663086732101069,sad,04,20,20,female,normal,2358
60,2.0020000000000002,True,1.0,0.5576257433146435,0.570142699244203,0.5638842212794233,0.8412151939109564,-0.07203703703703707,-0.06467592592592586,0.3446707490412251,0.45542764799444385,0.1584113629608794,0.6703210134113567,0.012516955929559481,0.007361111111111207,0.09706357351354146,0.30179102989339157,0.11451991369503449,0.11261244098089461,0.0,0.9999999987499999,0.6075667407666192,0.28886942982573743,0.29667643454104325,0.3748796487959824,sad,04,20,20,female,normal,2358
70,2.3356666666666666,True,1.0,0.48429850467178776,0.5011642784911174,0.4927313915814526,0.5927702574192362,-0.07856481481481475,-0.07189814814814821,0.3268949979304021,0.41873689182188173,0.1596832080314141,0.8312350112279147,0.016865773819329688,0.006666666666666543,0.10903126256240982,0.44437118985736584,0.11425537448592342,0.11304948405517748,0.0,0.9999999987499999,0.6122434743272308,0.2852630924766714,0.2950633446186106,0.3779129639688691,sad,04,20,20,female,normal,2358
80,2.6693333333333333,True,1.0,0.533473532971302,0.527089404646191,0.5302814688087465,0.6218160276535082,-0.06949074074074074,-0.06458333333333349,0.32628688266548483,0.44091733225141727,0.1545664570475036,0.8527947901404576,0.006384128325110927,0.004907407407407249,0.10395435433874436,0.38718334386008446,0.11594009576925145,0.11268186285857631,0.0,0.9999999987499999,0.6072998230542217,0.28379366694111824,0.29208561014853013,0.37207663977495964,sad,04,20,20,female,normal,2358
90,3.003,True,1.0,0.5914445945825119,0.6265574653818605,0.6090010299821862,0.510714315797242,-0.06837962962962962,-0.0633333333333333,0.33336034326535524,0.4008299500232347,0.15688153621841547,1.1924494989562127,0.03511287079934866,0.0050462962962963265,0.0925385413249573,0.48347494279184,0.11679584697989816,0.11007723959814181,0.0,0.9999999987499999,0.6101206514090011,0.28674915461344763,0.29573204092082633,0.3783676842837771,sad,04,20,20,female,normal,2358
100,3.336666666666667,True,1.0,0.613580123585271,0.6077800108579667,0.6106800672216188,0.5069528250844889,-0.06569444444444444,-0.061574074074074225,0.3335986732468999,0.3833678954276677,0.15557088625006416,1.204609259490452,0.005800112727304296,0.004120370370370219,0.08392888061660507,0.48792951600998274,0.11822797497971163,0.11045160888228982,0.0,0.7235629896041966,0.5991226726393684,0.2861273492440719,0.3043797869422037,0.38069564982558823,sad,04,20,20,female,normal,2358
0,0.0,True,1.0,0.15589204149472854,0.17510789966823723,0.16549997058148289,0.34297369190676985,-0.07981481481481467,-0.07287037037037036,0.3783875241050191,0.13443764876670716,0.163672467744367,0.48254421399315534,0.019215858173508682,0.006944444444444309,0.08055351490720151,0.6377288259825294,0.11493725599893265,0.11269477149582721,0.0,0.9999999987499999,0.6018699083227039,0.2834856663079757,0.2964775222566283,0.3831327203031099,sad,04,20,20,female,normal,2359
10,0.33366666666666667,True,1.0,0.13754146340149656,0.14637884279486824,0.14196015309818238,0.32558752684294534,-0.07874999999999999,-0.07231481481481483,0.3802118953184007,0.13197945521296636,0.16304184003366282,0.4360122590527251,0.008837379393371675,0.006435185185185155,0.10004504189560187,0.6702656845214932,0.11733498045211485,0.11054137052146341,0.0,0.9999999987499999,0.6018263839910964,0.2833986321434934,0.3030794631008272,0.3859529078011025,sad,04,20,20,female,normal,2359
20,0.6673333333333333,True,1.0,0.19775255278660187,0.22146269998055915,0.2096076263835805,0.38550561873254774,-0.07999999999999996,-0.07194444444444437,0.38210568078654017,0.17660672413012227,0.16500000822022284,0.5437213264821439,0.02371014719395728,0.008055555555555594,0.0719711294827237,0.6176941127331016,0.11506854035773681,0.11068320530313884,0.0,0.9999999987499999,0.6029544953371974,0.28628634832717437,0.2933668678111011,0.3850144840285203,sad,04,20,20,female,normal,2359
30,1.0010000000000001,True,1.0,0.44784873296806044,0.5089651768719391,0.47840695491999974,0.5567884683493001,-0.0668981481481481,-0.059074074074074,0.37438534728123446,0.19886183078396108,0.16849126599315772,0.8592256882372645,0.06111644390387866,0.007824074074074094,0.07699373649200283,0.4424327477997288,0.11472456782670541,0.11324824842374367,0.0,0.9999999987499999,0.5981250388514782,0.2841054497463131,0.3127552694176681,0.39433093102102673,sad,04,20,20,female,normal,2359
40,1.3346666666666667,True,1.0,0.4987864052212096,0.5417312617939283,0.520258833507569,0.6229300003813572,-0.06759259259259259,-0.0628240740740742,0.3604300617198797,0.24255681430778575,0.1713795435394593,0.835180250090808,0.04294485657271868,0.004768518518518394,0.08952769198817682,0.4189024257056488,0.11583373894346781,0.11194343754358857,0.0,0.9999999987499999,0.5962858748030462,0.2827597353754055,0.3311540708623786,0.40574087010943355,sad,04,20,20,female,normal,2359
50,1.6683333333333334,True,1.0,0.1910925444036303,0.210387804296434,0.20074017435003216,0.7802756779391256,-0.08212962962962966,-0.07995370370370358,0.351161379698875,0.3199298273074666,0.1729652973035375,0.2572682707222526,0.0192952598928037,0.002175925925926081,0.10523041551632639,0.3368906778204314,0.11606381770854576,0.11187529867262581,0.0,0.9999999987499999,0.6011532027420342,0.281827131950244,0.32676830809591995,0.4013628918029743,sad,04,20,20,female,normal,2359
60,2.0020000000000002,True,1.0,0.14915121510973112,0.16937042265049904,0.15926081888011506,0.6371489451567824,-0.08939814814814823,-0.08662037037037029,0.3712039482840818,0.2791076193029615,0.1744634945369561,0.2499585380949284,0.02021920754076792,0.0027777777777779344,0.10859443016665221,0.3756742348584435,0.11151904499356285,0.11492371082356133,0.0,0.9999999987499999,0.6140856555903611,0.2798010685563826,0.307442719893899,0.39536480836177706,sad,04,20,20,female,normal,2359
70,2.3356666666666666,True,1.0,0.5268551759768709,0.5564564928361734,0.5416558344065221,0.7916153336073627,-0.07777777777777778,-0.07819444444444446,0.34055783941866213,0.4191319703125917,0.17109038080142835,0.6842412108646454,0.02960131685930245,0.0004166666666666763,0.029826664206305305,0.30293632154267547,0.11860443175882526,0.11278326072746178,0.0,0.9999999987499999,0.5832525420089911,0.28973173632872345,0.3338399943339544,0.38736544458471556,sad,04,20,20,female,normal,2359
80,2.6693333333333333,True,1.0,0.49821114992933757,0.5186563484507652,0.5084337491900515,0.5738720363193855,-0.07481481481481478,-0.07726851851851851,0.3883942958639569,0.2869360181596928,0.16875406896136047,0.8859705945091307,0.020445198521427677,0.0024537037037037357,0.005267955524735097,0.42530487804878153,0.12003793717435776,0.11244863896408719,0.0,0.9999999987499999,0.5843384417126226,0.2877614807648455,0.3390048190721358,0.3918789080814081,sad,04,20,20,female,normal,2359
90,3.003,True,1.0,0.5915726140793323,0.5479076927335401,0.5697401534064361,0.6760506756115218,-0.07203703703703701,-0.0754629629629629,0.3617931302116453,0.3680720344996062,0.17085521526842076,0.842747702146851,0.04366492134579214,0.003425925925925888,0.0017816846050990457,0.36249999999999893,0.1039885621465718,0.1165028127500204,0.0,0.9999999987499999,0.64587998427496,0.30405578503417474,0.30836615658696914,0.45428590271377356,sad,04,20,20,female,normal,2359
100,3.336666666666667,True,1.0,0.6022262389757816,0.5878151901948838,0.5950207145853328,0.7088006617550591,-0.07064814814814807,-0.0756944444444444,0.3364392658438488,0.39467309574997594,0.16948091152760256,0.8394753937051975,0.014411048780897828,0.0050462962962963265,0.008209574019429802,0.33238636363636287,0.10504601798045161,0.11538525293573361,0.0,0.9999999987499999,0.646323819676308,0.30419772894227565,0.30453369875885383,0.4500491548978638,sad,04,20,20,female,normal,2359
0,0.0,True,1.0,0.3899581974062031,0.38576600207008016,0.3878620997381416,0.5476467956654825,-0.07574074074074072,-0.07328703703703698,0.3288003521621941,0.3720467714927121,0.16192621871902638,0.7082340347976003,0.004192195336122917,0.0024537037037037357,0.0406525776442069,0.43415152709164945,0.11014959394387389,0.11375176678308803,0.0,0.9999999987499999,0.6140707681979042,0.29020559820126884,0.2804354409254626,0.3916322108795096,sad,04,20,20,female,normal,2360
10,0.33366666666666667,True,1.0,0.42892184421284096,0.40003815220265043,0.4144799982077457,0.5895792105882034,-0.07527777777777783,-0.07296296296296295,0.3330003502778238,0.3755313195141469,0.15991317465379434,0.7030098598528143,0.02888369201019053,0.0023148148148148806,0.04508274881726664,0.4048864062897115,0.11079368189696298,0.1139634910043901,0.0,0.9999999987499999,0.6122114922531513,0.28936821533719165,0.2789721744609406,0.38813819586971293,sad,04,20,20,female,normal,2360
20,0.6673333333333333,True,1.0,0.3755398275347451,0.3602092701586934,0.3678745488467192,0.4964085962834084,-0.07486111111111104,-0.07175925925925919,0.3300237244493598,0.32949425904653973,0.1606067934450297,0.7410720757073538,0.015330557376051657,0.0031018518518518556,0.044361172231434105,0.48521653577250573,0.11241878072064887,0.111680433297622,0.0,0.9999999987499999,0.6112722984740772,0.29003957818220266,0.27961874777184487,0.38612707989959866,sad,04,20,20,female,normal,2360
30,1.0010000000000001,True,1.0,0.34792047564391443,0.3207512884691192,0.3343358820565168,0.6826901635302037,-0.06828703703703709,-0.06504629629629632,0.3419130174396325,0.35645993021187944,0.15823065270717643,0.48973297099764795,0.027169187174795217,0.0032407407407407662,0.045146947533463475,0.37206936890843295,0.11510917799750423,0.11336260943401501,0.0,0.9999999987499999,0.599243627521321,0.2881237479631507,0.2928506990322798,0.3869766278484232,sad,04,20,20,female,normal,2360
40,1.3346666666666667,True,1.0,0.4978282095713876,0.50887208642868,0.5033501480000337,0.726459256515136,-0.06337962962962956,-0.06124999999999997,0.3438100397031184,0.39407891587954963,0.15586179228995853,0.692881456855036,0.011043876857292356,0.0021296296296295925,0.058096153279697124,0.3644447246075513,0.11486980478613795,0.11444060364655288,0.0,0.9999999987499999,0.5968292282616171,0.2889550846202058,0.3040412998371018,0.37402315005938197,sad,04,20,20,female,normal,2360
50,1.6683333333333334,True,1.0,0.22545426150240527,0.22416080984492945,0.22480753567366735,0.7161157567253676,-0.07898148148148143,-0.07712962962962966,0.35477707821401044,0.41659419815555265,0.15750539750604678,0.31392625223282394,0.0012934516574758248,0.0018518518518517713,0.0697021554204769,0.3565367047831902,0.10255119825114839,0.11630495537492348,0.0,0.9999999987499999,0.6662145103119372,0.30136234052697847,0.28036199211840646,0.4227738504627255,sad,04,20,20,female,normal,2360
60,2.0020000000000002,True,1.0,0.2543358125652103,0.27117735901853857,0.26275658579187444,0.7982535286244263,-0.08074074074074084,-0.07745370370370369,0.3400435026767435,0.4452224617267504,0.16688807721596016,0.32916432733427964,0.01684154645332825,0.0032870370370371438,0.06460000183635514,0.3462197721705128,0.09559855346492306,0.11665750411514608,0.0,0.9999999987499999,0.674224552117722,0.3079304030025426,0.2871871852295668,0.41520816827747253,sad,04,20,20,female,normal,2360
70,2.3356666666666666,True,1.0,0.6261010645231977,0.6128604565926556,0.6194807605579267,0.6884046999605938,-0.07217592592592603,-0.07069444444444434,0.3249159278894677,0.44675231265879206,0.1622580499437012,0.8998787495108436,0.013240607930542048,0.0014814814814816946,0.08540890775175222,0.36080265720170224,0.09704669997865006,0.11693130565406648,0.0,0.9999999987499999,0.6711921295549469,0.30723197627728976,0.28600725633974916,0.41594799873517224,sad,04,20,20,female,normal,2360
80,2.6693333333333333,True,1.0,0.609366789629711,0.6058957618915107,0.6076312757606108,0.8252939079937517,-0.06703703703703706,-0.06814814814814818,0.3186282034822505,0.48686985593950355,0.1621239871909906,0.7362604641511679,0.003471027738200294,0.0011111111111111183,0.05556318999672235,0.29741528149474694,0.11923202053740692,0.11023455442287632,0.0,0.9999999987499999,0.5980051330844838,0.28945635965527927,0.3135410554970813,0.3822797297271666,sad,04,20,20,female,normal,2360
90,3.003,True,1.0,0.6181007089446587,0.6723383787336283,0.6452195438391435,0.774353148197544,-0.06601851851851853,-0.0678240740740742,0.3263830569936957,0.4510164419631479,0.16292200312285174,0.8332368058953672,0.0542376697889696,0.0018055555555556713,0.0645989475273422,0.32735589470607007,0.11465664059063888,0.11281150278271465,0.0,0.9999999987499999,0.5996107348720738,0.2909055218709071,0.3005890430562259,0.38163640660586157,sad,04,20,20,female,normal,2360
100,3.336666666666667,True,1.0,0.6361777973932826,0.6711829878469125,0.6536803926200976,0.36364769458664775,-0.07722222222222219,-0.07680555555555552,0.39124211730294284,0.1791602199070609,0.17691794790091941,1.7975650673741383,0.03500519045362993,0.0004166666666666763,0.06866813908631154,0.6587051726594617,0.097144868432838,0.11635959313058483,0.0,0.9999999987499999,0.6703327190563726,0.3104387120699246,0.3039388854922175,0.43444528145781575,sad,04,20,20,female,normal,2360
0,0.0,True,1.0,0.6024084623934549,0.6345356269713321,0.6184720446823935,0.4312559776238016,-0.061342592592592615,-0.05499999999999999,0.35183648113345906,0.28351033806472153,0.15681343724809588,1.4341181960888818,0.03212716457787723,0.006342592592592622,0.05957797819038523,0.5492392898212412,0.11749213672825178,0.11002855150605903,0.0,0.9999999987499999,0.6063372923778888,0.28675207515517626,0.29777698160724386,0.396515014667643,sad,04,20,20,female,normal,2361
10,0.33366666666666667,True,1.0,0.19169837740154072,0.1767832298014695,0.1842408036015051,0.38758813401217085,-0.08046296296296296,-0.07356481481481475,0.37599816549224524,0.22844580335178177,0.1594307389462706,0.4753520230207039,0.014915147600071232,0.006898148148148209,0.06806462378221503,0.6109929148266922,0.11536217715539059,0.11259866924784094,0.0,0.9999999987499999,0.6025206578178147,0.28628279508970966,0.2865853777426046,0.3765251807036727,sad,04,20,20,female,normal,2361
20,0.6673333333333333,True,1.0,0.2347207746865958,0.22524469604138866,0.22998273536399222,0.2987024427984245,-0.07425925925925936,-0.06717592592592592,0.4052581668278914,0.1274936303750413,0.1598444580572156,0.769939251950454,0.009476078645207137,0.007083333333333441,0.08393342068870158,0.7424327810087288,0.11398597139682629,0.11162721573789763,0.0,0.9999999987499999,0.6116475221573003,0.28876202741083856,0.29891305597052087,0.3772539068402229,sad,04,20,20,female,normal,2361
30,1.0010000000000001,True,1.0,0.42365831545317345,0.43688507824467837,0.4302716968489259,0.7256961107023003,-0.06601851851851853,-0.058796296296296235,0.35166457917785066,0.3223824445379674,0.15997470820647106,0.5929089194546265,0.01322676279150492,0.0072222222222222965,0.0769001476378478,0.37887086037362927,0.11269748050600632,0.11208119877236619,0.0,0.9999999987499999,0.6123996068974464,0.28425043157837027,0.2932716099085345,0.3888360608708698,sad,04,20,20,female,normal,2361
40,1.3346666666666667,True,1.0,0.5686994786319837,0.564449501463306,0.5665744900476448,0.7152072500067168,-0.064537037037037,-0.06013888888888891,0.3423621360940636,0.354959610354668,0.15813370700177573,0.7921822521266723,0.004249977168677699,0.0043981481481480955,0.09317726315378397,0.36368563477304927,0.11319230584552747,0.1137794816575439,0.0,0.9999999987499999,0.6033788451396184,0.2885826869680072,0.29754276242454775,0.37461292445058403,sad,04,20,20,female,normal,2361
50,1.6683333333333334,True,1.0,0.48410237506891274,0.4992886878893034,0.49169553147910805,0.7507553278757546,-0.06847222222222221,-0.06277777777777782,0.33229371615678405,0.3975200551131714,0.15332063656144485,0.6549344549713014,0.01518631282039068,0.005694444444444391,0.06512910278381202,0.3273558947060683,0.11974184432948098,0.10933258678008177,0.0,0.9999999987499999,0.5985941713560424,0.28757677551841515,0.29913295048377586,0.37759987844369486,sad,04,20,20,female,normal,2361
60,2.0020000000000002,True,1.0,0.56154053672951,0.5332294961690396,0.5473850164492748,0.7075537307208143,-0.06888888888888889,-0.07180555555555557,0.31782899575303647,0.49183612989129716,0.1577085664964762,0.7736303162328478,0.028311040560470402,0.0029166666666666785,0.007387568621641725,0.34385391999028136,0.12025576868312089,0.11187557807277047,0.0,0.9999999987499999,0.5981516401716936,0.28559609771178684,0.3068757843877172,0.38400325789086176,sad,04,20,20,female,normal,2361
70,2.3356666666666666,True,1.0,0.6232644988899986,0.5857839071785742,0.6045242030342863,0.9593081111872251,-0.06944444444444442,-0.07657407407407402,0.3301521323454675,0.5786479621735963,0.15834104284958606,0.6301668838035116,0.03748059171142437,0.007129629629629597,0.03039990166482083,0.26680022172454476,0.1171067897937356,0.11198044316593696,0.0,0.9999999987499999,0.5907301748668218,0.28942548203798224,0.30106795311067136,0.3755999093344938,sad,04,20,20,female,normal,2361
80,2.6693333333333333,True,1.0,0.6368353912539975,0.6098003171043391,0.6233178541791683,0.8358529209132083,-0.06722222222222213,-0.07467592592592592,0.32620238301182836,0.5431669268617877,0.1583338151890968,0.7457267164875903,0.027035074149658334,0.007453703703703796,0.03198976073776339,0.28400832383302843,0.12173930909734262,0.11094841721084174,0.0,0.9999999987499999,0.5920293609396883,0.2853823732308984,0.3181791026187764,0.3925563067786066,sad,04,20,20,female,normal,2361
90,3.003,True,1.0,0.639188736488551,0.6200013345311123,0.6295950355098316,0.7784480250121734,-0.06620370370370365,-0.07217592592592598,0.32386516608704635,0.524567059839935,0.1590354536296491,0.808782366041697,0.019187401957438732,0.005972222222222323,0.025692347330073247,0.2934563213744285,0.12224813714611228,0.11055997274281203,0.0,0.9999999987499999,0.5929711197682198,0.28754038521928327,0.32096439254891623,0.3914144982278098,sad,04,20,20,female,normal,2361
100,3.336666666666667,True,1.0,0.646127200527434,0.5854281893016252,0.6157776949145296,0.7271671781665774,-0.06634259259259245,-0.0712962962962963,0.32417968916424983,0.49882782734396014,0.15906663296895077,0.8468172291096848,0.060699011225808785,0.004953703703703849,0.02494967482294914,0.3147867040720902,0.12183991817130886,0.1110096795276719,0.0,0.7033681973011503,0.5917958402423469,0.28664029563825233,0.31688032964001384,0.38952330916653594,sad,04,20,20,female,normal,2361
0,0.0,True,1.0,0.5010720439262839,0.5309043439631792,0.5159881939447315,0.5887425645698833,-0.08009259259259255,-0.08388888888888896,0.3704433947095497,0.3453403489414115,0.16598371379942167,0.8764241367900691,0.0298323000368953,0.0037962962962964086,0.036861953531334125,0.40019659512083555,0.11565156006152205,0.11247094219043616,0.0,0.9999999987499999,0.6154627063325331,0.28263594829049454,0.3185588784492408,0.3853760337053221,sad,04,20,20,female,strong,2362
10,0.33366666666666667,True,1.0,0.5142980935042913,0.49701250993315266,0.505655301718722,0.6167549288505041,-0.07787037037037037,-0.08185185185185179,0.34921870189679227,0.32264987954437835,0.16990488442974924,0.8198642249380196,0.017285583571138685,0.003981481481481419,0.044330152399368335,0.3856537003333274,0.11473136836181778,0.11524258205454031,0.0,0.9999999987499999,0.6015067068311699,0.2868267537353986,0.32442942843815087,0.3818278176255106,sad,04,20,20,female,strong,2362
20,0.6673333333333333,True,1.0,0.5077252129809164,0.5286410452137528,0.5181831290973347,0.7719486899078924,-0.07708333333333328,-0.08069444444444435,0.3464135759068487,0.39320419433446047,0.16949891706985046,0.6712662847567801,0.02091583223283633,0.003611111111111065,0.03520436278561297,0.3041834628784118,0.10822116130654877,0.11591714986506318,0.0,0.9999999987499999,0.6149226560780562,0.28643702666906756,0.30598064724417834,0.4078034765968957,sad,04,20,20,female,strong,2362
30,1.0010000000000001,True,1.0,0.4963368973646746,0.516609746693304,0.5064733220289893,0.7240484597724471,-0.08212962962962966,-0.08351851851851849,0.4013879211022339,0.3077904433540087,0.16758160415573115,0.6995019672967234,0.020272849328629328,0.0013888888888888284,0.04832917402576345,0.325294164268722,0.10164676001002211,0.1182296693728602,0.0,0.9999999987499999,0.6477782299482293,0.30254771649380513,0.30168028075168585,0.431777088448789,sad,04,20,20,female,strong,2362
40,1.3346666666666667,True,1.0,0.3728637376628427,0.4552650267238314,0.4140643821933371,0.4797062147714109,-0.08435185185185184,-0.08537037037037026,0.42197760461358125,0.14570794591922148,0.17097797008486298,0.863162430344261,0.0824012890609887,0.0010185185185184187,0.08909634168602386,0.4267905150190869,0.09598559453345644,0.1181269053008247,0.0,0.9999999987499999,0.6601623783106992,0.30710837166654475,0.3122926311594069,0.43699290532536245,sad,04,20,20,female,strong,2362
50,1.6683333333333334,True,1.0,0.4046514232753601,0.4346477571829406,0.4196495902291503,0.6391933633765688,-0.08370370370370372,-0.0857870370370371,0.39073026128655647,0.3113728239743097,0.1762255883084452,0.6565299552115681,0.029996333907580497,0.0020833333333333814,0.07217333775392082,0.3848059979395357,0.1015551798181391,0.11927064885230276,0.0,0.9999999987499999,0.6417909316929897,0.3043360166775105,0.3030309034596526,0.4314015466396271,sad,04,20,20,female,strong,2362
60,2.0020000000000002,True,1.0,0.4062508657299848,0.5250300703220372,0.465640468026011,0.6272131388740794,-0.08449074074074064,-0.08962962962962967,0.41169146446584853,0.26969354606518314,0.17411837784334278,0.7423959084497016,0.11877920459205238,0.005138888888889026,0.07953674517282486,0.3716445319383265,0.09678748169457167,0.1148465077440037,0.0,0.9999999987499999,0.6627462582845638,0.3069775113016105,0.30407896348161656,0.4219377484290445,sad,04,20,20,female,strong,2362
70,2.3356666666666666,True,1.0,0.3881098336151074,0.43133622460461446,0.4097230291098609,0.4157658385502519,-0.08236111111111116,-0.08527777777777784,0.39714515639324616,0.22618340177517574,0.18548432384566,0.9854658346595722,0.043226390989507035,0.0029166666666666785,0.05699656436493223,0.551552583726299,0.10123615750684797,0.11954155193511816,0.0,0.9999999987499999,0.6420889052261529,0.3039967893254541,0.320275334483577,0.4520621973901476,sad,04,20,20,female,strong,2362
80,2.6693333333333333,True,1.0,0.38025311211575674,0.46649872823172095,0.4233759201737388,0.6458041480749137,-0.08305555555555555,-0.08796296296296302,0.4198756104601626,0.1711554490723061,0.1925359403531373,0.655579437567544,0.08624561611596421,0.004907407407407471,0.03714175477079592,0.3647258915571443,0.09582013300953754,0.11858292507414372,0.0,0.9999999987499999,0.6409322299701131,0.30931510538925355,0.31661612889625135,0.4414917625631051,sad,04,20,20,female,strong,2362
90,3.003,True,1.0,0.3546120231237412,0.4092341185318421,0.38192307082779164,0.417819762172082,-0.0761574074074074,-0.07787037037037037,0.414647926305408,0.09408827844663456,0.19589434936475353,0.91408570251039,0.054622095408100924,0.0017129629629629717,0.05543081327075507,0.5760343363745308,0.11487353073835041,0.11510087549877591,0.0,0.9999999987499999,0.5744507461969163,0.2800328436173735,0.35181741301425895,0.4245777649108818,sad,04,20,20,female,strong,2362
100,3.336666666666667,True,1.0,0.4221416663260968,0.47723805166077954,0.44968985899343816,0.4131786258435821,-0.07879629629629631,-0.07958333333333323,0.4152404201716999,0.14096700385744862,0.1879162047296613,1.0883667035663123,0.05509638533468275,0.0007870370370369195,0.06381269628993907,0.5719641427690182,0.10578333264427357,0.11926952483648677,0.0,0.9999999987499999,0.6003217342405712,0.28452596769657756,0.32587535681350915,0.40535401869276166,sad,04,20,20,female,strong,2362
110,3.6703333333333332,True,1.0,0.4067812066489122,0.5157540306644383,0.4612676186566752,0.4047258181699048,-0.07962962962962966,-0.07847222222222217,0.4166438115381949,0.1546198466099097,0.18777486363744883,1.1397039624070486,0.10897282401552605,0.0011574074074074958,0.07439518685918217,0.5982067110271616,0.10957528427194,0.11628801288128884,0.0,0.9999999987499999,0.6051505672112596,0.282416483445689,0.33050701573729296,0.4023695422457814,sad,04,20,20,female,strong,2362
0,0.0,True,1.0,0.5375470349832792,0.5571859100530234,0.5473664725181513,0.5751609918766605,-0.06861111111111118,-0.0742592592592593,0.3690769380515699,0.1842698221830264,0.1800480784398686,0.9516752357147518,0.019638875069744266,0.005648148148148124,0.017893846026910378,0.4392939958394619,0.11672358910777894,0.11221015847817692,0.0,0.9999999987499999,0.5851087040206708,0.28686270487884,0.345168178666417,0.4099771491307871,sad,04,20,20,female,strong,2363
10,0.33366666666666667,True,1.0,0.553022204704004,0.5865065763760668,0.5697643905400354,0.5707888539695901,-0.0677314814814815,-0.0735648148148148,0.37392842681716626,0.1681521979841146,0.18140189284711347,0.9982051796869718,0.03348437167206286,0.0058333333333333015,0.01935905357067684,0.4532600665938075,0.1143787991897192,0.11426634815419713,0.0,0.9999999987499999,0.5873762579094137,0.28773849500828874,0.33881129465970045,0.40262397374886666,sad,04,20,20,female,strong,2363
20,0.6673333333333333,True,1.0,0.541197525180861,0.5333596156243644,0.5372785704026126,0.5868333671107356,-0.07124999999999992,-0.07337962962962963,0.39255044140560685,0.20956455158694262,0.17523047393116473,0.9155555912709851,0.007837909556496547,0.0021296296296297035,0.018985912978185915,0.4212403817310915,0.1166381817242699,0.1131440242415779,0.0,0.9999999987499999,0.5909297888217787,0.2842693863877561,0.34397722916267864,0.41404253383668865,sad,04,20,20,female,strong,2363
30,1.0010000000000001,True,1.0,0.4846457810872112,0.49836499737084755,0.49150538922902937,0.6398249396182624,-0.0736574074074074,-0.07703703703703696,0.4286829472791455,0.19833318090714655,0.1724174732645335,0.7681872943594155,0.01371921628363637,0.003379629629629566,0.007849682227035049,0.38715278623708665,0.10181040406288876,0.11825000681849085,0.0,0.9999999987499999,0.642026662352441,0.3082322539537894,0.3228027221926726,0.4485713412176214,sad,04,20,20,female,strong,2363
40,1.3346666666666667,True,1.0,0.3919475454733833,0.3895016688772882,0.39072460717533575,0.32011083916857913,-0.07226851851851851,-0.07569444444444445,0.45955672788717056,0.05922839379049597,0.17727323036547302,1.220591618172509,0.0024458765960950757,0.0034259259259259434,0.013836313418872032,0.7230327703615601,0.10259016120460505,0.1180592781402254,0.0,0.9999999987499999,0.6390011315854467,0.30444174913022665,0.32222252090873416,0.45061696520743233,sad,04,20,20,female,strong,2363
50,1.6683333333333334,True,1.0,0.44441363434896825,0.4419880373334294,0.44320083584119885,0.9353782523942706,-0.07412037037037034,-0.07819444444444446,0.3789031474937453,0.3812894137535779,0.17307587307197592,0.4738199062323138,0.0024255970155388495,0.004074074074074119,0.009902461736532064,0.2721697405225978,0.1176858640681803,0.11357380236661949,0.0,0.9999999987499999,0.5858582430472189,0.2906841535634554,0.3488344635793545,0.3952516652278834,sad,04,20,20,female,strong,2363
60,2.0020000000000002,True,1.0,0.3863636336804052,0.3977205487663678,0.3920420912233865,0.6192504850658958,-0.07194444444444442,-0.07523148148148157,0.3996301591800039,0.2557009155956181,0.17729173551947344,0.6330912945214221,0.011356915085962593,0.0032870370370371438,0.014235494566437721,0.4246300621040018,0.10333544314094936,0.11740749772397895,0.0,0.9999999987499999,0.6391633181006778,0.30587960288363203,0.32439019746445064,0.45757514253155174,sad,04,20,20,female,strong,2363
70,2.3356666666666666,True,1.0,0.32182851431111476,0.3590768265275583,0.3404526704193365,0.500540075255345,-0.07305555555555554,-0.0765277777777777,0.43472939973912017,0.2375452399737427,0.16889642085184198,0.6801706541592265,0.037248312216443535,0.0034722222222221544,0.009902359448630568,0.48803648131647803,0.10331559576889188,0.11823342057022808,0.0,0.9999999987499999,0.6381095095225591,0.30416837409722336,0.3202534937796319,0.45447674741902555,sad,04,20,20,female,strong,2363
80,2.6693333333333333,True,1.0,0.36478212891324113,0.40211335517085356,0.38344774204204735,0.7079414833365192,-0.07495370370370369,-0.07884259259259263,0.3924667548031707,0.36776248302060993,0.1695326723072839,0.5416376226956825,0.037331226257612427,0.0038888888888889417,0.017253153102302164,0.37223466766665325,0.11649823895968449,0.11328811048360737,0.0,0.9999999987499999,0.5891366625009379,0.28787059318433655,0.34772125130775033,0.39647764974333816,sad,04,20,20,female,strong,2363
90,3.003,True,1.0,0.321830217021652,0.41395822300351265,0.3678942200125823,0.6573048295342797,-0.062453703703703733,-0.06342592592592589,0.42736343836217766,0.0991265384913591,0.1890842798456326,0.5597010754861583,0.09212800598186066,0.0009722222222221522,0.025633689079822518,0.3931958778195151,0.10808376657167701,0.11637316136508914,0.0,0.9999999987499999,0.6021087747833509,0.3093336090786844,0.3432052656877785,0.45565298452622993,sad,04,20,20,female,strong,2363
100,3.336666666666667,True,1.0,0.33420888371921026,0.39848222548032486,0.3663455545997676,0.5313566523299654,-0.06004629629629632,-0.059398148148148144,0.4393891119961991,0.024103384202072826,0.18621602556979983,0.6894532194023834,0.0642733417611146,0.0006481481481481755,0.025169101043331813,0.4978931419352453,0.10723215643472023,0.1171583454494257,0.0,0.9999999987499999,0.6054768449332858,0.30515325842968927,0.33638534402243603,0.4507198284120935,sad,04,20,20,female,strong,2363
110,3.6703333333333332,True,1.0,0.40117156125440223,0.436120274741178,0.4186459179977901,0.5877177458355051,-0.06138888888888894,-0.05949074074074073,0.45976541598962,0.09214059354904766,0.1834681159975041,0.7123247867947889,0.03494871348677575,0.0018981481481482043,0.029861730922183454,0.4261598849027419,0.11002860923476175,0.11519954089594832,0.0,0.9999999987499999,0.5979106125809699,0.3049833218288997,0.3414218293668067,0.45372703349676213,sad,04,20,20,female,strong,2363
120,4.0040000000000004,True,1.0,0.36586905565475575,0.4212515159264428,0.39356028579059926,0.539500981930735,-0.061203703703703816,-0.06120370370370365,0.4559911731152028,0.09750649818958855,0.18546644821245542,0.7294894707738035,0.05538246027168703,1.6653345369377348e-16,0.023987244073110384,0.4859164690829195,0.1105561882211824,0.11568570354212239,0.0,0.9999999987499999,0.5960369263330332,0.3048522591345695,0.34471108393656047,0.45332211237980974,sad,04,20,20,female,strong,2363
0,0.0,True,1.0,0.5464363605035474,0.5177404276356415,0.5320883940695944,0.7857279312861111,-0.0643055555555555,-0.06671296296296292,0.32848543769855226,0.3760386416735458,0.1683621666739559,0.6771916497847426,0.028695932867905838,0.0024074074074074137,8.751118495122148e-05,0.31397642313586194,0.11842283735930006,0.11024265764260273,0.0,0.9999999987499999,0.5890347113767382,0.2863543264978626,0.2991532894359382,0.39200581788680633,sad,04,20,20,female,strong,2364
10,0.33366666666666667,True,1.0,0.5153193056355478,0.4791818689476957,0.49725058729162175,0.75098322206283,-0.06624999999999992,-0.06796296296296295,0.327311710696524,0.3504314605741451,0.16762348325143964,0.662132751682194,0.03613743668785213,0.0017129629629630272,0.0034649056865433624,0.32799923585322716,0.11875291252147757,0.11023323289838227,0.0,0.9999999987499999,0.5892104612704456,0.28571004547118156,0.29976827615715385,0.3888731590971068,sad,04,20,20,female,strong,2364
20,0.6673333333333333,True,1.0,0.5157540306644377,0.495235992075956,0.5054950113701968,0.6842400952018306,-0.06486111111111109,-0.06717592592592592,0.3265527239708782,0.33374424816585235,0.1648728026169014,0.7387684745675284,0.020518038588481724,0.002314814814814825,0.006133047542194365,0.35750655495483247,0.11899127922262981,0.11049437623236077,0.0,0.9999999987499999,0.5967050509656987,0.28661565652155097,0.29966292894322,0.38783521839036694,sad,04,20,20,female,strong,2364
30,1.0010000000000001,True,1.0,0.5861567956144053,0.5780182703583022,0.5820875329863537,0.6910760620399514,-0.06171296296296297,-0.06467592592592597,0.33932345716590306,0.3292130806838346,0.1634415665969691,0.8422915579916339,0.008138525256103035,0.0029629629629630005,0.008125396659908895,0.34301778973715774,0.11873294369435457,0.11042740555141688,0.0,0.9999999987499999,0.598771696686487,0.28418357147387896,0.30130251625196297,0.3977790577244012,sad,04,20,20,female,strong,2364
40,1.3346666666666667,True,1.0,0.505666365334424,0.47975530276820627,0.4927108340513151,0.6078490462985298,-0.0714351851851851,-0.07231481481481472,0.3490107911672566,0.30313729309180304,0.16194429648036168,0.8105809115793736,0.025911062566217724,0.0008796296296296191,0.016870710964645652,0.3677357723817774,0.11731660284618868,0.11210103683249942,0.0,0.9999999987499999,0.5907901658632203,0.28619162045002566,0.2895174298239746,0.38081909577309014,sad,04,20,20,female,strong,2364
50,1.6683333333333334,True,1.0,0.4750992722573113,0.5039452436240986,0.489522257940705,0.6054616584676571,-0.0772222222222223,-0.07657407407407407,0.3910655842550357,0.26754369458655164,0.16263562924645583,0.8085107472859977,0.02884597136678735,0.000648148148148231,0.053482048444829185,0.3744591900262911,0.10471205053685781,0.11618141332983384,0.0,0.9999999987499999,0.6538955379808173,0.30103700316668836,0.297292275696926,0.4379075201420397,sad,04,20,20,female,strong,2364
60,2.0020000000000002,True,1.0,0.5168477832221835,0.5175581109836138,0.5172029471028987,0.6413580395121553,-0.08120370370370372,-0.0815277777777777,0.3843760030148039,0.31915550601550075,0.1696428926093046,0.8064184359430587,0.0007103277614303183,0.0003240740740739767,0.058406126337608145,0.3874965788180191,0.10030354764699151,0.12000805247937356,0.0,0.9999999987499999,0.6499627592521383,0.3029425661009406,0.29806874472490635,0.4404369333249045,sad,04,20,20,female,strong,2364
70,2.3356666666666666,True,1.0,0.3798998665107014,0.42466053735175313,0.40228020193122727,0.5841414735163806,-0.08606481481481487,-0.08513888888888888,0.41698370928463335,0.23620367998882272,0.17224392771241928,0.6886691326839105,0.04476067084105173,0.0009259259259259967,0.09470590431351601,0.36683872657726174,0.09771167566007452,0.116376203146272,0.0,0.9999999987499999,0.665103962921106,0.3053348143884046,0.31736553802257284,0.4426499395549048,sad,04,20,20,female,strong,2364
80,2.6693333333333333,True,1.0,0.49880388179169666,0.5518653331225933,0.525334607457145,0.6091721479285179,-0.0841203703703704,-0.0825925925925926,0.4168129232587259,0.21502621282195702,0.18692354984541237,0.8623746329236138,0.05306145133089668,0.0015277777777777946,0.05717281910078258,0.387895873346458,0.10406720555160706,0.11854068703571234,0.0,0.9999999987499999,0.6351714484153037,0.30335245230913954,0.32352187730466003,0.4491655544281552,sad,04,20,20,female,strong,2364
90,3.003,True,1.0,0.44943509382674507,0.4809497178576402,0.4651924058421926,0.4647083871853212,-0.07694444444444443,-0.07694444444444437,0.4092690700535577,0.09652013933150608,0.1970875550417482,1.0010415535209145,0.03151462403089511,5.551115123125783e-17,0.02495232754332325,0.5402457891420356,0.10614176063999115,0.11895066064598155,0.0,0.9999999987499999,0.600314668242297,0.3068230365848643,0.32068649669084376,0.44384690502893076,sad,04,20,20,female,strong,2364
100,3.336666666666667,True,1.0,0.39035269426060515,0.3851851851851862,0.38776893972289567,0.41063576216164804,-0.08259259259259255,-0.08175925925925925,0.4177434255449729,0.14754943310251345,0.18825281292985524,0.9443136118530495,0.005167509075418963,0.0008333333333332971,0.008131137783545534,0.5833452958563486,0.10305526580681074,0.11878162380301502,0.0,0.9999999987499999,0.6306783581401311,0.30913221665739055,0.32363413894018533,0.45188140873529153,sad,04,20,20,female,strong,2364
110,3.6703333333333332,True,1.0,0.42059519290435965,0.38385192099188087,0.4022235569481203,0.4297102447030679,-0.07999999999999996,-0.08412037037037035,0.3817484512302592,0.20769328493981618,0.182227688012168,0.9360343671258267,0.03674327191247878,0.004120370370370385,0.040283334910058304,0.562499999999999,0.10551890504653383,0.11594311903672745,0.0,0.9999999987499999,0.6395215372320803,0.3123372110086074,0.3202939700990227,0.43624981460008344,sad,04,20,20,female,strong,2364
0,0.0,True,1.0,0.5464294646340299,0.5390612736692464,0.5427453691516382,0.5050188825734675,-0.06601851851851848,-0.06962962962962965,0.35855129030276517,0.23689630764600178,0.17550325239596706,1.074703120774266,0.007368190964783472,0.003611111111111176,0.025223581542036074,0.5019522693989356,0.1155645657346369,0.11507122377697629,0.0,0.9999999987499999,0.5891431983496523,0.281216510300077,0.3265225125206198,0.42221402963481663,sad,04,20,20,female,strong,2365
10,0.33366666666666667,True,1.0,0.5170207427457055,0.5245030339089043,0.5207618883273049,0.5308238534281233,-0.06685185185185188,-0.06986111111111115,0.36202940443246845,0.24238077525187626,0.17449847551568037,0.9810446251881163,0.007482291163198762,0.003009259259259267,0.020467381667684786,0.4575590194630354,0.11651526153308138,0.1137740802204823,0.0,0.9999999987499999,0.5918543869891707,0.28023312138196804,0.325362510635641,0.4109199376087772,sad,04,20,20,female,strong,2365
20,0.6673333333333333,True,1.0,0.5218800576259885,0.5029591967756372,0.5124196272008128,0.5455017015049684,-0.07481481481481494,-0.07703703703703713,0.36902422127306267,0.2727193368308797,0.17747066249385265,0.9393547733895488,0.018920860850351384,0.002222222222222181,0.02113069561545337,0.4592200491386782,0.10488993028951561,0.1170019681037081,0.0,0.9999999987499999,0.6305304441776711,0.30766877113427604,0.3069388477757828,0.4326085824949792,sad,04,20,20,female,strong,2365
30,1.0010000000000001,True,1.0,0.5001959512365952,0.4938898355168389,0.49704289337671703,0.5932607023407024,-0.07518518518518524,-0.07745370370370369,0.394526118951265,0.23422449860263012,0.17328259391107675,0.8378153001128185,0.006306115719756311,0.0022685185185184475,0.03030743771987389,0.4027651767823509,0.1089097379023031,0.115765220254751,0.0,0.9999999987499999,0.5989872207476741,0.29262644186048936,0.31073451143378233,0.369295603893455,sad,04,20,20,female,strong,2365
40,1.3346666666666667,True,1.0,0.4047787888914697,0.4049839822051842,0.404881385548327,0.8829678312225323,-0.08509259259259272,-0.08828703703703694,0.3903707781552319,0.41191752702145684,0.16391169789821344,0.45854602085303564,0.00020519331371454674,0.003194444444444222,0.042545772155108366,0.2966243849531787,0.09725862588019049,0.11853647258820732,0.0,0.9999999987499999,0.6642506047887905,0.30516785032656973,0.30452924175322077,0.43230457629162283,sad,04,20,20,female,strong,2365
50,1.6683333333333334,True,1.0,0.3508725351248073,0.3546120231237424,0.35274227912427486,0.5186650664321976,-0.0813888888888889,-0.08134259259259252,0.4202126024364765,0.2707372578991568,0.16198433607365376,0.680096466782937,0.003739487998935087,4.629629629637755e-05,0.059671830705376516,0.4477178751718303,0.11682257932909705,0.11379385024741108,0.0,0.9999999987499999,0.5906115891591012,0.28543657781278975,0.33186677399403064,0.3889475394287401,sad,04,20,20,female,strong,2365
60,2.0020000000000002,True,1.0,0.3162626025872856,0.38308110116873345,0.34967185187800953,0.5962092286167069,-0.08250000000000002,-0.0829629629629629,0.4605181045549263,0.2553379353190121,0.16597635928167104,0.5864918473155802,0.06681849858144784,0.0004629629629628873,0.04997191918406376,0.3885916039740167,0.09339755489771001,0.11794338297296844,0.0,0.9999999987499999,0.6669026360466062,0.3043020655723228,0.3126080342393336,0.44745448365911805,sad,04,20,20,female,strong,2365
70,2.3356666666666666,True,1.0,0.44125961559053134,0.4328467827340403,0.4370531991622858,0.43687021142915006,-0.07990740740740732,-0.08310185185185182,0.4435499958728981,0.27856797618117307,0.16125344022223817,1.0004188606326285,0.008412832856491026,0.0031944444444444997,0.023509436624495735,0.5521104813088764,0.10056632846241742,0.11818675236630738,0.0,0.9999999987499999,0.6458703171424819,0.30915687216123877,0.31233925792770756,0.44280274189810753,sad,04,20,20,female,strong,2365
80,2.6693333333333333,True,1.0,0.47595070252160365,0.456367853477588,0.46615927799959583,0.6041509580113035,-0.08143518518518522,-0.08689814814814811,0.38974441709770646,0.39129307855755613,0.16808891140508248,0.7715940392349326,0.019582849044015638,0.005462962962962892,0.011322406570087437,0.3714042558854426,0.11680961623561832,0.11480719766136212,0.0,0.9999999987499999,0.5765064155271483,0.28640198383914306,0.3371026895537486,0.39900686667658236,sad,04,20,20,female,strong,2365
90,3.003,True,1.0,0.5105920206153465,0.5325292984654564,0.5215606595404014,0.5350528066681935,-0.07199074074074069,-0.07555555555555554,0.4460787878913209,0.11889133568124265,0.1974449177954996,0.9747835223745325,0.021937277850109904,0.003564814814814854,0.011133622759407175,0.46459426644994256,0.10574267621659683,0.12010137045096651,0.0,0.9999999987499999,0.5939555737216762,0.306472013062123,0.32980628674416895,0.44751289884892437,sad,04,20,20,female,strong,2365
100,3.336666666666667,True,1.0,0.43178077998621756,0.4414733854153764,0.436627082700797,0.47928480432115206,-0.07273148148148145,-0.07504629629629633,0.44962204387120425,0.09584748422551254,0.19514045277274678,0.910997133153899,0.00969260542915884,0.0023148148148148806,0.005640245097570174,0.5208612557331942,0.11570273116191646,0.11706743661246725,0.0,0.7773873041542799,0.5623514747148859,0.2742298812409656,0.3556356271176955,0.4257415545104539,sad,04,20,20,female,strong,2365
110,3.6703333333333332,True,1.0,0.4659653941026163,0.4509323325320367,0.4584488633173265,0.517544217901022,-0.07606481481481486,-0.0790277777777777,0.4240170832349135,0.15524791568825214,0.18480315638343014,0.8858158345902006,0.015033061570579598,0.002962962962962834,0.009704150582072852,0.5061999509654012,0.11781329059718608,0.11394433547518433,0.0,0.9999999987499999,0.5702114308223291,0.28125763150192096,0.35061399615496847,0.4140688107771656,sad,04,20,20,female,strong,2365
0,0.0,True,1.0,0.6745285573378969,0.6976002312461177,0.6860643942920073,0.735752040306823,-0.06324074074074082,-0.0589351851851852,0.31671252964522484,0.48500100715437694,0.1551215095617256,0.9324668593591735,0.023071673908220847,0.004305555555555618,0.0573883429233914,0.3574916140451577,0.11705767216585099,0.11100674560202281,0.0,0.9999999987499999,0.6123468702012056,0.2813852785242787,0.2999098777871882,0.3939571664979217,angry,05,20,20,female,normal,2366
10,0.33366666666666667,True,1.0,0.686533673249571,0.7200523438317626,0.7032930085406668,0.7617343052569587,-0.06472222222222218,-0.06069444444444444,0.31919418456666393,0.4805954552222251,0.1565080876317279,0.9232786336220242,0.0335186705821916,0.004027777777777741,0.05815881211372066,0.3236594671083658,0.11720819922813726,0.11101953955598079,0.0,0.9999999987499999,0.610571982003739,0.28089344431919244,0.2999919617245441,0.38989405829949925,angry,05,20,20,female,normal,2366
20,0.6673333333333333,True,1.0,0.6799686874746277,0.668493453500715,0.6742310704876713,0.7517656760611916,-0.06365740740740738,-0.05949074074074068,0.31671252964522517,0.4679834279559775,0.15648614967166424,0.8968633338253006,0.011475233973912702,0.004166666666666707,0.05710872622245816,0.31872922411381155,0.11808150342995063,0.11009022970973015,0.0,0.9999999987499999,0.6118017473942701,0.2812923568430039,0.3025637444711487,0.39313926889619744,angry,05,20,20,female,normal,2366
30,1.0010000000000001,True,1.0,0.40619292362339476,0.42624264284808994,0.4162177832357423,0.9370435906760427,-0.09370370370370373,-0.09453703703703698,0.3529595190629435,0.5728621786192818,0.172348233408841,0.4441818794528613,0.020049719224695173,0.0008333333333332416,0.039972449813448226,0.2638041847634584,0.08820012598750432,0.11462898841122003,0.0,0.9999999987499999,0.6868755036311399,0.3017384399531925,0.2543993039865713,0.3932675800920917,angry,05,20,20,female,normal,2366
40,1.3346666666666667,True,1.0,0.356336886830348,0.35921611468084497,0.35777650075559647,1.1393757954725585,-0.07726851851851857,-0.07365740740740734,0.3159547318849991,0.69164088388486,0.14336241697288946,0.3140109717770579,0.0028792278504969904,0.0036111111111112315,0.0924311514234184,0.22756532669906554,0.09084635335646811,0.11488891397997181,0.0,0.9999999987499999,0.6929932538093363,0.29755617647570565,0.25657662325884434,0.4018618553567702,angry,05,20,20,female,normal,2366
50,1.6683333333333334,True,1.0,0.5165346102027223,0.5228058676501899,0.519670238926456,0.6467749784535096,-0.07171296296296298,-0.06495370370370379,0.33367284323361784,0.47126184211141636,0.1366838855458142,0.8034791948337718,0.006271257447467593,0.006759259259259187,0.10536451416103286,0.3865056196480746,0.11854524887508928,0.109937855146076,0.0,0.7715498728658119,0.6115660375478317,0.2815771294496723,0.300626040289164,0.3720995836336681,angry,05,20,20,female,normal,2366
60,2.0020000000000002,True,1.0,0.5609937300025671,0.58384118309971,0.5724174565511386,0.7575790918184923,-0.0712962962962963,-0.06513888888888902,0.31985559225753724,0.5335573632596622,0.13890809329034298,0.7555877171545327,0.022847453097142867,0.006157407407407278,0.10663216357722957,0.3608851717090137,0.11655483343961255,0.1115345999400373,0.0,0.9999999987499999,0.609320527804872,0.2820065983127092,0.30335128027060376,0.38048776068677864,angry,05,20,20,female,normal,2366
70,2.3356666666666666,True,1.0,0.5781562386347876,0.5784526633036394,0.5783044509692135,0.7941740771343433,-0.06912037037037039,-0.060185185185185175,0.31849618122149254,0.5099272031873692,0.1450707835043379,0.7281834897657921,0.0002964246688518246,0.008935185185185213,0.1271462934051531,0.3196360085193342,0.1173974398791787,0.11099119418726551,0.0,0.7071067807446058,0.6012882075095662,0.2826910066560165,0.30594334650854627,0.3788028399635657,angry,05,20,20,female,normal,2366
80,2.6693333333333333,True,1.0,0.64174044887759,0.6826479685216948,0.6621942086996424,0.703724485032153,-0.06856481481481475,-0.06078703703703703,0.33444950765363496,0.4683680539175928,0.1484114052761761,0.9409850343197692,0.040907519644104884,0.007777777777777717,0.11445408797690607,0.3473517533349265,0.1049973234828724,0.11476745514131916,0.0,0.9999999987499999,0.6599735995804573,0.29792155771670475,0.28226802100856013,0.4273226560188402,angry,05,20,20,female,normal,2366
90,3.003,True,1.0,0.6115845089524105,0.5881812014079255,0.599882855180168,0.7018298559914804,-0.06555555555555553,-0.05782407407407403,0.32933485357309894,0.46796097203589293,0.14735096674326104,0.8547411456765528,0.02340330754448494,0.007731481481481506,0.11659186457974778,0.337868823526577,0.10168718260174348,0.11525694937646487,0.0,0.9999999987499999,0.6560447596616772,0.3030249883822644,0.28232187096455785,0.4298374541075549,angry,05,20,20,female,normal,2366
0,0.0,True,1.0,0.5922459950654956,0.5183863741741105,0.555316184619803,0.46816901014821943,-0.06282407407407398,-0.05879629629629629,0.33652000162700363,0.3748917709470455,0.16154793753919428,1.1861446883124394,0.07385962089138509,0.004027777777777686,0.03568571822689747,0.5448373946851637,0.11993788692927052,0.10859242722862573,0.0,0.9999999987499999,0.5931565733168267,0.28695201645273766,0.285270316702204,0.3698336668361836,angry,05,20,20,female,normal,2367
10,0.33366666666666667,True,1.0,0.5615180333338966,0.5099911423672706,0.5357545878505836,0.5240469912403514,-0.0618055555555555,-0.05861111111111106,0.33863547111371767,0.37763023155911785,0.15973319048239773,1.022340738151214,0.05152689096662599,0.003194444444444444,0.04246161171598018,0.48008352914002933,0.1205526099991725,0.11000785228932643,0.0,0.9999999987499999,0.5873364234990872,0.2881027743481747,0.28788623447753037,0.37192065470726815,angry,05,20,20,female,normal,2367
20,0.6673333333333333,True,1.0,0.18444794658044708,0.18049723205615814,0.18247258931830262,0.5105503925863113,-0.07722222222222225,-0.07324074074074066,0.32857307965793103,0.375776362403502,0.15994608500525082,0.35740368035747744,0.00395071452428894,0.003981481481481586,0.04262535697689592,0.5116753938802636,0.10356096934550041,0.11590094209692121,0.0,0.9999999987499999,0.6413780475627752,0.3049396254323527,0.2759741983142724,0.4082829187021147,angry,05,20,20,female,normal,2367
30,1.0010000000000001,True,1.0,0.2320332028010126,0.22176216071152416,0.2268976817562684,0.9881130629498931,-0.08222222222222225,-0.07874999999999988,0.29040239304460713,0.5484758006376786,0.1629800601300662,0.22962724637896453,0.010271042089488452,0.0034722222222223764,0.04915552423025998,0.28643593014122815,0.11562246743049262,0.1136801162910282,0.0,0.9999999987499999,0.6022017763589811,0.2806527007786795,0.27616054262135215,0.37967119860660575,angry,05,20,20,female,normal,2367
40,1.3346666666666667,True,1.0,0.14328561169141965,0.19797471914537804,0.17063016541839884,0.7707000307258928,-0.08694444444444444,-0.08648148148148138,0.39942584904788797,0.3922946233918206,0.1531551378520559,0.22139633919268026,0.054689107453958385,0.00046296296296305384,0.047840460961621784,0.29386536660857704,0.09612640291245102,0.11523518416132057,0.0,0.9999999987499999,0.6633327961497099,0.304617833572038,0.27264786570748606,0.4021107732060262,angry,05,20,20,female,normal,2367
50,1.6683333333333334,True,1.0,0.5581719684339119,0.5342515716258424,0.5462117700298772,1.7783532689653334,-0.07268518518518519,-0.06773148148148156,0.2606634584951194,1.0476902608806369,0.14284262339495388,0.30714469366801883,0.023920396808069566,0.004953703703703627,0.05805215557890282,0.1640637355852073,0.10141742805852981,0.11713237061729832,0.0,0.9999999987499999,0.6642635134991497,0.3045037448978846,0.28544425131991996,0.42923804704047397,angry,05,20,20,female,normal,2367
60,2.0020000000000002,True,1.0,0.5585199711895026,0.5950919506185237,0.5768059609040131,0.8281979275526016,-0.07351851851851848,-0.0724999999999999,0.3487111104250022,0.5151879494692322,0.14979581396902825,0.6964590730243989,0.03657197942902113,0.0010185185185185852,0.05938920709135542,0.30060603607318254,0.09590351832795456,0.1142594440102233,0.0,0.9999999987499999,0.6809291302692954,0.29508375275075815,0.2661904685580848,0.39703810632490877,angry,05,20,20,female,normal,2367
70,2.3356666666666666,True,1.0,0.6238216076988788,0.6204548779044397,0.6221382428016593,1.0261428764391713,-0.07018518518518518,-0.06495370370370374,0.29134735958589203,0.6652620834028322,0.15343382265337646,0.606288127205587,0.003366729794439194,0.005231481481481448,0.09181636133599454,0.25607375986579184,0.10721106626819074,0.11537528820645228,0.0,0.9999999987499999,0.6457942694187051,0.3010509932489455,0.2868163083311804,0.4164320319650708,angry,05,20,20,female,normal,2367
80,2.6693333333333333,True,1.0,0.6456549917852337,0.6188614891649724,0.632258240475103,1.0424680911183783,-0.0692592592592593,-0.06375000000000003,0.3152894479961589,0.6151627181789886,0.14841140527617608,0.6065012884920105,0.026793502620261256,0.005509259259259269,0.08973364365746946,0.23433974108466712,0.10299167354132689,0.11689709052909729,0.0,0.9999999987499999,0.6611484394226441,0.30325910486592883,0.28851909057533476,0.41718960389523224,angry,05,20,20,female,normal,2367
90,3.003,True,1.0,0.6456549917852333,0.6689506432691217,0.6573028175271776,0.8833879445149565,-0.06925925925925924,-0.06319444444444461,0.3185743487884258,0.5512497084980549,0.1490040813345067,0.7440703958079076,0.023295651483888347,0.006064814814814634,0.08120187905388732,0.29326846024821296,0.12320143311977864,0.10791934932259463,0.0,0.9999999987499999,0.5920110247614672,0.282448060933084,0.31633336799085743,0.37348818299292835,angry,05,20,20,female,normal,2367
100,3.336666666666667,True,1.0,0.6010514174720625,0.6321364332361378,0.6165939253541002,0.8221470567599419,-0.0677314814814815,-0.06236111111111109,0.32586048363213743,0.5265805225795439,0.1491499373220398,0.7499800921067323,0.031085015764075297,0.005370370370370414,0.08318457300800083,0.3022354895528339,0.12050052286883621,0.10867130141425649,0.0,0.9999999987499999,0.6106981664540816,0.28017539462351115,0.3021119685601688,0.3742037818735033,angry,05,20,20,female,normal,2367
110,3.6703333333333332,True,1.0,0.6315279455556261,0.6220649148694878,0.6267964302125569,0.7752806804144746,-0.06717592592592586,-0.06263888888888886,0.32552209166257023,0.5108617010100047,0.1483625605280523,0.8084767827278552,0.009463030686138296,0.004537037037037006,0.08663711626990399,0.3099848443126484,0.11965226458689046,0.10977826419369388,0.0,0.9999999987499999,0.6090117749677997,0.28053669908605205,0.3032455979766166,0.37917260789346924,angry,05,20,20,female,normal,2367
0,0.0,True,1.0,0.5970101472666394,0.5770060337882232,0.5870080905274313,0.5811013807222514,-0.06523148148148145,-0.06819444444444445,0.33562782672361574,0.43946626074959577,0.14809079296225677,1.0101646803830313,0.02000411347841613,0.0029629629629630005,0.0008478387957830025,0.3260896284089388,0.11380605339896889,0.11095539392311517,0.0,0.9999999987499999,0.6039857470644509,0.2884366028947231,0.28343121034182966,0.3598025779035233,angry,05,20,20,female,normal,2368
10,0.33366666666666667,True,1.0,0.5695483829670542,0.5383763729049991,0.5539623779360267,0.6096327487378377,-0.06245370370370368,-0.06587962962962962,0.3309023832100849,0.42253162278153417,0.1467532832688032,0.9086821190018597,0.031172010062055167,0.0034259259259259434,0.0010191476274219477,0.35301799304777337,0.11517009678518778,0.10936481193764658,0.0,0.9999999987499999,0.6053271902979942,0.2878388887413169,0.28779933327084983,0.3619989681147657,angry,05,20,20,female,normal,2368
20,0.6673333333333333,True,1.0,0.551829398764302,0.5099372694360815,0.5308833341001917,0.5755075582980415,-0.06291666666666668,-0.06379629629629624,0.35272254458507785,0.3909021294762749,0.14486869391473947,0.9224610979396731,0.041892129328220507,0.0008796296296295636,0.004197477157447775,0.38339958825161674,0.11531100457675769,0.10956456271292163,0.0,0.7071067807446058,0.6064991228991596,0.28969089873503123,0.29145713761438663,0.36410095312528123,angry,05,20,20,female,normal,2368
30,1.0010000000000001,True,1.0,0.17112081142978539,0.13764811356370565,0.15438446249674553,0.6493946308965689,-0.06986111111111121,-0.07111111111111107,0.3289956227044249,0.43345722191492275,0.14982362904025992,0.23773597001194613,0.03347269786607973,0.0012499999999998623,0.022791692018011015,0.3763780006534095,0.11109524003615612,0.11232067170147096,0.0,0.9999999987499999,0.59973215642507,0.29234197343809143,0.2605030270586527,0.3294170700003737,angry,05,20,20,female,normal,2368
40,1.3346666666666667,True,1.0,0.35674566911607297,0.3964431527911294,0.3765944109536012,1.388650673300296,-0.07037037037037042,-0.0703240740740741,0.33773287076184255,0.7788435209787269,0.14507078350433802,0.2711944898702127,0.03969748367505643,4.629629629632204e-05,0.047028512505732124,0.21127411610690053,0.10557390665698761,0.11423728345923581,0.0,0.9999999987499999,0.6351078852322178,0.2911854956334628,0.2904847433553268,0.3832172292702318,angry,05,20,20,female,normal,2368
50,1.6683333333333334,True,1.0,0.3341594075805943,0.3158451443872399,0.32500227598391707,0.8775729762851275,-0.06490740740740736,-0.062037037037037,0.36888902519450345,0.503521383395395,0.13719199949031738,0.37034216500112727,0.01831426319335444,0.0028703703703703565,0.055917738306832124,0.3197141264574363,0.11820690112232489,0.11387106502592347,0.0,0.9999999987499999,0.5922748486035039,0.2902266221169068,0.3244002750057294,0.3907555714439326,angry,05,20,20,female,normal,2368
60,2.0020000000000002,True,1.0,0.35617465916672775,0.32111983462268306,0.3386472468947054,0.5204399255447136,-0.07458333333333333,-0.07189814814814816,0.3648079779698854,0.46179424036422856,0.12384686603613519,0.6506942113256653,0.03505482454404468,0.0026851851851851793,0.089920741880101,0.484637629051984,0.1168784374107827,0.1139038638979056,0.0,0.9999999987499999,0.593049366301208,0.28913134292108744,0.2882163242029928,0.34962843659439624,angry,05,20,20,female,normal,2368
70,2.3356666666666666,True,1.0,0.391864379545925,0.3773682568457368,0.3846163181958309,0.6370023672710673,-0.07935185185185184,-0.07148148148148142,0.3434900811010696,0.39767058986786225,0.16875645224433156,0.6037910343152036,0.014496122700188185,0.007870370370370416,0.1125854574082402,0.39172245461619826,0.11435179473430211,0.11125243372489928,0.0,0.9999999987499999,0.6053271195509454,0.28813964410419163,0.28934109774105493,0.35577575889539104,angry,05,20,20,female,normal,2368
80,2.6693333333333333,True,1.0,0.39828038372610125,0.43282338306656565,0.4155518833963334,0.5370070758663892,-0.06773148148148156,-0.06828703703703698,0.3562114819190401,0.4516878773140328,0.13474260768055638,0.7738294373978145,0.0345429993404644,0.0005555555555554204,0.012066204289440371,0.4685941025075234,0.11679133547339997,0.11449347205563566,0.0,0.9999999987499999,0.6075148631171219,0.2856037173939423,0.303478343440771,0.37257740658383354,angry,05,20,20,female,normal,2368
90,3.003,True,1.0,0.47235591695615947,0.490421455938697,0.48138868644742827,0.4406777888848319,-0.06578703703703703,-0.06944444444444436,0.36080535586644646,0.3874196666374805,0.13683287922683213,1.092382458543278,0.018065538982537543,0.0036574074074073315,0.012460074230804991,0.5042155042008296,0.11997636698132202,0.11352575838578927,0.0,0.9999999987499999,0.6102965659388757,0.2793353978381526,0.3102778312361698,0.38619187946951616,angry,05,20,20,female,normal,2368
100,3.336666666666667,True,1.0,0.5596437932403184,0.5667836229948371,0.5632137081175778,0.461571179054564,-0.06217592592592597,-0.0671296296296297,0.321775521658366,0.418742243895292,0.14171028213783596,1.220209869409975,0.007139829754518656,0.004953703703703738,0.02984322128238461,0.5207203420458935,0.12078943639387274,0.11147022415695915,0.0,0.9999999987499999,0.6058251242059324,0.2837262977501882,0.3144226773400975,0.39342583995430247,angry,05,20,20,female,normal,2368
0,0.0,True,1.0,0.5573569201016835,0.5573577610129128,0.5573573405572981,0.7447458156897911,-0.06277777777777782,-0.0658333333333333,0.35132736700451445,0.4277101939837778,0.14862959163552023,0.7483859980348706,8.409112293161769e-07,0.003055555555555478,0.03141484025397985,0.3377006409919908,0.11671713797160621,0.11456910966135445,0.0,0.9999999987499999,0.6075423557938802,0.2848825499840565,0.30341820871223485,0.3873452043086557,angry,05,20,20,female,normal,2369
10,0.33366666666666667,True,1.0,0.4213680382980609,0.45094620779618344,0.4361571230471222,0.7459989827068619,-0.06217592592592591,-0.06611111111111118,0.380649947231901,0.42281534341867516,0.13903161747224713,0.5846618201334851,0.02957816949812253,0.003935185185185264,0.04815323651954769,0.3479584675887141,0.11022552066757155,0.11147816274131706,0.0,0.9999999987499999,0.6267223918161015,0.2848700893481377,0.2877007595383976,0.3901277682323135,angry,05,20,20,female,normal,2369
20,0.6673333333333333,True,1.0,0.5909292482211947,0.7036234182898967,0.6472763332555458,0.7133625169443409,-0.05935185185185182,-0.06351851851851842,0.41233301859385046,0.4034267311196323,0.13530829024374447,0.9073596073257779,0.11269417006870197,0.004166666666666596,0.02175992255485762,0.3414051377371064,0.10887991242261985,0.11160413618000109,0.0,0.9999999987499999,0.6240877716789841,0.2919326843927284,0.2978579664727355,0.38101158234765603,angry,05,20,20,female,normal,2369
30,1.0010000000000001,True,1.0,0.10660568740630706,0.10345775832083201,0.10503172286356954,0.5717290360080651,-0.07078703703703704,-0.07601851851851843,0.4439509991344484,0.33413964332343243,0.13081531700280136,0.1837089184711058,0.0031479290854750513,0.005231481481481393,0.03552574682295772,0.4705606350098668,0.10996284540544417,0.11509690593531172,0.0,0.9999999987499999,0.6157401485750551,0.2874809896633983,0.30029602701277947,0.38059120181604417,angry,05,20,20,female,normal,2369
40,1.3346666666666667,True,1.0,0.22379296351862532,0.23781385178175546,0.2308034076501904,0.9767539355757832,-0.08226851851851852,-0.08462962962962967,0.37214588424413203,0.5607751934312678,0.14025129985301416,0.23629636824973213,0.014020888263130138,0.002361111111111147,0.034392529937082285,0.295095737557597,0.09931963251281746,0.11697799018162036,0.0,0.9999999987499999,0.6755134763280314,0.3046421748568675,0.293642637885839,0.43078860187117607,angry,05,20,20,female,normal,2369
50,1.6683333333333334,True,1.0,0.16396974022207242,0.16406043735616094,0.1640150887891167,0.6775440029059036,-0.08032407407407405,-0.08347222222222228,0.41787844789301626,0.3579815854275041,0.1399812255865409,0.2420729695572184,9.069713408851876e-05,0.003148148148148233,0.028272420849470053,0.3801986142438281,0.12040211679839828,0.1118884671839189,0.0,0.9999999987499999,0.6076234974849315,0.2867881085013484,0.3246073581642904,0.3903131927024983,angry,05,20,20,female,normal,2369
60,2.0020000000000002,True,1.0,0.10473521880219663,0.11194093431378843,0.10833807655799253,0.7888964927802538,-0.07847222222222222,-0.08300925925925928,0.4437898068493301,0.46208343984072675,0.13194675733535696,0.13732863252590222,0.007205715511591798,0.004537037037037062,0.031175276307736515,0.3528260301301053,0.09746979641915832,0.11836289295090749,0.0,0.9999999987499999,0.6687739147924794,0.30778184613143444,0.2943535863271322,0.446064891688807,angry,05,20,20,female,normal,2369
70,2.3356666666666666,True,1.0,0.3853836181665098,0.4056477782530777,0.3955156982097937,0.5884008678783965,-0.06634259259259256,-0.06935185185185183,0.3931352655919255,0.47594050743656974,0.13848618512129385,0.6721874827205966,0.020264160086567895,0.003009259259259267,0.0169255043974383,0.41552546160899406,0.10100064079404149,0.1163513209484479,0.0,0.9999999987499999,0.6623203819105767,0.308900371899901,0.28222455130485885,0.4181950977781023,angry,05,20,20,female,normal,2369
80,2.6693333333333333,True,1.0,0.30456244753204037,0.3139438196044563,0.30925313356824835,1.0654151231955438,-0.06967592592592592,-0.07453703703703696,0.3345634691018571,0.7506333822514056,0.11750728775963301,0.29026538748642183,0.009381372072415906,0.004861111111111038,0.01236950848017555,0.24762306966515557,0.11957130308394619,0.11260683083022456,0.0,0.9999999987499999,0.6026906335737421,0.2871426647469231,0.3009474161787873,0.3615595904246336,angry,05,20,20,female,normal,2369
90,3.003,True,1.0,0.5707769168886603,0.5667177687583459,0.568747342823503,0.8963661206349895,-0.06324074074074076,-0.06847222222222227,0.34457531763566607,0.5421151989096856,0.14656994671362358,0.6345033906687594,0.004059148130314383,0.005231481481481504,0.03905881395768707,0.30046060865815605,0.11898370466762934,0.11255246378590186,0.0,0.9999999987499999,0.5986176073241797,0.28472549124359914,0.3127632551003364,0.392318421344804,angry,05,20,20,female,normal,2369
100,3.336666666666667,True,1.0,0.588463538347423,0.5965193941759044,0.5924914662616637,0.8762355027791421,-0.06004629629629621,-0.06532407407407409,0.33492305937539946,0.5590593675192592,0.15143927650406558,0.6761783383376593,0.00805585582848134,0.005277777777777881,0.03609565396947273,0.30673365755705734,0.10407450627859464,0.11461186742978907,0.0,0.9999999987499999,0.6609999450717786,0.2990620752322849,0.28668671748080043,0.4375232356406645,angry,05,20,20,female,normal,2369
110,3.6703333333333332,True,1.0,0.5762845530076774,0.5871236034188346,0.5817040782132561,0.8443237841196497,-0.06004629629629632,-0.06606481481481485,0.33870514667151497,0.5172797946184144,0.15418448130461648,0.6889585359955019,0.01083905041115718,0.006018518518518534,0.04026590314337197,0.32309751537573983,0.12004299350105976,0.1095249531804167,0.0,0.9999999987499999,0.5989910743906938,0.284424832872608,0.3141493232516829,0.40052738635586965,angry,05,20,20,female,normal,2369
0,0.0,True,1.0,0.7048973271138315,0.6857381912506725,0.6953177591822519,1.0162614611804943,-0.05689814814814809,-0.05819444444444438,0.3218041496998775,0.506659174945656,0.16881670407508056,0.6841918007739538,0.019159135863158983,0.0012962962962962954,0.01780937976229464,0.26120891331297563,0.10957335660229113,0.11228904508039067,0.0,0.9999999987499999,0.5928562654671243,0.3137599620586797,0.2960448574673859,0.41227353071634,angry,05,20,20,female,strong,2370
10,0.33366666666666667,True,1.0,0.6724207841292623,0.6681795101925239,0.6703001471608931,1.006989991519815,-0.058333333333333404,-0.05958333333333338,0.3328583736979373,0.4450362355180702,0.17100818373246654,0.6656472783301772,0.004241273936738454,0.0012499999999999734,0.023200942412711627,0.2844985996138386,0.10973993267863871,0.11195621175479059,0.0,0.9999999987499999,0.5918446264990371,0.3134538800713423,0.30118246230752516,0.4134627497779505,angry,05,20,20,female,strong,2370
20,0.6673333333333333,True,1.0,0.6645722178912365,0.6411603112035154,0.652866264547376,1.1262267103141324,-0.05773148148148155,-0.06124999999999997,0.33811258248470005,0.4977301305557766,0.1737387605808457,0.5796934654171676,0.023411906687721196,0.003518518518518421,0.019794528272923845,0.2586117118956464,0.10940567230705321,0.11228287955830764,0.0,0.9999999987499999,0.5849577835821828,0.31634131266448573,0.30711664898436025,0.414909308808933,angry,05,20,20,female,strong,2370
30,1.0010000000000001,True,1.0,0.7353208724071233,0.7311600338172967,0.73324045311221,0.850487031088188,-0.064074074074074,-0.07208333333333333,0.4161521686543328,0.3925152332814589,0.18810908096919415,0.8621418390989897,0.004160838589826632,0.008009259259259327,0.01442417255298796,0.3123385838855072,0.1108566881658188,0.11356717846315072,0.0,0.9999999987499999,0.5850410104979492,0.3106095017902917,0.32582225338434867,0.42253340991787564,angry,05,20,20,female,strong,2370
40,1.3346666666666667,True,1.0,0.6641419576766711,0.6680172176698583,0.6660795876732647,0.7417989289296579,-0.06828703703703703,-0.0751851851851853,0.39470892574610866,0.3110396647989423,0.1932205288138708,0.8979247093742118,0.0038752599931872744,0.006898148148148264,0.007932848110936003,0.32900399352188425,0.11123648320957567,0.11029681333066489,0.0,0.9999999987499999,0.5777645963307197,0.3150676530335712,0.32822858446740544,0.420800324628171,angry,05,20,20,female,strong,2370
50,1.6683333333333334,True,1.0,0.7338695950576729,0.6128767119989083,0.6733731535282905,1.4488086710641173,-0.0752314814814814,-0.07856481481481481,0.3221002851787143,0.7158069786796796,0.17323919038259913,0.46477714205956067,0.12099288305876466,0.0033333333333334103,0.0317898280360241,0.2016128556796374,0.10476305716295013,0.11195908849814146,0.0,0.9999999987499999,0.6128976199229692,0.31679518372039017,0.2845789897098167,0.390576837661712,angry,05,20,20,female,strong,2370
60,2.0020000000000002,True,1.0,0.7777436333382056,0.6700950806155149,0.7239193569768603,0.9925721942950212,-0.08060185185185181,-0.07935185185185184,0.3676561482672521,0.6233995426112431,0.17367199995622032,0.7293367284895858,0.1076485527226907,0.0012499999999999734,0.016091107789752306,0.24354042096876158,0.10422524199514853,0.11006261539933468,0.0,0.9999999987499999,0.6284884192817752,0.31246660492935374,0.29164637701890206,0.39765408443109096,angry,05,20,20,female,strong,2370
70,2.3356666666666666,True,1.0,0.8428796515249606,0.7235936502913457,0.7832366509081532,1.3330920892920874,-0.0918518518518518,-0.08893518518518512,0.3471001982236893,0.7903261466537554,0.16886213681901893,0.5875337924509595,0.11928600123361488,0.0029166666666666785,0.03575185140005742,0.17554318104230524,0.10494684817084653,0.11024227489748599,0.0,0.9999999987499999,0.634646182082208,0.31048318602251435,0.2952873165299723,0.4077629666540764,angry,05,20,20,female,strong,2370
80,2.6693333333333333,True,1.0,0.7634477653079108,0.6360200274823559,0.6997338963951334,1.4255176384821697,-0.0986111111111111,-0.09277777777777779,0.2832566352116776,0.9425201522222686,0.18055998446257468,0.49086302231951345,0.12742773782555494,0.0058333333333333015,0.041636930472303144,0.18238923835023685,0.1049573704031206,0.11279498981016667,0.0,0.9999999987499999,0.62499996917517,0.30523398079114744,0.27990540685552034,0.3863456494311742,angry,05,20,20,female,strong,2370
90,3.003,True,1.0,0.733289360080151,0.710636344223155,0.721962852151653,1.5859361972190407,-0.08300925925925928,-0.08587962962962958,0.30645596454186813,0.7512035906469912,0.19944449148174592,0.455228182204066,0.022653015856995973,0.002870370370370301,0.031229887837165484,0.1776151068129751,0.11173978427604142,0.11047886054701313,0.0,0.9999999987499999,0.5744562091946154,0.3037432090177266,0.2990823595360719,0.4045137020266734,angry,05,20,20,female,strong,2370
100,3.336666666666667,True,1.0,0.6899899751289728,0.6795592383347743,0.6847746067318735,0.5874675699751456,-0.07754629629629628,-0.08236111111111122,0.33423564661101635,0.42020110039599556,0.19738422837967606,1.1656381419673,0.01043073679419848,0.004814814814814938,0.024422069443455693,0.38732531907544504,0.11933810697743934,0.10872679684988217,0.0,0.9999999987499999,0.5626069450827206,0.29884017694600956,0.31876698267493875,0.41060900748265977,angry,05,20,20,female,strong,2370
110,3.6703333333333332,True,1.0,0.680400407974271,0.6779871619168563,0.6791937849455636,0.5006769751579856,-0.07726851851851846,-0.08226851851851852,0.34181724814253145,0.35766289370104476,0.1992175207236341,1.3565508674155589,0.002413246057414775,0.00500000000000006,0.02687411421635317,0.45138601641274273,0.11809508378929474,0.10938114793953391,0.0,0.9999999987499999,0.5675644358212034,0.29937320084048985,0.31316113970869797,0.40372520167661863,angry,05,20,20,female,strong,2370
120,4.0040000000000004,True,1.0,0.7049470480709077,0.6724578842442391,0.6887024661575734,0.467883836995771,-0.07444444444444454,-0.07939814814814805,0.34350972830200643,0.3635180142259786,0.19688614221881065,1.4719518215881398,0.032489163826668555,0.004953703703703516,0.02137672324566525,0.47120350943355427,0.12075782325128254,0.10978254627662837,0.0,0.9999999987499999,0.5634882291510355,0.29699778390300013,0.3311881639859807,0.4353461726069662,angry,05,20,20,female,strong,2370
0,0.0,True,1.0,0.709594537946863,0.6700251657498227,0.6898098518483429,0.5649631313166852,-0.05583333333333318,-0.057453703703703674,0.3239415538672803,0.35905285052923935,0.16304184003366282,1.2209820669902722,0.039569372197040265,0.0016203703703704941,0.007064161323327014,0.4467229342350729,0.1201216541161465,0.11082263058881466,0.0,0.9999999987499999,0.5769105438972464,0.28492487463449,0.31222848338722614,0.40793257447460063,angry,05,20,20,female,strong,2371
10,0.33366666666666667,True,1.0,0.6904881927150441,0.6777621060870863,0.6841251494010652,0.9460504594235758,-0.05601851851851858,-0.05935185185185182,0.3331286113288958,0.4895272695314469,0.16225804994370108,0.7231381186769884,0.012726086627957822,0.0033333333333332438,0.00399352801225601,0.29599498581432576,0.11722923429710534,0.10996264397658449,0.0,0.9999999987499999,0.5897280924869948,0.28860047465526767,0.31370384273666896,0.4084473345965324,angry,05,20,20,female,strong,2371
20,0.6673333333333333,True,1.0,0.6640691521225383,0.6937604367148734,0.6789147944187058,1.083075672440307,-0.05532407407407414,-0.05694444444444452,0.3357530510503449,0.4913841593299538,0.16528690145547445,0.6268396675266693,0.029691284592335165,0.0016203703703703831,0.009592741084355854,0.2686194948722963,0.11885431110132084,0.11046936450817611,0.0,0.9999999987499999,0.5722395516800469,0.29007979605754836,0.31089036004636833,0.3852966773318867,angry,05,20,20,female,strong,2371
30,1.0010000000000001,True,1.0,0.3350970365588621,0.3164787028284379,0.32578786969365,0.8364894100889351,-0.05828703703703708,-0.062962962962963,0.42562113992085193,0.398926165951396,0.16220161597424854,0.389470405440055,0.018618333730424208,0.004675925925925917,0.008108724567274819,0.34062844612175214,0.1170740761106315,0.11765549195223374,0.0,0.9999999987499999,0.5556134256280637,0.27987410565383336,0.2942794966637484,0.3607552330392463,angry,05,20,20,female,strong,2371
40,1.3346666666666667,True,1.0,0.2760544700240641,0.3546599658239797,0.3153572179240219,0.8952212338233685,-0.06731481481481477,-0.06990740740740747,0.3942839015536217,0.4191741873811928,0.16056261492223978,0.3522673569494928,0.0786054957999156,0.002592592592592702,0.018727748642462603,0.33034397570981033,0.10649223974130786,0.11471809427479311,0.0,0.9999999987499999,0.6215930727603541,0.28674255460147346,0.2690737432024485,0.3604234488131036,angry,05,20,20,female,strong,2371
50,1.6683333333333334,True,1.0,0.6372034839569842,0.6005301134887701,0.6188667987228771,2.3278927706956942,-0.06898148148148148,-0.07254629629629639,0.29224543234870193,1.0172675595045564,0.16017552132060908,0.2658484989142897,0.03667337046821417,0.0035648148148149095,0.03176106168150562,0.13059383803244762,0.1237591586793257,0.10956368487114945,0.0,0.8465305590039459,0.5535541115821329,0.285819137408421,0.3281290260893854,0.38048392052852564,angry,05,20,20,female,strong,2371
60,2.0020000000000002,True,1.0,0.6069383067458445,0.5992542749222952,0.6030962908340698,0.532331966647887,-0.06921296296296292,-0.07249999999999995,0.3869580799652372,0.4249910213421732,0.14099782994060606,1.1329326973012503,0.007684031823549264,0.0032870370370370328,0.049445057099137185,0.43963990780561196,0.11911375675165674,0.11275327014453429,0.0,0.9999999987499999,0.582180354008791,0.2853063932616201,0.3117526730731701,0.3766820718689825,angry,05,20,20,female,strong,2371
70,2.3356666666666666,True,1.0,0.5385805542620232,0.5557082912844713,0.5471444227732473,0.5927567780799647,-0.06805555555555559,-0.07208333333333333,0.42028058498490356,0.39590102676402056,0.1474433948997253,0.9230504702882297,0.017127737022448075,0.004027777777777741,0.06169874361857287,0.43878299010481886,0.11661793674348798,0.11299640940926088,0.0,0.9999999987499999,0.5874103533679097,0.2878702536771192,0.31677549512058184,0.39121590002518597,angry,05,20,20,female,strong,2371
80,2.6693333333333333,True,1.0,0.633127448680136,0.6318010332466464,0.6324642409633912,1.8765672329212841,-0.06708333333333333,-0.06958333333333339,0.31055914845950516,0.971086185386992,0.1509663166137699,0.33703255064238935,0.0013264154334896583,0.0025000000000000577,0.0633082074580576,0.14137018317724528,0.10714006145313576,0.11642723382485644,0.0,0.9999999987499999,0.6349563077418466,0.3097392671453731,0.30779105978815086,0.42659438988396775,angry,05,20,20,female,strong,2371
90,3.003,True,1.0,0.6428682523110176,0.6452664234888469,0.6440673378999322,1.20778836504755,-0.06328703703703709,-0.06981481481481477,0.33948138302122055,0.6556984073764763,0.15725358282552152,0.5332617506003012,0.002398171177829256,0.006527777777777688,0.06647369011842838,0.2164403011369005,0.1068097760517887,0.11541721580384084,0.0,0.9999999987499999,0.6263778316561,0.3068181862385824,0.3209222851104519,0.44683518946563705,angry,05,20,20,female,strong,2371
100,3.336666666666667,True,1.0,0.7041203473831761,0.7036387292036317,0.7038795382934039,0.4831206273652147,-0.06268518518518518,-0.06976851851851856,0.3454892627172658,0.3903703412963145,0.15777381951705421,1.4569436667031537,0.00048161817954439634,0.007083333333333386,0.051148484359947864,0.48808716456003665,0.11103040664348811,0.11373287137302437,0.0,0.9999999987499999,0.6291014654690001,0.3039644312521043,0.30913767226630634,0.4379727386855857,angry,05,20,20,female,strong,2371
110,3.6703333333333332,True,1.0,0.6936329637022819,0.7181729303582463,0.705902947030264,0.4870799124165383,-0.06435185185185188,-0.07111111111111107,0.3470830202307407,0.3935695163454191,0.16160128919970576,1.4492548943931685,0.024539966655964363,0.006759259259259187,0.0512877386885993,0.4880871645600359,0.11003325240922972,0.11419846212529793,0.0,0.9999999987499999,0.6324736590651886,0.3020997318171501,0.30482978111100184,0.4358045186375226,angry,05,20,20,female,strong,2371
120,4.0040000000000004,True,1.0,0.6856769229127505,0.6759183564409503,0.6807976396768505,0.4847433281512008,-0.05879629629629629,-0.06699074074074085,0.3383089674400349,0.3971094907158114,0.16150872869428587,1.4044497368811573,0.009758566471800179,0.00819444444444456,0.049702435385484016,0.4973431777483674,0.10873481472240884,0.11460726729557687,0.0,0.9999999987499999,0.6289968845819578,0.3031896875186577,0.30355400032064683,0.43678711861695774,angry,05,20,20,female,strong,2371
0,0.0,True,1.0,0.4822510840584083,0.4124127188388583,0.44733190144863333,0.36488795649675565,-0.06712962962962954,-0.06546296296296295,0.3705623198357619,0.18164746908250187,0.163000239979906,1.225943179225239,0.06983836521954995,0.0016666666666665941,0.009649380896488905,0.6191576456516318,0.10595720731416738,0.11236610427059124,0.0,0.9999999987499999,0.6256567891062675,0.31344450921524036,0.2900924047766795,0.42028142854572076,angry,05,20,20,female,strong,2372
10,0.33366666666666667,True,1.0,0.5518588921901175,0.5675792126820652,0.5597190524360913,0.3591319880576263,-0.05791666666666667,-0.05800925925925926,0.3706323632525682,0.16348343725232872,0.15889273234996962,1.5585329935752725,0.015720320491947715,9.259259259258856e-05,0.010025822778374284,0.617835539450569,0.11146941067947824,0.11177903285261977,0.0,0.9999999987499999,0.6117404292654561,0.2858752633156316,0.2814185062129369,0.3707520351632771,angry,05,20,20,female,strong,2372
20,0.6673333333333333,True,1.0,0.590077388094669,0.5388805768450284,0.5644789824698487,0.36841560528140754,-0.06291666666666673,-0.06587962962962962,0.36618900188561543,0.191045409391936,0.16492485027595594,1.5321798924306742,0.051196811249640595,0.0029629629629628895,0.004935799222380888,0.6289979157130705,0.11236678529822011,0.11442844997203842,0.0,0.9999999987499999,0.5845982970063025,0.2895661066314041,0.2768202077698271,0.35978241703353586,angry,05,20,20,female,strong,2372
30,1.0010000000000001,True,1.0,0.597389637542491,0.5489093549728921,0.5731494962576915,0.6190326973898832,-0.07712962962962966,-0.07884259259259258,0.41524361664363824,0.3612697432717064,0.17649822167424664,0.9258791961625684,0.04848028256959891,0.0017129629629629162,0.02856671364497412,0.40797312103288275,0.10090627025779152,0.11643317375303928,0.0,0.9999999987499999,0.632304358165141,0.31918172434331304,0.2986031932675795,0.4189299661488123,angry,05,20,20,female,strong,2372
40,1.3346666666666667,True,1.0,0.6549846022509491,0.6648929378307304,0.6599387700408398,1.8782180469781544,-0.09064814814814814,-0.09083333333333332,0.32765641014006375,1.0123018178207432,0.1758350826348499,0.3513643003817413,0.009908335579781324,0.00018518518518517713,0.03534516799735055,0.17464117144135083,0.09751134482762941,0.11913099097071979,0.0,0.9999999987499999,0.6567334310286616,0.3055414343803349,0.31900895246326466,0.4454963353917606,angry,05,20,20,female,strong,2372
50,1.6683333333333334,True,1.0,0.6401428481291008,0.6251607929138465,0.6326518205214737,0.8808028072565756,-0.0844907407407407,-0.08416666666666672,0.40507377051001886,0.4594380708718953,0.18211209740280165,0.7182672617631473,0.014982055215254309,0.0003240740740739767,0.04251338256466891,0.30647549988954415,0.10061912556219114,0.1219507325396944,0.0,0.9999999987499999,0.6437095151341786,0.305661414471294,0.3126054745933592,0.44368794023222624,angry,05,20,20,female,strong,2372
60,2.0020000000000002,True,1.0,0.5888845149670086,0.5948140555954496,0.5918492852812292,0.6454398007788513,-0.06787037037037036,-0.06509259259259259,0.430014883810201,0.4129177666245273,0.16004479899599192,0.9169705440647531,0.005929540628441088,0.002777777777777768,0.045692053820219396,0.43368897478522817,0.12017311771269097,0.11128162858286869,0.0,0.9999999987499999,0.5783463440141682,0.27936166028712006,0.33001097754427094,0.38639836172835695,angry,05,20,20,female,strong,2372
70,2.3356666666666666,True,1.0,0.6215849609644983,0.6172667209283844,0.6194258409464414,0.7891519728534854,-0.06226851851851839,-0.059768518518518554,0.45624050947736633,0.3935767646694452,0.15865968380998985,0.784925923338526,0.004318240036113918,0.0024999999999998357,0.05925956807277816,0.3385971160363414,0.1093888918634949,0.11580716475870408,0.0,0.9999999987499999,0.6168412443414867,0.3039837630677259,0.3247456668265574,0.44893754268740854,angry,05,20,20,female,strong,2372
80,2.6693333333333333,True,1.0,0.679071307290259,0.6572816932877507,0.6681765002890048,0.8924345646593262,-0.07162037037037045,-0.076898148148148,0.38618011701192445,0.5107203872434558,0.1723291427525835,0.7487120364326894,0.02178961400250834,0.005277777777777548,0.06784472508158504,0.29806129460129255,0.10521494083286463,0.11736093912415414,0.0,0.9999999987499999,0.6274827356255002,0.30824197912506135,0.3078296685623475,0.4276796019077359,angry,05,20,20,female,strong,2372
90,3.003,True,1.0,0.7310562165322501,0.777717570919027,0.7543868937256386,1.7142199887248037,-0.06263888888888891,-0.06824074074074071,0.29504088635025144,0.8821717729127441,0.16292126311509889,0.44007589381035145,0.04666135438677699,0.005601851851851802,0.06518920914360574,0.1575051569305784,0.10452117319234253,0.11387053821220523,0.0,0.9999999987499999,0.6416849956154338,0.30666905236293973,0.29730980123223416,0.41694698343246756,angry,05,20,20,female,strong,2372
100,3.336666666666667,True,1.0,0.6984337715817479,0.7354129734796417,0.7169233725306948,1.145135674340282,-0.05986111111111109,-0.06472222222222224,0.3474829566440975,0.5858785133018697,0.1589231217978532,0.6260597661877206,0.03697920189789383,0.004861111111111149,0.06517155796134187,0.22796603298138018,0.10654534884287079,0.11500058614633041,0.0,0.9999999987499999,0.6173766040869473,0.3113552525839064,0.2995370556854568,0.42742904938278753,angry,05,20,20,female,strong,2372
110,3.6703333333333332,True,1.0,0.6666607619252649,0.6935321726897933,0.6800964673075292,0.7772778875742735,-0.05967592592592591,-0.06384259259259262,0.3440382306546804,0.4468919580214132,0.1592586730893673,0.8749721022297086,0.02687141076452837,0.004166666666666707,0.059338066930097785,0.3284816874734336,0.1198081536072927,0.11150372846831957,0.0,0.9999999987499999,0.5789595182291667,0.2871952644776097,0.2987753122404829,0.3845512363627026,angry,05,20,20,female,strong,2372
120,4.0040000000000004,True,1.0,0.6371025187807856,0.6376067645334975,0.6373546416571416,0.6210904599407562,-0.060370370370370297,-0.06337962962962967,0.3395270981095399,0.40889303913952546,0.16086501110246304,1.0261864941830483,0.0005042457527119071,0.003009259259259378,0.054598353454097304,0.3972286002671955,0.12167090214473573,0.10946810816116098,0.0,0.9999999987499999,0.5781007082364197,0.2826297617520633,0.3092392869496111,0.3847080760275166,angry,05,20,20,female,strong,2372
130,4.337666666666666,True,1.0,0.6865336732495696,0.6965984087338437,0.6915660409917066,0.7696059467874756,-0.06037037037037041,-0.06314814814814823,0.33249104777388433,0.45542379797705534,0.16137688007567894,0.8985975795515526,0.010064735484274112,0.0027777777777778234,0.044386904589575664,0.3282293611829969,0.1061501825243257,0.11486893871448031,0.0,0.9999999987499999,0.6441694614564576,0.304580770367361,0.2817423590447912,0.42786556759212346,angry,05,20,20,female,strong,2372
0,0.0,True,1.0,0.6648765012505283,0.6307717071265111,0.6478241041885198,0.7765295409526776,-0.0593981481481482,-0.061898148148148036,0.3259196751796104,0.48863875517733224,0.1629212631150989,0.8342555820783627,0.034104794124017235,0.0024999999999998357,0.010785830739672384,0.296128406658798,0.10695937804336515,0.11478171269719338,0.0,0.9999999987499999,0.6257306294001976,0.3056191761581372,0.2843293029829594,0.4177007026580695,angry,05,20,20,female,strong,2373
10,0.33366666666666667,True,1.0,0.7002860959617482,0.6452692778689191,0.6727776869153337,0.8769996568078143,-0.06000000000000005,-0.06125000000000008,0.3275836119347031,0.5223379796723209,0.16470635917951523,0.767135633056201,0.0550168180928291,0.0012500000000000289,0.0017267250176429612,0.26569978904443586,0.10642051177483401,0.11511611897348298,0.0,0.9999999987499999,0.6279907442977191,0.3056579250822236,0.28695044938176406,0.41661400234630325,angry,05,20,20,female,strong,2373
20,0.6673333333333333,True,1.0,0.7382250136883886,0.6491314268256149,0.6936782202570018,0.8452431162506532,-0.05856481481481485,-0.0616666666666667,0.33097385108655625,0.5153049021939116,0.16092064952276602,0.8206848502168629,0.08909358686277369,0.0031018518518518556,0.0032566629440451806,0.2950543789496535,0.10572936906242329,0.11308706173164146,0.0,0.9999999987499999,0.6335391962566276,0.3178992783011731,0.2936302347892337,0.41389817323724226,angry,05,20,20,female,strong,2373
30,1.0010000000000001,True,1.0,0.670714149918061,0.5966065370601515,0.6336603434891063,1.156578108911947,-0.07648148148148143,-0.07856481481481481,0.34446283622047125,0.6022190500314036,0.17510460581478465,0.5478750968970211,0.07410761285790946,0.0020833333333333814,0.011294204900657587,0.22819633318728488,0.10350519611939285,0.1110835840662122,0.0,0.9999999987499999,0.620671494183611,0.32185788245600494,0.30165935814991063,0.4036537788759075,angry,05,20,20,female,strong,2373
40,1.3346666666666667,True,1.0,0.6792221389937917,0.5969124492081195,0.6380672941009555,1.2058988715587893,-0.07273148148148151,-0.07689814814814816,0.3399190536459389,0.668055961754969,0.17041799337334762,0.5291217274929251,0.08230968978567221,0.004166666666666652,0.002353455661362236,0.2145221881682768,0.10310513171531543,0.11145501373410402,0.0,0.9999999987499999,0.6185483463776137,0.3193587374259692,0.29179054145086464,0.3990594209373409,angry,05,20,20,female,strong,2373
50,1.6683333333333334,True,1.0,0.7020954392220033,0.6571743237556635,0.6796348814888334,0.7849581194524231,-0.0690277777777778,-0.07587962962962969,0.4097522197217888,0.3851971605623457,0.18385827021211376,0.8658231116367561,0.04492111546633981,0.006851851851851887,0.003185208746374813,0.3345004985728353,0.10164149182499892,0.10988233845244993,0.0,0.9999999987499999,0.629221826441514,0.31268190036225474,0.28085975757865944,0.38437820095952213,angry,05,20,20,female,strong,2373
60,2.0020000000000002,True,1.0,0.7500767465887392,0.6750201643307457,0.7125484554597425,1.116289032851491,-0.07893518518518527,-0.07902777777777781,0.38542741444064493,0.5348232128555371,0.1900130634142305,0.6383189608515474,0.0750565822579935,9.259259259253305e-05,0.031640205802598236,0.25341750589616546,0.10206831770640384,0.1112124955200681,0.0,0.9999999987499999,0.617506566743885,0.31481674214567057,0.28928901167788484,0.3857509657231686,angry,05,20,20,female,strong,2373
70,2.3356666666666666,True,1.0,0.7796317571436847,0.7111111111111108,0.7453714341273978,1.428270312861439,-0.07750000000000001,-0.08018518518518514,0.29622059890743774,0.6688689116075242,0.20711776905336665,0.5218700041689578,0.0685206460325739,0.002685185185185124,0.0018103511057096164,0.19878260543550302,0.10074389284168438,0.11325788463491356,0.0,0.9999999987499999,0.6147239694237071,0.316069330725628,0.27928046868492273,0.3866731875829136,angry,05,20,20,female,strong,2373
80,2.6693333333333333,True,1.0,0.7523076258947132,0.7101296051296202,0.7312186155121667,0.618289295919419,-0.07412037037037034,-0.08148148148148143,0.32336858440378885,0.35733112766535513,0.20225985036062208,1.1826480263172237,0.04217802076509303,0.007361111111111096,0.0015937171807895501,0.3877713454431305,0.10718124060072541,0.10929825896007857,0.0,0.9999999987499999,0.6028340687915792,0.30510055064396696,0.29471935655373904,0.39791322388829947,angry,05,20,20,female,strong,2373
90,3.003,True,1.0,0.7711105980754156,0.7128471394993224,0.741978868787369,0.5167283665012796,-0.07152777777777769,-0.08004629629629623,0.3323670052887241,0.35185505792438293,0.19787143599421372,1.435916657355662,0.05826345857609316,0.008518518518518536,0.009969381917108909,0.47760971093607246,0.11047172160567036,0.1139416871066656,0.0,0.9999999987499999,0.6046567693639957,0.3092847325887807,0.32461982304812703,0.42950200467569166,angry,05,20,20,female,strong,2373
100,3.336666666666667,True,1.0,0.6814230386591301,0.6696954180267681,0.6755592283429491,0.5121746858837519,-0.07328703703703704,-0.08194444444444449,0.3288826463660717,0.3676147577839271,0.19520259253288275,1.3190015964519584,0.01172762063236199,0.008657407407407447,0.005306204927779092,0.47395082421161727,0.11039681604788032,0.11401426376383571,0.0,0.9999999987499999,0.6122420281159339,0.3073763933038637,0.32127589911105253,0.426961064421896,angry,05,20,20,female,strong,2373
0,0.0,True,1.0,0.7594170158543666,0.7486452611074845,0.7540311384809255,0.7668307322935396,-0.06481481481481483,-0.06824074074074066,0.3278313226680239,0.531509689917026,0.13894380967086165,0.9833084496048674,0.010771754746882078,0.0034259259259258323,0.0039545662161079255,0.3067931127860254,0.11301745126607196,0.11428706030308451,0.0,0.9999999987499999,0.638058572147609,0.28861504712384256,0.2934644956691044,0.4059697786903096,fearful,06,20,20,female,normal,2374
10,0.33366666666666667,True,1.0,0.7268931005933629,0.7174483322876136,0.7221707164404882,0.7995572580332946,-0.06453703703703695,-0.0681018518518518,0.3226995923530406,0.6218292888435629,0.13336994939932226,0.9032132585686767,0.009444768305749252,0.003564814814814854,0.002994477480812813,0.28833502560502655,0.11045008524386933,0.11644332191120603,0.0,0.9999999987499999,0.6371296906731443,0.2898702984799146,0.28666362407291357,0.39516727533308277,fearful,06,20,20,female,normal,2374
20,0.6673333333333333,True,1.0,0.7016325814672892,0.6928258908159245,0.6972292361416068,0.7245525350006771,-0.06518518518518523,-0.07004629629629633,0.33231938291512175,0.5692402278718474,0.13473637911774036,0.9622894165168511,0.008806690651364746,0.004861111111111094,0.0002053814391230333,0.33563682188777083,0.11100165058133846,0.1147613806295602,0.0,0.9999999987499999,0.641755614394195,0.29065799559965744,0.2949672327017071,0.404918283189468,fearful,06,20,20,female,normal,2374
30,1.0010000000000001,True,1.0,0.7430462806065481,0.732797170268917,0.7379217254377326,1.017778781077818,-0.0690277777777778,-0.07648148148148148,0.3313653242886819,0.6727384511212737,0.1409917040195419,0.7250315482665894,0.010249110337631095,0.007453703703703685,0.006721987371884071,0.22943002015190314,0.11066096414043533,0.11409236716768176,0.0,0.9999999987499999,0.6417963482580533,0.2901252391404932,0.296222537331101,0.4072803656876971,fearful,06,20,20,female,normal,2374
40,1.3346666666666667,True,1.0,0.6862719668813321,0.6662983821385979,0.676285174509965,0.846507257794443,-0.08222222222222225,-0.08499999999999996,0.3414851708593352,0.605686282640603,0.1452571146047307,0.7989124349293967,0.01997358474273414,0.0027777777777777124,0.002837232911334264,0.28669496267144995,0.1061247321726321,0.11686540516087347,0.0,0.9999999987499999,0.6325478361579007,0.2917742388228192,0.29445465747705224,0.4059033544985391,fearful,06,20,20,female,normal,2374
50,1.6683333333333334,True,1.0,0.7172146729951465,0.7078802633872487,0.7125474681911976,0.7040697126582861,-0.08365740740740735,-0.08564814814814814,0.3418524559095797,0.502861840817374,0.15558694189808325,1.0120410740307275,0.009334409607897776,0.001990740740740793,0.0023659771219757906,0.33479140438121235,0.10853290055622743,0.11628254673298362,0.0,0.9999999987499999,0.6396736892803996,0.292220035906444,0.3012934055723181,0.4068239112783473,fearful,06,20,20,female,normal,2374
60,2.0020000000000002,True,1.0,0.7482769355576565,0.6971945297496472,0.7227357326536519,0.9045652609425183,-0.08782407407407411,-0.08773148148148147,0.33769496427321105,0.6113859426524815,0.15497192006927749,0.7989868325261487,0.05108240580800927,9.259259259264407e-05,0.01457692531672349,0.2604025393079522,0.10944305070104635,0.1147642106288067,0.0,0.9230161209169973,0.6307898422806624,0.2923240660944811,0.31143002283125765,0.41662347618310475,fearful,06,20,20,female,normal,2374
70,2.3356666666666666,True,1.0,0.7480001181761792,0.7257050849812284,0.7368526015787038,0.6762619084476752,-0.08601851851851855,-0.0855555555555556,0.37599412588104186,0.4431887762342194,0.16815767014465036,1.0895964897240944,0.022295033194950742,0.0004629629629629428,0.004977777897710196,0.34989067624284254,0.10720703425746507,0.11847487779473974,0.0,0.9999999987499999,0.6253773092674569,0.2927450668574437,0.30328428454589007,0.3946916503014295,fearful,06,20,20,female,normal,2374
80,2.6693333333333333,True,1.0,0.7174561772868219,0.7069190438856092,0.7121876105862155,1.062716161530356,-0.0859259259259259,-0.0844907407407407,0.3260495705546703,0.6793259604594096,0.1530417210333727,0.6701578806900192,0.01053713340121265,0.001435185185185206,0.010973219497822082,0.23971333493736577,0.10733041595316586,0.11641554579895065,0.0,0.9999999987499999,0.629523873627576,0.2936693301370738,0.3158390339270897,0.42916356131894073,fearful,06,20,20,female,normal,2374
90,3.003,True,1.0,0.7326944382838824,0.7233451406248975,0.7280197894543899,0.4928467741985058,-0.08342592592592585,-0.08402777777777776,0.3490898163141668,0.44348414743127834,0.15282770747406554,1.4771726783407182,0.009349297658984845,0.0006018518518519089,0.009466774694172132,0.4511535816510536,0.10898914903091768,0.11502985192421607,0.0,0.9999999987499999,0.639703099591399,0.29155624384880163,0.3070936449220326,0.41511385709030507,fearful,06,20,20,female,normal,2374
100,3.336666666666667,True,1.0,0.7648465066177661,0.7190620563318276,0.7419542814747968,0.3841873370013177,-0.08263888888888898,-0.08143518518518522,0.3598498606190398,0.2721326970425991,0.1848031563834302,1.931230444152437,0.04578445028593847,0.0012037037037037623,0.007004093868119887,0.5859375000000001,0.10370272021315455,0.11885968018827556,0.0,0.9999999987499999,0.6303660256915267,0.2959750002714442,0.2975062517840796,0.4054338238910639,fearful,06,20,20,female,normal,2374
110,3.6703333333333332,True,1.0,0.7676825840642485,0.724748244642804,0.7462154143535262,0.4358135953750576,-0.07962962962962972,-0.08087962962962958,0.3372294133096856,0.318479165851004,0.1847920093949727,1.71223528194741,0.042934339421444534,0.0012499999999998623,0.004692858692397074,0.5408653846153849,0.10657694421846048,0.11726830944792038,0.0,0.9999999987499999,0.6263653353841536,0.2940752070450401,0.30390993946835165,0.4089770576669355,fearful,06,20,20,female,normal,2374
0,0.0,True,1.0,0.6985268234327855,0.6871965213472493,0.6928616723900174,0.8096160930688036,-0.07888888888888884,-0.08314814814814808,0.3208380121130652,0.6071666765714091,0.14593583637226884,0.8557903904352553,0.011330302085536204,0.00425925925925924,0.004825546275015773,0.28206782042457484,0.1078531018801705,0.11510684675374586,0.0,0.9999999987499999,0.63078055954413,0.29154264365479327,0.29544757652710346,0.40110097283469526,fearful,06,20,20,female,normal,2375
10,0.33366666666666667,True,1.0,0.6945867405669907,0.6542204618954369,0.6744036012312138,0.8173224514611429,-0.07999999999999996,-0.08208333333333334,0.31781289919366745,0.639595839953378,0.14248164173738576,0.8251377409559344,0.040366278671553735,0.0020833333333333814,0.007935722805933512,0.28122897465049557,0.11013151039009245,0.11376927490152342,0.0,0.9999999987499999,0.6317481278995973,0.2908448779110768,0.3005209090545658,0.40178660619199036,fearful,06,20,20,female,normal,2375
20,0.6673333333333333,True,1.0,0.681281982395359,0.6607633028601075,0.6710226426277333,0.8107941429576311,-0.08189814814814816,-0.0828240740740741,0.3306100655786763,0.6037396356216548,0.14043487045126019,0.8276116058016446,0.02051867953525144,0.0009259259259259411,0.000349720843184092,0.2752462456962246,0.10988646129444078,0.11450622236146277,0.0,0.9999999987499999,0.6324634133418994,0.2931330358232297,0.3054397865088554,0.3917479518316407,fearful,06,20,20,female,normal,2375
30,1.0010000000000001,True,1.0,0.7140351633949852,0.6757475263616735,0.6948913448783294,0.8093904674542661,-0.08203703703703702,-0.08499999999999996,0.365614347977586,0.5758787560015524,0.1438693670500799,0.8585366060264277,0.03828763703331173,0.002962962962962945,0.0033335831399844773,0.2926826112226303,0.0899164353169528,0.11709181295593661,0.0,0.9999999987499999,0.701823301914516,0.30391102694812494,0.26861802900389825,0.4090603749418307,fearful,06,20,20,female,normal,2375
40,1.3346666666666667,True,1.0,0.6863840897080852,0.6456348659083195,0.6660094778082024,0.8214747965781015,-0.08305555555555555,-0.08527777777777767,0.3456432013642014,0.525610841400033,0.1522838646542298,0.8107485227574863,0.040749223799765644,0.0022222222222221255,0.006965571450943519,0.29242598903735323,0.10945659220504854,0.11441875683409065,0.0,0.9999999987499999,0.6317658100193202,0.2928570858514648,0.3116508470979341,0.4097565260373567,fearful,06,20,20,female,normal,2375
50,1.6683333333333334,True,1.0,0.6985268234327837,0.6622401653996403,0.6803834944162119,0.7435138406701136,-0.08194444444444449,-0.08402777777777781,0.3346752069186154,0.5743457189426878,0.14685284162090445,0.915091901723035,0.03628665803314346,0.002083333333333326,0.003570464402939043,0.32030465495292804,0.10770289621674528,0.11541259831148905,0.0,0.9010680689054159,0.630005726673482,0.29047490677965776,0.2999241164283594,0.40362857290163445,fearful,06,20,20,female,normal,2375
60,2.0020000000000002,True,1.0,0.7139260537824043,0.6858102507280918,0.699868152255248,0.7213214591481353,-0.08592592592592596,-0.0861574074074074,0.3268590230691403,0.6008856945290746,0.1461098220697422,0.9702583271011747,0.028115803054312494,0.00023148148148144365,0.006818943549799192,0.3088437449320383,0.10844490574429112,0.11504734684339382,0.0,0.9999999987499999,0.6266110180634753,0.29211936344720163,0.3051757553437905,0.3929817899273193,fearful,06,20,20,female,normal,2375
70,2.3356666666666666,True,1.0,0.6952666792719674,0.6277319312099165,0.6614993052409419,1.206737866189653,-0.08652777777777776,-0.08643518518518523,0.32413177919740316,0.8187521065234805,0.13715366368604526,0.5481714991920039,0.06753474806205084,9.259259259253305e-05,0.011037023941643378,0.2169362711998526,0.1129580415897661,0.11367735699661709,0.0,0.9999999987499999,0.6229176379926971,0.2919582547248373,0.3087499824909296,0.39660742158391643,fearful,06,20,20,female,normal,2375
80,2.6693333333333333,True,1.0,0.6868627867026323,0.665605517493146,0.6762341520978892,0.8267271481383311,-0.08472222222222214,-0.08476851851851847,0.3311638543626592,0.4808198241075932,0.16760208980345767,0.8179653391335578,0.02125726920948634,4.629629629632204e-05,0.01960852621959571,0.28697088788186553,0.10873221073868683,0.1160961994452041,0.0,0.9999999987499999,0.6258951730067026,0.2914097050282077,0.3014625638575421,0.3958213052043013,fearful,06,20,20,female,normal,2375
90,3.003,True,1.0,0.7022290292780735,0.6841211358465885,0.6931750825623311,0.8277880741150329,-0.08634259259259253,-0.08726851851851847,0.33177486656344046,0.5405606766519415,0.15868421791945816,0.8373823013860001,0.018107893431485,0.0009259259259259411,0.00824866443494302,0.2984497233971395,0.10700200545474131,0.11622674596902692,0.0,0.9999999987499999,0.6294149224377251,0.2916753800403997,0.3045341135667031,0.4063110005131829,fearful,06,20,20,female,normal,2375
100,3.336666666666667,True,1.0,0.7320388657783891,0.6919838399237513,0.7120113528510702,1.0735867223311784,-0.08504629629629634,-0.08527777777777779,0.31853756287657886,0.571968608364371,0.17448054864018755,0.6632080464864673,0.040055025854637716,0.00023148148148144365,0.006998043010622525,0.23052298611084487,0.10899316460284315,0.1153568351029434,0.0,0.9999999987499999,0.6204003589170043,0.2977797524152028,0.31699972778214686,0.3978831404463595,fearful,06,20,20,female,normal,2375
110,3.6703333333333332,True,1.0,0.6579942380954307,0.6453629712513678,0.6516786046733992,0.37042346070150955,-0.085787037037037,-0.08606481481481482,0.38064891517181704,0.30367038093602555,0.1571198360185338,1.75928005056496,0.012631266844062905,0.0002777777777778212,0.007346008396802367,0.53986336437665,0.10926179180316546,0.11690899712844753,0.0,0.9999999987499999,0.6249651728347589,0.28970513773491485,0.31523605540472227,0.42154978922131303,fearful,06,20,20,female,normal,2375
120,4.0040000000000004,True,1.0,0.7049808429118777,0.6739523487045653,0.6894665958082216,0.3932650015558883,-0.08425925925925926,-0.08444444444444443,0.35862619589413924,0.44832210177371246,0.14592172033191883,1.7531857477285302,0.03102849420731235,0.00018518518518517713,0.012006283801016237,0.6075000000000008,0.10981730995978171,0.11622352276406034,0.0,0.9999999987499999,0.6308046575114421,0.29168800060610683,0.31332198905879627,0.40344799055778463,fearful,06,20,20,female,normal,2375
130,4.337666666666666,True,1.0,0.6981750979203368,0.6372035018876844,0.6676892999040106,0.4163630186250868,-0.08578703703703705,-0.08648148148148155,0.3539878500016301,0.4243699997524923,0.15995324570219716,1.6036229685067924,0.06097159603265245,0.0006944444444444975,0.0021898834745147752,0.5853994694491634,0.1106770291620757,0.11374227248885166,0.0,0.9999999987499999,0.6295109600402661,0.29185663239964027,0.3113054420089381,0.4124386185793479,fearful,06,20,20,female,normal,2375
0,0.0,True,1.0,0.695071226365367,0.6742336886572228,0.6846524575112949,0.817648579320858,-0.07412037037037039,-0.0791203703703704,0.3169003897373888,0.5599115271436305,0.1544282361009532,0.8373431750838114,0.020837537708144227,0.0050000000000000044,0.0016825343968869537,0.26902173913043426,0.11951982419818453,0.11215299662397545,0.0,0.9999999987499999,0.5958345296321654,0.2921961694323833,0.31801873083213333,0.40392642155005387,fearful,06,20,20,female,normal,2376
10,0.33366666666666667,True,1.0,0.6624081294606045,0.5927159208382431,0.6275620251494238,0.7843749976066519,-0.07453703703703696,-0.07851851851851849,0.32535421815999577,0.5751633986928101,0.14962458471586046,0.8000790783289774,0.06969220862236136,0.00398148148148153,0.007718967911712723,0.28747754169429807,0.11691362366979408,0.11470128020394903,0.0,0.9999999987499999,0.5997826059329981,0.29106475400031334,0.3168426394636957,0.4046834644538443,fearful,06,20,20,female,normal,2376
20,0.6673333333333333,True,1.0,0.7107399205801771,0.6664806908520263,0.6886103057161017,0.7215603982442844,-0.07421296296296298,-0.08027777777777784,0.321083791340377,0.5543695742608519,0.1517035369088439,0.9543349488021272,0.04425922972815077,0.006064814814814856,0.008312261256259905,0.3164899948891924,0.11583941291047624,0.11329099824492668,0.0,0.9999999987499999,0.597541276369923,0.29251026805738084,0.3066468084822486,0.391277677668027,fearful,06,20,20,female,normal,2376
30,1.0010000000000001,True,1.0,0.7174561772868212,0.6845909302226442,0.7010235537547327,0.7838376466839343,-0.07518518518518519,-0.07962962962962966,0.3244095353172387,0.5573956598641304,0.15175583102891946,0.8943479006404567,0.03286524706417704,0.004444444444444473,0.007452776732593991,0.28749999999999964,0.11712074012594086,0.11145420699570426,0.0,0.9999999987499999,0.5932178155090161,0.2916484019448737,0.30947444096265075,0.3913228604183421,fearful,06,20,20,female,normal,2376
40,1.3346666666666667,True,1.0,0.7272727272727273,0.6656008958564275,0.6964368115645774,0.7141010395463931,-0.07699074074074069,-0.08050925925925922,0.3370423739215821,0.5479841460359348,0.1464728004686424,0.9752636853840231,0.06167183141629984,0.003518518518518532,0.007107709483396003,0.31478670407208836,0.11376363558111527,0.1133763984062106,0.0,0.9999999987499999,0.6030055126191102,0.2951065819826796,0.30321815000375196,0.3940238194207729,fearful,06,20,20,female,normal,2376
50,1.6683333333333334,True,1.0,0.724517028804518,0.6494029443029491,0.6869599865537335,0.9128120374928006,-0.08018518518518514,-0.08337962962962964,0.32671839714599427,0.6371026288425006,0.1474873712229608,0.7525755120852594,0.07511408450156887,0.0031944444444444997,0.0007207055914426644,0.27588125260066027,0.09767534169538646,0.11754678845393088,0.0,0.9999999987499999,0.6715485082939424,0.3118083892439347,0.2787754501412975,0.4151197576694087,fearful,06,20,20,female,normal,2376
60,2.0020000000000002,True,1.0,0.6786768963011931,0.636869127033932,0.6577730116675625,0.7354493609732217,-0.0806944444444444,-0.08287037037037032,0.35109059605933896,0.5434305115066752,0.14943026122803574,0.8943824640722104,0.04180776926726115,0.0021759259259259145,0.0019110073322317375,0.3056151379161757,0.11987515547911523,0.11312851853930958,0.0,0.9999999987499999,0.589400114029987,0.29448359682378766,0.32178481519955543,0.4010421269895894,fearful,06,20,20,female,normal,2376
70,2.3356666666666666,True,1.0,0.7244353180736092,0.6777668121658422,0.7011010651197257,0.634183540582231,-0.07888888888888895,-0.08157407407407402,0.33647566072574764,0.4171803102073149,0.17120851086845362,1.1055175990156714,0.046668505907766944,0.0026851851851850683,0.004690558228853445,0.37002525211577475,0.11423639788381867,0.11374065954091582,0.0,0.8202203696190182,0.5958715462903911,0.29297850652152085,0.30339075441188124,0.38546753666966443,fearful,06,20,20,female,normal,2376
80,2.6693333333333333,True,1.0,0.7144428289394485,0.6882665360842728,0.7013546825118606,0.720161022635356,-0.07513888888888887,-0.07953703703703696,0.3171301690950284,0.47407394918656226,0.16977236620060418,0.9738859233804747,0.026176292855175753,0.0043981481481480955,0.0027125878868273835,0.31543005917476413,0.11659348281263508,0.11302164162423854,0.0,0.9999999987499999,0.5889021219190802,0.2914061818777672,0.30732181248276613,0.3851712188183076,fearful,06,20,20,female,normal,2376
90,3.003,True,1.0,0.717000278423761,0.6951786375160618,0.7060894579699114,1.0974164454258957,-0.07967592592592582,-0.08236111111111111,0.31736074250182617,0.6619073460886542,0.15591269171065952,0.643410676879264,0.021821640907699225,0.0026851851851852904,0.007801292105515161,0.2148642352826539,0.1186155378043053,0.11089763704097191,0.0,0.9999999987499999,0.5952810113498525,0.29052707305913067,0.3211221164200968,0.41015435290890284,fearful,06,20,20,female,normal,2376
100,3.336666666666667,True,1.0,0.7331535011367706,0.6679622747018653,0.700557887919318,0.8954398633412748,-0.08050925925925928,-0.08347222222222223,0.32237357801038263,0.6715406087799329,0.1469650165056618,0.7823617381799738,0.06519122643490527,0.002962962962962945,0.0019979678997626513,0.2710997299738862,0.09857209942592879,0.11663257314667548,0.0,0.9999999987499999,0.6710370454275459,0.3089239999246631,0.2803364753987956,0.424776026129721,fearful,06,20,20,female,normal,2376
110,3.6703333333333332,True,1.0,0.655094091112734,0.6160101321692183,0.6355521116409761,0.3619378743778264,-0.07944444444444443,-0.08421296296296299,0.3727273534302035,0.384137197368225,0.14429245475768993,1.755970172321685,0.039083958943515684,0.004768518518518561,0.0026824870541417136,0.5400773867748099,0.12007378914167868,0.11291766810182066,0.0,0.9999999987499999,0.5958543110056523,0.2899666054184326,0.3290887433164015,0.40505868633052833,fearful,06,20,20,female,normal,2376
0,0.0,True,1.0,0.6624020484143136,0.5975596667593017,0.6299808575868077,0.661979859990985,-0.0749999999999999,-0.07800925925925928,0.3242904750788769,0.5051398167518684,0.15172918339289526,0.9516616677664286,0.06484238165501188,0.003009259259259378,0.003040930725658716,0.3266836396813192,0.11790320307418699,0.11385129657871057,0.0,0.9999999987499999,0.5974767940613744,0.29149605077795737,0.3133813291666948,0.40091964627272675,fearful,06,20,20,female,normal,2377
10,0.33366666666666667,True,1.0,0.6349206349206336,0.5876854603426765,0.611303047631655,0.6834290019136541,-0.07583333333333331,-0.07879629629629631,0.33064146891090784,0.5466891492456701,0.14621421847199653,0.8944645982537457,0.047235174577957006,0.0029629629629630005,0.006350335003613467,0.323405524227896,0.12024675314538288,0.11239495127095243,0.0,0.9999999987499999,0.5985544625115671,0.29180319305924335,0.317392013839107,0.4033166550214914,fearful,06,20,20,female,normal,2377
20,0.6673333333333333,True,1.0,0.6084402845876871,0.5971963433857106,0.6028183139866988,0.6666386141825471,-0.07708333333333334,-0.07935185185185184,0.33022284410211056,0.5383828850082314,0.1469354231175853,0.9042655213213133,0.01124394120197647,0.002268518518518503,0.0022494256581984907,0.33169627044196687,0.1195376722305874,0.11264253099174687,0.0,0.9999999987499999,0.5969231486891631,0.2914328000076385,0.3147232969584797,0.3979889777545222,fearful,06,20,20,female,normal,2377
30,1.0010000000000001,True,1.0,0.6585663965860767,0.6167027711023308,0.6376345838442038,0.9935124257228919,-0.07370370370370366,-0.07754629629629628,0.3238250965239006,0.6274509803921559,0.1469956419832109,0.6417982979732266,0.04186362548374589,0.0038425925925926196,0.00217615285269506,0.24732147889781608,0.1158194322352984,0.1119582395509061,0.0,0.9999999987499999,0.6006433392419468,0.29059313698536793,0.30065304761485473,0.38140771779045185,fearful,06,20,20,female,normal,2377
40,1.3346666666666667,True,1.0,0.614275954045759,0.5827457736100703,0.5985108638279146,0.7449276540055486,-0.07916666666666661,-0.08347222222222228,0.3346004633077452,0.5671144867694282,0.1421832669737725,0.8034483088520924,0.03153018043568867,0.0043055555555556735,0.010862056588387086,0.2940100664199417,0.11673885476003272,0.11031052663262468,0.0,0.9999999987499999,0.6025284093481144,0.293738888011742,0.30070394933412864,0.37922783713144603,fearful,06,20,20,female,normal,2377
50,1.6683333333333334,True,1.0,0.6253126552563425,0.5573182329389625,0.5913154440976525,0.7923266940096062,-0.07273148148148151,-0.0775925925925926,0.32411871712328855,0.51045104510451,0.15533383629286482,0.7463025650508796,0.06799442231737995,0.004861111111111094,0.008593733486942206,0.28826748138227376,0.11758352780950905,0.11113741926096787,0.0,0.9999999987499999,0.5977215270170568,0.2901016868102106,0.30211350411092863,0.3815637634591349,fearful,06,20,20,female,normal,2377
60,2.0020000000000002,True,1.0,0.6624020484143129,0.6075245717422816,0.6349633100782972,0.7539931501604823,-0.0733333333333333,-0.07708333333333334,0.31516677766303414,0.5563192170508652,0.15114941180164163,0.8421340564475283,0.054877476672031356,0.003750000000000031,0.017054093491022212,0.2945372146195212,0.11537029358616355,0.11360110596820895,0.0,0.9999999987499999,0.5952906150897859,0.2903832266845509,0.3026311929276249,0.38585670759727403,fearful,06,20,20,female,normal,2377
70,2.3356666666666666,True,1.0,0.7014133158493314,0.665499187341774,0.6834562515955527,1.264604810996564,-0.07731481481481478,-0.08143518518518522,0.30697976903898894,0.8064146620847656,0.14275126104191074,0.5404504598214831,0.035914128507557375,0.004120370370370441,0.0025501209116686302,0.19618820827073802,0.11800193685932585,0.1113793996191608,0.0,0.9999999987499999,0.5976285239095639,0.29191261581187417,0.31492152527559897,0.40281946058922574,fearful,06,20,20,female,normal,2377
80,2.6693333333333333,True,1.0,0.7325872409981924,0.6441030111233103,0.6883451260607514,1.0954450000219427,-0.0771296296296296,-0.08134259259259258,0.311203662822869,0.7362514029180705,0.14076641659086908,0.628370320780106,0.08848422987488214,0.004212962962962974,0.0022435507099087208,0.22190837483457232,0.11758050690221529,0.11165369770616328,0.0,0.9999999987499999,0.596026269445278,0.29159550141004087,0.31062775323871306,0.39573938363903344,fearful,06,20,20,female,normal,2377
90,3.003,True,1.0,0.6624020484143136,0.6118718191098588,0.6371369337620862,0.9675480887612832,-0.07694444444444443,-0.08050925925925922,0.3199734933899587,0.6684528122156859,0.14910365290149544,0.6585067359057983,0.05053022930445483,0.0035648148148147984,0.006327423598800168,0.25566844744141126,0.11627620913301866,0.11368369625533538,0.0,0.9999999987499999,0.5954118420962136,0.29063449328192814,0.30906537378818905,0.39611274712667244,fearful,06,20,20,female,normal,2377
0,0.0,True,1.0,0.6855020661918756,0.5872773419712614,0.6363897040815685,1.0665450135048355,-0.07773148148148157,-0.07898148148148143,0.3296700529526413,0.702111280068996,0.1453293584344198,0.596683399222215,0.09822472422061423,0.0012499999999998623,0.008850298863755143,0.23963846386967505,0.10012628636866366,0.11363671592960561,0.0,0.9999999987499999,0.6476770501169218,0.3181745894314046,0.2860362859709353,0.41731717251100986,fearful,06,20,20,female,strong,2378
10,0.33366666666666667,True,1.0,0.6548872342251792,0.626267822596195,0.6405775284106872,1.0522563690889402,-0.07634259259259263,-0.08041666666666669,0.335485363433268,0.6658552661935712,0.14792130870430195,0.6087656461184541,0.028619411628984293,0.004074074074074063,0.005587219240158897,0.23729552241986387,0.1165424257788758,0.11458067127959912,0.0,0.9999999987499999,0.625377891836422,0.28701899822755256,0.3146188761224602,0.39028318357420266,fearful,06,20,20,female,strong,2378
20,0.6673333333333333,True,1.0,0.7047552604758776,0.6869725134541101,0.6958638869649938,0.9294596034970156,-0.0766203703703704,-0.08268518518518514,0.33370109524471825,0.6222804273704843,0.15000050862543976,0.7486757728327976,0.01778274702176741,0.006064814814814745,0.009501147177493495,0.2617176963849428,0.11215425306903748,0.1166140449918601,0.0,0.9999999987499999,0.6257690904252327,0.28914089202117954,0.3098536338813937,0.3926553410961543,fearful,06,20,20,female,strong,2378
30,1.0010000000000001,True,1.0,0.5212153796233973,0.5823509889959738,0.5517831843096855,0.9972910170394709,-0.0800925925925926,-0.08379629629629626,0.3863253031199797,0.5882623842711157,0.14228715500454442,0.5532820158630257,0.06113560937257656,0.0037037037037036535,0.03597041201075777,0.2592298761220494,0.10341729529921935,0.11470803896869748,0.0,0.9936424813311459,0.6341309164837811,0.29345212877045496,0.2633709581297059,0.34599953254999777,fearful,06,20,20,female,strong,2378
40,1.3346666666666667,True,1.0,0.5216062017770654,0.49119474130364743,0.5064004715403564,0.6974081603344368,-0.08287037037037037,-0.08629629629629632,0.40657722184630884,0.5296380321631554,0.12977009585331195,0.7261177891831893,0.030411460473417973,0.0034259259259259434,0.023613421260904894,0.3574051459429643,0.11784695069108206,0.11622751182998722,0.0,0.9999999987499999,0.6003108870110544,0.290372025049022,0.3335895147324692,0.3971695197133289,fearful,06,20,20,female,strong,2378
50,1.6683333333333334,True,1.0,0.42982312177576937,0.42376696069264336,0.42679504123420636,0.5901805774940783,-0.08337962962962958,-0.0856481481481482,0.40854201786590116,0.4128362307493894,0.14552159166311662,0.7231600928759617,0.00605616108312601,0.002268518518518614,0.02871085989516589,0.4298948197016465,0.11633527589368596,0.11741649790917838,0.0,0.9999999987499999,0.5911020805822329,0.2850073963119741,0.32666493049331835,0.36985396131749926,fearful,06,20,20,female,strong,2378
60,2.0020000000000002,True,1.0,0.45845499572433274,0.4737285585431839,0.4660917771337583,1.0155569501763368,-0.08680555555555552,-0.09000000000000002,0.38460971600236354,0.6694749138332481,0.13698612523692574,0.4589518855174278,0.015273562818851172,0.0031944444444444997,0.04960372005135705,0.2686682151174515,0.1004017223101561,0.118808673315942,0.0,0.9999999987499999,0.6693596949092138,0.3094841582406918,0.29498922369208436,0.41048490814392924,fearful,06,20,20,female,strong,2378
70,2.3356666666666666,True,1.0,0.5537794441670396,0.5272666725645883,0.5405230583658139,0.6932880680991056,-0.0860185185185186,-0.08671296296296294,0.4091937638093744,0.550987622072268,0.13904988092323423,0.7796514655846437,0.026512771602451357,0.000694444444444331,0.05796800422187489,0.3577993403689934,0.10268866450797737,0.11765017899540008,0.0,0.9999999987499999,0.6526303779402386,0.3128912201573107,0.3072353830891304,0.42055530976890676,fearful,06,20,20,female,strong,2378
80,2.6693333333333333,True,1.0,0.5306813205276907,0.4562857863338403,0.4934835534307655,0.9907444762554014,-0.08949074074074065,-0.0887500000000001,0.3470356995327383,0.7042779350500313,0.14447251397646801,0.4980936712318865,0.07439553419385037,0.000740740740740542,0.06054851354674575,0.2540295878316485,0.10395093609139988,0.11864265944425964,0.0,0.9999999987499999,0.6389189223032963,0.31321660054275324,0.3081860769138547,0.42077386546372586,fearful,06,20,20,female,strong,2378
90,3.003,True,1.0,0.6486811280485099,0.6306670460086565,0.6396740870285832,0.8464694476467051,-0.08745370370370376,-0.08962962962962973,0.40359803141630485,0.43566463140597944,0.1798557537627832,0.7556966040616825,0.01801408203985333,0.00217592592592597,0.039608173131819115,0.2874449812080386,0.10819681109404079,0.1146177293301307,0.0,0.9999999987499999,0.6104837205350889,0.31228003394641785,0.3439001878678052,0.44817550034102926,fearful,06,20,20,female,strong,2378
100,3.336666666666667,True,1.0,0.6411452443949512,0.6118313008292972,0.6264882726121241,1.0622838641658696,-0.08518518518518514,-0.08819444444444452,0.38085016314334136,0.5729329749269264,0.16647409687598885,0.5897559906024342,0.029313943565654088,0.003009259259259378,0.04551549992403397,0.23275424538370967,0.1047336843698867,0.11811366161436967,0.0,0.9999999987499999,0.6366439261016906,0.3141494263280349,0.3169785925992604,0.4412872741891645,fearful,06,20,20,female,strong,2378
110,3.6703333333333332,True,1.0,0.6391232741410492,0.6221985571772167,0.630660915659133,0.9882430248780522,-0.08657407407407408,-0.08962962962962961,0.36135782308712194,0.6117758096476449,0.16068658547035145,0.6381637914792828,0.016924716963832465,0.0030555555555555336,0.03970405208149782,0.2534855413740523,0.11901674197039974,0.11369662195724682,0.0,0.9999999987499999,0.583781709652611,0.28882084035972444,0.34503682783099254,0.41309968703974304,fearful,06,20,20,female,strong,2378
120,4.0040000000000004,True,1.0,0.7001594593590902,0.6406876304761779,0.6704235449176341,0.975972939492528,-0.08601851851851855,-0.08972222222222226,0.34477229044784646,0.5867462353835421,0.1716957714506323,0.6869284155216753,0.05947182888291225,0.003703703703703709,0.03380143628515004,0.23767170323254191,0.10669592799716589,0.11683438061300759,0.0,0.9999999987499999,0.6379358695431299,0.3068589083372661,0.3194068648531423,0.44473052430268684,fearful,06,20,20,female,strong,2378
0,0.0,True,1.0,0.6824383028672485,0.6288022176011204,0.6556202602341845,1.1229114345172768,-0.07620370370370366,-0.07851851851851849,0.30581675265651775,0.7546154281781182,0.14695732548997636,0.5838574976449733,0.053636085266128064,0.002314814814814825,0.004224258401350335,0.21205410398305585,0.10967698823172972,0.11099270580589264,0.0,0.9999999987499999,0.6275287692186249,0.29183514672608835,0.27293003711101177,0.3572804499621431,fearful,06,20,20,female,strong,2379
10,0.33366666666666667,True,1.0,0.6785027916162674,0.7311339700345298,0.7048183808253986,1.1292960697715066,-0.07245370370370374,-0.07537037037037042,0.3258161414560515,0.7032171403983926,0.14650977788994538,0.6241218752917526,0.05263117841826248,0.0029166666666666785,0.012354215945363092,0.22695820093153715,0.10078143118542494,0.11637765467830767,0.0,0.9999999987499999,0.6480075086597138,0.29056393378276807,0.2561231290494534,0.34836807886979687,fearful,06,20,20,female,strong,2379
20,0.6673333333333333,True,1.0,0.768456908840667,0.8014196196803809,0.7849382642605239,1.0697550268121445,-0.07060185185185186,-0.07125000000000004,0.3156836898790298,0.7101264324271872,0.1375199736913242,0.7337551538314612,0.032962710839713916,0.0006481481481481755,0.00968597804248788,0.22368891340913527,0.11623500815249345,0.11237762635103066,0.0,0.9999999987499999,0.618634521965036,0.28848225738788563,0.31523831856431184,0.40065981619006424,fearful,06,20,20,female,strong,2379
30,1.0010000000000001,True,1.0,0.7456561006171777,0.680374321743685,0.7130152111804313,1.0721847961855635,-0.0737962962962963,-0.07587962962962963,0.3290050350925775,0.6951374416459718,0.1400422556247223,0.6650114921579521,0.06528177887349274,0.002083333333333326,0.017047406667085964,0.22901381130808343,0.09740319959829498,0.11777239302663638,0.0,0.9999999987499999,0.6815037232549269,0.3075668686204313,0.2764011976382487,0.41621935851263947,fearful,06,20,20,female,strong,2379
40,1.3346666666666667,True,1.0,0.7297559860536149,0.6245759093268861,0.6771659476902505,0.7648965086116475,-0.08527777777777779,-0.08629629629629626,0.4395917693875025,0.5551668207665181,0.1255317585916944,0.885304011805943,0.1051800767267288,0.0010185185185184742,0.02280112413388742,0.31917462178398026,0.09928145170452776,0.11958719035697173,0.0,0.9999999987499999,0.6582348655321505,0.31499046381752605,0.30401950814032874,0.4406848827218777,fearful,06,20,20,female,strong,2379
50,1.6683333333333334,True,1.0,0.5337732773499453,0.581616188635386,0.5576947329926656,0.6930670099938963,-0.08699074074074076,-0.08634259259259247,0.3981133758539357,0.49452678482272827,0.1408688153963191,0.8046764958522223,0.047842911285440715,0.0006481481481482865,0.04033440790194113,0.34941941760167816,0.11190150185221388,0.11570971533120188,0.0,0.9999999987499999,0.6161561300457683,0.2874107437062025,0.320280349279322,0.38835794110562877,fearful,06,20,20,female,strong,2379
60,2.0020000000000002,True,1.0,0.5394114619214766,0.5362020539049254,0.537806757913201,0.7377852000515004,-0.08625,-0.08828703703703694,0.4220951838296655,0.5653949860271709,0.13486711852966177,0.7289476095151541,0.0032094080165512295,0.0020370370370369484,0.030783128833108863,0.36006614502030543,0.12194901895503273,0.11242547270547887,0.0,0.7071067807446058,0.5851569789556448,0.2848954577558182,0.3527491519350074,0.4041042291275323,fearful,06,20,20,female,strong,2379
70,2.3356666666666666,True,1.0,0.518518518518519,0.500731172703551,0.509624845611035,0.4973432482367489,-0.08912037037037035,-0.08791666666666664,0.4163161040154159,0.4837864081698083,0.1445143571208844,1.0246944085756238,0.017787345814967992,0.0012037037037037068,0.0376239866059366,0.5065634857528591,0.11997997668455222,0.11452447481425243,0.0,0.9999999987499999,0.5818603363063976,0.2845796550372844,0.353267917367031,0.40506425915406136,fearful,06,20,20,female,strong,2379
80,2.6693333333333333,True,1.0,0.6433933360420594,0.5992335205293476,0.6213134282857036,1.4566318222008134,-0.09416666666666668,-0.0918518518518518,0.313182689544014,0.8931856039761193,0.156743457873464,0.42654116079035403,0.04415981551271175,0.0023148148148148806,0.042270464099187964,0.18206125191531533,0.10504553950571986,0.11864205017351208,0.0,0.9999999987499999,0.6419211260988771,0.3094309265746118,0.3199042852447774,0.44111083937997314,fearful,06,20,20,female,strong,2379
90,3.003,True,1.0,0.7325014998799197,0.6756319467630211,0.7040667233214704,1.2425893982406433,-0.09356481481481477,-0.09611111111111104,0.36119107513189347,0.6710595473458586,0.18100446664757605,0.5666125305095504,0.056869553116898675,0.0025462962962962687,0.04237408392943686,0.20167762990130417,0.11088650063113514,0.11520387488593063,0.0,0.9999999987499999,0.6087392907397335,0.31040642041107047,0.34567602518371476,0.44634572162685726,fearful,06,20,20,female,strong,2379
100,3.336666666666667,True,1.0,0.6904241356829046,0.6682035964761743,0.6793138660795395,1.170154445263013,-0.09134259259259259,-0.09203703703703703,0.35126632139643477,0.6440643796924553,0.17596041216816524,0.5805335089137328,0.022220539206730283,0.000694444444444442,0.04049244434155024,0.2206383788359493,0.10475295918019172,0.11728716684697163,0.0,0.9999999987499999,0.6318483507465487,0.3130586140251895,0.3355864241138896,0.45415526613472273,fearful,06,20,20,female,strong,2379
110,3.6703333333333332,True,1.0,0.7306658391751056,0.6583180092868127,0.6944919242309592,1.1224117165373613,-0.09083333333333327,-0.09361111111111114,0.33555233016951336,0.7243384845060283,0.16914205059203063,0.6187497101094649,0.07234782988829291,0.002777777777777879,0.029878911944401673,0.22681483383592932,0.12115809091820762,0.11192379354520804,0.0,0.9999999987499999,0.5844725925839085,0.2883089148310605,0.34649419609392995,0.40610183481401,fearful,06,20,20,female,strong,2379
120,4.0040000000000004,True,1.0,0.7624987153671537,0.6696951466409193,0.7160969310040366,0.9361287787680485,-0.09143518518518523,-0.09324074074074068,0.35060515367933043,0.5775662452497831,0.178032507129555,0.7649555779562988,0.09280356872623441,0.0018055555555554492,0.03614028381535901,0.24600824887576764,0.10825414580668556,0.11539208577997022,0.0,0.9999999987499999,0.6286335860750549,0.31063682535158704,0.33800893548659783,0.4453623570137338,fearful,06,20,20,female,strong,2379
0,0.0,True,1.0,0.7302719404285107,0.6705100872427667,0.7003910138356387,0.8024219088822784,-0.06879629629629624,-0.07194444444444448,0.3250210471263209,0.4694685597539513,0.15783236184754212,0.8728463244619503,0.05976185318574401,0.003148148148148233,0.00443276914739315,0.29918070184372275,0.11288367904360837,0.11408568514175722,0.0,0.9999999987499999,0.618675336611207,0.2884803195042275,0.28952132580887835,0.3908876355915486,fearful,06,20,20,female,strong,2380
10,0.33366666666666667,True,1.0,0.6654462858030575,0.6667731833520806,0.6661097345775691,0.8542558489435202,-0.07157407407407412,-0.07550925925925922,0.3257997325194132,0.495437041503889,0.1612819715652448,0.7797543738229756,0.0013268975490230428,0.003935185185185097,0.004354761059175944,0.2707225962913433,0.11603175715715054,0.11258747423908624,0.0,0.9999999987499999,0.6177322435771184,0.28731198870903174,0.2998270327675784,0.39670945468157925,fearful,06,20,20,female,strong,2380
20,0.6673333333333333,True,1.0,0.6463826983674031,0.6174222246533501,0.6319024615103765,0.8317442536348801,-0.07236111111111121,-0.07657407407407407,0.345412785520502,0.4647699910916182,0.1586106398368169,0.759731682844628,0.02896047371405308,0.004212962962962863,0.0023817156993063793,0.2874167964996458,0.0977996839363662,0.11646595205640789,0.0,0.9999999987499999,0.6664288730570354,0.3073480283500223,0.28566721013604257,0.43296052815027036,fearful,06,20,20,female,strong,2380
30,1.0010000000000001,True,1.0,0.6950656949699465,0.6411657559198541,0.6681157254449004,0.6644736584225603,-0.07754629629629634,-0.0809259259259259,0.3609063177914543,0.44809505951686823,0.14716422740091922,1.0054811307809948,0.05389993905009238,0.003379629629629566,0.00416582377714948,0.31735294249354334,0.11129114512866631,0.11646059119612531,0.0,0.9999999987499999,0.6133237008318952,0.2920664362731135,0.2921710935664864,0.37767365789531315,fearful,06,20,20,female,strong,2380
40,1.3346666666666667,True,1.0,0.5241984996983039,0.49433284220482165,0.5092656709515628,0.6338760711606338,-0.07643518518518516,-0.0803240740740741,0.40011070797131604,0.47540705337047484,0.13300929076391138,0.8034152007333105,0.029865657493482245,0.0038888888888889417,0.010154195824864267,0.3815613173141505,0.09517904776957016,0.1181343861423072,0.0,0.9999999987499999,0.6774671979573079,0.31542110272833906,0.2837303198428882,0.41190425669220304,fearful,06,20,20,female,strong,2380
50,1.6683333333333334,True,1.0,0.4750342705073284,0.5170858534086898,0.4960600619580091,0.7956464995773772,-0.07759259259259266,-0.08236111111111116,0.45395545924932645,0.4954522300905569,0.13447332122878275,0.6234679122216975,0.04205158290136146,0.004768518518518505,0.00897105276132744,0.3404373013973057,0.10732033468809306,0.1206045019495624,0.0,0.9999999987499999,0.6179460849027111,0.2901234980032159,0.319178530046308,0.42338620172941266,fearful,06,20,20,female,strong,2380
60,2.0020000000000002,True,1.0,0.5182910606938894,0.5464462841194245,0.532368672406657,0.5300546713845431,-0.07574074074074072,-0.07953703703703707,0.44329343857309805,0.4372666862048782,0.13541723006693698,1.0043655893383026,0.028155223425535114,0.003796296296296353,0.009791009515366947,0.48586728559797143,0.11067464254871874,0.11622991028728885,0.0,0.9999999987499999,0.6031891180534713,0.2862486814878017,0.3367471375686359,0.42012051560477726,fearful,06,20,20,female,strong,2380
70,2.3356666666666666,True,1.0,0.5670498084291195,0.5817330869449495,0.5743914476870344,0.9365301718080904,-0.08004629629629628,-0.08560185185185187,0.35715739903032506,0.5425063876575845,0.15982966103635318,0.6133186788612467,0.014683278515830067,0.005555555555555591,0.01981900585759414,0.2720136549334062,0.10242887997530646,0.1190024311320672,0.0,0.9999999987499999,0.6475936991046418,0.30691701975322233,0.31250255474150535,0.4437713677984232,fearful,06,20,20,female,strong,2380
80,2.6693333333333333,True,1.0,0.6256812586284374,0.6594982078853043,0.6425897332568709,0.5870961269729236,-0.07351851851851843,-0.07888888888888901,0.4308942555624022,0.20962194709171983,0.19389210073779597,1.0945221808395724,0.03381694925686696,0.005370370370370581,0.021917935165558084,0.4290217293052555,0.10568475277983612,0.1207849393639044,0.0,0.9999999987499999,0.6110204024656739,0.31471069266282414,0.3339656826640682,0.4338016500700146,fearful,06,20,20,female,strong,2380
90,3.003,True,1.0,0.6516537664887133,0.6715481709386616,0.6616009687136875,0.5265966846377738,-0.06699074074074074,-0.07212962962962965,0.4545462323084325,0.0972986348396343,0.19944369807999512,1.256371314165751,0.019894404449948278,0.005138888888888915,0.019406019973387503,0.47270484405788865,0.1037487290924784,0.11913977866584384,0.0,0.9999999987499999,0.6086341066192101,0.31660966276455915,0.34112089983448773,0.4508537559919113,fearful,06,20,20,female,strong,2380
100,3.336666666666667,True,1.0,0.6526988227209997,0.6937604367148736,0.6732296297179367,0.5556573573193382,-0.06800925925925932,-0.0725925925925926,0.455597715812444,0.17141393017868053,0.1890503835011424,1.2115913176526687,0.04106161399387398,0.004583333333333273,0.00953213014649572,0.4473638051335693,0.10428586421034372,0.11786443245238769,0.0,0.9999999987499999,0.6151032663143382,0.31070177665474347,0.31671926847626364,0.44562258488672585,fearful,06,20,20,female,strong,2380
110,3.6703333333333332,True,1.0,0.6361777973932832,0.6782031138835093,0.6571904556383963,0.4922276481545271,-0.06361111111111112,-0.06824074074074082,0.4323062669958689,0.09228355976282908,0.19949074418220797,1.3351351922273202,0.04202531649022612,0.004629629629629706,0.013107698523487867,0.5256381446869358,0.11816696194699439,0.11424652258467698,0.0,0.9999999987499999,0.5525473860559849,0.28000323972147917,0.3550445009668862,0.43992047472029394,fearful,06,20,20,female,strong,2380
0,0.0,True,1.0,0.6898707623721518,0.7031129541252252,0.6964918582486885,0.9193978409135215,-0.07486111111111116,-0.08087962962962963,0.3299409038822517,0.5933054124182604,0.15277827715551273,0.7575522012936732,0.013242191753073396,0.006018518518518479,0.013183548645439776,0.26647422764654866,0.11746805100814744,0.11346373994534394,0.0,0.9999999987499999,0.6179622527057699,0.2867719390909815,0.3180621954501719,0.3968310672818265,fearful,06,20,20,female,strong,2381
10,0.33366666666666667,True,1.0,0.7178049194865034,0.5923045778283241,0.6550547486574138,0.9315216315276098,-0.08055555555555549,-0.07939814814814816,0.34791510336431347,0.6348296493687609,0.14241964651300967,0.7032093796718217,0.12550034165817925,0.0011574074074073293,0.025081129405435186,0.2581332598369811,0.09418032170534735,0.11200216752664881,0.0,0.9999999987499999,0.653919048635079,0.321384450154555,0.26582163728509933,0.38968990851740604,fearful,06,20,20,female,strong,2381
20,0.6673333333333333,True,1.0,0.6527911233547878,0.5386072413561924,0.5956991823554901,0.7604258871180337,-0.07745370370370364,-0.07916666666666672,0.3560717724381575,0.5227569037579516,0.14148001415060626,0.7833757272692972,0.11418388199859542,0.0017129629629630827,0.002353184436922117,0.3170696085901345,0.09944045368486655,0.11556385326133078,0.0,0.9999999987499999,0.6381134601184223,0.29401331372617506,0.228325519731101,0.30728291607229063,fearful,06,20,20,female,strong,2381
30,1.0010000000000001,True,1.0,0.5915726140793308,0.5660668843096278,0.5788197491944793,0.6677954212241985,-0.07620370370370372,-0.08111111111111102,0.38360022135221394,0.5253727650123807,0.1318074332611429,0.8667620813173448,0.025505729769703,0.004907407407407305,0.019292087083614816,0.35881135303106354,0.11634474980146914,0.11478138538674404,0.0,0.9999999987499999,0.606371612457483,0.28909708696970976,0.32484346171339734,0.38375175683025803,fearful,06,20,20,female,strong,2381
40,1.3346666666666667,True,1.0,0.6950656949699465,0.6287091186481494,0.6618874068090479,0.6486581435955477,-0.07810185185185187,-0.07958333333333334,0.398940050108092,0.4931150438617186,0.13300164256245253,1.0203948155806226,0.06635657632179714,0.0014814814814814725,0.018404967526548056,0.38661257826241624,0.11274535057335049,0.11521882727280897,0.0,0.9999999987499999,0.5968753687646934,0.29294339483643056,0.31309356153723306,0.380042752595011,fearful,06,20,20,female,strong,2381
50,1.6683333333333334,True,1.0,0.4589086299189593,0.500472125502404,0.4796903777106817,0.8356512270706672,-0.07944444444444448,-0.08597222222222234,0.4607418188043328,0.5127330028377559,0.13201439146744084,0.5740317995968388,0.04156349558344474,0.0065277777777778545,0.029440777607264778,0.3339950663289583,0.08895234978877566,0.12022685507916582,0.0,0.9999999987499999,0.6913789338938701,0.30799193693615434,0.2823653367947123,0.4120013877689175,fearful,06,20,20,female,strong,2381
60,2.0020000000000002,True,1.0,0.5825030598709798,0.5325211880629032,0.5575121239669415,0.5064691544018672,-0.07620370370370372,-0.07861111111111119,0.42498159284358167,0.46774456571844236,0.13618577911579732,1.100781990613733,0.04998187180807667,0.002407407407407469,0.029868011532387453,0.5079102483441711,0.11946117114701954,0.11456773927326698,0.0,0.9999999987499999,0.5778783444940476,0.2873511158666497,0.36025635290012414,0.4092541375279727,fearful,06,20,20,female,strong,2381
70,2.3356666666666666,True,1.0,0.6476486548656797,0.5978246833786418,0.6227366691221607,1.4242164966020785,-0.08509259259259255,-0.08638888888888879,0.34307734030997644,0.802886318021842,0.15682605640553854,0.437248599919954,0.04982397148703788,0.0012962962962962399,0.03687282860147508,0.20000353549749986,0.1078807530053113,0.11769997470813982,0.0,0.9999999987499999,0.6212850284566952,0.3103514229142852,0.3277909476800295,0.4484559422391399,fearful,06,20,20,female,strong,2381
80,2.6693333333333333,True,1.0,0.6733051751033393,0.6354557787496357,0.6543804769264875,1.1234988002849595,-0.08143518518518517,-0.08592592592592602,0.3804514111994046,0.5890963711775306,0.17161932530120336,0.5824487545162604,0.03784939635370366,0.004490740740740851,0.023478328221021895,0.23606149505623739,0.1096083627787786,0.11948945820590029,0.0,0.9999999987499999,0.6129171512745722,0.3137559887373916,0.3462041631822956,0.4557602837728792,fearful,06,20,20,female,strong,2381
90,3.003,True,1.0,0.7037651020011958,0.6457070154836461,0.6747360587424209,1.0297475882121983,-0.07916666666666677,-0.08490740740740749,0.38714446438436767,0.5423184772990682,0.17009337631768306,0.6552441262949376,0.058058086517549734,0.005740740740740713,0.01661261226527386,0.26283101418932514,0.10587725423901095,0.11725226089143809,0.0,0.9999999987499999,0.6313856885254102,0.31533968077106783,0.336125912487874,0.45789145270249976,fearful,06,20,20,female,strong,2381
100,3.336666666666667,True,1.0,0.7098657998312254,0.7031308716752359,0.7064983357532306,1.0157440803536615,-0.08148148148148149,-0.08745370370370364,0.3739823772725424,0.5854457357571451,0.16921232963351102,0.6955475787830752,0.006734928155989528,0.005972222222222157,0.020036816926594873,0.2659797434275259,0.10696761427280073,0.11658568969331858,0.0,0.9999999987499999,0.6342222330103917,0.31217155666369123,0.33517466390014095,0.45531657763693656,fearful,06,20,20,female,strong,2381
110,3.6703333333333332,True,1.0,0.6390654655516134,0.6244262279306545,0.6317458467411339,0.9563059989498709,-0.08111111111111113,-0.08824074074074073,0.36182792156261123,0.5884739646372608,0.16857954014247672,0.6606105654830778,0.014639237620958867,0.007129629629629597,0.0120976479988104,0.276912708251921,0.1049045110630667,0.1173141486357412,0.0,0.9999999987499999,0.6385658812587536,0.31142462253998715,0.32729675236143435,0.45226629028839654,fearful,06,20,20,female,strong,2381
0,0.0,True,1.0,0.5136940559182556,0.46641503012844027,0.49005454302334794,0.8472350934645577,-0.04999999999999993,-0.05087962962962961,0.3405440215434925,0.4402299995453094,0.14950981264118784,0.5784162469231432,0.0472790257898153,0.0008796296296296746,0.005510210911031058,0.3222480008149313,0.11496529552004117,0.11079044066320351,0.0,0.9999999987499999,0.6157706633903561,0.2924606682648277,0.29310590198065106,0.3729078584696804,disgust,07,20,20,female,normal,2382
10,0.33366666666666667,True,1.0,0.5155516592312561,0.5109603496729606,0.5132560044521084,0.822651656211009,-0.04875000000000007,-0.04847222222222225,0.3450957296059855,0.3948478093088888,0.14589662177677978,0.6239044200264261,0.004591309558295564,0.0002777777777778212,0.002764471480314161,0.33984059953188,0.11733262944773187,0.11326786597336459,0.0,0.9999999987499999,0.6142802173213036,0.2874535825281915,0.29711554050949884,0.3781618976982612,disgust,07,20,20,female,normal,2382
20,0.6673333333333333,True,1.0,0.4764842567848837,0.4351008115390006,0.45579253416194215,0.7828242580525391,-0.04657407407407416,-0.047916666666666774,0.3471743615502514,0.3506159581919228,0.14376910538798826,0.5822411984215131,0.04138344524588311,0.0013425925925926174,0.006041295489796755,0.36385314826359,0.11307634341774146,0.11621301292642994,0.0,0.9999999987499999,0.6156668816432823,0.28849895417786314,0.28874661233927207,0.37151056564103163,disgust,07,20,20,female,normal,2382
30,1.0010000000000001,True,1.0,0.38089929070939577,0.3878891604271137,0.38439422556825475,0.8224596866342903,-0.045509259259259305,-0.04606481481481478,0.3855104719049368,0.3818370208715609,0.13684124252528623,0.46737150989283327,0.0069898697177179225,0.0005555555555554759,0.002769433333590717,0.3519979656564218,0.11299684573984377,0.11430743325099713,0.0,0.9999999987499999,0.6239749776394933,0.2867867134345593,0.298038706616291,0.3807305143791434,disgust,07,20,20,female,normal,2382
40,1.3346666666666667,True,1.0,0.2528417658195282,0.32631591414661987,0.28957883998307404,0.7531444998526217,-0.04643518518518519,-0.047175925925925954,0.3960401278834642,0.28612249435155257,0.1399008880120342,0.3844930687799486,0.07347414832709165,0.000740740740740764,0.0275152557117066,0.3486617561599194,0.10146088857793828,0.11512570381759947,0.0,0.9999999987499999,0.6378638883209533,0.293334503841397,0.26637479652682716,0.3517213875907636,disgust,07,20,20,female,normal,2382
50,1.6683333333333334,True,1.0,0.40975015131755876,0.41001686193425324,0.409883506625906,1.2706331617216045,-0.0444444444444444,-0.04319444444444448,0.3279885386405628,0.6178923039142613,0.13680611323604955,0.32258209448157893,0.0002667106166944766,0.0012499999999999178,0.012864182245524507,0.22345227053428998,0.10899636272171687,0.11601257707252993,0.0,0.9999999987499999,0.6159123007875025,0.29251175646814903,0.294585588955275,0.37728865954652463,disgust,07,20,20,female,normal,2382
60,2.0020000000000002,True,1.0,0.38651648094995733,0.3651045818555843,0.3758105314027708,0.5799891313274651,-0.043703703703703745,-0.04185185185185186,0.3578818522315002,0.3208094610511212,0.13893274589680682,0.6479613342798766,0.02141189909437302,0.0018518518518518823,0.01018311386765231,0.44342143207029927,0.11371863552361848,0.1134215342480642,0.0,0.9999999987499999,0.6019641267522634,0.29200174180333016,0.2691264434079653,0.3471911862499335,disgust,07,20,20,female,normal,2382
70,2.3356666666666666,True,1.0,0.44442518694576766,0.45236231577900443,0.448393751362386,0.8447536369689179,-0.04495370370370372,-0.0444444444444444,0.3202717031060466,0.48397343784677566,0.13707520771432996,0.5307982490271117,0.007937128833236773,0.0005092592592593204,0.0070644834740623405,0.3053989201585828,0.11724780675664646,0.11469236585816446,0.0,0.9999999987499999,0.6058618177818001,0.28675968828783494,0.30699242816794614,0.3814366237253685,disgust,07,20,20,female,normal,2382
80,2.6693333333333333,True,1.0,0.5164132576167649,0.5039152441125448,0.5101642508646549,1.0914887711900896,-0.045555555555555516,-0.04750000000000004,0.31661442006269575,0.5456545654565469,0.14386936705008,0.4674021981081898,0.012498013504220085,0.0019444444444445264,0.011077184012861783,0.22677718636112262,0.11704999165003681,0.11604918811829189,0.0,0.9999999987499999,0.5973070588078981,0.2908121589520567,0.308251113667937,0.37319530572345955,disgust,07,20,20,female,normal,2382
90,3.003,True,1.0,0.58179835380401,0.5518447303340143,0.5668215420690121,1.0271404307402425,-0.046157407407407314,-0.04879629629629639,0.33973926108726127,0.5053377431806535,0.14518146123745232,0.5518442513848993,0.02995362346999575,0.0026388888888890794,0.008621860533202269,0.26968883345040817,0.10734409777298823,0.11358642109622946,0.0,0.9999999987499999,0.6465349100734044,0.2992101023146859,0.2924521791144631,0.4292219844614604,disgust,07,20,20,female,normal,2382
100,3.336666666666667,True,1.0,0.5458256650883185,0.5369546407758408,0.5413901529320797,0.9726552907495205,-0.04518518518518505,-0.0493055555555556,0.3312965841923682,0.49468934093726336,0.14656109744913154,0.5566105053671057,0.008871024312477771,0.004120370370370552,0.00884843778674778,0.28176472522779195,0.10650929464203714,0.11436957873085318,0.0,0.9999999987499999,0.6499570371742447,0.2985842108904142,0.2842066699051504,0.4223342645156784,disgust,07,20,20,female,normal,2382
110,3.6703333333333332,True,1.0,0.5533137118747666,0.5427292884974589,0.5480215001861128,1.0157720744690026,-0.04703703703703693,-0.050138888888888955,0.3312569205959494,0.5332569054697597,0.14457959756087374,0.5395122724481203,0.010584423377307695,0.003101851851852022,0.016921071061805366,0.28173101389637817,0.11649853084539064,0.11311951211428839,0.0,0.9999999987499999,0.6080667143732492,0.2889053401663333,0.2939933172895529,0.3638873131577382,disgust,07,20,20,female,normal,2382
0,0.0,True,1.0,0.6603936693728407,0.5612770409086586,0.6108353551407497,0.5809232487762839,-0.04958333333333331,-0.05421296296296296,0.33003564982865297,0.3444445760436537,0.15021244279579182,1.0514906339649441,0.09911662846418212,0.00462962962962965,0.06454773149234742,0.43995152594563697,0.10267302630564946,0.1111697897433385,0.0,0.9999999987499999,0.632971759297469,0.2987557818903139,0.2519699076722859,0.32207444145674274,disgust,07,20,20,female,normal,2383
10,0.33366666666666667,True,1.0,0.5726159530145535,0.45767973303941584,0.5151478430269847,0.5784003649855137,-0.04814814814814816,-0.049861111111111134,0.3428912662092329,0.3325838345215583,0.1419442841258743,0.8906423201165974,0.11493621997513764,0.0017129629629629717,0.0731152014864419,0.44672293423507503,0.1036570141751866,0.11042553980941568,0.0,0.9999999987499999,0.6334564668289191,0.296907054143265,0.24677919899445658,0.3163285749801511,disgust,07,20,20,female,normal,2383
20,0.6673333333333333,True,1.0,0.5626779744320799,0.4559048776458253,0.5092914260389526,0.6123447870446431,-0.04550925925925914,-0.04638888888888881,0.373304143792725,0.27346477172204187,0.13936041919108233,0.8317069677312736,0.10677309678625457,0.0008796296296296746,0.06953739115735662,0.4024168145668201,0.10388006715698461,0.1088240621242485,0.0,0.9999999987499999,0.635264989566139,0.29832372109971883,0.2443146598074601,0.3114376234614221,disgust,07,20,20,female,normal,2383
30,1.0010000000000001,True,1.0,0.545376315173582,0.4475404378302681,0.49645837650192504,0.7936900711928263,-0.04712962962962952,-0.047870370370370396,0.3992730900273539,0.345233630637956,0.13962301235406815,0.6255065982566775,0.09783587734331389,0.000740740740740875,0.0390922135840018,0.31453359031628286,0.10658032724615103,0.11023052883517545,0.0,0.9999999987499999,0.6253287860456682,0.29704107834407567,0.26343472018119246,0.33964169119154797,disgust,07,20,20,female,normal,2383
40,1.3346666666666667,True,1.0,0.25180914089299433,0.22975644524561073,0.24078279306930253,0.6869808696016624,-0.0411111111111111,-0.044490740740740775,0.3867514757047748,0.2910243906607104,0.13724208150969652,0.3504941749090008,0.022052695647383602,0.003379629629629677,0.02508714145533434,0.40384609897791035,0.11132693177007852,0.11560528885653469,0.0,0.9999999987499999,0.6078231320731419,0.2898952878006641,0.2989328519221491,0.37314217075321654,disgust,07,20,20,female,normal,2383
50,1.6683333333333334,True,1.0,0.32631591414661887,0.28476974063896554,0.3055428273927922,0.8885893662130022,-0.043564814814814945,-0.04412037037037031,0.3432122802072689,0.45257565673563804,0.13790390339749498,0.3438515460689759,0.04154617350765333,0.0005555555555553648,0.020690662519162257,0.32893533963924837,0.11687526149829855,0.11306773569324478,0.0,0.9999999987499999,0.6100318168048471,0.28880360244881315,0.3129158533971505,0.38983329586782056,disgust,07,20,20,female,normal,2383
60,2.0020000000000002,True,1.0,0.42614391431812515,0.3697224118920536,0.3979331631050894,0.7109721993113535,-0.038333333333333275,-0.0429166666666666,0.3631259125860232,0.3069104202505312,0.1440382830537572,0.5597028456113008,0.056421502426071524,0.004583333333333328,0.0342095597177234,0.37061751390605574,0.10544494117148633,0.1116588909131079,0.0,0.9999999987499999,0.618729440432423,0.30270490332396,0.26316719401758853,0.3211581092801608,disgust,07,20,20,female,normal,2383
70,2.3356666666666666,True,1.0,0.5408772946019927,0.49045979836313,0.5156685464825613,0.8987673394273201,-0.04421296296296301,-0.04879629629629639,0.2986960345184426,0.4892906604595501,0.14858362690427163,0.5737508739593685,0.05041749623886277,0.004583333333333384,0.0334358796597951,0.27497851814237273,0.10496206229746023,0.11143111426683536,0.0,0.7196340246639821,0.6332038355185824,0.29663813468364686,0.25514287619498344,0.31453369840481527,disgust,07,20,20,female,normal,2383
80,2.6693333333333333,True,1.0,0.5373746455972142,0.5091994788103877,0.523287062203801,1.0775036933788795,-0.0445370370370371,-0.05175925925925928,0.31805284219800195,0.5563192170508644,0.1433134484770049,0.48564758099608574,0.02817516678682641,0.0072222222222221855,0.053000859295856684,0.24584584521308694,0.11438586599283632,0.11001174027051713,0.0,0.9999999987499999,0.6041835921634278,0.2920083404546207,0.29136962818660234,0.35911516867173315,disgust,07,20,20,female,normal,2383
90,3.003,True,1.0,0.5951683820749889,0.5170207427457054,0.5560945624103472,0.9530377340021043,-0.046203703703703636,-0.05305555555555558,0.334194085377393,0.5101443274928479,0.1445970104506134,0.5834968989896462,0.07814763932928348,0.006851851851851942,0.052971000412462554,0.2860757692688774,0.11770524626736807,0.11083674041617522,0.0,0.9999999987499999,0.593707590442427,0.29062041869089617,0.3075213254092047,0.37757826789250293,disgust,07,20,20,female,normal,2383
100,3.336666666666667,True,1.0,0.5783217757642723,0.5268969629319971,0.5526093693481346,0.9257614293224582,-0.046712962962962956,-0.05268518518518528,0.33122025916428355,0.5054932774335406,0.14465556569698315,0.596924166253692,0.05142481283227529,0.005972222222222323,0.06012922259516952,0.2967656625628413,0.10209776596855252,0.1142281833836266,0.0,0.9999999987499999,0.6643873102834884,0.3095358807240912,0.29204207249399705,0.41118800726830074,disgust,07,20,20,female,normal,2383
110,3.6703333333333332,True,1.0,0.6044892209311619,0.5647616409399743,0.5846254309355681,0.9711050366062381,-0.04597222222222219,-0.05138888888888887,0.3227989260579098,0.5380718261036247,0.1467359015944763,0.602020799911288,0.03972757999118759,0.005416666666666681,0.06642158573153048,0.2812367857500894,0.10264134006455548,0.1135723692505839,0.0,0.9999999987499999,0.6645039713776136,0.30956165255965007,0.2915653158984139,0.4100692461577229,disgust,07,20,20,female,normal,2383
0,0.0,True,1.0,0.5789540758414303,0.5121575277040151,0.5455558017727227,0.5688998811730116,-0.049120370370370425,-0.05060185185185184,0.3340632182224501,0.4050668316484588,0.14248343983103814,0.9589662782981148,0.0667965481374152,0.001481481481481417,0.01286125876086678,0.44311744951885973,0.11795589856774426,0.11210998860794208,0.0,0.9999999987499999,0.5998695573932699,0.2888139473077603,0.29637802717659406,0.370830766189591,disgust,07,20,20,female,normal,2384
10,0.33366666666666667,True,1.0,0.5078073084332037,0.4443998616980562,0.4761035850656299,0.547093050697688,-0.05189814814814814,-0.05236111111111119,0.33968774065279417,0.41025641025641024,0.13696101908770197,0.8702424285201068,0.06340744673514748,0.00046296296296305384,0.008254614201255976,0.45802762261616503,0.10871157879333875,0.11022329903559468,0.0,0.9999999987499999,0.6275377798072355,0.293579598912959,0.26270693023578157,0.3447030921185723,disgust,07,20,20,female,normal,2384
20,0.6673333333333333,True,1.0,0.30297401435890475,0.28401220022722623,0.2934931072930655,0.6623093681917218,-0.05611111111111111,-0.05777777777777782,0.3333182817553581,0.4531590413943355,0.13429176453497962,0.4431359744984109,0.018961814131678523,0.0016666666666667052,0.00991053164908515,0.3857670570424179,0.10889323167780379,0.1114202795252471,0.0,0.9999999987499999,0.6237174251419318,0.2926489016355873,0.2666958804667698,0.34862163622963366,disgust,07,20,20,female,normal,2384
30,1.0010000000000001,True,1.0,0.3587647541924712,0.3492813065875466,0.35402303039000893,0.7833856557274317,-0.05342592592592593,-0.05550925925925926,0.3552035139256173,0.4155645087992218,0.13595701737682295,0.45191410871733706,0.009483447604924644,0.002083333333333326,0.0047896806666439815,0.35635813679849354,0.11306566987137454,0.11423935723058458,0.0,0.9999999987499999,0.6090095536417692,0.2888745956584281,0.2966194640692028,0.37441258802997257,disgust,07,20,20,female,normal,2384
40,1.3346666666666667,True,1.0,0.17429193899782092,0.1591506351088075,0.1667212870533142,0.6818491292487552,-0.05398148148148152,-0.05412037037037032,0.3779286012189381,0.2954448752784687,0.13825752356477974,0.2445134559854959,0.015141303889013413,0.00013888888888879958,0.003380705718334193,0.38810635367556495,0.11507942254319814,0.11305628106782187,0.0,0.9999999987499999,0.6035096349242822,0.29107363161493316,0.2989175264740994,0.37410341479426124,disgust,07,20,20,female,normal,2384
50,1.6683333333333334,True,1.0,0.2222222222222226,0.23502942077654485,0.2286258214993837,0.7105079037111868,-0.051620370370370317,-0.054629629629629695,0.4058691160749121,0.36918547937934265,0.13213165743422578,0.32177801303153053,0.012807198554322247,0.003009259259259378,0.00024831520486492205,0.3639705882352934,0.1142499476080059,0.11571987329945767,0.0,0.9999999987499999,0.6171335004079757,0.2880661700319668,0.3178540201669798,0.3965965784937786,disgust,07,20,20,female,normal,2384
60,2.0020000000000002,True,1.0,0.4522071959266369,0.43597594871167045,0.44409157231915364,0.7228854066938112,-0.046712962962962956,-0.04935185185185181,0.37343948588548936,0.37647696625204247,0.1371536636860453,0.6143319096041113,0.016231247214966438,0.0026388888888888573,0.015874857371698522,0.33982041718474787,0.11763448570120054,0.11329117822768976,0.0,0.9999999987499999,0.6048846142363197,0.28631062691886994,0.30981859568093484,0.38664777809164175,disgust,07,20,20,female,normal,2384
70,2.3356666666666666,True,1.0,0.4676189337996899,0.4732506902473373,0.47043481202351356,0.9048449081651622,-0.04671296296296301,-0.04990740740740751,0.33050837133668437,0.45239697576289856,0.1461343619280253,0.519906569378235,0.005631756447647407,0.0031944444444444997,0.01598230387351855,0.25540045341188156,0.12015429893918339,0.11130194754560167,0.0,0.9999999987499999,0.5973953741105817,0.28987998619207045,0.31643943059670865,0.38196973144667073,disgust,07,20,20,female,normal,2384
80,2.6693333333333333,True,1.0,0.5533039710793741,0.49276937710198826,0.5230366740906812,0.9884473294078578,-0.0464814814814814,-0.05037037037037034,0.33257964628096265,0.4941338440615954,0.1453930865170822,0.5291497670432406,0.060534593977385864,0.0038888888888889417,0.0281540887478754,0.26904391363689517,0.11626641509947136,0.11115170314444091,0.0,0.9999999987499999,0.5954572451871373,0.2954443146912748,0.29477763992776795,0.3652259434617519,disgust,07,20,20,female,normal,2384
90,3.003,True,1.0,0.6088682683193687,0.5435598460848508,0.5762140572021097,0.927223642210758,-0.04648148148148151,-0.052083333333333315,0.33056828349456024,0.48849115140534954,0.14595099652452445,0.621440212447836,0.06530842223451794,0.005601851851851802,0.04154335773066925,0.2884219616919303,0.1156746253299093,0.11056777927477444,0.0,0.9999999987499999,0.602773116551308,0.28851815141263637,0.2842378536114673,0.3758464522499524,disgust,07,20,20,female,normal,2384
100,3.336666666666667,True,1.0,0.6372374085108522,0.5643021521459725,0.6007697803284123,0.8529256624729589,-0.04680555555555549,-0.051342592592592606,0.3351886271236422,0.47751751465790254,0.14532852884556727,0.7043635884826706,0.07293525636487974,0.004537037037037117,0.04471134320891099,0.293108779580104,0.1146103778711392,0.10908141377061473,0.0,0.9999999987499999,0.6124658824389131,0.29036159008096535,0.2708651242858939,0.3571824550798736,disgust,07,20,20,female,normal,2384
0,0.0,True,1.0,0.5444089463894606,0.4901697689601484,0.5172893576748046,0.5457443855950441,-0.05685185185185182,-0.06185185185185188,0.341216216216216,0.3520352035203524,0.14846126175349586,0.9478601545498007,0.05423917742931217,0.00500000000000006,0.04673152153068981,0.45469969127540444,0.10037316529292378,0.11257568290272676,0.0,0.9999999987499999,0.641920052091149,0.2948517634823971,0.24804583191854024,0.3219455737429327,disgust,07,20,20,female,normal,2385
10,0.33366666666666667,True,1.0,0.6096239542925507,0.4872590861064538,0.5484415201995022,0.5511256391259565,-0.04828703703703702,-0.05009259259259263,0.34252348934491555,0.33756447108650545,0.14496766880928993,0.9951297513018791,0.12236486818609688,0.0018055555555556158,0.054289373541461926,0.45789245785815724,0.10469702097289796,0.11030698059239617,0.0,0.9999999987499999,0.6344462659595088,0.2966194693516954,0.2565645549170617,0.3220598123444695,disgust,07,20,20,female,normal,2385
20,0.6673333333333333,True,1.0,0.40579962497795813,0.3449451985179081,0.3753724117479331,0.7039127771200299,-0.0474074074074074,-0.0490740740740741,0.33891907695862494,0.404589860025283,0.13487169990041561,0.5332655180429057,0.060854426460050015,0.0016666666666667052,0.057874870854832554,0.36633384493346394,0.103421600594368,0.11064605262114713,0.0,0.9999999987499999,0.6393174002804247,0.29356127959051903,0.2396786958319383,0.30634543678646764,disgust,07,20,20,female,normal,2385
30,1.0010000000000001,True,1.0,0.40579710144927317,0.342277523763205,0.37403731260623907,0.8458358373900634,-0.043379629629629546,-0.04564814814814827,0.342219783089192,0.4055490895594906,0.13888023519047812,0.4422102919644312,0.06351957768606814,0.002268518518518725,0.04903544256144828,0.3239243576756666,0.1084266435181061,0.11136231735741664,0.0,0.9999999987499999,0.6099349142860269,0.2997271685226176,0.2587365419514057,0.3167960778069958,disgust,07,20,20,female,normal,2385
40,1.3346666666666667,True,1.0,0.20136382436223169,0.16015630361394687,0.18076006398808928,0.7723021958400414,-0.04712962962962963,-0.0477314814814816,0.353358206533736,0.34376716912589456,0.13561734623865415,0.23405354142684343,0.04120752074828482,0.0006018518518519644,0.049254823876397874,0.3548610274781073,0.10546167594767959,0.11112995366752153,0.0,0.9999999987499999,0.6250802084114896,0.2990903356462733,0.24478766354700707,0.3149456422880476,disgust,07,20,20,female,normal,2385
50,1.6683333333333334,True,1.0,0.15412963630005572,0.15429517320488453,0.1542124047524701,0.667062053034915,-0.0557407407407407,-0.05907407407407406,0.3947531588472734,0.27404400230811987,0.1366555533503916,0.23118149810928973,0.0001655369048288169,0.003333333333333355,0.03893397088603029,0.3753940029967238,0.10370238906304627,0.11209563063824186,0.0,0.9999999987499999,0.6350622102512881,0.29591309081141537,0.2517843543665916,0.32184356529314057,disgust,07,20,20,female,normal,2385
60,2.0020000000000002,True,1.0,0.39687930746938627,0.3584965382972665,0.3776879228833264,0.5336431606952738,-0.04157407407407404,-0.04421296296296301,0.36539115168327513,0.258585858585859,0.1394858117145996,0.7077537026638621,0.038382769172119746,0.0026388888888889683,0.041384437727844815,0.4779561033968435,0.10667714976452897,0.11219344335528782,0.0,0.9999999987499999,0.6208507775219464,0.29525433942106827,0.25443660200707097,0.3225027701938695,disgust,07,20,20,female,normal,2385
70,2.3356666666666666,True,1.0,0.38096245788328964,0.3725058087376194,0.3767341333104545,0.801316164885555,-0.03861111111111115,-0.04087962962962971,0.33236020441049413,0.3832095161565899,0.13810292615614864,0.47014418255778,0.008456649145670236,0.0022685185185185586,0.040126558321852156,0.31865331079630244,0.11553193020950339,0.10915718177665103,0.0,0.9999999987499999,0.6034303644270209,0.2948489231996513,0.28281077482005695,0.34158517974588215,disgust,07,20,20,female,normal,2385
80,2.6693333333333333,True,1.0,0.37239296411518,0.3574790059886299,0.36493598505190494,0.8978092338871083,-0.03930555555555554,-0.04361111111111121,0.33711142783067133,0.40634920634920624,0.14178778762585684,0.40647386023409116,0.014913958126550109,0.0043055555555556735,0.05012915855616293,0.29761737229188756,0.1141476298790778,0.1128210403347299,0.0,0.9999999987499999,0.598542790248912,0.29389415024189275,0.2986718590109204,0.36552796747230853,disgust,07,20,20,female,normal,2385
90,3.003,True,1.0,0.5033214787374273,0.4657469456789373,0.48453421220818227,0.8638286729193057,-0.0410185185185184,-0.04611111111111099,0.34428314120910897,0.4154051746902023,0.13901243013551257,0.5609147130653822,0.037574533058489956,0.005092592592592593,0.042797096368749836,0.30993064080566646,0.11594984518479019,0.11267183066947341,0.0,0.9664625954224274,0.6000112314457032,0.29190373259352154,0.30396421127760925,0.37710788978356946,disgust,07,20,20,female,normal,2385
100,3.336666666666667,True,1.0,0.5537809335416712,0.5262021899343102,0.5399915617379907,0.8535316334044217,-0.04208333333333325,-0.04777777777777775,0.34431828216454186,0.4347439914922022,0.1390294427694729,0.6326555930729412,0.02757874360736101,0.005694444444444502,0.039456750177150356,0.318795027089136,0.11839493877027461,0.10975308015545301,0.0,0.9999999987499999,0.6012884108018207,0.29223737489615664,0.3025143256685314,0.3735039881695304,disgust,07,20,20,female,normal,2385
110,3.6703333333333332,True,1.0,0.5869753806555292,0.5105958687338084,0.5487856246946687,0.8348356796196961,-0.04277777777777764,-0.046805555555555656,0.3409064430826312,0.4505547350239005,0.1411285418994409,0.657357655035377,0.07637951192172088,0.004027777777778019,0.03645856207084583,0.33153259830608606,0.11640086288465121,0.1101494429120836,0.0,0.9999999987499999,0.6040371558701606,0.2916046600624763,0.29462643442858355,0.3656533939302043,disgust,07,20,20,female,normal,2385
0,0.0,True,1.0,0.5032152913329077,0.4677193510157283,0.485467321174318,0.994977052382069,-0.05004629629629631,-0.05083333333333334,0.319670078054616,0.5507630844042974,0.14049516039537308,0.4879181082740184,0.03549594031717934,0.0007870370370370305,0.015604116294371596,0.2635781086889989,0.11751668996049368,0.10965538758130944,0.0,0.9999999987499999,0.6160911523359344,0.28562001310176766,0.2889373793232481,0.37522199644271614,disgust,07,20,20,female,strong,2386
10,0.33366666666666667,True,1.0,0.6135330691736642,0.5906427973557588,0.6020879332647116,0.9152915291529147,-0.049907407407407345,-0.05134259259259255,0.32163543157504515,0.51045104510451,0.14386936705008,0.6578100136269509,0.022890271817905483,0.001435185185185206,0.010651051832477661,0.2812499999999995,0.11877719085104436,0.11226239874378395,0.0,0.9999999987499999,0.6170375700045643,0.28042911419684163,0.29703405202023603,0.38663494624150957,disgust,07,20,20,female,strong,2386
20,0.6673333333333333,True,1.0,0.4849360118323384,0.5127140529874862,0.4988250324099123,0.96005208192056,-0.05560185185185185,-0.05587962962962967,0.31966353175675716,0.5333333333333343,0.14159646549202462,0.5195812204396509,0.02777804115514776,0.0002777777777778212,0.00989292945597464,0.27081864088027047,0.10942722356084644,0.11394633997273178,0.0,0.9999999987499999,0.6338661333127,0.2839578206064807,0.27551973450672873,0.3884145346127941,disgust,07,20,20,female,strong,2386
30,1.0010000000000001,True,1.0,0.45788102291108007,0.45228904036920325,0.4550850316401417,0.8436116587936879,-0.04972222222222228,-0.04912037037037037,0.381988505248937,0.4366060339370834,0.1369309764306632,0.5394484854451691,0.0055919825418768165,0.0006018518518519089,0.01791375855922675,0.32613011424249055,0.11740151862692227,0.1128593413251726,0.0,0.9999999987499999,0.6226370827237144,0.28477541289287434,0.3030231613268665,0.3939629111469684,disgust,07,20,20,female,strong,2386
40,1.3346666666666667,True,1.0,0.24641121879607625,0.26280542070001733,0.25460831974804676,0.7034630694514438,-0.05166666666666664,-0.051018518518518574,0.37614197174915953,0.31411088894236505,0.13959699725176786,0.36193558809929965,0.016394201903941086,0.0006481481481480644,0.01938307443685173,0.35944081260692534,0.11123582181165313,0.11813729177319764,0.0,0.9999999987499999,0.6227692011335785,0.2837643784357179,0.2916442377675869,0.3810272943690093,disgust,07,20,20,female,strong,2386
50,1.6683333333333334,True,1.0,0.518039607679381,0.5422978559133218,0.5301687317963514,1.6409686435302824,-0.050000000000000044,-0.04856481481481484,0.29152038469942243,0.8106718219757735,0.1375669031894293,0.323082792524163,0.02425824823394085,0.001435185185185206,0.020611246244689914,0.17242658997990384,0.11574223386650279,0.11505822283602887,0.0,0.9999999987499999,0.6047460795255603,0.2887107194679812,0.3052883544201168,0.3876885661105004,disgust,07,20,20,female,strong,2386
60,2.0020000000000002,True,1.0,0.602243942604536,0.6176547477298953,0.6099493451672156,0.6371181394377526,-0.05300925925925931,-0.051944444444444515,0.34212276482440857,0.35846905264900625,0.15073266704355268,0.9573567403142639,0.015410805125359306,0.0010648148148147962,0.020221813900272605,0.38181669863186324,0.12028760535907772,0.11115786556856468,0.0,0.9999999987499999,0.6050814685327256,0.2808002992702283,0.30860432566489787,0.3930367489616287,disgust,07,20,20,female,strong,2386
70,2.3356666666666666,True,1.0,0.6879633274249575,0.6072580697513953,0.6476106985881764,1.0671799776828204,-0.053750000000000075,-0.051851851851851816,0.3010083586103933,0.61709029898286,0.14522359303952173,0.6068429994295251,0.08070525767356218,0.0018981481481482598,0.004006412733028065,0.24641074752434045,0.11876511559918045,0.11090934574946905,0.0,0.9999999987499999,0.5895034769532812,0.295559089512088,0.28889264635448086,0.3472351349664545,disgust,07,20,20,female,strong,2386
80,2.6693333333333333,True,1.0,0.6391328416594411,0.6160560512517169,0.6275944464555789,1.0369115698979052,-0.04749999999999999,-0.0501388888888889,0.3038447469785012,0.5832333361896597,0.14693542311758534,0.6052535863953877,0.023076790407724146,0.002638888888888913,0.020538771674656325,0.2410592680587921,0.11883753589028005,0.11253761680647985,0.0,0.9999999987499999,0.5953116673622575,0.2835700584289892,0.30247066058977806,0.36941868737520583,disgust,07,20,20,female,strong,2386
90,3.003,True,1.0,0.570230607966458,0.4860670029810728,0.5281488054737654,1.0082717329671422,-0.040925925925925866,-0.045509259259259416,0.33048306920263104,0.48656218894092024,0.1479352339432371,0.5238159398950212,0.08416360498538517,0.00458333333333355,0.04781022204031215,0.28858706818253405,0.11998115147273737,0.11011299102220905,0.0,0.9999999987499999,0.5941818729757529,0.2885229028428452,0.314942760314193,0.3823470322258781,disgust,07,20,20,female,strong,2386
100,3.336666666666667,True,1.0,0.47873895672929984,0.4225978666535006,0.4506684116914002,0.5302326516518925,-0.0400462962962963,-0.04347222222222219,0.36807206639537293,0.2118469720201923,0.14800380951615202,0.8499446616261428,0.05614109007579926,0.003425925925925888,0.05502577755078486,0.46901654705933227,0.1210246690039487,0.11121478459040988,0.0,0.9999999987499999,0.5850801985247225,0.2846547285886359,0.32103979540078886,0.37879560253440714,disgust,07,20,20,female,strong,2386
110,3.6703333333333332,True,1.0,0.48791795723740167,0.4534567269264931,0.4706873420819474,0.5302467547800099,-0.0462499999999999,-0.0524074074074074,0.36047314180228485,0.29615228891416273,0.1515903388585907,0.8876760448580724,0.034461230310908586,0.0061574074074075,0.04004831874967748,0.483107612896225,0.11575406177321614,0.1127040427838331,0.0,0.9999999987499999,0.5958080002860519,0.2885743287922138,0.2994517288706183,0.3610201432392147,disgust,07,20,20,female,strong,2386
120,4.0040000000000004,True,1.0,0.4799999999999997,0.3954382985667045,0.4377191492833521,0.5708438720851509,-0.050138888888888844,-0.05703703703703711,0.34814876357147273,0.35061595819192326,0.15398043055475316,0.7667931122470891,0.08456170143329522,0.006898148148148264,0.041963384043533336,0.44994189582191507,0.10408955340745898,0.11476433170815575,0.0,0.9999999987499999,0.6451225402895533,0.31075670811923395,0.3019303786585286,0.41549533008852085,disgust,07,20,20,female,strong,2386
0,0.0,True,1.0,0.23926830649550157,0.2144248478188578,0.22684657715717968,0.5402229635222231,-0.05962962962962959,-0.06495370370370374,0.33557153649294147,0.37467076502347774,0.1413268024633742,0.4199128738959056,0.02484345867664378,0.005324074074074148,0.039169927030088536,0.41858354162764205,0.11491981221027321,0.1098014298300344,0.0,0.9999999987499999,0.5970220019257704,0.2962938822846015,0.2906063356264412,0.3554465210264577,disgust,07,20,20,female,strong,2387
10,0.33366666666666667,True,1.0,0.462222222222222,0.4126996521077445,0.43746093716498324,0.5699880753496377,-0.056944444444444464,-0.06060185185185185,0.33988500959249945,0.3855274112933198,0.1473585093759225,0.7674913846164928,0.04952257011447747,0.003657407407407387,0.042802571523733804,0.4641045516470245,0.11172019055403612,0.11118620791421148,0.0,0.9999999987499999,0.6060261390728167,0.2868881777271891,0.2872898168099435,0.3623579039047412,disgust,07,20,20,female,strong,2387
20,0.6673333333333333,True,1.0,0.5372322809207235,0.4595979773781095,0.4984151291494165,0.6166785850983242,-0.05476851851851855,-0.0589351851851852,0.32022767212060954,0.3718209116034019,0.1489118881554719,0.8082251292542426,0.07763430354261402,0.004166666666666652,0.05149993305057542,0.41464737410592817,0.10880507181490393,0.11269604506939263,0.0,0.9999999987499999,0.6023061220113046,0.2905364910807871,0.28235220516615406,0.34769241458087885,disgust,07,20,20,female,strong,2387
30,1.0010000000000001,True,1.0,0.4799129883925971,0.4289173363204161,0.4544151623565066,1.003276797265411,-0.05851851851851847,-0.06365740740740744,0.34741203782536745,0.5672100415723028,0.14619947861198698,0.4529309992965916,0.050995652072180986,0.0051388888888889706,0.026496813907911716,0.27846896056943027,0.10277030937131913,0.11142236709558369,0.0,0.9999999987499999,0.6442115834146159,0.2919274516961358,0.27348799615031055,0.3586123359359819,disgust,07,20,20,female,strong,2387
40,1.3346666666666667,True,1.0,0.31433763807610576,0.3022587272550262,0.30829818266556597,0.6438951016725539,-0.060462962962962996,-0.06662037037037033,0.3669765506731173,0.2604140970516819,0.16195825476092435,0.4788018760582958,0.012078910821079536,0.006157407407407334,0.032871046640820634,0.40216608241071633,0.10798389349321007,0.11448600201818417,0.0,0.9999999987499999,0.6082298098145508,0.28790794396682623,0.295850528898564,0.3775844680479073,disgust,07,20,20,female,strong,2387
50,1.6683333333333334,True,1.0,0.3619438251998144,0.36322593365655215,0.3625848794281833,0.38365095116244885,-0.0526388888888889,-0.05560185185185185,0.39562285080690673,0.1776161810937264,0.15213349094410566,0.9450905265047927,0.0012821084567377627,0.002962962962962945,0.0026480585759006076,0.6884969078452566,0.10923195658068484,0.11496514710711488,0.0,0.9999999987499999,0.6137589657894407,0.2832977909217254,0.2948487816515293,0.37050588750720986,disgust,07,20,20,female,strong,2387
60,2.0020000000000002,True,1.0,0.368630270442917,0.40911011448144574,0.38887019246218135,1.2521923363920997,-0.06287037037037035,-0.06652777777777763,0.33405159623753555,0.6091746501366979,0.1565309973296024,0.31055148730794835,0.04047984403852872,0.003657407407407276,0.006804027560514983,0.22043918918918862,0.09809152023515537,0.11654766286750645,0.0,0.9999999987499999,0.6447298719253327,0.3098566374526659,0.2988359894326297,0.41566038613188905,disgust,07,20,20,female,strong,2387
70,2.3356666666666666,True,1.0,0.18034079980834572,0.2080069115672423,0.194173855687794,0.6563735353474875,-0.0728240740740741,-0.07361111111111113,0.39075374574277383,0.32807954715786714,0.16009627471573137,0.29582828257235777,0.027666111758896578,0.0007870370370370305,0.0290181471100209,0.3840700188882223,0.09903475499757844,0.11525237317324938,0.0,0.9999999987499999,0.6521274862210508,0.3072064872378176,0.3106074201667034,0.43216852451485566,disgust,07,20,20,female,strong,2387
80,2.6693333333333333,True,1.0,0.495492563490548,0.4964234468703998,0.4959580051804739,0.8367467017826182,-0.06129629629629635,-0.06365740740740733,0.3264786162495131,0.46854850360136885,0.15989456682489425,0.5927217927765681,0.0009308833798518101,0.0023611111111109806,0.009764974964818611,0.29248149199117035,0.11602945784541166,0.11625299902704683,0.0,0.9999999987499999,0.600854559042367,0.28656980668234866,0.31959419509344256,0.3585174844531994,disgust,07,20,20,female,strong,2387
90,3.003,True,1.0,0.5436426950988796,0.5177404276356398,0.5306915613672597,0.8853195203358994,-0.055694444444444546,-0.06263888888888891,0.3617933290185683,0.37511834212868805,0.17345631662504174,0.5994350617796271,0.02590226746323987,0.006944444444444364,0.010109947940030185,0.3050708813357932,0.11549284534828344,0.11212531833995557,0.0,0.9999999987499999,0.5843208899184673,0.2825158712158261,0.3162710963404522,0.3784752356783909,disgust,07,20,20,female,strong,2387
100,3.336666666666667,True,1.0,0.25904150387692626,0.20926260840012587,0.23415205613852608,0.4834258371197342,-0.06407407407407406,-0.06601851851851848,0.3625708279016862,0.16363329329851753,0.16942881249758054,0.48435982969716956,0.049778895476800394,0.0019444444444444153,0.03717992803677964,0.47131313592502055,0.10461219309778816,0.11073207808962443,0.0,0.9999999987499999,0.5952352737188626,0.3174478240892651,0.2942194401935682,0.3868558680960263,disgust,07,20,20,female,strong,2387
110,3.6703333333333332,True,1.0,0.25839353632568,0.1959315785725512,0.22716255744911562,0.30069991357495895,-0.0712962962962963,-0.0739351851851851,0.4135916340932278,0.11583923670836295,0.16877009268240556,0.7554460350467915,0.06246195775312882,0.002638888888888802,0.018840112484834654,0.7976641417864775,0.10818512366319305,0.11227776965997201,0.0,0.9999999987499999,0.6025555178008702,0.2867163611918633,0.2845752433872214,0.3563113175197591,disgust,07,20,20,female,strong,2387
120,4.0040000000000004,True,1.0,0.5982465176154003,0.4956421243669883,0.5469443209911943,0.6166419738973826,-0.058379629629629615,-0.05611111111111117,0.29800946229178904,0.45754415088542794,0.15436234985633127,0.8869722531768702,0.10260439324841197,0.0022685185185184475,0.028103488401357797,0.39387444643367653,0.09945254554093991,0.11049651926255714,0.0,0.9999999987499999,0.621990771839986,0.3189994730813403,0.2806272400916292,0.3888002563978151,disgust,07,20,20,female,strong,2387
0,0.0,True,1.0,0.6031350316039089,0.6072599964164156,0.6051975140101622,0.9503993998616878,-0.05328703703703702,-0.0534722222222222,0.32585691870117317,0.5191715060538138,0.14792491907730687,0.6367822981561615,0.004124964812506682,0.00018518518518517713,0.002377143303838138,0.2916508440249066,0.11635002750259893,0.11242812402543016,0.0,0.9999999987499999,0.6251922951915142,0.28870046587627624,0.29479272068294543,0.39027384855674585,disgust,07,20,20,female,strong,2388
10,0.33366666666666667,True,1.0,0.26388175976634154,0.31518057424494594,0.28953116700564374,0.8203235882358486,-0.05180555555555555,-0.05495370370370384,0.36498775648664783,0.3691222569273422,0.14168534166168084,0.35294750895594335,0.051298814478604404,0.0031481481481482887,0.018633109893642946,0.3286721627039779,0.10721382904633331,0.11320562443067983,0.0,0.9999999987499999,0.626491411978854,0.2902708943258553,0.27028736924833446,0.36704432143959687,disgust,07,20,20,female,strong,2388
20,0.6673333333333333,True,1.0,0.10548634181731896,0.08844217680367741,0.09696425931049818,0.4590484758245459,-0.06101851851851853,-0.060601851851851796,0.38528317099539955,0.21388451729612484,0.14028267259104815,0.21122880135116523,0.017044165013641546,0.0004166666666667318,0.019524486483392285,0.5283806224977737,0.10812475455119054,0.11860567440625547,0.0,0.9999999987499999,0.6278161124684247,0.29136522149995536,0.296329787061618,0.3714343204082867,disgust,07,20,20,female,strong,2388
30,1.0010000000000001,True,1.0,0.31357650368017437,0.2970949737201189,0.30533573870014663,0.8778198940878081,-0.05157407407407405,-0.05175925925925928,0.35451381205300847,0.4795497569553771,0.14537052083440738,0.34783415226358944,0.016481529960055474,0.00018518518518523264,0.011893260579413709,0.3229166666666658,0.1140260978394472,0.11594045288994442,0.0,0.9999999987499999,0.6095679885157188,0.2851125391191885,0.325046773669582,0.4011050884005878,disgust,07,20,20,female,strong,2388
40,1.3346666666666667,True,1.0,0.3951004083533914,0.334942028627288,0.3650212184903397,0.9153540300648864,-0.051527777777777894,-0.0495370370370371,0.3391811621320643,0.44822041113450467,0.14627151458206009,0.39877599977842954,0.060158379726103384,0.001990740740740793,0.04129960471169073,0.3030515591764242,0.10126408043058717,0.11346665669548399,0.0,0.9999999987499999,0.63263920670612,0.2979472553983151,0.24687220852790795,0.3279409878186296,disgust,07,20,20,female,strong,2388
50,1.6683333333333334,True,1.0,0.4350878855288253,0.38808003000778235,0.4115839577683038,0.4621998679311158,-0.04532407407407407,-0.04986111111111119,0.4010837265555642,0.20863005658214698,0.14745058146991152,0.8904891288927076,0.047007855521042974,0.004537037037037117,0.06395664180019026,0.5289952873766961,0.09856160616646505,0.11664144072571898,0.0,0.9999999987499999,0.6582051854101015,0.31145123832237315,0.285180743924554,0.4002024822066757,disgust,07,20,20,female,strong,2388
60,2.0020000000000002,True,1.0,0.416488799277889,0.3971189751537145,0.40680388721580174,0.6314961925596452,-0.04356481481481467,-0.04962962962962969,0.43275575129258215,0.22480969394336425,0.14446345799172436,0.6441905620474171,0.019369824124174484,0.006064814814815023,0.06691785511432424,0.44237095180608144,0.11423015014705651,0.11205947330113464,0.0,0.9999999987499999,0.5974534145767681,0.29202310360373945,0.3258644970577879,0.3939593945099586,disgust,07,20,20,female,strong,2388
70,2.3356666666666666,True,1.0,0.24740696164802403,0.17448496953982337,0.2109459655939237,0.8695613042844432,-0.05731481481481482,-0.05874999999999986,0.4077636816328603,0.32697886077828847,0.1472388619989962,0.24258895210097908,0.07292199210820066,0.0014351851851850395,0.06312097205367624,0.32352785398175266,0.10575681756117265,0.11187560466904144,0.0,0.9999999987499999,0.6182701192195628,0.3012515040197567,0.27680012589883246,0.3373823557069011,disgust,07,20,20,female,strong,2388
80,2.6693333333333333,True,1.0,0.45170376994728284,0.3867957231109428,0.41924974652911284,0.669967303654054,-0.04907407407407399,-0.0507407407407407,0.38059857001569647,0.35677542585780286,0.1443622322547089,0.6257764285547847,0.06490804683634005,0.0016666666666667052,0.06584722263561449,0.37585203646612597,0.10470522094203985,0.11370132728428467,0.0,0.9999999987499999,0.6160979229113521,0.29681538237395694,0.25674454698090016,0.3146509260761571,disgust,07,20,20,female,strong,2388
90,3.003,True,1.0,0.43802687371804644,0.3989830564257448,0.4185049650718956,0.8020673312198733,-0.04462962962962963,-0.0476388888888889,0.32541457628495307,0.4528010681261596,0.14660273638900415,0.521782833911695,0.039043817292301664,0.003009259259259267,0.06974880184300113,0.3125867295742229,0.1027503227256854,0.11514051590314026,0.0,0.9999999987499999,0.6625938405127676,0.30851441608479674,0.296684918585397,0.4073031042319995,disgust,07,20,20,female,strong,2388
100,3.336666666666667,True,1.0,0.47564328660742866,0.43184728542304607,0.45374528601523734,1.03101683807755,-0.04365740740740731,-0.05060185185185173,0.30235948399605295,0.5134871412436138,0.15425027865331958,0.44009493274745914,0.043796001184382594,0.00694444444444442,0.07875765626099941,0.25549122252492223,0.12105885801087676,0.11117756840138292,0.0,0.9999999987499999,0.5809272254448654,0.28136614124924325,0.3152975057408435,0.3723481174750889,disgust,07,20,20,female,strong,2388
110,3.6703333333333332,True,1.0,0.49251712064297803,0.49741513050565517,0.49496612557431663,0.9865236382263036,-0.042592592592592626,-0.050462962962962876,0.3464786696155946,0.44414751038168954,0.15074506418281913,0.5017275880628963,0.004898009862677133,0.00787037037037025,0.0856931844852185,0.29131090479298033,0.10526409482613319,0.1161745088857698,0.0,0.9999999987499999,0.6466873202093338,0.30635094363255205,0.3080831776344568,0.4258596045526832,disgust,07,20,20,female,strong,2388
120,4.0040000000000004,True,1.0,0.5310730016429648,0.5066272020876077,0.5188501018652862,0.9205899796700873,-0.045925925925925926,-0.0555092592592592,0.34106719276978825,0.4419151795199148,0.15022413674162227,0.5636060714578135,0.024445799555357084,0.009583333333333277,0.08414610378530424,0.31615242019629053,0.12268257587475959,0.10903429048043298,0.0,0.9999999987499999,0.5850725576167967,0.27972819181508707,0.32452139367039395,0.3914241114319761,disgust,07,20,20,female,strong,2388
130,4.337666666666666,True,1.0,0.572641269320557,0.5120627205081182,0.5423519949143376,0.9237260588490713,-0.044629629629629575,-0.0524074074074074,0.3444443301586904,0.46763213874899673,0.14869784698910285,0.5871351032253959,0.06057854881243885,0.007777777777777828,0.09648245305706664,0.307349881472751,0.12299692673331514,0.11041868688576105,0.0,0.9999999987499999,0.5791690701046045,0.28713535747055935,0.3447823899368647,0.39367623865841783,disgust,07,20,20,female,strong,2388
140,4.671333333333333,True,1.0,0.5782873532173584,0.5249402876953201,0.5516138204563392,0.943762748981262,-0.04495370370370366,-0.05245370370370378,0.3367973133000581,0.502069298210843,0.1472740354071683,0.5844835696808068,0.05334706552203827,0.007500000000000118,0.09096879146668232,0.2982722275178165,0.12045407937075395,0.1125119076879053,0.0,0.9999999987499999,0.5826194985963135,0.2865821985362755,0.33328194101829167,0.3853093321409988,disgust,07,20,20,female,strong,2388
0,0.0,True,1.0,0.368626275182321,0.39358056402388336,0.3811034196031022,0.42472620168036024,-0.051851851851851816,-0.05587962962962967,0.36221842640290197,0.22809370090241557,0.15416666666666667,0.8972919921006248,0.024954288841562366,0.004027777777777852,0.004454621858701718,0.6468944555002182,0.11241370491108617,0.11554242156894999,0.0,0.9999999987499999,0.5985502248790142,0.2787980283166258,0.3088703467893099,0.3838363702680043,disgust,07,20,20,female,strong,2389
10,0.33366666666666667,True,1.0,0.054575009349463306,0.0334677502572404,0.04402137980335186,0.4324727442027843,-0.06282407407407414,-0.06361111111111112,0.36532633735267955,0.22391392071136362,0.1500325485519725,0.10178995183731267,0.021107259092222906,0.000787037037036975,5.176675052309787e-05,0.6437185593751631,0.11537248917169497,0.11690501962144785,0.0,0.9999999987499999,0.5938232993431748,0.2783563493053242,0.3162710228896444,0.3805811546856908,disgust,07,20,20,female,strong,2389
20,0.6673333333333333,True,1.0,0.2099542284064119,0.12694833000128722,0.16845127920384956,0.7292951217556184,-0.0640277777777778,-0.06259259259259253,0.3891697012693061,0.2827134016451561,0.14910031112569078,0.23097820646097286,0.08300589840512468,0.0014351851851852615,0.046530370200340405,0.37872672576783245,0.107629811134267,0.1121326290912858,0.0,0.9999999987499999,0.6052755716427196,0.29844908858513824,0.27642673017952296,0.33153362787730706,disgust,07,20,20,female,strong,2389
30,1.0010000000000001,True,1.0,0.32459668236461786,0.30053658338833106,0.31256663287647446,0.6268099924741564,-0.041944444444444506,-0.04476851851851843,0.38943337756842744,0.24761799603797827,0.1468528416209045,0.49866249203000973,0.024060098976286803,0.0028240740740739234,0.03975258003915163,0.45808646542003634,0.11071624224730627,0.1135364218687415,0.0,0.9999999987499999,0.6011498077590411,0.28507341326342217,0.30652877921145544,0.369610715266642,disgust,07,20,20,female,strong,2389
40,1.3346666666666667,True,1.0,0.32692129092341043,0.35958246513118947,0.34325187802729995,0.806187773133372,-0.050185185185185166,-0.05421296296296302,0.35114569412548385,0.41798723878232197,0.1428513601434549,0.42577162475833524,0.03266117420777903,0.004027777777777852,0.03608923487386019,0.3461777697737321,0.10342164023044431,0.11846276333124289,0.0,0.9999999987499999,0.615025241463773,0.28537371089408853,0.27418347535412435,0.35876140755381175,disgust,07,20,20,female,strong,2389
50,1.6683333333333334,True,1.0,0.4363636363636361,0.4517043363728511,0.44403398636824365,0.66516917079681,-0.051712962962963016,-0.05282407407407408,0.4276249364905386,0.3644785841344127,0.1375088775543238,0.6675504606389571,0.015340700009215003,0.0011111111111110628,0.01349971501516013,0.38933197288588167,0.11872237062034206,0.11417096555256159,0.0,0.9999999987499999,0.6006074785929997,0.2834737557872296,0.335391436933216,0.40203230846183136,disgust,07,20,20,female,strong,2389
60,2.0020000000000002,True,1.0,0.5102880658436204,0.49878280238174627,0.5045354341126833,0.6716472139688402,-0.0521759259259259,-0.05375000000000002,0.36957587682991977,0.4551919956488028,0.14043487045126019,0.7511911366851739,0.011505263461874138,0.0015740740740741166,0.0032921390569975273,0.37497070655778053,0.11773961443206185,0.11351807952400726,0.0,0.9999999987499999,0.5938576081135579,0.2829203465601015,0.32074399474486653,0.3910840497408993,disgust,07,20,20,female,strong,2389
70,2.3356666666666666,True,1.0,0.5254926808738544,0.4971751412429386,0.5113339110583965,1.1970077626924078,-0.05208333333333337,-0.053379629629629666,0.2943571514200739,0.6545125089657403,0.15062177852493852,0.42717677110820274,0.028317539630915767,0.0012962962962962954,0.0033645190906361425,0.2114827414886716,0.11881292948074759,0.11273272315152809,0.0,0.9999999987499999,0.5881441164434524,0.2847234854074642,0.3285100706114646,0.3906695355478301,disgust,07,20,20,female,strong,2389
80,2.6693333333333333,True,1.0,0.5736802201650962,0.5622233160748235,0.5679517681199598,1.245817351976656,-0.05138888888888887,-0.05138888888888876,0.3105110511758262,0.6314831047414626,0.14873964132933018,0.4558868659349048,0.01145690409027278,1.1102230246251565e-16,0.02266983824683162,0.2347575068114804,0.12101689226434759,0.11088012766236967,0.0,0.9999999987499999,0.5915877294511555,0.2877696454763796,0.3294507154589025,0.3916486652620542,disgust,07,20,20,female,strong,2389
90,3.003,True,1.0,0.5799691912839257,0.5808924158127607,0.5804308035483432,1.1295604170434153,-0.05263888888888896,-0.05319444444444449,0.31728117082140866,0.5897364286622986,0.14858362690427163,0.5138554740326334,0.0009232245288350871,0.0005555555555555314,0.02935174475497772,0.2534855413740523,0.11796189839872015,0.11176325954331247,0.0,0.9999999987499999,0.5991250896686799,0.28892719673950507,0.32246356912793045,0.38974451263416093,disgust,07,20,20,female,strong,2389
100,3.336666666666667,True,1.0,0.5812341882627939,0.5904986769354971,0.5858664325991455,1.0741656177062204,-0.05291666666666672,-0.05291666666666667,0.3220008545724639,0.5704522215169406,0.14970563725525868,0.5454153651372757,0.00926448867270313,5.551115123125783e-17,0.030312260119827506,0.264042663177833,0.11885720351151391,0.11251684454553612,0.0,0.9999999987499999,0.5948222457654937,0.2877040807254334,0.3213490803081027,0.382420572720129,disgust,07,20,20,female,strong,2389
110,3.6703333333333332,True,1.0,0.6147121518284053,0.6200008297634754,0.6173564907959403,0.9896333921031415,-0.05222222222222217,-0.05226851851851849,0.31839868907312774,0.537245964112251,0.14826493075518662,0.6238234236255422,0.005288677935070041,4.629629629632204e-05,0.032349706993284745,0.2736165652170927,0.1180605571785988,0.11182953296825102,0.0,0.9999999987499999,0.6012437044427146,0.29014732079800676,0.31978038054886404,0.3785855737127814,disgust,07,20,20,female,strong,2389
0,0.0,True,1.0,0.6623041514220057,0.6283524904214557,0.6453283209217306,0.5966565061367005,-0.059259259259259234,-0.05949074074074073,0.3488827822176407,0.36245488385201863,0.1522117038133986,1.0815742630549292,0.033951661000550026,0.00023148148148149916,0.0005598078331208005,0.3985348730261659,0.11652433687024344,0.11258640585938583,0.0,0.9999999987499999,0.6205077522024435,0.2833032831393924,0.2950034704132042,0.37375489595493877,surprised,08,20,20,female,normal,2390
10,0.33366666666666667,True,1.0,0.6601442956496644,0.6280575281834679,0.6441009119165662,0.6179957606232189,-0.059444444444444466,-0.06074074074074065,0.345639004131582,0.38201421316784206,0.15290556524442156,1.0422416349054262,0.03208676746619643,0.0012962962962961844,0.0005152549362145687,0.4029450649188352,0.11667527177686386,0.11276838527823613,0.0,0.9999999987499999,0.6210647163318452,0.2828262672027267,0.29476851559136236,0.3718053956356728,surprised,08,20,20,female,normal,2390
20,0.6673333333333333,True,1.0,0.6530590481824082,0.6127390518863083,0.6328990500343583,0.6180686801755239,-0.06083333333333335,-0.05986111111111114,0.33772379678348313,0.40049309779902253,0.15098578148759492,1.0239946956293318,0.04031999629609995,0.0009722222222222077,0.007316041350288051,0.3806316465438217,0.11846132581655099,0.11157579414287891,0.0,0.9999999987499999,0.6257329450452056,0.28396294452235704,0.2899063195172024,0.3746814940167131,surprised,08,20,20,female,normal,2390
30,1.0010000000000001,True,1.0,0.5954760065560858,0.5861213769407333,0.5907986917484096,0.742595585685286,-0.06305555555555553,-0.0627314814814815,0.3773612660761377,0.40150200999381597,0.14709370439751815,0.7955860540205145,0.009354629615352494,0.0003240740740740322,0.014721255243117173,0.3098673210827726,0.11439077834880879,0.11223551346521972,0.0,0.9999999987499999,0.6177913655462185,0.29022145848497766,0.281868104954134,0.3618761253290886,surprised,08,20,20,female,normal,2390
40,1.3346666666666667,True,1.0,0.5110399965579805,0.47500122446128307,0.49302061050963175,0.7387452867974399,-0.08106481481481487,-0.08171296296296293,0.36441743455132847,0.33783990656690605,0.175396397979244,0.6673756426209395,0.036038772096697425,0.0006481481481480644,0.003930907957014425,0.3350104262433705,0.11196165147403922,0.11761173542025762,0.0,0.9999999987499999,0.6005492481602015,0.2901156659324841,0.31443497274338816,0.3856100813596388,surprised,08,20,20,female,normal,2390
50,1.6683333333333334,True,1.0,0.616170776813148,0.5724964077070804,0.5943335922601143,0.6558314414923173,-0.08189814814814816,-0.08513888888888893,0.3669546541226123,0.3118535131499921,0.1856713814315929,0.9062291842973139,0.04367436910606759,0.0032407407407407662,0.001614096757449554,0.37747007845750974,0.11210822125475021,0.11300828223348411,0.0,0.8189443582090054,0.6012414218343588,0.2935194952170069,0.32274426432245307,0.37845040482298464,surprised,08,20,20,female,normal,2390
60,2.0020000000000002,True,1.0,0.6626648411376257,0.5928269212623433,0.6277458811999845,0.7663381977300049,-0.08652777777777776,-0.08509259259259255,0.3347520573206842,0.374186788484312,0.19247104091168302,0.8191499302259119,0.06983791987528243,0.001435185185185206,0.0043879055931891914,0.3028959289632652,0.10139174209140878,0.11568174475045044,0.0,0.9999999987499999,0.6423711187052946,0.31336003633092896,0.32459754693946874,0.43475843355494,surprised,08,20,20,female,normal,2390
70,2.3356666666666666,True,1.0,0.6631004325007452,0.5924497537315706,0.6277750931161579,0.7689044527819994,-0.08532407407407405,-0.08393518518518517,0.3711306357405012,0.3316036057806097,0.19154823563415124,0.8164539701191526,0.07065067876917464,0.001388888888888884,0.0018211923390296506,0.2983663627406469,0.1030065670317118,0.11737194547474378,0.0,0.9999999987499999,0.6419550153733369,0.31109847801546753,0.33014981758061246,0.4436705224572713,surprised,08,20,20,female,normal,2390
80,2.6693333333333333,True,1.0,0.6993759182215221,0.6368640588123756,0.6681199885169489,0.7344009129721354,-0.08324074074074084,-0.08287037037037032,0.37209867903460936,0.3222159050113856,0.1921536657915397,0.9097483087446797,0.0625118594091465,0.0003703703703705208,0.001832744940848497,0.32205457835900825,0.10503111236001827,0.1155638000095852,0.0,0.9999999987499999,0.6455135392281912,0.30914651711858054,0.3355926673292776,0.447127466583336,surprised,08,20,20,female,normal,2390
90,3.003,True,1.0,0.6741497937793173,0.6072524949942812,0.6407011443867993,0.7351515987456778,-0.08111111111111108,-0.08194444444444438,0.36400538612523653,0.32919624956785265,0.19007567030999364,0.8715224798258879,0.06689729878503603,0.0008333333333332971,0.004203670921570517,0.34038824320177863,0.11568650176349607,0.11394983554090114,0.0,0.9999999987499999,0.5915796667338811,0.2896839653683415,0.3395367116881203,0.3958630929778857,surprised,08,20,20,female,normal,2390
0,0.0,True,1.0,0.6417615980014686,0.5799288335643948,0.6108452157829317,0.6638314170896246,-0.058611111111111114,-0.05865740740740738,0.3378256851917616,0.37336825642229027,0.1563598246845737,0.9201812388768893,0.06183276443707375,4.6296296296266526e-05,0.0051813731517978395,0.3664424732661601,0.1181687718597566,0.11120237910983091,0.0,0.9999999987499999,0.6178536470994649,0.2818110099950739,0.30081170449364436,0.38094420039785626,surprised,08,20,20,female,normal,2391
10,0.33366666666666667,True,1.0,0.6481061197960158,0.6016584794773775,0.6248822996366967,0.630246654319845,-0.059259259259259234,-0.06129629629629618,0.337088581212353,0.3812980184010452,0.15773372029051352,0.9914884836811433,0.04644764031863835,0.0020370370370369484,0.005612092335162308,0.370837803286369,0.11844787441865474,0.11141921131859334,0.0,0.9999999987499999,0.616357296113758,0.2814575836476603,0.2982106456680697,0.378017839498309,surprised,08,20,20,female,normal,2391
20,0.6673333333333333,True,1.0,0.24464667118774405,0.2669528020025106,0.25579973659512734,0.4840201846987907,-0.095138888888889,-0.09361111111111103,0.3413209157948909,0.3671186729824372,0.16673257160503394,0.5284898123707659,0.02230613081476654,0.001527777777777961,0.017577373523349957,0.5089083694484552,0.10859478144746403,0.11540223083763222,0.0,0.9999999987499999,0.6342710738201531,0.28662355541934453,0.26341111442789256,0.3472289188261349,surprised,08,20,20,female,normal,2391
30,1.0010000000000001,True,1.0,0.23427425180068442,0.2505728231968501,0.24242353749876727,0.8191444074925261,-0.0785185185185186,-0.07851851851851865,0.3498841185200402,0.49302844130531653,0.14627264791179084,0.2959472533552994,0.016298571396165668,5.551115123125783e-17,0.02665066259010995,0.312542559461659,0.10758105349068516,0.11166874154644836,0.0,0.9999999987499999,0.6359446154086634,0.2898973608269596,0.26943234217268347,0.35319454905439884,surprised,08,20,20,female,normal,2391
40,1.3346666666666667,True,1.0,0.5076981253926688,0.5299145299145298,0.5188063276535992,0.7280013308391529,-0.07814814814814819,-0.07884259259259258,0.38515736003537765,0.3185005822421295,0.16907926860578032,0.712644751700634,0.022216404521861022,0.0006944444444443865,0.004984523117169715,0.3404817207895906,0.10444294833017959,0.11394229093132245,0.0,0.9999999987499999,0.6316386972210759,0.29551211743614614,0.2901532678658812,0.3630721070982006,surprised,08,20,20,female,normal,2391
50,1.6683333333333334,True,1.0,0.5727562412110584,0.6361666354735442,0.6044614383423013,0.6820773341524489,-0.07351851851851848,-0.07731481481481484,0.42666793808814885,0.28070175438596506,0.16780717357830763,0.8862066045537295,0.06341039426248585,0.003796296296296353,0.01061497469118235,0.3642989945570627,0.09418523282190597,0.11666392319943383,0.0,0.9999999987499999,0.6759203275841587,0.30873286907146075,0.29991732074024907,0.4295528431588676,surprised,08,20,20,female,normal,2391
60,2.0020000000000002,True,1.0,0.5413906858855996,0.6598851293013195,0.6006379075934596,0.6716108717179449,-0.057222222222222174,-0.06518518518518518,0.4117405086863766,0.28766269310161385,0.1606335574187435,0.8943242774749309,0.11849444341571991,0.007962962962963005,0.018110338404033404,0.37219338175208494,0.11136354163805161,0.11137248966629862,0.0,0.9999999987499999,0.6190271458583433,0.28512923228027853,0.3118233491672993,0.39083078957684636,surprised,08,20,20,female,normal,2391
70,2.3356666666666666,True,1.0,0.5933854585436447,0.6884172261031093,0.6409013423233769,0.7653140159559453,-0.05069444444444443,-0.060046296296296264,0.3568162930299655,0.35901618913491756,0.15725358282552157,0.8374357831704338,0.09503176755946463,0.009351851851851833,0.037708413347342574,0.3238177488399792,0.10496375396952813,0.11396533382466092,0.0,0.9999999987499999,0.6295507680337761,0.29265711422199703,0.2835152203100808,0.35791856822052004,surprised,08,20,20,female,normal,2391
80,2.6693333333333333,True,1.0,0.5975480966436766,0.637163932588248,0.6173560146159622,0.6700669687321882,-0.05370370370370375,-0.06180555555555556,0.3995956229266535,0.30766354073181806,0.1565080876317279,0.921334797004009,0.03961583594457141,0.008101851851851805,0.026466422410411382,0.3793508523806852,0.11737930973789956,0.11305109063360314,0.0,0.914460405674631,0.6023823567864647,0.2820717428643419,0.31813979939148035,0.37862938284625,surprised,08,20,20,female,normal,2391
90,3.003,True,1.0,0.6021395968003669,0.6203340375748585,0.6112368171876127,0.6775864946541175,-0.05796296296296294,-0.06467592592592591,0.40228258863405775,0.2981191928895106,0.16184374386358774,0.9020793979957145,0.018194440774491616,0.006712962962962976,0.005182388491443686,0.3717648052391801,0.11823045515390107,0.11044895403156148,0.0,0.9999999987499999,0.6090759341861745,0.28211413768578114,0.3214301150195554,0.38845247928132154,surprised,08,20,20,female,normal,2391
100,3.336666666666667,True,1.0,0.6110545942772381,0.6213558641581618,0.6162052292176999,0.6485245837443859,-0.05884259259259256,-0.060185185185185286,0.40734310348329084,0.2904650258363545,0.1590296967754789,0.950164796621766,0.010301269880923725,0.0013425925925927285,0.0027545825536937573,0.387252921027948,0.11542959616025528,0.11219043038227679,0.0,0.9999999987499999,0.6087037557991947,0.28349830196852316,0.30895655289826035,0.39012894970033063,surprised,08,20,20,female,normal,2391
0,0.0,True,1.0,0.6567889011636536,0.6071409568128416,0.6319649289882476,0.6185287441933454,-0.06175925925925918,-0.06138888888888888,0.3423979064165724,0.3906069410321,0.1541745845376634,1.0217228138886658,0.04964794435081199,0.00037037037037029874,0.004812008581759595,0.4004926039506159,0.11906258249863615,0.10955141907585997,0.0,0.9271680076003364,0.6201086813006452,0.2834927860897428,0.3005646029960354,0.371345014061462,surprised,08,20,20,female,normal,2392
10,0.33366666666666667,True,1.0,0.5432314212954302,0.5170720661403289,0.5301517437178795,0.5859819294503453,-0.06379629629629635,-0.06550925925925927,0.34341011218811573,0.3743316518224292,0.15487884587196019,0.9047237074617047,0.02615935515510137,0.0017129629629629162,0.0022579263190920544,0.4227369052364065,0.11650843603935246,0.11310931014531514,0.0,0.9999999987499999,0.623918232589911,0.28311142204894557,0.2870176558181797,0.3579131968009102,surprised,08,20,20,female,normal,2392
20,0.6673333333333333,True,1.0,0.6080185987749672,0.5822296203465175,0.5951241095607424,0.5746600387737578,-0.062453703703703733,-0.061712962962963025,0.3355773847967311,0.4054205074889565,0.14959959740839238,1.035610742710859,0.025788978428449738,0.0007407407407407085,0.004712191039038256,0.4144205758534158,0.1175457869371201,0.1143869527019976,0.0,0.9999999987499999,0.6165673779589962,0.28598327955312375,0.28811040313622405,0.3719606013445528,surprised,08,20,20,female,normal,2392
30,1.0010000000000001,True,1.0,0.6027135830001188,0.5771350786398424,0.5899243308199806,0.7947995556424392,-0.062222222222222234,-0.06115740740740744,0.3355495094035359,0.46500899159182607,0.1510105394270889,0.7422303228933523,0.02557850436027642,0.0010648148148147962,0.00900787139433522,0.29918070184372275,0.11896233086807934,0.11240568921256558,0.0,0.9999999987499999,0.6156894608312073,0.28660063961861876,0.2920363237558238,0.3718096658901159,surprised,08,20,20,female,normal,2392
40,1.3346666666666667,True,1.0,0.5323724169107915,0.5120086741027778,0.5221905455067847,0.8119249675716315,-0.05754629629629632,-0.05662037037037043,0.36399117979209505,0.4289173363204167,0.14885937956588932,0.6431512348592912,0.020363742808013674,0.0009259259259258856,0.003015623390601163,0.29715307610484193,0.11673613520425172,0.11371510974814579,0.0,0.9999999987499999,0.6137466018673093,0.2852796010772317,0.2947463738469182,0.37103840697902085,surprised,08,20,20,female,normal,2392
50,1.6683333333333334,True,1.0,0.21802089888515658,0.2003450881461941,0.20918299351567532,0.6952427701149648,-0.06828703703703703,-0.0692592592592593,0.36968177820878845,0.4004005652948328,0.1442268754482412,0.30087762506481724,0.01767581073896249,0.0009722222222222632,0.00472479836514573,0.3551790696347206,0.11456634790335825,0.11457823438760495,0.0,0.9999999987499999,0.6171711687878275,0.28512867568873923,0.2876372050572689,0.3614026657459161,surprised,08,20,20,female,normal,2392
60,2.0020000000000002,True,1.0,0.5793845651131273,0.571718329075708,0.5755514470944176,0.8551043365478842,-0.05912037037037038,-0.057314814814814874,0.3566659373264986,0.3809101135531486,0.15715867746243264,0.673077450896763,0.007666236037419338,0.0018055555555555047,0.0008077890444766346,0.2863636363636377,0.12019554250857051,0.11159936620355017,0.0,0.9999999987499999,0.6060830769573454,0.2826670366725074,0.3124670442166685,0.3839604011722639,surprised,08,20,20,female,normal,2392
70,2.3356666666666666,True,1.0,0.6041267793863755,0.5858713517126828,0.5949990655495292,0.739378034552489,-0.057638888888888906,-0.057499999999999996,0.38054330674474485,0.34067307977866373,0.15794108623712855,0.8047291611924262,0.018255427673692703,0.0001388888888889106,0.003590212436312101,0.3308622292015252,0.11984475717484722,0.11163517930592869,0.0,0.9999999987499999,0.6038746481561375,0.283225772978069,0.31105892178919486,0.3832392177154125,surprised,08,20,20,female,normal,2392
80,2.6693333333333333,True,1.0,0.6151379508846859,0.5904986769354975,0.6028183139100918,0.7222439420431531,-0.05763888888888885,-0.05717592592592591,0.3766983501635571,0.31681946357315016,0.16007006229732829,0.8346464107470135,0.02463927394918841,0.0004629629629629428,0.00516939651925441,0.35577359087281196,0.11876456915908111,0.11278366988582998,0.0,0.9999999987499999,0.6044502838400986,0.28412928691047035,0.3081664439106725,0.3833977620549784,surprised,08,20,20,female,normal,2392
90,3.003,True,1.0,0.6304679359538401,0.6064550957402184,0.6184615158470292,0.7418749278538262,-0.05694444444444441,-0.056620370370370376,0.3753782447839008,0.3411761175352067,0.15524687642853852,0.8336466062226684,0.02401284021362171,0.0003240740740740322,0.003936217990646772,0.3380065261819007,0.11984302037913502,0.10991719643275516,0.0,0.9999999987499999,0.6058282589832807,0.28392892271549913,0.30957674797641566,0.38280641961476,surprised,08,20,20,female,normal,2392
0,0.0,True,1.0,0.6698291346513385,0.6425873005559227,0.6562082176036306,0.49632366329773125,-0.05949074074074073,-0.060462962962962996,0.35033181338298414,0.35217172558454135,0.1562519531127931,1.3221376817772013,0.027241834095415807,0.0009722222222222632,0.003118488638460596,0.4727979201282636,0.11816227874550737,0.11172204566273936,0.0,0.9999999987499999,0.619745765001313,0.28170259139978654,0.2937387020093941,0.3776470422219796,surprised,08,20,20,female,normal,2393
10,0.33366666666666667,True,1.0,0.2680725129799964,0.26807251297999596,0.2680725129799962,0.46844222038239036,-0.07481481481481483,-0.07842592592592584,0.3450023181189228,0.3392167802769028,0.16181309963934307,0.5722637740918571,4.440892098500626e-16,0.0036111111111110095,0.002216542381188235,0.5043103448275841,0.1153819983594918,0.11425815578781084,0.0,0.9999999987499999,0.621977322796306,0.284097852714744,0.27698245184382503,0.3502472852657428,surprised,08,20,20,female,normal,2393
20,0.6673333333333333,True,1.0,0.43643495208402816,0.4763473752697683,0.45639116367689825,0.4404039552881252,-0.07337962962962957,-0.07851851851851854,0.3444379332612504,0.36692367717759405,0.1626056034563097,1.0363012370729363,0.03991242318574012,0.0051388888888889706,0.010674824870713409,0.520720342045892,0.11477509463729163,0.11081567858256185,0.0,0.9999999987499999,0.6345321322200755,0.28502230262902345,0.2888957978618236,0.3724461961900281,surprised,08,20,20,female,normal,2393
30,1.0010000000000001,True,1.0,0.639306139538118,0.6507936507936504,0.6450498951658842,0.9069376589049505,-0.08000000000000007,-0.08189814814814811,0.3111622972765683,0.5169217551559485,0.1736326429790067,0.711239508947866,0.011487511255532379,0.0018981481481480378,0.0003950442826050417,0.25950537450422145,0.11173772594723248,0.11387764297141356,0.0,0.7350150823454175,0.6262996382146608,0.286443809625586,0.29493876991753015,0.37122825135927096,surprised,08,20,20,female,normal,2393
40,1.3346666666666667,True,1.0,0.6642560122789488,0.6895469221278715,0.6769014672034102,0.7814284194071303,-0.08814814814814814,-0.08703703703703702,0.3443846394179567,0.4394328086611139,0.17850684503424205,0.866236049767649,0.025290909848922682,0.0011111111111111183,0.017007883038567602,0.30743887703902306,0.11052654192092123,0.11702379189697763,0.0,0.9999999987499999,0.6247867334433774,0.2855304284631592,0.32860227752001664,0.39948913152296756,surprised,08,20,20,female,normal,2393
50,1.6683333333333334,True,1.0,0.779082915538873,0.737894853854003,0.7584888846964379,0.7443219283510094,-0.09203703703703708,-0.09027777777777779,0.3580956245858071,0.47282471128348236,0.1854368277457808,1.0190333722624756,0.04118806168486999,0.0017592592592592937,0.010763907672304788,0.31905032443968406,0.09918117292357072,0.11644277022385036,0.0,0.9999999987499999,0.6685984498330584,0.30682062325643916,0.305202672380267,0.4233554404780938,surprised,08,20,20,female,normal,2393
60,2.0020000000000002,True,1.0,0.750961863172814,0.7423667069592084,0.7466642850660112,0.8491301497197733,-0.08810185185185193,-0.08763888888888888,0.3255100273050483,0.48372876509991763,0.18895713720099233,0.8793284342952874,0.008595156213605626,0.00046296296296305384,0.02079756162249807,0.2839185498776971,0.1138570080604217,0.11511775551621532,0.0,0.9999999987499999,0.6115605868519283,0.28463449669515273,0.3327795366018027,0.39125941958461435,surprised,08,20,20,female,normal,2393
70,2.3356666666666666,True,1.0,0.7190187198498149,0.7108967689614025,0.7149577444056088,0.9439732425222359,-0.08805555555555561,-0.08754629629629629,0.33128336604121666,0.5215678468550143,0.18548619256239374,0.7573919600679438,0.008121950888412388,0.0005092592592593204,0.015280342695956161,0.25712796171391883,0.11474801603637316,0.11506054264280002,0.0,0.9999999987499999,0.6072629176201731,0.28630027867239927,0.3389510231140809,0.39430863107496317,surprised,08,20,20,female,normal,2393
80,2.6693333333333333,True,1.0,0.6893884362286775,0.6960926951781861,0.6927405657034318,0.8601581143724828,-0.08537037037037043,-0.08574074074074078,0.3312894730393376,0.49598396757736735,0.18408746739003493,0.8053642163322632,0.006704258949508546,0.00037037037037035425,0.01839845334262411,0.27301032315321255,0.11690910244314871,0.11320117189669833,0.0,0.9999999987499999,0.6095055677505378,0.28644931161984294,0.33998190690491514,0.3888167542175261,surprised,08,20,20,female,normal,2393
90,3.003,True,1.0,0.7284391499655485,0.71121299805211,0.7198260740088293,0.7784352455886219,-0.08356481481481481,-0.08416666666666678,0.33507819412689277,0.45533700915913944,0.1826990322656853,0.9247089954984313,0.01722615191343846,0.0006018518518519644,0.017577322726435064,0.31397642313586105,0.1160027454888558,0.11479556777847152,0.0,0.9999999987499999,0.6139096274603592,0.2865445324847419,0.3295272023275795,0.3854293878874249,surprised,08,20,20,female,normal,2393
0,0.0,True,1.0,0.6195949235347917,0.6226888603918396,0.6211418919633156,0.6350003064810088,-0.06185185185185177,-0.06370370370370365,0.34558249725660806,0.37433165182242945,0.15972269988794818,0.9781757357024083,0.003093936857047841,0.0018518518518518823,0.00264459559558196,0.37571930841648493,0.11400054304448372,0.1100653334455985,0.0,0.9999999987499999,0.6254815202252776,0.28554373918713244,0.2935452347280373,0.3795433813922713,surprised,08,20,20,female,strong,2394
10,0.33366666666666667,True,1.0,0.6817712797560564,0.6433760044806248,0.6625736421183406,0.625026818474166,-0.06129629629629629,-0.06421296296296292,0.34213990332413646,0.36991959232976257,0.1590296967754789,1.0600723401530754,0.03839527527543163,0.002916666666666623,0.0032060851559988475,0.40036106497182344,0.11448500485556977,0.11008177390947296,0.0,0.8527703863157212,0.6253469812690701,0.28564925118193857,0.2938552134769897,0.37890236168687574,surprised,08,20,20,female,strong,2394
20,0.6673333333333333,True,1.0,0.3686262751823211,0.3493121577919294,0.35896921648712526,0.6667437366054848,-0.07101851851851848,-0.0740277777777778,0.34529579812763156,0.3982701371324308,0.16113431332307035,0.5383915840210268,0.019314117390391683,0.0030092592592593226,0.009671410357776628,0.37108926156675,0.11553749400379859,0.11359888796351077,0.0,0.9999999987499999,0.6234237287102341,0.2858600753383692,0.28574807185447326,0.36120954578539394,surprised,08,20,20,female,strong,2394
30,1.0010000000000001,True,1.0,0.40886477399437177,0.3935240639431057,0.40119441896873875,0.739877676458966,-0.07324074074074072,-0.0748611111111111,0.37574145967061795,0.452509526362396,0.14749610744080677,0.5422442543324785,0.015340710051266082,0.0016203703703703831,0.018322936928563162,0.3350479427361625,0.10091890537826693,0.11576578974185263,0.0,0.9999999987499999,0.6687198776620024,0.3034205837891283,0.27509222653138243,0.39972407405712224,surprised,08,20,20,female,strong,2394
40,1.3346666666666667,True,1.0,0.7311339700345315,0.692821184737168,0.7119775773858498,0.6515206519954723,-0.06722222222222224,-0.06912037037037033,0.3791800198576348,0.2739124373404698,0.1692718349329341,1.092793567180427,0.03831278529736348,0.0018981481481480933,0.015835727121052415,0.34588960458115015,0.11472028737775725,0.1118986877402766,0.0,0.9999999987499999,0.5979173238904937,0.28888044123645135,0.30846057065322213,0.3856384510615936,surprised,08,20,20,female,strong,2394
50,1.6683333333333334,True,1.0,0.3654016614497674,0.3210707896478741,0.3432362255488207,0.5749588412854933,-0.06893518518518527,-0.07314814814814813,0.4353497470614591,0.22998353651419753,0.16584228650490837,0.5969752978863895,0.04433087180189327,0.004212962962962863,0.004377498702574151,0.4380640103460838,0.11392900430004632,0.11388138682886417,0.0,0.9999999987499999,0.5937604573235544,0.2858788269657741,0.3009299787641746,0.37152257024591057,surprised,08,20,20,female,strong,2394
60,2.0020000000000002,True,1.0,0.6693722646479892,0.6519634172335909,0.66066784094079,0.5114233037025622,-0.057638888888888906,-0.06601851851851853,0.4206981896916251,0.18166995541480652,0.17185172423239845,1.2918219333333836,0.0174088474143983,0.008379629629629626,0.02030092510659038,0.4743626736781927,0.11846343197768898,0.11259343907293987,0.0,0.9999999987499999,0.5735441717546393,0.2837263267896835,0.34018583934340807,0.39907522728367356,surprised,08,20,20,female,strong,2394
70,2.3356666666666666,True,1.0,0.6881339162276782,0.6607962354722694,0.6744650758499737,0.6635238383010138,-0.0618981481481482,-0.06879629629629624,0.3623202836420044,0.2777304028701322,0.17943261096045243,1.0164895922608832,0.027337680755408766,0.006898148148148042,0.02464613060387503,0.35393218824292405,0.11696846567763206,0.11246424231565867,0.0,0.9999999987499999,0.5759938147680947,0.28537334417683136,0.3167339582926898,0.3594881054316327,surprised,08,20,20,female,strong,2394
80,2.6693333333333333,True,1.0,0.7053197849525193,0.64008612854935,0.6727029567509346,0.7825599787348358,-0.05342592592592588,-0.06523148148148128,0.37723371301697567,0.17059766649301947,0.1896090870785938,0.8596183999065388,0.06523365640316936,0.011805555555555403,0.05505958682552871,0.3065617652638721,0.12066030332997318,0.11229072004988978,0.0,0.9999999987499999,0.530390797834759,0.279718335290908,0.3349747227706669,0.3703764619620287,surprised,08,20,20,female,strong,2394
90,3.003,True,1.0,0.6571434530629473,0.5989309314012515,0.6280371922320994,0.7575988995075961,-0.06018518518518523,-0.07208333333333344,0.35939598185309723,0.2802938560334189,0.18140189284711347,0.8289837704889675,0.05821252166169577,0.011898148148148213,0.039982862460032756,0.32622935645169027,0.10740370173543962,0.11503047755089432,0.0,0.9999999987499999,0.6085663631077431,0.31144757496240705,0.32275173246736655,0.41891686332814204,surprised,08,20,20,female,strong,2394
100,3.336666666666667,True,1.0,0.6582097942841657,0.6072524949942812,0.6327311446392234,0.7518717569519864,-0.06449074074074068,-0.07407407407407407,0.35777591921749496,0.39157298715226735,0.1671347593344299,0.8415413117846756,0.05095729928988446,0.009583333333333388,0.019069850833067233,0.32810247176458424,0.11648673794290294,0.11262530688482407,0.0,0.9999999987499999,0.5941749352709835,0.29066155867914245,0.3226767656867818,0.37694374423231425,surprised,08,20,20,female,strong,2394
110,3.6703333333333332,True,1.0,0.6911075848557952,0.6518518518518519,0.6714797183538235,0.787106928250652,-0.0681018518518518,-0.08000000000000002,0.3531601199594546,0.45768647802386864,0.1631414809981374,0.8530984727147424,0.03925573300394325,0.011898148148148213,0.004600848943582738,0.2983907536352627,0.11352733730512776,0.11327713046358694,0.0,0.7889340564361467,0.6127909704506802,0.28680203722434133,0.3139356071299873,0.3839622141653911,surprised,08,20,20,female,strong,2394
0,0.0,True,1.0,0.6326851602329925,0.5866317678076324,0.6096584640203124,0.5863362009167344,-0.061620370370370436,-0.06532407407407409,0.3325228939524855,0.3768817454707072,0.1598602082195427,1.0397762632890715,0.04605339242536011,0.0037037037037036535,0.00456408943463424,0.4027482965393781,0.12065342736648234,0.11024344743858752,0.0,0.9999999987499999,0.6118550728885305,0.2867435731650291,0.3066704791205446,0.3734475659607181,surprised,08,20,20,female,strong,2395
10,0.33366666666666667,True,1.0,0.6330597674497604,0.5866255107753532,0.6098426391125569,0.5534355574067955,-0.06300925925925932,-0.06708333333333333,0.3412174970611761,0.3580563626127589,0.1625919961946544,1.1019216798610938,0.04643425667440726,0.004074074074074008,0.007734961292878068,0.4145906396359376,0.11988969394495164,0.11124492110426709,0.0,0.9999999987499999,0.6134689774659864,0.286103353995814,0.30297235006087414,0.37135841162032357,surprised,08,20,20,female,strong,2395
20,0.6673333333333333,True,1.0,0.6026215085212069,0.5704121305147135,0.5865168195179602,0.49574731487370066,-0.065462962962963,-0.0671296296296296,0.3323115522050469,0.3674676834183177,0.15694444444444444,1.1830963112072215,0.03220937800649337,0.0016666666666665941,0.0059458744323432665,0.4860468774846227,0.11188235631415892,0.11373554991296689,0.0,0.9999999987499999,0.6293324748571303,0.28668066926421987,0.2827717171755022,0.3681153459646141,surprised,08,20,20,female,strong,2395
30,1.0010000000000001,True,1.0,0.664258488078866,0.7091564575813349,0.6867074728301005,0.7688215541187513,-0.048379629629629606,-0.04939814814814819,0.36009580448291956,0.4164164164164159,0.13681949688596953,0.8931948761728296,0.04489796950246894,0.0010185185185185852,0.007676087011010274,0.3281024717645848,0.1137032269572263,0.11071714192345587,0.0,0.9999999987499999,0.634153028742747,0.2904783535523196,0.2864094327774163,0.36177909743612807,surprised,08,20,20,female,strong,2395
40,1.3346666666666667,True,1.0,0.5450317394352497,0.5719504712812553,0.5584911053582525,0.8024557661092999,-0.04486111111111113,-0.046805555555555656,0.36634646755572103,0.36966910146253507,0.13668388554581415,0.6959774344523586,0.026918731846005572,0.0019444444444445264,0.013104752994605682,0.3197751506720014,0.10501429475265062,0.1140858834658676,0.0,0.9999999987499999,0.6330885543436124,0.2933921086509575,0.2778652384771966,0.35868043534201843,surprised,08,20,20,female,strong,2395
50,1.6683333333333334,True,1.0,0.5886779023335693,0.5833071192800123,0.5859925108067908,0.6856341734450202,-0.0466666666666668,-0.04828703703703702,0.3601920388968189,0.3660713422874371,0.14043487045126013,0.8546722632893684,0.005370783053556982,0.0016203703703702166,0.015464650957610643,0.3458048549418227,0.11134348252781939,0.11258341970110562,0.0,0.9999999987499999,0.6286142136463961,0.2895272445378425,0.2851291426893336,0.3534513934182673,surprised,08,20,20,female,strong,2395
60,2.0020000000000002,True,1.0,0.5557815082272509,0.6045129030868508,0.5801472056570509,0.8082727897024855,-0.045416666666666716,-0.0471759259259259,0.32612371564421944,0.4384995785145968,0.1486131646161992,0.7177616431583641,0.048731394859599875,0.0017592592592591827,0.0021835634058249326,0.29993619496467316,0.11722686779064784,0.1113425771789995,0.0,0.9999999987499999,0.617687096033726,0.28432757465491143,0.3024981533787421,0.36885810460720464,surprised,08,20,20,female,strong,2395
70,2.3356666666666666,True,1.0,0.6280612886332476,0.630374991735251,0.6292181401842494,0.8958016302185556,-0.04773148148148132,-0.04833333333333317,0.35004382394357836,0.4478790071272692,0.14652829845591075,0.7024078980864705,0.002313703102003406,0.0006018518518518534,0.008100799843880372,0.29811013748927395,0.11616390607130402,0.11177137004003143,0.0,0.9999999987499999,0.6089701817367572,0.28368304464475,0.29787228576079827,0.37977307393901216,surprised,08,20,20,female,strong,2395
80,2.6693333333333333,True,1.0,0.6537094238146747,0.658352633060898,0.6560310284377864,0.8463307100495215,-0.047222222222222276,-0.048611111111111105,0.34563445640001145,0.4390349641763341,0.145835425952248,0.7751473751902491,0.004643209246223301,0.0013888888888888284,0.006291394893204458,0.29770113194319103,0.118055817988801,0.10994462252078122,0.0,0.9999999987499999,0.6099972716352166,0.2823148300478851,0.30039655632630796,0.3792049615844185,surprised,08,20,20,female,strong,2395
90,3.003,True,1.0,0.6690253819506162,0.6881599671320909,0.6785926745413535,0.7903216495370244,-0.04791666666666655,-0.049537037037037046,0.3454615565948907,0.43545466652140863,0.1458417036288356,0.8586284773280316,0.019134585181474706,0.0016203703703704941,0.0030749023412047598,0.3220545783590091,0.11808247416569563,0.10956878014346896,0.0,0.9999999987499999,0.6121235331788965,0.2833598615893208,0.2964733755003562,0.37975538334568165,surprised,08,20,20,female,strong,2395
0,0.0,True,1.0,0.5430687992438601,0.5078375694331059,0.525453184338483,0.5975825997886206,-0.08287037037037037,-0.08282407407407405,0.33130575551149316,0.40118222378974067,0.17509806473913594,0.8792979991792741,0.03523122981075422,4.629629629632204e-05,0.001957043381977523,0.3856644821330711,0.1159104489507891,0.11288126414957018,0.0,0.9999999987499999,0.6233721937290542,0.28868574358038274,0.30008830932434943,0.3733264405402853,surprised,08,20,20,female,strong,2396
10,0.33366666666666667,True,1.0,0.2542103231258729,0.20440040902661472,0.2293053660762438,0.5865632661736917,-0.08513888888888893,-0.08680555555555558,0.34926302295137157,0.41038234506810356,0.16024155667146883,0.3909303212457605,0.04980991409925817,0.0016666666666666496,0.005301309915271739,0.3865713950328614,0.11601138401676728,0.11528369339748802,0.0,0.9999999987499999,0.6217012484915843,0.295668088780183,0.2833511979527352,0.3581866226525797,surprised,08,20,20,female,strong,2396
20,0.6673333333333333,True,1.0,0.49276016381253074,0.4678362573099415,0.4802982105612361,0.518717615835596,-0.08333333333333337,-0.08407407407407413,0.4366529219348082,0.18801654615617744,0.1768312475877971,0.9259338721079089,0.024923906502589244,0.000740740740740764,0.005192505625036792,0.4506493528007702,0.11427669098850157,0.1161864421703521,0.0,0.9999999987499999,0.5869048928633954,0.28619885216226365,0.3057877496091293,0.37078550168137164,surprised,08,20,20,female,strong,2396
30,1.0010000000000001,True,1.0,0.4789742445439661,0.48330255695871477,0.4811384007513404,0.6084030278646757,-0.08430555555555552,-0.08393518518518522,0.4294069117888879,0.13225164034831938,0.19330239254211215,0.7908218380174759,0.004328312414748681,0.00037037037037029874,0.018114064685247115,0.40350244188983914,0.10519219301625062,0.11541719527277149,0.0,0.9999999987499999,0.6209923340195453,0.3131141386094737,0.31610411263602695,0.42992411861986585,surprised,08,20,20,female,strong,2396
40,1.3346666666666667,True,1.0,0.5070723692454165,0.4639930550147676,0.4855327121300921,0.642308510461808,-0.07972222222222225,-0.08347222222222223,0.4180756957232131,0.20050125313283237,0.19241821567656028,0.7559182296697314,0.043079314230648924,0.0037499999999999756,0.020651026750563,0.40017082561556144,0.11905295248546252,0.11382620596944745,0.0,0.9999999987499999,0.5717075718881303,0.27952473086932916,0.34968158640008085,0.3930750433909832,surprised,08,20,20,female,strong,2396
50,1.6683333333333334,True,1.0,0.7630181318619452,0.7086640852842361,0.7358411085730907,0.5405900420725683,-0.0790277777777777,-0.07939814814814822,0.40297537535612643,0.10391639801746745,0.20904566173292546,1.3611813968158741,0.05435404657770915,0.0003703703703705208,0.02962985588077992,0.4469294781389588,0.1064408642657471,0.11625023106053399,0.0,0.9999999987499999,0.6066896337988319,0.31396259387980835,0.33634178204407783,0.4306768392151123,surprised,08,20,20,female,strong,2396
60,2.0020000000000002,True,1.0,0.8171055607136855,0.7632147626121866,0.790160161662936,0.6684758956645737,-0.07388888888888889,-0.07731481481481489,0.3704240919871407,0.25819039800610427,0.19447622372529053,1.1820323915754485,0.05389079810149888,0.003425925925925999,0.014281023902777877,0.3968282728669303,0.10481257274750372,0.11609073574561066,0.0,0.9999999987499999,0.6277266254001601,0.31180264489133197,0.3232153271553878,0.4392153180167594,surprised,08,20,20,female,strong,2396
70,2.3356666666666666,True,1.0,0.7754107862015569,0.720533357059397,0.747972071630477,0.7121632010685583,-0.06819444444444445,-0.07527777777777778,0.3923675656069404,0.16353901674215365,0.1979721687528186,1.0502818321814291,0.05487742914215987,0.00708333333333333,0.028486042799318843,0.35048237576313485,0.10679241740232856,0.11493706846673594,0.0,0.9999999987499999,0.6184587524619223,0.3083864035109098,0.3220501399543492,0.4328043773168279,surprised,08,20,20,female,strong,2396
80,2.6693333333333333,True,1.0,0.7762663179066197,0.7374049351204296,0.7568356265135247,0.6188927070107713,-0.0736574074074074,-0.07810185185185192,0.4171926284484163,0.18429823073297116,0.19445425341857223,1.2228866456821128,0.03886138278619011,0.004444444444444529,0.02162850849467365,0.4073540867437346,0.11424184878013956,0.1173625965437358,0.0,0.9999999987499999,0.587552969797294,0.2894136633594354,0.3638367434702027,0.41777373261342493,surprised,08,20,20,female,strong,2396
90,3.003,True,1.0,0.13029310549658557,0.11123251080595033,0.12076280815126794,0.6412837276215185,-0.09046296296296291,-0.09342592592592602,0.4034165302404382,0.26604547245226046,0.18613734526959475,0.1883141625925387,0.019060594690635244,0.0029629629629631116,0.007798713141011881,0.3949185264337137,0.11852215137193592,0.1130383948711589,0.0,0.9999999987499999,0.5959504376750702,0.28340902404159246,0.34063805808109565,0.4011298676970019,surprised,08,20,20,female,strong,2396
100,3.336666666666667,True,1.0,0.5388927783889379,0.527067752752859,0.5329802655708984,0.6713557880754321,-0.0810185185185186,-0.08111111111111119,0.3871261801324781,0.3142516454821172,0.18269903226568535,0.7938864534091332,0.0118250256360789,9.259259259258856e-05,0.006143693250418052,0.3955195002515332,0.11650398033969239,0.11445342220903927,0.0,0.9999999987499999,0.6104327668020333,0.2868811156590898,0.3376337656090878,0.39982630602821584,surprised,08,20,20,female,strong,2396
0,0.0,True,1.0,0.6587779913253337,0.6280575281834679,0.6434177597544009,0.6353916397015194,-0.06069444444444444,-0.06074074074074076,0.3448041402213569,0.3665339776678257,0.1556045939336626,1.0126317684265596,0.030720463141865717,4.629629629632204e-05,0.0057098499511085915,0.3758365043519268,0.1175156264612359,0.11120921503956531,0.0,0.9999999987499999,0.6254993504589336,0.2846527509906896,0.298463446282289,0.3736524760200507,surprised,08,20,20,female,strong,2397
10,0.33366666666666667,True,1.0,0.6780291943462361,0.6588098615534429,0.6684195279498395,0.6185287441933457,-0.061435185185185204,-0.060833333333333295,0.34414146880424423,0.37433165182242945,0.1563324977524367,1.0806604126725894,0.019219332792793198,0.0006018518518519089,0.003380309306808986,0.3857247997527539,0.11664832303136731,0.11228839946248455,0.0,0.9999999987499999,0.6257738391528486,0.2837038995501253,0.29752641903973964,0.37381404683630215,surprised,08,20,20,female,strong,2397
20,0.6673333333333333,True,1.0,0.24292162641946174,0.22921658470693035,0.23606910556319605,0.3872560663930585,-0.08398148148148138,-0.07916666666666666,0.36553437667252253,0.23211873847180664,0.16667811036558888,0.6095943383455995,0.013705041712531396,0.004814814814814716,0.02216151233281374,0.6121253855115274,0.11092367724067795,0.11729892563942224,0.0,0.9999999987499999,0.6219955239439525,0.2855574902269869,0.26950102536231146,0.3413948782201182,surprised,08,20,20,female,strong,2397
30,1.0010000000000001,True,1.0,0.2821311692068887,0.2746406455707452,0.27838590738881697,0.7384751792294288,-0.0746296296296296,-0.07277777777777777,0.35022718346645515,0.41833855785098883,0.15571438385955233,0.3769739528406388,0.007490523636143498,0.0018518518518518268,0.0297448620980453,0.33812515696393547,0.10437786681173594,0.10974441830853052,0.0,0.9999999987499999,0.65310047255621,0.28869045600893745,0.24815454892050748,0.34165771955253044,surprised,08,20,20,female,strong,2397
40,1.3346666666666667,True,1.0,0.637554080592105,0.6708595387840665,0.6542068096880858,0.7201151556658058,-0.06462962962962959,-0.06166666666666665,0.3584716998191377,0.37594267311319224,0.1545008431212387,0.9084752689078147,0.0333054581919614,0.002962962962962945,0.016769208137608762,0.35059521393335386,0.10686487301326232,0.11387021275153526,0.0,0.9999999987499999,0.6343573340195453,0.2893722007344833,0.26901750403141234,0.3665345053377837,surprised,08,20,20,female,strong,2397
50,1.6683333333333334,True,1.0,0.21002727031374643,0.25438029671020623,0.23220378351197635,0.539145462399007,-0.07819444444444446,-0.07467592592592603,0.36257634716696835,0.2933184213952702,0.15521984508056155,0.4306885612627648,0.0443530263964598,0.003518518518518421,0.0039374627422147255,0.4300882035963554,0.10935237257882337,0.11698724424804392,0.0,0.9999999987499999,0.633652269704757,0.2846551371480439,0.26556857394814753,0.3541547854870005,surprised,08,20,20,female,strong,2397
60,2.0020000000000002,True,1.0,0.6216826060590034,0.659252340441911,0.6404674732504572,0.6948587530728576,-0.05606481481481479,-0.055185185185185226,0.3524506694225407,0.29895085888018313,0.16417958257004797,0.921723257306802,0.03756973438290756,0.0008796296296295636,0.011528436717454245,0.3401162790697685,0.1089551792173479,0.11135970328671749,0.0,0.9999999987499999,0.6293559685280362,0.2896039199270372,0.28256489689702996,0.36273903377051164,surprised,08,20,20,female,strong,2397
70,2.3356666666666666,True,1.0,0.6889078651241904,0.6777294457402109,0.6833186554322006,0.6205360192152366,-0.053101851851851845,-0.052962962962962934,0.3939733104697522,0.11963212763279121,0.16584228650490837,1.1011748460570625,0.011178419383979565,0.0001388888888889106,0.023162635439825614,0.38542035946582975,0.10965226640598688,0.1128890888646683,0.0,0.9999999987499999,0.6095581613739246,0.28413780176583486,0.29272087340368713,0.39630539110135193,surprised,08,20,20,female,strong,2397
80,2.6693333333333333,True,1.0,0.6550012153490593,0.6656415036919612,0.6603213595205102,0.5702244345228514,-0.050787037037037075,-0.051203703703703696,0.4105639506960811,0.13565826889517998,0.16695252381865447,1.1580025680117505,0.010640288342901871,0.0004166666666666208,0.024161395407949336,0.43086118294695186,0.11270667615958643,0.11359162780762017,0.0,0.9999999987499999,0.6066894212059825,0.2825421624041396,0.30514686175325584,0.4022336179434652,surprised,08,20,20,female,strong,2397
90,3.003,True,1.0,0.664615289581927,0.6582977063980663,0.6614564979899966,0.6065719862536556,-0.05180555555555566,-0.051203703703703696,0.41346906342969547,0.17915590008613202,0.1626520472559829,1.090483096780189,0.006317583183860664,0.0006018518518519644,0.017056671615694845,0.43511066278084837,0.11704660732483209,0.11136110537740636,0.0,0.9999999987499999,0.6092323651257378,0.2821358716140925,0.30609438207476247,0.39717244792892886,surprised,08,20,20,female,strong,2397
100,3.336666666666667,True,1.0,0.6415484769371991,0.6735172254382954,0.6575328511877472,0.6490785053941889,-0.052453703703703725,-0.053194444444444544,0.40110283372106176,0.2116402116402121,0.16121762434314496,1.013025151385076,0.03196874850109632,0.0007407407407408195,0.021824055437011977,0.37967053445721805,0.11597210498584923,0.11332340746607403,0.0,0.9999999987499999,0.6119232787568153,0.282202321013204,0.2996072942833315,0.3909098103604709,surprised,08,20,20,female,strong,2397
0,0.0,True,1.0,0.5169017604219477,0.5013402474620529,0.5091210039420002,0.9529312355168563,-0.06902777777777774,-0.06717592592592586,0.30995119806931654,0.46727547929612345,0.1750353096353437,0.5342683553298159,0.01556151295989483,0.0018518518518518823,0.0014375773494242508,0.30347674694644217,0.10896137118598989,0.11389114713811352,0.0,0.9999999987499999,0.6068247933079483,0.2991484656390248,0.2782395907648226,0.3599663187581292,neutral,01,21,21,male,normal,2398
10,0.33366666666666667,True,1.0,0.5536151533824193,0.5435257310686772,0.5485704422255482,0.925017877647487,-0.06782407407407404,-0.06745370370370368,0.3141491427017317,0.4443713333796752,0.1750353096353437,0.5930376649807861,0.010089422313742102,0.00037037037037035425,0.0010797375544084335,0.32045338427255593,0.10855352761853584,0.11626329093527997,0.0,0.9999999987499999,0.6054227287555647,0.29968427499348793,0.2751313939345179,0.35428268213736214,neutral,01,21,21,male,normal,2398
20,0.6673333333333333,True,1.0,0.5493677888498368,0.5435257310686765,0.5464467599592566,1.4106698963077937,-0.07708333333333328,-0.07634259259259257,0.29479523524376605,0.6763285024154594,0.18546644821245548,0.3873668541375236,0.005842057781160315,0.0007407407407407085,0.0056307802855084625,0.2234522705342903,0.10840523450413674,0.11640157348458513,0.0,0.9999999987499999,0.6053186896633653,0.3019171711657075,0.27923541133379187,0.3605563208546691,neutral,01,21,21,male,normal,2398
30,1.0010000000000001,True,1.0,0.5435257310686766,0.5270743915060201,0.5353000612873484,1.162263133835633,-0.07939814814814816,-0.0796296296296296,0.3354446384712566,0.5383828850082323,0.19378937351945408,0.4605670142188734,0.016451339562656542,0.00023148148148144365,0.004965627025112476,0.2398814988422208,0.10773012195405464,0.11604575957831433,0.0,0.9999999987499999,0.6150780043736246,0.3033138835967838,0.28889672845534975,0.3689644827737833,neutral,01,21,21,male,normal,2398
40,1.3346666666666667,True,1.0,0.5494949494949488,0.5717075211993613,0.560601235347155,1.2165316509654265,-0.08472222222222214,-0.08129629629629626,0.2969518005297924,0.5792776968025057,0.2007005267484721,0.4608192765903525,0.022212571704412487,0.003425925925925888,0.004562466192453428,0.2415838025716509,0.1050324613513325,0.11849295149484054,0.0,0.9999999987499999,0.607420692230017,0.30388825000980296,0.28553242770040915,0.3635696185782311,neutral,01,21,21,male,normal,2398
50,1.6683333333333334,True,1.0,0.5657985764489671,0.5399778895373546,0.5528882329931608,1.1390302979299909,-0.0829166666666667,-0.0797222222222222,0.33015593736694687,0.5090935379576588,0.19587228806931042,0.4854025691835841,0.025820686911612545,0.0031944444444444997,0.0014768517247355293,0.24715011496544273,0.10776658061214577,0.11633988778914252,0.0,0.9999999987499999,0.6113492815798195,0.3023023514973395,0.29166417569802927,0.37324432965051557,neutral,01,21,21,male,normal,2398
60,2.0020000000000002,True,1.0,0.5494949494949488,0.5338433050903177,0.5416691272926333,1.097416445425898,-0.08277777777777778,-0.08101851851851855,0.32607652285443317,0.5051398167518684,0.19378189316636535,0.49358575730329624,0.01565164440463107,0.0017592592592592382,0.0003450290123209826,0.2499900356722902,0.10789758658292617,0.11556080826517162,0.0,0.9999999987499999,0.6130262602541017,0.30272542313510403,0.29012114372948167,0.3696078695988368,neutral,01,21,21,male,normal,2398
70,2.3356666666666666,True,1.0,0.5333333333333333,0.5174912207513663,0.5254122770423498,1.3008629493382529,-0.08662037037037035,-0.0851851851851852,0.3383055426953556,0.5236681555065683,0.20210183180206887,0.40389518150980186,0.015842112581966994,0.0014351851851851505,0.004542275995602083,0.21951687914171883,0.1013148700579874,0.11995228706992866,0.0,0.9999999987499999,0.6189063342055573,0.2996440770004816,0.28287223263889244,0.38874920695220505,neutral,01,21,21,male,normal,2398
80,2.6693333333333333,True,1.0,0.5493500571129789,0.5494949494949501,0.5494225033039646,1.2422519484308765,-0.08513888888888882,-0.08388888888888879,0.27332175773499845,0.6629650935893693,0.2013949502200868,0.4422794458064289,0.00014489238197124,0.0012500000000000289,0.004190694246750831,0.22179364873687385,0.10664596530535665,0.11736798315840763,0.0,0.9999999987499999,0.6063427162740096,0.30070942364387054,0.2880743994094806,0.360577857341921,neutral,01,21,21,male,normal,2398
90,3.003,True,1.0,0.5100117536906483,0.5082503060950913,0.5091310298928697,0.7051048878264855,-0.08342592592592585,-0.08296296296296296,0.3334053362422774,0.30093108329433155,0.1972361480619973,0.72206424701194,0.0017614475955570752,0.0004629629629628873,0.0064327709877143174,0.35999340685018394,0.10778555224196774,0.11582991095733168,0.0,0.9999999987499999,0.605843372317677,0.3019383573183251,0.29047994132673227,0.362865333376332,neutral,01,21,21,male,normal,2398
100,3.336666666666667,True,1.0,0.5009082488102781,0.5336434450492452,0.5172758469297616,0.7749150817393571,-0.0834259259259259,-0.08300925925925934,0.3329997004949762,0.3443797993743255,0.19585242212207915,0.6675258478241199,0.032735196238967146,0.00041666666666656527,0.005357744508968647,0.33820438338521197,0.10619215707385894,0.11631378093379433,0.0,0.9999999987499999,0.6074803090220462,0.30175533208870203,0.28597106806098976,0.3603877227447273,neutral,01,21,21,male,normal,2398
110,3.6703333333333332,True,1.0,0.5332052218753421,0.5078375694331059,0.5205213956542241,0.7826590614931885,-0.0818518518518519,-0.08152777777777781,0.3297821055695568,0.3477398200551627,0.19446366956824937,0.6650678708825684,0.025367652442236266,0.0003240740740740877,0.004679231136982395,0.32792240004944934,0.1070638076344916,0.11518160903213363,0.0,0.9999999987499999,0.6084952325852216,0.30213837285916617,0.28522295183737106,0.36178158416973527,neutral,01,21,21,male,normal,2398
0,0.0,True,1.0,0.576117345654434,0.5272762546905048,0.5516968001724694,0.8867036663297797,-0.06583333333333324,-0.062361111111111145,0.31153079026378167,0.4062942703342147,0.17920115530761807,0.6221884730171897,0.04884109096392919,0.003472222222222099,0.001732139658017725,0.32869544395464206,0.10638173803898607,0.11264285495717383,0.0,0.9999999987499999,0.6202027475521458,0.2940213514957052,0.2668644126192325,0.36390380574082426,neutral,01,21,21,male,normal,2399
10,0.33366666666666667,True,1.0,0.5432314212954331,0.5537809335416712,0.5485061774185522,0.9054646241704575,-0.06601851851851853,-0.06365740740740738,0.31052074613893177,0.40629427033421506,0.17920924427469395,0.6057731718906929,0.010549512246238124,0.002361111111111147,0.0024774399854233593,0.32188497206889116,0.10523847873611379,0.1143799166996343,0.0,0.9999999987499999,0.6206323576461835,0.2940492870344832,0.26552676139321585,0.36415315291041744,neutral,01,21,21,male,normal,2399
20,0.6673333333333333,True,1.0,0.6090052255033028,0.5927457369617557,0.6008754812325292,1.3848353281719095,-0.06953703703703706,-0.0671296296296297,0.3084364205426502,0.6362573099415192,0.18058259679984479,0.4338967016574683,0.01625948854154713,0.002407407407407358,0.0008962392065470892,0.2208466278529273,0.10700575507326718,0.11440590285450805,0.0,0.9949468228217507,0.6034362214495174,0.3006551052012295,0.2824248037689487,0.36772087678322435,neutral,01,21,21,male,normal,2399
30,1.0010000000000001,True,1.0,0.5759727833529353,0.5660789136416456,0.5710258484972905,1.1389889323798479,-0.08314814814814808,-0.0817592592592592,0.33228569640027117,0.5263509460240214,0.20141957250238082,0.5013445102615413,0.009893869711289693,0.001388888888888884,0.0008704223535373513,0.26420454545454497,0.1048152078956429,0.11592412422518904,0.0,0.9999999987499999,0.6188547607167868,0.2975300139712925,0.28461382745210545,0.38450571176363746,neutral,01,21,21,male,normal,2399
40,1.3346666666666667,True,1.0,0.5758197219087948,0.5925608385663298,0.5841902802375623,1.4099616858237543,-0.08009259259259255,-0.07902777777777781,0.2824487129432611,0.6743295019157078,0.19584735793088182,0.41433060636414076,0.01674111665753497,0.0010648148148147407,0.0053840841487791,0.21245142271901352,0.10691709444971269,0.11663202158408073,0.0,0.9999999987499999,0.6058897886420193,0.30153702063013144,0.28608056550563327,0.3669870645899164,neutral,01,21,21,male,normal,2399
50,1.6683333333333334,True,1.0,0.5817992315912067,0.6131306425527655,0.5974649370719861,1.1104623344052695,-0.07513888888888892,-0.07444444444444442,0.3335226658164129,0.5125210774178162,0.19099778869268047,0.5380326000809118,0.03133141096155878,0.0006944444444444975,0.00042464662766729974,0.2687100045923989,0.10582398748354332,0.11516951855536707,0.0,0.9999999987499999,0.6188283816495348,0.2948343907221288,0.27677075106559745,0.3789126159682083,neutral,01,21,21,male,normal,2399
60,2.0020000000000002,True,1.0,0.5655115819017132,0.5659489363750558,0.5657302591383846,1.056009865716486,-0.07814814814814813,-0.07587962962962963,0.34102212994980186,0.45257565673563643,0.1916989064398953,0.5357244070390815,0.00043735447334258826,0.002268518518518503,0.002751120625161501,0.2589285714285706,0.10831935004840974,0.11500001762810941,0.0,0.9999999987499999,0.6084201304818804,0.30117697782358416,0.28722997704071107,0.3736056501401692,neutral,01,21,21,male,normal,2399
70,2.3356666666666666,True,1.0,0.564619986392627,0.5486504142406553,0.5566352003166412,0.834835679619695,-0.0752314814814814,-0.07407407407407401,0.34363977140632934,0.38380588539072974,0.18751017225010927,0.6667601947370211,0.0159695721519717,0.0011574074074073848,0.006272132102671225,0.30619808476365334,0.1074919054006806,0.11577381363105377,0.0,0.9999999987499999,0.6084709221110319,0.2969037597861579,0.27813844686550615,0.35627685341570386,neutral,01,21,21,male,normal,2399
80,2.6693333333333333,True,1.0,0.564619986392627,0.5652196816474819,0.5649198340200545,1.0260189387446361,-0.07337962962962963,-0.07199074074074069,0.32874887422928495,0.4346747750689533,0.18959782024548774,0.5505939634128492,0.0005996952548549261,0.0013888888888889395,0.004350527377416114,0.27850273210526433,0.10616383755991454,0.11518759403981217,0.0,0.9999999987499999,0.617151279105392,0.2959154203304973,0.2747734397250606,0.37608139918971817,neutral,01,21,21,male,normal,2399
90,3.003,True,1.0,0.5968684322906558,0.5970101472666406,0.5969392897786482,1.1692839916839437,-0.07412037037037039,-0.07300925925925927,0.30507130846723196,0.528042006604244,0.19030343754396392,0.5105169437229414,0.00014171497598480798,0.0011111111111111183,0.0027115508648994035,0.2650640596974815,0.10647488818407357,0.1142349535923554,0.0,0.9999999987499999,0.616894111621211,0.29450075844963447,0.2740262352374266,0.3736081403071982,neutral,01,21,21,male,normal,2399
100,3.336666666666667,True,1.0,0.5863924434144152,0.5872773419712612,0.5868348926928382,0.7484969657709134,-0.07347222222222227,-0.07101851851851854,0.32948173670557646,0.3220002147158835,0.19030343754396392,0.7840177309047985,0.0008848985568460366,0.0024537037037037357,0.0006946306629210479,0.353932188242925,0.10606631734950071,0.11478051536439683,0.0,0.9999999987499999,0.6182253312496874,0.29341196922960455,0.27162018772046387,0.36802418803527653,neutral,01,21,21,male,normal,2399
110,3.6703333333333332,True,1.0,0.602226970791429,0.5863924434144158,0.5943097071029224,0.808614916606774,-0.0721296296296296,-0.07041666666666668,0.32521130564827366,0.3603340560100923,0.19030343754396392,0.7349724756461953,0.015834527377013186,0.0017129629629629162,0.00034573307317111796,0.3308532256160314,0.1072206788020333,0.1135352477146223,0.0,0.9999999987499999,0.6164407247508379,0.2937773872302859,0.27106517139838676,0.3674375109626581,neutral,01,21,21,male,normal,2399
0,0.0,True,1.0,0.5325318359287107,0.5174912207513658,0.5250115283400383,1.0623376940927043,-0.06606481481481469,-0.06490740740740747,0.31011227778573025,0.47619795138500254,0.18058977894973996,0.4942039911220767,0.015040615177344896,0.0011574074074072183,0.00033783988421699405,0.2737194779076229,0.10706688459435759,0.11300793277354743,0.0,0.9999999987499999,0.6114478268573054,0.29774037183149255,0.27470208989470674,0.36691907864026335,neutral,01,21,21,male,normal,2400
10,0.33366666666666667,True,1.0,0.5493500571129789,0.5399778895373558,0.5446639733251674,1.0772962873735554,-0.06458333333333333,-0.06444444444444447,0.2986213410969771,0.49137438067638267,0.17989546661676634,0.5055841923052165,0.009372167575623092,0.0001388888888888551,0.00140319394895303,0.2867074888162139,0.107206970574352,0.11521385061004095,0.0,0.9561068955952232,0.6123083970072405,0.2959565566913423,0.27408871821577296,0.36087007633967116,neutral,01,21,21,male,normal,2400
20,0.6673333333333333,True,1.0,0.5009188861271424,0.5010785545286599,0.5009987203279012,1.3524481950810276,-0.0796296296296296,-0.08037037037037037,0.2929309777654219,0.6472221686833157,0.19379764094220966,0.3704383814108942,0.00015966840151748762,0.000740740740740764,0.007907665399309627,0.225445779896921,0.10811769043438589,0.11518962915486099,0.0,0.9999999987499999,0.6128106874155913,0.29735867132552296,0.280227663176593,0.37149052375446545,neutral,01,21,21,male,normal,2400
30,1.0010000000000001,True,1.0,0.5435257310686752,0.5595207912983977,0.5515232611835365,1.6661674303942815,-0.08273148148148152,-0.08273148148148152,0.2699135067931724,0.8013663735126574,0.2055559267149544,0.33101310896049874,0.015995060229722524,0.0,0.007877639995720687,0.19264358422692845,0.10521466336592288,0.11654668026904699,0.0,0.9999999987499999,0.606958091752326,0.30151920944635774,0.28096208286965724,0.3649537973899029,neutral,01,21,21,male,normal,2400
40,1.3346666666666667,True,1.0,0.5238095238095244,0.5082503060950913,0.5160299149523078,0.989378681874526,-0.07828703703703699,-0.0796296296296296,0.34079486920244506,0.4611510805347375,0.19657474551182114,0.5215696723671182,0.015559217714433138,0.0013425925925926174,0.003301928303807868,0.28651870615098163,0.1062473509395448,0.11577071492830698,0.0,0.9999999987499999,0.615491482116284,0.2961407688560699,0.2798002890559046,0.3718669177814268,neutral,01,21,21,male,normal,2400
50,1.6683333333333334,True,1.0,0.5332052218753416,0.5495086833287356,0.5413569526020385,1.1735438974711383,-0.08500000000000002,-0.08476851851851847,0.3299150491906792,0.5436083540903823,0.20005492409898346,0.4613009822373112,0.016303461453394008,0.00023148148148155467,0.008784270494611751,0.25684636399136407,0.1067516493531184,0.11563585634301118,0.0,0.9999999987499999,0.6149346342677695,0.2980051699071078,0.2928497624868636,0.38426310460327884,neutral,01,21,21,male,normal,2400
60,2.0020000000000002,True,1.0,0.517171717171718,0.5082503060950931,0.5127110116334055,1.1160977050073695,-0.08138888888888896,-0.08138888888888884,0.334034988194288,0.4635403929224292,0.19515296339244406,0.4593782509659583,0.008921411076624808,1.1102230246251565e-16,0.0006216552239539673,0.2442169060747912,0.1060599554446989,0.11495225174993311,0.0,0.9999999987499999,0.6207796606220614,0.29469559837896053,0.2810433195793981,0.3669747636421336,neutral,01,21,21,male,normal,2400
70,2.3356666666666666,True,1.0,0.5104507759999244,0.5013402474620529,0.5058955117309887,1.0864872489952595,-0.08541666666666664,-0.08458333333333334,0.2998886792784139,0.552747300205553,0.2000244125725657,0.46562489545903174,0.009110528537871532,0.0008333333333332971,0.0044358440174728005,0.2670113181677769,0.10492674126145138,0.11631561027722259,0.0,0.9999999987499999,0.616436096844988,0.2947575491982749,0.277795848859622,0.3663715239344321,neutral,01,21,21,male,normal,2400
80,2.6693333333333333,True,1.0,0.5104507759999245,0.5010101010101018,0.5057304385050132,0.7404799170616245,-0.08412037037037046,-0.08273148148148152,0.3319292772141023,0.3099418194368931,0.20210183180206887,0.6829765762072992,0.009440674989822706,0.0013888888888889395,0.004288873096474009,0.3562165281442829,0.09054036719623051,0.11513020621191608,0.0,0.9999999987499999,0.6662087358459009,0.31952396928735644,0.26459318646802427,0.4052789781861741,neutral,01,21,21,male,normal,2400
90,3.003,True,1.0,0.5267489711934146,0.5172210972249814,0.5219850342091981,0.7504459821870022,-0.08166666666666667,-0.08124999999999999,0.3330227037953581,0.3410839390413579,0.19931933583917838,0.6955664319608891,0.009527873968433132,0.0004166666666666763,0.003857425335704588,0.35864601440579963,0.10727626785744479,0.11448559942578539,0.0,0.9999999987499999,0.6139398062271784,0.2948066736130153,0.2828100719572212,0.37074329236535297,neutral,01,21,21,male,normal,2400
100,3.336666666666667,True,1.0,0.5162444662988888,0.49222039114278476,0.5042324287208367,0.7354245437754949,-0.08407407407407402,-0.07939814814814816,0.34202671684781377,0.2924744990794248,0.1993193358391783,0.685634485534338,0.024024075156103997,0.004675925925925861,0.001426584269367613,0.36079952496340956,0.08980072367593835,0.11570804855928118,0.0,0.9999999987499999,0.666823753868735,0.31816087012911914,0.25982475087668033,0.40081580226458796,neutral,01,21,21,male,normal,2400
0,0.0,True,1.0,0.5334836932594219,0.5169017604219477,0.5251927268406849,0.842833804089901,-0.06856481481481486,-0.06643518518518515,0.31874269935880206,0.3855240244958204,0.17921818428722588,0.6231272693289661,0.016581932837474223,0.0021296296296297035,0.00429809192221508,0.34964832253361283,0.10708136913898911,0.11282547177928637,0.0,0.9999999987499999,0.6175826386882878,0.29309664589240425,0.26846822325399333,0.36174190895250974,neutral,01,21,21,male,normal,2401
10,0.33366666666666667,True,1.0,0.5599770706313316,0.5432314212954323,0.551604245963382,0.9158232400638514,-0.06685185185185183,-0.06527777777777771,0.31306703573382183,0.42125203391750243,0.1799035243656609,0.602304267715377,0.016745649335899282,0.0015740740740741166,0.0032457086786461535,0.315614310205566,0.10665574300869668,0.11339604547591321,0.0,0.9999999987499999,0.6152611852475366,0.2925322638772874,0.2678076519029492,0.3614844900333908,neutral,01,21,21,male,normal,2401
20,0.6673333333333333,True,1.0,0.5264637457451853,0.5270743915060214,0.5267690686256034,1.3993173847097198,-0.07884259259259252,-0.07870370370370372,0.30303595964597974,0.6901839058486909,0.18691008021618238,0.3764471694424625,0.0006106457608361371,0.00013888888888879958,0.009557696881650861,0.2128316891614389,0.10624180499332211,0.11594024683388952,0.0,0.9999999987499999,0.608357381976228,0.3022188991904821,0.28260871630235607,0.36914523659424353,neutral,01,21,21,male,normal,2401
30,1.0010000000000001,True,1.0,0.5200929672070284,0.4775521920387543,0.49882257962289134,1.4182259938316655,-0.08217592592592593,-0.08097222222222228,0.3042564843333399,0.6334564615323593,0.19930708674523126,0.35172291425515817,0.042540775168274036,0.0012037037037036513,0.0032200084554113977,0.21749388307055725,0.08837493205834804,0.11581783184192401,0.0,0.9999999987499999,0.670836218401423,0.31677234735065113,0.26364507296442447,0.4078012047669013,neutral,01,21,21,male,normal,2401
40,1.3346666666666667,True,1.0,0.526463745745184,0.5010785545286599,0.513771150136922,1.008445517693368,-0.07874999999999999,-0.07981481481481484,0.33379476338512215,0.4871083245312575,0.18899226133807445,0.509468425534855,0.02538519121652405,0.0010648148148148517,0.014416165800023622,0.27698948970668724,0.10667968616404022,0.11553746805393995,0.0,0.9999999987499999,0.6074259603450755,0.3014589121075119,0.2852322892133182,0.369979724636351,neutral,01,21,21,male,normal,2401
50,1.6683333333333334,True,1.0,0.5593677298542585,0.543231421295431,0.5512995755748448,1.1735438974711392,-0.08023148148148151,-0.07981481481481478,0.3343261916789212,0.52635094602402,0.1945107434791823,0.46977328821089354,0.016136308558827528,0.0004166666666667318,0.005420016679338613,0.24815327466436649,0.10537949959916186,0.11688766819483794,0.0,0.9999999987499999,0.6099227954697505,0.30263263166156196,0.2957632580964116,0.38461513511923334,neutral,01,21,21,male,normal,2401
60,2.0020000000000002,True,1.0,0.5558427053683569,0.5493584018885268,0.5526005536284418,0.8706183642036829,-0.07828703703703704,-0.07865740740740745,0.31964430299367586,0.3908641244159532,0.19030343754396398,0.6347219130093606,0.006484303479830089,0.00037037037037040976,0.005719402253063801,0.2762468265272188,0.10947785162572495,0.11373030249623658,0.0,0.9999999987499999,0.6031330360034639,0.30011877606231635,0.2856677480656273,0.3607880197719192,neutral,01,21,21,male,normal,2401
70,2.3356666666666666,True,1.0,0.5819527217225274,0.5555628248343149,0.5687577732784211,1.0254912095394908,-0.07944444444444437,-0.0784259259259259,0.33410482613806153,0.4700168043722661,0.19378937351945408,0.5546198426545544,0.026389896888212583,0.0010185185185184742,0.009580619307317066,0.27238537663167167,0.10521373714025878,0.11687399831095313,0.0,0.9999999987499999,0.6036741514652737,0.30093366841359603,0.2809612162566878,0.3623409477234146,neutral,01,21,21,male,normal,2401
80,2.6693333333333333,True,1.0,0.5435274820817708,0.5495097255144951,0.5465186037981329,1.0016330924124868,-0.0754629629629629,-0.07569444444444451,0.31956153873960885,0.45607777578301495,0.19238054442833305,0.5456275435966415,0.0059822434327242435,0.00023148148148161019,0.004233775027852808,0.30343300046308436,0.08825479944164309,0.11786533219794268,0.0,0.9999999987499999,0.6745940861579007,0.31494029383106614,0.26162192170449206,0.40736243744575185,neutral,01,21,21,male,normal,2401
90,3.003,True,1.0,0.5656535185663734,0.5330549404351335,0.5493542295007534,0.7005113900490635,-0.0768518518518519,-0.07490740740740742,0.3345786526784165,0.3075126464506898,0.19446955443027228,0.7842188396997755,0.0325985781312399,0.0019444444444444708,0.0038738684786200654,0.3711939994914817,0.08964480533289522,0.11599325539827197,0.0,0.9999999987499999,0.6720673045390031,0.31572369527982425,0.26315824657363807,0.4063559809336393,neutral,01,21,21,male,normal,2401
100,3.336666666666667,True,1.0,0.5655032371261647,0.5655032371261646,0.5655032371261646,0.7242088920171917,-0.07777777777777772,-0.07537037037037037,0.33043639503869837,0.3016455129297035,0.19588046757961872,0.7808565226961344,1.1102230246251565e-16,0.002407407407407358,0.008120581713208013,0.37562037281213856,0.08947972508824188,0.11693812447881302,0.0,0.9999999987499999,0.6734888379805049,0.3149785952560531,0.2608695559291557,0.40479679795514256,neutral,01,21,21,male,normal,2401
0,0.0,True,1.0,0.5162538385988474,0.5267889898483257,0.5215214142235866,0.8437861004728561,-0.06481481481481488,-0.06236111111111109,0.33304350235453006,0.3443797993743255,0.18335372349028461,0.6180730091800837,0.010535151249478236,0.002453703703703791,0.003083817384116362,0.33537888288091394,0.1063354085110462,0.1130242263987041,0.0,0.9999999987499999,0.6155510129989497,0.2975913355613345,0.2742749772906149,0.36488033765426453,calm,02,21,21,male,normal,2402
10,0.33366666666666667,True,1.0,0.5485003675226954,0.5176995120384407,0.533099939780568,0.9215624212378063,-0.06638888888888889,-0.06458333333333338,0.3277166070369401,0.3651268110579208,0.18404809099924882,0.5784740430979479,0.030800855484254708,0.0018055555555555047,0.0006646443090424114,0.30834343829362776,0.10517703366667237,0.11641710231118053,0.0,0.9999999987499999,0.6133948354810674,0.2988152245927345,0.2715474630396889,0.3565474514790343,calm,02,21,21,male,normal,2402
20,0.6673333333333333,True,1.0,0.5363859635385314,0.5264220340298117,0.5314039987841715,1.2367604320980023,-0.07430555555555557,-0.07722222222222236,0.3290968400334741,0.505139816751868,0.18893775557162903,0.42967415919242674,0.009963929508719715,0.0029166666666667895,0.005408928851322675,0.23808553754838846,0.10619254972085566,0.11761651169471452,0.0,0.9999999987499999,0.6145185080594738,0.30356843975370357,0.2832356747731174,0.37390812289972297,calm,02,21,21,male,normal,2402
30,1.0010000000000001,True,1.0,0.5032168664455683,0.5108674708587922,0.5070421686521802,1.0863120450899648,-0.08171296296296299,-0.08259259259259266,0.34834265625909855,0.38677887819523327,0.20763888888888887,0.4667555431645689,0.00765060441322396,0.0008796296296296746,0.004281818837354469,0.2731379041363135,0.10247118463625138,0.11783964848396404,0.0,0.9999999987499999,0.6098198383572179,0.3040829910995914,0.2884915617036512,0.38167811729087897,calm,02,21,21,male,normal,2402
40,1.3346666666666667,True,1.0,0.5343219829994273,0.510185209835095,0.5222535964172612,1.0262258065468643,-0.08143518518518506,-0.08055555555555566,0.31880844345216575,0.33292741933016906,0.20769179289336961,0.5089070973322981,0.02413677316433238,0.0008796296296293971,0.015546464590250008,0.27841268840790734,0.10089345883476335,0.11806908472245836,0.0,0.9999999987499999,0.6139882995151185,0.3006778542193904,0.2816801511604912,0.3691728171041232,calm,02,21,21,male,normal,2402
50,1.6683333333333334,True,1.0,0.5266168071893232,0.5325318359287095,0.5295743215590163,1.1964450381044258,-0.07847222222222222,-0.07773148148148146,0.3343666028777312,0.4358337640542828,0.1993243118185769,0.44262319178325266,0.005915028739386208,0.000740740740740764,0.004594076063789247,0.24106364563134028,0.10426670049837884,0.1173955247683418,0.0,0.9999999987499999,0.6153335351484344,0.29831184641399344,0.28451017255736466,0.38004842157592317,calm,02,21,21,male,normal,2402
60,2.0020000000000002,True,1.0,0.4865499902678251,0.4777680425768337,0.4821590164223294,0.9641090443751535,-0.07180555555555551,-0.07199074074074069,0.37924128552727,0.26362356682133126,0.19031786964211192,0.5001083842490248,0.008781947690991387,0.00018518518518517713,0.006118356951912958,0.2992363429064322,0.10600726733939936,0.11599059137628973,0.0,0.9999999987499999,0.6150063962928921,0.2979108829746829,0.2893701967725264,0.39059138511575914,calm,02,21,21,male,normal,2402
70,2.3356666666666666,True,1.0,0.49996646896902486,0.5105263089013707,0.5052463889351978,0.9279021469259284,-0.0722685185185184,-0.06921296296296292,0.3584775943991567,0.2319646280911178,0.19167661779251208,0.5445039550873354,0.010559839932345882,0.003055555555555478,0.0006258837978353578,0.28176472522779233,0.1038501190573945,0.11727785382505772,0.0,0.9999999987499999,0.6158883096129077,0.2948218135573181,0.2652725575073741,0.3551880181054755,calm,02,21,21,male,normal,2402
80,2.6693333333333333,True,1.0,0.490429217526552,0.501180495672227,0.4958048565993895,0.9504245955953134,-0.07175925925925919,-0.0703240740740741,0.35685838735781467,0.30584661840849026,0.1910297419690029,0.5216666939146648,0.010751278145675003,0.001435185185185095,0.019606245261123017,0.290290553306714,0.10371997917582435,0.1157586656395039,0.0,0.9999999987499999,0.6153939990371149,0.2955196571745066,0.2785042202875362,0.3743140207825717,calm,02,21,21,male,normal,2402
90,3.003,True,1.0,0.5150752292846477,0.548650414240654,0.5318628217626509,1.0329095882513495,-0.06578703703703703,-0.06453703703703706,0.34297515179296595,0.3248132578621727,0.19029742384669845,0.5149171116351635,0.03357518495600631,0.0012499999999999734,0.010458553516124043,0.29206112185502303,0.10539876364690967,0.11555879435656576,0.0,0.9999999987499999,0.6116015587953932,0.3015011463402047,0.28103742825853983,0.36978372166376666,calm,02,21,21,male,normal,2402
100,3.336666666666667,True,1.0,0.549208120448318,0.5367894068727928,0.5429987636605553,0.71763506625892,-0.06513888888888886,-0.06472222222222229,0.3512434483322475,0.21202854230377238,0.19036797259896426,0.7566502658394948,0.012418713575525264,0.00041666666666656527,0.009250437737300433,0.35867532050196843,0.10494456352325089,0.11662670666901,0.0,0.9999999987499999,0.6114015978500775,0.2987599360590255,0.2743387773605092,0.36383197166574166,calm,02,21,21,male,normal,2402
110,3.6703333333333332,True,1.0,0.5333333333333328,0.5118074859308605,0.5225704096320967,0.7460317460317462,-0.06486111111111104,-0.06421296296296297,0.35975264038276694,0.19047619047619113,0.18967385838108636,0.7004667192940869,0.02152584740247232,0.0006481481481480644,0.008251052796848983,0.3470744680851071,0.10556657422671276,0.11524030887571605,0.0,0.9999999987499999,0.6120294081695178,0.29831653826807003,0.2795083525157349,0.36500221686309686,calm,02,21,21,male,normal,2402
120,4.0040000000000004,True,1.0,0.5171717171717166,0.5047000234197998,0.5109358702957583,0.7017543859649119,-0.06675925925925924,-0.06481481481481471,0.364227556769744,0.18713450292397585,0.18831156847136002,0.7280836151714559,0.012471693751916813,0.0019444444444445264,0.017715113573099406,0.37565785917573175,0.10741622268105347,0.11318205508862522,0.0,0.9999999987499999,0.6061490514096264,0.29805869777260946,0.2831998450233504,0.3676484668897911,calm,02,21,21,male,normal,2402
0,0.0,True,1.0,0.5430687992438629,0.5325318359287108,0.5378003175862869,0.8289611883757902,-0.06657407407407406,-0.06328703703703703,0.3425850480120802,0.31498531954868997,0.18265935656628304,0.6487641702985105,0.010536963315152081,0.0032870370370370328,0.003155332298992274,0.3398405995318794,0.10741001551709745,0.11385924137114471,0.0,0.9999999987499999,0.6113898087516257,0.2945320257103454,0.27372479199493993,0.3632087148161209,calm,02,21,21,male,normal,2403
10,0.33366666666666667,True,1.0,0.49996646896902486,0.5076981253926688,0.5038322971808469,0.8702124158016931,-0.06671296296296292,-0.06435185185185183,0.3394193612239572,0.31794362744378535,0.1861258682802443,0.57897622239357,0.007731656423643929,0.0023611111111110916,0.0003240951875509813,0.33751526501764756,0.10578435245424321,0.11487470222824422,0.0,0.9999999987499999,0.6136498151369922,0.29766490244387755,0.2746662204722309,0.36166543999003586,calm,02,21,21,male,normal,2403
20,0.6673333333333333,True,1.0,0.5102880658436204,0.4854462127752273,0.49786713930942383,1.1900242060243906,-0.08597222222222223,-0.08393518518518522,0.3506687308500823,0.4075304380489131,0.19932431181857688,0.4183672372284666,0.024841853068393094,0.002037037037037004,0.00031805541949159237,0.24694823571807906,0.10674253772284482,0.11646508614131927,0.0,0.9999999987499999,0.6079701627604167,0.3045280295399335,0.30038880071653207,0.386636249720022,calm,02,21,21,male,normal,2403
30,1.0010000000000001,True,1.0,0.45265396223318444,0.4527078087491608,0.4526808854911726,1.104575295948542,-0.08421296296296293,-0.08185185185185184,0.3582246037874919,0.40019514270970613,0.2034905944329861,0.4098234743720552,5.384651597634127e-05,0.0023611111111110916,0.001500838851796502,0.26940288167318704,0.0887617125599181,0.11683359427951058,0.0,0.9999999987499999,0.6689472186140081,0.31892969476191835,0.27794723272228916,0.42775595654339704,calm,02,21,21,male,normal,2403
40,1.3346666666666667,True,1.0,0.4999664689690262,0.5010785545286599,0.500522511748843,1.067753111856157,-0.0811574074074074,-0.0817592592592592,0.33077983270855776,0.3960367692804738,0.2013892677274334,0.4687624004005443,0.0011120855596337131,0.0006018518518517979,0.006671526911376068,0.2545018823130206,0.10410805476824618,0.11491346240029793,0.0,0.9999999987499999,0.6174457170993397,0.2958411379846607,0.2831857228151077,0.3775097790616086,calm,02,21,21,male,normal,2403
50,1.6683333333333334,True,1.0,0.5202587473662815,0.526790263333773,0.5235245053500273,0.9998740474835976,-0.08143518518518522,-0.08152777777777775,0.3589263636276342,0.3888399073547327,0.20209277153915411,0.5235904528851324,0.006531515967491464,9.259259259253305e-05,0.004280204549761826,0.2950701033622538,0.08961792406084336,0.11617813071247132,0.0,0.9999999987499999,0.6696072875243848,0.3186148025514127,0.27499281890001037,0.42516878444170225,calm,02,21,21,male,normal,2403
60,2.0020000000000002,True,1.0,0.5269116813497187,0.5076718308578976,0.5172917561038082,0.9497455304237807,-0.0803703703703702,-0.08037037037037037,0.3716739524657298,0.3216880022403128,0.20209692421007702,0.5446635330549966,0.019239850491821087,1.6653345369377348e-16,0.010199650129389578,0.30888912816147773,0.08882452302910765,0.11580289630425698,0.0,0.9999999987499999,0.6678594658175772,0.31872451311856226,0.27386281019537884,0.42372579503704716,calm,02,21,21,male,normal,2403
70,2.3356666666666666,True,1.0,0.526463745745184,0.5150752292846477,0.5207694875149158,1.3374422717016363,-0.07902777777777781,-0.0791203703703704,0.35047658900317635,0.45667686034658644,0.19932431181857696,0.38937717053935905,0.011388516460536291,9.259259259258856e-05,0.002500212456427314,0.22669486772082156,0.10362499076167031,0.11715201927641483,0.0,0.9999999987499999,0.6137726534285589,0.298965396966544,0.28436408335172714,0.38434501845172836,calm,02,21,21,male,normal,2403
80,2.6693333333333333,True,1.0,0.5968684322906558,0.608018598774968,0.6024435155328118,1.1158425324217816,-0.08050925925925928,-0.07976851851851846,0.3032002694508805,0.5200015728996997,0.20000038146936272,0.5399001185456622,0.011150166484312218,0.0007407407407408195,0.004957953165826308,0.24841498307060259,0.10677602516144168,0.1132827925899817,0.0,0.9999999987499999,0.6180578089829681,0.29529859291412064,0.2773868290599074,0.3704375650575932,calm,02,21,21,male,normal,2403
90,3.003,True,1.0,0.5631570542786075,0.5962883062577559,0.5797226802681816,1.0953726464078704,-0.07435185185185195,-0.0729629629629629,0.34447294275078083,0.3567741116924105,0.1979263035619826,0.5292469938603136,0.033131251979148346,0.0013888888888890505,0.0026317869605746785,0.2646002042115214,0.10522129455512995,0.11489427211898777,0.0,0.9999999987499999,0.6152796661477091,0.2991035834398441,0.28818512554664844,0.3832425167701632,calm,02,21,21,male,normal,2403
100,3.336666666666667,True,1.0,0.5330549404351322,0.5118074859308605,0.5224312131829963,0.6665826983223997,-0.07101851851851854,-0.0699537037037038,0.36085551338794797,0.16664567458060056,0.19799220734919576,0.783745534496782,0.02124745450427179,0.0010648148148147407,0.01037644727214313,0.3891219666166748,0.10536522409701968,0.11542443387204762,0.0,0.9999999987499999,0.6125232721291641,0.29918584028480966,0.27866704417737254,0.36459909096783566,calm,02,21,21,male,normal,2403
110,3.6703333333333332,True,1.0,0.5430783598512925,0.5333648902768584,0.5382216250640754,0.6970661598294837,-0.070462962962963,-0.06879629629629624,0.3608301896176509,0.2217756561397374,0.18960908707859386,0.7721241627849718,0.009713469574434086,0.0016666666666667607,0.0038472316945142525,0.3861753811986569,0.10877433162024455,0.11423669522139622,0.0,0.9999999987499999,0.6138791250719037,0.2933904929439933,0.2751061585538929,0.36260194437812354,calm,02,21,21,male,normal,2403
0,0.0,True,1.0,0.5007485804087612,0.4774670619391339,0.4891078211739476,0.7974524861030721,-0.06629629629629624,-0.06574074074074077,0.33856861186927484,0.3405552826671262,0.17715612972166683,0.61333788494921,0.023281518469627338,0.0005555555555554759,0.004964728931067572,0.35153836260491206,0.11055488187663597,0.11268362700733005,0.0,0.9999999987499999,0.6083746049748024,0.29392828134961463,0.2761183383059101,0.36453612260958224,calm,02,21,21,male,normal,2404
10,0.33366666666666667,True,1.0,0.5079365079365079,0.5235025173380218,0.5157195126372649,0.8802971137913499,-0.06685185185185188,-0.06717592592592592,0.3320687052830965,0.3639689989714237,0.18062695257212014,0.5858471015724607,0.01556600940151387,0.0003240740740740322,0.009504451101910803,0.3250885319789987,0.11036825000026482,0.11353962693422695,0.0,0.9999999987499999,0.6068571143770007,0.29700374325719275,0.2793059717046212,0.3608111601846947,calm,02,21,21,male,normal,2404
20,0.6673333333333333,True,1.0,0.5267889898483269,0.5007735952922487,0.5137812925702878,1.2404283754420995,-0.07550925925925916,-0.07726851851851851,0.33722941330968564,0.5028618408173737,0.18619144154760403,0.4141966620097446,0.026015394556078153,0.0017592592592593492,0.013385598068231992,0.24323621618450172,0.10837788884966583,0.11772886632626128,0.0,0.9999999987499999,0.6000578652632929,0.30225379225752336,0.2899358377041945,0.383804487341176,calm,02,21,21,male,normal,2404
30,1.0010000000000001,True,1.0,0.2631298377180909,0.23876690616950003,0.2509483719437955,0.9045780807384078,-0.0730555555555556,-0.07050925925925916,0.34691716505302983,0.2099913401714165,0.1896320210632777,0.27742035462427533,0.02436293154859087,0.0025462962962964353,0.009016467123973106,0.29184147496250595,0.10769712004548855,0.11607638789265774,0.0,0.9999999987499999,0.6073131693693101,0.30093923094038943,0.2760000681118647,0.3589332509611414,calm,02,21,21,male,normal,2404
40,1.3346666666666667,True,1.0,0.5009188861271424,0.4919663637949022,0.4964426249610223,0.8570813937008611,-0.06490740740740747,-0.065462962962963,0.35433292057069027,0.2777427909676666,0.184815128325867,0.5792245971148581,0.008952522332240198,0.0005555555555555314,0.01971466849436657,0.3124830471695431,0.10854743700128774,0.11428572845203816,0.0,0.9999999987499999,0.6075914044367747,0.2976193631955568,0.28273647734709145,0.3643165255749167,calm,02,21,21,male,normal,2404
50,1.6683333333333334,True,1.0,0.501180495672227,0.46911783625167797,0.48514916596195246,0.9556540786120472,-0.06402777777777785,-0.06199074074074079,0.3719008159470832,0.2730004990646825,0.18336703828728795,0.5076619007021487,0.03206265942054903,0.0020370370370370594,0.006670765748745397,0.3124501872954514,0.10595383646427242,0.11702036677620355,0.0,0.9999999987499999,0.6080594926408063,0.3011729998259848,0.28817484246429576,0.38340306366712656,calm,02,21,21,male,normal,2404
60,2.0020000000000002,True,1.0,0.5332146088366503,0.5155516592312576,0.524383134033954,0.6887476113723154,-0.06472222222222218,-0.06356481481481485,0.3521062867327046,0.1921921921921915,0.1840779349313567,0.7613574629887011,0.01766294960539272,0.0011574074074073293,0.009176400755419893,0.3669852085811022,0.10891253310509418,0.11410494243190607,0.0,0.9999999987499999,0.6057600206801471,0.29660368716446167,0.28122615745321694,0.365638794058328,calm,02,21,21,male,normal,2404
70,2.3356666666666666,True,1.0,0.5007485804087619,0.4821054541128671,0.4914270172608145,1.0110194356124096,-0.07444444444444442,-0.0762962962962962,0.36912135723879735,0.38296190742894337,0.19726902461622614,0.4860707914711255,0.01864312629589482,0.0018518518518517713,0.011450479635496474,0.2731478238987876,0.1071040086228004,0.11530957136718187,0.0,0.9999999987499999,0.6093212183857918,0.29925842389675017,0.2861730824953572,0.3820538966313613,calm,02,21,21,male,normal,2404
80,2.6693333333333333,True,1.0,0.5007485804087619,0.49063776839149525,0.4956931744001286,1.1015715021322974,-0.07018518518518518,-0.0697222222222223,0.3176406861505034,0.42639722663558544,0.19030343754396392,0.44998728946838396,0.010110812017266657,0.0004629629629628873,0.0011396048241546955,0.254533300518837,0.1066530431909877,0.11556206273016065,0.0,0.9999999987499999,0.608355033708796,0.2976163793859818,0.27553019860071576,0.36349156142247885,calm,02,21,21,male,normal,2404
90,3.003,True,1.0,0.5330549404351322,0.5028994952405224,0.5179772178378272,0.7460317460317462,-0.06805555555555565,-0.06939814814814815,0.3542882914477004,0.2380952380952386,0.19179559324362383,0.6943098877400662,0.030155445194609887,0.0013425925925925064,0.019679497619038942,0.3596724183597431,0.10929887061964019,0.11356729585829513,0.0,0.9999999987499999,0.6062620449273459,0.2970792315759576,0.27865697113348714,0.36135511760875394,calm,02,21,21,male,normal,2404
100,3.336666666666667,True,1.0,0.5596707818930041,0.5320769577535878,0.5458738698232959,0.7242409045583078,-0.06935185185185178,-0.06888888888888889,0.3446446706879685,0.25510947285217445,0.18967385838108636,0.7537186402861455,0.027593824139416356,0.0004629629629628873,0.011367719709243591,0.3579252982503639,0.1086430764065464,0.11335755827655093,0.0,0.9999999987499999,0.610227146514856,0.29588903633021196,0.27930006907802707,0.36345842574989345,calm,02,21,21,male,normal,2404
110,3.6703333333333332,True,1.0,0.5330549404351329,0.5226617584285271,0.5278583494318301,0.7110763585011052,-0.06861111111111107,-0.06814814814814807,0.35102526622654756,0.26663184710935284,0.18414755196368432,0.7423370825385269,0.010393182006605772,0.0004629629629629983,0.012771412406383173,0.3714042558854426,0.10765599272718535,0.11429541241559713,0.0,0.9999999987499999,0.6122150796334159,0.29423440163806186,0.2746091026693286,0.36238544448665216,calm,02,21,21,male,normal,2404
0,0.0,True,1.0,0.5433725866995122,0.5190919654376084,0.5312322760685603,0.8122886365392289,-0.0656018518518518,-0.06365740740740733,0.3387033700139301,0.3553518792464071,0.17643213684734227,0.6539944696652232,0.02428062126190378,0.0019444444444444708,0.007199395504912008,0.35153836260491206,0.1053400126758498,0.11528229771046877,0.0,0.9999999987499999,0.6152570735638005,0.2960093101650706,0.26798187915915794,0.3601905744639613,calm,02,21,21,male,normal,2405
10,0.33366666666666667,True,1.0,0.5536151533824173,0.5105263089013707,0.532070731141894,1.1609977324263043,-0.06587962962962962,-0.0647685185185185,0.3139191599184123,0.5079365079365091,0.17716775714279095,0.45828748522182644,0.04308884448104655,0.0011111111111111183,0.00711547251377256,0.25488281250000044,0.10450677073497963,0.11750658209026348,0.0,0.9999999987499999,0.6157681975602741,0.2978425145883965,0.2712730506713536,0.3673516555653413,calm,02,21,21,male,normal,2405
20,0.6673333333333333,True,1.0,0.5023691100296858,0.49178151307646223,0.497075311553074,1.2120824633647507,-0.07944444444444437,-0.08013888888888887,0.33645546568117773,0.5036117277360588,0.18828563725134143,0.4101002420026678,0.010587596953223533,0.0006944444444444975,0.013279315534963096,0.23767605633802794,0.10793078193679462,0.1171672965604613,0.0,0.9999999987499999,0.6120592657688075,0.3049258674253165,0.2869312334769952,0.37586596216083695,calm,02,21,21,male,normal,2405
30,1.0010000000000001,True,1.0,0.47728122572602216,0.4936253112060678,0.485453268466045,0.9814942021681726,-0.0800925925925926,-0.0796296296296296,0.33754397199285574,0.37227339730575953,0.19728758777933098,0.4946063536530863,0.016344085480045623,0.0004629629629629983,0.00852526580216407,0.28123677422996524,0.10508359238596839,0.11682806438360967,0.0,0.9999999987499999,0.6202061572754101,0.29547949651488986,0.2715139418139632,0.3656267297977694,calm,02,21,21,male,normal,2405
40,1.3346666666666667,True,1.0,0.46814793158036344,0.4684422203823897,0.46829507598137654,0.9157662239225324,-0.08356481481481481,-0.0809259259259259,0.35328337525673303,0.3451517950142399,0.2028413530668968,0.5113696746485281,0.0002942888020262546,0.002638888888888913,0.018225462289171348,0.2907572148628707,0.10295192532656264,0.117582020117942,0.0,0.9999999987499999,0.6151848666966787,0.2972766180380632,0.28073395239951626,0.3728317284657057,calm,02,21,21,male,normal,2405
50,1.6683333333333334,True,1.0,0.4937332177805579,0.47652517999108124,0.48512919888581957,1.020289855072464,-0.08458333333333334,-0.08111111111111119,0.37214364912858583,0.3710144927536231,0.20001373243870665,0.4754817432261583,0.01720803778947666,0.0034722222222221544,0.001172444635425053,0.2816578259366965,0.08920744360118754,0.11714596947732366,0.0,0.9999999987499999,0.6708826612129226,0.31916644671991085,0.27487939380453885,0.4242619370625369,calm,02,21,21,male,normal,2405
60,2.0020000000000002,True,1.0,0.5264637457451853,0.49415024314779465,0.51030699444649,0.9503893264583266,-0.08541666666666664,-0.0813888888888889,0.36595135458669104,0.3349163344331871,0.19389210073779597,0.5369452078635758,0.03231350259739063,0.004027777777777741,0.012973718257387794,0.29548674206124664,0.08724079885340576,0.1171633630722795,0.0,0.9999999987499999,0.6763789770204957,0.31617777173204664,0.2679046754756355,0.4205580156342912,calm,02,21,21,male,normal,2405
70,2.3356666666666666,True,1.0,0.5009188861271431,0.47998210168479644,0.49045049390596973,0.7778913749676278,-0.0762962962962962,-0.07763888888888892,0.3364708334955616,0.2620959770790283,0.19665351742298975,0.6304871215809277,0.020936784442346645,0.0013425925925927285,0.021187482396239316,0.3179110148222988,0.10246311472843161,0.11736066084211429,0.0,0.9999999987499999,0.6191510483490272,0.2961882061286001,0.26780685032655394,0.362960043032737,calm,02,21,21,male,normal,2405
80,2.6693333333333333,True,1.0,0.5259368300096129,0.5072301792286328,0.5165835046191228,0.9206852045663076,-0.07481481481481483,-0.07120370370370366,0.3724398821704062,0.3221831928105478,0.1930591122477254,0.5610859195488663,0.018706650780980105,0.003611111111111176,0.0043910214813501275,0.2924789354791713,0.08869129325908878,0.11672395178839175,0.0,0.9999999987499999,0.6757818484815802,0.31566298772010815,0.27121995650506253,0.41801351112562946,calm,02,21,21,male,normal,2405
90,3.003,True,1.0,0.5316005278069793,0.533493085123158,0.5325468064650687,1.1755326911344486,-0.07416666666666671,-0.06921296296296292,0.30887218711274117,0.44993910024488176,0.19236745689994253,0.45302594345643765,0.0018925573161786557,0.004953703703703793,0.011876473397991423,0.24803162558723876,0.08872314844731993,0.11669974014911887,0.0,0.9999999987499999,0.6714810611666542,0.31647625077968405,0.26456931289934427,0.410982840420804,calm,02,21,21,male,normal,2405
100,3.336666666666667,True,1.0,0.5081519287156353,0.49213981365020765,0.5001458711829214,0.7008321183671355,-0.07000000000000006,-0.06546296296296289,0.35762673856661914,0.19895376716092777,0.1923615077290461,0.713645762052413,0.016012115065427657,0.004537037037037173,0.011987906299374395,0.37667916772548204,0.10566348743008566,0.11498588548372882,0.0,0.9999999987499999,0.606746420701093,0.2968493268522998,0.2766118455893379,0.36130939412890756,calm,02,21,21,male,normal,2405
110,3.6703333333333332,True,1.0,0.5002959277074664,0.49124168276529295,0.4957688052363797,0.7223223934408127,-0.06958333333333339,-0.06671296296296303,0.3640568516521401,0.18841784215601148,0.18750162759710248,0.6863539186079561,0.009054244942173495,0.0028703703703703565,5.2103967014518224e-05,0.3451149877124162,0.10735008781342427,0.11324478414170465,0.0,0.9999999987499999,0.6106272406853366,0.2970684225243728,0.2817421215668494,0.3671890981502163,calm,02,21,21,male,normal,2405
120,4.0040000000000004,True,1.0,0.5173314689615413,0.5091545000665864,0.5132429845140638,0.7079646017699117,-0.06925925925925924,-0.06768518518518518,0.36189173549038817,0.20452310717797376,0.18754922856350448,0.7249557156261149,0.008176968894954895,0.001574074074074061,0.008883980549076484,0.3624999999999998,0.1061123618500757,0.11407182498872255,0.0,0.9999999987499999,0.6128191785854967,0.2941238499798048,0.27677012306932647,0.3648346020255122,calm,02,21,21,male,normal,2405
0,0.0,True,1.0,0.5433630209123725,0.5325318359287095,0.537947428420541,0.8040695957291817,-0.06560185185185186,-0.06189814814814809,0.3433850916023438,0.34338114587331137,0.1805707667537517,0.6690309287626973,0.010831184983663089,0.0037037037037037646,0.005372709554369726,0.3539987190770785,0.10623916325754262,0.11361886678311868,0.0,0.9999999987499999,0.611407468362345,0.30052752222537416,0.272530045320085,0.3597996510230941,calm,02,21,21,male,strong,2406
10,0.33366666666666667,True,1.0,0.5430687992438615,0.5325318359287095,0.5378003175862855,1.300755633395869,-0.07407407407407424,-0.07402777777777786,0.32731081611908763,0.5009522242091521,0.19376929402420967,0.41345223021041694,0.010536963315152081,4.629629629637755e-05,0.0020288688318128396,0.2447330685659903,0.1023334317763371,0.11666003427418958,0.0,0.9999999987499999,0.6140603620667017,0.30260522037318616,0.27684948156159195,0.36837006076393886,calm,02,21,21,male,strong,2406
20,0.6673333333333333,True,1.0,0.5084486983770543,0.4668500313094547,0.4876493648432545,1.0456656822072947,-0.07796296296296301,-0.08203703703703707,0.3639964117044095,0.3801868390966915,0.19316973218197206,0.46635303533522865,0.041598667067599626,0.004074074074074063,0.0224342410364271,0.28161691735939465,0.10190372990425066,0.11881274388670028,0.0,0.9999999987499999,0.6241286617772109,0.29758803006644186,0.2817263507799238,0.38597262354311634,calm,02,21,21,male,strong,2406
30,1.0010000000000001,True,1.0,0.4710886580075466,0.428152030257538,0.4496203441325423,1.046471291274414,-0.0789814814814816,-0.07921296296296304,0.3622711888145181,0.30917347120042143,0.203706437423293,0.4296537782560528,0.042936627750008616,0.00023148148148144365,0.000587812862268962,0.26592701782471495,0.10066082990737406,0.11648198445366192,0.0,0.9999999987499999,0.6152921600437049,0.3050239204473503,0.29082600242653045,0.3863096821554819,calm,02,21,21,male,strong,2406
40,1.3346666666666667,True,1.0,0.46762086313328666,0.46771056774521685,0.46766571543925173,0.9467024071898821,-0.08013888888888893,-0.07930555555555552,0.3460059061123851,0.26568928292651256,0.20212108351226898,0.4939944293871971,8.970461193019696e-05,0.0008333333333334081,0.010076067095950363,0.27681826617913385,0.08715451833577201,0.11755215208577248,0.0,0.9999999987499999,0.6678346966677295,0.3197114006815169,0.2661389574404295,0.41034663281296463,calm,02,21,21,male,strong,2406
50,1.6683333333333334,True,1.0,0.5032152913329062,0.46879498703276146,0.48600513918283383,1.018381794547213,-0.07541666666666663,-0.07296296296296295,0.37167018088281184,0.2931598696962506,0.19999999999999996,0.477232744914611,0.034420304300144755,0.00245370370370368,0.00022366534614724374,0.28286750286390366,0.10441252872397737,0.11807538969824652,0.0,0.9999999987499999,0.6125586446375426,0.30338459444062177,0.28860270909319546,0.382586042171307,calm,02,21,21,male,strong,2406
60,2.0020000000000002,True,1.0,0.5101852098350962,0.5002959277074664,0.5052405687712813,0.9326497927827163,-0.07500000000000001,-0.07837962962962963,0.39353193219424853,0.25498203724575835,0.19791820860144968,0.541725921863781,0.00988928212762974,0.0033796296296296213,0.005274819367584709,0.30041126035880633,0.08812056324461376,0.11633947316781375,0.0,0.9999999987499999,0.6723665360128427,0.31885281274329813,0.27519226441054045,0.42427826952308545,calm,02,21,21,male,strong,2406
70,2.3356666666666666,True,1.0,0.47650800015337563,0.5100075117770273,0.4932577559652015,0.852085198156775,-0.07439814814814816,-0.07476851851851851,0.36581930666059276,0.26030288289070996,0.1909758177139437,0.5788831410664255,0.03349951162365167,0.00037037037037035425,0.003244996147005293,0.3042793084304248,0.10272048747155138,0.11516713366550631,0.0,0.994052351167587,0.624589986260129,0.293766227071825,0.2712395232313279,0.36159924939800003,calm,02,21,21,male,strong,2406
80,2.6693333333333333,True,1.0,0.4536258465426909,0.4517787939841263,0.4527023202634086,0.8694893248711311,-0.068425925925926,-0.065925925925926,0.3737757566624686,0.2894776018213437,0.18763178962148847,0.5206531090309874,0.0018470525585645992,0.0025000000000000022,0.027922547485680578,0.3134852833286543,0.10384972349126748,0.11808766614205633,0.0,0.9041480906300517,0.611006655013568,0.29968174710817663,0.27356313598416077,0.3690195280078665,calm,02,21,21,male,strong,2406
90,3.003,True,1.0,0.537242244148357,0.530843380401612,0.5340428122749845,1.1131299737625566,-0.0671296296296296,-0.06388888888888883,0.3470810810024771,0.408554608463879,0.18482792506197773,0.4797668060898897,0.0063988637467449205,0.0032407407407407662,0.03171598255576648,0.2707360532812703,0.10700425943686559,0.11523693169614047,0.0,0.9999999987499999,0.6079267755305247,0.3007386928388577,0.2807757131357174,0.37349317900801504,calm,02,21,21,male,strong,2406
100,3.336666666666667,True,1.0,0.495422260590529,0.5174912207513657,0.5064567406709474,0.681386172596257,-0.0637037037037037,-0.059537037037037,0.3790988452922666,0.14356805892825997,0.1861258682802443,0.7432741682168521,0.022068960160836648,0.004166666666666707,0.020941307338245497,0.3967902152275464,0.10601780867830447,0.11614510840875106,0.0,0.9999999987499999,0.6037002950633379,0.300812652156389,0.2783640144123547,0.36230139729371713,calm,02,21,21,male,strong,2406
110,3.6703333333333332,True,1.0,0.48081963940345585,0.48459540039557486,0.4827075198995153,0.6738522579333216,-0.0668981481481482,-0.06152777777777779,0.37540849276967403,0.17576177664058235,0.185457809398365,0.7163402870830474,0.003775760992119015,0.005370370370370414,0.02461187252240163,0.3809444446169484,0.10535244071040867,0.11658568202339446,0.0,0.9999999987499999,0.6113452475599614,0.2983818216152397,0.2764989245594598,0.3618026932060023,calm,02,21,21,male,strong,2406
0,0.0,True,1.0,0.5761173456544342,0.553469658055027,0.5647935018547305,0.8521870745571509,-0.0666666666666666,-0.06490740740740736,0.329830907727501,0.3477398200551627,0.18198637216357724,0.6627576487806179,0.022647687599407162,0.0017592592592592382,0.0013696897610845924,0.3353126164001228,0.1064725810180554,0.11605713830102446,0.0,0.9963343238342558,0.6139590869941727,0.2992167236590448,0.26963683739331373,0.360745348891332,calm,02,21,21,male,strong,2407
10,0.33366666666666667,True,1.0,0.5692631222712428,0.5544334339312236,0.5618482781012332,1.0520853903252003,-0.07231481481481478,-0.06935185185185178,0.32706041460364893,0.39451468468177053,0.18752603985846872,0.5340329627879021,0.014829688340019187,0.0029629629629630005,0.0017313403918466392,0.27389876439036,0.10285412045972091,0.1195947643434481,0.0,0.9999999987499999,0.6128978094284588,0.301181440199972,0.2676343094235951,0.35771770468773856,calm,02,21,21,male,strong,2407
20,0.6673333333333333,True,1.0,0.4676189337996892,0.44157518390689343,0.4545970588532913,1.16905008078851,-0.08337962962962969,-0.08273148148148152,0.35275390096483267,0.38957637460603445,0.19463425832666542,0.38886020909101787,0.026043749892795787,0.0006481481481481755,0.02820028721571319,0.24251882017415957,0.08846422555986018,0.11786997455872804,0.0,0.9999999987499999,0.6726732130430297,0.3176314422321654,0.26863137325648867,0.4196255563401126,calm,02,21,21,male,strong,2407
30,1.0010000000000001,True,1.0,0.5509982064157181,0.4939082199007926,0.5224532131582553,1.049778651611441,-0.07296296296296301,-0.06958333333333327,0.34076720772728203,0.4063492063492065,0.19376417538869897,0.49767940351642165,0.05708998651492547,0.0033796296296297323,0.00350288536015055,0.281238425628962,0.10301844400122466,0.11897380428753217,0.0,0.9999999987499999,0.6103002227531638,0.30512466132578686,0.2752353880199769,0.3661525017212854,calm,02,21,21,male,strong,2407
40,1.3346666666666667,True,1.0,0.5313739402727441,0.5009188861271425,0.5161464131999434,1.006681727527636,-0.0693981481481481,-0.06601851851851853,0.3370456876084765,0.3155254074944961,0.1890055825791123,0.5127205541592328,0.030455054145601568,0.003379629629629566,0.02504507024812183,0.27163753801919627,0.10356715331375,0.11897782359807357,0.0,0.9999999987499999,0.6116275050567103,0.30192730259139683,0.27144567706457773,0.3645952414849844,calm,02,21,21,male,strong,2407
50,1.6683333333333334,True,1.0,0.5110382066857492,0.5243604220265553,0.5176993143561522,1.0754899803244287,-0.06773148148148156,-0.06384259259259262,0.3778689978265664,0.317743886342537,0.18693783475525294,0.48136135512855716,0.013322215340806132,0.0038888888888889417,0.0278015525698237,0.27810558845428346,0.1056833068163266,0.1174271021081348,0.0,0.9999999987499999,0.6049094339298218,0.3037692365052006,0.28825831318583345,0.3809643834495922,calm,02,21,21,male,strong,2407
60,2.0020000000000002,True,1.0,0.49760786987175437,0.5100117536906477,0.503809811781201,0.9001837044607791,-0.06439814814814815,-0.06101851851851858,0.3928120088917226,0.19580638113772822,0.18618037767855122,0.5596744412108516,0.012403883818893291,0.003379629629629566,0.02283384596058692,0.3325818779256501,0.10450331276609487,0.11831753598905256,0.0,0.9999999987499999,0.6068803078340711,0.30322481642533045,0.2867942459405447,0.37729844335702867,calm,02,21,21,male,strong,2407
70,2.3356666666666666,True,1.0,0.5249803215974562,0.510185209835095,0.5175827657162756,0.8003266639629841,-0.06486111111111115,-0.061851851851851825,0.36740495552115116,0.16468301130064067,0.1847370903386176,0.6467143842907305,0.014795111762361257,0.0030092592592593226,0.011451187406766315,0.32207174193081883,0.1039341114707021,0.11849672687179359,0.0,0.9999999987499999,0.6140818772665317,0.29942062594051416,0.27030901955842696,0.36254206859201493,calm,02,21,21,male,strong,2407
80,2.6693333333333333,True,1.0,0.5313094118876296,0.55936772985426,0.5453385708709448,0.9178203011422484,-0.06824074074074077,-0.06356481481481485,0.3782716059906655,0.3231507436263268,0.19038039609174418,0.594167039225716,0.028058317966630386,0.004675925925925917,0.026436042159733126,0.3148149032524406,0.1063610706838123,0.1163232412291438,0.0,0.9999999987499999,0.6065847859378127,0.3035192526675876,0.28527172084038566,0.3712005890336796,calm,02,21,21,male,strong,2407
90,3.003,True,1.0,0.5692029129137144,0.5655032371261635,0.5673530750199389,1.1248045948369605,-0.06907407407407407,-0.0671296296296296,0.29045221910184776,0.47339452167764356,0.1923805444283331,0.5044014557054475,0.0036996757875509267,0.0019444444444444708,0.018749434000370546,0.25215162193949314,0.10524145863357315,0.11717467833812638,0.0,0.9999999987499999,0.6059821528533288,0.3018903348833034,0.2665341191676343,0.3513095734611675,calm,02,21,21,male,strong,2407
100,3.336666666666667,True,1.0,0.5858645887586624,0.5819601926105845,0.5839123906846235,0.8668050060142644,-0.06486111111111109,-0.061481481481481415,0.3430926872193217,0.24135247918522387,0.18681576561865806,0.6736375385850212,0.0039043961480779155,0.003379629629629677,0.020501070760179495,0.3225240392326986,0.1054024929901349,0.11719252654546974,0.0,0.9999999987499999,0.6097632873149259,0.3019011951571988,0.2751850289273486,0.35698939557247333,calm,02,21,21,male,strong,2407
110,3.6703333333333332,True,1.0,0.5551838925335073,0.5577224208817491,0.5564531567076282,0.7344406626910384,-0.06481481481481488,-0.06041666666666662,0.3615192324395075,0.18359643956464966,0.18681209006022542,0.757655703142508,0.002538528348241753,0.004398148148148262,0.002831586605556122,0.37257197873900866,0.10740534469539949,0.11601845339369686,0.0,0.9999999987499999,0.6069210183761005,0.3012891086299134,0.2804820116896807,0.36310577382342973,calm,02,21,21,male,strong,2407
120,4.0040000000000004,True,1.0,0.5423513522623961,0.5297129439756736,0.5360321481190349,0.7135329794640226,-0.06430555555555556,-0.06282407407407414,0.36167592835513984,0.21404317236952278,0.18751993709107478,0.7512366821806621,0.012638408286722469,0.001481481481481417,0.003511102285966558,0.3756285143442862,0.10731586006408875,0.11610123072474865,0.0,0.9999999987499999,0.6095090318080356,0.3002313506709323,0.2791201370951251,0.36159733426487717,calm,02,21,21,male,strong,2407
0,0.0,True,1.0,0.5495086833287356,0.5388927783889372,0.5442007308588364,0.8032811574332593,-0.07013888888888892,-0.07055555555555554,0.33619170523792496,0.31794362744378396,0.18890342905765775,0.6774722969946563,0.01061590493979836,0.0004166666666666208,0.0003835616537927096,0.34045834417287235,0.10914269683331025,0.11354973178029015,0.0,0.9999999987499999,0.6101519699676746,0.2922022282861729,0.27516864211298275,0.36321655434186556,calm,02,21,21,male,strong,2408
10,0.33366666666666667,True,1.0,0.5332052218753421,0.5238501934199276,0.5285277076476349,0.9638837497712819,-0.07462962962962971,-0.07324074074074077,0.3316572948992435,0.3635524843354275,0.19307491897578213,0.5483313810125424,0.009355028455414582,0.0013888888888889395,0.00098889334519358,0.29811013748927323,0.0908220426883146,0.1167177041356483,0.0,0.9999999987499999,0.6656741350211959,0.3159354476503193,0.2643765494334824,0.40449448915732433,calm,02,21,21,male,strong,2408
20,0.6673333333333333,True,1.0,0.3170901657818942,0.3317362755634427,0.3244132206726684,1.0798094328469852,-0.07175925925925924,-0.07513888888888892,0.3436444548157964,0.37378018829318715,0.1736467031658684,0.30043562392054,0.01464610978154851,0.003379629629629677,0.013893874300589764,0.2682692307692315,0.10588421215164724,0.11757051995114881,0.0,0.9999999987499999,0.6061469879123524,0.30133042023007284,0.2957853557100154,0.3649467962514019,calm,02,21,21,male,strong,2408
30,1.0010000000000001,True,1.0,0.39293282602032553,0.3853401306929924,0.389136478356659,0.9807923585333967,-0.08361111111111114,-0.08384259259259258,0.3366227620455833,0.29591481283116233,0.21042246794808087,0.3967572493514779,0.007592695327333143,0.00023148148148144365,0.015122405277647051,0.2914449780102566,0.08882608489275073,0.11792109499175146,0.0,0.9999999987499999,0.6672933688788015,0.31800524559785504,0.27076886461330535,0.4102569381874972,calm,02,21,21,male,strong,2408
40,1.3346666666666667,True,1.0,0.4976078698717537,0.4772936057946874,0.48745073783322057,0.8938628265620817,-0.0794907407407407,-0.0759259259259259,0.352382160567593,0.2712280983167036,0.20291355644463352,0.545330584680451,0.020314264077066324,0.0035648148148147984,0.023667344844179587,0.30592528185858875,0.1070684387068385,0.1166565339998351,0.0,0.9999999987499999,0.606463738518845,0.29542123308599605,0.2849975239102819,0.3760150850040173,calm,02,21,21,male,strong,2408
50,1.6683333333333334,True,1.0,0.5155516592312562,0.5238501934199262,0.5197009263255912,0.997719711996781,-0.0743981481481481,-0.0712962962962963,0.3643003502141487,0.3273262140630218,0.19791705215148866,0.5208887025851083,0.008298534188669993,0.0031018518518518,0.003938911659696999,0.29919012302689146,0.10558838235138325,0.1179978432185768,0.0,0.9999999987499999,0.6100329075223839,0.2968277899898465,0.28456947004256244,0.3838623923853939,calm,02,21,21,male,strong,2408
60,2.0020000000000002,True,1.0,0.5264220340298125,0.5311520443108204,0.5287870391703164,0.9546282957759519,-0.07296296296296295,-0.07101851851851843,0.3830706096781651,0.24966266749294277,0.19861149524808663,0.55391930190012,0.004730010281007946,0.0019444444444445264,0.0008574446777936564,0.32165526777575665,0.10668799385754862,0.11667845372496363,0.0,0.9999999987499999,0.6060895143916941,0.29919309862476934,0.2943702768845146,0.3850359358836252,calm,02,21,21,male,strong,2408
70,2.3356666666666666,True,1.0,0.5001365086895471,0.5002959277074658,0.5002162181985064,0.7824866339131651,-0.06754629629629633,-0.06449074074074079,0.3533683597275359,0.18359643956464963,0.19375157509440405,0.6392648724195548,0.00015941901791871604,0.0030555555555555336,0.006245755733668871,0.33344524230707473,0.10630172860374992,0.11735561336303728,0.0,0.9999999987499999,0.6062777943052221,0.29444101532796657,0.2709577875139922,0.3545333167709849,calm,02,21,21,male,strong,2408
80,2.6693333333333333,True,1.0,0.4599094862250313,0.4526956471873787,0.456302566706205,0.9467415599758737,-0.06870370370370366,-0.06435185185185188,0.3746847437134507,0.27040060319014214,0.18402943608398528,0.4819716235102568,0.007213839037652603,0.0043518518518517735,0.01670157987832118,0.3159939592818067,0.08976891024978437,0.11769159951557974,0.0,0.9999999987499999,0.675421240152311,0.3124189708799895,0.2743142694477619,0.42204657165366954,calm,02,21,21,male,strong,2408
90,3.003,True,1.0,0.49950774362695655,0.516413257616765,0.5079605006218608,1.0038772307778696,-0.06703703703703695,-0.06462962962962954,0.32612749307292455,0.30276587213631606,0.19723189304860722,0.5059986271710335,0.016905513989808496,0.0024074074074074137,0.005134655045360858,0.29286064438608617,0.10854442254795972,0.11511907695344173,0.0,0.9999999987499999,0.6033507644464036,0.2994218007222614,0.2827152745388766,0.36259593164169795,calm,02,21,21,male,strong,2408
100,3.336666666666667,True,1.0,0.507228953028575,0.4737296486834447,0.4904793008560098,0.7020691851100548,-0.06620370370370376,-0.06361111111111112,0.37614245149570175,0.15684524348203419,0.1924007688575171,0.6986196107996442,0.033499304345130265,0.0025925925925926463,0.012802887808454972,0.3853355377930821,0.10854256203020801,0.11445693505766566,0.0,0.9999999987499999,0.6044865512689451,0.2943756831476489,0.28516859578160586,0.36394037302000243,calm,02,21,21,male,strong,2408
110,3.6703333333333332,True,1.0,0.46085589594682497,0.42610026033853543,0.4434780781426802,0.6952760192615945,-0.06578703703703703,-0.06486111111111115,0.3798762752155128,0.17746644995780578,0.18969959983660586,0.6378446341550341,0.03475563560828954,0.0009259259259258856,0.022929426414507254,0.3834594506779425,0.1083479028159967,0.1156340494631573,0.0,0.9999999987499999,0.6052761329141032,0.2909482193229847,0.28513886131991023,0.364552265740179,calm,02,21,21,male,strong,2408
120,4.0040000000000004,True,1.0,0.501169852799925,0.4737296486834454,0.4874497507416852,0.7133912000960662,-0.06430555555555562,-0.06388888888888894,0.3873201717534303,0.1528594712203455,0.19038039609174412,0.6832853428470166,0.027440204116479572,0.0004166666666666763,0.02021792324257551,0.378801572004063,0.10904642358097393,0.11447736501805252,0.0,0.9999999987499999,0.604897806810224,0.2931582416696294,0.28938997788320203,0.3684956299792494,calm,02,21,21,male,strong,2408
0,0.0,True,1.0,0.523850193419927,0.5230608657087557,0.5234555295643413,0.8056557475658565,-0.06564814814814812,-0.06300925925925915,0.34325307728073007,0.3041561092489161,0.18615210035902058,0.6497260537715616,0.0007893277111713504,0.0026388888888889683,0.002451577036456552,0.36788915584835313,0.10774815022127761,0.11404159875009637,0.0,0.9999999987499999,0.6037665714176296,0.2982977343144414,0.2776848462693437,0.3604360049895239,calm,02,21,21,male,strong,2409
10,0.33366666666666667,True,1.0,0.5493584018885268,0.5477063271454959,0.5485323645170114,0.82332539581338,-0.07967592592592582,-0.07615740740740745,0.35058954188067987,0.26635378079888644,0.20282329820624523,0.6662400641426893,0.0016520747430308624,0.0035185185185183654,0.006650101061022546,0.3424527065678555,0.10450544258561853,0.1166942787645779,0.0,0.9999999987499999,0.6041084612204257,0.2998982327743984,0.2716890973934963,0.3560886761013565,calm,02,21,21,male,strong,2409
20,0.6673333333333333,True,1.0,0.4759668536934562,0.45843316941386,0.4672000115536581,1.0286659500076092,-0.08175925925925925,-0.08379629629629631,0.3597594403528841,0.30855357389267585,0.19941615374813357,0.4541804961564074,0.01753368427959623,0.0020370370370370594,0.020757375483435918,0.2600318814166423,0.10492174345106513,0.1181080581519958,0.0,0.9999999987499999,0.6073382897846639,0.30427433612069255,0.2923310809092335,0.37502405100354264,calm,02,21,21,male,strong,2409
30,1.0010000000000001,True,1.0,0.42757566426890575,0.40994517987305196,0.41876042207097885,0.9264298250835963,-0.08439814814814817,-0.08222222222222225,0.3645126461669808,0.18841784215601262,0.21182860757980146,0.4520152641169471,0.017630484395853796,0.0021759259259259145,0.015519921344702018,0.2960229925060364,0.08846992456772634,0.11802722779381125,0.0,0.9999999987499999,0.664351806097439,0.31934205696467344,0.2733677803274781,0.4183286399972235,calm,02,21,21,male,strong,2409
40,1.3346666666666667,True,1.0,0.4316596347950276,0.4097293352479745,0.4206944850215011,0.8541376607874428,-0.08365740740740746,-0.08000000000000002,0.3730618681892315,0.17526186251716236,0.21135527116357988,0.49253709833337206,0.02193029954705311,0.0036574074074074425,0.02271643304986283,0.31570389859619097,0.08933573617834019,0.1189853762875062,0.0,0.9999999987499999,0.6627576489970988,0.31833853110299415,0.27478640355867423,0.4196852259383448,calm,02,21,21,male,strong,2409
50,1.6683333333333334,True,1.0,0.46462615842709154,0.4277101939837778,0.4461681762054347,1.010696372684106,-0.08180555555555563,-0.07634259259259257,0.3895307671161827,0.21953430597483695,0.21394916252147167,0.4414463020388072,0.03691596444331374,0.005462962962963058,0.02206402001635258,0.302768518621798,0.10454871227255813,0.11891999097806166,0.0,0.9999999987499999,0.5998657202959309,0.30415201105112577,0.30453298792494243,0.3953733940716541,calm,02,21,21,male,strong,2409
60,2.0020000000000002,True,1.0,0.46070754561076177,0.4678927436943083,0.464300144652535,0.8889421228596056,-0.07481481481481494,-0.07402777777777775,0.40387979303313315,0.17634929065542904,0.2041801188701787,0.5223063827360827,0.007185198083546507,0.0007870370370371971,0.0017029284782791114,0.3306855368427066,0.10522674339095832,0.11653577366766951,0.0,0.9999999987499999,0.6043445091005152,0.3029886191916835,0.30286025094656016,0.38934635437334764,calm,02,21,21,male,strong,2409
70,2.3356666666666666,True,1.0,0.5264104809719137,0.49401309738854854,0.5102117891802311,1.1104375532406359,-0.06930555555555568,-0.06648148148148136,0.3600741434205181,0.336217055349966,0.19258942778070978,0.4594691414130033,0.032397383583365136,0.002824074074074312,0.0023476580532885176,0.262923802268081,0.1005494623719729,0.11739242196261866,0.0,0.9999999987499999,0.6139506350899736,0.3003186529015569,0.2665815629704424,0.36054083163065076,calm,02,21,21,male,strong,2409
80,2.6693333333333333,True,1.0,0.5297129439756736,0.5432314212954323,0.536472182635553,1.0763064338184023,-0.06949074074074074,-0.065462962962963,0.31542042508401996,0.45724942440201893,0.19027777777777777,0.4984381452894559,0.013518477319758748,0.004027777777777741,0.011132324417464114,0.2535728332163025,0.10716342919764572,0.11541953604977101,0.0,0.9999999987499999,0.6068083357405462,0.2972696837005641,0.2761529420442852,0.3581303832023099,calm,02,21,21,male,strong,2409
90,3.003,True,1.0,0.5180445799578791,0.501180495672227,0.5096125378150531,0.9906493321223029,-0.06712962962962976,-0.06319444444444444,0.3550641355227955,0.28718269233533456,0.19240909594576577,0.5144227339489467,0.016864084285652114,0.003935185185185319,0.022753567073273577,0.2969649987805281,0.10784086601990338,0.11495269210919402,0.0,0.9999999987499999,0.6013406635075905,0.30096369816361107,0.28440954125535767,0.3706586567282411,calm,02,21,21,male,strong,2409
100,3.336666666666667,True,1.0,0.534899789401508,0.5653613004615051,0.5501305449315066,0.6832498172950907,-0.06458333333333327,-0.05990740740740741,0.3813516876791991,0.13343014649413815,0.19242812793720376,0.8051674965818676,0.03046151105999717,0.004675925925925861,0.02475432002266864,0.40010261300126576,0.10644378148681867,0.1169012873306345,0.0,0.9999999987499999,0.5992629335327881,0.30101920210477756,0.2824018711172393,0.3620648070555714,calm,02,21,21,male,strong,2409
110,3.6703333333333332,True,1.0,0.4931408554551134,0.517171717171718,0.5051562863134157,0.6936480055442726,-0.06476851851851856,-0.05981481481481482,0.3847252350409566,0.15478665063374236,0.19031786964211186,0.7282602736196777,0.024030861716604568,0.004953703703703738,0.018838082058464392,0.3918722589382099,0.10729958165289459,0.11562299741591742,0.0,0.9999999987499999,0.6043402296543618,0.29927846547607956,0.28735557020510205,0.3644426376592438,calm,02,21,21,male,strong,2409
0,0.0,True,1.0,0.5761173456544354,0.5330095035134944,0.5545634245839649,1.0322564865406845,-0.06277777777777777,-0.060416666666666674,0.33888152571660507,0.42303795148381745,0.1812769376534147,0.5372341388160489,0.04310784214094099,0.0023611111111110916,0.0021576169664509416,0.2863181598344829,0.10321503181175214,0.11735112948373759,0.0,0.9999999987499999,0.6206591856430071,0.29303337138102353,0.2739584241230977,0.38465064809467087,happy,03,21,21,male,normal,2410
10,0.33366666666666667,True,1.0,0.5596738527425364,0.5413507372366286,0.5505122949895825,0.9884473294078578,-0.061435185185185204,-0.05935185185185182,0.3423623932172546,0.3936320452694057,0.1812769376534147,0.5569465146103172,0.018323115505907817,0.0020833333333333814,0.001076920973960465,0.3054996609671661,0.1055805124194605,0.11423117830016778,0.0,0.9999999987499999,0.6169075258775385,0.2938378358337676,0.2781210565799856,0.3868579309156899,happy,03,21,21,male,normal,2410
20,0.6673333333333333,True,1.0,0.5257731999936632,0.5254977246888851,0.5256354623412742,1.0863120450899648,-0.07527777777777772,-0.07347222222222227,0.34941736751264724,0.4032375538631155,0.19657474551182108,0.48387152173917286,0.00027547530477811666,0.0018055555555554492,0.008215383770499489,0.2731379041363135,0.09005816815170457,0.1158371991985276,0.0,0.9999999987499999,0.6710357614452032,0.3149779344084476,0.26687381731389614,0.4145035991428723,happy,03,21,21,male,normal,2410
30,1.0010000000000001,True,1.0,0.4824165482172705,0.4602805565185726,0.4713485523679215,1.1055408082044658,-0.08374999999999994,-0.08101851851851849,0.3862028354242535,0.2539682539682541,0.21181456055111783,0.42635111148312066,0.0221359916986979,0.002731481481481446,0.0035565209661057354,0.2584384796960322,0.09992364737050333,0.11776389882430295,0.0,0.9999999987499999,0.6226069841061425,0.29750087380403945,0.29526733983582404,0.4012098208065274,happy,03,21,21,male,normal,2410
40,1.3346666666666667,True,1.0,0.5290284854383845,0.5014640440050299,0.5152462647217072,1.0700033343032156,-0.07884259259259252,-0.07643518518518516,0.33660031957256803,0.30200464116132336,0.20347559683427638,0.48153706460852735,0.02756444143335468,0.002407407407407358,0.003897933174029272,0.2540218037939009,0.08884208155518465,0.11628199805251599,0.0,0.9999999987499999,0.6689762396990044,0.31619244893274123,0.26711331910058395,0.41384739769767537,happy,03,21,21,male,normal,2410
50,1.6683333333333334,True,1.0,0.47847977768662425,0.4774705100529328,0.4779751438697785,1.0277674028362274,-0.070462962962963,-0.06694444444444453,0.3918038820813014,0.2568672218002537,0.19308084616518598,0.4650615913199408,0.0010092676336914685,0.0035185185185184764,0.0011552456395295782,0.30660182647374434,0.08968578026188054,0.11694319529326407,0.0,0.9999999987499999,0.6707065765134178,0.3154647131007458,0.279079114697558,0.4387950120156258,happy,03,21,21,male,normal,2410
60,2.0020000000000002,True,1.0,0.4854713990002559,0.4848581591262476,0.4851647790632517,0.9404574755794983,-0.06837962962962962,-0.06388888888888888,0.39152744550557234,0.19100091827364496,0.19108764366354103,0.5158816763770198,0.0006132398740082978,0.00449074074074074,0.0010030911039417565,0.31674288605752815,0.10316115942421121,0.11674754720974027,0.0,0.9999999987499999,0.6175577044645985,0.2966659577363926,0.287365676682375,0.4004445895573568,happy,03,21,21,male,normal,2410
70,2.3356666666666666,True,1.0,0.5432314212954317,0.5264220340298111,0.5348267276626214,1.2843173542912543,-0.06481481481481483,-0.06268518518518529,0.38404227643120004,0.3583834828840967,0.18612135926937018,0.41642879454647214,0.016809387265620535,0.002129629629629537,0.000601120297112464,0.24309984353818181,0.10553572984967816,0.11788343085199571,0.0,0.9999999987499999,0.6036270808714111,0.3050028853574206,0.30225677493742603,0.39933627254992854,happy,03,21,21,male,normal,2410
80,2.6693333333333333,True,1.0,0.5358161161504641,0.5166555060563821,0.5262358111034231,1.0261736015914849,-0.061481481481481415,-0.05874999999999997,0.313963379355278,0.28403019329764334,0.1958524221220791,0.5128136314238526,0.019160610094081987,0.002731481481481446,0.00015114266626051445,0.2812500000000002,0.10509065301728858,0.1153446016815244,0.0,0.9999999987499999,0.6120930998258678,0.3000563026520943,0.2817353951426161,0.37862893385240665,happy,03,21,21,male,normal,2410
90,3.003,True,1.0,0.5081519287156347,0.5266263677967542,0.5173891482561945,0.9832477332184264,-0.06731481481481488,-0.06245370370370368,0.39089322790875736,0.24934021019653302,0.18473254743001213,0.526204262442228,0.018474439081119454,0.004861111111111205,0.006363880198705309,0.3136680243683764,0.10605175210076907,0.11774348099070311,0.0,0.9999999987499999,0.6055170518988845,0.30208088213711287,0.29282650037520846,0.385547017648354,happy,03,21,21,male,normal,2410
100,3.336666666666667,True,1.0,0.5266263677967542,0.5155516592312562,0.5210890135140052,0.9616814653377803,-0.06912037037037033,-0.0643981481481482,0.3909085398671486,0.25498203724575835,0.18547590930907384,0.5418519876859416,0.01107470856549797,0.004722222222222128,0.0033294936349000893,0.30680703926744507,0.10928949127901298,0.11557174513505045,0.0,0.9999999987499999,0.602495431485094,0.302564998295467,0.29495584898538457,0.3835566865243189,happy,03,21,21,male,normal,2410
110,3.6703333333333332,True,1.0,0.5266372018896346,0.4989996594265064,0.5128184306580705,0.9625405412886531,-0.06476851851851845,-0.06138888888888888,0.3834558849930915,0.22212474029738183,0.19032628786065006,0.5327759285562218,0.027637542463128162,0.003379629629629566,0.005248227522184147,0.3115384615384616,0.10676337925625119,0.11578968308602246,0.0,0.9999999987499999,0.612738140811012,0.2968349516064559,0.2892853082434194,0.39776079458260266,happy,03,21,21,male,normal,2410
0,0.0,True,1.0,0.5076807493563784,0.5239716897021156,0.515826219529247,0.9831749015964604,-0.06421296296296308,-0.06106481481481485,0.3536904096167494,0.3567386206158707,0.19031786964211186,0.5246535674290081,0.016290940345737193,0.003148148148148233,0.004318954040718386,0.29977995183260414,0.1072754047296908,0.11531546903868403,0.0,0.9999999987499999,0.6115979108987345,0.29552663644693306,0.28603570276550716,0.39003097692849625,happy,03,21,21,male,normal,2411
10,0.33366666666666667,True,1.0,0.5325318359287108,0.5333648902768597,0.5329483631027853,0.948751274231798,-0.06532407407407415,-0.06212962962962959,0.36057127074058465,0.334268058832355,0.19167661779251202,0.561736650666754,0.0008330543481489538,0.0031944444444445552,0.008072926640869182,0.3172370638278807,0.10728865937243381,0.11612636723484947,0.0,0.9999999987499999,0.6096458331692052,0.29431153910137253,0.28712728555858846,0.38585670879610445,happy,03,21,21,male,normal,2411
20,0.6673333333333333,True,1.0,0.5001258879869429,0.49189861096882365,0.49601224947788325,1.0097456434108278,-0.08402777777777776,-0.0816203703703704,0.3688924013658937,0.30593908661263874,0.21044603400931972,0.4912249463165788,0.008227277018119261,0.002407407407407358,0.004739373294170833,0.28161691735939465,0.09130174853659345,0.11780743668823646,0.0,0.9999999987499999,0.6631990897374574,0.31608814715740247,0.2772469643727037,0.42208684736587887,happy,03,21,21,male,normal,2411
30,1.0010000000000001,True,1.0,0.44315814086310584,0.44386947679342403,0.44351380882826497,1.006551630995935,-0.0835648148148147,-0.08347222222222223,0.393724017938009,0.18500255675300215,0.2194531359876101,0.4406269834260058,0.000711335930318191,9.259259259247754e-05,0.0005426912894574495,0.2909723371771057,0.08725065218377243,0.11828889194219094,0.0,0.9999999987499999,0.6656018110681772,0.31760208516272564,0.2802504686660808,0.4285499505831745,happy,03,21,21,male,normal,2411
40,1.3346666666666667,True,1.0,0.49352207294522427,0.4525756567356367,0.4730488648404305,1.06967869217876,-0.08375000000000005,-0.0797222222222222,0.3388035980274256,0.2970264347104752,0.20356818935199428,0.442234540427189,0.040946416209587555,0.004027777777777852,0.014906915762925242,0.24306553683862478,0.10454645116827926,0.11892197879286708,0.0,0.9999999987499999,0.6094544272083833,0.3026005050237642,0.2895166469907819,0.36873764631259776,happy,03,21,21,male,normal,2411
50,1.6683333333333334,True,1.0,0.44267677808399525,0.46083626667091476,0.451756522377455,1.0346284068006693,-0.07657407407407407,-0.07222222222222219,0.3948377848373279,0.24041163511742938,0.20007475409596903,0.43663649616426015,0.018159488586919514,0.0043518518518518845,0.003088835284154631,0.28552298110626556,0.10546444272938037,0.11664781731342556,0.0,0.9999999987499999,0.6130410087941427,0.2968375460136912,0.2952428261977673,0.4131428766963624,happy,03,21,21,male,normal,2411
60,2.0020000000000002,True,1.0,0.4754126367611163,0.4365461925875447,0.45597941467433045,0.9548565708395708,-0.07842592592592601,-0.07310185185185186,0.37578188892984654,0.2651428367883693,0.18959782024548774,0.4775370758284716,0.0388664441735716,0.005324074074074148,0.0054867878668514464,0.26963511806488,0.10687340083642435,0.11716092173041133,0.0,0.9999999987499999,0.606934892683636,0.2982624109244207,0.2894290411427169,0.38159543705104215,happy,03,21,21,male,normal,2411
70,2.3356666666666666,True,1.0,0.516264459301451,0.4849375297290836,0.5006009945152673,0.9934804840114466,-0.06620370370370365,-0.0622685185185185,0.3782904457598595,0.30853624046322087,0.1902793816145403,0.5038860879218836,0.031326929572367435,0.003935185185185153,0.008053564202707881,0.291310574329695,0.10438384368202522,0.11777766804266246,0.0,0.9999999987499999,0.6155551382975064,0.2949325162790523,0.2808287863811925,0.3816214840650635,happy,03,21,21,male,normal,2411
80,2.6693333333333333,True,1.0,0.547229897198888,0.5430687992438608,0.5451493482213744,1.259990868059112,-0.06773148148148145,-0.06185185185185188,0.296538513393808,0.4675710747413661,0.18819484984356963,0.4326613486184401,0.004161097955027282,0.005879629629629568,0.021230073511117168,0.23903875946631803,0.11068380102987381,0.1140702126756909,0.0,0.9999999987499999,0.6026746167216885,0.29803141416606915,0.29012827642388084,0.3630095610175638,happy,03,21,21,male,normal,2411
90,3.003,True,1.0,0.46580844291007484,0.4604967566087986,0.4631525997594367,0.8996064322298843,-0.06657407407407412,-0.06013888888888885,0.3962535910240823,0.17831573790537364,0.19305595074681023,0.5148391376119943,0.005311686301276264,0.006435185185185266,0.01129418451543233,0.351105507119724,0.09096152001766585,0.11578923972158355,0.0,0.9999999987499999,0.6677873784670117,0.3130040451622832,0.2829035488089798,0.4328119975667963,happy,03,21,21,male,normal,2411
100,3.336666666666667,True,1.0,0.4771077695815731,0.45132020804181194,0.4642139888116925,0.9103628363609534,-0.06685185185185183,-0.06106481481481474,0.3989493894806344,0.18488888888888927,0.18754922856350448,0.5099219457016966,0.02578756153976114,0.0057870370370370905,0.010821393976101545,0.34307637847599626,0.08960101370202049,0.1174956181861991,0.0,0.9999999987499999,0.6701217665738171,0.3144911946440565,0.2773490723844609,0.42741556417668475,happy,03,21,21,male,normal,2411
110,3.6703333333333332,True,1.0,0.46090534979423786,0.44157518390689343,0.4512402668505656,0.8945536269129736,-0.06296296296296294,-0.05986111111111109,0.3987480823583512,0.15619190311178957,0.19248957256034346,0.504430649292381,0.01933016588734443,0.0031018518518518556,0.015799730555568818,0.3482142857142855,0.09160650410342587,0.11692063137424173,0.0,0.9999999987499999,0.6662025789143782,0.3147131444861813,0.28549943776958403,0.4375504734956433,happy,03,21,21,male,normal,2411
0,0.0,True,1.0,0.5169017604219477,0.5010785545286612,0.5089901574753044,0.9556235713979566,-0.06412037037037038,-0.06111111111111106,0.33993466408649553,0.3520032885721622,0.17989546661676628,0.5326262062903242,0.01582320589328645,0.0030092592592593226,0.0006739737567338978,0.3063640242866459,0.10760083312469058,0.11434734268921955,0.0,0.9999999987499999,0.615801549197804,0.2932430526467756,0.2728759809979656,0.3781832363439026,happy,03,21,21,male,normal,2412
10,0.33366666666666667,True,1.0,0.5010785545286599,0.5013402474620515,0.5012094009953557,0.9453699814797681,-0.06314814814814806,-0.060046296296296264,0.3415105718919208,0.33156349426177883,0.18265392658968602,0.530172748039686,0.0002616929333916218,0.0031018518518518,0.0010649537622366124,0.2979940898962387,0.10825891448321415,0.11455907315355204,0.0,0.9999999987499999,0.6131759383206407,0.29230479337374815,0.27589020911653384,0.377555671035561,happy,03,21,21,male,normal,2412
20,0.6673333333333333,True,1.0,0.4957264957264951,0.45904565439934053,0.4773860750629178,1.0695882615961914,-0.06763888888888892,-0.0681944444444445,0.3977358318155771,0.27461607949412853,0.18889252403601006,0.4463269579552926,0.036680841327154545,0.0005555555555555869,0.01169628669972099,0.2815663274068512,0.10443528425246494,0.11933933463103513,0.0,0.9999999987499999,0.6046040741765457,0.3040635592147507,0.29492823917966354,0.3929524061264143,happy,03,21,21,male,normal,2412
30,1.0010000000000001,True,1.0,0.1407200092823872,0.1645514430595696,0.1526357261709784,1.1098893189024204,-0.08699074074074076,-0.0857870370370371,0.36723018839211274,0.2616083217849722,0.20917372454246264,0.13752337604430795,0.023831433777182387,0.0012037037037036513,0.003075867035721426,0.2651700101944744,0.10395698478138415,0.11783167372012528,0.0,0.9999999987499999,0.6079331902135855,0.29874208088598714,0.2946596255133191,0.4007423845516871,happy,03,21,21,male,normal,2412
40,1.3346666666666667,True,1.0,0.38574423480083875,0.40205398620366317,0.39389911050225096,0.9200079256603895,-0.06476851851851856,-0.06333333333333335,0.36867803115733,0.2105007215378484,0.1917239780709787,0.42814751864176265,0.016309751402824424,0.001435185185185206,0.007882368228401142,0.32413781141928155,0.10592532935017586,0.11573666110551721,0.0,0.8106553420859776,0.6156149003507654,0.2952683523422264,0.28840307674949384,0.3956378708776742,happy,03,21,21,male,normal,2412
50,1.6683333333333334,True,1.0,0.4267870795436271,0.4027367104357404,0.41476189498968374,1.0072755077547355,-0.0631018518518518,-0.05842592592592599,0.38720935552239166,0.22212474029738197,0.1902781787382358,0.4117660876260235,0.024050369107886715,0.004675925925925806,0.0025840640563295223,0.29806523823755887,0.10391989206519468,0.11818723257779717,0.0,0.9999999987499999,0.6132974968190402,0.29776527169781586,0.29391971507344866,0.401347043052364,happy,03,21,21,male,normal,2412
60,2.0020000000000002,True,1.0,0.38646761133060775,0.3448432436029406,0.36565542746677415,0.6580520708136751,-0.06472222222222218,-0.05601851851851858,0.36384818664558777,0.18307938084698316,0.18541520872586667,0.555663364169107,0.041624367727667144,0.008703703703703602,0.04545231320653864,0.40207958972386915,0.0898425266210798,0.11698578744544523,0.0,0.9999999987499999,0.6641976966098939,0.3147929376741715,0.26174027498540636,0.40459353890822486,happy,03,21,21,male,normal,2412
70,2.3356666666666666,True,1.0,0.4174001869209148,0.4025157232704404,0.40995795509567756,0.9413575276942474,-0.062222222222222234,-0.05703703703703694,0.3699918703881208,0.21601253556565864,0.19027938161454036,0.43549654943518096,0.014884463650474411,0.005185185185185293,0.011892019272271516,0.3046927197667411,0.10644415286670866,0.11558979339396891,0.0,0.9999999987499999,0.6094459491843613,0.296684772179192,0.28873002777638973,0.39256116793203366,happy,03,21,21,male,normal,2412
80,2.6693333333333333,True,1.0,0.4522071959266369,0.4442822068170102,0.44824470137182354,0.9925925925925926,-0.06208333333333338,-0.05782407407407403,0.3845904122254569,0.22222222222222263,0.192364680643087,0.45158981108355356,0.00792498910962669,0.0042592592592593514,0.004667511162063081,0.31099268917091005,0.10386365194652157,0.11759035643197228,0.0,0.9999999987499999,0.6063393423619448,0.2991542810214113,0.28789067159493265,0.3882651093044834,happy,03,21,21,male,normal,2412
90,3.003,True,1.0,0.4608558959468244,0.4205951929043603,0.44072554442559236,0.9316562892885444,-0.06449074074074074,-0.059907407407407465,0.3961692386571463,0.2292964378870734,0.1826426484301614,0.4730559429402346,0.0402607030424641,0.004583333333333273,0.00979769447303791,0.3302330551247373,0.10911927861290675,0.11540275697580918,0.0,0.9999999987499999,0.5997143622136355,0.30050654997464055,0.29769007071504,0.382484317497231,happy,03,21,21,male,normal,2412
100,3.336666666666667,True,1.0,0.46875205078498894,0.4278568680232586,0.4483044594041238,0.9029986627582567,-0.06166666666666659,-0.058148148148148115,0.3948390158502509,0.1433102736794213,0.19305911224772535,0.49646193055785304,0.04089518276173032,0.0035185185185184764,0.008871279099054304,0.3496026679631819,0.1062692292559475,0.11673402509667678,0.0,0.9999999987499999,0.6078351011732819,0.29609698209204005,0.29486325500631094,0.3975780939246133,happy,03,21,21,male,normal,2412
110,3.6703333333333332,True,1.0,0.4766935353001475,0.4759668536934548,0.47633019449680114,0.8888323172731447,-0.06023148148148155,-0.05675925925925923,0.39356428236426216,0.16755962447578437,0.18960305135840613,0.5359055754837292,0.0007266816066927029,0.003472222222222321,0.0028051907109764933,0.34117401944405024,0.10408642520836779,0.11706817805564113,0.0,0.9999999987499999,0.6097275730370273,0.2963732757266155,0.28965538774030763,0.39618077033151183,happy,03,21,21,male,normal,2412
0,0.0,True,1.0,0.5095210363345083,0.5020671702850081,0.5057941033097582,0.9373121422447238,-0.06282407407407409,-0.06009259259259253,0.34657003759436433,0.35347872155955096,0.18196499023394078,0.5396218404879043,0.007453866049500157,0.002731481481481557,0.001745079858389792,0.3162148440396407,0.10550943568139058,0.11595173632080702,0.0,0.9999999987499999,0.6168587208867923,0.2939762739885172,0.27494289104281505,0.3855123952731977,happy,03,21,21,male,normal,2413
10,0.33366666666666667,True,1.0,0.5259355585872912,0.5173685927863323,0.5216520756868117,0.9517220529030417,-0.06277777777777777,-0.059444444444444466,0.3533000463059453,0.338686962849985,0.1840427019957316,0.5481138890242316,0.008566965800958948,0.0033333333333332993,0.0006600492960425648,0.31638203601512704,0.10626310287701758,0.11592072692525929,0.0,0.9999999987499999,0.6138211131796468,0.2953235155494826,0.27998585914486235,0.38593423447105535,happy,03,21,21,male,normal,2413
20,0.6673333333333333,True,1.0,0.5102880658436216,0.5250075126143324,0.517647789228977,1.1635199299349286,-0.07754629629629622,-0.0794907407407407,0.35689829953921176,0.3959078941926761,0.19726090268305607,0.44489808546547815,0.014719446770710798,0.0019444444444444708,0.009452580872715804,0.2581784615808202,0.10275040062892812,0.11808130016680969,0.0,0.9999999987499999,0.6104626348351841,0.30491617214623573,0.28184841005803607,0.3762490891868514,happy,03,21,21,male,normal,2413
30,1.0010000000000001,True,1.0,0.47651886700105145,0.4694926928474964,0.47300577992427395,1.0131126423920929,-0.08032407407407394,-0.07925925925925925,0.3497186842924373,0.24908370274360553,0.21320339077801023,0.46688370091547254,0.007026174153555054,0.0010648148148146852,0.0030058285650131325,0.276592309543116,0.0993335979484395,0.1172914481250104,0.0,0.9999999987499999,0.6205136086856617,0.2994509232968557,0.28373995383025685,0.38121449414413966,happy,03,21,21,male,normal,2413
40,1.3346666666666667,True,1.0,0.4761347056599903,0.4689265441419038,0.47253062490094705,0.8962322643202226,-0.07634259259259252,-0.07388888888888895,0.37233996059811447,0.2317733066466561,0.20208333333333328,0.5272412562153782,0.007208161518086453,0.002453703703703569,8.232199910756327e-05,0.31033023363306667,0.10399286893214883,0.11567838998510145,0.0,0.9999999987499999,0.6072953515077907,0.3049128015100234,0.29619564113866165,0.3851312333445911,happy,03,21,21,male,normal,2413
50,1.6683333333333334,True,1.0,0.47633482501878105,0.46860843218372844,0.47247162860125475,0.9628933584679382,-0.07004629629629622,-0.06791666666666674,0.3871328857444176,0.2444176236802159,0.19793054364727783,0.490679081381354,0.007726392835052609,0.0021296296296294814,0.0016947765478809765,0.3205496923847734,0.0872486094696267,0.1176443905127885,0.0,0.9999999987499999,0.6701164333936701,0.3168128327460966,0.2767875348547597,0.43211151910843476,happy,03,21,21,male,normal,2413
60,2.0020000000000002,True,1.0,0.511805713854928,0.5023706824937175,0.5070881981743227,0.9508451408725032,-0.07064814814814818,-0.06851851851851853,0.3690870028761236,0.24939140119087377,0.19444601391355681,0.5333026129880777,0.009435031361210489,0.002129629629629648,0.0031427700115157055,0.2863181598344829,0.10635060311610073,0.11649646763317346,0.0,0.9999999987499999,0.6039392381093063,0.3031878100308656,0.28911558868013365,0.37743868806815806,happy,03,21,21,male,normal,2413
70,2.3356666666666666,True,1.0,0.5486514547986397,0.526788989848325,0.5377202223234824,1.0072755077547342,-0.06990740740740742,-0.06532407407407409,0.3897229507304888,0.31097463641633394,0.19031025283780695,0.5338362922395351,0.02186246495031474,0.004583333333333328,0.007124351424453268,0.3059719756808191,0.10574186825425666,0.11573980936704409,0.0,0.9999999987499999,0.6020106622492748,0.30452293079224674,0.2904382224577788,0.38180969765242556,happy,03,21,21,male,normal,2413
80,2.6693333333333333,True,1.0,0.5322510403960412,0.5358148208455331,0.5340329306207872,1.086487248995258,-0.06148148148148136,-0.05787037037037035,0.30242167905789863,0.3621447828932928,0.19097382022690002,0.4915225016351002,0.0035637804494919045,0.0036111111111110095,0.012787898259225262,0.2687346556557643,0.10262565467886103,0.11656660673123484,0.0,0.9999999987499999,0.6110098889086886,0.3006679154222628,0.27033280991602404,0.36837429262590843,happy,03,21,21,male,normal,2413
90,3.003,True,1.0,0.5292382306714842,0.5173314689615413,0.5232848498165128,0.9374028931512464,-0.06662037037037033,-0.060370370370370297,0.38200385636592754,0.2493060123533857,0.1826426484301614,0.5582283281176974,0.011906761709942981,0.006250000000000033,0.019839177715074915,0.30994582151678796,0.10757941814384013,0.11700250433870603,0.0,0.9999999987499999,0.6058118956098064,0.304389452105718,0.291255900529462,0.3807513508107184,happy,03,21,21,male,normal,2413
100,3.336666666666667,True,1.0,0.5067369434089244,0.46862468131438095,0.48768081236165267,0.7121023354594131,-0.06513888888888897,-0.06074074074074076,0.3633047785334417,0.18196749229568127,0.18611111111111106,0.6848465284796814,0.038112262094543436,0.0043981481481482065,0.01057297596435937,0.377595061970702,0.10698840660152244,0.11541683917299894,0.0,0.9999999987499999,0.6141647761995424,0.29356634372973833,0.27511574542612705,0.3671663150528857,happy,03,21,21,male,normal,2413
110,3.6703333333333332,True,1.0,0.4852823787299865,0.482978930027912,0.4841306543789492,0.7236617014946495,-0.06356481481481485,-0.06115740740740738,0.36535425991792275,0.14944070059123832,0.1910620892167896,0.6690013488057012,0.0023034487020744954,0.002407407407407469,0.008309911526872911,0.3552587138778616,0.1047269262152562,0.11682217703357248,0.0,0.9999999987499999,0.617540994921406,0.2948645767724289,0.273284076785762,0.37015343372127796,happy,03,21,21,male,normal,2413
0,0.0,True,1.0,0.521753211498715,0.5131396526366012,0.5174464320676582,0.8641292806968106,-0.065,-0.06129629629629629,0.3842990550162304,0.21953430597483584,0.19655922022996597,0.5988067336989245,0.00861355886211379,0.003703703703703709,0.007920700441747324,0.3467143486984361,0.10685111366305108,0.11603756832764449,0.0,0.9999999987499999,0.6065447031234369,0.2961062646906284,0.29777992048398494,0.39915536551434877,happy,03,21,21,male,strong,2414
10,0.33366666666666667,True,1.0,0.5013402474620515,0.4995077436269563,0.5004239955445039,0.8875768952151584,-0.0635648148148148,-0.06092592592592594,0.3941406780291742,0.2147010037077706,0.19100457921116565,0.5638091733147196,0.0018325038350952005,0.0026388888888888573,0.006926361126782007,0.33909909423566337,0.1057071671715642,0.11560682088493837,0.0,0.9999999987499999,0.6109629270380027,0.296395765211186,0.2925127016347506,0.39623213408443386,happy,03,21,21,male,strong,2414
20,0.6673333333333333,True,1.0,0.48609977945679483,0.49636580804514757,0.4912327937509712,0.9029129839992242,-0.07074074074074072,-0.07027777777777777,0.41208411737616263,0.13888888888888842,0.2035262093006682,0.544053305751768,0.010266028588352738,0.0004629629629629428,0.01413696890010191,0.3377998733039889,0.10391787365679594,0.12074065018247358,0.0,0.9999999987499999,0.6110485020492572,0.30235144082458365,0.29554152438612363,0.3962737318979542,happy,03,21,21,male,strong,2414
30,1.0010000000000001,True,1.0,0.40110799719291435,0.4020570614468449,0.4015825293198796,1.1679601066842786,-0.07962962962962966,-0.08194444444444438,0.3828969914734568,0.2730004990646825,0.2090803303492848,0.3438324023411485,0.0009490642539305427,0.002314814814814714,0.0011034841353018117,0.256970321983801,0.09839353025267,0.11952445865533794,0.0,0.9999999987499999,0.6224138058035714,0.2978532488506072,0.29673519341915705,0.405777639305869,happy,03,21,21,male,strong,2414
40,1.3346666666666667,True,1.0,0.4606557775270361,0.4687480737786003,0.4647019256528182,1.0564973118213405,-0.06958333333333322,-0.06671296296296297,0.3428860783251419,0.25992151811957914,0.1951951808140768,0.4398514983930237,0.008092296251564157,0.0028703703703702454,0.0061345319808911005,0.2594043048409964,0.1044054197241018,0.11514083152070789,0.0,0.9999999987499999,0.6154829015903236,0.29702129251034615,0.293346680994909,0.4008310633326976,happy,03,21,21,male,strong,2414
50,1.6683333333333334,True,1.0,0.44444444444444553,0.39339764436294616,0.4189210444036958,0.9776316632649158,-0.0597685185185185,-0.05740740740740746,0.41300429562795005,0.18588771062079432,0.19178167016558628,0.4285060111542007,0.051046800081499366,0.002361111111111036,0.011713587525579636,0.3251291554363264,0.10001242769306161,0.11929637443116936,0.0,0.9999999987499999,0.613094516423757,0.3004805727501025,0.2989032878647195,0.40613832649615,happy,03,21,21,male,strong,2414
60,2.0020000000000002,True,1.0,0.43601748540981705,0.44444517803430766,0.44023133172206236,0.6133295981216398,-0.06254629629629632,-0.059537037037037055,0.36207083700836357,0.17297240910027495,0.19097382022690007,0.7177728468841196,0.008427692624490613,0.003009259259259267,0.0133730086809043,0.4470688862478671,0.1023483317702958,0.11500206243391602,0.0,0.9999999987499999,0.6233080292116847,0.29233390081717525,0.27699376160176753,0.3752283433851501,happy,03,21,21,male,strong,2414
70,2.3356666666666666,True,1.0,0.4352697736143952,0.40159103910905863,0.4184304063617269,0.9508451408725036,-0.06240740740740752,-0.06050925925925926,0.36789655649791553,0.202630513467584,0.19652933060954064,0.44006157088605574,0.03367873450533654,0.0018981481481482598,0.0002868418376921907,0.30473157719917804,0.10371223664206812,0.11674886897281929,0.0,0.9999999987499999,0.6177366290813201,0.29880013256164684,0.29541286577724407,0.39620674470317807,happy,03,21,21,male,strong,2414
80,2.6693333333333333,True,1.0,0.476520360165551,0.4687949870327614,0.4726576735991562,1.08281441513211,-0.06208333333333327,-0.059444444444444355,0.3813106509738241,0.2857339731062888,0.1888892927975793,0.43650847919446023,0.0077253731327895925,0.002638888888888913,0.003935039064774317,0.28260978869202297,0.08666127352805743,0.11856077760572246,0.0,0.9999999987499999,0.6664708301914516,0.31783299888875477,0.27544390884979403,0.4278189612822827,happy,03,21,21,male,strong,2414
90,3.003,True,1.0,0.4522071959266369,0.4275031109281538,0.43985515342739534,0.9164441956200374,-0.06374999999999986,-0.0597685185185185,0.416462311555277,0.1982720595827276,0.18893775557162903,0.47995846940773423,0.02470408499848309,0.003981481481481364,0.006428533153811397,0.33604583620063344,0.10225854115274426,0.11688879144077598,0.0,0.9999999987499999,0.6122488147368323,0.2986767727172393,0.2977162747973349,0.4029003435962983,happy,03,21,21,male,strong,2414
100,3.336666666666667,True,1.0,0.42815440699667806,0.40467946467014854,0.4164169358334133,0.9229422280505898,-0.0668981481481482,-0.06268518518518518,0.415846525804619,0.18999151823579244,0.19237102631416939,0.45118418377383857,0.023474942326529524,0.004212962962963029,0.0031075739440266925,0.3394266400781923,0.10892031465394265,0.11575526893287294,0.0,0.9999999987499999,0.6019331392869648,0.3002482583006228,0.3091887238454487,0.3889874667484491,happy,03,21,21,male,strong,2414
110,3.6703333333333332,True,1.0,0.4444444444444437,0.44315665669472754,0.4438005505695856,0.9020615171917079,-0.06467592592592597,-0.061249999999999916,0.42010393709982763,0.16155756323482448,0.1965665948917417,0.49198479495192593,0.0012877877497161627,0.0034259259259260544,0.009763016122155029,0.344204287539672,0.10492662504104937,0.11970600854511143,0.0,0.9999999987499999,0.6108882751459959,0.2966912798844792,0.30262869246394636,0.3984765117849801,happy,03,21,21,male,strong,2414
0,0.0,True,1.0,0.492760163812532,0.5008286180188967,0.4967943909157143,1.0114122167566153,-0.06648148148148147,-0.06685185185185188,0.3669845350853276,0.3601109684443206,0.18487126226439754,0.4911888374344821,0.00806845420636465,0.00037037037037040976,0.01622685615851156,0.3071809093702284,0.10761905887226256,0.11449670818127741,0.0,0.9999999987499999,0.6192653441767332,0.2946850148072979,0.2810163259824221,0.38617176507210466,happy,03,21,21,male,strong,2415
10,0.33366666666666667,True,1.0,0.5009082488102781,0.4837635304157722,0.4923358896130251,1.0065516309959346,-0.06638888888888894,-0.06458333333333327,0.37607414924410454,0.2886039885346825,0.1882981981319872,0.48913128194515204,0.017144718394505876,0.0018055555555556713,0.010414591898607975,0.30743403617537307,0.10732358722187389,0.11493959104900463,0.0,0.9999999987499999,0.614543863045218,0.2955211836925131,0.2879752752448358,0.38827374286041927,happy,03,21,21,male,strong,2415
20,0.6673333333333333,True,1.0,0.45296888542293623,0.4442641810515735,0.44861653323725487,1.0390415467542218,-0.08398148148148143,-0.08305555555555555,0.41363092140511165,0.21872162719089575,0.2104460340093196,0.4317599567011078,0.008704704371362726,0.0009259259259258856,0.01387901766855236,0.28981666335750955,0.08898138873559977,0.11828813255370231,0.0,0.9999999987499999,0.6677557947944802,0.3154324715842882,0.28942047147911326,0.4444467598849361,happy,03,21,21,male,strong,2415
30,1.0010000000000001,True,1.0,0.4097501513175587,0.3853401306929924,0.39754514100527555,1.2531617916197622,-0.0784259259259259,-0.08356481481481481,0.3961393497141509,0.2841228415024162,0.21323774121093325,0.3172336913427854,0.02441002062456632,0.005138888888888915,0.007709548656518765,0.23544497212710055,0.09983857205411681,0.11637179715245353,0.0,0.9999999987499999,0.6205730667735846,0.30073798937963925,0.31293820546850193,0.4151186822489098,happy,03,21,21,male,strong,2415
40,1.3346666666666667,True,1.0,0.43528430052774847,0.4267870795436271,0.43103569003568776,1.14274806943128,-0.07462962962962971,-0.07124999999999998,0.36367611224545826,0.2777427909676668,0.20069482459384647,0.37719222772365263,0.008497220984121368,0.0033796296296297323,0.0016968866469315243,0.2503778644311037,0.10585221855467462,0.11547402328630803,0.0,0.9999999987499999,0.6063367129039116,0.30364074468715385,0.303132041313711,0.3910135316380913,happy,03,21,21,male,strong,2415
50,1.6683333333333334,True,1.0,0.4193267159095049,0.4274583970682761,0.4233925564888905,1.0041774304451327,-0.06342592592592589,-0.06092592592592588,0.4169953348169105,0.223897958679404,0.19246261862476374,0.4216312213880456,0.00813168115877122,0.0025000000000000022,0.004473114939096024,0.30434541370966633,0.10311740773430664,0.11743692181624533,0.0,0.9999999987499999,0.6137787902426596,0.29913476128010147,0.3047294425229822,0.4099551668707038,happy,03,21,21,male,strong,2415
60,2.0020000000000002,True,1.0,0.44386947679342464,0.419982680342833,0.4319260785681288,1.2421425047891925,-0.07486111111111116,-0.07050925925925927,0.3405869606267816,0.47189471858310805,0.186846392460444,0.3477266713785245,0.023886796450591663,0.0043518518518518845,0.002688076860213403,0.21372149185677117,0.10923696383539638,0.11496038935009087,0.0,0.9999999987499999,0.60738463321266,0.29624902753355875,0.29646355582939,0.3824273541651135,happy,03,21,21,male,strong,2415
70,2.3356666666666666,True,1.0,0.41834687821550576,0.44518897607567826,0.431767927145592,0.9817784470924633,-0.06375000000000003,-0.05999999999999994,0.3863329961575193,0.25642563212172037,0.1895849430449061,0.43978142769814577,0.026842097860172498,0.0037500000000000866,0.003178223143578383,0.31205430512439525,0.0905537402280406,0.1172514133071875,0.0,0.9999999987499999,0.6689540221869998,0.31410561511080626,0.2813261275383743,0.42743463914640284,happy,03,21,21,male,strong,2415
80,2.6693333333333333,True,1.0,0.45077783289232576,0.4442037854724998,0.4474908091824128,1.1962509221527562,-0.06504629629629627,-0.059166666666666645,0.3270180153939387,0.4507013156621798,0.18819809300513307,0.3740777130412695,0.006574047419825979,0.0058796296296296235,0.013887109980393254,0.2563961067014662,0.10865139510884429,0.11551398066280634,0.0,0.9999999987499999,0.6004613556594512,0.29725997382129843,0.29915282445942865,0.3784588410142172,happy,03,21,21,male,strong,2415
90,3.003,True,1.0,0.41760316650944956,0.4123887902879201,0.41499597839868485,0.9602931876065871,-0.06629629629629635,-0.06013888888888885,0.41998122634536184,0.20940501862620847,0.19167024913148814,0.4321554955867295,0.005214376221529482,0.0061574074074075,0.010116466685491312,0.32719116044749125,0.09112343763863841,0.11713496830545614,0.0,0.9999999987499999,0.6665149957170368,0.3150073332828782,0.2904227397272625,0.4456113432715014,happy,03,21,21,male,strong,2415
100,3.336666666666667,True,1.0,0.4192723969647976,0.41971220360938555,0.4194923002870916,0.9828299698814827,-0.06555555555555553,-0.06143518518518515,0.41932942489203057,0.22204105661809553,0.18890342905765764,0.4268208267373829,0.0004398066445879256,0.004120370370370385,0.004859045130830281,0.31695987075586746,0.10853463961029189,0.11578834716699953,0.0,0.9999999987499999,0.5989807633678471,0.3029219612014331,0.31044500942469916,0.38777308132727917,happy,03,21,21,male,strong,2415
110,3.6703333333333332,True,1.0,0.4151858505444215,0.4279519118377504,0.42156888119108593,0.9424225190744407,-0.064537037037037,-0.059398148148148144,0.42084216076916936,0.201713365559816,0.19237538884161803,0.4473247112188188,0.012766061293328912,0.0051388888888888595,0.017634386881189377,0.3318545556167073,0.105645013479494,0.11729924479245296,0.0,0.9999999987499999,0.6064772050382654,0.29660370309883594,0.301004068550308,0.3969017770915251,happy,03,21,21,male,strong,2415
0,0.0,True,1.0,0.4860997794567962,0.49899965942650715,0.4925497194416517,0.9022640137454919,-0.06324074074074071,-0.05972222222222218,0.38918825204356117,0.23275612858149666,0.18754068568996574,0.545904205352236,0.012899879969710926,0.003518518518518532,0.000854542068252472,0.33902935914617066,0.09067448854144061,0.11568524275704994,0.0,0.9999999987499999,0.6706528877332184,0.3123974289478217,0.27618205491825165,0.4265350407573513,happy,03,21,21,male,strong,2416
10,0.33366666666666667,True,1.0,0.4686246813143796,0.4839462661054703,0.47628547370992497,0.9026737872134312,-0.06768518518518513,-0.06384259259259256,0.4000000000000003,0.18334853154567074,0.19794788850499279,0.5276385339384077,0.015321584791090692,0.003842592592592564,0.006214416601439,0.35293502475786176,0.10479884139317075,0.11837817551961312,0.0,0.9999999987499999,0.6089973361922895,0.29630688547149564,0.29010093523292285,0.3900099368300556,happy,03,21,21,male,strong,2416
20,0.6673333333333333,True,1.0,0.444203785472501,0.44006490099608986,0.44213434323429546,0.9643193942412672,-0.07138888888888895,-0.06879629629629624,0.4092624039353941,0.2066398701945574,0.20419693287833285,0.45849367530575247,0.004138884476411142,0.002592592592592702,0.010595887075863434,0.32977385765684497,0.10504159409286122,0.11783991349345134,0.0,0.9999999987499999,0.6131669921953156,0.29713837546934524,0.2990288624228135,0.3960000327411272,happy,03,21,21,male,strong,2416
30,1.0010000000000001,True,1.0,0.393157931423185,0.3946409833953253,0.39389945740925514,1.1792171470670232,-0.0725925925925926,-0.07000000000000006,0.35049581089108184,0.33921678027690255,0.20556149402551802,0.3340347097131103,0.0014830519721402702,0.0025925925925925353,0.0069061829760285855,0.24808537865799496,0.10426788555829897,0.1167435065428887,0.0,0.9999999987499999,0.6164877578765882,0.29620529229203685,0.29500011837100687,0.40212997997810884,happy,03,21,21,male,strong,2416
40,1.3346666666666667,True,1.0,0.4265796360356639,0.4362213754445765,0.43140050574012023,0.9325485515870986,-0.06486111111111115,-0.06199074074074068,0.37762593962089813,0.21054082228884483,0.19375630030079025,0.4626038022427062,0.009641739408912608,0.0028703703703704675,0.004786897153095131,0.31912209113136963,0.08955562500920915,0.11977815845713587,0.0,0.9999999987499999,0.6644473730351516,0.3147096576607436,0.27766661640157525,0.43127419088126706,happy,03,21,21,male,strong,2416
50,1.6683333333333334,True,1.0,0.4025303889428455,0.3950724161161217,0.3988014025294836,1.1025021631250815,-0.06310185185185191,-0.06129629629629624,0.4095366083735838,0.268708334513747,0.19306543509424423,0.3617239184357397,0.00745797282672378,0.0018055555555556713,0.0036164694378313087,0.28149980827146,0.08969792749362476,0.11871257444927036,0.0,0.9999999987499999,0.6703645422622173,0.3139111475517288,0.29025258485578104,0.4503649653798443,happy,03,21,21,male,strong,2416
60,2.0020000000000002,True,1.0,0.5100117536906483,0.45843316941386,0.4842224615522541,1.1948722204002635,-0.06750000000000006,-0.06314814814814812,0.3647460542728008,0.3216880022403128,0.19861725721356668,0.4052504136300425,0.05157858427678835,0.00435185185185194,0.010710303816626878,0.24552087148665,0.10248516141935317,0.11782749307606429,0.0,0.9999999987499999,0.6092099534735768,0.29616950397289316,0.28136065385383013,0.37828468767841356,happy,03,21,21,male,strong,2416
70,2.3356666666666666,True,1.0,0.47753980526286455,0.45357941514298417,0.46555961020292436,1.2558616189499423,-0.06458333333333333,-0.05972222222222212,0.3026713159768961,0.5171017986071824,0.18960908707859386,0.37070932272951423,0.02396039011988038,0.004861111111111205,0.004998796460776194,0.2316097230200757,0.10431953355705732,0.1179962066228096,0.0,0.9999999987499999,0.6063949535595489,0.2955249868618514,0.27694579016087917,0.3670044870916265,happy,03,21,21,male,strong,2416
80,2.6693333333333333,True,1.0,0.46028055651857125,0.41921748748386034,0.4397490220012158,0.9708507000207445,-0.058240740740740704,-0.05587962962962961,0.40435091085540714,0.1802775637731989,0.19587228806931048,0.4529522634034456,0.04106306903471091,0.0023611111111110916,0.0034516169254500515,0.33866347956978116,0.10561798222471329,0.11732358472511505,0.0,0.9999999987499999,0.6050479430912991,0.2993362757944149,0.30664687882260355,0.40392677011072664,happy,03,21,21,male,strong,2416
90,3.003,True,1.0,0.45201817565636876,0.45155401126980405,0.4517860934630864,0.9092211556051362,-0.06152777777777779,-0.057129629629629586,0.4034721309395751,0.13286626992790943,0.19934383176905962,0.4968935122966845,0.0004641643865647138,0.0043981481481482065,0.004076605933921033,0.3474666378656578,0.10526254328656376,0.11699300360431038,0.0,0.9999999987499999,0.6096854999812426,0.3010353081042899,0.30259538838847483,0.39440847186911043,happy,03,21,21,male,strong,2416
100,3.336666666666667,True,1.0,0.4527795467703962,0.4522071959266369,0.4524933713485165,0.9528261104258878,-0.06111111111111117,-0.057083333333333264,0.400623014910871,0.19198058487122358,0.1923805444283331,0.47489606592147654,0.0005723508437593394,0.004027777777777908,0.0038375089941503357,0.3277538254199289,0.10475115810848112,0.11745109955450159,0.0,0.9999999987499999,0.6067468358593436,0.2979517336600033,0.2943787712443271,0.39457929713552653,happy,03,21,21,male,strong,2416
0,0.0,True,1.0,0.5494949494949501,0.525492680873855,0.5374938151844026,1.1503267973856215,-0.06388888888888883,-0.06245370370370368,0.32639365077845006,0.4357298474945534,0.18763178962148844,0.46725314615462255,0.024002268621095113,0.0014351851851851505,0.010011030107348039,0.2659366757038018,0.10382850204003957,0.11599031343166324,0.0,0.9999999987499999,0.6082946289609594,0.2978936216432855,0.2780618689990293,0.3773422856155451,happy,03,21,21,male,strong,2417
10,0.33366666666666667,True,1.0,0.501180495672227,0.4679023505011706,0.4845414230866988,0.9682966457685117,-0.0639351851851852,-0.062129629629629646,0.3554588474709999,0.3412268574745618,0.18620332423026978,0.5004059708397842,0.03327814517105637,0.0018055555555555602,0.0030059223893918944,0.31518067885123485,0.10693598805878271,0.1159593558640315,0.0,0.9999999987499999,0.6083390641490971,0.2942624565907663,0.2806497264416832,0.3830741799330217,happy,03,21,21,male,strong,2417
20,0.6673333333333333,True,1.0,0.4773662551440333,0.48081963940345585,0.4790929472737446,1.1142231658418236,-0.07708333333333328,-0.07634259259259263,0.4029030660488876,0.2679709307205953,0.20288648318920724,0.42997934521651937,0.003453384259422543,0.000740740740740653,0.016239084645030346,0.27768283452404985,0.10524933143594763,0.11749236565294621,0.0,0.9999999987499999,0.6154048023115496,0.2973568082555647,0.29764042745724284,0.3977621259120379,happy,03,21,21,male,strong,2417
30,1.0010000000000001,True,1.0,0.46166975170825075,0.45964231200230743,0.4606560318552791,1.2503856424726048,-0.07481481481481494,-0.07708333333333334,0.3474039420713606,0.34549183314527787,0.21390636642410643,0.3684111654899875,0.0020274397059433236,0.002268518518518392,0.01107053258246869,0.2382930822027153,0.09939712898666045,0.12044391717542,0.0,0.9999999987499999,0.6104937195503201,0.30010100113840005,0.29159794360418356,0.40034339291298976,happy,03,21,21,male,strong,2417
40,1.3346666666666667,True,1.0,0.49398987065012967,0.47425699482749417,0.4841234327388119,1.193964020173564,-0.06462962962962954,-0.06365740740740744,0.3290112363808307,0.3687241827006596,0.18962357202320668,0.40547573005460913,0.0197328758226355,0.0009722222222220966,0.015893695929416547,0.2564338235294119,0.10179949763213983,0.1166372380271822,0.0,0.9999999987499999,0.6256925366005778,0.2959304469640976,0.2908418047666117,0.40248972652016396,happy,03,21,21,male,strong,2417
50,1.6683333333333334,True,1.0,0.469716395401296,0.4655558506089322,0.4676361230051141,1.0393064391557216,-0.0622685185185185,-0.06282407407407398,0.40911649033092834,0.20359495300782432,0.19312233139743268,0.44995018349448246,0.0041605447923638295,0.0005555555555554759,0.022042135574357014,0.3042751011753186,0.10321206075149122,0.11702859908488183,0.0,0.9999999987499999,0.6144035208067602,0.30133477935717806,0.3051549882058492,0.4085301935203999,happy,03,21,21,male,strong,2417
60,2.0020000000000002,True,1.0,0.5035679986391288,0.49281631925931746,0.49819215894922314,1.2108068637019196,-0.06310185185185185,-0.05921296296296302,0.3622646493731537,0.3144952892732262,0.19377519997409368,0.4114546868573663,0.010751679379811363,0.0038888888888888307,0.0053226045248397245,0.2556818181818183,0.10088798319436251,0.1206278442582482,0.0,0.9999999987499999,0.6137866156853365,0.29990184877523524,0.2733641455986071,0.37328159772493474,happy,03,21,21,male,strong,2417
70,2.3356666666666666,True,1.0,0.5101852098350962,0.5095185756350542,0.5098518927350753,1.0333840428878354,-0.06138888888888888,-0.059259259259259234,0.311588950226472,0.32631591414661987,0.19318355521996874,0.4933808454311648,0.0006666342000419823,0.002129629629629648,0.013322329797205741,0.2664343952823114,0.10510203162279033,0.11632114649846043,0.0,0.9999999987499999,0.6119529266394058,0.30089065916463575,0.28510896947685993,0.37630812455782914,happy,03,21,21,male,strong,2417
80,2.6693333333333333,True,1.0,0.4617315498522117,0.4331957581689145,0.4474636540105631,1.0839281154670923,-0.05939814814814809,-0.05851851851851847,0.3938956320496301,0.23845747888047633,0.1876468337822827,0.412816724306242,0.02853579168329723,0.0008796296296296191,0.019218297104774015,0.29279550117781494,0.0893497073637983,0.11784861344474325,0.0,0.9999999987499999,0.666530393594938,0.31681009772964963,0.28576537287189163,0.4408027953871712,happy,03,21,21,male,strong,2417
90,3.003,True,1.0,0.40765105685707775,0.40273671043574033,0.40519388364640907,0.893033605654572,-0.062962962962963,-0.057592592592592584,0.41609782649459187,0.17854656094312235,0.18819484984356963,0.45372747574198147,0.004914346421337423,0.005370370370370414,0.0033136044006609115,0.34909958723824314,0.10339584899666826,0.11637615329740078,0.0,0.9999999987499999,0.6114408976403061,0.29778707361402884,0.2994764772054256,0.4016431013494881,happy,03,21,21,male,strong,2417
100,3.336666666666667,True,1.0,0.41173952855524243,0.41072003465348994,0.4112297816043662,0.9024797194799997,-0.0618055555555555,-0.05884259259259261,0.41325079682832144,0.15725025415181865,0.1938271645733964,0.455666507211168,0.0010194939017524884,0.0029629629629628895,0.01420492209796717,0.3494318181818177,0.10553793593402398,0.11723319424602742,0.0,0.9999999987499999,0.6104597465470565,0.2974021022538067,0.30300061010801543,0.40149958555036735,happy,03,21,21,male,strong,2417
110,3.6703333333333332,True,1.0,0.4522071959266369,0.43649834173709917,0.44435276883186803,0.9025968816891504,-0.06236111111111109,-0.058935185185185146,0.42064932161755697,0.1641025641025647,0.1937818931663653,0.49230479059521143,0.015708854189537713,0.0034259259259259434,0.002276415896104068,0.34974745000913954,0.1063149095815663,0.11636543218388923,0.0,0.9999999987499999,0.6101055856952154,0.2985975143565174,0.30888029998986377,0.40617427817350293,happy,03,21,21,male,strong,2417
0,0.0,True,1.0,0.5174912207513671,0.4922308439637943,0.5048610323575807,0.8100241971968941,-0.0642592592592593,-0.062175925925925746,0.3366414675839404,0.3627237269583602,0.17779880505291804,0.6232666062380149,0.025260376787572814,0.002083333333333548,0.003924828739551002,0.3539258301190062,0.10582053893668304,0.11417584764580439,0.0,0.9999999987499999,0.6168434045805823,0.29196383785933555,0.273550630563524,0.37384474261969547,sad,04,21,21,male,normal,2418
10,0.33366666666666667,True,1.0,0.5333648902768585,0.5333333333333328,0.5333491118050957,0.8346190706172079,-0.06324074074074071,-0.06087962962962962,0.3323698173575817,0.36618628112856044,0.1770902265815209,0.6390329799326051,3.155694352574567e-05,0.0023611111111110916,0.005260467955989972,0.3564285624206488,0.10767584491212635,0.1127662669599337,0.0,0.9999999987499999,0.611973373615071,0.2909671590756035,0.27568782888543814,0.3691724571240659,sad,04,21,21,male,normal,2418
20,0.6673333333333333,True,1.0,0.3243292307107907,0.3306581618676683,0.3274936962892295,1.1173569997826762,-0.06689814814814815,-0.06495370370370374,0.3223501053609732,0.496523952153573,0.16738344696828988,0.2930967420018189,0.006328931156877604,0.0019444444444444153,0.0014358039378226353,0.27855591785332173,0.10848343835256402,0.11484524044502108,0.0,0.9999999987499999,0.6075297850859094,0.2997701036370443,0.28182072146700965,0.356833166142599,sad,04,21,21,male,normal,2418
30,1.0010000000000001,True,1.0,0.30781265907396965,0.31102271057695996,0.30941768482546483,1.0649376710336533,-0.05060185185185179,-0.04870370370370364,0.3509306368979007,0.44229248412044436,0.16529439491774373,0.29055004179271526,0.0032100515029903076,0.0018981481481481488,0.011977999721554462,0.29579094351841856,0.10503243481064864,0.11671093224985286,0.0,0.9999999987499999,0.6192256281965912,0.2958871974112269,0.28612804080835574,0.3929835504959852,sad,04,21,21,male,normal,2418
40,1.3346666666666667,True,1.0,0.42630979572222094,0.43849982840390755,0.43240481206306425,0.9264883210672201,-0.05449074074074073,-0.04995370370370367,0.3584574810631958,0.3589917515598428,0.16319865192012611,0.46671372129653826,0.012190032681686613,0.004537037037037062,0.027808024052316232,0.3175422087465291,0.10866041941507747,0.11534042956571788,0.0,0.9999999987499999,0.5974503134691377,0.2998120561454815,0.28903609894008014,0.3702838129247768,sad,04,21,21,male,normal,2418
50,1.6683333333333334,True,1.0,0.41083326405915027,0.3859891905325861,0.3984112272958682,1.363916726621038,-0.0521759259259259,-0.05203703703703699,0.3174916530354676,0.5563192170508666,0.17086191325973674,0.2921081760489078,0.024844073526564148,0.0001388888888889106,0.001497703741415812,0.22981147269584504,0.10543334646560776,0.11634888706760016,0.0,0.9999999987499999,0.6134037277567278,0.29836028770247347,0.28546163519556295,0.38815064166939367,sad,04,21,21,male,normal,2418
60,2.0020000000000002,True,1.0,0.4115226337448565,0.43601748540981705,0.42377005957733677,0.9523352889436587,-0.05375000000000002,-0.05208333333333337,0.362705939916436,0.3746255886625226,0.1715562420152142,0.4449798978334483,0.02449485166496057,0.0016666666666666496,0.0024689954232681886,0.3355333701137039,0.10489297319163539,0.11650970066373414,0.0,0.9999999987499999,0.6175720060524209,0.29398252920853335,0.2860002828556567,0.389510849405618,sad,04,21,21,male,normal,2418
70,2.3356666666666666,True,1.0,0.4176031665094485,0.3931488747737288,0.4053760206415886,0.6547881855340916,-0.05416666666666664,-0.051620370370370317,0.38078653531901135,0.2080698292302352,0.1750854283673045,0.6190948914433073,0.024454291735719724,0.0025462962962963243,0.01151632276695283,0.4060694217863664,0.10422380102909447,0.11612847104556012,0.0,0.9999999987499999,0.6157741911295769,0.29176999943715143,0.28261361501981674,0.3773521866169191,sad,04,21,21,male,normal,2418
80,2.6693333333333333,True,1.0,0.4115165787290275,0.38728332236468344,0.3993999505468555,1.1126045870868648,-0.054259259259259285,-0.05018518518518522,0.3558232316746197,0.38126752490347293,0.17361155056367997,0.35897744372293605,0.02423325636434409,0.004074074074074063,0.013854699631316246,0.2922921333172413,0.10637138443275305,0.11483016525682953,0.0,0.9999999987499999,0.6066878074823678,0.29780819414388926,0.2981402965108973,0.39807373626651316,sad,04,21,21,male,normal,2418
90,3.003,True,1.0,0.4551520073191929,0.42090272247816507,0.438027364898679,0.9547692138554709,-0.05921296296296297,-0.05148148148148152,0.33105493891861937,0.3999364117257514,0.17222620914999004,0.4587782665612696,0.03424928484102785,0.00773148148148145,0.04827032436841462,0.3041193341440953,0.10886081985074092,0.11597561415691231,0.0,0.9999999987499999,0.5947804492265656,0.29679448236750655,0.2893536342402469,0.3656760619704322,sad,04,21,21,male,normal,2418
100,3.336666666666667,True,1.0,0.43631832128800807,0.40953007788930024,0.4229241995886541,0.956532622217031,-0.05277777777777776,-0.04944444444444446,0.33478333785003805,0.31878212378887844,0.18055597810614288,0.44214299624032627,0.026788243398707834,0.0033333333333332993,0.013166901763978297,0.320083059354228,0.10754197789629956,0.11572730291476688,0.0,0.9999999987499999,0.6024764389427646,0.295608262031115,0.2841262226266651,0.3725517576271655,sad,04,21,21,male,normal,2418
110,3.6703333333333332,True,1.0,0.45788102291107985,0.4593367375306308,0.45860888022085533,0.7153809270613763,-0.05592592592592588,-0.04990740740740751,0.3295127211086655,0.2551273557847587,0.17986280783332048,0.6410694818279784,0.001455714619550963,0.006018518518518368,0.032832708512832834,0.3943409305098286,0.11065873438124108,0.11291959131522314,0.0,0.9999999987499999,0.6060382035704908,0.29281758671646424,0.29293358158650395,0.37960549789934345,sad,04,21,21,male,normal,2418
120,4.0040000000000004,True,1.0,0.4416174660287391,0.43407050220414284,0.437843984116441,0.7825988579451126,-0.05736111111111114,-0.051157407407407374,0.34994791358826055,0.22336431626081474,0.17849957907496108,0.5594743458559316,0.007546963824596242,0.006203703703703767,0.02856528924345856,0.34941941760167816,0.1087891011328698,0.11488788021109528,0.0,0.9999999987499999,0.6032710850043141,0.29122335112174713,0.287445476445765,0.3757769479028023,sad,04,21,21,male,normal,2418
0,0.0,True,1.0,0.484765706113958,0.5011698527999264,0.4929677794569422,0.8115415688166477,-0.06412037037037038,-0.061620370370370325,0.3419162388789461,0.3559907526153275,0.17782068794340952,0.6074461227855092,0.016404146685968457,0.0025000000000000577,0.000756075207461195,0.35810604960313897,0.10649108296175837,0.11604016161940467,0.0,0.9999999987499999,0.609576658608756,0.29051997260990214,0.26945512372241537,0.3677135719068389,sad,04,21,21,male,normal,2419
10,0.33366666666666667,True,1.0,0.5174912207513658,0.5173314689615413,0.5174113448564535,0.8455243945655743,-0.06259259259259264,-0.061203703703703705,0.3358903088921461,0.38046190221149406,0.17434932029289177,0.6119413563724516,0.00015975178982452487,0.0013888888888889395,0.0006816865660235662,0.36053231333277863,0.11013748752798848,0.11275419126832778,0.0,0.9999999987499999,0.6039861280371525,0.2978516429458729,0.2802759498925349,0.35483267575996397,sad,04,21,21,male,normal,2419
20,0.6673333333333333,True,1.0,0.20368221672450754,0.20323662879945,0.20345942276197876,1.142565397034974,-0.06842592592592595,-0.06537037037037041,0.32520599241156484,0.518529495234036,0.16531516399381252,0.17807245282411685,0.00044558792505752787,0.0030555555555555336,0.001299992216636113,0.2859803150617553,0.10854206828442307,0.11378963651110577,0.0,0.9999999987499999,0.6070417819002601,0.29903247249976106,0.287274768735106,0.36751444345571244,sad,04,21,21,male,normal,2419
30,1.0010000000000001,True,1.0,0.419508198905342,0.37536015254639704,0.39743417572586953,1.0098294626384865,-0.0526388888888889,-0.050138888888888844,0.35825319015534934,0.4022141354320455,0.1666890955774204,0.39356563700117436,0.04414804635894498,0.0025000000000000577,0.011066939354784783,0.31106001111362186,0.10692610510936605,0.11727539119996133,0.0,0.9999999987499999,0.6001887291869873,0.3029781210135683,0.2903388367785019,0.3769285453630526,sad,04,21,21,male,normal,2419
40,1.3346666666666667,True,1.0,0.4279519118377523,0.4171803102073149,0.4225661110225336,0.9877217597338257,-0.05560185185185179,-0.05138888888888887,0.3422595175722494,0.39334309970166836,0.17085521526842073,0.42781897519034917,0.010771601630437388,0.004212962962962918,0.015885524044234246,0.31247013183716166,0.11089601617707574,0.1135287757856115,0.0,0.9999999987499999,0.6001816537396208,0.29946630648050476,0.2883275493611095,0.36946709890617535,sad,04,21,21,male,normal,2419
50,1.6683333333333334,True,1.0,0.36876534993274124,0.3656957824322299,0.36723056618248556,1.2145499959611687,-0.05495370370370367,-0.05175925925925917,0.3347451516516873,0.4787371340389867,0.1729171078841008,0.3023593655293434,0.00306956750051135,0.0031944444444444997,0.013735977851719055,0.2673106844921699,0.10742669371899347,0.11533984256800318,0.0,0.9999999987499999,0.6074173928946579,0.29838727252051145,0.28527358884663656,0.38559161571011474,sad,04,21,21,male,normal,2419
60,2.0020000000000002,True,1.0,0.41905153401447853,0.36924718251063315,0.3941493582625558,0.9492561381491063,-0.05231481481481487,-0.05078703703703702,0.35421207567471846,0.3699817499768815,0.17092084426523377,0.41521918312909983,0.04980435150384538,0.00152777777777785,0.001705840205145755,0.3374769564894064,0.10433946102782503,0.11553089421722545,0.0,0.9999999987499999,0.6157247358083859,0.2942276491021293,0.2828320274785458,0.3871676949591607,sad,04,21,21,male,normal,2419
70,2.3356666666666666,True,1.0,0.29059829059829007,0.3072750337587232,0.2989366621785067,0.7421848536120933,-0.05458333333333332,-0.0524074074074074,0.35988516587011055,0.24448310192928302,0.1715282225678135,0.40277925468787246,0.01667674316043316,0.0021759259259259145,0.004005938531082316,0.3760306936525353,0.10637116973947464,0.11399777537028705,0.0,0.9999999987499999,0.6143853737041691,0.29345780941042243,0.2810790998981083,0.37332845239683154,sad,04,21,21,male,normal,2419
80,2.6693333333333333,True,1.0,0.4097501513175589,0.3986973177011592,0.404223734509359,0.692515931087186,-0.05148148148148146,-0.0474074074074074,0.37250125714642696,0.20749557176504785,0.1729171078841008,0.5837031559328391,0.011052833616399693,0.004074074074074063,0.01347364438235013,0.3927023765564229,0.1082555274312182,0.11422918494292221,0.0,0.9999999987499999,0.6120693691382804,0.29232489134338624,0.294849229403536,0.3834184950001978,sad,04,21,21,male,normal,2419
90,3.003,True,1.0,0.3524663785013718,0.34549183314527787,0.3489791058233248,0.8885208057730473,-0.052361111111111136,-0.049444444444444346,0.38223799515179097,0.30352459272862853,0.17501569405074083,0.39276413512872055,0.006974545356093931,0.0029166666666667895,0.008082744084760812,0.35039848900540377,0.10534887026262496,0.11691527464682974,0.0,0.9999999987499999,0.6098666029771284,0.29634707036396424,0.2899825355570011,0.39353635466903814,sad,04,21,21,male,normal,2419
100,3.336666666666667,True,1.0,0.4018334946452741,0.3974072660199258,0.39962038033259994,1.1130539575256415,-0.05351851851851852,-0.0500462962962962,0.30350669489293824,0.4899420027374746,0.17500392364463044,0.359030555195159,0.004426228625348305,0.003472222222222321,0.02793606604800376,0.2797603341572512,0.10927731770908472,0.11375563981234932,0.0,0.9999999987499999,0.6054068155465311,0.2941415379543805,0.2789317067220578,0.3717144465804611,sad,04,21,21,male,normal,2419
110,3.6703333333333332,True,1.0,0.40905742138143614,0.3740209126069016,0.3915391669941689,0.8930295524862251,-0.05717592592592596,-0.05009259259259252,0.35327095439174405,0.3183614713608831,0.17365505086318994,0.43843920495588345,0.035036508774534514,0.007083333333333441,0.031243590437584946,0.35235695873653283,0.10969151778346271,0.11369193716508019,0.0,0.9999999987499999,0.6091339717527637,0.2924245998754617,0.285996701654295,0.38100728333014194,sad,04,21,21,male,normal,2419
120,4.0040000000000004,True,1.0,0.4197190696111318,0.41129980136342525,0.41550943548727853,0.686291100074086,-0.054814814814814705,-0.0508333333333334,0.36288103025341,0.2102918180823957,0.18055597810614282,0.6054419698032275,0.008419268247706557,0.003981481481481308,0.012727987672687431,0.4141926205696412,0.10698177374486884,0.1157526409768984,0.0,0.9999999987499999,0.6082742635335384,0.29492351004211775,0.2811952928132075,0.37514001073576014,sad,04,21,21,male,normal,2419
130,4.337666666666666,True,1.0,0.4438694767934235,0.4259112810048722,0.43489037889914783,0.6730867974097128,-0.054675925925925906,-0.05115740740740732,0.3687060941179888,0.2291619828172766,0.17708721081845544,0.646113369884489,0.01795819578855129,0.0035185185185185874,0.014921052208392143,0.4141926205696412,0.10987528001170982,0.11317818074733706,0.0,0.9999999987499999,0.6067342446431698,0.29210989451849895,0.2868103211256935,0.37879454768443127,sad,04,21,21,male,normal,2419
0,0.0,True,1.0,0.5101743757422172,0.5172210972249821,0.5136977364835997,0.7656487533505679,-0.06629629629629635,-0.0656944444444445,0.34838418355052136,0.33395317965290744,0.17500697530741458,0.6709313301113582,0.007046721482764862,0.0006018518518518534,0.012911940399379398,0.33779736828313645,0.1096651311202056,0.11438557800767502,0.0,0.9999999987499999,0.6016862408713485,0.29774256649211506,0.28048207706194367,0.35907577931748746,sad,04,21,21,male,normal,2420
10,0.33366666666666667,True,1.0,0.510011753690647,0.4765266715611064,0.4932692126258767,0.7727762645829641,-0.067962962962963,-0.06657407407407412,0.34532916661683855,0.33703785078933934,0.17572223374872628,0.6383079233056854,0.0334850821295406,0.001388888888888884,0.009325392739306422,0.35964666227617853,0.10917460943590898,0.11551546166834728,0.0,0.9999999987499999,0.6023009923422495,0.29802765206277615,0.27689551035059634,0.35546916726920863,sad,04,21,21,male,normal,2420
20,0.6673333333333333,True,1.0,0.49355976163611004,0.510347831886667,0.5019537967613885,1.1089108910891083,-0.0668981481481482,-0.06509259259259259,0.32235110670035233,0.4928492849284928,0.17639580927478637,0.45265476315089526,0.016788070250556952,0.0018055555555556158,0.014540427024215676,0.2772404809286671,0.10808021129324497,0.11637646329514449,0.0,0.9999999987499999,0.601443136606205,0.3010297442591333,0.2815388224226468,0.36228497662386644,sad,04,21,21,male,normal,2420
30,1.0010000000000001,True,1.0,0.43651480502372036,0.4526956471873787,0.44460522610554953,1.0613740988480518,-0.0646296296296297,-0.06083333333333335,0.33705391258523126,0.35373497170732243,0.18263930661951863,0.4188958695978128,0.016180842163658338,0.003796296296296353,0.005003669266551506,0.2874267207561636,0.10550401154439704,0.11644853612126799,0.0,0.9999999987499999,0.6094726247295793,0.29682553730420597,0.27612459318634164,0.3756349348755995,sad,04,21,21,male,normal,2420
40,1.3346666666666667,True,1.0,0.4811170141494227,0.45228904036920325,0.466703027259313,0.8941781361266762,-0.06250000000000006,-0.0563425925925925,0.3563565005116633,0.2871826923353344,0.18277418365603598,0.5219351809259584,0.02882797378021945,0.006157407407407556,0.027317587460836942,0.3157038985961898,0.10573396415726972,0.1160757635892102,0.0,0.9999999987499999,0.6143392086209484,0.2948617950118045,0.27510439074524384,0.37413393081173024,sad,04,21,21,male,normal,2420
50,1.6683333333333334,True,1.0,0.5198006274357192,0.47193162731501626,0.4958661273753677,0.8789244067774398,-0.05972222222222223,-0.05611111111111111,0.3757217347496197,0.24999181754331865,0.18548619256239374,0.564173805564749,0.04786900012070294,0.0036111111111111205,0.02003649570616368,0.3494976459719672,0.10265690998974825,0.11783967589443611,0.0,0.9999999987499999,0.6082419168683098,0.3010433018223255,0.2802280495918168,0.39031616745189474,sad,04,21,21,male,normal,2420
60,2.0020000000000002,True,1.0,0.5030511794699141,0.45194696903149556,0.4774990742507048,0.9355587623904356,-0.06106481481481474,-0.058611111111111,0.3630956485977581,0.288463951737051,0.18265392658968602,0.5103891849942727,0.05110421043841851,0.0024537037037037357,0.005633598270135004,0.32812499999999983,0.1032862401188752,0.11449373728380154,0.0,0.9999999987499999,0.6209173810696154,0.2943097552893583,0.2794707195307464,0.39198088471795034,sad,04,21,21,male,normal,2420
70,2.3356666666666666,True,1.0,0.4686868686868696,0.4507759730505455,0.45973142086870755,0.7293447293447295,-0.05986111111111109,-0.05606481481481468,0.3759049692532246,0.24311490978157688,0.1792624520635458,0.6303348778317044,0.017910895636324087,0.0037962962962964086,0.005835034989315085,0.3755782578608318,0.10541419227876188,0.11504899197707887,0.0,0.9999999987499999,0.611587085138743,0.29276223079516633,0.27664659137089326,0.3733904726178396,sad,04,21,21,male,normal,2420
80,2.6693333333333333,True,1.0,0.4935014091116462,0.477107769581575,0.4853045893466106,0.8873712430252746,-0.060462962962962996,-0.05601851851851847,0.38519007640653674,0.2514108041068927,0.1812499999999999,0.5469014160207442,0.01639363953007117,0.004444444444444529,0.0042891471245514,0.33912719302904765,0.1060867533547006,0.11673679161640133,0.0,0.9871698931556685,0.6140005558004452,0.2944767138932181,0.28323731450551354,0.3914342712336158,sad,04,21,21,male,normal,2420
90,3.003,True,1.0,0.5067369434089244,0.5101852098350969,0.5084610766220106,1.02776828959184,-0.06374999999999997,-0.05740740740740746,0.3318230933951398,0.3680249604624751,0.1812567347886692,0.49472345252443706,0.003448266426172464,0.006342592592592511,0.019065915143321132,0.28884024192564123,0.10775486302619965,0.11519881617734178,0.0,0.9999999987499999,0.6113945909066751,0.29385737963367076,0.27909019134692586,0.37819188412989874,sad,04,21,21,male,normal,2420
100,3.336666666666667,True,1.0,0.4668500313094553,0.4848484848484844,0.47584925807896983,0.6792611410697229,-0.06138888888888894,-0.05685185185185182,0.3938565104446949,0.22394750782254336,0.1854232501172056,0.7005394969740013,0.017998453539029124,0.004537037037037117,0.01100031970212251,0.3881502605737923,0.10572605383248254,0.11624697655277337,0.0,0.9999999987499999,0.6102405125253227,0.2939394003178481,0.28367679997283535,0.3778986935002953,sad,04,21,21,male,normal,2420
110,3.6703333333333332,True,1.0,0.5023691100296843,0.47628523779057624,0.48932717391013025,0.6048304541494033,-0.06009259259259253,-0.058564814814814736,0.3906952253174882,0.17279320504081447,0.1847370903386176,0.8090319701217594,0.026083872239108075,0.0015277777777777946,0.006963229747427967,0.4178630163152279,0.10486382220130812,0.11455731140725349,0.0,0.9999999987499999,0.6171852544142657,0.2915670384078794,0.28532711676947875,0.3809190051002269,sad,04,21,21,male,normal,2420
120,4.0040000000000004,True,1.0,0.5001258879869429,0.46008567910421627,0.4801057835455796,0.6555569906278806,-0.061620370370370325,-0.0566666666666667,0.38124472227016204,0.18622256459571118,0.18127062450005688,0.7323631513497293,0.040040208882726636,0.004953703703703627,0.0020652427260133364,0.3988724204331175,0.10779704626386298,0.11499378515240496,0.0,0.9999999987499999,0.6120542135682397,0.2909705612127846,0.28857197855168804,0.3805829068345752,sad,04,21,21,male,normal,2420
0,0.0,True,1.0,0.5082503060950918,0.4920634920634921,0.500156899079292,0.8048946305738509,-0.064537037037037,-0.06199074074074079,0.3435940755007854,0.3449321146687721,0.17711090471635121,0.6213942547022637,0.016186814031599717,0.0025462962962962132,1.638515469711011e-05,0.3695832054333924,0.10765673529706503,0.11446128324401464,0.0,0.9999999987499999,0.6026581624681122,0.29856328582993075,0.277850981915225,0.3581348897510872,sad,04,21,21,male,normal,2421
10,0.33366666666666667,True,1.0,0.48476570611395664,0.48501887951061096,0.4848922928122838,0.8215574524742918,-0.06254629629629632,-0.06138888888888888,0.3345676573700584,0.3520032885721622,0.17296078283869326,0.5902110574883466,0.00025317339665431593,0.0011574074074074403,0.0007075587631955497,0.3563581367984919,0.1103255350187941,0.11541151259040278,0.0,0.9999999987499999,0.602126775335134,0.2951595876793161,0.2791948109842199,0.3519938339435178,sad,04,21,21,male,normal,2421
20,0.6673333333333333,True,1.0,0.31124285919586925,0.30036982334926743,0.30580634127256834,0.8040695957291821,-0.05083333333333345,-0.04874999999999996,0.33908654025399637,0.34338114587331153,0.16391169789821344,0.38032322437866023,0.01087303584660182,0.0020833333333334925,0.0003600829488419004,0.36385314826359,0.11201091777386461,0.11394384214397295,0.0,0.9999999987499999,0.598606159807673,0.2971305399375118,0.28391140123856673,0.3581096690489654,sad,04,21,21,male,normal,2421
30,1.0010000000000001,True,1.0,0.3306581618676677,0.29468932177911844,0.3126737418233931,1.3535943172703588,-0.04958333333333337,-0.046018518518518514,0.3229458035587474,0.5361067662589185,0.16877215204719245,0.2309951643812505,0.03596884008854928,0.003564814814814854,0.011618851993512605,0.2559841144451963,0.10586176215342291,0.11710366781579688,0.0,0.9999999987499999,0.6052406707839386,0.29670699455889527,0.28857122237340904,0.39452596446172267,sad,04,21,21,male,normal,2421
40,1.3346666666666667,True,1.0,0.2685240493978658,0.2765361185004361,0.2725300839491509,0.9250966386587437,-0.057453703703703785,-0.052592592592592524,0.35943487290721043,0.3448885972415587,0.16805964133039802,0.2945963400583534,0.008012069102570296,0.00486111111111126,0.013114218832318189,0.32805671104646034,0.10952409958673844,0.11534943774304575,0.0,0.9999999987499999,0.5987551289422018,0.29857223420322215,0.2906614885648905,0.3621650324050605,sad,04,21,21,male,normal,2421
50,1.6683333333333334,True,1.0,0.3621802849517677,0.3182081534986671,0.3401942192252174,0.925308319023797,-0.04939814814814808,-0.04726851851851849,0.3781509761221741,0.32087304611309087,0.1757157210248491,0.367654988322296,0.04397213145310058,0.0021296296296295925,0.0007330472330361481,0.35419806766389467,0.10811201570799267,0.11552525959362038,0.0,0.9999999987499999,0.6085661488345339,0.2963150337923714,0.2965783513065296,0.3939720306545496,sad,04,21,21,male,normal,2421
60,2.0020000000000002,True,1.0,0.44458974010540037,0.43238811756624723,0.4384889288358238,0.9472212511111106,-0.05388888888888882,-0.0495370370370371,0.35737953415695567,0.30763067977992997,0.1701608601264882,0.46292133788327383,0.012201622539153134,0.004351851851851718,0.01592924925102049,0.31094699578551005,0.10985365270835441,0.11536639051123067,0.0,0.9999999987499999,0.5979257522618422,0.297261516751026,0.29657898776631114,0.37699933372550765,sad,04,21,21,male,normal,2421
70,2.3356666666666666,True,1.0,0.3935805640238843,0.36507723459409086,0.3793288993089876,0.6601855038157651,-0.05189814814814825,-0.04662037037037031,0.3784978951524016,0.16483100607553863,0.17715612972166692,0.5745792616113624,0.028503329429793445,0.005277777777777937,0.026615718207407536,0.41419262056964035,0.10717957185135572,0.1154045459991753,0.0,0.9999999987499999,0.6125488058035714,0.2926150735454527,0.2891369108401569,0.37807653986886053,sad,04,21,21,male,normal,2421
80,2.6693333333333333,True,1.0,0.41024196733711327,0.36711867298243767,0.3886803201597755,0.8823059772055246,-0.05245370370370356,-0.048657407407407316,0.38029479021293333,0.3139127375308858,0.17504359111107873,0.4405278103077343,0.0431232943546756,0.003796296296296242,0.012873356045054232,0.3374003228691571,0.10676255679649788,0.1157904414262577,0.0,0.9999999987499999,0.613136956094938,0.2952497856005092,0.2914743073918165,0.38764986722745925,sad,04,21,21,male,normal,2421
90,3.003,True,1.0,0.44323099501633517,0.4505547350239005,0.4468928650201178,1.0302208872399792,-0.05268518518518511,-0.04768518518518511,0.3296652855206912,0.3002700389128733,0.18055597810614277,0.4337835415251281,0.007323740007565305,0.0050000000000000044,0.022363622755366394,0.28884024192564123,0.10610222371598568,0.11655939228338075,0.0,0.9999999987499999,0.6037228821606768,0.2966573012251618,0.28028155442997965,0.37364808677545785,sad,04,21,21,male,normal,2421
100,3.336666666666667,True,1.0,0.4610274499532608,0.42017916407854394,0.44060330701590233,0.6213145133560157,-0.053657407407407376,-0.050787037037037075,0.36343342877524776,0.18632067729028412,0.1757053001645301,0.7091469739472106,0.04084828587471684,0.002870370370370301,0.004218457602738459,0.43862207074804066,0.10675053291046492,0.11431123328393082,0.0,0.9999999987499999,0.611197782222264,0.2907381763192393,0.28904136393993735,0.3816469062398206,sad,04,21,21,male,normal,2421
110,3.6703333333333332,True,1.0,0.45158261713331294,0.41971906961113176,0.4356508433722224,0.6547111375456118,-0.05407407407407405,-0.051574074074074105,0.36138501093002545,0.21821747604201347,0.17785028992138466,0.665409244457632,0.03186354752218118,0.0024999999999999467,0.01618323080253675,0.40245447116890354,0.10853467354806981,0.11429784969541851,0.0,0.9999999987499999,0.6093254528373849,0.29150946309342474,0.28848139786662236,0.3825367888226653,sad,04,21,21,male,normal,2421
120,4.0040000000000004,True,1.0,0.45158261713331355,0.43670685387986036,0.44414473550658695,0.6702393907004727,-0.05324074074074081,-0.05185185185185187,0.3636852299810736,0.23380443861644434,0.17369722256788406,0.662665820107063,0.01487576325345319,0.0013888888888889395,0.014914499953422726,0.39313031774204465,0.10812922535538659,0.11534409486987675,0.0,0.9999999987499999,0.6146778129454907,0.2894602953804148,0.28322438131875416,0.37623247316101427,sad,04,21,21,male,normal,2421
0,0.0,True,1.0,0.5238501934199257,0.5079943895098353,0.5159222914648804,1.0080331907284952,-0.06231481481481477,-0.0589351851851852,0.3459941803925495,0.34950236523866385,0.18618037767855122,0.5118108175505895,0.015855803910090338,0.003379629629629566,0.010025414974949805,0.3100988064201982,0.10962476841415073,0.11425763713142635,0.0,0.999299909207182,0.6079120657481742,0.29725409488625365,0.29367480026427073,0.3828617816966979,sad,04,21,21,male,strong,2422
10,0.33366666666666667,True,1.0,0.4755675800683276,0.4851892741727374,0.48037842712053247,0.9620724250607832,-0.06231481481481482,-0.05972222222222218,0.3497540258478034,0.3365922502222392,0.18479200939497264,0.49931628285696106,0.009621694104409773,0.0025925925925926463,0.010947991779591099,0.32252020343373095,0.10992359175101614,0.1146368930997837,0.0,0.9999999987499999,0.6060002376731943,0.2946558323333268,0.2873050236819525,0.3713720018197191,sad,04,21,21,male,strong,2422
20,0.6673333333333333,True,1.0,0.46048481221776316,0.4285714285714282,0.44452812039459566,1.0932020436914371,-0.06125000000000003,-0.05856481481481485,0.3608953062238077,0.36942875494196076,0.18683169220295504,0.4066294267924607,0.03191338364633495,0.0026851851851851793,0.0033833341858617513,0.28824276782287495,0.10873189694569141,0.11377583442339127,0.0,0.9999999987499999,0.6029350403286315,0.2984816134702827,0.2907342726433762,0.3785722213432937,sad,04,21,21,male,strong,2422
30,1.0010000000000001,True,1.0,0.41149991978321293,0.3931623931623921,0.4023311564728025,0.9721598503282082,-0.055185185185185226,-0.05273148148148149,0.4024539316390328,0.2708072150697757,0.1902781787382358,0.41385288266839304,0.018337526620820832,0.0024537037037037357,0.004210859537393549,0.3377913019835527,0.10718871211467057,0.11489968673642402,0.0,0.9999999987499999,0.6072543438156514,0.29777714856001314,0.3177479344657047,0.40693888883066387,sad,04,21,21,male,strong,2422
40,1.3346666666666667,True,1.0,0.41104969023180044,0.3779992184289233,0.3945244543303619,0.8820303599962487,-0.05578703703703708,-0.0500462962962962,0.3979646523749192,0.20997375328084023,0.1882272789446145,0.44729124100902806,0.033050471802877124,0.0057407407407408795,0.008911650075978043,0.3570859283376581,0.10891869251128258,0.11526197902794749,0.0,0.9999999987499999,0.6041951787433724,0.29606291709091714,0.3071759194865311,0.39358087839757655,sad,04,21,21,male,strong,2422
50,1.6683333333333334,True,1.0,0.4529688854229358,0.4093007268496309,0.43113480613628336,1.282022924050373,-0.05638888888888893,-0.05009259259259269,0.3856300871890584,0.39327564076619964,0.18611152104827625,0.33629258732298867,0.04366815857330486,0.006296296296296244,0.012142773063589738,0.2620256914698223,0.1085453103741797,0.11643470582594272,0.0,0.9999999987499999,0.5994059485903737,0.29625602829935616,0.30907580013724056,0.3989582012602188,sad,04,21,21,male,strong,2422
60,2.0020000000000002,True,1.0,0.4197122036093861,0.36876534993274124,0.39423877677106367,0.9868981648724161,-0.059675925925925966,-0.052916666666666556,0.3990912160328685,0.26078940885042873,0.18702148160187476,0.3994726009263883,0.050946853676644865,0.006759259259259409,0.010657576515384149,0.32973127712583983,0.10850437179513946,0.11432661592430435,0.0,0.9999999987499999,0.6054776934054872,0.29716560725826374,0.3090566524734345,0.3990891709980343,sad,04,21,21,male,strong,2422
70,2.3356666666666666,True,1.0,0.39506172839506226,0.38767632031646015,0.3913690243557612,0.8527048873590812,-0.058333333333333404,-0.056342592592592666,0.39427194508006613,0.22400551046347775,0.19241821567656023,0.45897359116572345,0.007385408078602107,0.0019907407407407374,0.0025163894886404913,0.33410143429443023,0.10613567213819425,0.11636532541526692,0.0,0.9999999987499999,0.604062781573567,0.2947822717444389,0.2898153130135721,0.36984648604550685,sad,04,21,21,male,strong,2422
80,2.6693333333333333,True,1.0,0.41229581429560574,0.40183349464527524,0.4070646544704405,0.8906502331720647,-0.06217592592592591,-0.05972222222222229,0.38106765404478266,0.25217365209124004,0.19726090268305613,0.45704210172457194,0.01046231965033051,0.0024537037037036247,0.0192845279818138,0.32958211982839813,0.10471248539501826,0.11386208529778123,0.0,0.9999999987499999,0.6121644211356417,0.301848709832775,0.29013862788732425,0.38155400717879107,sad,04,21,21,male,strong,2422
90,3.003,True,1.0,0.4365148050237203,0.46862468131437834,0.4525697431690493,1.4273923109715128,-0.0658333333333333,-0.06546296296296283,0.3073364876515684,0.5510259725747467,0.2014131331192215,0.31706051636289184,0.032109876290658035,0.0003703703703704653,0.010953454576076185,0.22106809582106177,0.11171023326485828,0.11340171475678557,0.0,0.9999999987499999,0.5976520625046894,0.29516117906554673,0.3030604130039648,0.3791467589386404,sad,04,21,21,male,strong,2422
100,3.336666666666667,True,1.0,0.4350807533441271,0.41024196733711144,0.4226613603406193,0.6927694071265554,-0.058611111111111114,-0.05976851851851839,0.37310923868033513,0.15059078650081642,0.20155588760357968,0.6101039624335018,0.024838786007015667,0.0011574074074072738,0.008211709395625858,0.40408753970787703,0.10982201088115594,0.11523129371551756,0.0,0.9999999987499999,0.5978530198251175,0.2944592661058099,0.3051887660354427,0.3717768538012789,sad,04,21,21,male,strong,2422
110,3.6703333333333332,True,1.0,0.3790543057158386,0.4104670727399714,0.39476068922790497,0.6708724428095312,-0.05884259259259256,-0.059490740740740844,0.37993927786467324,0.23091598009868153,0.19447622372529053,0.5884288339146796,0.031412767024132815,0.0006481481481482865,0.006960193639460997,0.4394428264378642,0.11034216788666165,0.11423405476832657,0.0,0.9999999987499999,0.6073248118075356,0.2927042926963977,0.3014236571015521,0.3766575317091154,sad,04,21,21,male,strong,2422
120,4.0040000000000004,True,1.0,0.4283839927729609,0.3954955180158357,0.4119397553943983,0.695276019261595,-0.05870370370370376,-0.05990740740740741,0.3780145800998404,0.19225532078762422,0.19239323451473508,0.5924837675717498,0.0328884747571252,0.0012037037037036513,0.00030728319587859735,0.3971188751917116,0.10796868086963132,0.11265516606257163,0.0,0.9999999987499999,0.6092621048497524,0.2962521418705352,0.28842769845455046,0.3706159973701442,sad,04,21,21,male,strong,2422
0,0.0,True,1.0,0.5146198830409349,0.49213981365020576,0.5033798483455703,0.7992130873245749,-0.06374999999999992,-0.06222222222222229,0.34637049748674037,0.3036817564302005,0.18339324896887862,0.6298443510612065,0.022480069390729107,0.001527777777777628,0.0035385321076775718,0.3605323133327794,0.10898897364637296,0.11403193139807806,0.0,0.9927337053009246,0.6075243927727342,0.2942877267406044,0.2787849059046987,0.36006357695711727,sad,04,21,21,male,strong,2423
10,0.33366666666666667,True,1.0,0.4763578280907778,0.4839758922824063,0.48016686018659205,0.7782145351372338,-0.06212962962962959,-0.06166666666666665,0.3568543165482813,0.2801572326494045,0.18822727894461455,0.6170109121669352,0.007618064191628471,0.0004629629629629428,0.0035202551538852924,0.37339866429862845,0.11101234748913807,0.11290994729316271,0.0,0.9999999987499999,0.6068214149331608,0.29621688925859285,0.2866504462411959,0.360908342751284,sad,04,21,21,male,strong,2423
20,0.6673333333333333,True,1.0,0.4270588086375268,0.3952813640400934,0.41117008633881014,1.0483120391367118,-0.06185185185185177,-0.0643055555555555,0.368982744825666,0.3266479542237581,0.19589916232072066,0.39222108588718485,0.031777444597433424,0.0024537037037037357,0.003619895035605698,0.2934782608695648,0.10717945008670468,0.11474240518872036,0.0,0.9999999987499999,0.6076961312806373,0.29868143618914256,0.3027757362794511,0.39217200765551996,sad,04,21,21,male,strong,2423
30,1.0010000000000001,True,1.0,0.35897435897436025,0.33815731976288316,0.34856583936862173,0.9540981451339992,-0.056157407407407434,-0.05999999999999994,0.4237875045837323,0.1545321738569132,0.2062947542589623,0.365335412448231,0.020817039211477095,0.0038425925925925086,0.008301156057721101,0.34182091330108416,0.10258052966004827,0.11903189888023905,0.0,0.9999999987499999,0.6171743418382978,0.29620317294423687,0.33179721650289773,0.4296798735476998,sad,04,21,21,male,strong,2423
40,1.3346666666666667,True,1.0,0.3788177178556538,0.4185303069234147,0.39867401238953426,0.8887945298280697,-0.05763888888888885,-0.06064814814814806,0.39353193219424876,0.21127083086077011,0.20422047016405517,0.4485558799137238,0.03971258906776087,0.0030092592592592116,0.0012559834922317992,0.3600045933633026,0.10472079739080738,0.11699063493621797,0.0,0.9999999987499999,0.613134353647709,0.29316470173638237,0.31755118363534923,0.41750988561773655,sad,04,21,21,male,strong,2423
50,1.6683333333333334,True,1.0,0.43605870020964244,0.41853030692341675,0.4272945035665296,1.2937978282417306,-0.06157407407407406,-0.060092592592592586,0.39824380088501343,0.36962827740154425,0.20072523421335153,0.33026373536831655,0.017528393286225685,0.0014814814814814725,0.002807596344756655,0.25959554775615307,0.10564426376679126,0.11566430633507875,0.0,0.9999999987499999,0.6054919833323954,0.30128874483052365,0.3199359766447595,0.41422329683649706,sad,04,21,21,male,strong,2423
60,2.0020000000000002,True,1.0,0.41718031020731666,0.383439030085556,0.40030967014643637,0.965898191131139,-0.055185185185185226,-0.05513888888888885,0.38741389837773843,0.2090303016305781,0.20025770750226451,0.4144429235110626,0.03374128012176064,4.629629629637755e-05,0.0032273871446330273,0.3277538254199289,0.10290758134535843,0.11648146828008914,0.0,0.9999999987499999,0.6144510112326181,0.2930680528738677,0.297403426720609,0.3994945147153693,sad,04,21,21,male,strong,2423
70,2.3356666666666666,True,1.0,0.3187735242816294,0.2894883128675035,0.3041309185745664,0.6204585987340975,-0.04972222222222222,-0.04481481481481486,0.4106188762525656,0.13391888562589643,0.18891473730410502,0.4901711720896049,0.029285211414125933,0.00490740740740736,0.009515234582072131,0.44787363985153633,0.10757725145621086,0.11536469444183209,0.0,0.9999999987499999,0.6150215701514982,0.2891194995225325,0.31336286858179385,0.4063442575073343,sad,04,21,21,male,strong,2423
80,2.6693333333333333,True,1.0,0.36218028495176857,0.3457519032437871,0.3539660940977778,0.9515864799203291,-0.05217592592592596,-0.04879629629629634,0.3927350116413132,0.2522779502438009,0.18135772660683633,0.3719746986394903,0.0164283817079815,0.0033796296296296213,0.007056128541823392,0.3326831914803226,0.10677953557772386,0.11361535689996352,0.0,0.982015127713532,0.6111650175070027,0.2986043478691998,0.3069643537374421,0.40223140387289397,sad,04,21,21,male,strong,2423
90,3.003,True,1.0,0.3950617283950612,0.3862798700902933,0.3906707992426772,1.2364377515957297,-0.053611111111111165,-0.05180555555555555,0.2829339033296629,0.5483297099721017,0.1881960660357054,0.31596479381067333,0.008781858304767909,0.0018055555555556158,0.004962958840481744,0.2560300534580448,0.10820911929684131,0.11360429843568544,0.0,0.9999999987499999,0.59822299208746,0.29405030609041116,0.28621219441148255,0.36310854169578144,sad,04,21,21,male,strong,2423
100,3.336666666666667,True,1.0,0.3786008230452694,0.3692137981133117,0.3739073105792905,0.656212711143325,-0.05328703703703702,-0.051296296296296284,0.3760639773888982,0.13421436020094626,0.19381653658425443,0.5697958973208985,0.0093870249319577,0.0019907407407407374,0.0035041937266469514,0.4346235764468698,0.10896006441259895,0.11405955513683584,0.0,0.9999999987499999,0.6084405797240771,0.2905393976195332,0.3088789263353191,0.39698637496190475,sad,04,21,21,male,strong,2423
110,3.6703333333333332,True,1.0,0.4119397553943979,0.39317836995696287,0.4025590626756804,0.6041794093368693,-0.051712962962963016,-0.050185185185185166,0.38874276579888184,0.13661062976866323,0.19444444444444442,0.6662906025174181,0.018761385437435052,0.00152777777777785,0.0004871034637744749,0.45767610132207853,0.1093551234338254,0.1138483143523389,0.0,0.9999999987499999,0.613870636231055,0.28466311804536965,0.3084479075056441,0.39545782839511906,sad,04,21,21,male,strong,2423
120,4.0040000000000004,True,1.0,0.44444444444444503,0.42818376593380403,0.4363141051891245,0.6447799863202693,-0.05282407407407408,-0.05129629629629617,0.38628967229540917,0.16850827253712983,0.18895713720099233,0.6766867992897075,0.016260678510641002,0.0015277777777779056,0.0035942093230442135,0.4242819945567434,0.10650647212883729,0.11387137452587756,0.0,0.9264742726693507,0.6017780510329133,0.29860555765441354,0.29326508478111063,0.3727217400477857,sad,04,21,21,male,strong,2423
0,0.0,True,1.0,0.5174912207513657,0.5079943895098353,0.5127428051306004,0.8635406883156153,-0.06231481481481477,-0.06152777777777785,0.33556143825762064,0.34871718384104905,0.17994423168494716,0.5937679741886096,0.009496831241530335,0.0007870370370369195,0.00148117510391389,0.3466673407427065,0.10917364692008343,0.1138551385453571,0.0,0.9999999987499999,0.6069397640384278,0.29634868463175723,0.2794328542265947,0.36247811314056705,sad,04,21,21,male,strong,2424
10,0.33366666666666667,True,1.0,0.4677732132247144,0.4842419178494203,0.47600756553706736,0.7988574790348475,-0.061064814814814794,-0.06060185185185185,0.35469476558882435,0.29759547023572275,0.1819863721635772,0.5958604357214801,0.0164687046247059,0.0004629629629629428,0.0013467296149359232,0.3660548576317509,0.10993490626775612,0.11479213219690651,0.0,0.9999999987499999,0.6050192441820478,0.2953610986330768,0.28379097404445525,0.35789705519980364,sad,04,21,21,male,strong,2424
20,0.6673333333333333,True,1.0,0.43601748540981716,0.44444517803430683,0.44023133172206197,1.109244704789034,-0.058657407407407436,-0.055462962962962936,0.36790153249110946,0.3190883190883193,0.18195953953629368,0.3968748553149858,0.008427692624489669,0.0031944444444444997,0.0033674633821659384,0.2696837747827639,0.10872709781362475,0.11494656039298079,0.0,0.9999999987499999,0.6066993088641707,0.29762980517750637,0.30739389655094346,0.39456112770753,sad,04,21,21,male,strong,2424
30,1.0010000000000001,True,1.0,0.31903849589934075,0.30769230769230915,0.31336540179582495,0.8119366939765678,-0.0528703703703704,-0.046574074074074046,0.4044002692225046,0.11198600174978085,0.18964127434192113,0.38594807220877814,0.011346188207031593,0.006296296296296355,0.008149685410806563,0.37860771575622565,0.10313058148517869,0.1187162378375978,0.0,0.9999999987499999,0.6121162584096138,0.29503211116063,0.2998396567604352,0.4114381278475207,sad,04,21,21,male,strong,2424
40,1.3346666666666667,True,1.0,0.3692471825106335,0.3356948900317715,0.35247103627120246,0.7735033367823327,-0.05365740740740749,-0.048055555555555574,0.4119296873046103,0.11534137265302562,0.18966219313384589,0.45568133905851443,0.03355229247886199,0.005601851851851913,0.01045448677219726,0.39510727488010206,0.10374349693540175,0.1154078927086889,0.0,0.9999999987499999,0.6131223077903036,0.294048109432152,0.29405539258605434,0.40362516929111564,sad,04,21,21,male,strong,2424
50,1.6683333333333334,True,1.0,0.3624167447037231,0.318952804902445,0.340684774803084,1.0190503909974649,-0.05199074074074067,-0.04800925925925936,0.4167005788454621,0.19442408775609465,0.19040764478510797,0.3343159257017856,0.043463939801278106,0.003981481481481308,0.002020615103853449,0.31934271687155447,0.10322851371154826,0.11636099284216446,0.0,0.9999999987499999,0.6182082751772585,0.29547355890719046,0.30810390905017154,0.41161101142650697,sad,04,21,21,male,strong,2424
60,2.0020000000000002,True,1.0,0.35527851825680673,0.3292999111892514,0.3422892147230291,0.9027477516863861,-0.053611111111111165,-0.0472685185185186,0.3937139144205209,0.19030578483679858,0.18764683378228264,0.37916374101581823,0.025978607067555337,0.006342592592592566,0.019110496928465642,0.3341432419079359,0.10415467712401924,0.11586206379564204,0.0,0.9999999987499999,0.6152838768476141,0.2924902535232688,0.29765112874921773,0.40353200502437114,sad,04,21,21,male,strong,2424
70,2.3356666666666666,True,1.0,0.30668383920312436,0.2724128368401676,0.289548338021646,0.5976422573262837,-0.050879629629629664,-0.04569444444444454,0.41564048666589537,0.12894160141783984,0.1916989064398953,0.48448437919537307,0.03427100236295677,0.005185185185185126,0.01525905895360882,0.4748412540236809,0.10283818309710764,0.11944907661305015,0.0,0.9999999987499999,0.6093040869941726,0.28878094556883027,0.29232235987500055,0.3828614924834114,sad,04,21,21,male,strong,2424
80,2.6693333333333333,True,1.0,0.33520655468217153,0.30150361576758816,0.3183550852248799,0.9243352638971177,-0.05129629629629623,-0.047685185185185164,0.4002655324957474,0.23094965124705336,0.18821430797469604,0.34441516802318395,0.03370293891458337,0.003611111111111065,0.012562385658921916,0.34372636464128886,0.10664212777191603,0.1159013651502116,0.0,0.9999999987499999,0.6105388785748674,0.2944489224958608,0.30897326385916407,0.4043570510947601,sad,04,21,21,male,strong,2424
90,3.003,True,1.0,0.4427994095565402,0.47635782809077976,0.45957861882365997,1.1339717028019116,-0.05458333333333337,-0.052870370370370456,0.2962229938800572,0.5101975909714963,0.18402819235573065,0.4052822638237752,0.033558418534239576,0.0017129629629629162,0.01555501246145231,0.2763858897645035,0.11094442032120651,0.11331346339886986,0.0,0.9999999987499999,0.5986725133959834,0.29096490428564414,0.291711664050685,0.36294939642153234,sad,04,21,21,male,strong,2424
100,3.336666666666667,True,1.0,0.239316239316239,0.18290209273340796,0.2111091660248235,0.6847145394553604,-0.051018518518518574,-0.0444444444444444,0.35750255630100686,0.18649665051135714,0.177090226581521,0.3083170487262402,0.05641414658283103,0.0065740740740741765,0.024821102253446862,0.43940006285445776,0.11120691262694768,0.11356029154048732,0.0,0.9999999987499999,0.5960981747308298,0.2935668781143838,0.29486444476741563,0.36224947786483724,sad,04,21,21,male,strong,2424
110,3.6703333333333332,True,1.0,0.37152314030327566,0.3392167802769028,0.3553699602900892,0.6453511322733785,-0.050555555555555576,-0.04870370370370364,0.37872483470755525,0.1613377830683452,0.18194612173871696,0.5506614035652614,0.03230636002637288,0.0018518518518519378,0.002483344143940767,0.4097217358481801,0.11029131734210457,0.11444973809181472,0.0,0.9999999987499999,0.5975137770889606,0.2940732351686569,0.3099092288523726,0.37264155666797943,sad,04,21,21,male,strong,2424
120,4.0040000000000004,True,1.0,0.35578784181828244,0.3292181069958859,0.34250297440708416,0.6329296986179335,-0.05055555555555552,-0.04750000000000004,0.38752428805098055,0.15099069606010154,0.1882981981319871,0.541139047756764,0.02656973482239655,0.003055555555555478,0.008959121949279565,0.4623154037279061,0.10622465559876948,0.11413431159965796,0.0,0.9999999987499999,0.612601395190889,0.2882497500104044,0.2863903921656111,0.3854727314522208,sad,04,21,21,male,strong,2424
0,0.0,True,1.0,0.4678362573099409,0.46084497287321197,0.4643406150915764,0.815620723739642,-0.06111111111111117,-0.05967592592592591,0.35310696164664107,0.25878758918672023,0.18614431309646004,0.5693094861083995,0.006991284436728917,0.0014351851851852615,0.0007096815807992948,0.35901617283927284,0.1113094292782649,0.11210841451075446,0.0,0.9999999987499999,0.605088848703544,0.29514944907465307,0.2909198081372883,0.36709019153770056,sad,04,21,21,male,strong,2425
10,0.33366666666666667,True,1.0,0.4283556322694423,0.4130845644596388,0.42072009836454055,0.7265319412817,-0.060555555555555585,-0.05694444444444441,0.37061584749899285,0.18158311887445175,0.18544999298171566,0.579079974959303,0.015271067809803474,0.003611111111111176,0.001694279065306173,0.41057225814272247,0.10846000658972904,0.11470138914969916,0.0,0.9999999987499999,0.6064382496670544,0.2960405493524391,0.29023009243652065,0.36895438537112546,sad,04,21,21,male,strong,2425
20,0.6673333333333333,True,1.0,0.3948478093088883,0.3600879980881868,0.37746790369853755,1.0158029126010266,-0.053472222222222254,-0.051296296296296284,0.3987170798205647,0.19045723390786337,0.18680923124255766,0.3715956107391024,0.034759811220701486,0.00217592592592597,0.005111129372018899,0.3046782021010365,0.10692848046692721,0.11514190410906898,0.0,0.9999999987499999,0.6097949514805923,0.30120183753713264,0.315931328976336,0.41314260865629526,sad,04,21,21,male,strong,2425
30,1.0010000000000001,True,1.0,0.32429933173330505,0.3021813164328421,0.31324032408307356,0.9313525714579587,-0.05032407407407402,-0.04648148148148151,0.3963725979204107,0.19336961011638068,0.18681209006022537,0.3363284041753604,0.02211801530046298,0.0038425925925925086,0.006975612554263246,0.36366445852824686,0.10549417579482173,0.1166209279567914,0.0,0.9999999987499999,0.6045911486469588,0.3018230491387338,0.31537898808908665,0.40376028585391266,sad,04,21,21,male,strong,2425
40,1.3346666666666667,True,1.0,0.3683160050129886,0.31794362744378485,0.34312981622838673,0.8818605385275214,-0.0534722222222222,-0.04745370370370361,0.4042026734400646,0.18190597748740614,0.18750651030364252,0.3890975967711681,0.05037237756920376,0.00601851851851859,0.012607574860212812,0.3573672388595719,0.1057054748089269,0.11740714733116567,0.0,0.9999999987499999,0.6039136090295494,0.2971781189500489,0.3107473878937864,0.39476361208156785,sad,04,21,21,male,strong,2425
50,1.6683333333333334,True,1.0,0.37543744801531287,0.33125956119731503,0.35334850460631395,1.0445965422795789,-0.05361111111111111,-0.05018518518518511,0.4134013972587501,0.18992157645325328,0.1951580456026109,0.3382631382593096,0.044177886817997836,0.003425925925925999,0.0009304399610392968,0.3141149952250163,0.10657197987831397,0.11514149220387832,0.0,0.9999999987499999,0.6131594456063675,0.2948533695395154,0.3259009582001155,0.4300227795561478,sad,04,21,21,male,strong,2425
60,2.0020000000000002,True,1.0,0.39444420772232447,0.352003288572161,0.37322374814724274,0.9345138299984244,-0.05666666666666664,-0.05037037037037029,0.3566728134509747,0.24902865124391402,0.19047174398086422,0.3993774475738599,0.04244091915016346,0.006296296296296355,0.01954704443118698,0.3185261150073015,0.10996557315965359,0.11426363422914239,0.0,0.9999999987499999,0.5976999257281038,0.29452091659809154,0.31354090992566586,0.39464848431576177,sad,04,21,21,male,strong,2425
70,2.3356666666666666,True,1.0,0.3692137981133122,0.36876534993274207,0.3689895740230271,0.6399352829040774,-0.05277777777777776,-0.04791666666666661,0.39186481746903057,0.16353901674215365,0.19446366956824931,0.5766045159262402,0.0004484481805701046,0.004861111111111149,0.0017728131371232544,0.4380640103460829,0.10598697707596158,0.115680209249833,0.0,0.9999999987499999,0.6109936441529737,0.2896956396594965,0.30289651250768523,0.39559351003649323,sad,04,21,21,male,strong,2425
80,2.6693333333333333,True,1.0,0.2905982905982894,0.25679596717010705,0.2736971288841982,0.9263896293294028,-0.0501388888888889,-0.045787037037037126,0.377753714280532,0.23902894491129809,0.18620332423026978,0.29544494046454595,0.033802323428182346,0.0043518518518517735,0.0007545431494368144,0.3447013232689061,0.10846410580235738,0.11502924562753529,0.0,0.9999999987499999,0.6025275037358694,0.29784759509134046,0.3119967887825589,0.40297342181141427,sad,04,21,21,male,strong,2425
90,3.003,True,1.0,0.27984362176006133,0.26774200205792353,0.2737928119089924,1.2367604320980023,-0.048101851851851896,-0.041759259259259385,0.32703670703383725,0.4180467448980979,0.17851496546228487,0.2213790195766036,0.0121016197021378,0.006342592592592511,0.009005216220285597,0.27763749070150684,0.1063272057127828,0.11437242570488215,0.0,0.9999999987499999,0.6072996065379277,0.2943756814168857,0.29458734369381046,0.401800970088752,sad,04,21,21,male,strong,2425
100,3.336666666666667,True,1.0,0.3459156002058632,0.30757452238022204,0.3267450612930426,0.6340244765705503,-0.050416666666666665,-0.04509259259259263,0.3740137797989878,0.19608746142370562,0.17572961454399932,0.5153508632039137,0.03834107782564117,0.005324074074074037,0.009689164327678199,0.44733815762112683,0.11020603520458234,0.11352939421004708,0.0,0.9999999987499999,0.5972332743409864,0.28964972474078443,0.30022404455625396,0.3750804608829505,sad,04,21,21,male,strong,2425
110,3.6703333333333332,True,1.0,0.4203986065531899,0.42017916407854394,0.42028888531586694,0.655163198143206,-0.053518518518518465,-0.051805555555555494,0.38159057059396323,0.1819755609766028,0.18403814194642587,0.6415025851681002,0.0002194424746459478,0.0017129629629629717,0.0020958259973493033,0.41306587519613464,0.11201033326851798,0.11259883891155607,0.0,0.9999999987499999,0.6003897899394133,0.2917727022022384,0.30819890523633453,0.38159913340074886,sad,04,21,21,male,strong,2425
120,4.0040000000000004,True,1.0,0.3948478093088883,0.379054305715838,0.38695105751236314,0.7081931110297993,-0.05134259259259255,-0.04828703703703707,0.38523752896537883,0.16619763679548386,0.18069241024054608,0.5463920101534016,0.015793503593050318,0.003055555555555478,0.006717809297520848,0.41374164379816225,0.11002578807865884,0.11201598112496967,0.0,0.9999999987499999,0.6052662149859944,0.29210369201481423,0.29630040767054333,0.3746158564161836,sad,04,21,21,male,strong,2425
0,0.0,True,1.0,0.5145238365010208,0.5294754892862799,0.5219996628936503,0.8624327634715252,-0.062129629629629646,-0.05972222222222223,0.32638300057743874,0.329733648583295,0.185457809398365,0.6052641840651559,0.014951652785259006,0.0024074074074074137,0.006528363370600123,0.34245270656785676,0.10981582543388105,0.11357187210994404,0.0,0.9999999987499999,0.6075930201533739,0.2908888855858069,0.2811178965016967,0.36471474014336974,angry,05,21,21,male,normal,2426
10,0.33366666666666667,True,1.0,0.5456887037297374,0.5084642698809183,0.5270764868053279,0.8793411727188692,-0.06361111111111112,-0.06097222222222215,0.32549154816886405,0.3466430664593611,0.18820457916060043,0.5993993038852481,0.03722443384881913,0.0026388888888889683,0.003324192063387972,0.34826366848272367,0.11278298436950245,0.11199515912459956,0.0,0.9999999987499999,0.6036346880314626,0.290917830470015,0.28810288625122416,0.36741132232515145,angry,05,21,21,male,normal,2426
20,0.6673333333333333,True,1.0,0.517221097224982,0.5001365086895471,0.5086788029572645,1.2911736231490276,-0.05810185185185174,-0.054861111111111194,0.29599743168564324,0.5706603219761169,0.17778164011680334,0.3939662287374288,0.01708458853543493,0.003240740740740544,0.0019894778360871426,0.2449616988481813,0.11096081521387742,0.11296059038499882,0.0,0.9999999987499999,0.6057438552061449,0.2925991555223682,0.28683684625821676,0.3724483245426328,angry,05,21,21,male,normal,2426
30,1.0010000000000001,True,1.0,0.3950645866744919,0.33577117044700416,0.36541787856074803,1.0754734061717568,-0.049675925925925846,-0.04662037037037048,0.3880255450775155,0.2688683515429383,0.18266562172332232,0.3397739790344844,0.05929341622748774,0.003055555555555367,0.006450655312934143,0.31954262905334413,0.09190753772362639,0.11782155056290107,0.0,0.9999999987499999,0.656781955321191,0.31545775629072664,0.29123002559283206,0.44602905446124474,angry,05,21,21,male,normal,2426
40,1.3346666666666667,True,1.0,0.3786322770063047,0.36921379811331034,0.3739230375598075,1.3974414260372543,-0.04870370370370364,-0.044722222222222274,0.29607288889092387,0.5947880928594398,0.17436857329742897,0.26757689488291947,0.009418478892994353,0.003981481481481364,0.007508642987132002,0.23600178704105398,0.10915407545448734,0.11454117755999761,0.0,0.9999999987499999,0.6069015135663641,0.29386275139593176,0.29594462364200785,0.38640261735895004,angry,05,21,21,male,normal,2426
50,1.6683333333333334,True,1.0,0.4443896216856115,0.3961447797485129,0.42026720071706225,1.0607242304846303,-0.0490740740740741,-0.04537037037037034,0.37187499999999996,0.4033613445378149,0.17225810125013308,0.39620778769713594,0.048244841937098604,0.0037037037037037646,0.003724651253066059,0.30896917692475023,0.11090601966029208,0.11385417003135863,0.0,0.9999999987499999,0.6050225885901236,0.2924831587163145,0.3150389795243359,0.4063068304114867,angry,05,21,21,male,normal,2426
60,2.0020000000000002,True,1.0,0.41249060885205535,0.4033923386784243,0.4079414737652398,1.0872674064159638,-0.050787037037036964,-0.048842592592592715,0.37916317273515926,0.3232323232323232,0.1779493563569561,0.37519884377842805,0.009098270173631073,0.0019444444444442488,0.0010756820244376057,0.288843006719095,0.10698038913580697,0.11673728553076085,0.0,0.7874776982508006,0.6029133980310875,0.2948010832097603,0.30591683565193317,0.40388445682234764,angry,05,21,21,male,normal,2426
70,2.3356666666666666,True,1.0,0.45247150130119385,0.4608416137401491,0.45665655752067147,1.5056990925497098,-0.05282407407407408,-0.05115740740740743,0.3540792747485743,0.5254172265306141,0.17292063758304477,0.30328540395636533,0.008370112438955246,0.0016666666666666496,0.0056792916517349485,0.21704325522143786,0.10965019852655777,0.11539479662651224,0.0,0.9999999987499999,0.5927911073491897,0.2951498074250294,0.29339959823359185,0.3695014517011259,angry,05,21,21,male,normal,2426
80,2.6693333333333333,True,1.0,0.47619047619047633,0.4367427789387159,0.4564666275645961,1.4775727494986475,-0.05388888888888882,-0.051157407407407485,0.25763076700290843,0.6745440812928619,0.18541831255121555,0.3089300528312254,0.03944769725176045,0.002731481481481335,0.012108504870507875,0.22010869565217417,0.11053642090480399,0.11487833857677775,0.0,0.9999999987499999,0.5982739468287315,0.2946710772073745,0.2809744972403379,0.35038030337297005,angry,05,21,21,male,normal,2426
90,3.003,True,1.0,0.5171717171717166,0.4922203911427835,0.50469605415725,1.4693877551020407,-0.05509259259259258,-0.053657407407407376,0.3043060876122159,0.6349206349206353,0.17574697989839705,0.3434737035236841,0.02495132602893313,0.001435185185185206,0.006169964701635614,0.2156314851667398,0.10991790109348626,0.11464234951349907,0.0,0.9999999987499999,0.5987331032569277,0.29153417439572077,0.29473756024133646,0.37662630023969934,angry,05,21,21,male,normal,2426
100,3.336666666666667,True,1.0,0.420179164078544,0.4203756478142562,0.42027740594640006,1.049177296808112,-0.052731481481481435,-0.05023148148148138,0.32627385911504114,0.42303795148381745,0.1757157210248491,0.400578059804573,0.00019648373571218292,0.0025000000000000577,0.002615662936702463,0.29938284018566813,0.11139708779875464,0.11286848195097363,0.0,0.9999999987499999,0.6109405670862095,0.2900913799882602,0.2939252889915104,0.37897083913237933,angry,05,21,21,male,normal,2426
110,3.6703333333333332,True,1.0,0.4982111499293388,0.4995525904098526,0.49888187016959573,1.0057678775051466,-0.05407407407407405,-0.05421296296296296,0.33139027425318973,0.36876534993274074,0.17709884276444876,0.49602088247945947,0.0013414404805138225,0.0001388888888889106,0.005128624979845843,0.29108971322774857,0.11113129941310634,0.11363428849241465,0.0,0.9999999987499999,0.6102275171709308,0.29109439047718916,0.2956116082544758,0.3779910368749411,angry,05,21,21,male,normal,2426
120,4.0040000000000004,True,1.0,0.5334930851231573,0.5174912207513658,0.5254921529372616,0.9959407333085178,-0.05458333333333332,-0.053518518518518576,0.3205131891419008,0.274690603213292,0.1812706245000569,0.5276339598959621,0.01600186437179152,0.0010648148148147407,0.005500804313910623,0.25445418472422743,0.1113541705568688,0.11391873319501632,0.0,0.9999999987499999,0.6071812631615146,0.28894528994630253,0.2963104258186014,0.37499726996954025,angry,05,21,21,male,normal,2426
0,0.0,True,1.0,0.5080934070157999,0.517491220751367,0.5127923138835835,1.2028281608251328,-0.06259259259259253,-0.06074074074074065,0.2842979889093458,0.6211325748523233,0.17714536291050478,0.4263221718485632,0.00939781373556714,0.0018518518518518823,0.00427433849258661,0.2771246502116052,0.10971125495684846,0.1131689636917212,0.0,0.9999999987499999,0.6125351057766857,0.29103538806324886,0.2741988260169911,0.36807122662288694,angry,05,21,21,male,normal,2427
10,0.33366666666666667,True,1.0,0.5239664228888157,0.5401483154359636,0.5320573691623897,1.154491316709695,-0.060601851851851796,-0.06087962962962956,0.302064708739536,0.522249065095666,0.18268065722355614,0.46085870154377195,0.01618189254714797,0.0002777777777777657,0.007247743204499111,0.2772294308686398,0.11101574394700123,0.11307522290882716,0.0,0.9999999987499999,0.6093569582129726,0.29209775463848864,0.28042388629138965,0.3706213748773762,angry,05,21,21,male,normal,2427
20,0.6673333333333333,True,1.0,0.5398220145679359,0.5302467547800093,0.5350343846739726,1.272514619883042,-0.05870370370370365,-0.056712962962963076,0.29491870596682007,0.5614035087719298,0.18198637216357724,0.42045441075022627,0.009575259787926615,0.001990740740740571,0.006456146657163723,0.24989860616868634,0.10894995017046663,0.11490128741859797,0.0,0.9999999987499999,0.604900344997374,0.2933409394003436,0.2817463708228389,0.37409972784639794,angry,05,21,21,male,normal,2427
30,1.0010000000000001,True,1.0,0.40382950032964593,0.41209915575349193,0.4079643280415689,1.2897730844997537,-0.04944444444444451,-0.046759259259259334,0.3369336098396855,0.5443847434576878,0.1687518084393838,0.3163070566012008,0.008269655423846,0.0026851851851851793,0.0008780442199597562,0.2629870129870127,0.10538255152690472,0.11424719070815798,0.0,0.9999999987499999,0.6134104376281763,0.29889846645312035,0.294228987161831,0.4014481912952477,angry,05,21,21,male,normal,2427
40,1.3346666666666667,True,1.0,0.41856736977389536,0.36862627518232055,0.39359682247810795,1.6282130232046022,-0.05245370370370378,-0.047870370370370396,0.26839611907695965,0.8036483515213325,0.16534423631747944,0.24173545897786886,0.04994109459157481,0.004583333333333384,0.007459635428128723,0.21634052838549028,0.09197582139213403,0.11481938203588817,0.0,0.9999999987499999,0.6666648930040766,0.3133157807220449,0.27049868579070036,0.4185526353406179,angry,05,21,21,male,normal,2427
50,1.6683333333333334,True,1.0,0.44418493376210827,0.42820764936717126,0.4361962915646398,1.059392628539689,-0.04912037037037026,-0.04749999999999999,0.3600168057832625,0.4127950503098867,0.1729237260105192,0.41174186020711784,0.015977284394937008,0.001620370370370272,0.00644897701276019,0.3091871691946664,0.10452260619320734,0.11536522630660505,0.0,0.9999999987499999,0.6091975735997524,0.294728499797325,0.28810387577939256,0.3861476993731747,angry,05,21,21,male,normal,2427
60,2.0020000000000002,True,1.0,0.42017916407854394,0.4116975491252466,0.41593835660189526,1.2520545076494665,-0.051342592592592495,-0.048101851851851785,0.35932922661195327,0.45598416533732544,0.16882638968335378,0.3322046716502411,0.008481614953297356,0.0032407407407407107,0.0016928919853701693,0.2569382490559557,0.11084894669955421,0.1135747346507605,0.0,0.9999999987499999,0.6108849388661715,0.2914357910310793,0.3018772452408582,0.3944364571124022,angry,05,21,21,male,normal,2427
70,2.3356666666666666,True,1.0,0.4593924305751692,0.44390918425336895,0.4516508074142691,1.4807874012505573,-0.051620370370370317,-0.05009259259259263,0.3509397962537708,0.5455436901050361,0.17086950399915837,0.30500719214172145,0.01548324632180026,0.0015277777777776835,0.0013644584114411481,0.21932784138803943,0.11036334258101298,0.11421359769120333,0.0,0.776885813778084,0.6021615474471038,0.29256271391188743,0.30006198053853816,0.3873944716314332,angry,05,21,21,male,normal,2427
80,2.6693333333333333,True,1.0,0.5267889898483243,0.5034983033868026,0.5151436466175634,1.5710704086558986,-0.05347222222222214,-0.05138888888888887,0.2447680133212003,0.8196616728035173,0.1777885062901159,0.32789341825761037,0.02329068646152177,0.0020833333333332704,0.00209706720544338,0.1956456729169038,0.11126295765560922,0.11300070637691025,0.0,0.9999999987499999,0.59720761656225,0.2904302640512894,0.2834514892057005,0.3622220353803759,angry,05,21,21,male,normal,2427
90,3.003,True,1.0,0.48501887951061096,0.46971639540129606,0.4773676374559535,1.2573634613474431,-0.05185185185185187,-0.0501388888888889,0.3032870241387348,0.5639451994956489,0.17432131212675447,0.379657634511175,0.015302484109314896,0.0017129629629629717,0.0017828241992663256,0.24858860775430264,0.10956684824441904,0.11347679727948398,0.0,0.9999999987499999,0.6098980238736119,0.29342684744845127,0.28628806190058365,0.37431165668061456,angry,05,21,21,male,normal,2427
100,3.336666666666667,True,1.0,0.4761904761904775,0.45343715273142704,0.46481381446095227,0.955437497553012,-0.054259259259259174,-0.05231481481481487,0.3303987186657621,0.3520032885721622,0.17363264297900666,0.4864931674247611,0.022753323459050456,0.0019444444444443043,0.0005927691446999414,0.30642368944747306,0.10995249611612729,0.11377496272452786,0.0,0.9999999987499999,0.6126564059608219,0.29330167255241324,0.2864477922383993,0.37305678184038193,angry,05,21,21,male,normal,2427
110,3.6703333333333332,True,1.0,0.48518927417273866,0.48518927417273866,0.48518927417273866,0.8691458996272957,-0.054444444444444406,-0.053888888888888875,0.3113432319028634,0.28372797265918537,0.17849316768879106,0.558236855723298,0.0,0.0005555555555555314,0.0013078885025779466,0.33344524230707345,0.10938454822795042,0.11432110108905981,0.0,0.9999999987499999,0.6111418764458909,0.29143613212609726,0.2816372428609146,0.36401128938853256,angry,05,21,21,male,normal,2427
0,0.0,True,1.0,0.5518588033376224,0.5517343510811508,0.5517965772093866,1.0872167081807633,-0.06564814814814801,-0.06402777777777785,0.3150269684565722,0.5090935379576598,0.18338368042406805,0.5075313624757536,0.00012445225647161884,0.001620370370370161,0.001237748270606874,0.2857142857142859,0.11488063462867294,0.1110499196362327,0.0,0.9999999987499999,0.5980135339057499,0.2889797359721355,0.2924967041116094,0.36182114711259705,angry,05,21,21,male,normal,2428
10,0.33366666666666667,True,1.0,0.5455436901050349,0.5215403059467021,0.5335419980258684,1.0911401144181863,-0.06518518518518518,-0.06467592592592586,0.306819024112892,0.5015724719502961,0.18550922498131564,0.4889766135216848,0.024003384158332808,0.0005092592592593204,0.007461153006863673,0.2903225806451615,0.11395674637663174,0.11233749469317673,0.0,0.9999999987499999,0.5998179476947029,0.2904747807501589,0.2931595837758307,0.3620869144834614,angry,05,21,21,male,normal,2428
20,0.6673333333333333,True,1.0,0.5455436901050349,0.5215403059467015,0.5335419980258682,1.166519455002894,-0.06324074074074071,-0.061342592592592615,0.30099602100415485,0.5383734358556774,0.18339324896887862,0.45737942538176063,0.024003384158333363,0.0018981481481480933,0.005422912236640563,0.2682591861190477,0.11476019428041648,0.11219788927430958,0.0,0.9999999987499999,0.6005159594619097,0.29014923507376406,0.29641224202647704,0.36780431859120477,angry,05,21,21,male,normal,2428
30,1.0010000000000001,True,1.0,0.4130845644596381,0.3824301656687004,0.39775736506416925,1.437352245862885,-0.04888888888888887,-0.0476388888888889,0.2883435582822083,0.6052009456264774,0.18125673478866933,0.276729219444315,0.030654398790937676,0.0012499999999999734,0.0011655619623818691,0.24424342105263147,0.10974870834782494,0.11380426447820338,0.0,0.9999999987499999,0.6022327916869873,0.2888853323017832,0.2890088660784826,0.38228820321985013,angry,05,21,21,male,normal,2428
40,1.3346666666666667,True,1.0,0.4445790677092822,0.4126984126984111,0.4286387402038466,1.4640843380792599,-0.05134259259259272,-0.04833333333333345,0.2810615795839693,0.702760482278044,0.17569835258094374,0.2927691588902454,0.03188065501087106,0.003009259259259267,0.002058127999477409,0.2250000000000001,0.11089641628386528,0.11453085992956197,0.0,0.8802846831151254,0.596075288974965,0.29216244285583326,0.2886933778710453,0.3633007474027191,angry,05,21,21,male,normal,2428
50,1.6683333333333334,True,1.0,0.3655166519402705,0.35562530682218746,0.36057097938122895,1.108913666321153,-0.04819444444444426,-0.04523148148148143,0.38448918669783516,0.2843294441550325,0.1861258682802443,0.3251569444332232,0.00989134511808304,0.002962962962962834,0.00973378875828983,0.31035299416405143,0.09431594560962538,0.11850349713040224,0.0,0.9999999987499999,0.6496721777226517,0.3143503045888111,0.2957944580140099,0.44322886595662925,angry,05,21,21,male,normal,2428
60,2.0020000000000002,True,1.0,0.4524178661419762,0.40564777825307646,0.42903282219752636,1.1125458225538736,-0.05152777777777784,-0.04879629629629628,0.3517668386838507,0.4017403981875358,0.1778052414767488,0.38563159691946175,0.04677008788889975,0.002731481481481557,0.00501171074776872,0.2890536789163681,0.11383165257517855,0.11144318707607523,0.0,0.9999999987499999,0.596079249176233,0.2917428105414899,0.31666078770862405,0.39289378839523337,angry,05,21,21,male,normal,2428
70,2.3356666666666666,True,1.0,0.4842419178494221,0.44444444444444553,0.46434318114693385,1.5037977913899663,-0.05745370370370373,-0.053101851851851845,0.35565748834858824,0.4860054550703144,0.18612135926937012,0.3087803319073501,0.03979747340497658,0.0043518518518518845,0.006142395698989039,0.21611384930954966,0.09272817812221461,0.11974999544967774,0.0,0.9999999987499999,0.6518947668676845,0.31241271700592443,0.28553456557038676,0.42915596536041023,angry,05,21,21,male,normal,2428
80,2.6693333333333333,True,1.0,0.5545865185169888,0.5242925115258745,0.5394395150214317,1.3850617302132342,-0.05717592592592602,-0.05509259259259264,0.2618837262095767,0.7441860465116285,0.1881960660357054,0.3894696555787326,0.030294006991114286,0.0020833333333333814,0.01201631173321706,0.21878554584157622,0.09780757840084316,0.11514313784890318,0.0,0.9999999987499999,0.656859330982393,0.30743212845896034,0.27359143868997854,0.4129986783001475,angry,05,21,21,male,normal,2428
90,3.003,True,1.0,0.557571177669,0.5509591820627224,0.5542651798658612,1.3920013674960092,-0.0556018518518519,-0.05444444444444452,0.2959303138626024,0.6227203979650029,0.1861258682802443,0.3981786173550223,0.006611995606277565,0.0011574074074073848,0.0011713432059316348,0.24459088649338517,0.09558706147808897,0.11650350390028014,0.0,0.9999999987499999,0.6573116365921369,0.31020166278704503,0.28138994214483337,0.4228725847142638,angry,05,21,21,male,normal,2428
100,3.336666666666667,True,1.0,0.5670457462410963,0.5458256650883159,0.556435705664706,1.0271404307402419,-0.05870370370370365,-0.05666666666666664,0.33350569914432304,0.40753043804891437,0.18474865360190335,0.541732842960619,0.0212200811527804,0.002037037037037004,0.003256646725201179,0.2950230689946378,0.11262392824105337,0.11333797091573426,0.0,0.9999999987499999,0.6015627963919943,0.2873279639329731,0.30181164977131597,0.3739360553580083,angry,05,21,21,male,normal,2428
110,3.6703333333333332,True,1.0,0.5605888353703216,0.5055194936500542,0.5330541645101878,0.9435273286899937,-0.05898148148148141,-0.055694444444444435,0.34565504858618185,0.3459448182005486,0.186846392460444,0.5649589029395551,0.05506934172026734,0.0032870370370369772,0.005038499116609612,0.31873599335492386,0.11196324034320758,0.11281467121983357,0.0,0.9999999987499999,0.6098805056475716,0.286769601414943,0.30281365447522796,0.3971439743348773,angry,05,21,21,male,normal,2428
120,4.0040000000000004,True,1.0,0.5447501745960651,0.5149493443285597,0.5298497594623124,0.6624026827227024,-0.05773148148148155,-0.05509259259259247,0.3531862990416917,0.16932151268173268,0.18751993709107473,0.7998907209802473,0.029800830267505463,0.0026388888888890794,0.0007155100601571592,0.39488452842254457,0.09666118710123353,0.11594298403286246,0.0,0.9999999987499999,0.658594730579732,0.3070171820466281,0.27849337853507955,0.41594437816442026,angry,05,21,21,male,normal,2428
0,0.0,True,1.0,0.545031739435251,0.5209707098604999,0.5330012246478755,0.8300902344640604,-0.06199074074074079,-0.06050925925925932,0.33708926163766617,0.3417810734030881,0.18543682774578085,0.6421003434548324,0.02406102957475109,0.0014814814814814725,0.003746883956468818,0.342452706567856,0.1104259698981858,0.11448635879462525,0.0,0.9988263079424987,0.5971584695675146,0.2912179043395017,0.2843401427334413,0.35718408231647814,angry,05,21,21,male,normal,2429
10,0.33366666666666667,True,1.0,0.5385980220536452,0.5397059973300179,0.5391520096918315,0.8286160684705827,-0.05935185185185188,-0.05856481481481479,0.32549154816886383,0.3128242307072273,0.1840427019957316,0.6506656462587925,0.0011079752763727413,0.000787037037037086,0.0013670614253963498,0.35642856242064763,0.11303295883720557,0.11225319278249585,0.0,0.9999999987499999,0.5984190598114245,0.29307802489742313,0.28844412437529277,0.36014156777833234,angry,05,21,21,male,normal,2429
20,0.6673333333333333,True,1.0,0.4361358603560175,0.42017916407854394,0.4281575122172807,1.3867894923721649,-0.05064814814814822,-0.04865740740740748,0.3042226038947088,0.6194152191181721,0.16676963168745199,0.3087400896619849,0.015956696277473537,0.0019907407407407374,5.3537167847224725e-05,0.23249346121335343,0.10933747611082738,0.1155263497889007,0.0,0.9999999987499999,0.6059715670096164,0.29237256609429313,0.28876912317564163,0.3798926346110805,angry,05,21,21,male,normal,2429
30,1.0010000000000001,True,1.0,0.4205951929043609,0.411716697148817,0.4161559450265889,2.108892240207444,-0.050277777777777866,-0.046574074074074046,0.26761625243862824,0.9489864949491973,0.178506845034242,0.19733390691676744,0.008878495755543947,0.00370370370370382,0.0008141075455081528,0.1743722413984703,0.10537909803825679,0.11786193318204377,0.0,0.9999999987499999,0.6044410033310199,0.29324437987152535,0.28181150980873687,0.38344783173901026,angry,05,21,21,male,normal,2429
40,1.3346666666666667,True,1.0,0.3721624092482786,0.35250917647882024,0.36233579286354944,1.1911530879833816,-0.04856481481481484,-0.044351851851851753,0.31343582077191834,0.4799999999999997,0.17779880505291798,0.3041891059334638,0.01965323276945835,0.004212962962963085,0.0028210408463134684,0.2690615085005607,0.10797919056713073,0.11548456174604356,0.0,0.9999999987499999,0.6106076394307722,0.2897159115889583,0.2812035805867433,0.37621908332149473,angry,05,21,21,male,normal,2429
50,1.6683333333333334,True,1.0,0.40402598406535944,0.3797622241617666,0.391894104113563,1.199638663053296,-0.05009259259259263,-0.04782407407407413,0.3829661929682951,0.37579042457091205,0.17508542836730445,0.32667678708864056,0.024263759903592863,0.002268518518518503,0.005867875963875624,0.27786144578313327,0.09095285935709273,0.11839926813332677,0.0,0.9999999987499999,0.6658814724796168,0.31142371484194376,0.2900427285111742,0.4451859523258958,angry,05,21,21,male,normal,2429
60,2.0020000000000002,True,1.0,0.460432152749929,0.4434841474312778,0.45195815009060336,1.2648090308578401,-0.053333333333333344,-0.05069444444444443,0.3230285514659359,0.452925284213276,0.17015009905848213,0.3573331143785941,0.016948005318651205,0.002638888888888913,0.0017646293931580237,0.22043282091720467,0.10967926948113135,0.11553218997011148,0.0,0.9999999987499999,0.5962290129723764,0.2895650721325198,0.2799687255485597,0.35784751080379507,angry,05,21,21,male,normal,2429
70,2.3356666666666666,True,1.0,0.41308456445964065,0.4128914885790269,0.41298802651933375,0.9136428743826267,-0.05046296296296293,-0.048611111111111216,0.38809948514286713,0.2880518492012644,0.18055597810614282,0.4520234744876667,0.0001930758806137356,0.0018518518518517157,0.0036820383723189416,0.34294891786579035,0.10931120624355517,0.11472384943690508,0.0,0.9999999987499999,0.6048855661327033,0.2904801384742924,0.3055423971039349,0.3948416173583714,angry,05,21,21,male,normal,2429
80,2.6693333333333333,True,1.0,0.4444444444444462,0.39528136404009473,0.41986290424227046,1.4713476597585307,-0.04986111111111119,-0.046712962962962956,0.2551808992074321,0.7463904232091658,0.18127693765341465,0.28535941281965677,0.04916308040435147,0.003148148148148233,0.005372148827289317,0.2088539226726481,0.09324994127069233,0.11708787134387204,0.0,0.9999999987499999,0.6581635618778762,0.3101407826983661,0.2673055002045695,0.40856289110385086,angry,05,21,21,male,normal,2429
90,3.003,True,1.0,0.4600856791042169,0.4528903649730681,0.45648802203864247,0.9855636356722633,-0.05194444444444446,-0.05009259259259258,0.33610950217680674,0.36135745346252335,0.17710444305856665,0.463174579008556,0.007195314131148767,0.0018518518518518823,0.0020823573586300605,0.3098099941324973,0.10918245702423371,0.11550804434507526,0.0,0.9999999987499999,0.6030363732836885,0.29394027710228643,0.2888408057404616,0.3726752241280157,angry,05,21,21,male,normal,2429
100,3.336666666666667,True,1.0,0.4921398136502076,0.4610274499532615,0.4765836318017346,0.994813151195804,-0.05361111111111111,-0.05226851851851838,0.33854917783574767,0.3832313961632646,0.1777988050529181,0.4790684876138424,0.031112363696946088,0.0013425925925927285,0.001041503892753782,0.30429034166631497,0.11242524741570556,0.11303051253683952,0.0,0.9999999987499999,0.6024881108771634,0.292398588574646,0.29618662363484716,0.37105599993270943,angry,05,21,21,male,normal,2429
110,3.6703333333333332,True,1.0,0.48500823663830894,0.4618341370412671,0.473421186839788,0.7165331808901193,-0.05342592592592599,-0.05092592592592582,0.3246992096182351,0.25581295428101986,0.18126515292262468,0.6607107660411157,0.023174099597041864,0.0025000000000001688,0.0040526898420557116,0.37562037281213756,0.11025860616103249,0.11464755097740857,0.0,0.9999999987499999,0.6084913334396258,0.28569468614536325,0.2866510498156112,0.3799915017332214,angry,05,21,21,male,normal,2429
0,0.0,True,1.0,0.533214608836651,0.5174912207513663,0.5253529147940086,0.921298558452664,-0.06351851851851842,-0.06296296296296289,0.315700363585984,0.41613701433383343,0.17849957907496108,0.5702309093768121,0.015723388085284618,0.0005555555555555314,0.0024298571205434868,0.3249174872602238,0.11063733964228953,0.11344549579850419,0.0,0.9999999987499999,0.6077272489699004,0.2943055480604898,0.28218638551731196,0.36536295261223706,angry,05,21,21,male,strong,2430
10,0.33366666666666667,True,1.0,0.5459459948191798,0.4990909454714346,0.5225184701453072,1.121272735037528,-0.061712962962962914,-0.06069444444444444,0.32106339732359096,0.5002414123722289,0.17918753095872791,0.46600479421076707,0.046855049347745203,0.0010185185185184742,0.0003329095415140982,0.2773397134527503,0.11026219572734072,0.11481016208906973,0.0,0.9999999987499999,0.6066353447550896,0.2939175012935541,0.2910848432319427,0.37753461995955834,angry,05,21,21,male,strong,2430
20,0.6673333333333333,True,1.0,0.46025294673870354,0.46066410850910144,0.4604585276239025,1.253235782769421,-0.0557407407407407,-0.05439814814814814,0.3291484937072871,0.47407407407407376,0.17647364491622897,0.3674157201339828,0.00041116177039790536,0.001342592592592562,0.005640218319907322,0.266321038778691,0.11051598608880243,0.1137313598214819,0.0,0.9999999987499999,0.6064952683729742,0.2971314527038133,0.30089266489557365,0.3996909736513419,angry,05,21,21,male,strong,2430
30,1.0010000000000001,True,1.0,0.47422395178625915,0.4632228064137289,0.46872337909999406,1.3598578634515754,-0.058379629629629726,-0.05689814814814814,0.3330965072589231,0.4892171581929447,0.18987647787454717,0.3446855672917799,0.011001145372530219,0.0014814814814815835,0.0068606866282731474,0.2678082950629445,0.10497685315687938,0.11659764329788523,0.0,0.9999999987499999,0.6101693644957984,0.29601727292923397,0.306428740458616,0.4133963845021055,angry,05,21,21,male,strong,2430
40,1.3346666666666667,True,1.0,0.4860997794567935,0.46015971509373566,0.4731297472752646,1.8356703715624334,-0.0532407407407407,-0.052638888888888846,0.27049161191636256,0.8260355338541255,0.1854183125512156,0.25774221483596726,0.025940064363057846,0.0006018518518518534,0.010320915626674943,0.18782526116155746,0.09273380537079803,0.11749707444926172,0.0,0.9999999987499999,0.6644342914509554,0.31049883806752887,0.281634751779278,0.43509508817314807,angry,05,21,21,male,strong,2430
50,1.6683333333333334,True,1.0,0.4752472742068257,0.4891148269065485,0.48218105055668714,1.744567103148391,-0.050787037037037075,-0.05162037037037037,0.3414604121913708,0.6299740205142482,0.17918199577107885,0.27639008536071963,0.013867552699722785,0.0008333333333332971,0.011919368756956516,0.18772593829294265,0.11099563485636411,0.11393414861576856,0.0,0.9999999987499999,0.598163030227716,0.29628375720023553,0.31130645243869176,0.39740648427757236,angry,05,21,21,male,strong,2430
60,2.0020000000000002,True,1.0,0.3555555555555543,0.3391737129577548,0.34736463425665454,1.0139038601377577,-0.04768518518518522,-0.04495370370370377,0.41748100619353073,0.23043269548585413,0.1819649902339408,0.34260115570470223,0.016381842597799512,0.002731481481481446,0.011947485258683116,0.31412337662337625,0.11123276242137987,0.11403728178593012,0.0,0.9999999987499999,0.5987053860372274,0.2980627219376466,0.33298444817137407,0.40767076986098805,angry,05,21,21,male,strong,2430
70,2.3356666666666666,True,1.0,0.43468499065590815,0.3986693694977921,0.4166771800768501,0.5534043918979894,-0.05101851851851846,-0.048981481481481626,0.36413690069756666,0.09704043048091837,0.19522683788910974,0.7529343571846054,0.03601562115811607,0.0020370370370368374,0.00685480623148679,0.49743485738701626,0.0943708742865959,0.11829881895941978,0.0,0.9999999987499999,0.6499959071753703,0.3079744995453748,0.2778240580320458,0.41110447159433033,angry,05,21,21,male,strong,2430
80,2.6693333333333333,True,1.0,0.4750241828660022,0.43509901637826287,0.45506159962213255,1.3984770524538819,-0.050000000000000044,-0.048009259259259196,0.316773525598379,0.5286801055141083,0.1868255667542866,0.3253979740487299,0.039925166487739305,0.0019907407407408484,0.0031596032400877244,0.2335448216072268,0.11175980143095486,0.11368852098957738,0.0,0.9999999987499999,0.5997859595947754,0.28712095003585714,0.31477781523075793,0.39951050613184425,angry,05,21,21,male,strong,2430
90,3.003,True,1.0,0.4922203911427854,0.49139826654845054,0.49180932884561795,1.8332054302205851,-0.05125000000000007,-0.049120370370370425,0.24504372291334986,0.8503227507763181,0.1840692309509921,0.26827835044457604,0.0008221245943348388,0.002129629629629648,0.011322320394873395,0.16309247602313803,0.09478134575410589,0.11699720207085537,0.0,0.9999999987499999,0.6571124783038215,0.30654047751762253,0.27657737400484894,0.41128346665965654,angry,05,21,21,male,strong,2430
100,3.336666666666667,True,1.0,0.5715680463139663,0.5235025173380211,0.5475352818259938,1.022642139044985,-0.05249999999999999,-0.05115740740740743,0.3497560774146724,0.35393850140029937,0.1812769376534147,0.535412399822797,0.04806552897594518,0.001342592592592562,0.005502948161279765,0.3118713892675047,0.10916114526819692,0.1145344398376074,0.0,0.9999999987499999,0.6002532700111294,0.2949570195921216,0.3041132223578841,0.3991223541996234,angry,05,21,21,male,strong,2430
110,3.6703333333333332,True,1.0,0.5294754892862791,0.5072289530285754,0.5183522211574272,0.933268124336738,-0.05499999999999999,-0.053240740740740755,0.37270602150308724,0.2888571916220735,0.17988189485538578,0.5554161849530794,0.022246536257703675,0.0017592592592592382,0.00029677573446924144,0.3218074322041891,0.11138574240104719,0.11271077069321396,0.0,0.9999999987499999,0.6025151221269759,0.293757393641928,0.3030073700358151,0.3913444434678004,angry,05,21,21,male,strong,2430
120,4.0040000000000004,True,1.0,0.5388927783889365,0.548650414240654,0.5437715963147952,0.7336832973469438,-0.05564814814814817,-0.054259259259259285,0.3634729895620374,0.11460654190520086,0.18475567380152816,0.7411530264912883,0.009757635851717517,0.001388888888888884,0.00480582757479076,0.36556253812758394,0.1111659837701606,0.11292752318672082,0.0,0.9978607491025635,0.6065752007756228,0.29425309627156165,0.2990889214856867,0.37469023453266886,angry,05,21,21,male,strong,2430
130,4.337666666666666,True,1.0,0.5230608657087564,0.5002959277074651,0.5116783967081108,0.5754672467901069,-0.05458333333333326,-0.05254629629629626,0.34865404931537586,0.1278660027074523,0.18542695320541572,0.8891529440853441,0.022764938001291313,0.002037037037037004,0.0030631391628790834,0.42546532274825233,0.10931098513559061,0.11489000790399283,0.0,0.9999999987499999,0.6025218852775487,0.29360348563690336,0.2917280866717292,0.376253552235903,angry,05,21,21,male,strong,2430
0,0.0,True,1.0,0.5236933733431961,0.5139202433285628,0.5188068083358794,0.783230868967869,-0.06296296296296289,-0.06134259259259256,0.34750030210887256,0.28769850609176917,0.18613734526959475,0.6623932085561899,0.009773130014633313,0.0016203703703703276,0.00418883143768083,0.3695832054333924,0.1113508468923831,0.11257613596682764,0.0,0.9953361344803455,0.6056316127544767,0.29368491773182337,0.2845008412214083,0.36105088583698847,angry,05,21,21,male,strong,2431
10,0.33366666666666667,True,1.0,0.5395583967605848,0.5151304950641402,0.5273444459123625,0.7984474197094867,-0.06300925925925921,-0.06212962962962959,0.3458240456221178,0.29535079408226134,0.18404809099924885,0.6604623333922672,0.0244279016964446,0.0008796296296296191,0.0006720338251049651,0.3621237545482362,0.11115593903278793,0.11344236642797065,0.0,0.9999999987499999,0.6025867176401811,0.2913552063215815,0.28312481123147404,0.35768765962086735,angry,05,21,21,male,strong,2431
20,0.6673333333333333,True,1.0,0.48374936158618975,0.46043215274992955,0.47209075716805965,1.234424149926033,-0.0539351851851852,-0.0524074074074074,0.3282998501192755,0.4988278273439581,0.17644121757180892,0.3824380438412092,0.023317208836260206,0.0015277777777777946,0.00975775262349836,0.26197852407468425,0.11138629367140515,0.11321619524309397,0.0,0.9999999987499999,0.6067434367496999,0.2950616183505521,0.30564695194301283,0.3943645516843175,angry,05,21,21,male,strong,2431
30,1.0010000000000001,True,1.0,0.39428806522329707,0.4090574213814353,0.4016727433023662,1.314843012345648,-0.04893518518518508,-0.04874999999999996,0.3550541687565022,0.49107466716656073,0.17849316768879106,0.30549102784962273,0.014769356158138236,0.00018518518518512161,0.004704851605409221,0.28463201783166453,0.09189034942813477,0.11799652917338778,0.0,0.9999999987499999,0.656081017297544,0.3177696782892945,0.292879733726567,0.45196488499539933,angry,05,21,21,male,strong,2431
40,1.3346666666666667,True,1.0,0.42039860655318856,0.39528884228877187,0.4078437244209802,1.6932127930474965,-0.04722222222222222,-0.04722222222222222,0.27308662446359994,0.683263960101559,0.18057625937153518,0.24086973952454643,0.02510976426441669,0.0,0.004205168733335636,0.20327124496841847,0.09203077610769088,0.11869234685077454,0.0,0.9999999987499999,0.6615164870088661,0.31389393803528975,0.2792148258548401,0.43523812913916493,angry,05,21,21,male,strong,2431
50,1.6683333333333334,True,1.0,0.4603174603174604,0.4772492454524904,0.4687833528849754,1.1947729745229811,-0.049398148148148247,-0.04828703703703702,0.3821950337066852,0.3424044500157322,0.18201529665858626,0.39236186529255856,0.01693178513503002,0.0011111111111112293,0.007584654171637253,0.26753048780487787,0.10967791824142309,0.11470598757596667,0.0,0.9999999987499999,0.6037289863367222,0.29675206537735427,0.3235639622571988,0.41034714239350817,angry,05,21,21,male,strong,2431
60,2.0020000000000002,True,1.0,0.4604321527499289,0.4530382665692877,0.4567352096596083,0.99913151307565,-0.05175925925925928,-0.0490740740740741,0.42533962482125004,0.18814312192886223,0.1882272789446145,0.4571322230179985,0.007393886180641185,0.0026851851851851793,0.004554350709760114,0.3143833388257008,0.11137629902776852,0.11339416760012758,0.0,0.9999999987499999,0.5984003166813602,0.29656485418282114,0.3341326196296985,0.41060937653836665,angry,05,21,21,male,strong,2431
70,2.3356666666666666,True,1.0,0.43664717348928056,0.4050501995021898,0.42084868649573515,0.5643735253568224,-0.0533333333333334,-0.05120370370370364,0.3863979271406519,0.09170163114082373,0.19310336782570572,0.7456917583610174,0.03159697398709077,0.002129629629629759,0.003257740075358207,0.47873081554584307,0.10903596243706241,0.11531638318281112,0.0,0.9999999987499999,0.6005939207948805,0.2871727349788209,0.30536507810868874,0.38542075732533754,angry,05,21,21,male,strong,2431
80,2.6693333333333333,True,1.0,0.4365148050237217,0.40047955267560753,0.41849717884966464,1.0079474475413,-0.051851851851851816,-0.049722222222222334,0.4336140666706925,0.14489244558406228,0.19529521528455354,0.41519741914175246,0.036035252348114166,0.0021296296296294814,0.019034342055040312,0.31640624999999983,0.09474751208983184,0.11669854263667237,0.0,0.9999999987499999,0.6581356686190101,0.31034511110327384,0.30970691387571114,0.45818593807811037,angry,05,21,21,male,strong,2431
90,3.003,True,1.0,0.4283839927729609,0.4110496902318022,0.41971684150238153,1.5297157622738997,-0.04861111111111116,-0.04736111111111113,0.26542810319707505,0.6201550387596888,0.18680718920315212,0.2743757055091586,0.017334302541158697,0.0012500000000000289,0.0015322458924806196,0.17535256473590452,0.09526858348898062,0.11561627095883122,0.0,0.9999999987499999,0.6543247542845264,0.3114126314420959,0.27862717877639664,0.4188419540733701,angry,05,21,21,male,strong,2431
100,3.336666666666667,True,1.0,0.4595713665621184,0.4197190696111331,0.4396452180866257,1.0551352069944469,-0.051157407407407485,-0.04805555555555563,0.38552605954945945,0.2312556458897926,0.18892160269492647,0.41667192523975705,0.0398522969509853,0.0031018518518518556,0.003442166795030542,0.3005047776150802,0.10716608663553662,0.1167301645448303,0.0,0.9999999987499999,0.608602680611307,0.29249177225289424,0.31491511587378285,0.41937756081678323,angry,05,21,21,male,strong,2431
110,3.6703333333333332,True,1.0,0.49139826654845126,0.4760679244887013,0.48373309551857624,1.0117761157457597,-0.05495370370370378,-0.05166666666666664,0.3842267929383886,0.24570912375790344,0.18752603985846872,0.4781029004247905,0.01533034205974998,0.0032870370370371438,0.005828703097066937,0.31338273932074356,0.10847472563470065,0.11518475352125129,0.0,0.802531214575983,0.6096091676905138,0.29049097255011586,0.3109642772125522,0.41351478973360534,angry,05,21,21,male,strong,2431
120,4.0040000000000004,True,1.0,0.5143812167856228,0.5012829993602009,0.5078321080729118,1.0280559390689288,-0.05541666666666667,-0.05328703703703708,0.37591568057949426,0.2937207852858165,0.18685496707656818,0.49397322536051497,0.013098217425421832,0.0021296296296295925,0.00021039089533352295,0.30534728446636544,0.1089968499308723,0.11402440291520077,0.0,0.9575041230956368,0.611206223755127,0.2898376120601364,0.3095261797793425,0.4102278331523514,angry,05,21,21,male,strong,2431
130,4.337666666666666,True,1.0,0.4826571087435195,0.46725691499921035,0.47495701187136496,0.9617835624556513,-0.05421296296296285,-0.052222222222222225,0.3753340807065576,0.27686703096539056,0.18752603985846872,0.49382941278253095,0.015400193744309176,0.0019907407407406263,0.0021344630029791357,0.31532945702487486,0.11077701138219787,0.11431351134075862,0.0,0.9999999987499999,0.6035634250418918,0.2926886799686909,0.3131607428924149,0.39107193803355017,angry,05,21,21,male,strong,2431
0,0.0,True,1.0,0.5330549404351322,0.5275619203366203,0.5303084303858763,1.0628226587911804,-0.062037037037037,-0.060740740740740706,0.3078117938505138,0.48560000789596985,0.17925010926358437,0.4989622925324453,0.005493020098511936,0.0012962962962962954,0.005366980743025877,0.2909482758620688,0.10992987179825758,0.11346148657789566,0.0,0.9999999987499999,0.6099387058104492,0.2973891604091915,0.28165886252581496,0.3689413882861514,angry,05,21,21,male,strong,2432
10,0.33366666666666667,True,1.0,0.5334836932594208,0.49238774304308686,0.5129357181512538,1.0665450135048362,-0.06115740740740738,-0.06078703703703703,0.314338311954296,0.4888116506809474,0.1771561297216669,0.48093208599388193,0.04109595021633394,0.00037037037037035425,0.00634089263027468,0.28173101389637856,0.10927514640260763,0.11459205849987056,0.0,0.9999999987499999,0.6066850515831332,0.2946980290234748,0.2802930103897144,0.36647678738344863,angry,05,21,21,male,strong,2432
20,0.6673333333333333,True,1.0,0.4279519118377504,0.42017916407854394,0.42406553795814717,1.6245894360732087,-0.05171296296296285,-0.051620370370370317,0.29157120076474385,0.6976025416918049,0.17086191325973663,0.261029358274762,0.007772747759206444,9.259259259253305e-05,0.003832126342497403,0.21837757126145732,0.10602420358257,0.11398674879541126,0.0,0.9999999987499999,0.615027299458846,0.2991789216401363,0.2893578092494924,0.39618293850084807,angry,05,21,21,male,strong,2432
30,1.0010000000000001,True,1.0,0.42059519290436104,0.4197213995375841,0.42015829622097256,1.9432134977646902,-0.049722222222222334,-0.0498148148148147,0.26464561857700125,0.8554203879675567,0.17778164011680328,0.21621828826543632,0.0008737933667769537,9.259259259236652e-05,0.005194363878121259,0.17153716445299072,0.10766024404724382,0.11545238652167222,0.0,0.9999999987499999,0.6047500154671244,0.2937260366829445,0.29495345993031163,0.39823747699218165,angry,05,21,21,male,strong,2432
40,1.3346666666666667,True,1.0,0.42039860655318984,0.4126984126984124,0.41654850962580114,1.4525422785911526,-0.05111111111111111,-0.04972222222222222,0.28976811173020617,0.6784901432892878,0.1743059932573217,0.2867720380778308,0.007700193854777437,0.001388888888888884,8.520965962791218e-05,0.2150410868144773,0.10947389641470281,0.1153970848048291,0.0,0.9999999987499999,0.6022468567895909,0.292619058035423,0.29574512945496007,0.381937437840726,angry,05,21,21,male,strong,2432
50,1.6683333333333334,True,1.0,0.3878787878787891,0.3887680882744672,0.38832343807662817,1.1942104400358635,-0.04648148148148157,-0.04472222222222216,0.39178905161843236,0.31276238857053684,0.17788760713328214,0.32517169927351025,0.0008893003956780832,0.0017592592592594047,0.004205168733335637,0.2812436942839376,0.10854715099120472,0.11511650427566156,0.0,0.9999999987499999,0.6085143178286939,0.2938518122182416,0.3234615453274628,0.42872243662524817,angry,05,21,21,male,strong,2432
60,2.0020000000000002,True,1.0,0.3952786232054486,0.3859852865829125,0.39063195489418057,1.036669347451471,-0.04870370370370364,-0.04532407407407407,0.3949034451201599,0.2555867505465642,0.17291666666666672,0.37681441614387756,0.00929333662253612,0.003379629629629566,0.007953909155309316,0.30079003975416635,0.10920746968037165,0.11515397475276577,0.0,0.9999999987499999,0.6091525873083609,0.29626468707601855,0.3131451872171065,0.40980575875011355,angry,05,21,21,male,strong,2432
70,2.3356666666666666,True,1.0,0.42020202020202,0.39549551801583577,0.40784876910892787,1.3629884382683608,-0.04685185185185187,-0.045370370370370394,0.3785250865552242,0.41481481481481475,0.17014606348251404,0.2992312756717793,0.024706502186184254,0.0014814814814814725,0.0034882428847643485,0.23844663012175232,0.10695563130807959,0.11741084368185586,0.0,0.9999999987499999,0.606058613742372,0.2975199966275406,0.31013347800522584,0.40783120765842007,angry,05,21,21,male,strong,2432
80,2.6693333333333333,True,1.0,0.48501887951061223,0.47724924545249164,0.48113406248155194,1.7967508913387626,-0.04972222222222228,-0.047175925925925954,0.24033345938129208,0.8517065913488941,0.18055935847524196,0.26778006055311204,0.007769634058120589,0.0025462962962963243,0.0024168018337738495,0.17580501780105023,0.11017972419390154,0.11439074114139468,0.0,0.9999999987499999,0.6004200091286515,0.2914525534023566,0.28743412740905366,0.3811532558422116,angry,05,21,21,male,strong,2432
90,3.003,True,1.0,0.4521862506502847,0.3970276073524952,0.42460692900138997,1.2725453433744072,-0.049814814814814756,-0.04916666666666669,0.31906363913401825,0.5244798880272635,0.17502789956175563,0.3336674258501942,0.05515864329778952,0.0006481481481480644,0.00047779180119107153,0.25228910620095935,0.11180977540745814,0.11330357121063273,0.0,0.9999999987499999,0.606119164923782,0.2919126577911649,0.31210907673107874,0.39728687175917715,angry,05,21,21,male,strong,2432
100,3.336666666666667,True,1.0,0.4603174603174604,0.43651480502372036,0.4484161326705904,1.0499567008570792,-0.05125000000000002,-0.049166666666666636,0.33966303136084375,0.3876763203164599,0.17712641173327864,0.4270805951374457,0.023802655293740038,0.0020833333333333814,0.000778513817577014,0.2946327068617173,0.1107112419266064,0.11421051654364818,0.0,0.9999999987499999,0.6081484134982118,0.29149338842295974,0.30655329991692243,0.3938924657282645,angry,05,21,21,male,strong,2432
110,3.6703333333333332,True,1.0,0.4761904761904763,0.45289036497306995,0.46454042058177314,1.0135425701137601,-0.05148148148148152,-0.050185185185185166,0.33541798882552115,0.3655244029075804,0.17709884276444876,0.4583334082648675,0.023300111217406327,0.001296296296296351,0.0033449427089086484,0.3042903416663146,0.1097643870375094,0.11412351567809538,0.0,0.9999999987499999,0.6121113077262155,0.2938709152776698,0.2979992325438446,0.39337307666518917,angry,05,21,21,male,strong,2432
120,4.0040000000000004,True,1.0,0.4766935353001482,0.4115226337448567,0.44410808452250244,1.029006329994473,-0.05291666666666661,-0.04930555555555555,0.33897968394576394,0.3567741116924108,0.17917049906572247,0.4315892639114162,0.06517090155529148,0.003611111111111065,0.0038444998539008063,0.3084169734511266,0.10704200997038503,0.11387114860990011,0.0,0.9999999987499999,0.6141424340986396,0.2958234051035403,0.2950192342315173,0.39822644959967607,angry,05,21,21,male,strong,2432
0,0.0,True,1.0,0.5330549404351322,0.5555628248343161,0.5443088826347242,1.0322126016205146,-0.061851851851851825,-0.06111111111111106,0.33037277017792477,0.43995946954317117,0.18059780572044007,0.5273224544829141,0.02250788439918383,0.000740740740740764,0.00028106058435047726,0.2863303327623922,0.11005768742270208,0.1141749132998668,0.0,0.9999999987499999,0.6094604453734619,0.29662449375942185,0.287567455586014,0.36885504711689765,angry,05,21,21,male,strong,2433
10,0.33366666666666667,True,1.0,0.5459459948191785,0.514668850125721,0.5303074224724498,1.0193339877531238,-0.06365740740740733,-0.062129629629629646,0.33263302269860245,0.4192422046403974,0.18613734526959486,0.5202489359168576,0.03127714469345755,0.0015277777777776835,0.005776520617163424,0.29077026415032187,0.11153507662953194,0.11407613093654709,0.0,0.9999999987499999,0.6000217106686425,0.29315239127099474,0.28910194766278585,0.36698875300147304,angry,05,21,21,male,strong,2433
20,0.6673333333333333,True,1.0,0.4289173363204156,0.39921099446896063,0.41406416539468816,1.1695800085394228,-0.05689814814814814,-0.05439814814814814,0.3497149704422141,0.3664271819362539,0.18475567380152816,0.35402808048315865,0.029706341851454987,0.0025000000000000022,0.0020520796673783276,0.28621264757727494,0.11282701424507698,0.1134721006025577,0.0,0.9999999987499999,0.599576707292292,0.2950915041034684,0.31147668104230297,0.386629849707205,angry,05,21,21,male,strong,2433
30,1.0010000000000001,True,1.0,0.4687949870327602,0.42663300595363995,0.4477139964932001,1.538880443984877,-0.051851851851851816,-0.049583333333333424,0.2876567953760758,0.6251083746128326,0.19247569968256215,0.29093487947241725,0.042161981079120225,0.002268518518518392,0.00455872808769744,0.2253246764003844,0.1055062213432508,0.1151302032238299,0.0,0.9999999987499999,0.6063885888652337,0.29161895148889466,0.28264030056549394,0.3809874247664403,angry,05,21,21,male,strong,2433
40,1.3346666666666667,True,1.0,0.41359886002325774,0.384589286331253,0.39909407317725537,1.364541291954903,-0.05064814814814822,-0.047083333333333255,0.3061206418438779,0.5385757179498647,0.19118344241757562,0.292474896531343,0.029009573692004742,0.003564814814814965,0.004781896311614346,0.2309197099126266,0.10609015746270743,0.11542064227709578,0.0,0.9999999987499999,0.6086538140959509,0.2928537365659647,0.29338640868618826,0.3995654618686524,angry,05,21,21,male,strong,2433
50,1.6683333333333334,True,1.0,0.41207780396128973,0.4331374773332838,0.42260764064728673,1.1553728838341322,-0.049907407407407345,-0.04875000000000013,0.38825697689889205,0.281738611628786,0.18613119697045133,0.36577597290050057,0.021059673371994048,0.0011574074074072183,0.005036169426214524,0.2890790973475817,0.09377461769076784,0.11666808578188259,0.0,0.9999999987499999,0.6609951272696578,0.31160547942202105,0.30049285492938044,0.4546848130131799,angry,05,21,21,male,strong,2433
60,2.0020000000000002,True,1.0,0.4680627834148292,0.45194696903149567,0.46000487622316244,1.0424780345777622,-0.05087962962962955,-0.04879629629629634,0.413090326648836,0.17370569180578233,0.18889535132429544,0.441260977176828,0.016115814383333538,0.002083333333333215,0.0059533702252531654,0.3038969000343674,0.11156375325304038,0.11354582372822329,0.0,0.9999999987499999,0.6012083155371524,0.29541751163937924,0.330415747134628,0.41113003044918744,angry,05,21,21,male,strong,2433
70,2.3356666666666666,True,1.0,0.4772936057946841,0.4611504604583464,0.4692220331265152,1.0605725987832737,-0.051759259259259394,-0.0497685185185186,0.3694038280968373,0.18672052795480226,0.1916989064398953,0.4424233038500366,0.016143145336337705,0.001990740740740793,0.006655800245685571,0.27764620374047566,0.0908313383906044,0.11977190349308346,0.0,0.9999999987499999,0.6493067644088886,0.3141568184617267,0.2694710817480141,0.410261622821525,angry,05,21,21,male,strong,2433
80,2.6693333333333333,True,1.0,0.45955944617390204,0.46023872658122233,0.45989908637756216,1.568671568007065,-0.05162037037037037,-0.04976851851851849,0.26070131070123537,0.7320261437908504,0.19097382022690007,0.29317742206665076,0.0006792804073202929,0.0018518518518518823,0.005441365392682613,0.20293277533832874,0.1095277841056993,0.11518064828302217,0.0,0.9999999987499999,0.6052063483987344,0.28848210852448297,0.29523296037437174,0.38342517613114707,angry,05,21,21,male,strong,2433
90,3.003,True,1.0,0.48336017579914514,0.42865880378355425,0.4560094897913497,1.6563535329395283,-0.05268518518518517,-0.05050925925925931,0.27652093062305855,0.7394435414908611,0.18891473730410502,0.2753092746945577,0.05470137201559089,0.002175925925925859,0.0003063939954951032,0.19456098330833696,0.09532265953533635,0.11639302138548392,0.0,0.9999999987499999,0.6533549255092662,0.3111392559274293,0.2787142607191932,0.41681088162028795,angry,05,21,21,male,strong,2433
100,3.336666666666667,True,1.0,0.5605888353703218,0.5564229493923237,0.5585058923813228,0.9736030808843229,-0.057499999999999996,-0.05444444444444452,0.3529293005546607,0.3244826293053176,0.18751017225010927,0.5736484439572975,0.004165885977998052,0.003055555555555478,0.0,0.3128529876114981,0.11135494267294464,0.11441860713264973,0.0,0.9999999987499999,0.6037025327005802,0.2902170226793886,0.30088416188807077,0.38350059806569897,angry,05,21,21,male,strong,2433
110,3.6703333333333332,True,1.0,0.5294764934775353,0.5079943895098353,0.5187354414936853,0.9113002729924682,-0.05657407407407411,-0.05393518518518503,0.365742996725991,0.2885657389479989,0.18403814194642587,0.5692255965098044,0.021482103967700006,0.0026388888888890794,0.005731149798463255,0.3187359933549232,0.11149599950415705,0.11361235505123927,0.0,0.9999999987499999,0.607909896091249,0.2940320862594655,0.3016112597683651,0.385043296096708,angry,05,21,21,male,strong,2433
120,4.0040000000000004,True,1.0,0.5495097255144963,0.5330095035134945,0.5412596145139954,0.8648146284967306,-0.05652777777777779,-0.05476851851851855,0.3608834399917193,0.2239139207113624,0.18404809099924888,0.6258677833131052,0.016500222001001763,0.0017592592592592382,0.0012605024146462613,0.3319371213318404,0.11103124820650065,0.11373204980262387,0.0,0.9999999987499999,0.6023969339845314,0.2967115545880939,0.3048360191216248,0.3899392544097193,angry,05,21,21,male,strong,2433
0,0.0,True,1.0,0.5554152242648818,0.5491000627775516,0.5522576435212168,0.7705713961905102,-0.06055555555555553,-0.05972222222222223,0.33795790076159754,0.30988054627591544,0.18131060409212146,0.716685885631655,0.006315161487330134,0.0008333333333332971,0.0011778472464831777,0.3790477484419697,0.10758303754211203,0.11502851773649171,0.0,0.9999999987499999,0.6094227349220938,0.29506384146678616,0.276057494461752,0.3719078097139775,fearful,06,21,21,male,normal,2434
10,0.33366666666666667,True,1.0,0.5655115819017138,0.5384266393322049,0.5519691106169593,1.1979822006552074,-0.07703703703703713,-0.07958333333333334,0.33873968488980977,0.46394895308627426,0.20353558059849144,0.4607490080529353,0.027084942569508885,0.0025462962962962132,0.002733015794013766,0.25698587686656993,0.10525285031642363,0.1173269419484417,0.0,0.9999999987499999,0.6055792425251351,0.29924984467472165,0.29893237793389854,0.3887128504331648,fearful,06,21,21,male,normal,2434
20,0.6673333333333333,True,1.0,0.5636061897515144,0.5393567255891555,0.551481457670335,0.9182667241368284,-0.06004629629629621,-0.06291666666666662,0.3885199460879335,0.16289147621808034,0.19586488726564813,0.6005678341319926,0.024249464162358958,0.002870370370370412,0.0034801384460511737,0.3447013232689061,0.1064348701345537,0.11592749601067814,0.0,0.9999999987499999,0.5982006469853567,0.30460011555935,0.3035746823274853,0.39353391546170835,fearful,06,21,21,male,normal,2434
30,1.0010000000000001,True,1.0,0.5954632921465931,0.6101384248212941,0.6028008584839436,0.9927325081045056,-0.06074074074074076,-0.06481481481481483,0.38834308739029716,0.23703703703703738,0.19455780600042563,0.6072137797067952,0.014675132674700997,0.004074074074074063,0.006125129682080818,0.31898488674587727,0.10566461334218794,0.11792958483514344,0.0,0.9999999987499999,0.5984644367668943,0.3038543149221936,0.3084788314812413,0.40621076851793303,fearful,06,21,21,male,normal,2434
40,1.3346666666666667,True,1.0,0.5472298971988875,0.5641788259000885,0.555704361549488,0.9238431885988782,-0.05902777777777768,-0.059537037037037055,0.3504824555229358,0.28358083859672656,0.19307491897578213,0.6015137291776562,0.016948928701201016,0.0005092592592593759,0.005093447617377413,0.3493137204323772,0.1069855098854158,0.11673259256493507,0.0,0.9999999987499999,0.6051051760235344,0.2989054334264222,0.29022924984018705,0.37879455013880287,fearful,06,21,21,male,normal,2434
50,1.6683333333333334,True,1.0,0.6080185987749659,0.5699645169322365,0.5889915578536011,1.0263360444646659,-0.059027777777777735,-0.06078703703703703,0.3464236500570684,0.3828243766752845,0.19027938161454036,0.5738778843734534,0.038054081842729404,0.0017592592592592937,0.00629604199258604,0.3229795985334726,0.10748218715230516,0.11627543565682509,0.0,0.9999999987499999,0.6061111077556024,0.2988429921378994,0.2932063949346021,0.38522488881615025,fearful,06,21,21,male,normal,2434
60,2.0020000000000002,True,1.0,0.5719252566727765,0.5311520443108192,0.5515386504917978,0.7610099263501436,-0.057453703703703674,-0.05750000000000005,0.36801028700395577,0.23290084661285654,0.18683169220295517,0.724745672026928,0.0407732123619573,4.629629629637755e-05,0.010178685046759846,0.3449010206414023,0.10691307438097111,0.11565147809682975,0.0,0.9999999987499999,0.6067347955119547,0.29743116015295074,0.28590595661965784,0.37745935980495265,fearful,06,21,21,male,normal,2434
70,2.3356666666666666,True,1.0,0.563306712225059,0.548650414240654,0.5559785632328564,0.940060615079886,-0.057499999999999996,-0.05629629629629629,0.3201097649864348,0.3369269675327824,0.18820903826281993,0.5914284188851051,0.014656297984405042,0.0012037037037037068,0.009820870901436915,0.3082913595702494,0.10698402085105596,0.11657063449671158,0.0,0.9999999987499999,0.6062117597038815,0.2988882236170193,0.2792472783219894,0.37172597627534,fearful,06,21,21,male,normal,2434
80,2.6693333333333333,True,1.0,0.5705586478530489,0.570558647853048,0.5705586478530484,1.041732384736472,-0.05879629629629629,-0.05703703703703705,0.3391911489076094,0.36372157622340334,0.1868255667542866,0.5477017477933004,8.881784197001252e-16,0.0017592592592592382,0.0036738719331415137,0.29630090818026106,0.11002406548252541,0.11454046576445413,0.0,0.9999999987499999,0.605211221019658,0.2955239654100466,0.29181020519196954,0.3769795338484052,fearful,06,21,21,male,normal,2434
90,3.003,True,1.0,0.5556683012629873,0.5428378277049177,0.5492530644839525,0.7905256166780549,-0.05740740740740746,-0.05763888888888885,0.35601161012348725,0.17381666981799224,0.1889292754835563,0.6947947705882355,0.012830473558069544,0.00023148148148138814,0.0052201484889836565,0.3603499553952133,0.10794177147177424,0.11584891654067016,0.0,0.9999999987499999,0.6117136291626025,0.29143172420893915,0.28986902942743237,0.38916563069725696,fearful,06,21,21,male,normal,2434
100,3.336666666666667,True,1.0,0.5208442505355105,0.5230608657087564,0.5219525581221335,0.6912806661643394,-0.055509259259259314,-0.05458333333333332,0.3792520552078198,0.18779185433653303,0.18819809300513307,0.755051578425092,0.002216615173245895,0.0009259259259259967,0.002791290342098828,0.39658331938313346,0.10453401326258394,0.1158493097090836,0.0,0.9999999987499999,0.6058013593640581,0.3012993663023852,0.2885816989340222,0.3736671056362149,fearful,06,21,21,male,normal,2434
0,0.0,True,1.0,0.5238095238095251,0.5235025173380218,0.5236560205737735,0.8203929676315914,-0.060601851851851796,-0.059675925925925966,0.3321241096576358,0.3503761632593257,0.17858162448846265,0.6382990118571181,0.0003070064715032794,0.0009259259259258301,0.0033829312682318704,0.35156250000000006,0.10665670562677193,0.11555868253323713,0.0,0.9999999987499999,0.6128664356836485,0.2942178823019471,0.2730583669380526,0.3685567998071059,fearful,06,21,21,male,normal,2435
10,0.33366666666666667,True,1.0,0.5496453094210367,0.5476773428331521,0.5486613261270944,0.8535683406658489,-0.06361111111111112,-0.06513888888888886,0.3237536469674302,0.3483722874150818,0.18688558749401266,0.6427854689398349,0.001967966587884673,0.001527777777777739,0.007103621606803606,0.3335111397462486,0.10905098593308248,0.11330200541777126,0.0,0.9999999987499999,0.6082541319105768,0.29658857035974323,0.2795999597597422,0.36779495504606585,fearful,06,21,21,male,normal,2435
20,0.6673333333333333,True,1.0,0.5497967120771756,0.5436467923064494,0.5467217521918125,1.018048870781163,-0.06981481481481483,-0.07791666666666669,0.35203911972393764,0.2989508588801829,0.20149834358696808,0.537028985428082,0.006149919770726209,0.00810185185185186,0.010028748569412054,0.2946428571428568,0.10537759585438466,0.1162355901332758,0.0,0.9999999987499999,0.6039602406587634,0.30197897007842384,0.3044719381622677,0.3896957670502426,fearful,06,21,21,male,normal,2435
30,1.0010000000000001,True,1.0,0.5155516592312562,0.5230795805433578,0.519315619887307,0.9793210372680142,-0.062361111111111145,-0.07074074074074072,0.379421221864952,0.210922787193974,0.20003089666134244,0.5302812868556648,0.00752792131210156,0.00837962962962957,0.0027856527190278867,0.3119064183064728,0.10378492657713086,0.1179832489457373,0.0,0.9999999987499999,0.6031328027851766,0.304110891110897,0.3123700664734894,0.4098724678764888,fearful,06,21,21,male,normal,2435
40,1.3346666666666667,True,1.0,0.5760745014956008,0.5882629338078825,0.5821687176517416,0.9985510430442572,-0.06337962962962967,-0.06990740740740736,0.33668216801515705,0.37227339730575953,0.19662713428789932,0.5830134790875573,0.012188432312281727,0.006527777777777688,0.0031925205257405023,0.3145614649994546,0.10694365975252314,0.11628043381547042,0.0,0.9999999987499999,0.6057492543423619,0.30016576708587384,0.2945405081440837,0.39068972093935456,fearful,06,21,21,male,normal,2435
50,1.6683333333333334,True,1.0,0.6278956543717834,0.6076289797360215,0.6177623170539024,1.147258479138818,-0.05962962962962959,-0.059305555555555556,0.3345043345965151,0.44707808206495486,0.18753295608809842,0.5384682948847077,0.020266674635761928,0.0003240740740740322,0.0036402696780310465,0.28277401384393946,0.10825379184704954,0.11506173212848429,0.0,0.9999999987499999,0.6076313424197803,0.2978741126778761,0.2906252696169579,0.38349342971268363,fearful,06,21,21,male,normal,2435
60,2.0020000000000002,True,1.0,0.5647700331105849,0.5472288593369907,0.5559994462237878,0.7060048572986601,-0.05884259259259261,-0.058472222222222314,0.36329831083691944,0.24310349287237373,0.1854429990664996,0.7875292081575357,0.01754117377359421,0.00037037037037029874,0.0006509957564780117,0.3775066080448484,0.1072835329079715,0.11563788877961806,0.0,0.9999999987499999,0.6106320354860694,0.2950468107761592,0.28515271238892487,0.37554738660844245,fearful,06,21,21,male,normal,2435
70,2.3356666666666666,True,1.0,0.564619986392627,0.5397760816474702,0.5521980340200485,0.961133541440074,-0.05782407407407414,-0.05638888888888893,0.34734868921813516,0.3502435786603663,0.18681576561865806,0.574527898789887,0.024843904745156853,0.001435185185185206,0.005097760205962144,0.33411661806057336,0.1074415123027967,0.11614910666337333,0.0,0.9999999987499999,0.605104509209934,0.29942687105747423,0.2878597175572953,0.37390281516260415,fearful,06,21,21,male,normal,2435
80,2.6693333333333333,True,1.0,0.5915798088470037,0.5755507636639664,0.583565286255485,1.227916478481285,-0.05990740740740741,-0.05833333333333329,0.30602582923327903,0.5039245364958177,0.18545780939836495,0.4752483548207218,0.01602904518303727,0.0015740740740741166,0.0005304979265774694,0.26065206899908316,0.10995861849824899,0.11443693264452558,0.0,0.9999999987499999,0.603833894854817,0.2961706635953852,0.2841625676844381,0.37570777506041014,fearful,06,21,21,male,normal,2435
90,3.003,True,1.0,0.5747544416554183,0.5755507636639665,0.5751526026596925,0.9956924369239719,-0.05888888888888888,-0.05824074074074076,0.33579268229746206,0.3567741116924105,0.1861148005130918,0.5776408269570992,0.0007963220085481781,0.0006481481481481199,0.004749367953656682,0.3004494032358494,0.10861898627493932,0.11537944903941369,0.0,0.9999999987499999,0.607423826116384,0.29548271062884435,0.2862048774294473,0.37815386418078695,fearful,06,21,21,male,normal,2435
100,3.336666666666667,True,1.0,0.5493828524350314,0.5217532114987136,0.5355680319668725,0.736209935720395,-0.05611111111111111,-0.05712962962962964,0.3591334259797578,0.21928087280526956,0.1868120900602253,0.7274664548540891,0.027629640936317812,0.0010185185185185297,0.0025180375553672018,0.3496483225336112,0.10932500212933305,0.11387723921803802,0.0,0.9999999987499999,0.6082972289540818,0.29494948387221886,0.28990222729169174,0.37868627637615376,fearful,06,21,21,male,normal,2435
110,3.6703333333333332,True,1.0,0.5486504142406541,0.5139202433285621,0.5312853287846081,0.7144567706051755,-0.05898148148148147,-0.05652777777777784,0.34985551791788966,0.27594993201260704,0.1812605229973301,0.743621378707891,0.03473017091209196,0.0024537037037036247,0.003556883164397134,0.3987746889797247,0.11015781037467748,0.11357618746272237,0.0,0.9999999987499999,0.6100965900344512,0.29051267276189857,0.2774257382975693,0.36922441158814445,fearful,06,21,21,male,normal,2435
0,0.0,True,1.0,0.5329814844656071,0.5230608657087569,0.5280211750871819,0.9316478303735414,-0.06097222222222215,-0.05865740740740727,0.3230863788843819,0.3954885980598572,0.18057625937153515,0.5667604838144403,0.009920618756850241,0.0023148148148148806,0.004212592372985312,0.3100702362063759,0.10610517378101395,0.11424539657400913,0.0,0.9999999987499999,0.6093905564178796,0.2955265709740432,0.27412102840814356,0.3724098672464845,fearful,06,21,21,male,normal,2436
10,0.33366666666666667,True,1.0,0.47729360579468544,0.46109128668896016,0.46919244624182277,1.0020307508394946,-0.06425925925925924,-0.06388888888888888,0.311752157960707,0.4190091282617434,0.18403150894573134,0.46824156429205044,0.016202319105725282,0.00037037037037035425,0.00048332332845146483,0.2971321444230991,0.1077154297145948,0.11222028738390455,0.0,0.9999999987499999,0.614670489328544,0.2965267197591883,0.2774893128327002,0.3690756682129745,fearful,06,21,21,male,normal,2436
20,0.6673333333333333,True,1.0,0.5761173456544326,0.5441773689755195,0.560147357314976,1.201850425154664,-0.06,-0.060740740740740706,0.3071772625408704,0.4714951667914448,0.18333707863421062,0.46607077352649073,0.03193997667891313,0.0007407407407407085,0.0011945780780165537,0.2600708255831994,0.10656403221837839,0.11381750998380509,0.0,0.9999999987499999,0.6109941318011579,0.2989587511427706,0.2837861506074512,0.37796276222171826,fearful,06,21,21,male,normal,2436
30,1.0010000000000001,True,1.0,0.542351352262396,0.5413791962594514,0.5418652742609237,1.1588895181116812,-0.055416666666666614,-0.055925925925926046,0.3245140482591657,0.4038407715292937,0.1840281923557306,0.46757284951877925,0.0009721560029445353,0.0005092592592594314,0.004801087221291676,0.26592701782471495,0.10346343005221945,0.11631607493456395,0.0,0.9837796793253016,0.6110181273056098,0.2997173317447808,0.277379371625986,0.3771900424996241,fearful,06,21,21,male,normal,2436
40,1.3346666666666667,True,1.0,0.5751839993577561,0.532076957753589,0.5536304785556725,0.9638365031664071,-0.05884259259259261,-0.05694444444444452,0.34384926279525474,0.38213914849428854,0.18615210035902047,0.5744028958613614,0.04310704160416712,0.0018981481481480933,0.004805867364717391,0.31028646412358796,0.10687157254355248,0.1136964795898847,0.0,0.9999999987499999,0.6078411084668243,0.29969070732009045,0.28644883587218634,0.38430136984933694,fearful,06,21,21,male,normal,2436
50,1.6683333333333334,True,1.0,0.5968758876164351,0.5769433342642601,0.5869096109403475,1.0922200643906614,-0.0589351851851852,-0.058379629629629726,0.34512017498220154,0.42383165557086927,0.186807189203152,0.5373547237184098,0.01993255335217492,0.0005555555555554759,0.0012711617274736352,0.2942117279569663,0.10630672916030592,0.1142247863832167,0.0,0.9999999987499999,0.6098631673919567,0.2980675818650164,0.3002988834070529,0.4054222564467701,fearful,06,21,21,male,normal,2436
60,2.0020000000000002,True,1.0,0.6180607663527938,0.6022262389757824,0.6101435026642881,1.2319323872463388,-0.059953703703703676,-0.059907407407407354,0.3216852525765498,0.5191715060538138,0.18264264843016134,0.49527353041517447,0.01583452737701141,4.629629629632204e-05,0.005214797126084001,0.25714285714285684,0.10422630073919661,0.11612622754099976,0.0,0.9999999987499999,0.6094373416944904,0.2981761131247106,0.2830909606934645,0.3891064110961694,fearful,06,21,21,male,normal,2436
70,2.3356666666666666,True,1.0,0.5978095971525349,0.594139797736107,0.595974697444321,1.150702595554262,-0.05870370370370365,-0.05717592592592596,0.33845331327466915,0.37227339730575953,0.18145361677040908,0.5179224412518652,0.0036697994164278658,0.0015277777777776835,0.0060018327585685165,0.25642505048651215,0.10609939909907512,0.11541214704245062,0.0,0.9999999987499999,0.6072180142213135,0.30038278815194525,0.28249254126888995,0.3809024200023586,fearful,06,21,21,male,normal,2436
80,2.6693333333333333,True,1.0,0.5958869223254636,0.5633067122250602,0.5795968172752619,1.1025877364190522,-0.06046296296296283,-0.05805555555555558,0.2808794345746931,0.4900124098104802,0.18402943608398534,0.5256695663581904,0.03258021010040335,0.002407407407407247,0.0012432969299286472,0.26106010955199804,0.10838928858886283,0.11326432930771892,0.0,0.9999999987499999,0.6044686715076655,0.29628653752332557,0.2747742375688717,0.37375559462696994,fearful,06,21,21,male,normal,2436
90,3.003,True,1.0,0.5705586478530486,0.5522684142996147,0.5614135310763316,0.9948131511958034,-0.0591666666666667,-0.05828703703703708,0.34808705745349067,0.3669236771775936,0.1826990322656853,0.5643406808620203,0.018290233553433843,0.0008796296296296191,0.0060763649280944805,0.29552442545625773,0.1056323398667781,0.11484873209258857,0.0,0.9999999987499999,0.6066128249033989,0.2980890994478501,0.28170958231884213,0.3857635374750916,fearful,06,21,21,male,normal,2436
100,3.336666666666667,True,1.0,0.5447501745960625,0.5637551957212191,0.5542526851586408,0.6914623267929776,-0.05745370370370373,-0.055277777777777704,0.3590380168306998,0.1650080552574145,0.18979609920100676,0.8015659909185232,0.019005021125156674,0.0021759259259260255,0.0032443524122393727,0.38419553779336185,0.10717510548078923,0.11341040187769816,0.0,0.9999999987499999,0.6055102602369073,0.2977515350502544,0.2859158808823384,0.376585136369245,fearful,06,21,21,male,normal,2436
110,3.6703333333333332,True,1.0,0.5476773428331508,0.5164132576167649,0.5320453002249579,0.7631389228748497,-0.058379629629629615,-0.05611111111111111,0.34988372911142623,0.25971758307069026,0.18479200939497276,0.6971801388673372,0.031264085216385906,0.002268518518518503,0.0064385695357181095,0.3971188751917105,0.10771958746624198,0.11306200472629044,0.0,0.964052018623854,0.6100702717258779,0.29588363644070526,0.28106258783756444,0.37311738851035686,fearful,06,21,21,male,normal,2436
0,0.0,True,1.0,0.5494949494949495,0.5338152422114553,0.5416550958532024,1.074074074074073,-0.06259259259259253,-0.060462962962962996,0.30427770055908854,0.4814814814814812,0.1778395651362625,0.5042995720012579,0.015679707283494215,0.002129629629629537,0.012343894956647637,0.2812500000000008,0.10666743779570381,0.11587807201207419,0.0,0.9999999987499999,0.6098582206320028,0.294911642768307,0.2750535328396219,0.37070399817574495,fearful,06,21,21,male,normal,2437
10,0.33366666666666667,True,1.0,0.5330549404351335,0.549100062777551,0.5410775016063423,1.1363115693012587,-0.06157407407407406,-0.0616666666666667,0.30665160064366037,0.49484536082474184,0.18056231624629018,0.4761700190547756,0.016045122342417506,9.259259259264407e-05,0.01443710773176815,0.2726548977888384,0.10625431521263307,0.1127630589329716,0.0,0.9999999987499999,0.6117269031049921,0.2965765336561315,0.27867580231776284,0.3753731678531885,fearful,06,21,21,male,normal,2437
20,0.6673333333333333,True,1.0,0.5493500571129776,0.5477063271454974,0.5485281921292375,0.9448667120390236,-0.06282407407407414,-0.06467592592592603,0.3542155754621705,0.36031415073324835,0.1854429990664996,0.5805349951904993,0.0016437299674801897,0.0018518518518518823,0.012554410796216444,0.3245806039401427,0.10615055220104111,0.11667878136864246,0.0,0.9999999987499999,0.6076662010116547,0.2987269714725463,0.28030306799209154,0.37599114439379827,fearful,06,21,21,male,normal,2437
30,1.0010000000000001,True,1.0,0.5657985764489685,0.5837000295730547,0.5747493030110116,1.178407145726783,-0.06560185185185174,-0.07291666666666669,0.3151911519716463,0.4713452093228958,0.19793054364727788,0.48773406126668956,0.017901453124086197,0.0073148148148149406,0.008179318701193488,0.2682591861190477,0.10254244852670831,0.11582022843911247,0.0,0.9999999987499999,0.6125661599014607,0.30153269290658563,0.2803981976276749,0.37223240300209015,fearful,06,21,21,male,normal,2437
40,1.3346666666666667,True,1.0,0.5657985764489685,0.5591195815490762,0.5624590789990223,1.0010787486515638,-0.07282407407407404,-0.07574074074074072,0.3304132594410235,0.36245954692556653,0.2104529220518775,0.5618529808535494,0.006678994899892321,0.0029166666666666785,0.016823014440907218,0.31082338581586166,0.10549434720451745,0.11662077290094353,0.0,0.9999999987499999,0.6052660549297844,0.3026248049902058,0.2939503560078958,0.3778743005081453,fearful,06,21,21,male,normal,2437
50,1.6683333333333334,True,1.0,0.565656565656565,0.5683231159214436,0.5669898407890043,1.0585166001961435,-0.06967592592592603,-0.07546296296296295,0.36806953600478504,0.31128581405489336,0.20557930840615526,0.5356456768688757,0.002666550264878609,0.005787037037036924,0.012228822347866496,0.29282404272504325,0.10385441999514426,0.11904765892976306,0.0,0.9999999987499999,0.6068250611729067,0.3041442573616941,0.30583163992058887,0.40397126488725527,fearful,06,21,21,male,normal,2437
60,2.0020000000000002,True,1.0,0.5970101472666406,0.5837000295730557,0.5903550884198481,1.137777777777777,-0.0601388888888888,-0.059027777777777735,0.319303457746908,0.42666666666666625,0.18901971014220054,0.5188667769315074,0.013310117693584922,0.0011111111111110628,0.0023013689124105315,0.28124999999999956,0.10431466065622827,0.11538829347380591,0.0,0.9999999987499999,0.615800846408876,0.29254530356623615,0.28036779444490634,0.3912844171120342,fearful,06,21,21,male,normal,2437
70,2.3356666666666666,True,1.0,0.5751633389462109,0.5486953582548535,0.5619293486005321,0.7204075321212495,-0.06046296296296294,-0.05851851851851847,0.35348059847554064,0.2721326970426008,0.18755858459758648,0.7800159264658487,0.026467980691357362,0.0019444444444444708,0.007040672405853505,0.38746973010970587,0.1067998927995124,0.11376381404989426,0.0,0.9999999987499999,0.60529780070622,0.2970342104837448,0.28271804187931326,0.37084301676150083,fearful,06,21,21,male,normal,2437
80,2.6693333333333333,True,1.0,0.5472288593369906,0.5637551957212203,0.5554920275291055,0.920735208337747,-0.05958333333333332,-0.057870370370370294,0.34326947620387,0.33703785078933934,0.1881960660357054,0.603313550409314,0.016526336384229734,0.0017129629629630272,0.0004740862584138837,0.31187980790834946,0.1066907910514152,0.11716474104583607,0.0,0.9999999987499999,0.6079551570003001,0.29773039778225524,0.28167297633977906,0.3737684063467778,fearful,06,21,21,male,normal,2437
90,3.003,True,1.0,0.5705595086823585,0.5747544416554191,0.5726569751688888,1.2342684125968795,-0.05981481481481482,-0.05879629629629629,0.30274018885811227,0.504909649773571,0.18338368042406805,0.46396470113338506,0.004194932973060617,0.0010185185185185297,0.0014941289205578,0.2556725327228707,0.10680184314200138,0.11657425058093056,0.0,0.9999999987499999,0.6100013487973315,0.2978870962253167,0.27757910956568965,0.3720795769621952,fearful,06,21,21,male,normal,2437
100,3.336666666666667,True,1.0,0.5962883062577546,0.5695736551775737,0.5829309807176641,1.03425863501067,-0.06083333333333324,-0.0601388888888888,0.32844387216272336,0.4223037181015846,0.18202661368810885,0.5636220583371299,0.026714651080180896,0.000694444444444442,0.00014182447162646943,0.2910897132277479,0.1089343721972072,0.1147501464008753,0.0,0.9999999987499999,0.6142004939006853,0.29613694611156866,0.28450098197990026,0.37830345913301733,fearful,06,21,21,male,normal,2437
110,3.6703333333333332,True,1.0,0.5384266393322056,0.5679859257983144,0.5532062825652599,0.7071993549512554,-0.05902777777777779,-0.05740740740740735,0.34434610002235155,0.20551088462764514,0.18763178962148844,0.7822494162249206,0.029559286466108836,0.0016203703703704386,0.003680652726154584,0.39299583957153417,0.10779946323181623,0.11399309561933299,0.0,0.9999999987499999,0.6031507170133678,0.297579010503731,0.2827606893614955,0.3684420567410007,fearful,06,21,21,male,normal,2437
120,4.0040000000000004,True,1.0,0.5653094945608936,0.5482914634260091,0.5568004789934513,0.7070179288370215,-0.059629629629629644,-0.05694444444444435,0.34108771600089655,0.23839262616806967,0.19107446757872656,0.7875337474246744,0.017018031134884537,0.0026851851851852904,0.008840827479062851,0.37932801064921795,0.1064862666287158,0.11455745000291472,0.0,0.9999999987499999,0.612219463496336,0.2892875345619703,0.28287954896498774,0.3833804847473861,fearful,06,21,21,male,normal,2437
0,0.0,True,1.0,0.5981143378841428,0.5637551957212202,0.5809347668026815,1.063019379834052,-0.062361111111111034,-0.06111111111111106,0.3252938175387154,0.461803501075449,0.17586805555555554,0.5464949913644767,0.034359142162922574,0.0012499999999999734,0.011439390967655826,0.2863303327623939,0.10527947744101024,0.1148409605640099,0.0,0.9999999987499999,0.6082558969916092,0.2986609830976934,0.28050792670409286,0.37707248254086906,fearful,06,21,21,male,strong,2438
10,0.33366666666666667,True,1.0,0.5705586478530514,0.5652196816474806,0.567889164750266,1.046770693427527,-0.06185185185185188,-0.06060185185185185,0.3394879560657636,0.43198338525441327,0.18134468499349693,0.54251534583069,0.005338966205570839,0.0012500000000000289,0.006046808942828223,0.29463111347091264,0.10823899818258567,0.1132398406021516,0.0,0.9999999987499999,0.6061076412908915,0.3001079137661611,0.28602106637758706,0.3729395306708764,fearful,06,21,21,male,strong,2438
20,0.6673333333333333,True,1.0,0.6080212965133321,0.6354130998097547,0.6217171981615435,1.2306271763778796,-0.06777777777777788,-0.07217592592592598,0.368982744825666,0.43299845094777195,0.19449191528203505,0.5052035336903996,0.027391803296422546,0.0043981481481480955,0.004317039427340314,0.257240866351247,0.10829584558395196,0.11617582843328778,0.0,0.9999999987499999,0.6068259178358842,0.29821669101932424,0.30263066575421105,0.3996864516181801,fearful,06,21,21,male,strong,2438
30,1.0010000000000001,True,1.0,0.617803613532125,0.6280639124642255,0.6229337629981753,1.0290914600895873,-0.06689814814814815,-0.07532407407407404,0.4003774263820026,0.2748861336531546,0.20427463297768614,0.6053240038975214,0.010260298932100564,0.008425925925925892,0.015301536301181114,0.31591527903123745,0.09109454720366465,0.118611975300684,0.0,0.9999999987499999,0.6585832148171767,0.3147971546004596,0.3033843446447019,0.4506031069955761,fearful,06,21,21,male,strong,2438
40,1.3346666666666667,True,1.0,0.6296342289350895,0.6341195815788278,0.6318769052569586,1.3658832852984224,-0.06254629629629643,-0.06870370370370366,0.3034451765405606,0.5893704964671376,0.20009763241977646,0.4626141282041563,0.004485352643738283,0.006157407407407223,0.0012280916904924204,0.239255230142181,0.10547559138201619,0.11598252366820595,0.0,0.9999999987499999,0.6114680811230743,0.2931694182636529,0.30252943571769775,0.41155925939106613,fearful,06,21,21,male,strong,2438
50,1.6683333333333334,True,1.0,0.6187359132780856,0.6294128638485301,0.6240743885633079,1.096176009232483,-0.065462962962963,-0.0736574074074074,0.38662463102599387,0.31848357024997836,0.19733398804732605,0.5693195101033731,0.010676950570444488,0.008194444444444393,0.007170717741288108,0.2812499999999998,0.1024472497777612,0.11786045752893916,0.0,0.9999999987499999,0.6118613719472163,0.2972824134014837,0.30766483912807263,0.42207990639700416,fearful,06,21,21,male,strong,2438
60,2.0020000000000002,True,1.0,0.6296342289350894,0.6388348503649022,0.6342345396499958,1.3812121317697164,-0.06763888888888897,-0.07597222222222222,0.3571311283210322,0.5079365079365076,0.19937023807184523,0.45918691637711373,0.009200621429812816,0.008333333333333248,0.013572076267610957,0.23945507654465087,0.08968699119394698,0.12015645079532972,0.0,0.9999999987499999,0.6565810390171695,0.31690979714342127,0.28674306266337196,0.4334959146419673,fearful,06,21,21,male,strong,2438
70,2.3356666666666666,True,1.0,0.6381359188125314,0.6674180492425883,0.6527769840275599,0.9277611033560172,-0.06504629629629627,-0.07291666666666669,0.3577492665453522,0.3144952892732262,0.1986299329492682,0.7036046043170496,0.029282130430056896,0.007870370370370416,0.00019264881281594215,0.2955508474576278,0.11046475497874769,0.1141155168696337,0.0,0.9999999987499999,0.600705127746411,0.2957751466639989,0.29740645855407216,0.366829306378989,fearful,06,21,21,male,strong,2438
80,2.6693333333333333,True,1.0,0.7006120283106985,0.6753332813085128,0.6879726548096057,1.4836698586652386,-0.06865740740740744,-0.07527777777777778,0.26726218624752196,0.7104897914734938,0.20490616872228287,0.46369659044535017,0.025278747002185686,0.006620370370370332,0.008895846300028099,0.19066177986874477,0.10957727715584646,0.11529892240996863,0.0,0.9999999987499999,0.5909575729276084,0.2962769238887793,0.29182323792747294,0.36445101767773236,fearful,06,21,21,male,strong,2438
90,3.003,True,1.0,0.6131313876192671,0.6577837663959428,0.635457577007605,1.1686142405224798,-0.06370370370370365,-0.0701388888888888,0.3721080514699008,0.3640006654195762,0.19592097059741992,0.5437701809311309,0.044652378776675716,0.006435185185185155,0.003048671673733832,0.2713563868226921,0.107528506943723,0.11688641271347047,0.0,0.9999999987499999,0.6015057613357842,0.30237916285757294,0.31300054293652163,0.4139266825618572,fearful,06,21,21,male,strong,2438
100,3.336666666666667,True,1.0,0.5863924434144154,0.6093385494393896,0.5978654964269026,1.1956820240801562,-0.06550925925925916,-0.07231481481481483,0.36921378042080194,0.38314176245210735,0.1953456038689655,0.5000204773395697,0.022946106024974156,0.006805555555555676,0.00015540698735454868,0.2670722506757447,0.10696716843336594,0.11410854135114831,0.0,0.9999999987499999,0.6031893648396859,0.3018935374416183,0.3046110053472203,0.41463642235427384,fearful,06,21,21,male,strong,2438
110,3.6703333333333332,True,1.0,0.6982891654756567,0.717814067973182,0.7080516167244193,1.1442587581807755,-0.06337962962962951,-0.06851851851851853,0.3657674967684072,0.4019323671497583,0.19468952053705743,0.6187862768471447,0.019524902497525365,0.005138888888889026,0.004325766888875248,0.2749086072692725,0.10395450048966186,0.11669658183395748,0.0,0.9999999987499999,0.6072113579259828,0.3032563129693881,0.2917915466568923,0.3997187014462044,fearful,06,21,21,male,strong,2438
0,0.0,True,1.0,0.6180607663527955,0.6076289797360215,0.6128448730444085,1.059717860764911,-0.05995370370370362,-0.05958333333333332,0.32807720950050806,0.4187422438952917,0.1840427019957316,0.5783094687127885,0.01043178661677402,0.00037037037037029874,0.005467299794989855,0.29031063290731507,0.10870027180380673,0.11480609960652301,0.0,0.9999999987499999,0.605469506177471,0.299194262690997,0.28810880954893847,0.3780379229298699,fearful,06,21,21,male,strong,2439
10,0.33366666666666667,True,1.0,0.6228178113784667,0.589064026034046,0.6059409187062563,1.0339130230400237,-0.059814814814814876,-0.059537037037037,0.3439288192203086,0.385527690568557,0.1855092249813157,0.586065660460106,0.03375378534442075,0.0002777777777778767,0.0026389718956552253,0.30717338472795136,0.10679027048290328,0.11444071132930618,0.0,0.9999999987499999,0.6002393506543242,0.2988665861829012,0.2869415158277367,0.37755876367870106,fearful,06,21,21,male,strong,2439
20,0.6673333333333333,True,1.0,0.6338952937298061,0.6619485906631537,0.6479219421964799,1.2209512021089548,-0.06203703703703711,-0.06703703703703706,0.3699455698913928,0.35538573685820535,0.1916989064398953,0.5306698097985582,0.02805329693334757,0.004999999999999949,0.0001463202988804156,0.25658294202322085,0.10836724462830995,0.11708961209027802,0.0,0.9999999987499999,0.6007608620244973,0.30134648783917006,0.30744100049295847,0.40665387230753347,fearful,06,21,21,male,strong,2439
30,1.0010000000000001,True,1.0,0.6296342289350894,0.6147347280507394,0.6221844784929144,1.1544159541387307,-0.06217592592592597,-0.07120370370370371,0.3893469643000282,0.31820439761516284,0.19874973631505963,0.5389603948752635,0.014899500884349992,0.009027777777777746,0.008297510056675516,0.26713474582629493,0.1054666790599384,0.11582625710381907,0.0,0.9999999987499999,0.6037036310070903,0.3034558105295881,0.31462059920584085,0.41606473635502217,fearful,06,21,21,male,strong,2439
40,1.3346666666666667,True,1.0,0.6453731232580184,0.6706935510274706,0.6580333371427445,1.3106753368319275,-0.06231481481481488,-0.06949074074074074,0.31837409357119056,0.5476109284023802,0.20077995992193742,0.5020567021069432,0.025320427769452203,0.007175925925925863,0.005539261235848797,0.23926233285624623,0.10437167936115463,0.11681393227634583,0.0,0.9999999987499999,0.5992361689441402,0.3015779823908142,0.3044278935514537,0.39943117156359265,fearful,06,21,21,male,strong,2439
50,1.6683333333333334,True,1.0,0.6654462858030588,0.6670915085790741,0.6662688971910664,1.06955736224029,-0.06185185185185188,-0.06902777777777774,0.3903208161943405,0.27461607949412853,0.20073245582099242,0.6229389097892819,0.0016452227760153093,0.007175925925925863,0.005597123322730107,0.29645270270270185,0.10890644692063198,0.11626097751146894,0.0,0.9999999987499999,0.5997595259510053,0.3003348197215236,0.31776244635764606,0.40594439781600083,fearful,06,21,21,male,strong,2439
60,2.0020000000000002,True,1.0,0.5652196816474818,0.6010338118326405,0.5831267467400612,1.0568341245538364,-0.06393518518518532,-0.06902777777777774,0.3364695337981972,0.3605362993271572,0.19668300026825294,0.551767522633923,0.035814130185158666,0.0050925925925924265,0.004213173936232775,0.27714107792850423,0.10383842081365517,0.11315443385479608,0.0,0.9999999987499999,0.6086864824679873,0.30342497842726707,0.28338386462290394,0.377169606009408,fearful,06,21,21,male,strong,2439
70,2.3356666666666666,True,1.0,0.6301017694342329,0.6593678131367491,0.644734791285491,1.013559942730378,-0.062129629629629646,-0.0698611111111111,0.3675691205848045,0.31964924381673226,0.19864952113169718,0.6361091871376373,0.029266043702516176,0.00773148148148145,0.0076380194139185386,0.3032637287315787,0.10493702996105889,0.11793303796967784,0.0,0.9999999987499999,0.6069551583289566,0.2948236759509893,0.301239731355623,0.4000444856961898,fearful,06,21,21,male,strong,2439
80,2.6693333333333333,True,1.0,0.6088606632018039,0.6208625113388174,0.6148615872703107,1.582455738245724,-0.061944444444444524,-0.06879629629629624,0.2905053072588267,0.6642246642246628,0.19868638776562578,0.38854899534310694,0.012001848137013549,0.00685185185185172,0.007668810432290949,0.20176208069243665,0.1063283460841078,0.11520125430360248,0.0,0.9999999987499999,0.5960256592324429,0.29737637274937995,0.2979186360577994,0.39890521077890195,fearful,06,21,21,male,strong,2439
90,3.003,True,1.0,0.6028708898606976,0.6371859878891162,0.6200284388749069,1.1407711786463477,-0.06282407407407403,-0.07,0.3809463140897601,0.35555555555555546,0.19309507067744305,0.5435169212555315,0.03431509802841859,0.0071759259259259744,0.0025335805105705465,0.2702849958912925,0.10879967491508014,0.11619705617433704,0.0,0.9768946445723528,0.6018475643069728,0.30021601072377496,0.3130287729964313,0.40787696789291117,fearful,06,21,21,male,strong,2439
100,3.336666666666667,True,1.0,0.5815144804746909,0.5843537378992321,0.5829341091869615,1.1109891985464366,-0.06162037037037038,-0.0681018518518518,0.37957232202778046,0.30367038093602594,0.19861149524808663,0.5246982688487374,0.002839257424541164,0.0064814814814814214,0.011455979141795204,0.28531172036524866,0.10749457919049826,0.11772955646270634,0.0,0.9999999987499999,0.6026785196656788,0.3022310745635121,0.3083549513718402,0.3955721655353487,fearful,06,21,21,male,strong,2439
110,3.6703333333333332,True,1.0,0.6141414141414132,0.6238938998632927,0.6190176570023529,1.1736499359579933,-0.06203703703703711,-0.06907407407407412,0.3652624054236431,0.4092219930242153,0.19446366956824943,0.527429549507945,0.009752485721879478,0.007037037037037008,0.016609197038730455,0.2741570985703788,0.10761027591175659,0.11582839943349384,0.0,0.9999999987499999,0.6046740003032463,0.3016701071136207,0.3070490888686851,0.40976398412541376,fearful,06,21,21,male,strong,2439
0,0.0,True,1.0,0.5552758196085359,0.5714196523386125,0.5633477359735741,1.092629934304535,-0.060833333333333295,-0.060046296296296264,0.31609386653682464,0.5015137297606657,0.1778296977626925,0.5155887810561846,0.01614383273007658,0.0007870370370370305,0.0030780377620449246,0.2771128686502298,0.10964987357167594,0.1137321013416937,0.0,0.9999999987499999,0.6069418368206657,0.2964931272265403,0.28143891135750415,0.37093340911617484,fearful,06,21,21,male,strong,2440
10,0.33366666666666667,True,1.0,0.618993454156552,0.6015092337629748,0.6102513439597634,1.0953984287317617,-0.06111111111111106,-0.059583333333333266,0.31604423536949267,0.4848484848484843,0.1800307041767416,0.5571044543731039,0.01748422039357722,0.0015277777777777946,0.003849354875470059,0.276639344262295,0.10850147386871474,0.11482820131987106,0.0,0.9999999987499999,0.6025869903742747,0.2964820806048381,0.2759854776722739,0.36555832666942256,fearful,06,21,21,male,strong,2440
20,0.6673333333333333,True,1.0,0.5970101472666394,0.5863924434144147,0.591701295340527,1.1485743562396054,-0.0618055555555555,-0.05958333333333332,0.3154898974027306,0.5024818734652988,0.18126515292262474,0.5151615061977681,0.010617703852224714,0.002222222222222181,0.0013176559193128997,0.27289805825500096,0.10619327165786673,0.11777773321821161,0.0,0.8824798169808833,0.6025361807848139,0.29837617651216075,0.27333127233569443,0.3637289591841877,fearful,06,21,21,male,strong,2440
30,1.0010000000000001,True,1.0,0.6090052255033039,0.6020769423390429,0.6055410839211735,1.1306292791395471,-0.059814814814814876,-0.060833333333333406,0.3233888969018133,0.41275296748935164,0.19171482531582354,0.5355788100428585,0.006928283164261084,0.0010185185185185297,0.009250198739253224,0.2767746823514638,0.10331681760064652,0.1169361265358719,0.0,0.9999999987499999,0.6154936360872475,0.29546076982946096,0.2780729497237125,0.3870697267009081,fearful,06,21,21,male,strong,2440
40,1.3346666666666667,True,1.0,0.5925608385663302,0.587807043881166,0.5901839412237482,1.4407218769590022,-0.059120370370370434,-0.06129629629629629,0.31133960363928276,0.5332399729940785,0.18754068568996568,0.40964460293299393,0.0047537946851642365,0.002175925925925859,0.007422799054984913,0.21914999666861557,0.10119297956195099,0.11877880019504854,0.0,0.9999999987499999,0.6015166286123825,0.30741534850413027,0.2835444564004735,0.3847480379224092,fearful,06,21,21,male,strong,2440
50,1.6683333333333334,True,1.0,0.6088682683193687,0.6126932969777185,0.6107807826485436,1.1792688400170495,-0.059537037037036944,-0.061481481481481415,0.34532504900849825,0.421113061556337,0.19106208921678955,0.5179317573079546,0.0038250286583497717,0.0019444444444444708,0.011011979216774524,0.2735521877864367,0.10136802504465134,0.12022472899658812,0.0,0.9999999987499999,0.6042986907419218,0.304527769709396,0.2854952072406437,0.3923099830766631,fearful,06,21,21,male,strong,2440
60,2.0020000000000002,True,1.0,0.5793845651131284,0.5633067122250602,0.5713456386690943,0.7872640905388114,-0.059398148148148255,-0.058425925925925826,0.3434532736533861,0.19262844768502901,0.19102055594950887,0.7257356781992427,0.016077852888068178,0.0009722222222224297,0.001857934292692189,0.3357811511082267,0.1047138119870306,0.11552201573747137,0.0,0.9999999987499999,0.5998979341189602,0.30251518030027447,0.2768918607607188,0.36225721622711066,fearful,06,21,21,male,strong,2440
70,2.3356666666666666,True,1.0,0.58179835380401,0.5886666208120487,0.5852324873080293,1.059253818474045,-0.05958333333333343,-0.058981481481481524,0.332457132623335,0.3758487901063989,0.19452133353920625,0.552495046136451,0.006868267008038664,0.0006018518518519089,0.002327496327811314,0.29938284018566813,0.10582390971742806,0.11664891766051227,0.0,0.9999999987499999,0.6082592749599839,0.29303397126530056,0.2859216972752749,0.3908087427227635,fearful,06,21,21,male,strong,2440
80,2.6693333333333333,True,1.0,0.5978095971525362,0.5633067122250602,0.5805581546887982,1.294451206168054,-0.059537037037037,-0.06083333333333335,0.3300916489311934,0.4745787218249376,0.18962357202320673,0.4484975191976656,0.034502884927475996,0.001296296296296351,0.004900830061594939,0.24783100740408956,0.10582217981372044,0.1184334392881477,0.0,0.9999999987499999,0.5954285042532638,0.30230762687533547,0.293306189545026,0.3932598293706592,fearful,06,21,21,male,strong,2440
90,3.003,True,1.0,0.5692631222712439,0.5388733698089113,0.5540682460400776,1.1228075512455813,-0.05740740740740741,-0.058935185185185146,0.37350516887054586,0.33524188985657266,0.18760413774754542,0.49346679707081115,0.030389752462332553,0.001527777777777739,0.006665853401033981,0.28155835888816555,0.10502808591777171,0.11638791750880997,0.0,0.9999999987499999,0.6111229248027337,0.29538061221121203,0.29576736546480586,0.4143182731625235,fearful,06,21,21,male,strong,2440
100,3.336666666666667,True,1.0,0.5758197219087964,0.5681409623249106,0.5719803421168534,0.8721988180382835,-0.059074074074074,-0.0585648148148149,0.3453196399467123,0.2934597785221049,0.1847721908661628,0.6557912373732975,0.0076787595838857525,0.0005092592592590983,0.0019780107798520767,0.33580892614511826,0.10487321639521029,0.11831229048400459,0.0,0.9999999987499999,0.607565030762305,0.30181762236113857,0.2795825611268524,0.3734686949448211,fearful,06,21,21,male,strong,2440
110,3.6703333333333332,True,1.0,0.5341557441859216,0.5322497537094784,0.5332027489477,0.7198902251103683,-0.057361111111111196,-0.05796296296296294,0.3618835641733744,0.19996950697510157,0.18759153039354048,0.7406723002329325,0.0019059904764432423,0.0006018518518517424,0.0014104717961047903,0.37762456043268067,0.10163702718336513,0.11546629871146134,0.0,0.9999999987499999,0.6025765897296419,0.3047296275778669,0.2759396195822297,0.36292305009382386,fearful,06,21,21,male,strong,2440
0,0.0,True,1.0,0.5554152242648831,0.5384266393322055,0.5469209317985443,0.9911067434615124,-0.05972222222222223,-0.059398148148148144,0.32454898123062653,0.3825138020606788,0.18198637216357724,0.5518284840726471,0.01698858493267763,0.0003240740740740877,0.002857000536823256,0.3162610283909846,0.10762349301129336,0.11399223625470442,0.0,0.9999999987499999,0.6160998972792243,0.2924460752163517,0.27825571798321175,0.38385532686690915,fearful,06,21,21,male,strong,2441
10,0.33366666666666667,True,1.0,0.5656535185663734,0.5226617584285285,0.5441576384974509,1.0269196036884911,-0.05944444444444452,-0.058240740740740704,0.32606615251566856,0.40902729977422975,0.1820048173001131,0.5298931255601167,0.04299176013784489,0.0012037037037038179,0.007144330810185698,0.29748848468561045,0.10824598914514648,0.11423822366416853,0.0,0.9999999987499999,0.6169096744400885,0.29210786102047465,0.2795395479892279,0.3835212465968619,fearful,06,21,21,male,strong,2441
20,0.6673333333333333,True,1.0,0.5647700331105856,0.5914112532168011,0.5780906431636934,1.1172234218667467,-0.07032407407407415,-0.0755555555555556,0.32021296294026685,0.42559195898877705,0.2013983596387191,0.5174351269845141,0.026641220106215502,0.005231481481481448,0.006424702948253406,0.2874610861853063,0.10628279698966275,0.11623096370306195,0.0,0.9999999987499999,0.6168362801214236,0.2922269607211942,0.2808427761777036,0.3836415558329258,fearful,06,21,21,male,strong,2441
30,1.0010000000000001,True,1.0,0.5300834981537667,0.48863824384131704,0.5093608709975419,1.360770579702352,-0.05986111111111103,-0.06949074074074069,0.3028406839040148,0.4913743806763831,0.20560899561060816,0.37431796262743783,0.04144525431244961,0.009629629629629655,0.014618161314449951,0.23436784777002845,0.10393304869986421,0.11817566289060157,0.0,0.91117700700192,0.6060860358362095,0.30150598012524693,0.2995296523640971,0.3903463881963914,fearful,06,21,21,male,strong,2441
40,1.3346666666666667,True,1.0,0.6614950023215236,0.6710559850100354,0.6662754936657795,1.166513166457198,-0.06217592592592597,-0.06643518518518526,0.30477047657209144,0.4906566161595548,0.19869752321601994,0.5711684298337723,0.009560982688511799,0.004259259259259296,0.0015949624503490975,0.2678464667917384,0.10639757607130175,0.11612590436883553,0.0,0.9999999987499999,0.6095206894867321,0.29636593313167575,0.29233380028911066,0.39012952995025413,fearful,06,21,21,male,strong,2441
50,1.6683333333333334,True,1.0,0.5958646760788865,0.6045492948732338,0.6002069854760601,1.0795127845948862,-0.06333333333333335,-0.06884259259259262,0.35554989315044266,0.34920634920634935,0.19869752321601994,0.5559980335955934,0.008684618794347343,0.005509259259259269,0.008173098578615359,0.2812115177360787,0.105356375157371,0.11723398833255505,0.0,0.9999999987499999,0.6059326766409691,0.29588751896699383,0.3007199842817154,0.41060084878348907,fearful,06,21,21,male,strong,2441
60,2.0020000000000002,True,1.0,0.6625297973342982,0.6308583606976196,0.6466940790159589,1.1635199299349257,-0.06259259259259259,-0.06648148148148159,0.34924639018323805,0.37974838830725904,0.1972469785909827,0.5558083384546131,0.031671436636678596,0.003888888888888997,0.0009587273732941439,0.2656168941393649,0.09131569095034828,0.11682218250750963,0.0,0.9999999987499999,0.6548087110312873,0.3175366634260946,0.27551110045556493,0.4169271874014446,fearful,06,21,21,male,strong,2441
70,2.3356666666666666,True,1.0,0.6785552284274994,0.6750231387785526,0.676789183603026,1.3875338753387532,-0.06347222222222215,-0.067962962962963,0.2627522748911828,0.6720867208672096,0.1965665948917417,0.48776407958889967,0.0035320896489468012,0.004490740740740851,0.005357328045330445,0.21151541204188865,0.10864735678533953,0.11469018054432824,0.0,0.9999999987499999,0.604032972532763,0.29457637140874504,0.2830669918454365,0.37905746854972805,fearful,06,21,21,male,strong,2441
80,2.6693333333333333,True,1.0,0.6190476190476184,0.6371859878891165,0.6281168034683675,1.1023223140822416,-0.062083333333333324,-0.0641666666666667,0.3451457978958601,0.4112998013634258,0.1882528129298553,0.5698122912365405,0.01813836884149811,0.0020833333333333814,0.0026289683233082185,0.2858276276132014,0.10791338991317048,0.11685769745701416,0.0,0.9999999987499999,0.5947865528867797,0.30113390366669274,0.292944319697757,0.3864985909904823,fearful,06,21,21,male,strong,2441
90,3.003,True,1.0,0.5808896519805158,0.593739860045156,0.5873147560128359,1.0342483209628421,-0.061111111111111116,-0.06439814814814815,0.34911298144456454,0.36358888242184406,0.19108764366354108,0.5678662890804312,0.012850208064640212,0.0032870370370370328,0.0023644661270173415,0.30800186129900564,0.10806147614618264,0.11507692677179109,0.0,0.9999999987499999,0.6037104259047369,0.29432805882476637,0.29211684047311925,0.3999597083350923,fearful,06,21,21,male,strong,2441
100,3.336666666666667,True,1.0,0.6080212965133334,0.6330597674497612,0.6205405319815473,1.0433182159950871,-0.06407407407407406,-0.06680555555555562,0.34268730763719313,0.39122922052695686,0.1898149912487888,0.5947759010319719,0.02503847093642786,0.002731481481481557,0.0007438349157069953,0.2904484149895141,0.10954152145235015,0.11299655300108112,0.0,0.9999999987499999,0.5956912545877727,0.2982642201920442,0.2930679730592229,0.38344852349977593,fearful,06,21,21,male,strong,2441
0,0.0,True,1.0,0.5373903715089267,0.5399778895373559,0.5386841305231413,1.0060174386036709,-0.06467592592592597,-0.06527777777777782,0.3147356520080978,0.4145799315880391,0.19172397807097866,0.5354620206890475,0.00258751802842927,0.0006018518518518534,0.012831572891461536,0.3175936614347934,0.11106069345901622,0.11336768368254353,0.0,0.9999999987499999,0.6060113885163441,0.28895198917286363,0.28406246292841403,0.3751664009035364,disgust,07,21,21,male,normal,2442
10,0.33366666666666667,True,1.0,0.5235025173380217,0.533483693259422,0.5284931052987218,1.013335828428689,-0.0656944444444445,-0.06393518518518526,0.32436408191117716,0.4120359048199373,0.19032628786065,0.5215379644852982,0.009981175921400354,0.0017592592592592382,0.014777990158824035,0.30916657793283286,0.10617172026319836,0.11300954262763693,0.0,0.9999999987499999,0.6117087909148035,0.2921867005458186,0.26944497924274585,0.36973352181251606,disgust,07,21,21,male,normal,2442
20,0.6673333333333333,True,1.0,0.5229042819255955,0.5146688501257204,0.5187865660256579,1.0648202807970997,-0.06319444444444444,-0.0625,0.3234716227265217,0.4292040675207679,0.1923864930105574,0.48720575235222446,0.00823543179987507,0.000694444444444442,0.008395382207856466,0.2920010600358791,0.108910875259349,0.11658412506844774,0.0,0.9999999987499999,0.5978790382559274,0.2918702338870198,0.2847010459260142,0.3762253906005493,disgust,07,21,21,male,normal,2442
30,1.0010000000000001,True,1.0,0.4192554240492393,0.39487280015454024,0.40706411210188975,1.214663152480831,-0.051944444444444404,-0.05393518518518514,0.31015398138424294,0.4713452093228947,0.17920924427469392,0.33512510136699303,0.024382623894699085,0.0019907407407407374,0.01776596883711015,0.3022281549128822,0.10488875501118881,0.11470070541558243,0.0,0.9999999987499999,0.6128026746479842,0.29462740383168373,0.28566772598163004,0.4014575927092333,disgust,07,21,21,male,normal,2442
40,1.3346666666666667,True,1.0,0.4024933626886602,0.394640983395327,0.3985671730419936,1.113401600193951,-0.048750000000000016,-0.04888888888888887,0.3173025413760291,0.4130190796857461,0.17986111111111103,0.3579725168102547,0.007852379293333211,0.0001388888888888551,0.0010638884352565136,0.29031063290731446,0.10413717398458841,0.11604209380985547,0.0,0.9999999987499999,0.6164586142816502,0.296155971794299,0.2793778175658277,0.3886324336924955,disgust,07,21,21,male,normal,2442
50,1.6683333333333334,True,1.0,0.43605870020964227,0.4287512662278151,0.43240498321872867,1.0238717346901642,-0.04972222222222222,-0.04949074074074078,0.35946002009615524,0.3779176111315429,0.17572961454399944,0.4223233912689069,0.007307433981827149,0.00023148148148144365,0.0069176875303692716,0.32339264440700327,0.10359970801359113,0.11798455224580552,0.0,0.9999999987499999,0.6016343497711584,0.302260139056508,0.28857173700130706,0.38042239283481594,disgust,07,21,21,male,normal,2442
60,2.0020000000000002,True,1.0,0.3294783179941456,0.3292999111892514,0.3293891145916985,0.7445858795718038,-0.04564814814814816,-0.045879629629629604,0.3549419024326014,0.2217756561397374,0.180566119023589,0.4423789432874063,0.00017840680489422667,0.00023148148148144365,0.011575022774913641,0.3715936074535094,0.10754400656293303,0.11456720590733652,0.0,0.9999999987499999,0.6082715117922168,0.29427554218504415,0.29496136590301514,0.3865512996471326,disgust,07,21,21,male,normal,2442
70,2.3356666666666666,True,1.0,0.36924718251063454,0.3621399176954742,0.3656935501030544,1.444730139218963,-0.047361111111111076,-0.046666666666666634,0.2853246574720192,0.6246759842471494,0.18059780572044007,0.25312239301711553,0.00710726481516033,0.000694444444444442,0.0003426276676577308,0.23600178704105343,0.10765412226391069,0.11545809482950688,0.0,0.9999999987499999,0.6063220588469762,0.29241986532928554,0.2947139454612422,0.3894625483872881,disgust,07,21,21,male,normal,2442
80,2.6693333333333333,True,1.0,0.42635492380169815,0.39593027420878313,0.41114259900524064,1.5893187027348141,-0.04800925925925936,-0.047546296296296364,0.2472417155100691,0.9097971421852589,0.16808460779644996,0.25869109719640787,0.03042464959291502,0.0004629629629629983,0.006996063030837135,0.1956456729169038,0.10838032502972225,0.1147766825128898,0.0,0.9999999987499999,0.6030209518416741,0.29704434529688706,0.2805990252448953,0.3674180460679193,disgust,07,21,21,male,normal,2442
90,3.003,True,1.0,0.46065577752703746,0.4519488337046498,0.4563023056158436,1.2706878935908543,-0.05199074074074084,-0.05203703703703699,0.30381593035293497,0.5511788809518223,0.17361155056367997,0.35909864878492914,0.00870694382238768,4.6296296296155504e-05,0.010817328546906516,0.24856309818422037,0.10915046303324831,0.11421147958778287,0.0,0.9999999987499999,0.6048306275947879,0.30108168341009234,0.28857894141328777,0.3736443014573521,disgust,07,21,21,male,normal,2442
100,3.336666666666667,True,1.0,0.4609053497942391,0.44386947679342215,0.4523874132938306,1.1964916852042708,-0.052314814814814814,-0.05152777777777762,0.3062200280333387,0.48947387121993013,0.18409782819833262,0.378094907710618,0.017035873000816937,0.0007870370370371971,0.009846087265395872,0.28977272727272774,0.10821948101464243,0.11608295854191225,0.0,0.9999999987499999,0.608380759209934,0.2939823726966318,0.29368841202620716,0.38911030519420686,disgust,07,21,21,male,normal,2442
110,3.6703333333333332,True,1.0,0.4603174603174591,0.4376496596134731,0.44898355996546613,1.1955098324633084,-0.05180555555555566,-0.05138888888888893,0.3086273074259108,0.49812909685971296,0.18131060409212146,0.37555823279207196,0.022667800703986052,0.0004166666666667318,0.0035257620158016217,0.2731478238987873,0.10713017294017362,0.11676312553857421,0.0,0.9999999987499999,0.6070268522252651,0.29340427690447896,0.2898399292169637,0.38679132636052554,disgust,07,21,21,male,normal,2442
0,0.0,True,1.0,0.48334991135216177,0.49238774304308625,0.48786882719762403,1.0425827296984822,-0.06731481481481488,-0.06717592592592592,0.3217897220323242,0.45292528421327466,0.18482792506197773,0.46794255582836775,0.00903783169092448,0.0001388888888889661,0.006282505082462762,0.2858606557377043,0.10774307743222152,0.11320803703688631,0.0,0.9999999987499999,0.602344790572479,0.2929067002100942,0.27325629486139696,0.35693436076695473,disgust,07,21,21,male,normal,2443
10,0.33366666666666667,True,1.0,0.523693373343197,0.5241140978162229,0.5239037355797099,1.0128906378374067,-0.06490740740740736,-0.06476851851851856,0.31075051206336424,0.46193032885521745,0.1840692309509921,0.5172362306539643,0.0004207244730258797,0.00013888888888879958,0.0023821556431814776,0.3058614853414696,0.11098634175852606,0.11411028467373054,0.0,0.9999999987499999,0.6017681824135904,0.29351547490048085,0.2822505894697555,0.3613735190595517,disgust,07,21,21,male,normal,2443
20,0.6673333333333333,True,1.0,0.5496547012847733,0.5423513522623974,0.5460030267735854,1.113401600193952,-0.06009259259259253,-0.0593981481481482,0.3132118427492847,0.5028058361391706,0.17570530016452998,0.4903918107163425,0.007303349022375949,0.000694444444444331,0.006225256167701503,0.281700508200753,0.1092028121464394,0.11365966578602697,0.0,0.9999999987499999,0.6091292781487595,0.29315789456342894,0.28025117350911405,0.3754454097374607,disgust,07,21,21,male,normal,2443
30,1.0010000000000001,True,1.0,0.37584879010639943,0.3923104275156897,0.3840796088110445,1.1197989730762996,-0.04671296296296301,-0.046296296296296224,0.34048862468780555,0.40946429871119366,0.17229707246693463,0.3429897848145951,0.016461637409290242,0.0004166666666667873,0.010272314935881863,0.30259644526114443,0.10373683075754313,0.11866947270093746,0.0,0.9999999987499999,0.608203910220338,0.29911866305727347,0.2878972010739757,0.3977863335546459,disgust,07,21,21,male,normal,2443
40,1.3346666666666667,True,1.0,0.42732600325103925,0.4104670727399714,0.4188965379955053,1.1960595566298546,-0.048611111111111105,-0.04726851851851854,0.29497923732929626,0.49192772087195663,0.1715282225678135,0.35023050121001753,0.01685893051106785,0.001342592592592562,0.01913556327691597,0.2635987515790375,0.10277831178985371,0.11395112204655919,0.0,0.9999999987499999,0.6163456442889655,0.2986487141471389,0.27251793388736706,0.36980858925806587,disgust,07,21,21,male,normal,2443
50,1.6683333333333334,True,1.0,0.4271008978481798,0.4197122036093861,0.42340655072878297,1.444682787387187,-0.04925925925925917,-0.0492129629629629,0.32632376478827047,0.5308652188559152,0.17362693070286378,0.2930792520166619,0.0073886942387936805,4.6296296296266526e-05,0.005148352536591674,0.23841412197333453,0.10320186558027432,0.11456979626611845,0.0,0.9999999987499999,0.6123157430784814,0.29935942807713184,0.28477292867925574,0.39146508890627296,disgust,07,21,21,male,normal,2443
60,2.0020000000000002,True,1.0,0.4444444444444462,0.4194762869995582,0.4319603657220022,1.0222561890491946,-0.051157407407407374,-0.04722222222222222,0.384515524230999,0.2814814814814805,0.17437951155754075,0.4225558821255664,0.024968157444888006,0.003935185185185153,0.0009249306417857411,0.31825435527600965,0.10566701862160448,0.11711686014396068,0.0,0.9999999987499999,0.6088482571778712,0.2992213546505345,0.2951286176463888,0.39430527238600505,disgust,07,21,21,male,normal,2443
70,2.3356666666666666,True,1.0,0.351411377701026,0.3287664246436311,0.34008890117232854,1.4439435737319701,-0.0463425925925926,-0.04574074074074064,0.34357352256724344,0.5495820269807088,0.1681209160376436,0.23552783319180937,0.02264495305739489,0.0006018518518519644,0.00387336502556473,0.2439138320629087,0.10468068866391884,0.11571679182232357,0.0,0.9999999987499999,0.6084159379454906,0.30003964625457236,0.29163605773360257,0.40052566425534525,disgust,07,21,21,male,normal,2443
80,2.6693333333333333,True,1.0,0.36876534993274124,0.35504671585934716,0.36190603289604417,1.5799146542842628,-0.04726851851851854,-0.04574074074074069,0.2571679256987925,0.7789619259297802,0.1743055555555555,0.2290668245367949,0.013718634073394076,0.00152777777777785,0.006622118831321106,0.22655558617769406,0.10823695692086105,0.11557317443473666,0.0,0.9999999987499999,0.6036771179252951,0.29748783393521605,0.2845070442003627,0.3793922611809221,disgust,07,21,21,male,normal,2443
90,3.003,True,1.0,0.3584077256374421,0.3594902654812035,0.3589489955593228,2.0362316258403785,-0.0463425925925926,-0.04467592592592584,0.2383474598642452,1.0417929248485667,0.16253802514839602,0.17628102373234678,0.0010825398437613876,0.0016666666666667607,0.0012166310966149328,0.18350830351263517,0.10798785251467598,0.1153113583250648,0.0,0.9999999987499999,0.6006609869338361,0.2977982153990902,0.2881142169492575,0.3904780335550431,disgust,07,21,21,male,normal,2443
100,3.336666666666667,True,1.0,0.3292999111892497,0.3233189467958165,0.3263094289925331,1.277601187670762,-0.04624999999999996,-0.04486111111111113,0.30578490284819904,0.5276873041715977,0.16251690116434817,0.25540789421731747,0.005980964393433208,0.0013888888888888284,7.3794976297734e-17,0.2771647032989473,0.10847792033181201,0.1151817448439229,0.0,0.9999999987499999,0.6067495990505578,0.29743369570007167,0.2889266943489344,0.393423874015108,disgust,07,21,21,male,normal,2443
110,3.6703333333333332,True,1.0,0.3556021253024782,0.3392167802769028,0.3474094527896905,1.2903675359792375,-0.04699074074074083,-0.04555555555555563,0.3008005577572155,0.5423103645716136,0.16460002058072046,0.2692329457328198,0.016385345025575426,0.001435185185185206,0.005858354204248971,0.27754332761658024,0.10936659137588242,0.11400453649131954,0.0,0.9999999987499999,0.6081334996576756,0.298077129545025,0.29187976009252653,0.39176400754765467,disgust,07,21,21,male,normal,2443
120,4.0040000000000004,True,1.0,0.3709428640737922,0.33449502501969086,0.3527189445467415,0.8875812530519278,-0.04800925925925925,-0.04662037037037042,0.304222603894709,0.37904513408723994,0.16675636420940673,0.39739341421861435,0.036447839054101316,0.0013888888888888284,0.0011747828995972488,0.36385314826359083,0.10922883259839274,0.11496811521727283,0.0,0.9999999987499999,0.6040729764640232,0.29716116002665155,0.28165565831304784,0.3661170590533999,disgust,07,21,21,male,normal,2443
0,0.0,True,1.0,0.5268077419561875,0.5036666095040268,0.5152371757301071,0.8347840130199223,-0.06240740740740747,-0.06402777777777774,0.32860054563175156,0.3661862811285599,0.17455749002128457,0.6172101617832622,0.023141132452160762,0.001620370370370272,0.03455783387592191,0.3334452423070732,0.10692377799838185,0.11580621531645674,0.0,0.9999999987499999,0.6043167218215411,0.29506462787841187,0.2728190781627742,0.35705211352837674,disgust,07,21,21,male,normal,2444
10,0.33366666666666667,True,1.0,0.5492081204483192,0.5135725389031898,0.5313903296757545,0.7737179572578049,-0.06217592592592597,-0.06240740740740747,0.3409959610590327,0.329218106995885,0.1827741836560361,0.6868010813127526,0.03563558154512947,0.00023148148148149916,0.012735205833603129,0.3835418172895448,0.11203628384817822,0.11274213201873601,0.0,0.9999999987499999,0.5978677510222841,0.2975274632211072,0.2851627872797289,0.3566911650918548,disgust,07,21,21,male,normal,2444
20,0.6673333333333333,True,1.0,0.4847657061139567,0.4662164341804904,0.4754910701472236,1.2098852342601958,-0.06199074074074079,-0.06291666666666673,0.32072705420828046,0.4646506286251968,0.18199517575738958,0.3930051022053926,0.018549271933466283,0.0009259259259259411,0.020680772348268473,0.2771647032989485,0.10739098938280305,0.11733795880754885,0.0,0.9999999987499999,0.6050579586287639,0.29894692453334876,0.2835201679848985,0.3774781693279421,disgust,07,21,21,male,normal,2444
30,1.0010000000000001,True,1.0,0.3760683760683769,0.36515178532986836,0.3706100806991226,1.316082167772562,-0.052222222222222225,-0.05263888888888896,0.32987091157104864,0.4358337640542832,0.18338368042406805,0.28160101988644937,0.010916590738508536,0.0004166666666667318,0.009254650629048424,0.26297999600233907,0.1021023198896071,0.11976093764013426,0.0,0.9999999987499999,0.6111762362835759,0.2969107515800257,0.282866038176661,0.39456810838577644,disgust,07,21,21,male,normal,2444
40,1.3346666666666667,True,1.0,0.2733445746228369,0.25698345120359156,0.26516401291321423,1.089835653897309,-0.043842592592592655,-0.043333333333333335,0.32519005426382136,0.32517951396032563,0.18125673478866927,0.24330642144526463,0.016361123419245338,0.0005092592592593204,0.002462844440939137,0.29981695960692956,0.10566410849836234,0.1167936900446093,0.0,0.9999999987499999,0.6182472575827206,0.2941100180598118,0.29981944409909533,0.4036196317235227,disgust,07,21,21,male,normal,2444
50,1.6683333333333334,True,1.0,0.30697554513722575,0.25713359125946184,0.2820545681983438,1.1070778688286826,-0.042962962962962925,-0.04106481481481472,0.36405020039553265,0.3196492438167325,0.1729607828386932,0.2547739198298354,0.04984195387776391,0.0018981481481482043,0.007359584056581375,0.30138562010413616,0.10320665034571438,0.1170333705103688,0.0,0.9999999987499999,0.6180702124209059,0.29693476356465065,0.30794162714146317,0.42345709454777974,disgust,07,21,21,male,normal,2444
60,2.0020000000000002,True,1.0,0.2912361025903484,0.28558046918906754,0.28840828588970796,0.8064751077262314,-0.044027777777777666,-0.043333333333333446,0.34615017035957857,0.25510947285217445,0.17152822256781344,0.35761585587290307,0.005655633401280835,0.0006944444444442199,0.0019427016210528955,0.356452046908286,0.10606140811348448,0.11675981955902777,0.0,0.9527398616633492,0.6008312849905587,0.2986562865747526,0.28446189468255767,0.3679927974890929,disgust,07,21,21,male,normal,2444
70,2.3356666666666666,True,1.0,0.31979791997668944,0.30269427444916097,0.3112460972129252,1.3778344802400153,-0.043379629629629546,-0.042592592592592626,0.2588953915935314,0.68888888888889,0.16805964133039808,0.22589512867953987,0.017103645527528466,0.0007870370370369195,0.0025098222324337724,0.27216621835060767,0.10456048467222506,0.11549597238882298,0.0,0.9999999987499999,0.6214233555453431,0.2959296567665351,0.28054683630813604,0.38700759807819946,disgust,07,21,21,male,normal,2444
80,2.6693333333333333,True,1.0,0.39293282602032553,0.40135161781676953,0.39714222191854753,1.2529681010008293,-0.04564814814814816,-0.043935185185185244,0.3126974073015037,0.5423103645716155,0.1604399693065449,0.31696115934741154,0.008418791796444003,0.0017129629629629162,0.0001756844752384698,0.26025202228609295,0.10524444895695025,0.11553456776067646,0.0,0.9999999987499999,0.6068734749368498,0.30116271198614364,0.28206471896436924,0.38727357735545637,disgust,07,21,21,male,normal,2444
90,3.003,True,1.0,0.395278623205448,0.38552741129332035,0.3904030172493842,1.1024036589019899,-0.04879629629629623,-0.046203703703703636,0.32244811577869664,0.462222222222222,0.17086191325973668,0.35413799119483264,0.009751211912127633,0.002592592592592591,0.011689832126599459,0.2907224083663933,0.11819681853839849,0.1108292919538406,0.0,0.9999999987499999,0.5463410022680948,0.25918854402283875,0.27848755173744644,0.3318583044675822,disgust,07,21,21,male,normal,2444
100,3.336666666666667,True,1.0,0.40425335530878254,0.36237650555565554,0.38331493043221904,0.9231865616499679,-0.05041666666666672,-0.04712962962962969,0.3239597649102167,0.3657909017858361,0.17500697530741458,0.4152085248588739,0.041876849753127,0.0032870370370370328,0.006357150564018307,0.33962264150943394,0.10976875139166016,0.11428614377106429,0.0,0.9999999987499999,0.5971986789403262,0.2987533018031749,0.2838719668229592,0.36011390911661556,disgust,07,21,21,male,normal,2444
0,0.0,True,1.0,0.5494949494949501,0.5393344300182027,0.5444146897565765,1.0309482087089086,-0.06305555555555564,-0.0619444444444443,0.3164606306362378,0.4354867433339351,0.1812769376534147,0.5280718130723225,0.010160519476747454,0.0011111111111113403,0.003181964570230045,0.2914586838432399,0.10817119697319233,0.11414225383234851,0.0,0.9999999987499999,0.604276803877801,0.2988066274161797,0.27831524684700665,0.3608428844753611,disgust,07,21,21,male,normal,2445
10,0.33366666666666667,True,1.0,0.5396825396825409,0.5356772954057853,0.5376799175441631,1.0209501003467742,-0.06250000000000006,-0.0616666666666667,0.31921133535353585,0.4224422442244226,0.1820266136881089,0.5266466180487525,0.004005244276755526,0.0008333333333333526,0.01022138201613742,0.29093459403099975,0.10956153813261296,0.11514854142597286,0.0,0.9999999987499999,0.6043966108162016,0.2974798915673045,0.2834194932542934,0.36296050578820294,disgust,07,21,21,male,normal,2445
20,0.6673333333333333,True,1.0,0.5656565656565662,0.5239716897021163,0.5448141276793412,1.0665450135048369,-0.05810185185185185,-0.05754629629629637,0.31833803509074127,0.453261712449607,0.17921818428722594,0.5108215038097597,0.04168487595444992,0.0005555555555554759,0.006386120247232946,0.2906122292353707,0.10920569057944844,0.11532098866999983,0.0,0.9999999987499999,0.6049633991956158,0.298512322221081,0.2812363047500547,0.3650367818131153,disgust,07,21,21,male,normal,2445
30,1.0010000000000001,True,1.0,0.4445897401054017,0.42690645332518573,0.4357480967152937,1.4749519041147077,-0.05092592592592582,-0.050787037037036964,0.29929669080212695,0.5578198691105853,0.17083511971881044,0.2954320717168316,0.017683286780215968,0.0001388888888888551,0.009578942642087064,0.24552087148664972,0.1083102410940676,0.11550449846901972,0.0,0.9999999987499999,0.6010639587006678,0.30258166885023796,0.28705508339520436,0.38842427012334163,disgust,07,21,21,male,normal,2445
40,1.3346666666666667,True,1.0,0.33988170554586544,0.3469107280521285,0.343396216798997,1.161165639786856,-0.0471759259259259,-0.04634259259259266,0.32172641556151926,0.45736245046336355,0.1666739907244912,0.2957340495039372,0.007029022506263083,0.0008333333333332416,0.006624778281448057,0.28120915065619795,0.10455407158185706,0.11762657874409567,0.0,0.9999999987499999,0.6007745171037165,0.3030205671813679,0.2806387459807531,0.3776167277843611,disgust,07,21,21,male,normal,2445
50,1.6683333333333334,True,1.0,0.3687653499327399,0.3297385289924031,0.3492519394625715,1.0841117314897006,-0.04634259259259266,-0.04537037037037034,0.34469381357516143,0.37778279225627437,0.1715295569310002,0.32215493045413046,0.039026820940336826,0.0009722222222223187,0.004063720247644479,0.3082997993737818,0.10523403268512288,0.11782989439918419,0.0,0.9999999987499999,0.6114410871536115,0.304395582320709,0.29322193150345566,0.3915058868203892,disgust,07,21,21,male,normal,2445
60,2.0020000000000002,True,1.0,0.3354297693920325,0.3292999111892488,0.3323648402906406,1.1813354017496198,-0.04453703703703704,-0.04310185185185189,0.34497384083944055,0.4019331242097722,0.1736115505636799,0.2813467198209677,0.006129858202783722,0.0014351851851851505,0.004670320504665173,0.2825839201244514,0.10171598408431569,0.11687320284100294,0.0,0.9999999987499999,0.6139071100393283,0.2992259800123958,0.2924356978241335,0.4062684124502203,disgust,07,21,21,male,normal,2445
70,2.3356666666666666,True,1.0,0.3855274112933193,0.34593922334393756,0.36573331731862846,1.3871336574545239,-0.04583333333333328,-0.04356481481481489,0.24897169359273386,0.7162762719868536,0.17291710788410072,0.2636611946896103,0.03958818794938174,0.002268518518518392,0.002112804167628061,0.21271373984274247,0.10662834271005682,0.11607829399996447,0.0,0.9999999987499999,0.5977764492437599,0.2984702513076113,0.2771569750382696,0.35748907483583425,disgust,07,21,21,male,normal,2445
80,2.6693333333333333,True,1.0,0.3292999111892497,0.3128479191347131,0.3210739151619814,1.190539455145121,-0.046527777777777835,-0.043425925925926034,0.3129281731901756,0.5128285630300027,0.16114141537313362,0.26968775690247415,0.016451992054536624,0.0031018518518518,0.011883870617031637,0.27733971345275005,0.10773079390501196,0.11522132527945009,0.0,0.9999999987499999,0.6066913934089261,0.29684271395271006,0.2872256416054868,0.38568699167715287,disgust,07,21,21,male,normal,2445
90,3.003,True,1.0,0.30188679245283195,0.2798353909465038,0.2908610916996679,1.2293604510385694,-0.04564814814814816,-0.042916666666666714,0.30030011399441564,0.4917257683215125,0.16815767014465036,0.2365954520937672,0.022051401506328172,0.002731481481481446,0.0008020610387270649,0.29421975251766597,0.10442143402384879,0.11329132113307312,0.0,0.9999999987499999,0.6155349453844038,0.29548678860553057,0.2803637902150455,0.3939562239297765,disgust,07,21,21,male,normal,2445
100,3.336666666666667,True,1.0,0.29565609828751765,0.2744937037037186,0.28507490099561816,1.3099838130181938,-0.052499999999999936,-0.04939814814814819,0.30247021520492257,0.5614035087719293,0.16670374140048094,0.21761711722132468,0.021162394583799038,0.0031018518518517446,0.00894286699325596,0.2667047208583721,0.10482542709766914,0.11607912889447888,0.0,0.9999999987499999,0.6028379330482193,0.3015895392261503,0.2770642762695361,0.3728718288016865,disgust,07,21,21,male,normal,2445
0,0.0,True,1.0,0.5002959277074657,0.5267889898483263,0.5135424587778961,1.0087548879114474,-0.06013888888888891,-0.057916666666666616,0.32438021292072905,0.40854677018225705,0.17988825674602404,0.5090854725285623,0.026493062140860668,0.002222222222222292,0.013250529878389473,0.31778085239127124,0.10864236480783045,0.1138613300505571,0.0,0.9999999987499999,0.6100479027704832,0.2977990536629453,0.28120532007311894,0.3701501251276178,disgust,07,21,21,male,strong,2446
10,0.33366666666666667,True,1.0,0.5150752292846477,0.5333648902768597,0.5242200597807537,1.03886379346586,-0.06134259259259267,-0.06046296296296294,0.3184516140362752,0.4224159169316319,0.18542695320541566,0.5046090383339373,0.018289660992212076,0.0008796296296297301,0.008030949438020341,0.30916657793283225,0.10806780639130226,0.1158958612789401,0.0,0.9999999987499999,0.6048090280409039,0.29842458536131,0.2802402903141951,0.3633535209597874,disgust,07,21,21,male,strong,2446
20,0.6673333333333333,True,1.0,0.4525252525252522,0.4759300398525428,0.4642276461888975,1.136163048877883,-0.06148148148148147,-0.0637962962962963,0.315588285291318,0.4704425124259981,0.18891473730410507,0.40859245215498424,0.023404787327290566,0.002314814814814825,0.012014623677485747,0.28298078556679446,0.1088826908559721,0.11479918630795359,0.0,0.9999999987499999,0.6042474670571353,0.2988205303846645,0.27995276636700156,0.36539921030025846,disgust,07,21,21,male,strong,2446
30,1.0010000000000001,True,1.0,0.4695270567487533,0.4354890887399188,0.452508072744336,1.1750078978322187,-0.052268518518518436,-0.05402777777777784,0.3766509628406305,0.30881617827641644,0.18478168750979101,0.38511066485525053,0.03403796800883446,0.0017592592592594047,0.0075546802830454615,0.2740384615384612,0.10730454458582264,0.11594748967121521,0.0,0.9999999987499999,0.6051427916010155,0.3013988971437645,0.3092366560225741,0.4102365624927923,disgust,07,21,21,male,strong,2446
40,1.3346666666666667,True,1.0,0.4358135953750576,0.4602805565185719,0.44804707594681475,1.084444444444444,-0.053472222222222254,-0.058611111111111114,0.31643566613287044,0.4088888888888886,0.18889050451846834,0.4131581642952187,0.02446696114351432,0.0051388888888888595,0.003402286887955403,0.29508196721311425,0.10629279756560298,0.11687568966727209,0.0,0.9999999987499999,0.6030058650569602,0.29987529254908274,0.28545753643550514,0.36693292435625363,disgust,07,21,21,male,strong,2446
50,1.6683333333333334,True,1.0,0.43601748540981716,0.43601748540981705,0.4360174854098171,1.393835545976067,-0.05152777777777778,-0.05458333333333343,0.3208455867941699,0.5557135253201373,0.17790175989010215,0.3128184574346505,1.1102230246251565e-16,0.0030555555555556446,0.0039731859181047855,0.24502407133682547,0.1084220193481886,0.11490322610864263,0.0,0.9999999987499999,0.6053679669758529,0.2986900963260999,0.29069095511669146,0.38554971597574117,disgust,07,21,21,male,strong,2446
60,2.0020000000000002,True,1.0,0.3859852865829125,0.3954955180158357,0.3907404022993741,0.9741049096984103,-0.04726851851851854,-0.04777777777777781,0.3428634822339026,0.30531481814995215,0.17501089879566256,0.4011276387266645,0.009510231432923233,0.0005092592592592649,0.005045795708542401,0.318570765645756,0.10783516120818204,0.11528902683843058,0.0,0.9999999987499999,0.6033022432957558,0.29912400321102356,0.2882640055873353,0.37444634606355875,disgust,07,21,21,male,strong,2446
70,2.3356666666666666,True,1.0,0.29613585698166656,0.31823749089620706,0.30718667393893684,1.3584305488146797,-0.045879629629629715,-0.043564814814814834,0.33870030976028187,0.5282276013397882,0.16398010589030934,0.2261335143022052,0.02210163391454051,0.0023148148148148806,0.0016594050457387358,0.2433454249520415,0.10417630715929446,0.1155132188324309,0.0,0.9999999987499999,0.6102447365977641,0.3010934964584222,0.28759191927920474,0.3927942688550079,disgust,07,21,21,male,strong,2446
80,2.6693333333333333,True,1.0,0.31847916585100267,0.3082926834977179,0.31338592467436027,1.6446344672492446,-0.04555555555555557,-0.04481481481481475,0.25476073788122366,0.8444444444444458,0.17086191325973668,0.19055050281082708,0.010186482353284787,0.0007407407407408195,0.003989741610856193,0.21281324632907467,0.11120261891063415,0.11272255781456596,0.0,0.9999999987499999,0.5971292391722314,0.2990817461087051,0.2963383053250476,0.3780268843753696,disgust,07,21,21,male,strong,2446
90,3.003,True,1.0,0.2848063881086166,0.30781265907396876,0.2963095235912927,1.6148839653530669,-0.04578703703703707,-0.044212962962962954,0.2813750145173361,0.7064942710575787,0.16462087726121413,0.18348657237828828,0.023006270965352182,0.0015740740740741166,0.0023494386844163926,0.22534138451796532,0.10877096095466038,0.11507074148245994,0.0,0.9999999987499999,0.5977866425554597,0.29799556602284744,0.28740114423484264,0.3849438507535419,disgust,07,21,21,male,strong,2446
100,3.336666666666667,True,1.0,0.2849550431298437,0.312081437081269,0.2985182401055564,1.2831863686618055,-0.045648148148148104,-0.045231481481481595,0.313726562396534,0.5077884884692813,0.16667811036558883,0.23263825691732654,0.0271263939514253,0.00041666666666650976,0.0013350973340499497,0.27651794804289354,0.10881738902707934,0.11502683746760828,0.0,0.9999999987499999,0.5981596846394808,0.2995917364495583,0.2907015985211102,0.3827010278149582,disgust,07,21,21,male,strong,2446
110,3.6703333333333332,True,1.0,0.35504671585934844,0.34943448750009876,0.3522406016797236,1.2828772117242488,-0.047222222222222276,-0.04555555555555557,0.3103734212696313,0.4968266965837893,0.17016086012648826,0.27457078390713263,0.0056122283592496824,0.0016666666666667052,0.004109323239365313,0.2804543699624327,0.10937236921887107,0.1119755470236839,0.0,0.9935236087119891,0.600451000697154,0.3020088300047414,0.29107826442028434,0.38393960113393,disgust,07,21,21,male,strong,2446
120,4.0040000000000004,True,1.0,0.42808181785621,0.4524926178003923,0.44028721782830116,0.9680403693975801,-0.05180555555555555,-0.05212962962962964,0.3347605464068696,0.3504314605741447,0.18004807843986864,0.4548231992662617,0.02441079994418227,0.0003240740740740877,0.003439493819488058,0.33147714736616174,0.1110359457124936,0.11355981702548983,0.0,0.9999999987499999,0.5957461063097114,0.29759433516568967,0.28830675247354126,0.36746440019660587,disgust,07,21,21,male,strong,2446
0,0.0,True,1.0,0.5072289530285742,0.528510712828932,0.5178698329287531,1.0230908900314346,-0.05972222222222223,-0.061759259259259125,0.33008231958777595,0.41084368993094694,0.18072449695109205,0.5061816481552694,0.021281759800357847,0.002037037037036893,0.02687656021699569,0.3046927197667417,0.10842059451239285,0.11507025802890261,0.0,0.9999999987499999,0.6040261347742222,0.29653397386288277,0.2851586787644572,0.36858408464774406,disgust,07,21,21,male,strong,2447
10,0.33366666666666667,True,1.0,0.4937332177805593,0.516033042149288,0.5048831299649237,1.0938933295086104,-0.05837962962962967,-0.060694444444444384,0.3209887445467138,0.44276634765824674,0.18340364899485165,0.4615469500958773,0.022299824368728738,0.002314814814814714,0.018631286881805587,0.2896553585856297,0.10849234587773503,0.11599234530170925,0.0,0.9999999987499999,0.602992069577831,0.29635790050858013,0.28370326232210324,0.36509514696065254,disgust,07,21,21,male,strong,2447
20,0.6673333333333333,True,1.0,0.48545880681552667,0.46739426630071995,0.4764265365581233,1.1687676772526245,-0.056435185185185144,-0.05768518518518517,0.31598647528491086,0.48696884656086864,0.1799327836822381,0.4076315129436503,0.018064540514806715,0.0012500000000000289,0.015634604513131443,0.27647916481300056,0.11037937510553818,0.11386394925208584,0.0,0.9999999987499999,0.6068226599858693,0.29694320910314886,0.28770475191270084,0.3733826129999099,disgust,07,21,21,male,strong,2447
30,1.0010000000000001,True,1.0,0.39224652989756165,0.4122958142956045,0.4022711720965831,1.3684801904036608,-0.05041666666666661,-0.05087962962962961,0.33884489651652683,0.5173035846570717,0.17793263472483226,0.2939546914288362,0.020049284398042877,0.0004629629629629983,0.007661042172071126,0.2516992576086056,0.10651310216033061,0.11634791284226897,0.0,0.9999999987499999,0.6047618841130203,0.3012863315615054,0.3001436753619106,0.4050354019835831,disgust,07,21,21,male,strong,2447
40,1.3346666666666667,True,1.0,0.44420378547249917,0.41287656617633106,0.4285401758244151,1.1904948784625082,-0.05074074074074075,-0.04995370370370378,0.30888217447622646,0.49451325720750305,0.17433356625311971,0.3599680969462574,0.03132721929616811,0.000787037037036975,0.01008002306403348,0.2773500981126148,0.10501051913600074,0.11819044152446372,0.0,0.9955057826536438,0.6079463547059448,0.2994825613012472,0.2736746073786041,0.3728507362109468,disgust,07,21,21,male,strong,2447
50,1.6683333333333334,True,1.0,0.4772812257260223,0.444403903892288,0.46084256480915514,1.330012276857198,-0.05435185185185182,-0.05407407407407405,0.31724979173552675,0.585188943609568,0.17083511971881038,0.3464949706314894,0.03287732183373426,0.0002777777777777657,0.0021747885152467662,0.24036332490748227,0.10822693364686946,0.11492133194389557,0.0,0.9999999987499999,0.6095316808207658,0.2969395669695724,0.2814124888029029,0.3783912828277554,disgust,07,21,21,male,strong,2447
60,2.0020000000000002,True,1.0,0.4194912164440849,0.3952813640400922,0.4073862902420885,0.9043829128511518,-0.04949074074074078,-0.048564814814814894,0.32127524588766426,0.3369269675327819,0.17502136100099508,0.45045774798836596,0.024209852403992704,0.0009259259259258856,0.0032114479001668556,0.35511314267205546,0.10651798362390763,0.11601546889907652,0.0,0.9999999987499999,0.6057205867737719,0.2991401554886817,0.27612547813314325,0.3618540293831695,disgust,07,21,21,male,strong,2447
70,2.3356666666666666,True,1.0,0.42775179341796155,0.411739528555243,0.41974566098660226,1.1667886026993877,-0.05078703703703713,-0.04995370370370361,0.3337152265068938,0.4819184094678921,0.17084449793611564,0.3597443958704368,0.01601226486271856,0.0008333333333335191,0.005973151557486221,0.2786761140707186,0.10521748594629576,0.11784467022613392,0.0,0.9999999987499999,0.6065386108427746,0.2990340317461168,0.28017650600542143,0.3747983034557323,disgust,07,21,21,male,strong,2447
80,2.6693333333333333,True,1.0,0.33921678027690405,0.33569489003176883,0.3374558351543364,1.2250310245262004,-0.04907407407407405,-0.04685185185185187,0.2772835765306506,0.5920983285209978,0.17301591223497836,0.2754671746251101,0.0035218902451352174,0.002222222222222181,0.003642736696495441,0.2624999999999996,0.12137776042806807,0.10698061154209176,0.0,0.9999999987499999,0.563062193439876,0.25964549028459594,0.276415144530087,0.3324993288259525,disgust,07,21,21,male,strong,2447
90,3.003,True,1.0,0.3848791279582664,0.3686302704429169,0.3767546992005917,1.7992923359504795,-0.05023148148148149,-0.0490740740740741,0.25798669599546414,0.8667322837810228,0.1632243619149141,0.20939048740046476,0.01624885751534949,0.0011574074074073848,0.003183178328102199,0.2057926829268294,0.108085707407061,0.11505416792301297,0.0,0.9999999987499999,0.6016048019520308,0.29914078139506106,0.28331092910848293,0.3837098591421283,disgust,07,21,21,male,strong,2447
100,3.336666666666667,True,1.0,0.378612594619955,0.37884905437190874,0.3787308244959319,1.3937013415265007,-0.04861111111111116,-0.047870370370370396,0.2794042825282178,0.5958380211733528,0.17367438083230516,0.2717446078376545,0.0002364597519537437,0.000740740740740764,0.0005401091980640792,0.26940288167318704,0.10562153025810456,0.11617808061261573,0.0,0.9999999987499999,0.618659576252376,0.29085494855281596,0.2777661907225611,0.39124111018578206,disgust,07,21,21,male,strong,2447
110,3.6703333333333332,True,1.0,0.36838576400598444,0.36241674470372265,0.36540125435485354,0.9063437605477186,-0.048518518518518516,-0.047824074074074185,0.29945600816468193,0.3870843144005884,0.17025364610587834,0.40315967325028584,0.005969019302261791,0.000694444444444331,0.008924518938369128,0.3540230254056384,0.10755105975558603,0.1130539341840997,0.0,0.9999999987499999,0.6173867728028711,0.29044147786711233,0.2749426258507919,0.37490604555305024,disgust,07,21,21,male,strong,2447
120,4.0040000000000004,True,1.0,0.4031987652976022,0.3883046904155465,0.3957517278565743,0.9163175125520373,-0.050138888888888844,-0.05074074074074075,0.3016255732138828,0.41140786277846586,0.17154957113331226,0.4318936639706531,0.014894074882055686,0.0006018518518519089,0.008767044284982279,0.34679806570348237,0.10828118265635091,0.11618949507089253,0.0,0.9999999987499999,0.6044444840748798,0.2972969370166556,0.274744100504644,0.35559232175275984,disgust,07,21,21,male,strong,2447
0,0.0,True,1.0,0.5267489711934159,0.5007735952922501,0.513761283242833,1.0261736015914833,-0.06268518518518518,-0.06087962962962962,0.31086891288166424,0.467275479296122,0.179912429878786,0.5006572790861559,0.02597537590116583,0.0018055555555555602,0.0029721088836424476,0.2912946428571436,0.10795853290438549,0.11450991697256388,0.0,0.9999999987499999,0.6104546066864246,0.29429517483850604,0.27203692282798575,0.36055624176062523,disgust,07,21,21,male,strong,2448
10,0.33366666666666667,True,1.0,0.5596707818930057,0.5441773689755215,0.5519240754342636,1.0263459335624274,-0.06203703703703711,-0.06018518518518512,0.30883800920923676,0.49484536082474184,0.1792279752178617,0.5377563815336078,0.015493412917484184,0.0018518518518519933,0.0035870841072254316,0.3013392857142859,0.1079561544492237,0.1146784137307719,0.0,0.9999999987499999,0.6094931583805397,0.29456945382733435,0.2761607662627211,0.36497074073767444,disgust,07,21,21,male,strong,2448
20,0.6673333333333333,True,1.0,0.501169852799925,0.48417859779816574,0.49267422529904537,1.342947903418697,-0.05736111111111103,-0.05638888888888893,0.2865148480309758,0.622100867024837,0.17435850949207063,0.3668602661688225,0.016991255001759242,0.0009722222222220966,0.0076684206576942155,0.2564338235294113,0.1086148938673931,0.1148868766549459,0.0,0.9999999987499999,0.6133942729826306,0.2971653566294011,0.2798837881666319,0.37588532473263314,disgust,07,21,21,male,strong,2448
30,1.0010000000000001,True,1.0,0.41971220360938366,0.38776078896705674,0.40373649628822017,1.4290500994052362,-0.05106481481481484,-0.0506018518518519,0.2947046655737728,0.6178962099226727,0.16962445256901024,0.2825208832470278,0.031951414642326925,0.0004629629629629428,0.006462684062093255,0.25841608482816253,0.10518125309096465,0.11722872454012222,0.0,0.9999999987499999,0.6038087278739621,0.3006165837732742,0.2758332828338173,0.3829849648726796,disgust,07,21,21,male,strong,2448
40,1.3346666666666667,True,1.0,0.37839581725435234,0.37266282982238963,0.375529323538371,1.2333571701966506,-0.04583333333333328,-0.04592592592592598,0.31197330648361643,0.4625089388237438,0.1687572336412576,0.3044773506108497,0.0057329874319627105,9.259259259269959e-05,0.008959709853460516,0.28163420508840575,0.1067683802650929,0.11627766198875114,0.0,0.9999999987499999,0.6042909107705583,0.30086534829251804,0.27684619762306273,0.3757206917474373,disgust,07,21,21,male,strong,2448
50,1.6683333333333334,True,1.0,0.3689727463312375,0.3633210118617676,0.36614687909650256,1.3758209690150587,-0.04638888888888887,-0.046851851851851756,0.3281785979276232,0.507283826124729,0.16944444444444445,0.2661297416906102,0.005651734469469927,0.0004629629629628873,0.007466042420240705,0.2628190723434679,0.10824407315463626,0.11556650950586968,0.0,0.9999999987499999,0.6060642309970864,0.3003556893803837,0.2942261337638775,0.39302968920398473,disgust,07,21,21,male,strong,2448
60,2.0020000000000002,True,1.0,0.378395817254351,0.3802054996609421,0.37930065845764654,0.6943678750442592,-0.04499999999999993,-0.04611111111111099,0.35997725772391853,0.14987135681586272,0.17920115530761813,0.5462531780196049,0.0018096824065910733,0.0011111111111110628,0.0015657385456988998,0.39877468897972307,0.10737516223117276,0.11604638785006063,0.0,0.9999999987499999,0.6005751260738671,0.296562133842477,0.2819274236879321,0.3622152832002054,disgust,07,21,21,male,strong,2448
70,2.3356666666666666,True,1.0,0.3182081534986665,0.329559981287758,0.32388406739321224,1.1150429559756312,-0.045787037037037126,-0.04513888888888884,0.35139291788398674,0.42822690596350627,0.16878661712096912,0.29046779378093357,0.011351827789091495,0.0006481481481482865,0.004540682855285606,0.30196837439410246,0.10734884752138808,0.11656211380945555,0.0,0.9999999987499999,0.6028310313734869,0.29804523491636065,0.2926321512375035,0.38265194331692004,disgust,07,21,21,male,strong,2448
80,2.6693333333333333,True,1.0,0.41129980136342636,0.3950645866744907,0.4031821940189585,1.5077558750353277,-0.05009259259259263,-0.0471759259259259,0.27585858935380714,0.7642050325521532,0.1715562420152142,0.2674054869854257,0.016235214688935684,0.002916666666666734,0.006631539267773903,0.20804794520547973,0.1093156957273417,0.11438694074208411,0.0,0.9999999987499999,0.5994512803480767,0.2990220409920043,0.2853435998216101,0.3743943926953345,disgust,07,21,21,male,strong,2448
90,3.003,True,1.0,0.4423319266142021,0.4368319051646236,0.43958191588941287,1.5392427684288523,-0.04652777777777778,-0.047453703703703665,0.24241399627910518,0.8760531413499317,0.16743813444332595,0.2855832263146549,0.005500021449578507,0.0009259259259258856,0.014398461549585925,0.19900865663058648,0.10582489431800436,0.11648458118752819,0.0,0.9999999987499999,0.6040525358502777,0.29548032538467334,0.2699389904367811,0.3622554753424177,disgust,07,21,21,male,strong,2448
100,3.336666666666667,True,1.0,0.4277517934179633,0.42840621278623314,0.42807900310209823,1.168478541351655,-0.04828703703703702,-0.048194444444444484,0.3111825705587157,0.46540391587772806,0.1667124367491528,0.3663558961099204,0.0006544193682698207,9.259259259253305e-05,0.00111043513010427,0.2741519142548912,0.10781110663892633,0.11564149291128747,0.0,0.7071067807446058,0.6025463289065626,0.2967603976316204,0.28320947659881807,0.3839364589449212,disgust,07,21,21,male,strong,2448
110,3.6703333333333332,True,1.0,0.39506458667449057,0.37884905437190614,0.38695682052319835,1.1119267025550332,-0.04865740740740743,-0.04777777777777781,0.31469634043119554,0.43931807442546955,0.17501089879566256,0.3480056910532252,0.016215532302584434,0.0008796296296296191,0.005544685459276579,0.3010783945978464,0.10924566176011208,0.1147862658451475,0.0,0.9999999987499999,0.5994999442355067,0.29948152058195565,0.2845853385146142,0.3717791102227541,disgust,07,21,21,male,strong,2448
120,4.0040000000000004,True,1.0,0.4193267159095062,0.43548784771136856,0.4274072818104374,0.7617115766212138,-0.04953703703703699,-0.04851851851851857,0.33827154411358723,0.24008678664754554,0.17675227449589562,0.5611143311045931,0.01616113180186235,0.0010185185185184187,0.001897882224046366,0.3674639114970113,0.10725519608008016,0.11350264027977972,0.0,0.9999999987499999,0.5962839958639706,0.2984993792042232,0.27908424972175633,0.3643310418761052,disgust,07,21,21,male,strong,2448
0,0.0,True,1.0,0.517171717171718,0.5320769577535878,0.5246243374626529,1.0359139437339866,-0.05870370370370381,-0.05935185185185188,0.327647379345957,0.39703056070263604,0.1799565268766712,0.5064362157069021,0.014905240581869816,0.0006481481481480644,0.009837619833014883,0.3040846788270983,0.10755880035026348,0.11538189728846288,0.0,0.9999999987499999,0.6035762606995925,0.29821111859413496,0.28071378788851875,0.37062277567747587,disgust,07,21,21,male,strong,2449
10,0.33366666666666667,True,1.0,0.4938271604938275,0.5418359054961527,0.5178315329949901,1.0715770636336377,-0.05814814814814806,-0.05851851851851836,0.3318852964586395,0.41645889948688564,0.18129208832451157,0.4832424569065169,0.04800874500232516,0.00037037037037029874,0.008225168631459483,0.29634347347935036,0.10908081099088389,0.11411116674412199,0.0,0.9999999987499999,0.6023706187474991,0.2993630562734374,0.28786813391189403,0.3784009044889085,disgust,07,21,21,male,strong,2449
20,0.6673333333333333,True,1.0,0.5031446540880501,0.49950774362695527,0.5013261988575026,1.1637721085199293,-0.05740740740740741,-0.05851851851851847,0.3432365192482945,0.43424301171591423,0.18265935656628304,0.4307769495310237,0.003636910461094822,0.0011111111111110628,0.007473839375410485,0.27468455732536273,0.10821621717705812,0.11559259419351048,0.0,0.9999999987499999,0.599942095908676,0.30013607943650644,0.28745806620134834,0.37718816010959844,disgust,07,21,21,male,strong,2449
30,1.0010000000000001,True,1.0,0.4106334698437782,0.3782352951012219,0.39443438247250007,1.443256605814882,-0.049212962962963014,-0.04754629629629631,0.32260362518401237,0.5015724719502961,0.17862647713442123,0.2732947009446024,0.032398174742556296,0.0016666666666667052,0.0031445923007014666,0.24130444435840215,0.10237760818851067,0.1149760006347196,0.0,0.9999999987499999,0.6109289359728266,0.30438472630835917,0.2928288679325483,0.391231313417929,disgust,07,21,21,male,strong,2449
40,1.3346666666666667,True,1.0,0.42775179341796205,0.4367068538798603,0.4322293236489112,1.2932948097661847,-0.0505092592592592,-0.048981481481481404,0.3197218961691759,0.5223847626743863,0.1764619717587119,0.3342078854604343,0.008955060461898257,0.0015277777777777946,0.00021575124680737068,0.27267543939397365,0.10847802354625284,0.1153469371070906,0.0,0.9999999987499999,0.6040153028008078,0.30014841077770515,0.2999490014233675,0.392596893161205,disgust,07,21,21,male,strong,2449
50,1.6683333333333334,True,1.0,0.4190515340144772,0.4293505021980932,0.4242010181062852,1.2523393268724106,-0.05148148148148146,-0.05124999999999996,0.3391540227705809,0.45072808156435334,0.1819649902339408,0.33872690013311635,0.010298968183615975,0.00023148148148149916,0.000628104652706977,0.26045172858629523,0.10601838831581446,0.1171246643050556,0.0,0.9999999987499999,0.6042362919933598,0.3003175093988739,0.2980778536654317,0.4006991126660986,disgust,07,21,21,male,strong,2449
60,2.0020000000000002,True,1.0,0.41129980136342525,0.42118385242411693,0.4162418268937711,0.7068764602539811,-0.049537037037037046,-0.049907407407407456,0.35375160713298437,0.20066964826409295,0.18056611902358907,0.5888466377055691,0.009884051060691679,0.00037037037037040976,0.004230695408062287,0.3892500210425487,0.10678744888236891,0.11576748516199636,0.0,0.9999999987499999,0.6049180436158839,0.2969138617471114,0.28330485050894644,0.3661963654034376,disgust,07,21,21,male,strong,2449
70,2.3356666666666666,True,1.0,0.26885511702646336,0.2961358569816656,0.28249548700406446,1.1582101879353475,-0.04513888888888884,-0.044490740740740775,0.3301832425037199,0.4343139613385246,0.16880469672010204,0.24390692634783978,0.02728073995520225,0.0006481481481480644,0.0007604243144366218,0.2827740138439401,0.10907632257064998,0.11394838133682136,0.0,0.9999999987499999,0.6044481498927696,0.298661133923666,0.2942526860012206,0.38312664816300407,disgust,07,21,21,male,strong,2449
80,2.6693333333333333,True,1.0,0.32876642464363026,0.33550619882929295,0.33213631173646163,1.4266652147855037,-0.0461111111111111,-0.04587962962962955,0.25707735849523594,0.7242798353909462,0.17152822256781344,0.23280606290411143,0.006739774185662684,0.00023148148148155467,0.0033070125857636943,0.2249915754546857,0.1080034278758693,0.11579143776308821,0.0,0.9999999987499999,0.6009312657094088,0.2960742831292491,0.27605056333703676,0.3589172438287977,disgust,07,21,21,male,strong,2449
90,3.003,True,1.0,0.3451681913410705,0.3457282928972311,0.3454482421191508,1.5350403257347427,-0.04754629629629631,-0.04796296296296293,0.2811893837877852,0.6968275162874822,0.1639801058903094,0.2250418026990939,0.0005601015561605971,0.0004166666666666208,0.0007834833667428327,0.22203947368421037,0.1092929729350753,0.11474121973903965,0.0,0.9768303510016285,0.6023463116731066,0.2971106882999953,0.2878825628630128,0.3905557013030281,disgust,07,21,21,male,strong,2449
100,3.336666666666667,True,1.0,0.354814913461889,0.36261309341583897,0.35871400343886395,1.2910449378354183,-0.04888888888888876,-0.047222222222222165,0.3025958913375403,0.5332399729940785,0.17299121643779125,0.2778478060107561,0.007798179953949991,0.0016666666666665941,0.0008793194716034423,0.26126315019428004,0.11000561841987472,0.11405816654858375,0.0,0.9999999987499999,0.6027235229951357,0.29991106426034847,0.29044138035150324,0.38248028478808427,disgust,07,21,21,male,strong,2449
110,3.6703333333333332,True,1.0,0.37863227700630425,0.3878891604271124,0.3832607187167083,1.2467490275034898,-0.049814814814814756,-0.049861111111111134,0.3102953800237837,0.49682669658378803,0.17361814221873412,0.30740807513133234,0.00925688342080816,4.629629629637755e-05,0.00364371672828043,0.2644327911185582,0.10867567239697891,0.11466335019938251,0.0,0.9999999987499999,0.6037936178377601,0.2990830993657933,0.29079283940498196,0.37988052255458005,disgust,07,21,21,male,strong,2449
0,0.0,True,1.0,0.5554234201779696,0.5872048898689247,0.5713141550234472,0.8610039786725281,-0.06638888888888883,-0.06458333333333338,0.32667873935141206,0.3443797993743255,0.18684639246044393,0.6635441521469894,0.03178146969095508,0.0018055555555554492,0.0031819645702298983,0.3398405995318786,0.10917697359242814,0.11501736314455735,0.0,0.9999999987499999,0.6077537912977691,0.29621521977729665,0.2791652758228156,0.35248988905535433,surprised,08,21,21,male,normal,2450
10,0.33366666666666667,True,1.0,0.5715680463139663,0.5559806312863773,0.5637743388001718,0.8697640445554655,-0.0642592592592593,-0.0637037037037037,0.32983540366600234,0.34108393904135936,0.1847486536019033,0.6481922796524839,0.01558741502758898,0.0005555555555555869,0.0025155041108725004,0.33146281691976337,0.11142335784648573,0.1131797181882712,0.0,0.9999999987499999,0.6041591159354367,0.2932832924519118,0.27992106501362174,0.35419804501096497,surprised,08,21,21,male,normal,2450
20,0.6673333333333333,True,1.0,0.5815144804746909,0.5541955781322204,0.5678550293034557,0.9291372517183495,-0.06652777777777774,-0.06759259259259254,0.33190553487979296,0.3547429440528371,0.19306187851855738,0.611163773977701,0.027318902342470475,0.0010648148148147962,0.005166188138879966,0.3191073224294968,0.10970972142251688,0.115172905681874,0.0,0.9999999987499999,0.6011624573735745,0.2965526289556694,0.2793923237131747,0.349955455730619,surprised,08,21,21,male,normal,2450
30,1.0010000000000001,True,1.0,0.5572657116450496,0.5393567255891559,0.5483112186171027,1.087645949391073,-0.06060185185185202,-0.06050925925925932,0.3741478644007021,0.29105104964599726,0.19583956661179178,0.5041265670359725,0.01790898605589364,9.259259259269959e-05,0.006955263887789846,0.29346276460783155,0.10148741819815747,0.11996525315111675,0.0,0.9999999987499999,0.6163613035370399,0.2949186351873467,0.29498586956939515,0.3986260754844368,surprised,08,21,21,male,normal,2450
40,1.3346666666666667,True,1.0,0.3754374480153105,0.3491349130507809,0.36228618053304573,1.0625354766159996,-0.04629629629629628,-0.04638888888888898,0.332427059817317,0.36579090178583584,0.17084449793611564,0.3409638440373469,0.026302534964529556,9.259259259269959e-05,0.01016610676762681,0.29553698979213044,0.1024635057966954,0.11473352349006044,0.0,0.9999999987499999,0.6151758993128501,0.30313499344114114,0.2778872944291701,0.3665638135239998,surprised,08,21,21,male,normal,2450
50,1.6683333333333334,True,1.0,0.4102564102564111,0.34242078010749655,0.3763385951819538,1.0541177769764434,-0.04805555555555563,-0.04509259259259263,0.36332030822525624,0.2989183874139627,0.1715638020344716,0.3570175965169819,0.06783563014891453,0.0029629629629630005,0.010374749265054726,0.2942117279569658,0.1054749574426559,0.11680153793656428,0.0,0.9999999987499999,0.6071809671212235,0.3015365710452624,0.3011588723991971,0.39587777794847406,surprised,08,21,21,male,normal,2450
60,2.0020000000000002,True,1.0,0.5200929672070297,0.5161631901628474,0.5181280786849385,1.288513802989954,-0.05263888888888896,-0.05365740740740749,0.343799925832864,0.440366972477064,0.18334373675797258,0.4021129439844876,0.003929777044182292,0.0010185185185185297,0.005114518592216689,0.24952380737615104,0.10375836493290674,0.11752126565127226,0.0,0.9999999987499999,0.5981104698754501,0.3055021484851307,0.29224220664193634,0.38075408869391986,surprised,08,21,21,male,normal,2450
70,2.3356666666666666,True,1.0,0.5970101472666408,0.6020769423390423,0.5995435448028416,1.220663008913457,-0.05458333333333326,-0.05500000000000005,0.26348536691848007,0.503231298742293,0.19586488726564819,0.4911622130144752,0.0050667950724014865,0.0004166666666667873,0.002775910487292608,0.24732147889781608,0.106720842428161,0.1158288895350066,0.0,0.9999999987499999,0.6044540070246848,0.2951304927613859,0.2727458303205951,0.36637965063583383,surprised,08,21,21,male,normal,2450
80,2.6693333333333333,True,1.0,0.5631653644330121,0.5365543105248733,0.5498598374789427,1.047248706380539,-0.057037037037037,-0.05537037037037029,0.3502554045451552,0.33023667195406164,0.186846392460444,0.5250518182823518,0.026611053908138782,0.0016666666666667052,0.003286832346992838,0.30439789666720335,0.1064759651166958,0.11833002145241309,0.0,0.9999999987499999,0.6020682838760504,0.3019596796841367,0.28440728630060685,0.3791856492953094,surprised,08,21,21,male,normal,2450
90,3.003,True,1.0,0.5333648902768584,0.516413257616765,0.5248890739468117,1.0168126608347658,-0.057314814814814874,-0.05490740740740746,0.3643454916674895,0.320579052775549,0.18404270199573167,0.516210206820101,0.016951632660093363,0.0024074074074074137,0.003442310643029231,0.31483262821131763,0.10609522521205536,0.11705506753795632,0.0,0.9999999987499999,0.607730613917442,0.3000041304891876,0.2932964893527606,0.39339096190604417,surprised,08,21,21,male,normal,2450
100,3.336666666666667,True,1.0,0.5259355585872938,0.5155845586531292,0.5207600586202115,0.9651448698142465,-0.055185185185185226,-0.054768518518518494,0.36594630170059067,0.2801572326494042,0.18267272197487106,0.5395667271385257,0.010350999934164551,0.0004166666666667318,0.006005281294709295,0.3121883566556071,0.10660577997709339,0.1146125907331102,0.0,0.9999999987499999,0.6142764780365271,0.2932116661131476,0.29369341178822594,0.4055705343656978,surprised,08,21,21,male,normal,2450
0,0.0,True,1.0,0.5395583967605844,0.5230608657087557,0.53130963123467,0.8610039786725261,-0.06365740740740733,-0.06439814814814815,0.32771551797540893,0.3443797993743252,0.18544299906649955,0.6170815053071295,0.016497531051828718,0.0007407407407408195,0.004173767160201343,0.33984059953188,0.10781218393544195,0.11547561926512308,0.0,0.9874256929108781,0.6104404523371849,0.29577071665326454,0.27501579723435965,0.35558202047219684,surprised,08,21,21,male,normal,2451
10,0.33366666666666667,True,1.0,0.5493584018885268,0.5379626977971946,0.5436605498428607,0.8203235882358499,-0.07347222222222222,-0.07226851851851857,0.34176001615328183,0.28709508872126643,0.19794133618182047,0.6627391405530981,0.01139570409133217,0.0012037037037036513,0.005859062420815375,0.36219248625738254,0.10932854375510559,0.11487329936794394,0.0,0.9999999987499999,0.6035359794542817,0.29863196924948293,0.2799256979724063,0.35609037512269576,surprised,08,21,21,male,normal,2451
20,0.6673333333333333,True,1.0,0.5330549404351335,0.5164769957966105,0.5247659681158721,1.1966198291993126,-0.0813888888888889,-0.08513888888888888,0.33002220767792073,0.4444444444444446,0.21602308540490514,0.43854025757454285,0.016577944638522912,0.0037499999999999756,0.020053193031919134,0.2655545193777332,0.1039987430873668,0.11827903996612832,0.0,0.9999999987499999,0.620324730556285,0.2958471042660589,0.3072184084125234,0.4096999371244468,surprised,08,21,21,male,normal,2451
30,1.0010000000000001,True,1.0,0.4610912866889621,0.4426767780839941,0.4518840323864781,1.0987226435692643,-0.06675925925925918,-0.07490740740740742,0.3805272560741839,0.2633845955173826,0.204176008568694,0.41128125922526415,0.018414508604968016,0.008148148148148238,0.01429931496129777,0.2777270472771712,0.09870328370329164,0.11814532223648908,0.0,0.9999999987499999,0.6108081854226066,0.30692145692292316,0.3073171774164673,0.4007542609866901,surprised,08,21,21,male,normal,2451
40,1.3346666666666667,True,1.0,0.6180607663527926,0.6465812560598124,0.6323210112063025,1.3017238974726517,-0.05856481481481479,-0.06337962962962951,0.32287838514820394,0.4925441774220851,0.19098220953209083,0.4857566281405593,0.028520489707019814,0.004814814814814716,0.0031560749127508623,0.24361832942324255,0.10497896732328361,0.11773399752885386,0.0,0.9999999987499999,0.6052678925476441,0.30374679140128374,0.2896446214372174,0.38314516606663995,surprised,08,21,21,male,normal,2451
50,1.6683333333333334,True,1.0,0.6041195064077919,0.594139797736107,0.5991296520719495,0.8616407654571662,-0.05856481481481479,-0.06199074074074079,0.36722420975543685,0.20361795331917898,0.19240076885751717,0.6953357780769176,0.00997970867168485,0.003425925925925999,0.000500702281816773,0.31905727288872665,0.10691877729032907,0.1156462058265197,0.0,0.9999999987499999,0.6069537973861419,0.30274647283545925,0.28216822938486635,0.3693813452892731,surprised,08,21,21,male,normal,2451
60,2.0020000000000002,True,1.0,0.524523612360755,0.49373321778055995,0.5091284150706574,0.9411118679771991,-0.0522685185185186,-0.050416666666666665,0.34170561813446854,0.2888113144661708,0.1854170781391736,0.5409860744450758,0.030790394580195002,0.0018518518518519378,0.007693533429161821,0.2979940898962387,0.10291935810186459,0.11728609557972966,0.0,0.9999999987499999,0.6163766552480366,0.2963915948651395,0.27848689490498696,0.38207527475626446,surprised,08,21,21,male,normal,2451
70,2.3356666666666666,True,1.0,0.4999664689690262,0.48493601183233975,0.492451240400683,1.4487378276902065,-0.05189814814814819,-0.04967592592592601,0.298942179844435,0.5718075519367772,0.17920924427469395,0.3399174308755519,0.015030457136686437,0.002222222222222181,0.0046985150987369426,0.2235689970867383,0.10543886172204622,0.11618001790349669,0.0,0.9999999987499999,0.6190021261785965,0.2962021407504733,0.27801603470998,0.38969690513239386,surprised,08,21,21,male,normal,2451
80,2.6693333333333333,True,1.0,0.5533388966685734,0.5450317394352504,0.549185318051912,1.0749940205039872,-0.057592592592592695,-0.056342592592592555,0.34245336774110136,0.3967871740618942,0.18265935656628304,0.5108729049436374,0.008307157233322982,0.0012500000000001399,0.0019361578814557094,0.30049603477379505,0.10858728048551118,0.11491297626396141,0.0,0.9999999987499999,0.6043315510188451,0.29957325056154144,0.2885414625184592,0.3787684646117166,surprised,08,21,21,male,normal,2451
90,3.003,True,1.0,0.5486514547986397,0.5722552652427382,0.5604533600206889,1.086053808802087,-0.05851851851851847,-0.05726851851851855,0.34603332045826085,0.3808085546870319,0.18334831407780558,0.5160456650291266,0.023603810444098428,0.0012499999999999178,0.0053968623545755275,0.2805582137892173,0.10825163533986029,0.11638084325240314,0.0,0.9999999987499999,0.6043255399190927,0.2972817767365367,0.2912267094535575,0.3806957086341511,surprised,08,21,21,male,normal,2451
100,3.336666666666667,True,1.0,0.5587671459375009,0.5320769577535878,0.5454220518455444,1.0807250081540234,-0.05861111111111106,-0.05638888888888893,0.3466285910348617,0.3870708146856967,0.18473254743001208,0.5046816236603748,0.02669018818391311,0.0022222222222221255,0.0010496016378187948,0.28696389009453305,0.10971005528588894,0.1143424908304605,0.0,0.9999999987499999,0.5998714515650011,0.2984443351121285,0.28901602344789223,0.37790825855999993,surprised,08,21,21,male,normal,2451
0,0.0,True,1.0,0.5777190668696681,0.57139300167122,0.5745560342704441,0.8626597716055814,-0.06250000000000006,-0.06037037037037035,0.32348091459093703,0.334412600904208,0.18680596396879406,0.6660285470378212,0.006326065198448139,0.0021296296296297035,0.010787263906195084,0.34969544412122705,0.1066778461836443,0.1165243441646611,0.0,0.9999999987499999,0.6057979704694378,0.30030793040026454,0.2733305758426346,0.3568390346867643,surprised,08,21,21,male,normal,2452
10,0.33366666666666667,True,1.0,0.5310023863643677,0.5333648902768597,0.5321836383206138,0.8460706202732923,-0.06203703703703711,-0.06037037037037041,0.330607408202869,0.31071956924554045,0.18472387429425183,0.6290061675332861,0.002362503912492042,0.0016666666666667052,0.01699866044479291,0.34969544412122866,0.10920903206888948,0.11432225029397937,0.0,0.9652917663175096,0.6064027140074779,0.29985235803955185,0.2768122982685267,0.3555516818602677,surprised,08,21,21,male,normal,2452
20,0.6673333333333333,True,1.0,0.5714954682073357,0.5714196523386137,0.5714575602729747,0.914763281336781,-0.06041666666666662,-0.05958333333333332,0.33309900749604954,0.3217913289324628,0.186112750854354,0.6247053985790514,7.581586872196233e-05,0.0008333333333332971,0.005627502384503019,0.32758970628886575,0.10756399892742338,0.11652721365470303,0.0,0.9999999987499999,0.6030210077546644,0.29951820830393217,0.2755584371656024,0.3565422367036585,surprised,08,21,21,male,normal,2452
30,1.0010000000000001,True,1.0,0.5432314212954318,0.5264220340298117,0.5348267276626217,1.1175009011389467,-0.05481481481481476,-0.05629629629629629,0.33438954507472946,0.3216931216931217,0.1896090870785938,0.47859176410285775,0.01680938726562009,0.001481481481481528,0.00408165421774964,0.26419495048029984,0.09948183263549157,0.11862018373146484,0.0,0.9999999987499999,0.6107960449179672,0.30110910507574673,0.2761058314183459,0.3589835187651665,surprised,08,21,21,male,normal,2452
40,1.3346666666666667,True,1.0,0.5700757732353444,0.5664023806207037,0.5682390769280241,1.1265432041085057,-0.05569444444444449,-0.05805555555555564,0.307470224079972,0.38782634895538864,0.18958333333333333,0.5044094845680617,0.0036733926146407248,0.002361111111111147,0.009775684112296757,0.25819672131147503,0.10383986994164367,0.11482449400607697,0.0,0.9999999987499999,0.6137102948679471,0.3032371367774997,0.2867674365137325,0.36565699786948785,surprised,08,21,21,male,normal,2452
50,1.6683333333333334,True,1.0,0.4614619452457047,0.45036624528674907,0.4559140952662269,0.752710127426306,-0.0507407407407407,-0.05347222222222203,0.3601419861075263,0.13611867916589335,0.1875036620736129,0.6056967731058768,0.011095699958955652,0.002731481481481335,0.016486303899244527,0.3949185264337137,0.10215783324416913,0.11599548363896962,0.0,0.9999999987499999,0.6232148065632502,0.29407233313588194,0.2783469478741841,0.3841790337943442,surprised,08,21,21,male,normal,2452
60,2.0020000000000002,True,1.0,0.5070132929425822,0.44254122600345924,0.47477725947302074,0.9173936511177265,-0.05009259259259263,-0.05356481481481484,0.3546584007864859,0.18019323427129308,0.18983468521168206,0.5175283902330974,0.064472066939123,0.00347222222222221,0.022484602991010013,0.31187980790834974,0.09752667794124292,0.11750814011766617,0.0,0.9999999987499999,0.6286915617340686,0.2974391834532605,0.2678241810982425,0.389308095017582,surprised,08,21,21,male,normal,2452
70,2.3356666666666666,True,1.0,0.5533137118747666,0.5250075126143322,0.5391606122445494,1.1579933871483767,-0.053333333333333344,-0.05291666666666661,0.3516365386497759,0.3180005202205817,0.18958695516515206,0.46559904247144485,0.028306199260434428,0.0004166666666667318,0.0015240302490370742,0.2772539300254721,0.10420126543556245,0.11745360935501668,0.0,0.9999999987499999,0.6148442157956933,0.2978218534087702,0.29009368005457525,0.40289094841096934,surprised,08,21,21,male,normal,2452
80,2.6693333333333333,True,1.0,0.5190919654376104,0.5254926808738563,0.5222923231557333,0.9763844652220512,-0.05550925925925937,-0.05652777777777784,0.38396007308353264,0.22183306244725842,0.18958333333333333,0.5349248597855892,0.006400715436245874,0.0010185185185184742,0.008447770206325088,0.33365579703081394,0.10701618233112263,0.11735565602695677,0.0,0.9999999987499999,0.6029892310439801,0.3035904685466183,0.2997223753230938,0.39271463380579313,surprised,08,21,21,male,normal,2452
90,3.003,True,1.0,0.5093586777408763,0.49767640854235484,0.5035175431416156,0.9830054125474401,-0.05754629629629626,-0.05745370370370362,0.3823380270120648,0.23467313900850162,0.1909758177139437,0.5122225541330024,0.011682269198521444,9.259259259264407e-05,0.003661757990086704,0.3203217495554743,0.10605605101774097,0.11709056192532621,0.0,0.9999999987499999,0.6004365456729567,0.302510031504248,0.30334201505552966,0.39553389123843113,surprised,08,21,21,male,normal,2452
100,3.336666666666667,True,1.0,0.4848581591262494,0.49310651408172435,0.4889823366039869,0.9377543477409263,-0.05574074074074081,-0.05444444444444452,0.3780382541467085,0.2083151380543247,0.19308084616518592,0.521439690236529,0.008248354955474935,0.0012962962962962954,0.006261496271820176,0.331759979149875,0.10572420035852689,0.1144316741651397,0.0,0.9999999987499999,0.6104298436093187,0.2967897456203534,0.29659276225110587,0.40622034194419715,surprised,08,21,21,male,normal,2452
0,0.0,True,1.0,0.5396825396825389,0.5491000627775515,0.5443913012300452,0.8795431739680075,-0.06444444444444436,-0.06361111111111112,0.3248273647132304,0.38699899654592346,0.17716775714279095,0.6189477871496128,0.009417523095012648,0.0008333333333332416,0.004351680710847371,0.3493230059701187,0.10916114410173272,0.11353199759667788,0.0,0.9999999987499999,0.6069011587994573,0.29718665050116067,0.2709459480329392,0.35949711360987496,surprised,08,21,21,male,normal,2453
10,0.33366666666666667,True,1.0,0.5598239262621667,0.5329814844656058,0.5464027053638862,0.8795988307985234,-0.06333333333333335,-0.06162037037037038,0.3248273647132306,0.35181726958720305,0.17993278368223806,0.6211953520536712,0.026842441796560923,0.0017129629629629717,0.0036802271696878153,0.33807068039977733,0.10702803094232752,0.11587440764531468,0.0,0.9999999987499999,0.6092212058807899,0.29775145978278916,0.2710104387217723,0.3548420589585761,surprised,08,21,21,male,normal,2453
20,0.6673333333333333,True,1.0,0.5494949494949501,0.5217532114987143,0.5356240804968322,1.2462772050400912,-0.07231481481481489,-0.07435185185185178,0.3116477095518189,0.5864833906071026,0.18892160269492647,0.42977924841335907,0.027741737996235805,0.002037037037036893,0.008488885649152424,0.23208403091303903,0.10522044538314611,0.11654146018735424,0.0,0.9999999987499999,0.6099966841580382,0.2984888604487288,0.271621681825258,0.36596959752642527,surprised,08,21,21,male,normal,2453
30,1.0010000000000001,True,1.0,0.6035814958358467,0.5905929869112525,0.5970872413735496,1.554328868723834,-0.07486111111111116,-0.07842592592592595,0.2868018984005109,0.6459376192526435,0.20486260077730514,0.38414472856299847,0.012988508924594244,0.0035648148148147984,0.00876696612898374,0.21184499677966132,0.10211662517416416,0.11927048642330586,0.0,0.9999999987499999,0.6004957788115247,0.3065125356871403,0.2858286114626849,0.37187818615207974,surprised,08,21,21,male,normal,2453
40,1.3346666666666667,True,1.0,0.5333333333333328,0.539811728663075,0.5365725309982039,1.103721115944859,-0.06486111111111104,-0.06939814814814821,0.318827239278913,0.4342324693012523,0.19035634988781405,0.4861486504576493,0.006478395329742259,0.004537037037037173,0.0051893370802608306,0.2679086523479889,0.1019116496272672,0.1197642585826057,0.0,0.9999999987499999,0.6107909058936075,0.30259559951348536,0.2759275702897912,0.3668402958780977,surprised,08,21,21,male,normal,2453
50,1.6683333333333334,True,1.0,0.5593677298542585,0.5316284742574289,0.5454981020558437,1.0952744882669938,-0.060694444444444384,-0.0687962962962963,0.36472301666711815,0.36507936507936495,0.1875146478653401,0.49804693517417914,0.02773925559682966,0.008101851851851916,0.006662341652407422,0.27754332761658024,0.10229668033884676,0.11927592887022834,0.0,0.9999999987499999,0.6086237345954006,0.3053078959918006,0.29468545700202764,0.39794916355588994,surprised,08,21,21,male,normal,2453
60,2.0020000000000002,True,1.0,0.6139627771657207,0.6280228732818489,0.6209928252237849,1.4081394253165749,-0.06254629629629621,-0.06592592592592594,0.3410277015915967,0.5363859635385334,0.1840294360839854,0.44100237097201833,0.01406009611612824,0.0033796296296297323,0.00318572312875436,0.22796915025588246,0.10448932307898887,0.11784587910345538,0.0,0.9999999987499999,0.6097120873974591,0.30575290214669604,0.2897192627470644,0.38684401593513384,surprised,08,21,21,male,normal,2453
70,2.3356666666666666,True,1.0,0.6614950023215223,0.672640506243088,0.6670677542823051,1.3440788631836167,-0.061805555555555614,-0.06212962962962959,0.2645782872252411,0.7044415105641032,0.18683169220295517,0.49630105238190625,0.01114550392156577,0.0003240740740739767,0.001779492845898864,0.2183025550899114,0.10481410369167596,0.11771906164215103,0.0,0.9999999987499999,0.5999051625962886,0.3017511524459565,0.27228157742838194,0.3601690661318136,surprised,08,21,21,male,normal,2453
80,2.6693333333333333,True,1.0,0.5747544416554196,0.5974125738875389,0.5860835077714792,1.2916874435032892,-0.061203703703703594,-0.06050925925925926,0.31466127360177254,0.5289748243082182,0.18141829471210996,0.4537347720760644,0.02265813223211932,0.000694444444444331,0.013619204562390961,0.25141574442188386,0.1068981059700107,0.11533541045313961,0.0,0.9999999987499999,0.6026791177408463,0.29977569946374605,0.28441346743918045,0.38537784021179433,surprised,08,21,21,male,normal,2453
90,3.003,True,1.0,0.5705595086823596,0.6084284458626077,0.5894939772724836,1.2304936930043833,-0.05999999999999994,-0.05828703703703697,0.31484663285932296,0.5066045475181271,0.1807080321139349,0.47907110830708155,0.037868937180248086,0.0017129629629629717,0.014182291431518067,0.25682000703003033,0.10817187391165346,0.11380729222671067,0.0,0.9999999987499999,0.6038758063381602,0.3000762492554006,0.28430036099280503,0.3853143401078863,surprised,08,21,21,male,normal,2453
100,3.336666666666667,True,1.0,0.48628911810933495,0.5468580188245155,0.5165735684669253,1.0726237329510513,-0.058425925925925826,-0.056435185185185255,0.328378948235757,0.4130658690847394,0.18079878115456227,0.4815981155346102,0.06056890071518051,0.001990740740740571,0.011819150474677633,0.2876247262916126,0.10410992482372272,0.11639437267041644,0.0,0.9999999987499999,0.6075752521868122,0.30084000630305757,0.2789642568066504,0.3870687615733574,surprised,08,21,21,male,normal,2453
0,0.0,True,1.0,0.5472298971988875,0.5230608657087557,0.5351453814538216,0.8040780891490026,-0.06245370370370368,-0.06060185185185196,0.3429223596135693,0.3035005223624816,0.18613119697045133,0.6655390672567557,0.02416903149013183,0.0018518518518517157,0.0036800632827326775,0.3581060496031398,0.10761440942178732,0.11282489719160758,0.0,0.9999999987499999,0.6085487313675471,0.29787237665105537,0.27767347130657244,0.36657241798983886,surprised,08,21,21,male,strong,2454
10,0.33366666666666667,True,1.0,0.5808896519805146,0.5647700331105843,0.5728298425455494,0.8181007858203444,-0.06296296296296294,-0.060416666666666674,0.3439464658547102,0.302525042324488,0.18613119697045133,0.7001947100822652,0.016119618869930297,0.0025462962962962687,0.008211828863230007,0.3508366563569097,0.10814871389535151,0.11282059238876331,0.0,0.9999999987499999,0.6073331642891532,0.2976232155577558,0.2816625809210892,0.36763103625980986,surprised,08,21,21,male,strong,2454
20,0.6673333333333333,True,1.0,0.5653613004615051,0.5491000627775515,0.5572306816195283,1.2164099828302495,-0.07500000000000001,-0.07481481481481472,0.33511256895161157,0.4560980709250756,0.19864222379929886,0.4580944660804301,0.0162612376839536,0.00018518518518528815,0.00317822314357817,0.2592729803829195,0.10685529418015642,0.11652525778926745,0.0,0.9999999987499999,0.6076104840295493,0.29670372378585086,0.28615136583656164,0.37382088656052553,surprised,08,21,21,male,strong,2454
30,1.0010000000000001,True,1.0,0.5646283181346006,0.5595643968904598,0.5620963575125302,1.1483500540695943,-0.07810185185185181,-0.0825925925925926,0.378497843448597,0.26441546764753027,0.21956991694229538,0.48948171815775005,0.00506392124414079,0.004490740740740795,0.014263419771982835,0.2603721652908598,0.10121062402701225,0.12114615670823488,0.0,0.9999999987499999,0.605225282784989,0.30645855823506396,0.31162673941643443,0.4006473842080875,surprised,08,21,21,male,strong,2454
40,1.3346666666666667,True,1.0,0.6201962703414272,0.5705870449677527,0.5953916576545899,1.3606228172551171,-0.05842592592592599,-0.06574074074074077,0.28797712635839656,0.49007351654163545,0.19801532628674087,0.4375875886424693,0.049609225373674515,0.007314814814814774,0.008104995297960944,0.23340573324725644,0.10483780259262877,0.11737376648588081,0.0,0.9999999987499999,0.6054578313591061,0.3047078164363195,0.30046611833829984,0.38605994969432567,surprised,08,21,21,male,strong,2454
50,1.6683333333333334,True,1.0,0.5764294722338532,0.5966189378745481,0.5865242050542007,1.0366454808821506,-0.056990740740740786,-0.06384259259259262,0.37745658447599906,0.23286189937730095,0.1959595185771973,0.5657905386854996,0.020189465640694904,0.006851851851851831,0.00784643377169265,0.3019683743941028,0.10362366445153422,0.11828608595060236,0.0,0.9999999987499999,0.6128587339701504,0.2974897445760301,0.31308827843355086,0.42328794249816143,surprised,08,21,21,male,strong,2454
60,2.0020000000000002,True,1.0,0.6206924430654915,0.6280228732818516,0.6243576581736716,1.2010809480874494,-0.05837962962962967,-0.06861111111111123,0.35228591079221844,0.34430018847843763,0.19930708674523123,0.519829790962776,0.00733043021636004,0.010231481481481564,0.009868570676030874,0.2563833334342197,0.08942171352960304,0.11763213463396335,0.0,0.9999999987499999,0.6594060426514355,0.3168905460148778,0.27797384028589683,0.4193168598295466,surprised,08,21,21,male,strong,2454
70,2.3356666666666666,True,1.0,0.6412615249419347,0.6124107248631945,0.6268361249025646,1.3948648619855923,-0.056203703703703645,-0.05527777777777776,0.2524600657945446,0.5961922393970671,0.19722260906438244,0.44938842606606516,0.02885080007874019,0.0009259259259258856,0.00028005914312796595,0.2177419354838714,0.10430643857738607,0.11588997114395949,0.0,0.9999999987499999,0.6158887700861595,0.2980135543090514,0.27118970501134354,0.3751938206002145,surprised,08,21,21,male,strong,2454
80,2.6693333333333333,True,1.0,0.6242996094672325,0.5958646760788853,0.6100821427730589,1.2294915982486156,-0.05629629629629629,-0.05694444444444435,0.33591919350860044,0.43532539177184587,0.18546644821245542,0.4962068416263339,0.02843493338834724,0.0006481481481480644,0.0007655039514033988,0.2592334371703436,0.10420293478481951,0.11663825578855518,0.0,0.9999999987499999,0.6040990971310399,0.30208710298066266,0.28395170690794885,0.3855628717685216,surprised,08,21,21,male,strong,2454
90,3.003,True,1.0,0.563306712225059,0.570558647853048,0.5669326800390535,1.1853868543242048,-0.05675925925925929,-0.05537037037037035,0.34137075417538476,0.41718031020731533,0.1826593565662831,0.4782680674844035,0.007251935627988981,0.0013888888888889395,0.006780831473175809,0.2647031956929778,0.10705913230764674,0.1150204338651091,0.0,0.9999999987499999,0.6052501619475916,0.3009550929607059,0.2894589655999884,0.38804848113327195,surprised,08,21,21,male,strong,2454
100,3.336666666666667,True,1.0,0.5587671459375009,0.5338433050903177,0.5463052255139094,1.1576321592758498,-0.0566666666666667,-0.05481481481481493,0.345615636828389,0.4133199729811397,0.18195953953629374,0.4719160755309765,0.024923840847183132,0.0018518518518517713,0.00815578677474629,0.2764748779345526,0.10706360780730613,0.11401806091574844,0.0,0.9999999987499999,0.6029972227015806,0.30219781199436446,0.29039719782517215,0.3872853230514964,surprised,08,21,21,male,strong,2454
0,0.0,True,1.0,0.554725713120992,0.5671531442786965,0.5609394286998441,0.8532821714387785,-0.07606481481481475,-0.07694444444444448,0.3440109674057986,0.3035005223624816,0.20419058108242347,0.6573903070704092,0.012427431157704505,0.0008796296296297301,0.0007430044092294554,0.32671403360759715,0.10666647473544132,0.11620731871002107,0.0,0.9999999987499999,0.6002202953212535,0.29668800198222206,0.2795077227799484,0.358881167973442,surprised,08,21,21,male,strong,2455
10,0.33366666666666667,True,1.0,0.501169852799925,0.5333648902768584,0.5172673715383918,0.8280511839603172,-0.07226851851851845,-0.070462962962963,0.34439924972580926,0.30841462989644425,0.19728758777933098,0.6246804322704536,0.03219503747693342,0.0018055555555554492,0.0008973070228838919,0.35502677663643123,0.11037429246677855,0.11420301592034651,0.0,0.9999999987499999,0.6041770670924619,0.2953776562704776,0.2841710151762736,0.3615280876559092,surprised,08,21,21,male,strong,2455
20,0.6673333333333333,True,1.0,0.5456806514636147,0.5344210616179366,0.5400508565407756,1.2612596857295815,-0.08731481481481479,-0.0881481481481482,0.3479800758857912,0.5028945953292554,0.2167018763959069,0.4281837139893841,0.011259589845678097,0.0008333333333334081,0.00044359487585275405,0.2450427030312584,0.10795932099157314,0.11665205631028458,0.0,0.9999999987499999,0.6052633449004602,0.29892355682748206,0.316581480895569,0.39658623499186585,surprised,08,21,21,male,strong,2455
30,1.0010000000000001,True,1.0,0.5965812188946451,0.5647616409399748,0.5806714299173099,1.236975770517049,-0.08087962962962958,-0.08296296296296296,0.37793294932616533,0.31675666845367867,0.21609971078213078,0.46942829743107456,0.031819577954670275,0.0020833333333333814,0.013904060339393102,0.23448147984410686,0.10006845911524463,0.12004554916306989,0.0,0.9999999987499999,0.6011761731802095,0.30386783511254417,0.32519598932909083,0.4188183945693993,surprised,08,21,21,male,strong,2455
40,1.3346666666666667,True,1.0,0.6614950023215223,0.6650094998273228,0.6632522510744225,1.327197263762322,-0.06606481481481485,-0.0772685185185184,0.29625031924422984,0.4327673362704231,0.20780086486532723,0.49973901332062987,0.0035144975058005734,0.01120370370370355,0.01215185092542725,0.22010138203151777,0.10090783893563955,0.11805679499405328,0.0,0.9999999987499999,0.6072440468843788,0.3038126374855772,0.3045095399149203,0.39435552825877546,surprised,08,21,21,male,strong,2455
50,1.6683333333333334,True,1.0,0.5925640900494829,0.6053117854709068,0.5989379377601949,1.0114122167566146,-0.06587962962962968,-0.07527777777777772,0.37267197610436775,0.2528438714609049,0.20854416415420923,0.5921798529197743,0.012747695421423955,0.009398148148148044,0.016413869275738333,0.29866916005312416,0.10374084212482758,0.11639654727020858,0.0,0.9999999987499999,0.5999144936881002,0.304825041645671,0.2980612552922542,0.39482420109951694,surprised,08,21,21,male,strong,2455
60,2.0020000000000002,True,1.0,0.5323724169107925,0.5888219007844147,0.5605971588476035,0.9110896296167746,-0.05513888888888885,-0.06300925925925932,0.354227866560317,0.20778225439961154,0.1986126476545555,0.6153040717666863,0.05644948387362214,0.007870370370370472,0.0016847301416527372,0.30640876988921056,0.10155744870069804,0.11846732503644335,0.0,0.9999999987499999,0.6150469893582433,0.29260764277705237,0.27749258601797566,0.3790324964515264,surprised,08,21,21,male,strong,2455
70,2.3356666666666666,True,1.0,0.4686868686868696,0.4904597983631294,0.47957333352499953,1.1854081130897183,-0.05171296296296296,-0.052870370370370456,0.2778835643120472,0.40868454661558146,0.19105050873278595,0.4045639035445869,0.021772929676259822,0.0011574074074074958,0.0010060780741324618,0.262371101019741,0.10227718933724202,0.11654598855963018,0.0,0.9999999987499999,0.6138592784613845,0.2965674378693798,0.2628380494779553,0.36895557646290794,surprised,08,21,21,male,strong,2455
80,2.6693333333333333,True,1.0,0.5266263677967542,0.526788989848325,0.5267076788225395,1.3107877670433954,-0.0534722222222222,-0.05263888888888879,0.34783804692520726,0.3931488747737288,0.18543682774578088,0.4018252932056103,0.00016262205157080434,0.0008333333333334081,0.0006002646917877449,0.2558307920480785,0.10403975725472538,0.11596526852516213,0.0,0.9999999987499999,0.6091328041607269,0.30338158153416184,0.2887973441579513,0.3911265530072969,surprised,08,21,21,male,strong,2455
90,3.003,True,1.0,0.5486514547986404,0.5294754892862785,0.5390634720424594,1.1224650758450534,-0.05703703703703705,-0.05481481481481476,0.3732751240441697,0.3488339710270941,0.18264933186801843,0.48024966089624016,0.019175965512361892,0.002222222222222292,0.004004086541473276,0.2825129660795782,0.10417198244413589,0.1173172970829912,0.0,0.9999999987499999,0.6097255724946229,0.2997812326345841,0.2876313916424063,0.38837747524288735,surprised,08,21,21,male,strong,2455
100,3.336666666666667,True,1.0,0.5217532114987143,0.5139202433285633,0.5178367274136388,1.0854865779457181,-0.057129629629629586,-0.054398148148148195,0.369045682334321,0.3438196257156036,0.1819951757573897,0.47705493364426865,0.007832968170151,0.0027314814814813904,0.01580640804155167,0.29433639988306204,0.10732579552066021,0.11443917046987702,0.0,0.9999999987499999,0.6015938865858843,0.29881136629881516,0.2916799638781499,0.3935489845994467,surprised,08,21,21,male,strong,2455
0,0.0,True,1.0,0.5547257131209934,0.5393344300182035,0.5470300715695984,1.0333209886990962,-0.06254629629629627,-0.05999999999999994,0.32880104683708555,0.4132557592491903,0.18473254743001208,0.5293902645472093,0.015391283102789921,0.0025462962962963243,0.0010649537622366124,0.2831686489594874,0.10695814762834537,0.11361503925486234,0.0,0.9999999987499999,0.6070616040791317,0.2998917728441214,0.27880375449601486,0.3704275704885175,surprised,08,21,21,male,strong,2456
10,0.33366666666666667,True,1.0,0.5970101472666393,0.5555845416593431,0.5762973444629912,1.0520391591513893,-0.06513888888888886,-0.06365740740740744,0.3239309767635996,0.41204867066762724,0.18823498003510297,0.5477907732330537,0.041425605607296134,0.001481481481481417,0.0016428911798724924,0.30184617127124735,0.10637741275757286,0.11581583665103073,0.0,0.9999999987499999,0.6089880941204607,0.3004588282704769,0.27788334267161485,0.36458132007158445,surprised,08,21,21,male,strong,2456
20,0.6673333333333333,True,1.0,0.6083169537088716,0.5910490538966028,0.5996830038027372,1.4508949078334417,-0.08115740740740734,-0.0860185185185185,0.34131075706700387,0.5989159212568268,0.21327494793661525,0.4133193938203407,0.01726789981226884,0.004861111111111149,0.013998737004412726,0.20309477091285963,0.08790156310890401,0.1182901741875978,0.0,0.9999999987499999,0.6627484922719088,0.323278482614079,0.28711536718560776,0.4302306938795386,surprised,08,21,21,male,strong,2456
30,1.0010000000000001,True,1.0,0.6395211915573086,0.5941397977361083,0.6168304946467085,1.4683249199979687,-0.06898148148148148,-0.07300925925925927,0.2987122814137741,0.5119817155256075,0.21112014572710366,0.4200912796927548,0.04538139382120032,0.004027777777777797,0.0002809354622721851,0.2076541329221934,0.09920153532340276,0.11707815756563522,0.0,0.9999999987499999,0.6191439965361144,0.30058744940571586,0.3016802664585573,0.40454159580937227,surprised,08,21,21,male,strong,2456
40,1.3346666666666667,True,1.0,0.6244363447719231,0.6035676912412045,0.6140020180065637,1.1248031665804277,-0.05777777777777776,-0.06509259259259242,0.3221093962175415,0.374934388860143,0.1986126476545555,0.5458750795245563,0.02086865353071865,0.007314814814814663,0.0063555514761585875,0.2505033984458195,0.10181033352250596,0.12016790689141504,0.0,0.9999999987499999,0.6037955674222814,0.30612825975570607,0.29815304709880497,0.38439168192607487,surprised,08,21,21,male,strong,2456
50,1.6683333333333334,True,1.0,0.6577837663959439,0.66002577864227,0.658904772519107,0.6589836206131469,-0.06134259259259256,-0.06476851851851856,0.3547900720080368,0.18468050867629823,0.2027871836624776,0.9998803489319408,0.0022420122463260306,0.003425925925925999,0.004485038413866863,0.4005059841287415,0.10287675242993582,0.11650869735815089,0.0,0.9999999987499999,0.6173594452937425,0.29564684343898906,0.2920536095816458,0.38954478341038296,surprised,08,21,21,male,strong,2456
60,2.0020000000000002,True,1.0,0.6737719984572964,0.6712469019453499,0.6725094502013231,1.1252066030185979,-0.06342592592592594,-0.06819444444444445,0.3181245276239647,0.39278840737729265,0.20902923774983864,0.5976764163996002,0.002525096511946545,0.004768518518518505,0.0026901555088669135,0.26317652851739315,0.103478661088477,0.11695594527488123,0.0,0.9999999987499999,0.6167781246717438,0.2982778019639324,0.2924884170156277,0.3929212181205953,surprised,08,21,21,male,strong,2456
70,2.3356666666666666,True,1.0,0.5009082488102794,0.5222212109300631,0.5115647298701713,1.5609011945503102,-0.0494444444444444,-0.0503703703703704,0.3015452910423306,0.5394537270501972,0.18820457916060043,0.32773677901986054,0.02131296211978373,0.0009259259259259967,0.0027297299548606478,0.21664213391435988,0.10154155308088289,0.11799755778700967,0.0,0.9999999987499999,0.6113167596569878,0.30010913567746217,0.2841190003063381,0.38569331047900485,surprised,08,21,21,male,strong,2456
80,2.6693333333333333,True,1.0,0.5751839993577574,0.5745265615033486,0.574855280430553,1.3802425842556527,-0.05356481481481484,-0.05398148148148152,0.33360069486456556,0.44547617327072264,0.18680596396879406,0.4164885846791672,0.0006574378544088599,0.0004166666666666763,0.0023419853289735606,0.2450240713368258,0.10255422006633548,0.11857351356924604,0.0,0.9999999987499999,0.619774880030137,0.2969163073496091,0.28379187480232,0.401056448542225,surprised,08,21,21,male,strong,2456
90,3.003,True,1.0,0.5848195540751038,0.5820894537310239,0.5834545039030639,1.199824063162603,-0.05425925925925923,-0.05486111111111114,0.3412797510560802,0.3855457200764296,0.18264055980567517,0.48628338255289083,0.0027301003440798333,0.0006018518518519089,0.0012576752570016422,0.268541430294255,0.10313766110605359,0.11806637554836884,0.0,0.9999999987499999,0.6120573676267382,0.3055112184745064,0.28632569374269895,0.39393247243934326,surprised,08,21,21,male,strong,2456
100,3.336666666666667,True,1.0,0.5864548943959615,0.5498183830586251,0.5681366387272933,1.0544395778237325,-0.05467592592592596,-0.056712962962962965,0.3550146334410245,0.32939788455329594,0.1861258682802443,0.5388043570024901,0.036636511337336475,0.002037037037037004,0.005214283241016952,0.3051880483877982,0.10313114369205922,0.11887612507225237,0.0,0.9999999987499999,0.6055983642597664,0.30753762829790904,0.285906024091806,0.39700749291432846,surprised,08,21,21,male,strong,2456
0,0.0,True,1.0,0.5395583967605844,0.5541955781322196,0.546876987446402,0.9967040423042878,-0.06236111111111109,-0.06009259259259253,0.33396396131630746,0.4054205074889565,0.18342694291325298,0.5486854314166048,0.014637181371635277,0.0022685185185185586,0.004982019343908595,0.3055413070297766,0.10679460476083412,0.11309694555141037,0.0,0.9999999987499999,0.6097544808470262,0.29971272701211765,0.2790277822081349,0.36646193318998643,surprised,08,21,21,male,strong,2457
10,0.33366666666666667,True,1.0,0.5491000627775503,0.580235306686979,0.5646676847322647,0.9942332456429552,-0.062037037037037,-0.06152777777777779,0.3371680493028615,0.3874240166318305,0.18683863413534252,0.5679428717625539,0.031135243909428678,0.0005092592592592093,0.0024647879442433393,0.3068367287699592,0.10736261998927316,0.11340103291279328,0.0,0.9999999987499999,0.6047308611413316,0.3005098727393823,0.28480538756838825,0.3703285027649608,surprised,08,21,21,male,strong,2457
20,0.6673333333333333,True,1.0,0.6128621232523553,0.6101384248212941,0.6115002740368247,1.3727603547667193,-0.06870370370370371,-0.06981481481481477,0.32461827097533513,0.5015724719502954,0.19724117659584228,0.4454530405933382,0.002723698431061239,0.0011111111111110628,0.010233642759759947,0.22391918130009927,0.10338775474377973,0.11784743672570358,0.0,0.9999999987499999,0.609384264963798,0.30247891389952436,0.2887337812017056,0.3757966245790599,surprised,08,21,21,male,strong,2457
30,1.0010000000000001,True,1.0,0.6227592109384548,0.604549294873236,0.6136542529058454,1.6393369776475775,-0.057916666666666616,-0.061064814814814905,0.28944551957115777,0.6221008670248375,0.19444483681291014,0.3743307576618137,0.018209916065218712,0.0031481481481482887,0.0013928761841117139,0.1968870066466457,0.10168946878482459,0.11722178463843422,0.0,0.9999999987499999,0.6165264261954783,0.30030209641745753,0.2930747281057252,0.4009514877439105,surprised,08,21,21,male,strong,2457
40,1.3346666666666667,True,1.0,0.5878070438811666,0.6049565136997437,0.5963817787904551,1.309712214371418,-0.05574074074074076,-0.0602314814814815,0.30648510841770543,0.43968910053897603,0.19377519997409368,0.4553532999435926,0.017149469818577123,0.00449074074074074,0.0015884049188250498,0.23303571428571362,0.10058649562329389,0.11638259462063326,0.0,0.9999999987499999,0.6121431926833233,0.30592117336763525,0.2902334527286472,0.3778563501306158,surprised,08,21,21,male,strong,2457
50,1.6683333333333334,True,1.0,0.6131306425527654,0.631524207864298,0.6223274252085317,1.0449815874784265,-0.05888888888888888,-0.06578703703703703,0.37361185872789016,0.2183235867446385,0.19794788850499279,0.5955391297469914,0.018393565311532578,0.006898148148148153,0.008097929739990427,0.27741487348282934,0.10154119043955112,0.11896268732229565,0.0,0.9999999987499999,0.618773565942002,0.29675512155955525,0.30223452786878846,0.41852341693027356,surprised,08,21,21,male,strong,2457
60,2.0020000000000002,True,1.0,0.6739581880810154,0.6673271298604038,0.6706426589707095,1.339923216263881,-0.059768518518518554,-0.0712037037037036,0.37164196907892405,0.36607134228743693,0.20001373243870652,0.5005082760194782,0.0066310582206116075,0.011435185185185048,0.007936805667619099,0.23656522691629941,0.10374566843930148,0.11850108075129706,0.0,0.9999999987499999,0.6057837450527086,0.3083493530898422,0.3122609009167554,0.4124636120037986,surprised,08,21,21,male,strong,2457
70,2.3356666666666666,True,1.0,0.6740819058903913,0.7102286091049801,0.6921552574976857,1.3658536585365852,-0.0597685185185185,-0.06944444444444448,0.2669399003281773,0.5636856368563699,0.20487042134711556,0.5067565278108056,0.03614670321458879,0.009675925925925977,0.006619257763115506,0.20596967921360204,0.08933742232600482,0.11801946795356379,0.0,0.9999999987499999,0.6545449742396958,0.3181897148755559,0.2677578517953727,0.401705712999052,surprised,08,21,21,male,strong,2457
80,2.6693333333333333,True,1.0,0.6139553101773696,0.6290667441405956,0.6215110271589825,1.4054109870027476,-0.060324074074073974,-0.06689814814814815,0.34319336370857967,0.4629183697388775,0.19517798222610205,0.44222724377902384,0.015111433963226006,0.0065740740740741765,0.012822352730553889,0.23427077322000642,0.10407427556839684,0.11707897928824401,0.0,0.9999999987499999,0.6034329754245449,0.3046028512267598,0.2985230351770521,0.3949320210870578,surprised,08,21,21,male,strong,2457
90,3.003,True,1.0,0.6336447318278176,0.647729066265923,0.6406868990468703,1.2646211060324442,-0.06009259259259264,-0.06458333333333333,0.357073436605438,0.3950378859499808,0.1923864930105574,0.5066236013227137,0.014084334438105417,0.004490740740740684,0.00567972025353061,0.2557865556160805,0.10751139316548242,0.11624843152468817,0.0,0.9999999987499999,0.6046309909041742,0.3023280593478012,0.29978839460218565,0.3934242419981764,surprised,08,21,21,male,strong,2457
100,3.336666666666667,True,1.0,0.5759727833529341,0.6268054022864034,0.6013890928196688,1.1474795093532488,-0.0596296296296297,-0.06282407407407403,0.3735351619457999,0.3333026653309791,0.18752603985846872,0.5240957140564787,0.05083261893346924,0.003194444444444333,0.0011007742664049635,0.28408296374750924,0.10657993727033645,0.11694020059847225,0.0,0.9999999987499999,0.6055939450623999,0.30525979426583044,0.29405230812689576,0.3932318162296737,surprised,08,21,21,male,strong,2457
0,0.0,True,1.0,0.5657985764489685,0.5494949494949501,0.5576467629719593,0.9729290735330546,-0.07013888888888886,-0.06722222222222218,0.3045207162235687,0.4958196240120381,0.17641008171331204,0.5731628112899779,0.016303626954018324,0.0029166666666666785,0.0028948519303894555,0.30349450196320377,0.1087157764423017,0.11412560518916877,0.0,0.9999999987499999,0.6052690487757603,0.29950731231524075,0.27685875023606055,0.3578475740023993,neutral,01,21,21,male,normal,2458
10,0.33366666666666667,True,1.0,0.5596707818930057,0.5432098765432107,0.5514403292181083,0.9939028621751445,-0.06861111111111107,-0.06745370370370368,0.29811202218993255,0.5064785576666518,0.17572223374872625,0.5548231625083438,0.01646090534979494,0.0011574074074073848,0.004313247768662315,0.3142724325681408,0.10808330201344206,0.11653719172874046,0.0,0.9999999987499999,0.6048114408732242,0.29933365641018456,0.2739903926867918,0.3520756705731902,neutral,01,21,21,male,normal,2458
20,0.6673333333333333,True,1.0,0.5101852098350962,0.533483693259422,0.521834451547259,1.3952050833836098,-0.07601851851851854,-0.07560185185185186,0.298087831068902,0.6593777448867747,0.18406135556647357,0.3740198898084013,0.023298483424325833,0.0004166666666666763,0.005865483039741844,0.2234589041095893,0.10831350787859992,0.1164869314073002,0.0,0.9999999987499999,0.604735075928809,0.30109031275104997,0.27759199763639536,0.35684453668670757,neutral,01,21,21,male,normal,2458
30,1.0010000000000001,True,1.0,0.5266263677967555,0.5174912207513658,0.5220587942740607,1.1564185544768073,-0.08013888888888887,-0.08018518518518519,0.33223621236279555,0.5350593311758357,0.19378937351945408,0.45144449840676687,0.009135147045389758,4.629629629632204e-05,0.0021561180824627743,0.251865671641791,0.10706892370429817,0.11698226773393908,0.0,0.9999999987499999,0.6141303262711335,0.3033017330828371,0.2871382901188001,0.36768414586186515,neutral,01,21,21,male,normal,2458
40,1.3346666666666667,True,1.0,0.5653613004615038,0.5496453094210368,0.5575033049412703,1.2305344327089027,-0.08481481481481479,-0.0817592592592592,0.29254086804419893,0.5762026311890887,0.20000152587308548,0.45305786666528347,0.015715991040466948,0.003055555555555589,0.007086539980570408,0.24159343183616125,0.10525298390081897,0.11861877914899319,0.0,0.9999999987499999,0.606499051354917,0.30413026754157346,0.2852205071014957,0.36272361074097037,neutral,01,21,21,male,normal,2458
50,1.6683333333333334,True,1.0,0.555695030440949,0.5399778895373546,0.5478364599891519,1.1391585760517795,-0.08337962962962964,-0.08055555555555549,0.3311680685593044,0.5177993527508084,0.19659337423165416,0.4809132560700227,0.01571714090359444,0.0028240740740741455,0.0011504837379579121,0.24715909090909138,0.10739837172853436,0.11684305321697946,0.0,0.9999999987499999,0.6098460992365696,0.3021754343038937,0.28930021463416894,0.3691187226460137,neutral,01,21,21,male,normal,2458
60,2.0020000000000002,True,1.0,0.5496453094210367,0.5242925115258726,0.5369689104734547,1.097416445425898,-0.08194444444444438,-0.08129629629629631,0.32703670703383697,0.5051398167518684,0.19312233139743273,0.48930277353831864,0.025352797895164092,0.0006481481481480644,0.005679400445429179,0.2504934140540014,0.10763373263568496,0.11629910162518813,0.0,0.9999999987499999,0.6127081979432398,0.30233833986964914,0.2880563057776195,0.36655574349421316,neutral,01,21,21,male,normal,2458
70,2.3356666666666666,True,1.0,0.5435257310686773,0.5496453094210375,0.5465855202448574,1.3008629493382529,-0.08606481481481482,-0.08416666666666667,0.3372217939454201,0.5236681555065683,0.20209692421007702,0.4201714873368518,0.006119578352360211,0.0018981481481481488,0.004230785536042687,0.21951687914171883,0.10100542292317449,0.11989558254346533,0.0,0.9999999987499999,0.6177041073929572,0.2995524535761357,0.2813993566095856,0.3860773973801864,neutral,01,21,21,male,normal,2458
80,2.6693333333333333,True,1.0,0.5547257131209933,0.555695030440951,0.5552103717809722,1.2201862659642244,-0.08430555555555552,-0.08467592592592588,0.28386238847271045,0.5996877797820792,0.20000953651580125,0.45502099742306956,0.0009693173199577521,0.00037037037037035425,0.006839353481445115,0.21810003439131137,0.1064723874938789,0.11720080286963426,0.0,0.9999999987499999,0.6062316889724639,0.3003017247373687,0.2868341952969965,0.3578920271563327,neutral,01,21,21,male,normal,2458
90,3.003,True,1.0,0.5330549404351335,0.5399778895373553,0.5365164149862444,0.7603924742578086,-0.08277777777777773,-0.08333333333333331,0.3233674593463335,0.3358724410753184,0.19794133618182042,0.7055782811500317,0.006922949102221798,0.0005555555555555869,0.001059572116975729,0.3407938072026439,0.1077608773219546,0.11650880933807334,0.0,0.9999999987499999,0.6053067184920845,0.301684728813098,0.28901518716239877,0.36098241035785883,neutral,01,21,21,male,normal,2458
100,3.336666666666667,True,1.0,0.5334836932594207,0.5497956693471249,0.5416396813032728,0.7883505625997888,-0.08328703703703705,-0.08277777777777778,0.3201302547470766,0.3582240926861899,0.19724117659584228,0.6870543473922015,0.016311976087704183,0.0005092592592592649,0.005357744508968647,0.33537036699510975,0.10638906063256401,0.1177628002035859,0.0,0.9999999987499999,0.6070660368522409,0.30178243908500973,0.2853749605760254,0.358702465924775,neutral,01,21,21,male,normal,2458
110,3.6703333333333332,True,1.0,0.5323724169107925,0.5398302146099467,0.5361013157603696,0.7815965126985754,-0.08217592592592599,-0.08166666666666667,0.33014360717819685,0.355949416744865,0.19445856921043916,0.6859054602347213,0.007457797699154223,0.0005092592592593204,0.008296652343938048,0.34030747553614504,0.10719210055091728,0.11621550316583877,0.0,0.9999999987499999,0.606557651795093,0.3017399626664753,0.2838763118473071,0.35961736113551157,neutral,01,21,21,male,normal,2458
0,0.0,True,1.0,0.5322223701928341,0.5437186861376108,0.5379705281652225,0.8967944137603422,-0.06541666666666668,-0.06379629629629635,0.3187687333004285,0.3855240244958204,0.17921818428722588,0.5998816673148778,0.011496315944776625,0.0016203703703703276,0.005270167955053924,0.31492029588637904,0.10605314457202628,0.11345716958406889,0.0,0.9999999987499999,0.6190598707529886,0.29418768062538736,0.26576846313965163,0.36200678221570864,neutral,01,21,21,male,normal,2459
10,0.33366666666666667,True,1.0,0.543231421295433,0.5169017604219477,0.5300665908586903,0.8428338040899005,-0.06685185185185183,-0.0618981481481482,0.32184640989904845,0.3675926745192704,0.17779880505291804,0.6289099799824249,0.026329660873485317,0.004953703703703627,0.003269427189832556,0.34770111211788857,0.08966541742618594,0.11548345118129612,0.0,0.9999999987499999,0.673182015501513,0.31317567030538124,0.2532590346066148,0.39743598599139,neutral,01,21,21,male,normal,2459
20,0.6673333333333333,True,1.0,0.6093351699483338,0.5927457369617557,0.6010404534550448,1.4143583412115002,-0.07013888888888892,-0.06722222222222235,0.30200321542304065,0.6593777448867731,0.18057625937153515,0.4249562758898923,0.016589432986578112,0.0029166666666665675,0.001987340053344644,0.2280339526729707,0.10637587505358617,0.11548777976858711,0.0,0.9999999987499999,0.6028007168805022,0.3005652727320054,0.2807248935586171,0.36492870408603467,neutral,01,21,21,male,normal,2459
30,1.0010000000000001,True,1.0,0.5332052218753423,0.5661038705009702,0.5496545461881562,1.1385218028270943,-0.08296296296296296,-0.08203703703703702,0.33245596948668604,0.5174911162471346,0.20212108351226893,0.48277911307740806,0.03289864862562797,0.0009259259259259411,0.001929604372423937,0.2646290301473983,0.10409343062358273,0.1167359928734788,0.0,0.9999999987499999,0.6170454474133402,0.2974956067008882,0.28261399309695295,0.380950563342519,neutral,01,21,21,male,normal,2459
40,1.3346666666666667,True,1.0,0.5715607088346251,0.5712802476822679,0.5714204782584464,1.44282171645529,-0.07999999999999996,-0.07763888888888892,0.27512285212367676,0.7005003985688718,0.19446366956824931,0.3960437188749187,0.00028046115235713653,0.002361111111111036,0.004452762375389302,0.21195652173913,0.10661576249783003,0.11723301849861908,0.0,0.9999999987499999,0.6048472364570829,0.30176768663249887,0.2845986849974414,0.3631539704090248,neutral,01,21,21,male,normal,2459
50,1.6683333333333334,True,1.0,0.5970101472666406,0.59741257388754,0.5972113605770903,1.1104623344052695,-0.07541666666666669,-0.07402777777777775,0.33352808005751017,0.5125210774178162,0.1910121683285029,0.537804247900888,0.00040242662089939873,0.0013888888888889395,0.0012930577087302778,0.26826923076923026,0.10567179864729374,0.11613236000134879,0.0,0.9999999987499999,0.617688822896346,0.29455267129592727,0.2748910831141111,0.3759249749620253,neutral,01,21,21,male,normal,2459
60,2.0020000000000002,True,1.0,0.5759642842102941,0.5497956693471255,0.5628799767787098,1.0762942625774152,-0.07675925925925925,-0.07472222222222219,0.3345786526784162,0.4612689696760347,0.19099778869268047,0.5229796314539242,0.02616861486316857,0.0020370370370370594,0.005201150330969502,0.2589285714285706,0.10724579805232817,0.1163298428798607,0.0,0.9999999987499999,0.6076014575674019,0.3013677657435096,0.2849417856627398,0.37150609932072926,neutral,01,21,21,male,normal,2459
70,2.3356666666666666,True,1.0,0.5495086833287367,0.5657985764489685,0.5576536298888526,0.8427056606923965,-0.07550925925925922,-0.07476851851851851,0.34044733170913577,0.37057949416957575,0.18474865360190323,0.6617418820121189,0.01628989312023177,0.0007407407407407085,0.0016482781848732835,0.2950543789496551,0.10684058220611034,0.11653874716486111,0.0,0.9999999987499999,0.6086467599617972,0.2971170412070292,0.2764130034188102,0.35516734420527907,neutral,01,21,21,male,normal,2459
80,2.6693333333333333,True,1.0,0.5430687992438629,0.5770092928026983,0.5600390460232806,1.0475907007371503,-0.07296296296296295,-0.0725925925925926,0.3230337888902161,0.4349374171485644,0.19100457921116565,0.5345971910873226,0.03394049355883544,0.00037037037037035425,0.0010718974619711285,0.2674380664325878,0.10580263861825576,0.11551945242141098,0.0,0.9999999987499999,0.6159099563809899,0.29591959382924826,0.2721380314697791,0.3723971192577219,neutral,01,21,21,male,normal,2459
90,3.003,True,1.0,0.6080185987749673,0.6148958921497657,0.6114572454623666,1.1885206521905296,-0.07458333333333333,-0.07300925925925927,0.30311445163595946,0.5469006496972532,0.18892160269492644,0.5144691800983068,0.0068772933747983656,0.001574074074074061,0.0009807357267918098,0.2519172045853859,0.10604294729516522,0.11463603170470293,0.0,0.9999999987499999,0.6161693370863971,0.2944907853244625,0.27287898987326153,0.3715157943494983,neutral,01,21,21,male,normal,2459
100,3.336666666666667,True,1.0,0.5968684322906558,0.608018598774968,0.6024435155328118,0.7486890357177657,-0.07393518518518516,-0.07162037037037039,0.32842230989944937,0.3220002147158833,0.1910121683285029,0.8046645359982483,0.011150166484312218,0.0023148148148147696,0.00034819449137804277,0.3538413898829355,0.10609582566651916,0.11458709444055284,0.0,0.9999999987499999,0.6181169405496574,0.29371772496361576,0.2710103198372059,0.36622415063003066,neutral,01,21,21,male,normal,2459
110,3.6703333333333332,True,1.0,0.5972708589115553,0.5709758247621343,0.5841233418368448,0.8094216777519421,-0.07319444444444445,-0.07064814814814813,0.32496001497838606,0.3518172695872033,0.18961592732921567,0.7216551741722157,0.026295034149421026,0.0025462962962963243,0.001704384104718874,0.3307790527563238,0.10632047025022158,0.11454513516280271,0.0,0.9999999987499999,0.617045338033651,0.293714667291804,0.27007292213380585,0.36681041336165227,neutral,01,21,21,male,normal,2459
0,0.0,True,1.0,0.5333648902768598,0.5238501934199269,0.5286075418483933,1.0409042578021859,-0.06629629629629619,-0.06398148148148158,0.3185332083101523,0.4665903110749194,0.17919391750124905,0.5078349309133581,0.009514696856932958,0.002314814814814603,0.0003337942329217272,0.27208572357948874,0.1071035990987317,0.11347793419477338,0.0,0.9999999987499999,0.6111421598639455,0.29787800225623096,0.27385419664461147,0.36465013932834056,neutral,01,21,21,male,normal,2460
10,0.33366666666666667,True,1.0,0.5237025928504945,0.5497956693471261,0.5367491310988103,1.025864072226341,-0.06537037037037025,-0.06444444444444447,0.3091246590666674,0.47619795138500254,0.17989546661676634,0.5232166186831669,0.026093076496631618,0.0009259259259257746,0.0013547405461201507,0.2917826021780348,0.10708370687936115,0.11532842508704703,0.0,0.9999999987499999,0.6100413286720938,0.2962751885477673,0.2727204113474409,0.3581045770615936,neutral,01,21,21,male,normal,2460
20,0.6673333333333333,True,1.0,0.5330549404351322,0.5435257310686759,0.538290335751904,1.357022872405466,-0.08037037037037037,-0.08032407407407416,0.294283060147564,0.6402653464842591,0.19518619083212763,0.3966700537609419,0.010470790633543614,4.6296296296211015e-05,0.004886143130585745,0.22227068793542756,0.10692481965578482,0.11596965420424836,0.0,0.9999999987499999,0.6111124703787765,0.2973968689210164,0.278020739173267,0.3683528978873603,neutral,01,21,21,male,normal,2460
30,1.0010000000000001,True,1.0,0.5432314212954302,0.5336434450492452,0.5384374331723377,1.591048713642788,-0.08305555555555555,-0.08152777777777775,0.2783154963141972,0.7444517774240881,0.20416704035095481,0.3384166861488216,0.009587976246185015,0.0015277777777777946,0.004832239536782987,0.1951128633472389,0.10453647155407662,0.11780405754468765,0.0,0.9999999987499999,0.6075297649215937,0.3012229968401234,0.27899335516676216,0.3626582892990382,neutral,01,21,21,male,normal,2460
40,1.3346666666666667,True,1.0,0.5170614288234646,0.5087204231817407,0.5128909260026027,0.9984149379798954,-0.07847222222222228,-0.07990740740740743,0.3365947783930782,0.47380250566187676,0.1944762237252906,0.5137051805738613,0.008341005641723909,0.0014351851851851505,0.006046291384022298,0.2769894897066876,0.10599776637960484,0.11665439266991057,0.0,0.9999999987499999,0.6158413767460109,0.29595479148963716,0.2791472055229581,0.3711929176267524,neutral,01,21,21,male,normal,2460
50,1.6683333333333334,True,1.0,0.5429157377997216,0.543231421295431,0.5430735795475763,1.214333353142821,-0.0855555555555556,-0.08611111111111103,0.3244700440698153,0.5543695742608533,0.20146312763000518,0.44721952019356576,0.000315683495709429,0.0005555555555554204,0.010832313457784785,0.24499425598417254,0.1061438603414657,0.11652147749871321,0.0,0.9999999987499999,0.6152555500090661,0.2984234904662128,0.2913040009627554,0.38299093517683713,neutral,01,21,21,male,normal,2460
60,2.0020000000000002,True,1.0,0.5433630209123737,0.5332146088366511,0.5382888148745124,1.1072406065638332,-0.08217592592592593,-0.08148148148148143,0.3377463807794467,0.451345881391017,0.1944542534185721,0.48615342653031546,0.01014841207572259,0.0006944444444444975,0.0054161482579819144,0.2528028775998188,0.10527666459520428,0.11599899188359708,0.0,0.9999999987499999,0.6192654820209333,0.29458138976458587,0.27871931974563485,0.3653722913912181,neutral,01,21,21,male,normal,2460
70,2.3356666666666666,True,1.0,0.5173220770978059,0.5267889898483257,0.5220555334730658,1.0763356216900613,-0.08527777777777784,-0.08513888888888888,0.30273690889811483,0.5570237695032869,0.19863569437991274,0.48503043377244603,0.009466912750519807,0.0001388888888889661,0.0016121687180528281,0.26873465565576377,0.10417006128909251,0.11699376289739244,0.0,0.9999999987499999,0.6159989452030813,0.2949024105150589,0.2756413944121835,0.36516422199258014,neutral,01,21,21,male,normal,2460
80,2.6693333333333333,True,1.0,0.5104507759999245,0.5009082488102794,0.5056795124051019,0.7240141550082343,-0.08263888888888887,-0.0822222222222222,0.33373018793719356,0.28440862647657783,0.2027962129013618,0.6984387099439385,0.0095425271896451,0.0004166666666666763,0.004255160274543028,0.36235765141500026,0.08961670864117001,0.11634294069242268,0.0,0.9999999987499999,0.6657031544492796,0.31985756111280955,0.26313388153815437,0.4031576817897464,neutral,01,21,21,male,normal,2460
90,3.003,True,1.0,0.5091855026062817,0.517061428823464,0.5131234657148729,0.757697467412825,-0.0811574074074074,-0.08069444444444446,0.32983553567048457,0.3443797993743239,0.19862493957419503,0.6772141755560362,0.00787592621718225,0.0004629629629629428,0.003857425335704514,0.34588960458115015,0.10740522882283605,0.1140309565334708,0.0,0.9999999987499999,0.6142833733180774,0.29443630858026654,0.2826505688975339,0.36914953134477413,neutral,01,21,21,male,normal,2460
100,3.336666666666667,True,1.0,0.5311520443108205,0.48343079922027343,0.507291421765547,0.7521360370898748,-0.08398148148148143,-0.07856481481481481,0.34203230490261516,0.309187327598249,0.2000186911432045,0.6744676451461258,0.04772124509054709,0.005416666666666625,0.0003361339490530698,0.35067736222532186,0.08950739699651948,0.11593510407519313,0.0,0.9999999987499999,0.6666320665141057,0.31786413409672026,0.25923533857578535,0.39979634801249103,neutral,01,21,21,male,normal,2460
0,0.0,True,1.0,0.5170614288234653,0.5169017604219477,0.5169815946227065,0.8344294923803581,-0.06652777777777769,-0.06486111111111115,0.3219530520908355,0.3816797742324141,0.178506845034242,0.6195629461129482,0.00015966840151759865,0.0016666666666665386,0.004288873096474008,0.3357571058744364,0.10719829274457102,0.11355638453750404,0.0,0.9999999987499999,0.6163167775078782,0.29347437042124225,0.2678521718743839,0.3606734506522037,neutral,01,21,21,male,normal,2461
10,0.33366666666666667,True,1.0,0.5495086833287367,0.5172223475805382,0.5333655154546375,0.8789191650686273,-0.06689814814814815,-0.0656018518518518,0.3252059924115652,0.39548859805985664,0.17855598934648134,0.6068425136832595,0.0322863357481985,0.001296296296296351,0.0006435145675957703,0.3149800682981843,0.10690365741050863,0.11416804440703265,0.0,0.9999999987499999,0.6163885622842887,0.29253900603489463,0.267632235196962,0.35977561928702095,neutral,01,21,21,male,normal,2461
20,0.6673333333333333,True,1.0,0.5523832876093105,0.5439846624099637,0.5481839750096371,1.3760926849810937,-0.0794907407407407,-0.0786574074074074,0.29993153273858336,0.6784901432892894,0.18691008021618238,0.3983626837004578,0.008398625199346865,0.0008333333333332971,0.0054056335666454545,0.22656250000000025,0.1060667726829617,0.11691801159141081,0.0,0.9999999987499999,0.6072786463804272,0.30204760305205997,0.2808810994638385,0.3664260534452048,neutral,01,21,21,male,normal,2461
30,1.0010000000000001,True,1.0,0.5267902633337712,0.5429157377997217,0.5348530005667465,1.4649631440513684,-0.07976851851851857,-0.07898148148148149,0.29454970019249094,0.6738640941024933,0.1993193358391783,0.3650965573697682,0.016125474465950473,0.000787037037037086,0.003913348587124309,0.2099940939991581,0.08794452913582203,0.11712507105206284,0.0,0.9999999987499999,0.6696289116818603,0.3172527988673076,0.2619122669939527,0.4050803667875264,neutral,01,21,21,male,normal,2461
40,1.3346666666666667,True,1.0,0.5333333333333328,0.5333648902768584,0.5333491118050956,1.0354899859133266,-0.07874999999999999,-0.07962962962962966,0.33176245684506483,0.49183612989129716,0.1889571372009924,0.5150693092745547,3.155694352563465e-05,0.0008796296296296746,0.013011637733129335,0.2630170102573587,0.10632543512423058,0.115863556867804,0.0,0.9999999987499999,0.6063101356167467,0.30158412144364394,0.2838061428088516,0.36776544495785657,neutral,01,21,21,male,normal,2461
50,1.6683333333333334,True,1.0,0.5593677298542585,0.5663995235101364,0.5628836266821975,1.190608244289683,-0.08097222222222217,-0.08060185185185181,0.3415289752114676,0.5114584711385254,0.1938271645733964,0.47276980432637095,0.007031793655877916,0.00037037037037035425,0.01230724323956075,0.23767605633802766,0.08670135997282612,0.11772505577646755,0.0,0.9999999987499999,0.678633742723652,0.31463242430696925,0.2681767404440769,0.419807230096037,neutral,01,21,21,male,normal,2461
60,2.0020000000000002,True,1.0,0.5496453094210367,0.517061428823464,0.5333533691222503,0.8436933052910401,-0.07777777777777772,-0.07930555555555563,0.31746588930092207,0.3768614050989731,0.1923864930105574,0.6321649890753428,0.03258388059757278,0.0015277777777779056,0.006077686314308347,0.28793851264079295,0.10834973538799023,0.11380550451781381,0.0,0.9999999987499999,0.6026643677080207,0.2996751752486236,0.2831019330929538,0.35925063070766006,neutral,01,21,21,male,normal,2461
70,2.3356666666666666,True,1.0,0.543363020912373,0.5659489363750552,0.5546559786437141,1.0061478120757879,-0.07930555555555557,-0.07837962962962963,0.3417083518016595,0.4611510805347355,0.1924007688575171,0.5512668933796129,0.022585915462682182,0.0009259259259259411,0.008210744969810162,0.272385376631671,0.10453602520291842,0.11812746162097268,0.0,0.9999999987499999,0.6031871211844112,0.3016451821035103,0.27999505795926405,0.36352355594682995,neutral,01,21,21,male,normal,2461
80,2.6693333333333333,True,1.0,0.5493500571129782,0.5555628248343149,0.5524564409736465,1.0209883753760056,-0.07550925925925922,-0.07592592592592595,0.31912726335795144,0.4656913204920464,0.19239323451473503,0.541099638642007,0.0062127677213366095,0.0004166666666667318,0.0024781308788530514,0.28831312017323746,0.08838779147500599,0.11792730143830697,0.0,0.9999999987499999,0.6747312768310451,0.31478585595877523,0.2607904298997746,0.4069155287421511,neutral,01,21,21,male,normal,2461
90,3.003,True,1.0,0.5596749142073278,0.5229042819255972,0.5412895980664625,0.7240141550082339,-0.07763888888888892,-0.07467592592592598,0.3316279818329565,0.3016455129297035,0.19378937351945408,0.7476229495268731,0.03677063228173061,0.002962962962962945,0.002104633319134077,0.36235765141500026,0.08961288438329433,0.1165095241438328,0.0,0.9999999987499999,0.6708391169045743,0.31667183055883374,0.26271863294127923,0.40629091947454754,neutral,01,21,21,male,normal,2461
100,3.336666666666667,True,1.0,0.543231421295433,0.5236933733431981,0.5334623973193156,0.7207359327119983,-0.0771296296296296,-0.07407407407407407,0.3241479140082559,0.2900249719105623,0.19379764094220966,0.7401634539185434,0.019538047952234905,0.0030555555555555336,0.003528140130773302,0.38488363548877624,0.08952488676700607,0.11706641173063899,0.0,0.9999999987499999,0.6711888678674596,0.3155417981410076,0.2596162669093634,0.4027903276274763,neutral,01,21,21,male,normal,2461
0,0.0,True,1.0,0.5646199863926269,0.5393344300182034,0.5519772082054151,0.8446630859882446,-0.0647685185185185,-0.0625,0.3316279818329563,0.3361192858359554,0.183367038287288,0.6534880206817717,0.025285556374423535,0.002268518518518503,0.0007429659654420178,0.3335111397462502,0.10634414898894753,0.11402298240711153,0.0,0.9999999987499999,0.6154767891218988,0.29770026589285026,0.2740390283718341,0.36286585335419735,calm,02,21,21,male,normal,2462
10,0.33366666666666667,True,1.0,0.548650414240654,0.5333648902768584,0.5410076522587561,0.9130847267712385,-0.0658333333333333,-0.064074074074074,0.3255415123766595,0.35116588828634226,0.18265935656628302,0.5925054229872126,0.015285523963795566,0.0017592592592592937,0.0024894537519676387,0.3052989904742887,0.10520823528193227,0.11704184354441019,0.0,0.9999999987499999,0.6134661775804071,0.29875370426051373,0.27050184005496575,0.3550925293384831,calm,02,21,21,male,normal,2462
20,0.6673333333333333,True,1.0,0.5189155373520695,0.5095210363345075,0.5142182868432885,1.2018843915820316,-0.0743981481481481,-0.07726851851851851,0.3289671451617873,0.487721202381114,0.1875687536705291,0.42784338530798854,0.009394501017562007,0.002870370370370412,0.01032182327698737,0.25313261302182627,0.10621294303624848,0.11775999371030968,0.0,0.9999999987499999,0.6121435921946904,0.30419145369733736,0.28278587781038367,0.372440784122574,calm,02,21,21,male,normal,2462
30,1.0010000000000001,True,1.0,0.4931080575529326,0.5108350967288441,0.5019715771408884,1.0759194300358599,-0.08166666666666672,-0.08203703703703713,0.3526525570717978,0.35862678548304366,0.20625036990970616,0.46655127059482315,0.017727039175911508,0.00037037037037040976,0.008460039973508046,0.28164759712105997,0.1020767909523631,0.11882453860445469,0.0,0.9999999987499999,0.6112077574076507,0.3038994134196252,0.28746595350796367,0.3793859166318279,calm,02,21,21,male,normal,2462
40,1.3346666666666667,True,1.0,0.5062535876286789,0.5173314689615413,0.5117925282951101,1.0160219416525105,-0.08134259259259252,-0.08046296296296296,0.320166731085327,0.3296170890063761,0.2076833438525535,0.503721925003612,0.01107788133286236,0.0008796296296295636,0.023057924313839944,0.2686300432792231,0.10137064529623349,0.11846649658358972,0.0,0.9999999987499999,0.6136875045643257,0.30056120732239355,0.28098208427852644,0.36778546304621557,calm,02,21,21,male,normal,2462
50,1.6683333333333334,True,1.0,0.510011753690647,0.543231421295431,0.526621587493039,1.1788376476691784,-0.07749999999999985,-0.07740740740740742,0.3356577969213796,0.44418493376210694,0.1993151252980422,0.4467295293243186,0.03321966760478401,9.259259259242203e-05,0.0021463775699487693,0.24498611548319862,0.10359550009738881,0.11814961013730417,0.0,0.9999999987499999,0.6147076579147285,0.29804356800467763,0.2825523785865684,0.37825089972536013,calm,02,21,21,male,normal,2462
60,2.0020000000000002,True,1.0,0.5100117536906483,0.5250075126143311,0.5175096331524898,0.9710550887021484,-0.07222222222222224,-0.07245370370370369,0.38241179694051664,0.2838468720821666,0.19102055594950892,0.5329354010637655,0.014995758923682767,0.00023148148148144365,0.006774774607798592,0.2942307692307697,0.10556147553133342,0.11639644711171658,0.0,0.9999999987499999,0.614785172936362,0.2976490942200227,0.2874999395241695,0.38809814068685433,calm,02,21,21,male,normal,2462
70,2.3356666666666666,True,1.0,0.5230608657087551,0.5263947697525071,0.5247278177306312,0.8960441490179587,-0.07180555555555546,-0.0692592592592593,0.35731909542123863,0.2159670675331097,0.19167661779251208,0.5856048703690765,0.0033339040437520007,0.0025462962962961577,0.0007543738342237979,0.29341665539870754,0.10437173912537602,0.11762653627443098,0.0,0.9999999987499999,0.6153476294033238,0.29512679545050013,0.2647763586952669,0.35429107156709694,calm,02,21,21,male,normal,2462
80,2.6693333333333333,True,1.0,0.4995204532753976,0.5106243261187563,0.505072389697077,0.950812702529001,-0.07175925925925919,-0.0703240740740741,0.35643521493442193,0.3219438088510423,0.1896320210632777,0.531200717400672,0.011103872843358675,0.001435185185185095,0.02310187095481998,0.2936088934484708,0.10416144599725538,0.11618440367122104,0.0,0.9999999987499999,0.612877378232543,0.29545874674460043,0.27679764717150157,0.3709148618946424,calm,02,21,21,male,normal,2462
90,3.003,True,1.0,0.5245223443548078,0.5330095035134931,0.5287659239341505,1.038464896228027,-0.06606481481481485,-0.06402777777777768,0.33138486944897755,0.3546685930739717,0.19236745689994247,0.5091803544392931,0.008487159158685254,0.0020370370370371704,0.007490399318973196,0.2924147138320265,0.10530116406481224,0.11597675229571337,0.0,0.9999999987499999,0.6118723158638455,0.3013890860960722,0.27971830902885075,0.3684833267387412,calm,02,21,21,male,normal,2462
100,3.336666666666667,True,1.0,0.5494949494949488,0.5243331742906271,0.5369140618927879,0.7013851822231842,-0.06648148148148153,-0.06490740740740747,0.351329934826178,0.17940876656473068,0.19035634988781405,0.7655052822629195,0.025161775204321724,0.001574074074074061,0.006881423663687689,0.3930966852575846,0.10535523657738845,0.11707238779831358,0.0,0.9999999987499999,0.6121784013918067,0.29867141349445114,0.2737317428884479,0.3626856833922621,calm,02,21,21,male,normal,2462
110,3.6703333333333332,True,1.0,0.533205221875341,0.5372422441483586,0.5352237330118499,0.7551622418879052,-0.06435185185185172,-0.06444444444444447,0.3619680109263328,0.18879056047197693,0.18827388599143427,0.708753302699286,0.00403702227301761,9.25925925927551e-05,0.005129271491552752,0.3398437499999999,0.10579149547642362,0.11552965728007929,0.0,0.9999999987499999,0.6101110684586334,0.29890152360215855,0.2785461990893804,0.36412707335266725,calm,02,21,21,male,normal,2462
120,4.0040000000000004,True,1.0,0.5238095238095237,0.5215743509516846,0.5226919373806042,0.757447330832496,-0.06671296296296303,-0.06560185185185191,0.3666055007690555,0.193213629380222,0.18968632733483395,0.6900703403444874,0.0022351728578391405,0.0011111111111111183,0.014451026722954405,0.34436506545823864,0.10749046194843452,0.11411768821897779,0.0,0.9999999987499999,0.6046196571519233,0.2983443110345307,0.28139294742943033,0.3654720244651113,calm,02,21,21,male,normal,2462
0,0.0,True,1.0,0.559673852742539,0.5164145060194109,0.5380441793809749,0.8191444074925243,-0.06578703703703709,-0.06305555555555553,0.3398248700774545,0.3091873275982488,0.18197127929757909,0.6568367853819295,0.043259346723128145,0.002731481481481557,0.003146948947990876,0.3467066990113608,0.1075498274383761,0.114395317593212,0.0,0.9999999987499999,0.6080138129236069,0.29506576322211586,0.2724647356792908,0.3602462108913718,calm,02,21,21,male,normal,2463
10,0.33366666666666667,True,1.0,0.5325318359287095,0.5342936570249145,0.5334127464768119,0.8859794378330262,-0.06615740740740739,-0.06407407407407412,0.3409305130187021,0.325900156117073,0.18404809099924888,0.6020599617768332,0.0017618210962050407,0.0020833333333332704,0.0017290700334422076,0.32055242075366736,0.10517367051818727,0.11510350807428091,0.0,0.9999999987499999,0.6139222440929497,0.2977032087423771,0.27422191929587714,0.35981722752180706,calm,02,21,21,male,normal,2463
20,0.6673333333333333,True,1.0,0.5009082488102782,0.5012829993601996,0.5010956240852389,1.2179771855896755,-0.0859259259259259,-0.08402777777777781,0.34617826194800666,0.43615490519888017,0.19725355397916722,0.41141626461799186,0.000374750549921421,0.0018981481481480933,0.0027732499319237693,0.23602223943991077,0.10562339707123866,0.11731870990177445,0.0,0.9999999987499999,0.6075520917820254,0.3044224088458033,0.29821800747841565,0.3844719244002659,calm,02,21,21,male,normal,2463
30,1.0010000000000001,True,1.0,0.4445897401053992,0.43631832128800807,0.44045403069670364,1.1530404687382856,-0.08370370370370372,-0.08231481481481479,0.3591742717524307,0.40835603749768284,0.20209692421007708,0.38199355758837367,0.00827141881739113,0.0013888888888889395,0.00463109861474088,0.24999237095469698,0.08848192701894889,0.11720828856093231,0.0,0.9999999987499999,0.6687555267653937,0.318976237363914,0.27683050793492464,0.4268010937033803,calm,02,21,21,male,normal,2463
40,1.3346666666666667,True,1.0,0.4771077695815744,0.47652517999108124,0.4768164747863278,1.087286079709373,-0.08416666666666661,-0.0830555555555555,0.32592894383444954,0.42958265665348394,0.20069482459384647,0.43853819494661317,0.0005825895904931766,0.0011111111111111183,0.005275381505109081,0.2454496966437941,0.10389239395060251,0.11543902842045616,0.0,0.9999999987499999,0.6165657270642633,0.29565358370023903,0.2825325391201691,0.37615048023341907,calm,02,21,21,male,normal,2463
50,1.6683333333333334,True,1.0,0.48673943540584474,0.4687949870327628,0.47776721121930377,0.9999139013627806,-0.08189814814814811,-0.08027777777777778,0.36012103251464506,0.3888399073547327,0.20348159600640792,0.4778083498670794,0.017944448373081956,0.0016203703703703276,0.003550230067316424,0.2857028979111876,0.08896671358886517,0.11651416349420486,0.0,0.9999999987499999,0.6680565134022358,0.3194604340089703,0.27319976634638066,0.4237859067423989,calm,02,21,21,male,normal,2463
60,2.0020000000000002,True,1.0,0.5266263677967555,0.49186743891254453,0.5092469033546501,0.9734478879159535,-0.08013888888888882,-0.08004629629629623,0.36838333751924535,0.3090310755288742,0.20208937383583805,0.5231373036772339,0.034758928884211004,9.259259259258856e-05,0.012599634518307794,0.2950701033622541,0.08857403331499503,0.11664974537565784,0.0,0.9999999987499999,0.6680811660132803,0.3186332041830286,0.2732597917501109,0.42187320568499387,calm,02,21,21,male,normal,2463
70,2.3356666666666666,True,1.0,0.5429157377997209,0.5150752292846477,0.5289954835421843,1.3372644190415388,-0.07851851851851854,-0.0793981481481481,0.3505060225414663,0.4647699910916201,0.19863569437991288,0.3955803175570413,0.027840508515073248,0.0008796296296295636,0.0024041423477513626,0.21984551503597335,0.10292330137166801,0.11793062500158256,0.0,0.9999999987499999,0.6126993203609569,0.2991289376959134,0.28189602667082536,0.38270279208198943,calm,02,21,21,male,normal,2463
80,2.6693333333333333,True,1.0,0.5807562687465047,0.5656444123047851,0.573200340525645,1.0724708122659543,-0.07935185185185184,-0.0786574074074074,0.3100275240311571,0.4899851733322872,0.20000038146936272,0.5344670773040125,0.015111856441719529,0.000694444444444442,0.0073475384912834165,0.27371947790762324,0.10618147781922607,0.11450772988892843,0.0,0.9999999987499999,0.6169509663865547,0.29543119569961435,0.27523978649627223,0.36811524515042016,calm,02,21,21,male,normal,2463
90,3.003,True,1.0,0.5631570542786075,0.5633067122250602,0.5632318832518339,1.0889325485369352,-0.07490740740740742,-0.07398148148148148,0.3411779850067177,0.36013144567200917,0.1979263035619826,0.5172330315670878,0.00014965794645271924,0.0009259259259259411,0.007098871582671768,0.28594819768611757,0.10517826773251689,0.1162522179162985,0.0,0.9999999987499999,0.6130508659792041,0.2994257167771295,0.28614612305218623,0.3800052116046472,calm,02,21,21,male,normal,2463
100,3.336666666666667,True,1.0,0.5334836932594207,0.5301598115243088,0.5318217523918647,0.6821960069476322,-0.0711574074074075,-0.07004629629629627,0.3620434455413559,0.17451525759125408,0.19867601971628515,0.7795732413788362,0.0033238817351118888,0.0011111111111112293,0.013801994464784542,0.3800726185558211,0.10509713010966829,0.11599754963503002,0.0,0.9999999987499999,0.6134806121120323,0.2987744712830652,0.2785504623000644,0.3636653744361548,calm,02,21,21,male,normal,2463
110,3.6703333333333332,True,1.0,0.5162538385988469,0.4913982665484513,0.5038260525736491,0.6970661598294832,-0.07009259259259254,-0.06782407407407404,0.36084787455234435,0.22177565613973724,0.1895978202454878,0.7227808228373838,0.02485557205039557,0.002268518518518503,0.0007380115934794555,0.3734842096454388,0.10783678162036478,0.11578221829948598,0.0,0.9999999987499999,0.6126332115346139,0.29364258051066255,0.27320331093618905,0.36086166622653615,calm,02,21,21,male,normal,2463
0,0.0,True,1.0,0.5256108414000333,0.5103478318866657,0.5179793366433495,0.830675201827491,-0.06620370370370365,-0.06564814814814807,0.3385204251466441,0.3571677354801567,0.17646197175871176,0.6235642228199318,0.015263009513367676,0.0005555555555555869,0.006054920287604693,0.34930090247173,0.1100052729382542,0.11288318622887279,0.0,0.9999999987499999,0.6087044654346113,0.2936646816637235,0.27565662208065905,0.3626222929061996,calm,02,21,21,male,normal,2464
10,0.33366666666666667,True,1.0,0.5169017604219465,0.500295927707465,0.5085988440647058,0.8802971137913499,-0.06597222222222221,-0.06643518518518515,0.332194703409066,0.3639689989714237,0.1806163926619766,0.5777581638024717,0.01660583271448146,0.0004629629629629428,0.005987559437300229,0.3250885319789987,0.1098010979750777,0.11425506694868406,0.0,0.9999999987499999,0.6067896244982368,0.295918037789458,0.2772834540005294,0.35773720702335776,calm,02,21,21,male,normal,2464
20,0.6673333333333333,True,1.0,0.5093586777408803,0.5012829993601996,0.5053208385505399,1.245453540621171,-0.07458333333333328,-0.07504629629629628,0.3401682246141607,0.4981674054872124,0.1855092249813157,0.40573238749516954,0.008075678380680684,0.0004629629629629983,0.01616492612134452,0.23999325028475257,0.10668464672962935,0.1174950870756226,0.0,0.9999999987499999,0.6112101231430073,0.2962790479847258,0.27912657208354513,0.38761082110600537,calm,02,21,21,male,normal,2464
30,1.0010000000000001,True,1.0,0.253770770804754,0.25459527013419575,0.2541830204694749,0.9377635471086112,-0.07333333333333336,-0.07120370370370371,0.3417626659370687,0.23032788876351887,0.19100457921116565,0.2710523577645907,0.0008244993294417302,0.002129629629629648,0.008917858141481768,0.2867214490859694,0.10747773274336528,0.11627955304688456,0.0,0.9999999987499999,0.6077569920077405,0.3006792383538801,0.27530011154244866,0.35641222318269206,calm,02,21,21,male,normal,2464
40,1.3346666666666667,True,1.0,0.4684422203823891,0.4580244371030438,0.46323332874271644,0.8412112543055258,-0.06472222222222224,-0.06504629629629627,0.3521131398002719,0.26187177434094283,0.18620332423026978,0.5506741931610811,0.010417783279345283,0.0003240740740740322,0.019646713601764763,0.30776568596573,0.10737744993809345,0.11571544817852608,0.0,0.9999999987499999,0.6056499367950304,0.29783341241494876,0.27972262334388165,0.3621898603293903,calm,02,21,21,male,normal,2464
50,1.6683333333333334,True,1.0,0.4848484848484844,0.48472576209302703,0.4847871234707557,0.9474714639644535,-0.06453703703703689,-0.06222222222222229,0.3760923681510045,0.2706953429428,0.1847556738015281,0.5116640890083246,0.00012272275545738287,0.002314814814814603,0.010458216878428543,0.3039740100576482,0.10547988898963125,0.11777173946167106,0.0,0.9999999987499999,0.6064888803568302,0.30133816477084086,0.28704540950378504,0.3822492640695687,calm,02,21,21,male,normal,2464
60,2.0020000000000002,True,1.0,0.5010101010101006,0.5002959277074664,0.5006530143587835,0.7339046839403968,-0.06365740740740744,-0.06365740740740744,0.345725563454671,0.22015420630655666,0.1840779349313567,0.682177161849867,0.0007141733026341246,0.0,0.011575478973781382,0.350677362225322,0.10856529617763627,0.11476786185942343,0.0,0.9999999987499999,0.6049380634675746,0.2967469537339349,0.2795222010182718,0.3638079309029663,calm,02,21,21,male,normal,2464
70,2.3356666666666666,True,1.0,0.5172223475805383,0.5064026492951716,0.5118124984378549,1.0416563882067262,-0.07412037037037045,-0.07513888888888887,0.3688855526012715,0.39828038372610103,0.19452133353920634,0.4913448467579321,0.010819698285366663,0.0010185185185184187,0.013525958642690976,0.2651140643723524,0.10663959571306895,0.11557447205486446,0.0,0.963105232896679,0.6087414219750399,0.2990193198286748,0.2841156054104962,0.3788870239539049,calm,02,21,21,male,normal,2464
80,2.6693333333333333,True,1.0,0.5432098765432114,0.506896877524851,0.5250533770340312,1.165913776249023,-0.0706944444444444,-0.07078703703703698,0.30589798345222863,0.462645756373503,0.19308084616518592,0.45033636940394733,0.03631299901836038,9.259259259258856e-05,0.0031902454217084585,0.2504934140540004,0.10658310941206421,0.11611982860376242,0.0,0.9999999987499999,0.6058384150535214,0.2978776198769673,0.27340720792610657,0.36061660023859327,calm,02,21,21,male,normal,2464
90,3.003,True,1.0,0.5595207912983985,0.5602633122978815,0.5598920517981401,0.7595511679505087,-0.06884259259259257,-0.07000000000000012,0.34910753456535293,0.2504723412239374,0.19039362020939674,0.7371353970910118,0.0007425209994830206,0.0011574074074075513,0.020013720954160336,0.3590168422124673,0.10887573055666029,0.11414005892168606,0.0,0.9999999987499999,0.6076495732824381,0.29736889511141196,0.27777065544673596,0.35979059641305494,calm,02,21,21,male,normal,2464
100,3.336666666666667,True,1.0,0.5238095238095251,0.5297129439756737,0.5267612338925993,0.7012919122383398,-0.0681018518518518,-0.06837962962962951,0.3480141743252102,0.2364619252922263,0.18759153039354048,0.7511297716400517,0.005903420166148643,0.0002777777777777102,0.009208604842728431,0.36698520858110206,0.1076072827075089,0.1143412732898664,0.0,0.9999999987499999,0.6087357940207334,0.2960686348732384,0.27665018782677026,0.3610243919074288,calm,02,21,21,male,normal,2464
110,3.6703333333333332,True,1.0,0.5761316872427992,0.5384306972285432,0.5572811922356712,0.7502111567249414,-0.06847222222222221,-0.06773148148148145,0.34883960363027866,0.2690773632635691,0.18413387926676392,0.7428324508908811,0.037700990014255975,0.000740740740740764,0.013557457154131718,0.35525871387785996,0.10698576938853438,0.11508867522574294,0.0,0.9999999987499999,0.6113881947310175,0.29422576657424104,0.2728848074414798,0.3604018940836382,calm,02,21,21,male,normal,2464
0,0.0,True,1.0,0.5333333333333333,0.5100075117770273,0.5216704225551803,0.812232866848931,-0.0653240740740742,-0.06337962962962956,0.33767619471189114,0.3553518792464069,0.17851496546228493,0.6422670687767267,0.023325821556306026,0.0019444444444446374,0.005755068223307144,0.35217924297724873,0.10551663939229278,0.11545117211385605,0.0,0.9999999987499999,0.6124912816298395,0.29597990515547795,0.26753370025528045,0.35822588926069665,calm,02,21,21,male,normal,2465
10,0.33366666666666667,True,1.0,0.5264637457451853,0.5325318359287095,0.5294977908369474,1.1313582242095497,-0.0665277777777778,-0.06550925925925932,0.3171224166522735,0.4848484848484864,0.17575696420026146,0.4680195710840336,0.006068090183524166,0.0010185185185184742,0.007124214634037118,0.26831634747404837,0.10504753958014097,0.11686048281989596,0.0,0.9999999987499999,0.6152673497055072,0.2975433854847922,0.27114158028826485,0.3659984762482533,calm,02,21,21,male,normal,2465
20,0.6673333333333333,True,1.0,0.5187501289872282,0.4859564137181176,0.5023532713526728,1.2238573450242434,-0.08106481481481481,-0.08069444444444446,0.3320431758181846,0.4912512639140894,0.189662193133846,0.4104671785441805,0.03279371526911057,0.00037037037037035425,0.01464453459105865,0.23766859763442266,0.10686654625770522,0.11813877586716334,0.0,0.9999999987499999,0.6115789555666017,0.30397015224148644,0.28377599118397145,0.3725575103347191,calm,02,21,21,male,normal,2465
30,1.0010000000000001,True,1.0,0.4695270567487559,0.4363786680902117,0.4529528624194838,0.9901518714810621,-0.08023148148148151,-0.08069444444444446,0.3344949932090561,0.36703905580763496,0.19728758777933098,0.45745796727320237,0.03314838865854419,0.0004629629629629428,0.010239444915045696,0.2624204518220371,0.10523367499763053,0.11669289465523999,0.0,0.9999999987499999,0.6187897798572554,0.29577972685943055,0.27031011336987143,0.36338600610111405,calm,02,21,21,male,normal,2465
40,1.3346666666666667,True,1.0,0.46580652105425013,0.4524715013011945,0.4591390111777223,0.8814880358513244,-0.0825925925925926,-0.08023148148148146,0.3603897406963208,0.3145633554675675,0.20286241504005734,0.5208681144881275,0.013335019753055621,0.002361111111111147,0.019929463729157985,0.2996825462209318,0.10229371403990911,0.11783216265540773,0.0,0.9999999987499999,0.614302320998712,0.2974770136666866,0.28026069777561136,0.37229920022954194,calm,02,21,21,male,normal,2465
50,1.6683333333333334,True,1.0,0.4686246813143796,0.47612990853282966,0.47237729492360464,0.9807277438483617,-0.08407407407407402,-0.08124999999999999,0.37666760395583004,0.32946322644905895,0.20140745113957895,0.4816599692285678,0.007505227218450039,0.0028240740740740344,0.001297557903390827,0.2904596329972183,0.08831222054870567,0.11684808160806064,0.0,0.9999999987499999,0.6708144545005501,0.31929507884332126,0.2743595202051428,0.4239251093068181,calm,02,21,21,male,normal,2465
60,2.0020000000000002,True,1.0,0.47728122572602166,0.47854331280985024,0.47791226926793595,0.9574644431229675,-0.08490740740740738,-0.08120370370370367,0.36850167999656586,0.34745263558659806,0.19390744610831734,0.4991436211553994,0.001262087083828578,0.003703703703703709,0.0061647760056576335,0.2993828401856688,0.087626552582837,0.11784914763672488,0.0,0.9999999987499999,0.6745020135476066,0.316527352272176,0.26661543061308285,0.41760636053034295,calm,02,21,21,male,normal,2465
70,2.3356666666666666,True,1.0,0.49310805755293197,0.46621643418049025,0.47966224586671113,0.7546108590568404,-0.07722222222222219,-0.07874999999999999,0.3427457230758744,0.2431523879183144,0.19802804055192563,0.6356418544867255,0.02689162337244172,0.0015277777777777946,0.020538993460833443,0.33750000000000036,0.1020954592581346,0.11816532331754376,0.0,0.9999999987499999,0.6193070966198979,0.2964182667631691,0.2665376401527544,0.36187845596121737,calm,02,21,21,male,normal,2465
80,2.6693333333333333,True,1.0,0.4931065140817237,0.5270756656814107,0.5100910898815672,0.9221932843168535,-0.0750925925925926,-0.07259259259259254,0.372833141215943,0.3458072853434964,0.1930591122477254,0.553128176659229,0.03396915159968705,0.0025000000000000577,0.0075305866361246405,0.3018329074212433,0.088167677743347,0.1182531803160099,0.0,0.9999999987499999,0.6748332106123699,0.31601923388714626,0.26920266101617923,0.4159461488462487,calm,02,21,21,male,normal,2465
90,3.003,True,1.0,0.5472288593369906,0.5555628248343162,0.5513958420856534,1.1845552263507468,-0.07282407407407415,-0.07,0.31359284471933196,0.45544470463232817,0.19027777777777782,0.46548766137678166,0.008333965497325568,0.0028240740740741455,0.008028300303321858,0.24417120966392628,0.10469051279188106,0.11652827449884638,0.0,0.9999999987499999,0.6076005941908014,0.2977713316206929,0.27380720377812073,0.3673043013361619,calm,02,21,21,male,normal,2465
100,3.336666666666667,True,1.0,0.5155516592312576,0.5325318359287107,0.5240417475799841,0.7019889921289564,-0.06939814814814804,-0.06541666666666657,0.3571241633593828,0.20725347035686367,0.1909758177139437,0.7465099217449224,0.01698017669745311,0.003981481481481475,0.010871596296116219,0.3859232144842596,0.1063988594805067,0.11513613192799305,0.0,0.9999999987499999,0.6061268933198279,0.296763941682158,0.27688189823069304,0.3587906254553506,calm,02,21,21,male,normal,2465
110,3.6703333333333332,True,1.0,0.5229134875411107,0.5002959277074664,0.5116047076242886,0.7280876139658025,-0.06958333333333327,-0.06615740740740744,0.3612079193899967,0.18196749229567988,0.18889535132429544,0.70266915383664,0.02261755983364422,0.0034259259259258323,0.0035770323100230445,0.3571681584231545,0.1068365820484916,0.11439747818517683,0.0,0.9999999987499999,0.6106133381633904,0.2966679579180211,0.2800751295822363,0.36500841067722245,calm,02,21,21,male,normal,2465
120,4.0040000000000004,True,1.0,0.4848484848484844,0.4759668536934549,0.4804076692709697,0.7172617178326678,-0.06953703703703712,-0.06749999999999995,0.3663109137030817,0.19490807549800687,0.18617013276909475,0.6697801615881659,0.00888163115502949,0.0020370370370371704,0.009941956686664338,0.35528527386739883,0.10632478464640358,0.11420797983733183,0.0,0.9999999987499999,0.6122121166669792,0.29436424843347714,0.27653999762587744,0.3634693924289178,calm,02,21,21,male,normal,2465
0,0.0,True,1.0,0.5174912207513657,0.5164145060194096,0.5169528633853877,0.8040143903375091,-0.064537037037037,-0.06222222222222218,0.34444777624362954,0.34338114587331137,0.18059780572044004,0.6429646901822009,0.00107671473195603,0.002314814814814825,0.006845907763071907,0.3656629290927293,0.10593746432992626,0.11423426913694175,0.0,0.9999999987499999,0.6104674094950481,0.30050789419169793,0.27197929308793,0.35796620628326586,calm,02,21,21,male,strong,2466
10,0.33366666666666667,True,1.0,0.553459119496855,0.5423513522623967,0.5479052358796259,1.295974449774637,-0.0743981481481481,-0.07384259259259257,0.3251150948600241,0.5059476077034322,0.19376929402420967,0.42277472057794324,0.011107767234458277,0.0005555555555555314,0.0033989272406122852,0.24694823571807906,0.10233366742430082,0.11714873968546285,0.0,0.9999999987499999,0.614542885357268,0.3027004007392006,0.276252832885858,0.367202201371342,calm,02,21,21,male,strong,2466
20,0.6673333333333333,True,1.0,0.46743044061594113,0.459597977378109,0.46351420899702506,1.0870097540222003,-0.08337962962962969,-0.08476851851851852,0.35862671939731394,0.38359800812235867,0.19590967732862746,0.42641218929444724,0.007832463237832155,0.0013888888888888284,0.01921372512036954,0.26507778992117176,0.10155846784562936,0.11910800093700723,0.0,0.9999999987499999,0.6210134319899835,0.2982693327870598,0.2805827470519221,0.38237468793408014,calm,02,21,21,male,strong,2466
30,1.0010000000000001,True,1.0,0.5044060530770321,0.4609053497942385,0.4826557014356353,1.0623257738738159,-0.07884259259259252,-0.07916666666666666,0.3649345457527771,0.30917347120042143,0.20368808468108626,0.45433869092304036,0.04350070328279365,0.00032407407407414324,0.004402535878646099,0.26906150850056126,0.0999420790408969,0.11693644542860843,0.0,0.9999999987499999,0.6139811589088761,0.30512556378156097,0.28860085361972837,0.38343591914841063,calm,02,21,21,male,strong,2466
40,1.3346666666666667,True,1.0,0.46892847887052774,0.4684422203823891,0.4686853496264584,0.9626414287245898,-0.08018518518518525,-0.08009259259259266,0.3473654970264563,0.29039753277289254,0.2007130709184253,0.4868742770061567,0.0004862584881386578,9.259259259258856e-05,0.011797249284684036,0.27204734814143455,0.08720429628087449,0.11783903059503714,0.0,0.9999999987499999,0.6671785307560525,0.3197042452579974,0.2652202665783513,0.40870712234969325,calm,02,21,21,male,strong,2466
50,1.6683333333333334,True,1.0,0.5032152913329062,0.48417859779816524,0.4936969445655357,1.0249320593066067,-0.07541666666666663,-0.07268518518518513,0.3748713458542196,0.29064213228200725,0.20000038146936272,0.4816874836557797,0.019036693534740967,0.0027314814814815014,0.005389668341807605,0.2786458996491588,0.10392875846176622,0.11914278308585531,0.0,0.9999999987499999,0.6115792289337612,0.30329857447324005,0.28716443451011825,0.38110492506534005,calm,02,21,21,male,strong,2466
60,2.0020000000000002,True,1.0,0.5032152913329077,0.5333648902768597,0.5182900908048838,0.9256674979706616,-0.07680555555555546,-0.08018518518518514,0.39035828814361173,0.2570888738793292,0.19931168024367926,0.5599095700574231,0.030149598943952083,0.003379629629629677,0.0024359262415707406,0.3128529876114981,0.08773403104567075,0.11712027289307642,0.0,0.9999999987499999,0.669597294589711,0.31961152651858693,0.27308070702687404,0.421493871449089,calm,02,21,21,male,strong,2466
70,2.3356666666666666,True,1.0,0.4686125261007708,0.46806278341483043,0.46833765475780065,0.8376689648254323,-0.07435185185185189,-0.07449074074074069,0.3640454219739157,0.26862576244598735,0.1923615077290461,0.5590963428559166,0.0005497426859403798,0.00013888888888879958,0.0022683864490731084,0.29948869545958556,0.10227150631330698,0.11589527218357379,0.0,0.9999999987499999,0.6214422249602967,0.29405017318659976,0.2683748000847894,0.35985255198169125,calm,02,21,21,male,strong,2466
80,2.6693333333333333,True,1.0,0.4811170141494225,0.4593924305751686,0.47025472236229554,0.892175329216383,-0.06990740740740736,-0.06560185185185191,0.37212338051178195,0.2919213195877698,0.1876626898353799,0.5270877897681059,0.021724583574253886,0.0043055555555554514,0.026552593255200194,0.3217175229878684,0.10463753096828031,0.11835992887065197,0.0,0.9999999987499999,0.6088534974145908,0.29956520200238096,0.27264499421656735,0.36562614284786155,calm,02,21,21,male,strong,2466
90,3.003,True,1.0,0.5048379102590681,0.49720169523816626,0.5010198027486172,1.1177666283135608,-0.0671296296296296,-0.06282407407407409,0.34534703373198755,0.40205128205128193,0.18414755196368424,0.4482329227385638,0.007636215020901838,0.004305555555555507,0.03340092825448407,0.27426913771041295,0.10707685522742422,0.11615779235278081,0.0,0.9999999987499999,0.606754748141444,0.30115181985987477,0.2793954072609473,0.3702626235333445,calm,02,21,21,male,strong,2466
100,3.336666666666667,True,1.0,0.526807741956187,0.5333333333333328,0.5300705376447599,0.6809087699022224,-0.06324074074074071,-0.05921296296296291,0.3790988452922668,0.15868048618386615,0.18682556675428655,0.7784751218887624,0.006525591377145812,0.004027777777777797,0.0196373309891901,0.38040462044552553,0.10677867517788778,0.1167587601517353,0.0,0.9999999987499999,0.6051613668983218,0.30025981790186956,0.27856489304914517,0.35949216965742015,calm,02,21,21,male,strong,2466
110,3.6703333333333332,True,1.0,0.4799821016847979,0.5100117536906477,0.49499692768772274,0.6744552366418054,-0.06560185185185191,-0.06101851851851853,0.37420794760605197,0.17576177664058235,0.18406135556647352,0.7339210977920085,0.030029652005849783,0.004583333333333384,0.022942165247657523,0.3806038714006102,0.10567917900065188,0.11661679569277725,0.0,0.9999999987499999,0.6118348077981193,0.29834884449831045,0.27662125479762906,0.3592249670185127,calm,02,21,21,male,strong,2466
0,0.0,True,1.0,0.5430687992438601,0.5535011267979687,0.5482849630209143,0.8357107106180828,-0.0671296296296296,-0.06523148148148156,0.33733311024304347,0.3410839390413598,0.1833749434905806,0.6560702837174465,0.010432327554108611,0.0018981481481480378,0.001829530140732049,0.3335111397462502,0.10594468213456436,0.11653923882820896,0.0,0.9999999987499999,0.611654241563813,0.29959451296757644,0.2684463169021881,0.35820778485426397,calm,02,21,21,male,strong,2467
10,0.33366666666666667,True,1.0,0.5641009964155397,0.5535011267979679,0.5588010616067538,1.0449594371934812,-0.07185185185185172,-0.06912037037037033,0.3238525304107962,0.3984290562770746,0.18753295608809836,0.5347586152315768,0.010599869617571755,0.0027314814814813904,0.0,0.26904391363689517,0.10329553630314618,0.11921371537651462,0.0,0.9846352974685695,0.612446321997549,0.30089333922898837,0.2672058329092761,0.35531312896770456,calm,02,21,21,male,strong,2467
20,0.6673333333333333,True,1.0,0.48429358913679266,0.45130054990336843,0.46779706952008054,1.1690500807885116,-0.08407407407407402,-0.0841203703703704,0.3536221643345983,0.3733440256641169,0.1953112316702645,0.4001514368011989,0.032993039233424226,4.629629629637755e-05,0.030373370156943125,0.24370835875172267,0.08800743712194273,0.119014540520559,0.0,0.9999999987499999,0.6728526308570304,0.31763262324140645,0.2673299105799146,0.4187244018752732,calm,02,21,21,male,strong,2467
30,1.0010000000000001,True,1.0,0.5176444678901867,0.5190919654376084,0.5183682166638975,1.0398572150892949,-0.0726851851851853,-0.06949074074074069,0.3441125397695331,0.3773054295284207,0.19306187851855733,0.49849941813346377,0.0014474975474216834,0.0031944444444446107,0.001193787766913079,0.2721326236333471,0.10342724149681155,0.11973762675234993,0.0,0.9999999987499999,0.6102183290581857,0.30504406431479336,0.2744289860463671,0.3630092907062381,calm,02,21,21,male,strong,2467
40,1.3346666666666667,True,1.0,0.5306070298116349,0.5586238775811647,0.5446154536963999,0.9816536783060239,-0.06939814814814815,-0.06638888888888894,0.3336139335633376,0.2841075762162221,0.18969959983660586,0.5547938807056756,0.02801684776952984,0.0030092592592592116,0.026139378845853836,0.2715429249205673,0.10386290738855893,0.11904025419075216,0.0,0.9999999987499999,0.6110135852700456,0.30162859175601114,0.2699416433434583,0.36206173366779,calm,02,21,21,male,strong,2467
50,1.6683333333333334,True,1.0,0.4911991568572533,0.5160944195809282,0.5036467882190907,1.0754899803244276,-0.06634259259259262,-0.06222222222222212,0.37636964209137536,0.31774388634253664,0.18488735635236406,0.468295193291492,0.02489526272367487,0.004120370370370496,0.029042477852882435,0.27045672393588593,0.10521945305264924,0.1176811301833426,0.0,0.9999999987499999,0.603287396302271,0.3042447459569559,0.28642173455216663,0.3794131923717477,calm,02,21,21,male,strong,2467
60,2.0020000000000002,True,1.0,0.4976140476918668,0.5091855026062824,0.5033997751490746,0.9217386443298613,-0.0661574074074075,-0.06125000000000003,0.3974941367240641,0.2230183363464328,0.1855092249813157,0.5461415535149502,0.01157145491441558,0.004907407407407471,0.0208614759538478,0.3308275661140891,0.10442441175011939,0.11838717807391538,0.0,0.9999999987499999,0.6059941156384429,0.30321680452583677,0.28546396178634936,0.37483941522561925,calm,02,21,21,male,strong,2467
70,2.3356666666666666,True,1.0,0.4936253112060672,0.485008236638309,0.4893167739221881,0.8060733300904733,-0.06453703703703711,-0.06037037037037046,0.3636125180684655,0.17381666981799096,0.18473254743001213,0.6070375431814217,0.008617074567758176,0.004166666666666652,0.008732843737252761,0.3221696278149657,0.10318312543077277,0.11931102371712729,0.0,0.9999999987499999,0.6116545343528037,0.29955878138006947,0.2676879960322542,0.35973713357745596,calm,02,21,21,male,strong,2467
80,2.6693333333333333,True,1.0,0.5506568573869802,0.5596707818930049,0.5551638196399926,0.9254928103678047,-0.06740740740740736,-0.06333333333333341,0.3766045923584003,0.3258521188940483,0.19103972627181362,0.5998575174445301,0.009013924506024673,0.004074074074073952,0.02513039703856894,0.3148149032524412,0.1052263151100146,0.1179983567904678,0.0,0.9999999987499999,0.6045060782828756,0.3040621527021984,0.2835727302722466,0.37113371942037515,calm,02,21,21,male,strong,2467
90,3.003,True,1.0,0.5750659333822081,0.5978021301641825,0.5864340317731953,1.1248045948369605,-0.07023148148148156,-0.0671296296296297,0.2906000997492381,0.47339452167764356,0.19099778869268047,0.5213652526536828,0.02273619678197436,0.0031018518518518556,0.018322811234340527,0.2618067293808323,0.10493273854729247,0.11761332487255712,0.0,0.9999999987499999,0.6068438991455958,0.30175406615443073,0.26475844495570244,0.3497031576923421,calm,02,21,21,male,strong,2467
100,3.336666666666667,True,1.0,0.5502624643611221,0.5714196523386145,0.5608410583498683,0.8749249699601963,-0.06388888888888883,-0.06208333333333327,0.3473623491034852,0.2556440210711559,0.1861258682802443,0.6410161757932032,0.02115718797749233,0.0018055555555555602,0.020828661005917095,0.316616008494661,0.10548511801811945,0.11728072148028024,0.0,0.9999999987499999,0.607797079011292,0.3027314752539135,0.27550270284588424,0.35758858269527755,calm,02,21,21,male,strong,2467
110,3.6703333333333332,True,1.0,0.5808896519805146,0.5740698522666462,0.5774797521235804,0.693561210801207,-0.06435185185185188,-0.06138888888888888,0.3555267895089103,0.20966335795475324,0.18819809300513313,0.8326298286729032,0.006819799713868369,0.0029629629629630005,0.0039125576171824385,0.3691887923082925,0.10649481613776933,0.11685479764504232,0.0,0.9999999987499999,0.6062993356326905,0.30115105574589585,0.27856096641251427,0.3603322496218208,calm,02,21,21,male,strong,2467
120,4.0040000000000004,True,1.0,0.5523832876093108,0.5250410154521826,0.5387121515307467,0.7199464643374451,-0.06384259259259267,-0.0618055555555555,0.35845401782360964,0.2159670675331107,0.18751464786534017,0.7482669590252305,0.027342272157128145,0.0020370370370371704,0.002823531680454525,0.38810635367556584,0.10685554919341853,0.11586917369860439,0.0,0.9999999987499999,0.6088023884319352,0.29998015420154284,0.27784254621160565,0.3589711395051365,calm,02,21,21,male,strong,2467
0,0.0,True,1.0,0.5656535185663721,0.5555628248343149,0.5606081717003435,0.8118087484325732,-0.06972222222222224,-0.07055555555555554,0.34084721220293934,0.3228753337673903,0.18890342905765775,0.6905668025661911,0.010090693732057288,0.0008333333333332971,3.6697745183489104e-05,0.3352022595011155,0.10898089574737982,0.11420659378530945,0.0,0.9999999987499999,0.6086902868803771,0.292537833163083,0.27391305233502694,0.3608578368469197,calm,02,21,21,male,strong,2468
10,0.33366666666666667,True,1.0,0.5656535185663734,0.5555628248343161,0.5606081717003447,0.9549530318068996,-0.07370370370370372,-0.07398148148148148,0.33478678754831925,0.34338114587331137,0.19376417538869897,0.5870531356286692,0.010090693732057288,0.0002777777777777657,0.0037355195071199464,0.30786671931627213,0.09072925706782176,0.11678984463042612,0.0,0.9999999987499999,0.6645391377488495,0.31559461169755276,0.26263533846789333,0.40155535466901104,calm,02,21,21,male,strong,2468
20,0.6673333333333333,True,1.0,0.312328401702189,0.3424207801074959,0.32737459090484244,1.0862725940802298,-0.07162037037037033,-0.07629629629629636,0.3458416135589864,0.37032020252735104,0.17782068794340958,0.30137425236437776,0.030092378405306874,0.004675925925926028,0.012532746279377052,0.2731478238987873,0.1061524479993287,0.11813750914118418,0.0,0.9999999987499999,0.6045692803215036,0.3014112554164564,0.2948637851406925,0.36274591747695467,calm,02,21,21,male,strong,2468
30,1.0010000000000001,True,1.0,0.3758487901063984,0.3853401306929923,0.38059446039969536,0.9379461789074528,-0.0831944444444444,-0.0849537037037037,0.34811248594334654,0.263231872872593,0.20904091715924558,0.40577430662708486,0.0094913405865939,0.0017592592592592937,0.014156399600174651,0.3058614853414708,0.08802481271505104,0.11787567415698012,0.0,0.9999999987499999,0.66756724253764,0.31803220636104457,0.269632814997001,0.4089084285368718,calm,02,21,21,male,strong,2468
40,1.3346666666666667,True,1.0,0.5072524135990077,0.46844222038239036,0.48784731699069905,0.8814880358513236,-0.07967592592592593,-0.07620370370370366,0.3590382655396608,0.2516506843740538,0.20221957827971743,0.5534361184148641,0.038810193216617384,0.0034722222222222654,0.020600805631097795,0.30581740495629933,0.10674088308352979,0.1174440003271824,0.0,0.9999999987499999,0.6059119255749175,0.2957742033243398,0.2834048613393793,0.3739515881471767,calm,02,21,21,male,strong,2468
50,1.6683333333333334,True,1.0,0.5311520443108192,0.5238501934199262,0.5275011188653727,1.0105736311333238,-0.07518518518518519,-0.07185185185185183,0.36976367478104205,0.31384470442959295,0.1972226090643825,0.5219818750602053,0.007301850890892969,0.003333333333333355,0.0025504452614744854,0.29825212948384716,0.1054450147871811,0.1184481078097801,0.0,0.9639152146361958,0.6091335771652411,0.2969928212089398,0.2829469672042891,0.38334241569044,calm,02,21,21,male,strong,2468
60,2.0020000000000002,True,1.0,0.5486504142406553,0.5221937589971806,0.5354220866189179,0.9322449310255903,-0.0725925925925926,-0.07101851851851843,0.38499723584991163,0.23305223156515464,0.19791705215148858,0.5743362809491324,0.026456655243474736,0.001574074074074172,0.0024201997637767598,0.31677958254787025,0.10606882633772237,0.11756615827478498,0.0,0.9999999987499999,0.6061488645301871,0.299154936972283,0.2918151745671822,0.38288943802533976,calm,02,21,21,male,strong,2468
70,2.3356666666666666,True,1.0,0.500295927707465,0.4913982665484512,0.4958470971279581,0.7734494323020958,-0.06782407407407398,-0.06504629629629638,0.35007156483494856,0.1852547184132548,0.19166825888152061,0.6410853462677168,0.008897661159013803,0.0027777777777776014,0.010245883206810052,0.35392583011900725,0.10635662256464291,0.11763024366222179,0.0,0.8611707901772203,0.6068609840264231,0.2944431224630036,0.2688716343440529,0.3523519820783265,calm,02,21,21,male,strong,2468
80,2.6693333333333333,True,1.0,0.4595713665621172,0.46066410850910144,0.46011773753560936,0.9331174586932294,-0.06754629629629616,-0.06347222222222226,0.378178039297355,0.27391243734046977,0.18402819235573054,0.4930973407999187,0.0010927419469842214,0.004074074074073897,0.012187682533823074,0.3071733847279508,0.1064419894222105,0.11739081875387603,0.0,0.945922178979576,0.6071814661802221,0.2945665712369103,0.28211568614394833,0.3733672916044013,calm,02,21,21,male,strong,2468
90,3.003,True,1.0,0.516413257616765,0.5072289530285742,0.5118211053226696,0.984615636188196,-0.06638888888888883,-0.064074074074074,0.33348739985717113,0.2800534955841622,0.1965339890312147,0.5198181772779016,0.009184304588190861,0.002314814814814825,0.005460195173567636,0.29292947405720104,0.10817243004583366,0.1157982159522795,0.0,0.9999999987499999,0.604113041060174,0.2993961142705968,0.28171067037636455,0.3608779209696527,calm,02,21,21,male,strong,2468
100,3.336666666666667,True,1.0,0.4920634920634921,0.48394626610547087,0.4880048790844815,0.6324813033034313,-0.06643518518518526,-0.06356481481481469,0.3733745466893849,0.15059078650081642,0.19376417538869897,0.7715720236086763,0.008117225958021224,0.0028703703703705785,0.00893991039120203,0.41586072139299823,0.10833862888987347,0.11531277047732558,0.0,0.9999999987499999,0.605648131127451,0.294648912198851,0.2840356922244308,0.36318758065555445,calm,02,21,21,male,strong,2468
110,3.6703333333333332,True,1.0,0.46025294673870226,0.4471774954890602,0.45371522111388124,0.7100607435284998,-0.06611111111111112,-0.06509259259259265,0.37944539193429044,0.17746644995780578,0.18834073682628705,0.6389808551578805,0.013075451249642045,0.0010185185185184742,0.025647545349834815,0.3871731849712833,0.10825007637084369,0.11572563417727381,0.0,0.9999999987499999,0.6059775894029487,0.29105787401262245,0.28489694777389324,0.3636620998123691,calm,02,21,21,male,strong,2468
120,4.0040000000000004,True,1.0,0.5102880658436204,0.4662164341804916,0.48825225001205597,0.7047435779762247,-0.0640277777777778,-0.06310185185185185,0.3829418475418192,0.1541203330801514,0.19038039609174412,0.6928083706901516,0.04407163166312883,0.0009259259259259411,0.019857876702838763,0.3748970455877982,0.10853755598266751,0.11611423759038862,0.0,0.9999999987499999,0.6033134090120423,0.29373488021413907,0.28763221387776783,0.366900053076088,calm,02,21,21,male,strong,2468
0,0.0,True,1.0,0.5387454002212908,0.5537550306337548,0.5462502154275228,0.8056557475658565,-0.06472222222222218,-0.062037037037037,0.3443626561099897,0.3041561092489161,0.18544999298171577,0.6780193861682479,0.015009630412463948,0.0026851851851851793,0.00040066061505680416,0.35642856242064797,0.10778357476063005,0.11450835330363496,0.0,0.9999999987499999,0.6045894628007452,0.29825545026718536,0.27777762373296616,0.35979284919417515,calm,02,21,21,male,strong,2469
10,0.33366666666666667,True,1.0,0.5336434450492453,0.5155249579488373,0.5245842014990414,0.8634397722908089,-0.0793981481481481,-0.07513888888888892,0.347409873217671,0.28508198263053136,0.2021139115208346,0.6075515841797011,0.018118487100407976,0.004259259259259185,0.006612116270926868,0.34169340306179014,0.10367176172433931,0.11824393339538601,0.0,0.9999999987499999,0.6066416370767057,0.29973445890623795,0.27100809029947026,0.3553224361660524,calm,02,21,21,male,strong,2469
20,0.6673333333333333,True,1.0,0.4927601638125327,0.49183198863693467,0.4922960762247337,1.0446764750240636,-0.08462962962962967,-0.08490740740740749,0.3597594403528841,0.30855357389267585,0.20079173919975943,0.4712426172068189,0.0009281751755980117,0.0002777777777778212,0.02141301822202997,0.25604667925881486,0.10462564694865889,0.1186919017669068,0.0,0.9999999987499999,0.605970485061212,0.3042635949097934,0.28954467841078635,0.37207716663377605,calm,02,21,21,male,strong,2469
30,1.0010000000000001,True,1.0,0.4104816471748887,0.3948728001545393,0.40267722366471403,0.9115159311365088,-0.08407407407407413,-0.08171296296296299,0.3652334717628803,0.1964381610207328,0.2132302275265817,0.44176652311785986,0.015608847020349426,0.002361111111111147,0.018715792150784557,0.3011263612669772,0.08774793506856311,0.11872555703105958,0.0,0.9999999987499999,0.6646709132950055,0.3192913942887822,0.27235203299126387,0.41644201791127794,calm,02,21,21,male,strong,2469
40,1.3346666666666667,True,1.0,0.4061639137702572,0.4034112729765874,0.4047875933734223,0.9398812262489932,-0.08374999999999994,-0.08041666666666669,0.3561783421562916,0.2625500020762421,0.20993165821006404,0.4306795178672779,0.0027526407936697694,0.0033333333333332438,0.02297298988702828,0.2808009367003773,0.10579484358878322,0.1178127690960446,0.0,0.9999999987499999,0.6036421999190301,0.29987275387353407,0.2916823777511478,0.3742845935488439,calm,02,21,21,male,strong,2469
50,1.6683333333333334,True,1.0,0.4976078698717539,0.46065577752703807,0.479131823699396,1.0199711094536237,-0.08171296296296288,-0.0773611111111111,0.3846471886751054,0.229002225097467,0.2125606674658217,0.46975038729877017,0.03695209234471586,0.0043518518518517735,0.02293603186226858,0.2947495042970955,0.10450751050403527,0.11991330795826852,0.0,0.9999999987499999,0.5995635634175546,0.30398838053440963,0.30268548329572914,0.39268113201312,calm,02,21,21,male,strong,2469
60,2.0020000000000002,True,1.0,0.48429358913679255,0.47721233242449085,0.48075296078064167,0.8960522273772678,-0.07583333333333336,-0.07402777777777775,0.39939496780229194,0.17775980080668857,0.20417600856869406,0.5365233700582374,0.007081256712301698,0.0018055555555556158,0.00138921030591325,0.32176896073434325,0.10503735574795552,0.11703254189134123,0.0,0.9999999987499999,0.6030618260194703,0.3030324216477756,0.3011640849742733,0.38647965630476855,calm,02,21,21,male,strong,2469
70,2.3356666666666666,True,1.0,0.518665767789211,0.48609977945679483,0.5023827736230029,1.1044578687855633,-0.06833333333333347,-0.06657407407407412,0.35692599815946385,0.3391825443727429,0.19122174848100948,0.45486820984435694,0.032565988332416196,0.0017592592592593492,0.0029159836009824192,0.2685847667189793,0.10018383838335378,0.11689248866815852,0.0,0.9999999987499999,0.614003153355092,0.3003295501198675,0.2661313131211016,0.36136174503900126,calm,02,21,21,male,strong,2469
80,2.6693333333333333,True,1.0,0.5481258263293108,0.5330549404351335,0.5405903833822221,1.0991115016163215,-0.0697685185185184,-0.06527777777777782,0.3088080585029293,0.476197951385003,0.1923611111111111,0.4918430774195753,0.015070885894177377,0.004490740740740573,0.011730520106086058,0.24427620072424427,0.10664243156358341,0.11639318490374415,0.0,0.9999999987499999,0.6058628054659364,0.2968639232888386,0.27515941416287354,0.35686878923351073,calm,02,21,21,male,strong,2469
90,3.003,True,1.0,0.5595643968904598,0.5395583967605843,0.549561396825522,0.990202074906858,-0.06703703703703706,-0.061620370370370325,0.35434985077673764,0.28718269233533456,0.19308756342655747,0.5549992377840813,0.020006000129875523,0.005416666666666736,0.020975695201553932,0.2940248535384139,0.10769585259159256,0.11607756383948839,0.0,0.8605707293869079,0.5998185247692828,0.3009963939997114,0.282339224763913,0.3676850882842052,calm,02,21,21,male,strong,2469
100,3.336666666666667,True,1.0,0.5089651768719392,0.5235457727737645,0.5162554748228518,0.6398136622523678,-0.06481481481481471,-0.05888888888888888,0.37340282569742933,0.13679655807090374,0.19380669533390738,0.8068841059214835,0.014580595901825255,0.0059259259259258346,0.02479947881064383,0.42501004837724093,0.10626646846870517,0.116899629292556,0.0,0.968741375490047,0.598196395816139,0.3005471937491596,0.28075888625841866,0.35913669057965675,calm,02,21,21,male,strong,2469
110,3.6703333333333332,True,1.0,0.5247943834685239,0.5080934070158012,0.5164438952421626,0.6936480055442727,-0.06606481481481474,-0.06148148148148158,0.38350745273482134,0.16952823640838438,0.19100457921116565,0.7445330933186113,0.016700976452722727,0.004583333333333162,0.017809719350278422,0.36856930281962663,0.10763887726553736,0.11530719776162232,0.0,0.9999999987499999,0.6027884859334359,0.2993779064124065,0.28637808257971104,0.36232469007099233,calm,02,21,21,male,strong,2469
0,0.0,True,1.0,0.5367173374898404,0.532076957753589,0.5343971476217146,1.032700133421041,-0.06300925925925926,-0.06046296296296305,0.33870809917924366,0.4147553709209248,0.18130092563129852,0.5174756256217469,0.004640379736251421,0.0025462962962962132,0.003898834852811186,0.2858485027774474,0.10349463468424977,0.11694181043305578,0.0,0.9999999987499999,0.6182232526448079,0.29365529299144727,0.2724872776544883,0.38263133526424004,happy,03,21,21,male,normal,2470
10,0.33366666666666667,True,1.0,0.5432314212954303,0.5652196816474805,0.5542255514714554,1.0129834567119798,-0.0621296296296297,-0.059768518518518554,0.3453461223891324,0.3985339243897702,0.1812769376534147,0.5471220164546454,0.02198826035205015,0.002361111111111147,0.001076920973960465,0.29552442545625734,0.10513870988567871,0.1153007986620257,0.0,0.9999999987499999,0.6186599916763581,0.2930129923883008,0.2773487662958863,0.3857996987030709,happy,03,21,21,male,normal,2470
20,0.6673333333333333,True,1.0,0.5533137118747652,0.555184945482741,0.5542493286787531,1.106923365169967,-0.07574074074074072,-0.07444444444444437,0.3417813043172998,0.41084368993094694,0.1979721687528186,0.5007115633462562,0.0018712336079758085,0.001296296296296351,0.008323848961831875,0.28161691735939465,0.0891661911564256,0.11701466816663826,0.0,0.9999999987499999,0.6693100547406463,0.3150871585706542,0.26388252201121726,0.41077932518260685,happy,03,21,21,male,normal,2470
30,1.0010000000000001,True,1.0,0.48994586174630544,0.4936253112060678,0.49178558647618664,1.0842867510968641,-0.08324074074074078,-0.08129629629629631,0.38313124269686843,0.2560043370513891,0.2118185226278855,0.4535567606804164,0.0036794494597623406,0.0019444444444444708,0.0035421506153390323,0.27342915573169985,0.09941432239312359,0.11835526021584292,0.0,0.9999999987499999,0.6206047425532712,0.29808580598486445,0.2936480954198509,0.4003234277736884,happy,03,21,21,male,normal,2470
40,1.3346666666666667,True,1.0,0.49351088185448183,0.49548281513798964,0.49449684849623576,1.1297200761268757,-0.07814814814814819,-0.07606481481481486,0.3229377604526534,0.3137986245896213,0.20417002980063803,0.4377162617057893,0.0019719332835078096,0.002083333333333326,0.0007660122112896534,0.2504934140540007,0.08842842608267643,0.11805832251148378,0.0,0.9999999987499999,0.6705439711978541,0.31579435036518055,0.26624214197856877,0.4117861269819678,happy,03,21,21,male,normal,2470
50,1.6683333333333334,True,1.0,0.5196205077346577,0.49374559784922434,0.506683052791941,1.0517694477141264,-0.07041666666666663,-0.06717592592592597,0.386980198908111,0.2740440023081209,0.19446366956824945,0.48174345993140005,0.025874909885433395,0.003240740740740655,0.002130085649501473,0.3013761620794364,0.08919761152283215,0.1184473040535717,0.0,0.9999999987499999,0.6710252148124874,0.31526711698288196,0.2779366302653571,0.4378598687159314,happy,03,21,21,male,normal,2470
60,2.0020000000000002,True,1.0,0.4856478270857948,0.4853852275733242,0.4855165273295595,0.9402470525781729,-0.06726851851851845,-0.06388888888888888,0.38905231155091746,0.18363490991380574,0.18971367571775172,0.5163712303040624,0.000262599512470596,0.003379629629629566,0.0016659921830010542,0.3076053068405643,0.10289320630489932,0.11730903880161933,0.0,0.9999999987499999,0.618582927702331,0.296031219863618,0.28645033556126054,0.39956710742082396,happy,03,21,21,male,normal,2470
70,2.3356666666666666,True,1.0,0.5266263677967555,0.5100398334588503,0.5183331006278029,1.2545952778962137,-0.06430555555555556,-0.06189814814814826,0.38280741380601946,0.3583834828840965,0.18612135926937018,0.413147657862205,0.016586534337905245,0.0024074074074073026,0.0009100943277490649,0.25552419723687164,0.10489530735822407,0.11829270514746515,0.0,0.9999999987499999,0.6030840271108443,0.30471444123881986,0.30013203798226995,0.39710584009731253,happy,03,21,21,male,normal,2470
80,2.6693333333333333,True,1.0,0.550998206415718,0.5327760660140067,0.5418871362148623,1.0370893515657178,-0.06194444444444447,-0.06009259259259253,0.3096315991300601,0.277777777777778,0.1958524221220791,0.5225076657057203,0.018222140401711218,0.0018518518518519378,0.0038158770586504322,0.27119167656614196,0.10422936252932154,0.11645115014592278,0.0,0.9999999987499999,0.6118665689088136,0.2998865376658073,0.27895341937124885,0.37640109580411946,happy,03,21,21,male,normal,2470
90,3.003,True,1.0,0.5095210363345082,0.5009188861271425,0.5052199612308254,0.9885771231589567,-0.0673611111111111,-0.0625,0.39570489124080693,0.2543349271352131,0.1854232501172056,0.5110577105167234,0.008602150207365655,0.004861111111111094,0.008434341426090869,0.3073814721111076,0.10611692491399217,0.11768474704296705,0.0,0.9999999987499999,0.6049437397146359,0.3019580000672802,0.29120028880909143,0.3822497135764494,happy,03,21,21,male,normal,2470
100,3.336666666666667,True,1.0,0.510185209835095,0.5155516592312562,0.5128684345331755,0.9549372867182117,-0.06861111111111112,-0.06412037037037044,0.39026204245070756,0.22770728829311912,0.18685496707656818,0.5370702785056457,0.005366449396161266,0.004490740740740684,0.0029562433735322137,0.30326372873157903,0.1086286989057855,0.11619305896584405,0.0,0.9999999987499999,0.6018867793758129,0.3023682410077898,0.2926546495443375,0.3820948780906196,happy,03,21,21,male,normal,2470
110,3.6703333333333332,True,1.0,0.5433725866995142,0.5160330421492887,0.5297028144244014,0.954628295775953,-0.06652777777777769,-0.06171296296296297,0.38892422355092815,0.2202905889643627,0.19032628786065006,0.554878602245748,0.02733954455022547,0.004814814814814716,0.009107362560375414,0.31190641830647403,0.10558721780500083,0.11686320762042164,0.0,0.9999999987499999,0.6148909923578807,0.2965944331846292,0.28821621270457715,0.39638321075856786,happy,03,21,21,male,normal,2470
0,0.0,True,1.0,0.5325318359287108,0.5325318359287101,0.5325318359287105,0.9606371599929541,-0.06439814814814815,-0.06106481481481485,0.3514404233293122,0.33616391987615335,0.1889292754835563,0.5543527339007127,6.661338147750939e-16,0.0033333333333332993,0.000428360382551149,0.30976916170485624,0.10712247189415525,0.11562244514979568,0.0,0.9999999987499999,0.6120522112673193,0.2951962480661352,0.28548963324027415,0.3876637294160272,happy,03,21,21,male,normal,2471
10,0.33366666666666667,True,1.0,0.5059621017967072,0.4926409131179216,0.4993015074573144,0.9573804796779923,-0.06430555555555567,-0.061851851851851825,0.3574275623655112,0.3372080707584532,0.19306978193111085,0.521528815403935,0.013321188678785623,0.0024537037037038467,0.008699567451246023,0.31502005263299787,0.10713522507087779,0.11659520162201423,0.0,0.9999999987499999,0.6087830750894108,0.29445769823311824,0.28677053886370985,0.3847814513387619,happy,03,21,21,male,normal,2471
20,0.6673333333333333,True,1.0,0.4931080575529325,0.4755690686409716,0.48433856309695206,1.010757073469627,-0.08333333333333337,-0.08083333333333337,0.36859015878817053,0.2985352066525395,0.21112881859473503,0.4791839461824022,0.01753898891196093,0.0025000000000000022,0.004102925554463966,0.299732748885988,0.09073346931057369,0.1188884130676761,0.0,0.9999999987499999,0.6630881626869497,0.31590671560275824,0.27518088899485676,0.42009226562709984,happy,03,21,21,male,normal,2471
30,1.0010000000000001,True,1.0,0.46743044061594247,0.45276499538817677,0.4600977180020596,1.012925367270046,-0.08365740740740735,-0.08203703703703702,0.39686387274921925,0.1834765870001814,0.21875871913426817,0.45422667144972145,0.014665445227765694,0.0016203703703703276,0.004997498575142713,0.28565595410164185,0.08676548898969719,0.11912598384194774,0.0,0.9999999987499999,0.666390543342337,0.31712753002927746,0.2792101597471533,0.42742201665115076,happy,03,21,21,male,normal,2471
40,1.3346666666666667,True,1.0,0.46693128467553174,0.4434841474312778,0.45520771605340477,1.0751473075750542,-0.0829629629629629,-0.07912037037037034,0.33138321941861815,0.3120239877661249,0.203607537789162,0.42339102078961166,0.023447137244253957,0.003842592592592564,0.017716719528764364,0.23635034506362992,0.1040544590992296,0.11998951130564495,0.0,0.9999999987499999,0.6081532380139557,0.3027132273315274,0.2870829086383017,0.36500441190336386,happy,03,21,21,male,normal,2471
50,1.6683333333333334,True,1.0,0.4765203601655522,0.5028976523267341,0.48970900624614316,1.0283886968289004,-0.07726851851851851,-0.07148148148148142,0.39033903330840747,0.25708887387932905,0.2014529024894326,0.47619057634160206,0.026377292161181898,0.0057870370370370905,0.0027993479391032077,0.2892763747576086,0.104605760243297,0.11758061419923423,0.0,0.9999999987499999,0.6126784877232142,0.2963652940453154,0.29267587919977756,0.41154774259889876,happy,03,21,21,male,normal,2471
60,2.0020000000000002,True,1.0,0.5023691100296871,0.4610274499532614,0.48169827999147424,0.9466218379967232,-0.07814814814814824,-0.07291666666666669,0.38009897922154706,0.26290859607114747,0.19097861416070602,0.5088603079460562,0.0413416600764257,0.005231481481481559,0.0069153657924179174,0.2682842707622079,0.1059463863069082,0.11848324969414817,0.0,0.9999999987499999,0.6055779467411965,0.2984051840214114,0.2857047908443793,0.3776688604786528,happy,03,21,21,male,normal,2471
70,2.3356666666666666,True,1.0,0.4931065140817236,0.4849360118323391,0.48902126295703136,1.0019542371531258,-0.06537037037037036,-0.06245370370370368,0.3727058010926173,0.29598893740127075,0.189584943044906,0.4880674633868489,0.008170502249384537,0.0029166666666666785,0.007402108066487959,0.29012643024311485,0.10433551396125484,0.11798207654342914,0.0,0.9999999987499999,0.6161213588716737,0.29462461213545493,0.2797814475375516,0.3806812466082925,happy,03,21,21,male,normal,2471
80,2.6693333333333333,True,1.0,0.5423513522623966,0.5366876310272534,0.5395194916448249,1.252490848509593,-0.06671296296296292,-0.061481481481481526,0.2941240625425586,0.5009213179751838,0.18958373576250787,0.43075723250739,0.005663721235143249,0.005231481481481393,0.016931361186655426,0.2528028775998182,0.11004857973153415,0.11451691308274005,0.0,0.9999999987499999,0.6036867822597789,0.2981903751007185,0.28794651307737246,0.3606333729217205,happy,03,21,21,male,normal,2471
90,3.003,True,1.0,0.45733076328648714,0.43656022271480593,0.44694549300064657,0.9063042916737177,-0.06574074074074077,-0.05912037037037038,0.39787566175365396,0.17690326787560062,0.1930571363157205,0.49315168989793684,0.020770540571681206,0.0066203703703703876,0.015029442718861327,0.33704958107754107,0.10739318782703089,0.11619378964917694,0.0,0.9999999987499999,0.6055806769582833,0.29479360646996433,0.2965818687198188,0.3936102176354281,happy,03,21,21,male,normal,2471
100,3.336666666666667,True,1.0,0.4606557775270361,0.4507759730505468,0.4557158752887914,0.8960522273772682,-0.06550925925925932,-0.061342592592592504,0.4018648695911475,0.17775980080668866,0.18892160269492647,0.5085818229844316,0.00987980447648934,0.004166666666666818,0.0033206895074858866,0.3396026684407979,0.08950140133361341,0.11805665144812241,0.0,0.9999999987499999,0.6695500108793518,0.31467807453222074,0.2767527583876982,0.42551758265664336,happy,03,21,21,male,normal,2471
110,3.6703333333333332,True,1.0,0.49400071061265877,0.4747178071469931,0.4843592588798259,0.8805456447048355,-0.0637962962962964,-0.060138888888888964,0.40416042324055856,0.15373993704376235,0.19248957256034346,0.550067179132078,0.01928290346566569,0.0036574074074074425,0.012727011208260778,0.3482004068292598,0.09080353052932655,0.11786904756169234,0.0,0.9999999987499999,0.6655240286270758,0.31474953601032185,0.28345793281940235,0.4357233165686152,happy,03,21,21,male,normal,2471
0,0.0,True,1.0,0.5010785545286611,0.5002959277074664,0.5006872411180638,0.9540166432839641,-0.06342592592592589,-0.06087962962962962,0.34157979992424675,0.351411377701026,0.17849957907496103,0.5248202373017027,0.0007826268211946763,0.0025462962962962687,0.0038078744699941007,0.3078667193162718,0.10733105000128593,0.11526367842824832,0.0,0.9999999987499999,0.6154576487704457,0.29324730038157365,0.27165430365521503,0.3764548704237928,happy,03,21,21,male,normal,2472
10,0.33366666666666667,True,1.0,0.509185502606283,0.5020671702850081,0.5056263364456456,0.961579351589819,-0.0639351851851852,-0.06055555555555553,0.3425850480120803,0.3481416689748675,0.18265392658968602,0.5258290286804439,0.0071183323212749006,0.003379629629629677,0.003113728501830112,0.2929707951616441,0.10723617654000825,0.11518666742665047,0.0,0.9999999987499999,0.6119246839907839,0.2932286115421218,0.27397353728317164,0.375434747971474,happy,03,21,21,male,normal,2472
20,0.6673333333333333,True,1.0,0.4867394354058434,0.47541263676111506,0.48107603608347926,1.0550250137919808,-0.06865740740740739,-0.06870370370370366,0.39649628873262627,0.25290944729747367,0.1875036620736129,0.45598543143009596,0.011326798644728353,4.6296296296266526e-05,0.011302932032883094,0.27772704727717057,0.10414103489906439,0.11991437833826528,0.0,0.9999999987499999,0.6046453959474414,0.30384131051042507,0.29281400903561544,0.3892896030240438,happy,03,21,21,male,normal,2472
30,1.0010000000000001,True,1.0,0.12529467283828982,0.14939759719072543,0.13734613501450763,1.08515295330116,-0.08694444444444444,-0.08546296296296296,0.3730191474097722,0.251596231418581,0.20920436042725912,0.1265684570978542,0.024102924352435606,0.0014814814814814725,0.0029472694072179323,0.2689859889969858,0.10294223999167401,0.11887959113894674,0.0,0.9999999987499999,0.6080843932494873,0.2988006201318335,0.29341725163780297,0.3984233032455215,happy,03,21,21,male,normal,2472
40,1.3346666666666667,True,1.0,0.38574827424364055,0.39344979077296627,0.3895990325083034,0.9044834307992203,-0.06564814814814812,-0.06365740740740738,0.36759085198771435,0.20272904483430843,0.19170646807078165,0.4307420337861199,0.007701516529325714,0.0019907407407407374,0.004079748223512799,0.3297413793103445,0.10468575608210308,0.11815614319676375,0.0,0.9999999987499999,0.6136450230873599,0.29498411146694614,0.28512612481619154,0.39301899356464,happy,03,21,21,male,normal,2472
50,1.6683333333333334,True,1.0,0.4185673697738954,0.4194762869995582,0.4190218283867268,0.998787329874458,-0.06273148148148155,-0.05740740740740746,0.387887175186493,0.2202905889643627,0.1902781787382358,0.41953058058855786,0.0009089172256627753,0.005324074074074092,0.004270628448533041,0.2981162091702903,0.1034946294028452,0.1190409149778118,0.0,0.9999999987499999,0.6122994083805398,0.29790160045903863,0.2921865838139355,0.40009859420616256,happy,03,21,21,male,normal,2472
60,2.0020000000000002,True,1.0,0.3953009326182853,0.36360660274229634,0.3794537676802908,0.6821352605242254,-0.06611111111111112,-0.0566666666666667,0.3610641407744262,0.17757573760129644,0.1846899120656761,0.5562734982922275,0.03169432987598897,0.009444444444444422,0.04348862997056784,0.3925810993071527,0.0893008603531717,0.11772390704225837,0.0,0.9999999987499999,0.6640446933695353,0.31460731992600144,0.26042886185012426,0.40355954852023107,happy,03,21,21,male,normal,2472
70,2.3356666666666666,True,1.0,0.4263121622348271,0.43601748540981705,0.4311648238223221,0.9485672863581731,-0.06217592592592597,-0.056342592592592666,0.37428104805208917,0.22945431495947965,0.18888888888888888,0.454543214828428,0.009705323174989955,0.0058333333333333015,0.01399227331468529,0.3088382903241963,0.10571263814417628,0.11625917664118912,0.0,0.9999999987499999,0.6084849913559174,0.29653619559248606,0.2870515821093071,0.39032549380098164,happy,03,21,21,male,normal,2472
80,2.6693333333333333,True,1.0,0.4274597422694751,0.4115165787290282,0.41948816049925164,0.9777060015433817,-0.061435185185185204,-0.05740740740740735,0.38340391523159656,0.21479124505231123,0.18958695516515212,0.429053478077314,0.015943163540446892,0.004027777777777852,0.005028552926721195,0.3156932343352745,0.1035290406002641,0.11772333637081411,0.0,0.9999999987499999,0.6080606788418492,0.2991509456435752,0.2878818001368688,0.3879074376314917,happy,03,21,21,male,normal,2472
90,3.003,True,1.0,0.4766935353001494,0.44439986169805684,0.4605466984991031,0.9173274414360607,-0.06550925925925921,-0.059768518518518554,0.396271439603996,0.2292964378870734,0.18333707863421067,0.5020526779163229,0.032293673602092565,0.005740740740740657,0.005661951765256775,0.3255201840413649,0.10879097666035482,0.11653264099639199,0.0,0.9999999987499999,0.5985196680781687,0.3003123479002477,0.2960936149949739,0.3801632074260931,happy,03,21,21,male,normal,2472
100,3.336666666666667,True,1.0,0.4509462077961834,0.4442822068170102,0.4476142073065968,0.8886699566012185,-0.060925925925925994,-0.0568981481481482,0.3962267169583211,0.1433102736794213,0.1930571363157205,0.5036900414846128,0.00666400097917319,0.004027777777777797,0.005189699653454094,0.3642741335867518,0.10561547260747786,0.11732584390474916,0.0,0.9999999987499999,0.6065303923288065,0.2963021100459481,0.29239915236624503,0.3947195636294059,happy,03,21,21,male,normal,2472
110,3.6703333333333332,True,1.0,0.508151928715634,0.47669353530014746,0.4924227320078907,0.8961695359444795,-0.060370370370370297,-0.05745370370370373,0.39799445063672745,0.1661976367954838,0.1896090870785938,0.5494749734925132,0.03145839341548651,0.0029166666666665675,0.0052927920248085165,0.3360174329562244,0.10382460846415073,0.11746274665204628,0.0,0.9999999987499999,0.6079434508256427,0.2965365409333692,0.28876072160815675,0.39444216357881123,happy,03,21,21,male,normal,2472
0,0.0,True,1.0,0.5101743757422186,0.5010785545286599,0.5056264651354392,0.9460504594235767,-0.06231481481481488,-0.060370370370370297,0.3433688987089907,0.3567741116924105,0.18197127929757909,0.5344603557864288,0.009095821213558675,0.0019444444444445819,0.0017397158485261985,0.3162148440396406,0.10545027835485393,0.1161696557464606,0.0,0.9999999987499999,0.6159983019614096,0.29354873053855146,0.2741221581980132,0.38226240386148586,happy,03,21,21,male,normal,2473
10,0.33366666666666667,True,1.0,0.525773199993662,0.5095210363345068,0.5176471181640845,0.9345038878851057,-0.06277777777777777,-0.05921296296296291,0.3537133417616498,0.3302366719540617,0.18404809099924885,0.5539271958895559,0.01625216365915516,0.003564814814814854,0.0,0.3218348645935886,0.1060610349711571,0.11643335741973512,0.0,0.9999999987499999,0.6153297673209909,0.2943575507645515,0.27875700129921843,0.38412159503972176,happy,03,21,21,male,normal,2473
20,0.6673333333333333,True,1.0,0.5104616159624542,0.5254926808738564,0.5179771484181552,1.1796789494487858,-0.07699074074074069,-0.08004629629629628,0.3568982995392121,0.3959078941926758,0.19794788850499284,0.43908314941127335,0.015031064911402159,0.003055555555555589,0.008789031530835302,0.24694823571807878,0.1019740200932557,0.11843111757317243,0.0,0.9999999987499999,0.6094857545752677,0.30543217504502856,0.2805220556272589,0.3764796683745455,happy,03,21,21,male,normal,2473
30,1.0010000000000001,True,1.0,0.4518146284727473,0.428152030257538,0.4399833293651426,1.0204798875432992,-0.08106481481481481,-0.07967592592592593,0.3529651635039701,0.23865079718429222,0.21320017014117348,0.43115335709786246,0.023662598215209274,0.001388888888888884,0.0013944076376445355,0.2721662183506086,0.09832088578731903,0.11798028206053912,0.0,0.9999999987499999,0.6195343678799644,0.2992595264321207,0.28160128683054014,0.3793593919791296,happy,03,21,21,male,normal,2473
40,1.3346666666666667,True,1.0,0.500968244473896,0.4602805565185719,0.48062440049623395,0.9120792293817435,-0.07708333333333339,-0.07500000000000007,0.3657799291070235,0.22014670249125853,0.20347372205671144,0.5269546603117221,0.04068768795532407,0.002083333333333326,0.005302799370261179,0.3006324138320321,0.10288839636610947,0.11649841477092523,0.0,0.9999999987499999,0.6058787292416967,0.30522002387823777,0.29308532799498765,0.38275245404828573,happy,03,21,21,male,normal,2473
50,1.6683333333333334,True,1.0,0.4425412260034573,0.468737523871637,0.45563937493754714,0.9778125142748868,-0.07004629629629616,-0.06824074074074077,0.3871137900055959,0.22960443436626352,0.19792283433372324,0.4659782609506017,0.026196297868179674,0.0018055555555553937,0.003384426918909394,0.32381659772531945,0.08703755812466211,0.11844577552361367,0.0,0.9999999987499999,0.6692856330735419,0.3169241779726084,0.27541731420093685,0.4299511143973237,happy,03,21,21,male,normal,2473
60,2.0020000000000002,True,1.0,0.4929333389471266,0.4602805565185713,0.47660694773284895,0.9425447803630657,-0.07009259259259265,-0.06694444444444453,0.3711389035147681,0.24722486042309944,0.19236745689994247,0.5056597391046622,0.032652782428555294,0.003148148148148122,0.0024156314154277006,0.2955369897921298,0.10538378110363766,0.11737178721671603,0.0,0.9999999987499999,0.6033644482949431,0.30293031356061956,0.28705166699387014,0.37519977462693316,happy,03,21,21,male,normal,2473
70,2.3356666666666666,True,1.0,0.5245223443548065,0.516413257616765,0.5204678009857857,0.9697331704379643,-0.06902777777777774,-0.06481481481481477,0.39146608393491455,0.27177966667243336,0.1916989064398953,0.5367123832123066,0.008109086738041449,0.004212962962962974,0.009575000477820811,0.3071474482749301,0.10545407573667805,0.11649375917765566,0.0,0.9999999987499999,0.6020085921399809,0.30479310333081483,0.28898754267744786,0.3804702829382442,happy,03,21,21,male,normal,2473
80,2.6693333333333333,True,1.0,0.5493549454541684,0.5259355585872926,0.5376452520207304,1.0789618808305264,-0.062268518518518445,-0.05814814814814806,0.29934801951629564,0.34679168167512736,0.1923626975779445,0.4982986531524916,0.023419386866875835,0.004120370370370385,0.008789031530835306,0.2735330089100923,0.10240344027571403,0.117412733606949,0.0,0.9361923732156695,0.6101012580579106,0.30090246483642474,0.26911154002419074,0.36650180546439504,happy,03,21,21,male,normal,2473
90,3.003,True,1.0,0.4736366022906723,0.49373321778055795,0.4836849100356151,0.9236752204547275,-0.06495370370370368,-0.05912037037037038,0.37962234317337834,0.22697889859306317,0.1826426484301614,0.5236525775775341,0.020096615489885672,0.0058333333333333015,0.024686468443940023,0.3241865362368871,0.10735175997978091,0.11688588008844275,0.0,0.9999999987499999,0.6035960133897309,0.3044697086226981,0.2895205598684944,0.37824529368334686,happy,03,21,21,male,normal,2473
100,3.336666666666667,True,1.0,0.4741520724807539,0.4774670619391353,0.4758095672099446,0.6881283378152979,-0.0643981481481481,-0.059537037037037,0.3672993219109471,0.14856102445696107,0.18750162759710254,0.6914546910254664,0.003314989458381379,0.004861111111111094,0.015131735851533571,0.3861753811986569,0.10612798693382462,0.11620850356589783,0.0,0.9999999987499999,0.612224065282363,0.2939688538379354,0.2723515759781142,0.3639943578816741,happy,03,21,21,male,normal,2473
110,3.6703333333333332,True,1.0,0.510185209835095,0.49955160099825563,0.5048684054166753,0.7080981798104647,-0.06333333333333341,-0.060370370370370297,0.36544480310718697,0.13371010052900284,0.191050508732786,0.7129920960280006,0.010633608836839337,0.0029629629629631116,0.007874432124364504,0.36238677182294515,0.10435316082013409,0.11780485447613613,0.0,0.9999999987499999,0.6166205819749775,0.294647483181617,0.27237159410089873,0.36825137553222204,happy,03,21,21,male,normal,2473
0,0.0,True,1.0,0.5316284742574283,0.5555845416593431,0.5436065079583857,0.8641292806968106,-0.06527777777777782,-0.06087962962962973,0.3843416119571943,0.20489868557651345,0.19654679912151268,0.6290800695007535,0.023956067401914805,0.0043981481481480955,0.00565991270078826,0.3467143486984361,0.10645396803144132,0.117054885565932,0.0,0.9999999987499999,0.6050813686959159,0.29608164119956304,0.29585919757719664,0.39648162923533325,happy,03,21,21,male,strong,2474
10,0.33366666666666667,True,1.0,0.5266263677967542,0.4901697689601465,0.5083980683784504,0.8949530705570242,-0.0635648148148148,-0.06138888888888894,0.3921476506444695,0.20201136551232068,0.19100457921116565,0.5680723214481183,0.03645659883660768,0.002175925925925859,0.008331925069194073,0.33005544815810356,0.10529020680144435,0.11631475604378246,0.0,0.9999999987499999,0.6097045825986646,0.29640154042983535,0.2900740349579876,0.3931047388811902,happy,03,21,21,male,strong,2474
20,0.6673333333333333,True,1.0,0.48609977945679483,0.47824709409323435,0.48217343677501456,0.9028115812314511,-0.07120370370370377,-0.07060185185185192,0.41176052960520476,0.13888888888888842,0.20492404007142417,0.5340798088980221,0.007852685363560485,0.0006018518518518534,0.01743724370328022,0.34750566492237794,0.10404187153589688,0.12063381797465313,0.0,0.9999999987499999,0.6095722380827331,0.302564176799348,0.29505244478777903,0.3946270986265107,happy,03,21,21,male,strong,2474
30,1.0010000000000001,True,1.0,0.38301359850673744,0.4104702123334343,0.39674190542008586,1.1580981086320346,-0.07962962962962972,-0.08300925925925928,0.38615762142870463,0.2706953429428002,0.2104688724428416,0.3425805658975855,0.02745661382669684,0.003379629629629566,0.0011414352508492401,0.26423836700211095,0.09827674498687834,0.11962050161751708,0.0,0.9999999987499999,0.623033208291129,0.29827416600093687,0.29600279349708236,0.4042056573994428,happy,03,21,21,male,strong,2474
40,1.3346666666666667,True,1.0,0.4693377180962145,0.45094620779618344,0.46014196294619897,1.0495850202896873,-0.06800925925925932,-0.06601851851851859,0.33971399632568494,0.26239625507242215,0.1951779822261021,0.4384037062754564,0.018391510300031055,0.0019907407407407374,0.004428383084130073,0.25454377584010657,0.10381528008726326,0.11633016015400913,0.0,0.9999999987499999,0.6153579824976866,0.29687431157796057,0.29156094028321794,0.4004977576977232,happy,03,21,21,male,strong,2474
50,1.6683333333333334,True,1.0,0.45301963381726423,0.4006901762923895,0.42685490505482687,0.9918713769338725,-0.06050925925925921,-0.05787037037037035,0.41380750901389085,0.1790878875019497,0.19248957256034346,0.4303530830523049,0.05232945752487472,0.0026388888888888573,0.015462223649511584,0.31280848970986697,0.09935927126988144,0.11984091896506478,0.0,0.9999999987499999,0.6123515794989872,0.30074372125673265,0.296748508716408,0.40416442989317497,happy,03,21,21,male,strong,2474
60,2.0020000000000002,True,1.0,0.4265796360356627,0.43609735079561646,0.43133849341563957,0.6127390518863095,-0.060972222222222205,-0.059537037037037055,0.3717522896864328,0.16850323926873564,0.1895897720976208,0.7039513673688161,0.009517714759953777,0.0014351851851851505,0.011588571139532426,0.4499999999999992,0.10185948617133962,0.11592934184129565,0.0,0.9999999987499999,0.6226548997255151,0.29235218365364496,0.2745151056282617,0.37269024765283554,happy,03,21,21,male,strong,2474
70,2.3356666666666666,True,1.0,0.46067076121379885,0.40159103910905863,0.43113090016142874,0.9664314514766897,-0.06263888888888897,-0.05995370370370373,0.3678239922165793,0.18704355089315447,0.1958348916715481,0.4461060321481348,0.05907972210474022,0.002685185185185235,0.004281818837354469,0.29981695960692917,0.10337823992629878,0.11704471771747771,0.0,0.9999999987499999,0.6171937725558975,0.2990413412747774,0.2941279824472098,0.39529600922147534,happy,03,21,21,male,strong,2474
80,2.6693333333333333,True,1.0,0.46954160813097534,0.4616285880615506,0.465585098096263,1.100256377912941,-0.062268518518518556,-0.05949074074074073,0.37648016454181776,0.2979770089535237,0.18889050451846834,0.42316055370605893,0.007913020069424737,0.0027777777777778234,0.004267428080281283,0.28260978869202297,0.08611209745921934,0.11928012777631113,0.0,0.9999999987499999,0.6668837092727715,0.317425286636729,0.27451461078409783,0.42656895849292215,happy,03,21,21,male,strong,2474
90,3.003,True,1.0,0.4614845699971216,0.4287512662278165,0.44511791811246904,0.9232841296682193,-0.06328703703703698,-0.05921296296296302,0.412130935539217,0.19286387884825346,0.18823498003510292,0.4821028584910492,0.03273330376930511,0.004074074074073952,0.005677252873657594,0.3370380996876424,0.10182860573210557,0.11726352313439006,0.0,0.9999999987499999,0.6104820133444002,0.2988196907094405,0.2957021776201857,0.40107150220041843,happy,03,21,21,male,strong,2474
100,3.336666666666667,True,1.0,0.44458974010540037,0.40360744982740077,0.42409859496640057,0.9092771663995283,-0.06842592592592595,-0.0631944444444445,0.41713728557596913,0.1764206955046644,0.1930654350942442,0.4664128943715886,0.0409822902779996,0.005231481481481448,0.004485601595903557,0.3361405606616836,0.10785962188084434,0.11641740120290968,0.0,0.9999999987499999,0.6003236024878702,0.3003401831804406,0.30637207138967826,0.38632738520255067,happy,03,21,21,male,strong,2474
110,3.6703333333333332,True,1.0,0.44440390389228684,0.4513005499033683,0.44785222689782755,0.9289559886002379,-0.065,-0.06115740740740738,0.42010393709982763,0.17502069350439312,0.1966038521108732,0.4821027394125062,0.006896646011081475,0.0038425925925926196,0.009732838218097457,0.32608695652173914,0.10449245491098665,0.11912946027688107,0.0,0.9999999987499999,0.6093107611403936,0.296261016156417,0.3022513899750805,0.3963183209324204,happy,03,21,21,male,strong,2474
0,0.0,True,1.0,0.509185502606283,0.5168201900999603,0.5130028463531217,1.0047108727771588,-0.06513888888888891,-0.06578703703703698,0.36250190431557205,0.36324162323481884,0.18556514895392773,0.5105974865536305,0.007634687493677239,0.0006481481481480644,0.017560878787867294,0.30444348539395044,0.10696370890450059,0.1147776768343281,0.0,0.9999999987499999,0.6181264936755952,0.29456452932074695,0.27925695401667233,0.3833838249806311,happy,03,21,21,male,strong,2475
10,0.33366666666666667,True,1.0,0.48501887951061085,0.47537684637286987,0.4801978629417404,0.9828322897753135,-0.0666666666666666,-0.06486111111111109,0.38187596296665816,0.2786743525725956,0.18827388599143433,0.4885857617188371,0.00964203313774098,0.0018055555555555047,0.009792607740146456,0.31202132005424277,0.10644735936110811,0.11608027198842702,0.0,0.9999999987499999,0.6134669738129628,0.2953849116864151,0.2861503540670411,0.38650258903501084,happy,03,21,21,male,strong,2475
20,0.6673333333333333,True,1.0,0.4763348250187804,0.4266330059536388,0.4514839154862096,1.0369706654250692,-0.08384259259259264,-0.08356481481481476,0.4201779214037255,0.23566886297977707,0.20835676951512216,0.4353873552451359,0.049701819065141595,0.0002777777777778767,0.008784003823241097,0.28519083446586607,0.08912937341998184,0.11914003660833618,0.0,0.9999999987499999,0.6668421327124601,0.31570542695257015,0.28778297240499845,0.4420918938450893,happy,03,21,21,male,strong,2475
30,1.0010000000000001,True,1.0,0.41834687821550687,0.4020539862036636,0.41020043220958524,1.2142010210566285,-0.06967592592592592,-0.07731481481481484,0.4005440272326387,0.26016260162601523,0.20558561729579652,0.33783568379197904,0.016292892011843252,0.007638888888888917,0.012780823173945683,0.2477456392420971,0.09892653205566407,0.11714809813956228,0.0,0.9999999987499999,0.6196413236622774,0.3007905001685938,0.3103159195889439,0.41236390086960506,happy,03,21,21,male,strong,2475
40,1.3346666666666667,True,1.0,0.43528430052774847,0.4267870795436271,0.43103569003568776,1.1691580560240857,-0.07370370370370372,-0.07050925925925933,0.3604298256951304,0.3122722639688154,0.1986207143126208,0.3686718727333544,0.008497220984121368,0.0031944444444443887,0.0023173968023566163,0.23923392579469085,0.10488914968232319,0.11749015336692986,0.0,0.9999999987499999,0.6045550956554496,0.3036993426558764,0.29986592652987143,0.38788705396869544,happy,03,21,21,male,strong,2475
50,1.6683333333333334,True,1.0,0.41905153401447853,0.4015910391090581,0.4103212865617683,1.019978783475153,-0.06435185185185188,-0.061342592592592615,0.4132593566235135,0.22736859074240146,0.1917685417661383,0.4022841388560744,0.017460494905420454,0.003009259259259267,0.005139767173438853,0.2966834118260997,0.10250010628879727,0.11813747306373702,0.0,0.9999999987499999,0.6122786027770484,0.29910449205875606,0.3029775461232617,0.40772900236204823,happy,03,21,21,male,strong,2475
60,2.0020000000000002,True,1.0,0.44247752072532154,0.4201791640785452,0.4313283424019334,1.2289011812214794,-0.07407407407407407,-0.07078703703703704,0.34417467967428966,0.4586736872360167,0.186846392460444,0.3509870028550302,0.02229835664677632,0.0032870370370370328,0.004360163462898509,0.21163278801947913,0.10775444589115916,0.11700427585425621,0.0,0.9999999987499999,0.6043185637379952,0.2963936980027483,0.29142411814227315,0.3765417131090968,happy,03,21,21,male,strong,2475
70,2.3356666666666666,True,1.0,0.41740018692091374,0.4287512662278165,0.4230757265743651,0.988306671399328,-0.06398148148148147,-0.05912037037037038,0.3895649441760016,0.2398015027274867,0.19028780153576588,0.4280814233251494,0.011351079306902767,0.004861111111111094,0.000632366358290486,0.31570042473512766,0.0900262158746881,0.11765693454759522,0.0,0.9999999987499999,0.668620732167867,0.3143335386318206,0.2801844786660424,0.4262480494066618,happy,03,21,21,male,strong,2475
80,2.6693333333333333,True,1.0,0.44267677808399547,0.4112998013634258,0.4269882897237106,1.1961316973464926,-0.06481481481481483,-0.059166666666666645,0.32573105943404745,0.4507013156621802,0.18680718920315206,0.35697431200171736,0.03137697672056966,0.00564814814814818,0.01759409183689349,0.248391635078704,0.10914943878505334,0.1153742315065058,0.0,0.9999999987499999,0.5978241312540642,0.2980643522980621,0.29892082190420033,0.3768184518848994,happy,03,21,21,male,strong,2475
90,3.003,True,1.0,0.3675983539953845,0.379054305715838,0.3733263298556112,0.9581223547399611,-0.06532407407407403,-0.06004629629629632,0.41355200289848526,0.21198462800454862,0.19097382022690002,0.3896436900868822,0.011455951720453494,0.005277777777777715,0.009763016122155029,0.3319722029121982,0.08985599516908364,0.11778698537672092,0.0,0.9999999987499999,0.6660717803605817,0.31546195089181306,0.28876032064532986,0.4451810959232895,happy,03,21,21,male,strong,2475
100,3.336666666666667,True,1.0,0.4342734817926764,0.41193975539439737,0.4231066185935369,0.9894779531187679,-0.06587962962962957,-0.060694444444444495,0.41764436156503987,0.24391570327323614,0.18958695516515206,0.4276059080042494,0.02233372639827902,0.0051851851851850705,0.00866031454481846,0.3108637875927522,0.10753498204401049,0.11622661110706602,0.0,0.9999999987499999,0.5982359568671218,0.3029063958474239,0.3080725939044276,0.38458172166052124,happy,03,21,21,male,strong,2475
110,3.6703333333333332,True,1.0,0.42294558970003016,0.3950645866744912,0.40900508818726067,0.9363939856927419,-0.06462962962962965,-0.05874999999999997,0.42260914183402415,0.19386720322543724,0.19097861416070602,0.4367873933798066,0.027881003025538975,0.005879629629629679,0.02208662003629995,0.33206855291309095,0.09040255739075469,0.11849885671221859,0.0,0.9999999987499999,0.6635737134932098,0.31463394054936744,0.2855584499161269,0.4319554727958061,happy,03,21,21,male,strong,2475
0,0.0,True,1.0,0.4856478270857961,0.4829256011675979,0.484286714126697,0.9022640137454919,-0.06319444444444444,-0.05967592592592591,0.390431624941873,0.23275612858149666,0.18545780939836506,0.5367461261325481,0.0027222259181982067,0.003518518518518532,0.00010307909653076635,0.33710701687829087,0.09043506256426519,0.1162008847553183,0.0,0.9999999987499999,0.6674920937046693,0.31325458438391496,0.2742816322597552,0.42373134664827466,happy,03,21,21,male,strong,2476
10,0.33366666666666667,True,1.0,0.5001365086895471,0.46739426630071995,0.48376538749513354,0.938423464316857,-0.06560185185185191,-0.0633333333333333,0.39688477834492225,0.19903061090852386,0.1972469785909827,0.5155086225889499,0.032742242388827114,0.002268518518518614,0.005163554835452437,0.33371636322514464,0.10452054626366383,0.11862396471879465,0.0,0.9999999987499999,0.6074428411599014,0.29687719153487535,0.2890541298826919,0.3875298758907363,happy,03,21,21,male,strong,2476
20,0.6673333333333333,True,1.0,0.444203785472501,0.44816863542983065,0.4461862104511658,0.9509359898132049,-0.0708333333333333,-0.06847222222222216,0.4088731601262749,0.2067183462532305,0.20419693287833285,0.46920740747104484,0.0039648499573296525,0.002361111111111147,0.0145563655670041,0.3273617888966562,0.10472255459378943,0.11796213084679491,0.0,0.9999999987499999,0.6122213330879226,0.29724748929289324,0.2980010578230292,0.3949698691443532,happy,03,21,21,male,strong,2476
30,1.0010000000000001,True,1.0,0.45220719592663566,0.4263121622348265,0.43925967908073105,1.1958379821072436,-0.07273148148148145,-0.06949074074074085,0.35035860423808274,0.3312698706510136,0.2055588959660192,0.36732373921314193,0.025895033691809177,0.0032407407407405997,0.0035470214206404734,0.2522891062009588,0.10331340308122532,0.11775093617378188,0.0,0.9999999987499999,0.6146320597848515,0.29654426953716573,0.29167778249177523,0.39912295390260694,happy,03,21,21,male,strong,2476
40,1.3346666666666667,True,1.0,0.4438240077696966,0.4342734817926775,0.43904874478118705,0.9556540786120472,-0.06592592592592594,-0.06199074074074068,0.3755396181837404,0.2123337214947533,0.19583956661179183,0.45942224765978446,0.009550525977019109,0.003935185185185264,0.00915021798012396,0.3140582888682814,0.08934346507797557,0.11881933693527333,0.0,0.9999999987499999,0.663486305436237,0.31521726885316065,0.27722853757907673,0.4304024057847344,happy,03,21,21,male,strong,2476
50,1.6683333333333334,True,1.0,0.41905153401447853,0.3952888422887719,0.4071701881516252,1.116386730381065,-0.06481481481481477,-0.06129629629629624,0.40951728764649237,0.2618432385874247,0.19306543509424423,0.36472145097303565,0.02376269172570661,0.003518518518518532,0.0032070274962916452,0.28576328411324353,0.08901224433396136,0.1182649153507478,0.0,0.9999999987499999,0.6703773750359519,0.3136063459313979,0.28889973184342743,0.4494991766976408,happy,03,21,21,male,strong,2476
60,2.0020000000000002,True,1.0,0.4363636363636374,0.4358339208922559,0.43609877862794666,1.1795541475887978,-0.06671296296296292,-0.06407407407407412,0.3658953734801563,0.3216880022403128,0.19861725721356668,0.36971492959386737,0.0005297154713814756,0.002638888888888802,0.010498048568522865,0.25600460375462597,0.10140280914658986,0.11843896672110486,0.0,0.9999999987499999,0.608015967465111,0.2964870708974478,0.2789392412620356,0.3771783879031747,happy,03,21,21,male,strong,2476
70,2.3356666666666666,True,1.0,0.47710776958157436,0.49552114141286996,0.4863144554972222,1.2356301709715414,-0.06490740740740736,-0.060324074074073974,0.3022089538302117,0.5070901580840483,0.18822038822814363,0.39357606096235637,0.0184133718312956,0.004583333333333384,0.002977313857292972,0.23551477359110748,0.08851179872464754,0.11880040100245699,0.0,0.9999999987499999,0.6692002106858368,0.3130776472986733,0.2644339874931188,0.4075392268687688,happy,03,21,21,male,strong,2476
80,2.6693333333333333,True,1.0,0.44420378547249917,0.4110496902318009,0.42762673785215,0.977106194784889,-0.058981481481481524,-0.05652777777777773,0.40755788941435134,0.17888431356101406,0.19446955443027233,0.4376461229439779,0.03315409524069829,0.002453703703703791,0.00030402317179604847,0.32600215499341256,0.10543550708359606,0.11797307909266438,0.0,0.9999999987499999,0.6034634966095814,0.29991027375277873,0.3046474705989352,0.4019169220054232,happy,03,21,21,male,strong,2476
90,3.003,True,1.0,0.458872944594691,0.42690645332518706,0.442889698959939,0.9025648394002015,-0.06171296296296297,-0.05782407407407403,0.40649947283048177,0.12495180258158937,0.2000137324387066,0.4907012544985254,0.03196649126950396,0.0038888888888889417,0.0007490196777783461,0.3388489352747761,0.10536995359452592,0.11819293706123948,0.0,0.9999999987499999,0.6088407776469964,0.30057721719962804,0.3016607214786913,0.39289086537159945,happy,03,21,21,male,strong,2476
100,3.336666666666667,True,1.0,0.43601748540981716,0.45155401126980405,0.4437857483398106,0.9239282029677486,-0.06115740740740744,-0.05731481481481471,0.4070316970620792,0.18895786561735903,0.19032628786065,0.4803249288357331,0.015536525859986883,0.0038425925925927307,0.0038443307034805346,0.3422035327824356,0.10462549711502908,0.11885244147702034,0.0,0.9999999987499999,0.6069783121451706,0.29757027699923017,0.2934773177128865,0.39288536662034046,happy,03,21,21,male,strong,2476
0,0.0,True,1.0,0.5433630209123738,0.5353091542103701,0.539336087561372,1.1562870886220025,-0.06365740740740738,-0.06217592592592586,0.32974407136548833,0.42280649762585215,0.18763178962148844,0.4664378707230245,0.008053866702003698,0.001481481481481528,0.008332541134226271,0.26906150850056126,0.10367229659038503,0.11629389284503419,0.0,0.9999999987499999,0.607478323407488,0.29811775398256973,0.2778073832388778,0.3753428251275502,happy,03,21,21,male,strong,2477
10,0.33366666666666667,True,1.0,0.48476570611395664,0.46027432667754387,0.47252001639575025,0.9681731747392285,-0.0635648148148148,-0.06189814814814815,0.3565899769972602,0.32535584084783803,0.18620332423026978,0.4880532003203049,0.024491379436412775,0.0016666666666666496,0.002697399203854697,0.3152208738120566,0.1063207837228533,0.1165236830137866,0.0,0.9999999987499999,0.6074697217246275,0.2943749921587855,0.2789205366964271,0.38092157157712975,happy,03,21,21,male,strong,2477
20,0.6673333333333333,True,1.0,0.44444444444444486,0.4481686354298312,0.44630653993713804,1.0995731258552008,-0.07782407407407405,-0.07652777777777775,0.4029277707006838,0.2748861336531546,0.20286241504005734,0.40589073108713886,0.003724190985386344,0.0012962962962962954,0.017254709052414163,0.2743310592817378,0.10402299591340566,0.11906051368110127,0.0,0.9999999987499999,0.6152394483730992,0.29725487708831144,0.2944727623707843,0.3957951975893566,happy,03,21,21,male,strong,2477
30,1.0010000000000001,True,1.0,0.4856478270857948,0.4848206575838687,0.48523424233483176,1.3082101168775289,-0.07671296296296304,-0.0775925925925926,0.3406968819367095,0.3689727463312369,0.2139117164045099,0.3709146077336582,0.0008271695019260727,0.0008796296296295636,0.014357635861066054,0.2321833250985202,0.09920609838935202,0.12060131209050003,0.0,0.9999999987499999,0.6100806012561274,0.30036821770905137,0.29046456969236784,0.39955462936622554,happy,03,21,21,male,strong,2477
40,1.3346666666666667,True,1.0,0.48609977945679556,0.4733099268877445,0.47970485317227,1.1475830823390474,-0.06518518518518518,-0.06504629629629627,0.3311791994228763,0.365126811057921,0.1903102528378069,0.41801317965973966,0.012789852569051074,0.0001388888888889106,0.015517164030997684,0.26419495048030045,0.10101006873403096,0.11683337359175486,0.0,0.9999999987499999,0.6244828167751476,0.2958542092468985,0.2888809433365492,0.39932030432029686,happy,03,21,21,male,strong,2477
50,1.6683333333333334,True,1.0,0.48646584336710114,0.4742569948274936,0.48036141909729735,1.0264331864939022,-0.06305555555555553,-0.06337962962962962,0.4099100443016526,0.1968268285820564,0.1931329975882596,0.46799092762980443,0.01220884853960752,0.0003240740740740877,0.022260608350087138,0.30848681163331476,0.10305700192239724,0.11765198122315813,0.0,0.9999999987499999,0.6137915175288866,0.3014991486597348,0.30425026070106415,0.4071878932245565,happy,03,21,21,male,strong,2477
60,2.0020000000000002,True,1.0,0.5103478318866663,0.5176444678901879,0.5139961498884271,1.2257741247693694,-0.06305555555555564,-0.05990740740740741,0.36248852153416805,0.32215858407400116,0.1923805444283331,0.41932370695550125,0.007296636003521595,0.003148148148148233,0.005311084580383578,0.24552725571809839,0.09984483521850555,0.12164939289254922,0.0,0.9999999987499999,0.611927054923532,0.3001122688663561,0.2712443467597052,0.3717436530869119,happy,03,21,21,male,strong,2477
70,2.3356666666666666,True,1.0,0.5100117536906483,0.500076626616219,0.5050441901534337,1.0119444862865017,-0.06166666666666665,-0.059537037037037055,0.31920231753041084,0.31066958367754616,0.19321356755444016,0.4990829012832287,0.00993512707442934,0.0021296296296295925,0.01241772472223602,0.2861702764143333,0.10474061426091548,0.11729819132566832,0.0,0.9999999987499999,0.6130391435558599,0.3007524087157574,0.2838697850770337,0.37461679629800787,happy,03,21,21,male,strong,2477
80,2.6693333333333333,True,1.0,0.47746706193913335,0.4571639779536212,0.46731551994637727,1.1070284199068658,-0.060462962962962996,-0.05856481481481485,0.39185768280430466,0.2330522315651558,0.18897974658960054,0.42213507037668685,0.02030308398551217,0.0018981481481481488,0.020645986893573928,0.28864341003044874,0.10337565802844251,0.11818090960735822,0.0,0.9999999987499999,0.6107053366581007,0.30027381502962963,0.30028505211267303,0.401652106839947,happy,03,21,21,male,strong,2477
90,3.003,True,1.0,0.41826135439228657,0.45277954677039617,0.43552045058134137,0.9193667760059243,-0.063888888888889,-0.05805555555555547,0.415212481622768,0.18518681588406372,0.19027938161454036,0.47371784792290006,0.0345181923781096,0.0058333333333335236,0.00469682980018246,0.3370380996876424,0.1034241654210545,0.11716685704838921,0.0,0.9999999987499999,0.6115394994169543,0.29738805824110004,0.29891473922034784,0.3984938067526576,happy,03,21,21,male,strong,2477
100,3.336666666666667,True,1.0,0.477366255144032,0.4096518500060633,0.4435090525750477,0.9159290916932287,-0.06124999999999997,-0.05810185185185179,0.41321497481929714,0.15037111869374117,0.1959458913701307,0.4842176720854629,0.06771440513796873,0.0031481481481481777,0.015277494778010521,0.34420428753967264,0.1053715683781419,0.11851345056337277,0.0,0.9999999987499999,0.6114699085649885,0.29727120619062086,0.30210730727393026,0.40004495989442285,happy,03,21,21,male,strong,2477
110,3.6703333333333332,True,1.0,0.44348414743127895,0.4354890887399188,0.43948661808559886,0.9371624201739339,-0.06263888888888886,-0.05837962962962967,0.4161069696602427,0.17224893238060754,0.19378937351945408,0.46895458954066016,0.007995058691360135,0.004259259259259185,0.002587471053377673,0.33116367116062967,0.10620093556433065,0.11760893981515731,0.0,0.9999999987499999,0.6087153775260103,0.2981246446637844,0.3063195102509349,0.40258827153751736,happy,03,21,21,male,strong,2477
0,0.0,True,1.0,0.5010785545286613,0.48358494568413796,0.4923317501063996,0.8189825552713075,-0.06342592592592589,-0.061620370370370325,0.3398413133468737,0.3760386416735458,0.17570530016452998,0.6011504725437076,0.01749360884452339,0.0018055555555555602,0.0021277914586839593,0.346775217258769,0.10558369830859032,0.11456132526112506,0.0,0.9999999987499999,0.6162060752113346,0.2927145071920378,0.2732264616623223,0.3726942719394404,sad,04,21,21,male,normal,2478
10,0.33366666666666667,True,1.0,0.5267889898483242,0.5010785545286599,0.513933772188492,0.843757046010284,-0.06347222222222221,-0.06101851851851853,0.3355910113311637,0.3795945979796795,0.17710444305856654,0.6091016064619957,0.025710435319664326,0.00245370370370368,0.0006869324518820278,0.34923461714295095,0.10716589217464426,0.11375456886990438,0.0,0.9999999987499999,0.6123956401935774,0.2912348261941891,0.27491877857337166,0.3671670702725647,sad,04,21,21,male,normal,2478
20,0.6673333333333333,True,1.0,0.3242993317333064,0.32339002876584394,0.32384468024957513,1.13508721557843,-0.06634259259259262,-0.06398148148148158,0.32027492964091414,0.5142569504447719,0.16878661712096912,0.2853037861804715,0.0009093029674624442,0.002361111111111036,0.003223520096480913,0.27286644510342584,0.10723099965934679,0.11650712512178085,0.0,0.9999999987499999,0.6068649921296645,0.29978401255221054,0.27922741391718536,0.3545671146420993,sad,04,21,21,male,normal,2478
30,1.0010000000000001,True,1.0,0.3248667436975155,0.3090662518435427,0.3169664977705291,1.0630850154798923,-0.051296296296296284,-0.049027777777777726,0.34910293394267305,0.44969938723910413,0.1666831453442138,0.29815724345192257,0.01580049185397281,0.0022685185185185586,0.014710363331030004,0.29579094351841856,0.10501193102440229,0.11705535573583056,0.0,0.9999999987499999,0.6191448984359369,0.29562300291501103,0.2847969853004864,0.3913772755296592,sad,04,21,21,male,normal,2478
40,1.3346666666666667,True,1.0,0.42630979572222094,0.40413091919441585,0.4152203574583184,0.9310472160688137,-0.05587962962962961,-0.05097222222222214,0.3540626087917495,0.36893088020879067,0.16320192432621883,0.445971321638783,0.02217887652780509,0.004907407407407471,0.03087444666778397,0.3082233333575601,0.10832659613955607,0.11631107341442587,0.0,0.9999999987499999,0.59674643351872,0.29983570971450524,0.28672120568760295,0.3678371302201847,sad,04,21,21,male,normal,2478
50,1.6683333333333334,True,1.0,0.4185673697738943,0.3760943340430339,0.39733085190846407,1.3183324034008759,-0.052453703703703725,-0.05180555555555555,0.32209902886384034,0.5185294952340342,0.17084941013020882,0.30138897510482,0.04247303573086042,0.0006481481481481755,0.0017059129606151755,0.24036332490748227,0.10498082928463161,0.11643054434586483,0.0,0.9999999987499999,0.6114048513780511,0.29862085502330044,0.2832601990856879,0.38573313411281973,sad,04,21,21,male,normal,2478
60,2.0020000000000002,True,1.0,0.4119397553943979,0.37884905437190736,0.39539440488315264,0.9542831008024136,-0.05319444444444438,-0.052499999999999936,0.36436914950553534,0.3831310630732166,0.1715437894924944,0.4143365889542457,0.033090701022490565,0.000694444444444442,0.0,0.3172370638278809,0.10476923128849856,0.1172726316717489,0.0,0.9999999987499999,0.6174742314269457,0.2938862849368997,0.28457128420738,0.3870167665941803,sad,04,21,21,male,normal,2478
70,2.3356666666666666,True,1.0,0.4281520302575374,0.37042490884455725,0.39928846955104735,0.6525958001134856,-0.053379629629629555,-0.05111111111111116,0.37222471804041934,0.21976073134714802,0.17504359111107873,0.6118465204367107,0.05772712141298014,0.002268518518518392,0.011812475994495643,0.4154874036262165,0.1034786033850716,0.11711878169088166,0.0,0.9999999987499999,0.6140258265415541,0.2923664939170159,0.28067669358319114,0.37584588594140855,sad,04,21,21,male,normal,2478
80,2.6693333333333333,True,1.0,0.42795191183775094,0.4270588086375274,0.4275053602376392,1.1385736543948983,-0.05476851851851844,-0.051203703703703696,0.3528726362302898,0.38467685739684454,0.17361155056367997,0.37547448826649643,0.0008931032002235662,0.003564814814814743,0.010419493187589767,0.2803488371265685,0.1057410510867568,0.11541086774764484,0.0,0.9999999987499999,0.6039131408188276,0.29785938791186356,0.2957828625634204,0.3960986958429637,sad,04,21,21,male,normal,2478
90,3.003,True,1.0,0.39152508565100447,0.41211035265673296,0.4018177191538687,0.937405401843661,-0.05810185185185179,-0.050694444444444486,0.33780966901663917,0.3592448808932119,0.17083735267438846,0.42864881977806574,0.02058526700572849,0.007407407407407307,0.044703273753801724,0.3041193341440953,0.10854386839118209,0.11676284363971742,0.0,0.9999999987499999,0.5946220946581757,0.2970549849434356,0.28798899037614945,0.3650447888594029,sad,04,21,21,male,normal,2478
100,3.336666666666667,True,1.0,0.42745839706827665,0.4270588086375268,0.42725860285290174,0.9725853053603549,-0.05287037037037029,-0.048703703703703694,0.33047970493753387,0.31552540749449615,0.18125000000000002,0.43930193114998495,0.00039958843074983097,0.004166666666666596,0.01243918914432724,0.32000518931541616,0.10702248752770699,0.11637171804477495,0.0,0.9999999987499999,0.6021272912680697,0.29577775978040477,0.28237910257496357,0.3705854290544524,sad,04,21,21,male,normal,2478
110,3.6703333333333332,True,1.0,0.44161746602874,0.45075771461243525,0.44618759032058763,0.737434468767088,-0.05513888888888879,-0.049351851851852035,0.3340064433908853,0.2427010615180512,0.17986280783332048,0.6050538850815664,0.00914024858369522,0.005787037037036757,0.03221289274942111,0.40160441104643707,0.11012610939591246,0.11360692573293826,0.0,0.9999999987499999,0.6070440652354692,0.2922889474594837,0.29155101377805764,0.3777873270684404,sad,04,21,21,male,normal,2478
120,4.0040000000000004,True,1.0,0.4337212774822293,0.4263097957222203,0.4300155366022248,0.7666614067748313,-0.057916666666666616,-0.05162037037037037,0.3499479135882606,0.22336431626081474,0.1784876109678226,0.5608936784899627,0.007411481760008998,0.006296296296296244,0.02866694438696524,0.3682140787576863,0.10875256816260692,0.11459042092569081,0.0,0.9999999987499999,0.6017019346488595,0.29168990773116554,0.2857380827282605,0.37359076410242786,sad,04,21,21,male,normal,2478
0,0.0,True,1.0,0.501340247462053,0.5013402474620529,0.501340247462053,0.8191444074925237,-0.0622685185185185,-0.06004629629629632,0.33768903753877283,0.3593258131547211,0.17573786330129448,0.6120291402546488,1.1102230246251565e-16,0.002222222222222181,0.0010329644615897054,0.35810604960313897,0.10651879540951366,0.11634270058156657,0.0,0.9999999987499999,0.6074231388727366,0.2911330777659721,0.2689253957360404,0.3664041742101154,sad,04,21,21,male,normal,2479
10,0.33366666666666667,True,1.0,0.5011698527999251,0.5010101010101006,0.5010899769050128,0.8367467017826169,-0.06282407407407414,-0.061990740740740735,0.3403691361076811,0.3681452528296462,0.17437951155754075,0.5988550368199643,0.00015975178982452487,0.0008333333333334081,0.005387935527571209,0.3510142000144513,0.10933095913398276,0.1147050252389806,0.0,0.9999999987499999,0.6038374392256902,0.2972346533733391,0.27802892381039584,0.35180154895298177,sad,04,21,21,male,normal,2479
20,0.6673333333333333,True,1.0,0.17994944425299714,0.19947042678121715,0.18970993551710713,1.1426937286780652,-0.06763888888888892,-0.06425925925925924,0.3241689617199138,0.518529495234036,0.1646208772612142,0.16601993233705295,0.019520982528220016,0.003379629629629677,0.0027531395876661344,0.2785855121334584,0.10763938430464594,0.1158013494897161,0.0,0.9999999987499999,0.607297431597639,0.2986049348233525,0.28443786311772373,0.3665610279051804,sad,04,21,21,male,normal,2479
30,1.0010000000000001,True,1.0,0.4194762869995582,0.3823183179973312,0.4008973024984447,0.987200947220926,-0.052962962962962934,-0.051157407407407374,0.3575122453036068,0.3898469727798741,0.1666890955774204,0.4060949329789569,0.03715796900222701,0.0018055555555555602,0.00867498127154316,0.32099449923544904,0.10679586295853569,0.11755618630022624,0.0,0.9999999987499999,0.5988183844787915,0.3027225340071869,0.28940589731421307,0.3739250595431445,sad,04,21,21,male,normal,2479
40,1.3346666666666667,True,1.0,0.4445897401054016,0.44229248412044475,0.44344111211292314,0.9943078289791597,-0.055833333333333235,-0.052685185185185224,0.33989766462885695,0.38754108169236723,0.1715495711333122,0.4459797048648377,0.0022972559849568364,0.003148148148148011,0.018811344636045477,0.29983842372203806,0.10980181602468106,0.11541572800352307,0.0,0.9999999987499999,0.5986459262533138,0.2990796269123501,0.2854369515880932,0.3648178985622434,sad,04,21,21,male,normal,2479
50,1.6683333333333334,True,1.0,0.36876534993274024,0.3504314605741447,0.35959840525344244,1.2112773275228226,-0.05412037037037032,-0.05055555555555552,0.3343760074021808,0.4690242543837115,0.17153489427994742,0.29687537039007855,0.018333889358595534,0.0035648148148147984,0.015730897247631548,0.26476130726885805,0.10727187302918591,0.11597771728430288,0.0,0.9999999987499999,0.6059814183798519,0.2987482234778985,0.28348851939097547,0.384194999089743,sad,04,21,21,male,normal,2479
60,2.0020000000000002,True,1.0,0.41905153401447853,0.37884905437190736,0.39895029419319294,0.9797342764734115,-0.054166666666666585,-0.051666666666666805,0.3605986856363931,0.3792363705119816,0.17157225107354987,0.4072025484595974,0.040202479642571176,0.00249999999999978,0.0034657071009621047,0.32119258387606076,0.10402713262934733,0.11581220282438326,0.0,0.9999999987499999,0.615721666408751,0.2942026873227893,0.2822714750348997,0.3862303002356183,sad,04,21,21,male,normal,2479
70,2.3356666666666666,True,1.0,0.268524049397865,0.2724128368401689,0.27046844311901697,0.6847479014713411,-0.054953703703703616,-0.05310185185185179,0.35903245709254306,0.24663788073828816,0.1729171078841008,0.3949898094435225,0.0038887874423039204,0.0018518518518518268,0.0033622877363009896,0.38542583066077857,0.10551872900550249,0.11495312226132288,0.0,0.9999999987499999,0.6138795460293492,0.29329257404814035,0.27768318558804184,0.37063535647966256,sad,04,21,21,male,normal,2479
80,2.6693333333333333,True,1.0,0.40251033560421856,0.3924712421315275,0.39749078886787303,0.6879691671874327,-0.05226851851851849,-0.04847222222222225,0.372237537672438,0.21388451729612484,0.17500043596485879,0.5777741326590284,0.010039093472691052,0.003796296296296242,0.015223000470411868,0.38061230539202107,0.10731022127620857,0.1154482144371708,0.0,0.9999999987499999,0.6103320267013055,0.2926343041330274,0.2918754948558646,0.3807047154204633,sad,04,21,21,male,normal,2479
90,3.003,True,1.0,0.35897435897435886,0.3514113777010255,0.35519286833769215,0.8959152634165208,-0.05263888888888896,-0.0496759259259259,0.38151124077592685,0.3060505884398169,0.17431255865192524,0.3964581058516458,0.00756298127333338,0.002962962962963056,0.007416900226187609,0.35039848900540377,0.10543247236150426,0.11765236683030089,0.0,0.9999999987499999,0.6093315827268407,0.296162707191903,0.28771579256488183,0.3909007655475766,sad,04,21,21,male,normal,2479
100,3.336666666666667,True,1.0,0.4425387694012701,0.41718031020731533,0.4298595398042927,1.050714994186687,-0.05476851851851838,-0.050555555555555576,0.3042758975450595,0.45931721752524923,0.1756944444444445,0.409111454754701,0.025358459193954797,0.004212962962962807,0.025172622410605132,0.2948443038951368,0.10821736807560715,0.11526140222980992,0.0,0.9999999987499999,0.6045655938312826,0.29367588604116207,0.2759360248325124,0.3696907538511121,sad,04,21,21,male,normal,2479
110,3.6703333333333332,True,1.0,0.43892378352526656,0.43025352253689947,0.434588653031083,0.9089193000949225,-0.0566666666666667,-0.04958333333333331,0.35327095439174405,0.3342795449289272,0.1715638020344716,0.4781377763523087,0.008670260988367096,0.007083333333333386,0.033395246961064357,0.33667543160850266,0.10907630685063202,0.11527822265718701,0.0,0.9999999987499999,0.6082957148484394,0.29210032523184004,0.28400631389498154,0.37792751868471913,sad,04,21,21,male,normal,2479
120,4.0040000000000004,True,1.0,0.4115165787290275,0.4112998013634258,0.41140819004622664,0.6968456688663558,-0.055185185185185115,-0.0508333333333334,0.36645006291325527,0.21664415590701835,0.18124999999999997,0.5903863773961812,0.0002167773656017169,0.004351851851851718,0.013069405801679784,0.4052326728968106,0.10750299967797854,0.11658349131580621,0.0,0.9999999987499999,0.6074595604413642,0.2947711440073363,0.28032742392438614,0.3726000399713172,sad,04,21,21,male,normal,2479
130,4.337666666666666,True,1.0,0.4186315762162849,0.40319876529760096,0.41091517075694295,0.6879691671874327,-0.054768518518518494,-0.0509722222222222,0.36987578771249474,0.21388451729612484,0.17777949438325966,0.5972871901176231,0.015432810918683926,0.0037962962962962976,0.014567953853384967,0.4175589862674584,0.10900319210942574,0.11551241228719171,0.0,0.9999999987499999,0.606914207604917,0.2913877771953269,0.2841895252231397,0.3764736485883553,sad,04,21,21,male,normal,2479
0,0.0,True,1.0,0.5101743757422172,0.4762852377905769,0.49322980676639705,0.7494143781625778,-0.06629629629629635,-0.06523148148148156,0.34845714416825985,0.33395317965290744,0.17502136100099508,0.658153647886638,0.033889137951640336,0.0010648148148147962,0.01106447700739205,0.35525871387786084,0.10948249391708653,0.11472658328842573,0.0,0.9999999987499999,0.6025133414225066,0.29769653402864904,0.2795226177423748,0.35691688017545287,sad,04,21,21,male,normal,2480
10,0.33366666666666667,True,1.0,0.4838385183571209,0.4765266715611064,0.48018259495911364,0.7819928420154381,-0.06777777777777777,-0.06685185185185188,0.3485694808358951,0.33395317965290794,0.17711090471635124,0.6140498597423657,0.007311846796014487,0.0009259259259258856,0.006089375583507879,0.35153836260491267,0.10898635781969124,0.11536326600970806,0.0,0.9999999987499999,0.6021060713894932,0.2978028935003441,0.2760642324320498,0.35360892180561715,sad,04,21,21,male,normal,2480
20,0.6673333333333333,True,1.0,0.5169017604219465,0.476105013157668,0.4965033867898072,1.126338182625223,-0.06597222222222221,-0.06472222222222224,0.3214535215611459,0.5015724719502948,0.17362209709164386,0.44081199984943903,0.040796747264278455,0.0012499999999999734,0.011722866236056319,0.2553612905921926,0.10758034632296384,0.11683870235256917,0.0,0.9999999987499999,0.6017946917360695,0.30072002845111234,0.28064250465996926,0.36106587685213754,sad,04,21,21,male,normal,2480
30,1.0010000000000001,True,1.0,0.4438694767934235,0.43656022271480593,0.44021484975411473,1.079777448067157,-0.0643981481481482,-0.06078703703703703,0.336527509122551,0.3458528559370412,0.1840277777777778,0.4076903537317956,0.007309254078617544,0.003611111111111176,0.005005507172654775,0.2742366049616164,0.10497139311935985,0.11709171017094461,0.0,0.9999999987499999,0.6089554542441977,0.29652960192626293,0.2740913079631898,0.37429793919204224,sad,04,21,21,male,normal,2480
40,1.3346666666666667,True,1.0,0.4732972860122151,0.4763348250187804,0.47481605551549777,0.8727175832937277,-0.0637962962962963,-0.057083333333333264,0.3641003410614242,0.2881776766314309,0.18140189284711336,0.5440661040923367,0.003037539006565282,0.006712962962963032,0.02594471293818261,0.3257144288768575,0.10592665326006834,0.11671896990702947,0.0,0.9999999987499999,0.613322938573867,0.29456833449733355,0.2736268323374157,0.3712311034735609,sad,04,21,21,male,normal,2480
50,1.6683333333333334,True,1.0,0.5199663144113734,0.44315665669472765,0.48156148555305056,0.9005794926411318,-0.05972222222222223,-0.057638888888888906,0.37259677566155974,0.24418056150079695,0.1855092249813157,0.5347240187990223,0.07680965771664577,0.002083333333333326,0.0234223178319451,0.34482758620689696,0.10223948787813857,0.1191651844581889,0.0,0.9999999987499999,0.6064231528392607,0.3009014732282364,0.27753246808886095,0.3874978320755124,sad,04,21,21,male,normal,2480
60,2.0020000000000002,True,1.0,0.48628911810933495,0.4364204526303921,0.4613547853698635,0.9355998749092794,-0.06157407407407406,-0.05782407407407403,0.36310146806487625,0.288463951737051,0.18056611902358907,0.4931112089071184,0.049868665478942864,0.003750000000000031,0.0067711963218813525,0.31917140665449795,0.10237286972297913,0.11481440230857883,0.0,0.9999999987499999,0.6204443883881678,0.2945715369053407,0.2773819937966673,0.39083560251716626,sad,04,21,21,male,normal,2480
70,2.3356666666666666,True,1.0,0.4444039038922886,0.4584331694138595,0.4514185366530741,0.7510073337753694,-0.05999999999999989,-0.05601851851851852,0.37249771817817817,0.24521072796934898,0.17999849379004798,0.6010840591712463,0.014029265521570855,0.003981481481481364,0.009357707487494392,0.35642856242064846,0.1051379160285615,0.11596058335536623,0.0,0.9999999987499999,0.6116993228150636,0.2928536426274303,0.2751915039012306,0.37208691593349313,sad,04,21,21,male,normal,2480
80,2.6693333333333333,True,1.0,0.46028055651857247,0.4445897401054004,0.45243514831198645,0.8948017210890367,-0.06101851851851858,-0.05638888888888882,0.3808637635024452,0.2535160137128973,0.18263930661951863,0.5056261489543639,0.01569081641317205,0.004629629629629761,0.0012547766995054006,0.3297992830293307,0.10565077365507568,0.11794198369414684,0.0,0.9999999987499999,0.6148102744066377,0.29412852415298013,0.2821619863126209,0.3904861970870331,sad,04,21,21,male,normal,2480
90,3.003,True,1.0,0.5067369434089244,0.49213981365020704,0.49943837852956574,1.0147886662933896,-0.06319444444444439,-0.05740740740740746,0.33728887708354577,0.33802529822522787,0.18195115352876304,0.4921599886938145,0.014597129758717353,0.005787037037036924,0.017702793641567707,0.29796389831711856,0.10764061600607168,0.11547068670379124,0.0,0.9999999987499999,0.610380546476403,0.29404285530996666,0.27759346472712526,0.375733238918754,sad,04,21,21,male,normal,2480
100,3.336666666666667,True,1.0,0.4668500313094553,0.46885726334899486,0.4678536473292251,0.665850624571877,-0.06083333333333335,-0.056342592592592666,0.3917844827026039,0.20263504060771806,0.186112750854354,0.7026405473901022,0.0020072320395395638,0.004490740740740684,0.012337625948364787,0.41276449312979535,0.10612879580643221,0.11620776485446516,0.0,0.9999999987499999,0.6076960057616797,0.29429261466560747,0.2820349484541829,0.37543881353154707,sad,04,21,21,male,normal,2480
110,3.6703333333333332,True,1.0,0.5015343825425377,0.46879498703276146,0.48516468478764957,0.6192286266978889,-0.059583333333333266,-0.057592592592592584,0.3930891612894946,0.17279320504081447,0.18475567380152816,0.7834984751510093,0.032739395509776226,0.001990740740740682,0.0018630996422978009,0.4211446718911474,0.1044793544742227,0.11556936913492377,0.0,0.9999999987499999,0.6157631801626902,0.2916236893940984,0.2831173177797204,0.3779661952801297,sad,04,21,21,male,normal,2480
120,4.0040000000000004,True,1.0,0.4765080001533768,0.4686246813143796,0.4725663407338782,0.6515495679105656,-0.059768518518518554,-0.056203703703703645,0.3736313752584686,0.17423672131807044,0.18125673478866927,0.725296069567411,0.007883318838997178,0.0035648148148149095,0.005903218026198754,0.3930966852575846,0.10731546248945986,0.1156082577721289,0.0,0.9999999987499999,0.6102754057482369,0.291366957822242,0.2859680215101764,0.3774215609528706,sad,04,21,21,male,normal,2480
0,0.0,True,1.0,0.4920634920634921,0.5009188861271425,0.4964911890953173,0.8039192138352356,-0.06449074074074074,-0.0621296296296297,0.3429223596135693,0.352716823286127,0.176410081713312,0.6175884100676239,0.008855394063650435,0.002361111111111036,0.0003621182258169431,0.36788915584835286,0.10752960095904945,0.11491279663000552,0.0,0.9999999987499999,0.6010757540281738,0.2988761275127013,0.2764210196777226,0.3564890117005806,sad,04,21,21,male,normal,2481
10,0.33366666666666667,True,1.0,0.47619047619047505,0.4602648851154435,0.4682276806529593,0.8040143903375094,-0.062499999999999944,-0.0600925925925927,0.33480258081936015,0.34338114587331153,0.17295240163192802,0.5823623137595915,0.015925591075031553,0.002407407407407247,0.0021342895183294078,0.3521792429772485,0.11017726405287341,0.11571782640935566,0.0,0.9999999987499999,0.6004036242856519,0.29543822853545804,0.2778896892012989,0.3501005416069231,sad,04,21,21,male,normal,2481
20,0.6673333333333333,True,1.0,0.32762406231144126,0.3060865964957089,0.3168553294035751,0.794175903786196,-0.05087962962962961,-0.04874999999999996,0.33621001454787613,0.3209579017620909,0.1625230039306455,0.39897373855462287,0.02153746581573235,0.002129629629629648,0.003966260622981411,0.3715138067513184,0.11110383525275569,0.11482849235015759,0.0,0.9999999987499999,0.5987661053327581,0.29669486735080924,0.28142079920350743,0.35515974393013977,sad,04,21,21,male,normal,2481
30,1.0010000000000001,True,1.0,0.32459882035480553,0.27735465579211116,0.30097673807345837,1.353594317270358,-0.04856481481481484,-0.04550925925925925,0.32287818455389145,0.5361067662589181,0.16877893270488475,0.22235372462290212,0.04724416456269437,0.003055555555555589,0.013412716812115925,0.2486893797423282,0.10513996268476117,0.11775215475168094,0.0,0.9999999987499999,0.6075159918654963,0.2970001556357411,0.2879095385247777,0.39374490842325227,sad,04,21,21,male,normal,2481
40,1.3346666666666667,True,1.0,0.28574108178675844,0.3063852178494148,0.2960631498180866,0.9250966386587437,-0.05624999999999997,-0.05245370370370367,0.3605759181410656,0.3448885972415587,0.16805964133039802,0.32003483468206667,0.02064413606265636,0.0037962962962962976,0.012076267911237013,0.3186431225150966,0.1093882234423013,0.11630029014475042,0.0,0.9999999987499999,0.5987412874681123,0.29882195512329207,0.2899741831943545,0.3612736907269206,sad,04,21,21,male,normal,2481
50,1.6683333333333334,True,1.0,0.3681452528296462,0.33577117044700555,0.35195821163832586,0.9087661152270683,-0.049907407407407345,-0.046805555555555545,0.38124472227016193,0.30540500593696557,0.1771044430585666,0.3872924020174146,0.03237408238264067,0.0031018518518518,0.000737182014121644,0.3507930988097314,0.10754474111536616,0.11638139927975753,0.0,0.9999999987499999,0.6079828198232419,0.2964146746772078,0.2943930336873841,0.39222961970247044,sad,04,21,21,male,normal,2481
60,2.0020000000000002,True,1.0,0.42815203025753856,0.40811546199427756,0.41813374612590803,0.9469302340488445,-0.05421296296296296,-0.048287037037036906,0.35841791504931436,0.29185474748352314,0.16946650571640118,0.44156763728840864,0.020036568263261,0.005925925925926057,0.018026078336127314,0.31104255813844794,0.10980880772929194,0.11639535430218942,0.0,0.9999999987499999,0.5979946745416916,0.2973194571875747,0.29560443796035196,0.3754332753683537,sad,04,21,21,male,normal,2481
70,2.3356666666666666,True,1.0,0.3927539400490988,0.39211023573525233,0.39243208789217554,0.708808843103362,-0.05212962962962969,-0.04796296296296293,0.38525970365066803,0.16215723704212276,0.17645116259097532,0.5536501014490717,0.0006437043138464715,0.004166666666666763,0.02308730169822484,0.3720784954314557,0.10702164247159972,0.11686260942912756,0.0,0.9999999987499999,0.6111302509832058,0.2926147039635545,0.2874521444975726,0.37600131109139845,sad,04,21,21,male,normal,2481
80,2.6693333333333333,True,1.0,0.40271401458785866,0.3840257621043292,0.39336988834609393,0.8772867487249801,-0.0524074074074074,-0.048611111111110994,0.38383822215963953,0.30469536841042427,0.17224392771241934,0.4483937423172125,0.018688252483529455,0.0037962962962964086,0.012806545672829508,0.34682454239409793,0.1065372703686178,0.116652885400255,0.0,0.8727539188984256,0.6126748877441601,0.29479286070230704,0.28894449832580515,0.38334886338022134,sad,04,21,21,male,normal,2481
90,3.003,True,1.0,0.4354878477113699,0.41718031020731533,0.4263340789593426,1.028850337598951,-0.053148148148148056,-0.04824074074074075,0.3187700861040836,0.3190583946224812,0.18055597810614277,0.4143791019734582,0.01830753750405456,0.004907407407407305,0.0245342716055923,0.2987855330023063,0.10588832329069982,0.11675374425670702,0.0,0.9999999987499999,0.6034260985019008,0.2977919239904318,0.27875599892812847,0.3722515182249727,sad,04,21,21,male,normal,2481
100,3.336666666666667,True,1.0,0.42017916407854394,0.40423882417601165,0.4122089941272778,0.6312868226992283,-0.053287037037036966,-0.04972222222222217,0.3566058670276343,0.19719915370508237,0.17709410391571503,0.6529662576588765,0.015940339902532297,0.0035648148148147984,0.001063694796964656,0.43862207074804066,0.10726209324318715,0.11499697960252397,0.0,0.9999999987499999,0.6127191786871,0.29079605242928114,0.2876016357581613,0.3783361465598165,sad,04,21,21,male,normal,2481
110,3.6703333333333332,True,1.0,0.4684422203823891,0.43583301932131374,0.4521376198518514,0.6980610303650189,-0.05388888888888893,-0.05134259259259266,0.35478107350715943,0.23797535126080102,0.17715612972166692,0.6477050002568212,0.032609201061075344,0.0025462962962962687,0.01891173919724457,0.38419553779336096,0.1076353164165798,0.11514517995578374,0.0,0.9999999987499999,0.6112960664734644,0.2912419719508194,0.2864679850736359,0.38031292516528364,sad,04,21,21,male,normal,2481
120,4.0040000000000004,True,1.0,0.4602805565185731,0.42875126622781645,0.4445159113731948,0.6547111375456127,-0.054814814814814705,-0.05356481481481484,0.361385010930025,0.23380443861644454,0.17372357468471153,0.6789496709031104,0.03152929029075663,0.0012499999999998623,0.016296617721491848,0.4158234302272096,0.1079664923581448,0.1154964333880581,0.0,0.9999999987499999,0.6111894520073654,0.29008040718598177,0.2814203073575666,0.37375582218472164,sad,04,21,21,male,normal,2481
0,0.0,True,1.0,0.5078480169908625,0.5243200737910099,0.5160840453909361,0.9977114584896916,-0.06282407407407409,-0.06046296296296294,0.3474856031440759,0.3538955869344097,0.18755858459758648,0.5172678343016829,0.016472056800147405,0.002361111111111147,0.00831527698778413,0.31212415570856966,0.10912321001205658,0.11523382477375081,0.0,0.9999999987499999,0.606968562862645,0.29744311467185536,0.2927237840766196,0.38152158542504605,sad,04,21,21,male,strong,2482
10,0.33366666666666667,True,1.0,0.4755675800683276,0.47628523779057624,0.4759264089294519,0.9535457234496358,-0.062037037037037,-0.0593981481481482,0.35282058333068805,0.3336090842905388,0.1854759093090738,0.49911231021801056,0.0007176577222486324,0.002638888888888802,0.011941322041852805,0.3225202034337303,0.10982647980497684,0.11522703441126006,0.0,0.9999999987499999,0.6068358336928522,0.2947091616768674,0.2868329224048655,0.37014092600819354,sad,04,21,21,male,strong,2482
20,0.6673333333333333,True,1.0,0.4602648851154435,0.4851892741727373,0.4727270796440904,1.11262554852623,-0.06064814814814817,-0.05740740740740746,0.3546947655888245,0.3915729871522661,0.18613734526959475,0.42487526937545056,0.024924389057293772,0.0032407407407407107,7.14056428114707e-17,0.28817950237956935,0.10834536845770394,0.11547154899060465,0.0,0.9999999987499999,0.6023365957476741,0.29841465784533494,0.2882424746796632,0.3760656153560429,sad,04,21,21,male,strong,2482
30,1.0010000000000001,True,1.0,0.41927239696479873,0.4107068840933674,0.41498964052908305,0.9734480844179659,-0.05546296296296305,-0.051944444444444404,0.39871707982056465,0.2751048934224688,0.1902781787382358,0.42630896004814617,0.008565512871431313,0.003518518518518643,0.0038313129852938534,0.3345531889272344,0.10639122530866849,0.11629566193101953,0.0,0.9999999987499999,0.6056683992034314,0.29772041006397115,0.31481245716781037,0.40438141505442815,sad,04,21,21,male,strong,2482
40,1.3346666666666667,True,1.0,0.41171669714881515,0.4025103356042179,0.4071135163765165,0.8890262073837443,-0.05685185185185193,-0.051990740740740726,0.4024151203238705,0.20833333333333376,0.19031025283780695,0.45793196307967526,0.009206361544597252,0.004861111111111205,0.007493287046860759,0.3515081978512589,0.10914776997104216,0.1160344491234543,0.0,0.9999999987499999,0.6022309294733518,0.29607398788914185,0.30551960213908874,0.3907892492054685,sad,04,21,21,male,strong,2482
50,1.6683333333333334,True,1.0,0.41171669714881515,0.41925542404923744,0.41548606059902626,1.2971801202003315,-0.0562962962962964,-0.0503703703703704,0.38440956430022233,0.386115656400719,0.18472263524161478,0.3202994357752416,0.007538726900422288,0.005925925925926001,0.01076883502577319,0.2529777243377269,0.10792464978274639,0.11684729841524558,0.0,0.9999999987499999,0.5974467354754401,0.29620884840320155,0.30578568797130673,0.39619179703391016,sad,04,21,21,male,strong,2482
60,2.0020000000000002,True,1.0,0.42798353909464953,0.3859652219661388,0.40697438053039414,1.0029485446240145,-0.06018518518518512,-0.05393518518518525,0.3915288402052655,0.2793116590569938,0.1884087787601568,0.40577792620753117,0.04201831712851073,0.006249999999999867,0.010279863873765562,0.329368592622387,0.10752819192225364,0.11590460534115414,0.0,0.9999999987499999,0.6044319075520833,0.2970035773256226,0.3050865807188426,0.3961658016869105,sad,04,21,21,male,strong,2482
70,2.3356666666666666,True,1.0,0.41905153401447853,0.36876534993274124,0.39390844197360986,0.8816075537314122,-0.06009259259259264,-0.05708333333333332,0.3955138534393893,0.22400551046347775,0.19240909594576572,0.4468070178237343,0.050286184081737295,0.0030092592592593226,0.0011915157411576582,0.32314823607254767,0.10579098016907136,0.11733010766341308,0.0,0.9999999987499999,0.6026360756568252,0.2945230644109766,0.28688049609348887,0.3667022549152512,sad,04,21,21,male,strong,2482
80,2.6693333333333333,True,1.0,0.36924718251063327,0.3901259624063791,0.3796865724585062,0.8905822937049583,-0.06143518518518515,-0.05962962962962959,0.3723897529042047,0.25642206493869174,0.19933005317891397,0.42633519119154284,0.020878779895745825,0.0018055555555555602,0.018360193891031842,0.3372931234528824,0.10378318546187063,0.1150414593798022,0.0,0.9999999987499999,0.6117099730907989,0.3021256361497465,0.2881802050326861,0.37972117400778904,sad,04,21,21,male,strong,2482
90,3.003,True,1.0,0.4608416137401497,0.44348414743127773,0.45216288058571374,1.4899838597921762,-0.06282407407407398,-0.06412037037037022,0.2944258331872325,0.5846179358832705,0.20072523421335153,0.3034683078035367,0.01735746630887197,0.0012962962962962399,0.011506377633559883,0.2139606311923506,0.1107264441531322,0.11469519425829747,0.0,0.9999999987499999,0.5973744440354266,0.2950136364372882,0.3019014437928478,0.3775350322665349,sad,04,21,21,male,strong,2482
100,3.336666666666667,True,1.0,0.42795191183774983,0.4187709169575155,0.42336141439763264,0.7077766965538396,-0.05986111111111114,-0.06023148148148161,0.37439178491513464,0.15059078650081642,0.2008783526663007,0.5981567582812161,0.009180994880234328,0.0003703703703704653,0.006194153765691083,0.3955195002515314,0.10973491160609992,0.11514890513115156,0.0,0.9999999987499999,0.5972024622270782,0.2938193174253986,0.3032408718830337,0.3683683370265465,sad,04,21,21,male,strong,2482
110,3.6703333333333332,True,1.0,0.4115226337448565,0.3855274112933198,0.39852502251908817,0.6849244368815446,-0.060324074074073974,-0.06064814814814806,0.3778768746174763,0.22319479077249085,0.19306978193111085,0.5818525388487661,0.02599522245153668,0.0003240740740740877,0.01042614295825397,0.40559528548049006,0.10939951088158856,0.1154676066983346,0.0,0.9999999987499999,0.6058669420893358,0.2924209688408226,0.2987597809988711,0.37410353129426493,sad,04,21,21,male,strong,2482
120,4.0040000000000004,True,1.0,0.4202020202020213,0.4192723969647995,0.4197372085834104,0.7100607435284998,-0.059814814814814876,-0.06092592592592594,0.37682961827656003,0.1922553207876241,0.19308756342655736,0.5911285934462639,0.0009296232372217883,0.0011111111111110628,0.004785468465663424,0.38717318497128256,0.10742555713161117,0.11334141393052435,0.0,0.9999999987499999,0.6083687576046044,0.2961765654779224,0.28689057497730697,0.36788798369505543,sad,04,21,21,male,strong,2482
0,0.0,True,1.0,0.49902534113060354,0.48446820915101957,0.49174677514081155,0.8245108253495836,-0.064537037037037,-0.06222222222222229,0.35034794463571406,0.325028521005571,0.18478168750979096,0.5964103320684919,0.01455713197958397,0.002314814814814714,0.00018754257382376104,0.35746786528684626,0.10835001330362662,0.11497112797052114,0.0,0.9999999987499999,0.6086296489845939,0.2940891784851182,0.2776091126961702,0.3579096976263161,sad,04,21,21,male,strong,2483
10,0.33366666666666667,True,1.0,0.48319583980731673,0.49213981365020576,0.48766782672876124,0.7782145351372338,-0.0625,-0.06027777777777776,0.3568928528398376,0.2801572326494045,0.18685496707656812,0.6266495994485167,0.00894397384288903,0.0022222222222222365,0.002475244235839355,0.37339866429862845,0.10976079057123121,0.11446036100228286,0.0,0.9999999987499999,0.6068090092208759,0.2955721468335204,0.28368816182431994,0.357725351016145,sad,04,21,21,male,strong,2483
20,0.6673333333333333,True,1.0,0.39642937355107793,0.4274583970682774,0.4119438853096776,1.0546139359698683,-0.06050925925925921,-0.06361111111111101,0.3717665033579657,0.34651600753295675,0.1945715304248572,0.39061107696328357,0.03102902351719944,0.0031018518518518,0.009827195341317303,0.297664431063586,0.10604260923548604,0.11628641768737503,0.0,0.9999999987499999,0.606578259334984,0.2989422222534231,0.29960712296303726,0.38944863966731663,sad,04,21,21,male,strong,2483
30,1.0010000000000001,True,1.0,0.3592445780879376,0.3742183278807901,0.3667314529843638,0.9397281859494945,-0.056712962962962965,-0.06157407407407406,0.4255705839627347,0.1476668045323034,0.20628698768720852,0.39025269058394907,0.014973749792852542,0.004861111111111094,0.007996488022202984,0.34581973504510544,0.10238634711224458,0.11967750742686484,0.0,0.9999999987499999,0.6162741965145433,0.2962554232835816,0.33020283202710043,0.42817323855467865,sad,04,21,21,male,strong,2483
40,1.3346666666666667,True,1.0,0.385527411293319,0.3665390942161279,0.37603325275472343,0.9108666383580396,-0.058796296296296346,-0.06143518518518509,0.3878057138621282,0.21301649550001453,0.20422980960499712,0.41283019590285386,0.01898831707719112,0.0026388888888887463,0.0019048927747943552,0.345120942146293,0.1034879243068327,0.1182438477852823,0.0,0.9999999987499999,0.6146878615508705,0.292611814768714,0.31501859710920926,0.41605325931957704,sad,04,21,21,male,strong,2483
50,1.6683333333333334,True,1.0,0.45301963381726235,0.41853030692341614,0.43577497037033924,1.282826463911941,-0.061712962962963025,-0.060925925925925994,0.401575276265646,0.3594664824695096,0.20002441257256576,0.3396990806078762,0.034489326893846206,0.0007870370370370305,0.005512383592297394,0.25342922437962867,0.10522307386313837,0.11670245388864135,0.0,0.9999999987499999,0.6043241060017758,0.3013947630932099,0.3170105721513943,0.4125345330467038,sad,04,21,21,male,strong,2483
60,2.0020000000000002,True,1.0,0.36814525282964755,0.3733784237151338,0.3707618382723907,0.9724483997284007,-0.0553703703703704,-0.0558333333333334,0.39551230958000905,0.20735322637650574,0.19891204680219887,0.3812663359577149,0.005233170885486249,0.0004629629629629983,0.00272559754617368,0.3311976578744253,0.10212564870478713,0.11749239346678256,0.0,0.9999999987499999,0.613250257563963,0.29268239346596253,0.29379112360635223,0.39522810361934896,sad,04,21,21,male,strong,2483
70,2.3356666666666666,True,1.0,0.31847916585100533,0.26080486504137373,0.2896420154461895,0.596843888808202,-0.04916666666666669,-0.045138888888888895,0.3994924533723334,0.1349882976312324,0.1882272789446145,0.4852894046122453,0.057674300809631596,0.004027777777777797,0.009906664121681083,0.48268710112225466,0.10697727267934418,0.1160855065554354,0.0,0.9999999987499999,0.6150803877957433,0.288735461416926,0.3104186294348736,0.40513192343238164,sad,04,21,21,male,strong,2483
80,2.6693333333333333,True,1.0,0.37884905437190786,0.3621399176954734,0.3704944860336906,0.9447187251555489,-0.05185185185185187,-0.047314814814814865,0.39429757287632516,0.2576412044493243,0.18065060453086207,0.3921743860562183,0.016709136676434477,0.004537037037037006,0.004382651471724931,0.3327194344770871,0.10624174580063753,0.11495011843629942,0.0,0.9999999987499999,0.6099238358702856,0.29874473536734136,0.30405762556421645,0.39961028498832096,sad,04,21,21,male,strong,2483
90,3.003,True,1.0,0.43581359537505643,0.40972933524797384,0.4227714653115151,1.2376685261673424,-0.05430555555555561,-0.05212962962962964,0.2815851843965205,0.5588550832593437,0.18958977209762073,0.34158698906297724,0.026084260127082592,0.00217592592592597,0.011427351755752822,0.2560300534580448,0.10747358188812665,0.1147993517436302,0.0,0.9999999987499999,0.598456120284051,0.29387020332995895,0.2845173766306659,0.36219197985513557,sad,04,21,21,male,strong,2483
100,3.336666666666667,True,1.0,0.37863227700630697,0.35949026548120505,0.369061271243756,0.6472289482993805,-0.054166666666666696,-0.05106481481481484,0.37261390645874,0.14298020899515176,0.19379764094220972,0.5702174975539629,0.01914201152510192,0.0031018518518518556,0.0051795824142385665,0.4316491155663513,0.10872587605818469,0.11461574728424645,0.0,0.9449338473199808,0.6075466226177971,0.2905472902558665,0.306919109564471,0.39487860791346213,sad,04,21,21,male,strong,2483
110,3.6703333333333332,True,1.0,0.4040423404402994,0.3857442348008401,0.39489328762056974,0.6345061431554703,-0.05138888888888876,-0.0501388888888889,0.3853536201326992,0.13695088727520555,0.19514045277274678,0.6223632219803595,0.018298105639459328,0.0012499999999998623,0.0007904679702756565,0.43688655654518954,0.10830581565540376,0.11501276427016746,0.0,0.9999999987499999,0.6131167539906588,0.28485423302852014,0.30585729376978243,0.3943030133082718,sad,04,21,21,male,strong,2483
120,4.0040000000000004,True,1.0,0.43626270491368796,0.4025103356042179,0.41938652025895296,0.6540551904221678,-0.053333333333333344,-0.05217592592592596,0.39050104082205167,0.16713438068885364,0.18966219313384594,0.6412096813852283,0.033752369309470065,0.0011574074074073848,0.00782141572932046,0.43802979060535,0.1066232972818892,0.11459629468646015,0.0,0.9999999987499999,0.6008104724780536,0.29868920336179755,0.29152048329622876,0.37008813331858437,sad,04,21,21,male,strong,2483
0,0.0,True,1.0,0.49902534113060354,0.5084642698809175,0.5037448055057605,0.8640131858511546,-0.06287037037037035,-0.06263888888888897,0.3417896188164701,0.3423255679610872,0.18129208832451152,0.5830290714944502,0.00943892875031399,0.00023148148148138814,0.0032041423783575936,0.3401271912882096,0.10878352998003454,0.11456102851801879,0.0,0.9999999987499999,0.6065903386432698,0.2963334576568174,0.2773498838562559,0.3602138230294043,sad,04,21,21,male,strong,2484
10,0.33366666666666667,True,1.0,0.47635782809077787,0.4840065642126023,0.4801821961516901,0.78334418304666,-0.06194444444444447,-0.06009259259259253,0.3546947655888243,0.28193255074963214,0.18405430888416371,0.6129900579386673,0.007648736121824429,0.0018518518518519378,0.0006641845709269656,0.3844885048327338,0.10976016191508112,0.115124836739755,0.0,0.9999999987499999,0.6051816849161539,0.2952255257597658,0.2832778757974056,0.35583175290378477,sad,04,21,21,male,strong,2484
20,0.6673333333333333,True,1.0,0.4277517934179622,0.4446005466871997,0.43617617005258097,1.0696927276982169,-0.056712962962962965,-0.054768518518518494,0.369856050160625,0.3088161782764162,0.18127062450005685,0.40775837654907904,0.016848753269237515,0.0019444444444444708,0.007026520288483262,0.28517547088334283,0.1081993033411039,0.11626574748881005,0.0,0.9999999987499999,0.6055422423656963,0.29761254167547074,0.30449567787359966,0.3911213504245057,sad,04,21,21,male,strong,2484
30,1.0010000000000001,True,1.0,0.31847916585100533,0.3075126464506912,0.31299590615084827,0.8041919209391614,-0.05148148148148163,-0.04569444444444448,0.399982486152795,0.09170163114082261,0.19033550738708582,0.38920548441387165,0.010966519400314123,0.005787037037037146,0.008466049685997016,0.3753918799134365,0.10232167486671379,0.11973280549270494,0.0,0.9999999987499999,0.610970963010204,0.2948099414636054,0.2978236736600374,0.41006754364646675,sad,04,21,21,male,strong,2484
40,1.3346666666666667,True,1.0,0.36924718251063454,0.3186582809224336,0.34395273171653407,0.7870722607329085,-0.05254629629629637,-0.04689814814814819,0.4132287828964056,0.11534137265302562,0.19107446757872662,0.43700273644029974,0.05058890158820095,0.00564814814814818,0.011435830003606635,0.387912792041333,0.10289977210147547,0.11599667154685109,0.0,0.9999999987499999,0.6131678036839736,0.29422158695824896,0.29203091696703704,0.4014774653281584,sad,04,21,21,male,strong,2484
50,1.6683333333333334,True,1.0,0.34575190324378885,0.3314607580358744,0.3386063306398316,1.020243376768645,-0.052870370370370456,-0.04800925925925936,0.4150388189676398,0.17451531444726767,0.18900558257911224,0.33188780084246067,0.014291145207914469,0.004861111111111094,0.00028412392274048754,0.3119671704019305,0.10242489309729755,0.11674305151631846,0.0,0.9999999987499999,0.6175950489023734,0.2953895815936723,0.30566954523796563,0.41037981387128597,sad,04,21,21,male,strong,2484
60,2.0020000000000002,True,1.0,0.3946409833953265,0.3418803418803432,0.36826066263783486,0.9029668352698402,-0.054351851851851984,-0.04750000000000004,0.38877839668947467,0.17904593529294396,0.18900558257911224,0.40783409562078193,0.052760641514983275,0.006851851851851942,0.015880723726205914,0.3394403990988385,0.10387733524398467,0.11692832656884931,0.0,0.9999999987499999,0.6154781884238071,0.2924394396798065,0.2959809489963704,0.4024418681697396,sad,04,21,21,male,strong,2484
70,2.3356666666666666,True,1.0,0.2852891774608613,0.28320332467925,0.28424625107005563,0.6066084558287129,-0.05064814814814811,-0.0463425925925926,0.41766174309672494,0.12797183653327343,0.19100457921116565,0.46858273790749433,0.002085852781611275,0.004305555555555507,0.014468117876899732,0.46430421225188706,0.10285656489779577,0.12054471575485455,0.0,0.9999999987499999,0.6083573639455783,0.28896532931212965,0.2906562016475472,0.38130858380578925,sad,04,21,21,male,strong,2484
80,2.6693333333333333,True,1.0,0.32459882035480697,0.3179436274437869,0.32127122389929696,0.9454771982603098,-0.05291666666666672,-0.04800925925925931,0.3985699567465256,0.23276758168657474,0.18892160269492647,0.3397979607445215,0.006655192911020069,0.004907407407407416,0.008185551944875531,0.33868541204168734,0.10572334740627237,0.11755323649426724,0.0,0.9999999987499999,0.6113289227644183,0.2942903151326162,0.3067787532657342,0.40225052221887037,sad,04,21,21,male,strong,2484
90,3.003,True,1.0,0.4331374773332825,0.46886942491077815,0.45100345112203033,1.1723360528222984,-0.05476851851851844,-0.05300925925925931,0.2963204949223099,0.5290937980445146,0.1826426484301614,0.3847049231628408,0.03573194757749565,0.0017592592592591272,0.012077992999631294,0.2531465538415404,0.11074628872102468,0.113674838332426,0.0,0.9999999987499999,0.5982527247383329,0.2913522909600521,0.2903962824412611,0.361535382952097,sad,04,21,21,male,strong,2484
100,3.336666666666667,True,1.0,0.21010101010100934,0.1796051927618984,0.19485310143145387,0.7007270503530668,-0.05078703703703713,-0.04481481481481486,0.3577898417501685,0.18649665051135714,0.1778125358087713,0.2780727550524496,0.030495817339110942,0.005972222222222268,0.02155260292500181,0.41703874437565147,0.11076862786463465,0.11398784282423118,0.0,0.9999999987499999,0.5918516169905462,0.29363498237817415,0.2927558444124418,0.3586925700836706,sad,04,21,21,male,strong,2484
110,3.6703333333333332,True,1.0,0.33494202862728806,0.3143376380761046,0.3246398333516963,0.6204634797878408,-0.05009259259259258,-0.0475000000000001,0.38621779272523593,0.15872321575968076,0.1847259393635113,0.523221501227925,0.02060439055118346,0.0025925925925924798,0.0033449427089086484,0.4323120119028375,0.10704470105187583,0.11602333247486943,0.0,0.9999999987499999,0.6095497613107743,0.2879736824582918,0.30484232404137446,0.39201862639171065,sad,04,21,21,male,strong,2484
120,4.0040000000000004,True,1.0,0.371717171717173,0.34567901234568005,0.35869809203142655,0.6331880808982557,-0.050509259259259254,-0.0472685185185186,0.3863134243744733,0.15099069606010154,0.1882981981319871,0.5664953318808037,0.026038159371492953,0.003240740740740655,0.001837236641261521,0.43670827816609953,0.10582477609603501,0.11433866956692534,0.0,0.9999999987499999,0.615343998638518,0.2883097735819206,0.2855921849395303,0.38426028993735095,sad,04,21,21,male,strong,2484
0,0.0,True,1.0,0.4761904761904763,0.47678633725829084,0.47648840672438353,0.8165250843098478,-0.06175925925925929,-0.06023148148148144,0.3527212793988164,0.2512237895413498,0.18753295608809842,0.5835563608276974,0.0005958610678145626,0.00152777777777785,0.0010125274026422818,0.3697724203415897,0.11049299292425721,0.11291317091029644,0.0,0.9999999987499999,0.604838180061087,0.295100702450097,0.2890325445052849,0.36479337914886845,sad,04,21,21,male,strong,2485
10,0.33366666666666667,True,1.0,0.4600856791042157,0.43706130736614773,0.4485734932351817,0.7424488585100647,-0.06009259259259264,-0.057314814814814874,0.37005571543018156,0.18938774056312127,0.18613734526959475,0.6041809992615145,0.023024371738067984,0.002777777777777768,0.007332409479919296,0.3908135549628009,0.1084958783897093,0.1151648293420157,0.0,0.9999999987499999,0.6059811580882354,0.2953460028871171,0.288757171913146,0.36648481259448473,sad,04,21,21,male,strong,2485
20,0.6673333333333333,True,1.0,0.3587647541924699,0.3594902654812037,0.35912750983683683,0.9891785267335458,-0.05314814814814828,-0.05032407407407408,0.39366617133685583,0.19352849849773723,0.18680923124255766,0.3630563140333663,0.0007255112887338266,0.002824074074074201,0.0050110327792416195,0.3179242184899691,0.10590394838094384,0.11690265810429186,0.0,0.9999999987499999,0.6090766361231993,0.3004863181133696,0.3122073686113085,0.4087112757857117,sad,04,21,21,male,strong,2485
30,1.0010000000000001,True,1.0,0.31353505867357195,0.2788671023965131,0.2962010805350425,0.9311783023197193,-0.0505092592592592,-0.045277777777777695,0.3951682376862639,0.19336961011638068,0.18820093072565577,0.31809276461570957,0.034667956277058876,0.005231481481481504,0.004904930617523578,0.34644367204064513,0.10455820989102803,0.11762290021932201,0.0,0.9999999987499999,0.6049698787640055,0.30158441083836524,0.31311841837090926,0.4008660674423472,sad,04,21,21,male,strong,2485
40,1.3346666666666667,True,1.0,0.34933601288643895,0.3248966949878946,0.33711635393716677,0.8676980453139717,-0.05356481481481479,-0.04712962962962963,0.4032154236116631,0.1748240393788294,0.18750651030364252,0.38851805159383884,0.024439317898544366,0.006435185185185155,0.009842074414974564,0.37208039116301894,0.10562722025602236,0.11780145960714457,0.0,0.9999999987499999,0.603001845410039,0.2974025129130946,0.3091634016610881,0.3928393941874695,sad,04,21,21,male,strong,2485
50,1.6683333333333334,True,1.0,0.41104969023180166,0.35246637850137263,0.3817580343665872,1.0369706654250685,-0.052175925925926014,-0.049490740740740724,0.41382420394391634,0.19526848646895822,0.19308084616518598,0.36814738072662767,0.05858331173042902,0.0026851851851852904,0.0007380017588692008,0.3141149952250163,0.10645659050478094,0.11623582986893272,0.0,0.9999999987499999,0.6109766892147485,0.2951136269881002,0.32204802207228905,0.4270287123708973,sad,04,21,21,male,strong,2485
60,2.0020000000000002,True,1.0,0.38730261708315517,0.36814525282964555,0.37772393495640033,0.9514512922609487,-0.056111111111111056,-0.04999999999999999,0.3571857297446524,0.26497836376530204,0.1904224696420173,0.3969976582393503,0.019157364253509612,0.006111111111111067,0.02005078087598852,0.31373953223535134,0.1092507307615971,0.11626570773779882,0.0,0.9999999987499999,0.5978010590251726,0.294402139595508,0.31041626016178375,0.39270510286709565,sad,04,21,21,male,strong,2485
70,2.3356666666666666,True,1.0,0.36237650555565865,0.3253567318026079,0.34386661867913326,0.6299087579133374,-0.050833333333333286,-0.04689814814814813,0.3981333965768961,0.1609641077481207,0.19309507067744297,0.5458990915100791,0.037019773753050766,0.003935185185185153,0.002411148431393455,0.45051316776552697,0.10575016807114761,0.11704178615899768,0.0,0.9999999987499999,0.6104260874037115,0.29022851564863544,0.30081807839695446,0.3945474023962439,sad,04,21,21,male,strong,2485
80,2.6693333333333333,True,1.0,0.27350427350427237,0.2434178740386129,0.2584610737714426,0.9641159994539893,-0.050185185185185166,-0.04462962962962952,0.3735872010715636,0.27106341570147074,0.18759153039354048,0.268080888521524,0.03008639946565947,0.005555555555555647,0.0039182422582974994,0.33423350814660774,0.10728142516369192,0.11646069425785972,0.0,0.9999999987499999,0.6015120855295243,0.29785034140383837,0.3085105360447707,0.40001370572167005,sad,04,21,21,male,strong,2485
90,3.003,True,1.0,0.2844758771865451,0.2736820015738076,0.27907893938017636,1.2367604320980032,-0.04726851851851854,-0.04097222222222219,0.3281520330336118,0.4006281305273442,0.178533769246012,0.22565319211155166,0.01079387561273748,0.006296296296296355,0.006614282627501977,0.2855498600986711,0.10631545867768524,0.11504766609010277,0.0,0.9999999987499999,0.6063880063040842,0.29440641034327963,0.2929573246165466,0.40074514338723727,sad,04,21,21,male,strong,2485
100,3.336666666666667,True,1.0,0.3623765055556573,0.34009621832856535,0.35123636194211133,0.6297863096593956,-0.05046296296296293,-0.04523148148148154,0.374157001576847,0.20226811716440543,0.17573786330129443,0.5577072041024024,0.022280287227091966,0.005231481481481393,0.00903597218673396,0.44416385321080637,0.11005579950672041,0.11350731515074458,0.0,0.9119779831294987,0.595323963882428,0.2898188661680223,0.2984111373821049,0.37283929700849044,sad,04,21,21,male,strong,2485
110,3.6703333333333332,True,1.0,0.40382950032964593,0.3948478093088888,0.39933865481926734,0.6354079485362899,-0.052037037037037104,-0.0506018518518519,0.38468274281736897,0.18049887261151135,0.18403441091295172,0.6284760140932673,0.008981691020757132,0.001435185185185206,0.004466661905406386,0.4352172994321578,0.11089771758624069,0.11402945852811153,0.0,0.9999999987499999,0.5997599974911839,0.2918335725465339,0.30511100039686234,0.37961255818723616,sad,04,21,21,male,strong,2485
120,4.0040000000000004,True,1.0,0.38767632031646015,0.36903032155045246,0.3783533209334563,0.728520106416451,-0.0521759259259259,-0.05069444444444443,0.3833053701916093,0.18213002660411334,0.1806776315495804,0.5193450635076563,0.0186459987660077,0.0014814814814814725,0.007764358160176234,0.4050000000000003,0.10925620616308365,0.11276673039788288,0.0,0.9999999987499999,0.6055472247258279,0.29287314882637583,0.2934303355925677,0.37313840835197765,sad,04,21,21,male,strong,2485
0,0.0,True,1.0,0.5211142139492126,0.5299094229403891,0.5255118184448009,0.905134636737876,-0.06236111111111098,-0.05999999999999994,0.31622086185364917,0.33940563172755284,0.18474245908657996,0.5805896682274323,0.008795208991176473,0.002361111111111036,0.001650006327391698,0.3250695136696167,0.10963038433547193,0.11408537318929322,0.0,0.9999999987499999,0.6047764241555997,0.2913679609256381,0.2798472340556286,0.36276766316584913,angry,05,21,21,male,normal,2486
10,0.33366666666666667,True,1.0,0.5458256650883172,0.49933363405833575,0.5225796495733265,0.8702124158016931,-0.06333333333333335,-0.06064814814814817,0.32789092855239294,0.3346775025724055,0.18822038822814358,0.6005196433469568,0.04649203102998145,0.0026851851851851793,0.00037991666084498816,0.33751526501764756,0.1120905601704231,0.11234952450446205,0.0,0.9999999987499999,0.6023304614189428,0.29116916504625256,0.2858592318069297,0.3649275084829611,angry,05,21,21,male,normal,2486
20,0.6673333333333333,True,1.0,0.5333333333333328,0.5172210972249813,0.525277215279157,1.2777285329743122,-0.0584722222222222,-0.05495370370370367,0.2991121090664744,0.5647179921836384,0.1777885062901159,0.41110235994840805,0.01611223610835144,0.003518518518518532,0.0007251032037730753,0.2449616988481813,0.10931717435652603,0.11471816260352774,0.0,0.8520436011241956,0.6062409796105943,0.2923119337001437,0.2832363612702514,0.3699591468961618,angry,05,21,21,male,normal,2486
30,1.0010000000000001,True,1.0,0.38596522196614014,0.35928035946200354,0.37262279071407184,1.115568202826282,-0.04930555555555555,-0.0465740740740741,0.3842002418301308,0.2715453487602679,0.182659356566283,0.3340206271297759,0.026684862504136597,0.002731481481481446,0.008769330141993109,0.3037307604288438,0.10431490036750213,0.11816164931172649,0.0,0.9999999987499999,0.6115058327862394,0.29459353734400534,0.30495190173880266,0.41157240645041576,angry,05,21,21,male,normal,2486
40,1.3346666666666667,True,1.0,0.3948478093088883,0.37631406346164387,0.3855809363852661,1.5148424267119156,-0.04902777777777778,-0.044999999999999984,0.2785334260940542,0.6766296172646551,0.17435850949207063,0.25453534280935064,0.01853374584724443,0.004027777777777797,0.008498626393038484,0.21790830130533753,0.10850245811168178,0.11581850421604148,0.0,0.9999999987499999,0.6073760695293742,0.29328888111899487,0.2930601980668965,0.3838213006865947,angry,05,21,21,male,normal,2486
50,1.6683333333333334,True,1.0,0.3968253968253971,0.35652897471094125,0.37667718576816916,1.0457516339869282,-0.049027777777777726,-0.0463425925925926,0.3707108256893261,0.38842203548085885,0.17365505086318983,0.36019755889081173,0.04029642211445583,0.002685185185185124,0.0017892894244171157,0.3133928571428571,0.11024835345575963,0.11498925877376928,0.0,0.9999999987499999,0.6038421610831832,0.29283227223278374,0.312794595416145,0.4046316719240215,angry,05,21,21,male,normal,2486
60,2.0020000000000002,True,1.0,0.41268358751419293,0.4123656073175053,0.4125245974158491,1.1111423606716704,-0.0505092592592592,-0.04879629629629634,0.3772111540359819,0.3259259259259258,0.17796693381460102,0.37126169608589454,0.00031798019668760613,0.0017129629629628607,0.0007497914735881742,0.2849919847131429,0.10625357482551713,0.11820784689373666,0.0,0.7757280499733323,0.6020269671618648,0.2947140485150428,0.3029777871462731,0.4006107220614891,angry,05,21,21,male,normal,2486
70,2.3356666666666666,True,1.0,0.46127722358368245,0.44518897607567826,0.45323309982968035,1.4770242902080832,-0.05175925925925917,-0.049629629629629746,0.3560216264551502,0.5052889261419325,0.17222620914999,0.3068555492515488,0.016088247508004194,0.002129629629629426,0.006952786742942051,0.22008430277220709,0.10955759233393814,0.11630468101083312,0.0,0.9999999987499999,0.5933703467949679,0.2949622328017291,0.2911288874222545,0.3669326227880834,angry,05,21,21,male,normal,2486
80,2.6693333333333333,True,1.0,0.4759507025216049,0.4612772235836826,0.46861396305264374,1.459990520518703,-0.05356481481481484,-0.05092592592592593,0.26067383899489527,0.6665174115411481,0.18472883042169144,0.32097055184040196,0.014673478937922257,0.002638888888888913,0.01319922137036509,0.22010869565217359,0.10939844852673646,0.11579813700133876,0.0,0.9999999987499999,0.5962992116768582,0.2942903669160816,0.2783880619582477,0.3480853110373089,angry,05,21,21,male,normal,2486
90,3.003,True,1.0,0.5007485804087607,0.49238774304308613,0.49656816172592344,1.4220326795149894,-0.053796296296296287,-0.05143518518518514,0.310603344458577,0.5954614653749735,0.17571007646889364,0.3491960268418636,0.008360837365674556,0.002361111111111147,0.002261234402213653,0.23236196265804168,0.10947738653833869,0.11572351061717895,0.0,0.9999999987499999,0.5991575590314251,0.29187979263303815,0.29243038504610047,0.37479217286090344,angry,05,21,21,male,normal,2486
100,3.336666666666667,True,1.0,0.45252525252525283,0.428383992772959,0.44045462264910595,1.0322564865406838,-0.054259259259259174,-0.0507407407407407,0.32626888649176367,0.4061164334244645,0.1764165688036608,0.42669106795847345,0.02414125975229381,0.0035185185185184764,0.003051864391911226,0.3042903416663146,0.11155265404958466,0.1138917837033412,0.0,0.9999999987499999,0.6101601171093438,0.290537905673243,0.2924557337214303,0.3781015293515369,angry,05,21,21,male,normal,2486
110,3.6703333333333332,True,1.0,0.5173314689615413,0.5109383048305226,0.5141348868960319,0.9883126015055381,-0.05509259259259258,-0.053379629629629666,0.3295888737156903,0.36013144567200917,0.17848761096782254,0.5202148450933729,0.006393164131018647,0.0017129629629629162,0.004716008425473371,0.3055413070297766,0.1102781856844533,0.11429582251796423,0.0,0.9999999987499999,0.6077226524594213,0.2915404726785827,0.29319349932441646,0.3767942618901258,angry,05,21,21,male,normal,2486
120,4.0040000000000004,True,1.0,0.5332146088366496,0.517061428823464,0.5251380188300567,1.0055997403800536,-0.05518518518518517,-0.0535648148148149,0.3164553254048514,0.27735465579211116,0.18056611902358907,0.5222137573659152,0.016153180013185664,0.001620370370370272,0.005779533736063015,0.2640644897391949,0.11082686617908234,0.11443179106351344,0.0,0.9999999987499999,0.605094370670143,0.2891181141232864,0.29552666240217457,0.37372537327293764,angry,05,21,21,male,normal,2486
0,0.0,True,1.0,0.5239664228888157,0.517699512038442,0.5208329674636288,1.2225969691882743,-0.06208333333333327,-0.06069444444444444,0.28523755228044173,0.6211325748523233,0.17714536291050478,0.4260054462669153,0.006266910850373675,0.0013888888888888284,0.00219424573570875,0.25606166031627975,0.10927646898472873,0.11409092416115056,0.0,0.9999999987499999,0.6130034908103867,0.29079049722519096,0.27282206849812146,0.36583153989666967,angry,05,21,21,male,normal,2487
10,0.33366666666666667,True,1.0,0.5303595090904738,0.530246754780008,0.5303031319352409,1.1727698303902663,-0.06083333333333335,-0.05976851851851844,0.3029469120620579,0.5222490650956656,0.18060667699933172,0.4521800597128,0.0001127543104657569,0.0010648148148149073,0.00732214308048991,0.2641344322329366,0.11010978061983123,0.11362275193411522,0.0,0.9999999987499999,0.6082409077068327,0.29208381661258664,0.2768381760802939,0.3671544718628463,angry,05,21,21,male,normal,2487
20,0.6673333333333333,True,1.0,0.5303595090904765,0.5238501934199276,0.527104851255202,1.2407407407407407,-0.057962962962962994,-0.05592592592592599,0.2971416192633154,0.5370370370370365,0.18058977894973996,0.42483077563852106,0.00650931567054891,0.002037037037037004,0.0044646240649186646,0.25186567164179163,0.10832669063475779,0.11532398554134615,0.0,0.9999999987499999,0.6057522681025536,0.2935450506942299,0.2810279693682552,0.3729233017866928,angry,05,21,21,male,normal,2487
30,1.0010000000000001,True,1.0,0.4126984126984129,0.3881020005377671,0.40040020661809,1.3020251764571125,-0.0495370370370371,-0.04708333333333342,0.3306091811000068,0.5495560809721575,0.1673615669747278,0.3075210939527319,0.024596412160645786,0.00245370370370368,0.0016180326343734714,0.2633074847135114,0.10498524356776898,0.11593460641332867,0.0,0.9999999987499999,0.6143236652082708,0.2987886616617706,0.29268446551377447,0.4000461402481355,angry,05,21,21,male,normal,2487
40,1.3346666666666667,True,1.0,0.43407050220414267,0.3681452528296457,0.4011078775168942,1.607086179583067,-0.05291666666666667,-0.047314814814814865,0.2737906865670147,0.8034595242440493,0.16534423631747944,0.24958703684512754,0.06592524937449695,0.005601851851851802,0.0034170955081480507,0.21632365463606537,0.09110868248387044,0.11616654414236445,0.0,0.9999999987499999,0.6678311870607619,0.3125383426548702,0.26810889430372764,0.4173074243770943,angry,05,21,21,male,normal,2487
50,1.6683333333333334,True,1.0,0.4192723969647995,0.40295769760104094,0.41111504728292025,1.034435393821269,-0.04907407407407405,-0.04731481481481481,0.3663365189962727,0.3955058838839864,0.17292769676479455,0.3974294090655924,0.016314699363758567,0.0017592592592592382,0.0041077942532464305,0.3174082529973177,0.10351876074820111,0.11659410239954254,0.0,0.9999999987499999,0.6080768328581433,0.2950898134393545,0.28458461544869257,0.38398954660309315,angry,05,21,21,male,normal,2487
60,2.0020000000000002,True,1.0,0.4287278169428071,0.41263874950091034,0.4206832832218587,1.2674814087342607,-0.051574074074073994,-0.04759259259259252,0.35827627930727257,0.4714412556877432,0.167438134443326,0.33190489448043564,0.016089067441896754,0.003981481481481475,0.0006903862146308435,0.2400914634146343,0.1098531148700386,0.11437175587224964,0.0,0.9999999987499999,0.6095937145092413,0.2913910173781643,0.29783798405133155,0.3916741145673734,angry,05,21,21,male,normal,2487
70,2.3356666666666666,True,1.0,0.45824394770197807,0.4362382766813007,0.4472411121916394,1.452446054985708,-0.051666666666666694,-0.04986111111111108,0.3562072816743633,0.5253528283990865,0.17225057170343586,0.3079227009198908,0.022005671020677353,0.0018055555555556158,0.0013575390008883626,0.21568804598872773,0.10982324722315424,0.1150646581164409,0.0,0.9999999987499999,0.6016545706173095,0.29259015824158147,0.29827158043621965,0.38510325955016833,angry,05,21,21,male,normal,2487
80,2.6693333333333333,True,1.0,0.5430687992438602,0.5367173374898397,0.5398930683668499,1.551172357895079,-0.05324074074074081,-0.051064814814814785,0.2471096593629292,0.8093073171626488,0.1778052414767488,0.3480548538780551,0.00635146175402046,0.0021759259259260255,0.005055659143374043,0.19565217391304338,0.11095428694066958,0.11363960353883287,0.0,0.9999999987499999,0.5975649274631727,0.29022780113541186,0.2825433994902508,0.3605172405267974,angry,05,21,21,male,normal,2487
90,3.003,True,1.0,0.47729360579468666,0.4362627049136872,0.4567781553541869,1.2529681010008284,-0.05166666666666664,-0.049907407407407456,0.2979956389500455,0.5610107219706347,0.17292769676479455,0.3645568909450512,0.04103090088099948,0.0017592592592591827,0.0017700847574704565,0.25185679576073494,0.10895084312580344,0.1140683634371495,0.0,0.9999999987499999,0.6097541596873124,0.2932511994755566,0.2848665405719775,0.3717390740019367,angry,05,21,21,male,normal,2487
100,3.336666666666667,True,1.0,0.49222039114278526,0.4618341370412684,0.47702726409202684,0.9738374625687669,-0.05319444444444449,-0.05175925925925934,0.32417682547645854,0.3758487901063989,0.17362693070286378,0.4898427945395886,0.030386254101516852,0.0014351851851851505,0.0023302631840060877,0.29603821698034566,0.10928188192848592,0.11508335942805994,0.0,0.9999999987499999,0.6118002459655737,0.2933672363412092,0.28477195734274174,0.3715376556099012,angry,05,21,21,male,normal,2487
110,3.6703333333333332,True,1.0,0.4850082366383102,0.46885726334899613,0.4769327499936532,0.8357107106180829,-0.05342592592592599,-0.052361111111111025,0.32575382114280144,0.27286715123308775,0.17778850629011583,0.5706912020320031,0.016150973289314086,0.0010648148148149628,0.0029912478584952075,0.3220545783590086,0.10876050960345861,0.1155762124570119,0.0,0.9999999987499999,0.6094617270970888,0.29162544598153006,0.28019928219106616,0.3612078107353416,angry,05,21,21,male,normal,2487
0,0.0,True,1.0,0.542372881355931,0.5518588033376224,0.5471158423467767,1.12655616063529,-0.06537037037037025,-0.06398148148148147,0.3088274282911414,0.5280528052805289,0.18338368042406805,0.48565341122296635,0.009485921981691403,0.001388888888888773,0.002752194841588038,0.28123913768280195,0.11425178328504053,0.11220733809654178,0.0,0.9999999987499999,0.5976262683120124,0.28892159658485056,0.2903166161901724,0.35861477172412176,angry,05,21,21,male,normal,2488
10,0.33366666666666667,True,1.0,0.5208281941033616,0.5270201544622822,0.5239241742828219,1.0529034466230323,-0.06495370370370362,-0.06393518518518515,0.3138584702057723,0.48327939590075597,0.18410901721640266,0.497599448423499,0.006191960358920667,0.0010185185185184742,0.004823045164811895,0.29506942222188065,0.11405618065494301,0.11291348990763211,0.0,0.9999999987499999,0.5994698272355816,0.29027588572227114,0.29148778836818906,0.36000929209665283,angry,05,21,21,male,normal,2488
20,0.6673333333333333,True,1.0,0.5456806514636146,0.5366757155280691,0.5411781834958418,1.1258152626790503,-0.062962962962963,-0.061064814814814905,0.30714069378807,0.5101350409014456,0.18268942736057145,0.48069892231521644,0.00900493593554541,0.0018981481481480933,0.002734684290308014,0.27246093749999944,0.11355918617693447,0.11324520226542037,0.0,0.9999999987499999,0.6000432195378151,0.2901049827009716,0.2926362600722118,0.3646517755091062,angry,05,21,21,male,normal,2488
30,1.0010000000000001,True,1.0,0.3970276073524945,0.404831012251876,0.4009293098021852,1.3886508004515705,-0.04833333333333334,-0.0471759259259259,0.2972600779831759,0.5647179921836384,0.18125673478866933,0.2887185962603474,0.0078034048993815275,0.0011574074074074403,0.0030270901105135368,0.2474999999999999,0.10832881413412297,0.11515666557150937,0.0,0.9999999987499999,0.6011714899006478,0.28890626401106567,0.2851253117887998,0.37971065086390404,angry,05,21,21,male,normal,2488
40,1.3346666666666667,True,1.0,0.42039860655318856,0.3878891604271124,0.4041438834901505,1.4275961965412811,-0.05111111111111116,-0.047361111111111076,0.28529064040050195,0.6655492694149996,0.17570139218256636,0.2830939760622037,0.03250944612607615,0.0037500000000000866,0.0011326584355227226,0.22803395267297016,0.11033500126065612,0.11523725293893948,0.0,0.9999999987499999,0.5946820257399835,0.2929618532733288,0.2877284664322383,0.3630997983553369,angry,05,21,21,male,normal,2488
50,1.6683333333333334,True,1.0,0.3904313894871038,0.3372266465933201,0.36382901804021195,1.1234704188699773,-0.04879629629629623,-0.04532407407407407,0.38338316070858236,0.27730528925843273,0.188214307974696,0.3238438786898928,0.05320474289378374,0.0034722222222221544,0.00637750982974599,0.3061631252444665,0.09418584510868579,0.11876744906414641,0.0,0.9999999987499999,0.6492627560946254,0.3140372743231386,0.293784890990735,0.44099035836002676,angry,05,21,21,male,normal,2488
60,2.0020000000000002,True,1.0,0.45993169608764617,0.4368233242316449,0.44837751015964555,1.106709073312608,-0.05148148148148146,-0.049814814814814756,0.35080861031530974,0.4052610269351691,0.1778125358087713,0.40514487589548664,0.023108371856001286,0.0016666666666667052,0.0066762560599419605,0.293462764607831,0.11281410200090379,0.11281141501801724,0.0,0.9999999987499999,0.5962791732786865,0.29206205129674156,0.3138470431488443,0.39172695547650677,angry,05,21,21,male,normal,2488
70,2.3356666666666666,True,1.0,0.5060411978915271,0.4754088553519469,0.490725026621737,1.506003157725227,-0.05671296296296302,-0.05236111111111119,0.3576083393254773,0.49694959545269657,0.18541707813917355,0.3258459480011732,0.03063234253958025,0.004351851851851829,0.005888481262930662,0.20835191739188555,0.09176727389670904,0.12032971338099704,0.0,0.9999999987499999,0.6516281404983869,0.31232075139577625,0.2832301686857197,0.4278310785430378,angry,05,21,21,male,normal,2488
80,2.6693333333333333,True,1.0,0.5236933733431988,0.5245842149028744,0.5241387941230367,1.4780145674251535,-0.05805555555555558,-0.05495370370370378,0.25292484622430444,0.7602004725681456,0.18958695516515212,0.35462356439161347,0.0008908415596756702,0.0031018518518518,0.008216825183828297,0.20425791954558756,0.09731191255307033,0.11589160520415083,0.0,0.9999999987499999,0.6559461122105091,0.30736159542452823,0.27195574336120887,0.41107255693539607,angry,05,21,21,male,normal,2488
90,3.003,True,1.0,0.5827612621692023,0.5666519115196077,0.574706586844405,1.3724974068133544,-0.05745370370370373,-0.055324074074074026,0.2970665688210517,0.6130488417099644,0.1868202578696493,0.41873054476565524,0.016109350649594623,0.0021296296296297035,0.004072375342357432,0.24037008503093296,0.09517519743458923,0.116840209416211,0.0,0.9999999987499999,0.6571399175060649,0.30985396259868003,0.28041598794325046,0.4216315293479326,angry,05,21,21,male,normal,2488
100,3.336666666666667,True,1.0,0.5364237883493933,0.515380983062471,0.5259023857059322,1.0176909032533807,-0.0591666666666667,-0.057083333333333375,0.3355212889629791,0.4199826803428327,0.1847325474300122,0.5167604269869307,0.02104280528692226,0.002083333333333326,0.004024769269805254,0.29463111347091264,0.11291479335420107,0.11388772560338778,0.0,0.9999999987499999,0.6000370039969114,0.28705174194255695,0.2998999910677209,0.37177266347823257,angry,05,21,21,male,normal,2488
110,3.6703333333333332,True,1.0,0.5355278146521034,0.5311158862753744,0.5333218504637389,0.9352588519992491,-0.0585648148148149,-0.05513888888888885,0.34667305101056384,0.3273262140630214,0.18685496707656818,0.570239831810934,0.004411928376728991,0.0034259259259260544,0.002221420138732194,0.31873599335492386,0.09666087251982859,0.115449229186965,0.0,0.9999999987499999,0.6565167208680347,0.30753019712724117,0.2839690755819896,0.42337539803047736,angry,05,21,21,male,normal,2488
120,4.0040000000000004,True,1.0,0.5137663958870544,0.5146688501257216,0.514217623006388,0.6777839766450519,-0.056805555555555554,-0.05481481481481476,0.3531862990416917,0.16932151268173268,0.18892160269492644,0.7586748001209804,0.0009024542386671941,0.001990740740740793,0.0013153791291012375,0.41130603215459216,0.09611960037135432,0.11671928271571314,0.0,0.9999999987499999,0.657312183381165,0.30733469794054274,0.27642016123340546,0.4145240490149915,angry,05,21,21,male,normal,2488
0,0.0,True,1.0,0.5611306526794669,0.5208075585905886,0.5409691056350278,0.846507257794443,-0.0618981481481482,-0.06055555555555553,0.33166051156709053,0.34017996696253106,0.1861258682802443,0.6390602096484223,0.04032309408887835,0.001342592592592673,0.002396544200777233,0.3659880893082536,0.11025070506553424,0.11515257293367599,0.0,0.9999999987499999,0.5959611138439752,0.2913045054409908,0.2821075267701213,0.3544481586925102,angry,05,21,21,male,normal,2489
10,0.33366666666666667,True,1.0,0.5145147785808772,0.4835142473439883,0.49901451296243277,0.8200139071008994,-0.05759259259259253,-0.05666666666666664,0.327816917691735,0.30120975231516534,0.18475567380152816,0.608543963268456,0.03100053123688895,0.0009259259259258856,0.005477328354181085,0.3581768206582568,0.11185847351935463,0.11342359091141473,0.0,0.9999999987499999,0.5975960943518033,0.2929105088926266,0.2854969554041404,0.3568311471257045,angry,05,21,21,male,normal,2489
20,0.6673333333333333,True,1.0,0.4435513122794727,0.4365461925875447,0.4400487524335087,1.4013022397080197,-0.05138888888888887,-0.04949074074074078,0.2991377628079536,0.625915000402915,0.16676963168745199,0.3140284372379215,0.007005119691928019,0.0018981481481480933,0.002943237948250648,0.23288200398007916,0.1091214456857896,0.1158949318005353,0.0,0.8276759445083456,0.605379039373562,0.2922165696851792,0.28658875595941335,0.3771155615750252,angry,05,21,21,male,normal,2489
30,1.0010000000000001,True,1.0,0.4606641085091033,0.43710315727104815,0.4488836328900757,2.105097100523035,-0.05032407407407424,-0.047592592592592575,0.2698885872079572,0.9170577820255298,0.1778296977626925,0.21323654513539805,0.023560951238055128,0.002731481481481668,0.002554785453451735,0.16707661681816127,0.10515058142518638,0.11822710675024388,0.0,0.9999999987499999,0.6042072698141756,0.2932934801995628,0.2816247922965169,0.3822868691402697,angry,05,21,21,male,normal,2489
40,1.3346666666666667,True,1.0,0.3878787878787891,0.3621802849517694,0.37502953641527925,1.1731479616342755,-0.047870370370370396,-0.04495370370370377,0.3135242887498566,0.471036681565277,0.178493167688791,0.3196779508467435,0.025698502927019695,0.002916666666666623,0.00010085614380595209,0.2642045454545456,0.10675685209849765,0.1166154540667043,0.0,0.9999999987499999,0.6108543160467312,0.2898287722441682,0.2783097820771309,0.37466602535447885,angry,05,21,21,male,normal,2489
50,1.6683333333333334,True,1.0,0.4202020202020213,0.3961447797485124,0.40817339997526686,1.224071159918725,-0.05111111111111116,-0.04814814814814811,0.379852646684,0.4080145719489978,0.17365505086318989,0.33345561380791655,0.024057240453508877,0.002962962962963056,0.005855641223576892,0.2745474158486066,0.09061888054608111,0.11897577780150073,0.0,0.9999999987499999,0.6643212133916067,0.3119670031006544,0.2878843891055839,0.4433668273172161,angry,05,21,21,male,normal,2489
60,2.0020000000000002,True,1.0,0.4600856791042157,0.4195228927603184,0.43980428593226706,1.235838404394441,-0.05305555555555552,-0.050370370370370454,0.32510429386072337,0.4316841615707598,0.1701608601264882,0.35587523770777335,0.04056278634389732,0.0026851851851850683,0.0029364295942615848,0.2311575212423688,0.10891609650708398,0.11657924725204957,0.0,0.9999999987499999,0.5950909621348539,0.28993549063353785,0.2777580723216805,0.35596820713546296,angry,05,21,21,male,normal,2489
70,2.3356666666666666,True,1.0,0.41268358751419537,0.3655166519402735,0.38910011972723446,0.8835461559784339,-0.0501388888888889,-0.048101851851851896,0.38897390335032206,0.2803902747686709,0.18056231624629016,0.4403845991456408,0.047166935573921875,0.002037037037037004,0.004080699669759722,0.3513291946519292,0.09405996908446736,0.11692799160713645,0.0,0.9999999987499999,0.6609078054268583,0.309399872881517,0.28727959170117184,0.43156326358839314,angry,05,21,21,male,normal,2489
80,2.6693333333333333,True,1.0,0.4938271604938288,0.4697911222868659,0.48180914139034736,1.4730723548535187,-0.0507407407407407,-0.04814814814814816,0.2556290235495692,0.7147755355415844,0.1798818948553858,0.3270777160421683,0.024036038206962873,0.0025925925925925353,0.007229867678945707,0.20729531981796906,0.10729117942710749,0.11661519736756043,0.0,0.9999999987499999,0.6006089908307072,0.28858243406127987,0.2762876894569895,0.3698510888565329,angry,05,21,21,male,normal,2489
90,3.003,True,1.0,0.4761904761904763,0.48544621277522615,0.4808183444828512,1.0113116519786631,-0.05240740740740746,-0.05162037037037037,0.33406353181690746,0.38129801840104516,0.17641008171331204,0.475440328945202,0.009255736584749874,0.000787037037037086,0.0007096815807993677,0.3047315771991791,0.10842794668155445,0.11670736674017251,0.0,0.9999999987499999,0.6049690442270658,0.29349996993889255,0.287198004335767,0.3708682694091097,angry,05,21,21,male,normal,2489
100,3.336666666666667,True,1.0,0.4444444444444446,0.42818376593380325,0.43631410518912395,0.9621991468237635,-0.052870370370370345,-0.05074074074074075,0.3385491778357479,0.3506159581919228,0.17847906182851891,0.4534550946437695,0.016260678510641335,0.0021296296296295925,0.0030093891822810265,0.3146043463775376,0.11186931517085134,0.11374837709443036,0.0,0.9999999987499999,0.6017021295236844,0.2922606892578852,0.2938519517550019,0.3685630789247172,angry,05,21,21,male,normal,2489
110,3.6703333333333332,True,1.0,0.4848484848484857,0.484765706113958,0.4848070954812218,0.7163405078506085,-0.053518518518518576,-0.05162037037037037,0.3246992096182351,0.23875875732895194,0.18127062450005693,0.6767830245086843,8.2778734527722e-05,0.0018981481481482043,0.00408685640882844,0.36469637072108585,0.11199360115412371,0.11379355964352612,0.0,0.9999999987499999,0.5959987366509104,0.2909958447900848,0.2865587481890421,0.3567696223312749,angry,05,21,21,male,normal,2489
0,0.0,True,1.0,0.5171717171717173,0.534572696854371,0.5258722070130442,0.9119806256386435,-0.06342592592592594,-0.06171296296296297,0.3198435196435544,0.4120486706676269,0.17849316768879112,0.5766265118239605,0.01740097968265375,0.0017129629629629717,0.0003436186468031855,0.3374560464471755,0.11020329234143642,0.11403437966138434,0.0,0.9999999987499999,0.607467358138568,0.294245751665932,0.28088665109121225,0.3640644520185454,angry,05,21,21,male,strong,2490
10,0.33366666666666667,True,1.0,0.5147649671801433,0.5058036512174551,0.5102843091987992,1.0933782984913416,-0.0617129629629628,-0.06074074074074065,0.32417682547645865,0.4783530055899615,0.1784876109678226,0.4667042595439259,0.008961315962688232,0.0009722222222221522,0.001005590201781041,0.2816836933956244,0.1097010473410125,0.11501563999189805,0.0,0.9999999987499999,0.6075604311412065,0.29385750895602486,0.2913913023223071,0.37649621649560494,angry,05,21,21,male,strong,2490
20,0.6673333333333333,True,1.0,0.4521979797871761,0.45258228204402995,0.452390130915603,1.2191964194899252,-0.05629629629629623,-0.05412037037037043,0.32913316121069813,0.4571428571428572,0.17856838012461462,0.3710559871106489,0.00038430225685387454,0.0021759259259258035,0.007928385280220272,0.2890272205100288,0.10972391624454533,0.11482802570300617,0.0,0.9999999987499999,0.6058397044208308,0.2971358204001795,0.2990955231544037,0.39770595662001734,angry,05,21,21,male,strong,2490
30,1.0010000000000001,True,1.0,0.4597383821608499,0.4623899199381856,0.46106415104951776,1.376441495932693,-0.058287037037037026,-0.055787037037037024,0.33413204086314474,0.4726335257118282,0.18912139744269818,0.3349682150762937,0.002651537777335733,0.0025000000000000022,0.007766039787931937,0.2578117955107667,0.10471226869122262,0.11683531532502939,0.0,0.9999999987499999,0.6092912448026085,0.29565949154191423,0.30475778413861765,0.4102879703912874,angry,05,21,21,male,strong,2490
40,1.3346666666666667,True,1.0,0.46102935209127155,0.45094620779618344,0.4559877799437275,1.899568756219302,-0.05402777777777773,-0.052870370370370345,0.26353174489772363,0.8245223346777307,0.18611152104827625,0.2400480521964768,0.010083144295088109,0.0011574074074073848,0.009093979911373212,0.18576132660100989,0.09290704380372547,0.11768436714081336,0.0,0.9999999987499999,0.6643903851853242,0.31026663378649705,0.28051406131004386,0.43341912076323424,angry,05,21,21,male,strong,2490
50,1.6683333333333334,True,1.0,0.45955428891473094,0.4601975005079873,0.45987589471135915,1.729753190531588,-0.051064814814814896,-0.05175925925925934,0.3424637356473087,0.6246246246246249,0.17780524147674867,0.2658621456683251,0.0006432115932563653,0.000694444444444442,0.00668331360183303,0.1877259382929434,0.11033626030278545,0.11457281894218592,0.0,0.9999999987499999,0.5961877026201106,0.29642196025897,0.30897091826217676,0.39598830627062465,angry,05,21,21,male,strong,2490
60,2.0020000000000002,True,1.0,0.41268358751419304,0.37138717415023637,0.3920353808322147,1.0136402690313397,-0.047453703703703776,-0.04569444444444448,0.41899154848066295,0.21062654940910974,0.18057625937153518,0.38675987212589097,0.041296413363956674,0.0017592592592592937,0.008231023359262716,0.31412337662337625,0.11051364780909452,0.11406816791213825,0.0,0.9999999987499999,0.5978128898278061,0.2983796812209559,0.33161326080473574,0.405673508452111,angry,05,21,21,male,strong,2490
70,2.3356666666666666,True,1.0,0.4574916914879386,0.4292651721987997,0.44337843184336917,0.5182043265567949,-0.0506018518518519,-0.049398148148148135,0.36790400795102063,0.0886520322325047,0.19245032954841063,0.85560542265132,0.028226519289138885,0.0012037037037037623,0.0068964000286786675,0.536132219912012,0.09404622302232403,0.11871766660276248,0.0,0.9999999987499999,0.6496265744422769,0.30786404737005535,0.27657727202937926,0.40939990706821755,angry,05,21,21,male,strong,2490
80,2.6693333333333333,True,1.0,0.4750241828660022,0.4517043363728524,0.4633642596194273,1.385038629888288,-0.04916666666666675,-0.04625000000000001,0.32369748771693224,0.517303584657072,0.1861373452695948,0.3345497010843665,0.023319846493149776,0.002916666666666734,0.004168574073009698,0.22364457831325274,0.11087841678796477,0.11421515580756826,0.0,0.9999999987499999,0.5989012040050395,0.287427666785923,0.3130000761891256,0.39801956700151075,angry,05,21,21,male,strong,2490
90,3.003,True,1.0,0.5236933733431988,0.4821360075042051,0.502914690423702,1.8105722794208245,-0.052499999999999936,-0.050555555555555576,0.25122849964318367,0.808273074019687,0.18405430888416377,0.27776559717603594,0.041557365838993665,0.0019444444444443598,0.007857336631954164,0.16782969806710274,0.09471100748258998,0.11754142120791639,0.0,0.9999999987499999,0.6572213313606692,0.3063963066594646,0.27521869365661716,0.41123418151791336,angry,05,21,21,male,strong,2490
100,3.336666666666667,True,1.0,0.5458256650883159,0.5299094229403872,0.5378675440143516,1.029264131124964,-0.0524074074074074,-0.05111111111111116,0.35293598042940144,0.35083453589641317,0.18128409229477535,0.5225748452211909,0.01591624214792864,0.0012962962962962399,0.0021276235278889547,0.29863662613932235,0.10892708274830251,0.11508862708356556,0.0,0.9999999987499999,0.6007142126616272,0.2944831960012681,0.3029394698993727,0.3971786104653291,angry,05,21,21,male,strong,2490
110,3.6703333333333332,True,1.0,0.5547257131209946,0.5139202433285633,0.5343229782247789,0.9490826684397236,-0.05523148148148149,-0.053472222222222254,0.36878615628437583,0.2937519744580547,0.17987638103482612,0.5629888691395,0.04080546979243127,0.0017592592592592382,0.0002678246486581642,0.3218074322041904,0.11082205591995663,0.11309672592354138,0.0,0.9999999987499999,0.6035668038934322,0.2932245803423999,0.3023852728697197,0.39090874540921283,angry,05,21,21,male,strong,2490
120,4.0040000000000004,True,1.0,0.563306712225059,0.548650414240654,0.5559785632328564,0.7246167825124301,-0.05611111111111111,-0.0537037037037037,0.36155440871000605,0.11559722722504205,0.18474245908658005,0.7672725455034837,0.014656297984405042,0.0024074074074074137,0.001774346286791724,0.37333605710248885,0.11030079064853957,0.1136051630656991,0.0,0.9999999987499999,0.6061953916175846,0.29418288426328754,0.29717409735419725,0.3732814985577107,angry,05,21,21,male,strong,2490
130,4.337666666666666,True,1.0,0.4929333389471266,0.45957136656211645,0.4762523527546215,0.5437279124986908,-0.05407407407407411,-0.05208333333333337,0.3475807302035415,0.11188275236902076,0.18681209006022542,0.875901975614997,0.03336197238501015,0.0019907407407407374,0.0029774375544378115,0.46669977669106677,0.10938835863075638,0.11547817184969329,0.0,0.9999999987499999,0.6022128540713161,0.29362803448676866,0.29139989381633524,0.3759941432394123,angry,05,21,21,male,strong,2490
0,0.0,True,1.0,0.5239664228888158,0.5230608657087564,0.5235136442987861,0.814408367092391,-0.06217592592592586,-0.060787037037037084,0.34793712466201726,0.2953507940822615,0.18474865360190323,0.6428146682331369,0.0009055571800593576,0.001388888888888773,0.0018115665213730549,0.3659880893082535,0.11125377095538794,0.11284103814044129,0.0,0.9999999987499999,0.6065837217152485,0.29358641109508005,0.2844032921090062,0.3606581836526743,angry,05,21,21,male,strong,2491
10,0.33366666666666667,True,1.0,0.5492081204483187,0.5238501934199276,0.5365291569341231,0.8138159548865436,-0.0635648148148148,-0.06240740740740741,0.3413280452476708,0.3092304949837463,0.1847370903386176,0.6592757904444404,0.025357927028391125,0.0011574074074073848,0.002094573643935883,0.3510142000144521,0.11121432680500908,0.11372068717387258,0.0,0.9999999987499999,0.6018771247327055,0.2916296801445772,0.2824565692283382,0.3576407492666315,angry,05,21,21,male,strong,2491
20,0.6673333333333333,True,1.0,0.4991794875944693,0.47652517999108124,0.48785233379277526,1.2352708183327463,-0.054814814814814816,-0.05361111111111111,0.3281308264402932,0.5076455417805803,0.17849957907496103,0.394935528754118,0.022654307603388046,0.0012037037037037068,0.007473188092343167,0.2619863013698635,0.11086235289474182,0.11423074820903178,0.0,0.9999999987499999,0.6050828695775186,0.2952968764188454,0.30445543215614856,0.3940803321756859,angry,05,21,21,male,strong,2491
30,1.0010000000000001,True,1.0,0.35597211763609604,0.36028468744117803,0.35812840253863704,1.3278280183027902,-0.04972222222222217,-0.04879629629629634,0.3515820470412938,0.4879255970192504,0.178506845034242,0.2697099305046985,0.004312569805081989,0.0009259259259258301,0.004147399916574298,0.29140897063717996,0.09149418890090452,0.1192663166922009,0.0,0.9999999987499999,0.654949062961122,0.31796788863418707,0.29148205079894884,0.4513159569898941,angry,05,21,21,male,strong,2491
40,1.3346666666666667,True,1.0,0.45276499538817544,0.4110496902318009,0.43190734280998816,1.7079300808464493,-0.0469444444444444,-0.0467129629629629,0.2748545864520666,0.7013297763553127,0.18197840664028841,0.2528835036361296,0.04171530515637456,0.00023148148148149916,0.004496352107144951,0.20788841518717163,0.09105654326145729,0.11767369909569628,0.0,0.9999999987499999,0.6612784201180473,0.31366765237229083,0.2779199903280647,0.4327462382942071,angry,05,21,21,male,strong,2491
50,1.6683333333333334,True,1.0,0.4603174603174604,0.43642045263039214,0.4483689564739263,1.1850614101938808,-0.048101851851851785,-0.04689814814814819,0.385237528965379,0.33962125779946567,0.1819951757573897,0.37835082014911897,0.02389700768706826,0.0012037037037035958,0.008619850675369724,0.26753048780487787,0.10989895580271908,0.1156531732453197,0.0,0.9999999987499999,0.6045320226840736,0.2968925883862356,0.32296069065370897,0.40974721989549046,angry,05,21,21,male,strong,2491
60,2.0020000000000002,True,1.0,0.43633234409172844,0.42030650292020894,0.4283194235059687,0.9848384276083588,-0.050462962962962876,-0.048055555555555574,0.4315126329409265,0.17905675459632334,0.18682556675428655,0.4349133944195552,0.016025841171519506,0.0024074074074073026,0.0051560766186212505,0.31411499522501546,0.11108297393847415,0.11368152942272598,0.0,0.96633380991311,0.5990637098433123,0.2962863405929447,0.33229237287419827,0.40991258055812335,angry,05,21,21,male,strong,2491
70,2.3356666666666666,True,1.0,0.45236231577900554,0.4211678815750618,0.43676509867703367,0.5830521466459374,-0.05249999999999999,-0.04995370370370372,0.38338316070858247,0.10665588048401366,0.1917239780709786,0.7491012616788502,0.031194434203943744,0.0025462962962962687,0.0015944527935007127,0.46646341463414503,0.10872928926389157,0.11577026794012668,0.0,0.9999999987499999,0.601538467551083,0.2869491968383741,0.30454711799490947,0.3845282745437359,angry,05,21,21,male,strong,2491
80,2.6693333333333333,True,1.0,0.44463752032505915,0.40047955267560753,0.42255853650033337,1.0079723629264892,-0.05111111111111116,-0.05046296296296293,0.4327022805013962,0.132293102489795,0.19460132869936592,0.419216391284282,0.044157967649451624,0.000648148148148231,0.015498596155568025,0.3023362765699057,0.0949277952290618,0.11736641057474494,0.0,0.9999999987499999,0.6567249740911989,0.31059411584612495,0.3078073346282157,0.4553790991490184,angry,05,21,21,male,strong,2491
90,3.003,True,1.0,0.4203986065531911,0.4444039038922887,0.43240125522273987,1.5435913658984814,-0.0494444444444444,-0.04722222222222222,0.2586310705323136,0.655497703326752,0.18612586828024436,0.2801267646188544,0.024005297339097564,0.002222222222222181,0.006398858635466248,0.18543816946138253,0.09537234666640809,0.11586003839547221,0.0,0.9999999987499999,0.654184300493635,0.31140847443596636,0.2779473177258275,0.4178523991453382,angry,05,21,21,male,strong,2491
100,3.336666666666667,True,1.0,0.4602743266775458,0.4120617635735691,0.43616804512555746,1.0839281154670923,-0.05004629629629642,-0.0475000000000001,0.38547058929347344,0.25290944729747483,0.18683169220295517,0.4023957298474553,0.0482125631039767,0.0025462962962963243,0.006150882164995755,0.29279550117781544,0.10710341326043837,0.1162972418646454,0.0,0.9999999987499999,0.6082344632618673,0.2921175825697082,0.3133711026347927,0.41767574580778144,angry,05,21,21,male,strong,2491
110,3.6703333333333332,True,1.0,0.5058046863390662,0.4760679244887013,0.4909363054138837,1.011670450756445,-0.05458333333333326,-0.05111111111111111,0.38432026427305477,0.2384574788804752,0.1868202578696493,0.48527295133192977,0.02973676185036489,0.0034722222222221544,0.004776829070981491,0.31338273932074356,0.10844203539458158,0.11603938228945937,0.0,0.9999999987499999,0.610068865725978,0.2902568370754066,0.3103254365785144,0.4130562424421925,angry,05,21,21,male,strong,2491
120,4.0040000000000004,True,1.0,0.49139826654845264,0.49281631925931896,0.4921072929038858,1.036956729905394,-0.05625000000000002,-0.05365740740740732,0.3736665532984712,0.28885719162207213,0.1868643578713441,0.4745687825843831,0.0014180527108663132,0.002592592592592702,0.006533096666165182,0.3137081601737101,0.10887070901373998,0.11481054944505875,0.0,0.9999999987499999,0.6118496788246549,0.2892208549291767,0.3081339115036822,0.40713755531822154,angry,05,21,21,male,strong,2491
130,4.337666666666666,True,1.0,0.49820210518430796,0.49955259040985195,0.49887734779707993,0.969732186938756,-0.05499999999999988,-0.05291666666666661,0.3711435702871442,0.2791551882460963,0.18754068568996568,0.5144485812850377,0.0013504852255439848,0.0020833333333332704,0.0007834347563670578,0.33237429253973255,0.11081924911087043,0.1149375262582404,0.0,0.9999999987499999,0.6021679420830832,0.29251599118983435,0.3119538961636649,0.3903465757005494,angry,05,21,21,male,strong,2491
0,0.0,True,1.0,0.526463745745184,0.5174912207513657,0.5219774832482749,1.0924052963552373,-0.062361111111111034,-0.060740740740740706,0.3046395474990911,0.5091719601655761,0.17786187196295736,0.477824013660342,0.008972524993818287,0.0016203703703703276,0.006052106204159327,0.28651870615098163,0.10926458822275646,0.11476824996708059,0.0,0.9999999987499999,0.608281852623862,0.29776852813827104,0.2799670798765809,0.3678375353651423,angry,05,21,21,male,strong,2492
10,0.33366666666666667,True,1.0,0.5079365079365079,0.507995617560298,0.507966062748403,1.0664981469402486,-0.061759259259259236,-0.05995370370370362,0.31439229833591475,0.4888116506809474,0.1778502899213846,0.4762934321130725,5.910962379007678e-05,0.0018055555555556158,0.005962270904077391,0.28125000000000094,0.10962557917964165,0.11492191119335933,0.0,0.9999999987499999,0.604646724041179,0.29482490255972466,0.27930288955773447,0.3635885576131331,angry,05,21,21,male,strong,2492
20,0.6673333333333333,True,1.0,0.4283556322694423,0.41289148857902613,0.4206235604242342,1.5716898950420253,-0.051481481481481406,-0.05166666666666653,0.2987897734233953,0.6829213689222395,0.1701608601264882,0.2676250332531324,0.015464143690416154,0.00018518518518512161,0.004640744479974557,0.2209771883659508,0.10546058272415741,0.11500646929807366,0.0,0.9999999987499999,0.6132402850046269,0.29922854953327827,0.28694588559735357,0.39492045816525995,angry,05,21,21,male,strong,2492
30,1.0010000000000001,True,1.0,0.4136627122022595,0.3717553053156652,0.3927090087589623,2.0191979716434147,-0.049722222222222334,-0.04842592592592598,0.2732392492856899,0.8872233511766524,0.17777820693070218,0.19448762046811016,0.04190740688659428,0.001296296296296351,0.0024335862449079222,0.17642576059096907,0.10652771549140641,0.11649818682745658,0.0,0.9999999987499999,0.6036534699739271,0.2938414807350035,0.29217644214680355,0.3968316943803748,angry,05,21,21,male,strong,2492
40,1.3346666666666667,True,1.0,0.42872781694280754,0.444623740735784,0.43667577883929576,1.4719628111565768,-0.05111111111111111,-0.04981481481481487,0.28971518310174244,0.7072879330943834,0.175,0.29666223598148045,0.01589592379297644,0.0012962962962962399,0.0032865200051690486,0.2049518573568787,0.10980269589753576,0.11623732956453518,0.0,0.9239457891761034,0.6017705682351066,0.29290775987196427,0.29469516008810615,0.37980273541161885,angry,05,21,21,male,strong,2492
50,1.6683333333333334,True,1.0,0.4115226337448567,0.35597211763609843,0.38374737569047757,1.1992014340601453,-0.04736111111111113,-0.04481481481481481,0.39596277386809264,0.30332077992733747,0.17790175989010215,0.32000243227797115,0.055550516108758274,0.0025462962962963243,0.004978419585876132,0.27793509069640043,0.10739488729074445,0.11651969629147425,0.0,0.9999999987499999,0.6091425660420418,0.29417631041048675,0.3204230112921679,0.42628298594594893,angry,05,21,21,male,strong,2492
60,2.0020000000000002,True,1.0,0.39549551801583555,0.36241674470372137,0.37895613135977846,1.05151816940352,-0.04814814814814805,-0.04541666666666666,0.39334105562416266,0.26287194801871483,0.1729171078841008,0.36038952286934195,0.033078773312114174,0.0027314814814813904,0.009865595935602248,0.30434541370966606,0.1083131974905892,0.11648722001608612,0.0,0.9999999987499999,0.6089903073260554,0.2958306950416315,0.3098471865127742,0.40689437572811527,angry,05,21,21,male,strong,2492
70,2.3356666666666666,True,1.0,0.4199826803428317,0.39549551801583577,0.4077390991793337,1.3738033510557042,-0.04810185185185173,-0.0462037037037038,0.37546738847023575,0.43304670848495114,0.17085521526842085,0.29679582515649355,0.024487162326995937,0.0018981481481479268,0.005574459976632354,0.2386986977734943,0.10658486184214037,0.11790922125183717,0.0,0.9999999987499999,0.6061445434580082,0.2973338750438222,0.30804259994305283,0.4054326828821786,angry,05,21,21,male,strong,2492
80,2.6693333333333333,True,1.0,0.45269564718738003,0.43622137544457784,0.4444585113159789,1.8201326458233877,-0.04916666666666675,-0.047175925925925954,0.23957771744270046,0.8517065913488941,0.17986153529316398,0.2441901761038497,0.016474271742802193,0.001990740740740793,0.0010297003959409347,0.18028377365457504,0.10879977094433688,0.11570403244874992,0.0,0.9999999987499999,0.5987868011814101,0.29187796396661464,0.2844149851074356,0.3796321508449259,angry,05,21,21,male,strong,2492
90,3.003,True,1.0,0.4279028818692626,0.4044499416599537,0.4161764117646082,1.243477799065364,-0.05041666666666672,-0.04893518518518519,0.3230770554342431,0.5365054816534727,0.17505274386528663,0.3346874484429228,0.023452940209308937,0.001481481481481528,0.002568247097672437,0.25572214489158485,0.11179244118195027,0.1136564257552822,0.0,0.9999999987499999,0.6032178229338611,0.2924022971180935,0.3103406009612952,0.3961331960127417,angry,05,21,21,male,strong,2492
100,3.336666666666667,True,1.0,0.4600856791042169,0.43674277893871455,0.4484142290214657,1.0425855364773702,-0.05194444444444446,-0.04912037037037037,0.3388316731173866,0.39911477568274306,0.17710444305856665,0.430098263722843,0.023342900165502334,0.00282407407407409,0.004801967178810985,0.3092004148532315,0.11073814801365708,0.11468389422795265,0.0,0.9999999987499999,0.6084224102140857,0.2915400423823933,0.3061702372779601,0.3929856335770635,angry,05,21,21,male,strong,2492
110,3.6703333333333332,True,1.0,0.4603174603174604,0.44480303702712154,0.45256024867229094,1.0301566207401989,-0.05152777777777784,-0.0495370370370371,0.3364727294624634,0.3821391484942888,0.17779880505291804,0.4393120808631144,0.015514423290338863,0.0019907407407407374,0.0030009141340148517,0.30887641634857405,0.10885815521701002,0.1156491042994783,0.0,0.9999999987499999,0.6114767117550145,0.29372777461533783,0.2958191556240926,0.39207273924213953,angry,05,21,21,male,strong,2492
120,4.0040000000000004,True,1.0,0.46806278341483176,0.4281694759893731,0.44811612970210246,1.0219420401454429,-0.05319444444444432,-0.04925925925925928,0.33578235352472485,0.37688174547070763,0.18125673478866927,0.43849466222010647,0.03989330742545866,0.003935185185185042,0.006804546994132384,0.30469271976674106,0.10634737397136515,0.11485240236271783,0.0,0.9999999987499999,0.6121469620738922,0.295620091302819,0.29269510949512456,0.39489469678489036,angry,05,21,21,male,strong,2492
0,0.0,True,1.0,0.5397070209242245,0.556422949392325,0.5480649851582747,1.0250421548356323,-0.06217592592592597,-0.06092592592592583,0.3272350974149162,0.42710089784818117,0.18339324896887868,0.534675557071268,0.01671592846810044,0.0012500000000001399,0.003327017750578018,0.29062499999999936,0.10986909415619678,0.11418968250039485,0.0,0.9999999987499999,0.6085223267041192,0.2970507372251672,0.28698075200541684,0.368117915267728,angry,05,21,21,male,strong,2493
10,0.33366666666666667,True,1.0,0.536289186157657,0.514668850125721,0.525479018141689,1.0200654864619156,-0.06444444444444442,-0.062962962962963,0.3324429688030311,0.4277517934179641,0.18406135556647357,0.5151424345943773,0.021620336031936027,0.001481481481481417,0.00407277321602948,0.2907582979888133,0.11090065795988528,0.11452675270320459,0.0,0.9999999987499999,0.5984501452846763,0.29340498210563926,0.2879585500569897,0.36721026855539635,angry,05,21,21,male,strong,2493
20,0.6673333333333333,True,1.0,0.4446175581050473,0.40564021971733716,0.4251288889111922,1.1541557848188073,-0.05736111111111114,-0.05375000000000002,0.349714970442214,0.3664271819362539,0.18405430888416377,0.3683461925184856,0.038977338387710114,0.0036111111111111205,0.0026864218584049886,0.2976047836480196,0.11189418938921271,0.1140584729180539,0.0,0.9999999987499999,0.599987225976328,0.29484055063734654,0.309305220681497,0.38512878188813393,angry,05,21,21,male,strong,2493
30,1.0010000000000001,True,1.0,0.42872781694280626,0.402327211614466,0.4155275142786361,1.5718090099804853,-0.05111111111111111,-0.05060185185185195,0.2842663950991797,0.6403048788729374,0.1924626186247637,0.2643625985346623,0.026400605328340265,0.0005092592592591538,0.004782985118029227,0.2294768371664329,0.10431690847211252,0.11620890259779242,0.0,0.9999999987499999,0.605792991251188,0.2921296352806277,0.28121271807058684,0.3800949736162192,angry,05,21,21,male,strong,2493
40,1.3346666666666667,True,1.0,0.4212136510293998,0.384589286331253,0.4029014686803264,1.3647281103686417,-0.05027777777777781,-0.04791666666666666,0.3060236105891414,0.5206231940182026,0.19052821352148874,0.29522471591172417,0.03662436469814678,0.002361111111111147,0.005788363502046862,0.23088809918109762,0.10578028942019684,0.11586923876380714,0.0,0.9999999987499999,0.6089600012583158,0.29239145458827526,0.29206442510394276,0.3982051902403028,angry,05,21,21,male,strong,2493
50,1.6683333333333334,True,1.0,0.40423882417601303,0.42610026033853665,0.41516954225727487,1.1469536257710071,-0.05009259259259263,-0.049583333333333424,0.39194336849273775,0.27272550143097324,0.18821430797469604,0.3619758749863918,0.021861436162523618,0.0005092592592592093,0.010913616079603705,0.28834060323364724,0.09365050076708453,0.11741857033275029,0.0,0.9999999987499999,0.6576477822613419,0.31242967587858583,0.2984857611625422,0.4527744620678708,angry,05,21,21,male,strong,2493
60,2.0020000000000002,True,1.0,0.4754124848578119,0.44444512877006476,0.45992880681393833,1.0348424309720603,-0.05120370370370364,-0.04907407407407405,0.416027204101288,0.1790887173122773,0.18958977209762073,0.4444433210782753,0.030967356087747144,0.0021296296296295925,0.006371914352650767,0.31112208315406986,0.1112421203434535,0.11419511234019171,0.0,0.9999999987499999,0.6011141582101591,0.2955521096854215,0.32918112547932665,0.40978605843462446,angry,05,21,21,male,strong,2493
70,2.3356666666666666,True,1.0,0.4448306081783186,0.4286549274089896,0.43674276779365406,1.0904478832560418,-0.05078703703703702,-0.04953703703703716,0.36951635767541546,0.21659581242757042,0.1909917968582275,0.4005168651339433,0.016175680769329015,0.0012499999999998623,0.0035227422400627944,0.2700394584325175,0.09082778422052365,0.1197745987838921,0.0,0.9999999987499999,0.6494683729272959,0.3143697042172136,0.26899128118653476,0.4101443057698057,angry,05,21,21,male,strong,2493
80,2.6693333333333333,True,1.0,0.4602529467387048,0.4439091842533702,0.45208106549603755,1.66147826293784,-0.05212962962962964,-0.04981481481481487,0.24212582035735056,0.8195129269896103,0.19097861416070608,0.2720956846565443,0.01634376248533459,0.0023148148148147696,0.005330875440098377,0.1976351351351351,0.10933494185226372,0.11569354180462024,0.0,0.9999999987499999,0.6028343714282588,0.2881811654240633,0.29396790725480537,0.38228293694781157,angry,05,21,21,male,strong,2493
90,3.003,True,1.0,0.474872765211891,0.44439986169805745,0.45963631345497424,1.6592955831564953,-0.05296296296296299,-0.05023148148148149,0.27758548685805373,0.7418027312934924,0.18752603985846866,0.2770068926360928,0.030472903513833527,0.0027314814814815014,0.0018203117192787358,0.19191176470588223,0.09515124175254186,0.11718533112684708,0.0,0.9999999987499999,0.654499249551383,0.310796871508407,0.27884595485401337,0.4171394612852829,angry,05,21,21,male,strong,2493
100,3.336666666666667,True,1.0,0.5437161939882583,0.48980494841457817,0.5167605712014183,0.9736030808843236,-0.05592592592592588,-0.053240740740740644,0.35292405286939776,0.32448262930531785,0.18681576561865812,0.5307712982297105,0.053911245573680155,0.002685185185185235,0.0010263884877831212,0.3039376705396888,0.11075100778761152,0.1145052110053662,0.0,0.9999999987499999,0.6052865712378701,0.2904664295853803,0.3005525707837539,0.3825089013764561,angry,05,21,21,male,strong,2493
110,3.6703333333333332,True,1.0,0.5375465638320146,0.514354176982672,0.5259503704073434,0.9411317624332478,-0.05736111111111114,-0.055416666666666614,0.3659143318530869,0.28081001753453894,0.18333499792094693,0.5588488152259634,0.02319238684934255,0.0019444444444445264,0.005496821359670914,0.30887641634857405,0.11092073658820684,0.1140070672061712,0.0,0.9999999987499999,0.6062834955388405,0.2938273031857903,0.2998817779628607,0.3826419945546277,angry,05,21,21,male,strong,2493
120,4.0040000000000004,True,1.0,0.5230608657087563,0.49139826654845187,0.5072295661286041,0.865240560370301,-0.05578703703703708,-0.05449074074074062,0.3671463186096437,0.22009433806761053,0.18403814194642587,0.5862295289433991,0.03166259916030445,0.001296296296296462,6.604917422172115e-05,0.33596830685767853,0.1105141127932159,0.11440127644178122,0.0,0.9999999987499999,0.601229891409689,0.2969777008547054,0.30371609465495464,0.3885492896554977,angry,05,21,21,male,strong,2493
0,0.0,True,1.0,0.5768545766124749,0.5303433565944977,0.5535989666034863,0.7727762645829637,-0.06157407407407395,-0.06027777777777776,0.3453792687749733,0.3041561092489159,0.18062695257212014,0.7163767729101274,0.04651122001797714,0.0012962962962961844,0.0026029232763131707,0.37098407028621555,0.1070798364556365,0.1156619316436349,0.0,0.9999999987499999,0.6091834303565175,0.2947527853974252,0.2754584453090469,0.3705298693030203,fearful,06,21,21,male,normal,2494
10,0.33366666666666667,True,1.0,0.5653613004615051,0.53798609183374,0.5516736961476225,1.1938323292690272,-0.07703703703703707,-0.07930555555555552,0.33516404990844995,0.49457171160997077,0.20422047016405526,0.46210316358697323,0.027375208627765102,0.0022685185185184475,0.0006348879387447144,0.2686107786466277,0.10547869374009193,0.11728649931343166,0.0,0.9999999987499999,0.6044174710352892,0.2993865182375381,0.2970384593529378,0.3868211899577569,fearful,06,21,21,male,normal,2494
20,0.6673333333333333,True,1.0,0.5493260671650889,0.5067369434089251,0.528031505287007,0.9254606339252569,-0.060694444444444384,-0.06402777777777774,0.3854998528060539,0.1716297688511887,0.19725355397916716,0.5705607412466693,0.04258912375616386,0.003333333333333355,0.0028474912200840193,0.3450783422948396,0.10577843104496029,0.11717894532505378,0.0,0.9999999987499999,0.5974626337644432,0.30430296772212645,0.30163086457897514,0.39181122093456416,fearful,06,21,21,male,normal,2494
30,1.0010000000000001,True,1.0,0.5916008527780116,0.6045492948732334,0.5980750738256224,0.9710921610407852,-0.059814814814814876,-0.06291666666666662,0.38267310041813246,0.23153345466395484,0.19455780600042563,0.6158787989644823,0.012948442095221835,0.0031018518518517446,0.0060724490065573134,0.32879691095488217,0.10562981464186154,0.11812215583210912,0.0,0.9748635346219529,0.597883650608681,0.3039692811958195,0.30742872523427667,0.4050101245097547,fearful,06,21,21,male,normal,2494
40,1.3346666666666667,True,1.0,0.563306712225059,0.5547257131209926,0.5590162126730258,0.9169559393737191,-0.059074074074074,-0.05995370370370362,0.35303489285196105,0.2734647717220432,0.19307491897578213,0.6096434830389276,0.0085809991040664,0.0008796296296296191,0.006150340859607515,0.33733955346733935,0.10646907527829551,0.11752847057931047,0.0,0.9999999987499999,0.6049888882427971,0.29886046418631007,0.28889713189097543,0.37776617781385863,fearful,06,21,21,male,normal,2494
50,1.6683333333333334,True,1.0,0.5970101472666393,0.5705586478530489,0.583784397559844,1.052215729293547,-0.058750000000000024,-0.06101851851851853,0.3421669710868255,0.4028013338701858,0.18958494304490606,0.5548143610738401,0.026451499413590374,0.002268518518518503,0.005951443004553136,0.30801375727459007,0.10751921065399776,0.11705783429592018,0.0,0.9999999987499999,0.6058785505999275,0.298829258370171,0.2923419534111001,0.38358848950376645,fearful,06,21,21,male,normal,2494
60,2.0020000000000002,True,1.0,0.5481258263293108,0.5311520443108192,0.539638935320065,0.705051602274509,-0.058657407407407436,-0.05750000000000005,0.3659861082901853,0.2192808728052697,0.18613119697045144,0.7653892758759504,0.016973782018491645,0.0011574074074073848,0.009894662954172774,0.37554052109410113,0.10683324680804224,0.11670882966171071,0.0,0.9999999987499999,0.6060295107261655,0.297853532249186,0.28489441686310635,0.37613428575644553,fearful,06,21,21,male,normal,2494
70,2.3356666666666666,True,1.0,0.5772978340841456,0.5740951614244336,0.5756964977542895,0.9400606150798854,-0.057222222222222174,-0.056481481481481466,0.32216593763253765,0.3546599658239811,0.18682025786964934,0.6124035924059721,0.0032026726597119692,0.0007407407407407085,0.010524399136889784,0.3188829561190257,0.10610626796438996,0.11704505776804629,0.0,0.9999999987499999,0.6053985238548545,0.29896366235272354,0.2778335807535757,0.3702302474559286,fearful,06,21,21,male,normal,2494
80,2.6693333333333333,True,1.0,0.5849264600124083,0.570975824762133,0.5779511423872707,1.025202263651281,-0.058888888888888824,-0.05731481481481482,0.3391644855340367,0.36372157622340334,0.18751993709107478,0.5637435293294074,0.01395063525027529,0.0015740740740740056,0.004100589826001624,0.3032301106119151,0.10902795001625823,0.11532395870078677,0.0,0.9999999987499999,0.6054565704015981,0.295618954926686,0.290259132814143,0.37636189716807605,fearful,06,21,21,male,normal,2494
90,3.003,True,1.0,0.5208442505355121,0.5393344300182039,0.5300893402768581,0.7951111730013887,-0.05745370370370373,-0.05564814814814806,0.352998062124309,0.190633762451737,0.18824349140015098,0.6666858148601721,0.018490179482691826,0.0018055555555556713,0.005534975718374387,0.33951851574600167,0.10807631050486712,0.11572341422534267,0.0,0.9999999987499999,0.6122156769739145,0.29141245521524206,0.2899394339018655,0.3897161190833099,fearful,06,21,21,male,normal,2494
100,3.336666666666667,True,1.0,0.5046678185395109,0.5136215931905739,0.5091447058650425,0.6696366815533127,-0.05601851851851858,-0.05458333333333332,0.38284000257270623,0.1785558326179927,0.18889252403601006,0.7603297726821245,0.008953774651062951,0.0014351851851852615,0.006233519661948603,0.41485499549566957,0.10422928466509745,0.11612354932190794,0.0,0.9999999987499999,0.6041383134503802,0.30115691403973566,0.28830300174696627,0.37185181480173224,fearful,06,21,21,male,normal,2494
0,0.0,True,1.0,0.5494949494949501,0.5486504142406546,0.5490726818678024,0.8283555871853436,-0.06009259259259264,-0.06027777777777776,0.32781698543005766,0.35377686536040737,0.17648618189208873,0.6628465967538021,0.0008445352542955087,0.00018518518518512161,0.005436082196724158,0.3521792429772485,0.10665212117310938,0.11572765858202702,0.0,0.9999999987499999,0.613173451302396,0.29388441287389816,0.27239941162868747,0.36784144516165607,fearful,06,21,21,male,normal,2495
10,0.33366666666666667,True,1.0,0.5655032371261633,0.5518293987643033,0.5586663179452334,0.8452911810368088,-0.06333333333333335,-0.06560185185185174,0.3278847030042127,0.344994077498089,0.18691008021618244,0.6609158246037655,0.013673838361860091,0.002268518518518392,0.007858626445575712,0.3449691820398728,0.10848714209509512,0.1138420043954419,0.0,0.9999999987499999,0.608990616238683,0.29621347507585816,0.27870054993226145,0.36648304403424464,fearful,06,21,21,male,normal,2495
20,0.6673333333333333,True,1.0,0.5432314212954318,0.5530233400300187,0.5481273806627253,1.0342083766665782,-0.07083333333333336,-0.07874999999999999,0.352147400877744,0.3151103647655981,0.2028996442506895,0.5299970422106123,0.009791918734586957,0.007916666666666627,0.007703870621512281,0.29003906249999967,0.1041706144277242,0.11683031014585998,0.0,0.9999999987499999,0.6030626215955132,0.30242394658941196,0.3034218710355401,0.3892228486423031,fearful,06,21,21,male,normal,2495
30,1.0010000000000001,True,1.0,0.5740698522666455,0.5617536593309176,0.5679117557987816,0.9723849536553115,-0.06231481481481482,-0.0706944444444444,0.37503719902615346,0.22029745749974422,0.19864222379929897,0.5840400488139325,0.012316192935727943,0.00837962962962957,0.0014913977959103955,0.3163940298931514,0.1040586903298896,0.11790356623493148,0.0,0.9999999987499999,0.6006769426364296,0.3040116866983318,0.3105708970153987,0.407105088962276,fearful,06,21,21,male,normal,2495
40,1.3346666666666667,True,1.0,0.5633067122250602,0.5825272093161281,0.5729169607705942,0.9640245285696004,-0.06370370370370376,-0.06921296296296303,0.338050304831885,0.3466430664593614,0.19733398804732605,0.5942970783333454,0.01922049709106788,0.005509259259259269,0.005719053307660098,0.3157279848686139,0.10643623583484296,0.11690815753594584,0.0,0.9999999987499999,0.6049100626578755,0.29998408173092084,0.2927343863298004,0.3884286374060988,fearful,06,21,21,male,normal,2495
50,1.6683333333333334,True,1.0,0.5954632921465931,0.5857368753476052,0.5906000837470992,1.1380592246410774,-0.0591666666666667,-0.05935185185185182,0.33725894655289,0.4350807533441278,0.18751993709107478,0.518953733654207,0.009726416798987891,0.00018518518518512161,0.0019769037488973156,0.2745202747922669,0.10818499694214732,0.11529178649819517,0.0,0.9999999987499999,0.6077205155343387,0.29803915919315127,0.29004097111047245,0.38266637763202116,fearful,06,21,21,male,normal,2495
60,2.0020000000000002,True,1.0,0.5751839993577583,0.5325318359287095,0.5538579176432339,0.6987571238423883,-0.059120370370370434,-0.05847222222222215,0.36692696500588984,0.21737412350533142,0.18543682774578085,0.7926329460480207,0.04265216342904887,0.0006481481481482865,0.00448432130142525,0.39000998935861464,0.10739221695569968,0.11603060516249612,0.0,0.9999999987499999,0.6095898796471714,0.2949560304409238,0.2832646025363168,0.3750834856309097,fearful,06,21,21,male,normal,2495
70,2.3356666666666666,True,1.0,0.5486514547986412,0.5397760816474702,0.5442137682230557,0.9780730513173902,-0.05805555555555564,-0.057222222222222285,0.3450983305937788,0.35862678548304344,0.18889050451846834,0.5564142345912108,0.00887537315117104,0.0008333333333333526,0.002281279191825232,0.31918543243352804,0.10709521270279827,0.11646848913309642,0.0,0.9999999987499999,0.6046486893429246,0.2995942266946265,0.2870820106049196,0.37314087378983746,fearful,06,21,21,male,normal,2495
80,2.6693333333333333,True,1.0,0.5914430467042963,0.601509233762976,0.5964761402336362,1.2399343230300865,-0.06018518518518512,-0.058379629629629615,0.3039865207869569,0.5181632471383228,0.1854759093090738,0.48105462455140285,0.010066187058679787,0.0018055555555555047,0.0002262471376228291,0.2606796236122743,0.10959034620821852,0.11495551009333656,0.0,0.9999999987499999,0.6037539204040991,0.29594594823754383,0.28303827483176075,0.3738838387613523,fearful,06,21,21,male,normal,2495
90,3.003,True,1.0,0.5596686259607355,0.5600560506784924,0.559862338319614,0.9604166103277759,-0.05921296296296291,-0.05791666666666673,0.3424138568443956,0.3417810734030879,0.18612586828024424,0.5829369591270827,0.00038742471775687903,0.0012962962962961844,0.002642526993585245,0.3054996609671654,0.10799475211919694,0.11547000957878703,0.0,0.9999999987499999,0.605739886532738,0.2955538417342672,0.28543847918460075,0.3784269936302787,fearful,06,21,21,male,normal,2495
100,3.336666666666667,True,1.0,0.5452571187289028,0.5072289530285742,0.5262430358787384,0.7205481622337583,-0.057592592592592584,-0.057222222222222174,0.3591334259797578,0.21928087280526956,0.18473254743001208,0.7303370731629402,0.03802816570032863,0.00037037037037040976,0.003177967229573142,0.35724824869333865,0.10876536556780368,0.11457827413086347,0.0,0.9999999987499999,0.6069763432716837,0.2950918188717754,0.2882214303652493,0.3770661804295545,fearful,06,21,21,male,normal,2495
110,3.6703333333333332,True,1.0,0.5472298971988875,0.5079943895098353,0.5276121433543615,0.73894292442974,-0.058009259259259205,-0.05504629629629626,0.35234990958353385,0.2810355566813226,0.18125042093162333,0.7140093313181562,0.03923550768905215,0.002962962962962945,0.008475633629058836,0.3814472584721307,0.10973493749087525,0.11448514699085048,0.0,0.9999999987499999,0.6093426869107017,0.2908967422411297,0.2760111058485324,0.367904912973797,fearful,06,21,21,male,normal,2495
0,0.0,True,1.0,0.5486504142406552,0.5325318359287108,0.540591125084683,0.9409380140865223,-0.06092592592592577,-0.05865740740740727,0.3208850020196544,0.39943232187113065,0.18057076675375175,0.57452363172881,0.01611857831194441,0.002268518518518503,0.006250088198778562,0.3083434382936284,0.10636820096065076,0.11433430045686327,0.0,0.9999999987499999,0.6081503518204158,0.29581610474747966,0.27308829058237266,0.370907289418223,fearful,06,21,21,male,normal,2496
10,0.33366666666666667,True,1.0,0.47729360579468544,0.4612772235836819,0.46928541468918367,1.0468231533004582,-0.06509259259259259,-0.065,0.29843537489412536,0.46621461272403675,0.18403441091295172,0.44829483682091414,0.016016382211003544,9.259259259258856e-05,0.0008692399179730477,0.29874929248575804,0.107342436368072,0.11291508290967237,0.0,0.9999999987499999,0.6141358579369248,0.2960662285396211,0.2757199828446562,0.3669833234413287,fearful,06,21,21,male,normal,2496
20,0.6673333333333333,True,1.0,0.5750311858827746,0.5760745014956005,0.5755528436891875,1.2111297500200102,-0.06004629629629632,-0.061712962962963025,0.30581217735909577,0.47511772709022626,0.18333374948165362,0.4752198050453952,0.0010433156128258902,0.0016666666666667052,0.0008639361115417671,0.2614225993296374,0.10597394623079083,0.1148658047649655,0.0,0.9999999987499999,0.611807068765006,0.2983099916764771,0.28164297051332027,0.37561339558309664,fearful,06,21,21,male,normal,2496
30,1.0010000000000001,True,1.0,0.5531480248991112,0.5020671702850081,0.5276075975920597,1.160099887642247,-0.05592592592592599,-0.056666666666666754,0.32520599241156495,0.4130658690847394,0.1847259393635113,0.45479497344349706,0.051080854614103055,0.000740740740740764,0.0005048823564607707,0.2731478238987873,0.1032402680275878,0.11651419528901512,0.0,0.9940568803333204,0.610822403492647,0.2997908138397085,0.27679757419030515,0.37641155456230124,fearful,06,21,21,male,normal,2496
40,1.3346666666666667,True,1.0,0.5808896519805158,0.5379860918337399,0.5594378719071278,0.9383172909605109,-0.058425925925925826,-0.05699074074074073,0.3481067244149289,0.3621399176954734,0.18616070695444287,0.5962139643983942,0.042903560146775876,0.001435185185185095,0.00752491886723204,0.315774098112369,0.10602004655265536,0.1146572115720481,0.0,0.9999999987499999,0.6083722531121823,0.29922042157601997,0.2850461038218046,0.38199003353281924,fearful,06,21,21,male,normal,2496
50,1.6683333333333334,True,1.0,0.5954632921465945,0.5695483829670561,0.5825058375568253,1.0827250501330155,-0.05814814814814806,-0.05708333333333332,0.3503642195639197,0.41206740007808973,0.18819484984356957,0.5379997788776227,0.025914909179538426,0.0010648148148147407,0.00249540315815148,0.2942117279569663,0.10589988086070654,0.11526514439537638,0.0,0.9999999987499999,0.6103272985913114,0.2983658293206631,0.2992846751158119,0.4055040846270324,fearful,06,21,21,male,normal,2496
60,2.0020000000000002,True,1.0,0.6022269707914273,0.5872048898689258,0.5947159303301766,1.214561808771321,-0.06018518518518512,-0.059305555555555445,0.3216508957385488,0.4928492849284928,0.18333499792094687,0.4896547265320363,0.015022080922501457,0.0008796296296296746,0.00017750727513492266,0.26086089722253897,0.10396930792742934,0.11651999590362269,0.0,0.9999999987499999,0.6098180648665716,0.2978903477207036,0.282233014709432,0.3878630443161509,fearful,06,21,21,male,normal,2496
70,2.3356666666666666,True,1.0,0.5759642842102949,0.5679825180743548,0.5719734011423249,1.178837647669179,-0.05833333333333329,-0.05768518518518523,0.3341585863462817,0.3929328260203258,0.18141829471210996,0.48520116597331436,0.007981766135940038,0.0006481481481480644,0.005654000068466801,0.25270899418433507,0.10570118964183271,0.11577696093244631,0.0,0.9975838929243758,0.6057136513042717,0.3004067951844184,0.2805692967636531,0.3789038304088114,fearful,06,21,21,male,normal,2496
80,2.6693333333333333,True,1.0,0.5954632921465944,0.5849264600124102,0.5901948760795024,1.0979806755576704,-0.06046296296296283,-0.05787037037037035,0.28632707070847824,0.5189368630265356,0.18541707813917355,0.5375275623860494,0.010536832134184215,0.0025925925925924798,0.005216092372870729,0.2664742276465475,0.10815272874375165,0.11399274223504906,0.0,0.9999999987499999,0.6037916162402461,0.29633987963801023,0.27360555765071204,0.37206377390092155,fearful,06,21,21,male,normal,2496
90,3.003,True,1.0,0.5872773419712606,0.5691331076791101,0.5782052248251853,1.003614182560005,-0.06101851851851847,-0.058379629629629726,0.34399758005510633,0.3783958172543516,0.1847920093949727,0.5761230110861004,0.018144234292150507,0.0026388888888887463,0.00466878478413315,0.2950694222218817,0.10483968371855083,0.11573749243108127,0.0,0.9999999987499999,0.6060168486300771,0.29832999868469523,0.27989606840606135,0.3848233819497628,fearful,06,21,21,male,normal,2496
100,3.336666666666667,True,1.0,0.529475489286278,0.5457039862775358,0.5375897377819069,0.7072326257494577,-0.05870370370370365,-0.05592592592592588,0.3602212604516524,0.1650080552574145,0.19052821352148874,0.7601314167487968,0.016228496991257835,0.002777777777777768,0.005278644737003228,0.36315213202341384,0.10653564255404437,0.114677788366152,0.0,0.9999999987499999,0.6051376130999274,0.29756638251088585,0.28432373016973844,0.3757078332007217,fearful,06,21,21,male,normal,2496
110,3.6703333333333332,True,1.0,0.5311520443108192,0.5164132576167649,0.5237826509637921,0.787677067657012,-0.057499999999999996,-0.05583333333333329,0.34619229849358185,0.2542842214388361,0.18408746739003498,0.6649713092724813,0.014738786694054262,0.0016666666666667052,0.007064394059034869,0.3772041261052629,0.1071787586919288,0.1135748216897969,0.0,0.8184042943288251,0.6087178442861519,0.2963377213624746,0.28010754950664973,0.372142369028614,fearful,06,21,21,male,normal,2496
0,0.0,True,1.0,0.5496453094210374,0.5230608657087564,0.536353087564897,1.0813287514318453,-0.06231481481481482,-0.06124999999999997,0.30754003762095755,0.4948453608247437,0.1778395651362625,0.49601297186880783,0.02658444371228097,0.0010648148148148517,0.011948930557523971,0.27648305084745733,0.10678469672496371,0.11609869206654075,0.0,0.9999999987499999,0.6110002436521484,0.29488385575031434,0.2745151856868471,0.3694281047854664,fearful,06,21,21,male,normal,2497
10,0.33366666666666667,True,1.0,0.5657985764489685,0.5652196816474813,0.5655091290482248,1.1363583342185684,-0.06115740740740744,-0.06087962962962962,0.3068406535120756,0.4948453608247422,0.180559358475242,0.49765035554309067,0.0005788948014872064,0.0002777777777778212,0.00991609660239927,0.2635879036154608,0.10582063577437413,0.11367405969685242,0.0,0.9999999987499999,0.6124711716952406,0.2966153521062358,0.2776966536315692,0.37356595683140986,fearful,06,21,21,male,normal,2497
20,0.6673333333333333,True,1.0,0.5333333333333328,0.5311520443108205,0.5322426888220766,0.9621991468237655,-0.06208333333333327,-0.06444444444444447,0.3478349645650353,0.35061595819192304,0.185457809398365,0.5531523183937733,0.002181289022512245,0.0023611111111112026,0.012581411896455152,0.30507088133579413,0.10602389667617043,0.11711967803485959,0.0,0.9999999987499999,0.608177113532913,0.2988062086244214,0.28003401160174407,0.37510159674107796,fearful,06,21,21,male,normal,2497
30,1.0010000000000001,True,1.0,0.5593677298542585,0.5941397977361071,0.5767537637951828,1.1905394551451234,-0.06606481481481485,-0.07310185185185186,0.3109245727679793,0.4761979513850044,0.19653398903121472,0.48444741692737786,0.03477206788184861,0.007037037037037008,0.009568420283119734,0.26869994343857617,0.10222421663602409,0.11610119981591616,0.0,0.9999999987499999,0.6110774896833734,0.30173194904259426,0.27941475850712316,0.3711814729420862,fearful,06,21,21,male,normal,2497
40,1.3346666666666667,True,1.0,0.5750311858827744,0.5489700040595946,0.5620005949711845,0.9481481481481475,-0.07337962962962957,-0.07657407407407413,0.3380377525351336,0.37248677248677253,0.21116314520014592,0.5927350025086715,0.026061181823179735,0.0031944444444445552,0.015519921344701948,0.31138392857142894,0.10522683309669759,0.11751251571905678,0.0,0.9999999987499999,0.6054089107986945,0.3025695541457856,0.2923123241394091,0.37622768565798276,fearful,06,21,21,male,normal,2497
50,1.6683333333333334,True,1.0,0.5430783598512912,0.5464471449063073,0.5447627523787992,1.040228482491513,-0.06870370370370371,-0.07518518518518513,0.3731969885440052,0.29064213228200725,0.20557374157803746,0.5236952857453063,0.0033687850550161436,0.0064814814814814214,0.014886406663294716,0.2992327880441404,0.1035910334948471,0.11911708307836746,0.0,0.9999999987499999,0.6062268286845989,0.3048065278273396,0.3057690387087023,0.4041029819562935,fearful,06,21,21,male,normal,2497
60,2.0020000000000002,True,1.0,0.5555628248343154,0.583700029573055,0.5696314272036852,1.1200000000000003,-0.06055555555555564,-0.059027777777777735,0.3191595115845074,0.40888888888888886,0.1904224696420173,0.5085994885747188,0.028137204738739596,0.0015277777777779056,0.006295142416391045,0.2857142857142859,0.1040917298313785,0.11591861961900775,0.0,0.9999999987499999,0.6130938530021383,0.2927246162153984,0.27913166792813804,0.3897885249869081,fearful,06,21,21,male,normal,2497
70,2.3356666666666666,True,1.0,0.5637303424039295,0.5281974920269876,0.5459639172154586,0.7335547884880438,-0.059166666666666756,-0.05736111111111114,0.3472683037000531,0.27712069787326,0.1882272789446145,0.7442714924413001,0.03553285037694187,0.0018055555555556158,0.00254669750595427,0.3881366733001318,0.10691687804708296,0.11432243641533217,0.0,0.9999999987499999,0.6053611972757853,0.29688578218493017,0.282569419860368,0.37006047072691517,fearful,06,21,21,male,normal,2497
80,2.6693333333333333,True,1.0,0.5476535273777575,0.5384266393322056,0.5430400833549816,0.9371752643198128,-0.05995370370370379,-0.05874999999999991,0.34218862992304466,0.33703785078933934,0.18819809300513307,0.5794434659445601,0.00922688804555194,0.0012037037037038734,0.0012374317998772215,0.3162610283909846,0.10636461033605021,0.11746093438934424,0.0,0.9999999987499999,0.6065015505420918,0.2978683128528069,0.2804630717291521,0.3735155438533437,fearful,06,21,21,male,normal,2497
90,3.003,True,1.0,0.6022262389757804,0.5910488367968225,0.5966375378863015,1.2482722831871214,-0.05981481481481482,-0.05828703703703708,0.2993198843064208,0.5295508274231672,0.18268065722355606,0.4779706686773105,0.011177402178957907,0.001527777777777739,0.003180724334567648,0.26462903014739886,0.10648549145428789,0.11751359707306568,0.0,0.9947084015007195,0.6090639979741898,0.2977742704614901,0.2756854279055472,0.3703066640254082,fearful,06,21,21,male,normal,2497
100,3.336666666666667,True,1.0,0.5868096203235004,0.5647700331105843,0.5757898267170423,1.03425863501067,-0.05958333333333338,-0.05865740740740749,0.32841755803692857,0.4223037181015846,0.18199517575738963,0.5567174468996356,0.0220395872129161,0.0009259259259258856,0.0012249476820514196,0.2910897132277479,0.10866143299805628,0.11550453829335178,0.0,0.9999999987499999,0.6112224831416943,0.29635472661479934,0.2823939758474011,0.3749930297823437,fearful,06,21,21,male,normal,2497
110,3.6703333333333332,True,1.0,0.569548382967057,0.5679859257983144,0.5687671543826858,0.7070179288370215,-0.05884259259259261,-0.05712962962962964,0.3443185118486607,0.20551088462764514,0.18553554424467675,0.8044593088583406,0.0015624571687425926,0.0017129629629629717,0.0019565224370763023,0.3930966852575846,0.10765919185374122,0.11545336769186268,0.0,0.9999999987499999,0.6041754192067452,0.29707280790233465,0.2819556554433247,0.3675063873205505,fearful,06,21,21,male,normal,2497
120,4.0040000000000004,True,1.0,0.5592348959495282,0.5437161939882589,0.5514755449688935,0.7074961849780512,-0.0593981481481482,-0.056666666666666754,0.33978540251989536,0.23032788876351903,0.19106208921678955,0.7794749380676901,0.015518701961269366,0.002731481481481446,0.0072095900997638015,0.3800401031636969,0.10613059279214543,0.11405486340976477,0.0,0.9999999987499999,0.611812525658701,0.2898211243281267,0.2831287617454694,0.38251072234760036,fearful,06,21,21,male,normal,2497
0,0.0,True,1.0,0.5981143378841428,0.5849264600124103,0.5915203989482766,1.063019379834052,-0.06208333333333327,-0.061203703703703705,0.32529381753871534,0.461803501075449,0.1779017598901022,0.5564530714770402,0.013187877871732478,0.0008796296296295636,0.010755876449096029,0.2863303327623939,0.10524988345636305,0.11503382360600807,0.0,0.9999999987499999,0.6086308927477241,0.29855024699163657,0.27973356380010034,0.37610396690631526,fearful,06,21,21,male,strong,2498
10,0.33366666666666667,True,1.0,0.5633067122250591,0.5486514547986397,0.5559790835118494,1.049585020289688,-0.06037037037037035,-0.05935185185185188,0.3343945987749011,0.4147553709209248,0.18131060409212146,0.5297132416756462,0.014655257426419377,0.0010185185185184742,6.766390651122776e-05,0.2903225806451608,0.10796957378793,0.11366449450327695,0.0,0.9999999987499999,0.6066745348451881,0.29995731245575624,0.2855441567242209,0.37328323670858626,fearful,06,21,21,male,strong,2498
20,0.6673333333333333,True,1.0,0.576717615253894,0.6051553201535592,0.5909364677037265,1.2453889786176784,-0.06703703703703695,-0.0719907407407408,0.37033033468896226,0.44044244365747115,0.1944695544302724,0.4744995160946723,0.02843770489966524,0.004953703703703849,0.0029654127058304615,0.25381097560975574,0.10772932321014833,0.11637438854205011,0.0,0.9999999987499999,0.6058481232571152,0.29879425514523505,0.3011993544681676,0.39834552527458056,fearful,06,21,21,male,strong,2498
30,1.0010000000000001,True,1.0,0.5614045753966264,0.5766653359915499,0.5690349556940881,1.0407928888696665,-0.06569444444444456,-0.07430555555555551,0.4085040040513167,0.2705985406291789,0.20565055049708245,0.5467321710009739,0.01526076059492354,0.008611111111110958,0.010113864092824523,0.3149911409987374,0.09144144822307823,0.11866628273081067,0.0,0.9999999987499999,0.6575074297531514,0.3150340022722097,0.3029630471331231,0.44965559646664055,fearful,06,21,21,male,strong,2498
40,1.3346666666666667,True,1.0,0.6088610082575564,0.622488161626915,0.6156745849422357,1.333104768433509,-0.06291666666666679,-0.06842592592592583,0.30479474122731953,0.5832333361896597,0.2000858122791084,0.46183510817810386,0.013627153369358602,0.005509259259259047,0.0039046979517597027,0.23478616198483232,0.10448710026117541,0.11638376265769178,0.0,0.9999999987499999,0.6097301884347488,0.29311925000131284,0.2999167889642228,0.40825978235504695,fearful,06,21,21,male,strong,2498
50,1.6683333333333334,True,1.0,0.6391887364885511,0.6326918421762924,0.6359402893324217,1.0782097574963476,-0.065925925925926,-0.07314814814814824,0.39168518389166046,0.32783404788740306,0.19734751940380224,0.5898112912733272,0.00649689431225875,0.007222222222222241,0.008500381661961792,0.2739821124721677,0.10201551348539403,0.11791163449456102,0.0,0.9999999987499999,0.6114414400369523,0.297393270641986,0.3059641097236249,0.42100850448713484,fearful,06,21,21,male,strong,2498
60,2.0020000000000002,True,1.0,0.6183044405665655,0.6273187597732368,0.6228116001699011,1.3776425152777838,-0.06782407407407398,-0.07708333333333334,0.3543526275354916,0.49649649649649596,0.20076893997186585,0.4520850607200658,0.009014319206671284,0.009259259259259356,0.006486729714289999,0.22917542523343085,0.08935041339698185,0.12056507218301277,0.0,0.9999999987499999,0.6566098838519783,0.31669764434898334,0.28601598403343337,0.43276776243522985,fearful,06,21,21,male,strong,2498
70,2.3356666666666666,True,1.0,0.6693764055423338,0.6701921869365229,0.6697842962394284,0.8958016302185562,-0.06606481481481485,-0.07324074074074077,0.36137179358312815,0.30644353119234263,0.19864952113169732,0.7476926516376349,0.0008157813941891412,0.007175925925925919,0.001191660076962379,0.2965575542001001,0.11043929690879611,0.11463981343172085,0.0,0.9999999987499999,0.5993657775922869,0.2963190379375772,0.29683499294839916,0.36639051245039317,fearful,06,21,21,male,strong,2498
80,2.6693333333333333,True,1.0,0.6812819823953585,0.7018897505727748,0.6915858664840666,1.5013011914903056,-0.06912037037037044,-0.0760648148148147,0.26507148217443277,0.7189329649390188,0.204196932878333,0.460657641787086,0.020607768177416275,0.006944444444444253,0.007124905729197775,0.1980633802816896,0.1092066464415251,0.1161431934876569,0.0,0.9999999987499999,0.5907335655199579,0.2959745724459785,0.29088616208533563,0.36261037740042396,fearful,06,21,21,male,strong,2498
90,3.003,True,1.0,0.6184363124362438,0.6261400020585206,0.6222881572473822,1.1683339422947285,-0.06532407407407403,-0.07199074074074074,0.3744373493088619,0.3640006654195762,0.197287587779331,0.5326286729504272,0.007703689622276855,0.00666666666666671,0.0002893944431129169,0.2704885740125376,0.10696583761321393,0.11740154541753177,0.0,0.9882004183436945,0.6021646852490996,0.3017729456352646,0.31148143484949353,0.41322160229991006,fearful,06,21,21,male,strong,2498
100,3.336666666666667,True,1.0,0.6411075104935117,0.653445300975751,0.6472764057346314,1.226538457784159,-0.06615740740740744,-0.07194444444444459,0.37369613639683585,0.3984674329501916,0.19468952053705743,0.5277261398749686,0.012337790482239375,0.005787037037037146,0.00389506014128445,0.2603534257217821,0.10643711513087795,0.11460311886879787,0.0,0.9999999987499999,0.6035620345013006,0.3011859696687342,0.30287133981529113,0.4130261183085438,fearful,06,21,21,male,strong,2498
110,3.6703333333333332,True,1.0,0.6823155043879942,0.7063356499419016,0.6943255771649479,1.1542961157086766,-0.06314814814814806,-0.0687037037037036,0.3636311850023486,0.4054580896686156,0.19468952053705743,0.601514262861977,0.024020145553907413,0.005555555555555536,0.005054900263801374,0.2815012774958782,0.10321019213515045,0.11621342000962805,0.0,0.9999999987499999,0.6061331363092112,0.30298590382702684,0.2903229241483822,0.3984987774386972,fearful,06,21,21,male,strong,2498
0,0.0,True,1.0,0.607130429041383,0.6076289797360215,0.6073797043887023,1.0763371624822706,-0.05967592592592591,-0.05958333333333332,0.32822093492044313,0.42710089784818117,0.18405430888416377,0.5643024561076669,0.0004985506946384444,9.259259259258856e-05,0.006701671340226508,0.28570289791118725,0.10861414574361716,0.1145554409301169,0.0,0.9999999987499999,0.6071878899919343,0.2988441266549698,0.2877465581633219,0.3773531514365486,fearful,06,21,21,male,strong,2499
10,0.33366666666666667,True,1.0,0.592304577828326,0.589064026034046,0.590684301931186,1.0501099524385373,-0.059768518518518554,-0.059537037037036944,0.34392881922030843,0.38552769056855724,0.1841210342932545,0.5624975751915451,0.0032405517942800666,0.00023148148148161019,0.0020126224047029174,0.30243553264495054,0.1065730377487748,0.11530586149174947,0.0,0.9999999987499999,0.6000471399653611,0.29892670634339247,0.28637468160238233,0.3764196996301762,fearful,06,21,21,male,strong,2499
20,0.6673333333333333,True,1.0,0.634270839813254,0.6872422565390854,0.6607565481761697,1.2108507261110473,-0.062407407407407356,-0.0672222222222223,0.37293551987740464,0.35249042145593884,0.1910121683285029,0.5456961241608668,0.05297141672583139,0.004814814814814938,0.0028902235675204503,0.256615453978098,0.10759431638863172,0.11812327435136277,0.0,0.9999999987499999,0.5998194292248149,0.3012778276396816,0.305594247394483,0.4046110152766971,fearful,06,21,21,male,strong,2499
30,1.0010000000000001,True,1.0,0.6395211915573084,0.6592823299418618,0.649401760749585,1.155078684051667,-0.061944444444444524,-0.07148148148148142,0.38884973503787207,0.32578295243615946,0.1994295438290704,0.5622143060173874,0.0197611383845534,0.0095370370370369,0.011654837771735616,0.26681998500877124,0.10492464004052023,0.11648118340104961,0.0,0.9999999987499999,0.6026652220966512,0.3037329357909892,0.3131588709800484,0.4152620024162343,fearful,06,21,21,male,strong,2499
40,1.3346666666666667,True,1.0,0.6302362391105398,0.6590138287634074,0.6446250339369737,1.272331154684096,-0.06324074074074076,-0.06986111111111115,0.327974276527331,0.5228758169934639,0.20214712702540868,0.5066487852347104,0.028777589652867586,0.0066203703703703876,0.007262070706899939,0.23886986301369825,0.10408004887991641,0.11691099907320081,0.0,0.9999999987499999,0.598939428638643,0.30161876519817254,0.30360616950433045,0.39887967916378214,fearful,06,21,21,male,strong,2499
50,1.6683333333333334,True,1.0,0.6654462858030588,0.6674180492425903,0.6664321675228245,1.0985846579829155,-0.06268518518518518,-0.07050925925925933,0.3915628823380098,0.2890695573622405,0.20073245582099242,0.6066279577820105,0.0019717634395315375,0.00782407407407415,0.005905762617777991,0.28891940322658316,0.1086271168766273,0.11668539968374332,0.0,0.9999999987499999,0.5991785118109745,0.30044864991357634,0.31742003772396,0.40613886286420414,fearful,06,21,21,male,strong,2499
60,2.0020000000000002,True,1.0,0.5978373045448432,0.6007396466985355,0.5992884756216894,1.0498247406374344,-0.06374999999999997,-0.06986111111111104,0.33445258480922985,0.3553518792464069,0.19742675586761846,0.5708462112045601,0.002902342153692339,0.006111111111111067,0.0016722193921611245,0.2815267789593933,0.10342921361542416,0.11403093067833506,0.0,0.9999999987499999,0.6070619740708785,0.30330015001910343,0.2810282651248755,0.37516363682813164,fearful,06,21,21,male,strong,2499
70,2.3356666666666666,True,1.0,0.6129963829025598,0.6277099280908828,0.6203531554967212,1.0225272899452627,-0.06111111111111117,-0.06958333333333344,0.36434561744492244,0.3224773012758286,0.19864952113169718,0.6066861604543871,0.014713545188323018,0.00847222222222227,0.007651886157694501,0.30443208629200214,0.10500571987284384,0.11851664982654554,0.0,0.9999999987499999,0.6077304685311625,0.29397429366266586,0.30110399473805005,0.3999520214073577,fearful,06,21,21,male,strong,2499
80,2.6693333333333333,True,1.0,0.6094157376464066,0.6204327228733766,0.6149242302598916,1.5812110851256005,-0.062037037037036946,-0.06990740740740736,0.2907878546266479,0.6441971087548732,0.19937023807184523,0.3888944594712643,0.011016985226970033,0.007870370370370416,0.007163038617526002,0.2013888888888892,0.09203782653687873,0.11755784876618769,0.0,0.9999999987499999,0.647021953711172,0.32004101427373177,0.283052468152479,0.4221896507074309,fearful,06,21,21,male,strong,2499
90,3.003,True,1.0,0.634600936695471,0.6350636805189291,0.6348323086072001,1.1555489393589073,-0.06347222222222226,-0.06874999999999998,0.3821095658202902,0.3629231381918354,0.1931124547695312,0.5493772587073653,0.0004627438234581227,0.005277777777777715,0.003605057192829354,0.2743096624885051,0.10842396730964149,0.11622031037192529,0.0,0.9999999987499999,0.6008220825517707,0.30018913566356775,0.31100284332993905,0.4050867226070485,fearful,06,21,21,male,strong,2499
100,3.336666666666667,True,1.0,0.5968684322906557,0.5935594230729553,0.5952139276818055,1.1155376489611006,-0.06263888888888897,-0.06981481481481472,0.38542189368318086,0.31557972964031117,0.20000038146936272,0.5335668663770584,0.003309009217700387,0.007175925925925752,0.013772933092748515,0.28247846515375885,0.10737551355210605,0.11783816066841125,0.0,0.9999999987499999,0.6026281041948031,0.30195922281446713,0.30775250012239913,0.3941788772888509,fearful,06,21,21,male,strong,2499
110,3.6703333333333332,True,1.0,0.5979797979797972,0.5974108218893484,0.5976953099345728,1.194872220400262,-0.061990740740740624,-0.06930555555555556,0.37048837285329866,0.3982803837261008,0.1958430727437407,0.5002169267391244,0.0005689760904488139,0.0073148148148149406,0.018197181498216503,0.25992498895109384,0.10726269612289123,0.11598620465510123,0.0,0.8334257598568439,0.6046914826008529,0.30158879210801803,0.3061162006888065,0.4086839732326635,fearful,06,21,21,male,strong,2499
0,0.0,True,1.0,0.554725713120992,0.5714196523386125,0.5630726827298023,1.0829514461061924,-0.06115740740740733,-0.05958333333333338,0.3179114959682605,0.4881950600647153,0.1778296977626925,0.5199426851077756,0.016693939217620524,0.00157407407407395,0.0016742000218448814,0.2771128686502298,0.10953218836345842,0.1141796534289326,0.0,0.9999999987499999,0.6059924601246749,0.2966759454111878,0.2808799127173241,0.3698537266265978,fearful,06,21,21,male,strong,2500
10,0.33366666666666667,True,1.0,0.5923045778283249,0.5853425939775898,0.5888235859029574,1.1020480851715917,-0.061620370370370436,-0.05981481481481482,0.318338035090741,0.47103668156527667,0.18138633073239693,0.5342993593707629,0.006961983850735098,0.0018055555555556158,0.002482321612230833,0.2903225806451615,0.1083794127403676,0.11510904608928182,0.0,0.9999999987499999,0.6012646788559174,0.29633471320205423,0.2755080862523609,0.36506481835876353,fearful,06,21,21,male,strong,2500
20,0.6673333333333333,True,1.0,0.608018598774966,0.5970101472666394,0.6025143730208027,1.172179572640007,-0.0618055555555555,-0.06041666666666662,0.3091246590666674,0.5128285630300041,0.1819511535287632,0.5140120055699379,0.011008451508326633,0.001388888888888884,0.0006588353958731475,0.26367187499999994,0.1062308065812114,0.11790557691680849,0.0,0.9575578848219655,0.6020789289622099,0.2982655630370032,0.2727898852660209,0.3624500336436479,fearful,06,21,21,male,strong,2500
30,1.0010000000000001,True,1.0,0.6090052255033039,0.5993201113484719,0.6041626684258878,1.1904948784625082,-0.059814814814814876,-0.06152777777777774,0.3158343732204364,0.4395673397400029,0.18965133174141804,0.5074886749669578,0.009685114154832086,0.0017129629629628607,0.00832221320504629,0.2682692307692315,0.10287118253439761,0.11781449034304654,0.0,0.9999999987499999,0.6149832515506203,0.2951276810513701,0.27673852596430965,0.38508000255583114,fearful,06,21,21,male,strong,2500
40,1.3346666666666667,True,1.0,0.6090052255033025,0.602076942339041,0.6055410839211717,1.4560432540725556,-0.05898148148148141,-0.061574074074074114,0.31002513410691107,0.5578198691105872,0.18755858459758648,0.4158812468156232,0.006928283164261528,0.002592592592592702,0.009122736901791379,0.22682706842851094,0.1008147325990579,0.11877964591800608,0.0,0.9999999987499999,0.600575786353604,0.30814429462039783,0.28265922916109393,0.38421971275741423,fearful,06,21,21,male,strong,2500
50,1.6683333333333334,True,1.0,0.6088682683193687,0.6178840154399559,0.6133761418796623,1.1532234863173028,-0.058611111111111225,-0.06134259259259256,0.3471468437566792,0.39275147019236967,0.19039362020939674,0.5318796826089747,0.00901574712058717,0.002731481481481335,0.007855333643389681,0.26940288167318766,0.10185008304620198,0.12060904727653711,0.0,0.9999999987499999,0.6030355706110568,0.30445059467086044,0.28438490183633003,0.39022991863088197,fearful,06,21,21,male,strong,2500
60,2.0020000000000002,True,1.0,0.5633067122250601,0.5556388956074263,0.5594728039162432,0.8040695957291817,-0.05916666666666681,-0.05898148148148136,0.3434532736533863,0.20937874748372695,0.19171482531582354,0.6958014665495187,0.007667816617633827,0.00018518518518545468,0.0012008709739645396,0.317069608590135,0.10379700381562856,0.11601850130348422,0.0,0.9999999987499999,0.6007857151454332,0.30280718809904367,0.27560402040027243,0.36190247095418615,fearful,06,21,21,male,strong,2500
70,2.3356666666666666,True,1.0,0.5656535185663734,0.5723802597466966,0.569016889156535,1.059253818474045,-0.058240740740740815,-0.05865740740740755,0.3313824531402809,0.3758487901063989,0.19381653658425438,0.537186535684391,0.006726741180323237,0.0004166666666667318,0.00036240226465199076,0.29981695960692917,0.10538843673095072,0.11704250194935567,0.0,0.9999999987499999,0.6098798183726616,0.29267934068921636,0.28434729673041625,0.3895591500644358,fearful,06,21,21,male,strong,2500
80,2.6693333333333333,True,1.0,0.6129963829025598,0.5798081952919968,0.5964022890972782,1.2816269822512496,-0.05972222222222229,-0.060972222222222205,0.33559159144492573,0.46126896967603603,0.18893775557162903,0.4653477941371554,0.03318818761056297,0.0012499999999999178,0.004919222703864199,0.24886945575556135,0.10521494646394501,0.11752315854881577,0.0,0.9999999987499999,0.5941363254207933,0.3020914993570445,0.29240980977110836,0.3924241333919148,fearful,06,21,21,male,strong,2500
90,3.003,True,1.0,0.5533137118747666,0.5388733698089113,0.546093540841839,1.1130774451338894,-0.05750000000000011,-0.05874999999999997,0.3755888723693851,0.3246376811594204,0.18897974658960054,0.4906159434181606,0.014440342065855316,0.0012499999999998623,0.005240926409818664,0.28938714338514837,0.10504958175756275,0.11669549880413604,0.0,0.9999999987499999,0.6115832301514356,0.2953530841330809,0.29542804489428837,0.4134680585579432,fearful,06,21,21,male,strong,2500
100,3.336666666666667,True,1.0,0.5758197219087964,0.570196205791803,0.5730079638502996,0.9060339295824051,-0.059074074074074,-0.0591666666666667,0.3398635453908025,0.324786324786325,0.18478168750979107,0.6324354366225572,0.00562351611699341,9.259259259269959e-05,0.005820609944656892,0.3289909056875035,0.1047692143014814,0.11888613533132003,0.0,0.9100212010419348,0.6074213233418367,0.3020525362701103,0.2789690705484784,0.3737229208443942,fearful,06,21,21,male,strong,2500
110,3.6703333333333332,True,1.0,0.5423513522623973,0.5322497537094784,0.5373005529859378,0.6758050893560711,-0.05819444444444444,-0.05796296296296294,0.36843232404854137,0.18072310813907302,0.18759153039354048,0.7950525402196884,0.010101598552918922,0.00023148148148149916,0.0003151679607194474,0.4061547921184685,0.10196465193046983,0.11600121088654897,0.0,0.9999999987499999,0.6038913054909464,0.3048778774374894,0.2769146579295212,0.3631925824079261,fearful,06,21,21,male,strong,2500
0,0.0,True,1.0,0.5808905283967104,0.5384266393322055,0.5596585838644579,0.9997394142813019,-0.06064814814814812,-0.05986111111111103,0.32729189773743816,0.3878299451953329,0.18339324896887868,0.5598044609122351,0.042463889064504934,0.000787037037037086,0.00498201934390867,0.3011405223880335,0.1077137184577037,0.1150718413120885,0.0,0.9999999987499999,0.6161999271974415,0.29196787798721185,0.2778005417539393,0.382927424660944,fearful,06,21,21,male,strong,2501
10,0.33366666666666667,True,1.0,0.5655115819017138,0.5303433565944976,0.5479274692481058,1.0095616612736826,-0.06000000000000005,-0.059259259259259234,0.32509699355594773,0.40902729977423,0.1820048173001131,0.5427379924043766,0.035168225307216194,0.0007407407407408195,0.006386120247232873,0.30112636126697834,0.10817412529208839,0.11497104122014012,0.0,0.9999999987499999,0.6160397929484294,0.29236820788478673,0.2789980677512249,0.38222490156931566,fearful,06,21,21,male,strong,2501
20,0.6673333333333333,True,1.0,0.5647700331105856,0.5837000295730557,0.5742350313418206,1.1006579536004493,-0.06949074074074085,-0.07476851851851862,0.3187962409126995,0.4349374171485644,0.20070812936930751,0.5217197853914516,0.018929996462470067,0.00527777777777777,0.007843474388220093,0.283093880587918,0.10624632702007282,0.11691793551070677,0.0,0.9999999987499999,0.615853881888693,0.29231823531300866,0.2796892074434789,0.3826247620215225,fearful,06,21,21,male,strong,2501
30,1.0010000000000001,True,1.0,0.5031446540880488,0.4886382438413158,0.4958914489646823,1.3236831022100628,-0.060462962962962996,-0.07078703703703704,0.3019055780965391,0.4821832766888112,0.20629475425896224,0.37463003655234883,0.014506410246732937,0.010324074074074041,0.010969973282117957,0.24909910048571843,0.1037767556122543,0.11815179625674664,0.0,0.9999999987499999,0.6057849985541092,0.3016794996400053,0.2986853037404955,0.3897928915645043,fearful,06,21,21,male,strong,2501
40,1.3346666666666667,True,1.0,0.6463826983674031,0.6701276729001587,0.6582551856337809,1.1791353233634063,-0.06245370370370362,-0.06689814814814815,0.30237335465496734,0.5052631578947365,0.1993916667032484,0.5582524521071518,0.02374497453275559,0.004444444444444529,0.0038078758909443206,0.267814446253244,0.10586106270787665,0.1169414945893525,0.0,0.9999999987499999,0.6084491800392032,0.29666893500364044,0.2900884273817646,0.38916388586134587,fearful,06,21,21,male,strong,2501
50,1.6683333333333334,True,1.0,0.6172845006063695,0.6371320845101689,0.6272082925582692,1.0635080045860685,-0.06259259259259253,-0.06893518518518527,0.3544694172430378,0.3412268574745618,0.19733398804732616,0.5897541813071608,0.01984758390379937,0.006342592592592733,0.005818221738252243,0.2854075302463114,0.10509871077407337,0.1174650365028121,0.0,0.9758059884171524,0.6054099641497224,0.2961822961412563,0.30042930693733255,0.40864374758565164,fearful,06,21,21,male,strong,2501
60,2.0020000000000002,True,1.0,0.6614950023215236,0.6465812560598136,0.6540381291906686,1.185024648087524,-0.06087962962962956,-0.06560185185185197,0.34289812932149716,0.38677887819523354,0.19862993294926806,0.5519194307445008,0.014913746261709937,0.004722222222222405,0.0015152835737094904,0.26598786036127264,0.10641628785741163,0.1169263155819928,0.0,0.9999999987499999,0.5984783888086485,0.29644434491540345,0.2864074852838254,0.37964330430313414,fearful,06,21,21,male,strong,2501
70,2.3356666666666666,True,1.0,0.6664504809706087,0.6746852177344573,0.670567849352533,1.3655872029578935,-0.06236111111111109,-0.06768518518518518,0.2628438731662338,0.7044415105641042,0.1958582652569057,0.4910472563744501,0.008234736763848671,0.005324074074074092,0.0037553632820457135,0.21486423528265425,0.10841019517875279,0.11508005552027067,0.0,0.9999999987499999,0.60230458173113,0.294835312115816,0.2822034335044199,0.3782515093113617,fearful,06,21,21,male,strong,2501
80,2.6693333333333333,True,1.0,0.6465991863689925,0.6652091089383313,0.6559041476536619,1.1187737348854647,-0.06259259259259253,-0.06495370370370379,0.34629079368898474,0.42775179341796277,0.18895713720099233,0.5862705989614697,0.0186099225693388,0.002361111111111258,0.0005665998246975524,0.28277401384393946,0.1076352997957057,0.1171138907880927,0.0,0.9999999987499999,0.5945955400910364,0.3012419407473461,0.29198419763859673,0.38554446303930145,fearful,06,21,21,male,strong,2501
90,3.003,True,1.0,0.6140897798536767,0.615137950884687,0.6146138653691819,1.0342083766665795,-0.0602314814814815,-0.06476851851851856,0.34916299180364846,0.3635888824218443,0.18969959983660586,0.5942843620646175,0.001048171031010292,0.004537037037037062,0.0006170680606206566,0.30801375727458946,0.10810611548309447,0.11536575485091907,0.0,0.9999999987499999,0.601046763728929,0.2947586277766376,0.29097428342963527,0.397548393943584,fearful,06,21,21,male,strong,2501
100,3.336666666666667,True,1.0,0.5928522310044879,0.6165156120195835,0.6046839215120356,1.0794031273581108,-0.063425925925926,-0.06685185185185188,0.33764079330360064,0.41513950457267723,0.189834685211682,0.5602021211408083,0.023663381015095575,0.003425925925925888,0.004011114054500221,0.2946216750990951,0.1091485852815322,0.11387916440584583,0.0,0.9999999987499999,0.5957531369579081,0.29814421638947647,0.2911288390293269,0.3810628020401186,fearful,06,21,21,male,strong,2501
0,0.0,True,1.0,0.5070631636299026,0.5243200737910099,0.5156916187104562,0.9863437533277851,-0.06537037037037041,-0.06462962962962959,0.3237403646270059,0.4065713140116263,0.1910121683285029,0.5228315351220963,0.01725691016110731,0.0007407407407408195,0.01765365640023834,0.320083059354228,0.11075020154171415,0.1131670904071976,0.0,0.9999999987499999,0.6063768139990372,0.28905742073112195,0.28425299529622206,0.3743665708336394,disgust,07,21,21,male,normal,2502
10,0.33366666666666667,True,1.0,0.5294754892862791,0.5460910789583882,0.5377832841223336,0.9694629908181324,-0.06592592592592594,-0.06467592592592591,0.3286775090211383,0.40811546199427756,0.19102055594950887,0.5547228612290778,0.016615589672109077,0.0012500000000000289,0.010032837080190392,0.3176709446525913,0.10618538594911732,0.11333341349554099,0.0,0.9999999987499999,0.6099835601584382,0.292300852584563,0.26862308650181516,0.36790462227076215,disgust,07,21,21,male,normal,2502
20,0.6673333333333333,True,1.0,0.5229042819255955,0.5146688501257204,0.5187865660256579,1.0391237969000242,-0.06291666666666668,-0.0625,0.32708049151136576,0.4172820412860348,0.1923864930105574,0.49925385942784944,0.00823543179987507,0.0004166666666666763,0.008106659989936262,0.3060124412997692,0.10869945751835726,0.11645452764069755,0.0,0.9999999987499999,0.5995411327812376,0.2917522627139358,0.2847461179031842,0.37534079726260583,disgust,07,21,21,male,normal,2502
30,1.0010000000000001,True,1.0,0.4275338097135866,0.4042435789428003,0.4158886943281934,1.197255851276114,-0.051666666666666694,-0.052638888888888846,0.31091975977982134,0.4625089388237438,0.17851496546228482,0.34736827043685936,0.023290230770786347,0.0009722222222221522,0.0198057143361887,0.29825212948384655,0.10469313396144349,0.11537574396099998,0.0,0.9999999987499999,0.612377313011142,0.2946140928735684,0.2843645784471752,0.3992152213960052,disgust,07,21,21,male,normal,2502
40,1.3346666666666667,True,1.0,0.3851196391346052,0.37955658949225557,0.38233811431343034,1.1602339181286554,-0.04893518518518519,-0.04898148148148157,0.30350948140684153,0.44912280701754376,0.17916666666666659,0.3295353707036117,0.0055630496423496045,4.629629629637755e-05,0.0019915490625787625,0.28125000000000006,0.1038412323436092,0.11663414980731361,0.0,0.9999999987499999,0.6168967256824606,0.2958276133856632,0.2788681061801883,0.3880612572235318,disgust,07,21,21,male,normal,2502
50,1.6683333333333334,True,1.0,0.40251572327043905,0.41171669714881437,0.40711621020962674,1.0148920049290329,-0.04944444444444429,-0.049537037037036935,0.3580149885653865,0.3566740070437265,0.17434100583818915,0.40114239567597604,0.009200973878375318,9.259259259264407e-05,0.011105810458841132,0.33103180616772915,0.10352365941666215,0.11869507909076821,0.0,0.9999999987499999,0.6000574292920293,0.30255674457909876,0.2870179097068984,0.37933845867369786,disgust,07,21,21,male,normal,2502
60,2.0020000000000002,True,1.0,0.3522682601898747,0.3457519032437884,0.34901008171683157,0.7519391924700441,-0.04611111111111105,-0.04555555555555546,0.35264709627895496,0.19996950697510274,0.18195492727998097,0.4641466826198655,0.006516356946086321,0.0005555555555555869,0.010063071596879303,0.37341624922178274,0.10697275652670594,0.11559627684584718,0.0,0.9999999987499999,0.6079731427023934,0.2942712881886901,0.2932883035282145,0.38538181453766696,disgust,07,21,21,male,normal,2502
70,2.3356666666666666,True,1.0,0.36924718251063454,0.36194382519981616,0.3655955038552253,1.4446049467916824,-0.047083333333333366,-0.046342592592592546,0.2863102938140573,0.6246759842471494,0.18059780572044007,0.2530764584928045,0.007303357310818381,0.0007407407407408195,0.0014773557828359348,0.22843399061468767,0.10725011441945347,0.11599783880070141,0.0,0.9999999987499999,0.607473111197604,0.2917165149123076,0.2928972125958021,0.3887932123478831,disgust,07,21,21,male,normal,2502
80,2.6693333333333333,True,1.0,0.41855042539912657,0.41169754912524714,0.41512398726218686,1.591930599568688,-0.04828703703703707,-0.04800925925925925,0.25048209411166267,0.8981877061422471,0.16600163907137394,0.26076764111115086,0.006852876273879427,0.0002777777777778212,0.005911420910280388,0.1928322410665359,0.10845884237306837,0.11486846895861481,0.0,0.9999999987499999,0.6052257038205909,0.29662717055185844,0.27996431275606903,0.3667333086236836,disgust,07,21,21,male,normal,2502
90,3.003,True,1.0,0.42775179341796354,0.4274583970682768,0.4276050952431202,1.2399343230300883,-0.05106481481481484,-0.05148148148148146,0.3066772622325747,0.5551749076482052,0.17430599325732177,0.34486108441466534,0.00029339634968672534,0.0004166666666666208,0.013128630186176854,0.26067962361227487,0.1089669915203183,0.11488512632845045,0.0,0.9999999987499999,0.6041144366262129,0.3008620512869643,0.287370094312207,0.3723719900913038,disgust,07,21,21,male,normal,2502
100,3.336666666666667,True,1.0,0.44444444444444486,0.4280566622386322,0.4362505533415385,1.1844215588824876,-0.051990740740740726,-0.05203703703703699,0.31030888385340977,0.4665903110749205,0.18548619256239374,0.36832371892415133,0.016387782205812662,4.6296296296266526e-05,0.009541169312828975,0.2727272727272723,0.10833306682000218,0.11597696309368326,0.0,0.9999999987499999,0.6079946377769858,0.2940137299707735,0.29361071600025734,0.38906349502194526,disgust,07,21,21,male,normal,2502
110,3.6703333333333332,True,1.0,0.46844222038238775,0.46139197682325633,0.46491709860282204,1.1773960471229554,-0.05259259259259269,-0.05240740740740746,0.310408705794259,0.4800153115193599,0.18134468499349693,0.39486891410827946,0.007050243559131419,0.00018518518518523264,0.0056951884615587525,0.2855769230769234,0.10694110704928302,0.1170991247208205,0.0,0.9999999987499999,0.6063500287146109,0.2934917049699762,0.28848071092235417,0.3850609897050458,disgust,07,21,21,male,normal,2502
0,0.0,True,1.0,0.5080934070157999,0.4922308439637942,0.500162125489797,1.0356442142104307,-0.0675925925925927,-0.06634259259259262,0.3175954045842357,0.4832793959007546,0.18413387926676386,0.48294782959910393,0.015862563052005674,0.0012500000000000844,0.007620700578785629,0.28173101389637817,0.10763624575717982,0.11347763185400467,0.0,0.9999999987499999,0.6003912089054372,0.2932899571391953,0.27181748863399063,0.35474583894230954,disgust,07,21,21,male,normal,2503
10,0.33366666666666667,True,1.0,0.5173314689615413,0.49955259040985195,0.5084420296856966,1.005166517807383,-0.06481481481481483,-0.06430555555555562,0.30763288513363907,0.4486445298797299,0.18267272197487106,0.5058286569222233,0.017778878551689303,0.0005092592592592093,0.0007577511272850496,0.30180702714579744,0.11050060377201265,0.11458072129067437,0.0,0.9999999987499999,0.6024882137933298,0.2937635104123858,0.2825073793185432,0.3609142723613643,disgust,07,21,21,male,normal,2503
20,0.6673333333333333,True,1.0,0.5237025928504933,0.5235025173380211,0.5236025550942571,1.0737530198234895,-0.05972222222222229,-0.06041666666666662,0.3175902118085645,0.4752475247524766,0.17709410391571503,0.4876377951238082,0.00020007551247214206,0.000694444444444331,0.003460153145893921,0.27662758333301346,0.10834662760373304,0.11530525500404615,0.0,0.9999999987499999,0.6072700061977916,0.2929227852946776,0.27774319642035944,0.3724526112084734,disgust,07,21,21,male,normal,2503
30,1.0010000000000001,True,1.0,0.3751923329454961,0.38301774970061875,0.37910504132305745,1.1379424397175408,-0.04861111111111116,-0.04749999999999993,0.34006038369946856,0.4183468782155063,0.17298019039000134,0.3331495760164799,0.00782541675512266,0.0011111111111112293,0.010260802336121758,0.30640878414029105,0.10387524874032314,0.11886931648210185,0.0,0.9999999987499999,0.6071348037496247,0.2992054040229253,0.28685867084070343,0.39701339745295683,disgust,07,21,21,male,normal,2503
40,1.3346666666666667,True,1.0,0.41927239696479773,0.38598919053258657,0.40263079374869215,1.172367182537501,-0.04814814814814811,-0.0477777777777777,0.3001989240259017,0.4821832766888112,0.1729171078841008,0.34343403649121934,0.033283206432211165,0.00037037037037040976,0.013519753483264962,0.2631048387096769,0.10224345698072157,0.11443126799355338,0.0,0.9999999987499999,0.6162451627057073,0.2988260534596346,0.27182148009155827,0.36943448205262386,disgust,07,21,21,male,normal,2503
50,1.6683333333333334,True,1.0,0.42735042735042694,0.41070688409336814,0.4190286557218975,1.4431202532289247,-0.0495833333333332,-0.04898148148148146,0.32459549649373093,0.5216097300827437,0.1729237260105192,0.29036295124009065,0.0166435432570588,0.0006018518518517424,0.006349478913249181,0.23073645718086358,0.10304489709095975,0.11537342956332919,0.0,0.9999999987499999,0.6119838309229942,0.2995137849969448,0.28355858589506117,0.3913927094958464,disgust,07,21,21,male,normal,2503
60,2.0020000000000002,True,1.0,0.4444039038922893,0.4277835921403366,0.43609374801631295,1.0157944241514305,-0.050833333333333286,-0.04708333333333331,0.3814466239549996,0.29128402360948985,0.1750736626495134,0.4293129964565565,0.016620311751952666,0.0037499999999999756,0.0028747497498658845,0.3225992570636771,0.10506081724922418,0.11782277530612348,0.0,0.9999999987499999,0.6084143731711434,0.29900908359584666,0.2939270418265981,0.3936247645845208,disgust,07,21,21,male,normal,2503
70,2.3356666666666666,True,1.0,0.3357711704470055,0.3457519032437871,0.3407615368453963,1.4439435737319701,-0.04671296296296301,-0.04583333333333339,0.3434698744213339,0.5495820269807088,0.16672204687006273,0.2359936655728693,0.009980732796781577,0.0008796296296296191,0.005489698267965861,0.2439138320629087,0.1041918465332304,0.11615714185822548,0.0,0.9999999987499999,0.6065162481320654,0.30027515555959633,0.2893615342500287,0.39861769389788954,disgust,07,21,21,male,normal,2503
80,2.6693333333333333,True,1.0,0.4027367104357404,0.36182960680712056,0.3822831586214305,1.5389947194367541,-0.046296296296296446,-0.046018518518518514,0.2639976410995765,0.7801848230477981,0.1729171078841007,0.2483979664084485,0.04090710362861982,0.0002777777777779322,0.005401730997086048,0.22698781385972708,0.10803539837525163,0.11592607186373265,0.0,0.9999999987499999,0.6044772948632579,0.2975295065008616,0.2832279349982201,0.37834126789416156,disgust,07,21,21,male,normal,2503
90,3.003,True,1.0,0.3522442048611082,0.3365635878990313,0.34440389638006974,2.0694469694366378,-0.04666666666666669,-0.04495370370370366,0.2310665256421365,1.0590467303562612,0.16253004529932302,0.16642315626663595,0.0156806169620769,0.0017129629629630272,0.0008982576909885469,0.18529006046426744,0.1077881513270878,0.1153329793918426,0.0,0.9999999987499999,0.599147103919693,0.29810125775290264,0.28715089791048665,0.3895394806187686,disgust,07,21,21,male,normal,2503
100,3.336666666666667,True,1.0,0.3392167802769028,0.34948656202347195,0.3443516711501874,1.309712214371418,-0.04750000000000004,-0.04476851851851854,0.30354793231682614,0.5519501474850987,0.16252300393064556,0.26292163069995894,0.010269781746569173,0.0027314814814815014,0.0038310275823490365,0.2655630930260282,0.10822840290591651,0.11508561358544614,0.0,0.9999999987499999,0.6069025193983844,0.2969277495190923,0.2891789791596248,0.39287373393777486,disgust,07,21,21,male,normal,2503
110,3.6703333333333332,True,1.0,0.35536996029008855,0.3336443065906406,0.34450713344036454,1.2644344871507385,-0.04726851851851854,-0.045092592592592684,0.3079686036287335,0.522249065095666,0.16530039514109188,0.27245945673047306,0.021725653699447955,0.002175925925925859,0.00380199077716838,0.27754332761658024,0.10907908846335955,0.11427964871268098,0.0,0.9999999987499999,0.6063360980564101,0.2980582952581878,0.29056870430737586,0.3903182228212212,disgust,07,21,21,male,normal,2503
120,4.0040000000000004,True,1.0,0.3490305151825084,0.3335842510816539,0.34130738313208114,0.8697740219821859,-0.046990740740740666,-0.04634259259259266,0.3049708604976378,0.35161077484386266,0.1681445121901067,0.39240926321787933,0.015446264100854479,0.0006481481481480089,0.0029720248952152914,0.3716202191171484,0.10951320418014839,0.11486325541873792,0.0,0.9999999987499999,0.6038570135007127,0.29700845000223,0.2813284307343632,0.3644928447144428,disgust,07,21,21,male,normal,2503
0,0.0,True,1.0,0.5200754666287709,0.5056377007231689,0.51285658367597,0.8440238387485245,-0.06236111111111109,-0.06324074074074071,0.33145197617247923,0.3627237269583602,0.17594439017383295,0.6076328180924457,0.014437765905601974,0.0008796296296296191,0.03624902375792866,0.34912422540338234,0.10656898570096547,0.11662391236943082,0.0,0.9999999987499999,0.6037997321428572,0.2952717935974595,0.2722113938849929,0.35615469575657777,disgust,07,21,21,male,normal,2504
10,0.33366666666666667,True,1.0,0.549358401888528,0.5379860918337399,0.5436722468611339,0.7990782302978703,-0.06162037037037038,-0.0618055555555555,0.34432388388461016,0.31800052022057995,0.181386330732397,0.6803742440317397,0.011372310054788115,0.00018518518518512161,0.010993311810129037,0.3679133954555087,0.11170501171885508,0.11307036564693013,0.0,0.9999999987499999,0.597513898575055,0.29739265407974064,0.2839470160376748,0.35458986714070606,disgust,07,21,21,male,normal,2504
20,0.6673333333333333,True,1.0,0.5007485804087607,0.47998210168479666,0.49036534104677865,1.1923518394489085,-0.060092592592592586,-0.061435185185185204,0.31786563171390547,0.4646506286251968,0.18198637216357713,0.411258929472881,0.020766478723964032,0.0013425925925926174,0.018558819727260107,0.2812403779529498,0.10751748667581432,0.11770863638397147,0.0,0.7532967545057588,0.603829357641494,0.2984074254719777,0.28270170602746386,0.37643753226056254,disgust,07,21,21,male,normal,2504
30,1.0010000000000001,True,1.0,0.3692471825106318,0.36515178532986836,0.3671994839202501,1.2820082135148214,-0.05291666666666667,-0.05263888888888896,0.3298709115710484,0.40165072373630056,0.18405430888416371,0.28642521947150135,0.00409539718076346,0.0002777777777777102,0.01098702251934362,0.26996963012482006,0.10255633902676839,0.1195318668152542,0.0,0.9999999987499999,0.6102938432169742,0.29634319913177537,0.2822227582173489,0.393223186733585,disgust,07,21,21,male,normal,2504
40,1.3346666666666667,True,1.0,0.2854098279632435,0.2865688157556904,0.2859893218594669,1.090813064787674,-0.043472222222222245,-0.043703703703703745,0.32287838514820405,0.31663554262848287,0.17986492871357404,0.2621799564851513,0.001158987792446886,0.00023148148148149916,0.0007432312466307537,0.2997799518326036,0.10482193968702783,0.117550120455887,0.0,0.9999999987499999,0.6178576447844764,0.29420316481980685,0.29793936339177324,0.4030199009809464,disgust,07,21,21,male,normal,2504
50,1.6683333333333334,True,1.0,0.3138409468265614,0.2910660501110161,0.3024534984687888,1.091520462296124,-0.04300925925925925,-0.04120370370370374,0.36397397487410715,0.3196492438167325,0.17228600199496905,0.2770937503384473,0.02277489671554528,0.0018055555555555047,0.009702455681814649,0.30534728446636544,0.10288945674847157,0.11747461907157322,0.0,0.9999999987499999,0.6175253989173795,0.29739752481011583,0.3067302266690402,0.42379478887732297,disgust,07,21,21,male,normal,2504
60,2.0020000000000002,True,1.0,0.3250565438999008,0.2857410817867567,0.30539881284332876,0.8150608760978266,-0.0438425925925926,-0.04356481481481478,0.34940301935058626,0.27712069787326016,0.17014068256565854,0.374694482092493,0.03931546211314407,0.0002777777777778212,0.005340035105436632,0.3717883302364396,0.10602355740549084,0.11695720147547399,0.0,0.9999999987499999,0.6016024670727665,0.2984106843701965,0.28409032594052125,0.36769833045396727,disgust,07,21,21,male,normal,2504
70,2.3356666666666666,True,1.0,0.2907660374877366,0.24440198831287616,0.26758401290030637,1.3996544489642544,-0.04342592592592592,-0.042314814814814805,0.25812398339979153,0.6331770126266877,0.17014068256565854,0.19117862490868284,0.04636404917486045,0.0011111111111111183,0.002109252693254607,0.25941464441111534,0.10433788894699911,0.11536729011297445,0.0,0.9999999987499999,0.6204219476775086,0.2959340707404171,0.2788336361304354,0.38493548457298293,disgust,07,21,21,male,normal,2504
80,2.6693333333333333,True,1.0,0.38345986889319666,0.3763140634616433,0.37988696617742,1.313029446085682,-0.04615740740740748,-0.04416666666666674,0.30272811931051363,0.5599684402424243,0.15906663296895077,0.28932098005106766,0.007145805431553354,0.0019907407407407374,0.006157312640883789,0.2564338235294119,0.10556559303427214,0.11704562945156678,0.0,0.9999999987499999,0.6062945041297769,0.30121704531072685,0.28114055147239264,0.38547186008543666,disgust,07,21,21,male,normal,2504
90,3.003,True,1.0,0.42017916407854533,0.39484780930889013,0.40751348669371773,1.119867689201854,-0.04893518518518525,-0.04726851851851854,0.3234830538504604,0.47103668156527667,0.17084941013020874,0.36389431592955285,0.0253313547696552,0.0016666666666667052,0.01183558928067574,0.28570289791118786,0.11796479571376324,0.11141873601392777,0.0,0.9999999987499999,0.5469649080178947,0.25990146325660873,0.2761008034685971,0.3311479375668975,disgust,07,21,21,male,normal,2504
100,3.336666666666667,True,1.0,0.4190515340144772,0.3692137981133095,0.39413266606389336,0.9323682710327089,-0.05064814814814805,-0.04768518518518522,0.3208131023057225,0.3694081330665631,0.17502136100099508,0.4227220920198673,0.04983773590116769,0.002962962962962834,0.0052545369390749296,0.3295314469149555,0.10939254090105772,0.11481235727498906,0.0,0.9999999987499999,0.5969212597304547,0.29845059771460947,0.28262629927532407,0.3585529281179801,disgust,07,21,21,male,normal,2504
0,0.0,True,1.0,0.5492081204483192,0.5397760816474682,0.5444921010478937,1.0413584867979706,-0.06328703703703709,-0.06249999999999983,0.313297029233907,0.43988418838879756,0.18058977894973996,0.5228671086381881,0.009432038800851084,0.0007870370370372526,0.0025128681513092526,0.2914586838432399,0.10787422514212966,0.11475548531322408,0.0,0.9999999987499999,0.6042388026304272,0.2987282891858196,0.2781070126810225,0.3600097735113376,disgust,07,21,21,male,normal,2505
10,0.33366666666666667,True,1.0,0.5496453094210382,0.5222212109300636,0.5359332601755509,1.0132225727020203,-0.062222222222222345,-0.061759259259259236,0.31578689128107784,0.4177117742182644,0.1820266136881089,0.5289393215415109,0.027424098490974602,0.00046296296296310935,0.01608234989449526,0.2960382169803461,0.1095083032747278,0.11552946221419316,0.0,0.9999999987499999,0.6039908251816352,0.2976866574660456,0.28286955053536383,0.3622705189310089,disgust,07,21,21,male,normal,2505
20,0.6673333333333333,True,1.0,0.5494949494949501,0.5481258263293121,0.5488103879121311,1.077488424885598,-0.058333333333333404,-0.05847222222222226,0.31416065693690853,0.44893378226711517,0.17990352436566096,0.5093422585680221,0.0013691231656380864,0.0001388888888888551,0.005656237866954563,0.2906122292353711,0.10905759389074111,0.1156259419212013,0.0,0.9999999987499999,0.6062748009672618,0.2985454580284824,0.28100281604508626,0.3644449490543213,disgust,07,21,21,male,normal,2505
30,1.0010000000000001,True,1.0,0.42815203025753984,0.4275031109281525,0.42782757059284615,1.47517730496454,-0.05152777777777778,-0.051620370370370317,0.29928631820276536,0.5673758865248223,0.1701406825656586,0.2900177281422657,0.0006489193293873208,9.259259259253305e-05,0.00850588704595988,0.24519230769230693,0.10766099963232352,0.11578125390320458,0.0,0.9999999987499999,0.6027459646280388,0.3020305044780781,0.2862948309672219,0.3881800589375345,disgust,07,21,21,male,normal,2505
40,1.3346666666666667,True,1.0,0.35536996029008855,0.36253599567611755,0.35895297798310305,1.1610391544717074,-0.04671296296296301,-0.04629629629629628,0.32280029523861,0.4749533139427236,0.16668314534421375,0.30916526509946407,0.007166035386029002,0.0004166666666667318,0.0039409841394360805,0.2812397859951582,0.10449063963589476,0.11752092661457147,0.0,0.9999999987499999,0.600762178066539,0.30308713369469953,0.2809378008602864,0.37725668648707245,disgust,07,21,21,male,normal,2505
50,1.6683333333333334,True,1.0,0.385527411293319,0.34593922334393756,0.3657333173186283,1.0742080992755276,-0.04777777777777781,-0.046527777777777724,0.34898311997938514,0.37433165182242967,0.17291666666666672,0.34046784562999277,0.03958818794938146,0.0012500000000000844,0.003664411715405413,0.29981981652191037,0.10470950292381577,0.1179737163594044,0.0,0.9999999987499999,0.6096144795808949,0.304628908525358,0.29113916246247196,0.3902699776637254,disgust,07,21,21,male,normal,2505
60,2.0020000000000002,True,1.0,0.31847916585100267,0.3292999111892488,0.3238895385201257,1.1632114152834387,-0.04500000000000004,-0.043935185185185244,0.3476969659113713,0.4095300778893005,0.1743059932573217,0.2784442572214646,0.010820745338246118,0.0010648148148147962,0.004077291023843777,0.2961262740928014,0.10131757294738158,0.11738117532249143,0.0,0.9999999987499999,0.613877561813788,0.2992568237357885,0.290106557406404,0.40495322244608645,disgust,07,21,21,male,normal,2505
70,2.3356666666666666,True,1.0,0.36900626622168486,0.3424207801074952,0.35571352316459004,1.3871336574545239,-0.046157407407407425,-0.04379629629629633,0.24818140811222675,0.6935373427174297,0.1743059932573217,0.2564378142315041,0.02658548611418965,0.0023611111111110916,0.0024179417973361587,0.21271373984274247,0.10648008407136737,0.11654172385098496,0.0,0.9999999987499999,0.5974298954816302,0.29876041812068616,0.2764341493273707,0.3578351026100724,disgust,07,21,21,male,normal,2505
80,2.6693333333333333,True,1.0,0.31313683244063845,0.3355061988292943,0.32432151563496636,1.2350508978072905,-0.04731481481481492,-0.04430555555555554,0.306323984055042,0.5145297985030568,0.16181734303191236,0.262597692298161,0.02236936638865583,0.003009259259259378,0.011841858523596316,0.2731081513321482,0.10790178438392918,0.11539189996052848,0.0,0.9999999987499999,0.6049874124102768,0.2969244242086057,0.2861064685902514,0.3839772615234485,disgust,07,21,21,male,normal,2505
90,3.003,True,1.0,0.30171710449042627,0.32921810699588633,0.3154676057431563,1.275309501274334,-0.045879629629629715,-0.04212962962962963,0.2948502690080879,0.5119817155256075,0.16889642085184187,0.24736552611576249,0.02750100250546006,0.0037500000000000866,0.0016304761533661432,0.2816169173593956,0.10426080037050339,0.11394190044250822,0.0,0.9999999987499999,0.6136493664575204,0.29584821152890056,0.27900615634482717,0.39222566222943267,disgust,07,21,21,male,normal,2505
100,3.336666666666667,True,1.0,0.2959445435357357,0.2741751604023678,0.2850598519690517,1.304774573429535,-0.051481481481481406,-0.04939814814814819,0.29929669080212706,0.5389107210051418,0.1666890955774205,0.21847440759041314,0.021769383133367903,0.002083333333333215,0.010697888511021101,0.27754332761658035,0.10458151548649434,0.11613499473641078,0.0,0.9999999987499999,0.6011990267825881,0.3016353018047342,0.27581458821911364,0.37030788219235045,disgust,07,21,21,male,normal,2505
0,0.0,True,1.0,0.5002959277074657,0.5082503060950931,0.5042731169012794,0.9991037838846375,-0.06013888888888891,-0.057962962962962994,0.32763870760551134,0.4046380630958312,0.17988825674602404,0.5047254599923583,0.00795437838762747,0.0021759259259259145,0.009017104247890635,0.31778085239127124,0.10823739897052811,0.11441300329748105,0.0,0.9999999987499999,0.6099177799010229,0.29829951983422326,0.28031545779007105,0.3685489606590774,disgust,07,21,21,male,strong,2506
10,0.33366666666666667,True,1.0,0.5472298971988875,0.5397059973300186,0.543467947264453,1.0160844820703137,-0.06162037037037038,-0.0602314814814815,0.32668536044763347,0.4218567040786321,0.18543147910168942,0.534864922016243,0.007523899868868922,0.001388888888888884,0.0031779672295732145,0.30317200708252495,0.10838694386478688,0.1152673585392029,0.0,0.9999999987499999,0.6058902519757903,0.298405784702847,0.2798493247827855,0.36256832148416396,disgust,07,21,21,male,strong,2506
20,0.6673333333333333,True,1.0,0.4848484848484844,0.46739426630071995,0.4761213755746022,1.1655377484757352,-0.06166666666666665,-0.064074074074074,0.312578785937785,0.47518077437856865,0.18820903826281993,0.4084993181879037,0.017454218547764466,0.002407407407407358,0.009303889042232468,0.26871000459240013,0.10784905864089345,0.11593523210257911,0.0,0.9999999987499999,0.605235563272184,0.2986397274073657,0.2787600966161823,0.3656621433304307,disgust,07,21,21,male,strong,2506
30,1.0010000000000001,True,1.0,0.4606557775270348,0.46818350378914475,0.46441964065808977,1.1698569655662094,-0.05254629629629626,-0.05347222222222231,0.38315949396387566,0.32578295243615946,0.18410901721640272,0.3969883962979279,0.007527726262109957,0.0009259259259260522,0.00816385565244173,0.2776898734177213,0.1073928968388939,0.11684808532392987,0.0,0.9999999987499999,0.6030561281543868,0.3013452364400432,0.3066266763637328,0.40646441429069174,disgust,07,21,21,male,strong,2506
40,1.3346666666666667,True,1.0,0.42725860285290124,0.4281520302575374,0.4277053165552193,1.0561056105610558,-0.05157407407407416,-0.05754629629629632,0.3205073368750279,0.40484048404840445,0.18750651030364252,0.4049834716132234,0.0008934274046361601,0.005972222222222157,0.006287280673829866,0.3004626062886659,0.10649100716704059,0.11702119012067677,0.0,0.9999999987499999,0.602434229605905,0.29986649827523637,0.2845280008865767,0.36595780339742784,disgust,07,21,21,male,strong,2506
50,1.6683333333333334,True,1.0,0.43601748540981705,0.43581359537505704,0.4359155403924371,1.382988783336343,-0.052361111111111025,-0.05541666666666678,0.32228978429584415,0.5426367826404384,0.17787431109352345,0.3151981748838395,0.00020389003476001255,0.0030555555555557556,0.003237061594216804,0.2433840674897008,0.10826931210269654,0.11521261065639328,0.0,0.862446889639458,0.6043793361250751,0.29881263545383724,0.2888917125114116,0.38354579638460407,disgust,07,21,21,male,strong,2506
60,2.0020000000000002,True,1.0,0.3689727463312371,0.35536996029008855,0.36217135331066286,0.9811306626673748,-0.04740740740740751,-0.047453703703703776,0.3403374573328173,0.3158281757369264,0.17362693070286384,0.3691367185753189,0.013602786041148562,4.6296296296266526e-05,0.006099518565757648,0.32798221655748433,0.10737828783988766,0.11637139164340338,0.0,0.9999999987499999,0.6019254472726591,0.2992057859310565,0.28570452979039074,0.37331588152008666,disgust,07,21,21,male,strong,2506
70,2.3356666666666666,True,1.0,0.29075724023734545,0.29613585698166695,0.2934465486095062,1.3248956045993727,-0.04560185185185189,-0.043101851851851836,0.338656613547607,0.4946893409372617,0.1667440107808775,0.2214865439894336,0.005378616744321496,0.0025000000000000577,0.001070469416539248,0.2563031271269561,0.10400941278521572,0.11582811704488319,0.0,0.9999999987499999,0.6097339078990972,0.30094609643439907,0.28617032611922505,0.3921517917011756,disgust,07,21,21,male,strong,2506
80,2.6693333333333333,True,1.0,0.3419507796114413,0.3186582809224309,0.3303045302669361,1.6634350557334177,-0.04634259259259266,-0.0443055555555556,0.24680192400317966,0.9000511530147829,0.17153889718267498,0.19856773435696476,0.0232924986890104,0.0020370370370370594,0.008467317287222175,0.20804176911813235,0.11099711517424078,0.1139327064580935,0.0,0.9999999987499999,0.5967325106292517,0.29869764219942807,0.29391240502865235,0.37568773230933167,disgust,07,21,21,male,strong,2506
90,3.003,True,1.0,0.3413535286853752,0.3189234015621681,0.33013846512377165,1.5930365905831123,-0.04518518518518516,-0.04439814814814824,0.28164786061733166,0.6956931946217384,0.1660181837584221,0.20723846964678216,0.022430127123207133,0.0007870370370369195,0.0012360898414500987,0.22109051010767064,0.10819497106426292,0.11544757156918256,0.0,0.9999999987499999,0.5982972164803422,0.2977994480371967,0.28659280474248217,0.3844793005767431,disgust,07,21,21,male,strong,2506
100,3.336666666666667,True,1.0,0.30171710449042355,0.3069692321531327,0.3043431683217781,1.3300564520424656,-0.04532407407407402,-0.045787037037037126,0.30779467753447115,0.5283158573735033,0.16667811036558883,0.2288197375791243,0.005252127662709161,0.00046296296296310935,0.0004008506604670233,0.26338366793809315,0.10843367084114586,0.11522340288684392,0.0,0.9999999987499999,0.5984477007443603,0.2990594495858998,0.2906309253584923,0.3824339299514983,disgust,07,21,21,male,strong,2506
110,3.6703333333333332,True,1.0,0.3548149134618902,0.3490305151825105,0.35192271432220035,1.3527692578850243,-0.046944444444444566,-0.046898148148148244,0.30488651937047295,0.5483566043898781,0.16948091152760256,0.2601498461551462,0.00578439827937971,4.629629629632204e-05,0.0007278094703502449,0.2598252572428287,0.10853170538017311,0.11295933407392054,0.0,0.9999999987499999,0.5987331663134003,0.3020837820845217,0.28837433003049634,0.3827785134289202,disgust,07,21,21,male,strong,2506
120,4.0040000000000004,True,1.0,0.41225445145905165,0.4203065029202096,0.4162804771896306,0.9590827024535942,-0.05101851851851846,-0.051018518518518574,0.33985058415115926,0.34718877730415754,0.18145361677040917,0.4340402304458959,0.00805205146115795,1.1102230246251565e-16,0.006911884342101435,0.3337107520656062,0.11024222583389959,0.1143305074174595,0.0,0.9849161828236453,0.5948562406290642,0.29770654411791103,0.2857771811022207,0.36480731544328565,disgust,07,21,21,male,strong,2506
0,0.0,True,1.0,0.5164132576167656,0.5192619409629785,0.517837599289872,1.0328318335669875,-0.0591666666666667,-0.061481481481481415,0.3267540451040202,0.4147553709209248,0.18145361677040903,0.5013764898216473,0.00284868334621291,0.002314814814814714,0.028651542900180037,0.3046927197667417,0.10836558363353034,0.11512206513551822,0.0,0.9999999987499999,0.6043206394745398,0.296643508701764,0.284306353252422,0.36770229864846743,disgust,07,21,21,male,strong,2507
10,0.33366666666666667,True,1.0,0.5330549404351335,0.5051341905461507,0.519094565490642,1.083395081074104,-0.05898148148148141,-0.06027777777777776,0.32411208818898224,0.4213035166120633,0.18410901721640272,0.4791369044947104,0.027920749888982743,0.001296296296296351,0.017946219353473986,0.298454160577596,0.10914643164437517,0.11504634651887903,0.0,0.7084850924897905,0.6025933737088585,0.2966635688194401,0.28472980131370534,0.3659757888812822,disgust,07,21,21,male,strong,2507
20,0.6673333333333333,True,1.0,0.510011753690647,0.4839402579692653,0.49697600582995616,1.1397090890806714,-0.0571296296296297,-0.057916666666666616,0.32012699475079887,0.4821846146110529,0.17851496546228493,0.4360551395012864,0.026071495721381677,0.0007870370370369195,0.017227393758277032,0.278627235019613,0.10998625864684325,0.1149088512117845,0.0,0.9999999987499999,0.6059997032641181,0.2973168098571246,0.2855823407667127,0.3714894637370239,disgust,07,21,21,male,strong,2507
30,1.0010000000000001,True,1.0,0.4187709169575154,0.41938042004176146,0.4190756684996384,1.3647023824425297,-0.05087962962962961,-0.05143518518518514,0.33451659108784854,0.5221801963298576,0.176598110585927,0.30708209635391803,0.0006095030842460658,0.0005555555555555314,0.008998228349575985,0.2526737660089328,0.10652774258315775,0.11649816205529274,0.0,0.9999999987499999,0.6051100519348365,0.30127214252561013,0.30017874979592984,0.4040929113938392,disgust,07,21,21,male,strong,2507
40,1.3346666666666667,True,1.0,0.44420378547249917,0.4451158209958302,0.44465980323416465,1.1773960471229554,-0.05120370370370364,-0.05124999999999996,0.3122436269206328,0.4981290968597115,0.17574697989839716,0.37766374731826224,0.0009120355233310229,4.629629629632204e-05,0.010496907263862286,0.2786272350196131,0.10454583999879188,0.11860167341165186,0.0,0.8733571585384733,0.6075180049285339,0.29898880380987164,0.2732128319310684,0.37091051952044735,disgust,07,21,21,male,strong,2507
50,1.6683333333333334,True,1.0,0.44463038133916655,0.45289223353854974,0.4487613074388581,1.3254674343931572,-0.05449074074074073,-0.05472222222222228,0.315090425956917,0.591069752932212,0.17222222222222222,0.3385683388323425,0.00826185219938319,0.00023148148148155467,0.005280383222356639,0.23717991272388514,0.10808396101869565,0.11538651120444728,0.0,0.9999999987499999,0.6072285683101366,0.2971821037120994,0.2800180071520296,0.37834617230897505,disgust,07,21,21,male,strong,2507
60,2.0020000000000002,True,1.0,0.41152263374485515,0.3790543057158367,0.3952884697303459,0.9324301987805891,-0.04921296296296296,-0.04754629629629625,0.3156982694832584,0.331729974566171,0.17502789956175563,0.4239335772772001,0.032468328029018445,0.0016666666666667052,0.0031946989407981453,0.34828404377451594,0.10622821017870171,0.11611689486831675,0.0,0.9999999987499999,0.6063433912940177,0.2991967355218478,0.27542132205232606,0.3608272556576361,disgust,07,21,21,male,strong,2507
70,2.3356666666666666,True,1.0,0.38707081468569565,0.38096960527297113,0.3840202099793334,1.159725068933258,-0.051574074074073994,-0.0505092592592592,0.3308822005791933,0.47751751465790254,0.17153489427994742,0.33113038621521224,0.0061012094127245176,0.0010648148148147962,0.006622118831321035,0.2827740138439401,0.10458414551054834,0.11872847195215414,0.0,0.9999999987499999,0.6064375246583009,0.29888489227116194,0.2783766352481782,0.3735870875409954,disgust,07,21,21,male,strong,2507
80,2.6693333333333333,True,1.0,0.31730046834773745,0.3234878031215225,0.32039413573462994,1.2111862585490458,-0.04800925925925936,-0.04546296296296304,0.2804789445143873,0.58538096744771,0.171614934594706,0.26452920306283007,0.006187334773785025,0.0025462962962963243,0.00468582097446917,0.26301701025735835,0.1207698048023757,0.10801978575973124,0.0,0.9999999987499999,0.5630295734231193,0.2596625539576392,0.27383223159985676,0.3309143463118865,disgust,07,21,21,male,strong,2507
90,3.003,True,1.0,0.3769835162832349,0.36135745346252335,0.3691704848728791,1.7560975609756095,-0.04944444444444446,-0.0490740740740741,0.26194280702630107,0.845528455284552,0.16253802514839602,0.21022208166372286,0.01562606282071155,0.00037037037037035425,0.002245758745878982,0.20869881065318435,0.10766467207130019,0.11594227845119812,0.0,0.9999999987499999,0.6015949228754002,0.2990742172814201,0.28188267950243134,0.38307486503962107,disgust,07,21,21,male,strong,2507
100,3.336666666666667,True,1.0,0.3783958172543527,0.3790543057158394,0.37872506148509605,1.414035512422745,-0.048611111111111216,-0.04745370370370372,0.2794042825282178,0.6160359201961783,0.1722860019949691,0.267832779415989,0.0006584884614867503,0.0011574074074074958,0.0017990001326558972,0.2666788935109461,0.10564396296598676,0.1161576823025735,0.0,0.9999999987499999,0.6181496831857743,0.2910064671733832,0.27754285887524177,0.38988752177311825,disgust,07,21,21,male,strong,2507
110,3.6703333333333332,True,1.0,0.37801886892857434,0.3790543057158394,0.37853658732220685,0.9075350583239263,-0.04912037037037037,-0.04819444444444437,0.2920537054393214,0.38618513120167103,0.17023975384068282,0.4171040929496476,0.0010354367872650871,0.0009259259259259967,0.005117258177853553,0.34772601272128323,0.10708938583112493,0.11416085897191049,0.0,0.9999999987499999,0.6173303187056073,0.29080058743420073,0.27357421387595554,0.37569398872919463,disgust,07,21,21,male,strong,2507
120,4.0040000000000004,True,1.0,0.4031987652976022,0.3492585386029897,0.376228651950296,0.9252915127470082,-0.049027777777777726,-0.04921296296296285,0.3047331489569618,0.370116605098803,0.1715562420152142,0.40660553649016756,0.05394022669461246,0.00018518518518512161,0.010447167978609359,0.33809207325815804,0.10831981368451939,0.11582496859855822,0.0,0.9999999987499999,0.6043596493050345,0.2973299165956529,0.27418531428084275,0.3551094033567389,disgust,07,21,21,male,strong,2507
0,0.0,True,1.0,0.5267489711934159,0.5333648902768597,0.5300569307351378,1.0369115698979043,-0.06305555555555553,-0.06222222222222218,0.3057065175417479,0.47214127215353396,0.17992218303025748,0.5111881727651355,0.006615919083443833,0.0008333333333333526,0.0036035481578283917,0.28180210741941775,0.10780694931277135,0.11465263883565513,0.0,0.9999999987499999,0.6101617385547969,0.2943617514602769,0.2714645084389966,0.35928146497586066,disgust,07,21,21,male,strong,2508
10,0.33366666666666667,True,1.0,0.5496453094210374,0.5486504142406553,0.5491478618308463,1.055606952330572,-0.06277777777777771,-0.06083333333333324,0.30663013993053523,0.4999999999999993,0.179912429878786,0.5202200123999147,0.0009948951803820938,0.0019444444444444708,0.00326956228514054,0.2867074888162139,0.10787919955182189,0.11458465960155116,0.0,0.9999999987499999,0.6090695799882453,0.29456678825061966,0.2755641513527703,0.364976119398752,disgust,07,21,21,male,strong,2508
20,0.6673333333333333,True,1.0,0.501169852799925,0.4944263128971335,0.4977980828485292,1.3630082520655917,-0.058101851851851904,-0.057453703703703674,0.28742405520257475,0.6320987654320976,0.17644121757180892,0.3652201533586708,0.006743539902791473,0.000648148148148231,0.007572443246558881,0.2445570911461306,0.10827665350660866,0.11520571124231625,0.0,0.9999999987499999,0.6115278467324429,0.2971132523566,0.2782115633552268,0.3742300512627771,disgust,07,21,21,male,strong,2508
30,1.0010000000000001,True,1.0,0.3952786232054469,0.37271690264492746,0.38399776292518717,1.4275961965412798,-0.051574074074073994,-0.050694444444444375,0.29497923732929654,0.6269667030721006,0.16964289260930454,0.26898205799057245,0.022561720560519416,0.0008796296296296191,0.005804349799418653,0.25083734794026696,0.1050981780831573,0.11746551311048009,0.0,0.9999999987499999,0.6025796121417316,0.300901676221866,0.27488456222457086,0.38240804876088175,disgust,07,21,21,male,strong,2508
40,1.3346666666666667,True,1.0,0.36218028495176735,0.36512356202037605,0.36365192348607167,1.2517422723051366,-0.04699074074074078,-0.0470370370370371,0.3140210114553158,0.5079365079365077,0.16875180843938387,0.29051661155166647,0.002943277068608696,4.629629629632204e-05,0.006905667245839151,0.28568442694945795,0.10609022869148026,0.11689672826052022,0.0,0.9999999987499999,0.6042956784979617,0.3008670815020936,0.2758770433997465,0.3747599060222741,disgust,07,21,21,male,strong,2508
50,1.6683333333333334,True,1.0,0.3619438251998157,0.38830469041554777,0.37512425780768177,1.3586266286708697,-0.04532407407407413,-0.04657407407407399,0.3292236189182287,0.5072838261247293,0.17083333333333334,0.27610548026330234,0.026360865215732054,0.0012499999999998623,0.0058881625422240675,0.2802459911341092,0.10781651755486359,0.11629361087255813,0.0,0.9999999987499999,0.6049180508609694,0.3002898299180383,0.29283793105280337,0.39117921066484546,disgust,07,21,21,male,strong,2508
60,2.0020000000000002,True,1.0,0.36213991769547255,0.3631242798240664,0.3626320987597695,0.7003744855369826,-0.04574074074074075,-0.04643518518518508,0.3565726248183564,0.1512048630423051,0.1792279752178617,0.5177688597290014,0.0009843621285938742,0.000694444444444331,0.007792046611993442,0.42731420935046244,0.10771369339585565,0.11589673765855939,0.0,0.9999999987499999,0.6007199615158564,0.2965892785878749,0.2819496953656464,0.36203343809750743,disgust,07,21,21,male,strong,2508
70,2.3356666666666666,True,1.0,0.3516518888773611,0.34575190324378574,0.34870189606057345,1.131201932594229,-0.04532407407407402,-0.04518518518518522,0.3503417598803872,0.4443864118489212,0.17086191325973668,0.30825786803677213,0.005899985633575355,0.00013888888888879958,0.0021163198086840127,0.306681003573073,0.10702119462316909,0.11686301956221568,0.0,0.9999999987499999,0.6031189366293392,0.2980310878663708,0.29111635675750336,0.3819019372062708,disgust,07,21,21,male,strong,2508
80,2.6693333333333333,True,1.0,0.40425335530878387,0.41925542404923744,0.4117543896790107,1.5748474248224422,-0.04902777777777789,-0.047314814814814865,0.25562241292581056,0.8661660836523438,0.17362693070286384,0.2614566866535876,0.015002068740453567,0.0017129629629630272,0.011552412943590435,0.20892857142857157,0.10877600156081939,0.11473435005160285,0.0,0.9999999987499999,0.5994185135616745,0.29838784289738496,0.2834398333502583,0.3720522583295476,disgust,07,21,21,male,strong,2508
90,3.003,True,1.0,0.42361565381034877,0.46365677882904294,0.44363621631969585,1.4800001017971212,-0.04726851851851854,-0.047453703703703665,0.2526860573807945,0.8424300526036168,0.16676963168745199,0.2997541795983671,0.04004112501869417,0.00018518518518512161,0.01749383036316621,0.20768453118894042,0.10569667266673785,0.11692727309759648,0.0,0.9999999987499999,0.6031725496761204,0.295254948636077,0.26851446290231645,0.36154631078630883,disgust,07,21,21,male,strong,2508
100,3.336666666666667,True,1.0,0.4115226337448565,0.4448603001873038,0.4281914669660801,1.1448426219568555,-0.048750000000000016,-0.048981481481481404,0.31857896687448767,0.43819237281113077,0.1667124367491528,0.37401775471477594,0.033337666442447345,0.00023148148148138814,0.00038096963388131245,0.2829370765116229,0.10783347003691929,0.11562063975421873,0.0,0.9999999987499999,0.5996476314822805,0.2971881518404745,0.28122672319209613,0.3803087782173922,disgust,07,21,21,male,strong,2508
110,3.6703333333333332,True,1.0,0.37778279225627387,0.37884905437190614,0.37831592331409003,1.0818968418112787,-0.049398148148148135,-0.04861111111111105,0.318216362734994,0.40785896069757915,0.1757053001645301,0.3496783692248561,0.001066262115632266,0.000787037037037086,0.005563017109474133,0.30469271976674106,0.10884526418491379,0.11566123701241335,0.0,0.9999999987499999,0.59655226549995,0.29933355887987084,0.28266985018402635,0.3694800840903253,disgust,07,21,21,male,strong,2508
120,4.0040000000000004,True,1.0,0.39662558543467114,0.41104969023179955,0.40383763783323534,0.771110600242177,-0.04999999999999999,-0.049027777777777726,0.3434698744213339,0.23787878779761967,0.1768040641115114,0.5237090991958936,0.014424104797128412,0.0009722222222222632,0.002461415442518127,0.373416249221781,0.10711896512220766,0.11396605478232676,0.0,0.9999999987499999,0.5966544271693053,0.29840597213024284,0.2780738738630082,0.36347899571125525,disgust,07,21,21,male,strong,2508
0,0.0,True,1.0,0.5173314689615425,0.5320769577535878,0.5247042133575651,1.053173158172304,-0.058981481481481524,-0.0596296296296297,0.32565502366482085,0.4142927589940549,0.18065060453086212,0.49821267213849846,0.014745488792045292,0.0006481481481481755,0.008733791788619723,0.3022287519262886,0.10755532179891622,0.11555013827289845,0.0,0.9999999987499999,0.6033585750003128,0.2982881842416278,0.2806688911231092,0.36978355771864857,disgust,07,21,21,male,strong,2509
10,0.33366666666666667,True,1.0,0.5102880658436216,0.5168909252015499,0.5135894955225857,1.058419460436358,-0.05754629629629637,-0.058888888888888824,0.331736718028704,0.4265012844731961,0.18197840664028841,0.4852419241336006,0.006602859357928259,0.001342592592592451,0.007972653008435015,0.28836501196405645,0.10858679524569279,0.1144149712801307,0.0,0.9999999987499999,0.601575031512605,0.2993838229078072,0.28703339383001536,0.3770472126101238,disgust,07,21,21,male,strong,2509
20,0.6673333333333333,True,1.0,0.5199161425576517,0.5160280891778634,0.5179721158677575,1.1723255428457975,-0.05791666666666678,-0.058564814814814625,0.33702793182881713,0.4353789780628859,0.18265392658968602,0.4418330036641446,0.00388805337978837,0.0006481481481478424,0.0020420401133417337,0.26684470748875716,0.10792380937835082,0.11652152012324532,0.0,0.9999999987499999,0.60073011413159,0.29952513326974756,0.2866180463573161,0.37630766879068794,disgust,07,21,21,male,strong,2509
30,1.0010000000000001,True,1.0,0.3506952489932303,0.3756825630851243,0.3631889060391773,1.443256605814882,-0.04944444444444446,-0.04814814814814811,0.32247891131655615,0.5191715060538152,0.17862647713442123,0.2516454139727398,0.02498731409189403,0.001296296296296351,0.007108074914488243,0.24962304620987547,0.10239824813920972,0.11528860331164936,0.0,0.9999999987499999,0.6106569071925645,0.30453663809926745,0.29152695310611804,0.39026059357125076,disgust,07,21,21,male,strong,2509
40,1.3346666666666667,True,1.0,0.4277517934179609,0.44458974010539976,0.4361707667616803,1.2325820744517917,-0.0505092592592592,-0.05046296296296293,0.3170910641352735,0.4999125184801903,0.17645116259097532,0.3538675239583323,0.016837946687438876,4.6296296296266526e-05,0.00667610529319965,0.2723677169861104,0.10780196627393943,0.11581463470726974,0.0,0.9999999987499999,0.6035506957704957,0.30033125978031194,0.29863201647646465,0.3914572837711182,disgust,07,21,21,male,strong,2509
50,1.6683333333333334,True,1.0,0.41905153401447603,0.4445897401053985,0.43182063705993723,1.246190477370394,-0.05120370370370364,-0.05175925925925934,0.34543017180473534,0.4261416115966313,0.18266562172332237,0.34651254756105077,0.025538206090922444,0.0005555555555556979,0.002330143977397798,0.25697719137047076,0.10531329272643482,0.11694732270187441,0.0,0.9999999987499999,0.6037073973339336,0.30020206434748636,0.2972467686963668,0.4005736626990234,disgust,07,21,21,male,strong,2509
60,2.0020000000000002,True,1.0,0.4114999197832129,0.4117166971488157,0.41160830846601426,0.7207854306370857,-0.05037037037037034,-0.050925925925925875,0.35254644733296353,0.2080806468790275,0.18056231624629018,0.5710552557953387,0.00021677736560282712,0.0005555555555555314,0.002856731562011826,0.3851203225675218,0.10659895577282094,0.11626925811510716,0.0,0.9999999987499999,0.6035569245276237,0.29658863444250577,0.2821924214617565,0.365692307093172,disgust,07,21,21,male,strong,2509
70,2.3356666666666666,True,1.0,0.26852404939786445,0.2959445435357357,0.2822342964668001,1.1938323292690272,-0.04486111111111113,-0.04444444444444451,0.3276233881057764,0.44340912075376704,0.1687952051720146,0.23641033128966246,0.027420494137871232,0.0004166666666666208,0.0018009320658903976,0.2746952856424088,0.10891651324612174,0.11476709758111678,0.0,0.9999999987499999,0.6037005025447678,0.29903240574094125,0.2936424198559533,0.3830184325122833,disgust,07,21,21,male,strong,2509
80,2.6693333333333333,True,1.0,0.3692471825106318,0.36261309341583897,0.36593013796323537,1.404542670501683,-0.046157407407407314,-0.045555555555555405,0.25718840042168245,0.7350767470041596,0.17152822256781344,0.2605333007309278,0.00663408909479285,0.0006018518518519089,0.0012127913980835264,0.22901381130808282,0.10796527492964364,0.1164831004556755,0.0,0.9999999987499999,0.6006179740958884,0.2963504595478362,0.27558980105166697,0.35867380182634656,disgust,07,21,21,male,strong,2509
90,3.003,True,1.0,0.34162311832938924,0.3357711704470049,0.3386971443881971,1.515194128188643,-0.04787037037037045,-0.04726851851851854,0.2801425499654053,0.6868686868686878,0.1632510025460686,0.22353382849569028,0.005851947882384356,0.0006018518518519089,0.00401590565612943,0.2328754544500245,0.1086928491669386,0.11563984553369198,0.0,0.9999999987499999,0.6017061609722014,0.2971137309951439,0.28636273400678774,0.39039629697931333,disgust,07,21,21,male,strong,2509
100,3.336666666666667,True,1.0,0.34572829289723156,0.36261309341583897,0.35417069315653527,1.27707199690306,-0.047592592592592575,-0.0461111111111111,0.3059372019085618,0.5181632471383243,0.17159181567205564,0.2773302476410182,0.016884800518607412,0.0014814814814814725,0.0008668574634885969,0.2705427852027487,0.10952923744906184,0.11468195817838821,0.0,0.9999999987499999,0.602305153803709,0.3001826693526189,0.28947988386123646,0.38211533499048356,disgust,07,21,21,male,strong,2509
110,3.6703333333333332,True,1.0,0.3717171717171704,0.38096960527296986,0.3763433884950701,1.264690603391034,-0.05032407407407408,-0.050694444444444375,0.3093203714044743,0.49682669658378803,0.17569835258094374,0.29757743711068535,0.009252433555799466,0.00037037037037029874,0.0039474139182167954,0.25871693676980984,0.10838295198386427,0.11527111201027727,0.0,0.9999999987499999,0.6035480848120498,0.29909590507286604,0.2897827355922334,0.37829664789288525,disgust,07,21,21,male,strong,2509
0,0.0,True,1.0,0.5555628248343142,0.5445579775456357,0.550060401189975,0.8446795045702947,-0.0658333333333333,-0.06509259259259254,0.3329553380604824,0.337850422907464,0.18683863413534246,0.6512060470436082,0.011004847288678454,0.000740740740740764,0.004246219315564908,0.35101420001444994,0.10918096227443756,0.11534440064209449,0.0,0.9999999987499999,0.6074569341486593,0.29635957183312994,0.2790105665093079,0.350400103855078,surprised,08,21,21,male,normal,2510
10,0.33366666666666667,True,1.0,0.5712802476822687,0.5450317394352497,0.5581559935587592,0.8706507835436923,-0.0647685185185185,-0.06421296296296303,0.32946298899969384,0.33289588782552976,0.185457809398365,0.6410790687937732,0.026248508247018965,0.0005555555555554759,0.0029008329942131635,0.33146281691976337,0.11105007394125245,0.11404826260509163,0.0,0.9999999987499999,0.6035702375246974,0.29321776041151226,0.2782296565851346,0.35247031910829296,surprised,08,21,21,male,normal,2510
20,0.6673333333333333,True,1.0,0.5656535185663734,0.5541955781322204,0.559924548349297,0.938029886121999,-0.06731481481481483,-0.06759259259259254,0.3287590311042726,0.3410839390413593,0.19237102631416944,0.5969154678686579,0.011457940434152936,0.0002777777777777102,0.006422684153409214,0.3191073224294968,0.10903261411384513,0.11597850742586066,0.0,0.9999999987499999,0.6018824216639781,0.29631336348216647,0.2780001728437059,0.34815722252997666,surprised,08,21,21,male,normal,2510
30,1.0010000000000001,True,1.0,0.5756419391006539,0.516655506056382,0.546148722578518,1.0656630311036577,-0.06124999999999997,-0.06125000000000003,0.3688901112922707,0.28568327814898103,0.19723189304860717,0.5124966397801162,0.05898643304427187,5.551115123125783e-17,0.004230785536042686,0.2937968410677391,0.10136121469630671,0.12023047084210513,0.0,0.9999999987499999,0.6144079682888781,0.29500610821538303,0.2919331359156957,0.3964876047869662,surprised,08,21,21,male,normal,2510
40,1.3346666666666667,True,1.0,0.3834598688931967,0.3485838779956428,0.3660218734444197,1.0869045974232494,-0.04662037037037037,-0.04611111111111116,0.33460920060124283,0.37949348524789805,0.17086191325973674,0.33675621053784893,0.03487599089755394,0.0005092592592592093,0.008606306433279922,0.29502306899463787,0.10087029194573623,0.11597254712962356,0.0,0.9999999987499999,0.6140873771305397,0.30329138827744695,0.2749539931493387,0.36561432772646335,surprised,08,21,21,male,normal,2510
50,1.6683333333333334,True,1.0,0.41048164717488994,0.33550619882929383,0.3729939230020919,1.0471295735885393,-0.04805555555555563,-0.04504629629629625,0.35915520249161065,0.31730046834773595,0.1722581012501332,0.35620608223663514,0.07497544834559611,0.003009259259259378,0.007462319663596242,0.3071809093702285,0.10475846446370098,0.11744458282446994,0.0,0.9999999987499999,0.6041215612807623,0.301498232971244,0.300195198668565,0.3940980362656905,surprised,08,21,21,male,normal,2510
60,2.0020000000000002,True,1.0,0.5269116813497186,0.5081519287156341,0.5175318050326763,1.3089515378730632,-0.0524074074074074,-0.05370370370370364,0.34787707204417295,0.428226905963505,0.1854232501172056,0.39537888917845054,0.01875975263408447,0.0012962962962962399,0.011273443759558579,0.24304969505293134,0.10357070843047542,0.11833245674336837,0.0,0.9999999987499999,0.5967867853625826,0.30541277633906994,0.29103080348446975,0.3793673353268242,surprised,08,21,21,male,normal,2510
70,2.3356666666666666,True,1.0,0.5970101472666408,0.6304709563522779,0.6137405518094594,1.2061378516666503,-0.05513888888888885,-0.05597222222222209,0.2666202490591221,0.4972431482926018,0.19586488726564819,0.5088477664152469,0.03346080908563709,0.0008333333333332416,0.004915941008788964,0.24732147889781608,0.10570700087885801,0.11642805473576995,0.0,0.9999999987499999,0.6030048147774735,0.29595421597786664,0.2709399626331627,0.36555721559842524,surprised,08,21,21,male,normal,2510
80,2.6693333333333333,True,1.0,0.5647700331105856,0.53798609183374,0.5513780624721628,1.0380686594008528,-0.056342592592592666,-0.055046296296296315,0.35341897966863894,0.3113157018704916,0.186846392460444,0.5311576045368757,0.02678394127684558,0.001296296296296351,0.003283780329714989,0.30627772093342936,0.10543368475687723,0.11732696140610142,0.0,0.9999999987499999,0.6025390802336559,0.3019441059421526,0.2833675990379527,0.3778909832589594,surprised,08,21,21,male,normal,2510
90,3.003,True,1.0,0.547706327145496,0.5150752292846478,0.531390778215072,1.0100105781163478,-0.05708333333333332,-0.054398148148148195,0.362344814387778,0.30763067977992975,0.18404270199573167,0.526123973083635,0.03263109786084828,0.002685185185185124,0.0009875467243028572,0.313793128636819,0.10617724171862697,0.11730595417699702,0.0,0.9999999987499999,0.6076714030846715,0.2998408350146768,0.29212563247805473,0.39135015424389535,surprised,08,21,21,male,normal,2510
100,3.336666666666667,True,1.0,0.519620507734659,0.5091545000665876,0.5143875039006233,0.9639754683532668,-0.05467592592592596,-0.05342592592592593,0.3676180388419827,0.27207865253796343,0.18406135556647352,0.5336105749447521,0.010466007668071375,0.0012500000000000289,0.0028940142085472956,0.3191614866888739,0.10551145440235603,0.11562080811323307,0.0,0.9999999987499999,0.6134534909745147,0.2934509091292701,0.291864041746324,0.4034668844747774,surprised,08,21,21,male,normal,2510
0,0.0,True,1.0,0.555415224264882,0.5393344300182026,0.5473748271415423,0.8669526634569871,-0.06231481481481482,-0.06416666666666676,0.32555455578318715,0.3466933197401386,0.1847556738015281,0.6313779866121834,0.01608079424667941,0.0018518518518519378,0.001795582430457924,0.3316374276407106,0.1073463295495948,0.11623708133340967,0.0,0.9999999987499999,0.6082734360072155,0.2961523347387295,0.27392581621439827,0.3538820611825093,surprised,08,21,21,male,normal,2511
10,0.33366666666666667,True,1.0,0.5817983538040088,0.5641788259000885,0.5729885898520486,0.8368806510134982,-0.07236111111111104,-0.07092592592592595,0.34387955854792235,0.28709508872126643,0.1972690246162262,0.6846718097235669,0.017619527903920296,0.001435185185185095,0.006287280673829865,0.3440696444933647,0.10846418149092643,0.11552498765849872,0.0,0.9999999987499999,0.6014358211253252,0.29839200537314775,0.2768317537769237,0.35369622591936634,surprised,08,21,21,male,normal,2511
20,0.6673333333333333,True,1.0,0.5264637457451853,0.5118074859308592,0.5191356158380223,1.1909194171277866,-0.08449074074074076,-0.08606481481481487,0.32628540509318255,0.42280649762585243,0.2195031925759771,0.4359116228787784,0.014656259814326056,0.0015740740740741166,0.01719888875375478,0.2608348984213203,0.10251766969390318,0.1194055832535817,0.0,0.9999999987499999,0.62031330103135,0.2951972335418636,0.30315856759682985,0.40498197481822745,surprised,08,21,21,male,normal,2511
30,1.0010000000000001,True,1.0,0.5104507759999257,0.4578810229110787,0.4841658994555022,1.0930156307384689,-0.06754629629629633,-0.07564814814814808,0.3785268562028273,0.29598893740126947,0.20278116394652995,0.44296338116261663,0.05256975308884704,0.008101851851851749,0.015287740022195174,0.28155835888816644,0.09890818590775574,0.11829638217565801,0.0,0.8155762771448828,0.6109968223617572,0.30628956681424035,0.30579058110576196,0.3977700569715299,surprised,08,21,21,male,normal,2511
40,1.3346666666666667,True,1.0,0.6292518829053907,0.6584160711837438,0.6438339770445672,1.3369422414243077,-0.060231481481481386,-0.06439814814814815,0.32493878001487136,0.49254417742208545,0.19167303544672398,0.4815720209114348,0.029164188278353098,0.004166666666666763,0.0035976915916975816,0.23720082397482847,0.1039579066162368,0.11847585179605215,0.0,0.9999999987499999,0.604711469759779,0.3037135318081586,0.28768037940403396,0.380937487603224,surprised,08,21,21,male,normal,2511
50,1.6683333333333334,True,1.0,0.6045492948732327,0.5937398600451547,0.5991445774591937,0.8630312282773702,-0.05856481481481479,-0.060787037037037084,0.36554600824612005,0.1960512039293338,0.19240909594576572,0.6942327899942854,0.010809434828078057,0.002222222222222292,0.0007823895928699417,0.3189739092945041,0.10619853251690514,0.11647165104934606,0.0,0.9999999987499999,0.6070062474208434,0.30271101846111514,0.2800913179630368,0.3680903782060159,surprised,08,21,21,male,normal,2511
60,2.0020000000000002,True,1.0,0.5186657677892098,0.48493601183233975,0.5018008898107748,0.9329852580688424,-0.05379629629629623,-0.05162037037037037,0.3418051160765611,0.2914990775686164,0.1854232501172056,0.5378443930072776,0.033729755956870056,0.002175925925925859,0.00682177374716728,0.30338709327550945,0.10284449876159801,0.11799935318841782,0.0,0.9999999987499999,0.6142847961293892,0.2964739015775262,0.2764115144381482,0.37981543692111164,surprised,08,21,21,male,normal,2511
70,2.3356666666666666,True,1.0,0.5429157377997237,0.5106243261187576,0.5267700319592407,1.4332961310609404,-0.05314814814814822,-0.05050925925925931,0.30209879672851725,0.5657592927902614,0.1799035243656609,0.36752351488545504,0.03229141168096605,0.002638888888888913,0.007396215832160115,0.22358736581443694,0.10479639108381407,0.11773483011439885,0.0,0.9999999987499999,0.619019458228604,0.29627922126660444,0.27597477795985076,0.38845886556586695,surprised,08,21,21,male,normal,2511
80,2.6693333333333333,True,1.0,0.541379196259452,0.5230608657087557,0.5322200309841039,1.105890610804562,-0.057870370370370294,-0.055694444444444435,0.3430557556547913,0.40433584025263863,0.18057625937153515,0.48125920030815794,0.018318330550696316,0.002175925925925859,0.003006297439003427,0.2833717904852647,0.10798061430549097,0.1154832305200115,0.0,0.9999999987499999,0.6022758000231341,0.2997552492169199,0.28625491441297335,0.37676578803848904,surprised,08,21,21,male,normal,2511
90,3.003,True,1.0,0.5470885494068395,0.5564229493923244,0.5517557493995819,1.0941958575667652,-0.05912037037037038,-0.057499999999999996,0.35079404589596064,0.4021540760618276,0.18126515292262463,0.504256843584253,0.009334399985484909,0.0016203703703703831,0.004765568851984759,0.28460155873223947,0.10846367667346367,0.11634711865893574,0.0,0.9774122532642999,0.6036177720619499,0.2973559529976688,0.288730218857986,0.3775083242634229,surprised,08,21,21,male,normal,2511
100,3.336666666666667,True,1.0,0.5486504142406541,0.5393344300182027,0.5439924221294283,1.0645993650451298,-0.05861111111111106,-0.056851851851851876,0.3465852668820765,0.387070814685697,0.18334373675797253,0.5109832299274082,0.00931598422245139,0.0017592592592591827,0.004422058585336798,0.28283669021838703,0.10902396364663042,0.11483106218842573,0.0,0.9999999987499999,0.6000962964717136,0.2983096989133609,0.2880074421537476,0.3767447980966939,surprised,08,21,21,male,normal,2511
0,0.0,True,1.0,0.5904425928093313,0.5812929550176097,0.5858677739134706,0.882308210329884,-0.06217592592592597,-0.06083333333333335,0.32383320628055434,0.3440131347219889,0.18750162759710248,0.6640171394239003,0.009149637791721621,0.0013425925925926174,0.010067795102581071,0.34270511020593986,0.10682509580845212,0.11671629042353554,0.0,0.9999999987499999,0.6056095911645908,0.3002241601732779,0.2729177415902054,0.3544796492126103,surprised,08,21,21,male,normal,2512
10,0.33366666666666667,True,1.0,0.5059608786621557,0.5238501934199276,0.5149055360410416,0.8207485803098302,-0.06254629629629638,-0.06092592592592594,0.3339829961452716,0.29066183138081303,0.18611480051309184,0.62736086104062,0.01788931475777189,0.0016203703703704386,0.012153793836677336,0.3685930804449064,0.10877152631434706,0.11507020707286111,0.0,0.9999999987499999,0.6053906884785164,0.2997933470021508,0.2753628384991626,0.3536057157350162,surprised,08,21,21,male,normal,2512
20,0.6673333333333333,True,1.0,0.555183892533506,0.5551673647502594,0.5551756286418827,0.9234791010814657,-0.06064814814814806,-0.05986111111111114,0.3310051830965755,0.32485734095502594,0.18680923124255766,0.6011783352668502,1.6527783246567118e-05,0.0007870370370369195,0.005980693984685504,0.32758970628886575,0.1076958477230865,0.11722085782112598,0.0,0.9999999987499999,0.6024442794930471,0.2992678269174422,0.27456218711668473,0.3540863325949247,surprised,08,21,21,male,normal,2512
30,1.0010000000000001,True,1.0,0.5091855026062804,0.5086693318070622,0.5089274172066713,1.090146750524109,-0.05356481481481479,-0.05509259259259247,0.33650257744595485,0.2851153039832275,0.19030343754396392,0.46684303462996585,0.0005161707992181741,0.0015277777777776835,0.004347178550457831,0.2600708255831988,0.09945534239043377,0.11864239496492443,0.0,0.9999999987499999,0.6101656422334559,0.3011814011179379,0.27468020957757994,0.3564230861148176,surprised,08,21,21,male,normal,2512
40,1.3346666666666667,True,1.0,0.5264637457451854,0.5235295586448043,0.5249966521949949,1.1196745796609529,-0.05699074074074062,-0.05851851851851858,0.3053340660448886,0.35456361689263416,0.1909758177139437,0.46888324673225007,0.0029341871003810693,0.001527777777777961,0.004222658077365453,0.26249999999999996,0.10219200884863308,0.1154714536283073,0.0,0.9999999987499999,0.6127650091755452,0.3032514775892943,0.284304729179781,0.3633107130032096,surprised,08,21,21,male,normal,2512
50,1.6683333333333334,True,1.0,0.46933771809621583,0.4515107777856375,0.4604242479409266,0.7777310547444112,-0.050694444444444375,-0.053148148148148056,0.36228941263618036,0.13490364132715182,0.18958494304490606,0.592009596546505,0.017826940310578354,0.00245370370370368,0.014996944916838903,0.3673227364887882,0.10208866800779164,0.11654780489014635,0.0,0.9999999987499999,0.6239168992597038,0.2932418048083622,0.27672375872687466,0.3816405974032718,surprised,08,21,21,male,normal,2512
60,2.0020000000000002,True,1.0,0.4981244672829855,0.4698566462654858,0.48399055677423564,0.9258834443792486,-0.050370370370370454,-0.05430555555555566,0.35140639696309106,0.1818607881117022,0.1898551808401348,0.5227337843790083,0.028267821017499695,0.003935185185185208,0.022484602991010013,0.30185269524478286,0.09728393258413331,0.11819375705857842,0.0,0.9999999987499999,0.6299718863092111,0.29699648578426235,0.2668921785962655,0.3874857180484137,surprised,08,21,21,male,normal,2512
70,2.3356666666666666,True,1.0,0.5021926819441482,0.4904597983631292,0.4963262401536387,1.2130204469324655,-0.054166666666666696,-0.05472222222222217,0.3451556147074876,0.33229491173416414,0.1895837357625078,0.40916560096638793,0.011732883581019038,0.0005555555555554759,0.00014706165717101835,0.26195519634425907,0.10346886039725356,0.11826052995078748,0.0,0.9999999987499999,0.6124448573960835,0.29817619681366936,0.28770027527084285,0.400457564392793,surprised,08,21,21,male,normal,2512
80,2.6693333333333333,True,1.0,0.5297852332218713,0.5259355585872932,0.5278603959045822,0.9909940160869644,-0.05490740740740746,-0.05601851851851852,0.3840034111765155,0.23662193327707556,0.19027777777777777,0.5326575007878352,0.003849674634578082,0.0011111111111110628,0.007305075316118207,0.32037817320967515,0.10697755140473401,0.11771501464508431,0.0,0.9999999987499999,0.6025586929771909,0.30348452049102,0.29892981494988685,0.39086070018641234,surprised,08,21,21,male,normal,2512
90,3.003,True,1.0,0.5095210363345055,0.49066886251751113,0.5000949494260083,0.960258500370655,-0.05726851851851844,-0.055925925925925934,0.3879342396313497,0.21820887054515306,0.19237538884161803,0.5207920046872526,0.01885217381699439,0.0013425925925925064,0.0036402696780310465,0.33371636322514464,0.10614849245974381,0.11716948043621382,0.0,0.9999999987499999,0.599268478672719,0.3028791473403345,0.30211839259578777,0.39372284568169824,surprised,08,21,21,male,normal,2512
100,3.336666666666667,True,1.0,0.49229891616789107,0.5095210363345088,0.5009099762511999,0.9447526680795523,-0.056805555555555665,-0.05550925925925926,0.38243005547865283,0.20659284399551944,0.19308084616518592,0.5302022351198283,0.017222120166617783,0.0012962962962964064,0.00426940991645361,0.32657985942504203,0.10484955558953742,0.11523361179020923,0.0,0.9999999987499999,0.6090371834827681,0.2968581467356183,0.293716476210922,0.4025372147452221,surprised,08,21,21,male,normal,2512
0,0.0,True,1.0,0.5432098765432107,0.5172210972249827,0.5302154868840967,0.8709307185377044,-0.0639351851851851,-0.06263888888888891,0.32791106665136394,0.3657909017858361,0.17856838012461476,0.6087918081180215,0.025988779318228072,0.0012962962962961844,0.006510286579614495,0.3380920732581586,0.10882743152180582,0.114186110816018,0.0,0.9999999987499999,0.6072439844375249,0.2974250326395888,0.2708227191233605,0.35852918042660353,surprised,08,21,21,male,normal,2513
10,0.33366666666666667,True,1.0,0.5596738527425364,0.5428378277049166,0.5512558402237265,0.8797348976201262,-0.0635648148148148,-0.06189814814814809,0.33019086371381823,0.344994077498089,0.18132112357228436,0.6266158608860387,0.01683602503761983,0.0016666666666667052,0.00468843685275317,0.3424735352648231,0.10696048712856729,0.11642870689995309,0.0,0.9999999987499999,0.6070948291425946,0.2977230189357375,0.26926845011465017,0.35276106264872775,surprised,08,21,21,male,normal,2513
20,0.6673333333333333,True,1.0,0.533333333333334,0.5311520443108192,0.5322426888220766,1.25925925925926,-0.07180555555555562,-0.07435185185185178,0.30916944533918883,0.5740740740740753,0.18892927548355637,0.42266331171164884,0.0021812890225147985,0.0025462962962961577,0.014022710052318449,0.24034003820441685,0.10490499635932399,0.11812293337015617,0.0,0.9999999987499999,0.6100083850024385,0.2984302582091043,0.27003222183974274,0.3638508564216177,surprised,08,21,21,male,normal,2513
30,1.0010000000000001,True,1.0,0.6037287826908434,0.6153182536621468,0.6095235181764951,1.5580929481912116,-0.07347222222222227,-0.07699074074074058,0.28966439838890845,0.6591760299625457,0.20416704035095481,0.3911984319575352,0.011589470971303362,0.00351851851851831,0.012980601568566914,0.2019178264931246,0.08607140023189028,0.12073811246096534,0.0,0.9999999987499999,0.6648676305600366,0.31685918278060604,0.26941474257081294,0.4073321195045325,surprised,08,21,21,male,normal,2513
40,1.3346666666666667,True,1.0,0.5432098765432101,0.571950471281256,0.557580173912233,1.1230546911018962,-0.06541666666666668,-0.07041666666666657,0.31949781912073666,0.44378774083865224,0.19034552810498334,0.4964853255411433,0.02874059473804591,0.004999999999999893,0.0061900763200581615,0.25454377584010657,0.10227181472526524,0.11945684524761407,0.0,0.9999999987499999,0.6111380177852391,0.30254127518202717,0.2760838177504095,0.36600400133660105,surprised,08,21,21,male,normal,2513
50,1.6683333333333334,True,1.0,0.5702219786202143,0.5509982064157186,0.5606100925179665,1.0952744882669947,-0.060416666666666674,-0.06851851851851853,0.36358185871954357,0.33333333333333354,0.18889535132429544,0.511844381041866,0.01922377220449567,0.00810185185185186,0.007183483713178196,0.2690128002607434,0.1018563881129607,0.11997017175823729,0.0,0.9999999987499999,0.6096283535836209,0.30551111700400047,0.29449976199698347,0.39778590896602667,surprised,08,21,21,male,normal,2513
60,2.0020000000000002,True,1.0,0.6078742706734801,0.611542762316091,0.6097085164947855,1.4070567297580963,-0.06032407407407414,-0.06513888888888891,0.34236239321725453,0.5276344436589901,0.1840277777777778,0.43332191488797167,0.0036684916426108494,0.004814814814814772,0.0018377353254219735,0.22129761584624982,0.10370824680294846,0.1190150463042596,0.0,0.9999999987499999,0.6082887649669243,0.3054984572784028,0.2862560564208566,0.3838913099853385,surprised,08,21,21,male,normal,2513
70,2.3356666666666666,True,1.0,0.6736925096660743,0.655507229146491,0.6645998694062827,1.3604965356425325,-0.061249999999999916,-0.06199074074074079,0.2630328211422152,0.7131341575413482,0.1868255667542866,0.4884980240632563,0.018185280519583347,0.000740740740740875,0.005781893582621593,0.2183295044961147,0.10463318644351238,0.11852462145651703,0.0,0.9999999987499999,0.598563465417417,0.30162895715370447,0.27004289208345617,0.3581242106257746,surprised,08,21,21,male,normal,2513
80,2.6693333333333333,True,1.0,0.6115427623160923,0.6395211915573062,0.6255319769366993,1.2849671730395942,-0.06152777777777779,-0.06009259259259264,0.3128422715846955,0.5246975670723463,0.18143553609964508,0.48680774891470674,0.027978429241213965,0.0014351851851851505,0.013155764294511684,0.2538403746781888,0.1065559011235182,0.1158162589956394,0.0,0.9999999987499999,0.6023604742678321,0.299423290880181,0.28309075977063675,0.38277214220612454,surprised,08,21,21,male,normal,2513
90,3.003,True,1.0,0.5862605715447383,0.5916017453547121,0.5889311584497252,1.2319059596960755,-0.06069444444444433,-0.05879629629629629,0.31557367828576266,0.4981290968597115,0.1807599545835244,0.4780650290830811,0.005341173809973787,0.0018981481481480378,0.010580490881835656,0.25682000703003033,0.10757379726804138,0.11370451363315831,0.0,0.9999999987499999,0.6033715527539141,0.3000479107329179,0.28380348877431066,0.3840715539241335,surprised,08,21,21,male,normal,2513
100,3.336666666666667,True,1.0,0.4783530055899612,0.5333711648218283,0.5058620852058948,1.0536828337222501,-0.05782407407407403,-0.05597222222222237,0.3276482991336302,0.4038407715292937,0.181492294946645,0.48008951936597616,0.05501815923186715,0.0018518518518516602,0.01566496706414598,0.3004098045180887,0.10385244254338692,0.11662416822379981,0.0,0.9999999987499999,0.6077002411589635,0.30045962450456776,0.27787672314928397,0.3857043013956123,surprised,08,21,21,male,normal,2513
0,0.0,True,1.0,0.5309930383480649,0.5238501934199262,0.5274216158839955,0.8213189088417954,-0.06268518518518507,-0.05935185185185182,0.3425067869449155,0.2956560982875193,0.18404270199573156,0.6421642192893782,0.007142844928138659,0.0033333333333332438,0.003624744547984256,0.3510142000144513,0.10780562828685189,0.11382000124632768,0.0,0.9999999987499999,0.6081442168664342,0.29813307087222307,0.277179510204829,0.3640693177849329,surprised,08,21,21,male,strong,2514
10,0.33366666666666667,True,1.0,0.5388927783889379,0.539707020924224,0.539299899656581,0.7942355957175828,-0.06231481481481482,-0.06013888888888885,0.34715551365507,0.2835808385967262,0.18612586828024424,0.679017539083387,0.0008142425352860583,0.00217592592592597,0.00407604824189591,0.3581060496031398,0.10764487224334628,0.11363722875351087,0.0,0.9999999987499999,0.6046809048463135,0.29819390505651117,0.27945569686135585,0.3656652362936124,surprised,08,21,21,male,strong,2514
20,0.6673333333333333,True,1.0,0.5759642842102962,0.5490761854559442,0.5625202348331202,1.2210736514177447,-0.07527777777777783,-0.07537037037037037,0.3292236189182288,0.4556956404171296,0.19934383176905957,0.4606767447483599,0.026888098754352052,9.259259259253305e-05,0.002121369410732681,0.2550492563751465,0.10635309037244998,0.11714654801965238,0.0,0.9999999987499999,0.6033912182216636,0.2972353578916503,0.2842270844174151,0.37264149360447946,surprised,08,21,21,male,strong,2514
30,1.0010000000000001,True,1.0,0.5816564171393505,0.5564568711155323,0.5690566441274414,1.1333366259196103,-0.07828703703703704,-0.0810648148148147,0.381099758301523,0.2644154676475305,0.21814510723058167,0.50210734490796,0.02519954602381813,0.002777777777777657,0.011592003614856523,0.2553196241046233,0.10012253193564062,0.12189075581165941,0.0,0.9999999987499999,0.6029360796662415,0.3067301462707343,0.30828396220140464,0.39768912739055917,surprised,08,21,21,male,strong,2514
40,1.3346666666666667,True,1.0,0.6322594448342311,0.6207231374133932,0.6264912911238122,1.3094122017873904,-0.059814814814814876,-0.06699074074074074,0.2914886226070259,0.4759943306344912,0.20079173919975943,0.47845230880591394,0.011536307420837888,0.007175925925925863,0.007384364990243761,0.23903875946631864,0.10374985365731536,0.11865808726322218,0.0,0.9058372390706982,0.6037687370651384,0.30553741433117276,0.29811083244357856,0.38464002014427445,surprised,08,21,21,male,strong,2514
50,1.6683333333333334,True,1.0,0.5927372332144837,0.6097815054441986,0.6012593693293411,1.0290109528102085,-0.05675925925925923,-0.06504629629629632,0.378922801321973,0.2386033070239035,0.19736182297188892,0.5843080364570598,0.01704427222971494,0.008287037037037093,0.00977732842924482,0.3019683743941034,0.10329515744712577,0.11841228173008357,0.0,0.9999999987499999,0.6127821000040641,0.2972485283119997,0.31173130945282984,0.42156856995356334,surprised,08,21,21,male,strong,2514
60,2.0020000000000002,True,1.0,0.6375957956086008,0.6068162235303196,0.6222060095694602,1.2330750936204502,-0.059259259259259234,-0.06879629629629636,0.3523363756727454,0.37632811298805957,0.19999999999999996,0.5045970134248611,0.030779572078281192,0.009537037037037122,0.007716252219851262,0.2556818181818178,0.08906605981412412,0.11870686027278668,0.0,0.9999999987499999,0.6578845825830332,0.31731267898034043,0.27573745648541725,0.4164689083037623,surprised,08,21,21,male,strong,2514
70,2.3356666666666666,True,1.0,0.6458523907461162,0.6179145455820555,0.6318834681640859,1.3778344802400153,-0.05699074074074084,-0.055787037037037135,0.25723052403902874,0.5777777777777775,0.1993055555555555,0.45860622391596223,0.027937845164060726,0.0012037037037037068,0.0007712077433957554,0.21773297468048664,0.10375191179146029,0.11655026077896716,0.0,0.9999999987499999,0.614482471457333,0.2975955129949822,0.26846615790629336,0.3730961887250227,surprised,08,21,21,male,strong,2514
80,2.6693333333333333,True,1.0,0.6242996094672325,0.5954632921465932,0.6098814508069128,1.245104205833971,-0.056851851851851876,-0.05731481481481476,0.3351859531000943,0.44340912075376804,0.185457809398365,0.48982362114696587,0.028836317320639293,0.0004629629629628873,0.0027484442720012844,0.2557221448915843,0.10463658794399704,0.11674001300925255,0.0,0.9999999987499999,0.6042662883121999,0.3021568225584527,0.2833606128374892,0.3847859666979236,surprised,08,21,21,male,strong,2514
90,3.003,True,1.0,0.5807562687465033,0.5554152242648812,0.5680857465056923,1.168708134322829,-0.057222222222222174,-0.05537037037037035,0.34241751631274425,0.4004930977990228,0.18405430888416383,0.4860800826331646,0.02534104448162211,0.0018518518518518268,0.008836993862721866,0.2843497160627405,0.10721094985309032,0.11554040868286294,0.0,0.9999999987499999,0.6053009171012155,0.30079421232159986,0.2891369919990467,0.3862214035069604,surprised,08,21,21,male,strong,2514
100,3.336666666666667,True,1.0,0.5493260671650904,0.5338433050903177,0.541584686127704,1.1393470207694902,-0.056342592592592666,-0.05537037037037046,0.34628001684239346,0.3878323365688575,0.18195953953629374,0.47534655926157554,0.015482762074772616,0.0009722222222222077,0.0064897483285949655,0.27505070602008735,0.10636862259279609,0.11483272358951681,0.0,0.9999999987499999,0.6015818887476866,0.3021087550301703,0.2874762547191487,0.3840114215523006,surprised,08,21,21,male,strong,2514
0,0.0,True,1.0,0.5555628248343142,0.5445579775456364,0.5500604011899752,0.8118228617676987,-0.07611111111111107,-0.07703703703703707,0.3465789230418408,0.2759499320126085,0.20417600856869392,0.6775620977121162,0.011004847288677788,0.0009259259259259967,0.0023125268913219846,0.3286097920023503,0.10651778534528328,0.11683386068178644,0.0,0.9999999987499999,0.5994338362298045,0.2964676027710995,0.278261563419475,0.3571634153380469,surprised,08,21,21,male,strong,2515
10,0.33366666666666667,True,1.0,0.48334991135216054,0.4913982665484513,0.48737408895030593,0.8135162729911534,-0.07148148148148153,-0.0703240740740741,0.3506645746862566,0.30290891821387916,0.19729802879105024,0.5990956851524541,0.008048355196290768,0.0011574074074074403,0.003259377493247461,0.3549189076539866,0.10999525475491068,0.11456813350293923,0.0,0.9999999987499999,0.601857069913903,0.2954954793989583,0.2831501471172784,0.35880147376274635,surprised,08,21,21,male,strong,2515
20,0.6673333333333333,True,1.0,0.523702592850492,0.5384266393322037,0.5310646160913479,1.2612596857295815,-0.09000000000000002,-0.08967592592592588,0.34907630937404954,0.4549998719645646,0.21738954032472996,0.4210589001615089,0.014724046481711661,0.00032407407407414324,0.0008700061851508873,0.24340257447781055,0.10676236242471517,0.11791021646724009,0.0,0.9999999987499999,0.6051459996811225,0.2989104062613316,0.31303905967501744,0.39230053800943787,surprised,08,21,21,male,strong,2515
30,1.0010000000000001,True,1.0,0.5508247689827355,0.5682012953497395,0.5595130321662375,1.2093896862707703,-0.07972222222222214,-0.08152777777777775,0.3814934265137923,0.2911212914427528,0.21615901499994297,0.4626408167011341,0.01737652636700404,0.0018055555555556158,0.015457714868518537,0.2442829405205084,0.09983907236954405,0.12039474224156464,0.0,0.9999999987499999,0.5996580126581882,0.30411843734360555,0.3236371766753268,0.4176419185503937,surprised,08,21,21,male,strong,2515
40,1.3346666666666667,True,1.0,0.6301017694342316,0.6492800484442731,0.6396909089392524,1.3222019238733336,-0.06657407407407406,-0.0775925925925926,0.29184447713253586,0.41803483551401005,0.20917372454246272,0.4838072743573882,0.019178279010041543,0.011018518518518539,0.015734158824177665,0.2155683331308478,0.10058667047464553,0.11897283856318548,0.0,0.9999999987499999,0.6073190497292668,0.3032010876290727,0.30326788671035876,0.39326130693855976,surprised,08,21,21,male,strong,2515
50,1.6683333333333334,True,1.0,0.6187359132780856,0.6630019097170352,0.6408689114975604,1.0357487922705308,-0.06666666666666665,-0.07560185185185186,0.36875812290145443,0.27826086956521623,0.2071228032484165,0.6187493688432606,0.04426599643894957,0.008935185185185213,0.011695230732807222,0.29384328358209016,0.10348302116836494,0.11727744310393555,0.0,0.9999999987499999,0.6000721540960134,0.3048817489765833,0.2965825485268071,0.39398993503427493,surprised,08,21,21,male,strong,2515
60,2.0020000000000002,True,1.0,0.5646199863926269,0.5888219007844147,0.5767209435885208,0.8781158489392283,-0.05495370370370378,-0.06300925925925932,0.35461211588503655,0.18359643956464966,0.1965281659868687,0.6567709081725432,0.02420191439178776,0.008055555555555538,0.0037982569916613393,0.3191073224294963,0.10165393583778501,0.11838454213555466,0.0,0.9999999987499999,0.6164053164547069,0.29270830830727024,0.2764889034917514,0.3774047121603644,surprised,08,21,21,male,strong,2515
70,2.3356666666666666,True,1.0,0.47755219203875504,0.5200754666287721,0.4988138293337636,1.1259255649334008,-0.05032407407407413,-0.051064814814814896,0.2874801239284051,0.3851100605391854,0.19108764366354108,0.4430255825688342,0.04252327459001709,0.000740740740740764,0.0020171386291903794,0.26697232586893577,0.10140864222996,0.11762689354100243,0.0,0.9999999987499999,0.6152673884710134,0.2961244466494129,0.26113506172729317,0.3679671465220266,surprised,08,21,21,male,strong,2515
80,2.6693333333333333,True,1.0,0.5596738527425364,0.5423513522623967,0.5510126025024666,1.2890151515095096,-0.05319444444444438,-0.053009259259259256,0.35369037578616785,0.41078220169895424,0.1847486536019033,0.4274679020314073,0.017322500480139724,0.00018518518518512161,0.004556461195264284,0.25430000318449536,0.10360238332234158,0.11700930114240458,0.0,0.9999999987499999,0.6077142723183024,0.3034934968102116,0.2861205849002438,0.3882890475113701,surprised,08,21,21,male,strong,2515
90,3.003,True,1.0,0.5311520443108192,0.5084642698809176,0.5198081570958684,1.1483414999012795,-0.05629629629629629,-0.053749999999999964,0.36979330172276415,0.34446369998370086,0.1812605229973301,0.4526599074757423,0.022687774429901553,0.0025462962962963243,0.003975488974245547,0.271283158962799,0.10443671394732391,0.1167557921746865,0.0,0.9999999987499999,0.6103190386779712,0.29966656271439945,0.2870364223883674,0.3864432822986177,surprised,08,21,21,male,strong,2515
100,3.336666666666667,True,1.0,0.5374077172150634,0.5302467547800093,0.5338272359975363,1.0934420396361362,-0.057083333333333264,-0.05513888888888896,0.3662732968926955,0.3540358901527109,0.18340364899485165,0.48820807747174016,0.007160962435054152,0.0019444444444443043,0.015699353521661047,0.2881795023795688,0.10715679942085224,0.11575533720907952,0.0,0.9999999987499999,0.6021973102209633,0.29871669406731083,0.2902659635683859,0.3902574792353117,surprised,08,21,21,male,strong,2515
0,0.0,True,1.0,0.5974125738875389,0.5637551957212191,0.580583884804379,1.014752074181517,-0.062361111111111145,-0.06055555555555553,0.328194276667188,0.4213035166120636,0.18543147910168936,0.5721435802658188,0.03365737816631975,0.0018055555555556158,0.0020495153722068712,0.2879663877563126,0.10650708018656625,0.11420493993978081,0.0,0.9999999987499999,0.6055322414434524,0.30050122346526925,0.27850371351259523,0.36995318287042855,surprised,08,21,21,male,strong,2516
10,0.33366666666666667,True,1.0,0.5646199863926257,0.5709758247621332,0.5677979055773794,1.0346932192187803,-0.06393518518518515,-0.06287037037037035,0.3239257518604025,0.41204867066762724,0.18683863413534257,0.5487596661801663,0.006355838369507483,0.0010648148148147962,0.0033270740168219225,0.29598264381407163,0.105866609078373,0.11611898681465274,0.0,0.9999999987499999,0.6078815212803871,0.30080502174025564,0.2762958915017713,0.36242050805311093,surprised,08,21,21,male,strong,2516
20,0.6673333333333333,True,1.0,0.608187134502924,0.5914270485915836,0.5998070915472538,1.4184130547048723,-0.08254629629629617,-0.08574074074074078,0.3450672059405612,0.5506780094736555,0.2146743334552234,0.42287194802508005,0.016760085911340483,0.0031944444444446107,0.01449294217427053,0.21209125149788186,0.08719540202727265,0.11897191231211342,0.0,0.9999999987499999,0.6627717203834659,0.32294586770506406,0.28555734758882473,0.4276688868890424,surprised,08,21,21,male,strong,2516
30,1.0010000000000001,True,1.0,0.5714954682073383,0.5436426950988806,0.5575690816531095,1.4334298801886387,-0.06875000000000003,-0.07328703703703704,0.3010208767698968,0.46825376086162196,0.21042246794808075,0.38897548415813243,0.027852773108457685,0.004537037037037006,0.0033275839167837087,0.21000000000000094,0.09827531650872036,0.11785670008347501,0.0,0.9999999987499999,0.6194898019442151,0.30014591467493407,0.2997021258551392,0.40203954787631224,surprised,08,21,21,male,strong,2516
40,1.3346666666666667,True,1.0,0.5970101472666419,0.5877309766223171,0.5923705619444795,1.0852735652808774,-0.05819444444444444,-0.06486111111111109,0.32854271322263723,0.3500882468647996,0.1993116802436792,0.5458260303163003,0.009279170644324819,0.006666666666666654,0.007604132902228623,0.2726548977888377,0.1015112084399724,0.1207367065758294,0.0,0.9999999987499999,0.6026503754157914,0.3062387527266536,0.29638024373905214,0.3821876939478834,surprised,08,21,21,male,strong,2516
50,1.6683333333333334,True,1.0,0.6581456865375326,0.6402622062585038,0.6492039463980182,0.6860584015717182,-0.06162037037037027,-0.06504629629629627,0.35853391603595686,0.1913108957140294,0.20487042134711544,0.9462808777076869,0.01788348027902875,0.003425925925925999,0.005346630661233326,0.3819071416239159,0.10220203054588607,0.11693820485819965,0.0,0.9999999987499999,0.6163752218621823,0.29567560273821086,0.29021549361357685,0.38804514721597605,surprised,08,21,21,male,strong,2516
60,2.0020000000000002,True,1.0,0.6856861274303949,0.6837676753507933,0.6847269013905941,1.1285857892750293,-0.06388888888888894,-0.06884259259259262,0.31804261082427787,0.39404650195480845,0.2097280427126453,0.6067123189903382,0.001918452079601618,0.004953703703703682,0.0042187986591783015,0.26082584679216314,0.1027543538472098,0.11807786009218399,0.0,0.9999999987499999,0.6177556782165992,0.2983154841528494,0.2910297550850018,0.3914834412621574,surprised,08,21,21,male,strong,2516
70,2.3356666666666666,True,1.0,0.5266263677967568,0.5472288593369921,0.5369276135668744,1.5609011945503102,-0.049768518518518434,-0.051157407407407485,0.30155038002514256,0.5201875225126903,0.18889898634705438,0.34398565100820566,0.0206024915402353,0.0013888888888890505,0.0005568799635009785,0.21839313752591052,0.10144470470760236,0.11888482775457529,0.0,0.9999999987499999,0.6114120191904887,0.2999907601079515,0.2824277025306833,0.38410131557782684,surprised,08,21,21,male,strong,2516
80,2.6693333333333333,True,1.0,0.5509982064157193,0.5408940279999286,0.5459461172078239,1.3966638496040635,-0.05342592592592593,-0.054537037037037106,0.3296783870506001,0.44193742246752377,0.18680555555555556,0.39089299645193276,0.010104178415790699,0.0011111111111111738,0.002937564202807692,0.23799310470765075,0.10235559659412691,0.11890534877427526,0.0,0.9999999987499999,0.6188073790922619,0.2966844076853313,0.2817169833158647,0.3989650159111691,surprised,08,21,21,male,strong,2516
90,3.003,True,1.0,0.5676757215249574,0.5581791301184502,0.5629274258217039,1.2484387037922833,-0.054490740740740784,-0.05587962962962961,0.33844606418621836,0.4160319836881661,0.1826426484301614,0.4509051378427662,0.00949659140650716,0.0013888888888888284,0.0031443486858344673,0.26108609995900645,0.10328764969885601,0.11874016730279464,0.0,0.9999999987499999,0.6114128308276435,0.3056015425678784,0.2851625839058458,0.3914872155209866,surprised,08,21,21,male,strong,2516
100,3.336666666666667,True,1.0,0.5636208386906719,0.5398117286630731,0.5517162836768725,1.0403836079709137,-0.05421296296296296,-0.05606481481481468,0.35549114840691987,0.3053148181499519,0.18473254743001213,0.530300823128979,0.02380911002759878,0.0018518518518517157,0.002520696687662608,0.30708777511933333,0.10340942880828709,0.11927477409443897,0.0,0.9999999987499999,0.606202138253739,0.3072402621719086,0.28519055091572443,0.39603160064071424,surprised,08,21,21,male,strong,2516
0,0.0,True,1.0,0.5333648902768584,0.5221937589971787,0.5277793246370186,0.9967040423042878,-0.06240740740740741,-0.06074074074074076,0.3349676873798728,0.3885279863435834,0.18342694291325298,0.5295246153681101,0.011171131279679725,0.0016666666666666496,0.005731411944700693,0.2974749654670575,0.10643305254509146,0.11377266771951323,0.0,0.9999999987499999,0.6079586329688125,0.2999384188968209,0.277938824906718,0.3648039291424129,surprised,08,21,21,male,strong,2517
10,0.33366666666666667,True,1.0,0.5481258263293108,0.5450317394352516,0.5465787828822812,0.9955623246279666,-0.06208333333333327,-0.060324074074073974,0.3355694986666565,0.3795945979796792,0.1854429990664996,0.5490151338205101,0.0030940868940592114,0.0017592592592592937,0.0027834815598586416,0.3069064204915063,0.10672081674140467,0.11450548263385359,0.0,0.9999999987499999,0.6045758880974265,0.3002677157962344,0.2825415006394962,0.3675336631639215,surprised,08,21,21,male,strong,2517
20,0.6673333333333333,True,1.0,0.5967341726404514,0.609738487130342,0.6032363298853967,1.3359091865900687,-0.06819444444444445,-0.06953703703703701,0.3251900542638215,0.4833749531842703,0.19654175282197447,0.4515548930576395,0.01300431448989059,0.001342592592592562,0.0036213357207936355,0.23720082397482847,0.10333757760499694,0.11837526376361616,0.0,0.9999999987499999,0.6078898633125125,0.30209204397744477,0.28727686400430874,0.37396109096514807,surprised,08,21,21,male,strong,2517
30,1.0010000000000001,True,1.0,0.6063848234514042,0.6016716618595803,0.6040282426554923,1.6408597165248229,-0.05814814814814806,-0.05999999999999994,0.2935995711672701,0.61526721635445,0.19514240760994453,0.36811693076039664,0.004713161591823889,0.0018518518518518823,0.0016207234828578612,0.1874831864534784,0.10078946818752448,0.11815786857256537,0.0,0.9999999987499999,0.6163028883897309,0.29989696285239015,0.2907360201728267,0.39825097719098196,surprised,08,21,21,male,strong,2517
40,1.3346666666666667,True,1.0,0.6063848234514059,0.6049565136997437,0.6056706685755748,1.2910020398803979,-0.056203703703703645,-0.061064814814814905,0.30747683851369667,0.4583992750299962,0.19654679912151257,0.4691477239119513,0.0014283097516621934,0.00486111111111126,0.0018579342926921885,0.23641304347826136,0.1003807119769005,0.11721211492793629,0.0,0.9999999987499999,0.6104223333630326,0.3056470770489796,0.2878789996547256,0.37477557616214663,surprised,08,21,21,male,strong,2517
50,1.6683333333333334,True,1.0,0.5954632921465943,0.6079987521764987,0.6017310221615465,1.060573963812519,-0.05703703703703711,-0.06597222222222221,0.3724484632247008,0.2339181286549698,0.19655922022996586,0.567363562271944,0.012535460029904355,0.008935185185185102,0.006121301358217718,0.27294059074384097,0.10144755303430703,0.11984009367420156,0.0,0.9999999987499999,0.6176820862329307,0.29675371118579985,0.3009476334522342,0.41569076188159937,surprised,08,21,21,male,strong,2517
60,2.0020000000000002,True,1.0,0.6614950023215248,0.6679233721873202,0.6647091872544225,1.3516101787121422,-0.06060185185185185,-0.07120370370370366,0.3683891028816186,0.38501879560063634,0.2014131331192215,0.4917906048086874,0.006428369865795425,0.010601851851851807,0.007908424895774669,0.22919993045737722,0.10348952894760632,0.11936499925691434,0.0,0.9999999987499999,0.603178680136117,0.3082319407259273,0.31014443465852165,0.4092080560154665,surprised,08,21,21,male,strong,2517
70,2.3356666666666666,True,1.0,0.6912315034210355,0.7437377091554495,0.7174846062882425,1.3655872029578935,-0.0593055555555555,-0.06972222222222219,0.2667169201921271,0.6177410169562149,0.20487451771692236,0.5254037272274917,0.052506205734414,0.010416666666666685,0.013026384480091092,0.20596146981607336,0.0891485659086149,0.1192855006821152,0.0,0.9999999987499999,0.6541084564372625,0.3187807198503457,0.2676859544198613,0.40214842204944046,surprised,08,21,21,male,strong,2517
80,2.6693333333333333,True,1.0,0.6301084901905554,0.6199617801396529,0.6250351351651041,1.404003495731058,-0.05907407407407406,-0.06638888888888889,0.3386288232103947,0.47631561278649026,0.19587228806931042,0.4451806117759352,0.010146710050902508,0.0073148148148148295,0.007041569101355224,0.23044200352181343,0.10383906261991742,0.11712509275566765,0.0,0.9999999987499999,0.6013912889140032,0.3047678758699568,0.2965540120771977,0.3923485821432403,surprised,08,21,21,male,strong,2517
90,3.003,True,1.0,0.6613674529305941,0.6640432802228309,0.6627053665767124,1.242414160182484,-0.06060185185185185,-0.06481481481481488,0.3646197392385109,0.3881680776880932,0.1937751999740937,0.5334013309051269,0.00267582729223681,0.004212962962963029,0.001509960996804482,0.26278660134817655,0.10734038930898934,0.11656990290358772,0.0,0.9999999987499999,0.6041905429437399,0.30237135033615364,0.2984156469966919,0.3918892521001153,surprised,08,21,21,male,strong,2517
100,3.336666666666667,True,1.0,0.5924162762648304,0.583700029573054,0.5880581529189421,1.129946310834978,-0.05847222222222226,-0.06134259259259256,0.37418901202141186,0.3249662338605288,0.18890867939912034,0.5204301720179911,0.008716246691776397,0.002870370370370301,0.0018486950752605838,0.2803499827593881,0.10590084507312865,0.11723095436907963,0.0,0.9999999987499999,0.6051682281428197,0.30545186157993176,0.29291409570779103,0.39202595232178683,surprised,08,21,21,male,strong,2517
0,0.0,True,1.0,0.4923638972988663,0.5195776634804574,0.5059707803896618,0.6996826475417064,-0.06347222222222226,-0.06162037037037049,0.33080203768309013,0.43377579246996667,0.17223329679369823,0.7231432452517726,0.027213766181591104,0.0018518518518517713,0.008602963878071137,0.35997722091221135,0.11291577232186112,0.11169083061731616,0.0,0.9999999987499999,0.6181425452446604,0.2914489976364754,0.2927631991612764,0.4489312159370777,neutral,01,22,22,female,normal,2518
10,0.33366666666666667,True,1.0,0.5439603293130401,0.5599547943628216,0.5519575618379309,0.7082650240286431,-0.06324074074074071,-0.06143518518518515,0.33599040704382055,0.3957951604865945,0.17361506614418637,0.7793093589435938,0.015994465049781526,0.0018055555555555602,0.0024840666644954158,0.3529411764705887,0.11479973271939577,0.10992696938683214,0.0,0.9999999987499999,0.6140961551808224,0.29133867585279216,0.2963878727090787,0.44387260881456936,neutral,01,22,22,female,normal,2518
20,0.6673333333333333,True,1.0,0.5472248503960092,0.5735016042120246,0.5603632273040169,1.013039994318378,-0.06175925925925935,-0.05898148148148158,0.333590386260167,0.5203818089022657,0.17222620914999012,0.5531501524587449,0.026276753816015352,0.002777777777777768,0.0072605319575224855,0.25464198176087366,0.11510340640223535,0.10926076684067286,0.0,0.9753732965967395,0.6129472843903186,0.29344423964500627,0.30262332510547274,0.4482046567206192,neutral,01,22,22,female,normal,2518
30,1.0010000000000001,True,1.0,0.5121590358093331,0.5057937628789461,0.5089763993441396,0.9838178468216306,-0.06347222222222221,-0.06000000000000005,0.3405967192438671,0.4987257721210371,0.17084047876316596,0.5173482072809141,0.006365272930387023,0.0034722222222221544,0.0038326285703455345,0.26561689413936546,0.11177372583075446,0.1123260239406064,0.0,0.9999999987499999,0.6180190651885755,0.2919643434404473,0.29515805819604235,0.4510331979884818,neutral,01,22,22,female,normal,2518
40,1.3346666666666667,True,1.0,0.517628301813406,0.5470085470085473,0.5323184244109767,0.8170419737234778,-0.061620370370370325,-0.059629629629629644,0.33123132000481326,0.46486870918749584,0.17222931003000191,0.6515190669887618,0.029380245195141264,0.001990740740740682,0.002906783217538224,0.32050718123831023,0.11335958382889011,0.11003495083173441,0.0,0.9999999987499999,0.6132342998762005,0.2927582191043167,0.2933946044202122,0.4419689956446688,neutral,01,22,22,female,normal,2518
50,1.6683333333333334,True,1.0,0.5389335647839488,0.5686721529994037,0.5538028588916762,0.9914313780104911,-0.062222222222222234,-0.05912037037037038,0.3344504674294928,0.5025852916784419,0.17569835258094374,0.5585891985817459,0.02973858821545483,0.0031018518518518556,0.0006865820510902498,0.2734291557317004,0.1144181076495572,0.10875880812511986,0.0,0.9999999987499999,0.6126517017431973,0.29431785355009243,0.2996776149687318,0.43962167958219683,neutral,01,22,22,female,normal,2518
60,2.0020000000000002,True,1.0,0.5577133594769087,0.5692248784272427,0.5634691189520757,0.9631737091557823,-0.062407407407407356,-0.05768518518518517,0.34215882820158466,0.4883697680226507,0.17362209709164386,0.5850129769903646,0.011511518950333977,0.004722222222222183,0.0037947661876930323,0.26936619718309907,0.1117186911275712,0.11187101345080609,0.0,0.9999999987499999,0.6163089696659914,0.29333783050130774,0.2969767146099891,0.44580929681904297,neutral,01,22,22,female,normal,2518
70,2.3356666666666666,True,1.0,0.5745649813704501,0.5685677011308603,0.5715663412506552,0.8527551942186095,-0.06166666666666659,-0.05958333333333332,0.32195815124821847,0.4480578139114721,0.1757053001645301,0.6702584107674522,0.005997280239589786,0.0020833333333332704,0.0006692934883240089,0.30555519283593074,0.11348976046080571,0.11007390185025802,0.0,0.9999999987499999,0.6132252926717562,0.29263258463012864,0.29475628761108763,0.44229841650178964,neutral,01,22,22,female,normal,2518
80,2.6693333333333333,True,1.0,0.5118966283714662,0.5331339662778078,0.522515297324637,0.6297237288581786,-0.06129629629629635,-0.059814814814814765,0.33258739784443225,0.3358264199767486,0.17430730635602565,0.8297532288835089,0.021237337906341636,0.0014814814814815835,0.008678251641913857,0.38746973010970764,0.11495484705210339,0.10871833647011983,0.0,0.9999999987499999,0.6170342465970763,0.2927232758265227,0.2948843298319663,0.44029029426005933,neutral,01,22,22,female,normal,2518
90,3.003,True,1.0,0.25527305237325154,0.258526693301726,0.2568998728374888,0.5265674306514272,-0.07694444444444443,-0.07245370370370369,0.33325402457969033,0.3256047137880623,0.17572961454399944,0.4878764957408641,0.003253640928474466,0.00449074074074074,0.004134136176894638,0.4300350620193487,0.11238930046230318,0.11153942188472812,0.0,0.9999999987499999,0.6165482405462185,0.29280122167527023,0.2931116039785057,0.43833134099550236,neutral,01,22,22,female,normal,2518
100,3.336666666666667,True,1.0,0.4512484801425614,0.4508704138316127,0.45105944698708705,0.5789641322465607,-0.06833333333333336,-0.06458333333333338,0.34473910380089867,0.32311512646964774,0.17572223374872628,0.7790801223503021,0.00037806631094872145,0.0037499999999999756,0.0019728161430569895,0.4316491155663513,0.11405992336845357,0.1101768545075794,0.0,0.9999999987499999,0.6166149071581758,0.2917440897127888,0.29577118137687985,0.44054608432824893,neutral,01,22,22,female,normal,2518
0,0.0,True,1.0,0.5254711548711856,0.5331339662778078,0.5293025605744968,0.6804899250471281,-0.06532407407407403,-0.06324074074074082,0.3351108510044386,0.42357025946811117,0.17222931003000183,0.7778257121703004,0.007662811406622283,0.002083333333333215,0.0007156724613414775,0.3788265306122447,0.11201635290144557,0.11054366827219848,0.0,0.9999999987499999,0.6207520125628377,0.2903104882629867,0.2889838708284897,0.44344093289179526,neutral,01,22,22,female,normal,2519
10,0.33366666666666667,True,1.0,0.5340210522137088,0.5414578111868895,0.5377394317002991,0.8544953398425413,-0.06305555555555548,-0.060092592592592586,0.3377247442716872,0.4754070533704757,0.1722226652187543,0.6293064533264615,0.007436758973180746,0.0029629629629628895,0.002996710399807596,0.30883829032419685,0.11299465141022896,0.11006401095769765,0.0,0.9999999987499999,0.6209523842193128,0.29117551776260664,0.2945699601215165,0.44916622815898877,neutral,01,22,22,female,normal,2519
20,0.6673333333333333,True,1.0,0.5699881634395223,0.572435271419394,0.5712117174294582,1.1710758377425041,-0.06375000000000008,-0.061990740740740624,0.3280933567191509,0.6208112874779544,0.1673629345581279,0.48776663220256455,0.0024471079798716877,0.0017592592592594603,0.008400665701184659,0.2168674698795184,0.11327621432885374,0.10960051585232297,0.0,0.9999999987499999,0.6214120695387529,0.2908763908390533,0.3002638033847177,0.45010134902356563,neutral,01,22,22,female,normal,2519
30,1.0010000000000001,True,1.0,0.4983661953287834,0.5181445468580063,0.5082553710933948,0.9696386259276716,-0.065462962962963,-0.0622685185185185,0.3411126050602107,0.5319382907257809,0.16737752141912068,0.524169889176122,0.01977835152922286,0.0031944444444444997,0.006405341335237993,0.2737816514408511,0.11112378596699159,0.11229243003206858,0.0,0.9999999987499999,0.6222191272133853,0.28990407700130744,0.29589606407722774,0.45457374861012745,neutral,01,22,22,female,normal,2519
40,1.3346666666666667,True,1.0,0.45799693818027526,0.47845355948008367,0.46822524883017946,0.7499683575774418,-0.06412037037037038,-0.06148148148148147,0.33319056286599236,0.4513453584496254,0.1701550312991308,0.6243266720514011,0.02045662129980841,0.002638888888888913,0.001167343873807026,0.36456355503113363,0.1129942676743966,0.1102373674195042,0.0,0.9999999987499999,0.6200582920511954,0.2905449483180824,0.29533121332141316,0.448272012471556,neutral,01,22,22,female,normal,2519
50,1.6683333333333334,True,1.0,0.5196914623825379,0.5331339662778078,0.5264127143301729,0.9452655095755171,-0.06504629629629627,-0.06268518518518512,0.3296473716636332,0.4867240422089835,0.1701550312991308,0.5568940250095075,0.013442503895269908,0.002361111111111147,0.005730396450930646,0.26906150850056126,0.11397911429444149,0.10939308550007949,0.0,0.9999999987499999,0.6187960241831107,0.2914760399973107,0.29794312520811234,0.4488443010114264,neutral,01,22,22,female,normal,2519
60,2.0020000000000002,True,1.0,0.5198858025731666,0.5270806286299483,0.5234832156015574,0.7864562106861334,-0.06583333333333324,-0.061851851851851825,0.34408314460790734,0.48136543929927145,0.17084449793611559,0.6656228388670888,0.007194826056781678,0.003981481481481419,0.001182842931078552,0.33019182665537333,0.11151013621480342,0.11173840532255676,0.0,0.9999999987499999,0.6231804993716236,0.2898971931365822,0.2938795998165048,0.44786615238517097,neutral,01,22,22,female,normal,2519
70,2.3356666666666666,True,1.0,0.5062169104186156,0.5269651864139676,0.5165910484162917,0.9449834258416319,-0.06421296296296292,-0.061203703703703705,0.32905596775781454,0.49363066185372867,0.1715562420152141,0.5466667819662546,0.020748275995352006,0.0030092592592592116,0.0009303248835762291,0.2686472488114515,0.11299178758823479,0.11075716447765596,0.0,0.9999999987499999,0.6218279876716313,0.2900687072599862,0.29459268972506164,0.44765460954351527,neutral,01,22,22,female,normal,2519
80,2.6693333333333333,True,1.0,0.48508516950248837,0.5060276798407021,0.4955564246715952,0.6433524649140903,-0.06398148148148142,-0.060833333333333406,0.3317956052287128,0.3985988097837307,0.17016758544842106,0.7702720541185291,0.020942510338213705,0.003148148148148011,0.001186534463968741,0.37907608695652195,0.11521791144871639,0.10861505592900428,0.0,0.9999999987499999,0.6184832688466011,0.2897672145307137,0.2956932589373177,0.4452380101413828,neutral,01,22,22,female,normal,2519
90,3.003,True,1.0,0.5120469598733297,0.5252525252525254,0.5186497425629275,0.6339234612489273,-0.06412037037037038,-0.0618055555555555,0.3376370050706931,0.4065074804182329,0.17293254978509284,0.8181583018573051,0.013205565379195705,0.0023148148148148806,0.0021805843349484606,0.3912750951659044,0.11256865204592291,0.11084396342142847,0.0,0.9999999987499999,0.6174578124062124,0.29044261251298503,0.28863191720592074,0.4450043006723906,neutral,01,22,22,female,normal,2519
100,3.336666666666667,True,1.0,0.20513010949864904,0.22222226166636944,0.21367618558250923,0.6290480422248502,-0.07384259259259257,-0.06953703703703701,0.3394244169459752,0.4033810867372733,0.17294490231316767,0.33968182275358183,0.017092152167720392,0.0043055555555555625,0.0015541295634536605,0.40350244188983997,0.11291248421046725,0.1106659862257015,0.0,0.9999999987499999,0.6225478930791066,0.29092336230937726,0.29056600884640194,0.4367504729658438,neutral,01,22,22,female,normal,2519
0,0.0,True,1.0,0.5333558764450843,0.5470085470085462,0.5401822117268152,0.6376395250703579,-0.06064814814814806,-0.06111111111111106,0.346592656777072,0.35271149912746946,0.1770902265815209,0.8471592341569649,0.013652670563461866,0.0004629629629629983,0.004464181485967366,0.39549117716424437,0.11275306099534461,0.11151391224351964,0.0,0.9999999987499999,0.6216181038196529,0.29128794269269104,0.2943438557929833,0.44642112173824483,neutral,01,22,22,female,normal,2520
10,0.33366666666666667,True,1.0,0.5476684459039517,0.5833333333333336,0.5655008896186426,0.6561648815726862,-0.06347222222222215,-0.06314814814814823,0.34307580089858525,0.31441233908691213,0.17847393214836935,0.8618274240207104,0.0356648874293819,0.0003240740740739212,0.004580947093164446,0.4101562499999993,0.11373784466250561,0.10981754090049323,0.0,0.9999999987499999,0.6165385320690776,0.2937554623591296,0.30070041758473276,0.4487420950029154,neutral,01,22,22,female,normal,2520
20,0.6673333333333333,True,1.0,0.5521962215304593,0.560685245943531,0.5564407337369952,1.0639798974719423,-0.06287037037037041,-0.06379629629629635,0.3297744196494848,0.5319899487359706,0.17986153529316393,0.5229804952698073,0.008489024413071644,0.0009259259259259411,0.0021434247459575398,0.24785888682429358,0.11360321024712355,0.1101299421914506,0.0,0.9999999987499999,0.6174496222317051,0.29391706014544233,0.30485875699749876,0.45168350656026385,neutral,01,22,22,female,normal,2520
30,1.0010000000000001,True,1.0,0.4787008576101544,0.49992920379477346,0.48931503070246396,0.8955371199379968,-0.06953703703703712,-0.06597222222222227,0.33255858884574274,0.4897468624660924,0.18194486376946217,0.5463927957964959,0.02122834618461905,0.003564814814814854,0.006065740122318284,0.31640625000000006,0.11236873283133271,0.11156014241044093,0.0,0.9999999987499999,0.6218295191904887,0.2928155306528706,0.29965362428140585,0.4538486761764092,neutral,01,22,22,female,normal,2520
40,1.3346666666666667,True,1.0,0.5280090182383718,0.5057937628789461,0.5169013905586589,0.81189647316852,-0.06666666666666671,-0.06305555555555564,0.34064638983180573,0.4540909498087291,0.18125673478866933,0.6366592387590888,0.0222152553594257,0.003611111111111065,0.006094432731435505,0.3241378114192813,0.11415682889606786,0.1095559763863828,0.0,0.9999999987499999,0.6193932331448204,0.29401030546953427,0.3020162439986194,0.4493028597353473,neutral,01,22,22,female,normal,2520
50,1.6683333333333334,True,1.0,0.4929081559302073,0.505347587316375,0.49912787162329114,0.8528656985678889,-0.064537037037037,-0.06078703703703697,0.35020223201444334,0.4263669827025832,0.18194486376946223,0.5852361895447483,0.012439431386167654,0.003750000000000031,0.0016354261005380923,0.30756967311985145,0.11318896360980522,0.11021045398408318,0.0,0.9999999987499999,0.6181197543626826,0.2935966667890962,0.30466766354844826,0.4507163398313127,neutral,01,22,22,female,normal,2520
60,2.0020000000000002,True,1.0,0.56565428345322,0.5974266945503129,0.5815404890017665,1.1084689783458428,-0.06032407407407414,-0.05921296296296291,0.3358855255523654,0.5195819900873327,0.17847264970529494,0.5246339774610504,0.031772411097092945,0.0011111111111112293,0.003613120509615008,0.2323619626580419,0.11157898734184712,0.1123500203668181,0.0,0.9999999987499999,0.6129559172653437,0.294523285566383,0.2999985413728675,0.4467209203772126,neutral,01,22,22,female,normal,2520
70,2.3356666666666666,True,1.0,0.5600576441108316,0.5643738977072309,0.5622157709090312,0.927536231884059,-0.06152777777777779,-0.060462962962962996,0.3018077020277253,0.494685990338164,0.17777820693070223,0.6061388780112986,0.004316253596399311,0.0010648148148147962,0.007462007488047021,0.29062499999999936,0.11500527581681765,0.1086649901296789,0.0,0.9999999987499999,0.6140085448554422,0.2930941028106649,0.2992566731127831,0.44492698339064696,neutral,01,22,22,female,normal,2520
80,2.6693333333333333,True,1.0,0.5333558764450854,0.5416666666666671,0.5375112715558763,0.6856907835059912,-0.06222222222222229,-0.061898148148148036,0.3334058746147854,0.36381195497481117,0.180559358475242,0.7838974716964091,0.008310790221581654,0.00032407407407425426,0.006547033449934736,0.3558439009735134,0.11500841615048993,0.1095348232197587,0.0,0.9999999987499999,0.6172885494353992,0.2926822440718696,0.3025519051160455,0.44766660544556053,neutral,01,22,22,female,normal,2520
90,3.003,True,1.0,0.5336969745155491,0.5415676103981965,0.5376322924568728,0.6297237288581786,-0.06037037037037035,-0.05925925925925929,0.3308268477916475,0.3498191874757798,0.17847222222222225,0.8537589863918786,0.007870635882647359,0.0011111111111110628,0.0033542191665867174,0.38810635367556673,0.11442599810874031,0.11014310800054875,0.0,0.9999999987499999,0.6146206919721013,0.29200082342276756,0.2970722375666544,0.44607879079454404,neutral,01,22,22,female,normal,2520
100,3.336666666666667,True,1.0,0.3888957651285382,0.4091710758377435,0.39903342048314083,0.6474715932762779,-0.06708333333333333,-0.06374999999999992,0.336942534208003,0.3581757750038983,0.17847222222222225,0.6162948685732876,0.020275310709205296,0.0033333333333334103,0.0010619216975410615,0.3829787234042549,0.11578509945848925,0.10836242952124585,0.0,0.9999999987499999,0.6149912001988296,0.29254904385313774,0.29810888398728114,0.44303558987926994,neutral,01,22,22,female,normal,2520
0,0.0,True,1.0,0.5384720413821145,0.5519883410523158,0.545230191217215,0.699843946730957,-0.06546296296296295,-0.061851851851851936,0.33070486807287564,0.4269048075058835,0.17361111111111105,0.7790739546495206,0.013516299670201293,0.0036111111111110095,0.006402813979250798,0.3712499999999998,0.11562183610516491,0.10836093602644924,0.0,0.9999999987499999,0.619252841191164,0.29088126249071333,0.2985541883792952,0.45179976637148256,neutral,01,22,22,female,normal,2521
10,0.33366666666666667,True,1.0,0.5390573306251305,0.5246039410620285,0.5318306358435795,0.7638551673785768,-0.06597222222222221,-0.06347222222222221,0.33330833525279385,0.4513453584496252,0.1715282225678134,0.6962453859790374,0.014453389563102048,0.0025000000000000022,0.008571784874616838,0.3175497621047018,0.11371071990775983,0.11019196736208964,0.0,0.9999999987499999,0.6183328262320552,0.2903755084172361,0.2937697969398512,0.4484195863332967,neutral,01,22,22,female,normal,2521
20,0.6673333333333333,True,1.0,0.4983661953287845,0.5189960753324021,0.5086811353305933,1.192903224768072,-0.07351851851851848,-0.07231481481481489,0.3157805420356868,0.6691738696718015,0.17639580927478637,0.4264228017570266,0.020629880003617596,0.0012037037037035958,0.003467231784944325,0.22636662529948898,0.11452976447652576,0.10934043415958947,0.0,0.9999999987499999,0.615344582254777,0.291592686810437,0.3019952743379515,0.44958117260650204,neutral,01,22,22,female,normal,2521
30,1.0010000000000001,True,1.0,0.47887986924043136,0.47791800351001984,0.47839893637522557,1.0094012035819029,-0.0706944444444444,-0.06800925925925927,0.3247754825306556,0.5544424161023156,0.1770872108184554,0.47394329893565285,0.0009618657304115152,0.002685185185185124,0.001829371621956037,0.2855498600986711,0.11403920026616077,0.11037105661506907,0.0,0.9999999987499999,0.6194133901920145,0.2905657461608426,0.2990941897657213,0.45219322225058733,neutral,01,22,22,female,normal,2521
40,1.3346666666666667,True,1.0,0.5252806308616597,0.5057937628789455,0.5155371968703026,0.8525940795250281,-0.06749999999999995,-0.0641666666666666,0.331215270271318,0.5031488848704935,0.1777932266304524,0.6046689852192071,0.01948686798271415,0.003333333333333355,0.0008988549053103995,0.3042903416663146,0.11400212390910948,0.11023665965649954,0.0,0.9999999987499999,0.6196658683551546,0.29060042026946636,0.2988982928371359,0.451467107406467,neutral,01,22,22,female,normal,2521
50,1.6683333333333334,True,1.0,0.2248277885921439,0.25852669330172656,0.2416772409469352,0.9137554628060991,-0.07925925925925931,-0.07560185185185181,0.34268524828058256,0.49047168224150944,0.1736220970916438,0.2644878753498841,0.03369890470958267,0.003657407407407498,0.0014822177582658202,0.28163420508840625,0.11468731957785591,0.11004424545927885,0.0,0.9999999987499999,0.6211626258315827,0.29161151623212794,0.29914271972866585,0.4413220145119846,neutral,01,22,22,female,normal,2521
60,2.0020000000000002,True,1.0,0.5307029915950632,0.5520948154647928,0.541398903529928,0.8542518512676246,-0.06421296296296286,-0.06027777777777776,0.344156495932832,0.4938643515140947,0.17570139218256625,0.6337696578901714,0.021391823869729598,0.003935185185185097,0.004502120815603176,0.30761718749999994,0.11487291990896019,0.10967691441227556,0.0,0.9999999987499999,0.6201780318455506,0.2909356770664494,0.3052684809496782,0.45209403622959743,neutral,01,22,22,female,normal,2521
70,2.3356666666666666,True,1.0,0.517446179101585,0.5244919868140813,0.5209690829578331,0.8960220418539102,-0.06361111111111106,-0.061712962962963025,0.31863206593400734,0.4841409419694508,0.17639278163936412,0.5814244054531565,0.007045807712496299,0.0018981481481480378,0.008819051324287593,0.28125000000000006,0.11463170551754794,0.11010217673195273,0.0,0.9999999987499999,0.6160413189103767,0.2903969859833389,0.29989391083410805,0.45015898425933815,neutral,01,22,22,female,normal,2521
80,2.6693333333333333,True,1.0,0.5117110261796124,0.5136907439465358,0.5127008850630741,0.6347175753122511,-0.06550925925925927,-0.06194444444444436,0.32738904305995997,0.39490452948298227,0.17500697530741446,0.8077622315891433,0.0019797177669234056,0.0035648148148149095,0.006517728761861231,0.3999687536616329,0.11691666147478665,0.10784950370058556,0.0,0.9668853790970893,0.6181716386398309,0.2892482878010729,0.3013954515832088,0.4501806657086174,neutral,01,22,22,female,normal,2521
90,3.003,True,1.0,0.5121590358093333,0.5251741564491826,0.518666596129258,0.6424947798732549,-0.0642129629629628,-0.06009259259259253,0.33773100288555236,0.36909274588463564,0.17708721081845544,0.8072697434702513,0.013015120639849331,0.004120370370370274,0.009657538687693179,0.39551950025153226,0.1160499443162063,0.10843073230241759,0.0,0.9999999987499999,0.6165021143457382,0.2898198241778278,0.3002243974886658,0.4485561431908469,neutral,01,22,22,female,normal,2521
100,3.336666666666667,True,1.0,0.26185118478808594,0.25529658743021433,0.2585738861091501,0.6233295321578035,-0.07703703703703707,-0.070925925925926,0.34814104738968743,0.37134525320039335,0.17777949438325966,0.4148269458917421,0.006554597357871617,0.006111111111111067,0.005063660874239203,0.4074707648087589,0.1149517433078142,0.10959429726867953,0.0,0.9999999987499999,0.6172704607467987,0.2899751438145342,0.2948685830771251,0.4398398597313238,neutral,01,22,22,female,normal,2521
0,0.0,True,1.0,0.4982541193927788,0.5190023874166612,0.50862825340472,0.64765704798293,-0.06537037037037041,-0.062129629629629646,0.33692801592820604,0.3995037490428095,0.17014292463502947,0.7853357807018347,0.020748268023882355,0.0032407407407407662,0.0021277405068066647,0.39483371664397243,0.11573918386208294,0.11084449455077006,0.0,0.9999999987499999,0.6205626014702756,0.2896578628419857,0.29723196784672884,0.44451448515025366,calm,02,22,22,female,normal,2522
10,0.33366666666666667,True,1.0,0.47235143778370303,0.4993520292281231,0.48585173350591304,0.6612929873322102,-0.06416666666666665,-0.06268518518518518,0.33600747018088045,0.3581757750038983,0.1708337799314539,0.7346996608355659,0.027000591444420075,0.0014814814814814725,0.006402813979250589,0.36385314826359083,0.11399843698632356,0.11212539933312028,0.0,0.9999999987499999,0.6188714493922569,0.28993747391084307,0.2950057375158744,0.4457928497669666,calm,02,22,22,female,normal,2522
20,0.6673333333333333,True,1.0,0.21833977421519238,0.25172280600289754,0.23503129010904494,0.8889211713605267,-0.07569444444444445,-0.07189814814814816,0.34282425037084796,0.4579124579124575,0.17085521526842085,0.2644005989297351,0.03338303178770516,0.0037962962962962976,0.002971440286561208,0.2982846215100165,0.11557731817119579,0.11101326127058957,0.0,0.9999999987499999,0.6197008084640105,0.2906225664957482,0.30222984372246064,0.4443617790157677,calm,02,22,22,female,normal,2522
30,1.0010000000000001,True,1.0,0.38276284758406676,0.40231428497187216,0.39253856627796946,0.9072565089290975,-0.06486111111111115,-0.06060185185185185,0.3734473343535366,0.3728451406557932,0.1757222337487262,0.4326654726801707,0.019551437387805404,0.004259259259259296,0.002262511627793118,0.29280821917808203,0.11378474678695304,0.11268091277743704,0.0,0.9999999987499999,0.6223266662289917,0.2919563297817647,0.3125966503198916,0.4581762582965656,calm,02,22,22,female,normal,2522
40,1.3346666666666667,True,1.0,0.402777777777778,0.41665238505655816,0.40971508141716806,0.7372301114786112,-0.06050925925925926,-0.05662037037037043,0.3570140922710662,0.35543230212787197,0.18058259679984476,0.5557492498447073,0.013874607278780149,0.0038888888888888307,0.002424506197379793,0.35199796565642105,0.11303373634954668,0.11292926684334868,0.0,0.9999999987499999,0.6191370521568003,0.2921005430812895,0.30625022422091513,0.45096895987244107,calm,02,22,22,female,normal,2522
50,1.6683333333333334,True,1.0,0.4445475433645852,0.4581566094658299,0.4513520764152076,0.9474380200356622,-0.060416666666666674,-0.05731481481481482,0.35446821990185645,0.4013330248511579,0.17847906182851886,0.47639219333652916,0.013609066101244738,0.0031018518518518556,0.0031346784083440713,0.2971906393136333,0.1150965144644257,0.11065411548683692,0.0,0.9999999987499999,0.615261950155062,0.2923616928269966,0.3103014181090956,0.45419051423561635,calm,02,22,22,female,normal,2522
60,2.0020000000000002,True,1.0,0.38844678006624095,0.4165060086053001,0.40247639433577054,0.9280544146671004,-0.06083333333333335,-0.05865740740740738,0.3568887609974118,0.4248003090978887,0.17848290899188046,0.433677581804448,0.028059228539059178,0.00217592592592597,0.0015854201681276667,0.2855498600986711,0.11361524881285283,0.11132203921585643,0.0,0.9999999987499999,0.6180871523374974,0.292285477202596,0.3080020604068225,0.4527270931789243,calm,02,22,22,female,normal,2522
70,2.3356666666666666,True,1.0,0.40276885143637997,0.4027792987487163,0.40277407509254814,0.7771427031759074,-0.061481481481481526,-0.05824074074074076,0.33713068674295843,0.35385963005354126,0.18403150894573128,0.5182755669538592,1.0447312336347991e-05,0.0032407407407407662,0.0017141414349985493,0.34196714096646896,0.11246700016273271,0.11265122724464485,0.0,0.9999999987499999,0.6168124291435324,0.29232319566845444,0.30143402018518084,0.4477933891752649,calm,02,22,22,female,normal,2522
80,2.6693333333333333,True,1.0,0.423908276743699,0.44454754336458513,0.4342279100541421,0.8056895017708046,-0.059166666666666534,-0.05560185185185185,0.36580337766477633,0.32611241738342106,0.18267272197487106,0.5389519276343598,0.02063926662088611,0.0035648148148146874,0.002186917495473908,0.32142857142857123,0.11560518102472854,0.11029545314283108,0.0,0.9999999987499999,0.6165352998465011,0.291910638869409,0.31442587151276813,0.4566694973450744,calm,02,22,22,female,normal,2522
90,3.003,True,1.0,0.45141722587344074,0.47870085761015546,0.46505904174179813,0.7159948203368242,-0.05874999999999997,-0.054907407407407405,0.3787731897059329,0.27775661133756135,0.1848031563834302,0.6495285001126422,0.02728363173671472,0.003842592592592564,0.0036035173623857226,0.3689375694378214,0.11474273014388985,0.1111924041576905,0.0,0.9999999987499999,0.6182054324620473,0.29214293350939696,0.30965305047368513,0.44973301171020996,calm,02,22,22,female,normal,2522
100,3.336666666666667,True,1.0,0.4785807395504799,0.4861748359132279,0.4823777877318539,0.7636334273470672,-0.05999999999999989,-0.05435185185185182,0.3736971369860404,0.31922380979262716,0.18268942736057145,0.6316876271481183,0.007594096362747993,0.005648148148148069,0.004095803552668315,0.3415821340073929,0.11363485647910883,0.11198462555723918,0.0,0.9999999987499999,0.6191066794295844,0.29121248865692095,0.30763994708443154,0.4510364971700221,calm,02,22,22,female,normal,2522
0,0.0,True,1.0,0.5002440810494413,0.54168318604772,0.5209636335485807,0.6752158149319787,-0.06398148148148147,-0.06064814814814812,0.33766989925687074,0.4065074804182318,0.17083511971881044,0.7715512907544421,0.04143910499827874,0.003333333333333355,0.005704395096911212,0.40178571428571525,0.11460073984035088,0.10961421356735562,0.0,0.9999999987499999,0.6208617717086835,0.2896840346908562,0.2970215804815035,0.4472124654834335,calm,02,22,22,female,normal,2523
10,0.33366666666666667,True,1.0,0.267122124504219,0.2991271345741336,0.2831246295391763,0.7248818090773113,-0.07101851851851854,-0.06703703703703706,0.3385696924317099,0.44440289216818113,0.16805964133039802,0.39058040358270324,0.032005010069914575,0.003981481481481475,0.0045501352060986966,0.35066471879636607,0.1124794737440327,0.11178986257339626,0.0,0.9999999987499999,0.620878444502801,0.2888947809767121,0.2917029161045256,0.43954425839089795,calm,02,22,22,female,normal,2523
20,0.6673333333333333,True,1.0,0.4377420121982271,0.4790866978153491,0.4584143550067881,1.121393904734448,-0.06814814814814818,-0.06564814814814812,0.3393342105322271,0.5743589743589745,0.17366427679865595,0.4087897687613551,0.04134468561712201,0.0025000000000000577,0.0021471623650603086,0.24008581471157991,0.11099176768710331,0.11259226040660957,0.0,0.9999999987499999,0.6206197501891382,0.2904487603055979,0.29894452371967684,0.45212855778439004,calm,02,22,22,female,normal,2523
30,1.0010000000000001,True,1.0,0.4442730758456523,0.48536267169707553,0.4648178737713639,0.9133111876774251,-0.06421296296296303,-0.06263888888888897,0.37179261293082694,0.3940883338306833,0.17507366264951346,0.5089370195424938,0.041089595851423244,0.001574074074074061,0.0022462769223543775,0.2854231729343703,0.11303367559774483,0.11088636378721278,0.0,0.9999999987499999,0.6208868602675445,0.2918054047488485,0.306373409080292,0.4601813596889501,calm,02,22,22,female,normal,2523
40,1.3346666666666667,True,1.0,0.3001727819854343,0.33808633395454296,0.31912955796998865,0.6896815322217642,-0.06388888888888883,-0.060185185185185175,0.3515849556681191,0.3580829227289508,0.17712641173327864,0.4627201730948682,0.03791355196910867,0.0037037037037036535,0.0011707302929851882,0.37907167738169945,0.11247619784887176,0.11196345052273256,0.0,0.9999999987499999,0.6208302818314826,0.29085858321072505,0.3014884177875036,0.44867953475281014,calm,02,22,22,female,normal,2523
50,1.6683333333333334,True,1.0,0.4105447704538548,0.43721572907044454,0.42388024976214966,0.9153423329294159,-0.06166666666666659,-0.0571296296296297,0.3524736540095604,0.39134201190460505,0.1771561297216669,0.4630838479911494,0.026670958616589746,0.004537037037036895,9.169850412281949e-05,0.2856939197909236,0.11123818524661645,0.11268745997675195,0.0,0.9999999987499999,0.6179941129889456,0.29139353937275236,0.298461457833913,0.4501163999523953,calm,02,22,22,female,normal,2523
60,2.0020000000000002,True,1.0,0.44454163162608845,0.4781650248274584,0.46135332822677344,0.8365621487997832,-0.061851851851851825,-0.05791666666666667,0.35697033273544304,0.41172953035641524,0.17991242987878595,0.5514872133393528,0.03362339320136992,0.003935185185185153,0.0037175033799151783,0.3339714759983274,0.11412136015884757,0.11063106429202868,0.0,0.9999999987499999,0.6240217823301195,0.29068966632251136,0.3064917444421433,0.4512219445048098,calm,02,22,22,female,normal,2523
70,2.3356666666666666,True,1.0,0.45828577520445885,0.4512405361516175,0.45476315567803816,0.860706785731526,-0.061851851851851825,-0.058611111111111114,0.33236242742427113,0.40917107583774237,0.182672721974871,0.5283601375252653,0.007045239052841323,0.0032407407407407107,0.001529269030102363,0.3135112611107489,0.11311603314105081,0.11182926372254011,0.0,0.9999999987499999,0.6172821498364971,0.29177845782065287,0.3012742365250905,0.44691718903417116,calm,02,22,22,female,normal,2523
80,2.6693333333333333,True,1.0,0.46478345778065333,0.45846254889481536,0.4616230033377343,0.7612929168096014,-0.06078703703703703,-0.057731481481481495,0.3491187672581271,0.3806464584048012,0.1792624520635458,0.6063671329982776,0.0063209088858379725,0.0030555555555555336,0.00401649055881757,0.335984665719502,0.11251927818080795,0.11259901048889827,0.0,0.9999999987499999,0.6189368134753902,0.2915276389674475,0.297244490122523,0.4465822214855039,calm,02,22,22,female,normal,2523
90,3.003,True,1.0,0.47216930882463604,0.5073778278376045,0.4897735683311203,0.667553169068341,-0.05847222222222226,-0.05462962962962964,0.35025469121354263,0.3470398145774731,0.17991242987878595,0.733684732580424,0.03520851901296851,0.0038425925925926196,0.00499319946306918,0.40539092486482237,0.1140940754927725,0.11048690067503064,0.0,0.9999999987499999,0.6178421121886255,0.2924410624036266,0.3034918068647126,0.4484288977358935,calm,02,22,22,female,normal,2523
100,3.336666666666667,True,1.0,0.46478345778065333,0.4787526416106656,0.47176804969565944,0.6590205305486484,-0.05800925925925926,-0.056064814814814845,0.34581121286288474,0.3496613245427216,0.17993278368223806,0.7158624471120841,0.013969183830012277,0.0019444444444444153,0.0028261444368754135,0.37935085238068306,0.11385080924226758,0.11125249822175647,0.0,0.9999999987499999,0.6207545481395683,0.2915689230001419,0.3017307689097671,0.44773172567422725,calm,02,22,22,female,normal,2523
0,0.0,True,1.0,0.4925480182640646,0.485923676706182,0.4892358474851233,0.6968184191622174,-0.06324074074074076,-0.061851851851851936,0.32553979888314666,0.43373391396831873,0.17222266521875434,0.7020994767522506,0.006624341557882607,0.0013888888888888284,0.005392898916743028,0.39083930502064634,0.1150074923336485,0.10831141379235841,0.0,0.9999999987499999,0.6170783236575881,0.2900527377233114,0.2966565878892583,0.4439700786500937,calm,02,22,22,female,normal,2524
10,0.33366666666666667,True,1.0,0.4923638972988652,0.5054612588378974,0.4989125780683813,0.7081032803468785,-0.06513888888888891,-0.0631018518518518,0.33520415324104785,0.44427307584565195,0.1729184315296482,0.7045760017154263,0.013097361539032182,0.002037037037037115,0.0005918218972071675,0.3754894353906118,0.11504029783211055,0.10862791271368978,0.0,0.9999999987499999,0.6144023104319852,0.29008105950554053,0.29745800780414555,0.4426845783751298,calm,02,22,22,female,normal,2524
20,0.6673333333333333,True,1.0,0.4300297273959144,0.4846823540004215,0.45735604069816793,1.1001197947311592,-0.0693981481481481,-0.06685185185185177,0.3290240797885488,0.5923567942244728,0.1736326429790066,0.41573294371085645,0.05465262660450709,0.0025462962962963243,0.004083879323130716,0.25239728311640536,0.11142553565884461,0.11182276917528701,0.0,0.9999999987499999,0.617144735448867,0.2911711333231636,0.2961865840926953,0.4448763785772281,calm,02,22,22,female,normal,2524
30,1.0010000000000001,True,1.0,0.3148948054380628,0.3292082056852478,0.3220515055616553,0.9312595127584584,-0.06759259259259259,-0.06300925925925932,0.3293625499404937,0.5008319854614164,0.17923861692715684,0.3458235874635152,0.01431340024718497,0.004583333333333273,0.0072675113285064355,0.30677361889767124,0.11349948685779195,0.1095433441077452,0.0,0.9999999987499999,0.6164255800679648,0.2924058690032046,0.29823192674831445,0.4343732455561978,calm,02,22,22,female,normal,2524
40,1.3346666666666667,True,1.0,0.25736582679124026,0.26619967493670926,0.26178275086397473,0.8608486575132273,-0.0702314814814815,-0.06574074074074071,0.3406609805697652,0.4304071732003485,0.18416205219965825,0.30409845979222233,0.008833848145469003,0.004490740740740795,0.010350864625794853,0.3218074322041891,0.11384778881340421,0.10970355773725152,0.0,0.9999999987499999,0.6153840040156687,0.2930833373094589,0.3005462300139421,0.4360130328739233,calm,02,22,22,female,normal,2524
50,1.6683333333333334,True,1.0,0.35555555555555596,0.3809523809523805,0.3682539682539682,0.8735207925720729,-0.0644444444444443,-0.060046296296296264,0.36177038567650205,0.35963581803346506,0.18487126226439754,0.42157435905978635,0.02539682539682453,0.00439814814814804,0.004319634218972318,0.306377341201601,0.11128383833051471,0.11145212957373751,0.0,0.9999999987499999,0.6164876347726591,0.29297458989358344,0.3014264236979324,0.44158371510495875,calm,02,22,22,female,normal,2524
60,2.0020000000000002,True,1.0,0.39506172839506165,0.40292421069054307,0.3989929695428024,0.9408837015316505,-0.062037037037036946,-0.058564814814814736,0.35754389090844807,0.40509034263857757,0.18550922498131564,0.42406194186729745,0.007862482295481421,0.00347222222222221,0.004962161096636239,0.2968659405087022,0.1137680723048092,0.10995962563398819,0.0,0.9999999987499999,0.6152485027526636,0.29278852979285513,0.3074328830314957,0.4448974698335084,calm,02,22,22,female,normal,2524
70,2.3356666666666666,True,1.0,0.21544182141272905,0.20860765290593203,0.21202473715933054,0.8383017163504975,-0.07157407407407412,-0.06717592592592592,0.3249622458028269,0.3757904245709123,0.19312233139743268,0.2529217500381236,0.006834168506797023,0.0043981481481482065,0.008608873984906161,0.3200431034482761,0.11323112317415042,0.1103399399256315,0.0,0.9999999987499999,0.6113794233709109,0.2946051535415453,0.3021583671856019,0.4318443868619765,calm,02,22,22,female,normal,2524
80,2.6693333333333333,True,1.0,0.3830604535569827,0.4078609433956158,0.3954606984762993,0.6996296561531418,-0.05898148148148147,-0.05638888888888899,0.38939061113665385,0.1929922085783346,0.1924626186247637,0.5652429038681817,0.02480048983863309,0.0025925925925924798,0.007365206752021883,0.3689202201633319,0.11171812994071649,0.1120417466307302,0.0,0.9999999987499999,0.6074291642672695,0.29596229859855405,0.3119060611242257,0.4475935195748328,calm,02,22,22,female,normal,2524
90,3.003,True,1.0,0.42340939198013716,0.44403538105314,0.4337223865166386,0.6822273817613632,-0.056342592592592555,-0.05527777777777787,0.39937952648686403,0.16464460601168754,0.1889922613380744,0.6357446184538378,0.020625989073002837,0.0010648148148146852,0.007328338208573185,0.3785543162733274,0.11345563478142041,0.11045458989704121,0.0,0.9999999987499999,0.6081308937324928,0.2961304745359965,0.3150886698054825,0.4511483796765857,calm,02,22,22,female,normal,2524
100,3.336666666666667,True,1.0,0.4378771867896182,0.4501678314355021,0.44402250911256014,0.6671068577028629,-0.0566666666666667,-0.05624999999999997,0.39228328026967546,0.18460839979830995,0.18971367571775177,0.6655942807146691,0.01229064464588392,0.0004166666666667318,0.005937115677300709,0.38203682788299853,0.113207996880246,0.11019090294922129,0.0,0.9999999987499999,0.6085084289965986,0.2962132623628147,0.311538005117364,0.44684424466018013,calm,02,22,22,female,normal,2524
0,0.0,True,1.0,0.47870085761015546,0.5194638645783765,0.49908236109426596,0.6667124414623549,-0.06342592592592594,-0.061620370370370436,0.33414606545391584,0.40277777777777735,0.1708333333333334,0.7485721430360409,0.040763006968220994,0.0018055555555555047,0.005355795470375548,0.38725292102794884,0.11307939244997198,0.1122064172671032,0.0,0.9999999987499999,0.6199677244413391,0.2892644749986497,0.29290153576092554,0.4440565070664044,calm,02,22,22,female,normal,2525
10,0.33366666666666667,True,1.0,0.49854695723045567,0.5270806286299483,0.512813792930202,0.8819439553247651,-0.06550925925925921,-0.0637037037037037,0.3316108865008603,0.496889202178979,0.16944489470319554,0.5814584813854352,0.028533671399492644,0.0018055555555555047,0.005631558075165161,0.2945958908785692,0.1125934357080352,0.11218571863631054,0.0,0.9999999987499999,0.6185103091392807,0.2906098898367817,0.29351883708150556,0.44420521636001115,calm,02,22,22,female,normal,2525
20,0.6673333333333333,True,1.0,0.40031428202131897,0.40689534261554283,0.4036048123184309,1.2032156616532956,-0.07717592592592593,-0.07226851851851845,0.32318404464278294,0.6660508792897536,0.1715562420152142,0.335438463096343,0.006581060594223864,0.004907407407407471,3.2994587505834126e-05,0.2279844829948473,0.1135276953394978,0.11072519035375714,0.0,0.9999999987499999,0.6186694620582608,0.29797367666787444,0.2932358204201203,0.43071904459079924,calm,02,22,22,female,normal,2525
30,1.0010000000000001,True,1.0,0.3330028409683452,0.37474795644606923,0.3538753987072072,0.8819145337887072,-0.07361111111111107,-0.06893518518518521,0.3348683446399072,0.4616271387800269,0.1770988427644487,0.40125815501300055,0.041745115477724026,0.004675925925925861,0.005281043490229,0.31640624999999944,0.11086691068784756,0.11355719902206816,0.0,0.9999999987499999,0.6163593774462911,0.2907071187044303,0.29470102813820775,0.44668466896612014,calm,02,22,22,female,normal,2525
40,1.3346666666666667,True,1.0,0.3666970630913413,0.4029256751999728,0.38481136914565706,0.7824535003670788,-0.06365740740740738,-0.060185185185185175,0.3503202945946342,0.3910668254161255,0.17992218303025742,0.4918009427590615,0.036228612108631486,0.00347222222222221,0.011017094614923542,0.34349810995893,0.1127140997472743,0.11155329267282518,0.0,0.9999999987499999,0.6162380227559774,0.2914566609317947,0.30329007016109727,0.449926003336505,calm,02,22,22,female,normal,2525
50,1.6683333333333334,True,1.0,0.43055555555555586,0.4094792075636466,0.4200173815596012,0.8173302580456744,-0.06337962962962956,-0.05791666666666667,0.36968054812100665,0.3268831469454848,0.1820152966585862,0.5138894313834759,0.021076347991909272,0.005462962962962892,0.006476061069491866,0.3388489352747761,0.11472807266421038,0.11086435996941875,0.0,0.9999999987499999,0.6179289723936449,0.29275841718085094,0.31688043447656467,0.4607191374395335,calm,02,22,22,female,normal,2525
60,2.0020000000000002,True,1.0,0.37442263245202995,0.3890525888921314,0.3817376106720807,0.8877649980538391,-0.06300925925925932,-0.05902777777777779,0.3528151662186575,0.41069904740097735,0.18274579676306624,0.4299984922912335,0.014629956440101455,0.00398148148148153,0.003625854434934262,0.3109488579263898,0.11140660507849541,0.11319620854031036,0.0,0.9999999987499999,0.616620243824092,0.2922114928736401,0.3071045916347581,0.4522091393912717,calm,02,22,22,female,normal,2525
70,2.3356666666666666,True,1.0,0.42357793776985037,0.45177804986230363,0.43767799381607697,0.8333333333333324,-0.0619444444444443,-0.05870370370370365,0.33728219088849265,0.3888888888888885,0.1868643578713441,0.525213592579293,0.028200112092453267,0.003240740740740655,0.007563975435193596,0.3093750000000007,0.11277689670240791,0.11267965473312419,0.0,0.9999999987499999,0.6131879477415966,0.292773298967237,0.3060148725113768,0.4478454231534429,calm,02,22,22,female,normal,2525
80,2.6693333333333333,True,1.0,0.4166666666666659,0.4730159147352585,0.44484129070096223,0.682131159238978,-0.05685185185185182,-0.05523148148148144,0.3972830957204814,0.19992559301419094,0.18484154642045894,0.6521345413941374,0.056349248068592594,0.0016203703703703831,0.0065196936879836,0.3786077157562243,0.11466563361749597,0.1111005552779447,0.0,0.9999999987499999,0.6169373611866622,0.2936165279691169,0.3173005800999717,0.46020371464512055,calm,02,22,22,female,normal,2525
90,3.003,True,1.0,0.4027777777777771,0.41675556958970744,0.4097666736837423,0.6576464324663402,-0.05597222222222231,-0.054166666666666696,0.40635705927051585,0.14421368686727498,0.18757973565010294,0.6230805086967686,0.013977791811930318,0.0018055555555556158,0.0020168847378359707,0.3852493151623335,0.11262956298125,0.11366808831448667,0.0,0.9999999987499999,0.6074102191188976,0.2966048021906081,0.313658637892702,0.45539511947505157,calm,02,22,22,female,normal,2525
100,3.336666666666667,True,1.0,0.43069284224993576,0.46513901149952147,0.4479159268747286,0.6547000208964034,-0.055509259259259314,-0.05384259259259255,0.4000317010049169,0.16948634397638188,0.18478168750979101,0.6841544410850181,0.03444616924958571,0.0016666666666667607,0.0023412030156016736,0.39206875317243145,0.11395391181629218,0.1123403700380329,0.0,0.9999999987499999,0.6133292100668393,0.2945425509928885,0.31497750681693093,0.45629561540582675,calm,02,22,22,female,normal,2525
0,0.0,True,1.0,0.48605284244481145,0.5079365079365075,0.49699467519065943,0.6563939532488424,-0.06129629629629629,-0.05898148148148147,0.3418978736293778,0.3760332164499998,0.17430599325732166,0.7571591309316131,0.021883665491696014,0.002314814814814825,0.01062627712467654,0.38669219886540357,0.11484730158193714,0.11074084290531948,0.0,0.9999999987499999,0.6211866974211561,0.29173054162039247,0.29982222916336754,0.44829586870920834,calm,02,22,22,female,strong,2526
10,0.33366666666666667,True,1.0,0.4650844925870311,0.45124848014256086,0.45816648636479596,0.7112775117605024,-0.06250000000000006,-0.058888888888888935,0.34025518591776865,0.3965811965811965,0.17430599325732166,0.6441458907238268,0.013836012444470247,0.0036111111111111205,0.006981778093500367,0.3460728647874504,0.11377397165777528,0.111672809554988,0.0,0.9999999987499999,0.6210307175682772,0.2910667279148086,0.29852859870454146,0.44892891622519954,calm,02,22,22,female,strong,2526
20,0.6673333333333333,True,1.0,0.3664315454486319,0.3745792751606108,0.37050541030462136,1.0402653940236555,-0.06342592592592594,-0.06300925925925932,0.3524502345657381,0.45428159967211246,0.17780524147674873,0.356164313869501,0.008147729711978913,0.0004166666666666208,0.003214973891927483,0.25663496708429606,0.11396735842562458,0.11181673456701521,0.0,0.9999999987499999,0.6181957981864621,0.2934202689310268,0.30970212829381794,0.45538862765828636,calm,02,22,22,female,strong,2526
30,1.0010000000000001,True,1.0,0.14691742136119684,0.15020280110314985,0.14856011123217333,0.8079079083586465,-0.07069444444444445,-0.06976851851851851,0.40670713362372674,0.21048479440178935,0.18137160858411835,0.18388248177195035,0.003285379741953004,0.0009259259259259411,0.012844534195292863,0.3250883486400751,0.11214493416223968,0.11263405778199048,0.0,0.9999999987499999,0.6114177950789692,0.2968248840799956,0.3192266413902371,0.4643020761758027,calm,02,22,22,female,strong,2526
40,1.3346666666666667,True,1.0,0.3323642922677241,0.35238726469616144,0.3423757784819428,0.6985421028795074,-0.05995370370370373,-0.05749999999999994,0.39251158534644276,0.207044191617441,0.1869529347588194,0.4901290517359119,0.020022972428437313,0.002453703703703791,0.016354993518922323,0.3810789268669562,0.11184441383145269,0.11174532067502449,0.0,0.9999999987499999,0.610490338994973,0.2955694578284602,0.31141255461841005,0.44669567262767323,calm,02,22,22,female,strong,2526
50,1.6683333333333334,True,1.0,0.3750242839999932,0.4011002205877436,0.38806225229386837,0.9931519120377336,-0.0566666666666667,-0.05592592592592599,0.3581901392507583,0.39202291223088137,0.18828563725134131,0.3907380609051523,0.02607593658775037,0.0007407407407407085,0.009250792066931773,0.2886434100304479,0.11285248802512267,0.11055497092872191,0.0,0.9999999987499999,0.6039969529061624,0.2999134542740347,0.3094662703454505,0.431420367366251,calm,02,22,22,female,strong,2526
60,2.0020000000000002,True,1.0,0.4021576422632913,0.408828629029486,0.40549313564638867,0.7083392447217727,-0.05652777777777784,-0.05625000000000008,0.3630959824317178,0.276766010694531,0.1862295453986906,0.5724561199565634,0.006670986766194709,0.0002777777777777657,0.012583940916645503,0.3680086420504883,0.11218340755572495,0.11002836491951493,0.0,0.9999999987499999,0.6098814687203007,0.29666938082132555,0.2988580958308007,0.4263932699772328,calm,02,22,22,female,strong,2526
70,2.3356666666666666,True,1.0,0.3690927458846358,0.3951988656139913,0.38214580574931356,0.7437916049460568,-0.05527777777777776,-0.054537037037037106,0.371232148637767,0.2772956170739282,0.18972855479946454,0.513780746123141,0.026106119729355504,0.000740740740740653,0.00927214263657885,0.36222229302967424,0.11072944391414598,0.11268130235532885,0.0,0.9999999987499999,0.6075948420540092,0.29965676883587633,0.3003386072529709,0.42876152468305634,calm,02,22,22,female,strong,2526
80,2.6693333333333333,True,1.0,0.43052677598494155,0.44397515838373625,0.43725096718433887,0.9543754208748859,-0.056111111111111,-0.05370370370370375,0.3592404729491455,0.32668576019240025,0.19245032954841063,0.45815405302821643,0.0134483823987947,0.002407407407407247,0.008690678832735204,0.2926692356645673,0.09828002066698245,0.11540241727865384,0.0,0.9999999987499999,0.6504751180784814,0.31922651468844726,0.2912477984263574,0.4610863080875178,calm,02,22,22,female,strong,2526
90,3.003,True,1.0,0.402622474985122,0.4159564210699401,0.40928944802753103,0.7261800068724312,-0.05500000000000005,-0.05365740740740749,0.4045059593398877,0.15558519713657407,0.18487126226439754,0.5636198244981858,0.013333946084818082,0.001342592592592562,0.014109210883142553,0.3574384318078361,0.11216950060766206,0.11090482806730192,0.0,0.9999999987499999,0.608037001511542,0.2996332880408579,0.3112243864250189,0.437530889927994,calm,02,22,22,female,strong,2526
100,3.336666666666667,True,1.0,0.3744226324520291,0.41455275496149446,0.3944876937067618,0.693802671693243,-0.053657407407407376,-0.05305555555555552,0.4098688119471876,0.14780304025125618,0.18558118286622638,0.5685877408687467,0.04013012250946535,0.0006018518518518534,0.016851004937169435,0.37016517145445105,0.11211860245393655,0.11129916726517401,0.0,0.9999999987499999,0.6039463465933249,0.3001702750225962,0.3105083081010065,0.4381763533370588,calm,02,22,22,female,strong,2526
110,3.6703333333333332,True,1.0,0.17381872666836612,0.19471876401704352,0.18426874534270482,0.6874791603595438,-0.06342592592592589,-0.0642592592592593,0.40425992448972387,0.14894727268727367,0.18558118286622638,0.2680353906965476,0.020900037348677403,0.0008333333333334081,0.020314664878621182,0.3847192610296354,0.11318528688589191,0.11055941560041041,0.0,0.9999999987499999,0.6054148313387855,0.29999503892251367,0.31138460288185243,0.4360931037297066,calm,02,22,22,female,strong,2526
0,0.0,True,1.0,0.47921775586176424,0.4938271604938279,0.48652245817779605,0.6376395250703576,-0.05981481481481482,-0.05680555555555561,0.345769924130354,0.3391456722379512,0.17430949483188374,0.7630054898559069,0.014609404632063672,0.0030092592592592116,0.0008710357066885099,0.41885298258121184,0.11318964644189655,0.10934198576477082,0.0,0.9999999987499999,0.6215745231061174,0.2916825021519826,0.2946042920608522,0.4466921433122562,calm,02,22,22,female,strong,2527
10,0.33366666666666667,True,1.0,0.4797893573976679,0.49375459019770923,0.48677197379768855,0.6513385124933952,-0.06125000000000003,-0.05824074074074076,0.3465926567770725,0.33914567223795106,0.17847264970529494,0.7473409977467355,0.013965232800041305,0.003009259259259267,0.008687325415304594,0.3983281109370359,0.1135753283889972,0.10998560987264272,0.0,0.9999999987499999,0.6206259901773209,0.291245583686059,0.2953378009278656,0.44352261047691993,calm,02,22,22,female,strong,2527
20,0.6673333333333333,True,1.0,0.41679876150781464,0.40852098686173977,0.41265987418477723,1.0214689802255787,-0.06245370370370368,-0.06060185185185185,0.35075544098099315,0.4444053355526865,0.17500392364463044,0.40398669188529485,0.008277774646074876,0.0018518518518518268,0.0073279548154795695,0.2556818181818178,0.1108436043746759,0.11324397029917856,0.0,0.9999999987499999,0.6204402722338935,0.2920526204465616,0.29879808273521347,0.44647387730514526,calm,02,22,22,female,strong,2527
30,1.0010000000000001,True,1.0,0.14989279312950987,0.12927206319496184,0.13958242816223587,0.8109207568766876,-0.06856481481481486,-0.06560185185185191,0.4050917780136948,0.20267130611873058,0.1820387682324514,0.1721283207743336,0.020620729934548027,0.002962962962962945,0.00981959749132578,0.3226021870162618,0.11230458307762892,0.11247487652797855,0.0,0.9999999987499999,0.6216507157003426,0.2924759590475943,0.3140465375258619,0.4596167409688021,calm,02,22,22,female,strong,2527
40,1.3346666666666667,True,1.0,0.25355684738018497,0.2728798395763809,0.26321834347828293,0.6815703526722224,-0.057083333333333264,-0.05532407407407408,0.38325658132715046,0.21294776887826194,0.18414755196368418,0.3861939452710741,0.01932299219619593,0.0017592592592591827,0.012556831489570954,0.3920687531724302,0.11316467441856108,0.11058051369596372,0.0,0.9999999987499999,0.6146366353650836,0.29252128530110627,0.31244698895610157,0.45056595883570305,calm,02,22,22,female,strong,2527
50,1.6683333333333334,True,1.0,0.3655355387952472,0.3727685900701568,0.369152064432702,0.950399961192828,-0.056620370370370376,-0.055416666666666725,0.3711660156276437,0.350108998650082,0.1841338792667638,0.38841759207290644,0.0072330512749095854,0.0012037037037036513,0.012313600680405016,0.28891940322658416,0.1117514822988152,0.11200848070307158,0.0,0.9999999987499999,0.6099012756665165,0.2912726105687739,0.3066352202169035,0.44971549382417125,calm,02,22,22,female,strong,2527
60,2.0020000000000002,True,1.0,0.4013864859597439,0.40882862902948436,0.40510755749461413,0.9437702597933827,-0.0553703703703704,-0.053379629629629666,0.37585646056951866,0.3600834140893542,0.18549729783568358,0.4292438263347092,0.007442143069740448,0.0019907407407407374,0.012676056612939534,0.2963124230882523,0.11279309318191365,0.11113107406710684,0.0,0.9999999987499999,0.6078392964060625,0.2935944509844882,0.3083300494631565,0.44753798659616906,calm,02,22,22,female,strong,2527
70,2.3356666666666666,True,1.0,0.13503624211041274,0.12927206319496282,0.13215415265268776,0.7238921261905233,-0.06870370370370366,-0.06560185185185186,0.3649442743130684,0.3110860308598647,0.1842283244587804,0.18256056098875942,0.005764178915449919,0.0031018518518518,0.011952949667498524,0.37492698203147895,0.11325041998371475,0.10997419732121594,0.0,0.9999999987499999,0.6191246430525336,0.29070324819649324,0.2991843075472637,0.43300624048029446,calm,02,22,22,female,strong,2527
80,2.6693333333333333,True,1.0,0.39459317754810463,0.40076260697412236,0.3976778922611135,0.8547748046243385,-0.05444444444444446,-0.05291666666666672,0.35938584291442643,0.34315518736615797,0.18495996866272452,0.4652428804752701,0.006169429426017725,0.001527777777777739,0.015196620774607473,0.30677361889767146,0.11116564602066993,0.11174065040273884,0.0,0.9999999987499999,0.6119486535395409,0.2920872871180487,0.2959441574528111,0.43392571345500613,calm,02,22,22,female,strong,2527
90,3.003,True,1.0,0.42377315268236004,0.4510006163325488,0.43738688450745444,0.7848537899999428,-0.05398148148148152,-0.05180555555555555,0.39223191204686336,0.24374493669178457,0.18767935757500243,0.5572845415035663,0.027227463650188743,0.00217592592592597,0.011973167953001247,0.32523098850403614,0.11387254433636532,0.1105429915557524,0.0,0.9999999987499999,0.61145846083746,0.29336694620499937,0.31256853897493586,0.4531218370963276,calm,02,22,22,female,strong,2527
100,3.336666666666667,True,1.0,0.24517131570457348,0.26425041578513936,0.2547108657448564,0.7469611881986737,-0.05972222222222223,-0.059166666666666645,0.39494464509919397,0.2216770580223147,0.18634708557960425,0.3409961183647328,0.019079100080565875,0.0005555555555555869,0.018429965646819466,0.34407540643667806,0.11399511948229725,0.11041658421591713,0.0,0.9999999987499999,0.6102649741224614,0.29270394059916083,0.31370398716137715,0.45233528948553037,calm,02,22,22,female,strong,2527
110,3.6703333333333332,True,1.0,0.20077736142486374,0.20973997771499334,0.20525866956992855,0.7134326235752878,-0.06611111111111106,-0.06560185185185186,0.40304378740230323,0.18985732011296247,0.1897285547994645,0.28770575214418664,0.008962616290129594,0.0005092592592592093,0.01405201089667224,0.3643191031547504,0.11344058257514107,0.11098623140180855,0.0,0.9999999987499999,0.6106188146274136,0.2919062437549759,0.3125210467229402,0.45168493256676,calm,02,22,22,female,strong,2527
0,0.0,True,1.0,0.5196914623825367,0.5275742775667118,0.5236328699746242,0.6804899250471281,-0.06356481481481491,-0.05958333333333332,0.33163468241028116,0.4096827099773524,0.17361506614418637,0.7694939347387978,0.007882815184175107,0.003981481481481586,0.001591998670692492,0.3673469387755106,0.11564933715693289,0.10762581691141078,0.0,0.9999999987499999,0.6125957232502376,0.2886957499543274,0.2944917269586183,0.43979717567747983,calm,02,22,22,female,strong,2528
10,0.33366666666666667,True,1.0,0.4512405361516169,0.4645172788330445,0.45787890749233073,0.6920903277536598,-0.06509259259259265,-0.06259259259259259,0.33937709481853645,0.38673283771896955,0.16945164844089433,0.6615883637306178,0.013276742681427589,0.0025000000000000577,0.0019061370087527971,0.3749771930950617,0.11392396348765527,0.11014459579959957,0.0,0.9999999987499999,0.6172711075914741,0.2877195543482102,0.2942779200991586,0.4423572996051117,calm,02,22,22,female,strong,2528
20,0.6673333333333333,True,1.0,0.41690388695478253,0.4366948480246182,0.4267993674897004,1.112833645919681,-0.06708333333333333,-0.06699074074074074,0.33894354331181464,0.5428329092451232,0.17161493459470595,0.38352485931262426,0.01979096106983569,9.259259259258856e-05,0.0070957258047451436,0.24008581471157942,0.11305615480417894,0.11154872990813672,0.0,0.9999999987499999,0.6160029581363796,0.2888072687048867,0.29782702622596047,0.4430292609554682,calm,02,22,22,female,strong,2528
30,1.0010000000000001,True,1.0,0.23952857777322978,0.27195460469650895,0.2557415912348694,0.8691673675525147,-0.06694444444444442,-0.06421296296296303,0.3498112429604713,0.42139917695473206,0.17719359312470767,0.2942374515911835,0.03242602692327917,0.0027314814814813904,0.010133837704667283,0.31532945702487486,0.11372774412204174,0.1106919579399606,0.0,0.9999999987499999,0.6123556896821228,0.2902381792810995,0.3022929352570619,0.44447227970329334,calm,02,22,22,female,strong,2528
40,1.3346666666666667,True,1.0,0.1388783630129583,0.14103403060739317,0.13995619681017574,0.779734775720116,-0.07245370370370374,-0.06930555555555551,0.3593941224569186,0.36424037391134934,0.17927564515138253,0.17949205443725483,0.0021556675944348624,0.003148148148148233,0.012647968246299733,0.350350258754612,0.11376574015453375,0.11116823982363293,0.0,0.9999999987499999,0.6143563417710833,0.2895311605255838,0.3022491891738136,0.44281343101571846,calm,02,22,22,female,strong,2528
50,1.6683333333333334,True,1.0,0.3744226324520291,0.4231119958746238,0.39876731416332645,0.8863631969854059,-0.06208333333333327,-0.058750000000000024,0.3596922041250799,0.3981682271084791,0.17716775714279093,0.4498915518148394,0.04868936342259467,0.0033333333333332438,0.008381867152103442,0.30193827860042965,0.11301101416362928,0.11125248790866875,0.0,0.9999999987499999,0.6126545282253527,0.289510184662117,0.3079537590155667,0.45093280976920125,calm,02,22,22,female,strong,2528
60,2.0020000000000002,True,1.0,0.402303849721092,0.41681309957943136,0.4095584746502617,0.9337133594187854,-0.06069444444444444,-0.05824074074074076,0.3604052061817277,0.43438305491254975,0.1778502899213846,0.43863405243039705,0.014509249858339346,0.00245370370370368,0.002660717191252764,0.28155835888816705,0.11374390877171356,0.11084735675897614,0.0,0.9999999987499999,0.6138344648953332,0.29029464953940587,0.3077110736338333,0.44937223746654487,calm,02,22,22,female,strong,2528
70,2.3356666666666666,True,1.0,0.42989265207455385,0.41681309957943136,0.4233528758269926,0.8675872890366151,-0.060694444444444384,-0.057962962962962994,0.3308115484879164,0.4057902574719044,0.1848151283258669,0.4879657426713702,0.013079552495122493,0.0027314814814813904,0.011270952720304392,0.2993828401856685,0.11309820251867059,0.1118472966372726,0.0,0.9999999987499999,0.6106320474830558,0.2908538935355797,0.2994386895951411,0.4414357281419006,calm,02,22,22,female,strong,2528
80,2.6693333333333333,True,1.0,0.44441030960511935,0.47213982715382635,0.45827506837947285,0.8300514787131303,-0.05754629629629632,-0.055555555555555525,0.369974047705146,0.3017382894881398,0.18624388353869462,0.5521043936816536,0.027729517548707006,0.001990740740740793,0.014111045804412062,0.3156015570608738,0.11249538239748688,0.11245359094872416,0.0,0.9999999987499999,0.6103351885676146,0.2947255556814279,0.3085006945188815,0.4493758926897439,calm,02,22,22,female,strong,2528
90,3.003,True,1.0,0.43038954222547626,0.45740160664446444,0.44389557443497035,0.7597134193209591,-0.05648148148148152,-0.054629629629629695,0.39246991816167237,0.2194690744455927,0.18355334403178752,0.5842934495374973,0.02701206441898818,0.0018518518518518268,0.01737344491159526,0.34398248220256833,0.113853030434855,0.11090718953930806,0.0,0.9999999987499999,0.6072875159516932,0.2945811072943593,0.31249332259026896,0.4516612918863161,calm,02,22,22,female,strong,2528
100,3.336666666666667,True,1.0,0.4231119958746249,0.43742755129271055,0.4302697735836677,0.7000556283071862,-0.05615740740740749,-0.05532407407407408,0.3924699181616725,0.20760588123231738,0.18351676318766288,0.6146222616967009,0.014315555418085657,0.0008333333333334081,0.018620260080714903,0.35431483659673607,0.11338908463683413,0.1115523942524008,0.0,0.9999999987499999,0.6085163108837285,0.29414484146064324,0.3094868340569177,0.44812517607279206,calm,02,22,22,female,strong,2528
0,0.0,True,1.0,0.4579124579124578,0.4915728036103072,0.4747426307613825,0.6753244241700999,-0.06361111111111106,-0.06083333333333324,0.3358799123592237,0.4272179155900093,0.17291710788410072,0.7029845416072275,0.03366034569784937,0.0027777777777778234,0.00712585117658132,0.37880157200406217,0.11545728135600654,0.1085362502693167,0.0,0.9999999987499999,0.6150645691636029,0.2895708825258211,0.29853618554328565,0.44907713708604097,calm,02,22,22,female,strong,2529
10,0.33366666666666667,True,1.0,0.38276284758406676,0.38785825732834106,0.38531055245620394,0.7003141625904329,-0.06689814814814815,-0.06337962962962962,0.3428845809080684,0.3972703690230531,0.17292769676479455,0.5501967160437771,0.005095409744274304,0.003518518518518532,0.000871950640773797,0.36826933784643695,0.1155991377173713,0.10856078825850628,0.0,0.9999999987499999,0.6156463031384429,0.2895776452856006,0.29853316835050564,0.4434350481685269,calm,02,22,22,female,strong,2529
20,0.6673333333333333,True,1.0,0.42421097862173585,0.4419989983244496,0.43310498847309276,1.0312709579414099,-0.06513888888888891,-0.06185185185185188,0.35262970182018116,0.45689219655632,0.17638932142096195,0.4199720598528665,0.017788019702713764,0.0032870370370370328,0.013699680860486667,0.25664147244228347,0.11268429515535021,0.11175401093875474,0.0,0.9999999987499999,0.6172354975818453,0.2900056904644769,0.3044751259608241,0.45607706988031976,calm,02,22,22,female,strong,2529
30,1.0010000000000001,True,1.0,0.38844678006624095,0.40061574402072975,0.3945312620434853,0.8680586129763798,-0.06166666666666659,-0.05828703703703708,0.35457498746840066,0.3550633094907419,0.18263930661951863,0.4544984130630597,0.012168963954488798,0.0033796296296295103,0.0165221108597538,0.3156588459957765,0.11397343750698122,0.110611341309003,0.0,0.9999999987499999,0.6102601749449781,0.2921905552972569,0.3113651969756102,0.45762384379464977,calm,02,22,22,female,strong,2529
40,1.3346666666666667,True,1.0,0.2779973308075582,0.2891110452563954,0.2835541880319768,0.7877766456213248,-0.064537037037037,-0.058333333333333404,0.3730689395372704,0.3000934274143562,0.18333499792094693,0.3599423638769282,0.011113714448837242,0.0062037037037036,0.011114628685029704,0.33964327215157436,0.113777213874174,0.11098496670008713,0.0,0.9999999987499999,0.6104656178330706,0.2925375491847637,0.3109891659041273,0.4499247814944241,calm,02,22,22,female,strong,2529
50,1.6683333333333334,True,1.0,0.38728921240322595,0.3992487100075102,0.3932689612053681,0.8663581073933416,-0.0628703703703703,-0.05648148148148141,0.3664673028083379,0.3630562892060961,0.18333374948165368,0.45393349222369217,0.011959497604284275,0.006388888888888888,0.02257339472830888,0.30743403617537307,0.11297721755102465,0.11162867730831605,0.0,0.9999999987499999,0.6143816268773135,0.29206442430806323,0.311920191644115,0.4565468394542854,calm,02,22,22,female,strong,2529
60,2.0020000000000002,True,1.0,0.40168875539660315,0.3992487100075103,0.40046873270205674,0.9258181124445255,-0.06416666666666676,-0.05777777777777776,0.3669066814539462,0.4058260290255933,0.1840277777777778,0.4325565975855248,0.002440045389092871,0.006388888888888999,0.026996629243521926,0.30942525246835817,0.11503511691508003,0.1107179425051,0.0,0.9999999987499999,0.6093070138993097,0.29283549462525926,0.31498199103548075,0.45595832976357764,calm,02,22,22,female,strong,2529
70,2.3356666666666666,True,1.0,0.40637719100717246,0.4361180305313109,0.42124761076924166,0.7587390665283231,-0.061481481481481415,-0.055185185185185226,0.34905006404109046,0.31275256545154945,0.1875,0.5551943077040924,0.029740839524138418,0.006296296296296189,0.02151002280117404,0.3274789106434393,0.11526544921601348,0.1099595620695086,0.0,0.9999999987499999,0.6076159739051871,0.29343487917531397,0.31269087656087424,0.44575508877955494,calm,02,22,22,female,strong,2529
80,2.6693333333333333,True,1.0,0.4273839998944857,0.4438972323015445,0.4356406160980151,0.8425263417070457,-0.059768518518518554,-0.0524074074074074,0.3637324239985447,0.3127105651417829,0.1888892927975793,0.5170646833609523,0.016513232407058764,0.007361111111111152,0.02230011021813601,0.30826621639823737,0.11381646572319125,0.11197032216678833,0.0,0.9999999987499999,0.6027555191295267,0.29577725772337154,0.3137920429138035,0.4474838866797253,calm,02,22,22,female,strong,2529
90,3.003,True,1.0,0.4413056337471644,0.4716241834066017,0.45646490857688304,0.7073890220079487,-0.058379629629629615,-0.051388888888888984,0.3867677452009931,0.1916949684510259,0.19375354394440278,0.6452813012014115,0.03031854965943731,0.006990740740740631,0.027949397154138075,0.35412183150099497,0.11477697091570296,0.11098552997371545,0.0,0.9999999987499999,0.6008857783035089,0.3003335309951644,0.3173276819594178,0.44759611414576383,calm,02,22,22,female,strong,2529
100,3.336666666666667,True,1.0,0.46129955097996495,0.47965814302778675,0.4704788470038759,0.7148957397273842,-0.05902777777777768,-0.05152777777777784,0.38621748185338256,0.19651861914013538,0.1923611111111111,0.6581083378441822,0.01835859204782181,0.00749999999999984,0.027057693902023276,0.3576646246711577,0.11588864275057816,0.11034344221680305,0.0,0.9999999987499999,0.6021319320149935,0.2982623927389155,0.31598681026633324,0.4427528980933469,calm,02,22,22,female,strong,2529
110,3.6703333333333332,True,1.0,0.43424061999732405,0.49363066185372756,0.4639356409255258,0.6937954627094365,-0.05754629629629626,-0.05203703703703694,0.3858546793109939,0.19131089571402798,0.1930555555555556,0.6686922383633739,0.05939004185640351,0.005509259259259325,0.024022525735514656,0.36998762991742185,0.11497904770409768,0.1121436181215751,0.0,0.9999999987499999,0.6051566041103941,0.2965999145402131,0.3171261793833953,0.4461477621003606,calm,02,22,22,female,strong,2529
0,0.0,True,1.0,0.4517567837280448,0.45074337611995846,0.4512500799240016,0.6103275498482658,-0.06472222222222213,-0.06087962962962962,0.34968491370125204,0.3582089552238804,0.17500043596485873,0.7393572189821472,0.0010134076080863252,0.0038425925925925086,0.010921885279429791,0.4157297886137747,0.1129380066138332,0.11234872378069691,0.0,0.9999999987499999,0.6217769910073404,0.29002379763856634,0.29414412126443906,0.4505809704397233,happy,03,22,22,female,normal,2530
10,0.33366666666666667,True,1.0,0.45137566021295755,0.47163224211280697,0.46150395116288223,0.6378156167778755,-0.06435185185185183,-0.06166666666666659,0.3436804029505816,0.3731632644656735,0.17638888888888887,0.7235695380027122,0.020256581899849413,0.002685185185185235,0.010068893152361756,0.3829512983599646,0.11464936637652709,0.11111734205499463,0.0,0.9999999987499999,0.6208024891440951,0.29066841342721994,0.2990539382401977,0.45045274517342293,happy,03,22,22,female,normal,2530
20,0.6673333333333333,True,1.0,0.4923638972988652,0.5130976815083358,0.5027307894036005,1.0612664729616406,-0.06643518518518521,-0.06606481481481491,0.35172167257365433,0.4842028282887492,0.18194612173871702,0.47370834961048625,0.020733784209470585,0.00037037037037029874,0.003925840769783785,0.26015625000000037,0.11359826004067806,0.11185154597264564,0.0,0.9999999987499999,0.6185027736172595,0.29195610090143204,0.3099262481693612,0.4561675398622894,happy,03,22,22,female,normal,2530
30,1.0010000000000001,True,1.0,0.4176320606468636,0.44458173113882515,0.43110689589284434,0.8540539343063988,-0.06592592592592589,-0.06453703703703695,0.40533123779215163,0.2654415272310017,0.1903102528378069,0.5047771324219218,0.026949670491961564,0.0013888888888889395,0.002847836900352925,0.31164640198639265,0.10957604522760836,0.11563009722828835,0.0,0.9999999987499999,0.6172987781128076,0.29405882230817054,0.32036203376228695,0.4700902189215506,happy,03,22,22,female,normal,2530
40,1.3346666666666667,True,1.0,0.3964329492834982,0.38888531781620345,0.3926591335498508,0.7036843439609064,-0.06018518518518512,-0.05865740740740738,0.3808298152086201,0.265411873055892,0.1868855874940126,0.5580046464294582,0.0075476314672947575,0.001527777777777739,0.003138491191860498,0.37539187991343664,0.11104661176272736,0.1130449090248452,0.0,0.9999999987499999,0.617869525497699,0.2935079074353949,0.311977152758159,0.4514048199487383,happy,03,22,22,female,normal,2530
50,1.6683333333333334,True,1.0,0.31895261282950643,0.3243858635038785,0.32166923816669246,0.9075197461245922,-0.06578703703703698,-0.059907407407407465,0.36896746404787445,0.32589928192068196,0.19030343754396392,0.3544487484050082,0.005433250674372059,0.0058796296296295125,0.007808692605518874,0.2855229811062647,0.11299548325806248,0.11126826210268714,0.0,0.9999999987499999,0.6157358042513881,0.2932191871431874,0.3134225518413064,0.4530916992216038,happy,03,22,22,female,normal,2530
60,2.0020000000000002,True,1.0,0.4090260339238482,0.3965770754857929,0.40280155470482054,0.7438337075159319,-0.06393518518518515,-0.059259259259259234,0.3730413954257494,0.33409480083342774,0.19239323451473514,0.5415209752324824,0.012448958438055269,0.004675925925925917,0.006648235606271972,0.3527542372881357,0.10985649515160063,0.11386766010701936,0.0,0.9999999987499999,0.6167958487613796,0.2919817638884918,0.3117977054994715,0.4563276414734736,happy,03,22,22,female,normal,2530
70,2.3356666666666666,True,1.0,0.4037389543715124,0.4177835395517106,0.41076124696161154,0.8380952380952371,-0.06092592592592583,-0.05828703703703708,0.37033351037640017,0.34285714285714264,0.18963202106327776,0.49011285148828704,0.014044585180198188,0.0026388888888887463,0.003682043843398353,0.30681818181818166,0.1101826242652849,0.11338420925207893,0.0,0.9999999987499999,0.6136001205247724,0.29346108862583326,0.31064112118375725,0.45017697575549576,happy,03,22,22,female,normal,2530
80,2.6693333333333333,True,1.0,0.3968798473309182,0.4103913033875179,0.403635575359218,0.738374076760446,-0.058750000000000024,-0.056712962962962854,0.40748944333328696,0.21343625656356655,0.18684639246044404,0.5466545861552116,0.013511456056599702,0.0020370370370371704,0.0033631218006972357,0.35190955092360016,0.11267922548173366,0.11141765383168473,0.0,0.9999999987499999,0.6114812610903736,0.29366100725310434,0.3180692874768181,0.45883181325344025,happy,03,22,22,female,normal,2530
90,3.003,True,1.0,0.38291726049189345,0.42341988912868267,0.40316857481028806,0.6537748696950182,-0.05717592592592591,-0.05629629629629629,0.43269502891736744,0.14165122176725425,0.18616070695444292,0.616677993448056,0.04050262863678922,0.0008796296296296191,3.6708120533925216e-05,0.40312500000000023,0.11044379060735324,0.11363393224160577,0.0,0.9999999987499999,0.6101046862573153,0.2936579556246331,0.3169517798369354,0.4614271944243674,happy,03,22,22,female,normal,2530
100,3.336666666666667,True,1.0,0.47175320002175847,0.4856135409376509,0.47868337047970466,0.654075456145137,-0.05500000000000005,-0.05208333333333337,0.43144292565864706,0.1362597321852911,0.18611766999740337,0.7318473212569019,0.013860340915892444,0.0029166666666666785,0.0030682089861765872,0.3940852580131519,0.11152863740288677,0.11240000236594665,0.0,0.9999999987499999,0.6114920635519833,0.293590040365989,0.3176013617678847,0.462033304108765,happy,03,22,22,female,normal,2530
0,0.0,True,1.0,0.4645172788330446,0.4721693088246354,0.46834329382884,0.6282822510063374,-0.06092592592592588,-0.05912037037037038,0.3463207654257706,0.33416875522138656,0.18055597810614288,0.7454345448700506,0.007652029991590814,0.0018055555555555047,0.004050213007742252,0.41885298258121184,0.11568582000681474,0.11090018802023072,0.0,0.9999999987499999,0.6172342178902811,0.29087654332179647,0.3014377911727883,0.4473237280168323,happy,03,22,22,female,normal,2531
10,0.33366666666666667,True,1.0,0.47216930882463487,0.4647834577806522,0.4684763833026435,0.6282822510063377,-0.06023148148148144,-0.05884259259259256,0.34904716843206496,0.3208020050125313,0.17986153529316404,0.7456463755776507,0.00738585104398265,0.001388888888888884,0.003008078135318739,0.43082021065496007,0.11473845675444697,0.11170963811448054,0.0,0.9999999987499999,0.6158979941898635,0.2908577101682796,0.300822544759846,0.447811374411596,happy,03,22,22,female,normal,2531
20,0.6673333333333333,True,1.0,0.37485540774476883,0.4201562942732656,0.39750585100901725,1.1872060693179556,-0.08101851851851849,-0.07814814814814813,0.347192646425047,0.513474379870155,0.19307491897578213,0.33482464525925354,0.04530088652849679,0.0028703703703703565,0.015802886493166603,0.23407601962569424,0.11475707834634852,0.11169050844015559,0.0,0.9999999987499999,0.6133425652214011,0.29134828883162545,0.31572841008480235,0.45564713461938383,happy,03,22,22,female,normal,2531
30,1.0010000000000001,True,1.0,0.3886034227748222,0.39422900280337503,0.3914162127890986,0.842836787148596,-0.0667592592592593,-0.06263888888888886,0.4093272579374738,0.24487118143295677,0.1854170781391736,0.46440333259930444,0.005625580028552846,0.004120370370370441,0.015593826044447557,0.3195333977801752,0.11235403577821425,0.11326962352100568,0.0,0.9999999987499999,0.6204976911780337,0.29194576167399805,0.32227540367978347,0.4711733713259516,happy,03,22,22,female,normal,2531
40,1.3346666666666667,True,1.0,0.35907036784838764,0.33236429226772446,0.34571733005805605,0.7682638924235022,-0.06444444444444442,-0.059490740740740844,0.37158584503609277,0.3022163688447995,0.1909722222222222,0.4499981496819856,0.02670607558066318,0.004953703703703571,0.026441846320942847,0.35188054527724516,0.11269953604054371,0.1141007413526785,0.0,0.9999999987499999,0.6151111692098715,0.29163981997502314,0.3150461098369761,0.45042496670977794,happy,03,22,22,female,normal,2531
50,1.6683333333333334,True,1.0,0.38643939694205376,0.3882901373576614,0.38736476714985757,0.6562939007374594,-0.0643981481481481,-0.05731481481481476,0.3662037588166081,0.2573075629038289,0.19375157509440416,0.5902306370889421,0.0018507404156076213,0.00708333333333333,0.016370333462371614,0.3879218385803754,0.11508342079874857,0.11118299787213215,0.0,0.9999999987499999,0.6173136735240972,0.2902301363306285,0.3141430580684443,0.44672529794656946,happy,03,22,22,female,normal,2531
60,2.0020000000000002,True,1.0,0.4309550466633425,0.42275643834311993,0.4268557425032312,0.7618313323054522,-0.06027777777777776,-0.05333333333333323,0.3602003836450544,0.3226779290901944,0.1923753888416181,0.5603021619122456,0.008198608320222567,0.006944444444444531,0.03569538839278441,0.36372182311348006,0.11208030679925263,0.11167944472081882,0.0,0.9999999987499999,0.6173856552230267,0.2920428410321399,0.30851645659412696,0.44332523142835073,happy,03,22,22,female,normal,2531
70,2.3356666666666666,True,1.0,0.4192432193296956,0.4428091368157107,0.43102617807270316,0.8356771186699591,-0.059907407407407465,-0.055092592592592526,0.3975444923012625,0.2824824063109721,0.19098220953209089,0.515780758433009,0.02356591748601511,0.004814814814814938,0.022266595585964784,0.33304443028095015,0.1096115150364582,0.11292865749586804,0.0,0.9999999987499999,0.6152885430344013,0.2932261678634804,0.3124633725891205,0.4517496578377126,happy,03,22,22,female,normal,2531
80,2.6693333333333333,True,1.0,0.3992629919345161,0.40277929874871476,0.4010211453416154,0.6529308925251278,-0.05874999999999997,-0.054259259259259285,0.4391430177296562,0.11769660875900051,0.19444483681291014,0.6141862024489556,0.0035163068141986775,0.004490740740740684,0.02739195056242776,0.3967033631128612,0.11382817738989659,0.11093269699564984,0.0,0.9999999987499999,0.6076347047256402,0.294184886461236,0.3228112595195506,0.4582328622384182,happy,03,22,22,female,normal,2531
90,3.003,True,1.0,0.43091000589552825,0.45146816031902093,0.44118908310727456,0.6594632247980736,-0.05518518518518528,-0.05069444444444443,0.4324230507212635,0.11349486176351503,0.19444797573213318,0.6690124126972596,0.02055815442349268,0.004490740740740851,0.0241282016174626,0.39780196795502254,0.11366097123566123,0.11263674523046216,0.0,0.9999999987499999,0.6120800293711235,0.29334908785242797,0.33054165320102147,0.4681377432043897,happy,03,22,22,female,normal,2531
100,3.336666666666667,True,1.0,0.15939786345646764,0.14946754879247118,0.1544327061244694,0.6663682895960854,-0.06763888888888897,-0.0641666666666667,0.4348690019137855,0.12355481327591057,0.19305555555555554,0.23175278376178096,0.009930314663996465,0.0034722222222222654,0.026664789960557846,0.38226980260221133,0.11305672356950613,0.1132432338553232,0.0,0.9999999987499999,0.6137787023559425,0.29279018537075524,0.32616410253396483,0.4661524263080704,happy,03,22,22,female,normal,2531
0,0.0,True,1.0,0.39643294928349765,0.43052677598494205,0.4134798626342199,0.6378743464415503,-0.06388888888888883,-0.06111111111111117,0.3429170833604751,0.352841391009331,0.17500392364463038,0.648215224426035,0.034093826701444396,0.002777777777777657,0.0024857560912802507,0.394918526433713,0.1132673953597221,0.11184642271337328,0.0,0.9999999987499999,0.6211112346188475,0.2915527976750745,0.29651279022749283,0.45402645192056607,happy,03,22,22,female,normal,2532
10,0.33366666666666667,True,1.0,0.42391727888465414,0.4577647372071763,0.4408410080459152,0.6282822510063377,-0.061111111111111005,-0.05995370370370373,0.349077564733353,0.3742690058479541,0.17361286891471228,0.7016607700437303,0.03384745832252217,0.0011574074074072738,0.0012477560522585417,0.40688575450746195,0.11293021068081222,0.1123565600606383,0.0,0.9999999987499999,0.6182023278920943,0.29106669015921083,0.2970059712945688,0.45359187695699166,happy,03,22,22,female,normal,2532
20,0.6673333333333333,True,1.0,0.4507433761199584,0.4576276618858148,0.4541855190028866,0.8676304834430248,-0.062083333333333324,-0.060787037037037084,0.35841972469189903,0.3690536920730377,0.17640445937537771,0.5234780562348832,0.006884285765856368,0.0012962962962962399,0.002417150308157136,0.29383292838752484,0.11417735270281822,0.1107454437346189,0.0,0.9999999987499999,0.6171640297759728,0.2925749288902563,0.3101639457944494,0.4599026806441475,happy,03,22,22,female,normal,2532
30,1.0010000000000001,True,1.0,0.14582475190239394,0.15037111869374006,0.148097935298067,0.7868604274499568,-0.07138888888888889,-0.06879629629629624,0.365981999587685,0.3108856069690514,0.18968632733483395,0.18821372905741385,0.004546366791346124,0.0025925925925926463,0.008013342102505365,0.3360174329562249,0.11187249865836976,0.11256666193617226,0.0,0.9999999987499999,0.6129493927805498,0.294509005533601,0.30348232174744605,0.44627779508302323,happy,03,22,22,female,normal,2532
40,1.3346666666666667,True,1.0,0.39658736219132434,0.4099332158851667,0.4032602890382455,0.7354257689148584,-0.059537037037037,-0.05712962962962964,0.38123667007288836,0.2756756530215416,0.19111638833184727,0.5483358159087456,0.013345853693842336,0.002407407407407358,0.0037326430910096012,0.3752218138287532,0.11224632504436995,0.11287111074025093,0.0,0.9999999987499999,0.6076961384319353,0.29424498557274975,0.31672369734607425,0.45875111413442476,happy,03,22,22,female,normal,2532
50,1.6683333333333334,True,1.0,0.40993193275846335,0.4361180305313114,0.42302498164488733,0.7564742997990969,-0.05629629629629623,-0.05564814814814811,0.3701717705297428,0.2584506949843489,0.18967385838108636,0.5592060189714754,0.026186097772848027,0.0006481481481481199,0.010880753008017857,0.3472599094642411,0.11253554427787905,0.11122070319620914,0.0,0.9999999987499999,0.6111992827834258,0.29352700999028913,0.3079168102366604,0.4398319768387536,happy,03,22,22,female,normal,2532
60,2.0020000000000002,True,1.0,0.4235777407943222,0.4301759348537151,0.42687683782401864,0.785962938401724,-0.05717592592592591,-0.05523148148148155,0.3646762687018162,0.3349436392914653,0.1904224696420173,0.543125912135353,0.006598194059392881,0.0019444444444443598,0.0026939875865704932,0.3595700024060498,0.11124867104948168,0.1133514290714121,0.0,0.9999999987499999,0.6154323757315426,0.29264743375375385,0.30734613075819256,0.44325097031352606,happy,03,22,22,female,normal,2532
70,2.3356666666666666,True,1.0,0.4442730758456527,0.4578115381844722,0.4510423070150624,0.8756717503727459,-0.05754629629629621,-0.05768518518518512,0.3717968594365983,0.3235748154167674,0.19114832178248242,0.5150814866678843,0.013538462338819501,0.0001388888888889106,0.005380769271611026,0.3097414418753174,0.10841832174328307,0.11424157461321102,0.0,0.9999999987499999,0.6130512710318502,0.29659445176195276,0.30431319707362364,0.4401134722252106,happy,03,22,22,female,normal,2532
80,2.6693333333333333,True,1.0,0.39687984733091825,0.43061394235889955,0.4137468948449089,0.644747112975155,-0.055601851851851736,-0.054675925925925906,0.43716304356138636,0.10206701966270963,0.18971367571775175,0.6417196549135264,0.0337340950279813,0.0009259259259258301,0.003566966877156857,0.3753042220038192,0.11170804550731023,0.11085521404863567,0.0,0.9999999987499999,0.6149324019998624,0.29451235142648174,0.317374105636674,0.45369534312250853,happy,03,22,22,female,normal,2532
90,3.003,True,1.0,0.13266877710719197,0.15037111869374006,0.14151994790046601,0.6662312522135043,-0.06467592592592586,-0.06398148148148142,0.4362041318144355,0.10206701966270873,0.1911319565555269,0.2124186570808205,0.017702341586548098,0.000694444444444442,0.0012089589672865072,0.3903899800218501,0.1097767157225637,0.11276807437123118,0.0,0.9999999987499999,0.6133909336390807,0.2958463632112396,0.3131458060227893,0.449541293403636,happy,03,22,22,female,normal,2532
100,3.336666666666667,True,1.0,0.4374432543817904,0.457893753822332,0.44766850410206116,0.6598804570084676,-0.05476851851851844,-0.05310185185185179,0.43419848276820344,0.09735527259249933,0.19111638833184727,0.6784084895187563,0.020450499440541614,0.0016666666666666496,0.007376905543697198,0.3876253978234611,0.10992916335843546,0.11346217296156408,0.0,0.9999999987499999,0.6111120268498024,0.2959363659959408,0.3139901201101863,0.45113857925326023,happy,03,22,22,female,normal,2532
0,0.0,True,1.0,0.43771350250447044,0.4430004135969113,0.44035695805069086,0.6146509094666128,-0.061805555555555614,-0.060555555555555474,0.34810726300220046,0.3340494073188112,0.1784829089918804,0.716434241401884,0.005286911092440838,0.0012500000000001399,0.008952988954545247,0.4163288249132962,0.11409881170140083,0.11151187441937453,0.0,0.9999999987499999,0.6191078034495048,0.28984387978678405,0.3020648150100584,0.4538074166189603,happy,03,22,22,female,normal,2533
10,0.33366666666666667,True,1.0,0.45842300896392596,0.4507433761199573,0.4545831925419416,0.6598672304474966,-0.062222222222222234,-0.060324074074074086,0.3464466093411599,0.2961888659305107,0.1791670924928321,0.6889009963923511,0.0076796328439686645,0.0018981481481481488,0.01098683968801509,0.37927589761383634,0.11541532205025326,0.11049410979630833,0.0,0.9999999987499999,0.6174202683338961,0.29052642400630696,0.3039157210174014,0.4507540786572663,happy,03,22,22,female,normal,2533
20,0.6673333333333333,True,1.0,0.43806551459266585,0.4647834577806528,0.4514244861866593,1.0949172004614187,-0.08078703703703694,-0.08189814814814816,0.3583337977790113,0.4701703272569614,0.19726902461622614,0.4122909805384558,0.026717943187986926,0.0011111111111112293,0.0007885276034328071,0.24513541381707024,0.11252165566251231,0.11276571322928387,0.0,0.9999999987499999,0.6129149302533514,0.2907192491430329,0.31568712589836684,0.4577879885036145,happy,03,22,22,female,normal,2533
30,1.0010000000000001,True,1.0,0.13424254957482196,0.13840913308956726,0.1363258413321946,0.7447216693010674,-0.07328703703703698,-0.07013888888888886,0.38675533423669245,0.2582396284346431,0.18766268983537984,0.18305609592391542,0.004166583514745303,0.003148148148148122,0.00405326925798475,0.35381608385578983,0.11144872788518069,0.11247923606490111,0.0,0.9999999987499999,0.6124814459455656,0.29234035440746275,0.3066587150568969,0.45186298726582697,happy,03,22,22,female,normal,2533
40,1.3346666666666667,True,1.0,0.4431828508325099,0.43055555555555475,0.43686920319403233,0.735167379754888,-0.05745370370370373,-0.05412037037037043,0.3798378302077856,0.2756756530215416,0.1889377555716291,0.594244542432893,0.012627295276955164,0.0033333333333332993,0.010225874382637406,0.37535369297892723,0.11441201953812018,0.11033044464736175,0.0,0.9999999987499999,0.6129688940732542,0.291731315848601,0.31790793631798403,0.45837026562437844,happy,03,22,22,female,normal,2533
50,1.6683333333333334,True,1.0,0.4099319327584634,0.4239082767436996,0.4169201047510815,0.6476062261321379,-0.05694444444444435,-0.05462962962962964,0.36708429614889804,0.24759908578642323,0.18903464384655702,0.6437864367690821,0.013976343985236173,0.002314814814814714,0.0018147751619314895,0.4085341751169851,0.11349722742559452,0.11109992191630569,0.0,0.9999999987499999,0.6133781468915691,0.2912097730864128,0.30367660133503077,0.4362155785243796,happy,03,22,22,female,normal,2533
60,2.0020000000000002,True,1.0,0.3888957651285393,0.3890525888921326,0.388974177010336,0.7186539963340465,-0.05939814814814809,-0.05708333333333332,0.3689954593812293,0.3088800988837342,0.19111638833184733,0.5412537591031945,0.00015682376359332784,0.0023148148148147696,0.006544105416610304,0.36553501156369295,0.11205358244850473,0.112555799244537,0.0,0.9999999987499999,0.615220395353454,0.2914450486430665,0.305990008407026,0.4446199809103245,happy,03,22,22,female,normal,2533
70,2.3356666666666666,True,1.0,0.39459317754810463,0.4016215619703961,0.3981073697592504,0.8155877118835593,-0.056851851851851876,-0.053611111111111054,0.3842571659163651,0.2678049203199747,0.18971367571775183,0.4881233053889951,0.007028384422291478,0.0032407407407408217,0.0053401557791998315,0.32742537313432885,0.11383747409328268,0.11057910665163623,0.0,0.9999999987499999,0.6086560690213585,0.29245515853577647,0.3156590878605837,0.4501634888472628,happy,03,22,22,female,normal,2533
80,2.6693333333333333,True,1.0,0.4101030509829291,0.4373644271232002,0.42373373905306466,0.6519726644806817,-0.05689814814814814,-0.055925925925925934,0.4137446117397695,0.17984607048058912,0.18974423689279155,0.6499256213304325,0.027261376140271076,0.0009722222222222077,0.0007391199274369274,0.3782149722402997,0.11310469726873361,0.11012406257848838,0.0,0.9999999987499999,0.6147598893463635,0.29210959224701516,0.3118234312603727,0.4504212773576204,happy,03,22,22,female,normal,2533
90,3.003,True,1.0,0.4099319327584644,0.44403538105314,0.4269836569058022,0.6434824873595723,-0.056203703703703756,-0.05499999999999994,0.42043033919502487,0.13867504905630768,0.1896738583810864,0.6635513246955042,0.0341034482946756,0.0012037037037038179,0.0019314786339850371,0.39798421558282565,0.1113224262984401,0.11226534193931437,0.0,0.9999999987499999,0.61215897613733,0.2929168689951248,0.3122876499183443,0.45180420509190744,happy,03,22,22,female,normal,2533
100,3.336666666666667,True,1.0,0.4310863250719007,0.45137566021295644,0.4412309926424286,0.6660092043108061,-0.055046296296296315,-0.05277777777777776,0.42352967810453934,0.1554021476725217,0.18896803849392502,0.6624998420239844,0.020289335141055742,0.0022685185185185586,0.0016175821359700382,0.38473616726632065,0.11361090370974083,0.11063981176027302,0.0,0.9999999987499999,0.6117314276179222,0.2928220897636205,0.31732887971901175,0.45638087361934604,happy,03,22,22,female,normal,2533
0,0.0,True,1.0,0.5063876828826209,0.4977131328227004,0.5020504078526606,0.6464504078286343,-0.06138888888888899,-0.0593981481481482,0.3436486196226107,0.4107371611933247,0.17431255865192524,0.7766263301449533,0.008674550059920516,0.001990740740740793,0.00671870020052579,0.3989543974578599,0.11596021037603965,0.10799875485623502,0.0,0.9999999987499999,0.6119230636551496,0.28816853062276787,0.3002692218012953,0.4510844390666214,happy,03,22,22,female,strong,2534
10,0.33366666666666667,True,1.0,0.46541894143653195,0.5053475873163744,0.4853832643764532,0.6547799778707291,-0.06356481481481491,-0.06078703703703703,0.3454454113134639,0.4008592887825732,0.17431255865192524,0.7412921603908309,0.03992864587984246,0.002777777777777879,0.007061356034825404,0.39081355496280173,0.11493094852935125,0.1090934393580181,0.0,0.9999999987499999,0.6100380393798144,0.28868474200187005,0.29782457645670735,0.44834397135433157,happy,03,22,22,female,strong,2534
20,0.6673333333333333,True,1.0,0.4652117202167991,0.49851611705692894,0.481863918636864,1.2530448021055016,-0.06648148148148147,-0.06828703703703698,0.3343937379601957,0.6127409720463208,0.1791683699652562,0.3845544212203618,0.03330439684012987,0.0018055555555555047,0.007434893505826672,0.234885622595754,0.1111561465758324,0.11293720608725284,0.0,0.9999999987499999,0.6102727086694054,0.2901753651783466,0.3070273680575406,0.4549293797266304,happy,03,22,22,female,strong,2534
30,1.0010000000000001,True,1.0,0.16446235220506708,0.1802775637731989,0.172369957989133,0.8886812080486441,-0.08564814814814814,-0.07902777777777786,0.41061495736314113,0.29621936681499167,0.20001373243870652,0.19396152009067563,0.015815211568131815,0.0066203703703702765,0.00112484444226396,0.30314794486640534,0.11227153083159759,0.11233840237371806,0.0,0.9999999987499999,0.6032483001247373,0.29155449494279345,0.31670866517243074,0.44957158691922516,happy,03,22,22,female,strong,2534
40,1.3346666666666667,True,1.0,0.3865103412619623,0.3817607328307759,0.3841355370463691,0.7233716475095779,-0.07111111111111101,-0.06643518518518515,0.381574771613187,0.3065134099616857,0.1993300531789139,0.531034826107534,0.004749608431186436,0.004675925925925861,0.006094780247055399,0.37220813890104226,0.0992828488574301,0.11684627321567227,0.0,0.9999999987499999,0.6488252080597865,0.3159878880942636,0.30209459030439395,0.4711997687469239,happy,03,22,22,female,strong,2534
50,1.6683333333333334,True,1.0,0.40902603392384757,0.43038954222547626,0.4197077880746619,0.9901148439409311,-0.06939814814814821,-0.06527777777777777,0.387981638074695,0.3339839683255878,0.20007475409596903,0.4238980868159786,0.021363508301628698,0.004120370370370441,0.0004196391842622787,0.2846124113775299,0.11350387673572432,0.11262601287949273,0.0,0.9999999987499999,0.5925042077455983,0.29066373847125765,0.32365351133371223,0.4511506921096549,happy,03,22,22,female,strong,2534
60,2.0020000000000002,True,1.0,0.4474045223911517,0.4442832988957663,0.44584391064345896,0.7467332611747899,-0.06791666666666668,-0.06268518518518512,0.39166819479521486,0.3140520179715995,0.2021018318020688,0.5970591291755772,0.0031212234953854057,0.005231481481481559,0.006561044222625692,0.3663569905423105,0.11554817833588384,0.11104359115840223,0.0,0.9999999987499999,0.5944918957973814,0.28770840184299923,0.32452979875439475,0.4439531033850175,happy,03,22,22,female,strong,2534
70,2.3356666666666666,True,1.0,0.4692628664174366,0.4645181598260261,0.46689051312173135,0.8622790092813336,-0.0690277777777778,-0.06629629629629635,0.348955387286844,0.338278688256523,0.20833333333333326,0.5414610678170877,0.004744706591410464,0.002731481481481446,0.0065341034593444465,0.32056169499155407,0.11536366968352184,0.11157729278840951,0.0,0.9999999987499999,0.59937066811881,0.2879273037683414,0.319828078888991,0.44304982947928173,happy,03,22,22,female,strong,2534
80,2.6693333333333333,True,1.0,0.42915775717421883,0.4515444535032081,0.44035110533871347,0.7662934066342939,-0.06583333333333335,-0.06023148148148144,0.4304376260341184,0.1915733516585737,0.20072523421335145,0.574650781967209,0.022386696328989264,0.005601851851851913,0.008769579847069109,0.3515625000000006,0.11572694614529697,0.1129007615573455,0.0,0.9999999987499999,0.5978722598726991,0.2885059470341627,0.3368084818808029,0.46494623928887874,happy,03,22,22,female,strong,2534
90,3.003,True,1.0,0.42150581046801466,0.4508704138316128,0.43618811214981373,0.6820248351551106,-0.06671296296296297,-0.06560185185185191,0.4433890210750226,0.10333709623562327,0.2083699512089982,0.6395487226658146,0.02936460336359814,0.0011111111111110628,0.0055611997428320365,0.39204545454545525,0.11604395702130726,0.11104131004098776,0.0,0.9999999987499999,0.5968829587850765,0.2892279456432371,0.3383883088823552,0.46631938662513805,happy,03,22,22,female,strong,2534
100,3.336666666666667,True,1.0,0.4350165988093194,0.44454163162608745,0.4397791152177034,0.6782273603082853,-0.06361111111111112,-0.0625,0.443364090218025,0.10276172125883155,0.20627367288386567,0.6484243204488296,0.009525032816768031,0.0011111111111111183,0.013033604631381741,0.3923381282021138,0.11681112797949209,0.11126615191583092,0.0,0.9999999987499999,0.5951663363470387,0.28707784147328297,0.34015036359905987,0.467693143616148,happy,03,22,22,female,strong,2534
110,3.6703333333333332,True,1.0,0.42928244846828983,0.44405896416145557,0.4366707063148727,0.6742943082410878,-0.06273148148148144,-0.061990740740740735,0.44617713241490536,0.12770725534869123,0.20628698768720852,0.6475966072647688,0.014776515693165737,0.0007407407407407085,0.004063203364162538,0.39204545454545403,0.11575174859109712,0.11134588090653971,0.0,0.9999999987499999,0.5976406245545094,0.2880604456971319,0.3297348692778978,0.45721646794970844,happy,03,22,22,female,strong,2534
0,0.0,True,1.0,0.5054612588378978,0.5333333333333337,0.5193972960856157,0.6139072115605555,-0.059305555555555556,-0.05717592592592585,0.3561981733187914,0.3461391724756322,0.17777949438325966,0.8460517913860385,0.027872074495435828,0.0021296296296297035,0.007961324661782218,0.4074707648087589,0.11398504272670376,0.108512561242373,0.0,0.9999999987499999,0.6112274323323079,0.2905370931877089,0.2933633475124919,0.4322320561908612,happy,03,22,22,female,strong,2535
10,0.33366666666666667,True,1.0,0.5058208589111804,0.519463864578377,0.5126423617447787,0.6439086958094804,-0.05902777777777779,-0.05810185185185179,0.3613138323652791,0.3477106957371193,0.17847393214836946,0.796141386319248,0.013643005667196562,0.0009259259259259967,0.0070029665520159315,0.4167302034890196,0.11324985662682106,0.11014788070758266,0.0,0.9999999987499999,0.611039427841449,0.2899928191607903,0.29169344933490027,0.4324409801508982,happy,03,22,22,female,strong,2535
20,0.6673333333333333,True,1.0,0.1649082651946452,0.16475942530350596,0.16483384524907557,1.4178283034812897,-0.10620370370370369,-0.10250000000000004,0.3574915105490274,0.6003340057751697,0.20417264553320505,0.11625797344032975,0.00014883989113922969,0.0037037037037036535,0.013994132981297841,0.20796282556903073,0.09623132935963781,0.11727879421730701,0.0,0.9999999987499999,0.6618889781146834,0.31420547792389747,0.3067202248541482,0.4765056840304969,happy,03,22,22,female,strong,2535
30,1.0010000000000001,True,1.0,0.4377135025044705,0.4439260304301968,0.4408197664673337,0.8443923230701734,-0.07078703703703704,-0.0640277777777778,0.41887402156648457,0.2610949946335405,0.19098660378297827,0.522055630331328,0.006212527925726297,0.006759259259259243,0.00490404564045864,0.31825657894736836,0.11120485162061822,0.11221215008345412,0.0,0.9999999987499999,0.6131194523278062,0.29883687106514706,0.32648306329687893,0.4617884256279077,happy,03,22,22,female,strong,2535
40,1.3346666666666667,True,1.0,0.3752368984145231,0.417357038356628,0.3962969683855756,0.8022546680207008,-0.07712962962962971,-0.07416666666666671,0.37217109159605233,0.3085479344852191,0.2125606674658217,0.4939790121300358,0.042120139942104895,0.0029629629629630005,0.00393974157925306,0.3374873631820289,0.11187156483743589,0.11239821336981778,0.0,0.9999999987499999,0.6071557962091088,0.29611838870656176,0.32110255991696207,0.44771873180238386,happy,03,22,22,female,strong,2535
50,1.6683333333333334,True,1.0,0.3229415020162115,0.352779165757658,0.33786033388693476,0.958564697163822,-0.0805555555555556,-0.07768518518518519,0.3940079960718322,0.32143961788624065,0.20765211615361603,0.3524648204618715,0.029837663741446474,0.002870370370370412,0.0006119116908491567,0.28834060323364674,0.11454410908461772,0.1119089084029704,0.0,0.9999999987499999,0.6036482373261803,0.2970149885141898,0.33366854382204925,0.4603501771616877,happy,03,22,22,female,strong,2535
60,2.0020000000000002,True,1.0,0.4506906292124738,0.45060840330944846,0.45064951626096117,0.8993815772842395,-0.07953703703703713,-0.07597222222222227,0.3840943100119688,0.40167858488774705,0.20416816139971544,0.5010659853871328,8.222590302536803e-05,0.003564814814814854,0.00532538096774516,0.30861939468653937,0.11416295714467785,0.11246723909555552,0.0,0.9999999987499999,0.6060059358040092,0.2945379407400488,0.32516241919317296,0.454031387531581,happy,03,22,22,female,strong,2535
70,2.3356666666666666,True,1.0,0.4432580003814315,0.47145311336111123,0.4573555568712714,0.909161407970912,-0.07750000000000001,-0.07583333333333336,0.34205330890759256,0.35959369121237544,0.21458902197152224,0.5030521014876868,0.02819511297967975,0.0016666666666666496,0.0054983232736118045,0.29422209650110104,0.11344046358388359,0.11353206494426002,0.0,0.9999999987499999,0.6007851710840587,0.2992928952382137,0.3222124157923477,0.44356194833549645,happy,03,22,22,female,strong,2535
80,2.6693333333333333,True,1.0,0.4743871568934832,0.47870085761015546,0.47654400725181933,0.7797789255567242,-0.06560185185185186,-0.05851851851851847,0.42744340510363693,0.194938782420431,0.1986356943799128,0.6111270664459033,0.004313700716672253,0.007083333333333386,0.009146504783753683,0.3206036888231015,0.1162010821754317,0.1108768731428321,0.0,0.9999999987499999,0.6025290762320554,0.2984317272443406,0.33688314522418145,0.46270437302356726,happy,03,22,22,female,strong,2535
90,3.003,True,1.0,0.4829991028085956,0.47094122636846564,0.4769701645885306,0.740574901712386,-0.06222222222222218,-0.057083333333333375,0.4341874138242781,0.15869462179551075,0.20073245582099242,0.6440539147163395,0.012057876440129955,0.005138888888888804,0.0026873164909824716,0.361889219786884,0.1149671556019219,0.11164503476079832,0.0,0.9999999987499999,0.6020816400310124,0.2987696720145392,0.3321047285423322,0.4508205425866415,happy,03,22,22,female,strong,2535
100,3.336666666666667,True,1.0,0.46199011080281016,0.4714531133611123,0.4667216120819612,0.7724435249907978,-0.06004629629629632,-0.05740740740740735,0.43189627627680155,0.17459339948422087,0.19654679912151263,0.6042145438237978,0.009463002558302125,0.0026388888888889683,0.0030208025724956303,0.331335616438356,0.11498606776735937,0.11230619156300507,0.0,0.9999999987499999,0.6032399292295043,0.2957969273216991,0.33075412329745474,0.45268319552434827,happy,03,22,22,female,strong,2535
110,3.6703333333333332,True,1.0,0.4624524665681207,0.4849092885419493,0.473680877555035,0.7451340944360522,-0.059259259259259234,-0.05699074074074073,0.43154899816098247,0.16499397805369737,0.19444483681291022,0.6356988374200432,0.02245682197382859,0.002268518518518503,0.0026891262600791,0.35357142857142754,0.11680349811817274,0.1105871747495093,0.0,0.9999999987499999,0.6036262649356617,0.29466433640825335,0.33430672061147193,0.45411185692388484,happy,03,22,22,female,strong,2535
0,0.0,True,1.0,0.5054612588378977,0.51381273741495,0.5096369981264239,0.6330419650291128,-0.061435185185185204,-0.059444444444444466,0.34531049614629056,0.3367003367003365,0.17639278163936412,0.8050603692647554,0.008351478577052318,0.0019907407407407374,0.009941606004784349,0.41885298258121184,0.11158399293464102,0.11200536647039318,0.0,0.9999999987499999,0.6242651707167242,0.29611120615662895,0.2867244751100482,0.42829533355133614,happy,03,22,22,female,strong,2536
10,0.33366666666666667,True,1.0,0.48597874260619806,0.48605284244481206,0.4860157925255051,0.6920903277536598,-0.062268518518518556,-0.059907407407407465,0.3443129584792022,0.3595936912123753,0.17430730635602554,0.7022432954712464,7.409983861400571e-05,0.0023611111111110916,0.01468319124308852,0.3749771930950617,0.11401132546398998,0.11022714299932329,0.0,0.9999999987499999,0.621008874401323,0.29786708302602266,0.29080994992952824,0.429265383998219,happy,03,22,22,female,strong,2536
20,0.6673333333333333,True,1.0,0.5194638645783765,0.5695490573799585,0.5445064609791674,1.457217952914186,-0.08384259259259258,-0.09032407407407417,0.31770492859196864,0.7140255009107465,0.19930555555555562,0.3736616474496817,0.05008519280158208,0.006481481481481588,0.0020263926706962547,0.1858912242842233,0.10786043523447317,0.11674349549710511,0.0,0.9999999987499999,0.6267315604210434,0.2989544377389948,0.30601828654103097,0.44744483866617035,happy,03,22,22,female,strong,2536
30,1.0010000000000001,True,1.0,0.4578716836728046,0.4860456701745979,0.47195867692370125,1.1798269222986002,-0.08986111111111111,-0.08916666666666662,0.32202224218095726,0.5389332854944224,0.22154981821739436,0.40002365432059034,0.028173986501793258,0.0006944444444444975,0.0041542037416703835,0.2361111111111109,0.11007394221195131,0.1171247355999384,0.0,0.9999999987499999,0.5990461759469413,0.29146571378637726,0.3364771431072692,0.4557717229062796,happy,03,22,22,female,strong,2536
40,1.3346666666666667,True,1.0,0.47369445198724913,0.49692714356378953,0.48531079777551933,0.824508494378002,-0.06921296296296298,-0.06490740740740747,0.36216924243327064,0.3349436392914651,0.2083699512089982,0.5886061830589522,0.0232326915765404,0.004305555555555507,0.012535850628134792,0.3427601990509144,0.1154308035822238,0.11337169645062994,0.0,0.9999999987499999,0.5991940334727641,0.29014513438748013,0.33958352304363076,0.458602417795708,happy,03,22,22,female,strong,2536
50,1.6683333333333334,True,1.0,0.453891320598813,0.4908983251053989,0.47239482285210593,0.8567501921436373,-0.08259259259259255,-0.08263888888888887,0.37671483815201706,0.29800006683256913,0.22094524115190528,0.5513798855068214,0.037007004506585894,4.629629629632204e-05,0.005090019282001608,0.3182649303646582,0.11147812575448425,0.11628162264325098,0.0,0.9999999987499999,0.5979120381824605,0.2898181691207655,0.333795744985919,0.45893901957290767,happy,03,22,22,female,strong,2536
60,2.0020000000000002,True,1.0,0.42738399989448456,0.4439260304301953,0.43565501516233995,0.7690484094656245,-0.06921296296296298,-0.0631944444444445,0.3691033130440092,0.33409480083342774,0.2104605348892679,0.5664858151973243,0.01654203053571074,0.006018518518518479,0.009171866140496232,0.3688524590163933,0.1149106667403011,0.11322780069826544,0.0,0.9999999987499999,0.6007921989498924,0.28663534523281153,0.33349796566882656,0.45769351917830076,happy,03,22,22,female,strong,2536
70,2.3356666666666666,True,1.0,0.49408604630705233,0.5090624705978951,0.5015742584524737,0.9576297872135936,-0.07944444444444432,-0.07861111111111102,0.33891440763944897,0.35385963005354126,0.2250572979343608,0.5237663501590731,0.014976424290842782,0.0008333333333332971,0.007742554397863724,0.2771370795726525,0.11513574641668985,0.11249197409673779,0.0,0.9999999987499999,0.5922572405133929,0.2896875486973301,0.33785883510841797,0.4547786426227945,happy,03,22,22,female,strong,2536
80,2.6693333333333333,True,1.0,0.4333706138540988,0.46403357369810777,0.44870209377610326,0.6915968389169078,-0.061435185185185204,-0.055787037037037024,0.4385436779622083,0.07979963525964291,0.20566279274614474,0.6487914179579019,0.030662959844008963,0.00564814814814818,0.007334173426120624,0.3897268520781814,0.1132697632701172,0.11486930360289305,0.0,0.9999999987499999,0.5970805879617472,0.2888235449057976,0.33240202544199676,0.4586871579960997,happy,03,22,22,female,strong,2536
90,3.003,True,1.0,0.4171495128955954,0.44310093106320375,0.43012522197939956,0.606166147000343,-0.05662037037037032,-0.05277777777777787,0.4564352567840297,0.0410960099661256,0.20625924754363287,0.7095830476642506,0.025951418167608375,0.003842592592592453,0.008323225077399632,0.42902542372881336,0.11307181564784086,0.11356418960001154,0.0,0.9999999987499999,0.6005213320328132,0.2888876550771131,0.3326542997022617,0.4637619522214433,happy,03,22,22,female,strong,2536
100,3.336666666666667,True,1.0,0.439479648119354,0.4353590250644818,0.4374193365919179,0.6097165760614888,-0.05861111111111106,-0.05421296296296302,0.4551186332500783,0.031001128870687546,0.20281539869930076,0.7174142113987811,0.004120623054872208,0.00439814814814804,0.005110220216820689,0.41981471377480584,0.11520568864507025,0.11174040385150058,0.0,0.9999999987499999,0.6026414548475639,0.28894709630151194,0.3360986402945287,0.46297603190724096,happy,03,22,22,female,strong,2536
0,0.0,True,1.0,0.48508516950248826,0.484672689704471,0.48487892960347967,0.6817042606516289,-0.06351851851851859,-0.05995370370370362,0.3490775647333529,0.37426900584795303,0.17917049906572252,0.7112746062933398,0.000412479798017229,0.003564814814814965,0.0033466123890218886,0.3970588235294113,0.11379306361355684,0.10941261525171192,0.0,0.9999999987499999,0.6137679297812875,0.2891575373440026,0.2964359974844911,0.44191383263090234,happy,03,22,22,female,strong,2537
10,0.33366666666666667,True,1.0,0.49254801826406575,0.47858073955047936,0.48556437890727255,0.916666666666667,-0.064074074074074,-0.06074074074074076,0.3368421052631579,0.4861111111111106,0.1777777777777778,0.5297065951715699,0.013967278713586384,0.0033333333333332438,0.0013057688106277619,0.28977272727272774,0.11269050529707204,0.11191810978979483,0.0,0.9999999987499999,0.6171697310486695,0.2896082863416542,0.30171862907713254,0.4463773159181489,happy,03,22,22,female,strong,2537
20,0.6673333333333333,True,1.0,0.32420187077644474,0.3525302293320405,0.3383660500542426,1.4332472006890613,-0.09430555555555553,-0.0954166666666667,0.3385679346577761,0.5788113695090444,0.21181456055111783,0.23608352410635552,0.028328358555595734,0.0011111111111111738,0.000642693481577102,0.1949488107975036,0.10916698399736337,0.11519235625608197,0.0,0.9999999987499999,0.6195918425495198,0.302686088755368,0.31037918483105165,0.4442345179614305,happy,03,22,22,female,strong,2537
30,1.0010000000000001,True,1.0,0.13927323868832495,0.14284165703732532,0.14105744786282515,0.9831925606010798,-0.09115740740740735,-0.08634259259259264,0.3490990533725334,0.4242039533635976,0.20487042134711547,0.14346879087102626,0.003568418349000374,0.004814814814814716,0.0030149202116335873,0.2777023172283469,0.11184340105709453,0.11191669752607913,0.0,0.9999999987499999,0.6130884526857617,0.29252090649307494,0.31919278665020906,0.45240542754558793,happy,03,22,22,female,strong,2537
40,1.3346666666666667,True,1.0,0.3949552542788843,0.4306731524362012,0.4128142033575427,0.8037697092460961,-0.0643981481481481,-0.059907407407407465,0.3831353715370458,0.29223744292237447,0.19448367737260402,0.5135976121129844,0.03571789815731691,0.004490740740740629,0.00045827712733867947,0.34085957655296745,0.11143237493758956,0.11164543685806752,0.0,0.9999999987499999,0.6102605472345188,0.292227302509754,0.31639387986517575,0.45216985286202865,happy,03,22,22,female,strong,2537
50,1.6683333333333334,True,1.0,0.43023913776080513,0.47222222222222177,0.45123067999151345,0.8878902612483217,-0.06467592592592597,-0.062962962962963,0.388899577475901,0.287956090044147,0.1958582652569057,0.5082054615140271,0.04198308446141663,0.0017129629629629717,0.005017845213263195,0.3116464019863921,0.11192794791760693,0.1130183863487578,0.0,0.9999999987499999,0.6093049725905988,0.2912535605003199,0.3278449741276622,0.4697653005300112,happy,03,22,22,female,strong,2537
60,2.0020000000000002,True,1.0,0.4644135627595343,0.4714951667914444,0.46795436477548935,0.9396339321897138,-0.06847222222222221,-0.06583333333333335,0.3682533385110762,0.323783419874553,0.19935186884018483,0.49801773727452886,0.007081604031910049,0.0026388888888888573,0.005616200445715708,0.31193923185062394,0.1131677903500086,0.11109300885121486,0.0,0.9999999987499999,0.6037740799835558,0.2907705373622401,0.31163277018269236,0.4399823783726373,happy,03,22,22,female,strong,2537
70,2.3356666666666666,True,1.0,0.43561879608183085,0.4431253064271225,0.43937205125447665,0.7829747953771671,-0.06921296296296292,-0.06898148148148153,0.3753419466948837,0.29827611252463493,0.2069743044572451,0.5611573371820054,0.00750651034529165,0.00023148148148138814,0.0005914416581123651,0.34821428571428614,0.11240186870192341,0.11169745454990003,0.0,0.9999999987499999,0.6094717747958559,0.29142606892115575,0.31890577991687324,0.4435213282479416,happy,03,22,22,female,strong,2537
80,2.6693333333333333,True,1.0,0.45667445421481423,0.4916864751318285,0.47418046467332137,0.8827774713296759,-0.06486111111111109,-0.06814814814814812,0.38848791027584495,0.30836747286173666,0.20212901015410123,0.5371460872909355,0.035012020917014275,0.0032870370370370328,0.006614565314041351,0.3162215073421802,0.11148377141320256,0.11159411483973382,0.0,0.9999999987499999,0.6069265999602966,0.29140717445238695,0.3148178022801748,0.4456239755131774,happy,03,22,22,female,strong,2537
90,3.003,True,1.0,0.40215702799299013,0.42935105214868885,0.4157540400708395,0.6621623812998997,-0.06203703703703706,-0.06157407407407406,0.4470852296905807,0.08408076054451274,0.20213769135755238,0.6278732404801783,0.027194024155698715,0.0004629629629629983,0.00562018956680165,0.392841484627884,0.11234877594778163,0.11072321481181766,0.0,0.9999999987499999,0.6119335127254026,0.2925535675090633,0.32423922899414004,0.45691448705199766,happy,03,22,22,female,strong,2537
100,3.336666666666667,True,1.0,0.41003070567094024,0.44200006683442833,0.4260153862526843,0.6270129452491334,-0.06124999999999997,-0.059444444444444355,0.4476812618062937,0.07313865500462416,0.20419693287833293,0.6794363489312234,0.031969361163488086,0.0018055555555556158,0.0005312547884691545,0.40339847981852855,0.11230570637418619,0.11196443052940032,0.0,0.9999999987499999,0.6085950450101915,0.29339397065585293,0.3267057960228137,0.45782422290055463,happy,03,22,22,female,strong,2537
110,3.6703333333333332,True,1.0,0.39495525427888317,0.4155192534648661,0.40523725387187465,0.6164543778961193,-0.06078703703703703,-0.05884259259259256,0.44893612739259653,0.07313865500462413,0.19862993294926812,0.657367792982342,0.02056399918598295,0.0019444444444444708,0.0031064136714492293,0.42936009127257385,0.11162339868800965,0.11281367913801062,0.0,0.9999999987499999,0.6094144375171943,0.2931691431873089,0.324841198096725,0.4585121761631833,happy,03,22,22,female,strong,2537
0,0.0,True,1.0,0.5371825322262317,0.5188824038108791,0.5280324680185554,0.6427209768958603,-0.06412037037037038,-0.058981481481481524,0.33813513641918286,0.4170550218809096,0.1715348942799473,0.8215578563637145,0.018300128415352557,0.0051388888888888595,0.015620847429311963,0.394918526433713,0.1152720665908022,0.11167192669738697,0.0,0.9999999987499999,0.6207255715333009,0.28979794552382027,0.29605767233011204,0.4457225006291812,sad,04,22,22,female,normal,2538
10,0.33366666666666667,True,1.0,0.21253401007266512,0.2281060541045905,0.22032003208862783,0.6517419072791829,-0.07444444444444448,-0.06962962962962965,0.339928861350731,0.4138719842255647,0.1687518084393838,0.3380479751691809,0.015572044031925386,0.004814814814814827,0.013378321072265876,0.3987354557149958,0.11680210190234683,0.10989737755148239,0.0,0.9999999987499999,0.6197294830197705,0.28963309594532893,0.2965574536762514,0.4365901261594156,sad,04,22,22,female,normal,2538
20,0.6673333333333333,True,1.0,0.5169009622133814,0.5148661262919398,0.5158835442526606,1.0138212090049956,-0.06634259259259262,-0.05986111111111114,0.334005684618487,0.5207831059034149,0.17292063758304477,0.5088506135701868,0.0020348359214416023,0.006481481481481477,0.017556497741617844,0.27003144207224544,0.1153282381839501,0.11212483163219614,0.0,0.9999999987499999,0.6141038300554597,0.29065857630758557,0.30474697155301256,0.4495088964108252,sad,04,22,22,female,normal,2538
30,1.0010000000000001,True,1.0,0.20535997875231843,0.1939097560682013,0.19963486741025988,0.9269225562752237,-0.07564814814814819,-0.06717592592592592,0.34864711598050113,0.40375609425797804,0.17430599325732177,0.21537383685264844,0.011450222684117134,0.00847222222222227,0.023804342553550458,0.28153078354382116,0.11474377875686714,0.1128917604403484,0.0,0.9999999987499999,0.612999778380102,0.2922453923197963,0.30319168266715035,0.44052775334715977,sad,04,22,22,female,normal,2538
40,1.3346666666666667,True,1.0,0.48262867207285015,0.486046957723789,0.48433781489831956,0.781000357544161,-0.06509259259259259,-0.05592592592592588,0.32746149162877236,0.425977917577606,0.17500174385291856,0.620150567435474,0.0034182856509388237,0.009166666666666712,0.030743200132577607,0.3597780309959839,0.1177545372527405,0.1099211410209576,0.0,0.9999999987499999,0.6112227931406938,0.2915846395704322,0.30557323122960717,0.44152200193700963,sad,04,22,22,female,normal,2538
50,1.6683333333333334,True,1.0,0.5044760012803227,0.5149583853384393,0.5097171933093809,0.9479006190229898,-0.06606481481481485,-0.054675925925925906,0.34074917012398903,0.4400398905128276,0.1791666666666667,0.5377327359852885,0.010482384058116634,0.011388888888888948,0.026683709474576493,0.2666788935109462,0.11163665555449051,0.1091960785645626,0.0,0.9999999987499999,0.6167460915147308,0.2939641788661966,0.2889461479640252,0.41443031991982754,sad,04,22,22,female,normal,2538
60,2.0020000000000002,True,1.0,0.511015120353315,0.4962124714328036,0.5036137958930593,0.7996468003509601,-0.06421296296296286,-0.056435185185185255,0.3414786321595377,0.4471787893342651,0.17569487868612624,0.6297952992146361,0.014802648920511363,0.007777777777777606,0.028505193220951554,0.32586095017588085,0.1115258665379704,0.10948338448243708,0.0,0.9999999987499999,0.6179898378413866,0.2912823086539236,0.28558203634554746,0.4097584549041757,sad,04,22,22,female,normal,2538
70,2.3356666666666666,True,1.0,0.5018869433197486,0.503568373771421,0.5027276585455849,0.885321028954015,-0.06564814814814807,-0.056064814814814845,0.30399612682983307,0.44257726772019595,0.17916836996525629,0.5678478677271963,0.001681430451672461,0.009583333333333222,0.027786817142997914,0.3025606862113516,0.1173445841967834,0.11070340889734494,0.0,0.9999999987499999,0.6105046269757902,0.29126661773088613,0.3013142169553805,0.43379600278331343,sad,04,22,22,female,normal,2538
80,2.6693333333333333,True,1.0,0.47022278695555375,0.47566245375861055,0.4729426203570821,0.7664394903349399,-0.06513888888888886,-0.054120370370370374,0.3264959018813202,0.40431236103933793,0.17708505667053603,0.6170645254074821,0.005439666803056797,0.011018518518518483,0.030773406149285806,0.3455708094085789,0.11277795490964457,0.10889526647873173,0.0,0.9999999987499999,0.614956548635079,0.29185733427593885,0.2828826230748346,0.411691198580038,sad,04,22,22,female,normal,2538
90,3.003,True,1.0,0.5405281935318197,0.5661747139724297,0.5533514537521247,0.7385345011188302,-0.06583333333333324,-0.055972222222222257,0.3280115480854839,0.397579389739099,0.17847393214836946,0.7492560644273685,0.02564652044061,0.009861111111110987,0.01940810391663017,0.3466065163994079,0.11146958863369655,0.10936661852315271,0.0,0.8479358959686519,0.6142734978131877,0.293358473101234,0.2805777188704126,0.40706370103939804,sad,04,22,22,female,normal,2538
100,3.336666666666667,True,1.0,0.5230989844337548,0.5311294710767328,0.5271142277552439,0.744470978987507,-0.06541666666666668,-0.05467592592592585,0.32556827041998965,0.41508860716835516,0.17569618140473198,0.708038651113208,0.008030486642978008,0.010740740740740828,0.029278510802321057,0.3574051459429643,0.11663552143046439,0.11041977919352056,0.0,0.9999999987499999,0.6064147958323955,0.2928485620376522,0.29916490439959437,0.43419365145441835,sad,04,22,22,female,normal,2538
0,0.0,True,1.0,0.5240821120163682,0.5180310866901576,0.521056599353263,0.6201445996901817,-0.06305555555555548,-0.05782407407407414,0.3371120020554717,0.37894765123733504,0.1708337799314538,0.8402179098448619,0.006051025326210602,0.005231481481481337,0.01869613794146904,0.3999687536616329,0.11489491154379991,0.11103514833064605,0.0,0.9999999987499999,0.617211163301258,0.2907376671813437,0.2959538217965083,0.4447504586823382,sad,04,22,22,female,normal,2539
10,0.33366666666666667,True,1.0,0.4920523872893708,0.49851611705692905,0.4952842521731499,0.6944214142222114,-0.06277777777777777,-0.05884259259259261,0.33387640409115205,0.4096827099773524,0.17222266521875423,0.713232976445426,0.006463729767558268,0.003935185185185153,0.014755668072941989,0.3717648052391801,0.11524419265629814,0.11118782651421544,0.0,0.9999999987499999,0.6161647369494673,0.29080352325048636,0.2946077702360316,0.44202542506129916,sad,04,22,22,female,normal,2539
20,0.6673333333333333,True,1.0,0.4239821601493648,0.44049075089898787,0.43223645552417633,0.9232868146815029,-0.07208333333333339,-0.06152777777777774,0.3358027615292472,0.4891869679609242,0.1743059932573217,0.4681497110659819,0.016508590749623075,0.010555555555555651,0.022755343485191655,0.2770424753368095,0.11597801638027017,0.11128151760402381,0.0,0.9999999987499999,0.6155989506193102,0.2910620630605435,0.30480234163230946,0.44518883539414866,sad,04,22,22,female,normal,2539
30,1.0010000000000001,True,1.0,0.48600016806971863,0.48173816667338015,0.4838691673715494,0.9083333772035472,-0.06402777777777768,-0.057870370370370516,0.35045066491471466,0.43407052274231694,0.17431255865192516,0.5326999750479496,0.004262001396338477,0.006157407407407167,0.01966877588336719,0.29811620917029086,0.11495811755124506,0.11250427369835363,0.0,0.9999999987499999,0.6147858943577431,0.2921484377993868,0.30630702277771543,0.44809007314452987,sad,04,22,22,female,normal,2539
40,1.3346666666666667,True,1.0,0.5261851474404916,0.5168022671949585,0.521493707317725,0.7739174621617473,-0.06319444444444444,-0.059537037037037,0.32687641668525935,0.41559979367031963,0.17778164011680334,0.6738363363207508,0.009382880245533132,0.0036574074074074425,0.019139559308338404,0.3546312410274022,0.11448082234434365,0.11282117602193409,0.0,0.9999999987499999,0.613446780313688,0.292374711352624,0.3012665489015757,0.44325506439938467,sad,04,22,22,female,normal,2539
50,1.6683333333333334,True,1.0,0.22545471253642163,0.23938590160879253,0.23242030707260708,0.8958285937523767,-0.0778240740740741,-0.07060185185185192,0.33778846373411714,0.4616271387800258,0.17500043596485879,0.2594472968305947,0.013931189072370898,0.0072222222222221855,0.02047471916079006,0.2941867098017368,0.1156634725802648,0.11160841166494283,0.0,0.9999999987499999,0.6120243221429196,0.2937969782228165,0.3049978429215073,0.4347803899870415,sad,04,22,22,female,normal,2539
60,2.0020000000000002,True,1.0,0.49123914850403294,0.48910671546848955,0.4901729319862612,0.9979470489996567,-0.06476851851851856,-0.05564814814814817,0.34059340390599,0.46478345778065355,0.17986153529316404,0.49118130313387987,0.0021324330355433907,0.00912037037037039,0.031044013093154865,0.2619785240746848,0.11387724625823906,0.1135982093861084,0.0,0.9999999987499999,0.6104228368769383,0.2961917936370075,0.30594068131251095,0.44141620230355855,sad,04,22,22,female,normal,2539
70,2.3356666666666666,True,1.0,0.5237638626176586,0.510982015254947,0.5173729389363029,0.8169083346765265,-0.06425925925925913,-0.05569444444444438,0.32670439874905643,0.40126876630237873,0.17847393214836946,0.6333304692516921,0.012781847362711596,0.008564814814814747,0.022443084483655732,0.3157740981123683,0.11474189616561406,0.11306230826635909,0.0,0.9999999987499999,0.6083697793648709,0.2951028702382458,0.29901352590004726,0.43677072144308515,sad,04,22,22,female,normal,2539
80,2.6693333333333333,True,1.0,0.27350427350427364,0.2785840959248092,0.2760441847145414,0.8324064801986145,-0.07018518518518524,-0.05939814814814803,0.33016980922810185,0.40207638269437834,0.177090226581521,0.331621859369327,0.005079822420535562,0.010787037037037206,0.02662773543282782,0.32413781141928083,0.11612799697608066,0.1114673613997069,0.0,0.9999999987499999,0.6069846694693501,0.2959308611666777,0.2991532835068588,0.4297485790109443,sad,04,22,22,female,normal,2539
90,3.003,True,1.0,0.5298569515661931,0.510982015254947,0.52041948341057,0.7593257690328604,-0.06574074074074077,-0.05541666666666667,0.3263181907871132,0.39390105764447814,0.18264264843016134,0.6853705018774997,0.018874936311246038,0.010324074074074097,0.02322539991179139,0.3612606232272612,0.11527338206781071,0.11167056879675202,0.0,0.9999999987499999,0.6060480473673845,0.29418898046099795,0.2987181097147473,0.43791381567859705,sad,04,22,22,female,normal,2539
100,3.336666666666667,True,1.0,0.5227648626729885,0.5311294710767339,0.5269471668748612,0.7593257690328605,-0.06458333333333333,-0.05467592592592596,0.32590193812379675,0.40822473246791485,0.17848761096782254,0.6939671855809981,0.008364608403745422,0.009907407407407365,0.028666729115067114,0.3506647187963663,0.11507831410483862,0.11170114692361002,0.0,0.9999999987499999,0.6069915370288741,0.29555247605394586,0.2988476041798357,0.4373946285588387,sad,04,22,22,female,normal,2539
110,3.6703333333333332,True,1.0,0.20535997875231732,0.19482825657613825,0.2000941176642278,0.7738560233244596,-0.07425925925925925,-0.06402777777777774,0.3218385354919073,0.42254840729134896,0.17639061901081726,0.2585676296795238,0.010531722176179065,0.010231481481481508,0.028380682890026262,0.33522099256251064,0.11573334005612268,0.10998788531335775,0.0,0.9999999987499999,0.6053568752657313,0.2951709353613932,0.29862256040089813,0.4326960271579329,sad,04,22,22,female,normal,2539
0,0.0,True,1.0,0.5194504631169915,0.5317682873752344,0.525609375246113,0.691403577126532,-0.0646296296296297,-0.05990740740740741,0.3294863160851443,0.4091710758377435,0.17294490231316761,0.7602063290307833,0.012317824258242904,0.004722222222222294,0.01178134586775899,0.36732273648878766,0.11505588207191582,0.10878667884454199,0.0,0.9999999987499999,0.6221963085781187,0.29126043334697754,0.29756197596594064,0.4493977444340676,sad,04,22,22,female,normal,2540
10,0.33366666666666667,True,1.0,0.5061615751742473,0.5108607211624562,0.5085111481683517,0.8679272316472535,-0.06504629629629627,-0.06013888888888885,0.3310794904051232,0.47594050743657085,0.17153178084657758,0.5858914545211814,0.004699145988208864,0.004907407407407416,0.017872108763591375,0.281238425628962,0.11355011140012773,0.11104587108140078,0.0,0.9999999987499999,0.6208317755148935,0.2914791770887326,0.29524952723671843,0.4459291268062635,sad,04,22,22,female,normal,2540
20,0.6673333333333333,True,1.0,0.5646271796522259,0.58152686213047,0.5730770208913479,1.026229133558301,-0.06754629629629627,-0.06458333333333333,0.3241071053069107,0.578139114724481,0.17222266521875434,0.558429888756214,0.016899682478244138,0.002962962962962945,0.016931217680078495,0.25351317081005076,0.11582007825969139,0.10902628421841638,0.0,0.9999999987499999,0.6181012438881802,0.29207583591641173,0.3038119587816504,0.454597496229431,sad,04,22,22,female,normal,2540
30,1.0010000000000001,True,1.0,0.1935666438470171,0.20028028265504827,0.1969234632510327,0.8661550990744661,-0.07694444444444448,-0.07245370370370374,0.32843930714161845,0.5111735010931266,0.17223816937956288,0.22735358074028097,0.006713638808031164,0.00449074074074074,0.005138116318368207,0.3043032786885242,0.1133881714011485,0.11017854684207136,0.0,0.9999999987499999,0.6192971797156364,0.2922160241549333,0.29607466585674724,0.44219143548132095,sad,04,22,22,female,normal,2540
40,1.3346666666666667,True,1.0,0.49242785528587923,0.49851611705692894,0.4954719861714041,0.8312799818579832,-0.0678703703703703,-0.0621759259259258,0.3312024776843203,0.49304257035037574,0.17433356625311966,0.5960350266873755,0.006088261771049708,0.005694444444444502,0.0020009489725131505,0.3145614649994546,0.11333982729213023,0.11074558677402996,0.0,0.9999999987499999,0.6142940486819727,0.29256379148725714,0.29770948214962345,0.44775302386614646,sad,04,22,22,female,normal,2540
50,1.6683333333333334,True,1.0,0.3292082056852469,0.330540814573113,0.32987451012917995,0.8955735446907825,-0.07384259259259257,-0.06532407407407398,0.337820924400739,0.48215969712063333,0.17363923383335514,0.368338828323783,0.0013326088878661269,0.008518518518518592,0.004749919031210437,0.31149181037830975,0.1148195332999811,0.10903610533235142,0.0,0.9999999987499999,0.6175181533238295,0.2925040703582881,0.30506070758935744,0.448063008902884,sad,04,22,22,female,normal,2540
60,2.0020000000000002,True,1.0,0.47887986924043235,0.4970631614292993,0.4879715153348658,0.8615384615384613,-0.06810185185185186,-0.060092592592592586,0.3429136155964706,0.4923076923076925,0.17364670316586828,0.5663955088708266,0.01818329218886694,0.008009259259259272,0.014840910482118356,0.31290286453291755,0.11398740522507801,0.11007893936119843,0.0,0.9999999987499999,0.6147291364280087,0.2932007033747152,0.30638841241593967,0.44888536115000993,sad,04,22,22,female,normal,2540
70,2.3356666666666666,True,1.0,0.5195719758435741,0.5247795749881029,0.5221757754158385,0.7984477672224626,-0.06791666666666657,-0.06314814814814806,0.30890547350749054,0.4443940126416716,0.17639970187254395,0.6539886475383561,0.0052075991445288405,0.004768518518518505,0.01034895974651913,0.31837829582661664,0.11365223054963206,0.11025229242226484,0.0,0.9999999987499999,0.6114367074720514,0.29270250182655105,0.3021047482585809,0.4485217939107714,sad,04,22,22,female,normal,2540
80,2.6693333333333333,True,1.0,0.511823724074825,0.5188247123713831,0.515324218223104,0.7679223394848935,-0.06671296296296297,-0.06263888888888891,0.328804366469067,0.44795469803285487,0.1722293100300018,0.6710629340055049,0.007000988296558042,0.004074074074074063,0.015866782504587413,0.3333333333333333,0.11560269151594238,0.10855700393310344,0.0,0.9702080502954635,0.6146506216392807,0.29170322964016737,0.30629042011110497,0.4485926596758086,sad,04,22,22,female,normal,2540
90,3.003,True,1.0,0.36923076923076903,0.3976911563166698,0.38346096277371944,0.7165967112287543,-0.07134259259259262,-0.06495370370370374,0.32541954486758506,0.4012687663023776,0.17570530016452998,0.5351140422012205,0.028460387085900762,0.006388888888888888,0.015210663947037349,0.36053231333277863,0.11586815440435758,0.11036495618424678,0.0,0.9999999987499999,0.6133280110403536,0.29174288765384104,0.3025134410746006,0.44224881299318325,sad,04,22,22,female,normal,2540
100,3.336666666666667,True,1.0,0.5252806308616597,0.5385777724249654,0.5319292016433126,0.7110841972527375,-0.07175925925925913,-0.06254629629629621,0.32932735127297313,0.4052923458392487,0.17847393214836935,0.7480537518600646,0.013297141563305748,0.009212962962962923,0.019799533069378015,0.3717648052391809,0.11417467189267182,0.11143420151113509,0.0,0.9999999987499999,0.6153869886626525,0.2927952276206348,0.30058845941129214,0.4455948814869694,sad,04,22,22,female,normal,2540
0,0.0,True,1.0,0.4987021290224996,0.5045214359817023,0.5016117825021009,0.6998882323295319,-0.064537037037037,-0.061203703703703705,0.33139677045151666,0.45489856537512313,0.16458379689082922,0.7167026952753858,0.005819306959202686,0.0033333333333332993,0.01351299334100422,0.36053231333277863,0.11653176291970097,0.11052927542936741,0.0,0.9999999987499999,0.6195416015390531,0.2903349961517869,0.2975728318224787,0.4461222212518845,sad,04,22,22,female,normal,2541
10,0.33366666666666667,True,1.0,0.5060276798407011,0.516689100951415,0.511358390396058,0.9098862642169728,-0.065462962962963,-0.06129629629629629,0.33037530171473756,0.5319335083114612,0.16319444444444453,0.5620025386756676,0.010661421110713887,0.004166666666666707,0.01600647946380234,0.28599102325880016,0.11651577180023263,0.11020090527348764,0.0,0.9999999987499999,0.6146516618444252,0.2901948483805011,0.30040686149852824,0.44545951310635323,sad,04,22,22,female,normal,2541
20,0.6673333333333333,True,1.0,0.5119409960594576,0.5150917096438762,0.5135163528516669,0.916776984080555,-0.06611111111111118,-0.06106481481481485,0.3292760729660072,0.4795269286579068,0.17430599325732166,0.5601322478298009,0.0031507135844185408,0.0050462962962963265,0.02127935842887796,0.29421975251766563,0.11547574373305206,0.11231269249550865,0.0,0.9999999987499999,0.6135176492159363,0.2913186453837688,0.30208031786055134,0.4472408237572013,sad,04,22,22,female,normal,2541
30,1.0010000000000001,True,1.0,0.48210045389859285,0.49548789698237605,0.4887941754404844,0.8302162552230049,-0.065462962962963,-0.059768518518518554,0.3258230848300132,0.4580288079099093,0.17916836996525629,0.5887552458355433,0.013387443083783201,0.005694444444444446,0.025372383933847106,0.3204921094008944,0.11611740095250155,0.11147839940915755,0.0,0.9999999987499999,0.6095362393316701,0.2935123377520787,0.303131823382277,0.4445019882599626,sad,04,22,22,female,normal,2541
40,1.3346666666666667,True,1.0,0.5039116510571541,0.5260763247075969,0.5149939878823755,0.803669799985126,-0.06495370370370374,-0.057731481481481384,0.33126376043395234,0.41585338168041286,0.17986280783332048,0.6408029614798352,0.022164673650442834,0.007222222222222352,0.02175710342883108,0.32606661195338327,0.11657882645392466,0.11065194831800833,0.0,0.9999999987499999,0.6072171392463236,0.294285760713301,0.30255999957844376,0.4401710904176484,sad,04,22,22,female,normal,2541
50,1.6683333333333334,True,1.0,0.551223105337938,0.5589136496559284,0.5550683774969332,0.8889232205012839,-0.06574074074074071,-0.06212962962962959,0.3366616244423653,0.4444444444444441,0.18125042093162333,0.6244278073689171,0.007690544317990433,0.0036111111111111205,0.012119285843709372,0.3076053068405643,0.11372481152375581,0.11324723304493127,0.0,0.9999999987499999,0.6139340250553346,0.2925760548205024,0.3039121910637505,0.4453270225616966,sad,04,22,22,female,normal,2541
60,2.0020000000000002,True,1.0,0.2683006394094433,0.2875367469140329,0.2779186931617381,0.9947790603908191,-0.07291666666666669,-0.06703703703703706,0.3272359276359808,0.49022065981868307,0.1798649287135741,0.2793773052003649,0.019236107504589595,0.0058796296296296235,0.016559958773059033,0.26552880341436214,0.11510523324290987,0.11235375236890213,0.0,0.9999999987499999,0.61335892946241,0.2940866193866604,0.3016207943934317,0.4344395352968853,sad,04,22,22,female,normal,2541
70,2.3356666666666666,True,1.0,0.5171251712113575,0.5228743317885461,0.5199997514999518,0.8150162374492567,-0.06583333333333324,-0.05800925925925937,0.3207003503293834,0.4509649991266487,0.17639061901081718,0.6380237933999778,0.005749160577188661,0.007824074074073872,0.024803662802506808,0.3232598767240062,0.11633616801267879,0.11107869464349347,0.0,0.9999999987499999,0.612847642471051,0.29225198958235266,0.3003212867981127,0.4412544985243879,sad,04,22,22,female,normal,2541
80,2.6693333333333333,True,1.0,0.5374093623787223,0.5470199074967773,0.5422146349377498,0.8388099795662336,-0.06462962962962965,-0.055416666666666614,0.3293369558410471,0.4264941662325498,0.17708721081845544,0.6464093753607228,0.009610545118055036,0.009212962962963034,0.02130739748024769,0.2960229925060364,0.11550966542756995,0.11176758759445656,0.0,0.9999999987499999,0.6094005542451356,0.29347884287347675,0.30146870279212973,0.43833801440749925,sad,04,22,22,female,normal,2541
90,3.003,True,1.0,0.5578751058267261,0.5574657555694573,0.5576704306980917,0.7537440027624109,-0.06560185185185191,-0.05625000000000002,0.3266609333675582,0.4195131299037837,0.17710444305856665,0.7398671547027567,0.00040935025726873686,0.009351851851851889,0.022350442829250496,0.329531446914956,0.11577496551183267,0.11149275225092119,0.0,0.9999999987499999,0.6088403451927646,0.29354663310885004,0.30155200707523905,0.4386790917339761,sad,04,22,22,female,normal,2541
100,3.336666666666667,True,1.0,0.22213653792282642,0.2114432527952594,0.21678989535904292,0.759715541670158,-0.07421296296296281,-0.06379629629629635,0.3241480513903026,0.41559979367031963,0.17779322663045252,0.285356667684397,0.01069328512756701,0.010416666666666463,0.02076230772164882,0.3400697443387749,0.11645919213589791,0.11026069638972928,0.0,0.9999999987499999,0.6075645363614195,0.29309553383923614,0.297528163006142,0.43108779792604157,sad,04,22,22,female,normal,2541
110,3.6703333333333332,True,1.0,0.5310521924848063,0.5469090265317414,0.5389806095082739,0.7366145501394217,-0.06421296296296297,-0.05365740740740743,0.32263262254899416,0.4115374295542444,0.17708505667053603,0.7316996513390335,0.015856834046935164,0.01055555555555554,0.0192345098111694,0.3533994490014162,0.11176090514968637,0.10959168928392035,0.0,0.9999999987499999,0.6152114867275035,0.29480336965679677,0.28255675261505614,0.4109622633381997,sad,04,22,22,female,normal,2541
0,0.0,True,1.0,0.5198858025731666,0.5190023874166616,0.5194440949949142,0.6885165683529996,-0.06129629629629629,-0.059074074074074,0.33697169800853627,0.4475074514945044,0.1687518084393838,0.7544394991648151,0.0008834151565050297,0.002222222222222292,0.008777354349774221,0.3712265090657173,0.11443477654176415,0.11252977590960132,0.0,0.9999999987499999,0.6217641661899136,0.2903129918108122,0.2904760617243057,0.4447037876318483,sad,04,22,22,female,strong,2542
10,0.33366666666666667,True,1.0,0.5335553264845878,0.5588058601951232,0.5461805933398556,0.6716989571107811,-0.05773148148148155,-0.05509259259259258,0.33333333333333337,0.4197830249709366,0.1666707864887947,0.8131330078122718,0.025250533710535428,0.0026388888888889683,0.010214754217163011,0.38669219886540357,0.11562248578280859,0.11113777657755662,0.0,0.9999999987499999,0.6206211230976766,0.2898670989133164,0.29297093113012906,0.4416980909627675,sad,04,22,22,female,strong,2542
20,0.6673333333333333,True,1.0,0.44427307584565284,0.43491619100438794,0.43959463342502036,0.9906964705836683,-0.06458333333333333,-0.060601851851851796,0.34205330890759256,0.48171985049205085,0.16946650571640118,0.443722821749868,0.0093568848412649,0.00398148148148153,0.005490111289098822,0.2696597609426186,0.1163203404637473,0.11040716913197238,0.0,0.9999999987499999,0.6168483596016532,0.2916019097919199,0.3033895035159687,0.44749090376371653,sad,04,22,22,female,strong,2542
30,1.0010000000000001,True,1.0,0.4514172258734419,0.44977057040095214,0.450593898137197,0.9217307819434155,-0.07902777777777781,-0.07740740740740737,0.35245023456573815,0.41477885187453767,0.19375039377480144,0.4888562983511803,0.0016466554724897664,0.0016203703703704386,0.006595928873686808,0.2976644310635854,0.11108155003734392,0.1153466338778337,0.0,0.9999999987499999,0.6164501478325705,0.2930221489959733,0.30733576594065676,0.4515210857756179,sad,04,22,22,female,strong,2542
40,1.3346666666666667,True,1.0,0.4859236767061826,0.5246646619218119,0.5052941693139973,0.8011170460052215,-0.0708333333333333,-0.06638888888888894,0.32106248512292546,0.43697293418466615,0.1840281923557306,0.6307370088224336,0.03874098521562935,0.004444444444444362,0.011744810416841776,0.3482022899274836,0.11452867085500756,0.11192470798772697,0.0,0.9999999987499999,0.6131553504683124,0.2903911848134111,0.3013979824321591,0.4456546576505982,sad,04,22,22,female,strong,2542
50,1.6683333333333334,True,1.0,0.541776508230612,0.5609235088813365,0.5513500085559742,0.9784046400252739,-0.06874999999999998,-0.06259259259259264,0.33824680688633413,0.4616271387800258,0.18264055980567517,0.563519413135379,0.0191470006507245,0.006157407407407334,0.017484121010218567,0.2852023171613076,0.1161236216013826,0.11130087554753078,0.0,0.9999999987499999,0.6072909860037764,0.2929405824095628,0.31260925473057755,0.44907887434958355,sad,04,22,22,female,strong,2542
60,2.0020000000000002,True,1.0,0.27789014077820046,0.2689288766336663,0.2734095087059334,0.9363005544775064,-0.07680555555555552,-0.06930555555555556,0.3454920717581464,0.41387198422556515,0.18613119697045138,0.292010409903588,0.008961264144534131,0.007499999999999951,0.014820793218121388,0.2853260869565218,0.11258573491975801,0.11553981337135989,0.0,0.9999999987499999,0.604194371779962,0.2973393362441992,0.3009085997416847,0.43329365010101895,sad,04,22,22,female,strong,2542
70,2.3356666666666666,True,1.0,0.49782508707064854,0.4985161170569284,0.4981706020637885,0.8169083346765265,-0.06597222222222215,-0.06087962962962973,0.325419544867585,0.4299308210382628,0.18402819235573065,0.6098243596217567,0.0006910299862798452,0.0050925925925924265,0.016698568161947473,0.33596830685767803,0.11255934689699529,0.1108534125605745,0.0,0.9999999987499999,0.6085186378379477,0.2963910113719462,0.2963729592117972,0.4279797830750651,sad,04,22,22,female,strong,2542
80,2.6693333333333333,True,1.0,0.4972806722153269,0.5109820152549481,0.5041313437351376,0.8816974987071008,-0.06749999999999984,-0.06263888888888897,0.3375906891805983,0.427055731735417,0.18196499023394078,0.5717735895524068,0.013701343039621228,0.004861111111110872,0.015545744768221022,0.3076053068405643,0.1157995503619798,0.10869810218911781,0.0,0.9999999987499999,0.6033131749652986,0.29414429561028016,0.30644645794129444,0.4357675868336983,sad,04,22,22,female,strong,2542
90,3.003,True,1.0,0.5359664173013432,0.5574657555694578,0.5467160864354005,0.8204721621471859,-0.0687037037037036,-0.06337962962962962,0.33821106293905023,0.43072895702454483,0.17917049906572252,0.6663432492391183,0.021499338268114565,0.005324074074073981,0.019859578020224176,0.32811058139477445,0.11471034427970261,0.1096733616297872,0.0,0.9999999987499999,0.6041669980961135,0.2927644781785543,0.3007093187678481,0.43087881742634226,sad,04,22,22,female,strong,2542
100,3.336666666666667,True,1.0,0.21272943950494866,0.23032958900805828,0.22152951425650347,0.8332895862030466,-0.0824537037037038,-0.0725925925925926,0.33128702384722514,0.4513453584496254,0.17848290899188052,0.26584937328440783,0.01760014950310962,0.00986111111111121,0.017662528173414037,0.31873599335492364,0.11513338907139317,0.10940345517716726,0.0,0.8368468377320546,0.6047134054793794,0.29187273839962585,0.2942058869378451,0.4196298867843679,sad,04,22,22,female,strong,2542
110,3.6703333333333332,True,1.0,0.5519003367550673,0.55756814814304,0.5547342424490537,0.8269097214238317,-0.06958333333333322,-0.05921296296296302,0.3355027269459129,0.44099913867355683,0.17847606953301587,0.670852244298051,0.005667811387972677,0.010370370370370197,0.02007953983971843,0.31873599335492364,0.11701004362325586,0.10810124312379486,0.0,0.9999999987499999,0.6053514521433574,0.2920173264500319,0.3011733747897559,0.4292068537837817,sad,04,22,22,female,strong,2542
0,0.0,True,1.0,0.5060276798407015,0.5180373870381254,0.5120325334394135,0.6666481459376904,-0.061574074074074114,-0.057361111111111085,0.3314659840617783,0.4374578089588689,0.1652782393875586,0.7680701379874109,0.012009707197423891,0.004212962962963029,0.010526123093350586,0.3866921988654044,0.11584940462902454,0.11055709906283824,0.0,0.9999999987499999,0.6191995912974566,0.28878695720231884,0.2943472119204751,0.4462848858058409,sad,04,22,22,female,strong,2543
10,0.33366666666666667,True,1.0,0.2681217451637766,0.2598070756933312,0.2639644104285539,0.5788083158417481,-0.08115740740740746,-0.07810185185185192,0.33330872120167787,0.35138782205643804,0.1687504521116629,0.4560480615152813,0.008314669470445402,0.0030555555555555336,0.007360965210327594,0.4419246537831991,0.11680068485868558,0.10920324550116896,0.0,0.9999999987499999,0.6207682138793018,0.2885638322838525,0.29614336692546483,0.43725892104235264,sad,04,22,22,female,strong,2543
20,0.6673333333333333,True,1.0,0.43744325438179094,0.43153635545924574,0.43448980492051836,1.0082307633552101,-0.0693981481481481,-0.06486111111111115,0.3487499271186155,0.5107344901127902,0.16944624547227036,0.4309428165776401,0.005906898922545201,0.004537037037036951,0.015233547533615586,0.27384118387504064,0.11527989950257525,0.11132207968098937,0.0,0.9999999987499999,0.6181559555775435,0.29163078114103697,0.3133538767116345,0.45690785320949745,sad,04,22,22,female,strong,2543
30,1.0010000000000001,True,1.0,0.49212366117951517,0.506249666436688,0.4991866638081016,0.8507594773914654,-0.06560185185185186,-0.06236111111111109,0.37478595246496726,0.3190238892915067,0.17986280783332034,0.5867541615153911,0.014126005257172836,0.0032407407407407662,0.01479574308904119,0.314327481241532,0.11309931774281881,0.11437274464198595,0.0,0.9999999987499999,0.6105873672359569,0.2945819362505782,0.3151138217864428,0.4559304565181338,sad,04,22,22,female,strong,2543
40,1.3346666666666667,True,1.0,0.5053475873163749,0.48443196581348374,0.4948897765649293,0.8028253800660188,-0.06013888888888885,-0.05749999999999994,0.3278440686850097,0.4085601634952218,0.17847606953301587,0.6164351412560387,0.020915621502891113,0.002638888888888913,0.01900027667018347,0.35199796565642155,0.11722171783713044,0.10944968464561988,0.0,0.9999999987499999,0.6041258931932147,0.29697143477535176,0.3107704567644721,0.43894039526695056,sad,04,22,22,female,strong,2543
50,1.6683333333333334,True,1.0,0.2426371423319099,0.2299137000161191,0.2362754211740145,0.9216875923193979,-0.0793518518518519,-0.0710648148148148,0.349898588666966,0.3940024744891789,0.18264557246431654,0.25635087544081486,0.012723442315790784,0.008287037037037093,0.017067761007379226,0.2856559541016422,0.1157575735601844,0.11116857790053684,0.0,0.9999999987499999,0.6064437080847964,0.2948956408430674,0.30981450111316106,0.43554626799804286,sad,04,22,22,female,strong,2543
60,2.0020000000000002,True,1.0,0.5060276798407021,0.4780080122707063,0.4920178460557042,0.7810739458758322,-0.06092592592592588,-0.05560185185185196,0.34694081954101375,0.38380357685278016,0.17570139218256636,0.6299247960498743,0.0280196675699958,0.005324074074073926,0.021208739414404154,0.3394396551724136,0.11455026039440461,0.11275067311224629,0.0,0.9999999987499999,0.6016718971104066,0.29739110175702105,0.30985764927792103,0.4374604446526581,sad,04,22,22,female,strong,2543
70,2.3356666666666666,True,1.0,0.49851611705692844,0.5122290132814658,0.5053725651691972,0.877300467853227,-0.05986111111111103,-0.059629629629629644,0.29908056908619746,0.42289882612444757,0.18403441091295167,0.5760541384479763,0.013712896224537308,0.00023148148148138814,0.018764290056106265,0.3133621409199025,0.11764858854486643,0.1093397553962997,0.0,0.9999999987499999,0.597049051628464,0.29865795975915505,0.3102792306725497,0.4350704304536836,sad,04,22,22,female,strong,2543
80,2.6693333333333333,True,1.0,0.49782508707064754,0.5029818311629269,0.5004034591167872,0.8019686154469895,-0.06263888888888891,-0.057731481481481495,0.34795756537968187,0.3809183531290511,0.1750353096353437,0.6239688804254262,0.005156744092279397,0.004907407407407416,0.019682203133060742,0.31873599335492386,0.11773788846885319,0.10976554085093525,0.0,0.9999999987499999,0.5993468354294844,0.2961880191659407,0.3133113037221887,0.43723205520289543,sad,04,22,22,female,strong,2543
90,3.003,True,1.0,0.5252806308616597,0.5165759347078714,0.5209282827847656,0.813051909582469,-0.06212962962962959,-0.05944444444444452,0.33583985660307636,0.40650748041823204,0.17571572102484917,0.6407072865154215,0.008704696153788216,0.0026851851851850683,0.014047293632697345,0.32413781141928083,0.11689565894359126,0.11117734077598485,0.0,0.9999999987499999,0.6014136284591961,0.2951443660970453,0.31009203191837464,0.4375822181086026,sad,04,22,22,female,strong,2543
100,3.336666666666667,True,1.0,0.5121590358093332,0.5109820152549481,0.5115705255321407,0.8278847269023429,-0.0634722222222221,-0.05930555555555567,0.339118282200577,0.427441557478861,0.17640445937537777,0.6179248256532764,0.0011770205543850665,0.00416666666666643,0.018809998294269138,0.30425154049742686,0.11532816962812306,0.10654889657164193,0.0,0.9999999987499999,0.6093082582095338,0.29443751037564136,0.2958710889797892,0.4152789146732818,sad,04,22,22,female,strong,2543
0,0.0,True,1.0,0.5467316994560979,0.5400203020440084,0.5433760007500532,0.6772277728686837,-0.061574074074074114,-0.058888888888888935,0.32964737166363306,0.4302922691992457,0.17014292463502936,0.8023533920476342,0.0067113974120894815,0.0026851851851851793,0.007793523339424252,0.3755524716043456,0.11306193147735547,0.11222401135022152,0.0,0.9999999987499999,0.6168304129776911,0.29045455537702636,0.29057341109350565,0.4459157820323205,sad,04,22,22,female,strong,2544
10,0.33366666666666667,True,1.0,0.5606852459435315,0.568781825446138,0.5647335356948348,0.6785411365564049,-0.06435185185185177,-0.06162037037037038,0.3464229466223483,0.31212892281594584,0.17083511971881032,0.8322760482302612,0.008096579502606449,0.0027314814814813904,0.009414421192435659,0.3599999999999991,0.11592288982352401,0.10978808920353263,0.0,0.9999999987499999,0.6108308533491522,0.2922718996003687,0.3037967636725371,0.44695569101609856,sad,04,22,22,female,strong,2544
20,0.6673333333333333,True,1.0,0.5653437863936989,0.5878143730755305,0.5765790797346146,0.867927231647254,-0.06481481481481471,-0.06537037037037041,0.3357412764565769,0.4339457567804033,0.18263930661951863,0.6643173053117775,0.02247058668183166,0.0005555555555556979,0.012419031467036417,0.30845504746402125,0.11325586559562685,0.11270649391756624,0.0,0.9999999987499999,0.6103917967577657,0.2948990510607524,0.29993038898916424,0.4429374955759743,sad,04,22,22,female,strong,2544
30,1.0010000000000001,True,1.0,0.3106875481130304,0.3435216059324309,0.32710457702273066,0.8314948723368216,-0.07115740740740728,-0.06787037037037036,0.3263350396725659,0.4228956078283883,0.18889252403601006,0.39339337848643674,0.03283405781940052,0.0032870370370369217,0.00437392528771112,0.3301762993978915,0.11157255507069597,0.11387228800433657,0.0,0.9999999987499999,0.607740762680072,0.29661170309405016,0.28896697632160656,0.4344672759148003,sad,04,22,22,female,strong,2544
40,1.3346666666666667,True,1.0,0.5317682873752355,0.5197662713518509,0.5257672793635433,0.7978609465729194,-0.071388888888889,-0.0653703703703703,0.3350330446756425,0.3709172917674074,0.19791666666666674,0.6589710671037231,0.012002016023384576,0.006018518518518701,0.00923909445423519,0.3359683068576792,0.11457361293523245,0.11102398023534239,0.0,0.9999999987499999,0.601766576865121,0.3010864403633405,0.30922097031914947,0.4426943749981699,sad,04,22,22,female,strong,2544
50,1.6683333333333334,True,1.0,0.38166728588011317,0.36097187412459336,0.37131958000235327,0.7422750800899409,-0.06810185185185175,-0.06078703703703703,0.3852100876224321,0.23728465675006247,0.1958333333333333,0.500245245950276,0.02069541175551981,0.0073148148148147185,0.014126356197656634,0.3600045933633026,0.1118206142490026,0.11429741484232668,0.0,0.9999999987499999,0.6091154121961285,0.2897679596945721,0.30861506125959076,0.44159761469811437,sad,04,22,22,female,strong,2544
60,2.0020000000000002,True,1.0,0.5632080226831196,0.588235514634153,0.5757217686586363,0.909560723514212,-0.06259259259259264,-0.05958333333333332,0.33999555717685404,0.399655469422911,0.18750651030364252,0.6329668308832166,0.025027491951033376,0.0030092592592593226,0.018051562608658044,0.2982954545454539,0.11138526353250763,0.11388833188920217,0.0,0.9999999987499999,0.6100253474592963,0.29572072564368385,0.3014535933299772,0.4398448922146472,sad,04,22,22,female,strong,2544
70,2.3356666666666666,True,1.0,0.5344277114255167,0.5470085470085473,0.540718129217032,0.759587226906077,-0.06773148148148145,-0.06222222222222229,0.32788355970113914,0.4012687663023776,0.19097262172464527,0.7118578486627076,0.01258083558303058,0.005509259259259158,0.016263337950602853,0.35072395552267027,0.11525605243718984,0.11048793279141202,0.0,0.9999999987499999,0.6040880140337385,0.2955945436143308,0.3036146918023812,0.43852758550620063,sad,04,22,22,female,strong,2544
80,2.6693333333333333,True,1.0,0.5747282779880654,0.5744619778647112,0.5745951279263883,0.8742414389558084,-0.06935185185185178,-0.06231481481481488,0.33676603636440583,0.42324387124051105,0.18889050451846834,0.6572499338542945,0.0002663001233541573,0.007037037037036897,0.019386442948264655,0.3035714285714277,0.11405227990296754,0.11207063067554034,0.0,0.9999999987499999,0.6098260900453931,0.29459865199280655,0.3039735811818013,0.4418042195432578,sad,04,22,22,female,strong,2544
90,3.003,True,1.0,0.5498376387156004,0.5469121792424348,0.5483749089790176,0.7541403615352864,-0.0694907407407408,-0.06162037037037038,0.3470203682546897,0.3703367846825062,0.18611152104827625,0.7271523140103927,0.0029254594731655814,0.007870370370370416,0.01663007026630335,0.3219242210235698,0.11346780818426619,0.11333675973256963,0.0,0.9999999987499999,0.6135882395380028,0.2915774556083848,0.30032339817933523,0.44343542381239776,sad,04,22,22,female,strong,2544
100,3.336666666666667,True,1.0,0.5515447847003954,0.5710547414612283,0.5612997630808119,0.7917081432986414,-0.06675925925925924,-0.05740740740740741,0.33448563132137,0.4165060086052988,0.1798649287135741,0.7089730828612725,0.01950995676083289,0.009351851851851833,0.028911248184451042,0.3161379150630558,0.11526987974423383,0.11012805203462543,0.0,0.9999999987499999,0.6119459572110094,0.2917647606773532,0.30395711948181314,0.4435395805602758,sad,04,22,22,female,strong,2544
110,3.6703333333333332,True,1.0,0.5752071746683741,0.5862653349395988,0.5807362548039865,0.79938537869728,-0.06425925925925918,-0.05537037037037029,0.33802944870832413,0.40650748041823337,0.1784739321483694,0.7264784549229366,0.011058160271224637,0.00888888888888889,0.029015887356195584,0.3107649323555594,0.11396368226055355,0.11233045839819723,0.0,0.9999999987499999,0.6110759984853317,0.29341590728707895,0.2988058458060521,0.4404485665088361,sad,04,22,22,female,strong,2544
0,0.0,True,1.0,0.4790608606520743,0.48998462978370483,0.48452274521788957,0.700021072315353,-0.06592592592592589,-0.06138888888888899,0.3249142808999038,0.45489856537512285,0.16598876984135164,0.6921545141709913,0.010923769131630512,0.004537037037036895,0.01900852803765991,0.3716942570322617,0.11784284473826376,0.10930480496344304,0.0,0.9999999987499999,0.619413354232318,0.28777002099674365,0.2965672913142322,0.4447193698852618,sad,04,22,22,female,strong,2545
10,0.33366666666666667,True,1.0,0.48490928854194887,0.48962662815826435,0.4872679583501066,0.6161243009978078,-0.07032407407407398,-0.06648148148148142,0.32781966694771847,0.4199475065616807,0.17083511971881044,0.7908598274097945,0.004717339616315486,0.003842592592592564,0.009784444607788137,0.39682827286692834,0.11468457403855677,0.11244474631362944,0.0,0.9999999987499999,0.6186677786896009,0.2874357924098408,0.29270912962181267,0.44316513767018795,sad,04,22,22,female,strong,2545
20,0.6673333333333333,True,1.0,0.5174461791015855,0.5223415130561916,0.5198938460788886,0.9171075837742505,-0.07722222222222214,-0.07328703703703704,0.3269904757996223,0.49382716049382763,0.18403441091295172,0.5668842513975573,0.004895333954606063,0.003935185185185097,0.013073813646043937,0.2855769230769228,0.11485300130543913,0.1119328043631441,0.0,0.9999999987499999,0.6132906586384553,0.28953744352087374,0.30655116475998795,0.44724301319768633,sad,04,22,22,female,strong,2545
30,1.0010000000000001,True,1.0,0.5432823994391409,0.5514953705852595,0.5473888850122002,0.9399065129146121,-0.06875000000000003,-0.06717592592592592,0.31680489264126094,0.4699532564573067,0.18889252403601006,0.5823865219475598,0.00821297114611863,0.0015740740740741166,0.007650131875514184,0.30761718749999994,0.11572308159674809,0.11137567455345761,0.0,0.9999999987499999,0.6125796988092111,0.293592579665137,0.3071301520380101,0.4431960857157891,sad,04,22,22,female,strong,2545
40,1.3346666666666667,True,1.0,0.5714640917184967,0.5520897471179819,0.5617769194182393,0.8606211264848103,-0.06037037037037046,-0.05944444444444452,0.3339501549634622,0.4161843259468126,0.18750162759710243,0.6527575284060314,0.019374344600514792,0.0009259259259259411,0.014211391835477897,0.32314823607254767,0.11313141409183375,0.11367254614380497,0.0,0.9999999987499999,0.606866872092587,0.2955751640036626,0.2927622154892829,0.4309772441562248,sad,04,22,22,female,strong,2545
50,1.6683333333333334,True,1.0,0.5224474131752913,0.5331339662778068,0.5277906897265491,0.7579466060552931,-0.06763888888888892,-0.06064814814814812,0.35870918830501797,0.31361832978470466,0.19169214051731778,0.6963428366985077,0.01068655310251554,0.006990740740740797,0.018462270966075757,0.34912151283719933,0.11346744790384466,0.11266271378241234,0.0,0.9999999987499999,0.615105531212485,0.29408719536625383,0.3069033750888002,0.4454967284248283,sad,04,22,22,female,strong,2545
60,2.0020000000000002,True,1.0,0.5375007816249402,0.5972222222222213,0.5673615019235807,0.6719621457258385,-0.0627314814814815,-0.05874999999999997,0.3349597140510396,0.3359580052493439,0.18820903826281987,0.8443355113564165,0.05972144059728113,0.00398148148148153,0.013293476325866043,0.3866921988654044,0.11498281011507887,0.11060013719103882,0.0,0.9999999987499999,0.6141332681041166,0.2939381447358815,0.30242131774936004,0.4411771083787909,sad,04,22,22,female,strong,2545
70,2.3356666666666666,True,1.0,0.5439661375010374,0.5815273355748992,0.5627467365379684,0.7448449456557568,-0.068888888888889,-0.06060185185185185,0.3309364132555283,0.4282514528785269,0.19100457921116565,0.7555219912817287,0.03756119807386182,0.008287037037037148,0.03341257545211712,0.35194588764323337,0.10974589977904538,0.11160947881442969,0.0,0.9999999987499999,0.6158577245976515,0.29277265343781816,0.2878996884134752,0.4242129527894159,sad,04,22,22,female,strong,2545
80,2.6693333333333333,True,1.0,0.5439413935154722,0.5710547414612287,0.5574980674883505,1.0166847019655016,-0.0721296296296296,-0.06638888888888889,0.31794626367496737,0.508079953967855,0.1889034290576577,0.5483490273932219,0.027113347945756483,0.005740740740740713,0.028456317968887344,0.2745623571526875,0.11553950949032946,0.11173673608414603,0.0,0.9999999987499999,0.6116188440766932,0.29215637109979337,0.3049086910704532,0.44236504296707335,sad,04,22,22,female,strong,2545
90,3.003,True,1.0,0.5376799999868965,0.55756814814304,0.5476240740649683,0.8190188034573671,-0.07208333333333333,-0.06458333333333338,0.34251719291025207,0.41615190368194704,0.18680596396879412,0.6686343118781327,0.01988814815614348,0.007499999999999951,0.028806264939018663,0.30469271976674106,0.11674490924185743,0.11047670618904828,0.0,0.9999999987499999,0.6141791557169743,0.2899761847515627,0.3108618608741627,0.44700770904487025,sad,04,22,22,female,strong,2545
100,3.336666666666667,True,1.0,0.5646270848461147,0.5709523488876471,0.5677897168668808,0.79436078524156,-0.06921296296296292,-0.06064814814814823,0.34180287406684784,0.4038939080870596,0.18611152104827625,0.7147756125627723,0.006325264041532441,0.008564814814814692,0.02747664000840261,0.33410143429443023,0.11482650656498923,0.11263859809818628,0.0,0.9999999987499999,0.6123298240780688,0.29019590225189956,0.3049313660034641,0.4466347628913694,sad,04,22,22,female,strong,2545
110,3.6703333333333332,True,1.0,0.44838652981185084,0.4769516103158251,0.46266907006383795,0.85442777012591,-0.07435185185185184,-0.06509259259259259,0.33577259925484426,0.427055731735417,0.18611152104827625,0.5414958247385361,0.02856508050397427,0.009259259259259245,0.025340204178043065,0.3178319808875676,0.11602804120436966,0.11122935807788,0.0,0.9999999987499999,0.6130366380771057,0.29021752755519,0.30391528271704804,0.4415044790985631,sad,04,22,22,female,strong,2545
0,0.0,True,1.0,0.2914368180139077,0.29484977022370706,0.29314329411880735,0.6738141353797752,-0.0698611111111111,-0.06560185185185191,0.32119138461706936,0.4515664964947184,0.16945570055431025,0.4350506745507586,0.003412952209799369,0.004259259259259185,0.0036271185564567317,0.4068857545074636,0.11501663411882407,0.111764656654308,0.0,0.9999999987499999,0.618508498665091,0.28819183093140976,0.2908576590275145,0.440265359365261,angry,05,22,22,female,normal,2546
10,0.33366666666666667,True,1.0,0.4927057382224538,0.5194638645783759,0.5060848014004149,0.7948582629349196,-0.06393518518518515,-0.061249999999999916,0.3185645223134989,0.5130448788034477,0.16667399072449127,0.6366981699753073,0.02675812635592212,0.002685185185185235,0.0059501434201604895,0.33750000000000063,0.1179948987029506,0.10879095747907809,0.0,0.9999999987499999,0.614091606330032,0.2878448315112988,0.2981676622496535,0.44254047739770275,angry,05,22,22,female,normal,2546
20,0.6673333333333333,True,1.0,0.47161701941686235,0.4983944980896847,0.48500575875327356,1.5719365495469617,-0.06759259259259254,-0.06856481481481475,0.31266555373640775,0.8006482072241966,0.17368536281088914,0.3085402899328565,0.026777478672822375,0.0009722222222222077,0.010060208691627864,0.18948033805398914,0.11523879809817407,0.11136462663965488,0.0,0.9999999987499999,0.617106070224965,0.28961496223459104,0.31070109893725406,0.45333629547350907,angry,05,22,22,female,normal,2546
30,1.0010000000000001,True,1.0,0.36923076923076903,0.41617135462672294,0.392701061928746,1.1057893843978244,-0.06319444444444444,-0.06027777777777771,0.3507111269266524,0.4870738955085657,0.1750736626495134,0.35513187906266414,0.046940585395953915,0.002916666666666734,0.002891587745625033,0.2614319070852556,0.11231247915939407,0.11448175237121527,0.0,0.9999999987499999,0.6186751117869022,0.28853293448702966,0.30291527126262613,0.45665615077807775,angry,05,22,22,female,normal,2546
40,1.3346666666666667,True,1.0,0.3099124727916645,0.30844694535396616,0.30917970907281533,1.1582842298679703,-0.06185185185185177,-0.058611111111111,0.2933128361112043,0.5711408430259246,0.18135772660683638,0.26692904996907185,0.001465527437698344,0.0032407407407407662,0.006567359115683412,0.2623130435242403,0.11755149021720435,0.10926992128100012,0.0,0.9999999987499999,0.614367889538628,0.2893165819042685,0.3115744901000587,0.4475666881635495,angry,05,22,22,female,normal,2546
50,1.6683333333333334,True,1.0,0.4237731526823595,0.44376015698018245,0.43376665483127097,1.2163585590697954,-0.060370370370370297,-0.05611111111111111,0.34530506647881437,0.4210150218794774,0.18547590930907384,0.3566108460345706,0.019987004297822963,0.004259259259259185,0.016523670838652218,0.22895514379103765,0.11586067380885523,0.11174519499011862,0.0,0.9999999987499999,0.6118382649622348,0.2920617975581016,0.3153430934153553,0.4492766561735053,angry,05,22,22,female,normal,2546
60,2.0020000000000002,True,1.0,0.471498813707473,0.4860456701745968,0.4787722419410349,1.1713168149124997,-0.057916666666666616,-0.05342592592592593,0.3420602977481895,0.4577464291653349,0.18282301549403876,0.408747006655753,0.014546856467123837,0.004490740740740684,0.012841192205916585,0.24595323889799,0.11373785624542866,0.11272824296886254,0.0,0.9999999987499999,0.6098139416157088,0.2921983166149653,0.30533375884737207,0.44230595084201535,angry,05,22,22,female,normal,2546
70,2.3356666666666666,True,1.0,0.5117172496623484,0.5365285970091934,0.5241229233357709,1.2090144871677453,-0.056435185185185255,-0.052361111111111025,0.29321327720793117,0.5809550133143713,0.1877342286984449,0.433512525200247,0.02481134734684498,0.00407407407407423,0.007786270328936186,0.24107142857142874,0.11787812201582107,0.10856707145476968,0.0,0.9999999987499999,0.6084786738132754,0.29208613891558366,0.31007941088306,0.43785071561414685,angry,05,22,22,female,normal,2546
80,2.6693333333333333,True,1.0,0.41788885917698976,0.4444444444444443,0.431166651810717,0.941507096140368,-0.05472222222222223,-0.05087962962962972,0.32360957316873884,0.4350904004891095,0.18706063994881553,0.457953693156695,0.02655558526745455,0.0038425925925925086,0.00763539237613088,0.2828777759838103,0.10177473148966654,0.11300885008308631,0.0,0.9999999987499999,0.6493937264905962,0.31523690483260786,0.28140098796824214,0.44622287588749665,angry,05,22,22,female,normal,2546
90,3.003,True,1.0,0.4713348139423721,0.5218284613318055,0.4965816376370888,0.7648003822823536,-0.05527777777777776,-0.05134259259259266,0.31819571061231494,0.40402273102464137,0.18363645521349165,0.6492957497682811,0.050493647389433405,0.003935185185185097,0.006659031316119931,0.36082873527016485,0.11676240529460255,0.10959241495823023,0.0,0.9999999987499999,0.6056313928774635,0.292678812804725,0.2942978975818841,0.4257522727105652,angry,05,22,22,female,normal,2546
100,3.336666666666667,True,1.0,0.4852638409774289,0.5080677745386473,0.4966658077580381,0.7384049219206918,-0.05625000000000002,-0.051851851851851816,0.3249786196258964,0.3975793897390999,0.18432975767925475,0.6726198499139776,0.022803933561218348,0.0043981481481482065,0.004227673414929009,0.3682693378464377,0.1135130783006114,0.10635218735245866,0.0,0.9999999987499999,0.622569539948792,0.29310705531202913,0.2719190088070491,0.38674135852454716,angry,05,22,22,female,normal,2546
110,3.6703333333333332,True,1.0,0.2541689881669105,0.25575790639009494,0.25496344727850273,0.7497108154895391,-0.07009259259259254,-0.0652314814814815,0.32743785480657367,0.4165060086052999,0.18294316141040504,0.3400823917846498,0.0015889182231844101,0.004861111111111038,0.009786198885620427,0.3650533419550695,0.11817612337280686,0.10841848765931683,0.0,0.9999999987499999,0.6026707253995348,0.2919629938376142,0.29737432467829283,0.4242590612307936,angry,05,22,22,female,normal,2546
0,0.0,True,1.0,0.5606896872778327,0.5604741696766692,0.560581928477251,0.6625460657281163,-0.05912037037037038,-0.056574074074074165,0.3275343518278363,0.42995010648314,0.17152955693100014,0.8461025692774885,0.00021551760116356178,0.0025462962962962132,0.0029947385078176133,0.41942298862923005,0.11768797197514891,0.10877316721664525,0.0,0.9999999987499999,0.6140556515653136,0.2879609738908582,0.2985593399380921,0.4465015707335575,angry,05,22,22,female,normal,2547
10,0.33366666666666667,True,1.0,0.4104005903551323,0.45073544102110336,0.43056801568811787,0.6802931473886554,-0.060555555555555474,-0.05754629629629621,0.33167784798166433,0.416506008605299,0.17291843152964811,0.6329154091010296,0.040334850665971034,0.003009259259259267,0.00281393236599532,0.3788265306122447,0.11837886125490789,0.10837303057992155,0.0,0.9999999987499999,0.6126727370635754,0.2862928960481658,0.3009512735157937,0.4432486700554962,angry,05,22,22,female,normal,2547
20,0.6673333333333333,True,1.0,0.49843484064349997,0.5237638626176591,0.5110993516305795,1.2912630928295064,-0.06541666666666668,-0.06027777777777782,0.3290898605490328,0.6386425465281254,0.17222399420151366,0.3958134902706951,0.025329021974159094,0.0051388888888888595,0.008296676342486865,0.23007326415030485,0.11434067771726862,0.11262538775868261,0.0,0.9999999987499999,0.6123886463804271,0.2868739949487068,0.31021766217689173,0.4584139399954724,angry,05,22,22,female,normal,2547
30,1.0010000000000001,True,1.0,0.19682682858205583,0.18569415414852292,0.1912604913652894,0.9588922772079562,-0.06513888888888891,-0.06166666666666659,0.39573386071071437,0.2806249891284843,0.18197840664028836,0.19945983079787644,0.011132674433532913,0.003472222222222321,0.0008400844560091893,0.28122353459331323,0.11426820205944375,0.11286784526323179,0.0,0.9999999987499999,0.6140720795349389,0.2914008346341475,0.32472953590552833,0.46964492580523237,angry,05,22,22,female,normal,2547
40,1.3346666666666667,True,1.0,0.4377135025044705,0.4361411591766815,0.436927330840576,1.0457853969472983,-0.055324074074074026,-0.05125000000000007,0.30984270985075657,0.5378151260504198,0.17504359111107873,0.41779827115198725,0.0015723433277889942,0.004074074074073952,0.0043721413636764244,0.2735786807994391,0.11742510780047012,0.1097534532586372,0.0,0.9999999987499999,0.6087405990208584,0.2871815117347562,0.3081619712948683,0.4426608169472989,angry,05,22,22,female,normal,2547
50,1.6683333333333334,True,1.0,0.4907062274433764,0.5052276037105929,0.4979669155769847,1.0613861030132208,-0.056203703703703645,-0.05430555555555561,0.34623861731170524,0.4510779436152576,0.1771561297216669,0.4691666059723998,0.014521376267216557,0.0018981481481480378,0.003867826651444422,0.25342718958709337,0.11455508836869603,0.1129146231459475,0.0,0.9999999987499999,0.6091751946012781,0.2885203622972951,0.3022410213595381,0.4403443258142468,angry,05,22,22,female,normal,2547
60,2.0020000000000002,True,1.0,0.20166673031766869,0.20635255691203144,0.20400964361485008,0.9708493951981807,-0.06898148148148148,-0.0644444444444443,0.33591682388668553,0.4170550218809083,0.17861067320152157,0.21013521213885633,0.0046858265943627575,0.004537037037037173,0.013923240862167306,0.285211267605634,0.11648130062830878,0.1104100319398167,0.0,0.9999999987499999,0.6111651915141056,0.28765299462100546,0.3064066798121751,0.44074670364197377,angry,05,22,22,female,normal,2547
70,2.3356666666666666,True,1.0,0.5167906741963529,0.5120087449584215,0.5143997095773872,1.0916531775151617,-0.05837962962962967,-0.05314814814814811,0.2975347630623395,0.4990253411306038,0.18275957330591067,0.47121166334922604,0.004781929237931415,0.005231481481481559,0.002632196288936564,0.25753106221454247,0.1165577357483574,0.10858878077896605,0.0,0.9999999987499999,0.6113412056072428,0.28847337221317976,0.30520118351181397,0.43900638090584426,angry,05,22,22,female,normal,2547
80,2.6693333333333333,True,1.0,0.5301438064173116,0.55556094322968,0.5428523748234958,0.9658641523619791,-0.05685185185185182,-0.053657407407407376,0.319361946571353,0.4685161933099147,0.17933691644693361,0.5620380190070972,0.025417136812368346,0.003194444444444444,0.0007564360886936738,0.2703100041235046,0.1157693466508171,0.10977657010868017,0.0,0.9999999987499999,0.608384676855117,0.28842738848182886,0.30185325785143785,0.4396054382482272,angry,05,22,22,female,normal,2547
90,3.003,True,1.0,0.5223695058549811,0.5696588989439052,0.5460142023994432,0.7735204032183226,-0.0571296296296297,-0.05300925925925931,0.31985288305055865,0.42254840729134874,0.1785957222481236,0.7058820945481036,0.0472893930889241,0.004120370370370385,0.004701066621770552,0.3541474534588154,0.11759046877989204,0.10887856679048612,0.0,0.9999999987499999,0.6092626572035064,0.2866003179259517,0.3015255485865394,0.4386718153208797,angry,05,22,22,female,normal,2547
100,3.336666666666667,True,1.0,0.5345080645831729,0.5475490492840015,0.5410285569335872,0.7513109839280511,-0.05564814814814806,-0.05194444444444446,0.3187318742509538,0.4189758440882298,0.1785957222481236,0.7201126677330709,0.013040984700828595,0.003703703703703598,0.002515831853035354,0.3785836200592515,0.1180166218048307,0.10824062862098542,0.0,0.9999999987499999,0.6083750437753226,0.2869704671888305,0.3024559393026088,0.4354325396124717,angry,05,22,22,female,normal,2547
110,3.6703333333333332,True,1.0,0.24871722235460117,0.24126440069290964,0.2449908115237554,0.7489880024788307,-0.0696296296296296,-0.06416666666666665,0.3111752493911884,0.4112090994001422,0.1806924102405461,0.32709577551701813,0.007452821661691533,0.005462962962962947,0.005109434755876635,0.38602941176470607,0.1168536020266248,0.10966903094005276,0.0,0.9999999987499999,0.6095207714179423,0.2870389589005675,0.2997945941681075,0.4363802636484372,angry,05,22,22,female,normal,2547
0,0.0,True,1.0,0.49236389729886576,0.48414644936684337,0.48825517333285456,0.6910829265952204,-0.06263888888888891,-0.060277777777777874,0.3298456656796576,0.4231119958746249,0.16736521383896144,0.7065073590203659,0.008217447932022393,0.002361111111111036,0.0060212164643565075,0.36734693877551006,0.11642641873169571,0.11012243039004055,0.0,0.9999999987499999,0.6166703350793443,0.28994828563767655,0.2987477032262814,0.44925158159387363,angry,05,22,22,female,normal,2548
10,0.33366666666666667,True,1.0,0.22113569391100232,0.23802777665657338,0.22958173528378784,0.8204721621471854,-0.07574074074074078,-0.07157407407407412,0.3358920209994013,0.4307289570245446,0.16597406092804148,0.27981660545675274,0.016892082745571052,0.004166666666666652,0.0038288361671765235,0.318735993354923,0.11354092672233412,0.11326350939245619,0.0,0.9999999987499999,0.6198198170283737,0.29156713050024974,0.2967893028447721,0.4415153178365704,angry,05,22,22,female,normal,2548
20,0.6673333333333333,True,1.0,0.46281134527046686,0.49096468308153346,0.47688801417600013,1.5297285154271685,-0.08305555555555555,-0.0794907407407407,0.29946505695169495,0.8807385652572904,0.17449847551568037,0.31174682917042423,0.028153337811066603,0.003564814814814854,0.004200194496112262,0.19317870000741003,0.11050974074844833,0.11556533221643031,0.0,0.9999999987499999,0.6154312332667442,0.29767200335180344,0.2932512042881347,0.4346562380469444,angry,05,22,22,female,normal,2548
30,1.0010000000000001,True,1.0,0.42329880310887485,0.4349161910043886,0.42910749705663176,1.1175933377248919,-0.07421296296296298,-0.06615740740740739,0.3039725415902042,0.6200346599706595,0.18134468499349693,0.3839567421994255,0.011617387895513753,0.008055555555555594,0.0153506072202736,0.2557525097935818,0.11437327856312765,0.11037060469914843,0.0,0.9999999987499999,0.6136506186693428,0.28957630463377054,0.3079990883907837,0.4508301404575052,angry,05,22,22,female,normal,2548
40,1.3346666666666667,True,1.0,0.43760683760683716,0.44427307584565223,0.4409399567262447,0.9675080526992412,-0.0637037037037037,-0.05773148148148144,0.3222362489169021,0.5414966178345332,0.18003070417674166,0.455748099972988,0.00666623823881507,0.005972222222222268,0.009371492274190487,0.3022281549128828,0.11299784545536981,0.11228853902221417,0.0,0.9999999987499999,0.6179357154346113,0.29139614011231246,0.3050564444720811,0.4504950173680434,angry,05,22,22,female,normal,2548
50,1.6683333333333334,True,1.0,0.30528442158506197,0.3516474909204698,0.32846595625276587,0.8871177258645857,-0.06407407407407406,-0.05972222222222234,0.3557532278025558,0.38479988507075974,0.1773110993101816,0.3702619693825221,0.04636306933540785,0.004351851851851718,0.0073246297437935546,0.3063773412016004,0.11163619868088201,0.11347459746443553,0.0,0.9999999987499999,0.6169898384822678,0.2910572425407982,0.30631847673049517,0.4546067011795676,angry,05,22,22,female,normal,2548
60,2.0020000000000002,True,1.0,0.5440518552915964,0.5732579571457971,0.5586549062186967,0.6390167937038056,-0.08245370370370375,-0.0824537037037037,0.33137972319639536,0.312383806223579,0.20794767273289688,0.8742413528456376,0.029206101854200694,5.551115123125783e-17,0.004916675275989185,0.40058551386401187,0.11315902965872263,0.11161519268221051,0.0,0.9999999987499999,0.6151722938472264,0.2938947378977922,0.3083401749741419,0.4410381031839515,angry,05,22,22,female,normal,2548
70,2.3356666666666666,True,1.0,0.4578795073881874,0.4944539753797999,0.4761667413839936,0.9468166886031774,-0.05874999999999997,-0.05810185185185185,0.3181681820946003,0.5028216082137853,0.18426642021493544,0.5029133380469607,0.036574467991612514,0.0006481481481481199,0.006023822172326005,0.3079067430878181,0.11286887148891783,0.11173822592129358,0.0,0.9999999987499999,0.6115853524300344,0.29320543028879703,0.3021875737287698,0.4424418374835268,angry,05,22,22,female,normal,2548
80,2.6693333333333333,True,1.0,0.5471166987022772,0.5499529288091929,0.5485348137557351,1.1235924957005508,-0.05925925925925929,-0.05800925925925926,0.29933347717716996,0.5300792166874169,0.18424695923669343,0.4881972920384522,0.0028362301069156937,0.0012500000000000289,0.001369922041163181,0.23015593494125486,0.1124736399899989,0.11230582147866898,0.0,0.9999999987499999,0.6027210769307723,0.2967257911973113,0.2950770718067098,0.432103190466698,angry,05,22,22,female,normal,2548
90,3.003,True,1.0,0.4983661953287824,0.5414038296820219,0.5198850125054022,0.83622456134523,-0.05851851851851847,-0.056064814814814845,0.331446393473468,0.43929237525353476,0.18079878115456227,0.6217050258235252,0.04303763435323954,0.0024537037037036247,0.0034944278708195675,0.31638203601512777,0.11505443310544262,0.11035311705652656,0.0,0.9999999987499999,0.6057609707007803,0.29554717366451205,0.2980820573348087,0.4347704340147995,angry,05,22,22,female,normal,2548
100,3.336666666666667,True,1.0,0.5252806308616597,0.5640339983262662,0.5446573145939629,0.773288693851786,-0.05638888888888893,-0.053333333333333344,0.33247040166071146,0.4077127163485451,0.18212927311106017,0.7043389085142319,0.03875336746460656,0.003055555555555589,0.002070484762120477,0.3277602477398318,0.11487392599644349,0.11054100663260222,0.0,0.9999999987499999,0.6050603661777211,0.29607807531671915,0.2955916497283867,0.4329218730733318,angry,05,22,22,female,normal,2548
110,3.6703333333333332,True,1.0,0.5438604356978258,0.5697527433124211,0.5568065895051235,0.7664394903349411,-0.05759259259259264,-0.0534259259259261,0.32941772602386465,0.4043123610393391,0.1807599545835244,0.7264847343158087,0.025892307614595267,0.004166666666666541,0.0017078787795200986,0.3544774380315404,0.11434707647896948,0.11142839412252577,0.0,0.9999999987499999,0.6082070261229492,0.29475142686386924,0.29428349973391116,0.43487852099371305,angry,05,22,22,female,normal,2548
0,0.0,True,1.0,0.4654189414365315,0.4845607350331767,0.4749898382348541,0.6858470677963379,-0.0639351851851852,-0.06148148148148147,0.3289222144991132,0.46889544430974195,0.1680573714677488,0.6925594065175799,0.019141793596645196,0.0024537037037037357,0.010500453776746422,0.36791339545550955,0.11767855534761396,0.10930750252281503,0.0,0.9999999987499999,0.6191812235753675,0.2895880271675918,0.3015073263969615,0.4500782288465659,angry,05,22,22,female,normal,2549
10,0.33366666666666667,True,1.0,0.4925480182640646,0.5189960753324016,0.5057720467982331,0.6912892193692811,-0.0628703703703703,-0.06037037037037035,0.3272181000465515,0.4585081557041151,0.1694484967301334,0.7316359529802731,0.026448057068336972,0.0024999999999999467,0.009272008193677482,0.3679133954555081,0.11722829146376662,0.10979025538186445,0.0,0.9999999987499999,0.6173048212878902,0.2902825342412972,0.3021161263518789,0.44792361063034813,angry,05,22,22,female,normal,2549
20,0.6673333333333333,True,1.0,0.47845355948008317,0.5048545604859573,0.49165405998302025,1.709589262085164,-0.06712962962962965,-0.06435185185185183,0.2951514113918994,0.9175196343892794,0.17243649951858514,0.28758607162948374,0.02640100100587417,0.0027777777777778234,0.0078961381065209,0.1806168610418647,0.1126362486355974,0.11332572680924509,0.0,0.9999999987499999,0.6110376785401661,0.2918722925894893,0.30367944173783595,0.4524721847303032,angry,05,22,22,female,normal,2549
30,1.0010000000000001,True,1.0,0.33147646391369073,0.3715620577529876,0.3515192608333392,1.364936625451431,-0.06212962962962959,-0.05837962962962967,0.29374138362287094,0.7062602398892086,0.17453694649463622,0.257535224917186,0.040085593839296885,0.00374999999999992,0.0018664385876923102,0.22268274778626146,0.11541392437629865,0.10997708434610862,0.0,0.9999999987499999,0.610317465955132,0.29388099435808995,0.30923666266153055,0.4463700871417349,angry,05,22,22,female,normal,2549
40,1.3346666666666667,True,1.0,0.4784535594800842,0.47978935739766737,0.47912145843887577,0.9740482385673723,-0.056111111111111056,-0.050694444444444375,0.3226252642828967,0.5159365664742882,0.1739802986468589,0.49188678698661414,0.001335797917583148,0.005416666666666681,0.01012261405038202,0.3025111735369097,0.11595505971584566,0.10940638531436424,0.0,0.9999999987499999,0.6108905529164791,0.29255610572667357,0.3081741446841912,0.4429346754264981,angry,05,22,22,female,normal,2549
50,1.6683333333333334,True,1.0,0.45137566021295755,0.44457366000592646,0.447974660109442,0.7589693641116092,-0.05435185185185187,-0.05175925925925917,0.38092056631673704,0.26301785054190047,0.17616669952500277,0.5902407676676205,0.006802000207031089,0.002592592592592702,0.005829692867498621,0.3550643247036731,0.1140287791977541,0.11158348660575673,0.0,0.9999999987499999,0.6108269419408389,0.29364664182538686,0.3096128196795834,0.4513311896196091,angry,05,22,22,female,normal,2549
60,2.0020000000000002,True,1.0,0.45137566021295644,0.4724806533451855,0.46192815677907095,0.5963537292854738,-0.05731481481481482,-0.054629629629629584,0.33991007131326745,0.2080125735844612,0.18353463882922375,0.7745875209542733,0.021104993132229077,0.002685185185185235,0.006706743823798578,0.4061547921184685,0.11540651240353145,0.11015794961518638,0.0,0.9999999987499999,0.606108077301233,0.2970972993828598,0.30282808618542023,0.43316721580720463,angry,05,22,22,female,normal,2549
70,2.3356666666666666,True,1.0,0.43052677598494155,0.4513194622662648,0.44092311912560317,0.6448070141951816,-0.06481481481481483,-0.05680555555555561,0.3545106410751957,0.2960653462016724,0.18370748545629167,0.683806331846348,0.020792686281323247,0.008009259259259216,0.0108269237539315,0.3793508523806836,0.11560181599465474,0.10995297680065799,0.0,0.9999999987499999,0.608923568951018,0.2931657019639056,0.3145067345091881,0.44763082285734945,angry,05,22,22,female,normal,2549
80,2.6693333333333333,True,1.0,0.4650844925870313,0.4729239031420877,0.4690041978645595,1.1533384342340265,-0.06453703703703706,-0.056851851851851876,0.2812085573246301,0.4930284413053152,0.18779639659020517,0.4066492401044816,0.007839410555056436,0.007685185185185184,0.005698388362023974,0.22869009970733759,0.11236915762625545,0.11241036271169323,0.0,0.9999999987499999,0.6020527644729766,0.2972805290615758,0.29826783116815314,0.43489998044077843,angry,05,22,22,female,normal,2549
90,3.003,True,1.0,0.5118910248162172,0.5358893986497912,0.5238902117330042,0.9268834373849635,-0.05675925925925923,-0.052870370370370345,0.31749968538184337,0.44135547347794446,0.18093545187037785,0.5652169308484647,0.02399837383357406,0.003888888888888886,0.00020987660109237697,0.29505834266142333,0.11668751656687067,0.10880009396357479,0.0,0.9999999987499999,0.5980382597492122,0.28873416380615324,0.2946271618540896,0.42328331881095077,angry,05,22,22,female,normal,2549
100,3.336666666666667,True,1.0,0.5121428950922565,0.5298407339585246,0.5209918145253906,0.8421782199516806,-0.05587962962962967,-0.05115740740740743,0.31560372816264026,0.4506172816434014,0.18157971088822122,0.6186241845048926,0.01769783886626808,0.004722222222222239,0.005645294161819374,0.33596830685767853,0.11677869953800114,0.10852680938564589,0.0,0.9999999987499999,0.5998568249565452,0.2875050903145717,0.2884773831210137,0.41075866561093644,angry,05,22,22,female,normal,2549
110,3.6703333333333332,True,1.0,0.5174461791015876,0.5410578059823116,0.5292519925419497,0.8184236985174366,-0.055555555555555525,-0.05050925925925931,0.31255073628612456,0.461269234263149,0.17878358615153658,0.6466723697037151,0.023611626880723935,0.0050462962962962155,0.0027491723367596256,0.3379717161542596,0.11470655798182268,0.10950347457551746,0.0,0.9999999987499999,0.6030894973067351,0.28692144976488393,0.2831547011407622,0.40878522888395447,angry,05,22,22,female,normal,2549
120,4.0040000000000004,True,1.0,0.533082580626253,0.5509608199686715,0.5420217002974623,0.8025214987525917,-0.05532407407407414,-0.05009259259259252,0.3155263164351996,0.43831941138574637,0.17952442970375948,0.6753983552340465,0.0178782393424185,0.005231481481481615,0.006487932842995068,0.34566449812099737,0.1162593285863036,0.10696660304815492,0.0,0.9999999987499999,0.6027282911133203,0.2874180952296514,0.28568201896545914,0.4103260589638991,angry,05,22,22,female,normal,2549
0,0.0,True,1.0,0.5123448004983072,0.5188824038108791,0.5156136021545932,0.661292987332211,-0.06444444444444442,-0.061759259259259236,0.33430962743991377,0.44083172308172125,0.16875406896136053,0.7797052320707077,0.006537603312571916,0.0026851851851851793,0.003922505154126222,0.3984101442855683,0.11633579339636306,0.11039088629100431,0.0,0.9999999987499999,0.6169967534670119,0.2871218807060251,0.2973377205699348,0.4454688380613093,angry,05,22,22,female,strong,2550
10,0.33366666666666667,True,1.0,0.5335553264845868,0.5331339662778074,0.533344646381197,0.6592272589253351,-0.06402777777777774,-0.06129629629629629,0.3197189825600022,0.42993082103826163,0.1687518084393839,0.8090451952042298,0.00042136020677940866,0.002731481481481446,0.0014755776388924986,0.4035326086956527,0.11657939072894558,0.11030645586773655,0.0,0.9999999987499999,0.6158733646505478,0.286640475749546,0.29757391397709526,0.44265170701521317,angry,05,22,22,female,strong,2550
20,0.6673333333333333,True,1.0,0.505907561781026,0.5261851474404934,0.5160463546107596,1.62721646064052,-0.06666666666666665,-0.06171296296296297,0.3393659387435189,0.7589034004718188,0.17293254978509276,0.31713442378012124,0.020277585659467356,0.004953703703703682,0.009518080836435504,0.1890735179821822,0.1138319227959072,0.11313956823815206,0.0,0.9999999987499999,0.6199363644285839,0.29915261588828906,0.3175341125271968,0.45018703473780175,angry,05,22,22,female,strong,2550
30,1.0010000000000001,True,1.0,0.42405240294599306,0.4581566094658288,0.4411045062059109,0.9453383624729368,-0.06027777777777776,-0.05750000000000005,0.4095765825316141,0.2904286105367625,0.17574697989839716,0.4666101828894507,0.034104206519835756,0.0027777777777777124,0.0006993100509688903,0.28463201783166486,0.11305945912849223,0.1129035144055498,0.0,0.9999999987499999,0.6136939380517833,0.2911315076938063,0.32556066968558506,0.47833364919221655,angry,05,22,22,female,strong,2550
40,1.3346666666666667,True,1.0,0.20509169758707002,0.19844834488129415,0.20177002123418208,1.3685908100590947,-0.06995370370370374,-0.06592592592592589,0.2942946337719996,0.66855050264501,0.1771561297216669,0.14742903412121394,0.0066433527057758734,0.004027777777777852,0.006753346858019124,0.2198229916341934,0.11450648671179561,0.11143567366235026,0.0,0.9999999987499999,0.6095948827108968,0.2890893978731312,0.3124628861119569,0.45836894822897467,angry,05,22,22,female,strong,2550
50,1.6683333333333334,True,1.0,0.504145936981758,0.5236521103052766,0.5138990236435172,1.7024044325980388,-0.06333333333333335,-0.06027777777777776,0.30803268309991744,0.7615649011287049,0.17639580927478637,0.3018665916296142,0.01950617332351856,0.003055555555555589,0.015280253764756769,0.17268895990520175,0.11553054089400235,0.11089026479914753,0.0,0.9999999987499999,0.6081181144254577,0.2918321542762247,0.320964107088343,0.45866602700367975,angry,05,22,22,female,strong,2550
60,2.0020000000000002,True,1.0,0.4981358199740402,0.5189960753324016,0.5085659476532209,0.5747680904378611,-0.05879629629629629,-0.05444444444444452,0.34632572822818414,0.3140905718783404,0.17366427679865595,0.8848193838767091,0.020860255358361335,0.0043518518518517735,0.0098234485273853,0.45839986091475443,0.11617589770574696,0.11021396235792535,0.0,0.9999999987499999,0.614529043617447,0.28499513601177257,0.3031411534587223,0.4429688340578435,angry,05,22,22,female,strong,2550
70,2.3356666666666666,True,1.0,0.4912572565609348,0.47804504122167524,0.484651148891305,0.935593932158887,-0.056620370370370376,-0.05152777777777773,0.3298204460858658,0.46779696607944404,0.17434932029289182,0.5180144208214031,0.013212215339259537,0.0050925925925926485,0.005835780152721338,0.320423333607249,0.11660614832356177,0.11027816974423009,0.0,0.9999999987499999,0.6090583819777912,0.28789338754284666,0.313309035836342,0.4480050483255596,angry,05,22,22,female,strong,2550
80,2.6693333333333333,True,1.0,0.5556565691904173,0.5606852459435315,0.5581709075669744,1.074017883586809,-0.05430555555555555,-0.05157407407407405,0.3336040154327261,0.47504637158647284,0.17579212179171347,0.5197035506549453,0.005028676753114247,0.0027314814814815014,0.004566527885360874,0.24552725571809736,0.11739951188993296,0.10908444097210102,0.0,0.9999999987499999,0.6029464746210984,0.2895106046279777,0.31121762417925497,0.44083715811236446,angry,05,22,22,female,strong,2550
90,3.003,True,1.0,0.5694604570844036,0.5523965080668158,0.5609284825756098,0.7742021470363734,-0.05546296296296288,-0.05162037037037043,0.34324069138017316,0.4004305552816986,0.17300312378010296,0.724524576330394,0.017063949017587787,0.003842592592592453,0.0020141476894267895,0.3398612666923455,0.11754232764856747,0.10875549603404552,0.0,0.9999999987499999,0.6039166519263957,0.2864782441870389,0.30308056637199227,0.43849513587359645,angry,05,22,22,female,strong,2550
100,3.336666666666667,True,1.0,0.21605415624191873,0.2247715269700619,0.2204128416059903,0.7217400375076759,-0.06787037037037047,-0.0635648148148148,0.3427565650261103,0.3809183531290511,0.17715612972166692,0.3053909027509731,0.008717370728143159,0.0043055555555556735,0.011997871002794874,0.36458333333333354,0.11778057471081091,0.10919756736158834,0.0,0.9999999987499999,0.6057224692455108,0.2863809660061449,0.30262474919314325,0.43407058252957326,angry,05,22,22,female,strong,2550
110,3.6703333333333332,True,1.0,0.5226784621145358,0.5357646467155374,0.5292215544150366,0.7503936184180852,-0.05694444444444435,-0.053240740740740866,0.3489544938674351,0.3949247801420799,0.17642392055103365,0.7052586021862708,0.013086184601001527,0.003703703703703487,0.002151353881101282,0.3458231694563047,0.11945295957833992,0.10754286072321273,0.0,0.9999999987499999,0.6049775953193778,0.28646283700593944,0.3077248930281761,0.4385025346112762,angry,05,22,22,female,strong,2550
0,0.0,True,1.0,0.5100161209043841,0.5171267609889147,0.5135714409466494,0.6338760711606338,-0.06328703703703714,-0.05921296296296291,0.3342250806123884,0.4202873950086808,0.16805600953544347,0.8102079638474042,0.007110640084530662,0.00407407407407423,0.00161346972475716,0.39130434782608736,0.1174617187463878,0.10796379762615857,0.0,0.9999999987499999,0.6127691617428221,0.2864214196465365,0.3003536033226741,0.44907235239740395,angry,05,22,22,female,strong,2551
10,0.33366666666666667,True,1.0,0.5257904416548148,0.5325372039111649,0.5291638227829898,0.6891047574490045,-0.06291666666666673,-0.06013888888888891,0.333161130138888,0.45478036175710523,0.16736156697472787,0.7679004056537069,0.0067467622563500695,0.0027777777777778234,0.007178140110414102,0.35997722091221135,0.11705588915115396,0.10910440675759123,0.0,0.9999999987499999,0.6129492827287165,0.2861448046386772,0.2992879721633998,0.449209526680358,angry,05,22,22,female,strong,2551
20,0.6673333333333333,True,1.0,0.32285350774182237,0.3486432271461184,0.3357483674439704,1.3683932807853356,-0.08106481481481487,-0.07643518518518516,0.3573221202673714,0.6074643068906862,0.1778052414767488,0.24535955573479637,0.02578971940429603,0.004629629629629706,0.0005854313875416692,0.21048795569262027,0.11162745422064768,0.11415275896705057,0.0,0.9999999987499999,0.6198746741040166,0.297061864373655,0.315575990972317,0.45474051721488873,angry,05,22,22,female,strong,2551
30,1.0010000000000001,True,1.0,0.41750841750841744,0.43757837844312986,0.4275433979757737,0.8502804539258675,-0.0639351851851852,-0.06125000000000003,0.4213274383374523,0.2263492102471756,0.17710444305856665,0.502826327480238,0.020069960934712416,0.0026851851851851793,0.0016202944635445938,0.32165649921155964,0.11356120737006058,0.11154809414076133,0.0,0.9999999987499999,0.6107724552633553,0.2904571110180178,0.3288368972877218,0.48188921634654847,angry,05,22,22,female,strong,2551
40,1.3346666666666667,True,1.0,0.4787597062622459,0.45060840330944735,0.4646840547858466,1.3127138064606763,-0.05847222222222226,-0.05467592592592602,0.30137069390201426,0.6717417621340896,0.17502789956175557,0.35398732952974904,0.02815130295279855,0.003796296296296242,0.007671930165815694,0.23821443066181833,0.11648685273038804,0.11092066323501737,0.0,0.9999999987499999,0.6099140399441026,0.28842250072681896,0.3168704118493511,0.45848911445224516,angry,05,22,22,female,strong,2551
50,1.6683333333333334,True,1.0,0.30950907869902905,0.29442662965605837,0.3019678541775437,1.0513372508397547,-0.06708333333333333,-0.06217592592592591,0.36511865951919514,0.3379222541308471,0.17501569405074083,0.28722263378030893,0.01508244904297068,0.004907407407407416,0.006218772578237683,0.2547368960572324,0.11535381157620855,0.11226835036567466,0.0,0.9999999987499999,0.60738817548113,0.28915365778487817,0.30733851626290215,0.4475093212334229,angry,05,22,22,female,strong,2551
60,2.0020000000000002,True,1.0,0.5253646932901731,0.5325372039111654,0.5289509486006693,1.1309282984223858,-0.06050925925925932,-0.05356481481481479,0.34173070060263,0.49813581997403966,0.17711090471635121,0.4677139561708213,0.007172510620992334,0.006944444444444531,0.01826969609858492,0.2547368960572326,0.11745026864475586,0.11041886899294012,0.0,0.9999999987499999,0.6036152255433423,0.2896566388414499,0.3065571049705997,0.44006412361652103,angry,05,22,22,female,strong,2551
70,2.3356666666666666,True,1.0,0.5159960847417436,0.4830003220738248,0.4994982034077842,1.037833280165134,-0.056944444444444464,-0.053472222222222254,0.32396173941895745,0.5686588883100672,0.18406135556647352,0.48128944499477505,0.032995762667918815,0.00347222222222221,0.009125991011447251,0.277389025490843,0.11807075873963373,0.10923312832024183,0.0,0.9999999987499999,0.6039893196419192,0.2868475704172392,0.3160034861549448,0.4464912073840436,angry,05,22,22,female,strong,2551
80,2.6693333333333333,True,1.0,0.6129311386561405,0.578484025847008,0.5957075822515743,1.1571289932852193,-0.05601851851851852,-0.05199074074074067,0.33744934188773723,0.4968739232554454,0.17920924427469404,0.5148151897571017,0.034447112809132485,0.004027777777777852,0.005012365706165342,0.23280462654468773,0.11710247876269676,0.11061554029304976,0.0,0.9999999987499999,0.6009254204181673,0.2889364860379801,0.31252675770226274,0.441642204961547,angry,05,22,22,female,strong,2551
90,3.003,True,1.0,0.5702163867154111,0.596991435664052,0.5836039111897315,0.8197272499995834,-0.05564814814814817,-0.053981481481481464,0.33744180483722364,0.40984620022920565,0.1820048173001131,0.7119488966482792,0.02677504894864091,0.0016666666666667052,0.00028418166091959894,0.33235761268587094,0.12019270473206203,0.10742721239909073,0.0,0.9999999987499999,0.6018359573829531,0.28361770061173425,0.31129235136608785,0.43727590415077666,angry,05,22,22,female,strong,2551
100,3.336666666666667,True,1.0,0.39773005037257225,0.4378771867896172,0.4178036185810947,0.7674357912851982,-0.05898148148148141,-0.057685185185185284,0.33596875272434795,0.4038939080870594,0.1833836804240681,0.5444150811384668,0.040147136417044926,0.0012962962962961289,0.0009610034563480138,0.3651138009424264,0.11911844231554014,0.10844162018030083,0.0,0.9999999987499999,0.602407029452406,0.2834406847843006,0.3053873330723828,0.43515158900635237,angry,05,22,22,female,strong,2551
110,3.6703333333333332,True,1.0,0.5414253086667877,0.5707749245810511,0.5561001166239194,0.7485089074978525,-0.05513888888888885,-0.05185185185185193,0.3401838389387958,0.4076494656293353,0.18058259679984479,0.7429438862429502,0.029349615914263327,0.0032870370370369217,0.0022779862962809946,0.3615889020881889,0.11939400867459019,0.108489939047843,0.0,0.9999999987499999,0.6030153778542667,0.28301710965284604,0.30683397239934607,0.4364370326319106,angry,05,22,22,female,strong,2551
0,0.0,True,1.0,0.5281518525159421,0.5059138809386207,0.5170328667272814,0.6625460657281163,-0.06050925925925932,-0.06000000000000005,0.3275622851477674,0.4440468312858648,0.16875406896136058,0.7803727068533407,0.022237971577321436,0.0005092592592592649,0.0025955960606254256,0.40691489361702204,0.11526651033454345,0.11133594320314526,0.0,0.9999999987499999,0.6145366614223814,0.28769952680845157,0.29328829610146334,0.44512689840620573,angry,05,22,22,female,strong,2552
10,0.33366666666666667,True,1.0,0.5196914623825367,0.5061030689610918,0.5128972656718143,0.70488084164344,-0.0627314814814815,-0.06171296296296297,0.32838714157850063,0.45814355608859064,0.1701393373098541,0.7276368364275397,0.013588393421444911,0.0010185185185185297,0.0048215245624502485,0.39372508537273004,0.11450973016045149,0.11228395388335459,0.0,0.9999999987499999,0.6138273490021009,0.287814193053547,0.2922056554620746,0.44662023189461764,angry,05,22,22,female,strong,2552
20,0.6673333333333333,True,1.0,0.5316604979144294,0.5452791074865128,0.5384698027004711,1.6823277624327233,-0.06462962962962954,-0.0673611111111111,0.29016429488688367,0.8808414227831716,0.1694444444444444,0.3200742534985091,0.013618609572083384,0.002731481481481557,0.005593455390459949,0.1751179245283017,0.11518904495926756,0.11090190590199754,0.0,0.9999999987499999,0.6129291634231817,0.2897873298135743,0.30703191786250184,0.454149366649369,angry,05,22,22,female,strong,2552
30,1.0010000000000001,True,1.0,0.3808007962871607,0.3803471256988607,0.38057396099301066,1.2996835220551821,-0.06861111111111112,-0.06310185185185185,0.3106860843436712,0.6497874372827105,0.17782068794340958,0.2928204863220942,0.0004536705882999814,0.005509259259259269,0.004017724657411576,0.22010948277092093,0.11297576171845551,0.11248026620210291,0.0,0.9999999987499999,0.6104368824092137,0.2902611501001931,0.31372925144526825,0.46193495290704367,angry,05,22,22,female,strong,2552
40,1.3346666666666667,True,1.0,0.43787824533532693,0.4377135025044705,0.4377958739198987,1.1250000000000007,-0.05157407407407405,-0.04810185185185184,0.3324356367232466,0.5138888888888894,0.1729700458052686,0.3891518879287986,0.0001647428308564347,0.00347222222222221,0.001954235414143661,0.2711145703106349,0.11424225980005358,0.1133992522665558,0.0,0.9999999987499999,0.6065882166616647,0.28932089441216796,0.3103600643293626,0.4572782085588748,angry,05,22,22,female,strong,2552
50,1.6683333333333334,True,1.0,0.13474984304230542,0.12456821978060939,0.1296590314114574,0.7875631047156602,-0.06675925925925924,-0.06444444444444442,0.39059267125164393,0.2879489043364881,0.17851496546228482,0.1646331965465411,0.010181623261696027,0.002314814814814825,0.004236649045660941,0.36126494201720544,0.11757436523620504,0.11063168067419339,0.0,0.9999999987499999,0.6084450952021434,0.28898255133498235,0.33166358423024067,0.45887038284318793,angry,05,22,22,female,strong,2552
60,2.0020000000000002,True,1.0,0.44470287087437144,0.46439024112138905,0.45454655599788024,0.9935623920527898,-0.05726851851851844,-0.0557407407407407,0.39400799607183234,0.3448170446416034,0.17919391750124905,0.4574917082547236,0.01968737024701761,0.001527777777777739,0.005219498122163236,0.2845525928558386,0.11467400515280515,0.11346747870477607,0.0,0.9999999987499999,0.6019260142728966,0.29158178669536267,0.33187070275494834,0.46799790634262967,angry,05,22,22,female,strong,2552
70,2.3356666666666666,True,1.0,0.5523965080668157,0.5880156244169511,0.5702060662418834,1.1300901924933504,-0.05606481481481479,-0.05425925925925945,0.3645150794112435,0.45075731002143715,0.1806163926619766,0.5045668655736418,0.03561911635013537,0.0018055555555553382,0.010297755774111473,0.2530534993821754,0.11420368295325976,0.11377350760918653,0.0,0.9999999987499999,0.6038524614689625,0.29059697559364955,0.3147671915554165,0.4436137309726832,angry,05,22,22,female,strong,2552
80,2.6693333333333333,True,1.0,0.517231536842101,0.5472248503960085,0.5322281936190547,1.0494870780062255,-0.05550925925925926,-0.05416666666666664,0.3291444606408467,0.5177323974641536,0.18827388599143427,0.5071317263192616,0.029993313553907552,0.0013425925925926174,0.007502408667023842,0.28530369631162633,0.11836721614838239,0.10856138649740464,0.0,0.9999999987499999,0.6022920313984969,0.29028778091348484,0.3261277661818619,0.44825937335212923,angry,05,22,22,female,strong,2552
90,3.003,True,1.0,0.5969914356640525,0.5925713283425891,0.5947813820033208,1.1311184449960938,-0.054814814814814816,-0.054675925925925906,0.3297644912830943,0.48176105461912916,0.17926245206354585,0.5258347475762141,0.004420107321463473,0.0001388888888889106,0.003913249855810603,0.2294934356525843,0.11660785994573937,0.11062135165997704,0.0,0.9999999987499999,0.5948971700086284,0.29139422220072825,0.3047488027568139,0.4348268423251219,angry,05,22,22,female,strong,2552
100,3.336666666666667,True,1.0,0.5784436801427723,0.5837332497736382,0.5810884649582052,0.7728966208467173,-0.05342592592592582,-0.05189814814814814,0.3370363817104176,0.3728887205839432,0.18134468499349687,0.7518320682028807,0.005289569630865909,0.0015277777777776835,0.00571633651265326,0.3458400081679607,0.1184408154662058,0.11108422453819078,0.0,0.9999999987499999,0.5968032053602691,0.2897401404422664,0.3065030444740199,0.4324171114407808,angry,05,22,22,female,strong,2552
110,3.6703333333333332,True,1.0,0.5881670182496762,0.6060302512796355,0.5970986347646559,0.7453369592111433,-0.05449074074074073,-0.05222222222222217,0.3388709581573397,0.3794244273139232,0.18065060453086207,0.8011123390373915,0.01786323302995929,0.0022685185185185586,0.002907015817384402,0.34818408087976677,0.12007679217670936,0.10878963115930643,0.0,0.9999999987499999,0.5957883957332933,0.28904170479742164,0.3081203505532659,0.4322072113014413,angry,05,22,22,female,strong,2552
120,4.0040000000000004,True,1.0,0.5784436801427723,0.5972649020222633,0.5878542910825177,0.778869950336977,-0.054537037037036995,-0.0528703703703704,0.33530171582361606,0.38941601384793323,0.18132112357228436,0.7547528195537437,0.01882122187949109,0.0016666666666665941,0.0013290564339103778,0.3471554920399967,0.11870209260491271,0.10942080853561682,0.0,0.9999999987499999,0.5978503115855717,0.2877055171101473,0.30415196399204003,0.43217711964589794,angry,05,22,22,female,strong,2552
0,0.0,True,1.0,0.4923638972988663,0.5057937628789461,0.4990788300889062,0.6884730022992366,-0.06365740740740738,-0.061759259259259236,0.334468201310572,0.46127691154048817,0.1680573714677488,0.7249069003754305,0.013429865580079747,0.0018981481481481488,0.004738857874709807,0.37178833023644037,0.11712026940738707,0.10920988600017391,0.0,0.9999999987499999,0.6137036740633754,0.28675520239473395,0.296414327074945,0.44567309012110007,angry,05,22,22,female,strong,2553
10,0.33366666666666667,True,1.0,0.5196920939032497,0.5331339662778078,0.5264130300905288,0.888067839053004,-0.06291666666666668,-0.06101851851851858,0.32154052421002394,0.5228141310553973,0.16666849771129597,0.5927621820556773,0.013441872374558184,0.0018981481481480933,6.780602438458444e-17,0.299829298577774,0.11547173234511537,0.11095150172724758,0.0,0.9999999987499999,0.6136956354729391,0.28701423403788545,0.2929415700897295,0.44241987087337536,angry,05,22,22,female,strong,2553
20,0.6673333333333333,True,1.0,0.41424080540824515,0.4112863493341948,0.41276357737121994,2.111049842142336,-0.07953703703703707,-0.07583333333333336,0.3000479648512252,1.0554898488136029,0.17986111111111114,0.1955252638432919,0.002954456074050371,0.003703703703703709,0.011443483742338303,0.1555626812727832,0.1110429585284116,0.11571355133287647,0.0,0.9999999987499999,0.6166542733734118,0.2956897248246576,0.31265386999162337,0.456246124990854,angry,05,22,22,female,strong,2553
30,1.0010000000000001,True,1.0,0.4445775709359653,0.45087041383161386,0.44772399238378957,1.2387241461119913,-0.055138888888888904,-0.052083333333333315,0.3177083333333335,0.6265938069216758,0.17294490231316773,0.3614396262388765,0.006292842895648576,0.003055555555555589,0.008664898031217848,0.23189593070672246,0.11609607854869554,0.1118418203520744,0.0,0.9999999987499999,0.6081800055256478,0.28985812579494036,0.3137350121646369,0.4511799541638428,angry,05,22,22,female,strong,2553
40,1.3346666666666667,True,1.0,0.46381572922615955,0.47094122636846514,0.46737847779731234,1.0369706654250697,-0.06041666666666662,-0.0534722222222222,0.33933050218787825,0.518471498555509,0.17851496546228493,0.45071523561925153,0.007125497142305592,0.00694444444444442,0.00409729084376471,0.29978641697674663,0.11659635657972434,0.11166194410647058,0.0,0.9999999987499999,0.6043088912830757,0.2875852917968021,0.3183714301695624,0.45729687535972424,angry,05,22,22,female,strong,2553
50,1.6683333333333334,True,1.0,0.18824247536018593,0.18746740485053037,0.18785494010535814,0.8888514638501842,-0.06291666666666673,-0.06087962962962956,0.38660885674604034,0.3022009984255014,0.18199517575738963,0.21134570594240598,0.0007750705096555566,0.0020370370370371704,0.0037121016400653325,0.3299907191415344,0.11515347431569462,0.1131493591768185,0.0,0.9999999987499999,0.6080611319058874,0.28719799617788483,0.32618140006544655,0.4612402680070461,angry,05,22,22,female,strong,2553
60,2.0020000000000002,True,1.0,0.4763383221119517,0.4850851695024883,0.48071174580722,1.0899570056044443,-0.06125000000000003,-0.05694444444444452,0.3521816418036901,0.4087247131558028,0.18962357202320673,0.44103734673519296,0.008746847390536605,0.004305555555555507,0.01108944669506098,0.2547368960572324,0.11757472909684472,0.11063129397874677,0.0,0.9999999987499999,0.6006973272199505,0.28848325133875996,0.32568127393037843,0.4568526885087691,angry,05,22,22,female,strong,2553
70,2.3356666666666666,True,1.0,0.4577217628505434,0.46542319546208605,0.4615724791563147,0.8438818565400842,-0.057037037037037,-0.0527777777777777,0.4082299697420383,0.21378340365682155,0.19171482531582354,0.5469633878002331,0.007701432611542658,0.004259259259259296,0.01215748685654675,0.3302692504272503,0.11578963824608446,0.11300518415980652,0.0,0.9999999987499999,0.5972529888908689,0.2894147812464276,0.32772963061335936,0.45858457824293153,angry,05,22,22,female,strong,2553
80,2.6693333333333333,True,1.0,0.49627172601149433,0.5043668233918783,0.5003192747016864,1.1569602157578518,-0.05527777777777776,-0.05314814814814811,0.3239261633580745,0.5008319854614166,0.19379764094220966,0.4324429378705634,0.008095097380383998,0.002129629629629648,0.011229953647256881,0.2472288840443433,0.11722100172675724,0.1118608806563192,0.0,0.9999999987499999,0.5958330716192727,0.2890247599627554,0.3201983268727115,0.4464304392025329,angry,05,22,22,female,strong,2553
90,3.003,True,1.0,0.6137167651777984,0.6228511815987257,0.618283973388262,1.0706274607662798,-0.05513888888888879,-0.05513888888888885,0.3355281566130876,0.4065261721220591,0.18759153039354043,0.5774968381118656,0.009134416420927272,5.551115123125783e-17,0.007724227889986114,0.25046608035029416,0.11960601043394026,0.1091325716187702,0.0,0.9999999987499999,0.5951689077662314,0.2900659491847337,0.31914742493426645,0.4358349987884393,angry,05,22,22,female,strong,2553
100,3.336666666666667,True,1.0,0.6043660639100178,0.6190938603342946,0.6117299621221561,0.8015906116227703,-0.05490740740740735,-0.05342592592592599,0.34601616835869803,0.3482171824275231,0.18764683378228264,0.7631451182839416,0.014727796424276796,0.0014814814814813615,0.008223702039033703,0.324393200929809,0.11978315504798893,0.10893810943327484,0.0,0.9999999987499999,0.5970471180816076,0.28921792736715457,0.31341454742196373,0.4347534009263004,angry,05,22,22,female,strong,2553
110,3.6703333333333332,True,1.0,0.5831352269576144,0.6009356140265318,0.5920354204920731,0.7621715611173162,-0.056620370370370376,-0.054259259259259285,0.3451299248293689,0.33507691139252266,0.18621602556979977,0.7767744831940074,0.0178003870689174,0.0023611111111110916,0.006615978394947758,0.33152390606762316,0.11874331421164408,0.10989739442984198,0.0,0.9999999987499999,0.5981728913831158,0.28861038267373273,0.3091550179484321,0.4332931193417161,angry,05,22,22,female,strong,2553
120,4.0040000000000004,True,1.0,0.4445357800731089,0.4849668271754875,0.4647513036242982,0.8054906926559726,-0.05865740740740738,-0.05481481481481465,0.3360866598667072,0.389303393766984,0.18550922498131564,0.5769791108223206,0.0404310471023786,0.0038425925925927307,0.0031252059375691302,0.35662397884870467,0.12041697076792722,0.1078844807008384,0.0,0.9999999987499999,0.600670802203694,0.2866516688538282,0.3096369528987202,0.4332200472332832,angry,05,22,22,female,strong,2553
0,0.0,True,1.0,0.5202270281982825,0.5189960753324021,0.5196115517653423,0.6907850270161837,-0.06499999999999989,-0.061203703703703705,0.32671716131188155,0.4440468312858648,0.1680669046848667,0.7522044216994427,0.0012309528658803748,0.0037962962962961866,0.0007543245113136467,0.39028040751933696,0.11394440109392051,0.10820365741067162,0.0,0.9999999987499999,0.6178919976584383,0.2900421601060492,0.2910486268774925,0.4378139164056277,fearful,06,22,22,female,normal,2554
10,0.33366666666666667,True,1.0,0.5203736585234651,0.5271967114861198,0.5237851850047924,0.7778170136742881,-0.06643518518518515,-0.06083333333333324,0.3333011877781851,0.38888888888888873,0.17291710788410072,0.673404124358905,0.00682305296265473,0.005601851851851913,0.003992854740540043,0.3319371213318404,0.11518301324392363,0.10794839120196516,0.0,0.9999999987499999,0.616663979333921,0.2888911830383002,0.297081955639457,0.4375102560441942,fearful,06,22,22,female,normal,2554
20,0.6673333333333333,True,1.0,0.5704754584023257,0.5924745301018046,0.5814749942520652,0.9285353276756759,-0.07055555555555548,-0.06856481481481475,0.34660356249808677,0.47772469757226854,0.18067763154958041,0.6262281863928887,0.0219990716994789,0.0019907407407407374,0.002339282044146863,0.2934782608695648,0.11207715138028582,0.11116966241393075,0.0,0.9999999987499999,0.6154655102509754,0.29292758474770186,0.304019630162407,0.44341843368925127,fearful,06,22,22,female,normal,2554
30,1.0010000000000001,True,1.0,0.3772565072909674,0.42275643834312054,0.40000647281704393,0.9508423397486087,-0.06972222222222224,-0.06083333333333335,0.3729621372636146,0.34404537080456493,0.18145361677040917,0.4206864335919253,0.045499931052153164,0.00888888888888889,0.010719146137455676,0.27415709857037873,0.11331342553160939,0.11214009370052586,0.0,0.9999999987499999,0.6088646118525535,0.2948257673685173,0.31774824096606386,0.4534257823201743,fearful,06,22,22,female,normal,2554
40,1.3346666666666667,True,1.0,0.5615168806377763,0.5522899950351122,0.5569034378364442,0.9104740102709084,-0.06874999999999998,-0.06282407407407414,0.3237038485141574,0.4407850367184551,0.18831156847136002,0.6116631903317478,0.009226885602664048,0.0059259259259258346,0.015690521867020493,0.3035714285714284,0.11587359177569602,0.11053174854067067,0.0,0.9999999987499999,0.6031967114423895,0.29512214484708216,0.3280461068664614,0.4500502526201714,fearful,06,22,22,female,normal,2554
50,1.6683333333333334,True,1.0,0.5344050007991011,0.5745649813704501,0.5544849910847756,0.9803921568627452,-0.06527777777777771,-0.06435185185185183,0.3550760835292016,0.4052287581699344,0.1828793437203007,0.5655746909064711,0.04015998057134895,0.0009259259259258856,0.010969345918209404,0.27032901763920497,0.11545946540386065,0.11113582906812622,0.0,0.9999999987499999,0.6021999936615271,0.2928589728884481,0.32417304324448387,0.4471080326251248,fearful,06,22,22,female,normal,2554
60,2.0020000000000002,True,1.0,0.4902994736246483,0.519463864578377,0.5048816691015127,0.8006412066922215,-0.0652314814814815,-0.06152777777777774,0.3411443438327057,0.4410111307321594,0.1795754198305967,0.630596657880484,0.02916439095372869,0.0037037037037037646,0.014194109321309165,0.35273820654451193,0.11462050484757015,0.11183066026277935,0.0,0.9999999987499999,0.6056032414762781,0.2906339395048432,0.31141049910067475,0.43137549329698693,fearful,06,22,22,female,normal,2554
70,2.3356666666666666,True,1.0,0.5433871752923262,0.5554511440183725,0.5494191596553493,0.9573031127926936,-0.06800925925925927,-0.061064814814814794,0.30708327123159634,0.48622981956315225,0.1815128919158103,0.573923924735349,0.012063968726046315,0.006944444444444475,0.016459865562573103,0.258918251232014,0.11615574275872634,0.10936763869093545,0.0,0.9999999987499999,0.6076679236069428,0.29048968540275993,0.30937894895877793,0.42825045972001174,fearful,06,22,22,female,normal,2554
80,2.6693333333333333,True,1.0,0.5358630723178676,0.5469121792424358,0.5413876257801518,0.8130880732984208,-0.06574074074074077,-0.059953703703703676,0.34062998003174433,0.4336279169301968,0.17131898899616582,0.6658413074292517,0.011049106924568286,0.0057870370370370905,0.013859354601677799,0.3093614053150728,0.11357387885958238,0.10981375001065016,0.0,0.9999999987499999,0.6146733580228967,0.2906439893930853,0.298657848421512,0.4239023740703277,fearful,06,22,22,female,normal,2554
90,3.003,True,1.0,0.5620915032679736,0.5813183589761795,0.5717049311220765,0.833807773909565,-0.06837962962962962,-0.0622685185185185,0.344012586506159,0.4438009119196076,0.1706564769175438,0.6856555539671472,0.019226855708205814,0.006111111111111123,0.011246038205267903,0.3175403225806451,0.11280694719609112,0.11008345230862676,0.0,0.9999999987499999,0.6117820790894483,0.29867106039588465,0.2879251940767631,0.40583424799049433,fearful,06,22,22,female,normal,2554
100,3.336666666666667,True,1.0,0.5405401296094619,0.5741442713761007,0.5573422004927813,0.8249173286360079,-0.06722222222222218,-0.05921296296296297,0.3365573934037182,0.4605788418217709,0.17334015857267962,0.6756340073669451,0.03360414176663884,0.008009259259259216,0.012290135871592807,0.30046260628866633,0.1147186501792393,0.10826591825993043,0.0,0.9999999987499999,0.6175708069634104,0.2892359280714412,0.2957950340217887,0.41786741748056316,fearful,06,22,22,female,normal,2554
0,0.0,True,1.0,0.5060276798407015,0.5462999942625354,0.5261638370516184,0.6664553709143517,-0.06379629629629624,-0.059629629629629644,0.33503005234996963,0.4303895422254756,0.1666671244297099,0.7894959812984047,0.04027231442183388,0.004166666666666596,0.00998092985125188,0.41012808970573145,0.11405373696343674,0.11189901674316603,0.0,0.9999999987499999,0.6217769751728816,0.2897061046592867,0.29378362255267826,0.44541769131782416,fearful,06,22,22,female,normal,2555
10,0.33366666666666667,True,1.0,0.4444035054811631,0.4153733263667829,0.429888415923973,0.6907395153335675,-0.06824074074074077,-0.06384259259259245,0.33094714918416523,0.4581435560885914,0.17153489427994736,0.6223596687043075,0.02903017911438016,0.0043981481481483176,0.008213948073332866,0.3679133954555087,0.11478897389504171,0.11165772780376043,0.0,0.9999999987499999,0.6210255020054897,0.28959319823299867,0.2971166979975829,0.4395592083574654,fearful,06,22,22,female,normal,2555
20,0.6673333333333333,True,1.0,0.4932682935963501,0.5270870390393861,0.5101776663178681,0.9154928583306687,-0.06953703703703701,-0.06388888888888883,0.34476881224233763,0.4981358199740407,0.17224392771241934,0.5572710498781368,0.033818745443036036,0.00564814814814818,0.0038105153126301665,0.29779411764705954,0.11334079052893219,0.10918530631554133,0.0,0.9999999987499999,0.6183998407878776,0.29306917368160296,0.301934777234954,0.4366059087384958,fearful,06,22,22,female,normal,2555
30,1.0010000000000001,True,1.0,0.4775604319793581,0.49980721032635916,0.48868382115285863,0.9963248948764587,-0.06291666666666662,-0.06013888888888885,0.3656920127390028,0.40873804648522133,0.17441757135544247,0.4904864102722777,0.02224677834700106,0.002777777777777768,0.006767409538077893,0.27403133595495416,0.10924442893609292,0.11260907986699008,0.0,0.9999999987499999,0.6140819673103616,0.29617520203475345,0.3063888977557345,0.4515375031449095,fearful,06,22,22,female,normal,2555
40,1.3346666666666667,True,1.0,0.49836619532878296,0.49212366117951517,0.49524492825414906,0.908497280689542,-0.0662962962962963,-0.0593981481481482,0.3345546761263514,0.48917252695742314,0.17925010926358437,0.5451253831803021,0.006242534149267787,0.006898148148148098,0.0023377603537229853,0.31152679678341094,0.11256845005835453,0.1110159161968826,0.0,0.9999999987499999,0.6082567821738071,0.29349798546296924,0.30795088125439557,0.4298574640759559,fearful,06,22,22,female,normal,2555
50,1.6683333333333334,True,1.0,0.5439603293130401,0.5252525252525254,0.5346064272827827,1.0005279284941326,-0.06555555555555564,-0.0601388888888888,0.35053538603249157,0.40677840483219996,0.17866064302107462,0.5343243422374069,0.018707804060514643,0.005416666666666847,0.0033336044491144496,0.26378425873275463,0.1132877016706759,0.10976235422784611,0.0,0.9999999987499999,0.6096613320015506,0.29594453425450695,0.30814916594903863,0.42958758400628005,fearful,06,22,22,female,normal,2555
60,2.0020000000000002,True,1.0,0.542734558488176,0.5469121792424358,0.5448233688653059,0.7848592226211294,-0.06481481481481494,-0.05708333333333332,0.3406564178035434,0.4199685314025341,0.18070803211393494,0.6941669960197504,0.00417762075425987,0.007731481481481617,0.011454427325159658,0.36555281007808754,0.11073360680697439,0.11148733713235091,0.0,0.9999999987499999,0.6126728956113695,0.2949499917918581,0.2964218276427141,0.41695593267394243,fearful,06,22,22,female,normal,2555
70,2.3356666666666666,True,1.0,0.5000511972631887,0.4860528424448126,0.49305201985400066,0.9111394284901397,-0.06578703703703709,-0.056944444444444464,0.3053133440086128,0.4555490111024282,0.18003070417674166,0.5411378373461931,0.01399835481837608,0.008842592592592624,0.00817524502305313,0.2865056854486443,0.11091325073465115,0.10993078389806075,0.0,0.9999999987499999,0.616808548708546,0.29374358250178606,0.2904543810647508,0.4012016345008737,fearful,06,22,22,female,normal,2555
80,2.6693333333333333,True,1.0,0.5358630723178676,0.552396508066817,0.5441297901923423,0.8125241251894527,-0.06462962962962965,-0.05708333333333332,0.3454350519618731,0.4129605126351161,0.17180554700306774,0.6696783188628029,0.016533435748949388,0.007546296296296329,0.008372654325964936,0.31869398449584324,0.11729449573342333,0.11127133186578442,0.0,0.9999999987499999,0.6062072204819428,0.2924184922199289,0.31192860630523933,0.44132811421634843,fearful,06,22,22,female,normal,2555
90,3.003,True,1.0,0.570576316766375,0.5882355146341536,0.5794059157002642,0.789701594847627,-0.06680555555555556,-0.05874999999999991,0.34329366066233574,0.44242198646032926,0.17317062174662048,0.7337023496983828,0.017659197867778587,0.008055555555555649,0.001269887717275465,0.3301297307651914,0.11041414296470328,0.11008649133855114,0.0,0.9999999987499999,0.6227068063397234,0.29051067114121776,0.2824516649020138,0.4059556366258432,fearful,06,22,22,female,normal,2555
100,3.336666666666667,True,1.0,0.5707613352133011,0.5741442713761007,0.5724528032947009,0.7777329238841115,-0.06703703703703695,-0.059398148148148144,0.34761472390641474,0.3955524544003326,0.17592400860252871,0.7360531947596975,0.00338293616279961,0.007638888888888806,0.0003559694320263354,0.31033023363306556,0.11145632410142813,0.10920581627142352,0.0,0.9999999987499999,0.6156276849255328,0.291479667950671,0.28865790882389614,0.4140255942974646,fearful,06,22,22,female,normal,2555
0,0.0,True,1.0,0.5251685549256562,0.5245983456204355,0.5248834502730458,0.6890393286539767,-0.06277777777777777,-0.06013888888888885,0.33587942324495307,0.4478472241895789,0.17083735267438846,0.7617612354557384,0.0005702093052206703,0.002638888888888913,0.008211487640989123,0.39423266256510325,0.11512528543991482,0.1119934870809348,0.0,0.9999999987499999,0.6208138311105693,0.28985185241613765,0.2959949328224836,0.4483692092483542,fearful,06,22,22,female,normal,2556
10,0.33366666666666667,True,1.0,0.47149881370747204,0.47791800351001984,0.47470840860874597,0.6802931473886554,-0.06374999999999992,-0.061157407407407494,0.3332869396397959,0.44427307584565334,0.1687518084393838,0.6977997800373877,0.006419189802547798,0.0025925925925924242,0.010494320472150775,0.4017857142857144,0.1175982239715494,0.1092196240045575,0.0,0.9999999987499999,0.6202204450295744,0.28967951429970545,0.3010552577774576,0.44584583887791573,fearful,06,22,22,female,normal,2556
20,0.6673333333333333,True,1.0,0.5336799541432451,0.5244919868140813,0.5290859704786632,1.2189692511123833,-0.0675,-0.06393518518518515,0.3160496406298019,0.6608717668930866,0.17641656880366086,0.43404373817948255,0.009187967329163826,0.003564814814814854,0.00587899074425114,0.23073115859308535,0.11289163359716872,0.11154455791013362,0.0,0.9999999987499999,0.61599259435024,0.292891364132541,0.30249979371896313,0.4479932107711865,fearful,06,22,22,female,normal,2556
30,1.0010000000000001,True,1.0,0.5117110261796135,0.5122290132814662,0.5119700197305399,0.9989739099311062,-0.07171296296296287,-0.06296296296296294,0.319292158048533,0.5509047297414192,0.1778743110935235,0.5124958866702011,0.0005179871018526905,0.008749999999999925,0.01008573838140378,0.2812499999999999,0.11107070340408284,0.1128525424529079,0.0,0.9999999987499999,0.6124371638968087,0.29279507765456964,0.2994978945764925,0.4438659143856836,fearful,06,22,22,female,normal,2556
40,1.3346666666666667,True,1.0,0.5375007816249391,0.5469121792424358,0.5422064804336875,0.917185751548293,-0.06523148148148139,-0.05884259259259261,0.32639276324449285,0.5015859578779731,0.17856838012461468,0.5911632180486817,0.009411397617496764,0.006388888888888777,0.006536605466147502,0.30761718749999933,0.11475366890116655,0.10927990169467595,0.0,0.9999999987499999,0.609088422337685,0.29450882756121677,0.30719045034110354,0.4399084753798648,fearful,06,22,22,female,normal,2556
50,1.6683333333333334,True,1.0,0.535867991699014,0.5385252107827466,0.5371966012408803,0.9512471981850825,-0.06518518518518512,-0.06171296296296297,0.35671339863534224,0.4557503189416875,0.17862647713442117,0.5647287080222851,0.0026572190837326204,0.0034722222222221544,0.0020130683303025178,0.28936065445528025,0.11190076342196388,0.10996985618087715,0.0,0.7071067807446058,0.6137774563653585,0.29555152323457756,0.30898920238897737,0.4459284372934508,fearful,06,22,22,female,normal,2556
60,2.0020000000000002,True,1.0,0.5439603293130388,0.5607867641894987,0.5523735467512687,0.8069107489447404,-0.062962962962963,-0.061435185185185204,0.34924566072460084,0.4572494244020199,0.17590449211917378,0.6845534620447805,0.01682643487645985,0.0015277777777777946,0.001501452185237252,0.3379112720490066,0.11114745497033048,0.11124614698367954,0.0,0.9999999987499999,0.6166281381146208,0.292786794285721,0.3009602621037313,0.43185335119235807,fearful,06,22,22,female,normal,2556
70,2.3356666666666666,True,1.0,0.4923076923076927,0.5078583233935305,0.5000830078506117,0.8956978029989178,-0.06462962962962965,-0.06439814814814815,0.30576653328131786,0.4709913504618325,0.17999849379004798,0.55831666235673,0.015550631085837818,0.00023148148148149916,0.0032081019867085153,0.28123677422996696,0.11355246902579462,0.1093142743913073,0.0,0.9999999987499999,0.6091503572991697,0.2950689594314476,0.3025807148549998,0.4304559226468736,fearful,06,22,22,female,normal,2556
80,2.6693333333333333,True,1.0,0.5791128058979033,0.5880156244169511,0.5835642151574272,0.8661631950678091,-0.06333333333333324,-0.06027777777777771,0.34279972999956276,0.4468302196778386,0.1772387970308986,0.6737347170607287,0.00890281851904784,0.0030555555555555336,0.002619709039519135,0.29464285714285743,0.11280110188779352,0.10956903476016049,0.0,0.9999999987499999,0.6145939731752076,0.2928509875313533,0.2968019637451239,0.4261812627311896,fearful,06,22,22,female,normal,2556
90,3.003,True,1.0,0.5707613352132999,0.6153468771412062,0.593054106177253,0.837845312381093,-0.0633333333333333,-0.061203703703703705,0.33561318130492274,0.467796966079444,0.17583508263484984,0.7078324571535025,0.044585541927906314,0.0021296296296295925,0.0010317893774640717,0.3004626062886659,0.11183024728750866,0.11004156448420029,0.0,0.995281706080005,0.6156712109218687,0.29231967708193973,0.29097360336829864,0.4214858512137282,fearful,06,22,22,female,normal,2556
100,3.336666666666667,True,1.0,0.5707613352132997,0.6251953783997625,0.5979783568065311,0.8239186664218568,-0.0637037037037036,-0.05986111111111114,0.3363509629959084,0.467796966079444,0.1765449641082192,0.7257735273840229,0.05443404318646272,0.003842592592592453,0.0030992099389454634,0.32458060394014265,0.1138556530276692,0.1079446172638536,0.0,0.9999999987499999,0.6184750333258304,0.29196732174737217,0.2947117446558697,0.42147575175923524,fearful,06,22,22,female,normal,2556
0,0.0,True,1.0,0.4990566814579786,0.5195839826380526,0.5093203320480156,0.8115805149438099,-0.064074074074074,-0.059120370370370434,0.3308268477916475,0.4757540949670612,0.1722226652187543,0.6275659933546811,0.02052730118007401,0.004953703703703571,0.004731967152270341,0.3394396551724136,0.11608955542151637,0.10768292629494028,0.0,0.9999999987499999,0.6159554883984845,0.2901349981560238,0.3015210891288219,0.4435148877095982,fearful,06,22,22,female,normal,2557
10,0.33366666666666667,True,1.0,0.5046978631774386,0.518996075332402,0.5118469692549203,0.8742762852574727,-0.06611111111111101,-0.061759259259259236,0.3327418182833685,0.5065049606648734,0.17083735267438852,0.5854521938727669,0.014298212154963408,0.0043518518518517735,0.002824428201542262,0.3035593290306361,0.11553503325850654,0.10880425279315005,0.0,0.9999999987499999,0.61486230075624,0.2905403200502418,0.30172103739733547,0.4463012302199805,fearful,06,22,22,female,normal,2557
20,0.6673333333333333,True,1.0,0.560685245943531,0.5735016042120247,0.5670934250777778,1.048944236272973,-0.07407407407407407,-0.06731481481481472,0.33098874588657523,0.5664298875874059,0.17850684503424205,0.5406325765159166,0.0128163582684937,0.006759259259259354,3.219160311351518e-05,0.255,0.11329589305399583,0.1107905323476607,0.0,0.9999999987499999,0.6119852398850165,0.2907366643818208,0.30797191416328906,0.45128573570460895,fearful,06,22,22,female,normal,2557
30,1.0010000000000001,True,1.0,0.21116356837416472,0.2169050459446532,0.21403430715940897,1.0275020598877127,-0.08675925925925926,-0.0809259259259259,0.3177691435505745,0.5504297610005422,0.1779017598901022,0.2083054774438107,0.005741477570488485,0.005833333333333357,0.005732413499466408,0.2896288822757596,0.11334213439659482,0.1091839112851122,0.0,0.8069196531982301,0.613521957767482,0.29210821070116844,0.30121043378553153,0.4246424711183399,fearful,06,22,22,female,normal,2557
40,1.3346666666666667,True,1.0,0.5118231021156171,0.5212164315132537,0.5165197668144355,0.9225736188027909,-0.06986111111111115,-0.06337962962962962,0.3355249625538537,0.5031488848704924,0.17858162448846265,0.5598683468585575,0.009393329397636596,0.0064814814814815325,0.006382891099907117,0.29825212948384655,0.11175933665996297,0.11028646671008688,0.0,0.9999999987499999,0.614938573405925,0.293851478238547,0.3032816317684584,0.4339682034946368,fearful,06,22,22,female,normal,2557
50,1.6683333333333334,True,1.0,0.1831300975587113,0.18294139117829555,0.18303574436850342,0.9828085096785117,-0.08291666666666664,-0.0760185185185186,0.3473082263492546,0.4577464291653338,0.17928968833938855,0.1862374435772606,0.0001887063804157374,0.006898148148148042,0.001982718465578166,0.2851027397260271,0.11121005748341047,0.11101207651339899,0.0,0.9999999987499999,0.6155553828718988,0.29415750434708376,0.30413391909899584,0.43035983467355565,fearful,06,22,22,female,normal,2557
60,2.0020000000000002,True,1.0,0.5688767544635049,0.5685677011308597,0.5687222277971824,0.7913999490681818,-0.06555555555555553,-0.058009259259259316,0.3378276955583953,0.485923676706182,0.17719359312470767,0.718628082383393,0.00030905333264519275,0.007546296296296218,0.008509389284750516,0.3458231694563049,0.11358247875791402,0.10893386265057964,0.0,0.9999999987499999,0.6154930087503752,0.2930470409115958,0.3045926859341741,0.4287758559532577,fearful,06,22,22,female,normal,2557
70,2.3356666666666666,True,1.0,0.5701599418091926,0.5656565656565652,0.5679082537328789,0.9740098879936181,-0.06393518518518515,-0.05935185185185188,0.3257283042970293,0.4798431065850919,0.17514119582942933,0.5830621030991011,0.004503376152627414,0.004583333333333273,0.007439302166994174,0.25643382352941246,0.11231818415574174,0.11023697846270672,0.0,0.9999999987499999,0.613064065133866,0.29228144819222407,0.2988955411728551,0.42475565074631183,fearful,06,22,22,female,normal,2557
80,2.6693333333333333,True,1.0,0.583417733012012,0.5879173380771963,0.5856675355446042,0.8081497384341817,-0.06398148148148147,-0.05870370370370381,0.3511838724210671,0.43719576013652445,0.17097797008486298,0.7247017572255303,0.004499605065184209,0.005277777777777659,0.00537210189372584,0.31352459016393525,0.11279358964796718,0.1097504990736377,0.0,0.9999999987499999,0.6191097071015906,0.2913100922412753,0.29840011830174035,0.42289473551366,fearful,06,22,22,female,normal,2557
90,3.003,True,1.0,0.21872162719089575,0.22817791067877066,0.2234497689348332,0.7816885491520773,-0.07902777777777775,-0.07074074074074072,0.3521051140851633,0.4371957601365242,0.17096235163967657,0.28585524142219604,0.009456283487874917,0.008287037037037037,0.004697818354008388,0.333671276461025,0.11383941592187882,0.10866532701618128,0.0,0.9999999987499999,0.619189729008791,0.29164136867177765,0.2956986095548889,0.41561480144706137,fearful,06,22,22,female,normal,2557
100,3.336666666666667,True,1.0,0.5515966665478342,0.5686721529994038,0.560134409773619,0.7928172397876438,-0.06736111111111115,-0.059398148148148144,0.34619739182462916,0.45015894123535694,0.17167182944777293,0.7065113895904319,0.017075486451569533,0.007962962962963005,0.0033423402329899386,0.33411661806057263,0.11366482561808144,0.10954583113953038,0.0,0.9999999987499999,0.6154540326443078,0.29200158611823734,0.2972436471628766,0.4276282316796518,fearful,06,22,22,female,normal,2557
0,0.0,True,1.0,0.5043668233918767,0.4969271435637906,0.5006469834778337,0.6716528399534972,-0.06416666666666665,-0.060740740740740706,0.3299853095445526,0.44776855996899895,0.17014292463502936,0.7453954687551037,0.0074396798280860765,0.0034259259259259434,0.005218727783678825,0.3867187499999998,0.11402562895453112,0.1093446001956659,0.0,0.9999999987499999,0.6174445179634354,0.2952534109282615,0.2881779897362136,0.43124807091219386,fearful,06,22,22,female,strong,2558
10,0.33366666666666667,True,1.0,0.4985469572304546,0.49169278721608917,0.4951198722232719,0.7439438909552946,-0.06550925925925921,-0.06472222222222224,0.3378245827268721,0.45460771442802556,0.1722293100300018,0.6655338907178753,0.006854170014365446,0.000787037037036975,0.0028625509479956956,0.3541474534588149,0.11265626529203006,0.11092680238971339,0.0,0.9999999987499999,0.6172409975005628,0.295149915419108,0.2880844684980354,0.4292832740094665,fearful,06,22,22,female,strong,2558
20,0.6673333333333333,True,1.0,0.4776348863265764,0.510982015254947,0.4943084507907617,1.0521434528398732,-0.07990740740740726,-0.07097222222222227,0.3510880059274019,0.4997187318758585,0.1826426484301614,0.4698108888636415,0.033347128928370606,0.00893518518518499,0.020613418837443,0.2613288526974666,0.11434275233459835,0.11022952540916174,0.0,0.9999999987499999,0.6131911391118947,0.29035457314420215,0.32719678542660563,0.4719787147050188,fearful,06,22,22,female,strong,2558
30,1.0010000000000001,True,1.0,0.5522899950351116,0.533242077543005,0.5427660362890583,0.9143594094584331,-0.08356481481481476,-0.08185185185185184,0.35530308481916134,0.4114484503012232,0.19313299758825966,0.5936025053983245,0.019047917492106547,0.0017129629629629162,0.006164427915532492,0.2892763747576097,0.11194242386332229,0.1128353267833325,0.0,0.9999999987499999,0.6080506211703431,0.2919693694633954,0.32988993631788543,0.45722046041456293,fearful,06,22,22,female,strong,2558
40,1.3346666666666667,True,1.0,0.45141722587344185,0.47800801227070727,0.46471261907207456,1.0570099861061706,-0.08050925925925928,-0.07800925925925928,0.30702242984176964,0.5974205755891525,0.19108764366354108,0.43964827691362685,0.02659078639726542,0.0025000000000000022,0.015118980381043335,0.2856844269494579,0.10991597523541642,0.11547212394582383,0.0,0.9999999987499999,0.6056820935639879,0.3006914860443101,0.327967189555356,0.45380408779777154,fearful,06,22,22,female,strong,2558
50,1.6683333333333334,True,1.0,0.5059075617810265,0.5078583233935305,0.5068829425872785,1.053158779363118,-0.07962962962962972,-0.07578703703703704,0.3563083683629927,0.4080889394801502,0.18987647787454717,0.4812977421066635,0.0019507616125040705,0.003842592592592675,0.012861181652692495,0.26014981937410525,0.11300393069197416,0.11228241501261123,0.0,0.9999999987499999,0.6054776869263331,0.3021524096901915,0.326960640901969,0.44910412678524547,fearful,06,22,22,female,strong,2558
60,2.0020000000000002,True,1.0,0.49825411939277986,0.521216431513253,0.5097352754530164,0.7992726320096614,-0.07268518518518513,-0.06708333333333333,0.3412984724548827,0.4616271387800263,0.1801476303041091,0.6377489420241464,0.02296231212047317,0.005601851851851802,0.01589524050220363,0.34912151283719983,0.11094490746703387,0.11364876061729398,0.0,0.9999999987499999,0.6112337300779687,0.29692705328332386,0.31058936121119324,0.44142444723189067,fearful,06,22,22,female,strong,2558
70,2.3356666666666666,True,1.0,0.3809723510016844,0.40529729796442676,0.3931348244830556,1.0715350775479944,-0.07925925925925925,-0.07250000000000001,0.3220633694775071,0.5357516340405272,0.18298986351867552,0.36688936528580135,0.024324946962742344,0.006759259259259243,0.009579948240392521,0.2465680226585272,0.11030267238151585,0.11477127511247892,0.0,0.9999999987499999,0.6121383221882502,0.29566981732349706,0.3139122733710517,0.44718062756340676,fearful,06,22,22,female,strong,2558
80,2.6693333333333333,True,1.0,0.5432823994391398,0.5685677011308603,0.555925050285,0.8678874548171377,-0.07541666666666669,-0.0672685185185185,0.3431540357078742,0.44083172308172075,0.17611125679959408,0.6405497016916006,0.025285301691720496,0.008148148148148182,0.009832788503598696,0.2861548631320632,0.11422407634487514,0.11086922706068322,0.0,0.9999999987499999,0.6116513601456207,0.2952389279727438,0.31653148445867035,0.4506635160454073,fearful,06,22,22,female,strong,2558
90,3.003,True,1.0,0.5703755647871139,0.5824352060364897,0.5764053854118019,0.8265958033948234,-0.07194444444444431,-0.06500000000000006,0.3441267745664459,0.45460771442802556,0.17123480043303194,0.6973243549562057,0.012059641249375752,0.006944444444444253,0.014501889931225854,0.328110581394774,0.1123424434979747,0.11226748715511929,0.0,0.9999999987499999,0.6169508202577906,0.2936483792914186,0.3098214444496278,0.44900610548286446,fearful,06,22,22,female,strong,2558
100,3.336666666666667,True,1.0,0.6227600677697341,0.6379052256590136,0.630332646714374,0.8469315569244631,-0.0710648148148148,-0.06583333333333324,0.34046171811427073,0.4720401430860062,0.16974854687787144,0.7442545286697737,0.015145157889279504,0.005231481481481559,0.008520886213619397,0.2950694222218813,0.11152568091673222,0.1132472504144833,0.0,0.9999999987499999,0.6174079219265831,0.29360784714518257,0.30673383487102845,0.44765318885782895,fearful,06,22,22,female,strong,2558
0,0.0,True,1.0,0.5060276798407021,0.49169278721608856,0.4988602335283953,0.6966071381798318,-0.06129629629629635,-0.05833333333333329,0.3290480079901396,0.4549271106480531,0.16805600953544347,0.7161285123087737,0.014334892624613516,0.002962962962963056,0.0062845529747316,0.37882653061224547,0.11474865999020191,0.10805794204209707,0.0,0.9999999987499999,0.6175086528595813,0.28993131864571337,0.2934184448888643,0.4454317688082304,fearful,06,22,22,female,strong,2559
10,0.33366666666666667,True,1.0,0.3106875481130317,0.333299167239215,0.32199335767612336,0.6968184191622174,-0.06847222222222221,-0.06421296296296297,0.32808502613967927,0.46217548209738873,0.16944489470319554,0.4620907668647091,0.022611619126183313,0.00425925925925924,0.005841474834318788,0.37882653061224547,0.11495688727435523,0.108189166607971,0.0,0.9999999987499999,0.6166433324032737,0.2891806498695199,0.2911427296779699,0.4339818658166778,fearful,06,22,22,female,strong,2559
20,0.6673333333333333,True,1.0,0.5880156244169511,0.586162676423939,0.5870891504204451,1.0917849456336077,-0.07537037037037042,-0.07018518518518513,0.33246090326714706,0.580870475786695,0.17849316768879112,0.5377333263005684,0.0018529479930120552,0.005185185185185293,0.007227987462819917,0.24552087148664972,0.11102132907024989,0.11340623363214725,0.0,0.9999999987499999,0.6174905888136505,0.29913696024872216,0.3087594803015585,0.4471412849359844,fearful,06,22,22,female,strong,2559
30,1.0010000000000001,True,1.0,0.2547987790962387,0.2786741175283575,0.26673644831229815,0.9719695119213855,-0.09805555555555551,-0.09351851851851861,0.3648234921529582,0.4284221953860637,0.19529521528455354,0.2744288221397136,0.02387533843211881,0.004537037037036895,0.012169152130368028,0.2738411838750414,0.11165898728794625,0.11294726132306365,0.0,0.9999999987499999,0.6167055072810375,0.301531543174358,0.31880111297877434,0.4458624408295637,fearful,06,22,22,female,strong,2559
40,1.3346666666666667,True,1.0,0.5674888589804936,0.5997920876482102,0.5836404733143519,0.9841033300248444,-0.06763888888888892,-0.059398148148148144,0.31995749044473254,0.5727555313073417,0.17927564515138253,0.593068284099412,0.03230322866771662,0.00824074074074077,0.028488981542314707,0.2953139927990231,0.11374609792717341,0.11084511035418464,0.0,0.9999999987499999,0.6106469540706907,0.30103868933236205,0.3139496155760435,0.4422103689870319,fearful,06,22,22,female,strong,2559
50,1.6683333333333334,True,1.0,0.5301443310883949,0.5695542860083898,0.5498493085483923,0.993654672941748,-0.06935185185185189,-0.060324074074074086,0.353997202272237,0.37095397829765725,0.1823469709841328,0.5533605622973069,0.03940995491999488,0.009027777777777801,0.013550461303471824,0.25499282842754983,0.11117917152668144,0.11291453962490317,0.0,0.9999999987499999,0.6078720777060824,0.29206249048321853,0.30047839648556607,0.4277671010148979,fearful,06,22,22,female,strong,2559
60,2.0020000000000002,True,1.0,0.4091675737433348,0.4442494805947625,0.4267085271690486,0.7988948049524209,-0.067962962962963,-0.06115740740740738,0.33019776630497694,0.44935565952153933,0.18393327057705905,0.5341235473354489,0.0350819068514277,0.00680555555555562,0.009519221755295034,0.34336287167408075,0.11391652128969341,0.10928406965496648,0.0,0.9999999987499999,0.6022131897759104,0.29190437056334506,0.3044537759142335,0.42098766877385396,fearful,06,22,22,female,strong,2559
70,2.3356666666666666,True,1.0,0.5703755647871139,0.5835425592043629,0.5769590619957384,1.0110496352227818,-0.06537037037037036,-0.05870370370370376,0.32264323031242675,0.46156613781909567,0.17613854719692107,0.570653548446815,0.013166994417249,0.006666666666666599,0.013774246820466983,0.2612718315553618,0.11241060371521934,0.11202930646706245,0.0,0.9999999987499999,0.6089928520939627,0.29732276273426467,0.3012258969538147,0.43168967559630234,fearful,06,22,22,female,strong,2559
80,2.6693333333333333,True,1.0,0.5437555493291477,0.5833180321475824,0.563536790738365,0.9064671555573877,-0.0671296296296296,-0.06615740740740728,0.3430987780606462,0.49443663030402896,0.17342596464391832,0.6216847320759743,0.03956248281843466,0.0009722222222223187,0.012214444614741367,0.2816578259366965,0.11241580925597844,0.11236370882105258,0.0,0.9999999987499999,0.6141671886020033,0.2916033077157502,0.30449940707136447,0.44634807684467015,fearful,06,22,22,female,strong,2559
90,3.003,True,1.0,0.6137167651777984,0.666666666666666,0.6401917159222321,0.837845312381093,-0.06606481481481485,-0.06111111111111106,0.3390345019646442,0.4817610546191288,0.16641338741902145,0.7640929733232685,0.05294990148886758,0.004953703703703793,0.004408678353042474,0.30000000000000016,0.10998662060135336,0.10842515602997829,0.0,0.9999999987499999,0.6358421598170518,0.29166018804251037,0.28200273531647685,0.41175563118757763,fearful,06,22,22,female,strong,2559
100,3.336666666666667,True,1.0,0.6006667819148002,0.6329484476139352,0.6168076147643677,0.8531413121686853,-0.06657407407407406,-0.06185185185185188,0.33710697666977424,0.4965002718358734,0.16508737633144985,0.7229841129090827,0.03228166569913504,0.004722222222222183,0.01456451806910311,0.2950819672131149,0.11389474319583381,0.1106923699072216,0.0,0.9999999987499999,0.6193799821256628,0.2909069172058665,0.3044326039196926,0.4431843141960485,fearful,06,22,22,female,strong,2559
0,0.0,True,1.0,0.49824789591004487,0.5275742775667129,0.5129110867383789,0.6525260801483023,-0.06527777777777771,-0.062083333333333324,0.3351497175591412,0.4303895422254756,0.16875045211166284,0.7860392133626407,0.029326381656668066,0.0031944444444443887,0.006534693116297597,0.394946808510638,0.11606702812153022,0.10911312504331463,0.0,0.9798342629246232,0.6150731289703382,0.289028403975361,0.29497511366474743,0.44106286478048456,fearful,06,22,22,female,strong,2560
10,0.33366666666666667,True,1.0,0.5468040679772388,0.5694392502374772,0.558121659107358,0.6820929661836549,-0.06662037037037033,-0.06398148148148147,0.326636024580209,0.419174187381193,0.16875406896136047,0.8182486651784101,0.022635182260238418,0.0026388888888888573,0.0058980104224437,0.36325630802507575,0.09710389619524104,0.11557246203955648,0.0,0.9999999987499999,0.659870008909814,0.31336535363707674,0.2770740192564679,0.4565856988055764,fearful,06,22,22,female,strong,2560
20,0.6673333333333333,True,1.0,0.6370287716897599,0.6428251745897846,0.6399269731397723,1.0321519919879285,-0.07347222222222222,-0.06949074074074074,0.3263493243997898,0.5662500511600435,0.17987171536233554,0.619992964318434,0.0057964029000247,0.003981481481481475,0.002627623017879827,0.2578125000000004,0.11370140929635926,0.11054679964656725,0.0,0.9999999987499999,0.6127545798163014,0.2912401154103784,0.3141602765523031,0.4445836493344191,fearful,06,22,22,female,strong,2560
30,1.0010000000000001,True,1.0,0.46542319546208605,0.48745519713261626,0.47643919629735115,1.0778385895154972,-0.07,-0.07240740740740742,0.3113680685808657,0.5692094950024422,0.18339324896887868,0.442032045365454,0.02203200167053021,0.0024074074074074137,0.0008940440519882776,0.293097011741213,0.11217256019431647,0.11021242536333115,0.0,0.9999999987499999,0.608900103533601,0.2936630566712356,0.3160283881217032,0.43152420477069214,fearful,06,22,22,female,strong,2560
40,1.3346666666666667,True,1.0,0.49770691609720386,0.5275742775667118,0.5126405968319578,0.9444805617826334,-0.07550925925925928,-0.07337962962962963,0.33718482786646564,0.4863370056940431,0.18753295608809836,0.5427751693104077,0.02986736146950797,0.002129629629629648,0.01451960386016186,0.3106343283582092,0.10837740305529078,0.11209218103270348,0.0,0.9999999987499999,0.6062276083714736,0.30387225649747324,0.3164874168513476,0.4454000964179478,fearful,06,22,22,female,strong,2560
50,1.6683333333333334,True,1.0,0.4763975489886343,0.47319888922289916,0.4747982191057667,0.8027014086299009,-0.06800925925925927,-0.06675925925925935,0.39160036082801364,0.24324285109997004,0.19098660378297827,0.5915004184634245,0.0031986597657351346,0.0012499999999999178,0.018955192847198803,0.33273151810850715,0.11116368904179291,0.11309836261619884,0.0,0.9999999987499999,0.6033506414284463,0.29655869461080325,0.33077563615397065,0.4486057471191538,fearful,06,22,22,female,strong,2560
60,2.0020000000000002,True,1.0,0.5645533699926886,0.5784832451499122,0.5715183075713004,0.737341665864949,-0.06537037037037041,-0.06365740740740738,0.3642814482010368,0.36859646146594127,0.18823498003510292,0.7751064859475598,0.013929875157223659,0.0017129629629630272,0.028323913842969672,0.36197475607170465,0.11270096199765292,0.11326137041423937,0.0,0.9999999987499999,0.6045801313963086,0.29349286995679136,0.3284586208344815,0.4416644666789934,fearful,06,22,22,female,strong,2560
70,2.3356666666666666,True,1.0,0.22630690678595197,0.23750196932897805,0.23190443805746502,1.0859892069647081,-0.08518518518518514,-0.07925925925925925,0.29078249444321796,0.5100117536906477,0.185457809398365,0.2135421204651082,0.011195062543026074,0.00592592592592589,0.028258657526404888,0.24758710436771258,0.11066045594518699,0.11375839672346941,0.0,0.9999999987499999,0.603649166033601,0.30170006113864006,0.30228976577987066,0.42548525375641444,fearful,06,22,22,female,strong,2560
80,2.6693333333333333,True,1.0,0.6045571205729677,0.6480956877590948,0.6263264041660312,0.9379230793019726,-0.0721296296296296,-0.06805555555555559,0.34129102244587906,0.4688954443097411,0.18019336335274236,0.6677801388917309,0.04353856718612703,0.004074074074074008,0.027731343548981973,0.27741487348282995,0.10729463026346758,0.11057405502676733,0.0,0.9999999987499999,0.6325234683013831,0.29897240707855316,0.28534723374475623,0.4114036348932742,fearful,06,22,22,female,strong,2560
90,3.003,True,1.0,0.6220221830015231,0.6518681025062978,0.6369451427539105,0.8321202585534259,-0.06731481481481483,-0.06273148148148155,0.3370286966852482,0.43721572907044404,0.17398029864685877,0.7654484267228253,0.029845919504774665,0.004583333333333273,0.01816432676376428,0.2955508474576275,0.10731857524964833,0.10881380086902377,0.0,0.9999999987499999,0.6348832325899111,0.296617491938734,0.281949531876308,0.40793983918981525,fearful,06,22,22,female,strong,2560
100,3.336666666666667,True,1.0,0.6131998530567682,0.6380959695423206,0.6256479112995443,0.813051909582469,-0.06500000000000006,-0.061851851851851825,0.3458145049674769,0.4478472241895787,0.16705120231172654,0.7695054939614332,0.024896116485552455,0.003148148148148233,0.014499586176364264,0.31506053770998266,0.10669590497009925,0.11046414531798414,0.0,0.9999999987499999,0.6363706788809274,0.2958318682724689,0.2760219706895854,0.40746328646916735,fearful,06,22,22,female,strong,2560
0,0.0,True,1.0,0.4030810949454646,0.42177177553297723,0.41242643523922096,0.6595475135457074,-0.06560185185185186,-0.061620370370370325,0.32457569719332624,0.444444444444445,0.16945164844089422,0.6253172467014984,0.01869068058751261,0.00398148148148153,0.005645604122569529,0.4279571353377077,0.11535131653622474,0.11038847172183675,0.0,0.9999999987499999,0.6143727541329032,0.28761852682016564,0.29117245827406707,0.4389450217265069,fearful,06,22,22,female,strong,2561
10,0.33366666666666667,True,1.0,0.4921723708951538,0.49212366117951517,0.4921480160373345,0.6827135400574528,-0.06388888888888888,-0.059953703703703676,0.3279091221253556,0.45511111111111174,0.16875406896136047,0.7208704488209191,4.870971563863957e-05,0.003935185185185208,0.01183719564794428,0.3984101442855668,0.11422027729893462,0.1122394091206709,0.0,0.9999999987499999,0.6127398702137105,0.28739884308709013,0.28887512994739495,0.43585212554207864,fearful,06,22,22,female,strong,2561
20,0.6673333333333333,True,1.0,0.2666322089163744,0.28839316909124707,0.27751268900381076,1.0939148114909092,-0.09319444444444447,-0.09152777777777776,0.34213350633578155,0.567468308460909,0.1923805444283331,0.2536876602169647,0.021760960174872668,0.0016666666666667052,0.0054603212570482704,0.253125,0.11130875910552478,0.11496178888774919,0.0,0.9999999987499999,0.615755234187425,0.2982885845529464,0.30213118116344573,0.43172545414133534,fearful,06,22,22,female,strong,2561
30,1.0010000000000001,True,1.0,0.46542319546208716,0.47952692865790736,0.47247506205999723,1.2856763331030323,-0.08416666666666667,-0.08226851851851846,0.297896544125145,0.7062602398892086,0.19444797573213318,0.3674914516934907,0.0141037331958202,0.0018981481481482043,0.006913936291235758,0.23641085278130666,0.11444741603576399,0.11336038659588195,0.0,0.9999999987499999,0.5952860080516581,0.29437866162311094,0.33527577125971414,0.45698344413826725,fearful,06,22,22,female,strong,2561
40,1.3346666666666667,True,1.0,0.3342810306461364,0.32464589770724606,0.32946346417669126,0.9074420165828122,-0.07879629629629636,-0.07726851851851857,0.34456797789029864,0.46057884182177083,0.18416205219965828,0.36306833732183125,0.009635132938890345,0.0015277777777777946,0.003184797069479586,0.32420608960578967,0.1105573895258154,0.11650509051940744,0.0,0.9999999987499999,0.6034959455735419,0.30152249253554014,0.3274487211136299,0.4512949357062366,fearful,06,22,22,female,strong,2561
50,1.6683333333333334,True,1.0,0.39523335140005117,0.37260671156649355,0.38392003148327236,0.6766879554099325,-0.07703703703703707,-0.07199074074074074,0.35711888025503097,0.27052115576092306,0.18698557924659692,0.5673516550929245,0.022626639833557616,0.0050462962962963265,0.011201086238888396,0.36034995539521253,0.111455347189192,0.11498548729562942,0.0,0.9999999987499999,0.6033926532878777,0.30209071105923396,0.3186856687251624,0.44785957049022795,fearful,06,22,22,female,strong,2561
60,2.0020000000000002,True,1.0,0.48592367670618364,0.4731182795698929,0.4795209781380383,0.924296994171954,-0.07388888888888895,-0.07125000000000009,0.3326066071134388,0.5126167982166916,0.18903464384655697,0.5187953451775797,0.012805397136290753,0.0026388888888888573,0.005009273298221121,0.30796618164049483,0.10917754202258081,0.11079833490246635,0.0,0.9999999987499999,0.6151772472426471,0.30192296885476966,0.31190317548542784,0.4288144196292819,fearful,06,22,22,female,strong,2561
70,2.3356666666666666,True,1.0,0.24602619364468595,0.24357916171378594,0.24480267767923594,1.0194087254470496,-0.0977777777777778,-0.09143518518518512,0.345888395828865,0.4538328775397595,0.19040764478510805,0.24014183081656537,0.002447031930900012,0.006342592592592677,0.0069323441982417815,0.27003144207224566,0.09847654981603465,0.11736439336712537,0.0,0.9999999987499999,0.6395298016862996,0.3203005738919011,0.2978516930582389,0.4463677717312625,fearful,06,22,22,female,strong,2561
80,2.6693333333333333,True,1.0,0.4787526416106656,0.493951138169734,0.48635188989019984,0.8207838712264143,-0.08680555555555564,-0.08208333333333334,0.35897482588249485,0.3772802847984389,0.19733398804732605,0.5925456224712279,0.015198496559068408,0.004722222222222294,0.0048221429091383035,0.3179366002437202,0.10795370807941498,0.11250029090540295,0.0,0.9999999987499999,0.6190958594218937,0.3001058357964989,0.30579812708398785,0.4250650898810176,fearful,06,22,22,female,strong,2561
90,3.003,True,1.0,0.3950638405475129,0.4212975582827046,0.40818069941510876,0.8875545927142029,-0.08976851851851841,-0.08379629629629631,0.3418251074798823,0.4853626716970747,0.19116548380802514,0.4598936254353258,0.026233717735191675,0.005972222222222101,0.010741240493073137,0.3080018612990067,0.10943877441331747,0.11054031551576077,0.0,0.9999999987499999,0.6185466566939275,0.29772722558033726,0.2983211856448646,0.41692591519576,fearful,06,22,22,female,strong,2561
100,3.336666666666667,True,1.0,0.539057330625133,0.5693294510261702,0.5541933908256516,0.937151418670734,-0.08041666666666669,-0.07250000000000006,0.33025775083053316,0.5395720289316351,0.17798536684420846,0.5913594962185786,0.030272120401037217,0.007916666666666627,0.006251235295964876,0.27272727272727293,0.10724544711428409,0.11199109331576054,0.0,0.9999999987499999,0.6292259623302445,0.293468716550508,0.2873778340748285,0.41839407161751185,fearful,06,22,22,female,strong,2561
0,0.0,True,1.0,0.4512405361516169,0.4780450412216764,0.46464278868664666,0.6527615702158227,-0.060462962962962996,-0.05791666666666667,0.3386420168596523,0.42357025946810983,0.1687613024282096,0.7118108814724214,0.026804505070059492,0.0025462962962963243,0.0017819367987331413,0.3949185264337137,0.11242552205882353,0.11098913298197345,0.0,0.9999999987499999,0.6205644055512831,0.2910079380039301,0.29172323879381357,0.4468768303890527,disgust,07,22,22,female,normal,2562
10,0.33366666666666667,True,1.0,0.3056372836811789,0.30450009279704665,0.30506868823911276,0.6349206349206349,-0.06412037037037038,-0.06032407407407403,0.3324538258575198,0.40917107583774326,0.1687572336412576,0.4804831839766026,0.001137190884132222,0.003796296296296353,0.0017451661901499457,0.40000000000000036,0.11345611376388225,0.11131319544454554,0.0,0.9999999987499999,0.6209991473464385,0.2902631287153308,0.29094729146414783,0.4415831504345673,disgust,07,22,22,female,normal,2562
20,0.6673333333333333,True,1.0,0.39673148839361844,0.44427307584565223,0.42050228211963536,0.9092771663995278,-0.06527777777777771,-0.06152777777777785,0.34289851880907835,0.4071246819338418,0.17232186774333413,0.4624577605799799,0.047541587452033796,0.0037499999999998646,0.004000323396879171,0.31062338143824075,0.1136088139983646,0.11029703021884624,0.0,0.9999999987499999,0.6207786909138656,0.29168842575724957,0.3046434446677189,0.4499824143532751,disgust,07,22,22,female,normal,2562
30,1.0010000000000001,True,1.0,0.3751811077635852,0.40175758183094845,0.3884693447972668,0.948148148148149,-0.051851851851851816,-0.04870370370370375,0.35902650130608044,0.3160493827160493,0.16693013030240456,0.40971376209086696,0.026576474067363243,0.0031481481481480666,0.01219907552967103,0.3128084897098666,0.1115152607349411,0.11359344940861303,0.0,0.9999999987499999,0.6159361340082908,0.29272759205649346,0.3072066529720929,0.4570945989447171,disgust,07,22,22,female,normal,2562
40,1.3346666666666667,True,1.0,0.23274873175011523,0.24401076715737904,0.23837974945374713,0.8129312322671424,-0.056435185185185144,-0.04912037037037026,0.3429050791342519,0.3030718096186824,0.17467327532724206,0.2932348272423265,0.01126203540726381,0.007314814814814885,0.0047504881436172645,0.37175445863571893,0.11296672358863263,0.11198008992460647,0.0,0.9999999987499999,0.6125426311618397,0.2942297401218156,0.3024650474877149,0.43577904823091584,disgust,07,22,22,female,normal,2562
50,1.6683333333333334,True,1.0,0.4227901669986782,0.44473731629698093,0.4337637416478296,1.0077752832925782,-0.06268518518518518,-0.05800925925925926,0.3386846228027751,0.3989110496366453,0.1876968367849136,0.4304171265548879,0.021947149298302715,0.004675925925925917,0.00879931742540841,0.29719970871380097,0.11306909366303629,0.11119345954690277,0.0,0.9999999987499999,0.6085072546127827,0.2948668783061635,0.3101418913637918,0.43854843634963614,disgust,07,22,22,female,normal,2562
60,2.0020000000000002,True,1.0,0.4421438976548505,0.4792177558617637,0.4606808267583071,1.005933765102745,-0.055787037037037135,-0.05101851851851852,0.344948641458105,0.4478472241895778,0.18214728491871637,0.45796337963787676,0.03707385820691317,0.004768518518518616,0.011701457806578773,0.30082575609810197,0.11081021925346925,0.11411448850570959,0.0,0.9999999987499999,0.6139402862238645,0.29276614188247235,0.3030615582354003,0.44235440254020203,disgust,07,22,22,female,normal,2562
70,2.3356666666666666,True,1.0,0.21195857607691504,0.2213494757094857,0.21665402589320037,0.8171601139532306,-0.06995370370370363,-0.06314814814814812,0.33064120577749245,0.32254749749622774,0.18556514895392778,0.2651304465229936,0.00939089963257067,0.006805555555555509,0.018435851522134356,0.33596830685767853,0.11155241198220948,0.11271497136054448,0.0,0.9999999987499999,0.6118027362116721,0.29228211137647203,0.3017500163545784,0.4333930481769152,disgust,07,22,22,female,normal,2562
80,2.6693333333333333,True,1.0,0.4584532816504179,0.48725493051003027,0.47285410608022405,0.7518555934687032,-0.0642592592592593,-0.0556018518518519,0.346780716531533,0.3417525424857738,0.18153432709562803,0.628916124569481,0.028801648859612394,0.008657407407407391,0.017322573975194773,0.3784090909090909,0.10890374589938524,0.11037918752148984,0.0,0.9999999987499999,0.6345539875872224,0.2911085510388257,0.2793120814927757,0.4010354422172861,disgust,07,22,22,female,normal,2562
90,3.003,True,1.0,0.4807454376224501,0.5363901137659651,0.5085677756942076,0.6921540549988255,-0.06245370370370368,-0.05407407407407405,0.3502040825974256,0.3256997455470735,0.18014763030410896,0.7347609567859436,0.05564467614351504,0.008379629629629626,0.020462885789228058,0.39703467504182977,0.11179158889817216,0.11348951372170805,0.0,0.9999999987499999,0.6126850728572678,0.2908282370685947,0.29979934083051374,0.44063617655738824,disgust,07,22,22,female,normal,2562
100,3.336666666666667,True,1.0,0.5362949273227618,0.5784708328797517,0.5573828801012568,0.7138047138047143,-0.06078703703703714,-0.05203703703703694,0.35482250276449034,0.3232323232323231,0.1795495016590325,0.7808618650475149,0.0421759055569898,0.008750000000000202,0.012383551148566926,0.4037430005168604,0.10752184894227378,0.11035312106279956,0.0,0.9999999987499999,0.6366604831620148,0.29104122243177344,0.2748069150592643,0.3999714117360376,disgust,07,22,22,female,normal,2562
110,3.6703333333333332,True,1.0,0.47402333099290933,0.5141265496439067,0.49407494031840804,0.7057240682448683,-0.06328703703703698,-0.054305555555555496,0.34838867904515924,0.31212892281594584,0.18088653224666917,0.7000964860772987,0.04010321865099736,0.00898148148148148,0.020119827120804668,0.3790716773816995,0.11484853280922135,0.11022222841859709,0.0,0.9999999987499999,0.6126101749059,0.29074908629242935,0.30433735512547005,0.43959880173971694,disgust,07,22,22,female,normal,2562
0,0.0,True,1.0,0.4981606560195283,0.5059138809386217,0.502037268479075,0.6667854382306585,-0.06356481481481485,-0.058148148148148115,0.33684141782688554,0.39579516048659474,0.17291843152964811,0.7529217641753707,0.00775322491909336,0.005416666666666736,0.005542356060131041,0.38661257826241624,0.11520361261830474,0.10898042497566884,0.0,0.9999999987499999,0.6188226210249725,0.29104411649729695,0.30004144470261446,0.44871858039102364,disgust,07,22,22,female,normal,2563
10,0.33366666666666667,True,1.0,0.22215397570744058,0.21347760491777457,0.21781579031260756,0.6477023676126141,-0.07388888888888895,-0.06768518518518518,0.3394464887320324,0.40650748041823204,0.17430949483188368,0.3362899399541512,0.008676370789666016,0.006203703703703767,0.006966626262794063,0.3949185264337137,0.11285640939029887,0.11106677429485433,0.0,0.9999999987499999,0.6176373516750451,0.2903438667058644,0.2932498056791504,0.43947128827266446,disgust,07,22,22,female,normal,2563
20,0.6673333333333333,True,1.0,0.4450072478760822,0.42275643834311943,0.4338818431096008,0.9798131584839431,-0.05814814814814817,-0.05157407407407405,0.33415186156774945,0.5108860811135992,0.16738344696828983,0.4428210004659895,0.022250809532962768,0.006574074074074121,0.010303998606225485,0.28268839532180995,0.11475157892941748,0.10980386339545693,0.0,0.9999999987499999,0.6157019136170093,0.2904316882251979,0.3114683507308161,0.44892123276399865,disgust,07,22,22,female,normal,2563
30,1.0010000000000001,True,1.0,0.38889576512853874,0.40852098686173977,0.39870837599513925,0.9427058869792969,-0.05337962962962961,-0.050416666666666665,0.3501293452291799,0.4376707455338716,0.1680669046848666,0.42294036931573276,0.019625221733201026,0.002962962962962945,0.0008916629334276066,0.29765482103038093,0.11303362181389609,0.11071447007978101,0.0,0.9999999987499999,0.6086726329047244,0.29487871744170485,0.3155970271186649,0.4581582239471297,disgust,07,22,22,female,normal,2563
40,1.3346666666666667,True,1.0,0.41639762100440714,0.3944340562802999,0.40541583864235353,0.8684862305147297,-0.05407407407407405,-0.051203703703703696,0.3474155476533517,0.41387198422556404,0.17292372601051914,0.46680744541231683,0.02196356472410721,0.0028703703703703565,0.012771494915381047,0.3266807461147172,0.11193999892678577,0.11233005843546608,0.0,0.9999999987499999,0.6095761918204782,0.29562350169113555,0.31271691201604146,0.45173727464789765,disgust,07,22,22,female,normal,2563
50,1.6683333333333334,True,1.0,0.41508860716835516,0.41575088812410854,0.41541974764623185,1.1478561412294404,-0.05513888888888896,-0.058888888888888935,0.33364009804603745,0.5243167059477656,0.17364670316586833,0.3619092434364519,0.0006622809557533804,0.0037499999999999756,4.556709282830625e-05,0.2572346638154982,0.11354712530293948,0.11018776647685972,0.0,0.9999999987499999,0.6066196009810174,0.29589505796353693,0.3205487968365457,0.4576756532527744,disgust,07,22,22,female,normal,2563
60,2.0020000000000002,True,1.0,0.4014306448060408,0.3927272083497173,0.397078926577879,0.6327671226697272,-0.06662037037037044,-0.05990740740740741,0.3500689560628757,0.33657825673921654,0.1778052414767488,0.6275277465468672,0.008703436456323488,0.006712962962963032,0.009315499527526371,0.4308510638297875,0.11434478435378123,0.10918543808223066,0.0,0.9999999987499999,0.6056193685911866,0.29344582031686584,0.30828918723797766,0.442014985916117,disgust,07,22,22,female,normal,2563
70,2.3356666666666666,True,1.0,0.38096010735169133,0.3878598575799836,0.38440998246583746,0.8176100385581004,-0.06731481481481483,-0.0627314814814815,0.3334990548796026,0.4440468312858648,0.17570139218256636,0.4701629925480921,0.006899750228292256,0.004583333333333328,0.00808077981074156,0.3508366507780113,0.11368248465284235,0.11039381379410114,0.0,0.9999999987499999,0.6056790040391156,0.2958056431898232,0.31131007783312203,0.4479890479546257,disgust,07,22,22,female,normal,2563
80,2.6693333333333333,True,1.0,0.4655544098319671,0.4714951667914448,0.46852478831170596,0.8312386763062434,-0.060740740740740706,-0.059166666666666534,0.32670439874905616,0.40126876630237784,0.1771935931247076,0.5636465213501362,0.005940756959477711,0.001574074074074172,0.012561768576184365,0.34912151283719917,0.11579853703679795,0.10991924188432371,0.0,0.9999999987499999,0.6095872381999674,0.29420774973910974,0.31352993088418435,0.43992699416962366,disgust,07,22,22,female,normal,2563
90,3.003,True,1.0,0.5019254985007414,0.5212164315132536,0.5115709650069975,0.7679640008081026,-0.05995370370370373,-0.05939814814814803,0.32903520031933264,0.41951312990378486,0.17435850949207057,0.6661392519293725,0.019290933012512168,0.0005555555555556979,0.012992781373777582,0.3546312410274024,0.11442488345200243,0.10927597902897154,0.0,0.9999999987499999,0.6078112882731218,0.2939746044307102,0.3102178512979007,0.43556829704360694,disgust,07,22,22,female,normal,2563
100,3.336666666666667,True,1.0,0.2763979026905272,0.2517228060028981,0.26406035434671266,0.7679640008081026,-0.06912037037037033,-0.06717592592592597,0.3301958250569887,0.39107156177471486,0.1750527438652865,0.34384470374763776,0.024675096687629128,0.0019444444444443598,0.007298841637047023,0.3645635550311331,0.11302129977762206,0.11089897785647852,0.0,0.9999999987499999,0.6104321176204857,0.29385189521959254,0.30638684711836706,0.43214085972334376,disgust,07,22,22,female,normal,2563
110,3.6703333333333332,True,1.0,0.4513194622662653,0.4510613575524123,0.4511904099093388,0.7884906720112155,-0.0643055555555555,-0.062037037037037,0.3257474243159593,0.43723105216155306,0.1702397538406829,0.5722203520283637,0.0002581047138530135,0.002268518518518503,0.008647069883171302,0.3481840808797675,0.11472335088238979,0.1105250280965479,0.0,0.9999999987499999,0.6109320195421919,0.29494077435216365,0.3120143599022281,0.4412122781547446,disgust,07,22,22,female,normal,2563
0,0.0,True,1.0,0.5335553264845867,0.5410578059823127,0.5373065662334497,0.6738141353797752,-0.06337962962962956,-0.06180555555555556,0.3280760404019052,0.4372310521615528,0.16805600953544342,0.7974106478645079,0.007502479497725978,0.0015740740740740056,0.0007431288388415622,0.3835418172895456,0.11266694805878803,0.11108758868734057,0.0,0.9999999987499999,0.6180396648815776,0.2909865900949646,0.2920984263610713,0.45186571515801754,disgust,07,22,22,female,normal,2564
10,0.33366666666666667,True,1.0,0.5202270281982818,0.5181451764989311,0.5191861023486064,0.6882192944127534,-0.06388888888888888,-0.061620370370370436,0.3253318443524756,0.4587813620071678,0.16736156697472787,0.7543905068683372,0.002081851699350712,0.0022685185185184475,0.009360764851433988,0.3632563080250766,0.11378638111361182,0.10994067954419091,0.0,0.9999999987499999,0.6156812708364595,0.2902861983943548,0.2945643512920673,0.44784210499851806,disgust,07,22,22,female,normal,2564
20,0.6673333333333333,True,1.0,0.19785274538187905,0.19660077528804526,0.19722676033496217,1.0611666655021426,-0.06351851851851859,-0.06157407407407406,0.3413022470753816,0.5305267117322683,0.16806281908660353,0.18585842049762724,0.001251970093833793,0.0019444444444445264,0.0031339066651081926,0.25598411444519664,0.11289288518563181,0.11051371916919582,0.0,0.9999999987499999,0.6183813000669016,0.293105725626159,0.30671577950392964,0.45478767806136744,disgust,07,22,22,female,normal,2564
30,1.0010000000000001,True,1.0,0.25624872376386776,0.2733118546025068,0.2647802891831873,1.0035135015427636,-0.05268518518518528,-0.04916666666666675,0.3306672081226123,0.3942247191620559,0.16395591040729382,0.2638532404159228,0.01706313083863903,0.003518518518518532,0.005155110499394216,0.30534728446636483,0.1102622186694627,0.11297001742269458,0.0,0.9999999987499999,0.6164482756149334,0.29350077339781183,0.3026964727571758,0.4525517374152882,disgust,07,22,22,female,normal,2564
40,1.3346666666666667,True,1.0,0.37523844659211636,0.38829013735766027,0.3817642919748883,0.8258158571425306,-0.054814814814814816,-0.04898148148148146,0.33779904861594096,0.3709172917674074,0.16467416566563683,0.4622874320866888,0.01305169076554391,0.005833333333333357,0.011940285441718806,0.36268439029480765,0.11168957012676371,0.10966438895506216,0.0,0.9999999987499999,0.6193592174760529,0.2938017694115163,0.2913645032198858,0.4249721497388212,disgust,07,22,22,female,normal,2564
50,1.6683333333333334,True,1.0,0.4789053218060351,0.4853626716970756,0.4821339967515553,0.9734804305575149,-0.06050925925925932,-0.05458333333333332,0.3351060272613533,0.5008319854614178,0.17455749002128457,0.49526829879408657,0.006457349891040465,0.005925925925926001,0.007139360520120668,0.2856844269494579,0.11270455723163247,0.10897122993892759,0.0,0.9999999987499999,0.6221891937868897,0.2932461529499597,0.29548738583021616,0.42737230483295335,disgust,07,22,22,female,normal,2564
60,2.0020000000000002,True,1.0,0.47175320002175747,0.5019254985007408,0.4868393492612491,1.0296030879736422,-0.05870370370370365,-0.05319444444444449,0.3370325042401489,0.46542319546208577,0.18010527453443298,0.4728417726673642,0.030172298478983284,0.005509259259259158,0.010466363513509163,0.27738902549084243,0.10797904422282364,0.11331974359270104,0.0,0.9999999987499999,0.6192718439954107,0.2934001145929192,0.2923504748635372,0.4215362082487714,disgust,07,22,22,female,normal,2564
70,2.3356666666666666,True,1.0,0.37175733023083807,0.37260671156649416,0.37218202089866614,0.832792492000141,-0.05666666666666659,-0.05069444444444443,0.3300926450806333,0.3445875848136893,0.17785028992138466,0.44690847296760106,0.0008493813356560964,0.005972222222222157,0.01767723042960723,0.3337578258429512,0.11071247824390441,0.11184951083251105,0.0,0.9999999987499999,0.6111710717490121,0.2955430559945878,0.29002748134497003,0.41658919256628046,disgust,07,22,22,female,normal,2564
80,2.6693333333333333,True,1.0,0.4138693573900323,0.42993082103826213,0.42190008921414723,0.7503936184180852,-0.056805555555555554,-0.04884259259259266,0.36155923905860177,0.3159398241136641,0.17439132410786204,0.5622383757787819,0.016061463648229857,0.007962962962962894,0.02421309645318849,0.3753918799134365,0.113255217150066,0.10927406691930788,0.0,0.9999999987499999,0.6141572195909614,0.29420730363737213,0.3040285717496498,0.4266114496900134,disgust,07,22,22,female,normal,2564
90,3.003,True,1.0,0.42674533060903613,0.4294020074155409,0.4280736690122885,0.708028303455566,-0.06148148148148147,-0.05481481481481487,0.35462906497786917,0.3539344262360424,0.17165627413460116,0.6045996564304766,0.0026566768065047763,0.006666666666666599,0.025119979052822282,0.39305316422249303,0.11081466394227568,0.11140676942090957,0.0,0.9999999987499999,0.623211415011317,0.2917549442420079,0.2912533161809806,0.42105854952517435,disgust,07,22,22,female,normal,2564
100,3.336666666666667,True,1.0,0.47727595487103947,0.49304257035037574,0.48515926261070763,0.6864756762105455,-0.06157407407407406,-0.055972222222222257,0.3521447714830485,0.3431543602279671,0.17097797008486298,0.706739188908868,0.015766615479336277,0.005601851851851802,0.022904146538474123,0.4084596585755556,0.11211996603120711,0.10991982208465803,0.0,0.9999999987499999,0.62304879705007,0.29115815417191243,0.2901324921954818,0.4188231822936266,disgust,07,22,22,female,normal,2564
110,3.6703333333333332,True,1.0,0.4488662628499538,0.4648687091874967,0.45686748601872523,0.6964371613176236,-0.05921296296296291,-0.05430555555555555,0.3451551047391453,0.35502480260744335,0.17101187951141808,0.6560067604008311,0.016002446337542886,0.00490740740740736,0.023454004032942302,0.3989664349034993,0.11364911571537702,0.10868919202229624,0.0,0.9999999987499999,0.6207691104019734,0.29182396962622353,0.29319050663278445,0.4216576631428394,disgust,07,22,22,female,normal,2564
0,0.0,True,1.0,0.4925319709684364,0.5044079758138538,0.49846997339114507,0.6475179619325495,-0.06361111111111112,-0.061481481481481415,0.3367648144908727,0.4270557317354172,0.16805600953544347,0.7698164416990637,0.011876004845417398,0.0021296296296297035,0.010282211900678852,0.4074415858933546,0.11505287529427442,0.1077339765087814,0.0,0.9999999987499999,0.6151604353850915,0.29029677249408453,0.2933525731721713,0.43640538842556215,disgust,07,22,22,female,normal,2565
10,0.33366666666666667,True,1.0,0.4849092885419477,0.4908983251053983,0.487903806823673,0.8398496410993928,-0.06300925925925921,-0.05884259259259267,0.3331339716974539,0.4828923232443599,0.1680573714677489,0.5809418530976447,0.005989036563450623,0.004166666666666541,0.013046155595519861,0.32853357056635435,0.11504435286423206,0.10791976014422236,0.0,0.9999999987499999,0.6150997807951306,0.2911835193357632,0.2919499625550462,0.4282920800569494,disgust,07,22,22,female,normal,2565
20,0.6673333333333333,True,1.0,0.4099319327584644,0.45828577520445996,0.43410885398146215,1.0021764069788315,-0.04916666666666675,-0.04675925925925917,0.3557058606341725,0.4008592887825745,0.17019313924806512,0.4331661082404943,0.048353842445995554,0.00240740740740758,0.0022524562294131555,0.2862367943925051,0.10967730184106264,0.11201756842234084,0.0,0.9999999987499999,0.6140158060724291,0.2937455891771661,0.3003531873294081,0.4375307558730167,disgust,07,22,22,female,normal,2565
30,1.0010000000000001,True,1.0,0.16703207645827267,0.15268660459185254,0.15985934052506262,0.9731899269985316,-0.05574074074074076,-0.051851851851851816,0.3351798393181231,0.39490452948298227,0.16391867961350398,0.1642632502558813,0.014345471866420129,0.0038888888888889417,0.003153921660556827,0.3423799276045825,0.11158874002512857,0.10959328187422895,0.0,0.9999999987499999,0.6185213986453957,0.2951953406691111,0.3111682952074881,0.4451471372491288,disgust,07,22,22,female,normal,2565
40,1.3346666666666667,True,1.0,0.30074223738748124,0.2912176030182451,0.2959799202028632,0.8598206886244013,-0.052361111111111136,-0.0467129629629629,0.34275825092068857,0.3466876226407682,0.160464219480565,0.3442344713481966,0.009524634369236118,0.005648148148148235,0.004563968075157018,0.3451209421462919,0.11228771923439834,0.10887700602778287,0.0,0.9999999987499999,0.6210782234612595,0.29342895644910044,0.3002429562371938,0.43181547882145055,disgust,07,22,22,female,normal,2565
50,1.6683333333333334,True,1.0,0.33493928542452595,0.33621281206030873,0.3355760487424173,0.8414256367877955,-0.051435185185185195,-0.04726851851851843,0.34919209860290046,0.3256997455470737,0.16528193221939325,0.39881842681131474,0.0012735266357827846,0.004166666666666763,0.008238573765639478,0.36324652250581024,0.1125403212946387,0.11291593821800955,0.0,0.9999999987499999,0.6189157141762957,0.2930818793549251,0.3042631634364308,0.44414144128331773,disgust,07,22,22,female,normal,2565
60,2.0020000000000002,True,1.0,0.2295794901408511,0.21426248555598856,0.22192098784841985,1.0706961967262891,-0.0618055555555555,-0.060740740740740706,0.32053055026031735,0.42534506445290987,0.17293254978509282,0.20726793326338053,0.015317004584862542,0.0010648148148147962,0.007137903979755852,0.28543164622535616,0.11403759417636834,0.11157447773966422,0.0,0.9999999987499999,0.6163901036664666,0.2925411087211767,0.30474505493324283,0.44119104836748213,disgust,07,22,22,female,normal,2565
70,2.3356666666666666,True,1.0,0.3646028402660181,0.38888531781620345,0.37674407904111074,0.8462239917492471,-0.05995370370370362,-0.054120370370370485,0.3361186429556326,0.39490452948298205,0.17430949483188374,0.44520609521166526,0.024282477550185366,0.005833333333333135,0.0021336031736268273,0.3472751695741839,0.11240467430438918,0.10980230968468553,0.0,0.9999999987499999,0.6162625262136104,0.2941907774264938,0.30612323129961316,0.4432570290732464,disgust,07,22,22,female,normal,2565
80,2.6693333333333333,True,1.0,0.369271386696938,0.375000000000001,0.3721356933484695,0.9089424332154805,-0.05796296296296288,-0.05393518518518514,0.3494619811493968,0.37984315290650655,0.1652893176355511,0.4094161299434552,0.005728613303063013,0.004027777777777741,0.00032723474755645503,0.32877168866145495,0.11062279915464363,0.1114264348217456,0.0,0.9999999987499999,0.6191955103135004,0.29308349689994473,0.305515161649906,0.45079789029075384,disgust,07,22,22,female,normal,2565
90,3.003,True,1.0,0.4239821601493637,0.4305359186767348,0.4272590394130492,0.588368822481357,-0.06125000000000003,-0.05972222222222218,0.36443963801024143,0.29409252168315314,0.17013933730985403,0.7261755264515011,0.006553758527371112,0.00152777777777785,0.01233639885623105,0.4504076323325952,0.11138857235391597,0.11066092363040309,0.0,0.9999999987499999,0.6216705908457133,0.2926816589528941,0.29886237780449054,0.442109127504812,disgust,07,22,22,female,normal,2565
100,3.336666666666667,True,1.0,0.436534422979835,0.4366948480246188,0.4366146355022269,0.6190536463680354,-0.06333333333333335,-0.058287037037037026,0.3624342487078288,0.3226057736801954,0.1715282225678134,0.7052936979918116,0.00016042504478375186,0.0050462962962963265,0.015725448561116087,0.45515429072281555,0.11209844150258934,0.11114819438590443,0.0,0.9999999987499999,0.6182709303330708,0.29169645245817755,0.29826358872452075,0.43903701048781685,disgust,07,22,22,female,normal,2565
110,3.6703333333333332,True,1.0,0.46401339544713516,0.4789556397689365,0.47148451760803584,0.6319230344700247,-0.06300925925925921,-0.058611111111111114,0.3614650820140365,0.3422681427898029,0.17361111111111105,0.7461106683719102,0.014942244321801357,0.0043981481481480955,0.01852904672774829,0.43556124477760066,0.11145787328935394,0.11213087032423256,0.0,0.9999999987499999,0.6191134662067953,0.291273856862083,0.2963395912906643,0.4388607714769831,disgust,07,22,22,female,normal,2565
0,0.0,True,1.0,0.46529176136613576,0.4649035758403279,0.4650976686032318,0.6110521775933394,-0.06143518518518526,-0.05791666666666667,0.33417829249410785,0.4096827099773522,0.1708333333333334,0.7611423142865524,0.00038818552580788257,0.0035185185185185874,0.002421375236526248,0.460227272727272,0.11667775984335689,0.10968252852769142,0.0,0.9999999987499999,0.6187253938137756,0.29003054714027277,0.29843700598300726,0.4389131745296095,disgust,07,22,22,female,strong,2566
10,0.33366666666666667,True,1.0,0.5001156202302971,0.48592367670618253,0.4930196484682398,0.7080602146290087,-0.06083333333333335,-0.0562962962962964,0.3343001566071619,0.4303895422254756,0.16944849673013346,0.696296216454641,0.01419194352411457,0.004537037037036951,0.004366006845697646,0.38602941176470607,0.11647048152107686,0.11007582653867626,0.0,0.9999999987499999,0.6162941670887105,0.2893193574635559,0.29840963015685845,0.43526462071308675,disgust,07,22,22,female,strong,2566
20,0.6673333333333333,True,1.0,0.3581977097487571,0.3606814599710543,0.3594395848599057,1.4160605119343594,-0.08004629629629628,-0.07259259259259254,0.3071159697199425,0.7306138851905453,0.18889252403601006,0.2538306674260028,0.0024837502222971874,0.00745370370370374,0.01503543641926884,0.21568418433113165,0.11245345913054099,0.11434327322008234,0.0,0.9999999987499999,0.606461694013543,0.2959517912469347,0.32355572960768375,0.4438776025128956,disgust,07,22,22,female,strong,2566
30,1.0010000000000001,True,1.0,0.4029242106905435,0.4010985657083476,0.4020113881994456,0.9316011941597323,-0.0652314814814815,-0.0553703703703704,0.36637311969008624,0.3881197892206288,0.18832574809705546,0.43152734315894054,0.0018256449821958953,0.009861111111111098,0.0064302373301508165,0.3283787303457967,0.11050015460000571,0.11086277153814643,0.0,0.9999999987499999,0.609428577501313,0.30074121578784907,0.318756840281695,0.43907768111543033,disgust,07,22,22,female,strong,2566
40,1.3346666666666667,True,1.0,0.1392732386883254,0.14639025458687221,0.1428317466375988,0.8751656494660979,-0.062083333333333324,-0.05203703703703699,0.34730840803269664,0.29398960558818177,0.1834835015461247,0.1632053848602656,0.007117015898546825,0.010046296296296331,0.028227549342012253,0.34276019905091504,0.11045522445839144,0.1110791862459607,0.0,0.9999999987499999,0.5985566446578631,0.3051765894866131,0.308076383558735,0.41488694400237563,disgust,07,22,22,female,strong,2566
50,1.6683333333333334,True,1.0,0.25789256196097055,0.28623579430567997,0.2720641781333253,1.3752981461689195,-0.06870370370370377,-0.05717592592592585,0.3096912419623281,0.5099012746226426,0.189834685211682,0.1978219623804461,0.028343232344709424,0.011527777777777914,0.027454525618218963,0.22119019488329322,0.10991886633097642,0.11212090302190494,0.0,0.9999999987499999,0.5969109214701506,0.30279407737947067,0.3033631582954177,0.41591676018084045,disgust,07,22,22,female,strong,2566
60,2.0020000000000002,True,1.0,0.3125371756150105,0.3407407407407419,0.3266389581778762,0.9790822424328197,-0.05870370370370365,-0.049212962962963014,0.36549030779934377,0.20886500414003256,0.186432225179185,0.33361748791015244,0.02820356512573141,0.009490740740740633,0.034230092624136774,0.315273193732082,0.11190753499928895,0.10978957047618486,0.0,0.9999999987499999,0.5919591157947555,0.307666560876959,0.3170440088195184,0.43141583086308094,disgust,07,22,22,female,strong,2566
70,2.3356666666666666,True,1.0,0.29252991652304194,0.30141962417835383,0.29697477035069786,0.9137554628060998,-0.05754629629629637,-0.04745370370370372,0.35819717162664405,0.24859523620460058,0.18387187119666,0.32500464559599174,0.008889707655311885,0.010092592592592653,0.0333550773882722,0.32294529698766783,0.1058049491823535,0.10836922606965858,0.0,0.9999999987499999,0.6270275449476665,0.3042094036290054,0.2773077336391982,0.3909973134027673,disgust,07,22,22,female,strong,2566
80,2.6693333333333333,True,1.0,0.19845173530556634,0.2213494757094857,0.20990060550752604,0.9312507509491222,-0.06106481481481485,-0.0537037037037037,0.34098490781803287,0.3104056437389769,0.18303988826881024,0.22539644160672864,0.02289774040391937,0.007361111111111152,0.038190082398169165,0.33237429253973255,0.11090985875973934,0.11216452641039092,0.0,0.9999999987499999,0.6023795417307546,0.30133702705498994,0.29611532403159646,0.41584979486187584,disgust,07,22,22,female,strong,2566
90,3.003,True,1.0,0.2821839789024691,0.322059351915802,0.30212166540913554,1.1376300412226663,-0.0662962962962963,-0.05810185185185174,0.31842859625972636,0.3943340542045408,0.19091823731914503,0.26557110348846863,0.03987537301333288,0.00819444444444456,0.028407829472395327,0.2702986107557865,0.11225289546784353,0.10891290920584522,0.0,0.9999999987499999,0.5979674310818077,0.3043998417598514,0.2961334262132242,0.40791184157361843,disgust,07,22,22,female,strong,2566
100,3.336666666666667,True,1.0,0.31678624203156086,0.3555947041746979,0.3361904731031294,0.8814063415516663,-0.0678703703703703,-0.05625000000000002,0.34930492381594497,0.3050907713868617,0.19630999620615375,0.38142506725250575,0.038808462143137046,0.011620370370370281,0.03546620566858111,0.33783781460073176,0.11069371220290933,0.10858403652562329,0.0,0.9999999987499999,0.6112721600827832,0.2991998532836347,0.28735425177674884,0.39939119784072735,disgust,07,22,22,female,strong,2566
110,3.6703333333333332,True,1.0,0.40877811278418175,0.43697293418466615,0.4228755234844239,0.6980390791248593,-0.06879629629629624,-0.05523148148148155,0.3616988446513735,0.2172651128866616,0.19567339824068003,0.6058049414863541,0.028194821400484404,0.013564814814814696,0.032095243892789706,0.41553808544374027,0.10884596820409959,0.11095250315917661,0.0,0.9999999987499999,0.6156755857264781,0.30058642767278915,0.2812555034953272,0.394394826919693,disgust,07,22,22,female,strong,2566
120,4.0040000000000004,True,1.0,0.4548111815600818,0.47386611263441325,0.46433864709724754,0.7218989515698171,-0.07115740740740745,-0.055046296296296204,0.35908669482897376,0.2538775495622969,0.1921536657915397,0.6432183425221942,0.019054931074331427,0.016111111111111243,0.03453236788608235,0.3960729304920072,0.10834710113549315,0.10884506977434168,0.0,0.9999999987499999,0.6254031197635304,0.30018032680025614,0.2823048406594624,0.39655385050856395,disgust,07,22,22,female,strong,2566
0,0.0,True,1.0,0.49181277082187114,0.49089832510539777,0.49135554796363445,0.5974265840595392,-0.06361111111111112,-0.05717592592592602,0.33543258991366204,0.37499999999999983,0.17361111111111105,0.8224534379184343,0.0009144457164733666,0.006435185185185099,0.018488456529437362,0.45769222076122074,0.11382424925256973,0.11213244465948383,0.0,0.9999999987499999,0.6222059430100165,0.2897734541888412,0.2953845942379909,0.4389173966699724,disgust,07,22,22,female,strong,2567
10,0.33366666666666667,True,1.0,0.4921723708951538,0.49935202922812416,0.49576220006163896,0.6114937147750074,-0.06361111111111106,-0.05777777777777765,0.32955511858976255,0.3910715617747137,0.17569618140473187,0.8107396496201917,0.007179658332970351,0.0058333333333334125,0.01205380381964158,0.45784883720930225,0.11456103444751314,0.10772757934548573,0.0,0.9999999987499999,0.6212137062168617,0.29064794544164807,0.2926048036556964,0.42870772622968306,disgust,07,22,22,female,strong,2567
20,0.6673333333333333,True,1.0,0.41719357709489024,0.43017593485371397,0.4236847559743021,0.8472582422044719,-0.062129629629629646,-0.057731481481481495,0.3384895966996991,0.4444444444444452,0.17500392364463033,0.5000656645982238,0.012982357758823726,0.004398148148148151,0.011515986903324326,0.3415676121275337,0.11366799783150758,0.10831823641109069,0.0,0.9999999987499999,0.6166803294286465,0.29075540807548084,0.30043084131244996,0.43185763675627054,disgust,07,22,22,female,strong,2567
30,1.0010000000000001,True,1.0,0.13867504905630668,0.11359078421126591,0.12613291663378629,1.0581344973824083,-0.06296296296296289,-0.057685185185185284,0.35127194098813774,0.33914567223795145,0.165285163379568,0.11920310409103128,0.02508426484504077,0.005277777777777604,0.005033099849594672,0.3028846153846152,0.11027584755961123,0.11677161444766883,0.0,0.9999999987499999,0.6078047217324429,0.3004149212750559,0.325909782823501,0.45524244134370473,disgust,07,22,22,female,strong,2567
40,1.3346666666666667,True,1.0,0.30929930205751655,0.28140342673951835,0.29535136439851745,0.8747795414462066,-0.07023148148148145,-0.06041666666666684,0.3345683022334354,0.36684303350969977,0.18127062450005693,0.33762948309266066,0.027895875317998198,0.00981481481481461,0.015224034333670011,0.3447580645161304,0.1142081682552381,0.11275975723846442,0.0,0.9999999987499999,0.6089159377891782,0.29650769777352154,0.3232679637315481,0.4417660745769481,disgust,07,22,22,female,strong,2567
50,1.6683333333333334,True,1.0,0.3727810310374305,0.35783500617961667,0.3653080186085236,1.2349606581460224,-0.07430555555555562,-0.06625000000000003,0.3127189781725818,0.6023631460032685,0.18265935656628304,0.29580538958782715,0.014946024857813822,0.008055555555555594,0.010061122171955806,0.25378709219396517,0.11436716450519963,0.11327328026388003,0.0,0.9999999987499999,0.600027691779837,0.2995607208429541,0.32736351073426634,0.44718671956184547,disgust,07,22,22,female,strong,2567
60,2.0020000000000002,True,1.0,0.3579863819189044,0.35147647961081413,0.35473143076485925,1.0061909785775482,-0.07842592592592607,-0.07509259259259266,0.35544508313111484,0.35080447533889925,0.1966038521108732,0.3525488086430102,0.006509902308090287,0.0033333333333334103,0.012742995661316758,0.3266836396813213,0.11214570337123668,0.11497701383812753,0.0,0.9999999987499999,0.6012174321759954,0.2983026309284376,0.32642661407563617,0.44653873474364175,disgust,07,22,22,female,strong,2567
70,2.3356666666666666,True,1.0,0.42970382463166595,0.4090082626788036,0.41935604365523477,0.9092484495425067,-0.07370370370370366,-0.07018518518518518,0.3434789570078746,0.44083172308172097,0.18977800930782338,0.46121172256739734,0.020695561952862374,0.0035185185185184764,0.01136541395983592,0.3494191280545915,0.11464409714404243,0.1123165149869728,0.0,0.9999999987499999,0.6084103027617296,0.2946932693585037,0.32059069802198525,0.4433291709046309,disgust,07,22,22,female,strong,2567
80,2.6693333333333333,True,1.0,0.3352045066273617,0.31512106906619686,0.32516278784677927,1.0856899993901188,-0.0809259259259259,-0.07962962962962966,0.2989120476609514,0.5821042281219279,0.19453270740597656,0.2994987409200029,0.02008343756116482,0.0012962962962962399,0.002441098512540444,0.28528817014831886,0.11502622094754804,0.11158417965047455,0.0,0.9999999987499999,0.6091003678971588,0.2934134158025184,0.31994171871433497,0.4422120274487163,disgust,07,22,22,female,strong,2567
90,3.003,True,1.0,0.3793880989681078,0.39522315161204363,0.38730562529007573,1.1822098904603702,-0.08458333333333334,-0.08365740740740735,0.3174342819025899,0.5540376413648388,0.19794133618182042,0.32761155900941846,0.01583505264393581,0.0009259259259259967,0.009650544493793684,0.26039845196088407,0.11119797675963239,0.1117084767243591,0.0,0.9999999987499999,0.6087940540278612,0.2934433532230905,0.30781173839977893,0.43088550485601834,disgust,07,22,22,female,strong,2567
100,3.336666666666667,True,1.0,0.42276703871098315,0.40292567519997374,0.41284635695547844,0.9309816086585919,-0.08333333333333337,-0.07861111111111119,0.3316964189718014,0.4513194622662653,0.20004615251177815,0.44345275257405947,0.019841363511009402,0.004722222222222183,0.0031379309005198546,0.31529510831149393,0.11297693894143261,0.10973550531902158,0.0,0.9999999987499999,0.6054689121429823,0.2941125249136341,0.31199117569493007,0.4261592411332368,disgust,07,22,22,female,strong,2567
110,3.6703333333333332,True,1.0,0.40852098686173915,0.4026224749851229,0.405571730923431,0.8881043874963888,-0.08162037037037045,-0.07750000000000007,0.32487577879879964,0.4655194317616553,0.2000308966613423,0.4566712389145585,0.005898511876616275,0.004120370370370385,0.011522423159751626,0.32699745085020976,0.11561264491816732,0.11149030823909283,0.0,0.9999999987499999,0.6040064389271333,0.29387622412926234,0.32528139478463347,0.4426954673613095,disgust,07,22,22,female,strong,2567
120,4.0040000000000004,True,1.0,0.4303895422254761,0.4240860945826226,0.42723781840404934,0.8324514991181654,-0.07898148148148149,-0.0740277777777778,0.3280371245946993,0.4373897707231038,0.1958894256990265,0.5132284810065595,0.00630344764285351,0.004953703703703682,0.002769116733731962,0.3432203389830506,0.11362933776516786,0.1133430286675,0.0,0.9999999987499999,0.6042505946284764,0.29452467256553944,0.32046297689539494,0.43994094975854864,disgust,07,22,22,female,strong,2567
0,0.0,True,1.0,0.4524337141242174,0.43708857601967116,0.4447611450719443,0.725377449638768,-0.06078703703703697,-0.055462962962962936,0.32851265007255537,0.46933333333333255,0.17014606348251404,0.6131444330030271,0.015345138104546241,0.005324074074074037,0.010477529293841282,0.386005934068446,0.11402136947689977,0.11107768645516922,0.0,0.9999999987499999,0.6199635175710909,0.2896878269193908,0.2919292624165733,0.4454356969776493,disgust,07,22,22,female,strong,2568
10,0.33366666666666667,True,1.0,0.18548736878732291,0.2032882224871327,0.1943877956372278,1.0961760092324824,-0.0710648148148148,-0.06796296296296289,0.31496433432773224,0.5851209779011228,0.1694462454722704,0.1773326491366416,0.0178008536998098,0.003101851851851911,0.002973228442962954,0.25844594594594594,0.11118751905950798,0.11357927995808745,0.0,0.9999999987499999,0.6149336255361519,0.29269522830955164,0.3017437371755832,0.43946562231362607,disgust,07,22,22,female,strong,2568
20,0.6673333333333333,True,1.0,0.4227564383431196,0.40011798887445194,0.41143721360878577,0.765997463500658,-0.06166666666666665,-0.056342592592592444,0.3286737971328534,0.45523700513545495,0.17431255865192516,0.5371260783664884,0.022638449468667665,0.005324074074074203,0.016443642380984516,0.3820539549919401,0.11241779964789483,0.11099695478860935,0.0,0.9999999987499999,0.6132956201855743,0.2975961292326377,0.315243861247941,0.444892371050712,disgust,07,22,22,female,strong,2568
30,1.0010000000000001,True,1.0,0.2867383512544803,0.29356064509568275,0.2901494981750815,1.0043886022123627,-0.060092592592592475,-0.053101851851851956,0.3122088182624538,0.5253528283990861,0.17233559216586838,0.28888171125794376,0.006822293841202476,0.00699074074074052,0.031038557681006388,0.32919350492648164,0.10955997634364703,0.11331542432927201,0.0,0.9999999987499999,0.6140410674973115,0.2990978545762109,0.3067470296797748,0.43412823331904604,disgust,07,22,22,female,strong,2568
40,1.3346666666666667,True,1.0,0.3431990285525725,0.3458884937602439,0.34454376115640817,0.8311246938432494,-0.05958333333333332,-0.051712962962962905,0.33878747499231476,0.3509300331741716,0.17534146373932782,0.4145512264389407,0.002689465207671382,0.007870370370370416,0.0328887930451612,0.3494155244712029,0.10845116741810307,0.113205081424229,0.0,0.9999999987499999,0.6153372256558873,0.2985687168163044,0.3030196920376498,0.43106836397565385,disgust,07,22,22,female,strong,2568
50,1.6683333333333334,True,1.0,0.3653799545042846,0.3904881043872085,0.37793402944574656,0.7788699503369776,-0.05490740740740735,-0.05171296296296296,0.3544548728459271,0.29376997535896765,0.18561571274232222,0.4852338047991627,0.02510814988292387,0.0031944444444443887,0.024698523519597743,0.36553501156369245,0.11068343117799131,0.11136620731765426,0.0,0.9999999987499999,0.5989208817120598,0.3078821142304915,0.30979446944494166,0.4243515915490554,disgust,07,22,22,female,strong,2568
60,2.0020000000000002,True,1.0,0.40736968484191716,0.4445617337728651,0.42596570930739114,0.8106241604102125,-0.058379629629629615,-0.05708333333333332,0.3415283353859014,0.3199676414520387,0.18647968999484862,0.5254786744720676,0.03719204893094796,0.0012962962962962954,0.024907181454797603,0.3655350115636917,0.10768505985576433,0.11343131056048252,0.0,0.9999999987499999,0.6067967525135054,0.30145030459999356,0.29840416054862046,0.4210922896824325,disgust,07,22,22,female,strong,2568
70,2.3356666666666666,True,1.0,0.32855554208378696,0.4052610269351691,0.366908284509478,0.8154150057370864,-0.06634259259259262,-0.06189814814814815,0.33542094330307415,0.42946232390478134,0.18989857604528734,0.4499650876277594,0.07670548485138212,0.004444444444444473,0.029863875612118736,0.35149157977423917,0.10046708121791155,0.11249187652103476,0.0,0.9999999987499999,0.6438232874087135,0.29876965416464785,0.27598641691455783,0.4053830298132424,disgust,07,22,22,female,strong,2568
80,2.6693333333333333,True,1.0,0.37631233825474736,0.39809295018537066,0.387202644220059,0.84046741047463,-0.06282407407407403,-0.05722222222222223,0.3184096145883847,0.3967934124387965,0.1905698540911311,0.4606991769037152,0.021780611930623306,0.005601851851851802,0.04247685462212339,0.3288570443183058,0.10366904801137182,0.10832385491745711,0.0,0.9999999987499999,0.639637474278774,0.29962823721193416,0.2809838017655469,0.40440577648287307,disgust,07,22,22,female,strong,2568
90,3.003,True,1.0,0.35752994910582525,0.42891733632041734,0.39322364271312127,0.9304624355798934,-0.061249999999999916,-0.05513888888888885,0.33385200395170095,0.35606889798929786,0.185069245956025,0.4226109810312245,0.07138738721459209,0.006111111111111067,0.045454383904390966,0.2991323782842923,0.10216049779758479,0.11026728250787848,0.0,0.9999999987499999,0.6412408968509279,0.2983750057622208,0.276520774265732,0.4002026495053537,disgust,07,22,22,female,strong,2568
100,3.336666666666667,True,1.0,0.3868237866573179,0.42904430421534956,0.4079340454363337,0.7171864432370879,-0.06361111111111106,-0.05486111111111114,0.34294038667808535,0.29524024287308387,0.18296609697104518,0.5687977642118908,0.042220517558031634,0.008749999999999925,0.03884396602656054,0.38792183858037566,0.10763308065314145,0.11297584891501357,0.0,0.9999999987499999,0.620237532872524,0.29614869445200137,0.29291070282757226,0.4136743763968915,disgust,07,22,22,female,strong,2568
110,3.6703333333333332,True,1.0,0.47677655366917254,0.48711471058241895,0.4819456321257958,0.690052877691454,-0.06597222222222221,-0.054444444444444406,0.3417414147280765,0.28852454311438,0.1858375373216557,0.6984184077865552,0.01033815691324641,0.011527777777777803,0.037907830156372536,0.3922019936983979,0.11084468927903242,0.11051829322904994,0.0,0.9999999987499999,0.6163316807816878,0.2960892908230034,0.2996740222885126,0.4150366776809855,disgust,07,22,22,female,strong,2568
120,4.0040000000000004,True,1.0,0.5113264528942086,0.5092818568323105,0.5103041548632596,0.728669668523246,-0.06504629629629621,-0.0558796296296295,0.3322351755606858,0.2999674797783833,0.1850935668365558,0.7003230364967221,0.0020445960618981074,0.009166666666666712,0.03593429386138437,0.3659880893082543,0.10902648283651756,0.11214258946740627,0.0,0.9999999987499999,0.6187550070106168,0.29594664542546345,0.2961546837311356,0.41489217398076167,disgust,07,22,22,female,strong,2568
0,0.0,True,1.0,0.4781650248274573,0.4708494839447192,0.47450725438608826,0.6490785053941872,-0.06449074074074074,-0.05856481481481485,0.33128541720366816,0.4373897707231036,0.16805600953544347,0.7310475550225141,0.007315540882738114,0.00592592592592589,0.016201935430830032,0.4285088433423056,0.11476845187231893,0.10856467245626555,0.0,0.9999999987499999,0.6191100610713035,0.2900848745272403,0.2975845045342467,0.44597852240628416,disgust,07,22,22,female,strong,2569
10,0.33366666666666667,True,1.0,0.48479098912321017,0.5049777558472435,0.4948843724852268,0.638690292969497,-0.0643981481481482,-0.05944444444444441,0.33919748505742275,0.416506008605299,0.1680573714677489,0.7748424830199538,0.0201867667240333,0.004953703703703793,0.016604367165442696,0.4162977015033303,0.11379078819778783,0.11010928214522815,0.0,0.9999999987499999,0.6211560463951206,0.2898001616580086,0.2962853627071776,0.44584729337693796,disgust,07,22,22,female,strong,2569
20,0.6673333333333333,True,1.0,0.3668686178058643,0.3927759669812746,0.37982229239356946,1.1987601987846244,-0.048657407407407316,-0.04458333333333331,0.3282160023800449,0.5414966178345332,0.16742674269242563,0.3168459319709282,0.025907349175410266,0.004074074074074008,0.017758608786129455,0.2518560871418806,0.10996019050888794,0.11393486734040374,0.0,0.9999999987499999,0.6150163899231568,0.2954865631851428,0.3134644051427595,0.4581302652431774,disgust,07,22,22,female,strong,2569
30,1.0010000000000001,True,1.0,0.12350825491479861,0.09970475657401898,0.1116065057444088,1.0221100626627204,-0.06402777777777785,-0.054027777777777786,0.32318521979445447,0.4962418420174072,0.1799124298787859,0.1091922580760631,0.023803498340779633,0.010000000000000064,0.02533823791791847,0.31012143517961777,0.11166180034182904,0.11226771502706313,0.0,0.9999999987499999,0.5971358328096864,0.3023485599675583,0.3230018529998927,0.4486658600445224,disgust,07,22,22,female,strong,2569
40,1.3346666666666667,True,1.0,0.3706784634953975,0.3851851851851862,0.3779318243402918,0.7294281759293438,-0.05898148148148147,-0.05120370370370375,0.36023900953290616,0.2652466094288526,0.18553554424467675,0.5181206824904722,0.01450672168978867,0.007777777777777717,0.019329296089182935,0.38863636363636433,0.10921921657677933,0.11381142510903691,0.0,0.9999999987499999,0.6017996578006202,0.2996648686940195,0.31432966283260777,0.43840222330761064,disgust,07,22,22,female,strong,2569
50,1.6683333333333334,True,1.0,0.4308392751627012,0.4585928757741468,0.444716075468424,0.6872328928467196,-0.0639351851851851,-0.05986111111111109,0.3665503591320268,0.23988317957857225,0.184815128325867,0.6471111614379806,0.027753600611445606,0.004074074074074008,0.01703178387668705,0.39268867924528356,0.1098581321809932,0.11218041212011944,0.0,0.9412077608197609,0.6102314865477441,0.2980018904274657,0.31012557077082265,0.42609619773084584,disgust,07,22,22,female,strong,2569
60,2.0020000000000002,True,1.0,0.4300297273959142,0.42993082103826213,0.4299802742170882,0.8063628364892178,-0.0647685185185185,-0.06152777777777774,0.31904679768523236,0.4629119987252915,0.183367038287288,0.5332342399225112,9.890635765208433e-05,0.0032407407407407662,0.019116538842502574,0.36458333333333354,0.11178240411839663,0.11129497690686996,0.0,0.9999999987499999,0.6122640805619122,0.29427230316099773,0.31462827069340227,0.43751225587427667,disgust,07,22,22,female,strong,2569
70,2.3356666666666666,True,1.0,0.4010985657083493,0.4055970666169233,0.40334781616263626,0.7239902174235264,-0.07314814814814813,-0.06777777777777777,0.31874592104020577,0.48016595584952576,0.17847606953301587,0.5571177710080607,0.00449850090857401,0.005370370370370359,0.02397585399080327,0.4038269955817147,0.10856532896374085,0.11275818208300778,0.0,0.7334159818452706,0.6169933080185199,0.29199508252487166,0.29541086732131905,0.42216295632463513,disgust,07,22,22,female,strong,2569
80,2.6693333333333333,True,1.0,0.40126876630237873,0.3705052082423061,0.3858869872723424,1.2789366955621306,-0.07300925925925922,-0.06740740740740747,0.28778002294104715,0.6476176271333757,0.17926245206354585,0.30172485363142515,0.030763558060072638,0.005601851851851747,0.011999356063609148,0.22640667473550893,0.10898395237758458,0.11218392244906246,0.0,0.9999999987499999,0.618725880539716,0.2989814725352618,0.2923925479785104,0.40541712012314496,disgust,07,22,22,female,strong,2569
90,3.003,True,1.0,0.43736442712320067,0.4789408663582758,0.45815264674073825,0.8180549943610922,-0.07314814814814818,-0.06842592592592595,0.3387826140985594,0.43721572907044515,0.17174292150899623,0.5600511578057894,0.04157643923507515,0.004722222222222239,0.024394843399035904,0.32972587323513175,0.10854407648649535,0.11056070921142754,0.0,0.9999999987499999,0.6258734888408488,0.29859301120213627,0.29030163212052396,0.4011600980786643,disgust,07,22,22,female,strong,2569
100,3.336666666666667,True,1.0,0.42993082103826163,0.43076694242928243,0.43034888173377206,0.6426749517509087,-0.0736574074074075,-0.06449074074074074,0.35232010855553125,0.348685346162727,0.1643073248604489,0.6696213701208148,0.0008361213910207943,0.009166666666666767,0.02634783010215443,0.39551950025153226,0.10328249970235794,0.11298961458042782,0.0,0.9999999987499999,0.6400831552855518,0.29929727618291746,0.2741224306164353,0.3935596075897305,disgust,07,22,22,female,strong,2569
110,3.6703333333333332,True,1.0,0.42325140622806307,0.4399563778513988,0.43160389203973093,0.7221525735194022,-0.0728240740740741,-0.06263888888888891,0.34397782890541606,0.39579516048659474,0.1678568131629941,0.5976630256073372,0.01670497162333573,0.010185185185185186,0.031031372316008728,0.35697115384615313,0.11116671599213954,0.11258887512030163,0.0,0.906904758384205,0.6183741727159614,0.2976437540620171,0.30109510067784845,0.43018028255330026,disgust,07,22,22,female,strong,2569
120,4.0040000000000004,True,1.0,0.3527648846100432,0.3488396997674679,0.3508022921887556,0.7418763625467975,-0.07370370370370372,-0.06222222222222218,0.3395440902823175,0.3849141707020276,0.17187613986715178,0.4728581606030439,0.003925184842575258,0.011481481481481537,0.025124501507880793,0.350723955522669,0.1262973584374813,0.10317719054100101,0.0,0.9999999987499999,0.5953706831638906,0.25933540450933834,0.28204667364300606,0.34101393669380364,disgust,07,22,22,female,strong,2569
0,0.0,True,1.0,0.5251685549256538,0.5333333333333325,0.5292509441294933,0.6563939532488424,-0.059537037037037055,-0.05847222222222226,0.3394244169459751,0.3897071515936361,0.17152777777777778,0.8063007611662922,0.008164778407678708,0.0010648148148147962,0.0008550430835329894,0.4106568131018768,0.11577861700171191,0.10924484871616744,0.0,0.9999999987499999,0.6164182929265457,0.2894106794815865,0.29579389140458395,0.4415014187983494,surprised,08,22,22,female,normal,2570
10,0.33366666666666667,True,1.0,0.23213160170486735,0.25334074592746336,0.24273617381616536,0.9657846464887216,-0.0703240740740741,-0.06699074074074074,0.3281975252702682,0.5108860811135985,0.1687662752568253,0.2513357141249605,0.02120914422259601,0.003333333333333355,0.0009629681900483528,0.27717391304347877,0.1147452498223813,0.10928874179768536,0.0,0.9999999987499999,0.6129284044711635,0.29057054025882667,0.29658209864326235,0.43900408266751184,surprised,08,22,22,female,normal,2570
20,0.6673333333333333,True,1.0,0.5392528515675782,0.569224878427242,0.5542388649974102,0.9930005436717474,-0.05416666666666664,-0.052314814814814814,0.331795605228713,0.5244721181364856,0.16459492187906874,0.5581455806137231,0.029972026859663825,0.0018518518518518268,0.006028050842986461,0.26936619718309907,0.11307839470328024,0.11084076030103744,0.0,0.9999999987499999,0.6124326878173144,0.29083031897374484,0.28776034457278843,0.4347998759267924,surprised,08,22,22,female,normal,2570
30,1.0010000000000001,True,1.0,0.2088650041400327,0.20448678887116875,0.20667589650560073,0.8886310506476153,-0.06851851851851848,-0.06513888888888891,0.36565311392625194,0.3681352640011471,0.17573786330129448,0.23257784696469896,0.00437821526886395,0.003379629629629566,0.006410206591358032,0.29731182961198727,0.11207380372387102,0.11082976281773989,0.0,0.9999999987499999,0.6159550302152111,0.2911032744857316,0.29631769917449513,0.43430816902123187,surprised,08,22,22,female,normal,2570
40,1.3346666666666667,True,1.0,0.1485190754506051,0.1679140935739107,0.1582165845122579,0.7838252203386726,-0.06388888888888894,-0.05745370370370373,0.33220203478139054,0.44090168644050376,0.1680573714677489,0.20185186749144943,0.019395018123305602,0.00643518518518521,0.015239483698521869,0.35201572259953134,0.11315896269504522,0.1109303862880642,0.0,0.9999999987499999,0.6181219724217812,0.30147198381020823,0.29087901121095205,0.42704184119462524,surprised,08,22,22,female,normal,2570
50,1.6683333333333334,True,1.0,0.46891022633922014,0.506126130639573,0.4875181784893966,0.9684908789386399,-0.05541666666666667,-0.04847222222222225,0.34973384430134646,0.38474295190713076,0.1722581012501332,0.5033792151183325,0.037215904300352876,0.00694444444444442,0.015712093336973466,0.2851027397260271,0.11236047310171236,0.11190946998606852,0.0,0.9999999987499999,0.6122107622423969,0.2920203090304021,0.29782060769486185,0.43782412791056746,surprised,08,22,22,female,normal,2570
60,2.0020000000000002,True,1.0,0.5027558696440112,0.5269651864139675,0.5148605280289893,0.7929031848076415,-0.05342592592592588,-0.049351851851851924,0.3410973797694713,0.4101030509829288,0.17502789956175563,0.6493359314149993,0.0242093167699563,0.004074074074073952,0.01617789211203517,0.32972587323513314,0.1144972108940487,0.10902558550928444,0.0,0.9999999987499999,0.6142825431109944,0.28954184160804525,0.29281244518383187,0.4257215137269688,surprised,08,22,22,female,normal,2570
70,2.3356666666666666,True,1.0,0.5765802328873703,0.5971963391553795,0.5868882860213749,0.8355268197008864,-0.05421296296296296,-0.049537037037037046,0.35164230099699223,0.3846075836718362,0.17223329679369823,0.7024170525507217,0.02061610626800925,0.004675925925925917,0.01252349674561854,0.3035714285714284,0.11489300363035726,0.10913340074148001,0.0,0.9999999987499999,0.6102975789221938,0.2898691162244771,0.29522970153812145,0.4254927237294413,surprised,08,22,22,female,normal,2570
80,2.6693333333333333,True,1.0,0.5694604570844036,0.5604741696766697,0.5649673133805366,0.7450343882639882,-0.057314814814814874,-0.053518518518518465,0.3569237134657456,0.35944641539052063,0.17223816937956293,0.7583103844333581,0.008986287407733884,0.0037962962962964086,0.00949911894156049,0.34539473684210553,0.11339134357333461,0.11069283916831936,0.0,0.9999999987499999,0.6149175789456408,0.28850183655464795,0.2895130563465476,0.42422976770432125,surprised,08,22,22,female,normal,2570
90,3.003,True,1.0,0.36128005250664774,0.36486928823037706,0.3630746703685124,0.7692513413573228,-0.06601851851851842,-0.05888888888888888,0.3498079903947094,0.38460758367183595,0.17431649776999453,0.47198444883810947,0.0035892357237293226,0.007129629629629541,0.011472216153570178,0.32049210940089373,0.11469331281197591,0.1095173474134088,0.0,0.9999999987499999,0.6132555076327406,0.2883971671663906,0.29747088491484636,0.4363487486232513,surprised,08,22,22,female,normal,2570
100,3.336666666666667,True,1.0,0.5298428053452428,0.5606837606837609,0.5452632830145019,0.7880049489783583,-0.061064814814814794,-0.05689814814814814,0.35027745897761187,0.40735849057355805,0.17432131212675453,0.691954135213784,0.03084095533851816,0.004166666666666652,0.003460738936946515,0.3150748561325761,0.11450551713250003,0.10919148360428609,0.0,0.9999999987499999,0.6125994043007827,0.28905612377180817,0.2964264485927745,0.4342913943162273,surprised,08,22,22,female,normal,2570
0,0.0,True,1.0,0.5390573306251317,0.5387386927844197,0.5388980117047757,0.6243045166386836,-0.06245370370370368,-0.0597685185185185,0.33932066203759914,0.3256997455470735,0.17430730635602565,0.8631973617718725,0.000318637840712066,0.0026851851851851793,0.004862962961336105,0.40350244188983997,0.11455770941670423,0.10948530793635522,0.0,0.9999999987499999,0.6174205512908288,0.28736820216640346,0.29344817175035837,0.4438359740654375,surprised,08,22,22,female,normal,2571
10,0.33366666666666667,True,1.0,0.5436863259328852,0.5741442713761001,0.5589152986544927,0.7485089074978531,-0.06217592592592602,-0.05819444444444449,0.34818355949165863,0.3541872406287667,0.17083511971881044,0.7467049397219041,0.030457945443214895,0.00398148148148153,0.004423840262480315,0.33145649358083956,0.11534097569632393,0.10848436209235071,0.0,0.9999999987499999,0.614850581693615,0.28821881449902387,0.3004693862128213,0.44238486682997075,surprised,08,22,22,female,normal,2571
20,0.6673333333333333,True,1.0,0.37515688425492083,0.36020046169510095,0.3676786729750109,0.800383786481566,-0.07532407407407404,-0.0647685185185185,0.34126780870904805,0.4341064604645775,0.1757053001645301,0.4593779624038887,0.014956422559819882,0.01055555555555554,0.001649973504147794,0.305084745762712,0.1145634337699536,0.10913071606316005,0.0,0.9999999987499999,0.6162887237316803,0.28962953872340336,0.2996634282647677,0.440479597353868,surprised,08,22,22,female,normal,2571
30,1.0010000000000001,True,1.0,0.31048483921054465,0.30929930205751655,0.30989207063403057,0.8559237676446205,-0.06671296296296292,-0.059027777777777735,0.3579385942162915,0.39548307984575337,0.1715317808465777,0.36205569041131913,0.0011855371530281045,0.007685185185185184,0.0035863739085722677,0.29863662613932174,0.11180663576711822,0.11178311945988893,0.0,0.9999999987499999,0.6225696161198854,0.29107856896909146,0.2977392130099336,0.4395019501746943,surprised,08,22,22,female,normal,2571
40,1.3346666666666667,True,1.0,0.48490928854194776,0.46491063785104786,0.4749099631964978,0.7828339631643078,-0.06217592592592597,-0.05550925925925926,0.33280494278275685,0.40531437947900817,0.17572961454399932,0.6066547768020378,0.0199986506908999,0.00666666666666671,0.003476889960900124,0.3419154038460475,0.11296460674328838,0.10922616738148537,0.0,0.9999999987499999,0.6173742973283064,0.30120322358949997,0.29037824506001325,0.4211891550768672,surprised,08,22,22,female,normal,2571
50,1.6683333333333334,True,1.0,0.5389335647839472,0.5608949158832297,0.5499142403335884,0.9415167893411978,-0.058148148148148115,-0.05402777777777784,0.3418217533686856,0.41612240563045805,0.1715638020344715,0.5840726862856868,0.021961351099282544,0.004120370370370274,0.0040259703235881435,0.2693760315318164,0.11309291227778745,0.11013616524699825,0.0,0.9999999987499999,0.6167191109803296,0.3012777788796127,0.2938420363737662,0.42712475388203713,surprised,08,22,22,female,normal,2571
60,2.0020000000000002,True,1.0,0.5060276798407021,0.5195776634804563,0.5128026716605791,0.8164517212189214,-0.0557407407407407,-0.053009259259259256,0.36100770785551645,0.4406071763184433,0.17020344934400025,0.6280869503159238,0.013549983639754237,0.002731481481481446,0.005538144704215162,0.3307250743998116,0.11225696055215405,0.11133087804219198,0.0,0.9999999987499999,0.6160348721988795,0.29843180897760263,0.2888540439966449,0.42303689290168395,surprised,08,22,22,female,normal,2571
70,2.3356666666666666,True,1.0,0.5460382539870393,0.55556094322968,0.5507995986083596,0.8741137977476933,-0.05587962962962961,-0.05430555555555561,0.3157341945359669,0.4296296296296293,0.17434932029289182,0.6301234462007016,0.009522689242640658,0.0015740740740740056,0.0006131682593903916,0.28650568544864496,0.11502773386117265,0.10916604706261389,0.0,0.9999999987499999,0.6166325504811301,0.2900982582584102,0.3001329477853178,0.44061380451306886,surprised,08,22,22,female,normal,2571
80,2.6693333333333333,True,1.0,0.5307029915950636,0.516685898343165,0.5236944449691143,0.8331853341944141,-0.062083333333333324,-0.05736111111111114,0.3509723902008311,0.42320524911462304,0.17434100583818904,0.6285449628988745,0.014017093251898594,0.004722222222222183,0.003346789678036725,0.3129028645329173,0.11609875710118032,0.10960209631070504,0.0,0.9999999987499999,0.6115874173653837,0.2963646538389362,0.2951614633397381,0.42504316190427227,surprised,08,22,22,female,normal,2571
90,3.003,True,1.0,0.5433871752923262,0.5654514713218844,0.5544193233071053,0.7880407611049636,-0.062361111111111145,-0.05587962962962967,0.34744401377036255,0.39400247448917913,0.17501089879566245,0.703541429163788,0.022064296029558284,0.006481481481481477,0.008667674440101178,0.3241378114192806,0.11442885480534767,0.11151538930136044,0.0,0.9999999987499999,0.6107087977065827,0.29583110494572007,0.29143062375089107,0.422514834938521,surprised,08,22,22,female,normal,2571
100,3.336666666666667,True,1.0,0.21517619971859786,0.19786015654228994,0.2065181781304439,0.7503570822699518,-0.07592592592592595,-0.06685185185185188,0.3498028575364103,0.3949247801420799,0.17640445937537766,0.2752265328204712,0.017316043176307916,0.009074074074074068,0.007878265575217773,0.32613011424249166,0.11584484335565141,0.10987043817224845,0.0,0.9999999987499999,0.6127835718037214,0.28808672931935925,0.2987140779929335,0.43536017803552474,surprised,08,22,22,female,normal,2571
0,0.0,True,1.0,0.5336969745155484,0.5468040679772382,0.5402505212463933,0.6513842385581793,-0.06101851851851864,-0.061064814814814794,0.3418876248771195,0.38673283771896977,0.17292063758304488,0.8293883844076771,0.013107093461689812,4.6296296296155504e-05,0.006519483404378577,0.3755524716043456,0.11536615670457898,0.11071765305523311,0.0,0.9999999987499999,0.6129678766193978,0.2875749765812297,0.2951726436177065,0.44450860658527974,surprised,08,22,22,female,normal,2572
10,0.33366666666666667,True,1.0,0.5121590358093332,0.5115989502436088,0.511878993026471,0.7872557697618742,-0.06236111111111109,-0.06106481481481485,0.34016908761451203,0.44783715012722675,0.17361111111111116,0.6502067214843049,0.0005600855657243997,0.0012962962962962399,0.006092141927871641,0.3296793681313125,0.1177505267658066,0.1085300426279975,0.0,0.9999999987499999,0.6123380044205183,0.2875882620681504,0.3009487574712717,0.44215235849252965,surprised,08,22,22,female,normal,2572
20,0.6673333333333333,True,1.0,0.5528193928277959,0.5519883410523152,0.5524038669400555,1.0175348752047166,-0.06268518518518523,-0.06500000000000011,0.32299401031497266,0.5589100673497412,0.17500174385291856,0.5428844557577627,0.0008310517754807067,0.0023148148148148806,0.004165859562136741,0.2693577439856792,0.11665836380608251,0.10970315793336877,0.0,0.9999999987499999,0.6108121753232544,0.2886150937882699,0.30308399771382766,0.44610155233545745,surprised,08,22,22,female,normal,2572
30,1.0010000000000001,True,1.0,0.45617977227474715,0.4633999816252245,0.45978987694998585,0.915388276697591,-0.05421296296296296,-0.050416666666666665,0.33442389845512877,0.4437601569801841,0.1730295816070509,0.502289453180186,0.007220209350477347,0.0037962962962962976,0.01776048613216619,0.2731081513321485,0.11383651285186348,0.11245933087170874,0.0,0.9999999987499999,0.6151407011476465,0.2901039266269789,0.293731214847598,0.43580449919766895,surprised,08,22,22,female,normal,2572
40,1.3346666666666667,True,1.0,0.5615942946483294,0.5260763247075979,0.5438353096779637,0.7263772567089611,-0.05189814814814814,-0.05004629629629631,0.342660904294563,0.3900068619899574,0.17039698394439293,0.7486953985067613,0.03551796994073153,0.0018518518518518268,0.022516283352109107,0.3545735414460853,0.11638874243768237,0.10981581576720188,0.0,0.9999999987499999,0.6151775901219863,0.2893422603525195,0.29698003704253406,0.43457196844691026,surprised,08,22,22,female,normal,2572
50,1.6683333333333334,True,1.0,0.5648795039314292,0.5726410546604734,0.5687602792959513,0.6873610369100192,-0.0503703703703704,-0.051805555555555605,0.31494450991044953,0.35807449600152347,0.16542727194668655,0.8274549308944993,0.007761550729044275,0.001435185185185206,0.02427090393595526,0.37138091975412396,0.11559280572511604,0.11048100323416511,0.0,0.9999999987499999,0.6157683073307447,0.2964279936325047,0.2846459559329336,0.41319637607132487,surprised,08,22,22,female,normal,2572
60,2.0020000000000002,True,1.0,0.5563498110947601,0.5506017334719515,0.5534757722833559,0.742788019809504,-0.0537962962962964,-0.05231481481481487,0.3346745250746635,0.43308159753390424,0.17235020083408994,0.7451328744172538,0.005748077622808601,0.001481481481481528,0.023743910038845992,0.34408048686997506,0.11368185164927169,0.11193691783305365,0.0,0.9999999987499999,0.6164544306003652,0.2962364636858978,0.28774632396097954,0.41988590191443115,surprised,08,22,22,female,normal,2572
70,2.3356666666666666,True,1.0,0.5662997214899872,0.5773394819038336,0.5718196016969104,0.8481498362630708,-0.05833333333333329,-0.05796296296296294,0.3527515367510349,0.38479988507075974,0.17168827210353746,0.6741964417706365,0.011039760413846356,0.00037037037037035425,0.02356280594305007,0.2945334655853398,0.11573967950361429,0.11084397702290448,0.0,0.9999999987499999,0.6183230571291016,0.29390144155292275,0.2955200031556976,0.4245824348375751,surprised,08,22,22,female,normal,2572
80,2.6693333333333333,True,1.0,0.3613975905167049,0.3769104412285829,0.3691540158726439,0.7840148198776542,-0.06759259259259265,-0.06550925925925921,0.33242894619383173,0.4055843532460372,0.1744473134619544,0.4708508136749896,0.015512850711878023,0.002083333333333437,0.027270508438143243,0.3161379150630563,0.11587768458224462,0.11000912271012456,0.0,0.9999999987499999,0.6197877586503352,0.29198665835110554,0.29116840802765137,0.418844592325239,surprised,08,22,22,female,normal,2572
90,3.003,True,1.0,0.40960021839524907,0.43464608085277734,0.4221231496240132,0.8254971448626767,-0.06671296296296297,-0.0622685185185185,0.3339400312668493,0.4468302196778386,0.176528973825883,0.5113562805771235,0.025045862457528267,0.004444444444444473,0.03034612324716779,0.30960599329481003,0.11413869533773857,0.11232237057895561,0.0,0.9999999987499999,0.616611127333746,0.2934233445303747,0.287705723432178,0.4222078401570866,surprised,08,22,22,female,normal,2572
100,3.336666666666667,True,1.0,0.5485731779192388,0.5759892324256032,0.562281205172421,0.8262370007285647,-0.06194444444444441,-0.059953703703703676,0.3399637883760582,0.44003989051282866,0.17512594867806028,0.6805325889261906,0.027416054506364418,0.0019907407407407374,0.02686919261443129,0.30462799039859806,0.11723945362986181,0.109081928929451,0.0,0.9999999987499999,0.6194644881546368,0.29229958428851505,0.2952978488526169,0.428567276178386,surprised,08,22,22,female,normal,2572
0,0.0,True,1.0,0.5196914623825374,0.5326508754326879,0.5261711689076126,0.6944214142222114,-0.061620370370370436,-0.06013888888888891,0.334980283428677,0.42357025946811006,0.17222266521875434,0.7577116116111599,0.01295941305015047,0.001481481481481528,0.005298691661002163,0.36053231333277863,0.11663216925809712,0.10938320668800976,0.0,0.9999999987499999,0.6183288910720538,0.2885906193332298,0.29766503356674595,0.4437813616410602,surprised,08,22,22,female,normal,2573
10,0.33366666666666667,True,1.0,0.5393765016425622,0.5385252107827466,0.5389508562126544,0.7774778827298927,-0.06217592592592586,-0.05949074074074073,0.33250716373223854,0.44427307584565334,0.17292063758304488,0.6932041003150875,0.0008512908598156121,0.002685185185185124,0.006831666469622886,0.33147321428571375,0.11662575870768775,0.10921573727959917,0.0,0.9999999987499999,0.6179189456720188,0.28776266282714197,0.2988121833765423,0.44272275019244894,surprised,08,22,22,female,normal,2573
20,0.6673333333333333,True,1.0,0.5512231053379366,0.5741442713761001,0.5626836883570183,1.0808091907687354,-0.06083333333333324,-0.05782407407407403,0.3252054259808558,0.5332794024200649,0.17571007646889375,0.5206133452259084,0.02292116603816352,0.0030092592592592116,0.009384659182245063,0.23683561848652182,0.11408427503592414,0.11186788213384209,0.0,0.9999999987499999,0.615351152890844,0.29046062821625684,0.2955828587861693,0.43946057943920064,surprised,08,22,22,female,normal,2573
30,1.0010000000000001,True,1.0,0.29752246850981956,0.2711963535771543,0.28435941104348694,0.9506226889710863,-0.06662037037037039,-0.05874999999999997,0.32461045930408,0.4894307528370939,0.1757469798983971,0.29912962770882895,0.026326114932665234,0.007870370370370416,0.016158853807597674,0.2857974147810324,0.11482820995033305,0.11127547353584584,0.0,0.9999999987499999,0.6205548838207158,0.2904609812811703,0.2974830745561398,0.4375897328730389,surprised,08,22,22,female,normal,2573
40,1.3346666666666667,True,1.0,0.545190210276842,0.5461920040114516,0.5456911071441468,0.754208754208755,-0.05240740740740746,-0.04851851851851857,0.3444657358848154,0.3905723905723904,0.17014068256565854,0.723527941168801,0.001001793734609624,0.003888888888888886,0.009195580106464289,0.34151785714285604,0.11675660236358953,0.11011886465727061,0.0,0.9999999987499999,0.621846818602441,0.2890382438487653,0.30019238795201386,0.43413632276832737,surprised,08,22,22,female,normal,2573
50,1.6683333333333334,True,1.0,0.5142908821553648,0.5379404992964936,0.5261156907259292,0.8758169934640527,-0.05925925925925918,-0.05342592592592588,0.35454181649682465,0.3529411764705892,0.17847264970529486,0.6007141841870681,0.023649617141128787,0.0058333333333333015,0.016860440459456342,0.30223880597014935,0.11616762349893328,0.11193783735746696,0.0,0.9999999987499999,0.6141125456354417,0.28875060302374317,0.30309167276270543,0.4370381692030707,surprised,08,22,22,female,normal,2573
60,2.0020000000000002,True,1.0,0.2598968463417539,0.24707964918329556,0.25348824776252477,0.7684408052290812,-0.0706018518518518,-0.06101851851851847,0.3490071093689216,0.3974506910332037,0.18680596396879406,0.3298734867247933,0.01281719715845836,0.009583333333333333,0.025386971818518903,0.3592332816963971,0.11666014243705117,0.1107383924310431,0.0,0.9999999987499999,0.6173218283563425,0.2887036512196421,0.30960573258134455,0.43778671598376084,surprised,08,22,22,female,normal,2573
70,2.3356666666666666,True,1.0,0.5320025634479553,0.532537203911166,0.5322698836795606,0.8602286399288068,-0.05587962962962961,-0.051435185185185195,0.35600186747675844,0.35186060393384166,0.18264933186801832,0.6187539672285401,0.0005346404632107227,0.0044444444444444176,0.020957564292436833,0.30826621639823737,0.11701681449309285,0.10984231277179805,0.0,0.9999999987499999,0.6089619173685099,0.28839757605328237,0.31126719888001353,0.4425960588901581,surprised,08,22,22,female,normal,2573
80,2.6693333333333333,True,1.0,0.593020283726647,0.6052797548492577,0.5991500192879523,0.8242349638863528,-0.060185185185185175,-0.0531018518518519,0.3587415224301174,0.36058886965330994,0.18263930661951863,0.7269165293145273,0.012259471122610721,0.007083333333333275,0.01945891410170878,0.3076053068405643,0.11566185634291726,0.11040871251195167,0.0,0.9999999987499999,0.607938534445028,0.28749449782310144,0.3053287679547762,0.44134862660599833,surprised,08,22,22,female,normal,2573
90,3.003,True,1.0,0.5972398015817575,0.6014844747749625,0.59936213817836,0.7661246208120435,-0.06037037037037035,-0.054027777777777675,0.359753208300137,0.3254742616781824,0.18403150894573128,0.782329821932983,0.004244673193204984,0.006342592592592677,0.029004908200930376,0.34673788956455176,0.11772130173163613,0.10908695461789467,0.0,0.9999999987499999,0.612525745556035,0.2879912860193619,0.3107331322738804,0.443259422693407,surprised,08,22,22,female,normal,2573
100,3.336666666666667,True,1.0,0.5862240996572314,0.6016810474544722,0.5939525735558517,0.7792893972982721,-0.05842592592592594,-0.05412037037037043,0.3635793180156991,0.34487272672190566,0.18194486376946223,0.7621720192973666,0.015456947797240717,0.004305555555555507,0.01857328172188018,0.33231523255710793,0.1170401689039207,0.10946990233506015,0.0,0.9999999987499999,0.6145020264668367,0.28776038188047276,0.3096077245254161,0.44322366796740625,surprised,08,22,22,female,normal,2573
0,0.0,True,1.0,0.5610093236416905,0.5736044539600347,0.5673068888008626,0.6806692527429901,-0.061111111111111116,-0.059537037037037,0.33410634003098094,0.42357025946810983,0.1708337799314538,0.8334545544913406,0.012595130318344139,0.0015740740740741166,0.007835156497226945,0.3902032932153427,0.11338056029395738,0.10931842665971217,0.0,0.9999999987499999,0.6189192305437801,0.2981653467906575,0.2863915473986969,0.4262933454132494,surprised,08,22,22,female,strong,2574
10,0.33366666666666667,True,1.0,0.5255998018790902,0.5385252107827472,0.5320625063309187,0.6806003962339289,-0.061574074074074,-0.06004629629629632,0.3324639880425672,0.4166666666666664,0.17292063758304477,0.7817546232342241,0.01292540890365701,0.0015277777777776835,0.0005089657479086119,0.37880157200406217,0.11261800693625104,0.1101038345106177,0.0,0.9999999987499999,0.6185703644895458,0.2978037880305328,0.28211418786722886,0.4211685941191417,surprised,08,22,22,female,strong,2574
20,0.6673333333333333,True,1.0,0.5704754584023257,0.5782860367437305,0.574380747573028,1.2181373262750759,-0.07120370370370371,-0.0681018518518518,0.3221793876051489,0.6305652041894511,0.17986153529316404,0.47152380539016764,0.00781057834140475,0.003101851851851911,0.006033377152465053,0.22499999999999987,0.11133325666661087,0.11174427822097567,0.0,0.9999999987499999,0.6179426402279662,0.2974729783641581,0.29614356243376666,0.43739040621279995,surprised,08,22,22,female,strong,2574
30,1.0010000000000001,True,1.0,0.5831420506834213,0.5879126594152864,0.5855273550493538,0.9397450497540809,-0.06273148148148144,-0.057129629629629586,0.3614636086878618,0.4312400631751997,0.17431649776999442,0.623070432988797,0.004770608731865078,0.005601851851851858,0.007304493346288434,0.2773890254908421,0.110871237376415,0.11031909651043494,0.0,0.9999999987499999,0.6195270156890882,0.2989551426608752,0.2966031326251612,0.4298053778859548,surprised,08,22,22,female,strong,2574
40,1.3346666666666667,True,1.0,0.5866176624543656,0.5925925925925926,0.589605127523479,0.7975877474447792,-0.06305555555555548,-0.05935185185185182,0.3317226156850307,0.4617613274680304,0.17571572102484917,0.7392354376209875,0.005974930138226919,0.0037037037037036535,0.006514720876258734,0.3359846657195027,0.11101847625771177,0.1113748620398372,0.0,0.9999999987499999,0.6197982914650234,0.2917611242038865,0.28764700516173314,0.43025501429451657,surprised,08,22,22,female,strong,2574
50,1.6683333333333334,True,1.0,0.5987609574218126,0.6197142190995748,0.6092375882606937,0.9146065988617628,-0.06648148148148153,-0.06342592592592594,0.35843690977992465,0.43152619077008925,0.18264933186801843,0.666119825746825,0.020953261677762236,0.003055555555555589,0.0076704975692890535,0.2855498600986708,0.1127982201458062,0.11197981408537232,0.0,0.9999999987499999,0.6172988438813025,0.29529945389439427,0.30510934336557116,0.4395654270505574,surprised,08,22,22,female,strong,2574
60,2.0020000000000002,True,1.0,0.2292222358145066,0.2197398240596768,0.22448102993709168,0.7987769523419506,-0.0795833333333334,-0.0717592592592593,0.36009502840690216,0.4444075695990471,0.1763893214209619,0.2810309301976367,0.009482411754829806,0.007824074074074094,0.012271127857566407,0.3269570880639222,0.11409575203347369,0.1106574742105908,0.0,0.9999999987499999,0.6190043269417141,0.2946488918525296,0.29997002169753395,0.4303716942091412,surprised,08,22,22,female,strong,2574
70,2.3356666666666666,True,1.0,0.4963649084640124,0.5275742775667124,0.5119695930153624,0.938050379159076,-0.07097222222222227,-0.06263888888888897,0.32268594624283253,0.4617402640281601,0.18472593936351137,0.5457804872637249,0.031209369102700002,0.008333333333333304,0.018693479511136653,0.26866976675660637,0.11227593187828941,0.11250347706338307,0.0,0.9999999987499999,0.6163070395345638,0.2966614749526444,0.29416861796572924,0.4330584034902171,surprised,08,22,22,female,strong,2574
80,2.6693333333333333,True,1.0,0.5598081878436895,0.5830229342250374,0.5714155610343634,0.923023948060243,-0.07217592592592592,-0.06305555555555553,0.3374593373638815,0.48215969712063306,0.18125673478866933,0.6190690525800625,0.023214746381347906,0.00912037037037039,0.015120525232429823,0.2686472488114509,0.11365196448146575,0.11111322243608648,0.0,0.9999999987499999,0.6182340903158139,0.29192163239351554,0.2984391048296548,0.43695717527016953,surprised,08,22,22,female,strong,2574
90,3.003,True,1.0,0.562093031574399,0.5432873869318982,0.5526902092531486,0.8881642264723857,-0.06995370370370374,-0.061620370370370325,0.3447950286759593,0.4642676638378374,0.17918199577107896,0.6222837993017641,0.018805644642500896,0.008333333333333415,0.010159462340362583,0.29016857493957066,0.11474819821667057,0.10928564611407306,0.0,0.9999999987499999,0.6187687911805347,0.29046440939532703,0.29745427937501434,0.43832169403736004,surprised,08,22,22,female,strong,2574
100,3.336666666666667,True,1.0,0.5857761867524527,0.5836424343586873,0.5847093105555701,0.8808396870371655,-0.06708333333333327,-0.06060185185185191,0.3451499661923692,0.4607296617383348,0.17917347976387143,0.6638089985730846,0.0021337523937653424,0.006481481481481366,0.0077414823298067505,0.29421975251766563,0.11338978433395981,0.11172234303889363,0.0,0.9999999987499999,0.6198137627316551,0.29073687473655513,0.2950012100171683,0.43626166129554206,surprised,08,22,22,female,strong,2574
0,0.0,True,1.0,0.538472041382112,0.5598468041117385,0.5491594227469252,0.6999568008733983,-0.06111111111111106,-0.06060185185185185,0.3315034210584065,0.4339457567804019,0.17152777777777772,0.7845618787640755,0.021374762729626462,0.0005092592592592093,0.004762357185747235,0.3712265090657181,0.1131944157499821,0.11089420942235743,0.0,0.9999999987499999,0.619405356204982,0.2969215367079059,0.28393308355116786,0.42777577947432815,surprised,08,22,22,female,strong,2575
10,0.33366666666666667,True,1.0,0.5440004052960438,0.564938820223893,0.5544696127599684,0.7083081022034541,-0.06078703703703703,-0.05777777777777782,0.33387640409115205,0.42357025946811006,0.17292063758304477,0.7828085137457638,0.020938414927849203,0.0030092592592592116,0.012701803215957291,0.35291971114829385,0.11517621141105593,0.10883446956598987,0.0,0.9999999987499999,0.6181605120954632,0.29716669023392905,0.2891365081671291,0.42506908575243896,surprised,08,22,22,female,strong,2575
20,0.6673333333333333,True,1.0,0.5791128058979045,0.5878143730755315,0.583463589486718,1.4006712514653237,-0.07574074074074089,-0.07157407407407407,0.31809789148718526,0.685895715923741,0.18472387429425183,0.41655998070662387,0.008701567177627045,0.004166666666666818,0.004065855018357747,0.1971649484536078,0.10980624150614461,0.11307680192579656,0.0,0.9999999987499999,0.6221231107208509,0.2951058192161906,0.3011425314683614,0.44740948276711273,surprised,08,22,22,female,strong,2575
30,1.0010000000000001,True,1.0,0.574642961807958,0.5704754584023258,0.572559210105142,0.9643798420264456,-0.061805555555555614,-0.056574074074074165,0.3676845825934374,0.4377776914462156,0.17570139218256625,0.5937071526733976,0.004167503405632211,0.005231481481481448,0.008558102127642717,0.2738486842105263,0.11154496894173141,0.11170363291564234,0.0,0.9999999987499999,0.6166500364989747,0.29822860184289507,0.30143626256689815,0.4431834011608943,surprised,08,22,22,female,strong,2575
40,1.3346666666666667,True,1.0,0.5364672547480814,0.5167961863601952,0.5266317205541383,0.8398127360771497,-0.06796296296296289,-0.0598611111111112,0.33040766881611394,0.45489856537512313,0.17917731201720288,0.6270823219639278,0.019671068387886237,0.008101851851851694,0.012795613481204253,0.328548007759562,0.11500175651682715,0.109889113092827,0.0,0.9999999987499999,0.6216948530505951,0.29051582061761894,0.2991943555618908,0.43555657102447964,surprised,08,22,22,female,strong,2575
50,1.6683333333333334,True,1.0,0.5517809124809985,0.5829276801820326,0.5673542963315155,0.9014098163216282,-0.06625000000000003,-0.05990740740740741,0.36365670530204935,0.39352390289777767,0.18266562172332237,0.629407718951532,0.031146767701034084,0.006342592592592622,0.008234788427507087,0.285522981106265,0.11250743355241993,0.11328556091206804,0.0,0.9999999987499999,0.6186504459752652,0.2938684567547807,0.3004953846140271,0.43790349891802627,surprised,08,22,22,female,strong,2575
60,2.0020000000000002,True,1.0,0.2502439026709489,0.2519681501014647,0.2511060263862068,1.0213084348812447,-0.07712962962962966,-0.0703240740740741,0.3480408972125794,0.46418156650049147,0.17917347976387135,0.24586698573130344,0.0017242474305158018,0.006805555555555565,0.01060210998379958,0.26295894841790923,0.11328332155844291,0.11234022442962517,0.0,0.9999999987499999,0.6163364841327156,0.2943106560431732,0.29579064817892187,0.42436173975914027,surprised,08,22,22,female,strong,2575
70,2.3356666666666666,True,1.0,0.5230989844337546,0.5380468581028472,0.5305729212683009,0.8514914952107825,-0.06291666666666668,-0.0587037037037037,0.31678372011197525,0.41832661836041213,0.18333374948165368,0.6231100653999606,0.01494787366909267,0.004212962962962974,0.013311719106714298,0.3121959373099941,0.11534257495522111,0.11022489451626073,0.0,0.9999999987499999,0.6113734555228342,0.29657706218736474,0.2924377537159602,0.423947493142213,surprised,08,22,22,female,strong,2575
80,2.6693333333333333,True,1.0,0.5765802328873704,0.5782860367437305,0.5774331348155504,0.9355889375099506,-0.062361111111111145,-0.05754629629629632,0.34801402265026377,0.4210150218794774,0.17986789790391566,0.6171867918322933,0.0017058038563600997,0.004814814814814827,0.009218596593915229,0.25714285714285684,0.11349901219909629,0.11296871662386825,0.0,0.9999999987499999,0.6123951440341762,0.29442503234712747,0.2922810048225394,0.42538873351615736,surprised,08,22,22,female,strong,2575
90,3.003,True,1.0,0.5840020740064824,0.5917345492261427,0.5878683116163126,0.9095937567410044,-0.06388888888888894,-0.057685185185185284,0.33557806237166216,0.46856158484065547,0.17569487868612624,0.6462976545953809,0.007732475219660251,0.006203703703703656,0.011987387591836972,0.2812397859951588,0.11437251133526542,0.11174380278814003,0.0,0.9999999987499999,0.6171107138793017,0.29147419905705574,0.29372108093217,0.4299959552122438,surprised,08,22,22,female,strong,2575
100,3.336666666666667,True,1.0,0.5820977855321074,0.6016810474544723,0.5918894164932899,0.8277439684511287,-0.06087962962962962,-0.055416666666666725,0.34272606263536115,0.42744155747886203,0.17500697530741458,0.7150634001004332,0.019583261922364814,0.005462962962962892,0.012320931658965875,0.3139528843608462,0.11650844627957259,0.10986236230843939,0.0,0.9999999987499999,0.6169845055209584,0.2920642119587451,0.29564465469523016,0.42805482609683265,surprised,08,22,22,female,strong,2575
110,3.6703333333333332,True,1.0,0.5643396433085327,0.5773440764234448,0.5708418598659888,0.8277439684511292,-0.06300925925925926,-0.05731481481481482,0.3417699514931442,0.4274415574788623,0.17778464410025668,0.689635783072084,0.013004433114912062,0.005694444444444446,0.012117271254265191,0.3139528843608462,0.11460084416569867,0.11219095827066282,0.0,0.9999999987499999,0.6161381391619148,0.2924103697823256,0.2915442922065834,0.4264933277866136,surprised,08,22,22,female,strong,2575
0,0.0,True,1.0,0.5515966665478349,0.5606837606837609,0.5561402136157979,0.7056590915964019,-0.060972222222222205,-0.05949074074074068,0.3411772458286191,0.4138719842255649,0.17361814221873406,0.7881145729415181,0.00908709413592601,0.001481481481481528,0.000695961796084015,0.34613359548274397,0.11586391974224775,0.10862948672054878,0.0,0.9999999987499999,0.6187301780555972,0.28841843323480126,0.298003519556774,0.44861196932244857,surprised,08,22,22,female,strong,2576
10,0.33366666666666667,True,1.0,0.5797070113386197,0.592377731861021,0.5860423715998204,0.8054778704639478,-0.06194444444444441,-0.06032407407407403,0.3333511925491482,0.46523290794038397,0.17500043596485873,0.7275710396143663,0.012670720522401369,0.0016203703703703831,0.003808403784266296,0.310344827586207,0.11380077691666593,0.11078897262969548,0.0,0.9999999987499999,0.6187679339001225,0.2879874765998982,0.29397232538511303,0.44741734732166183,surprised,08,22,22,female,strong,2576
20,0.6673333333333333,True,1.0,0.583118582371453,0.6062500639028003,0.5946843231371266,1.4237832932659575,-0.0759259259259259,-0.07430555555555557,0.3016041271761103,0.7118916466329788,0.19236745689994247,0.4176789585534501,0.023131481531347364,0.0016203703703703276,0.0007965876694261739,0.1938468427668809,0.11194718839690193,0.11266161854444989,0.0,0.9999999987499999,0.6121270360956883,0.2908863465642795,0.31393557294771135,0.45914992571120805,surprised,08,22,22,female,strong,2576
30,1.0010000000000001,True,1.0,0.6103392206686025,0.623112993333038,0.6167261070008203,1.0492123458229272,-0.05824074074074076,-0.05430555555555566,0.32189973614775735,0.5391621129326051,0.17778164011680334,0.587799132802907,0.012773772664435579,0.003935185185185097,0.004358030535333704,0.2499923709546967,0.1119735394129326,0.11212683849783778,0.0,0.9999999987499999,0.6165607300576481,0.29076635206810497,0.30386389763760746,0.44770113018523006,surprised,08,22,22,female,strong,2576
40,1.3346666666666667,True,1.0,0.4091710118604938,0.39687984733091825,0.40302542959570603,0.7559528368722304,-0.06726851851851856,-0.057453703703703785,0.3499888230125021,0.39786991414327855,0.18264557246431654,0.5331356798173172,0.012291164529575571,0.009814814814814776,0.0050601477742667645,0.3556960758410588,0.11220428313123579,0.11392079554549751,0.0,0.9999999987499999,0.6167526137486246,0.29026766579004043,0.3034950494033131,0.4454163320943055,surprised,08,22,22,female,strong,2576
50,1.6683333333333334,True,1.0,0.56694938653551,0.592786259293345,0.5798678229144275,0.9286381447275432,-0.059305555555555556,-0.05249999999999999,0.3532784497185671,0.4178736737286471,0.17847222222222225,0.6244281760411179,0.025836872757835083,0.006805555555555565,0.014647544990212511,0.27357868079943787,0.11236617049947405,0.11292064824758004,0.0,0.9999999987499999,0.6190016828606443,0.29020008633449346,0.3067826856077287,0.44688731624553474,surprised,08,22,22,female,strong,2576
60,2.0020000000000002,True,1.0,0.616499368702698,0.6053722452256106,0.6109358069641543,0.7637557063347485,-0.057638888888888906,-0.05236111111111108,0.35155907538184616,0.38844368667615464,0.18195953953629374,0.7999099736956801,0.01112712347708733,0.005277777777777826,0.006854798421377244,0.32972587323513175,0.11576458542146073,0.11081796522170544,0.0,0.9999999987499999,0.6178500137555022,0.2896990747166299,0.30963456979370163,0.4443082229963959,surprised,08,22,22,female,strong,2576
70,2.3356666666666666,True,1.0,0.6132366917505476,0.6422293549221305,0.6277330233363391,0.7972269375599389,-0.059166666666666645,-0.056435185185185144,0.312514527287383,0.3458884937602441,0.18472222222222218,0.7873956508013046,0.02899266317158289,0.0027314814814815014,0.011633959134575277,0.3100178658295365,0.11270141040070511,0.11342901262245797,0.0,0.9999999987499999,0.6125900812981443,0.2906848418179502,0.30347970234223637,0.438251112841041,surprised,08,22,22,female,strong,2576
80,2.6693333333333333,True,1.0,0.6590867010104104,0.682590736594938,0.6708387188026742,0.8418380598446354,-0.05699074074074073,-0.05449074074074073,0.3519425306391354,0.3741353361970684,0.17917731201720288,0.7968738297796611,0.023504035584527516,0.0025000000000000022,0.007293166947483167,0.27677468235146313,0.11380641138434489,0.11265903174607543,0.0,0.9999999987499999,0.6141093272621548,0.2902496314597071,0.30280427383471253,0.4351185744861481,surprised,08,22,22,female,strong,2576
90,3.003,True,1.0,0.6634184833506316,0.6738388286958168,0.6686286560232242,0.8954746353348392,-0.06157407407407417,-0.0564351851851852,0.34563686597690507,0.4205406335750593,0.1798649287135741,0.7466751481723523,0.010420345345185211,0.0051388888888889706,0.011425601000256497,0.2726876612423736,0.1145657604085848,0.11051611496801325,0.0,0.9999999987499999,0.6139262372370824,0.2895429845435995,0.3017866547279504,0.4362878233384413,surprised,08,22,22,female,strong,2576
100,3.336666666666667,True,1.0,0.6503108430507841,0.6628368244576391,0.6565738337542116,0.8679220478559878,-0.059305555555555556,-0.054629629629629695,0.340438736567276,0.41327974038911325,0.17917347976387143,0.7564894052134453,0.012525981406855013,0.004675925925925861,0.008550044962594245,0.28614345776873373,0.11263239044040865,0.11248586466430383,0.0,0.9999999987499999,0.6142009544833559,0.289928432650398,0.2984399475718844,0.43984692170584516,surprised,08,22,22,female,strong,2576
110,3.6703333333333332,True,1.0,0.2602853854420865,0.26734436755508584,0.26381487649858615,0.8820552877520571,-0.07699074074074075,-0.06981481481481483,0.3393950899288045,0.427441557478861,0.17987171536233565,0.2990910889168023,0.0070589821129993235,0.007175925925925919,0.00465783881315197,0.2946216750990948,0.11337564548498938,0.11207718782861216,0.0,0.9999999987499999,0.6171156922847265,0.28885502091004694,0.29500543592787987,0.4319451871326037,surprised,08,22,22,female,strong,2576
0,0.0,True,1.0,0.5613179973795024,0.5386372867187512,0.5499776420491268,0.7054417996236131,-0.06185185185185188,-0.059675925925925855,0.32637083464848254,0.4302922691992452,0.17500392364463044,0.779621568133,0.02268071066075117,0.0021759259259260255,0.003664375416625923,0.3717648052391801,0.11420368730870116,0.11089022919441605,0.0,0.9999999987499999,0.6176290972013806,0.2882038352576937,0.29203891641992846,0.4434795856429949,surprised,08,22,22,female,strong,2577
10,0.33366666666666667,True,1.0,0.5522191612279779,0.5654514713218838,0.5588353162749309,0.7163934604141314,-0.06125000000000003,-0.0589351851851852,0.33606147822924276,0.4270557317354172,0.17361155056367997,0.780067584581077,0.013232310093905908,0.002314814814814825,0.00019008653347502355,0.35746786528684626,0.11631943966209268,0.10866882295598976,0.0,0.9999999987499999,0.6158527549457282,0.28809545510348133,0.2969547816857334,0.4422397958667098,surprised,08,22,22,female,strong,2577
20,0.6673333333333333,True,1.0,0.4650844925870322,0.4498898939018418,0.457487193244437,1.4612277703810914,-0.08685185185185174,-0.08124999999999993,0.3032971538411253,0.7456780890089074,0.1923615077290461,0.3130841081162339,0.015194598685190408,0.005601851851851802,0.002889861483781471,0.1971649484536082,0.11138260749481221,0.11321982172139412,0.0,0.9999999987499999,0.6167571861322654,0.29660215630733483,0.29642652604320713,0.433592343357534,surprised,08,22,22,female,strong,2577
30,1.0010000000000001,True,1.0,0.5490997304610554,0.5385252107827466,0.543812470621901,0.9019951354305948,-0.060555555555555585,-0.05699074074074073,0.3348475161323969,0.4509975677152974,0.17576781605902037,0.6028995603865375,0.010574519678308802,0.003564814814814854,0.01060388132390643,0.3028846153846157,0.11352434313075892,0.11209665688542007,0.0,0.9999999987499999,0.6178141486594638,0.29118356660571987,0.2966143891359224,0.43850920081738404,surprised,08,22,22,female,strong,2577
40,1.3346666666666667,True,1.0,0.5277020189027389,0.5059829059829059,0.5168424624428224,0.8682516604398852,-0.06699074074074074,-0.05810185185185185,0.33620308685091005,0.44099913867355683,0.17992218303025748,0.5952680380489831,0.021719112919833083,0.00888888888888889,0.010498557954999264,0.3039740100576473,0.11431818977662854,0.11077218338558217,0.0,0.992586632832575,0.6194156899244072,0.29916683825991036,0.29723500608356707,0.42761030865944233,surprised,08,22,22,female,strong,2577
50,1.6683333333333334,True,1.0,0.5659318239176359,0.5606837606837609,0.5633077923006984,0.9219297395212913,-0.06976851851851851,-0.058009259259259316,0.35814296630689146,0.4213991769547323,0.19375039377480144,0.6110094599976718,0.0052480632338749444,0.011759259259259192,0.019815700988107147,0.2896008349815715,0.11191386742765402,0.11252553315871544,0.0,0.9999999987499999,0.6198165907222265,0.2895304535155445,0.3084368994800344,0.4563508653437991,surprised,08,22,22,female,strong,2577
60,2.0020000000000002,True,1.0,0.6127803194550547,0.5970149253731347,0.6048976224140947,0.7163937329338915,-0.06574074074074082,-0.05912037037037038,0.3527211046488141,0.39134201190460505,0.1875036620736129,0.8443647600556472,0.015765394081920014,0.006620370370370443,0.019888481373533537,0.37543660075665736,0.11190111775983284,0.11236879118312545,0.0,0.9999999987499999,0.619974080757303,0.2874515960723588,0.3024054384021964,0.44745385151843425,surprised,08,22,22,female,strong,2577
70,2.3356666666666666,True,1.0,0.5995220792186298,0.6061532305524233,0.6028376548855265,0.9261340856687845,-0.06458333333333338,-0.06115740740740738,0.3026503845258464,0.46288400478355407,0.19098220953209083,0.6509183326841949,0.00663115133379355,0.003425925925925999,0.014884334147077195,0.2831064716371226,0.11568245655351005,0.11004140203562279,0.0,0.9999999987499999,0.6156557057119724,0.28609974957470574,0.3049858401219639,0.4399865869870519,surprised,08,22,22,female,strong,2577
80,2.6693333333333333,True,1.0,0.6275502169603236,0.6499381081665462,0.6387441625634349,0.9157731977573931,-0.06583333333333335,-0.06305555555555559,0.34564253469136413,0.4107371611933247,0.1868316922029551,0.6974916541864673,0.022387891206222532,0.002777777777777768,0.015894182198229138,0.2651049943634587,0.11242594001411886,0.113198255198756,0.0,0.9999999987499999,0.6194673748640082,0.29543531558828434,0.2984781854001438,0.4300099911147538,surprised,08,22,22,female,strong,2577
90,3.003,True,1.0,0.5274207942196312,0.5656542834532194,0.5465375388364253,0.8685662001844607,-0.06884259259259257,-0.06597222222222227,0.3429929247560098,0.4206955046649701,0.18680555555555556,0.6292410857345762,0.03823348923358827,0.002870370370370301,0.02140840298115477,0.3163940298931514,0.11374310797791888,0.11153355755480147,0.0,0.9999999987499999,0.6169297437725091,0.2884900852571271,0.30205830648781085,0.44501845320746825,surprised,08,22,22,female,strong,2577
100,3.336666666666667,True,1.0,0.5480715800636377,0.5462999942625354,0.5471857871630865,0.8544953398425413,-0.06759259259259254,-0.06138888888888888,0.33855875651225226,0.43406730959912904,0.18542695320541566,0.6403613473935585,0.00177158580110226,0.006203703703703656,0.01849518863942542,0.31789735587953405,0.11516474598270067,0.11023798938559035,0.0,0.9999999987499999,0.617964701677546,0.28765108258565575,0.30360859822498765,0.4404766904206243,surprised,08,22,22,female,strong,2577
0,0.0,True,1.0,0.5121590358093343,0.5244919868140813,0.5183255113117078,0.7138842429724198,-0.06291666666666668,-0.06152777777777779,0.33327530030841895,0.4409016864405026,0.17222931003000191,0.7260638071426557,0.012332951004746961,0.001388888888888884,0.008368342999167116,0.3424527065678552,0.11275691396056842,0.11168074001241993,0.0,0.9999999987499999,0.6188623843287315,0.29084355259748285,0.2918426837453646,0.44757374898024876,neutral,01,22,22,female,normal,2578
10,0.33366666666666667,True,1.0,0.5523965080668175,0.5599547943628217,0.5561756512148196,0.7221525735194008,-0.06291666666666668,-0.060787037037037084,0.33599040704382055,0.4096827099773522,0.1729184315296482,0.7701636352333484,0.007558286296004191,0.0021296296296295925,0.005356362657896715,0.34615384615384664,0.11445638770461922,0.11097327756915196,0.0,0.9999999987499999,0.6132169284041743,0.2914954941199598,0.29551590056331006,0.4426907954835505,neutral,01,22,22,female,normal,2578
20,0.6673333333333333,True,1.0,0.5656542834532188,0.5686773735775938,0.5671658285154063,0.9852871449438108,-0.06217592592592586,-0.059398148148148144,0.3344936368867347,0.5065049606648719,0.1729184315296482,0.575635063773973,0.003023090124375072,0.0027777777777777124,0.0036566894140676568,0.261435457397865,0.11407540127275449,0.11050618130999251,0.0,0.9999999987499999,0.6137654114770908,0.2931091320944693,0.30025634199380485,0.447876486271253,neutral,01,22,22,female,normal,2578
30,1.0010000000000001,True,1.0,0.5255998018790913,0.5451764489708519,0.5353881254249716,0.9627308785985418,-0.06333333333333335,-0.06134259259259256,0.34142844174916387,0.4949250291386864,0.1715348942799473,0.5561140058209644,0.019576647091760657,0.001990740740740793,0.005395106759372412,0.2693661971830985,0.11157948535239619,0.11268817079162431,0.0,0.9999999987499999,0.6185677531403185,0.29180445339681316,0.29514251318622126,0.4506273967116656,neutral,01,22,22,female,normal,2578
40,1.3346666666666667,True,1.0,0.512008744958421,0.5331339662778078,0.5225713556181144,0.8251694658680712,-0.06074074074074076,-0.059259259259259345,0.33269612034319934,0.46852842553526064,0.17222931003000191,0.6332897389366848,0.021125221319386878,0.001481481481481417,0.0014423768060423138,0.32459535501714587,0.11309019141328396,0.11065668597834344,0.0,0.9999999987499999,0.6125606840392407,0.2930028069113422,0.29279851490796466,0.44241951797940554,neutral,01,22,22,female,normal,2578
50,1.6683333333333334,True,1.0,0.5389335647839488,0.5599496538597483,0.5494416093218486,0.9763202620039936,-0.06064814814814823,-0.05884259259259261,0.3431825791660362,0.48136543929927006,0.1729276967647946,0.5627678034603784,0.021016089075799438,0.0018055555555556158,0.00013251417686539616,0.26561689413936546,0.11463115658547977,0.10923413126413777,0.0,0.9999999987499999,0.6135725962494373,0.2944375699201465,0.29898671071338584,0.43886103328407056,neutral,01,22,22,female,normal,2578
60,2.0020000000000002,True,1.0,0.5387381596077012,0.5244919868140813,0.5316150732108913,0.9558822491393751,-0.061435185185185204,-0.058750000000000024,0.3447391038008985,0.47120955943490267,0.17362693070286384,0.5561512139068686,0.014246172793619949,0.0026851851851851793,0.0014812016529215078,0.2776462037404763,0.11224862573567274,0.11168098993701693,0.0,0.9999999987499999,0.6144020603319453,0.29320185004867705,0.2960424603615675,0.4448791997980582,neutral,01,22,22,female,normal,2578
70,2.3356666666666666,True,1.0,0.5472248503960091,0.5607919123774918,0.5540083813867505,0.8668897167745713,-0.0625925925925927,-0.06004629629629621,0.315923489597514,0.4554637281910002,0.17570139218256636,0.6390759639508061,0.01356706198148272,0.002546296296296491,0.002118814580217598,0.2960229925060364,0.11294389154176042,0.11046159067217343,0.0,0.9999999987499999,0.6123309251903887,0.2931799608136652,0.29273941845074136,0.44062038627145017,neutral,01,22,22,female,normal,2578
80,2.6693333333333333,True,1.0,0.49888301277034197,0.4981358199740407,0.49850941637219137,0.6249885485932599,-0.061064814814814794,-0.0591666666666667,0.33509633595599675,0.34024496252356384,0.17502136100099508,0.7976296805665464,0.0007471927963012548,0.0018981481481480933,0.001859313009273957,0.41306587519613375,0.11412429308210245,0.10941588242397715,0.0,0.9999999987499999,0.6143083542557647,0.29256095207316374,0.2930681238641693,0.4399890812113687,neutral,01,22,22,female,normal,2578
90,3.003,True,1.0,0.2514871776497981,0.2443598261426878,0.24792350189624296,0.5140465050879429,-0.0766666666666666,-0.0731944444444444,0.3431685350001464,0.3246253869131075,0.1736326429790067,0.4822978066037591,0.007127351507110302,0.00347222222222221,0.007245379131928955,0.45958518525842995,0.11157576926316483,0.1118433429562175,0.0,0.9999999987499999,0.6170998313622325,0.29291497428694546,0.2924326966223065,0.4387386205626432,neutral,01,22,22,female,normal,2578
100,3.336666666666667,True,1.0,0.4104005903551323,0.45087041383161325,0.43063550209337276,0.5653981371375922,-0.06703703703703706,-0.06236111111111109,0.3449138586818623,0.3162402927591068,0.17500392364463044,0.761650019353664,0.040469823476480926,0.004675925925925972,0.0021821428478038334,0.4424464614783179,0.11375450064544736,0.10997366561384112,0.0,0.9999999987499999,0.6175019126322405,0.29121578700604,0.2956919178922693,0.4402952450431049,neutral,01,22,22,female,normal,2578
0,0.0,True,1.0,0.5253646418394807,0.5332477651798884,0.5293062035096845,0.6859594544719909,-0.06319444444444439,-0.061574074074074114,0.33158911718086165,0.41994750656167934,0.17083377993145385,0.7716289936073724,0.007883123340407638,0.001620370370370272,0.001246028801942854,0.3793508523806836,0.11198232875924048,0.11092218828055288,0.0,0.9999999987499999,0.6211838064444528,0.2904456440297499,0.2893086338176214,0.4437853596989642,neutral,01,22,22,female,normal,2579
10,0.33366666666666667,True,1.0,0.5393765016425621,0.5598468041117385,0.5496116528771503,0.8749156179177366,-0.06384259259259245,-0.06023148148148155,0.33422148629196524,0.49300800692189956,0.17014068256565854,0.6281881836618753,0.02047030246917636,0.0036111111111108984,0.0055600705964344455,0.2950701033622541,0.11255264950617307,0.11051596646731539,0.0,0.9999999987499999,0.620738582393895,0.2910499853172142,0.29407467927481207,0.44881801396211973,neutral,01,22,22,female,normal,2579
20,0.6673333333333333,True,1.0,0.519885802573166,0.5825396579050345,0.5512127302391002,1.1286633588588038,-0.06351851851851859,-0.06222222222222212,0.328126012470822,0.5995875882284578,0.16875406896136058,0.4883765614544568,0.06265385533186851,0.001296296296296462,0.00779223399094457,0.2323619626580419,0.11250090132109282,0.11056864364335306,0.0,0.9999999987499999,0.6196314528311325,0.2911398313051214,0.29784587805980295,0.4494688525067859,neutral,01,22,22,female,normal,2579
30,1.0010000000000001,True,1.0,0.4863623671973126,0.47071982172422006,0.4785410944607663,0.9830758284299259,-0.06615740740740744,-0.06254629629629621,0.34288458090806834,0.5319382907257811,0.1666831453442138,0.4867794331033915,0.015642545473092517,0.0036111111111112315,0.006418793887005175,0.2777352920950742,0.11157400328480487,0.11269359865872905,0.0,0.9999999987499999,0.6225645778702106,0.28982696418906106,0.2956167809079936,0.454623195148199,neutral,01,22,22,female,normal,2579
40,1.3346666666666667,True,1.0,0.46426320340973415,0.49840164834213385,0.481332425875934,0.7359930306282692,-0.06398148148148153,-0.06171296296296297,0.33256386648181413,0.4581566094658288,0.17153889718267498,0.6539904670904995,0.0341384449323997,0.0022685185185185586,0.005102488585708343,0.3713786092701204,0.11251653393887306,0.11141107253415038,0.0,0.9999999987499999,0.6201861484046746,0.2903096357886372,0.29313037809435316,0.44790626880083145,neutral,01,22,22,female,normal,2579
50,1.6683333333333334,True,1.0,0.5118231021156192,0.5495017004711432,0.5306624012933812,0.9593401411655317,-0.06384259259259256,-0.060972222222222205,0.32878786030935364,0.5008319854614178,0.16946065300579047,0.5531535464039513,0.03767859835552401,0.0028703703703703565,0.006052364719012339,0.25643382352941246,0.11418295772801876,0.10987608295180173,0.0,0.9999999987499999,0.6181526867231267,0.2912369803125364,0.2976669345257433,0.44783752165165974,neutral,01,22,22,female,normal,2579
60,2.0020000000000002,True,1.0,0.5202270281982829,0.5245983456204355,0.5224126869093593,0.7788699503369771,-0.06472222222222213,-0.06152777777777774,0.34140147075696625,0.4713983325527622,0.1715495711333122,0.6707315986235418,0.004371317422152576,0.0031944444444443887,0.00016912855369335158,0.3458231694563049,0.11171296012984659,0.11153562767830526,0.0,0.9999999987499999,0.6222249569515306,0.2899389720100172,0.2931213142892086,0.44786808618896073,neutral,01,22,22,female,normal,2579
70,2.3356666666666666,True,1.0,0.49843484064349936,0.5269651864139676,0.5127000135287335,0.9304176264559662,-0.06513888888888886,-0.061481481481481415,0.3300489409816187,0.5004337304967692,0.17016758544842106,0.5510428854208708,0.028530345770468257,0.0036574074074074425,0.0009649430454796818,0.2812397859951588,0.11218113527181355,0.11174878246309512,0.0,0.9999999987499999,0.6222815962869523,0.2896762229604953,0.29268614729864206,0.44692011599069975,neutral,01,22,22,female,normal,2579
80,2.6693333333333333,True,1.0,0.5196914623825379,0.5271960708459285,0.5234437666142332,0.64844934092539,-0.06439814814814815,-0.06138888888888899,0.32926211561260993,0.40175665687768813,0.17293828499713917,0.8072238393630509,0.007504608463390516,0.003009259259259156,0.002991363864068369,0.39130434782608736,0.11419377755317948,0.1096912879914376,0.0,0.9999999987499999,0.6180757523243672,0.28933292637970964,0.2936804836266537,0.44557309935931183,neutral,01,22,22,female,normal,2579
90,3.003,True,1.0,0.5043668233918778,0.5252525252525254,0.5148096743222016,0.6149154249247973,-0.06379629629629635,-0.060972222222222205,0.33881192365373486,0.3894160138479344,0.17293254978509282,0.8372040340103056,0.020885701860647643,0.0028240740740741455,0.0020068231169840783,0.39996875366163204,0.11190334573132225,0.11117337347346919,0.0,0.9999999987499999,0.618482287852641,0.28979173730096175,0.288609455043273,0.4450818237089997,neutral,01,22,22,female,normal,2579
100,3.336666666666667,True,1.0,0.2423093939076829,0.26322041304233507,0.252764903475009,0.6153270814636361,-0.07398148148148148,-0.07,0.33851528129116715,0.389707151593637,0.17225057170343586,0.4107813731743686,0.020911019134652153,0.003981481481481475,0.0035117997864049294,0.425580576578037,0.11247618449925603,0.11093779144574682,0.0,0.9999999987499999,0.6226362186515231,0.29061564552827807,0.28953523047542057,0.43657024696020935,neutral,01,22,22,female,normal,2579
0,0.0,True,1.0,0.5276898532162354,0.5469121792424348,0.5373010162293351,0.6464646464646462,-0.06162037037037038,-0.06199074074074079,0.3499420289413757,0.36363636363636337,0.17639580927478624,0.8311375094797532,0.019222326026199443,0.00037037037037040976,0.005215910309689178,0.3867187499999998,0.11264690879411947,0.11179169591060982,0.0,0.9999999987499999,0.6191055421934398,0.2914933934263645,0.2928887226046487,0.44478852923481405,neutral,01,22,22,female,normal,2580
10,0.33366666666666667,True,1.0,0.5467316994560978,0.5415676103981959,0.5441496549271468,0.6561648815726858,-0.06277777777777771,-0.06222222222222212,0.34217328631503724,0.31441233908691196,0.17778464410025663,0.8292879887490129,0.005164089057901888,0.0005555555555555869,0.00423047739461485,0.3867187499999998,0.11258845602434697,0.11116714044699526,0.0,0.9999999987499999,0.6172779241540367,0.2932406652281869,0.29848175308951314,0.44813949213854487,neutral,01,22,22,female,normal,2580
20,0.6673333333333333,True,1.0,0.5387381596077007,0.5605771346783344,0.5496576471430175,1.0781958263925493,-0.06337962962962956,-0.06444444444444447,0.3289088888610335,0.5319899487359706,0.17777820693070212,0.5097938924342471,0.021838975070633704,0.0010648148148149073,0.003681041437201207,0.25937290206750246,0.11303131817380387,0.11106044548955006,0.0,0.9999999987499999,0.6173360763524159,0.2933413325518684,0.302702540579675,0.4510515951982764,neutral,01,22,22,female,normal,2580
30,1.0010000000000001,True,1.0,0.5063687779111646,0.5059075617810255,0.506138169846095,0.9236387249597872,-0.06824074074074071,-0.06527777777777782,0.3283253007670814,0.5044299543061826,0.1798628078333204,0.5479828380605534,0.00046121613013916374,0.0029629629629628895,0.007988595594029452,0.29421975251766563,0.11244479944694341,0.11148347218302339,0.0,0.9999999987499999,0.62054743341868,0.29281766021310285,0.2992283104564528,0.4543052257914501,neutral,01,22,22,female,normal,2580
40,1.3346666666666667,True,1.0,0.5200325604530015,0.5333558764450854,0.5266942184490435,0.778869950336976,-0.0668981481481481,-0.06277777777777782,0.34143490645290275,0.4304071732003472,0.18195492727998097,0.6762287057308741,0.013323315992083917,0.004120370370370274,0.0011240161377208536,0.34582316945630537,0.11340143940279397,0.11016489068375354,0.0,0.9999999987499999,0.6183212631380678,0.29361379730008325,0.2997202790104932,0.4484431885299377,neutral,01,22,22,female,normal,2580
50,1.6683333333333334,True,1.0,0.5002440810494402,0.47952692865790625,0.4898855048536732,0.8651898448093409,-0.0637037037037037,-0.05921296296296308,0.35059084295083814,0.432530143709589,0.17708505667053592,0.5662173542520343,0.020717152391533933,0.004490740740740629,0.0005156284273283094,0.29579094351841795,0.11346537087034365,0.11027195091557658,0.0,0.9999999987499999,0.6172075109340611,0.2938039270117444,0.30446401281817065,0.45089713267544124,neutral,01,22,22,female,normal,2580
60,2.0020000000000002,True,1.0,0.6016810474544722,0.5972222222222224,0.5994516348383473,1.094613805430468,-0.06060185185185191,-0.05893518518518509,0.3358855255523654,0.5057264703516705,0.17778164011680334,0.5476375611785811,0.004458825232249719,0.0016666666666668162,0.002380510035963452,0.2278423257633234,0.11101216964184338,0.11274126013382016,0.0,0.9999999987499999,0.6121586771036539,0.29443508756767545,0.29854537164561473,0.44690210046371176,neutral,01,22,22,female,normal,2580
70,2.3356666666666666,True,1.0,0.5469121792424358,0.5695490573799591,0.5582306183111975,0.9200779727095528,-0.06226851851851861,-0.06023148148148161,0.2984002377422511,0.49902534113060415,0.1777777777777778,0.6067209898170423,0.022636878137523242,0.002037037037037004,0.007849104266435657,0.28651870615098163,0.11492625331843954,0.10874856249096686,0.0,0.9999999987499999,0.6135077125146935,0.29349733558729396,0.29874403294095225,0.44518647080652785,neutral,01,22,22,female,normal,2580
80,2.6693333333333333,True,1.0,0.5118231021156181,0.5468040679772388,0.5293135850464284,0.705231283472478,-0.06134259259259256,-0.06106481481481485,0.33083670447544633,0.36669706309134054,0.17916836996525629,0.7505531836876961,0.034980965861620694,0.0002777777777777102,0.002537686554230697,0.3605323133327794,0.11420867702742572,0.11002264984896347,0.0,0.9999999987499999,0.6163892209149285,0.29319406219094757,0.3015863566921672,0.44782667277098837,neutral,01,22,22,female,normal,2580
90,3.003,True,1.0,0.5387381596077012,0.541776508230612,0.5402573339191565,0.6433524649140899,-0.060601851851851796,-0.05856481481481485,0.33273934796778565,0.3566410403328106,0.17847222222222225,0.8397532664949062,0.003038348622910747,0.0020370370370369484,0.0017670397110811638,0.37969891953273766,0.1139411490244458,0.11081665844808483,0.0,0.9999999987499999,0.614872422859769,0.2919365615886786,0.29551722969146565,0.44624913241220365,neutral,01,22,22,female,normal,2580
100,3.336666666666667,True,1.0,0.3888957651285382,0.4086801081295445,0.39878793662904133,0.6285781005565922,-0.06606481481481474,-0.06402777777777774,0.34056721647105626,0.3484248544955194,0.17847264970529494,0.6344286195715748,0.019784343001006288,0.002037037037037004,0.0026493821802393847,0.3912750951659053,0.11493126200213247,0.10909310911044325,0.0,0.9999999987499999,0.6152557754664365,0.2920003233989203,0.29634941733991116,0.441725161621754,neutral,01,22,22,female,normal,2580
0,0.0,True,1.0,0.5191097468539234,0.5333558764450854,0.5262328116495044,0.7000896538736471,-0.06342592592592589,-0.061481481481481415,0.3290015868153661,0.4479440069991245,0.1729184315296481,0.75166488854366,0.014246129591162005,0.0019444444444444708,0.0038832578965337394,0.35990890958443306,0.11594423848106312,0.10836808985529707,0.0,0.9999999987499999,0.6199062745254352,0.29031226158934387,0.2975799052982935,0.45060371315002207,neutral,01,22,22,female,normal,2581
10,0.33366666666666667,True,1.0,0.5120087449584199,0.5111498331380232,0.5115792890482216,0.7839415570890459,-0.06611111111111106,-0.0633333333333333,0.33060164433045647,0.47594050743656974,0.17222266521875423,0.6525732491435106,0.0008589118203966573,0.002777777777777768,0.010945964395984449,0.32141235741172425,0.11321975018504188,0.11104005383612624,0.0,0.9999999987499999,0.6189964682201007,0.2901749355469795,0.2929746383276864,0.4479614825714139,neutral,01,22,22,female,normal,2581
20,0.6673333333333333,True,1.0,0.5060276798407021,0.5189960753324021,0.512511877586552,1.2467010509826633,-0.0737962962962963,-0.07453703703703696,0.3131712394790239,0.6746852746494411,0.17986789790391577,0.41109444576354903,0.012968395491700035,0.000740740740740653,0.001675768237084097,0.21869901778614081,0.11400056924834565,0.10971856614432597,0.0,0.9999999987499999,0.6160004874293467,0.29120441881446496,0.30027089214781105,0.4484565713433368,neutral,01,22,22,female,normal,2581
30,1.0010000000000001,True,1.0,0.465211720216798,0.4645172788330445,0.46486449952492126,1.0236172358471813,-0.07009259259259254,-0.06768518518518518,0.3255966694030688,0.5686588883100672,0.17778464410025668,0.4541389918470679,0.000694441383753519,0.002407407407407358,0.0005528217665440076,0.27378165144085104,0.11388635778082079,0.1103562544653605,0.0,0.9999999987499999,0.61912235566883,0.29063898960566326,0.29743526829883826,0.4505996652056486,neutral,01,22,22,female,normal,2581
40,1.3346666666666667,True,1.0,0.5118231021156182,0.5188824038108791,0.5153527529632487,0.8525578326972246,-0.06689814814814815,-0.06490740740740747,0.3320798946588091,0.5031488848704935,0.177094103915715,0.6044783511434465,0.007059301695260922,0.001990740740740682,0.0005529752657443407,0.3139528843608455,0.11323549869766837,0.11068025717325004,0.0,0.9472974692977769,0.6185506317605166,0.2908433746931058,0.2970636920638689,0.44960027744488934,neutral,01,22,22,female,normal,2581
50,1.6683333333333334,True,1.0,0.23805295262697582,0.24517131570457343,0.24161213416577462,0.9003178824707153,-0.07837962962962963,-0.07444444444444448,0.34162713798185956,0.49047168224150944,0.1743125586519252,0.2683631402530023,0.0071183630775976114,0.003935185185185153,0.007982212517761272,0.29422209650110104,0.11487249750165401,0.10932938628802276,0.0,0.9999999987499999,0.6209006278058099,0.29137818325384923,0.2985693962735929,0.44100262960292297,neutral,01,22,22,female,normal,2581
60,2.0020000000000002,True,1.0,0.5307029915950636,0.5655528773875516,0.5481279344913076,0.8339879979754975,-0.06504629629629621,-0.06124999999999997,0.3487239469434067,0.4699456179068272,0.17570139218256625,0.6572371974439511,0.034849885792487934,0.003796296296296242,0.0020443828699784165,0.32182025909429274,0.11414825393752502,0.10991213565342228,0.0,0.9999999987499999,0.6197821830060148,0.29071809078739774,0.30289556379305926,0.4511568534924045,neutral,01,22,22,female,normal,2581
70,2.3356666666666666,True,1.0,0.504189979290921,0.5250620805131779,0.5146260299020495,0.8961525074731804,-0.06393518518518515,-0.06314814814814812,0.3186494701725451,0.4769647696476958,0.17917049906572252,0.5742616637352331,0.02087210122225691,0.0007870370370370305,0.002478586883738162,0.29075829798881264,0.11395314035276215,0.11045990738536475,0.0,0.9999999987499999,0.6153204199257828,0.2904421346784103,0.29791560333182765,0.44900622564125875,neutral,01,22,22,female,normal,2581
80,2.6693333333333333,True,1.0,0.5387381596077001,0.5471166987022776,0.5429274291549888,0.6539577215565773,-0.06550925925925927,-0.06194444444444436,0.32312805601271244,0.3980612218170468,0.17570139218256625,0.8302179349800939,0.00837853909457753,0.0035648148148149095,0.0025609555226954695,0.37907608695652195,0.11610652829801396,0.10801795904041905,0.0,0.9999999987499999,0.6184977619641607,0.2890677976257046,0.29932578488811246,0.44870537430873614,neutral,01,22,22,female,normal,2581
90,3.003,True,1.0,0.5384720413821132,0.5334471747908569,0.535959608086485,0.6426749517509087,-0.06435185185185183,-0.06087962962962962,0.3367297830583344,0.3760332164499996,0.17847264970529494,0.833951294703975,0.005024866591256338,0.00347222222222221,0.009458762469176277,0.4188829787234043,0.11559414861556248,0.10821455678105164,0.0,0.9999999987499999,0.616516018759066,0.28959609763768346,0.2993907617855369,0.4477125194024081,neutral,01,22,22,female,normal,2581
100,3.336666666666667,True,1.0,0.2221768978127842,0.23518204556785696,0.2286794716903206,0.6324805855182141,-0.07680555555555546,-0.07199074074074074,0.3421572172097557,0.3835254614312572,0.17639061901081732,0.3615596698560404,0.013005147755072749,0.004814814814814716,0.010116348090370058,0.39551950025153226,0.11446848621577425,0.10975231684042358,0.0,0.9999999987499999,0.6161623167079331,0.2897824074583848,0.29290187968097514,0.4389400996072395,neutral,01,22,22,female,normal,2581
0,0.0,True,1.0,0.4861748359132274,0.4860528424448115,0.48611383917901946,0.6427209768958588,-0.06351851851851859,-0.06064814814814817,0.34025385110987966,0.38970715159363567,0.1694484967301335,0.7563372857795885,0.00012199346841590408,0.002870370370370412,0.005146659310932077,0.3829512983599655,0.11558572768453985,0.11100450535484145,0.0,0.9999999987499999,0.6203258911533364,0.2900073644109808,0.29685514081406555,0.4445645789398522,calm,02,22,22,female,normal,2582
10,0.33366666666666667,True,1.0,0.4799803462554266,0.4854916883122319,0.48273601728382926,0.6612929873322102,-0.06472222222222224,-0.06263888888888891,0.3360074701808805,0.3581757750038983,0.17222620914999012,0.7299881089489306,0.005511342056805257,0.002083333333333326,0.0056923249919902255,0.36385314826359083,0.11351871928582982,0.11294891357369453,0.0,0.9999999987499999,0.6203117066983044,0.2894000223455273,0.2938265447245559,0.4441263050876593,calm,02,22,22,female,normal,2582
20,0.6673333333333333,True,1.0,0.19325517063098158,0.19590882356062464,0.1945819970958031,0.8822375535307477,-0.07611111111111107,-0.07106481481481469,0.3463504549404249,0.45446950710108536,0.17222620914999012,0.22055510595426214,0.0026536529296430633,0.005046296296296382,0.001552394866235995,0.2982846215100159,0.11457499966589853,0.11187728168603353,0.0,0.9999999987499999,0.6194548054534315,0.29013232882412504,0.3002822434670685,0.4431239644996963,calm,02,22,22,female,normal,2582
30,1.0010000000000001,True,1.0,0.38290598290598266,0.39598920290830236,0.3894475929071425,0.9010669502848595,-0.06462962962962965,-0.06060185185185185,0.37796509949892765,0.357915604002854,0.1757157210248491,0.4322071659425797,0.013083220002319706,0.004027777777777797,0.0015345605513660285,0.3004780193360612,0.1134462931774374,0.11268401561457139,0.0,0.9999999987499999,0.6228416977259654,0.29175024275006334,0.31144322991343804,0.45801276497345367,calm,02,22,22,female,normal,2582
40,1.3346666666666667,True,1.0,0.38307167339972076,0.41025641025641096,0.39666404182806586,0.7190432032754744,-0.05995370370370362,-0.0562037037037037,0.3596759222684965,0.35944641539052063,0.17991242987878595,0.5516553664941589,0.027184736856690206,0.00374999999999992,0.0006083271606505367,0.37876641207937245,0.11247838859669276,0.1128088700934657,0.0,0.9999999987499999,0.6181750698482518,0.2924808051779488,0.3054641129954634,0.4499035163787556,calm,02,22,22,female,normal,2582
50,1.6683333333333334,True,1.0,0.42340939198013655,0.4240524029459942,0.42373089746306536,0.9339920742406105,-0.06023148148148144,-0.05842592592592594,0.359509411607558,0.3891633642669214,0.1771044430585666,0.45367718757954456,0.000643010965857671,0.0018055555555555047,0.004639007422844714,0.28906249999999994,0.11449829404585705,0.11075815876935503,0.0,0.9999999987499999,0.6150227700924119,0.29221167156208644,0.3086391550330205,0.45390567042229557,calm,02,22,22,female,normal,2582
60,2.0020000000000002,True,1.0,0.4166523850565566,0.3967253766799198,0.4066888808682382,0.9412913532826631,-0.06078703703703703,-0.057638888888888906,0.3558822277376007,0.43137254901960836,0.1791875309587279,0.4320541981501793,0.0199270083766368,0.003148148148148122,0.004047015273552728,0.28155835888816555,0.11316681926157814,0.11228804049721577,0.0,0.9999999987499999,0.62049652786896,0.2922006885500442,0.30616803703324447,0.4520069539927394,calm,02,22,22,female,normal,2582
70,2.3356666666666666,True,1.0,0.4232606939273789,0.4232804232804242,0.42327055860390156,0.8035524381698057,-0.06199074074074068,-0.05898148148148147,0.33187585333259567,0.3735632072722354,0.18264055980567512,0.5267491435505501,1.972935304528356e-05,0.0030092592592592116,0.002677030234968997,0.32752674015350824,0.11209639952847165,0.11302000857438983,0.0,0.9999999987499999,0.6181832712303671,0.29220235598048444,0.30016892891065367,0.4462053405002851,calm,02,22,22,female,normal,2582
80,2.6693333333333333,True,1.0,0.4306731524362005,0.45177804986230363,0.4412256011492521,0.8000318871196089,-0.058611111111111,-0.05444444444444435,0.3674500681403714,0.3174603174603175,0.18059780572044007,0.5515100188541442,0.02110489742610311,0.004166666666666652,0.0027217419878681945,0.321415760150086,0.11483911134376913,0.11126422298776649,0.0,0.9999999987499999,0.6162708922162615,0.2918183585871987,0.3121063423460108,0.4567675128430183,calm,02,22,22,female,normal,2582
90,3.003,True,1.0,0.4374432543817904,0.45140927891181865,0.4444262666468045,0.7036500820551549,-0.05921296296296291,-0.05476851851851844,0.3779650997853452,0.27775661133756135,0.1826990322656853,0.631601243261091,0.013966024530028265,0.004444444444444473,0.0025303908568454674,0.3754101583753277,0.1146550235439979,0.11145391149225356,0.0,0.9999999987499999,0.6193727727262781,0.2917605622367691,0.3089688193131165,0.44976496490170786,calm,02,22,22,female,normal,2582
100,3.336666666666667,True,1.0,0.472040143086006,0.47216930882463654,0.47210472595532127,0.7690484094656245,-0.06050925925925926,-0.05569444444444449,0.36811203122751246,0.32148744985858146,0.18132112357228436,0.6138816752554818,0.00012916573863053227,0.004814814814814772,8.258657176450584e-05,0.34158213400739357,0.1131458365081237,0.11247869420069763,0.0,0.9999999987499999,0.6183975477847389,0.2916250934735225,0.306017371653852,0.4508075057663918,calm,02,22,22,female,normal,2582
0,0.0,True,1.0,0.5198858025731665,0.5409481335355789,0.5304169680543727,0.6700228220381818,-0.06398148148148153,-0.061435185185185204,0.338515281291167,0.4033810867372724,0.16875045211166284,0.7916401510636103,0.02106233096241239,0.0025462962962963243,0.007875375028573642,0.39030612244898033,0.11434798773585522,0.11005111101850851,0.0,0.9999999987499999,0.6191303822700955,0.28988274514919005,0.29585442483366037,0.4461648817862614,calm,02,22,22,female,normal,2583
10,0.33366666666666667,True,1.0,0.27756931310827754,0.280627944559029,0.2790986288336533,0.736276923803968,-0.0708333333333333,-0.0671296296296296,0.33507490544243484,0.4444444444444441,0.16875723364125755,0.37906746743017933,0.00305863145075147,0.003703703703703709,0.0005819530816618129,0.35066471879636607,0.11240886134233274,0.11254007761578298,0.0,0.9999999987499999,0.6206917572966687,0.28906454100578755,0.29020424955949053,0.43894606839315853,calm,02,22,22,female,normal,2583
20,0.6673333333333333,True,1.0,0.46491858184199225,0.4982728791224393,0.48159573048221577,1.116173081826333,-0.06958333333333333,-0.0643981481481481,0.33596579902759854,0.5718664555036149,0.17364670316586828,0.4314704756131612,0.03335429728044703,0.005185185185185237,0.003711262212630526,0.24305555555555594,0.11082780741656109,0.11342752087132298,0.0,0.9999999987499999,0.6214922880167691,0.2901798532736173,0.2990833718092606,0.4524822794488417,calm,02,22,22,female,normal,2583
30,1.0010000000000001,True,1.0,0.4511133560812219,0.46439024112139005,0.457751798601306,0.9072834424409083,-0.0630555555555557,-0.059629629629629644,0.3732263052034153,0.3852733120109865,0.17505274386528663,0.5045300919079867,0.013276885040168163,0.0034259259259260544,0.0034219039635977246,0.29279952690700056,0.11266999477604847,0.11125587521682442,0.0,0.9999999987499999,0.6217707886201356,0.29163108997227427,0.30597486719289263,0.4601612486196052,calm,02,22,22,female,normal,2583
40,1.3346666666666667,True,1.0,0.32374567527900744,0.3239994033731033,0.32387253932605536,0.7029431014590051,-0.06416666666666676,-0.061064814814814794,0.35052941270498705,0.358082922728951,0.17782969776269256,0.46073791556363014,0.00025372809409585084,0.0031018518518519667,0.0032157810566898703,0.3820539549919401,0.11148441811251282,0.1124438615973527,0.0,0.9999999987499999,0.6192995028245672,0.29096861263646223,0.29969905700779886,0.4478400586967669,calm,02,22,22,female,normal,2583
50,1.6683333333333334,True,1.0,0.4374432543817904,0.44427307584565223,0.44085816511372133,0.9426754519191066,-0.06171296296296297,-0.057638888888888906,0.34449697533810186,0.4107371611933258,0.17851496546228487,0.4676669623847938,0.0068298214638618515,0.004074074074074063,0.001970673413961665,0.28125000000000006,0.1106503714300049,0.1139355457493331,0.0,0.9999999987499999,0.6173259215483068,0.2913507392911658,0.2969783489819842,0.4483414091546655,calm,02,22,22,female,normal,2583
60,2.0020000000000002,True,1.0,0.43771350250446933,0.4576276618858142,0.4476705821951418,0.8365621487997832,-0.060324074074073974,-0.05662037037037032,0.35782742900398556,0.4248003090978887,0.17992218303025742,0.5351312904097028,0.019914159381344887,0.0037037037037036535,0.0006976326689242585,0.32518275294573906,0.11354479090258396,0.11122273908528031,0.0,0.9999999987499999,0.6215306454066002,0.2910086404690688,0.3041691617410513,0.44847987710526915,calm,02,22,22,female,normal,2583
70,2.3356666666666666,True,1.0,0.47858073955047986,0.4582857752044594,0.46843325737746966,0.8818897637795264,-0.06046296296296305,-0.057222222222222174,0.3341191276811017,0.4059492563429567,0.18197840664028836,0.5311698543476672,0.02029496434602046,0.0032407407407408773,0.00198231098545568,0.30398612612716897,0.11252970983936442,0.11292651338012699,0.0,0.9999999987499999,0.6172467609231193,0.2920179106528889,0.2996066261395531,0.4459013152276746,calm,02,22,22,female,normal,2583
80,2.6693333333333333,True,1.0,0.4723514377837053,0.47984907965328694,0.47610025871849615,0.7746853624422545,-0.06074074074074076,-0.05824074074074076,0.35095849878911795,0.38064645840480105,0.1778296977626925,0.6145724210117433,0.007497641869581628,0.0025000000000000022,0.002058148857879347,0.33017629939789284,0.11236189226172474,0.11309349312744195,0.0,0.9999999987499999,0.618137394020108,0.2912925468913872,0.29610034792621015,0.4446547694926436,calm,02,22,22,female,normal,2583
90,3.003,True,1.0,0.472298474563266,0.4860456701745973,0.47917207236893167,0.6775864946541181,-0.057916666666666616,-0.05574074074074076,0.34500283157795775,0.35232268250578597,0.18130092563129846,0.7071747683128345,0.013747195611331309,0.002175925925925859,0.004978021724413499,0.3942326625651018,0.11393202664932207,0.11099781295926822,0.0,0.9999999987499999,0.6181157713944954,0.29247536656109663,0.3034558186328573,0.44813188051450703,calm,02,22,22,female,normal,2583
100,3.336666666666667,True,1.0,0.4713804713804723,0.49169984132196265,0.4815401563512175,0.6863087204559348,-0.059398148148148144,-0.054814814814814816,0.347408607425423,0.356611393962398,0.178533769246012,0.7016378227444297,0.02031936994149036,0.004583333333333328,0.0021116470661033887,0.3755122734512079,0.11390442968526465,0.11188083756376847,0.0,0.9999999987499999,0.6186586424804298,0.2917502219802712,0.2999749756642276,0.445533538795961,calm,02,22,22,female,normal,2583
0,0.0,True,1.0,0.5002440810494413,0.4787008576101544,0.4894724693297978,0.6716989571107815,-0.06462962962962965,-0.062962962962963,0.3317226156850307,0.41978302497093584,0.17292063758304488,0.7287080977990419,0.021543223439286885,0.0016666666666666496,0.0018040567848739396,0.4101280897057323,0.11469452744125817,0.10864276793961179,0.0,0.9999999987499999,0.6163419060280363,0.2899409193600913,0.295541566250937,0.4426544632686387,calm,02,22,22,female,normal,2584
10,0.33366666666666667,True,1.0,0.46491063785104786,0.4916998413219621,0.47830523958650495,0.6943774745378858,-0.06476851851851845,-0.0628703703703703,0.3350781947975252,0.42357025946811006,0.17084047876316608,0.6888259730844829,0.026789203470914236,0.0018981481481481488,0.00034305706867336774,0.36055512754639857,0.11464836443822346,0.10956440078718348,0.0,0.9999999987499999,0.6155561828481393,0.2901490907687625,0.29624024438796875,0.44302863148740035,calm,02,22,22,female,normal,2584
20,0.6673333333333333,True,1.0,0.4438972323015461,0.4716241834066017,0.4577607078540739,1.0685458250776025,-0.06935185185185178,-0.06601851851851842,0.3352785166239453,0.5758892018518406,0.17293828499713912,0.4283959537447346,0.02772695110505563,0.003333333333333355,0.0031385606252081694,0.25567499611338457,0.11132329751097961,0.11243405612435829,0.0,0.9999999987499999,0.6178480408335209,0.29115032486918624,0.29517095159017515,0.44434562705947445,calm,02,22,22,female,normal,2584
30,1.0010000000000001,True,1.0,0.31445694768916677,0.31425164548211715,0.31435429658564196,0.937915817309749,-0.06763888888888892,-0.06273148148148155,0.33175731311537854,0.4899387576552924,0.1778743110935235,0.33516259219011085,0.000205302207049618,0.00490740740740736,0.00828493287873105,0.3022281549128828,0.11274551529242265,0.11083608789202025,0.0,0.9999999987499999,0.6160958474327232,0.29239214358919524,0.29682552983004207,0.4343365908165187,calm,02,22,22,female,normal,2584
40,1.3346666666666667,True,1.0,0.25306306531978645,0.286847089633294,0.26995507747654024,0.8748381949151388,-0.07106481481481486,-0.06560185185185186,0.34499209647429524,0.42389656263454817,0.1834398364890001,0.3085771506612448,0.03378402431350752,0.005462962962963003,0.010682755943784261,0.320513692652139,0.11297388753659017,0.11077542272660981,0.0,0.9999999987499999,0.6155340112294917,0.293137829881376,0.2985187637918226,0.4349333398260948,calm,02,22,22,female,normal,2584
50,1.6683333333333334,True,1.0,0.41665238505655866,0.3952104856397748,0.4059314353481667,0.8736873874593246,-0.06384259259259256,-0.05907407407407406,0.3668835128443698,0.3545280289983532,0.1827595733059106,0.46461862809833143,0.02144189941678387,0.004768518518518505,0.006413049453532373,0.3101111306774372,0.11106343297090512,0.11201246185996978,0.0,0.9999999987499999,0.6172895436846613,0.29257112835347104,0.3007473534898045,0.440555498686706,calm,02,22,22,female,normal,2584
60,2.0020000000000002,True,1.0,0.4232804232804227,0.4090082626788036,0.4161443429796131,0.9479351658992328,-0.062407407407407356,-0.05888888888888888,0.3550717470049651,0.42125309881821976,0.18619144154760398,0.4390008493722766,0.014272160601619122,0.0035185185185184764,0.004330497600048733,0.2968387670102997,0.11316383150502442,0.11058137630110643,0.0,0.9999999987499999,0.616994302689826,0.2923717438915775,0.30585011186844574,0.44467445374073766,calm,02,22,22,female,normal,2584
70,2.3356666666666666,True,1.0,0.21186383489419458,0.20505152549146374,0.20845768019282918,0.8248888888888893,-0.07124999999999998,-0.06638888888888889,0.3293771395395435,0.3697777777777776,0.19241821567656017,0.25271001100962576,0.006812309402730837,0.004861111111111094,0.008277881031021918,0.3108233858158612,0.11316024371739487,0.11041262989269054,0.0,0.9999999987499999,0.6110985912724465,0.29464207298340944,0.3018020472068255,0.4315788082857234,calm,02,22,22,female,normal,2584
80,2.6693333333333333,True,1.0,0.3967314883936196,0.43638619593276246,0.41655884216319106,0.7069073212203062,-0.05768518518518517,-0.056574074074074,0.39078832105254313,0.19169496845102602,0.19106208921678955,0.5892693846261232,0.03965470753914285,0.0011111111111111738,0.010643288769810431,0.3626679082802418,0.11126634744628489,0.11232092202198357,0.0,0.9999999987499999,0.6072410374540441,0.29620374393220333,0.3116036511991957,0.4476345383762825,calm,02,22,22,female,normal,2584
90,3.003,True,1.0,0.41010305098292965,0.4431839222043901,0.4266434865936599,0.6908252078537827,-0.05643518518518509,-0.05504629629629637,0.39340624100975813,0.17269818045648358,0.18967385838108636,0.617585290379215,0.03308087122146047,0.0013888888888887174,0.006149728927700039,0.37860771575622454,0.11352242047508018,0.11090252199612703,0.0,0.9999999987499999,0.6083365005064525,0.2957278413011893,0.3134931542568883,0.4496286976325432,calm,02,22,22,female,normal,2584
100,3.336666666666667,True,1.0,0.43771350250447044,0.45701572088821174,0.4473646116963411,0.6665869937238111,-0.056990740740740786,-0.056111111111111,0.39445209342504034,0.1785140689378618,0.18828563725134137,0.6711271235539572,0.0193022183837413,0.0008796296296297856,0.010357068021394,0.38203682788299853,0.11289978642954193,0.11085094392752118,0.0,0.9999999987499999,0.608847379944165,0.2961809109329301,0.3113636066556291,0.44715552615224285,calm,02,22,22,female,normal,2584
0,0.0,True,1.0,0.5000511972631887,0.49947388185354213,0.4997625395583654,0.6946202034527591,-0.06458333333333333,-0.06277777777777788,0.33504588097375604,0.4166666666666662,0.17222266521875434,0.7194759626543948,0.0005773154096465616,0.0018055555555554492,0.0033812474496569067,0.3599089095844339,0.11274564425097376,0.11237234903534989,0.0,0.9999999987499999,0.6180353393779388,0.28935910031568496,0.29112667516727475,0.4433260909095057,calm,02,22,22,female,normal,2585
10,0.33366666666666667,True,1.0,0.4922437792391907,0.5191097468539244,0.5056767630465575,0.8479235325337432,-0.06513888888888891,-0.06453703703703706,0.33942441694597497,0.471750762455454,0.16875045211166284,0.5963707146274232,0.0268659676147337,0.0006018518518518534,0.004386837539609475,0.31748806090557147,0.11249930948520563,0.11244966226363931,0.0,0.9999999987499999,0.6184207656969037,0.29062302428704595,0.29178216676520885,0.44308985301511766,calm,02,22,22,female,normal,2585
20,0.6673333333333333,True,1.0,0.4067475240476248,0.41187228219262734,0.40930990312012605,1.2032156616532956,-0.07745370370370369,-0.0724999999999999,0.3248933675977075,0.651727204466318,0.17224392771241934,0.34017999945056226,0.005124758145002517,0.004953703703703793,0.00018504607754510493,0.23467188686203747,0.1126674270417501,0.11262006906731879,0.0,0.9999999987499999,0.621492514091574,0.29768875022687563,0.29206717327392684,0.4313380888029384,calm,02,22,22,female,normal,2585
30,1.0010000000000001,True,1.0,0.36643154544863094,0.35800911123812623,0.3622203283433786,0.9094743629696043,-0.07203703703703701,-0.06847222222222221,0.3356099277055352,0.4891869679609239,0.17849957907496095,0.398274369340837,0.008422434210504703,0.0035648148148147984,0.008785580284616717,0.30681818181818193,0.11049950008795204,0.11391474801572586,0.0,0.9999999987499999,0.6176661779086635,0.2902228147691048,0.294343709449057,0.4468260788589447,calm,02,22,22,female,normal,2585
40,1.3346666666666667,True,1.0,0.38034712569886125,0.3888888888888883,0.38461800729387474,0.795529955777891,-0.06384259259259267,-0.059259259259259234,0.35215623031662996,0.39106682541612514,0.17786187196295736,0.48347394651881426,0.00854176319002703,0.004583333333333439,0.011049240612233899,0.3284902704033454,0.1119004580673546,0.11219977239177806,0.0,0.9999999987499999,0.6171244487091712,0.2912252948685962,0.30205702833370385,0.45017085330845324,calm,02,22,22,female,normal,2585
50,1.6683333333333334,True,1.0,0.4377420121982282,0.43771350250447044,0.43772775735134933,0.8432048324099827,-0.06231481481481471,-0.05754629629629632,0.37159002545529846,0.3334593846176236,0.1806269525721201,0.5191238718358264,2.850969375778334e-05,0.004768518518518394,0.0011697132727767274,0.31933377827361475,0.1148580175325631,0.11090165338953129,0.0,0.9999999987499999,0.6179421273978343,0.2925799153229205,0.31610962246849805,0.4602682771143851,calm,02,22,22,female,normal,2585
60,2.0020000000000002,True,1.0,0.3803471256988607,0.37532582565045786,0.3778364756746593,0.9017483524308707,-0.06356481481481485,-0.060046296296296264,0.3479228611667053,0.4238965626345471,0.184841546420459,0.4190043426817625,0.005021300048402844,0.0035185185185185874,0.009407774783060681,0.3109488579263898,0.1123236418417369,0.11397040072564096,0.0,0.9999999987499999,0.6172390066182725,0.29164322897570566,0.30652611105794014,0.4508544127005067,calm,02,22,22,female,normal,2585
70,2.3356666666666666,True,1.0,0.42393162393162354,0.43083927516270065,0.42738544954716207,0.8068742748440235,-0.06143518518518504,-0.057268518518518385,0.34263118165109313,0.36923076923076903,0.1868643578713441,0.529680351539005,0.0069076512310771165,0.004166666666666652,0.006044800475293266,0.33367127646102435,0.1124294263298999,0.11369860555648403,0.0,0.9999999987499999,0.6129959245104292,0.2925318948545579,0.30421650701815134,0.446746453999392,calm,02,22,22,female,normal,2585
80,2.6693333333333333,True,1.0,0.43787718678961707,0.4587119402589568,0.4482945635242869,0.6703713929687083,-0.05694444444444441,-0.05416666666666675,0.3996308603491357,0.18816526401335618,0.1834148803605466,0.668725676880446,0.020834753469339717,0.002777777777777657,0.002568797384393233,0.3951072748801014,0.11399946364710443,0.1124636785546884,0.0,0.9999999987499999,0.6163258497539641,0.29370273773132,0.3147385476606235,0.45863567928679816,calm,02,22,22,female,normal,2585
90,3.003,True,1.0,0.4302330099458401,0.4229049592430615,0.4265689845944508,0.6546009695848504,-0.05578703703703697,-0.05398148148148135,0.40094508500616977,0.14610891722101893,0.184815128325867,0.6516473461152708,0.007328050702778588,0.0018055555555556158,0.006405001751001593,0.39212807927493526,0.11214100595113233,0.1139830846887304,0.0,0.9999999987499999,0.6080166768113496,0.2965703514960519,0.3126808340557758,0.45555762597260135,calm,02,22,22,female,normal,2585
100,3.336666666666667,True,1.0,0.44427307584565284,0.471753200021758,0.45801313793370546,0.6624207070708698,-0.05458333333333337,-0.05361111111111111,0.4035189110764705,0.16262856873749057,0.1847920093949727,0.6914233402499969,0.02748012417610518,0.0009722222222222632,0.004214877451876301,0.385099346241052,0.1134984880815092,0.11263144327514546,0.0,0.9999999987499999,0.6121882837275535,0.29467272031343816,0.3140660185972379,0.45517747782462126,calm,02,22,22,female,normal,2585
0,0.0,True,1.0,0.46503781792144355,0.4721693088246354,0.4686035633730395,0.6889738976447759,-0.06180555555555556,-0.059398148148148144,0.33779166206959993,0.3857277576965062,0.1729171078841007,0.6801470490753543,0.007131490903191873,0.0024074074074074137,0.004751268230258025,0.3486617561599194,0.11471465989256018,0.11053404850514656,0.0,0.9999999987499999,0.6221107837510005,0.2917472233100267,0.29966462263493815,0.44927794547732547,calm,02,22,22,female,strong,2586
10,0.33366666666666667,True,1.0,0.4582857752044583,0.46491858184199175,0.46160217852322505,0.7221948233167123,-0.06268518518518518,-0.060787037037037084,0.33511085100443877,0.4096827099773522,0.17708505667053592,0.6391657259509231,0.0066328066375334616,0.0018981481481480933,0.0014131899840851242,0.3461335954827445,0.11316860587695722,0.11211643821037551,0.0,0.9999999987499999,0.6208294185955632,0.2908056637619977,0.297069873492704,0.4475061438652617,calm,02,22,22,female,strong,2586
20,0.6673333333333333,True,1.0,0.34668762264076775,0.36867960270772987,0.3576836126742488,1.0327059156316551,-0.06263888888888886,-0.06273148148148155,0.3559245955723481,0.4575163398692815,0.177094103915715,0.3463557313462966,0.021991980066962125,9.259259259269959e-05,0.003173551736102249,0.256322616483739,0.11309729631565177,0.11286561225349138,0.0,0.9999999987499999,0.617093973480017,0.2930130133920322,0.30717954020155236,0.45444284879673463,calm,02,22,22,female,strong,2586
30,1.0010000000000001,True,1.0,0.14487991867056632,0.13672399941904248,0.14080195904480441,0.8126449020792551,-0.0701388888888888,-0.06875000000000009,0.40691901536663255,0.20596448487097355,0.18273285421608929,0.17326381877809696,0.008155919251523841,0.0013888888888887174,0.009679232112455376,0.32503736174512776,0.1121485443210354,0.11263046318488405,0.0,0.9999999987499999,0.6117632572247649,0.29671969854136987,0.3186838675995745,0.46310503140475767,calm,02,22,22,female,strong,2586
40,1.3346666666666667,True,1.0,0.3325466651204886,0.34637356340779496,0.3394601142641418,0.6987604395658258,-0.05800925925925926,-0.05694444444444441,0.39362815671112894,0.20125545139120063,0.18553554424467675,0.4858032811288874,0.013826898287306377,0.0010648148148148517,0.013692292581237041,0.40061844965255333,0.11114122436906317,0.1127830915456793,0.0,0.9999999987499999,0.6101156529955732,0.2956685942812227,0.3093575823202417,0.4453832001233007,calm,02,22,22,female,strong,2586
50,1.6683333333333334,True,1.0,0.3750242839999932,0.38096010735169217,0.3779921956758427,0.998539252155703,-0.05546296296296288,-0.055277777777777815,0.36073684445696313,0.38251642149015597,0.1882981981319871,0.37854515469453176,0.0059358233516989545,0.0001851851851850661,0.013300180860171,0.2848721941194012,0.11249020370711511,0.11143765774154733,0.0,0.9999999987499999,0.6075679922359568,0.29930761740193335,0.3109209179581977,0.4349750218672772,calm,02,22,22,female,strong,2586
60,2.0020000000000002,True,1.0,0.3823344028080161,0.4086695077616813,0.3955019552848487,0.7158447902233428,-0.05601851851851858,-0.05652777777777779,0.36637821462494946,0.2875581899300128,0.18488735635236406,0.5524967991475533,0.0263351049536652,0.0005092592592592093,0.015374319289504888,0.3514915797742379,0.111579045292418,0.11115658555222543,0.0,0.9999999987499999,0.6101314485559849,0.2961574729151218,0.2962557688910141,0.4249198132456502,calm,02,22,22,female,strong,2586
70,2.3356666666666666,True,1.0,0.4160251471689211,0.43611803053131093,0.426071588850116,0.7746497334341592,-0.05435185185185193,-0.05425925925925934,0.3675116864343921,0.2919693473112548,0.18831156847136007,0.5500183766426476,0.020092883362389846,9.259259259258856e-05,0.011691404700439908,0.34105804483636354,0.11026731898202671,0.11279625933380374,0.0,0.9999999987499999,0.6082090671112195,0.2995129257657445,0.29967940003054777,0.4290149190003838,calm,02,22,22,female,strong,2586
80,2.6693333333333333,True,1.0,0.41750841750841744,0.4290489841736606,0.423278700841039,0.9396238578222038,-0.05495370370370367,-0.0531018518518519,0.371647166183719,0.3173579862078856,0.18901971014220054,0.45047674909200963,0.011540566665243168,0.0018518518518517713,0.010206601407302703,0.28877627568614367,0.09768102384258537,0.11590986997350279,0.0,0.9999999987499999,0.6497796925410788,0.31918987095009693,0.29019590689791974,0.4605629215368091,calm,02,22,22,female,strong,2586
90,3.003,True,1.0,0.416025147168922,0.4301981512937683,0.42311164923134514,0.7165331808901197,-0.05527777777777776,-0.05314814814814811,0.41249579102182,0.1478030402512561,0.18622954539869055,0.5904983335255053,0.014173004124846289,0.002129629629629648,0.012395474278581377,0.3573672388595713,0.11157385021339969,0.1109902782280624,0.0,0.9999999987499999,0.607310045526023,0.29973035480202137,0.31073159106162396,0.43711502861854784,calm,02,22,22,female,strong,2586
100,3.336666666666667,True,1.0,0.38829013735765977,0.41337362521158844,0.4008318812846241,0.7051678584255792,-0.053888888888888875,-0.05384259259259261,0.40969536226321335,0.14780304025125618,0.1855980375368861,0.5684205207247495,0.025083487853928665,4.6296296296266526e-05,0.01898691398525053,0.3631269935894166,0.11178905446893024,0.11145936032366384,0.0,0.9999999987499999,0.6052672458983593,0.2994821299046024,0.309871990309328,0.4386781947016767,calm,02,22,22,female,strong,2586
110,3.6703333333333332,True,1.0,0.17506766439110447,0.16968337925919608,0.17237552182515026,0.6874791603595438,-0.06407407407407406,-0.06314814814814823,0.4056609750044216,0.14894727268727367,0.1883257480970554,0.25073563209537847,0.0053842851319083895,0.0009259259259258301,0.017688741642053696,0.3753536929789279,0.1134258340846137,0.11013977374377383,0.0,0.9999999987499999,0.6066690708549045,0.2991291575215871,0.31199607356272313,0.43591395316730835,calm,02,22,22,female,strong,2586
0,0.0,True,1.0,0.47213982715382674,0.4937618762236087,0.4829508516887177,0.65120440074957,-0.06037037037037035,-0.05740740740740746,0.3455874834860237,0.3391456722379512,0.17639061901081732,0.7416271314088423,0.021622049069781935,0.0029629629629628895,0.00874498736573071,0.4101280897057323,0.11314268774998704,0.10973835253205559,0.0,0.9999999987499999,0.621351998627576,0.2914562068711974,0.29343938304294054,0.44516730738343036,calm,02,22,22,female,strong,2587
10,0.33366666666666667,True,1.0,0.48654045969904414,0.5078656094194294,0.49720303455923676,0.6563450778972104,-0.061111111111111116,-0.057268518518518496,0.3413015070497926,0.3417525424857738,0.17638888888888893,0.7575329674935161,0.02132514972038524,0.0038425925925926196,0.0030113502778715464,0.3988722520466432,0.11259347850469248,0.11099053201149453,0.0,0.9999999987499999,0.6214136747277035,0.2910507327743624,0.29314456552664964,0.4422626879538639,calm,02,22,22,female,strong,2587
20,0.6673333333333333,True,1.0,0.44427307584565173,0.45675013919557,0.45051160752061087,1.0214962356529431,-0.06125000000000003,-0.05944444444444441,0.35080101507578176,0.45767116646470696,0.17500697530741458,0.44103109908441573,0.012477063349918271,0.0018055555555556158,0.005629930530637632,0.26297999600233857,0.10999826225395636,0.11423216573551911,0.0,0.9999999987499999,0.6208781077118347,0.2914340826818964,0.29636095980470306,0.44519592048765677,calm,02,22,22,female,strong,2587
30,1.0010000000000001,True,1.0,0.1397218822502849,0.13092532232709114,0.135323602288688,0.8171925196038103,-0.06754629629629627,-0.06421296296296297,0.4075830683578361,0.2128703286115033,0.18067763154958041,0.16559574279301445,0.008796559923193753,0.0033333333333332993,0.011308467385712468,0.3180610778330453,0.11150739184934366,0.11292834408742175,0.0,0.9999999987499999,0.6209664055544093,0.29258279981305896,0.3136773787090119,0.4590109061500396,calm,02,22,22,female,strong,2587
40,1.3346666666666667,True,1.0,0.25285810387459695,0.30115755046306064,0.27700782716882877,0.7105580486263763,-0.058518518518518525,-0.05601851851851852,0.38269005314260557,0.208178920227724,0.18620332423026972,0.3898454569677027,0.04829944658846369,0.0025000000000000022,0.01352463601284122,0.3590982176380043,0.1122540556627182,0.11167553214682382,0.0,0.9999999987499999,0.6144385102087709,0.29224442206822837,0.3101154151919525,0.4488716455091625,calm,02,22,22,female,strong,2587
50,1.6683333333333334,True,1.0,0.366260195117422,0.3872739369090358,0.3767670660132289,0.9622257536359057,-0.05796296296296294,-0.05509259259259258,0.3714270625073285,0.35611048696428466,0.18341488036054654,0.3915578694392261,0.02101374179161375,0.0028703703703703565,0.012307693140873021,0.2851680092386322,0.11159795045510346,0.11216145059558123,0.0,0.9999999987499999,0.613580812113908,0.29097614597595955,0.30623251844862553,0.45030986690109676,calm,02,22,22,female,strong,2587
60,2.0020000000000002,True,1.0,0.4298926520745523,0.43698261319016957,0.4334376326323609,0.9380293092242814,-0.056064814814814845,-0.05393518518518514,0.374087613339819,0.3501089986500818,0.18552197384077662,0.46207259023793107,0.0070899611156172715,0.0021296296296297035,0.012718091550392326,0.2927296481188587,0.11219472058851958,0.1115645024973273,0.0,0.9999999987499999,0.6079621333689726,0.293352820381268,0.3064723846365194,0.4463831211985528,calm,02,22,22,female,strong,2587
70,2.3356666666666666,True,1.0,0.13357638167603833,0.12480754415067724,0.12919196291335777,0.7289203325026937,-0.06671296296296292,-0.06560185185185186,0.3596267023447826,0.31963964959838276,0.18494058066540367,0.17723742520638266,0.00876883752536109,0.0011111111111110628,0.011361869890623452,0.37492698203147967,0.1131155741778034,0.11045839251158328,0.0,0.9999999987499999,0.6197590192170618,0.29011806926681816,0.2989655745327267,0.43250860769969157,calm,02,22,22,female,strong,2587
80,2.6693333333333333,True,1.0,0.42206822962712137,0.43656208831102983,0.42931515896907557,0.8621018401807468,-0.0556018518518519,-0.053240740740740755,0.36136897816881003,0.34736520992017006,0.18424695923669343,0.497986593879751,0.014493858683908456,0.002361111111111147,0.019377880219180733,0.30219620849609524,0.11096351520532896,0.11262010429319728,0.0,0.9999999987499999,0.6110845115936999,0.29305853869765497,0.29534698635383827,0.43375264433385907,calm,02,22,22,female,strong,2587
90,3.003,True,1.0,0.4373551394238843,0.4439751583837358,0.44066514890381003,0.7892720803637067,-0.0537037037037037,-0.05277777777777776,0.3898878555653323,0.2391386196425359,0.18698557924659692,0.5583184301929772,0.006620018959851481,0.0009259259259259411,0.013471453882322819,0.3252309885040368,0.11332316771914576,0.11041808368100202,0.0,0.9999999987499999,0.610466879517432,0.2934080966042183,0.3116062480295474,0.45194985334659665,calm,02,22,22,female,strong,2587
100,3.336666666666667,True,1.0,0.2594136105008775,0.2778901407782004,0.26865187563953896,0.7468170220707706,-0.05907407407407411,-0.05958333333333332,0.39511666572136883,0.2100098444421929,0.18767935757500243,0.3597291809105025,0.018476530277322878,0.0005092592592592093,0.018189157219444817,0.33539136500297984,0.1132636699246137,0.11082347457003078,0.0,0.9999999987499999,0.6078885647149486,0.29246767482009367,0.3112745707254546,0.450657861946302,calm,02,22,22,female,strong,2587
110,3.6703333333333332,True,1.0,0.17215246398910203,0.1812343553395396,0.17669340966432082,0.7095500053925804,-0.06254629629629632,-0.062453703703703733,0.4025180647540313,0.1716370707258123,0.18910243610228725,0.2490217860918199,0.009081891350437576,9.259259259258856e-05,0.017454356712682167,0.35413977275453057,0.1124749568402501,0.11196469720068622,0.0,0.9999999987499999,0.611006035718975,0.291889427767565,0.31121760032845747,0.4521854206690171,calm,02,22,22,female,strong,2587
0,0.0,True,1.0,0.49843484064349985,0.49825411939277825,0.498344480018139,0.6944214142222114,-0.06208333333333338,-0.059444444444444466,0.331624131216473,0.4096827099773524,0.17153489427994742,0.7176398506896725,0.00018072125072160494,0.002638888888888913,0.00031366273172170003,0.3712265090657181,0.11526540641534762,0.10803689987482781,0.0,0.9999999987499999,0.6124441790622499,0.28859050213626186,0.2937838020081283,0.4401477598920728,calm,02,22,22,female,strong,2588
10,0.33366666666666667,True,1.0,0.4650844925870311,0.4780450412216753,0.4715647669043532,0.6920482359181562,-0.06472222222222224,-0.062361111111111145,0.33852888910047796,0.4003024109722667,0.17015009905848225,0.6814044779389077,0.012960548634644187,0.0023611111111110916,0.002390739719214819,0.3755122734512077,0.11374068686535785,0.11016103505598313,0.0,0.9999999987499999,0.6146462323132379,0.2879875074119488,0.2917637393522561,0.4403780470601657,calm,02,22,22,female,strong,2588
20,0.6673333333333333,True,1.0,0.38233440280801717,0.4023038497210912,0.3923191262645542,1.1209483393533388,-0.06712962962962965,-0.06643518518518515,0.33655674555191395,0.5468040679772386,0.17022675682426708,0.34998858777994907,0.019969446913074007,0.0006944444444444975,0.006848265012670745,0.24009146341463405,0.11226787450907479,0.11217233923198015,0.0,0.9999999987499999,0.6145641127857393,0.28890584291406723,0.2955165027067825,0.4431366210718212,calm,02,22,22,female,strong,2588
30,1.0010000000000001,True,1.0,0.21116356837416522,0.24706840883749967,0.22911598860583243,0.8690604515466491,-0.06583333333333347,-0.0637037037037037,0.34814821309715716,0.4147788518745366,0.1751259486780604,0.26363642275756466,0.03590484046333445,0.002129629629629759,0.007907880236236332,0.3153409090909093,0.11371694388636455,0.11087501953301225,0.0,0.9999999987499999,0.6122484961797218,0.2896979117338724,0.3006475732902704,0.4436323242219797,calm,02,22,22,female,strong,2588
40,1.3346666666666667,True,1.0,0.13761207877917045,0.15464965102875755,0.146130864903964,0.7541785408860308,-0.07282407407407399,-0.07009259259259248,0.35981948365135935,0.3514600099144599,0.17714536291050478,0.19376163200332538,0.017037572249587102,0.0027314814814815014,0.007820257240976389,0.36261847571558437,0.11269666387795586,0.11191190836484827,0.0,0.9999999987499999,0.6123271989342611,0.2896893557190409,0.2998727095957891,0.4411190830386899,calm,02,22,22,female,strong,2588
50,1.6683333333333334,True,1.0,0.38844678006624095,0.39490452948298227,0.39167565477461164,0.8680501361531493,-0.06314814814814812,-0.059768518518518554,0.3630053196624451,0.3892927443601789,0.1785444523317762,0.45121317129257227,0.006457749416741321,0.003379629629629566,0.007857528940021861,0.31463898788942435,0.11238177516933773,0.1120582256928654,0.0,0.9999999987499999,0.6126594649109645,0.2898873465789123,0.3065219607739152,0.45052232173604545,calm,02,22,22,female,strong,2588
60,2.0020000000000002,True,1.0,0.40215764226329187,0.39598920290830236,0.39907342258579714,0.9270988453284742,-0.06152777777777779,-0.058009259259259205,0.35925848246139397,0.4312400631751997,0.1806066769993317,0.4304540174941153,0.006168439354989508,0.0035185185185185874,0.003832994544195038,0.2971181139902882,0.11307449715087373,0.1117008295603991,0.0,0.9999999987499999,0.6152700977734844,0.289522611446039,0.30590985451857916,0.4481054754919148,calm,02,22,22,female,strong,2588
70,2.3356666666666666,True,1.0,0.40964400300858916,0.4240524029459931,0.41684820297729114,0.8535951068259612,-0.06064814814814812,-0.05805555555555553,0.3324197551737693,0.3917974899728732,0.18341488036054654,0.4883441805650861,0.014408399937403948,0.002592592592592591,0.012182255070684052,0.30429034166631497,0.11246784881627162,0.11197183716487849,0.0,0.9999999987499999,0.6102692765387405,0.2909793359626215,0.29817086297734213,0.44008244219171855,calm,02,22,22,female,strong,2588
80,2.6693333333333333,True,1.0,0.4374432543817915,0.45740160664446444,0.44742243051312797,0.8419252390135493,-0.05587962962962967,-0.05462962962962964,0.3644724865067164,0.30605460987876804,0.18554993601276254,0.5314277441514347,0.01995835226267295,0.0012500000000000289,0.016485904510523414,0.32411194019931927,0.11179379667699646,0.11315108573217843,0.0,0.9999999987499999,0.6101981483296443,0.2949455400922771,0.3065212388552257,0.4484144354181728,calm,02,22,22,female,strong,2588
90,3.003,True,1.0,0.4375292365713645,0.45701572088821174,0.44727247872978815,0.770668962488653,-0.054398148148148195,-0.05351851851851852,0.38769496349591054,0.21667533934255737,0.18488735635236406,0.5803691344795445,0.01948648431684724,0.0008796296296296746,0.008987498643960383,0.34407540643667806,0.11402976000466632,0.11124047332922918,0.0,0.9999999987499999,0.6069618020333134,0.29464976573101714,0.31201203778882325,0.45131602370484514,calm,02,22,22,female,strong,2588
100,3.336666666666667,True,1.0,0.43038954222547626,0.4159888266768122,0.42318918445114423,0.7047312713489036,-0.05638888888888888,-0.05624999999999991,0.39003938923971615,0.20899247246128977,0.18490427426774558,0.6004972415104148,0.014400715548664067,0.0001388888888889661,0.017105804825753742,0.36380443512710253,0.11275899620013616,0.11201931086504373,0.0,0.9999999987499999,0.6092236400028761,0.2943723934225984,0.3084920160066522,0.44777465872079997,calm,02,22,22,female,strong,2588
0,0.0,True,1.0,0.4924278552858793,0.48605284244481317,0.48924034886534623,0.6891047574490055,-0.064074074074074,-0.062129629629629646,0.3350506472872351,0.4272179155900091,0.17291843152964811,0.7099651302313793,0.006375012841066119,0.0019444444444443598,0.004989861353719314,0.38247579721922426,0.11535948376328892,0.1093394107197031,0.0,0.9999999987499999,0.6154346804971988,0.2892240422299017,0.2975881397710179,0.44823379328202184,calm,02,22,22,female,strong,2589
10,0.33366666666666667,True,1.0,0.3824886428740842,0.39397289552083914,0.3882307691974617,0.6920903277536608,-0.0666666666666666,-0.0635648148148148,0.34028744333268623,0.40030241097226776,0.17291843152964811,0.5609539009995335,0.011484252646754955,0.0031018518518518,0.0001724962431535112,0.3639484521216768,0.11465098090166295,0.1097354177736722,0.0,0.9999999987499999,0.6145287376278638,0.28942300988716674,0.2964115520748343,0.4427641715916093,calm,02,22,22,female,strong,2589
20,0.6673333333333333,True,1.0,0.4305555555555557,0.46233389337488534,0.44644472446522054,1.044350835300137,-0.06458333333333333,-0.06185185185185188,0.3517194563916853,0.45689219655632,0.17500043596485879,0.4274853903256719,0.03177833781932965,0.002731481481481446,0.013294759057405113,0.2543502845464745,0.11242843150483604,0.11218137578228274,0.0,0.9999999987499999,0.6168882806013029,0.28997341823563755,0.3028278080962764,0.45475282068854844,calm,02,22,22,female,strong,2589
30,1.0010000000000001,True,1.0,0.41039130338751684,0.40047020673051176,0.40543075505901427,0.8615994323203828,-0.06208333333333327,-0.058101851851851904,0.35730300360960615,0.3524596944863045,0.1840277777777778,0.4705559681801835,0.00992109665700508,0.003981481481481364,0.012063937496613206,0.3156932343352745,0.1138055764450139,0.11112745812115087,0.0,0.9999999987499999,0.6097675728572679,0.2926734891881135,0.31018652638612626,0.4561622905541602,calm,02,22,22,female,strong,2589
40,1.3346666666666667,True,1.0,0.2681938799701093,0.2798611032253862,0.27402749159774775,0.7865478588405002,-0.06324074074074076,-0.057268518518518496,0.37368836180092985,0.29962533682209413,0.1854183125512156,0.34839264835290373,0.011667223255276915,0.005972222222222268,0.00957299936446722,0.3307250743998105,0.113110057673592,0.11166482025982698,0.0,0.9999999987499999,0.6106758110509829,0.2926168029054497,0.3094891119803103,0.4509173697933361,calm,02,22,22,female,strong,2589
50,1.6683333333333334,True,1.0,0.40259419559806287,0.4006157440207298,0.4016049698093963,0.8359463197098107,-0.0630555555555557,-0.056805555555555554,0.3697768873225049,0.3545280289983534,0.18403150894573134,0.4804195680277759,0.0019784515773330624,0.006250000000000144,0.021346813602622562,0.3336557970308137,0.11302647789036287,0.1119197769560986,0.0,0.9999999987499999,0.6150571481170592,0.2918315241351395,0.31230593781134086,0.45752299061531243,calm,02,22,22,female,strong,2589
60,2.0020000000000002,True,1.0,0.40882862902948475,0.40014865014166917,0.40448863958557696,0.9185789944888525,-0.0639351851851852,-0.05824074074074065,0.3594028652107365,0.4139944418353373,0.1840294360839854,0.4403417038843312,0.008679978887815576,0.0056944444444445574,0.02876510700119982,0.3023618258548958,0.11442422431570232,0.11152014057264074,0.0,0.9999999987499999,0.6086168609631353,0.2926818946895316,0.31290373641538044,0.45452994824276416,calm,02,22,22,female,strong,2589
70,2.3356666666666666,True,1.0,0.4338393309476316,0.43002972739591383,0.4319345291717727,0.7282028708306448,-0.06208333333333327,-0.0565277777777779,0.35740545698201,0.2990229882758695,0.18958373576250787,0.5931513682156658,0.0038096035517177773,0.005555555555555369,0.01945620831594642,0.3433109233898384,0.11521917029515379,0.11052639373730799,0.0,0.9999999987499999,0.6056136074507927,0.2936494451387325,0.3117194990628579,0.4451283825449258,calm,02,22,22,female,strong,2589
80,2.6693333333333333,True,1.0,0.46643400031716836,0.45675013919556945,0.4615920697563689,0.840295865572215,-0.05935185185185182,-0.052962962962962934,0.3611225243939216,0.3036969456203521,0.18888888888888888,0.5493208864499639,0.009683861121598913,0.006388888888888888,0.02156290583307805,0.31294879602168907,0.11332954634434708,0.11297020263592071,0.0,0.9999999987499999,0.6059245877100841,0.2962870738266923,0.3131394635798014,0.4473874361554345,calm,02,22,22,female,strong,2589
90,3.003,True,1.0,0.468755519775726,0.4716241834066017,0.4701898515911639,0.7024424806372188,-0.05819444444444449,-0.051388888888888984,0.38997095030154777,0.1904150068670524,0.19375039377480144,0.6693642035496379,0.002868663630875734,0.006805555555555509,0.021997501494692012,0.36372182311348056,0.1148788463746775,0.11105176954593671,0.0,0.9999999987499999,0.5995724053605817,0.29965095950805903,0.31721778159221076,0.44654907361686286,calm,02,22,22,female,strong,2589
100,3.336666666666667,True,1.0,0.4598239345316017,0.47965814302778625,0.469741038779694,0.71433863476051,-0.058518518518518525,-0.05291666666666672,0.38751752929593225,0.20231594479624312,0.19375039377480144,0.6575887344203074,0.019834208496184558,0.005601851851851802,0.026074699315708428,0.357664624671157,0.11541028529391203,0.11049937064134721,0.0,0.9999999987499999,0.601638676494035,0.2982312790666906,0.31475045309409183,0.4416036127943286,calm,02,22,22,female,strong,2589
110,3.6703333333333332,True,1.0,0.4598239345316022,0.49304257035037463,0.47643325244098844,0.6891812986367073,-0.057499999999999996,-0.052824074074074134,0.3882851591141078,0.19003856127373345,0.19375157509440405,0.6913032222195191,0.033218635818772435,0.004675925925925861,0.026074699315708365,0.3603367468326913,0.11387660389265122,0.11275717156596954,0.0,0.9999999987499999,0.6047951876844487,0.2966203219013039,0.31524759833823324,0.44498749582867103,calm,02,22,22,female,strong,2589
0,0.0,True,1.0,0.4650378179214446,0.47791800351002095,0.47147791071573275,0.6235489220563847,-0.0640277777777778,-0.06097222222222215,0.3479184422544508,0.3714759535655056,0.1743059932573217,0.7561201600042204,0.012880185588576343,0.0030555555555556446,0.007098967873161301,0.40691489361702204,0.1130040853407189,0.11245181064321662,0.0,0.9999999987499999,0.6219008309183047,0.29003172309178704,0.29412769113440584,0.4499532113326737,happy,03,22,22,female,normal,2590
10,0.33366666666666667,True,1.0,0.45124848014256197,0.4577566785009716,0.4545025793217668,0.6290480422248506,-0.06416666666666665,-0.06143518518518509,0.3401103167370946,0.3760332164500009,0.177090226581521,0.7225244318609719,0.006508198358409656,0.002731481481481557,0.00917465414753351,0.4157297886137747,0.11415031234205929,0.1114591546736612,0.0,0.9999999987499999,0.620493545551033,0.28983405515729266,0.2984043753109036,0.4499840220651753,happy,03,22,22,female,normal,2590
20,0.6673333333333333,True,1.0,0.4925480182640646,0.5197719611156422,0.5061599896898534,1.0826361605488473,-0.06574074074074077,-0.06685185185185188,0.34910874818671916,0.5012083593803308,0.18264557246431654,0.4675254791353481,0.027223942851577587,0.0011111111111111183,0.0006577349106555992,0.2502986106711141,0.11291022249835375,0.11305275988929328,0.0,0.9999999987499999,0.619795923947704,0.2916792548779719,0.30851932314040026,0.45568259324991894,happy,03,22,22,female,normal,2590
30,1.0010000000000001,True,1.0,0.40358830820363034,0.4309532468490502,0.41727077752634023,0.8601826702262008,-0.06472222222222213,-0.06245370370370362,0.4078813942668797,0.26951632329754305,0.18892927548355626,0.48509554071417327,0.027364938645419834,0.002268518518518503,0.0034239214083653584,0.30749135192733906,0.10919907064257967,0.11549233827755143,0.0,0.9999999987499999,0.6170530656246873,0.2941859776465858,0.3192008469531285,0.4679731989662721,happy,03,22,22,female,normal,2590
40,1.3346666666666667,True,1.0,0.36924715879246306,0.3890457731438101,0.3791464659681366,0.7086044557119264,-0.06064814814814806,-0.05879629629629629,0.378185568148299,0.2672676143221139,0.18824349140015093,0.535060798604791,0.019798614351347055,0.0018518518518517713,0.0005248816459124107,0.3852493151623342,0.11050169525892427,0.11307327245057834,0.0,0.9999999987499999,0.618240207020308,0.2930919142211376,0.3112871655675227,0.45078140079472495,happy,03,22,22,female,normal,2590
50,1.6683333333333334,True,1.0,0.32399940337310373,0.33808633395454296,0.3310428686638234,0.8941433439151802,-0.06587962962962968,-0.05981481481481482,0.3691783358336564,0.34487272672190566,0.18754922856350442,0.3702346731277872,0.014086930581439228,0.006064814814814856,0.005495649416161274,0.29765482103038093,0.11288109932274364,0.11138430232265123,0.0,0.9999999987499999,0.6157356450158189,0.29314911001365157,0.3132132997953507,0.4523084981914517,happy,03,22,22,female,normal,2590
60,2.0020000000000002,True,1.0,0.4099319327584645,0.45828577520445996,0.43410885398146226,0.7457230501840245,-0.06388888888888883,-0.0587037037037037,0.3784070588005946,0.32313245523502193,0.19102055594950892,0.5821314680756291,0.04835384244599544,0.005185185185185126,0.0051062130825240614,0.35662397884870467,0.11001265319516011,0.11438498796777305,0.0,0.9999999987499999,0.6147508248533788,0.2925421597680631,0.3105890785615407,0.4545580224404119,happy,03,22,22,female,normal,2590
70,2.3356666666666666,True,1.0,0.4372235488301822,0.4303895422254767,0.4338065455278295,0.8195429472025211,-0.060740740740740706,-0.05907407407407411,0.37297874973623146,0.34042553191489355,0.18960908707859386,0.5293274098796308,0.0068340066047055115,0.0016666666666665941,0.0017741666429675253,0.32019230769230766,0.11000260392201373,0.11355886899780165,0.0,0.9999999987499999,0.6138430442489495,0.29359722175563824,0.3098891501945927,0.44981537465058,happy,03,22,22,female,normal,2590
80,2.6693333333333333,True,1.0,0.3611111111111106,0.41665238505655816,0.38888174808383436,0.7063692593280579,-0.058518518518518525,-0.05587962962962956,0.4126915024930321,0.19368189368672573,0.18755858459758654,0.5505360587941818,0.055541273945447556,0.0026388888888889683,0.0005314290187954549,0.37197580645161227,0.11178701225498602,0.11197302102075844,0.0,0.9999999987499999,0.6107236383381478,0.2936432021611707,0.3155769403960485,0.4589098457464645,happy,03,22,22,female,normal,2590
90,3.003,True,1.0,0.38307167339972015,0.3952211028762512,0.38914638813798563,0.6574472753473836,-0.05773148148148144,-0.05629629629629623,0.42804121440462617,0.13696818236403788,0.1847486536019033,0.5919050891683558,0.012149429476531026,0.001435185185185206,0.000919810567327269,0.40312500000000007,0.11030592318007354,0.11393510740387426,0.0,0.9999999987499999,0.6119490649306598,0.29378834013564314,0.31610499048703344,0.46120789936513273,happy,03,22,22,female,normal,2590
100,3.336666666666667,True,1.0,0.4501678314355033,0.4578937538223331,0.4540307926289182,0.6363650194611741,-0.053749999999999964,-0.05226851851851849,0.4297352668541087,0.14262683150827024,0.18474245908657996,0.7134754091501718,0.007725922386829787,0.0014814814814814725,0.0019618341497617538,0.40767314811159894,0.11143807328485426,0.11316522922477429,0.0,0.9999999987499999,0.6101808872298919,0.2935221080139551,0.3166235986656585,0.4614832493424699,happy,03,22,22,female,normal,2590
0,0.0,True,1.0,0.46491063785104786,0.484672689704471,0.47479166377775944,0.5969180859691807,-0.06023148148148144,-0.05921296296296291,0.3576869370845636,0.3114355231143551,0.18194486376946223,0.7954050563015999,0.019762051853423168,0.0010185185185185297,0.0007073452333071035,0.4402173913043489,0.11542302239551186,0.11100217388530617,0.0,0.9999999987499999,0.6155530340651885,0.2913664721637391,0.3003025586833672,0.4466681277094857,happy,03,22,22,female,normal,2591
10,0.33366666666666667,True,1.0,0.4650386999016673,0.47845355948008317,0.47174612969087526,0.6368159203980102,-0.06041666666666656,-0.05907407407407406,0.3516715832323059,0.3184079601990051,0.18125168372062783,0.7407888442802023,0.013414859578415872,0.0013425925925925064,0.0043633756758466044,0.4101562500000001,0.11469971949988697,0.11191977037237942,0.0,0.9999999987499999,0.6170668419008228,0.29109779676592656,0.29995352325839925,0.44841896020870875,happy,03,22,22,female,normal,2591
20,0.6673333333333333,True,1.0,0.3950638405475129,0.42193058197478,0.40849721126114646,1.1870875479290872,-0.08199074074074064,-0.07856481481481487,0.34639999982531844,0.5268113767498992,0.19446366956824937,0.34411717313839496,0.026866741427267082,0.003425925925925777,0.015270622594813143,0.2404120191621983,0.11363110721018463,0.11283584616745201,0.0,0.9999999987499999,0.6140132381311901,0.2907932650922042,0.3133682088702286,0.45557229186684295,happy,03,22,22,female,normal,2591
30,1.0010000000000001,True,1.0,0.35535896323168803,0.393812463605915,0.37458571341880154,0.849039200575221,-0.06657407407407412,-0.0631018518518518,0.41281231552424624,0.23773097616106204,0.18611152104827625,0.4411877722077156,0.03845350037422696,0.003472222222222321,0.018035746793670617,0.3227755067810718,0.11199659189473983,0.11412498505837577,0.0,0.9999999987499999,0.6180699729657487,0.2920556790001317,0.3199797113364429,0.4692456927983595,happy,03,22,22,female,normal,2591
40,1.3346666666666667,True,1.0,0.35377740355119225,0.33985258862359924,0.34681499608739574,0.7682638924235022,-0.0633333333333333,-0.05782407407407414,0.3725640145991374,0.2896240201429329,0.18958373576250787,0.45142691138765045,0.01392481492759301,0.005509259259259158,0.025971888995881768,0.35994338473443727,0.11191220003811135,0.11487307814973453,0.0,0.9999999987499999,0.6154049267675821,0.2916078792884904,0.31358303718797637,0.45019152896262277,happy,03,22,22,female,normal,2591
50,1.6683333333333334,True,1.0,0.3932200457736344,0.40215764226329204,0.3976888440184632,0.6820186351907808,-0.06416666666666665,-0.05856481481481485,0.3659479774743099,0.27017294104902123,0.1937535439444029,0.5831055392016053,0.00893759648965764,0.005601851851851802,0.022315670585754923,0.39440880397519074,0.1150631749746609,0.11188714990309702,0.0,0.9999999987499999,0.6166226323029212,0.290086091582095,0.31302141201825423,0.44659148504679386,happy,03,22,22,female,normal,2591
60,2.0020000000000002,True,1.0,0.41943779849921325,0.43611803053131193,0.4277779145152626,0.7518975716953179,-0.06106481481481474,-0.05462962962962964,0.3677303879489566,0.3375786548758449,0.19168099612422101,0.5689311026111489,0.016680232032098674,0.006435185185185099,0.02799803072937022,0.36372182311348006,0.11155795735661087,0.11203129807466092,0.0,0.9988693636672508,0.6178318382821879,0.29148351425295704,0.30693232580155944,0.4417894492895307,happy,03,22,22,female,normal,2591
70,2.3356666666666666,True,1.0,0.41851294131959615,0.4366948480246188,0.42760389467210747,0.8356771186699588,-0.059629629629629644,-0.05430555555555544,0.3985909958953039,0.27071230604801483,0.18958695516515217,0.5116855363380899,0.01818190670502262,0.005324074074074203,0.022647460568145168,0.33304443028095015,0.109629474771057,0.11341629519765711,0.0,0.9999999987499999,0.6148178352278411,0.29349910858793904,0.31116403367767476,0.4505206278696846,happy,03,22,22,female,normal,2591
80,2.6693333333333333,True,1.0,0.37020800777655843,0.38844678006624145,0.3793273939213999,0.6603897561985997,-0.05722222222222223,-0.05314814814814817,0.4325897431446666,0.12447854047136156,0.192364680643087,0.5743992700688173,0.018238772289683014,0.004074074074074063,0.02870885266705759,0.406991062874522,0.11304558326615716,0.11224047922744806,0.0,0.9999999987499999,0.6082739243353591,0.2941598392407828,0.32172658941022814,0.4574329011260661,happy,03,22,22,female,normal,2591
90,3.003,True,1.0,0.4258157128954642,0.45078177860605634,0.4382987457507603,0.6596033519012953,-0.057916666666666616,-0.05148148148148146,0.4322483845322298,0.11349486176351509,0.19514866295738678,0.6644883542319361,0.024966065710592122,0.006435185185185155,0.024988265761181714,0.39771745832167366,0.11353556675165055,0.1124247301340701,0.0,0.9999999987499999,0.6115901533972964,0.2930911180797748,0.330000264634645,0.46789175025355245,happy,03,22,22,female,normal,2591
100,3.336666666666667,True,1.0,0.14871164243654467,0.12435296415981957,0.1365323032981821,0.6663682895960854,-0.0673611111111111,-0.062222222222222234,0.43407306556398484,0.11281091646930966,0.1930571363157205,0.2048901567344092,0.024358678276725096,0.0051388888888888595,0.02279133037035137,0.3822698026022107,0.11247429353963573,0.11331846367031623,0.0,0.9999999987499999,0.6119845070840837,0.2932084398164537,0.32556360063391326,0.4663512213477562,happy,03,22,22,female,normal,2591
0,0.0,True,1.0,0.3888957651285391,0.4091675737433332,0.39903166943593615,0.6378743464415503,-0.06467592592592591,-0.061203703703703705,0.3420218157523927,0.36641221374045907,0.1770837641692063,0.6255646925793091,0.020271808614794107,0.00347222222222221,0.002836609774612106,0.3949185264337139,0.11271611956880712,0.11189231283783306,0.0,0.9999999987499999,0.6205664407716212,0.2914805111607903,0.29549501846088805,0.4535475353636615,happy,03,22,22,female,normal,2592
10,0.33366666666666667,True,1.0,0.4101030509829291,0.45762766188581416,0.43386535643437163,0.6329392320028288,-0.06162037037037038,-0.060324074074073974,0.346473026201055,0.3703367846825071,0.1736115505636799,0.685477111383155,0.04752461090288507,0.0012962962962964064,0.0035788058341539248,0.4069148936170203,0.11317079128920382,0.11245358583498948,0.0,0.9999999987499999,0.6179013608724739,0.2910210652473821,0.2977560491389496,0.45362930465656,happy,03,22,22,female,normal,2592
20,0.6673333333333333,True,1.0,0.410391303387518,0.4232988031088754,0.4168450532481967,0.8748756448761092,-0.06217592592592591,-0.05986111111111109,0.3607292007567923,0.3730959662105529,0.17570530016453004,0.47646206142499936,0.012907499721357407,0.002314814814814825,0.0007654309379778708,0.2977839295972406,0.11357074068031563,0.11153838795270156,0.0,0.9999999987499999,0.61881938654368,0.29201322838102817,0.30815889904752897,0.4590386239852174,happy,03,22,22,female,normal,2592
30,1.0010000000000001,True,1.0,0.17517140590556973,0.18048593706229632,0.17782867148393303,0.8048313196569399,-0.07222222222222219,-0.06981481481481483,0.36263402189770605,0.3193265988165796,0.19040764478510802,0.22095148031730757,0.005314531156726587,0.002407407407407358,0.008307001371571534,0.339231631920776,0.11221133143547456,0.11256790985081386,0.0,0.9999999987499999,0.6133208290503701,0.29419838385811764,0.30338090262812134,0.44474890580869486,happy,03,22,22,female,normal,2592
40,1.3346666666666667,True,1.0,0.39643294928349765,0.39718067295961634,0.396806811121557,0.7721686851577163,-0.06064814814814812,-0.056620370370370376,0.380239180352385,0.2756756530215415,0.19039362020939674,0.5138861737710961,0.0007477236761186945,0.004027777777777741,0.004602459045260043,0.34845089621263814,0.11112767430101572,0.11397265079838197,0.0,0.9999999987499999,0.609991126497474,0.29461800726933807,0.3152571779069174,0.45922006205391586,happy,03,22,22,female,normal,2592
50,1.6683333333333334,True,1.0,0.423908276743699,0.44403538105314,0.4339718288984195,0.7491459518666131,-0.057037037037037,-0.0558333333333334,0.3678714939181571,0.2602964748011113,0.18971367571775177,0.5792887591758475,0.02012710430944098,0.0012037037037035958,0.005808734060009223,0.34363858174475315,0.11258542163499792,0.11168315997964726,0.0,0.9999999987499999,0.6114038353779012,0.293378289595737,0.30843351186269824,0.44007593201798384,happy,03,22,22,female,normal,2592
60,2.0020000000000002,True,1.0,0.42390827674369896,0.464218720597408,0.4440634986705535,0.7802090287926057,-0.0562037037037037,-0.05490740740740735,0.3673188503590759,0.3325339728217423,0.18835653446589817,0.5691596511741907,0.04031044385370902,0.001296296296296351,0.003284314251234316,0.3503949388884846,0.11071542966779602,0.1133692862891689,0.0,0.9999999987499999,0.614422138105242,0.29253793042514886,0.30663397625597544,0.4425367803765621,happy,03,22,22,female,normal,2592
70,2.3356666666666666,True,1.0,0.45789375382233244,0.4712139853217919,0.46455386957206213,0.8698154791577196,-0.058194444444444327,-0.05847222222222226,0.3735266411702288,0.3277130019964602,0.19108764366354108,0.5340832403004715,0.013320231499459434,0.0002777777777779322,0.00448286338016668,0.3097414418753174,0.10791677114972911,0.11471547569679715,0.0,0.9999999987499999,0.6143906894554697,0.2960130999357767,0.30294788241625037,0.44002333936223614,happy,03,22,22,female,normal,2592
80,2.6693333333333333,True,1.0,0.40292567519997374,0.43017593485371514,0.41655080502684444,0.6549224086879143,-0.05648148148148141,-0.0559722222222222,0.437734520507452,0.10734607501661086,0.18968632733483395,0.6360307717388558,0.027250259653741393,0.0005092592592592093,0.0017484597145101357,0.3794282391245917,0.11109963612392251,0.11197655383322572,0.0,0.9999999987499999,0.6155117131071178,0.2941724947755813,0.3150656099477532,0.4522782638058506,happy,03,22,22,female,normal,2592
90,3.003,True,1.0,0.1805904712556825,0.15801834328349093,0.16930440726958673,0.6819530981814672,-0.06504629629629632,-0.06379629629629624,0.430609477384309,0.10283009865025515,0.19108764366354108,0.24826400484294736,0.022572127972191575,0.0012500000000000844,0.0032244669739666014,0.3763263484672697,0.10901647008484115,0.11367092464621478,0.0,0.9999999987499999,0.6133148533397735,0.2955222455250339,0.31101517787706123,0.44973908512030086,happy,03,22,22,female,normal,2592
100,3.336666666666667,True,1.0,0.41010305098292854,0.457893753822332,0.43399840240263027,0.6534545668903422,-0.053750000000000075,-0.05347222222222231,0.4312808814879814,0.09256866244004619,0.19108764366354108,0.664160026408478,0.047790702839403454,0.0002777777777777657,0.0061256726081549764,0.3940852580131524,0.11060370908724527,0.11280472147078441,0.0,0.9999999987499999,0.6114274540753801,0.29591347541230645,0.31435321197086524,0.45160377058387774,happy,03,22,22,female,normal,2592
0,0.0,True,1.0,0.4301759348537145,0.41760338419372167,0.4238896595237181,0.6187597981780862,-0.06087962962962967,-0.05874999999999997,0.35328092689485163,0.3291039834517334,0.17778164011680322,0.6850633489309493,0.012572550659992854,0.0021296296296297035,0.011866984800302374,0.41939295381701497,0.11409921632977918,0.1120228442939431,0.0,0.9999999987499999,0.6199338965117297,0.2899611121882437,0.30250477237223106,0.45360291926354274,happy,03,22,22,female,normal,2593
10,0.33366666666666667,True,1.0,0.4306731524362008,0.45815660946582937,0.4444148809510151,0.6783342662420162,-0.05999999999999989,-0.05999999999999994,0.34389874825106104,0.3120140184589151,0.17916666666666664,0.6551561716218192,0.027483457029628566,5.551115123125783e-17,0.008515362291927307,0.3717648052391809,0.11505358107221322,0.11121387611736903,0.0,0.9999999987499999,0.6187007196394183,0.2901179481399961,0.3029452123272195,0.4496215757948371,happy,03,22,22,female,normal,2593
20,0.6673333333333333,True,1.0,0.43122520345396953,0.44405896416145557,0.4376420838077125,1.0820358216324615,-0.07990740740740726,-0.0806944444444444,0.35940096765919366,0.4572889484280039,0.197287587779331,0.4044617332053243,0.012833760707486042,0.0007870370370371416,0.006227099479896397,0.2413651943207191,0.1118329243627039,0.11428537018946908,0.0,0.9999999987499999,0.6145420634894583,0.2901511598278123,0.3125576201494165,0.4562101744142378,happy,03,22,22,female,normal,2593
30,1.0010000000000001,True,1.0,0.1806424109627901,0.15514106515402942,0.16789173805840976,0.7514938812577953,-0.07402777777777769,-0.07018518518518513,0.3885424202304288,0.2504879762441911,0.1890346438465569,0.2234106520966011,0.025501345808760678,0.003842592592592564,0.0041152894026696965,0.3482004068292598,0.11158979717526701,0.11284691622707188,0.0,0.9999999987499999,0.6149631598420618,0.2919107285417576,0.30675145614214155,0.45027790850649785,happy,03,22,22,female,normal,2593
40,1.3346666666666667,True,1.0,0.4440343076229054,0.4657479314567249,0.45489111953981515,0.742306638203631,-0.058518518518518525,-0.05476851851851855,0.38345769030290666,0.285958432493666,0.18754068568996574,0.612807559744641,0.021713623833819473,0.0037499999999999756,0.00930672493380954,0.3692008812991579,0.1140344028271367,0.1110643061375448,0.0,0.9999999987499999,0.6119335864189427,0.29202712362093125,0.3157374419233832,0.4566870722082233,happy,03,22,22,female,normal,2593
50,1.6683333333333334,True,1.0,0.41010305098292965,0.43083927516270065,0.4204711630728152,0.6522645044589693,-0.05921296296296297,-0.05800925925925926,0.36453793367160287,0.24938008388143976,0.18903464384655702,0.6446329061269115,0.020736224179771,0.0012037037037037068,0.0014846289415776596,0.3975184950842938,0.11347821535342899,0.11077590003371161,0.0,0.9999999987499999,0.6126350635175946,0.2913286262840059,0.3038309314538551,0.4356671811644626,happy,03,22,22,female,normal,2593
60,2.0020000000000002,True,1.0,0.40231428497187277,0.3965770754857929,0.39944568022883287,0.7159658525770333,-0.05986111111111114,-0.05731481481481476,0.37773501799756537,0.29620601710581035,0.18835653446589823,0.5579116361361034,0.005737209486079864,0.0025462962962963798,0.0013009337166082896,0.3684651761467613,0.11144182369870824,0.1126553210954142,0.0,0.9999999987499999,0.6140055202549769,0.2916567896062377,0.30382069504603454,0.44308780317215435,happy,03,22,22,female,normal,2593
70,2.3356666666666666,True,1.0,0.3944340562802999,0.401592523309704,0.39801328979500195,0.821455938697318,-0.057037037037037,-0.05430555555555555,0.38042836637991073,0.2819923371647509,0.19251969308138647,0.48452177535678875,0.007158467029404092,0.002731481481481446,0.003401919716502792,0.32776537604718564,0.11355042458312484,0.11087384909343354,0.0,0.9999999987499999,0.6092581302833633,0.29233016977565257,0.3159923129632531,0.4503367049455027,happy,03,22,22,female,normal,2593
80,2.6693333333333333,True,1.0,0.4029346620326985,0.43736442712320067,0.4201495445779496,0.6593377101289062,-0.05726851851851855,-0.05638888888888888,0.41739399462942145,0.1843826749663707,0.1910876436635411,0.6372296595864458,0.03442976509050216,0.0008796296296296746,0.0020628523190601386,0.3912393387656397,0.11212992471810575,0.11111643301269555,0.0,0.9999999987499999,0.6140858518407364,0.2919679515829632,0.30918730577924647,0.44997164842530596,happy,03,22,22,female,normal,2593
90,3.003,True,1.0,0.41617135462672245,0.44388917359533986,0.4300302641110312,0.6545759784306647,-0.055277777777777815,-0.05444444444444446,0.42158657811636446,0.14976905298081222,0.1896738583810864,0.656960044794222,0.027717818968617414,0.0008333333333333526,0.003857896503519305,0.3912393387656397,0.11090464378587579,0.11284703599051465,0.0,0.9999999987499999,0.6129817266047043,0.2932190803307418,0.31162039170679906,0.4526479720426162,happy,03,22,22,female,normal,2593
100,3.336666666666667,True,1.0,0.43771350250447044,0.45137566021295644,0.44454458135871344,0.6813884008212974,-0.05652777777777773,-0.05333333333333329,0.4198289789809571,0.15637757468591387,0.18756875367052916,0.6524099629857081,0.013662157708486,0.003194444444444444,0.0022786569373185205,0.3784129286104469,0.11291604392728592,0.11151984737944495,0.0,0.9999999987499999,0.6116696703915943,0.2929285537068402,0.3157906754808699,0.4555345318767461,happy,03,22,22,female,normal,2593
0,0.0,True,1.0,0.49851482349460663,0.5059138809386207,0.5022143522166136,0.6415467000068232,-0.060416666666666674,-0.059166666666666756,0.3460848162665929,0.3942839093791932,0.17431255865192524,0.7828180742123251,0.007399057444014034,0.0012499999999999178,0.011462068825936983,0.3989817905419098,0.11581243819529126,0.10850893279061347,0.0,0.9999999987499999,0.6101523828515781,0.2884891307435885,0.298477222095618,0.4493955061576039,happy,03,22,22,female,strong,2594
10,0.33366666666666667,True,1.0,0.4985469572304552,0.5188824038108786,0.5087146805206669,0.6329483655880767,-0.06393518518518515,-0.06185185185185188,0.3437825878775265,0.39043077781749097,0.17500392364463044,0.8037222436746743,0.020335446580423355,0.0020833333333332704,0.006551152246311599,0.4187630328042144,0.11464991569227276,0.10991000916726833,0.0,0.9999999987499999,0.6113847429753152,0.28789683736807264,0.2959730073938436,0.44706217247152163,happy,03,22,22,female,strong,2594
20,0.6673333333333333,True,1.0,0.5000511972631887,0.5122290132814667,0.5061401052723278,1.267414892822051,-0.06717592592592586,-0.06833333333333325,0.33337199852854593,0.6199196105836707,0.17916666666666659,0.39934839659753896,0.012177816018278054,0.0011574074074073848,0.008326458727176887,0.22621859780781572,0.1108254275103467,0.113429846182771,0.0,0.9999999987499999,0.610946449704882,0.28988113220860573,0.3060913348560372,0.4541703134781847,happy,03,22,22,female,strong,2594
30,1.0010000000000001,True,1.0,0.17771132209260246,0.15305075216969669,0.16538103713114957,0.8655945413118701,-0.08574074074074078,-0.07833333333333331,0.40430719135421794,0.28852339916413194,0.20071877255469697,0.19106062854844585,0.024660569922905773,0.007407407407407474,0.003228149060812839,0.3077802776144739,0.11204395536740655,0.11290338012525682,0.0,0.9999999987499999,0.6029175957961309,0.29161621405839355,0.3166464802113794,0.44762805669111544,happy,03,22,22,female,strong,2594
40,1.3346666666666667,True,1.0,0.3955505759813712,0.4174901165794806,0.4065203462804259,0.7478683093049694,-0.0716666666666666,-0.06768518518518524,0.37957268765070057,0.3126201823932861,0.19724117659584228,0.5435720984864636,0.021939540598109375,0.003981481481481364,0.0005542124593207701,0.36110726108471686,0.11130016087123844,0.11313259267616849,0.0,0.9999999987499999,0.6107033591874249,0.3012906311050264,0.3155906439710174,0.4433321763054109,happy,03,22,22,female,strong,2594
50,1.6683333333333334,True,1.0,0.4162845976362567,0.42390827674370013,0.4200964371899784,0.9903262176967361,-0.06768518518518524,-0.06388888888888888,0.38789882785059127,0.3280899959322349,0.19729802879105024,0.4242000561865595,0.007623679107443437,0.003796296296296353,0.0009860568564494523,0.29138889736270884,0.1129561597642718,0.11334354295694195,0.0,0.9999999987499999,0.5933929032628676,0.29045232659359094,0.3226332114760258,0.4509539668065919,happy,03,22,22,female,strong,2594
60,2.0020000000000002,True,1.0,0.4287611652834236,0.43758738058408564,0.43317427293375466,0.7467857047968237,-0.067962962962963,-0.0635648148148148,0.3905873294275609,0.3199999999999997,0.20212901015410112,0.5800516401845257,0.008826215300662021,0.0043981481481482065,0.0015606833072008192,0.3752759577370545,0.115327089477495,0.11195596847241139,0.0,0.9999999987499999,0.5936445807932549,0.2875389803606429,0.3223355455291416,0.4422219947097207,happy,03,22,22,female,strong,2594
70,2.3356666666666666,True,1.0,0.44149119493134875,0.4372246057957539,0.4393579003635513,0.8487891501723285,-0.07055555555555554,-0.06601851851851859,0.3471804012413175,0.3315582617860656,0.20764035862658015,0.5176290251522997,0.004266589135594856,0.004537037037036951,0.00946306898000593,0.32557047147579704,0.11501800833801962,0.11142178630990461,0.0,0.9999999987499999,0.5987316829935099,0.28797594120967984,0.31903478178396316,0.4423168231032901,happy,03,22,22,female,strong,2594
80,2.6693333333333333,True,1.0,0.44072374741251613,0.4861748359132279,0.463449291662872,0.7755775262813817,-0.06555555555555553,-0.05962962962962959,0.42638359150906785,0.19389438157034564,0.19932431181857682,0.5975537917981539,0.04545108850071178,0.005925925925925946,0.009573927713897576,0.34374999999999994,0.11509791700820851,0.11303745256464898,0.0,0.9999999987499999,0.5961733613836159,0.28840794418423693,0.3358584664919021,0.4622492956654646,happy,03,22,22,female,strong,2594
90,3.003,True,1.0,0.42029899343345817,0.43061826689971267,0.4254586301665854,0.6704415966498671,-0.06444444444444442,-0.06509259259259265,0.4521767779695061,0.09650295709354195,0.20837764014534624,0.6345946198633284,0.010319273466254497,0.000648148148148231,0.008613689742127627,0.39204545454545464,0.1159582182602132,0.11113084231961523,0.0,0.9999999987499999,0.5963052713429121,0.28909078401576194,0.33829798483871115,0.46473994314135353,happy,03,22,22,female,strong,2594
100,3.336666666666667,True,1.0,0.42817463599839584,0.45137566021295644,0.43977514810567614,0.6845108886689834,-0.0638425925925925,-0.0625,0.4495931780599824,0.09705751406500557,0.20626812479547255,0.6424662563963145,0.023201024214560606,0.0013425925925925064,0.008107062152317301,0.3697043848066233,0.11643637018811231,0.11165826382043392,0.0,0.9999999987499999,0.5941837730170193,0.2872635609088645,0.3393825072027284,0.46743982023372627,happy,03,22,22,female,strong,2594
110,3.6703333333333332,True,1.0,0.4292824484682907,0.44392603043019635,0.43660423944924354,0.6781087909529683,-0.06273148148148144,-0.06171296296296297,0.444823993941792,0.12328802989837512,0.20560046097837117,0.6438557430226932,0.014643581961905627,0.0010185185185184742,0.005471127240292652,0.38380796072066026,0.11527546009625697,0.11234879900845163,0.0,0.9999999987499999,0.5978701018688726,0.2878595745377243,0.3288861102239485,0.4575309057311167,happy,03,22,22,female,strong,2594
0,0.0,True,1.0,0.47870085761015546,0.5057937628789461,0.49224731024455076,0.6403462785530785,-0.05972222222222223,-0.05833333333333335,0.35613873469753304,0.3397531906000964,0.1791670924928322,0.7687204981605094,0.0270929052687906,0.001388888888888884,0.0015837609809253544,0.41323807854988653,0.11376772133786697,0.10978658925129473,0.0,0.9999999987499999,0.6120561765878226,0.2902918667234512,0.2922126855951231,0.4318853843183433,happy,03,22,22,female,strong,2595
10,0.33366666666666667,True,1.0,0.5041893666081073,0.5387205387205388,0.5214549526643231,0.622661382827073,-0.0597685185185185,-0.05787037037037035,0.35772646624223303,0.3372749156979978,0.18055597810614288,0.8374615273180396,0.03453117211243151,0.0018981481481481488,0.007600528107423761,0.4223890900612594,0.1132173931042212,0.11087075060240845,0.0,0.9999999987499999,0.611354546326343,0.2899673589627823,0.28999759500391253,0.43120928753697824,happy,03,22,22,female,strong,2595
20,0.6673333333333333,True,1.0,0.15866187993791564,0.13786337801787196,0.1482626289778938,1.430583162698277,-0.10342592592592598,-0.10101851851851862,0.3585804500581381,0.6131070697278329,0.2048614835286752,0.10363789596002937,0.020798501920043677,0.002407407407407358,0.009979571799484417,0.19105695560172914,0.0955474498265469,0.11783662060231516,0.0,0.9999999987499999,0.6608863314622724,0.31438324526659284,0.30523380753629326,0.47588263937778075,happy,03,22,22,female,strong,2595
30,1.0010000000000001,True,1.0,0.4163175620845214,0.42405240294599417,0.4201849825152578,0.823068415312348,-0.0692592592592593,-0.06305555555555553,0.4240791772005818,0.24142661179698213,0.19237102631416939,0.5105103958530604,0.007734840861472747,0.006203703703703767,0.002191109918314638,0.3299907191415339,0.11098171087210652,0.11260217337959985,0.0,0.9999999987499999,0.6147077779627477,0.2984824302405766,0.3260217446564285,0.4611301368549027,happy,03,22,22,female,strong,2595
40,1.3346666666666667,True,1.0,0.37045398001571406,0.3978699141432783,0.3841619470794962,0.8024380335332901,-0.07773148148148146,-0.07550925925925928,0.37399068746170094,0.3024460879008999,0.21255169407993438,0.47874344313910033,0.027415934127564268,0.002222222222222181,0.003582740526034094,0.3461408853149009,0.11088791928588869,0.1132005777232031,0.0,0.9999999987499999,0.6076047023418744,0.29579439654041334,0.3196459054882766,0.4472883004501995,happy,03,22,22,female,strong,2595
50,1.6683333333333334,True,1.0,0.36130962663503935,0.3809523809523809,0.3711310037937101,0.9471321753533863,-0.08013888888888898,-0.07754629629629634,0.3959246422385977,0.3157031127695447,0.20695771609312433,0.3918471079870523,0.019642754317341526,0.0025925925925926463,0.0005682829889850557,0.29270287990279864,0.114316863403984,0.11231079821151359,0.0,0.9999999987499999,0.6043661041135204,0.2966032264225221,0.3327393349378979,0.45970823689222456,happy,03,22,22,female,strong,2595
60,2.0020000000000002,True,1.0,0.4440810312766241,0.4713804713804723,0.45773075132854824,0.893492530097739,-0.07925925925925936,-0.07523148148148145,0.3846872157846725,0.3989923479511859,0.20416704035095473,0.512293875896732,0.02729944010384816,0.004027777777777908,0.003557253009271959,0.3077110543078114,0.11392692340185512,0.11287524407764965,0.0,0.9999999987499999,0.6052741957720588,0.29433120248367395,0.32414419390577137,0.45303023185355756,happy,03,22,22,female,strong,2595
70,2.3356666666666666,True,1.0,0.4700917741666538,0.45799693818027426,0.46404435617346407,0.9285661814353842,-0.07935185185185184,-0.07662037037037034,0.34307836686803367,0.3700684276968282,0.21319587588304287,0.4997428998072502,0.01209483598637956,0.0027314814814815014,0.009054561546945844,0.2856844269494579,0.11262238425047755,0.11367520100775154,0.0,0.9999999987499999,0.604510913201218,0.29849616870697665,0.3206145449440236,0.44331600482087147,happy,03,22,22,female,strong,2595
80,2.6693333333333333,True,1.0,0.4681277404930364,0.4714531133611123,0.46979042692707434,0.7646078487317192,-0.06407407407407406,-0.058240740740740704,0.42872212958014494,0.18845376682050075,0.19935186884018485,0.6144200948320523,0.003325372868075882,0.005833333333333357,0.011439840876724994,0.34094934243287767,0.11539105202526564,0.11137804861892697,0.0,0.9999999987499999,0.602676001447454,0.2979006970985862,0.3350565398213727,0.4614898505241235,happy,03,22,22,female,strong,2595
90,3.003,True,1.0,0.45627328719591287,0.46503781792144466,0.46065555255867874,0.7556741570721507,-0.06175925925925929,-0.058287037037037026,0.43273594395627873,0.1702874236965092,0.19862993294926812,0.6095954827190101,0.008764530725531794,0.0034722222222222654,0.006224466377734786,0.3565028964516338,0.11495775320705807,0.1116547161182397,0.0,0.9999999987499999,0.6021194146408563,0.2986993967517108,0.331706675070865,0.4505504586252652,happy,03,22,22,female,strong,2595
100,3.336666666666667,True,1.0,0.4570487235033198,0.4445416316260885,0.45079517756470416,0.7617341846184544,-0.059398148148148144,-0.059074074074074,0.4319327238342266,0.17985390470157891,0.19515296339244412,0.5918011645893289,0.012507091877231313,0.00032407407407414324,0.007061154574589133,0.3359375000000004,0.11443273201003626,0.11303862276352122,0.0,0.9999999987499999,0.6049484316929897,0.29579956521607087,0.32996789131846194,0.4524033303850812,happy,03,22,22,female,strong,2595
110,3.6703333333333332,True,1.0,0.45027037696963196,0.46442148787036064,0.4573459324199963,0.7258222249681597,-0.057731481481481495,-0.05601851851851847,0.43446680045213437,0.15252279077912134,0.1930555555555556,0.6301073688396068,0.01415111090072868,0.0017129629629630272,0.0023537889131052428,0.3505318306427866,0.11588897969944435,0.1113742377230615,0.0,0.9999999987499999,0.6058497915650635,0.2941613338239106,0.3339863457345599,0.45530210066544874,happy,03,22,22,female,strong,2595
0,0.0,True,1.0,0.49217237089515364,0.505793762878945,0.4989830668870493,0.624247036361422,-0.06166666666666665,-0.058611111111111114,0.34362435603677555,0.3324545447057812,0.17570530016452998,0.7993359004081066,0.013621391983791309,0.0030555555555555336,0.009610531266768065,0.4157297886137738,0.11108769306488195,0.11215839759849902,0.0,0.9999999987499999,0.6222019265440552,0.2968989824046057,0.2855629263074742,0.4287742023297497,happy,03,22,22,female,strong,2596
10,0.33366666666666667,True,1.0,0.519885802573166,0.5053475873163744,0.5126166949447701,0.6785215962843277,-0.06361111111111112,-0.0597685185185185,0.3435608693370403,0.35959369121237544,0.17570530016452998,0.7554906103975549,0.014538215256791553,0.0038425925925926196,0.011839958719774918,0.38247579721922403,0.11276336550640656,0.11150349226420175,0.0,0.9999999987499999,0.6230615383028212,0.29748348506327843,0.28880078235710444,0.4285084219979013,happy,03,22,22,female,strong,2596
20,0.6673333333333333,True,1.0,0.505793762878945,0.5414578111868884,0.5236257870329166,1.457217952914186,-0.08351851851851855,-0.09000000000000002,0.31765387060329703,0.7140255009107465,0.19861111111111118,0.35933251164368024,0.03566404830794345,0.006481481481481477,0.00698735226542227,0.1971256860904506,0.10750880202429228,0.1165781406375219,0.0,0.9999999987499999,0.6259190238126501,0.2991007162526108,0.30548456872890734,0.4469072171089258,happy,03,22,22,female,strong,2596
30,1.0010000000000001,True,1.0,0.4573745429126081,0.4923638972988663,0.4748692201057372,1.1469817564820295,-0.09009259259259261,-0.08939814814814817,0.32802781687299265,0.5304659498207893,0.22015587025531522,0.4140163672369424,0.03498935438625822,0.000694444444444442,0.003920713001923515,0.25311874317480454,0.10998326001491435,0.1180198233243071,0.0,0.9999999987499999,0.5977292115596239,0.29111630837661806,0.3342214128678771,0.45346307163281147,happy,03,22,22,female,strong,2596
40,1.3346666666666667,True,1.0,0.43937713108130905,0.45749966142319687,0.44843839625225296,0.8186046652436533,-0.06847222222222221,-0.06444444444444442,0.3648552623140924,0.3389011396337519,0.20906427402064315,0.5478082587261798,0.01812253034188782,0.004027777777777797,0.00901919431848368,0.3427204929049779,0.11487859723890109,0.11426516425939877,0.0,0.9999999987499999,0.6003339904086634,0.29017310199332624,0.3389927361204376,0.4585202833316832,happy,03,22,22,female,strong,2596
50,1.6683333333333334,True,1.0,0.46763143224967163,0.4832731784693587,0.47545230535951516,0.8385130962584476,-0.08231481481481479,-0.08143518518518511,0.3793717843772209,0.2959356738638099,0.22021685375244368,0.5670183417301936,0.015641746219687058,0.0008796296296296746,0.006048694106667652,0.3311976578744253,0.11145112997470144,0.11679788421147122,0.0,0.9999999987499999,0.5995057737938926,0.2899276523021164,0.33296575484105295,0.45827732926764503,happy,03,22,22,female,strong,2596
60,2.0020000000000002,True,1.0,0.4324973956975815,0.4376053027010491,0.4350513491993153,0.7562940072238139,-0.06824074074074077,-0.06166666666666665,0.3701319212382119,0.3151086557658272,0.20768334385255352,0.5752410372737072,0.005107907003467582,0.006574074074074121,0.011650580941541786,0.3749835215940274,0.1145117914477069,0.11363118322429623,0.0,0.9999999987499999,0.6014148899794294,0.28677004500174214,0.3322534981056345,0.45672908744578816,happy,03,22,22,female,strong,2596
70,2.3356666666666666,True,1.0,0.4998763270772369,0.5303907147231134,0.5151335209001752,0.9428279927469086,-0.0802314814814814,-0.0794907407407407,0.3432926764056941,0.3484248544955194,0.22298373820604103,0.5463706263104736,0.030514387645876495,0.0007407407407407085,0.010228450344949767,0.27754332761658024,0.11506395448200761,0.11256540640099522,0.0,0.9999999987499999,0.5940178138442878,0.2888799148812847,0.3375202664257827,0.45426206745276165,happy,03,22,22,female,strong,2596
80,2.6693333333333333,True,1.0,0.4410958768793938,0.49096468308153346,0.46603027998046365,0.7024611336509303,-0.06009259259259264,-0.05560185185185185,0.43611135394486816,0.0745007478672228,0.20495642791988491,0.6634250033996119,0.04986880620213968,0.004490740740740795,0.009618271586338935,0.3923238798695242,0.11231337089141005,0.11530997813671781,0.0,0.9999999987499999,0.5992217150532089,0.2887415580971424,0.33142327395065513,0.45807626520703787,happy,03,22,22,female,strong,2596
90,3.003,True,1.0,0.39252428812717605,0.4144092973611102,0.4034667927441431,0.6236742838289359,-0.056712962962962965,-0.05259259259259258,0.4524337008148006,0.04157645853827755,0.20626331633148562,0.6469190781238108,0.02188500923393416,0.004120370370370385,0.006136899202919323,0.40345165405687716,0.11266333704006407,0.11413648447361453,0.0,0.9999999987499999,0.5996913279061625,0.28875144601886316,0.3301902889122305,0.4624832366992477,happy,03,22,22,female,strong,2596
100,3.336666666666667,True,1.0,0.4271774850747143,0.4419989983244495,0.4345882416995819,0.6163858633252581,-0.058148148148148115,-0.054259259259259285,0.4578843271345098,0.04622081571059664,0.20003089666134238,0.7050587425141122,0.014821513249735185,0.0038888888888888307,0.005135823600000765,0.41276401323574835,0.1147565220845886,0.11254073521664212,0.0,0.9999999987499999,0.6022183874096514,0.2889114308745212,0.3354998731662741,0.4620137138178113,happy,03,22,22,female,strong,2596
0,0.0,True,1.0,0.48490928854194876,0.505793762878945,0.4953515257104468,0.6683375104427735,-0.06263888888888891,-0.05990740740740741,0.3508887422766752,0.37426900584795303,0.18055724575197146,0.7411697203442562,0.020884474336996195,0.0027314814814815014,0.006524802548028359,0.3937499999999993,0.11353684894843454,0.10985203494328456,0.0,0.9999999987499999,0.6130933385776186,0.28966925641434416,0.2953877260989943,0.44239281897884597,happy,03,22,22,female,strong,2597
10,0.33366666666666667,True,1.0,0.45137566021295755,0.47870085761015496,0.46503825891155626,0.8820222614643173,-0.0642592592592593,-0.061574074074074114,0.3447648123321507,0.4410111307321581,0.17777820693070223,0.5272409543717278,0.02732519739719741,0.0026851851851851793,0.00023438514594813876,0.30288461538461536,0.11203818528942806,0.11223212741858178,0.0,0.9999999987499999,0.6159697158629077,0.2895587608165279,0.29896480782603346,0.4438265798883226,happy,03,22,22,female,strong,2597
20,0.6673333333333333,True,1.0,0.333002840968346,0.36643154544863293,0.3497171932084895,1.4331320790374893,-0.09453703703703709,-0.09462962962962956,0.3377284015562672,0.5856463700940641,0.21041992990714248,0.24402300271121155,0.03342870448028695,9.259259259247754e-05,0.003797009702889889,0.19470869052348067,0.10790479585567431,0.1148926840071855,0.0,0.9999999987499999,0.6191909003679597,0.30288908058565017,0.30963070573815293,0.4438215140648117,happy,03,22,22,female,strong,2597
30,1.0010000000000001,True,1.0,0.1354805876663863,0.15509308979182584,0.14528683872910608,1.020859637535778,-0.08837962962962959,-0.08490740740740749,0.3528760199515554,0.43083633308556185,0.20626812479547252,0.1423181340382989,0.01961250212543955,0.003472222222222099,0.00020104469920443848,0.26327938594537775,0.11142474953306844,0.11233351564291826,0.0,0.9999999987499999,0.6118447433270183,0.2922221484834297,0.3166729421588095,0.45043813318037706,happy,03,22,22,female,strong,2597
40,1.3346666666666667,True,1.0,0.4362758810272419,0.45124848014256197,0.4437621805849019,0.8093129486202069,-0.06634259259259256,-0.06037037037037041,0.38248057124221707,0.2819923371647509,0.1951705550945909,0.548319634995918,0.014972599115320062,0.005972222222222157,0.00043026876620111474,0.34085957655296745,0.11084820616544676,0.11256447414784405,0.0,0.9999999987499999,0.6113428042154362,0.29143734322328496,0.3146097132813842,0.4515095509280524,happy,03,22,22,female,strong,2597
50,1.6683333333333334,True,1.0,0.4360853024964112,0.4507354410211028,0.44341037175875697,0.8938623436875703,-0.06518518518518518,-0.0639351851851852,0.39255156427909954,0.3098635643548269,0.1958524221220791,0.4960611383733838,0.014650138524691603,0.0012499999999999734,0.005240033086478735,0.3074913519273396,0.11141467216319699,0.11335646455813472,0.0,0.9999999987499999,0.6081726220722664,0.29115760827379833,0.32608190568218587,0.46792719529970556,happy,03,22,22,female,strong,2597
60,2.0020000000000002,True,1.0,0.45742299279182236,0.47161701941686235,0.46452000610434235,0.9650793650793646,-0.06847222222222221,-0.06555555555555553,0.3684170208679047,0.3555555555555553,0.19933005317891384,0.48132829579890757,0.01419402662503999,0.0029166666666666785,0.006391430662913019,0.29634488498829453,0.11215901609734442,0.113126407974437,0.0,0.9999999987499999,0.6048646667338811,0.2908165801582054,0.3093803947155263,0.4402194492502729,happy,03,22,22,female,strong,2597
70,2.3356666666666666,True,1.0,0.4432580003814316,0.47603954736319337,0.4596487738723125,0.7816557604404704,-0.06888888888888894,-0.06930555555555562,0.3700437066917398,0.3088800988837351,0.20976623567341052,0.5880450156387207,0.03278154698176178,0.0004166666666666763,0.00021442968870548127,0.35419806766389467,0.11213778997014076,0.11213260653584749,0.0,0.9999999987499999,0.6078732683932949,0.29134942446492523,0.31704795110734363,0.4421374193948504,happy,03,22,22,female,strong,2597
80,2.6693333333333333,True,1.0,0.4574996614231979,0.5044016754658858,0.4809506684445418,0.8527913311097522,-0.06481481481481477,-0.06805555555555548,0.38991228152632473,0.28226191945182005,0.20075867947458673,0.563972276569313,0.046902014042687845,0.0032407407407407107,0.008632952634072742,0.33274647887323877,0.11145083010958044,0.11230764004865573,0.0,0.9999999987499999,0.6068778932588661,0.29132592382243144,0.31353564452211824,0.44438828138623804,happy,03,22,22,female,strong,2597
90,3.003,True,1.0,0.4085391283066506,0.42265544514811937,0.415597286727385,0.6661764358887268,-0.061018518518518416,-0.06148148148148147,0.4411044852686934,0.08458034881635493,0.2028319496941836,0.6238546792381641,0.014116316841468746,0.00046296296296305384,0.0034935559213758534,0.39311500630065827,0.11217885692177874,0.11089536426219855,0.0,0.9999999987499999,0.6102269485606743,0.29252680692038213,0.32256163920648306,0.4546546334116447,happy,03,22,22,female,strong,2597
100,3.336666666666667,True,1.0,0.36279877029096413,0.40903629000993447,0.3859175301504493,0.6267051463957302,-0.059953703703703676,-0.05874999999999997,0.4491170924897725,0.06788112634551029,0.20212901015410117,0.6157880342453154,0.04623751971897033,0.0012037037037037068,0.0005792387072185083,0.4044296897947087,0.1120070876398402,0.11192323177702138,0.0,0.9999999987499999,0.609658802739846,0.29288386449792536,0.3260361308560306,0.4581115509903981,happy,03,22,22,female,strong,2597
110,3.6703333333333332,True,1.0,0.42319383440182085,0.4306182668997138,0.4269060506507673,0.6200956090157836,-0.06148148148148147,-0.05814814814814806,0.44865257513433787,0.07357066547644871,0.20002441257256576,0.6884519813458331,0.00742443249789293,0.0033333333333334103,0.006946437187977202,0.42936009127257385,0.1109512452172626,0.11296999016380099,0.0,0.9999999987499999,0.6093011030427796,0.293408681898053,0.3241809930141448,0.4578515805233351,happy,03,22,22,female,strong,2597
0,0.0,True,1.0,0.5106801566812013,0.5189960753324016,0.5148381160068014,0.643967651021005,-0.06319444444444444,-0.06037037037037035,0.328514200159569,0.4199475065616807,0.17083735267438846,0.799478227191273,0.008315918651200294,0.00282407407407409,0.01715076601537851,0.4040875397078779,0.11509287559110551,0.11236641125896663,0.0,0.9999999987499999,0.6204059100749674,0.28978984496789034,0.2956215261412046,0.44494942734946175,sad,04,22,22,female,normal,2598
10,0.33366666666666667,True,1.0,0.21925605164865852,0.21403706548953147,0.21664655856909498,0.6515183873385526,-0.07439814814814821,-0.07,0.339852944131815,0.41387198422556515,0.1708337799314538,0.33252562441728534,0.005218986159127054,0.0043981481481482065,0.015010837331728947,0.3866125782624164,0.11595713358385044,0.11147431794969591,0.0,0.9999999987499999,0.6185531210374775,0.2901117091461379,0.2943758774905789,0.43638244476505894,sad,04,22,22,female,normal,2598
20,0.6673333333333333,True,1.0,0.5252806308616597,0.5285280265545375,0.5269043287080986,1.0139189879712274,-0.0666666666666666,-0.06101851851851847,0.33407411992964436,0.5138888888888894,0.17292063758304477,0.5196710338390969,0.003247395692877797,0.005648148148148124,0.013656280464005915,0.2546419817608728,0.11424389845200261,0.11289244510841105,0.0,0.9999999987499999,0.6140607779283589,0.29072764208056184,0.303404955562319,0.44913126857381735,sad,04,22,22,female,normal,2598
30,1.0010000000000001,True,1.0,0.21575422234649425,0.21611948040651877,0.2159368513765065,0.9543376418904251,-0.07657407407407407,-0.06847222222222221,0.3445938276438035,0.42328378056458943,0.17708333333333337,0.22626881922918,0.0003652580600245203,0.00810185185185186,0.02226514821944293,0.29440101697992693,0.11532378061312852,0.11246872414815688,0.0,0.9999999987499999,0.6131943722254527,0.29258877336918887,0.3032380593358892,0.4397365032704093,sad,04,22,22,female,normal,2598
40,1.3346666666666667,True,1.0,0.4838447872840629,0.4864023419919205,0.48512356463799167,0.795319218144162,-0.06624999999999992,-0.056296296296296344,0.3271927956448499,0.4117786536583525,0.17638932142096195,0.6099733963049497,0.0025575547078576233,0.009953703703703576,0.03379218078462685,0.35194471094579116,0.11670194033578797,0.11069434273507525,0.0,0.9999999987499999,0.6121726259722639,0.29176800792961016,0.30332136018870415,0.44114348909480094,sad,04,22,22,female,normal,2598
50,1.6683333333333334,True,1.0,0.4644163429784446,0.4797448837840481,0.47208061338124635,0.9352897789105046,-0.06527777777777782,-0.055138888888888904,0.34325999149950054,0.4336279169301968,0.17986280783332048,0.5047426199088384,0.01532854080560353,0.01013888888888892,0.026207091195511328,0.2867088571478744,0.1120174303072652,0.11037009229124566,0.0,0.9999999987499999,0.6158686013233418,0.29387492468085485,0.28889655706053896,0.414608454611397,sad,04,22,22,female,normal,2598
60,2.0020000000000002,True,1.0,0.4826464627303811,0.4664137176849327,0.4745300902076569,0.7998284238559736,-0.06462962962962965,-0.05611111111111117,0.34260305476512454,0.4471787893342651,0.17709022658152102,0.5932898557417438,0.01623274504544836,0.00851851851851848,0.026339069998309587,0.33526673423374853,0.11121708893821891,0.11014353094011188,0.0,0.9999999987499999,0.6167627075048769,0.29117825680441956,0.28338961618349995,0.40865543385916553,sad,04,22,22,female,normal,2598
70,2.3356666666666666,True,1.0,0.4958319068524347,0.4954878969823765,0.4956599019174056,0.8628977189300455,-0.06532407407407409,-0.05625000000000013,0.30715543757810343,0.4388258706132567,0.18055555555555558,0.5744132717513747,0.00034400987005822614,0.009074074074073957,0.030219466289394953,0.2979940898962387,0.11678086183810918,0.11095502960657107,0.0,0.9999999987499999,0.6097184577268407,0.29106448498593585,0.30036499946395834,0.4332498405695273,sad,04,22,22,female,normal,2598
80,2.6693333333333333,True,1.0,0.48871965228537556,0.5115281324049193,0.5001238923451474,0.7529423497965657,-0.06476851851851845,-0.05421296296296302,0.3273305964534982,0.39757938973909923,0.17847264970529494,0.6642260094418567,0.022808480119543784,0.01055555555555543,0.029805527371709894,0.34153957072979096,0.11228850544460331,0.10974764514585311,0.0,0.9999999987499999,0.613233860786502,0.2926119133185409,0.2810986341177684,0.41040520166366545,sad,04,22,22,female,normal,2598
90,3.003,True,1.0,0.5331849925014418,0.533006072846807,0.5330955326741245,0.730907197799129,-0.06481481481481483,-0.05453703703703705,0.32474015247965266,0.40822473246791324,0.17708376416920632,0.7293614487302286,0.00017891965463479043,0.010277777777777775,0.02631207170502452,0.3439651046533194,0.11078161351892188,0.11023640274884265,0.0,0.9999999987499999,0.616153167642057,0.29304845174084904,0.2790840856379499,0.40687438776360557,sad,04,22,22,female,normal,2598
100,3.336666666666667,True,1.0,0.5241831320262521,0.5330054251471823,0.5285942785867173,0.7309071977991295,-0.06263888888888886,-0.053518518518518465,0.3255893672840166,0.40822473246791346,0.17500043596485879,0.7232030005702412,0.008822293120930191,0.00912037037037039,0.026814348929128692,0.3658768899132261,0.11231089268012526,0.1092025897717755,0.0,0.9999999987499999,0.6141217539593964,0.29371570305724065,0.28181875964140246,0.4078935107169628,sad,04,22,22,female,normal,2598
0,0.0,True,1.0,0.5194504631169903,0.5270870390393857,0.5232687510781879,0.6390799269032619,-0.06259259259259259,-0.05768518518518506,0.3330443576974508,0.40277777777777735,0.17222266521875423,0.8187845198232859,0.007636575922395417,0.004907407407407527,0.012223510344991504,0.4034119820493526,0.11500851094671377,0.11126048340882301,0.0,0.9999999987499999,0.617753323595063,0.29057024619308913,0.2957748443536319,0.4451238703277865,sad,04,22,22,female,normal,2599
10,0.33366666666666667,True,1.0,0.5140462017179922,0.5032144476766117,0.508630324697302,0.6806692527429905,-0.06310185185185185,-0.0593055555555555,0.3330087963010787,0.4096827099773524,0.17222266521875423,0.7472503314166189,0.010831754041380481,0.003796296296296353,0.013720262322142717,0.37927589761383634,0.11497822124472352,0.11180417362718073,0.0,0.9999999987499999,0.617604375187575,0.28996001264610627,0.29401432841373887,0.4407881637295468,sad,04,22,22,female,normal,2599
20,0.6673333333333333,True,1.0,0.4301759348537146,0.4386681370032718,0.43442203592849316,0.8885898814217774,-0.07263888888888892,-0.06259259259259264,0.3387324647507018,0.4784535594800845,0.17430555555555555,0.4888892446461369,0.008492202149557204,0.010046296296296275,0.021089616430958195,0.3028732746505383,0.11518443391827543,0.11176231355720963,0.0,0.9999999987499999,0.6154402467158738,0.29103027607866205,0.3022283138567496,0.4429830088362155,sad,04,22,22,female,normal,2599
30,1.0010000000000001,True,1.0,0.4856135409376503,0.5096006620830411,0.4976071015103457,0.9018693265615436,-0.06384259259259267,-0.056481481481481466,0.35059540651934845,0.4376569055576076,0.1729276967647945,0.551750776808783,0.02398712114539081,0.007361111111111207,0.02529013770651628,0.2992327880441398,0.11494740888494215,0.11285336271920747,0.0,0.9999999987499999,0.6136291066895507,0.29251854688403695,0.3061263154098467,0.44721902960448523,sad,04,22,22,female,normal,2599
40,1.3346666666666667,True,1.0,0.5181451764989305,0.5123506322487111,0.5152479043738208,0.7673435299881473,-0.06217592592592597,-0.060277777777777874,0.32888692554364446,0.40496489289369475,0.17847264970529494,0.671469666762916,0.005794544250219413,0.0018981481481480933,0.017025008714891474,0.34422977876847105,0.11392103750546258,0.11288118450203134,0.0,0.9999999987499999,0.6123144845985269,0.2924484111237345,0.2993651428705012,0.4412615813337962,sad,04,22,22,female,normal,2599
50,1.6683333333333334,True,1.0,0.21223537029324088,0.19090727415160103,0.20157132222242097,0.9028259100818603,-0.07638888888888884,-0.06935185185185189,0.333532388575354,0.4513453584496252,0.17639278163936423,0.2232670994169233,0.021328096141639857,0.007037037037036953,0.01828187079171649,0.28594819768611696,0.11545116355325351,0.11114445324912638,0.0,0.9999999987499999,0.6114888967540141,0.2936784782325621,0.3045699867693657,0.43276050446211484,sad,04,22,22,female,normal,2599
60,2.0020000000000002,True,1.0,0.4850468553774948,0.48265340924328065,0.48385013231038776,0.9858546211486218,-0.06435185185185194,-0.05412037037037043,0.3356486244634942,0.4581566094658299,0.17986153529316404,0.49079257928177356,0.002393446134214161,0.010231481481481508,0.026346171843992988,0.2614108483097301,0.11286656250526449,0.114436076093271,0.0,0.9999999987499999,0.6096001806347539,0.2959265303217347,0.3030282389087504,0.43950509947183714,sad,04,22,22,female,normal,2599
70,2.3356666666666666,True,1.0,0.4956781466250316,0.49718445552179064,0.49643130107341116,0.8029468600370843,-0.06282407407407398,-0.05564814814814811,0.32660373622795563,0.39422471916205704,0.1798649287135741,0.6182617129239205,0.0015063088967590121,0.007175925925925863,0.022375469630405015,0.32185927968758277,0.114046923295792,0.11342786111873923,0.0,0.9999999987499999,0.6097934842843387,0.29489267695767885,0.29792186211906785,0.4361422456136357,sad,04,22,22,female,normal,2599
80,2.6693333333333333,True,1.0,0.30138535419427703,0.307048092503389,0.304216723348833,0.824710483141173,-0.07046296296296295,-0.05972222222222212,0.32778799790879615,0.3980612218170479,0.17917049906572247,0.36887699328148044,0.005662738309111959,0.010740740740740828,0.026528119542548,0.32044690664299386,0.11576562720207106,0.11150244841463916,0.0,0.9999999987499999,0.607565630017632,0.29583593060197455,0.29753485195708357,0.42849316267535237,sad,04,22,22,female,normal,2599
90,3.003,True,1.0,0.5374093623787233,0.5092383748578267,0.5233238686182751,0.7711783485682729,-0.06462962962962965,-0.05611111111111111,0.3203345228814175,0.4073232250176192,0.18056231624629016,0.6786029063054599,0.02817098752089653,0.008518518518518536,0.02503910268466243,0.3294757895701344,0.11483213203496546,0.11212426142911477,0.0,0.9999999987499999,0.6052750284488796,0.2943779104099931,0.2976978995775404,0.4368439210761392,sad,04,22,22,female,normal,2599
100,3.336666666666667,True,1.0,0.5214188093743493,0.540020302044009,0.5307195557091791,0.7450053819740866,-0.06407407407407406,-0.053611111111111054,0.3250525111008846,0.3939010576444791,0.1784739321483694,0.7123700963111149,0.018601492669659714,0.010462962962963007,0.029537460606716876,0.35740514594296374,0.11465847185508027,0.11230184050362489,0.0,0.9999999987499999,0.607277145780187,0.2956208402019174,0.2972644801909649,0.4355966514408839,sad,04,22,22,female,normal,2599
110,3.6703333333333332,True,1.0,0.22910964050977545,0.23857254822123272,0.2338410943655041,0.7676764700320121,-0.0746296296296296,-0.0642592592592593,0.32611326506838273,0.4191741873811928,0.17708505667053598,0.30460891207952867,0.009462907711457275,0.010370370370370308,0.026971204434829168,0.3336844482201314,0.11592496165784724,0.11013242971913918,0.0,0.9999999987499999,0.605247974377251,0.295140978412894,0.29800601701085977,0.43163984419980195,sad,04,22,22,female,normal,2599
0,0.0,True,1.0,0.5119385207253222,0.5053475873163744,0.5086430540208483,0.6914713929743873,-0.064537037037037,-0.060972222222222205,0.32951911048069277,0.4161843259468126,0.1743335662531196,0.7355952237342794,0.0065909334089477856,0.0035648148148147984,0.013196128525116965,0.3672501583203224,0.11452183843821671,0.10952282849465492,0.0,0.9999999987499999,0.6209415926214236,0.29132017939644395,0.29573084509564734,0.448620285573477,sad,04,22,22,female,normal,2600
10,0.33366666666666667,True,1.0,0.4794419841671622,0.5045214359817023,0.49198171007443225,0.8538459150595834,-0.06564814814814812,-0.06157407407407417,0.3338015520436547,0.46889544430974195,0.1729171078841007,0.5761949567213197,0.025079451814540077,0.004074074074073952,0.016704906142068144,0.29506942222188065,0.11323965318680679,0.1115333948949704,0.0,0.9999999987499999,0.6208600213053972,0.29118885824462176,0.29447487364781094,0.44694061220796594,sad,04,22,22,female,normal,2600
20,0.6673333333333333,True,1.0,0.5740156319325654,0.5714640917184975,0.5727398618255315,1.0261969286359531,-0.06648148148148147,-0.062407407407407356,0.32333056588738784,0.578139114724481,0.1708337799314539,0.5581188618317459,0.0025515402140678933,0.004074074074074119,0.016439711389304255,0.24600211688036583,0.11463303736957703,0.1099276126682048,0.0,0.9999999987499999,0.6207763723692602,0.2914466467071626,0.30236328312519606,0.45369248620593833,sad,04,22,22,female,normal,2600
30,1.0010000000000001,True,1.0,0.21116356837416575,0.23128414088737492,0.22122385463077032,0.8661550990744666,-0.07629629629629625,-0.07171296296296281,0.3285822658182543,0.511173501093127,0.17016758544842106,0.25540905418343657,0.020120572513209173,0.004583333333333439,0.0005259117341404224,0.3043032786885242,0.11319512830411271,0.11037686590088477,0.0,0.9999999987499999,0.6188614415453682,0.29228911944680824,0.2942561996319529,0.44026232873948457,sad,04,22,22,female,normal,2600
40,1.3346666666666667,True,1.0,0.5197782826363065,0.5259547057403535,0.5228664941883301,0.8175128158737778,-0.06703703703703706,-0.06087962962962956,0.3384511772122051,0.4780154308803471,0.1743410058381891,0.6395820151510133,0.00617642310404698,0.0061574074074075,0.00012662117929989301,0.32458060394014265,0.11274911767961822,0.1113469258793171,0.0,0.9999999987499999,0.614606401482468,0.29250503143405604,0.2965043950931949,0.44727016278308757,sad,04,22,22,female,normal,2600
50,1.6683333333333334,True,1.0,0.3382719484193898,0.3162038406243597,0.32723789452187474,0.8954729661878866,-0.07333333333333336,-0.06481481481481477,0.33870757421448566,0.48215969712063333,0.1736326429790067,0.36543581646574713,0.0220681077950301,0.008518518518518592,0.006785692683348909,0.320549692384774,0.1147451729483872,0.10946301052574571,0.0,0.9999999987499999,0.6162059486841611,0.29294218977233794,0.3034213363178614,0.4461612796663958,sad,04,22,22,female,normal,2600
60,2.0020000000000002,True,1.0,0.4983164983164991,0.4880060189249628,0.49316125862073096,0.8611465501500093,-0.0690277777777778,-0.06171296296296308,0.3376380215103711,0.48611111111111144,0.17224392771241923,0.5726798284622097,0.010310479391536287,0.0073148148148147185,0.013044809643969557,0.3175272547423756,0.11328758127274996,0.11062694709067969,0.0,0.9999999987499999,0.6163057575295744,0.2931015839862977,0.30478495117601306,0.4477935287216313,sad,04,22,22,female,normal,2600
70,2.3356666666666666,True,1.0,0.5117845117845126,0.5400203020440072,0.5259024069142599,0.8122109027992327,-0.06842592592592589,-0.06527777777777782,0.30609107420332454,0.4673780654277349,0.17710444305856657,0.6474948872291311,0.02823579025949463,0.0031481481481480666,0.009757283416755063,0.32953144691495523,0.11326207186279708,0.11099688493651311,0.0,0.9999999987499999,0.6109106322216387,0.29235222929106863,0.3007524001618582,0.4474701961111967,sad,04,22,22,female,normal,2600
80,2.6693333333333333,True,1.0,0.5059075617810265,0.5247795749881035,0.515343568384565,0.7741559912237995,-0.06824074074074077,-0.06435185185185183,0.3261209936087762,0.43723105216155306,0.17222620914999,0.6656844024030618,0.018872013207076987,0.0038888888888889417,0.017864369366657695,0.3130312334091193,0.11502225869469537,0.11004092479971679,0.0,0.9999999987499999,0.6131405710409163,0.2919888089058961,0.3033970393127485,0.44511843124885353,sad,04,22,22,female,normal,2600
90,3.003,True,1.0,0.34722222222222254,0.3976911563166698,0.3724566892694462,0.6881485745385053,-0.0714351851851851,-0.06412037037037044,0.3252061306987013,0.3942247191620559,0.17639970187254395,0.541244584455076,0.05046893409444725,0.007314814814814663,0.017762572362332394,0.387252921027948,0.1151219838521289,0.11079970080066252,0.0,0.9999999987499999,0.612261737843575,0.29222544782144194,0.3009688681856751,0.44169336609816384,sad,04,22,22,female,normal,2600
100,3.336666666666667,True,1.0,0.5327588656837715,0.5383536896148773,0.5355562776493243,0.7169536266688263,-0.07199074074074063,-0.061712962962962914,0.3264034531909744,0.4228956078283874,0.17570530016452998,0.7469887280404361,0.005594823931105775,0.010277777777777719,0.025424832799978887,0.35990890958443306,0.11450513960628954,0.11126596029271714,0.0,0.9999999987499999,0.6142068524597339,0.2924232410487903,0.2991576168395302,0.4437102277981965,sad,04,22,22,female,normal,2600
0,0.0,True,1.0,0.5060276798407021,0.5261851474404923,0.5161064136405972,0.6944883883665748,-0.06462962962962965,-0.06115740740740744,0.3331049445889225,0.4444444444444449,0.16597268190058667,0.7431462099092412,0.020157467599790202,0.00347222222222221,0.01312032074330299,0.35997722091221135,0.11586702408451738,0.1107108548572391,0.0,0.9999999987499999,0.6190452587910165,0.29080065655372794,0.296877711474518,0.44561814369171476,sad,04,22,22,female,normal,2601
10,0.33366666666666667,True,1.0,0.49836619532878246,0.5317682873752355,0.515067241352009,0.9166666666666664,-0.06657407407407412,-0.061759259259259236,0.33297668204320013,0.5138888888888891,0.16597268190058678,0.5618915360203736,0.03340209204645306,0.004814814814814883,0.01583593113057202,0.28165782593669714,0.11559249111951646,0.11116897318128253,0.0,0.9999999987499999,0.6154512213088361,0.2894618715314295,0.2974061271841922,0.444917787672896,sad,04,22,22,female,normal,2601
20,0.6673333333333333,True,1.0,0.532091400422522,0.5504910795394747,0.5412912399809984,0.9459852031723394,-0.06555555555555564,-0.060601851851851796,0.32321113024125137,0.5159169852459138,0.1756944444444445,0.5721984214613408,0.018399679116952727,0.004953703703703849,0.02160629916236376,0.2816169173593953,0.11495006536444947,0.11285065688322193,0.0,0.9999999987499999,0.6137724028205032,0.2911684235161865,0.3006559564470698,0.4465275183922326,sad,04,22,22,female,normal,2601
30,1.0010000000000001,True,1.0,0.5028062422871721,0.5032144476766107,0.5030103449818915,0.8017121421441837,-0.06564814814814823,-0.058657407407407436,0.3265524315038817,0.4437154076627248,0.17777820693070223,0.6274201406462268,0.0004082053894386428,0.006990740740740797,0.026527429409034336,0.3419154038460468,0.11599918982228125,0.1112594463609067,0.0,0.9999999987499999,0.6086325607196004,0.29342526946524816,0.3020893333671818,0.4432932087482469,sad,04,22,22,female,normal,2601
40,1.3346666666666667,True,1.0,0.502243759999956,0.5180310866901571,0.5101374233450565,0.775705325770145,-0.064537037037037,-0.05689814814814809,0.33078552208926654,0.40900826267880414,0.18194612173871702,0.6576433168594993,0.01578732669020111,0.007638888888888917,0.025818958932198006,0.35841600846497734,0.11589785342723777,0.11136500354626694,0.0,0.9999999987499999,0.6069238684223689,0.2942897785908093,0.3001205775146256,0.43915530343075954,sad,04,22,22,female,normal,2601
50,1.6683333333333334,True,1.0,0.5498376387156019,0.5589136496559284,0.5543756441857651,0.8888031674084943,-0.06504629629629632,-0.06185185185185177,0.33554870420965727,0.43745780895886777,0.18263930661951863,0.623732750415564,0.009076010940326507,0.0031944444444445552,0.018560711361434844,0.29003906249999967,0.1139398811347639,0.11336745534241374,0.0,0.9999999987499999,0.6131007349033364,0.2925857953675136,0.3028288382758181,0.4445018203885673,sad,04,22,22,female,normal,2601
60,2.0020000000000002,True,1.0,0.25,0.2542495061111034,0.2521247530555517,0.9790462288218826,-0.07342592592592584,-0.06782407407407415,0.33239399797162666,0.4685284255352608,0.18265392658968602,0.2575207846507324,0.004249506111103418,0.005601851851851691,0.016144408088314435,0.27357868079943853,0.11482902120904921,0.11381390034693577,0.0,0.9999999987499999,0.6143767534044868,0.293536191652177,0.2998527483747168,0.43408444574046234,sad,04,22,22,female,normal,2601
70,2.3356666666666666,True,1.0,0.5174831728367983,0.517164959208323,0.5173240660225606,0.8285665252256248,-0.06518518518518512,-0.057685185185185284,0.3221546105273491,0.4432694444356565,0.17500174385291845,0.6243603262655216,0.00031821362847539447,0.00749999999999984,0.020413762123053437,0.31621484403964034,0.11575089936499862,0.11117552718592694,0.0,0.9999999987499999,0.6131261798469387,0.29192727213149205,0.30005391702936857,0.44068802563234255,sad,04,22,22,female,normal,2601
80,2.6693333333333333,True,1.0,0.5361352466405089,0.5399050811939385,0.5380201639172237,0.8389243271004233,-0.064537037037037,-0.05564814814814817,0.3290233575527711,0.44071063844030145,0.17778464410025674,0.6413214476409147,0.0037698345534296074,0.008888888888888835,0.02461817683122506,0.29598264381407097,0.11498115391715148,0.1121414586153144,0.0,0.9999999987499999,0.6083768514358868,0.29398830257690545,0.3006138438909184,0.43889719150328343,sad,04,22,22,female,normal,2601
90,3.003,True,1.0,0.5240821120163683,0.5437641417977588,0.5339231269070636,0.7595872269060775,-0.06462962962962959,-0.05601851851851852,0.32679395752704854,0.42993082103826186,0.17847906182851891,0.7029121975652742,0.019682029781390442,0.00861111111111107,0.021118681092161876,0.3401271912882096,0.11586026510873221,0.11174561874055723,0.0,0.9999999987499999,0.608809650719663,0.29314905762211874,0.3007232743335697,0.4381315695782343,sad,04,22,22,female,normal,2601
100,3.336666666666667,True,1.0,0.23239172889032667,0.2596320753004945,0.24601190209541057,0.759715541670158,-0.07398148148148148,-0.06342592592592589,0.32542232341114313,0.41559979367031963,0.17847606953301587,0.32382107328563825,0.027240346410167815,0.010555555555555596,0.024224031377376352,0.3400697443387742,0.11616317983021117,0.11125958854551722,0.0,0.9999999987499999,0.6073501980557848,0.2932388789683032,0.29524464752044555,0.43058977003080406,sad,04,22,22,female,normal,2601
110,3.6703333333333332,True,1.0,0.5383486113518058,0.5109820152549471,0.5246653133033765,0.7678560804290173,-0.06634259259259251,-0.055416666666666725,0.3277033783727889,0.4264941662325498,0.17777820693070223,0.6832860045989803,0.027366596096858653,0.010925925925925783,0.01849820042715183,0.3337749143864192,0.11174633588827398,0.10995363836891461,0.0,0.9999999987499999,0.6149899034926471,0.29446398648069666,0.2818448670975554,0.41031504071416,sad,04,22,22,female,normal,2601
0,0.0,True,1.0,0.5198858025731666,0.5195776634804574,0.5197317330268121,0.6856456074525289,-0.06018518518518523,-0.05810185185185174,0.3306851508806429,0.43377579246996806,0.1673615669747278,0.7580180305651503,0.00030813909270921425,0.0020833333333334925,0.009978730330317057,0.37937584718004036,0.11381914510920861,0.11264616687840237,0.0,0.9999999987499999,0.6218032400069403,0.2901584552263014,0.2904945519039423,0.4445858582191541,sad,04,22,22,female,strong,2602
10,0.33366666666666667,True,1.0,0.5607919123774918,0.5462999942625354,0.5535459533200136,0.6718501888617188,-0.05856481481481479,-0.05564814814814806,0.3324033246398578,0.42690480750588466,0.16667811036558877,0.8239127747479806,0.014491918114956426,0.002916666666666734,0.009691791860696701,0.37500000000000044,0.11547685588376262,0.11094616920633021,0.0,0.9999999987499999,0.6188600771714936,0.28992769107019084,0.29162573990845564,0.4406142617254102,sad,04,22,22,female,strong,2602
20,0.6673333333333333,True,1.0,0.4237731526823606,0.4629394421257691,0.44335629740406485,0.9981972654854538,-0.06407407407407406,-0.060416666666666674,0.33942441694597525,0.4990986327427275,0.16945164844089422,0.44415699454801366,0.0391662894434085,0.003657407407407387,0.007009131082083379,0.26198630136986245,0.11556572823197166,0.11170961866350114,0.0,0.9999999987499999,0.6184405232092837,0.290999663232942,0.30208382410839796,0.4473921807934062,sad,04,22,22,female,strong,2602
30,1.0010000000000001,True,1.0,0.44427307584565284,0.43611803053131076,0.4401955531884818,0.9088578250096659,-0.07874999999999999,-0.07851851851851854,0.348164709828287,0.42101502187947826,0.19027777777777777,0.484339289463454,0.00815504531434208,0.00023148148148144365,0.006023836018733163,0.29779411764705893,0.1108620794543739,0.1157223400734072,0.0,0.9999999987499999,0.6157162902817377,0.29311767852338555,0.3070323520850365,0.45076897213339145,sad,04,22,22,female,strong,2602
40,1.3346666666666667,True,1.0,0.5060276798407021,0.5165759347078703,0.5113018072742862,0.8245941645573012,-0.07064814814814807,-0.06694444444444453,0.3290228092032978,0.4407106384403026,0.18402943608398534,0.6200647897487708,0.01054825486716826,0.0037037037037035425,0.007803536742427554,0.33017629939789217,0.11413917160064783,0.11282959742443342,0.0,0.9999999987499999,0.6122576073945203,0.2911275205026995,0.3005705353084811,0.4460241400591477,sad,04,22,22,female,strong,2602
50,1.6683333333333334,True,1.0,0.5332477651798878,0.5383536896148762,0.5358007273973819,1.0000305171124773,-0.0692592592592593,-0.06421296296296303,0.3348465417176152,0.4722222222222215,0.18126515292262457,0.5357843768052915,0.005105924434988363,0.005046296296296271,0.014655849993516119,0.26561689413936546,0.11643488264504634,0.11114676082831049,0.0,0.9999999987499999,0.607868547012555,0.29329569989628573,0.31275540907686933,0.4490193148129292,sad,04,22,22,female,strong,2602
60,2.0020000000000002,True,1.0,0.22593829409762128,0.19742623168955203,0.21168226289358666,0.9435015249109087,-0.0756944444444444,-0.06884259259259268,0.341685101111319,0.4170550218809096,0.18752603985846872,0.22435815661620157,0.02851206240806925,0.00685185185185172,0.020450436002713936,0.27717391304347816,0.11237383327034589,0.11508562893521937,0.0,0.9999999987499999,0.6033241534504427,0.29724129704423746,0.3001857203808701,0.43245393058059856,sad,04,22,22,female,strong,2602
70,2.3356666666666666,True,1.0,0.5060276798407022,0.5048618034181559,0.505444741629429,0.8298489628274016,-0.06675925925925918,-0.06277777777777788,0.3219204376727977,0.4440203687829092,0.18472387429425183,0.6090804041103023,0.0011658764225462859,0.003981481481481308,0.019822883088834925,0.32611423519198657,0.11249243826262037,0.11092130987436402,0.0,0.9999999987499999,0.6078228422775361,0.29631715190249414,0.2947891340757713,0.42648423942799574,sad,04,22,22,female,strong,2602
80,2.6693333333333333,True,1.0,0.5327588656837705,0.5089509991683309,0.5208549324260507,0.8751656494660973,-0.06745370370370368,-0.0628703703703703,0.34200253915464157,0.4170550218809083,0.18334373675797258,0.595150109860691,0.023807866515439646,0.004583333333333384,0.013875065251041374,0.3076053068405643,0.11521667874999014,0.10914131332323682,0.0,0.9999999987499999,0.6032638607708708,0.294401959135832,0.30448763044590016,0.43507240191684177,sad,04,22,22,female,strong,2602
90,3.003,True,1.0,0.5606852459435304,0.5574606379162853,0.5590729419299079,0.8406105273814445,-0.06879629629629624,-0.0643981481481481,0.3366689350441651,0.44784722418957734,0.180559358475242,0.6650796340505701,0.0032246080272451128,0.004398148148148151,0.015635870370370876,0.3135112611107489,0.11434793029826705,0.1102241539762238,0.0,0.9999999987499999,0.6029646803330707,0.2926562805256783,0.3000237074090121,0.43060885278296496,sad,04,22,22,female,strong,2602
100,3.336666666666667,True,1.0,0.2224044118693904,0.21724423002743065,0.21982432094841053,0.8207605333652175,-0.08194444444444449,-0.07083333333333341,0.3363058202288841,0.43072895702454483,0.17708505667053592,0.2678300332584271,0.005160181841959738,0.011111111111111072,0.018627234332276994,0.31905926694558595,0.1148178900150825,0.1104268138004919,0.0,0.9999999987499999,0.6044476246357918,0.2915921967403477,0.2929858883290927,0.41913013583714,sad,04,22,22,female,strong,2602
110,3.6703333333333332,True,1.0,0.5103451930090876,0.5211023795129814,0.5157237862610345,0.8206570386077454,-0.06810185185185175,-0.05787037037037035,0.33793018499476013,0.4376068376068369,0.17638932142096184,0.6284279083695744,0.01075718650389379,0.010231481481481397,0.021026548365323448,0.3191293404086893,0.11590428982683063,0.10876172502668499,0.0,0.9999999987499999,0.6042586816367173,0.29211116801424813,0.2984446473114401,0.4296183352126597,sad,04,22,22,female,strong,2602
0,0.0,True,1.0,0.5191097468539245,0.5179176265223095,0.518513686688117,0.6944214142222109,-0.0625,-0.05865740740740738,0.3312870238472252,0.4513453584496263,0.1666671244297099,0.7466844715163055,0.0011921203316149764,0.0038425925925926196,0.015566142939745963,0.39423266256510325,0.11573909770440276,0.11084458451410079,0.0,0.9999999987499999,0.6207875258697229,0.2887233211215349,0.29382056805883705,0.44608951171602723,sad,04,22,22,female,strong,2603
10,0.33366666666666667,True,1.0,0.23237139354439915,0.23160698347638983,0.2319891885103945,0.5833293870693536,-0.08023148148148146,-0.07717592592592598,0.33237205739446707,0.35413251201432155,0.1666671244297099,0.3976984421715971,0.0007644100680093135,0.003055555555555478,0.009073056371001469,0.4285329976079514,0.11580564756083758,0.110602932598085,0.0,0.9999999987499999,0.6215076132093462,0.2882227790591424,0.29307927072909046,0.434637071299847,sad,04,22,22,female,strong,2603
20,0.6673333333333333,True,1.0,0.41010305098292965,0.40929389396335675,0.40969847247314317,1.0137484508503931,-0.06976851851851851,-0.06550925925925916,0.3514434492110571,0.500238054846635,0.16805600953544336,0.40414214406884025,0.0008091570195729036,0.0042592592592593514,0.015916356634795632,0.2705751508233436,0.1140525903551031,0.11308571585014794,0.0,0.9999999987499999,0.6189679933848539,0.2912640230087757,0.31128839445779827,0.45730166640749964,sad,04,22,22,female,strong,2603
30,1.0010000000000001,True,1.0,0.4784535594800842,0.48456073503317615,0.4815071472566302,0.8572998662895482,-0.06490740740740741,-0.06138888888888888,0.3729795265849408,0.32148744985858146,0.18125168372062772,0.5616554559148896,0.006107175553091926,0.003518518518518532,0.010817449928763417,0.32261029411764697,0.11308069099299026,0.11455759103155039,0.0,0.9999999987499999,0.6099219409091762,0.2943550914424363,0.31410598466547185,0.45367140509059334,sad,04,22,22,female,strong,2603
40,1.3346666666666667,True,1.0,0.497825087070648,0.512113792431397,0.5049694397510225,0.7964846220024713,-0.059027777777777735,-0.057222222222222285,0.330596436305806,0.39822222222222214,0.17570139218256636,0.6339977267627092,0.014288705360748999,0.0018055555555554492,0.01642626629888542,0.3515447659190731,0.1168252931305609,0.11021897922681474,0.0,0.9999999987499999,0.6053817678790265,0.29673165140519525,0.3098360174902555,0.4386525460606112,sad,04,22,22,female,strong,2603
50,1.6683333333333334,True,1.0,0.22215397570743947,0.22413560018974404,0.22314478794859177,0.9350412647900707,-0.07916666666666666,-0.07212962962962965,0.34424455424103667,0.4200770445261279,0.18265392658968602,0.23864699489887303,0.0019816244823045726,0.007037037037037008,0.010367202344706906,0.2938261253610449,0.11612619461544434,0.11181055029930398,0.0,0.9999999987499999,0.6059894592133729,0.2946344255019997,0.30915459315732186,0.43461333966732224,sad,04,22,22,female,strong,2603
60,2.0020000000000002,True,1.0,0.4781650248274584,0.44988989390184125,0.46402745936464984,0.775202262508245,-0.05995370370370362,-0.054861111111111194,0.3504885831744911,0.380918353129052,0.17708505667053603,0.5985888868064475,0.02827513092561712,0.0050925925925924265,0.01968827070524698,0.3491379310344827,0.11453541969677457,0.1127657486947045,0.0,0.9999999987499999,0.6026605273750125,0.29725483345362386,0.3091065258366868,0.43687642736211574,sad,04,22,22,female,strong,2603
70,2.3356666666666666,True,1.0,0.5054612588378978,0.49706316142929985,0.5012622101335988,0.8557720144535121,-0.06078703703703703,-0.05879629629629629,0.30662874101541576,0.42022398698573804,0.18263930661951858,0.585742699769985,0.008398097408597982,0.0019907407407407374,0.01728160328373615,0.3233902982799823,0.11738823384980114,0.11031224247776752,0.0,0.9999999987499999,0.5977373058911064,0.29864415815700107,0.3084394055720484,0.4344022418645721,sad,04,22,22,female,strong,2603
80,2.6693333333333333,True,1.0,0.4978250870706486,0.5107458080961647,0.5042854475834067,0.8006048219445349,-0.06208333333333327,-0.057731481481481495,0.34372899913245675,0.38673283771896977,0.17641008171331204,0.6298806024657482,0.012920721025516058,0.0043518518518517735,0.0141520417953889,0.3341166180605722,0.116928901285337,0.11079900870900043,0.0,0.9999999987499999,0.6007339931832107,0.2960980389648843,0.31156307081504364,0.4370646799076255,sad,04,22,22,female,strong,2603
90,3.003,True,1.0,0.5174461791015855,0.5107458080961652,0.5140959935988754,0.8078233138821735,-0.06444444444444436,-0.06050925925925926,0.3446797099503089,0.417357038356628,0.1770988427644488,0.6363965792572555,0.006700371005420314,0.003935185185185097,0.012851358563440688,0.328110581394774,0.1165490059566655,0.11171136620723997,0.0,0.9999999987499999,0.5998994456767083,0.29539682934433525,0.308310172487352,0.4368326078600864,sad,04,22,22,female,strong,2603
100,3.336666666666667,True,1.0,0.5116029517764413,0.5189915904972131,0.5152972711368272,0.8275506224013525,-0.06305555555555548,-0.05902777777777796,0.3392730057262659,0.4341064604645775,0.17153889718267504,0.6226776431411032,0.0073886387207717785,0.004027777777777519,0.015176922910041192,0.3042903416663146,0.11462757493637368,0.10783359855400117,0.0,0.9999999987499999,0.6097797271955657,0.29464960121434064,0.2946362521199085,0.414633723179981,sad,04,22,22,female,strong,2603
0,0.0,True,1.0,0.5784337115448603,0.5685677011308595,0.5735007063378599,0.6716989571107815,-0.062361111111111145,-0.05865740740740727,0.33129105715053714,0.43377579246996695,0.16945570055431014,0.8538061586468623,0.009866010414000814,0.0037037037037038756,0.013832181735148111,0.38725292102794884,0.11289702073865486,0.11255929872238943,0.0,0.9999999987499999,0.6169580866565376,0.2903703849290502,0.29037006440945823,0.4449770337166458,sad,04,22,22,female,strong,2604
10,0.33366666666666667,True,1.0,0.57435020137943,0.5776755616340217,0.5760128815067258,0.6734006734006741,-0.06328703703703703,-0.06162037037037038,0.34803999609218894,0.3097643097643097,0.1708337799314538,0.8553791290374869,0.003325360254591625,0.0016666666666666496,0.01166595200414942,0.360555127546398,0.11503192188668046,0.11123627872999754,0.0,0.9999999987499999,0.6115150681678921,0.29218521517130525,0.3014086428805928,0.4475137516792485,sad,04,22,22,female,strong,2604
20,0.6673333333333333,True,1.0,0.5740156319325664,0.5741442713760996,0.574079951654333,0.8749504910914319,-0.06537037037037025,-0.06513888888888897,0.33758151351868104,0.4513453584496263,0.18333374948165368,0.6561284981258922,0.0001286394435331406,0.00023148148148127712,0.012450579135120245,0.29463111347091264,0.11243895124307629,0.11352148301621826,0.0,0.9999999987499999,0.6103311937665691,0.29524889649380603,0.29915872056988885,0.44370548400042903,sad,04,22,22,female,strong,2604
30,1.0010000000000001,True,1.0,0.3055555555555542,0.3237456752790064,0.3146506154172803,0.8533333333333337,-0.07194444444444442,-0.06879629629629624,0.3297246303812215,0.4266666666666674,0.18958373576250787,0.36873118994212517,0.01819011972345219,0.0031481481481481777,0.007919586225022375,0.32812499999999983,0.1124646791981416,0.11332800557775854,0.0,0.9999999987499999,0.6093563277342188,0.2963857628554451,0.2902907555814357,0.43340711461481196,sad,04,22,22,female,strong,2604
40,1.3346666666666667,True,1.0,0.5303907147231145,0.5417765082306125,0.5360836114768635,0.8182607086411886,-0.07245370370370374,-0.06569444444444439,0.33235531264766,0.3879684394419429,0.1986126476545556,0.655150132244635,0.011385793507498021,0.006759259259259354,0.010055682831286075,0.33943965517241476,0.11385604513291364,0.11193007595107547,0.0,0.9999999987499999,0.6007998013580432,0.3009611673750381,0.3065266495639956,0.44170910564645344,sad,04,22,22,female,strong,2604
50,1.6683333333333334,True,1.0,0.37525305684545524,0.3666970630913415,0.37097505996839836,0.737532964514931,-0.0672685185185184,-0.06050925925925932,0.3898784434118336,0.22971361602617957,0.19305911224772535,0.5029945477927016,0.008555993754113755,0.006759259259259076,0.010490793418725336,0.3599892882787179,0.11132279940610756,0.11494819307149136,0.0,0.9999999987499999,0.6090554551586259,0.2895373866026327,0.3065648901765725,0.44071957846400706,sad,04,22,22,female,strong,2604
60,2.0020000000000002,True,1.0,0.576277872300458,0.5743589743589734,0.5753184233297157,0.9025641025641021,-0.06375000000000003,-0.05935185185185188,0.3418024145752134,0.4102564102564097,0.18889050451846834,0.6374266622119013,0.0019188979414845875,0.004398148148148151,0.0149331980022646,0.28977272727272774,0.11104610563984367,0.11405212644907918,0.0,0.9999999987499999,0.6119186902886155,0.29540931812820825,0.30037664371886513,0.43998767556354734,sad,04,22,22,female,strong,2604
70,2.3356666666666666,True,1.0,0.553165939784621,0.5741442713761007,0.5636551055803609,0.7509192402952787,-0.06847222222222227,-0.061342592592592726,0.3238147576340223,0.4115374295542444,0.1909722222222222,0.7506201404011419,0.02097833159147966,0.007129629629629541,0.012416149341971019,0.35746786528684715,0.11515181888936676,0.11076869354591286,0.0,0.9999999987499999,0.6051066298863296,0.2947500132610887,0.30349000369247103,0.43736892746726475,sad,04,22,22,female,strong,2604
80,2.6693333333333333,True,1.0,0.5531677334592767,0.5521885521885518,0.5526781428239143,0.8679220478559878,-0.06902777777777774,-0.061712962962963025,0.3388765171317352,0.41327974038911436,0.18889050451846834,0.6367831583368404,0.000979181270724938,0.0073148148148147185,0.024398340615126916,0.31289039306618155,0.1134751748116246,0.11299266085631479,0.0,0.9999999987499999,0.6104462677102093,0.29394656386938595,0.3035612167193483,0.44066557743618195,sad,04,22,22,female,strong,2604
90,3.003,True,1.0,0.548598132605455,0.5469121792424348,0.5477551559239449,0.7598961021846434,-0.06907407407407418,-0.06134259259259267,0.3440314503875804,0.3731632644656726,0.18472222222222223,0.7208290111624346,0.0016859533630201318,0.007731481481481506,0.02158890264432688,0.33147321428571447,0.1123946338499771,0.11373299913575266,0.0,0.9999999987499999,0.6121879108831032,0.29189267442147493,0.29812110011782905,0.44337658823873116,sad,04,22,22,female,strong,2604
100,3.336666666666667,True,1.0,0.5520616520827877,0.5590163081715892,0.5555389801271884,0.7856081010091394,-0.06759259259259254,-0.059537037037037055,0.33980231972431457,0.42028739500868034,0.1812605229973301,0.7071451776191976,0.006954656088801525,0.008055555555555483,0.02847101941696562,0.3260666119533825,0.11485364098676451,0.11142034783026777,0.0,0.9999999987499999,0.6115526960549844,0.2924466272794003,0.3024764319800756,0.4429376369092353,sad,04,22,22,female,strong,2604
110,3.6703333333333332,True,1.0,0.5752071746683741,0.5862653349395988,0.5807362548039865,0.7854933767867472,-0.06342592592592589,-0.05537037037037029,0.33787919649208015,0.40650748041823337,0.17848290899188046,0.739326736502388,0.011058160271224637,0.008055555555555594,0.03014843767088375,0.315774098112369,0.11393631977587777,0.11167789398293192,0.0,0.9999999987499999,0.6105416890271734,0.2935454423284112,0.29801531718003654,0.4394856385345322,sad,04,22,22,female,strong,2604
0,0.0,True,1.0,0.4987021290224985,0.48217616130760427,0.4904391451650514,0.6807349005468508,-0.06518518518518518,-0.0616666666666667,0.3293993776352052,0.45833333333333404,0.16389075096782327,0.7204554148333951,0.01652596771489423,0.0035185185185184764,0.0134495899978902,0.367250158320323,0.11777803179350879,0.10954869062895699,0.0,0.9999999987499999,0.6184267048147384,0.2882646108538701,0.29610726382197355,0.44433918970101904,sad,04,22,22,female,strong,2605
10,0.33366666666666667,True,1.0,0.519110377667745,0.5168022671949579,0.5179563224313515,0.6163758227737672,-0.06944444444444436,-0.0666666666666666,0.3285941221419882,0.4199475065616807,0.17014606348251404,0.8403255015754578,0.002308110472787117,0.002777777777777768,0.014033362895777609,0.3966663408957931,0.11438931642446631,0.11291395277653964,0.0,0.9999999987499999,0.6180190461653411,0.28735776422929343,0.29085320764808803,0.441829929428047,sad,04,22,22,female,strong,2605
20,0.6673333333333333,True,1.0,0.5251685549256562,0.5224474131752904,0.5238079840504732,0.9027777777777781,-0.07638888888888878,-0.07421296296296287,0.3311814774344447,0.4861111111111117,0.18472263524161484,0.580218074640524,0.002721141750365752,0.0021759259259259145,0.01573833400015424,0.29423076923076846,0.11456245066357697,0.11290715340239864,0.0,0.9999999987499999,0.6139715233749748,0.2891320236037047,0.3046904941272691,0.44649519868093596,sad,04,22,22,female,strong,2605
30,1.0010000000000001,True,1.0,0.5371830638633805,0.5599496538597478,0.5485663588615641,0.9176431617877999,-0.0672685185185185,-0.06662037037037039,0.319337924504357,0.4661044631303116,0.19028419304371916,0.5977992118339538,0.02276658999636727,0.0006481481481481199,0.010654005755494474,0.3035714285714284,0.1156925191685971,0.11191928049795281,0.0,0.9999999987499999,0.6109302060902485,0.293272356254554,0.30499577837401964,0.4414599723122089,sad,04,22,22,female,strong,2605
40,1.3346666666666667,True,1.0,0.5375007816249381,0.5386316851952231,0.5380662334100805,0.8194816853884627,-0.05939814814814809,-0.05865740740740738,0.33844097940761897,0.4027777777777787,0.1875004069006001,0.6565933601737768,0.0011309035702850023,0.0007407407407407085,0.010121667686557735,0.33367127646102385,0.11295931636670473,0.11384356568151277,0.0,0.9999999987499999,0.6087775192967813,0.2951759854841887,0.29342017569139056,0.4314721104454614,sad,04,22,22,female,strong,2605
50,1.6683333333333334,True,1.0,0.5428232095303185,0.5468040679772377,0.5448136387537781,0.7579109636463701,-0.06745370370370363,-0.06032407407407403,0.35951390592234184,0.31361832978470466,0.19170646807078162,0.7188359383701698,0.0039808584469192,0.007129629629629597,0.019855669745050274,0.3398772494064441,0.11306352107090821,0.11306807247798617,0.0,0.9999999987499999,0.6146788665075404,0.2939859784324906,0.3056194439427455,0.4447488360515698,sad,04,22,22,female,strong,2605
60,2.0020000000000002,True,1.0,0.5628923994221527,0.5692248784272416,0.5660586389246971,0.677248677248677,-0.06305555555555559,-0.05944444444444441,0.33309764435849376,0.3245149911816578,0.18890867939912034,0.8358209590372484,0.00633247900508882,0.003611111111111176,0.01704803798472515,0.37557825786083265,0.11466199686131136,0.11229824141279822,0.0,0.9999999987499999,0.6141598730742297,0.2932938958577398,0.30040013428853996,0.44009407620049473,sad,04,22,22,female,strong,2605
70,2.3356666666666666,True,1.0,0.5366101604683892,0.5453920278924632,0.5410010941804262,0.756441863283506,-0.06916666666666665,-0.06115740740740744,0.3264018196913358,0.4350904004891107,0.19100457921116565,0.7151919009771475,0.008781867424074052,0.008009259259259216,0.03522924895469794,0.34413292285599445,0.10964633822038139,0.11204787677388879,0.0,0.9999999987499999,0.6148584917169992,0.29277633331853603,0.2865372064108623,0.42472473532439853,sad,04,22,22,female,strong,2605
80,2.6693333333333333,True,1.0,0.5352961634139325,0.5575681481430399,0.5464321557784861,1.0101597711491304,-0.07129629629629625,-0.06486111111111109,0.3166696254209251,0.49761109354296357,0.19029742384669845,0.5409363660927416,0.022271984729107408,0.006435185185185155,0.03264852748781825,0.2704978590514752,0.11501795698611575,0.11210371121118634,0.0,0.9999999987499999,0.6109703073885805,0.2915321742343884,0.30426605067723944,0.4413223769954546,sad,04,22,22,female,strong,2605
90,3.003,True,1.0,0.5515447847003954,0.5491119285118943,0.5503283566061448,0.8070525762606323,-0.07203703703703701,-0.06430555555555556,0.34087414686973005,0.4034553744723696,0.18819606603570546,0.6818990147531848,0.002432856188501087,0.00773148148148145,0.03073906255203655,0.31912934040868807,0.11663683665343913,0.11076293932185394,0.0,0.9999999987499999,0.6132036878110619,0.29009094573422045,0.30911751424766504,0.44573321433691293,sad,04,22,22,female,strong,2605
100,3.336666666666667,True,1.0,0.551074696620042,0.5639198214659621,0.5574972590430021,0.8001612225279973,-0.06925925925925924,-0.061990740740740846,0.338740902766118,0.40000790026277416,0.1854203698863569,0.6967311628544902,0.012845124845920042,0.0072685185185183965,0.023974554979154905,0.3240936306054981,0.1142281408930062,0.11307700151716897,0.0,0.9999999987499999,0.6109219685452306,0.29025037242806306,0.30376840879013783,0.4451107240047906,sad,04,22,22,female,strong,2605
110,3.6703333333333332,True,1.0,0.449245267530492,0.4542395936316857,0.45174243058108887,0.8338057767961836,-0.07347222222222222,-0.06564814814814823,0.33790069012296065,0.430407173200347,0.18472222222222223,0.5417837620613095,0.0049943261011937135,0.007824074074073983,0.02268377944030305,0.3138328202552165,0.1152472219107874,0.11220810235126903,0.0,0.9999999987499999,0.6130967825802196,0.29006410397238275,0.3026882068360993,0.44114492889220147,sad,04,22,22,female,strong,2605
0,0.0,True,1.0,0.2773500981126139,0.28084957515990605,0.27909983663626,0.6738141353797752,-0.0700925925925926,-0.06583333333333335,0.3187156279782216,0.4515664964947184,0.16875723364125764,0.41420893682937315,0.0034994770472921433,0.00425925925925924,0.0017242823050753276,0.4074415858933546,0.11456295236761227,0.11188961815518605,0.0,0.9999999987499999,0.6217984257531137,0.28773110718745126,0.2915916955388716,0.4426656393706454,angry,05,22,22,female,normal,2606
10,0.33366666666666667,True,1.0,0.47887986924043136,0.49212366117951406,0.4855017652099727,0.794650915311323,-0.061435185185185204,-0.05967592592592591,0.31866430947307983,0.49121305858620024,0.16527823938755865,0.6109623179881017,0.013243791939082705,0.0017592592592592937,0.005958319238777836,0.3379717161542596,0.11716964644949233,0.10933130660979479,0.0,0.9999999987499999,0.6152501440967013,0.28728659994326144,0.29580173764408024,0.44196846034231685,angry,05,22,22,female,normal,2606
20,0.6673333333333333,True,1.0,0.47702939284949525,0.4982728791224404,0.4876511359859678,1.6132872426929667,-0.06768518518518513,-0.06828703703703698,0.3083212860465016,0.8290391441193203,0.1722860019949691,0.30227173629164766,0.021243486272945145,0.0006018518518518534,0.0027572490119307357,0.187725938292943,0.11420571615019605,0.11242381888332824,0.0,0.9999999987499999,0.615380433157638,0.2893160129806412,0.30791968167426065,0.4521995342397647,angry,05,22,22,female,normal,2606
30,1.0010000000000001,True,1.0,0.38291726049189345,0.41522739926870067,0.39907232988029706,1.1268027173007011,-0.06430555555555562,-0.06125000000000003,0.3482347147717298,0.4971188458679566,0.1757469798983971,0.35416344294615304,0.03231013877680722,0.003055555555555589,0.002033988351260179,0.2580882352941175,0.11296428056289082,0.11400587645123118,0.0,0.9999999987499999,0.6186262488667342,0.2884423231653992,0.3039301933082757,0.45747650226638825,angry,05,22,22,female,normal,2606
40,1.3346666666666667,True,1.0,0.3280824407863431,0.33741742042638123,0.33274993060636215,1.1382969522606283,-0.06282407407407398,-0.05847222222222215,0.2976061807906974,0.5691315804541819,0.18063835658170116,0.2923226052266321,0.009334979640038155,0.004351851851851829,0.003292571419697617,0.27003144207224566,0.11665121075283161,0.11040320433087052,0.0,0.9999999987499999,0.615052002433786,0.289096396764599,0.3089575572656314,0.44740271895751776,angry,05,22,22,female,normal,2606
50,1.6683333333333334,True,1.0,0.42393162393162354,0.4429092258866123,0.4334204249091179,1.2027892384122998,-0.060416666666666674,-0.05467592592592596,0.34548589860393913,0.42758324136807824,0.18339324896887868,0.36034611141120576,0.018977601954988765,0.005740740740740713,0.012334752073197829,0.23849545122974258,0.11625002626482545,0.1113400904100373,0.0,0.9999999987499999,0.6110066063769258,0.292177352508849,0.31473794576912295,0.448607844421898,angry,05,22,22,female,normal,2606
60,2.0020000000000002,True,1.0,0.4924278552858781,0.5219620565893502,0.5071949559376142,1.1625891245060442,-0.05814814814814817,-0.05416666666666653,0.34467903279566336,0.4676691702463363,0.18214728491871637,0.4362632896235882,0.02953420130347212,0.003981481481481641,0.011222508866689072,0.2392041399071808,0.11297132130676177,0.11349641962702976,0.0,0.9999999987499999,0.607220399073692,0.29293838450251375,0.30439208476086144,0.44232141141377107,angry,05,22,22,female,normal,2606
70,2.3356666666666666,True,1.0,0.5246039410620273,0.5367421719506097,0.5306730565063185,1.2533310179353772,-0.05717592592592591,-0.05231481481481487,0.28370664601210777,0.6347362791771634,0.18702148160187476,0.4234101357999587,0.012138230888582346,0.004861111111111038,0.013718096732773128,0.23410172144762004,0.1175810670539881,0.1090635469447138,0.0,0.9999999987499999,0.6074714566998675,0.29193326133530934,0.30833916546100826,0.43650534282253917,angry,05,22,22,female,normal,2606
80,2.6693333333333333,True,1.0,0.43787718678961707,0.4584625488948148,0.4481698678422159,0.9200347630662059,-0.053333333333333344,-0.05032407407407408,0.3253798395600762,0.4174917121864157,0.18777486363744886,0.48712275430614954,0.020585362105197735,0.003009259259259267,0.007695903619383377,0.28718673070425393,0.10100497093482898,0.11386481441084191,0.0,0.9999999987499999,0.6496400380152061,0.3150615813873853,0.2796723716821778,0.44578997139041676,angry,05,22,22,female,normal,2606
90,3.003,True,1.0,0.5117054246560854,0.5361766789119313,0.5239410517840084,0.7703148741456425,-0.05476851851851855,-0.051805555555555605,0.3159178269623969,0.39966917121247847,0.18361443441400135,0.6801647863350845,0.024471254255845953,0.002962962962962945,0.005787116295671873,0.34169340306179086,0.11584260625785164,0.11021905183288425,0.0,0.9999999987499999,0.6062229201602516,0.2929124330970634,0.29277422341030734,0.42555715285562457,angry,05,22,22,female,normal,2606
100,3.336666666666667,True,1.0,0.4854398505373258,0.5304932390543359,0.5079665447958308,0.7383617238011847,-0.055925925925925934,-0.05175925925925934,0.3241893582891197,0.3975793897390999,0.185673659169572,0.687964351917853,0.04505338851701007,0.004166666666666596,0.004272137401312508,0.36829088357714623,0.11306458307013018,0.10736255677690715,0.0,0.9999999987499999,0.6236363719081383,0.29263557330688855,0.27005717446426303,0.3851227757332935,angry,05,22,22,female,normal,2606
110,3.6703333333333332,True,1.0,0.2485106547911033,0.2316999908126112,0.24010532280185726,0.7355143773165561,-0.07129629629629625,-0.06648148148148147,0.3266930114027879,0.409367023003117,0.185673659169572,0.3264454512471331,0.016810663978492096,0.004814814814814772,0.006980667494425244,0.3719201948718915,0.11822734282146272,0.10871369695691314,0.0,0.9999999987499999,0.6032104958545919,0.29202025212694677,0.2976022759121659,0.4241010372877069,angry,05,22,22,female,normal,2606
0,0.0,True,1.0,0.5528193928277936,0.5606837606837604,0.5567515767557769,0.6386425465281254,-0.060092592592592586,-0.05773148148148144,0.3317024667220655,0.4165060086052988,0.17222222222222222,0.8717733883883322,0.00786436785596678,0.002361111111111147,0.001871397557076011,0.4285408796863863,0.11743235158968421,0.10869910560331165,0.0,0.9999999987499999,0.6126780261870374,0.287718655586367,0.2970095441241742,0.4447945915175525,angry,05,22,22,female,normal,2607
10,0.33366666666666667,True,1.0,0.4514092789118181,0.45774642916533437,0.4545778540385762,0.6856456074525284,-0.06152777777777779,-0.059027777777777735,0.3282073947950052,0.4197830249709355,0.17222620914999004,0.6629924396767166,0.006337150253516277,0.0025000000000000577,0.00540670157413848,0.3793758471800412,0.11778502029147309,0.10901815236007822,0.0,0.9999999987499999,0.6125312376903886,0.2862029198722266,0.2984318024076583,0.4416004409045977,angry,05,22,22,female,normal,2607
20,0.6673333333333333,True,1.0,0.4985469572304547,0.5180310866901581,0.5082890219603065,1.2716992289978208,-0.06624999999999998,-0.06060185185185185,0.33327794669582095,0.608490113891818,0.17222399420151366,0.3996927971410899,0.019484129459703348,0.005648148148148124,0.00798892103714641,0.23008588849276623,0.11357399927965879,0.11339847986726816,0.0,0.9999999987499999,0.6139727640118546,0.2869974804213194,0.3088603868037368,0.45788248103929513,angry,05,22,22,female,normal,2607
30,1.0010000000000001,True,1.0,0.18029602059428212,0.18276776939762254,0.18153189499595235,0.9471321753533859,-0.06305555555555548,-0.05999999999999994,0.39470705474788076,0.28062498912848416,0.178533769246012,0.19166479581186302,0.002471748803340418,0.0030555555555555336,0.0012167048501474638,0.2849828819197332,0.11441081661653305,0.11339732504467066,0.0,0.9999999987499999,0.6141584108721614,0.2916563980017236,0.32353380974945817,0.46934696527703734,angry,05,22,22,female,normal,2607
40,1.3346666666666667,True,1.0,0.4787597062622459,0.4639489530862748,0.4713543296742604,1.0546304415853032,-0.05708333333333332,-0.05185185185185193,0.3072969019407046,0.5649076431885656,0.17434100583818915,0.4469379140675366,0.014810753175971081,0.005231481481481393,0.005935434535198543,0.2812136848886975,0.11683342362677879,0.1107277538055435,0.0,0.9999999987499999,0.6086790569430898,0.28724255867196585,0.3053244045543552,0.44200401831188174,angry,05,22,22,female,normal,2607
50,1.6683333333333334,True,1.0,0.506216910418615,0.5189960753324016,0.5126064928755083,1.0745582133872924,-0.056805555555555665,-0.055277777777777704,0.34802321747617726,0.4576711664647083,0.17925010926358437,0.47703929530224026,0.0127791649137865,0.001527777777777961,0.0008872959018816953,0.2502986106711131,0.1145524631832293,0.11375778350346803,0.0,0.9999999987499999,0.6107762834039866,0.2886283907721105,0.30104238398731664,0.44101739117437094,angry,05,22,22,female,normal,2607
60,2.0020000000000002,True,1.0,0.2288903338951419,0.20635255691203144,0.2176214454035867,0.9426754519191066,-0.0685648148148148,-0.06305555555555548,0.3428845809080686,0.3838035768527789,0.177949356356956,0.2308551102720996,0.022537776983110464,0.005509259259259325,0.012275272226785044,0.2892857142857144,0.11551368353677877,0.11142197927111393,0.0,0.9999999987499999,0.6097405504154787,0.2879371929568855,0.304929108466474,0.4382944437028766,angry,05,22,22,female,normal,2607
70,2.3356666666666666,True,1.0,0.5247102998683827,0.5418921284609096,0.5333012141646462,1.1150059060936557,-0.05921296296296291,-0.05513888888888879,0.28719427491514277,0.5413434471614119,0.1841620521996583,0.4782945195627073,0.017181828592526927,0.004074074074074119,0.005663698986406832,0.24456521739130438,0.11649909113283732,0.1091764749459377,0.0,0.9999999987499999,0.6110005643898183,0.28873203555905425,0.30399482263286476,0.439156269111899,angry,05,22,22,female,normal,2607
80,2.6693333333333333,True,1.0,0.5177771024138714,0.5280090182383724,0.5228930603261219,0.9737737516257979,-0.05583333333333318,-0.05379629629629623,0.31677905262323036,0.47233629325110904,0.181386330732397,0.5369759242874513,0.010231915824501003,0.0020370370370369484,0.0004154771924134858,0.2686472488114509,0.11564941069755301,0.11059415248607532,0.0,0.9999999987499999,0.6096687217543268,0.28838027758319423,0.3010486448125212,0.4394591325380051,angry,05,22,22,female,normal,2607
90,3.003,True,1.0,0.5360223739750253,0.5746588751172411,0.5553406245461332,0.7305074159952138,-0.05736111111111114,-0.052361111111111025,0.32065554175357336,0.40822473246791346,0.18140189284711347,0.7602121653885738,0.03863650114221584,0.0050000000000001155,0.004209777459898882,0.375,0.11816083918210309,0.10878597603001519,0.0,0.9999999987499999,0.6106417173353716,0.28590542036163585,0.3015127990162853,0.4370659517850748,angry,05,22,22,female,normal,2607
100,3.336666666666667,True,1.0,0.5566309973426767,0.5744671260527054,0.565549061697691,0.7653152198728059,-0.055185185185185115,-0.05138888888888882,0.3197261767967604,0.4115374295542446,0.18004807843986864,0.7389753228632828,0.01783612871002871,0.0037962962962962976,0.004161705191472934,0.3714622641509436,0.11758601843641675,0.10940704166117825,0.0,0.9999999987499999,0.6094230203643958,0.2867576133676592,0.3015439871901484,0.43500417793075197,angry,05,22,22,female,normal,2607
110,3.6703333333333332,True,1.0,0.2573075629038302,0.2303348459727105,0.24382120443827038,0.7428539881139328,-0.06972222222222219,-0.06527777777777782,0.31210133008863383,0.422407169711844,0.1792756451513826,0.32822224601273203,0.026972716931119717,0.004444444444444362,0.004070104642284829,0.38602941176470607,0.11583663315790861,0.11039803973578644,0.0,0.9999999987499999,0.612799717652686,0.28606211548935195,0.2987572269630379,0.43545037442246703,angry,05,22,22,female,normal,2607
0,0.0,True,1.0,0.5137001780182822,0.5053475873163743,0.5095238826673283,0.6629229320072584,-0.06199074074074068,-0.06078703703703703,0.3280833781672795,0.40900826267880414,0.16876130242820955,0.7686019868471672,0.008352590701907858,0.0012037037037036513,0.00612990230115655,0.3835418172895448,0.11632236421680894,0.1104050369506095,0.0,0.9999999987499999,0.6167297907991321,0.2900036523796429,0.2980137821684188,0.44922507761156055,angry,05,22,22,female,normal,2608
10,0.33366666666666667,True,1.0,0.2214169362632277,0.2426715779698151,0.23204425711652138,0.8267948754269125,-0.07481481481481494,-0.07078703703703704,0.33596939946482846,0.43406730959912904,0.16736293455812778,0.28065517096572007,0.02125464170658739,0.004027777777777908,0.0019862572650273186,0.31875000000000014,0.11292340853426482,0.11354409060263611,0.0,0.9999999987499999,0.6187562639899711,0.2912136752677419,0.29448421830917576,0.44030402143462255,angry,05,22,22,female,normal,2608
20,0.6673333333333333,True,1.0,0.47603954736319287,0.49206707145513934,0.48405330940916613,1.5606311340459478,-0.08356481481481481,-0.07787037037037042,0.2979560814310894,0.8652870114808467,0.17928968833938855,0.310165098497205,0.016027524091946466,0.005694444444444391,0.00435179789558309,0.20049194018179337,0.10934970688908448,0.11534972402897418,0.0,0.9999999987499999,0.6155365004048495,0.2980244962032949,0.29164483825468446,0.43443122083311836,angry,05,22,22,female,normal,2608
30,1.0010000000000001,True,1.0,0.40977897581909856,0.4257541548477084,0.4177665653334035,1.0725436179981631,-0.07499999999999996,-0.06597222222222221,0.3175818446070354,0.5730027548209357,0.17855598934648143,0.3895100938767779,0.015975179028609843,0.009027777777777746,0.01536113264482829,0.2623441910412557,0.1139361271125617,0.11116512071945948,0.0,0.9999999987499999,0.6123790579903836,0.2898948555212295,0.30564864991169866,0.44993660797306334,angry,05,22,22,female,normal,2608
40,1.3346666666666667,True,1.0,0.41750841750841655,0.45078177860605634,0.43414509805723644,0.9513842098786804,-0.06393518518518515,-0.05870370370370365,0.32848574824261734,0.5111735010931281,0.1793543579180893,0.45632993857717924,0.033273361097639786,0.005231481481481504,0.007225064269677347,0.31901860796359816,0.11241363456252214,0.11270448034624053,0.0,0.9999999987499999,0.6181865410929996,0.29124331994656066,0.30428357563840147,0.44941202816051656,angry,05,22,22,female,normal,2608
50,1.6683333333333334,True,1.0,0.3050851079238758,0.3233583612419487,0.31422173458291225,0.866561314702438,-0.06407407407407406,-0.05907407407407411,0.35425912224456474,0.3938342970488745,0.17871828314399812,0.36260761847049505,0.018273253318072946,0.004999999999999949,0.0038549061052662783,0.31529510831149493,0.11090200097289396,0.11435897539434892,0.0,0.9999999987499999,0.6166630556285014,0.29119173024892664,0.305029853713164,0.4543028289651043,angry,05,22,22,female,normal,2608
60,2.0020000000000002,True,1.0,0.5521885521885517,0.5865591243776355,0.5693738382830935,0.6302931912661489,-0.08273148148148152,-0.08324074074074078,0.32763616871512546,0.3079590087038648,0.20862024514420405,0.9033475946952892,0.03437057218908379,0.0005092592592592649,0.004523535916834594,0.3962744373486177,0.11217385341951838,0.1124359368350911,0.0,0.9999999987499999,0.6150933033056973,0.2936144504891113,0.30683310530175345,0.4401850156862114,angry,05,22,22,female,normal,2608
70,2.3356666666666666,True,1.0,0.46418156650049175,0.4865619099271237,0.47537173821380774,0.9449908882376669,-0.06101851851851853,-0.05749999999999994,0.32215461052734934,0.5014031420665618,0.18640971608603982,0.503043726802846,0.022380343426631977,0.0035185185185185874,0.002544914892831436,0.3031729317932953,0.11187350536936312,0.11273478646531755,0.0,0.9999999987499999,0.6113480932529263,0.29337507660457685,0.3000540580200399,0.44140671930330533,angry,05,22,22,female,normal,2608
80,2.6693333333333333,True,1.0,0.5470085470085462,0.5365285970091923,0.5417685720088692,1.1278678569756029,-0.05898148148148147,-0.05773148148148144,0.30000206996838136,0.5168763430409908,0.1821661325777603,0.4803475590319871,0.010479949999353866,0.0012500000000000289,0.0012473848040127416,0.24255581375556023,0.11222521838626659,0.11289209663949719,0.0,0.9999999987499999,0.604613337436537,0.2972446436034189,0.2947494533429104,0.432255382723583,angry,05,22,22,female,normal,2608
90,3.003,True,1.0,0.5254711548711843,0.5502745440524237,0.537872849461804,0.8086640953761748,-0.057638888888888906,-0.053611111111111165,0.3287836436637234,0.41849875967229805,0.181492294946645,0.6651375429393783,0.024803389181239366,0.004027777777777741,0.004099668664668328,0.32752674015350763,0.11547586611337231,0.10991204377419993,0.0,0.9999999987499999,0.6055499311287014,0.2954630898093901,0.29796293129330015,0.4337882383430807,angry,05,22,22,female,normal,2608
100,3.336666666666667,True,1.0,0.543960329313039,0.5781156257242523,0.5610379775186456,0.7652604909084371,-0.057222222222222174,-0.05365740740740749,0.3291008372884706,0.4109509316887905,0.1828409589605961,0.7331333371890663,0.0341552964112134,0.0035648148148146874,0.0013821901529456953,0.34572074793799257,0.1145726012887052,0.11085329068245851,0.0,0.9999999987499999,0.6060164995060524,0.29540126969611374,0.2951451124685123,0.4328587532694561,angry,05,22,22,female,normal,2608
110,3.6703333333333332,True,1.0,0.5307848569499711,0.5562192183057357,0.5435020376278534,0.7664394903349411,-0.05787037037037035,-0.05291666666666678,0.3304155956739231,0.4043123610393391,0.17941177516942536,0.7091258272591592,0.0254343613557646,0.004953703703703571,0.0025470612517728675,0.34557080940857765,0.11353247947852413,0.11140645080928889,0.0,0.9999999987499999,0.6078461625040642,0.29502964378447494,0.293278859251116,0.4337733605835288,angry,05,22,22,female,normal,2608
0,0.0,True,1.0,0.45154445350320754,0.46439024112138905,0.45796734731229827,0.6577071707583299,-0.06421296296296292,-0.06175925925925929,0.3297744487287661,0.4477685599689992,0.1659722222222222,0.6963088858895463,0.012845787618181503,0.0024537037037036247,0.013380906462017741,0.4068857545074636,0.11751436794010149,0.10913541097738994,0.0,0.9999999987499999,0.6206383368425495,0.2894114662463405,0.30123337853652427,0.44964547117196163,angry,05,22,22,female,normal,2609
10,0.33366666666666667,True,1.0,0.5059075617810255,0.5188824038108791,0.5123949827959523,0.6858922571236901,-0.06277777777777765,-0.059814814814814876,0.32967758096197086,0.45489856537512313,0.16875406896136047,0.7470487929761682,0.012974842029853662,0.0029629629629627785,0.012660448590711481,0.37880157200406245,0.11652247164281843,0.11053907046210618,0.0,0.9999999987499999,0.6183263620917118,0.2895321773850792,0.2994206478306976,0.44755781493131996,angry,05,22,22,female,normal,2609
20,0.6673333333333333,True,1.0,0.4512405361516169,0.4766907337288568,0.46396563494023685,1.6531917016473108,-0.06787037037037036,-0.06435185185185183,0.3052203099628912,0.8341681915865284,0.1710301699629145,0.28064841752951075,0.025450197577239875,0.003518518518518532,0.0078961381065209,0.18084970624941848,0.11275695873294184,0.11404399527520812,0.0,0.9999999987499999,0.6124599275491447,0.29202000990230814,0.3019374870731423,0.4523973311610913,angry,05,22,22,female,normal,2609
30,1.0010000000000001,True,1.0,0.3138519357926071,0.3374174204263816,0.32563467810949437,1.3681688808853534,-0.060370370370370297,-0.0568055555555555,0.29580099634047746,0.7076144008647586,0.17317062174662054,0.2380076631320349,0.023565484633774503,0.0035648148148147984,0.007453490232922522,0.2201094827709214,0.1144379923238863,0.11064841182220013,0.0,0.9999999987499999,0.6107778772915415,0.29368424224950535,0.3073709946924314,0.4466443764064195,angry,05,22,22,female,normal,2609
40,1.3346666666666667,True,1.0,0.47235950891660383,0.47978935739766737,0.4760744331571356,0.9884080994812956,-0.055277777777777704,-0.0501388888888889,0.3242886071847462,0.5159365664742882,0.17393117740503056,0.481657762018516,0.007429848481063539,0.005138888888888804,0.005905595138540392,0.29811620917029086,0.1149440405328566,0.11029549682358146,0.0,0.9999999987499999,0.6089872604119774,0.292458406839613,0.3050126891810813,0.44226461034714454,angry,05,22,22,female,normal,2609
50,1.6683333333333334,True,1.0,0.4374432543817915,0.43735513942388327,0.43739919690283735,0.7523357601380907,-0.05476851851851844,-0.05157407407407405,0.382967155542281,0.2547290677509793,0.17749688421866758,0.5813882844310804,8.811495790822521e-05,0.0031944444444443887,0.0023812159405599107,0.3569916330922483,0.11353824400128229,0.11208257722546253,0.0,0.9999999987499999,0.6108108225243222,0.2933175812523158,0.30846274001195323,0.45176464560891616,angry,05,22,22,female,normal,2609
60,2.0020000000000002,True,1.0,0.5001220405247195,0.48752158852173666,0.4938218145232281,0.5783691855964712,-0.058148148148148227,-0.055787037037037024,0.3422239489081902,0.2134266307127637,0.18495996866272452,0.8538176424699225,0.012600452002982876,0.0023611111111112026,0.005438611652105159,0.4158234302272096,0.11490638028043462,0.11102327969577394,0.0,0.9999999987499999,0.6080984946400435,0.2969652275063503,0.30126074720353846,0.43309259171004133,angry,05,22,22,female,normal,2609
70,2.3356666666666666,True,1.0,0.4582857752044583,0.47971781305114547,0.46900179412780185,0.6412648281660559,-0.0658333333333333,-0.05777777777777776,0.34934670690553477,0.28715434581414656,0.1863671460066204,0.731369901369912,0.02143203784668718,0.008055555555555538,0.014313512125863558,0.3871731849712833,0.11581797393358213,0.11093404128260506,0.0,0.9999999987499999,0.6086513602394082,0.2930160340589818,0.31229409844701767,0.4460481564124414,angry,05,22,22,female,normal,2609
80,2.6693333333333333,True,1.0,0.48611111111111005,0.4937618762236069,0.4899364936673585,1.1623106703566315,-0.06495370370370374,-0.05703703703703711,0.278274873347159,0.5221801963298562,0.18846829530139966,0.4215193976641644,0.007650765112496849,0.007916666666666627,0.006879089451071149,0.22057797787148758,0.11262692761710015,0.11350296906349205,0.0,0.9999999987499999,0.6016131863682973,0.2973624831135517,0.29725859410092265,0.43418361217979884,angry,05,22,22,female,normal,2609
90,3.003,True,1.0,0.4983661953287834,0.530574828046186,0.5144705116874847,0.9251829159401928,-0.055277777777777815,-0.05319444444444443,0.3181631024030538,0.43320330474278046,0.18029495081705274,0.5560743749409462,0.03220863271740265,0.0020833333333333814,0.0011929519556942072,0.29633633462856895,0.115937637259682,0.10977251560897439,0.0,0.9999999987499999,0.5974775515362395,0.28827612267059327,0.2918031023087544,0.42308804093859553,angry,05,22,22,female,normal,2609
100,3.336666666666667,True,1.0,0.5333558764450853,0.5448176417443911,0.5390867590947381,0.8483053823640156,-0.05611111111111122,-0.0509722222222222,0.31419344512305886,0.4612692342631487,0.18086333297338336,0.6354866658896324,0.01146176529930576,0.005138888888889026,0.003841669981434746,0.33591924460551564,0.11635370553289463,0.10880737237306035,0.0,0.9999999987499999,0.5999233521299144,0.2871384657450827,0.28614540289432755,0.40961306746593334,angry,05,22,22,female,normal,2609
110,3.6703333333333332,True,1.0,0.5120087449584221,0.5441481789154734,0.5280784619369477,0.8116571894355359,-0.05574074074074076,-0.05138888888888882,0.31675392763216464,0.4426989514189717,0.1815566001892127,0.6506176114871822,0.03213943395705132,0.00435185185185194,0.002469023493348674,0.3583972652964535,0.11416704335891971,0.11041150073174283,0.0,0.9999999987499999,0.6032637482102217,0.28699855003336994,0.2815808005079356,0.40748863091312676,angry,05,22,22,female,normal,2609
120,4.0040000000000004,True,1.0,0.547020290507634,0.5496189693305189,0.5483196299190765,0.7959052724776496,-0.055046296296296315,-0.051064814814814785,0.3164293320012594,0.44944156460377066,0.18359324209445113,0.6889257413915099,0.0025986788228848923,0.00398148148148153,0.004633553578059191,0.35457354144608466,0.11650100538390705,0.10688173531119986,0.0,0.9999999987499999,0.6030294241290265,0.28736121705231693,0.2861798043074705,0.40994072786714636,angry,05,22,22,female,normal,2609
0,0.0,True,1.0,0.49842861490345175,0.5244919868140813,0.5114603008587665,0.6576600724544661,-0.062361111111111034,-0.06078703703703692,0.3282801034176433,0.4197830249709355,0.16944849673013346,0.7776970539657903,0.026063371910629518,0.0015740740740741166,0.0035688875815075107,0.4188829787234043,0.11652009441944483,0.11088574294161993,0.0,0.9999999987499999,0.6156586639030613,0.2872365645987021,0.29629946642814714,0.4446443760577582,angry,05,22,22,female,strong,2610
10,0.33366666666666667,True,1.0,0.506027679840701,0.5553413448070655,0.5306845123238833,0.6631208188387361,-0.06407407407407412,-0.060787037037037084,0.32645389780893924,0.4444002124516797,0.16736521383896155,0.8002832926482739,0.04931366496636458,0.0032870370370370328,0.0016091420622005987,0.3954911771642452,0.11597407655081184,0.1114566909584388,0.0,0.9999999987499999,0.6161504227784864,0.28652850019880716,0.2958852541563958,0.4418642260425149,angry,05,22,22,female,strong,2610
20,0.6673333333333333,True,1.0,0.5416831860477207,0.5522668001180296,0.5469749930828751,1.642087293730677,-0.0666666666666666,-0.06268518518518523,0.34197761386299175,0.7599660729431731,0.17224392771241923,0.3330973908458888,0.010583614070308944,0.003981481481481364,0.008088316399024416,0.18129969387178685,0.11305090600826394,0.11408709456648973,0.0,0.9999999987499999,0.6175531286967914,0.2997061761537019,0.31585024305691556,0.44937719975958457,angry,05,22,22,female,strong,2610
30,1.0010000000000001,True,1.0,0.4378771867896176,0.4576276618858131,0.44775242433771534,0.9396033819699106,-0.059814814814814876,-0.05625000000000002,0.4110289343860047,0.30565411220707933,0.17228600199496916,0.4765334320093518,0.019750475096195486,0.003564814814814854,0.0012324085380253584,0.28463855421686785,0.11272897905810422,0.11272759334503467,0.0,0.9999999987499999,0.6126245876162966,0.291562922826401,0.32420964369604666,0.47604870473516037,angry,05,22,22,female,strong,2610
40,1.3346666666666667,True,1.0,0.24580809400823478,0.22734918506014098,0.2365786395341879,1.395272886180516,-0.0693981481481481,-0.06476851851851856,0.2912263140953999,0.6738396167188666,0.17783956513626245,0.16955725426716284,0.018458908948093794,0.004629629629629539,0.006470340631279389,0.21762198542387973,0.11373313811003026,0.11188480801344561,0.0,0.9999999987499999,0.6101645926651911,0.28913435186329095,0.3114179923732321,0.45770074268340893,angry,05,22,22,female,strong,2610
50,1.6683333333333334,True,1.0,0.5174129353233832,0.5452842384316576,0.5313485868775204,1.716923039489059,-0.06337962962962962,-0.05995370370370362,0.3056308404328589,0.7981311684543299,0.17501569405074083,0.3094772302872964,0.02787130310827446,0.003425925925925999,0.010625276649062815,0.17761212101557175,0.11543150079664702,0.11133612722394114,0.0,0.9999999987499999,0.6075831771224115,0.291581408286942,0.319416923006936,0.45751812609333736,angry,05,22,22,female,strong,2610
60,2.0020000000000002,True,1.0,0.5174461791015844,0.510121688384323,0.5137839337429537,0.5578485463226742,-0.060833333333333295,-0.05671296296296291,0.355869139582714,0.31133069141353664,0.17225810125013313,0.9210097205232612,0.007324490717261378,0.004120370370370385,0.012454237395944628,0.44472939179563487,0.11557281668097823,0.11204288635661983,0.0,0.9999999987499999,0.6151759271990046,0.28464300770223155,0.3013935521211636,0.442286704353139,angry,05,22,22,female,strong,2610
70,2.3356666666666666,True,1.0,0.4835098236119514,0.47069793688443107,0.4771038802481912,0.9422075765695047,-0.05615740740740749,-0.05125000000000002,0.33239074552681763,0.4780154308803471,0.17641656880366086,0.5063681211153965,0.012811886727520316,0.004907407407407471,0.008797149336587621,0.32293424847267355,0.1161264828644692,0.11112657837638436,0.0,0.9999999987499999,0.6090144829572454,0.2879689524472256,0.3121522092883957,0.4468856387078332,angry,05,22,22,female,strong,2610
80,2.6693333333333333,True,1.0,0.5442597954917635,0.5744619778647123,0.5593608866782379,1.0602484235408243,-0.0537037037037037,-0.05111111111111105,0.33361457483917867,0.47504637158647284,0.1751115715765238,0.5275753061817215,0.030202182372948805,0.0025925925925926463,0.007762164576587113,0.25699774741047793,0.11651027758763083,0.11020671403402214,0.0,0.9999999987499999,0.6041090706829607,0.28913512348150705,0.30874552837426633,0.4404266338639041,angry,05,22,22,female,strong,2610
90,3.003,True,1.0,0.5484672856984689,0.5441517840658184,0.5463095348821436,0.7684046693308609,-0.05518518518518517,-0.05245370370370378,0.34581411919888827,0.3974506910332039,0.17369722256788414,0.7109659228878433,0.004315501632650487,0.0027314814814813904,0.002610442062823904,0.33987724940644465,0.1174805553730591,0.10899715484123379,0.0,0.9999999987499999,0.6041947772780988,0.2861816926673633,0.30252518981629384,0.43805805726099123,angry,05,22,22,female,strong,2610
100,3.336666666666667,True,1.0,0.2321102865353729,0.2455687480225594,0.23883951727896616,0.7406735693650119,-0.0671296296296296,-0.06384259259259262,0.3393588494699038,0.3838035768527789,0.17367438083230521,0.3224625896718929,0.01345846148718649,0.0032870370370369772,0.00834540888407992,0.36863047859891596,0.11697671603267569,0.110058259131307,0.0,0.9999999987499999,0.604202750787815,0.2858836774566829,0.30077512744855267,0.4333752370490292,angry,05,22,22,female,strong,2610
110,3.6703333333333332,True,1.0,0.5357276105245433,0.5521962215304612,0.5439619160275022,0.7270484762512733,-0.05754629629629621,-0.053518518518518576,0.3403260090575961,0.3904307778174908,0.17643213684734227,0.7481783317010968,0.0164686110059179,0.00402777777777763,0.0018566282825914278,0.3541474534588154,0.1190958236622025,0.1086419671249121,0.0,0.9999999987499999,0.605855669017607,0.2861914308179199,0.30644723934799795,0.4385636837566922,angry,05,22,22,female,strong,2610
0,0.0,True,1.0,0.5121590358093338,0.5112680041114669,0.5117135199604004,0.6612929873322102,-0.061342592592592615,-0.058240740740740704,0.33429190196660014,0.427055731735417,0.1673629345581279,0.7738075705668017,0.000891031697866862,0.003101851851851911,0.002618446443931702,0.3866921988654044,0.11699058893400076,0.10847414009583548,0.0,0.9999999987499999,0.6133130675317002,0.2862588845444996,0.2983952121750676,0.44961392869436695,angry,05,22,22,female,strong,2611
10,0.33366666666666667,True,1.0,0.5471166987022782,0.5452791074865118,0.546197903094395,0.6891047574490048,-0.0637037037037037,-0.06199074074074068,0.33414019391488736,0.45478036175710546,0.1659722222222223,0.7926195504967396,0.001837591215766432,0.0017129629629630272,0.004957593928575121,0.3829982830769446,0.11697142663528971,0.10954335217133195,0.0,0.9999999987499999,0.6116807817502001,0.28645821653099773,0.297230897979592,0.44636352330850443,angry,05,22,22,female,strong,2611
20,0.6673333333333333,True,1.0,0.35166172683210695,0.363585102377581,0.357623414604844,1.3684121892138075,-0.08203703703703702,-0.07726851851851851,0.3582729614716986,0.6074643068906862,0.1777988050529181,0.26134188033673467,0.011923375545474069,0.004768518518518505,0.0014781088873110034,0.2104850472148347,0.11002391842631853,0.11470682021773937,0.0,0.9999999987499999,0.6201161456223114,0.2972352524122679,0.3127234778796924,0.45225579214011863,angry,05,22,22,female,strong,2611
30,1.0010000000000001,True,1.0,0.3908665163107531,0.4374432543817904,0.41415488534627176,0.8775833677805115,-0.0631944444444445,-0.060601851851851796,0.41997803965705,0.2332757414940424,0.17571572102484917,0.47192654345046137,0.046576738071037294,0.002592592592592702,0.00045827712733855164,0.306163125244466,0.11372278121227274,0.11172493926730781,0.0,0.9999999987499999,0.61002785586891,0.29093610566892475,0.3280382799721132,0.48027316122183783,angry,05,22,22,female,strong,2611
40,1.3346666666666667,True,1.0,0.4579124579124578,0.45762766188581366,0.4577700598991358,1.2770964512098575,-0.05731481481481476,-0.053750000000000075,0.3089669045983281,0.638492304744215,0.1764239205510336,0.35844595720665207,0.0002847960266441629,0.0035648148148146874,0.007190667976668188,0.23189593070672268,0.11554095328098887,0.11122253690842183,0.0,0.9999999987499999,0.6085316855804822,0.28842853932778695,0.314507471681809,0.4572876676793917,angry,05,22,22,female,strong,2611
50,1.6683333333333334,True,1.0,0.300601858722469,0.29825224986852883,0.2994270542954989,1.0513372508397547,-0.06657407407407412,-0.061759259259259236,0.3660787198048301,0.3379222541308471,0.17501089879566256,0.2848059022509968,0.002349608853940144,0.004814814814814883,0.0056647195898956,0.2614260456972526,0.11474628880021999,0.11288920916388923,0.0,0.9999999987499999,0.6079974250481444,0.28909709580493853,0.30557425182550185,0.4482085966163022,angry,05,22,22,female,strong,2611
60,2.0020000000000002,True,1.0,0.5330825806262508,0.5315470377465802,0.5323148091864155,1.0988319780509612,-0.05856481481481485,-0.05305555555555552,0.33921193373097225,0.48836976802264903,0.17779880505291804,0.48443694743085464,0.001535542879670615,0.005509259259259325,0.01530917844647898,0.25724086635124727,0.11689677689646837,0.11117616531057423,0.0,0.9999999987499999,0.6034536678030589,0.28968661375875865,0.3041909418555669,0.43889097947430394,angry,05,22,22,female,strong,2611
70,2.3356666666666666,True,1.0,0.5031064191520175,0.5057937628789461,0.5044500910154818,1.0465185031488864,-0.057268518518518496,-0.05305555555555558,0.3221110214855067,0.5662500511600449,0.1840692309509921,0.4820269202098518,0.0026873437269285816,0.004212962962962918,0.007893814405502327,0.27772704727717,0.11777636250982272,0.11007098013721883,0.0,0.9999999987499999,0.602889473492522,0.28712662080545426,0.31505163020977567,0.4461441756565798,angry,05,22,22,female,strong,2611
80,2.6693333333333333,True,1.0,0.5866176624543655,0.5928615335033993,0.5897395979788824,1.184179839518644,-0.05481481481481476,-0.05226851851851849,0.3288837771920014,0.5085007546168288,0.17852394024248935,0.4980152323979819,0.006243871049033789,0.0025462962962962687,0.005295709983545298,0.23191624077145612,0.11688953112735663,0.11084054221975999,0.0,0.9999999987499999,0.600281085090286,0.2890540938605213,0.31116916145610535,0.440732538578027,angry,05,22,22,female,strong,2611
90,3.003,True,1.0,0.564301744731367,0.5751548443541025,0.5697282945427347,0.780507956596944,-0.05435185185185182,-0.051435185185185195,0.3369782519599593,0.396982495165687,0.17921818428722594,0.7299455306346653,0.010853099622735507,0.002916666666666623,0.0006820804603045428,0.3398772494064446,0.1192893834993372,0.10772427502144737,0.0,0.9999999987499999,0.6003641064550821,0.28429614303865175,0.31045528984000187,0.4380480579079726,angry,05,22,22,female,strong,2611
100,3.336666666666667,True,1.0,0.41749011657947965,0.4377420121982271,0.42761606438885336,0.7655643129942145,-0.059907407407407354,-0.05851851851851847,0.3317430220829995,0.39643294928349765,0.18197840664028841,0.5585632155662995,0.020251895618747462,0.001388888888888884,0.0014776034622783047,0.35199796565642155,0.11872280404373722,0.10904947516795752,0.0,0.9999999987499999,0.6010483680268982,0.28383257427940617,0.3040323285379926,0.4347292096558138,angry,05,22,22,female,strong,2611
110,3.6703333333333332,True,1.0,0.5439794226063762,0.5703755647871145,0.5571774936967453,0.767644529788677,-0.05662037037037043,-0.05314814814814817,0.33673406755356045,0.4107371611933247,0.17921818428722594,0.7258274788333726,0.02639614218073827,0.0034722222222222654,0.0012859049032282297,0.3453779198104038,0.11910728577682704,0.10897960636918895,0.0,0.9999999987499999,0.6024495172287664,0.28297423709187525,0.30557165691036736,0.4358170573357632,angry,05,22,22,female,strong,2611
0,0.0,True,1.0,0.5557752386834469,0.5469121792424348,0.5513437089629409,0.6625460657281163,-0.062037037037037,-0.06087962962962962,0.32755180931530253,0.4440468312858648,0.16875000000000007,0.8321590565284429,0.008863059441012067,0.0011574074074073848,0.00017756860462624346,0.4069148936170203,0.11507535028247068,0.11187462762376196,0.0,0.9999999987499999,0.6147693778214411,0.2877124203911603,0.29242042724103506,0.4439315410815514,angry,05,22,22,female,strong,2612
10,0.33366666666666667,True,1.0,0.5196914623825367,0.5417765082306114,0.530733985306574,0.6848415377403931,-0.06245370370370368,-0.060972222222222205,0.33124366481649725,0.44724345321821557,0.1701393373098541,0.7749734151022867,0.02208504584807469,0.0014814814814814725,0.0023830103613406897,0.3908393050206455,0.11457134529268048,0.11205118246496387,0.0,0.8321170478617264,0.6135656073601315,0.2877012007824111,0.2913961638764072,0.44555409298125775,angry,05,22,22,female,strong,2612
20,0.6673333333333333,True,1.0,0.49759496184925617,0.5326451941622492,0.5151200780057527,1.6591829289059823,-0.06532407407407403,-0.06708333333333333,0.2899537791782896,0.8848848645279579,0.17013933730985403,0.31046611499637844,0.035050232312993035,0.0017592592592592937,0.004119427475338477,0.18773902477985832,0.11467392306734629,0.1119462014643041,0.0,0.9999999987499999,0.6116159958123875,0.28980191811452766,0.3042448180330417,0.4527335019743013,angry,05,22,22,female,strong,2612
30,1.0010000000000001,True,1.0,0.36669706309134,0.3655355387952466,0.3661163009432933,1.2846647108919185,-0.06671296296296292,-0.06134259259259267,0.31070950756746274,0.6497874372827105,0.17918753095872791,0.2849897703573609,0.001161524296093397,0.005370370370370248,0.004964513959819747,0.22921463736550013,0.11322359516939443,0.11206090562916735,0.0,0.9999999987499999,0.6094779310161564,0.2904665756640949,0.3127844060600578,0.462014617709098,angry,05,22,22,female,strong,2612
40,1.3346666666666667,True,1.0,0.45859983558919587,0.47229847456326657,0.4654491550762312,1.1248915087513758,-0.05152777777777784,-0.04773148148148154,0.33248541923293856,0.5207831059034149,0.17020344934400025,0.41377248512870146,0.013698638974070698,0.0037962962962962976,0.004797611606091701,0.27083333333333315,0.11365485497369077,0.11415499212605298,0.0,0.9999999987499999,0.6076254098905187,0.2888376414669578,0.30905734591212264,0.4570003475580472,angry,05,22,22,female,strong,2612
50,1.6683333333333334,True,1.0,0.11944361307235897,0.10792238018344057,0.11368299662789977,0.8169689280273498,-0.0662962962962963,-0.06254629629629621,0.38888901899671824,0.2959638991047062,0.17782068794340947,0.13915216690357896,0.011521232888918403,0.0037500000000000866,0.0009948786937324667,0.3589406099453228,0.11767080767612093,0.11121644186151722,0.0,0.9999999987499999,0.6090898089939102,0.2888749683083282,0.33073181015711856,0.45857836876333113,angry,05,22,22,female,strong,2612
60,2.0020000000000002,True,1.0,0.4445416316260879,0.46439024112138905,0.45446593637373844,0.9986885855492397,-0.05685185185185182,-0.055185185185185226,0.39762701121956684,0.3541784922053328,0.18057625937153515,0.45506271219050726,0.01984860949530115,0.0016666666666665941,0.004985493494871439,0.2877845419244271,0.11394124848262507,0.11386913620732102,0.0,0.9999999987499999,0.6028056599905587,0.2909287271521385,0.33091293316019027,0.46857588234839787,angry,05,22,22,female,strong,2612
70,2.3356666666666666,True,1.0,0.5198858025731655,0.5332420775430045,0.526563940058085,1.1301813021644616,-0.05657407407407411,-0.05509259259259264,0.3626327685898001,0.44444444444444514,0.18062695257212014,0.4659110348486907,0.013356274969838933,0.0014814814814814725,0.010498797255175428,0.25280393965738235,0.11334394236764654,0.11429713499149584,0.0,0.9999999987499999,0.6046984240493073,0.2910238678571173,0.313394411229145,0.44324401660100254,angry,05,22,22,female,strong,2612
80,2.6693333333333333,True,1.0,0.5387386927844174,0.5332477651798878,0.5359932289821526,1.0807795889046643,-0.056435185185185144,-0.053981481481481464,0.32467700797671584,0.5617209705491341,0.18619144154760403,0.4959320424670165,0.005490927604529627,0.00245370370370368,0.013515588502416187,0.2812499999999999,0.11795354818742819,0.109533761048549,0.0,0.9999999987499999,0.6023710929293592,0.28997433277461754,0.323869950760251,0.44739947363220256,angry,05,22,22,female,strong,2612
90,3.003,True,1.0,0.5969914356640521,0.5930765697141781,0.5950340026891151,1.1388112527079601,-0.05435185185185182,-0.05444444444444446,0.3275368922708699,0.47800801227070794,0.18137160858411835,0.5225044986815802,0.003914865949874002,9.259259259264407e-05,0.002810948158233452,0.23048744505638963,0.11617007316082473,0.11108100893536638,0.0,0.9999999987499999,0.5934216267366322,0.29140810962817726,0.3031888785139218,0.43466267676553755,angry,05,22,22,female,strong,2612
100,3.336666666666667,True,1.0,0.5643017447313681,0.6056495506162328,0.5849756476738004,0.7666025368467044,-0.05398148148148135,-0.0525462962962962,0.3398201178703431,0.36310983702513383,0.1820152966585862,0.7630755437883145,0.04134780588486475,0.0014351851851851505,0.003920339639052484,0.3471554920399974,0.11860660293250647,0.11056309309883126,0.0,0.9999999987499999,0.594917003145008,0.2893846314785366,0.30623704327818263,0.4306585327264806,angry,05,22,22,female,strong,2612
110,3.6703333333333332,True,1.0,0.5741516791962726,0.5925713283425884,0.5833615037694305,0.7452979822237771,-0.055416666666666725,-0.05328703703703702,0.33896746471494393,0.37942442731392334,0.18065060453086207,0.7827225052036638,0.018419649146315775,0.0021296296296297035,0.0016952217742633275,0.35979684637466847,0.11910777891597664,0.10950227839594567,0.0,0.9999999987499999,0.5955705322441477,0.2884731941199966,0.30607956475558684,0.4308458275098328,angry,05,22,22,female,strong,2612
120,4.0040000000000004,True,1.0,0.604757567140324,0.5840191265846116,0.5943883468624678,0.7706174542183573,-0.05356481481481479,-0.052731481481481435,0.332975502083509,0.3990496225591869,0.18065060453086207,0.7713144097746398,0.02073844055571239,0.0008333333333333526,0.0067834796955079215,0.3319371213318399,0.11843019423753494,0.10901822523024604,0.0,0.9999999987499999,0.5962737535795568,0.28779529050500813,0.3037655978860483,0.43081482221701894,angry,05,22,22,female,strong,2612
0,0.0,True,1.0,0.5060276798407021,0.5057937628789461,0.5059107213598241,0.7043465290719635,-0.06231481481481482,-0.06055555555555553,0.32688885111626564,0.46486870918749557,0.16666849771129597,0.7182696307546295,0.00023391696175600885,0.0017592592592592937,0.007207171261325552,0.37178833023644037,0.11707136706009647,0.10926230695437227,0.0,0.9999999987499999,0.6137204369013232,0.286724392896314,0.2950446082463171,0.4445582535558488,angry,05,22,22,female,strong,2613
10,0.33366666666666667,True,1.0,0.5059138809386217,0.5188824038108796,0.5123981423747506,0.9097505781735981,-0.06175925925925929,-0.06037037037037035,0.31812474037533844,0.5414966178345321,0.16736521383896144,0.5632292571920466,0.012968522872257915,0.0013888888888889395,0.00019524346179668168,0.2950583426614236,0.11580650188680823,0.11163079553744996,0.0,0.9999999987499999,0.6139282500812825,0.2872382647196462,0.2922950065362037,0.4426139966222548,angry,05,22,22,female,strong,2613
20,0.6673333333333333,True,1.0,0.3939712700477179,0.4258157128954643,0.40989349147159115,2.116862867372787,-0.08004629629629634,-0.07615740740740745,0.29633437011399927,1.0661572105746147,0.17708376416920624,0.19363251998477587,0.0318444428477464,0.003888888888888886,0.010343424290383584,0.15209131514197813,0.1099423848005941,0.11643293661952712,0.0,0.9999999987499999,0.6170121450611494,0.2955625622980234,0.31066733478143216,0.4557943617333507,angry,05,22,22,female,strong,2613
30,1.0010000000000001,True,1.0,0.45803775785086553,0.47870085761015546,0.4683693077305105,1.2782058250544064,-0.056296296296296344,-0.05425925925925923,0.313492035416903,0.6537402792931504,0.17433356625311971,0.3664271422879602,0.020663099759289927,0.002037037037037115,0.005796850860196136,0.22100785436086912,0.11601796023058644,0.11192285351227477,0.0,0.9999999987499999,0.6091179315085409,0.2894281071808775,0.3132043285952407,0.4514320012738946,angry,05,22,22,female,strong,2613
40,1.3346666666666667,True,1.0,0.4824023420163388,0.463815729226159,0.4731090356212489,1.0749354005167966,-0.060833333333333295,-0.0534722222222222,0.3324742268041237,0.5374677002583983,0.17711822764352933,0.44012787688803656,0.018586612790179813,0.007361111111111096,0.00766900274681246,0.2887462981937236,0.11620322630244266,0.11224087612703788,0.0,0.9999999987499999,0.6046418485519207,0.28776763276098977,0.317686423274403,0.4565358598440529,angry,05,22,22,female,strong,2613
50,1.6683333333333334,True,1.0,0.18827917475377273,0.2042182916066171,0.19624873318019492,0.8829658488514254,-0.06527777777777771,-0.0626388888888888,0.3871701191909637,0.2884273987182821,0.1833749434905805,0.22226084217807301,0.015939116852844354,0.002638888888888913,0.001672895749544902,0.32276642910290637,0.11465275505566745,0.11399146363788108,0.0,0.9999999987499999,0.6084334281681423,0.2866821990467019,0.32412932876050254,0.46075667306250234,angry,05,22,22,female,strong,2613
60,2.0020000000000002,True,1.0,0.48955737266660665,0.5197719611156427,0.5046646668911247,1.1159072127484888,-0.06129629629629624,-0.05629629629629618,0.3521559046056446,0.40872471315580294,0.19032628786065,0.4522460838371421,0.030214588449036073,0.00500000000000006,0.011381099296308813,0.2550817530693787,0.11687648142419539,0.11102603444337734,0.0,0.9999999987499999,0.6015674559902087,0.2884815587211958,0.3239158720961118,0.4566707565926444,angry,05,22,22,female,strong,2613
70,2.3356666666666666,True,1.0,0.4706979368844326,0.45124053615161697,0.4609692365180248,0.8333333333333327,-0.05699074074074073,-0.052222222222222114,0.41341924455129,0.21111111111111117,0.18967385838108636,0.5531630838216302,0.019457400732815655,0.004768518518518616,0.01180710224031334,0.3377632718010913,0.11544475804221455,0.113189292185044,0.0,0.9999999987499999,0.5978948806866496,0.2892149964201415,0.326799526932124,0.45873456978710087,angry,05,22,22,female,strong,2613
80,2.6693333333333333,True,1.0,0.5096460840355025,0.5253590382842307,0.5175025611598666,1.1644492151460595,-0.0555092592592592,-0.0531018518518519,0.3234889420749863,0.5111735010931278,0.19378937351945408,0.44441831762921075,0.015712954248728206,0.0024074074074073026,0.013308912138487719,0.26093128605533084,0.11711038016939901,0.11180641652555401,0.0,0.9999999987499999,0.5937644920858969,0.2890278044749318,0.3183753009795368,0.443799283493941,angry,05,22,22,female,strong,2613
90,3.003,True,1.0,0.5876164588400795,0.5969914356640513,0.5923039472520655,1.0481585205133028,-0.05421296296296291,-0.053240740740740644,0.3391963632924346,0.40984620022920565,0.1876175575483025,0.5650900466486721,0.009374976823971815,0.0009722222222222632,0.005197917859312628,0.2527226652398364,0.11959895876354618,0.1091402995356178,0.0,0.9999999987499999,0.5925176518107242,0.2904992657758696,0.31725814769771943,0.4354289458770352,angry,05,22,22,female,strong,2613
100,3.336666666666667,True,1.0,0.5957824518234537,0.6098797987908092,0.6028311253071315,0.7891682610633749,-0.05490740740740735,-0.054537037037037106,0.3448332867573933,0.35506330949074294,0.1876175575483025,0.7638816144162196,0.01409734696735554,0.00037037037037024323,0.004149915536348477,0.3297558160475816,0.11908230927795803,0.10970378086934253,0.0,0.9999999987499999,0.5967907190766931,0.28908575515671725,0.3119990983726561,0.4342186451092041,angry,05,22,22,female,strong,2613
110,3.6703333333333332,True,1.0,0.5653270773481184,0.5843050033955857,0.5748160403718521,0.7621715611173162,-0.05384259259259255,-0.053009259259259256,0.3451192778194381,0.3482171824275235,0.1855355442446767,0.754181958100342,0.018977926047467286,0.0008333333333332971,0.005070938528125737,0.34117062037633455,0.11858909311991586,0.11023675844705155,0.0,0.9999999987499999,0.5985601413299695,0.28800254997432706,0.30865808325991234,0.4320286762065678,angry,05,22,22,female,strong,2613
120,4.0040000000000004,True,1.0,0.4185590756077221,0.4511660087539435,0.4348625421808328,0.7980736775623047,-0.05824074074074065,-0.05606481481481479,0.33692159972512215,0.3922556758533388,0.1855219738407765,0.544890220548445,0.03260693314622143,0.002175925925925859,0.0005383331027147266,0.36266790828024115,0.11938907147561285,0.10954391575774768,0.0,0.9999999987499999,0.5997177753132503,0.2869974593869518,0.3074557807168623,0.43302413404690915,angry,05,22,22,female,strong,2613
0,0.0,True,1.0,0.512344800498309,0.5463056755329746,0.5293252380156418,0.6800103654370773,-0.06527777777777771,-0.060370370370370297,0.33186226943245906,0.4371207194779034,0.16875406896136058,0.7784076021773838,0.033960875034665605,0.004907407407407416,0.00560047000214233,0.3902804075193361,0.1136586311960671,0.108503795197658,0.0,0.9999999987499999,0.6181465068527412,0.2894522175616157,0.2895303482578117,0.4367752063922185,fearful,06,22,22,female,normal,2614
10,0.33366666666666667,True,1.0,0.5126808560381968,0.5189903940619629,0.5158356250500798,0.7520664328999992,-0.06694444444444436,-0.06166666666666665,0.33844277389399563,0.3760332164499996,0.17152822256781344,0.6858910363290599,0.006309538023766104,0.005277777777777715,0.0066278759654456185,0.3482022899274843,0.1146946256085475,0.10881788664869216,0.0,0.9999999987499999,0.6156060458245798,0.28894030449227687,0.29462433424992973,0.43730010008352893,fearful,06,22,22,female,normal,2614
20,0.6673333333333333,True,1.0,0.5704754584023257,0.5878143730755315,0.5791449157389286,0.9569071189601673,-0.07,-0.06787037037037041,0.3386102095859257,0.5057937628789461,0.18134468499349693,0.605225840903203,0.017338914673205807,0.0021296296296295925,0.0037597917935510844,0.2732142857142862,0.11134256355459667,0.11173500479353375,0.0,0.9999999987499999,0.6152371239120649,0.2926173320165909,0.3022710050784118,0.4423645436605476,fearful,06,22,22,female,normal,2614
30,1.0010000000000001,True,1.0,0.4038939080870609,0.42260791744317955,0.4132509127651202,0.9554464172073712,-0.0698611111111111,-0.06092592592592594,0.37408474448466467,0.3412217586116145,0.1827896276135042,0.4325212856760629,0.018714009356118666,0.008935185185185157,0.01158543447511032,0.26297999600233907,0.11397591049886244,0.11163748830250958,0.0,0.9999999987499999,0.6083566902385955,0.29465051433017425,0.3174584493465101,0.45156583120504323,fearful,06,22,22,female,normal,2614
40,1.3346666666666667,True,1.0,0.5475354785776388,0.5521885521885522,0.5498620153830955,0.8960589176526128,-0.06773148148148139,-0.06180555555555556,0.3237144755033993,0.4552370051354538,0.18624388353869464,0.6136449340000519,0.004653073610913383,0.0059259259259258346,0.011797825086357428,0.30845504746402225,0.11538053794705533,0.11087463290525819,0.0,0.9999999987499999,0.6030297742534514,0.2947274326398307,0.3268969935447849,0.44885286508047934,fearful,06,22,22,female,normal,2614
50,1.6683333333333334,True,1.0,0.5354181372884627,0.5654514713218838,0.5504348043051732,0.9876543209876545,-0.06625000000000003,-0.06430555555555556,0.3515587324583257,0.40823045267489694,0.1828409589605961,0.5573152393589877,0.030033334033421122,0.0019444444444444708,0.011545095373050662,0.26283840620765037,0.11478379474765596,0.11200377254650899,0.0,0.9999999987499999,0.6020085765556223,0.29290766209166413,0.3231815383639937,0.44755264431361824,fearful,06,22,22,female,normal,2614
60,2.0020000000000002,True,1.0,0.5174461791015855,0.5275742775667129,0.5225102283341492,0.8000158005255483,-0.06564814814814807,-0.062083333333333324,0.3405379841252592,0.4271270799416062,0.1809354518703778,0.6531248857721316,0.01012809846512741,0.003564814814814743,0.01650958673702861,0.34322033898305127,0.11444054529321813,0.11184459911747506,0.0,0.9999999987499999,0.6060033960224716,0.2904284548372678,0.3103530080131464,0.4303056146483771,fearful,06,22,22,female,normal,2614
70,2.3356666666666666,True,1.0,0.5483644929635814,0.5547001962252296,0.5515323445944055,0.9500800018531004,-0.06675925925925924,-0.059629629629629644,0.3036972924050646,0.4827019364253655,0.1808409744942716,0.580511476421627,0.006335703261648229,0.007129629629629597,0.01558615991787726,0.2631048387096782,0.11624436567481242,0.1092734387570206,0.0,0.9999999987499999,0.6086482622423969,0.29062864405365557,0.3082533577233026,0.4276787113278444,fearful,06,22,22,female,normal,2614
80,2.6693333333333333,True,1.0,0.5704754584023257,0.5693346776385496,0.5699050680204376,0.8008611105633971,-0.06814814814814812,-0.061111111111111116,0.34678942007176977,0.42712592563381174,0.1712348004330319,0.7116153606453878,0.0011407807637761058,0.007037037037037008,0.017693744109566468,0.31875000000000014,0.11336879059899373,0.11123097860442363,0.0,0.9999999987499999,0.6136485389937224,0.29063342859156027,0.2966901251295963,0.4219417108695751,fearful,06,22,22,female,normal,2614
90,3.003,True,1.0,0.5490289283278932,0.5777816662455785,0.5634052972867358,0.8266032166481879,-0.06912037037037039,-0.0622685185185185,0.33958628157928633,0.447178789334266,0.1720717836119517,0.6815909809440384,0.02875273791768529,0.006851851851851887,0.0085322524726002,0.3135245901639342,0.112131565842995,0.110426798624946,0.0,0.9999999987499999,0.6085290821563001,0.2984197310818195,0.28495626936396645,0.4036906524385204,fearful,06,22,22,female,normal,2614
100,3.336666666666667,True,1.0,0.5456932778058101,0.5654514713218838,0.555572374563847,0.8193240090935627,-0.06699074074074074,-0.06060185185185185,0.3362917861637771,0.43695360320916077,0.17198264025587787,0.6780862862526019,0.019758193516073663,0.006388888888888888,0.01371996175293161,0.3098099941324973,0.11417248260164961,0.10866654510319408,0.0,0.9999999987499999,0.618840648986157,0.2891901708528635,0.2937317028326875,0.41773087953520055,fearful,06,22,22,female,normal,2614
0,0.0,True,1.0,0.5063687779111652,0.5269651864139682,0.5166669821625667,0.6716989571107811,-0.06296296296296289,-0.059814814814814876,0.3314941433604758,0.44776855996899784,0.1673652138389615,0.7691942598585195,0.020596408502802976,0.003148148148148011,0.010433601713366394,0.3984101442855683,0.11362166599752521,0.11216798978267367,0.0,0.9999999987499999,0.6217871797781611,0.289842708685021,0.29362333599724694,0.44510914337237356,fearful,06,22,22,female,normal,2615
10,0.33366666666666667,True,1.0,0.437677993816078,0.4500288626686719,0.44385342824237495,0.6761726679090854,-0.06828703703703703,-0.06374999999999992,0.3302390991173957,0.4507817786060565,0.1694448947031956,0.656420244868657,0.0123508688525939,0.004537037037037117,0.009696224006665083,0.3755782578608318,0.11426003898535811,0.112368608360183,0.0,0.9999999987499999,0.6207314396461711,0.2893375593735135,0.2960391937268879,0.43848472901850216,fearful,06,22,22,female,normal,2615
20,0.6673333333333333,True,1.0,0.5062169104186155,0.5261851474404934,0.5162010289295544,0.929566915561305,-0.07050925925925927,-0.0651388888888888,0.3412755068596192,0.5057937628789458,0.17086191325973674,0.555313469410488,0.019968237021877888,0.00537037037037047,0.009142740263411615,0.2812500000000005,0.1125337000149663,0.11036276622524102,0.0,0.9999999987499999,0.6177618942264406,0.2930127560730831,0.299300407383898,0.4356354081816315,fearful,06,22,22,female,normal,2615
30,1.0010000000000001,True,1.0,0.45803775785086454,0.46478345778065333,0.46141060781575893,0.9629025020987566,-0.06166666666666659,-0.05884259259259267,0.3747276702118532,0.3876206770768764,0.17581989565755235,0.4791872560410442,0.006745699929788795,0.0028240740740739234,0.0013739211694027823,0.2848721941194015,0.10944639237417916,0.11224318852850002,0.0,0.9999999987499999,0.6148238507590535,0.2955072589257258,0.3059153519176346,0.44872694630879423,fearful,06,22,22,female,normal,2615
40,1.3346666666666667,True,1.0,0.5118231021156182,0.5060276798407021,0.5089253909781601,0.9305103548419743,-0.06745370370370374,-0.059444444444444466,0.3258203028646459,0.5009690086514634,0.17856838012461468,0.5469314643624674,0.00579542227491614,0.008009259259259272,0.0034183925960163146,0.31149181037830975,0.1113569950578837,0.11103639771184101,0.0,0.9999999987499999,0.607725057757478,0.29337344493750855,0.3058936076895106,0.429935985694124,fearful,06,22,22,female,normal,2615
50,1.6683333333333334,True,1.0,0.522800561291318,0.5471115505142851,0.5349560559028015,0.9978228549866567,-0.06504629629629632,-0.05879629629629618,0.353643929578094,0.3938342970488745,0.17867900448569984,0.5361232740153613,0.02431098922296704,0.006250000000000144,0.006543024729768377,0.25196089623018364,0.11343149169814319,0.10961375117486884,0.0,0.9999999987499999,0.6095101527642307,0.29613844563515146,0.3084144543979901,0.43141475069064966,fearful,06,22,22,female,normal,2615
60,2.0020000000000002,True,1.0,0.5304578857804712,0.5253646418394802,0.5279112638099757,0.7990450731483181,-0.06472222222222218,-0.0564351851851852,0.34139567034068413,0.427055731735417,0.18137160858411835,0.6606777033615289,0.005093243940990977,0.008287037037036982,0.009916460325342569,0.34912151283719983,0.11072869901732522,0.1118334526268438,0.0,0.9999999987499999,0.611568734188988,0.29503710902832364,0.2956941432565514,0.41568481882625663,fearful,06,22,22,female,normal,2615
70,2.3356666666666666,True,1.0,0.472298474563266,0.4798490796532869,0.4760737771082765,0.8963827581024068,-0.06587962962962957,-0.05648148148148158,0.3095458450650139,0.4329984509477722,0.18070803211393494,0.5311054600337233,0.007550605090020868,0.009398148148147989,0.01082009613356054,0.2865187061509809,0.11078316167584222,0.1109240157199685,0.0,0.9999999987499999,0.6160460668251676,0.2937090174208337,0.28811145273784533,0.4005110740217746,fearful,06,22,22,female,normal,2615
80,2.6693333333333333,True,1.0,0.5439603293130388,0.547020290507633,0.5454903099103359,0.8401886656046416,-0.06435185185185183,-0.05717592592592596,0.34342194443239044,0.420077044526129,0.17317062174662043,0.6492474038765732,0.003059961194594174,0.007175925925925863,0.013173900103389997,0.30845504746402125,0.11661113059059719,0.11181703045234723,0.0,0.9999999987499999,0.6069677894595338,0.2924321101133374,0.31173640495169114,0.4414519199461364,fearful,06,22,22,female,normal,2615
90,3.003,True,1.0,0.5484677322277689,0.5390573306251317,0.5437625314264503,0.8041352622320067,-0.06555555555555553,-0.05782407407407408,0.3419819119614855,0.42251174795240964,0.17323801598776395,0.6762077935957564,0.009410401602637175,0.00773148148148145,0.0004151198989685866,0.32459535501714604,0.11534580264565865,0.11261544319579478,0.0,0.9999999987499999,0.6066699628757752,0.2905051272639835,0.30406112174855177,0.4362676678074818,fearful,06,22,22,female,normal,2615
100,3.336666666666667,True,1.0,0.5882181910885496,0.5790160076571202,0.5836170993728349,0.7845482450566131,-0.06740740740740742,-0.05805555555555553,0.34443043524036665,0.40578173364138403,0.17588584101174146,0.743889369519552,0.009202183431429312,0.009351851851851889,0.0035049267002140276,0.31080876935853813,0.11130708259810752,0.10970580544433195,0.0,0.9999999987499999,0.6158604892269408,0.2914423153263875,0.28814832183426053,0.4145326975573221,fearful,06,22,22,female,normal,2615
0,0.0,True,1.0,0.5040734442834993,0.5195776634804569,0.511825553881978,0.6856907835059908,-0.06291666666666668,-0.06143518518518515,0.3299853095445526,0.46176132746803006,0.16945164844089422,0.7464378495288705,0.015504219196957547,0.001481481481481528,0.0036502100264819617,0.4137416437981606,0.11456729828366133,0.11154408534293059,0.0,0.9999999987499999,0.6209862517897784,0.2897874820556664,0.29561739705064227,0.44817884651075973,fearful,06,22,22,female,normal,2616
10,0.33366666666666667,True,1.0,0.4644615179804953,0.4770572414579671,0.4707593797192312,0.6943774745378869,-0.06412037037037033,-0.06083333333333335,0.3324110124466774,0.4374578089588689,0.17013933730985403,0.677958886890052,0.012595723477471787,0.0032870370370369772,0.006990970613726834,0.3942576093114757,0.11674970385748962,0.10995304111615714,0.0,0.9999999987499999,0.6196585197360194,0.2894492544265587,0.2986915044859381,0.445412116145107,fearful,06,22,22,female,normal,2616
20,0.6673333333333333,True,1.0,0.5662622840130285,0.5789146015914524,0.5725884428022404,1.1937877666052932,-0.06875000000000003,-0.06490740740740741,0.31883865388247484,0.6623910419548323,0.17431649776999447,0.47964006569649964,0.012652317578423888,0.0038425925925926196,0.005615346493816548,0.2332262200055347,0.11225115455326248,0.11184891480013875,0.0,0.9999999987499999,0.6162561631996549,0.29226187247574104,0.30138922701243603,0.44844940253398374,fearful,06,22,22,female,normal,2616
30,1.0010000000000001,True,1.0,0.5195839826380526,0.5132195341337554,0.516401758385904,1.0280227485003572,-0.07124999999999987,-0.06300925925925926,0.3185445518018222,0.5580694920430516,0.17856838012461476,0.5023252249419697,0.006364448504297182,0.008240740740740604,0.006756526552451943,0.28125000000000006,0.11160700143153783,0.1124916826792037,0.0,0.9999999987499999,0.6137462368306699,0.2920471164072173,0.29956365553586445,0.44359933282258374,fearful,06,22,22,female,normal,2616
40,1.3346666666666667,True,1.0,0.5436863259328854,0.5276898532162371,0.5356880895745613,0.9167151886998768,-0.06615740740740739,-0.059398148148148144,0.3300331154283383,0.49416678140852777,0.17791676915953542,0.5843560750141995,0.01599647271664828,0.006759259259259243,0.0076113630516546574,0.30761718749999933,0.11435154692645233,0.11004741274239112,0.0,0.9999999987499999,0.6093167685746174,0.2940116099262071,0.30542515014860405,0.4397877359998219,fearful,06,22,22,female,normal,2616
50,1.6683333333333334,True,1.0,0.5228059981783867,0.547020290507633,0.5349131443430098,0.9582498681909458,-0.06578703703703709,-0.06171296296296297,0.3559598966541509,0.45914738332248806,0.1807080321139349,0.5582188551226811,0.024214292329246323,0.004074074074074119,0.0006812656672571134,0.2893871433851487,0.11160976548574418,0.1112970532230235,0.0,0.9999999987499999,0.6154786253173143,0.2944581923413279,0.30799266405815723,0.44543677891775807,fearful,06,22,22,female,normal,2616
60,2.0020000000000002,True,1.0,0.5439603293130388,0.5656565656565656,0.5548084474848023,0.7928172397876452,-0.06268518518518518,-0.06074074074074076,0.3516074726570099,0.46359652157074194,0.176528973825883,0.6997936215834646,0.021696236343526798,0.0019444444444444153,0.0011794272222306226,0.3341166180605722,0.11048233399964053,0.11241631412511816,0.0,0.9999999987499999,0.6163531054921968,0.29253558541029334,0.30016784165062677,0.43163670184553243,fearful,06,22,22,female,normal,2616
70,2.3356666666666666,True,1.0,0.5059075617810265,0.5277777777777782,0.5168426697794024,0.8879508710690912,-0.06601851851851848,-0.06361111111111101,0.3094376445198294,0.4669396822001255,0.18205176012386565,0.5820622363454915,0.021870215996751763,0.002407407407407469,0.0004991528807687397,0.2812500000000001,0.11347128039712102,0.10939854812835095,0.0,0.9999999987499999,0.6095679090855093,0.2947415048136135,0.3014015449508649,0.4287970047725011,fearful,06,22,22,female,normal,2616
80,2.6693333333333333,True,1.0,0.5661635618932263,0.569224878427242,0.5676942201602342,0.866197719379562,-0.06305555555555542,-0.060462962962962996,0.33990687424627125,0.4468302196778386,0.17651384654991634,0.6553864175108436,0.0030613165340157567,0.0025925925925924242,0.0016639013078127397,0.31289039306618155,0.112424808237537,0.1099551020093449,0.0,0.9999999987499999,0.6151080096413566,0.29273498138806375,0.29554575624113777,0.42443274505494366,fearful,06,22,22,female,normal,2616
90,3.003,True,1.0,0.5878856307635356,0.6016810474544722,0.5947833391090038,0.8111687064920758,-0.06384259259259256,-0.060601851851851796,0.33990687424627103,0.46057884182177217,0.1765449641082192,0.7332424615850416,0.013795416690936535,0.0032407407407407662,0.001435109440339377,0.31507485613257563,0.11147677196428706,0.11039963512182215,0.0,0.9999999987499999,0.6166523772790367,0.29274867405204047,0.2898275389165349,0.4222449163157516,fearful,06,22,22,female,normal,2616
100,3.336666666666667,True,1.0,0.5707613352132997,0.6249543159738353,0.5978578255935676,0.8166138852284436,-0.06314814814814812,-0.05990740740740741,0.33777318341629764,0.470591052504526,0.1765449641082192,0.7321181238870558,0.05419298076053558,0.0032407407407407107,0.0017491451248155187,0.32459535501714604,0.11303390306142687,0.10897977256761879,0.0,0.9999999987499999,0.6186134159132403,0.2918770760531281,0.2934515363744507,0.4220023183529559,fearful,06,22,22,female,normal,2616
0,0.0,True,1.0,0.5392528515675771,0.5331339662778078,0.5361934089226925,0.8048571977688398,-0.06481481481481477,-0.06018518518518523,0.33362255970734195,0.47875126419008596,0.17292769676479455,0.6661969482401159,0.006118885289769227,0.004629629629629539,0.002155109851092744,0.3200431034482754,0.11585867736062809,0.1077546306483781,0.0,0.9999999987499999,0.6151539651954533,0.2902121896557057,0.3004835211026266,0.44317357188107603,fearful,06,22,22,female,normal,2617
10,0.33366666666666667,True,1.0,0.5123448004983094,0.49692714356379053,0.50463597203105,0.8746974811605291,-0.06472222222222218,-0.05990740740740741,0.33258159204097604,0.4998072103263597,0.1694462454722704,0.5769262892600425,0.015417656934518909,0.004814814814814772,0.0042701602774733016,0.294631113470912,0.11504675706063745,0.10897130416147999,0.0,0.9999999987499999,0.6141012480539091,0.29038778770933954,0.29940451603424073,0.44471222584030917,fearful,06,22,22,female,normal,2617
20,0.6673333333333333,True,1.0,0.55251539254789,0.5469121792424358,0.5497137858951628,1.0482563244455967,-0.0737962962962963,-0.0660648148148148,0.3303833100297351,0.5730306744358399,0.1778052414767488,0.5244077932808049,0.005603213305454102,0.007731481481481506,0.00342034169284517,0.24785191608717771,0.11266209921180691,0.1117763872053887,0.0,0.9999999987499999,0.6105546925488946,0.29082292562814194,0.30543466764240274,0.4499708603383595,fearful,06,22,22,female,normal,2617
30,1.0010000000000001,True,1.0,0.19356664384701666,0.19939870352151834,0.1964826736842675,1.0378033943354945,-0.08657407407407408,-0.08111111111111119,0.310107792588915,0.5714679462125768,0.17648618189208873,0.1893255261610272,0.005832059674501677,0.005462962962962892,0.0027555584621932073,0.28528817014831825,0.11322933621489785,0.10982256223509364,0.0,0.9999999987499999,0.6140862225358893,0.2923869286129736,0.3014222092702953,0.42473430221249264,fearful,06,22,22,female,normal,2617
40,1.3346666666666667,True,1.0,0.5174461791015844,0.5415676103981959,0.5295068947498902,0.9505223941016256,-0.0700925925925926,-0.06407407407407406,0.334675432029478,0.5031488848704924,0.17996966908377496,0.557069352637764,0.024121431296611484,0.006018518518518534,0.007208296627637333,0.2815956702553054,0.11136773184633111,0.11119709625717432,0.0,0.9999999987499999,0.6145967393441752,0.2941249517242159,0.3019688267177675,0.43257511623241235,fearful,06,22,22,female,normal,2617
50,1.6683333333333334,True,1.0,0.21162181734245472,0.20549879908847848,0.20856030821546662,0.980981189179433,-0.08337962962962958,-0.07532407407407404,0.3545271746125514,0.45734933819851903,0.17791676915953553,0.2126037792732012,0.006123018253976237,0.008055555555555538,0.0010509337816750404,0.2812500000000003,0.11090611545968815,0.11165750967100753,0.0,0.9999999987499999,0.614907535944065,0.2944164645724756,0.30170305503886,0.42945013716214553,fearful,06,22,22,female,normal,2617
60,2.0020000000000002,True,1.0,0.5650405762083758,0.5604741696766692,0.5627573729425225,0.7916288648370541,-0.06601851851851853,-0.05722222222222234,0.33687090578606627,0.4791204574311419,0.1751115715765238,0.7108853630019648,0.0045664065317065905,0.008796296296296191,0.011258306166945824,0.33550997924439163,0.11302955779479776,0.10985487186510955,0.0,0.9999999987499999,0.615906171038728,0.2928492647575876,0.30301621628998016,0.4286512062807374,fearful,06,22,22,female,normal,2617
70,2.3356666666666666,True,1.0,0.5787876960542404,0.5782860367437305,0.5785368663989854,0.9824261171724017,-0.06421296296296292,-0.05958333333333332,0.32465953783071927,0.5056605014857954,0.17579212179171347,0.5888858778145252,0.0005016593105099387,0.004629629629629595,0.007486408165536571,0.25643382352941246,0.11224663748416892,0.11048240689700295,0.0,0.9999999987499999,0.6134718943124124,0.2921261302846755,0.29768619972557925,0.4233223942919367,fearful,06,22,22,female,normal,2617
80,2.6693333333333333,True,1.0,0.5701735168582518,0.587156404312311,0.5786649605852814,0.8081840972345871,-0.06384259259259256,-0.059120370370370434,0.3484822591070002,0.43719576013652395,0.17164160640527323,0.716006368555549,0.01698288745405918,0.004722222222222128,0.006020659307277944,0.31351126111074956,0.11269120868803284,0.109855620689695,0.0,0.9999999987499999,0.6190861298034839,0.2913342214564597,0.29775784474527206,0.4226426199636336,fearful,06,22,22,female,normal,2617
90,3.003,True,1.0,0.20788707164082812,0.21743556301940573,0.21266131733011692,0.7706845017218692,-0.07861111111111113,-0.06995370370370374,0.35348435742057743,0.4114484503012232,0.169532672307284,0.27593823004742846,0.009548491378577606,0.008657407407407391,0.0060527519385047725,0.33367127646102457,0.11323938822754383,0.10911600670464099,0.0,0.9999999987499999,0.6192647141122074,0.2917954375627017,0.29504959172015727,0.41580374339524234,fearful,06,22,22,female,normal,2617
100,3.336666666666667,True,1.0,0.5387381596077023,0.5553413448070655,0.547039752207384,0.7868828159049117,-0.06745370370370368,-0.058657407407407436,0.3497992035509341,0.4467893954714328,0.17167182944777293,0.695198498620523,0.016603185199363213,0.008796296296296247,0.003286101347769302,0.33411661806057263,0.11326574880063921,0.11013153862121013,0.0,0.9999999987499999,0.6180053148759503,0.2918837301394215,0.2958045502192616,0.4257071485468646,fearful,06,22,22,female,normal,2617
0,0.0,True,1.0,0.5043668233918768,0.5188824038108797,0.5116246136013782,0.6558585496386252,-0.06333333333333335,-0.059814814814814876,0.3378887469469253,0.43040717320034855,0.16945570055431014,0.7800837755081196,0.014515580419002916,0.0035185185185184764,0.009242611135442481,0.3984374999999991,0.11410878078315127,0.10977970505160171,0.0,0.9999999987499999,0.6186266896836861,0.29500102398126005,0.2866683130784351,0.43073468044602736,fearful,06,22,22,female,strong,2618
10,0.33366666666666667,True,1.0,0.4850851695024883,0.5053412752321159,0.49521322236730214,0.7381854917692727,-0.06740740740740742,-0.06449074074074074,0.33954885882789476,0.4511133560812224,0.17153178084657758,0.6708520119792412,0.020256105729627605,0.0029166666666666785,0.00019144014578477786,0.35465048048169645,0.11297842859497781,0.11111424801806358,0.0,0.9999999987499999,0.6160150687540641,0.2951404640965361,0.2871798566655468,0.42924731667370736,fearful,06,22,22,female,strong,2618
20,0.6673333333333333,True,1.0,0.5058208589111804,0.49718445552179064,0.5015026572164856,1.0804009375230437,-0.07893518518518516,-0.07055555555555565,0.34649985516052956,0.513474379870154,0.18126052299732998,0.46418199003625826,0.008636403389389813,0.008379629629629515,0.016652616862603876,0.2581031966873774,0.11370553791547172,0.11174248819600975,0.0,0.9999999987499999,0.6126231476575006,0.29009818295164513,0.3254602456446988,0.47120565315741736,fearful,06,22,22,female,strong,2618
30,1.0010000000000001,True,1.0,0.5057937628789461,0.5139283130644753,0.5098610379717107,0.9143594094584331,-0.08240740740740743,-0.0808333333333332,0.3581345573212619,0.39838659473610505,0.19385078024088537,0.5576155641835597,0.008134550185529221,0.0015740740740742276,0.007331946144681501,0.2892763747576086,0.1124959300695016,0.11245304307234331,0.0,0.9999999987499999,0.6090879222157615,0.29113428515124945,0.32840338737640995,0.45403904957713676,fearful,06,22,22,female,strong,2618
40,1.3346666666666667,True,1.0,0.46491858184199286,0.4920670714551397,0.4784928266485663,1.0094517694774423,-0.08069444444444446,-0.07740740740740742,0.31299386750878766,0.587570621468927,0.19248957256034346,0.47401256911587286,0.027148489613146864,0.0032870370370370328,0.01579804808131781,0.2942117279569663,0.10915627141666058,0.11586213158625651,0.0,0.9999999987499999,0.605298082842512,0.3006144273779788,0.32605148299046915,0.4524146486832599,fearful,06,22,22,female,strong,2618
50,1.6683333333333334,True,1.0,0.5059075617810265,0.5154081795697718,0.5106578706753991,1.0526767864948396,-0.0785185185185186,-0.07518518518518513,0.3564627011667031,0.4144914846823436,0.1884682953013997,0.48510414329147217,0.009500617788745336,0.003333333333333466,0.014145291593810233,0.2393890743251452,0.11245965481768369,0.11265856009939873,0.0,0.9999999987499999,0.6063650494260204,0.3023842353705288,0.3263533052180636,0.44925252150726763,fearful,06,22,22,female,strong,2618
60,2.0020000000000002,True,1.0,0.5059075617810265,0.5154081795697707,0.5106578706753986,0.7854933767867461,-0.07185185185185172,-0.06601851851851842,0.34036801449863746,0.4616271387800263,0.18012603010604572,0.6501109821757762,0.009500617788744226,0.0058333333333333015,0.013809711329836353,0.3453779198104038,0.110106254127147,0.11396102071470608,0.0,0.9999999987499999,0.612565580958946,0.2963855323622199,0.3093498942631289,0.4397729346149745,fearful,06,22,22,female,strong,2618
70,2.3356666666666666,True,1.0,0.3808007962871613,0.41209795538515137,0.39644937583615636,1.0810391610513228,-0.08037037037037031,-0.07259259259259249,0.3184102175157864,0.5479076927335398,0.18010527453443284,0.3667298929768695,0.03129715909799008,0.007777777777777828,0.011580258432689186,0.2542732733666057,0.10943790482357932,0.11576084856587285,0.0,0.9999999987499999,0.6114906355667267,0.29575622017164227,0.3119220348238105,0.4466781406752705,fearful,06,22,22,female,strong,2618
80,2.6693333333333333,True,1.0,0.5503944532567699,0.5917571890320078,0.5710758211443889,0.8403711993139218,-0.07500000000000007,-0.06722222222222218,0.34321540053634314,0.4270557317354175,0.17739713502959975,0.6795518713761427,0.04136273577523786,0.007777777777777883,0.015634990398221922,0.30429034166631563,0.11326749344420532,0.11184632338433702,0.0,0.9999999987499999,0.6106878445909614,0.29528717831123036,0.3139288248929796,0.44895468505757774,fearful,06,22,22,female,strong,2618
90,3.003,True,1.0,0.5697704376432507,0.5685677011308597,0.5691690693870552,0.8187340460062329,-0.07236111111111099,-0.06439814814814815,0.3398171430440833,0.4509975677152982,0.1718761398671517,0.6951818751931104,0.0012027365123910005,0.007962962962962838,0.015314841245832751,0.33368644067796593,0.11188340369268389,0.11289384929555295,0.0,0.9999999987499999,0.6169807256887129,0.2936397451972419,0.3080645244901775,0.4489221180516029,fearful,06,22,22,female,strong,2618
100,3.336666666666667,True,1.0,0.6228511815987257,0.6555204021248195,0.6391857918617726,0.8469315569244636,-0.07134259259259262,-0.06481481481481483,0.3396384051925308,0.4859236767061831,0.1711585941460241,0.7547077289018532,0.03266922052609389,0.006527777777777799,0.010842150439175361,0.3227321805551824,0.11149217221354028,0.11378367461199104,0.0,0.9999999987499999,0.6180731052030188,0.2927754353692758,0.3062989286143856,0.44516818028644506,fearful,06,22,22,female,strong,2618
0,0.0,True,1.0,0.5062169104186162,0.5269651864139682,0.5165910484162921,0.6683768510331474,-0.061990740740740735,-0.05888888888888888,0.3307066437016593,0.46217548209738873,0.1694484967301335,0.7729038604759703,0.020748275995352006,0.0031018518518518556,0.004662774635916299,0.3955195002515324,0.11450944400557278,0.10831140771626516,0.0,0.9999999987499999,0.6179186097485869,0.28978032897513006,0.29231938409183167,0.4448469872984179,fearful,06,22,22,female,strong,2619
10,0.33366666666666667,True,1.0,0.3156945535672798,0.3146656602816742,0.315180106924477,0.702436772325118,-0.06782407407407404,-0.0638425925925925,0.3254360854028454,0.4515664964947184,0.16944489470319568,0.44869534076527257,0.0010288932856056254,0.00398148148148153,0.006027266225634305,0.3788265306122447,0.1138076591029766,0.10939743339058391,0.0,0.9999999987499999,0.6161388813572305,0.2889912444604349,0.2885251662837184,0.4329088837597956,fearful,06,22,22,female,strong,2619
20,0.6673333333333333,True,1.0,0.5521962215304602,0.582539657905035,0.5673679397177476,1.0883309034119084,-0.07638888888888895,-0.07009259259259254,0.33867808089118345,0.5785916365447592,0.17987171536233565,0.521319332143426,0.030343436374574817,0.006296296296296411,0.006203563037715583,0.24920254380363502,0.10996245824795971,0.11309348138216502,0.0,0.9999999987499999,0.617850985573917,0.2986210427757665,0.3084261527659312,0.4474057529596257,fearful,06,22,22,female,strong,2619
30,1.0010000000000001,True,1.0,0.2546735935715631,0.2786741175283575,0.2666738555499603,0.9918926353777751,-0.09768518518518515,-0.09296296296296308,0.3630887045746323,0.44440756959904676,0.19813858172865886,0.2688535493041484,0.024000523956794417,0.004722222222222072,0.010137414340016394,0.2705968080187567,0.111442469701359,0.11299241249788142,0.0,0.9999999987499999,0.616666955321191,0.30104958286475886,0.3172046646775908,0.44341518628230386,fearful,06,22,22,female,strong,2619
40,1.3346666666666667,True,1.0,0.5893755616741264,0.5982382958999627,0.5938069287870446,0.9899470517127165,-0.06703703703703706,-0.05907407407407411,0.3246872605073556,0.5750427726860635,0.17788760713328214,0.5998370597292995,0.008862734225836277,0.00796296296296295,0.0226532257788829,0.2827836883611113,0.11295546986382904,0.11182119234900258,0.0,0.9999999987499999,0.6084402713429122,0.3007192317595268,0.31188180882935257,0.4416653859873714,fearful,06,22,22,female,strong,2619
50,1.6683333333333334,True,1.0,0.5519003367550662,0.5645970678688969,0.5582487023119815,1.0069026616175707,-0.06884259259259257,-0.06037037037037035,0.3549333719257908,0.37095397829765725,0.18170781687338228,0.5544217168074272,0.012696731113830628,0.008472222222222214,0.012839008239171478,0.2664400707973375,0.11013289720719685,0.11258958572145958,0.0,0.9999999987499999,0.6094751920924619,0.2918113380356269,0.2986329929767105,0.427460816495811,fearful,06,22,22,female,strong,2619
60,2.0020000000000002,True,1.0,0.3949045294829834,0.4216542022022874,0.40827936584263536,0.7913787429068201,-0.0693981481481481,-0.06152777777777779,0.33600159217676345,0.43806256268107946,0.1845349375046438,0.5159089367790963,0.026749672719304007,0.007870370370370305,0.007731009772121711,0.34336287167408075,0.11305516432214156,0.11052022176124424,0.0,0.9999999987499999,0.6026491344428397,0.2915741561800634,0.30146236765718143,0.4190600456416178,fearful,06,22,22,female,strong,2619
70,2.3356666666666666,True,1.0,0.5655482695626668,0.5923567942244734,0.5789525318935701,1.0212480466056761,-0.06541666666666662,-0.06004629629629632,0.31774207836286644,0.46620644301756475,0.174699043497935,0.5669068683341286,0.02680852466180661,0.005370370370370303,0.01385460905750962,0.26126315019428004,0.11234110471818859,0.11175856848881648,0.0,0.9999999987499999,0.6084663748624449,0.2972120595165697,0.30058814895003033,0.4318854138715406,fearful,06,22,22,female,strong,2619
80,2.6693333333333333,True,1.0,0.5491135931537969,0.6072282499538673,0.5781709215538321,0.9076657550795177,-0.06805555555555548,-0.06578703703703703,0.33835030814381073,0.49572514315881394,0.17068732137555298,0.6369865981152725,0.05811465680007033,0.0022685185185184475,0.012370688139714068,0.28599102325880016,0.11205742403491946,0.11289001238738715,0.0,0.9999999987499999,0.6144816638061474,0.29106729576945695,0.30277795598876345,0.44506659810686094,fearful,06,22,22,female,strong,2619
90,3.003,True,1.0,0.5972773124750252,0.6111111111111106,0.6041942117930679,0.8383483747623874,-0.06620370370370365,-0.06101851851851853,0.33244841303791073,0.47601136533118643,0.16927183493293413,0.7206958705732737,0.01383379863608536,0.005185185185185126,0.007105772528301356,0.3055551928359314,0.10974328732650573,0.10937046149817278,0.0,0.9999999987499999,0.6348982919808548,0.2914599415549308,0.279630427446992,0.41047675060349975,fearful,06,22,22,female,strong,2619
100,3.336666666666667,True,1.0,0.5876164588400783,0.6390799269032622,0.6133481928716702,0.8525576692498841,-0.06671296296296292,-0.0616666666666667,0.33080946858937343,0.5328485432811773,0.16644226791708505,0.7194213541135811,0.051463468063183915,0.0050462962962962155,0.010208459726156851,0.30000000000000054,0.11345376484111333,0.11148661095330963,0.0,0.9999999987499999,0.6206089139718388,0.290248928824791,0.3024226202947662,0.4423502810315856,fearful,06,22,22,female,strong,2619
0,0.0,True,1.0,0.4784535594800842,0.5057937628789461,0.4921236611795151,0.6573383880643962,-0.06481481481481483,-0.06064814814814812,0.33356903481867534,0.42657065608434186,0.1687518084393838,0.7486610703333885,0.02734020339886184,0.004166666666666707,0.005411122649033566,0.41888297872340347,0.11559329666532905,0.10944091964312345,0.0,0.9999999987499999,0.6134833517078706,0.289336273433412,0.29370848037835434,0.4398786497064339,fearful,06,22,22,female,strong,2620
10,0.33366666666666667,True,1.0,0.5564337676746818,0.5414578111868895,0.5489457894307856,0.6910829265952192,-0.06768518518518513,-0.06490740740740736,0.3299742319000408,0.4231119958746238,0.1715282225678134,0.7943269444309596,0.014975956487792264,0.002777777777777768,0.0007156724613414087,0.3673469387755106,0.11276389944649151,0.11116069662660982,0.0,0.9999999987499999,0.6122765782094087,0.28936266724727655,0.2913680481426489,0.4401315440284351,fearful,06,22,22,female,strong,2620
20,0.6673333333333333,True,1.0,0.6062500639027989,0.6554304048137422,0.6308402343582705,1.0461960551154075,-0.07347222222222222,-0.06888888888888889,0.32639276324449285,0.5589100673497401,0.17917049906572244,0.6029847190435846,0.049180340910943254,0.004583333333333328,0.00878004705634342,0.2542732733666057,0.09710594453825781,0.11622827523363494,0.0,0.9999999987499999,0.6600527763058348,0.31431914957131296,0.29834473019171837,0.46976135042831196,fearful,06,22,22,female,strong,2620
30,1.0010000000000001,True,1.0,0.4860456701745974,0.5077343950495489,0.4968900326120731,1.0765281945331788,-0.07157407407407407,-0.07236111111111115,0.32472493379545647,0.552795805381053,0.18197127929757909,0.46156713324869525,0.021688724874951493,0.000787037037037086,0.003640648127660722,0.2739741973976398,0.11160377835051091,0.11096018461738813,0.0,0.9999999987499999,0.6089376498880802,0.29398600403369984,0.3144505789444098,0.43092795629662806,fearful,06,22,22,female,strong,2620
40,1.3346666666666667,True,1.0,0.5200325604530016,0.5359418614411898,0.5279872109470958,0.9667531844191204,-0.07513888888888892,-0.07263888888888892,0.3325812704173398,0.4975765272713091,0.18823498003510292,0.5461447859252102,0.015909300988188213,0.0025000000000000022,0.009232772968261619,0.2895121537750949,0.10770567079883443,0.11273777991218241,0.0,0.9999999987499999,0.6088694522183874,0.3027755837718635,0.3162406370211986,0.44509752325762275,fearful,06,22,22,female,strong,2620
50,1.6683333333333334,True,1.0,0.48834483423847747,0.5159169852459138,0.5021309097421957,0.8082240432370452,-0.06782407407407404,-0.06625000000000003,0.389892937178015,0.2571621955754235,0.18820903826281987,0.6212768773013659,0.02757215100743632,0.0015740740740740056,0.020872453630296727,0.3323863636363635,0.11075919993859633,0.11298979234475322,0.0,0.9999999987499999,0.6020746225365146,0.2964045477235407,0.3296926194225277,0.4476733580527293,fearful,06,22,22,female,strong,2620
60,2.0020000000000002,True,1.0,0.5530326500264342,0.5694392502374772,0.5612359501319557,0.7480878114636481,-0.06777777777777777,-0.064537037037037,0.357406323394526,0.3806464584048002,0.18754922856350442,0.7502273684073089,0.01640660021104301,0.0032407407407407662,0.026168862108114286,0.37200547952760865,0.11162481815668927,0.11382105689319673,0.0,0.9999999987499999,0.6043773954425522,0.29361556277834594,0.3256765940753171,0.4392387233302166,fearful,06,22,22,female,strong,2620
70,2.3356666666666666,True,1.0,0.22241075172346414,0.2240971880331515,0.2232539698783078,1.0016620171559192,-0.08300925925925923,-0.07953703703703707,0.2953680582915283,0.4684422203823891,0.1833836804240681,0.22288353362165672,0.0016864363096873725,0.0034722222222221544,0.027415603915895703,0.2635553677586996,0.10998810889761088,0.11424194189824113,0.0,0.9999999987499999,0.6042459819709134,0.3014714209058274,0.3012082917087878,0.42567871471290314,fearful,06,22,22,female,strong,2620
80,2.6693333333333333,True,1.0,0.604846487755094,0.6367772012734502,0.6208118445142721,0.9307608957114253,-0.07175925925925924,-0.06699074074074074,0.3441034899041551,0.46523290794038286,0.17950020431936678,0.6669939050670535,0.03193071351835619,0.004768518518518505,0.0234543505307308,0.2685715439759316,0.10714543911757153,0.11157568705808248,0.0,0.9999999987499999,0.632282969023547,0.29854745941465044,0.284008838202259,0.41205763911282106,fearful,06,22,22,female,strong,2620
90,3.003,True,1.0,0.5826675434546841,0.6199262288711693,0.6012968861629266,0.8458406564454851,-0.06717592592592586,-0.06351851851851847,0.33900909723721556,0.4440468312858648,0.1739553011767234,0.7108867155780665,0.03725868541648525,0.003657407407407387,0.018688562495808674,0.29998681727522264,0.10753783243932312,0.10912216223247076,0.0,0.9999999987499999,0.6348392312315552,0.2965185749212734,0.2820115677468556,0.4079606340799552,fearful,06,22,22,female,strong,2620
100,3.336666666666667,True,1.0,0.6262168131998082,0.6518641297900951,0.6390404714949516,0.8191657101751008,-0.06513888888888886,-0.06152777777777774,0.3423780031918073,0.45815660946582965,0.16705120231172654,0.7801113542195919,0.02564731659028696,0.0036111111111111205,0.02148956897396952,0.30554130702977594,0.10667369840001603,0.11082993053740808,0.0,0.9999999987499999,0.6359824898240546,0.29585147310495497,0.2753115746258751,0.4072689596443439,fearful,06,22,22,female,strong,2620
0,0.0,True,1.0,0.4029242106905432,0.4024604924296729,0.4026923515601081,0.6541560669686132,-0.06569444444444444,-0.06115740740740738,0.32724404847452637,0.4337339139683196,0.16876130242820955,0.6155906394420546,0.0004637182608702717,0.004537037037037062,0.005504684244531413,0.4279891304347819,0.11508423437344326,0.11083890951247567,0.0,0.9999999987499999,0.6160506618272309,0.2874310196377304,0.29120007625283567,0.43885662122272995,fearful,06,22,22,female,strong,2621
10,0.33366666666666667,True,1.0,0.49093316679744436,0.5052276037105934,0.4980803852540189,0.6527148260656135,-0.06518518518518523,-0.060972222222222316,0.3349802834286771,0.4374578089588686,0.16736293455812778,0.7630903502779479,0.014294436913149022,0.004212962962962918,0.012104600360100169,0.4308510638297859,0.11372474630573207,0.11257235378321147,0.0,0.9999999987499999,0.6120279455375901,0.28727715571182955,0.2875873505973464,0.4355207046413404,fearful,06,22,22,female,strong,2621
20,0.6673333333333333,True,1.0,0.23862228224914575,0.27272878486494584,0.2556755335570458,1.1158552990506085,-0.09273148148148147,-0.09069444444444447,0.33958774200614356,0.5648156451984561,0.19097861416070602,0.2291296494936033,0.03410650261580009,0.002037037037037004,0.008147142488604198,0.2499999999999995,0.11050798674853773,0.11490569126489092,0.0,0.9999999987499999,0.6149743334521308,0.2981113951673318,0.30020722904378655,0.43036980943176745,fearful,06,22,22,female,strong,2621
30,1.0010000000000001,True,1.0,0.44457366000592596,0.46555440983196655,0.45506403491894626,1.2427489061640329,-0.08203703703703707,-0.08009259259259255,0.30056574578399264,0.66855050264501,0.19375354394440278,0.36617536548358987,0.02098074982604059,0.0019444444444445264,0.00538990365348281,0.24241317091809034,0.11389763875690917,0.11424676829939795,0.0,0.9999999987499999,0.5944637532513005,0.2945377831333107,0.33395842000927334,0.45614785774419137,fearful,06,22,22,female,strong,2621
40,1.3346666666666667,True,1.0,0.3248076939552558,0.31936454249408,0.3220861182246679,0.9082148827684268,-0.0795833333333334,-0.07773148148148146,0.345381026376791,0.45409094980872877,0.18759153039354048,0.3546364680161184,0.005443151461175855,0.0018518518518519378,0.007024017479523724,0.32420608960578956,0.110138565120704,0.11690110764434193,0.0,0.9999999987499999,0.6057827206820228,0.300733303088775,0.3269675560752782,0.45229333095788393,fearful,06,22,22,female,strong,2621
50,1.6683333333333334,True,1.0,0.40917107583774237,0.37293424774879724,0.3910526617932698,0.6825562834340186,-0.07828703703703704,-0.07333333333333336,0.35202547370508513,0.27968883001391476,0.18976072179864673,0.5729236859791829,0.03623682808894513,0.004953703703703682,0.006378004181952047,0.37157676588560207,0.11106072956991139,0.11487018416636109,0.0,0.9999999987499999,0.6044726616193352,0.3017042325298074,0.3175381468627372,0.44618687455508754,fearful,06,22,22,female,strong,2621
60,2.0020000000000002,True,1.0,0.5001220405247219,0.5245901639344266,0.5123561022295742,0.9010576472284044,-0.07564814814814824,-0.07240740740740753,0.3359912295499882,0.4790574540422704,0.18901971014220054,0.5686163408140963,0.024468123409704723,0.0032407407407407107,0.011733412358463105,0.32176896073434264,0.10891627662025902,0.11156864805694039,0.0,0.9999999987499999,0.6157637185421043,0.3014969844313011,0.3101406082821862,0.42856616443962586,fearful,06,22,22,female,strong,2621
70,2.3356666666666666,True,1.0,0.2288903338951419,0.23599111054270563,0.23244072221892376,1.0142899541196708,-0.09736111111111118,-0.09162037037037046,0.3401474704605062,0.4507817786060577,0.18967385838108636,0.22916595128921022,0.007100776647563728,0.005740740740740713,0.007894479741967208,0.2737816514408507,0.0981301519316764,0.11765417534535773,0.0,0.9999999987499999,0.6389670953772134,0.320109805057095,0.29620001570759075,0.44451816125746396,fearful,06,22,22,female,strong,2621
80,2.6693333333333333,True,1.0,0.48623315163583186,0.5015859578779729,0.49390955475690235,0.8339879979754966,-0.08699074074074076,-0.08175925925925936,0.35710236044606325,0.39051818952820827,0.19734751940380224,0.592226214233138,0.015352806242141026,0.005231481481481393,0.005752635381620265,0.3129028645329169,0.10765973147766322,0.11295045244500372,0.0,0.9999999987499999,0.6197044296937525,0.29967872069273555,0.30493297787326124,0.4261135503183819,fearful,06,22,22,female,strong,2621
90,3.003,True,1.0,0.41650600860529946,0.4428545330916136,0.4296802708484565,0.8944215678050715,-0.08986111111111111,-0.0841203703703704,0.342508016744494,0.4678512816211143,0.1911319565555269,0.4804001673426777,0.02634852448631414,0.005740740740740713,0.0036433517354358177,0.2946327068617182,0.10943110798649894,0.1108920520118073,0.0,0.9999999987499999,0.6189866643454257,0.297311003733,0.29732843869266556,0.4159872103573973,fearful,06,22,22,female,strong,2621
100,3.336666666666667,True,1.0,0.5521962215304612,0.592458198321032,0.5723272099257466,0.9503923380887096,-0.08101851851851849,-0.07300925925925927,0.336371208282439,0.5311016006966321,0.1793543579180893,0.6022009931990062,0.04026197679057075,0.008009259259259216,0.00351841477403646,0.2651140643723524,0.10691880600436882,0.11264176723793622,0.0,0.9999999987499999,0.630108389988808,0.2934540588340253,0.28575038110595097,0.4181623787055254,fearful,06,22,22,female,strong,2621
0,0.0,True,1.0,0.49260378228110896,0.5052276037105934,0.49891569299585115,0.6388272765748547,-0.060694444444444495,-0.05782407407407397,0.33774858103940575,0.4096827099773522,0.1701393373098541,0.7809868352379137,0.012623821429484428,0.002870370370370523,0.0029065166345487166,0.4163288249132962,0.11263411367983935,0.11146325796324671,0.0,0.9999999987499999,0.6210863256005528,0.2906361179292365,0.2913425655021295,0.4468958598476952,disgust,07,22,22,female,normal,2622
10,0.33366666666666667,True,1.0,0.2915542060237093,0.2816256697903858,0.28658993790704756,0.6208002265054035,-0.06250000000000011,-0.05819444444444438,0.33333333333333315,0.4161843259468126,0.1673615669747278,0.46164599442934173,0.009928536233323515,0.004305555555555729,0.005424732665132287,0.4346235764468716,0.11323206374884467,0.11171177608939914,0.0,0.9999999987499999,0.6208059444637231,0.2903004339236218,0.29015178684912657,0.4410241107979718,disgust,07,22,22,female,normal,2622
20,0.6673333333333333,True,1.0,0.3690927458846358,0.3887389413649458,0.3789158436247908,0.9158562488450686,-0.06509259259259259,-0.06208333333333338,0.3473076139895637,0.4040404040404036,0.17227581653246093,0.4137285126378936,0.01964619548030999,0.0030092592592592116,0.003710800447004595,0.31432748124153137,0.11285843748800084,0.11140726401789675,0.0,0.9999999987499999,0.6200761949545444,0.29217032889869987,0.3017222255455825,0.44966805649276514,disgust,07,22,22,female,normal,2622
30,1.0010000000000001,True,1.0,0.40277929874871476,0.4030810949454635,0.40293019684708914,0.928104575163399,-0.05101851851851852,-0.04828703703703696,0.36067854858887055,0.32679738562091504,0.16901021603737446,0.4341430994197509,0.00030179619674874925,0.002731481481481557,0.008106501340931839,0.30929972105861187,0.11147554402005762,0.11346463882348762,0.0,0.9999999987499999,0.6147195259588211,0.29319175326883157,0.30628899355571726,0.45454040606688884,disgust,07,22,22,female,normal,2622
40,1.3346666666666667,True,1.0,0.25982905982906,0.2400111398791239,0.24992009985409197,0.8131627457471458,-0.05606481481481479,-0.0499074074074074,0.3429796992590921,0.31004807828509234,0.17670392382661576,0.3073432731162097,0.01981791994993612,0.006157407407407389,0.011034877975101557,0.36222229302967474,0.11240268155581479,0.11254624985762528,0.0,0.9999999987499999,0.6126245344387755,0.2943831381427493,0.3011854138142076,0.43533015447806944,disgust,07,22,22,female,normal,2622
50,1.6683333333333334,True,1.0,0.41510593052372863,0.4440343076229059,0.42957011907331727,1.0252576274573213,-0.06263888888888897,-0.05685185185185193,0.34766072916961754,0.3964329492834974,0.18629180588200323,0.4189874891627657,0.028928377099177283,0.005787037037037035,0.006463877097029911,0.3000000000000001,0.1127861620944372,0.11096654984979167,0.0,0.9999999987499999,0.6082294633634704,0.29516724613167306,0.30932336318605164,0.4374238684411089,disgust,07,22,22,female,normal,2622
60,2.0020000000000002,True,1.0,0.4636544639916004,0.4722984745632655,0.46797646927743297,1.0219026020497393,-0.057731481481481495,-0.0521759259259259,0.33776218209128284,0.46194225721784715,0.17937264837066702,0.4579462547005581,0.00864401057166514,0.005555555555555591,0.01266645813861675,0.29311977804900774,0.1105287045054739,0.11471980889674177,0.0,0.9999999987499999,0.61272551517482,0.29234040687261303,0.30117936659646677,0.4407555601893818,disgust,07,22,22,female,normal,2622
70,2.3356666666666666,True,1.0,0.20109404308237458,0.21006627159206523,0.2055801573372199,0.8248442640116529,-0.07,-0.0627314814814815,0.3324469870787283,0.3341884255165737,0.1841210342932545,0.24923511783591137,0.00897222850969065,0.0072685185185185075,0.016148321611059037,0.33152390606762366,0.11142813583996597,0.11283783023043772,0.0,0.9999999987499999,0.6131365745360644,0.2919852453027697,0.3009061004247307,0.4330418845441859,disgust,07,22,22,female,normal,2622
80,2.6693333333333333,True,1.0,0.4632104759291981,0.5160429108050982,0.48962669336714815,0.7597246290643658,-0.06444444444444447,-0.05541666666666667,0.35038053815655934,0.32557984534843326,0.18086333297338325,0.6444791634175989,0.052832434875900114,0.009027777777777801,0.017906326781607376,0.37163303825730487,0.10780764947350233,0.1107640999321601,0.0,0.9999999987499999,0.6336637631693303,0.29155748152994354,0.2768484181123876,0.4005108838844017,disgust,07,22,22,female,normal,2622
90,3.003,True,1.0,0.4944190948807803,0.5360592701765617,0.5152391825286711,0.7165974810452621,-0.06277777777777777,-0.053842592592592664,0.3421923398902715,0.31004807828509234,0.18153432709562803,0.7190078058565311,0.041640175295781456,0.008935185185185102,0.019938001049479206,0.38940029491808603,0.11143766873041874,0.11350183772014029,0.0,0.9999999987499999,0.6139666015703157,0.2908257014119706,0.29953821185236457,0.4423799833385827,disgust,07,22,22,female,normal,2622
100,3.336666666666667,True,1.0,0.5230989844337548,0.55556094322968,0.5393299638317174,0.6921540549988262,-0.05986111111111114,-0.05226851851851849,0.3493294078320572,0.31212892281594584,0.18086333297338325,0.7792050916072897,0.03246195879592517,0.007592592592592651,0.01722169468813504,0.4080634160152133,0.10746036900412907,0.11075755647683795,0.0,0.9999999987499999,0.6368082617656438,0.2909109016159737,0.2738320524235307,0.3988144583116001,disgust,07,22,22,female,normal,2622
110,3.6703333333333332,True,1.0,0.4421438976548506,0.4940824047718743,0.4681131512133625,0.7248818090773124,-0.06337962962962962,-0.05421296296296291,0.3466640221012796,0.32133747587545436,0.18024247110957486,0.6457785881110941,0.05193850711702369,0.009166666666666712,0.019006415686943962,0.37137860927011984,0.11477314714243039,0.11064564029361768,0.0,0.9999999987499999,0.6126121973867672,0.29088972427636883,0.30452262941152874,0.4395285303472031,disgust,07,22,22,female,normal,2622
0,0.0,True,1.0,0.4781650248274578,0.4915728036103072,0.4848689142188825,0.6718963195694121,-0.06263888888888891,-0.057962962962962994,0.33411166597953895,0.3989110496366456,0.17430949483188368,0.7216424619346227,0.013407778782849378,0.004675925925925917,0.010288477014189926,0.37497425344523966,0.11498687776036286,0.1093833958089378,0.0,0.9999999987499999,0.6183757143404237,0.29108596195344566,0.29956245564920564,0.4474445841055521,disgust,07,22,22,female,normal,2623
10,0.33366666666666667,True,1.0,0.2080125735844611,0.19414184432195028,0.2010772089532057,0.6338760711606335,-0.07412037037037039,-0.06671296296296297,0.33858165672330515,0.42028739500868056,0.17222931003000191,0.31721848812660064,0.013870729262510817,0.007407407407407418,0.007115528604884029,0.39130434782608736,0.11286928728376358,0.11139627182304294,0.0,0.9999999987499999,0.6179677683104492,0.29029779834073804,0.2918991328629466,0.4383776281770243,disgust,07,22,22,female,normal,2623
20,0.6673333333333333,True,1.0,0.42340939198013605,0.4009368863147595,0.4121731391474478,0.9810669557191957,-0.05726851851851855,-0.05166666666666658,0.33068994402447693,0.5260094716868123,0.16737752141912057,0.42012743039061384,0.022472505665376563,0.005601851851851969,0.01059839456691799,0.27864833970908975,0.1134414880143043,0.11098530593188131,0.0,0.9999999987499999,0.6150692955932373,0.29044997532195,0.30878425551949196,0.44833425076707073,disgust,07,22,22,female,normal,2623
30,1.0010000000000001,True,1.0,0.3882901373576603,0.3945931775481047,0.3914416574528825,0.9558822491393746,-0.05351851851851852,-0.05092592592592593,0.3493175565134827,0.4577464291653349,0.16667399072449116,0.4095082399587561,0.0063030401904443645,0.002592592592592591,0.0028487006897339336,0.2934719742880425,0.11243296298517855,0.1109815952524949,0.0,0.9999999987499999,0.6080372421312275,0.29491156456560813,0.3144579451498562,0.4567936178095868,disgust,07,22,22,female,normal,2623
40,1.3346666666666667,True,1.0,0.40292567519997374,0.3944340562802999,0.3986798657401368,0.8619079871390765,-0.05120370370370375,-0.048888888888888926,0.3501604861735592,0.3972703690230518,0.17084047876316596,0.46255501943249344,0.008491618919673816,0.002314814814814825,0.005207192616073135,0.33433675919299677,0.11128764131838285,0.11263861852259328,0.0,0.9999999987499999,0.6103513421071555,0.2950720710955607,0.31184602163874936,0.45114201244514585,disgust,07,22,22,female,normal,2623
50,1.6683333333333334,True,1.0,0.35783500617961667,0.38080079628716107,0.36931790123338887,1.1248359386120033,-0.05624999999999997,-0.05898148148148141,0.3363050347595283,0.520185189824004,0.17363264297900666,0.32833046007501365,0.022965790107544404,0.002731481481481446,0.003064970659545636,0.26013053035722095,0.11336093014038788,0.11106758687107708,0.0,0.9999999987499999,0.6043082758103242,0.29648957962926903,0.31947945165955866,0.45665303605654173,disgust,07,22,22,female,normal,2623
60,2.0020000000000002,True,1.0,0.4233498973456008,0.40138648595974297,0.4123681916526719,0.6377764892448251,-0.06574074074074077,-0.059537037037037055,0.3454660167046957,0.3255798453484334,0.1770988427644488,0.6465716416435272,0.021963411385857834,0.006203703703703711,0.012379486847918616,0.4073540867437363,0.11380277778220883,0.1104424427344222,0.0,0.9999999987499999,0.6069040774747398,0.2931838151230974,0.3076134424344633,0.44178487208292133,disgust,07,22,22,female,normal,2623
70,2.3356666666666666,True,1.0,0.409319833082456,0.38067759729787576,0.3949987151901659,0.8029550431420391,-0.0674537037037038,-0.06319444444444444,0.3318125994159924,0.4507817786060569,0.17571007646889375,0.4919312962335955,0.02864223578458025,0.0042592592592593514,0.011524348935146577,0.3458400081679611,0.11313301733850128,0.11112842019997315,0.0,0.9999999987499999,0.6051805207395458,0.2956095917903604,0.31098587553859375,0.44791890790246613,disgust,07,22,22,female,normal,2623
80,2.6693333333333333,True,1.0,0.47908669781535035,0.48536267169707553,0.48222468475621294,0.8245553880495964,-0.061481481481481526,-0.06050925925925932,0.3301067854592541,0.3980612218170466,0.17440401077074308,0.5848299480485688,0.006275973881725183,0.0009722222222222077,0.012503166168522654,0.32974137931034564,0.11461515425518942,0.11080929309369321,0.0,0.9999999987499999,0.6078827717336935,0.2943415470103085,0.31098604107174904,0.43896686738506013,disgust,07,22,22,female,normal,2623
90,3.003,True,1.0,0.4799803462554278,0.4576276618858142,0.468804004070621,0.7600277923137742,-0.059907407407407354,-0.059398148148148144,0.3280927211266341,0.4014336917562731,0.17439132410786193,0.6168248172128387,0.022352684369613574,0.0005092592592592093,0.013771593149830182,0.361260623227262,0.1142730530921437,0.10995578531906454,0.0,0.9999999987499999,0.6079167401726315,0.2939201813508002,0.3102641772249187,0.4355109838534419,disgust,07,22,22,female,normal,2623
100,3.336666666666667,True,1.0,0.28649426857182725,0.28930876832142244,0.2879015184466248,0.7805301479028941,-0.06842592592592583,-0.06509259259259254,0.3251057157628655,0.4191508581752491,0.17507366264951332,0.36885380945265256,0.0028144997495951896,0.0033333333333332993,0.001748762974653214,0.36503353815534484,0.11285564122092634,0.11123895758708456,0.0,0.9999999987499999,0.6094224753026211,0.2939793663038957,0.30535395852014086,0.4313337697632687,disgust,07,22,22,female,normal,2623
110,3.6703333333333332,True,1.0,0.4587813620071678,0.44376015698018356,0.4512707594936757,0.7949828559384599,-0.06509259259259259,-0.0637037037037037,0.32393654471422895,0.4336043360433599,0.17021465526170568,0.5676484167208367,0.01502120502698423,0.001388888888888884,0.008396758164962336,0.3481840808797675,0.11421039498860668,0.11088332066937903,0.0,0.9999999987499999,0.6114679141812975,0.294512082251721,0.31011726841572573,0.44040710966708313,disgust,07,22,22,female,normal,2623
0,0.0,True,1.0,0.5139283130644747,0.513097681508337,0.5135129972864059,0.65435167011385,-0.06333333333333324,-0.06115740740740733,0.3280279068401912,0.43373391396831873,0.16944489470319568,0.7847660833463759,0.0008306315561377176,0.0021759259259259145,0.005528351208122803,0.37896277101605896,0.11224770029351853,0.11116896792314943,0.0,0.9999999987499999,0.6175767919902337,0.29109775767027374,0.29169148305117876,0.45222224306628694,disgust,07,22,22,female,normal,2624
10,0.33366666666666667,True,1.0,0.5198858025731655,0.5181451764989311,0.5190154895360484,0.6883610291577922,-0.06361111111111106,-0.061620370370370436,0.32448085470193,0.4444444444444441,0.1673629345581279,0.7539873228603055,0.0017406260742344193,0.0019907407407406263,0.008918925954239256,0.3631815129131802,0.11384410129051445,0.1097073844344598,0.0,0.9999999987499999,0.6152267491058925,0.2903078183050887,0.2936992770350433,0.4465913928024279,disgust,07,22,22,female,normal,2624
20,0.6673333333333333,True,1.0,0.18345488601391716,0.20220058468290186,0.19282773534840952,1.0777884353740608,-0.0641666666666666,-0.062361111111111145,0.3359968883603404,0.5388798389828363,0.1666739907244912,0.1789105626110064,0.018745698668984706,0.0018055555555554492,0.0048624626968822495,0.2633004591780535,0.11207839524066222,0.11185182525547628,0.0,0.9999999987499999,0.6185289381924646,0.29271571563205134,0.3040036463009268,0.45551669145916873,disgust,07,22,22,female,normal,2624
30,1.0010000000000001,True,1.0,0.26543722509188017,0.2867508021060118,0.276094013598946,0.980969177305351,-0.0527314814814816,-0.049675925925925846,0.33345316567374383,0.3980612218170466,0.16536822867081508,0.28145024327609924,0.021313577014131613,0.0030555555555557556,0.006812986374646863,0.3097723154517658,0.11020964197963207,0.11318975423860354,0.0,0.9999999987499999,0.6166633179599964,0.2935429507539271,0.3026443266085982,0.4520076175033159,disgust,07,22,22,female,normal,2624
40,1.3346666666666667,True,1.0,0.35377740355119225,0.3729342477487977,0.36335582564999497,0.8323686518936235,-0.05509259259259269,-0.04972222222222217,0.33602966666603223,0.3738604961895085,0.16470196146710306,0.43653232834197575,0.019156844197605438,0.005370370370370525,0.011007638078597322,0.362684390294807,0.11125197806484668,0.11097006530661901,0.0,0.9999999987499999,0.6197363180584734,0.2936227586610771,0.29047343255533614,0.42489643811835526,disgust,07,22,22,female,normal,2624
50,1.6683333333333334,True,1.0,0.4785457217327525,0.46556260581552583,0.47205416377413917,0.9672434549970182,-0.06032407407407414,-0.053611111111111165,0.3324468085106382,0.4835555555555564,0.17382367629381523,0.48804069061971,0.012983115917226673,0.006712962962962976,0.01177724613769666,0.2894824447283164,0.1124222689264906,0.10961061773128322,0.0,0.9999999987499999,0.6221551139361995,0.2929889267762996,0.29451317590942794,0.4256355533997003,disgust,07,22,22,female,normal,2624
60,2.0020000000000002,True,1.0,0.45016783143550204,0.48752158852173666,0.4688447099786194,1.0074792599302467,-0.0568981481481482,-0.05273148148148149,0.3406005093937084,0.4477685599689981,0.17869821795160384,0.46536413068302773,0.03735375708623462,0.004166666666666707,0.010020686660480858,0.2890624999999997,0.10910713437929909,0.11341604445471659,0.0,0.9999999987499999,0.6188965810152186,0.29378367482714557,0.29218793991847514,0.4218871793054781,disgust,07,22,22,female,normal,2624
70,2.3356666666666666,True,1.0,0.3717573302308382,0.4007752069211711,0.38626626857600466,0.8185548985080108,-0.05722222222222206,-0.052222222222222225,0.3300926450806335,0.35894540084759274,0.1799327836822381,0.4718880423048674,0.0290178766903329,0.004999999999999838,0.01714307946421458,0.3493137204323765,0.10998418802858788,0.1118866770702919,0.0,0.9999999987499999,0.6107294212528761,0.2956260343001236,0.2880538407068548,0.4161198239193187,disgust,07,22,22,female,normal,2624
80,2.6693333333333333,True,1.0,0.4258157128954632,0.4589230773045933,0.44236939510002826,0.7613299854419068,-0.05615740740740738,-0.049537037037037046,0.35570392326020567,0.30051036189852653,0.1758198956575524,0.5810481703846975,0.03310736440913009,0.006620370370370332,0.01901651176132185,0.3667957412506273,0.11218629386544475,0.11088784073886465,0.0,0.9999999987499999,0.6143336452080832,0.2937206290755569,0.3012744363361381,0.4253697818974221,disgust,07,22,22,female,normal,2624
90,3.003,True,1.0,0.456179772274746,0.4580288079099102,0.4571042900923281,0.7082246274193016,-0.06328703703703709,-0.05638888888888888,0.35365613559930514,0.3607733599043162,0.17030069213265492,0.6454227548651754,0.0018490356351641979,0.006898148148148209,0.021498748152641748,0.3825195197709049,0.11052026681570178,0.1116988300764635,0.0,0.9999999987499999,0.6223039560668017,0.29144015084461716,0.2907761962639064,0.4210667310331298,disgust,07,22,22,female,normal,2624
100,3.336666666666667,True,1.0,0.45658860878483265,0.49206707145514045,0.4743278401199865,0.7132629555633266,-0.062268518518518445,-0.056574074074074,0.35035598202245555,0.3431543602279671,0.17101187951141814,0.6650111805475275,0.0354784626703078,0.005694444444444446,0.019614181409650502,0.38391282662618254,0.11166800752966709,0.11037893895196464,0.0,0.9999999987499999,0.6236712377919917,0.29098007459321634,0.28958838697737577,0.41887306608145347,disgust,07,22,22,female,normal,2624
110,3.6703333333333332,True,1.0,0.4557949173160965,0.4866556084042794,0.47122526286018795,0.6915811426778946,-0.06032407407407403,-0.05509259259259258,0.3467520801660463,0.34576954090510975,0.17101187951141808,0.6813737879484983,0.0308606910881829,0.005231481481481448,0.021435534048357772,0.4209226996057504,0.11263087206594301,0.10974401406373326,0.0,0.9999999987499999,0.621504357915041,0.29153576479714916,0.29079319275554333,0.42077671727956883,disgust,07,22,22,female,normal,2624
0,0.0,True,1.0,0.485618393412909,0.5054612588378973,0.49553982612540315,0.6577071707583294,-0.06273148148148155,-0.06013888888888885,0.3315940418989612,0.43377579246996667,0.1680573714677489,0.7534353404632201,0.019842865424988254,0.002592592592592702,0.009392891956039649,0.4074415858933546,0.1147597510789064,0.10804616300581009,0.0,0.9999999987499999,0.6155052605417167,0.2903513266007614,0.2923187069379339,0.4356770093988806,disgust,07,22,22,female,normal,2625
10,0.33366666666666667,True,1.0,0.5000511972631893,0.4977069160972028,0.49887905668019605,0.833289586203046,-0.06125000000000003,-0.05865740740740738,0.33758151351868115,0.4791204574311405,0.16736521383896155,0.5986862969851577,0.0023442811659864504,0.0025925925925926463,0.012189956985093231,0.30980999413249666,0.1141207259245605,0.10854551936869149,0.0,0.9999999987499999,0.6141034815332382,0.2911866027858652,0.28967165337637607,0.4272527772368853,disgust,07,22,22,female,normal,2625
20,0.6673333333333333,True,1.0,0.4301759348537146,0.4584706200277145,0.44432327744071454,1.0097631686087163,-0.04958333333333326,-0.04625000000000001,0.3539795745040815,0.39043077781749097,0.17020344934400025,0.4400272175236073,0.02829468517399991,0.0033333333333332438,0.0025760572069986956,0.2937047988116447,0.10885379500462201,0.11247972969710941,0.0,0.9999999987499999,0.6142055845072403,0.2929425295416426,0.2985553482032598,0.43574102572445333,disgust,07,22,22,female,normal,2625
30,1.0010000000000001,True,1.0,0.1388353362017669,0.12911967550029577,0.13397750585103135,0.9745098610200605,-0.05652777777777779,-0.051574074074074105,0.3298637916870948,0.4012687663023776,0.16184374386358774,0.13748193959863214,0.009715660701471146,0.004953703703703682,0.002614226619909899,0.34742647058823495,0.1111247447036367,0.11023669713127662,0.0,0.9999999987499999,0.617291793529912,0.29437282104671975,0.3086457758575787,0.4437291491689956,disgust,07,22,22,female,normal,2625
40,1.3346666666666667,True,1.0,0.2654562579371144,0.27767067240353305,0.2715634651703237,0.8407291688396844,-0.050879629629629664,-0.04625000000000001,0.35049419495211326,0.33220995106569395,0.15976998172581555,0.323009448506606,0.012214414466418633,0.00462962962962965,0.0015475210571765177,0.35381608385579044,0.11118502292584574,0.10948202211668732,0.0,0.989211617930366,0.6206984311380802,0.2935051689594504,0.2980181963296052,0.43117228657601664,disgust,07,22,22,female,normal,2625
50,1.6683333333333334,True,1.0,0.3508631692132571,0.35295072047218146,0.3519069448427193,0.8341100437618182,-0.051712962962963016,-0.0474074074074074,0.34845912461556516,0.32133747587545436,0.16528193221939325,0.4218951054175377,0.0020875512589243472,0.004305555555555618,0.006757963540976734,0.35963114754098335,0.11203314820465414,0.11341916382991596,0.0,0.9999999987499999,0.6195913933776636,0.2930422725014684,0.3028760759353216,0.4440852791051026,disgust,07,22,22,female,normal,2625
60,2.0020000000000002,True,1.0,0.19753086419753024,0.18516597649460703,0.19134842034606864,1.0474345423190357,-0.06083333333333346,-0.05893518518518526,0.3230705322508877,0.4364177410903064,0.17295240163192802,0.1826829387566505,0.01236488770292321,0.0018981481481482043,0.008905903511940198,0.29719063931363277,0.1134935950056205,0.1117874454759433,0.0,0.9999999987499999,0.6158372104857568,0.2921130205757467,0.3024917702011526,0.43974855642396393,disgust,07,22,22,female,normal,2625
70,2.3356666666666666,True,1.0,0.3683147704872058,0.36923076923076903,0.36877276985898744,0.8395660499418717,-0.060601851851851796,-0.05504629629629626,0.33788319609977596,0.3917974899728735,0.17639061901081732,0.4392421178590057,0.00091599874356324,0.005555555555555536,0.0017969228695172564,0.3566396504565607,0.11182271818378425,0.10987595675500572,0.0,0.9999999987499999,0.6160437259903961,0.29394934454870325,0.3055828431762538,0.44237266411843607,disgust,07,22,22,female,normal,2625
80,2.6693333333333333,True,1.0,0.3474236175561988,0.36704017252038723,0.357231895038293,0.9092484495425049,-0.05694444444444441,-0.05356481481481479,0.34587764687293976,0.37195176635020205,0.1673725073290452,0.3928869993872817,0.019616554964188404,0.0033796296296296213,0.006802179160656178,0.33271943447708696,0.11028588893793709,0.11210033303183638,0.0,0.9999999987499999,0.6205442542251276,0.2925114839979576,0.30498832984518714,0.4510847699722729,disgust,07,22,22,female,normal,2625
90,3.003,True,1.0,0.4445475433645846,0.44371540766272555,0.44413147551365506,0.6057613168724276,-0.0622685185185185,-0.06078703703703703,0.36373109768475315,0.31604938271604915,0.1729171078841007,0.7331789983003957,0.000832135701859027,0.0014814814814814725,0.010017470082620002,0.44075383310739924,0.110419663876917,0.11128586614558748,0.0,0.9999999987499999,0.6222336930319002,0.2926361749083715,0.297124665300012,0.441906899230535,disgust,07,22,22,female,normal,2625
100,3.336666666666667,True,1.0,0.4367916469395455,0.46556260581552644,0.45117712637753593,0.6097329335613583,-0.06412037037037038,-0.059537037037037,0.3660986425501276,0.31133069141353664,0.17152955693100008,0.7399585975162573,0.028770958875980968,0.004583333333333384,0.013166794223682882,0.44329825692203556,0.11170110812759693,0.11222860569247917,0.0,0.9999999987499999,0.6192883282688075,0.2915589929112832,0.2975218595521242,0.43950524297471494,disgust,07,22,22,female,normal,2625
110,3.6703333333333332,True,1.0,0.47123447670016727,0.485491688312233,0.47836308250620013,0.6417228818790914,-0.06347222222222221,-0.06023148148148144,0.3552456289670809,0.3408216843786248,0.1729166666666666,0.7454356015878045,0.014257211612065723,0.0032407407407407662,0.014772206239603514,0.43347470896089163,0.11106544508064975,0.11268877696719605,0.0,0.9999999987499999,0.6196093929446779,0.29121203509623694,0.29524898241686226,0.43896008854926205,disgust,07,22,22,female,normal,2625
0,0.0,True,1.0,0.45137566021295644,0.471209559434903,0.4612926098239297,0.6249397270840974,-0.0616666666666667,-0.058333333333333404,0.33581132558082144,0.39579516048659474,0.1701406825656586,0.7381393594167428,0.01983389922194656,0.0033333333333332993,0.007281044166717398,0.4250000000000007,0.11658277304935023,0.10978348570935123,0.0,0.9999999987499999,0.6179240520114296,0.28988998084743867,0.2970439350805312,0.43777948204584965,disgust,07,22,22,female,strong,2626
10,0.33366666666666667,True,1.0,0.4650378179214435,0.47857367753975927,0.47180574773060135,0.7052312834724784,-0.05912037037037038,-0.05601851851851858,0.3308078965165214,0.409008262678803,0.17083377993145385,0.6690085349128071,0.013535859618315771,0.0031018518518518,0.0030028097460252897,0.38247579721922487,0.11552689615541259,0.11072212526681995,0.0,0.9999999987499999,0.6184410694277712,0.28902320072495913,0.2968751443900737,0.4357175581923396,disgust,07,22,22,female,strong,2626
20,0.6673333333333333,True,1.0,0.32420187077644413,0.36202434452458543,0.3431131076505148,1.3628388893938403,-0.0791203703703704,-0.07041666666666663,0.3149403404911355,0.6888133030987897,0.1889034290576577,0.25176351388323215,0.037822473748141294,0.008703703703703769,0.008284010139972778,0.2201045816508485,0.11222180235908188,0.11490273961671811,0.0,0.9999999987499999,0.6055926785870599,0.2959216617684445,0.32167954682936833,0.4432948247062698,disgust,07,22,22,female,strong,2626
30,1.0010000000000001,True,1.0,0.38290598290598266,0.43010752688172094,0.4065067548938518,0.9239005152546338,-0.06444444444444442,-0.056944444444444575,0.3684940728850006,0.3784963718716635,0.1876468337822827,0.4399897480107104,0.04720154397573828,0.00749999999999984,0.010909810713982258,0.3283787303457967,0.10991887265494894,0.11092505520096826,0.0,0.9999999987499999,0.607125839070003,0.30102940738794154,0.31719957378832414,0.4377382979622223,disgust,07,22,22,female,strong,2626
40,1.3346666666666667,True,1.0,0.20466489120440923,0.17746644995780578,0.19106567058110752,0.8682129209291561,-0.06287037037037035,-0.050555555555555576,0.35179447191116625,0.2848823646798794,0.18140189284711347,0.2200677575457299,0.02719844124660345,0.012314814814814778,0.030114029186188034,0.35156249999999994,0.10882861071057505,0.11199491027509997,0.0,0.9999999987499999,0.5994780974968112,0.30479773553771605,0.3060790981962603,0.4148166766243738,disgust,07,22,22,female,strong,2626
50,1.6683333333333334,True,1.0,0.2866205473588421,0.30618089808485904,0.2964007227218506,1.3570137949814984,-0.06912037037037039,-0.05694444444444441,0.3070295979306113,0.5379462883745008,0.1884087787601568,0.21842130405600757,0.019560350726016917,0.012175925925925979,0.025603548472086464,0.21975410759624361,0.10850171182196615,0.11231164217746685,0.0,0.9999999987499999,0.5959104994107017,0.3028416732237676,0.30121955063475386,0.41480236447145463,disgust,07,22,22,female,strong,2626
60,2.0020000000000002,True,1.0,0.3212183009356176,0.34972677595628554,0.3354725384459516,0.9855739957366545,-0.06078703703703703,-0.04935185185185187,0.36813838022153345,0.2139498628673743,0.1850935668365558,0.3403829036653986,0.028508475020667945,0.01143518518518516,0.031161300094865067,0.31109953062801393,0.11131488615890925,0.11124999789620466,0.0,0.9999999987499999,0.5902948718393607,0.3073890186108758,0.3145555575049693,0.4299143221599779,disgust,07,22,22,female,strong,2626
70,2.3356666666666666,True,1.0,0.3166050191418877,0.34651600753295553,0.33156051333742165,0.8676320226894201,-0.05791666666666673,-0.04893518518518508,0.35976945786435105,0.253606018345076,0.1859491709689177,0.3821441632705942,0.029910988391067816,0.008981481481481646,0.03139700545004078,0.34750566492237794,0.09972293659772712,0.11348832760673337,0.0,0.9999999987499999,0.6496273815698155,0.3223186163907938,0.30475662758353644,0.4603714652182981,disgust,07,22,22,female,strong,2626
80,2.6693333333333333,True,1.0,0.18262231375650448,0.2224588548278761,0.2025405842921903,0.9101653321463881,-0.06092592592592583,-0.052638888888888846,0.3411623698285477,0.3057468573875037,0.18373281708503178,0.22253164028402514,0.039836541071371634,0.008287037037036982,0.03804683628421769,0.3427601990509144,0.09844130006159298,0.11608837390726791,0.0,0.9999999987499999,0.6503985857155362,0.32182090182443407,0.3011815471878632,0.46091641095658115,disgust,07,22,22,female,strong,2626
90,3.003,True,1.0,0.29232647029133296,0.31213735388918823,0.30223191209026057,1.1416080753099227,-0.06666666666666665,-0.05694444444444435,0.32908947992184445,0.38052613035638344,0.1901944438184733,0.2647422689334174,0.019810883597855267,0.009722222222222299,0.0290808217828837,0.25992498895109434,0.11189608041535481,0.10945366813385832,0.0,0.9865482409192228,0.5983371516184599,0.3044994739094773,0.2942401986919131,0.40803660386632706,disgust,07,22,22,female,strong,2626
100,3.336666666666667,True,1.0,0.33254666512048925,0.34059126845598486,0.33656896678823706,0.8546811593322768,-0.0690277777777778,-0.05611111111111111,0.3483418252458805,0.2848823646798792,0.19498085751574243,0.3937947655839084,0.008044603335495615,0.012916666666666687,0.031447176323274074,0.3482004068292598,0.11037266917242006,0.1101280729043055,0.0,0.9999999987499999,0.6097155432641808,0.29967917338471894,0.2851479998494075,0.399146239373773,disgust,07,22,22,female,strong,2626
110,3.6703333333333332,True,1.0,0.43501659880931803,0.4663023679417116,0.4506594833755148,0.6982355310638478,-0.06981481481481483,-0.05592592592592588,0.36273178286334984,0.2172651128866616,0.19423177563420368,0.6454261682857639,0.03128576913239356,0.01388888888888895,0.030936512934120204,0.3929425768163789,0.10772614806207748,0.11169947126176792,0.0,0.9999999987499999,0.6162473845553846,0.3002972653325797,0.2800374600341843,0.39394786451212527,disgust,07,22,22,female,strong,2626
120,4.0040000000000004,True,1.0,0.44815960512226477,0.46624844049751407,0.4572040228098894,0.7463655597088117,-0.070462962962963,-0.05458333333333332,0.3518576587011224,0.2646066784392954,0.19204881690341583,0.6125738478451013,0.0180888353752493,0.015879629629629688,0.0317341197218139,0.37882582801059983,0.10750719364073404,0.11019464005309779,0.0,0.9999999987499999,0.6242828392997823,0.30011888282560034,0.2799450140593919,0.396054808502007,disgust,07,22,22,female,strong,2626
0,0.0,True,1.0,0.5191103776677449,0.4982728791224393,0.5086916283950921,0.620203486479678,-0.06277777777777777,-0.0568981481481482,0.3391027886136019,0.3858742463393624,0.17152955693100008,0.8202011750731429,0.020837498545305644,0.005879629629629568,0.014076975479507668,0.4374658243174115,0.11348747630109123,0.11247327498583291,0.0,0.9999999987499999,0.6217714269926722,0.28990938198001,0.29414024883239653,0.43902006416166717,disgust,07,22,22,female,strong,2627
10,0.33366666666666667,True,1.0,0.5188247123713836,0.513213123724317,0.5160189180478503,0.6067538481137061,-0.06319444444444439,-0.05560185185185179,0.33221999626981674,0.3950617283950612,0.17292063758304477,0.8504584184378307,0.005611588647066568,0.007592592592592595,0.00893901019153617,0.4447293917956358,0.11370829514447493,0.1089774906831132,0.0,0.9999999987499999,0.6208243860903737,0.2903850706261215,0.2901294970462823,0.42727030147589234,disgust,07,22,22,female,strong,2627
20,0.6673333333333333,True,1.0,0.4306731524362001,0.4368340922902286,0.43375362236321435,0.8607067857315261,-0.06194444444444436,-0.057453703703703785,0.3332412077962527,0.4514991181657852,0.17500174385291845,0.5039505085283618,0.0061609398540285465,0.004490740740740573,0.009329947459983712,0.33235761268587094,0.113123532322633,0.11010471442074844,0.0,0.9999999987499999,0.6167396222004426,0.29080712192075786,0.29773702879938524,0.4313894595194613,disgust,07,22,22,female,strong,2627
30,1.0010000000000001,True,1.0,0.1392732386883254,0.1285574913335928,0.13391536501095908,1.049675925094663,-0.06300925925925921,-0.05648148148148158,0.35297402305725506,0.31624029275910703,0.16388888888888892,0.12757781883859265,0.010715747354732602,0.0065277777777776325,0.01172050126647212,0.30314794486640584,0.1108380212440503,0.11590986863595121,0.0,0.9999999987499999,0.6073990946925645,0.300690690472172,0.32584975306848707,0.4533798337573452,disgust,07,22,22,female,strong,2627
40,1.3346666666666667,True,1.0,0.3380863339545422,0.2944266296560583,0.31625648180530025,0.888835851510181,-0.06953703703703701,-0.06087962962962973,0.33565646678215977,0.3738604961895083,0.17779880505291812,0.3558097721508005,0.04365970429848387,0.00865740740740728,0.011221004012597582,0.3482004068292596,0.11333680513397311,0.11380308035466954,0.0,0.9999999987499999,0.6087820543451755,0.2959683354081556,0.3210602152656592,0.4410381490281052,disgust,07,22,22,female,strong,2627
50,1.6683333333333334,True,1.0,0.3952231516120447,0.4086801081295439,0.4019516298707943,1.2722935292463682,-0.07337962962962957,-0.06541666666666657,0.30702396660185066,0.6130268199233723,0.18960305135840613,0.31592680512089594,0.01345695651749923,0.007962962962963005,0.012735517581676575,0.2507012021277167,0.11376132853094946,0.11321055021313464,0.0,0.9999999987499999,0.5991381622492747,0.2992200354474165,0.3264740892631279,0.4451138070873239,disgust,07,22,22,female,strong,2627
60,2.0020000000000002,True,1.0,0.37249868433102135,0.37743082294754887,0.3749647536392851,1.0349421339807576,-0.08000000000000007,-0.07550925925925922,0.3501633500761064,0.36953345922305436,0.1966038521108732,0.3623050423090193,0.004932138616527526,0.004490740740740851,0.013860174059100715,0.30784173049338387,0.11165083995610908,0.11595160316123738,0.0,0.9999999987499999,0.6017256893460511,0.29846202618497975,0.32548888238094975,0.44639094080026764,disgust,07,22,22,female,strong,2627
70,2.3356666666666666,True,1.0,0.4133736252115879,0.40277929874871576,0.4080764619801518,0.8956944483791567,-0.07504629629629617,-0.07037037037037036,0.3429208037912363,0.4202873950086808,0.19043809459322839,0.45559784669716835,0.010594326462872117,0.004675925925925806,0.0173789999151361,0.36346153846153867,0.11428695933156086,0.11251069072673348,0.0,0.9999999987499999,0.607414405973327,0.2946683562948875,0.3196250296678376,0.44225421539509996,disgust,07,22,22,female,strong,2627
80,2.6693333333333333,True,1.0,0.3491341928722438,0.31013515642850653,0.32963467465037516,1.1170458710413365,-0.08101851851851849,-0.07907407407407413,0.30041105552517705,0.5978367748279259,0.19246261862476374,0.2950950208903077,0.038999036443737256,0.0019444444444443598,0.002843794372456716,0.2614354573978661,0.11370570824064281,0.11259158348640608,0.0,0.9999999987499999,0.607484455821391,0.2934099033640906,0.31668626033079145,0.44086804591370116,disgust,07,22,22,female,strong,2627
90,3.003,True,1.0,0.3872892124032274,0.3745792751606108,0.3809342437819191,1.2117521533039814,-0.08509259259259261,-0.08263888888888887,0.316599221347503,0.5540376413648388,0.19795521143305866,0.31436646738630347,0.012709937242616598,0.0024537037037037357,0.00939957901871056,0.2540499924257203,0.10999181617568692,0.1128962983532683,0.0,0.9999999987499999,0.6089134950073779,0.2933481513982417,0.3055355824121434,0.4307725035868701,disgust,07,22,22,female,strong,2627
100,3.336666666666667,True,1.0,0.44441294285999255,0.437503837476641,0.4409583901683168,0.9237424670086042,-0.0842592592592592,-0.0809259259259259,0.3300572799742972,0.44759277635618905,0.20213769135755233,0.4773607427579807,0.006909105383351544,0.0033333333333332993,0.000495090573467901,0.3205136926521378,0.11182465551933723,0.11022023629152755,0.0,0.9999999987499999,0.6056400166629151,0.2939794427444545,0.31031027348856016,0.4255447649170575,disgust,07,22,22,female,strong,2627
110,3.6703333333333332,True,1.0,0.4091675737433337,0.41666666666666685,0.41291712020500027,0.8737813118024961,-0.08166666666666672,-0.07824074074074078,0.3266139055632565,0.4511957569382198,0.20212108351226893,0.4725634602475149,0.007499092923333173,0.0034259259259259434,0.006683041425768327,0.3427456782910531,0.11487635391098541,0.11190883751270139,0.0,0.9999999987499999,0.6038005761132578,0.2942215535359193,0.3239343891947909,0.442647920168473,disgust,07,22,22,female,strong,2627
120,4.0040000000000004,True,1.0,0.43053591867673413,0.4378782453353258,0.43420708200603,0.8333333333333324,-0.07898148148148149,-0.07481481481481483,0.3341712573709813,0.43055555555555497,0.19518619083212763,0.5210484984072365,0.007342326658591691,0.004166666666666652,0.004787418661481704,0.34687499999999927,0.11376580414715066,0.11370981574940524,0.0,0.9999999987499999,0.6067940879242323,0.2944148595012909,0.3205537047593664,0.4415422108116729,disgust,07,22,22,female,strong,2627
0,0.0,True,1.0,0.4453699310482033,0.43722460579575445,0.4412972684219789,0.7168912396042066,-0.06023148148148144,-0.05564814814814817,0.32688561947320105,0.4444444444444441,0.16806690468486665,0.6155707365954391,0.008145325252448876,0.004583333333333273,0.006910608393753363,0.3937250853727308,0.11419067059940961,0.11124667980990213,0.0,0.9999999987499999,0.6199644325542717,0.28946267494140693,0.2915583802486832,0.44447546090551204,disgust,07,22,22,female,strong,2628
10,0.33366666666666667,True,1.0,0.17914929302303723,0.1744487816084947,0.17679903731576596,1.095215135977769,-0.07231481481481483,-0.0678703703703703,0.31524066433368486,0.5846080793394853,0.1694462454722704,0.16142859197971737,0.00470051141454253,0.004444444444444529,0.004230710729405171,0.25844594594594644,0.11121639537598084,0.11405324402446178,0.0,0.9999999987499999,0.6152515194358994,0.29259266846740606,0.3020760180771257,0.4392927430430217,disgust,07,22,22,female,strong,2628
20,0.6673333333333333,True,1.0,0.43008191549205177,0.42867557149528734,0.42937874349366956,0.7722748037116572,-0.06300925925925932,-0.05643518518518509,0.32697880021427045,0.458967667042365,0.17430949483188363,0.5559921694065599,0.0014063439967644253,0.006574074074074232,0.012912375825867085,0.3820539549919394,0.1114749944108695,0.11211384936163607,0.0,0.9999999987499999,0.6142498954816302,0.29741875357329783,0.3129328506701634,0.44420557530855254,disgust,07,22,22,female,strong,2628
30,1.0010000000000001,True,1.0,0.3154121863799282,0.3093928428477294,0.3124025146138288,0.9942735605095157,-0.061203703703703705,-0.05328703703703708,0.3204493379289564,0.5197150317334817,0.17093378850645188,0.3142017720492719,0.006019343532198795,0.007916666666666627,0.027034486173542305,0.32420608960578956,0.10951449154683618,0.11335938403444384,0.0,0.9999999987499999,0.6137920375415791,0.2991871886297191,0.30613082486200743,0.43243732787026457,disgust,07,22,22,female,strong,2628
40,1.3346666666666667,True,1.0,0.30970343568904607,0.34610463966807,0.327904037678558,0.8100875216411352,-0.059027777777777846,-0.05060185185185179,0.3388100249156439,0.33391842045620485,0.17601072234641735,0.404776062979301,0.03640120397902391,0.008425925925926059,0.028617478262064747,0.3654816316152101,0.10762764341439354,0.11382105517027984,0.0,0.9999999987499999,0.6158901280668517,0.29905027820988633,0.3028767543828363,0.43293033266818665,disgust,07,22,22,female,strong,2628
50,1.6683333333333334,True,1.0,0.3592382759535253,0.3848704187318486,0.37205434734268694,0.7864931954972859,-0.055925925925925934,-0.05277777777777776,0.35625652853180356,0.27797159170802965,0.18428670713176193,0.47305475682779874,0.025632142778323264,0.0031481481481481777,0.022481540257819878,0.3786077157562245,0.11053131450173703,0.11117497330438678,0.0,0.9999999987499999,0.5982296613410989,0.30744877366527207,0.31001841743307657,0.42409866840427163,disgust,07,22,22,female,strong,2628
60,2.0020000000000002,True,1.0,0.3944169533005564,0.46713906217579076,0.4307780077381736,0.830410267939678,-0.05902777777777768,-0.05629629629629629,0.334325050715477,0.3350125828749112,0.18710305224310314,0.5187532288190178,0.07272210887523434,0.0027314814814813904,0.025005466665834048,0.3654816316152096,0.1074087954398247,0.11386039232864648,0.0,0.9999999987499999,0.6084651179065376,0.3008428109029142,0.2970584684913769,0.4206917691901641,disgust,07,22,22,female,strong,2628
70,2.3356666666666666,True,1.0,0.3622150582523817,0.4218243045303225,0.3920196813913521,0.8146277430452805,-0.06625000000000009,-0.06189814814814815,0.32881391529835075,0.42944116457493686,0.18930203999344278,0.4812255471755545,0.059609246277940786,0.00435185185185194,0.03082708438630651,0.359721602565908,0.09946622086006068,0.11270364594630798,0.0,0.9999999987499999,0.6434284176952031,0.29910285978151785,0.27423305276260496,0.4056586519973468,disgust,07,22,22,female,strong,2628
80,2.6693333333333333,True,1.0,0.3703660111813589,0.39809295018537066,0.3842294806833648,0.8425455671176341,-0.06282407407407414,-0.05805555555555553,0.3250005870675459,0.375965754087222,0.19063830102477278,0.45603406590556506,0.02772693900401174,0.004768518518518616,0.04176415215223988,0.33180325288841367,0.10303505420105274,0.10945052995797641,0.0,0.9999999987499999,0.6408916051342413,0.29990632945259443,0.27914875889509483,0.403855209540228,disgust,07,22,22,female,strong,2628
90,3.003,True,1.0,0.37171605693434673,0.43691148775894584,0.4043137723466463,0.9298276573641917,-0.059166666666666645,-0.054398148148148195,0.34115134430934685,0.3503554514637503,0.1865569990429278,0.4348265715097847,0.06519543082459911,0.00476851851851845,0.04756948965361943,0.3031729317932953,0.10140022828772635,0.11113837569720937,0.0,0.9999999987499999,0.6422250043220413,0.2982471471342178,0.2750995755382683,0.4005861267955459,disgust,07,22,22,female,strong,2628
100,3.336666666666667,True,1.0,0.4116933922583937,0.4436661248945156,0.4276797585764547,0.7321976734602812,-0.0637962962962963,-0.05425925925925923,0.3292162482648826,0.2927124079664487,0.1844005208652884,0.5841042304263134,0.03197273263612194,0.009537037037037066,0.04076611257806895,0.37318618359498285,0.10764517212594081,0.11262651336209488,0.0,0.9999999987499999,0.6176548665638131,0.296575441927388,0.292585208589115,0.41248066556499297,disgust,07,22,22,female,strong,2628
110,3.6703333333333332,True,1.0,0.4477583160725713,0.47235807886845327,0.4600581974705123,0.6898257699358581,-0.06462962962962965,-0.053750000000000075,0.34275864889064644,0.2744501751575811,0.18442575730281766,0.6669194128733257,0.02459976279588194,0.010879629629629572,0.03630241761966294,0.40219769288508683,0.11020641523009807,0.11166779376454536,0.0,0.9999999987499999,0.6181349868541166,0.2955687885497002,0.29835049755054066,0.41480452559755704,disgust,07,22,22,female,strong,2628
120,4.0040000000000004,True,1.0,0.4887196522853756,0.5092893719843165,0.49900451213484603,0.7437855762402313,-0.06337962962962967,-0.054120370370370374,0.3357471639587702,0.3074547839375771,0.18442575730281766,0.6708983450005425,0.020569719698940836,0.0092592592592593,0.030181289268664608,0.3589531818378721,0.10811150334105075,0.1123486599266358,0.0,0.9999999987499999,0.619122858838848,0.296078884720223,0.2961693755775051,0.415086527402759,disgust,07,22,22,female,strong,2628
0,0.0,True,1.0,0.45775667850096985,0.4636535846366817,0.46070513156882575,0.6437154270597416,-0.06550925925925927,-0.059027777777777735,0.335976739335691,0.43377579246996667,0.16805555555555562,0.7156968936928536,0.005896906135711866,0.0064814814814815325,0.009751179882764827,0.4285088433423047,0.1141922141459478,0.10899596291426837,0.0,0.9999999987499999,0.6185803703043717,0.2899662105012742,0.2953988823583216,0.44486502400010514,disgust,07,22,22,female,strong,2629
10,0.33366666666666667,True,1.0,0.47129539384354346,0.48456073503317776,0.4779280644383606,0.6435448376092124,-0.06486111111111115,-0.05935185185185188,0.33420897596721305,0.4125847329340356,0.16666849771129608,0.7426492087387059,0.013265341189634294,0.005509259259259269,0.013609816864681937,0.40399694869629915,0.11317042295787808,0.11109032701200632,0.0,0.9999999987499999,0.6214602993541167,0.28999707308878225,0.2948069482541353,0.44475316246970364,disgust,07,22,22,female,strong,2629
20,0.6673333333333333,True,1.0,0.3808007962871626,0.3919473930609161,0.3863740946740394,1.2420712897422856,-0.04888888888888876,-0.044999999999999984,0.3300085946275174,0.555936527643454,0.16743813444332603,0.3110723980700071,0.011146596773753459,0.003888888888888775,0.015940186141242273,0.24877047377592926,0.10956017635309624,0.11514983711585514,0.0,0.9999999987499999,0.6162986616599766,0.29474097380830117,0.31225178387649655,0.4582196327243796,disgust,07,22,22,female,strong,2629
30,1.0010000000000001,True,1.0,0.12356893164753194,0.12628858863022951,0.12492876013888073,1.0284996879068462,-0.06462962962962954,-0.05611111111111122,0.3284213401154499,0.48484848484848425,0.1799442316849471,0.1214669888652371,0.002719656982697577,0.008518518518518314,0.026678885140057753,0.28962888227575956,0.11122547308965432,0.11303760225648958,0.0,0.9999999987499999,0.5968279185267857,0.30233420794498395,0.32079857444219345,0.44650243271736023,disgust,07,22,22,female,strong,2629
40,1.3346666666666667,True,1.0,0.4349161910043882,0.43715846994535584,0.43603733047487203,0.7458164432296039,-0.059675925925925966,-0.05268518518518517,0.35237788585163854,0.27797159170802965,0.1862295453986906,0.5846442974449618,0.0022422789409676236,0.006990740740740797,0.018988416927696292,0.36861120127028063,0.1089882227586625,0.11469900106385744,0.0,0.9999999987499999,0.599979340556535,0.29968649739889536,0.31301512905891704,0.43718112092041955,disgust,07,22,22,female,strong,2629
50,1.6683333333333334,True,1.0,0.43683409229023035,0.42328042328042376,0.43005725778532705,0.6792562271923378,-0.06236111111111109,-0.05805555555555558,0.36391175768914846,0.21552061682445064,0.18621602556979983,0.6331296505928863,0.01355366900980659,0.004305555555555507,0.015401361322819055,0.4006786768886388,0.1097767341548404,0.11327376745381917,0.0,0.9999999987499999,0.608799768594938,0.298671715581801,0.30856265451548903,0.425330160117258,disgust,07,22,22,female,strong,2629
60,2.0020000000000002,True,1.0,0.4240524029459931,0.42993082103826213,0.42699161199212765,0.8135111384040289,-0.0653703703703703,-0.06162037037037038,0.31629998688637695,0.4594582164600336,0.183367038287288,0.5248749424990209,0.005878418092269022,0.00374999999999992,0.01860079137496224,0.36456355503113363,0.11130681172114087,0.11211101335139596,0.0,0.9999999987499999,0.6104257699017107,0.29429970918044956,0.31151112893254596,0.4358555863646569,disgust,07,22,22,female,strong,2629
70,2.3356666666666666,True,1.0,0.3729553505083694,0.3766743337216532,0.3748148421150113,0.7683104770117011,-0.07467592592592592,-0.067962962962963,0.3194204964040487,0.48016595584952604,0.17917049906572252,0.4878429402301422,0.0037189832132837886,0.006712962962962921,0.025174180922088795,0.3912949099407329,0.10833301695552297,0.11365391109342014,0.0,0.9999999987499999,0.6161704477103341,0.2914151095215396,0.2927292251803944,0.4205697432503075,disgust,07,22,22,female,strong,2629
80,2.6693333333333333,True,1.0,0.41591276662777293,0.39113570016928867,0.40352423339853083,1.2271440455878462,-0.073888888888889,-0.06708333333333338,0.2984531626928142,0.5892068484338984,0.18132112357228442,0.32883200211856806,0.024777066458484265,0.00680555555555562,0.014002086551339074,0.23678374345394776,0.10757038820545722,0.1128668690229,0.0,0.9999999987499999,0.6184987733609069,0.29889753555244186,0.29005175169365566,0.4033432383363364,disgust,07,22,22,female,strong,2629
90,3.003,True,1.0,0.4376779938160759,0.4639930550147664,0.4508355244154212,0.8321202585534279,-0.07430555555555568,-0.06986111111111115,0.34159537590249683,0.43721572907044565,0.17323801598776395,0.5417913093465136,0.02631506119869048,0.004444444444444529,0.019704997775267727,0.30555519283593074,0.10783743369519533,0.11090701943777323,0.0,0.9999999987499999,0.6266377171493598,0.29802129032720315,0.29029976701999455,0.4022732234881615,disgust,07,22,22,female,strong,2629
100,3.336666666666667,True,1.0,0.4157508881241086,0.4333357166498419,0.42454330238697524,0.6475179619325498,-0.07444444444444448,-0.06462962962962954,0.3485839486116084,0.3581757750038987,0.16566553728273165,0.6556471439338987,0.017584828525733287,0.009814814814814943,0.03261678624008642,0.4074415858933537,0.10365037407306739,0.11399718980070878,0.0,0.9999999987499999,0.6390153007218512,0.2991946498990862,0.27373404185630335,0.3930645955632881,disgust,07,22,22,female,strong,2629
110,3.6703333333333332,True,1.0,0.41664324236476596,0.4546002162229077,0.4356217292938368,0.7083081022034541,-0.07199074074074086,-0.061203703703703705,0.34196620861291854,0.39579516048659474,0.16777088726566414,0.6150172897058137,0.03795697385814173,0.01078703703703715,0.034754802209509585,0.36394845212167737,0.11014553372060477,0.11375569829258156,0.0,0.9999999987499999,0.6179659562418717,0.297516908349841,0.29939269563183213,0.42946958830550785,disgust,07,22,22,female,strong,2629
120,4.0040000000000004,True,1.0,0.35276488461004324,0.3789042279899582,0.3658345563000007,0.7559954706003595,-0.07287037037037036,-0.06287037037037041,0.33845651970282187,0.39891104963664675,0.1732873337180959,0.4839110424953738,0.02613934337991497,0.009999999999999953,0.03173411474077517,0.3436754257502879,0.12573091884567986,0.10386670035413656,0.0,0.9999999987499999,0.5952889658597814,0.2592132039104063,0.27964490932497105,0.34065166052545753,disgust,07,22,22,female,strong,2629
0,0.0,True,1.0,0.5253590382842286,0.5386316851952231,0.5319953617397258,0.6698791175897392,-0.060601851851851796,-0.05921296296296291,0.33946110558426285,0.3827628475840669,0.17152822256781344,0.7941662126353088,0.013272646910994501,0.001388888888888884,0.0033222051946140956,0.39240865114096346,0.11564829753328011,0.10973059873408063,0.0,0.9999999987499999,0.6155970981752076,0.2893140143032996,0.2946389995019165,0.44020448816969854,surprised,08,22,22,female,normal,2630
10,0.33366666666666667,True,1.0,0.22886088142527175,0.23437952629499234,0.23162020386013205,0.9505434028949613,-0.0703240740740741,-0.06629629629629635,0.332586527010361,0.4959356884669357,0.1701406825656586,0.2436713601448528,0.00551864486972059,0.004027777777777741,0.0030205693588585786,0.27717391304347877,0.11379283903925186,0.11062503839017208,0.0,0.9999999987499999,0.6126156122683448,0.2910184600975269,0.29376479927488747,0.43761841730809065,surprised,08,22,22,female,normal,2630
20,0.6673333333333333,True,1.0,0.5572176670310139,0.5693346776385491,0.5632761723347814,0.9852562248549583,-0.05541666666666667,-0.05296296296296288,0.33535474843778257,0.520381808902266,0.16459075009659904,0.5717052662293025,0.012117010607535117,0.002453703703703791,0.0004663557772922537,0.26182276777214053,0.11208851008897945,0.11184168900271263,0.0,0.9999999987499999,0.6129739483684099,0.2913105370382333,0.2855870083132182,0.43416133867381523,surprised,08,22,22,female,normal,2630
30,1.0010000000000001,True,1.0,0.18597187887866443,0.17672334608427215,0.1813476124814683,0.8823042361443159,-0.06976851851851845,-0.0665277777777778,0.36921129145519643,0.35292169445772614,0.17436857329742897,0.20553863968052605,0.009248532794392278,0.003240740740740655,0.004255368885066998,0.2976644310635854,0.11177222510717413,0.11130519956195416,0.0,0.9999999987499999,0.6170108027664191,0.2913532953811435,0.29466074766889827,0.43420370092414046,surprised,08,22,22,female,normal,2630
40,1.3346666666666667,True,1.0,0.16482214030757072,0.1714011076467953,0.16811162397718302,0.7898489017943238,-0.06370370370370376,-0.057499999999999996,0.32954270185748863,0.4231119958746249,0.1673629345581279,0.21284023260053755,0.006578967339224584,0.006203703703703767,0.01959400101591149,0.35199796565642033,0.11197720558312181,0.11144142443353391,0.0,0.9999999987499999,0.6172095039734644,0.3017781213287037,0.28901445747877585,0.4265576365840947,surprised,08,22,22,female,normal,2630
50,1.6683333333333334,True,1.0,0.47639754898863323,0.49206707145514045,0.48423231022188684,0.9684056565774973,-0.05625000000000002,-0.048611111111111105,0.3515992223890021,0.3913420119046049,0.1715562420152142,0.5000304437845214,0.015669522466507213,0.007638888888888917,0.014452700075364675,0.2851027397260271,0.11210904891021096,0.11250055304610644,0.0,0.9999999987499999,0.6147709770783313,0.29146553284200755,0.29661906969198143,0.43860547823087265,surprised,08,22,22,female,normal,2630
60,2.0020000000000002,True,1.0,0.5018789843497753,0.5052276037105929,0.5035532940301841,0.7883566012723955,-0.05425925925925923,-0.05097222222222225,0.34896304024931,0.41422126507532586,0.17294490231316773,0.638737968601337,0.0033486193608176507,0.0032870370370369772,0.014924842614760195,0.33368644067796593,0.1141157999961294,0.10925049126596972,0.0,0.9999999987499999,0.6128895397768482,0.28933388066893945,0.29039433657800773,0.42317532748635617,surprised,08,22,22,female,normal,2630
70,2.3356666666666666,True,1.0,0.5378211500027704,0.5606852459435315,0.549253197973151,0.8618746988974693,-0.05337962962962961,-0.05018518518518511,0.34539784506647425,0.3838035768527789,0.17430949483188374,0.6372773196333166,0.02286409594076111,0.0031944444444444997,0.011581461893373514,0.29003906250000033,0.11456805240990771,0.10930031500494128,0.0,0.9999999987499999,0.6106867544439651,0.28989495505087765,0.29448868321772503,0.4251668239135984,surprised,08,22,22,female,normal,2630
80,2.6693333333333333,True,1.0,0.5427345584881749,0.5379404992964941,0.5403375288923344,0.7450706652411997,-0.056574074074074054,-0.052592592592592635,0.35586257617623684,0.35944641539052063,0.17223329679369823,0.7252164849590642,0.004794059191680744,0.003981481481481419,0.012948344827098376,0.3355099792443928,0.11309322299423105,0.11065358764236782,0.0,0.9999999987499999,0.6147707805544093,0.2888109709083561,0.288792729078107,0.4235667725561633,surprised,08,22,22,female,normal,2630
90,3.003,True,1.0,0.34204668417748546,0.33685705019613704,0.33945186718681125,0.7694181928971904,-0.06458333333333333,-0.05824074074074076,0.3488059257156718,0.3913420119046049,0.17430949483188374,0.4411799335139568,0.005189633981348418,0.006342592592592566,0.008654908476148986,0.3398772494064441,0.11466129398492185,0.10955086969110245,0.0,0.9999999987499999,0.6133960780484068,0.2885724086590074,0.2972606936468706,0.4357739728634249,surprised,08,22,22,female,normal,2630
100,3.336666666666667,True,1.0,0.5039886926381719,0.532537203911166,0.518262948274669,0.7635212416080207,-0.06175925925925929,-0.0559722222222222,0.35338794867747886,0.39492478014207966,0.17362209709164386,0.6787799998637585,0.02854851127299407,0.0057870370370370905,0.0098116608196461,0.32004310344827586,0.11360606108005841,0.11047245958267356,0.0,0.9999999987499999,0.6142429859521934,0.2887961313524053,0.29473658443862955,0.4342485092141061,surprised,08,22,22,female,normal,2630
0,0.0,True,1.0,0.5304578857804699,0.5519883410523152,0.5412231134163925,0.6195749369671786,-0.06148148148148147,-0.05777777777777765,0.3437352654364578,0.3232323232323231,0.17361506614418637,0.8735393914829439,0.021530455271845272,0.00370370370370382,0.0024303238798057073,0.4040875397078779,0.11392464563556601,0.10979739825022074,0.0,0.9999999987499999,0.6185431028348839,0.2875066803500938,0.29322630490372253,0.4441736957302346,surprised,08,22,22,female,normal,2631
10,0.33366666666666667,True,1.0,0.5436863259328852,0.5599547943628217,0.5518205601478534,0.7485089074978531,-0.062361111111111145,-0.05884259259259256,0.34635170261145487,0.3541872406287667,0.17222620914999012,0.7372264439611043,0.016268468429936456,0.0035185185185185874,0.005329614213965219,0.32190798200436826,0.11440260779788147,0.10982098486715215,0.0,0.9999999987499999,0.6141111723908314,0.28860732719744,0.2988365968248422,0.4414961523581676,surprised,08,22,22,female,normal,2631
20,0.6673333333333333,True,1.0,0.3612800525066472,0.3572923558990846,0.3592862042028659,0.8061594672641437,-0.07444444444444448,-0.06509259259259259,0.3388228161182368,0.4304071732003472,0.17500392364463044,0.44567634418804547,0.003987696607562596,0.009351851851851889,0.0010175988592583418,0.305084745762712,0.11326930477828963,0.11064566005011914,0.0,0.9999999987499999,0.6149701157181622,0.289732161505116,0.29692937901206906,0.4384697524290891,surprised,08,22,22,female,normal,2631
30,1.0010000000000001,True,1.0,0.2737204487951355,0.27725585546021075,0.27548815212767314,0.8614604366970109,-0.06574074074074082,-0.058009259259259316,0.36102499930774123,0.37924628608924327,0.17222399420151366,0.3197919955371864,0.003535406665075236,0.007731481481481506,0.0017143748742664956,0.3109488579263892,0.11172022814725549,0.11169904329491366,0.0,0.9999999987499999,0.6219485348827031,0.2916550955363939,0.2964516899940046,0.4391139329812619,surprised,08,22,22,female,normal,2631
40,1.3346666666666667,True,1.0,0.4713278588536416,0.47120955943490245,0.471268709144272,0.8025904663770651,-0.06370370370370365,-0.05601851851851847,0.33237029719320915,0.42926822268236975,0.17572961454399932,0.587184534189153,0.00011829941873914285,0.007685185185185184,0.004128189037562637,0.3456885482496297,0.11189411483858155,0.10962960043735151,0.0,0.9999999987499999,0.6169015186934148,0.30071835940372127,0.28773112269353934,0.4195503889938962,surprised,08,22,22,female,normal,2631
50,1.6683333333333334,True,1.0,0.5334414850270635,0.5334471747908563,0.53344432990896,0.9335770584271734,-0.058379629629629615,-0.055138888888888904,0.3439328248808107,0.41930779142943,0.17161493459470595,0.571398284794691,5.68976379289321e-06,0.0032407407407407107,0.0033753407897995844,0.278602067554938,0.11308457294215013,0.11066242771580584,0.0,0.9999999987499999,0.6161468877316553,0.3009875189940832,0.29353061439202255,0.4263445882300646,surprised,08,22,22,female,normal,2631
60,2.0020000000000002,True,1.0,0.5061615751742473,0.5133349763497345,0.5097482757619909,0.8293750949593325,-0.05736111111111114,-0.05430555555555561,0.35351037846393835,0.4475814174943568,0.17089763144651174,0.6146172930198559,0.0071734011754871485,0.0030555555555555336,0.00944160611855628,0.3218074322041895,0.11196126101405543,0.11213909876770631,0.0,0.9999999987499999,0.6180083297694077,0.29787388885794985,0.28788402723550055,0.42385247975556256,surprised,08,22,22,female,normal,2631
70,2.3356666666666666,True,1.0,0.5732560983275645,0.5606852459435315,0.5669706721355481,0.8451230653215274,-0.056805555555555554,-0.05435185185185187,0.32265714818305324,0.4152564606573769,0.17435850949207068,0.6708735039906216,0.012570852384032993,0.00245370370370368,0.004165508650670774,0.3006324138320335,0.11498148066533681,0.10938906910692323,0.0,0.9999999987499999,0.616631359512555,0.28970347898441373,0.29929223843608155,0.43994447088888233,surprised,08,22,22,female,normal,2631
80,2.6693333333333333,True,1.0,0.535966417301343,0.5520897471179824,0.5440280822096627,0.8207500932457262,-0.06240740740740752,-0.058240740740740815,0.350623269052261,0.41699399898774797,0.17364670316586828,0.6628425469417338,0.016123329816639442,0.004166666666666707,0.0011545075999761056,0.2998292985777747,0.11527152353699913,0.11012633146789709,0.0,0.9999999987499999,0.6126598865249224,0.2958348810665628,0.2933999340235406,0.4244903017312191,surprised,08,22,22,female,normal,2631
90,3.003,True,1.0,0.5427345584881746,0.5654514713218844,0.5540930149050296,0.8013609650627371,-0.061851851851851936,-0.056157407407407434,0.34567322525884675,0.40735849057355805,0.1750156940507407,0.6914399865504438,0.0227169128337098,0.005694444444444502,0.0077967224806562,0.3098236085303665,0.1138650890621111,0.11192087566151614,0.0,0.9999999987499999,0.610226431635154,0.29591288288934553,0.28976341302094666,0.42281401388727596,surprised,08,22,22,female,normal,2631
100,3.336666666666667,True,1.0,0.2457864018051536,0.2535568473801856,0.2496716245926696,0.7503570822699518,-0.0767592592592593,-0.06800925925925921,0.34895817574654747,0.4080889394801491,0.1777988050529181,0.33273708010774344,0.007770445575031981,0.008750000000000091,0.001585641813732684,0.326130114242491,0.11553851476575312,0.11053777823448789,0.0,0.9999999987499999,0.6146692232439851,0.2875574543004365,0.29740326743035894,0.43464412011086373,surprised,08,22,22,female,normal,2631
0,0.0,True,1.0,0.5390573306251323,0.5326508754326879,0.5358541030289101,0.651384238558179,-0.06208333333333338,-0.06180555555555556,0.3409982278205068,0.38673283771896955,0.17430599325732177,0.8226390374673609,0.006406455192444427,0.0002777777777778212,0.006152434984919592,0.38669219886540357,0.11525580634068554,0.1103156202591776,0.0,0.9999999987499999,0.6142348137692576,0.2874968493521703,0.2955308373339359,0.444901273685625,surprised,08,22,22,female,normal,2632
10,0.33366666666666667,True,1.0,0.5252806308616597,0.5385252107827466,0.5319029208222031,0.7795251340287319,-0.06148148148148147,-0.06078703703703692,0.3374860824183471,0.45128205128205184,0.17083333333333334,0.6823422332429863,0.013244579921086963,0.000694444444444553,0.008556515590350535,0.33550997924439163,0.1171037977865964,0.10957584197807431,0.0,0.9999999987499999,0.6117236121557998,0.2878369725124998,0.298660320100362,0.4411675053179055,surprised,08,22,22,female,normal,2632
20,0.6673333333333333,True,1.0,0.5793228553215146,0.579011399832236,0.5791671275768753,1.0175029431238871,-0.06365740740740738,-0.06472222222222224,0.3221244554282798,0.5589100673497412,0.17569835258094374,0.5692043757620445,0.00031145548927857813,0.0010648148148148517,0.0053562807398695265,0.26144366197183083,0.1158398181849678,0.11108287479122333,0.0,0.9999999987499999,0.6102585043157888,0.2888989318038941,0.3001404276378873,0.4459725923024087,surprised,08,22,22,female,normal,2632
30,1.0010000000000001,True,1.0,0.4496478892128042,0.45654956138460445,0.4530987252987043,0.8876574210332416,-0.053379629629629555,-0.05087962962962955,0.33355679000210736,0.4298926520745534,0.17229707246693457,0.5104432347011678,0.006901672171800266,0.0025000000000000022,0.018054057550961237,0.30796618164049483,0.11410483780862607,0.11252620424670466,0.0,0.9999999987499999,0.6157542157409839,0.2899738331280232,0.2928271321586374,0.43461076932107723,surprised,08,22,22,female,normal,2632
40,1.3346666666666667,True,1.0,0.5411743190051475,0.531654827207387,0.5364145731062673,0.7183580146939984,-0.05129629629629623,-0.050277777777777755,0.34148612987158194,0.40652617212205955,0.17174292150899623,0.7467231688571969,0.00951949179776046,0.0010185185185184742,0.018312604155529627,0.3612606232272625,0.11554099124967163,0.11122249746419255,0.0,0.9999999987499999,0.6145026135766807,0.28897921946389415,0.2932567419398859,0.4323678755700122,surprised,08,22,22,female,normal,2632
50,1.6683333333333334,True,1.0,0.592847276347996,0.5953630383163737,0.5941051573321849,0.6906820316653095,-0.05064814814814822,-0.050833333333333286,0.30853518950459063,0.36011360844354057,0.1661748170125315,0.8601717289499088,0.002515761968377661,0.0001851851851850661,0.022198483825521417,0.3813048286550084,0.11555511878828256,0.11069267040049446,0.0,0.9999999987499999,0.6154951368828782,0.2961399691338427,0.2844806963419462,0.41251213575763535,surprised,08,22,22,female,normal,2632
60,2.0020000000000002,True,1.0,0.5624022145515922,0.5773394819038337,0.569870848227713,0.7172443439554707,-0.05458333333333337,-0.05305555555555552,0.3397920262935422,0.40578173364138387,0.16959026572786806,0.7945281869843407,0.014937267352241435,0.00152777777777785,0.018055422960589592,0.3626330425490472,0.11359841978339903,0.11219153238402885,0.0,0.9999999987499999,0.6147579654127276,0.2960909344832632,0.2868192036357152,0.4202476615586685,surprised,08,22,22,female,normal,2632
70,2.3356666666666666,True,1.0,0.5794335031953525,0.5688767544635049,0.5741551288294287,0.8351501673245594,-0.059305555555555445,-0.05851851851851847,0.35824234951109807,0.3853240907501409,0.17239932999698837,0.6874872942536312,0.010556748731847532,0.000787037037036975,0.022919286308010697,0.3043409395483202,0.11514657659920319,0.11094599906638425,0.0,0.9291096481585994,0.6185984590007878,0.2943831093153087,0.29338636478037844,0.42345022988731257,surprised,08,22,22,female,normal,2632
80,2.6693333333333333,True,1.0,0.36190269091609245,0.3722583997436802,0.3670805453298863,0.7702723263632082,-0.06842592592592595,-0.0658333333333333,0.3360459766384586,0.40558435324603737,0.17448054864018764,0.47655943588553124,0.01035570882758774,0.0025925925925926463,0.024752199999442455,0.3217781582585207,0.11511709126572979,0.11063270861052064,0.0,0.9999999987499999,0.6184442114580208,0.2926793017916592,0.2898813619440683,0.4192516606860197,surprised,08,22,22,female,normal,2632
90,3.003,True,1.0,0.40960021839524896,0.4477583160725719,0.4286792672339104,0.8389868021084331,-0.06587962962962968,-0.06240740740740747,0.3326825187164607,0.44683021967783876,0.17788760713328214,0.5109487612398779,0.03815809767732292,0.00347222222222221,0.03308632960533402,0.323038388933647,0.11410940284317515,0.11252157498220727,0.0,0.9999999987499999,0.6171250137789491,0.29337067235897124,0.2859825969525717,0.42249682916943065,surprised,08,22,22,female,normal,2632
100,3.336666666666667,True,1.0,0.5485981326054546,0.5937726743733804,0.5711854034894175,0.825062320892843,-0.06222222222222218,-0.06078703703703703,0.3345954887533428,0.4468302196778386,0.17514119582942927,0.6922936474317576,0.04517454176792579,0.0014351851851851505,0.03052846632131977,0.30976916170485513,0.11658197043454858,0.11013087110772256,0.0,0.9999999987499999,0.6193893934683248,0.2922830471017323,0.29422260599325745,0.42795632721819965,surprised,08,22,22,female,normal,2632
0,0.0,True,1.0,0.5247102998683805,0.560685245943531,0.5426977729059557,0.6805555555555551,-0.06282407407407409,-0.060833333333333295,0.3323789558370804,0.43055555555555497,0.17292063758304488,0.7974334622291598,0.035974946075150505,0.001990740740740793,0.003293045210259555,0.39030612244898033,0.11613018128065142,0.1100892081647089,0.0,0.9999999987499999,0.6179347041472838,0.2885480205867103,0.2958277443639712,0.44270835324080754,surprised,08,22,22,female,normal,2633
10,0.33366666666666667,True,1.0,0.5470202905076325,0.5599496538597478,0.5534849721836901,0.7638152219916753,-0.061990740740740735,-0.059305555555555556,0.33049891331676684,0.45134535844962653,0.17223329679369817,0.7246320265004125,0.012929363352115364,0.0026851851851851793,0.008901268362758095,0.3477272727272723,0.1159388798301191,0.11063560366017579,0.0,0.9999999987499999,0.615160216367797,0.2879800307727502,0.29573989980321824,0.44164096936632596,surprised,08,22,22,female,normal,2633
20,0.6673333333333333,True,1.0,0.5569296948078998,0.5789146015914519,0.5679221481996759,1.058201058201057,-0.06064814814814806,-0.05675925925925934,0.3276198033955261,0.5220458553791888,0.1757053001645301,0.5366864300486943,0.02198490678355214,0.0038888888888887196,0.011150880289194833,0.2474999999999999,0.11377713078047275,0.11201029161334258,0.0,0.9999999987499999,0.6170859024469163,0.28995096958979316,0.2939924052344864,0.43836880759589586,surprised,08,22,22,female,normal,2633
30,1.0010000000000001,True,1.0,0.30643390359829253,0.2938120235132128,0.30012296355575263,0.9513842098786799,-0.06597222222222215,-0.05879629629629629,0.3254582430038225,0.4685757093353662,0.17505274386528655,0.31545926497353177,0.01262188008507975,0.007175925925925863,0.012018225580357778,0.28582762761320196,0.1141082461638564,0.11218360359688874,0.0,0.9999999987499999,0.6197889854457409,0.2903077498092641,0.29497313933295877,0.43640611642988547,surprised,08,22,22,female,normal,2633
40,1.3346666666666667,True,1.0,0.5400339517539121,0.5599496538597478,0.54999180280683,0.7485757725587144,-0.05240740740740746,-0.04912037037037048,0.34508683957845915,0.38763575605680844,0.170146063482514,0.7347176103855158,0.01991570210583571,0.0032870370370369772,0.012490414263130403,0.34150062974995604,0.11618241895268416,0.11072449627484708,0.0,0.9999999987499999,0.6217217863864296,0.28869845047848147,0.297527070184587,0.4329346988180917,surprised,08,22,22,female,normal,2633
50,1.6683333333333334,True,1.0,0.5347441412868861,0.5244919868140807,0.5296180640504834,0.8823045267489712,-0.05782407407407403,-0.051712962962962905,0.35011226897790704,0.36872427983539174,0.17847393214836946,0.6002667423706505,0.010252154472805364,0.006111111111111123,0.017482072783340935,0.29422209650110104,0.114972354344181,0.11248972454418021,0.0,0.9999999987499999,0.6105976996892507,0.2890487562469063,0.3010917507195394,0.43777142650498596,surprised,08,22,22,female,normal,2633
60,2.0020000000000002,True,1.0,0.2735277071992896,0.2753542081289271,0.27444095766410836,0.7795262571962156,-0.07027777777777783,-0.06097222222222226,0.34320331097708207,0.3964086198938219,0.18611152104827625,0.35206121042184274,0.0018265009296374868,0.009305555555555567,0.024005116245627945,0.3494976459719679,0.11581327514655605,0.11145295753796688,0.0,0.9999999987499999,0.6167753494444652,0.28849559789911844,0.3068004502700967,0.43652432810052033,surprised,08,22,22,female,normal,2633
70,2.3356666666666666,True,1.0,0.5312733333736557,0.5564309674464865,0.5438521504100711,0.8523852817706369,-0.05560185185185185,-0.05083333333333323,0.3535221067091893,0.36061103963069735,0.18265935656628293,0.6380355949839276,0.02515763407283078,0.004768518518518616,0.023865895601325297,0.31190641830647314,0.11673546517970489,0.10962111053909873,0.0,0.9999999987499999,0.608725084189926,0.2885649022491196,0.3107893948936047,0.4430671773198155,surprised,08,22,22,female,normal,2633
80,2.6693333333333333,True,1.0,0.5803772502391932,0.5696793238142593,0.5750282870267263,0.8121407068048421,-0.06032407407407403,-0.05337962962962961,0.36437559870116504,0.3616424407599176,0.18333333333333335,0.7080402228439289,0.010697926424933835,0.00694444444444442,0.01501626336513267,0.316394029893152,0.11560573435839143,0.11115520133895203,0.0,0.9999999987499999,0.6087312362288665,0.2874512404513215,0.3046552522524366,0.442460557629127,surprised,08,22,22,female,normal,2633
90,3.003,True,1.0,0.5592133208416954,0.5724352714193945,0.565824296130545,0.7792893972982725,-0.059166666666666645,-0.05189814814814825,0.3609087486855993,0.3448727267219069,0.18333707863421062,0.726077241769499,0.013221950577699149,0.0072685185185183965,0.024904710855322604,0.33231523255710793,0.11747643003170014,0.10987205640553857,0.0,0.9999999987499999,0.6121359931238121,0.2876691285840214,0.30924263744832403,0.44206766793407054,surprised,08,22,22,female,normal,2633
100,3.336666666666667,True,1.0,0.5930202837266483,0.5969002257299997,0.5949602547283239,0.7797347757201155,-0.05879629629629629,-0.05351851851851852,0.36253190772952565,0.3386796459175713,0.18055555555555552,0.7630290109593417,0.0038799420033514,0.00527777777777777,0.01610373512142675,0.313899505526426,0.1166048912403709,0.11079656912726897,0.0,0.9999999987499999,0.6135521186834109,0.2878083559573605,0.3073372709248757,0.4422138298944298,surprised,08,22,22,female,normal,2633
0,0.0,True,1.0,0.5522191612279784,0.5686721529994043,0.5604456571136913,0.6718963195694121,-0.06254629629629627,-0.0597685185185185,0.32981455424381884,0.42690480750588383,0.17013933730985403,0.834125207699985,0.016452991771425896,0.002777777777777768,0.0062208552155199924,0.3749742534452405,0.11308173142701457,0.1096275142353227,0.0,0.9999999987499999,0.6191619454266082,0.29799565904006275,0.28560849877580846,0.42518719528001053,surprised,08,22,22,female,strong,2634
10,0.33366666666666667,True,1.0,0.5445742061396079,0.5604741696766697,0.5525241879081388,0.66660237555637,-0.0616666666666667,-0.060555555555555585,0.33249605285317796,0.4096827099773522,0.1715282225678134,0.8288662149560786,0.0158999635370618,0.0011111111111111183,0.001244244345944753,0.38727951066295785,0.11169250409304296,0.11121402041528358,0.0,0.9999999987499999,0.6200413798019208,0.29818434906563246,0.28039241845879703,0.4206867341181254,surprised,08,22,22,female,strong,2634
20,0.6673333333333333,True,1.0,0.5572176670310139,0.5789146015914524,0.5680661343112332,1.2135852035659076,-0.07199074074074069,-0.0687962962962963,0.3195594672761094,0.635687487582142,0.180559358475242,0.46808920596763237,0.02169693456043842,0.0031944444444443887,0.00689988264069317,0.2209821428571426,0.11030030861498959,0.11293282791833915,0.0,0.9999999987499999,0.6184870036608393,0.2970089031074281,0.294903579429989,0.4346236835853156,surprised,08,22,22,female,strong,2634
30,1.0010000000000001,True,1.0,0.5608433560017989,0.5793228553215153,0.5700831056616571,0.9401346046094707,-0.0621296296296297,-0.057083333333333375,0.3593979857024654,0.4249797392342578,0.17431255865192516,0.6063845569204083,0.018479499319716375,0.0050462962962963265,0.008169802216712234,0.2696837747827636,0.11093358595924233,0.1107735784433589,0.0,0.9999999987499999,0.6210135770480066,0.2990759990378023,0.29573710313860213,0.4289785163207378,surprised,08,22,22,female,strong,2634
40,1.3346666666666667,True,1.0,0.5784316610223103,0.5702802102720324,0.5743559356471712,0.7976265833334228,-0.06444444444444436,-0.06037037037037046,0.33259099949572446,0.4477685599689992,0.17572961454399944,0.7200812355661919,0.0081514507502779,0.004074074074073897,0.008211883528214019,0.32564203867837993,0.11075346534861183,0.11129655872070561,0.0,0.9999999987499999,0.618915287763543,0.2920331672976257,0.28689055307626754,0.4304027843059677,surprised,08,22,22,female,strong,2634
50,1.6683333333333334,True,1.0,0.5857761867524527,0.583938703184489,0.5848574449684709,0.9146065988617628,-0.06643518518518526,-0.06314814814814823,0.3593894136489678,0.4186448119411314,0.17988189485538586,0.6394633995603487,0.0018374835679636492,0.0032870370370370328,0.0058883086763824866,0.28520231716130673,0.1121077602688817,0.11267105803174886,0.0,0.9999999987499999,0.616850251397434,0.29558487845113035,0.3030957226463486,0.43996320109663,surprised,08,22,22,female,strong,2634
60,2.0020000000000002,True,1.0,0.23271878280079628,0.23313914946188646,0.23292896613134137,0.8046064629761137,-0.08078703703703705,-0.0719907407407408,0.35464761989597493,0.4476508763134992,0.1763893214209619,0.2894942768291638,0.00042036666109018794,0.008796296296296247,0.012862783009001021,0.32655914836001737,0.11348033086916827,0.110945589553842,0.0,0.9999999987499999,0.6203168684270582,0.29421458170941417,0.2975209856269636,0.43025558954641474,surprised,08,22,22,female,strong,2634
70,2.3356666666666666,True,1.0,0.548256748057872,0.5461920040114516,0.5472243760346618,0.9389103912185689,-0.07120370370370377,-0.0625,0.3208669446403096,0.4548571589810071,0.18542036988635685,0.5828291827982054,0.0020647440464203193,0.008703703703703769,0.016013312118094977,0.2699370555119474,0.11181809450315226,0.11228185597870195,0.0,0.9999999987499999,0.6179494028236295,0.2961040627593618,0.2934383463991264,0.43237493349372375,surprised,08,22,22,female,strong,2634
80,2.6693333333333333,True,1.0,0.5662997214899872,0.5697791121746867,0.5680394168323369,0.9095073930599737,-0.07157407407407407,-0.06310185185185191,0.335839856603076,0.4616271387800274,0.18264557246431654,0.6245572286347318,0.0034793906846994904,0.008472222222222159,0.010291143919711195,0.27271736823772963,0.11363606021073538,0.11130079513659015,0.0,0.9999999987499999,0.6180150592737095,0.2920067173068044,0.2976170725726266,0.4356091992779031,surprised,08,22,22,female,strong,2634
90,3.003,True,1.0,0.5694604570844036,0.5789146015914524,0.5741875293379279,0.8814063415516663,-0.06962962962962965,-0.06268518518518518,0.34321230850337725,0.46780584945985404,0.1812769376534147,0.6514447449142504,0.009454144507048734,0.006944444444444475,0.003466421501770167,0.2946216750990948,0.11419254528512732,0.10917027183078096,0.0,0.9999999987499999,0.6186488199029613,0.2904709898090936,0.29798972577405397,0.4380103465300445,surprised,08,22,22,female,strong,2634
100,3.336666666666667,True,1.0,0.5868985716543729,0.5750653635409548,0.5809819675976639,0.923023948060244,-0.06777777777777783,-0.06004629629629632,0.33681193721140773,0.4821596971206336,0.17917347976387143,0.6294332544877203,0.011833208113418037,0.007731481481481506,0.00754986152471618,0.2858276276132014,0.1128012627295864,0.11146515381274476,0.0,0.9999999987499999,0.6197582551458083,0.2911714314027735,0.2945115911608535,0.43668645971576253,surprised,08,22,22,female,strong,2634
0,0.0,True,1.0,0.5116029517764404,0.532537203911166,0.5220700778438032,0.7055756936860245,-0.06083333333333335,-0.0589351851851852,0.3296473716636331,0.4302922691992457,0.17153178084657758,0.7399207236241903,0.02093425213472555,0.0018981481481481488,0.008500413741093407,0.35990890958443306,0.11313903481576733,0.11129361228934008,0.0,0.9999999987499999,0.6189621850068152,0.29709925802366044,0.2830451514142827,0.42740066104801894,surprised,08,22,22,female,strong,2635
10,0.33366666666666667,True,1.0,0.5387908658550262,0.5519883410523152,0.5453896034536707,0.6999568008733983,-0.06018518518518512,-0.05805555555555558,0.33136430645664794,0.4339457567804019,0.1722293100300018,0.7791760902574839,0.013197475197288977,0.002129629629629537,0.008825725572189374,0.34930090247173134,0.11392274031481951,0.11031869572811029,0.0,0.9999999987499999,0.6190388234903337,0.29656936538567896,0.28646670784171224,0.4250387626069558,surprised,08,22,22,female,strong,2635
20,0.6673333333333333,True,1.0,0.5883242981547622,0.5917345492261427,0.5900294236904524,1.3783247398841558,-0.07481481481481489,-0.07222222222222235,0.32404291560862253,0.6749414881561586,0.18472263524161484,0.42807722056853065,0.003410251071380488,0.0025925925925925353,0.0054976549090934934,0.20296050497223875,0.10962645255144457,0.11392203693173222,0.0,0.9999999987499999,0.6206425018679347,0.2953977752612075,0.2997337443762349,0.4455627433803295,surprised,08,22,22,female,strong,2635
30,1.0010000000000001,True,1.0,0.5727914160830918,0.5705763167663738,0.5716838664247328,0.971704534779084,-0.06027777777777782,-0.05689814814814814,0.3649129822756604,0.43470992345380094,0.17570139218256625,0.5883309647769674,0.002215099316718039,0.003379629629629677,0.007904959849017843,0.27384868421052583,0.1121292184214808,0.11163033602675274,0.0,0.9999999987499999,0.6163902458639706,0.29888272267593935,0.30137860961373,0.4419523917959542,surprised,08,22,22,female,strong,2635
40,1.3346666666666667,True,1.0,0.5498376387156017,0.5246039410620279,0.5372207898888148,0.8675555555555559,-0.06745370370370374,-0.058009259259259316,0.32425730302115974,0.46933333333333394,0.17917731201720288,0.6192350293288079,0.02523369765357375,0.009444444444444422,0.014674077853094127,0.32274590163934347,0.11401701114870762,0.11091051504244859,0.0,0.9999999987499999,0.620707994596276,0.29095256811221704,0.29756565611657654,0.4369958987214196,surprised,08,22,22,female,strong,2635
50,1.6683333333333334,True,1.0,0.5925688452166874,0.6193965833084203,0.6059827142625538,0.9075197461245912,-0.06583333333333335,-0.05884259259259256,0.3600594140333576,0.38980110190512796,0.18126052299733003,0.6677350182740375,0.02682773809173289,0.006990740740740797,0.01255683676074084,0.27761135650553326,0.11251049839582308,0.11378594161430353,0.0,0.9999999987499999,0.6138204076396183,0.29374260219535436,0.2986298099016489,0.4356307770318829,surprised,08,22,22,female,strong,2635
60,2.0020000000000002,True,1.0,0.269475428106327,0.25285810387459673,0.26116676599046185,1.000845911149848,-0.07643518518518516,-0.06935185185185189,0.3503773147994224,0.4542815996721114,0.178493167688791,0.2609460288351616,0.01661732423173029,0.007083333333333275,0.01428891068342431,0.259351593393851,0.11260293033579763,0.113694471448403,0.0,0.9999999987499999,0.6169120549704257,0.2943760681515109,0.2936256179157671,0.4228913450613182,surprised,08,22,22,female,strong,2635
70,2.3356666666666666,True,1.0,0.5414104424361657,0.5387381596077012,0.5400743010219334,0.8661669085745815,-0.06134259259259256,-0.0589351851851852,0.3160158300830694,0.41832661836041213,0.18125378834941805,0.6235222053342047,0.002672282828464434,0.002407407407407358,0.009722406357115762,0.29743441886745836,0.11493753665614662,0.10995628152025566,0.0,0.9999999987499999,0.6108727264655862,0.29629546570902143,0.2915822623984679,0.42358828427646195,surprised,08,22,22,female,strong,2635
80,2.6693333333333333,True,1.0,0.5632098489198502,0.6010075570588977,0.5821087029893739,0.9293321581277321,-0.06185185185185177,-0.0571296296296297,0.34539784506647425,0.4242039533635976,0.17778164011680322,0.6263731410759661,0.03779770813904759,0.004722222222222072,0.009849857421027937,0.2689859889969861,0.11295505453160282,0.11317643070290564,0.0,0.9999999987499999,0.6121425577496624,0.29481976584558517,0.29102193126544745,0.4248471755589957,surprised,08,22,22,female,strong,2635
90,3.003,True,1.0,0.5944253676988088,0.5917345492261427,0.5930799584624757,0.9025968816891499,-0.06347222222222215,-0.05824074074074087,0.3381035232788268,0.45128205128205184,0.17639580927478637,0.6570817720448647,0.0026908184726661677,0.0052314814814812816,0.015475063638150472,0.2982846215100165,0.11418528352416395,0.1119351144075394,0.0,0.9999999987499999,0.616292130516269,0.291377847073382,0.2917592485461268,0.42954804537405766,surprised,08,22,22,female,strong,2635
100,3.336666666666667,True,1.0,0.5680711375350634,0.6146580899283554,0.5913646137317095,0.8413481659740994,-0.061805555555555614,-0.056620370370370376,0.3417699514931444,0.4410111307321592,0.17640445937537777,0.7028774027777632,0.046586952393291914,0.005185185185185237,0.015517469487149202,0.3175272547423756,0.11538911978043526,0.11103741595755014,0.0,0.9999999987499999,0.6175691403827156,0.29191986908376255,0.2933127783205441,0.4264301302922171,surprised,08,22,22,female,strong,2635
110,3.6703333333333332,True,1.0,0.5643396433085327,0.5724352714193944,0.5683874573639636,0.848002814539992,-0.06384259259259267,-0.05837962962962967,0.33743218188586804,0.45128205128205184,0.17709410391571503,0.6702660033885516,0.00809562811086173,0.005462962962963003,0.009933872416920706,0.2997799518326032,0.11442121139576863,0.11186437834002268,0.0,0.9999999987499999,0.6158314649297219,0.29264303039840767,0.2915536966982339,0.42541913395569214,surprised,08,22,22,female,strong,2635
0,0.0,True,1.0,0.5650401161864683,0.5878143730755315,0.5764272446309999,0.7111111111111122,-0.061203703703703705,-0.06120370370370365,0.3376047545687925,0.4102564102564112,0.17430555555555555,0.8106008127623423,0.022774256889063205,5.551115123125783e-17,0.00525044643737451,0.3677884615384618,0.1160221261368133,0.10881124677671192,0.0,0.9999999987499999,0.6187046289844061,0.2878781027848311,0.2971430704166157,0.44702159789711876,surprised,08,22,22,female,strong,2636
10,0.33366666666666667,True,1.0,0.5707749245810517,0.6058408621305896,0.5883078933558207,0.7915903209731906,-0.06166666666666659,-0.060555555555555585,0.3324854192329386,0.45134535844962653,0.17430555555555555,0.743197431510466,0.03506593754953791,0.0011111111111110072,0.003455046086000697,0.3157894736842106,0.1133126354646508,0.11163004892126896,0.0,0.9999999987499999,0.6201196138220915,0.2880054059970995,0.29379981339675554,0.44830472279202266,surprised,08,22,22,female,strong,2636
20,0.6673333333333333,True,1.0,0.6059334530388524,0.6060606060606066,0.6059970295497294,1.3696260617566882,-0.07601851851851854,-0.07310185185185186,0.30760537972757496,0.6998504966604763,0.1923626975779445,0.44245436507865155,0.00012715302175425602,0.0029166666666666785,0.002294238331990614,0.19810342833643832,0.11119158859271606,0.11407742852644107,0.0,0.9999999987499999,0.6122911643876301,0.2907205345429803,0.3126939627442846,0.4590074029008373,surprised,08,22,22,female,strong,2636
30,1.0010000000000001,True,1.0,0.6139640088139516,0.6360957426218896,0.6250298757179207,1.0492123458229272,-0.059675925925925855,-0.05509259259259264,0.3210210151842153,0.5245901639344266,0.17708333333333337,0.595713420840175,0.02213173380793798,0.004583333333333217,0.0003071037080589103,0.2578046325470316,0.11220872090081227,0.1122315120151955,0.0,0.9999999987499999,0.6183291315041642,0.29004554278621003,0.30343811122591074,0.447617420947076,surprised,08,22,22,female,strong,2636
40,1.3346666666666667,True,1.0,0.4574016066444638,0.4584706200277134,0.4579361133360886,0.763557147852449,-0.06935185185185183,-0.05958333333333332,0.3525418871471568,0.38176062080401035,0.18472387429425183,0.5997404577038691,0.0010690133832496063,0.00976851851851851,0.008909178530397091,0.33942369303616593,0.11168126188426217,0.11359808456634202,0.0,0.9999999987499999,0.6161974579128525,0.29037805232875225,0.302641333142958,0.4454821417197912,surprised,08,22,22,female,strong,2636
50,1.6683333333333334,True,1.0,0.5689591202683303,0.5926894259429688,0.5808242731056495,0.9153423329294159,-0.05888888888888888,-0.051574074074073994,0.3521965524156818,0.39134201190460505,0.17986111111111114,0.6345432219296671,0.02373030567463852,0.007314814814814885,0.018390347743169413,0.2934782608695648,0.11215756784978743,0.11413383692914605,0.0,0.9999999987499999,0.6206162823176146,0.28984099765301513,0.3055883216595849,0.44671131839751527,surprised,08,22,22,female,strong,2636
60,2.0020000000000002,True,1.0,0.5947546502830372,0.6194891742166824,0.6071219122498598,0.7827529021558877,-0.0587037037037037,-0.0538425925925925,0.3515682834131589,0.39800995024875696,0.18056231624629018,0.7756239684039518,0.02473452393364517,0.004861111111111205,0.011017999011321042,0.33368644067796593,0.11539713799749098,0.11120054494395756,0.0,0.9999999987499999,0.6169680813888055,0.2895805345887471,0.30715458126462203,0.443762716715163,surprised,08,22,22,female,strong,2636
70,2.3356666666666666,True,1.0,0.6066101234193592,0.6316628773807127,0.619136500400036,0.7828116481811119,-0.05958333333333343,-0.05722222222222212,0.3132611630068808,0.3536878854090576,0.1861115210482762,0.7909137553568851,0.025052753961353535,0.0023611111111113137,0.006648630257023396,0.31597698497314597,0.11232763684812849,0.11396646330568666,0.0,0.9999999987499999,0.6130690491274634,0.2907835134482852,0.30150112986954936,0.43715731705652155,surprised,08,22,22,female,strong,2636
80,2.6693333333333333,True,1.0,0.6467458155781587,0.6718920070802686,0.6593189113292137,0.8483124285392027,-0.05731481481481476,-0.05495370370370367,0.3483767946384173,0.36350451727835376,0.180559358475242,0.7772123679297772,0.02514619150210995,0.0023611111111110916,0.0064743354989642244,0.2767415944616856,0.11328801123200054,0.11250496623329617,0.0,0.9999999987499999,0.6131572062653186,0.2900526117501551,0.3013567143596004,0.4332243723205498,surprised,08,22,22,female,strong,2636
90,3.003,True,1.0,0.6586871833402549,0.6870421668889776,0.6728646751146162,0.8821543591966047,-0.05921296296296302,-0.05509259259259258,0.34640508368949563,0.427441557478861,0.18056231624629018,0.7627516296891707,0.02835498354872268,0.004120370370370441,0.012746618994444715,0.27688160922516375,0.11428623106166758,0.11114850610951858,0.0,0.9999999987499999,0.6147053496398559,0.28920223723374117,0.3007460729459289,0.43559772778226574,surprised,08,22,22,female,strong,2636
100,3.336666666666667,True,1.0,0.6561618357756972,0.6459716417241147,0.651066738749906,0.9022267121624438,-0.05898148148148141,-0.05416666666666664,0.3448606913738436,0.4237731526823595,0.17986789790391577,0.721622104481299,0.010190194051582502,0.004814814814814772,0.009485455160261983,0.2731478238987873,0.11207606562424326,0.11287150522703089,0.0,0.9999999987499999,0.6142066358809147,0.29013305359836183,0.2968298750086956,0.4395960868764835,surprised,08,22,22,female,strong,2636
110,3.6703333333333332,True,1.0,0.28737603709410126,0.28140342673951835,0.28438973191680983,0.8888390646251506,-0.07708333333333334,-0.06958333333333333,0.3383956690629997,0.43072895702454483,0.180559358475242,0.3199563826965068,0.005972610354582908,0.007500000000000007,0.010910641001866766,0.2773397134527503,0.11319298485456779,0.11192172847786214,0.0,0.9999999987499999,0.6157359927721088,0.28921939959624,0.29450022161330497,0.43151059861420465,surprised,08,22,22,female,strong,2636
0,0.0,True,1.0,0.5470554143985793,0.5470085470085473,0.5470319807035633,0.6945532165965882,-0.06175925925925929,-0.05935185185185188,0.33249605285317785,0.43745780895886777,0.17430949483188374,0.7876026885083041,4.686739003201268e-05,0.0024074074074074137,0.001602987520429378,0.3599089095844339,0.11384273267189349,0.11126076282065492,0.0,0.9999999987499999,0.6174482676195479,0.2881928321678962,0.29056621163859464,0.44259169391371334,surprised,08,22,22,female,strong,2637
10,0.33366666666666667,True,1.0,0.5437012546554845,0.5174129353233832,0.5305570949894338,0.7108452883704102,-0.06171296296296297,-0.05986111111111114,0.3377742035924259,0.43744325438179066,0.1756944444444445,0.7463749196477321,0.026288319332101295,0.0018518518518518268,0.0014100637918276339,0.34615384615384587,0.11526062793107808,0.10979122357795949,0.0,0.9999999987499999,0.6151331248671343,0.2879306952780274,0.2941189939332997,0.4410690829130854,surprised,08,22,22,female,strong,2637
20,0.6673333333333333,True,1.0,0.4581566094658294,0.4640879218531051,0.46112226565946723,1.431619842143418,-0.08666666666666667,-0.08129629629629614,0.30640711275085963,0.7456353344496968,0.1923626975779445,0.32209826385828516,0.005931312387275678,0.005370370370370525,0.0037524692017591147,0.1933593750000003,0.11162895811494172,0.11364948210704005,0.0,0.9999999987499999,0.615471957978504,0.2966797231437933,0.2953079253488563,0.43228301983444567,surprised,08,22,22,female,strong,2637
30,1.0010000000000001,True,1.0,0.5405527822503424,0.5519883410523152,0.5462705616513288,0.8812794793421158,-0.06,-0.05722222222222223,0.336663799577785,0.44750745149450377,0.17645116259097532,0.6198607529805702,0.011435558801972778,0.002777777777777768,0.008728337320063591,0.3167795825478713,0.11365423526008132,0.1121349888442938,0.0,0.9999999987499999,0.6178732833289566,0.2908150157519794,0.2959477361149243,0.4378536253241314,surprised,08,22,22,female,strong,2637
40,1.3346666666666667,True,1.0,0.5331849925014419,0.5331339662778074,0.5331594793896246,0.8749156179177355,-0.0667592592592593,-0.057129629629629586,0.3334286761766467,0.43745780895886777,0.18201529665858626,0.6093838862523943,5.102622363450937e-05,0.00962962962962971,0.011617615014260015,0.3129028645329173,0.11330378755243001,0.11214983168536984,0.0,0.9999999987499999,0.6199340948879551,0.29947798296662986,0.2949714221972254,0.42695845356414247,surprised,08,22,22,female,strong,2637
50,1.6683333333333334,True,1.0,0.5444635002003853,0.5789146015914524,0.5616890508959188,0.9219297395212913,-0.07101851851851843,-0.05925925925925918,0.3554349394762132,0.4213991769547323,0.1923615077290461,0.6092536413757232,0.03445110139106711,0.011759259259259247,0.017938977653591943,0.2892483615998027,0.1117350825396873,0.11337723076159612,0.0,0.9999999987499999,0.6198006789278212,0.28898228325617037,0.30761172834944894,0.45506101754374745,surprised,08,22,22,female,strong,2637
60,2.0020000000000002,True,1.0,0.5799053767172728,0.5835425407434761,0.5817239587303744,0.7402916715503901,-0.06532407407407403,-0.05782407407407408,0.3452936401689363,0.396982495165687,0.18819809300513307,0.7858037326180802,0.003637164026203288,0.007499999999999951,0.014323646194501332,0.3481294708720168,0.11179220833049351,0.11264640026164521,0.0,0.9999999987499999,0.6195130012082957,0.2874350414686856,0.3007118481975067,0.44681472462494937,surprised,08,22,22,female,strong,2637
70,2.3356666666666666,True,1.0,0.5995014208717884,0.6061532305524233,0.6028273257121058,0.8950774042128741,-0.06504629629629632,-0.06115740740740738,0.3034459798555222,0.4320250711313173,0.19029742384669845,0.6734918375492103,0.006651809680634946,0.0038888888888889417,0.015159831405698493,0.3025606862113509,0.11542753827588723,0.11030876811838504,0.0,0.9999999987499999,0.6153792351002901,0.2862510144219974,0.30473186356443394,0.43955681155652543,surprised,08,22,22,female,strong,2637
80,2.6693333333333333,True,1.0,0.6232675403268673,0.6142553551826531,0.6187614477547602,0.9228572519311607,-0.06550925925925927,-0.06277777777777771,0.34233755984999525,0.4138719842255636,0.1889034290576577,0.6704844616650592,0.009012185144214202,0.002731481481481557,0.013223418456719047,0.2646696637516032,0.11204632439197354,0.11340614714848152,0.0,0.9999999987499999,0.6181187742909663,0.295725064559718,0.2967353733563991,0.4298360993820334,surprised,08,22,22,female,strong,2637
90,3.003,True,1.0,0.5553920604456049,0.5432823994391397,0.5493372299423722,0.8820507748621247,-0.06888888888888883,-0.06541666666666668,0.33720297274253885,0.43406730959912904,0.18611111111111112,0.622795473455868,0.012109661006465156,0.0034722222222221544,0.017172463289654664,0.2987819681735711,0.1130185512007888,0.11260658973875376,0.0,0.9999999987499999,0.616854094411202,0.28782256092448844,0.30082266510736444,0.444725823600441,surprised,08,22,22,female,strong,2637
100,3.336666666666667,True,1.0,0.5364672547480792,0.5513890117789059,0.5439281332634925,0.8753488811163018,-0.06861111111111107,-0.061620370370370325,0.3393745928912324,0.4512820512820508,0.1854232501172056,0.6213843931231625,0.014921757030826654,0.006990740740740742,0.020257026554022086,0.2899942632272895,0.1145752858751714,0.11153588067422486,0.0,0.9999999987499999,0.6187490064619598,0.28722392839576966,0.3016649592817459,0.43938348696842316,surprised,08,22,22,female,strong,2637
0,0.0,True,1.0,0.5273401780846282,0.5155339502408933,0.5214370641627608,0.5262145032484095,-0.07148148148148142,-0.07000000000000012,0.33973395406247625,0.314228639348276,0.1861258682802443,0.9909211185625696,0.011806227843734862,0.001481481481481306,0.0010248562591738156,0.5068350117923304,0.127160609812047,0.10774022963967896,0.0,0.6956463289584056,0.6052709106455082,0.2897928521326224,0.30849745136862405,0.41048067768481983,neutral,01,23,23,male,normal,2638
10,0.33366666666666667,True,1.0,0.5570618964495968,0.5228516358972853,0.539956766173441,0.5269466471057113,-0.07134259259259251,-0.07004629629629627,0.3411674643969736,0.3073480283647711,0.1854232501172056,1.0246896325067987,0.03421026055231147,0.0012962962962962399,0.00037453021782017247,0.48749106756832655,0.12677002318349917,0.10819953323644714,0.0,0.8003883940086086,0.6070745203159389,0.2884897583144537,0.30745731003097027,0.4121935751512476,neutral,01,23,23,male,normal,2638
20,0.6673333333333333,True,1.0,0.5731314717438692,0.5592958882350798,0.5662136799894746,0.7535370211820721,-0.07333333333333325,-0.0730555555555556,0.33610973219942814,0.39151993323115225,0.18194444444444446,0.7514079123826674,0.01383558350878944,0.00027777777777765467,0.0022269510047599984,0.3331778769760074,0.12444756643630381,0.1108628927016128,0.0,0.8816736917216905,0.6117955247645934,0.2940471978417,0.29905382855959844,0.3983716944573716,neutral,01,23,23,male,normal,2638
30,1.0010000000000001,True,1.0,0.41268358751419304,0.37965560335650655,0.3961695954353498,0.7011797293406078,-0.07791666666666669,-0.07759259259259255,0.3621609515970128,0.33684124252637043,0.18263930661951863,0.5650043474700976,0.033027984157686485,0.00032407407407414324,0.0012404416910452032,0.37551227345120847,0.12567085873558356,0.10947425740816256,0.0,0.7655723848559981,0.613914362643495,0.2941005291021446,0.3021503771926134,0.39794468287060686,neutral,01,23,23,male,normal,2638
40,1.3346666666666667,True,1.0,0.5209707098605004,0.4923829870815245,0.5066768484710125,0.6474209260127554,-0.07365740740740745,-0.07379629629629625,0.3517782145180821,0.3729707508551741,0.18055555555555552,0.7826080809458266,0.02858772277897592,0.00013888888888879958,0.007548750873711919,0.41802806105555673,0.12542034634117477,0.10976117024725504,0.0,0.7170479591343616,0.6144456981855243,0.2928926205039587,0.30627255460311525,0.4078703549681595,neutral,01,23,23,male,normal,2638
50,1.6683333333333334,True,1.0,0.5273401780846282,0.5067147827650925,0.5170274804248604,0.9385617255623823,-0.07175925925925924,-0.07032407407407404,0.3313754540488442,0.43948525244587816,0.186112750854354,0.550872112449567,0.020625395319535667,0.001435185185185206,0.005858371556423823,0.2857142857142859,0.12288951859452454,0.11258749481918597,0.0,0.9999999987499999,0.6077222236472714,0.29244619610676315,0.3109899639316221,0.41639498715991496,neutral,01,23,23,male,normal,2638
60,2.0020000000000002,True,1.0,0.5273401780846269,0.508207509875886,0.5177738439802564,0.5334493015259278,-0.07120370370370371,-0.07064814814814813,0.34351189451505015,0.33877324747024634,0.18264557246431654,0.9706149066071847,0.019132668208740822,0.0005555555555555869,0.004273632762652283,0.45922004913867825,0.12720368814063043,0.10768936574269765,0.0,0.7118855627203018,0.611893966141144,0.2911338496881331,0.3061344047906532,0.4040124305239714,neutral,01,23,23,male,normal,2638
70,2.3356666666666666,True,1.0,0.5366757155280704,0.5068494412821973,0.5217625784051338,0.8065309905920669,-0.07597222222222222,-0.07375000000000004,0.34383685602524433,0.41758357884863606,0.18473709033861754,0.6469219217752721,0.02982627424587303,0.002222222222222181,0.0010008340919376677,0.3433109233898384,0.12467224573454044,0.11061016641215445,0.0,0.7781752148537457,0.6039276616115197,0.2921320072407877,0.3107304435156817,0.407987229410478,neutral,01,23,23,male,normal,2638
80,2.6693333333333333,True,1.0,0.5574435945971574,0.5238291148686539,0.5406363547329056,0.7565963286435461,-0.07249999999999995,-0.071388888888889,0.3290861820133077,0.34803431117603006,0.1902813863914834,0.7145638093462315,0.03361447972850351,0.0011111111111109517,0.001140364967212831,0.3733986642986293,0.12385987056721788,0.11151910254797989,0.0,0.8139945342018081,0.6058380672972314,0.29111733079560465,0.31051047556524686,0.41265576296755424,neutral,01,23,23,male,normal,2638
90,3.003,True,1.0,0.5921232729586062,0.571592563443784,0.5818579182011951,0.4876034633312066,-0.07268518518518513,-0.07115740740740739,0.3574283378345645,0.2716647867131007,0.18612586828024424,1.193301446683872,0.020530709514822276,0.001527777777777739,0.0029583871836701293,0.5174505793221369,0.1253541099156305,0.10983681030226591,0.0,0.9999999987499999,0.6060593388761754,0.29164136981302047,0.30812672474324637,0.4129115176636935,neutral,01,23,23,male,normal,2638
100,3.336666666666667,True,1.0,0.20912011955214968,0.20219272290655946,0.20565642122935457,0.47739506222524286,-0.0834259259259259,-0.08203703703703707,0.3536633742619407,0.27380010921741854,0.18682556675428655,0.4307887481507349,0.0069273966455902225,0.0013888888888888284,0.00531500942668563,0.532669714008082,0.1264802497655496,0.10853812320846043,0.0,0.8557376813713583,0.6055767341545993,0.2911232640420577,0.3058895347093239,0.40229212091181105,neutral,01,23,23,male,normal,2638
110,3.6703333333333332,True,1.0,0.5364237883493932,0.5313684070123441,0.5338960976808687,0.4985881607707277,-0.07314814814814818,-0.07143518518518521,0.3505588269728929,0.2706271964151952,0.18751993709107473,1.0708158349680048,0.005055381337049081,0.0017129629629629717,0.00023709820246296318,0.5173837658985588,0.12527331247432352,0.10992895411104861,0.0,0.8744657003680838,0.6056014465708158,0.2919350163424764,0.30783185853661144,0.4123010355401082,neutral,01,23,23,male,normal,2638
0,0.0,True,1.0,0.576116394226353,0.5536365323582663,0.5648764632923096,0.5270717546046231,-0.07157407407407396,-0.07032407407407398,0.34853209782925876,0.2848707330686253,0.18681576561865806,1.0717259241410977,0.022479861868086704,0.0012499999999999734,0.004693282947400955,0.4743187200147628,0.12591544196305904,0.10919285345498553,0.0,0.7853842150217127,0.6052353528911566,0.2891086966864495,0.3091400989262154,0.4115088651225657,neutral,01,23,23,male,normal,2639
10,0.33366666666666667,True,1.0,0.6168160440401513,0.5703044309401842,0.5935602374901678,0.6686750650457612,-0.07134259259259257,-0.0700925925925926,0.33324712903633147,0.378886270858867,0.18472222222222218,0.8876661752738562,0.0465116130999671,0.0012499999999999734,0.0024994613505856674,0.39000998935861464,0.12620862991289786,0.10885384469911714,0.0,0.8587564097292442,0.6066039257734345,0.29103830094287714,0.311372144731527,0.41370288383088694,neutral,01,23,23,male,normal,2639
20,0.6673333333333333,True,1.0,0.5917887515016229,0.5714795957965435,0.5816341736490832,0.5547361814468894,-0.07194444444444448,-0.07143518518518516,0.3393301497684688,0.3356143269801747,0.18472883042169144,1.0484878994768958,0.020309155705079407,0.0005092592592593204,0.0005802981456332525,0.4800077839731242,0.12579180539958912,0.1093352617624139,0.0,0.8505346536885489,0.6087148309714511,0.29076410686308923,0.31071188834430447,0.4161532185463984,neutral,01,23,23,male,normal,2639
30,1.0010000000000001,True,1.0,0.4751856881614407,0.4639930550147665,0.4695893715881036,0.8028107240617685,-0.07462962962962966,-0.07319444444444445,0.3565750082913245,0.34602283272391515,0.19029742384669845,0.5849316127869428,0.01119263314667418,0.001435185185185206,0.005928037482532521,0.341170620376335,0.12506543399631562,0.11016539833153796,0.0,0.8141070227164189,0.6070790436565251,0.2914757850966975,0.31190085451824834,0.410036827199221,neutral,01,23,23,male,normal,2639
40,1.3346666666666667,True,1.0,0.5266241111317963,0.4923829870815245,0.5095035491066604,0.5991069374028046,-0.0740277777777778,-0.07185185185185189,0.35445006009267443,0.29952784176059827,0.1909758177139437,0.8504384063977211,0.0342411240502718,0.0021759259259259145,0.004409930131403194,0.46016589784055695,0.12661424128363147,0.10838178663683763,0.0,0.6982078776873132,0.6035009571484844,0.2915669271528586,0.31677041649754545,0.4166395493128076,neutral,01,23,23,male,normal,2639
50,1.6683333333333334,True,1.0,0.5784852721870728,0.5354147698897033,0.556950021038388,0.7292975860564441,-0.0725925925925926,-0.07055555555555543,0.3559114351084005,0.3302479634972578,0.192364680643087,0.7636800555586684,0.04307050229736953,0.0020370370370371704,0.0002982570866469452,0.38254106269698823,0.12427728254789522,0.11105374740512844,0.0,0.6848133638589058,0.6065899407028437,0.29125640324733104,0.3133280082787049,0.41618181857414477,neutral,01,23,23,male,normal,2639
60,2.0020000000000002,True,1.0,0.5629640655881091,0.5429172075158726,0.5529406365519909,0.6002486893662382,-0.07111111111111112,-0.07041666666666663,0.3298854168338785,0.3451088747583929,0.18889252403601006,0.9211859123521008,0.020046858072236495,0.0006944444444444975,0.004710603725090359,0.42478563105412287,0.1252039990805922,0.11000789237391877,0.0,0.7522622229254231,0.60290441799376,0.2888574689109715,0.30911454631262686,0.41122667727602197,neutral,01,23,23,male,normal,2639
70,2.3356666666666666,True,1.0,0.2338044386164442,0.22301092287704052,0.22840768074674236,0.6269187385686935,-0.0825925925925926,-0.08106481481481481,0.35153364931252196,0.31345936928434676,0.1930654350942442,0.3643337911197481,0.01079351573940368,0.0015277777777777946,0.003567881275145376,0.44255021686182056,0.12612897671275888,0.1089461289072439,0.0,0.7788344500398444,0.6024005091411564,0.2897768138993551,0.31051599534288177,0.40343207802205583,neutral,01,23,23,male,normal,2639
80,2.6693333333333333,True,1.0,0.5513864936163141,0.5372339396555229,0.5443102166359185,0.7035793402844684,-0.0737962962962963,-0.07194444444444442,0.3410964940180872,0.3302297687797856,0.19305911224772535,0.7736301870601333,0.014152553960791181,0.0018518518518518823,0.0005447411012399651,0.38371679034878237,0.12383572517626339,0.11137498369319039,0.0,0.8293594569992873,0.6024760437065452,0.29045203803587394,0.31042562117811123,0.4115868212313461,neutral,01,23,23,male,normal,2639
90,3.003,True,1.0,0.5724715886113604,0.5527958053810539,0.5626336969962071,0.444791989304727,-0.07194444444444442,-0.07064814814814813,0.3674519966487549,0.22226687397884254,0.18890867939912034,1.264936668206825,0.0196757832303065,0.0012962962962962954,0.0034603730443663497,0.569468016438519,0.1244948500003931,0.11080979240860625,0.0,0.7757980714090369,0.6052563135801196,0.2902753201689169,0.31141847679409546,0.41086965318068697,neutral,01,23,23,male,normal,2639
100,3.336666666666667,True,1.0,0.5770060337882233,0.5725360098873872,0.5747710218378053,0.4751093515311083,-0.07060185185185186,-0.06953703703703706,0.3646884041448967,0.2510968027610556,0.18820903826281987,1.2097657517906624,0.004470023900836173,0.0010648148148147962,0.0028866980632846558,0.5333577870218927,0.1273822737161317,0.1074780634063609,0.0,0.685888987499495,0.6036318433545294,0.28912586060558754,0.31400320956833666,0.41332817490538154,neutral,01,23,23,male,normal,2639
110,3.6703333333333332,True,1.0,0.5921232729586062,0.5726492087387217,0.582386240848664,0.5051894081982832,-0.07120370370370371,-0.0697222222222223,0.3637363974352595,0.24573942393083578,0.1889034290576577,1.152807702215486,0.019474064219884513,0.001481481481481417,0.0033591155538252888,0.47815238697864415,0.1256877922726768,0.10945481553581213,0.0,0.9999999987499999,0.6037632590770684,0.28952163915975104,0.3109354995899792,0.4134705520686205,neutral,01,23,23,male,normal,2639
0,0.0,True,1.0,0.5879242811247588,0.5573143408668467,0.5726193109958028,0.5444013179932023,-0.07120370370370371,-0.0703703703703703,0.33467152817645207,0.3089488314345606,0.18959782024548774,1.0518330725329963,0.030609940257912083,0.0008333333333334081,0.001559437902792101,0.48942372266846557,0.12833615885205846,0.10633723760607498,0.0,0.8265365107932126,0.6051767630020758,0.2864684905512686,0.3133608011913258,0.41432501279494666,neutral,01,23,23,male,normal,2640
10,0.33366666666666667,True,1.0,0.5912006784517252,0.5635886310525812,0.5773946547521531,0.525373502127232,-0.07124999999999998,-0.06972222222222219,0.3402484305479331,0.3064304724601582,0.18820093072565577,1.0990174655065168,0.027612047399144024,0.0015277777777777946,0.0019472584181620687,0.48749106756832766,0.1267846206585345,0.10818242803222208,0.0,0.7301773288284563,0.6059254292185624,0.2876755596515122,0.31219532215444373,0.41573277918065044,neutral,01,23,23,male,normal,2640
20,0.6673333333333333,True,1.0,0.5679240851638241,0.576527321242269,0.5722257032030466,0.6983894127434661,-0.0728240740740741,-0.07101851851851854,0.3322932912298659,0.3937445559905867,0.1854203698863569,0.8193504837869553,0.008603236078444931,0.0018055555555555602,0.0031152526016454416,0.373416249221781,0.12566422922156015,0.10948186728670503,0.0,0.7533756321949285,0.6033364497361444,0.2895796388773503,0.3105097539486296,0.41709122885516864,neutral,01,23,23,male,normal,2640
30,1.0010000000000001,True,1.0,0.5122898505899536,0.4952958084562053,0.5037928295230795,0.8229092485666522,-0.07291666666666669,-0.07111111111111107,0.3229815834580926,0.3885749530767829,0.19098220953209083,0.6122094634379047,0.016994042133748277,0.0018055555555556158,0.008529592303294227,0.33536644044550756,0.12494366755404289,0.11030348003789894,0.0,0.7799986087816437,0.6062703476625025,0.29040135650841264,0.31632632308581965,0.41759566083874344,neutral,01,23,23,male,normal,2640
40,1.3346666666666667,True,1.0,0.5625923298111732,0.5203022266635722,0.5414472782373727,0.6186491517565911,-0.07175925925925924,-0.06935185185185189,0.35027468083418595,0.3092993020575162,0.1902813863914834,0.8752089559970921,0.042290103147601066,0.002407407407407358,0.001953545777583266,0.4369936284314447,0.12559787615875562,0.10955798133748802,0.0,0.781138756233249,0.6013665166457207,0.2907043470987946,0.3130260486689068,0.4152617243028067,neutral,01,23,23,male,normal,2640
50,1.6683333333333334,True,1.0,0.49723855149976104,0.47791746672330687,0.4875780091115339,0.7959530467620386,-0.07444444444444442,-0.07273148148148151,0.35061305739900533,0.3700483463016502,0.1881960660357054,0.6125713207519164,0.019321084776454167,0.0017129629629629162,0.006167845037994237,0.3569916797390278,0.12517185107746728,0.11004447041126739,0.0,0.8168063101187156,0.60464567573123,0.291062100297004,0.3142688846735333,0.41487043285935427,neutral,01,23,23,male,normal,2640
60,2.0020000000000002,True,1.0,0.527736759927377,0.5144817691358111,0.521109264531594,0.6276675785609951,-0.07240740740740742,-0.07106481481481486,0.3391015970416196,0.35020625424018187,0.19099778869268047,0.8302312917393326,0.01325499079156589,0.001342592592592562,0.005974561673641897,0.43713789530156844,0.12632198351248508,0.10872228038400095,0.0,0.7488523660350959,0.6038001849646109,0.2883304308616852,0.31297549148391524,0.4122542722460423,neutral,01,23,23,male,normal,2640
70,2.3356666666666666,True,1.0,0.4821893896704636,0.4633004656204612,0.4727449276454624,0.6562509747134861,-0.0735648148148148,-0.07212962962962965,0.3450651579886547,0.3209683282296726,0.18892160269492644,0.72037215312611,0.01888892405000242,0.0014351851851851505,0.004667248787934299,0.40873817149366265,0.12665907568948442,0.10832938805314422,0.0,0.7368977396802481,0.6009628392607043,0.2908057704620235,0.31040797766997325,0.41023585275552815,neutral,01,23,23,male,normal,2640
80,2.6693333333333333,True,1.0,0.4596856797835792,0.456367853477588,0.4580267666305836,0.5246072148278803,-0.07481481481481478,-0.07236111111111115,0.3586697535598753,0.28988275594647117,0.18752603985846872,0.8730851457711247,0.0033178263059912005,0.0024537037037036247,0.00029284039330070775,0.49126021296637784,0.1250581782083794,0.11017363492882105,0.0,0.7255097021383721,0.6038835787674445,0.28994344564047,0.30753276107790134,0.40704332531387216,neutral,01,23,23,male,normal,2640
90,3.003,True,1.0,0.5368272014465163,0.5083425650824612,0.5225848832644888,0.4925917413650012,-0.0734259259259259,-0.0725925925925926,0.3610086353023181,0.25301391084413977,0.18891473730410502,1.060888438398043,0.02848463636405507,0.0008333333333332971,0.0007224751411517978,0.502831488843767,0.12511187568369625,0.11011265291984636,0.0,0.7989707857099742,0.6033681238901811,0.2911751055184082,0.30990152718548264,0.4128327798513195,neutral,01,23,23,male,normal,2640
100,3.336666666666667,True,1.0,0.5574579397800831,0.5272545855135713,0.5423562626468272,0.4693339858180973,-0.07300925925925922,-0.07106481481481486,0.3566445322045799,0.26227487442775965,0.19031025283780695,1.1555870212583148,0.030203354266511773,0.0019444444444443598,0.0006433409072853705,0.5367143409086675,0.12660687845276836,0.10839038748388138,0.0,0.7649738457769819,0.6025222413652961,0.28970381328980765,0.31176926048978043,0.41086939410299356,neutral,01,23,23,male,normal,2640
0,0.0,True,1.0,0.551341704820155,0.5462478826176278,0.5487947937188914,0.5524478192963791,-0.07268518518518519,-0.07138888888888884,0.3335196613593963,0.33590918243394524,0.18611766999740337,0.9933875644904521,0.005093822202527187,0.001296296296296351,0.0018865875604679666,0.46317870260609,0.1280285384238996,0.10670740892535845,0.0,0.7941554445670349,0.6071135269420268,0.2885999787736018,0.3117224008126046,0.41108040875629087,neutral,01,23,23,male,normal,2641
10,0.33366666666666667,True,1.0,0.5570618964495954,0.543036118289909,0.5500490073697522,0.5582690887359142,-0.07180555555555551,-0.0698611111111111,0.33904189884515995,0.31572444243965403,0.18750651030364252,0.9852757719672878,0.014025778159686308,0.0019444444444444153,0.002205294427231387,0.46541930929409103,0.12519700464645783,0.11001585248386896,0.0,0.875498911911846,0.608578046437325,0.2890249990067957,0.3081201326716818,0.4136962911789146,neutral,01,23,23,male,normal,2641
20,0.6673333333333333,True,1.0,0.5968295381660741,0.5645977958346072,0.5807136670003407,0.9228098641647654,-0.07254629629629628,-0.07087962962962963,0.31751553476173894,0.4613210759453029,0.18472593936351137,0.6292885344544341,0.03223174233146686,0.0016666666666666496,0.0022106642222546134,0.2974344188674597,0.12697072465868406,0.1079639423606548,0.0,0.7927046414187818,0.6076130780437174,0.2905056722196866,0.31293228802040024,0.4142501158735221,neutral,01,23,23,male,normal,2641
30,1.0010000000000001,True,1.0,0.4679390139064495,0.4638353538522556,0.4658871838793526,0.9456896272199108,-0.07365740740740745,-0.07180555555555557,0.32116099152784217,0.426317362632647,0.19098220953209083,0.49264279787962095,0.004103660054193881,0.0018518518518518823,0.003458909795470701,0.2955244254562571,0.12383990293619239,0.1115412758171494,0.0,0.8017000394947253,0.6071361524531688,0.2927334646108605,0.3142722323423146,0.4141411141307997,neutral,01,23,23,male,normal,2641
40,1.3346666666666667,True,1.0,0.43661101721274653,0.42531116237807226,0.43096108979540937,0.6471535360606314,-0.07652777777777775,-0.07425925925925925,0.3433062721486061,0.3379315578487997,0.18611766999740337,0.6659332998762026,0.011299854834674272,0.002268518518518503,0.00531204228363992,0.4148549954956686,0.12445638743497091,0.11085299002190761,0.0,0.8037187568791944,0.6059324087994572,0.292055865889971,0.30843915019851365,0.41203509096647833,neutral,01,23,23,male,normal,2641
50,1.6683333333333334,True,1.0,0.5427880590175682,0.5213158954828685,0.5320519772502184,0.7487141309328641,-0.07310185185185186,-0.07083333333333341,0.3626027377879736,0.36074408126765334,0.1861373452695948,0.7106209904003088,0.021472163534699718,0.0022685185185184475,0.004990439933618702,0.35979684637466847,0.12646155960161332,0.10855989919650781,0.0,0.775175578509745,0.6054801928036839,0.2911331731692624,0.3175291326466075,0.4150101838798141,neutral,01,23,23,male,normal,2641
60,2.0020000000000002,True,1.0,0.541655789520081,0.5357831362179396,0.5387194628690103,0.6078174919491138,-0.07268518518518507,-0.07162037037037033,0.3276003587761063,0.3871392918882555,0.18616070695444287,0.8863178009923275,0.005872653302141373,0.0010648148148147407,0.007240408828755034,0.42445008342123,0.1252838430190208,0.10991695250789894,0.0,0.9013823527300453,0.6051543466449081,0.2901466005151949,0.3085825909280932,0.41181835107007664,neutral,01,23,23,male,normal,2641
70,2.3356666666666666,True,1.0,0.541655789520082,0.498648939655564,0.520152364587823,0.6578318335109516,-0.07185185185185189,-0.0703240740740741,0.36859742707924387,0.3356063739370542,0.18892160269492644,0.7907071961107267,0.04300684986451797,0.0015277777777777946,0.008961651357924821,0.4152486755673171,0.1238614412645296,0.11151735801238064,0.0,0.7972250687663983,0.6019040934576957,0.2904056119846459,0.311277736370563,0.41032268106132,neutral,01,23,23,male,normal,2641
80,2.6693333333333333,True,1.0,0.5558063009397292,0.5518713552298236,0.5538388280847764,0.850359790778582,-0.07148148148148153,-0.07041666666666663,0.3259233085023702,0.40232122490347993,0.19167024913148814,0.6512994077220965,0.003934945709905602,0.0010648148148149073,0.007156085982788321,0.32579654265387686,0.1265058320609744,0.10850830486630586,0.0,0.8470898253469541,0.6003991713091487,0.2903700546915398,0.3188386380128008,0.41641860199919495,neutral,01,23,23,male,normal,2641
90,3.003,True,1.0,0.4821893896704624,0.4793253600462669,0.48075737485836467,0.5062616761477328,-0.07523148148148145,-0.0733333333333333,0.3599697328818358,0.2803667660705331,0.18890867939912034,0.9496222951667279,0.0028640296241954633,0.0018981481481481488,0.0018157909854653676,0.48925417500974155,0.12596857085616506,0.10913155788642437,0.0,0.753002455215896,0.6024989199664241,0.2900204673763772,0.3096275945304651,0.4110725966520551,neutral,01,23,23,male,normal,2641
100,3.336666666666667,True,1.0,0.562592329811172,0.5440283635345877,0.5533103466728799,0.48615904990527187,-0.07351851851851865,-0.07212962962962971,0.3565175016562125,0.25693660348121644,0.18889898634705438,1.1381261889101777,0.0185639662765843,0.0013888888888889395,4.104235787728489e-05,0.501415837097987,0.12581089999379166,0.1093132892801443,0.0,0.7211207223376159,0.6036390918164141,0.28899065912191585,0.31055563134148023,0.4124507159645872,neutral,01,23,23,male,normal,2641
110,3.6703333333333332,True,1.0,0.5554319009666827,0.5228524247487304,0.5391421628577066,0.4722724308693688,-0.07416666666666666,-0.07180555555555557,0.35442677379941895,0.25693660348121644,0.1889034290576577,1.1415914366740454,0.03257947621795232,0.0023611111111110916,0.004028285043844017,0.4997288271703229,0.128485103952942,0.10615722223591682,0.0,0.834666478181065,0.5985663016769207,0.2881790484913249,0.3149981497484689,0.4128565174594614,neutral,01,23,23,male,normal,2641
0,0.0,True,1.0,0.5929179280648994,0.5875721220856249,0.5902450250752622,0.4681511548876554,-0.07004629629629638,-0.06925925925925924,0.3490002049435217,0.2624483747097461,0.18958977209762073,1.2608001046518966,0.005345805979274476,0.0007870370370371416,0.005370503222964626,0.5657555519676192,0.12490825173075694,0.11034358350120842,0.0,0.8510381490564082,0.613899183556235,0.29092585114897646,0.302070991519101,0.4161114300780733,calm,02,23,23,male,normal,2642
10,0.33366666666666667,True,1.0,0.60558296116087,0.5879270049118863,0.5967549830363781,0.47197589356317,-0.06898148148148153,-0.06865740740740739,0.34622230719086,0.25025389390267805,0.192364680643087,1.264375980161172,0.01765595624898364,0.00032407407407414324,0.00528064918103984,0.5632338347187912,0.12477744939294894,0.11049147430115402,0.0,0.840710546673495,0.6113252954150411,0.29083093062591386,0.3023487148251866,0.4086628789333167,calm,02,23,23,male,normal,2642
20,0.6673333333333333,True,1.0,0.6512417590407837,0.6065667585913496,0.6289042588160667,0.552330630315218,-0.07,-0.06814814814814824,0.3414792066081521,0.2543349271352133,0.19514514434912314,1.1386373021846492,0.04467500044943418,0.0018518518518517713,0.008903940617324283,0.4765470106659188,0.12623315083393966,0.10882540788373969,0.0,0.6708567050447943,0.6079839722451481,0.29114746349149867,0.30624298921652715,0.40994017793894266,calm,02,23,23,male,normal,2642
30,1.0010000000000001,True,1.0,0.5865065763760675,0.5780182703583034,0.5822624233671855,0.6975403390845738,-0.07050925925925922,-0.07087962962962963,0.3618142630949991,0.29398960558818177,0.1884278099027664,0.8347365603705804,0.008488306017764069,0.00037037037037040976,0.016984604432621543,0.39744598780041773,0.12229217386974763,0.11323604540974834,0.0,0.8374676935497686,0.6098330112357444,0.29436508903549674,0.30455628273210994,0.41828725034798797,calm,02,23,23,male,normal,2642
40,1.3346666666666667,True,1.0,0.46514674423957236,0.4676147057407136,0.466380724990143,0.6304611393089494,-0.0705555555555556,-0.0734259259259259,0.35319685461708333,0.27985534998062406,0.1900210738067449,0.7397453957294569,0.002467961501141258,0.002870370370370301,0.023525694193142883,0.42504959623829613,0.12449943084998231,0.11080464560784403,0.0,0.843315113483106,0.609105338619823,0.29335247713832097,0.3053492855832183,0.41074896471052524,calm,02,23,23,male,normal,2642
50,1.6683333333333334,True,1.0,0.5621070401250929,0.5477554112246128,0.5549312256748529,0.712097949792137,-0.06722222222222218,-0.06884259259259257,0.3562618517419916,0.23713531929449844,0.20193519129157186,0.7792905819162076,0.01435162890048014,0.0016203703703703831,0.020507662541024072,0.38615145445210364,0.12763089145975376,0.10718270996664166,0.0,0.8628725989339944,0.5944551879658113,0.2940575455528511,0.3088515578467198,0.3991713095223537,calm,02,23,23,male,normal,2642
60,2.0020000000000002,True,1.0,0.5902652685586292,0.5861583071516205,0.5882117878551248,0.5487629774384898,-0.06856481481481486,-0.06935185185185183,0.3427338966265678,0.25227795024380073,0.18927664755212048,1.0718867927293014,0.0041069614070086136,0.000787037037036975,0.029490892267518998,0.45883193156933405,0.12302090560834206,0.1124439173695017,0.0,0.6499360303015628,0.6084978956973415,0.28991967133245794,0.2921036297336466,0.40027698221843594,calm,02,23,23,male,normal,2642
70,2.3356666666666666,True,1.0,0.5714679462125772,0.5700075754237246,0.570737760818151,0.9490365704906211,-0.06787037037037047,-0.07092592592592584,0.3469333844846906,0.3467304050361759,0.20046675576268413,0.6013864782082087,0.0014603707888526385,0.003055555555555367,0.02950745419325712,0.2950957375575964,0.12095438609145519,0.11466391871421625,0.0,0.9999999987499999,0.5995833253770259,0.2964667352178517,0.2960928159743747,0.3996312652227658,calm,02,23,23,male,normal,2642
80,2.6693333333333333,True,1.0,0.551872025855023,0.5683504336516472,0.560111229753335,0.6489204080848249,-0.06495370370370368,-0.06893518518518515,0.34192649011732995,0.25165116010017025,0.19368683010433155,0.863143187939497,0.016478407796624128,0.003981481481481475,0.042294945875274555,0.42438865726554986,0.12587801505164564,0.10923599725829024,0.0,0.8512445394290504,0.6004843262852017,0.29413037012458193,0.30968764727581266,0.41894319955494175,calm,02,23,23,male,normal,2642
90,3.003,True,1.0,0.5131854267628884,0.5085672273983424,0.5108763270806154,0.6014487950302644,-0.0653703703703703,-0.06694444444444447,0.34113203587109225,0.20697586212271882,0.2036427991864526,0.8494095113365527,0.004618199364545994,0.001574074074074172,0.03778365412025449,0.4726374282828874,0.1233442989642458,0.11208907923143388,0.0,0.7808502884021113,0.5861124628132504,0.29333718811095694,0.3064973915975648,0.40563824811833643,calm,02,23,23,male,normal,2642
100,3.336666666666667,True,1.0,0.5413906858856009,0.5388805768450284,0.5401356313653147,0.44838101208441017,-0.07074074074074083,-0.07078703703703698,0.3641693210955608,0.21032838542610685,0.18832574809705546,1.2046353810888657,0.0025101090405724724,4.6296296296155504e-05,0.02886406822415862,0.5447427789680072,0.1240978241459674,0.1112542485142163,0.0,0.8905765345697774,0.6105197533388357,0.29011301045946114,0.29769570941376333,0.40104641248772854,calm,02,23,23,male,normal,2642
110,3.6703333333333332,True,1.0,0.6106927943248367,0.5589100673497416,0.5848014308372891,0.44860541698315065,-0.06773148148148145,-0.0671296296296296,0.36734276160186347,0.20391155317416,0.1923615077290461,1.3035986831591333,0.05178272697509512,0.0006018518518518534,0.0040401771297864176,0.5657555519676193,0.1265316669873736,0.10847817762078174,0.0,0.7097878154917134,0.6082185967512005,0.2907900722821366,0.3048457262725383,0.4069820946099097,calm,02,23,23,male,normal,2642
0,0.0,True,1.0,0.5425052642980008,0.5248470408307181,0.5336761525643594,0.4938855965566628,-0.07324074074074066,-0.07222222222222213,0.3518232243710905,0.25386719752477455,0.189686327334834,1.0805663422564127,0.01765822346728274,0.0010185185185185297,0.01699773549586609,0.5171834808065242,0.1258661936426353,0.10924961816021267,0.0,0.8789388313217458,0.6074167549441652,0.2909538041500936,0.30549592255799835,0.41632278882361534,calm,02,23,23,male,normal,2643
10,0.33366666666666667,True,1.0,0.5186563484507651,0.5039793635681984,0.5113178560094818,0.5161389897074731,-0.07162037037037039,-0.07111111111111101,0.3467929019014323,0.2795411644967309,0.1882981981319871,0.9906592336674203,0.014676984882566746,0.0005092592592593759,0.01922892524012656,0.4851116275111199,0.1270624193238395,0.10785601219170386,0.0,0.8680003321216954,0.6074846308367098,0.29029311648299766,0.30936745334725296,0.4196060195147621,calm,02,23,23,male,normal,2643
20,0.6673333333333333,True,1.0,0.49033375726618383,0.4670433145009413,0.4786885358835625,0.4834262002533339,-0.07263888888888881,-0.07291666666666669,0.3493085333207975,0.2558964997395305,0.18621602556979977,0.9901998187783603,0.02329044276524256,0.0002777777777778767,0.014464612250708797,0.5136400140600589,0.12739436213645466,0.10746373465664565,0.0,0.8593134162251751,0.6076492730451556,0.29011123618863977,0.30837754849316074,0.4143675402056544,calm,02,23,23,male,normal,2643
30,1.0010000000000001,True,1.0,0.5314988742186635,0.567312054779482,0.5494054644990727,0.8162212765142356,-0.07050925925925927,-0.07171296296296292,0.3452444697884902,0.3721484064268015,0.18650464509470796,0.6731084821083938,0.0358131805608185,0.0012037037037036513,0.018233410135280705,0.3255152735334657,0.12166826965038473,0.11390614526922195,0.0,0.8392572438447946,0.6103764178874675,0.29427097202302255,0.30397045068244427,0.41699065350173886,calm,02,23,23,male,normal,2643
40,1.3346666666666667,True,1.0,0.47894202417333,0.4750012244612831,0.47697162431730655,0.6622528547317632,-0.07101851851851848,-0.07226851851851851,0.3485636823184078,0.30259891107117903,0.18866250428030362,0.7202258486458282,0.003940799712046861,0.0012500000000000289,0.029934047851467936,0.394495023058677,0.1239964102754081,0.11136726632609696,0.0,0.8634613990294705,0.602572666621336,0.2933930753839124,0.30706291192861673,0.40885309200349096,calm,02,23,23,male,normal,2643
50,1.6683333333333334,True,1.0,0.5673430634173979,0.5736772823465702,0.5705101728819841,0.7339246363773038,-0.06837962962962962,-0.06907407407407401,0.35855622561743994,0.264669602910302,0.20254528821260384,0.7773416296502278,0.006334218929172297,0.0006944444444443865,0.03416543943323309,0.37494875656477455,0.12594638174095277,0.10915716511924252,0.0,0.6902268017016321,0.6013503590811324,0.2948421469111757,0.30964758245637913,0.40011457326567207,calm,02,23,23,male,normal,2643
60,2.0020000000000002,True,1.0,0.5312387417027661,0.5238430622750837,0.5275409019889249,0.6318119965114003,-0.07087962962962963,-0.0733333333333333,0.35368262921665644,0.26026624613955635,0.1963950899551894,0.834964997343804,0.007395679427682378,0.00245370370370368,0.03087102882957019,0.4030344203131617,0.12530615067343248,0.10989152093685901,0.0,0.8949354201355685,0.605311135844963,0.2912171447434261,0.3062392873764642,0.4023835854353043,calm,02,23,23,male,normal,2643
70,2.3356666666666666,True,1.0,0.5216920102543936,0.497684561901265,0.5096882860778293,0.5353345886249293,-0.06925925925925919,-0.07166666666666666,0.3385007082149892,0.3179765130984644,0.1921536657915398,0.9520929469306746,0.024007448353128624,0.002407407407407469,0.03431139602237036,0.5011682200770379,0.1241940282937649,0.11114684478856256,0.0,0.8533797911204651,0.6063562461234494,0.28875595540723725,0.30215866671290253,0.40593012082057056,calm,02,23,23,male,normal,2643
80,2.6693333333333333,True,1.0,0.5715868806118645,0.5470047088020379,0.5592957947069512,0.6155869550812757,-0.06768518518518518,-0.06833333333333325,0.3585737560838641,0.2597319322891885,0.19473027126662731,0.9085569310563243,0.02458217180982658,0.0006481481481480644,0.02608382130346994,0.4247014866764025,0.12519692406694055,0.11001594418364134,0.0,0.8106904668737183,0.6048500651197978,0.2907548962336082,0.3100059442624165,0.40873503514399906,calm,02,23,23,male,normal,2643
90,3.003,True,1.0,0.5973060546370353,0.5823104666216335,0.5898082606293344,0.6869793264933666,-0.0637962962962963,-0.06550925925925927,0.3472773566870614,0.21695270268662684,0.20750443192389986,0.8585531440079364,0.014995588015401795,0.0017129629629629717,0.025624066191618448,0.3917896564292803,0.12408714586467835,0.1112661583839982,0.0,0.6861816033800832,0.5922370604491797,0.2948350639937127,0.3033241002142182,0.39133439488327665,calm,02,23,23,male,normal,2643
100,3.336666666666667,True,1.0,0.2264115172889851,0.20349120599527362,0.21495136164212936,0.4078567611388014,-0.07666666666666672,-0.07902777777777775,0.3615175306979816,0.18238501622282674,0.19697603671470826,0.5270265988528686,0.02292031129371147,0.002361111111111036,0.03572045139895283,0.6740322423531343,0.1245370167649161,0.11076239987224895,0.0,0.9203280230770625,0.6071865631799594,0.29078575530933104,0.29889476033722456,0.3919599041818552,calm,02,23,23,male,normal,2643
110,3.6703333333333332,True,1.0,0.5334635098930358,0.539182528656328,0.536323019274682,0.41151146864316146,-0.07101851851851854,-0.07101851851851854,0.3723156318643824,0.20562037913631842,0.19111638833184727,1.3033002969347367,0.005719018763292172,0.0,0.02294678066757748,0.6173718545737589,0.1265038523357081,0.10851061291195352,0.0,0.8094230567530233,0.6068220782140982,0.2910322154204688,0.30494441614306217,0.4065733780148252,calm,02,23,23,male,normal,2643
120,4.0040000000000004,True,1.0,0.5727562412110578,0.539411461921475,0.5560838515662665,0.4174257394531868,-0.07018518518518518,-0.06921296296296292,0.3680826253736909,0.21541008431309885,0.191050508732786,1.33217432229914,0.03334477928958279,0.0009722222222222632,0.014093380016642485,0.5995599036652055,0.12492582315541198,0.11032368956469087,0.0,0.7141311931582452,0.6102303786201981,0.2909293966531597,0.3054100429999548,0.4131100176019967,calm,02,23,23,male,normal,2643
0,0.0,True,1.0,0.601138115811493,0.5590293682310371,0.580083742021265,0.5142927337160939,-0.0697685185185184,-0.06888888888888894,0.34666248514715814,0.2713991483709195,0.19305555555555554,1.1279252145558991,0.04210874758045591,0.0008796296296294526,0.0009578531358241654,0.5030155526003476,0.12684535164578076,0.10811121373997228,0.0,0.7643871117032183,0.6074292811812224,0.2902255351733956,0.3078265199039149,0.4074823430709324,calm,02,23,23,male,normal,2644
10,0.33366666666666667,True,1.0,0.6216746463842449,0.587572122085625,0.6046233842349349,0.5327790488758466,-0.07222222222222213,-0.0700925925925926,0.3447586756080423,0.3167875425748275,0.18889252403601012,1.1348482743656652,0.03410252429861982,0.002129629629629537,0.005972289340732373,0.4894802777371577,0.1246521610996644,0.11063280030537427,0.0,0.7974547800803947,0.6126798706279387,0.29055832239693635,0.30562962791403475,0.4127674789776024,calm,02,23,23,male,normal,2644
20,0.6673333333333333,True,1.0,0.5679421976660722,0.5876854603426759,0.5778138290043741,0.5916047132860807,-0.07180555555555551,-0.07064814814814807,0.34118575334118617,0.3030170482684803,0.19168617038730712,0.976689022294794,0.019743262676603646,0.0011574074074074403,0.004977567410902129,0.4397013750565843,0.12469315927782626,0.11058658960098161,0.0,0.8399187953986496,0.6093857184123649,0.29065860588110276,0.30714636279995244,0.4118278189431427,calm,02,23,23,male,normal,2644
30,1.0010000000000001,True,1.0,0.5039152441125461,0.4979104412637436,0.5009128426881448,0.8508956129001167,-0.07407407407407407,-0.07347222222222222,0.3237770889120688,0.3796917617736824,0.19475181868613875,0.5886889473796653,0.0060048028488024485,0.0006018518518518534,0.018528220389341,0.34136290439537553,0.12399441432558585,0.11136948857794282,0.0,0.7894077817025978,0.6041715467436974,0.2936803898973486,0.3054548335938342,0.409427945593096,calm,02,23,23,male,normal,2644
40,1.3346666666666667,True,1.0,0.5276296900033314,0.5377237148187076,0.5326767024110195,0.5650130030015086,-0.07180555555555551,-0.07351851851851854,0.35592743250231573,0.2884213676773507,0.1923346337903077,0.9427689266995458,0.010094024815376246,0.0017129629629630272,0.032917057396949126,0.4785642644702006,0.12410660840237644,0.11124444939457889,0.0,0.93597964591012,0.6084093976965786,0.28988707760403154,0.30521836323600016,0.4111141579359183,calm,02,23,23,male,normal,2644
50,1.6683333333333334,True,1.0,0.5626007576367934,0.5511162702266525,0.556858513931723,0.6979729790364355,-0.06953703703703706,-0.07245370370370374,0.3614322993700697,0.2544931244932923,0.20302498205312963,0.7978224525259938,0.011484487410140853,0.0029166666666666785,0.038441169613670056,0.3797553358970393,0.1255900435707535,0.1095669600119881,0.0,0.9397261125648114,0.6021398681816477,0.2964710274825602,0.30443167062043697,0.39047491156059966,calm,02,23,23,male,normal,2644
60,2.0020000000000002,True,1.0,0.5784379686764772,0.5819803992797923,0.5802091839781347,0.7620349358856181,-0.0702314814814815,-0.07296296296296295,0.3366438510725104,0.30151413671197824,0.19655235804795132,0.7613944671760094,0.00354243060331505,0.002731481481481446,0.04067070253616223,0.35025090043170287,0.12636816213045335,0.10866860342523287,0.0,0.6665105385965537,0.6054696486719688,0.2924331925035956,0.3038334920524215,0.3961845306207838,calm,02,23,23,male,normal,2644
70,2.3356666666666666,True,1.0,0.18433976089166232,0.19131141285700287,0.1878255868743326,0.48859711209295814,-0.08287037037037032,-0.08694444444444444,0.34049329379026927,0.3646556739724759,0.18579338116906016,0.3844181273805765,0.006971651965340553,0.004074074074074119,0.0407320107579849,0.5440736055268282,0.12250724984406658,0.11300332519811933,0.0,0.7388346396848064,0.6071083754439276,0.29040830530061035,0.2943054333023982,0.39212415477731516,calm,02,23,23,male,normal,2644
80,2.6693333333333333,True,1.0,0.4501702854040135,0.45843317857827115,0.4543017319911423,0.6813746025366458,-0.07101851851851854,-0.07499999999999996,0.35498993583312627,0.3127207099434322,0.18984769927432119,0.6667429785317086,0.008262893174257657,0.003981481481481419,0.0545465709060312,0.40604654139285884,0.12393424110868329,0.11143644669035423,0.0,0.8398301468083471,0.597914029666554,0.2905880770155722,0.30673867113501835,0.4142120917436244,calm,02,23,23,male,normal,2644
90,3.003,True,1.0,0.5773562640638046,0.5887915143595882,0.5830738892116965,0.7945296045940753,-0.06513888888888886,-0.0692592592592593,0.32954210708572207,0.2716698690759814,0.2038319075740092,0.7338604953676818,0.011435250295783628,0.004120370370370441,0.044228217038475334,0.3347314994916181,0.1249978889697215,0.11024203156477577,0.0,0.7071067807446058,0.5943665948097989,0.29461135469368566,0.30435176178689977,0.39706309452308086,calm,02,23,23,male,normal,2644
100,3.336666666666667,True,1.0,0.5842049333083803,0.5865325264836826,0.5853687298960315,0.47580934895020394,-0.0698611111111111,-0.0722222222222223,0.3591364339843063,0.2574665756773045,0.18855895105063453,1.2302589917317777,0.0023275931753022894,0.0023611111111112026,0.04030342225282462,0.5286530614741021,0.12238948724461367,0.11313085866324155,0.0,0.7269478192046565,0.6044331778023709,0.2904208335292421,0.3089364093792062,0.4165164818976022,calm,02,23,23,male,normal,2644
110,3.6703333333333332,True,1.0,0.4589086299189587,0.43671328085236905,0.44781095538566384,0.4344803630015267,-0.07611111111111107,-0.0762962962962963,0.3745208711886883,0.23695486808524743,0.18689742604383394,1.0306816913244254,0.022195349066589654,0.00018518518518523264,0.022931263667869625,0.56323383471879,0.12524462159528957,0.10996164118398576,0.0,0.7496723314768489,0.610846965067277,0.2923725944439095,0.2993884828888132,0.40088183106588904,calm,02,23,23,male,normal,2644
120,4.0040000000000004,True,1.0,0.5355354644632574,0.5479076927335413,0.5417215785983993,0.47158114751423913,-0.07337962962962963,-0.07407407407407407,0.3649832753658922,0.24913565515004985,0.18578662325189152,1.1487345952099206,0.012372228270283947,0.000694444444444442,0.0265493040754861,0.5308520284386221,0.1265982167660883,0.10840050406798632,0.0,0.6912047107968406,0.6130547572466487,0.2922987873119545,0.3045278046550228,0.4136729469709405,calm,02,23,23,male,normal,2644
0,0.0,True,1.0,0.5538493055388556,0.5780182703583023,0.565933787948579,0.5098675908538853,-0.07101851851851854,-0.07078703703703709,0.34393009460335494,0.3058810539292666,0.18698557924659698,1.1099622688329698,0.024168964819446748,0.00023148148148144365,0.00947348681120367,0.49896843035049476,0.12620302520675222,0.10886034263673147,0.0,0.8197717055394655,0.614436180323692,0.2905751958543129,0.31284359882520546,0.42266173349008235,calm,02,23,23,male,normal,2645
10,0.33366666666666667,True,1.0,0.5725047080979271,0.5628392828987793,0.5676719954983531,0.5095973701485897,-0.07027777777777766,-0.0706018518518518,0.3443372213183819,0.2984399200016279,0.1883407368262871,1.1139617838546338,0.009665425199147815,0.00032407407407414324,0.008231363884197405,0.5310576068287237,0.12750207856868545,0.10733591072515539,0.0,0.7378412351872773,0.6088461350321378,0.29152343390913543,0.3128759838783734,0.42117570463364,calm,02,23,23,male,normal,2645
20,0.6673333333333333,True,1.0,0.512008674102778,0.5272000756387974,0.5196043748707877,0.5201714302500612,-0.07273148148148151,-0.0730555555555556,0.34603111743468207,0.30339630089147707,0.18700312330408356,0.9989098682736173,0.0151914015360195,0.0003240740740740877,0.016763402739042376,0.4851116275111188,0.12692577036465602,0.10801678845351438,0.0,0.8316755284174703,0.6106173144101391,0.2915883262511293,0.3113112616267652,0.41797119370588703,calm,02,23,23,male,normal,2645
30,1.0010000000000001,True,1.0,0.4965842533612576,0.5401483154359655,0.5183662843986115,0.9301643500035682,-0.07212962962962965,-0.07458333333333328,0.32755503501521493,0.43428965343875836,0.18454283351074247,0.5572846179243733,0.04356406207470792,0.0024537037037036247,0.02775326344759324,0.29533615250706075,0.12331493952953991,0.11212137824195832,0.0,0.827349416117158,0.6009299809845815,0.29272371631590266,0.3030423279756491,0.4097898845413031,calm,02,23,23,male,normal,2645
40,1.3346666666666667,True,1.0,0.44335637821152707,0.467937549216542,0.45564696371403457,0.5752235264198934,-0.07083333333333336,-0.07347222222222222,0.35090821934376276,0.31493134260961936,0.18049711928295264,0.7921215715044102,0.024581171005014946,0.0026388888888888573,0.03288190854404231,0.4796747024096516,0.12713264973429936,0.10777322089504635,0.0,0.8059415374644746,0.5991357675413916,0.29240448101255617,0.30807425098131574,0.40641165125853257,calm,02,23,23,male,normal,2645
50,1.6683333333333334,True,1.0,0.6243168872177072,0.5795045453174633,0.6019107162675852,0.6915473142596104,-0.06694444444444442,-0.0692592592592593,0.36518025468534954,0.24551468304395652,0.1996077517540483,0.8703825520774489,0.04481234190024386,0.0023148148148148806,0.036383645805551784,0.3904961827619051,0.12742801287261046,0.10742383025229804,0.0,0.782048160259569,0.6039404422159489,0.29229836697356104,0.30755114850824233,0.397592154623506,calm,02,23,23,male,normal,2645
60,2.0020000000000002,True,1.0,0.4844540495595226,0.5058036512174545,0.49512885038848853,0.6756334468378142,-0.0739351851851851,-0.07685185185185178,0.34132245997444527,0.3861283591527693,0.18010486138590223,0.7328364998888875,0.021349601657931927,0.0029166666666666785,0.042633770659143325,0.3879990204486128,0.12344402003355497,0.111979246685632,0.0,0.6621097035681314,0.6056375762961435,0.29093614042877236,0.2970697456199374,0.398972539092778,calm,02,23,23,male,normal,2645
70,2.3356666666666666,True,1.0,0.23635586369741082,0.22389339045908477,0.2301246270782478,0.8117461823471014,-0.08134259259259258,-0.08254629629629623,0.33193925866191354,0.2749150605944922,0.20383190757400932,0.2834933284353247,0.012462473238326055,0.0012037037037036513,0.037826975767712254,0.3450678921507531,0.12437090205041464,0.11094889135776358,0.0,0.7393550147832193,0.6037411108036964,0.2919750104334256,0.2949973674740556,0.3793745988177201,calm,02,23,23,male,normal,2645
80,2.6693333333333333,True,1.0,0.3187924968283911,0.31697929675491204,0.3178858967916516,0.681932368957607,-0.07712962962962966,-0.07949074074074075,0.35178680641376714,0.2583344995184895,0.19887804471838244,0.4661545796360537,0.001813200073479071,0.0023611111111110916,0.04652209135127309,0.3945549932206474,0.12625343129474045,0.10880187892109325,0.0,0.6664136467489307,0.5963312058417117,0.29146204514575763,0.3078300924573504,0.4003013700077223,calm,02,23,23,male,normal,2645
90,3.003,True,1.0,0.5824195891161386,0.562737450420652,0.5725785197683952,0.7443831631966394,-0.0687962962962963,-0.07078703703703698,0.3332528283051479,0.3068952438371343,0.19749591683078951,0.7691986440283584,0.019682138695486517,0.001990740740740682,0.045188719782497715,0.36873844842150993,0.12268102711074629,0.11281464159018421,0.0,0.7550132708279965,0.5975002310846214,0.2930175336381725,0.30368048811109954,0.3935834931058135,calm,02,23,23,male,normal,2645
100,3.336666666666667,True,1.0,0.5935456587785682,0.5969105136889867,0.5952280862337775,0.4614567121989459,-0.06884259259259262,-0.07078703703703704,0.35722666704166134,0.20289086682069246,0.19772293454357184,1.2898893233070134,0.003364854910418491,0.0019444444444444153,0.034071786523170625,0.5308565654524714,0.12757072344840736,0.10725431594781176,0.0,0.6819278062743751,0.6017390320268733,0.29088267760666187,0.3142245810912883,0.4092652595179997,calm,02,23,23,male,normal,2645
110,3.6703333333333332,True,1.0,0.5875721220856249,0.5727629744397851,0.580167548262705,0.4416791062659113,-0.07083333333333336,-0.07148148148148142,0.36846000896634906,0.22723475355054334,0.1905698540911311,1.313549905422552,0.014809147645839849,0.0006481481481480644,0.03186271215769076,0.5795798648998173,0.1270310909023603,0.10789290854770488,0.0,0.6684292725373033,0.6125520624499801,0.289469901885447,0.30231987721922693,0.40333864061512076,calm,02,23,23,male,normal,2645
0,0.0,True,1.0,0.5750307027168732,0.5647182863434946,0.5698744945301839,0.4781079381582547,-0.07157407407407407,-0.06875000000000003,0.3435867655351246,0.24597663316349339,0.19306978193111085,1.1919369017913153,0.010312416373378541,0.0028240740740740344,0.02354449312388608,0.5580311409427584,0.12842859622361893,0.10622557810030697,0.0,0.6890520910805148,0.6088803493975715,0.2875439507644728,0.31401063076797003,0.41388533471246414,calm,02,23,23,male,strong,2646
10,0.33366666666666667,True,1.0,0.5945451746781919,0.5936546783316679,0.5940999265049298,0.5197874768197753,-0.0712962962962963,-0.06810185185185186,0.3443188479450435,0.2381196858700902,0.19655922022996586,1.142966987469228,0.0008904963465240501,0.003194444444444444,0.024078332460120862,0.5272033673498465,0.12500245430089774,0.1102368549493131,0.0,0.7790849063663333,0.6106123164969113,0.28989073315016634,0.31061212143174255,0.412485919890541,calm,02,23,23,male,strong,2646
20,0.6673333333333333,True,1.0,0.49598252864534703,0.46527365336887005,0.48062809100710857,0.8579936769206825,-0.07398148148148143,-0.06944444444444448,0.34215706522718214,0.34887170776146764,0.18891473730410502,0.5601767284953317,0.030708875276476977,0.004537037037036951,0.02203736983076332,0.32798221655748505,0.12225840898565206,0.1132724997618365,0.0,0.8689342215983721,0.6079605078672095,0.29176388606861603,0.30603373680887047,0.40984820968514823,calm,02,23,23,male,strong,2646
30,1.0010000000000001,True,1.0,0.3954382985667051,0.37979784654973686,0.387618072558221,0.717824372816364,-0.07657407407407396,-0.07236111111111104,0.3672153463234438,0.3382916976113704,0.18405430888416377,0.5399901246559966,0.01564045201696823,0.004212962962962918,0.027191353401556463,0.3683252913750529,0.12422211495331041,0.11111545314061473,0.0,0.6739675045176108,0.6072224405465312,0.29260722656560967,0.3114974184207426,0.41855876533358366,calm,02,23,23,male,strong,2646
40,1.3346666666666667,True,1.0,0.44910084125076283,0.39940381869877617,0.42425232997476947,0.5818283146512854,-0.07263888888888892,-0.06944444444444448,0.35998665295929766,0.23531207925862996,0.1868855874940126,0.7291709930429255,0.04969702255198666,0.003194444444444444,0.024434111588376953,0.4517447127909457,0.12252376019945706,0.11298542364625018,0.0,0.7062474695470197,0.6144501262067328,0.29267572299133776,0.30328197620836733,0.4121904164015473,calm,02,23,23,male,strong,2646
50,1.6683333333333334,True,1.0,0.48798294703944045,0.4918959048432567,0.48993942594134854,0.9604471006469352,-0.07277777777777789,-0.06782407407407415,0.3412201238954184,0.40005554875918264,0.18482792506197768,0.5101159924490756,0.0039129578038162305,0.004953703703703738,0.026682618788523474,0.27928885996286973,0.12048780827595743,0.11515409600450852,0.0,0.8222519111933403,0.6095428640753177,0.29401924213170744,0.3062642469637794,0.4184983965726923,calm,02,23,23,male,strong,2646
60,2.0020000000000002,True,1.0,0.5161896113925346,0.48162155114442984,0.4989055812684822,0.6911636547969794,-0.07245370370370374,-0.0677314814814815,0.366420038716017,0.2571016901846418,0.1917339262223218,0.7218342252314026,0.03456806024810477,0.004722222222222239,0.02855593076835727,0.40836288544813487,0.12431574278436064,0.11101069257599795,0.0,0.6701770538480908,0.6104250513642957,0.2927074639774746,0.31236114251622804,0.4156286446963688,calm,02,23,23,male,strong,2646
70,2.3356666666666666,True,1.0,0.2632318728725913,0.260755901931218,0.26199388740190466,0.5561211303475405,-0.07986111111111105,-0.07597222222222222,0.34849645349574676,0.3060706574863679,0.17649958250221665,0.4711093916502958,0.0024759709413733066,0.0038888888888888307,0.02711292992303819,0.45796668532448925,0.12372960117479946,0.11166361790299145,0.0,0.6826887617445979,0.6103703892572653,0.29186663566833126,0.3032600114896825,0.4106959960068195,calm,02,23,23,male,strong,2646
80,2.6693333333333333,True,1.0,0.4195857722383716,0.411420859500387,0.4155033158693793,0.6659765692515285,-0.07287037037037025,-0.06999999999999995,0.34936397344914905,0.2899604495520529,0.19383857917192496,0.6239008023005242,0.008164912737984642,0.002870370370370301,0.02046196582970335,0.4198403058881999,0.12148775787491158,0.11409865229854657,0.0,0.6876022032042254,0.6069341233446504,0.29138533767987307,0.30333863914253084,0.4078235775935363,calm,02,23,23,male,strong,2646
90,3.003,True,1.0,0.4501131522769363,0.41812204890285126,0.4341176005898938,0.6780396235561915,-0.07486111111111104,-0.06953703703703706,0.37699169576239533,0.2927665365893939,0.18824349140015104,0.6402540286849725,0.03199110337408506,0.005324074074073981,0.020230107282890313,0.41076412072339813,0.1249477672093365,0.11029883607646487,0.0,0.6965575095919987,0.6131099965064152,0.2939447220072111,0.30043359876068804,0.40756264636712375,calm,02,23,23,male,strong,2646
100,3.336666666666667,True,1.0,0.4501131522769375,0.4401631584619876,0.44513815536946255,0.6196634654475842,-0.07282407407407399,-0.06981481481481489,0.3428359596960103,0.24464853971311296,0.19454486494201956,0.7183546879723469,0.009949993814949876,0.0030092592592591005,0.026235568711752318,0.446461545578599,0.1233137536872121,0.11212268245801163,0.0,0.690202971431448,0.6060139228034964,0.29120124037967104,0.3035766799420752,0.4029564652962218,calm,02,23,23,male,strong,2646
110,3.6703333333333332,True,1.0,0.5206543836094505,0.5079755629845715,0.5143149732970109,0.6219699234806123,-0.0698611111111111,-0.06722222222222218,0.36436442388631074,0.2361779572215726,0.1972980287910503,0.8269129324113417,0.012678820624879017,0.002638888888888913,0.029129668379973498,0.4699941910947471,0.12256136485350268,0.11294463075017684,0.0,0.7020023460340817,0.6070868363829908,0.29167667579464907,0.3061740065086287,0.40567930629794663,calm,02,23,23,male,strong,2646
120,4.0040000000000004,True,1.0,0.3069343386543599,0.28844499526728123,0.29768966696082055,0.47733144594024296,-0.08027777777777778,-0.0793518518518519,0.37147419017727035,0.16501650165016446,0.19241821567656017,0.6236540028793499,0.01848934338707864,0.0009259259259258856,0.028346244870483542,0.5708657301055534,0.12531439020609958,0.1098821249230487,0.0,0.716218280684564,0.6051060591502226,0.290680422147158,0.30804765037521425,0.402042041302691,calm,02,23,23,male,strong,2646
130,4.337666666666666,True,1.0,0.4917263007095549,0.47681278834759055,0.48426954452857274,0.43346304902769334,-0.07314814814814813,-0.07041666666666674,0.3902457611003918,0.13976069054043666,0.19242812793720376,1.117210672547162,0.014913512361964365,0.0027314814814813904,0.027435216892343902,0.6113868544358795,0.12476076350643109,0.11051031472038757,0.0,0.7707065304644802,0.6085172870867098,0.29130706901137915,0.3156936057310608,0.4160625046668431,calm,02,23,23,male,strong,2646
0,0.0,True,1.0,0.5450034440199527,0.5341339069801571,0.5395686755000548,0.524700423148233,-0.07240740740740731,-0.06888888888888894,0.34846534719109024,0.24082822957192096,0.19519518081407675,1.0283366502024365,0.010869537039795651,0.0035185185185183654,0.026050203226307213,0.5126721051897305,0.12464813117758343,0.11063734073148976,0.0,0.6797691073211579,0.6070952561337035,0.2886704944232747,0.3078480628764974,0.4138008366695225,calm,02,23,23,male,strong,2647
10,0.33366666666666667,True,1.0,0.5376042701510834,0.5253563380726338,0.5314803041118585,0.539264747056519,-0.07152777777777775,-0.06712962962962965,0.3473167575059411,0.24082822957192082,0.19245032954841063,0.985564710122161,0.012247932078449542,0.0043981481481480955,0.026617835795137722,0.48439081528926403,0.12590306470663085,0.1092071246204843,0.0,0.716187499911915,0.6086511924379127,0.2882840114847685,0.31343953307108907,0.41581267961830404,calm,02,23,23,male,strong,2647
20,0.6673333333333333,True,1.0,0.5677627232487651,0.5571289055951631,0.5624458144219642,0.5883895995186661,-0.0710648148148148,-0.06754629629629633,0.343654864414516,0.23623577020915432,0.19519518081407675,0.9559071317407287,0.01063381765360194,0.0035185185185184764,0.026409733920060748,0.4486794562192657,0.1262998328839541,0.10874801140235546,0.0,0.641327518084939,0.6085543195950255,0.2890722758023074,0.31333460159052967,0.41125552354727635,calm,02,23,23,male,strong,2647
30,1.0010000000000001,True,1.0,0.5119901542116151,0.5083575818278379,0.5101738680197265,0.7134156722808238,-0.07337962962962968,-0.06972222222222224,0.3578040475945537,0.2534409135091835,0.19732122906132424,0.7151144667016865,0.003632572383777233,0.0036574074074074425,0.03293764949757536,0.3900548923869573,0.12132591087760708,0.11427073605902217,0.0,0.7492386654735875,0.6060795891168969,0.29081064570347986,0.30429892469287556,0.40634640438874847,calm,02,23,23,male,strong,2647
40,1.3346666666666667,True,1.0,0.26544913288253646,0.256687647192734,0.26106839003763527,0.5826577343379311,-0.08046296296296296,-0.07685185185185184,0.36075590124581886,0.23003835437573236,0.19662713428789938,0.44806474650900324,0.00876148568980245,0.0036111111111111205,0.03079738128008366,0.4921963934603533,0.12285693172857183,0.11262305312945232,0.0,0.6761042986298633,0.606980775020946,0.29189199617959133,0.30374934915897606,0.4002992511191985,calm,02,23,23,male,strong,2647
50,1.6683333333333334,True,1.0,0.3884306862431806,0.3576252036849508,0.3730279449640657,0.8437710265839425,-0.07560185185185186,-0.07157407407407401,0.34651017930831396,0.34266870502767205,0.19243883260522998,0.44209617681978447,0.03080548255822979,0.004027777777777852,0.024603021169266163,0.3492812308563963,0.12571493563638617,0.10942363880016247,0.0,0.783139237794044,0.6060686106551996,0.29307010287170854,0.30755153400840984,0.4071011687339153,calm,02,23,23,male,strong,2647
60,2.0020000000000002,True,1.0,0.4444289001751975,0.4242699585669434,0.43434942937107046,0.704432134900548,-0.07291666666666669,-0.06791666666666674,0.35797573043363523,0.34512099709363275,0.18476351959133744,0.6165951379154389,0.0201589416082541,0.004999999999999949,0.013114742426556318,0.39027190295918535,0.12407769285524588,0.11127669974364587,0.0,0.7356040451577348,0.6131817333964836,0.29315313606111004,0.3068602790372643,0.41525239589150975,calm,02,23,23,male,strong,2647
70,2.3356666666666666,True,1.0,0.46793901390645065,0.40695807954551994,0.4374485467259853,0.6570586982371757,-0.07393518518518516,-0.07050925925925922,0.35392650638759826,0.349274252644904,0.17920924427469395,0.6657678345931909,0.060980934360930716,0.0034259259259259434,0.012012227777430759,0.4037523146733989,0.1245509012667443,0.1107467866973721,0.0,0.6775493506128003,0.6062000974374124,0.29513765514449947,0.3045384157173057,0.41293214809000994,calm,02,23,23,male,strong,2647
80,2.6693333333333333,True,1.0,0.49885780291642867,0.4577553299793198,0.4783065664478742,0.5801744635325264,-0.0737962962962963,-0.07111111111111112,0.3488927832487696,0.2825867341844167,0.18751993709107473,0.8244185094524741,0.04110247293710889,0.0026851851851851793,0.013067396957551216,0.4490581924256608,0.1252293207616686,0.10997906615287575,0.0,0.674689667764268,0.6059928317967813,0.29140552771327394,0.3087879798395061,0.4138495308243411,calm,02,23,23,male,strong,2647
90,3.003,True,1.0,0.21480431547644996,0.22130075517219333,0.21805253532432164,0.8317238150539483,-0.08347222222222223,-0.0794907407407407,0.3595760665699531,0.29294934358023894,0.19655922022996597,0.2621694021232013,0.006496439695743372,0.00398148148148153,0.014973434015895645,0.34448057297315327,0.12267105249708732,0.11282548758711322,0.0,0.7376821346206308,0.6030332008975465,0.29589876051492403,0.3015190830766675,0.3954270703420232,calm,02,23,23,male,strong,2647
100,3.336666666666667,True,1.0,0.4723259833379326,0.4598955808031016,0.4661107820705171,0.6657828511427388,-0.07449074074074069,-0.07115740740740745,0.3408941968975078,0.26044584687899264,0.19450093735393315,0.7000943044274753,0.012430402534830964,0.0033333333333332438,0.02004528512681183,0.4177905092678991,0.12346751124186588,0.11195334491518977,0.0,0.7613990539756819,0.6061473659541942,0.29205390746593723,0.3078685877192132,0.4095621055839516,calm,02,23,23,male,strong,2647
110,3.6703333333333332,True,1.0,0.48670431076191484,0.5047366912869733,0.4957205010244441,0.6913439244514767,-0.07347222222222222,-0.06851851851851859,0.34850694835542667,0.3030254873139946,0.1938271645733964,0.7170389201261248,0.018032380525058456,0.004953703703703627,0.023704752456281238,0.39833178119791646,0.1260858201228659,0.10899607210564262,0.0,0.7188171625086742,0.606904200516144,0.2936100745276882,0.30043090836865943,0.39839821875095627,calm,02,23,23,male,strong,2647
120,4.0040000000000004,True,1.0,0.568350433651646,0.5350849161287767,0.5517176748902113,0.5366981135185115,-0.07208333333333339,-0.06800925925925927,0.36666380842225177,0.26122738683773084,0.18759153039354043,1.0279851204865131,0.033265517522869215,0.004074074074074119,0.0241196121648853,0.48769964156634493,0.12414448129164238,0.11120218313994798,0.0,0.6894889348933707,0.6130732970219338,0.29257321624888377,0.29999418649802073,0.4063951992274677,calm,02,23,23,male,strong,2647
130,4.337666666666666,True,1.0,0.42682888898843657,0.39940381869877545,0.413116353843606,0.46597411063612637,-0.07740740740740742,-0.07398148148148154,0.36955365734948065,0.23271672366490273,0.189686327334834,0.8865650352970009,0.027425070289661124,0.003425925925925888,0.02124993507286919,0.5576043687233047,0.12540859297558213,0.10977459896616887,0.0,0.6850066203891554,0.6057066219612846,0.2890781149770696,0.30904749052053504,0.4116956829396778,calm,02,23,23,male,strong,2647
0,0.0,True,1.0,0.6266547370782154,0.6162341768215097,0.6214444569498625,0.5661464277345605,-0.0700925925925927,-0.06916666666666671,0.3499063766958095,0.24766457502584027,0.2006948245938466,1.0976744292754395,0.01042056025670568,0.0009259259259259967,0.000642737669303635,0.4561620880846132,0.12716304218187494,0.107737358764903,0.0,0.798943554980384,0.5967390772559024,0.2902256329356733,0.3084423431232135,0.39899743152347894,calm,02,23,23,male,strong,2648
10,0.33366666666666667,True,1.0,0.5787016320795845,0.5673430634173973,0.5730223477484908,0.5222048870369326,-0.07111111111111118,-0.06967592592592592,0.3539177139126792,0.24687470784939747,0.1965281659868687,1.0973132614669772,0.011358568662187207,0.0014351851851852615,0.0037721121730010646,0.49296914236273137,0.1257442160633631,0.10938998993022485,0.0,0.786583761231797,0.6021131401076056,0.28998660332811393,0.3081247540068612,0.4088498335592576,calm,02,23,23,male,strong,2648
20,0.6673333333333333,True,1.0,0.5839648306135058,0.5589100673497405,0.5714374489816232,0.555728996503975,-0.07134259259259251,-0.06907407407407401,0.34860083354545995,0.256383659761764,0.19652777777777775,1.0282663898707252,0.025054763263765323,0.002268518518518503,0.0028077174592819236,0.464185640617639,0.1250576167028173,0.1101742722907687,0.0,0.8227467828429059,0.6039680547687826,0.28967322639026427,0.30779793946775097,0.40537734496113564,calm,02,23,23,male,strong,2648
30,1.0010000000000001,True,1.0,0.4557459990971126,0.4425578558005752,0.4491519274488439,0.775829861936588,-0.07550925925925928,-0.07189814814814821,0.3512188467286301,0.33121390473855383,0.19310336782570575,0.5789309608780631,0.013188143296537391,0.003611111111111065,0.02749677815117371,0.3649627366428062,0.12324232068899478,0.11220119500809854,0.0,0.7633299166239838,0.599326398176458,0.2901262631081994,0.3046733101110594,0.4070362066741859,calm,02,23,23,male,strong,2648
40,1.3346666666666667,True,1.0,0.3273262140630214,0.3211290065316453,0.3242276102973334,0.5526847698828722,-0.07935185185185184,-0.07583333333333336,0.35858866132642775,0.28990163755865184,0.18893775557162903,0.586641116175583,0.006197207531376148,0.0035185185185184764,0.019892810696631617,0.5155734353002545,0.12387293422534533,0.11150459154907261,0.0,0.8694592645173126,0.6057483076121074,0.2933858301692092,0.30515733284446656,0.41287227095583384,calm,02,23,23,male,strong,2648
50,1.6683333333333334,True,1.0,0.5118479025631442,0.5022801230504017,0.5070640128067729,0.7130817311548147,-0.0715277777777778,-0.06847222222222227,0.3683867638495497,0.28239871178374215,0.19515804560261096,0.7110882114250744,0.009567779512742458,0.0030555555555555336,0.017230700212778272,0.38604995497994515,0.1227769388490454,0.1127102526699457,0.0,0.7401745997902083,0.6070208822669693,0.29606324550291957,0.3062737721384923,0.4082222444807353,calm,02,23,23,male,strong,2648
60,2.0020000000000002,True,1.0,0.38095238095238093,0.36727037804165946,0.3741113794970202,0.683994451045367,-0.07574074074074078,-0.0727314814814814,0.3649723355056025,0.3624253317497133,0.1770872108184554,0.5469508983958214,0.013682002910721469,0.003009259259259378,0.008427670299862557,0.38707931791924816,0.12418285479754614,0.11115932864341586,0.0,0.7596608662401143,0.6054216994532189,0.2945051502652087,0.3024678126610418,0.41274306272760664,calm,02,23,23,male,strong,2648
70,2.3356666666666666,True,1.0,0.405642471489883,0.3761324595349812,0.39088746551243214,0.5939109426071018,-0.07560185185185186,-0.07259259259259265,0.35208842503438553,0.35323341773052075,0.181948218334814,0.658158382798179,0.029510011954901827,0.0030092592592592116,0.012804953249536996,0.43413276510215204,0.12438383072823456,0.11093439693631145,0.0,0.7400168984516131,0.6025671227709835,0.2924451315208403,0.30515259237790177,0.41481933868908155,calm,02,23,23,male,strong,2648
80,2.6693333333333333,True,1.0,0.15865023417386706,0.16991063395164857,0.16428043406275783,0.6265659289139756,-0.08208333333333329,-0.07837962962962958,0.3722806435481986,0.28643601940213087,0.19237102631416939,0.26219177660602216,0.01126039977778151,0.003703703703703709,0.011797099219864365,0.4388934000743723,0.12320086235586461,0.11224671614334462,0.0,0.6634522416590186,0.60346081207483,0.29325378757833737,0.2995119611592956,0.3983946103634475,calm,02,23,23,male,strong,2648
90,3.003,True,1.0,0.35969072340229385,0.3637707688957278,0.3617307461490108,0.7409149572824472,-0.0765277777777778,-0.07236111111111115,0.35101841330039046,0.2563356206330433,0.19655262161383555,0.4882216813057453,0.004080045493433937,0.004166666666666652,0.013244202946777606,0.3799498429124018,0.12365904249435074,0.11174175128131476,0.0,0.7970985870321624,0.6029879338297819,0.29667462561920577,0.30270196858732445,0.39593301763782257,calm,02,23,23,male,strong,2648
100,3.336666666666667,True,1.0,0.510858472147954,0.49053669462907584,0.5006975833885149,0.572734865325649,-0.07180555555555551,-0.06837962962962968,0.36697554206562333,0.27932379271604185,0.18686435787134403,0.8742222862647366,0.020321777518878148,0.0034259259259258323,0.012053854416519828,0.4737786862115759,0.12434807137367491,0.11097447866878499,0.0,0.6933155083289283,0.6074438185508579,0.2899344841550953,0.30320268390472055,0.40992251495661974,calm,02,23,23,male,strong,2648
110,3.6703333333333332,True,1.0,0.5411193809242112,0.4985390769127238,0.5198292289184675,0.5511484031480514,-0.07351851851851848,-0.06930555555555556,0.36841325132286634,0.24176290206034834,0.1931329975882596,0.9431746984102741,0.04258030401148738,0.004212962962962918,0.015961530172594423,0.4895791561201235,0.12469895698272751,0.11058005198863682,0.0,0.6833356890405001,0.6084174729657488,0.2931892542648527,0.3018548134997923,0.4062713803805907,calm,02,23,23,male,strong,2648
120,4.0040000000000004,True,1.0,0.2550176935965236,0.22409747692621193,0.23955758526136778,0.4629999585838423,-0.08185185185185195,-0.07879629629629631,0.3741350235297844,0.17821782178217763,0.19802804055192563,0.5174030382078048,0.030920216670311668,0.0030555555555556446,0.023153196211114398,0.5947195788526376,0.12498701053641247,0.1102543648456811,0.0,0.6544506095765119,0.603982408283626,0.2927692798840923,0.3008414068845663,0.3962386384636724,calm,02,23,23,male,strong,2648
0,0.0,True,1.0,0.5717190238186324,0.5446983408630962,0.5582086823408643,0.4874288017988249,-0.07416666666666666,-0.07356481481481486,0.3667632053356875,0.22340486749112817,0.19583372291904952,1.1452107062217718,0.02702068295553617,0.0006018518518517979,0.0012554120326784964,0.5163726808839432,0.12469617829534808,0.11058318537965552,0.0,0.7812263014323411,0.601649583653774,0.29083271880711353,0.31222042019619894,0.4168858801758898,calm,02,23,23,male,strong,2649
10,0.33366666666666667,True,1.0,0.5724964077070798,0.5807776101737256,0.5766370089404027,0.6043608172303673,-0.07467592592592598,-0.07384259259259257,0.3605401112986632,0.2884213676773509,0.1902813863914834,0.954127058704739,0.008281202466645876,0.0008333333333334081,0.0015591645710264978,0.4242819945567434,0.12678532009042776,0.1081816083261241,0.0,0.7351561717384144,0.6029213261320153,0.29017347040152813,0.3156793971253048,0.4196478359445334,calm,02,23,23,male,strong,2649
20,0.6673333333333333,True,1.0,0.5724715886113606,0.5645977958346067,0.5685346922229837,0.6408981775881986,-0.07444444444444442,-0.07337962962962957,0.35442845466157674,0.31345936928434676,0.19097382022690002,0.8870905115731018,0.00787379277675393,0.0010648148148148517,0.002805935412268429,0.4208134139565573,0.12608447559265182,0.10899762742778675,0.0,0.6822409255225934,0.6052772558554672,0.2896888747241077,0.3156535489454213,0.4235043387652005,calm,02,23,23,male,strong,2649
30,1.0010000000000001,True,1.0,0.41874038987979323,0.39343252144545826,0.40608645566262574,0.787761923830733,-0.07754629629629622,-0.07277777777777777,0.35558488103921065,0.3381879901011489,0.19526552289985202,0.5154938863862655,0.025307868434334968,0.00476851851851845,0.02976350129334744,0.3423698568657065,0.12114459311174289,0.1144629430404368,0.0,0.679191905824956,0.5971655018179147,0.28880329899035095,0.3038813453699725,0.40781503596950636,calm,02,23,23,male,strong,2649
40,1.3346666666666667,True,1.0,0.19920556799109423,0.1907180534171841,0.19496181070413915,0.5798797026129857,-0.08310185185185193,-0.07981481481481484,0.37350800958621905,0.2304645401317139,0.19588046757961872,0.33621078617793515,0.008487514573910143,0.0032870370370370883,0.020519408391526765,0.48611253061259385,0.12508557601081116,0.11014252786409254,0.0,0.6680345523094914,0.5981213994035113,0.2889785693396235,0.30806193208328553,0.4029241381219965,calm,02,23,23,male,strong,2649
50,1.6683333333333334,True,1.0,0.48878148987562603,0.4619786188851922,0.4753800543804091,0.681662465022643,-0.07731481481481489,-0.0735185185185186,0.37646713232544415,0.2489379304309989,0.20003089666134244,0.6973833513990215,0.026802870990433825,0.0037962962962962976,0.024357522483349856,0.407350923402828,0.12325911321868989,0.11218274724155575,0.0,0.7073451373375118,0.6033679968549921,0.292495132264797,0.3090287948399949,0.40955581288190374,calm,02,23,23,male,strong,2649
60,2.0020000000000002,True,1.0,0.4888271012722339,0.4837469234414214,0.48628701235682764,0.61293158476085,-0.07370370370370372,-0.07027777777777783,0.38129992939002455,0.24110494862251886,0.19722841160573593,0.793378942197218,0.005080177830812493,0.003425925925925888,0.016864893465459233,0.45063301504245756,0.12415766852998449,0.11118745934414499,0.0,0.7498223254951054,0.6035133641112695,0.2916387002014676,0.31066931170373147,0.41778370630014433,calm,02,23,23,male,strong,2649
70,2.3356666666666666,True,1.0,0.40564247148988203,0.3708498156920356,0.3882461435909588,0.7144750222348105,-0.07810185185185187,-0.07416666666666671,0.37356010313089894,0.3504509247932662,0.18265392658968602,0.5434005829574861,0.034792655797846406,0.003935185185185153,0.01748931834273274,0.37890792217887587,0.12645049922289922,0.10857278211743832,0.0,0.6842597886468812,0.6011438523925194,0.2918588394474225,0.311496345624848,0.41707288428446576,calm,02,23,23,male,strong,2649
80,2.6693333333333333,True,1.0,0.280839048869612,0.2641799260418379,0.2725094874557249,0.5460635717830137,-0.08263888888888882,-0.07842592592592601,0.36104335669933674,0.32002225311325344,0.18548619256239374,0.4990435208229025,0.016659122827774098,0.004212962962962807,0.022289516195687628,0.4658883217390491,0.12349371513931055,0.111924439203642,0.0,0.709851294650996,0.6038845837319302,0.28852865924732785,0.303430714739656,0.4086792887730228,calm,02,23,23,male,strong,2649
90,3.003,True,1.0,0.35754237828954116,0.3641313975571318,0.36083688792333646,0.7650848733081281,-0.0772222222222223,-0.0737962962962963,0.3856296172132071,0.29932956920551834,0.18614431309646015,0.47162988122235955,0.006589019267590646,0.003425925925925999,0.025678625487359386,0.35635331399570797,0.12072751253478664,0.11490276535707142,0.0,0.7967086733080174,0.602292718860982,0.2918058121627953,0.29848074696994775,0.4111322838617407,calm,02,23,23,male,strong,2649
100,3.336666666666667,True,1.0,0.5149969584712576,0.5083575818278379,0.5116772701495478,0.6504679345732796,-0.07314814814814813,-0.06861111111111107,0.35709775004952765,0.21427063295086524,0.19942954382907055,0.786629506165002,0.0066393766434197365,0.004537037037037062,0.02400227556236831,0.40855572943089574,0.1232495194197871,0.11219328737907266,0.0,0.7578588231857527,0.6042542802746099,0.29535509518553243,0.2960255465717467,0.39677854025655596,calm,02,23,23,male,strong,2649
110,3.6703333333333332,True,1.0,0.5113337292594692,0.5166097466933033,0.5139717379763862,0.5531663580909353,-0.07300925925925927,-0.06824074074074088,0.3741140604201385,0.2297454120050238,0.1959458913701307,0.9291449677998931,0.0052760174338341015,0.004768518518518394,0.02885519677641802,0.48207700611415083,0.12578035626558193,0.10934843276557454,0.0,0.6999872056032439,0.6019613725802822,0.29098429481798266,0.31014469823004687,0.4125105539369399,calm,02,23,23,male,strong,2649
120,4.0040000000000004,True,1.0,0.3754553410023011,0.35102636801594234,0.3632408545091217,0.42626309757929937,-0.07708333333333345,-0.07370370370370372,0.381349753823675,0.1482021522526675,0.2007799599219375,0.8521517733341827,0.024428972986358766,0.0033796296296297323,0.027261766651396936,0.6240445424599179,0.12416531486971938,0.11117892045468217,0.0,0.6714180912195886,0.5991109706851491,0.2903450091484131,0.308531212211081,0.40461263359476807,calm,02,23,23,male,strong,2649
130,4.337666666666666,True,1.0,0.5319669048824539,0.5068494412821967,0.5194081730823252,0.4129616081513319,-0.07185185185185178,-0.06847222222222221,0.37970430005924777,0.1482021522526686,0.20285150821982148,1.2577638279924206,0.02511746360025724,0.003379629629629566,0.025284621774526807,0.6613747403355731,0.12632013097583897,0.10872443276786235,0.0,0.6727235515257542,0.599559756863683,0.2911658209415061,0.31476398189535865,0.4059102522462386,calm,02,23,23,male,strong,2649
0,0.0,True,1.0,0.6187856856954588,0.5876800652662428,0.6032328754808508,0.5008676485639216,-0.07685185185185178,-0.07425925925925919,0.35544481234171554,0.2364919671575269,0.20212901015410117,1.2043758010932206,0.03110562042921594,0.002592592592592591,0.008790099315922404,0.5222518515498666,0.12773781057081682,0.10705526386415327,0.0,0.9818952641993228,0.6021806947153862,0.285750839461017,0.3172607675191427,0.4124132280170302,happy,03,23,23,male,normal,2650
10,0.33366666666666667,True,1.0,0.6334754185316666,0.5692248784272427,0.6013501484794546,0.5047929740800589,-0.07717592592592581,-0.07425925925925919,0.35170405179738295,0.25236568256233616,0.201434723180158,1.1912807415264897,0.06425054010442388,0.002916666666666623,0.008455696952634338,0.5222518515498666,0.12818473441402722,0.10651972415367139,0.0,0.8471872965259881,0.60268699206245,0.2863737169638971,0.3182720652069088,0.4126043413130414,happy,03,23,23,male,normal,2650
20,0.6673333333333333,True,1.0,0.5920960929609076,0.5692248784272427,0.5806604856940751,0.5417064725638074,-0.07620370370370372,-0.07425925925925919,0.35396393424107003,0.2430481384281778,0.2007324558209925,1.071909816668619,0.02287121453366492,0.0019444444444445264,0.010251214006494345,0.4930074623723184,0.12632432344550493,0.1087195616085147,0.0,0.8087271348218696,0.6042868350699656,0.28795420387572546,0.3170894046298152,0.41457228263471135,happy,03,23,23,male,normal,2650
30,1.0010000000000001,True,1.0,0.620583198753005,0.605738015001889,0.613160606877447,0.7330881170533337,-0.09222222222222215,-0.08763888888888888,0.3742691757360683,0.39301686383083057,0.2326943058542095,0.8364077832035549,0.014845183751116098,0.004583333333333273,0.014226279659196905,0.4052491304408156,0.1236485368211851,0.11175337628942825,0.0,0.6608836710238618,0.5988110660983145,0.2918893228897516,0.3404922244373174,0.4261914613627776,happy,03,23,23,male,normal,2650
40,1.3346666666666667,True,1.0,0.5544565565597654,0.5302480126138569,0.5423522845868112,0.6291156702070495,-0.08949074074074065,-0.08824074074074073,0.366049948008545,0.3213960489101231,0.229222923078445,0.8620867517229646,0.024208543945908545,0.0012499999999999178,0.004985727201241275,0.46072606269240474,0.1248572298195284,0.11040131309050179,0.0,0.7082300850381742,0.593647545627626,0.29082378961741967,0.3295576271393423,0.41478396516108396,happy,03,23,23,male,normal,2650
50,1.6683333333333334,True,1.0,0.6126817695527301,0.5832182112587262,0.5979499904057282,0.5468491825367517,-0.09050925925925918,-0.08930555555555547,0.3550723749419195,0.3364875767497808,0.22783437713149954,1.0934458887401595,0.029463558294003933,0.0012037037037037068,0.0009158272465955493,0.507353040638395,0.12335557469847604,0.1120766700116044,0.0,0.6894059509822911,0.5916195704531814,0.28914851081307397,0.3267224886832999,0.41423491629076825,happy,03,23,23,male,normal,2650
60,2.0020000000000002,True,1.0,0.6184514826402266,0.6014844747749625,0.6099679787075946,0.5935041171808181,-0.08731481481481473,-0.08689814814814817,0.3504358906661578,0.3532762602266772,0.22506645069081824,1.0277400965725072,0.016967007865264172,0.00041666666666656527,0.0056162815963600975,0.47416094663766506,0.12503153295439562,0.11020387260668804,0.0,0.8158371182563471,0.5960495253257553,0.29100829408737666,0.3310291572863125,0.4144764729027221,happy,03,23,23,male,normal,2650
70,2.3356666666666666,True,1.0,0.6983987754192857,0.6425848780355176,0.6704918267274016,0.6945128363877058,-0.08523148148148152,-0.0860185185185185,0.37076673820659084,0.3138663779829056,0.22293343644329897,0.9654131523540413,0.055813897383768185,0.000787037037036975,0.00403808280914811,0.41285314137857027,0.1242410776551617,0.11109425004620671,0.0,0.8084539174813614,0.5964019466067677,0.2899664562479368,0.3328968306025326,0.425513494570304,happy,03,23,23,male,normal,2650
80,2.6693333333333333,True,1.0,0.2808390488696119,0.2684217641891459,0.27463040652937887,0.5647214592038833,-0.09912037037037041,-0.09439814814814806,0.38011109032628027,0.21170136053838745,0.2292415612110984,0.48631126381586315,0.012417284680466045,0.00472222222222235,0.010084403736233505,0.5030555504926641,0.12370037798270288,0.11169599033606206,0.0,0.8781810106707522,0.59808615514956,0.28953750661177646,0.3186104369207561,0.39950831022685607,happy,03,23,23,male,normal,2650
90,3.003,True,1.0,0.6017541256829751,0.5624735547487887,0.5821138402158819,0.5686259334739538,-0.09111111111111114,-0.08726851851851858,0.3812015630224388,0.23900324912935345,0.22855769255739464,1.0237201751589577,0.039280570934186465,0.003842592592592564,0.015529660938537089,0.49874626053643795,0.12455570181487254,0.11074138754602329,0.0,0.887126518273946,0.5999147885873101,0.2885763639724745,0.3313457394009433,0.41308258941107195,happy,03,23,23,male,normal,2650
0,0.0,True,1.0,0.584319432545218,0.5806628045346911,0.5824911185399546,0.5162299271318533,-0.07689814814814805,-0.07587962962962969,0.34317494198966386,0.2938208318672144,0.20280185597152176,1.12835596683874,0.0036566280105269078,0.0010185185185183632,0.01083155855502174,0.52206074883509,0.12750587754427972,0.10733139783839664,0.0,0.9442942695136938,0.6032475454166042,0.2857663215420424,0.3197149376440941,0.41504993131693335,happy,03,23,23,male,normal,2651
10,0.33366666666666667,True,1.0,0.5671101029429433,0.5725360098873872,0.5698230564151652,0.5144353518388114,-0.0756944444444444,-0.07416666666666666,0.34631067272796817,0.278346849061587,0.2035097147683911,1.1076669874618346,0.005425906944443892,0.001527777777777739,0.014456020964419891,0.5371564152842117,0.12599940566992324,0.10909595565756817,0.0,0.9098374360662526,0.6047001859103016,0.2864437834320197,0.31932959912360376,0.41635904922537964,happy,03,23,23,male,normal,2651
20,0.6673333333333333,True,1.0,0.5724907679272244,0.5807776101737269,0.5766341890504756,0.5382106821992511,-0.07694444444444443,-0.07449074074074069,0.3470251626800061,0.29031869433811286,0.20350259171614996,1.0713912007361455,0.008286842246502446,0.0024537037037037357,0.014128010635732982,0.5141232429038458,0.1250214361151091,0.11021532689132855,0.0,0.8373154750041407,0.6030614794980492,0.2863122425661141,0.31757350634747,0.41349205277635065,happy,03,23,23,male,normal,2651
30,1.0010000000000001,True,1.0,0.5509753516868199,0.5727624075900547,0.5618688796384372,0.7891615564868484,-0.09296296296296302,-0.08981481481481485,0.36859168580556156,0.31419857074467417,0.23264020068556363,0.711982071376789,0.02178705590323482,0.0031481481481481777,0.02010113031495642,0.3656894302511941,0.12312741486318254,0.11232727842877681,0.0,0.6795460728528216,0.5915549870104292,0.2930469770730526,0.3352330967832107,0.4206500721492383,happy,03,23,23,male,normal,2651
40,1.3346666666666667,True,1.0,0.6232309565411549,0.5970965182665234,0.6101637374038391,0.8441439518986494,-0.08736111111111111,-0.08944444444444438,0.3665454580891022,0.33351811287009386,0.22308225571936532,0.722819533364491,0.026134438274631466,0.0020833333333332704,0.0041843442084846,0.33012333740012245,0.12307847206388521,0.11238090355823478,0.0,0.6867907692858943,0.5958226040494323,0.29042516335144997,0.3341634618613616,0.42102322676647785,happy,03,23,23,male,normal,2651
50,1.6683333333333334,True,1.0,0.6257462604064695,0.5833333333333336,0.6045397968699016,0.754504261840023,-0.08560185185185176,-0.0888888888888888,0.3640235828423397,0.33607977697478325,0.2264054014792631,0.80124106309963,0.04241292707313593,0.0032870370370370328,0.00459925468267253,0.36206760595174936,0.12238919559440237,0.11313117418214952,0.0,0.9343266777061423,0.5922882760369773,0.29108823410945794,0.33377019578108164,0.42082950178348627,happy,03,23,23,male,normal,2651
60,2.0020000000000002,True,1.0,0.6203340375748588,0.5735846900552974,0.5969593638150781,0.7152100447501791,-0.09097222222222229,-0.09111111111111109,0.355142793220971,0.3224672610518737,0.22641045611310814,0.8346630031232214,0.04674934751956139,0.00013888888888879958,0.008746399371749985,0.3794932555997061,0.12385244661410671,0.11152734748956249,0.0,0.9257672461288322,0.5924906768254177,0.290311487919798,0.3352341756362802,0.41906703371012427,happy,03,23,23,male,normal,2651
70,2.3356666666666666,True,1.0,0.5773566341950286,0.5359418614411909,0.5566492478181098,0.6433050686927401,-0.09069444444444441,-0.08856481481481482,0.3750857816580455,0.26255619803258334,0.22641045611310817,0.8652959146572192,0.04141477275383765,0.0021296296296295925,0.0013713299607213429,0.4266734232288714,0.12548935410462858,0.10968226737586793,0.0,0.7250071818063589,0.594557517819628,0.28750925371972674,0.3314508476703194,0.4220409047619897,happy,03,23,23,male,normal,2651
80,2.6693333333333333,True,1.0,0.6147884595849352,0.5765326139332217,0.5956605367590785,0.45260326746512325,-0.09166666666666662,-0.08722222222222226,0.3725142768125764,0.22602341526391964,0.22305352593946554,1.3160765278942201,0.03825584565171347,0.004444444444444362,0.020633234379095148,0.5901482782394059,0.12228527307611324,0.11324349764358733,0.0,0.7213622208399278,0.6007715598817652,0.28615547690383325,0.3296919825425582,0.41999594823167696,happy,03,23,23,male,normal,2651
90,3.003,True,1.0,0.4206009786243397,0.357373937809147,0.38898745821674335,0.3991988952738315,-0.09347222222222218,-0.08981481481481474,0.3825435210407941,0.21859189463801745,0.21611347928311864,0.9744201770646594,0.0632270408151927,0.0036574074074074425,0.01805232305537939,0.6470980930001089,0.12482272587327496,0.11044032268990046,0.0,0.8246900411528671,0.6042253582370448,0.28961320132196916,0.3202242526976221,0.4130934956698077,happy,03,23,23,male,normal,2651
0,0.0,True,1.0,0.5237887388861535,0.5065876015192966,0.515188170202725,0.5222048870369338,-0.08717592592592582,-0.0831944444444444,0.3484774768441941,0.26098183401222136,0.21185741908285285,0.9865632876895836,0.01720113736685691,0.003981481481481419,0.012619022892455338,0.4929691423627313,0.12628951510862738,0.10875999330649466,0.0,0.9261718401223279,0.598784219211122,0.28823720526281144,0.31854785613718256,0.4110296646157534,happy,03,23,23,male,normal,2652
10,0.33366666666666667,True,1.0,0.5839462071262024,0.5766385086137559,0.5802923578699791,0.5084141835688962,-0.08476851851851841,-0.08259259259259266,0.34866290276689454,0.24687470784939863,0.2104529220518775,1.1413772011561958,0.007307698512446503,0.002175925925925748,0.008401528119976047,0.5063409000377332,0.12715513853006816,0.10774668679817755,0.0,0.6314076589497587,0.5974864615299246,0.2879117166391616,0.32154446260017316,0.4132696312266419,happy,03,23,23,male,normal,2652
20,0.6673333333333333,True,1.0,0.5629426051096923,0.5625847421202755,0.5627636736149839,0.536305668148577,-0.08500000000000002,-0.08254629629629634,0.35041204303106477,0.26098183401222136,0.2104605348892679,1.0493338165858748,0.0003578629894167573,0.00245370370370368,0.011488179696373306,0.4800077839731242,0.12648195157373196,0.10853614004828553,0.0,0.9064121853232858,0.6014601537255528,0.28833597547553563,0.3207639025785235,0.415158943916288,happy,03,23,23,male,normal,2652
30,1.0010000000000001,True,1.0,0.4938898355168389,0.4947345987959681,0.4943122171564035,0.7872206350270636,-0.09236111111111112,-0.09296296296296297,0.3623907411728225,0.3589258369773793,0.23057673304679038,0.6279208079186208,0.0008447632791291904,0.0006018518518518534,0.012002764202510776,0.35620358214941367,0.1233551191776007,0.11207717137221623,0.0,0.7635542087244978,0.5929135178524535,0.29197704367209354,0.3341398779135239,0.41651345130807377,happy,03,23,23,male,normal,2652
40,1.3346666666666667,True,1.0,0.43559122573378894,0.4122641355242204,0.42392768062900466,0.5981894319275032,-0.09199074074074076,-0.08861111111111114,0.3656660561125023,0.2582879673539356,0.22234612719338814,0.708684670778975,0.023327090209568524,0.0033796296296296213,0.01408344226869808,0.48162880104388284,0.12482368464915841,0.1104392390452208,0.0,0.7474905925594971,0.5996598396624275,0.29019248990598817,0.3344908785621785,0.42139619414767177,happy,03,23,23,male,normal,2652
50,1.6683333333333334,True,1.0,0.5008867814345411,0.46899755364380036,0.48494216753917074,0.7504185497971301,-0.09388888888888886,-0.09129629629629626,0.35896089985937824,0.39551814211650616,0.22243669544619507,0.6462289180754809,0.03188922779074077,0.002592592592592591,0.006901495313827133,0.37564824692685667,0.12095824654384267,0.11465984633988112,0.0,0.8044162860890975,0.5994889562856393,0.2906282796023913,0.3287031119735481,0.41512272539534234,happy,03,23,23,male,normal,2652
60,2.0020000000000002,True,1.0,0.5104411070769302,0.4638806262423366,0.48716086665963343,0.6450842197992553,-0.0929166666666667,-0.08907407407407414,0.34642547941599583,0.40804360308854154,0.21612795291532877,0.7551895577467911,0.04656048083459363,0.003842592592592564,0.01412958706628651,0.43365434891405336,0.12198666983655246,0.1135650921366439,0.0,0.8275369443025657,0.6042462291869873,0.2919129650075325,0.3360701827847312,0.4235954642068214,happy,03,23,23,male,normal,2652
70,2.3356666666666666,True,1.0,0.5825681096826756,0.5295958091458338,0.5560819594142548,0.5676735539753323,-0.09314814814814826,-0.08884259259259264,0.39877979051786383,0.16038152599921668,0.23686869436153404,0.9795805274353485,0.052972300536841765,0.004305555555555618,0.005294356783877683,0.493311599006776,0.12339938701793422,0.11202842966668648,0.0,0.8524500901151338,0.5922039219828557,0.28883496090351424,0.3246017911663481,0.409829647342245,happy,03,23,23,male,normal,2652
80,2.6693333333333333,True,1.0,0.6101293943479004,0.5554459174059936,0.5827876558769469,0.4844993078151099,-0.09375,-0.08893518518518523,0.381230892287057,0.15921785596038152,0.23771705747392743,1.2028658173013218,0.05468347694190678,0.004814814814814772,0.01107152376711468,0.5627263562477164,0.1201450005343468,0.11551171635977832,0.0,0.6962283659726192,0.6155958477766107,0.3190894601284324,0.31134217848937995,0.4299064726912115,happy,03,23,23,male,normal,2652
90,3.003,True,1.0,0.4103673630253901,0.36797517960136833,0.38917127131337925,0.4852399197214828,-0.09351851851851861,-0.09060185185185177,0.36300004764259625,0.20869359139393612,0.23281230984979598,0.8020182501405803,0.04239218342402179,0.002916666666666845,0.019944863758927022,0.5525810205516655,0.12388006194908094,0.11149667269346716,0.0,0.6816159191968336,0.5922616035242223,0.28896311990949364,0.3243720168783835,0.40344180704845883,happy,03,23,23,male,normal,2652
0,0.0,True,1.0,0.5677258325854753,0.5573143408668462,0.5625200867261607,0.523882169032381,-0.07782407407407405,-0.07537037037037031,0.33960147975990446,0.30526274429128397,0.20217995971686,1.073753068872614,0.010411491718629096,0.0024537037037037357,0.01467207659671678,0.5063409000377321,0.12548173126940643,0.10969098817989752,0.0,0.7723630269423029,0.6052764006227492,0.28708642300509657,0.315403547781278,0.41454831858457086,happy,03,23,23,male,normal,2653
10,0.33366666666666667,True,1.0,0.6014067021319407,0.5749385464737141,0.5881726243028274,0.5079083463096655,-0.07759259259259255,-0.0743981481481481,0.3396616078652114,0.297335615801735,0.2035457011155281,1.1580290589362074,0.026468155658226578,0.003194444444444444,0.014899031345796206,0.5422509899805262,0.12671168232232682,0.10826784995283736,0.0,0.7664518188084519,0.6032181390446802,0.2865605120258893,0.31851482175281426,0.4159435051213051,happy,03,23,23,male,normal,2653
20,0.6673333333333333,True,1.0,0.5825681096826741,0.5484144955643562,0.5654913026235151,0.5155394811468895,-0.07675925925925925,-0.07518518518518513,0.3459151437021584,0.30040151413452176,0.20217995971686,1.0968923298861628,0.034153614118317965,0.0015740740740741166,0.016535797912389315,0.5217427099698526,0.12559124318997356,0.10956558494432492,0.0,0.8288712805202608,0.6033025112545018,0.2880890794075606,0.316813220740474,0.415737061726349,happy,03,23,23,male,normal,2653
30,1.0010000000000001,True,1.0,0.4942879895084769,0.48817032594582066,0.4912291577271488,0.8500492535182137,-0.06976851851851856,-0.0706944444444445,0.35531929882457175,0.44609945715368515,0.20287407340637148,0.5778831705269222,0.00611766356265625,0.0009259259259259411,0.01541879851454642,0.3622908809779509,0.12247480300743754,0.11303849078242957,0.0,0.6920027474998738,0.5951298535351641,0.2918998445196908,0.3341579300795016,0.4126064094747853,happy,03,23,23,male,normal,2653
40,1.3346666666666667,True,1.0,0.4901697689601473,0.4733814551160035,0.4817756120380754,0.5626033015092987,-0.07527777777777772,-0.08111111111111108,0.3736832499862923,0.2812007916451072,0.21276157212303548,0.8563327139133623,0.01678831384414381,0.005833333333333357,0.0001337228478510136,0.5175774183194787,0.12359283387964101,0.11181497745734673,0.0,0.7613479215859185,0.5961619994325856,0.2910626696068921,0.33120621111139864,0.4038531977852204,happy,03,23,23,male,normal,2653
50,1.6683333333333334,True,1.0,0.4203986065531912,0.3840335492393448,0.402216077896268,0.719638455481762,-0.09018518518518526,-0.09124999999999994,0.353878020042325,0.4302673479660939,0.22027747401285627,0.5589140975338852,0.03636505731384643,0.0010648148148146852,0.002908491242384402,0.4046325754192275,0.12148979346477815,0.11392938122489706,0.0,0.7071067807446058,0.5976725981408189,0.2925519053225333,0.32373953660291027,0.4050389410344355,happy,03,23,23,male,normal,2653
60,2.0020000000000002,True,1.0,0.4345220707027665,0.3705655756997186,0.40254382320124255,0.563390735248773,-0.0924074074074075,-0.09263888888888899,0.34595522946557944,0.38265760993640296,0.21597540152207276,0.7145020285494998,0.0639564950030479,0.00023148148148149916,0.026754566316232752,0.4785171904595549,0.12112371708359386,0.11448503364937498,0.0,0.7726140691210033,0.6185748260476066,0.2945909546206744,0.31549467694900724,0.4019889320366099,happy,03,23,23,male,normal,2653
70,2.3356666666666666,True,1.0,0.4833499113521619,0.45188405347495986,0.46761698241356087,0.6508513062411739,-0.0876851851851852,-0.08754629629629623,0.39669411464107823,0.2503127808376648,0.22709542805138172,0.718469760956867,0.03146585787720202,0.0001388888888889661,0.008166288487315754,0.4543003440711021,0.1230137714997354,0.11245172204688393,0.0,0.8128686456120984,0.6029118467386954,0.28915736572276324,0.3300304688705116,0.41368386678138597,happy,03,23,23,male,normal,2653
80,2.6693333333333333,True,1.0,0.5611606499219264,0.4867887734158551,0.5239747116688908,0.5303233259118907,-0.09375000000000006,-0.0872222222222222,0.3910256849050563,0.14509051347363397,0.244639436418975,0.9880287855864467,0.0743718765060713,0.0065277777777778545,0.0016115690138141113,0.5173456476225308,0.12228021752372542,0.11324895660611452,0.0,0.8038087475017939,0.5795606753482644,0.2913166373412851,0.3317617558442059,0.4077918209104585,happy,03,23,23,male,normal,2653
90,3.003,True,1.0,0.1687489810249293,0.12148888510505511,0.1451189330649922,0.40984681141497475,-0.10523148148148148,-0.10046296296296298,0.3672116147224019,0.17821782178217863,0.23494184603641977,0.35408091272926256,0.04726009591987419,0.004768518518518505,0.01525365252256088,0.6826473588637519,0.1234281251423637,0.11199676644462202,0.0,0.6396709187510614,0.5986384813222163,0.2882644283454059,0.3175575068126973,0.39076235773016954,happy,03,23,23,male,normal,2653
0,0.0,True,1.0,0.5609976929133316,0.5537107804115994,0.5573542366624655,0.45838592368962294,-0.08597222222222223,-0.08259259259259255,0.3561204596108107,0.2847135335872938,0.19938057002093051,1.2159060910427408,0.00728691250173219,0.003379629629629677,0.00699792346333088,0.5697160766024822,0.1293133788871945,0.10514669662664704,0.0,0.9141682035292585,0.6083552742581407,0.2913153188905296,0.3140218196855353,0.40644633772673056,happy,03,23,23,male,strong,2654
10,0.33366666666666667,True,1.0,0.6052497533494868,0.5715925634437823,0.5884211583966346,0.4481790635847765,-0.0859259259259259,-0.08393518518518511,0.3525999796737113,0.28693744548876515,0.20212108351226904,1.312915319359469,0.03365718990570454,0.001990740740740793,0.0032769735825678267,0.5699069043579401,0.12641919870232474,0.10860922598926323,0.0,0.9078028129852119,0.6027217056744574,0.291297561902524,0.31719499524322986,0.4169853548614842,happy,03,23,23,male,strong,2654
20,0.6673333333333333,True,1.0,0.5757481849244146,0.5699667587945194,0.572857471859467,0.5041361282477295,-0.08666666666666667,-0.08472222222222214,0.3525999796737112,0.30093439404919164,0.20350259171614996,1.1363150541315068,0.005781426129895184,0.0019444444444445264,0.0026668443496083312,0.502831488843767,0.12588633022230206,0.10922641454151273,0.0,0.8927215746551653,0.6003821248733869,0.2902722091292247,0.31591304275362253,0.4169309089436608,happy,03,23,23,male,strong,2654
30,1.0010000000000001,True,1.0,0.644612894425024,0.6488731311043143,0.6467430127646692,0.8212715243232944,-0.07773148148148146,-0.08143518518518517,0.38919397718258636,0.4169875283331885,0.20696250842377314,0.7874898783292992,0.004260236679290319,0.003703703703703709,0.002045486980257797,0.36333142511109345,0.12369016220236509,0.11170730300463302,0.0,0.6412554214013281,0.593958724364746,0.29378457322978535,0.3480473593931333,0.4467131596643383,happy,03,23,23,male,strong,2654
40,1.3346666666666667,True,1.0,0.707414864617034,0.6994865335146092,0.7034506990658216,1.2135076962274136,-0.07652777777777786,-0.08629629629629632,0.3490262387159969,0.5220458553791893,0.21602308540490514,0.5796837558201968,0.007928331102424746,0.009768518518518454,0.0033347882137340886,0.24879707425530037,0.12287913800057612,0.11242949464771516,0.0,0.7672301433733062,0.5792904738457884,0.29589437037606126,0.34758035097130413,0.43403299268789153,happy,03,23,23,male,strong,2654
50,1.6683333333333334,True,1.0,0.5485510643263996,0.4998072103263586,0.5241791373263791,0.7520661846247114,-0.08462962962962961,-0.08745370370370376,0.3807277724435464,0.3825164214901549,0.219486508314968,0.6969853824606538,0.04874385400004094,0.0028240740740741455,0.013201306587322608,0.3786255206062326,0.12332591567431123,0.11210930511525809,0.0,0.668719636414819,0.586268284133966,0.2918653811521544,0.3359971336282041,0.41180910456191583,happy,03,23,23,male,strong,2654
60,2.0020000000000002,True,1.0,0.7065734653527702,0.6788112634551049,0.6926923644039376,0.9471116004951474,-0.08120370370370367,-0.08694444444444444,0.3389207345755211,0.4152564606573769,0.2215556723406131,0.7313735403956617,0.027762201897665317,0.0057407407407407685,0.005477354657209827,0.2859803150617553,0.12449947935038556,0.1108045911138349,0.0,0.6651286049823987,0.5785610789315726,0.29254987030721463,0.337812024448718,0.4189924008214108,happy,03,23,23,male,strong,2654
70,2.3356666666666666,True,1.0,0.7125625597002184,0.7029812155239314,0.7077718876120749,0.7070693469460483,-0.08675925925925931,-0.09185185185185185,0.38250285172255644,0.28925564193247405,0.2271317083412789,1.0009935951389506,0.009581344176286977,0.0050925925925925375,0.011509273126895342,0.3903338791215568,0.12595703631538743,0.10914487057602405,0.0,0.8382441659908538,0.5808123329722514,0.28831956306721335,0.3416701157733634,0.4230237490465557,happy,03,23,23,male,strong,2654
80,2.6693333333333333,True,1.0,0.7046860304768134,0.676378854043574,0.6905324422601937,0.647462617671994,-0.07643518518518516,-0.08101851851851849,0.3802578484079633,0.2913581779523974,0.21043987083276566,1.0665209440864105,0.028307176433239434,0.004583333333333328,0.0003447771993057999,0.42936726703371386,0.12515561564628047,0.11006293491668867,0.0,0.6616237077034671,0.5865615378338835,0.2883947500000045,0.3353241008212805,0.42141455816531714,happy,03,23,23,male,strong,2654
90,3.003,True,1.0,0.7273173193393564,0.697522424947683,0.7124198721435198,0.5699533105956573,-0.08736111111111117,-0.09023148148148158,0.38131388875171734,0.2784089255989576,0.219456960157552,1.2499618107296733,0.029794894391673377,0.002870370370370412,0.00014303488088599764,0.4524603066259672,0.12622924826233925,0.10882993454693843,0.0,0.914724550873288,0.5941368304743773,0.2888040549837397,0.3320482007334051,0.4233775694457719,happy,03,23,23,male,strong,2654
0,0.0,True,1.0,0.5574816685271057,0.5330060728468076,0.5452438706869567,0.5192909281087352,-0.07898148148148149,-0.07805555555555549,0.34880585293471894,0.35050789244768826,0.19522683788910974,1.0499776544773127,0.024475595680298112,0.0009259259259259967,0.006709994722109976,0.5040688052947812,0.12886065100072963,0.10570104254121396,0.0,0.9225967343676275,0.5997906081651411,0.28838109010780993,0.32042295004854887,0.41690273514512577,happy,03,23,23,male,strong,2655
10,0.33366666666666667,True,1.0,0.5466160919195663,0.5355385505904928,0.5410773212550295,0.5447031605186041,-0.07787037037037031,-0.07694444444444443,0.3431749419896637,0.3511517258900854,0.19450093735393315,0.9933434583707528,0.01107754132907346,0.0009259259259258856,0.007756572716061347,0.4765470106659196,0.1272262849737199,0.10766266847065036,0.0,0.909408050800129,0.6017876380630377,0.28924524229638904,0.3187913632972934,0.41873905875034956,happy,03,23,23,male,strong,2655
20,0.6673333333333333,True,1.0,0.5566866506874227,0.5175135645845197,0.5371001076359712,0.495487896982376,-0.07763888888888887,-0.07740740740740742,0.3575408730984666,0.33016409105924943,0.19521550446455993,1.0839822948391316,0.03917308610290304,0.00023148148148144365,0.006440413244112271,0.5374838498865704,0.12596670007449026,0.10913371725838275,0.0,0.9056704771626197,0.5998071474058372,0.2889528162750655,0.31457804111843696,0.4150519433778566,happy,03,23,23,male,strong,2655
30,1.0010000000000001,True,1.0,0.5770788421507246,0.57756415383901,0.5773214979948673,0.9045695507918737,-0.07601851851851843,-0.07671296296296293,0.3898018751952609,0.43948919219685445,0.19796330488050065,0.6382278703605172,0.00048531168828547244,0.0006944444444444975,0.003537843493261018,0.33537641536851576,0.12401162301314973,0.11135032612372528,0.0,0.6349599485060321,0.5846684564685249,0.2957664924347926,0.3463927844978634,0.4396132913430474,happy,03,23,23,male,strong,2655
40,1.3346666666666667,True,1.0,0.599088294433194,0.5831084120474186,0.5910983532403062,1.1194213999224951,-0.09509259259259256,-0.09532407407407406,0.35207558980215653,0.4757540949670601,0.2265670938298108,0.5280391756681012,0.015979882385775412,0.00023148148148149916,0.011805226547132085,0.26045637718063736,0.12381374488033216,0.11157031123410942,0.0,0.6830587015180738,0.5773526706541993,0.2953650652326856,0.34529334223345626,0.42541415422775075,happy,03,23,23,male,strong,2655
50,1.6683333333333334,True,1.0,0.5122898505899524,0.5155347280517936,0.513912289320873,0.7351573544912335,-0.07921296296296293,-0.08444444444444443,0.3792545829034128,0.4069621069505036,0.21190962994774012,0.6990507354395258,0.0032448774618412113,0.005231481481481504,0.0016222827216127874,0.40534140938629065,0.12384866982155278,0.11153154151931882,0.0,0.6742094215911032,0.6019033455882353,0.29148366022089417,0.33892951799392845,0.4047723687771432,happy,03,23,23,male,strong,2655
60,2.0020000000000002,True,1.0,0.6732177274068175,0.6561648815726862,0.6646913044897518,0.9762513462179299,-0.07550925925925916,-0.08097222222222222,0.340818302111787,0.44439726491403486,0.20974004696401632,0.6808608326788129,0.017052845834131358,0.005462962962963058,0.0015097681274347844,0.294211727956967,0.125312145934925,0.10988468433551477,0.0,0.6996712917754025,0.5711605433657838,0.2921488369338873,0.34180509972214984,0.41938260912110464,happy,03,23,23,male,strong,2655
70,2.3356666666666666,True,1.0,0.6648396882728236,0.6665011186374546,0.6656704034551391,0.6080978822364075,-0.07245370370370363,-0.07087962962962957,0.3820964844337008,0.2716838524544394,0.20004615251177815,1.0946764047376658,0.0016614303646310669,0.001574074074074061,0.010891032775591327,0.4567409788439737,0.12617129539289393,0.10889711653362666,0.0,0.7226264367417168,0.582923196098752,0.289649873272968,0.3365142002286442,0.41888058922131155,happy,03,23,23,male,strong,2655
80,2.6693333333333333,True,1.0,0.535670130179186,0.49894671022116716,0.5173084202001765,0.41361222599520275,-0.09402777777777788,-0.09319444444444441,0.3715683868164151,0.2731134138485435,0.21057650598031283,1.2507087259218892,0.03672341995801881,0.0008333333333334636,0.012542232697340682,0.5877842150747599,0.12388430431379654,0.11132094577002355,0.0,0.8101172120773623,0.6149313735806823,0.2880213739987911,0.31854317164459117,0.3991897496115606,happy,03,23,23,male,strong,2655
90,3.003,True,1.0,0.5936546783316684,0.564021393909823,0.5788380361207457,0.35730313153393756,-0.08856481481481482,-0.09023148148148152,0.3578353499058525,0.2402676798160435,0.2188894644706547,1.6200194877546608,0.02963328442184543,0.0016666666666667052,0.010877323822607407,0.7225301604343864,0.12603770544478018,0.10905170597729033,0.0,0.8675063799013412,0.6023730557691828,0.2853714017144844,0.3311214829865355,0.41829973309932744,happy,03,23,23,male,strong,2655
0,0.0,True,1.0,0.5720935748378814,0.5495075615355092,0.5608005681866952,0.5050284137807998,-0.07685185185185184,-0.0757870370370371,0.3393721579012176,0.31744643151936025,0.18895713720099233,1.110433696172395,0.0225860133023722,0.0010648148148147407,0.003934563426033706,0.5334266632837567,0.12616825703574502,0.10890063676065193,0.0,0.9880474010210393,0.6021844140390531,0.2870597859522097,0.31165131328000517,0.4120060960805161,happy,03,23,23,male,strong,2656
10,0.33366666666666667,True,1.0,0.6029583444747459,0.5582226096402025,0.5805904770574742,0.4935633838544866,-0.0761574074074074,-0.07662037037037028,0.3373662423475344,0.31936454249408,0.1910121683285029,1.1763240468191722,0.044735734834543406,0.0004629629629628873,0.008931617194576576,0.5162300175426748,0.12655965568864902,0.10844552237104874,0.0,0.9148441884706705,0.6012713314310099,0.2878183220554185,0.31247008995063424,0.4137165687499941,happy,03,23,23,male,strong,2656
20,0.6673333333333333,True,1.0,0.5784852721870721,0.5496189693305189,0.5640521207587955,0.5023274615041196,-0.07564814814814813,-0.07523148148148151,0.3323638413489197,0.332422584818903,0.19031786964211186,1.1228773339802163,0.028866302856553228,0.0004166666666666208,0.004319924073430888,0.5137103028972339,0.1282139581868035,0.10648454675023104,0.0,0.7296390450840143,0.6008060754692502,0.28740861475611756,0.3159486173581415,0.4144991954472207,happy,03,23,23,male,strong,2656
30,1.0010000000000001,True,1.0,0.7171865102827517,0.6869574530892657,0.7020719816860087,0.9647081113677628,-0.0885185185185185,-0.09115740740740746,0.3500437174326886,0.47524435420413413,0.21532065562714578,0.7277558604649973,0.03022905719348601,0.0026388888888889683,0.007620196260732405,0.28988538314662954,0.12259821297849151,0.11290463207686913,0.0,0.7510318249755003,0.5942580255227091,0.2929094623451418,0.3364566782865421,0.4310373403240548,happy,03,23,23,male,strong,2656
40,1.3346666666666667,True,1.0,0.775717311728042,0.6926533141647535,0.7341853129463978,0.714163448031458,-0.08106481481481481,-0.0847222222222222,0.386168923560933,0.3443114361136135,0.20766864904976146,1.0280354097792719,0.08306399756328853,0.003657407407407387,0.009118895368275206,0.383344293035374,0.1221714861191854,0.11336624607618898,0.0,0.6547097505504962,0.5820977148359344,0.2956895809328419,0.34405172502991194,0.43622293511528093,happy,03,23,23,male,strong,2656
50,1.6683333333333334,True,1.0,0.659424378438222,0.6153846153846154,0.6374044969114188,0.7117017840982457,-0.08393518518518517,-0.09106481481481477,0.38479564277988415,0.4269317681426915,0.2153064820763158,0.8956061529605908,0.04403976305360657,0.007129629629629597,0.012612732185484758,0.4024917741453943,0.1237101383894745,0.11168517999177545,0.0,0.6681478991436576,0.6099854097967312,0.29389953612503095,0.3416473941932162,0.42087087331548023,happy,03,23,23,male,strong,2656
60,2.0020000000000002,True,1.0,0.7608595413189613,0.7405510417974294,0.7507052915581953,1.1622120984244726,-0.08537037037037037,-0.08953703703703703,0.3171370186176041,0.5338505527753671,0.21879219738090666,0.6459279614933217,0.02030849952153191,0.004166666666666652,3.09892949489823e-05,0.23558064595448544,0.12281904445404467,0.11266436920947967,0.0,0.7071067807446058,0.607284085899985,0.29210481883361955,0.3382654492958605,0.42119026778153507,happy,03,23,23,male,strong,2656
70,2.3356666666666666,True,1.0,0.730187222534461,0.7109253779332239,0.7205563002338424,0.5877250489152449,-0.08324074074074062,-0.0874537037037037,0.3927520166226124,0.22507007056076625,0.21667230060784062,1.2260091714038088,0.019261844601237144,0.004212962962963085,0.0014050592602770317,0.44482719192138725,0.1235422455035135,0.11187086906746618,0.0,0.831214807425328,0.5825083931932147,0.2891866048620445,0.33302012678210136,0.41872118392333957,happy,03,23,23,male,strong,2656
80,2.6693333333333333,True,1.0,0.7152101116110803,0.6867048293393012,0.7009574704751907,0.3997472565283948,-0.06782407407407409,-0.07324074074074077,0.3977214052203877,0.1872658355138082,0.2000034331980719,1.7535016414187707,0.028505282271779064,0.005416666666666681,0.011197002792052132,0.65298332040518,0.12600198617827313,0.10909297525248246,0.0,0.769197059963316,0.5840257982802497,0.28963721420094307,0.33664263826903257,0.42105065831386856,happy,03,23,23,male,strong,2656
90,3.003,True,1.0,0.7065734653527709,0.6829130784534124,0.6947432719030917,0.3999051229079182,-0.07592592592592584,-0.0792592592592592,0.3984931824259419,0.19367412448934673,0.204176008568694,1.737270247630868,0.023660386899358454,0.003333333333333355,0.009257730854289848,0.6532858053006974,0.12497358439186716,0.11026958317881755,0.0,0.6410695028101803,0.5849966245873349,0.290292095152279,0.3313238756425346,0.42198156823318356,happy,03,23,23,male,strong,2656
0,0.0,True,1.0,0.5773566341950293,0.5488823357897211,0.5631194849923752,0.5280585071404809,-0.07939814814814822,-0.07796296296296296,0.34517808805411343,0.33523358726210123,0.19308756342655736,1.06639600986973,0.02847429840530813,0.0014351851851852615,0.002069433599342032,0.49296914236273137,0.12841134382278843,0.10624643310852266,0.0,0.6904229621511586,0.6000466662680698,0.28692249552486204,0.31799533852329637,0.41357397554020137,happy,03,23,23,male,strong,2657
10,0.33366666666666667,True,1.0,0.5908485130481761,0.5766385086137552,0.5837435108309657,0.5186326684033803,-0.07921296296296293,-0.07759259259259255,0.34179599381202885,0.33118697632822747,0.19308756342655736,1.125543272520858,0.014210004434420886,0.0016203703703703831,0.0036331746202852965,0.502831488843767,0.1265364190143666,0.10847263449132073,0.0,0.8211235274638711,0.6005037375497074,0.2885605569372659,0.31652272595567654,0.41542799284712634,happy,03,23,23,male,strong,2657
20,0.6673333333333333,True,1.0,0.620667245386242,0.6013784312034134,0.6110228382948277,0.5349635559554436,-0.08041666666666669,-0.07787037037037037,0.3322932912298659,0.3343114154637049,0.19446955443027228,1.1421765679038498,0.019288814182828573,0.0025462962962963243,0.0014550161319557818,0.4564622840613206,0.12602805765406735,0.10906285552037938,0.0,0.8568525761042406,0.6002757698391855,0.2889832599332816,0.31613839226113705,0.416785270889537,happy,03,23,23,male,strong,2657
30,1.0010000000000001,True,1.0,0.6874536537280257,0.6666666666666666,0.6770601601973462,1.0253579332737914,-0.08050925925925917,-0.08574074074074078,0.3341118888430974,0.4828942667809069,0.20769179289336961,0.6603159133275631,0.020786987061359063,0.005231481481481615,0.0010088596697087027,0.28858135215371494,0.12239459459821017,0.11312533307396179,0.0,0.9455254584730887,0.5912436713591687,0.29464556284543847,0.338549342823999,0.4258904598287634,happy,03,23,23,male,strong,2657
40,1.3346666666666667,True,1.0,0.7021876111343093,0.6369911070357115,0.6695893590850104,0.6922302803896782,-0.07888888888888895,-0.08388888888888885,0.3956978845845528,0.257959146590991,0.21116314520014587,0.9672927897752139,0.06519650409859779,0.004999999999999893,0.0015125323372898597,0.3902522491460609,0.12424149231293727,0.11109378631609908,0.0,0.855514970775846,0.5745036698116747,0.29411731854315204,0.3509111097295819,0.42865676508627326,happy,03,23,23,male,strong,2657
50,1.6683333333333334,True,1.0,0.6718304521584795,0.6561648815726867,0.6639976668655831,0.7102255020608975,-0.07120370370370377,-0.07699074074074075,0.3857392790014776,0.3743063977446252,0.20630326016873796,0.934911045771839,0.015665570585792765,0.0057870370370369795,0.0005174705515802299,0.4023866107036262,0.12352985616993771,0.11188454944655891,0.0,0.7265514151762589,0.5760190973029837,0.29287983845627386,0.3432900183881195,0.4181274533846631,happy,03,23,23,male,strong,2657
60,2.0020000000000002,True,1.0,0.7628723609530531,0.7384615384615392,0.7506669497072962,1.4220502974141223,-0.08578703703703705,-0.09277777777777774,0.2956835948458091,0.5501856961195929,0.22085026130333588,0.5278765111700482,0.02441082249151394,0.006990740740740686,0.0038266152136192597,0.18079951775395914,0.12051811428217614,0.11512237792782007,0.0,0.8705109978270341,0.6292122978253801,0.3221873974801085,0.3181731497528872,0.4341686645691292,happy,03,23,23,male,strong,2657
70,2.3356666666666666,True,1.0,0.741128597849109,0.703225864565904,0.7221772312075065,0.684231301468694,-0.08462962962962967,-0.08986111111111111,0.3845674362031,0.30977081192658656,0.220188789581769,1.0554577518704011,0.03790273328320504,0.005231481481481448,0.002723716687057711,0.3893704329839083,0.12503910063469717,0.11019528611862814,0.0,0.6793527106909522,0.5790364107596163,0.2906255278389943,0.3403632711426928,0.4251245285938683,happy,03,23,23,male,strong,2657
80,2.6693333333333333,True,1.0,0.7386653929866756,0.6974358974358972,0.7180506452112864,0.3647817592111539,-0.06680555555555567,-0.06967592592592597,0.39779107291247257,0.1572039475589047,0.1958582652569057,1.9684390106678629,0.04122949555077837,0.002870370370370301,0.007017750755602387,0.6926193791993134,0.12603441549448535,0.10905550825791013,0.0,0.657966226415762,0.5805713502510378,0.2891086689093934,0.33880316878929595,0.4190830980561676,happy,03,23,23,male,strong,2657
90,3.003,True,1.0,0.6540621043871753,0.638888888888889,0.6464754966380322,0.41421555329012266,-0.07527777777777772,-0.08064814814814814,0.39695715098590795,0.18817048376646722,0.20212108351226898,1.5607224101148882,0.015173215498286319,0.005370370370370414,0.009006435710456902,0.6031271959953451,0.12468134813173488,0.11059990595996957,0.0,0.6871459993434507,0.5846332503626451,0.2905404020576231,0.3324892847466492,0.41503613371007353,happy,03,23,23,male,strong,2657
0,0.0,True,1.0,0.6555728719346456,0.6400793535991146,0.6478261127668801,0.4927194263647236,-0.0710648148148148,-0.06990740740740753,0.34488393784639926,0.27500469796761845,0.19243883260522998,1.3147971809159855,0.015493518335531031,0.0011574074074072738,0.012902837572913545,0.5484405921095756,0.12688677297656017,0.10806259581306586,0.0,0.7650365867137967,0.6082328166344664,0.288605529085503,0.31069167819256116,0.41046644156785894,sad,04,23,23,male,normal,2658
10,0.33366666666666667,True,1.0,0.6398102437615958,0.5965471513484992,0.6181786975550475,0.5008185834787955,-0.06916666666666665,-0.06837962962962962,0.3409258947143575,0.27952513320269873,0.1931124547695311,1.2343365800466968,0.04326309241309656,0.0007870370370370305,0.00638155750584256,0.5360544966134116,0.12427123159288848,0.1110605184952118,0.0,0.8384607210222131,0.6091755155499701,0.2898290448838461,0.3071352365487267,0.40968733683992764,sad,04,23,23,male,normal,2658
20,0.6673333333333333,True,1.0,0.21490519661994364,0.2080387359245883,0.21147196627226597,0.5938775524520563,-0.08481481481481484,-0.08402777777777781,0.3348926363080082,0.28184114057256243,0.19728758777933106,0.35608681520141827,0.0068664606953553475,0.0007870370370370305,0.012231446366989298,0.46966627246644466,0.1237405990814154,0.11165143039425249,0.0,0.7600960851308681,0.6065436605423419,0.29303669888819917,0.30484033302156116,0.39337071485625363,sad,04,23,23,male,normal,2658
30,1.0010000000000001,True,1.0,0.3391058304054392,0.3423902367415165,0.3407480335734778,0.7927812695014816,-0.07782407407407399,-0.07351851851851843,0.3393495697272391,0.26577469797381226,0.20428770460881945,0.42981342607620854,0.0032844063360772946,0.0043055555555555625,0.04055170886546341,0.372962612517352,0.12388529851876835,0.11131983935343885,0.0,0.8350961183225813,0.5809774400228842,0.295077672047191,0.30579104355216835,0.3991400317948341,sad,04,23,23,male,normal,2658
40,1.3346666666666667,True,1.0,0.38773774451156157,0.40251312409693146,0.3951254343042465,0.5926188044698764,-0.0760648148148147,-0.07374999999999993,0.35883475296492184,0.19268205906829486,0.20841571450629237,0.6667446785758067,0.014775379585369897,0.0023148148148147696,0.037559301264129125,0.49710310301567207,0.122081556552224,0.11346308351050728,0.0,0.8803054158909073,0.5875295619497799,0.2950136858492384,0.2997640078987536,0.3936930499682277,sad,04,23,23,male,normal,2658
50,1.6683333333333334,True,1.0,0.48670431076191617,0.4500136735143849,0.4683589921381506,0.7069821424621681,-0.07476851851851851,-0.07092592592592589,0.33905267206914325,0.2883931690912473,0.20769179289336967,0.6624764106587223,0.036690637247531244,0.0038425925925926196,0.010726542305963755,0.40618286754203936,0.12294889273047122,0.11252265348088583,0.0,0.8464667830766216,0.5834968842537015,0.2926089887864793,0.30273175119214923,0.3996140347087087,sad,04,23,23,male,normal,2658
60,2.0020000000000002,True,1.0,0.22622597399835045,0.229263633256383,0.2277448036273667,0.556214503401009,-0.08537037037037032,-0.08481481481481484,0.33370672039052746,0.2048986855765145,0.2076480745787881,0.4094549894596538,0.003037659258032538,0.0005555555555554759,0.0005279387610144954,0.47654701066591854,0.12554776782047575,0.10961539930959602,0.0,0.7235573040203864,0.5811992559601967,0.2934599083964275,0.3022823532467678,0.3913038624233099,sad,04,23,23,male,normal,2658
70,2.3356666666666666,True,1.0,0.5076364494001545,0.5353934015721188,0.5215149254861366,0.6676409072212913,-0.07199074074074069,-0.06958333333333339,0.3396616078652114,0.22481473389887194,0.2090277777777777,0.7811308741650834,0.027756952171964278,0.0024074074074073026,0.01966883889426777,0.43263854115871314,0.12408208528663983,0.11127180182382548,0.0,0.7616131609314369,0.5745727115768182,0.2943706603971829,0.3125220977789992,0.40901402205495446,sad,04,23,23,male,normal,2658
80,2.6693333333333333,True,1.0,0.6135617024818659,0.6058392982897282,0.609700500385797,0.5269129334476691,-0.06893518518518521,-0.06717592592592592,0.35024130109405205,0.19378641821299047,0.2112415334707726,1.157118115124707,0.007722404192137766,0.0017592592592592937,0.023373886447434166,0.5336049129726866,0.12480244257110598,0.11046324320141447,0.0,0.9999999987499999,0.5780191135204081,0.29008917968796677,0.31289528667235844,0.39794522991667447,sad,04,23,23,male,normal,2658
90,3.003,True,1.0,0.6094030673505414,0.6102655877894047,0.609834327569973,0.4025323898766669,-0.06935185185185189,-0.06574074074074066,0.36492749636863714,0.10687333985564101,0.21190962994774012,1.5149944275461211,0.0008625204388632568,0.0036111111111112315,0.03202340536020435,0.6560496968139579,0.1256859511915445,0.1094569296271419,0.0,0.7244609984758098,0.5779298993659964,0.2893771522647496,0.31926259150952285,0.40795456654407203,sad,04,23,23,male,normal,2658
100,3.336666666666667,True,1.0,0.5770335116801616,0.5777816662455774,0.5774075889628695,0.3821397019015483,-0.0706944444444444,-0.06634259259259262,0.37449620215740553,0.11780001281075268,0.21258076647568716,1.5109856057605566,0.0007481545654157706,0.0043518518518517735,0.030403768019556823,0.6957353113160891,0.12576973921661888,0.10936064405445935,0.0,0.8407458109841759,0.5832346213250926,0.29102029937323864,0.31095388514290095,0.40359610937506196,sad,04,23,23,male,normal,2658
0,0.0,True,1.0,0.6307636600318468,0.5782530610286531,0.6045083605302499,0.4859274199817132,-0.07180555555555551,-0.0700925925925926,0.3484100553224559,0.2285466512597205,0.19588046757961872,1.2440301486855778,0.05251059900319366,0.0017129629629629162,0.002648129071499144,0.5159476569799796,0.12480431150760167,0.1104611316222502,0.0,0.6993063171867903,0.6074554858193277,0.2902762563162687,0.3076564884089997,0.4101156313057272,sad,04,23,23,male,normal,2659
10,0.33366666666666667,True,1.0,0.6311024700373092,0.5924581983210326,0.611780334179171,0.45315214583685776,-0.07180555555555551,-0.0698611111111111,0.3506762689892702,0.23351231359579103,0.19447622372529053,1.3500550307432992,0.0386442717162766,0.0019444444444444153,0.003533345164625002,0.5525862009834769,0.12738094980417208,0.10747963247728785,0.0,0.8393070602525315,0.6067954574095263,0.28980709145044786,0.31264326240998364,0.413416478017515,sad,04,23,23,male,normal,2659
20,0.6673333333333333,True,1.0,0.2258861797512262,0.2204431135931652,0.2231646466721957,0.4737367552309031,-0.08740740740740732,-0.08675925925925926,0.35623245387771796,0.2159386766181059,0.20073245582099256,0.4710731101356564,0.005443066158061005,0.0006481481481480644,0.003676954037418099,0.5654899924980231,0.12539812952935098,0.10978655145764638,0.0,0.7826952591529756,0.6056692220794568,0.2923743722064446,0.3104374518651526,0.3962386618144898,sad,04,23,23,male,normal,2659
30,1.0010000000000001,True,1.0,0.21942417878514256,0.21501161467166355,0.21721789672840305,0.7088109594039004,-0.08601851851851855,-0.08180555555555552,0.3424614866702205,0.2053473691659826,0.21041811700201482,0.30645391954870466,0.004412564113479012,0.004212962962963029,0.024124183757835975,0.4090064123619085,0.12351266865054067,0.11190352297017601,0.0,0.7002350458681371,0.5830134001256754,0.29684209113290994,0.3024337932501579,0.3909290309596137,sad,04,23,23,male,normal,2659
40,1.3346666666666667,True,1.0,0.5233831548600975,0.5067147827650927,0.5150489688125951,0.5698471540933604,-0.07226851851851845,-0.06884259259259262,0.34912502433250264,0.18735069889729175,0.21329784115730271,0.903837046676226,0.016668372095004713,0.0034259259259258323,0.02799591639217646,0.5026895082143941,0.12557669226719595,0.10940826377388141,0.0,0.6910784722967422,0.5796910409867072,0.2913830644741506,0.31641133484430084,0.4037094121568185,sad,04,23,23,male,normal,2659
50,1.6683333333333334,True,1.0,0.621768470707575,0.6064605274202935,0.6141144990639342,0.5251009165891938,-0.06930555555555562,-0.0675,0.3519430464683988,0.17946291848868956,0.2140044281473773,1.1695170959763894,0.015307943287281467,0.0018055555555556158,0.019657482164088705,0.5426568045196714,0.12375390352594376,0.11163668363100955,0.0,0.7474662031150541,0.5854339891112695,0.2902410510992295,0.312095295620958,0.39913643472332794,sad,04,23,23,male,normal,2659
60,2.0020000000000002,True,1.0,0.6046743217064174,0.5738259283491897,0.5892501250278035,0.7501120986027168,-0.0698611111111111,-0.06810185185185197,0.3431536229472355,0.2335123135957923,0.21597363525015598,0.7855494213804024,0.030848393357227777,0.0017592592592591272,0.003101475395528002,0.383912826626181,0.12140408244982889,0.11418768118475918,0.0,0.85809552375667,0.5641840629533063,0.2941173338830977,0.3041667066328895,0.3921111633324456,sad,04,23,23,male,normal,2659
70,2.3356666666666666,True,1.0,0.5537639772037741,0.543036778178672,0.5484003776912231,0.6766892503090781,-0.06916666666666677,-0.07013888888888886,0.3459648879499676,0.2325959592449773,0.21533766265670742,0.8104168603842029,0.010727199025102108,0.0009722222222220966,0.009978889497055644,0.4106568131018768,0.1263520287036088,0.1086873617904901,0.0,0.9092170611354133,0.5651384405168317,0.29485034694569584,0.3066192641997636,0.38971907981043147,sad,04,23,23,male,normal,2659
80,2.6693333333333333,True,1.0,0.5861938911433503,0.5858713517126833,0.5860326214280168,0.8073392021614403,-0.06944444444444453,-0.0692592592592593,0.33143581842915243,0.27154534876026776,0.21742989640345994,0.7258815375979107,0.0003225394306669571,0.00018518518518523264,0.007771106876792684,0.3583972652964535,0.1251199801672931,0.1101034437854561,0.0,0.8884059733838828,0.5650810715692528,0.29515184569689357,0.3134193763800794,0.39376146797232037,sad,04,23,23,male,normal,2659
90,3.003,True,1.0,0.5881471692728648,0.590692756013598,0.5894199626432315,0.4827080799461684,-0.07087962962962957,-0.06949074074074069,0.3583014521585058,0.14078985665096622,0.2194447921127806,1.2210691868032613,0.002545586740733241,0.001388888888888884,0.0021686218923008156,0.5496896264057437,0.12506567485610098,0.11016512489500825,0.0,0.7326007253363657,0.5583226988373474,0.2916894361258136,0.3097401762049273,0.3917767954696945,sad,04,23,23,male,normal,2659
100,3.336666666666667,True,1.0,0.6027299163262204,0.620665664712674,0.6116977905194472,0.35034506542907445,-0.07152777777777775,-0.06819444444444445,0.3741441765093774,0.09065331745821115,0.2166793428283069,1.7459866025807698,0.01793574838645362,0.0033333333333332993,0.023280201147357495,0.7222508594911446,0.12578141472485663,0.10934721523754691,0.0,0.7804791816917362,0.5772179619347738,0.2907510151561108,0.31819428536843397,0.39415363478994553,sad,04,23,23,male,normal,2659
110,3.6703333333333332,True,1.0,0.19561427561977413,0.191313403405867,0.19346383951282056,0.3714509199512339,-0.08282407407407394,-0.08004629629629634,0.36569357059724683,0.099176093949288,0.21468606113307648,0.5208328452604709,0.004300872213907125,0.0027777777777776014,0.031323293673227476,0.7231155091712236,0.1257695236066824,0.10936089201414993,0.0,0.6524820106509784,0.586929567405087,0.2913458973029175,0.3183353397979756,0.39431239832374987,sad,04,23,23,male,normal,2659
0,0.0,True,1.0,0.6366050978166923,0.558910067349741,0.5977575825832167,0.4897979312447769,-0.06958333333333339,-0.06972222222222224,0.3392343196580144,0.23733990785057923,0.19657474551182114,1.2204167156526573,0.07769503046695125,0.0001388888888888551,0.004318714427880472,0.5526573586487546,0.12636100783554874,0.1086769224318175,0.0,0.6988229332383386,0.6106050598208033,0.29020883304331424,0.3071535232972648,0.4026365469797889,sad,04,23,23,male,normal,2660
10,0.33366666666666667,True,1.0,0.6266042176960395,0.5869626089859057,0.6067834133409726,0.5192480939425188,-0.07282407407407404,-0.07041666666666657,0.3361417399613807,0.2670073963319014,0.19588046757961872,1.1685809161740401,0.03964160871013378,0.002407407407407469,0.009153853201679855,0.501415837097989,0.12424414838543431,0.11109081583096521,0.0,0.6972642751963154,0.6056607461500226,0.28913097312957,0.3078491644156366,0.4129276230210633,sad,04,23,23,male,normal,2660
20,0.6673333333333333,True,1.0,0.5161896113925345,0.5082075098758877,0.5121985606342111,0.5332789965615414,-0.07171296296296298,-0.07064814814814807,0.3362060954917911,0.21468812656415234,0.20283194969418356,0.9604701552784713,0.0079821015166468,0.0010648148148149073,0.017176772168313138,0.4912513748368879,0.12507032416943886,0.11015984650695743,0.0,0.803707830089075,0.6033065910114046,0.29220969438986955,0.31394893672964447,0.4036056030966483,sad,04,23,23,male,normal,2660
30,1.0010000000000001,True,1.0,0.21121948798054055,0.18313542112559753,0.19717745455306904,0.7839867111200675,-0.08333333333333337,-0.08236111111111111,0.33279543967286673,0.26619967493671,0.21250035903002762,0.2515061183516302,0.028084066854943024,0.0009722222222222632,0.007625059089098271,0.3521835597474162,0.12212381428947261,0.11341759895791417,0.0,0.9593089576685279,0.5671393023772009,0.2947167108892031,0.3023567488216501,0.3867772247983195,sad,04,23,23,male,normal,2660
40,1.3346666666666667,True,1.0,0.23695563053347368,0.24105461393596908,0.23900512223472137,0.6120117698610953,-0.07981481481481484,-0.07907407407407413,0.3377240274470114,0.19670042873244242,0.2139320451098645,0.390523735007526,0.004098983402495399,0.0007407407407407085,0.006029449933122562,0.455938300511766,0.12261261910178868,0.1128889870938305,0.0,0.7458047659297488,0.5746429533454006,0.2935062682559556,0.2964863576307813,0.3838443923820631,sad,04,23,23,male,normal,2660
50,1.6683333333333334,True,1.0,0.20731642427755764,0.18158371389817354,0.1944500690878656,0.5097705792448161,-0.08291666666666653,-0.08083333333333326,0.3534540816012142,0.13775991346303754,0.21668392014887733,0.3814462368070117,0.0257327103793841,0.0020833333333332704,0.0032536682850562953,0.5196505144856585,0.12390695558414776,0.11146678486497359,0.0,0.9021136599339893,0.5748717491918643,0.2964767725367617,0.29502442497183123,0.375714427852577,sad,04,23,23,male,normal,2660
60,2.0020000000000002,True,1.0,0.41395822300351565,0.4069046067019048,0.41043141485271023,0.6533518030030107,-0.07120370370370377,-0.07013888888888886,0.3196939466495688,0.14433281698259154,0.21806115361267805,0.6281935902927615,0.007053616301610832,0.0010648148148149073,0.0022854608550889406,0.4316491155663513,0.12534626106732777,0.10984576735967236,0.0,0.6773406524460005,0.5551721660929997,0.2928796083168425,0.3030236820814766,0.3861303005643803,sad,04,23,23,male,normal,2660
70,2.3356666666666666,True,1.0,0.6138496755586764,0.5987647298405087,0.6063072026995926,0.7108479739817221,-0.06680555555555551,-0.06740740740740742,0.3288958020081814,0.17769979223790452,0.21805870448037068,0.8529351209984352,0.015084945718167764,0.0006018518518519089,0.0010524361946675723,0.38893023717452224,0.1232123615406012,0.1122340934548583,0.0,0.8587229793901632,0.5755711962832007,0.2932767068261698,0.3105926508627426,0.38801204752704055,sad,04,23,23,male,normal,2660
80,2.6693333333333333,True,1.0,0.6354037060507338,0.5917704940757639,0.6135871000632489,0.4077323870046285,-0.06833333333333325,-0.06842592592592595,0.3741893866046228,0.0657524647205076,0.21463452564928698,1.5048770213495049,0.04363321197496994,9.259259259269959e-05,0.010243614294863767,0.5995599036652072,0.12599714215252614,0.10909856983373191,0.0,0.7576219071968944,0.5776403814729016,0.2911115220419005,0.3173796884824567,0.3969312404408441,sad,04,23,23,male,normal,2660
90,3.003,True,1.0,0.5908485130481762,0.5506322175611287,0.5707403653046524,0.4204886731200264,-0.0672685185185185,-0.06879629629629624,0.37454849728477746,0.11169230379750673,0.21322342920306844,1.3573263723604212,0.040216295487047526,0.001527777777777739,0.008325136119363795,0.5809192659944372,0.1253808946407147,0.10980623401795876,0.0,0.9999999987499999,0.5821900948660715,0.290874987640753,0.3232297373743428,0.4045661183807013,sad,04,23,23,male,normal,2660
100,3.336666666666667,True,1.0,0.5638757622203482,0.5245901639344266,0.5442329630773874,0.4141910106027174,-0.07097222222222227,-0.06953703703703695,0.3567353284741644,0.13803940759355773,0.2097280427126453,1.3139661391623088,0.0392855982859216,0.001435185185185317,0.0006958076635104771,0.62222174186016,0.12417667230697413,0.1111662350937683,0.0,0.786249275302844,0.5873323134722639,0.29113878001279736,0.3096524689145905,0.40080044686376537,sad,04,23,23,male,normal,2660
0,0.0,True,1.0,0.6280612886332476,0.6019031494535669,0.6149822190434073,0.5036821388912339,-0.06958333333333339,-0.0665277777777778,0.33866673455422164,0.22949420425823175,0.20141313311922143,1.2209728548190741,0.026158139179680684,0.003055555555555589,0.010420316616377743,0.5201177885902053,0.13282836484639593,0.1006697733363223,0.0,0.6713709911102859,0.5488748737854516,0.25775975918080163,0.31694730907715757,0.37163138298321424,sad,04,23,23,male,normal,2661
10,0.33366666666666667,True,1.0,0.6087635976748765,0.5875721220856256,0.5981678598802511,0.5078738879393199,-0.06958333333333339,-0.06703703703703706,0.33543326141159385,0.2314041034544947,0.2007404372956027,1.1777881755395927,0.02119147558925094,0.0025462962962963243,0.015323145341372094,0.5159476569799796,0.12494718233439585,0.11029949862504893,0.0,0.849343301642668,0.5859886847629677,0.29365366813245475,0.31058279458003635,0.4081439758337899,sad,04,23,23,male,normal,2661
20,0.6673333333333333,True,1.0,0.609905602766273,0.587685460342676,0.5987955315544745,0.4985381313965615,-0.06995370370370363,-0.06675925925925935,0.3406258675490759,0.21982299163419272,0.20283194969418356,1.2011027719726486,0.022220142423597045,0.0031944444444442777,0.018819403686488285,0.5488153348698396,0.12448501718429984,0.11082083859477326,0.0,0.7053064914136818,0.5875085212444353,0.2949292897276584,0.3101784845931442,0.40769548737937916,sad,04,23,23,male,normal,2661
30,1.0010000000000001,True,1.0,0.1257394581190897,0.12440569610950118,0.12507257711429545,0.7231225961954337,-0.08925925925925932,-0.0863888888888889,0.3382011321089653,0.2656193708513833,0.2097662356734104,0.17296178790752775,0.0013337620095885266,0.002870370370370412,0.01688553297549947,0.3924086511409621,0.12391497384293752,0.11145787109016064,0.0,0.7025710037824409,0.5829388690554347,0.2963335889240595,0.2998062584063268,0.3851866962369941,sad,04,23,23,male,normal,2661
40,1.3346666666666667,True,1.0,0.2192187666294592,0.22183306244725842,0.2205259145383588,0.5958287425842884,-0.08296296296296296,-0.08023148148148151,0.347586583882984,0.16314358427903186,0.21530045803466896,0.3701162746561564,0.0026142958177992337,0.002731481481481446,0.0190719544205641,0.4578402573465601,0.12094400283391138,0.11467487060501659,0.0,0.788031645633008,0.5703189505177071,0.2964872827466428,0.3010592447711456,0.38519062044457053,sad,04,23,23,male,normal,2661
50,1.6683333333333334,True,1.0,0.15331602912662987,0.1358220070204895,0.14456901807355968,0.648971046656063,-0.0838888888888889,-0.0797685185185184,0.35118073647616416,0.13803940759355773,0.21877232028983923,0.22276651449779905,0.017494022106140372,0.004120370370370496,0.024426826368646567,0.43282338306656576,0.12185610041723806,0.11370518264765685,0.0,0.8634084764190427,0.551821795014881,0.29590844851786513,0.29507362315747176,0.3793245151723117,sad,04,23,23,male,normal,2661
60,2.0020000000000002,True,1.0,0.16803736434200442,0.14809443296525487,0.15806589865362963,0.772449596638794,-0.08152777777777787,-0.07842592592592601,0.35410202942280083,0.13549108586629965,0.22436303083752912,0.20462940150584738,0.019942931376749545,0.0031018518518518556,0.018226849253892036,0.35907070334346153,0.12381264010444737,0.11157153723328668,0.0,0.6651783123759735,0.5499718078872174,0.29148585592949916,0.29971248746892704,0.3637635811519714,sad,04,23,23,male,normal,2661
70,2.3356666666666666,True,1.0,0.2015837106034899,0.2298625423946323,0.2157231264990611,0.6795077403759057,-0.0768981481481481,-0.07365740740740745,0.3471606069083255,0.15254255396193753,0.22502746414413652,0.31746971179419153,0.028278831791142406,0.003240740740740655,0.014639993877872364,0.4152760356147878,0.12381300158505539,0.11157113609087696,0.0,0.6987899614853873,0.5545651251203606,0.28989156108176095,0.3020885091739056,0.37289813037255704,sad,04,23,23,male,normal,2661
80,2.6693333333333333,True,1.0,0.5926988660508925,0.6000076498990826,0.5963532579749875,0.4584382041421936,-0.06361111111111112,-0.06453703703703706,0.3595910139186587,0.0604691115092269,0.22216365890245443,1.3008367378343906,0.007308783848190115,0.0009259259259259411,0.01612575309213022,0.544886476538152,0.1226383416456802,0.11286104256278544,0.0,0.799429464391109,0.5577501263005202,0.29175957332932484,0.2928881795330479,0.37232265473794707,sad,04,23,23,male,normal,2661
90,3.003,True,1.0,0.616337215135041,0.5901266991138547,0.6032319571244479,0.4075763129540665,-0.06324074074074071,-0.06462962962962959,0.3655427230083693,-0.006556564356921747,0.2233847199341159,1.4800466512695296,0.026210516021186292,0.001388888888888884,0.03398019046803315,0.5972193280480285,0.12480600607702111,0.11045921698652865,0.0,0.7032308689414443,0.5600331437418717,0.2918240360443942,0.30960255517915136,0.3765775128257805,sad,04,23,23,male,normal,2661
100,3.336666666666667,True,1.0,0.5878136200716845,0.5768711394915971,0.5823423797816407,0.44140905870710884,-0.06347222222222204,-0.0668981481481482,0.37195945988794044,0.019449987533397658,0.22253099817990574,1.3192805364876898,0.0109424805800874,0.0034259259259261654,0.03738357006815931,0.5783322325182129,0.1259768551727581,0.10912199471711011,0.0,0.9999999987499999,0.5581831681500725,0.2918196883190974,0.3091216964771978,0.3787600538783625,sad,04,23,23,male,normal,2661
0,0.0,True,1.0,0.654245290446882,0.5973220816147967,0.6257836860308393,0.6985394259180144,-0.0691666666666666,-0.06662037037037033,0.33303027012165537,0.24516170467338289,0.2070638586595503,0.8958459076356927,0.05692320883208524,0.0025462962962962687,0.014107292685562494,0.3971188751917114,0.1269309642588606,0.10801068503993388,0.0,0.6975723035606637,0.5804650302464737,0.29148587126515735,0.3167000373986355,0.40302083912103936,sad,04,23,23,male,strong,2662
10,0.33366666666666667,True,1.0,0.215834657282557,0.22409718803315218,0.21996592265785458,0.7337847365847917,-0.08560185185185187,-0.08407407407407413,0.34081974011444505,0.2085109612258557,0.2105094679844855,0.29976900811759616,0.008262530750595187,0.001527777777777739,0.007813769121190452,0.37937795288447296,0.12331232890622947,0.11212424942785058,0.0,0.7331134411127324,0.5774001219941102,0.29595805133312786,0.30479436808521493,0.38328781809009693,sad,04,23,23,male,strong,2662
20,0.6673333333333333,True,1.0,0.10726194263852977,0.1379310344827582,0.12259648856064398,0.7534730270108383,-0.08277777777777778,-0.08041666666666669,0.35370852913242856,0.14216472207751624,0.2174400719712156,0.1627085299217758,0.030669091844228433,0.0023611111111110916,0.0226698332502604,0.3613419989813516,0.12270660949765805,0.11278681552297541,0.0,0.6961417775451513,0.5505039847657813,0.2985865036119335,0.28937661622701755,0.35910854804398573,sad,04,23,23,male,strong,2662
30,1.0010000000000001,True,1.0,0.1599486170370271,0.17723448040965595,0.16859154872334153,0.7278802870081559,-0.07856481481481481,-0.07671296296296293,0.34907697764089846,0.06298595520578597,0.22228023619498505,0.23161988548462017,0.017285863372628857,0.0018518518518518823,0.024952475322694925,0.36776694520041636,0.12558603034804358,0.10957155995859919,0.0,0.8280760436183342,0.5239931246248499,0.2931208248209108,0.2987543853932645,0.3647223729492908,sad,04,23,23,male,strong,2662
40,1.3346666666666667,True,1.0,0.1493130937518515,0.143292195916781,0.14630264483431626,0.5962383857790212,-0.07787037037037026,-0.07745370370370364,0.356352686171749,-0.013550872404068616,0.22361247586820424,0.2453760917173474,0.00602089783507051,0.0004166666666666208,0.00882722724544535,0.43525286240935507,0.12482488814707286,0.11043787877918543,0.0,0.7505949488886915,0.5284518951096064,0.29366460439894243,0.28933616926621314,0.3488069194796614,sad,04,23,23,male,strong,2662
50,1.6683333333333334,True,1.0,0.09094112734008193,0.11483550979656217,0.10288831856832205,0.5594303019850018,-0.07597222222222222,-0.07597222222222211,0.3559534198727336,0.034108393904135816,0.22500305173711682,0.1839162415822811,0.023894382456480234,1.1102230246251565e-16,0.0053361272447305505,0.4826088887168033,0.12505791410987552,0.11017393470699383,0.0,0.7798074169062437,0.5292829622942927,0.2929280779982928,0.29239155786495197,0.34507861465932005,sad,04,23,23,male,strong,2662
60,2.0020000000000002,True,1.0,0.15932883411132212,0.15631729520192827,0.1578230646566252,0.546959055557401,-0.07185185185185206,-0.06912037037037033,0.37156715015045894,0.0,0.22484911135711969,0.28854639676052013,0.003011538909393846,0.0027314814814817234,0.003784001255432331,0.4976099942048724,0.12698056479609354,0.10795236882340448,0.0,0.7590229431621348,0.5332920890934499,0.2895804038906074,0.2972328741277116,0.3595328153928411,sad,04,23,23,male,strong,2662
70,2.3356666666666666,True,1.0,0.16980534345685677,0.15866620217149174,0.16423577281417426,0.8298237052993194,-0.07805555555555566,-0.07745370370370364,0.3421135336200759,0.12653153265989261,0.22233343096787136,0.19791646317808434,0.011139141285365028,0.00060185185185202,0.007645971129967166,0.33526673423374836,0.12367601882732851,0.1117229615484968,0.0,0.7905554539180216,0.5447628615352391,0.29281624564759123,0.28920488128246435,0.3496390178055412,sad,04,23,23,male,strong,2662
80,2.6693333333333333,True,1.0,0.2768670309653902,0.2631416277010426,0.2700043293332164,0.693477067727,-0.06912037037037044,-0.07004629629629633,0.34858440669935054,0.09006087828180527,0.22035538984303332,0.38934860559730655,0.013725403264347624,0.0009259259259258856,0.020914164255474963,0.40459055923333415,0.12267434503801178,0.11282190762128835,0.0,0.8429623844934044,0.5466889691501601,0.2958935142421623,0.29341987865543523,0.35790950109091973,sad,04,23,23,male,strong,2662
90,3.003,True,1.0,0.1461170655540565,0.11943273180871505,0.13277489868138578,0.5761119215488824,-0.07254629629629628,-0.07412037037037034,0.33326701218349586,0.03595016572859673,0.22444156791765738,0.23046719520127132,0.02668433374534146,0.001574074074074061,0.0397173576989413,0.47737038158204936,0.12155622279734529,0.11402570968353053,0.0,0.8267344006576,0.5445391465414291,0.2905178378904267,0.28304506644106014,0.3535927434745772,sad,04,23,23,male,strong,2662
100,3.336666666666667,True,1.0,0.27481434928504456,0.22929908092427015,0.2520567151046573,0.445385291114051,-0.06597222222222221,-0.06712962962962965,0.3459107447099382,-0.05743126413561468,0.22649805184351623,0.5659295898034327,0.04551526836077441,0.0011574074074074403,0.04856868513156938,0.5882671955970395,0.12579039561466054,0.10933688371899604,0.0,0.8543854652465782,0.5662148271339786,0.28918539296287077,0.2592597973847565,0.3093565540096763,sad,04,23,23,male,strong,2662
110,3.6703333333333332,True,1.0,0.2980276926309061,0.24210807571078463,0.2700678841708454,0.40646315608277234,-0.06412037037037033,-0.06375000000000008,0.35462667823599736,-0.05589589999287081,0.22484911135711969,0.6644338610504924,0.055919616920121484,0.00037037037037024323,0.0451140690762858,0.6706779086910296,0.12901263796201143,0.10551548235576488,0.0,0.7435978022070695,0.5305923754892583,0.25163212847297106,0.25457902240361024,0.27184174779537973,sad,04,23,23,male,strong,2662
120,4.0040000000000004,True,1.0,0.2325183506028012,0.19468273983814288,0.21360054522047206,0.3740917950781031,-0.06541666666666668,-0.0643055555555555,0.38063862047142055,-0.059536102687299704,0.22249309138021817,0.5709843092812993,0.03783561076465833,0.0011111111111111738,0.04120737514990574,0.757749421961397,0.12698857020173396,0.10758937174941503,0.0,0.9128123234446434,0.5498101812287415,0.2817386755053916,0.26213506639008993,0.2975184300766347,sad,04,23,23,male,strong,2662
0,0.0,True,1.0,0.603303228358848,0.5676911593889965,0.5854971938739222,0.6090679965196824,-0.06939814814814821,-0.06749999999999995,0.34086556129914886,0.21703820573249433,0.2023383874235772,0.9613002115027424,0.035612068969851474,0.0018981481481482598,0.024594664149828853,0.43351214413384664,0.1284342777780758,0.10621870862696202,0.0,0.7453290621696863,0.5777800588125875,0.2926238164740617,0.31862754823403877,0.4034135917972407,sad,04,23,23,male,strong,2663
10,0.33366666666666667,True,1.0,0.6387459302871894,0.5857637615002766,0.612254845893733,0.616486965698051,-0.07037037037037036,-0.06740740740740736,0.34493523955915406,0.2219184508025401,0.20233838742357724,0.993135102541015,0.05298216878691275,0.0029629629629630005,0.02274413600467495,0.4282301820577516,0.12726883052156057,0.10761237172476167,0.0,0.8001972441874255,0.5772988434592587,0.2925987743045318,0.31808875335328896,0.40519478867921527,sad,04,23,23,male,strong,2663
20,0.6673333333333333,True,1.0,0.5530222047040038,0.5373614955635544,0.5451918501337791,0.5205475856491727,-0.0710648148148148,-0.06805555555555548,0.344318698501427,0.19482519753007496,0.20305187448718487,1.0473429618425234,0.01566070914044937,0.0030092592592593226,0.023653263369367145,0.47517261978208997,0.12596785594467902,0.10913238309107562,0.0,0.7781043258270736,0.5780667479257328,0.29124423373530356,0.31607381069645557,0.40439031810082243,sad,04,23,23,male,strong,2663
30,1.0010000000000001,True,1.0,0.23149140992128184,0.2276199258108108,0.2295556678660463,0.7057579162693675,-0.08888888888888896,-0.08476851851851858,0.34852434861318804,0.16223195087246225,0.21253590000059402,0.32526120157387156,0.0038714841104710296,0.004120370370370385,0.020680010919086528,0.39055410117223177,0.12677224103585683,0.10819693467626525,0.0,0.8475843115854569,0.5732773302367822,0.29580476077027107,0.30855472893274677,0.3843340246936254,sad,04,23,23,male,strong,2663
40,1.3346666666666667,True,1.0,0.18823970270140813,0.18411109113857976,0.18617539691999396,0.5774939152228563,-0.08050925925925922,-0.07745370370370352,0.3582016425207495,0.06186879964770151,0.21809054105509593,0.3223850364694292,0.0041286115628283715,0.0030555555555557,0.014996120840468918,0.47112028671529727,0.12547462512605445,0.10969911676874522,0.0,0.7165906118079647,0.5533922238895558,0.29374854105390474,0.3072027811381669,0.37297838145748013,sad,04,23,23,male,strong,2663
50,1.6683333333333334,True,1.0,0.1381558901532072,0.13612439038871335,0.13714014027096028,0.4419511482173101,-0.0803240740740741,-0.0779629629629629,0.3656708043857538,0.05356205555144879,0.2229385697962059,0.3103061069625904,0.0020314997644938493,0.0023611111111112026,0.0008790052013603438,0.6165324327964755,0.12459655981206148,0.11069541568290493,0.0,0.7176747365658941,0.5516836298660088,0.2933399959500752,0.3010695777416984,0.367822174981669,sad,04,23,23,male,strong,2663
60,2.0020000000000002,True,1.0,0.07216758844296936,0.09854286464961161,0.08535522654629049,0.6569229976920757,-0.07398148148148154,-0.07467592592592587,0.35412318322709374,0.05460876087351907,0.22490475159975815,0.12993185935971702,0.026375276206642248,0.000694444444444331,0.006716130389538474,0.41386903691209703,0.12692371089985974,0.10801920839391796,0.0,0.702253255798317,0.5489970901720064,0.2964421539420112,0.2947981038731878,0.35661098587667717,sad,04,23,23,male,strong,2663
70,2.3356666666666666,True,1.0,0.1351049311871332,0.14407977285242665,0.13959235201977993,0.7340967504378775,-0.07074074074074066,-0.0714351851851851,0.3381295964312691,0.09347043089434859,0.22536896018061275,0.1901552512478978,0.008974841665293443,0.000694444444444442,0.0005118756817566993,0.37514736374335195,0.12645186488408156,0.108571191564728,0.0,0.7082740001624915,0.5343642825255102,0.28981450441535694,0.297271503817904,0.35741888872048616,sad,04,23,23,male,strong,2663
80,2.6693333333333333,True,1.0,0.17478917367386737,0.16566597075219533,0.17022757221303136,0.6807796428305642,-0.07893518518518522,-0.07976851851851852,0.35757339058562676,0.09515872481460858,0.22465358277375952,0.25004797661876976,0.009123202921672041,0.0008333333333332971,0.0026899479035737265,0.39515188210297,0.12516175597537216,0.11005595218554551,0.0,0.6756457531802639,0.5440737027936174,0.2936194355579402,0.30014593859717414,0.3651004759389877,sad,04,23,23,male,strong,2663
90,3.003,True,1.0,0.08525803218524766,0.09923665742738326,0.09224734480631547,0.5735728855188181,-0.07500000000000007,-0.07666666666666666,0.34303734818706405,0.020913637034541965,0.227620255914929,0.16082933335119964,0.013978625242135598,0.0016666666666665941,0.007485938129085939,0.4705757780400059,0.12763176382410382,0.10718167116467744,0.0,0.731100395191886,0.5392691088388482,0.2930145000830128,0.29278200864629467,0.35939632563919466,sad,04,23,23,male,strong,2663
100,3.336666666666667,True,1.0,0.1580933179971573,0.16603323299364595,0.16206327549540162,0.44206444862658256,-0.06851851851851865,-0.07004629629629622,0.3768317772192282,-0.08008502424310103,0.22502412810551875,0.3666055390767207,0.007939914996488634,0.0015277777777775725,0.003688952751450645,0.6348984600813232,0.13048212241741008,0.10369278422542018,0.0,0.6776595333671801,0.5195733522549646,0.25831229981860704,0.27031851342818536,0.288500300602243,sad,04,23,23,male,strong,2663
110,3.6703333333333332,True,1.0,0.044389349194767426,0.05613900454659758,0.050264176870682506,0.3911511754289788,-0.06527777777777777,-0.0650925925925927,0.37265524119285626,-0.10758046163190142,0.22153182974377922,0.128503197812348,0.011749655351830153,0.0001851851851850661,0.0020183414005846565,0.6846582545062501,0.12616073911638323,0.10890934613657859,0.0,0.9999999987499999,0.544659357227266,0.29807563715761975,0.2729420789635708,0.3270289302439213,sad,04,23,23,male,strong,2663
120,4.0040000000000004,True,1.0,0.11695060302395752,0.1455014997221134,0.13122605137303545,0.37149824758345107,-0.06287037037037024,-0.06351851851851842,0.3858678737173993,-0.06612582017415966,0.21786736684854685,0.35323464438027435,0.028550896698155886,0.0006481481481481755,0.0355061981150093,0.6891665220028497,0.12858331814019966,0.10603823870122933,0.0,0.7215511599911811,0.5404480597864145,0.29202528502949476,0.29645583717673046,0.35865431762595834,sad,04,23,23,male,strong,2663
130,4.337666666666666,True,1.0,0.1720240730352466,0.22511815674594085,0.19857111489059373,0.39665579168771326,-0.06439814814814804,-0.06499999999999995,0.37043535541015343,-0.054700854700854507,0.2197168475647256,0.5006131740714089,0.05309408371069424,0.0006018518518519089,0.06382137593133924,0.6205729282471768,0.1272913442558725,0.10758573998555163,0.0,0.6866987981840327,0.5528259544208308,0.2945082552270323,0.2832037978998173,0.3379689698375022,sad,04,23,23,male,strong,2663
0,0.0,True,1.0,0.6287437189758786,0.5917571890320072,0.6102504540039428,0.5682949082061,-0.06638888888888889,-0.06351851851851847,0.3402756766726469,0.18184343125417457,0.20580630659388352,1.0738270661799192,0.036986529943871305,0.002870370370370412,0.01688959269138057,0.45796668532449025,0.12801943656567755,0.10671832847321945,0.0,0.6479768899462442,0.578602717501063,0.2923738845053049,0.31519517347384296,0.3973213291970386,sad,04,23,23,male,strong,2664
10,0.33366666666666667,True,1.0,0.6041102358664139,0.5784708328797499,0.5912905343730819,0.5545095924441699,-0.06578703703703698,-0.06259259259259259,0.3476650157966748,0.16335639023836018,0.20723327916304787,1.0663305782805106,0.025639402986664006,0.0031944444444443887,0.0221808184542185,0.45829938142615717,0.12522835860406464,0.10998016171858037,0.0,0.7756015844674484,0.5818849402260904,0.2904575403242407,0.31296090293350365,0.39613058361990167,sad,04,23,23,male,strong,2664
20,0.6673333333333333,True,1.0,0.5983719226580658,0.5673430634173962,0.582857493037731,0.6770236061630435,-0.06712962962962965,-0.06467592592592591,0.3413531821183739,0.194241776817861,0.20781665168622754,0.8609116251366943,0.03102885924066967,0.0024537037037037357,0.024100193904546627,0.4114195608449735,0.12791423230166193,0.10684440530673714,0.0,0.6923039528380325,0.5779869482636805,0.29089441957814505,0.31730013504058546,0.39550367494013555,sad,04,23,23,male,strong,2664
30,1.0010000000000001,True,1.0,0.2044657231629884,0.2003006289020905,0.20238317603253944,0.6303054018319036,-0.08467592592592588,-0.08263888888888904,0.35126777350617705,0.13297101132406208,0.21676840716496273,0.32108748464528164,0.004165094260897895,0.0020370370370368374,0.01626138047517362,0.4216721983382247,0.12443078524691237,0.11088172731840014,0.0,0.6513419188351433,0.5729048123780762,0.2937548630853177,0.3118739771793047,0.3787243714797197,sad,04,23,23,male,strong,2664
40,1.3346666666666667,True,1.0,0.09264497529141659,0.08728354821806086,0.08996426175473873,0.5420348961627468,-0.08273148148148146,-0.0798148148148149,0.3618835805297409,0.08130523442441169,0.21876255544325338,0.165975036647321,0.005361427073355726,0.0029166666666665675,0.0123014190037585,0.492822011639344,0.12464351873142711,0.11064253706608962,0.0,0.6522484615605912,0.5546511966427197,0.29594760441874923,0.30522613886230204,0.3802190695830058,sad,04,23,23,male,strong,2664
50,1.6683333333333334,True,1.0,0.04484657584443448,0.0392281720953192,0.04203737396987684,0.5249827410748823,-0.08106481481481476,-0.07879629629629636,0.3651300052239576,0.05379404992965024,0.2222994564203281,0.08007382087229555,0.005618403749115278,0.002268518518518392,0.0047917997931167956,0.5043357976976384,0.1279371045275352,0.10681701669553632,0.0,0.7240467793170818,0.5500741725830957,0.2928320989327621,0.30527647766432037,0.3746284483493993,sad,04,23,23,male,strong,2664
60,2.0020000000000002,True,1.0,0.09027951564655715,0.07799155501815512,0.08413553533235613,0.6046012101948581,-0.07675925925925925,-0.07680555555555557,0.36843632406884674,0.09189466931140382,0.22379152800427074,0.13915872795762338,0.012287960628402025,4.629629629632204e-05,0.014086355812865006,0.45242672355120794,0.12596963984102788,0.10913032396515746,0.0,0.6601329064363688,0.5475038591374051,0.2935049498878311,0.30050302174939586,0.3656143815149704,sad,04,23,23,male,strong,2664
70,2.3356666666666666,True,1.0,0.5115932499644531,0.47918112329085316,0.49538718662765313,0.568707838428329,-0.06324074074074065,-0.06384259259259262,0.33538107019920604,0.09462729170783286,0.22311371742404765,0.871075011022701,0.03241212667359994,0.0006018518518519644,0.012715295386520007,0.4895705483216933,0.12524123832872336,0.10996549455210225,0.0,0.7375113674821209,0.5523939676026661,0.2895191794522724,0.30114596332249666,0.3766410596123775,sad,04,23,23,male,strong,2664
80,2.6693333333333333,True,1.0,0.1170523056774659,0.1232202149014262,0.12013626028944605,0.5394926787523172,-0.0739351851851851,-0.0780555555555556,0.35039165907674336,0.0757990044711827,0.22407771382850927,0.22268376387847327,0.006167909223960308,0.004120370370370496,0.02526132013146885,0.5055164572417084,0.1269888588550699,0.10794261205409253,0.0,0.788034061354151,0.5467518509591336,0.29392269234600016,0.3001387152272417,0.3634946243077372,sad,04,23,23,male,strong,2664
90,3.003,True,1.0,0.14358546344214856,0.12034313344076628,0.1319642984414574,0.48176075536921337,-0.0641666666666667,-0.06763888888888892,0.34525900528961945,-0.07561742179163494,0.2279398354576163,0.2739208143683729,0.02324233000138229,0.00347222222222221,0.047659795095692424,0.5457945579257746,0.12400306849261207,0.11135985261501369,0.0,0.6918551159581033,0.5423257517069328,0.2892163102476933,0.2835329803735465,0.34860697126039614,sad,04,23,23,male,strong,2664
100,3.336666666666667,True,1.0,0.252034721155594,0.22369050597886,0.237862613567227,0.40250429386052633,-0.060972222222222205,-0.0638425925925925,0.34892464513155014,-0.07632266530566552,0.22847756505488778,0.5909567107615749,0.028344215176733994,0.002870370370370301,0.043197605984502584,0.662954294732324,0.12880119446442292,0.10559321061337415,0.0,0.9999999987499999,0.5333460105761055,0.2578532740176572,0.2744728683012426,0.29978104783418147,sad,04,23,23,male,strong,2664
110,3.6703333333333332,True,1.0,0.13504260316632744,0.09342053555039434,0.11423156935836089,0.3888173769664513,-0.07231481481481483,-0.07245370370370374,0.3517910070865606,-0.05553413448070639,0.2277791175699502,0.2937923460355457,0.041622067615933095,0.0001388888888889106,0.05564452495413911,0.6912485361182771,0.12802531882978518,0.10671127170664776,0.0,0.6806683285280556,0.5488922443899436,0.2898126068177225,0.28979003501381645,0.33634200067539693,sad,04,23,23,male,strong,2664
0,0.0,True,1.0,0.6311024700373108,0.5634772232575713,0.597289846647441,0.5214231808679891,-0.06578703703703703,-0.06574074074074077,0.33425782431245377,0.20112036976336795,0.20417600856869406,1.1454992193733315,0.06762524677973947,4.6296296296266526e-05,0.0072096303312201345,0.48298867608308416,0.12825784102141097,0.1064316869513037,0.0,0.6617204439251146,0.5825028468653086,0.2931924631475464,0.3164832194002008,0.40264735274457913,sad,04,23,23,male,strong,2665
10,0.33366666666666667,True,1.0,0.6486950059911576,0.5963027109421215,0.6224988584666395,0.5275041575075392,-0.06722222222222218,-0.06643518518518515,0.34076529537046035,0.18316116580122924,0.20626331633148565,1.1800833218224307,0.052392295049036086,0.0007870370370370305,0.009793527250530574,0.48755057212363656,0.12731142516236038,0.10756197652438333,0.0,0.7431242986934898,0.5839085474502301,0.29378039956777224,0.31273722446943664,0.3987248717027728,sad,04,23,23,male,strong,2665
20,0.6673333333333333,True,1.0,0.45162977761751316,0.4294411645749383,0.4405354710962257,0.5869713842958832,-0.07000000000000012,-0.06888888888888894,0.32902636717378514,0.21823295057154665,0.20835676951512222,0.7505229094339607,0.022188613042574856,0.0011111111111111738,0.0039375361969560905,0.4500466819602798,0.1259351818194686,0.10917008633577131,0.0,0.8035881188382803,0.5843022167538892,0.29086738430757664,0.3090020412963526,0.39729087850529654,sad,04,23,23,male,strong,2665
30,1.0010000000000001,True,1.0,0.16924479834984907,0.17605127477914023,0.17264803656449465,0.690141809184082,-0.08032407407407416,-0.08013888888888876,0.3356449730146641,0.19067192544440673,0.21893442281683487,0.2501631320794885,0.006806476429291164,0.00018518518518539917,0.009781890466007923,0.40644941769681975,0.12479726685201983,0.11046909050301755,0.0,0.7299007781845387,0.555624371256315,0.30009083233523964,0.3041220777816846,0.3808907709620461,sad,04,23,23,male,strong,2665
40,1.3346666666666667,True,1.0,0.14855023137654608,0.1517260104689041,0.1501381209227251,0.5665939929515684,-0.07587962962962957,-0.0774999999999999,0.34536455801424404,0.06368517643521578,0.22181722823797098,0.2649836087047232,0.0031757790923580276,0.0016203703703703276,0.01982780074773574,0.4923840375270856,0.12583187519542763,0.10928914381203793,0.0,0.7634450999341676,0.5486551333502152,0.2957078600411472,0.29776049360767487,0.36162476110822994,sad,04,23,23,male,strong,2665
50,1.6683333333333334,True,1.0,0.13976503168457408,0.12690861585844504,0.13333682377150957,0.5131871391479977,-0.07509259259259249,-0.07722222222222214,0.3450271983835565,0.11777191775312845,0.22798702480848188,0.2598210547381949,0.012856415826129036,0.002129629629629648,0.018476069278122988,0.5777340083336141,0.12434639817650285,0.11097635347534754,0.0,0.7612652987891644,0.5494955006377551,0.29160338668954355,0.2903936541137018,0.3486261354565548,sad,04,23,23,male,strong,2665
60,2.0020000000000002,True,1.0,0.12737844659473135,0.12210979186089689,0.12474411922781412,0.6166401007944541,-0.07361111111111107,-0.0768981481481481,0.345658698154088,0.03419106903299172,0.22818772143872768,0.20229647580022586,0.005268654733834463,0.0032870370370370328,0.026928434007730543,0.4513088575166019,0.12695930833747052,0.10797736705877277,0.0,0.6948051767741956,0.5342967872383327,0.2918624608845804,0.28595912167747545,0.34310125697480365,sad,04,23,23,male,strong,2665
70,2.3356666666666666,True,1.0,0.14604511909664458,0.12516548347869164,0.13560530128766812,0.6823715704947487,-0.0767592592592593,-0.08064814814814802,0.3341944134790461,0.06955646092868409,0.23081484593453017,0.19872648151116326,0.020879635617952946,0.0038888888888887196,0.03508901001981638,0.40342851323475154,0.12698868302672356,0.10794281890736313,0.0,0.6493646016804349,0.5406732772718462,0.29066845884480874,0.29347969271710644,0.34026273107197536,sad,04,23,23,male,strong,2665
80,2.6693333333333333,True,1.0,0.15809331799715884,0.11065147004038374,0.1343723940187713,0.5420692980487649,-0.07731481481481484,-0.07944444444444443,0.34637883993101526,0.0067698444694281,0.23068788297997123,0.24788785216661186,0.0474418479567751,0.0021296296296295925,0.04261261228249311,0.4917500897823441,0.12599847911590567,0.10909702576553039,0.0,0.7885025585994475,0.539626110162815,0.28967707135868137,0.28571037451269865,0.33095173104129044,sad,04,23,23,male,strong,2665
90,3.003,True,1.0,0.21164021164021163,0.20460056639079496,0.20812038901550328,0.6240563997638412,-0.07421296296296298,-0.07717592592592593,0.33809326370919224,0.05536365323582646,0.2292518780972386,0.3334961216554487,0.007039645249416665,0.002962962962962945,0.053276624303086044,0.4621318379154617,0.1270471122503705,0.10769728451484142,0.0,0.6781119975853509,0.5426313944327731,0.28546127317559755,0.2934075248107217,0.34646784231911854,sad,04,23,23,male,strong,2665
100,3.336666666666667,True,1.0,0.20819937910841135,0.18534452348154584,0.1967719512949786,0.5496776001549273,-0.06935185185185178,-0.07143518518518521,0.3260379102379376,-0.036099774522303195,0.2326943058542095,0.3579770236944678,0.02285485562686551,0.002083333333333437,0.06279351016206187,0.5326112932850227,0.12488538493717648,0.11019670799036181,0.0,0.730020869438768,0.537309669539691,0.28484003549603265,0.2747624604212049,0.3292977135678461,sad,04,23,23,male,strong,2665
110,3.6703333333333332,True,1.0,0.32906855032057125,0.2829942804750833,0.3060314153978273,0.5542797917159576,-0.059259259259259234,-0.06134259259259256,0.32680966951117474,-0.029143897996358067,0.2305955926124705,0.5521244324105794,0.04607426984548796,0.002083333333333326,0.06450750039967153,0.5202458677710814,0.1273445093429518,0.10752280553835801,0.0,0.7071067807446058,0.5399013545105541,0.28184601121797276,0.27915731465256777,0.32277470392031793,sad,04,23,23,male,strong,2665
120,4.0040000000000004,True,1.0,0.19125403850711004,0.1496802276413492,0.17046713307422962,0.5675120508596402,-0.06828703703703709,-0.06986111111111104,0.34050428244036146,-0.03546599658239797,0.22916699958545889,0.3003762348588266,0.04157381086576084,0.00157407407407395,0.06961615011209162,0.5117248071098205,0.12642779350382452,0.10859922099258515,0.0,0.7102562847043162,0.5480737475615246,0.2851852131359165,0.27243243134035205,0.3199350559210541,sad,04,23,23,male,strong,2665
130,4.337666666666666,True,1.0,0.20438827271634136,0.16570626109619616,0.18504726690626877,0.5128299093705143,-0.06023148148148161,-0.06263888888888891,0.3387801519504002,-0.07121768326715637,0.2264296626926589,0.36083555877895185,0.0386820116201452,0.0024074074074073026,0.052496515871242766,0.5426788571658039,0.12769063304929953,0.10675519709613994,0.0,0.6809348971238124,0.542204561988858,0.28510606116918535,0.2771104502556679,0.3229734054973995,sad,04,23,23,male,strong,2665
140,4.671333333333333,True,1.0,0.2658659591584635,0.22691988111742142,0.24639292013794245,0.431948444520217,-0.05837962962962984,-0.05995370370370379,0.34932364626043766,-0.09055492890436656,0.22708635707323643,0.5704220567610129,0.03894607804104208,0.00157407407407395,0.06078690159031417,0.6602466748002479,0.12793509318322882,0.10681942568077497,0.0,0.7753267841129633,0.5347222522915417,0.28040478855358286,0.27007282075796435,0.31820976919287275,sad,04,23,23,male,strong,2665
0,0.0,True,1.0,0.6187836792512387,0.5964024165865034,0.607593047918871,0.5020000555239941,-0.07018518518518518,-0.06828703703703703,0.33516907203802837,0.28037600256534884,0.19378937351945408,1.2103445830990152,0.02238126266473528,0.0018981481481481488,0.007827316060740618,0.5364207761058558,0.1256552313986026,0.10949219420798537,0.0,0.9999999987499999,0.5977288621229742,0.2885562653308519,0.3115711310965825,0.4116137896701355,angry,05,23,23,male,normal,2666
10,0.33366666666666667,True,1.0,0.6340032667107297,0.6064605274202947,0.6202318970655122,0.5012910155436716,-0.06884259259259257,-0.0671296296296296,0.33649149075190204,0.27261209656294316,0.1958524221220791,1.2372691267822626,0.027542739290435048,0.0017129629629629717,0.00850052686126319,0.5364207761058558,0.1242904233813069,0.11103904009822027,0.0,0.7071067807446058,0.5964955712206759,0.28946234142237104,0.3111414975475004,0.41144951453590617,angry,05,23,23,male,normal,2666
20,0.6673333333333333,True,1.0,0.6334754185316666,0.605738015001889,0.6196067167667778,0.5068492278113484,-0.06912037037037039,-0.06662037037037039,0.3395436362962679,0.2750046979676184,0.1965526216138356,1.2224675165084757,0.027737403529777604,0.0025000000000000022,0.012960901801662464,0.5171834808065242,0.1257012206519458,0.10943939371595557,0.0,0.7712147376579016,0.596831122042567,0.2889506523056256,0.31539450811982567,0.41131548786501504,angry,05,23,23,male,normal,2666
30,1.0010000000000001,True,1.0,0.16067481974492673,0.18716075406138635,0.17391778690315654,0.9831577456688703,-0.05560185185185179,-0.05319444444444438,0.35154863306658574,0.4142104216366069,0.19389210073779597,0.17689713341457255,0.026485934316459625,0.0024074074074074137,0.016833384521590364,0.3480822476861808,0.12236274184474079,0.11315978604792712,0.0,0.8126801450065533,0.5737768944374625,0.2960858292819769,0.30009066026353404,0.3824125520327395,angry,05,23,23,male,normal,2666
40,1.3346666666666667,True,1.0,0.3399908002336168,0.3872711653115212,0.363630982772569,0.8902212296604961,-0.04828703703703696,-0.046990740740740666,0.3335577205772834,0.3589454008475929,0.190310252837807,0.40847260282845316,0.04728036507790445,0.0012962962962962954,0.006478083304995784,0.3643191031547509,0.12119785400407392,0.11440654681663343,0.0,0.8420245470511623,0.5639497004114146,0.29115697995405737,0.31301903575311146,0.3922571086813967,angry,05,23,23,male,normal,2666
50,1.6683333333333334,True,1.0,0.42903317563981136,0.4772936057946867,0.45316339071724904,0.9027345895596819,-0.05532407407407408,-0.056574074074074165,0.33899131154391726,0.4436661248945154,0.18376496235903592,0.5019896168355354,0.048260430154875356,0.0012500000000000844,0.006433837023863149,0.34095666401317354,0.12368456277273113,0.11171350277380836,0.0,0.8439717524883111,0.6075506172859769,0.2961676832235786,0.27499277485128826,0.35078344357321994,angry,05,23,23,male,normal,2666
60,2.0020000000000002,True,1.0,0.29189968140311107,0.285733973106289,0.28881682725470004,0.7883595546484283,-0.060277777777777874,-0.0602314814814815,0.31423036525225395,0.36324162323481857,0.19807080072715016,0.36635165458671826,0.006165708296822059,4.629629629637755e-05,0.01705940681376763,0.4085341751169851,0.12504357393220006,0.11019021004000888,0.0,0.6628709110699824,0.5691151234321854,0.2864068542408524,0.3102615696501467,0.39861589951814913,angry,05,23,23,male,normal,2666
70,2.3356666666666666,True,1.0,0.6034082223608837,0.6247590129079491,0.6140836176344164,0.6804696296767703,-0.06041666666666662,-0.058888888888888935,0.3315458333451357,0.3329004238555378,0.20770097624356026,0.9024408891343353,0.021350790547065457,0.0015277777777776835,0.027899897374128412,0.4472677325826196,0.12343206933490679,0.11199241951950652,0.0,0.8569966030246322,0.567461923808586,0.2859291425760444,0.3118130489914522,0.38997211949111427,angry,05,23,23,male,normal,2666
80,2.6693333333333333,True,1.0,0.3199496075252108,0.27437312670948144,0.2971613671173461,0.5843699210170831,-0.07481481481481478,-0.07134259259259251,0.3413527161786682,0.2563356206330433,0.2056182719829848,0.5085158500289393,0.04557648081572935,0.0034722222222222654,0.028833201284413544,0.5030200051070652,0.1264757581740177,0.10854335707278215,0.0,0.7582417649305134,0.580855229169793,0.28607165166459686,0.31622394531461523,0.4021032162101523,angry,05,23,23,male,normal,2666
90,3.003,True,1.0,0.5508279409770697,0.5337741058767163,0.542301023426893,0.5044494507354146,-0.07018518518518524,-0.06648148148148147,0.3500095680485662,0.24474093924620205,0.20359367301714426,1.0750354126390589,0.01705383510035341,0.0037037037037037646,0.030319064331950238,0.5722523382451865,0.1250516103594261,0.11018108965108664,0.0,0.9790590714750468,0.5783768647771608,0.29030880243888896,0.31573668589851284,0.404631932031931,angry,05,23,23,male,normal,2666
0,0.0,True,1.0,0.6128763953904874,0.5608126279163016,0.5868445116533945,0.4696073256120007,-0.06981481481481472,-0.06685185185185183,0.33579026035913956,0.2637875899610323,0.19588942569902665,1.2496493977997642,0.05206376747418584,0.0029629629629628895,0.01641733080834336,0.5754219844463672,0.1261488704122279,0.10892309334658581,0.0,0.7714934345695817,0.5987884497080083,0.2904011552685953,0.31560351651066054,0.4098944523415483,angry,05,23,23,male,normal,2667
10,0.33366666666666667,True,1.0,0.6000544909827816,0.5868494101345711,0.5934519505586764,0.48424247212742616,-0.06893518518518521,-0.06643518518518521,0.3356480503759627,0.2491327238520863,0.19799220734919587,1.2255264350346209,0.013205080848210482,0.0025000000000000022,0.018488573263443556,0.5522568274261876,0.12626311457377593,0.1087906414569824,0.0,0.7834870623093362,0.5996530486725942,0.2900435278504566,0.31798096604742454,0.40832501940104093,angry,05,23,23,male,normal,2667
20,0.6673333333333333,True,1.0,0.6574320575047198,0.6340087571776564,0.6457204073411881,0.4945053972503675,-0.06754629629629633,-0.0640277777777778,0.3379761371574461,0.24711745966437312,0.198657586292484,1.3057904138794678,0.023423300327063412,0.003518518518518532,0.013807525356209115,0.5259004230638481,0.1250869151400461,0.1101410070367184,0.0,0.9158816728135086,0.5982605599192802,0.2904025196793932,0.3152215234155558,0.4081666873668402,angry,05,23,23,male,normal,2667
30,1.0010000000000001,True,1.0,0.1157762759607859,0.1188528260681232,0.11731455101445454,0.9430158854899975,-0.06337962962962967,-0.06009259259259253,0.34230809208931984,0.38704511881197284,0.18961592732921567,0.12440357879390027,0.003076550107337303,0.0032870370370371438,0.005072353407214006,0.362226734221073,0.12132248679725191,0.11427437143618778,0.0,0.9233730036713031,0.5689273712766357,0.2942107475542462,0.3187615311742891,0.4142476260834477,angry,05,23,23,male,normal,2667
40,1.3346666666666667,True,1.0,0.286725084842078,0.3113453010095449,0.29903519292581143,0.9630015095524482,-0.05342592592592588,-0.052083333333333315,0.32788935884144915,0.3629231381918354,0.19378937351945413,0.31052411648325146,0.024620216167466902,0.001342592592592562,0.004605093373596279,0.3377998733039899,0.12218472262737091,0.11335197980785722,0.0,0.904224394458377,0.5632207325586484,0.2915908908901799,0.3018355292619032,0.3865181562369048,angry,05,23,23,male,normal,2667
50,1.6683333333333334,True,1.0,0.48153463226471477,0.48752158852173777,0.4845281103932263,0.9310604733453357,-0.05342592592592599,-0.05189814814814819,0.3347980053397931,0.48005951519933565,0.1812605229973301,0.5204045540160226,0.005986956257023002,0.0015277777777777946,0.004747080854554812,0.33543022202717404,0.129193605210223,0.10511273089516787,0.0,0.6502403817746361,0.5446224396242872,0.24889056194338352,0.32148782775918555,0.35834879482894005,angry,05,23,23,male,normal,2667
60,2.0020000000000002,True,1.0,0.5522543206991977,0.5278060702464329,0.5400301954728153,0.9451167112850678,-0.05550925925925926,-0.05356481481481484,0.29913642987065103,0.4484484484484478,0.19167303544672398,0.5713899553617462,0.024448250452764775,0.0019444444444444153,0.006901620321888653,0.32453636277260534,0.12391854509810252,0.1114539005638522,0.0,0.7746593055349021,0.5684357686746574,0.2895016548687161,0.3152143839778959,0.39247261996266053,angry,05,23,23,male,normal,2667
70,2.3356666666666666,True,1.0,0.561250897734016,0.5218381282453696,0.5415445129896928,0.7239425180500553,-0.06324074074074082,-0.05981481481481482,0.3287050883393465,0.39151993323115225,0.19722841160573593,0.7480490501488254,0.03941276948864647,0.003425925925925999,0.005268143489830079,0.4038536030736079,0.12583266288411402,0.10928823688739042,0.0,0.6192523770341161,0.5802938489380128,0.28953724923320334,0.3125102255940854,0.39757378032700363,angry,05,23,23,male,normal,2667
80,2.6693333333333333,True,1.0,0.27588243734605433,0.2439986093890767,0.2599405233675655,0.5608134371670251,-0.07657407407407413,-0.07601851851851854,0.3327345404825097,0.2803760025653479,0.2048614835286751,0.46350623244811506,0.03188382795697764,0.0005555555555555869,0.004756377638840581,0.5207015490463024,0.12234964788711604,0.11317394325432313,0.0,0.8515267051142279,0.5768402632224765,0.29174113834582577,0.2998950209430732,0.3838131174304756,angry,05,23,23,male,normal,2667
90,3.003,True,1.0,0.620894022403736,0.5785948302307458,0.5997444263172409,0.6937603468081889,-0.06564814814814823,-0.06430555555555556,0.3336194932642355,0.2951326342793134,0.20279132211353695,0.864483577184123,0.042299192172990274,0.001342592592592673,0.0027088041867228485,0.4090166927067903,0.12787429196039507,0.10689220376791969,0.0,0.6662834302107968,0.5515049274319103,0.25283245901417895,0.3050181448174005,0.3509382946728198,angry,05,23,23,male,normal,2667
0,0.0,True,1.0,0.6411160369217199,0.6328554355264301,0.636985736224075,0.49522296721773107,-0.06717592592592586,-0.06379629629629635,0.3393364120845638,0.24003332925551008,0.19657474551182114,1.2862604894978873,0.008260601395289835,0.0033796296296295103,0.0258338994927219,0.5360544966134103,0.12874016495819524,0.10584775716745243,0.0,0.7250063856844965,0.595218236857243,0.2885043965722888,0.32002697857771,0.4097500923255175,angry,05,23,23,male,normal,2668
10,0.33366666666666667,True,1.0,0.6552120437698905,0.6518641297900951,0.6535380867799928,0.49255882519902106,-0.06805555555555559,-0.06449074074074074,0.3402326311632901,0.2315074194479936,0.19658367199368723,1.3268224085030396,0.0033479139797953916,0.003564814814814854,0.026137329107233234,0.5197626411236969,0.12746661440830664,0.10737802373816616,0.0,0.9205934992065933,0.5977939732768106,0.28952887192762994,0.31937985599434404,0.4096876242173559,angry,05,23,23,male,normal,2668
20,0.6673333333333333,True,1.0,0.6369002520314608,0.6030799822045995,0.6199901171180302,0.5157332651908263,-0.0662962962962963,-0.06300925925925921,0.33386079166539945,0.24998300059189799,0.19935186884018485,1.2021526610051572,0.03382026982686137,0.0032870370370370883,0.025675392453192683,0.5257458692839647,0.12649814941261603,0.10851726114174864,0.0,0.913899921551829,0.5976600854013481,0.2891054792898891,0.31903289159102005,0.411786275929225,angry,05,23,23,male,normal,2668
30,1.0010000000000001,True,1.0,0.262558273856203,0.26976324756056697,0.266160760708385,1.040228482491513,-0.055833333333333346,-0.05120370370370364,0.3208105831670906,0.3977208125964305,0.19033550738708577,0.2558675956179239,0.0072049737043639595,0.004629629629629706,0.03189269653713983,0.31570042473512766,0.1252850393048153,0.10991558896148161,0.0,0.7512890308525605,0.565840571783401,0.29029218447958904,0.3254202441121466,0.4123544932562817,angry,05,23,23,male,normal,2668
40,1.3346666666666667,True,1.0,0.39827641525053376,0.4439793577388368,0.42112788649468524,0.7546226186211504,-0.0555092592592592,-0.05490740740740735,0.35405765396673,0.3635148608094608,0.193759844129958,0.5580642245579278,0.04570294248830303,0.0006018518518518534,0.004352535194503689,0.4329042568399755,0.12543997862556105,0.1097387330571176,0.0,0.6947125631054237,0.5779826587978942,0.2922530949851265,0.3169496483860627,0.39737766946314773,angry,05,23,23,male,normal,2668
50,1.6683333333333334,True,1.0,0.5274394326590394,0.5389332854944224,0.533186359076731,0.8360385725924186,-0.05476851851851855,-0.053796296296296287,0.3467453512380979,0.4249115894743374,0.18959339380643883,0.6377533005724932,0.011493852835383067,0.0009722222222222632,0.005558115023327474,0.3596784416087742,0.12441513093689148,0.11089929199060304,0.0,0.9999999987499999,0.5966791000306372,0.2905661105320356,0.31415505974497304,0.3946788424178409,angry,05,23,23,male,normal,2668
60,2.0020000000000002,True,1.0,0.45819408154386915,0.49019124150904747,0.47419266152645834,0.813190247104411,-0.05805555555555564,-0.056157407407407434,0.32245561391686334,0.4065951235522055,0.19728758777933098,0.5831263510783025,0.03199715996517832,0.0018981481481482043,0.01691294948567562,0.39626627828506805,0.12776389251731216,0.10702413531359196,0.0,0.7563835924260736,0.5717622683995472,0.289918893667866,0.31340383830681506,0.39250729252457484,angry,05,23,23,male,normal,2668
70,2.3356666666666666,True,1.0,0.58486422747231,0.5693346776385496,0.5770994525554298,0.6993937612276552,-0.06310185185185191,-0.06064814814814817,0.32412186522164493,0.37199131795415263,0.2013892677274334,0.825142408394435,0.015529549833760425,0.0024537037037037357,0.017368343934533185,0.43552234403809864,0.12585314899293465,0.10926464505480987,0.0,0.8837592452770532,0.5802608282062826,0.2904671038718696,0.3165775575720311,0.402827956965327,angry,05,23,23,male,normal,2668
80,2.6693333333333333,True,1.0,0.25621783417106203,0.24122965780309438,0.2487237459870782,0.6129159064675563,-0.07893518518518516,-0.07624999999999998,0.3330156337989964,0.30643047246015925,0.19792013600303554,0.40580403178073493,0.014988176367967648,0.0026851851851851793,0.016824364997262125,0.49141501196086135,0.12511322024097776,0.1101111251926497,0.0,0.9532649219190051,0.5931828400735294,0.2891835377496034,0.31241418247828767,0.40047139915848085,angry,05,23,23,male,normal,2668
90,3.003,True,1.0,0.5704103986060579,0.589064465031126,0.5797374318185919,0.6488417544396036,-0.06791666666666663,-0.06574074074074066,0.3312108957850123,0.3316856799294456,0.19727791968317587,0.8934958760773709,0.01865406642506806,0.00217592592592597,0.02490018660869671,0.4272095091089916,0.12538488492516542,0.10980167759422808,0.0,0.759416954895273,0.5931424344034489,0.28734657939642233,0.3179285670956205,0.41010581642680666,angry,05,23,23,male,normal,2668
0,0.0,True,1.0,0.5224996958835944,0.5068494412821973,0.5146745685828958,0.5376033700442517,-0.06990740740740736,-0.06736111111111115,0.3235736495477438,0.29124065164175383,0.1910121683285029,0.9573499670222146,0.015650254601397018,0.0025462962962962132,0.01969484801378558,0.5044924191558512,0.12655249181024386,0.10845388230511134,0.0,0.7510015100016844,0.6008224127541641,0.2869047248886171,0.31788573099243245,0.4202688735584433,angry,05,23,23,male,normal,2669
10,0.33366666666666667,True,1.0,0.5522370645186105,0.5413729653815341,0.5468050149500723,0.508865276544891,-0.0699999999999999,-0.06740740740740753,0.3316533097757505,0.2840162863374681,0.19102055594950887,1.074557530556586,0.010864099137076422,0.0025925925925923687,0.023118537374658514,0.5360544966134115,0.12566342208547873,0.109308637226824,0.0,0.8057682729489581,0.6004369701943277,0.28775989147475656,0.3182283218812507,0.4202247688898177,angry,05,23,23,male,normal,2669
20,0.6673333333333333,True,1.0,0.5951300362754375,0.5848642274723101,0.5899971318738738,0.5304086952653343,-0.0696296296296296,-0.06560185185185186,0.33676844496781333,0.29409764775517366,0.18892160269492644,1.112344381116774,0.01026580880312733,0.004027777777777741,0.017122230141823097,0.5059097356386032,0.12725622025295105,0.10762728361108838,0.0,0.827206570688565,0.6011217848545669,0.28990000145793593,0.31218558942156566,0.4116286213837161,angry,05,23,23,male,normal,2669
30,1.0010000000000001,True,1.0,0.20798469631597866,0.21971415458246984,0.21384942544922425,0.9973830446227547,-0.05884259259259256,-0.05736111111111114,0.3267408526996736,0.46026170401506966,0.1834535609125692,0.2144105282340243,0.011729458266491188,0.001481481481481417,0.03006961048170808,0.3405901914196594,0.12304509694365348,0.11241744476836711,0.0,0.7496256979210889,0.5911848729726267,0.2942538755698719,0.312547459229251,0.3992823093844599,angry,05,23,23,male,normal,2669
40,1.3346666666666667,True,1.0,0.42240119966420675,0.4437154076627243,0.43305830366346554,0.7146062630678752,-0.05560185185185185,-0.05495370370370373,0.35717317036236346,0.3363747517424605,0.18753295608809836,0.6060096672037318,0.021314207998517576,0.0006481481481481199,0.012955615465676236,0.4497102411080223,0.12426067475643432,0.1110723299438561,0.0,0.9999999987499999,0.5943646307429223,0.2894556030071983,0.320809163213253,0.4078369169113501,angry,05,23,23,male,normal,2669
50,1.6683333333333334,True,1.0,0.5562014516041954,0.5413729653815341,0.5487872084928648,0.8589140336694762,-0.059537037037037055,-0.058796296296296346,0.3285716259576788,0.4219732142812649,0.18891473730410502,0.6389314727439264,0.014828486222661308,0.0007407407407407085,0.00938702253247863,0.35288217785691584,0.12586619461254953,0.10924961704278377,0.0,0.9999999987499999,0.6007785306310024,0.2891431050424749,0.31909260888902413,0.40514398913439376,angry,05,23,23,male,normal,2669
60,2.0020000000000002,True,1.0,0.4296673347953435,0.42177177553297784,0.4257195551641607,0.9134726812825552,-0.062361111111111145,-0.06217592592592591,0.30907884560762094,0.4409038796534668,0.1916989064398953,0.4660451964107257,0.007895559262365681,0.00018518518518523264,0.00808735637024134,0.33371075206560663,0.1303924106621788,0.10380557312943582,0.0,0.6225173892742819,0.537655845697654,0.2515328152659752,0.31521130444699974,0.35836865439946874,angry,05,23,23,male,normal,2669
70,2.3356666666666666,True,1.0,0.545344689600371,0.5213337003726306,0.5333391949865007,0.7403901051330506,-0.06375000000000003,-0.062361111111111145,0.32963784433267673,0.3919473930609161,0.19793555454007006,0.7203488961952805,0.024010989227740365,0.001388888888888884,0.012316760176774145,0.40136806041606565,0.12544681987413103,0.10973091248020549,0.0,0.7071067807446058,0.5769663709155538,0.288039077262816,0.32141474419967064,0.4035108638410371,angry,05,23,23,male,normal,2669
80,2.6693333333333333,True,1.0,0.2424280554786346,0.2493900778431044,0.2459090666608695,0.614962178180103,-0.07569444444444445,-0.07407407407407407,0.3349011098124557,0.3360552289550258,0.19653748277500965,0.3998767328888485,0.0069620223644698,0.0016203703703703831,0.006026480351986699,0.47602941374031316,0.12510132454520223,0.11012464014582118,0.0,0.7637117215179653,0.5792034299266583,0.29076222089217985,0.3141484136993728,0.40217257365883136,angry,05,23,23,male,normal,2669
90,3.003,True,1.0,0.5667260304831193,0.5275742775667124,0.5471501540249158,0.6547582175853579,-0.06777777777777783,-0.0672685185185185,0.3263785704278143,0.3422320125178203,0.19654175282197442,0.8356522137938441,0.039151752916406934,0.0005092592592593204,0.0009168517187434246,0.4369936284314447,0.12493952016844248,0.11030817771201398,0.0,0.9119937600952783,0.5953292856204982,0.28846189793005983,0.31380910949790713,0.40591773224411665,angry,05,23,23,male,normal,2669
0,0.0,True,1.0,0.6046468162209563,0.5548046480937731,0.5797257321573647,0.5197582448005241,-0.06828703703703703,-0.06685185185185183,0.34965440875815457,0.231677015491662,0.18959782024548774,1.115375730845511,0.04984216812718323,0.001435185185185206,0.00036322140760477556,0.4929691423627313,0.12569483126056602,0.10944673208769222,0.0,0.8407325403791598,0.6063824658691603,0.28714506799621514,0.31088999855642835,0.42041973990980397,angry,05,23,23,male,strong,2670
10,0.33366666666666667,True,1.0,0.6334754185316666,0.5924683349045162,0.6129718767180914,0.505538824694017,-0.06967592592592592,-0.06754629629629638,0.34852887693931806,0.231677015491662,0.1923805444283331,1.212511970943279,0.04100708362715033,0.002129629629629537,0.0035011293545721034,0.5185459607658373,0.12734934175773968,0.1075170820120209,0.0,0.7547230382002313,0.6080743784545068,0.2872148263951411,0.316573071608721,0.4209991456260531,angry,05,23,23,male,strong,2670
20,0.6673333333333333,True,1.0,0.6203340375748588,0.5692248784272427,0.5947794580010508,0.5580206243606313,-0.06902777777777774,-0.06787037037037041,0.35098888032091485,0.3068810014399399,0.1937818931663653,1.0658736111815528,0.05110915914761616,0.0011574074074073293,0.0013535218108824479,0.4806847439205088,0.1259808613676616,0.10911736955834567,0.0,0.8025832262104435,0.6064176586884754,0.28824167273137347,0.3166252635904679,0.42092539202719503,angry,05,23,23,male,strong,2670
30,1.0010000000000001,True,1.0,0.42792732880970524,0.4365711153007299,0.43224922205521754,1.2663779909751,-0.05587962962962961,-0.05138888888888887,0.3562103607340786,0.5649388442493433,0.18547590930907384,0.3413271749317038,0.008643786491024652,0.00449074074074074,0.00831952448086637,0.27231005166253025,0.12126535551122683,0.11433499605288056,0.0,0.9308399638800323,0.5882509127635429,0.2944465029336642,0.33770675877088785,0.43094250848042104,angry,05,23,23,male,strong,2670
40,1.3346666666666667,True,1.0,0.4936683893559657,0.47579362407303916,0.4847310067145024,1.0536744329292986,-0.05810185185185174,-0.05523148148148155,0.31966108053558273,0.5643955618229652,0.18473254743001213,0.460038690857205,0.01787476528292653,0.00287037037037019,0.011999493016074135,0.30565165800321975,0.1250346392509214,0.11020034826380429,0.0,0.8832165948118809,0.5874792338497901,0.2856910173460793,0.3306847662406422,0.4134000818864101,angry,05,23,23,male,strong,2670
50,1.6683333333333334,True,1.0,0.4587570999931139,0.45410361222169127,0.45643035610740257,0.5515597301097318,-0.057731481481481495,-0.055462962962962936,0.34402815904057815,0.36736275443974264,0.17996966908377496,0.8275266144187078,0.00465348777142266,0.0022685185185185586,0.008108370068019611,0.5146400043618254,0.12632917710481603,0.10871392175101267,0.0,0.7449763374019948,0.5961406405609119,0.28276221582423217,0.32263906141452287,0.41306564214502395,angry,05,23,23,male,strong,2670
60,2.0020000000000002,True,1.0,0.5361643081706443,0.5067147827650936,0.521439545467869,1.7093579263521528,-0.05810185185185185,-0.054490740740740784,0.2570899062869943,0.9685604924333292,0.18543682774578085,0.3050499473686266,0.02944952540555068,0.003611111111111065,0.018589413448430635,0.1878142571721431,0.12168540727780691,0.11388783703872554,0.0,0.8090692631517367,0.5906455564335109,0.2865322993343966,0.30855207577088317,0.39535553195687034,angry,05,23,23,male,strong,2670
70,2.3356666666666666,True,1.0,0.6296847056372435,0.5905863804267014,0.6101355430319725,0.9786932851586889,-0.060185185185185286,-0.05986111111111109,0.32092219127830995,0.4290551052432834,0.18757973565010294,0.6234185441795923,0.03909832521054213,0.00032407407407419875,0.0106326604803615,0.29579094351841795,0.12609956194983607,0.10898017363930211,0.0,0.9999999987499999,0.5941613781684549,0.28510940897240894,0.3184000383074087,0.40196661268578643,angry,05,23,23,male,strong,2670
80,2.6693333333333333,True,1.0,0.5452778847424665,0.4986562979043002,0.5219670913233834,0.6582191235247495,-0.06555555555555553,-0.06430555555555562,0.33749006313840596,0.30040151413452054,0.18896803849392496,0.7929989765843639,0.04662158683816631,0.0012499999999999178,0.014635286991737557,0.40864653787275684,0.12787217906674317,0.10689473135422131,0.0,0.7484687353481164,0.5946093578056224,0.28541789680021995,0.31909451157113616,0.4093899598979891,angry,05,23,23,male,strong,2670
90,3.003,True,1.0,0.6004323920231643,0.5573143408668462,0.5788733664450052,0.5506927083075746,-0.06657407407407406,-0.06481481481481483,0.3424754243826493,0.26098183401222,0.18896803849392496,1.051173109271843,0.04311805115631817,0.0017592592592592382,0.010491951812118278,0.4864316837236617,0.12524600280348389,0.10996006798846658,0.0,0.899985652750891,0.59904673853135,0.2878172006233226,0.3125407608581557,0.4124761546964261,angry,05,23,23,male,strong,2670
100,3.336666666666667,True,1.0,0.31780205115780963,0.27762283448345554,0.2977124428206326,0.48173796377869826,-0.07476851851851851,-0.07152777777777769,0.35248552899068364,0.247623068294438,0.18964127434192107,0.6179966396781557,0.04017921667435409,0.0032407407407408217,0.006928678268109728,0.5528249016401554,0.1270656100215105,0.1078522532003967,0.0,0.6940138002470486,0.5997489811080683,0.2859685697730032,0.3114080314479541,0.4017696876738927,angry,05,23,23,male,strong,2670
0,0.0,True,1.0,0.6320983274081773,0.5952587867392286,0.6136785570737029,0.5278327221292125,-0.06879629629629636,-0.06675925925925924,0.33554605941046556,0.3077521882878708,0.19030343754396392,1.1626383347326381,0.03683954066894868,0.002037037037037115,0.009324175531774904,0.5066495504169222,0.12981418122686214,0.10452777680253605,0.0,0.8427929645761513,0.603122162951118,0.2864152543171597,0.31977522516632684,0.4189222606309096,angry,05,23,23,male,strong,2671
10,0.33366666666666667,True,1.0,0.6064940743851127,0.574938546473714,0.5907163104294133,0.49955840653707584,-0.06986111111111115,-0.06680555555555556,0.3326077668063644,0.301039584651763,0.1875146478653401,1.1824769690580155,0.031555527911398706,0.003055555555555589,0.014210728639419247,0.532378361480978,0.12754681892589367,0.1072827420999182,0.0,0.8412820563940592,0.603409208964836,0.28796793426204864,0.31792281195785604,0.41869465183651794,angry,05,23,23,male,strong,2671
20,0.6673333333333333,True,1.0,0.6187836792512376,0.5824352060364909,0.6006094426438642,0.5302081140223142,-0.06962962962962954,-0.06694444444444442,0.3334861853712952,0.32366068055049424,0.188214307974696,1.1327805568410956,0.03634847321474666,0.002685185185185124,0.006499117414020559,0.4909521050102468,0.1267029982955834,0.10827801251096518,0.0,0.9046527338690645,0.6027451091921143,0.28805834283064136,0.31525263885936833,0.4202969856653647,angry,05,23,23,male,strong,2671
30,1.0010000000000001,True,1.0,0.3374468146491731,0.3603113162122437,0.3488790654307084,1.1891412227654374,-0.057083333333333264,-0.05236111111111108,0.37867375892030075,0.5104693341278262,0.1778395651362625,0.29338741164767956,0.022864501563070627,0.004722222222222183,0.0006541773832709636,0.2891597125176557,0.12451023051818014,0.1107925099746841,0.0,0.8249622045712938,0.5931092329822554,0.29121407186744636,0.33300285876096114,0.42620993395300366,angry,05,23,23,male,strong,2671
40,1.3346666666666667,True,1.0,0.5924922866949548,0.5342442490084379,0.5633682678516964,1.6259472899988077,-0.060740740740740706,-0.05680555555555561,0.28865231244713463,0.7878168839472194,0.1861373452695948,0.3464861815121384,0.058248037686516874,0.003935185185185097,0.006275894030594398,0.20296050497223916,0.12565285609497526,0.1094949200898818,0.0,0.6747565990594957,0.5889341687456232,0.28860020544894516,0.3320584802608929,0.4161703613359613,angry,05,23,23,male,strong,2671
50,1.6683333333333334,True,1.0,0.49928694428496495,0.46330887673422283,0.4812979105095939,1.010089112752838,-0.05638888888888888,-0.05388888888888893,0.3508193033682922,0.4358086218810756,0.18132112357228442,0.476490543688658,0.03597806755074212,0.0024999999999999467,0.0021934274321699825,0.305432098318399,0.12500591186123874,0.11023293414344422,0.0,0.9153430597742072,0.5963079172528387,0.2870589919471097,0.3179598350027877,0.40336542698305017,angry,05,23,23,male,strong,2671
60,2.0020000000000002,True,1.0,0.5798724639853642,0.5123506322487107,0.5461115481170374,1.4166125564974041,-0.05972222222222223,-0.056574074074074165,0.2696118674663949,0.6007002242144175,0.19106208921678955,0.3855052290848716,0.06752183173665349,0.0031481481481480666,0.01041225994876744,0.1926582328954295,0.13337347995154417,0.0999464487468876,0.0,0.6231086127727548,0.530598795713598,0.24766320664357072,0.31320817812461527,0.3522263880350305,angry,05,23,23,male,strong,2671
70,2.3356666666666666,True,1.0,0.604093946415031,0.5675816972443677,0.5858378218296993,0.7309492288569484,-0.06560185185185186,-0.06324074074074071,0.33067982400963436,0.40192035265477133,0.19031786964211186,0.8014753948722637,0.03651224917066331,0.002361111111111147,0.011902068692220866,0.3844885048327336,0.1271365679329619,0.10776859869555785,0.0,0.8529288506783594,0.5954828187134229,0.2877623255014901,0.32170495646763536,0.41047268860587754,angry,05,23,23,male,strong,2671
80,2.6693333333333333,True,1.0,0.23053356457744847,0.20471558927812755,0.21762457692778803,0.5654655298041901,-0.07837962962962963,-0.07634259259259257,0.3427001784023211,0.3108831089994762,0.19241821567656017,0.38485913898791896,0.025817975299320922,0.0020370370370370594,0.013476289794248964,0.48378030515059645,0.12510435122908495,0.11012120174562613,0.0,0.7514042596481919,0.5972160807526136,0.28755127251942686,0.3103854295886453,0.4006538574401917,angry,05,23,23,male,strong,2671
90,3.003,True,1.0,0.5444827866917471,0.52569375078804,0.5350882687398936,0.6146301821902204,-0.0712962962962963,-0.06805555555555559,0.3396112545211203,0.3354436386126804,0.191744669646052,0.8705857347146848,0.018789035903707063,0.0032407407407407107,0.01921072308746786,0.4495910833804241,0.12781406684865038,0.10696420936995857,0.0,0.7302400171763287,0.5992558918567427,0.2864191891084662,0.321066136170322,0.4192457483301304,angry,05,23,23,male,strong,2671
0,0.0,True,1.0,0.572468820600054,0.5493902926761316,0.5609295566380927,0.5103950180997613,-0.07074074074074072,-0.06856481481481486,0.3464543692725097,0.2692437138650693,0.19169214051731784,1.099010642240348,0.0230785279239224,0.002175925925925859,0.00033860885100455297,0.5028314888437672,0.1290966719355094,0.10541265135592998,0.0,0.8749472443613012,0.6037927031984669,0.2873945008373647,0.31501394874711397,0.41542888353098817,angry,05,23,23,male,strong,2672
10,0.33366666666666667,True,1.0,0.5960754531324114,0.568567701130859,0.5823215771316352,0.5049777558472435,-0.07092592592592595,-0.06976851851851851,0.35103837004246496,0.25236568256233616,0.19240076885751717,1.1531628282410689,0.02750775200155242,0.0011574074074074403,0.0025504399697090716,0.5183562141128677,0.12681901815264757,0.10814210283364709,0.0,0.890052214214093,0.6031340947629051,0.28715847693182267,0.3123042831776918,0.4166792524524111,angry,05,23,23,male,strong,2672
20,0.6673333333333333,True,1.0,0.5904992613384038,0.5870704193967341,0.588784840367569,0.5807202158654081,-0.07124999999999992,-0.07041666666666668,0.3390913847646257,0.30484797238071276,0.1910045792111657,1.0138872804525028,0.0034288419416697025,0.0008333333333332416,0.0005006450165470324,0.45272449510103646,0.12730330615243327,0.10757158552905297,0.0,0.9443728101570341,0.6002268584152411,0.2884365405302387,0.31582471921466626,0.4178583738558494,angry,05,23,23,male,strong,2672
30,1.0010000000000001,True,1.0,0.47194599699694906,0.4801948559116301,0.47607042645428954,1.9216652176023785,-0.05444444444444446,-0.049212962962963014,0.2689464017735854,0.852047109160617,0.1888892927975793,0.24773848331827156,0.008248858914681023,0.005231481481481448,0.01472647617399045,0.1857285170323116,0.12203932710827183,0.1135085036856139,0.0,0.8103942362292985,0.5473471117040568,0.2930275115143698,0.3085059530284015,0.3773390104993459,angry,05,23,23,male,strong,2672
40,1.3346666666666667,True,1.0,0.407322331710111,0.4300819154920506,0.41870212360108083,0.8952839619003462,-0.04995370370370372,-0.04662037037037042,0.3585815964414422,0.3607733599043171,0.1854183125512156,0.46767521972842674,0.022759583781939596,0.0033333333333332993,0.002950090306213415,0.36130313283523746,0.12607000235576502,0.10901436729295341,0.0,0.7673097672559228,0.5640204190816952,0.287154273188291,0.3408738578774836,0.42331324882377086,angry,05,23,23,male,strong,2672
50,1.6683333333333334,True,1.0,0.4511393634227249,0.42810900569336063,0.43962418455804275,0.9231868325216687,-0.054537037037037106,-0.053981481481481464,0.3683052807911914,0.35102698623689005,0.1847486536019033,0.4762028324832331,0.023030357729364292,0.0005555555555556424,0.00686137407672225,0.32751949986483747,0.12637293032884306,0.1086630583528294,0.0,0.7001315796688795,0.5679362008240796,0.28745663747997635,0.32230625220875175,0.40226153974885137,angry,05,23,23,male,strong,2672
60,2.0020000000000002,True,1.0,0.5730991550070895,0.5590234056067919,0.5660612803069407,1.2846447028188375,-0.05546296296296288,-0.053240740740740755,0.2653132961772312,0.5789766257350026,0.18820457916060043,0.44063644917918404,0.014075749400297655,0.0022222222222221255,0.009828142788523517,0.23933199922760162,0.12787346167088715,0.10689319702880584,0.0,0.6304035893686136,0.5635300132318554,0.28544703631969887,0.3202341170977927,0.3983649586150275,angry,05,23,23,male,strong,2672
70,2.3356666666666666,True,1.0,0.6315725237291803,0.5686721529994043,0.6001223383642923,0.6659999328323335,-0.060185185185185286,-0.05726851851851855,0.3324766491318383,0.3039525609115769,0.1916861703873071,0.9010846830150867,0.06290037072977595,0.002916666666666734,0.0071128357744721,0.41790310133240605,0.12686863971316784,0.10808388421854301,0.0,0.6574313563919718,0.573873882638993,0.2870808531602133,0.31815360517431956,0.4016801067953773,angry,05,23,23,male,strong,2672
80,2.6693333333333333,True,1.0,0.24539817612121548,0.23731660525107715,0.2413573906861463,0.564508181540182,-0.07375000000000004,-0.0723611111111111,0.3406288591238196,0.2468747078493987,0.19516390952681315,0.42755339706084733,0.008081570870138333,0.0013888888888889395,0.014362114254942607,0.49767219963568426,0.1276876874050971,0.1071150421541094,0.0,0.7070093115111924,0.5874881712841387,0.288080242352257,0.3151689555871484,0.39626423691834084,angry,05,23,23,male,strong,2672
90,3.003,True,1.0,0.6193365490571642,0.5624735547487894,0.5909050519029768,0.5144073830288004,-0.06611111111111112,-0.06365740740740744,0.34923929689348704,0.27082506853425514,0.18961592732921567,1.1487102856567935,0.056862994308374826,0.00245370370370368,0.007730065693820574,0.5191708793463998,0.12698319235287142,0.10794927804459012,0.0,0.7029795114790026,0.590568330832333,0.28732592086163866,0.3163550401276125,0.4077153811939048,angry,05,23,23,male,strong,2672
0,0.0,True,1.0,0.604093946415031,0.5624735547487894,0.5832837505819102,0.5019043965608116,-0.06902777777777769,-0.0672685185185184,0.3433244830501849,0.2938208318672144,0.18753295608809836,1.1621411459607298,0.04162039166624165,0.0017592592592592937,0.004666568405159193,0.5211105188265149,0.12700594864073844,0.10792250358655406,0.0,0.829701527026053,0.6022582008115747,0.28828563756174724,0.3170763647656209,0.4234939407943067,angry,05,23,23,male,strong,2673
10,0.33366666666666667,True,1.0,0.584319432545218,0.5775641538390105,0.5809417931921143,0.49639703942691554,-0.06800925925925916,-0.06708333333333333,0.33801300836946,0.30643047246015964,0.1875146478653401,1.170316796939008,0.006755278706207513,0.0009259259259258301,0.007508165407579291,0.5323783614809791,0.12743497579644647,0.10741557016703268,0.0,0.7479498681812797,0.6033688076636905,0.2889315207315582,0.3195213224743042,0.428550798979924,angry,05,23,23,male,strong,2673
20,0.6673333333333333,True,1.0,0.5855304624361075,0.5856507938530368,0.5855906281445722,0.49150853331571204,-0.06884259259259262,-0.06685185185185183,0.34223554738897705,0.296188639378202,0.18822038822814358,1.191414977465769,0.00012033141692924243,0.001990740740740793,0.01059463615932823,0.5364207761058541,0.12721356571631076,0.10767769717208325,0.0,0.8010415218255177,0.6040593918739371,0.28947525528934315,0.3198079446261453,0.42795103511212773,angry,05,23,23,male,strong,2673
30,1.0010000000000001,True,1.0,0.47239053534044884,0.45817029074708987,0.4652804130437693,1.8508060913094846,-0.054259259259259285,-0.04805555555555546,0.26731751194495884,0.797116994093385,0.19103972627181356,0.25139338757771945,0.014220244593358966,0.006203703703703822,0.021902977670220248,0.18378427849997778,0.12031536703180142,0.11533425434686355,0.0,0.6743844339852818,0.5555634191176471,0.29555465248512636,0.30365708596829816,0.37968059437854534,angry,05,23,23,male,strong,2673
40,1.3346666666666667,True,1.0,0.5050272875402513,0.4940824047718743,0.4995548461560628,1.0154546086232406,-0.05171296296296296,-0.0492129629629629,0.32384870601640325,0.4479793536051203,0.18891473730410502,0.49195192174405733,0.010944882768376962,0.0025000000000000577,0.010569799165402263,0.3311976578744253,0.12702714663887987,0.10789755227638805,0.0,0.6716404277582564,0.5674510008300195,0.28941045717394437,0.33747377607817247,0.4197124674579999,angry,05,23,23,male,strong,2673
50,1.6683333333333334,True,1.0,0.5508251392914194,0.5446983408630962,0.5477617400772579,0.7745911702040018,-0.055972222222222257,-0.053009259259259256,0.34593519489583735,0.3238522029809158,0.18827388599143427,0.7071623859758115,0.006126798428323199,0.0029629629629630005,0.01205805905005504,0.38525394069329033,0.1265437572517706,0.10846407364208897,0.0,0.6539555968639092,0.5756950170146183,0.28763415451247315,0.32082029405182355,0.4074395450298863,angry,05,23,23,male,strong,2673
60,2.0020000000000002,True,1.0,0.6334415224583717,0.5692248784272427,0.6013332004428071,1.5289918722012157,-0.05888888888888888,-0.05472222222222223,0.2549459046411261,0.6784901432892898,0.19729802879105024,0.3932873754110261,0.06421664403112903,0.004166666666666652,0.014281594548213093,0.18984375000000012,0.12407338669053017,0.11128150109204583,0.0,0.6712849725248671,0.570292699829932,0.28818975879876635,0.3170964793017915,0.40547224392447934,angry,05,23,23,male,strong,2673
70,2.3356666666666666,True,1.0,0.6467082368612302,0.6247590129079491,0.6357336248845897,0.7802465484409579,-0.059027777777777846,-0.05777777777777782,0.3358669446023231,0.3539815446227289,0.19519518081407675,0.8147855650946163,0.02194922395328114,0.0012500000000000289,0.0071032826461897266,0.36181043646046074,0.1269453266845412,0.10799380446795463,0.0,0.7418198887707806,0.5797506728081857,0.2884795123518579,0.32194520037621216,0.41155811456777913,angry,05,23,23,male,strong,2673
80,2.6693333333333333,True,1.0,0.5747168029646842,0.5261851474404934,0.5504509752025888,0.6316649586446235,-0.06671296296296297,-0.06412037037037038,0.3282229155052223,0.3157244424396541,0.19586488726564827,0.8714287023039917,0.04853165552419081,0.002592592592592591,0.012161363466467567,0.43713789530156844,0.12692722204360504,0.10801508262671637,0.0,0.7333242523181229,0.5937386900228842,0.2887856639192852,0.3179346674416547,0.4095593576884246,angry,05,23,23,male,strong,2673
90,3.003,True,1.0,0.6174884179551265,0.5964071628106657,0.6069477903828961,0.5732453238872207,-0.06782407407407415,-0.06513888888888891,0.331576977020334,0.3010395846517634,0.19518619083212763,1.058792396712696,0.021081255144460798,0.002685185185185235,0.013551381623240634,0.4816867736229238,0.1254958683763578,0.10967481383913091,0.0,0.8672628092973592,0.5969563347292043,0.2876444030003217,0.3149585027644565,0.41241749916696985,angry,05,23,23,male,strong,2673
0,0.0,True,1.0,0.6291327700363855,0.6059454029012867,0.6175390864688362,0.4803253772666664,-0.06736111111111115,-0.06523148148148145,0.345471780395281,0.26165378082110086,0.19376929402420967,1.2856682484340018,0.023187367135098724,0.0021296296296297035,0.01702993048648929,0.5580311409427572,0.1263370172228876,0.10870481060968773,0.0,0.7000237017902425,0.599006611371111,0.2928790015006198,0.31509407935617606,0.4110785135789489,fearful,06,23,23,male,normal,2674
10,0.33366666666666667,True,1.0,0.6582193755888184,0.614321826644466,0.6362706011166421,0.47926321363066,-0.06745370370370368,-0.06453703703703706,0.34306391647514395,0.2683272630405902,0.19169214051731778,1.3276015830561503,0.04389754894435238,0.002916666666666623,0.019757484366945254,0.5522568274261865,0.12792908946792508,0.10682661577780038,0.0,0.7267243046779215,0.59698506265006,0.2919709482163442,0.3193766822980393,0.41071528463868356,fearful,06,23,23,male,normal,2674
20,0.6673333333333333,True,1.0,0.5964130838988713,0.5473113329741216,0.5718622084364964,0.5760431238248674,-0.06648148148148142,-0.06402777777777768,0.3476147237186685,0.23740661611071873,0.1965836719936873,0.9927420097290456,0.049101750924749665,0.0024537037037037357,0.022618480074236454,0.49742653457141894,0.125594036733828,0.10956238271993511,0.0,0.6841223017529603,0.5744285604007228,0.2956500539932212,0.31349608523777145,0.40388697210983016,fearful,06,23,23,male,normal,2674
30,1.0010000000000001,True,1.0,0.5185706377842537,0.5094189266370795,0.5139947822106666,0.822007300823579,-0.0639351851851852,-0.062361111111111145,0.34666113813592064,0.33280435692417676,0.2035355805984915,0.6252922348690688,0.009151711147174169,0.001574074074074061,0.015431561840345182,0.3526832757545208,0.12582393521215032,0.1092982849733297,0.0,0.7441247572069298,0.5506993352653561,0.29716836694780935,0.31219252151694943,0.3878777220981896,fearful,06,23,23,male,normal,2674
40,1.3346666666666667,True,1.0,0.5823053451296784,0.5868494101345729,0.5845773776321257,0.6771885498743778,-0.06152777777777785,-0.05856481481481485,0.35041204303106505,0.3033032125006893,0.20763925632428698,0.8632416743321605,0.004544065004894571,0.0029629629629630005,0.017765257323439827,0.4645345771288191,0.12687423642979642,0.1080773144603626,0.0,0.6908342393053257,0.5431751873718237,0.30186736076202797,0.3059627547412074,0.36917328106047637,fearful,06,23,23,male,normal,2674
50,1.6683333333333334,True,1.0,0.33182604704208724,0.3559486887849608,0.34388736791352403,0.9353016044814139,-0.05782407407407408,-0.05944444444444452,0.34805998641502356,0.3826094881240456,0.20555704018912999,0.36767537473026723,0.02412264174287354,0.0016203703703704386,0.01807011068212669,0.3608159029969158,0.12673033922940283,0.10824601096228462,0.0,0.6875164643684493,0.5175129853269433,0.2977265112330118,0.3106507879206073,0.3870314123753273,fearful,06,23,23,male,normal,2674
60,2.0020000000000002,True,1.0,0.6472589240272351,0.6875147469595628,0.6673868354933989,0.6428376724765404,-0.058657407407407436,-0.05796296296296294,0.3443415359108654,0.32853581118584957,0.20277777777777772,1.038188743547469,0.04025582293232777,0.0006944444444444975,0.01429768700749126,0.47703747405159863,0.12573198094011193,0.10940405266440133,0.0,0.6137534173203263,0.5399724360212834,0.29645957095743686,0.3084197111506534,0.3731516445368347,fearful,06,23,23,male,normal,2674
70,2.3356666666666666,True,1.0,0.6650872070970902,0.6621826183405348,0.6636349127188126,0.7941343671026994,-0.06171296296296297,-0.05967592592592591,0.3286187698876483,0.3970448225819799,0.20277928274864854,0.8356708136684755,0.002904588756555415,0.0020370370370370594,0.004469976562958637,0.36279637556043604,0.12874938457621996,0.10583654256487451,0.0,0.873117874997319,0.5406585413618573,0.2932033433488544,0.31120960224391675,0.3753565311627722,fearful,06,23,23,male,normal,2674
80,2.6693333333333333,True,1.0,0.4833499113521618,0.46057734114663335,0.4719636262493976,0.69300518249325,-0.06833333333333347,-0.06712962962962965,0.3259881191346307,0.32388038209477793,0.20348159600640797,0.6810391006765589,0.022772570205528475,0.0012037037037038179,0.0023649548631960384,0.4407208837620246,0.12713225596406202,0.10777368539737997,0.0,0.7959351833982701,0.54878185128739,0.2948862155908571,0.307554007566153,0.37575353178233684,fearful,06,23,23,male,normal,2674
90,3.003,True,1.0,0.5819206398458818,0.5272545855135725,0.5545876126797271,0.6209523718397985,-0.06648148148148153,-0.0668981481481482,0.350734742070211,0.23278106366516496,0.20277815402154267,0.8931242359805447,0.05466605433230931,0.0004166666666666763,0.013535735598298395,0.44787363985153633,0.12570258039718865,0.1094378319041215,0.0,0.8817990829969546,0.5590166236181973,0.29430560154014546,0.3002484544263574,0.3692743670960137,fearful,06,23,23,male,normal,2674
100,3.336666666666667,True,1.0,0.6246213467982827,0.6112044788490262,0.6179129128236545,0.6159707139933941,-0.0643055555555555,-0.0650925925925927,0.34551571315533963,0.22201695976325053,0.20277928274864854,1.003153070082941,0.013416867949256561,0.0007870370370371971,0.011526075365907702,0.46016589784055717,0.12688958638294517,0.10805929223383094,0.0,0.708861123161141,0.5570272086256379,0.29175119437138586,0.30505568737370553,0.37914472133120386,fearful,06,23,23,male,normal,2674
0,0.0,True,1.0,0.632501677456537,0.5936449898274401,0.6130733336419885,0.4571698961273978,-0.06782407407407409,-0.06527777777777777,0.358528100108202,0.22775925863954852,0.1911654838080252,1.3410185990705425,0.03885668762909689,0.0025462962962963243,0.02608266163887612,0.6065809807750137,0.12774437672961164,0.10704742866829743,0.0,0.7289270751595137,0.6009894958452131,0.28976331185978416,0.31753856559868143,0.4132771743917494,fearful,06,23,23,male,normal,2675
10,0.33366666666666667,True,1.0,0.2716554452186654,0.2670747966938423,0.26936512095625387,0.4673741903472474,-0.07902777777777775,-0.07731481481481478,0.3597677134845018,0.22604189583251622,0.1946703177176958,0.5763371759063595,0.004580648524823094,0.0017129629629629717,0.029316002126055812,0.6050300241922565,0.1258658338608508,0.10925003266344116,0.0,0.8233554717449819,0.6026990322300796,0.29240266136588966,0.31173893593102586,0.4019910624593531,fearful,06,23,23,male,normal,2675
20,0.6673333333333333,True,1.0,0.6041102358664155,0.5678972429085217,0.5860037393874686,0.49230324249830915,-0.06912037037037039,-0.06541666666666662,0.3610078192207882,0.218136753259684,0.19952592588510565,1.1903308546449018,0.03621299295789382,0.0037037037037037646,0.025204230424185403,0.5410963152092865,0.12628549787765783,0.10876465784498587,0.0,0.8966906953947538,0.5732800187887656,0.2945327781297028,0.31372914916307804,0.40884659543214247,fearful,06,23,23,male,normal,2675
30,1.0010000000000001,True,1.0,0.45029341913725945,0.40421164590117653,0.427252532519218,0.8445207637975882,-0.055555555555555525,-0.05449074074074073,0.356611061899078,0.31129187277219716,0.1945860380495587,0.5059112230680695,0.046081773236082924,0.0010648148148147962,0.01962275712673043,0.37438130745205295,0.1250549770924853,0.11017726841184425,0.0,0.6623168146360904,0.5565413873908939,0.2971506807773828,0.31713757717053037,0.3954233367479268,fearful,06,23,23,male,normal,2675
40,1.3346666666666667,True,1.0,0.4134849126372371,0.3806795873711937,0.3970822500042154,0.8292340829075957,-0.05398148148148141,-0.0492129629629629,0.3420479338397816,0.3491341928722454,0.19587228806931056,0.478854232102835,0.032805325266043406,0.004768518518518505,0.01859819648253911,0.38524931516233346,0.12553523284296528,0.10962975456223754,0.0,0.6881204661494104,0.5517215413665467,0.29565189804001174,0.31505326548140367,0.3821289761947997,fearful,06,23,23,male,normal,2675
50,1.6683333333333334,True,1.0,0.49139826654845015,0.46383535385225616,0.4776168102003532,0.7710480977540746,-0.05606481481481479,-0.054675925925925906,0.34327813538645136,0.37822870894493116,0.201434723180158,0.6194384132346162,0.027562912696193986,0.001388888888888884,0.015938785446797245,0.4050406481834825,0.1262881734539882,0.10876155118470483,0.0,0.6826437722903713,0.557214603122499,0.29493081615335676,0.3162619267289446,0.37969849067015676,fearful,06,23,23,male,normal,2675
60,2.0020000000000002,True,1.0,0.5142924461000178,0.48870807345286177,0.5015002597764397,0.633782145443614,-0.057407407407407296,-0.05782407407407397,0.3467332068002083,0.30238810882142647,0.20418497639253094,0.7912817730537614,0.025584372647156017,0.0004166666666666763,0.0012653639185659954,0.46509836583025366,0.12702361844817653,0.107901705857718,0.0,0.7009331484784397,0.553652551755077,0.2945145140723903,0.3143123247643305,0.3823908613570053,fearful,06,23,23,male,normal,2675
70,2.3356666666666666,True,1.0,0.5861583071516199,0.5570824624455709,0.5716203847985954,0.5762051086466206,-0.06055555555555553,-0.0587037037037037,0.3454029365236628,0.25918980756122284,0.20279621290136182,0.9920432433186966,0.02907584470604896,0.0018518518518518268,0.009053300789465177,0.5225027685651478,0.12669052763810096,0.10829260352101729,0.0,0.7152822551836063,0.5592100881680797,0.29163132564301925,0.3128461660706089,0.3783475197491968,fearful,06,23,23,male,normal,2675
80,2.6693333333333333,True,1.0,0.6302468130431939,0.5876800652662415,0.6089634391547176,0.501026379855216,-0.062037037037037,-0.058518518518518525,0.36574993690943697,0.2234048674911273,0.20283194969418367,1.2154318886975426,0.04256674777695235,0.0035185185185184764,0.014566675670287754,0.5801589966024597,0.1258759337840324,0.10923839555956039,0.0,0.6767262062077491,0.5601668733899811,0.29043287954335395,0.30668558592985745,0.38444862363343524,fearful,06,23,23,male,normal,2675
90,3.003,True,1.0,0.4738635917920814,0.43641774109030607,0.4551406664411937,0.6360808281881591,-0.0672222222222223,-0.06490740740740747,0.3558930420551046,0.24191493515162993,0.20073245582099242,0.7155390420076589,0.03744585070177531,0.002314814814814825,0.007476131323657914,0.44222702236352845,0.1256087364833044,0.10954552975531752,0.0,0.6536474938844724,0.5604901283482143,0.29269167430125537,0.30871849013501107,0.3922752109915949,fearful,06,23,23,male,normal,2675
0,0.0,True,1.0,0.6460866935388756,0.5969919456675958,0.6215393196032357,0.6389378296739874,-0.06962962962962965,-0.06740740740740736,0.34365706422097175,0.29033140226734555,0.1868745647217282,0.9727696353812246,0.049094747871279765,0.002222222222222292,0.003598056123467723,0.4114739405190291,0.12480172039188962,0.11046405912044306,0.0,0.86104261644436,0.6078125006096188,0.29184809553333485,0.3092485124119175,0.41175117350544316,fearful,06,23,23,male,normal,2676
10,0.33366666666666667,True,1.0,0.5441490802548455,0.5018627668994142,0.5230059235771298,0.6081231609293555,-0.07083333333333336,-0.06912037037037039,0.34449801070640856,0.2894786294395982,0.18965133174141804,0.860032896589325,0.042286313355431315,0.0017129629629629717,0.00672212282106418,0.44436283848552705,0.12637668090812795,0.10865869635236367,0.0,0.9747736548277077,0.6073952800182574,0.2909944190394132,0.3115569497785853,0.40976094901368787,fearful,06,23,23,male,normal,2676
20,0.6673333333333333,True,1.0,0.5961804603299802,0.5582226096402014,0.5772015349850907,0.5179350994121222,-0.06805555555555565,-0.06884259259259257,0.34789451285222367,0.2660312263916075,0.1910297419690029,1.1144283050911945,0.03795785068977875,0.0007870370370369195,0.002714840566743693,0.5028314888437682,0.12636027215547047,0.10867777781702057,0.0,0.7721606757223605,0.6053087921496724,0.2913759614873361,0.31144577273012813,0.41118367516205434,fearful,06,23,23,male,normal,2676
30,1.0010000000000001,True,1.0,0.44386861886315615,0.42047325492464893,0.4321709368939025,0.803003994810406,-0.05949074074074073,-0.057731481481481606,0.3347044842230621,0.34928493451926784,0.18827388599143427,0.5381927607918572,0.02339536393850722,0.0017592592592591272,0.0036663061693997614,0.3718507001785248,0.12397424785406472,0.11139193704679738,0.0,0.7910595020838417,0.557843451841674,0.3017064629123487,0.30133127542034427,0.383173815840389,fearful,06,23,23,male,normal,2676
40,1.3346666666666667,True,1.0,0.46275452228325864,0.42809790137764864,0.4454262118304536,0.6786388473150828,-0.058518518518518414,-0.05361111111111111,0.3571903305091714,0.2697862897359042,0.19383857917192496,0.6563523641369858,0.03465662090561,0.004907407407407305,0.008373331791870473,0.44332977446998256,0.12672940277398612,0.10824710731953462,0.0,0.6097156931449969,0.5477534058310823,0.2979735357681931,0.30711714769651294,0.37957542803647765,fearful,06,23,23,male,normal,2676
50,1.6683333333333334,True,1.0,0.5954378589020133,0.5733544329747333,0.5843961459383733,0.6988178956534623,-0.060555555555555474,-0.05782407407407414,0.3562597716633077,0.335432589913662,0.19722570377434895,0.8362638529625896,0.022083425927279965,0.002731481481481335,0.0069949662356797926,0.41816750531336183,0.1261403355798601,0.10893297714691927,0.0,0.7611396401666364,0.5552854080303997,0.29542252356847576,0.3038706652288374,0.37589048749818377,fearful,06,23,23,male,normal,2676
60,2.0020000000000002,True,1.0,0.6723757389684457,0.626437583582681,0.6494066612755633,0.7133912000960658,-0.060324074074074086,-0.05842592592592594,0.34015326649251654,0.3566720995141404,0.19514514434912325,0.9103093242362869,0.045938155385764734,0.0018981481481481488,0.0027007142686803725,0.40382699558171486,0.1249842346010775,0.11025751163249638,0.0,0.8407460288385256,0.555185373540041,0.2962605739292238,0.30267652091805014,0.3759480182619815,fearful,06,23,23,male,normal,2676
70,2.3356666666666666,True,1.0,0.5843194325452178,0.5502645502645497,0.5672919914048837,0.43658744197293947,-0.06421296296296297,-0.060694444444444495,0.36191456164685815,0.1978286846439888,0.1986145683171448,1.2993777119224734,0.03405488228066811,0.0035185185185184764,0.001601159351781988,0.6184008297064626,0.12734745966218688,0.10751931123382744,0.0,0.6439120475370699,0.5455979604732518,0.29402580046052285,0.30460759337508453,0.3819497243055112,fearful,06,23,23,male,normal,2676
80,2.6693333333333333,True,1.0,0.6331582965508918,0.5926988660508932,0.6129285813008924,0.45762766188581366,-0.06291666666666668,-0.060740740740740706,0.3580888213796889,0.20801257358446026,0.19514240760994453,1.3393608655016775,0.04045943049999867,0.00217592592592597,0.0034122033781716914,0.5973600141082968,0.13281486464679168,0.10068758364495069,0.0,0.5676555472086283,0.5444210410570478,0.24827539455340641,0.3129211145633952,0.35248635944311785,fearful,06,23,23,male,normal,2676
90,3.003,True,1.0,0.6871436480338629,0.6153846153846154,0.6512641317092391,0.45158429612132134,-0.06337962962962967,-0.06078703703703703,0.362810074790498,0.22566105561774524,0.1945107434791823,1.4421762167174041,0.07175903264924743,0.0025925925925926463,0.0008142968184024012,0.5862916577153534,0.12332852460560519,0.11210643508999038,0.0,0.7886302813708888,0.5592602416747949,0.29345330801985475,0.3002401818113809,0.3793038046356531,fearful,06,23,23,male,normal,2676
0,0.0,True,1.0,0.5819803992797915,0.5355385505904923,0.5587594749351419,0.47020575833648215,-0.06898148148148159,-0.06583333333333335,0.3426653508946743,0.3010395846517632,0.1862295453986906,1.1883297152972978,0.04644184868929924,0.003148148148148233,0.014946172946662091,0.5872422565273372,0.12794503472142219,0.10680751780994087,0.0,0.6880899840802809,0.5938703804099765,0.29036595918084995,0.317112101409751,0.4143001146106215,fearful,06,23,23,male,normal,2677
10,0.33366666666666667,True,1.0,0.6153396025331788,0.5858713517126822,0.6006054771229306,0.4888844048241663,-0.06865740740740744,-0.06537037037037047,0.3401356041764617,0.30352459272862864,0.18619144154760403,1.2285224711533727,0.029468250820496533,0.0032870370370369772,0.011107845742829437,0.5750776256103095,0.12634039653686285,0.10870088303848094,0.0,0.6672834087906296,0.5965458310120924,0.28982945527430654,0.3151478860293813,0.41134377267833033,fearful,06,23,23,male,normal,2677
20,0.6673333333333333,True,1.0,0.5843194325452166,0.5719156685664124,0.5781175505558145,0.5617088700470569,-0.06967592592592592,-0.06625000000000003,0.3372692875464866,0.33983279022460255,0.1938271645733965,1.0292120729861056,0.012403763978804161,0.003425925925925888,0.011652558658129225,0.5284458372103605,0.12558898793311019,0.1095681700141697,0.0,0.6959310726092379,0.5925006920268108,0.2893572805190238,0.3155039625147468,0.4045069810928548,fearful,06,23,23,male,normal,2677
30,1.0010000000000001,True,1.0,0.40152382016706273,0.36002654289170477,0.3807751815293837,0.8999248784949989,-0.05314814814814817,-0.05124999999999991,0.3267264108011639,0.45706989761264954,0.18691008021618244,0.42311885206038313,0.04149727727535796,0.0018981481481482598,0.012720500677107498,0.3494554055019717,0.12528571716435866,0.10991481631220759,0.0,0.7413280833876176,0.5568316706682673,0.297348050726671,0.31334840117170837,0.38721753311625157,fearful,06,23,23,male,normal,2677
40,1.3346666666666667,True,1.0,0.47162935910907616,0.4586011784180017,0.4651152687635389,0.7502169648802307,-0.05393518518518525,-0.051805555555555605,0.34631580418061525,0.3604914613640588,0.19106208921678955,0.6199743414730602,0.013028180691074476,0.002129629629629648,0.012658665796290726,0.41797320863786175,0.12311588089390468,0.1123399200717397,0.0,0.6908395489985009,0.5565065528711485,0.29737310337485945,0.30394395215173653,0.37293125857184073,fearful,06,23,23,male,normal,2677
50,1.6683333333333334,True,1.0,0.581112184184703,0.5298407339585246,0.5554764590716138,0.7786918668544774,-0.05722222222222223,-0.056342592592592555,0.3388428833453564,0.37446387359121736,0.19383857917192496,0.7133456540588495,0.051271450226178406,0.0008796296296296746,0.014752441693756979,0.3965463062817353,0.12470941918033542,0.11056825284824807,0.0,0.6722854710144767,0.5554941362404338,0.29512641446495735,0.30708678138074663,0.37825916113535585,fearful,06,23,23,male,normal,2677
60,2.0020000000000002,True,1.0,0.6302468130431924,0.5876800652662428,0.6089634391547176,0.7111307876478985,-0.060092592592592586,-0.05861111111111117,0.3353984193849914,0.37755498119902414,0.19518619083212763,0.8563311415174351,0.042566747776949576,0.001481481481481417,0.01426818270445501,0.4182778436252171,0.126612923645018,0.10838332591609974,0.0,0.6522695453465116,0.5582712529777537,0.29300127888728034,0.31626297204168446,0.3854183062111697,fearful,06,23,23,male,normal,2677
70,2.3356666666666666,True,1.0,0.4825958683076564,0.4445631252942034,0.4635794968009299,0.5183796151224456,-0.0641666666666666,-0.0635648148148148,0.3439000868954489,0.3023881088214276,0.19792013600303546,0.8942857382449898,0.038032743013452996,0.0006018518518517979,7.313954026771311e-05,0.5652368262534606,0.1239727017577126,0.11139365775905599,0.0,0.7520061745252424,0.55990548728085,0.29203210194092555,0.305386447166763,0.3909696135862751,fearful,06,23,23,male,normal,2677
80,2.6693333333333333,True,1.0,0.20765056029676818,0.17785605991918088,0.19275331010797453,0.46745315289373757,-0.07680555555555557,-0.0756944444444444,0.3571813537093478,0.24060088751883493,0.2006948245938466,0.4123478661225152,0.029794500377587296,0.0011111111111111738,0.004057777261372223,0.6149522136961206,0.12495918002771565,0.11028590615752731,0.0,0.9999999987499999,0.5572523375053147,0.29064144860225594,0.3059905941786891,0.3777763728754992,fearful,06,23,23,male,normal,2677
90,3.003,True,1.0,0.5796909645323688,0.5303673134951535,0.5550291390137612,0.4598071916510136,-0.06305555555555548,-0.06175925925925929,0.35501968822482366,0.24380173166560343,0.19723614806199724,1.2070910353116433,0.049323651037215255,0.0012962962962961844,0.009025934121784653,0.5995743145351058,0.12622383220115652,0.10883621619199904,0.0,0.6462378568834762,0.5595287124068378,0.29101307597319603,0.31315028614956825,0.3907563261883611,fearful,06,23,23,male,normal,2677
0,0.0,True,1.0,0.6414816394947943,0.6297896108761256,0.63563562518546,0.5537349057713646,-0.06657407407407406,-0.06592592592592589,0.3456156463747071,0.3131601729551235,0.19108764366354108,1.1479060080202204,0.011692028618668693,0.0006481481481481755,0.011530863397233714,0.4946085966946334,0.12447031088132599,0.11083735597424706,0.0,0.7758916604394295,0.6094330448585684,0.2921897537999142,0.3125552817011491,0.4124405645579975,fearful,06,23,23,male,strong,2678
10,0.33366666666666667,True,1.0,0.6457055595554376,0.650522925520963,0.6481142425382003,1.2053681118527961,-0.08000000000000002,-0.0818518518518519,0.3388019283095328,0.5505471505721469,0.21327494793661517,0.5376898859071114,0.0048173659655254,0.0018518518518518823,0.008097482204684767,0.2581031966873772,0.12338658573850567,0.1120425286662554,0.0,0.8566957293722431,0.5990050487382453,0.2962194599525554,0.3368269727991546,0.43766704498588205,fearful,06,23,23,male,strong,2678
20,0.6673333333333333,True,1.0,0.23355786127803724,0.2302044189347733,0.23188114010640526,1.1184844577228727,-0.09138888888888891,-0.09000000000000002,0.3320513495222383,0.4921193207367995,0.21113423895609143,0.2073172662394371,0.0033534423432639293,0.001388888888888884,0.002158988569933461,0.2713060462264121,0.12380836289093783,0.11157628353990595,0.0,0.7003294323016139,0.5947708159904587,0.2957375855371693,0.3261233976269367,0.4095963232146473,fearful,06,23,23,male,strong,2678
30,1.0010000000000001,True,1.0,0.7053654234192424,0.6699214784387755,0.6876434509290089,1.0572840950651796,-0.07689814814814816,-0.07416666666666671,0.3531871507993771,0.4722402808913159,0.21043443258590488,0.6503866407700165,0.03544394498046688,0.002731481481481446,0.0007272690388280497,0.293704798811645,0.12424482338568034,0.11109006090497361,0.0,0.7504721655402672,0.5854296006762081,0.29456300616079617,0.3401114828070021,0.4355476991059501,fearful,06,23,23,male,strong,2678
40,1.3346666666666667,True,1.0,0.6702132353028216,0.6664096137684788,0.6683114245356503,0.8118595769307585,-0.07587962962962969,-0.07495370370370369,0.3627966202452691,0.35776862712202884,0.21666983577660293,0.823185983790703,0.0038036215343427715,0.0009259259259259967,0.006404942878111492,0.3923569225623054,0.12333871151610942,0.11192513597929914,0.0,0.8607832784476166,0.5862514062656312,0.29461337597794796,0.33839485876060754,0.4158792300972658,fearful,06,23,23,male,strong,2678
50,1.6683333333333334,True,1.0,0.7017252044155856,0.708151719497984,0.7049384619567848,1.4412464429346918,-0.07944444444444443,-0.07629629629629625,0.3429170549190446,0.5604847278079358,0.21875,0.48911722586553374,0.006426515082398332,0.0031481481481481777,0.004097635746951039,0.21590909090909105,0.12095331743264214,0.11466504598902093,0.0,0.8254388587112754,0.586237328173457,0.2957028876130855,0.3400071147284284,0.42885796742612775,fearful,06,23,23,male,strong,2678
60,2.0020000000000002,True,1.0,0.7132128163539855,0.7101326813429093,0.7116727488484473,0.8042814330451274,-0.08120370370370378,-0.07722222222222225,0.36423654908055453,0.3952529255038674,0.2159754015220728,0.8848553747584971,0.0030801350110761794,0.00398148148148153,0.005210906690966841,0.35633530592079254,0.12275792680499852,0.11273095926358159,0.0,0.9001382303143977,0.5816263185821203,0.2922174757927052,0.33608507246740293,0.42170118885187785,fearful,06,23,23,male,strong,2678
70,2.3356666666666666,True,1.0,0.7326719091486283,0.6867015537522232,0.7096867314504258,0.993336188808418,-0.08106481481481476,-0.07546296296296295,0.3280764041204261,0.39883953035489483,0.22708635707323632,0.7144476758686793,0.04597035539640515,0.005601851851851802,0.006555888027596556,0.29983070531222333,0.12371480036465698,0.11168001585274483,0.0,0.8133643070671319,0.5616836987607543,0.29350707607974386,0.3202636151362568,0.39156723710112856,fearful,06,23,23,male,strong,2678
80,2.6693333333333333,True,1.0,0.6731599662692817,0.6664096137684788,0.6697847900188802,0.7941950394906487,-0.08351851851851855,-0.08013888888888887,0.34479315553631806,0.3682177001274822,0.21324597018050614,0.8433505080168241,0.006750352500802803,0.003379629629629677,0.0012786489590806346,0.3788456395354727,0.12348690631281471,0.11193195137872639,0.0,0.8606145091029133,0.5875895077953056,0.2913291919530454,0.32745348448085826,0.4255368383109645,fearful,06,23,23,male,strong,2678
90,3.003,True,1.0,0.4832719296420881,0.4437729539740184,0.46352244180805324,0.7496697664306161,-0.08902777777777782,-0.08273148148148152,0.3425576948080637,0.32435736459917225,0.21672616777389866,0.6183021679198977,0.0394989756680697,0.0062962962962963,0.007294227719776125,0.3805320935747726,0.12450053171678811,0.11080340866771833,0.0,0.8278472508544187,0.5793455188247174,0.28991892019097765,0.3156995184511797,0.39889030613828064,fearful,06,23,23,male,strong,2678
100,3.336666666666667,True,1.0,0.7020204077645428,0.7186082974517045,0.7103143526081237,0.7245561936908032,-0.08407407407407408,-0.07708333333333345,0.36224796478625204,0.23239172889032667,0.21951257691552292,0.9803440489410031,0.01658788968716174,0.006990740740740631,0.008984520908116746,0.350723955522669,0.12499122031330272,0.11024959235681382,0.0,0.7769240684236728,0.5740587091946154,0.2907061487902302,0.3318496046487551,0.4112480108555848,fearful,06,23,23,male,strong,2678
0,0.0,True,1.0,0.6340282883375921,0.5750494274387494,0.6045388578881707,0.46429908697014827,-0.07236111111111099,-0.06930555555555551,0.3559510106698457,0.25994922976699497,0.18901971014220054,1.302046191460719,0.05897886089884263,0.003055555555555478,0.016460995963923766,0.5522568274261876,0.12629021158584877,0.10875918456843219,0.0,0.9464605242764353,0.6030659960859345,0.28855656320163403,0.3170044876505271,0.4211106377340575,fearful,06,23,23,male,strong,2679
10,0.33366666666666667,True,1.0,0.6134971046651114,0.5910097315859064,0.6022534181255089,0.4657166035346736,-0.07101851851851854,-0.06902777777777769,0.3556991968258366,0.26074286117715967,0.19178167016558628,1.2931757501333532,0.02248737307920501,0.0019907407407408484,0.01647742643795255,0.5580311409427571,0.1269824296850133,0.10795017518206745,0.0,0.7892843700752717,0.6038237377607292,0.2878516474170397,0.319767770409153,0.4198228403267749,fearful,06,23,23,male,strong,2679
20,0.6673333333333333,True,1.0,0.6199642227569513,0.5827400430265661,0.6013521328917587,0.8944954271609531,-0.07166666666666655,-0.06824074074074077,0.3320912809526904,0.4171380022248633,0.1925359403531373,0.6722808352418251,0.037224179730385165,0.003425925925925777,0.022404123262316222,0.33167953240619846,0.12439399388897586,0.11092300056579991,0.0,0.9498056797925561,0.6005825727087709,0.2902381716346476,0.3196067237327755,0.4165537752824491,fearful,06,23,23,male,strong,2679
30,1.0010000000000001,True,1.0,0.48097525523162094,0.4639930550147659,0.4724841551231934,0.9557790087219495,-0.08199074074074075,-0.07763888888888892,0.373409724696371,0.4180385143721414,0.22016106837094193,0.4943445616733001,0.016982200216855037,0.004351851851851829,0.012579163656219153,0.3292082725299715,0.12413454107352533,0.11121327925477108,0.0,0.7697059540495854,0.586465297548707,0.2937790671286452,0.35639337221413353,0.43851317730579936,fearful,06,23,23,male,strong,2679
40,1.3346666666666667,True,1.0,0.5122075171413532,0.44397935773883623,0.4780934374400947,0.7336097188479186,-0.07337962962962974,-0.06777777777777777,0.35914553604261823,0.2768182661791323,0.222244193792285,0.6516999777359903,0.06822815940251692,0.005601851851851969,0.015216742346485547,0.4050406481834833,0.12635044192806952,0.10868920643326642,0.0,0.6453095385309249,0.5507765406396934,0.2944744584843134,0.33476136739796974,0.4058943432282632,fearful,06,23,23,male,strong,2679
50,1.6683333333333334,True,1.0,0.5923536931573177,0.5975651525333928,0.5949594228453552,0.9496385411457292,-0.07083333333333341,-0.06467592592592597,0.35590591572206287,0.3120140184589154,0.22363874581897988,0.626511453639553,0.005211459376075145,0.006157407407407445,0.014059210059191111,0.3294536490294995,0.12344059999151705,0.11198301676519021,0.0,0.666764113955158,0.5504088593171643,0.29014840961731375,0.32915433622114026,0.3949922880260509,fearful,06,23,23,male,strong,2679
60,2.0020000000000002,True,1.0,0.617699930575018,0.5832182112587262,0.6004590709168721,0.7840601796438839,-0.07175925925925924,-0.06782407407407409,0.34779672323850064,0.30796150481189866,0.22299366034299808,0.7658328869470167,0.03448171931629185,0.003935185185185153,0.0005036870202142584,0.3514915797742391,0.12401691815826361,0.1113444286027551,0.0,0.6696301460642471,0.5684697680243973,0.2892801602232893,0.3173777198631614,0.37990029713900353,fearful,06,23,23,male,strong,2679
70,2.3356666666666666,True,1.0,0.696579794655418,0.6466424874453436,0.6716111410503808,0.8154254326970872,-0.07157407407407412,-0.06759259259259259,0.34547739523901294,0.2671221245042175,0.21666701879228198,0.823632810702226,0.04993730721007439,0.00398148148148153,0.0008345518258782906,0.3604892287184147,0.12410547971932918,0.1112457085631077,0.0,0.8102278423319883,0.5928430973170518,0.3226295479418759,0.30344413028867384,0.40822470979269765,fearful,06,23,23,male,strong,2679
80,2.6693333333333333,True,1.0,0.5690347691748722,0.5002042064476367,0.5346194878112545,0.6881918404350872,-0.0783333333333332,-0.07453703703703696,0.3469083574492904,0.2878411404593362,0.20701669090433802,0.7768465948001628,0.06883056272723542,0.003796296296296242,0.010973897965788796,0.40631659301799206,0.12465175101576531,0.11063326235303844,0.0,0.8278528620046175,0.583252266062675,0.28461352291714664,0.32196152058792576,0.3946150716337918,fearful,06,23,23,male,strong,2679
90,3.003,True,1.0,0.6521409674177492,0.6153846153846154,0.6337627914011823,0.6276413682952399,-0.07467592592592587,-0.06912037037037039,0.35692826520743115,0.22511539976729747,0.21111689330988628,1.0097530586974677,0.036756352033133766,0.00555555555555548,0.0028331744504801475,0.43015972176723555,0.125747644767644,0.10938604849638274,0.0,0.9999999987499999,0.5782503507184125,0.28788844058157503,0.3278909692158664,0.3974398548206808,fearful,06,23,23,male,strong,2679
100,3.336666666666667,True,1.0,0.5954035210000409,0.5547001962252295,0.5750518586126352,0.6122422803692791,-0.07703703703703707,-0.07277777777777777,0.3649364682496654,0.2062836069999584,0.20972549626796166,0.939255384756812,0.04070332477481142,0.004259259259259296,0.0005206161230289715,0.4208134139565564,0.12648713090169086,0.10853010405775927,0.0,0.6458649839222317,0.5815866544664742,0.2878345416849,0.33293272188358874,0.39898492864666,fearful,06,23,23,male,strong,2679
0,0.0,True,1.0,0.5645421368555013,0.5430361182899089,0.5537891275727052,0.3515531505093641,-0.07087962962962963,-0.07013888888888892,0.3579209133898606,0.20960962497326668,0.19525184725676933,1.57526430006479,0.02150601856559231,0.0007407407407407085,0.012664637608958274,0.7210589000597287,0.12665098330978042,0.1083388489746754,0.0,0.7632615898274753,0.5942458402423471,0.29033076346846626,0.3180447377803384,0.40718593560202143,fearful,06,23,23,male,strong,2680
10,0.33366666666666667,True,1.0,0.6436741355259405,0.6047465225070792,0.6242103290165099,0.5177575688163737,-0.07240740740740753,-0.06898148148148142,0.3459582240596639,0.2440204917212675,0.19595951857719734,1.2056034843556105,0.038927613018861384,0.00342592592592611,0.011419564795108975,0.5111994510021548,0.12750824948728226,0.10732857999294412,0.0,0.8638451815196825,0.5947635875522085,0.29241185022680727,0.3176048395757205,0.40175147028704905,fearful,06,23,23,male,strong,2680
20,0.6673333333333333,True,1.0,0.5882827188889708,0.5495075615355084,0.5688951402122395,0.4534603712944298,-0.06949074074074074,-0.06856481481481475,0.3516343833347088,0.23367114422335952,0.20012355802494236,1.254564182947882,0.038775157353462375,0.0009259259259259967,0.012917409862282691,0.6045909974245047,0.12624806350677897,0.10880810737792974,0.0,0.6491626946017424,0.5700085400644633,0.2920737748290558,0.3103314194730752,0.39460928099497206,fearful,06,23,23,male,strong,2680
30,1.0010000000000001,True,1.0,0.45864238774164656,0.43495318636825303,0.44679778705494977,0.7990156901663164,-0.06699074074074074,-0.06240740740740747,0.3447979140404562,0.3780293643593906,0.20907193742222244,0.5591852482420566,0.02368920137339353,0.004583333333333273,0.006208752951324921,0.37328852584849703,0.12522235298328563,0.10998699961239294,0.0,0.8594851605479913,0.5568882284319979,0.2937812539321245,0.32068308572963844,0.38527213299782065,fearful,06,23,23,male,strong,2680
40,1.3346666666666667,True,1.0,0.46505254657109857,0.426964914023193,0.4460087302971458,0.6473402038026812,-0.06444444444444442,-0.05995370370370362,0.3684889351754349,0.2443878521861221,0.21530045803466902,0.6889866065434362,0.03808763254790559,0.004490740740740795,0.003969556683507546,0.46096379104608415,0.12666082688981045,0.10832734051114867,0.0,0.6566200656807804,0.5429537766591012,0.2929846724982969,0.3200554200048217,0.38457125943067577,fearful,06,23,23,male,strong,2680
50,1.6683333333333334,True,1.0,0.49474986298545004,0.4358045688321995,0.46527721590882476,0.7161129305456244,-0.06643518518518515,-0.06412037037037027,0.3728556707795487,0.266859000045958,0.21666983577660293,0.6497260363031266,0.05894529415325056,0.0023148148148148806,0.004616230448642525,0.4208039509295272,0.12636178295344305,0.10867602117945299,0.0,0.7173233256123515,0.539742124013668,0.2922158707203518,0.3229043931539004,0.3908794507098114,fearful,06,23,23,male,strong,2680
60,2.0020000000000002,True,1.0,0.5231523161894183,0.4724753731686698,0.497813844679044,0.5411365755587181,-0.064074074074074,-0.05847222222222215,0.3627192652002563,0.26369980586815583,0.2167018763959069,0.9199412258634637,0.05067694302074849,0.005601851851851858,0.005970465681329784,0.5759937635798731,0.12571508579621388,0.10942346628485171,0.0,0.7304682169419314,0.5416481100096289,0.29145353588815176,0.31704287518412116,0.37317092583649386,fearful,06,23,23,male,strong,2680
70,2.3356666666666666,True,1.0,0.6250669277359139,0.5418921284609091,0.5834795280984115,0.6866196437480017,-0.067962962962963,-0.062083333333333324,0.3607695275390432,0.2961888659305107,0.21598493914082864,0.8497856614084233,0.08317479927500482,0.005879629629629679,0.0035155777355046327,0.4305937293168918,0.1258166643459932,0.10930665461616013,0.0,0.6637640194986549,0.5462105663984343,0.2909199647394462,0.32144614731802296,0.3878515360242705,fearful,06,23,23,male,strong,2680
80,2.6693333333333333,True,1.0,0.4212136510294011,0.37683109273790777,0.3990223718836544,0.5969627129902743,-0.07231481481481483,-0.07050925925925933,0.3728597990154383,0.24655312246553132,0.2159754015220728,0.6684209301530618,0.044382558291493346,0.0018055555555555047,0.016915101382761154,0.5257759091291844,0.1263216789446402,0.10872263425332136,0.0,0.8716287653227792,0.5504321199729891,0.29079916679068596,0.3155573675086023,0.38332563069812126,fearful,06,23,23,male,strong,2680
90,3.003,True,1.0,0.584319432545218,0.5590293682310382,0.5716744003881281,0.595117010138299,-0.06986111111111115,-0.06527777777777771,0.3826532515662765,0.18112256830296064,0.2159725754800723,0.9606084024640414,0.025290064314179794,0.004583333333333439,0.0032975919267994444,0.4788799877330717,0.12426196082801379,0.11107089115235183,0.0,0.7401394703994324,0.5509239990058524,0.290427355712775,0.3075844281537906,0.37439406177341034,fearful,06,23,23,male,strong,2680
100,3.336666666666667,True,1.0,0.24964347214248342,0.19540136909439298,0.2225224206184382,0.5528195529721386,-0.07870370370370372,-0.07592592592592584,0.3762431093119493,0.15782110837890287,0.2097935121027094,0.4025227027916884,0.054242103048090434,0.002777777777777879,0.017747666420766462,0.5400195067883755,0.12544309917556834,0.10973516592105577,0.0,0.6306531083367289,0.5580847642807123,0.2915802429265867,0.31262501431219625,0.3795723656569444,fearful,06,23,23,male,strong,2680
0,0.0,True,1.0,0.6058957618915094,0.5858713517126822,0.5958835568020958,0.4858951659370242,-0.06972222222222219,-0.06888888888888883,0.33625440062478273,0.2646878829796555,0.20226597872646204,1.226362389617449,0.020024410178827168,0.0008333333333333526,0.025645251390911266,0.5354725480619156,0.1256332787440686,0.10951738237539232,0.0,0.8270309418731423,0.5750861401982669,0.29383426889739905,0.317449868124049,0.404147621653878,fearful,06,23,23,male,strong,2681
10,0.33366666666666667,True,1.0,0.6402045107472147,0.6001501399815827,0.6201773253643987,0.508865276544891,-0.0698611111111111,-0.06763888888888892,0.33005812731315337,0.25411983514404934,0.20221957827971743,1.2187456168660156,0.04005437076563201,0.002222222222222181,0.02491449220833957,0.541659401019645,0.12699119097094883,0.10793986838172431,0.0,0.9707216574982053,0.5741000719741022,0.293292361135379,0.31975760969384925,0.4016295740228775,fearful,06,23,23,male,strong,2681
20,0.6673333333333333,True,1.0,0.6246856942700081,0.589064944612223,0.6068753194411156,0.48988312152357877,-0.06851851851851848,-0.06759259259259259,0.3314886685714077,0.2520347211555943,0.2036221509863291,1.2388165519025864,0.035620749657785056,0.0009259259259258856,0.029292348322367975,0.5580311409427601,0.12736928102292935,0.10749346036971615,0.0,0.6815358605400639,0.5711505106339411,0.2926147900717557,0.3204052616014434,0.40390134261889,fearful,06,23,23,male,strong,2681
30,1.0010000000000001,True,1.0,0.4184002733142581,0.36785481454298813,0.39312754392862315,0.70999427688826,-0.07157407407407412,-0.0696296296296296,0.34820251708247,0.31221971355498584,0.2146743334552234,0.5537052293598899,0.05054545877126998,0.0019444444444445264,0.029199949264133527,0.43144434183251684,0.12337676460159015,0.11205334321937202,0.0,0.8264729528171749,0.5599260180087661,0.2935183839094072,0.3229462086895452,0.3981452939925665,fearful,06,23,23,male,strong,2681
40,1.3346666666666667,True,1.0,0.38780219020008894,0.3469796617329636,0.3673909259665262,0.6359682658978169,-0.06175925925925929,-0.061064814814814794,0.37012005685491994,0.2382265198514281,0.21536848447472132,0.577687513146381,0.04082252846712536,0.0006944444444444975,0.022196259811298392,0.4871070844070365,0.12472929008483329,0.11054583648997106,0.0,0.6503550732466203,0.5464234765781314,0.29378047264947665,0.32741949021471484,0.39170875499367347,fearful,06,23,23,male,strong,2681
50,1.6683333333333334,True,1.0,0.3893665986323497,0.3730533793593886,0.3812099889958691,0.756609434881422,-0.0597685185185185,-0.05819444444444444,0.3806751837509679,0.28192062457975925,0.21389780617713006,0.5038398563660701,0.016313219272961088,0.001574074074074061,0.008554178940011065,0.41105792304277633,0.127286696123179,0.10759123923775343,0.0,0.6099568804926834,0.5464826359059248,0.29572459031169757,0.33141429201937994,0.40093560053977995,fearful,06,23,23,male,strong,2681
60,2.0020000000000002,True,1.0,0.4108409187813204,0.3909596424442003,0.40090028061276034,0.5796779956109954,-0.059444444444444466,-0.056342592592592666,0.36616857435286687,0.21736148706196481,0.21391777955388383,0.6915913380327663,0.019881276337120113,0.0031018518518518,0.02319099042133025,0.5388083575106624,0.12578750760304042,0.10934020624384494,0.0,0.6426840047858613,0.5442178649741146,0.28812800097801633,0.31885251632343503,0.37644539132700483,fearful,06,23,23,male,strong,2681
70,2.3356666666666666,True,1.0,0.5241826498982678,0.4923839209239796,0.5082832854111237,0.6457061330250795,-0.06263888888888886,-0.0616666666666667,0.35436188686502473,0.2539972615198175,0.2132978411573026,0.7871743188032903,0.031798728974288204,0.0009722222222221522,0.014799786006478471,0.44710774911809015,0.12660415993264681,0.10839356280835757,0.0,0.733820289936916,0.5656979481167468,0.2908630669878354,0.3277445110518412,0.3803534000264044,fearful,06,23,23,male,strong,2681
80,2.6693333333333333,True,1.0,0.5300002012456052,0.5133738135993238,0.5216870074224644,0.6444734871594587,-0.06245370370370379,-0.06129629629629635,0.3713032494460753,0.2627735202782732,0.20996799734218943,0.8094778417058235,0.016626387646281438,0.0011574074074074403,0.023756863756331195,0.47718725729047257,0.12778817639705886,0.10699513887952186,0.0,0.6308096975551565,0.550928161678734,0.2924435283489288,0.32232535344193275,0.3801583785761758,fearful,06,23,23,male,strong,2681
90,3.003,True,1.0,0.20444070476200377,0.18169021615648678,0.19306546045924527,0.58720412841116,-0.0804629629629629,-0.08018518518518519,0.37696944616997735,0.2020068488458952,0.21201293354226647,0.3287876414997903,0.022750488605516983,0.0002777777777777102,0.005837470888119197,0.5072061605940329,0.12420833618672122,0.11113085526511099,0.0,0.6754050578816255,0.5766975445099916,0.29213042265412686,0.3170810529917404,0.37363905270543396,fearful,06,23,23,male,strong,2681
100,3.336666666666667,True,1.0,0.5540833311407499,0.5154015630402179,0.5347424470904839,0.6350155298386084,-0.07134259259259257,-0.07212962962962954,0.3675283721958526,0.2499350222312819,0.21181456055111775,0.8420934952982815,0.03868176810053203,0.000787037037036975,0.0005971146317076568,0.45674097884397447,0.12548693731895852,0.10968503240025565,0.0,0.6332467066925895,0.5606638563159639,0.2942417867747368,0.32386485005479204,0.39317042690756376,fearful,06,23,23,male,strong,2681
0,0.0,True,1.0,0.6300713599397428,0.6163372151350418,0.6232042875373923,0.5165446055683497,-0.06745370370370368,-0.06351851851851847,0.34414052481483476,0.2794881083614979,0.2021139115208345,1.2064868760979235,0.013734144804701032,0.003935185185185208,0.021745247924826835,0.5525810205516655,0.13262338945654695,0.10093965692650446,0.0,0.6148235597402363,0.5602049328559549,0.2594401491161762,0.3054133074313782,0.3455557037473379,disgust,07,23,23,male,normal,2682
10,0.33366666666666667,True,1.0,0.6191275970711582,0.5964024165865034,0.6077650068288307,0.4793273310728916,-0.06754629629629633,-0.0643981481481481,0.3514255864389401,0.2675300807233651,0.20350259171614984,1.2679540001786536,0.022725180484654772,0.003148148148148233,0.019813067478159495,0.6063501401621656,0.12617525067802074,0.10889253365977863,0.0,0.7569497919706754,0.5837193426511229,0.29187999140871373,0.312580201202102,0.4086586143129493,disgust,07,23,23,male,normal,2682
20,0.6673333333333333,True,1.0,0.5855175774187346,0.5495017004711413,0.5675096389449379,0.5103877574064272,-0.06879629629629624,-0.06467592592592603,0.34829191937103604,0.29031869433811297,0.20630326016873804,1.1119185966152083,0.03601587694759323,0.004120370370370219,0.019785943804609435,0.5880598172434608,0.12726024321555918,0.10762252676500673,0.0,0.7213739463776434,0.5834026301301772,0.29103505728432033,0.3155045366085508,0.4116726165006943,disgust,07,23,23,male,normal,2682
30,1.0010000000000001,True,1.0,0.2983970033416362,0.3043893918440003,0.30139319759281824,0.799147193244292,-0.07129629629629625,-0.06930555555555551,0.36835848333254656,0.35239961012113774,0.209745503214794,0.3771435351843689,0.00599238850236411,0.0019907407407407374,0.026593458868102774,0.42377827017589736,0.12449604980585678,0.11080844441160823,0.0,0.9568335015804995,0.5734557752007055,0.2934462981819525,0.3258363248630266,0.4144215023900747,disgust,07,23,23,male,normal,2682
40,1.3346666666666667,True,1.0,0.12641562277879706,0.15775646963273907,0.14208604620576806,0.5579175175013544,-0.07212962962962954,-0.0673611111111111,0.3542170267334608,0.24399243206965626,0.21389031567999045,0.2546721365590087,0.031340846853942006,0.00476851851851845,0.049504802996301486,0.5710939166450523,0.12310990868462929,0.11234646480389181,0.0,0.6369967663054382,0.5830170984331233,0.29494217607741213,0.2882586159856232,0.35550911491220627,disgust,07,23,23,male,normal,2682
50,1.6683333333333334,True,1.0,0.4403437123076534,0.481384816706911,0.46086426450728224,0.8517944135194372,-0.06824074074074077,-0.06333333333333346,0.35652598175064093,0.32264517003868665,0.2138920991554833,0.541051053156227,0.04104110439925762,0.004907407407407305,0.04173662569408455,0.3683509063276721,0.1260825082901799,0.10899990309164596,0.0,0.9133450586707512,0.5749197881105568,0.2928865562814184,0.30863287685601115,0.3841148599157056,disgust,07,23,23,male,normal,2682
60,2.0020000000000002,True,1.0,0.15244120479714002,0.13641388476414984,0.14442754478064493,0.6436359551319784,-0.07226851851851857,-0.06884259259259262,0.3645242006015386,0.24109874951996008,0.22083333333333333,0.22439322046735236,0.016027320032990178,0.0034259259259259434,0.03310749339843732,0.5217427099698524,0.12653399761724576,0.10847545905745201,0.0,0.6662112101786983,0.5573731613895558,0.2917142712048006,0.3058053552194129,0.3789758688548158,disgust,07,23,23,male,normal,2682
70,2.3356666666666666,True,1.0,0.17024280051975124,0.18284724155579096,0.1765450210377711,0.7138900915847487,-0.0735648148148148,-0.06962962962962954,0.31832009787931287,0.24823537071975937,0.21597363525015598,0.24730000194548538,0.01260444103603972,0.003935185185185264,0.0440990373637238,0.453302539704027,0.12113047641234408,0.11447788194285072,0.0,0.7071067807446058,0.5778366208045719,0.29390130917975577,0.29894232245065794,0.36977236067451064,disgust,07,23,23,male,normal,2682
80,2.6693333333333333,True,1.0,0.5624977562607408,0.6064550957402184,0.5844764260004796,0.6825091647270439,-0.062962962962963,-0.058935185185185146,0.33806257259415784,0.31140978514413037,0.21472550407600502,0.8563642163460609,0.04395733947947755,0.004027777777777852,0.04037506229218545,0.4596696907809333,0.1266017384902191,0.10839639100050918,0.0,0.7457027409505368,0.5662712798869548,0.2925468001130947,0.3090311961523169,0.3886924333988281,disgust,07,23,23,male,normal,2682
90,3.003,True,1.0,0.5863396552914316,0.5573143408668468,0.5718269980791393,0.6541392997112147,-0.06634259259259268,-0.06157407407407406,0.34873365714755483,0.23599590685389268,0.2148821383001855,0.8741670135574883,0.02902531442458478,0.004768518518518616,0.05142490811031462,0.4886830162701665,0.12568942482261738,0.10945294083852676,0.0,0.7071067807446058,0.5613784763827406,0.29300783385622836,0.31268527589285633,0.3897931473898747,disgust,07,23,23,male,normal,2682
100,3.336666666666667,True,1.0,0.33012133657724235,0.32194102191294177,0.32603117924509206,0.6562337572354842,-0.06981481481481472,-0.06740740740740747,0.3508889523926267,0.21603107103176805,0.21274256606063233,0.4968217127667488,0.00818031466430058,0.002407407407407247,0.05041135384653675,0.4715212093458269,0.1247787448589434,0.11049001132112674,0.0,0.6632120156160537,0.5646572556288141,0.29554325437284334,0.31297263972660805,0.39577826435041874,disgust,07,23,23,male,normal,2682
0,0.0,True,1.0,0.5904247497865895,0.5984431078222409,0.5944339288044151,0.4781874472781017,-0.06842592592592595,-0.06527777777777777,0.35114543614382876,0.21725518028765256,0.20077995992193742,1.243098145273369,0.008018358035651318,0.0031481481481481777,0.030749601319916855,0.5727151631186224,0.12745183810341607,0.10739556198777622,0.0,0.8547871152543385,0.5894980907831883,0.29145796517600203,0.3140237839197923,0.41241848938062214,disgust,07,23,23,male,normal,2683
10,0.33366666666666667,True,1.0,0.5896360241907593,0.6143218266444661,0.6019789254176127,0.5130531330589613,-0.06648148148148153,-0.06259259259259253,0.3483677113471349,0.23489143481511976,0.2000858122791084,1.1733266724802007,0.024685802453706773,0.003888888888888997,0.03325161928353095,0.5334173480089348,0.12604911238310937,0.10903852088946166,0.0,0.8471336073019786,0.5861539875637756,0.29221759162262834,0.3135633694919978,0.41178421821748135,disgust,07,23,23,male,normal,2683
20,0.6673333333333333,True,1.0,0.6034635433360109,0.5905863804267015,0.5970249618813562,0.4833015639989597,-0.06717592592592592,-0.06402777777777774,0.3502056333091174,0.22666186312651265,0.2014529024894326,1.2353052552559944,0.012877162909309403,0.0031481481481481777,0.02702195082716096,0.57271516311862,0.12742725548663145,0.10742472866996025,0.0,0.6435314171447941,0.5900412751037916,0.2923336826615936,0.31468568626153987,0.4145456289636528,disgust,07,23,23,male,normal,2683
30,1.0010000000000001,True,1.0,0.21467434988577433,0.20687878352421463,0.21077656670499448,0.9053706652741991,-0.07250000000000006,-0.0696296296296296,0.3678077938385574,0.41162443972902785,0.2084050983165725,0.23280693177877487,0.007795566361559703,0.0028703703703704675,0.026025628107054694,0.3714779047197714,0.12419799540778617,0.11114241182860873,0.0,0.6196991292233455,0.5784330207317302,0.29537056658029515,0.3388983627732304,0.4263557510174755,disgust,07,23,23,male,normal,2683
40,1.3346666666666667,True,1.0,0.2715106771111724,0.30057383043927016,0.2860422537752213,0.6731214616432741,-0.062962962962963,-0.059768518518518554,0.3581722851785814,0.2663707610302374,0.21114724725563055,0.4249489432069417,0.02906315332809778,0.003194444444444444,0.0433744905935117,0.4843837166387748,0.12423098370612098,0.11110553747600016,0.0,0.6801163313019438,0.5719922836400185,0.2923105237818985,0.32262262249024454,0.40133242373737815,disgust,07,23,23,male,normal,2683
50,1.6683333333333334,True,1.0,0.15953397970313232,0.15331773293255274,0.15642585631784253,0.9092537742469988,-0.08009259259259255,-0.07513888888888892,0.36244354307046933,0.37873196490751654,0.20694591911410629,0.17203762112220766,0.006216246770579581,0.004953703703703627,0.03532987904492825,0.3293779383599763,0.12382349198862534,0.11155949355433886,0.0,0.791886792346344,0.6185876368750626,0.3215958008946258,0.31413199228126515,0.430223848716756,disgust,07,23,23,male,normal,2683
60,2.0020000000000002,True,1.0,0.10640810986884063,0.12447933623429581,0.11544372305156822,0.5927118122932131,-0.07824074074074072,-0.07263888888888903,0.354542650099075,0.26098183401222,0.21255169407993438,0.1947720977668967,0.01807122636545519,0.005601851851851691,0.03544040483802752,0.5137323963560423,0.12554528666085218,0.10961824103631856,0.0,0.7319554563565339,0.5743888373552547,0.29162331931864355,0.31293813004003973,0.388504979726842,disgust,07,23,23,male,normal,2683
70,2.3356666666666666,True,1.0,0.2844860022297457,0.29526498972653487,0.2898754959781403,0.6789937330606072,-0.07027777777777783,-0.0652314814814815,0.32872084156306125,0.2334201647522303,0.21737830947474363,0.42691925103860406,0.010778987496789183,0.0050462962962963265,0.046348245810671374,0.4578018705961495,0.12277811115236505,0.1127089756501059,0.0,0.7999506601236928,0.5796222297278285,0.297088842917663,0.30792706840546197,0.37604124036503683,disgust,07,23,23,male,normal,2683
80,2.6693333333333333,True,1.0,0.5984766250768928,0.615476210628941,0.6069764178529169,0.5694784873210409,-0.06212962962962976,-0.0568981481481482,0.3365049510186382,0.2696887876057856,0.21690457316180983,1.065846087897499,0.01699958555204817,0.005231481481481559,0.04702269351743069,0.5479267442663842,0.12668299841569583,0.10830141126942619,0.0,0.6676978444564379,0.5634787467721464,0.28963644729836463,0.3185260781376912,0.39292066348376553,disgust,07,23,23,male,normal,2683
90,3.003,True,1.0,0.6103517870391174,0.6205642606161148,0.6154580238276162,0.7162735623365291,-0.062407407407407356,-0.059675925925925966,0.3434595256823678,0.3078223672422325,0.21465300876299628,0.8592499516804079,0.010212473576997394,0.0027314814814813904,0.02726642577391635,0.4387903125567049,0.12435022269225193,0.11097206804727888,0.0,0.8395223899537294,0.5696190132850015,0.2940547169101657,0.3053925340489643,0.3890375605552801,disgust,07,23,23,male,normal,2683
100,3.336666666666667,True,1.0,0.6210102762863758,0.6111111111111102,0.616060693698743,0.6464085704232841,-0.06828703703703703,-0.0646296296296297,0.3455835307468292,0.2740005394841295,0.21255169407993438,0.9530515557603627,0.009899165175265678,0.0036574074074073315,0.01786112229939842,0.4652842585212443,0.12418319956274936,0.1111589434849578,0.0,0.7425024940734506,0.5800068344525311,0.2924709923944463,0.3095095327672331,0.3962110539577955,disgust,07,23,23,male,normal,2683
0,0.0,True,1.0,0.6153571684160852,0.5858713517126817,0.6006142600643835,0.45934158657314145,-0.06888888888888889,-0.06564814814814818,0.3569697615739128,0.22258176867375357,0.199336559854055,1.3075547209761444,0.029485816703403556,0.0032407407407407107,0.01555944705027253,0.6084265512618426,0.12541940144542968,0.109762249937834,0.0,0.9390994880811767,0.5875411636920393,0.292775846553853,0.30863525536549136,0.41611147713669405,disgust,07,23,23,male,normal,2684
10,0.33366666666666667,True,1.0,0.5945451746781906,0.5715925634437823,0.5830688690609864,0.49729017956299465,-0.06657407407407401,-0.0631018518518518,0.3514424416647385,0.36898693420134665,0.20075867947458662,1.172492224908547,0.022952611234408282,0.00347222222222221,0.022058899901745567,0.6205947672218357,0.12587723365736986,0.10923689769129344,0.0,0.7722366805607017,0.5879059059483168,0.2928885220257753,0.3205218490660552,0.4201415545343152,disgust,07,23,23,male,normal,2684
20,0.6673333333333333,True,1.0,0.14987633710023449,0.13169833262621583,0.14078733486322514,0.6793688051403584,-0.07625000000000004,-0.07374999999999998,0.3552564565101841,0.34604717538033936,0.20842706224907015,0.20723255733553783,0.018178004474018655,0.0025000000000000577,0.03037133838023514,0.4966315695436222,0.12419221841698228,0.1111488670879549,0.0,0.9184469321099916,0.5837608412114846,0.29251235120629127,0.320003830843151,0.40695883331852656,disgust,07,23,23,male,normal,2684
30,1.0010000000000001,True,1.0,0.23010075278730066,0.2836633798459603,0.25688206631663046,0.6942169363907029,-0.0602314814814815,-0.060046296296296264,0.3490748092266072,0.2616716252055134,0.21184157324108985,0.37003140207466517,0.053562627058659634,0.00018518518518523264,0.05012630125395119,0.46561710149628605,0.12256140526797057,0.11294458689459047,0.0,0.8433746055075029,0.5729692920762054,0.29294275261207375,0.3165224472824222,0.4012795442125189,disgust,07,23,23,male,normal,2684
40,1.3346666666666667,True,1.0,0.08020459690191054,0.08980933214817613,0.08500696452504333,0.6944981144910429,-0.06921296296296292,-0.0646296296296297,0.3630796625012889,0.26514053034560153,0.21533766265670737,0.12240056920433826,0.009604735246265594,0.004583333333333217,0.04363231898733541,0.4799769439418701,0.12382619375611742,0.11155649470141125,0.0,0.9999999987499999,0.563781964207558,0.2919118523113024,0.31772048270436404,0.39308327248441866,disgust,07,23,23,male,normal,2684
50,1.6683333333333334,True,1.0,0.1183468363416803,0.1330998374683567,0.12572333690501852,0.8193240090935643,-0.07847222222222211,-0.07708333333333328,0.3585546284626072,0.31406040230658483,0.21390636642410638,0.15344764160409377,0.014753001126676407,0.0013888888888888284,0.0119876676836343,0.3753536929789279,0.12156153139776678,0.11402005022804401,0.0,0.9999999987499999,0.5797313897668441,0.29488967472345895,0.3217605538059234,0.4017129238155034,disgust,07,23,23,male,normal,2684
60,2.0020000000000002,True,1.0,0.20431810348107243,0.19289770772203188,0.19860790560155217,0.6149597481750471,-0.07351851851851848,-0.07027777777777766,0.35523420191211164,0.25157444243524674,0.21811467777790106,0.3229608217301059,0.011420395759040552,0.0032407407407408217,0.015595673398864234,0.526114964344908,0.1243147857109375,0.11084001026947571,0.0,0.896514788617113,0.5673815037343062,0.29758217139454657,0.30909749901502653,0.3871051345741037,disgust,07,23,23,male,normal,2684
70,2.3356666666666666,True,1.0,0.11767264997048432,0.07529539325040825,0.09648402161044628,0.6214878105068158,-0.07300925925925927,-0.07120370370370382,0.3460813765472752,0.2529094472974747,0.21820979943258187,0.15524684471569078,0.04237725672007607,0.0018055555555554492,0.02828670366023,0.5367952366121851,0.12682081776492574,0.10813999238104807,0.0,0.678646286081966,0.563671518419868,0.29268596136546504,0.3105022684990037,0.38543044899741596,disgust,07,23,23,male,normal,2684
80,2.6693333333333333,True,1.0,0.16887716550383103,0.1678741360317978,0.1683756507678144,0.596422567161072,-0.07560185185185181,-0.07166666666666666,0.346417762636189,0.2555867505465639,0.21737374677619029,0.28230932234719125,0.0010030294720332344,0.003935185185185153,0.03223574633502961,0.5495738101560999,0.12328481531412248,0.11215450094942174,0.0,0.7084118151593749,0.5614498776307398,0.2953753050153823,0.2966977852584106,0.374855210068737,disgust,07,23,23,male,normal,2684
90,3.003,True,1.0,0.4937598302678762,0.5114455687653914,0.5026026995166337,0.639299134581816,-0.0660648148148148,-0.06157407407407406,0.34791700299212464,0.24304813842817793,0.21392455581158973,0.786177662895478,0.017685738497515202,0.00449074074074074,0.033494399173630604,0.5085017172095224,0.12248684494017269,0.1128567527400872,0.0,0.7071067807446058,0.579625985347264,0.29340613049691805,0.3072561015522513,0.39256063173342853,disgust,07,23,23,male,normal,2684
100,3.336666666666667,True,1.0,0.6051445819323595,0.6109848375264276,0.6080647097293936,0.6886956184449684,-0.06569444444444444,-0.06129629629629635,0.34624581532949006,0.2599492297669948,0.2118865867382552,0.8829222859038448,0.005840255594068089,0.0043981481481480955,0.03315278948022213,0.4436799861883219,0.12738512950470807,0.10747467865385531,0.0,0.7599926878004205,0.5796755948551295,0.29171046787036514,0.31650368593593753,0.39925142057919616,disgust,07,23,23,male,normal,2684
0,0.0,True,1.0,0.6017541256829757,0.6022585251807472,0.6020063254318615,0.5004766139191995,-0.06509259259259259,-0.06277777777777777,0.34108037821619164,0.2795251332026975,0.20069786576314122,1.2028660454633224,0.0005043994977714794,0.002314814814814825,0.010372136040053406,0.5817059624705416,0.1273484656059951,0.1075181197676799,0.0,0.7578680112168107,0.5867510068871298,0.2926145206114826,0.3141489243860076,0.40685628154713993,disgust,07,23,23,male,normal,2685
10,0.33366666666666667,True,1.0,0.6140432599581076,0.5785948302307445,0.596319045094426,0.5177455762859088,-0.06416666666666665,-0.06115740740740738,0.34751204006619235,0.2660312263916085,0.20347822149384784,1.1517607728725963,0.03544842972736306,0.003009259259259267,0.01807774284641444,0.5496225379052939,0.125153110801135,0.10989255060967755,0.0,0.9999999987499999,0.5870959528655212,0.29300799149843837,0.3114992704047737,0.4081335564305836,disgust,07,23,23,male,normal,2685
20,0.6673333333333333,True,1.0,0.5313032885829414,0.5243675210216003,0.5278354048022709,0.530553157055789,-0.06259259259259259,-0.060601851851851796,0.3383762211882031,0.27261209656294333,0.204172645533205,0.9948775118621482,0.006935767561341066,0.001990740740740793,0.016256571723779225,0.5496225379052916,0.1240356299592356,0.11115231137151615,0.0,0.9999999987499999,0.5842050458230167,0.2904679834895296,0.30794390301614827,0.4057461212979094,disgust,07,23,23,male,normal,2685
30,1.0010000000000001,True,1.0,0.20727254204046006,0.24448198728350415,0.2258772646619821,0.7190488125608763,-0.0740277777777778,-0.07365740740740745,0.34568006356300757,0.3091714252659232,0.21043987083276572,0.31413342281663087,0.03720944524304409,0.00037037037037035425,0.02241274090116912,0.44280554031850794,0.1243128133916104,0.11101397298083582,0.0,0.901436759435471,0.5784435766572253,0.2931727162717387,0.3178641669364314,0.40160462990226514,disgust,07,23,23,male,normal,2685
40,1.3346666666666667,True,1.0,0.16317662952575201,0.1835369379820118,0.17335678375388192,0.6674446337295872,-0.06740740740740742,-0.06467592592592597,0.35441324142764613,0.2838361032318056,0.21389459599619023,0.259732081124375,0.020360308456259774,0.002731481481481446,0.031027741247341954,0.49450696945236233,0.12387967597042439,0.1114971015388408,0.0,0.7655751508851104,0.5701788181913391,0.29382225545069657,0.31776170680515803,0.39180972643550144,disgust,07,23,23,male,normal,2685
50,1.6683333333333334,True,1.0,0.5432324207746093,0.5554319009666824,0.5493321608706458,0.6631623086378253,-0.05564814814814817,-0.051851851851851816,0.3362734187327793,0.257876307559541,0.21738954032473,0.8283525069435967,0.012199480192073064,0.003796296296296353,0.035837203678228804,0.47961807900641307,0.12458293950516265,0.11071074453095865,0.0,0.6654695817424318,0.5489865083846039,0.29360468260064254,0.3076354261227597,0.3869275282121641,disgust,07,23,23,male,normal,2685
60,2.0020000000000002,True,1.0,0.14835779758779377,0.16620024317355403,0.1572790203806739,0.6195459658544098,-0.06796296296296289,-0.0664351851851851,0.32944313957536436,0.2039776464709533,0.2201444339688936,0.2538617456152296,0.017842445585760258,0.0015277777777777946,0.0377300175762687,0.5372294286074536,0.12613895988525897,0.10893457013069806,0.0,0.7735460890703336,0.55928921862495,0.2906276284836032,0.3120611371657287,0.3846280825682623,disgust,07,23,23,male,normal,2685
70,2.3356666666666666,True,1.0,0.1638326062299445,0.15309420927756018,0.15846340775375234,0.615581345739138,-0.07189814814814816,-0.06782407407407409,0.34545121439345955,0.2574870121153024,0.22083644264959246,0.25742074357936057,0.010738396952384321,0.004074074074074063,0.04015402638593342,0.540439886673842,0.1243111353062553,0.11101585206174691,0.0,0.8323208158482981,0.5627251627369698,0.2923490161344541,0.3070108274452726,0.3864343878295193,disgust,07,23,23,male,normal,2685
80,2.6693333333333333,True,1.0,0.5564082297836511,0.5681800091372493,0.5622941194604503,0.5430923216793394,-0.06439814814814815,-0.060277777777777874,0.3620764584971064,0.27808745690876435,0.21603191459856244,1.0353564155017612,0.011771779353598189,0.004120370370370274,0.03964527204737061,0.5757094367779161,0.12042797697696066,0.11521666602950431,0.0,0.9433691874157293,0.6165836765018508,0.31745239732850794,0.2928920816438586,0.4063767483754606,disgust,07,23,23,male,normal,2685
90,3.003,True,1.0,0.5826887185980452,0.6051330491610526,0.5939108838795488,0.6336547994574194,-0.061203703703703705,-0.056666666666666754,0.36157293453219647,0.2018691438912766,0.2140614615693025,0.9372782852557857,0.02244433056300743,0.004537037037036951,0.04746226584019031,0.4715212093458269,0.12517907733074232,0.10986297111202573,0.0,0.7316048054700788,0.5748730179415517,0.29391699998374027,0.31119730339221446,0.3876223556876422,disgust,07,23,23,male,normal,2685
0,0.0,True,1.0,0.6582193755888183,0.6047465225070785,0.6314829490479483,0.4654496496764184,-0.06884259259259268,-0.06685185185185183,0.3404065346114873,0.2761901019778288,0.19379764094220966,1.3567159186540514,0.05347285308173977,0.0019907407407408484,0.018555826530962365,0.5872422565273373,0.12690307426857556,0.10804345196104786,0.0,0.8443182950301299,0.6015319285292242,0.28875491114891083,0.3122430611093651,0.4158577616075679,disgust,07,23,23,male,strong,2686
10,0.33366666666666667,True,1.0,0.5611427572561646,0.5228516358972864,0.5419971965767255,0.4911261002117235,-0.07111111111111107,-0.06865740740740744,0.33571365102139433,0.3641481232222127,0.19449191528203494,1.1035805190216355,0.03829112135887813,0.0024537037037036247,0.018908713317978994,0.5858667504726106,0.12697609343229593,0.1079576281100823,0.0,0.8019999335466695,0.6019988876253627,0.28920565471084647,0.31467932800509707,0.41580840833876065,disgust,07,23,23,male,strong,2686
20,0.6673333333333333,True,1.0,0.5522370645186111,0.5429172075158731,0.5475771360172421,0.5432198996952516,-0.06916666666666671,-0.06884259259259257,0.32828862456089597,0.3617493881243017,0.19450093735393328,1.008021127952851,0.009319857002737963,0.00032407407407414324,0.017824887585309094,0.5371564152842129,0.12542215329528755,0.10975910546766811,0.0,0.7534313259404579,0.6028888406534488,0.29030987746720327,0.3145341990448462,0.41454433305385385,disgust,07,23,23,male,strong,2686
30,1.0010000000000001,True,1.0,0.2021178459950916,0.19668425145354287,0.19940104872431724,0.904780013535201,-0.052592592592592635,-0.050879629629629664,0.3569697615739126,0.4451635373475085,0.19029221182200778,0.22038622177915673,0.005433594541548736,0.0017129629629629717,0.018590267124892264,0.3854791046963555,0.12332155609875949,0.11211410068106739,0.0,0.7005733963051335,0.5770143754220438,0.29335801906560494,0.32823097931828943,0.4226853014816346,disgust,07,23,23,male,strong,2686
40,1.3346666666666667,True,1.0,0.23074025884083785,0.3097228902664336,0.2702315745536357,0.7271300103295942,-0.04689814814814819,-0.04726851851851854,0.3532222691012802,0.2421108251659341,0.19240126330374427,0.37164134434658375,0.07898263142559578,0.00037037037037035425,0.09801418140662807,0.44676700626091526,0.1279424490648245,0.10681061510048354,0.0,0.8297433888754413,0.6114940663452881,0.3004499128774663,0.2639908283947414,0.3366085025152568,disgust,07,23,23,male,strong,2686
50,1.6683333333333334,True,1.0,0.1826198145847929,0.2618311822126586,0.22222549839872574,0.8313950641848676,-0.05074074074074075,-0.04884259259259255,0.3310033976143286,0.2770715662064698,0.19546742023366895,0.2672922993794825,0.07921136762786571,0.0018981481481482043,0.0723097039575646,0.35602072487576897,0.12217661690396936,0.11336071652905043,0.0,0.7944910954675063,0.6138189888064601,0.2944119586871793,0.25661761100204233,0.33546284040438185,disgust,07,23,23,male,strong,2686
60,2.0020000000000002,True,1.0,0.1515859260056259,0.19038028100864093,0.17098310350713342,0.8951336530886692,-0.04796296296296293,-0.04532407407407413,0.35885160337318484,0.3286691940321981,0.19532802793212412,0.1910140490385477,0.038794355003015035,0.002638888888888802,0.026677430773561616,0.3782379383009913,0.1259157570169252,0.1091924901520175,0.0,0.7333241282078645,0.6069175684258078,0.2956234126937675,0.29428682828008085,0.36539521544725506,disgust,07,23,23,male,strong,2686
70,2.3356666666666666,True,1.0,0.2271025407855017,0.2823168391618895,0.2547096899736956,0.6977201013750365,-0.04837962962962972,-0.04888888888888887,0.3386073280110412,0.24266711027971788,0.19530926405498344,0.3650599853318326,0.05521429837638778,0.0005092592592591538,0.05383463826488902,0.4279571353377085,0.12920086235790265,0.10528492264786911,0.0,0.694916809891676,0.6058813271793093,0.2932666807442467,0.26939961228830694,0.3461083666792334,disgust,07,23,23,male,strong,2686
80,2.6693333333333333,True,1.0,0.24155318494503888,0.26766497412803153,0.2546090795365352,0.8730460225567355,-0.04236111111111096,-0.041620370370370474,0.3298561756050477,0.28056532633973286,0.19351185785999456,0.2916330559423507,0.026111789182992645,0.0007407407407404865,0.04243879056427003,0.3720054795276081,0.1260192677132075,0.10907301194853165,0.0,0.7071067807446058,0.5902482972407713,0.2951285628053201,0.28166389269026604,0.34737036598923104,disgust,07,23,23,male,strong,2686
90,3.003,True,1.0,0.12497680757334438,0.12929292929292882,0.1271348684331366,0.7729468599033814,-0.05111111111111122,-0.05074074074074075,0.3313871821690787,0.24734299516908126,0.20099226088860778,0.16448073603537053,0.00431612171958444,0.0003703703703704653,0.04064025283665305,0.42750000000000143,0.12470148187370036,0.11057720465403464,0.0,0.9042733903963238,0.5920794227925545,0.2978020673347683,0.27336634379228725,0.3396618674329884,disgust,07,23,23,male,strong,2686
100,3.336666666666667,True,1.0,0.32182851431111476,0.37728679279844907,0.3495576535547819,0.7968879113645674,-0.048240740740740584,-0.04662037037037026,0.33326730954211337,0.2681677424585366,0.19977393383853723,0.4386534775715316,0.05545827848733431,0.0016203703703703276,0.06728590516819835,0.41103364463575937,0.13054973377959908,0.10360764827606214,0.0,0.8000223995460884,0.5797159190082284,0.2962772178379577,0.28251537730609083,0.34202213949127863,disgust,07,23,23,male,strong,2686
110,3.6703333333333332,True,1.0,0.4475728476583372,0.5230608657087576,0.4853168566835474,0.6926579521912967,-0.04666666666666658,-0.04402777777777789,0.35435851761334886,0.2452995152649606,0.19938057002093038,0.7006587524884341,0.07548801805042044,0.0026388888888886908,0.06187416293480535,0.4588951461635257,0.12812283687747542,0.10659416701320955,0.0,0.6658650571985837,0.5752066740602491,0.29068118556659633,0.2872851086523339,0.35082505237695766,disgust,07,23,23,male,strong,2686
120,4.0040000000000004,True,1.0,0.4515882829804211,0.4826571087435202,0.46712269586197064,0.6378817248546943,-0.051990740740740726,-0.04893518518518514,0.35702586110217943,0.2409022703003254,0.19864222379929886,0.7323029923272664,0.031068825763099106,0.003055555555555589,0.04291183311963883,0.48936886135657937,0.1255017631765359,0.10966806832436926,0.0,0.7140028295295151,0.5806916619069503,0.2897337406674203,0.29783760209930005,0.37775074463799013,disgust,07,23,23,male,strong,2686
0,0.0,True,1.0,0.6226334539729651,0.5965526278274,0.6095930409001826,0.5036955659028367,-0.05740740740740746,-0.05680555555555561,0.3316064970769869,0.24418056150079695,0.19514514434912314,1.2102410308249043,0.02608082614556506,0.0006018518518518534,0.00841013217409099,0.5656733804367745,0.12813898814410105,0.10657475070640196,0.0,0.7349648606983349,0.5847656063284689,0.29432125815278537,0.30750307524008813,0.3988680358222923,disgust,07,23,23,male,strong,2687
10,0.33366666666666667,True,1.0,0.6099056027662749,0.5971963433857111,0.603550973075993,0.494504998240758,-0.056990740740740786,-0.05509259259259258,0.3376139286481716,0.23223376415172353,0.19653127163199047,1.2205154148556132,0.012709259380563775,0.0018981481481482043,0.01195206935918701,0.5528980960932566,0.12580466375563418,0.10932046628032792,0.0,0.8384996681365291,0.5867047301107943,0.29555171573349853,0.3067757033128618,0.401061019836425,disgust,07,23,23,male,strong,2687
20,0.6673333333333333,True,1.0,0.5028850053390438,0.4973240624029433,0.5001045338709935,0.5639292527983629,-0.05194444444444446,-0.05171296296296307,0.3427609974212507,0.26700739633190007,0.1923864930105574,0.8868214078084181,0.005560942936100488,0.00023148148148138814,0.014326085213311681,0.5384750225435159,0.12433832549365553,0.11098539806463295,0.0,0.8515724681279383,0.5866497876963286,0.2945809934242155,0.3025329572835569,0.39553356764016717,disgust,07,23,23,male,strong,2687
30,1.0010000000000001,True,1.0,0.1550018699142865,0.17079395418276158,0.16289791204852405,0.9828281992073122,-0.052268518518518436,-0.050000000000000044,0.3639880625029755,0.3875455726507864,0.1888892927975793,0.16574403561060552,0.015792084268475087,0.002268518518518392,0.020298264988045378,0.3496839451546104,0.12491930441063792,0.11033107067327295,0.0,0.801137613692187,0.5775846263192778,0.2927370444317014,0.33581851036491556,0.4258677824236108,disgust,07,23,23,male,strong,2687
40,1.3346666666666667,True,1.0,0.17314329497036418,0.2016734308618179,0.18740836291609103,0.6219492728326682,-0.04574074074074075,-0.0438425925925926,0.3471409524944168,0.22212474029738183,0.1918258227334399,0.30132419331007426,0.02853013589145373,0.0018981481481481488,0.04583120900976265,0.5362431252169145,0.12548885054217537,0.10968284350870568,0.0,0.6676172916555314,0.5828866494879202,0.29537157587501667,0.3099101597620057,0.3855129382281945,disgust,07,23,23,male,strong,2687
50,1.6683333333333334,True,1.0,0.22083806934654865,0.21078080397887813,0.2158094366627134,1.116622568172152,-0.049675925925925846,-0.0465740740740741,0.33713372588701346,0.3746152162241649,0.19794788850499284,0.19326981454080877,0.010057265367670515,0.0031018518518517446,0.03768669807504098,0.3184935687292347,0.12020853811943719,0.11544559382209614,0.0,0.9999999987499999,0.5649142525916617,0.2945794532002095,0.3058453626795891,0.3913383033866678,disgust,07,23,23,male,strong,2687
60,2.0020000000000002,True,1.0,0.21217978971149498,0.26337448559670695,0.23777713765410097,0.6836817646543772,-0.04699074074074072,-0.0465740740740741,0.33589087573791176,0.29626209801689696,0.19059187186839677,0.34778920536853114,0.05119469588521197,0.0004166666666666208,0.03357035487147078,0.48800622655914216,0.12668911007597414,0.10829426189223791,0.0,0.6449403337313111,0.5855189431710184,0.2933695773426295,0.309726986303076,0.3722659261641818,disgust,07,23,23,male,strong,2687
70,2.3356666666666666,True,1.0,0.2768054789206675,0.3232323232323221,0.30001890107649476,0.6919706747997717,-0.04328703703703707,-0.04185185185185192,0.3185643506549196,0.2907284783106841,0.18693783475525289,0.43357169892106784,0.046426844311654614,0.0014351851851851505,0.020202637732121602,0.46212674871078374,0.12411374828286935,0.11123648348295492,0.0,0.801679155205541,0.5843582382093463,0.29304100655242105,0.2960422678895754,0.36457312052367224,disgust,07,23,23,male,strong,2687
80,2.6693333333333333,True,1.0,0.2536107119815536,0.2744583832190144,0.264034547600284,0.927691484951237,-0.04773148148148132,-0.04587962962962966,0.3073098769022585,0.34178107340308767,0.20021960599551686,0.28461460720873455,0.020847671237460785,0.0018518518518516602,0.029658575637143775,0.3458400081679611,0.12343853906663371,0.11198528851328178,0.0,0.7638497100491478,0.5825487475458934,0.29340156517760296,0.27866087415327756,0.34975510973285767,disgust,07,23,23,male,strong,2687
90,3.003,True,1.0,0.31211497407416866,0.32840815638505544,0.320261565229612,0.8032702846865128,-0.049722222222222334,-0.04967592592592596,0.32983009440726435,0.3149313426096193,0.1942909240182469,0.39869714009724444,0.016293182310886778,4.629629629637755e-05,0.045425394259160826,0.3879218385803754,0.12588797087926037,0.1092245236122775,0.0,0.848063876274678,0.5952259418767507,0.2971468698488147,0.25722360587495063,0.33514400240417674,disgust,07,23,23,male,strong,2687
100,3.336666666666667,True,1.0,0.32616481755707116,0.3934034753598196,0.35978414645844536,0.7441958530764171,-0.051435185185185306,-0.04999999999999999,0.34103109386544195,0.25819039800610427,0.20095126136684655,0.4834535760595017,0.06723865780274846,0.001435185185185317,0.052144130935454,0.4137689045498035,0.12403541762259239,0.11132382020714623,0.0,0.7811359326613861,0.5856299068846289,0.2981692519624346,0.28305982859860496,0.3479695971006785,disgust,07,23,23,male,strong,2687
110,3.6703333333333332,True,1.0,0.4516344181165905,0.504792729172215,0.47821357364440276,0.6870407341910868,-0.05296296296296299,-0.04944444444444457,0.35582667926996736,0.18226410407279867,0.2035175873255552,0.6960483561537956,0.05315831105562446,0.003518518518518421,0.041743768638604885,0.42910651514030423,0.12381761546592904,0.1115660157504258,0.0,0.8922677879584827,0.5628668679659364,0.2893940622518132,0.3030153908804982,0.3842257622340854,disgust,07,23,23,male,strong,2687
0,0.0,True,1.0,0.6285846254476636,0.6021505376344085,0.615367581541036,0.48979793124477494,-0.06300925925925926,-0.06027777777777776,0.3351077212211049,0.22250616360991657,0.20000610342249564,1.2563703157690718,0.02643408781325507,0.0027314814814815014,0.01550843384953082,0.552657358648756,0.12753549932042949,0.10729619836585408,0.0,0.7129865001683896,0.5872196888208409,0.2914966456595176,0.31119965717916886,0.4069887988427475,disgust,07,23,23,male,strong,2688
10,0.33366666666666667,True,1.0,0.6401428481291009,0.5878136200716839,0.6139782341003924,0.504416321362941,-0.06291666666666668,-0.05949074074074079,0.33630901185709916,0.23733990785057796,0.20208673113820896,1.2172053284108915,0.05232922805741702,0.003425925925925888,0.009595441335399581,0.5490405495845345,0.1262199817943465,0.10884068157808822,0.0,0.6899195684571191,0.5864413941045168,0.2930463090143746,0.3105372394865499,0.4051652570626676,disgust,07,23,23,male,strong,2688
20,0.6673333333333333,True,1.0,0.49428798950847813,0.5092893719843158,0.5017886807463969,0.5977030624636908,-0.05699074074074073,-0.058564814814814736,0.33379119990808165,0.35083847943100926,0.20071877255469703,0.839528374972781,0.015001382475837655,0.0015740740740740056,0.015506104066857285,0.5391329340540953,0.12620056897890658,0.10886319010501064,0.0,0.7814690794858317,0.5858527272315177,0.2925899884648904,0.3143582613258938,0.40472498544459373,disgust,07,23,23,male,strong,2688
30,1.0010000000000001,True,1.0,0.1905607840397974,0.1896836012135227,0.19012219262666005,0.8888906380073608,-0.055185185185185115,-0.053796296296296287,0.34993351006525547,0.3597317171519803,0.19792283433372315,0.21388704582698695,0.0008771828262746917,0.0013888888888888284,0.022471394080993353,0.3868087523231608,0.12318046304486162,0.11226910213451258,0.0,0.7045562682498536,0.5806983346229116,0.29310594357950753,0.3211213590247723,0.4030653362520975,disgust,07,23,23,male,strong,2688
40,1.3346666666666667,True,1.0,0.20779469894326508,0.2046503634248148,0.20622253118403994,0.6735582862932771,-0.046666666666666634,-0.048888888888888815,0.36363028807687214,0.2292964378870734,0.19766890635563839,0.3061687984256312,0.003144335518450281,0.002222222222222181,0.06269994528564476,0.47872340425531923,0.12231087848493803,0.11321584153426613,0.0,0.9999999987499999,0.6134022718618697,0.3018418142952629,0.2684975531264454,0.3469921379232697,disgust,07,23,23,male,strong,2688
50,1.6683333333333334,True,1.0,0.31687693977992515,0.3753160498973922,0.3460964948386587,0.969046479055561,-0.04546296296296298,-0.04388888888888892,0.3674455593234929,0.37822532252717667,0.2041681613997155,0.3571515941897509,0.05843911011746705,0.001574074074074061,0.03165326985831139,0.35856658338133834,0.12116417765222447,0.11427561365437969,0.0,0.9999999987499999,0.5745929146033414,0.2927800364369996,0.30133924004343077,0.37539677035626423,disgust,07,23,23,male,strong,2688
60,2.0020000000000002,True,1.0,0.2562178341710627,0.307581972382601,0.28189990327683184,0.6814576520340179,-0.05402777777777773,-0.054444444444444406,0.34857770381566355,0.2888571916220733,0.19091823731914503,0.4136719316826449,0.05136413821153829,0.0004166666666666763,0.04033670592118082,0.45241182878557795,0.12654025559639487,0.10846815884959132,0.0,0.6540181988565565,0.5873384211731568,0.2916461185050143,0.29826530486401437,0.36514936482863636,disgust,07,23,23,male,strong,2688
70,2.3356666666666666,True,1.0,0.24790568458648216,0.27480041484089923,0.26135304971369067,0.7932182036241192,-0.05046296296296293,-0.04745370370370372,0.3334132434480893,0.2937207852858165,0.20151159531020477,0.32948443255537985,0.026894730254417076,0.0030092592592592116,0.020924099286867063,0.4377967532557747,0.12222774544416971,0.11330558685984941,0.0,0.7649481675156885,0.561090197907288,0.2882053696651149,0.29520386347542943,0.36956187122235157,disgust,07,23,23,male,strong,2688
80,2.6693333333333333,True,1.0,0.31533659948949544,0.43014625969120646,0.37274142959035095,0.791298369680423,-0.04814814814814805,-0.05407407407407405,0.33274083001863547,0.24823537071975954,0.20144729176654186,0.4710504202616869,0.11480966020171102,0.005925925925926001,0.04768619489721108,0.36152877408740647,0.12589522497350022,0.10921616226267215,0.0,0.7071067807446058,0.5689967371245374,0.30134981575390657,0.2458529634872865,0.31547494160326567,disgust,07,23,23,male,strong,2688
90,3.003,True,1.0,0.5302725493204374,0.5681909926339345,0.5492317709771859,0.7704154411673131,-0.048981481481481515,-0.04865740740740737,0.3512122507729284,0.25185185185185216,0.20548619196875403,0.7129033786563318,0.03791844331349703,0.00032407407407414324,0.05273982522993121,0.38940029491808664,0.1252921459817655,0.10990748803367716,0.0,0.6520520529433911,0.6020000421731193,0.2902046606809751,0.24779840939082087,0.32431366718486043,disgust,07,23,23,male,strong,2688
100,3.336666666666667,True,1.0,0.5566940555634069,0.5968534377041238,0.5767737466337653,0.70488084164344,-0.05148148148148157,-0.05152777777777784,0.3554941257465255,0.23259595924497733,0.20842706224907012,0.8182570905020045,0.040159382140716904,4.6296296296266526e-05,0.02956930786036657,0.41670383478377143,0.12641444707725077,0.1086147565519664,0.0,0.7829451586382676,0.5748734403839661,0.28968757151147734,0.2899646194163948,0.34918698718838065,disgust,07,23,23,male,strong,2688
110,3.6703333333333332,True,1.0,0.5391606301358026,0.5633024062131303,0.5512315181744665,0.6988621163242974,-0.05342592592592593,-0.052222222222222225,0.3534661335582011,0.20964536869603914,0.20903690243586584,0.7887557578220122,0.024141776077327703,0.0012037037037037068,0.025359893949428638,0.41814104566248855,0.12659508017313892,0.108404167109111,0.0,0.7071067807446058,0.5682834753119997,0.29072607652828486,0.2972881795363761,0.36168958465705514,disgust,07,23,23,male,strong,2688
0,0.0,True,1.0,0.6291327700363845,0.5969919456675958,0.6130623578519901,0.500271319978889,-0.06912037037037039,-0.06657407407407412,0.33660896982673555,0.2795251332026977,0.203545701115528,1.2254597322865937,0.03214082436878862,0.0025462962962962687,0.013983128808078263,0.5529643759503955,0.12642146613467278,0.1086065866822313,0.0,0.6285749497474346,0.5856160914600216,0.29118112901580007,0.30867479092051864,0.4025771534015249,disgust,07,23,23,male,strong,2689
10,0.33366666666666667,True,1.0,0.6320983274081778,0.606460527420294,0.6192794274142359,0.5171685756183307,-0.06870370370370371,-0.06629629629629635,0.3374933551613924,0.2880995735097159,0.20560046097837106,1.1974421041994299,0.025637799987883847,0.002407407407407358,0.008607358145084409,0.5333577870218927,0.1279762590568973,0.1067701029712948,0.0,0.6723359520671119,0.58572038251238,0.2899823987036253,0.3155589479679099,0.4088835559217625,disgust,07,23,23,male,strong,2689
20,0.6673333333333333,True,1.0,0.5825988710098043,0.5493902926761316,0.5659945818429679,0.5369025342908702,-0.06342592592592594,-0.06495370370370379,0.34237966538639303,0.3553523213240248,0.20422047016405528,1.0541849696994294,0.033208578333672745,0.00152777777777785,0.014279011705546156,0.5530151362334839,0.1260144144780924,0.10890381612516878,0.0,0.7071067807446058,0.589106538451318,0.2908275585517639,0.31506945580720264,0.40690507055981384,disgust,07,23,23,male,strong,2689
30,1.0010000000000001,True,1.0,0.19097459795919489,0.2184864670923339,0.2047305325257644,0.8524840930790557,-0.05912037037037038,-0.05675925925925923,0.34145378174291047,0.4117744498672561,0.19583333333333341,0.24015759846768023,0.027511869133139022,0.002361111111111147,0.016417888239337982,0.39416519569528563,0.12368680142147187,0.11171102418402194,0.0,0.7636485975774149,0.5805130983018207,0.29103693625261096,0.3258550884119596,0.41098675064992246,disgust,07,23,23,male,strong,2689
40,1.3346666666666667,True,1.0,0.16253584895112191,0.20298221892952065,0.18275903394032128,0.7225803670571133,-0.057453703703703674,-0.05564814814814811,0.3571225632528418,0.2569366034812165,0.20217995971686,0.25292554610174717,0.04044636997839873,0.0018055555555555602,0.03538391515384839,0.4605504721502023,0.12516783430291656,0.11004903918884952,0.0,0.8374309575954871,0.6008521609112395,0.29531470781491004,0.2955654767829718,0.3661336192017682,disgust,07,23,23,male,strong,2689
50,1.6683333333333334,True,1.0,0.20798469631597855,0.22621562696384806,0.2171001616399133,0.9582727556916497,-0.054675925925925906,-0.05212962962962975,0.3613193882649607,0.3263574130328064,0.2044191213948447,0.22655361988583048,0.018230930647869514,0.0025462962962961577,0.040452023732071546,0.3589763874644495,0.12349871913990755,0.11191891770848278,0.0,0.9999999987499999,0.5926474800310749,0.29889969807971706,0.2838449222302834,0.3575879349234225,disgust,07,23,23,male,strong,2689
60,2.0020000000000002,True,1.0,0.3915542300514137,0.43629570058238687,0.41392496531690026,0.7525609877204387,-0.046111111111111214,-0.04375000000000001,0.34233392126380324,0.26978601446581757,0.2062514796348441,0.5500218215811435,0.04474147053097316,0.0023611111111112026,0.0227267974304947,0.44734915001031406,0.12493790209872725,0.11031001037804704,0.0,0.686933674633433,0.5611050791410315,0.2929537340222368,0.31110180751247435,0.38430940233611266,disgust,07,23,23,male,strong,2689
70,2.3356666666666666,True,1.0,0.32576534149556174,0.351429991402878,0.33859766644921985,0.7260375567178875,-0.04999999999999999,-0.04759259259259263,0.34343199200276037,0.2888571916220733,0.20016815745708808,0.4663638448400362,0.02566464990731626,0.002407407407407358,0.0330894914551515,0.44805090991287133,0.12762353591412262,0.10719146818469882,0.0,0.7187148612341401,0.5970850947175745,0.29133982961334093,0.2921825554146627,0.35744383497738835,disgust,07,23,23,male,strong,2689
80,2.6693333333333333,True,1.0,0.2798980744411974,0.3430037109159608,0.3114508926785791,0.7991308802389787,-0.04722222222222222,-0.048703703703703694,0.3174913512822028,0.2690773632635691,0.19841562652849315,0.3897370260368868,0.06310563647476342,0.0014814814814814725,0.07114469264550691,0.37880157200406245,0.1243366283266778,0.11098729939412702,0.0,0.6253193139640519,0.5784895973389356,0.29972421153808504,0.27054529506597563,0.33849371289845764,disgust,07,23,23,male,strong,2689
90,3.003,True,1.0,0.40896402539223203,0.4687375238716343,0.43885077463193317,0.7478522410952978,-0.04425925925925922,-0.041666666666666574,0.33427105936407797,0.25944184659459796,0.19801532628674093,0.5868148151688309,0.059773498479402276,0.0025925925925926463,0.07744063245301049,0.41524867556731854,0.12650788334279595,0.10850591330792163,0.0,0.6711650037362843,0.5696611396120949,0.2975709164954072,0.29646161921458497,0.34903305063565715,disgust,07,23,23,male,strong,2689
100,3.336666666666667,True,1.0,0.4711930575722627,0.5217852432158836,0.49648915039407315,0.7273420139410054,-0.04754629629629642,-0.04472222222222216,0.32741775132256595,0.2575295737051198,0.20071307091842525,0.682607550337857,0.05059218564362089,0.0028240740740742565,0.05626752042610764,0.45291829626212754,0.12465036584257184,0.11063482302361244,0.0,0.7182719269630434,0.556787932845013,0.28925220756744385,0.3079188464946978,0.3788507313078663,disgust,07,23,23,male,strong,2689
110,3.6703333333333332,True,1.0,0.47257277189186925,0.5038415336359516,0.48820715276391047,0.6750574272043954,-0.05518518518518528,-0.05342592592592593,0.3425977094924042,0.2419773954939141,0.19940352799112826,0.723208327305893,0.031268761744082385,0.0017592592592593492,0.04628405899166263,0.4531332796126338,0.12599970487918935,0.10909561008959598,0.0,0.6701801864363116,0.5707386446766207,0.29052257938064047,0.31129579674351776,0.38823126758319326,disgust,07,23,23,male,strong,2689
0,0.0,True,1.0,0.6512417590407837,0.6348663944791536,0.6430540767599686,0.44761867974278285,-0.06833333333333336,-0.06768518518518524,0.35594552742716007,0.24475365513035943,0.19166706472162018,1.4366113521658428,0.016375364561630135,0.0006481481481481199,0.012035364493585197,0.5808295375268467,0.12651760247125576,0.10849458067245421,0.0,0.7385818873790965,0.6097221311102566,0.29017556816217566,0.3063888239406129,0.4080258468807428,surprised,08,23,23,male,normal,2690
10,0.33366666666666667,True,1.0,0.6511990765936447,0.5969919456675958,0.6240955111306203,0.4616025080829606,-0.06800925925925927,-0.06787037037037047,0.3540028053282158,0.2447536551303594,0.1909758177139437,1.3520193244237226,0.054207130926048896,0.00013888888888879958,0.010357213349342182,0.5826211486593904,0.12682815755225224,0.10813138407685935,0.0,0.7111903945477734,0.6069255977390956,0.2886692849040521,0.3038005057283569,0.40934714108050485,surprised,08,23,23,male,normal,2690
20,0.6673333333333333,True,1.0,0.639563654943418,0.5969919456675952,0.6182778003055066,0.4437601569801827,-0.06773148148148145,-0.06740740740740742,0.3580888213796891,0.2218800784900919,0.19444601391355681,1.3932701946766202,0.04257170927582288,0.0003240740740740322,0.005237707964082234,0.5834354129666087,0.125582613291564,0.10957547631320115,0.0,0.6878139312071407,0.6054924039381377,0.2891189057802881,0.3021038533232248,0.40842038882077236,surprised,08,23,23,male,normal,2690
30,1.0010000000000001,True,1.0,0.49884636671108556,0.4888208035566493,0.49383358513386744,0.7691678466240545,-0.05384259259259261,-0.05407407407407411,0.36790870650557084,0.2698309047114934,0.1868316922029551,0.6420361788409988,0.010025563154436257,0.00023148148148149916,0.0006839398083910107,0.37656461663638413,0.12383456320427051,0.11137627565368559,0.0,0.6867751792203737,0.5915890219290841,0.2964319975837136,0.3143689879444298,0.4034215054425429,surprised,08,23,23,male,normal,2690
40,1.3346666666666667,True,1.0,0.5554319009666827,0.5227173695421551,0.5390746352544189,0.6661549626576426,-0.05814814814814806,-0.05819444444444438,0.3671231085800029,0.2446938638089918,0.1909917968582275,0.809233084602067,0.032714531424527626,4.629629629632204e-05,0.008439920667010542,0.41774831394803263,0.12453052281434353,0.11076970099134648,0.0,0.6655258895065327,0.5795987479210434,0.2933302175610247,0.3152691548930411,0.40127240704219685,surprised,08,23,23,male,normal,2690
50,1.6683333333333334,True,1.0,0.5875485251294165,0.5414915379326795,0.5645200315310479,0.5082297025428617,-0.05490740740740746,-0.055833333333333346,0.3643965933446403,0.2334839643102365,0.18405430888416377,1.110757652900932,0.04605698719673701,0.0009259259259258856,0.005075376064566433,0.553206779813398,0.12445250011657484,0.1108573542210203,0.0,0.8924231212041248,0.5886945199564201,0.28960537209695586,0.31193801429203005,0.39715151868122067,surprised,08,23,23,male,normal,2690
60,2.0020000000000002,True,1.0,0.6063437040225043,0.6000425497691753,0.6031931268958397,0.6285110481137266,-0.058379629629629615,-0.05763888888888885,0.3435935490351318,0.3580744960015237,0.18680555555555556,0.9597176194533565,0.006301154253329,0.000740740740740764,0.006845275818420421,0.46716328808069807,0.12576918777044976,0.10936127823852086,0.0,0.8056055136092125,0.5867477878260678,0.29102980970124903,0.32111975403428694,0.40512297911989736,surprised,08,23,23,male,normal,2690
70,2.3356666666666666,True,1.0,0.38316374918316587,0.3453392322101767,0.3642514906966713,0.4838119403367256,-0.06842592592592589,-0.06754629629629622,0.3705439487259072,0.24859523620460058,0.18472263524161484,0.7528782577031023,0.037824516972989164,0.0008796296296296746,0.008100647937859251,0.5962706439338938,0.12418806109755652,0.11115351209433513,0.0,0.8475973498326325,0.5999160225652762,0.28683112938015587,0.3063608085248754,0.4042682029425215,surprised,08,23,23,male,normal,2690
80,2.6693333333333333,True,1.0,0.5264919679250257,0.4723422081570947,0.4994170880410602,0.3762620119760515,-0.06523148148148139,-0.06671296296296297,0.3794038099664408,0.24647013070238222,0.18333374948165362,1.327312011696911,0.054149759767931016,0.0014814814814815835,0.011417845060544694,0.6981445442780722,0.1224657988106887,0.11304824585760637,0.0,0.7943131142028025,0.6076941177721089,0.2863155480363874,0.3038319525344793,0.40629304940558786,surprised,08,23,23,male,normal,2690
90,3.003,True,1.0,0.5669182251865729,0.5304659498207875,0.5486920875036803,0.3980789738577207,-0.062222222222222234,-0.06319444444444444,0.3744545729895518,0.2649671273554695,0.18194444444444446,1.3783498339196154,0.036452275365785325,0.0009722222222222077,0.014211240754802925,0.6186692359833447,0.1261166998363268,0.10896034045835704,0.0,0.8484110404262536,0.6083196594262705,0.28777584254748645,0.3053646007624075,0.40684203133186464,surprised,08,23,23,male,normal,2690
0,0.0,True,1.0,0.6501401667152275,0.5972222222222219,0.6236811944687246,0.4034553744723696,-0.0685648148148148,-0.06837962962962968,0.36917691494729565,0.21517619971859764,0.19305555555555554,1.5458492659426377,0.052917944493005575,0.00018518518518512161,0.006986175711994931,0.6596275516868934,0.12682401173713606,0.10813624654765272,0.0,0.69373148851864,0.605961741876438,0.28745456417673093,0.3055525179496474,0.40936740609901434,surprised,08,23,23,male,normal,2691
10,0.33366666666666667,True,1.0,0.639563654943418,0.6111111111111113,0.6253373830272646,0.4336949052046862,-0.06884259259259262,-0.06787037037037041,0.36536806507208464,0.2303648308691673,0.19513927986102833,1.4418831660753106,0.028452543832306776,0.0009722222222222077,0.009134668407253023,0.5983802460537826,0.12744335234158083,0.10740563167026798,0.0,0.694692648864071,0.6072565777170242,0.28809927249360806,0.308238900239621,0.4131484381939202,surprised,08,23,23,male,normal,2691
20,0.6673333333333333,True,1.0,0.6540621043871735,0.6348663944791543,0.6444642494331638,0.40652617212205905,-0.0683333333333333,-0.06851851851851859,0.36641985858642107,0.21681395846509868,0.19375039377480144,1.5852958397956827,0.01919570990801922,0.00018518518518528815,0.007892096550182004,0.6223311071643811,0.12682611859028395,0.10813377554581588,0.0,0.7071067807446058,0.6059100997195753,0.2882523414442426,0.3085640677425173,0.41103567575033884,surprised,08,23,23,male,normal,2691
30,1.0010000000000001,True,1.0,0.18803665937121647,0.18182408263940314,0.1849303710053098,1.0243459388753506,-0.07083333333333336,-0.07000000000000006,0.3712195956322807,0.5674774456672235,0.1777932266304524,0.1805350751020192,0.00621257673181333,0.0008333333333332971,0.006113803056484895,0.3279357066947708,0.12156485092090485,0.1140165110434213,0.0,0.7196450048499712,0.6098459613142132,0.29567365760141656,0.334018169094552,0.4299334074069769,surprised,08,23,23,male,normal,2691
40,1.3346666666666667,True,1.0,0.6155275451087083,0.6568809540159625,0.6362042495623355,0.6710285968865547,-0.08078703703703705,-0.08124999999999999,0.3541708807044013,0.47377759984800183,0.20350971476839105,0.9481030354208485,0.04135340890725414,0.0004629629629629428,0.039063472711390414,0.45313327961263333,0.11986794119048824,0.11579919880825275,0.0,0.6655834486010442,0.6155935109278086,0.3016811317680026,0.31695633944755,0.41366370892036297,surprised,08,23,23,male,normal,2691
50,1.6683333333333334,True,1.0,0.7204525989013918,0.7779803972007485,0.7492164980510702,0.6822935795557904,-0.07384259259259257,-0.07861111111111108,0.3513896416572638,0.48147962392478805,0.19733398804732605,1.0980852238692473,0.057527798299356725,0.004768518518518505,0.03845868882964164,0.4174164022161618,0.12534529372113642,0.10984687120069128,0.0,0.8309859907287587,0.6152652592834008,0.2980691051566683,0.32889127184501205,0.42222716621196404,surprised,08,23,23,male,normal,2691
60,2.0020000000000002,True,1.0,0.6873132485131034,0.6981479521012578,0.6927306003071806,0.7498847251851106,-0.07050925925925927,-0.07333333333333336,0.3391486697804284,0.5220681262381258,0.18160365887287516,0.9237827855957175,0.010834703588154415,0.00282407407407409,0.044549400770103616,0.39431120199741987,0.12302288933598159,0.11244174700612032,0.0,0.651530053414561,0.6294964018185398,0.2987637655160732,0.31757035899711744,0.4094002377448506,surprised,08,23,23,male,normal,2691
70,2.3356666666666666,True,1.0,0.537335500757993,0.5963688434740542,0.5668521721160236,0.6968131395877561,-0.09694444444444444,-0.09365740740740736,0.3361976730847773,0.4709617388556136,0.2209856383814946,0.8134923696349653,0.0590333427160612,0.0032870370370370883,0.05531524216167344,0.4019862790745122,0.12257900876783108,0.112925481534381,0.0,0.8593465371380862,0.6270780809980241,0.29770440518023467,0.3040843376387505,0.39094905085931625,surprised,08,23,23,male,normal,2691
80,2.6693333333333333,True,1.0,0.5261277470897107,0.5150439908661749,0.5205858689779428,0.559314097434891,-0.09064814814814809,-0.0895833333333334,0.3566665799246187,0.36265880366050274,0.225005425281814,0.9307576393397513,0.011083756223535746,0.0010648148148146852,0.039909169719327044,0.5285300967440618,0.12550151780702623,0.10966834912011324,0.0,0.7648347282968595,0.6002546620210584,0.2896990444744,0.32110855257518495,0.40720827446063257,surprised,08,23,23,male,normal,2691
90,3.003,True,1.0,0.6257441481982859,0.6268135708015358,0.6262788594999109,0.6897792013598844,-0.0961574074074073,-0.09212962962962962,0.3579016720644881,0.32386847364959875,0.22430555555555554,0.9079410603642674,0.0010694226032498255,0.004027777777777686,0.02958531976282228,0.39789253273101743,0.12497656956791223,0.11026619985087295,0.0,0.9696464539362946,0.6076631625931622,0.2903496489145601,0.31258093558661565,0.4045761163746101,surprised,08,23,23,male,normal,2691
0,0.0,True,1.0,0.6163889598472997,0.5820831433712118,0.5992360516092557,0.4318906521175509,-0.07486111111111104,-0.0721296296296296,0.3620116211290162,0.2643158503000835,0.19307491897578213,1.38747168680594,0.03430581647608788,0.002731481481481446,0.019552520343726846,0.6116295123670742,0.126211262918288,0.1088507918341452,0.0,0.7704597626144589,0.6070534973833283,0.29090323375939775,0.3115554401385228,0.4204589443927403,surprised,08,23,23,male,normal,2692
10,0.33366666666666667,True,1.0,0.6061541935066349,0.6126817695527307,0.6094179815296827,0.4574090005802332,-0.07541666666666663,-0.07254629629629628,0.35153226133736176,0.2640726516738134,0.19445856921043916,1.3323261692634445,0.006527576046095773,0.0028703703703703565,0.02038753293538022,0.5521603609823379,0.1270186138451972,0.10790759707899217,0.0,0.709041055629775,0.6054063717440101,0.2899172903292743,0.3137093500898767,0.4230827803472368,surprised,08,23,23,male,normal,2692
20,0.6673333333333333,True,1.0,0.6134971046651121,0.5936546783316683,0.6035758914983902,0.4574090005802335,-0.07407407407407401,-0.07078703703703698,0.34956608835746894,0.26407265167381355,0.1937818931663653,1.3195540331142168,0.019842426333443797,0.0032870370370370328,0.02145713650377688,0.5694677164875803,0.1272929033741864,0.10758389526856611,0.0,0.7080323532928298,0.6066861019329607,0.288598815944291,0.31194838162661037,0.41931293955902715,surprised,08,23,23,male,normal,2692
30,1.0010000000000001,True,1.0,0.6366148221967478,0.6469101011459372,0.6417624616713424,0.9711593146998214,-0.08032407407407405,-0.08208333333333345,0.3421093578276641,0.5216843569114933,0.21043987083276572,0.660820991939625,0.010295278949189357,0.0017592592592594047,0.02561021860784364,0.3073635471607692,0.11877203940734786,0.1169229679090364,0.0,0.7155731382995235,0.5991628803787139,0.294666236968332,0.33059671064849827,0.4219695044363084,surprised,08,23,23,male,normal,2692
40,1.3346666666666667,True,1.0,0.7262548792650831,0.7495295906114924,0.7378922349382877,0.6548807483574867,-0.07750000000000001,-0.07874999999999999,0.36690008606554836,0.4582047395545082,0.20347372205671144,1.1267581720626283,0.023274711346409238,0.0012499999999999734,0.05956024394612094,0.44302079657653815,0.12259449140463315,0.11290867303928401,0.0,0.8507255493578018,0.6326345032778737,0.29981680632027996,0.3058223288832383,0.3934100761310733,surprised,08,23,23,male,normal,2692
50,1.6683333333333334,True,1.0,0.5268969629319985,0.5464294646340295,0.5366632137830141,0.6085826233343383,-0.07435185185185189,-0.07694444444444448,0.3605587493187958,0.4183772615743291,0.19515296339244406,0.8818247403166263,0.019532501702031024,0.002592592592592591,0.05566908257795825,0.4751567630410184,0.12164384257108254,0.11393223132496379,0.0,0.6898868367911973,0.6328686887958308,0.29892059010328464,0.2951080709598012,0.3797589659157903,surprised,08,23,23,male,normal,2692
60,2.0020000000000002,True,1.0,0.7262548792650839,0.7622313587719298,0.7442431190185068,0.7524204674015124,-0.07472222222222225,-0.07837962962962958,0.3408357474874427,0.46544156077637633,0.2000034331980719,0.989131943192287,0.035976479506845904,0.0036574074074073315,0.05372576245489414,0.36798043765751487,0.1234382160633585,0.11198564455076009,0.0,0.6737525498554073,0.6144123512530012,0.2998944425679657,0.3244115821492961,0.41633319318313955,surprised,08,23,23,male,normal,2692
70,2.3356666666666666,True,1.0,0.7399044100106403,0.747114024487073,0.7435092172488567,0.7085881596858014,-0.09273148148148141,-0.09037037037037038,0.3480605909672729,0.4328040636975819,0.21736672705293875,1.0492825869099194,0.007209614476432646,0.002361111111111036,0.05287373950959272,0.3863024249425329,0.12441019937959269,0.11090482433551954,0.0,0.6571867235621262,0.623171195274985,0.2981595817072548,0.31088598856755545,0.3948664070414516,surprised,08,23,23,male,normal,2692
80,2.6693333333333333,True,1.0,0.7273950356076578,0.7495295906114922,0.738462313109575,0.6090204246221559,-0.09240740740740738,-0.09060185185185182,0.3744402648946817,0.3036573735705943,0.2118059157627288,1.2125411287605445,0.022134555003834322,0.0018055555555555602,0.04656481924798096,0.46221632586423633,0.12497496812635155,0.11026801491082815,0.0,0.6408591166475827,0.6249401759844563,0.2957816770202455,0.3037659197795357,0.3944373882511723,surprised,08,23,23,male,normal,2692
90,3.003,True,1.0,0.5544565565597656,0.5278327221292141,0.5411446393444899,0.6047488487956885,-0.09847222222222224,-0.0945833333333333,0.3747375677639416,0.30199716358418893,0.21598493914082856,0.8948254145867965,0.026623834430551496,0.0038888888888889417,0.028870255417491587,0.4703768156448201,0.1236593003006149,0.11174146598054616,0.0,0.6885652200012705,0.6049470776513731,0.2909806621763756,0.31966876070767186,0.42092660764962203,surprised,08,23,23,male,normal,2692
0,0.0,True,1.0,0.6147495300676139,0.6081231609293567,0.6114363454984852,0.4716639906024639,-0.07958333333333328,-0.0746296296296296,0.35306043224202266,0.2783468490615872,0.1972411765958423,1.2963388295076075,0.006626369138257204,0.004953703703703682,0.017491855218068897,0.5746608455912772,0.12690701704823346,0.10803882077452072,0.0,0.6945348198513388,0.6089606528314451,0.28967778405366507,0.31535985745715556,0.4195924234201807,surprised,08,23,23,male,normal,2693
10,0.33366666666666667,True,1.0,0.6117288277000822,0.6224831190714939,0.617105973385788,0.4726763200112567,-0.07981481481481484,-0.07754629629629634,0.35007625954031124,0.286096680128115,0.19793555454007017,1.30555720111194,0.010754291371411706,0.002268518518518503,0.018679450780713952,0.5580311409427572,0.12428278986007596,0.11104758401165256,0.0,0.8901867555246871,0.6088822327055823,0.29007120781839624,0.3127824178006737,0.41795714166828934,surprised,08,23,23,male,normal,2693
20,0.6673333333333333,True,1.0,0.6169376895648562,0.61268176955273,0.6148097295587931,0.4716639906024635,-0.07949074074074075,-0.07643518518518522,0.3509552668368465,0.27834684906158697,0.20071307091842533,1.3034909210972145,0.0042559200121261576,0.0030555555555555336,0.018853254850534816,0.5522568274261865,0.1252335797783301,0.10997421637043575,0.0,0.7340092574855069,0.6083424087056698,0.28922614320115353,0.3160099203742306,0.4187615333118472,surprised,08,23,23,male,normal,2693
30,1.0010000000000001,True,1.0,0.5257210851566606,0.5647182863434941,0.5452196857500773,0.7716735708947925,-0.0762962962962963,-0.0773611111111111,0.35255560883867154,0.4568916067035635,0.20697430445724502,0.7065418673311163,0.038997201186833474,0.0010648148148147962,0.0300803773430326,0.38906250422931776,0.1219527182577739,0.11360155051541886,0.0,0.7367405416716526,0.5929031871889382,0.2933117939003961,0.334596462756059,0.410099731189415,surprised,08,23,23,male,normal,2693
40,1.3346666666666667,True,1.0,0.7107171303091248,0.6731599662692832,0.691938548289204,0.6383731270273381,-0.08111111111111102,-0.08379629629629626,0.3719446789135181,0.40674460840998006,0.21048772134657545,1.083909267157438,0.03755716403984155,0.002685185185185235,0.03740998881269429,0.4546054234960229,0.12037237863511517,0.11527475105852934,0.0,0.7232291338446903,0.5886965317064327,0.295743626739722,0.3338044743398003,0.4246586736014506,surprised,08,23,23,male,normal,2693
50,1.6683333333333334,True,1.0,0.5685094264220483,0.5428464838961485,0.5556779551590985,0.5195671517442163,-0.08129629629629631,-0.08324074074074078,0.36563033913292436,0.35741981273129875,0.20209277153915411,1.0695017059751684,0.025662942525899735,0.0019444444444444708,0.018600339498151836,0.5774380730639326,0.12166164887646871,0.11391321680316215,0.0,0.8771988200545485,0.6095149063766131,0.29488431063522225,0.3274502343301885,0.418289739113296,surprised,08,23,23,male,normal,2693
60,2.0020000000000002,True,1.0,0.7123573682967992,0.6922210978561466,0.702289233076473,0.7075625316156219,-0.09129629629629626,-0.09152777777777771,0.35580274826353664,0.469023623683513,0.21041811700201482,0.9925472332076317,0.02013627044065258,0.00023148148148144365,0.011972220170797037,0.3920963260638822,0.12263448663446365,0.11286523139516293,0.0,0.7688181962947598,0.6174299261345163,0.2972013051461408,0.3298691728020374,0.4266614792836827,surprised,08,23,23,male,normal,2693
70,2.3356666666666666,True,1.0,0.7434904905735082,0.6965648023404118,0.72002764645696,0.6135151387494676,-0.09412037037037035,-0.0924537037037037,0.37263351918425686,0.38162351427959706,0.21736146211172627,1.1736102354778035,0.046925688233096396,0.0016666666666666496,0.00789371081558899,0.45476937556727326,0.12154468115283966,0.11403801231759211,0.0,0.7447671252368883,0.5934737319849815,0.2935166395856552,0.3268880464029168,0.4270232888207923,surprised,08,23,23,male,normal,2693
80,2.6693333333333333,True,1.0,0.26369960509015905,0.23308116420282188,0.24839038464649046,0.44608429708400293,-0.07370370370370372,-0.07305555555555554,0.3612034019158027,0.28559631423684934,0.19723189304860717,0.556823869995396,0.030618440887337173,0.0006481481481481755,0.007257456880735229,0.6915002366076665,0.12444718967762822,0.11086331562643269,0.0,0.7160698200315874,0.5884513974417893,0.2883888306808583,0.32488769404979356,0.392381426953095,surprised,08,23,23,male,normal,2693
90,3.003,True,1.0,0.7386653929866756,0.6945323239486019,0.7165988584676387,0.4663991089684744,-0.07606481481481481,-0.07879629629629631,0.38120047459425044,0.29312730060802644,0.2020848434758866,1.5364498874205101,0.04413306903807368,0.0027314814814815014,0.003743839360465377,0.5813113810122187,0.123503139162282,0.1119140401701171,0.0,0.6896403618949878,0.6030267861050671,0.29013580820832036,0.32941125982121133,0.4284556086280859,surprised,08,23,23,male,normal,2693
0,0.0,True,1.0,0.6608190059901514,0.6491314268256154,0.6549752164078835,0.43936468712350624,-0.06787037037037041,-0.06796296296296295,0.35224160095860585,0.21256082673558138,0.1993193358391783,1.490732495358164,0.011687579164536,9.259259259253305e-05,0.0032925134780099805,0.6201976128403944,0.1268031852828524,0.10816066740082576,0.0,0.7617159787584151,0.6084700995710784,0.29202439247009143,0.30355447032986693,0.39997421473903466,surprised,08,23,23,male,strong,2694
10,0.33366666666666667,True,1.0,0.6900500193614676,0.6490299823633165,0.6695400008623921,0.449959394380309,-0.06879629629629636,-0.06916666666666671,0.35314456563243835,0.22494494695092143,0.20209692421007702,1.4880009379168377,0.041020036998151044,0.00037037037037035425,0.00016480814568570903,0.6008225207176145,0.1252905172556283,0.10990934471708089,0.0,0.916758126230603,0.6092491375221964,0.2936002351937135,0.3058181289900636,0.4007598884762617,surprised,08,23,23,male,strong,2694
20,0.6673333333333333,True,1.0,0.6900709029106851,0.6628754602035777,0.6764731815571314,0.42177177553297734,-0.06907407407407401,-0.06833333333333336,0.35508790520739925,0.21088588776648867,0.20419058108242347,1.6038844247040889,0.027195442707107387,0.000740740740740653,0.002369823768970701,0.6196472170607327,0.12584700813993402,0.10927171780804923,0.0,0.6869452519314257,0.6076940989833434,0.29343260518885667,0.30718222424933733,0.40340228854077226,surprised,08,23,23,male,strong,2694
30,1.0010000000000001,True,1.0,0.6454164637073778,0.6519601804097868,0.6486883220585823,0.9456798030277174,-0.06935185185185183,-0.07921296296296304,0.36764868172026993,0.4246449279119073,0.21806115361267805,0.6859492187331504,0.0065437167024089415,0.00986111111111121,0.002652915307934228,0.33531537286765956,0.12274082449332267,0.1127495799225004,0.0,0.7065986721722703,0.593611001947654,0.2988964206142341,0.343444102552678,0.42481752291198555,surprised,08,23,23,male,strong,2694
40,1.3346666666666667,True,1.0,0.6821112904346679,0.694176681008832,0.68814398572175,0.6882334923129885,-0.07069444444444445,-0.07162037037037039,0.36760276837578737,0.41270511382406294,0.20209277153915411,0.9998699473474653,0.012065390574164114,0.0009259259259259411,0.015041186567469621,0.460714906005898,0.12046006799953551,0.11518311415896731,0.0,0.7071067807446058,0.5967815880727292,0.2943358612560105,0.3279343419558068,0.42265028520664516,surprised,08,23,23,male,strong,2694
50,1.6683333333333334,True,1.0,0.7132128163539863,0.7336860670193995,0.7234494416866929,1.201245623048663,-0.07101851851851848,-0.07111111111111118,0.35497052279085184,0.550558566585893,0.19796330488050076,0.6022493883063128,0.02047325066541328,9.259259259269959e-05,0.017611968456999125,0.24890364872767834,0.1224020835961756,0.11311722990527795,0.0,0.6853401630132865,0.5927903311480842,0.29781178041243017,0.34308493727694694,0.4409087981368129,surprised,08,23,23,male,strong,2694
60,2.0020000000000002,True,1.0,0.7001086454233719,0.7022203410291619,0.7011644932262668,0.7722971051589459,-0.07583333333333342,-0.07981481481481484,0.3617329039023712,0.4563335153623632,0.20631250532509085,0.907894757784908,0.0021116956057899428,0.003981481481481419,0.013706188304477174,0.39242492540309354,0.12376402178699009,0.11162546609793883,0.0,0.7024148682419243,0.5956374298469388,0.29333827905154175,0.3288533750371663,0.413460251770086,surprised,08,23,23,male,strong,2694
70,2.3356666666666666,True,1.0,0.7292270161583846,0.7223035936021526,0.7257653048802686,0.8489059028689286,-0.08490740740740743,-0.08462962962962961,0.3480313551342933,0.5268823343396081,0.21323022752658174,0.8549419934853805,0.006923422556232017,0.0002777777777778212,0.003452491310419023,0.3529319559865304,0.12310191146724278,0.11235522757570665,0.0,0.5958682040483286,0.5935606362466863,0.29461916397210064,0.3247335819708572,0.4134627974888741,surprised,08,23,23,male,strong,2694
80,2.6693333333333333,True,1.0,0.6515305245760817,0.6451612903225811,0.6483459074493314,0.5991069374028046,-0.08476851851851852,-0.08643518518518511,0.3635376023318287,0.32739089680809563,0.21320732704585418,1.0821872807215072,0.006369234253500666,0.0016666666666665941,0.00015260055710164842,0.48897222565402965,0.12420270946058795,0.1111371438042639,0.0,0.8773733967813088,0.6028103347198255,0.290820397163493,0.3226988246329927,0.415171550149395,surprised,08,23,23,male,strong,2694
90,3.003,True,1.0,0.6315475990179075,0.5918637755033013,0.6117056872606044,0.5372151878281293,-0.09407407407407403,-0.09009259259259267,0.3558466871528107,0.3250141594085441,0.22224419379228497,1.1386604495186141,0.0396838235146062,0.003981481481481364,0.012466780770804216,0.5384750225435158,0.12431587828527547,0.11101054083463124,0.0,0.7774316411024783,0.605676608987345,0.28985874865849093,0.31109790797931824,0.40007402054972024,surprised,08,23,23,male,strong,2694
100,3.336666666666667,True,1.0,0.323574293327917,0.29255656558068105,0.30806542945429904,0.5093622464447998,-0.10069444444444442,-0.09736111111111112,0.3453368145453388,0.3197990654480121,0.2250217003424336,0.6048061700773979,0.031017727747235935,0.0033333333333332993,0.01952158493931215,0.584207538842975,0.12366299830060161,0.1117373734318538,0.0,0.7096905585954975,0.6085092760932498,0.29224516466753175,0.3157970907112328,0.404710034523243,surprised,08,23,23,male,strong,2694
0,0.0,True,1.0,0.6232309565411529,0.6065667585913501,0.6148988575662515,0.49032340934676666,-0.06967592592592586,-0.06824074074074071,0.3369336079077984,0.3045948452002646,0.19098660378297827,1.2540679189383401,0.016664197949802784,0.0014351851851851505,0.003166210379928023,0.5488112204931767,0.12412032027957005,0.11122915024281765,0.0,0.9087963772255042,0.6146580845932123,0.2904531066961696,0.307135511939359,0.41928693598195854,surprised,08,23,23,male,strong,2695
10,0.33366666666666667,True,1.0,0.6354037060507337,0.6047465225070785,0.620075114278906,0.5054581631969441,-0.07018518518518518,-0.06935185185185183,0.33697161427551353,0.2897365600685444,0.19029742384669845,1.2267585320158398,0.03065718354365521,0.0008333333333333526,0.0016392156563824584,0.5323783614809804,0.12488383900008741,0.11037121240018404,0.0,0.7923730557795677,0.6149463093596814,0.29115210456213986,0.31054171677224124,0.4211773264179013,surprised,08,23,23,male,strong,2695
20,0.6673333333333333,True,1.0,0.625066927735914,0.597091766556452,0.6110793471461831,0.5102307580405856,-0.07074074074074083,-0.06824074074074071,0.33462494535946374,0.3000946737029507,0.19031025283780695,1.1976529002149565,0.02797516117946197,0.0025000000000001132,0.0012675210179072492,0.5325968310337996,0.125698111723248,0.1094429645043146,0.0,0.8069911866258779,0.6128417088866797,0.2909209674797138,0.31000945214412723,0.41993397106584845,surprised,08,23,23,male,strong,2695
30,1.0010000000000001,True,1.0,0.6070359636954556,0.6222222222222218,0.6146290929588387,1.003357933314391,-0.05773148148148155,-0.058518518518518525,0.37741405438368464,0.42002236618553107,0.19376417538869897,0.6125721166409033,0.015186258526766139,0.000787037037036975,0.0218815742985898,0.321588280232089,0.11757101257048103,0.11813058356122616,0.0,0.9079411882074075,0.5870284509116146,0.30060014609388125,0.33191435167472294,0.4443646461508845,surprised,08,23,23,male,strong,2695
40,1.3346666666666667,True,1.0,0.6534498632467205,0.6449992698709252,0.6492245665588228,0.8040782585070584,-0.06305555555555553,-0.06444444444444447,0.3597675292716609,0.40201884894930373,0.19237538884161803,0.8074146511115046,0.008450593375795346,0.0013888888888889395,0.013695799542468346,0.3655354190004214,0.12175825287013772,0.11380995399296351,0.0,0.7599826614892892,0.5552273139021233,0.26147128050537777,0.32660938871017503,0.38542581717428037,surprised,08,23,23,male,strong,2695
50,1.6683333333333334,True,1.0,0.7024054723387443,0.6771651057605387,0.6897852890496414,0.5720654560503179,-0.07185185185185178,-0.07634259259259257,0.3609998167986724,0.3503554514637503,0.19725355397916716,1.2057803556468705,0.02524036657820561,0.004490740740740795,0.01124420758860186,0.48392375967620166,0.12161215368016251,0.11396605567950412,0.0,0.6553142613287624,0.6156798671030912,0.2968587275730084,0.322976112386855,0.4228437011406712,surprised,08,23,23,male,strong,2695
60,2.0020000000000002,True,1.0,0.62033116367785,0.651953738792851,0.6361424512353505,0.8127737012322911,-0.08222222222222225,-0.08861111111111108,0.3398655209375452,0.4439911753007319,0.21194958957367083,0.7826808990877286,0.031622575115000995,0.006388888888888833,0.00029587261115969406,0.34572074793799307,0.12122950312808146,0.11437300967173256,0.0,0.772645413476638,0.6142653695149936,0.29504515489788063,0.31299234928181074,0.41237810223371996,surprised,08,23,23,male,strong,2695
70,2.3356666666666666,True,1.0,0.701447177637239,0.6739296185215481,0.6876883980793935,0.7868017149297674,-0.09245370370370365,-0.0920833333333333,0.34953476243924614,0.41525646065737715,0.22301555591072206,0.8740301209699053,0.02751755911569087,0.00037037037037035425,0.019666216781628932,0.3768245508356409,0.1220064235140379,0.11354386989773463,0.0,0.7071067807446058,0.5919466566548495,0.2924475564236244,0.32143209751528456,0.4179024320216605,surprised,08,23,23,male,strong,2695
80,2.6693333333333333,True,1.0,0.4875024808575707,0.47353737669111573,0.48051992877434324,0.49449698265461167,-0.09268518518518515,-0.09157407407407414,0.3655766659354961,0.2884213676773509,0.22569985303348428,0.9717348045174405,0.013965104166454967,0.0011111111111110072,0.003202251947566527,0.5962706439338937,0.1234121749784928,0.11201434210415734,0.0,0.6722405326880897,0.596864347645308,0.2882084304481613,0.31630970835001815,0.40145597139097366,surprised,08,23,23,male,strong,2695
90,3.003,True,1.0,0.6295385919911041,0.5937726743733803,0.6116556331822423,0.5620759897328497,-0.0949537037037037,-0.08930555555555547,0.34876916821387327,0.41006597328214994,0.223687865758821,1.0882080792544748,0.03576591761772374,0.005648148148148235,0.035709438348768184,0.5283850184965824,0.11991112602314845,0.11575447993697914,0.0,0.7324827988102941,0.6038584039240698,0.28983761692295956,0.32600267017813045,0.4219041980508402,surprised,08,23,23,male,strong,2695
100,3.336666666666667,True,1.0,0.5587279404999538,0.5365820998125672,0.5476550201562604,0.5261245905007066,-0.09643518518518518,-0.09023148148148147,0.34597388057385264,0.4084111143408203,0.22015136512249264,1.0409226826578541,0.022145840687386564,0.006203703703703711,0.040709153845399984,0.5569615800592559,0.12271832188508952,0.11277407168234704,0.0,0.6784732570483658,0.6098518944140157,0.29004294902545563,0.32984955478580075,0.4284715654822024,surprised,08,23,23,male,strong,2695
0,0.0,True,1.0,0.5992546081148477,0.5954035210000416,0.5973290645574446,0.4288171227749865,-0.07166666666666666,-0.07074074074074072,0.36414969724952395,0.25573864573172295,0.1875146478653401,1.3929692468714256,0.0038510871148060843,0.0009259259259259411,0.003403371921794965,0.6198916430335759,0.12731770860185915,0.10755453894110296,0.0,0.8637014305871674,0.611229044391194,0.291503351587569,0.310094064851667,0.421777212656668,surprised,08,23,23,male,strong,2696
10,0.33366666666666667,True,1.0,0.6040939464150303,0.60583929828973,0.6049666223523802,0.43470133099690084,-0.07115740740740739,-0.0702314814814815,0.3581517977898798,0.26638599826024223,0.18752603985846872,1.3916833909043016,0.0017453518746997077,0.0009259259259258856,0.00023126754809621575,0.5841222437100455,0.12501685876698837,0.11022051893473564,0.0,0.8381468321928964,0.6126468382431098,0.291938201646241,0.30812078692743067,0.4224138989282688,surprised,08,23,23,male,strong,2696
20,0.6673333333333333,True,1.0,0.6203194218253621,0.5858713517126835,0.6030953867690227,0.4285350279828864,-0.07125000000000004,-0.07018518518518518,0.3632134918070583,0.25573864573172295,0.18959782024548774,1.4073421013161787,0.0344480701126787,0.0010648148148148517,0.0012073551298801605,0.6383492435679613,0.12522388870936674,0.1099852511326368,0.0,0.8481980576546301,0.6118651005871099,0.29150991460396036,0.3080039346487526,0.4219004782517849,surprised,08,23,23,male,strong,2696
30,1.0010000000000001,True,1.0,0.7244755933036455,0.7806374080766771,0.7525565006901613,0.9670424875265689,-0.09314814814814809,-0.09393518518518523,0.34986514722809264,0.47594784176555605,0.2260622712129935,0.7782041744773757,0.056161814773031615,0.0007870370370371416,0.037166393791316865,0.274236604961617,0.11997597717006632,0.1156872623590952,0.0,0.7319008636005728,0.6392999758966086,0.3208223313036363,0.3060929113681426,0.44833831209731545,surprised,08,23,23,male,strong,2696
40,1.3346666666666667,True,1.0,0.637191095520081,0.6665926235064293,0.6518918595132552,0.6966427414290687,-0.08291666666666664,-0.08625,0.3730000565874703,0.3413047554594957,0.22362339362510397,0.935762078243989,0.02940152798634832,0.003333333333333355,0.015940112858667782,0.44093686294224127,0.1218960782429157,0.11366232392067066,0.0,0.6038562738217401,0.5974752059573829,0.29528767096841463,0.3363591838061372,0.4332751531566527,surprised,08,23,23,male,strong,2696
50,1.6683333333333334,True,1.0,0.5638757622203506,0.5385980220536464,0.5512368921369986,0.7107607301106428,-0.0949537037037037,-0.09379629629629621,0.35318230715743704,0.3696665333768478,0.22439261296461258,0.7755590155511104,0.025277740166704254,0.0011574074074074958,0.023260345920141298,0.3948447828716982,0.11755423696830179,0.11814727732968763,0.0,0.6208678408795424,0.6052639850002501,0.2927900358165371,0.31145045571610136,0.42072327219842737,surprised,08,23,23,male,strong,2696
60,2.0020000000000002,True,1.0,0.7184775445882583,0.7043465290719644,0.7114120368301113,1.0193339877531238,-0.09500000000000003,-0.09231481481481485,0.3113570540094566,0.5178874292616684,0.22084197021485008,0.6979184893052058,0.014131015516293921,0.0026851851851851793,0.01846706643412681,0.2726548977888374,0.12298561295559396,0.11248251764624533,0.0,0.6955990494115711,0.6127913854526186,0.2967099232144584,0.3235699179739608,0.4244004104347685,surprised,08,23,23,male,strong,2696
70,2.3356666666666666,True,1.0,0.42059752769430986,0.36430719888535107,0.39245236328983046,0.6090499489186232,-0.09555555555555556,-0.09486111111111106,0.3615910703887994,0.3045000927970453,0.22015136512249264,0.6443681080453831,0.05629032880895879,0.0006944444444444975,0.006847110331488316,0.47515152081871564,0.12343727027011908,0.11198668705880796,0.0,0.7331022684852393,0.5999848184351866,0.2920822283430148,0.3208595949257917,0.4095066559573268,surprised,08,23,23,male,strong,2696
80,2.6693333333333333,True,1.0,0.5861583071516225,0.5589100673497404,0.5725341872506815,0.5774939152228563,-0.09333333333333332,-0.09111111111111114,0.362997069781309,0.28184675395063635,0.22226376039325066,0.9914116359645784,0.02724823980188218,0.002222222222222181,0.005995047669135033,0.47112028671529727,0.12368106894517314,0.11171737087317839,0.0,0.7052033666046449,0.6035869249652986,0.2923847512942837,0.3181030751844894,0.414183625093432,surprised,08,23,23,male,strong,2696
90,3.003,True,1.0,0.6807557491992772,0.6288246781738243,0.6547902136865507,0.6055040733485083,-0.09189814814814812,-0.09152777777777776,0.3608644679822474,0.3027272998724861,0.2187782487340563,1.0813968765981774,0.05193107102545291,0.00037037037037035425,0.0005853448578030197,0.4369936284314447,0.12475939985313429,0.11051185419896117,0.0,0.6527340482926602,0.6094151978603941,0.291258161750093,0.3223044789711182,0.42394229063606365,surprised,08,23,23,male,strong,2696
0,0.0,True,1.0,0.602304854073246,0.5777816662455778,0.5900432601594119,0.42020360122126843,-0.07009259259259254,-0.06995370370370368,0.35833884086221024,0.2589435483679091,0.1889216026949264,1.404184206048035,0.024523187827668158,0.0001388888888888551,0.007575941897530959,0.6032683185246044,0.12725084888350016,0.10763363428292601,0.0,0.775372739899482,0.6119305215445554,0.290263629173526,0.31058634780888655,0.41893812855256085,surprised,08,23,23,male,strong,2697
10,0.33366666666666667,True,1.0,0.6163889598472998,0.5776702584505675,0.5970296091489337,0.42751198869135065,-0.06958333333333327,-0.06921296296296292,0.3640241993130007,0.25496028776670654,0.19030343754396398,1.3965213255808109,0.03871870139673228,0.00037037037037035425,0.0072515529686763775,0.6018597196929251,0.1262253731309862,0.10883442905775438,0.0,0.6924440337374668,0.6140126008841037,0.2915978213895391,0.30915051059283116,0.4209540608985677,surprised,08,23,23,male,strong,2697
20,0.6673333333333333,True,1.0,0.635811335058035,0.6339118761647682,0.6348616056114016,0.43491589346723647,-0.06958333333333333,-0.06976851851851862,0.3587524829184333,0.2663859982602435,0.19102055594950892,1.4597342041242916,0.0018994588932668144,0.00018518518518528815,0.009216541124418751,0.5838340714140448,0.12510722177190764,0.11011794054865294,0.0,0.9999999987499999,0.6133024238523535,0.2920340256768089,0.3102004396069992,0.42145553196884655,surprised,08,23,23,male,strong,2697
30,1.0010000000000001,True,1.0,0.6828329100221728,0.6805555555555555,0.6816942327888642,0.8992959446085987,-0.07643518518518516,-0.08486111111111111,0.3519190474243519,0.4568815559880312,0.20902923774983864,0.7580310318040615,0.002277354466617365,0.008425925925925948,0.015975700983464475,0.32119258387606137,0.12213061545542521,0.11341027527766565,0.0,0.715741159966073,0.6020764821709934,0.2967151960095619,0.33336269363598625,0.4339223058434159,surprised,08,23,23,male,strong,2697
40,1.3346666666666667,True,1.0,0.6450845037279369,0.6995457533595538,0.6723151285437454,0.6783369925432846,-0.0920833333333334,-0.09120370370370362,0.36255471109265325,0.33914520981760893,0.22571100783906625,0.9911226071027596,0.054461249631616915,0.0008796296296297856,0.00997275588345272,0.4238985138882978,0.12047974822751624,0.1151625287880326,0.0,0.6363673168993854,0.595529714205995,0.2964362796833053,0.32650819315870316,0.42611202519008406,surprised,08,23,23,male,strong,2697
50,1.6683333333333334,True,1.0,0.6244262279306552,0.5923567942244733,0.6083915110775642,0.7809508009279993,-0.08499999999999996,-0.08486111111111111,0.36972926597507555,0.4109467044308792,0.21875034877204338,0.7790394866803595,0.03206943370618187,0.0001388888888888551,0.002716553706160898,0.39113769703149576,0.12152262732083334,0.11406151331235459,0.0,0.6859994009352379,0.5965878476468711,0.296795669172415,0.32654126048166243,0.42318240372748345,surprised,08,23,23,male,strong,2697
60,2.0020000000000002,True,1.0,0.686392807002244,0.7078802633872496,0.6971365351947468,0.8189784711941706,-0.09300925925925924,-0.09527777777777774,0.33245855530704677,0.38628884441109246,0.22108504626811995,0.851226936622933,0.0214874563850056,0.002268518518518503,0.012093423688456525,0.3077656859657288,0.12405596632270752,0.11130092088592324,0.0,0.6577372404670021,0.6083458959443152,0.29489831083067647,0.32076578683811413,0.4173193181390737,surprised,08,23,23,male,strong,2697
70,2.3356666666666666,True,1.0,0.6881625359601682,0.6971751866709789,0.6926688613155736,0.628016605769372,-0.08976851851851853,-0.09046296296296291,0.3668269072277648,0.3206189026988779,0.22223904440044584,1.1029467293575737,0.009012650710810699,0.0006944444444443865,0.008057561200547724,0.44472294152963693,0.12189424095816769,0.11366429426735719,0.0,0.6806459623505248,0.6168969457626802,0.2949680655082817,0.32011082186069784,0.4160092562987369,surprised,08,23,23,male,strong,2697
80,2.6693333333333333,True,1.0,0.575550763663967,0.5092818568323111,0.542416310248139,0.6004558072064503,-0.09324074074074074,-0.09217592592592588,0.3562549674897974,0.2862638150635403,0.2243331047175763,0.9033409349002165,0.06626890683165587,0.0010648148148148517,0.012118536631406586,0.4715041005334968,0.12424901884203633,0.11108536846553314,0.0,0.6937296781132137,0.6006292475974765,0.2902311248325708,0.32463750306436223,0.41494407542546613,surprised,08,23,23,male,strong,2697
90,3.003,True,1.0,0.6496956291796981,0.6155840210397698,0.632639825109734,0.5939829760727897,-0.09305555555555545,-0.09023148148148147,0.35363586064475105,0.29675205859040904,0.2173835740079199,1.065080735634092,0.03411160813992831,0.002824074074073979,0.015014388893106115,0.4341327651021529,0.12331188419342018,0.1121247385131712,0.0,0.7071067807446058,0.6098094144532813,0.2899953103868018,0.32352116573822104,0.42010214179417293,surprised,08,23,23,male,strong,2697
0,0.0,True,1.0,0.5674491593382192,0.528758555601733,0.5481038574699761,0.5268823343396085,-0.07222222222222224,-0.07175925925925924,0.3402457707185812,0.30734802836477143,0.1875146478653401,1.040277537786433,0.03869060373648614,0.0004629629629629983,0.005137157990455011,0.48517084162516544,0.12707909750895385,0.10783636096815843,0.0,0.680049075040732,0.6070007056650786,0.2896111613542239,0.30813019116851287,0.4109615812522834,neutral,01,23,23,male,normal,2698
10,0.33366666666666667,True,1.0,0.5420510156296248,0.5237012893083658,0.5328761524689953,0.522660313709056,-0.07092592592592589,-0.06990740740740742,0.34206529365798966,0.30484797238071276,0.1854232501172056,1.019545847450025,0.018349726321258975,0.0010185185185184742,0.0038724279606756422,0.48749106756832544,0.12655828898728144,0.1084471173389021,0.0,0.7007834769732963,0.6058531415066027,0.28874719484973166,0.3066016179441343,0.4122218377201264,neutral,01,23,23,male,normal,2698
20,0.6673333333333333,True,1.0,0.5823578490720779,0.5740009366340069,0.5781793928530423,0.7599728943499839,-0.07365740740740734,-0.07375000000000004,0.33332416629498623,0.3947918369429068,0.18264055980567517,0.7607894928246983,0.008356912438071018,9.259259259269959e-05,0.0022466692220811566,0.35502677663643123,0.1236772882831926,0.11172155625903982,0.0,0.8723954559509649,0.6100081516591012,0.29379040010673757,0.29781200222294846,0.3976753060804206,neutral,01,23,23,male,normal,2698
30,1.0010000000000001,True,1.0,0.444220655686829,0.4174745630603523,0.4308476093735907,0.7094961001034116,-0.07754629629629622,-0.07597222222222222,0.3629447046837714,0.33426226026053224,0.1840294360839854,0.607258601295755,0.026746092626476703,0.0015740740740740056,0.001024043483702591,0.36977242034159025,0.12480504476428812,0.11046030314859988,0.0,0.761246868492312,0.613634698394983,0.2943192856971808,0.30224570982613647,0.39803881540878494,neutral,01,23,23,male,normal,2698
40,1.3346666666666667,True,1.0,0.5213589511076666,0.5068494412821962,0.5141041961949314,0.6374015579401288,-0.07407407407407401,-0.07375000000000004,0.35729514825352354,0.36717127299504865,0.18055555555555552,0.8065625033241938,0.01450950982547039,0.0003240740740739767,0.008527659727841887,0.4301597217672364,0.1255822250938064,0.1095759212185879,0.0,0.6897891609375105,0.6154740948879552,0.29195261715770837,0.3063695855423598,0.40808229861493484,neutral,01,23,23,male,normal,2698
50,1.6683333333333334,True,1.0,0.5273401780846282,0.5151808628549388,0.5212605204697836,0.9085167708548085,-0.07259259259259265,-0.07171296296296292,0.3369141413088227,0.43226035129090057,0.186112750854354,0.5737489248319964,0.012159315229689382,0.0008796296296297301,0.006430091681983025,0.29981695960692983,0.12294027064639237,0.11236264359639922,0.0,0.6742874666564536,0.6073350016334659,0.2918627686597862,0.3106013037478916,0.41621469828787827,neutral,01,23,23,male,normal,2698
60,2.0020000000000002,True,1.0,0.5362812725922568,0.5068494412821962,0.5215653569372265,0.5616363245097817,-0.07203703703703701,-0.07226851851851851,0.3448266671492293,0.35998584383503107,0.18126515292262463,0.928653176755384,0.029431831310060552,0.00023148148148149916,0.0011707994327942097,0.4643304313407994,0.12654951159596126,0.10845735975638301,0.0,0.7830496560763801,0.612901608588748,0.29110836917961863,0.30556120512049884,0.4045924183894356,neutral,01,23,23,male,normal,2698
70,2.3356666666666666,True,1.0,0.5056611354603175,0.4856278928145047,0.4956445141374111,0.8008528583962048,-0.07583333333333331,-0.07384259259259252,0.34435501531688584,0.42185656400737415,0.18750651030364246,0.6188958545143902,0.020033242645812854,0.001990740740740793,0.000844424670037818,0.3533540773356795,0.1231892077813744,0.11225950675249087,0.0,0.6791034630911638,0.6045487617703331,0.29234366292625746,0.3094692920055801,0.40894584172262743,neutral,01,23,23,male,normal,2698
80,2.6693333333333333,True,1.0,0.5566866506874226,0.5382485473447092,0.5474675990160659,0.7878530007425819,-0.07245370370370369,-0.0703240740740741,0.33144422506750587,0.37119997150371653,0.19028780153576583,0.6948854653089555,0.018438103342713452,0.0021296296296295925,0.0007203302571118338,0.3466876226407687,0.12463610428226274,0.11065088919418635,0.0,0.7717903384572393,0.604233100951318,0.29053247803335647,0.31003219947033894,0.4115111814805658,neutral,01,23,23,male,normal,2698
90,3.003,True,1.0,0.5773566341950298,0.5583417637817729,0.5678491989884014,0.4876034633312066,-0.0735648148148148,-0.07217592592592598,0.3584099082215142,0.2855963142368494,0.18612586828024424,1.1645717097843653,0.01901487041325689,0.0013888888888888284,0.0004341300412048727,0.5174505793221369,0.12595996080028238,0.10914149552505528,0.0,0.8326147439622843,0.605371809817677,0.291054898558459,0.3088987175387662,0.4119476510054444,neutral,01,23,23,male,normal,2698
100,3.336666666666667,True,1.0,0.2224683074923014,0.18793257904620583,0.20520044326925363,0.4451613499435791,-0.0832870370370371,-0.08231481481481484,0.3558626985894792,0.25040325934326263,0.18612135926937018,0.4609574557523048,0.034535728446095565,0.0009722222222222632,0.0031134778733204315,0.6009153377673634,0.1257294046867979,0.10940701333712079,0.0,0.8794972317443285,0.6063219201039792,0.2912320684888285,0.30552781244696076,0.402955292728487,neutral,01,23,23,male,normal,2698
110,3.6703333333333332,True,1.0,0.5509600133213756,0.5227240799892532,0.5368420466553143,0.49077441841389036,-0.07351851851851854,-0.07226851851851851,0.3550723749419193,0.2663859982602435,0.18820903826281987,1.0938672157980598,0.028235933332122376,0.0012500000000000289,0.0024396615425343843,0.5173837658985588,0.1250151489054456,0.11022245830273499,0.0,0.8904160019748145,0.6056015021164716,0.2913066637992134,0.30767086059699666,0.4121086654458376,neutral,01,23,23,male,normal,2698
0,0.0,True,1.0,0.5912006784517253,0.5868494101345718,0.5890250442931486,0.502588455606913,-0.07097222222222221,-0.07087962962962957,0.3458261854237912,0.2727985046441697,0.18889898634705438,1.1719828374924708,0.004351268317153489,9.259259259264407e-05,0.0009750190417430469,0.517383765898559,0.12552284293237287,0.10964394042797425,0.0,0.6866879554069923,0.6065661832154737,0.28860916386386537,0.3097126719276406,0.41239369766988454,neutral,01,23,23,male,normal,2699
10,0.33366666666666667,True,1.0,0.5916662249104007,0.571592563443784,0.5816293941770923,0.669636681553313,-0.07175925925925919,-0.07134259259259251,0.3337349203318702,0.37199131795415286,0.18472883042169144,0.86857457215146,0.02007366146661671,0.0004166666666666763,0.0025265508194613445,0.39000998935861464,0.1258863819785785,0.1092263548900115,0.0,0.8464579276093489,0.6079564851174845,0.29051079802053725,0.31113786359466983,0.4148028893370111,neutral,01,23,23,male,normal,2699
20,0.6673333333333333,True,1.0,0.5770060337882231,0.566261040060359,0.5716335369242911,0.5645420377179137,-0.07199074074074069,-0.07120370370370371,0.343085670727933,0.33290042385553775,0.1847259393635113,1.0125615077931909,0.010744993727864083,0.000787037037036975,0.001609138628931342,0.4536369894003315,0.1263315123806573,0.1087112080239934,0.0,0.8677320178555438,0.6061770064119397,0.29038064160317384,0.31090438910142076,0.4145425267589488,neutral,01,23,23,male,normal,2699
30,1.0010000000000001,True,1.0,0.47540885535194577,0.44769034683945075,0.46154960109569826,0.80904991288711,-0.0740277777777778,-0.07310185185185186,0.3517925708795377,0.3487284107272017,0.19029742384669845,0.5704834692443754,0.02771850851249502,0.0009259259259259411,0.00801238980736924,0.3301918266553738,0.1251275061436654,0.1100948907830122,0.0,0.780142771369521,0.6052284214154413,0.2916687924722502,0.31062432686235564,0.40960636473230205,neutral,01,23,23,male,normal,2699
40,1.3346666666666667,True,1.0,0.5115942202406593,0.5000713134202333,0.5058327668304463,0.6082929669983034,-0.07231481481481478,-0.07092592592592595,0.3562381055450936,0.3110334880520953,0.18958977209762073,0.8315610968289514,0.011522906820426004,0.0013888888888888284,0.000609786344281259,0.4525711953172291,0.12592125845135227,0.10918614582612556,0.0,0.7177110793673966,0.6024955638583559,0.29162034029401673,0.31442300031837134,0.41647964788127884,neutral,01,23,23,male,normal,2699
50,1.6683333333333334,True,1.0,0.5724715886113594,0.5298407339585257,0.5511561612849425,0.7540607811429835,-0.07111111111111107,-0.06921296296296292,0.3486930318163081,0.34212016922227967,0.19166825888152061,0.730917420807267,0.04263085465283367,0.0018981481481481488,0.005475908407452666,0.35609797793621367,0.1242407961561652,0.11109456485660008,0.0,0.6861627747963603,0.6050720121407939,0.29085419306301874,0.312044095360986,0.4148002144388239,neutral,01,23,23,male,normal,2699
60,2.0020000000000002,True,1.0,0.5337299192648437,0.528758555601733,0.5312442374332884,0.580366812037925,-0.07180555555555551,-0.070462962962963,0.3318161090159911,0.3422320125178203,0.1902813863914834,0.9153594354712575,0.004971363663110684,0.0013425925925925064,0.0019119824035959475,0.44780343288837077,0.12456641506750743,0.11055714386632601,0.0,0.7860668039177295,0.6028741824776787,0.2883064907896615,0.3074649184844852,0.4109717411649946,neutral,01,23,23,male,normal,2699
70,2.3356666666666666,True,1.0,0.2179000698384245,0.19312248728106157,0.20551127855974305,0.6505229255209628,-0.08129629629629631,-0.08078703703703705,0.3527999227124944,0.3183410061060031,0.19098660378297827,0.31591704227051187,0.024777582557362926,0.0005092592592592649,0.0025122905679495536,0.42103886277886776,0.12574300714622452,0.10939137957020907,0.0,0.7561661856012457,0.6022058185774309,0.28903489636706386,0.30958529602753865,0.4021835824993707,neutral,01,23,23,male,normal,2699
80,2.6693333333333333,True,1.0,0.5360729764938797,0.5225965240812223,0.529334750287551,0.7065525204533547,-0.07236111111111121,-0.07143518518518521,0.3464248077615803,0.3250141594085432,0.19028419304371916,0.74917962212902,0.013476452412657491,0.0009259259259259967,0.004083262372358374,0.3760672313563095,0.12427857312519659,0.11105230313750455,0.0,0.7744368754293949,0.6030343143272935,0.28993253297589355,0.3095891570507989,0.4112596472418262,neutral,01,23,23,male,normal,2699
90,3.003,True,1.0,0.5711784984917488,0.5429112643890784,0.5570448814404136,0.444791989304727,-0.07097222222222221,-0.07032407407407404,0.36750152272419095,0.23573759361392382,0.18959782024548774,1.2523716587413227,0.028267234102670402,0.0006481481481481755,0.0025180904112492675,0.569468016438519,0.1242216476172123,0.11111597559950216,0.0,0.7546469221650953,0.6052324580066402,0.28941033860673643,0.3108514042508925,0.411135528574351,neutral,01,23,23,male,normal,2699
100,3.336666666666667,True,1.0,0.5622233160748235,0.5583358084915372,0.5602795622831803,0.45746718119115803,-0.07129629629629619,-0.07106481481481486,0.36820670128678296,0.22860848096779024,0.19028780153576583,1.224742637984037,0.003887507583286265,0.00023148148148133263,5.694012913742474e-05,0.5527375516944087,0.12660507343275348,0.10839249582704194,0.0,0.6684563826353218,0.603717393457383,0.28918644015993134,0.3132040086297124,0.41177876843574,neutral,01,23,23,male,normal,2699
110,3.6703333333333332,True,1.0,0.5824652906101299,0.5783592921997093,0.5804122914049196,0.5022516362070597,-0.07083333333333341,-0.07018518518518518,0.3648090893627398,0.2510968027610556,0.18959339380643883,1.155620508851139,0.004105998410420586,0.000648148148148231,0.0006564238344067631,0.5045344884084555,0.12623452833060486,0.1088238100214682,0.0,0.7501978306838659,0.6030837302733594,0.2895577178890116,0.3111852701190643,0.4123776906267704,neutral,01,23,23,male,normal,2699
0,0.0,True,1.0,0.5764662303390317,0.5764214265617356,0.5764438284503837,0.5444013179932023,-0.07194444444444442,-0.07092592592592595,0.3355640010212902,0.3089488314345606,0.18889050451846834,1.0588582529066937,4.4803777296098524e-05,0.0010185185185184742,0.003444349679432292,0.4931399774177611,0.12798107269320386,0.1067643330089266,0.0,0.8374317451564283,0.6061205205910489,0.2863678270366149,0.3124048445112212,0.413786898475053,neutral,01,23,23,male,normal,2700
10,0.33366666666666667,True,1.0,0.5760980210370932,0.5496189693305183,0.5628584951838058,0.525373502127232,-0.07185185185185178,-0.06912037037037028,0.3393301497684689,0.3210223997201658,0.1875101722501092,1.071349226606971,0.02647905170657483,0.0027314814814815014,0.0013042533366736401,0.47197309015429023,0.12630930981211413,0.1087370039370189,0.0,0.8011628820972735,0.6051090926057923,0.28737676338367624,0.31065617046494043,0.4157246616563894,neutral,01,23,23,male,normal,2700
20,0.6673333333333333,True,1.0,0.5770060337882231,0.5726438202982147,0.5748249270432189,0.7043944054854883,-0.07310185185185186,-0.07203703703703701,0.329531244263836,0.38206199908832167,0.18680923124255766,0.8160554975547165,0.004362213490008426,0.0010648148148148517,0.0037403940497812123,0.3763535346932845,0.12509384487295536,0.11013313645396768,0.0,0.7892444599729517,0.6030859981727066,0.289291427265158,0.30868727979121036,0.41563007992959455,neutral,01,23,23,male,normal,2700
30,1.0010000000000001,True,1.0,0.49049526256162246,0.48577331417610536,0.4881342883688639,0.8554363859923526,-0.07300925925925922,-0.07134259259259262,0.3290781346026231,0.39012307581383554,0.18958695516515212,0.5706260528099956,0.004721948385517094,0.0016666666666665941,0.002203693490639217,0.326066611953383,0.12538554202179808,0.10980092723754742,0.0,0.7500435431966462,0.6062091338332207,0.28935654199777117,0.31622978054612805,0.41683015720428906,neutral,01,23,23,male,normal,2700
40,1.3346666666666667,True,1.0,0.5420310352822548,0.5000713134202328,0.5210511743512438,0.6185986041150331,-0.07296296296296295,-0.07120370370370371,0.35027892817058864,0.30929930205751655,0.18959339380643883,0.8423090043933407,0.041959721862022015,0.0017592592592592382,0.0022111435154139954,0.4526081763359528,0.12539107735667404,0.10979460592215637,0.0,0.791604670661396,0.6015663911111319,0.29036007751770393,0.3126539071709602,0.41614673353522896,neutral,01,23,23,male,normal,2700
50,1.6683333333333334,True,1.0,0.4819788729531574,0.46481834949677153,0.47339861122496446,0.7966298103082196,-0.07370370370370366,-0.07180555555555557,0.35452570169115666,0.3570931218862434,0.18820093072565577,0.5942516901819234,0.017160523456385857,0.0018981481481480933,0.005550659235530218,0.3604722767268107,0.12466045972482624,0.11062344937427887,0.0,0.7763272254506818,0.6044862897971689,0.29087422686357567,0.3139284091193855,0.4150332005391736,neutral,01,23,23,male,normal,2700
60,2.0020000000000002,True,1.0,0.5364237883493944,0.5114034301798159,0.5239136092646052,0.6409383041596566,-0.07120370370370371,-0.07023148148148156,0.33862421094990736,0.35685694127444306,0.18892160269492644,0.8174165997950705,0.025020358169578483,0.0009722222222221522,0.008121979117131231,0.42428199455674437,0.1259939128337401,0.10910229923904584,0.0,0.7202572306105416,0.6031999179124775,0.2879599518291883,0.3118661987290637,0.4118277874140168,neutral,01,23,23,male,normal,2700
70,2.3356666666666666,True,1.0,0.4898049484145795,0.47918186894769527,0.4844934086811374,0.651052696397278,-0.07370370370370366,-0.07111111111111107,0.34790461229583763,0.3184258821760811,0.18959782024548774,0.7441692682668736,0.010623079466884233,0.002592592592592591,0.0009552269269525141,0.40873817149366265,0.12582122802281295,0.10930140140594498,0.0,0.683930508372912,0.6026359960468562,0.2905692084175767,0.31126519901867467,0.41051291582260957,neutral,01,23,23,male,normal,2700
80,2.6693333333333333,True,1.0,0.49034265916315983,0.456367853477588,0.4733552563203739,0.5521576303742319,-0.07495370370370363,-0.07291666666666669,0.3576346086835779,0.28988275594647117,0.19029742384669845,0.8572828306285495,0.03397480568557182,0.0020370370370369484,0.001571019306567441,0.4527692569068709,0.12514467298612106,0.11007537687122484,0.0,0.7238612120088126,0.6030932589754652,0.2896594258161886,0.30735427510806035,0.4070934699814799,neutral,01,23,23,male,normal,2700
90,3.003,True,1.0,0.5330290644425071,0.5286330418121407,0.5308310531273239,0.4801759676177977,-0.07324074074074066,-0.07249999999999995,0.3599573306261607,0.2537745254707551,0.18890867939912034,1.1054927545850146,0.004396022630366425,0.0007407407407407085,0.0009860412900091055,0.51738376589856,0.126193027267784,0.10887193228440678,0.0,0.8390840264219072,0.6042549656346914,0.28959474007597236,0.3103826885532074,0.41081513376528134,neutral,01,23,23,male,normal,2700
100,3.336666666666667,True,1.0,0.5570826940179103,0.5203022266635727,0.5386924603407415,0.5000457714783615,-0.07319444444444445,-0.07212962962962965,0.3555273928732059,0.2569366034812166,0.18959782024548774,1.0772863027080959,0.0367804673543376,0.0010648148148147962,0.002189303875964202,0.5030155526003487,0.12648597921688143,0.10853144628152396,0.0,0.7437374428249123,0.6025448083530287,0.2894323827438683,0.31147012119156775,0.4111889186194917,neutral,01,23,23,male,normal,2700
0,0.0,True,1.0,0.5562014516041948,0.5373614955635551,0.546781473583875,0.5444013179932022,-0.07203703703703701,-0.07074074074074072,0.3384492350049123,0.3236606805504921,0.18611480051309184,1.0043720606692257,0.018839956040639705,0.0012962962962962954,0.0012582757452567648,0.46317870260609,0.12792784666064935,0.10682810407005969,0.0,0.8294423324154957,0.6073105495557599,0.28869869008822685,0.31110185724836464,0.41143833389160417,neutral,01,23,23,male,normal,2701
10,0.33366666666666667,True,1.0,0.5815396550238845,0.543036118289909,0.5622878866568968,0.5512817700470078,-0.07083333333333325,-0.0698611111111111,0.3341588381799422,0.3277512874623907,0.18611766999740337,1.0199645938028215,0.03850353673397544,0.0009722222222221522,0.002527376917221172,0.47815238697864165,0.12530946480318378,0.1098877418138017,0.0,0.868058511095276,0.6087894090214211,0.2889704502768007,0.3080986645681684,0.4132535419168161,neutral,01,23,23,male,normal,2701
20,0.6673333333333333,True,1.0,0.5708255423871211,0.5357831362179392,0.5533043393025301,0.8899090513430862,-0.07226851851851851,-0.07162037037037045,0.31799153757346493,0.4526725863005495,0.18403441091295172,0.6217538055911007,0.03504240616918197,0.0006481481481480644,0.006219578546835392,0.3103550429293151,0.12581441686218733,0.10930924151200229,0.0,0.8482446827643036,0.6078028568458633,0.29054673954500065,0.31110229252023985,0.413908839142268,neutral,01,23,23,male,normal,2701
30,1.0010000000000001,True,1.0,0.5145238365010196,0.4710711532206834,0.4927974948608515,0.9545147136366172,-0.07583333333333336,-0.0734259259259259,0.32341132469173034,0.44639307888820207,0.18959782024548774,0.5162806689310596,0.043452683280336246,0.002407407407407469,0.0055866883181526095,0.3010783945978475,0.12443406687232872,0.11087804458830884,0.0,0.8073190842059249,0.6063109533891682,0.29143236503133735,0.31316980399284383,0.41292915943282793,neutral,01,23,23,male,normal,2701
40,1.3346666666666667,True,1.0,0.3970276073524948,0.4025897102448749,0.3998086587986849,0.6694941650798878,-0.07592592592592595,-0.07351851851851854,0.3485707566660506,0.3418448796823517,0.1847370903386176,0.5971801990999839,0.005562102892380072,0.0024074074074074137,0.001868206902137706,0.39720417583065687,0.1241592254246492,0.11118572081028817,0.0,0.7681983756182487,0.604926300879727,0.29182005111323545,0.30712906634017473,0.4114318931466636,neutral,01,23,23,male,normal,2701
50,1.6683333333333334,True,1.0,0.5420750677168386,0.5130176330944638,0.5275463504056512,0.7465208693785692,-0.07351851851851848,-0.07055555555555554,0.3571623146943686,0.36632833037246865,0.18613119697045138,0.7066732787320464,0.029057434622374756,0.002962962962962945,0.0031201261857431548,0.35607865995654725,0.1267220824004249,0.108255676999637,0.0,0.7141926633900314,0.6053766514965362,0.2908413971890723,0.3174828303805251,0.41429170513001545,neutral,01,23,23,male,normal,2701
60,2.0020000000000002,True,1.0,0.5360966104741245,0.5068494412821973,0.5214730258781609,0.6084124214909592,-0.07208333333333333,-0.07143518518518516,0.33342671126951967,0.37084360601652905,0.18406135556647346,0.8571045025679342,0.029247169191927158,0.0006481481481481755,0.008441213517881479,0.400694261199314,0.12474991916139376,0.11052255624707888,0.0,0.8200395127715793,0.6049501782822504,0.28958186780895545,0.3077603825520761,0.41143986933607407,neutral,01,23,23,male,normal,2701
70,2.3356666666666666,True,1.0,0.5273401780846269,0.49878145468976753,0.5130608163871972,0.6485245837443874,-0.07231481481481478,-0.07060185185185186,0.3674966622701542,0.34450503064311916,0.18752603985846872,0.7911200735443786,0.02855872339485932,0.0017129629629629162,0.0025482512110505205,0.42645022099102514,0.12298836303410615,0.11247951070393195,0.0,0.7736357044592364,0.6035373690257353,0.2899689264556412,0.3106917524136673,0.41123866013702115,neutral,01,23,23,male,normal,2701
80,2.6693333333333333,True,1.0,0.575748184924414,0.5556105758124549,0.5656793803684345,0.8581519933157102,-0.07212962962962971,-0.06976851851851851,0.3279249131541768,0.39894597505077234,0.19237538884161803,0.659183203878341,0.020137609111959165,0.0023611111111112026,0.003493458707864536,0.3298674744754283,0.12628385351070046,0.1087665670733147,0.0,0.8142983637491074,0.5995329894223316,0.28986232218517094,0.3170938915674398,0.4147042408579005,neutral,01,23,23,male,normal,2701
90,3.003,True,1.0,0.483084881537563,0.4634530667364726,0.4732689741370178,0.5101562289806039,-0.07578703703703699,-0.07407407407407407,0.35705299923759637,0.268741924943285,0.18959782024548774,0.9276941988588587,0.01963181480109044,0.0017129629629629162,0.0058929501720941455,0.5043597060321754,0.12597944436911063,0.10911900552502068,0.0,0.685048810172462,0.6028278379320477,0.28941465122783283,0.3099656862221714,0.4103404992163086,neutral,01,23,23,male,normal,2701
100,3.336666666666667,True,1.0,0.5416557895200795,0.5287585556017342,0.5352071725609069,0.48615904990527187,-0.07240740740740742,-0.0721296296296296,0.355549065293942,0.25693660348121644,0.19028780153576583,1.1008890458075233,0.012897233918345297,0.0002777777777778212,0.0012424116375951894,0.5173837658985603,0.12561448771721698,0.10953893484052026,0.0,0.7512959565660523,0.6021175926464336,0.28767660831320246,0.3101872618607925,0.4106409267801957,neutral,01,23,23,male,normal,2701
110,3.6703333333333332,True,1.0,0.54820568371317,0.5144817691358111,0.5313437264244906,0.4686397860300933,-0.07412037037037045,-0.0715277777777778,0.3582832509702799,0.2549602877667063,0.19029221182200778,1.133799865618688,0.033723914577358904,0.0025925925925926463,0.00037283712551683043,0.5203312268305798,0.127340705599691,0.10752731033559537,0.0,0.8063004449897678,0.5994736685611745,0.2883986936111434,0.31403853732447207,0.4141503335578129,neutral,01,23,23,male,normal,2701
0,0.0,True,1.0,0.602158916671116,0.5876854603426759,0.5949221885068959,0.45709330251944386,-0.07074074074074077,-0.06953703703703684,0.3484100553224555,0.27139914837091955,0.18958977209762073,1.301533374538099,0.014473456328440104,0.0012037037037039289,0.010130110514950634,0.5659615711335869,0.1248633979951756,0.11039433686277142,0.0,0.8595346098906077,0.6129557727700456,0.29044292332521626,0.3025467051439794,0.4146936425020972,calm,02,23,23,male,normal,2702
10,0.33366666666666667,True,1.0,0.6307636600318484,0.6267035647556586,0.6287336123937535,0.4862741001526688,-0.07050925925925922,-0.06912037037037039,0.3482129542580203,0.25025389390267805,0.19514514434912314,1.2929613405204154,0.004060095276189779,0.0013888888888888284,0.0021852034338408523,0.5490405495845345,0.12455858631307767,0.11073814313896325,0.0,0.837367228659758,0.6107588142522635,0.29073799716091747,0.3021109777852542,0.40882536516945306,calm,02,23,23,male,normal,2702
20,0.6673333333333333,True,1.0,0.6354037060507347,0.5926988660508926,0.6140512860508136,0.5622779068212491,-0.06981481481481477,-0.06861111111111118,0.34330569732602895,0.25227795024380073,0.19375354394440278,1.0920779184127245,0.04270483999984209,0.0012037037037035958,0.010449143799305375,0.46433043134079954,0.12544284483681098,0.10973545666573638,0.0,0.6869547996486707,0.6086566379676871,0.2909487274708469,0.30489457975987244,0.4104541551987362,calm,02,23,23,male,normal,2702
30,1.0010000000000001,True,1.0,0.5714679462125786,0.5629625570441942,0.5672152516283864,0.711011626817037,-0.07037037037037036,-0.07078703703703704,0.3624884624015097,0.28707213568805034,0.18775414091742584,0.7977580537854504,0.008505389168384392,0.0004166666666666763,0.012998703608018764,0.3893319728858815,0.12155665515714638,0.11402524876813568,0.0,0.8762854745922967,0.6085115199595464,0.29375391006055385,0.3027902874256136,0.4177920043286265,calm,02,23,23,male,normal,2702
40,1.3346666666666667,True,1.0,0.450458405462089,0.4754088553519469,0.46293363040701796,0.6457018486504584,-0.06995370370370374,-0.07263888888888886,0.3451005511259759,0.2866205473588416,0.18927664755212043,0.7169464225239047,0.024950449889857895,0.002685185185185124,0.021960325748689977,0.42504959623829613,0.12371268750337452,0.11168235635425691,0.0,0.745715647722376,0.6080271648190527,0.29329951286601397,0.3045198656632417,0.41067258415891367,calm,02,23,23,male,normal,2702
50,1.6683333333333334,True,1.0,0.5621002038039388,0.5677627232487635,0.5649314635263512,0.7044305523718665,-0.06712962962962954,-0.06791666666666668,0.35186299429545437,0.2463014392439833,0.20334923983662792,0.8019689969780381,0.005662519444824765,0.0007870370370371416,0.023825340966506497,0.40459055923333576,0.12649380031689106,0.108522330660067,0.0,0.814081997052673,0.5929010186105693,0.2935170635144389,0.3084888716949961,0.39788784307888925,calm,02,23,23,male,normal,2702
60,2.0020000000000002,True,1.0,0.5609983746287108,0.5667260304831176,0.5638622025559142,0.5587457060961426,-0.06717592592592586,-0.06888888888888894,0.33738972728509653,0.25686722180025334,0.1893282349745268,1.0091571110148114,0.005727655854406821,0.0017129629629630827,0.025496126688224346,0.4580792945211681,0.12316243759447022,0.11228887627884261,0.0,0.6741282265829145,0.6074435111935399,0.28916497800529567,0.2904649479150928,0.39880360503625917,calm,02,23,23,male,normal,2702
70,2.3356666666666666,True,1.0,0.5770060337882232,0.5843194325452172,0.5806627331667202,0.9563111426673978,-0.06810185185185191,-0.0706944444444444,0.34473419610427675,0.3494988462945308,0.1990811232206755,0.6071901782374954,0.007313398756993994,0.0025925925925924798,0.027691063750974108,0.2940563312191156,0.12074667295938486,0.11488263027533624,0.0,0.931555104343313,0.5998434404933849,0.2961439213485159,0.295832279530303,0.39928103446070695,calm,02,23,23,male,normal,2702
80,2.6693333333333333,True,1.0,0.5462478826176277,0.5380193884875833,0.5421336355526055,0.6431892169800639,-0.06546296296296295,-0.06921296296296298,0.3433828053665044,0.24964203306752247,0.19299465716154224,0.8428835889041487,0.00822849413004434,0.003750000000000031,0.04338282524899865,0.43721091506646453,0.12470217557231654,0.11057642234104899,0.0,0.8550242552725513,0.600762523798582,0.29438529894468574,0.3074782802916371,0.4185396865230191,calm,02,23,23,male,normal,2702
90,3.003,True,1.0,0.5254371211877007,0.5150033761134075,0.520220248650554,0.5974074219596938,-0.0662037037037036,-0.06837962962962962,0.34662193075027636,0.20534736916598267,0.20360720471261443,0.8707964272423327,0.010433745074293177,0.0021759259259260255,0.03775402982928244,0.45891304342027855,0.12350976544269061,0.11190672727837288,0.0,0.783603912842673,0.5852822352925545,0.2932770356596165,0.30534416640820233,0.40516694840337397,calm,02,23,23,male,normal,2702
100,3.336666666666667,True,1.0,0.5661146521249263,0.5383763729049974,0.5522455125149619,0.4584345397762339,-0.07023148148148145,-0.07134259259259257,0.36672044366046935,0.2087352786392311,0.19043809459322833,1.204633300066173,0.027738279219928885,0.0011111111111111183,0.03045429918208413,0.5452846763743157,0.12353061410290517,0.11188371261949638,0.0,0.9345383667576208,0.6085082914962862,0.2899580468304064,0.2956883171270836,0.399656220629034,calm,02,23,23,male,normal,2702
110,3.6703333333333332,True,1.0,0.6175121408973815,0.5642555590038885,0.590883849950635,0.4356154943609386,-0.06782407407407415,-0.0660648148148148,0.36679668677056265,0.19738827088229982,0.19166825888152061,1.356434418884663,0.05325658189349303,0.0017592592592593492,0.007691042868173466,0.5834354129666074,0.12604522362362144,0.10904301615459192,0.0,0.669682448990416,0.608283604895083,0.2907277655808053,0.3037218523445025,0.4063695450067334,calm,02,23,23,male,normal,2702
0,0.0,True,1.0,0.5875485251294151,0.5539773480565959,0.5707629365930056,0.4976407828461274,-0.07416666666666666,-0.07324074074074077,0.35000663185992964,0.2558964997395302,0.1910876436635411,1.1469376230152903,0.0335711770728192,0.0009259259259258856,0.017289605677464556,0.4989684303504936,0.12631039562657728,0.10873574263773182,0.0,0.9263089888401131,0.6076605237720089,0.29097758380138133,0.3055295595372494,0.41630896922097294,calm,02,23,23,male,normal,2703
10,0.33366666666666667,True,1.0,0.5726238582689865,0.5101537853614094,0.541388821815198,0.4875215885217372,-0.07185185185185183,-0.07115740740740739,0.34624320791704705,0.27228951999089945,0.1896995998366058,1.1104919957632993,0.06247007290757711,0.000694444444444442,0.016963640053833565,0.529938111683119,0.1257078211757225,0.109431811944784,0.0,0.9137414344330123,0.6071261929381129,0.2898847826807005,0.3074234716804647,0.41883805906877103,calm,02,23,23,male,normal,2703
20,0.6673333333333333,True,1.0,0.4903426591631597,0.4669902085745531,0.47866643386885643,0.46935404410196685,-0.07245370370370369,-0.07407407407407407,0.3481002897782035,0.2630845051938988,0.18692354984541237,1.0198408640213323,0.023352450588606632,0.0016203703703703831,0.015666356782291075,0.5292004084230446,0.1268022606484924,0.10816175139500603,0.0,0.8722676272856162,0.608142933079482,0.2897868992685719,0.30662428992184954,0.41446915273981577,calm,02,23,23,male,normal,2703
30,1.0010000000000001,True,1.0,0.5298859112538664,0.5578401764399042,0.5438630438468853,0.80971265538496,-0.07157407407407407,-0.07240740740740742,0.34757852656486626,0.3691808619005918,0.18724978985117816,0.671674130606638,0.02795426518603783,0.0008333333333333526,0.021336105453603996,0.32598728623155604,0.12227040206441689,0.11325955389671881,0.0,0.9185536957693428,0.6079349411405187,0.2922806687555488,0.302937899624243,0.41472764778570487,calm,02,23,23,male,normal,2703
40,1.3346666666666667,True,1.0,0.4639930550147664,0.4750012244612831,0.46949713973802476,0.6679534628852619,-0.07032407407407404,-0.07199074074074074,0.346753681946657,0.30500757060862366,0.18869040538874443,0.7028889972514042,0.011008169446516725,0.0016666666666667052,0.02839954813218016,0.4061882884525902,0.12282409470945486,0.11265886351665876,0.0,0.868259032448613,0.6029405301964536,0.29308639357999705,0.30670481559853263,0.40852049861018963,calm,02,23,23,male,normal,2703
50,1.6683333333333334,True,1.0,0.5902652685586292,0.5677258325854738,0.5789955505720514,0.7326382429392757,-0.06865740740740744,-0.06921296296296303,0.35251690221322934,0.26227487442776076,0.20127182170513797,0.7902884624875378,0.02253943597315533,0.0005555555555555869,0.028861154669840322,0.3728494820388248,0.12645206868190312,0.10857095420355994,0.0,0.7129420298997659,0.6022766003198156,0.2942341426498322,0.31013203097529907,0.3997538571385522,calm,02,23,23,male,normal,2703
60,2.0020000000000002,True,1.0,0.5371130941945895,0.5444827866917482,0.5407979404431689,0.6591380495196217,-0.07277777777777783,-0.07342592592592595,0.35399905494997896,0.26026624613955635,0.19711736001659574,0.820462330823264,0.007369692497158686,0.0006481481481481199,0.034841540487172265,0.3979991798576885,0.12518040174296707,0.11003474355793331,0.0,0.8836684064737826,0.6023481395839587,0.2915319447433818,0.3051748111228565,0.4026093316750361,calm,02,23,23,male,normal,2703
70,2.3356666666666666,True,1.0,0.5086996457672335,0.4970087638442945,0.502854204805764,0.5309628080437414,-0.07046296296296295,-0.07273148148148151,0.3409981755631394,0.2938766088298967,0.19417834769327566,0.9470610694155027,0.01169088192293899,0.0022685185185185586,0.03589863427660312,0.4859813043171274,0.1231775371587926,0.11227231230211462,0.0,0.8269640834179597,0.6041656323232418,0.28856521245616357,0.30002463940870644,0.4053140888802888,calm,02,23,23,male,normal,2703
80,2.6693333333333333,True,1.0,0.567343063417396,0.5377437904077299,0.552543426912563,0.6156354947584399,-0.06791666666666668,-0.06861111111111107,0.3564258250297108,0.26644253579069155,0.19470950513359928,0.8975171698463671,0.02959927300966614,0.0006944444444443865,0.03326489603410698,0.4244697440230838,0.12454281777390123,0.11075587709585107,0.0,0.8841171754235845,0.6042958365064776,0.2909566041232411,0.3083883750315607,0.4088069458158384,calm,02,23,23,male,normal,2703
90,3.003,True,1.0,0.6117621078585315,0.5678533046225857,0.5898077062405586,0.7120757355193919,-0.06412037037037038,-0.06444444444444442,0.3444209662554532,0.22039508147422818,0.20614855576683797,0.8282935042160223,0.043908803235945815,0.0003240740740740322,0.032205611213021575,0.38397882942043926,0.12383424884031552,0.11154755301874109,0.0,0.9092730975440763,0.592397182458921,0.29457388015000646,0.30271212439994677,0.3912154077565131,calm,02,23,23,male,normal,2703
100,3.336666666666667,True,1.0,0.22729506103276378,0.2056603568159302,0.21647770892434698,0.4301482770624206,-0.07814814814814813,-0.07898148148148149,0.36474345309400197,0.18746719443007076,0.19697603671470826,0.5032629920145723,0.021634704216833583,0.0008333333333333526,0.033256067485084105,0.6136618782869815,0.12437776370895488,0.11094119913257162,0.0,0.9363219366817191,0.6063830394267082,0.2907339556106317,0.29719566766738625,0.39294826775815295,calm,02,23,23,male,normal,2703
110,3.6703333333333332,True,1.0,0.5573112717112182,0.5390612736692464,0.5481862726902322,0.42480622598992795,-0.07092592592592589,-0.070462962962963,0.3714417569515322,0.21227197346600354,0.19179559324362383,1.2904384143918588,0.018249998041971804,0.0004629629629628873,0.020992197401204823,0.5805606013881013,0.12604522875515917,0.1090430102223947,0.0,0.8136144171069501,0.6096792915369272,0.29052437373682277,0.3050302091978029,0.4071439420160028,calm,02,23,23,male,normal,2703
120,4.0040000000000004,True,1.0,0.577777777777777,0.5590293682310371,0.568403573004407,0.44408211323619323,-0.07078703703703709,-0.070462962962963,0.3672278555904504,0.22204105661809662,0.189662193133846,1.2799515136113828,0.01874840954673984,0.0003240740740740877,0.01378149322037356,0.5633156518733924,0.12479941184860557,0.1104666672461275,0.0,0.7066259574371709,0.6074123146446079,0.2910984131050744,0.3047898311971234,0.41320460295484857,calm,02,23,23,male,normal,2703
0,0.0,True,1.0,0.6072565910788125,0.5879216076180226,0.5975890993484175,0.5142927337160939,-0.07125000000000009,-0.07041666666666663,0.3456996278533185,0.2713991483709195,0.1930571363157205,1.161962944781378,0.01933498346078988,0.0008333333333334636,0.0006524677243709151,0.5163096586489047,0.12688117051874323,0.10806917385780426,0.0,0.72904417607892,0.6078574893473014,0.2904864087504471,0.30791760896081216,0.4077904610247322,calm,02,23,23,male,normal,2704
10,0.33366666666666667,True,1.0,0.6221723491955451,0.6057380150018892,0.6139551820987171,0.5371130941945897,-0.07115740740740739,-0.0699537037037038,0.34011535988826147,0.30484797238071293,0.18888929279757935,1.1430650057402778,0.01643433419365592,0.0012037037037035958,0.00566107071658937,0.4894802777371577,0.12489468765620867,0.11035893604732051,0.0,0.8378649438297923,0.6110348397483994,0.2903832039625123,0.30536085514935996,0.41137501911063773,calm,02,23,23,male,normal,2704
20,0.6673333333333333,True,1.0,0.5770060337882232,0.5737034721893648,0.575354752988794,0.576635314842973,-0.07208333333333333,-0.07101851851851854,0.34051731737847685,0.30994148172809793,0.1909917968582275,0.9977792517710649,0.0033025615988584445,0.0010648148148147962,0.006842920230898439,0.45069390943299886,0.12364070387615776,0.11176204237184273,0.0,0.8235298305343224,0.6091931923316202,0.2909797963433301,0.30473238681854115,0.41113326405627,calm,02,23,23,male,normal,2704
30,1.0010000000000001,True,1.0,0.4730998379077962,0.46720215698258466,0.4701509974451904,0.8735908492402216,-0.07361111111111113,-0.07347222222222222,0.3263485889024747,0.39153604490212385,0.1933651375949507,0.5381821453991759,0.005897680925211535,0.0001388888888889106,0.020037002769574413,0.3204469066429932,0.12358107840376206,0.1118279698044839,0.0,0.8133860633994398,0.604104385121236,0.292685929838119,0.30522434013143657,0.40803774851924407,calm,02,23,23,male,normal,2704
40,1.3346666666666667,True,1.0,0.562480718932139,0.5574579397800832,0.5599693293561111,0.5964309809109696,-0.07175925925925924,-0.07421296296296298,0.35318192191357173,0.3045000927970465,0.19091823731914515,0.9388669389722711,0.005022779152055845,0.0024537037037037357,0.027801077815934005,0.4438191098482011,0.12429791071298762,0.11103065866091191,0.0,0.9364127113697504,0.6082350128176272,0.2901601882386957,0.30578865808374467,0.4095345990618182,calm,02,23,23,male,normal,2704
50,1.6683333333333334,True,1.0,0.5647182863434953,0.5419282870642783,0.5533232867038869,0.6795533688736011,-0.07013888888888886,-0.07245370370370374,0.36219694420793663,0.2393189102794454,0.2029513146326259,0.8142455207323188,0.022789999279216988,0.0023148148148148806,0.03880589383177587,0.3966750373702743,0.12488433326505478,0.1103706531434027,0.0,0.9217162018560509,0.602847427603854,0.29551485732164995,0.304304783971506,0.3905319556885704,calm,02,23,23,male,normal,2704
60,2.0020000000000002,True,1.0,0.5864264430892955,0.5974411481070067,0.5919337955981511,0.7907116856750613,-0.0706944444444445,-0.07347222222222216,0.33717939649068923,0.3302297687797856,0.19513535562365714,0.7486088878183129,0.01101470501771118,0.002777777777777657,0.04313702038378484,0.3375483470014571,0.12557642949845224,0.1095825630513483,0.0,0.6494683025958821,0.6050231577005802,0.29274565568112443,0.3010284648409873,0.3944012559016054,calm,02,23,23,male,normal,2704
70,2.3356666666666666,True,1.0,0.1819448211612834,0.17203183065332917,0.1769883259073063,0.4782056311134662,-0.08148148148148143,-0.08560185185185182,0.3379780344004084,0.36760501321239597,0.18506132151368007,0.37010924671715417,0.009912990507954245,0.004120370370370385,0.03627652839498552,0.543460819895789,0.12328319640356164,0.11215628049626788,0.0,0.7551885384354278,0.6075119599871198,0.2887555712740771,0.2942250105120327,0.3903189868038438,calm,02,23,23,male,normal,2704
80,2.6693333333333333,True,1.0,0.4545877445051861,0.45503923223761616,0.4548134883714011,0.7007749767149686,-0.07050925925925927,-0.07555555555555554,0.35286253774782894,0.3150980590019337,0.18910809432145045,0.6490150240572742,0.0004514877324300892,0.005046296296296271,0.05013049293052929,0.4002014944297043,0.12387435131911724,0.11150301724767253,0.0,0.8403410037492225,0.5964497918073479,0.2904009491677142,0.3059676805039392,0.413931895836664,calm,02,23,23,male,normal,2704
90,3.003,True,1.0,0.6202575998678618,0.6033413073711583,0.61179945361951,0.7847537709300546,-0.06518518518518512,-0.06930555555555556,0.3331615657075741,0.26832726304059024,0.2038319075740092,0.7796068987275245,0.016916292496703456,0.004120370370370441,0.04352231308498319,0.3347314994916181,0.1260546197010976,0.10903215407687457,0.0,0.6630769386871351,0.5922363658901061,0.2924026266293785,0.30364236618107365,0.39368623336112185,calm,02,23,23,male,normal,2704
100,3.336666666666667,True,1.0,0.562600757636794,0.5824652906101281,0.572533024123461,0.4785032044387834,-0.07009259259259254,-0.0722222222222223,0.35510494205506227,0.25240211489060616,0.18853507720254264,1.1965082340356763,0.019864532973334126,0.002129629629629759,0.03977523318384296,0.5132263145401702,0.12202486930375112,0.11352404609228402,0.0,0.9999999987499999,0.6044020789800295,0.290754346125288,0.3088590181708145,0.41722204312051625,calm,02,23,23,male,normal,2704
110,3.6703333333333332,True,1.0,0.480151477924721,0.4445631252942028,0.46235730160946187,0.4247688451633296,-0.07689814814814816,-0.07578703703703699,0.3719761260323518,0.24541787187237865,0.1848031563834302,1.0884915569353468,0.03558835263051824,0.0011111111111111738,0.01904364705816366,0.5630195588677599,0.12527677107995147,0.10992501261408624,0.0,0.710209840205653,0.6108917493950705,0.29205673482223216,0.299477637251475,0.4003633447342671,calm,02,23,23,male,normal,2704
120,4.0040000000000004,True,1.0,0.5238291148686557,0.5012279443341612,0.5125285296014084,0.448835558447624,-0.07166666666666666,-0.07254629629629633,0.3637077702617214,0.237467531932701,0.18576239310956727,1.141907141613462,0.022601170534494508,0.0008796296296296746,0.023076274438558163,0.5441911050990229,0.12570045251931064,0.10944027598174023,0.0,0.6752754159108848,0.6119270910864345,0.2926316909748293,0.3034935752167791,0.4139942020452943,calm,02,23,23,male,normal,2704
0,0.0,True,1.0,0.5537340619307817,0.5480378121888649,0.5508859370598234,0.5389955616113532,-0.07074074074074072,-0.07175925925925924,0.34308162695813194,0.3058810539292666,0.18764683378228275,1.022060247421933,0.005696249741916737,0.0010185185185185297,0.009452622236296278,0.4871803630078913,0.12590373888276057,0.1092063473687331,0.0,0.8109835254987677,0.6143171973945828,0.2904392396143194,0.31169351489337127,0.4215735317964324,calm,02,23,23,male,normal,2705
10,0.33366666666666667,True,1.0,0.5480378121888649,0.5632096194542626,0.5556237158215638,0.528477070111639,-0.07175925925925919,-0.07138888888888889,0.34129727633197887,0.3009016026802969,0.1883407368262871,1.0513676888652712,0.015171807265397685,0.00037037037037029874,0.010750658934098874,0.4695150136229602,0.12720352931629075,0.1076895533468317,0.0,0.7578688270999131,0.6098236740008504,0.2893887336157755,0.3120739809519599,0.42055002547998743,calm,02,23,23,male,normal,2705
20,0.6673333333333333,True,1.0,0.5270677527528596,0.5036205141446394,0.5153441334487494,0.5203343687629338,-0.07166666666666655,-0.07208333333333328,0.34637754598703424,0.2962653525484703,0.18698557924659698,0.9904095604408211,0.023447238608220178,0.0004166666666667318,0.011422240710646297,0.49993897601734655,0.1256453625510365,0.10950351884635831,0.0,0.8355809627238113,0.6079433766162716,0.29140501868758983,0.30939258029417555,0.4168224505108874,calm,02,23,23,male,normal,2705
30,1.0010000000000001,True,1.0,0.52169378101073,0.5303433565944984,0.5260185688026142,0.916039191487256,-0.0721296296296296,-0.07425925925925925,0.3273826072296479,0.4425772677201953,0.18441255980715288,0.5742315107158079,0.008649575583768332,0.002129629629629648,0.026635852462097615,0.3003438414345128,0.12365336016809021,0.11174803930812413,0.0,0.880617233288273,0.6016744357352316,0.29176444419567515,0.30353860351919454,0.4100968387695115,calm,02,23,23,male,normal,2705
40,1.3346666666666667,True,1.0,0.4287917406376005,0.46793754921654135,0.44836464492707095,0.5813326977861543,-0.07092592592592589,-0.07476851851851851,0.3485171498594431,0.3108831089994761,0.1818292798509523,0.771270301213994,0.039145808578940844,0.0038425925925926196,0.03273119047204231,0.4655260699494212,0.12579507176586788,0.1093315036477227,0.0,0.8721748923857798,0.6000400935061524,0.2919889501681794,0.3058745419748697,0.40637617978844603,calm,02,23,23,male,normal,2705
50,1.6683333333333334,True,1.0,0.5914286466028682,0.5917631081189235,0.5915958773608958,0.7036147676937541,-0.06712962962962954,-0.06976851851851862,0.3667664426602202,0.2517293855533116,0.20098975372768546,0.8407951403578071,0.0003344615160553177,0.0026388888888890794,0.03620142093152313,0.3831583715172845,0.12768407395566359,0.10711934946064756,0.0,0.6472989448302064,0.6042515742234393,0.2917968204017409,0.3095035000009983,0.3976102899382065,calm,02,23,23,male,normal,2705
60,2.0020000000000002,True,1.0,0.47641088658654634,0.4735362319414888,0.4749735592640176,0.6663461442494522,-0.07347222222222222,-0.0763888888888889,0.3402698353303795,0.37503492789627163,0.17734177954968033,0.7128030429275019,0.0028746546450575394,0.0029166666666666785,0.041280908728059965,0.3948132432036239,0.12249725852349456,0.1130141558585587,0.0,0.673738366069693,0.6047499003038715,0.2898116908047234,0.29554731716912486,0.398690824296118,calm,02,23,23,male,normal,2705
70,2.3356666666666666,True,1.0,0.24049857974838082,0.238646681133595,0.23957263044098792,0.8391980084287127,-0.0805555555555556,-0.08249999999999996,0.3257610182521369,0.2940976477551739,0.20245025056212423,0.285478073154101,0.001851898614785824,0.0019444444444443598,0.03799858807258804,0.329482693681483,0.12473102455337975,0.11054387945192963,0.0,0.7359386624272538,0.6029632012961436,0.2910240726810882,0.2947125021569103,0.37781629053705096,calm,02,23,23,male,normal,2705
80,2.6693333333333333,True,1.0,0.3104853451015082,0.32236419688993256,0.3164247709957204,0.6819323689576067,-0.07736111111111116,-0.07995370370370375,0.3509367928855409,0.25833449951848936,0.19745766878919194,0.46401195397045514,0.01187885178842435,0.002592592592592591,0.048847793479391756,0.4057144276284357,0.12524331049023488,0.10978973995914225,0.0,0.6636480375591944,0.5958889128073105,0.29107254933909127,0.307058193074187,0.40140703651358056,calm,02,23,23,male,normal,2705
90,3.003,True,1.0,0.5867738666403298,0.562737450420652,0.5747556585304909,0.7467717774268429,-0.06902777777777785,-0.07115740740740728,0.3410727840000256,0.3021031589183992,0.19884006253729428,0.76965369595371,0.02403641621967778,0.002129629629629426,0.04190335488035969,0.37234793708908953,0.1229569909115413,0.11251380429129408,0.0,0.7220761439432216,0.5997969900616498,0.2928573499036203,0.30289561555658384,0.3943868546982533,calm,02,23,23,male,normal,2705
100,3.336666666666667,True,1.0,0.6052497533494867,0.606494074385113,0.6058719138672999,0.47541666594478194,-0.06935185185185194,-0.07023148148148145,0.3584301174143785,0.19632548961341598,0.19766890635563827,1.2744019241800622,0.001244321035626328,0.0008796296296295081,0.03320457822932224,0.5294196336695994,0.12620326641257207,0.10886006300419598,0.0,0.6826780837721661,0.6008249214451407,0.29005240275306293,0.31182766153803265,0.40847047905316725,calm,02,23,23,male,normal,2705
110,3.6703333333333332,True,1.0,0.5818903214537413,0.5573143408668462,0.5696023311602938,0.4279620274817535,-0.06999999999999995,-0.07027777777777783,0.3690124497915047,0.22053167812734584,0.18914116362473726,1.330964652429541,0.02457598058689514,0.0002777777777778767,0.028690661704077355,0.5972872518342005,0.12634271428082008,0.10869818912350729,0.0,0.708514845621916,0.6129808128094988,0.2885995466921683,0.30238114575028785,0.4043358368692589,calm,02,23,23,male,normal,2705
0,0.0,True,1.0,0.5677258325854739,0.5395248799489106,0.5536253562671922,0.523169180620036,-0.07171296296296292,-0.06893518518518527,0.3418069640316534,0.2538230866600167,0.19306978193111085,1.0582147740642156,0.028200952636563303,0.002777777777777657,0.02319920291357722,0.49598776903443254,0.1276207250382629,0.10719481475972856,0.0,0.6564663508378628,0.608209913535727,0.287370870745536,0.3133680531822634,0.4137433381112201,calm,02,23,23,male,strong,2706
10,0.33366666666666667,True,1.0,0.6050579614137949,0.5935402099042765,0.5992990856590357,0.517316682782799,-0.0712962962962963,-0.06884259259259257,0.34521412478959096,0.22966634514942838,0.19655922022996586,1.1584762401924276,0.011517751509518392,0.0024537037037037357,0.02443018362035872,0.5268821956067584,0.1251285607492363,0.1100936921681926,0.0,0.7071067807446058,0.609948837597539,0.28884359647815844,0.3103948046125132,0.4121809144341901,calm,02,23,23,male,strong,2706
20,0.6673333333333333,True,1.0,0.48798294703944106,0.46527365336887005,0.4766283002041556,0.8351479270384101,-0.07398148148148143,-0.07000000000000012,0.34486547175290494,0.35251285422500617,0.1923805444283331,0.570711229439757,0.022709293670571007,0.003981481481481308,0.021386018163938127,0.3239522221005388,0.12141593051269077,0.11417508304195541,0.0,0.7998504403717669,0.6060683521299144,0.2912146748137613,0.30451537194418293,0.40932605621418605,calm,02,23,23,male,strong,2706
30,1.0010000000000001,True,1.0,0.4050524479994393,0.37979784654973686,0.3924251472745881,0.7178243728163639,-0.07592592592592584,-0.07097222222222216,0.3666969159795658,0.3382916976113704,0.18197840664028841,0.546686852850815,0.02525460144970243,0.004953703703703682,0.022715162203700307,0.3891076652096818,0.12332769376980675,0.11210734908728352,0.0,0.7683288680748598,0.607393722942302,0.29270991645443134,0.30993319146649645,0.4176085571691257,calm,02,23,23,male,strong,2706
40,1.3346666666666667,True,1.0,0.45649194312315294,0.4364049276491131,0.446448435386133,0.5788936951220246,-0.07328703703703698,-0.07060185185185192,0.36123350640808266,0.24101125039569288,0.1868974260438339,0.7712097042135283,0.02008701547403985,0.0026851851851850683,0.028683698794342436,0.4573479018331701,0.12209694578788137,0.11344652308099125,0.0,0.7211353095734926,0.6126112557913791,0.2918341376505313,0.30222376574901016,0.41189267548445135,calm,02,23,23,male,strong,2706
50,1.6683333333333334,True,1.0,0.4649085019858611,0.4951983187343475,0.4800534103601043,0.9818607333253487,-0.07328703703703715,-0.06953703703703695,0.3363521052268495,0.42360087803400376,0.18549729783568347,0.48892209869139774,0.03028981674848641,0.0037500000000001976,0.02155332399483864,0.2846410919048181,0.1207742603709359,0.11485362772526775,0.0,0.8095668950165463,0.6082749377094587,0.2924926315196364,0.3042433005690761,0.41656569074523525,calm,02,23,23,male,strong,2706
60,2.0020000000000002,True,1.0,0.5150055966501107,0.4938813980409512,0.504443497345531,0.7181874777924078,-0.07268518518518524,-0.06837962962962962,0.3664200387160171,0.27063335808909655,0.1931329975882596,0.7023841447307168,0.021124198609159484,0.004305555555555618,0.02841086934216217,0.4032943718620332,0.12501427152343306,0.11022345342897016,0.0,0.6905605817609081,0.6106209831979666,0.2912378169442405,0.3126679820218015,0.41541297895896706,calm,02,23,23,male,strong,2706
70,2.3356666666666666,True,1.0,0.28029772167992906,0.2637172921246856,0.27200750690230735,0.600332974299626,-0.07990740740740743,-0.07504629629629628,0.3321873207401874,0.32966201215107815,0.17651384654991634,0.45309439685475034,0.01658042955524347,0.004861111111111149,0.025291160186459705,0.43288060227380104,0.12401286188939314,0.11134894636333627,0.0,0.692664778622235,0.6108540084549445,0.2908756864909866,0.3027636952049122,0.4097404390939451,calm,02,23,23,male,strong,2706
80,2.6693333333333333,True,1.0,0.4201110799822065,0.42249039773533126,0.42130073885876884,0.6744672722626626,-0.07342592592592584,-0.07046296296296306,0.3526756489409168,0.2877377861473044,0.19316973218197206,0.6246422268131918,0.0023793177531247767,0.0029629629629627785,0.0244706162425576,0.4113773082646158,0.12179103924382473,0.1137748677421018,0.0,0.7490264123874965,0.6062495221760579,0.2902815250539629,0.30309293299563345,0.4070562720318601,calm,02,23,23,male,strong,2706
90,3.003,True,1.0,0.44326704635148667,0.4267921768095941,0.4350296115805404,0.6785529773734791,-0.07513888888888881,-0.06958333333333327,0.37749675496732027,0.30577838266003377,0.18617013276909475,0.6411137023735993,0.01647486954189259,0.005555555555555536,0.02394833643951031,0.39997328237829877,0.12383766463567111,0.11154376086470606,0.0,0.6701033057526009,0.6141829458892932,0.2936872871935125,0.2999521431710733,0.4060933090047577,calm,02,23,23,male,strong,2706
100,3.336666666666667,True,1.0,0.43234378308137833,0.4621708032219404,0.44725729315165935,0.622782579266217,-0.07263888888888886,-0.0703240740740741,0.3481279704556599,0.23306781549050853,0.19592097059741986,0.7181596082514585,0.029827020140562044,0.0023148148148147696,0.027358194439689502,0.42371576127006844,0.12288620444618988,0.11259111211276457,0.0,0.6912511054771141,0.6073953591905512,0.29036631934654816,0.3035789904051114,0.40348230077002895,calm,02,23,23,male,strong,2706
110,3.6703333333333332,True,1.0,0.5320056730432227,0.5227287138816008,0.5273671934624118,0.6354411854617794,-0.07120370370370377,-0.06791666666666668,0.36293020140816445,0.2361779572215726,0.19662713428789938,0.8299229032175031,0.009276959161621856,0.0032870370370370883,0.029372669530780306,0.4429980137981818,0.12211967983442791,0.11342205062091618,0.0,0.7071067807446058,0.6060799706054296,0.2913169884541715,0.3055627306492517,0.4047653718812609,calm,02,23,23,male,strong,2706
120,4.0040000000000004,True,1.0,0.24260171483890533,0.21619819298167428,0.2293999539102898,0.4635355828020668,-0.0794907407407407,-0.07833333333333337,0.37306721025388323,0.16501650165016438,0.19241821567656017,0.49489178915579674,0.02640352185723105,0.0011574074074073293,0.03019066648427599,0.5878559802071815,0.1248314585928188,0.11043045194088119,0.0,0.6868970539367775,0.6063157963966836,0.29017639229386205,0.30735723813244537,0.4014824942172175,calm,02,23,23,male,strong,2706
130,4.337666666666666,True,1.0,0.5070144986050614,0.46482984773623104,0.48592217317064623,0.422256147156092,-0.0736574074074074,-0.07046296296296295,0.3897669442498335,0.13976069054043666,0.19247569968256215,1.150775841733381,0.04218465086883039,0.003194444444444444,0.029181560284107993,0.6276133854867503,0.12471594484636359,0.11056089214241144,0.0,0.7126116265087777,0.608476018508966,0.2913462907360432,0.3152343486194913,0.41499775960458174,calm,02,23,23,male,strong,2706
0,0.0,True,1.0,0.5508251392914183,0.5395248799489112,0.5451750096201647,0.5445943311784605,-0.07263888888888892,-0.06837962962962968,0.3449721332565107,0.2505530896157697,0.19453270740597647,1.001066258696538,0.011300259342507113,0.00425925925925924,0.02456864112520341,0.49433811200703043,0.12454644825432609,0.1107517945559552,0.0,0.6937371213921778,0.6063551419708508,0.288943679893582,0.30776113165449126,0.41288176711774116,calm,02,23,23,male,strong,2707
10,0.33366666666666667,True,1.0,0.5621705942305825,0.5253563380726338,0.5437634661516082,0.5334539682583992,-0.07175925925925919,-0.06768518518518513,0.34242833432607406,0.2446485397131131,0.1938271645733964,1.0193259372066668,0.036814256157948644,0.004074074074074063,0.02269543996896174,0.5122587518855385,0.1247135077767401,0.11056364116733566,0.0,0.7768161193487462,0.6084901998143009,0.28811200640216383,0.31207206080953026,0.4148525087177624,calm,02,23,23,male,strong,2707
20,0.6673333333333333,True,1.0,0.5655893718691196,0.5740009366340062,0.5697951542515629,0.5671586954206725,-0.07064814814814818,-0.06847222222222227,0.34502068914610134,0.24082822957192096,0.19588046757961883,1.0046485381466908,0.008411564764886581,0.0021759259259259145,0.0293106816326414,0.46056754942233225,0.12572713039854466,0.1094096268711577,0.0,0.6897639168818048,0.6080397399819303,0.28865887517955313,0.31246951486970603,0.41133710748577923,calm,02,23,23,male,strong,2707
30,1.0010000000000001,True,1.0,0.5230661431198047,0.5047988645945695,0.5139325038571871,0.7080748321170659,-0.0734259259259259,-0.06930555555555556,0.3612320859258825,0.2515435800714671,0.19739274606235463,0.7258166517804134,0.018267278525235242,0.00412037037037033,0.032881285532182315,0.390054892386958,0.12185997399401294,0.11370103125305686,0.0,0.6794945349456417,0.6048635223855168,0.2899126139329536,0.30348384625825403,0.40502261420097724,calm,02,23,23,male,strong,2707
40,1.3346666666666667,True,1.0,0.2701470582169656,0.24053980183087026,0.2553434300239179,0.5556331715163946,-0.08046296296296296,-0.07648148148148148,0.3637258269925495,0.23003835437573236,0.19732122906132435,0.4595539703417144,0.02960725638609535,0.003981481481481475,0.03195025449558302,0.5079710839068299,0.12323019721252845,0.11221451004634654,0.0,0.8186432884671571,0.6055708847523386,0.2906228624320917,0.30309919103069527,0.39894881024822093,calm,02,23,23,male,strong,2707
50,1.6683333333333334,True,1.0,0.41926393357910513,0.4049367280239102,0.41210033080150765,0.8461027773872432,-0.07569444444444445,-0.07203703703703707,0.34535664624964824,0.33645700605546236,0.19381653658425438,0.4870570595147664,0.014327205555194955,0.003657407407407387,0.026735393718962285,0.33994832912237005,0.12571277837849174,0.1094261171870885,0.0,0.7700223813655064,0.6083433315748175,0.2928651197574561,0.30867989972262494,0.40785805056857855,calm,02,23,23,male,strong,2707
60,2.0020000000000002,True,1.0,0.5047927291722156,0.4598955808031017,0.4823441549876587,0.7170089755148028,-0.07370370370370377,-0.07106481481481486,0.3535408310739804,0.34425708806980376,0.18543682774578085,0.6727170390598557,0.044897148369113904,0.002638888888888913,0.016009493726119987,0.3793779528844737,0.12335470501387405,0.11190750901250858,0.0,0.733356107550468,0.614379521128764,0.2924242454373265,0.3061674246803974,0.4169341392937948,calm,02,23,23,male,strong,2707
70,2.3356666666666666,True,1.0,0.48424191784942083,0.4577263216133878,0.4709841197314043,0.6554816556758933,-0.07393518518518516,-0.07101851851851859,0.3558138370419023,0.34158940489751993,0.17918199577107888,0.7185313511874771,0.026515596236033057,0.0029166666666665675,0.007817471400370271,0.4038967847574914,0.12429543080388157,0.11103343483612489,0.0,0.653488021578523,0.6054172741674796,0.2940453382937666,0.30399288621356524,0.4122829999081483,calm,02,23,23,male,strong,2707
80,2.6693333333333333,True,1.0,0.4895715251217773,0.4724581808866551,0.4810148530042162,0.5861226880101492,-0.07384259259259263,-0.07134259259259257,0.3471679843530414,0.29262104644936066,0.18752603985846872,0.8206726387562855,0.01711334423512223,0.0025000000000000577,0.014043565105702665,0.4490581924256608,0.1247975084775405,0.11046881753664838,0.0,0.8127455276470973,0.6047585541325906,0.2905946417386421,0.30706407614850745,0.4142488757297992,calm,02,23,23,male,strong,2707
90,3.003,True,1.0,0.20349120599527248,0.2084940894660313,0.2059926477306519,0.8317238150539483,-0.08384259259259258,-0.08004629629629628,0.3578859720176408,0.29294934358023894,0.1965665948917418,0.24766953164289343,0.005002883470758807,0.0037962962962962976,0.021447830507850884,0.34448057297315265,0.12205105730020861,0.11349589059506027,0.0,0.7149063248990061,0.6018464704944477,0.2962023280239177,0.3004455491219709,0.39493323311639666,calm,02,23,23,male,strong,2707
100,3.336666666666667,True,1.0,0.44387587350571045,0.42041532418171296,0.43214559884371173,0.660734893740441,-0.07458333333333333,-0.07050925925925922,0.3437733038712679,0.25837463829310664,0.19448367737260402,0.6540378038721731,0.023460549323997493,0.004074074074074119,0.018485199462986882,0.4125178679539792,0.1226389933387845,0.11286033440809183,0.0,0.7159514931789317,0.6054903984718887,0.2916376392893419,0.306223006626359,0.4093253340509613,calm,02,23,23,male,strong,2707
110,3.6703333333333332,True,1.0,0.5197418662100469,0.4895283459588347,0.5046351060844408,0.694883378947913,-0.073425925925926,-0.06930555555555556,0.34802519352864025,0.311660061798956,0.19312233139743268,0.7262155368408477,0.03021352025121221,0.004120370370370441,0.02164985308662202,0.41410447729805455,0.1256083460245905,0.10954597746811942,0.0,0.7266802450896964,0.6070511478028712,0.29397991006362606,0.29919605158847684,0.3982398943831432,calm,02,23,23,male,strong,2707
120,4.0040000000000004,True,1.0,0.5444827866917471,0.5177606752057696,0.5311217309487584,0.5500737611055926,-0.07370370370370372,-0.06805555555555559,0.3671824279295786,0.27462366308581954,0.18619144154760398,0.9655463839635933,0.026722111485977473,0.005648148148148124,0.018797212188288788,0.48141691070191445,0.12376420860167785,0.11162525896683394,0.0,0.7071067807446058,0.6104175182651186,0.2921634359013588,0.2999078985708744,0.4056879151648598,calm,02,23,23,male,strong,2707
130,4.337666666666666,True,1.0,0.41158916015354124,0.37803959121387204,0.39481437568370664,0.47290461912246984,-0.07597222222222222,-0.07171296296296298,0.3639576283821875,0.23617795722157367,0.1889797465896006,0.8348710495074697,0.033549568939669205,0.00425925925925924,0.022191661095287085,0.5419015433232031,0.12563538267854338,0.10951496879221788,0.0,0.6815768721030521,0.6055936959940227,0.2890572201635115,0.30901113917119927,0.4118108050575632,calm,02,23,23,male,strong,2707
0,0.0,True,1.0,0.6440598137697262,0.6162341768215097,0.630146995295618,0.5697977976526869,-0.07134259259259262,-0.0705555555555556,0.34763001514487973,0.24214012310833266,0.20138888888888895,1.105913357144487,0.027825636948216492,0.0007870370370370305,0.0036717612153799664,0.45272449510103546,0.12770988121145113,0.10708858021093162,0.0,0.766818932321971,0.5972710970950882,0.29002254054924803,0.3086757645964089,0.3997758137463105,calm,02,23,23,male,strong,2708
10,0.33366666666666667,True,1.0,0.5562014516041962,0.5297215798169558,0.542961515710576,0.5008676485639207,-0.07101851851851848,-0.06810185185185191,0.3578063279048708,0.23649196715752593,0.19514240760994453,1.0840418966314678,0.026479871787240428,0.0029166666666665675,0.006529724473998019,0.48749106756832655,0.12559307777576725,0.10956348198680875,0.0,0.83084270472451,0.6018408793361094,0.2887641590885949,0.3073601101976947,0.4092123100937907,calm,02,23,23,male,strong,2708
20,0.6673333333333333,True,1.0,0.6141874226616649,0.5733544329747333,0.5937709278181991,0.5412543928303895,-0.0736574074074074,-0.07013888888888892,0.349598758192574,0.24214012310833274,0.19652933060954056,1.0970274526792922,0.04083298968693161,0.0035185185185184764,0.002173984815753579,0.4765992177967072,0.12399453789470123,0.11136935100040568,0.0,0.8388394215540087,0.6017918559689501,0.2906238708788969,0.3061694051151886,0.40566057329378274,calm,02,23,23,male,strong,2708
30,1.0010000000000001,True,1.0,0.4501131522769363,0.4287917406376005,0.43945244645726844,0.7881112139952476,-0.07458333333333328,-0.07120370370370377,0.3455552416688832,0.3364570060554634,0.19520495206399288,0.5576020727195469,0.02132141163933582,0.0033796296296295103,0.027857578785242816,0.35495444343907356,0.12288097798970471,0.11259681619969189,0.0,0.6941800202226558,0.6001232700111294,0.2897304466163837,0.3040644415779875,0.4069220727043329,calm,02,23,23,male,strong,2708
40,1.3346666666666667,True,1.0,0.34809133357013683,0.33693299845515895,0.3425121660126479,0.5756028346966432,-0.07995370370370375,-0.07578703703703704,0.36219353683049543,0.28769822778437537,0.18685496707656818,0.595049477463328,0.01115833511497788,0.004166666666666707,0.02242881127705087,0.49128287233838436,0.12359270458049414,0.11181512037547003,0.0,0.8165785301605798,0.6029330097273284,0.29192929750656993,0.3038990289354372,0.4123396383738688,calm,02,23,23,male,strong,2708
50,1.6683333333333334,True,1.0,0.5027306556140438,0.5150439908661748,0.5088873232401093,0.7077761997619283,-0.0706944444444444,-0.0681944444444445,0.3712712369539716,0.2802975848508548,0.19653748277500976,0.7189946813855589,0.012313335252130964,0.002499999999999891,0.015102209934982465,0.3965463062817358,0.12364208264929533,0.11176051703692282,0.0,0.6919342863689898,0.607604742436037,0.2938901190105826,0.30638948475336364,0.4063485311801007,calm,02,23,23,male,strong,2708
60,2.0020000000000002,True,1.0,0.4289438007433796,0.3682565008254756,0.3986001507844276,0.7059507622375478,-0.07680555555555563,-0.07375000000000004,0.3666706139004766,0.3732520041042712,0.17777820693070218,0.5646288269751897,0.060687299917904,0.003055555555555589,0.010404670706603798,0.38288655340419386,0.12423776088399524,0.11109795921018174,0.0,0.753373295528495,0.6051085204628726,0.29335026826105415,0.3009208852282571,0.4122389028595086,calm,02,23,23,male,strong,2708
70,2.3356666666666666,True,1.0,0.4292651721988017,0.4011782355625431,0.4152217038806724,0.5952791800743297,-0.07736111111111105,-0.07328703703703698,0.3503731910848099,0.361128131981556,0.18125673478866927,0.6975243176299659,0.028086936636258608,0.004074074074074063,0.010866696628856344,0.4386719913625111,0.12425925083762421,0.11107392291374366,0.0,0.7308253854371761,0.5992233412896408,0.29209531974701936,0.3034237304731679,0.41286801824060343,calm,02,23,23,male,strong,2708
80,2.6693333333333333,True,1.0,0.20676681753961246,0.19862203324635677,0.2026944253929846,0.6698882497750456,-0.08319444444444435,-0.07921296296296293,0.3682337728250752,0.28128187443995556,0.19167661779251202,0.30257946076983916,0.008144784293255686,0.003981481481481419,0.011666549826393842,0.41272117222128507,0.12271043180645305,0.11278265689366945,0.0,0.6742165157432412,0.6044097141747323,0.2929749910871018,0.29938459793628364,0.39883743633587454,calm,02,23,23,male,strong,2708
90,3.003,True,1.0,0.3489599621833809,0.36002617191588077,0.3544930670496308,0.7426490075407207,-0.07685185185185184,-0.07291666666666669,0.3494096843357027,0.26407265167381355,0.19793555454007014,0.4773359466587496,0.011066209732499888,0.003935185185185153,0.011595540875713012,0.3755489080082104,0.12408690539182048,0.11126642656379616,0.0,0.7899958367399209,0.6010010285364147,0.2961153739670412,0.3018220113820764,0.39510342583873087,calm,02,23,23,male,strong,2708
100,3.336666666666667,True,1.0,0.4895715251217786,0.49853813139656217,0.49405482825917035,0.5999649951557798,-0.07319444444444445,-0.06976851851851862,0.36663195207277527,0.27932379271604185,0.18617013276909458,0.8234727563245418,0.008966606274783573,0.0034259259259258323,0.015533283857692703,0.4437379447239404,0.12396188314599185,0.11140569687871542,0.0,0.6834253143368408,0.608445490477441,0.2902105055459342,0.3032320122321947,0.41144484021354827,calm,02,23,23,male,strong,2708
110,3.6703333333333332,True,1.0,0.5313032885829421,0.5071952160698974,0.5192492523264197,0.5366981135185115,-0.0734259259259259,-0.06930555555555556,0.3683540336037506,0.23443483434155346,0.1931444532112036,0.967488499116012,0.024108072513044698,0.00412037037037033,0.014979467373265224,0.4876996415663446,0.12486720010084087,0.11039003627754236,0.0,0.7083312576384388,0.6078687787146109,0.2922117910092034,0.3017903975672576,0.40539304159402473,calm,02,23,23,male,strong,2708
120,4.0040000000000004,True,1.0,0.2543801483651195,0.21105993926627462,0.23272004381569705,0.46038784212332057,-0.08245370370370375,-0.0788888888888889,0.3736589341364931,0.17080278818087863,0.19941615374813368,0.5054869449688033,0.0433202090988449,0.003564814814814854,0.023367148792637512,0.6048230993336412,0.12467395449829398,0.11060824038086048,0.0,0.6758295560769342,0.6047996276479343,0.2919824542994635,0.30105076303394296,0.39586306432094565,calm,02,23,23,male,strong,2708
0,0.0,True,1.0,0.5871072236691586,0.5582226096402031,0.5726649166546809,0.48327317846935874,-0.07412037037037034,-0.07245370370370369,0.3678439349979137,0.22821233427719725,0.1958333333333333,1.1849714450705646,0.02888461402895548,0.0016666666666666496,0.00187169635804683,0.5341469669043208,0.12464951517100065,0.11063578145341624,0.0,0.8183926221740632,0.6003636292251275,0.29092422701616977,0.3107707577250634,0.41622839668704537,calm,02,23,23,male,strong,2709
10,0.33366666666666667,True,1.0,0.5770060337882231,0.5439092093930173,0.5604576215906203,0.59057708619648,-0.07421296296296298,-0.07342592592592595,0.3615649382828775,0.2884213676773507,0.18958333333333333,0.948999943767139,0.03309682439520578,0.0007870370370370305,0.0,0.43418449337049897,0.12527525426970984,0.10992674123226498,0.0,0.7095559553007894,0.6042649647280788,0.289225107196678,0.31438318070070476,0.4199328358183581,calm,02,23,23,male,strong,2709
20,0.6673333333333333,True,1.0,0.586750702206918,0.5662610400603578,0.5765058711336379,0.6360808281881588,-0.07560185185185186,-0.07388888888888895,0.3571927915235788,0.29720977747200206,0.1902781787382358,0.9063405868964534,0.020489662146560228,0.0017129629629629162,0.004063970801703729,0.40864653787275657,0.12552112524290865,0.1096459068461451,0.0,0.6869439592447405,0.6034675369132029,0.2898969497421757,0.3143259594130076,0.4221016664244741,calm,02,23,23,male,strong,2709
30,1.0010000000000001,True,1.0,0.38786705075957867,0.3789420962017251,0.3834045734806519,0.7937907305181185,-0.07699074074074069,-0.07273148148148145,0.3542991347289022,0.34077617055851434,0.1959330419925247,0.48300459899600773,0.008924954557853582,0.00425925925925924,0.026973064626451312,0.3559266353129363,0.12112642776114278,0.11448216571798953,0.0,0.7560760740097243,0.59729271128764,0.2883556097108335,0.30474462091759347,0.40915597111431734,calm,02,23,23,male,strong,2709
40,1.3346666666666667,True,1.0,0.17034839574679506,0.18037543549127708,0.17536191561903608,0.5830923732548629,-0.08375000000000005,-0.08060185185185187,0.37132094646413216,0.23822651985142915,0.1965836719936872,0.3007446567001957,0.01002703974448202,0.0031481481481481777,0.022898192925648805,0.48103962515692805,0.12397991936919571,0.11138562458134535,0.0,0.6632861477740866,0.599500994296156,0.28844484471557763,0.3065440511069125,0.40426838507454116,calm,02,23,23,male,strong,2709
50,1.6683333333333334,True,1.0,0.4594435301515561,0.45246741035397403,0.45595547025276506,0.693423701783978,-0.07486111111111121,-0.07245370370370369,0.3681980897384465,0.2597908082949551,0.19726090268305613,0.6575423786059287,0.006976119797582059,0.0024074074074075247,0.022865385300957636,0.4071843707432773,0.12281730564625687,0.11266626471065576,0.0,0.6893300010620277,0.6037781802095838,0.2925050952360147,0.30749023969441175,0.4103409379859092,calm,02,23,23,male,strong,2709
60,2.0020000000000002,True,1.0,0.5245996706788967,0.5130490849166932,0.518824377797795,0.6033221602148142,-0.07523148148148151,-0.07092592592592589,0.38553448871952456,0.2307952383086103,0.19792013600303546,0.8599458332726688,0.011550585762203469,0.004305555555555618,0.016379077249132838,0.450407562633071,0.12326932215680127,0.11217152929859853,0.0,0.7734798836638801,0.6038169132262281,0.29126401526497403,0.3084767456139772,0.41771900416094626,calm,02,23,23,male,strong,2709
70,2.3356666666666666,True,1.0,0.3900690401778181,0.3708410327476916,0.38045503646275486,0.6920126347381812,-0.07907407407407413,-0.07490740740740737,0.3683742171179838,0.3456828704036429,0.18197127929757909,0.5497804770670086,0.019228007430126537,0.004166666666666763,0.020670967991732136,0.38598000327136955,0.12612743558195888,0.10894791307743773,0.0,0.6836518235702571,0.6019863780277737,0.29215539862517337,0.31113194693110896,0.41652725039483135,calm,02,23,23,male,strong,2709
80,2.6693333333333333,True,1.0,0.26035035390687516,0.25030206329315985,0.25532620860001753,0.5364769802452872,-0.08245370370370375,-0.07842592592592584,0.3568421761310366,0.32242445245046114,0.18689742604383394,0.475931340955725,0.010048290613715316,0.004027777777777908,0.025311966056321814,0.4916491136973192,0.12304568516263122,0.11241680093618789,0.0,0.7862268837402036,0.603786450478629,0.2877149390570823,0.3026406081992621,0.4095293123457315,calm,02,23,23,male,strong,2709
90,3.003,True,1.0,0.36387684872144743,0.3561267664576751,0.36000180758956124,0.7756905056776862,-0.07657407407407407,-0.07300925925925927,0.3793515634017731,0.30359872186701764,0.18686435787134414,0.4641049554616422,0.007750082263772329,0.0035648148148147984,0.025661246003731424,0.3564940288137787,0.12009985473282223,0.11555865464192806,0.0,0.8607819422505364,0.6001747806075556,0.29157057384143903,0.29686659279598787,0.41012180369071843,calm,02,23,23,male,strong,2709
100,3.336666666666667,True,1.0,0.5300002012456065,0.511568550216929,0.5207843757312678,0.6525287154030233,-0.07439814814814827,-0.06912037037037033,0.355969983285743,0.2218833287579713,0.2001102143829511,0.7981018512106616,0.018431651028677498,0.005277777777777937,0.023969492623442362,0.4259821976858143,0.12286775783614885,0.1126112421320288,0.0,0.8022137154293314,0.6052901421740571,0.29478002873657605,0.29576014814090734,0.3967171352938384,calm,02,23,23,male,strong,2709
110,3.6703333333333332,True,1.0,0.5268969629319972,0.5166097466933033,0.5217533548126503,0.5475864910348395,-0.0734259259259259,-0.06796296296296306,0.3787212781751251,0.22092999656234805,0.1945715304248572,0.9528236422097097,0.010287216238693886,0.005462962962962836,0.030729855610040862,0.48207700611415083,0.12496477095832041,0.11027957104469566,0.0,0.6872524541712887,0.6046507305891108,0.2912454544486994,0.30957744735158355,0.4136060724054016,calm,02,23,23,male,strong,2709
120,4.0040000000000004,True,1.0,0.3461140677135748,0.33195072834063927,0.33903239802710705,0.4346293246573618,-0.07657407407407407,-0.07412037037037028,0.38346915477089216,0.153209994756252,0.20147410961037124,0.7800495244870599,0.014163339372935513,0.002453703703703791,0.024983688724301244,0.6063501401621642,0.12446918636962377,0.11083861878755707,0.0,0.7071067807446058,0.6001711586118822,0.2893202999368465,0.30940158176577465,0.4040017192046876,calm,02,23,23,male,strong,2709
130,4.337666666666666,True,1.0,0.5122075171413537,0.5272545855135723,0.519731051327463,0.40009292178944716,-0.07236111111111115,-0.06884259259259257,0.3811496008735729,0.1482021522526686,0.20213769135755233,1.2990258588003127,0.015047068372218586,0.0035185185185185874,0.023108179937385575,0.6470980930001067,0.12573534360196445,0.10940018802365734,0.0,0.6730557414169405,0.5990042861597764,0.2914183231214495,0.31364516095578243,0.4056579015839757,calm,02,23,23,male,strong,2709
0,0.0,True,1.0,0.5747168029646842,0.5496189693305196,0.5621678861476018,0.5008676485639216,-0.07662037037037034,-0.07467592592592592,0.35348136667610525,0.2364919671575269,0.20212901015410117,1.122388095456832,0.025097833634164624,0.0019444444444444153,0.009328160047697842,0.5068350117923294,0.12714500960042524,0.10775863911571934,0.0,0.9846940881182601,0.6031948722066953,0.28561683494643336,0.317001731292052,0.41327054938762176,happy,03,23,23,male,normal,2710
10,0.33366666666666667,True,1.0,0.6059327972735484,0.5675869078118523,0.5867598525427004,0.5188116248661234,-0.0759259259259259,-0.07509259259259266,0.35187520878361245,0.25236568256233605,0.20213769135755244,1.1309689768306765,0.03834588946169615,0.0008333333333332416,0.005995747044783566,0.5081402434471338,0.1266550256962777,0.10833412313851645,0.0,0.8567634128378883,0.6048087299060249,0.28671845663794093,0.31820530006178976,0.4159769603885095,happy,03,23,23,male,normal,2710
20,0.6673333333333333,True,1.0,0.6052271915123439,0.5775641538390113,0.5913956726756776,0.5239316675032405,-0.07615740740740734,-0.07449074074074069,0.35659996417922524,0.24117865059012789,0.20212108351226898,1.1287648931280143,0.02766303767333267,0.0016666666666666496,0.01177084691215231,0.5092206861588845,0.1259091114711885,0.10920015301631726,0.0,0.7595341440118255,0.6045308058457759,0.2875762082493896,0.3172636485822271,0.4160774515547393,happy,03,23,23,male,normal,2710
30,1.0010000000000001,True,1.0,0.5920960929609069,0.5685677011308602,0.5803318970458835,0.7133128529924344,-0.09074074074074068,-0.08615740740740746,0.37693277141984455,0.3827433226613248,0.2299089016490761,0.8135727466725441,0.023528391830046735,0.004583333333333217,0.010916984155923634,0.4125899803697267,0.12285311833053088,0.11262721290408129,0.0,0.6748407340997218,0.5967028410973765,0.2920736061044245,0.33856437670668377,0.4247002198604835,happy,03,23,23,male,normal,2710
40,1.3346666666666667,True,1.0,0.6055995894621653,0.5641493278328324,0.5848744586474989,0.6202221221217691,-0.09027777777777779,-0.0874537037037037,0.3621861222587248,0.3100868364730211,0.22785312884569597,0.943008057575653,0.04145026162933285,0.00282407407407409,0.00678663400297185,0.4672436007891726,0.12341388844934478,0.11201245425338167,0.0,0.6827191667290345,0.5923267332636181,0.2899546656525965,0.32713796812395723,0.41353571312967574,happy,03,23,23,male,normal,2710
50,1.6683333333333334,True,1.0,0.5650614204691876,0.5642667365682033,0.5646640785186954,0.551995601298991,-0.08939814814814812,-0.08912037037037035,0.34980345738753515,0.332578143606128,0.22715891475609848,1.0229503227741166,0.0007946839009843609,0.0002777777777777657,0.0008570265024717815,0.5105817614481717,0.12358921357296052,0.11181897897318123,0.0,0.6724609039245527,0.5897848968337335,0.2879204185380474,0.3254014124443637,0.4129434240596302,happy,03,23,23,male,normal,2710
60,2.0020000000000002,True,1.0,0.6055995894621643,0.5831084120474186,0.5943540007547914,0.6066583249077563,-0.08185185185185184,-0.0849537037037037,0.3519716696875375,0.3738388433148028,0.22086787883296571,0.97971786811821,0.02249117741474571,0.0031018518518518556,0.009820541973090055,0.46716328808069807,0.12419064306472925,0.11115062728364421,0.0,0.7092922370178149,0.5958116758891057,0.29075026479932525,0.3299230283482049,0.41554208757398786,happy,03,23,23,male,normal,2710
70,2.3356666666666666,True,1.0,0.6376851033906362,0.5878143730755315,0.6127497382330839,0.6945128363877054,-0.0880555555555555,-0.08583333333333326,0.3697007955158576,0.31386637798290545,0.225728245999806,0.8822727329564027,0.049870730315104694,0.0022222222222222365,0.0005178319925769372,0.4007021187394428,0.12466683368360625,0.11061626620704386,0.0,0.7888452087305118,0.5949178623636955,0.2891461640439894,0.33182210223217296,0.42345451036795007,happy,03,23,23,male,normal,2710
80,2.6693333333333333,True,1.0,0.24570073148790664,0.24567222004595687,0.24568647576693176,0.581729047834861,-0.10023148148148153,-0.0948148148148148,0.37727578010744484,0.20031075136661464,0.23062040548072366,0.4223383320488343,2.8511441949763405e-05,0.005416666666666736,0.00988246265143039,0.47950572557208193,0.12362810505680238,0.1117759786819286,0.0,0.8126798213582732,0.5963105321503602,0.2893026339350749,0.31800672757434795,0.3984721731111729,happy,03,23,23,male,normal,2710
90,3.003,True,1.0,0.5811608287602189,0.5429112643890779,0.5620360465746483,0.5559486816652368,-0.09060185185185182,-0.08782407407407417,0.3800092979260407,0.22608415458182082,0.2285803902431769,1.010949508668998,0.03824956437114102,0.002777777777777657,0.015597434029847087,0.49249064345997823,0.1233598343296471,0.11207198153066612,0.0,0.8702579398068284,0.5994523516906763,0.28807901345552933,0.33023133582200714,0.41254860297342444,happy,03,23,23,male,normal,2710
0,0.0,True,1.0,0.5693866179983993,0.5571954300928116,0.5632910240456055,0.5293400187423142,-0.07638888888888884,-0.07537037037037042,0.3446124301569363,0.286096680128115,0.20281539869930082,1.0641383687255637,0.012191187905587708,0.0010185185185184187,0.013546767736699578,0.5231520947316758,0.1275499942796647,0.10727896685534785,0.0,0.9474275291053827,0.6026969916169592,0.2851858925844639,0.3191343160342424,0.4138927523376148,happy,03,23,23,male,normal,2711
10,0.33366666666666667,True,1.0,0.5449572520706119,0.5557291483635991,0.5503432002171055,0.529523457873611,-0.07671296296296293,-0.07476851851851846,0.3448765299341599,0.28609668012811484,0.20210749426013655,1.0393178848527307,0.010771896292987249,0.0019444444444444708,0.008987564515552115,0.5043597060321743,0.12569824252736755,0.10944281427057727,0.0,0.9999999987499999,0.6046332807419843,0.2857162592486962,0.318490707505748,0.41538355835938673,happy,03,23,23,male,normal,2711
20,0.6673333333333333,True,1.0,0.584319432545218,0.5714855389233395,0.5779024857342787,0.5253394579251076,-0.07606481481481475,-0.07486111111111116,0.34554013172039133,0.28383610323180525,0.2014195725023809,1.100055358523373,0.012833893621878478,0.0012037037037035958,0.01203756544465086,0.507964211954196,0.12489916613101856,0.11035386748887131,0.0,0.9999999987499999,0.6040257568339836,0.2865538850333968,0.3182016428676734,0.41371889572696957,happy,03,23,23,male,normal,2711
30,1.0010000000000001,True,1.0,0.5600293923505455,0.5445790399817978,0.5523042161661716,0.8039955471139154,-0.09388888888888891,-0.09189814814814812,0.3715149359009627,0.3079818194208316,0.23541796298500028,0.6869493471061694,0.0154503523687477,0.001990740740740793,0.014033788009852924,0.35021391942456354,0.12323958132748315,0.11220420386250242,0.0,0.6693475476268277,0.5925700389140031,0.292521532067835,0.3352377207373131,0.4196244320100538,happy,03,23,23,male,normal,2711
40,1.3346666666666667,True,1.0,0.5819803992797903,0.5733490378983002,0.5776647185890452,0.8553846916170678,-0.09296296296296297,-0.09078703703703689,0.3549009057214986,0.3505078924476887,0.22934271321594626,0.6753273985965251,0.008631361381490121,0.002175925925926081,0.0049822824416286896,0.3264159641883124,0.1220754574826327,0.11330161738916206,0.0,0.6921228297111942,0.5945554731501975,0.29076163799564025,0.3333506330937287,0.4196616863977068,happy,03,23,23,male,normal,2711
50,1.6683333333333334,True,1.0,0.6287086937321634,0.597332063786168,0.6130203787591657,0.754504261840023,-0.08550925925925928,-0.08819444444444441,0.3650260161023948,0.33607977697478325,0.22431780004526822,0.8124810021141325,0.03137662994599544,0.002685185185185124,0.004734776762430238,0.3652488998598486,0.12259095799418095,0.112912509440552,0.0,0.9504213087121007,0.5924648745435674,0.29095688205597786,0.33309915756511116,0.42175308616681634,happy,03,23,23,male,normal,2711
60,2.0020000000000002,True,1.0,0.5622233160748236,0.550264550264549,0.5562439331696862,0.7246089507234066,-0.0867592592592592,-0.08949074074074076,0.3574061832277017,0.313459369284347,0.22085544307558072,0.7676470634462427,0.011958765810274552,0.002731481481481557,0.007614984984730697,0.37219875608792147,0.12346124415519465,0.11196025617154416,0.0,0.9372381683661755,0.5932158409770159,0.28995789770018804,0.3344052364640448,0.4194183718921937,happy,03,23,23,male,normal,2711
70,2.3356666666666666,True,1.0,0.6059327972735474,0.5500455946370116,0.5779891959552795,0.6385618367688239,-0.09249999999999992,-0.08999999999999991,0.3788640363763044,0.26063748439543855,0.22640102070531437,0.9051420906704243,0.05588720263653579,0.0025000000000000022,0.003709960554816101,0.4267015360340417,0.1251329218503236,0.11008873529809136,0.0,0.6364849173358937,0.5949467271283514,0.28806360885648563,0.33223582547317304,0.42292715805708275,happy,03,23,23,male,normal,2711
80,2.6693333333333333,True,1.0,0.5985851378252187,0.5765326139332217,0.5875588758792203,0.4559693243090206,-0.0920833333333334,-0.08805555555555561,0.36892710923766836,0.2277043745466292,0.22445550452785087,1.288592992016758,0.022052523891996967,0.004027777777777797,0.020563056019136057,0.573964771241873,0.12271775074181056,0.11277469318461493,0.0,0.6895774458688776,0.5983080842258779,0.2863087439228167,0.32807395465286676,0.4180716371263342,happy,03,23,23,male,normal,2711
90,3.003,True,1.0,0.3802760370623947,0.3352357018876232,0.3577558694750089,0.42042460675529536,-0.0920833333333333,-0.08879629629629626,0.37514954502654835,0.21624754944015687,0.21611347928311864,0.8509394163107055,0.04504033517477152,0.0032870370370370328,0.01952288159799469,0.6262582233261559,0.12432595535039569,0.11099925493678954,0.0,0.7773839093514973,0.6040244305534714,0.28855341424234887,0.32012225535154804,0.41136584628528555,happy,03,23,23,male,normal,2711
0,0.0,True,1.0,0.5258322718521671,0.47669073372885623,0.5012615027905116,0.5361295223241274,-0.08592592592592585,-0.08185185185185184,0.3487430646082955,0.27508896017504403,0.2104605348892679,0.9349634405834201,0.049141538123310846,0.004074074074074008,0.007472296820345794,0.4947711007825766,0.12615679763588278,0.10891391178636958,0.0,0.9145561596322614,0.5989437550645258,0.28812338523183284,0.3180130522473798,0.41058162654570324,happy,03,23,23,male,normal,2712
10,0.33366666666666667,True,1.0,0.5964840578797334,0.5766385086137559,0.5865612832467446,0.5222048870369338,-0.08449074074074064,-0.08203703703703713,0.3483722529150245,0.26098183401222136,0.2104688724428416,1.1232397432643313,0.01984554926597748,0.0024537037037035136,0.013553804571953838,0.507964211954196,0.1263003573009004,0.10874740234199429,0.0,0.7419618091741702,0.5973764530421544,0.2878557129915955,0.31999182298030826,0.4139329963347057,happy,03,23,23,male,normal,2712
20,0.6673333333333333,True,1.0,0.602304854073246,0.5764214265617356,0.5893631403174908,0.5064025851514293,-0.08444444444444438,-0.08175925925925925,0.3515806919218268,0.2599492297669948,0.2104688724428416,1.1638233247590035,0.025883427511510404,0.002685185185185124,0.014543723537347713,0.5371564152842127,0.12677304401270256,0.1081959938366678,0.0,0.6803057745791075,0.6001227331792093,0.28749770982395945,0.3199957535007284,0.4145075543797257,happy,03,23,23,male,normal,2712
30,1.0010000000000001,True,1.0,0.5024380603227027,0.509289371984317,0.5058637161535098,0.8088127373630616,-0.08328703703703699,-0.08504629629629623,0.35997117135953954,0.35553182958721435,0.2180726991516421,0.625439848787194,0.0068513116616143455,0.0017592592592592382,0.010991541071849409,0.3558172353814503,0.1227813380517384,0.11270546036565214,0.0,0.8164500633251762,0.5929460192358194,0.29193584145078866,0.3320603594705116,0.4156054037822924,happy,03,23,23,male,normal,2712
40,1.3346666666666667,True,1.0,0.45816179153809694,0.45622243211598745,0.4571921118270422,0.6243954846725981,-0.0879166666666667,-0.08819444444444441,0.36962523453238677,0.25109680276105545,0.2181688882155393,0.7322155958042698,0.0019393594221094879,0.0002777777777777102,0.009738255353339347,0.4486899647033696,0.12364097253506194,0.11176174515770258,0.0,0.7651352937275157,0.5990185333273936,0.2905730407808879,0.3325496687563795,0.42154881508114794,happy,03,23,23,male,normal,2712
50,1.6683333333333334,True,1.0,0.5330875570991805,0.47031001685800394,0.5016987869785923,0.7437034907698539,-0.09412037037037035,-0.09152777777777776,0.35659331014564194,0.39254638467613906,0.22101601775720178,0.6745951756381465,0.0627775402411766,0.002592592592592591,0.014484835567374522,0.382909824071347,0.12146101479148137,0.11412712059678301,0.0,0.704270220028529,0.5986761607455483,0.28958603810099953,0.3276734242962659,0.4123645838004365,happy,03,23,23,male,normal,2712
60,2.0020000000000002,True,1.0,0.4958624580371824,0.463880626242336,0.4798715421397592,0.6450842197992557,-0.09370370370370368,-0.09138888888888885,0.34768334977387333,0.40804360308854176,0.21680747127507957,0.7438897548743183,0.03198183179484637,0.002314814814814825,0.01145929999836217,0.43873620248836476,0.12159978982768689,0.11397924760095983,0.0,0.7995086710227616,0.6037635693183523,0.29156378466140426,0.33529863146510747,0.4223303942422883,happy,03,23,23,male,normal,2712
70,2.3356666666666666,True,1.0,0.5383529810627141,0.5212164315132543,0.5297847062879841,0.5800069849979073,-0.09157407407407409,-0.08856481481481482,0.39639719028989234,0.1727185664606949,0.23686869436153404,0.9134109070943269,0.017136549549459867,0.003009259259259267,0.008720929065949696,0.49468391323909583,0.12437254797667192,0.11094704628722134,0.0,0.8238680840016224,0.5919414263517907,0.28725235236994007,0.3243810686601297,0.4084266108005307,happy,03,23,23,male,normal,2712
80,2.6693333333333333,True,1.0,0.5967625071287268,0.5344789721770398,0.5656207396528833,0.4890987304197491,-0.09407407407407409,-0.0891203703703704,0.37632028448250116,0.15430016092095444,0.23697592733464712,1.1564551377335661,0.062283534951687036,0.004953703703703682,0.014183516954691968,0.571700996983537,0.11943398683331712,0.11624672278721601,0.0,0.7352550746630001,0.6149224995545094,0.3187341906653776,0.31057899856910554,0.43002560548750424,happy,03,23,23,male,normal,2712
90,3.003,True,1.0,0.4398336662139784,0.3827019256304788,0.4112677959222286,0.4813546037792215,-0.09337962962962965,-0.0905555555555555,0.3648783290113589,0.22051321387216147,0.23279756262151735,0.8543967226931541,0.057131740583499624,0.0028240740740741455,0.018177888015595087,0.5577760502677882,0.12363970968481809,0.11176314222127857,0.0,0.6559981814913157,0.5926378776666916,0.2873760127786477,0.32191934562789615,0.4029267010156278,happy,03,23,23,male,normal,2712
0,0.0,True,1.0,0.5747168029646843,0.560923508881337,0.5678201559230107,0.5049486911795198,-0.07773148148148151,-0.07583333333333331,0.3434297969514823,0.2883931690912473,0.20077995992193756,1.124510600466412,0.013793294083347285,0.0018981481481482043,0.013456274372704451,0.542250989980525,0.12510234994362585,0.1101234752848135,0.0,0.7500661979465654,0.605600010496386,0.28739362685703324,0.31523510559870066,0.4152951756976319,happy,03,23,23,male,normal,2713
10,0.33366666666666667,True,1.0,0.594519796747962,0.5470199074967779,0.5707698521223699,0.5049486911795198,-0.07759259259259255,-0.07412037037037045,0.342349036258071,0.2883931690912473,0.20216826132333868,1.1303521765530218,0.04749988925118409,0.003472222222222099,0.01587712375004775,0.5369615890521199,0.1255796095050832,0.10957891880656159,0.0,0.7599793583913158,0.6019181024284714,0.2868761737022017,0.31667070744722414,0.4150204345958675,happy,03,23,23,male,normal,2713
20,0.6673333333333333,True,1.0,0.5945451746781918,0.5766385086137552,0.5855918416459736,0.5052743086914566,-0.07824074074074072,-0.07564814814814819,0.3427125307076559,0.2883931690912471,0.20217995971686,1.1589582758769603,0.017906666064436583,0.0025925925925925353,0.011854074856924588,0.5207746958731899,0.12563605178100748,0.10951420119366982,0.0,0.8093221908065313,0.603735952537265,0.28777396222919566,0.31707026636102137,0.4154077105359925,happy,03,23,23,male,normal,2713
30,1.0010000000000001,True,1.0,0.5183312583367964,0.5018551435844129,0.5100932009606046,0.8480954320566472,-0.0734259259259259,-0.07800925925925922,0.35467361014647025,0.4521387746950671,0.21190962994774007,0.6014573144482327,0.01647611475238353,0.004583333333333328,0.00890411087224632,0.37150627388498436,0.12176045995677891,0.11380759272172652,0.0,0.7346491869611366,0.59404714781225,0.2920230168488729,0.33412075044821155,0.41376099037916575,happy,03,23,23,male,normal,2713
40,1.3346666666666667,True,1.0,0.43510081153900004,0.4051278094989836,0.42011431051899184,0.5801860803230544,-0.0803240740740741,-0.08388888888888885,0.3708060173901584,0.283322449947068,0.21416835829873065,0.7241027056096679,0.02997300204001646,0.003564814814814743,0.0034338489594823197,0.5019221647114533,0.12318627889441804,0.11226272071456714,0.0,0.7641794159071682,0.5945590799366621,0.29140490341604064,0.3296036663876815,0.4029345345431387,happy,03,23,23,male,normal,2713
50,1.6683333333333334,True,1.0,0.4446237407357846,0.38545586746785,0.4150398041018173,0.7011932070637763,-0.08546296296296296,-0.08768518518518525,0.3549668260191425,0.4065891552393182,0.21748778552362985,0.5919050554408292,0.0591678732679346,0.002222222222222292,7.239052789620031e-05,0.41272117222128574,0.12111212325426345,0.11449729853031429,0.0,0.6590041901664971,0.5965019067470738,0.29192672073771986,0.3216952124783694,0.40352772516754976,happy,03,23,23,male,normal,2713
60,2.0020000000000002,True,1.0,0.4336379032572887,0.41480011835214137,0.424219010804715,0.5874917042244419,-0.08999999999999997,-0.09282407407407411,0.34947996353364663,0.37957738282104264,0.21250897556871712,0.7220851081884365,0.018837784905147315,0.0028240740740741455,0.029843290434955986,0.48247271341889936,0.1218053654936811,0.11375953018047177,0.0,0.6901364524881719,0.6180489033972965,0.29375229963784116,0.3149178141114818,0.4014973681873002,happy,03,23,23,male,normal,2713
70,2.3356666666666666,True,1.0,0.4904952625616237,0.4297858247365786,0.4601405436491012,0.6430140068087,-0.09013888888888888,-0.08875,0.39494530522145804,0.2584506949843491,0.2277807922990838,0.715599565136682,0.060709437825045065,0.001388888888888884,0.005334312896000707,0.45217837990875126,0.12321841417125429,0.11222744842112692,0.0,0.833866691470483,0.6022439559026737,0.2891056808303671,0.3287753307115174,0.4122114725751838,happy,03,23,23,male,normal,2713
80,2.6693333333333333,True,1.0,0.5443431529550683,0.48692286191258266,0.5156330074338255,0.5130316160088272,-0.09222222222222226,-0.08601851851851844,0.3911549452361218,0.13752619156374518,0.24393022183608168,1.0050706259494024,0.05742029104248564,0.006203703703703822,0.004075877554503761,0.5349618847706383,0.12192909061115119,0.11362690980893192,0.0,0.8603904987823259,0.5773900414618972,0.2901826088684431,0.33080288325818324,0.40717484639157575,happy,03,23,23,male,normal,2713
90,3.003,True,1.0,0.16915143632130808,0.12121620095546586,0.14518381863838697,0.4276878299494283,-0.1063425925925926,-0.10018518518518521,0.36342821029997435,0.17332027462403637,0.23567060879688506,0.3394621227720091,0.047935235365842224,0.006157407407407389,0.017197283704241423,0.6262582233261539,0.12227660136503817,0.11325286101801565,0.0,0.6459705840582401,0.5958104955888606,0.2883978846317366,0.31522021132678146,0.39054920625857886,happy,03,23,23,male,normal,2713
0,0.0,True,1.0,0.5445901601896052,0.5433925385614511,0.5439913493755282,0.44449953884944926,-0.08625000000000005,-0.08347222222222223,0.3552892575133731,0.28471353358729395,0.20074917854654903,1.223828827322533,0.0011976216281540664,0.0027777777777778234,0.004815673521320347,0.5701709053286117,0.1292800770496162,0.10518763923948532,0.0,0.9026680789100052,0.6082693096301021,0.290983703254784,0.31279331092551166,0.40575181735246496,happy,03,23,23,male,strong,2714
10,0.33366666666666667,True,1.0,0.5857839071785734,0.5624794042168697,0.5741316556977216,0.44128484274972146,-0.08546296296296302,-0.08402777777777776,0.35910499298553755,0.28252356211986496,0.2021139115208346,1.301045492793745,0.02330450296170372,0.0014351851851852615,0.002951783297417668,0.5872422565273372,0.1256649010217208,0.10948109618386699,0.0,0.9170251187976531,0.6016756619053871,0.2902991439302234,0.3162490623475872,0.41679163604507086,happy,03,23,23,male,strong,2714
20,0.6673333333333333,True,1.0,0.5760980210370934,0.5699667587945194,0.5730323899158064,0.4938131770516397,-0.08750000000000008,-0.08527777777777773,0.3506820820504971,0.3033032125006894,0.204196932878333,1.1604234486757783,0.006131262242573987,0.0022222222222223476,0.006209872300096879,0.517383765898559,0.12465589659100705,0.11062859131067361,0.0,0.916777884178092,0.5999685879429897,0.29037827056342763,0.31495908120338817,0.4170409298834374,happy,03,23,23,male,strong,2714
30,1.0010000000000001,True,1.0,0.614751956287539,0.6108754792877712,0.6128137177876551,0.8144196342046498,-0.08731481481481479,-0.08893518518518517,0.3889744547465432,0.41987026094047253,0.21599482955988764,0.7524544989465044,0.003876476999767786,0.0016203703703703831,0.004007175857092085,0.3720474383808582,0.12405891659953705,0.11129763242001675,0.0,0.7523603099593884,0.5912948164734645,0.29263036349782684,0.34557547603761823,0.4435852933591411,happy,03,23,23,male,strong,2714
40,1.3346666666666667,True,1.0,0.7306937474342738,0.6835882541948626,0.7071410008145682,1.2230135894153373,-0.08828703703703694,-0.09189814814814817,0.34996290925224105,0.5332794024200649,0.22577049082747083,0.5781955384098533,0.04710549323941127,0.0036111111111112315,0.004697976427080226,0.24881303863934334,0.12326912778389115,0.1121717429011985,0.0,0.8149743394043742,0.5793334903414492,0.29473116148853984,0.3466963082935536,0.43232740514640233,happy,03,23,23,male,strong,2714
50,1.6683333333333334,True,1.0,0.5337732773499442,0.4861111111111106,0.5099421942305273,0.739099526269113,-0.08726851851851847,-0.09134259259259264,0.3818297586421411,0.3695497631345565,0.2243545295048363,0.6899506441367311,0.04766216623883357,0.004074074074074174,0.011634882360698864,0.38526807359932375,0.12349442453728908,0.1119236564742127,0.0,0.639105154880902,0.5874956850474566,0.29114081563813654,0.33584743313854043,0.4121166355856261,happy,03,23,23,male,strong,2714
60,2.0020000000000002,True,1.0,0.7149322107100495,0.6835050849715479,0.6992186478407987,0.9326407559357733,-0.08013888888888887,-0.08513888888888888,0.34074431297022323,0.40801457194899804,0.21945313598761004,0.7497191639874579,0.03142712573850159,0.0050000000000000044,0.0067435981073281715,0.2992247859283917,0.12353317402776627,0.11188088614625348,0.0,0.6509964841400073,0.5776377772202632,0.2926089336177589,0.33674690065041996,0.4185782629106342,happy,03,23,23,male,strong,2714
70,2.3356666666666666,True,1.0,0.729769324099381,0.7030619038574122,0.7164156139783966,0.6992596270857548,-0.06990740740740736,-0.07435185185185189,0.381128087027332,0.27840892559895775,0.20627996053698633,1.024534502247958,0.026707420241968816,0.004444444444444529,0.005921217225299845,0.41830951844727726,0.12616602730588286,0.10890321999087678,0.0,0.7904488660248585,0.5784475207504878,0.28774351373609397,0.3412849469011964,0.42094951708710227,happy,03,23,23,male,strong,2714
80,2.6693333333333333,True,1.0,0.7320255501471127,0.6899616416498182,0.7109935958984654,0.6422068179169022,-0.08124999999999993,-0.08759259259259256,0.3844579837997333,0.2825709998834371,0.21738954032472996,1.1071100088981987,0.04206390849729447,0.006342592592592622,0.002097350828823001,0.44283356072005203,0.1250540747292591,0.11017829261643892,0.0,0.7997196803739407,0.5864387679915717,0.2884051204119757,0.3349037899907274,0.42206222992001524,happy,03,23,23,male,strong,2714
90,3.003,True,1.0,0.7006619311801378,0.6976056252723786,0.6991337782262581,0.5523451167942924,-0.08407407407407419,-0.08912037037037035,0.3833931066785941,0.269726863525098,0.21528663753750232,1.2657553347876045,0.0030563059077591825,0.00504629629629616,0.0019784033778777388,0.5019221647114542,0.12588615665490235,0.10922661458134376,0.0,0.887495124172905,0.5944996350337011,0.2884823367446797,0.3301794003674881,0.4242026285835285,happy,03,23,23,male,strong,2714
0,0.0,True,1.0,0.5764662303390319,0.557652976207181,0.5670596032731064,0.5348314250263226,-0.07861111111111102,-0.07759259259259255,0.33964048321678864,0.3539815446227289,0.19589916232072066,1.0602585725870495,0.018813254131850865,0.0010185185185184742,0.0024110152112484687,0.4892541750097405,0.12828756603736122,0.10639585598525018,0.0,0.9127284645099356,0.6004195032231642,0.28807049197655826,0.3193610875331124,0.4175484933658585,happy,03,23,23,male,strong,2715
10,0.33366666666666667,True,1.0,0.601138115811493,0.5560668205092629,0.578602468160378,0.5165446055683485,-0.07810185185185181,-0.07810185185185187,0.34128870764524993,0.3511517258900854,0.19589916232072066,1.120140374951255,0.045071295302230086,5.551115123125783e-17,0.0063805109106263745,0.5063409000377344,0.12588403831441805,0.10922905596934883,0.0,0.9249819513804672,0.6006611039024986,0.289640095992743,0.3168702406982055,0.4173972322973103,happy,03,23,23,male,strong,2715
20,0.6673333333333333,True,1.0,0.6024961182626087,0.5560668205092629,0.5792814693859358,0.5222048870369326,-0.07861111111111113,-0.07754629629629628,0.34847747684419417,0.3456245909891576,0.19590967732862746,1.1092992114127163,0.04642929775334581,0.0010648148148148517,0.009606541634609589,0.507964211954196,0.12533322495809845,0.10986064123162609,0.0,0.9276141962084428,0.5987439367153111,0.28859328824821096,0.31392787159924695,0.4136960661781874,happy,03,23,23,male,strong,2715
30,1.0010000000000001,True,1.0,0.596990679796038,0.5868494101345713,0.5919200449653046,0.8672733933893673,-0.07421296296296293,-0.07421296296296293,0.39042303494659203,0.43357736399492197,0.19724117659584223,0.6825068651674395,0.010141269661466779,0.0,0.00040473588006671496,0.3568636134272086,0.12495562132965429,0.11028993820138873,0.0,0.6297015996506766,0.5841181684705132,0.29429651816367025,0.3461580962650641,0.43928312420338855,happy,03,23,23,male,strong,2715
40,1.3346666666666667,True,1.0,0.6293261944563782,0.6109709614648028,0.6201485779605904,1.08294378121799,-0.08106481481481476,-0.08356481481481487,0.3534548696454907,0.4720401430860051,0.21124153347077254,0.5726507587153855,0.018355232991575376,0.0025000000000001132,0.004178349350329712,0.2671277997540964,0.12354479208119636,0.11186805674425841,0.0,0.7617532848216715,0.5770596496880003,0.29532325074645704,0.3443692850930869,0.42483418045873594,happy,03,23,23,male,strong,2715
50,1.6683333333333334,True,1.0,0.5360966104741245,0.4866556084042794,0.511376109439202,0.7343722523612414,-0.08578703703703705,-0.0893518518518518,0.3771766956542851,0.4130635544860721,0.2174748056672756,0.6963445416067456,0.049441002069845086,0.003564814814814743,0.006216199685997428,0.3953671630334978,0.12363847374481134,0.11176450948375337,0.0,0.9999999987499999,0.6021141548338085,0.2912061803938263,0.33927296692131576,0.4049482193700019,happy,03,23,23,male,strong,2715
60,2.0020000000000002,True,1.0,0.7157318904381704,0.6838508156154255,0.699791353026798,0.9908925318761381,-0.09615740740740741,-0.09462962962962956,0.3397287472459496,0.45173041894353316,0.23271266596136833,0.7062232588450592,0.03188107482274494,0.00152777777777785,0.004340625123270398,0.2651140643723518,0.12472940151369667,0.11054571076442414,0.0,0.6323976218508163,0.5724548132768733,0.29191512373184325,0.34079178995941134,0.41814880147983,happy,03,23,23,male,strong,2715
70,2.3356666666666666,True,1.0,0.682443068785381,0.6561648815726867,0.6693039751790338,0.6086584465443491,-0.07791666666666669,-0.0764351851851851,0.38079432725879736,0.2784089255989576,0.20491473227156945,1.0996380301283897,0.02627818721269426,0.0014814814814815835,0.010235611836475233,0.4686574889336274,0.12619296078691158,0.10887200934282575,0.0,0.7712536696460986,0.5831434001491221,0.28969097904010693,0.33689217276062566,0.41832199938704767,happy,03,23,23,male,strong,2715
80,2.6693333333333333,True,1.0,0.5604512274415157,0.5083575818278379,0.5344044046346768,0.41631788149774207,-0.09370370370370373,-0.09194444444444444,0.3682494329973899,0.28128187443995467,0.20915949921347504,1.2836450904104995,0.0520936456136778,0.0017592592592592937,0.01654309902033944,0.593248769906356,0.12376081389244688,0.11162902272564437,0.0,0.7790499251020014,0.6129834005008254,0.28754748648781914,0.3174965138646665,0.39821976301619155,happy,03,23,23,male,strong,2715
90,3.003,True,1.0,0.5917542454880115,0.5676911593889962,0.5797227024385039,0.39845735163811175,-0.0922222222222222,-0.09138888888888885,0.359097059920277,0.2539972615198175,0.22032214912571815,1.4549178225854935,0.024063086099015307,0.0008333333333333526,0.0174413840260706,0.6096684144267093,0.12569709606225002,0.10944413100628203,0.0,0.9312389921180532,0.6017225984378126,0.28634110274059943,0.3293592460070312,0.4171780926744342,happy,03,23,23,male,strong,2715
0,0.0,True,1.0,0.5728534139424853,0.5343612858480059,0.5536073498952456,0.4942040497406475,-0.0753240740740741,-0.07569444444444445,0.33884185381925513,0.3270020491738453,0.1889292754835563,1.1201999461270546,0.03849212809447944,0.00037037037037035425,0.00895300179111223,0.5161593839434614,0.1261136501620386,0.10896387021906455,0.0,0.967002751440422,0.6032534580472814,0.28635357669838046,0.31193860543361107,0.4135640986847142,happy,03,23,23,male,strong,2716
10,0.33366666666666667,True,1.0,0.5622233160748223,0.5121137924313964,0.5371685542531094,0.49819837097934133,-0.07462962962962966,-0.07509259259259266,0.3351386910761526,0.32969009844221153,0.18823498003510292,1.0782222213957902,0.05010952364342591,0.0004629629629629983,0.005185834061262761,0.5162300175426748,0.12644733217915655,0.10857647054101136,0.0,0.9160067841179941,0.6007753840676897,0.28689910918977574,0.312053429229254,0.41358359971164305,happy,03,23,23,male,strong,2716
20,0.6673333333333333,True,1.0,0.577006033788222,0.5496189693305189,0.5633125015593705,0.49767918890970236,-0.07569444444444445,-0.0757870370370371,0.33462200970193173,0.3219836487630935,0.19031786964211186,1.1318787566614052,0.027387064457703114,9.259259259264407e-05,0.005877791059333661,0.5325968310338007,0.12703611933083983,0.10788698788897139,0.0,0.7629506166899439,0.5997605105323379,0.2866383093474911,0.31436451215117417,0.4141317560456527,happy,03,23,23,male,strong,2716
30,1.0010000000000001,True,1.0,0.7329593169860051,0.6898839137645102,0.7114216153752577,0.983469164300626,-0.0855555555555555,-0.09064814814814814,0.33550142208684,0.5357516340405278,0.2139320451098645,0.7233796861146843,0.043075403221494946,0.0050925925925926485,0.00882188369447238,0.2774442001617302,0.12164824482312855,0.11392753091847763,0.0,0.8217404509386582,0.5933742221185349,0.2933369280380395,0.33432211243785864,0.43187753176966626,happy,03,23,23,male,strong,2716
40,1.3346666666666667,True,1.0,0.7516423812418697,0.7426905064007874,0.7471664438213286,0.7148030632838624,-0.08013888888888887,-0.08856481481481476,0.38685734632096186,0.3510016547509819,0.21255169407993438,1.045275939905442,0.008951874841082286,0.008425925925925892,0.011273567702454317,0.37547399850698926,0.12124247923661675,0.11435925409985935,0.0,0.9999999987499999,0.6044468653477015,0.29530081539787123,0.345365566432839,0.43483984579561874,happy,03,23,23,male,strong,2716
50,1.6683333333333334,True,1.0,0.7056459209678818,0.6837606837606847,0.6947033023642832,0.7364647548090636,-0.07342592592592595,-0.08259259259259266,0.37705564576454714,0.4208157742112494,0.2041801188701787,0.9432947032806649,0.02188523720719715,0.009166666666666712,0.02161926488634061,0.383344293035374,0.12432318583551062,0.11100235688428875,0.0,0.6495251123926593,0.6080386672012555,0.29331368633389954,0.34199532758332535,0.41901753387560325,happy,03,23,23,male,strong,2716
60,2.0020000000000002,True,1.0,0.7757173117280415,0.7272727272727277,0.7514950195003847,1.081007069447256,-0.08828703703703705,-0.09194444444444444,0.33533850037277246,0.47386611263441325,0.2208678788329657,0.6951804856231343,0.048444584455313744,0.003657407407407387,0.002692336644400281,0.2469555668126023,0.12256551012536779,0.11294013236113568,0.0,0.7111842735209878,0.6072204866087061,0.2914218895322113,0.3378385963847685,0.4203487485821404,happy,03,23,23,male,strong,2716
70,2.3356666666666666,True,1.0,0.7184775445882589,0.7111976386228972,0.714837591605578,0.5754940748003635,-0.0700925925925926,-0.07231481481481483,0.39362437160931635,0.20642722248273937,0.20000152587308548,1.2421284995046251,0.007279905965361655,0.0022222222222222365,0.0023464588887346094,0.46518215276942665,0.1231804886851119,0.11226907400175204,0.0,0.7254616004021059,0.582584191043605,0.2894756498422945,0.3324299200616868,0.42016747403861465,happy,03,23,23,male,strong,2716
80,2.6693333333333333,True,1.0,0.7157318904381699,0.6867015537522213,0.7012167220951956,0.4091792523475471,-0.07643518518518516,-0.08240740740740743,0.4016531124031846,0.19836112595832092,0.20973131666752293,1.7137152435568723,0.029030336685948566,0.005972222222222268,0.008174901484691865,0.6165324327964743,0.12525251174604782,0.10995265377217364,0.0,0.81500644550133,0.582918475663703,0.28941706546376544,0.3357672415386616,0.41958049385330204,happy,03,23,23,male,strong,2716
90,3.003,True,1.0,0.7490077570975552,0.7287344473687002,0.7388711022331277,0.39166252684082026,-0.07527777777777772,-0.08078703703703705,0.40341093764966834,0.20191979716434091,0.20695034306004367,1.886499349817605,0.020273309728854993,0.005509259259259325,0.014601606059256447,0.6183053118573294,0.12387948125562796,0.11149731787717825,0.0,0.8993829527386088,0.6077290023040467,0.29053018433799,0.33147582491681915,0.4211660505731585,happy,03,23,23,male,strong,2716
0,0.0,True,1.0,0.5757481849244139,0.5430361182899096,0.5593921516071618,0.5516900969649368,-0.07916666666666661,-0.07763888888888887,0.3400780565388233,0.3483976827208146,0.19308084616518592,1.013960835412122,0.03271206663450432,0.001527777777777739,0.0008173338437015513,0.4509924956795989,0.12832947359493793,0.10634530538503773,0.0,0.6805281480829418,0.601841195611057,0.28685387623027503,0.3175178068368732,0.41362721753553894,happy,03,23,23,male,strong,2717
10,0.33366666666666667,True,1.0,0.6052497533494866,0.5610343898463722,0.5831420715979294,0.5184428900222982,-0.07870370370370366,-0.0772222222222223,0.34189538831951083,0.33118697632822747,0.19307491897578208,1.124795195036523,0.04421536350311439,0.0014814814814813615,0.0023848805050198886,0.5068350117923315,0.12597822562469344,0.10912041256762389,0.0,0.7588069527349528,0.6018959225408914,0.28774861928687395,0.3156644513715056,0.41713792236765385,happy,03,23,23,male,strong,2717
20,0.6673333333333333,True,1.0,0.6220252467910515,0.5910097315859065,0.606517489188479,0.5313005802850912,-0.07999999999999996,-0.07763888888888892,0.3438760084954714,0.34458758481368806,0.19376929402420967,1.141571290705211,0.031015515205145006,0.002361111111111036,0.0010986521683258846,0.4743187200147628,0.12555103067112253,0.10961166209723905,0.0,0.7791491646702151,0.6017875843618697,0.28828486845126416,0.3161889211733968,0.41640922902082533,happy,03,23,23,male,strong,2717
30,1.0010000000000001,True,1.0,0.6863941127139367,0.6386425465281257,0.6625183296210312,0.9792954881465975,-0.09143518518518512,-0.09365740740740741,0.3444405005201558,0.46078188010883947,0.22021685375244374,0.6765254590061527,0.047751566185811,0.002222222222222292,0.006455254706305385,0.2827449962490107,0.12228523215583688,0.11307517773124467,0.0,0.8949174382936603,0.5905621047012556,0.2930687856280071,0.3377499552688311,0.4254325106644147,happy,03,23,23,male,strong,2717
40,1.3346666666666667,True,1.0,0.6713441882724062,0.6562513767393434,0.6637977825058747,0.6837697212168644,-0.06152777777777779,-0.06337962962962956,0.3951080900388939,0.2532343064273944,0.19032628786065006,0.9707914256930728,0.015092811533062744,0.0018518518518517713,0.005859670672778697,0.3975407169112697,0.12335657015463729,0.11207557436753282,0.0,0.8393899268833341,0.5744240236797844,0.29387690193117516,0.3491714094029945,0.4276178878809829,happy,03,23,23,male,strong,2717
50,1.6683333333333334,True,1.0,0.6890755180029903,0.6597821172448111,0.6744288176239006,0.7177609282313833,-0.08101851851851855,-0.08638888888888885,0.38749746023381304,0.384437215336035,0.21604144972242575,0.9396287692696561,0.02929340075817921,0.005370370370370303,0.004919372548983961,0.395307346881377,0.12333447193290047,0.11209989207516667,0.0,0.7810751012855839,0.5743940287364946,0.29316098196790813,0.3419495791097473,0.4198968047545727,happy,03,23,23,male,strong,2717
60,2.0020000000000002,True,1.0,0.8029241495131093,0.7522168716493005,0.777570510581205,1.4872836464136086,-0.10013888888888889,-0.09893518518518518,0.2765332137265045,0.6257473878203601,0.23060320217590405,0.5228125196267809,0.0507072778638088,0.0012037037037037068,0.007755963743683859,0.18561446592290531,0.11914404396373683,0.11654387396019485,0.0,0.8494773438774824,0.6297706917298169,0.32209889465813984,0.3165273210173175,0.43483035180138147,happy,03,23,23,male,strong,2717
70,2.3356666666666666,True,1.0,0.7154658917622657,0.6866196437480013,0.7010427677551335,0.6470300326859411,-0.06921296296296292,-0.07157407407407407,0.38376401977778557,0.297558505069149,0.19727791968317587,1.0834779412710962,0.028846248014264386,0.002361111111111147,0.0015045978695594215,0.4204456806458459,0.12496035483332205,0.1102845750334053,0.0,0.6679218323859832,0.5789000130520958,0.29078285358492134,0.33919708643088525,0.42317078031242183,happy,03,23,23,male,strong,2717
80,2.6693333333333333,True,1.0,0.7101697703466899,0.7004156059172394,0.7052926881319647,0.39077193182558856,-0.06458333333333333,-0.06703703703703706,0.3983346829773584,0.1637642981570014,0.19520495206399283,1.8048703877911956,0.00975416442945054,0.0024537037037037357,0.005796176775015738,0.6476298115575422,0.1252261928455561,0.10998262769981972,0.0,0.6334711942109692,0.5805291148490647,0.2888357047108429,0.3383574375663519,0.41883115367539786,happy,03,23,23,male,strong,2717
90,3.003,True,1.0,0.6206692579380414,0.5832182112587262,0.6019437345983838,0.3862378978509739,-0.07745370370370369,-0.08171296296296293,0.3997045493621649,0.17440131020366179,0.20350971476839105,1.5584792117697313,0.0374510466793152,0.00425925925925924,0.0016381693499083025,0.63824418226274,0.12447143545084617,0.11083609307018567,0.0,0.6632423532135273,0.5837192538030838,0.2907956240847739,0.3322698098614827,0.4141057314865785,happy,03,23,23,male,strong,2717
0,0.0,True,1.0,0.6440598137697263,0.6144294168568728,0.6292446153132996,0.49583963329677144,-0.07078703703703704,-0.06898148148148153,0.3425728403178274,0.284028994075576,0.19385078024088526,1.269048646090544,0.02963039691285352,0.0018055555555555047,0.014504154558112952,0.5686783583478745,0.1270444093711544,0.1078772256681069,0.0,0.7414624926713314,0.6077776214626477,0.28862891170894084,0.3100075764303102,0.41045973900977295,sad,04,23,23,male,normal,2718
10,0.33366666666666667,True,1.0,0.6117288277000823,0.6012760092330904,0.6065024184665864,0.4975313809400664,-0.06814814814814807,-0.06722222222222224,0.3409627503353886,0.27038278269502714,0.19379764094220966,1.2190234459595763,0.010452818466991864,0.0009259259259258301,0.009141913711507292,0.5360544966134116,0.12434152372230543,0.11098181494542247,0.0,0.7672377674127514,0.6096255639677747,0.2892558798122421,0.30766634516395114,0.4101090364045794,sad,04,23,23,male,normal,2718
20,0.6673333333333333,True,1.0,0.18795507228056424,0.1996345374307432,0.1937948048556537,0.5938775524520563,-0.08462962962962972,-0.08407407407407408,0.3367701525899324,0.28184114057256243,0.1972690246162262,0.3263211482830019,0.011679465150178953,0.0005555555555556424,0.01229537825804697,0.46966627246644466,0.12279045707863323,0.11269552529048112,0.0,0.7591520146394435,0.6059046576130452,0.29183067621639336,0.3034377804979062,0.3922296007484617,sad,04,23,23,male,normal,2718
30,1.0010000000000001,True,1.0,0.36056724974642407,0.35065988688084887,0.35561356831363644,0.7908522209478261,-0.07763888888888887,-0.07393518518518521,0.3334478321687163,0.27000422008158925,0.20571917188127778,0.44965868324607877,0.009907362865575198,0.0037037037037036535,0.043943702687973776,0.37485806878424244,0.12420206947567869,0.11113785902354982,0.0,0.7150272614350437,0.5798392527401586,0.29399332688677055,0.3047376654129228,0.3992544273433227,sad,04,23,23,male,normal,2718
40,1.3346666666666667,True,1.0,0.3928692399102808,0.37952572218280084,0.38619748104654084,0.5711365693607388,-0.0760648148148147,-0.0724537037037038,0.3520365474955928,0.2016838560448354,0.20771089380572896,0.6761911279447639,0.013343517727479937,0.0036111111111108984,0.044071415918600344,0.49468249629356054,0.12202076398831575,0.11352845865968356,0.0,0.7770523288630417,0.585711479669993,0.29431294350983567,0.29917369861581516,0.3921580435331572,sad,04,23,23,male,normal,2718
50,1.6683333333333334,True,1.0,0.4971711825706591,0.4723677965195449,0.484769489545102,0.688395749796472,-0.07499999999999996,-0.07254629629629628,0.34204822550745656,0.265155384855779,0.2070166909043381,0.7042017468707887,0.024803386051114207,0.00245370370370368,0.011008324189139848,0.4120126824378417,0.12246797372830881,0.11304588971272375,0.0,0.735321171187828,0.5838148331598265,0.291650406280161,0.30132096730762714,0.3994174022945128,sad,04,23,23,male,normal,2718
60,2.0020000000000002,True,1.0,0.25104819220671254,0.2289192764069978,0.23998373430685516,0.5755684938665397,-0.08583333333333337,-0.08462962962962967,0.3318182685198487,0.20659284399552058,0.20833662920570012,0.41695078320687495,0.022128915799714738,0.0012037037037037068,0.0065895914949430775,0.4786664515395843,0.12534875989075045,0.10984291585850481,0.0,0.8421848472541561,0.5810674574282837,0.29250577332721045,0.30171842848590114,0.3908643592471577,sad,04,23,23,male,normal,2718
70,2.3356666666666666,True,1.0,0.50763262358543,0.5114533377615382,0.5095429806734841,0.6543388371388367,-0.07097222222222221,-0.0683333333333333,0.33879129260120905,0.21804481735091757,0.20833479817193346,0.7787142559067911,0.0038207141761081864,0.002638888888888913,0.022837747612864723,0.44629922159455276,0.12359975895914666,0.1118073224582485,0.0,0.7711528655952996,0.5740875065729416,0.2942745279989263,0.31151853018487513,0.4084480637094375,sad,04,23,23,male,normal,2718
80,2.6693333333333333,True,1.0,0.6121052102400202,0.5953630383163725,0.6037341242781964,0.5325924706348671,-0.06800925925925921,-0.06648148148148136,0.3557984220030258,0.19086965910222448,0.20988259040137844,1.133576153561702,0.016742171923647686,0.00152777777777785,0.02245702090122601,0.5142664085636387,0.12500646516929312,0.11023230668118678,0.0,0.7144357387772027,0.5788688325799068,0.289500783870328,0.3134377070795206,0.39939274210634634,sad,04,23,23,male,normal,2718
90,3.003,True,1.0,0.5821456068238218,0.5951592722851355,0.5886524395544787,0.40921353528252885,-0.06916666666666665,-0.06518518518518518,0.3705381897553129,0.11849223397313531,0.21257035829711185,1.4384969919141648,0.013013665461313773,0.003981481481481475,0.031083824206395796,0.6535228337225922,0.12575052983407203,0.1093827318035221,0.0,0.7964199191013747,0.5791319220969638,0.2892959579118677,0.32059450843792975,0.40881229119727097,sad,04,23,23,male,normal,2718
100,3.336666666666667,True,1.0,0.59633323417055,0.5906927560135972,0.5935129950920736,0.40742209945445274,-0.07134259259259262,-0.06652777777777785,0.3734768696061179,0.11780001281075268,0.21190962994774012,1.4567520904899383,0.005640478156952788,0.004814814814814772,0.03230143621806125,0.6350624319195141,0.12524773527490088,0.10995809464994159,0.0,0.8366345307154284,0.5825610481536364,0.2917658144802565,0.3104804912780373,0.40389524816228967,sad,04,23,23,male,normal,2718
0,0.0,True,1.0,0.6481671578120944,0.592356794224474,0.6202619760182841,0.4859274199817132,-0.07083333333333336,-0.0698611111111111,0.34949201644184885,0.2285466512597205,0.1937818931663653,1.2764498369769426,0.05581036358762048,0.0009722222222222632,0.0001446400672370898,0.5201177885902077,0.12429120069134962,0.11103817001728389,0.0,0.7286818227085704,0.6091995785032764,0.289667474567674,0.3069633322251012,0.40979674940922717,sad,04,23,23,male,normal,2719
10,0.33366666666666667,True,1.0,0.6359331609899436,0.6068082134935746,0.621370687241759,0.4663924033165629,-0.07194444444444442,-0.0702314814814815,0.352289932325007,0.2260968065450736,0.1951705550945909,1.3322916128631814,0.029124947496368958,0.0017129629629629162,0.00011134923878070846,0.5317961009991053,0.12613359033953878,0.1089407873957271,0.0,0.8070577048525155,0.6071233773196779,0.28928392224603483,0.3105128986249454,0.4122302320495789,sad,04,23,23,male,normal,2719
20,0.6673333333333333,True,1.0,0.22618361175259646,0.19197305930724692,0.2090783355299217,0.4871466826997675,-0.08694444444444444,-0.08597222222222223,0.35774871928685503,0.2225806749717901,0.20001869114320453,0.4291896936898129,0.03421055244534954,0.0009722222222222077,0.004575191592858691,0.5369615890521199,0.12418153578650595,0.11116080217397559,0.0,0.8494390502109488,0.6055526909357493,0.2922330810288003,0.3093432799727086,0.39662127637331845,sad,04,23,23,male,normal,2719
30,1.0010000000000001,True,1.0,0.2630366560539633,0.24265041588130995,0.25284353596763665,0.7159655162953431,-0.08592592592592585,-0.08249999999999996,0.3391869392281865,0.2145725100960864,0.2104224679480808,0.353150438412087,0.020386240172653364,0.003425925925925888,0.023246185669194633,0.4058392955272647,0.12288383769198791,0.11259369522471067,0.0,0.6825798683454295,0.5829971308445253,0.29571107284486475,0.30093514786491493,0.3894587606945026,sad,04,23,23,male,normal,2719
40,1.3346666666666667,True,1.0,0.502045030585737,0.4570933025194427,0.47956916655258985,0.5736088708823393,-0.07277777777777772,-0.06828703703703703,0.34685208227724346,0.1888001531327837,0.21259189189618688,0.8360560495079248,0.04495172806629433,0.004490740740740684,0.02606144251775274,0.5032564738160326,0.12427933123956482,0.11105145472650482,0.0,0.7204271619882829,0.5795171588869923,0.2913946309173181,0.31309022054045865,0.40396813552607047,sad,04,23,23,male,normal,2719
50,1.6683333333333334,True,1.0,0.5748719672006751,0.5783592921997082,0.5766156297001916,0.534476000727389,-0.06856481481481486,-0.06759259259259259,0.34447656347291084,0.18969268118132085,0.21264356363701678,1.0788428833389212,0.003487324999033037,0.0009722222222222632,0.022318049605363877,0.5281568480820894,0.12383381233613387,0.11154803760044175,0.0,0.6948305741299227,0.5847538176676921,0.2901443237558739,0.31206580459295397,0.39796765236786796,sad,04,23,23,male,normal,2719
60,2.0020000000000002,True,1.0,0.5940013454955998,0.5780095211126972,0.5860054333041484,0.7301763413113702,-0.07064814814814807,-0.06884259259259268,0.3449582608720633,0.23167701549166198,0.21598105349514005,0.8025533013733421,0.015991824382902586,0.0018055555555553937,0.0014236066246219956,0.3829537443601253,0.12158786759898796,0.11399196560566931,0.0,0.8074329322686363,0.5636850811340162,0.2938833043014864,0.3039729704041938,0.39165562544529825,sad,04,23,23,male,normal,2719
70,2.3356666666666666,True,1.0,0.5670882497382715,0.5485315324039246,0.557809891071098,0.6630653270259921,-0.07018518518518518,-0.07092592592592595,0.3432033079679879,0.22565973113313206,0.213940247373825,0.841259327452711,0.01855671733434694,0.000740740740740764,0.005925236849667804,0.419302888079777,0.12669996669514774,0.1082815598799904,0.0,0.7170205358929329,0.5654328276388682,0.2947246915206145,0.306095720807466,0.38967982490745934,sad,04,23,23,male,normal,2719
80,2.6693333333333333,True,1.0,0.6007952188429159,0.6099151227433742,0.605355170793145,0.7657144736784891,-0.07013888888888886,-0.06976851851851856,0.3351483347030407,0.26005397219269477,0.21880893458338407,0.7905755886851941,0.00911990390045836,0.00037037037037029874,0.002142423582016251,0.39314170140473637,0.12463548011693842,0.11065159224545693,0.0,0.8945975276801715,0.565681731004902,0.29465647637318504,0.3122255108597749,0.3936581031866393,sad,04,23,23,male,normal,2719
90,3.003,True,1.0,0.6229897932679527,0.5956755690158323,0.6093326811418924,0.4827080799461681,-0.06972222222222219,-0.06879629629629624,0.35927225627406734,0.14078985665096613,0.21806115361267805,1.262321279581327,0.027314224252120378,0.0009259259259259411,0.002437042065010783,0.5341469669043222,0.12426845554479965,0.11106362467878425,0.0,0.7187644944896514,0.5564491976790716,0.2902782521334688,0.3068588566790083,0.39004856690566647,sad,04,23,23,male,normal,2719
100,3.336666666666667,True,1.0,0.6027299163262204,0.6014844747749636,0.602107195550592,0.3685504376773809,-0.07050925925925927,-0.0681018518518518,0.36813161524865834,0.0919707320973956,0.21600083423622596,1.6337172174997128,0.0012454415512568318,0.002407407407407469,0.020542951339601462,0.6965512609152846,0.12528948275094978,0.10991052398367197,0.0,0.6094971981033008,0.5758150080657264,0.29048754146815564,0.31621601339421124,0.3931684054565371,sad,04,23,23,male,normal,2719
110,3.6703333333333332,True,1.0,0.22125000826130636,0.217731443171963,0.2194907257166347,0.3846333693858822,-0.0820833333333334,-0.08032407407407405,0.36642704350104416,0.11239957314252641,0.21469849887925843,0.5706492030763751,0.0035185650893433673,0.0017592592592593492,0.03252591201756426,0.6983323405910262,0.12511130945216123,0.11011329627930348,0.0,0.6616584462733657,0.5851933491052671,0.29035168460510374,0.3161300037855266,0.3945424696875077,sad,04,23,23,male,normal,2719
0,0.0,True,1.0,0.6246213467982827,0.597306054637036,0.6109637007176594,0.4906082511125471,-0.0706944444444445,-0.07074074074074072,0.33558654683191347,0.23030341954166403,0.19727791968317598,1.2453188451930508,0.02731529216124673,4.6296296296211015e-05,0.008551987317489271,0.5358609062743905,0.12571460172224297,0.10942402242739412,0.0,0.7228969493861611,0.610042361210109,0.2903184089086215,0.3057736680801482,0.4031096268176712,sad,04,23,23,male,normal,2720
10,0.33366666666666667,True,1.0,0.6440598137697278,0.5868494101345717,0.6154546119521498,0.48888440482416484,-0.07300925925925927,-0.07032407407407398,0.3378043278519737,0.2591063596463891,0.19726090268305602,1.2588959800701927,0.05721040363515606,0.0026851851851852904,0.0073402866562511816,0.552657358648756,0.12417442532144442,0.11116874500559064,0.0,0.6861270665929072,0.6054311961581508,0.2882430163587619,0.30753173960827557,0.4113737886337465,sad,04,23,23,male,normal,2720
20,0.6673333333333333,True,1.0,0.5470844723487059,0.5325292984654587,0.5398068854070823,0.5332789965615414,-0.07393518518518516,-0.07222222222222213,0.33751316698973355,0.21468812656415234,0.20283194969418356,1.0122410387201282,0.01455517388324723,0.0017129629629630272,0.011337220734424528,0.4912513748368879,0.12451292674657119,0.11061738062146276,0.0,0.7964920661109964,0.6023415583733494,0.29161878068172165,0.312075717515045,0.40365812791848016,sad,04,23,23,male,normal,2720
30,1.0010000000000001,True,1.0,0.16629492626288092,0.15038630163488811,0.15834061394888452,0.7897615315396743,-0.08384259259259264,-0.08194444444444449,0.3295020781690508,0.2607115904339942,0.21250035903002762,0.2004916770764874,0.015908624627992807,0.0018981481481481488,0.007402426668488111,0.3521835597474162,0.12208950639737957,0.1134545292071105,0.0,0.9671625547925412,0.5673624075724041,0.29400390207114874,0.3009383511279977,0.38565942818870974,sad,04,23,23,male,normal,2720
40,1.3346666666666667,True,1.0,0.2265234059997189,0.22652340599971887,0.22652340599971887,0.630811092010118,-0.07879629629629631,-0.07925925925925925,0.34137099179368086,0.19352849849773712,0.21325491435249727,0.35909864120792206,2.7755575615628914e-17,0.0004629629629629428,0.0059950243558950815,0.4352172994321587,0.12218036185065852,0.1133566802089207,0.0,0.6946314756280193,0.5739951274650485,0.2936654160885497,0.2951049418606822,0.3834745849742818,sad,04,23,23,male,normal,2720
50,1.6683333333333334,True,1.0,0.20433608858945637,0.22632864903128336,0.21533236881036988,0.48222196181117716,-0.08185185185185184,-0.08023148148148151,0.35352114078982844,0.12398392211673379,0.21737374677619023,0.44654201978193436,0.021992560441826986,0.0016203703703703276,0.0009306020398552356,0.563152432304196,0.12414358103049342,0.11120318817028765,0.0,0.8668549064976807,0.5736708795471315,0.2944212188110038,0.29488635878128205,0.3756128691080705,sad,04,23,23,male,normal,2720
60,2.0020000000000002,True,1.0,0.4291778339358112,0.4209471819945962,0.42506250796520373,0.6535194579860201,-0.07111111111111107,-0.06958333333333333,0.3223357929610933,0.14433281698259154,0.21805870448037062,0.6504205846833355,0.008230651941215028,0.001527777777777739,0.002061158282676002,0.431538379574864,0.12413169648487171,0.11121645425890857,0.0,0.7955768667638926,0.5542278464979742,0.2929164812998457,0.3004074642875512,0.38555912541689347,sad,04,23,23,male,normal,2720
70,2.3356666666666666,True,1.0,0.6334754185316656,0.6150598593176758,0.6242676389246706,0.7196633382516024,-0.06736111111111104,-0.06694444444444442,0.33346121711166965,0.19091851043577998,0.2180569550833096,0.8674439918550076,0.01841555921398974,0.0004166666666666208,0.0015634991687248007,0.38099394214286225,0.12252088900137453,0.11298853715450725,0.0,0.81622148403875,0.5747291125669018,0.29347008253616286,0.31069069017931356,0.3891300691420827,sad,04,23,23,male,normal,2720
80,2.6693333333333333,True,1.0,0.6203340375748578,0.5848642274723089,0.6025991325235833,0.41076665252637024,-0.06773148148148145,-0.0676388888888888,0.3723783823791028,0.06624178183886718,0.21462634991820098,1.4670108413557206,0.035469810102548904,9.259259259264407e-05,0.010941082865802563,0.6176765806483946,0.12565855146194854,0.10948838392639959,0.0,0.7648790494462315,0.5765507117768983,0.290500361354312,0.3163770527195955,0.39674752132038765,sad,04,23,23,male,normal,2720
90,3.003,True,1.0,0.5609976929133315,0.5509753516868199,0.5559865223000757,0.39420813105002483,-0.06828703703703709,-0.06907407407407401,0.37460748325988946,0.09855203276250595,0.21321734630882008,1.4103882657598488,0.010022341226511577,0.0007870370370369195,0.006884455300307212,0.6223311071643811,0.12567378951057356,0.10947089293690941,0.0,0.8018941024936574,0.5786109945853342,0.2901947642847227,0.32282864687564544,0.4032364313045622,sad,04,23,23,male,normal,2720
100,3.336666666666667,True,1.0,0.5544565565597644,0.5161290322580653,0.5352927944089149,0.41101893480845075,-0.07208333333333328,-0.07009259259259254,0.36046497402789307,0.1369822348102922,0.21112014572710378,1.30235555853012,0.03832752430169917,0.0019907407407407374,0.0005295770534079544,0.6451820740115737,0.1239430911295141,0.11142660333778152,0.0,0.6817821266087176,0.5856495272015056,0.2898259181946008,0.3088907477301792,0.4009762608594638,sad,04,23,23,male,normal,2720
0,0.0,True,1.0,0.614020441479528,0.5775641538390113,0.5957922976592696,0.5082209119659366,-0.06824074074074071,-0.06587962962962962,0.3355553013710586,0.23140410345449602,0.20071877255469697,1.1723096858698379,0.03645628764051667,0.0023611111111110916,0.014447346629174691,0.5155953569678544,0.13243697902771662,0.10118411119000509,0.0,0.6982275612342349,0.5499315882524884,0.25795264010669694,0.315333505335759,0.3692827106251241,sad,04,23,23,male,normal,2721
10,0.33366666666666667,True,1.0,0.6351066652002079,0.5875721220856256,0.6113393936429168,0.5142354615068387,-0.06990740740740747,-0.06703703703703706,0.34101677078800036,0.2276152957123079,0.20073245582099242,1.1888316528221123,0.04753454311458227,0.002870370370370412,0.017075526449580724,0.521110518826516,0.12418685332677407,0.11115486148100322,0.0,0.8101896633566702,0.5875800517238146,0.2935351113323858,0.31053901655041927,0.4083115161145687,sad,04,23,23,male,normal,2721
20,0.6673333333333333,True,1.0,0.6093484592721224,0.6163372151350412,0.6128428372035819,0.4985381313965615,-0.06995370370370363,-0.06694444444444442,0.3419548716705907,0.21982299163419272,0.2028082512612207,1.22927976539491,0.006988755862918805,0.0030092592592592116,0.012832912979675409,0.5364207761058544,0.1240935000026155,0.11125907166245438,0.0,0.7321449420389187,0.5872674232739971,0.2930748095656115,0.3106216303340062,0.40777714788375324,sad,04,23,23,male,normal,2721
30,1.0010000000000001,True,1.0,0.09570203351265633,0.12659227717458166,0.11114715534361899,0.7440297145699335,-0.08851851851851855,-0.08583333333333332,0.3353423378631291,0.2678337489269901,0.20978369299672162,0.14938537153434073,0.030890243661925332,0.002685185185185235,0.017200416536290536,0.3733750374070879,0.12413946132070819,0.11120778710834371,0.0,0.6987047494073599,0.5810001821509854,0.2955406841061592,0.2991269347209292,0.3836910330411472,sad,04,23,23,male,normal,2721
40,1.3346666666666667,True,1.0,0.1935499731336786,0.21088015513469285,0.20221506413418572,0.6336268565666798,-0.08249999999999996,-0.0797222222222223,0.34224448890589776,0.18719263879421671,0.21529053571627516,0.31913903591443743,0.017330182001014244,0.002777777777777657,0.022903364479491768,0.4369936284314438,0.1202344503645968,0.11541860645169062,0.0,0.6817512273925892,0.5692340836490847,0.29615463727002067,0.29948292014298933,0.38538657836567325,sad,04,23,23,male,normal,2721
50,1.6683333333333334,True,1.0,0.12251780010851981,0.13280968542569108,0.12766374276710546,0.6538775567954604,-0.0829166666666667,-0.07888888888888884,0.3483029711751616,0.1530242140431049,0.2194726037952607,0.19524105306926748,0.010291885317171262,0.004027777777777852,0.025831362436309676,0.43552234403809953,0.12203544619054213,0.1135126761334022,0.0,0.9010274820431297,0.5478319189550821,0.29401365546325686,0.29270172762602303,0.378994430283987,sad,04,23,23,male,normal,2721
60,2.0020000000000002,True,1.0,0.14332678891111938,0.14086930581439244,0.1420980473627559,0.7679805562131793,-0.08287037037037043,-0.08037037037037031,0.35410122380523124,0.14144255616835383,0.22713170834127885,0.18502818360848153,0.0024574830967269423,0.0025000000000001132,0.01948104697903863,0.35907070334346153,0.12327099551639266,0.11216969035617508,0.0,0.6411778750820312,0.5505160337963311,0.2910728036974443,0.2979980117198608,0.3634624832853883,sad,04,23,23,male,normal,2721
70,2.3356666666666666,True,1.0,0.22911090463695613,0.233380894631991,0.23124589963447356,0.6795525120154723,-0.0762500000000001,-0.07337962962962968,0.3452918748116201,0.13867504905630684,0.22502746414413652,0.340291435239678,0.004269989995034862,0.002870370370370412,0.014554018137233832,0.4266734232288714,0.1236116039803197,0.11179422673621779,0.0,0.6254635901077561,0.5550538493600565,0.2902179706738602,0.3011957066432042,0.3728448956612078,sad,04,23,23,male,normal,2721
80,2.6693333333333333,True,1.0,0.5924630253955288,0.5871287832264029,0.5897959043109658,0.4718313448900382,-0.06310185185185191,-0.06374999999999997,0.35766207139171363,0.08734427217999442,0.22210595798244837,1.2500142491559556,0.0053342421691258135,0.0006481481481480644,0.01702270614700838,0.5294196336695983,0.12313461393318292,0.11231938666805236,0.0,0.842934862021705,0.5563703152511005,0.2895002931025661,0.2921378818327249,0.3709311011727988,sad,04,23,23,male,normal,2721
90,3.003,True,1.0,0.6022585251807464,0.5736103898728847,0.5879344575268155,0.4084199382568999,-0.062407407407407356,-0.06638888888888883,0.36478766415469877,-0.0065701355175004,0.22410324836201767,1.439534171705886,0.0286481353078617,0.003981481481481475,0.033473807012460874,0.5980853246058049,0.12532720648010276,0.10986750696235431,0.0,0.7014124727887795,0.5589541524031488,0.290390585893387,0.30936976920871395,0.3764730260781082,sad,04,23,23,male,normal,2721
100,3.336666666666667,True,1.0,0.5975651525333922,0.5904623904374705,0.5940137714854313,0.4183104407051842,-0.06449074074074068,-0.06638888888888894,0.3688346165392753,0.013054062758751966,0.22185849834985163,1.4200309475518897,0.007102762095921644,0.0018981481481482598,0.038713864983951636,0.5968269638220354,0.12535326597212967,0.10983777346797796,0.0,0.6484850996430391,0.5583024294092638,0.2913473658542243,0.30918319857561527,0.37992834962784483,sad,04,23,23,male,normal,2721
0,0.0,True,1.0,0.6651553689866205,0.6162341768215084,0.6406947729040644,0.6862624898362969,-0.06898148148148142,-0.06685185185185188,0.33949609095361793,0.23347083616012074,0.20566279274614474,0.9336001637753765,0.04892119216511215,0.002129629629629537,0.010812777545782973,0.3880114228734146,0.12623290023079958,0.10882569857212236,0.0,0.7004085882345823,0.582332778228479,0.2913617518028278,0.3160709810603049,0.4033448522924199,sad,04,23,23,male,strong,2722
10,0.33366666666666667,True,1.0,0.20444070476200202,0.16205132066458328,0.18324601271329266,0.7383500770478894,-0.08666666666666667,-0.08212962962962961,0.3393142446692064,0.2026350406077191,0.21047793462647515,0.2481831023109751,0.04238938409741874,0.004537037037037062,0.012387237275490513,0.35772253878218213,0.12233615911788455,0.11318852389725179,0.0,0.849884933995528,0.5770138592859019,0.2956463832380044,0.3043212805962635,0.38353031356022776,sad,04,23,23,male,strong,2722
20,0.6673333333333333,True,1.0,0.15154074753617935,0.17153996101364452,0.16154035427491192,0.7802042419228359,-0.08421296296296293,-0.08134259259259258,0.34795264018452793,0.1444744289959409,0.2174400719712156,0.20704880285807092,0.019999213477465166,0.0028703703703703565,0.02255927684690395,0.34422977876847105,0.12226707661895232,0.11309480888930648,0.0,0.6874724262649955,0.549900079735019,0.29881912017387485,0.2880166454985714,0.35988982412111215,sad,04,23,23,male,strong,2722
30,1.0010000000000001,True,1.0,0.15634487970511426,0.1586174323482117,0.157481156026663,0.7193341417478996,-0.07624999999999993,-0.07402777777777791,0.34664749123249794,0.05641493278328299,0.2215859735648358,0.21892629153400367,0.0022725526430974474,0.0022222222222220145,0.021739230987579097,0.36394845212167815,0.1251895065022105,0.11002438471571231,0.0,0.6990852990962138,0.5235053321406687,0.2931008377017193,0.29765756158474355,0.36431742650281945,sad,04,23,23,male,strong,2722
40,1.3346666666666667,True,1.0,0.1497911429064518,0.13129156036408865,0.1405413516352702,0.605183061708555,-0.07939814814814805,-0.07819444444444446,0.3599876717574756,-0.013448512482412285,0.22500305173711682,0.23222948646066427,0.01849958254236314,0.0012037037037035958,0.009943976833360022,0.41309814470715495,0.12498159017977155,0.11026050918772363,0.0,0.763240840797906,0.5290519450827206,0.29260210793641794,0.28893831692888,0.3479411124290579,sad,04,23,23,male,strong,2722
50,1.6683333333333334,True,1.0,0.09021342463552734,0.07306756442876206,0.0816404945321447,0.5420884882723855,-0.07708333333333339,-0.07726851851851857,0.35643581019577947,0.013550872404068616,0.22569478248505678,0.15060363076945188,0.017145860206765284,0.00018518518518517713,0.004859186874210849,0.4806847439205078,0.1243860085288063,0.11093195505566038,0.0,0.8331293753689404,0.5278156722923544,0.29184852636438197,0.29021007532847143,0.3444595792638395,sad,04,23,23,male,strong,2722
60,2.0020000000000002,True,1.0,0.17518448597769895,0.17126842832109307,0.173226457149396,0.5620030113522376,-0.07217592592592603,-0.0690277777777778,0.3710465554300365,0.006661302776793718,0.2234103336729084,0.30823047857447444,0.003916057656605881,0.003148148148148233,0.005743752043872796,0.48527724446006454,0.12680337676930736,0.10816044290937872,0.0,0.6994815847414618,0.5328083606880252,0.2889327856724302,0.2950848089866318,0.35936560786589256,sad,04,23,23,male,strong,2722
70,2.3356666666666666,True,1.0,0.17555560978018986,0.17300505984394954,0.1742803348120697,0.8231593055481355,-0.07763888888888892,-0.07685185185185184,0.3398620973358095,0.12058438838015316,0.22163933496498991,0.2117212714931501,0.0025505499362403206,0.000787037037037086,0.008766024701931916,0.34899025058840866,0.12366270273788986,0.1117377005388819,0.0,0.7715805835031659,0.5466176684892707,0.29198219604591047,0.28793305809093117,0.3507944417755673,sad,04,23,23,male,strong,2722
80,2.6693333333333333,True,1.0,0.271451013066791,0.24357161556384993,0.2575113143153205,0.6746559841459207,-0.07055555555555565,-0.07032407407407415,0.35061972994362095,0.08256199087431523,0.22032214912571815,0.3816927743423434,0.02787939750294105,0.00023148148148149916,0.024536410040864924,0.40154766121180674,0.12290378039584962,0.11257192604822792,0.0,0.8500095879738182,0.5465989414593962,0.29511275664950193,0.2919980586118518,0.3577759211507319,sad,04,23,23,male,strong,2722
90,3.003,True,1.0,0.17478917367386737,0.12133291560794485,0.1480610446409061,0.5766227557675783,-0.07319444444444445,-0.07472222222222225,0.33326701218349586,0.03595016572859673,0.22648626208389847,0.2567728088424344,0.053456258065922524,0.0015277777777777946,0.03916676634673078,0.4635908643655873,0.12186695128805167,0.11369355282279481,0.0,0.7071067807446058,0.5436447510723039,0.29029323346539176,0.2823526593665263,0.3529567274618055,sad,04,23,23,male,strong,2722
100,3.336666666666667,True,1.0,0.27513330572956374,0.21425576631805632,0.24469453602381003,0.4710270211887885,-0.06532407407407403,-0.06699074074074096,0.34797062149973945,-0.04992840661350424,0.22651051463643204,0.5194915047681224,0.06087753941150742,0.0016666666666669272,0.047805378921746015,0.5358609062743893,0.12451532593456502,0.11061467999310319,0.0,0.7332228341117513,0.566574087971126,0.28855566156383994,0.25762046689707063,0.3093650597264419,sad,04,23,23,male,strong,2722
110,3.6703333333333332,True,1.0,0.2891950825886618,0.2458080940082361,0.26750158829844894,0.4020982448936969,-0.06435185185185177,-0.06300925925925926,0.35858636100829616,-0.048383691311484595,0.22490475159975815,0.6652642524444955,0.04338698858042567,0.0013425925925925064,0.04291065957190838,0.6609141045896698,0.12892626093760112,0.10544047165951051,0.0,0.8382282210601557,0.5309046123527537,0.2519328254617521,0.2547856362191239,0.2710260630576129,sad,04,23,23,male,strong,2722
120,4.0040000000000004,True,1.0,0.2480191692538562,0.18064241096278955,0.21433079010832287,0.36099515929217424,-0.06467592592592586,-0.06328703703703686,0.3847762353943187,-0.07276634772892186,0.22307887792425612,0.5937220613389239,0.06737675829106665,0.001388888888888995,0.04570040033084974,0.7597703605851878,0.12714403449466682,0.10775978963792496,0.0,0.9165711328321372,0.5507490047112595,0.28177868362752023,0.26057379387295176,0.2965224588190536,sad,04,23,23,male,strong,2722
0,0.0,True,1.0,0.6178700266610837,0.5470199074967772,0.5824449670789305,0.5941303882756985,-0.07009259259259254,-0.06597222222222221,0.3396973748278251,0.21703820573249433,0.2016448213616302,0.9803318910674106,0.0708501191643065,0.00412037037037033,0.027936161100605622,0.4444114933438326,0.12800911433107998,0.10673070982103514,0.0,0.7701438070223086,0.5777171634903961,0.29206055828433425,0.3180247315538977,0.4044516133852174,sad,04,23,23,male,strong,2723
10,0.33366666666666667,True,1.0,0.6321392356518234,0.5714795957965442,0.6018094157241838,0.6276855763487293,-0.06930555555555562,-0.0656018518518518,0.34126343287082017,0.23337777962332637,0.203012794158729,0.9587752824032246,0.060659639855279224,0.00370370370370382,0.017520009446427464,0.42848619110735947,0.12613340408551854,0.108941003043996,0.0,0.8500237395425017,0.5781850999384128,0.2924860089374446,0.3171774003889693,0.4045118158444625,sad,04,23,23,male,strong,2723
20,0.6673333333333333,True,1.0,0.5724894481077033,0.5647182863434945,0.5686038672255989,0.5205475856491727,-0.06921296296296292,-0.06541666666666662,0.3424192641151211,0.19482519753007496,0.203012794158729,1.09231870995328,0.007771161764208778,0.0037962962962962976,0.0224059200204792,0.5059097356386032,0.12530544278108374,0.1098923281207149,0.0,0.8591408892823025,0.578197665996086,0.2909585239690355,0.31580396566844304,0.40453874244841725,sad,04,23,23,male,strong,2723
30,1.0010000000000001,True,1.0,0.2307402588408373,0.21276681572917497,0.22175353728500613,0.7198571721132138,-0.08902777777777776,-0.08384259259259258,0.34836017470536845,0.17633907703528495,0.2125434382303195,0.308052132944687,0.017973443111662324,0.005185185185185182,0.021604070993474306,0.38290463624139587,0.12593917304191457,0.10916548201726638,0.0,0.8412564017512935,0.5738215079547444,0.295500204501329,0.30647124705896944,0.38445361892886354,sad,04,23,23,male,strong,2723
40,1.3346666666666667,True,1.0,0.14931309375185078,0.1461170655540563,0.14771507965295355,0.5637465560145989,-0.0822222222222222,-0.07837962962962974,0.35678905593708515,0.04812017750376811,0.21809788729698323,0.26202391496140387,0.0031960281977944927,0.003842592592592453,0.01885346884919246,0.4689629596882137,0.12491055148259321,0.11034098014147943,0.0,0.7254990604377612,0.5521501198995223,0.29385097148632644,0.3051566141136654,0.37404070866830613,sad,04,23,23,male,strong,2723
50,1.6683333333333334,True,1.0,0.12323480218428909,0.12052730696798454,0.12188105457613682,0.43497551613439356,-0.07722222222222219,-0.07592592592592595,0.37275469421454627,0.059280405562354796,0.22294438745328038,0.2802021034638636,0.002707495216304548,0.0012962962962962399,0.0019847222117390147,0.6368301887328897,0.12418499515107374,0.1111569374780925,0.0,0.7269275513697145,0.551346489728704,0.2935995122982038,0.29988393193285195,0.3676992304801758,sad,04,23,23,male,strong,2723
60,2.0020000000000002,True,1.0,0.07216758844296932,0.10945410677821354,0.09081084761059144,0.6652283366854889,-0.07546296296296284,-0.0762962962962962,0.3489134318061417,0.06225837455443922,0.22626197757738048,0.13651079276486924,0.037286518335244226,0.0008333333333333526,0.011237138140512167,0.40261912251394916,0.12606029897408474,0.1090255877903476,0.0,0.7437315729430424,0.5471568432372949,0.2953004633144066,0.29354666682713904,0.35666788672838423,sad,04,23,23,male,strong,2723
70,2.3356666666666666,True,1.0,0.19145299145299077,0.19693761817157301,0.1941953048122819,0.7333612290047832,-0.07240740740740748,-0.07226851851851845,0.3350840076063452,0.08614689620342203,0.22530496910091105,0.2648017063512029,0.005484626718582242,0.00013888888888902162,0.0004688828975190428,0.37647288808320034,0.12669194255514937,0.10829094819977872,0.0,0.7024708965264911,0.5338307573654462,0.2889535838720956,0.2969114657838238,0.35748395252187165,sad,04,23,23,male,strong,2723
80,2.6693333333333333,True,1.0,0.1551410651540291,0.16566597075219522,0.16040351795311214,0.6869613179069843,-0.07833333333333337,-0.07884259259259258,0.3528941770830771,0.08916402246269729,0.22398235918312026,0.23349716173514012,0.010524905598166129,0.0005092592592592093,0.008271900374956771,0.3839788294204371,0.1247872120438143,0.1104804484085533,0.0,0.7702835194580222,0.5423277902958058,0.2925538462135809,0.29954328539176067,0.36519743971416896,sad,04,23,23,male,strong,2723
90,3.003,True,1.0,0.057509329834616874,0.08055108932043768,0.06903020957752729,0.572996691463987,-0.07624999999999993,-0.07625000000000004,0.3380765514890579,0.007137098693886821,0.227518338126903,0.1204722655573411,0.02304175948582081,1.1102230246251565e-16,0.006044656341517552,0.4650957255016435,0.1268412969236135,0.10811597090745921,0.0,0.7167148118659015,0.5387471487970189,0.2918542345919743,0.29110900527526334,0.3613263984857168,sad,04,23,23,male,strong,2723
100,3.336666666666667,True,1.0,0.13697868897330073,0.14308116350708183,0.14002992624019128,0.4689212696626787,-0.06481481481481488,-0.06638888888888883,0.36875066517257143,-0.07353583570620144,0.2242410845989452,0.2986214004344965,0.006102474533781099,0.00157407407407395,0.006695963490707145,0.5801888263608959,0.12668943004407945,0.10829388757293712,0.0,0.6928699205807121,0.5346187947131977,0.2899916527359944,0.2828993650592785,0.3443220359706021,sad,04,23,23,male,strong,2723
110,3.6703333333333332,True,1.0,0.0563477223257581,0.09978532342381632,0.07806652287478721,0.36891742685347273,-0.06648148148148159,-0.06615740740740728,0.3810366999275983,-0.1052140722526012,0.22153182974377922,0.2116097456838053,0.04343760109805823,0.00032407407407430977,0.002590888691798088,0.6901357843015072,0.12562673053832304,0.10935080428192788,0.0,0.7905457372435342,0.5441678335084034,0.29720614105099047,0.2716384223301518,0.32629319095167525,sad,04,23,23,male,strong,2723
120,4.0040000000000004,True,1.0,0.11324986620434298,0.14298599070356377,0.12811792845395337,0.39935957946095324,-0.06259259259259253,-0.06333333333333324,0.38496558690082594,-0.07974585509468057,0.21858707987958165,0.32080845193918756,0.029736124499220792,0.0007407407407407085,0.03627433548793011,0.6399647157007294,0.12804981258490986,0.10668187881582433,0.0,0.7841719239195692,0.5400183555531589,0.2906871316310016,0.29533172965419313,0.3569194628628495,sad,04,23,23,male,strong,2723
130,4.337666666666666,True,1.0,0.18642788261760504,0.22439483348149195,0.2054113580495485,0.3905723905723902,-0.0640277777777778,-0.06333333333333324,0.37973136541535896,-0.05387205387205367,0.2189678741999397,0.5259239081096204,0.037966950863886906,0.000694444444444553,0.06643147409521875,0.6410143624766202,0.12771333164557522,0.1070844652168608,0.0,0.6414417203213384,0.5532292178355718,0.29294924691847557,0.28292424134307476,0.338690383412724,sad,04,23,23,male,strong,2723
0,0.0,True,1.0,0.6470733307134859,0.6001506285879735,0.6236119796507298,0.5430934990063706,-0.06592592592592594,-0.06421296296296292,0.3474708668690725,0.17133435251383655,0.20651948835949022,1.1482589660743014,0.04692270212551242,0.0017129629629630272,0.01758605947196721,0.47033645795213036,0.12731616476932583,0.10755636642756262,0.0,0.6551103423922964,0.5794180449836185,0.29198172361019775,0.3142826052604338,0.39738653605147756,sad,04,23,23,male,strong,2724
10,0.33366666666666667,True,1.0,0.6324670160480714,0.6156869326164836,0.6240769743322775,0.5656761884596884,-0.0665277777777778,-0.06356481481481485,0.3487799016600437,0.15542270380142986,0.20922077066308842,1.1032406650023787,0.016780083431587878,0.002962962962962945,0.022539804752411356,0.47429277325956465,0.12516554026722615,0.11005164832876933,0.0,0.8323507215224011,0.5777873534335609,0.2900497377670365,0.311395092717778,0.3935263321134982,sad,04,23,23,male,strong,2724
20,0.6673333333333333,True,1.0,0.6093667896297097,0.6020061877670991,0.6056864886984044,0.6482814249229607,-0.06768518518518524,-0.06476851851851861,0.34176564627586214,0.17985349705357404,0.20991457664480515,0.9342956089947847,0.007360601862610561,0.002916666666666623,0.020195510062400873,0.42966024325373975,0.12720865658613756,0.10768349669332823,0.0,0.7089043012091779,0.5774605912677571,0.29109380259026696,0.31616002681549626,0.39597420171361986,sad,04,23,23,male,strong,2724
30,1.0010000000000001,True,1.0,0.24853075727346438,0.22522262755859712,0.23687669241603077,0.6160670093152973,-0.08490740740740743,-0.08310185185185193,0.35013908161366786,0.13297101132406208,0.21676840716496273,0.384498258848981,0.02330812971486726,0.0018055555555555047,0.01783210761267007,0.43983044535797033,0.12422735629884175,0.11110959327263206,0.0,0.6838677902618856,0.5738262714070004,0.2935024809197737,0.31112598939508956,0.379129363676263,sad,04,23,23,male,strong,2724
40,1.3346666666666667,True,1.0,0.10683025479543275,0.10257715348654434,0.10470370414098853,0.5686669354319622,-0.08444444444444443,-0.08180555555555552,0.36118763123045416,0.07446828916370907,0.2194614795452074,0.18412131533804596,0.00425310130888841,0.002638888888888913,0.012978359598286193,0.4844887082172534,0.12402275358850702,0.11133792867866915,0.0,0.6590152589275785,0.5542565821563,0.2954284529901087,0.3038477590412521,0.37932892044787936,sad,04,23,23,male,strong,2724
50,1.6683333333333334,True,1.0,0.05939330684510615,0.060319143763767485,0.05985622530443682,0.5157722301172515,-0.07967592592592587,-0.07828703703703699,0.36202110985917235,0.04745856443795718,0.2223334309678714,0.1160516635237023,0.0009258369186613338,0.001388888888888884,0.0002364236968760231,0.5175820049536531,0.12763362918275656,0.10717944985954786,0.0,0.7003249641178549,0.5516492963748,0.2921436565013776,0.3050042284277797,0.3733839737226719,sad,04,23,23,male,strong,2724
60,2.0020000000000002,True,1.0,0.115212247452161,0.1034449747442569,0.10932861109820896,0.6043657516971702,-0.07930555555555552,-0.07814814814814819,0.37673663448103384,0.08990895450836602,0.2237475456146853,0.18089809157979933,0.011767272707904106,0.0011574074074073293,0.011878578478841747,0.45476385335110925,0.1249606328195987,0.11028426005313681,0.0,0.6590833630568647,0.5487429199335985,0.2936667959564436,0.29836472039187273,0.36620706176142287,sad,04,23,23,male,strong,2724
70,2.3356666666666666,True,1.0,0.5104401389876897,0.4678938177865678,0.48916697838712875,0.5636816912682174,-0.06300925925925932,-0.06310185185185191,0.33717591346949105,0.08657629950527976,0.22447012004306702,0.8678071080977646,0.042546321201121895,9.259259259258856e-05,0.014718498792669558,0.50396968209586,0.12455207590252858,0.1105732979118001,0.0,0.6724188982026319,0.5523105342605793,0.2887518643250001,0.3004212985980976,0.37644747008854246,sad,04,23,23,male,strong,2724
80,2.6693333333333333,True,1.0,0.1180530537117254,0.13952648492977882,0.12878976932075212,0.5646117460210105,-0.07421296296296287,-0.07712962962962966,0.34244306108515243,0.07040265282193935,0.2247961724922133,0.22810324125980821,0.02147343121805341,0.0029166666666667895,0.028305512762199496,0.4916082916512751,0.1263481563956928,0.10869186329128534,0.0,0.8586237870846998,0.5453522772702831,0.29319684759798204,0.2976432946515765,0.3633805077154703,sad,04,23,23,male,strong,2724
90,3.003,True,1.0,0.11652611578257951,0.12034313344076634,0.11843462461167292,0.479053545120293,-0.06458333333333333,-0.0673611111111111,0.3391480024991586,-0.07029529592216253,0.22999383808590296,0.2472262773505482,0.0038170176581868304,0.002777777777777768,0.04173894547915535,0.578525210770653,0.12413411291427053,0.111213757157595,0.0,0.7071067807446058,0.5428712804809424,0.28922281497971825,0.28205894982588375,0.3484257266963094,sad,04,23,23,male,strong,2724
100,3.336666666666667,True,1.0,0.22817647147153022,0.21477368685035783,0.22147507916094403,0.40188565096830037,-0.06226851851851867,-0.06453703703703695,0.34680630491868325,-0.07620535854614198,0.2263973138303794,0.551089790410092,0.013402784621172392,0.002268518518518281,0.047319879811132476,0.6482698416127567,0.1271698254451943,0.10772935192831963,0.0,0.6484475246525131,0.5453564288371598,0.28768319166511214,0.2886481344813776,0.33757524038084885,sad,04,23,23,male,strong,2724
110,3.6703333333333332,True,1.0,0.13750457471243854,0.11681545298541939,0.12716001384892897,0.4026982064284348,-0.07013888888888886,-0.07115740740740728,0.3505312210647162,-0.04165060086052979,0.22569444444444453,0.31577000299237024,0.020689121727019158,0.0010185185185184187,0.057325092053450814,0.6629542947323258,0.12687056044877273,0.108081629623051,0.0,0.6733584386313105,0.5478486613864296,0.2902779049983719,0.2881340233305931,0.336365250615466,sad,04,23,23,male,strong,2724
0,0.0,True,1.0,0.5992522470920352,0.563700596728505,0.5814764219102702,0.5123128639810259,-0.06722222222222218,-0.06648148148148147,0.3411887313715623,0.17562744477986866,0.20625591847568886,1.135002579072084,0.03555165036353014,0.0007407407407407085,0.008383002774287059,0.49896843035049476,0.12790783076622303,0.10685206876524952,0.0,0.6552556332175129,0.5815436568299194,0.29342972830957953,0.3150630937724188,0.4027319707864543,sad,04,23,23,male,strong,2725
10,0.33366666666666667,True,1.0,0.6345561365166552,0.58131835897618,0.6079372477464176,0.5318761357102455,-0.0668981481481481,-0.06560185185185186,0.3370511927292925,0.18467921378828006,0.20487935877564548,1.1430053106906237,0.053237777540475206,0.0012962962962962399,0.0072475375491671025,0.48517084162516444,0.12575093337910062,0.10938226787151462,0.0,0.6840822691140775,0.5847036055750425,0.2937800199510065,0.31165783921415147,0.39945884210475274,sad,04,23,23,male,strong,2725
20,0.6673333333333333,True,1.0,0.4596227326180122,0.45229650182071207,0.4559596172193621,0.5564293160490889,-0.0697222222222223,-0.06898148148148148,0.33020284647935827,0.19550219212535588,0.20972804271264525,0.8194385235790431,0.007326230797300104,0.0007407407407408195,0.006271645885539614,0.4568811800785922,0.12546410665710786,0.10971114670400796,0.0,0.8591390268270221,0.5835311579397384,0.2909820895299965,0.3068832222343761,0.3957766303221309,sad,04,23,23,male,strong,2725
30,1.0010000000000001,True,1.0,0.11469534050179166,0.13652879233654475,0.1256120664191682,0.6671903631501365,-0.0822222222222222,-0.08319444444444446,0.34557626418517845,0.19151638154494902,0.22035538984303332,0.18827020496233093,0.02183345183475309,0.0009722222222222632,0.004341380364694579,0.41915290737731237,0.12383610657542297,0.11154549062324919,0.0,0.6694673839250167,0.5542821638889931,0.299072628811701,0.3016916841080529,0.37967445428979263,sad,04,23,23,male,strong,2725
40,1.3346666666666667,True,1.0,0.14547258036343444,0.15149618514235255,0.1484843827528935,0.5674880644323704,-0.07481481481481494,-0.07583333333333331,0.344063583157532,0.06368517643521578,0.22108504626811995,0.26165199245452836,0.006023604778918112,0.0010185185185183632,0.017085855601981958,0.4916082916512761,0.12540549864724995,0.10977813388523784,0.0,0.7642922044962964,0.5471517073548169,0.2955736051527336,0.29640283200472783,0.36063163276496185,sad,04,23,23,male,strong,2725
50,1.6683333333333334,True,1.0,0.1388888888888886,0.1424270038985363,0.14065794639371243,0.5176257079106675,-0.07398148148148154,-0.07726851851851851,0.34476244179498233,0.11869475258732107,0.2294092362643159,0.27173678633826154,0.0035381150096477076,0.0032870370370369772,0.020651521258873873,0.5621105530258816,0.12396705716258857,0.11139993944594742,0.0,0.8200556829077683,0.5496574616565376,0.2910489905057367,0.28845262787577186,0.34821754891065576,sad,04,23,23,male,strong,2725
60,2.0020000000000002,True,1.0,0.14086930581439244,0.13295177226889285,0.13691053904164263,0.6155472898641733,-0.07240740740740748,-0.07648148148148137,0.3469401503024839,0.027304380436759552,0.22892891724163225,0.22242082987946113,0.007917533545499594,0.004074074074073897,0.02813125398442021,0.4540255644158204,0.12630583758260988,0.10874103716142443,0.0,0.6804164256423485,0.5344798670561974,0.29050634205344406,0.2841088345244143,0.3425809618653137,sad,04,23,23,male,strong,2725
70,2.3356666666666666,True,1.0,0.13092532232709214,0.11220107045303729,0.12156319639006472,0.7017252044155855,-0.07837962962962963,-0.08115740740740729,0.3329595372817034,0.0701015784895375,0.23081484593453017,0.173234758599423,0.018724251874054854,0.002777777777777657,0.03267237658577587,0.40655908201451296,0.12659320485623268,0.10840635707706082,0.0,0.644613145192829,0.5394695243253551,0.28966330491276493,0.29282548610487974,0.34060905083968657,sad,04,23,23,male,strong,2725
80,2.6693333333333333,True,1.0,0.14103733195820756,0.1296012908313914,0.13531931139479947,0.5378190310236473,-0.07726851851851857,-0.08046296296296285,0.34875950337678085,0.0,0.2313453271635081,0.25160751775042645,0.011436041126816149,0.0031944444444442777,0.04487278544007885,0.4773703815820493,0.12630906147201612,0.10873729240919734,0.0,0.8770229280000207,0.5406039018029086,0.2900882060795245,0.28572736898291273,0.33096743480535895,sad,04,23,23,male,strong,2725
90,3.003,True,1.0,0.25414576048926274,0.214625764857164,0.23438576267321337,0.6280166057693712,-0.07393518518518527,-0.07680555555555557,0.3438727298513861,0.04775175146579011,0.2292415612110984,0.37321586805188345,0.03951999563209874,0.002870370370370301,0.05621947757499643,0.42770143261738935,0.12666978119423142,0.10831686988988444,0.0,0.6741315634641172,0.5412216203512655,0.2863857156848065,0.29184349608295085,0.34730406697782484,sad,04,23,23,male,strong,2725
100,3.336666666666667,True,1.0,0.2484709336684064,0.1977682361421641,0.22311958490528525,0.5591460082225863,-0.06759259259259254,-0.06898148148148164,0.32770545954108105,-0.0358091870585888,0.2320000272891311,0.3990363547699069,0.05070269752624229,0.001388888888889106,0.05973625587848897,0.5187453919175711,0.12451729831016775,0.11078456657774804,0.0,0.7149762262240031,0.5372997539171919,0.2842932155447593,0.27348865784243204,0.3288878318875609,sad,04,23,23,male,strong,2725
110,3.6703333333333332,True,1.0,0.33010414107324404,0.291598806935861,0.3108514740045525,0.5453397950753779,-0.05930555555555539,-0.06152777777777774,0.3305592075000447,-0.028673835125449076,0.22991719760546442,0.5700142861600371,0.03850533413738305,0.0022222222222223476,0.06623560041463407,0.5182492543382043,0.12723329121965612,0.10765438855871565,0.0,0.6505922051883699,0.5384901886145084,0.2814217370010882,0.27796147611819444,0.32192635529573177,sad,04,23,23,male,strong,2725
120,4.0040000000000004,True,1.0,0.24126068774703577,0.1809165961330304,0.21108864194003307,0.5729469929374228,-0.06759259259259254,-0.0694907407407408,0.336553077323933,-0.050132861882024295,0.22777811272655968,0.3684261276210034,0.06034409161400536,0.0018981481481482598,0.06426912014243187,0.480732270213888,0.1264698773155446,0.10855020912997249,0.0,0.9999999987499999,0.5495593133894183,0.28525315943404544,0.27039361880909274,0.31752466510793037,sad,04,23,23,male,strong,2725
130,4.337666666666666,True,1.0,0.2511377024423355,0.19879831018075073,0.22496800631154312,0.5211251352537039,-0.06236111111111109,-0.06453703703703695,0.3352269656613466,-0.07236965735989927,0.22642258677395277,0.43169670985457265,0.052339392261584794,0.002175925925925859,0.04493227993543714,0.5121344017028236,0.12791493499778447,0.10684356403274645,0.0,0.7335724517890501,0.5395200219540941,0.28570631281929804,0.28429520620790977,0.3299461420175889,sad,04,23,23,male,strong,2725
140,4.671333333333333,True,1.0,0.2506066390651015,0.21578903032036467,0.23319783469273309,0.40852098686173866,-0.05777777777777782,-0.05810185185185179,0.34148664797031947,-0.0986085140700757,0.22639192190394358,0.5708344055568861,0.03481760874473683,0.0003240740740739767,0.057826511345692076,0.7016733015560211,0.12700592597491966,0.1077458518465024,0.0,0.893549308899995,0.5347859874340362,0.2807893939655419,0.2687292360281625,0.3192521346804259,sad,04,23,23,male,strong,2725
0,0.0,True,1.0,0.6628606424965434,0.597091766556452,0.6299762045264977,0.501291015543672,-0.0706018518518518,-0.06851851851851848,0.3357910347821377,0.2873478855663456,0.19516390952681315,1.2567075510883854,0.0657688759400914,0.002083333333333326,0.00475653879506643,0.5527375516944091,0.1253926009371632,0.10979286589032829,0.0,0.9999999987499999,0.5972934542410715,0.288500618424267,0.3106076352317245,0.41108129664567394,angry,05,23,23,male,normal,2726
10,0.33366666666666667,True,1.0,0.6467082368612302,0.6064605274202947,0.6265843821407624,0.4869164168889675,-0.07041666666666668,-0.06898148148148148,0.3355569653751379,0.27261209656294316,0.19655922022996586,1.2868417666920515,0.040247709440935586,0.001435185185185206,0.009379338490615946,0.5480950738638424,0.12466984762194264,0.11044049491316907,0.0,0.7431497335097246,0.5957979369794791,0.28907108231928036,0.311419320794044,0.4107942217720049,angry,05,23,23,male,normal,2726
20,0.6673333333333333,True,1.0,0.6340032667107297,0.6101702158477523,0.622086741279241,0.5002713199788902,-0.06995370370370374,-0.06722222222222224,0.3324101638676318,0.2795251332026989,0.19655922022996597,1.2434987104707322,0.02383305086297738,0.0027314814814815014,0.010472946594725613,0.5325968310337983,0.12526858343899988,0.10993434301150305,0.0,0.8369331620479745,0.5975323038434124,0.288465631299479,0.3144840824451761,0.41197140384616554,angry,05,23,23,male,normal,2726
30,1.0010000000000001,True,1.0,0.19659319901238284,0.18618307676253795,0.1913881378874604,0.9543430151069743,-0.056805555555555554,-0.0537037037037037,0.356087016814651,0.40779946211274676,0.19385078024088526,0.20054439007551944,0.010410122249844889,0.0031018518518518556,0.016678624624008407,0.3530418640497829,0.12281523548709967,0.11266852134660438,0.0,0.7382058650890474,0.5717939690563726,0.2935590762005767,0.2992386622528898,0.3817958533680459,angry,05,23,23,male,normal,2726
40,1.3346666666666667,True,1.0,0.35268826445586166,0.3727810310374305,0.3627346477466461,0.8915641100691734,-0.04935185185185181,-0.046805555555555434,0.3349378652089462,0.3666916904316764,0.19169214051731784,0.4068520072196522,0.020092766581568833,0.0025462962962963798,0.003720903505183302,0.36433409671214606,0.12143213053045604,0.11415785318816589,0.0,0.8219904723336625,0.5606998000919118,0.29066107530285995,0.3121492016975692,0.3919537333119534,angry,05,23,23,male,normal,2726
50,1.6683333333333334,True,1.0,0.45147742772868754,0.46806278341483176,0.4597701055717597,0.9031929425458216,-0.05509259259259258,-0.055972222222222257,0.34791909912035357,0.45857841366103735,0.18527763319669152,0.5090497101049195,0.01658535568614422,0.0008796296296296746,0.0033861528102482985,0.34453126747522467,0.1244074895248551,0.11090786410586959,0.0,0.8805033215269724,0.6066439179890706,0.2946109033764575,0.27539779500278583,0.35063919715089814,angry,05,23,23,male,normal,2726
60,2.0020000000000002,True,1.0,0.296530486194729,0.3063695259431551,0.301450006068942,0.7875593073296214,-0.059907407407407465,-0.06013888888888885,0.31453052762960587,0.37833731430540646,0.19804152448667658,0.38276483213825385,0.009839039748426093,0.00023148148148138814,0.016553083781280124,0.41957605936065945,0.12430554585278648,0.1110221105928013,0.0,0.8601371116459908,0.5684661981667666,0.2851990544231566,0.3087469892351144,0.39788361576921044,angry,05,23,23,male,normal,2726
70,2.3356666666666666,True,1.0,0.6367706423776787,0.6488731311043149,0.6428218867409967,0.6704678082106461,-0.058888888888888935,-0.05810185185185179,0.33104700252076624,0.3277257623948964,0.20769179289336967,0.9587662209414182,0.012102488726636218,0.0007870370370371416,0.030343689950446055,0.4604163588396036,0.12320873827820952,0.11223807100096451,0.0,0.8678781452423608,0.5679390727228393,0.28620188195396845,0.31007545083576693,0.39122253241503396,angry,05,23,23,male,normal,2726
80,2.6693333333333333,True,1.0,0.2960770799507785,0.28058168162788283,0.2883293807893307,0.5519604181464914,-0.07523148148148145,-0.07083333333333341,0.3457143698550237,0.2543280607659753,0.2056182719829848,0.522373292196484,0.015495398322895648,0.00439814814814804,0.030534793971905495,0.528385018496583,0.12519739996283885,0.11001540261564008,0.0,0.7071067807446058,0.5796503411051921,0.2854670668174328,0.3137783503187978,0.4013421239620468,angry,05,23,23,male,normal,2726
90,3.003,True,1.0,0.5435262737554688,0.5337741058767163,0.5386501898160925,0.5170447351469096,-0.07041666666666668,-0.06648148148148147,0.34951120676611597,0.2510714794572702,0.20289964425068935,1.0417864320058186,0.009752167878752549,0.003935185185185208,0.03353365551810868,0.5626943855873504,0.12543991712192154,0.10973880335939672,0.0,0.9394723905862666,0.5766903397999825,0.2899887037291762,0.314292986370528,0.403268866249063,angry,05,23,23,male,normal,2726
0,0.0,True,1.0,0.5917861818182827,0.5715931291357454,0.5816896554770141,0.4739781499777798,-0.06944444444444453,-0.06634259259259262,0.3335231274041431,0.2659560966975153,0.19520495206399294,1.2272499386401754,0.020193052682537238,0.003101851851851911,0.020143835469200184,0.5688545557679737,0.12574049200003648,0.10939427060881414,0.0,0.8175820353870359,0.5992761261457709,0.2893323762005018,0.3155631199470382,0.4111537329773119,angry,05,23,23,male,normal,2727
10,0.33366666666666667,True,1.0,0.6169376895648562,0.6144294168568727,0.6156835532108644,0.4764704778167709,-0.06782407407407409,-0.06509259259259259,0.3423490362580712,0.2595538521821225,0.19588046757961883,1.2921756580428234,0.0025082727079834832,0.0027314814814815014,0.015230503184720336,0.5522568274261864,0.12563573417424515,0.1095145655560944,0.0,0.843492055095808,0.5991614089385754,0.2897667133362339,0.3165348188173339,0.4069380636508621,angry,05,23,23,male,normal,2727
20,0.6673333333333333,True,1.0,0.6291327700363847,0.6297896108761263,0.6294611904562555,0.4948432867505208,-0.06736111111111115,-0.06499999999999995,0.3368044443497836,0.26165378082110086,0.199336559854055,1.2720414872953574,0.0006568408397416015,0.0023611111111112026,0.016535665786072053,0.5523601307612392,0.12504054606979267,0.11002061471010063,0.0,0.9999999987499999,0.5976403365877601,0.2888987944698943,0.3148428769699498,0.40720836977809943,angry,05,23,23,male,normal,2727
30,1.0010000000000001,True,1.0,0.11464821894353613,0.1159247844128044,0.11528650167817027,0.922254013575917,-0.0639351851851852,-0.06087962962962962,0.3423884495854681,0.39012596240637876,0.18822038822814358,0.12500515040445553,0.0012765654692682704,0.003055555555555589,0.004850778408744954,0.3647069935910766,0.12130200975369439,0.11429610754294663,0.0,0.8640601810263742,0.5679844810424169,0.2939326742263578,0.3186381220319999,0.41351075700882756,angry,05,23,23,male,normal,2727
40,1.3346666666666667,True,1.0,0.29601119637698114,0.3166951426364818,0.30635316950673147,0.9473185405893488,-0.055462962962962936,-0.05277777777777781,0.33240946842841984,0.36429872495446264,0.19310336782570586,0.323389817026216,0.020683946259500652,0.002685185185185124,0.005401062229980039,0.3461020115314556,0.12108697225428251,0.11452389672040739,0.0,0.8583968958718098,0.5635255223730118,0.2911697616430558,0.30007923925615376,0.38601379284373843,angry,05,23,23,male,normal,2727
50,1.6683333333333334,True,1.0,0.5037592390317994,0.5080604856124152,0.5059098623221073,0.9226165037487561,-0.05356481481481484,-0.052870370370370456,0.339689977702344,0.4685161933099158,0.18472593936351137,0.5483425239701489,0.004301246580615814,0.0006944444444443865,0.005665419410147619,0.34596371931253983,0.12912065830018146,0.10538326893353457,0.0,0.6290238577959987,0.5425508141303396,0.24822119233351497,0.3197594730292531,0.3566165489792593,angry,05,23,23,male,normal,2727
60,2.0020000000000002,True,1.0,0.5388604588163566,0.5298407339585246,0.5343505963874406,0.97701781187019,-0.055694444444444435,-0.053472222222222254,0.30000730900623135,0.47241188651692556,0.19237102631416939,0.5469200150656377,0.009019724857831979,0.002222222222222181,0.005722555966743983,0.30469271976674106,0.12317057624681428,0.11227994886505765,0.0,0.7510906373788695,0.5669821097657813,0.28891557352970015,0.3132146493547251,0.39187221860623184,angry,05,23,23,male,normal,2727
70,2.3356666666666666,True,1.0,0.517549096863141,0.5078518037849197,0.5127004503240303,0.7299924532151855,-0.06268518518518512,-0.0597685185185185,0.32602702826948105,0.39479183694290637,0.19583489167154797,0.7023366448048712,0.009697293078221314,0.002916666666666623,0.0012753765396932128,0.40642366854657,0.12559626509204502,0.10955982824628617,0.0,0.6229674439382495,0.5791311300457683,0.28882989633180123,0.3124636211322338,0.3957507246328426,angry,05,23,23,male,normal,2727
80,2.6693333333333333,True,1.0,0.2544670751259997,0.1976747559726236,0.22607091554931164,0.5654887474645681,-0.07560185185185186,-0.07527777777777772,0.3299040546092511,0.2827134016451551,0.2020848434758866,0.3997796889202938,0.0567923191533761,0.00032407407407414324,0.006593109997586281,0.5059785372048596,0.12170578590132058,0.11386605924405259,0.0,0.8538925190547445,0.5781544422534638,0.29140471782947924,0.2996515642793473,0.38409467591643426,angry,05,23,23,male,normal,2727
90,3.003,True,1.0,0.6310217953389092,0.5924683349045162,0.6117450651217127,0.6888832431200035,-0.06574074074074071,-0.06430555555555556,0.3358837521960973,0.2857314186499168,0.202089373835838,0.888024307792818,0.038553460434393005,0.0014351851851851505,0.005632537421157227,0.4090166927067903,0.1273222302315704,0.10754918623396632,0.0,0.689173371272238,0.551685729580895,0.2532764476741118,0.3029230530732848,0.3529990934799418,angry,05,23,23,male,normal,2727
0,0.0,True,1.0,0.6165868783242158,0.6046406278265452,0.6106137530753805,0.5005814231526201,-0.06759259259259265,-0.0637037037037037,0.33570399760180714,0.24998300059189785,0.197287587779331,1.2198090556972447,0.011946250497670619,0.0038888888888889417,0.0252451189737662,0.5255413270917764,0.12822971075024875,0.1064655768394018,0.0,0.7643517871131692,0.594650437448417,0.28855607589215815,0.31921715085503494,0.4102799330176056,angry,05,23,23,male,normal,2728
10,0.33366666666666667,True,1.0,0.6256812586284374,0.6129887968013902,0.6193350277149138,0.476861630974194,-0.06759259259259254,-0.06254629629629627,0.3411218500580974,0.23811968587009114,0.19798180294653364,1.2987730349570312,0.012692461827047197,0.005046296296296271,0.026682524891075966,0.5580311409427572,0.1261678330367659,0.10890112798900688,0.0,0.9188402141318324,0.598657237293355,0.2894852651664606,0.3181876366152006,0.4102352501271949,angry,05,23,23,male,normal,2728
20,0.6673333333333333,True,1.0,0.644994121627944,0.6047465225070786,0.6248703220675114,0.4917440977942477,-0.06685185185185188,-0.06259259259259264,0.3405405114638895,0.25255118198343,0.19726902461622614,1.2707225666162758,0.040247599120865396,0.00425925925925924,0.029977317690848198,0.5411425194485923,0.1259539282253385,0.10914845731853007,0.0,0.9250170481642447,0.5968960081376301,0.2889199300474445,0.31716840524711937,0.4101859461365943,angry,05,23,23,male,normal,2728
30,1.0010000000000001,True,1.0,0.24820989431999788,0.2586000010010684,0.2534049476605331,1.0544152209130608,-0.057453703703703674,-0.05310185185185179,0.3227872668056512,0.4049431147317109,0.1910121683285029,0.2403274750160563,0.010390106681070516,0.0043518518518518845,0.03235786303809362,0.3101111306774378,0.12507933491753037,0.11014961528252377,0.0,0.6957972524328004,0.5660630825220714,0.2896033343263207,0.3242808150733599,0.4117918392010148,angry,05,23,23,male,normal,2728
40,1.3346666666666667,True,1.0,0.4060993450016061,0.4367258565011591,0.4214126007513826,0.7455745483871784,-0.05625000000000002,-0.055185185185185115,0.35177523113052167,0.3727064005026069,0.1937563003007902,0.5652185977418078,0.030626511499552977,0.0010648148148149073,0.008336456551677694,0.44363024964326137,0.12452231034507158,0.11060681737225274,0.0,0.6682962504343706,0.5781154205588485,0.2918504362563839,0.3159907906991772,0.39844648161954604,angry,05,23,23,male,normal,2728
50,1.6683333333333334,True,1.0,0.5182903310843003,0.501719286883826,0.5100048089840632,0.8433897400271304,-0.05662037037037043,-0.05481481481481487,0.3504141871182749,0.4216231726928407,0.18750162759710248,0.6047083391928116,0.016571044200474283,0.0018055555555555602,0.0033187238875995975,0.3720534357472276,0.1246475658083613,0.11046564244475582,0.0,0.9999999987499999,0.5957610199001477,0.2894159988053777,0.3135214973117482,0.39458564007859415,angry,05,23,23,male,normal,2728
60,2.0020000000000002,True,1.0,0.45093233253203624,0.4750957854406128,0.46301405898632453,0.8346828789225625,-0.058009259259259316,-0.056620370370370376,0.3132970576256718,0.42506998463649015,0.19730924259563265,0.5547185292502933,0.024163452908576577,0.0013888888888889395,0.01813962374446867,0.37682455083564115,0.12712853939894495,0.1077780693883716,0.0,0.700273854012237,0.573433072135104,0.2898112868495363,0.31275781117864315,0.3925061498084822,angry,05,23,23,male,normal,2728
70,2.3356666666666666,True,1.0,0.5832999028369176,0.592356794224474,0.5878283485306958,0.6869676145403799,-0.06314814814814823,-0.060416666666666674,0.33195358211235615,0.3726897815526058,0.20139040423879118,0.8556856772993383,0.009056891387556387,0.002731481481481557,0.01452689934632397,0.43552234403809864,0.12710591958776918,0.10780474468406441,0.0,0.7888470586658614,0.5785009833933573,0.28828120076332964,0.3176027319724748,0.400610289742747,angry,05,23,23,male,normal,2728
80,2.6693333333333333,True,1.0,0.24154012240404774,0.20704719783183434,0.22429366011794105,0.610744467543371,-0.07726851851851851,-0.07523148148148157,0.3343961408205368,0.3197990654480121,0.19930708674523126,0.36724632319655554,0.034492924572213396,0.0020370370370369484,0.015385751479298647,0.49128287233838436,0.12442736515805129,0.11088556520116503,0.0,0.9229070702563134,0.5915438263664841,0.2892150832577549,0.311463497035293,0.4006062150486209,angry,05,23,23,male,normal,2728
90,3.003,True,1.0,0.5797442302571264,0.5557291483635985,0.5677366893103625,0.6505928533219089,-0.06763888888888886,-0.0651388888888888,0.3316931551995411,0.32505745151918547,0.1966038521108732,0.8726451365266539,0.024015081893527856,0.0025000000000000577,0.020506622682196773,0.43124173798625953,0.12576530038762376,0.10936574870012315,0.0,0.7674704809315182,0.5913775909817053,0.2867684005495793,0.3165550746073846,0.40873977301916053,angry,05,23,23,male,normal,2728
0,0.0,True,1.0,0.5313032885829408,0.5151808628549388,0.5232420757189398,0.5088652765448909,-0.07138888888888878,-0.06847222222222227,0.3307350894878614,0.2840162863374681,0.19171482531582354,1.0282526630067292,0.016122425728002043,0.002916666666666512,0.022738055556500842,0.5360544966134116,0.12687723475380536,0.10807379456487537,0.0,0.7359945253040626,0.5981516349430397,0.2865321711915962,0.31671088001275094,0.4188416370760043,angry,05,23,23,male,normal,2729
10,0.33366666666666667,True,1.0,0.5671101029429421,0.5556105758124543,0.5613603393776982,0.5343066271796095,-0.06995370370370363,-0.06763888888888892,0.3345492703664181,0.2816858648209593,0.19102055594950887,1.0506333083325101,0.011499527130487741,0.002314814814814714,0.020895248391197323,0.5063409000377342,0.12538625638772893,0.10980011147183188,0.0,0.7589133858381061,0.5993377648793893,0.28657489821416665,0.3170783775330458,0.4206541447576475,angry,05,23,23,male,normal,2729
20,0.6673333333333333,True,1.0,0.5803597040722785,0.5650614204691864,0.5727105622707325,0.5343066271796094,-0.06884259259259246,-0.06476851851851856,0.3339000417390561,0.2965114366536413,0.1889292754835563,1.0718762095350418,0.015298283603092155,0.004074074074073897,0.016843989461622338,0.5063409000377344,0.1271173540103594,0.10779126161270047,0.0,0.8718245716024992,0.6028058510279112,0.2893248384044888,0.3116103234304618,0.41264673293458254,angry,05,23,23,male,normal,2729
30,1.0010000000000001,True,1.0,0.1932318437412413,0.20102517896815192,0.1971285113546966,0.9972854794529918,-0.059629629629629644,-0.05648148148148152,0.3202585142318809,0.4751037371491147,0.1827741836560361,0.19766507726836754,0.007793335226910614,0.003148148148148122,0.025795426582464854,0.3458435200513047,0.12208945544498755,0.11345458403808792,0.0,0.7063270144694571,0.5915482522227641,0.29426998649123126,0.3107582497264832,0.3990551972407636,angry,05,23,23,male,normal,2729
40,1.3346666666666667,True,1.0,0.45726825611218724,0.4573756902478113,0.45732197317999923,0.695283390846425,-0.055787037037037024,-0.05421296296296296,0.35801783733944864,0.3202004453086332,0.18752603985846872,0.657749026081673,0.00010743413562402937,0.001574074074074061,0.01031578975152798,0.4516912585623622,0.12372790802182002,0.1116654939835946,0.0,0.7009219008096435,0.5935692000472064,0.2895263643885727,0.3199895475528453,0.4071023971630515,angry,05,23,23,male,normal,2729
50,1.6683333333333334,True,1.0,0.5322784995783122,0.5271294287281029,0.5297039641532075,0.8517618057626195,-0.05875000000000008,-0.057731481481481495,0.33045479201332445,0.418518446954891,0.18544999298171572,0.6218921306044481,0.005149070850209325,0.0010185185185185852,0.00819006747199368,0.3749142393889566,0.12679261214364845,0.10817306169383105,0.0,0.7467281690121876,0.5998696159323105,0.2885016127199853,0.3184661717927493,0.40310216925122644,angry,05,23,23,male,normal,2729
60,2.0020000000000002,True,1.0,0.4286602998424071,0.40011798887445255,0.41438914435842983,0.8914983760618034,-0.0621296296296297,-0.06217592592592591,0.3213805101906102,0.46083838647141145,0.19099778869268047,0.46482321839888824,0.028542310967954565,4.6296296296211015e-05,0.0034861237382024,0.3469506067903285,0.11898721977883099,0.1167039815038421,0.0,0.829169499995023,0.6282213744951106,0.31823759910582866,0.2998833379997741,0.42498461318107106,angry,05,23,23,male,normal,2729
70,2.3356666666666666,True,1.0,0.5633024062131324,0.5359418614411909,0.5496221338271616,0.753873896637306,-0.06361111111111117,-0.06171296296296297,0.32935422876131953,0.3841632601759398,0.19584307274374055,0.7290637549314016,0.027360544771941497,0.0018981481481482043,0.009680917302676421,0.3829537443601256,0.12520831443495178,0.1100029807167232,0.0,0.6930136026194739,0.5768711297409589,0.28802204571857415,0.3202204316463441,0.4027651841318861,angry,05,23,23,male,normal,2729
80,2.6693333333333333,True,1.0,0.2262862675589774,0.20584313619409106,0.21606470187653423,0.6054670805851201,-0.07587962962962969,-0.07412037037037039,0.3366204948695657,0.324357364599172,0.19653398903121463,0.356856233484619,0.020443131364886347,0.0017592592592592937,0.008743141135978344,0.5006572529675174,0.12506703265159336,0.11016358342889168,0.0,0.753425216515993,0.5801681938869299,0.2903987506421551,0.31328212183466764,0.4019298722279529,angry,05,23,23,male,normal,2729
90,3.003,True,1.0,0.5815807057364146,0.578483245149911,0.5800319754431629,0.6257639307000424,-0.06671296296296297,-0.0665277777777778,0.326007801470456,0.3203028111046224,0.19376417538869897,0.9269181986796216,0.0030974605865036198,0.00018518518518517713,0.001316260680256893,0.4577992017814086,0.12526126236293816,0.10994268471076227,0.0,0.79591577599396,0.5937993988532915,0.2888307438101034,0.31342443552292354,0.40582279669559357,angry,05,23,23,male,normal,2729
0,0.0,True,1.0,0.6193365490571642,0.5917624922154603,0.6055495206363122,0.505538824694017,-0.0687962962962963,-0.06694444444444436,0.35062239445792903,0.231677015491662,0.19029221182200778,1.197829901596238,0.027574056841703887,0.0018518518518519378,0.0005017154062963635,0.5185459607658373,0.12530156927166303,0.10989674475770965,0.0,0.8590487141676719,0.6059251057532389,0.28717031262488385,0.3107447040111101,0.4210014946657432,angry,05,23,23,male,strong,2730
10,0.33366666666666667,True,1.0,0.6334754185316666,0.60583929828973,0.6196573584106984,0.5302994278461074,-0.06967592592592592,-0.06717592592592592,0.3499793157168358,0.2510844557235865,0.19029221182200778,1.1685046708942002,0.027636120241936513,0.0025000000000000022,0.002516110775437535,0.4763904921521901,0.1271095706994811,0.10780043973501176,0.0,0.7658962694572353,0.6076499311208858,0.28678352542412,0.31500767190288526,0.42108490558086703,angry,05,23,23,male,strong,2730
20,0.6673333333333333,True,1.0,0.6354037060507347,0.587156404312311,0.6112800551815228,0.5534996867790263,-0.06833333333333341,-0.06773148148148156,0.3433142617616644,0.30500757060862366,0.19238054442833313,1.1043909685635724,0.04824730173842373,0.0006018518518518534,0.0032194217468416815,0.4785171904595549,0.1260400161245496,0.10904903532670904,0.0,0.9676213117690039,0.607210422036002,0.2873743686334683,0.3155545251230873,0.4203462805005472,angry,05,23,23,male,strong,2730
30,1.0010000000000001,True,1.0,0.43644653739909073,0.43641774109030496,0.4364321392446978,1.2711204219308432,-0.05509259259259264,-0.0503703703703704,0.34527274582492673,0.6074378514762924,0.18689742604383394,0.34334444771310774,2.879630878577233e-05,0.004722222222222239,0.009648092725617036,0.27211676655481326,0.12107723372066083,0.11453419246762221,0.0,0.8199872083523095,0.5863374155912366,0.2939459253652523,0.3367577609096564,0.42876260734203103,angry,05,23,23,male,strong,2730
40,1.3346666666666667,True,1.0,0.47932536004626813,0.47800801227070683,0.4786666861584875,1.0693287950733337,-0.057870370370370405,-0.055694444444444435,0.3193026779432094,0.6023631460032685,0.18612135926937018,0.4476328406789616,0.0013173477755613061,0.00217592592592597,0.014988140089161937,0.29343514076862276,0.12432922033085739,0.1109955978491954,0.0,0.8879472995024941,0.5864448904796293,0.28494433971650646,0.32980669578920535,0.41242005577181173,angry,05,23,23,male,strong,2730
50,1.6683333333333334,True,1.0,0.4735373766911151,0.4403547694889944,0.45694607309005475,0.5828941357219919,-0.056296296296296344,-0.05486111111111114,0.3432362906601043,0.390634846222164,0.17855598934648143,0.7839263514361253,0.03318260720212074,0.001435185185185206,0.006376255209151558,0.5164748922851357,0.12692638686479715,0.10801606402701079,0.0,0.7612347257025517,0.5967085064416391,0.28193332846109825,0.32273031666948154,0.41274990487219354,angry,05,23,23,male,strong,2730
60,2.0020000000000002,True,1.0,0.5365254635011362,0.49696991662997547,0.5167476900655559,1.710196151048581,-0.058379629629629615,-0.053981481481481575,0.26000462066689356,0.9583883444104954,0.18543147910168942,0.30215697173024264,0.039555546871160696,0.00439814814814804,0.015103902557390317,0.19809207583427954,0.12169393107298646,0.11387872896061048,0.0,0.8869094539502148,0.5887908976559375,0.2865313181784583,0.3088277882135749,0.3950091530532805,angry,05,23,23,male,strong,2730
70,2.3356666666666666,True,1.0,0.6023322530224559,0.5814226105533243,0.5918774317878901,0.9786932851586895,-0.06092592592592588,-0.059583333333333266,0.32055203171116053,0.4290551052432836,0.18689742604383394,0.6047629433688416,0.020909642469131517,0.0013425925925926174,0.013881748218106888,0.2892391672077418,0.12639071120850023,0.1086423761279295,0.0,0.8818013332552783,0.5927081028348841,0.28436796318800867,0.3177221553512156,0.4019395992145317,angry,05,23,23,male,strong,2730
80,2.6693333333333333,True,1.0,0.49630685888340004,0.47031001685800444,0.4833084378707022,0.6606570255435128,-0.06453703703703695,-0.0643055555555555,0.3374102851809787,0.30151413671197824,0.18895713720099233,0.7315572516209776,0.025996842025395595,0.00023148148148144365,0.01141576875621906,0.40864653787275684,0.12737663503891963,0.1074847459720727,0.0,0.7375353604510555,0.5940502295840212,0.2850005408536748,0.31726468779841965,0.4076940839813436,angry,05,23,23,male,strong,2730
90,3.003,True,1.0,0.5843194325452168,0.5492156345199687,0.5667675335325928,0.5504067744391177,-0.06634259259259256,-0.06453703703703706,0.34352313584938216,0.26098183401222,0.18826294450387393,1.0297248505165062,0.0351037980252481,0.0018055555555555047,0.009902761717916386,0.4726005669364112,0.12554481405321774,0.10961878230807741,0.0,0.8824445421985563,0.5973076083636579,0.28654589202682457,0.31173254770888387,0.4107374924882604,angry,05,23,23,male,strong,2730
100,3.336666666666667,True,1.0,0.34336123050130357,0.3117844521114298,0.32757284130636666,0.45412809645788216,-0.07300925925925927,-0.0719907407407408,0.35296954574687883,0.2265380981122687,0.18894704285044794,0.7213225604435757,0.03157677838987377,0.0010185185185184742,0.00878940456128286,0.5684790061758878,0.1266477895944536,0.10834258240098067,0.0,0.6966385369678822,0.5997759957733094,0.28541656160180584,0.31145711629081385,0.40197395254704477,angry,05,23,23,male,strong,2730
0,0.0,True,1.0,0.6046468162209553,0.5814226105533249,0.5930347133871401,0.529235359270507,-0.06810185185185186,-0.06597222222222227,0.3336376868856638,0.301039584651762,0.1882272789446145,1.1205500596267293,0.023224205667630393,0.0021296296296295925,0.01238738546272365,0.4909521050102479,0.1296272068265512,0.10475955813759141,0.0,0.8329333357648077,0.6021678212144232,0.2860608779492167,0.31853121655691125,0.4185957705660452,angry,05,23,23,male,strong,2731
10,0.33366666666666667,True,1.0,0.6059327972735474,0.5609235088813376,0.5834281530774426,0.5332789965615409,-0.06898148148148142,-0.06638888888888889,0.3301052265705727,0.3183306704227078,0.18753295608809836,1.0940392493221218,0.045009288392209856,0.0025925925925925353,0.01174376737110987,0.4912513748368868,0.12667366483806686,0.10831232804756927,0.0,0.8150670906729502,0.6025930208333333,0.28728018817586015,0.316041056428656,0.4179677880040168,angry,05,23,23,male,strong,2731
20,0.6673333333333333,True,1.0,0.5943246368385177,0.5775641538390113,0.5859443953387644,0.5332789965615412,-0.06949074074074074,-0.06717592592592586,0.3305793849592677,0.3331367481167874,0.1882272789446145,1.0987576842830815,0.016760482999506388,0.0023148148148148806,0.0036834975527886282,0.4873126845407399,0.12577475820466516,0.10935487171995646,0.0,0.8784074548657156,0.6031354613095238,0.2877689571775669,0.31420427077754165,0.42014231355040627,angry,05,23,23,male,strong,2731
30,1.0010000000000001,True,1.0,0.32779663686474597,0.3664719304335498,0.3471342836491479,1.1723216173520936,-0.05675925925925912,-0.05180555555555555,0.3831716127952261,0.4904444608573588,0.17785028992138466,0.2961084044779582,0.03867529356880384,0.004953703703703571,0.0009552397868465583,0.29054777645943225,0.12402720418655196,0.11133297082070778,0.0,0.7795908533587094,0.5924169130464686,0.2910672697809857,0.3305686960466711,0.42529722305537176,angry,05,23,23,male,strong,2731
40,1.3346666666666667,True,1.0,0.5724715886113608,0.5571954300928116,0.5648335093520862,1.6590488119033444,-0.05805555555555553,-0.05398148148148152,0.2865176769198611,0.7871887652172656,0.18335996492176562,0.3404562332943542,0.015276158518549243,0.004074074074074008,0.007921398165447202,0.20114852806774208,0.1250401743615733,0.11019406774341928,0.0,0.6479444421950568,0.588325413102741,0.2883552496948461,0.3308840509598245,0.4155578828231928,angry,05,23,23,male,strong,2731
50,1.6683333333333334,True,1.0,0.4677849563078887,0.44151058300005536,0.454647769653972,1.0061789751850623,-0.05611111111111111,-0.05435185185185187,0.35218263113743875,0.43412157106222904,0.18062695257212014,0.4518557641003685,0.026274373307833332,0.0017592592592592382,0.00267456735255788,0.305432098318399,0.12438642504512666,0.11093148802114228,0.0,0.8597691622880174,0.5967920204878827,0.28703068221576367,0.31641597870989385,0.40336186099717547,angry,05,23,23,male,strong,2731
60,2.0020000000000002,True,1.0,0.5969105136889882,0.5464079845136182,0.5716592491013032,1.3534859824498038,-0.06041666666666673,-0.05555555555555558,0.2750429658009666,0.5536840372837991,0.19038039609174412,0.4223606720082925,0.050502529175370015,0.004861111111111149,0.01040948107746265,0.19766207918633621,0.13290333730613638,0.10057077460352694,0.0,0.5948597170432016,0.5322484209543191,0.24754567804071886,0.3109829208544845,0.3514305494485935,angry,05,23,23,male,strong,2731
70,2.3356666666666666,True,1.0,0.5966209843731166,0.5599547943628217,0.5782878893679692,0.688735303636048,-0.06611111111111118,-0.06347222222222215,0.33061557982170964,0.38830167149860473,0.1910297419690029,0.8396373560568298,0.03666619001029492,0.002638888888889024,0.013131346155394737,0.4118612332676646,0.12743411734298682,0.10741658860545027,0.0,0.6812325257643881,0.5945064005133304,0.28639317033523326,0.32132090149622766,0.40945742352255887,angry,05,23,23,male,strong,2731
80,2.6693333333333333,True,1.0,0.23411229685807572,0.2236080454031975,0.2288601711306366,0.578443118589586,-0.07777777777777783,-0.07583333333333336,0.33621268515331837,0.31063686568933385,0.19170646807078162,0.3956485327177283,0.01050425145487821,0.0019444444444444708,0.011750708273819462,0.5017971548040655,0.125367260965083,0.10982179951427262,0.0,0.7330969011971105,0.5984033032588035,0.2868767858114188,0.31068397202733056,0.40028190991637363,angry,05,23,23,male,strong,2731
90,3.003,True,1.0,0.5522370645186093,0.5253396351081826,0.538788349813396,0.5815110552360716,-0.07074074074074072,-0.06759259259259265,0.3433942934277542,0.3186424693954884,0.19034552810498334,0.9265315679934376,0.02689742941042672,0.0031481481481480666,0.01927532227839209,0.47145803283496895,0.12803029942363578,0.106705296026314,0.0,0.7874009402518141,0.6004787729935724,0.2862971361905011,0.3207900126676573,0.4207470592825327,angry,05,23,23,male,strong,2731
0,0.0,True,1.0,0.5954378589020135,0.549618969330519,0.5725284141162663,0.5103950180997613,-0.07166666666666655,-0.07106481481481486,0.3474513931996773,0.2692437138650693,0.1910045792111657,1.12173589830056,0.04581888957149449,0.0006018518518516869,0.0021242763762723146,0.5028314888437672,0.1285556343630801,0.10607179947632336,0.0,0.8532472694930885,0.6057070462950805,0.28702532953440896,0.315659416665265,0.41601814429172324,angry,05,23,23,male,strong,2732
10,0.33366666666666667,True,1.0,0.5764662303390317,0.5495075615355078,0.5629868959372697,0.5238756636962404,-0.07157407407407407,-0.06856481481481486,0.34790461229583747,0.2618168364558882,0.19169890643989534,1.0746574711355694,0.026958668803523822,0.0030092592592592116,0.0033978469695554034,0.4892541750097405,0.1265408041495406,0.10846751889682894,0.0,0.9278632035752283,0.6027595545874601,0.2876223626107421,0.31161922115924356,0.4172860457404937,angry,05,23,23,male,strong,2732
20,0.6673333333333333,True,1.0,0.604093946415031,0.5782530610286526,0.5911735037218417,0.5808924158127613,-0.07069444444444434,-0.07009259259259248,0.33711164631854773,0.29033140226734555,0.19102055594950892,1.0176987814425078,0.02584088538637841,0.0006018518518518534,0.005310864715842097,0.4525902892961408,0.12633075539201527,0.10871208770163045,0.0,0.9999999987499999,0.5994097078206283,0.28834540146191256,0.3134907359280994,0.41694387036387476,angry,05,23,23,male,strong,2732
30,1.0010000000000001,True,1.0,0.4649085019858599,0.4511087935643535,0.45800864777510675,1.9009973667227222,-0.05356481481481479,-0.04847222222222225,0.26449055494189666,0.8590920135441401,0.18958695516515212,0.24093071131639893,0.013799708421506407,0.0050925925925925375,0.015733326606743536,0.19470869052348067,0.12153309284564542,0.11405036217967483,0.0,0.6861441470282175,0.5471179494454033,0.2922643743701933,0.3080636681060532,0.3778295855041135,angry,05,23,23,male,strong,2732
40,1.3346666666666667,True,1.0,0.4222471983732497,0.4226079174431779,0.4224275579082138,0.92149084926621,-0.05027777777777781,-0.04768518518518522,0.35547021858233196,0.3794244273139234,0.1854170781391736,0.4584175287737214,0.0003607190699281837,0.002592592592592591,0.0038536460355226756,0.34865726187550744,0.12583325095476605,0.10928755978849748,0.0,0.7393252689495164,0.562031040720976,0.28619547769845427,0.33947728427114965,0.42129482091466175,angry,05,23,23,male,strong,2732
50,1.6683333333333334,True,1.0,0.472940995606743,0.46579984603840013,0.4693704208225716,0.9569794644949259,-0.056064814814814845,-0.055277777777777704,0.3612420341282822,0.37214732377517706,0.1861258682802443,0.49047073446899475,0.007141149568342886,0.0007870370370371416,0.007651351090459641,0.31372256492865774,0.13459728208548546,0.09829216360821405,0.0,0.8225050346157639,0.5355643390246725,0.2447159611875949,0.3120455910398078,0.3487525791700349,angry,05,23,23,male,strong,2732
60,2.0020000000000002,True,1.0,0.6008016742590662,0.5726492087387212,0.5867254414988936,1.286078759165074,-0.055972222222222257,-0.053333333333333344,0.2679535586311859,0.5705842382211239,0.1902813863914834,0.45621268317952585,0.028152465520345005,0.002638888888888913,0.008057255772619155,0.2301848253225396,0.1276032739611851,0.10721558769615507,0.0,0.8499909985260776,0.5646714493844412,0.28513555105739596,0.3193638553170002,0.3982672728605322,angry,05,23,23,male,strong,2732
70,2.3356666666666666,True,1.0,0.6324093842151487,0.5825448784832246,0.6074771313491867,0.6471535360606314,-0.06027777777777782,-0.056944444444444464,0.33464687422427847,0.30917142526592317,0.19378937351945408,0.9386908940450763,0.049864505731924136,0.003333333333333355,0.00821718528211728,0.41485499549566957,0.12679950472278667,0.10816498219149588,0.0,0.6634722402530256,0.5709217099964985,0.2864204057989655,0.31752533637012287,0.401405332670011,angry,05,23,23,male,strong,2732
80,2.6693333333333333,True,1.0,0.23722553550355352,0.23438110996472433,0.23580332273413893,0.5506927083075739,-0.07532407407407404,-0.07291666666666663,0.3388020485967726,0.2609818340122213,0.19377519997409368,0.42819401669367596,0.0028444255388291872,0.0024074074074074137,0.013210916927450576,0.510157523753758,0.12749518008645747,0.10734410475282885,0.0,0.7069662074645268,0.5882358840176696,0.2884249202813437,0.3142675901349582,0.39563571638219414,angry,05,23,23,male,strong,2732
90,3.003,True,1.0,0.6023322530224557,0.5635886310525825,0.5829604420375192,0.5239316675032405,-0.06648148148148142,-0.06388888888888894,0.34935678695005506,0.25496028776670654,0.19100457921116576,1.1126650252228045,0.03874362196987324,0.0025925925925924798,0.014905369938028237,0.5092206861588835,0.12677879404780074,0.10818925616837458,0.0,0.7619373234019665,0.5895457165600615,0.2876835934382517,0.31564151687699304,0.4068831563957939,angry,05,23,23,male,strong,2732
0,0.0,True,1.0,0.5764662303390319,0.5484144955643562,0.5624403629516941,0.5068492278113488,-0.06842592592592583,-0.0670370370370369,0.33982692036027434,0.30395256091157824,0.188214307974696,1.109679826050828,0.028051734774675707,0.0013888888888889395,0.00838952015380461,0.5211105188265159,0.12632939888444011,0.10871366403520868,0.0,0.8089236189805264,0.603461335901548,0.2883550455025487,0.31565824858735825,0.42409493039286295,angry,05,23,23,male,strong,2733
10,0.33366666666666667,True,1.0,0.6193365490571643,0.6059454029012866,0.6126409759792255,0.5017101037072612,-0.06768518518518518,-0.06689814814814815,0.34420544786517987,0.2938208318672144,0.18891473730410502,1.2211055178125143,0.013391146155877665,0.0007870370370370305,0.0065723305374124266,0.5173837658985588,0.1267353560175925,0.10824013722088051,0.0,0.865388001914532,0.60278931996236,0.28930752693386347,0.31824070667437115,0.427972950811272,angry,05,23,23,male,strong,2733
20,0.6673333333333333,True,1.0,0.6163869611745858,0.5917571890320078,0.6040720751032969,0.49130691805399057,-0.06930555555555551,-0.06731481481481488,0.3404315139941414,0.31063686568933374,0.18891473730410502,1.2295208003501272,0.024629772142578,0.0019907407407406263,0.008396633621252562,0.5529643759503929,0.1265273770646781,0.1084831812936147,0.0,0.6825099864379791,0.6016978612069829,0.2894429791729429,0.31727816833916456,0.4271890022661426,angry,05,23,23,male,strong,2733
30,1.0010000000000001,True,1.0,0.43206851312742717,0.43657111530072995,0.43431981421407856,1.8866213151927433,-0.054398148148148084,-0.04842592592592598,0.26841893747942036,0.7981859410430842,0.18896803849392496,0.23021038229376045,0.004502602173302783,0.005972222222222101,0.02303520591428513,0.17848557692307723,0.12036640855091853,0.11528098482535193,0.0,0.6562411121213659,0.5560182980145183,0.2952622912111516,0.30274044201985756,0.37867001558365726,angry,05,23,23,male,strong,2733
40,1.3346666666666667,True,1.0,0.5138275533437797,0.5019254985007414,0.5078765259222606,1.0170234715224318,-0.05365740740740743,-0.04893518518518514,0.3213792744008239,0.4477781360685882,0.18892160269492644,0.4993754226360141,0.011902054843038301,0.004722222222222294,0.01010294498665361,0.3361405606616836,0.12593442918149086,0.10917095454852284,0.0,0.6980065308696681,0.5680015324176546,0.2889222069666535,0.3346791562905824,0.41910284538002834,angry,05,23,23,male,strong,2733
50,1.6683333333333334,True,1.0,0.5564600508841453,0.5212164315132543,0.5388382411986998,0.7487690237836055,-0.05564814814814817,-0.05254629629629631,0.34957040659560895,0.31885095218109244,0.1889922613380744,0.7196321216333119,0.035243619370891044,0.0031018518518518556,0.010091768779521627,0.4026172376428178,0.12714794630279855,0.10775517398947658,0.0,0.6518726209084615,0.5756677707332932,0.28632002315362975,0.32068446494068803,0.4059911826337533,angry,05,23,23,male,strong,2733
60,2.0020000000000002,True,1.0,0.6075822541271308,0.5831084120474193,0.5953453330872751,1.562622032008653,-0.05763888888888885,-0.0535648148148149,0.2493793836237767,0.6933963866851758,0.19517798222610205,0.3809912575736539,0.024473842079711594,0.004074074074073952,0.016121912383051155,0.19687013358040362,0.12452525543714008,0.11077562244712498,0.0,0.6782928810724176,0.5715255038108994,0.28742929410650075,0.31709082741125866,0.40575283809815316,angry,05,23,23,male,strong,2733
70,2.3356666666666666,True,1.0,0.6615966432732899,0.6387423674169818,0.6501695053451358,0.8061862325857081,-0.058148148148148227,-0.05782407407407408,0.3311310789172174,0.3663716527236545,0.19587228806931042,0.8064755748306758,0.02285427585630817,0.00032407407407414324,0.005498104462151864,0.3519057410298258,0.12702813018858905,0.10789639433873172,0.0,0.8313837673462972,0.5789431088216537,0.2882101519146607,0.3216397794124527,0.4110965124162637,angry,05,23,23,male,strong,2733
80,2.6693333333333333,True,1.0,0.5753275556564201,0.5399050811939391,0.5576163184251797,0.6410953849216304,-0.06624999999999998,-0.0646296296296297,0.3338228110770259,0.3131601729551235,0.19517798222610216,0.8697868235213462,0.035422474462481035,0.001620370370370272,0.010707526164259278,0.4272095091089916,0.12653534792602825,0.10847388393392014,0.0,0.7699156177795794,0.5907203792220014,0.2881772850992651,0.31558236146399893,0.40749700993807003,angry,05,23,23,male,strong,2733
90,3.003,True,1.0,0.6219532763497533,0.6102699214921341,0.6161115989209437,0.5784431185895857,-0.0678703703703703,-0.06527777777777782,0.33621268515331854,0.31063686568933374,0.19453270740597647,1.0651204571733945,0.011683354857619177,0.0025925925925924798,0.012889831140793232,0.48354149751809833,0.12558465700306568,0.1095731340049565,0.0,0.8069521649153194,0.5970425121611145,0.28704542638971686,0.31442751815691244,0.4116881717476657,angry,05,23,23,male,strong,2733
0,0.0,True,1.0,0.6140204414795287,0.5904804857461674,0.6022504636128481,0.4610647091575151,-0.06768518518518524,-0.06430555555555556,0.34610159585349104,0.26618317563929056,0.19168617038730712,1.3062167883404392,0.023539955733361317,0.003379629629629677,0.017253816148202247,0.58678970949894,0.1264915824794815,0.10852491572129429,0.0,0.6699605852079095,0.5985034044711633,0.2922957768247601,0.31445975837593215,0.41015016762559525,fearful,06,23,23,male,normal,2734
10,0.33366666666666667,True,1.0,0.5994790759899721,0.5776702584505679,0.58857466722027,0.47233375400472516,-0.06828703703703703,-0.0643981481481481,0.34784462036660146,0.2574870121153036,0.19239323451473508,1.2460991030812123,0.021808817539404224,0.0038888888888889417,0.01978754875308189,0.5862916577153521,0.12688245290857889,0.1080676682194668,0.0,0.6898234117799743,0.5985615028276936,0.2923039072317591,0.3174409331103608,0.4110932445588875,fearful,06,23,23,male,normal,2734
20,0.6673333333333333,True,1.0,0.5389864709717361,0.5608687093191321,0.5499275901454341,0.5760431238248674,-0.06624999999999998,-0.06421296296296297,0.347284751700894,0.25179489587500464,0.19657474551182116,0.9546639260164607,0.021882238347396,0.002037037037037004,0.023927074695592923,0.4880364813164784,0.12504050802344627,0.11019368912740454,0.0,0.7807084516880791,0.5756018992675195,0.29493755274191025,0.3135724824470487,0.4044370394845862,fearful,06,23,23,male,normal,2734
30,1.0010000000000001,True,1.0,0.5436450228650568,0.5332226508591297,0.5384338368620932,0.8248864086104664,-0.06486111111111104,-0.06282407407407409,0.35334383637696926,0.3492742526449051,0.2035457011155281,0.652736948071545,0.010422372005927105,0.0020370370370369484,0.014995274698506984,0.3402567372676657,0.12562545861619476,0.10952635261830311,0.0,0.6504207032289728,0.5505723533163265,0.2959900142250111,0.31131239758883417,0.38791811687253874,fearful,06,23,23,male,normal,2734
40,1.3346666666666667,True,1.0,0.5951300362754363,0.5776475989186071,0.5863888175970217,0.6783369925432848,-0.061851851851851825,-0.057870370370370405,0.3509822713565555,0.3108831089994761,0.20764035862658015,0.86445059615351,0.017482437356829195,0.003981481481481419,0.014627721252324952,0.4612532884208302,0.1263499439792049,0.108689785292645,0.0,0.6855704746084167,0.541936127083646,0.3012232375613513,0.30379180361732316,0.3688616230557358,fearful,06,23,23,male,normal,2734
50,1.6683333333333334,True,1.0,0.35088965191349764,0.37667539008955475,0.3637825210015262,0.8989450124299664,-0.056805555555555554,-0.058981481481481524,0.34212882935332517,0.369666533376848,0.20416816139971555,0.4046771670918717,0.025785738176057116,0.00217592592592597,0.017129988564356356,0.3685327191604758,0.12685532208877748,0.1080995144677547,0.0,0.7615224176506734,0.5170750913021459,0.29736763529390503,0.3107879977875556,0.38681513078581187,fearful,06,23,23,male,normal,2734
60,2.0020000000000002,True,1.0,0.6571953656475308,0.6586132884269711,0.6579043270372509,0.6327746186069502,-0.057083333333333264,-0.05768518518518517,0.3419582687857729,0.3091714252659234,0.2020837108700296,1.0397135215151703,0.001417922779440306,0.0006018518518519089,0.01581454826721742,0.4905167284852908,0.12508950460169996,0.11013806612116987,0.0,0.5872214327427544,0.539174018693415,0.29636365825067795,0.30721201825789274,0.3733502327813834,fearful,06,23,23,male,normal,2734
70,2.3356666666666666,True,1.0,0.6608190059901514,0.6443043612282634,0.6525616836092074,0.7878990943671333,-0.060370370370370297,-0.05819444444444438,0.3257936156047455,0.40150200999381574,0.20208484347588665,0.8282300211721484,0.01651464476188802,0.0021759259259259145,0.006581364582286652,0.35090807751330655,0.12850818018198204,0.10612928623699225,0.0,0.7216289115180374,0.5361174114489546,0.2919074164792659,0.3104557872604789,0.3730647745091142,fearful,06,23,23,male,normal,2734
80,2.6693333333333333,True,1.0,0.49656335907331595,0.48218822400508765,0.4893757915392018,0.7228854066938107,-0.06930555555555562,-0.06875000000000003,0.3269824770046003,0.3463588089518789,0.2034755968342765,0.6769756132959044,0.014375135068228295,0.0005555555555555869,0.00570212319801702,0.4122389145761736,0.1266035534860931,0.10839427113648976,0.0,0.7839548339130425,0.5480441739742772,0.294207028626353,0.3060533824826856,0.37584100032764417,fearful,06,23,23,male,normal,2734
90,3.003,True,1.0,0.6024984920661041,0.5333552618007058,0.5679268769334049,0.6401352314429055,-0.06574074074074077,-0.0658333333333333,0.3460269747414011,0.23464293706482742,0.20277928274864854,0.887198280983944,0.06914323026539826,9.259259259253305e-05,0.011355910352620263,0.43792717947897997,0.12481481246291913,0.11044926600085091,0.0,0.9051334006952918,0.560886637592537,0.2938668725419088,0.2990493317008242,0.3697858913957389,fearful,06,23,23,male,normal,2734
100,3.336666666666667,True,1.0,0.6555728719346472,0.6115493513307831,0.6335611116327151,0.6255247771410734,-0.06597222222222227,-0.06564814814814823,0.34826192869519756,0.22746355532402698,0.20486260077730523,1.0128473479953446,0.04402352060386405,0.0003240740740740322,0.006594762892466836,0.4243166639757142,0.12529659830489143,0.10990241227333589,0.0,0.7611811166364634,0.5575493543589309,0.2917682781077417,0.30329640513120776,0.3793165449211616,fearful,06,23,23,male,normal,2734
0,0.0,True,1.0,0.6416041186464858,0.6060917258687342,0.62384792225761,0.4571698961273978,-0.06874999999999998,-0.06569444444444444,0.35803736238803485,0.22775925863954852,0.19122174848100953,1.3645866176712664,0.035512392777751645,0.0030555555555555336,0.02857256210177822,0.5899468433744448,0.12781510502850335,0.10696296881208663,0.0,0.7042872844265794,0.6019974134732018,0.2888959708400906,0.3175744334490493,0.4128269371921707,fearful,06,23,23,male,normal,2735
10,0.33366666666666667,True,1.0,0.2666961195124451,0.2637698334155552,0.2652329764640001,0.46196641707204106,-0.08055555555555555,-0.07680555555555557,0.35480556211006975,0.22317464840646353,0.19122174848100948,0.5741390860077141,0.002926286096889885,0.0037499999999999756,0.024762701501173642,0.6133068982708854,0.12554894358584778,0.10961405263392668,0.0,0.8679083057989426,0.5995325661983544,0.29283780064531917,0.31080244993913475,0.40094822028717136,fearful,06,23,23,male,normal,2735
20,0.6673333333333333,True,1.0,0.5826745734232219,0.5702889448957255,0.5764817591594738,0.499826334301221,-0.06819444444444445,-0.06527777777777771,0.3560671290851601,0.22147019224341644,0.19952592588510565,1.1533641178899074,0.012385628527496473,0.002916666666666734,0.029186122839498167,0.5563530634319733,0.12555922844182413,0.10960227152484887,0.0,0.707702979692768,0.5726813676173595,0.29356779353771084,0.3116802249744664,0.40847532009909576,fearful,06,23,23,male,normal,2735
30,1.0010000000000001,True,1.0,0.425596001968732,0.40402581396398124,0.4148109079663566,0.8246794317638605,-0.05532407407407408,-0.054398148148148195,0.35874841983334826,0.2951860066311389,0.19385078024088537,0.5029965487063753,0.021570188004750745,0.0009259259259258856,0.01695178072247064,0.37124553974180485,0.1240126056764757,0.11134923171485014,0.0,0.672675011911823,0.5592735620654512,0.2973898287217468,0.31553101322742494,0.39503088840868233,fearful,06,23,23,male,normal,2735
40,1.3346666666666667,True,1.0,0.4206766145968456,0.375847378448621,0.3982619965227333,0.8140359812058436,-0.0537037037037037,-0.05046296296296299,0.342645095078792,0.34153547358157144,0.1965665948917418,0.4892437259748419,0.044829236148224594,0.0032407407407407107,0.015637774808159186,0.39206875317242945,0.12455102673219898,0.11074664559316884,0.0,0.7071067807446058,0.5526988472732844,0.2961692479325443,0.3135963104461544,0.38203042387224234,fearful,06,23,23,male,normal,2735
50,1.6683333333333334,True,1.0,0.4923677833329171,0.465295060660288,0.47883142199660256,0.7952956726508625,-0.05523148148148144,-0.05509259259259258,0.33324442934172044,0.36011360844354035,0.20003814333537123,0.602079752805107,0.027072722672629113,0.0001388888888888551,0.009454531546165795,0.405040648183484,0.12701710519609782,0.1079093728929458,0.0,0.6840903038643228,0.5557107046646784,0.294438701520942,0.31632048958882125,0.3785902452059996,fearful,06,23,23,male,normal,2735
60,2.0020000000000002,True,1.0,0.5290632645601616,0.49584140508936597,0.5124523348247638,0.6542084427046054,-0.05874999999999991,-0.05703703703703694,0.34031666723689646,0.32700204917384507,0.2021139115208346,0.7833166027423942,0.033221859470795645,0.0017129629629629717,0.007889301204766441,0.45204821800041556,0.12597138409334596,0.1091283105344626,0.0,0.6889802504220877,0.5532296079291091,0.29453959104191674,0.3131944008153402,0.38185502450057024,fearful,06,23,23,male,normal,2735
70,2.3356666666666666,True,1.0,0.6094348509672508,0.5674641643447508,0.5884495076560008,0.5771033912099104,-0.06083333333333335,-0.05893518518518526,0.35220524599427966,0.27445017515758124,0.20279621290136182,1.019660457066979,0.04197068662250003,0.0018981481481480933,0.012844557422672114,0.5235693462282577,0.12682965054129883,0.1081296329142281,0.0,0.8001369654038211,0.5582986246686175,0.2918300973288025,0.31237347007248906,0.37765534595533895,fearful,06,23,23,male,normal,2735
80,2.6693333333333333,True,1.0,0.6322302227943024,0.6021195260241501,0.6171748744092262,0.4869975174257709,-0.061990740740740624,-0.06032407407407403,0.36546545767240707,0.2028908668206915,0.2014347231801579,1.267305997105616,0.030110696770152323,0.0016666666666665941,0.010309815609990147,0.5994962584020368,0.1259642570317544,0.10913653705715022,0.0,0.6934500085902855,0.5597594028705233,0.29038979275027615,0.30671850949171564,0.3837773405784812,fearful,06,23,23,male,normal,2735
90,3.003,True,1.0,0.4988259708279057,0.47234950347148347,0.4855877371496946,0.6511986864166273,-0.06731481481481483,-0.06467592592592597,0.3475509254786218,0.24766457502584027,0.20075867947458662,0.7456829187137254,0.02647646735642223,0.0026388888888888573,0.00951107603211064,0.44488906008485035,0.12594660409981645,0.10915690855888167,0.0,0.6479921720568579,0.5607075920211835,0.2916097635899326,0.3087960291935701,0.3913368925100336,fearful,06,23,23,male,normal,2735
0,0.0,True,1.0,0.578701632079583,0.5674641643447508,0.573082898212167,0.6293855213566382,-0.06805555555555559,-0.06634259259259256,0.3408616602470446,0.30734802836477215,0.18894704285044794,0.9105435043642073,0.011237467734832252,0.0017129629629630272,0.0023417241466174503,0.4211446718911466,0.12515636943638433,0.11006207775500762,0.0,0.8505822677723184,0.6062532387877027,0.29155401126608965,0.3086486092982018,0.4095895113401759,fearful,06,23,23,male,normal,2736
10,0.33366666666666667,True,1.0,0.5427292884974602,0.4938334942676372,0.5182813913825487,0.5887258560361196,-0.07032407407407415,-0.06828703703703709,0.3471848039722806,0.2871563206780744,0.18897974658960054,0.880344197674836,0.048895794229822986,0.0020370370370370594,0.007086169224330744,0.4689629596882146,0.12584757856401496,0.10927106085264031,0.0,0.8726791051520717,0.6057942834555697,0.29123083206329226,0.31069381334663615,0.4088023266967971,fearful,06,23,23,male,normal,2736
20,0.6673333333333333,True,1.0,0.6114188031785587,0.55004559463701,0.5807321989077843,0.5472384276461444,-0.0690277777777778,-0.06805555555555565,0.34734401430133993,0.2591898075612228,0.19032628786065,1.0612050791200973,0.06137320854154871,0.0009722222222221522,0.004866578119889615,0.47654701066591854,0.12568509185522686,0.10928372023346876,0.0,0.7972035559991946,0.6042805577856142,0.2915172268680571,0.30978929691150214,0.4111489114693479,fearful,06,23,23,male,normal,2736
30,1.0010000000000001,True,1.0,0.45132020804181067,0.4204715201150169,0.43589586407841374,0.7982577791516703,-0.06004629629629632,-0.05782407407407408,0.33676539258381283,0.33983279022460294,0.18827388599143427,0.5460590243688597,0.030848687926793794,0.0022222222222222365,0.0027232783686143465,0.37185070017852545,0.12404016326644703,0.11131853245070071,0.0,0.8012807442489734,0.5577338715408038,0.30146549280676743,0.30072112250034866,0.3826936143726235,fearful,06,23,23,male,normal,2736
40,1.3346666666666667,True,1.0,0.5551814538108147,0.4791743696491521,0.5171779117299834,0.6859922810928626,-0.060092592592592586,-0.05537037037037024,0.36825574458710636,0.2689511540797534,0.19315669812580716,0.7539121444720355,0.07600708416166263,0.00472222222222235,0.011697045425563313,0.4340449612317954,0.1258409793897703,0.10927866066414145,0.0,0.6478919086033379,0.5479940753176271,0.2978929218303061,0.30602012760471803,0.3806243683174845,fearful,06,23,23,male,normal,2736
50,1.6683333333333334,True,1.0,0.6017830753381276,0.5733544329747333,0.5875687541564305,0.7325632466050185,-0.062037037037037,-0.05893518518518526,0.3524762702077682,0.33808633395454296,0.1972226090643825,0.8020723901717038,0.028428642363394263,0.0031018518518517446,0.006070968885893868,0.4020606170226762,0.12605033303807106,0.10903710978957594,0.0,0.9082039275875214,0.5555052356255002,0.2950423011047979,0.30392728043174033,0.3752769213177047,fearful,06,23,23,male,normal,2736
60,2.0020000000000002,True,1.0,0.6318490127421762,0.6164874551971324,0.6241682339696544,0.7267172035945959,-0.06212962962962959,-0.05995370370370379,0.34073368376396806,0.35606889798929786,0.1958395666117919,0.8588873785872982,0.015361557545043758,0.0021759259259258035,0.0030260309080002608,0.40939441574797664,0.12521893782894175,0.10999088770981517,0.0,0.8307127996379505,0.5541215776388679,0.29645345508454785,0.3018042401881701,0.37679277161895547,fearful,06,23,23,male,normal,2736
70,2.3356666666666666,True,1.0,0.5476173206137305,0.5079365079365075,0.527776914275119,0.4470692985100281,-0.06518518518518523,-0.061944444444444524,0.36574158080828967,0.19632548961341598,0.1972237695863106,1.1805259632769898,0.03968081267722301,0.0032407407407407107,0.0037967778312969196,0.633219275529542,0.1275183202275096,0.10731661463614267,0.0,0.7191265230373695,0.5463190320815827,0.29425396924815134,0.3039591671743529,0.3812173461236116,fearful,06,23,23,male,normal,2736
80,2.6693333333333333,True,1.0,0.6184514826402278,0.606460527420294,0.6124560050302609,0.4370211052466645,-0.06342592592592594,-0.06055555555555553,0.3636668754330754,0.20482200150429375,0.19583683957687853,1.4014334723824768,0.011990955219933763,0.002870370370370412,0.004003162763218962,0.6183053118573294,0.13203724745701795,0.1017051771311422,0.0,0.585037608615607,0.5432581592402587,0.24788933589463855,0.3112813082134068,0.3527833061811034,fearful,06,23,23,male,normal,2736
90,3.003,True,1.0,0.6576960387744032,0.6151545764743934,0.6364253076243983,0.45505822864001827,-0.06347222222222226,-0.06083333333333335,0.36004036832745406,0.21361537623696944,0.19521550446455993,1.3985579593328343,0.04254146230000977,0.002638888888888913,0.0002066583200495767,0.6031271959953439,0.12283411846108926,0.1126479343432005,0.0,0.756507596283531,0.5590351749215312,0.2937254927866697,0.29913575757703614,0.379809623312165,fearful,06,23,23,male,normal,2736
0,0.0,True,1.0,0.6094324498349696,0.5845265553266459,0.5969795025808078,0.5036821388912343,-0.06740740740740736,-0.06495370370370368,0.3382248077970065,0.3183306704227083,0.18482792506197773,1.1852306375106947,0.0249058945083237,0.00245370370370368,0.012292821445950149,0.5201177885902053,0.12811326162012468,0.10660567511923974,0.0,0.6789316211036512,0.5938236849192803,0.28959230086752014,0.31632363045014006,0.4134790996326457,fearful,06,23,23,male,normal,2737
10,0.33366666666666667,True,1.0,0.5974411481070059,0.549618969330519,0.5735300587187624,0.4740871917652664,-0.06708333333333344,-0.0643981481481481,0.3400019716949629,0.28871851503454904,0.18759153039354048,1.2097564934906169,0.04782217877648687,0.002685185185185346,0.013342107935336755,0.5872422565273359,0.1258143979684203,0.10930926325863054,0.0,0.6617326238621819,0.595652471957533,0.2892301105308253,0.3137907796908887,0.4114400548768243,fearful,06,23,23,male,normal,2737
20,0.6673333333333333,True,1.0,0.6004323920231655,0.570288944895726,0.5853606684594457,0.5698042461138908,-0.06833333333333341,-0.06685185185185183,0.34260304858777285,0.3646527806614466,0.19174466964605208,1.0273013450700847,0.030143447127439438,0.0014814814814815835,0.010734213823200566,0.528385018496583,0.12520693008675246,0.11000455639882778,0.0,0.7352626336075714,0.5926765550673394,0.28782484844787243,0.3145545721101436,0.40409411878240004,fearful,06,23,23,male,normal,2737
30,1.0010000000000001,True,1.0,0.36502597845748996,0.3287706956904987,0.3468983370739943,0.861891223078918,-0.05180555555555555,-0.050509259259259365,0.3306319871638017,0.45327395763428546,0.1855092249813157,0.40248505586908734,0.03625528276699125,0.0012962962962961844,0.008927564576982154,0.3656477290892826,0.1251252553957408,0.11009744880092724,0.0,0.7585749786174043,0.5573809847845388,0.2968712644356068,0.312257402631073,0.38638323504240935,fearful,06,23,23,male,normal,2737
40,1.3346666666666667,True,1.0,0.495894793807828,0.48029107477105665,0.48809293428944234,0.7485844140222999,-0.05490740740740746,-0.05143518518518525,0.34596863924139726,0.3669011339892922,0.1911016173062288,0.6520212352095569,0.01560371903677138,0.00347222222222221,0.01270250480896645,0.41797320863786175,0.12360345369654722,0.11180323789745115,0.0,0.673081205786609,0.5563124847204507,0.2973464614437838,0.30449958827404,0.3718180253013479,fearful,06,23,23,male,normal,2737
50,1.6683333333333334,True,1.0,0.5718010527664676,0.5529108537183685,0.562355953242418,0.793369424460083,-0.057777777777777706,-0.056851851851851876,0.338167051231543,0.38914873137910816,0.19383857917192496,0.7088197955512615,0.018890199048099188,0.0009259259259258301,0.013134198718323043,0.3686119050236207,0.12462093234108888,0.11066797636489949,0.0,0.7055964102135464,0.5556071361669669,0.29429852526034783,0.30586682167485596,0.37832825454136154,fearful,06,23,23,male,normal,2737
60,2.0020000000000002,True,1.0,0.6403819003471825,0.5868494101345724,0.6136156552408774,0.6993402935593869,-0.05999999999999989,-0.05884259259259256,0.34105806260807997,0.371422530714215,0.19450093735393315,0.877420707618315,0.053532490212610084,0.0011574074074073293,0.013890675726569997,0.41842134446969265,0.12592914310875622,0.10917705201377845,0.0,0.6635406610051213,0.5584752334214936,0.29320435919169613,0.3154150753866719,0.38650764387037634,fearful,06,23,23,male,normal,2737
70,2.3356666666666666,True,1.0,0.45912441803154486,0.43713746420034766,0.44813094111594626,0.5408280532350064,-0.06328703703703709,-0.06384259259259262,0.33975489574803114,0.2996133537971932,0.19791820860144962,0.8286015091772978,0.021986953831197198,0.0005555555555555314,0.001292211448385751,0.5381745617942864,0.12369219833195422,0.11170504841728257,0.0,0.693854093775102,0.5602292468940702,0.2915048208318731,0.3052780191513348,0.3917236125987093,fearful,06,23,23,male,normal,2737
80,2.6693333333333333,True,1.0,0.1505907865008179,0.13567942514749975,0.14313510582415884,0.4669679286204718,-0.07708333333333323,-0.07523148148148151,0.3565462239495756,0.23348396431023646,0.19930593835407728,0.3065202063169779,0.014911361353318137,0.0018518518518517157,0.0052142717970735135,0.6314224515201667,0.12531227289769914,0.1098845395471323,0.0,0.8309090142100838,0.557973430286177,0.2904932400496749,0.30702004660066184,0.3777231293071603,fearful,06,23,23,male,normal,2737
90,3.003,True,1.0,0.555077513985093,0.5302480126138569,0.5426627632994749,0.4700704775051291,-0.06430555555555545,-0.062037037037036946,0.3577886363665112,0.24191493515162993,0.19793555454007006,1.1544285150167801,0.024829501371236073,0.002268518518518503,0.010148863445921903,0.6020063274182871,0.12654529806400644,0.10846227596918796,0.0,0.657704577881482,0.5560574467443227,0.29048783553857516,0.3124648377207956,0.38933582926563925,fearful,06,23,23,male,normal,2737
0,0.0,True,1.0,0.6595336970145294,0.6155791222056559,0.6375564096100926,0.5689864057285005,-0.06759259259259254,-0.06680555555555551,0.3538911787528884,0.30570930656102563,0.19251969308138642,1.120512552129956,0.04395457480887344,0.0007870370370370305,0.01248841518301084,0.4805422495698433,0.12411455782808634,0.11123558021298344,0.0,0.7906093757924162,0.6087802429252952,0.2920388738609571,0.3106998504009256,0.41137354512403285,fearful,06,23,23,male,strong,2738
10,0.33366666666666667,True,1.0,0.6713429111898376,0.6554304048137422,0.6633866580017899,1.2694503291993553,-0.08180555555555563,-0.08250000000000007,0.332707288447196,0.5666045735304245,0.21534722852059365,0.5225778770093266,0.015912506376095426,0.000694444444444442,0.008343590480068254,0.24219548648400016,0.12229923178675742,0.11322842255505935,0.0,0.752067464584593,0.5995855580513456,0.29538443156163274,0.3354666276945029,0.43634571549373613,fearful,06,23,23,male,strong,2738
20,0.6673333333333333,True,1.0,0.22615522092565107,0.25101814840021064,0.23858668466293087,1.129394615836076,-0.09212962962962973,-0.09129629629629638,0.33756269174949166,0.4840133492050333,0.21184157324108985,0.2112518346710094,0.024862927474559565,0.0008333333333333526,0.0008695483978865193,0.2715300959891746,0.12361721149134365,0.11178802616254135,0.0,0.7487975757163714,0.5935128702262156,0.2952262407432933,0.3257108143492358,0.41019732931095193,fearful,06,23,23,male,strong,2738
30,1.0010000000000001,True,1.0,0.6935510147360945,0.7246786488559694,0.709114831796032,1.0909020057238912,-0.07703703703703707,-0.0763888888888889,0.35502188140599966,0.46852842553526064,0.20907193742222244,0.6500261509057211,0.03112763411987496,0.0006481481481481755,0.0009836077643119608,0.26805609314959084,0.12441712592617693,0.11089705382163388,0.0,0.8047017637248608,0.5841851215408038,0.2942435173260199,0.3393440571114736,0.43493527847979385,fearful,06,23,23,male,strong,2738
40,1.3346666666666667,True,1.0,0.7149310553580317,0.7221129338736287,0.7185219946158302,0.8154254326970891,-0.07467592592592598,-0.07328703703703704,0.35114490144759725,0.3655355387952464,0.21736672705293877,0.8811621097458997,0.00718187851559704,0.0013888888888889395,0.00580062594136243,0.3913641194074539,0.12272291018599683,0.11276907858683123,0.0,0.9999999987499999,0.5856364864774035,0.29427981431771577,0.3359216193479118,0.4153230564610383,fearful,06,23,23,male,strong,2738
50,1.6683333333333334,True,1.0,0.7275599201681694,0.7221129338736287,0.7248364270208991,1.4678126960014477,-0.07930555555555563,-0.07671296296296298,0.34020067888379063,0.5651078879605574,0.21666701879228198,0.4938207913008706,0.005446986294540657,0.0025925925925926463,0.00011172061502296227,0.21398379027393613,0.12116113818562071,0.1144454296298938,0.0,0.9420268002679144,0.585570231991234,0.2944091923330708,0.3388493306944462,0.4277336339231549,fearful,06,23,23,male,strong,2738
60,2.0020000000000002,True,1.0,0.7132128163539855,0.686953903357567,0.7000833598557763,0.7972349610808892,-0.08148148148148154,-0.0761574074074074,0.36536675802249413,0.38503503424819085,0.21667230060784062,0.8781393115357171,0.02625891299641847,0.005324074074074148,0.006673723651975164,0.36577248916675464,0.12316662591056998,0.1122842822117694,0.0,0.8120923189712489,0.5824569464582707,0.291834335437398,0.3348240835792071,0.4211027286847706,fearful,06,23,23,male,strong,2738
70,2.3356666666666666,True,1.0,0.7460595801299362,0.7129317739664587,0.7294956770481975,0.9999672701732775,-0.0813888888888889,-0.07504629629629628,0.3276564850216508,0.41665302923886527,0.22778079229908374,0.7295195540967938,0.03312780616347755,0.006342592592592622,0.009801420364754997,0.2913528910387201,0.123830119074092,0.11155213749791158,0.0,0.9011375798433054,0.561350686501163,0.29243869862153155,0.3200438020551281,0.3917290159392267,fearful,06,23,23,male,strong,2738
80,2.6693333333333333,True,1.0,0.7044241369472128,0.6806470957205271,0.69253561633387,0.7898090589659652,-0.08523148148148146,-0.08106481481481487,0.3549106896901721,0.3525933298955198,0.21324597018050614,0.8768392923228208,0.02377704122668578,0.004166666666666596,0.0012362266153898378,0.37208053882948217,0.12341956810165912,0.1120061961668822,0.0,0.7954361778082076,0.5848541193117873,0.29122260363126,0.32597887078227794,0.42331554875807303,fearful,06,23,23,male,strong,2738
90,3.003,True,1.0,0.5360729764938796,0.4812361652316438,0.5086545708627617,0.7503279290457617,-0.0899537037037037,-0.08296296296296296,0.3441491315410316,0.3318758147702404,0.216701876395907,0.6779096861150418,0.05483681126223583,0.006990740740740742,0.006784267547295591,0.37909385510718746,0.12347134656563134,0.11194911499171124,0.0,0.7842117968383666,0.5786623792954683,0.29060722094941227,0.311851440450676,0.3971835897396006,fearful,06,23,23,male,strong,2738
100,3.336666666666667,True,1.0,0.7266606966324216,0.707677964109406,0.7171693303709138,0.7221948233167134,-0.08254629629629634,-0.07550925925925928,0.357571974122515,0.22914456659750257,0.22025114954932032,0.9930413611624634,0.018982732523015633,0.007037037037037064,0.006427712018757701,0.3574678652868457,0.12463984311852515,0.11064667766152916,0.0,0.8208637838381064,0.5745550505983643,0.2903740203161157,0.33146697560001853,0.41106692427371105,fearful,06,23,23,male,strong,2738
0,0.0,True,1.0,0.6025636462725964,0.5537107804116004,0.5781372133420983,0.45429924720304315,-0.07083333333333325,-0.06981481481481489,0.351290295925265,0.26199491928073637,0.18971367571775175,1.2725911761938435,0.04885286586099602,0.0010185185185183632,0.02280693521400291,0.5688545557679723,0.1261843408070807,0.10888199991475886,0.0,0.940009255238187,0.6033392721619898,0.28797363661737546,0.3162163770539319,0.4220082241436429,fearful,06,23,23,male,strong,2739
10,0.33366666666666667,True,1.0,0.6285846254476629,0.5764214265617355,0.6025030260046992,0.45634097222829445,-0.07199074074074069,-0.06962962962962965,0.3499010483558723,0.27057648844599014,0.18969959983660586,1.3202913230926896,0.052163198885927464,0.002361111111111036,0.018626762992978097,0.5754219844463669,0.12602592688099767,0.10906531769626547,0.0,0.8296464665524776,0.6036479593087235,0.2875524889562775,0.31810294898030633,0.4195387009646909,fearful,06,23,23,male,strong,2739
20,0.6673333333333333,True,1.0,0.6094348509672508,0.56996675879452,0.5897008048808854,0.8868708787282763,-0.07305555555555548,-0.07009259259259265,0.33372929940449003,0.4137094837516912,0.19529521528455354,0.6649229544288157,0.03946809217273084,0.002962962962962834,0.024204134583156997,0.32551833926390394,0.12471760390377608,0.11055902064853235,0.0,0.846985461542924,0.6009123327221514,0.28923358414642797,0.3186349867925217,0.41686109154538126,fearful,06,23,23,male,strong,2739
30,1.0010000000000001,True,1.0,0.4821965548690978,0.45667513281132255,0.4694358438402102,0.9500252849313149,-0.08157407407407402,-0.07759259259259271,0.37141949289178855,0.43452993826391223,0.22018878958176905,0.4941298418958918,0.025521422057775245,0.003981481481481308,0.013667958056808859,0.3336749966501833,0.12364866520795162,0.11175323423698903,0.0,0.667800226542309,0.5875139973489395,0.29460944983200266,0.35531294566115607,0.4393716496706725,fearful,06,23,23,male,strong,2739
40,1.3346666666666667,True,1.0,0.523843062275083,0.4512646608120916,0.4875538615435873,0.7461095287476331,-0.07324074074074083,-0.06828703703703698,0.35220524599427977,0.2885245431143802,0.22362782881159116,0.6534615130327592,0.07257840146299144,0.004953703703703849,0.014899811019930131,0.39440880397519207,0.12525163530837807,0.10995365215822983,0.0,0.7071067807446058,0.5516056322216387,0.2942554976617716,0.33355379782407196,0.40618628605443513,fearful,06,23,23,male,strong,2739
50,1.6683333333333334,True,1.0,0.575366009081441,0.5590234056067924,0.5671947073441167,0.942705886979298,-0.07162037037037033,-0.06481481481481477,0.35949902812280776,0.3164696160014144,0.22504102544817392,0.601666665264574,0.016342603474648554,0.006805555555555565,0.014347155022024044,0.3294536490294983,0.12317297926871584,0.11227731270454118,0.0,0.6584277813756295,0.5494877352269032,0.28995536704801167,0.3288069520496827,0.3945645553922038,fearful,06,23,23,male,strong,2739
60,2.0020000000000002,True,1.0,0.6194068713780921,0.5965068684550476,0.6079568699165698,0.7839833722398339,-0.0719907407407408,-0.06912037037037039,0.34692623075592455,0.30093289709431187,0.22367797441614176,0.7754716381032957,0.022900002923044505,0.002870370370370412,0.001219493339037456,0.36153419633921685,0.12359977085756713,0.11180730930598362,0.0,0.6627927827318858,0.5687492123411865,0.2892854657871024,0.3158508370577917,0.3792251185682831,fearful,06,23,23,male,strong,2739
70,2.3356666666666666,True,1.0,0.7073080744989951,0.6665929415651448,0.6869505080320699,0.8294129055060206,-0.0712962962962963,-0.0677314814814815,0.3415334887988752,0.2645541164114036,0.21597363525015598,0.8282370619890039,0.04071513293385032,0.0035648148148147984,0.0014078745272221582,0.3604892287184147,0.12409394075510388,0.11125858006408036,0.0,0.8091360606856838,0.5919324300188826,0.32207828887331175,0.30280437040466673,0.407002118317034,fearful,06,23,23,male,strong,2739
80,2.6693333333333333,True,1.0,0.5544565565597642,0.5271294287281033,0.5407929926439338,0.7098641734456153,-0.07726851851851835,-0.07467592592592598,0.3490618383131512,0.2921371359004743,0.20837764014534615,0.7618260124595025,0.027327127831660913,0.0025925925925923687,0.011576887918332978,0.4011729242048894,0.12475186467941272,0.11052036024748844,0.0,0.8019392250545754,0.582933619744773,0.28447161146113104,0.32190711975789094,0.3964885245932433,fearful,06,23,23,male,strong,2739
90,3.003,True,1.0,0.6815510210249702,0.6206656647126735,0.6511083428688218,0.6269529163164795,-0.0756944444444444,-0.07087962962962968,0.3581892968053771,0.21807057958834103,0.21112881859473506,1.0385282944280123,0.060885356312296746,0.004814814814814716,0.004943204995519413,0.4301918815349301,0.12627862331024667,0.10877263932310482,0.0,0.758841019261692,0.580889108651273,0.28754986037418756,0.32831542818783843,0.396493794533222,fearful,06,23,23,male,strong,2739
100,3.336666666666667,True,1.0,0.6220252467910515,0.606460527420294,0.6142428871056728,0.6034322375524008,-0.07666666666666666,-0.07240740740740748,0.36413679670875765,0.20783264553237818,0.20903106270057495,1.0179152668361262,0.01556471937075754,0.004259259259259185,0.003473404632864417,0.4301633781034142,0.12550444166175442,0.10966500304817614,0.0,0.7408202526729736,0.5820723425932873,0.28729072293758656,0.3313337787346088,0.39843014531287213,fearful,06,23,23,male,strong,2739
0,0.0,True,1.0,0.5544565565597662,0.5341339069801568,0.5442952317699615,0.3402768463545158,-0.07004629629629627,-0.06953703703703701,0.35526240568096,0.19714575049390104,0.19525184725676933,1.599565875848309,0.020322649579609386,0.0005092592592592649,0.01903284591093202,0.7403669646094239,0.12603497930225768,0.10905485666696486,0.0,0.7327745229806544,0.5933465296196604,0.28986859393516723,0.31648994573460143,0.4063880714557916,fearful,06,23,23,male,strong,2740
10,0.33366666666666667,True,1.0,0.6081050413943058,0.6099151227433743,0.60901008206884,0.523169180620037,-0.07125000000000009,-0.06949074074074069,0.3427585413952863,0.2538230866600178,0.19595951857719734,1.1640786663829625,0.0018100813490685708,0.0017592592592594047,0.016072946765602933,0.49053404462969674,0.12636670223119473,0.10867030108412866,0.0,0.7361926196346557,0.5958944780255854,0.2926875663978206,0.31587312536335044,0.40248668000570215,fearful,06,23,23,male,strong,2740
20,0.6673333333333333,True,1.0,0.5819803992797927,0.5714742183617102,0.5767273088207514,0.4431552470801898,-0.07129629629629636,-0.06930555555555562,0.3481363908857541,0.2212500595104926,0.200804277671704,1.301411441296534,0.01050618091808253,0.0019907407407407374,0.008941246218059737,0.6235563074337364,0.12528022710126352,0.10992107381035264,0.0,0.9999999987499999,0.5699359926236119,0.2921752009682542,0.30796468878561223,0.3946262008767714,fearful,06,23,23,male,strong,2740
30,1.0010000000000001,True,1.0,0.44246850351529887,0.42224719837325136,0.43235785094427515,0.7740090585706542,-0.06800925925925927,-0.06333333333333335,0.34214280509421185,0.36548444939580305,0.20699752593369267,0.5585953370399839,0.020221305142047508,0.004675925925925917,0.007369129969061247,0.38717112974105206,0.12520066822346787,0.11001168322868601,0.0,0.7984127136202336,0.5557428904686875,0.2931021747654332,0.3189640495648353,0.384318023255204,fearful,06,23,23,male,strong,2740
40,1.3346666666666667,True,1.0,0.4433925867135285,0.42030203164957364,0.43184730918155106,0.6521653377789003,-0.06379629629629624,-0.05828703703703708,0.36755101230954196,0.23290084661285612,0.21392455581158973,0.6621745808391272,0.023090555063954854,0.005509259259259158,0.00833655193398362,0.46096379104608415,0.1264250827284563,0.10860237671288717,0.0,0.6571549270764567,0.5435214404355493,0.29255510567205006,0.31892691461997613,0.3844002761866931,fearful,06,23,23,male,strong,2740
50,1.6683333333333334,True,1.0,0.503860064753785,0.4213006007583839,0.46258033275608446,0.7169030070056504,-0.0672685185185185,-0.06277777777777777,0.3733044794599427,0.2736693586152103,0.21528344806600502,0.645248141290665,0.0825594639954011,0.00449074074074074,0.006208970002700322,0.4208039509295271,0.12664359454441845,0.10834748604123629,0.0,0.8007521686433433,0.5388731699085885,0.2913480655738076,0.32265604846635915,0.3908975113683078,fearful,06,23,23,male,strong,2740
60,2.0020000000000002,True,1.0,0.5410799486320048,0.45816197292148514,0.499620960776745,0.5390431579672949,-0.06351851851851847,-0.05861111111111106,0.36321530629068444,0.262550002076242,0.21532065562714572,0.9268663434311846,0.08291797571051968,0.004907407407407416,0.0060164409967149585,0.5816391848139156,0.12576762840824915,0.10936307153269507,0.0,0.7392855782777897,0.5394414584193052,0.2911532652480674,0.31639967897967086,0.37296397592955327,fearful,06,23,23,male,strong,2740
70,2.3356666666666666,True,1.0,0.6250669277359125,0.5415676103981965,0.5833172690670545,0.6683201006244497,-0.06620370370370371,-0.06037037037037035,0.36142845939944407,0.2873594593780562,0.21599482955988772,0.8728112000851506,0.0834993173377161,0.005833333333333357,0.004652948652216701,0.4499715261402638,0.12654555788035945,0.10846197283537085,0.0,0.6555578423146559,0.5452554640918867,0.28964339309266474,0.32091051064887194,0.38654653623529267,fearful,06,23,23,male,strong,2740
80,2.6693333333333333,True,1.0,0.3839080293430801,0.32100523392167957,0.35245663163237984,0.6143705958280121,-0.06953703703703706,-0.06759259259259259,0.3711788324350369,0.24180940671725956,0.21528663753750232,0.5736873379452019,0.06290279542140054,0.0019444444444444708,0.018265775725731345,0.5026235790974546,0.12594588602452506,0.10915773707705768,0.0,0.8813160714096046,0.5516691204528686,0.29035219766562737,0.3155730596824119,0.38299416143477966,fearful,06,23,23,male,strong,2740
90,3.003,True,1.0,0.5770788421507246,0.5592591348613827,0.5681689885060537,0.5908744443651753,-0.0692592592592593,-0.0643981481481481,0.38329552547176576,0.17981790901673297,0.21319444444444435,0.961573129324427,0.017819707289341902,0.004861111111111205,0.003263811507021701,0.4910222899177872,0.12300828272278158,0.11245772606482184,0.0,0.7129220432727703,0.5526696060689902,0.2905979920767829,0.306137880327809,0.3755615815917216,fearful,06,23,23,male,strong,2740
100,3.336666666666667,True,1.0,0.2698900748569957,0.19345701266180523,0.23167354375940047,0.5657191540277877,-0.07791666666666669,-0.0764351851851851,0.37653825342076336,0.15782110837890287,0.20976623567341052,0.40952041681802565,0.07643306219519044,0.0014814814814815835,0.015407066181184627,0.4990934805608536,0.12543869686290052,0.10974019819450169,0.0,0.6821620873570432,0.5591464459768282,0.2909002759368092,0.3118712060432954,0.37954590892729256,fearful,06,23,23,male,strong,2740
0,0.0,True,1.0,0.5961902489439962,0.5766385086137547,0.5864143787788754,0.48988312152357877,-0.07111111111111112,-0.06861111111111107,0.3318736379944171,0.2668602929882763,0.2029282196165526,1.1970495675684356,0.01955174033024154,0.0025000000000000577,0.023419310576542337,0.5580311409427584,0.12550120657087283,0.10966870528823949,0.0,0.8340059720205034,0.5756149372639682,0.29357199918147603,0.3162166078270678,0.40237868245005665,fearful,06,23,23,male,strong,2741
10,0.33366666666666667,True,1.0,0.6134971046651122,0.5889588621716216,0.6012279834183669,0.48024352948437576,-0.0704629629629629,-0.06861111111111107,0.33030108237531514,0.2472819736133903,0.20221957827971743,1.2519231317158792,0.02453824249349057,0.0018518518518518268,0.024912658436188232,0.5867897094989432,0.12670005346974955,0.10828145834453382,0.0,0.9470678660158564,0.5721229308676596,0.29248296108119864,0.31874148395594765,0.40029846654009144,fearful,06,23,23,male,strong,2741
20,0.6673333333333333,True,1.0,0.5945451746781919,0.5750494274387494,0.5847973010584706,0.48554301974407704,-0.06907407407407401,-0.06828703703703703,0.33386079166539956,0.24998300059189674,0.20359367301714437,1.204419129260079,0.019495747239442474,0.000787037037036975,0.02325190532778026,0.569468016438519,0.12633900935032258,0.10870249531118752,0.0,0.7491466475429455,0.5710835826439952,0.29230925683673425,0.31863599556421335,0.40481053716107906,fearful,06,23,23,male,strong,2741
30,1.0010000000000001,True,1.0,0.39698407459852986,0.37213973409663265,0.38456190434758125,0.7302561717610393,-0.07138888888888889,-0.06884259259259262,0.34640671144416935,0.3147063481409262,0.213980184339867,0.5266123303281316,0.02484434050189721,0.0025462962962962687,0.02966439997088577,0.4315112339024933,0.12347020859004462,0.11195037007947828,0.0,0.7582645722950958,0.559022802691389,0.29320881768789187,0.32245214446359527,0.39810167084766396,fearful,06,23,23,male,strong,2741
40,1.3346666666666667,True,1.0,0.3811693208790039,0.3540106338716499,0.3675899773753269,0.6256398358175457,-0.0616666666666667,-0.05898148148148147,0.3783397549096855,0.21469546016555577,0.21608664754715282,0.5875424746491471,0.02715868700735402,0.002685185185185235,0.022695283103603785,0.49833760705096797,0.12461353473719679,0.11067630609422927,0.0,0.6742435801743825,0.5448511318589936,0.29349414755397185,0.32652186190409443,0.39142666008835425,fearful,06,23,23,male,strong,2741
50,1.6683333333333334,True,1.0,0.39621018906726707,0.3426503527791067,0.3694302709231869,0.7709317278687547,-0.0597685185185185,-0.05939814814814809,0.3837181220614695,0.27793462062718177,0.2145847555070186,0.4791997236181718,0.053559836288160356,0.00037037037037040976,0.01377991586248284,0.40690460109637505,0.12766921407984638,0.10713705963409548,0.0,0.5808327548527008,0.5451062252322803,0.2938922817727163,0.3318628286905392,0.39971304190063794,fearful,06,23,23,male,strong,2741
60,2.0020000000000002,True,1.0,0.448185471132302,0.39859574226542926,0.42339060669886563,0.5883347564087728,-0.06101851851851847,-0.05805555555555558,0.3610833557684808,0.20723735517202022,0.21668920155246413,0.7196423500173011,0.04958972886687274,0.0029629629629628895,0.020337193764515364,0.5285205274689995,0.12552726743380924,0.10963887495333269,0.0,0.9999999987499999,0.5422021105395283,0.287110869117606,0.31766484909894604,0.37439607922748547,fearful,06,23,23,male,strong,2741
70,2.3356666666666666,True,1.0,0.52529319293722,0.49383443086109147,0.5095638118991557,0.6597435454110884,-0.06134259259259256,-0.06060185185185185,0.35630454876099643,0.2539972615198175,0.211897748605778,0.7723664982302249,0.03145876207612852,0.0007407407407407085,0.014871444907356632,0.46405692467725634,0.12626811726974868,0.10878483502594676,0.0,0.7535329738823294,0.563850391211172,0.2898621481880178,0.3265972421962551,0.37892024088472637,fearful,06,23,23,male,strong,2741
80,2.6693333333333333,True,1.0,0.5716576383448913,0.5337741058767163,0.5527158721108038,0.6313489283540518,-0.06263888888888886,-0.0625,0.3715464971555076,0.24963484426435945,0.21135527116357994,0.8754523010781897,0.037883532468174996,0.0001388888888888551,0.022320904706368074,0.4755775883024792,0.12685340139434303,0.1081017683728417,0.0,0.649521413104265,0.5504787734625101,0.2925086073633178,0.3201235382826143,0.37911064566342645,fearful,06,23,23,male,strong,2741
90,3.003,True,1.0,0.18786372143259125,0.1524827555754543,0.17017323850402277,0.5871255163949038,-0.08023148148148146,-0.07967592592592593,0.3848976065737286,0.19770278499398308,0.2134179902763962,0.2898413265172473,0.03538096585713696,0.0005555555555555314,0.010250948643438066,0.5173631742786159,0.12391811100775577,0.11145438319998936,0.0,0.7211555889305862,0.5769762842402586,0.2918272800891319,0.3171311439721263,0.3746974340326374,fearful,06,23,23,male,strong,2741
100,3.336666666666667,True,1.0,0.5395264951211332,0.5082075098758865,0.5238670024985098,0.6427887988760791,-0.07250000000000006,-0.07259259259259254,0.37184637725577485,0.2410292499815195,0.21320339077801012,0.8149908701186067,0.03131898524524668,9.259259259247754e-05,0.00021092482534135627,0.44964620227913166,0.125097050303115,0.11012949548518294,0.0,0.6375690045946723,0.5604610586656538,0.29419498397783955,0.3226707478314302,0.3929360958915029,fearful,06,23,23,male,strong,2741
0,0.0,True,1.0,0.5873735300278117,0.5776702584505685,0.5825218942391901,0.5345129325240822,-0.06703703703703712,-0.06449074074074074,0.34285851818133717,0.2739735106366848,0.20213769135755233,1.089818148063134,0.009703271577243155,0.0025462962962963798,0.02239383197651453,0.541964792027244,0.1321239604762771,0.10159250385421698,0.0,0.6164577470803418,0.5619660807447979,0.260026456110823,0.30453307387262507,0.3449579871781787,disgust,07,23,23,male,normal,2742
10,0.33366666666666667,True,1.0,0.6334377095028497,0.5964024165865034,0.6149200630446765,0.5114659748073733,-0.06648148148148147,-0.06347222222222226,0.34906780411978305,0.29802790839339444,0.2028232982062451,1.2022697370558535,0.03703529291634633,0.0030092592592592116,0.014188434632270016,0.5525810205516666,0.1249822042882305,0.11025981308525641,0.0,0.7058949373916286,0.5835990955913615,0.2913530331480115,0.31168334798335257,0.40785567960477037,disgust,07,23,23,male,normal,2742
20,0.6673333333333333,True,1.0,0.5709858135988668,0.5634772232575701,0.5672315184282184,0.5103877574064272,-0.06958333333333339,-0.06472222222222235,0.3474791969843533,0.29031869433811297,0.20630326016873804,1.1113736765761133,0.007508590341296695,0.004861111111111038,0.01906795067426296,0.5880598172434608,0.1267473253783347,0.10822612106109754,0.0,0.7045148319791142,0.5823333086203232,0.28998591030291815,0.3140341288746314,0.4099117408686777,disgust,07,23,23,male,normal,2742
30,1.0010000000000001,True,1.0,0.2983970033416362,0.3093928428477294,0.3038949230946828,0.8012042592103074,-0.0716666666666666,-0.0690277777777778,0.36522334876037293,0.35997287806530515,0.21043987083276566,0.37929768795064994,0.010995839506093175,0.002638888888888802,0.027939898892987095,0.41468741907973083,0.124435380939287,0.11087656984543674,0.0,0.8338955126307149,0.5724471137908288,0.2923827470305045,0.3251957135833952,0.41456612041491836,disgust,07,23,23,male,normal,2742
40,1.3346666666666667,True,1.0,0.11007633095825661,0.13672466288656612,0.12340049692241137,0.5678966808742881,-0.07013888888888886,-0.06634259259259268,0.34920406148279626,0.2412606877470346,0.2138892455875566,0.21729392172610318,0.02664833192830951,0.0037962962962961866,0.047439555718144046,0.5710939166450523,0.12241576498217853,0.11310242373184445,0.0,0.6396732323003759,0.5809642860269107,0.29478002850261803,0.2873176949608127,0.35592046793079263,disgust,07,23,23,male,normal,2742
50,1.6683333333333334,True,1.0,0.4645631155643458,0.5029591967756372,0.4837611561699915,0.8789986222926972,-0.06898148148148142,-0.0641666666666667,0.3569710269292972,0.3501043334462344,0.21458368887763832,0.5503548514196694,0.038396081211291344,0.004814814814814716,0.039312175527621916,0.365604389712622,0.12699569984040915,0.10793456347656366,0.0,0.8966727831769572,0.5749074981476966,0.2911616288359642,0.3075734155476618,0.38254240965351305,disgust,07,23,23,male,normal,2742
60,2.0020000000000002,True,1.0,0.190258498971064,0.17785553782878175,0.1840570183999229,0.6547445821203426,-0.07148148148148148,-0.0704629629629629,0.3606724589451066,0.22482158925925333,0.22013888888888888,0.2811127016948619,0.01240296114228226,0.0010185185185185852,0.03090871059471635,0.49864480032652375,0.12614666584084838,0.10892564651118102,0.0,0.6513237031293863,0.5566914900804073,0.2920979863709292,0.30498543448026577,0.37725980101280576,disgust,07,23,23,male,normal,2742
70,2.3356666666666666,True,1.0,0.16729554552375575,0.21735214588449475,0.19232384570412525,0.7198681715207012,-0.07398148148148148,-0.06981481481481483,0.32204848279582493,0.23733535340907239,0.21597787427848927,0.26716536903950977,0.050056600360739,0.004166666666666652,0.04642035203985926,0.4436633875034415,0.12158399144363728,0.11399609990983195,0.0,0.7681526599265657,0.5769838520408164,0.29289529631776046,0.29760320956776365,0.368835747923442,disgust,07,23,23,male,normal,2742
80,2.6693333333333333,True,1.0,0.581669987375642,0.5966621996858158,0.5891660935307289,0.6501769370109287,-0.062962962962963,-0.05949074074074068,0.3461369859466633,0.3101206035345885,0.2161431315371077,0.9061627073997947,0.01499221231017378,0.003472222222222321,0.042220482110850326,0.48133967273241707,0.12505040836511075,0.11018245385813587,0.0,0.6859633875991917,0.5658296513683598,0.2924450537327283,0.3071918886367056,0.38980922381483857,disgust,07,23,23,male,normal,2742
90,3.003,True,1.0,0.5638432079355725,0.5766385086137559,0.5702408582746642,0.6656176593659173,-0.06583333333333341,-0.060277777777777874,0.35165275398579315,0.24207545066967706,0.21490308524078225,0.8567093289229867,0.012795300678183352,0.005555555555555536,0.047840854066637226,0.46742956743542935,0.12621909714282056,0.10884170747927267,0.0,0.6340532234162745,0.5575978221679296,0.29105254739045316,0.31194871221129866,0.38862180854124173,disgust,07,23,23,male,normal,2742
100,3.336666666666667,True,1.0,0.32392711889584497,0.33708499788851604,0.3305060583921805,0.6663023569576478,-0.07212962962962965,-0.06847222222222221,0.3442963493878722,0.23349696891059582,0.21206798423256434,0.496030150487954,0.013157878992671068,0.0036574074074074425,0.051889204133705506,0.4715212093458269,0.12430033030964904,0.11102794988255403,0.0,0.7437275537221796,0.5613595342746474,0.2943506547407673,0.31181384713736754,0.3949046769447681,disgust,07,23,23,male,normal,2742
0,0.0,True,1.0,0.6094030673505414,0.6046406278265439,0.6070218475885427,0.47615435531639705,-0.0671296296296296,-0.06240740740740747,0.353182199910138,0.20960962497326555,0.20009763241977646,1.2748425816354998,0.004762439523997464,0.004722222222222128,0.029378680567179523,0.5411425194485925,0.12704617366378868,0.10787514787000699,0.0,0.8240100307410569,0.5876756815851341,0.29106662007884554,0.3126762351661323,0.411112525901322,disgust,07,23,23,male,normal,2743
10,0.33366666666666667,True,1.0,0.623428231194859,0.6286059923481987,0.6260171117715289,0.4841534366770879,-0.06680555555555562,-0.06273148148148139,0.3499253476652846,0.22706137983151453,0.20007475409596903,1.2930138760722227,0.005177761153339677,0.00407407407407423,0.030360764630811415,0.5888634361735509,0.12576383148961356,0.10936743783860713,0.0,0.7968769575192163,0.5839329822554022,0.2914177430726541,0.3126122115097178,0.4103825921189303,disgust,07,23,23,male,normal,2743
20,0.6673333333333333,True,1.0,0.6174215037136642,0.6185986041150325,0.6180100539143484,0.5007567256192154,-0.06703703703703712,-0.06300925925925921,0.34766345302307244,0.2284458033517806,0.20212901015410112,1.2341522785343368,0.001177100401368314,0.004027777777777908,0.026623316006835252,0.579161639672068,0.12630471170403915,0.10874234488886221,0.0,0.6243890175781143,0.5897271149944353,0.2919338285113635,0.3130066705398222,0.41453855556907776,disgust,07,23,23,male,normal,2743
30,1.0010000000000001,True,1.0,0.20860888474109157,0.20687878352421463,0.2077438341326531,0.8878050191855634,-0.07166666666666671,-0.06805555555555559,0.3624604991403261,0.40900641236190866,0.20771089380572896,0.23399713860958898,0.0017301012168769447,0.0036111111111111205,0.02955851934656687,0.3792876468363293,0.12421417587389136,0.11112432803981975,0.0,0.6210683853591189,0.5766343511779712,0.29417493417163715,0.3381094510523784,0.42443913137780936,disgust,07,23,23,male,normal,2743
40,1.3346666666666667,True,1.0,0.28264926253253336,0.32147785241549093,0.30206355747401215,0.6964529111995208,-0.06328703703703703,-0.06069444444444444,0.3519666385816582,0.2769956182302609,0.21182860757980146,0.4337171294951721,0.038828589882957565,0.002592592592592591,0.04816202467176818,0.4629728566936552,0.12260185049243107,0.11290068213236928,0.0,0.7071067807446058,0.5739630874615472,0.2928837216194391,0.32277383249100394,0.40252450639543935,disgust,07,23,23,male,normal,2743
50,1.6683333333333334,True,1.0,0.13724356867075266,0.13906031564189444,0.13815194215632354,0.8404177570866477,-0.08115740740740734,-0.07638888888888884,0.36244354307046933,0.33741575055396944,0.2090277777777777,0.16438484431270764,0.001816746971141786,0.004768518518518505,0.03483149464619062,0.3472999008655024,0.12402206917228115,0.11133869106713082,0.0,0.7682353792172584,0.6176251251750701,0.3204351673248243,0.31516480629234156,0.4294855663879588,disgust,07,23,23,male,normal,2743
60,2.0020000000000002,True,1.0,0.11080132513107956,0.12664802036228526,0.11872467274668241,0.5912616338978525,-0.0781944444444444,-0.07347222222222233,0.34927908410026726,0.230714535272998,0.21323774121093325,0.20079887809394634,0.0158466952312057,0.004722222222222072,0.04112668139550316,0.5128201449600659,0.12500121461561245,0.11023826066799083,0.0,0.8103673453654316,0.574476037164866,0.29191835399800564,0.31194594326958947,0.3885508787517436,disgust,07,23,23,male,normal,2743
70,2.3356666666666666,True,1.0,0.2930877919207503,0.3216690497120476,0.307378420816399,0.6427461017190845,-0.07078703703703709,-0.06648148148148147,0.33297887153343475,0.21657325579543518,0.21737830947474363,0.4782268145917753,0.028581257791297332,0.004305555555555618,0.04798471064333954,0.4668439012696066,0.12315972058735448,0.11229185631655642,0.0,0.7684906398006128,0.5791336035742422,0.2953895023760669,0.3075826022200527,0.37686316275699183,disgust,07,23,23,male,normal,2743
80,2.6693333333333333,True,1.0,0.6040806428556161,0.5869626089859064,0.5955216259207612,0.6094831323657728,-0.06152777777777779,-0.056712962962962965,0.33081645334638426,0.27436590771493763,0.21553597884623318,0.977092874759604,0.01711803386970978,0.004814814814814827,0.04331886823555198,0.5075426604986361,0.1262620247214435,0.10879190633379907,0.0,0.7443577658129806,0.561918725576168,0.2892841425266782,0.3170007733082035,0.39339121452159376,disgust,07,23,23,male,normal,2743
90,3.003,True,1.0,0.6424796178319088,0.638642546528125,0.640561082180017,0.7471140244870728,-0.06236111111111109,-0.05921296296296308,0.3425783419326626,0.31579122458046244,0.21326457363692128,0.8573806155222301,0.0038370713037837456,0.003148148148148011,0.02833390195185254,0.41124359480352746,0.12448616667912715,0.11081954735479028,0.0,0.7816442198109971,0.5687393172581532,0.2930233118236638,0.30493300824320174,0.38842766293569586,disgust,07,23,23,male,normal,2743
100,3.336666666666667,True,1.0,0.6158372973548013,0.6209083226598566,0.6183728100073289,0.6516416193585423,-0.06851851851851853,-0.06509259259259259,0.34382145341986886,0.2619949192807361,0.21392455581158973,0.9489461563490033,0.005071025305055321,0.0034259259259259434,0.01811066166438804,0.46058833939914884,0.12433339461515001,0.11099092194356582,0.0,0.7312733581015616,0.5791963462416216,0.2915185939737406,0.30942615219642255,0.3957539641224361,disgust,07,23,23,male,normal,2743
0,0.0,True,1.0,0.6000544909827815,0.6001506285879729,0.6001025597853772,0.4561549551481222,-0.06884259259259257,-0.06412037037037044,0.3608588165149227,0.22087743813992425,0.19725355397916716,1.3155673373985655,9.613760519133763e-05,0.004722222222222128,0.014938663402108058,0.602690087415508,0.12473304270817133,0.11054160224536348,0.0,0.949250020648776,0.5874972415372399,0.2930688352486049,0.3073058468259437,0.4146770269019378,disgust,07,23,23,male,normal,2744
10,0.33366666666666667,True,1.0,0.6000544909827809,0.5905863804267015,0.5953204357047412,0.4746259513898355,-0.06745370370370368,-0.06430555555555562,0.35903635604085854,0.3694742542769103,0.2014347231801579,1.2542939001996816,0.009468110556079323,0.0031481481481480666,0.01867768695082953,0.6388033408309527,0.12537211261099784,0.10981626086256059,0.0,0.687736714488603,0.5869627139371373,0.2922526387228324,0.3188110856160346,0.4196368205535412,disgust,07,23,23,male,normal,2744
20,0.6673333333333333,True,1.0,0.16571044763696016,0.16289697225917074,0.16430370994806545,0.7104486537228446,-0.07666666666666672,-0.07444444444444442,0.3535364085091482,0.36859463346125,0.2083952137917121,0.23126753648851658,0.0028134753777894206,0.002222222222222292,0.030307061335454414,0.47721607304129926,0.12350877279970225,0.11190782283509516,0.0,0.8548829615735396,0.5835827623940201,0.29225391346426044,0.319016916337254,0.40624926381460913,disgust,07,23,23,male,normal,2744
30,1.0010000000000001,True,1.0,0.26407789525440284,0.26739496346285885,0.26573642935863084,0.7144641442798599,-0.06092592592592583,-0.06050925925925926,0.3542655214261494,0.2657690950555438,0.21047793462647515,0.3719380902263169,0.003317068208456009,0.00041666666666656527,0.049165309319848687,0.451252800116818,0.12283236283758088,0.11264984868943556,0.0,0.8962036580647829,0.5731830147449605,0.29125459802513715,0.31693918811571054,0.40143021509558435,disgust,07,23,23,male,normal,2744
40,1.3346666666666667,True,1.0,0.09198141155297541,0.09168494964212319,0.0918331805975493,0.6502332519101106,-0.06953703703703706,-0.06550925925925927,0.3664258801411932,0.2165066864712766,0.21533766265670737,0.1412311356390683,0.00029646191085222484,0.004027777777777797,0.04082404952277783,0.5217427099698516,0.12341186891087869,0.11201467931571629,0.0,0.7434181662159215,0.5625812611997925,0.29095583123738195,0.3152202793925731,0.39300223729871775,disgust,07,23,23,male,normal,2744
50,1.6683333333333334,True,1.0,0.11584944569210343,0.1309253223270936,0.12338738400959852,0.8049580961376088,-0.07958333333333323,-0.07763888888888881,0.35790846377833474,0.3069755451372236,0.21460608698134456,0.15328423256023163,0.015075876634990187,0.0019444444444444153,0.010875339857090879,0.37336405823256485,0.1214057600634541,0.11418589752349592,0.0,0.7071067807446058,0.577823684567577,0.2939190996041772,0.32049135335402845,0.4003507251072263,disgust,07,23,23,male,normal,2744
60,2.0020000000000002,True,1.0,0.18150133761092857,0.18713450292397835,0.18431792026745347,0.633346558055956,-0.07199074074074074,-0.0687962962962963,0.3517782145180822,0.24630143924398312,0.21810593289704885,0.2910222182831679,0.005633165313049776,0.003194444444444444,0.01536726725251265,0.514423520692799,0.12415833822894476,0.1111867115199372,0.0,0.6731997299923953,0.5668033895667642,0.2966577141270015,0.30720304189724207,0.3843418452556301,disgust,07,23,23,male,normal,2744
70,2.3356666666666666,True,1.0,0.11772261298401798,0.10370370370370334,0.11071315834386067,0.622209746132738,-0.07101851851851865,-0.06995370370370368,0.33795933547125623,0.24441762368021488,0.21680747127507957,0.1779354293821072,0.014018909280314643,0.0010648148148149628,0.02097268308039003,0.5361950390903406,0.12720875676040458,0.10768337835656507,0.0,0.7842804582802766,0.5637837662955808,0.2915340793767934,0.31074127013233344,0.3850066675016767,disgust,07,23,23,male,normal,2744
80,2.6693333333333333,True,1.0,0.18319452581457998,0.18085922087727885,0.18202687334592943,0.6149621781801033,-0.07606481481481481,-0.0712962962962963,0.3438182135769019,0.2645541164114037,0.21737374677619029,0.2959968593265575,0.002335304937301136,0.004768518518518505,0.032394239831484796,0.538304139960183,0.12301161198245524,0.11245408435315499,0.0,0.691601835882274,0.5590923273997098,0.2945115340222347,0.295646694514033,0.375257428034088,disgust,07,23,23,male,normal,2744
90,3.003,True,1.0,0.4809971594967618,0.49641470759804934,0.48870593354740555,0.6335710554956301,-0.06490740740740736,-0.06217592592592591,0.3521956052627203,0.2338662311669693,0.21460608698134462,0.7713514203471631,0.015417548101287537,0.002731481481481446,0.0328226864512801,0.5004638800505876,0.12302998569602193,0.11243398236185688,0.0,0.6920145364888307,0.5779488448426245,0.29219999606701685,0.30603356804201565,0.39141159073005904,disgust,07,23,23,male,normal,2744
100,3.336666666666667,True,1.0,0.5906482912971097,0.5964375794900842,0.593542935393597,0.6886956184449682,-0.06629629629629635,-0.060972222222222205,0.3462458153294902,0.2599492297669947,0.21256066746582167,0.8618363751664052,0.005789288192974529,0.005324074074074148,0.03424972397978378,0.4290217293052553,0.12630895973699374,0.10873741058477354,0.0,0.8445488609767532,0.5797799907541141,0.29174250543902575,0.3151903922020591,0.3990089272888601,disgust,07,23,23,male,normal,2744
0,0.0,True,1.0,0.6163889598472998,0.6164874551971331,0.6164382075222165,0.5279959558028918,-0.06375000000000003,-0.06356481481481491,0.33173737504449363,0.30167301757492976,0.2020893738358381,1.1675055476226817,9.849534983330521e-05,0.00018518518518512161,0.011241938028269234,0.5530389892713578,0.12718136774899558,0.10771572525886898,0.0,0.9182588145488411,0.586207903028399,0.2927364880064232,0.3133699189040195,0.40708540462457526,disgust,07,23,23,male,normal,2745
10,0.33366666666666667,True,1.0,0.604821865765476,0.5878136200716839,0.59631774291858,0.5264071264639066,-0.06370370370370376,-0.06087962962962956,0.34317840080654827,0.2703827826950282,0.2034755968342765,1.1328071238782267,0.017008245693792112,0.002824074074074201,0.01216181157158282,0.5494214196923366,0.12434596780195278,0.11097683569793433,0.0,0.7380805146546722,0.5889641599764905,0.2924798158863102,0.31165800049594117,0.40862066465192576,disgust,07,23,23,male,normal,2745
20,0.6673333333333333,True,1.0,0.5376042701510826,0.5334635098930358,0.5355338900220592,0.532062452783217,-0.06347222222222221,-0.06101851851851853,0.34664760538474193,0.2660312263916085,0.204172645533205,1.006524492041645,0.004140760258046772,0.00245370370370368,0.016663901115047564,0.565091223396433,0.12397111063438918,0.1113954285344164,0.0,0.929233618613475,0.5868256139565201,0.29033921687294073,0.3078430381282012,0.4062375104807409,disgust,07,23,23,male,normal,2745
30,1.0010000000000001,True,1.0,0.16544683765246862,0.19444959791670235,0.17994821778458547,0.7973616715412207,-0.0733333333333332,-0.07162037037037045,0.3414742598341539,0.3406730797786639,0.21042573109859153,0.2256795431824099,0.029002760264233735,0.0017129629629627496,0.028102270239608516,0.40255491180176917,0.12461972318150821,0.11066933795983773,0.0,0.8533517157333489,0.5774402475599616,0.29170355530347647,0.3167283281990418,0.40072387610591814,disgust,07,23,23,male,normal,2745
40,1.3346666666666667,True,1.0,0.1645557674936657,0.18393845483842602,0.17424711116604585,0.6570547574555139,-0.06657407407407406,-0.0643981481481482,0.3522027291885606,0.2640726516738124,0.21389459599619023,0.26519420061857374,0.019382687344760313,0.002175925925925859,0.03190887827579874,0.4964658245785106,0.12380560489353672,0.11157934381894409,0.0,0.7599047394357795,0.5705025428296319,0.29337093168069106,0.3175195693195892,0.3917431507484935,disgust,07,23,23,male,normal,2745
50,1.6683333333333334,True,1.0,0.52012371897594,0.5326600507061562,0.526391884841048,0.6958906644553513,-0.05587962962962967,-0.052592592592592524,0.3418188267305513,0.2971828993813878,0.216701876395907,0.7564290077853482,0.012536331730216177,0.0032870370370371438,0.0370861763475031,0.44964620227913,0.12392475718615473,0.11144699334920961,0.0,0.7802242467812195,0.5518277996823729,0.29289722783437183,0.30698698262084895,0.38790376568373236,disgust,07,23,23,male,normal,2745
60,2.0020000000000002,True,1.0,0.14546600290629919,0.16620024317355384,0.15583312303992652,0.618487885258525,-0.0690277777777778,-0.0665277777777778,0.328908523048174,0.19608746142370573,0.22083644264959246,0.2519582464817221,0.02073424026725465,0.0025000000000000022,0.038711741739426445,0.5235693462282585,0.12538029057767408,0.10980692375700414,0.0,0.9160076869950279,0.5588063193793142,0.29042515378703543,0.31044365940058644,0.3846546474160018,disgust,07,23,23,male,normal,2745
70,2.3356666666666666,True,1.0,0.16520755886732694,0.1687570112277741,0.16698228504755053,0.633291209530938,-0.07087962962962946,-0.06685185185185183,0.3453528872511349,0.25179489587500464,0.21806115361267805,0.2636737768257195,0.003549452360447153,0.00402777777777763,0.0400500947242405,0.5132121393771124,0.12523878187466567,0.1099682921801648,0.0,0.7329201272046062,0.5588835989239446,0.2897578700323506,0.3053712754851793,0.3845298810758114,disgust,07,23,23,male,normal,2745
80,2.6693333333333333,True,1.0,0.5253662437763075,0.5446983408630962,0.5350322923197018,0.5556331715163949,-0.06444444444444447,-0.0597685185185185,0.36370041199365866,0.2976966938980064,0.2160414497224258,0.9629235973430625,0.019332097086788735,0.004675925925925972,0.040532830910120096,0.5747031125447899,0.12085654488475446,0.11476703938154716,0.0,0.8783309160957485,0.6156250819702882,0.31675434425542687,0.29322609603876254,0.4056609453141771,disgust,07,23,23,male,normal,2745
90,3.003,True,1.0,0.5766520372220998,0.5819998933121557,0.5793259652671278,0.6637087951058348,-0.061249999999999916,-0.056481481481481466,0.3510919992251496,0.21395566720684972,0.21478802939047711,0.8728616669525203,0.005347856090055947,0.00476851851851845,0.053504129594558705,0.45655043640933596,0.12544698537402316,0.10973072327725109,0.0,0.903406100909332,0.5585041916375926,0.29409820008203247,0.3051097377631197,0.38383128961609025,disgust,07,23,23,male,normal,2745
0,0.0,True,1.0,0.6477516348900647,0.5964024165865034,0.622077025738284,0.4509225926024268,-0.06884259259259273,-0.06615740740740744,0.3414920406141292,0.2761901019778288,0.1931124547695311,1.3795649983915579,0.05134921830356132,0.0026851851851852904,0.01730094048541954,0.6061610286553829,0.12661905657337788,0.10837616104532025,0.0,0.8569498681865041,0.6015595414572078,0.28850390966318396,0.3121723644391086,0.41709559457336176,disgust,07,23,23,male,strong,2746
10,0.33366666666666667,True,1.0,0.5373667681817623,0.521315895482869,0.5293413318323157,0.4878694289144485,-0.07134259259259257,-0.06842592592592595,0.3359677956494636,0.3546081289300202,0.1945107434791823,1.0850061521791716,0.01605087269889327,0.002916666666666623,0.01668058436907132,0.5654270805037671,0.1264427817991661,0.10858176965463405,0.0,0.9263467014335763,0.6029865868378602,0.2890383370239546,0.31333459804594055,0.4149954843286114,disgust,07,23,23,male,strong,2746
20,0.6673333333333333,True,1.0,0.5522370645186117,0.5430361182899089,0.5476365914042602,0.5587271908878386,-0.06824074074074071,-0.06745370370370368,0.3278434099084171,0.3617493881243019,0.19518619083212774,0.9801502420779719,0.009200946228702711,0.0007870370370370305,0.023074300395091233,0.5222478139423992,0.1250426232909284,0.11019128881508981,0.0,0.7922077703243007,0.6037889757074706,0.2896503149595496,0.31361862834250703,0.4135645958413956,disgust,07,23,23,male,strong,2746
30,1.0010000000000001,True,1.0,0.21964933324392757,0.19345701266180493,0.20655317295286624,0.9549138590248092,-0.05342592592592593,-0.05143518518518514,0.3597993238684416,0.4634790105719372,0.19030343754396392,0.21630555573233112,0.026192320582122647,0.001990740740740793,0.019718202823300602,0.3738244786881542,0.12312598613985255,0.11232884450194203,0.0,0.9371206167602242,0.576014552266219,0.29268431655200394,0.3268059625585886,0.4216307700244608,disgust,07,23,23,male,strong,2746
40,1.3346666666666667,True,1.0,0.2077662404857095,0.27775210707052694,0.24275917377811823,0.6685624692683927,-0.04550925925925925,-0.04592592592592587,0.3432616755975756,0.21737412350533142,0.19312743778176947,0.3631061941657739,0.06998586658481745,0.0004166666666666208,0.10272313018731845,0.4969568609972393,0.12645642941871288,0.1085658750684708,0.0,0.7443032739073009,0.6111918582198503,0.2997864511198997,0.2617826950391082,0.3358827524304883,disgust,07,23,23,male,strong,2746
50,1.6683333333333334,True,1.0,0.2457830035543845,0.32660248873708575,0.28619274614573514,0.8163361199643201,-0.051018518518518574,-0.04921296296296307,0.33712198571889324,0.27447168550106693,0.19343496192197215,0.3505819957571446,0.08081948518270124,0.0018055555555555047,0.08680604935956923,0.36944837025115235,0.12260138550991298,0.11290118706700178,0.0,0.9999999987499999,0.6123220354469914,0.29397909693096097,0.25623736423174476,0.33406651704729395,disgust,07,23,23,male,strong,2746
60,2.0020000000000002,True,1.0,0.21324252592027276,0.19444914974779237,0.20384583783403257,0.9099203338395724,-0.0477777777777777,-0.043981481481481566,0.3591181627904714,0.3079615048118985,0.19461740218971757,0.22402602761262452,0.01879337617248039,0.003796296296296131,0.0327963880981229,0.3637733720094127,0.125235419195475,0.10997212169233027,0.0,0.747362034106258,0.6038812851156088,0.2942388887235569,0.2932448700293495,0.36419640161396233,disgust,07,23,23,male,strong,2746
70,2.3356666666666666,True,1.0,0.21516424505556359,0.24829919117913782,0.23173171811735072,0.6876929711493817,-0.04921296296296296,-0.047083333333333366,0.336900191858767,0.25213439219144207,0.19381913653484836,0.33696973480773534,0.03313494612357423,0.0021296296296295925,0.056350126334590106,0.4505131677655279,0.1302944675319802,0.10392848262959867,0.0,0.6037426418620013,0.6038946365343013,0.29127486826577426,0.27007438848006843,0.3437147481479131,disgust,07,23,23,male,strong,2746
80,2.6693333333333333,True,1.0,0.2565662214171019,0.2843052442359733,0.2704357328265376,0.8478616651306385,-0.04185185185185192,-0.040740740740740744,0.3171195127839624,0.26081948035130464,0.19348544065059484,0.31896209481869764,0.027739022818871417,0.0011111111111111738,0.04053957244841686,0.3589531818378707,0.12477946964056835,0.11048919280502996,0.0,0.6649675919003782,0.5899154499221565,0.2949018157215148,0.2796080991759923,0.34754399953726645,disgust,07,23,23,male,strong,2746
90,3.003,True,1.0,0.1395613833745536,0.1316872427983533,0.13562431308645345,0.7796323019920299,-0.051712962962962905,-0.05111111111111111,0.32639748247017714,0.2416860136175285,0.20025770750226438,0.17395933023801252,0.007874140576200284,0.0006018518518517979,0.04276507354683669,0.42750000000000143,0.12483777598588845,0.11042331029951004,0.0,0.7219172318619477,0.5906846853507027,0.29580929925445354,0.27095356283903405,0.3383785832823045,disgust,07,23,23,male,strong,2746
100,3.336666666666667,True,1.0,0.33183034707592257,0.3715068775289423,0.3516686123024324,0.7729034231734714,-0.04874999999999996,-0.04629629629629628,0.3303949930662558,0.27049908113231097,0.1984436941973971,0.4549968362910245,0.03967653045301972,0.00245370370370368,0.06753844481547945,0.41622366167974434,0.12987651113268592,0.10445032133573628,0.0,0.8550665729904123,0.5789247907600541,0.2948111586329855,0.27990676686939014,0.34130402949166566,disgust,07,23,23,male,strong,2746
110,3.6703333333333332,True,1.0,0.44006750794269645,0.5162538385988482,0.47816067327077233,0.6747357157312102,-0.04560185185185184,-0.043333333333333446,0.3493095100792594,0.23467313900850187,0.1993916667032483,0.7086636472957272,0.07618633065615177,0.002268518518518392,0.062468275103752344,0.4788441881984487,0.12700663780136798,0.10792169255984099,0.0,0.7223851584230782,0.5757048912768232,0.2909144667824072,0.2859260822678912,0.3512276774539231,disgust,07,23,23,male,strong,2746
120,4.0040000000000004,True,1.0,0.4750992722573127,0.49174202718566346,0.48342064972148807,0.6377322972046088,-0.05092592592592593,-0.04893518518518514,0.3580378465361596,0.2409022703003254,0.19795521143305858,0.7580306844117515,0.016642754928350767,0.001990740740740793,0.0431677835180669,0.48948352583146654,0.12588684628838795,0.10922581975880168,0.0,0.8184748380195267,0.5779580265152936,0.28877140837863086,0.2978939190754967,0.3773275428727762,disgust,07,23,23,male,strong,2746
0,0.0,True,1.0,0.6232027442909154,0.5927159208382431,0.6079593325645792,0.49868445468984196,-0.05898148148148158,-0.05777777777777776,0.3338357297074719,0.2493060123533857,0.19514240760994453,1.2191262968938967,0.030486823452672285,0.0012037037037038179,0.011679332021542732,0.5487315099928108,0.12789007409265338,0.10687332089564726,0.0,0.6691014137230856,0.5854782641025159,0.2937282590035583,0.30697374626635127,0.3990989235747131,disgust,07,23,23,male,strong,2747
10,0.33366666666666667,True,1.0,0.6501287168439632,0.6257462604064689,0.637937488625216,0.5174830479305663,-0.05791666666666673,-0.056435185185185144,0.3333903269741369,0.25860000100106745,0.19444797573213318,1.2327698292269698,0.02438245643749437,0.0014814814814815835,0.012670011340041257,0.5364207761058555,0.12578219256715625,0.10934632048403439,0.0,0.8194528223852149,0.586303266673857,0.29394158340242765,0.30684273759486397,0.40024630797943567,disgust,07,23,23,male,strong,2747
20,0.6673333333333333,True,1.0,0.4990240638419891,0.47551810719112947,0.4872710855165593,0.569409666434508,-0.05134259259259255,-0.05148148148148157,0.3394514528251854,0.27718223463270325,0.19306543509424423,0.8557478283916768,0.02350595665085964,0.00013888888888902162,0.013903370100259315,0.5354288617972678,0.12418457134432513,0.11115741095529538,0.0,0.7833152437384661,0.5858978758300195,0.2941519829706341,0.3015584602529607,0.39508346306127357,disgust,07,23,23,male,strong,2747
30,1.0010000000000001,True,1.0,0.185132623209676,0.1707939541827618,0.1779632886962189,0.9959421331220026,-0.053379629629629666,-0.0507407407407407,0.35956786866384466,0.3785485238435037,0.18958333333333333,0.17868838236449874,0.014338669026914191,0.0026388888888889683,0.017956423631706388,0.35882913064119776,0.12461119783757904,0.11067893721816721,0.0,0.6667902577619279,0.5759705532056573,0.29253638645019175,0.33392925385460687,0.4242725504575615,disgust,07,23,23,male,strong,2747
40,1.3346666666666667,True,1.0,0.15274046595441484,0.16216754339006753,0.1574540046722412,0.6501349304817364,-0.045277777777777806,-0.04402777777777778,0.3558119567376826,0.2311590863935066,0.19178167016558628,0.24218665586168558,0.009427077435652687,0.0012500000000000289,0.045485632390595894,0.5254701011099435,0.12481470316901226,0.11044938951080523,0.0,0.7366915723395238,0.5828921858430873,0.29571541748210217,0.3097867913613344,0.3857803140761999,disgust,07,23,23,male,strong,2747
50,1.6683333333333334,True,1.0,0.21175264664416485,0.22246830749230398,0.21711047706823441,1.0863406160339806,-0.04921296296296296,-0.04634259259259266,0.3534099221166758,0.3738604961895085,0.1979633048805007,0.19985488332459,0.01071566084813913,0.002870370370370301,0.04160985866152201,0.3214199951139689,0.1207276689026191,0.11490260106417086,0.0,0.6234145720599265,0.5632926977978691,0.29293023192805745,0.3049721329968485,0.39057006752295315,disgust,07,23,23,male,strong,2747
60,2.0020000000000002,True,1.0,0.23839116197058327,0.2798353909465008,0.25911327645854204,0.626381459561223,-0.04745370370370361,-0.04708333333333331,0.3484318834977489,0.2767495249836223,0.18714871627247504,0.4136668997834795,0.04144422897591751,0.00037037037037029874,0.031796392711469904,0.5232110491713354,0.12646461592386335,0.1085563387823398,0.0,0.6802959185845329,0.5851988449676745,0.2922106194375455,0.3074894402635189,0.3711221087406167,disgust,07,23,23,male,strong,2747
70,2.3356666666666666,True,1.0,0.24964347214248186,0.2907572402373441,0.270200356189913,0.6698899782705776,-0.0439814814814814,-0.041435185185185186,0.3205589791471172,0.2726063187246874,0.1896863273348339,0.4033503484967429,0.04111376809486225,0.0025462962962962132,0.015910892236684047,0.48452854886416347,0.12462656052874177,0.11066163825546643,0.0,0.8164827358193738,0.5833677152814251,0.2921608068507767,0.2937468814740414,0.363269779865564,disgust,07,23,23,male,strong,2747
80,2.6693333333333333,True,1.0,0.23809868278423935,0.24266218183499835,0.24038043230961886,0.9691390308801322,-0.04689814814814808,-0.045925925925925926,0.30469695154466153,0.37778279225627437,0.19817708333333336,0.2480350338292693,0.004563499050759007,0.0009722222222221522,0.026122031525544813,0.33367127646102457,0.12431125430701705,0.11101571881115757,0.0,0.6374854239230775,0.5809283675814075,0.29092106034322984,0.27931854303206444,0.34917048739875783,disgust,07,23,23,male,strong,2747
90,3.003,True,1.0,0.27610433437768855,0.3030394529945457,0.28957189368611713,0.7657664344767895,-0.04907407407407416,-0.05125000000000002,0.34111576347826156,0.29857334263130947,0.1958518786776339,0.37814649565303465,0.026935118616857157,0.002175925925925859,0.04686789867387574,0.41806169683604105,0.12627001431716275,0.10878263305744672,0.0,0.7815743871995764,0.5955364701505602,0.2953366678743917,0.25734468560901397,0.3345690780459463,disgust,07,23,23,male,strong,2747
100,3.336666666666667,True,1.0,0.3180239000433002,0.3597450149564847,0.3388844574998925,0.731944469582823,-0.052731481481481435,-0.04972222222222222,0.347745839719994,0.26140873913672286,0.20097138254768962,0.46299203229589553,0.041721114913184476,0.0030092592592592116,0.05284201517543286,0.436224489795919,0.12424381706279974,0.11109118638290061,0.0,0.8602599046184254,0.5832961700539591,0.2959485249128253,0.2809930624089678,0.34658081852573397,disgust,07,23,23,male,strong,2747
110,3.6703333333333332,True,1.0,0.47367318615925713,0.5108584721479529,0.492265829153605,0.7020959873907582,-0.05226851851851855,-0.0493055555555556,0.3547004586749886,0.18955392176590538,0.20419693287833285,0.7011375054044139,0.03718528598869575,0.002962962962962945,0.03844547605844097,0.4069447637439192,0.12319033532350539,0.1122582694191424,0.0,0.756935069722687,0.562603100388593,0.2891400157131414,0.30228563895264876,0.38431657434220107,disgust,07,23,23,male,strong,2747
0,0.0,True,1.0,0.5967625071287261,0.5976749103673756,0.5972187087480509,0.4670138070138238,-0.062962962962963,-0.0597685185185185,0.3409265835887607,0.21887890890011302,0.200003433198072,1.2788031098411894,0.0009124032386494951,0.0031944444444444997,0.010391891775966519,0.5701709053286131,0.12733749258072954,0.10753111528233227,0.0,0.7048420135071051,0.5868950103713361,0.29153299966042073,0.31013482057040853,0.4071634686141143,disgust,07,23,23,male,strong,2748
10,0.33366666666666667,True,1.0,0.6401428481291009,0.6166985234067742,0.6284206857679375,0.4989016815472345,-0.06347222222222221,-0.06060185185185191,0.32908634257061764,0.2190871017650977,0.2020837108700297,1.2596082735560805,0.023444324722326715,0.002870370370370301,0.013987741027846091,0.5484925867221997,0.1256212514497036,0.10935709856733938,0.0,0.7071067807446058,0.585574535579857,0.2918097823430672,0.3100802534036211,0.4053624011146892,disgust,07,23,23,male,strong,2748
20,0.6673333333333333,True,1.0,0.5096645337126468,0.5446983408630944,0.5271814372878706,0.5926493966951161,-0.057592592592592584,-0.05884259259259267,0.3291574378712618,0.35677542585780336,0.20071877255469703,0.8895334074879266,0.03503380715044768,0.0012500000000000844,0.01519361712899603,0.5287688709501941,0.12580876093247695,0.1093157511207231,0.0,0.6800286922120956,0.5892754116177723,0.29154692692502837,0.31367029027674326,0.4041417300076336,disgust,07,23,23,male,strong,2748
30,1.0010000000000001,True,1.0,0.18016542020577203,0.19623718388661687,0.18820130204619445,0.9451792403654931,-0.05328703703703702,-0.053379629629629666,0.33891049991735533,0.392480671231651,0.1972237695863105,0.1991170499824124,0.01607176368084484,9.259259259264407e-05,0.01924145088097008,0.3599835248624637,0.1235391838128011,0.11187425008874757,0.0,0.6530758853511035,0.5783507151063549,0.29119181065210026,0.32022325200270024,0.40076503168523814,disgust,07,23,23,male,strong,2748
40,1.3346666666666667,True,1.0,0.19680411207184637,0.22623979011687304,0.2115219510943597,0.721995490446043,-0.04824074074074064,-0.050185185185185166,0.3619010589150386,0.2382585118471946,0.19772293454357184,0.2929685211242568,0.02943567804502667,0.0019444444444445264,0.04812602687536402,0.46168340071958436,0.12369406197769536,0.11170298474930743,0.0,0.7744129791434116,0.6134921906340661,0.30089272746144,0.26877017514988183,0.34634087085926857,disgust,07,23,23,male,strong,2748
50,1.6683333333333334,True,1.0,0.3199154789598538,0.4000180605773929,0.35996676976862335,0.963940959978768,-0.04652777777777778,-0.044861111111111074,0.36026081942686733,0.3596792039550262,0.20555704018912993,0.3734323830129099,0.08010258161753914,0.0016666666666667052,0.03086697967852946,0.35104389291021654,0.12363260946443677,0.111770996449143,0.0,0.6395501454061971,0.5722350339276336,0.2896996979300549,0.3016970786494844,0.3720326052644337,disgust,07,23,23,male,strong,2748
60,2.0020000000000002,True,1.0,0.25621783417106203,0.324596682364617,0.29040725826783953,0.6838141004775935,-0.054305555555555496,-0.05370370370370364,0.3376114873551659,0.3038936372269706,0.18742572333610022,0.4246874378065787,0.06837884819355494,0.0006018518518518534,0.04373690036980407,0.4505131677655261,0.12598204351179795,0.1091160047066453,0.0,0.7071067807446058,0.5879065160361019,0.29103734986178,0.2961188377274587,0.36473016734508384,disgust,07,23,23,male,strong,2748
70,2.3356666666666666,True,1.0,0.2722059622081563,0.29115867719772465,0.28168231970294044,0.8148958302869763,-0.04976851851851849,-0.047222222222222276,0.3296907773142436,0.3036703809360257,0.20083163162056875,0.3456666597542195,0.018952714989568353,0.0025462962962962132,0.018447681288721915,0.41962440865356515,0.121961408082585,0.11359222116211246,0.0,0.7272337987492071,0.5608196427555397,0.2865634918789234,0.2943846954964486,0.36913562362952873,disgust,07,23,23,male,strong,2748
80,2.6693333333333333,True,1.0,0.3207282345892069,0.4020542027187239,0.3613912186539654,0.8136890480011544,-0.04981481481481487,-0.054027777777777675,0.3269111332753089,0.25035121403517313,0.2034528344775854,0.4441392194496548,0.08132596812951698,0.004212962962962807,0.05196904395221471,0.3545771190795331,0.12566636497320807,0.10947941580516124,0.0,0.6767848125439597,0.5699090892528886,0.30074439440415157,0.24493624245745435,0.3171693517731575,disgust,07,23,23,male,strong,2748
90,3.003,True,1.0,0.5076341475875366,0.5685843168703517,0.5381092322289441,0.7836108180412312,-0.049120370370370314,-0.04865740740740737,0.34435578620725127,0.27118644067796643,0.20476368917065785,0.6867047006497943,0.06095016928281516,0.0004629629629629428,0.05329083412590645,0.3785171958612735,0.12435480406333008,0.11096693416033032,0.0,0.6722316203393444,0.6013131233899811,0.28902257330946757,0.2463937071901497,0.323125569371937,disgust,07,23,23,male,strong,2748
100,3.336666666666667,True,1.0,0.5438743996118826,0.5671101029429428,0.5554922512774128,0.7250841810646412,-0.05222222222222228,-0.05013888888888873,0.35249974722293875,0.22746355532402712,0.20703880212757156,0.7661072545559929,0.023235703331060287,0.002083333333333548,0.03042448221051733,0.4099432088522057,0.12611062278382953,0.1089673739780681,0.0,0.6905721343740878,0.5747500735841211,0.2895460857689904,0.28903763789944137,0.3489149739963305,disgust,07,23,23,male,strong,2748
110,3.6703333333333332,True,1.0,0.5597468312296124,0.5874010805758291,0.5735739559027208,0.6927759867831119,-0.0528703703703704,-0.05199074074074078,0.3576584949473922,0.2009050361671026,0.20904091715924558,0.8279356773985443,0.02765424934621663,0.0008796296296296191,0.023996843615266304,0.4069705149024931,0.1267011461814019,0.10828017975182505,0.0,0.61082713928993,0.5682599001162966,0.28880937672846946,0.295562948633516,0.3617560628679657,disgust,07,23,23,male,strong,2748
0,0.0,True,1.0,0.6254595046937661,0.6154762106289416,0.6204678576613538,0.5002713199788887,-0.06972222222222224,-0.06634259259259256,0.3376673914969807,0.2795251332026975,0.2028624150400572,1.2402626992239678,0.009983294064824455,0.003379629629629677,0.012787526352347098,0.5203312268305796,0.12581188447711436,0.1093121562072984,0.0,0.6582737730667709,0.5850834185471064,0.29099875593528357,0.30775535282677063,0.4018322805436586,disgust,07,23,23,male,strong,2749
10,0.33366666666666667,True,1.0,0.6140432599581069,0.606460527420294,0.6102518936892005,0.510440138987689,-0.07055555555555554,-0.06712962962962965,0.33118665520130713,0.28508994001780197,0.20493409202043833,1.195540567987971,0.007582732537812942,0.003425925925925888,0.011875948639799272,0.5488153348698397,0.12683757624386183,0.10812033584488451,0.0,0.6816807262965072,0.5869108513170893,0.29088048340433426,0.313964621716406,0.40965832717674594,disgust,07,23,23,male,strong,2749
20,0.6673333333333333,True,1.0,0.5600139726788825,0.5590293682310377,0.5595216704549602,0.5582690887359143,-0.06217592592592597,-0.06268518518518523,0.3386015345061414,0.34509415801543575,0.2035262093006682,1.0022436881144219,0.0009846044478448723,0.0005092592592592649,0.008313291972479406,0.4946085966946355,0.12546628936667906,0.10970865053857631,0.0,0.7537979888420391,0.5877853709296218,0.29042732988752806,0.3130525417134522,0.4060759540747204,disgust,07,23,23,male,strong,2749
30,1.0010000000000001,True,1.0,0.2201951711215849,0.22212474029738125,0.22115995570948307,0.867045948914044,-0.05759259259259253,-0.055092592592592526,0.34223554738897705,0.3973262235561241,0.19514514434912325,0.2550729358536085,0.0019295691757963418,0.0025000000000000022,0.019631493096785618,0.3875452734615519,0.12473140508816487,0.11054345007753165,0.0,0.7530682168474365,0.5802329228019333,0.2897238375465207,0.3250719813724971,0.40898321487944883,disgust,07,23,23,male,strong,2749
40,1.3346666666666667,True,1.0,0.193549973133676,0.20263051346758643,0.1980902433006312,0.6959606423237282,-0.05703703703703694,-0.055092592592592526,0.35852907055846833,0.2643145515290005,0.2021471270254088,0.28462851381829857,0.009080540333910425,0.0019444444444444153,0.03633398929917323,0.48717934395529283,0.12516432988610146,0.11005302492276044,0.0,0.6656832308470196,0.5996154382143483,0.2942089684143781,0.2931110354496851,0.36445824366326735,disgust,07,23,23,male,strong,2749
50,1.6683333333333334,True,1.0,0.13414834324927338,0.17745516939815956,0.15580175632371646,0.9509043927648574,-0.05430555555555555,-0.0525000000000001,0.36191291784351665,0.31696813092161913,0.20582595315464638,0.16384586874260407,0.043306826148886174,0.0018055555555554492,0.04257216707111758,0.3589883156817943,0.12476155627009358,0.11050941972319471,0.0,0.6837520184977748,0.592934252083646,0.29766836653970297,0.2843492871985091,0.35522295292878286,disgust,07,23,23,male,strong,2749
60,2.0020000000000002,True,1.0,0.4194537024815504,0.4350141956696767,0.4272339490756135,0.8142370897555121,-0.04541666666666666,-0.04472222222222216,0.33880061874136785,0.2999674797783845,0.20625591847568886,0.5247046031812398,0.015560493188126301,0.0006944444444444975,0.01608805834830371,0.4049657207657716,0.12485115591422748,0.11040818193090318,0.0,0.6747563032629459,0.5601482901598139,0.2916042699478551,0.3106341514729193,0.3845960953803806,disgust,07,23,23,male,strong,2749
70,2.3356666666666666,True,1.0,0.3396331201665399,0.3636619657125342,0.35164754293953704,0.7675779640792317,-0.05157407407407405,-0.04805555555555552,0.3360044635063895,0.29348569214794185,0.19804152448667658,0.4581261570756074,0.02402884554599427,0.003518518518518532,0.032407263005815375,0.4319309693278703,0.12807912485344342,0.10664668559155077,0.0,0.6912973870684463,0.5951532355832959,0.29068032483550266,0.29081667820521495,0.3568673178701756,disgust,07,23,23,male,strong,2749
80,2.6693333333333333,True,1.0,0.265369814033426,0.3185440925809754,0.29195695330720073,0.8157007893757188,-0.04689814814814808,-0.047824074074074074,0.3170999217028347,0.26095820591233476,0.19576344546873442,0.3579216265447585,0.05317427854754936,0.0009259259259259967,0.07024425581031254,0.38292560314128893,0.12332104107400291,0.11211466718808799,0.0,0.6130977661338944,0.5792093667779612,0.3002381546276737,0.26892054001562676,0.33896684632563345,disgust,07,23,23,male,strong,2749
90,3.003,True,1.0,0.43388723891660497,0.5176444678901854,0.47576585340339517,0.7755638083473432,-0.04453703703703704,-0.042592592592592515,0.3259668668712922,0.24028796802931082,0.20147410961037124,0.6134451456898298,0.0837572289735804,0.0019444444444445264,0.07730514389501165,0.40526278232910545,0.12498757605748255,0.11025372375443623,0.0,0.6637073957936852,0.5690948728944704,0.29703903983860414,0.2927316176358175,0.3491142363539609,disgust,07,23,23,male,strong,2749
100,3.336666666666667,True,1.0,0.4672678872241781,0.5062573442967221,0.4867626157604501,0.7335197292621274,-0.048055555555555685,-0.044351851851851865,0.32492586560405806,0.2597169138595814,0.20140745113957884,0.6635985323122819,0.038989457072543976,0.00370370370370382,0.058255403775362494,0.4495536193362592,0.12446047445059623,0.11084840129502119,0.0,0.6862328068970484,0.556183151057298,0.2876973966186144,0.3073800606473471,0.37715782094949546,disgust,07,23,23,male,strong,2749
110,3.6703333333333332,True,1.0,0.4507841335903332,0.4955818363632315,0.47318298497678235,0.6754101557740538,-0.05393518518518525,-0.05268518518518517,0.34101512604683404,0.22731209879731332,0.20007475409596917,0.700586126713613,0.044797702772898296,0.0012500000000000844,0.04826542978325706,0.476647704443771,0.12473809761101756,0.11053589812662491,0.0,0.7546964616012479,0.5713272002863645,0.29019197796997054,0.30870122715492554,0.3892544428726237,disgust,07,23,23,male,strong,2749
0,0.0,True,1.0,0.6509229768147007,0.6108754792877717,0.6308992280512362,0.4440591435966002,-0.06777777777777777,-0.06791666666666663,0.3567853409949184,0.24284484415439014,0.1923626975779445,1.4207549538139193,0.04004749752692893,0.0001388888888888551,0.011079962470940091,0.5809192659944398,0.1271137216615498,0.10779554506462935,0.0,0.7615566862763526,0.6088399899334735,0.28964127935047645,0.3060764608673261,0.4076216824232887,surprised,08,23,23,male,normal,2750
10,0.33366666666666667,True,1.0,0.6540621043871752,0.6108754792877731,0.6324687918374741,0.48277497325462,-0.06935185185185183,-0.06773148148148145,0.349709312185023,0.24138748662731055,0.1923626975779445,1.310069549740111,0.043186625099402076,0.0016203703703703831,0.007529580848048116,0.5491156827921011,0.12536126083934612,0.10982864859004574,0.0,0.7071067807446058,0.6070973777792367,0.2887217198665201,0.30324328066389983,0.41061238078044165,surprised,08,23,23,male,normal,2750
20,0.6673333333333333,True,1.0,0.6501401667152276,0.6205642606161154,0.6353522136656715,0.4301822953592067,-0.06828703703703703,-0.06773148148148145,0.357741875201246,0.22896799591699654,0.19097382022690002,1.4769371508772713,0.029575906099112204,0.0005555555555555869,0.011450924281401785,0.6202997035017931,0.1248902178237904,0.11036399441058897,0.0,0.7208363590592775,0.6054794265909489,0.2885602207738996,0.3018765326423235,0.4082431545547556,surprised,08,23,23,male,normal,2750
30,1.0010000000000001,True,1.0,0.5290632645601615,0.5099372694360809,0.5195002669981212,0.7520995185946875,-0.053750000000000075,-0.053796296296296287,0.37087958210318933,0.2684850991496438,0.1868316922029551,0.6907334124728833,0.01912599512408064,4.6296296296211015e-05,0.0020565819090997343,0.3753225718767733,0.1240464734462361,0.11131150073371993,0.0,0.9999999987499999,0.5908339117365697,0.29488762824237286,0.3142601600203807,0.4006511253948352,surprised,08,23,23,male,normal,2750
40,1.3346666666666667,True,1.0,0.5815389483471018,0.5459953734167318,0.5637671608819168,0.6661549626576426,-0.05666666666666659,-0.05740740740740741,0.36930634423652237,0.2582879673539357,0.1889034290576577,0.8463003242259924,0.03554357493037008,0.0007407407407408195,0.005350163102380302,0.4152486755673177,0.12360472351256106,0.11180183404310268,0.0,0.7498392114779441,0.5801074415313001,0.29275413404585765,0.3140258874359401,0.4001989506381473,surprised,08,23,23,male,normal,2750
50,1.6683333333333334,True,1.0,0.5976692442320246,0.5662670798822579,0.5819681620571413,0.5219053319875873,-0.05629629629629629,-0.05564814814814806,0.3643965933446403,0.24721831515201506,0.185457809398365,1.1150837640244353,0.031402164349766726,0.000648148148148231,0.00443159065443518,0.5354875196085428,0.12543036679072916,0.10974971916594757,0.0,0.7651348206971849,0.5873796168311075,0.28791217921180146,0.3119964991766047,0.3959454408152089,surprised,08,23,23,male,normal,2750
60,2.0020000000000002,True,1.0,0.607258069751395,0.6098052854743735,0.6085316776128842,0.6555027299400444,-0.054444444444444406,-0.05606481481481468,0.34477889261439654,0.371422530714216,0.18333374948165368,0.928343468025745,0.0025472157229785575,0.001620370370370272,0.005911316563384203,0.4586593120290331,0.12480387805603578,0.11046162135526642,0.0,0.8317000654411876,0.5859801808692227,0.29071762589323247,0.31846334481764377,0.4051040874521171,surprised,08,23,23,male,normal,2750
70,2.3356666666666666,True,1.0,0.3739559985569192,0.3453392322101767,0.35964761538354795,0.5106839935540681,-0.06888888888888883,-0.06837962962962962,0.37158456928619876,0.24859523620460058,0.18472263524161484,0.7042468922524995,0.028616766346742484,0.0005092592592592093,0.007139459856905378,0.5648950443890164,0.12398117016369464,0.11138423234401917,0.0,0.8778726270081447,0.5978276017672695,0.2865308749232156,0.30459439368454083,0.40386501491859705,surprised,08,23,23,male,normal,2750
80,2.6693333333333333,True,1.0,0.49627479539513264,0.4585928757741462,0.4774338355846394,0.357922395111671,-0.06615740740740728,-0.0660648148148148,0.3852501405381349,0.2492170979393447,0.1833333333333333,1.3339032206567603,0.03768191962098644,9.259259259247754e-05,0.0066540804187686835,0.7230683926784338,0.12238921412812163,0.11313115413080391,0.0,0.7563099102042146,0.6087245832004677,0.28583683587758857,0.30323604034318113,0.40583513411874234,surprised,08,23,23,male,normal,2750
90,3.003,True,1.0,0.5415228290923692,0.5078583233935289,0.524690576242949,0.4007120091020345,-0.061574074074074,-0.0622685185185185,0.3727070157193963,0.2536060183450762,0.18125042093162333,1.3093956864900085,0.033664505698840275,0.0006944444444444975,0.013298625555236704,0.6370522300146017,0.12584227515909713,0.10927716849011573,0.0,0.806445883161859,0.607376004440839,0.2881938414319411,0.3058341366913163,0.40860819789037756,surprised,08,23,23,male,normal,2750
0,0.0,True,1.0,0.6290165967622983,0.615384615384616,0.6222006060734571,0.42007704452612765,-0.0702314814814815,-0.06847222222222221,0.3663476093862278,0.2303648308691673,0.19374999999999998,1.4811583117457348,0.01363198137768229,0.0017592592592592937,0.009842196401423685,0.6358993698572203,0.12749477739508663,0.10734458303821556,0.0,0.6848756683588815,0.6052368043623699,0.28791975569746975,0.3052730654654875,0.40946740038557694,surprised,08,23,23,male,normal,2751
10,0.33366666666666667,True,1.0,0.6354037060507347,0.5973268351577368,0.6163652706042357,0.4233684822786801,-0.0687962962962963,-0.06837962962962968,0.36161128211711874,0.21847680160458105,0.1930571363157205,1.4558600755700952,0.03807687089299794,0.0004166666666666208,0.006627292152743586,0.6201976128403973,0.12676121004788324,0.10820985813557116,0.0,0.6886723626003751,0.6064547491574755,0.28768651219066405,0.3066549415566337,0.41247871769350725,surprised,08,23,23,male,normal,2751
20,0.6673333333333333,True,1.0,0.6481671578120944,0.6349206349206352,0.6415438963663649,0.40964400300858855,-0.06916666666666665,-0.06884259259259268,0.3624406571518215,0.21847680160458105,0.19375157509440405,1.5661010332254621,0.013246522891459223,0.0003240740740739767,0.012603707927399814,0.6196472170607343,0.126019111992937,0.10907319186161776,0.0,0.6961211813140252,0.6067592940613745,0.2882904632114241,0.3069016902808387,0.41119424290398243,surprised,08,23,23,male,normal,2751
30,1.0010000000000001,True,1.0,0.17334665987006956,0.1866866946772898,0.18001667727367968,1.0164594050857223,-0.07032407407407398,-0.06888888888888889,0.3719547353599717,0.5768427353547014,0.17849957907496095,0.17710168883576627,0.013340034807220236,0.001435185185185095,0.00576748677109151,0.33551091390604504,0.12136090052655744,0.11423357471971361,0.0,0.7610434025857132,0.6085625133647209,0.29440039902039844,0.3337209681387042,0.4282153934370889,surprised,08,23,23,male,normal,2751
40,1.3346666666666667,True,1.0,0.70144927136502,0.7478580958038095,0.7246536835844147,0.7075159106563519,-0.07453703703703701,-0.07833333333333331,0.35575542007096284,0.47570733649844094,0.19794133618182036,1.0242224558768782,0.046408824438789464,0.0037962962962962976,0.030948174302259494,0.43031606084414104,0.11840100197402435,0.11729868073127055,0.0,0.6599620577557055,0.6146352009631979,0.30167229848830773,0.31548970091057066,0.4128680484061163,surprised,08,23,23,male,normal,2751
50,1.6683333333333334,True,1.0,0.7354139895610119,0.7798141960337704,0.7576140927973911,0.6621161264371174,-0.07101851851851843,-0.07513888888888892,0.3525128751271799,0.46290302092146746,0.1931835552199687,1.144231446036745,0.04440020647275855,0.004120370370370496,0.0350169170952461,0.4146274101999566,0.12537737763457504,0.10981024974076639,0.0,0.7246328994545039,0.6141193698495022,0.297169612648806,0.32810598505100774,0.42137753875610223,surprised,08,23,23,male,normal,2751
60,2.0020000000000002,True,1.0,0.6997917546154702,0.7605264117620005,0.7301590831887353,0.7526983906642785,-0.08939814814814817,-0.08814814814814814,0.3407287607385653,0.528708468282859,0.20157216352205912,0.9700553266021315,0.06073465714653037,0.0012500000000000289,0.05401152594075456,0.37545513628759714,0.12249916097252016,0.11284338431556551,0.0,0.6528255658602272,0.629040377221201,0.29838253068261,0.31708414983941635,0.40944565088474044,surprised,08,23,23,male,normal,2751
70,2.3356666666666666,True,1.0,0.5377175196012594,0.5881268667848442,0.5629221931930517,0.685227921379351,-0.09277777777777779,-0.09023148148148152,0.33947692662279044,0.463131526991813,0.21544923797498275,0.8215108807298743,0.05040934718358481,0.0025462962962962687,0.056743719613223095,0.43229944709714907,0.12315571511003587,0.11229624929663626,0.0,0.7753495415718455,0.6248593758753501,0.29587022470266494,0.3034991827308694,0.3891722015911745,surprised,08,23,23,male,normal,2751
80,2.6693333333333333,True,1.0,0.5607480993475226,0.5811314664746047,0.5709397829110636,0.5636506847524213,-0.08643518518518511,-0.08407407407407419,0.3541197315973649,0.3514140801278682,0.21807269915164204,1.0129319423462495,0.020383367127082108,0.002361111111110925,0.03846686112414233,0.5285300967440618,0.12443398801646853,0.11087813308693907,0.0,0.6848738273437048,0.5997605161986669,0.28873914968392267,0.31959036491224707,0.4068162848644268,surprised,08,23,23,male,normal,2751
90,3.003,True,1.0,0.6422491567256966,0.6572680973147168,0.6497586270202067,0.7032481492344713,-0.09208333333333324,-0.09041666666666676,0.3591923797087518,0.32386847364959875,0.22152812217651086,0.9239393345400322,0.015018940589020202,0.0016666666666664831,0.02573752426445057,0.3793779528844745,0.12333835538285663,0.11209561928010646,0.0,0.9999999987499999,0.6087491397105717,0.2899182686846095,0.3120814758641331,0.40598148216175745,surprised,08,23,23,male,normal,2751
0,0.0,True,1.0,0.5894060618533685,0.6079051218231567,0.5986555918382626,0.45346037129443106,-0.07495370370370374,-0.07166666666666671,0.353609839942808,0.2761568068094248,0.19238054442833316,1.3201938465523737,0.01849905996978818,0.0032870370370370328,0.019501255203638504,0.6102112528772767,0.12578366478533268,0.10934462695280603,0.0,0.7397182555845749,0.6071692580547845,0.2905939398664485,0.31076172025726856,0.4211249606520503,surprised,08,23,23,male,normal,2752
10,0.33366666666666667,True,1.0,0.620894022403736,0.6030799822045994,0.6119870023041677,0.43249968272278144,-0.07453703703703696,-0.07199074074074074,0.35888799953510403,0.25793485675935224,0.1924007688575171,1.414999887286465,0.017814040199136683,0.0025462962962962132,0.021324132627269968,0.6061610286553801,0.1257358675559237,0.10939958583245814,0.0,0.7577715029568343,0.6051716654396134,0.2901485746333578,0.31140132351534555,0.42302446304018737,surprised,08,23,23,male,normal,2752
20,0.6673333333333333,True,1.0,0.6456566295032341,0.6309142064058397,0.638285417954537,0.4358773405455225,-0.0731944444444444,-0.0718981481481481,0.35725686391716616,0.25994922976699497,0.19376417538869897,1.464369350229793,0.014742423097394375,0.0012962962962962954,0.022736744544093024,0.6061610286553801,0.1258887521996942,0.1092236230860838,0.0,0.8528132065314052,0.6056985453243797,0.2895786142085619,0.310579745700301,0.4198719939356125,surprised,08,23,23,male,normal,2752
30,1.0010000000000001,True,1.0,0.6083930996652135,0.631400529466754,0.6198968145659838,0.9846285919331647,-0.07810185185185187,-0.08236111111111111,0.351223926949206,0.5278641140253957,0.20976623567341052,0.6295742573846176,0.02300742980154047,0.00425925925925924,0.0289613026185977,0.3143876591446828,0.1196514546696747,0.11602287345668547,0.0,0.7311491370352707,0.5989104218327956,0.29310760805421276,0.3312469835852783,0.4213030215868472,surprised,08,23,23,male,normal,2752
40,1.3346666666666667,True,1.0,0.7327772132297053,0.7633893460644936,0.7480832796470995,0.6856456617340208,-0.07824074074074067,-0.07925925925925936,0.36621497117874957,0.452859285036743,0.20417002980063792,1.0910639728328069,0.030612132834788253,0.0010185185185186962,0.0548946272752258,0.42130442519476774,0.12222331850160179,0.11331036221230745,0.0,0.9999999987499999,0.6293352819721639,0.2991959725882772,0.3039884944894386,0.39071652644092164,surprised,08,23,23,male,normal,2752
50,1.6683333333333334,True,1.0,0.5268969629319985,0.5331599497315517,0.5300284563317751,0.6345477424146155,-0.07240740740740748,-0.07324074074074077,0.36121518837674027,0.4381062311964722,0.19033550738708577,0.8352853865886939,0.006262986799553172,0.0008333333333332971,0.05124062434533476,0.45373436738603107,0.12234436001131303,0.11317965958534539,0.0,0.8252238196619247,0.6330345305075157,0.2970749512760914,0.29488951362088145,0.3805716971806737,surprised,08,23,23,male,normal,2752
60,2.0020000000000002,True,1.0,0.707598759437071,0.7471140244870724,0.7273563919620717,0.7587897849868639,-0.08675925925925926,-0.08666666666666667,0.3345768574757758,0.4689976552616009,0.2111114725031743,0.9585743065514036,0.03951526505000147,9.259259259258856e-05,0.0618381550594884,0.36767945893727905,0.12202262645616357,0.11352645684061925,0.0,0.9999999987499999,0.6152596303677722,0.3004402215024376,0.32362628700661683,0.41792285988008465,surprised,08,23,23,male,normal,2752
70,2.3356666666666666,True,1.0,0.7262548792650839,0.74999769872606,0.738126288995572,0.7001238929358836,-0.09027777777777779,-0.08902777777777776,0.3542467299136374,0.4205068733493518,0.21528663753750227,1.0542795302990304,0.023742819460976117,0.0012500000000000289,0.052311670724872,0.40247078450213436,0.12444638676439065,0.11086421691365617,0.0,0.6608069675076038,0.6215286046449829,0.29784740456682623,0.3104435654574009,0.39440551395324636,surprised,08,23,23,male,normal,2752
80,2.6693333333333333,True,1.0,0.7076589927359083,0.7184336397530943,0.7130463162445013,0.5784498908293534,-0.08212962962962961,-0.08018518518518519,0.3774387382033508,0.30141621558199694,0.19862493957419503,1.2326846759745604,0.010774647017186001,0.0019444444444444153,0.03795007893783574,0.47041561525608033,0.12379748671639414,0.11158835088433881,0.0,0.6370821856496803,0.6249442708880427,0.2952869571642424,0.3020973363146133,0.39492029952597896,surprised,08,23,23,male,normal,2752
90,3.003,True,1.0,0.5671101029429433,0.5717776743422297,0.5694438886425865,0.5873909678341399,-0.09689814814814812,-0.09203703703703708,0.3782372846339343,0.29975862495571837,0.2145865332108705,0.969446109704872,0.004667571399286419,0.004861111111111038,0.033365091451985344,0.48068715579758414,0.12234554086671738,0.11317838309590189,0.0,0.675744449797587,0.6053639305097039,0.2914138210116448,0.3183868801832652,0.42167007744545315,surprised,08,23,23,male,normal,2752
0,0.0,True,1.0,0.5843667474331155,0.5842049333083804,0.5842858403707479,0.4769534998829022,-0.07768518518518519,-0.07578703703703704,0.34839425514425465,0.2883931690912473,0.19653748277500976,1.2250373265196652,0.00016181412473503798,0.0018981481481481488,0.0187218665460252,0.5740788729901111,0.12666791240878927,0.10831905527836741,0.0,0.6976762406921594,0.6098063691570378,0.28994311826093006,0.3145674862239806,0.4196822301566144,surprised,08,23,23,male,normal,2753
10,0.33366666666666667,True,1.0,0.5871212901913653,0.5857583840654428,0.5864398371284041,0.47997726770551447,-0.07930555555555557,-0.0762962962962963,0.3465751178913029,0.2761901019778286,0.20071877255469708,1.2218075242017685,0.0013629061259224917,0.003009259259259267,0.018389813680333208,0.5694680164385184,0.12416720816362888,0.1111768059760482,0.0,0.7041546809143446,0.6097171916344662,0.28905953674659596,0.3132548939798328,0.4200414578454543,surprised,08,23,23,male,normal,2753
20,0.6673333333333333,True,1.0,0.6280612886332476,0.6286059923481985,0.628333640490723,0.46795292266070154,-0.07976851851851852,-0.07662037037037034,0.35332641185131525,0.2619949192807362,0.20142676921641706,1.3427283174515157,0.000544703714950856,0.0031481481481481777,0.022859766639847342,0.5746608455912773,0.12481482844747414,0.11044924793723074,0.0,0.764857857594524,0.6068244979163541,0.2881655400647938,0.3147711861972084,0.41711562529502644,surprised,08,23,23,male,normal,2753
30,1.0010000000000001,True,1.0,0.5257637926360932,0.5193611130707529,0.5225624528534231,0.7656475485135652,-0.07074074074074066,-0.06884259259259251,0.3559161742798766,0.4533237262530278,0.20071877255469697,0.6825104499686969,0.006402679565340241,0.0018981481481481488,0.03434914715198302,0.40616623195537677,0.12209382730477122,0.1134498792599796,0.0,0.8320404862974643,0.5956828075292617,0.29225648934998116,0.33385144241079384,0.41011407227940305,surprised,08,23,23,male,normal,2753
40,1.3346666666666667,True,1.0,0.6994069548823693,0.6922208173420428,0.6958138861122061,0.6391058029061718,-0.08000000000000002,-0.08310185185185182,0.3648269872359425,0.41603124142119563,0.20977460082211372,1.0887303525459613,0.007186137540326487,0.0031018518518518,0.03214130015566446,0.45259291875373914,0.11983330548438703,0.1158350407536854,0.0,0.721155756731653,0.5879560012520633,0.2947915387020005,0.33273613118521833,0.4242043396504236,surprised,08,23,23,male,normal,2753
50,1.6683333333333334,True,1.0,0.5571295826092547,0.5345136496493206,0.5458216161292877,0.526228679079896,-0.09375000000000006,-0.09268518518518515,0.3695203738279507,0.3939814863935286,0.21528344806600494,1.0372327427757257,0.022615932959934137,0.0010648148148149073,0.02004377498232436,0.5622961375480778,0.12157879664628099,0.11400164023269574,0.0,0.9999999987499999,0.6080565729025985,0.2940510713682638,0.32688813791621096,0.4165942647330294,surprised,08,23,23,male,normal,2753
60,2.0020000000000002,True,1.0,0.7001086454233718,0.7030419154484318,0.7015752804359018,0.7055814863137608,-0.08250000000000002,-0.08754629629629629,0.3537385756289359,0.4749059888548653,0.2034737220567115,0.9943221216038575,0.002933270025059942,0.005046296296296271,0.010832689217655421,0.3985152453056204,0.12233874870016494,0.11318572496746217,0.0,0.7897925806276136,0.6166371020673894,0.2966410597771278,0.32858368233517293,0.42700217437980337,surprised,08,23,23,male,normal,2753
70,2.3356666666666666,True,1.0,0.7146716170014641,0.6965642795911002,0.7056179482962821,0.6269997888131914,-0.09217592592592594,-0.09152777777777776,0.3747403702231156,0.38162351427959706,0.21527919536383625,1.1253878564008803,0.018107337410363855,0.0006481481481481755,0.008867970408563195,0.44498882061552447,0.12169079480245516,0.11388208037352852,0.0,0.834507543930873,0.593520310452306,0.2925428260011567,0.32721151343255905,0.42802840114522167,surprised,08,23,23,male,normal,2753
80,2.6693333333333333,True,1.0,0.26834381551362735,0.23711436889860002,0.25272909220611367,0.45579467444401406,-0.07120370370370371,-0.06944444444444453,0.36343603075999237,0.2898827559464732,0.1944585692104391,0.5544801340963381,0.03122944661502733,0.0017592592592591827,0.009579284457230107,0.6921067177316187,0.12375424032070058,0.11146551854839229,0.0,0.8589315904755782,0.5849293941404687,0.2883741368698263,0.3221873768180825,0.3897049544530131,surprised,08,23,23,male,normal,2753
90,3.003,True,1.0,0.7123570796227189,0.6941766810088313,0.7032668803157751,0.48350909411849297,-0.07490740740740731,-0.08032407407407405,0.3761791956487305,0.29533360906460787,0.2020848434758866,1.4545060038590016,0.01818039861388754,0.005416666666666736,0.005299867119447439,0.5529178575354325,0.12339462353911171,0.11203367641841339,0.0,0.6869817060546421,0.6048710295993398,0.2888797878942206,0.3286835259231937,0.42720724795197895,surprised,08,23,23,male,normal,2753
0,0.0,True,1.0,0.674449446123218,0.6347649903825955,0.6546072182529068,0.44229582429005637,-0.06754629629629633,-0.06685185185185183,0.35094039339715805,0.2211115150026629,0.1993151252980422,1.4800212489087783,0.039684455740622515,0.0006944444444444975,0.0014639396723464845,0.5841222437100453,0.12625038054118673,0.10880541890737233,0.0,0.7596144801468137,0.6087273815541843,0.29183437091360925,0.30293441490684575,0.40082733877406357,surprised,08,23,23,male,strong,2754
10,0.33366666666666667,True,1.0,0.6900500193614676,0.677072149579969,0.6835610844707183,0.4329580021700621,-0.06824074074074082,-0.06930555555555556,0.3575429808565681,0.21644337236511613,0.20140252662755684,1.578816146241874,0.012977869781498619,0.0010648148148147407,0.0009633438744330438,0.602156789195692,0.12511200175461168,0.11011250967686893,0.0,0.7492760926208953,0.6090735773840786,0.2929916616810794,0.3054355710319459,0.40066534737739995,surprised,08,23,23,male,strong,2754
20,0.6673333333333333,True,1.0,0.692733163975764,0.6630654129548069,0.6778992884652855,0.4359025767835713,-0.06874999999999998,-0.06833333333333336,0.3541333743150191,0.21088588776648867,0.20487042134711547,1.555162379326487,0.02966775102095709,0.0004166666666666208,0.000550284992338304,0.6021567891956935,0.12453061633496144,0.11076959585321182,0.0,0.8417528201250144,0.6076158893088486,0.2927987022723118,0.3057701277438494,0.4031374519150096,surprised,08,23,23,male,strong,2754
30,1.0010000000000001,True,1.0,0.6559859993897905,0.6903453037106536,0.673165651550222,0.99401332543003,-0.07416666666666666,-0.08319444444444446,0.3687430184346115,0.42880900226155,0.2222222222222222,0.6772199469851142,0.03435930432086309,0.009027777777777801,0.007550019584950039,0.3185012611443709,0.12280494875570727,0.11267973345345175,0.0,0.6910549107275004,0.5927495873114871,0.2989913012624099,0.34292300669102216,0.4235929191247044,surprised,08,23,23,male,strong,2754
40,1.3346666666666667,True,1.0,0.6992565579724976,0.7135459042871396,0.7064012311298187,0.708699352559924,-0.07699074074074075,-0.08324074074074078,0.365254572297751,0.42359818411768074,0.2118185226278855,0.9967572689013978,0.01428934631464196,0.006250000000000033,0.014243329518336508,0.44784882454884506,0.12019759594973388,0.11545698635318824,0.0,0.6841812138457997,0.5945079492969063,0.29381501991994213,0.3271426070042689,0.42127934178328125,surprised,08,23,23,male,strong,2754
50,1.6683333333333334,True,1.0,0.7437462707246942,0.7362769828208109,0.7400116267727526,1.2155455287135917,-0.07300925925925933,-0.07412037037037039,0.3521047383972327,0.5648587890946172,0.1993438317690597,0.6087897238665381,0.007469287903883348,0.0011111111111110628,0.013608256094895316,0.24737816713126634,0.12310070600266236,0.11235654832648687,0.0,0.7197945753563308,0.5912617348267433,0.2965050464265281,0.3419152164098206,0.43863446431492076,surprised,08,23,23,male,strong,2754
60,2.0020000000000002,True,1.0,0.6983875308111575,0.6770761899700578,0.6877318603906076,0.7808367568222303,-0.08578703703703705,-0.0856944444444444,0.3728578830079605,0.46573959835499507,0.21600083423622596,0.8807626618263573,0.021311340841099646,9.259259259264407e-05,0.015142130733725933,0.38149104721944194,0.12328769696604373,0.11215133323842158,0.0,0.6508635413157478,0.5953981161996048,0.2920008947983642,0.32730613148895266,0.4154524274960617,surprised,08,23,23,male,strong,2754
70,2.3356666666666666,True,1.0,0.7241543409597304,0.7022203410291611,0.7131873409944458,0.8563308557745934,-0.07342592592592595,-0.07703703703703701,0.33902724770373227,0.5183055179688326,0.20146312763000518,0.8328408770805447,0.021933999930569326,0.003611111111111065,0.0031488474794037803,0.34717239562467994,0.12314374276364877,0.11230937800816569,0.0,0.6089038906476376,0.5951097826161714,0.29383840049803506,0.3256885927864848,0.41705215498477277,surprised,08,23,23,male,strong,2754
80,2.6693333333333333,True,1.0,0.6961314939698368,0.6914510178748221,0.6937912559223294,0.6418521424414992,-0.08787037037037038,-0.08810185185185176,0.36099890408100044,0.34872841072720284,0.21320017014117348,1.0809206825784865,0.004680476095014652,0.00023148148148138814,0.0066468631314202135,0.43006328572181135,0.1240645526754254,0.11129134979733281,0.0,0.9137225609641545,0.6020398641800471,0.28950451668423366,0.3217067156594034,0.415300593854493,surprised,08,23,23,male,strong,2754
90,3.003,True,1.0,0.6467082368612297,0.6143218266444667,0.6305150317528482,0.546391761285653,-0.09412037037037035,-0.09055555555555556,0.35723814320989017,0.3149313426096193,0.22014755301501807,1.1539614548163284,0.03238641021676303,0.0035648148148147984,0.011838802285412973,0.510157523753757,0.12427256488346385,0.11105902659225991,0.0,0.8402259890336815,0.6034447453903438,0.2889430604334933,0.31117403998495186,0.399505661128327,surprised,08,23,23,male,strong,2754
100,3.336666666666667,True,1.0,0.3170727794311297,0.3223601832573869,0.31971648134425834,0.5120318605542754,-0.10120370370370374,-0.09810185185185188,0.3423513357078004,0.343615361097972,0.22363874581897988,0.6244073972236116,0.005287403826257198,0.0031018518518518556,0.01971421937949099,0.557963941389522,0.12293341995999944,0.11253955760976081,0.0,0.6802288261773758,0.6080638642566402,0.29150892604977974,0.3148200163487832,0.40520655489617413,surprised,08,23,23,male,strong,2754
0,0.0,True,1.0,0.6040939464150298,0.606460527420294,0.6052772369176619,0.508838804675402,-0.07004629629629633,-0.06935185185185183,0.333842880265664,0.31411088894236505,0.19030343754396392,1.1895264892459996,0.0023665810052642122,0.0006944444444444975,0.002565065991619003,0.5201177885902054,0.12399307006606239,0.11137098520521933,0.0,0.8933016905105121,0.6147479664131278,0.2903935359472345,0.30670075627509885,0.4196314900858491,surprised,08,23,23,male,strong,2755
10,0.33366666666666667,True,1.0,0.633475418531666,0.6298925224528406,0.6316839704922532,0.4947204045276844,-0.06958333333333339,-0.06833333333333336,0.3341706807345351,0.2921650581263629,0.1909917968582275,1.276850448679855,0.0035828960788254482,0.0012500000000000289,0.0003113697754102426,0.552657358648756,0.12443796018081017,0.11087367512680989,0.0,0.7996736130753344,0.6136217394770409,0.29065880080016315,0.3090780069037975,0.42091994137458016,surprised,08,23,23,male,strong,2755
20,0.6673333333333333,True,1.0,0.6354037060507338,0.6064605274202947,0.6209321167355142,0.524466541605492,-0.0687962962962963,-0.06768518518518518,0.33396981221332817,0.30714788162002243,0.19030343754396392,1.183930846827183,0.02894317863043916,0.0011111111111111183,0.007267335552152266,0.517383765898559,0.12471917378302935,0.11055724969894695,0.0,0.8147966692091803,0.6115260609790791,0.29105033804444436,0.3080645689168865,0.41952719144486106,surprised,08,23,23,male,strong,2755
30,1.0010000000000001,True,1.0,0.6833005189447036,0.6894415713212494,0.6863710451329765,1.0149429025206385,-0.0557407407407407,-0.05481481481481493,0.37705831000429557,0.42597660947932803,0.19029221182200778,0.6762656731017629,0.00614105237654583,0.0009259259259257746,0.020856127371541067,0.3173064984350844,0.11764973957627006,0.11805217722251243,0.0,0.879197918824692,0.5895068729444902,0.29971117069332914,0.33143729170088493,0.4445206011454852,surprised,08,23,23,male,strong,2755
40,1.3346666666666667,True,1.0,0.6429883955234404,0.6593258186817779,0.6511571071026092,0.8327924920001409,-0.07249999999999995,-0.07606481481481481,0.3578409684373585,0.4307344810171112,0.20278116394652995,0.7818959865244547,0.016337423158337416,0.003564814814814854,0.008572421642343675,0.3529319559865292,0.12109778237595535,0.1145124660173747,0.0,0.9999999987499999,0.5539285973373724,0.2608391488694349,0.32634613763183423,0.385648204844803,surprised,08,23,23,male,strong,2755
50,1.6683333333333334,True,1.0,0.7129115231856706,0.6738351254480283,0.6933733243168494,0.562745946784321,-0.06347222222222226,-0.06375000000000003,0.35596748999422406,0.36073458127200037,0.18544999298171572,1.2321249549267619,0.03907639773764238,0.0002777777777777657,0.0054962537701851825,0.5106348656097927,0.12242496986804767,0.11309246006148616,0.0,0.6467715972178769,0.6163555196375425,0.2959257156694836,0.32475974917853695,0.4216624993275338,surprised,08,23,23,male,strong,2755
60,2.0020000000000002,True,1.0,0.6406021136994161,0.6519634389830686,0.6462827763412424,0.7976790607097898,-0.09009259259259261,-0.0939814814814815,0.33965230072693725,0.42894062698545293,0.21747480566727562,0.8102040133361003,0.011361325283652524,0.003888888888888886,0.0037901400629725955,0.3417126467221656,0.12069675671705594,0.11493507161856849,0.0,0.7030602433187664,0.6135927970954007,0.29436952271068517,0.3109942884668344,0.4112131462893569,surprised,08,23,23,male,strong,2755
70,2.3356666666666666,True,1.0,0.6750204864105851,0.662972456774237,0.668996471592411,0.7680889712194094,-0.08986111111111117,-0.0893518518518518,0.3592270405704403,0.4052923458392485,0.22098563838149468,0.8709882535226613,0.012048029636348101,0.0005092592592593759,0.01424165027548054,0.3871081358208906,0.12188366526222587,0.11367563464668864,0.0,0.6388398980100941,0.5912331217486995,0.2910775053986421,0.31991589365270195,0.41684629785528154,surprised,08,23,23,male,strong,2755
80,2.6693333333333333,True,1.0,0.49808659396462956,0.4880327373839677,0.4930596656742986,0.5082297025428609,-0.090787037037037,-0.08939814814814817,0.36542469352644075,0.2884213676773509,0.22154017579487245,0.9701512194335337,0.01005385658066188,0.0013888888888888284,0.007156431817294094,0.5801589966024596,0.12322693051020316,0.11221809732399401,0.0,0.6957776565741531,0.59679916383741,0.28758682758837784,0.3152538478099321,0.40172547214517534,surprised,08,23,23,male,strong,2755
90,3.003,True,1.0,0.6197810686681023,0.6030799822045988,0.6114305254363506,0.5421007573543274,-0.09550925925925924,-0.08986111111111106,0.3523793936810736,0.41298516657545803,0.22577049082747075,1.1278909264402814,0.016701086463503545,0.00564814814814818,0.035865718715301254,0.5422419295059144,0.12039443933951009,0.11525171038181015,0.0,0.6726011907420213,0.6044906379504927,0.288696084583888,0.3258789968079065,0.4209180673721047,surprised,08,23,23,male,strong,2755
100,3.336666666666667,True,1.0,0.5347652013990513,0.5317319183169237,0.5332485598579875,0.5059256813961429,-0.09231481481481485,-0.08856481481481482,0.3522068808049378,0.4100659732821497,0.21876255544325338,1.054005715595312,0.0030332830821275802,0.003750000000000031,0.04396126045429059,0.5713424149216716,0.12333109290676847,0.1121036096322199,0.0,0.674722066805735,0.609342778103429,0.288968239333357,0.33052758965243456,0.42647674598213003,surprised,08,23,23,male,strong,2755
0,0.0,True,1.0,0.5912006784517253,0.5727624075900553,0.5819815430208903,0.42492446194024436,-0.0706944444444445,-0.07055555555555548,0.3664992537396376,0.24656802265852604,0.18682556675428655,1.3696117666737961,0.018438270861670047,0.00013888888888902162,0.0021046781741033546,0.6198916430335759,0.12684375653783947,0.10811308522941517,0.0,0.8855565456622053,0.6114374765531213,0.29143185776280145,0.30961665562824314,0.4221662969570155,surprised,08,23,23,male,strong,2756
10,0.33366666666666667,True,1.0,0.6040939464150303,0.5776702584505686,0.5908821024327995,0.4141910106027171,-0.07171296296296292,-0.07004629629629622,0.36274131888097194,0.24847093366840373,0.188214307974696,1.4265932560268928,0.026423687964461706,0.0016666666666667052,0.0005749448845756444,0.6266685720222863,0.12469012314279186,0.11059001293446907,0.0,0.7344389540571145,0.6116222283757253,0.2907172157414095,0.3068665834168348,0.4214883716611442,surprised,08,23,23,male,strong,2756
20,0.6673333333333333,True,1.0,0.6187856856954582,0.6059454029012874,0.6123655442983729,0.43470133099690084,-0.07064814814814813,-0.06958333333333327,0.3581201948451954,0.2523656825623347,0.18960305135840613,1.408704093208168,0.01284028279417082,0.0010648148148148517,0.001237878354720377,0.5841222437100455,0.12475407647511255,0.11051786359210618,0.0,0.9999999987499999,0.6129617808138881,0.2908869415309061,0.3090208575214714,0.42148429969213075,surprised,08,23,23,male,strong,2756
30,1.0010000000000001,True,1.0,0.7001406104565295,0.7784127636225829,0.7392766870395562,0.976759970008954,-0.0924537037037037,-0.09388888888888897,0.34657335381771087,0.47309983790779636,0.22747138694644709,0.756866282135599,0.0782721531660534,0.0014351851851852615,0.03253735445016661,0.2742366049616164,0.11893926440136905,0.11675285501264673,0.0,0.8802786800080492,0.6407855211928521,0.32164577400316874,0.3044645779269355,0.4497109114382331,surprised,08,23,23,male,strong,2756
40,1.3346666666666667,True,1.0,0.6470284858990967,0.6699250814343793,0.658476783666738,0.6892562606045197,-0.07296296296296295,-0.07851851851851849,0.36838931425071847,0.3376501108261784,0.2125229766989913,0.9553439283804456,0.02289659553528267,0.005555555555555536,0.017729255638996803,0.4348109222438945,0.1214451949175277,0.1141439547300211,0.0,0.6185545059485477,0.5970962087882028,0.2948439534472173,0.33429138109192635,0.43315031965117623,surprised,08,23,23,male,strong,2756
50,1.6683333333333334,True,1.0,0.5522370645186104,0.5385980220536464,0.5454175432861283,0.7286941318594184,-0.09518518518518526,-0.09435185185185185,0.35252716684842045,0.37142253071421577,0.22509797400330064,0.7484862570450227,0.013639042464964057,0.0008333333333334081,0.022373194654548786,0.38695696361312065,0.11782169814776085,0.11788055486475682,0.0,0.6666214736271603,0.6056470554784413,0.29206775093169435,0.31075260487251977,0.4187450672538214,surprised,08,23,23,male,strong,2756
60,2.0020000000000002,True,1.0,0.7289303303509956,0.7044356616501355,0.7166829960005656,1.0100047384624518,-0.0935185185185185,-0.09009259259259261,0.3132621811993584,0.4968571697274971,0.21806815098199114,0.7095837957073201,0.024494668700860145,0.003425925925925888,0.020224632015417177,0.2726548977888374,0.12255631801002878,0.11295010706430572,0.0,0.6807182775308056,0.6140746816617273,0.2963822641499434,0.3227269366195034,0.42581981126921237,surprised,08,23,23,male,strong,2756
70,2.3356666666666666,True,1.0,0.4042388241760129,0.3639731588616979,0.3841059915188554,0.6148716038395975,-0.09703703703703709,-0.09625,0.35650209307566066,0.30022790360322493,0.220845770335711,0.6246930076462885,0.040265665314315024,0.000787037037037086,0.0032634061639645307,0.4775490214905089,0.12326913371071467,0.11217173638846921,0.0,0.6665244588313364,0.6003602771577381,0.2912513823015726,0.31990114972261363,0.407524611904889,surprised,08,23,23,male,strong,2756
80,2.6693333333333333,True,1.0,0.6154257650419925,0.5869626089859052,0.6011941870139489,0.5912413331645882,-0.09435185185185191,-0.09097222222222212,0.362929279520785,0.28184675395063635,0.22018878958176905,1.0168338262078,0.02846315605608729,0.003379629629629788,0.007518124981334827,0.44715455194511444,0.12347463172946088,0.1119454915994985,0.0,0.7076413773744951,0.6048736562828256,0.29144357386630887,0.31866629143464476,0.4136024311378509,surprised,08,23,23,male,strong,2756
90,3.003,True,1.0,0.6642560122789488,0.5969919456675952,0.6306239789732719,0.6055040733485083,-0.09314814814814815,-0.09129629629629626,0.3628915948120317,0.2889669680601004,0.21806815098199106,1.04148593994727,0.06726406661135365,0.0018518518518518823,3.7239508087794474e-05,0.44970931080321647,0.12448376410276323,0.11082224616457731,0.0,0.6751855850429632,0.6081427595413166,0.2909151307623994,0.3221678397503213,0.4227790964603993,surprised,08,23,23,male,strong,2756
0,0.0,True,1.0,0.6193135338745219,0.5776755616340199,0.5984945477542709,0.4408627213690956,-0.06925925925925924,-0.0689351851851851,0.3529017386455502,0.2630521940176268,0.1889470428504479,1.3575530856763098,0.04163797224050203,0.00032407407407414324,0.00632122569208002,0.5885575560208627,0.12653164605163475,0.10847820204028448,0.0,0.7914536489569122,0.6115864787086709,0.29054909829235226,0.3101380972750303,0.41985314070465535,surprised,08,23,23,male,strong,2757
10,0.33366666666666667,True,1.0,0.6187836792512389,0.5870704193967329,0.6029270493239859,0.4028412448812529,-0.06944444444444436,-0.06949074074074069,0.3643844925642772,0.24304813842817777,0.190310252837807,1.4966864912298468,0.031713259854506015,4.629629629632204e-05,0.004766928874222005,0.6436697291871796,0.12545553438921833,0.10972094905441841,0.0,0.7010377764543401,0.6141628444112021,0.29057789583911325,0.3095563062446205,0.4207190226330854,surprised,08,23,23,male,strong,2757
20,0.6673333333333333,True,1.0,0.623230956541154,0.6241330926950364,0.6236820246180952,0.43397683049470004,-0.07013888888888886,-0.07004629629629633,0.3580282400838754,0.2589435483679094,0.19102974196900294,1.4371320789341355,0.0009021361538823491,9.259259259253305e-05,0.012371998724947103,0.6021567891956936,0.1247164249038139,0.11056035062101723,0.0,0.7303327886669193,0.6129993674266582,0.29213798281861014,0.30880548289531656,0.41993032276330333,surprised,08,23,23,male,strong,2757
30,1.0010000000000001,True,1.0,0.6374880275909579,0.6770761899700584,0.6572821087805081,0.8919756669089027,-0.08550925925925928,-0.08884259259259264,0.3470175192480148,0.4605908031738767,0.22083644264959246,0.7368834522787897,0.039588162379100456,0.003333333333333355,0.01770177812860283,0.3355761606512308,0.1218735929563722,0.11368643327118759,0.0,0.7478395093966589,0.5995501630964887,0.2957997275515313,0.3332357343654148,0.4321864919435956,surprised,08,23,23,male,strong,2757
40,1.3346666666666667,True,1.0,0.6536035058279046,0.6878893136612199,0.6707464097445622,0.6847794487875037,-0.09050925925925918,-0.0920833333333333,0.3581070741499221,0.34949884629453115,0.2270997954301553,0.979507213500947,0.03428580783331525,0.0015740740740741166,0.01110959667822737,0.42645022099102503,0.11992572094429577,0.11573935901761767,0.0,0.6705977824472621,0.5962848539259453,0.29594176787281345,0.3258245507919699,0.4260708460933081,surprised,08,23,23,male,strong,2757
50,1.6683333333333334,True,1.0,0.6244262279306552,0.6067019400352731,0.6155640839829641,0.7965923488231602,-0.07824074074074078,-0.08032407407407405,0.3687709050202724,0.41203052525335926,0.20902923774983856,0.7727466688480792,0.01772428789538205,0.0020833333333332704,0.0017624070535169453,0.3940136166216018,0.12101331725481151,0.11460172257419662,0.0,0.6773367659930174,0.596764654752526,0.29558299435340013,0.3261867681830861,0.42363358842224813,surprised,08,23,23,male,strong,2757
60,2.0020000000000002,True,1.0,0.6432962985535748,0.6894468141477591,0.6663715563506669,0.8100775953203556,-0.09194444444444444,-0.09361111111111109,0.3307918057647067,0.38164884621456324,0.22104915413263118,0.822602131203421,0.04615051559418426,0.0016666666666666496,0.016093864724159686,0.3142724325681396,0.12316154047873991,0.11228986025965025,0.0,0.6412059358336449,0.6090009463551045,0.2942560086952068,0.32071486715620173,0.4175982945035469,surprised,08,23,23,male,strong,2757
70,2.3356666666666666,True,1.0,0.6816632984221888,0.6462302529392955,0.6639467756807421,0.6276413682952398,-0.08328703703703705,-0.08412037037037029,0.3659481779951651,0.334262260260532,0.21458653321087062,1.0578441913159944,0.03543304548289328,0.0008333333333332416,0.0031786203144121856,0.45708766670085227,0.12109372190957564,0.11451675983930404,0.0,0.6930461869954978,0.5924271767691451,0.29321886022198196,0.3231843965650804,0.42006121758972353,surprised,08,23,23,male,strong,2757
80,2.6693333333333333,True,1.0,0.5566866506874241,0.5389332854944219,0.547809968090923,0.6052496015317855,-0.0924537037037037,-0.09129629629629626,0.35474146027367987,0.3025989110711792,0.2215291553694976,0.9050976104808786,0.01775336519300219,0.0011574074074074403,0.005435363192800618,0.4601658978405579,0.12322472166084125,0.11222052281901379,0.0,0.6511270877241626,0.6004217967186875,0.29053018538521314,0.3240184537404919,0.4154023243229693,surprised,08,23,23,male,strong,2757
90,3.003,True,1.0,0.6352956811610746,0.6299954340295562,0.6326455575953154,0.5899348299439992,-0.09337962962962959,-0.09000000000000008,0.35678324952030416,0.28784114045933723,0.2194726037952607,1.0723990608511293,0.005300247131518443,0.0033796296296295103,0.016878122460949413,0.4576761013220766,0.12421897214847506,0.11111896655623345,0.0,0.6749850949910338,0.6098554123602566,0.2892915853180536,0.32381043950669613,0.419414834826525,surprised,08,23,23,male,strong,2757
0,0.0,True,1.0,0.6244803290049303,0.6915538726556291,0.6580171008302798,0.5037582836152148,-0.08134259259259252,-0.07254629629629633,0.36170254254258155,0.17769979223790452,0.2146188848482513,1.3062159417171835,0.06707354365069873,0.008796296296296191,0.02518064888067896,0.5291221941681387,0.09458764106304912,0.11796417545705108,0.0,0.9999999987499999,0.6621512763308449,0.31590894253312046,0.26266156398803037,0.39301828262706007,neutral,01,24,24,female,normal,2758
10,0.33366666666666667,True,1.0,0.6319565240699244,0.6788050588424235,0.655380791456174,0.47807839528804147,-0.08180555555555558,-0.07541666666666674,0.35806727219286594,0.1717828857184172,0.2146188848482513,1.3708646906357442,0.04684853477249906,0.006388888888888833,0.02191733566264096,0.5448377066694533,0.09458490789408333,0.11812775998621614,0.0,0.9999999987499999,0.6623673244610344,0.31589282686201947,0.2624259127315842,0.3906597661479463,neutral,01,24,24,female,normal,2758
20,0.6673333333333333,True,1.0,0.6092309764750833,0.66224016539964,0.6357355709373617,0.5273069679849333,-0.0809259259259259,-0.07319444444444445,0.35857299748252985,0.1807909604519767,0.21532065562714578,1.20562710059907,0.05300918892455675,0.00773148148148145,0.018379588208135803,0.48214285714285776,0.09486620173814046,0.11886757309633192,0.0,0.9999999987499999,0.6601664824836185,0.3157715589728611,0.26287158685223855,0.38908147756792877,neutral,01,24,24,female,normal,2758
30,1.0010000000000001,True,1.0,0.6047528819287782,0.6208940224037367,0.6128234521662574,0.8195084977493415,-0.08097222222222228,-0.07351851851851854,0.42720448654097704,0.11976983426104035,0.21251292469885805,0.7477938957915459,0.016141140474958515,0.00745370370370374,0.019152783684825994,0.32919350492648164,0.09429417701130213,0.11868145835579115,0.0,0.9999999987499999,0.6618802064341361,0.3184244297533891,0.2771445259185378,0.4110179187293896,neutral,01,24,24,female,normal,2758
40,1.3346666666666667,True,1.0,0.6565772572143321,0.6684797820183416,0.6625285196163369,0.7979372023969357,-0.07939814814814822,-0.07249999999999995,0.38435569476582676,0.2098915124854672,0.220845770335711,0.8303015796558393,0.01190252480400944,0.006898148148148264,0.020687403541928287,0.3452434719294329,0.09465140680820258,0.11871815135114479,0.0,0.9999999987499999,0.6607192902551646,0.3169907218219401,0.2729255382004723,0.3944093970091015,neutral,01,24,24,female,normal,2758
50,1.6683333333333334,True,1.0,0.6583469446817409,0.6648396882728244,0.6615933164772827,1.0192314125992048,-0.07893518518518516,-0.07189814814814816,0.3477259408706578,0.33201029622719375,0.21181456055111783,0.6491100139762302,0.0064927435910834275,0.007037037037037008,0.018228357415658286,0.28164759712105997,0.09429636468799985,0.11851907878170809,0.0,0.9724801119243377,0.6589026883253302,0.31692860474123546,0.2687974309096741,0.3944290602120708,neutral,01,24,24,female,normal,2758
60,2.0020000000000002,True,1.0,0.6369834280280351,0.6417602425851653,0.6393718353066002,0.8444444444444438,-0.08129629629629631,-0.0731944444444444,0.36043438494653246,0.2666666666666657,0.21321734630882008,0.757150857599922,0.004776814557130193,0.008101851851851916,0.017204642449818935,0.33598466571950314,0.09480523484010803,0.11811242049510072,0.0,0.9999999987499999,0.658088675407663,0.3167731880403188,0.2657775989905496,0.3908835455128442,neutral,01,24,24,female,normal,2758
70,2.3356666666666666,True,1.0,0.6276238825017174,0.6530186114096213,0.6403212469556694,0.7046696747392607,-0.08324074074074078,-0.0757870370370371,0.37827738363344315,0.2516511601001704,0.21251292469885805,0.9086828480203845,0.02539472890790384,0.007453703703703685,0.01901106087313271,0.4038269955817155,0.09346947184451995,0.11917228814323148,0.0,0.9999999987499999,0.6598004296171593,0.31699518348868055,0.2636711607749559,0.39013522556713837,neutral,01,24,24,female,normal,2758
80,2.6693333333333333,True,1.0,0.6449384214305818,0.6464344983940227,0.6456864599123022,0.6820461353999092,-0.08277777777777773,-0.07430555555555551,0.38088523395995494,0.23445335904371875,0.20973131666752298,0.9466902990861638,0.0014960769634408955,0.008472222222222214,0.01414372646266252,0.3984374999999993,0.09372603934234922,0.119609455176044,0.0,0.9999999987499999,0.6603195968231043,0.3169846504659296,0.26259612503351837,0.38747956361107,neutral,01,24,24,female,normal,2758
90,3.003,True,1.0,0.6500354563179122,0.6889760826732886,0.6695057694956004,0.45116488036439106,-0.08189814814814822,-0.07416666666666666,0.3825183277859883,0.16211233523134808,0.21112412083566012,1.4839492137660684,0.03894062635537643,0.007731481481481561,0.015758448553319815,0.5632803693771796,0.09463491093997471,0.11744058209083062,0.0,0.9999999987499999,0.6592413684301844,0.3171563184688954,0.2621926294778359,0.38968380749347187,neutral,01,24,24,female,normal,2758
100,3.336666666666667,True,1.0,0.6261893058931797,0.6348614715143281,0.6305253887037539,0.45460771442802556,-0.08148148148148149,-0.07550925925925928,0.3911285660255103,0.15153590480934223,0.21112412083566012,1.386965880016055,0.008672165621148475,0.005972222222222212,0.017728224511276282,0.5803371498791394,0.09468625189157419,0.11707417519884394,0.0,0.9999999987499999,0.6594903252785489,0.3170123205242298,0.2617736992019966,0.39107314073644556,neutral,01,24,24,female,normal,2758
110,3.6703333333333332,True,1.0,0.6167250795051662,0.6568809540159625,0.6368030167605643,0.44447023633040517,-0.08314814814814808,-0.07430555555555551,0.3874639170075269,0.13193172016219787,0.2104529220518775,1.4327236442603661,0.040155874510796274,0.008842592592592569,0.021981264175351234,0.5975639363471406,0.09453013357860765,0.11784870992632572,0.0,0.9999999987499999,0.6587408386948529,0.31724502716851294,0.26179873635336315,0.39075302527575156,neutral,01,24,24,female,normal,2758
0,0.0,True,1.0,0.5992137653217937,0.6411452443949505,0.620179504858372,0.48847769736000923,-0.08240740740740743,-0.07499999999999996,0.3610207327126529,0.17020235221276098,0.21463452564928703,1.2696168283836677,0.04193147907315675,0.007407407407407474,0.02329856644530326,0.5462163026642952,0.09483541054292868,0.1176031865752531,0.0,0.9999999987499999,0.6640276187506253,0.3143900992723843,0.2651316463145839,0.39297298456376684,neutral,01,24,24,female,normal,2759
10,0.33366666666666667,True,1.0,0.6644153453187791,0.6518289738823472,0.6581221596005631,0.5228849933907188,-0.08166666666666667,-0.07541666666666663,0.35788814148311043,0.2016581701911853,0.21323774121093325,1.2586365413413005,0.012586371436431931,0.006250000000000033,0.0237205285792959,0.5150122464652057,0.09487834315487591,0.11740639096108492,0.0,0.9999999987499999,0.6621954271317902,0.31204768231623287,0.2615041996225121,0.3897675608500203,neutral,01,24,24,female,normal,2759
20,0.6673333333333333,True,1.0,0.6367706423776773,0.6495044310973227,0.6431375367375001,0.8823045267489716,-0.0859259259259259,-0.07837962962962963,0.4065377919008457,0.21069958847736667,0.2069743044572451,0.7289292044179685,0.012733788719645367,0.007546296296296273,0.0205918591403821,0.2942220965011017,0.09491719282716156,0.11769917178599118,0.0,0.9999999987499999,0.659478965554972,0.3185596849385203,0.2671369782710553,0.39881767068990615,neutral,01,24,24,female,normal,2759
30,1.0010000000000001,True,1.0,0.6095579746296627,0.6229041321599972,0.6162310533948299,0.819508497749342,-0.08398148148148149,-0.0778240740740741,0.42755189680546607,0.1197698342610394,0.21112014572710366,0.7519519993840413,0.013346157530334524,0.006157407407407389,0.016806667557941805,0.32919350492648225,0.09392909028444955,0.11816719780202015,0.0,0.9999999987499999,0.6582122602322178,0.3188272943557499,0.2721428553121731,0.4035007179475238,neutral,01,24,24,female,normal,2759
40,1.3346666666666667,True,1.0,0.634448356697233,0.6174396244443331,0.6259439905707831,0.8816976447851828,-0.0831944444444444,-0.07671296296296298,0.37008863327256536,0.30853994490358133,0.21877824873405635,0.7099304328109988,0.017008732252899894,0.0064814814814814214,0.014175250922246087,0.30932063201067056,0.09382994799274172,0.11840694846853286,0.0,0.9999999987499999,0.6588601786183224,0.3174780212964788,0.26941196620199953,0.39280427589656813,neutral,01,24,24,female,normal,2759
50,1.6683333333333334,True,1.0,0.641135514966578,0.6670148425947426,0.6540751787806602,1.148470159740156,-0.08421296296296299,-0.07722222222222219,0.34252881133219176,0.38539970152477054,0.21323022752658174,0.5695186533437196,0.025879327628164694,0.006990740740740797,0.016253048648800447,0.27770231722834743,0.09525680863641774,0.11791022340908497,0.0,0.9999999987499999,0.6593883381008654,0.31743172049969065,0.2731221571726743,0.39930114573008,neutral,01,24,24,female,normal,2759
60,2.0020000000000002,True,1.0,0.6402936130168873,0.6490874753204716,0.6446905441686794,0.7948582629349196,-0.08356481481481487,-0.0762962962962963,0.3709931139584146,0.2673614157144722,0.21599482955988772,0.8110761053023923,0.008793862303584365,0.007268518518518563,0.01298808534714583,0.34772727272727355,0.09490470245936658,0.11770924340970249,0.0,0.9999999987499999,0.6606279935567977,0.31462993143454365,0.26344446837430296,0.3845119803770839,neutral,01,24,24,female,normal,2759
70,2.3356666666666666,True,1.0,0.6378694465610204,0.6360189127530457,0.636944179657033,0.7480206305895996,-0.0826851851851852,-0.07513888888888892,0.36764365084681416,0.27867435257259576,0.2194531359876101,0.8515061665545044,0.0018505338079747302,0.007546296296296273,0.01588653380882359,0.3755122734512079,0.09467279540969502,0.1187010955298306,0.0,0.9999999987499999,0.6602901584618224,0.3139414791719226,0.26591824138870335,0.38828567214940723,neutral,01,24,24,female,normal,2759
80,2.6693333333333333,True,1.0,0.6362272422852133,0.6529165740865255,0.6445719081858694,0.5017921146953402,-0.08194444444444443,-0.07523148148148151,0.3728477424047673,0.18637992831541164,0.2159810534951401,1.284539731313269,0.016689331801312157,0.006712962962962921,0.012283580131269173,0.5311261860520582,0.09558585470124405,0.11731929450108675,0.0,0.9999999987499999,0.6621522204819428,0.3138808303532,0.2627160426941809,0.38810578006251806,neutral,01,24,24,female,normal,2759
90,3.003,True,1.0,0.6403633958604587,0.6927880916412001,0.6665757437508294,0.48357282344580704,-0.08069444444444446,-0.07384259259259263,0.3725378704194692,0.19198058487122255,0.21529053571627524,1.3784392162508097,0.05242469578074149,0.006851851851851831,0.01133501774889555,0.5624230354721581,0.09625144063242974,0.11758678665121228,0.0,0.9999999987499999,0.6605045256071178,0.3148251473621042,0.26276527925844656,0.38784224436855375,neutral,01,24,24,female,normal,2759
100,3.336666666666667,True,1.0,0.719753253951252,0.7351657569393425,0.7274595054452972,0.4954614642879205,-0.07986111111111116,-0.07305555555555565,0.367723930729331,0.19670042873244115,0.21599482955988772,1.4682463882247743,0.015412502988090493,0.006805555555555509,0.016037292653554344,0.5293393275032071,0.09507139423221263,0.11822104009903607,0.0,0.9999999987499999,0.6614003779089761,0.3141805654519303,0.2609726804101749,0.3871690330398361,neutral,01,24,24,female,normal,2759
0,0.0,True,1.0,0.6319621428541986,0.6596751284913955,0.6458186356727971,0.45161302639342066,-0.08356481481481476,-0.07518518518518519,0.36573788550297076,0.18935493814668933,0.21113423895609143,1.4300265889810606,0.02771298563719693,0.00837962962962957,0.026346987564707013,0.5805495970844736,0.09430899085697962,0.11899034630617276,0.0,0.9999999987499999,0.6599259873558799,0.3166321935991833,0.258468856081183,0.3880452756525253,neutral,01,24,24,female,normal,2760
10,0.33366666666666667,True,1.0,0.6312766789024977,0.6620332102169176,0.6466549445597076,0.44034380880043467,-0.08356481481481476,-0.07476851851851851,0.3662132267325463,0.1981547139601957,0.2111721775899551,1.4685228488196456,0.03075653131441991,0.008796296296296247,0.02629018085042608,0.5999999999999994,0.09566332642801073,0.11725613185582864,0.0,0.9999999987499999,0.6600127968531161,0.3178524637366686,0.2597982967985651,0.38826787689101333,neutral,01,24,24,female,normal,2760
20,0.6673333333333333,True,1.0,0.6455671703938053,0.6514264587997247,0.648496814596765,0.46995325645730696,-0.08361111111111103,-0.07513888888888887,0.3651123526905514,0.20560454970007194,0.2111548350602788,1.3799176954010062,0.005859288405919427,0.008472222222222159,0.024175373546534276,0.5809192659944358,0.09494110267172931,0.11767988594837404,0.0,0.9999999987499999,0.6601529558073229,0.31756013663466026,0.2586211156065931,0.38775910504922484,neutral,01,24,24,female,normal,2760
30,1.0010000000000001,True,1.0,0.6146352962000553,0.5935456587785682,0.6040904774893118,0.8887975486562728,-0.08458333333333329,-0.07625000000000004,0.3801245738021178,0.32254749749622796,0.21672616777389866,0.6796716287107284,0.021089637421487062,0.008333333333333248,0.02017625933087194,0.3101498517508968,0.0927395020594357,0.11894301765252117,0.0,0.9999999987499999,0.6598527593302946,0.3181253639532756,0.26617168140034997,0.39097996749611624,neutral,01,24,24,female,normal,2760
40,1.3346666666666667,True,1.0,0.6377964705470418,0.6349831467716301,0.636389808659336,0.7705785814936015,-0.0885185185185185,-0.07884259259259263,0.3945117476091862,0.24768597262294337,0.2194531359876101,0.8258597162483166,0.002813323775411658,0.009675925925925866,0.011091564141022064,0.3456940044412585,0.09456420849328168,0.11749751981580651,0.0,0.9999999987499999,0.6593340609603217,0.3171254943178767,0.2685174815659707,0.39089237465200305,neutral,01,24,24,female,normal,2760
50,1.6683333333333334,True,1.0,0.5958448476985865,0.5985851378252188,0.5972149927619026,0.7033961550171708,-0.08421296296296299,-0.07754629629629628,0.39851203561702425,0.17583875124460038,0.21528663753750232,0.8490450061492358,0.00274029012663235,0.00666666666666671,0.015765327460243197,0.39129490994073074,0.09492320326599225,0.11801763389452959,0.0,0.9999999987499999,0.6618097101262379,0.3175782212523529,0.2697288337226063,0.3988247650918452,neutral,01,24,24,female,normal,2760
60,2.0020000000000002,True,1.0,0.6870294232440579,0.6807681671673305,0.6838987952056942,0.9312169312169306,-0.08587962962962958,-0.07884259259259252,0.38011678807941596,0.28218694885361467,0.21599482955988772,0.734414047124297,0.0062612560767274505,0.007037037037037064,0.012839742937000256,0.298680007054149,0.0927221500149119,0.11927643305353008,0.0,0.9999999987499999,0.658075773324955,0.31798413165108796,0.2608833302390826,0.38519564111908433,neutral,01,24,24,female,normal,2760
70,2.3356666666666666,True,1.0,0.6546331216191162,0.7165513683971039,0.68559224500811,0.8291876715000408,-0.08615740740740735,-0.07625000000000004,0.36192803645079435,0.318204397615163,0.2146860611330766,0.8268239731155678,0.06191824677798763,0.00990740740740731,0.0453111580621862,0.3217781582585202,0.09493978903901795,0.11864834038394362,0.0,0.9999999987499999,0.6581745378307573,0.31515888418277815,0.2699447451087576,0.39581534012695724,neutral,01,24,24,female,normal,2760
80,2.6693333333333333,True,1.0,0.7040913910214306,0.7381468106437641,0.7211191008325973,0.6499989709147211,-0.08310185185185182,-0.07615740740740734,0.3760426526665617,0.1804988726115103,0.21323022752658163,1.1094157577169566,0.034055419622333494,0.006944444444444475,0.021278406960986002,0.4004916742858226,0.09408940747599863,0.118683443786905,0.0,0.9999999987499999,0.657813317616109,0.31668772460848094,0.2683067623967321,0.3896134306763464,neutral,01,24,24,female,normal,2760
90,3.003,True,1.0,0.6798600802541548,0.7102860328736263,0.6950730565638905,0.4682191600270058,-0.08055555555555555,-0.07731481481481478,0.3796067097195418,0.16314358427903075,0.2160075451475421,1.4845036596191414,0.030425952619471563,0.0032407407407407662,0.005079162595846937,0.5802528604862305,0.09343441564664742,0.1191997751702377,0.0,0.9999999987499999,0.6584195032387954,0.31619181212963793,0.2611548915141373,0.3856763844061275,neutral,01,24,24,female,normal,2760
100,3.336666666666667,True,1.0,0.6712029985320214,0.6994069548823686,0.685304976707195,0.48067022760313266,-0.08203703703703702,-0.0759259259259259,0.36984857370651586,0.17478917367386598,0.21667230060784062,1.4257279468388875,0.028203956350347226,0.006111111111111123,0.0016441327732923518,0.5284090909090929,0.09562113024705032,0.1177768388666807,0.0,0.9999999987499999,0.6608873608662214,0.31580402879287633,0.2620134559658856,0.3872367691777385,neutral,01,24,24,female,normal,2760
0,0.0,True,1.0,0.6217092839067291,0.6635030028797378,0.6426061433932335,0.4513736795655338,-0.08060185185185187,-0.07412037037037039,0.3683410176183386,0.16741751609847363,0.2160414497224258,1.4236677335988421,0.041793718973008764,0.006481481481481477,0.029474171053161188,0.5995599036652072,0.09467432176360452,0.11869987813436383,0.0,0.9999999987499999,0.662458186227616,0.31656939502637865,0.2606662900259237,0.3935656558731929,neutral,01,24,24,female,normal,2761
10,0.33366666666666667,True,1.0,0.627425186006555,0.6778189857742221,0.6526220858903885,0.4787913209572562,-0.0834259259259259,-0.07509259259259254,0.34597958289642267,0.1775869026331495,0.21605169068302976,1.363061645698985,0.05039379976766711,0.00833333333333336,0.031826626147210005,0.5090037646260432,0.09480953923722886,0.11859190335219096,0.0,0.9999999987499999,0.6603807567480117,0.31671844580573755,0.2618846415316657,0.3921312572850165,neutral,01,24,24,female,normal,2761
20,0.6673333333333333,True,1.0,0.624112610605697,0.6571657677634195,0.6406391891845582,0.7532578534924564,-0.08513888888888888,-0.07884259259259269,0.3577014241909826,0.32388038209477815,0.20978369299672175,0.8504912178668362,0.0330531571577225,0.006296296296296189,0.025775739246899958,0.35997722091221135,0.09406688160200363,0.11870129828273213,0.0,0.9999999987499999,0.6559542301608143,0.31798175467290907,0.2595423535191563,0.38660786738733444,neutral,01,24,24,female,normal,2761
30,1.0010000000000001,True,1.0,0.6473238269361925,0.6388308718686805,0.6430773494024364,1.0257724998344124,-0.08499999999999991,-0.0762037037037036,0.3564001410092618,0.3750826955378062,0.2153004580346689,0.6269200524543664,0.00849295506751202,0.008796296296296302,0.01569590322143694,0.2774442001617305,0.09424915769842271,0.118717212942062,0.0,0.9999999987499999,0.6583398491584134,0.3181624529781187,0.26854396305303796,0.39233555323967373,neutral,01,24,24,female,normal,2761
40,1.3346666666666667,True,1.0,0.6228190493818192,0.6246439239246665,0.6237314866532429,0.8375541548681424,-0.08328703703703699,-0.07615740740740734,0.37314524897730716,0.2815782412739572,0.215989531177429,0.7447058593499998,0.001824874542847299,0.007129629629629652,0.015043405555259353,0.33986126669234434,0.09456562551425743,0.11846528118685896,0.0,0.9999999987499999,0.6576384828228167,0.31767273956495007,0.2672689363768628,0.3926224477194786,neutral,01,24,24,female,normal,2761
50,1.6683333333333334,True,1.0,0.6443163290069587,0.6331432219206555,0.638729775463807,0.710091146923665,-0.08388888888888885,-0.07643518518518516,0.39370649865380536,0.17751240130372234,0.21320339077801023,0.8995039273915503,0.011173107086303147,0.007453703703703685,0.015073617636126023,0.3805320935747726,0.0945744851002207,0.11845820842654817,0.0,0.9999999987499999,0.661704842601103,0.31699061518453125,0.264723670763352,0.3923588099300329,neutral,01,24,24,female,normal,2761
60,2.0020000000000002,True,1.0,0.7138076347058091,0.7073080744989939,0.7105578546024015,0.9643674113993158,-0.08245370370370375,-0.07425925925925925,0.3567020665893934,0.34651600753295675,0.21250574440765127,0.7368123872740249,0.006499560206815191,0.008194444444444504,0.01745271599995077,0.2987819681735711,0.0947481743132968,0.11767348065802245,0.0,0.9999999987499999,0.6604812217621424,0.3179668057611103,0.26656117584856337,0.39226430009799407,neutral,01,24,24,female,normal,2761
70,2.3356666666666666,True,1.0,0.7008036964259392,0.7185673610041228,0.709685528715031,0.8100775953203556,-0.08231481481481479,-0.07564814814814813,0.34627239287104183,0.3193388305060623,0.21805695508330955,0.8760710490139858,0.01776366457818357,0.006666666666666654,0.015555947604119848,0.33586785567021493,0.09343653315513804,0.11871764341265154,0.0,0.9999999987499999,0.6596383366315275,0.3169175353282187,0.26747144001643824,0.3906722494147046,neutral,01,24,24,female,normal,2761
80,2.6693333333333333,True,1.0,0.692299349084826,0.6929049183440246,0.6926021337144252,0.5160759959939637,-0.07981481481481484,-0.07337962962962957,0.3760118415386044,0.17919305416457035,0.216701876395907,1.3420545405923632,0.000605569259198524,0.006435185185185266,0.015222162720249913,0.5163726808839455,0.09371946116329079,0.11833352541533128,0.0,0.9999999987499999,0.6597004419502176,0.31635074330102175,0.2629547811091528,0.38784619643701784,neutral,01,24,24,female,normal,2761
90,3.003,True,1.0,0.6716903486905254,0.6707910474468153,0.6712406980686703,0.503937007874015,-0.0818518518518519,-0.07365740740740734,0.3859217854261126,0.16797900262467128,0.21532065562714578,1.3319932602300195,0.0008993012437100711,0.00819444444444456,0.017675504374248634,0.5000000000000011,0.09536048640618351,0.11798797377652925,0.0,0.9999999987499999,0.6583973483534038,0.31801431056400004,0.2630935718980571,0.3910293190944182,neutral,01,24,24,female,normal,2761
100,3.336666666666667,True,1.0,0.6490213203241607,0.6923340129794088,0.6706776666517847,0.510084077194156,-0.08152777777777775,-0.07393518518518516,0.3710313282086484,0.18943533697631987,0.21671736686452808,1.3148374878530096,0.043312692655248064,0.007592592592592595,0.015078852319418396,0.49814995608854956,0.09502848195227973,0.11777121931376926,0.0,0.9999999987499999,0.6580610501231742,0.31799135754782537,0.2606570000040121,0.38954803307101066,neutral,01,24,24,female,normal,2761
0,0.0,True,1.0,0.6214050887778029,0.66224016539964,0.6418226270887215,0.44782603249643327,-0.07726851851851846,-0.0698611111111111,0.39133704217998133,0.10489442362729696,0.20703880212757156,1.4331963318676284,0.04083507662183716,0.007407407407407363,0.02994484042403246,0.5981031835724939,0.09229294530802418,0.11816658285670922,0.0,0.9999999987499999,0.6658389450467687,0.31887839517543015,0.2646100296218932,0.39401617595521954,calm,02,24,24,female,normal,2762
10,0.33366666666666667,True,1.0,0.6162623665743578,0.6475333514889756,0.6318978590316667,0.44696593190741807,-0.07694444444444454,-0.0687962962962963,0.38054660684398595,0.10811912153305811,0.20705096229385264,1.4137494916783824,0.03127098491461777,0.008148148148148238,0.03073235991615683,0.5814448167327859,0.09300102283450487,0.11873864763427557,0.0,0.9999999987499999,0.6648404200352017,0.31891765507073166,0.26530956298074865,0.39159088958338706,calm,02,24,24,female,normal,2762
20,0.6673333333333333,True,1.0,0.5783343521372595,0.5971921837306287,0.5877632679339441,0.6984492234316475,-0.08092592592592585,-0.07337962962962957,0.4372486163529243,0.15238095238095292,0.20422047016405528,0.841526124184265,0.01885783159336918,0.007546296296296273,0.027912933214255878,0.41969023385403315,0.09298984807190644,0.11858684960119426,0.0,0.9999999987499999,0.6585274609765782,0.3223009471532476,0.2702399158437482,0.3974648025399758,calm,02,24,24,female,normal,2762
30,1.0010000000000001,True,1.0,0.5373638304178607,0.5649286930853258,0.5511462617515932,0.7017372289434354,-0.07773148148148151,-0.07074074074074072,0.47183225972054205,0.02923776637142697,0.20422047016405528,0.7854026251128529,0.02756486266746505,0.006990740740740797,0.025783249569349506,0.375353692978928,0.09191358690580959,0.11862261819412247,0.0,0.9999999987499999,0.6622371930022011,0.32247617064789924,0.278612269523341,0.4182682514447173,calm,02,24,24,female,normal,2762
40,1.3346666666666667,True,1.0,0.19234156903384775,0.18961818525599142,0.1909798771449196,0.5789641322465611,-0.08879629629629626,-0.08319444444444446,0.40635799474952256,0.10770504215654894,0.20975859763759308,0.32986478178511375,0.002723383777856331,0.005601851851851802,0.015555834339845592,0.4714637631348846,0.09238368430053678,0.11857864805853084,0.0,0.9999999987499999,0.6602483389293217,0.3219451367159228,0.2584688949298752,0.38236071206508954,calm,02,24,24,female,normal,2762
50,1.6683333333333334,True,1.0,0.5459125617060729,0.5661146521249243,0.5560136069154986,0.7931623931623932,-0.07902777777777781,-0.07310185185185197,0.39805747136954805,0.20512820512820537,0.20070394796348637,0.7010085345809627,0.02020209041885135,0.0059259259259258346,0.014298433001461035,0.359250175421569,0.09321558523702575,0.11776413554958896,0.0,0.9999999987499999,0.6658467968046594,0.31844686520618865,0.2648271460539971,0.39367427793408055,calm,02,24,24,female,normal,2762
60,2.0020000000000002,True,1.0,0.5692089574475858,0.5992522470920346,0.5842306022698103,0.780898277345332,-0.07833333333333331,-0.07240740740740742,0.40618175497905723,0.17502069350439203,0.20347822149384784,0.748151992671703,0.0300432896444488,0.00592592592592589,0.021606988473268383,0.3689202201633324,0.09270474480043905,0.11832781241911594,0.0,0.9999999987499999,0.6632156951452457,0.3194486373968829,0.26565997521075657,0.38992603725505537,calm,02,24,24,female,normal,2762
70,2.3356666666666666,True,1.0,0.5917631081189222,0.5902293017021331,0.5909962049105276,0.6848089000314641,-0.07671296296296287,-0.07300925925925933,0.3788991131767885,0.13841882021912524,0.2097254962679616,0.8630089429085601,0.0015338064167891297,0.0037037037037035425,0.0020635017243617495,0.394946808510638,0.09297587141271262,0.11859780806558097,0.0,0.9999999987499999,0.6666703745717035,0.31574626981994913,0.2705143324587794,0.3882528232390534,calm,02,24,24,female,normal,2762
80,2.6693333333333333,True,1.0,0.5894102852728643,0.5902293017021331,0.5898197934874987,0.43693962755343924,-0.07486111111111116,-0.06995370370370374,0.42982356236580826,0.05137654543335201,0.20280825126122076,1.3498885344643219,0.0008190164292687374,0.004907407407407416,0.0007577511272851217,0.5981586994637332,0.09333122584238165,0.11831836300903895,0.0,0.9999999987499999,0.6664460249490421,0.31581496870084974,0.26640796627683744,0.38711258597545345,calm,02,24,24,female,normal,2762
90,3.003,True,1.0,0.6262567814992388,0.6494782023159693,0.6378674919076041,0.41577832211078536,-0.07407407407407413,-0.06949074074074063,0.4381746257521512,-0.006299671547133096,0.20556891687172835,1.5341528357451075,0.02322142081673051,0.004583333333333495,0.0046969406068271755,0.6136363636363645,0.09231756008701753,0.1181473535764665,0.0,0.9999999987499999,0.6657121211531489,0.3173282610529602,0.2688562454123824,0.39249663140467766,calm,02,24,24,female,normal,2762
100,3.336666666666667,True,1.0,0.5896732405628385,0.6084121271957926,0.5990426838793156,0.4122678011825393,-0.07425925925925936,-0.06837962962962957,0.42940912227437567,0.006440689414478909,0.20763888888888893,1.453042614924172,0.018738886632954088,0.00587962962962979,0.012284234583979639,0.632714756132267,0.09291194917711532,0.11816518353778288,0.0,0.9999999987499999,0.6612501726159214,0.3190298020045527,0.2705698871316722,0.39245039246834623,calm,02,24,24,female,normal,2762
0,0.0,True,1.0,0.6230038689163133,0.663735204109148,0.6433695365127307,0.44717794559179813,-0.07560185185185181,-0.0700925925925926,0.4154408826883214,0.07890295766460903,0.20973131666752298,1.438732707761988,0.04073133519283467,0.005509259259259214,0.022407187699814732,0.5797112715998843,0.09249328952988474,0.11768650115637366,0.0,0.9999999987499999,0.6589785508265806,0.3193366590329012,0.2688201529928903,0.39395664341298375,calm,02,24,24,female,normal,2763
10,0.33366666666666667,True,1.0,0.6223281874744413,0.6528735542070659,0.6376008708407537,0.5747189187561124,-0.07680555555555563,-0.06981481481481483,0.4077087825918683,0.07351055937578155,0.20903690243586584,1.109413401982206,0.030545366732624646,0.006990740740740797,0.02205778370512579,0.4715041005334977,0.09413575952424537,0.11751726500552573,0.0,0.9999999987499999,0.6602504585662389,0.31926079230439836,0.26909957458640454,0.3953923274346816,calm,02,24,24,female,normal,2763
20,0.6673333333333333,True,1.0,0.5560440460941295,0.6110392501416227,0.5835416481178761,0.6634847811376161,-0.07754629629629622,-0.07129629629629636,0.4406755407608122,0.04381503271663583,0.2055737415780374,0.8795102234558133,0.05499520404749325,0.006249999999999867,0.023467221481021937,0.393141701404735,0.09302701830416088,0.11758955278177809,0.0,0.9999999987499999,0.6573057857908788,0.3234005077164837,0.27035094409476296,0.4017851551819825,calm,02,24,24,female,normal,2763
30,1.0010000000000001,True,1.0,0.530769025936085,0.5264237433927327,0.5285963846644088,0.7020073666060397,-0.07509259259259254,-0.06898148148148148,0.4882214183028376,0.01698404919208154,0.2055689168717284,0.7529784013805833,0.0043452825433523135,0.006111111111111067,0.02606717258321993,0.3904542420738769,0.0914169817571034,0.11820257490490395,0.0,0.9962045983783852,0.6625035058632828,0.3228419355921261,0.27834375303690934,0.4167545737253732,calm,02,24,24,female,normal,2763
40,1.3346666666666667,True,1.0,0.19488258116279036,0.17694779346720424,0.1859151873149973,0.5881370091896398,-0.08365740740740735,-0.07796296296296296,0.410714699190665,0.026733500417710856,0.20834651650997257,0.316108635250074,0.017934787695586124,0.005694444444444391,0.017854598683259858,0.4607880982486455,0.09265388308371017,0.11820657723824138,0.0,0.9999999987499999,0.6584458754282964,0.3225030720781945,0.26152222321748936,0.3852546867881413,calm,02,24,24,female,normal,2763
50,1.6683333333333334,True,1.0,0.56509643077828,0.5843194325452173,0.5747079316617487,0.788392429380392,-0.0761574074074074,-0.06949074074074074,0.4108614377773273,0.13361976292752406,0.20416704035095473,0.7289617584397903,0.019223001766937364,0.006666666666666654,0.02095788267935696,0.353145140160112,0.0937257813013672,0.1181674007925009,0.0,0.9999999987499999,0.6619203742590786,0.31950074880375084,0.26762510341336027,0.3942464713401239,calm,02,24,24,female,normal,2763
60,2.0020000000000002,True,1.0,0.5568674582800383,0.6196148034661261,0.5882411308730822,0.7581408185472203,-0.07550925925925922,-0.07027777777777777,0.42031896503022675,0.13724317678547215,0.20209277153915417,0.7758995644111253,0.06274734518608782,0.005231481481481448,0.01489518746022833,0.34954694667405,0.09150582356306852,0.11909752812836988,0.0,0.9999999987499999,0.6610641824698631,0.319775265183903,0.2666902093144596,0.3922167919504345,calm,02,24,24,female,normal,2763
70,2.3356666666666666,True,1.0,0.6134122593621382,0.593866388165753,0.6036393237639456,0.8030492439706014,-0.07495370370370369,-0.06745370370370374,0.3624832195601183,0.28029385603341767,0.21041992990714248,0.7516840695588078,0.01954587119638518,0.007499999999999951,0.018154906012724775,0.35224305304691106,0.09394664082531158,0.11847530211261965,0.0,0.9999999987499999,0.6636069570953381,0.31926220259195237,0.27004517326864336,0.39554417683047005,calm,02,24,24,female,normal,2763
80,2.6693333333333333,True,1.0,0.5949792413221532,0.6453274582239602,0.6201533497730567,0.40438302454251696,-0.07393518518518516,-0.06865740740740739,0.4443070306542687,0.0061261256227009,0.20695366095743595,1.5335790874867785,0.05034821690180702,0.00527777777777777,0.0244586373571345,0.6313176919915537,0.09432982308352167,0.1183315552068296,0.0,0.9999999987499999,0.6596959587194253,0.31862332474608274,0.2703356691917249,0.39352146959763534,calm,02,24,24,female,normal,2763
90,3.003,True,1.0,0.6083846358018131,0.6490874753204703,0.6287360555611416,0.4093574907551461,-0.073888888888889,-0.06759259259259254,0.44043934915539773,-0.012397570372395063,0.2104605348892679,1.535909491728869,0.04070283951865716,0.006296296296296466,0.03158196581596145,0.6310428098588194,0.09313872029345047,0.11895143280851138,0.0,0.9999999987499999,0.6587508180850464,0.3208782731761071,0.2711056852005934,0.39562543486684204,calm,02,24,24,female,normal,2763
100,3.336666666666667,True,1.0,0.6137431848252664,0.6452170758474066,0.6294801303363364,0.39879233871800995,-0.07513888888888892,-0.06810185185185197,0.4262680837720367,-0.006427903154054957,0.20835676951512228,1.5784659563920262,0.031473891022140266,0.007037037037036953,0.022390292020919553,0.6173718545737592,0.09383074948420371,0.11792261527810434,0.0,0.9999999987499999,0.6602808696603641,0.3194951082371646,0.2678149887171774,0.39298181349559175,calm,02,24,24,female,normal,2763
0,0.0,True,1.0,0.6344993663306774,0.6390034908267247,0.636751428578701,0.5514651466976788,-0.07523148148148134,-0.06768518518518524,0.3595552941564519,0.21445866816020867,0.20283194969418356,1.1546539838315066,0.004504124496047313,0.007546296296296107,0.026838264724960974,0.46957232396966414,0.09340085942725478,0.11696751951311274,0.0,0.9999999987499999,0.663768872767857,0.3173078816938716,0.2605102514738452,0.39095644528762347,calm,02,24,24,female,normal,2764
10,0.33366666666666667,True,1.0,0.6431290189900326,0.6698505068399337,0.6564897629149832,0.7016690717928267,-0.07643518518518516,-0.06944444444444453,0.3507087806926817,0.25727865965736885,0.2035355805984915,0.9356116569846717,0.026721487849901138,0.006990740740740631,0.018501337790152263,0.3874999999999993,0.09395972280394115,0.1168456227198862,0.0,0.9999999987499999,0.6570874073926446,0.32152431184378805,0.25745122204396975,0.3864689050109315,calm,02,24,24,female,normal,2764
20,0.6673333333333333,True,1.0,0.6380232900995533,0.664075553124829,0.6510494216121911,0.6026277298922054,-0.07740740740740731,-0.07148148148148142,0.36246256401709703,0.23349515918460784,0.20210183180206884,1.0803509186818323,0.026052263025275746,0.00592592592592589,0.014144798991308185,0.46468946798813415,0.0934410099114873,0.11839271243228659,0.0,0.9999999987499999,0.6554331061721564,0.3259116770093459,0.25506126889119546,0.38685571795743073,calm,02,24,24,female,normal,2764
30,1.0010000000000001,True,1.0,0.6239028251548207,0.6433996460677617,0.6336512356112911,0.6337917234061274,-0.07745370370370369,-0.07171296296296292,0.3903540055186706,0.1759295994599882,0.20423989572152706,0.9997783375994856,0.019496820912941026,0.0057407407407407685,0.01979377887513109,0.4128079910597461,0.09251535891226763,0.11863664363325373,0.0,0.9999999987499999,0.6563823950439551,0.3246658191654765,0.25806347722988027,0.38874940461940344,calm,02,24,24,female,normal,2764
40,1.3346666666666667,True,1.0,0.5611456747514032,0.6037451719653602,0.5824454233583817,0.6579004220696585,-0.07805555555555554,-0.07319444444444445,0.39189405992057935,0.202954744551977,0.2021018318020688,0.8853093930630012,0.04259949721395695,0.004861111111111094,0.019759867282036506,0.3835418172895448,0.11024193690734635,0.11499541043041484,0.0,0.9999999987499999,0.6226759748743247,0.2908224491707914,0.289522890988136,0.35438938325496633,calm,02,24,24,female,normal,2764
50,1.6683333333333334,True,1.0,0.6001924154313849,0.6034129753543479,0.6018026953928663,0.6239413635417452,-0.07777777777777772,-0.07124999999999998,0.4553404565797384,0.0719890225110365,0.2020848434758866,0.9645180309521222,0.0032205599229629955,0.0065277777777777435,0.02369751926901134,0.4043533551730401,0.0938038123889672,0.11874896741389684,0.0,0.9999999987499999,0.6605639952699828,0.32184800030994914,0.2707121548087721,0.4048238412283025,calm,02,24,24,female,normal,2764
60,2.0020000000000002,True,1.0,0.6081733509168126,0.6426291923836701,0.6254012716502413,0.4578090692699711,-0.07416666666666666,-0.06898148148148148,0.4088670136618621,0.040389390808705856,0.21043443258590483,1.3660744481264102,0.03445584146685754,0.005185185185185182,0.018391243280867494,0.5624230354721581,0.09357862919349336,0.11763792355618566,0.0,0.9999999987499999,0.6593251678327581,0.3211869603514305,0.2593111523012159,0.3889195314938774,calm,02,24,24,female,normal,2764
70,2.3356666666666666,True,1.0,0.6121052102400182,0.6097874762265282,0.6109463432332731,0.5489186495946314,-0.07717592592592587,-0.07393518518518516,0.3975366005639413,0.22633944163607897,0.20416704035095473,1.1129997927460622,0.0023177340134900026,0.0032407407407407107,0.0016291755482124614,0.511573111232159,0.09383246885461297,0.11792124715910635,0.0,0.9999999987499999,0.6644546390040391,0.31633803953533385,0.25546705895925703,0.37904496176937225,calm,02,24,24,female,normal,2764
80,2.6693333333333333,True,1.0,0.6158372973547999,0.6422998349603389,0.6290685661575695,0.9545522583242053,-0.07851851851851854,-0.07425925925925919,0.35882397471972705,0.3257469137685679,0.2027962129013617,0.6590195148267218,0.02646253760553907,0.0042592592592593514,0.005267573452967401,0.2950583426614233,0.09298312193364311,0.1185921235941673,0.0,0.9999999987499999,0.6608650856827106,0.3180977757131897,0.26166203087902756,0.38293379169434366,calm,02,24,24,female,normal,2764
90,3.003,True,1.0,0.6270018198703252,0.6426291923836702,0.6348155061269978,0.5333333333333325,-0.07601851851851854,-0.07231481481481483,0.3946703377769631,0.10940170940170901,0.212503231248411,1.1902790739881226,0.015627372513345006,0.003703703703703709,0.011757508411318708,0.47596153846153977,0.0944757805244504,0.11724408594904258,0.0,0.9999999987499999,0.6634340274859946,0.3180498277067385,0.26431686640522584,0.38985272969995427,calm,02,24,24,female,normal,2764
100,3.336666666666667,True,1.0,0.6133031372614834,0.6464344983940233,0.6298688178277534,0.5277777777777782,-0.07699074074074075,-0.07263888888888886,0.3899633326457407,0.11111111111111074,0.21181131879681864,1.1934356548315317,0.033131361132539894,0.0043518518518518845,0.006504110013218327,0.4744146415084198,0.09510175476381844,0.11755009474364328,0.0,0.9999999987499999,0.6633241700742797,0.31702942756151,0.2638507026952401,0.3875892403124683,calm,02,24,24,female,normal,2764
110,3.6703333333333332,True,1.0,0.6262567814992374,0.6277319312099165,0.626994356354577,0.5079365079365075,-0.07601851851851854,-0.07263888888888886,0.38526986103647326,0.14109347442680734,0.21041992990714248,1.2343951390730747,0.001475149710679191,0.003379629629629677,0.002142684180829051,0.5000000000000011,0.09403213274144914,0.11824644856407789,0.0,0.9999999987499999,0.6596504278742747,0.31909266151734944,0.25809351571100914,0.3823559340635522,calm,02,24,24,female,normal,2764
0,0.0,True,1.0,0.6130840483805771,0.6709171206078337,0.6420005844942054,0.5446387002220866,-0.07587962962962963,-0.07074074074074066,0.3788997012844487,0.12897924631147822,0.20835127689653926,1.1787641683053696,0.05783307222725664,0.0051388888888889706,0.022256005440050703,0.5032343428774545,0.09266278179390319,0.11787679130227115,0.0,0.9999999987499999,0.6619348308932947,0.32039143280919075,0.2635348627954854,0.39531344431933685,calm,02,24,24,female,normal,2765
10,0.33366666666666667,True,1.0,0.5603569491555731,0.5704296985456546,0.5653933238506139,0.6405228758169935,-0.07842592592592595,-0.07337962962962957,0.41539668214415687,0.0653594771241828,0.2021139115208346,0.8827059035626931,0.010072749390081515,0.005046296296296382,0.02525803963535241,0.40230368297089336,0.09352385357971196,0.11896958137402198,0.0,0.9999999987499999,0.6489645268966963,0.3265397171586665,0.2620062066359784,0.39076059682675474,calm,02,24,24,female,normal,2765
20,0.6673333333333333,True,1.0,0.5858804236838354,0.623917236016213,0.6048988298500242,0.6521927004418364,-0.07708333333333328,-0.0723611111111111,0.3976104070394973,0.09707253433941472,0.2097280427126453,0.9274848207289466,0.038036812332377545,0.004722222222222183,0.021822122112935934,0.42076774100860764,0.09519441793482147,0.11844414300703694,0.0,0.9999999987499999,0.6435674868697479,0.3331555734490008,0.2617019327936697,0.39222109506256525,calm,02,24,24,female,normal,2765
30,1.0010000000000001,True,1.0,0.5703107188918576,0.5968557892757493,0.5835832540838035,0.8373398051763433,-0.0750925925925926,-0.06930555555555545,0.38747608695373864,0.19151638154495004,0.21184157324108985,0.6969491363914094,0.026545070383891756,0.005787037037037146,0.01704246582820735,0.3530168249820881,0.09242824837319952,0.1195043241403475,0.0,0.9999999987499999,0.6486684839170043,0.3276938022342059,0.2688568126732332,0.3934941816552153,calm,02,24,24,female,normal,2765
40,1.3346666666666667,True,1.0,0.5896298861267388,0.5961476627798881,0.5928887744533134,0.6586028595700236,-0.07601851851851854,-0.06949074074074074,0.4169667847866893,0.052674897119341375,0.2083629943078147,0.9002219863430104,0.006517776653149232,0.006527777777777799,0.022983572487951378,0.43863898355602826,0.09326075729530472,0.11821285862431954,0.0,0.9999999987499999,0.653956599264706,0.3215679281619589,0.2707893892179477,0.39473610084302696,calm,02,24,24,female,normal,2765
50,1.6683333333333334,True,1.0,0.5536804463255854,0.6138328207299548,0.5837566335277702,0.6947546685605467,-0.07277777777777777,-0.06550925925925932,0.4709904238670066,0.023546725533481343,0.20765211615361598,0.840234200566436,0.06015237440436938,0.007268518518518452,0.021965999183419457,0.3908187898478075,0.09420819068279611,0.11762129718604963,0.0,0.9999999987499999,0.6606791888161515,0.32157257775950576,0.28473920110135276,0.4206408954572394,calm,02,24,24,female,normal,2765
60,2.0020000000000002,True,1.0,0.5919181330044049,0.6368640588123744,0.6143910959083896,0.8433921237048244,-0.07472222222222213,-0.06481481481481483,0.417255121762368,0.15149436977046063,0.20790657697936826,0.7284762077330212,0.04494592580796952,0.00990740740740731,0.03396485347342673,0.3353266332937718,0.09189328980003005,0.1192789674886988,0.0,0.9999999987499999,0.6520328605426546,0.32266441405897683,0.2638479690773519,0.3843683985280368,calm,02,24,24,female,normal,2765
70,2.3356666666666666,True,1.0,0.6450284452217439,0.677264921895253,0.6611466835584985,0.6755758297379388,-0.07148148148148142,-0.06268518518518523,0.3909705718578222,0.11247247347546128,0.21264356363701675,0.978641707497088,0.03223647667350915,0.008796296296296191,0.03637219721586939,0.421925802881377,0.09337546524317841,0.11940562326030714,0.0,0.9999999987499999,0.6545446011295142,0.3235288738643531,0.2714677578589499,0.3913944071690866,calm,02,24,24,female,normal,2765
80,2.6693333333333333,True,1.0,0.6319621428541999,0.6599910221721855,0.6459765825131927,0.6900453472303375,-0.07458333333333328,-0.06564814814814823,0.4164364640883981,0.11940298507462639,0.20419058108242347,0.9361364222017794,0.02802887931798559,0.008935185185185046,0.02560431902671401,0.3898064065399031,0.09383596570379096,0.11872356135654023,0.0,0.9999999987499999,0.6594896047794118,0.32060308222771117,0.2716074251047128,0.39199819076922154,calm,02,24,24,female,normal,2765
90,3.003,True,1.0,0.6265966114146373,0.6571953656475313,0.6418959885310843,0.4323043026430725,-0.0725925925925926,-0.06550925925925921,0.44480752885428565,0.0308430504249001,0.20695771609312427,1.4848244271606497,0.030598754232894043,0.007083333333333386,0.02004917053253875,0.6267085710349966,0.0927279013063229,0.11863129905207521,0.0,0.9999999987499999,0.6623618734759528,0.3185443789969978,0.27020245940485776,0.39219195181184874,calm,02,24,24,female,normal,2765
100,3.336666666666667,True,1.0,0.5854171203371137,0.6450252780849923,0.615221199211053,0.4125236251767701,-0.07495370370370369,-0.06782407407407398,0.4394541907942871,0.031179401036722308,0.20697430445724502,1.4913599165318718,0.05960815774787864,0.007129629629629708,0.029803201779154683,0.6151937062430702,0.09325034483725939,0.11918408311530816,0.0,0.9999999987499999,0.6617464692283164,0.31837669886769304,0.2678045367542769,0.38935143675617057,calm,02,24,24,female,normal,2765
110,3.6703333333333332,True,1.0,0.5909438881658637,0.6733060094185395,0.6321249487922016,0.4650268023489046,-0.07370370370370366,-0.06578703703703709,0.41494952416044845,0.07299085171577054,0.20425072840303013,1.3593301409709393,0.08236212125267572,0.007916666666666572,0.03009732713778238,0.5487708379650611,0.09440630974341346,0.1187528231386878,0.0,0.9999999987499999,0.6615608860653637,0.3182570919735303,0.2656230499860104,0.3901982771432534,calm,02,24,24,female,normal,2765
0,0.0,True,1.0,0.5908485130481762,0.5491181293564433,0.5699833212023098,0.45612524527469955,-0.07902777777777775,-0.08046296296296301,0.38755931700561147,0.179451229871626,0.19722841160573598,1.2496202021421543,0.041730383691732875,0.0014351851851852615,0.017458747705991585,0.6026900874155068,0.11329796889284145,0.11350654098418231,0.0,0.9999999987499999,0.6103876565626251,0.2896366160974142,0.2856511913291572,0.3519122658314577,calm,02,24,24,female,strong,2766
10,0.33366666666666667,True,1.0,0.5843194325452172,0.532085229056692,0.5582023308009546,0.48816988008137907,-0.08143518518518517,-0.08004629629629628,0.3819253836439744,0.18807562157060737,0.19931168024367926,1.1434591800458909,0.052234203488525255,0.001388888888888884,0.012313888368911742,0.532807735714888,0.0955641066136541,0.11878934942010796,0.0,0.9999999987499999,0.6597857385219713,0.31758527896705924,0.25964925957723756,0.3869426462811711,calm,02,24,24,female,strong,2766
20,0.6673333333333333,True,1.0,0.5815389483471006,0.5170207427457055,0.5492798455464031,0.6168778630527515,-0.08499999999999996,-0.0825925925925926,0.3990844930762373,0.2678874994666247,0.19723189304860728,0.8904191225604607,0.0645182056013951,0.002407407407407358,0.01832684134731629,0.4203423438180156,0.09726726731813505,0.11723643959946756,0.0,0.9999999987499999,0.6780990845166192,0.3036930104541895,0.2736779821279912,0.391153680943004,calm,02,24,24,female,strong,2766
30,1.0010000000000001,True,1.0,0.5576965962238999,0.49492501565605956,0.5263108059399797,0.8548801881532414,-0.08319444444444452,-0.08319444444444446,0.4035500922643347,0.2559947919643232,0.19452133353920625,0.615654466243913,0.06277158056784032,5.551115123125783e-17,0.02145941743775264,0.30582031962606926,0.0963763615886615,0.11650736225860678,0.0,0.9999999987499999,0.6780938229823179,0.3016390773100576,0.27641612297018453,0.3990317461646159,calm,02,24,24,female,strong,2766
40,1.3346666666666667,True,1.0,0.45197740112994433,0.42197088265896193,0.43697414189445316,0.6107272327328269,-0.08824074074074084,-0.0868518518518519,0.4575674913916088,0.08213642829226216,0.19375984412995803,0.7154980463849971,0.030006518470982402,0.0013888888888889395,0.010220756153967715,0.4146985084663459,0.09545474882884224,0.11791172651343183,0.0,0.9999999987499999,0.6753612143451131,0.3045126923763466,0.2750641046072879,0.3925414105015038,calm,02,24,24,female,strong,2766
50,1.6683333333333334,True,1.0,0.5477040474322902,0.5335936864527367,0.5406488669425135,0.6770256762757942,-0.08620370370370378,-0.08231481481481479,0.3810368758311618,0.18334853154567082,0.20492404007142417,0.7985647899154033,0.014110360979553427,0.003888888888888997,0.019381619567251523,0.3989543974578592,0.09540827146672684,0.1179493368322586,0.0,0.9999999987499999,0.6750080231467588,0.30442168636227185,0.2690260629658392,0.3855836556980931,calm,02,24,24,female,strong,2766
60,2.0020000000000002,True,1.0,0.5477040474322902,0.5274471340177287,0.5375755907250095,1.063791934816098,-0.08629629629629626,-0.08217592592592593,0.3832821836011926,0.30093289709431165,0.2014631276300051,0.5053390358876356,0.020256913414561484,0.00412037037037033,0.019731941821103147,0.2590389577196331,0.09476833020280935,0.11765724872084272,0.0,0.9999999987499999,0.6708172667895284,0.3057903548412401,0.27537457494208467,0.38654979311456267,calm,02,24,24,female,strong,2766
70,2.3356666666666666,True,1.0,0.5411310409960195,0.5273069679849347,0.5342190044904771,0.4472881202819954,-0.08074074074074084,-0.0765277777777778,0.42008167871097324,0.12773063952663244,0.20568950057858745,1.1943509793054097,0.013824073011084792,0.004212962962963029,0.03657435025295541,0.5629344296451104,0.09593752599333921,0.1180046069975699,0.0,0.9999999987499999,0.6702553608552798,0.3056100533474314,0.27681576187634316,0.3901341064294242,calm,02,24,24,female,strong,2766
80,2.6693333333333333,True,1.0,0.5572795002814127,0.5866255107753532,0.571952505528383,0.6015867874409571,-0.08152777777777792,-0.07337962962962957,0.4171498231133804,0.11499176825709824,0.19960544426833313,0.9507398059079172,0.029346010493940478,0.008148148148148349,0.04500437623970862,0.44659695334580646,0.09762966280749215,0.11709763852915953,0.0,0.9999999987499999,0.6711999505661639,0.3048275336825517,0.27579786295626146,0.3881063681528704,calm,02,24,24,female,strong,2766
90,3.003,True,1.0,0.49480662702886924,0.5344210616179378,0.5146138443234035,0.7726970838672468,-0.08254629629629634,-0.07268518518518519,0.4058668760072308,0.16063303636986612,0.19687685628289103,0.6659968764833811,0.03961443458906855,0.009861111111111154,0.05846406289971018,0.33411032761799475,0.0977435266274805,0.11634945303600104,0.0,0.9943366879041443,0.6703721876875751,0.30401146088289177,0.2821405334117842,0.391321905347767,calm,02,24,24,female,strong,2766
100,3.336666666666667,True,1.0,0.5450073530991607,0.5757481849244147,0.5603777690117877,0.4483910439114759,-0.08249999999999996,-0.07203703703703707,0.43756487186650184,0.07250290003140936,0.1982867718919622,1.2497523682083644,0.030740831825254,0.010462962962962896,0.05554065117990194,0.5711468822680034,0.09793437395792813,0.11602476748254566,0.0,0.9896274310026344,0.6661148225852841,0.3071340543927097,0.27764228995653045,0.39251146446003254,calm,02,24,24,female,strong,2766
110,3.6703333333333332,True,1.0,0.49162692829028254,0.5243400434416208,0.5079834858659517,0.4215719587133435,-0.0787962962962962,-0.06898148148148142,0.42437659019808527,0.05560636428261878,0.20029884898882963,1.2049745609654399,0.032713115151338235,0.009814814814814776,0.05795416389707222,0.616353793927237,0.09718478138600573,0.11681656768603126,0.0,0.9999999987499999,0.6605967030953006,0.31189160025797585,0.26838364546498705,0.3964383845981605,calm,02,24,24,female,strong,2766
120,4.0040000000000004,True,1.0,0.5525576836061501,0.5770060337882231,0.5647818586971867,0.39306985217840895,-0.08064814814814819,-0.06884259259259251,0.4456808717811445,0.005934091122297481,0.20097138254768962,1.4368485793737242,0.02444835018207303,0.01180555555555568,0.059484464763922454,0.648206539725524,0.09613223519534767,0.11768426222348558,0.0,0.9999999987499999,0.6617617370854593,0.31195947435328353,0.272016545831068,0.3968471990424169,calm,02,24,24,female,strong,2766
0,0.0,True,1.0,0.5942397564205402,0.5915548331926871,0.5928972948066136,0.45465715469699286,-0.08069444444444451,-0.07250000000000006,0.3812561907665656,0.17039116703104193,0.20699752593369267,1.3040535900105896,0.0026849232278530755,0.008194444444444449,0.023914880462009274,0.5805606013881027,0.09456302373287695,0.11701102251658714,0.0,0.9999999987499999,0.6607810695215587,0.3157113434675175,0.2589262865262763,0.389143646096654,calm,02,24,24,female,strong,2767
10,0.33366666666666667,True,1.0,0.5723479010254626,0.6151940810910476,0.5937709910582551,0.48033839439902626,-0.07981481481481484,-0.07370370370370377,0.37307527681912656,0.20366161250880857,0.20561827198298485,1.2361514257071824,0.04284618006558494,0.006111111111111067,0.0237517358182217,0.5289699891923535,0.09429272335689977,0.11690346134812761,0.0,0.9999999987499999,0.6594492075658388,0.3164123284252586,0.2565924600884884,0.38200416522476005,calm,02,24,24,female,strong,2767
20,0.6673333333333333,True,1.0,0.5828807440366743,0.6065720548946851,0.5947263994656797,0.677554127180993,-0.08277777777777778,-0.07467592592592598,0.3623135204745415,0.27952513320269884,0.19802804055192558,0.8777548178181377,0.023691310858010795,0.008101851851851805,0.04655472513663723,0.4053834659754322,0.1116831683827853,0.11426510737514095,0.0,0.9999999987499999,0.6130127079503677,0.28758795686173366,0.2792627814345897,0.35035710884520216,calm,02,24,24,female,strong,2767
30,1.0010000000000001,True,1.0,0.5682705816940822,0.6015452065395557,0.5849078941168189,0.8290890694853553,-0.08513888888888888,-0.07703703703703707,0.40366438217733985,0.24988342159992918,0.189662193133846,0.7054825779815089,0.0332746248454735,0.008101851851851805,0.04478829545607122,0.3139082251714756,0.09413703371660598,0.11686595692820671,0.0,0.9999999987499999,0.6750218533819777,0.3061073904575609,0.27136956087071223,0.3884901148028074,calm,02,24,24,female,strong,2767
40,1.3346666666666667,True,1.0,0.5172100889629617,0.5253563380726337,0.5212832135177977,0.7451429658087911,-0.09175925925925921,-0.08333333333333331,0.38210989178926463,0.3236436791027859,0.18693783475525294,0.6995747627463514,0.008146249109671988,0.008425925925925892,0.05411536103817124,0.32702269641979753,0.09624426393396816,0.11677976768625269,0.0,0.9999999987499999,0.6786392414309473,0.3045069338950698,0.27551026453096317,0.3886555790963231,calm,02,24,24,female,strong,2767
50,1.6683333333333334,True,1.0,0.5279545756544738,0.5647945934279917,0.5463745845412327,1.0133173638966841,-0.08819444444444446,-0.0817592592592592,0.36429473721582717,0.3808061495056458,0.20020169578237992,0.5391939425967834,0.036840017773517864,0.006435185185185266,0.05959016065591394,0.25858609465641996,0.09513438924663092,0.11817035290664875,0.0,0.9999999987499999,0.6767703787374326,0.30589533282044395,0.27960970820587755,0.3883004267881393,calm,02,24,24,female,strong,2767
60,2.0020000000000002,True,1.0,0.48222666523720736,0.5195536476600939,0.5008901564486506,0.7396389196717219,-0.0856944444444444,-0.07412037037037034,0.41070735889456145,0.197430141390874,0.187125477935715,0.6772090314973738,0.03732698242288657,0.01157407407407407,0.06820715616552549,0.3525343196998595,0.09610090698312457,0.11640780178118189,0.0,0.9999999987499999,0.6746588311574631,0.30531464537310593,0.27484974163726733,0.3923988310236654,calm,02,24,24,female,strong,2767
70,2.3356666666666666,True,1.0,0.512136901581201,0.5611606499219252,0.536648775751563,0.9115957291913868,-0.08819444444444441,-0.07708333333333334,0.4065001471780299,0.2819006438509282,0.18664163411538795,0.5886916300360323,0.049023748340724205,0.011111111111111072,0.06994299969643812,0.29014010292999726,0.09519583458706128,0.11779783319587422,0.0,0.9999999987499999,0.6749165244691626,0.3040356017672865,0.2709980122216123,0.38460666096533397,calm,02,24,24,female,strong,2767
80,2.6693333333333333,True,1.0,0.4113433647389361,0.41626602983663574,0.4138046972877859,0.6044301757128278,-0.08805555555555561,-0.07569444444444445,0.4291262843692907,0.11066107803910545,0.1892052886468267,0.6846195208565987,0.004922665097699619,0.012361111111111156,0.07196195066995174,0.41320886238355664,0.0977413500106978,0.11732963991277089,0.0,0.9999999987499999,0.681225924158726,0.29905821331322,0.2764344377141616,0.39347276942680004,calm,02,24,24,female,strong,2767
90,3.003,True,1.0,0.4490587286164172,0.47772327664760134,0.4633910026320093,0.6476211456609497,-0.08421296296296299,-0.07050925925925927,0.4076994813985769,0.1010908033643301,0.19431777945947848,0.7155279066113279,0.028664548031184123,0.013703703703703718,0.08532213824683822,0.3812405178628881,0.09741728568788746,0.11629555783984197,0.0,0.9999999987499999,0.6751842558116997,0.3014362800450667,0.27940241538533156,0.39396911637015547,calm,02,24,24,female,strong,2767
100,3.336666666666667,True,1.0,0.4256208968515702,0.4591544959521139,0.44238769640184206,0.37267989244805205,-0.08249999999999996,-0.07087962962962957,0.45020491263994905,0.011470382855434712,0.19586046299995244,1.1870447141537335,0.03353359910054371,0.011620370370370392,0.08769939439477674,0.6419745003957628,0.09749812682273819,0.11736961797045546,0.0,0.9999999987499999,0.6712205040219212,0.3034926078072786,0.2769283209090898,0.38913259837764697,calm,02,24,24,female,strong,2767
110,3.6703333333333332,True,1.0,0.49905319913165397,0.5835014665691379,0.5412773328503959,0.3887383225010126,-0.08097222222222222,-0.06925925925925913,0.43042147358931887,0.02392926197534316,0.19916503300241387,1.3923950933573985,0.08444826743748396,0.011712962962963092,0.09499010448157402,0.6500395926426928,0.1130722689727856,0.11389877320860076,0.0,0.9999999987499999,0.6076829441307773,0.2859828796453965,0.2966511321643867,0.35780603632463887,calm,02,24,24,female,strong,2767
120,4.0040000000000004,True,1.0,0.5255881734043641,0.5917579034898284,0.5586730384470963,0.38867980478246295,-0.08027777777777784,-0.06745370370370363,0.41805698882338505,0.01229553011331032,0.20332034840260418,1.4373606026682437,0.06616973008546423,0.01282407407407421,0.09495621417789453,0.6425673584105539,0.11387725051113357,0.11359820512538443,0.0,0.9999999987499999,0.606695294664741,0.28617045409020664,0.299198108628027,0.35638936372982066,calm,02,24,24,female,strong,2767
0,0.0,True,1.0,0.5858804236838359,0.6410946692260151,0.6134875464549254,0.4631431347213414,-0.07717592592592587,-0.07013888888888875,0.3694851160120063,0.14190760124565008,0.20420403171054263,1.3246175975900873,0.05521424554217924,0.007037037037037119,0.018525188084480497,0.5805495970844737,0.09258396368044115,0.11761518112714403,0.0,0.9999999987499999,0.6681285922259529,0.31659698348638166,0.2643617144751792,0.395855063563901,calm,02,24,24,female,strong,2768
10,0.33366666666666667,True,1.0,0.5179497688224755,0.5136215931905733,0.5157856810065244,0.4923677847940074,-0.0825925925925926,-0.07625000000000004,0.40298697365661135,0.17777777777777715,0.20422047016405517,1.0475617961526758,0.004328175631902131,0.006342592592592566,0.0236051815906112,0.5319107941682412,0.09126202581899288,0.11928444825646019,0.0,0.9999999987499999,0.6676521559639481,0.3168586928341158,0.260168835718297,0.385495688141414,calm,02,24,24,female,strong,2768
20,0.6673333333333333,True,1.0,0.5763415353981184,0.5974205755891525,0.5868810554936355,0.6251695651606183,-0.08115740740740746,-0.07324074074074077,0.3684030940167545,0.2678337489269901,0.1959891058214574,0.9387550005618943,0.021079040191034126,0.007916666666666683,0.033599075989028226,0.4044526770973188,0.09194313284733595,0.11746985015119489,0.0,0.9999999987499999,0.6650578087641307,0.31901236004415356,0.2544477405308154,0.3855843490417839,calm,02,24,24,female,strong,2768
30,1.0010000000000001,True,1.0,0.5617853739382659,0.5760083233765856,0.5688968486574257,1.0375324580466383,-0.0834259259259259,-0.07615740740740745,0.35417816094761734,0.4007338484822936,0.20005492409898332,0.5483171579311239,0.014222949438319699,0.007268518518518452,0.028003814884584324,0.25738717384354376,0.09087511995952668,0.11829800481968464,0.0,0.9999999987499999,0.6687723237107344,0.31939711025936796,0.26415238402411145,0.3912985891320713,calm,02,24,24,female,strong,2768
40,1.3346666666666667,True,1.0,0.5382062772422485,0.5482712530517372,0.5432387651469928,0.6368159203980095,-0.08083333333333331,-0.07703703703703701,0.4173035362650436,0.13266998341625155,0.2021018318020688,0.8530546233948877,0.01006497580948873,0.0037962962962962976,0.019526744039417454,0.4218750000000003,0.09079890105889947,0.11947800036477714,0.0,0.9999999987499999,0.6683663789812802,0.318900373408104,0.25749648175550127,0.38334515125469226,calm,02,24,24,female,strong,2768
50,1.6683333333333334,True,1.0,0.552207629740756,0.6121201279850464,0.5821638788629012,0.6297767868411878,-0.07731481481481478,-0.07120370370370377,0.43686591158155,0.037777046105600835,0.20423989572152706,0.9243971690079247,0.05991249824429046,0.006111111111111012,0.024439822050269278,0.40539092486482237,0.09187548783297249,0.11865212910133603,0.0,0.9999999987499999,0.6666974716527235,0.3201004274223391,0.27234489294677455,0.4015446345129943,calm,02,24,24,female,strong,2768
60,2.0020000000000002,True,1.0,0.5615904095399887,0.5961470727868952,0.5788687411634419,0.7210906303148542,-0.0775925925925926,-0.07384259259259263,0.44465849172618394,0.09945609945609912,0.19934383176905957,0.8027683578563306,0.03455666324690643,0.0037499999999999756,0.019601035179321685,0.36851715243926675,0.09145588680679342,0.11865515529499389,0.0,0.9999999987499999,0.6668514515571854,0.3186675794026355,0.27407265691038774,0.40469184356876803,calm,02,24,24,female,strong,2768
70,2.3356666666666666,True,1.0,0.6256812586284367,0.6394516924139501,0.6325664755211934,0.8492383027467223,-0.07879629629629631,-0.07546296296296301,0.4277531336781279,0.18011529403268126,0.19514240760994453,0.7448633363276959,0.013770433785513347,0.0033333333333332993,0.007035827475234673,0.31674755286516265,0.08983310338297147,0.12004725150396123,0.0,0.9999999987499999,0.6704230267810249,0.31854022885818767,0.26433431010726427,0.3944016819812364,calm,02,24,24,female,strong,2768
80,2.6693333333333333,True,1.0,0.5989883609033761,0.601138115811493,0.6000632383574346,0.6842771102449466,-0.07962962962962966,-0.07541666666666669,0.38090353260779974,0.1819755609766028,0.20349059443298598,0.8769301637791647,0.002149754908116863,0.004212962962962974,0.013274916731448653,0.3715936074535094,0.09127392199548207,0.11927534580131285,0.0,0.9999999987499999,0.6703417242600166,0.31828769223449027,0.2590319960828791,0.38250562787527337,calm,02,24,24,female,strong,2768
90,3.003,True,1.0,0.5611867480602373,0.6094324498349696,0.5853095989476034,0.6635741456096479,-0.07500000000000001,-0.07083333333333325,0.4431963503770433,0.08763693270735495,0.1993059383540774,0.8820560638477856,0.04824570177473231,0.004166666666666763,0.013767013695997777,0.4245043944354889,0.0920678228780309,0.11898428819678009,0.0,0.9999999987499999,0.6675868807366697,0.318608726981401,0.2736850666825769,0.40632089307435326,calm,02,24,24,female,strong,2768
100,3.336666666666667,True,1.0,0.26615178647459664,0.24197313305273577,0.2540624597636662,0.3872708238685,-0.08148148148148149,-0.07500000000000007,0.4393348616194217,0.024968778068507773,0.19800338183938943,0.6560330500134308,0.024178653421860874,0.0064814814814814214,0.03997697018223644,0.6535915725092482,0.091101331525538,0.11892759353500759,0.0,0.9999999987499999,0.6691248836878502,0.3162601728012888,0.2574764660313268,0.3862830084978081,calm,02,24,24,female,strong,2768
110,3.6703333333333332,True,1.0,0.5458451511084095,0.5823754789272018,0.5641103150178056,0.4107664114075127,-0.07550925925925916,-0.06648148148148142,0.44323431690736365,-0.018603756826648853,0.2022497586423201,1.3733116909068879,0.036530327818792285,0.009027777777777746,0.04775005613605098,0.634898460081322,0.09233146822098905,0.11877981656786575,0.0,0.9999999987499999,0.6588466335518584,0.32246742552742014,0.2629136732726018,0.3944764344494256,calm,02,24,24,female,strong,2768
120,4.0040000000000004,True,1.0,0.5469777774353465,0.6104514037519944,0.5787145905936704,0.3861131435942726,-0.0731018518518518,-0.0661574074074075,0.4438280299848057,-0.062112924489665246,0.2042623075307282,1.498821265721488,0.06347362631664788,0.006944444444444309,0.03993937143096243,0.6765302036032068,0.09270840400864364,0.11832494549392582,0.0,0.9999999987499999,0.6578870563850542,0.3250190687819228,0.2657302782505409,0.40113468685144377,calm,02,24,24,female,strong,2768
0,0.0,True,1.0,0.6141272262152462,0.6244262279306545,0.6192767270729503,0.7445884676747263,-0.08162037037037034,-0.07527777777777772,0.35124718937719623,0.2886989553656222,0.2042877046088195,0.8317033555554363,0.010299001715408318,0.006342592592592622,0.023298179573487437,0.37935085238068306,0.09315399907048276,0.11797446061545842,0.0,0.9999999987499999,0.6647139824445404,0.31702136394317376,0.259582310036668,0.38567127761873965,calm,02,24,24,female,strong,2769
10,0.33366666666666667,True,1.0,0.6501287168439633,0.6287700362683866,0.639449376556175,0.7282882236411118,-0.0862500000000001,-0.08101851851851843,0.3642653957268163,0.3058810539292666,0.19728758777933098,0.8780169111608276,0.02135868057557677,0.00523148148148167,0.02105329852735774,0.3712499999999992,0.09599773491765436,0.11681953357368344,0.0,0.9999999987499999,0.6780459888017707,0.30401642910107146,0.2678572865406465,0.3810549650458347,calm,02,24,24,female,strong,2769
20,0.6673333333333333,True,1.0,0.39683462869035835,0.34203423062029614,0.36943442965532725,0.7067313439306118,-0.08657407407407408,-0.08671296296296294,0.3799923316962543,0.254358907363208,0.1958524221220791,0.5227367270859279,0.054800398070062206,0.0001388888888888551,0.011080412024175024,0.39567638809913275,0.09539619908436062,0.11633275569965566,0.0,0.9999999987499999,0.6753714094387755,0.30720707165990097,0.2623015835276801,0.37375849410770773,calm,02,24,24,female,strong,2769
30,1.0010000000000001,True,1.0,0.536533132839538,0.5007575640338812,0.5186453484367095,0.7024316943180664,-0.08291666666666675,-0.08194444444444454,0.4069509316501823,0.2382265198514282,0.19518619083212763,0.7383569856428815,0.0357755688056568,0.0009722222222222077,0.02824637094241535,0.37245317300317377,0.09332320530854986,0.11670343876099662,0.0,0.9999999987499999,0.6731483485190951,0.3053223556844576,0.26955023215110485,0.37996452535395187,calm,02,24,24,female,strong,2769
40,1.3346666666666667,True,1.0,0.48895857302722584,0.4318391911253595,0.46039888207629265,0.6935446679557781,-0.08499999999999991,-0.08324074074074078,0.40776284603672547,0.2418684916018462,0.19376929402420967,0.6638345060503712,0.05711938190186633,0.0017592592592591272,0.018500678719656886,0.3726415750769717,0.09601784587701104,0.11631263888470493,0.0,0.9999999987499999,0.6815387747208258,0.29857977042296424,0.26844130509259284,0.38091161645790556,calm,02,24,24,female,strong,2769
50,1.6683333333333334,True,1.0,0.4694178776799028,0.48137607743455996,0.47539697755723137,0.6804394348833183,-0.08620370370370362,-0.08166666666666672,0.435464902362036,0.22267762418499762,0.1910121683285029,0.6986617076929887,0.011958199754657173,0.004537037037036895,0.0003359904161150514,0.3853143743033336,0.0960086010799998,0.11713635194552804,0.0,0.9999999987499999,0.675621389540191,0.3029986070859602,0.27477708068939544,0.39211764067908,calm,02,24,24,female,strong,2769
60,2.0020000000000002,True,1.0,0.5178780161974945,0.49544412487691863,0.5066610705372065,0.7394514519132334,-0.08671296296296299,-0.08435185185185184,0.4172760899132241,0.23176711596855154,0.18680596396879406,0.6851850371329824,0.022433891320575883,0.002361111111111147,0.00397180243382277,0.3684264269854583,0.09380141033741961,0.1187508648372876,0.0,0.9999999987499999,0.6755975654480543,0.3019317487132753,0.26898869482150445,0.39479169337395625,calm,02,24,24,female,strong,2769
70,2.3356666666666666,True,1.0,0.5272078551986877,0.48033865034933393,0.5037732527740109,1.441849968156013,-0.09064814814814809,-0.08930555555555558,0.39662991305722195,0.5951323815674381,0.18081945712122888,0.3493936705621932,0.04686920484935381,0.0013425925925925064,0.009762486354226765,0.2045361594312578,0.09405562454985025,0.11725689912030521,0.0,0.9999999987499999,0.6695601375003126,0.3092571346085715,0.27483068252016624,0.3995969565314688,calm,02,24,24,female,strong,2769
80,2.6693333333333333,True,1.0,0.4649085019858599,0.4517723595024519,0.4583404307441559,0.7029035149864598,-0.08837962962962975,-0.08347222222222223,0.4015780471362846,0.23872194848596742,0.19243883260522998,0.6520673477539589,0.013136142483407998,0.004907407407407527,0.014153878181455543,0.36281680770859454,0.09525557684992808,0.11855577271850877,0.0,0.9999999987499999,0.6750213056550747,0.3031664040830262,0.2657180946297273,0.3816461808144614,calm,02,24,24,female,strong,2769
90,3.003,True,1.0,0.5522370645186099,0.5458089668615994,0.5490230156901046,0.72051282737997,-0.08750000000000002,-0.07875000000000004,0.44457268232838293,0.2161538482139911,0.19035634988781405,0.7619892315956944,0.0064280976570104675,0.00874999999999998,0.010703783230362706,0.37537018765184005,0.09424189650529598,0.1159628311630918,0.0,0.9999999987499999,0.6749646293673719,0.30371804640757566,0.2836693604612687,0.400096818842486,calm,02,24,24,female,strong,2769
100,3.336666666666667,True,1.0,0.5439652542166806,0.5540833311407507,0.5490242926787157,0.44452592048523426,-0.07777777777777778,-0.07097222222222221,0.43863178687095317,0.03702575213822619,0.20555889596601926,1.2350782426352402,0.010118076924070074,0.006805555555555565,0.024731314412656635,0.6090776713655629,0.09507988837446112,0.11837526387528165,0.0,0.9999999987499999,0.6557408901607518,0.3152482925034013,0.26901846532763385,0.3920878157170892,calm,02,24,24,female,strong,2769
110,3.6703333333333332,True,1.0,0.47951052781553927,0.501855143584414,0.4906828356999766,0.3744683207847828,-0.07689814814814816,-0.07097222222222221,0.4434394936617397,-0.05432254534286408,0.2105094679844854,1.3103453842814796,0.022344615768874698,0.005925925925925946,0.0218920138161308,0.6354810472413318,0.09542133426970648,0.11922409517189807,0.0,0.9999999987499999,0.659451470158376,0.31687056071752906,0.26762933321471705,0.39318545479177125,calm,02,24,24,female,strong,2769
120,4.0040000000000004,True,1.0,0.2579948011233642,0.26098566006280227,0.25949023059308324,0.3981901316002012,-0.08171296296296288,-0.07490740740740737,0.44365523975350035,-0.054227799711383494,0.21059208472821,0.6516741877812828,0.002990858939438068,0.006805555555555509,0.02386845704207942,0.6497075506717889,0.09490682871927836,0.11819210734430079,0.0,0.9999999987499999,0.659177354457408,0.31571534909922233,0.2637944389718247,0.3844805115517712,calm,02,24,24,female,strong,2769
0,0.0,True,1.0,0.6237955685776778,0.6889760826732886,0.6563858256254832,0.45431446353306365,-0.08393518518518517,-0.07870370370370366,0.3686329849975317,0.16850827253712986,0.2174400719712156,1.444783026542833,0.06518051409561076,0.005231481481481504,0.02718329508579105,0.5995599036652084,0.0937979467968583,0.11811012601338405,0.0,0.9999999987499999,0.6567429579409889,0.3207670828075376,0.26285336251185043,0.3937557344310664,happy,03,24,24,female,normal,2770
10,0.33366666666666667,True,1.0,0.614807239757349,0.6678665975578081,0.6413369186575786,0.46614523822364806,-0.08810185185185188,-0.08041666666666664,0.3672417352385215,0.1528594712203455,0.22018878958176905,1.3758306769399555,0.05305935780045912,0.007685185185185239,0.03057782598802454,0.5830751948692525,0.09537817455378911,0.11813505868083647,0.0,0.9999999987499999,0.6553264493375476,0.3205518098770296,0.26385042044934076,0.3910933769989079,happy,03,24,24,female,normal,2770
20,0.6673333333333333,True,1.0,0.6335489419208691,0.6658962438284571,0.649722592874663,0.5114230366223138,-0.08893518518518523,-0.08148148148148149,0.38552033962168064,0.14199263919253496,0.21325491435249727,1.270421053313802,0.032347301907588055,0.00745370370370374,0.022524921137499564,0.4693432084039544,0.0931055454836421,0.11897740115533745,0.0,0.9999999987499999,0.6727844747977316,0.30847673295820077,0.2741359105358392,0.38516333270410164,happy,03,24,24,female,normal,2770
30,1.0010000000000001,True,1.0,0.5741524996233961,0.5867507022069188,0.5804516009151575,0.8544793926277855,-0.0883796296296297,-0.0828240740740741,0.49010549237511464,0.13488455286044118,0.20419058108242347,0.6793043880556221,0.012598202583522733,0.005555555555555591,0.01398812684562857,0.31105694403484185,0.09408093747515424,0.11756115854944546,0.0,0.9999999987499999,0.6716209158428996,0.31141076517592164,0.2946916403055644,0.42315956915213054,happy,03,24,24,female,normal,2770
40,1.3346666666666667,True,1.0,0.5450169141566006,0.5422669338487695,0.5436419240026851,0.5395200513588787,-0.08541666666666675,-0.08050925925925922,0.4452605406283594,0.12245818836924882,0.20988259040137844,1.007639887773262,0.0027499803078311347,0.004907407407407527,0.030067482370320024,0.4984460025178484,0.09506269903930059,0.1177436016629704,0.0,0.9999999987499999,0.6730660203612696,0.3063633236701963,0.2804882838500169,0.39254600665056766,happy,03,24,24,female,normal,2770
50,1.6683333333333334,True,1.0,0.5845435407642463,0.6055995894621643,0.5950715651132052,0.9685206467863728,-0.07893518518518522,-0.0787962962962962,0.413670915385983,0.25868370278440017,0.20419058108242358,0.6144128853501463,0.021056048697917995,0.00013888888888902162,0.017968913963696653,0.2927734547377008,0.09537220018981174,0.1186226940540064,0.0,0.9999999987499999,0.6688676729519932,0.30797887436635907,0.28913818033608213,0.3975242195942487,happy,03,24,24,female,normal,2770
60,2.0020000000000002,True,1.0,0.6041524251991729,0.6423284299553644,0.6232404275772687,1.0883033163579992,-0.07078703703703693,-0.07111111111111107,0.39770112776903865,0.330623792311291,0.212512924698858,0.5726716239944387,0.03817600475619154,0.00032407407407414324,0.011852572025932524,0.2919303797468362,0.09430054357462224,0.11915703797912178,0.0,0.9999999987499999,0.6543195401910764,0.3187290879115178,0.27569535398205686,0.39568329820269305,happy,03,24,24,female,normal,2770
70,2.3356666666666666,True,1.0,0.6686552641757825,0.6571953656475312,0.6629253149116568,0.6795077403759057,-0.07374999999999998,-0.07217592592592598,0.3940763257657158,0.23574758339572274,0.21461888484825123,0.9755964141702412,0.011459898528251244,0.0015740740740740056,0.007786805618126502,0.43670161280395164,0.09608708333152569,0.11739700482021448,0.0,0.9999999987499999,0.6595703147352691,0.3150068621366357,0.2807989358140591,0.3968599543365904,happy,03,24,24,female,normal,2770
80,2.6693333333333333,True,1.0,0.5692006377093021,0.6084499853105143,0.5888253115099082,0.702036257728278,-0.07125000000000004,-0.06583333333333335,0.47623410099212155,0.11888834434457077,0.2020837108700297,0.8387391748330641,0.03924934760121224,0.005416666666666681,0.015954427349318144,0.390104912969204,0.09514093665573478,0.11896850942013203,0.0,0.9999999987499999,0.6616720886792217,0.3136371702317494,0.2873369259923084,0.41422568763338846,happy,03,24,24,female,normal,2770
90,3.003,True,1.0,0.5901899543908046,0.6346727520674347,0.6124313532291197,0.6321945249060161,-0.06509259259259254,-0.0588425925925925,0.48730119548563194,0.005538827572013729,0.20839521379171216,0.9687387807102023,0.044482797676630104,0.006250000000000033,0.0257026720697443,0.4449216885750506,0.09559370924306114,0.1177990962487826,0.0,0.9999999987499999,0.6551317590942627,0.3188359194643602,0.2902111740719572,0.41715054552873504,happy,03,24,24,female,normal,2770
100,3.336666666666667,True,1.0,0.6234267917240999,0.6607841591838417,0.6421054754539708,0.6350960126955847,-0.06527777777777793,-0.057129629629629586,0.49937797718426424,0.0054708506193935,0.20698904855374692,1.0110368552443516,0.03735736745974183,0.008148148148148349,0.027237163272160525,0.4374535368280907,0.09602563554231265,0.11777125938582693,0.0,0.9999999987499999,0.6543794211121948,0.31886073405416976,0.28891192342169,0.415228180107059,happy,03,24,24,female,normal,2770
0,0.0,True,1.0,0.5861288474217158,0.6110944093848426,0.5986116284032792,0.47739217746937507,-0.08384259259259258,-0.07611111111111107,0.36016917170902263,0.23091598009868183,0.20425072840303019,1.2539200612303296,0.024965561963126826,0.007731481481481506,0.04149642151282048,0.6000815293971882,0.09337434145947696,0.11908696333903497,0.0,0.9999999987499999,0.6631538048813277,0.3148412586217933,0.25970317501657786,0.38870463222539836,happy,03,24,24,female,normal,2771
10,0.33366666666666667,True,1.0,0.6083846358018131,0.6508120250266104,0.6295983304142118,0.46650442222590155,-0.08379629629629631,-0.07601851851851854,0.35709989624257144,0.22557945245233352,0.2042877046088194,1.3496084933345671,0.042427389224797274,0.007777777777777772,0.03807509103339533,0.5811579653251571,0.09473814156276561,0.11735732283891252,0.0,0.9999999987499999,0.6576240068605567,0.31804365235619236,0.2602251635470589,0.3861705028428741,happy,03,24,24,female,normal,2771
20,0.6673333333333333,True,1.0,0.6050000462466447,0.6200013345311117,0.6125006903888782,0.44060264990374964,-0.08467592592592593,-0.07708333333333339,0.4001601236707868,0.15136364993624257,0.20428770460881948,1.3901430019149452,0.015001288284467007,0.00759259259259254,0.03598532141603118,0.5630195588677611,0.09396955439935112,0.11797363916017471,0.0,0.9999999987499999,0.6559351646205358,0.32026950105191315,0.2627608968372416,0.38377669686369065,happy,03,24,24,female,normal,2771
30,1.0010000000000001,True,1.0,0.504695464971487,0.4995525904098525,0.5021240276906698,0.8608338505914426,-0.08379629629629642,-0.08013888888888893,0.49551067914940505,0.14898660007125458,0.20007475409596903,0.5832995848684175,0.005142874561634481,0.003657407407407498,0.017075066184387384,0.3317221435244191,0.0934709133972511,0.11852994974459022,0.0,0.9999999987499999,0.6742970189794669,0.3109281751727365,0.2937978261847272,0.421806999740005,happy,03,24,24,female,normal,2771
40,1.3346666666666667,True,1.0,0.5169707945767658,0.5121487765486068,0.5145597855626862,0.5183052780909566,-0.08509259259259261,-0.08217592592592587,0.45110377374705013,0.1479678369319044,0.2070166909043381,0.992773578262475,0.004822018028158959,0.002916666666666734,0.021364797703211424,0.5224422903275869,0.09464228973046243,0.11678389398946498,0.0,0.9999999987499999,0.6781130555190826,0.30768635743448486,0.28244819682059297,0.3963997486840838,happy,03,24,24,female,normal,2771
50,1.6683333333333334,True,1.0,0.5946854737981438,0.6021395968003678,0.5984125352992558,0.9287198674382713,-0.08523148148148141,-0.08203703703703707,0.4173035362650436,0.2255389718076287,0.2139017296661856,0.6443412661666034,0.0074541230022239224,0.003194444444444333,0.018895843031245477,0.3133827393207424,0.09371863727259003,0.1192962755118769,0.0,0.9999999987499999,0.6538564747617798,0.3231298655745561,0.27310652067910846,0.39465843416141233,happy,03,24,24,female,normal,2771
60,2.0020000000000002,True,1.0,0.5662456753162066,0.5988813826958314,0.5825635290060189,0.538153216909202,-0.08032407407407405,-0.07759259259259255,0.4095500716719571,0.1613821497889485,0.21740357807134272,1.0825235466432412,0.032635707379624734,0.0027314814814815014,0.022179475433774524,0.5347480204728535,0.09240182988509095,0.11920553059477039,0.0,0.9999999987499999,0.6557514863992472,0.32160499644810675,0.2668195757035954,0.39071741027312334,happy,03,24,24,female,normal,2771
70,2.3356666666666666,True,1.0,0.5560549051439119,0.5825988710098047,0.5693268880768583,0.7284281647897431,-0.07902777777777775,-0.07555555555555554,0.44791173492649394,0.09876543209876504,0.2090336176048389,0.7815827498119755,0.026543965865892805,0.00347222222222221,0.0173644227514639,0.3817150465804313,0.09307842032805903,0.11803409918155851,0.0,0.9999999987499999,0.6570074627272784,0.31972172528998294,0.2747870480122568,0.39777404595954235,happy,03,24,24,female,normal,2771
80,2.6693333333333333,True,1.0,0.5939088393466035,0.6055829611608698,0.5997459002537366,0.8204721621471869,-0.08078703703703705,-0.07657407407407413,0.4006693930467597,0.17092418929545497,0.2076756292107354,0.7309765375636796,0.011674121814266303,0.004212962962962918,0.0108454733168932,0.3285335705663539,0.09382427506945117,0.11873280038927653,0.0,0.9999999987499999,0.6748464305565979,0.30697503399066844,0.2836983167072309,0.402281575098232,happy,03,24,24,female,normal,2771
90,3.003,True,1.0,0.5152858768824777,0.5704303917226554,0.5428581343025666,0.6120583472610264,-0.06759259259259254,-0.06106481481481474,0.5046271266708565,-0.016381203115571976,0.20702737829043374,0.8869385357325291,0.05514451484017768,0.006527777777777799,0.03552619988957565,0.43304429262238747,0.09335171708090463,0.11926455192699344,0.0,0.9999999987499999,0.6628028643019709,0.3181654938788344,0.2849239187956368,0.4163218021747375,happy,03,24,24,female,normal,2771
100,3.336666666666667,True,1.0,0.5668801108283413,0.6098003171043392,0.5883402139663403,0.5924364762506095,-0.06532407407407403,-0.060046296296296375,0.5007999388782274,-0.005480767380817343,0.2042877046088194,0.9930857358578029,0.04292020627599791,0.005277777777777659,0.036590627802547675,0.4509575365687734,0.09407625626923272,0.11788856898343479,0.0,0.9999999987499999,0.6590912497655311,0.31893441390771726,0.2847456494095175,0.41144951751834163,happy,03,24,24,female,normal,2771
110,3.6703333333333332,True,1.0,0.5772675054570289,0.6284476156694098,0.6028575605632194,0.5898547024206086,-0.06601851851851853,-0.059537037037037,0.5063265858917595,-0.010908449718442478,0.2049817389970177,1.0220441713683903,0.05118011021238089,0.0064814814814815325,0.03538183819178673,0.46106312604090854,0.09466925629470845,0.11902448520555481,0.0,0.9999999987499999,0.6623206783572804,0.31880547636390494,0.28700330970284005,0.4135806852322976,happy,03,24,24,female,normal,2771
0,0.0,True,1.0,0.6494440284319254,0.6769477999144771,0.6631959141732012,0.4623818483431786,-0.0773611111111111,-0.07194444444444448,0.379899126938283,0.10100568275615977,0.20978369299672162,1.4343035232667243,0.027503771482551675,0.005416666666666625,0.03334266042048119,0.5625856785986519,0.09343461143070643,0.11726594750678777,0.0,0.9999999987499999,0.6605377957354818,0.32044606214775906,0.2646532742531728,0.3931434162872832,happy,03,24,24,female,normal,2772
10,0.33366666666666667,True,1.0,0.6365687754067841,0.6903209425998441,0.6634448590033142,0.4993294331484877,-0.07740740740740737,-0.0724537037037038,0.37288203138638076,0.139442206120137,0.20977460082211377,1.3286716443290911,0.053752167193059974,0.004953703703703571,0.0298438430377796,0.5134293205342189,0.09332857724135078,0.11912283219703516,0.0,0.9999999987499999,0.6580796450611496,0.3210550585903123,0.2599620187665319,0.38876367188611194,happy,03,24,24,female,normal,2772
20,0.6673333333333333,True,1.0,0.6357572979142325,0.6495044310973226,0.6426308645057776,0.9160259183630837,-0.07768518518518525,-0.07134259259259262,0.4014377738845586,0.1777113220926029,0.2056089956106082,0.7015422289078277,0.013747133183090066,0.006342592592592622,0.024677718649913194,0.31933377827361475,0.092679035331948,0.11899013866806091,0.0,0.9999999987499999,0.6579346957454858,0.32310760341096634,0.26435370281846005,0.39251075931528423,happy,03,24,24,female,normal,2772
30,1.0010000000000001,True,1.0,0.5939147750938887,0.5704296985456546,0.5821722368197717,0.9359287100458827,-0.08069444444444451,-0.07541666666666669,0.3532331354781068,0.33524188985657305,0.2111924087413147,0.6220262617985417,0.023485076548234063,0.005277777777777826,0.020304220686577015,0.3203614997132295,0.09304405352310764,0.1188653218639395,0.0,0.9999999987499999,0.658105430023572,0.325211839077696,0.2679489236467208,0.3918428404073905,happy,03,24,24,female,normal,2772
40,1.3346666666666667,True,1.0,0.37933430566864246,0.3524904214559384,0.3659123635622904,0.6150643607941666,-0.0786574074074074,-0.07921296296296293,0.41195881611456414,0.13361976292752512,0.2104529220518775,0.5949171938524076,0.02684388421270406,0.0005555555555555314,0.023359447525379985,0.46486945349618547,0.09257432678953131,0.11923151704738098,0.0,0.9999999987499999,0.6567819800498326,0.3220510261548697,0.2675445096100119,0.38984408970679074,happy,03,24,24,female,normal,2772
50,1.6683333333333334,True,1.0,0.564174942684507,0.6129819537164939,0.5885784482005004,0.7596090674619491,-0.07675925925925925,-0.07245370370370374,0.4273167862171959,0.15438453774229838,0.20638349432189496,0.774843894593167,0.048807011031986924,0.004305555555555507,0.022804061380869455,0.38145511543522953,0.09330582536144616,0.11930045843045091,0.0,0.9999999987499999,0.6577916377097716,0.32019652055675996,0.2726240514375423,0.390733739538981,happy,03,24,24,female,normal,2772
60,2.0020000000000002,True,1.0,0.6081733509168127,0.5871212901913642,0.5976473205540884,0.6880907416091309,-0.07638888888888884,-0.0698611111111111,0.44200216540968923,0.09383055567397298,0.2097236773599721,0.868558875180421,0.021052060725448518,0.0065277777777777435,0.014522111805654868,0.4090909090909088,0.09406970467816755,0.11821656080035449,0.0,0.9999999987499999,0.657433031673607,0.31781066424762344,0.27994217041408553,0.3983613690335758,happy,03,24,24,female,normal,2772
70,2.3356666666666666,True,1.0,0.59851288527047,0.6094348509672508,0.6039738681188604,0.8241231227909065,-0.08351851851851849,-0.07787037037037042,0.3829054100497695,0.2384574788804752,0.2236196407062924,0.7328684894479032,0.010921965696780833,0.005648148148148069,0.019175410259500925,0.37483576952338404,0.09156054227464848,0.11953458032500248,0.0,0.9999999987499999,0.6563673049141532,0.3196723511164135,0.28049659194021465,0.40192248675457465,happy,03,24,24,female,normal,2772
80,2.6693333333333333,True,1.0,0.5861288474217146,0.6081236560269054,0.59712625172431,0.6031265643027517,-0.07115740740740739,-0.06388888888888883,0.4927789602197339,0.050236023702459054,0.20005492409898346,0.9900513210102454,0.021994808605190874,0.007268518518518563,0.02373579463987385,0.458483478003145,0.09305720636444326,0.11901521301648564,0.0,0.9999999987499999,0.6615252086068802,0.3175989533801528,0.2818772730510091,0.4120368555767559,happy,03,24,24,female,normal,2772
90,3.003,True,1.0,0.5945580090818763,0.646774369967844,0.6206661895248602,0.6203888344003656,-0.07134259259259251,-0.0627314814814815,0.4870282048699097,0.02816269480766482,0.20294363360366705,1.0004470665961658,0.052216360885967705,0.008611111111111014,0.038330240571739116,0.43242979124759456,0.09392130708007689,0.11833449481085455,0.0,0.9999999987499999,0.660682538788953,0.3196279170987093,0.28658551765436874,0.42023711551430576,happy,03,24,24,female,normal,2772
100,3.336666666666667,True,1.0,0.5583611891969836,0.6212389050036944,0.5898000471003391,0.6203888344003656,-0.06893518518518515,-0.06166666666666659,0.4907092104872982,0.03942777273073075,0.20151159531020477,0.950694168553836,0.06287771580671075,0.007268518518518563,0.032504099658130746,0.4406977522139049,0.09257910809462379,0.11922780456802386,0.0,0.9999999987499999,0.6585617036033165,0.32000656059477134,0.28028129176181293,0.4129294002221987,happy,03,24,24,female,normal,2772
0,0.0,True,1.0,0.5450635288493038,0.5724957120194932,0.5587796204343984,0.6758305415387844,-0.08495370370370375,-0.07912037037037034,0.4094294583290659,0.1987253455166024,0.19519518081407675,0.8268043334681573,0.027432183170189472,0.0058333333333334125,0.022883057819111267,0.39744598780041784,0.09371639375564832,0.1165515111732424,0.0,0.9999999987499999,0.6781320590892609,0.3072036339339287,0.2677374792326833,0.3857975713405824,happy,03,24,24,female,normal,2773
10,0.33366666666666667,True,1.0,0.5611456747514039,0.6072580697513961,0.5842018722514,0.6322611328046263,-0.0835185185185186,-0.07870370370370372,0.40355558475078346,0.20172768723618548,0.19587228806931056,0.9239882731047505,0.0461123949999922,0.004814814814814883,0.023339731549831072,0.40735408674373547,0.1124427646818835,0.11385287624606476,0.0,0.9999999987499999,0.6194429529468037,0.2894504227236749,0.28595787899867076,0.34317915523815073,happy,03,24,24,female,normal,2773
20,0.6673333333333333,True,1.0,0.5501855628922228,0.5299567275306066,0.5400711452114146,0.706014690014493,-0.08236111111111111,-0.07671296296296298,0.4723143335880687,0.12726543605155796,0.1956449331391951,0.7649573767372009,0.020228835361616126,0.005648148148148124,0.034956298334850366,0.36907537957591546,0.09265253538757337,0.11836869766449581,0.0,0.9999999987499999,0.6794491911921019,0.3086982816251386,0.2866807647971981,0.41800187043672854,happy,03,24,24,female,normal,2773
30,1.0010000000000001,True,1.0,0.5152851528535406,0.49123125094971914,0.5032582019016298,0.8661268767493143,-0.08199074074074081,-0.07532407407407404,0.3912889661321717,0.22318618286540923,0.20027789836191512,0.5810444351876283,0.02405390190382145,0.006666666666666765,0.04706676614138428,0.326527479606379,0.09136733501956355,0.1195230309984845,0.0,0.9999999987499999,0.6790527767669567,0.30683256761579575,0.27672905802277814,0.3981258258361541,happy,03,24,24,female,normal,2773
40,1.3346666666666667,True,1.0,0.49324168360339593,0.4835142473439877,0.48837796547369183,0.4937255060107851,-0.08074074074074078,-0.07796296296296301,0.44601091537390075,0.18512876069113193,0.19307491897578208,0.9891690008476564,0.00972743625940825,0.002777777777777768,0.020841135652758774,0.5202610607144403,0.0937548985026797,0.11798292990932899,0.0,0.9999999987499999,0.6804966154352367,0.30403123409128824,0.2747015168063866,0.38463807942077716,happy,03,24,24,female,normal,2773
50,1.6683333333333334,True,1.0,0.532715684211331,0.5496744626914651,0.5411950734513981,0.6606137873421897,-0.07370370370370372,-0.07078703703703709,0.4867044507143248,0.08542017956963577,0.20138926772743349,0.8192306667239837,0.016958778480134162,0.002916666666666623,0.015905715585502418,0.4076731481115995,0.09379661322453207,0.11891497708759984,0.0,0.9999999987499999,0.6625534899428521,0.3189011028098374,0.28444383389029,0.42025325745710596,happy,03,24,24,female,normal,2773
60,2.0020000000000002,True,1.0,0.5887915143595887,0.5961804603299782,0.5924859873447834,0.4102564102564099,-0.07490740740740748,-0.07055555555555554,0.404364760697529,0.19145299145299077,0.2048626007773051,1.4441845941529108,0.007388945970389527,0.00435185185185194,0.014669914794853101,0.6750000000000022,0.09307002902718842,0.11916517205122677,0.0,0.9999999987499999,0.6624960893732492,0.3137670415677527,0.25943368171425407,0.37939985029470685,happy,03,24,24,female,normal,2773
70,2.3356666666666666,True,1.0,0.5643611530345897,0.5496752920118002,0.557018222523195,0.630307923229513,-0.07657407407407418,-0.07134259259259257,0.4186256648944919,0.19691714852443779,0.1965526216138356,0.8837239736241882,0.01468586102278946,0.005231481481481615,0.011960751972545368,0.44713477745290653,0.09476415733159271,0.1174985749858341,0.0,0.9999999987499999,0.6789146732990071,0.30320436298127346,0.2787094050239142,0.39270685318352305,happy,03,24,24,female,normal,2773
80,2.6693333333333333,True,1.0,0.5755282104422378,0.5698048658396934,0.5726665381409656,0.6444444444444452,-0.0672685185185185,-0.06365740740740738,0.49508614837541853,0.07777777777777753,0.20069786576314116,0.8886204902187387,0.005723344602544422,0.0036111111111111205,0.007082584901090252,0.4461206896551716,0.09388240061596138,0.11868684567040655,0.0,0.9999999987499999,0.6622826028692728,0.31778153703833806,0.2827093875706513,0.41602497095605334,happy,03,24,24,female,normal,2773
90,3.003,True,1.0,0.5702185559703397,0.5874294290113802,0.5788239924908599,0.517549476732272,-0.07120370370370371,-0.06259259259259253,0.5197832702382317,0.03690707410507061,0.195328027932124,1.1183935420927595,0.01721087304104052,0.00861111111111118,0.03921405362214951,0.5221324659719371,0.09253797744375258,0.11845827801771557,0.0,0.9999999987499999,0.6655650965620623,0.31619202488279385,0.27991262925226346,0.4107896691124523,happy,03,24,24,female,normal,2773
100,3.336666666666667,True,1.0,0.41682703392437437,0.4522890403692046,0.4345580371467895,0.5092458128263582,-0.07231481481481478,-0.06356481481481485,0.5164597586619438,0.010591122478567291,0.20089544301702025,0.8533364952672952,0.03546200644483022,0.008749999999999925,0.043085235256211524,0.5445317442566613,0.09426598103678065,0.11822137434686017,0.0,0.9999999987499999,0.6662872360584859,0.31587505641212954,0.2875079121985943,0.41418420889775415,happy,03,24,24,female,normal,2773
110,3.6703333333333332,True,1.0,0.545997460242011,0.5854281893016257,0.5657128247718184,0.5355177210841799,-0.06569444444444439,-0.05768518518518517,0.5139003865888164,0.005349763314884163,0.20363751244752276,1.05638488232753,0.039430729059614644,0.008009259259259216,0.031956200048223755,0.4981190137231654,0.09537277660635282,0.11830057354381433,0.0,0.9999999987499999,0.6660802162427472,0.31637787571869613,0.2895948988936898,0.41599746952563266,happy,03,24,24,female,normal,2773
0,0.0,True,1.0,0.5866932245232285,0.6224831190714939,0.6045881717973611,0.4035118452971041,-0.08134259259259263,-0.0735648148148148,0.411352410808277,0.03245590210205466,0.21264356363701675,1.498315796286489,0.03578989454826542,0.007777777777777828,0.04171504901840011,0.6342310155173635,0.09521561652565419,0.11810491392393299,0.0,0.9999999987499999,0.6618258575539591,0.3142469230163119,0.27088736423301835,0.39241065341178927,happy,03,24,24,female,strong,2774
10,0.33366666666666667,True,1.0,0.58929442459203,0.6514264587997246,0.6203604416958772,0.39644569035822785,-0.08314814814814808,-0.07550925925925922,0.4199270813554423,0.031887545966771305,0.21400442814737722,1.5648056134380481,0.06213203420769464,0.007638888888888862,0.03954795174796219,0.6726941859522326,0.09593368678258658,0.11768439153630798,0.0,0.9999999987499999,0.6591105768948204,0.3166710321159626,0.2708662209661029,0.39204218255998835,happy,03,24,24,female,strong,2774
20,0.6673333333333333,True,1.0,0.5704205171887591,0.5628461282086915,0.5666333226987252,1.0209404441856482,-0.08361111111111103,-0.07810185185185187,0.42787414793242234,0.22048850414965937,0.210521427677806,0.5550111428396781,0.00757438898006757,0.005509259259259158,0.028587227977658683,0.2848798673674591,0.09369937682982818,0.12026568417432994,0.0,0.9999999987499999,0.6510050955303998,0.32148226610645525,0.2764754619297363,0.4015669931958379,happy,03,24,24,female,strong,2774
30,1.0010000000000001,True,1.0,0.5413227542979124,0.5485510643264008,0.5449369093121565,0.7298880715766985,-0.07236111111111115,-0.07324074074074077,0.5149771679789655,0.163938575312997,0.19583683957687859,0.7466033910308851,0.007228310028488338,0.0008796296296296191,0.009201935960020613,0.39152060432968216,0.09554504882013352,0.11767677775282012,0.0,0.9999999987499999,0.6675735870754552,0.3121110321973953,0.3074125510056557,0.42112540504545304,happy,03,24,24,female,strong,2774
40,1.3346666666666667,True,1.0,0.5108584721479515,0.4883165086394889,0.4995874903937202,0.6506788071820276,-0.07384259259259252,-0.07189814814814816,0.46605698516055893,0.16847083529701395,0.19861456831714475,0.7677943170722639,0.02254196350846266,0.0019444444444443598,0.005601285296335471,0.43189785527200386,0.09627680894504423,0.1180511758556473,0.0,0.9999999987499999,0.6747200226184225,0.30497567877852705,0.30156864268749933,0.40926251374088163,happy,03,24,24,female,strong,2774
50,1.6683333333333334,True,1.0,0.6251607929138453,0.6520980461699072,0.6386294195418762,1.59065117644162,-0.08962962962962961,-0.09236111111111112,0.3181450309054277,0.6768607223741084,0.22154465268609197,0.40148929507632697,0.026937253256061888,0.0027314814814815014,0.020190489608539287,0.20373173474609862,0.09527988694683666,0.11949670704682178,0.0,0.9999999987499999,0.6689620422387704,0.3082244750374853,0.2970353291263717,0.3995691477767223,happy,03,24,24,female,strong,2774
60,2.0020000000000002,True,1.0,0.5470443366799554,0.5557291483635998,0.5513867425217776,0.8995221053623511,-0.07481481481481483,-0.07847222222222222,0.4850544268895552,0.18323156627951187,0.2069444444444445,0.6129774234949618,0.008684811683644322,0.003657407407407387,0.0018991747045274633,0.319675211150866,0.09480092863905513,0.11891963713091308,0.0,0.9999999987499999,0.6561226485047144,0.3154597185793458,0.3030521600182061,0.428678992117906,happy,03,24,24,female,strong,2774
70,2.3356666666666666,True,1.0,0.5413935489470489,0.5485468997861208,0.5449702243665848,0.74510667361878,-0.07212962962962977,-0.07004629629629622,0.47548704319578977,0.09743337827172348,0.2159725754800724,0.7313989307327137,0.00715335083907187,0.002083333333333548,0.007604417803834897,0.3819961057070176,0.09454645290468301,0.11896201268342449,0.0,0.9999999987499999,0.6534006152382829,0.31714018720479825,0.298528384205406,0.41205592856784085,happy,03,24,24,female,strong,2774
80,2.6693333333333333,True,1.0,0.5854531585380645,0.6163869611745848,0.6009200598563247,0.666652032454564,-0.07967592592592593,-0.07643518518518522,0.43813211197600693,0.12961975195752914,0.2250030517371167,0.9013998766999645,0.030933802636520347,0.0032407407407407107,0.016649390776121806,0.41705536019217804,0.09522107615960376,0.11842271266083211,0.0,0.9999999987499999,0.652737236621211,0.31381757861156795,0.2995870701586517,0.41201029482480067,happy,03,24,24,female,strong,2774
90,3.003,True,1.0,0.5639579888417598,0.6058428766148256,0.5849004327282927,0.6457838602910428,-0.06768518518518513,-0.0635648148148148,0.4983873081226836,0.01613821497889475,0.21528344806600502,0.9057216643114755,0.04188488777306576,0.00412037037037033,0.02159380440458214,0.4220372037359582,0.09450789894805631,0.11786654157336204,0.0,0.9999999987499999,0.6542938419664741,0.3171363317710774,0.2900687329076181,0.4115721918560324,happy,03,24,24,female,strong,2774
100,3.336666666666667,True,1.0,0.5560628299736867,0.573025496230515,0.5645441631021009,0.5944701642631868,-0.06527777777777777,-0.06064814814814817,0.5085747464557825,0.010606980582293691,0.2118491361770521,0.949659372395623,0.016962666256828296,0.004629629629629595,0.01881479169529038,0.4530521305132261,0.09594206297768049,0.11702817196245968,0.0,0.9999999987499999,0.656146009520996,0.31675951585517387,0.2944628928163491,0.41750088258074886,happy,03,24,24,female,strong,2774
110,3.6703333333333332,True,1.0,0.5808158098844155,0.6008521640956027,0.5908339869900091,0.5768001201747341,-0.06750000000000006,-0.06259259259259248,0.5127980129627969,0.0,0.2119355505636399,1.024330554596666,0.020036354211187213,0.004907407407407582,0.01883331694848554,0.48182857548312674,0.09571284712097783,0.11770231612017872,0.0,0.9999999987499999,0.6572817693014706,0.3147873135243261,0.2936034450487449,0.4180838639645906,happy,03,24,24,female,strong,2774
0,0.0,True,1.0,0.6298214288810118,0.6742204296495374,0.6520209292652746,0.5113833960148358,-0.08347222222222223,-0.07541666666666674,0.3574344323904721,0.1955021921253547,0.21186642187405055,1.2750138826297728,0.044399000768525654,0.008055555555555483,0.023219176141267117,0.4971261963684424,0.09477613326994967,0.11765096322614206,0.0,0.9999999987499999,0.6633161712497501,0.31660782291365935,0.26093264513250414,0.39188797363466055,happy,03,24,24,female,strong,2775
10,0.33366666666666667,True,1.0,0.6179768769484918,0.6621343890248608,0.6400556329866762,0.4984710179629265,-0.08333333333333331,-0.0753240740740741,0.3679505888096732,0.16850827253712966,0.2118491361770521,1.284037807458407,0.04415751207636898,0.008009259259259216,0.021236960276291267,0.5134293205342189,0.09546316227638661,0.11725678309433171,0.0,0.9999999987499999,0.6659439817098715,0.3152926378476954,0.26251678046662624,0.39004179524698007,happy,03,24,24,female,strong,2775
20,0.6673333333333333,True,1.0,0.5999422658241377,0.6478655480999871,0.6239039069620624,0.7237864144989479,-0.08175925925925925,-0.0742592592592593,0.4289532848126438,0.12062519563953993,0.2125606674658217,0.8620000244049474,0.04792328227584941,0.007499999999999951,0.020980996775357554,0.3947176226404609,0.0931637847216202,0.11893180315549179,0.0,0.9999999987499999,0.6629741774365996,0.31687900378467,0.2731441630392712,0.3966113909210666,happy,03,24,24,female,strong,2775
30,1.0010000000000001,True,1.0,0.5753275556564201,0.5663818855212931,0.5708547205888566,0.7132401862940784,-0.07254629629629633,-0.07935185185185184,0.5075691443665388,0.1703260146373921,0.19376417538869897,0.800368139034563,0.008945670135127037,0.006805555555555509,0.00015966665460634305,0.3864823352438739,0.09529015143388393,0.1173974257524131,0.0,0.9999999987499999,0.6743573135269733,0.30791912324032805,0.3017783896719739,0.4217898730088719,happy,03,24,24,female,strong,2775
40,1.3346666666666667,True,1.0,0.5761163942263532,0.5522543206991989,0.564185357462776,0.7035337189183745,-0.08962962962962961,-0.08847222222222217,0.44742167706858454,0.2444370477465269,0.21047793462647515,0.8019307991806914,0.023862073527154304,0.0011574074074074403,0.004126615684197802,0.40040553175322974,0.09676535369989087,0.11683856660969277,0.0,0.9999999987499999,0.6736284948354342,0.3024578968866532,0.29523528930540105,0.4102394990463716,happy,03,24,24,female,strong,2775
50,1.6683333333333334,True,1.0,0.6160560512517169,0.5781342107922978,0.5970951310220074,1.51929281034306,-0.09671296296296295,-0.09037037037037038,0.3489143528081828,0.6001206600855092,0.20907193742222244,0.39300859383859116,0.037921840459419154,0.006342592592592566,0.017904486304788608,0.19687500000000008,0.09743551277832968,0.11855193140340704,0.0,0.9999999987499999,0.6700749795699531,0.3044796679743635,0.29329520684007115,0.3938046977689974,happy,03,24,24,female,strong,2775
60,2.0020000000000002,True,1.0,0.5517666906905728,0.5867579333848748,0.5692623120377238,0.4413799503217745,-0.08666666666666667,-0.08060185185185181,0.42666006728478345,0.13864780853696446,0.2236196407062925,1.2897330556648996,0.03499124269430198,0.006064814814814856,0.013889211919999601,0.610399046180895,0.09525184548415519,0.11887972910776924,0.0,0.9999999987499999,0.6575623671265381,0.3141659266952837,0.28207297411958193,0.39709139972855434,happy,03,24,24,female,strong,2775
70,2.3356666666666666,True,1.0,0.5666226226683473,0.6099056027662744,0.5882641127173108,0.7691791866952402,-0.06736111111111115,-0.06263888888888886,0.4309150006249825,0.09455513231134689,0.21458902197152224,0.7647946315926376,0.04328298009792708,0.004722222222222294,0.008336605069179782,0.37800948970892456,0.09595983788432706,0.11846990133462192,0.0,0.9999999987499999,0.6588157582720588,0.3163396819692757,0.2855601144696355,0.4060786354588,happy,03,24,24,female,strong,2775
80,2.6693333333333333,True,1.0,0.5677154187134662,0.577374788752193,0.5725451037328295,0.6821565125750811,-0.07060185185185186,-0.06300925925925932,0.48726658256956823,0.07826694619147422,0.20209692421007708,0.839316334563049,0.009659370038726744,0.00759259259259254,0.010459097626949077,0.40599970998554136,0.09374365269344942,0.11863598152839747,0.0,0.9999999987499999,0.6605578714454533,0.31702883839683654,0.28278022732284996,0.41271646058364414,happy,03,24,24,female,strong,2775
90,3.003,True,1.0,0.6043780972826489,0.6268228969400417,0.6156004971113453,0.5601079422314171,-0.06800925925925938,-0.06333333333333341,0.5014295315025544,0.026921966688642978,0.2035097147683911,1.0990747509468464,0.022444799657392767,0.004675925925925972,0.01925362388372159,0.4758501890827445,0.09443660276074355,0.11743798704975322,0.0,0.9999999987499999,0.6604158177333432,0.3179691641734176,0.28423442813619465,0.41481006255816333,happy,03,24,24,female,strong,2775
100,3.336666666666667,True,1.0,0.5934777740739183,0.6373731098552348,0.6154254419645766,0.5989808345273996,-0.06902777777777785,-0.06259259259259253,0.5084787902152025,0.032062389988265584,0.201434723180158,1.027454313208789,0.043895335781316436,0.0064351851851853215,0.02479711933699103,0.4530521305132255,0.09530149392481461,0.11819692689161033,0.0,0.9999999987499999,0.6580441885816828,0.3168895769298783,0.2859015864928976,0.41627943221132824,happy,03,24,24,female,strong,2775
110,3.6703333333333332,True,1.0,0.5870413337667719,0.6373731098552347,0.6122072218110033,0.5889960231890292,-0.06837962962962962,-0.06268518518518523,0.5093211770979106,0.026759953909497782,0.20070812936930751,1.0394080735830789,0.05033177608846273,0.005694444444444391,0.017388944676430557,0.4603696407038884,0.09528493055106864,0.11869280569404274,0.0,0.9999999987499999,0.6569441615630627,0.318455863885828,0.2833369585568916,0.4098259403671644,happy,03,24,24,female,strong,2775
0,0.0,True,1.0,0.6165929925807502,0.6785004440920064,0.6475467183363783,0.4296960481453585,-0.0766666666666666,-0.068888888888889,0.48083966955927837,-0.06208411436623779,0.2139320451098644,1.5069878374057675,0.061907451511256206,0.007777777777777606,0.03754515386265848,0.5934005546378889,0.09386228863874767,0.11741171863228761,0.0,0.9999999987499999,0.6591663291410315,0.3197529046773198,0.2716103518495579,0.39655666441924614,happy,03,24,24,female,strong,2776
10,0.33366666666666667,True,1.0,0.6244010663346914,0.6521409674177496,0.6382710168762205,0.46710366125264285,-0.07611111111111107,-0.06810185185185197,0.4659263514902254,-0.011667213580121776,0.21184157324108985,1.366444046198555,0.027739901083058238,0.008009259259259105,0.033906437380732714,0.5485190987995462,0.09369761014086439,0.11802843130736461,0.0,0.9999999987499999,0.6533335214085635,0.32080334069358474,0.2706973550806889,0.39131900104606643,happy,03,24,24,female,strong,2776
20,0.6673333333333333,True,1.0,0.6360640106414334,0.6213553582877487,0.628709684464591,0.9498385095389669,-0.09212962962962962,-0.08240740740740732,0.4824476215526613,0.1413165029622268,0.21671736686452808,0.6619121862828602,0.014708652353684681,0.009722222222222299,0.024033888585065975,0.294823772910547,0.0941153612557973,0.11962231768833882,0.0,0.9999999987499999,0.6416282205694778,0.3307765402383829,0.2830263666263372,0.42624435342227207,happy,03,24,24,female,strong,2776
30,1.0010000000000001,True,1.0,0.5974525674860227,0.6084667901525976,0.6029596788193101,0.8685868496540178,-0.08537037037037043,-0.08740740740740738,0.4011563867471755,0.30531539819918674,0.2222802361949851,0.6941846737139593,0.011014222666574924,0.0020370370370369484,0.009428325359292394,0.3339327879586963,0.09474740157688165,0.11815881821999195,0.0,0.9999999987499999,0.6698082653452004,0.3080231594768573,0.2853916293840364,0.39334594685640134,happy,03,24,24,female,strong,2776
40,1.3346666666666667,True,1.0,0.5704981327581983,0.5867738666403305,0.5786359996992644,0.5920099092985299,-0.07212962962962971,-0.06912037037037039,0.4352079494054066,0.11333113831679949,0.21041811700201477,0.9774093146259795,0.016275733882132215,0.0030092592592593226,0.010306578151332521,0.479058767863989,0.09459827953587449,0.11987819406576004,0.0,0.9999999987499999,0.6488699810158438,0.321128518180053,0.28684418804217826,0.40692739287741997,happy,03,24,24,female,strong,2776
50,1.6683333333333334,True,1.0,0.6158372973547999,0.5887066646794809,0.6022719810171404,0.7090359628950959,-0.06555555555555553,-0.06574074074074077,0.5027157446520709,0.0763462849352417,0.20417002980063803,0.849423742285197,0.02713063267531901,0.00018518518518523264,0.0054531076103117755,0.4156071738395502,0.09562200488555464,0.11970156170867777,0.0,0.9999999987499999,0.6552160353516407,0.3199351059246507,0.29595826238941364,0.4314588732622753,happy,03,24,24,female,strong,2776
60,2.0020000000000002,True,1.0,0.6953456421571157,0.691958406579701,0.6936520243684083,0.6807969526416997,-0.0779629629629629,-0.0836574074074074,0.4308196464712269,0.18280658913527167,0.2243222215023002,1.0188823872915809,0.0033872355774147156,0.005694444444444502,0.009200478261646116,0.43750000000000056,0.09517982626245898,0.11829492357650997,0.0,0.9999999987499999,0.6571969768141631,0.316258121812677,0.2777978493734888,0.39820943363992545,happy,03,24,24,female,strong,2776
70,2.3356666666666666,True,1.0,0.621075480826719,0.6235689042228597,0.6223221925247894,0.7333622611790023,-0.08291666666666664,-0.08314814814814814,0.4199113336419771,0.1415191595971059,0.2402777777777778,0.8485876973329696,0.0024934233961406704,0.00023148148148149916,0.004819676211469298,0.4045855632064718,0.09463577985805807,0.119689519702002,0.0,0.9999999987499999,0.6583234493406737,0.31796893614991634,0.29079291521496076,0.40689685185263536,happy,03,24,24,female,strong,2776
80,2.6693333333333333,True,1.0,0.6718140881631168,0.6439408574733002,0.6578774728182085,0.7946593513674071,-0.07657407407407407,-0.07546296296296301,0.46917918668604075,0.08061493664932641,0.22778079229908374,0.8278735683235444,0.02787323068981662,0.0011111111111110628,0.0022587344689335527,0.3345420726235114,0.09581733793638936,0.11906619000403508,0.0,0.9999999987499999,0.6546020576902636,0.3212914712724122,0.2950639871018559,0.41955408162646507,happy,03,24,24,female,strong,2776
90,3.003,True,1.0,0.665771490728463,0.6994058246196331,0.6825886576740481,0.6395323695319948,-0.06625000000000003,-0.06305555555555542,0.49771892503391824,0.021675123401973213,0.2118059157627287,1.0673246424939549,0.0336343338911701,0.0031944444444446107,0.013647499709866753,0.4289474522719823,0.0952633688882617,0.11758130390948401,0.0,0.9999999987499999,0.6583367452996824,0.3182115279053546,0.2899468180634318,0.41803852422086224,happy,03,24,24,female,strong,2776
100,3.336666666666667,True,1.0,0.6234267917241002,0.6610801385516235,0.6422534651378619,0.6271892905825761,-0.06287037037037041,-0.05824074074074076,0.5021005661635528,-0.027022586134171116,0.21324597018050614,1.0240185455674684,0.037653346827523304,0.00462962962962965,0.021691900670682718,0.4279340269632547,0.09513130526823366,0.11865551366871957,0.0,0.9999999987499999,0.6510290091505353,0.3235172160522423,0.28483593703143567,0.4167280510852978,happy,03,24,24,female,strong,2776
110,3.6703333333333332,True,1.0,0.6520603843188567,0.6575668857057556,0.6548136350123062,0.632101247028247,-0.061481481481481415,-0.055046296296296315,0.503835896330599,-0.032688743484750794,0.2139117164045099,1.035931566486918,0.005506501386898899,0.006435185185185099,0.014151403009439342,0.4072509841622097,0.09480685140597998,0.11843329451533385,0.0,0.9999999987499999,0.6536716868466136,0.3239550194819534,0.28184814542039005,0.4156224690973036,happy,03,24,24,female,strong,2776
0,0.0,True,1.0,0.6430056964893583,0.6919457844892429,0.6674757404893006,0.525280487322458,-0.08537037037037037,-0.0781944444444444,0.3978425112064598,0.09424191188698028,0.22365239132884612,1.2707034748076451,0.048940087999884585,0.0071759259259259744,0.026157178222456213,0.5190148778387886,0.0940368756989754,0.11791998430788743,0.0,0.9999999987499999,0.6602495917429473,0.3147093671086251,0.2712926503721465,0.39677157692881454,happy,03,24,24,female,strong,2777
10,0.33366666666666667,True,1.0,0.6571805126306518,0.6785004440920056,0.6678404783613288,0.6184714239309534,-0.08560185185185193,-0.07851851851851843,0.40776608814108084,0.07890295766460911,0.2229744999574916,1.079824309612544,0.021319931461353803,0.007083333333333497,0.030420173621801206,0.46693913183805297,0.09577441547268245,0.11700269173953681,0.0,0.9999999987499999,0.6589527819877952,0.3153912554264114,0.27609490174591333,0.39747680921410183,happy,03,24,24,female,strong,2777
20,0.6673333333333333,True,1.0,0.6226035390271699,0.6534498632467197,0.6380267011369448,0.8104401256348178,-0.07884259259259258,-0.07898148148148149,0.4576433634016283,0.07150697638957525,0.21323774121093325,0.787259516102042,0.030846324219549803,0.0001388888888889106,0.018764951926948797,0.3311976578744253,0.09284861125745021,0.12092370898886148,0.0,0.9999999987499999,0.660391299644858,0.3178262861269384,0.2819339849652472,0.41314074858797895,happy,03,24,24,female,strong,2777
30,1.0010000000000001,True,1.0,0.5518653331225927,0.5474412815661606,0.5496533073443766,0.7959782244001203,-0.06805555555555559,-0.0698611111111111,0.4492110554162563,0.1224581883692498,0.20418011887017856,0.6905381208871842,0.004424051556432107,0.0018055555555555047,0.0075414052872752905,0.37243327705508267,0.09393549788663172,0.12008134844893403,0.0,0.9999999987499999,0.6444124678465135,0.3268179898826959,0.2839262009635899,0.416929849886461,happy,03,24,24,female,strong,2777
40,1.3346666666666667,True,1.0,0.6158372973547999,0.6475333514889761,0.631685324421888,0.6584388756411068,-0.06342592592592594,-0.06499999999999995,0.43872049922864836,0.09317531259072238,0.20903361760483902,0.9593682083349505,0.0316960541341762,0.0015740740740740056,0.007812284328050288,0.4461538594329704,0.09531289435714069,0.11962974533169239,0.0,0.9999999987499999,0.6484149189206933,0.32054219700051695,0.29441619184742807,0.4157871857290733,happy,03,24,24,female,strong,2777
50,1.6683333333333334,True,1.0,0.6675752409170713,0.666298382138598,0.6669368115278347,0.7067603587797724,-0.06421296296296286,-0.05888888888888888,0.49416694138924133,0.06072783689558346,0.20555592671495446,0.9436533943121918,0.0012768587784732777,0.005324074074073981,0.01558442872002583,0.4130221324752308,0.09475231614543442,0.12007423696986005,0.0,0.9999999987499999,0.6499358729429272,0.3220895845946733,0.3013118008220442,0.4311790092242506,happy,03,24,24,female,strong,2777
60,2.0020000000000002,True,1.0,0.6730310117260287,0.6796165894782111,0.6763238006021199,1.0616767070205528,-0.07157407407407407,-0.07884259259259252,0.45158471434027664,0.21470397963787727,0.21528663753750227,0.6370336620647241,0.006585577752182381,0.007268518518518452,0.0006350153739090323,0.290707113275185,0.093806536387069,0.1198646480183315,0.0,0.9999999987499999,0.6486751438231542,0.3228242243146223,0.2942155132819922,0.4211340041045771,happy,03,24,24,female,strong,2777
70,2.3356666666666666,True,1.0,0.6718183785827978,0.6545830704304217,0.6632007245066098,0.8203941393201774,-0.07796296296296296,-0.07847222222222217,0.40679968335146166,0.16138214978894858,0.23267856746641363,0.8083928111141476,0.01723530815237606,0.0005092592592592093,0.016328706184028582,0.3599892882787168,0.09509824284370066,0.11803814885191966,0.0,0.9999999987499999,0.6514789604826307,0.3191669465152796,0.2948605405320085,0.4108342227145815,happy,03,24,24,female,strong,2777
80,2.6693333333333333,True,1.0,0.7845897699566957,0.7541258103646626,0.7693577901606792,0.9060565642252325,-0.08893518518518528,-0.0849537037037037,0.4721484162227561,0.10895340729049656,0.2347381486072915,0.8491277703159248,0.030463959592033074,0.003981481481481586,0.011624084687578265,0.31353880893939307,0.09446899646719481,0.11982120289426414,0.0,0.9999999987499999,0.6504903704137905,0.3219221224793287,0.30898036887079106,0.42904926901043094,happy,03,24,24,female,strong,2777
90,3.003,True,1.0,0.7184471026265399,0.7074809019589925,0.7129640022927661,0.8325155428462603,-0.07347222222222233,-0.06944444444444448,0.4837505913967804,0.033746730531909346,0.22015136512249264,0.8563972269577536,0.010966200667547388,0.004027777777777852,0.014590159237404766,0.3344208156599747,0.09454883219410253,0.11799528322929058,0.0,0.9999999987499999,0.6548840746454833,0.3218495068253522,0.2994864533984004,0.42024281439682865,happy,03,24,24,female,strong,2777
100,3.336666666666667,True,1.0,0.6906994578286786,0.717582312170182,0.7041408849994303,0.7899124852193958,-0.06851851851851853,-0.06509259259259265,0.49683235768757505,0.016451992054536974,0.21948650831496794,0.8914163254475681,0.026882854341503393,0.003425925925925888,0.019002049205081924,0.3358452700057354,0.09499495552901042,0.11747435043549091,0.0,0.9999999987499999,0.6534261478653961,0.32365140389915636,0.2980130497164012,0.42026348431390315,happy,03,24,24,female,strong,2777
110,3.6703333333333332,True,1.0,0.6332181650858835,0.6710791257995401,0.6521486454427118,0.7616406550911768,-0.07472222222222225,-0.06773148148148145,0.4960585202352919,0.027187411076037754,0.21886297305977204,0.8562419050026188,0.03786096071365663,0.006990740740740797,0.026023624615010656,0.35454084930012536,0.09496535934383005,0.11926855634698551,0.0,0.9999999987499999,0.6513326565391782,0.32276437147591797,0.2926918996293548,0.4173804451922217,happy,03,24,24,female,strong,2777
0,0.0,True,1.0,0.645046773667756,0.6488496581624413,0.6469482159150987,0.44378844760757824,-0.07527777777777772,-0.06837962962962962,0.3729788753829966,0.17176080296621657,0.21671736686452808,1.4577851663393575,0.0038028844946853546,0.006898148148148098,0.009682047277308896,0.617676580648392,0.0954177171344973,0.11516282591453883,0.0,0.9999999987499999,0.6573783896918143,0.31307831530611896,0.26990506231866124,0.3872329932994535,sad,04,24,24,female,normal,2778
10,0.33366666666666667,True,1.0,0.6307538813166602,0.6360640106414348,0.6334089459790475,0.4358032047259071,-0.07310185185185186,-0.06888888888888883,0.36665772416613746,0.14516570113367336,0.2202275934147095,1.4534288392335757,0.005310129324774593,0.004212962962963029,0.007836368366426254,0.640526148558935,0.10786387406539089,0.116085684351452,0.0,0.9999999987499999,0.611371320473502,0.2955935332056724,0.2788708792070781,0.36227835620739723,sad,04,24,24,female,normal,2778
20,0.6673333333333333,True,1.0,0.4910681764503773,0.46574694567893765,0.4784075610646575,0.6251695651606175,-0.07615740740740745,-0.07055555555555565,0.3587900945309598,0.19343548533615876,0.2208751327014355,0.7652444836174099,0.025321230771439662,0.005601851851851802,0.006941251322101837,0.4709936042670345,0.09565802709413185,0.11660874128220786,0.0,0.9999999987499999,0.6244590831019909,0.33121183806130905,0.2530503503494548,0.37839447638238954,sad,04,24,24,female,normal,2778
30,1.0010000000000001,True,1.0,0.2725411870522789,0.2713017042416146,0.27192144564694676,0.7900221345158253,-0.08324074074074073,-0.08083333333333331,0.36126570854162837,0.10236030827356647,0.2203913949624626,0.3441947178019223,0.0012394828106643274,0.0024074074074074137,0.014680376246886836,0.3514689115665638,0.10746608580168614,0.11710660797847809,0.0,0.9999999987499999,0.5668802596272884,0.3154490932696111,0.2638336588051822,0.34739204262658285,sad,04,24,24,female,normal,2778
40,1.3346666666666667,True,1.0,0.23369450061168093,0.19513188733397713,0.21441319397282904,0.4480408468157073,-0.07763888888888892,-0.08162037037037023,0.38286881235772197,-0.033819882099594106,0.22338471993411596,0.47855724650262443,0.0385626132777038,0.003981481481481308,0.05818094972995898,0.5804445189611481,0.10804402369648884,0.1178738213256398,0.0,0.9999999987499999,0.5760384375781563,0.3119299439067518,0.26006829820963284,0.3425157967969828,sad,04,24,24,female,normal,2778
50,1.6683333333333334,True,1.0,0.6222222222222223,0.576148838558683,0.5991855303904527,0.8483849812883639,-0.07037037037037042,-0.07185185185185183,0.3417940654657247,0.3026132250881301,0.22410324836201767,0.7062660744895849,0.0460733836635393,0.001481481481481417,0.05640721581381779,0.3582937681081902,0.09922593686437269,0.1183523748112919,0.0,0.9999999987499999,0.62153888316264,0.3307338039407031,0.26531602955385497,0.38094790530964484,sad,04,24,24,female,normal,2778
60,2.0020000000000002,True,1.0,0.308160318013642,0.269842321601714,0.289001319807678,0.7731761297069041,-0.08092592592592585,-0.0848148148148149,0.3401176835937236,0.1624107666051792,0.21597787427848938,0.3737845863364053,0.03831799641192801,0.0038888888888890527,0.08700222722986567,0.3207328419845649,0.09806732583810988,0.1168944462316697,0.0,0.9999999987499999,0.637205732652436,0.3178270082027198,0.27318112200643424,0.3751165461865857,sad,04,24,24,female,normal,2778
70,2.3356666666666666,True,1.0,0.24336373811617135,0.2091041447481253,0.2262339414321483,0.424601655497176,-0.09087962962962959,-0.08550925925925917,0.3697945060996539,0.1130484032725375,0.2169626024467352,0.532814553365897,0.03425959336804604,0.005370370370370414,0.02962882037020326,0.6373633325018498,0.09350403037936472,0.12104883354092456,0.0,0.9999999987499999,0.6280277088257178,0.32834517137448593,0.24447604427185768,0.3695575299048472,sad,04,24,24,female,normal,2778
80,2.6693333333333333,True,1.0,0.16736401978213034,0.18544371372034354,0.17640386675123693,0.5625117186437514,-0.0950462962962963,-0.08407407407407397,0.36642402620677156,0.07199716876700603,0.21745094877571072,0.31360034094321976,0.01807969393821321,0.010972222222222328,0.07357276176785207,0.49023933230675576,0.09776057012619041,0.11779982459889166,0.0,0.9999999987499999,0.6248889026704432,0.3247720311437468,0.2547822667422463,0.369010871648785,sad,04,24,24,female,normal,2778
90,3.003,True,1.0,0.2977173565491306,0.3162832726615754,0.30700031460535304,0.7657418055611546,-0.10097222222222224,-0.0913425925925927,0.3377033131426795,0.2258689897922028,0.21261629400533374,0.40091883762357156,0.01856591611244479,0.009629629629629544,0.08374208735782118,0.33246144474946027,0.09538940683781331,0.11114577607022107,0.0,0.9999999987499999,0.6550485848480017,0.3095156815102407,0.2546179567580814,0.3626981136331884,sad,04,24,24,female,normal,2778
100,3.336666666666667,True,1.0,0.32809576729171563,0.4493524595671969,0.38872411342945623,0.4754275742815676,-0.0923148148148148,-0.08467592592592588,0.37602415115978355,-0.00685774272593668,0.21736146211172624,0.8176305592221245,0.12125669227548125,0.007638888888888917,0.1400054883344348,0.49220517041060613,0.09225114829469991,0.11476441869258351,0.0,0.9999999987499999,0.6433935319987371,0.31937073131849664,0.2507595257170908,0.3665890896603468,sad,04,24,24,female,normal,2778
110,3.6703333333333332,True,1.0,0.28609640179644974,0.3825883030621492,0.33434235242929944,0.44446663605234915,-0.08782407407407405,-0.07597222222222222,0.3636932538069331,-0.020056229299820278,0.2140774994815291,0.7522327331447229,0.09649190126569945,0.011851851851851836,0.1735541618929167,0.5495910655810506,0.10725237638036304,0.11249369098852603,0.0,0.9999999987499999,0.6126848977090836,0.2905754252025719,0.2641923396246431,0.34865370274192775,sad,04,24,24,female,normal,2778
120,4.0040000000000004,True,1.0,0.3703649677728064,0.4867323986237896,0.428548683198298,0.42640373973447576,-0.08254629629629617,-0.06962962962962971,0.3338275600395227,0.029773316591427273,0.21264356363701667,1.0050303110970789,0.11636743085098317,0.012916666666666465,0.17687422813611275,0.49788514473304596,0.10176981355944388,0.11485270844888704,0.0,0.9999999987499999,0.6204781912139855,0.3165437578283854,0.2611898026552972,0.36683530735533665,sad,04,24,24,female,normal,2778
0,0.0,True,1.0,0.35421823280429227,0.35232495483462817,0.3532715938194602,0.4819649608431236,-0.08587962962962958,-0.08194444444444454,0.34351567883708617,0.19576802245106253,0.21527813217516756,0.7329819022558525,0.0018932779696640978,0.003935185185185042,0.02063791400237656,0.5808295375268429,0.09713797554134575,0.11734358853057472,0.0,0.9999999987499999,0.6581232032969437,0.31078880871310677,0.2609891607584882,0.3819160233523444,sad,04,24,24,female,normal,2779
10,0.33366666666666667,True,1.0,0.5718577407379732,0.5914286466028669,0.5816431936704201,0.48874541507021046,-0.07796296296296296,-0.07074074074074077,0.35228315408366184,0.20731642427755645,0.21181456055111783,1.1900739643498537,0.01957090586489363,0.0072222222222221855,0.02025593942533599,0.579461280140045,0.09848879334984383,0.11686606623026152,0.0,0.9999999987499999,0.6574417473473764,0.30937577517270753,0.2669668706542872,0.3873653024804621,sad,04,24,24,female,normal,2779
20,0.6673333333333333,True,1.0,0.6081733509168127,0.603090390652244,0.6056318707845283,0.5098675908538842,-0.07518518518518513,-0.06898148148148142,0.3584861689370074,0.2039207026195103,0.21319587588304287,1.1878218612998444,0.00508296026456867,0.006203703703703711,0.015680380001654542,0.5471043755728741,0.09908805939699955,0.11701150424971732,0.0,0.9999999987499999,0.6533430570587611,0.3110167914648379,0.27038619040251444,0.3850287918993298,sad,04,24,24,female,normal,2779
30,1.0010000000000001,True,1.0,0.2669268295156773,0.254838343713843,0.26088258661476016,0.7244625316465939,-0.08185185185185184,-0.07884259259259263,0.34709623860021743,0.2111711123024509,0.2180726991516421,0.3601050091877263,0.012088485801834303,0.0030092592592592116,0.011879524959112257,0.4236658830913454,0.0975645557813124,0.11828479655866544,0.0,0.9999999987499999,0.6251463006139957,0.3306909315092625,0.2531950151817094,0.37344545924505823,sad,04,24,24,female,normal,2779
40,1.3346666666666667,True,1.0,0.3166223400097084,0.3195266342319542,0.3180744871208313,0.5903647028079668,-0.0807870370370371,-0.08078703703703705,0.3483407469983691,0.17379291343947234,0.21678072543703453,0.5387762608570015,0.002904294222245807,5.551115123125783e-17,0.0282558182644083,0.4955571129477858,0.0985029947080562,0.11766647620782825,0.0,0.9999999987499999,0.6272904463425996,0.3274091085324596,0.2578207911585716,0.374810223064115,sad,04,24,24,female,normal,2779
50,1.6683333333333334,True,1.0,0.3111874720851861,0.3029786774204342,0.30708307475281016,0.746161871517191,-0.08018518518518514,-0.08240740740740748,0.342330393834027,0.21296470670676246,0.21750146615530386,0.41155020978009754,0.008208794664751884,0.0022222222222223476,0.03278966969290145,0.3946630085315078,0.09940118056443678,0.1178824354065541,0.0,0.9999999987499999,0.6222187637867647,0.330488272104324,0.25762908761222486,0.3740102906022634,sad,04,24,24,female,normal,2779
60,2.0020000000000002,True,1.0,0.285971701037054,0.25386410006595544,0.2699179005515047,0.9219785546933097,-0.07986111111111105,-0.08097222222222222,0.3336481107076566,0.23013085200753428,0.21893442281683487,0.29275941308774933,0.03210760097109855,0.0011111111111111738,0.03899604450504665,0.31998235785036516,0.09745984399418424,0.11788724531640053,0.0,0.9999999987499999,0.6250389829603716,0.3284449091760763,0.2590236828702531,0.37398005160686065,sad,04,24,24,female,normal,2779
70,2.3356666666666666,True,1.0,0.28165599827846743,0.25799480112336515,0.2698253997009163,0.8967511946471304,-0.07828703703703715,-0.08171296296296293,0.3416970760314727,0.17459222967509566,0.21962828413406021,0.3008921552728926,0.023661197155102287,0.003425925925925777,0.041946759789966336,0.31608062209424836,0.09955053244795829,0.11743230760427632,0.0,0.9999999987499999,0.6233558160139056,0.3276349622942658,0.25652878799243545,0.36994175617063557,sad,04,24,24,female,normal,2779
80,2.6693333333333333,True,1.0,0.31077990576573605,0.27165954569662415,0.2912197257311801,0.8055831719553513,-0.07865740740740734,-0.08254629629629634,0.3330682384341677,0.1700540241758199,0.22261874954941505,0.36150174912953703,0.039120360069111904,0.003888888888888997,0.05271398065841789,0.3501917895891352,0.09951356292274842,0.11730133088251814,0.0,0.9999999987499999,0.6176109133653461,0.3298739782759945,0.2631672820299718,0.3711541242252951,sad,04,24,24,female,normal,2779
90,3.003,True,1.0,0.2713996353951757,0.2741133370468519,0.2727564862210138,0.588371249420271,-0.07495370370370369,-0.07893518518518522,0.34285496348243893,0.09769673644516817,0.21975712343196838,0.46357888236341244,0.002713701651676226,0.00398148148148153,0.05257330819706306,0.48507387763992316,0.10850943219792539,0.11630444661199085,0.0,0.9999999987499999,0.5835134041741697,0.30634846567239366,0.26369793110012113,0.3421125582458284,sad,04,24,24,female,normal,2779
100,3.336666666666667,True,1.0,0.27139963539517875,0.2628759028446721,0.26713776911992543,0.464836652408671,-0.07217592592592581,-0.07481481481481478,0.3490608370007133,0.05217326644195745,0.2211868239997833,0.5746917067225276,0.008523732550506646,0.0026388888888889683,0.05080065688214654,0.6029969501874027,0.10984280294677672,0.11554173125482768,0.0,0.9999999987499999,0.5757222691967413,0.30703761024134946,0.26335937003991844,0.3385054143055153,sad,04,24,24,female,normal,2779
110,3.6703333333333332,True,1.0,0.30834363273167203,0.2628759028446696,0.2856097677881708,0.43103925898155016,-0.0675,-0.07027777777777777,0.34019041141894346,0.03820908187838719,0.2212092433059744,0.662607319024729,0.04546772988700243,0.002777777777777768,0.052511444937818785,0.6667227328027069,0.10050443034873421,0.11743097801451094,0.0,0.9999999987499999,0.6195612515709409,0.3302430155605406,0.25337799368619035,0.3679680704294731,sad,04,24,24,female,normal,2779
0,0.0,True,1.0,0.6176811725952687,0.6553989729340053,0.636540072764637,0.47024358893822116,-0.07555555555555554,-0.0692592592592593,0.3619309099801484,0.1762324711714903,0.21742042217090007,1.3536390239830856,0.03771780033873662,0.006296296296296244,0.037620254853161825,0.5981031835724951,0.09586673013556155,0.11838443358096791,0.0,0.9999999987499999,0.6275374114567702,0.3292680929792724,0.26028332391908693,0.39037073032955777,sad,04,24,24,female,normal,2780
10,0.33366666666666667,True,1.0,0.5998455012087881,0.6518289738823473,0.6258372375455676,0.4629881986189056,-0.0762037037037036,-0.06902777777777774,0.3553919446214062,0.1642590963218782,0.2160516906830297,1.351734751366106,0.05198347267355918,0.007175925925925863,0.039794863110126664,0.6168339469022541,0.0976725105986954,0.11722453936648893,0.0,0.9999999987499999,0.6274099814378875,0.32877326016653513,0.2627610755217361,0.39091472690403567,sad,04,24,24,female,normal,2780
20,0.6673333333333333,True,1.0,0.5666226226683476,0.5935402099042764,0.5800814162863119,0.4439779680447413,-0.07754629629629639,-0.0702314814814815,0.358846990325928,0.14788870829817266,0.2195448976813661,1.306554509542363,0.02691758723592874,0.007314814814814885,0.038490508204865645,0.6005031321480581,0.09629347961585426,0.11916206391976468,0.0,0.9999999987499999,0.6242546283591561,0.3292637852455776,0.2590403007028811,0.38528709872050765,sad,04,24,24,female,normal,2780
30,1.0010000000000001,True,1.0,0.2759426287651145,0.26497836376530454,0.2704604962652095,0.8122622436571694,-0.08842592592592596,-0.08398148148148138,0.35427097115170536,0.31581123343326667,0.22016695942028902,0.33297189223947543,0.010964264999809958,0.004444444444444584,0.013193555879123527,0.3545735414460853,0.09566235401546011,0.11854964397084677,0.0,0.9999999987499999,0.6237949043836284,0.3329366356429571,0.2589027661177309,0.37838049315387084,sad,04,24,24,female,normal,2780
40,1.3346666666666667,True,1.0,0.5929179280648994,0.5597626883429698,0.5763403082039347,0.6026484161447196,-0.08328703703703699,-0.08314814814814814,0.3742263282147269,0.24474093924620224,0.21057650598031288,0.956345844051024,0.033155239721929575,0.0001388888888888551,0.02003957166951247,0.46620708793856935,0.0970025673666559,0.1171306880835127,0.0,0.9999999987499999,0.6601386611519607,0.31008065737116014,0.26985175953918383,0.38163134529784054,sad,04,24,24,female,normal,2780
50,1.6683333333333334,True,1.0,0.3980929501853682,0.34943720852672044,0.3737650793560443,0.7241086241087524,-0.08805555555555561,-0.08537037037037043,0.36076066227129483,0.28947862943959934,0.21325491435249727,0.5161726665195874,0.04865574165864778,0.0026851851851851793,0.007428905195980047,0.38436696947280863,0.0965671501267409,0.11861959920497987,0.0,0.9999999987499999,0.6546522783410239,0.3132686831213729,0.26511056049794923,0.3763470312607827,sad,04,24,24,female,normal,2780
60,2.0020000000000002,True,1.0,0.40659512355220745,0.3915026433016269,0.39904888342691713,0.7543847819676979,-0.08731481481481485,-0.0897222222222222,0.36368991031181425,0.2769956182302611,0.21332359309389795,0.5289726051817467,0.015092480250580576,0.002407407407407358,0.02732213504672314,0.35755100200985895,0.09757772198049224,0.11746575704234823,0.0,0.991079385775825,0.6516653689757154,0.31332892875255713,0.26779345001767135,0.3749041912153779,sad,04,24,24,female,normal,2780
70,2.3356666666666666,True,1.0,0.5263520557221109,0.47531691044844565,0.5008344830852782,0.6657887725285356,-0.0819907407407407,-0.08120370370370367,0.3698393572346574,0.16955204051065048,0.2237475456146853,0.7522423082972799,0.051035145273665206,0.0007870370370370305,0.034556451936511585,0.41465195565242124,0.09798112405665071,0.11922527647684807,0.0,0.9999999987499999,0.6247452567589535,0.3318581871106043,0.26898807770910566,0.38828409103256567,sad,04,24,24,female,normal,2780
80,2.6693333333333333,True,1.0,0.45873453284910615,0.4596262695761041,0.4591804012126051,0.4307975993159952,-0.08013888888888887,-0.08175925925925914,0.39680690436841765,0.07804390579762394,0.22309764515099306,1.0658843084122918,0.0008917367269979382,0.001620370370370272,0.03764088162952917,0.6012977003061362,0.09742319789584626,0.11984069292841669,0.0,0.9999999987499999,0.6263008315904487,0.3295150718552326,0.2656430919339533,0.38688647079773764,sad,04,24,24,female,normal,2780
90,3.003,True,1.0,0.47415886243923333,0.45342861977110294,0.46379374110516813,0.4852485590882022,-0.0794907407407408,-0.08055555555555549,0.3666650451977936,0.1566495459424146,0.22027747401285627,0.9557859212949579,0.020730242668130394,0.0010648148148146852,0.02504782224426205,0.5844498781908934,0.09830559712750757,0.11879761297227051,0.0,0.9999999987499999,0.6283957423985219,0.3276774373854642,0.263068774433589,0.3868799213152581,sad,04,24,24,female,normal,2780
100,3.336666666666667,True,1.0,0.43691148775894445,0.38560482088549475,0.41125815432221957,0.4797490668334208,-0.0820833333333334,-0.08199074074074081,0.3593907980730127,0.15229385199601014,0.21887587059453498,0.857235965119693,0.0513066668734497,9.259259259258856e-05,0.023251727708810597,0.568479006175889,0.09933712993071879,0.11809784858145045,0.0,0.9999999987499999,0.6284263386135706,0.32821716333666967,0.2607012608059331,0.3829517361268171,sad,04,24,24,female,normal,2780
0,0.0,True,1.0,0.6128996397953879,0.625475813291387,0.6191877265433874,0.4589181914963544,-0.07944444444444454,-0.07601851851851854,0.3737757768379475,0.2013827432690608,0.21187614445887964,1.3492333448897638,0.012576173495999154,0.003425925925925999,0.008536349336701112,0.5819454062575864,0.09912418246502153,0.11763055675642355,0.0,0.9999999987499999,0.6568576356636404,0.30711846698380846,0.27341728239687063,0.39302252153926237,sad,04,24,24,female,normal,2781
10,0.33366666666666667,True,1.0,0.6060917258687336,0.612134365154902,0.6091130455118179,0.403730919250732,-0.07912037037037034,-0.07495370370370369,0.3733435869143708,0.18084679841457973,0.21534722852059365,1.508710421887544,0.006042639286168439,0.004166666666666652,0.008428934028101529,0.6479044442010786,0.10039851068483949,0.11670815923623899,0.0,0.9999999987499999,0.6569551646283514,0.3071720821316944,0.27562178357227624,0.3894679038857301,sad,04,24,24,female,normal,2781
20,0.6673333333333333,True,1.0,0.36982721330458446,0.3585270643742231,0.3641771388394038,0.44641256574548815,-0.08351851851851855,-0.07967592592592593,0.38234459961469625,0.16887501502113572,0.21530045803466902,0.815786039156951,0.011300148930361353,0.0038425925925926196,0.004626910543269079,0.5988789093163022,0.09912643050712285,0.1184357291722069,0.0,0.9999999987499999,0.6497958915597488,0.31035455888020913,0.2688593194677708,0.38092427544282265,sad,04,24,24,female,normal,2781
30,1.0010000000000001,True,1.0,0.3527469646447022,0.35937804813109503,0.3560625063878986,0.912766410724346,-0.09916666666666668,-0.09583333333333333,0.34439003773550075,0.3440262116987818,0.21529514256382773,0.39009159649656405,0.0066310834863928525,0.003333333333333355,0.001184852155913147,0.29903785164503155,0.09920757194706224,0.11836776942337462,0.0,0.9999999987499999,0.6490425910833083,0.31020332187232574,0.2676700054216803,0.370093614831762,sad,04,24,24,female,normal,2781
40,1.3346666666666667,True,1.0,0.5719311987841181,0.5642653545289981,0.5680982766565581,0.6014812456290639,-0.08384259259259264,-0.08060185185185181,0.3749286168786186,0.24573942393083692,0.2091098853667772,0.9444987367185622,0.007665844255120069,0.0032407407407408217,0.01769355114048251,0.4394000628544575,0.10064024943838384,0.11763895275562625,0.0,0.9999999987499999,0.6526525407897533,0.3082201228371191,0.271862665790116,0.38409771813061555,sad,04,24,24,female,normal,2781
50,1.6683333333333334,True,1.0,0.5766385086137534,0.5710928445102538,0.5738656765620036,0.6837834516512542,-0.08203703703703713,-0.07916666666666677,0.3759023205023784,0.2255201348353194,0.2126295704470937,0.8392506065716968,0.005545664103499659,0.0028703703703703565,0.023936650746679427,0.3905541011722319,0.09961909817897306,0.1178600971514526,0.0,0.9999999987499999,0.6546651014468288,0.30734692245232614,0.2701633129550548,0.38115291977241644,sad,04,24,24,female,normal,2781
60,2.0020000000000002,True,1.0,0.6380959695423185,0.6176660325786174,0.627881001060468,0.7937907305181185,-0.08305555555555555,-0.08120370370370372,0.3671910015112204,0.28513924475304275,0.21486189948591258,0.790990593516557,0.0204299369637011,0.0018518518518518268,0.025932894379646555,0.35202331514737506,0.09940186734954227,0.1172335969439535,0.0,0.9999999987499999,0.6530431972242021,0.3077262628670129,0.27446782677454434,0.3811146066850418,sad,04,24,24,female,normal,2781
70,2.3356666666666666,True,1.0,0.6207670688092317,0.5775492397876317,0.5991581542984317,0.6726252123870239,-0.08217592592592587,-0.08125000000000004,0.3785928425774747,0.25519417439703534,0.21396913110426488,0.8907756403779884,0.043217829021599985,0.0009259259259258301,0.028675863520563907,0.39473186740836563,0.10003966628707371,0.11750332927944297,0.0,0.9999999987499999,0.6570321061471462,0.3038907298474185,0.27322065338949825,0.37980103816722377,sad,04,24,24,female,normal,2781
80,2.6693333333333333,True,1.0,0.6232309565411552,0.6088344495580112,0.6160327030495832,0.7669779997873885,-0.08115740740740751,-0.0809259259259259,0.3477821383230957,0.2726120965629423,0.21597787427848927,0.8031947503322804,0.014396506983143986,0.00023148148148161019,0.01872382018695763,0.3694483702511508,0.09661587724294594,0.11906094198544863,0.0,0.9999999987499999,0.6520835217837135,0.3081463618483526,0.2729494937301856,0.37968633221262016,sad,04,24,24,female,normal,2781
90,3.003,True,1.0,0.5873735300278119,0.5394859634585163,0.5634297467431642,0.4812617445354958,-0.07740740740740737,-0.07606481481481486,0.38629789863383757,0.14703425229740963,0.21879219738090666,1.1707345392411674,0.0478875665692956,0.0013425925925925064,0.020991828369980373,0.5311851620184311,0.09980737080901125,0.11850728117875213,0.0,0.9999999987499999,0.6567208155684148,0.30445357993827665,0.2774846829327729,0.391673865454958,sad,04,24,24,female,normal,2781
100,3.336666666666667,True,1.0,0.5712245023492584,0.5454258387637535,0.558325170556506,0.47210473920750806,-0.0835648148148147,-0.07888888888888884,0.3699091550153186,0.22213653792282667,0.20974004696401638,1.1826298788987601,0.025798663585504866,0.004675925925925861,0.0026177493258485616,0.5624230354721569,0.09889886170354452,0.11798165337651696,0.0,0.9999999987499999,0.6594091193899434,0.30387797606936956,0.26682239587815665,0.38131069826303693,sad,04,24,24,female,normal,2781
110,3.6703333333333332,True,1.0,0.5912471695957029,0.6090953746555369,0.6001712721256198,0.49344908243620883,-0.08453703703703702,-0.07671296296296304,0.36361847234349254,0.21849923444225136,0.21325491435249716,1.2162780183165254,0.017848205059833977,0.007824074074073983,0.02506129359210945,0.5310576068287237,0.09829805617006562,0.11799930377097233,0.0,0.9999999987499999,0.6587572578093737,0.3044366056964632,0.2680372429592112,0.3832781416523527,sad,04,24,24,female,normal,2781
0,0.0,True,1.0,0.6408546423853972,0.6846659340426478,0.6627602882140224,0.5675790575842722,-0.08018518518518519,-0.07120370370370382,0.36026023064252555,0.18911435447246625,0.2244038327513081,1.1676968685822557,0.043811291657250506,0.008981481481481368,0.03752143616171219,0.5196473409862683,0.0988717455689785,0.11768103250953815,0.0,0.9999999987499999,0.6279932030781062,0.3278146989717918,0.26822207342603305,0.3944666584483945,sad,04,24,24,female,strong,2782
10,0.33366666666666667,True,1.0,0.689770138234029,0.7171865102827517,0.7034783242583904,0.8285526956164644,-0.07226851851851857,-0.06287037037037024,0.3544848944430882,0.2514108041068927,0.21056165075189054,0.8490447595912829,0.027416372048722715,0.009398148148148322,0.039333128507021156,0.36188352393595186,0.10048536209646783,0.11695963098270838,0.0,0.9999999987499999,0.6092019740161689,0.3355794016412897,0.2683675719963472,0.3920102821605566,sad,04,24,24,female,strong,2782
20,0.6673333333333333,True,1.0,0.6502364241975337,0.681643312850801,0.6659398685241673,0.7132382286232363,-0.07208333333333328,-0.060972222222222094,0.3579654124576642,0.17456709643612153,0.21544923797498283,0.9336850463128302,0.03140688865326735,0.011111111111111183,0.041076158866699526,0.41352375158365007,0.10103164009089291,0.11795086478465465,0.0,0.9999999987499999,0.6051716303318203,0.33735779190479004,0.2707371817025757,0.39160717334478634,sad,04,24,24,female,strong,2782
30,1.0010000000000001,True,1.0,0.3854029931627862,0.3915360449021253,0.38846951903245575,0.7438043294590267,-0.07500000000000001,-0.06356481481481469,0.40833674539850817,0.051258295378137864,0.21469849887925851,0.5222738072995513,0.00613305173933909,0.011435185185185326,0.04059501435948263,0.37951590926765566,0.10040061497572025,0.11832755962778782,0.0,0.9999999987499999,0.6055895804259204,0.33567797063710403,0.27565341913843877,0.3964465481143103,sad,04,24,24,female,strong,2782
40,1.3346666666666667,True,1.0,0.26399844501499764,0.24124269040267662,0.2526205677088371,0.6410930131271221,-0.07222222222222219,-0.06328703703703698,0.4287573792860904,-0.043127787718467606,0.2194614795452074,0.3940466711321733,0.022755754612321016,0.008935185185185213,0.02756628393141937,0.43289156230920306,0.11089662692041102,0.11634609826357846,0.0,0.9999999987499999,0.5534872571215986,0.3114796528025267,0.28537353940474336,0.35515694424000194,sad,04,24,24,female,strong,2782
50,1.6683333333333334,True,1.0,0.5314406829688914,0.5376712781369309,0.5345559805529112,0.5651954168460636,-0.057361111111110974,-0.05337962962962961,0.39615567208703145,-0.006728516867215016,0.22641045611310814,0.9457896589747166,0.006230595168039588,0.003981481481481364,0.018606926951194577,0.549623096094743,0.10011070928122633,0.11841214800406986,0.0,0.9999999987499999,0.602401338558861,0.3357765136984352,0.27134638405353717,0.37626816372957045,sad,04,24,24,female,strong,2782
60,2.0020000000000002,True,1.0,0.7070118894123825,0.7020973860971643,0.7045546377547733,1.4761125356435845,-0.06365740740740733,-0.06106481481481485,0.3353668316056788,0.43645295723490424,0.21947260379526065,0.47730414906854496,0.004914503315218144,0.0025925925925924798,0.0031900202704654695,0.23611477017432198,0.10100287422532593,0.11926042839597721,0.0,0.9999999987499999,0.6058349007024685,0.33079167597498965,0.2922415780840476,0.4021427830571473,sad,04,24,24,female,strong,2782
70,2.3356666666666666,True,1.0,0.606550682707206,0.5535177947205123,0.5800342387138592,0.6885379440368559,-0.0593981481481482,-0.0593981481481482,0.38266602638371183,0.08254102276481232,0.21458902197152224,0.8424143414858939,0.0530328879866937,0.0,0.032258250088199054,0.40655908201451363,0.09879951708427101,0.1190291329418628,0.0,0.9999999987499999,0.6209846780821704,0.32819211395439885,0.2775497707453577,0.3832956456378926,sad,04,24,24,female,strong,2782
80,2.6693333333333333,True,1.0,0.20440040902661472,0.1550018699142852,0.17970113947044997,0.7648672694665108,-0.0749537037037038,-0.07430555555555562,0.3600535483346007,0.1423368231897672,0.2125606674658217,0.23494421404094093,0.049398539112329526,0.0006481481481481755,0.045803091365691856,0.3986029756614387,0.09639627856412836,0.11891881779506652,0.0,0.9999999987499999,0.613588892533576,0.33034417593204646,0.26675624065350556,0.37500326786709687,sad,04,24,24,female,strong,2782
90,3.003,True,1.0,0.7132428639544486,0.4259294134135243,0.5695861386839864,1.8093751790105328,-0.08078703703703694,-0.07388888888888884,0.2509197822384505,0.7765987560347105,0.2080181535151206,0.3147971439485911,0.2873134505409243,0.006898148148148098,0.027290954818727873,0.17100339826133792,0.08883547082697643,0.11480305798069354,0.0,0.9999999987499999,0.6328119358446505,0.32989350998257566,0.2188762685040146,0.32897875526695053,sad,04,24,24,female,strong,2782
100,3.336666666666667,True,1.0,0.6736138436524614,0.5814116064555573,0.6275127250540093,0.9604663355604794,-0.057314814814814874,-0.05527777777777776,0.37254017874910844,0.2100938964338591,0.2043863350297172,0.6533417172688565,0.09220223719690401,0.002037037037037115,0.01815428674659209,0.27499187585261514,0.09499711965003245,0.11484837257867014,0.0,0.9999999987499999,0.6343242096369798,0.3201566427741865,0.26454523363258237,0.36593463210001864,sad,04,24,24,female,strong,2782
110,3.6703333333333332,True,1.0,0.6605022538825017,0.6557377049180326,0.6581199794002672,0.717637692700092,-0.05689814814814814,-0.05097222222222214,0.4058959847203546,0.11704052864262952,0.2063808974824924,0.9170643990620239,0.004764548964469095,0.005925925925926001,0.016148736020018956,0.40231275611297823,0.09672641090635302,0.1197691813973179,0.0,0.9999999987499999,0.612726300020008,0.329479254733634,0.27204264225545005,0.3857891862630936,sad,04,24,24,female,strong,2782
120,4.0040000000000004,True,1.0,0.6165165097117561,0.6285032909642343,0.6225099003379952,0.5942950743782381,-0.06467592592592603,-0.05652777777777773,0.39698708315418507,0.17740371028948798,0.20561387434751244,1.0474761228490341,0.011986781252478207,0.008148148148148293,0.057345548279598264,0.49752051454031676,0.10949743278835544,0.11586908661654137,0.0,0.9999999987499999,0.604220130153624,0.2921180524292893,0.2871083093778239,0.3450852476132923,sad,04,24,24,female,strong,2782
130,4.337666666666666,True,1.0,0.6187425817209378,0.6737513003016035,0.6462469410112706,0.5651196129224421,-0.06560185185185174,-0.05555555555555558,0.38696104502606254,0.16484330782227127,0.20641306586494373,1.1435577995060004,0.055008718580665694,0.010046296296296164,0.05916631214158398,0.5151696938907194,0.09735701181830334,0.1168362461585383,0.0,0.9999999987499999,0.6472685560552346,0.3162155007112147,0.28449361755596253,0.38071088958410393,sad,04,24,24,female,strong,2782
0,0.0,True,1.0,0.5798569296087357,0.6211325748523226,0.6004947522305292,0.49530376242300217,-0.08268518518518508,-0.07435185185185184,0.36294463827245554,0.20392070261951148,0.2069890485537468,1.2123767227063604,0.041275645243586956,0.008333333333333248,0.029606050523630224,0.5293393275032058,0.09604017885242325,0.11759750132200594,0.0,0.9999999987499999,0.6555611730707909,0.3126312986849079,0.2628461306570292,0.3857230580101352,sad,04,24,24,female,strong,2783
10,0.33366666666666667,True,1.0,0.5756055942104641,0.596547151348498,0.5860763727794811,0.6025492061791313,-0.08282407407407405,-0.07550925925925928,0.35993785622483937,0.2570888738793292,0.20419693287833285,0.9726614304180943,0.020941557138033917,0.007314814814814774,0.021674459259298652,0.46692489201266013,0.09628754486635499,0.11739504663739045,0.0,0.9999999987499999,0.6565107591552247,0.31285046480099254,0.26249205152244126,0.3818317490246139,sad,04,24,24,female,strong,2783
20,0.6673333333333333,True,1.0,0.5899454892337666,0.6099151227433743,0.5999303059885704,0.7768028407641788,-0.08300925925925923,-0.07587962962962963,0.35291459196882263,0.32115930808225945,0.1993055555555555,0.7723070443439545,0.019969633509607787,0.007129629629629597,0.010443495861376884,0.35695027034157967,0.09819565145369236,0.11711248390877813,0.0,0.9999999987499999,0.6483416137079832,0.3168893005300197,0.26480260355295077,0.3807120646619316,sad,04,24,24,female,strong,2783
30,1.0010000000000001,True,1.0,0.5509591820627225,0.5408532519269342,0.5459062169948283,1.1126476682879618,-0.08111111111111119,-0.07624999999999998,0.34443199545908204,0.5408043821755302,0.19446955443027228,0.49063709254414545,0.01010593013578831,0.004861111111111205,0.0017527091919605229,0.28121567400975767,0.09711295920254692,0.11785028238737649,0.0,0.9999999987499999,0.6658182355832959,0.30571363647435057,0.2915440791272639,0.4010812332091631,sad,04,24,24,female,strong,2783
40,1.3346666666666667,True,1.0,0.4658976589603371,0.44301150142887724,0.45445458019460716,0.834975476569276,-0.07249999999999995,-0.06847222222222221,0.3927553564093688,0.32993640817168746,0.20071877255469697,0.5442729672275616,0.02288615753145984,0.004027777777777741,0.0037420577958943734,0.3628882911341435,0.0971993025860474,0.11922603326672028,0.0,0.9999999987499999,0.6494207611325781,0.3127238219695126,0.2820398628869399,0.38721868191554076,sad,04,24,24,female,strong,2783
50,1.6683333333333334,True,1.0,0.6657072260077994,0.6550012153490603,0.6603542206784299,1.8893614305077564,-0.07328703703703704,-0.07032407407407404,0.27075871656024797,0.8569722925776977,0.21462634991820098,0.3495118562365079,0.010706010658739107,0.0029629629629630005,0.004057348771580716,0.18555453105767838,0.09808209961968022,0.11833997303908217,0.0,0.9999999987499999,0.6472477814172544,0.31521340036795653,0.28576873279647885,0.39051668647142873,sad,04,24,24,female,strong,2783
60,2.0020000000000002,True,1.0,0.4680436123458501,0.45799945513287155,0.46302153373936084,1.7775995178294497,-0.07486111111111116,-0.0710648148148148,0.2946237190833563,0.710994815914591,0.20774505067366342,0.26047573094795645,0.010044157212978577,0.003796296296296353,0.02391526434596366,0.19357639311854305,0.09806149128444622,0.11819597059210542,0.0,0.9999999987499999,0.6481340984362494,0.3104904718157505,0.28127911943327244,0.3829483037787208,sad,04,24,24,female,strong,2783
70,2.3356666666666666,True,1.0,0.44453843517358305,0.43098084705726464,0.43775964111542387,1.2410290011008092,-0.0763888888888889,-0.06791666666666663,0.3691499861870025,0.4463764613114443,0.2017999165508417,0.35273925164289094,0.013557588116318409,0.00847222222222227,0.0785100586664354,0.25586001208098685,0.09835634221332086,0.1197143137075691,0.0,0.9999999987499999,0.6453122733233919,0.3052321089037516,0.2956565202500597,0.3882119794738064,sad,04,24,24,female,strong,2783
80,2.6693333333333333,True,1.0,0.695595533591146,0.7023147952810436,0.6989551644360947,0.6922208173420424,-0.06828703703703709,-0.06231481481481477,0.3766029010546947,0.08304547985373965,0.2163114369017403,1.0097286110520491,0.00671926168989756,0.005972222222222323,0.03965136865817935,0.4180616968360403,0.09955323905196702,0.1201564608423915,0.0,0.9999999987499999,0.6367380846869998,0.3135649532116182,0.28274983512616897,0.3774442319595715,sad,04,24,24,female,strong,2783
90,3.003,True,1.0,0.6422558532609663,0.6438191228227487,0.6430374880418575,0.6512094275761242,-0.06837962962962962,-0.06175925925925929,0.3803083163858308,0.1870495164314404,0.22361145230116536,0.9874511344765329,0.0015632695617823211,0.006620370370370332,0.0165694143625292,0.4672400041523702,0.096938790206453,0.11959735085849581,0.0,0.9999999987499999,0.6218320969168917,0.32453549394634595,0.27178194187519406,0.37792468640270105,sad,04,24,24,female,strong,2783
100,3.336666666666667,True,1.0,0.6744661028287623,0.6860444396159802,0.6802552712223713,1.2680059111273938,-0.06861111111111107,-0.06356481481481485,0.2891160432008357,0.44378774083865224,0.22291974692429875,0.5364764195914127,0.011578336787217869,0.0050462962962962155,0.011482388522015842,0.25753106221454247,0.0976932794320532,0.1200974860928333,0.0,0.9999999987499999,0.6164027825192577,0.32379102553656686,0.27264060663762685,0.3760419492028727,sad,04,24,24,female,strong,2783
110,3.6703333333333332,True,1.0,0.3605579877439975,0.36031131621224294,0.3604346519781202,1.0332604877543097,-0.0754629629629629,-0.07171296296296298,0.34722108487947706,0.2962620980168959,0.2201402751719845,0.3488323189068127,0.0002466715317545609,0.00374999999999992,0.0012461970842967075,0.33083707968950393,0.09889721582830388,0.1191080337909943,0.0,0.9999999987499999,0.6180335165394283,0.32483110916290003,0.26933090958872846,0.37613968283339694,sad,04,24,24,female,strong,2783
120,4.0040000000000004,True,1.0,0.2908695566475598,0.2700340105192443,0.28045178358340206,0.796512968204709,-0.07249999999999995,-0.0702314814814815,0.34478814651809225,0.19136872221316692,0.2180726991516421,0.3520994569812505,0.020835546128315507,0.0022685185185184475,0.016488473230928558,0.41129077520333845,0.09931153940669771,0.11795796461285861,0.0,0.9999999987499999,0.6149744858333959,0.32899491452536245,0.27132529639603437,0.37523083463406437,sad,04,24,24,female,strong,2783
130,4.337666666666666,True,1.0,0.30661167763070724,0.2569698306079786,0.28179075411934296,0.6871401827383536,-0.06699074074074063,-0.0685648148148148,0.35281081694716854,0.11918228634996027,0.21746252671172434,0.41009209066535124,0.049641847022728613,0.001574074074074172,0.03637748233361654,0.47147289654568975,0.10742740022386378,0.11714209709282733,0.0,0.9999999987499999,0.5701610653011205,0.31121760512873764,0.26618824275742314,0.34197756130387075,sad,04,24,24,female,strong,2783
0,0.0,True,1.0,0.6080950457884996,0.6350176701025402,0.6215563579455199,0.6074803093907692,-0.07643518518518516,-0.0673611111111111,0.35325145821232357,0.20925669364341248,0.21197703828471268,1.0231712013330394,0.026922624314040577,0.009074074074074068,0.04461738911643667,0.4731013888255342,0.09732479021187343,0.11718869088629691,0.0,0.9999999987499999,0.6447418946250376,0.3168630815154962,0.27510734397123265,0.3885288448957469,sad,04,24,24,female,strong,2784
10,0.33366666666666667,True,1.0,0.580534484157987,0.5924581983210325,0.5864963412395098,0.6859966990352878,-0.0719907407407408,-0.06300925925925926,0.37128153648044687,0.20278534966113804,0.21313238852662092,0.8549550487113062,0.011923714163045496,0.008981481481481535,0.026760277905737692,0.4400363295484142,0.10082965142209109,0.11731436595512562,0.0,0.9999999987499999,0.6357203394482793,0.32188368541484286,0.2786759691285212,0.3862309233080068,sad,04,24,24,female,strong,2784
20,0.6673333333333333,True,1.0,0.42228970433992696,0.3917137476459521,0.40700172599293954,0.5987112101573449,-0.0824537037037038,-0.0733333333333333,0.36162410244837123,0.17092243984117644,0.22029167406191325,0.6797964011496913,0.030575956693974837,0.0091203703703705,0.0338016758000252,0.5090744766923565,0.10007637511168255,0.11892275600123664,0.0,0.9999999987499999,0.6032535911083183,0.3335532615325415,0.25923481834522655,0.37124517741837953,sad,04,24,24,female,strong,2784
30,1.0010000000000001,True,1.0,0.6734843501555035,0.6760080641544371,0.6747462071549704,0.6170954993780724,-0.07745370370370364,-0.06939814814814815,0.3705153921515617,0.29442662965605837,0.22032214912571815,1.093422667698922,0.0025237139989336965,0.008055555555555483,0.005891509755631374,0.4750350995112187,0.09598446826931215,0.11617630823412849,0.0,0.9999999987499999,0.646046414698692,0.31542325608228217,0.2744323963331809,0.3802924227499823,sad,04,24,24,female,strong,2784
40,1.3346666666666667,True,1.0,0.6153468771412061,0.6083781843517951,0.6118625307465007,0.8414699756372163,-0.07740740740740737,-0.07435185185185189,0.3815481203652918,0.27116307227332026,0.2220245329715233,0.7271353089968043,0.006968692789410924,0.003055555555555478,0.016672936237325835,0.3713739159419858,0.09916053345004468,0.11920897413078788,0.0,0.9999999987499999,0.6063807176855117,0.33184639239005137,0.2715655149998648,0.38012729006144347,sad,04,24,24,female,strong,2784
50,1.6683333333333334,True,1.0,0.7292771315500767,0.6595502474782289,0.6944136895141528,1.1523969699296375,-0.07277777777777783,-0.07398148148148143,0.32510827595554476,0.3918362466661902,0.23787106087450502,0.6025820161229268,0.0697268840718478,0.0012037037037035958,0.030504000934187956,0.2901728010209641,0.100094920302671,0.11970559476273611,0.0,0.9999999987499999,0.6086722362616921,0.33263615945514297,0.2789056058761066,0.38949816153358324,sad,04,24,24,female,strong,2784
60,2.0020000000000002,True,1.0,0.6680178061344552,0.6530720443196597,0.6605449252270574,0.6933287279814292,-0.07138888888888884,-0.07231481481481472,0.4593146457032575,0.03975412254893234,0.23345732447284517,0.952715355023844,0.014945761814795455,0.0009259259259258856,0.03617018017814907,0.39560482634005734,0.09521709314051043,0.11842591520646037,0.0,0.9999999987499999,0.6123121717593287,0.33118013750032077,0.28921713115147224,0.40340359941115755,sad,04,24,24,female,strong,2784
70,2.3356666666666666,True,1.0,0.6241374263977629,0.5780255802834423,0.6010815033406026,0.47697412062218925,-0.0744907407407408,-0.07379629629629647,0.39257032953840854,0.006611739596619197,0.23798810092448036,1.2601973091465033,0.04611184611432062,0.000694444444444331,0.028316389775629926,0.5059097356386021,0.09910113090169713,0.11651089929147042,0.0,0.9999999987499999,0.6025670304840687,0.32950034706843284,0.2824094692957244,0.3821814226397043,sad,04,24,24,female,strong,2784
80,2.6693333333333333,True,1.0,0.13619858001078147,0.15310761818950822,0.14465309910014484,0.5944015227060037,-0.08319444444444446,-0.08347222222222217,0.40352360987298913,0.10546559509171306,0.23566813084080915,0.24335923374087917,0.016909038178726743,0.0002777777777777102,0.03192626093755179,0.5233850232820526,0.0963719831745218,0.11781188808042597,0.0,0.9999999987499999,0.6070242901144832,0.33244549638601534,0.2630654132159296,0.36856359769610286,sad,04,24,24,female,strong,2784
90,3.003,True,1.0,0.31874413746871305,0.2633317422192319,0.29103793984397247,0.8961901473637464,-0.07999999999999996,-0.08189814814814833,0.3364155012983057,0.06393300135372623,0.23140962607260415,0.3247502114368211,0.05541239524948116,0.0018981481481483709,0.05403320228558379,0.32299950629789287,0.09550499455332882,0.11915708925380272,0.0,0.9999999987499999,0.5994378028398859,0.33062102058340015,0.2538074381662431,0.34666594573893444,sad,04,24,24,female,strong,2784
100,3.336666666666667,True,1.0,0.45170376994728206,0.3353642653917099,0.393534017669496,0.6582296666306009,-0.07583333333333342,-0.07958333333333334,0.37281919771003946,0.022393945495596274,0.2189310842810413,0.5978673366151205,0.11633950455557218,0.00374999999999992,0.07265533065448426,0.4182166935292737,0.10354959439577419,0.11408874102575975,0.0,0.9999999987499999,0.5916396129389255,0.30598756792957094,0.2545300654019281,0.3252148793738985,sad,04,24,24,female,strong,2784
110,3.6703333333333332,True,1.0,0.3961819334192427,0.24416218457017208,0.32017205899470735,0.6034625809795098,-0.07152777777777775,-0.07074074074074066,0.30793220982270025,0.05166534786046402,0.2215495631322557,0.5305582634055294,0.1520197488490706,0.000787037037037086,0.058672696427965104,0.48098851855680785,0.09434583490666607,0.11372082213160342,0.0,0.9308031154934835,0.6044547731983418,0.3324164475657867,0.2584540260798376,0.3580754024196859,sad,04,24,24,female,strong,2784
120,4.0040000000000004,True,1.0,0.5216798733065608,0.3499648716544849,0.4358223724805229,0.582955602417313,-0.07560185185185186,-0.07634259259259246,0.3201081061030912,0.0425798001312278,0.2183081544049759,0.7476081723433482,0.17171500165207593,0.0007407407407405975,0.09664985173494284,0.43126816584708505,0.10441519040443223,0.1136328968042063,0.0,0.9999999987499999,0.5988524715511204,0.30255068303718846,0.2487554967610259,0.30528024126687114,sad,04,24,24,female,strong,2784
0,0.0,True,1.0,0.5875595430590378,0.6252553260520956,0.6064074345555667,0.6237402496287205,-0.08361111111111108,-0.07078703703703715,0.35434361417034177,0.2596824382185485,0.2060630467648644,0.97221148533629,0.03769578299305776,0.012824074074073932,0.0764112944434753,0.4446441150625786,0.09812123736146897,0.11717483787208928,0.0,0.9999999987499999,0.6576353562831383,0.31026564731795464,0.2783388293006783,0.3943039224860881,sad,04,24,24,female,strong,2785
10,0.33366666666666667,True,1.0,0.5476323853296425,0.6043068516384119,0.5759696184840273,0.6616058251287352,-0.08495370370370375,-0.07101851851851859,0.34861779805212645,0.27828141694643316,0.20467760160809823,0.8705631005772284,0.05667446630876938,0.013935185185185162,0.07426974701763907,0.4135652103773436,0.09958399381077689,0.11576978915628723,0.0,0.9999999987499999,0.6564099558729742,0.31128804241956654,0.2799210900678365,0.3947626971365915,sad,04,24,24,female,strong,2785
20,0.6673333333333333,True,1.0,0.567197286517722,0.6081231609293579,0.58766022372354,0.5859292363715721,-0.08393518518518517,-0.07148148148148153,0.35281958333869284,0.25511101530277036,0.2052662735535714,1.0029542600787207,0.040925874411635865,0.012453703703703634,0.07279948393624325,0.4724312578050802,0.0996194665781635,0.11655941626786054,0.0,0.9999999987499999,0.6560553150244472,0.3106629938244415,0.2811503040431473,0.3943182266127448,sad,04,24,24,female,strong,2785
30,1.0010000000000001,True,1.0,0.576367386666017,0.6252553260520962,0.6008113563590566,1.1897694646232544,-0.08800925925925929,-0.07773148148148151,0.3180025457871519,0.4972546646292402,0.2080386415834879,0.5049813213598536,0.04888793938607927,0.010277777777777775,0.06844286215886407,0.25350693852402795,0.09807945495825203,0.11850304615115535,0.0,0.9999999987499999,0.6549640087519383,0.3088017416139008,0.2832631133154263,0.392036102725558,sad,04,24,24,female,strong,2785
40,1.3346666666666667,True,1.0,0.550431969346697,0.5957476659618677,0.5730898176542824,0.7485060751857535,-0.08374999999999994,-0.07703703703703696,0.3625541049580531,0.28893127860171613,0.21412988162371444,0.7656448446488041,0.04531569661517065,0.006712962962962976,0.05460595130091502,0.38867089864003884,0.10001140397768325,0.11801270329573532,0.0,0.9999999987499999,0.6499053534226191,0.30765027492454594,0.28224481221006553,0.39285974727231926,sad,04,24,24,female,strong,2785
50,1.6683333333333334,True,1.0,0.6491604527118614,0.6700251657498233,0.6595928092308423,1.5307019802609365,-0.08680555555555564,-0.08273148148148146,0.3050921571135067,0.6121731929914156,0.2208336788150796,0.4309087057680571,0.02086471303796189,0.004074074074074174,0.022583846402482927,0.21899351360223038,0.0989530782004735,0.11858060332388873,0.0,0.9999999987499999,0.6209833684645734,0.32769261255710236,0.27521531767892193,0.3901329503136321,sad,04,24,24,female,strong,2785
60,2.0020000000000002,True,1.0,0.6172667209283835,0.6210754808267198,0.6191711008775517,0.6695051201310698,-0.07967592592592593,-0.07625000000000004,0.4265627038426939,0.07438542223437136,0.2272176829254884,0.9248190674872446,0.003808759898336289,0.003425925925925888,0.003681848138494467,0.4079126742865666,0.09641405876747804,0.11858351117906131,0.0,0.9999999987499999,0.6259898205219588,0.3262636114016138,0.27625710945076515,0.3969792059750322,sad,04,24,24,female,strong,2785
70,2.3356666666666666,True,1.0,0.6212208459033851,0.6282611146552449,0.624740980279315,0.7545528205076626,-0.08194444444444443,-0.07972222222222225,0.4678903581821595,0.02773711684535923,0.2342001702940148,0.8279618912019834,0.007040268751859813,0.002222222222222181,0.008995374576443015,0.34196501924556516,0.09866662026366774,0.11849793804390236,0.0,0.9999999987499999,0.6133488126031662,0.3292703669817266,0.29331976343577393,0.4074421507582703,sad,04,24,24,female,strong,2785
80,2.6693333333333333,True,1.0,0.6341100404654963,0.6648929378307306,0.6495014891481135,0.9864745870462746,-0.08226851851851852,-0.0825925925925926,0.3431766620764587,0.26194127347523144,0.23142446174538378,0.6584067118169421,0.030782897365234207,0.0003240740740740877,0.013111961273944895,0.3003532799324223,0.09724813711019759,0.11838425369412478,0.0,0.9999999987499999,0.6256479346269758,0.32544694160617493,0.2791461001941685,0.3885962146986355,sad,04,24,24,female,strong,2785
90,3.003,True,1.0,0.7099593738129857,0.6476684273097532,0.6788139005613694,0.7599835775847781,-0.06861111111111107,-0.07490740740740748,0.4364092640135958,0.20783587841228846,0.2163565783249855,0.8931954855111931,0.062290946503232525,0.006296296296296411,0.03277363591934852,0.3796188560071676,0.09492294463449977,0.11785629835882136,0.0,0.9999999987499999,0.6523785936640281,0.30929967609497466,0.29456034544083737,0.3968746259567212,sad,04,24,24,female,strong,2785
100,3.336666666666667,True,1.0,0.7308823957650451,0.6790764069901345,0.7049794013775899,1.3998903155839546,-0.07722222222222219,-0.08171296296296299,0.2830449649273527,0.6153290332959863,0.2225309981799058,0.5035961700210152,0.051805988774910605,0.004490740740740795,0.04019101856636493,0.20919387237693748,0.0966034110166424,0.11680950884525927,0.0,0.9999999987499999,0.6506717752335309,0.3086279168370983,0.2883095262819045,0.3833755885766864,sad,04,24,24,female,strong,2785
110,3.6703333333333332,True,1.0,0.6736568460497199,0.6639207500905348,0.6687887980701273,0.9622615920903208,-0.06648148148148147,-0.07379629629629625,0.36975667498847986,0.32733543535188725,0.21982272951271772,0.695017657950285,0.00973609595918512,0.007314814814814774,0.04663220936349678,0.32569883241009134,0.09717547542205157,0.11747482702988599,0.0,0.9999999987499999,0.6276127363445377,0.3218989726642765,0.28754811040230066,0.39363802175570617,sad,04,24,24,female,strong,2785
120,4.0040000000000004,True,1.0,0.6872322159182919,0.6535276838273922,0.670379949872842,0.8060647237541642,-0.07416666666666671,-0.07564814814814808,0.3843427358793937,0.2047828532756977,0.22463218650936254,0.8316701253847406,0.03370453209089963,0.0014814814814813615,0.037785179546958085,0.3561412002195021,0.08323433495133964,0.11584279640801311,0.0,0.9999999987499999,0.686984827587285,0.3286866885522623,0.2653545474656711,0.4122722901315442,sad,04,24,24,female,strong,2785
130,4.337666666666666,True,1.0,0.6384382823567554,0.6296148072589012,0.6340265448078283,0.7698686012601812,-0.08254629629629628,-0.07708333333333345,0.37670286966725475,0.20295474455197687,0.226445835390853,0.8235516343568292,0.008823475097854194,0.005462962962962836,0.005050135426980457,0.38904109110731316,0.09542393115523762,0.11712616253002588,0.0,0.9999999987499999,0.6458075497308299,0.3137925584198173,0.2846414381519753,0.3909053112420281,sad,04,24,24,female,strong,2785
0,0.0,True,1.0,0.6614748607316117,0.6854465645099398,0.6734607126207757,0.5582501261379706,-0.07314814814814813,-0.06458333333333327,0.36061910924124224,0.18363490991380574,0.21736111111111112,1.2063780751467863,0.023971703778328135,0.008564814814814858,0.017316412431398403,0.5180921052631586,0.09754993950746957,0.11765087825231899,0.0,0.9999999987499999,0.6495748075402035,0.31470896522306085,0.2759582896643602,0.3913111073309024,angry,05,24,24,female,normal,2786
10,0.33366666666666667,True,1.0,0.6849670567487484,0.7102848850299717,0.69762597088936,0.5683047846274686,-0.07254629629629633,-0.06416666666666654,0.36291190988561783,0.19670042873244115,0.21528096733328264,1.2275560399278762,0.02531782828122331,0.008379629629629792,0.025288563175931218,0.49033361717508184,0.09735097733468065,0.11797716309229485,0.0,0.9999999987499999,0.64803080814357,0.3155613233845991,0.2756009709548862,0.38967952659516386,angry,05,24,24,female,normal,2786
20,0.6673333333333333,True,1.0,0.7052696848763962,0.7528185264958782,0.7290441056861372,0.5332748153022882,-0.06990740740740747,-0.06236111111111098,0.3563401000823799,0.1703516771104528,0.2138888888888889,1.367107699006706,0.04754884161948203,0.007546296296296495,0.020869030136882308,0.5312500000000004,0.09818555008461255,0.11760794806919177,0.0,0.9999999987499999,0.6476790640318628,0.3165494578358608,0.27644669655889337,0.3935827299275343,angry,05,24,24,female,normal,2786
30,1.0010000000000001,True,1.0,0.6884712423640117,0.7039834424458461,0.6962273424049289,0.7633857648193316,-0.07305555555555554,-0.06328703703703692,0.4456809134718902,0.05365691291997006,0.21250897556871717,0.9120255767013197,0.015512200081834404,0.00976851851851862,0.024224251563161308,0.34265434664839084,0.09764502770203397,0.11821837508187087,0.0,0.9999999987499999,0.6465587862488745,0.3181946844678538,0.28813586972933597,0.40900225963898657,angry,05,24,24,female,normal,2786
40,1.3346666666666667,True,1.0,0.6832574752747739,0.6794228330281693,0.6813401541514716,0.6699090739520291,-0.06671296296296292,-0.05574074074074081,0.41589928770826584,0.0631669592334502,0.21181131879681864,1.0170636294445252,0.0038346422466045693,0.010972222222222106,0.020848929846185655,0.41413504542028073,0.09899781157871716,0.11870386859753024,0.0,0.9999999987499999,0.6177952400804072,0.3319222639466449,0.26931694863744293,0.39065875781564285,angry,05,24,24,female,normal,2786
50,1.6683333333333334,True,1.0,0.7301775953722653,0.7471140244870724,0.7386458099296689,1.5972365618404016,-0.06504629629629621,-0.0587037037037037,0.2683883162489543,0.6802880581715924,0.21180555555555558,0.4624523552594932,0.016936429114807083,0.006342592592592511,0.015226394344552521,0.2086937785529109,0.09899041065854923,0.11790485137441648,0.0,0.9999999987499999,0.6496101021502351,0.31610371050203023,0.275121394200592,0.3814021403283604,angry,05,24,24,female,normal,2786
60,2.0020000000000002,True,1.0,0.6460701321642418,0.6531792542607803,0.649624693212511,0.8695388222763064,-0.06453703703703706,-0.05462962962962964,0.41056016559542474,0.12785585983935358,0.20694481311284502,0.7470910746824424,0.007109122096538467,0.00990740740740742,0.014488971603109947,0.3311636711606303,0.09918557443438107,0.11822516249295871,0.0,0.9999999987499999,0.617818442955307,0.33062327555722987,0.27042927768076697,0.3881050156884377,angry,05,24,24,female,normal,2786
70,2.3356666666666666,True,1.0,0.653590372666739,0.6759183564409506,0.6647543645538447,1.4179105441991926,-0.06499999999999995,-0.05810185185185185,0.35069110279543203,0.38057035701785213,0.20972258600760627,0.4688267304826939,0.022327983774211524,0.006898148148148098,0.012658407690697973,0.2193163086245577,0.09957542543343527,0.11870223927961955,0.0,0.9999999987499999,0.6175069097639055,0.32998570987143977,0.2705007892059089,0.38583817796097725,angry,05,24,24,female,normal,2786
80,2.6693333333333333,True,1.0,0.6948536813678349,0.6782988361657268,0.6865762587667809,0.9106862370873913,-0.06365740740740744,-0.056342592592592666,0.33506232031337535,0.29832825008035146,0.21875558028596664,0.7539108760033842,0.016554845202108037,0.007314814814814774,0.018135509277933042,0.34118666466563513,0.09821033848850293,0.11967502841581049,0.0,0.9999999987499999,0.619968588794893,0.3299803383979288,0.26645211020623083,0.37722447596007036,angry,05,24,24,female,normal,2786
90,3.003,True,1.0,0.668174856642638,0.7003527588971776,0.6842638077699078,1.1714173193754214,-0.06856481481481486,-0.06148148148148147,0.34310994731952077,0.43926946345516077,0.20277928274864843,0.584133251619282,0.03217790225453965,0.007083333333333386,0.009578690756402943,0.2603721652908593,0.09766471117686946,0.11739344144672258,0.0,0.9999999987499999,0.6549941411877251,0.31003930008957575,0.2727268843381031,0.37969081414041206,angry,05,24,24,female,normal,2786
100,3.336666666666667,True,1.0,0.6537695942149523,0.7100607435284998,0.681915168871726,0.9474924563951612,-0.07106481481481475,-0.06037037037037035,0.339611822986684,0.3571146314730456,0.20285150821982156,0.7197051166677852,0.056291149313547506,0.010694444444444395,0.041800021834981244,0.3230383889336476,0.09675355110380073,0.11846760801238058,0.0,0.9999999987499999,0.6569317830022633,0.311316578578421,0.267586055560189,0.3820993505564369,angry,05,24,24,female,normal,2786
110,3.6703333333333332,True,1.0,0.686231548895124,0.7406282675934244,0.7134299082442742,0.751979089834731,-0.06800925925925921,-0.058888888888888824,0.35198143219895006,0.2406180826158225,0.20774505067366342,0.9487363649979561,0.05439671869830032,0.00912037037037039,0.04328382607284241,0.3829982830769448,0.09792313694442467,0.11734044103615524,0.0,0.9999999987499999,0.6529937825989771,0.31396427295909374,0.27434779659651687,0.39117296734673085,angry,05,24,24,female,normal,2786
120,4.0040000000000004,True,1.0,0.6626791595517733,0.720771536285773,0.691725347918773,0.7224759225091324,-0.06884259259259257,-0.059027777777777846,0.3544804440919149,0.23328349888682462,0.2104877213465755,0.9574372326712789,0.058092376733999695,0.00981481481481472,0.03630323313799363,0.4106568131018768,0.09748439310132292,0.11770519509856969,0.0,0.9999999987499999,0.6486245979485544,0.317652734161205,0.2720638366632561,0.39072806446267466,angry,05,24,24,female,normal,2786
0,0.0,True,1.0,0.6270151332153808,0.6777239473644302,0.6523695402899055,0.5717005451434369,-0.0760185185185186,-0.06722222222222218,0.36194890532312296,0.21246695232942553,0.2105341114586271,1.1411035826915803,0.050708814149049375,0.008796296296296413,0.033161129008388475,0.49018071795885754,0.09546905575193623,0.1190259272176737,0.0,0.9999999987499999,0.6538945381511979,0.3140423448631895,0.2698660075113899,0.3887558665601354,angry,05,24,24,female,normal,2787
10,0.33366666666666667,True,1.0,0.6625880739887063,0.6923340129794077,0.677461043484057,0.6116511003853473,-0.07212962962962965,-0.062361111111111145,0.3535534673768162,0.20877789364591443,0.20909930442083868,1.10759392578097,0.029745938990701326,0.00976851851851851,0.031923844729203545,0.46692489201266,0.09783542001811517,0.11757573894738138,0.0,0.9999999987499999,0.6512711979244823,0.3144749686535899,0.27362695610456506,0.3895295401544144,angry,05,24,24,female,normal,2787
20,0.6673333333333333,True,1.0,0.6543810016006135,0.6610816291462273,0.6577313153734203,0.7170560586079826,-0.07175925925925924,-0.0642592592592593,0.35610047507127496,0.23153345466395467,0.2097455032147939,0.9172662408714193,0.006700627545613735,0.007499999999999951,0.019996760140085685,0.42184603512589536,0.09873978712625729,0.11923857366850933,0.0,0.9999999987499999,0.6163655468906313,0.33364660940600743,0.257010895005198,0.3716840554942839,angry,05,24,24,female,normal,2787
30,1.0010000000000001,True,1.0,0.7015679506231941,0.7233886765468595,0.7124783135850268,0.7927524992796307,-0.06421296296296297,-0.05652777777777784,0.41784342540748615,0.10695867053772767,0.21180879739806174,0.8987399147053481,0.02182072592366535,0.007685185185185128,0.00480634040228985,0.3496584037416089,0.09803592061673928,0.11933997418484972,0.0,0.9999999987499999,0.612250447921356,0.3343788591790878,0.26657511680263946,0.3881344021532501,angry,05,24,24,female,normal,2787
40,1.3346666666666667,True,1.0,0.692074792117126,0.6897762219644539,0.6909255070407899,0.9110980222048564,-0.05847222222222215,-0.051296296296296284,0.34037176341394243,0.27024093878957656,0.21041811700201482,0.7583437678514007,0.002298570152672097,0.007175925925925863,0.007681697156681953,0.3150748561325761,0.10021390794562673,0.11832482225606632,0.0,0.9999999987499999,0.6134482614452031,0.331721464373153,0.2726682051510523,0.38094127887268653,angry,05,24,24,female,normal,2787
50,1.6683333333333334,True,1.0,0.6692682620965664,0.6580569780995972,0.6636626200980817,1.2141985794253571,-0.0653240740740742,-0.055787037037037024,0.33921220794815155,0.3919149233892965,0.20418497639253094,0.5465849090452509,0.011211283996969246,0.009537037037037177,0.0007007675591940422,0.2520791766921514,0.0979850323205244,0.11985956972003674,0.0,0.9999999987499999,0.6171767649481666,0.33274935991837445,0.26009306717886255,0.36876706103044293,angry,05,24,24,female,normal,2787
60,2.0020000000000002,True,1.0,0.7262548792650841,0.7142321292483789,0.7202435042567314,1.313885488693714,-0.06574074074074066,-0.056064814814814734,0.35330829565058236,0.41055566741926597,0.2027962129013617,0.5481782928988805,0.012022750016705275,0.009675925925925921,0.002159689780500401,0.2452583642426446,0.09535720353919674,0.12070441236685456,0.0,0.9999999987499999,0.6150799646108444,0.3367295459550604,0.25385480031254215,0.3696839877444975,angry,05,24,24,female,normal,2787
70,2.3356666666666666,True,1.0,0.729357985602333,0.7316415915258306,0.7304997885640818,1.134911890636739,-0.06513888888888886,-0.05620370370370381,0.29830379722883094,0.425591958988777,0.2159754015220728,0.6436621156151928,0.0022836059234976336,0.008935185185185046,0.005138249834332702,0.26413443223293687,0.09761412458850652,0.12000317389734909,0.0,0.9999999987499999,0.6122505830222713,0.3350680882263074,0.2615471511392623,0.37236301863899846,angry,05,24,24,female,normal,2787
80,2.6693333333333333,True,1.0,0.7320646815349011,0.7244624253386287,0.728263553436765,1.0739717436853071,-0.0703240740740741,-0.061620370370370325,0.34193716898549775,0.45136443037959667,0.19307491897578208,0.6781030857830085,0.007602256196272417,0.008703703703703769,0.0035468638865241847,0.2690128002607434,0.09651594778166014,0.11688178729048256,0.0,0.9999999987499999,0.6687458234153035,0.30403284565499034,0.26697536693638513,0.3710402657504787,angry,05,24,24,female,normal,2787
90,3.003,True,1.0,0.7504999452991903,0.7322736866163676,0.741386815957779,0.9237342197094869,-0.06777777777777783,-0.05953703703703689,0.34576970964797454,0.30785729578496746,0.20835127689653937,0.8025975439027734,0.018226258682822682,0.008240740740740937,0.00138900957688736,0.3297558160475821,0.09529803082194704,0.11803842444303721,0.0,0.9999999987499999,0.6545786007293543,0.3142512775898237,0.2668966037870109,0.3750284488624431,angry,05,24,24,female,normal,2787
100,3.336666666666667,True,1.0,0.675290583235021,0.6848068233248956,0.6800487032799583,0.879650889944729,-0.06560185185185186,-0.05944444444444441,0.3438182439069802,0.2931598696962506,0.21111111111111108,0.7730893142422532,0.009516240089874617,0.006157407407407445,0.007139221140582345,0.35562681662807677,0.09828688706481849,0.11816994252116836,0.0,0.9999999987499999,0.6255947848279937,0.3304443029214739,0.2592626330934861,0.3749194956510695,angry,05,24,24,female,normal,2787
110,3.6703333333333332,True,1.0,0.726612071989773,0.743144578806401,0.734878325398087,0.9111394284901397,-0.06550925925925932,-0.05819444444444438,0.34153823079319584,0.31656795686778944,0.20709185943119485,0.8065487042042103,0.01653250681662799,0.0073148148148149406,0.021536524455914946,0.31506053770998405,0.09678307071237252,0.11844349295152357,0.0,0.9999999987499999,0.6547834394773533,0.31226935380839715,0.2686441683723849,0.38400718930073974,angry,05,24,24,female,normal,2787
0,0.0,True,1.0,0.6491600650392532,0.7238046760010328,0.686482370520143,0.42692352569432857,-0.07268518518518519,-0.0625,0.37982739401439614,0.14457933048284027,0.21607428970609985,1.607975033476265,0.07464461096177966,0.010185185185185186,0.030051441014617066,0.6357947117590672,0.09719532045105277,0.11906937963391248,0.0,0.9999999987499999,0.6567007354582459,0.30840538855439964,0.2675787855794105,0.3846669679095763,angry,05,24,24,female,normal,2788
10,0.33366666666666667,True,1.0,0.6666780810622154,0.7235600222853833,0.6951190516737993,0.4366948480246185,-0.07305555555555548,-0.06342592592592605,0.369931233785485,0.1549562363958327,0.21606263738000825,1.5917729618706475,0.05688194122316792,0.009629629629629433,0.03195038115376886,0.6358993698572174,0.09904408579521541,0.1180213048412578,0.0,0.9999999987499999,0.6567704050213835,0.30849113987695725,0.26907084391647546,0.38390169895283205,angry,05,24,24,female,normal,2788
20,0.6673333333333333,True,1.0,0.6913793499507834,0.7202094163675359,0.7057943831591597,0.4403986417262578,-0.0727314814814814,-0.06384259259259256,0.3792267536213532,0.13760331812385695,0.21463452564928698,1.6026261579568315,0.028830066416752453,0.008888888888888835,0.029768612717115752,0.5975639363471431,0.09949459832617669,0.11812661035307775,0.0,0.9999999987499999,0.6574899308942327,0.30722422399727156,0.2720264445361023,0.38278064621058455,angry,05,24,24,female,normal,2788
30,1.0010000000000001,True,1.0,0.7123721264114046,0.7240676071328742,0.7182198667721393,1.2878104003434558,-0.06157407407407406,-0.05444444444444435,0.2892436238216436,0.4987841497118816,0.2104529220518775,0.5577062171423619,0.011695480721469642,0.007129629629629708,0.021123996824876232,0.2772800305734928,0.09624269687503446,0.11968160608424828,0.0,0.9999999987499999,0.6473696238729867,0.31332517506471835,0.2695664259821653,0.376690454349333,angry,05,24,24,female,normal,2788
40,1.3346666666666667,True,1.0,0.6688540067266403,0.6618232654752629,0.6653386361009517,0.6229896492781941,-0.05685185185185182,-0.04916666666666658,0.4017350107449631,0.17516773420963044,0.2083699512089982,1.0679770311943766,0.00703074125137737,0.007685185185185239,0.0266361589720388,0.46908391450804066,0.09856518641095999,0.11890321777481573,0.0,0.9999999987499999,0.6478889526357419,0.31069598981013186,0.2777540855708926,0.3838937154606416,angry,05,24,24,female,normal,2788
50,1.6683333333333334,True,1.0,0.666493431179481,0.6614154147361304,0.6639544229578057,0.7894360732237014,-0.057268518518518496,-0.05101851851851852,0.4255610131087444,0.13563718385424572,0.2000244125725657,0.8410490038116891,0.005078016443350597,0.006249999999999978,0.014396856140885969,0.3430101635322464,0.10022497595540189,0.11766957683212262,0.0,0.9999999987499999,0.6536692057135354,0.3099347316381204,0.28443987981300667,0.40112896505844636,angry,05,24,24,female,normal,2788
60,2.0020000000000002,True,1.0,0.6736000467202824,0.6868333609580299,0.6802167038391562,1.2470338982635014,-0.05240740740740746,-0.046064814814814836,0.3731129482126418,0.28662054735884146,0.192364680643087,0.5454676932089497,0.01323331423774754,0.006342592592592622,0.008633651570471133,0.25882730725310477,0.09619218073758423,0.11876356434882437,0.0,0.9999999987499999,0.6479911959080509,0.3137332933032465,0.27644303864876585,0.3838593408447935,angry,05,24,24,female,normal,2788
70,2.3356666666666666,True,1.0,0.7215661130051673,0.720451603491358,0.7210088582482626,1.1620721037194635,-0.058888888888888935,-0.05273148148148149,0.312145382594134,0.4612689696760347,0.2007404372956027,0.6204510511357406,0.0011145095138093142,0.006157407407407445,0.020286898479532935,0.24026606655007285,0.09700903096369856,0.11858026650975038,0.0,0.9999999987499999,0.6558286353291316,0.30892250145873706,0.2736670550259157,0.3781137535906867,angry,05,24,24,female,normal,2788
80,2.6693333333333333,True,1.0,0.7112294401645872,0.7237881548573047,0.717508797510946,0.858023599430755,-0.06462962962962959,-0.05555555555555558,0.3455205153245037,0.3750826955378062,0.1916989064398953,0.836234338993669,0.01255871469271752,0.009074074074074012,0.02200419102069294,0.34170868993935416,0.09739268996385343,0.11778108419207205,0.0,0.9999999987499999,0.6564835178993472,0.3095293330246708,0.25790251726766195,0.37018606876570836,angry,05,24,24,female,normal,2788
90,3.003,True,1.0,0.566321111815268,0.5880874377003289,0.5772042747577985,0.48767184752599124,-0.06328703703703709,-0.05652777777777773,0.36930949110840866,0.13618672116507347,0.20487935877564548,1.183591543547191,0.02176632588506089,0.006759259259259354,0.01630695267334561,0.5621923313036478,0.09575817669332057,0.11943324220088793,0.0,0.9999999987499999,0.6516010582123475,0.3122569833672177,0.25986562020567444,0.3710343104494413,angry,05,24,24,female,normal,2788
100,3.336666666666667,True,1.0,0.7183602976089817,0.7314992210806603,0.724929759344821,0.47268126917337444,-0.056990740740740786,-0.051157407407407485,0.36897071923676755,0.16472226046950963,0.2048614835286752,1.5336545080632853,0.013138923471678665,0.0058333333333333015,0.013193108615116618,0.5795454545454548,0.0979787734904696,0.11778026846409742,0.0,0.9999999987499999,0.6523740461966037,0.3106207043095599,0.2644583616185606,0.3718728659434818,angry,05,24,24,female,normal,2788
0,0.0,True,1.0,0.6625513690405951,0.6954801117130961,0.6790157403768455,0.4586407631453149,-0.0706018518518518,-0.06138888888888899,0.36487661480052164,0.10742756117576749,0.2216393349649899,1.480495836698465,0.03292874267250101,0.009212962962962812,0.03232991026799516,0.6148545239469714,0.09819647824135515,0.11936761192992061,0.0,0.9999999987499999,0.6248417641509729,0.32684016252921605,0.2620048913384424,0.38013327149020126,angry,05,24,24,female,normal,2789
10,0.33366666666666667,True,1.0,0.7111994935150138,0.6955817857249462,0.70339063961998,0.8961132812152652,-0.06777777777777771,-0.060555555555555585,0.34301672410141504,0.2733780684770517,0.20908945271398002,0.7849349567345726,0.015617707790067548,0.00722222222222213,0.024245856954756676,0.333671276461025,0.0984383223563301,0.11820511039666146,0.0,0.9999999987499999,0.6418371567689577,0.31677925374005395,0.26988909315057047,0.3736837365687876,angry,05,24,24,female,normal,2789
20,0.6673333333333333,True,1.0,0.6733035983397416,0.6925433364952698,0.6829234674175058,0.763921225241435,-0.07087962962962963,-0.06291666666666662,0.35314870455701564,0.24239808108622463,0.20905113610721185,0.8939710599108827,0.019239738155528152,0.007962962962963005,0.023110222021483707,0.38942307692307665,0.10130273041898828,0.11804136354369987,0.0,0.9999999987499999,0.6319740301276761,0.3205630449540276,0.2720089274361146,0.38264597051005317,angry,05,24,24,female,normal,2789
30,1.0010000000000001,True,1.0,0.7624228640935737,0.7618086250838747,0.7621157445887242,1.1998618280906583,-0.06296296296296289,-0.05666666666666664,0.3005269466318431,0.45206176607171106,0.21666983577660293,0.6351695893196969,0.0006142390096990358,0.006296296296296244,0.007170385200157034,0.2856559541016422,0.09719217924017803,0.1203451675779611,0.0,0.9999999987499999,0.6359734686921644,0.3220843138110861,0.26513160597182905,0.36611170620584604,angry,05,24,24,female,normal,2789
40,1.3346666666666667,True,1.0,0.7558761013901864,0.7324642584394392,0.7441701799148128,0.7909450080643646,-0.05592592592592599,-0.04999999999999999,0.36035383710405083,0.2228910275172938,0.2055555555555555,0.940862098284151,0.023411842950747164,0.005925925925926001,0.005459448455117872,0.3686112012702814,0.09926576047391919,0.11928119572083842,0.0,0.9999999987499999,0.6081900275813451,0.33447637943771574,0.2598461193226197,0.37162873473320196,angry,05,24,24,female,normal,2789
50,1.6683333333333334,True,1.0,0.76651379816529,0.7482533178005345,0.7573835579829122,0.9954954725939528,-0.059259259259259345,-0.05476851851851855,0.33472452558614574,0.33183182419798424,0.20833479817193357,0.7608106504084899,0.01826048036475547,0.004490740740740795,0.006668202486620136,0.3307382567373176,0.0991815451655997,0.1183895783779974,0.0,0.9999999987499999,0.6472457250243848,0.31613135898221284,0.27719368216498064,0.38005370145999884,angry,05,24,24,female,normal,2789
60,2.0020000000000002,True,1.0,0.7205435656838066,0.7063637240778793,0.713453644880843,0.7887680679504872,-0.05726851851851855,-0.0509722222222222,0.4185444261393982,0.07509383425130009,0.20972549626796166,0.9045163893800378,0.014179841605927335,0.006296296296296355,0.008808903658208769,0.3570148055994185,0.0983401406185251,0.11908941142270403,0.0,0.9999999987499999,0.618623705771371,0.3314920977313299,0.26686674338000593,0.3896397292569681,angry,05,24,24,female,normal,2789
70,2.3356666666666666,True,1.0,0.7448478212496221,0.7720179477481053,0.7584328844988637,1.065242312641198,-0.055787037037037024,-0.049212962962963014,0.3572037638666129,0.2626546906801368,0.2083336995439489,0.7119815609073764,0.02717012649848316,0.00657407407407401,0.004016271496665274,0.27873865316619456,0.09885977493654996,0.12041162523514214,0.0,0.9999999987499999,0.6120985970950881,0.33141695626772333,0.25783397729145696,0.3705649028737331,angry,05,24,24,female,normal,2789
80,2.6693333333333333,True,1.0,0.7027655951404735,0.7090983557227943,0.705931975431634,0.7057581914917849,-0.057870370370370405,-0.05166666666666675,0.36454574455464994,0.2303909400544193,0.21320339077801023,1.0002462372267784,0.0063327605823207955,0.006203703703703656,0.02067733425379763,0.440383939584956,0.09890879366427328,0.11973658312474199,0.0,0.9999999987499999,0.6183241002729217,0.32833845882369045,0.26726007385599515,0.37977617187460305,angry,05,24,24,female,normal,2789
90,3.003,True,1.0,0.7150073891216117,0.7301951203668797,0.7226012547442457,1.072973283225046,-0.05374999999999991,-0.05018518518518511,0.32187443805422417,0.2962583017140044,0.2139117164045099,0.6734568940731835,0.015187731245268066,0.0035648148148147984,0.014282777938941426,0.29383292838752484,0.10130543815153402,0.11836140753700208,0.0,0.9999999987499999,0.6010715254617471,0.3317351443646421,0.2658192357095671,0.36337092641085345,angry,05,24,24,female,normal,2789
100,3.336666666666667,True,1.0,0.723630256331738,0.7395771825347476,0.7316037194332428,0.6205778069356963,-0.05435185185185193,-0.0500000000000001,0.3508080219554638,0.1699048766852164,0.21389459599619023,1.1789073203338882,0.015946926203009526,0.004351851851851829,0.00227261996488941,0.48444526302560054,0.1018308268588326,0.11855426219534296,0.0,0.9999999987499999,0.605301620656075,0.3317150812890922,0.26715809341498553,0.3707228256635286,angry,05,24,24,female,normal,2789
110,3.6703333333333332,True,1.0,0.7098135130094584,0.7023235937958753,0.7060685534026668,0.5462476983827557,-0.055648148148148,-0.052129629629629526,0.35321687498710236,0.1180530537117254,0.21459222176423368,1.2925794570724667,0.007489919213583107,0.0035185185185184764,0.006616362780415827,0.5194704955695217,0.1033706244219463,0.11737652379361153,0.0,0.9999999987499999,0.6063164948557548,0.33275317995371406,0.2687948608836514,0.37524386021656975,angry,05,24,24,female,normal,2789
120,4.0040000000000004,True,1.0,0.5941767487670592,0.5985181038332673,0.5963474263001632,0.5424076019046254,-0.05486111111111114,-0.05101851851851846,0.35679745305924243,0.10989669948073796,0.21323022752658174,1.0994451851451417,0.004341355066208141,0.003842592592592675,0.00923457491112016,0.5325344489562868,0.09751526458241587,0.11976578953525496,0.0,0.9999999987499999,0.6058556807332308,0.3341418077220992,0.25064374763541425,0.3643298254491793,angry,05,24,24,female,normal,2789
0,0.0,True,1.0,0.6585555456161117,0.7126928739680829,0.6856242097920973,0.60409340820909,-0.07162037037037039,-0.062407407407407356,0.3559030737977524,0.22067773673897176,0.21280173029375404,1.1349638987532003,0.05413732835197116,0.009212962962963034,0.04882030005799019,0.4546800821364366,0.096693171635301,0.11819495109058742,0.0,0.9999999987499999,0.6359847570356267,0.32219942712998734,0.2684524802417261,0.38650251904129734,angry,05,24,24,female,strong,2790
10,0.33366666666666667,True,1.0,0.6989544310688725,0.7685641376687492,0.7337592843688108,0.6206672453862416,-0.0697685185185184,-0.05981481481481471,0.3559519123214154,0.20659284399551928,0.2155172174537356,1.1822104192274427,0.06960970659987675,0.009953703703703687,0.0445468422489212,0.4571846906566122,0.09885627773207287,0.11769402634662944,0.0,0.9999999987499999,0.637896297112595,0.3214767638557476,0.27241290985383826,0.38933722638640866,angry,05,24,24,female,strong,2790
20,0.6673333333333333,True,1.0,0.6459278002199421,0.7000145000316502,0.6729711501257962,0.9919907260224125,-0.07004629629629622,-0.06222222222222218,0.32851565014010403,0.28447866938030825,0.21125561860177325,0.6784046790681302,0.054086699811708105,0.007824074074074039,0.0325198608198757,0.33224463502184565,0.09900102945510922,0.1178959352423758,0.0,0.9999999987499999,0.6352292157253525,0.32443814729273934,0.2775460589193754,0.38885370537227515,angry,05,24,24,female,strong,2790
30,1.0010000000000001,True,1.0,0.7345419050641302,0.73049911997348,0.7325205125188051,0.9002840211088514,-0.06800925925925921,-0.058842592592592724,0.35202668876716564,0.06001893474058985,0.21597363525015603,0.8136549081661837,0.004042785090650147,0.00916666666666649,0.012541396424876498,0.3204881801425928,0.09834231201611049,0.11844595834072942,0.0,0.9999999987499999,0.618827307133791,0.33309929111350606,0.28289974786231753,0.406391691271146,angry,05,24,24,female,strong,2790
40,1.3346666666666667,True,1.0,0.6994842499913312,0.7254393832102858,0.7124618166008085,0.6015336239670751,-0.0662962962962963,-0.055185185185185115,0.3868129572447486,0.06835050849715571,0.22087513270143552,1.1844089643770355,0.025955133218954596,0.011111111111111183,0.016146506480934273,0.5501405692025122,0.09864655559425656,0.1188357195428414,0.0,0.9999999987499999,0.6304566082448604,0.3231064191623541,0.27204760188239646,0.3864623521206034,angry,05,24,24,female,strong,2790
50,1.6683333333333334,True,1.0,0.6677178841930286,0.6442014496515477,0.6559596669222881,0.7979745967244192,-0.067037037037037,-0.05624999999999997,0.3411805624373814,0.2580270424778799,0.21650886114255363,0.8220307634038932,0.02351643454148089,0.01078703703703704,0.027859186567826592,0.43169471752653976,0.09585528933882725,0.1187151020821055,0.0,0.9999999987499999,0.6187793828312576,0.334311974609034,0.26711755356755096,0.38380687349585024,angry,05,24,24,female,strong,2790
60,2.0020000000000002,True,1.0,0.7623161906639508,0.7525596263250782,0.7574379084945145,0.9871605401717807,-0.06777777777777783,-0.057083333333333375,0.36054170564427285,0.2177485517005084,0.21044603400931972,0.7672894910920052,0.00975656433887262,0.01069444444444445,0.012533324936193885,0.3239371441689439,0.09740472822053788,0.1198557052871027,0.0,0.9999999987499999,0.6322030725024385,0.3249258015799962,0.2764215739668783,0.3878484000260569,angry,05,24,24,female,strong,2790
70,2.3356666666666666,True,1.0,0.7630530596872007,0.8061344588653212,0.784593759276261,0.4306182668997129,-0.06851851851851853,-0.06374999999999997,0.39223753546824713,0.08069107489447376,0.21666807516569428,1.8220168989231147,0.04308139917812048,0.004768518518518561,0.006528947759144904,0.5630195588677599,0.09806996982769954,0.11835002535877444,0.0,0.9999999987499999,0.6298734659098014,0.32589681114958235,0.271401068866575,0.3876228784191187,angry,05,24,24,female,strong,2790
80,2.6693333333333333,True,1.0,0.744986349137918,0.7368512131971124,0.7409187811675152,0.5321911267960502,-0.06490740740740741,-0.05615740740740749,0.40837895026700144,0.0713646324557749,0.2194945030149522,1.392204311312118,0.008135135940805505,0.008749999999999925,0.029707165152678707,0.6039237635123036,0.09898272102191283,0.11983456800598868,0.0,0.9999999987499999,0.639774039623662,0.31366297815373945,0.27185539799885033,0.37426398270462913,angry,05,24,24,female,strong,2790
90,3.003,True,1.0,0.7748729623615046,0.7559261297631225,0.7653995460623135,1.520205292970483,-0.06870370370370371,-0.06106481481481468,0.2844012615358729,0.5860897863200043,0.21390636642410646,0.5034843317554315,0.018946832598382146,0.007638888888889028,0.009018663593162333,0.23073115859308488,0.09754719342369411,0.12037454886656059,0.0,0.9999999987499999,0.6384881805925495,0.31371917808603395,0.2684391654502643,0.37481185946247597,angry,05,24,24,female,strong,2790
100,3.336666666666667,True,1.0,0.7455169816540625,0.7430761913985611,0.7442965865263118,0.9524448880717268,-0.06722222222222224,-0.06064814814814795,0.3512832094997059,0.3124727070814882,0.21042246794808075,0.7814589545786509,0.0024407902555014793,0.0065740740740742876,0.009751565972431594,0.3178966050488326,0.0994483511576028,0.11880872195138337,0.0,0.9999999987499999,0.6390964666960534,0.3184634219310519,0.2763184473876797,0.39235279087070574,angry,05,24,24,female,strong,2790
110,3.6703333333333332,True,1.0,0.760584349672067,0.7594117698423173,0.7599980597571921,0.6796703167176074,-0.06569444444444433,-0.05874999999999997,0.35894277640458105,0.2142278879944047,0.2138945959961903,1.118186333967796,0.0011725798297497203,0.006944444444444364,0.01355146486978843,0.442326185967195,0.09871328149990431,0.11861979294221059,0.0,0.9999999987499999,0.6394902501860119,0.32173373501151925,0.26983714212261023,0.3877182847474148,angry,05,24,24,female,strong,2790
120,4.0040000000000004,True,1.0,0.7885499836091903,0.7790316871855262,0.7837908353973582,0.6918287064195131,-0.0660648148148148,-0.05810185185185179,0.35574023661213067,0.22557945245233366,0.21041992990714248,1.1329261537206015,0.009518296423664085,0.007962962962963005,0.015267437495928274,0.4285088433423047,0.09508697280488165,0.1188514523115205,0.0,0.9999999987499999,0.6501342431503851,0.3211509969803105,0.2683681027035911,0.3874094181816652,angry,05,24,24,female,strong,2790
130,4.337666666666666,True,1.0,0.7577001498398311,0.7290068409528412,0.7433534953963361,0.7037125065029394,-0.06513888888888891,-0.05740740740740735,0.3498729659656684,0.24475126929011154,0.21180879739806163,1.0563312269244587,0.028693308886989954,0.007731481481481561,0.00870810467063402,0.4423261859671952,0.09759376719313267,0.11809948475441001,0.0,0.9999999987499999,0.6149594253091861,0.33797414410980864,0.254564497417857,0.3803548205961961,angry,05,24,24,female,strong,2790
0,0.0,True,1.0,0.6386563447890216,0.6819815903318198,0.6603189675604206,0.4665044222259018,-0.07124999999999992,-0.06037037037037041,0.3571449820516679,0.1503863016348883,0.20977460082211377,1.4154613249103678,0.04332524554279826,0.010879629629629517,0.03344793651004708,0.6173718545737604,0.09577182681749351,0.11781615109688173,0.0,0.9999999987499999,0.6545518420258729,0.3176565543827085,0.2705098560635948,0.39262688584012595,angry,05,24,24,female,strong,2791
10,0.33366666666666667,True,1.0,0.6718115723838698,0.7115476726610599,0.6916796225224648,0.44032141048257406,-0.06856481481481475,-0.059629629629629644,0.3667006007396438,0.14667071188031286,0.21326457363692122,1.5708516689306853,0.0397361002771901,0.008935185185185102,0.03073872455131963,0.6192119865896197,0.0960055073803769,0.11827191811319963,0.0,0.9999999987499999,0.6502225826424319,0.32018041854010876,0.27144467087590424,0.39010574348859595,angry,05,24,24,female,strong,2791
20,0.6673333333333333,True,1.0,0.6757635631256373,0.6709353219617334,0.6733494425436855,0.3963545324860263,-0.06814814814814801,-0.05888888888888899,0.3664515734422903,0.08800242712818772,0.21187614445887962,1.6988564210942252,0.004828241163903901,0.009259259259259023,0.030257816904071925,0.6671158381567389,0.0951694767566328,0.11894567985029866,0.0,0.9999999987499999,0.6517224112926421,0.3196734903660679,0.269909176081234,0.38542311042362826,angry,05,24,24,female,strong,2791
30,1.0010000000000001,True,1.0,0.5906156692080495,0.5698048658396927,0.5802102675238712,0.9889005042732565,-0.061759259259259236,-0.05254629629629626,0.4044699008907451,0.17370569180578127,0.1986356943799128,0.5867225924313468,0.020810803368356834,0.009212962962962978,0.014822361584883573,0.2964184502440688,0.09615136314092933,0.11863612969908965,0.0,0.9999999987499999,0.6452655308217036,0.32226106079698674,0.28249324953017657,0.4038123994591979,angry,05,24,24,female,strong,2791
40,1.3346666666666667,True,1.0,0.6043780972826491,0.5801749804283218,0.5922765388554855,0.6486466503865158,-0.05439814814814814,-0.045138888888888895,0.4167902290777699,0.09080478499561455,0.19723189304860728,0.9130958103345782,0.0242031168543273,0.009259259259259245,0.015879521128174028,0.4279405007948507,0.09863849601704533,0.11868198821055513,0.0,0.9999999987499999,0.6213448211706557,0.3320172339519147,0.27208225449615686,0.38862744472717803,angry,05,24,24,female,strong,2791
50,1.6683333333333334,True,1.0,0.7083287671245803,0.6580089829947169,0.6831688750596485,0.9021554411182034,-0.05759259259259253,-0.05032407407407408,0.33605943721606596,0.28190935410712603,0.20486446284481508,0.75726293266366,0.050319784129863376,0.007268518518518452,0.011079472625555219,0.3833442930353749,0.09750204519029809,0.11945800290505326,0.0,0.9999999987499999,0.619412250837835,0.33243082718931005,0.26619440243181025,0.38452508721368983,angry,05,24,24,female,strong,2791
60,2.0020000000000002,True,1.0,0.6745957802340774,0.6818357845412443,0.6782157823876609,0.9360420553767473,-0.05847222222222215,-0.052962962962963156,0.3816498456495861,0.16278992267421724,0.20625332916347228,0.724556956059721,0.00724000430716687,0.005509259259258992,0.010526665423587623,0.30301993138649297,0.10093857151628985,0.11963378727636112,0.0,0.9999999987499999,0.6235543771492972,0.3202528243648691,0.2778755804841121,0.3790889652051426,angry,05,24,24,female,strong,2791
70,2.3356666666666666,True,1.0,0.6888239651773095,0.6835425507668408,0.6861832579720751,0.2501220405247209,-0.062453703703703733,-0.05509259259259264,0.38071961742192184,-0.05555555555555537,0.2083699512089982,2.7433938110074547,0.005281414410468699,0.007361111111111096,0.02131837432742474,0.9995120760870767,0.09955935891133254,0.11967474544934899,0.0,0.9999999987499999,0.6206627504517431,0.3253131130183726,0.26277293325926665,0.37172991574520214,angry,05,24,24,female,strong,2791
80,2.6693333333333333,True,1.0,0.6577941327819182,0.6426291923836702,0.6502116625827943,0.5965892181129862,-0.0568055555555555,-0.04870370370370375,0.4075154584880079,0.12593677428654843,0.20766864904976146,1.0898816854910924,0.015164940398248006,0.008101851851851749,0.0205577885471427,0.5504057519422878,0.09727455701352057,0.12091052647526526,0.0,0.9999999987499999,0.6175565924885579,0.33302018570726616,0.26093396277566855,0.37366723942068003,angry,05,24,24,female,strong,2791
90,3.003,True,1.0,0.7580012326950956,0.7381465549618216,0.7480738938284586,1.7546550719107283,-0.06412037037037044,-0.05689814814814814,0.27217323729308246,0.6879045452377294,0.19791820860144962,0.4263367232705428,0.019854677733273984,0.0072222222222222965,0.015109716040432432,0.14745556580064648,0.09434223393674217,0.11912403248102808,0.0,0.9999999987499999,0.654816494433711,0.3174007034809574,0.26419872658321114,0.3819519809799037,angry,05,24,24,female,strong,2791
100,3.336666666666667,True,1.0,0.6991786786303817,0.7450778159313728,0.7221282472808772,1.3035516612300913,-0.05898148148148141,-0.05236111111111108,0.3221863257712892,0.465541742870425,0.19240909594576566,0.5539697955656347,0.045899137300991044,0.006620370370370332,0.022156305237093884,0.24106499633547693,0.09462915656818005,0.1182535376033042,0.0,0.9999999987499999,0.6567123299397883,0.31909884620913487,0.2577096815006858,0.37696129289185903,angry,05,24,24,female,strong,2791
110,3.6703333333333332,True,1.0,0.35396965907087724,0.36194382519981355,0.3579567421353454,0.9363899809767047,-0.08041666666666669,-0.0723611111111111,0.3412621305391412,0.3094848242211143,0.1972411765958423,0.3822731441038887,0.00797416612893631,0.008055555555555594,0.0213289670810763,0.33368644067796593,0.09404665200148478,0.11871732677126665,0.0,0.9999999987499999,0.6552714264768407,0.317261504878617,0.2572075745581445,0.3703967373664783,angry,05,24,24,female,strong,2791
120,4.0040000000000004,True,1.0,0.6698431270481796,0.671764784080736,0.6708039555644578,0.8889321703836411,-0.06328703703703692,-0.05537037037037018,0.3436589896535674,0.29629629629629634,0.19864952113169732,0.7546177064049279,0.001921657032556423,0.007916666666666738,0.025223754260154836,0.35567875724426196,0.09577955153770104,0.11683553437686457,0.0,0.9999999987499999,0.6543514618269184,0.3183188071893345,0.26460754389553626,0.3807702677531751,angry,05,24,24,female,strong,2791
130,4.337666666666666,True,1.0,0.6940333532663792,0.7152504073699005,0.7046418803181398,0.8328328328328324,-0.06032407407407414,-0.054259259259259285,0.3376529334212638,0.2722722722722726,0.20279132211353695,0.8460784115839207,0.02121705410352137,0.006064814814814856,0.02667296502931632,0.3898976215950072,0.09614582884904073,0.1181578759792013,0.0,0.9999999987499999,0.6215926485672394,0.3351470851306495,0.25323933396695186,0.37381890406651536,angry,05,24,24,female,strong,2791
0,0.0,True,1.0,0.6759410131615428,0.715050467454287,0.695495740307915,0.602444201010103,-0.07273148148148151,-0.06402777777777774,0.35959085768986476,0.17630853994490422,0.21602308540490514,1.1544566934859606,0.03910945429274426,0.008703703703703769,0.02923605491178116,0.4533577381014098,0.09549252027545665,0.11932685541285924,0.0,0.9999999987499999,0.6537121804971989,0.31636338834453276,0.2697763163164678,0.38489166374833683,angry,05,24,24,female,strong,2792
10,0.33366666666666667,True,1.0,0.6724120579549382,0.7000608124637292,0.6862364352093338,0.6327683615819208,-0.07314814814814813,-0.06342592592592594,0.3513084366076712,0.19585687382297595,0.2153132146292948,1.0844986520718936,0.027648754508791007,0.009722222222222188,0.025864945266851437,0.45535714285714257,0.09608056704398577,0.11707732942502551,0.0,0.9999999987499999,0.6526615182479242,0.315006338166169,0.26764606715530387,0.38391507311127,angry,05,24,24,female,strong,2792
20,0.6673333333333333,True,1.0,0.676060464312465,0.682098882118846,0.6790796732156554,0.9480807324614745,-0.07504629629629639,-0.06486111111111104,0.35909225110698567,0.30367038093602455,0.21532065562714578,0.7162677712609775,0.006038417806380925,0.010185185185185353,0.01852380613201116,0.2988165837879771,0.0967753364705258,0.11812768581150802,0.0,0.9999999987499999,0.6547061360638006,0.31758048709263387,0.27871670969540496,0.3922120746658012,angry,05,24,24,female,strong,2792
30,1.0010000000000001,True,1.0,0.7382083139548096,0.7503721674528461,0.7442902407038279,1.4151131529956842,-0.07208333333333333,-0.06504629629629638,0.2907524061680982,0.5804988662131515,0.22085544307558078,0.5259581109314286,0.012163853498036503,0.007037037037036953,0.014742080967355995,0.23110104559588082,0.09595226698361442,0.1202319171124621,0.0,0.9999999987499999,0.6242005081798344,0.3334755506673097,0.2614086385811853,0.3787264097992176,angry,05,24,24,female,strong,2792
40,1.3346666666666667,True,1.0,0.7311051546636842,0.6863477323081784,0.7087264434859313,0.6190235517837837,-0.06773148148148156,-0.05643518518518509,0.3914666549741571,0.1547558879459454,0.22154017579487245,1.1449103050177316,0.04475742235550584,0.01129629629629647,0.01508272113189663,0.46518215276942665,0.0987515355779928,0.11970726408889444,0.0,0.9999999987499999,0.6201734692705206,0.33162863252151253,0.2675556519510372,0.3855893590570177,angry,05,24,24,female,strong,2792
50,1.6683333333333334,True,1.0,0.7008498263871843,0.692299349084825,0.6965745877360047,0.7350191528443857,-0.0668981481481482,-0.05805555555555564,0.37839865583103216,0.1941450686788307,0.22222531210552576,0.9476958321975587,0.00855047730235925,0.008842592592592569,0.017510992984490034,0.43675009027013767,0.10008863246769029,0.11859157013056443,0.0,0.9999999987499999,0.6171310677474114,0.33029395696944647,0.2740078453025333,0.3917924365358394,angry,05,24,24,female,strong,2792
60,2.0020000000000002,True,1.0,0.7571512476088803,0.7564898956602545,0.7568205716345674,0.6936063632816756,-0.06805555555555559,-0.06106481481481485,0.4208482723033163,-0.018577804694845587,0.22361145230116525,1.091138449269417,0.0006613519486258213,0.006990740740740742,0.0030762588696957418,0.4333718252415708,0.09903798755551997,0.11994783748840208,0.0,0.9999999987499999,0.6133317298872674,0.3290059348484103,0.2817019347149013,0.4031416683695439,angry,05,24,24,female,strong,2792
70,2.3356666666666666,True,1.0,0.7569067027968495,0.7740930946457542,0.7654998987213018,0.3138380150342797,-0.06717592592592592,-0.06106481481481485,0.35158502203715275,0.05975723622782429,0.224314058744324,2.4391560679406163,0.017186391848904692,0.006111111111111067,0.014781854140903246,0.8314232337855127,0.1007618541886402,0.11785855780595712,0.0,0.9999999987499999,0.620757241724815,0.3232924825372384,0.2661319462185858,0.37870226152573544,angry,05,24,24,female,strong,2792
80,2.6693333333333333,True,1.0,0.7220865959949365,0.6969357508120541,0.7095111734034953,0.5800833320360921,-0.06481481481481477,-0.0537037037037037,0.38895063744748515,0.12131940398918357,0.22433310471757625,1.2231193937483287,0.025150845182882464,0.011111111111111072,0.011994156665578697,0.5600672460032335,0.0987854023164537,0.11855973815555446,0.0,0.9999999987499999,0.6242832688231542,0.3265983813148427,0.26891315720995307,0.3753448156764542,angry,05,24,24,female,strong,2792
90,3.003,True,1.0,0.7394695957361546,0.7874685973553924,0.7634690965457736,1.6050188859810557,-0.06300925925925926,-0.058379629629629726,0.27667328202431574,0.6136702545375188,0.2215332880932581,0.4756760828263456,0.04799900161923787,0.004629629629629539,0.008012499729622148,0.21869422917275785,0.09869448344547375,0.11879591789017459,0.0,0.9999999987499999,0.6157354099764907,0.3276671327780198,0.26129170162439735,0.37564348543214016,angry,05,24,24,female,strong,2792
100,3.336666666666667,True,1.0,0.7516043992024234,0.7482533178005346,0.749928858501479,0.8267577307885252,-0.06347222222222215,-0.05671296296296302,0.33734485870672787,0.25260671332138007,0.22361657008950767,0.9070720848128384,0.003351081401888778,0.006759259259259132,0.008498396194200517,0.37543660075665836,0.10032111129608112,0.11742549041095494,0.0,0.9999999987499999,0.6194560979860695,0.32468444273296065,0.2648362010910018,0.3719182953321365,angry,05,24,24,female,strong,2792
110,3.6703333333333332,True,1.0,0.7164917711507268,0.7482533178005346,0.7323725444756307,0.7914301913690461,-0.06550925925925927,-0.05893518518518526,0.3447109612336349,0.22398967680256077,0.22430589568929538,0.9253785772422262,0.03176154664980779,0.00657407407407401,0.01192947827944557,0.3820754716981128,0.100530055743795,0.11692121777953272,0.0,0.9999999987499999,0.6229884985556723,0.3223005738322342,0.2662028178707167,0.37219407542949534,angry,05,24,24,female,strong,2792
120,4.0040000000000004,True,1.0,0.7332009645320142,0.7481179807431516,0.7406594726375829,0.7682030012706981,-0.06569444444444439,-0.0598611111111112,0.34622662999670206,0.23334575899196175,0.22234612719338814,0.9641455076489484,0.01491701621113739,0.0058333333333331905,0.005423145616211838,0.4120804554476785,0.09693284898257193,0.11815981821209638,0.0,0.9999999987499999,0.6238315378260679,0.32169293244310404,0.2601408298655772,0.36889312720173484,angry,05,24,24,female,strong,2792
0,0.0,True,1.0,0.6495882028909055,0.7230982207680141,0.6863432118294598,0.5821658702941188,-0.06833333333333336,-0.05990740740740741,0.3560553121222155,0.18382171556589222,0.21183473035207928,1.1789478683845018,0.07351001787710865,0.008425925925925948,0.028663530681006893,0.5032343428774534,0.0959517575414247,0.11927777651699296,0.0,0.9999999987499999,0.6203599542864022,0.3355360832622032,0.25564340552734843,0.38096552388952676,angry,05,24,24,female,strong,2793
10,0.33366666666666667,True,1.0,0.6749309513901649,0.7184296493913599,0.6966803003907625,0.6081444012675078,-0.06865740740740739,-0.05986111111111109,0.3497090364768363,0.18704355089315447,0.21045292205187743,1.1455836787097378,0.04349869800119499,0.008796296296296302,0.028598147043783707,0.4613465580789244,0.09737875328938658,0.11843780667180913,0.0,0.9999999987499999,0.6167065438675471,0.336406935149768,0.25737795768828853,0.38248810914522696,angry,05,24,24,female,strong,2793
20,0.6673333333333333,True,1.0,0.6408859133866455,0.6857436771876744,0.6633147952871599,0.795370010568826,-0.0715277777777778,-0.0643055555555555,0.3484775927027094,0.2651072124756337,0.20765689245881772,0.8339700849580386,0.044857763801028905,0.0072222222222222965,0.027901503383246616,0.3639484521216768,0.09531775289385537,0.11898711691524921,0.0,0.9999999987499999,0.6504315504092262,0.3219535180581372,0.27412927074052346,0.3929599545965728,angry,05,24,24,female,strong,2793
30,1.0010000000000001,True,1.0,0.7049825461697667,0.7304666030778719,0.7177245746238193,1.562201364312937,-0.07106481481481491,-0.06351851851851842,0.2540952751228233,0.6633808857325502,0.21180699638057293,0.4594315374570664,0.02548405690810518,0.007546296296296495,0.01536765207275911,0.23156303883273838,0.09490118677873953,0.11963854166414174,0.0,0.9999999987499999,0.6507700303324454,0.3200302998270416,0.27185470634547565,0.3861504864942662,angry,05,24,24,female,strong,2793
40,1.3346666666666667,True,1.0,0.6727934133450121,0.6931719828450854,0.6829826980950487,0.7797551296817274,-0.06518518518518523,-0.05592592592592599,0.3723003542570679,0.209378692229353,0.2055570401891299,0.875893818580997,0.02037856950007333,0.009259259259259245,0.01715865636004781,0.3975622842904753,0.09780979650606915,0.11856513480779644,0.0,0.9999999987499999,0.619083988118685,0.3365404906539599,0.26344233241428827,0.38677396654658114,angry,05,24,24,female,strong,2793
50,1.6683333333333334,True,1.0,0.7456580820433706,0.7828861192823006,0.7642721006628356,1.7890070033155008,-0.06490740740740741,-0.05731481481481482,0.2548976484787776,0.7134570347877955,0.2076480745787881,0.42720464439012157,0.03722803723892998,0.007592592592592595,0.014470564038647136,0.21461133558553527,0.09871607289032565,0.11813463646552526,0.0,0.9999999987499999,0.6135355715098539,0.3374984986211763,0.26259169995818515,0.3815661748621107,angry,05,24,24,female,strong,2793
60,2.0020000000000002,True,1.0,0.6728027472759732,0.6851743919173853,0.6789885695966793,0.7855519339625509,-0.06148148148148158,-0.05527777777777787,0.369675934626807,0.23275612858149666,0.21112014572710378,0.8643458697525762,0.01237164464141205,0.006203703703703711,0.015874447671921605,0.40793480436521107,0.09793646255074992,0.11829958934900557,0.0,0.9999999987499999,0.6158154431225615,0.3349819155324506,0.26894180665291006,0.3875506092486488,angry,05,24,24,female,strong,2793
70,2.3356666666666666,True,1.0,0.6940937660526306,0.6871312303501563,0.6906124982013935,0.7295094385197531,-0.06254629629629632,-0.05560185185185185,0.42839415993964464,-0.012572428728671443,0.21320017014117348,0.9466806894270136,0.006962535702474293,0.006944444444444475,0.002930791175717067,0.3978345819991022,0.09945503475326889,0.11848196118797422,0.0,0.9999999987499999,0.6153219417610795,0.3336419698862864,0.2820495442464588,0.40942025899706047,angry,05,24,24,female,strong,2793
80,2.6693333333333333,True,1.0,0.7427221939923884,0.7646339808969663,0.7536780874446773,0.5348404021160088,-0.0641666666666666,-0.05601851851851847,0.34442837297541823,0.07078770028005966,0.21111689330988628,1.409164461889702,0.021911786904577957,0.008148148148148127,0.008998475855206745,0.46323529411764724,0.09983689209610873,0.11767566528015024,0.0,0.9999999987499999,0.6174817189453907,0.3303733337101637,0.2626889353306537,0.38131416589263434,angry,05,24,24,female,strong,2793
90,3.003,True,1.0,0.7443152639407639,0.7456580820433698,0.7449866729920669,0.665551177435001,-0.06425925925925924,-0.05685185185185182,0.36207467335195737,0.13309983746835424,0.21251292469885805,1.1193529487292113,0.0013428181026059471,0.007407407407407418,0.004924545190868546,0.41485499549566957,0.09898652465063017,0.1183918711729472,0.0,0.9999999987499999,0.6145067494966736,0.3307737823007066,0.2629623602346507,0.3762949736839642,angry,05,24,24,female,strong,2793
100,3.336666666666667,True,1.0,0.6864133935998532,0.6777787441259933,0.6820960688629232,0.5763434051834356,-0.06310185185185191,-0.055787037037037024,0.39630335893002155,0.03429385479334513,0.21321734630882003,1.1834889802301618,0.008634649473859946,0.007314814814814885,0.0016763466323630185,0.5509704397077252,0.09949645488859821,0.11764019207651344,0.0,0.9999999987499999,0.6173758374756153,0.32992691040511585,0.2664335162615555,0.38263192547104985,angry,05,24,24,female,strong,2793
110,3.6703333333333332,True,1.0,0.7199678192271453,0.7549627071029663,0.7374652631650558,1.2615117542537382,-0.06217592592592597,-0.055787037037037024,0.28695118351134824,0.46129907431666534,0.21668920155246418,0.5845884992179973,0.03499488787582106,0.006388888888888944,0.004147335329557167,0.2355479716729345,0.098572477937633,0.11777015806293967,0.0,0.9999999987499999,0.6133015573182399,0.3326785234804923,0.2633455822124564,0.37475813116969925,angry,05,24,24,female,strong,2793
120,4.0040000000000004,True,1.0,0.7597518610453649,0.76608912453727,0.7629204927913174,1.0613549258115973,-0.0621759259259258,-0.0564351851851852,0.33699437200429805,0.3009812476182144,0.21112412083566012,0.7188174984988429,0.00633726349190511,0.005740740740740602,0.0006899359308684604,0.29422209650110104,0.09934963672640823,0.11727786307294394,0.0,0.9999999987499999,0.6147647297747223,0.3324074865606094,0.26374844440413664,0.37448657653677053,angry,05,24,24,female,strong,2793
130,4.337666666666666,True,1.0,0.7381751175848181,0.7369354480463243,0.7375552828155711,0.8404919270356807,-0.062083333333333324,-0.05611111111111111,0.35147551051514514,0.23685351993741632,0.21461213051359673,0.8775280988323644,0.0012396695384938594,0.005972222222222212,0.0012153844659868792,0.35977803099598316,0.09950943270150929,0.11681657584910933,0.0,0.9999999987499999,0.6182563581760829,0.3296719523070042,0.2645483804878483,0.37408546046350716,angry,05,24,24,female,strong,2793
140,4.671333333333333,True,1.0,0.7455233413413977,0.7481442036679101,0.7468337725046539,0.7814323410442067,-0.06449074074074079,-0.05740740740740735,0.3518820487379622,0.2604140970516817,0.21111147250317436,0.9557241660956601,0.0026208623265123743,0.007083333333333441,0.022195334070069045,0.3988936635157275,0.0973821875220986,0.11730352749449788,0.0,0.9999999987499999,0.6222984360619248,0.3317813454499933,0.25664852751531136,0.3760954846350008,angry,05,24,24,female,strong,2793
150,5.005,True,1.0,0.6994252298391747,0.7262876215623814,0.712856425700778,0.8105694737560363,-0.07407407407407401,-0.06624999999999998,0.34673318813892434,0.3740871017863102,0.1937563003007902,0.8794513595454401,0.026862391723206702,0.007824074074074039,0.018209437956399368,0.35746786528684704,0.11175152781970742,0.11436496334563963,0.0,0.9999999987499999,0.615097734648547,0.2862518850148096,0.28229213631128147,0.3524313799227609,angry,05,24,24,female,strong,2793
0,0.0,True,1.0,0.706070164282313,0.7106933266144163,0.7083817454483646,0.6263814595612234,-0.07708333333333339,-0.06754629629629633,0.36249573121478,0.17478917367386726,0.22502746414413644,1.1309110999942145,0.004623162332103359,0.009537037037037066,0.025259065243586457,0.4708899442542011,0.09626173375235765,0.11998429083325624,0.0,0.9999999987499999,0.6307195820828332,0.32458677164632405,0.2680402191478047,0.38841971448164325,fearful,06,24,24,female,normal,2794
10,0.33366666666666667,True,1.0,0.7176781319316905,0.7438470888913847,0.7307626104115377,0.8213559865297547,-0.0794907407407408,-0.07037037037037025,0.3602365272326068,0.2200060678204694,0.22569748679172755,0.8897026653437131,0.026168956959694234,0.009120370370370556,0.013039608880943741,0.35201572259953184,0.09955759557856265,0.11823476764384522,0.0,0.9999999987499999,0.6267687778861545,0.32582365444371425,0.271848579833313,0.3902288367778894,fearful,06,24,24,female,normal,2794
20,0.6673333333333333,True,1.0,0.7587007590915418,0.73049911997348,0.7445999395325109,0.8009740398940509,-0.07675925925925925,-0.06717592592592592,0.36663966815553517,0.207353226376506,0.22640540147926316,0.9296180680599875,0.028201639118061728,0.009583333333333333,0.004701816748005055,0.3732885258484966,0.10189162104405883,0.11785716844653994,0.0,0.9999999987499999,0.5987514149800545,0.3356928460357288,0.27433981264631263,0.389060247036147,fearful,06,24,24,female,normal,2794
30,1.0010000000000001,True,1.0,0.706070164282314,0.7155796418803672,0.7108249030813405,0.6997648255542537,-0.07634259259259268,-0.06638888888888894,0.3844326408415584,0.11659910629737455,0.2270997954301554,1.0158054207973752,0.009509477598053206,0.009953703703703742,0.004617971256386292,0.3988936635157275,0.10196817329052413,0.11827517943959003,0.0,0.9999999987499999,0.5902929206995298,0.338898889765401,0.2740018817670489,0.38840158525817436,fearful,06,24,24,female,normal,2794
40,1.3346666666666667,True,1.0,0.6796531464160063,0.6752455638946859,0.6774493551553461,0.6631584850869924,-0.0780555555555556,-0.06939814814814815,0.39741231570246993,0.09283631330009813,0.22713170834127885,1.0215497055224727,0.004407582521320341,0.008657407407407447,0.005379228739011339,0.4405417115662643,0.10388023292460584,0.11806082826888885,0.0,0.9999999987499999,0.5832423049766781,0.3421824329754531,0.27402282934458577,0.3908534922698771,fearful,06,24,24,female,normal,2794
50,1.6683333333333334,True,1.0,0.6443047469892883,0.6338565100764066,0.6390806285328474,0.805286161205674,-0.0780555555555556,-0.0705555555555556,0.35291671714137074,0.23860330702390353,0.2299089016490761,0.7936068683659189,0.010448236912881659,0.007500000000000007,0.014519317557266365,0.37545696894333974,0.1007207176192449,0.11869897930454489,0.0,0.9999999987499999,0.5895772509785164,0.34131062098407655,0.26480519222437887,0.3806189207889988,fearful,06,24,24,female,normal,2794
60,2.0020000000000002,True,1.0,0.6074267527176929,0.5709858135988688,0.5892062831582808,1.1733439759573445,-0.08416666666666672,-0.07578703703703699,0.3429654044495614,0.29714555235283424,0.23125032991952812,0.5021598910733238,0.03644093911882407,0.008379629629629737,0.0047461523187989395,0.2642665681185019,0.10124693750326189,0.11873280984648484,0.0,0.9999999987499999,0.5977742986725941,0.33330394261419105,0.26727494499723575,0.3700743661656525,fearful,06,24,24,female,normal,2794
70,2.3356666666666666,True,1.0,0.7523956942690336,0.7309386897916319,0.7416671920303328,0.7223050306682338,-0.0795833333333334,-0.06768518518518507,0.3657648050637094,0.0505102363966858,0.23893487374349087,1.0268060729747186,0.02145700447740173,0.011898148148148324,0.028559626419721058,0.3732531062032655,0.10017341053242493,0.11803673511011743,0.0,0.9999999987499999,0.5837470392610169,0.3349447975729026,0.27897840251908873,0.3734496073784971,fearful,06,24,24,female,normal,2794
80,2.6693333333333333,True,1.0,0.7492397034811746,0.8042832264193,0.7767614649502372,0.7088352596580662,-0.0778240740740741,-0.06990740740740742,0.34332548759392323,0.16949141224868064,0.24189670181720835,1.0958279153959383,0.05504352293812531,0.007916666666666683,0.042826183435050624,0.4008197927681734,0.09996231649329516,0.11642926982095685,0.0,0.9999999987499999,0.5858633952330933,0.3319024894985162,0.2747403468454428,0.3682183047486911,fearful,06,24,24,female,normal,2794
90,3.003,True,1.0,0.7143870751744602,0.7818965749918679,0.7481418250831641,0.7429612676413982,-0.0787500000000001,-0.07013888888888886,0.3534514277882155,0.1708702790147831,0.24109883251265665,1.0069728499551693,0.06750949981740773,0.008611111111111236,0.03790679846109933,0.40939441574797564,0.09967392312086838,0.11536254617173998,0.0,0.9999999987499999,0.5980572061480842,0.3292748615095586,0.27917753849739096,0.3758045035411427,fearful,06,24,24,female,normal,2794
100,3.336666666666667,True,1.0,0.7007021940637703,0.7641550055581061,0.7324285998109382,0.7270849645682194,-0.07861111111111113,-0.06833333333333336,0.36397103758110866,0.18166780509657995,0.23753886657716794,1.007349395879603,0.06345281149433579,0.010277777777777775,0.034265454601954556,0.39555131629168705,0.10020731438829478,0.11506522541725968,0.0,0.9999999987499999,0.5995731949654861,0.3299412027588954,0.27787324750989506,0.37753542778633326,fearful,06,24,24,female,normal,2794
110,3.6703333333333332,True,1.0,0.6889994303373379,0.7667731010054432,0.7278862656713905,0.7175964038930461,-0.07842592592592595,-0.06606481481481485,0.3452886982793755,0.17162976885118758,0.23199180581411055,1.014339344125083,0.07777367066810525,0.0123611111111111,0.06173689845926266,0.43335070358010463,0.10335698464169987,0.11803594302957543,0.0,0.9999999987499999,0.5911120654980743,0.33074565653636673,0.2824644970068437,0.383368067414174,fearful,06,24,24,female,normal,2794
120,4.0040000000000004,True,1.0,0.7603784744215996,0.8875770473189925,0.8239777608702961,0.7181557475257696,-0.08194444444444449,-0.06481481481481477,0.34670731704018426,0.22621975196025057,0.22457206228588722,1.147352456217346,0.1271985728973929,0.017129629629629717,0.08641280533208745,0.4017337876484354,0.09615198843097736,0.11815286362387527,0.0,0.9999999987499999,0.6333069943289817,0.31844284434919795,0.2813930769684368,0.37929304652900997,fearful,06,24,24,female,normal,2794
0,0.0,True,1.0,0.7706544641773238,0.7679796687183006,0.7693170664478122,0.6268779780575778,-0.08435185185185179,-0.07245370370370363,0.3453986212863071,0.2164027520297596,0.22995701403006866,1.227219799348497,0.0026747954590231604,0.011898148148148158,0.03417752523153212,0.4559383005117649,0.10003401876653269,0.11847694289143396,0.0,0.9999999987499999,0.6160794851299896,0.32993076028479257,0.27961468240167153,0.4002200563999907,fearful,06,24,24,female,normal,2795
10,0.33366666666666667,True,1.0,0.7639066121036414,0.7911102354599314,0.7775084237817864,0.6222097461327373,-0.08402777777777776,-0.07430555555555551,0.3482163144572708,0.21479124505231018,0.23060320217590405,1.2495921650444848,0.027203623356290008,0.009722222222222243,0.028448078468053955,0.4553163099584477,0.1007576200900282,0.11818502780228111,0.0,0.9999999987499999,0.620700899899022,0.32719794599629065,0.28080141228421046,0.39935475924206715,fearful,06,24,24,female,normal,2795
20,0.6673333333333333,True,1.0,0.7852215970284045,0.7979896136179899,0.7916056053231972,0.6879365456504033,-0.08481481481481484,-0.07439814814814794,0.35938676505413497,0.20063438315118948,0.23334935451182426,1.1506956714660086,0.012768016589585374,0.010416666666666907,0.02081601447067678,0.4106568131018768,0.10281474833325904,0.11737780886399536,0.0,0.9999999987499999,0.613216091827356,0.3297973619203369,0.28902339983096403,0.4001757504741658,fearful,06,24,24,female,normal,2795
30,1.0010000000000001,True,1.0,0.783073949818858,0.7685702530103333,0.7758221014145956,0.925367977911705,-0.08254629629629623,-0.07365740740740745,0.3480002445790715,0.2790347460215256,0.23062999907410467,0.8383930716571883,0.014503696808524702,0.00888888888888878,0.030553886925374942,0.3217689607343439,0.10155634007666536,0.12069874706782936,0.0,0.9999999987499999,0.5778984227519133,0.34171879373699143,0.2672514353181882,0.3858716039685352,fearful,06,24,24,female,normal,2795
40,1.3346666666666667,True,1.0,0.7446843653051046,0.7645384198868174,0.754611392595961,0.6536275464249116,-0.08662037037037035,-0.07833333333333342,0.35555661029426494,0.1918254755812234,0.2389003859323597,1.1544975372035522,0.019854054581712743,0.008287037037036926,0.018380077101480593,0.44075383310739924,0.1043202465760523,0.11847897642951205,0.0,0.9999999987499999,0.5955532523634455,0.32926373702229456,0.27784383422872994,0.3842536060359194,fearful,06,24,24,female,normal,2795
50,1.6683333333333334,True,1.0,0.7087369589318413,0.7293469962215061,0.7190419775766737,0.6998882323295326,-0.08189814814814811,-0.08027777777777773,0.36627181585429003,0.2449453813558353,0.22986144302410796,1.0273668628252102,0.020610037289664818,0.0016203703703703831,0.018204905848115786,0.44997152614026226,0.1033744442214825,0.11882505687313064,0.0,0.9999999987499999,0.5987162094056373,0.3312076060872151,0.27490130306583294,0.38587529900903916,fearful,06,24,24,female,normal,2795
60,2.0020000000000002,True,1.0,0.7674908738416848,0.7747382222554401,0.7711145480485624,1.2449349642582899,-0.09949074074074077,-0.08652777777777781,0.3427946176805689,0.31116785726800233,0.23404864109113074,0.6194014709097505,0.007247348413755295,0.012962962962962954,0.014708032807780318,0.2537572474033376,0.088726755978111,0.11799585067005917,0.0,0.9999999987499999,0.6383150117625176,0.3469110685452358,0.2659489321209731,0.40317980116903324,fearful,06,24,24,female,normal,2795
70,2.3356666666666666,True,1.0,0.7482618392111736,0.7462297253903175,0.7472457823007456,0.9676909823052269,-0.07675925925925925,-0.07773148148148151,0.3759879556095172,0.2280912245715356,0.23754625371967034,0.7721946323408551,0.0020321138208561074,0.0009722222222222632,0.009281099200204644,0.30568125978931804,0.10162216955544455,0.11889351952828564,0.0,0.9999999987499999,0.5962693125609619,0.3288874147294668,0.28915656694998765,0.382004257040661,fearful,06,24,24,female,normal,2795
80,2.6693333333333333,True,1.0,0.7838509034904183,0.7665137981652888,0.7751823508278535,1.1099123156775341,-0.08606481481481493,-0.07740740740740748,0.31840831238867195,0.3753601525463968,0.2493425819342332,0.6984176496452801,0.017337105325129554,0.008657407407407447,0.012847538758080326,0.2683204522624802,0.10269584877254541,0.11877212094378013,0.0,0.9999999987499999,0.5924886820900235,0.32646350461449714,0.28932895074763154,0.3816940948892353,fearful,06,24,24,female,normal,2795
90,3.003,True,1.0,0.7967672028630726,0.7705464511432587,0.7836568270031656,0.9986848367006202,-0.08134259259259252,-0.08458333333333334,0.3518772172585724,0.3671509816072704,0.23333366030715563,0.784688820941902,0.026220751719813862,0.0032407407407408217,0.003250632753281715,0.32259925706367765,0.10069890197570823,0.11983559328855728,0.0,0.9999999987499999,0.6087282790147309,0.32325339188263674,0.2825296639911693,0.3846424577196535,fearful,06,24,24,female,normal,2795
100,3.336666666666667,True,1.0,0.7188709207318681,0.7187497913798002,0.7188103560558341,0.8383718324314691,-0.0910185185185185,-0.07981481481481484,0.3544104502744131,0.1951015736294797,0.2424416851100741,0.8573884859312609,0.00012112935206787245,0.01120370370370366,0.03021026236859315,0.35918261481697633,0.10277453108402979,0.11966316690624068,0.0,0.9999999987499999,0.5968493092471364,0.3259841855437422,0.28649710475340584,0.38075760846793344,fearful,06,24,24,female,normal,2795
110,3.6703333333333332,True,1.0,0.737036985808618,0.7291099129817249,0.7330734493951714,0.7659974635006592,-0.08828703703703705,-0.07861111111111113,0.3623231559191647,0.20955354204647936,0.238220387421686,0.9570181160195715,0.007927072826893089,0.009675925925925921,0.023017547153794338,0.3931195615001867,0.10193752800778044,0.11830159263157689,0.0,0.9999999987499999,0.607695025908801,0.3263540876686914,0.28507422029608526,0.39036618243020926,fearful,06,24,24,female,normal,2795
120,4.0040000000000004,True,1.0,0.7171254305597302,0.7023828296753236,0.709754130117527,0.8224596866342903,-0.08847222222222223,-0.0809259259259259,0.35337666383549476,0.2643487067572349,0.234730348063909,0.8629652512477755,0.014742600884406598,0.007546296296296329,0.01343372126932011,0.3720617697446472,0.10013644193794803,0.11839038771748556,0.0,0.9999999987499999,0.6191579268504277,0.32271919929878395,0.2819830594051542,0.3880698809330525,fearful,06,24,24,female,normal,2795
0,0.0,True,1.0,0.6781806787967133,0.6789541464943836,0.6785674126455484,0.6779421298492363,-0.08037037037037031,-0.07083333333333336,0.3532357121087217,0.2334951591846077,0.22295807545936389,1.0009223247365542,0.0007734676976702826,0.009537037037036955,0.026636701316997736,0.4255473319912902,0.09539313209405975,0.11956577331296915,0.0,0.9999999987499999,0.6238008142397583,0.330480355260278,0.263605837728416,0.3862851995496166,fearful,06,24,24,female,normal,2796
10,0.33366666666666667,True,1.0,0.689318859033854,0.6789528549355646,0.6841358569847094,0.7108246126885668,-0.07564814814814802,-0.07009259259259265,0.34012892493170427,0.24722486042309944,0.2202068064974312,0.9624538103669315,0.010366004098289472,0.005555555555555369,0.027299928766611744,0.4040875397078779,0.09744189727399248,0.11902784584772455,0.0,0.9999999987499999,0.6233731106192477,0.3296908714690707,0.26629065790850054,0.38278954805034304,fearful,06,24,24,female,normal,2796
20,0.6673333333333333,True,1.0,0.7152937963412322,0.7277364278640768,0.7215151121026545,0.8429559593140568,-0.0787962962962962,-0.07194444444444459,0.3399887515748058,0.27586206896551746,0.22365239132884607,0.855934529117959,0.012442631522844527,0.006851851851851609,0.01860628703682534,0.3583972652964522,0.10140662754006056,0.11762863041653984,0.0,0.9999999987499999,0.5938444912965186,0.3415150840311885,0.26421673945361923,0.3806678605428588,fearful,06,24,24,female,normal,2796
30,1.0010000000000001,True,1.0,0.7469227194291505,0.7442362763867042,0.7455794979079273,0.8888263148845904,-0.07842592592592595,-0.06935185185185189,0.3424360082926996,0.2681677424585369,0.2229334364432989,0.8388359856388107,0.0026864430424462515,0.009074074074074068,0.013733054767728672,0.34912151283719933,0.10001056302244757,0.1192979376575919,0.0,0.9999999987499999,0.5875227554459284,0.3400097228142699,0.2654887547714645,0.37868746326043623,fearful,06,24,24,female,normal,2796
40,1.3346666666666667,True,1.0,0.8521910919653323,0.8097300698058035,0.8309605808855679,0.8042627929750303,-0.08087962962962975,-0.07199074074074058,0.36955462506170267,0.27508896017504403,0.22430861674064606,1.0331953537372782,0.04246102215952874,0.008888888888889168,0.002853280670810623,0.3569221682530732,0.10036241970810957,0.11932184733233368,0.0,0.9999999987499999,0.6192614235772433,0.32575651968357416,0.2815377990904329,0.38792621823132445,fearful,06,24,24,female,normal,2796
50,1.6683333333333334,True,1.0,0.7217036162263392,0.7142321292483793,0.7179678727373593,0.6046332085826924,-0.0797685185185184,-0.07597222222222227,0.3999192649858252,0.11169230379750679,0.2340290817893525,1.1874436642676842,0.007471486977959851,0.003796296296296131,0.008713932371785249,0.46656404099982085,0.10034329798747518,0.11853700414501377,0.0,0.9999999987499999,0.6127895016053296,0.3279050285549354,0.2783005805226892,0.3911385577499351,fearful,06,24,24,female,normal,2796
60,2.0020000000000002,True,1.0,0.7352277432480828,0.7183549624163801,0.7267913528322314,0.6952336581117701,-0.08476851851851852,-0.07398148148148159,0.38913662221651296,0.10693400167084449,0.23404375141892936,1.0453914944310534,0.01687278083170274,0.010787037037036928,0.01279407364735815,0.38933197288588167,0.09981830477040698,0.12041196104608072,0.0,0.9999999987499999,0.5932053278108118,0.33577473698864363,0.2759947115668465,0.38235253307045136,fearful,06,24,24,female,normal,2796
70,2.3356666666666666,True,1.0,0.7400707205255125,0.699897844500721,0.7199842825131167,0.5744112147559151,-0.08291666666666664,-0.07282407407407404,0.41818311355623783,0.070200330950196,0.23888888888888893,1.2534300584974827,0.04017287602479147,0.010092592592592597,0.023890320418966108,0.5167774825598838,0.09756089600455596,0.1194099445000239,0.0,0.9999999987499999,0.6063605579341111,0.3343771110884685,0.28103420055586814,0.3935475469713637,fearful,06,24,24,female,normal,2796
80,2.6693333333333333,True,1.0,0.7468758467415414,0.7765521445746084,0.761713995658075,1.054284444764611,-0.08754629629629629,-0.07560185185185186,0.3317319289349505,0.3224773012758286,0.2368055555555556,0.7224938198041442,0.029676297833067022,0.011944444444444424,0.025363299198978912,0.31089409492347353,0.09931080448065978,0.1184421345259702,0.0,0.9999999987499999,0.6024072399662991,0.33240474885781063,0.2847256679209156,0.3962935104781424,fearful,06,24,24,female,normal,2796
90,3.003,True,1.0,0.7455169816540594,0.7605375208073448,0.7530272512307021,0.8148958302869774,-0.0856481481481482,-0.07550925925925928,0.35410981052960694,0.21479124505231123,0.2368261741593934,0.9240779290348223,0.015020539153285384,0.01013888888888892,0.020259303840165385,0.388980072990266,0.09822620793983,0.119343148906718,0.0,0.9999999987499999,0.6027093798378726,0.3332287428502591,0.27851913002384737,0.3949961719123108,fearful,06,24,24,female,normal,2796
100,3.336666666666667,True,1.0,0.7533719564398271,0.7822632761917176,0.7678176163157724,0.8017492237537838,-0.08712962962962961,-0.07624999999999998,0.362567395868636,0.2258412329891004,0.23541958337287935,0.9576780289488228,0.02889131975189052,0.010879629629629628,0.02441542631891022,0.37823110432966867,0.09950334383813897,0.11828042814671234,0.0,0.9999999987499999,0.6081923060083408,0.330976569797604,0.2816851546761006,0.39613669871400703,fearful,06,24,24,female,normal,2796
110,3.6703333333333332,True,1.0,0.7274168857187591,0.7598519807453179,0.7436344332320385,0.7830405076827188,-0.08407407407407408,-0.07402777777777775,0.3497729178299898,0.23328349888682565,0.23336602844781623,0.9496755607608396,0.032435095026558836,0.010046296296296331,0.029039286239131053,0.38969247769580295,0.09979695759594388,0.11787127904902872,0.0,0.9999999987499999,0.6076794686780963,0.3336793594773535,0.27875222471594546,0.3942366301370183,fearful,06,24,24,female,normal,2796
0,0.0,True,1.0,0.7158932868602234,0.7835584345611083,0.7497258607106658,0.7137408299911722,-0.07953703703703707,-0.06986111111111121,0.3364236533007303,0.23761677443543286,0.21820979943258179,1.0504175033953693,0.06766514770088494,0.009675925925925866,0.03863088080865779,0.40195942605130786,0.09761159316257187,0.11776162651507399,0.0,0.9999999987499999,0.6185632847592162,0.3334689630060548,0.2683432710175394,0.39422850096069906,fearful,06,24,24,female,normal,2797
10,0.33366666666666667,True,1.0,0.7543040736707591,0.7593756013938745,0.7568398375323169,0.7186637688813001,-0.07870370370370366,-0.06800925925925921,0.34644113080456046,0.2521343921914431,0.2181818267802285,1.0531209034100093,0.0050715277231153655,0.01069444444444445,0.04567062159295301,0.41915290737731237,0.09783795050769764,0.11757363326848684,0.0,0.9999999987499999,0.6209993547340812,0.33188570732200867,0.272369242025222,0.3956807603116485,fearful,06,24,24,female,normal,2797
20,0.6673333333333333,True,1.0,0.7720179477481058,0.7593541588497382,0.765686053298922,0.9664314514766893,-0.07930555555555552,-0.07162037037037039,0.335590437377801,0.37408710178631005,0.21961265158590793,0.7922818034625921,0.012663788898367612,0.007685185185185128,0.021563467548250826,0.32659946202072865,0.09907858468621517,0.11927709320866368,0.0,0.9999999987499999,0.6067818910220338,0.3342370552006786,0.2676489542081435,0.3876930894455871,fearful,06,24,24,female,normal,2797
30,1.0010000000000001,True,1.0,0.7161996257914821,0.7126934088213887,0.7144465173064354,0.9792099121858586,-0.07657407407407407,-0.06750000000000006,0.3470500112597898,0.32388038209477815,0.21887587059453498,0.729615283112892,0.0035062169700934565,0.009074074074074012,0.012137432053502116,0.31152679678341066,0.10130606938712793,0.11836086726039598,0.0,0.9999999987499999,0.6093880854138529,0.3322118673569174,0.27701608945596,0.39449897270611317,fearful,06,24,24,female,normal,2797
40,1.3346666666666667,True,1.0,0.7727123180664791,0.7614235954959393,0.7670679567812092,0.6911284609046339,-0.08060185185185192,-0.06925925925925924,0.36639116123929893,0.25386719752477455,0.2202639657995611,1.1098775411117876,0.011288722570539811,0.011342592592592682,0.023402942923550187,0.43667284115369515,0.1020519381457302,0.11884588401151616,0.0,0.9999999987499999,0.6101638629670618,0.3304594388313243,0.27348226243251667,0.3889109049983234,fearful,06,24,24,female,normal,2797
50,1.6683333333333334,True,1.0,0.7516356539753906,0.731810843029711,0.7417232485025508,0.7679640008081026,-0.08124999999999993,-0.06893518518518527,0.3637695364364066,0.24886372112936367,0.22162728673958704,0.9658307521212719,0.01982481094567956,0.012314814814814667,0.02595667129537984,0.3754366007566568,0.10135858531647361,0.11927814326574553,0.0,0.9999999987499999,0.6061310437925169,0.33142824599720466,0.2738855357838271,0.3871333397449412,fearful,06,24,24,female,normal,2797
60,2.0020000000000002,True,1.0,0.7582924009267104,0.7393380677936863,0.7488152343601984,0.694881169634855,-0.082824074074074,-0.0703703703703703,0.4028214690657659,0.025730756290382892,0.22640102070531434,1.0776162415707486,0.01895433313302408,0.012453703703703689,0.015408968836069617,0.3961803109821175,0.10404375025851055,0.11759316349614105,0.0,0.9999999987499999,0.6013677628004327,0.3304185738977833,0.29078138455523844,0.4056553143045574,fearful,06,24,24,female,normal,2797
70,2.3356666666666666,True,1.0,0.7780744313432038,0.7717258251530823,0.774900128248143,0.4967548290048751,-0.08231481481481473,-0.06814814814814818,0.3974111046843096,0.02684850991496427,0.22922292307844508,1.5599247012866748,0.006348606190121453,0.01416666666666655,0.016401798786273427,0.5952955200519547,0.0990867948841317,0.11701257505881592,0.0,0.9999999987499999,0.6069294471694928,0.3314721629932997,0.2752434039681639,0.3906191438188802,fearful,06,24,24,female,normal,2797
80,2.6693333333333333,True,1.0,0.7879300918778149,0.8176422366541358,0.8027861642659754,1.350890150237723,-0.08504629629629612,-0.07175925925925908,0.29396891230227584,0.533246111935944,0.2287528857592317,0.5942645774156433,0.029712144776320892,0.013287037037037042,0.02088529095162563,0.20890100406983475,0.0982990475469282,0.1165362830225582,0.0,0.9999999987499999,0.6163967206570127,0.3230321773343065,0.27010130344010624,0.3773937196737156,fearful,06,24,24,female,normal,2797
90,3.003,True,1.0,0.7764258635886478,0.7646339808969661,0.770529922242807,0.8388372165187922,-0.08004629629629623,-0.06648148148148147,0.36142726675900305,0.2386235036005222,0.22559735157812133,0.9185690704574803,0.011791882691681743,0.013564814814814752,0.010524393752631506,0.3548365577519912,0.08987917626634559,0.11515183153133443,0.0,0.9999999987499999,0.656731780376213,0.3352687511671582,0.2705756656543075,0.408069463414552,fearful,06,24,24,female,normal,2797
100,3.336666666666667,True,1.0,0.7249646571504639,0.7845996942344731,0.7547821756924684,0.6984705376790876,-0.08254629629629623,-0.06870370370370377,0.3636602955003058,0.21093838025484113,0.2296724783093345,1.0806213504731292,0.05963503708400919,0.013842592592592462,0.02535653124693741,0.43442552875495916,0.09756008385448305,0.11666673135466646,0.0,0.9999999987499999,0.6208287030046394,0.3230337402221189,0.27424829802630096,0.3742445341695372,fearful,06,24,24,female,normal,2797
110,3.6703333333333332,True,1.0,0.7177651031665815,0.7233886765468606,0.7205768898567211,0.7713998288999138,-0.08439814814814811,-0.0706018518518518,0.35247151366370477,0.22250616360991776,0.22993577946162527,0.934115957588854,0.005623573380279079,0.013796296296296306,0.009492435956784073,0.3805320935747739,0.09688085669870145,0.11674281103933752,0.0,0.9999999987499999,0.6290942192580157,0.31975070693395374,0.28501522374246924,0.3873802800705903,fearful,06,24,24,female,normal,2797
0,0.0,True,1.0,0.6824741533624028,0.7069036926916789,0.6946889230270408,0.6327533007821757,-0.07416666666666671,-0.07601851851851854,0.3578215541944235,0.21843095536624477,0.21666701879228198,1.0978827327622054,0.02442953932927605,0.0018518518518518268,0.019658481858628545,0.46931220874442026,0.09524943687185626,0.11872129079941149,0.0,0.9999999987499999,0.6430704517588286,0.3232587156380027,0.2754508045585343,0.40085444751830396,fearful,06,24,24,female,strong,2798
10,0.33366666666666667,True,1.0,0.6630595817613134,0.6540213073053891,0.6585404445333513,0.6532959084475162,-0.08509259259259255,-0.07736111111111099,0.3518404951246946,0.220297457499743,0.22361145230116525,1.0080278110087941,0.009038274455924311,0.007731481481481561,0.014069294358396305,0.44476744186046485,0.09693951836493006,0.11783141234657087,0.0,0.9999999987499999,0.6405887662096088,0.32350029754276866,0.2783147616263615,0.4029442532990809,fearful,06,24,24,female,strong,2798
20,0.6673333333333333,True,1.0,0.6906355372837121,0.67896743067903,0.684801483981371,0.935490451409435,-0.08101851851851843,-0.07212962962962971,0.3373401469862225,0.325028521005571,0.2194475734396407,0.7320240232806553,0.011668106604682094,0.008888888888888724,0.01312554851371825,0.3245806039401431,0.09774126339034422,0.11797744328885822,0.0,0.9999999987499999,0.6296954535251601,0.32759380886731665,0.2775626609908118,0.3939256779677452,fearful,06,24,24,female,strong,2798
30,1.0010000000000001,True,1.0,0.6605348248064027,0.6360640106414329,0.6482994177239179,0.9455717723623289,-0.07347222222222216,-0.06648148148148147,0.37244578819092966,0.21820887054515203,0.21666983577660284,0.6856162976441933,0.024470814164969767,0.006990740740740686,0.00870822789740429,0.3378504645409457,0.09942297397180298,0.11834799265017741,0.0,0.9999999987499999,0.5914521155024509,0.34185322542215274,0.2784624585513083,0.39519220042820846,fearful,06,24,24,female,strong,2798
40,1.3346666666666667,True,1.0,0.4566737033783461,0.4170934470571643,0.4368835752177552,0.793730363800292,-0.056574074074074054,-0.055324074074074026,0.41316690340738926,0.1613706924478531,0.20422047016405526,0.5504181207406575,0.03958025632118184,0.0012500000000000289,0.01590139019246062,0.3845735598681498,0.10973983779357355,0.11759995064447298,0.0,0.9999999987499999,0.5599088406221864,0.3160088188361509,0.30485016586956276,0.3749512476758045,fearful,06,24,24,female,strong,2798
50,1.6683333333333334,True,1.0,0.703449076555637,0.6955128886243539,0.6994809825899955,2.050982419078981,-0.06800925925925921,-0.06194444444444441,0.31946894659379044,0.7092980865981481,0.200003433198072,0.3410467959564987,0.007936187931283145,0.006064814814814801,0.01261408600466127,0.1595927162167639,0.09968699509761628,0.11940900178027763,0.0,0.9999999987499999,0.6130882918558048,0.3287644069163075,0.2899617396800455,0.39792927868578903,fearful,06,24,24,female,strong,2798
60,2.0020000000000002,True,1.0,0.7196414726820236,0.6828688055430162,0.7012551391125199,0.6488189294138071,-0.06560185185185186,-0.060833333333333406,0.35582486009899944,0.18100381054495784,0.2105214276778061,1.0808179406018374,0.0367726671390074,0.00476851851851845,0.0015470427334905463,0.4470398381628502,0.09898310908087955,0.11967515581488505,0.0,0.9999999987499999,0.602910025346076,0.32844654363297565,0.2665351724188011,0.37085014823379836,fearful,06,24,24,female,strong,2798
70,2.3356666666666666,True,1.0,0.6973381934563795,0.6718427073162235,0.6845904503863015,1.538144655581929,-0.07074074074074072,-0.06379629629629624,0.29390524088825776,0.6885880144174903,0.21667546963537446,0.44507546666818487,0.025495486140155954,0.006944444444444475,0.019449873370452078,0.21059035204970705,0.09904864818790855,0.12088836037797837,0.0,0.9999999987499999,0.6254621553855918,0.31588933680121634,0.2778013306782762,0.37550053736251254,fearful,06,24,24,female,strong,2798
80,2.6693333333333333,True,1.0,0.7584028217609962,0.7295183507292978,0.743960586245147,0.8265958033948243,-0.06550925925925927,-0.057962962962962994,0.39010204778719604,0.2066398701945574,0.20417600856869406,0.9000294741271431,0.028884471031698333,0.007546296296296273,0.016529964723463134,0.346859757474475,0.09899241242245123,0.11902892629465892,0.0,0.9999999987499999,0.6453578581510729,0.31357882790502367,0.28617226339445934,0.39108526314805736,fearful,06,24,24,female,strong,2798
90,3.003,True,1.0,0.6585490677544638,0.6655810875408468,0.6620650776476553,0.7541016904489208,-0.06513888888888886,-0.05833333333333335,0.38453571667054837,0.20247928382543,0.20347822149384773,0.877951987156433,0.007032019786383015,0.006805555555555509,0.008379720740042146,0.39754071691127046,0.10016998041140643,0.11771639708106531,0.0,0.9999999987499999,0.6007379228644583,0.334991570370974,0.27418107312626966,0.39035332564744796,fearful,06,24,24,female,strong,2798
100,3.336666666666667,True,1.0,0.7436078030169371,0.7175823121701812,0.7305950575935591,0.751504588127591,-0.06740740740740736,-0.060185185185185175,0.39153656084870847,0.18446021708586383,0.20695366095743606,0.972176443278771,0.026025490846755872,0.0072222222222221855,0.012710283053760124,0.3992778217302082,0.10058270325368901,0.11768815921324506,0.0,0.9999999987499999,0.6005356120338761,0.335064280706867,0.27489819873312477,0.39079795327107314,fearful,06,24,24,female,strong,2798
110,3.6703333333333332,True,1.0,0.6903238599385929,0.6594207341257962,0.6748722970321945,0.8413135417044263,-0.07425925925925919,-0.06624999999999998,0.3906354915830306,0.2510371051859983,0.20557374157803737,0.8021650235950837,0.03090312581279675,0.008009259259259216,0.009155442421247719,0.35419806766389467,0.09996875656406519,0.11772560843390768,0.0,0.9999999987499999,0.6303441345131803,0.32227851510661043,0.28636062786896166,0.3926457385535099,fearful,06,24,24,female,strong,2798
0,0.0,True,1.0,0.7107394324395914,0.7114037866018176,0.7110716095207045,0.7406031950268409,-0.09074074074074079,-0.08231481481481473,0.3664982778326808,0.2813580043766835,0.21736988595645537,0.9601249553007044,0.0006643541622262106,0.008425925925926059,0.02468906916285388,0.3824032164334605,0.09527086353797747,0.11708810016066305,0.0,0.9999999987499999,0.6481181962159863,0.3220430674949159,0.275571246383515,0.402007385857286,fearful,06,24,24,female,strong,2799
10,0.33366666666666667,True,1.0,0.763211250280366,0.7790938161274935,0.7711525332039297,1.2249154823332797,-0.07180555555555557,-0.08013888888888893,0.36169496684168406,0.41078516150056354,0.21041992990714248,0.6295557075782895,0.01588256584712755,0.00833333333333336,0.0032476099566524893,0.24008581471157942,0.09779132892702967,0.11793594736587908,0.0,0.9999999987499999,0.6170600127707333,0.33390930700344146,0.2885509851826657,0.40315744035184015,fearful,06,24,24,female,strong,2799
20,0.6673333333333333,True,1.0,0.7623112320635482,0.7737578406107717,0.7680345363371599,0.9445138469560597,-0.07097222222222221,-0.0780555555555556,0.38091761521941503,0.31717630806133196,0.2131976651677755,0.8131532838955723,0.011446608547223458,0.007083333333333386,0.007611046602674701,0.3109817296221154,0.09939846902416268,0.117884721786432,0.0,0.9999999987499999,0.613876378918755,0.3336532978209314,0.2881611013711463,0.40157736570942887,fearful,06,24,24,female,strong,2799
30,1.0010000000000001,True,1.0,0.71954261551431,0.7099058388087738,0.7147242271615419,0.8276927048975629,-0.07856481481481481,-0.08032407407407399,0.399690876871052,0.21356296281690523,0.2194475734396407,0.8635139864498357,0.009636776705536199,0.0017592592592591827,0.007813361716393694,0.3447013232689061,0.0984766319120507,0.11768854046533603,0.0,0.9999999987499999,0.6156413025991646,0.33469939609028393,0.2876572693518241,0.4090714395430989,fearful,06,24,24,female,strong,2799
40,1.3346666666666667,True,1.0,0.7619407710536816,0.7421213127790742,0.7520310419163779,0.6155678275318438,-0.07222222222222224,-0.07699074074074075,0.4135655188197711,0.18334749905262246,0.20834248840561392,1.2216867228615433,0.019819458274607404,0.004768518518518505,0.007097395899838407,0.44482719192138725,0.09857020460933423,0.11793371972522555,0.0,0.9999999987499999,0.6183978761660915,0.3334290572615781,0.27860451854389623,0.3974759056909636,fearful,06,24,24,female,strong,2799
50,1.6683333333333334,True,1.0,0.753274513441779,0.7455545277575759,0.7494145205996774,1.7137373937723857,-0.07333333333333342,-0.07722222222222219,0.3357745899769861,0.6406406406406395,0.2069743044572451,0.4372983418130472,0.007719985684203068,0.003888888888888775,0.013067928608730002,0.1787358479889646,0.09801810008140092,0.11903493323876464,0.0,0.9999999987499999,0.6103144286308273,0.32899845773859415,0.28621672336044235,0.4017233907513574,fearful,06,24,24,female,strong,2799
60,2.0020000000000002,True,1.0,0.7747382222554392,0.8252545355200586,0.7999963788877489,2.0169858049969855,-0.08837962962962964,-0.08953703703703708,0.311437797229339,0.7998015861268738,0.2243086167406461,0.39662965247737303,0.05051631326461936,0.0011574074074074403,0.009570555784024399,0.16486293661756635,0.09857076038532417,0.11921864058002825,0.0,0.9999999987499999,0.6260790450946003,0.3242912207412079,0.2892636372824884,0.40539051509392693,fearful,06,24,24,female,strong,2799
70,2.3356666666666666,True,1.0,0.7607904407028935,0.7918812568094687,0.7763358487561811,0.4696635945566523,-0.08657407407407414,-0.08657407407407414,0.3764987430700684,0.07099631959626748,0.23402908178935256,1.6529615191678158,0.03109081610657527,0.0,0.02060828490321191,0.5450302591905388,0.09842967475245311,0.11805103393381777,0.0,0.9999999987499999,0.6337632836806597,0.321997741553909,0.2851111119731069,0.40054560785563986,fearful,06,24,24,female,strong,2799
80,2.6693333333333333,True,1.0,0.6932798201033968,0.7452125051382653,0.7192461626208311,1.0237560518455162,-0.0798611111111111,-0.0800925925925926,0.3502686443972398,0.36430756443153534,0.21809788729698323,0.7025562010835025,0.051932685034868475,0.00023148148148149916,0.020054705643675973,0.29118373474801423,0.0943534751617116,0.11975320343821358,0.0,0.9999999987499999,0.6476084381877751,0.3167714698728421,0.27689462687167804,0.3891649105076092,fearful,06,24,24,female,strong,2799
90,3.003,True,1.0,0.7363494599195372,0.7890102534268111,0.7626798566731741,1.060990492413719,-0.08050925925925911,-0.08296296296296296,0.35553299640108177,0.38842203548085885,0.22366023712004707,0.7188375976283276,0.05266079350727393,0.0024537037037038467,0.025519088849888696,0.29338911836653203,0.09688659346472686,0.1190009562822422,0.0,0.9999999987499999,0.6393091710277862,0.3173264039128901,0.2907380924249508,0.39904530810199285,fearful,06,24,24,female,strong,2799
100,3.336666666666667,True,1.0,0.7594207002095104,0.8012391468805172,0.7803299235450138,0.9965042353764225,-0.07740740740740737,-0.07773148148148146,0.3458922516396507,0.2911877394636017,0.23055853375779972,0.7830673426593613,0.04181844667100687,0.0003240740740740877,0.025087618960869973,0.30278259461392143,0.09904392155804308,0.11785990404799916,0.0,0.9999999987499999,0.6008019987526261,0.3351297925115426,0.2857751163579592,0.4025092083447203,fearful,06,24,24,female,strong,2799
110,3.6703333333333332,True,1.0,0.6657220069496774,0.7047552604758776,0.6852386337127775,0.6023887849645566,-0.06972222222222224,-0.05810185185185174,0.37000404699334327,0.1433102736794213,0.21458368887763832,1.1375355099831341,0.03903325352620013,0.011620370370370503,0.046972847074689766,0.4683721017863232,0.09840438344479148,0.11871579757395127,0.0,0.9999999987499999,0.6100673460477941,0.3313998930921807,0.28105471152832917,0.3928319664416742,fearful,06,24,24,female,strong,2799
120,4.0040000000000004,True,1.0,0.759495479454455,0.7790838517547105,0.7692896656045827,0.5594369260122524,-0.0664351851851851,-0.0618981481481482,0.38375285678547366,0.16083811622852304,0.21390172966618554,1.3751142082954573,0.019588372300255563,0.004537037037036895,0.012822441824369039,0.5209127543612752,0.09617121033578965,0.11749036800469613,0.0,0.9999999987499999,0.6171282916760455,0.3303475331022181,0.2779849618522777,0.3981937325785101,fearful,06,24,24,female,strong,2799
0,0.0,True,1.0,0.6585662215989214,0.671449933467151,0.6650080775330363,0.667825163063675,-0.08856481481481487,-0.07796296296296296,0.35273297404170995,0.24266711027971788,0.21890375455840325,0.995781702028544,0.012883711868229564,0.010601851851851918,0.03591074685323852,0.40942073865950757,0.09418358700602038,0.11780283795108437,0.0,0.9999999987499999,0.6628143507090335,0.314785700879807,0.27882557646343425,0.4003907479469149,fearful,06,24,24,female,strong,2800
10,0.33366666666666667,True,1.0,0.7108380658451741,0.7431620319226946,0.7270000488839343,0.7223002022732676,-0.08134259259259258,-0.07847222222222217,0.356329345398197,0.24061808261582235,0.22018878958176905,1.0065067773702334,0.03232396607752053,0.002870370370370412,0.030930638147545493,0.4104314492032645,0.09631957342865029,0.11769297320070508,0.0,0.9999999987499999,0.6411929641544117,0.3246755587747725,0.2724438827723351,0.39492108708474666,fearful,06,24,24,female,strong,2800
20,0.6673333333333333,True,1.0,0.7002362531319541,0.7285793560936593,0.7144078046128067,0.8584092784108339,-0.0874537037037037,-0.07944444444444443,0.35373061474314654,0.2710634157014697,0.2257515661221469,0.8322461354744255,0.02834310296170517,0.008009259259259272,0.029126571633810452,0.34537791981040306,0.09837594782982272,0.11744873172238154,0.0,0.9999999987499999,0.6419817755305247,0.324167069759872,0.2768085095953878,0.39790721654724237,fearful,06,24,24,female,strong,2800
30,1.0010000000000001,True,1.0,0.7083287671245805,0.7129477538811209,0.7106382605028507,0.9469559169737256,-0.08185185185185201,-0.07194444444444437,0.3249462710664819,0.1412058489107591,0.2285473443349345,0.7504449233221996,0.0046189867565403775,0.009907407407407642,0.026247232730476973,0.34582316945630537,0.0972963487471973,0.11946622890020546,0.0,0.9999999987499999,0.6109156679546819,0.33838223977554144,0.2937441962671216,0.4070245574826235,fearful,06,24,24,female,strong,2800
40,1.3346666666666667,True,1.0,0.7751406416057325,0.7446543621626653,0.7598975018841989,0.6913743217101964,-0.07916666666666672,-0.07740740740740737,0.414255857131569,0.11087454315598126,0.229178651438509,1.0991115493044379,0.030486279443067144,0.0017592592592593492,0.002496164304289154,0.4143215753724747,0.09853946353754996,0.11828199146758749,0.0,0.9999999987499999,0.623180349889956,0.3298463915887026,0.3000482597812538,0.4072502097371075,fearful,06,24,24,female,strong,2800
50,1.6683333333333334,True,1.0,0.6654550284378227,0.6485275610688079,0.6569912947533153,0.912046893121708,-0.07384259259259263,-0.06680555555555545,0.46495618541215816,0.07015562907388245,0.22152812217651086,0.7203481528286323,0.016927467369014737,0.007037037037037175,0.0012693947231864058,0.30530891321380305,0.09876552014108686,0.11809329960342665,0.0,0.9999999987499999,0.6136108208752251,0.33516702830975104,0.30821977575362935,0.4249030558964686,fearful,06,24,24,female,strong,2800
60,2.0020000000000002,True,1.0,0.6758628586899008,0.6271163216964405,0.6514895901931707,0.6015961372524781,-0.07699074074074086,-0.06361111111111117,0.422163213593524,0.11115619332037102,0.22642966269265902,1.082935128487624,0.04874653699346032,0.013379629629629686,0.006393730545940227,0.5153854892145365,0.09749098977097216,0.11962639397603858,0.0,0.9999999987499999,0.6129323213582307,0.3337607989386567,0.29207977704337573,0.39655399285776327,fearful,06,24,24,female,strong,2800
70,2.3356666666666666,True,1.0,0.7372427178010927,0.7244289458038451,0.7308358318024689,1.04040043579625,-0.07981481481481473,-0.0658333333333333,0.3958994878741726,0.12653153265989267,0.21528344806600502,0.7024562914981269,0.012813771997247647,0.013981481481481428,0.01063479142990201,0.3043454137096669,0.09641524375438323,0.11922347257802456,0.0,0.9999999987499999,0.6256950603678971,0.32927511328887343,0.2946918063303025,0.40003616307776624,fearful,06,24,24,female,strong,2800
80,2.6693333333333333,True,1.0,0.678016973941946,0.6476023342833243,0.6628096541126351,0.6197484189953069,-0.06768518518518518,-0.05449074074074084,0.4698642917703697,-0.0350781236410604,0.22430691608742012,1.0694817990615226,0.03041463965862179,0.013194444444444342,0.026213917542232096,0.4461287341312619,0.10109128031065116,0.11789975338401691,0.0,0.9999999987499999,0.5817672244210185,0.3436256731237536,0.2858502907851037,0.39968166134039496,fearful,06,24,24,female,strong,2800
90,3.003,True,1.0,0.7268356533805406,0.6874425853424331,0.7071391193614869,0.6358554764363725,-0.07768518518518519,-0.06421296296296297,0.45749802075924545,0.10006664853491387,0.21042573109859153,1.1121066744987727,0.03939306803810749,0.013472222222222219,0.017482818305578813,0.4273918903815333,0.09421807050507773,0.12096731307208833,0.0,0.9999999987499999,0.6460646057563652,0.3157907406160463,0.28178572592342693,0.3849941294540273,fearful,06,24,24,female,strong,2800
100,3.336666666666667,True,1.0,0.6659241903762131,0.6507093385455183,0.6583167644608656,0.6084759279697961,-0.07199074074074069,-0.06712962962962965,0.4492961959483213,0.14313598642525252,0.1972690246162261,1.0819109420768138,0.01521485183069482,0.004861111111111038,0.02413963288045272,0.45209590267420896,0.09780467909530202,0.11889028609108933,0.0,0.9999999987499999,0.6467680101884503,0.3141599081378247,0.29317376638667364,0.4078561473598698,fearful,06,24,24,female,strong,2800
0,0.0,True,1.0,0.6836034131743274,0.6983875308111579,0.6909954719927427,0.6463123919342462,-0.08254629629629623,-0.08236111111111111,0.3671099980815219,0.2421890948402378,0.21880021745018902,1.0691354221520828,0.014784117636830518,0.00018518518518512161,0.02607716938166948,0.44711447301893015,0.09499518248977784,0.1174741669029392,0.0,0.9999999987499999,0.6556629630367772,0.31517954819440125,0.2837440710684872,0.4000436716902161,fearful,06,24,24,female,strong,2801
10,0.33366666666666667,True,1.0,0.6638230796760535,0.6699195366874038,0.6668713081817286,0.6759785364745102,-0.09083333333333343,-0.08337962962962964,0.36569150642080095,0.22770728829312017,0.22228023619498505,0.986527341030265,0.006096457011350309,0.007453703703703796,0.024208120388505137,0.4162043731370948,0.09649740598823038,0.11657067864157696,0.0,0.9999999987499999,0.6565399114333232,0.31580258043087167,0.28858241901516063,0.40510024242144016,fearful,06,24,24,female,strong,2801
20,0.6673333333333333,True,1.0,0.6716303021391942,0.6645466038384683,0.6680884529888312,0.7383405087439191,-0.08962962962962961,-0.08124999999999999,0.35748869813590833,0.24855936300296955,0.2209331550752438,0.9048514135102756,0.00708369830072586,0.008379629629629626,0.027043578653728986,0.402197692885086,0.09736097468383426,0.11715863037104042,0.0,0.9999999987499999,0.6271541256580757,0.3316629433106337,0.27288815784216525,0.39951839160611013,fearful,06,24,24,female,strong,2801
30,1.0010000000000001,True,1.0,0.689163008386666,0.7268570033067562,0.7080100058467111,0.9538428573536137,-0.08916666666666662,-0.0794907407407408,0.37279378345924424,0.2311590863935066,0.22641618456171886,0.7422711198058842,0.03769399492009018,0.00967592592592581,0.017229060726888852,0.3067179425429422,0.09632310782400597,0.11881785513289854,0.0,0.9999999987499999,0.6195300117156238,0.3371738478205072,0.274151223940651,0.4006870121938635,fearful,06,24,24,female,strong,2801
40,1.3346666666666667,True,1.0,0.6362272422852135,0.629538591991104,0.6328829171381587,0.8193131820623912,-0.07527777777777783,-0.06699074074074074,0.4311704610807253,0.08823042361443137,0.225005425281814,0.7724554309562717,0.006688650294109588,0.008287037037037093,0.006837259485020141,0.35512778013393625,0.09747693072095374,0.11851787867916547,0.0,0.9999999987499999,0.6107253091236494,0.34088188174980927,0.28265946459178737,0.41433168794299874,fearful,06,24,24,female,strong,2801
50,1.6683333333333334,True,1.0,0.5755282104422378,0.554456556559766,0.5649923835010019,0.7516876857431979,-0.06949074074074063,-0.0589351851851852,0.445852608999218,0.043127787718467626,0.2159725754800724,0.7516318202584238,0.021071653882471786,0.01055555555555543,0.014120535832532706,0.37029104375445565,0.09659450958173296,0.11875785643581781,0.0,0.9999999987499999,0.610772372003489,0.3395780611433579,0.28274607879043423,0.40902424124541115,fearful,06,24,24,female,strong,2801
60,2.0020000000000002,True,1.0,0.7453495828451367,0.6975341129454893,0.7214418478953131,0.3349351532364688,-0.07416666666666666,-0.06060185185185185,0.3828434091606982,-0.03639511219532035,0.22083333333333333,2.153974705025857,0.04781546989964747,0.013564814814814807,0.02125852624820305,0.7334763309988218,0.09654251279771178,0.11815690914729364,0.0,0.9999999987499999,0.6090807582173495,0.3381978466031341,0.2754452359393333,0.3898344435873294,fearful,06,24,24,female,strong,2801
70,2.3356666666666666,True,1.0,0.6535861250373317,0.6946992990189518,0.6741427120281418,0.8100775953203553,-0.06712962962962954,-0.058796296296296235,0.3543081420795305,0.19471879908906278,0.2201444339688936,0.8321952315710492,0.041113173981620066,0.008333333333333304,0.023280088053633956,0.3898748118282342,0.09620045821892721,0.11875685954965885,0.0,0.9999999987499999,0.6159557705504076,0.3364256690066695,0.28221903947565674,0.3984147423201834,fearful,06,24,24,female,strong,2801
80,2.6693333333333333,True,1.0,0.6459962179436307,0.6515124362292709,0.6487543270864509,0.7533699183190198,-0.065925925925926,-0.05675925925925929,0.4399064168509265,-0.06785471093478025,0.21805695508330955,0.8611364899384413,0.005516218285640195,0.009166666666666712,0.022381605347627582,0.36073938472925565,0.09593555897165412,0.11881070839333861,0.0,0.9999999987499999,0.6241703058567176,0.3309863117682172,0.29422245877412795,0.4051077858593453,fearful,06,24,24,female,strong,2801
90,3.003,True,1.0,0.5205033643220105,0.5487436001242583,0.5346234822231344,0.646619961454815,-0.05768518518518517,-0.04935185185185176,0.42606335077315516,-0.11802206261491502,0.22708635707323632,0.8267970586931737,0.02824023580224777,0.008333333333333415,0.060246535960326295,0.4214806309330244,0.10568542737246577,0.11999308001306347,0.0,0.9999999987499999,0.5459133229151035,0.31574095643792827,0.2859382182772265,0.36357976607019704,fearful,06,24,24,female,strong,2801
100,3.336666666666667,True,1.0,0.5540637510421061,0.5632401672555608,0.5586519591488335,0.7273801875630641,-0.05856481481481479,-0.05037037037037029,0.45101309657688826,-0.017885637639989693,0.22783437713149945,0.768032960892818,0.009176416213454663,0.008194444444444504,0.02322439678216102,0.3978526996006796,0.10935417751005518,0.11924376642602755,0.0,0.9999999987499999,0.5567519825586483,0.3134569458991422,0.2989605362871872,0.37934967594046326,fearful,06,24,24,female,strong,2801
110,3.6703333333333332,True,1.0,0.6390796481065211,0.6823752219725854,0.6607274350395532,0.6081414338414904,-0.06680555555555556,-0.05615740740740738,0.43653669038681925,-0.054677396180197825,0.23131465523516345,1.0864700187683136,0.04329557386606431,0.010648148148148184,0.0488863121261478,0.45352341828274517,0.09513218837014943,0.11913553099274533,0.0,0.9999999987499999,0.6140757632349816,0.3311842808291448,0.28085393984472834,0.38810267528777276,fearful,06,24,24,female,strong,2801
0,0.0,True,1.0,0.5774323435299618,0.6360328373998515,0.6067325904649066,0.4876051250364214,-0.08115740740740734,-0.07097222222222238,0.35874871488152005,0.1770795805675893,0.21612795291532877,1.2443113480802463,0.05860049386988975,0.010185185185184964,0.04513296576089223,0.5625805783357595,0.09589686663170768,0.11755243635789937,0.0,0.9999999987499999,0.6513239103375725,0.3144671850405327,0.2757136581245422,0.3972552119814954,disgust,07,24,24,female,normal,2802
10,0.33366666666666667,True,1.0,0.5825836953072328,0.6257462604064677,0.6041649778568503,0.5039149755993598,-0.08231481481481479,-0.07152777777777791,0.34654116639721927,0.1831354211255989,0.21753092920897316,1.198942296045583,0.043162565099234995,0.010787037037036873,0.04674392258265583,0.5459784745404936,0.09705550282621395,0.11708682905228979,0.0,0.9999999987499999,0.6524973999912466,0.3141465297944487,0.2772680742937923,0.39526361003946453,disgust,07,24,24,female,normal,2802
20,0.6673333333333333,True,1.0,0.5900266974997302,0.6064606631769716,0.5982436803383508,0.5692674122133068,-0.08212962962962972,-0.07337962962962968,0.3722698233174906,0.19195700644529579,0.21679374684930391,1.0509009781754142,0.016433965677241313,0.008750000000000036,0.037353214934092376,0.4942810023084749,0.09816312656925794,0.11762666481954791,0.0,0.9999999987499999,0.6525589382549895,0.3135569864033958,0.28424857613390725,0.39585137760122363,disgust,07,24,24,female,normal,2802
30,1.0010000000000001,True,1.0,0.33333333333333354,0.3214558996700848,0.3273946165017092,1.2296712995501855,-0.08240740740740737,-0.0741203703703705,0.32937671832254056,0.4043199893225544,0.20771089380572896,0.2662456354161233,0.011877433663248727,0.00828703703703687,0.035078286211749146,0.2676265019768493,0.09683674434603166,0.11710523969268392,0.0,0.9999999987499999,0.6546798119325855,0.3138964224045616,0.28727415007737905,0.4014007129647039,disgust,07,24,24,female,normal,2802
40,1.3346666666666667,True,1.0,0.139017598446878,0.14305038408314596,0.14103399126501198,1.072674164934307,-0.09578703703703706,-0.08787037037037032,0.3329657499367174,0.4162029484180941,0.20905734022477335,0.1314788738979737,0.004032785636267966,0.007916666666666738,0.024363885221200657,0.27741487348282934,0.09692169136454207,0.11768429696416233,0.0,0.9999999987499999,0.6572453169939851,0.3130640433432938,0.27643794536127125,0.3856281476461786,disgust,07,24,24,female,normal,2802
50,1.6683333333333334,True,1.0,0.1944491497477947,0.20304059873730418,0.19874487424254944,1.0263360444646643,-0.09999999999999998,-0.09407407407407403,0.32965630674614604,0.38282437667528396,0.21461213051359673,0.19364503011897485,0.008591448989509476,0.005925925925925946,0.0007459807863083134,0.26831634747404837,0.09676549367742757,0.11716412186430814,0.0,0.9999999987499999,0.6535604669758528,0.31468697535064677,0.2735619903031289,0.38693530525777853,disgust,07,24,24,female,normal,2802
60,2.0020000000000002,True,1.0,0.30118157300163506,0.30162895394933253,0.3014052634754838,2.3350647892219825,-0.08930555555555547,-0.09606481481481483,0.25739414365386726,1.0004266713005776,0.2091098853667772,0.12907790176387726,0.0004473809476974733,0.006759259259259354,0.01416442223986839,0.13673030002089415,0.10839707820754038,0.11640916894277706,0.0,0.9999999987499999,0.6029504726656286,0.29108053724662813,0.2784756932372182,0.3358636446410198,disgust,07,24,24,female,normal,2802
70,2.3356666666666666,True,1.0,0.5627160087533667,0.4961892390448164,0.5294526238990915,1.1340713071524569,-0.06412037037037044,-0.07166666666666666,0.33973877500896255,0.387644765220325,0.21329784115730266,0.46686008239507953,0.06652676970855032,0.007546296296296218,0.04599105940996852,0.2814040389964706,0.10691455565399632,0.11825654658187086,0.0,0.9999999987499999,0.6039138697744724,0.288494092603506,0.29854957513871283,0.3522344538117448,disgust,07,24,24,female,normal,2802
80,2.6693333333333333,True,1.0,0.5684212545370352,0.5290194001173985,0.5487203273272168,0.9038961496607251,-0.07069444444444434,-0.08060185185185181,0.36657755855875335,0.4071401759330957,0.211181932137033,0.6070612509337244,0.03940185441963673,0.009907407407407476,0.03971153550156996,0.3484399584878612,0.09563924797423021,0.11776212706437829,0.0,0.9999999987499999,0.6530666059001725,0.3124455048546781,0.2886990035676225,0.39216603761221436,disgust,07,24,24,female,normal,2802
90,3.003,True,1.0,0.6442059227000252,0.6094030673505402,0.6268044950252827,1.082979771421487,-0.07310185185185186,-0.07888888888888884,0.2997646407152622,0.4878044616453205,0.213940247373825,0.5787776573172347,0.03480285534948502,0.0057870370370369795,0.04609868734908809,0.30925279653604154,0.0970759144543345,0.11690705304671564,0.0,0.9999999987499999,0.6472014861804096,0.30706799053746237,0.2931475762903514,0.3842494664676716,disgust,07,24,24,female,normal,2802
100,3.336666666666667,True,1.0,0.2837709646601522,0.25148324275443124,0.2676271037072917,0.7670635600218431,-0.07180555555555557,-0.07990740740740737,0.3454840377939482,0.33548475707862263,0.21196434753034094,0.34889821085969813,0.03228772190572099,0.008101851851851805,0.06650193168922221,0.4061623121709826,0.09728770158092409,0.1185126101430918,0.0,0.9999999987499999,0.6405627948054222,0.3108277708678554,0.2884770807922673,0.3790159961750113,disgust,07,24,24,female,normal,2802
110,3.6703333333333332,True,1.0,0.6327683615819193,0.5889690891392562,0.6108687253605878,0.7257981917948932,-0.060555555555555585,-0.06555555555555559,0.3589019188542751,0.3248215332103607,0.20487042134711556,0.8416509330919029,0.04379927244266313,0.0050000000000000044,0.04640241771335229,0.4243088350155063,0.09853142461386309,0.11812751498078236,0.0,0.9999999987499999,0.6446568453709609,0.30884662889948383,0.29317575253833755,0.38921338171009107,disgust,07,24,24,female,normal,2802
120,4.0040000000000004,True,1.0,0.602228542420129,0.606494074385112,0.6043613084026205,0.665707123352892,-0.06652777777777769,-0.06754629629629633,0.361748095188954,0.28098854576652715,0.2111721775899551,0.9078486427465311,0.004265531964983027,0.0010185185185186407,0.008534090219842883,0.48936886135657937,0.09565555423885858,0.11887609894207324,0.0,0.9999999987499999,0.6451391809067377,0.3142286998881169,0.287277106287109,0.3891791172852684,disgust,07,24,24,female,normal,2802
0,0.0,True,1.0,0.5711492793821634,0.5916510844204503,0.5814001819013068,0.501154874566432,-0.08837962962962959,-0.08111111111111108,0.3438328709488231,0.22750041588723438,0.21808389424206137,1.1601207758465844,0.020501805038286913,0.0072685185185185075,0.03275138338743587,0.5625805783357609,0.09834049238432399,0.11747842036693003,0.0,0.9999999987499999,0.6506824852753601,0.31096780517973344,0.27597924623261477,0.39648924862165624,disgust,07,24,24,female,normal,2803
10,0.33366666666666667,True,1.0,0.612468314984218,0.6287897382707903,0.6206290266275042,0.42669850776204454,-0.08745370370370376,-0.08296296296296296,0.3683588005261037,0.16353901674215365,0.22291700891961655,1.4544907360529327,0.016321423286572267,0.004490740740740795,0.012322261486074747,0.6008196090361774,0.0997647163460028,0.11838236517567619,0.0,0.9999999987499999,0.6446822782628676,0.31236230145932903,0.28173754529212147,0.3951198708155862,disgust,07,24,24,female,normal,2803
20,0.6673333333333333,True,1.0,0.6166647354034982,0.6180731555636966,0.6173689454835973,0.8265107212475648,-0.08499999999999996,-0.07930555555555557,0.34313252879668454,0.24951267056530269,0.22569579660385555,0.746958181681804,0.001408420160198376,0.005694444444444391,0.008913965118677534,0.3714622641509423,0.09831783936483694,0.11878748139947602,0.0,0.9999999987499999,0.6243209222204507,0.3291186717968186,0.2781873549342286,0.3995306619853542,disgust,07,24,24,female,normal,2803
30,1.0010000000000001,True,1.0,0.24880702384593373,0.24355267213890874,0.24617984799242124,1.0112698554765394,-0.08499999999999996,-0.0891203703703704,0.32692043120006825,0.24441071771523284,0.21122816978596962,0.24343635544877804,0.0052543517070249846,0.004120370370370441,0.02861779689536924,0.2940248535384133,0.09332430032905012,0.1194456166789746,0.0,0.9999999987499999,0.660371645455057,0.31339257816640936,0.27879336197532656,0.3988280138746398,disgust,07,24,24,female,normal,2803
40,1.3346666666666667,True,1.0,0.4905729447049112,0.4417541608864651,0.4661635527956881,0.966321095045524,-0.07759259259259266,-0.07976851851851857,0.31650586321447444,0.42331005045103415,0.2099145766448052,0.48241061401409935,0.04881878381844612,0.0021759259259259145,0.019651919942855197,0.3230997107989947,0.09611702060968204,0.11639449723974209,0.0,0.9999999987499999,0.6676451168592437,0.30850533340640957,0.2793636583870735,0.39566339912529824,disgust,07,24,24,female,normal,2803
50,1.6683333333333334,True,1.0,0.5391127113369009,0.528641045213754,0.5338768782753274,1.2680059111273938,-0.08037037037037031,-0.07597222222222222,0.2964037668342738,0.7336083062843017,0.2222802361949851,0.42103658475902006,0.010471666123146872,0.0043981481481480955,0.004143018960085922,0.27357868079943903,0.09624616445372995,0.11839842813422119,0.0,0.9999999987499999,0.6440695827940551,0.32512456621530067,0.2775414424558182,0.40148707174510634,disgust,07,24,24,female,normal,2803
60,2.0020000000000002,True,1.0,0.34610463966807,0.3110126233955257,0.3285586315317979,2.4038680282472136,-0.09726851851851859,-0.0958796296296297,0.3036130308359217,1.0817318814523988,0.20557930840615526,0.13667914697104533,0.03509201627254427,0.001388888888888884,0.0012227485474439889,0.1293616006812035,0.09570987289128909,0.11867193535177521,0.0,0.9999999987499999,0.6685296847723464,0.30007691000863473,0.2714121823233462,0.3716606602251353,disgust,07,24,24,female,normal,2803
70,2.3356666666666666,True,1.0,0.13738567929481885,0.12680723580036168,0.13209645754759025,0.5923912059445469,-0.10032407407407407,-0.09638888888888886,0.3637906705938765,0.2961663203965087,0.21321197890506982,0.22298855253424485,0.010578443494457163,0.003935185185185208,0.005861665517066867,0.49213884121636403,0.09734928515340419,0.11586021388584512,0.0,0.9999999987499999,0.6693633526535615,0.3005600441672788,0.27141625798326663,0.37085511543554356,disgust,07,24,24,female,normal,2803
80,2.6693333333333333,True,1.0,0.18353693798201318,0.1703827929422312,0.17695986546212217,0.7956531605421813,-0.09763888888888889,-0.09583333333333327,0.31631038822946095,0.4824705335202586,0.20359367301714426,0.22240829828607298,0.01315414503978199,0.0018055555555556158,0.009645293995002243,0.4091338469905449,0.09600450105979173,0.1173022427431464,0.0,0.9999999987499999,0.671215357353879,0.3012469119408395,0.2621070427053071,0.35992366942819654,disgust,07,24,24,female,normal,2803
90,3.003,True,1.0,0.5298885535606804,0.5356701301791847,0.5327793418699326,1.4470626143989234,-0.0869907407407407,-0.07967592592592593,0.3298548908448617,0.5178874292616671,0.2202068064974311,0.3681798814844214,0.005781576618504314,0.007314814814814774,0.022226683529694508,0.2431187018313785,0.09420411048174547,0.1173001722789803,0.0,0.9999999987499999,0.6449983937637556,0.31674848697010216,0.27574495585475306,0.3873055256413075,disgust,07,24,24,female,normal,2803
100,3.336666666666667,True,1.0,0.5346662989611165,0.5820053697910565,0.5583358343760865,0.5034823423786826,-0.08476851851851847,-0.07564814814814813,0.3563565118157162,0.1554021476725208,0.22431780004526816,1.1089481941675465,0.047339070829940044,0.009120370370370334,0.03710840039915247,0.5787273998714023,0.0977771602945423,0.11615728645341708,0.0,0.9999999987499999,0.6532191164981618,0.3083804134612218,0.2729395616705994,0.38611053006490625,disgust,07,24,24,female,normal,2803
110,3.6703333333333332,True,1.0,0.5998674184636446,0.6268135708015364,0.6133404946325904,0.4620255226034587,-0.08166666666666672,-0.07138888888888884,0.36426366153068707,0.14429383250879968,0.2271105455431746,1.3275034919640152,0.026946152337891882,0.010277777777777886,0.04347825265947264,0.6148545239469716,0.09740008298346924,0.1179366254993469,0.0,0.9999999987499999,0.6484813307432348,0.3126477821205469,0.28321387190049907,0.39316394117297165,disgust,07,24,24,female,normal,2803
120,4.0040000000000004,True,1.0,0.6015196270565492,0.6090001855940915,0.6052599063253203,0.5056578546392622,-0.08398148148148138,-0.07430555555555551,0.3640600989153097,0.16605896280259053,0.22432222150230025,1.1969751893938532,0.00748055853754237,0.009675925925925866,0.03534711493613533,0.5789774544631197,0.0984784865032191,0.11671162581425343,0.0,0.9999999987499999,0.6517638467808998,0.30979007769520234,0.27957231928209386,0.3949518069547183,disgust,07,24,24,female,normal,2803
0,0.0,True,1.0,0.6166943730795799,0.671449933467151,0.6440721532733654,0.4581328529809418,-0.08250000000000002,-0.07277777777777772,0.3551486976821097,0.17707958056758938,0.22095801714268423,1.4058632754288822,0.05475556038757112,0.009722222222222299,0.03648491567587101,0.6193826981327721,0.09772179299700601,0.11815492717115764,0.0,0.9999999987499999,0.65592598024366,0.3116530028675028,0.27809325755510206,0.3945563516647509,disgust,07,24,24,female,normal,2804
10,0.33366666666666667,True,1.0,0.6401748484519042,0.6749315301837812,0.6575531893178427,0.4773921774693745,-0.08374999999999999,-0.07550925925925922,0.345864096366169,0.18622256459571,0.22440383275130804,1.3773857644745882,0.03475668173187696,0.00824074074074077,0.04054024523252381,0.5801132034496185,0.09844865287979866,0.11771194644393339,0.0,0.9999999987499999,0.651210498027336,0.3113186054241887,0.279779429097688,0.3943510386414633,disgust,07,24,24,female,normal,2804
20,0.6673333333333333,True,1.0,0.41471155685248484,0.40696291947990393,0.4108372381661944,0.6588086991880606,-0.08532407407407416,-0.07726851851851851,0.3580396853974755,0.20489868557651444,0.2215859735648358,0.6236062739798744,0.007748637372580913,0.008055555555555649,0.028404984135776478,0.45204821800041745,0.09908364182195123,0.11814946126802267,0.0,0.9999999987499999,0.6453231270789566,0.3148708845728066,0.2775872321407817,0.38712149792813455,disgust,07,24,24,female,normal,2804
30,1.0010000000000001,True,1.0,0.11136549664337993,0.09316033864514263,0.10226291764426128,1.0225272899452627,-0.092175925925926,-0.08476851851851858,0.3355582966822253,0.40113030158700724,0.2138945959961903,0.10000996418368018,0.018205157998237298,0.007407407407407418,0.018946169342342216,0.32883384104915564,0.097831222267016,0.11886844547176825,0.0,0.9999999987499999,0.6471312031062425,0.31592936972963476,0.27941267221186944,0.3936179686234599,disgust,07,24,24,female,normal,2804
40,1.3346666666666667,True,1.0,0.5777412991798467,0.5611867480602376,0.5694640236200421,1.0894987132467076,-0.0721296296296296,-0.06685185185185188,0.3495801212782003,0.3480343111760316,0.21324597018050614,0.5226844389040521,0.01655455111960913,0.005277777777777715,0.0016740492578415436,0.31373213883545886,0.09664630390570066,0.11951543592991316,0.0,0.9999999987499999,0.64407035967512,0.3193738288915006,0.28223887705688566,0.40347188516998755,disgust,07,24,24,female,normal,2804
50,1.6683333333333334,True,1.0,0.1338006094910342,0.15575696163252462,0.14477878556177942,0.7933115833754276,-0.08624999999999994,-0.08124999999999988,0.400367633097682,0.1641025641025646,0.20854416415420923,0.18249927089904114,0.021956352141490415,0.00500000000000006,0.029347583136213502,0.37855431627332736,0.09538380192841116,0.1158506078348789,0.0,0.9999999987499999,0.6405968361407063,0.3219697651060943,0.27996281555266556,0.3881290840042793,disgust,07,24,24,female,normal,2804
60,2.0020000000000002,True,1.0,0.6391354369875861,0.6460913797394081,0.6426134083634971,0.7972503075880256,-0.06625000000000003,-0.05962962962962959,0.42129758454668764,0.16715850766436735,0.20329220344804047,0.8060372034319286,0.006955942751821986,0.006620370370370443,0.009984698027154593,0.3301640910592499,0.09572804266477596,0.11523613564592344,0.0,0.9999999987499999,0.6343403519298344,0.3242817401603035,0.28490266063512126,0.4007537963857012,disgust,07,24,24,female,normal,2804
70,2.3356666666666666,True,1.0,0.2608055324491701,0.2339067363117718,0.24735613438047094,0.7550828857822202,-0.06810185185185197,-0.05986111111111109,0.4187258306233224,0.13435473545322757,0.2078871270499327,0.32758805561355686,0.02689879613739829,0.008240740740740882,0.011494010961280532,0.4154502169113637,0.09589511697413783,0.1201189994341484,0.0,0.9999999987499999,0.6072685997758478,0.3364320953458763,0.2600910927264128,0.37908684871918186,disgust,07,24,24,female,normal,2804
80,2.6693333333333333,True,1.0,0.11667153945113501,0.08454420358780489,0.10060787151946995,0.6957639320434236,-0.0755555555555556,-0.06634259259259262,0.38041470066901195,0.12779337527328147,0.20974004696401638,0.14460058489089786,0.03212733586333012,0.009212962962962978,0.0021543194474625458,0.447704081632653,0.09743316343866551,0.1193546730944799,0.0,0.9999999987499999,0.6125153240671268,0.3346620314263162,0.2629658483999672,0.3764549803006413,disgust,07,24,24,female,normal,2804
90,3.003,True,1.0,0.5361160552515417,0.47386611263441325,0.5049910839429774,0.6887354827999036,-0.06578703703703698,-0.05328703703703702,0.3774402120289133,0.14743082804014776,0.2058893283327613,0.7332148503370939,0.06224994261712846,0.012499999999999956,0.023927816272839762,0.4262523968266364,0.09748586042885124,0.11883162247971664,0.0,0.9999999987499999,0.6460655493681848,0.3183607160210778,0.27803217129609953,0.384533764170089,disgust,07,24,24,female,normal,2804
100,3.336666666666667,True,1.0,0.5673447550257789,0.5538553684019148,0.5606000617138469,0.7050706692776872,-0.07078703703703704,-0.05833333333333335,0.3790288254034941,0.19325517063098083,0.2056089956106082,0.7950976918216668,0.013489386623864008,0.012453703703703689,0.04950484413627163,0.4312756698004496,0.09766580634140352,0.11884419086851837,0.0,0.9999999987499999,0.6491010302792992,0.31432417118359574,0.28266410430679734,0.3920666833374293,disgust,07,24,24,female,normal,2804
110,3.6703333333333332,True,1.0,0.5232012587574613,0.5474412815661595,0.5353212701618104,0.6287664089112945,-0.07467592592592592,-0.06421296296296297,0.38095601021506587,0.1432552543973715,0.21250143611647077,0.8513833795426765,0.02424002280869819,0.010462962962962952,0.027943986499318455,0.47798740076061813,0.0981816408841456,0.1176112115732222,0.0,0.9999999987499999,0.6450658201014782,0.31566719553837835,0.2845608312324659,0.39029614000128965,disgust,07,24,24,female,normal,2804
0,0.0,True,1.0,0.6312766789024972,0.653345490903806,0.6423110849031516,0.4593599838460669,-0.0816203703703704,-0.07416666666666671,0.3607928223140875,0.1925081082577311,0.2118664218740505,1.3982739191282978,0.022068812001308835,0.007453703703703685,0.030347500848778183,0.6165296365346115,0.0957538478949544,0.1173446932831171,0.0,0.9999999987499999,0.6574090974905588,0.31657768793302876,0.27251269362900205,0.3988353698185051,disgust,07,24,24,female,normal,2805
10,0.33366666666666667,True,1.0,0.6269669175313077,0.6285032909642344,0.627735104247771,0.43718889320285775,-0.08148148148148138,-0.07523148148148145,0.36607251634969196,0.18213002660411345,0.21534722852059354,1.4358441259771413,0.0015363734329266743,0.006249999999999922,0.027995418417980013,0.6382586808173785,0.09565937455387756,0.11935287117902597,0.0,0.9999999987499999,0.6570538538618573,0.31565855367758017,0.27266519939305395,0.39748341534576015,disgust,07,24,24,female,normal,2805
20,0.6673333333333333,True,1.0,0.5118849604070925,0.5225965240812223,0.5172407422441574,0.45822316276543434,-0.08462962962962955,-0.07726851851851857,0.3818214311640277,0.18048593706229688,0.21534722852059357,1.128796587065884,0.010711563674129732,0.007361111111110985,0.01901674816432676,0.5802528604862293,0.09725240533979959,0.11821969972192128,0.0,0.9999999987499999,0.6524586961503351,0.3152686048822259,0.2709951401634773,0.38878078780412645,disgust,07,24,24,female,normal,2805
30,1.0010000000000001,True,1.0,0.43372127748222933,0.37944457696368783,0.4065829272229586,1.4781523096129847,-0.08337962962962964,-0.07606481481481475,0.26726345860052575,0.5792759051186018,0.22710483460899233,0.2750615918121534,0.0542767005185415,0.007314814814814885,0.002559324878453738,0.23564189189189208,0.0962667497417424,0.11822064499521547,0.0,0.9999999987499999,0.6497474927470989,0.3185535899905411,0.28211857093758635,0.38821198773220555,disgust,07,24,24,female,normal,2805
40,1.3346666666666667,True,1.0,0.36548322572381714,0.33640448916622423,0.35094385744502066,0.8458034881635511,-0.06712962962962965,-0.0633333333333333,0.37863086769387105,0.1903057848367985,0.2173625151101709,0.41492363457498466,0.02907873655759291,0.003796296296296353,0.00589926951983884,0.3468750000000006,0.09479858573776866,0.12082868731556391,0.0,0.9999999987499999,0.6412561282481744,0.3209680669287116,0.2884865954090068,0.39600427630371765,disgust,07,24,24,female,normal,2805
50,1.6683333333333334,True,1.0,0.4828109561850297,0.5062535876286802,0.494532271906855,0.8031849006412713,-0.07699074074074075,-0.07004629629629627,0.3585676687515982,0.2954448752784685,0.212801730293754,0.6157141045754411,0.023442631443650497,0.006944444444444475,0.006857598474064789,0.3713786092701204,0.09204224577820729,0.11803959570802,0.0,0.9999999987499999,0.6488780370898359,0.3152487828698104,0.27490268363200016,0.38848345206212365,disgust,07,24,24,female,normal,2805
60,2.0020000000000002,True,1.0,0.6983987754192852,0.6466842969951802,0.6725415362072327,0.9092537742469988,-0.07078703703703709,-0.06370370370370365,0.396265123538837,0.2823274647492399,0.22251076932453928,0.7396631779331352,0.05171447842410504,0.007083333333333441,0.018436097077983448,0.3438136816991355,0.09502693929610825,0.11969795595376184,0.0,0.9999999987499999,0.6405866796015283,0.32010735473879576,0.2957433091025028,0.4025818892320251,disgust,07,24,24,female,normal,2805
70,2.3356666666666666,True,1.0,0.4610274499532621,0.4674304406159406,0.46422894528460135,0.7355924557965745,-0.07624999999999998,-0.06930555555555551,0.36735811958413206,0.23538958585490424,0.21423140235038862,0.6310953050516089,0.006402990662678465,0.006944444444444475,0.007176574473159682,0.3845858161711115,0.09207917146527715,0.11784924012211997,0.0,0.9999999987499999,0.6437024287214885,0.3136256057555906,0.2825561386638678,0.38735184505586107,disgust,07,24,24,female,normal,2805
80,2.6693333333333333,True,1.0,0.30098124761821604,0.3081126716972491,0.3045469596577326,0.7003744855369812,-0.07199074074074074,-0.06513888888888897,0.3413945895273185,0.23078636990667623,0.22441573191211198,0.43483445777473556,0.007131424079033055,0.006851851851851776,0.002198080820778099,0.4751515208187165,0.09653917859333619,0.11928296854985206,0.0,0.9999999987499999,0.6125348443674344,0.32951289802943917,0.28372716598079695,0.393282028509731,disgust,07,24,24,female,normal,2805
90,3.003,True,1.0,0.29294175970363107,0.2760184516478997,0.28448010567576537,0.5093513279530538,-0.06787037037037036,-0.06976851851851851,0.3482787234550972,0.13453403037037923,0.21452191189477812,0.5585145067138914,0.01692330805573139,0.0018981481481481488,0.01320920167578709,0.5518330379578337,0.10407796325334631,0.1169128557664216,0.0,0.9999999987499999,0.6216741376628777,0.29159890462037774,0.2776298071202324,0.349353613021774,disgust,07,24,24,female,normal,2805
100,3.336666666666667,True,1.0,0.5744038063256234,0.5303739381730398,0.5523888722493315,0.5101562289806042,-0.06662037037037027,-0.062407407407407356,0.3803350881000163,0.1722704647072345,0.2146753908591156,1.0827837451933435,0.044029868152583584,0.004212962962962918,0.013840142521826084,0.5497061154343768,0.09545886658665492,0.11774669917433857,0.0,0.9999999987499999,0.6455259289418893,0.3095186213637393,0.2892605376539496,0.3881205562310807,disgust,07,24,24,female,normal,2805
110,3.6703333333333332,True,1.0,0.5798564315082377,0.5584549626331069,0.5691556970706724,0.5052783678854631,-0.06953703703703712,-0.06375000000000003,0.39542020346510226,0.1329097584911353,0.218291948368932,1.1264200750420588,0.021401468875130836,0.0057870370370370905,0.019333394032963466,0.5647095085850335,0.09753106879014733,0.11782832605131292,0.0,0.9999999987499999,0.6447772841558498,0.3097792050036903,0.29147624036995795,0.3917365227728171,disgust,07,24,24,female,normal,2805
120,4.0040000000000004,True,1.0,0.5547224151609299,0.5377437904077293,0.5462331027843297,0.4911382224524112,-0.06847222222222221,-0.0641666666666667,0.4073635222388883,0.1486176542397473,0.21474007125874311,1.1121779527905853,0.016978624753200555,0.004305555555555507,0.017658798105968525,0.5778388064531663,0.09779146289811169,0.11696254867929112,0.0,0.9999999987499999,0.6468849137233018,0.3090064510459069,0.29001516242498293,0.39452856059404107,disgust,07,24,24,female,normal,2805
0,0.0,True,1.0,0.599213765321795,0.662138986591697,0.630676375956746,0.4742836431790853,-0.08166666666666672,-0.07597222222222222,0.3528908093850052,0.21415736062884624,0.21533766265670737,1.329745153616036,0.06292522126990197,0.005694444444444502,0.02873635931307734,0.5995599036652083,0.09435751168594775,0.11814833270748684,0.0,0.9999999987499999,0.6586846911420817,0.31574198493862815,0.27120515619762237,0.39757704773247526,disgust,07,24,24,female,strong,2806
10,0.33366666666666667,True,1.0,0.6034179607198338,0.6180034392439013,0.6107106999818676,0.473070865363961,-0.08421296296296293,-0.07592592592592595,0.36560285210191773,0.1994535508913411,0.21463452564928703,1.2909497174636029,0.014585478524067552,0.008287037037036982,0.024893730272448327,0.5656121415381301,0.09633812626954653,0.11735354148147911,0.0,0.9999999987499999,0.6573584312318678,0.316485293338115,0.27379596294843245,0.3958968784977231,disgust,07,24,24,female,strong,2806
20,0.6673333333333333,True,1.0,0.16255077957716732,0.14271203676282296,0.15263140816999515,0.8723589375789799,-0.0924537037037037,-0.08777777777777779,0.32883025126000176,0.3044854998558211,0.2111548350602788,0.17496399887136654,0.019838742814344362,0.004675925925925917,0.00953087472889596,0.3608287352701661,0.09663313948267126,0.11840505143436987,0.0,0.9999999987499999,0.6493380609587586,0.31802508916588124,0.26600885836906624,0.38325157888103784,disgust,07,24,24,female,strong,2806
30,1.0010000000000001,True,1.0,0.26053639846743215,0.25745415449168985,0.258995276479561,1.077944440895324,-0.08467592592592593,-0.08509259259259261,0.3249529763349068,0.3812980184010455,0.20632248962864547,0.24026774168847098,0.003082243975742305,0.0004166666666666763,0.008043517093925012,0.3031729317932953,0.09374275262902095,0.11895744095190043,0.0,0.9999999987499999,0.6507790376775711,0.3195569848143068,0.2633674753912698,0.38333816378081276,disgust,07,24,24,female,strong,2806
40,1.3346666666666667,True,1.0,0.1055920629675665,0.07033338969404665,0.08796272633080657,0.7157717257285144,-0.08120370370370378,-0.08115740740740751,0.3592634039382397,0.15211764764768798,0.2160075451475421,0.12289215006541067,0.03525867327351985,4.6296296296266526e-05,0.04817498857398349,0.42055723024300545,0.09756568114491641,0.11649862695189114,0.0,0.9999999987499999,0.6374055312906413,0.3228599646570776,0.2717823430068882,0.3889548492846761,disgust,07,24,24,female,strong,2806
50,1.6683333333333334,True,1.0,0.2673249878189353,0.22687348345901903,0.24709923563897718,1.821643851863344,-0.08513888888888882,-0.085324074074074,0.2408111365369878,0.786826558352576,0.2229385697962059,0.1356462929821444,0.04045150435991629,0.00018518518518517713,0.014742749988749977,0.20168914848588293,0.09425333417019957,0.11855330204717442,0.0,0.9999999987499999,0.6475825886292016,0.3232743008682737,0.27312443549666066,0.38628737443001687,disgust,07,24,24,female,strong,2806
60,2.0020000000000002,True,1.0,0.24190557310229144,0.22687348345902036,0.2343895282806559,2.5326638955611376,-0.08194444444444438,-0.08921296296296294,0.24874907420665632,1.058119622688925,0.20773293113758423,0.09254663782725284,0.015032089643271074,0.007268518518518563,0.016544359061710864,0.14078309515447046,0.09188117042085246,0.1199254564625842,0.0,0.9999999987499999,0.6521865547468988,0.3178830764583483,0.2637132086707583,0.37872603203902117,disgust,07,24,24,female,strong,2806
70,2.3356666666666666,True,1.0,0.2644500827267793,0.22193430943157713,0.2431921960791782,1.129289396232817,-0.07541666666666674,-0.07319444444444445,0.3437197198308573,0.2901557818154134,0.20978369299672175,0.21534975613021792,0.04251577329520215,0.002222222222222292,0.03106170545392128,0.28158413357282913,0.09436541791555914,0.11990279337047288,0.0,0.9999999987499999,0.6455298925038765,0.3185013417470716,0.27727644685256253,0.385922761661877,disgust,07,24,24,female,strong,2806
80,2.6693333333333333,True,1.0,0.40465142327536,0.44238537271749234,0.4235183979964262,0.9552787068184226,-0.06916666666666677,-0.05601851851851852,0.338564975679475,0.33962879103094706,0.19869752321601986,0.4433453765623687,0.03773394944213232,0.013148148148148242,0.0649878801469208,0.35276061367731,0.0938701534301996,0.11789125089768089,0.0,0.9999999987499999,0.6466151451361795,0.31641323865322374,0.27377063454909617,0.37749378842078196,disgust,07,24,24,female,strong,2806
90,3.003,True,1.0,0.4410472468643966,0.5201044343902794,0.48057584062733805,1.3774924992722055,-0.08046296296296296,-0.07347222222222216,0.250322262336739,0.6079644999292582,0.20355657074002792,0.34887728309319216,0.07905718752588281,0.006990740740740797,0.09016969399710686,0.19228058177767188,0.09112741506816908,0.11366482750740438,0.0,0.9999999987499999,0.644208719511242,0.3190418829039504,0.24724080229621573,0.35994326796343684,disgust,07,24,24,female,strong,2806
100,3.336666666666667,True,1.0,0.613871294109169,0.6432869829974687,0.6285791385533188,0.5074399726614963,-0.0635648148148148,-0.054490740740740784,0.34247902438305894,0.18233307275922203,0.20763925632428698,1.238726100461605,0.029415688888299707,0.009074074074074012,0.032415041844776636,0.5808295375268443,0.09377201343310113,0.11650676680857178,0.0,0.9999999987499999,0.6477416248452506,0.3165474217570077,0.2665593054298266,0.3754204746931061,disgust,07,24,24,female,strong,2806
110,3.6703333333333332,True,1.0,0.5046678185395124,0.43670422059269187,0.4706860195661021,0.5559282037108381,-0.06333333333333324,-0.05953703703703689,0.37092384525713784,0.09499935608203768,0.21875313892837198,0.8466669192609014,0.0679635979468205,0.003796296296296353,0.036898924974598575,0.5477893441183264,0.09368158611623187,0.12169677053823377,0.0,0.9999999987499999,0.609576548971151,0.3351831788473634,0.2684973201597163,0.38021616276663966,disgust,07,24,24,female,strong,2806
120,4.0040000000000004,True,1.0,0.5246468777793236,0.4540741594278098,0.4893605186035667,0.5888786383348703,-0.06018518518518512,-0.06421296296296297,0.3524052399227342,0.16928203426603525,0.20294363360366705,0.831004024848475,0.0705727183515138,0.004027777777777852,0.07762856099854148,0.4599482752577542,0.09652090347868574,0.11881768781850331,0.0,0.9999999987499999,0.633356067903724,0.31349681025575576,0.2782090443181227,0.37500910057758174,disgust,07,24,24,female,strong,2806
0,0.0,True,1.0,0.6511018465977482,0.6509234167443241,0.6510126316710361,0.645738458498743,-0.07958333333333328,-0.07185185185185183,0.34444982790746403,0.22285358388802995,0.21609971078213078,1.0081676615398667,0.00017842985342408912,0.00773148148148145,0.045953078678469,0.4424464614783179,0.09596240150042301,0.11749894391803972,0.0,0.9999999987499999,0.6521863832095338,0.3185599640126097,0.2762534324314995,0.39272262165730737,disgust,07,24,24,female,strong,2807
10,0.33366666666666667,True,1.0,0.5735245607991928,0.6200013345311117,0.5967629476651523,0.9687294424912776,-0.07796296296296301,-0.06893518518518515,0.33020672903271103,0.31478174094413824,0.21325491435249727,0.6160264378157635,0.04647677373191894,0.009027777777777857,0.02821554408583045,0.31869398449584263,0.09746316834886203,0.11723625217683155,0.0,0.9999999987499999,0.6447322811546493,0.32072040214646524,0.2795207150108324,0.39650702227748014,disgust,07,24,24,female,strong,2807
20,0.6673333333333333,True,1.0,0.4753848164263329,0.5056522335633429,0.4905185249948379,1.2447312524655247,-0.07949074074074075,-0.06981481481481477,0.3287218791844267,0.33184434651891337,0.21114724725563055,0.39407584892179265,0.030267417137009978,0.009675925925925977,0.02324298724475109,0.2580528786128318,0.09885745605204525,0.11849966500120628,0.0,0.9999999987499999,0.6219602151251126,0.3315874323785904,0.2967199069662368,0.4076738462432051,disgust,07,24,24,female,strong,2807
30,1.0010000000000001,True,1.0,0.5004721255024036,0.46435641970316494,0.48241427260278424,1.3810678317914256,-0.06902777777777774,-0.061064814814814794,0.3445689921240529,0.4285714285714282,0.2132001701411734,0.34930527052898613,0.03611570579923867,0.00796296296296295,0.0017462054498266293,0.25885435065673645,0.10874535649972564,0.11738952337451197,0.0,0.9999999987499999,0.5853785866846739,0.30146727351072095,0.30949100810395486,0.3771240431422492,disgust,07,24,24,female,strong,2807
40,1.3346666666666667,True,1.0,0.2757325733488385,0.2641943724162767,0.2699634728825576,0.8908182092798704,-0.07032407407407415,-0.06745370370370374,0.34834666161189753,0.2341409929140771,0.21879219738090666,0.3030511389083455,0.011538200932561804,0.002870370370370412,0.015564975924303349,0.3859949571257365,0.11012904429265008,0.1170729261901608,0.0,0.9999999987499999,0.5576868328034338,0.3078376211124665,0.28533019444434404,0.33826689490082434,disgust,07,24,24,female,strong,2807
50,1.6683333333333334,True,1.0,0.1276088437780017,0.09865951876424024,0.11313418127112096,1.6921984324943435,-0.07740740740740748,-0.06916666666666665,0.2634866142788348,0.38169565892444957,0.21529053571627524,0.06685633262545829,0.02894932501376145,0.008240740740740826,0.005539169626554322,0.23318233545171607,0.0997102615462406,0.11906999011181706,0.0,0.9999999987499999,0.593860097718775,0.3340012971486235,0.27132475499985476,0.38168950285401243,disgust,07,24,24,female,strong,2807
60,2.0020000000000002,True,1.0,0.22646356179208935,0.21502616392017743,0.22074486285613337,1.9245337529570077,-0.07560185185185175,-0.06527777777777782,0.2582338759459015,0.6977878777349301,0.20278116394652987,0.11470043719262564,0.01143739787191192,0.01032407407407393,0.028022034402462738,0.18573294339656735,0.09868285267922396,0.11735344148780705,0.0,0.9999999987499999,0.6411389843593688,0.31734312821701477,0.2874455620221502,0.40099000587998396,disgust,07,24,24,female,strong,2807
70,2.3356666666666666,True,1.0,0.34468606424321796,0.34806085326350117,0.34637345875335956,1.058139997862107,-0.06124999999999997,-0.05319444444444432,0.33321470306977174,0.14879519027320978,0.20144343430390382,0.327341806805509,0.0033747890202832087,0.008055555555555649,0.02079045986788791,0.317933435204174,0.11066851942293299,0.11541329048097763,0.0,0.9999999987499999,0.5726923105335884,0.3002768672547677,0.29713402406584555,0.361126940958208,disgust,07,24,24,female,strong,2807
80,2.6693333333333333,True,1.0,0.4682782240706472,0.5373746455972154,0.5028264348339313,0.7535536650445281,-0.060416666666666674,-0.04916666666666669,0.3336098712256479,0.2510081269293043,0.2048644628448152,0.6672735574900546,0.0690964215265682,0.011249999999999982,0.05415511139557467,0.4128079910597461,0.09561692433588999,0.11565827590964778,0.0,0.9999999987499999,0.6127526146396058,0.3380367990219486,0.25483116330302874,0.36726895806354976,disgust,07,24,24,female,strong,2807
90,3.003,True,1.0,0.29912255877716865,0.31874413746871655,0.3089333481229426,0.7797918655103938,-0.07444444444444448,-0.06000000000000005,0.35835656076244826,0.2649783637653033,0.2104605348892679,0.39617410976804407,0.019621578691547903,0.014444444444444426,0.027482014764030966,0.41601313495106224,0.0948524293781818,0.11871819093980203,0.0,0.9999999987499999,0.6152171376831983,0.3370697231334936,0.2647458502066675,0.38155774244788837,disgust,07,24,24,female,strong,2807
100,3.336666666666667,True,1.0,0.41774917383096694,0.37175119200864665,0.3947501829198068,1.117674896404435,-0.06601851851851848,-0.06555555555555564,0.3314976291253623,0.3970382033297349,0.20495642791988505,0.3531887351051006,0.04599798182232029,0.0004629629629628318,0.03995023336496758,0.2926367146935475,0.10210334750181103,0.11686146193295788,0.0,0.9999999987499999,0.6212871448266807,0.29810894876090044,0.2773013059171748,0.34529474511737696,disgust,07,24,24,female,strong,2807
110,3.6703333333333332,True,1.0,0.15559090779066895,0.1265802479087219,0.14108557784969544,0.8253502492309047,-0.06851851851851853,-0.06865740740740744,0.3563673383596538,0.18733482849499294,0.21606263738000825,0.1709402498892619,0.029010659881947037,0.0001388888888889106,0.04966779456401852,0.3919333440065887,0.10452516103525103,0.11845917592253036,0.0,0.9999999987499999,0.6004751466602266,0.3053305860227874,0.28575281747949033,0.3529127099160266,disgust,07,24,24,female,strong,2807
120,4.0040000000000004,True,1.0,0.36285981253115684,0.3020420543355124,0.33245093343333465,0.6389699118370358,-0.06986111111111115,-0.06953703703703706,0.3238346694669097,-0.025153695301894628,0.21841354195342827,0.520292000099879,0.060817758195644445,0.0003240740740740877,0.06535865826907605,0.4606300850769385,0.09595218592714572,0.11620297224937964,0.0,0.9999999987499999,0.5953454696019034,0.3357119998879186,0.2794170125494771,0.37964288800359863,disgust,07,24,24,female,strong,2807
130,4.337666666666666,True,1.0,0.2860142069907512,0.25877286102735675,0.272393534009054,0.5111880272051262,-0.06643518518518521,-0.06907407407407407,0.3408069492016486,-0.10305782373347332,0.21893442281683487,0.5328636812922648,0.027241345963394448,0.0026388888888888573,0.07746727293569973,0.5757360234299743,0.10307287324582311,0.11763807688098861,0.0,0.9999999987499999,0.5789578577524759,0.3116013519088941,0.26723689435062803,0.34312305400394627,disgust,07,24,24,female,strong,2807
0,0.0,True,1.0,0.6319621428541986,0.6635030028797373,0.647732572866968,0.48212899156417993,-0.08217592592592599,-0.07412037037037039,0.35488135201695087,0.15817414009279915,0.22223904440044584,1.343483972547507,0.031540860025538686,0.008055555555555594,0.023535389710539062,0.5808295375268453,0.09455212747944654,0.11879723675171229,0.0,0.9999999987499999,0.6512991455722914,0.319634448588424,0.2769364165769278,0.4033848737726838,disgust,07,24,24,female,strong,2808
10,0.33366666666666667,True,1.0,0.573558175122529,0.6169376895648562,0.5952479323436926,0.6170724809264417,-0.08120370370370367,-0.07254629629629633,0.3571513890267997,0.2031824022562678,0.21740357807134272,0.9646321149340789,0.04337951444232713,0.008657407407407336,0.025621375289666543,0.4801829268292681,0.0951680005614174,0.11862608412645619,0.0,0.9999999987499999,0.6509525350530837,0.3186451732896408,0.2770409609006173,0.3962216523618539,disgust,07,24,24,female,strong,2808
20,0.6673333333333333,True,1.0,0.5294389400437298,0.5630955935403803,0.5462672667920551,0.8631423429338664,-0.07847222222222228,-0.06893518518518521,0.34019877684911104,0.31966500676863224,0.20486111111111105,0.632882016812272,0.03365665349665048,0.009537037037037066,0.0180579195710687,0.36643987084107654,0.09533420014475247,0.1175238816740073,0.0,0.9999999987499999,0.6362312571512981,0.32259678720174967,0.26691737182500486,0.38562391002815144,disgust,07,24,24,female,strong,2808
30,1.0010000000000001,True,1.0,0.24312442545402455,0.2261445201846023,0.23463447281931343,1.0596742498574727,-0.08337962962962958,-0.07606481481481481,0.31800287857134646,0.48710832453125846,0.206251479634844,0.2214213215531773,0.016979905269422252,0.007314814814814774,0.023812274967632777,0.3179496849286091,0.09475080585783983,0.1176713617443854,0.0,0.9999999987499999,0.6464389470710159,0.323372915814392,0.26989007193256453,0.3906561920722127,disgust,07,24,24,female,strong,2808
40,1.3346666666666667,True,1.0,0.1934571754966028,0.1946601562804083,0.19405866588850557,1.432645112109822,-0.09097222222222218,-0.08314814814814825,0.2842713605372307,0.5921599796720594,0.20763925632428698,0.13545480611225486,0.0012029807838055129,0.007824074074073928,0.010899430406310013,0.2474999999999999,0.09590994829282838,0.11915160770052007,0.0,0.9999999987499999,0.644454689446091,0.3212362209236833,0.2769031328684672,0.3904210805704292,disgust,07,24,24,female,strong,2808
50,1.6683333333333334,True,1.0,0.19768235968040854,0.20660328407491443,0.20214282187766147,1.0518684607704076,-0.07407407407407396,-0.07018518518518518,0.3657595181248074,0.25923081299416834,0.20903106270057495,0.19217500040794872,0.008920924394505897,0.003888888888888775,0.007024765299031601,0.29343514076862254,0.10812324250165561,0.1163364848779857,0.0,0.9999999987499999,0.6062010376650661,0.2918823304318809,0.3005987777322428,0.36498193973150067,disgust,07,24,24,female,strong,2808
60,2.0020000000000002,True,1.0,0.48426554301489644,0.48725908610645313,0.48576231456067476,1.087741358173597,-0.06074074074074076,-0.05472222222222223,0.4097787932207978,0.2652466094288527,0.20764476777723612,0.4465788773319309,0.002993543091556694,0.006018518518518534,0.0032265896550356618,0.30862367927432927,0.09781868565591807,0.11855780118167909,0.0,0.9999999987499999,0.6109235849652361,0.3365552360121007,0.2830659740819986,0.41798303513431695,disgust,07,24,24,female,strong,2808
70,2.3356666666666666,True,1.0,0.17694779346720485,0.11583606957256082,0.14639193151988283,1.398127470698297,-0.08287037037037032,-0.07532407407407404,0.3188348029373406,0.5727137637166174,0.20142676921641706,0.10470571145188011,0.06111172389464403,0.007546296296296273,0.0006937469076230687,0.24426759926697972,0.0959317443513603,0.11945347261428367,0.0,0.9999999987499999,0.6549484076912014,0.31332614668448827,0.2706531079525266,0.388997967793763,disgust,07,24,24,female,strong,2808
80,2.6693333333333333,True,1.0,0.23864668113359347,0.2540836488783803,0.24636516500598687,1.410088920978734,-0.0745370370370369,-0.07083333333333325,0.2635041045668529,0.5618239668917163,0.2097225860076062,0.1747160489956806,0.01543696774478684,0.0037037037037036535,0.00899106715406579,0.2363423733218419,0.09568455686458631,0.11965156610751207,0.0,0.9999999987499999,0.6239951010326006,0.3318484546615615,0.2544824030940889,0.3694253657699851,disgust,07,24,24,female,strong,2808
90,3.003,True,1.0,0.31626510727185575,0.27594262876511527,0.29610386801848554,0.9627000327070301,-0.08097222222222228,-0.07462962962962966,0.3375940433270662,0.3391825443727429,0.20626331633148556,0.3075764599133406,0.04032247850674048,0.006342592592592622,0.01875735432186312,0.32634661990227326,0.09697086024196017,0.11699420704778513,0.0,0.9999999987499999,0.6535568407753726,0.31316961490561945,0.2722029930439305,0.3869697225443775,disgust,07,24,24,female,strong,2808
100,3.336666666666667,True,1.0,0.30663853358758536,0.26232371109220076,0.2844811223398931,0.8217049687431132,-0.08625,-0.0811574074074074,0.35079616659617413,0.2539682539682531,0.21668920155246418,0.3462083511251463,0.0443148224953846,0.005092592592592593,0.015690864922401036,0.36816256431563216,0.09656099942881469,0.1187851048574242,0.0,0.9999999987499999,0.6476514191848615,0.31552940577584593,0.2697198852651172,0.37933455249855663,disgust,07,24,24,female,strong,2808
110,3.6703333333333332,True,1.0,0.44063698626113346,0.3911873108467188,0.4159121485539261,0.828574539860878,-0.07796296296296301,-0.07712962962962971,0.3509896796799341,0.26362356682133126,0.21810593289704885,0.5019610530438938,0.04944967541441464,0.0008333333333332971,0.004600107034209197,0.3681625643156316,0.09560497741609646,0.118274191858256,0.0,0.9999999987499999,0.6520164289075006,0.3132216850544059,0.27448332913475104,0.3845919412059297,disgust,07,24,24,female,strong,2808
120,4.0040000000000004,True,1.0,0.6220121009035641,0.6275361756242812,0.6247741382639227,0.8049918683427093,-0.07791666666666669,-0.07018518518518518,0.34755385118280285,0.25819039800610427,0.21464341196030237,0.7761247819188374,0.0055240747207171426,0.007731481481481506,0.012894072854593671,0.3719201948718915,0.09723278023397382,0.1167766186666184,0.0,0.9999999987499999,0.6533025189059998,0.31314177409181404,0.2784577857286868,0.390967871711361,disgust,07,24,24,female,strong,2808
0,0.0,True,1.0,0.6094053189855232,0.6428901580519317,0.6261477385187275,0.571971697228966,-0.08305555555555555,-0.07472222222222219,0.34247352405735476,0.2626764141995431,0.21672616777389872,1.0947180455820251,0.033484839066408534,0.00833333333333336,0.032718371041333676,0.4870115925006619,0.09641537382954937,0.11680176419001469,0.0,0.9999999987499999,0.6553554983086984,0.31349997243374106,0.27771260002913717,0.3973870025792045,disgust,07,24,24,female,strong,2809
10,0.33366666666666667,True,1.0,0.6378513223193286,0.6468093842228874,0.642330353271108,0.7702405171548737,-0.08416666666666667,-0.07449074074074075,0.33796090364405756,0.30644353119234263,0.21880893458338402,0.8339347761706405,0.008958061903558745,0.009675925925925921,0.031106450729136002,0.3907363353158449,0.0978273970737672,0.11838979651352276,0.0,0.9999999987499999,0.6429728143288566,0.3186958711803435,0.28050559763234656,0.3944993128194479,disgust,07,24,24,female,strong,2809
20,0.6673333333333333,True,1.0,0.6188906459706875,0.596437579490083,0.6076641127303852,0.8480616966732933,-0.08277777777777784,-0.07254629629629639,0.33341481984103344,0.32794999143916764,0.2139587904636918,0.7165329068793933,0.022453066480604522,0.010231481481481453,0.025268534152497316,0.3824549128236411,0.09870129202352308,0.1186297693470376,0.0,0.9999999987499999,0.6323866957798745,0.3227374936710578,0.27750437442787756,0.393506557738692,disgust,07,24,24,female,strong,2809
30,1.0010000000000001,True,1.0,0.2190273397099844,0.24475126929011276,0.23188930450004858,0.9781160320988983,-0.09574074074074068,-0.08907407407407408,0.3284125524669828,0.3749280030049999,0.21390172966618565,0.23707750092026098,0.02572392958012837,0.006666666666666599,0.0028823652554011976,0.328110581394774,0.09908294867945898,0.1170158319332379,0.0,0.9999999987499999,0.6323369861069429,0.3223583751138418,0.27042779286480334,0.38361561955301543,disgust,07,24,24,female,strong,2809
40,1.3346666666666667,True,1.0,0.387802190200088,0.37614868068322876,0.38197543544165835,0.9124893538559121,-0.07999999999999996,-0.07162037037037045,0.33128472920754637,0.28814050275098896,0.212503231248411,0.41860810082609984,0.011653509516859228,0.008379629629629515,0.008716049174086924,0.36553501156369245,0.09946122607379096,0.117993354602241,0.0,0.9999999987499999,0.6274735673644458,0.325477903099481,0.27597219928671624,0.38696474220788485,disgust,07,24,24,female,strong,2809
50,1.6683333333333334,True,1.0,0.31131667396030127,0.2698412698412713,0.2905789719007863,1.154675750648071,-0.08087962962962958,-0.07430555555555551,0.3239506515771728,0.4183468782155066,0.21391171640450976,0.2516541736826954,0.041475404119029946,0.0065740740740740655,0.02282212120893046,0.31011113067743773,0.09885296921869398,0.1193045574847299,0.0,0.9999999987499999,0.5951382987257403,0.3398319628229992,0.26970682430367643,0.39547120530101504,disgust,07,24,24,female,strong,2809
60,2.0020000000000002,True,1.0,0.5909474139437436,0.6087635976748768,0.5998555058093102,0.9496879625397014,-0.06870370370370371,-0.06152777777777779,0.38569770483370447,0.2024792838254313,0.21180591576272875,0.6316343151335179,0.01781618373113314,0.007175925925925919,0.01762498148932354,0.3229011097302434,0.09942537597705227,0.1177002716176402,0.0,0.9999999987499999,0.6358097589113771,0.3208630192276444,0.29535560828626717,0.4132327812773024,disgust,07,24,24,female,strong,2809
70,2.3356666666666666,True,1.0,0.09271169028779223,0.09488008939773464,0.09379588984276344,0.6265274160949488,-0.09347222222222218,-0.08791666666666664,0.3179558196531794,0.2031746031746026,0.2153064820763158,0.14970755857322113,0.002168399109942404,0.005555555555555536,0.012828575390537793,0.4712293311572396,0.09892966431165855,0.11795582604706692,0.0,0.9999999987499999,0.6367116115743173,0.3150025386658486,0.2685411593982795,0.37895959900303683,disgust,07,24,24,female,strong,2809
80,2.6693333333333333,True,1.0,0.09519778126374043,0.08439666486460544,0.08979722306417293,0.5356953931943558,-0.09555555555555556,-0.0880555555555555,0.39948288438258456,0.16481221010134264,0.20772154547471225,0.16762739460705717,0.010801116399134988,0.007500000000000062,0.01189189454073076,0.5647740654945961,0.09899219727729153,0.1170926151396456,0.0,0.9999999987499999,0.6344432338482268,0.316826217348307,0.2630459520486948,0.3714678470737843,disgust,07,24,24,female,strong,2809
90,3.003,True,1.0,0.1667267694657715,0.1568627450980386,0.16179475728190507,0.8712194079756689,-0.06944444444444453,-0.061990740740740735,0.32521345551576825,0.15912784808763147,0.21460075431154726,0.18571068986840525,0.009864024367732899,0.007453703703703796,0.033941326218624245,0.37900516755187097,0.10028755057817566,0.11761625022323785,0.0,0.9999999987499999,0.5793202077471613,0.3398870751548473,0.2640909625964694,0.37158654944262026,disgust,07,24,24,female,strong,2809
100,3.336666666666667,True,1.0,0.5446944976307873,0.5387386730969015,0.5417165853638444,1.060160487233244,-0.07458333333333333,-0.06444444444444447,0.3301123205410338,0.3180005202205802,0.20560046097837106,0.5109760190908363,0.005955824533885767,0.010138888888888864,0.014915886185930332,0.3118713892675051,0.09651856874735797,0.11785359539941176,0.0,0.9999999987499999,0.6450890257274786,0.31466569429175006,0.27805375637158447,0.3902151361837215,disgust,07,24,24,female,strong,2809
110,3.6703333333333332,True,1.0,0.590424749786589,0.6058428766148267,0.5981338132007079,0.5100650427856434,-0.07675925925925925,-0.06615740740740744,0.36865225941364205,0.11652611578257739,0.21112014572710378,1.1726618431525717,0.015418126828237733,0.010601851851851807,0.02106198901581514,0.5789774544631234,0.09570619423843475,0.11770772577955738,0.0,0.9999999987499999,0.6518612630677271,0.3148386408758164,0.26887148653637777,0.38323001785177463,disgust,07,24,24,female,strong,2809
120,4.0040000000000004,True,1.0,0.6265910403353797,0.6177490359504824,0.622170038142931,0.5313342974564006,-0.0741666666666666,-0.06532407407407403,0.3871142063997607,0.1257872212176228,0.2230042662770777,1.1709577964783726,0.00884200438489735,0.008842592592592569,0.009326213471066526,0.5628686224060451,0.09786917624306861,0.11770960915815584,0.0,0.9999999987499999,0.6179244758762881,0.3317611826478902,0.2595317134914394,0.37981090815156077,disgust,07,24,24,female,strong,2809
130,4.337666666666666,True,1.0,0.5902054150803355,0.5698048658396921,0.5800051404600138,0.4823592930885135,-0.07583333333333336,-0.06699074074074074,0.39275355589126604,0.1033493594283649,0.2153132146292948,1.2024338470733729,0.020400549240643384,0.008842592592592624,0.008289120446405718,0.5945660766218174,0.09678972265157824,0.11795448929809224,0.0,0.9999999987499999,0.6488054937443727,0.31755543887762416,0.27547879687677446,0.38652744887826923,disgust,07,24,24,female,strong,2809
0,0.0,True,1.0,0.5810250340934543,0.6181197892650131,0.5995724116792337,0.6171305524323925,-0.0830555555555555,-0.0762962962962963,0.3537616117516805,0.20318240225626777,0.21325491435249727,0.971548741698245,0.0370947551715588,0.006759259259259187,0.024356174489853687,0.4396599994984984,0.09515131141979684,0.11783379974877545,0.0,0.9999999987499999,0.6563891079478666,0.3191079606816627,0.2640838124632769,0.3932917419430158,surprised,08,24,24,female,normal,2810
10,0.33366666666666667,True,1.0,0.6409202742205252,0.6837798828402797,0.6623500785304024,0.621831544859503,-0.08291666666666664,-0.07407407407407401,0.3640819385624394,0.2146029658334823,0.21324597018050614,1.0651599842527355,0.04285960861975446,0.008842592592592624,0.025210774163254505,0.4424464614783179,0.09487698850252513,0.11837711508666347,0.0,0.9999999987499999,0.6545267427674195,0.3196575552246047,0.2630545710596754,0.38831615766238986,surprised,08,24,24,female,normal,2810
20,0.6673333333333333,True,1.0,0.6496409726815092,0.6621343890248609,0.655887680853185,0.6022599899213497,-0.08300925925925928,-0.07495370370370363,0.35673932040065254,0.2031824022562678,0.2153132146292948,1.089044086987812,0.01249341634335166,0.008055555555555649,0.02824990231951176,0.44982212700266205,0.09453892378323554,0.11896799615069077,0.0,0.9999999987499999,0.6534817293870673,0.3203583644596828,0.26287398262616907,0.38985620194233367,surprised,08,24,24,female,normal,2810
30,1.0010000000000001,True,1.0,0.6893288446721733,0.7150666058497162,0.7021977252609447,0.7741559912237995,-0.07833333333333337,-0.07282407407407404,0.37570631050413544,0.15052216549823919,0.21805695508330955,0.9070493973067342,0.025737761177542895,0.005509259259259325,0.01891513975112566,0.35463124102740146,0.09593532549090818,0.11784483671983778,0.0,0.9999999987499999,0.6443034269567202,0.3262795018675373,0.27152078878463937,0.395420826398625,surprised,08,24,24,female,normal,2810
40,1.3346666666666667,True,1.0,0.6718140881631178,0.7069623324866753,0.6893882103248965,0.7180390772293511,-0.07787037037037042,-0.07421296296296298,0.3687506792800264,0.24177273885762104,0.2229334364432989,0.9600984572942635,0.035148244323557454,0.0036574074074074425,0.006780002923438376,0.4038269955817147,0.09575123762032836,0.11847786525581447,0.0,0.9999999987499999,0.6483000843853166,0.32366431124838624,0.27450171635899845,0.39486002544451954,surprised,08,24,24,female,normal,2810
50,1.6683333333333334,True,1.0,0.7204525989013923,0.711985724893141,0.7162191618972666,0.5900042449444786,-0.07893518518518522,-0.07361111111111107,0.4145547250667855,0.05240798535389429,0.21756319368968824,1.213922048924691,0.008466874008251302,0.005324074074074148,0.0016092263340959608,0.4175589862674584,0.09439834768182878,0.12035271394199858,0.0,0.9999999987499999,0.6486955946128451,0.32158203282854175,0.2711271972966611,0.3852438843043747,surprised,08,24,24,female,normal,2810
60,2.0020000000000002,True,1.0,0.7376500175586922,0.721542419079004,0.729596218318848,0.6327492114801535,-0.06004629629629632,-0.05499999999999994,0.3974248954508694,0.1578924567094827,0.2025192959020784,1.1530574911537952,0.016107598479688234,0.005046296296296382,0.01775889072501675,0.4289336374744343,0.09524786730394734,0.11694400568128452,0.0,0.9999999987499999,0.6490282612810749,0.32171145419299674,0.2668816438433352,0.3728993681726867,surprised,08,24,24,female,normal,2810
70,2.3356666666666666,True,1.0,0.8029241495131064,0.7348593687527293,0.7688917591329179,0.6659714929068291,-0.06736111111111104,-0.06601851851851848,0.41785865475545586,0.09585190435872394,0.2128745684637561,1.154541549183829,0.06806478076037714,0.001342592592592562,0.031353724861685264,0.43163053297367476,0.09673246914957617,0.11735384773782441,0.0,0.9999999987499999,0.6087969906868997,0.33644387458510067,0.26479881144680767,0.38470062110401687,surprised,08,24,24,female,normal,2810
80,2.6693333333333333,True,1.0,0.6974358974358972,0.614940367360997,0.6561881323984471,0.6076466290665494,-0.06912037037037039,-0.06615740740740744,0.4882495563802079,-0.027016908681838186,0.21578136541245646,1.0798844279058468,0.08249553007490018,0.002962962962962945,0.04334713249006405,0.4217069843327025,0.0976242951234706,0.11791278450025612,0.0,0.9999999987499999,0.61131023019364,0.3356880716208204,0.27634233057337343,0.39589996478415473,surprised,08,24,24,female,normal,2810
90,3.003,True,1.0,0.6666666666666674,0.588628113495001,0.6276473900808341,0.6535812167633189,-0.07111111111111112,-0.06851851851851859,0.48581566572726564,0.0,0.21499085259288572,0.9603204222867436,0.07803855317166641,0.0025925925925925353,0.0419843208448842,0.38747881239198767,0.09744084226717772,0.11709221289255367,0.0,0.9999999987499999,0.6132660559848939,0.3362523387092019,0.27756155911046143,0.40055878276174994,surprised,08,24,24,female,normal,2810
0,0.0,True,1.0,0.6130211926652392,0.6388334573310743,0.6259273249981567,0.5564936139094786,-0.08430555555555552,-0.07736111111111105,0.3580966187036527,0.22557945245233366,0.20978369299672162,1.1247700051774043,0.025812264665835083,0.006944444444444475,0.027645273363076504,0.5023586127294148,0.09285759290956287,0.11788511544888225,0.0,0.9999999987499999,0.6584329019420267,0.3187792040760702,0.25559189015103284,0.38335453718120815,surprised,08,24,24,female,normal,2811
10,0.33366666666666667,True,1.0,0.6131015232006674,0.6659003902717046,0.639500956736186,0.5564936139094783,-0.08421296296296293,-0.0766666666666666,0.35847235634902735,0.22557945245233352,0.2104605348892678,1.149161357384795,0.0527988670710372,0.007546296296296329,0.032336071286278564,0.5016312234899618,0.09453761712709109,0.1175189160889466,0.0,0.9999999987499999,0.657740099391319,0.3184929148271969,0.25787811728797,0.3875180893794889,surprised,08,24,24,female,normal,2811
20,0.6673333333333333,True,1.0,0.6678493419825469,0.6955817857249472,0.6817155638537471,0.8963979333081878,-0.08634259259259258,-0.07870370370370361,0.3619882799741478,0.28384687208216625,0.21181852262788545,0.7605055060065256,0.02773244374240036,0.007638888888888973,0.025134628103837847,0.31873599335492386,0.09437186523801268,0.11813686801680998,0.0,0.9999999987499999,0.6521207670255602,0.3218266932607662,0.26487246739212233,0.3906358405350154,surprised,08,24,24,female,normal,2811
30,1.0010000000000001,True,1.0,0.674929775119073,0.709409619502707,0.69216969731089,0.8648024766183393,-0.07504629629629628,-0.08384259259259258,0.4481986296179428,0.10209473682299805,0.21541949020733542,0.8003789489797717,0.03447984438363394,0.008796296296296302,0.0022719511532509526,0.2893959746451525,0.09406492039899805,0.11982109501860273,0.0,0.9999999987499999,0.6327497926123573,0.33451965554616286,0.2827869722599791,0.423437426015664,surprised,08,24,24,female,normal,2811
40,1.3346666666666667,True,1.0,0.7278027554525214,0.7267516303513755,0.7272771929019484,0.6472109688338286,-0.07013888888888886,-0.06523148148148156,0.39414924773689547,0.2134266307127637,0.21482354702989837,1.1237096216283022,0.001051125101145911,0.004907407407407305,0.017747136782246813,0.43082021065495935,0.09478303814683545,0.11973216603453253,0.0,0.9999999987499999,0.6359639766766082,0.32846007249279385,0.2732422429472017,0.4047130085239975,surprised,08,24,24,female,normal,2811
50,1.6683333333333334,True,1.0,0.7651591445374759,0.7670233425231788,0.7660912435303273,0.545717932462217,-0.07412037037037034,-0.06893518518518515,0.38925465506717327,0.1679132099883749,0.21111255667565196,1.4038227405755408,0.00186419798570292,0.005185185185185182,0.013342911133370597,0.4903846153846149,0.10754397115062155,0.11687218467959541,0.0,0.9999999987499999,0.6124264834918343,0.2909138379322326,0.2910233735658778,0.3622408677034364,surprised,08,24,24,female,normal,2811
60,2.0020000000000002,True,1.0,0.8077057647691963,0.8172651405607944,0.8124854526649954,1.0665318746901142,-0.07416666666666666,-0.06574074074074077,0.2924028927968915,0.42097892604795584,0.2146188848482513,0.7618013787924217,0.009559375791598046,0.008425925925925892,0.027726154330506306,0.26701131816777623,0.0932340887139581,0.11903685662374205,0.0,0.9999999987499999,0.645722228508591,0.3227722299776508,0.2727161924041082,0.3938155187556913,surprised,08,24,24,female,normal,2811
70,2.3356666666666666,True,1.0,0.7949270357959232,0.7918020803082128,0.793364558052068,0.8927791630899671,-0.07180555555555557,-0.06337962962962962,0.36933914068898566,0.2827134016451563,0.20626331633148565,0.8886459169882296,0.0031249554877104124,0.008425925925925948,0.014024110393270981,0.3391420957520765,0.09489469749793118,0.11852377254251967,0.0,0.9999999987499999,0.645423638752376,0.32400595520395953,0.27020642233924747,0.39880668433165267,surprised,08,24,24,female,normal,2811
80,2.6693333333333333,True,1.0,0.7401048538982449,0.7550385457425428,0.7475716998203938,0.7934332553302875,-0.07583333333333342,-0.07291666666666674,0.3704728852903695,0.2790347460215258,0.20073245582099242,0.9421985967921113,0.014933691844297936,0.0029166666666666785,0.02428734298840037,0.3544774380315397,0.09400620554323856,0.11842804504346861,0.0,0.9999999987499999,0.6715306361528987,0.3075217001144546,0.2752753289218028,0.3897770267644394,surprised,08,24,24,female,normal,2811
90,3.003,True,1.0,0.6772169282039087,0.702311018086862,0.6897639731453853,0.748024460505582,-0.08393518518518522,-0.07555555555555554,0.36599820255790483,0.25642563212172037,0.20627996053698633,0.9221141948742972,0.025094089882953363,0.008379629629629681,0.03703193606422592,0.3751473637433521,0.09376336911651768,0.11797619825585268,0.0,0.9999999987499999,0.673587658110119,0.3061409067532232,0.2779446388332767,0.3888327182959585,surprised,08,24,24,female,normal,2811
100,3.336666666666667,True,1.0,0.6768968230020381,0.7025089605734768,0.6897028917877575,0.7212045415093172,-0.08319444444444446,-0.07810185185185187,0.37445882733229163,0.26669383311487516,0.20560046097837117,0.9563207829284686,0.025612137571438653,0.005092592592592593,0.03077192065559588,0.3603499553952133,0.09417031661736787,0.11667596378835934,0.0,0.9999999987499999,0.6742592485119048,0.3051449092479164,0.2724096955874592,0.3846116865641944,surprised,08,24,24,female,normal,2811
0,0.0,True,1.0,0.6799621454360484,0.6891882487043959,0.6845751970702221,0.4257457476053909,-0.08435185185185179,-0.07935185185185184,0.3627374421998055,0.13944220612013825,0.2250488228279588,1.6079437103497067,0.009226103268347496,0.004999999999999949,0.025827757059843318,0.6602594615303825,0.09590869956309862,0.11738058495367369,0.0,0.9999999987499999,0.6561805586297018,0.31825129579005906,0.2694699713729297,0.3975358748402086,surprised,08,24,24,female,normal,2812
10,0.33366666666666667,True,1.0,0.6484227785848238,0.6747394955045006,0.6615811370446623,0.4219498349594252,-0.08634259259259264,-0.07986111111111116,0.3664204455423637,0.16001983839977807,0.2243722119150429,1.5679141979242155,0.026316716919676852,0.006481481481481477,0.028491204904708627,0.6593587362626231,0.09579493982784194,0.11812038634132938,0.0,0.9999999987499999,0.6558959517635178,0.31759655991154406,0.2698758071409946,0.39507904859253495,surprised,08,24,24,female,normal,2812
20,0.6673333333333333,True,1.0,0.7132133849144797,0.7103095027447578,0.7117614438296187,0.9174684373226036,-0.08625,-0.08347222222222223,0.3716487601632656,0.30821205316306216,0.21948650831496794,0.7757884793363704,0.0029038821697219275,0.002777777777777768,0.014321364872801893,0.32519531250000017,0.09586399172431338,0.11806435218552698,0.0,0.9999999987499999,0.6468840421637404,0.32249845458189635,0.26867129003516754,0.3918973883330488,surprised,08,24,24,female,normal,2812
30,1.0010000000000001,True,1.0,0.703030990779676,0.7213497762345779,0.7121903835071269,1.3989525728743513,-0.06199074074074068,-0.056157407407407434,0.2969847487120354,0.5705628847200418,0.19864952113169718,0.5090882974280024,0.018318785454901843,0.005833333333333246,0.011289757302094045,0.26035077452315064,0.0962729065389569,0.11853751883025994,0.0,0.9999999987499999,0.6456549494641607,0.32421948866766853,0.27310096179230325,0.394962907555937,surprised,08,24,24,female,normal,2812
40,1.3346666666666667,True,1.0,0.5639321564383285,0.5543830234441938,0.5591575899412611,0.646864025939208,-0.05425925925925912,-0.048379629629629495,0.39782300156300954,0.10774410774410847,0.2035681893519942,0.8644128712048836,0.009549132994134735,0.0058796296296296235,0.00819537470666835,0.4333260454483418,0.09754320169841608,0.11846334197375653,0.0,0.9999999987499999,0.6477301040806948,0.32080257508528726,0.2714202374897857,0.3868322749610455,surprised,08,24,24,female,normal,2812
50,1.6683333333333334,True,1.0,0.6027033042677038,0.5949736645286221,0.5988384843981629,0.424572168366274,-0.05513888888888879,-0.04935185185185187,0.40704481259689385,0.05969623910409207,0.19936067097489069,1.4104515769426298,0.007729639739081695,0.005787037037036924,0.01725176673281365,0.5983802460537826,0.09677805154257292,0.11892915698449062,0.0,0.9999999987499999,0.6502993950392656,0.3193847939879639,0.2628455367277822,0.3796624532118966,surprised,08,24,24,female,normal,2812
60,2.0020000000000002,True,1.0,0.5901765771851595,0.5853732290253127,0.5877749031052362,0.6606570255435127,-0.053796296296296287,-0.04583333333333339,0.3750746001419046,0.21536724050855618,0.20000953651580117,0.8896823622237008,0.004803348159846732,0.007962962962962894,0.009945872813492868,0.48119694127420404,0.09587114486861241,0.11902286936954677,0.0,0.9999999987499999,0.6174900778749,0.33759030655712485,0.2531973020043205,0.380568021952348,surprised,08,24,24,female,normal,2812
70,2.3356666666666666,True,1.0,0.5962173697387899,0.5428828842051564,0.5695501269719732,0.6898441903486311,-0.054629629629629695,-0.04856481481481484,0.39696196154204033,0.19608447103016638,0.19732122906132424,0.8256214010936815,0.05333448553363351,0.006064814814814856,0.0003086548360637489,0.4046325754192271,0.09801909868198624,0.11774671115543416,0.0,0.9999999987499999,0.6173191398903312,0.33554758524758277,0.2560122931710925,0.3772038926928704,surprised,08,24,24,female,normal,2812
80,2.6693333333333333,True,1.0,0.6173686870449206,0.6203961826558697,0.6188824348503952,0.45514472762858105,-0.05509259259259258,-0.04865740740740743,0.4091205287927036,0.046795531813036605,0.20507551163090879,1.3597486629690931,0.0030274956109490603,0.006435185185185155,0.012155559797364036,0.5850081255294092,0.10468391393323288,0.11571387407039059,0.0,0.9999999987499999,0.61234762898128,0.30193303238671226,0.2532490101917076,0.3377200436503868,surprised,08,24,24,female,normal,2812
90,3.003,True,1.0,0.669327381758409,0.64896207601318,0.6591447288857946,0.4447919893047273,-0.05208333333333326,-0.04615740740740748,0.4023345393337934,0.06061823835786589,0.20354570111552805,1.4819168167037604,0.02036530574522899,0.005925925925925779,0.004696812281821957,0.6031271959953451,0.09885413199344134,0.1165571981470727,0.0,0.9926900010324732,0.6180901235259728,0.33408152991215656,0.2594401994773734,0.38354098960597577,surprised,08,24,24,female,normal,2812
100,3.336666666666667,True,1.0,0.6670812132512995,0.6533911121578316,0.6602361627045656,0.4441277433214786,-0.05689814814814814,-0.05212962962962964,0.3904391611607314,0.09019951354305919,0.20069482459384647,1.4865906771932025,0.01369010109346791,0.004768518518518505,0.00863788737169427,0.6159323632809905,0.09590836949191642,0.11963160244142318,0.0,0.9999999987499999,0.6185406255783563,0.3353118996944701,0.24440712652864596,0.37058415617490054,surprised,08,24,24,female,normal,2812
0,0.0,True,1.0,0.6177996038533452,0.6935616905563889,0.6556806472048671,0.41126003646945913,-0.08055555555555555,-0.07324074074074077,0.37640633427092934,0.18421938317083622,0.2056282899951162,1.594321327288894,0.07576208670304374,0.007314814814814774,0.038256415357194554,0.6433069246296877,0.09493901461119879,0.11637920973188148,0.0,0.9999999987499999,0.6603741108865421,0.3165070705959546,0.2628489960064554,0.38951490627175933,surprised,08,24,24,female,normal,2813
10,0.33366666666666667,True,1.0,0.6176811725952688,0.6442014496515484,0.6309413111234086,0.43278046433174916,-0.08000000000000002,-0.07310185185185186,0.37229941294433333,0.1801985358884283,0.20631250532509085,1.4578784467492938,0.026520277056279573,0.006898148148148153,0.03314071947438684,0.6218939915710221,0.09622994878175886,0.11711736563631485,0.0,0.9999999987499999,0.6595478132190378,0.316333304295861,0.26417586067259125,0.38760529969320373,surprised,08,24,24,female,normal,2813
20,0.6673333333333333,True,1.0,0.6958622417316566,0.7088174575826689,0.7023398496571627,1.2902364395694617,-0.07398148148148148,-0.07069444444444445,0.35383626923100686,0.5388516552689799,0.17987638103482617,0.5443497239091512,0.012955215851012336,0.0032870370370370328,0.003325457997019683,0.21869422917275833,0.09384729774365357,0.11903514221506394,0.0,0.9999999987499999,0.6745120482255402,0.3050309350042318,0.2634052767929995,0.37328566902409305,surprised,08,24,24,female,normal,2813
30,1.0010000000000001,True,1.0,0.7408372220088066,0.691716202235182,0.7162767121219944,1.3223184987727041,-0.06037037037037035,-0.06087962962962967,0.2997745820711365,0.6325638361364204,0.18307478941800676,0.5416824409450515,0.0491210197736246,0.0005092592592593204,0.06712156427452055,0.22396117514978714,0.10993171480280767,0.11676978496743178,0.0,0.9999999987499999,0.606884774448842,0.29025486569586817,0.2748720315472325,0.3304117529565479,surprised,08,24,24,female,normal,2813
40,1.3346666666666667,True,1.0,0.7000145000316517,0.6078939078402517,0.6539542039359516,0.6054998238671011,-0.05879629629629629,-0.061064814814814794,0.3972918212376206,0.16306938738044147,0.189796655022273,1.0800237723594872,0.09212059219140001,0.002268518518518503,0.0786259565416497,0.43308663136456926,0.1094213850306067,0.11544687815556778,0.0,0.9999999987499999,0.6146957033672845,0.28961568929116294,0.2827381528868336,0.3375667184920226,surprised,08,24,24,female,normal,2813
50,1.6683333333333334,True,1.0,0.6714625069696488,0.6269356319583443,0.6491990694639966,0.4681679891026841,-0.05833333333333335,-0.06092592592592588,0.41630480190736335,0.1369251830986758,0.1861543924541713,1.3866797486694604,0.04452687501130448,0.0025925925925925353,0.07935696614140125,0.5237267931843612,0.09529750669331105,0.11674047267893074,0.0,0.9999999987499999,0.6493640934733268,0.3186035447602872,0.2603419105463822,0.37054487116693624,surprised,08,24,24,female,normal,2813
60,2.0020000000000002,True,1.0,0.7152504073699015,0.6109418042133582,0.6630961057916298,0.6792115385008257,-0.05750000000000005,-0.05949074074074079,0.3780792022320505,0.2683763016174082,0.18709261620642875,0.9762733231170272,0.10430860315654333,0.0019907407407407374,0.09118423813052787,0.397132550997674,0.09496827659992128,0.11619147750716188,0.0,0.9999999987499999,0.6514412970031763,0.3188578486316328,0.26068049991568426,0.36977378240037595,surprised,08,24,24,female,normal,2813
70,2.3356666666666666,True,1.0,0.7578422873635116,0.6520260026760173,0.7049341450197644,0.4145574568013491,-0.05203703703703694,-0.055277777777777704,0.4019280971596581,0.138375556247172,0.1865330204558691,1.700449801238433,0.10581628468749427,0.0032407407407407662,0.10257569762333321,0.624834342480284,0.09623189021142282,0.1149815305380314,0.0,0.9999999987499999,0.652690814521121,0.3177767425695685,0.2603247869299183,0.36713136424033793,surprised,08,24,24,female,normal,2813
80,2.6693333333333333,True,1.0,0.7672787369389122,0.605904255491707,0.6865914962153097,0.36195777621094505,-0.05365740740740743,-0.056620370370370376,0.4050357464331167,0.1438369394641814,0.18908892741560876,1.8968828447414585,0.16137448144720523,0.002962962962962945,0.10155099526544173,0.7115371996950929,0.09598234926582157,0.11552023884437,0.0,0.9999999987499999,0.6533175747955431,0.3175171319242566,0.2619760458089476,0.3685981005597227,surprised,08,24,24,female,normal,2813
90,3.003,True,1.0,0.7005516200268525,0.6001162937337933,0.6503339568803228,0.37175230020788375,-0.0532407407407407,-0.056481481481481466,0.405618604990919,0.1553746427074075,0.18765636564433477,1.7493743993424016,0.10043532629305918,0.0032407407407407662,0.10475859272936985,0.7067345786482185,0.09559099905961499,0.1150190337044479,0.0,0.9999999987499999,0.6535886441295268,0.3174767961980423,0.26022691725959346,0.36829966922158763,surprised,08,24,24,female,normal,2813
100,3.336666666666667,True,1.0,0.744349439012769,0.6169629209544409,0.680656179983605,0.38843720092817174,-0.05328703703703713,-0.056851851851851765,0.4053938627800881,0.16353474829211234,0.18553773734809778,1.752294008805478,0.127386518058328,0.003564814814814632,0.09915064657739518,0.6828325252424776,0.09515228762933364,0.11538223162313527,0.0,0.9999999987499999,0.6547968307479243,0.31828826167921365,0.2573697894622069,0.3673739393403208,surprised,08,24,24,female,normal,2813
0,0.0,True,1.0,0.7508846277085691,0.8018482738367243,0.7763664507726467,0.5365827976138643,-0.06805555555555565,-0.06231481481481482,0.35697862513034506,0.14152914909273967,0.21966162985185075,1.4468716742785621,0.05096364612815518,0.005740740740740824,0.03598916594981113,0.516120730304963,0.09658957523053963,0.11924216345535048,0.0,0.9999999987499999,0.6297546629511179,0.32757412860988755,0.2624936380137834,0.3841664092989729,surprised,08,24,24,female,strong,2814
10,0.33366666666666667,True,1.0,0.6374457696121741,0.6892102311140955,0.6633280003631348,0.5717005451434376,-0.07055555555555543,-0.06370370370370382,0.36245902955646186,0.13920248600893337,0.2203913949624626,1.1602717646468366,0.05176446150192138,0.006851851851851609,0.02456574577681999,0.4908503354738012,0.09905969778766824,0.11849155009486502,0.0,0.9999999987499999,0.6305470365568102,0.32602193362186715,0.26665411700740166,0.3893867242519639,surprised,08,24,24,female,strong,2814
20,0.6673333333333333,True,1.0,0.6757635631256368,0.6990016780594597,0.6873826205925482,0.8992821750803717,-0.06592592592592583,-0.060324074074074086,0.4116535602652844,0.11064885367759185,0.21070074161559357,0.7643681145254709,0.023238114933822884,0.005601851851851747,0.018318012770408655,0.30265809507852026,0.09827515389369854,0.11866235061895922,0.0,0.9999999987499999,0.637099636706245,0.3238888094591707,0.2703217099146088,0.3875244700198125,surprised,08,24,24,female,strong,2814
30,1.0010000000000001,True,1.0,0.7144544264952074,0.6861105257824252,0.7002824761388162,0.8762080993770508,-0.06361111111111112,-0.05736111111111103,0.47516277397728346,0.028448314914840102,0.2056821370369085,0.7992193596894268,0.028343900712782255,0.006250000000000089,0.023967513422242962,0.2947937522809392,0.0970945176872431,0.11802700744797753,0.0,0.9999999987499999,0.6073180471719938,0.3402410119765357,0.27341857590646224,0.40225933591496,surprised,08,24,24,female,strong,2814
40,1.3346666666666667,True,1.0,0.7025104481671074,0.6942328636407427,0.698371655903925,0.5520100171149579,-0.058796296296296235,-0.05152777777777784,0.477334634636325,-0.09374683224587822,0.21086036559089702,1.2651430848192142,0.008277584526364734,0.0072685185185183965,0.020732514144378586,0.431253569523217,0.10028718960335894,0.11890536699119704,0.0,0.9999999987499999,0.6252220496714311,0.3274612067954715,0.2795380241874541,0.39330553096795856,surprised,08,24,24,female,strong,2814
50,1.6683333333333334,True,1.0,0.7283838715673595,0.8291278942523737,0.7787558829098666,1.202116402116402,-0.09365740740740736,-0.08291666666666664,0.3195819170250868,0.3894179894179894,0.24520890506070456,0.6478206948501972,0.10074402268501415,0.010740740740740717,0.040457647289773295,0.2539120616523939,0.09486685867405728,0.11822419169270611,0.0,0.9999999987499999,0.6402548116590385,0.3135310115159782,0.27775628255986,0.38011795763165696,surprised,08,24,24,female,strong,2814
60,2.0020000000000002,True,1.0,0.6121052102400196,0.7177797104602406,0.6649424603501302,0.7084840260464024,-0.06893518518518527,-0.06662037037037039,0.3874383744190331,-0.006944232526519334,0.22975318528841682,0.9385426289153618,0.10567450022022096,0.0023148148148148806,0.04227649677316665,0.4154557744879782,0.09232690207094374,0.11370253131992125,0.0,0.9999999987499999,0.6477589327293417,0.3143281300096082,0.2547841935275931,0.36984742129557713,surprised,08,24,24,female,strong,2814
70,2.3356666666666666,True,1.0,0.7147936627912765,0.7304935695449565,0.7226436161681165,0.8061936408385382,-0.05717592592592602,-0.052453703703703725,0.42083051218346,0.121568882348668,0.22304018585513552,0.8963648180311623,0.015699906753679937,0.004722222222222294,0.019839115608350635,0.36744537192342774,0.0956201052752895,0.1184229520881185,0.0,0.9999999987499999,0.6188174006946529,0.3264754105731927,0.26205914817825376,0.36291975433124446,surprised,08,24,24,female,strong,2814
80,2.6693333333333333,True,1.0,0.8143943851858584,0.8270870778570625,0.8207407315214604,1.1163453507138035,-0.08472222222222214,-0.07759259259259255,0.2911344360121833,0.35684932577147244,0.24375782489443418,0.7352032513922953,0.012692692671204098,0.007129629629629597,0.01510276121712044,0.2581857444441463,0.09821479545647502,0.11951206223013164,0.0,0.9999999987499999,0.622198787452481,0.3307412073628003,0.27300675749774206,0.3907801450468131,surprised,08,24,24,female,strong,2814
90,3.003,True,1.0,0.7800125215580324,0.7913503332635832,0.7856814274108077,0.8000991919988931,-0.07708333333333345,-0.07680555555555568,0.3593097853918468,0.1891143544724651,0.2423614259054088,0.981980028561127,0.011337811705550815,0.0002777777777777657,0.009298342998411722,0.3699731953659035,0.09812914088972327,0.11894341084255461,0.0,0.9999999987499999,0.6209026684658239,0.3275781044512223,0.2839116563196616,0.3936393964083548,surprised,08,24,24,female,strong,2814
100,3.336666666666667,True,1.0,0.7833588056512202,0.7808527992200733,0.7821058024356468,0.8574720400558614,-0.07967592592592598,-0.07925925925925925,0.36079131847900026,0.21073465391203405,0.24029333594685434,0.9121064779962915,0.0025060064311468455,0.0004166666666667318,0.006364707830772612,0.3638705652828073,0.09869076808042908,0.11863852459490765,0.0,0.9999999987499999,0.6245652860519207,0.3261042138803544,0.2833817958493666,0.398358204590128,surprised,08,24,24,female,strong,2814
110,3.6703333333333332,True,1.0,0.8065193103518272,0.8165500136370294,0.8115346619944284,0.925308319023797,-0.09004629629629635,-0.0848148148148149,0.35307247870691605,0.24625140748213975,0.2451401337954304,0.877042435812746,0.01003070328520217,0.005231481481481448,0.012135844779511094,0.3179496849286084,0.09784699894059556,0.11885545918350611,0.0,0.9999999987499999,0.6289620804728141,0.32661011475112167,0.2836004926697585,0.399721283946666,surprised,08,24,24,female,strong,2814
0,0.0,True,1.0,0.6452696776120883,0.6472366207629987,0.6462531491875435,0.6026277298922054,-0.08009259259259255,-0.07476851851851851,0.3579515826933609,0.23349515918460662,0.21112412083566012,1.0723919878415513,0.001966943150910394,0.005324074074074037,0.015605701626822673,0.46468946798813415,0.09270159345997613,0.11833028129039838,0.0,0.9999999987499999,0.661097643033776,0.31699696303696395,0.2627070462612961,0.3900301963134992,surprised,08,24,24,female,strong,2815
10,0.33366666666666667,True,1.0,0.6225737273303339,0.6719631800965201,0.647268453713427,0.6077772103843954,-0.0798611111111111,-0.07481481481481489,0.35503752292394686,0.22029745749974422,0.214596132557199,1.0649765122059365,0.049389452766186226,0.0050462962962962155,0.015705289782480678,0.46468946798813526,0.09433279460873308,0.11800673051581517,0.0,0.9999999987499999,0.6599113905640381,0.31750470916801404,0.26726435023328077,0.3926198518104228,surprised,08,24,24,female,strong,2815
20,0.6673333333333333,True,1.0,0.6095579746296629,0.634672752067435,0.622115363348549,0.9799091514703039,-0.08157407407407408,-0.07587962962962963,0.3847564385331125,0.2659667541557308,0.2104605348892679,0.6348704493830847,0.02511477743777213,0.005694444444444446,0.017287099213424376,0.2892763747576088,0.09556479291205923,0.11766074422599367,0.0,0.9999999987499999,0.6568971979260454,0.32145002704924586,0.2685484412963093,0.3980815625845892,surprised,08,24,24,female,strong,2815
30,1.0010000000000001,True,1.0,0.6142056135077053,0.5721250978932634,0.5931653557004843,0.8405982986099646,-0.06930555555555556,-0.062129629629629646,0.450688197318309,0.07205128273799671,0.20922077066308853,0.7056466289324618,0.04208051561444193,0.007175925925925919,0.005416333361991137,0.3294642857142853,0.09481014635916266,0.12050382478814745,0.0,0.9999999987499999,0.6389078882099716,0.3269559821546003,0.2763270565024049,0.4052718799021771,surprised,08,24,24,female,strong,2815
40,1.3346666666666667,True,1.0,0.6558065911855137,0.6818357845412449,0.6688211878633793,0.6699545603270478,-0.055138888888888904,-0.04962962962962969,0.46061511762888296,0.005876508251765044,0.20419058108242358,0.9983082845751281,0.026029193355731284,0.005509259259259214,0.018305669748904168,0.42576955772633457,0.09793483975663854,0.11942293888267193,0.0,0.9999999987499999,0.6124162547362695,0.33217804074982527,0.27856340435304294,0.3924685830798487,surprised,08,24,24,female,strong,2815
50,1.6683333333333334,True,1.0,0.700803696425938,0.7322396294727616,0.7165216629493498,1.9277108433734946,-0.05509259259259258,-0.04986111111111108,0.2528112334514973,0.792503346720215,0.2063568763099273,0.3716956126549751,0.03143593304682357,0.005231481481481504,0.0045759270637103396,0.18159025108778162,0.0987498357300514,0.11842859966178547,0.0,0.9999999987499999,0.6175918975480817,0.33600574888812795,0.26085518313956224,0.37975428551706497,surprised,08,24,24,female,strong,2815
60,2.0020000000000002,True,1.0,0.722654211245993,0.7212973724291624,0.7219757918375778,0.8074575056993635,-0.06425925925925924,-0.05884259259259261,0.40125621853469556,0.19512698914923654,0.1972226090643825,0.8941347213216535,0.0013568388168306855,0.005416666666666625,0.009195487113661352,0.3472599094642411,0.09442428551370131,0.12001529156319805,0.0,0.9999999987499999,0.6324876169530312,0.33244081280450055,0.26865547047505184,0.3978941466277026,surprised,08,24,24,female,strong,2815
70,2.3356666666666666,True,1.0,0.5740661586844872,0.5759065583126953,0.5749863584985913,0.6518335888388523,-0.04949074074074078,-0.04495370370370366,0.37241354553577233,0.09628573054069077,0.20016815745708808,0.8821060594972508,0.0018403996282081447,0.004537037037037117,0.012192522130062429,0.4862870600288382,0.10483476857833987,0.11737647638635684,0.0,0.9999999987499999,0.6153440262433099,0.2965360572252516,0.27905287616367686,0.3492503867013297,surprised,08,24,24,female,strong,2815
80,2.6693333333333333,True,1.0,0.6654568471930108,0.6411452443949498,0.6533010457939803,1.1200033947284929,-0.05458333333333343,-0.04481481481481486,0.35291739692759666,0.24547290880803663,0.19934383176905957,0.5833027371781772,0.024311602798060994,0.009768518518518565,0.027003854103842904,0.2710717685175374,0.09746005557974913,0.11917295391907716,0.0,0.9999999987499999,0.6108128388933699,0.3372017415711692,0.27506834037505207,0.3853650648619259,surprised,08,24,24,female,strong,2815
90,3.003,True,1.0,0.6319565240699245,0.6049565587695245,0.6184565414197245,0.9314006071541255,-0.055416666666666614,-0.048055555555555574,0.44205565486510395,0.06738738184970991,0.2027962129013617,0.6640070198251268,0.026999965300400053,0.0073611111111110406,0.01752056853734642,0.31817815526624144,0.09682022437778046,0.11857390901151729,0.0,0.9999999987499999,0.6198937793476765,0.33775529556997114,0.28187346180426553,0.4081752465530974,surprised,08,24,24,female,strong,2815
100,3.336666666666667,True,1.0,0.6514450688022407,0.6631393298059955,0.6572921993041181,0.8825598461974468,-0.0562962962962964,-0.049120370370370314,0.42987482674684746,0.1365804028418665,0.19079671543897028,0.7447565194996061,0.011694261003754813,0.0071759259259260855,0.04421351602071118,0.32719116044749186,0.0922165118928974,0.12171988677803905,0.0,0.9999999987499999,0.6533563745029262,0.31935812790349216,0.26731235084397825,0.3775996744207729,surprised,08,24,24,female,strong,2815
110,3.6703333333333332,True,1.0,0.6062921370285553,0.5870704193967341,0.5966812782126447,0.7811783510951593,-0.08157407407407408,-0.0731018518518518,0.39393002006151384,0.3508044753388991,0.17162782648735414,0.7638220866926712,0.019221717631821233,0.00847222222222227,0.031534484589966084,0.34357612856748154,0.09624756115187529,0.11855809915841026,0.0,0.9999999987499999,0.676701948021396,0.3018425876771121,0.2634889207257513,0.38174527996933916,surprised,08,24,24,female,strong,2815
0,0.0,True,1.0,0.6530269301655797,0.6987255861570476,0.6758762581613136,0.650185720289281,-0.0852777777777779,-0.07671296296296298,0.35419173797412756,0.26005397219269477,0.21606263738000825,1.0395126147350673,0.04569865599146794,0.008564814814814914,0.02495379759864396,0.4255473319912911,0.09856088724352181,0.11680527110312448,0.0,0.9999999987499999,0.6605574250715912,0.3046991252488808,0.2742256889275376,0.3840770189595672,surprised,08,24,24,female,strong,2816
10,0.33366666666666667,True,1.0,0.7040584665696483,0.6880162231232465,0.6960373448464474,0.6994273230767909,-0.08625,-0.07754629629629639,0.354010470179037,0.2695524393740872,0.21675679215296678,0.9951532087487933,0.016042243446401816,0.008703703703703602,0.021174247865213797,0.3989543974578599,0.09952066470908395,0.11745762076472377,0.0,0.9999999987499999,0.6611090249068378,0.30581003322281586,0.27454425278969097,0.385269921561547,surprised,08,24,24,female,strong,2816
20,0.6673333333333333,True,1.0,0.7955800093964418,0.755226171203026,0.775403090299734,1.1510909460358933,-0.09175925925925926,-0.09226851851851853,0.35553544732601244,0.4881084712990218,0.21416835829873057,0.6736245237355514,0.04035383819341576,0.0005092592592592649,0.015414163943124733,0.23530310514648106,0.09667630861713322,0.11933161730636883,0.0,0.9999999987499999,0.6463146146505478,0.3133716328604468,0.2809251042540403,0.38589754712505864,surprised,08,24,24,female,strong,2816
30,1.0010000000000001,True,1.0,0.8152599388269606,0.7627362535122882,0.7889980961696244,0.9425447803630662,-0.08481481481481484,-0.08009259259259255,0.3507772926244492,0.3090310755288742,0.23125527865596923,0.8370934862805182,0.05252368531467233,0.004722222222222294,0.0010344998167901387,0.3507930988097314,0.09459483262476737,0.12083069655315455,0.0,0.9999999987499999,0.6369131460318502,0.3276746740688767,0.29073224858763064,0.3997735347191787,surprised,08,24,24,female,strong,2816
40,1.3346666666666667,True,1.0,0.6923462679916952,0.6992565579725002,0.6958014129820977,0.7367413083293364,-0.09157407407407403,-0.08402777777777776,0.3855134297859812,0.2796888300139146,0.2160742897060998,0.9444311118646577,0.006910289980805007,0.007546296296296273,0.01029643631515603,0.35465048048169645,0.09350594437061066,0.12088985986678076,0.0,0.9999999987499999,0.6676727179465538,0.2994575087557361,0.27534130829634684,0.384153495831951,surprised,08,24,24,female,strong,2816
50,1.6683333333333334,True,1.0,0.5851168472550661,0.5430622554068796,0.5640895513309728,0.7750174013310557,-0.07999999999999996,-0.09013888888888888,0.4152494944424878,0.26441803658155577,0.20504128214762396,0.7278411431306907,0.042054591848186496,0.01013888888888892,0.06210608272129144,0.35024233460560933,0.09914038641512586,0.12065533646151766,0.0,0.9999999987499999,0.6586866198823279,0.3008282455752803,0.2855649171288507,0.38442585840089505,surprised,08,24,24,female,strong,2816
60,2.0020000000000002,True,1.0,0.6993486974529872,0.6439338850495638,0.6716412912512755,0.614867478767479,-0.07819444444444446,-0.08666666666666661,0.40250912077698514,0.24951593727028082,0.21409424890716572,1.0923350387592483,0.055414812403423386,0.008472222222222159,0.033327346752179396,0.44104486293259515,0.09637126666971285,0.12116089291716846,0.0,0.9999999987499999,0.6461468865671269,0.3036800247842244,0.27516444610204494,0.3942897295573303,surprised,08,24,24,female,strong,2816
70,2.3356666666666666,True,1.0,0.6648396882728237,0.6696954180267679,0.6672675531497958,1.3145908764670768,-0.08967592592592594,-0.09231481481481485,0.32547381645531204,0.753325512402154,0.18778359649290557,0.5075857174233988,0.004855729753944216,0.002638888888888913,0.02677022774573222,0.20718912217792926,0.09719017461908035,0.12269844430633332,0.0,0.9999999987499999,0.6673523470013004,0.30023563913228274,0.2867194558513236,0.3915773025459624,surprised,08,24,24,female,strong,2816
80,2.6693333333333333,True,1.0,0.6679718092532202,0.6965642795910997,0.6822680444221599,1.0593219910596776,-0.08324074074074078,-0.08430555555555552,0.35601721095143324,0.4005353521793603,0.21553597884623318,0.6440610599801321,0.028592470337879483,0.0010648148148147407,0.05017246485745892,0.29147198600968666,0.09635797230300053,0.12132859569522898,0.0,0.9999999987499999,0.6487626892866523,0.30723355524481977,0.2726995150518511,0.3768130250841547,surprised,08,24,24,female,strong,2816
90,3.003,True,1.0,0.6007554741114861,0.7189686551283759,0.659862064619931,0.7601560005720838,-0.08120370370370378,-0.07333333333333325,0.353332863175003,0.16190527738843777,0.23837900873616752,0.8680613770375123,0.11821318101688982,0.007870370370370527,0.09802165836888052,0.37086660688187034,0.10039484191898218,0.1199316890846882,0.0,0.9999999987499999,0.6124257027107719,0.3222163910513641,0.29238308578545597,0.3920494943507106,surprised,08,24,24,female,strong,2816
100,3.336666666666667,True,1.0,0.6122413252177983,0.708815621366932,0.6605284732923651,0.7680699035900094,-0.08837962962962959,-0.0832870370370371,0.36356580909731223,0.21855728330460517,0.23177727050985825,0.8599848401883884,0.09657429614913371,0.005092592592592482,0.07575765984389157,0.36406921130323333,0.0982155750887783,0.12125231254518845,0.0,0.9999999987499999,0.645225312961122,0.3075941711768671,0.287344534194618,0.39077634213695783,surprised,08,24,24,female,strong,2816
0,0.0,True,1.0,0.6052372671484776,0.669540100321315,0.6373886837348963,0.5457746910373821,-0.08393518518518517,-0.07893518518518522,0.3734656958209252,0.1958987449864373,0.21671736686452808,1.1678604636711511,0.06430283317283736,0.004999999999999949,0.01918285718475255,0.49033361717508084,0.0982453982233694,0.11641797880730212,0.0,0.9999999987499999,0.6585677384078632,0.30967909443726244,0.26714296882339794,0.39061914171601014,surprised,08,24,24,female,strong,2817
10,0.33366666666666667,True,1.0,0.6354601290233874,0.6451277328236781,0.6402939309235327,0.8820323428229775,-0.08629629629629632,-0.0800925925925925,0.37825014922887995,0.33074935400516775,0.21461213051359673,0.7259302180170039,0.009667603800290636,0.006203703703703822,0.01979364977674656,0.3163940298931531,0.09840358022393422,0.11726322162619573,0.0,0.9999999987499999,0.6525175070887731,0.3127007837371441,0.27685122344277,0.3902059105388152,surprised,08,24,24,female,strong,2817
20,0.6673333333333333,True,1.0,0.6947335608579065,0.7295183507292986,0.7121259557936026,0.7085340461364176,-0.08365740740740735,-0.07750000000000001,0.3911475070090704,0.1537038968766353,0.21814510723058167,1.0050694947924823,0.03478478987139211,0.006157407407407334,0.02373332239698353,0.42485168229060366,0.08978822550812836,0.11686455693251978,0.0,0.9999999987499999,0.6372814020373775,0.35380776674428194,0.2614512572324188,0.4112563095906501,surprised,08,24,24,female,strong,2817
30,1.0010000000000001,True,1.0,0.7384808629434939,0.726749765327587,0.7326153141355405,1.3847347218711907,-0.07717592592592587,-0.06773148148148145,0.2985116646329644,0.45268996478728124,0.2243395663768407,0.529065461105473,0.01173109761590696,0.009444444444444422,0.010239841138620958,0.26681998500877074,0.10000670634722712,0.11801668420563287,0.0,0.9999999987499999,0.6192654956357544,0.330307110751278,0.2760383898186578,0.3847548227902316,surprised,08,24,24,female,strong,2817
40,1.3346666666666667,True,1.0,0.668450958038932,0.6827978692358978,0.6756244136374149,0.6175381509691914,-0.06305555555555548,-0.05773148148148144,0.4054851878630166,0.10292302516153157,0.21527813217516756,1.0940610107684203,0.01434691119696585,0.005324074074074037,0.01823621639143717,0.43409396196772965,0.0994401898682754,0.11897579395141061,0.0,0.9999999987499999,0.6353628205032014,0.3189246332916961,0.2801127346396782,0.3862634264314519,surprised,08,24,24,female,strong,2817
50,1.6683333333333334,True,1.0,0.6535812167633184,0.5828111393049809,0.6181961780341496,0.7332988377348323,-0.055833333333333346,-0.04879629629629628,0.45998607264042846,0.06297896108761235,0.20321225052160685,0.8430344441070765,0.07077007745833752,0.007037037037037064,0.003343575294672257,0.3780190105973678,0.09762488570946282,0.11742656255945418,0.0,0.9999999987499999,0.6391027874274711,0.319445909912241,0.28306819952197987,0.40050923906694963,surprised,08,24,24,female,strong,2817
60,2.0020000000000002,True,1.0,0.7601407951806134,0.7435146604616769,0.7518277278211452,0.7601194107997951,-0.06555555555555548,-0.05967592592592591,0.3914179544653892,0.29855810008481637,0.20489127474057955,0.9890916047388851,0.01662613471893648,0.005879629629629568,0.012311085645657612,0.36153419633921685,0.09667570075387269,0.11820924154962531,0.0,0.9999999987499999,0.6465361499443527,0.31797238771180314,0.2640261658798593,0.38460818739990216,surprised,08,24,24,female,strong,2817
70,2.3356666666666666,True,1.0,0.7331021848642204,0.7198961583163634,0.726499171590292,1.168133903399366,-0.0773611111111111,-0.08291666666666664,0.32502413135156955,0.5199207181352663,0.22374754561468524,0.6219314151195504,0.013206026547856964,0.005555555555555536,0.013823055194560036,0.2619163306377434,0.09737633112339177,0.11908149129292539,0.0,0.9999999987499999,0.6427410219322105,0.31792207740274175,0.27892197789053524,0.3932700609003361,surprised,08,24,24,female,strong,2817
80,2.6693333333333333,True,1.0,0.6880832832687254,0.7232290638126302,0.7056561735406778,0.8501527628326997,-0.08740740740740743,-0.08314814814814814,0.42074322015628635,0.24018874312662397,0.2134362212841059,0.8300345589531923,0.035145780543904825,0.004259259259259296,0.008069164707432129,0.3288743993378513,0.09848609218045626,0.11784240825959283,0.0,0.9999999987499999,0.6556557779596214,0.30348364249174264,0.29231762371070835,0.4093820208567954,surprised,08,24,24,female,strong,2817
90,3.003,True,1.0,0.6781910337318285,0.7204525989013916,0.6993218163166101,0.6453938692991003,-0.07953703703703713,-0.07541666666666669,0.464424046563819,0.03962944811485692,0.22154017579487245,1.083558195363826,0.04226156516956303,0.004120370370370441,0.009027754094792529,0.38646455150388476,0.0972654118651524,0.11772449005688597,0.0,0.9999999987499999,0.6440886887176747,0.3187909089018822,0.28336536173269533,0.40514771709382386,surprised,08,24,24,female,strong,2817
100,3.336666666666667,True,1.0,0.6491600650392532,0.697522424947683,0.6733412449934681,0.5992975341644876,-0.08351851851851855,-0.07449074074074064,0.4465271203541859,0.011508132194280143,0.22322448203398362,1.1235508351159975,0.04836235990842985,0.009027777777777912,0.05437554583528055,0.40149730777778525,0.09758221414198821,0.11810903088943493,0.0,0.9999999987499999,0.6445972426783215,0.3152045374302835,0.28848780243419436,0.4110222658357198,surprised,08,24,24,female,strong,2817
0,0.0,True,1.0,0.6274251860065565,0.6743257963235467,0.6508754911650516,0.5079877864236031,-0.08175925925925925,-0.07328703703703704,0.3584802410706582,0.17919174144204764,0.21394916252147167,1.2812817720430323,0.04690061031699022,0.008472222222222214,0.024962044794005933,0.5291221941681387,0.09468500221327489,0.11804754481370917,0.0,0.9999999987499999,0.6617690803118124,0.3160890298935809,0.26200641830965504,0.39230396390525657,neutral,01,24,24,female,normal,2818
10,0.33366666666666667,True,1.0,0.6400861285493483,0.6622401653996396,0.651163146974494,0.4886744286542386,-0.08134259259259263,-0.07236111111111115,0.36388250716132187,0.17769979223790452,0.2125434382303195,1.332509148816592,0.02215403685029127,0.00898148148148148,0.02539538521019939,0.5454545454545465,0.09520432005630819,0.11827521174585894,0.0,0.9999999987499999,0.6609184472304548,0.31629633320497724,0.26213494344257615,0.38974902103463144,neutral,01,24,24,female,normal,2818
20,0.6673333333333333,True,1.0,0.6466143609189988,0.6621343890248608,0.6543743749719297,0.5318138651471976,-0.08129629629629631,-0.07319444444444445,0.354301388807211,0.18233618233618165,0.21463452564928703,1.2304575300811484,0.01552002810586195,0.00810185185185186,0.02098859894531223,0.5150787536377127,0.09476530602901694,0.11910808908971916,0.0,0.9999999987499999,0.6604820982221014,0.3159420048460617,0.26293342471003145,0.38921613528476623,neutral,01,24,24,female,normal,2818
30,1.0010000000000001,True,1.0,0.5775566034432987,0.6205831987530072,0.599069901098153,0.8126642833123966,-0.08050925925925922,-0.07444444444444442,0.4269342102582366,0.12062519563953998,0.2138945959961903,0.7371677498318998,0.043026595309708426,0.006064814814814801,0.018254038682005317,0.32555789743230645,0.09415207965788115,0.11863373181471067,0.0,0.9999999987499999,0.6610827820581358,0.3185260894043706,0.27722463445974616,0.4098997736908914,neutral,01,24,24,female,normal,2818
40,1.3346666666666667,True,1.0,0.6821242125765894,0.6615966432732907,0.67186042792494,0.7947755697754677,-0.07870370370370372,-0.07231481481481483,0.3735741832493389,0.21671164349391123,0.22154465268609197,0.8453460995470049,0.020527569303298687,0.006388888888888888,0.018916516695516822,0.35787968692358657,0.09447358942409904,0.11933960371567558,0.0,0.9999999987499999,0.6589880810058398,0.3174817353034496,0.27242115396972905,0.39365761579549624,neutral,01,24,24,female,normal,2818
50,1.6683333333333334,True,1.0,0.6789199869783605,0.6785004440920063,0.6787102155351834,0.995154616509184,-0.07921296296296287,-0.070925925925926,0.35301727761015417,0.32915420220664643,0.21251292469885805,0.6820148389764514,0.00041954288635426273,0.00828703703703687,0.01795394331902844,0.2946216750990954,0.0943140870730656,0.11930611529065344,0.0,0.9999999987499999,0.6588063636626525,0.31706980488888553,0.2685844682134527,0.3934781006617703,neutral,01,24,24,female,normal,2818
60,2.0020000000000002,True,1.0,0.6232646376683677,0.6782154852878068,0.6507400614780873,0.8444444444444438,-0.0820833333333334,-0.07388888888888895,0.36260651722278225,0.2666666666666657,0.21320732704585418,0.7706132306977356,0.054950847619439136,0.008194444444444449,0.01731640520263635,0.33598466571950314,0.09429513907349882,0.11884111691746323,0.0,0.9999999987499999,0.6589032379670617,0.3165975367688638,0.26515274453986387,0.39112757293791517,neutral,01,24,24,female,normal,2818
70,2.3356666666666666,True,1.0,0.6319621428541986,0.6317892852341526,0.6318757140441755,0.6836897593647039,-0.08245370370370364,-0.07481481481481478,0.3821748143346441,0.25638365976176425,0.2138945959961903,0.924214097679809,0.00017285762004604077,0.007638888888888862,0.01585771616168844,0.4264795019986317,0.0937311936585332,0.11912658691983948,0.0,0.9999999987499999,0.6599829870620123,0.3171919872390758,0.263313917496967,0.38964249321518774,neutral,01,24,24,female,normal,2818
80,2.6693333333333333,True,1.0,0.636349683310109,0.6320852646019338,0.6342174739560213,0.7022203410291631,-0.08277777777777773,-0.0750925925925926,0.37512897012025803,0.2579584926229577,0.20974004696401638,0.9031602146792305,0.004264418708175177,0.007685185185185128,0.017288358179489993,0.3793758471800406,0.09352127316934401,0.11992859388192027,0.0,0.9999999987499999,0.6604284132793743,0.3164910972142389,0.26226741667310477,0.38705801722577254,neutral,01,24,24,female,normal,2818
90,3.003,True,1.0,0.635067717510282,0.6604885534704088,0.6477781354903454,0.4476186797427842,-0.08212962962962955,-0.07407407407407407,0.38393618535471985,0.14685219307821687,0.21112881859473503,1.447165109066894,0.025420835960126786,0.008055555555555483,0.018348881238857098,0.5808295375268441,0.09483431821757103,0.11776595697142403,0.0,0.9999999987499999,0.6581124771549245,0.31731186073658585,0.2620527417397114,0.38843060512184385,neutral,01,24,24,female,normal,2818
100,3.336666666666667,True,1.0,0.6319565240699243,0.667486437528849,0.6497214807993866,0.4440591435966013,-0.08199074074074075,-0.07527777777777783,0.3854391658014961,0.14570690649263518,0.21043443258590488,1.4631417687676669,0.035529913458924645,0.006712962962962921,0.02216643581587789,0.5809192659944358,0.09461790903059591,0.11793989920260524,0.0,0.9999999987499999,0.6589528560252226,0.31680168991654156,0.2612261899731409,0.3905387701806588,neutral,01,24,24,female,normal,2818
110,3.6703333333333332,True,1.0,0.6214805905218944,0.6894609097845774,0.655470750153236,0.46560846560846614,-0.08310185185185187,-0.07509259259259266,0.38022696254781974,0.15520282186948908,0.21323022752658174,1.4077724065791075,0.067980319262683,0.008009259259259216,0.021673079489834976,0.5803371498791406,0.0944184448805024,0.11761468427522595,0.0,0.9999999987499999,0.6577650436502727,0.31733674695988295,0.26230407629610536,0.39058158688887734,neutral,01,24,24,female,normal,2818
0,0.0,True,1.0,0.607662503444383,0.630375928965216,0.6190192162047995,0.49257435750393275,-0.08203703703703702,-0.07490740740740748,0.35889090975571675,0.18655409657737793,0.21394024737382508,1.2567020730466205,0.022713425520832997,0.007129629629629541,0.02545407054069293,0.5292004084230423,0.09510349731792288,0.11787239382486629,0.0,0.9999999987499999,0.6620742052524136,0.3146150175216172,0.26411660890771277,0.3923878105285382,neutral,01,24,24,female,normal,2819
10,0.33366666666666667,True,1.0,0.6413580395121546,0.6778189857742221,0.6595885126431884,0.5036484366743834,-0.08171296296296299,-0.07564814814814808,0.36233275880536264,0.18516486642440522,0.21324597018050614,1.3096208875351334,0.03646094626206742,0.006064814814814912,0.020043516457953804,0.5294117647058835,0.0948516541949552,0.11791368104404343,0.0,0.9999999987499999,0.6614693147727843,0.31247851813473265,0.26043889124439923,0.3874883399527074,neutral,01,24,24,female,normal,2819
20,0.6673333333333333,True,1.0,0.6685758074009126,0.6388289207904388,0.6537023640956757,0.8496732026143795,-0.08652777777777776,-0.07856481481481475,0.4121960561757624,0.20915032679738602,0.20974004696401638,0.7693573977433719,0.029746886610473755,0.007962962962963005,0.019606069520243085,0.3201923076923079,0.0944506176768928,0.11758884943451044,0.0,0.9999999987499999,0.6585704965658138,0.31875567157713,0.2660001570720716,0.3964532627167603,neutral,01,24,24,female,normal,2819
30,1.0010000000000001,True,1.0,0.6094030673505413,0.6229041321599961,0.6161535997552687,0.824476650563607,-0.08416666666666667,-0.07754629629629622,0.41998592523318823,0.14170692431562046,0.21042246794808075,0.7473269247031679,0.013501064809454788,0.006620370370370443,0.013898427470773177,0.32519531249999956,0.09368240463677674,0.11836286452929141,0.0,0.9999999987499999,0.6579251152335936,0.3189281640482557,0.2714185348570082,0.40175351439170565,neutral,01,24,24,female,normal,2819
40,1.3346666666666667,True,1.0,0.5870413337667704,0.6346727520674351,0.6108570429171027,0.8965160925966992,-0.08245370370370375,-0.07643518518518516,0.36271030345989236,0.29878618113912264,0.21946669410762734,0.6813676273760976,0.04763141830066475,0.00601851851851859,0.017199339796337164,0.30932063201067056,0.09356571672469007,0.11893666017973104,0.0,0.9999999987499999,0.6593921144707883,0.31710518329886317,0.2690991628487974,0.392028304096858,neutral,01,24,24,female,normal,2819
50,1.6683333333333334,True,1.0,0.6369834280280345,0.6804697178610659,0.6587265729445502,1.1439568599157264,-0.08398148148148149,-0.07782407407407399,0.3496464796615476,0.3786987135852366,0.2153132146292948,0.5758316559184562,0.04348628983303138,0.0061574074074075,0.016014454705992033,0.2660165579113439,0.09492884161047882,0.11768977680288786,0.0,0.9999999987499999,0.6583413187540641,0.3176693853028404,0.2724786965369377,0.39901475359764893,neutral,01,24,24,female,normal,2819
60,2.0020000000000002,True,1.0,0.6559176658156326,0.6625572873804151,0.6592374765980238,0.7804062945179211,-0.08351851851851855,-0.0765277777777778,0.3717104997947504,0.2673614157144722,0.21460608698134462,0.8447362370459266,0.006639621564782483,0.006990740740740742,0.018020506124350247,0.35416666666666746,0.09437231763832295,0.117651699325922,0.0,0.9999999987499999,0.6601707959590086,0.315065894169313,0.2627715426243819,0.38440337192002827,neutral,01,24,24,female,normal,2819
70,2.3356666666666666,True,1.0,0.637022205460884,0.650727988859489,0.6438750971601865,0.7542324123206786,-0.0822222222222222,-0.07518518518518519,0.3657227328156821,0.2957774165963443,0.2180643024566552,0.8536826137968051,0.013705783398605065,0.007037037037037008,0.016232825859189046,0.38801620687464233,0.09456910412979838,0.11894400683652734,0.0,0.9999999987499999,0.660688491451268,0.3133336914257174,0.2655050573877259,0.3877423434458719,neutral,01,24,24,female,normal,2819
80,2.6693333333333333,True,1.0,0.6546527276441777,0.6671083792481157,0.6608805534461467,0.534778681120145,-0.0818518518518519,-0.07416666666666671,0.37095436923731256,0.21680216802168065,0.21598493914082864,1.2358019808528442,0.012455651603938023,0.007685185185185184,0.013225608614787762,0.48648648648648657,0.09557466371688254,0.11797614982119856,0.0,0.9999999987499999,0.6623247270079906,0.3138952779605216,0.2622175014337069,0.3869697679148285,neutral,01,24,24,female,normal,2819
90,3.003,True,1.0,0.6529795696162981,0.6957443524265323,0.6743619610214152,0.4836217274985083,-0.08046296296296301,-0.0725925925925926,0.37433127221675766,0.18488888888888824,0.21599482955988772,1.3943996364875795,0.042764782810234214,0.007870370370370416,0.01882283133584222,0.5458811814876837,0.09612778014374039,0.11801122827218437,0.0,0.9999999987499999,0.6596219496626776,0.31485511747827216,0.26339279949178124,0.3888957077934308,neutral,01,24,24,female,normal,2819
100,3.336666666666667,True,1.0,0.6940037489874908,0.7066459236116173,0.700324836299554,0.5100182149362472,-0.08013888888888887,-0.07324074074074077,0.36644162469564123,0.20400728597449844,0.21600083423622596,1.3731369111730554,0.012642174624126423,0.006898148148148098,0.018568491345379436,0.5142857142857153,0.09495597189666108,0.1181526291582697,0.0,0.9999999987499999,0.6613007186233869,0.314268582443903,0.260801951741447,0.38657775017909946,neutral,01,24,24,female,normal,2819
0,0.0,True,1.0,0.6312766789024977,0.6658962438284571,0.6485864613654775,0.4553421586799762,-0.08310185185185182,-0.07564814814814813,0.36233150867766706,0.19091851043578095,0.21253590000059402,1.4243936103911639,0.03461956492595941,0.007453703703703685,0.029665494251638412,0.6176765806483917,0.09421829007993612,0.11874171209078076,0.0,0.9999999987499999,0.6595347833039465,0.31658285718035317,0.25805442026913866,0.3869222674641554,neutral,01,24,24,female,normal,2820
10,0.33366666666666667,True,1.0,0.6137431848252677,0.6596751284913955,0.6367091566583316,0.43704973908341593,-0.0832870370370371,-0.07518518518518519,0.36903825037446675,0.17478917367386598,0.2111472472556306,1.4568345424336437,0.04593194366612785,0.008101851851851916,0.026346559708351286,0.6186412640213421,0.09579665398105655,0.11763411669030292,0.0,0.9999999987499999,0.6594499089166916,0.3176314279435046,0.2592135749497144,0.3889035088356337,neutral,01,24,24,female,normal,2820
20,0.6673333333333333,True,1.0,0.6319621428541986,0.6622401653996401,0.6471011541269194,0.45905779661458934,-0.08300925925925923,-0.07513888888888887,0.3625748106983694,0.2073164242775566,0.2111548350602788,1.409628937574075,0.03027802254544154,0.007870370370370361,0.028207587053168462,0.5806451612903222,0.09513609638070328,0.11816897853883272,0.0,0.9999999987499999,0.6594779883203281,0.3175022191563368,0.25772725188476603,0.38570165069792617,neutral,01,24,24,female,normal,2820
30,1.0010000000000001,True,1.0,0.6092309764750845,0.6450248421416542,0.6271279093083694,0.9256674979706616,-0.08509259259259261,-0.0766203703703704,0.37012857589004927,0.3305428378448515,0.21672616777389866,0.6774872302238333,0.035793865666569724,0.008472222222222214,0.016008737982436606,0.3039376705396888,0.09273634536900133,0.11862469828442881,0.0,0.9999999987499999,0.6586647186296394,0.3185158861776017,0.2659507570549518,0.3899836626687918,neutral,01,24,24,female,normal,2820
40,1.3346666666666667,True,1.0,0.6095579746296625,0.6061541935066344,0.6078560840681484,0.7630716843342393,-0.08666666666666661,-0.07884259259259263,0.39157245946107183,0.23574758339572258,0.21876255544325338,0.7965910628678188,0.0034037811230281934,0.007824074074073983,0.008851607025167484,0.3480385112656604,0.09460290450995122,0.1185962679914533,0.0,0.9999999987499999,0.6592724649234694,0.3170952212696868,0.2676817483271625,0.38944550442430625,neutral,01,24,24,female,normal,2820
50,1.6683333333333334,True,1.0,0.6001924154313848,0.6174396244443331,0.6088160199378589,0.7223587948863793,-0.0847222222222222,-0.0773611111111111,0.39414383460190094,0.19081175713979853,0.21528096733328264,0.8428166504619361,0.017247209012948295,0.007361111111111096,0.01768313822601054,0.36281680770859454,0.09465052353239084,0.11855826718774962,0.0,0.9999999987499999,0.6621337396599265,0.3173039492490864,0.2698907555201322,0.3994952509164399,neutral,01,24,24,female,normal,2820
60,2.0020000000000002,True,1.0,0.6648895847465279,0.6662863409430273,0.6655879628447776,0.9171075837742493,-0.08518518518518509,-0.0796296296296296,0.38262138506292265,0.2680776014109338,0.21390172966618565,0.7257468748711334,0.0013967561964993713,0.00555555555555548,0.010392894974514186,0.29423076923077,0.0922739649872615,0.11946412023444485,0.0,0.9999999987499999,0.6577569890221714,0.3181548465961271,0.26060053201113403,0.3850159761611134,neutral,01,24,24,female,normal,2820
70,2.3356666666666666,True,1.0,0.6533271251374649,0.6991566946954672,0.676241909916466,0.8296421205484623,-0.08648148148148149,-0.07754629629629628,0.3649500215525228,0.3257829524361597,0.2160626373800083,0.8151007442454995,0.045829569558002214,0.008935185185185213,0.040769668873594685,0.3318032528884139,0.09487265927291998,0.11918255989702858,0.0,0.9999999987499999,0.6576243388918067,0.31543888883418714,0.2692233911281657,0.39468618975551295,neutral,01,24,24,female,normal,2820
80,2.6693333333333333,True,1.0,0.7108380658451736,0.7154658917622662,0.7131519788037199,0.6413072124233566,-0.0827314814814814,-0.07689814814814805,0.37154480884355556,0.18213002660411218,0.2146188848482512,1.1120286268243857,0.004627825917092543,0.005833333333333357,0.022748432211704087,0.40958787738644387,0.09384811142077891,0.11871396069325306,0.0,0.9999999987499999,0.6580023512686324,0.31654875656055315,0.26772388686326365,0.38928958067674174,neutral,01,24,24,female,normal,2820
90,3.003,True,1.0,0.7100076285707764,0.7244624253386299,0.7172350269547032,0.46421847323666676,-0.08180555555555558,-0.07680555555555557,0.3830949833104419,0.15464965102875763,0.21668920155246418,1.5450376671870276,0.01445479676785355,0.0050000000000000044,0.0027989861994149215,0.5629885969887564,0.09319104598479588,0.11923045512308116,0.0,0.9999999987499999,0.659858441892382,0.31660625637220274,0.2605138027177109,0.3852143800629159,neutral,01,24,24,female,normal,2820
100,3.336666666666667,True,1.0,0.6660389798174059,0.7035405508207025,0.6847897653190542,0.4444719267619017,-0.08078703703703699,-0.0766203703703704,0.37463924207783483,0.1648576098314047,0.2145847555070186,1.5406817035845952,0.03750157100329665,0.004166666666666596,0.0035961416042617073,0.5814448167327875,0.09522407059393184,0.11793666416965123,0.0,0.9999999987499999,0.6599442442133104,0.31598117619824195,0.26140733431584834,0.3865652813952866,neutral,01,24,24,female,normal,2820
0,0.0,True,1.0,0.6408859133866448,0.665896243828457,0.653391078607551,0.42952876730289874,-0.08254629629629634,-0.07425925925925925,0.3623142538580199,0.1554021476725208,0.21742042217090007,1.5211811835335982,0.025010330441812223,0.008287037037037093,0.02882983434583929,0.6405325733739875,0.09457199802623047,0.11878141883215206,0.0,0.9999999987499999,0.661913503245048,0.3170249989409761,0.2603739943318352,0.39333121292998124,neutral,01,24,24,female,normal,2821
10,0.33366666666666667,True,1.0,0.6265966114146374,0.6621343890248608,0.644365500219749,0.4445699532724214,-0.08277777777777778,-0.0748611111111111,0.3498197299711756,0.15318476297157677,0.21535750249371138,1.4494130686895474,0.035537777610223364,0.007916666666666683,0.03045818206277559,0.5426952494299425,0.0947898954838593,0.11844686588342623,0.0,0.9999999987499999,0.66003059773128,0.3165881143759392,0.2614070960569293,0.39022283147949444,neutral,01,24,24,female,normal,2821
20,0.6673333333333333,True,1.0,0.6591827670211303,0.6696380583718722,0.6644104126965013,0.7356826940274263,-0.08421296296296299,-0.07837962962962963,0.3503730543902849,0.32183908045977017,0.2104605348892679,0.9031208944976651,0.010455291350741858,0.005833333333333357,0.01837898451438898,0.35153836260491267,0.11017361333512882,0.11572130222283969,0.0,0.9999999987499999,0.6128332253370098,0.28967551162578586,0.2864480907941947,0.3510592398778023,neutral,01,24,24,female,normal,2821
30,1.0010000000000001,True,1.0,0.6192305306559732,0.6515305245760826,0.6353805276160279,1.0323077973061332,-0.08509259259259261,-0.07819444444444446,0.3585015929075663,0.38706245660166133,0.21667546963537435,0.6154952324046085,0.032299993920109404,0.006898148148148153,0.013785232021209824,0.2815956702553066,0.09407665007741059,0.1186935564312708,0.0,0.9999999987499999,0.6576180226231118,0.3181479763020336,0.2681072641843465,0.39126466283311245,neutral,01,24,24,female,normal,2821
40,1.3346666666666667,True,1.0,0.6284249785427848,0.6264937681254824,0.6274593733341336,0.8099692226306354,-0.08324074074074078,-0.07587962962962963,0.3816587542804549,0.26287194801871455,0.21668392014887738,0.7746706366153736,0.0019312104173023759,0.007361111111111152,0.014640171887152553,0.33596830685767803,0.09479532949509548,0.11876378961763881,0.0,0.9999999987499999,0.6578784409466911,0.3177564714758297,0.26743446498253837,0.3924236164794205,neutral,01,24,24,female,normal,2821
50,1.6683333333333334,True,1.0,0.6313827359122257,0.6388308718686811,0.6351068038904535,0.7155791170097261,-0.08356481481481487,-0.0762962962962963,0.3905459917510566,0.17888431356101517,0.21319766516777558,0.8875423957932819,0.007448135956455437,0.007268518518518563,0.014896345803798438,0.3697724203415889,0.09431612596746544,0.11914470445991998,0.0,0.9999999987499999,0.6616706190992021,0.31715913105777915,0.26412573491427377,0.3919824001935812,neutral,01,24,24,female,normal,2821
60,2.0020000000000002,True,1.0,0.6929475144193286,0.6672059815221404,0.6800767479707345,0.9641462812204235,-0.08333333333333326,-0.07583333333333342,0.35795158269336075,0.33894458591313986,0.21250897556871717,0.7053667697705459,0.02574153289718817,0.00749999999999984,0.015618024147294187,0.29881658378797665,0.0944327072008419,0.11808823965176668,0.0,0.9999999987499999,0.6592824832042192,0.3182914496669304,0.26522228959680766,0.39037085235118496,neutral,01,24,24,female,normal,2821
70,2.3356666666666666,True,1.0,0.6727934133450109,0.6812964439099826,0.6770449286274967,0.825607708137625,-0.08203703703703702,-0.07587962962962957,0.34627239287104183,0.3193388305060623,0.21736146211172627,0.820056452906368,0.008503030564971703,0.006157407407407445,0.015518914654580069,0.33116642634813104,0.09312428685905198,0.11848130628962633,0.0,0.9999999987499999,0.6586342579297345,0.3172040595116489,0.2668763738534642,0.3903785916612669,neutral,01,24,24,female,normal,2821
80,2.6693333333333333,True,1.0,0.7017339393520009,0.7146167415602213,0.7081753404561111,0.544746884660295,-0.07981481481481484,-0.07430555555555557,0.378439361706593,0.19352849849773596,0.21461213051359673,1.300008059518744,0.012882802208220356,0.005509259259259269,0.014341132725672254,0.4736842105263158,0.09414148283236971,0.11880261607243205,0.0,0.9999999987499999,0.6586037179246699,0.31656379517202293,0.2623366188979746,0.38632862445506994,neutral,01,24,24,female,normal,2821
90,3.003,True,1.0,0.6727934133450099,0.6922348436743204,0.6825141285096652,0.49384177888112274,-0.08092592592592596,-0.07421296296296287,0.38207531222226127,0.176349290655428,0.21600083423622596,1.3820501984583196,0.01944143032931056,0.006712962962963087,0.0153382673295304,0.5142193095107622,0.09495361611836232,0.11783158857905844,0.0,0.9999999987499999,0.6583425421262254,0.3180029904346692,0.26257586471760663,0.3907978412461477,neutral,01,24,24,female,normal,2821
100,3.336666666666667,True,1.0,0.6630595817613132,0.6813940461840073,0.6722268139726603,0.49143416706441007,-0.08092592592592596,-0.0736574074074074,0.3738058070274194,0.1951015736294797,0.21601496222801458,1.367887825114436,0.018334464422694152,0.007268518518518563,0.017702200447618017,0.5127974735187315,0.09491021432764545,0.1181893886608893,0.0,0.9999999987499999,0.658691231828669,0.3178663260407086,0.2604456099124831,0.38877500061130327,neutral,01,24,24,female,normal,2821
0,0.0,True,1.0,0.598640775872061,0.6583526330608979,0.6284967044664794,0.4651387636484022,-0.07601851851851849,-0.06935185185185189,0.38824620242370944,0.11269544465151395,0.2063698160501251,1.3512025949777846,0.05971185718883687,0.006666666666666599,0.03099945481012401,0.5459784745404936,0.09232132902663231,0.11830555866801945,0.0,0.9999999987499999,0.6678068179459283,0.31831221622162503,0.2647763364793705,0.3934024171737444,calm,02,24,24,female,normal,2822
10,0.33366666666666667,True,1.0,0.603505249510619,0.6432869829974669,0.6233961162540429,0.4439632202776983,-0.07652777777777775,-0.06884259259259257,0.38508643254322744,0.10725166881543456,0.20634467524023967,1.40416162371313,0.03978173348684788,0.007685185185185184,0.028814450303630203,0.5806808216399066,0.09264513480742288,0.11869594682119125,0.0,0.9999999987499999,0.6660463590279861,0.31889728199955664,0.265572750069046,0.39179126275608117,calm,02,24,24,female,normal,2822
20,0.6673333333333333,True,1.0,0.5307099266407908,0.543716193988257,0.5372130603145239,0.6934405667105394,-0.07888888888888879,-0.071388888888889,0.4395839754411645,0.14498453621073285,0.2035262093006682,0.7747067104292601,0.013006267347466238,0.007499999999999785,0.02479281494770746,0.41969023385403315,0.09218771009249258,0.11937119752330833,0.0,0.9999999987499999,0.658353497328619,0.3226463897975035,0.2702567068149755,0.3973959101524635,calm,02,24,24,female,normal,2822
30,1.0010000000000001,True,1.0,0.5188367397543983,0.5254371211877001,0.5221369304710493,0.7063528131876308,-0.07773148148148151,-0.06944444444444448,0.4701780717194117,0.04120391410261163,0.20283194969418367,0.7392013179854815,0.006600381433301883,0.008287037037037037,0.027706769515122697,0.37537018765184016,0.0919086456174614,0.11862644673837394,0.0,0.9999999987499999,0.662764909033926,0.3222319691311821,0.2788988882417994,0.41752857484142575,calm,02,24,24,female,normal,2822
40,1.3346666666666667,True,1.0,0.2162082278451288,0.19038028100864196,0.20329425442688537,0.5921374396151224,-0.09000000000000002,-0.08402777777777776,0.39977093142910486,0.1170404103908698,0.21113423895609143,0.3433227504733066,0.025827946836486843,0.005972222222222268,0.016196819572122788,0.4578096680249194,0.09202244381813365,0.1188592055073916,0.0,0.9999999987499999,0.6609452201661914,0.32200205733573034,0.25867422132758255,0.3827882204061514,calm,02,24,24,female,normal,2822
50,1.6683333333333334,True,1.0,0.5733454921158317,0.5558063009397298,0.5645758965277807,0.8130921619293717,-0.07949074074074064,-0.07324074074074083,0.3955936607844743,0.22049956933677897,0.20071307091842536,0.6943565846067299,0.01753919117610192,0.006249999999999811,0.02111102980170736,0.35316118939747465,0.09275016463693161,0.11813104550703062,0.0,0.9999999987499999,0.6661337718681223,0.31888798817633474,0.26451901023466007,0.3940719770060341,calm,02,24,24,female,normal,2822
60,2.0020000000000002,True,1.0,0.5700518647589468,0.5611427572561632,0.565597311007555,0.7750310707848376,-0.07888888888888884,-0.07240740740740742,0.4098945578782549,0.17370569180578135,0.2020893738358381,0.7297737243421752,0.008909107502783509,0.0064814814814814214,0.015269013607944377,0.3689202201633324,0.09247044684253283,0.11899230732898615,0.0,0.9999999987499999,0.6630155031543868,0.3189483303346055,0.2647116168868097,0.389144234349085,calm,02,24,24,female,normal,2822
70,2.3356666666666666,True,1.0,0.5826745734232212,0.5988044591450858,0.5907395162841536,0.6814576520340182,-0.07708333333333328,-0.07124999999999998,0.37503536246751273,0.12591210916859563,0.2097254962679616,0.8668763415025296,0.01612988572186469,0.0058333333333333015,0.0022513374984097674,0.37967053445721705,0.09310672214912709,0.11881624017137794,0.0,0.9999999987499999,0.6672507284788916,0.31553968403293875,0.27050132365060814,0.38823731169460945,calm,02,24,24,female,normal,2822
80,2.6693333333333333,True,1.0,0.5994790759899714,0.5905971351075587,0.595038105548765,0.4530402718515138,-0.07560185185185181,-0.07023148148148156,0.4267534781256459,0.05174930522941703,0.2028018559715217,1.3134331372284531,0.008881940882412676,0.005370370370370248,0.003949928612996222,0.5970737927184117,0.09365628970602793,0.11822248554638973,0.0,0.9999999987499999,0.6656434973208034,0.3159815014653221,0.26652848834305065,0.38684134127179093,calm,02,24,24,female,normal,2822
90,3.003,True,1.0,0.6173350643780199,0.6532772121439278,0.6353061382609738,0.40324126343839434,-0.07518518518518524,-0.06944444444444448,0.4341304231937447,-0.006299671547133096,0.20556483433948203,1.5754988287750802,0.03594214776590787,0.0057407407407407685,0.004370509145084006,0.6327147561322682,0.09190462186704357,0.11846885471311235,0.0,0.9999999987499999,0.6647150773043593,0.3175998459389075,0.26850548935791924,0.3918399672237225,calm,02,24,24,female,normal,2822
100,3.336666666666667,True,1.0,0.5576501132863246,0.5982557804018869,0.5779529468441058,0.4064119805182825,-0.07412037037037045,-0.06884259259259246,0.4354697422896467,0.0,0.20833333333333337,1.422086391515977,0.04060566711556224,0.005277777777777992,0.015801677373527206,0.6685960576762071,0.09278626288073215,0.11842488872070253,0.0,0.9999999987499999,0.6629634312553147,0.318598198442944,0.2706443797298739,0.3919843982951722,calm,02,24,24,female,normal,2822
0,0.0,True,1.0,0.6363371980336644,0.6673592874187085,0.6518482427261865,0.4403348291942392,-0.07453703703703701,-0.07013888888888886,0.42359925980186813,0.07122088794392015,0.2097353180985255,1.480346771385293,0.031022089385044138,0.004398148148148151,0.01945673790255064,0.5797112715998843,0.09250211065784356,0.11832538390570034,0.0,0.9999999987499999,0.6595264505489695,0.3190449033541699,0.26807642227417344,0.3930723799959864,calm,02,24,24,female,normal,2823
10,0.33366666666666667,True,1.0,0.6134151165929196,0.6411605095468964,0.627287813069908,0.5704795340106017,-0.07597222222222239,-0.06972222222222219,0.4125683898860959,0.07296207001611253,0.20694481311284513,1.0995798721470884,0.027745392953976822,0.0062500000000002,0.017532789967997193,0.4714637631348846,0.09387909010290314,0.11772240754022723,0.0,0.9999999987499999,0.659695537527511,0.3190618752970763,0.26846451093602197,0.394016103164246,calm,02,24,24,female,normal,2823
20,0.6673333333333333,True,1.0,0.5754530579069655,0.5812554854251595,0.5783542716660626,0.6760033619137975,-0.07643518518518516,-0.07055555555555554,0.4395236987350337,0.04381503271663583,0.204176008568694,0.8555494014537358,0.005802427518193931,0.0058796296296296235,0.02202902152938165,0.38586129952686954,0.09294302947835745,0.11830189398021138,0.0,0.9999999987499999,0.6577977666379051,0.32317104905924743,0.2694336557276308,0.400883649345028,calm,02,24,24,female,normal,2823
30,1.0010000000000001,True,1.0,0.5316184304147619,0.5047927291722144,0.5182055797934881,0.6975935545209383,-0.07481481481481478,-0.06879629629629636,0.4918419974911457,0.016876568860419692,0.20626812479547255,0.7428474309074686,0.02682570124254746,0.006018518518518423,0.023311265303403033,0.38103270569085096,0.09180457228624125,0.1190275657461652,0.0,0.9999999987499999,0.6624015649697379,0.32276713660861767,0.27847913844045025,0.41574649754394166,calm,02,24,24,female,normal,2823
40,1.3346666666666667,True,1.0,0.2224093756321159,0.19353540734284913,0.20797239148748253,0.5835453774385062,-0.08407407407407402,-0.07870370370370366,0.408311498545327,0.02714164546225605,0.20834248840561398,0.3563945487845092,0.028873968289266777,0.005370370370370359,0.017619393984121292,0.4845700040570012,0.09231008139885533,0.11831433504712265,0.0,0.9999999987499999,0.6603834417829633,0.3218566175161624,0.2615708504872965,0.38558586465869527,calm,02,24,24,female,normal,2823
50,1.6683333333333334,True,1.0,0.5318403266211135,0.5536894201286351,0.5427648733748742,0.7806547665684247,-0.07518518518518513,-0.06847222222222221,0.40964849093974304,0.14129885421151542,0.20416704035095473,0.6952687623502786,0.021849093507521622,0.006712962962962921,0.014832924771468487,0.3494976459719672,0.09329875438331289,0.11834396973860281,0.0,0.9999999987499999,0.661139352920856,0.31992033116017615,0.26683643842700333,0.392906610363586,calm,02,24,24,female,normal,2823
60,2.0020000000000002,True,1.0,0.5798569296087366,0.624621346798282,0.6022391382035093,0.752607879070947,-0.07648148148148148,-0.06930555555555551,0.4242362530485555,0.14921695877116675,0.20347822149384784,0.8002030738064294,0.04476441718954538,0.0071759259259259744,0.01997689580621045,0.3685171524392656,0.0917311013831712,0.11924407694559146,0.0,0.9999999987499999,0.6615695781359419,0.31969323910625813,0.26678280697211165,0.3926764649198819,calm,02,24,24,female,normal,2823
70,2.3356666666666666,True,1.0,0.6000076498990825,0.596500255245508,0.5982539525722952,0.7487627404473147,-0.07490740740740748,-0.06800925925925927,0.3619807485249334,0.26741526444546865,0.20902923774983864,0.7989900141330419,0.003507394653574525,0.006898148148148209,0.012288495450853285,0.37937584718004036,0.09348364389371416,0.11819797404098054,0.0,0.9999999987499999,0.664199783272684,0.31898748037265245,0.26948869371422224,0.3951186831879003,calm,02,24,24,female,normal,2823
80,2.6693333333333333,True,1.0,0.5662456753162067,0.6138496755586784,0.5900476754374426,0.4226259126576627,-0.0732870370370371,-0.06773148148148156,0.4408739361477242,0.006211687506048156,0.20626812479547246,1.3961464684618041,0.04760400024247169,0.005555555555555536,0.024574770386157418,0.6310770845468209,0.09415657698001803,0.11879065361810423,0.0,0.9999999987499999,0.6606672757774986,0.31844708389101317,0.27012073689740324,0.3938567998046332,calm,02,24,24,female,normal,2823
90,3.003,True,1.0,0.6035052495106195,0.6303749917352499,0.6169401206229347,0.387603231457677,-0.0748611111111111,-0.06777777777777771,0.4383370058222042,-0.03123776201441075,0.2104529220518775,1.5916795076831018,0.026869742224630455,0.007083333333333386,0.03137431985424338,0.6379293093172339,0.0932795531647586,0.11868060329864516,0.0,0.9999999987499999,0.658725322285164,0.32083423180321174,0.2707130768061447,0.39494948151840836,calm,02,24,24,female,normal,2823
100,3.336666666666667,True,1.0,0.5905619064968642,0.648681128048509,0.6196215172726867,0.38623262808631387,-0.07361111111111118,-0.0673611111111111,0.4244260041874377,-0.012865378145191439,0.20905113610721196,1.6042702563549756,0.05811922155164473,0.006250000000000089,0.02502302545265296,0.6566344816002669,0.09366962603088425,0.11821191923763412,0.0,0.9999999987499999,0.6589068554765657,0.32031335532143285,0.2669940644104326,0.3915370121947443,calm,02,24,24,female,normal,2823
0,0.0,True,1.0,0.6192586304981988,0.6847434020331188,0.6520010162656589,0.5516593559147038,-0.07425925925925925,-0.06847222222222221,0.35795744513594907,0.20687225846801424,0.20425072840303013,1.1818906165102177,0.06548477153491994,0.005787037037037035,0.020115243153478606,0.4687499999999996,0.09309703431778163,0.1172094849573205,0.0,0.9999999987499999,0.6629529664131277,0.3177231154717488,0.26027589176148586,0.3916731889294983,calm,02,24,24,female,normal,2824
10,0.33366666666666667,True,1.0,0.6229972624405995,0.6432869829974674,0.6331421227190335,0.674012957074941,-0.0766203703703704,-0.06949074074074074,0.3577392303253606,0.2450956207545231,0.2028515082198216,0.9393619456022367,0.02028972055686795,0.007129629629629652,0.022129640268506598,0.40972173584818095,0.09386872886443288,0.11789238518457713,0.0,0.9999999987499999,0.6578614743709985,0.3214924925964802,0.25689369700638187,0.3860263312544709,calm,02,24,24,female,normal,2824
20,0.6673333333333333,True,1.0,0.6325191913218892,0.6525387897134739,0.6425289905176815,0.6077171241372245,-0.07634259259259257,-0.07120370370370371,0.36049676057249097,0.22029745749974422,0.20349621824753747,1.0572830104629345,0.020019598391584736,0.0051388888888888595,0.013851387454790507,0.4647354127955501,0.0929977245050604,0.1187412309480958,0.0,0.9999999987499999,0.6546338266634778,0.32638434783858855,0.25470016410070645,0.38695392531293404,calm,02,24,24,female,normal,2824
30,1.0010000000000001,True,1.0,0.6040729410272194,0.6134950736269664,0.6087840073270929,0.648192568771983,-0.07782407407407405,-0.07208333333333339,0.3888101961004053,0.19721702814015027,0.20565055049708245,0.9392023862298352,0.009422132599747002,0.005740740740740657,0.019403748457707832,0.40399694869629915,0.09263620880169467,0.1190234830146174,0.0,0.9999999987499999,0.6542455425998525,0.32549578706223203,0.25676268205659214,0.3866780073380496,calm,02,24,24,female,normal,2824
40,1.3346666666666667,True,1.0,0.5761956563119405,0.6010768738684089,0.5886362650901746,0.6441120523119495,-0.07810185185185181,-0.0724999999999999,0.39112838002619676,0.20997375328083923,0.2021018318020688,0.9138724589570211,0.024881217556468438,0.005601851851851913,0.013678384974200911,0.3911873765327045,0.10989979471431296,0.11581699373209088,0.0,0.9999999987499999,0.6235429070299995,0.29061469945378043,0.2882927560321905,0.3535443342242916,calm,02,24,24,female,normal,2824
50,1.6683333333333334,True,1.0,0.60940306735054,0.6034129753543479,0.6064080213524439,0.5999464826853002,-0.07777777777777772,-0.07069444444444445,0.4529984506084564,0.059990852092530425,0.20139229841013495,1.0107701917648095,0.0059900919961920485,0.007083333333333275,0.020002934125071866,0.4205254819565064,0.09335130845696187,0.11862417058675997,0.0,0.9999999987499999,0.658477900535214,0.32233219875566943,0.2691389811829258,0.40275964989052754,calm,02,24,24,female,normal,2824
60,2.0020000000000002,True,1.0,0.6264503993647594,0.671764784080736,0.6491075917227478,0.4575391469706224,-0.0734259259259259,-0.06935185185185194,0.4093748883674007,0.04709961807050514,0.2118087973980617,1.4186930146207262,0.0453143847159766,0.004074074074073952,0.016380166145538905,0.5625000000000017,0.09355253274943667,0.11814345669201513,0.0,0.9999999987499999,0.658116803440126,0.3217455128050985,0.25917480530591713,0.3889821961999175,calm,02,24,24,female,normal,2824
70,2.3356666666666666,True,1.0,0.640404583050962,0.6396015640560279,0.640003073553495,0.5447346870434818,-0.07680555555555563,-0.0735648148148148,0.40180448824493964,0.2246142392798595,0.20347559683427638,1.1748895173668437,0.0008030189949341793,0.0032407407407408217,0.0023455764988977983,0.4945251138822604,0.09406970530621599,0.11853844534271114,0.0,0.9999999987499999,0.6633256220691401,0.3166630880876671,0.2545088486423132,0.37814814111316775,calm,02,24,24,female,normal,2824
80,2.6693333333333333,True,1.0,0.6343227548554915,0.6349831467716306,0.634652950813561,0.9698150287745729,-0.07925925925925925,-0.07495370370370369,0.35882397471972705,0.34089793301361754,0.20349059443298598,0.6544061826052417,0.0006603919161390914,0.0043055555555555625,0.0052954431343739325,0.28293707651162353,0.0933689089578543,0.11957019345591333,0.0,0.9999999987499999,0.6604964138780512,0.3180531651497534,0.2612330236360398,0.38166664897180785,calm,02,24,24,female,normal,2824
90,3.003,True,1.0,0.622268268812075,0.6433068456934286,0.6327875572527517,0.5374166690274932,-0.07634259259259263,-0.0733333333333333,0.39438718870218104,0.10334935942836386,0.21111147250317436,1.1774617233176656,0.021038576881353577,0.0030092592592593226,0.004783583349895833,0.4615384615384616,0.09421520538069902,0.11745358177055105,0.0,0.9999999987499999,0.6631296769489046,0.3179069536418196,0.26368158154396243,0.3893747305694078,calm,02,24,24,female,normal,2824
100,3.336666666666667,True,1.0,0.6409927936107541,0.6467439099001722,0.6438683517554631,0.5179352580927375,-0.07754629629629628,-0.07217592592592592,0.3880982671633513,0.11198600174978085,0.21111689330988628,1.2431444696900262,0.005751116289418046,0.005370370370370359,0.0068289325659208686,0.47128378378378355,0.09471859118855995,0.1176972942295812,0.0,0.9999999987499999,0.6632016875187575,0.3169764557223852,0.2635549476413657,0.3864490814767563,calm,02,24,24,female,normal,2824
110,3.6703333333333332,True,1.0,0.6609027313410375,0.661081629146226,0.6609921802436318,0.503937007874015,-0.07699074074074075,-0.0734259259259259,0.38592809889411084,0.13998250218722608,0.21180555555555558,1.311656357670959,0.00017889780518853815,0.003564814814814854,0.003128858223859621,0.5000000000000011,0.09400722335312199,0.11842723711571439,0.0,0.9999999987499999,0.660383082694015,0.31858146703711293,0.2576976632505478,0.38177713498149485,calm,02,24,24,female,normal,2824
0,0.0,True,1.0,0.6306079604750731,0.6679845608087622,0.6492962606419177,0.5446387002220866,-0.07597222222222222,-0.07069444444444445,0.37735290364645463,0.12897924631147822,0.20697430445724502,1.1921596103566547,0.03737660033368917,0.00527777777777777,0.024564652190077734,0.5032343428774545,0.09239812674711625,0.1182455884106628,0.0,0.9999999987499999,0.6622168944765405,0.3203492336780769,0.26307743277123685,0.3944079740353532,calm,02,24,24,female,normal,2825
10,0.33366666666666667,True,1.0,0.5619754736560676,0.5835916051944909,0.5727835394252793,0.650025714689005,-0.07898148148148149,-0.07393518518518516,0.40965005963475576,0.07296207001611257,0.20348572033465126,0.8811705852272611,0.021616131538423344,0.0050462962962963265,0.030056884659221485,0.40230368297089336,0.0937577441543002,0.11958460448217359,0.0,0.9999999987499999,0.6513442031812724,0.3260724200612857,0.26195097250513866,0.3905544771652795,calm,02,24,24,female,normal,2825
20,0.6673333333333333,True,1.0,0.5949903802154696,0.6368047993615488,0.6158975897885092,0.6644636796582821,-0.07652777777777775,-0.07106481481481486,0.408298878443146,0.10169692379562027,0.21111689330988628,0.9269093385288578,0.041814419146079196,0.005462962962962892,0.018335205038682238,0.40227717759394044,0.0954157960856347,0.1187481785908212,0.0,0.9999999987499999,0.6422465774512931,0.33308056886348064,0.26048134399198863,0.3897328929400549,calm,02,24,24,female,normal,2825
30,1.0010000000000001,True,1.0,0.589622368540712,0.6117288277000816,0.6006755981203968,0.8166587766983487,-0.07537037037037031,-0.06935185185185189,0.38915724376641125,0.19000396741678713,0.21324597018050614,0.7355282466305629,0.022106459159369596,0.006018518518518423,0.01934150030306516,0.3489902505884088,0.09290815223057261,0.12072025227725616,0.0,0.9999999987499999,0.649316843088798,0.32721513972562466,0.2689785828342139,0.3935183327050918,calm,02,24,24,female,normal,2825
40,1.3346666666666667,True,1.0,0.5888607679624787,0.6117288277000815,0.60029479783128,0.668506661969573,-0.07648148148148148,-0.06999999999999995,0.412286673048687,0.06683375104427713,0.2083629943078147,0.8979638229223845,0.022868059737602864,0.0064814814814815325,0.022847812662386356,0.4161446767070016,0.09346939944471475,0.11853114361029055,0.0,0.9999999987499999,0.6540792015243597,0.3212986356209206,0.2704246594798804,0.39416956232945977,calm,02,24,24,female,normal,2825
50,1.6683333333333334,True,1.0,0.5673447550257784,0.6110392501416229,0.5891920025837006,0.6946118325958575,-0.07328703703703704,-0.06620370370370365,0.4698170284319799,0.029431367216152107,0.20695366095743595,0.8482320267735883,0.043694495115844445,0.007083333333333386,0.02069848315911399,0.38171504658043076,0.09448765165386916,0.11836663429038947,0.0,0.9999999987499999,0.6586462179559324,0.32199431581574484,0.28353085620920065,0.4184666279708635,calm,02,24,24,female,normal,2825
60,2.0020000000000002,True,1.0,0.5693350398856226,0.6475403819535122,0.6084377109195673,0.8386778026373822,-0.07342592592592595,-0.064537037037037,0.42060793262867124,0.14405874925563103,0.20651948835949027,0.7254725342750445,0.07820534206788954,0.008888888888888946,0.03574630345454067,0.32649166020258963,0.09174029233730269,0.11907711645128125,0.0,0.9999999987499999,0.651702416208671,0.3228854027908499,0.2634820073445397,0.3845656756785053,calm,02,24,24,female,normal,2825
70,2.3356666666666666,True,1.0,0.6036268862054859,0.6754240910932909,0.6395254886493884,0.6512679204555983,-0.0709722222222221,-0.0628703703703703,0.39797854998926946,0.09688639316269632,0.2140315209177691,0.981969890674186,0.07179720488780506,0.008101851851851805,0.03830002693044917,0.4547638533511101,0.0933865221234171,0.12003355219050144,0.0,0.9999999987499999,0.6529251718109118,0.3243925794072903,0.2701706804555994,0.3903388875525559,calm,02,24,24,female,normal,2825
80,2.6693333333333333,True,1.0,0.6319621428541999,0.6625435205157687,0.6472528316849844,0.6765985261617591,-0.07337962962962957,-0.06532407407407403,0.41622543965482683,0.11275956275217391,0.20419058108242347,0.9566276109951815,0.030581377661568765,0.008055555555555538,0.027797860486327826,0.4080634160152147,0.09349489619108711,0.11899233953051218,0.0,0.9999999987499999,0.658634379619035,0.3207966751389544,0.2712632231542456,0.3914296387931192,calm,02,24,24,female,normal,2825
90,3.003,True,1.0,0.6407256391258783,0.671238250555732,0.6559819448408052,0.4105070481913942,-0.07291666666666663,-0.06518518518518518,0.4428919613473125,0.018635062518144476,0.2069625084237731,1.5979797368423285,0.03051261142985373,0.00773148148148145,0.020762959990064066,0.6497075506717889,0.09251816532895865,0.11863445508002601,0.0,0.9999999987499999,0.6623705962150486,0.31822306862567784,0.27076797290500076,0.3922162339757044,calm,02,24,24,female,normal,2825
100,3.336666666666667,True,1.0,0.5777891983009544,0.6450252780849923,0.6114072381929734,0.40919012107792246,-0.07467592592592598,-0.06754629629629616,0.44088869649704626,0.024741958242777404,0.2062869876872084,1.49418865876418,0.0672360797840379,0.007129629629629819,0.02643431602321325,0.6151937062430702,0.0932239095585136,0.11920476151048619,0.0,0.9999999987499999,0.6608019556885254,0.318705905093564,0.2676271838131517,0.3884028129333311,calm,02,24,24,female,normal,2825
110,3.6703333333333332,True,1.0,0.6269553127690384,0.6733051751033392,0.6501302439361888,0.4561404579759308,-0.07379629629629625,-0.06680555555555545,0.40788855843425187,0.06033850999327078,0.2056282899951161,1.425285200135644,0.04634986233430083,0.006990740740740797,0.03286369973101446,0.5488153348698409,0.09416125030004197,0.11846573944594742,0.0,0.9999999987499999,0.6615313320015507,0.31825907247543284,0.26511101591660385,0.38942288927238944,calm,02,24,24,female,normal,2825
0,0.0,True,1.0,0.6064606631769727,0.5859352287335383,0.5961979459552555,0.4592771799503855,-0.07625000000000004,-0.07944444444444443,0.39396258858747746,0.18888163329804558,0.19654175282197442,1.2981222929901748,0.020525434443434354,0.0031944444444443887,0.021073128105499307,0.5648720600916264,0.11293639936833733,0.11420044743387706,0.0,0.9999999987499999,0.6110997472113845,0.2893352531910813,0.28566522287640084,0.3523480091302943,calm,02,24,24,female,strong,2826
10,0.33366666666666667,True,1.0,0.5938663881657543,0.5771867745988923,0.5855265813823234,0.4817691825525143,-0.07782407407407399,-0.07749999999999996,0.3770376390023569,0.19105552930564848,0.2013949502200868,1.2153674468758684,0.016679613566861984,0.0003240740740740322,0.014397403575772218,0.5460753652059901,0.11260977386195566,0.11435605528201143,0.0,0.9999999987499999,0.6120319980804823,0.29022727237220813,0.28512537957421097,0.34828048739286294,calm,02,24,24,female,strong,2826
20,0.6673333333333333,True,1.0,0.551734351081152,0.50517578582916,0.528455068455156,0.6034998370838596,-0.08402777777777776,-0.08240740740740743,0.3988110894690068,0.2678874994666247,0.19723189304860728,0.8756507226392578,0.04655856525199198,0.0016203703703703276,0.021722157359559884,0.42966024325373803,0.09684427551063014,0.11758609765716536,0.0,0.9999999987499999,0.6776273866890506,0.30353194098369407,0.2729493495451563,0.3904650105538835,calm,02,24,24,female,strong,2826
30,1.0010000000000001,True,1.0,0.5423728813559334,0.48713826701961754,0.5147555741877755,0.8527769887275249,-0.08259259259259266,-0.08263888888888887,0.40314976272012826,0.24893793043099796,0.1931329975882596,0.6036227302003897,0.05523461433631588,4.6296296296211015e-05,0.021358166267060837,0.31713097044888694,0.09619864698356032,0.11698032632467446,0.0,0.9999999987499999,0.677805248951143,0.30151965319116164,0.2755783964490705,0.39823695989020297,calm,02,24,24,female,strong,2826
40,1.3346666666666667,True,1.0,0.4293051920379866,0.3819188504490529,0.40561202124351975,0.6310106714647608,-0.08759259259259261,-0.08500000000000002,0.4511009823447133,0.09511306854499432,0.19375630030079025,0.6427974035715994,0.047386341588933734,0.002592592592592591,0.01717849708858098,0.40668250301614733,0.09551908190446272,0.11818247421055468,0.0,0.9999999987499999,0.6747766703009329,0.3040877843075194,0.27418378636934526,0.39120067212046633,calm,02,24,24,female,strong,2826
50,1.6683333333333334,True,1.0,0.4930696906219458,0.5037582836152148,0.4984139871185803,0.6787243643609718,-0.08513888888888893,-0.08106481481481481,0.3678598927639368,0.18049887261151146,0.2062947542589623,0.7343393184180795,0.01068859299326902,0.004074074074074119,0.01838144260965306,0.38295129835996483,0.09504375535548526,0.11840427711534592,0.0,0.9999999987499999,0.6745522031078055,0.30485473659644013,0.2679081359984158,0.3854145640942191,calm,02,24,24,female,strong,2826
60,2.0020000000000002,True,1.0,0.5613390944695907,0.5334566615789841,0.5473978780242874,1.1038586666646055,-0.08717592592592588,-0.08138888888888896,0.3763010294575356,0.32254749749622796,0.2014631276300051,0.49589489538392856,0.027882432890606657,0.005787037037036924,0.020810332522405824,0.25600460375462597,0.0944405423866973,0.11856502152715026,0.0,0.9999999987499999,0.6708939482511757,0.30566247355777254,0.27408734488208214,0.38547297567519084,calm,02,24,24,female,strong,2826
70,2.3356666666666666,True,1.0,0.5351531780033594,0.5574387947269309,0.5462959863651451,0.44410145628791436,-0.07949074074074075,-0.07476851851851851,0.42478094019378615,0.1268206340704986,0.2049817389970178,1.2301152780075038,0.022285616723571544,0.004722222222222239,0.028421545626965732,0.5789774544631208,0.09611910962497777,0.11898294232357941,0.0,0.9999999987499999,0.6708308267369447,0.3053486878591847,0.27640323605078626,0.3903686041278918,calm,02,24,24,female,strong,2826
80,2.6693333333333333,True,1.0,0.5340950789432688,0.5573112717112175,0.5457031753272432,0.5940262510663646,-0.08027777777777778,-0.07185185185185189,0.4245788466395246,0.11985473511410653,0.20095126136684663,0.9186516157284726,0.02321619276794873,0.008425925925925892,0.04288057948484981,0.4584246258098684,0.0971484042903728,0.11814402796091929,0.0,0.9999999987499999,0.6710082279552446,0.3051217814137372,0.27517718170104355,0.3872608119003424,calm,02,24,24,female,strong,2826
90,3.003,True,1.0,0.5079534155971028,0.5494062633767952,0.528679839486949,0.7972628918949476,-0.08324074074074073,-0.07291666666666663,0.40128273609039133,0.17596526754604458,0.19692490304243299,0.6631185834202994,0.04145284777969238,0.010324074074074097,0.06008079553840578,0.33208939990445374,0.09780362024212554,0.11662612049560099,0.0,0.9999999987499999,0.6698859049244698,0.3040162176947663,0.28129205767871635,0.39038151460512593,calm,02,24,24,female,strong,2826
100,3.336666666666667,True,1.0,0.5256808561444897,0.575748184924414,0.5507145205344519,0.4422674164026341,-0.08287037037037048,-0.07185185185185189,0.42992669899083236,0.07348731175096095,0.1989799246649791,1.2452070853736352,0.05006732877992437,0.011018518518518594,0.05744148732071147,0.5823257148339457,0.09786567669246363,0.11641050421884871,0.0,0.9999999987499999,0.6666174080022634,0.3067307858122412,0.2773953380038436,0.3923004873516774,calm,02,24,24,female,strong,2826
110,3.6703333333333332,True,1.0,0.531640531518221,0.5768829215173384,0.5542617265177797,0.41785041633868836,-0.08199074074074081,-0.07115740740740734,0.4289243741876166,0.0489915411673063,0.20039024427351743,1.3264596727564901,0.04524238999911745,0.010833333333333472,0.0627238893342081,0.616353793927237,0.09690319147596238,0.11769953054578164,0.0,0.9999999987499999,0.6596003646380428,0.31249844736156596,0.2675504857565351,0.39452628557918645,calm,02,24,24,female,strong,2826
120,4.0040000000000004,True,1.0,0.5537885558565905,0.6065720548946858,0.5801803053756381,0.38898284523245447,-0.0797222222222222,-0.06930555555555556,0.44906752499706315,0.005872390456371699,0.20025770750226438,1.4915318567041815,0.052783499038095316,0.01041666666666663,0.058737612904909156,0.6685363140319188,0.09569920946819373,0.11819795883797227,0.0,0.9999999987499999,0.6605177205022633,0.31250344470474184,0.2707212339142059,0.3954197765509999,calm,02,24,24,female,strong,2826
0,0.0,True,1.0,0.5942397564205403,0.6198846303426782,0.6070621933816092,0.45809956571472416,-0.07986111111111116,-0.0731944444444445,0.37742462475423977,0.17176080296621546,0.20766864904976146,1.3251752213178252,0.02564487392213788,0.006666666666666654,0.020056698529616567,0.5983802460537838,0.09428343750596302,0.11691095057784637,0.0,0.9999999987499999,0.6614159935927497,0.31545782131189226,0.25867482784002305,0.3883041408528528,calm,02,24,24,female,strong,2827
10,0.33366666666666667,True,1.0,0.5846885811055946,0.6360277758335104,0.6103581784695525,0.4798816194561445,-0.07939814814814822,-0.07236111111111104,0.3672286136804729,0.19620122950430635,0.20560046097837117,1.2718932205848572,0.051339194727915816,0.007037037037037175,0.029636867244279528,0.545978474540495,0.10861000690362249,0.11522267091599178,0.0,0.9999999987499999,0.619617821011217,0.289641550343956,0.2802225965726598,0.36051523917419903,calm,02,24,24,female,strong,2827
20,0.6673333333333333,True,1.0,0.5457024128741649,0.6167027711023294,0.5812025919882471,0.6922487819925154,-0.08351851851851849,-0.07523148148148151,0.36266013605649416,0.27952513320269884,0.19804152448667667,0.839586297740183,0.07100035822816453,0.008287037037036982,0.04811527695955554,0.39961387503170487,0.11124782901198008,0.11535155479610126,0.0,0.9999999987499999,0.6133562789412641,0.2875980613740258,0.2780177231884549,0.34858888036417973,calm,02,24,24,female,strong,2827
30,1.0010000000000001,True,1.0,0.569241978602386,0.5903819727470635,0.5798119756747248,0.8230527387498151,-0.08504629629629623,-0.07726851851851857,0.405870599991092,0.2611201061192328,0.18759153039354054,0.704465155605261,0.021139994144677487,0.007777777777777661,0.04832715415611096,0.32278667889543416,0.09376279169207989,0.11684076345521915,0.0,0.9999999987499999,0.6759116541147709,0.30631297202932994,0.2708068559075126,0.38758701501426435,calm,02,24,24,female,strong,2827
40,1.3346666666666667,True,1.0,0.5034353382950123,0.5495602086135235,0.526497773454268,0.7549346820802195,-0.08995370370370365,-0.08199074074074081,0.37114650274674366,0.3338152322262119,0.18620332423026978,0.6974083797600945,0.0461248703185112,0.007962962962962838,0.05664265474727811,0.3329255639780533,0.0958494658108416,0.11677818499178734,0.0,0.9999999987499999,0.6793145513752377,0.3041690343793997,0.2744639725212914,0.38756340118541155,calm,02,24,24,female,strong,2827
50,1.6683333333333334,True,1.0,0.5481426446203165,0.5630955935403815,0.555619119080349,1.0774198330954134,-0.08930555555555558,-0.08180555555555552,0.3410750180222344,0.42825533312489394,0.20091329138676758,0.5156941630488296,0.014952948920065046,0.007500000000000062,0.059096937392472196,0.24276432123222455,0.09500470999025382,0.11795203053902416,0.0,0.9999999987499999,0.6755991853694604,0.30630693519492636,0.27925141191562236,0.3879829245523849,calm,02,24,24,female,strong,2827
60,2.0020000000000002,True,1.0,0.47718254966879314,0.5135992285373249,0.495390889103059,0.7419232927231181,-0.08666666666666673,-0.07546296296296301,0.41696025061756714,0.19469097102608335,0.1877541409174259,0.6677117351105141,0.03641667886853173,0.011203703703703716,0.06457897694407268,0.34011784976793435,0.0957894132589754,0.11682744923031499,0.0,0.9999999987499999,0.6742362761276386,0.30507848105846974,0.27348008662769174,0.3899035300983491,calm,02,24,24,female,strong,2827
70,2.3356666666666666,True,1.0,0.49585914195444014,0.5313436981646004,0.5136014200595203,0.907821588550026,-0.08717592592592593,-0.07773148148148146,0.40879502574907,0.2743532260647719,0.1859791200647089,0.5657514940571585,0.03548455621016022,0.009444444444444478,0.06782880864808245,0.30087060839060303,0.09557013068952201,0.1183023511448956,0.0,0.9999999987499999,0.67419323838129,0.3047314488251239,0.2710233943632148,0.38545631437579597,calm,02,24,24,female,strong,2827
80,2.6693333333333333,True,1.0,0.4207574619831474,0.43163728961933845,0.42619737580124295,0.6050234450029377,-0.0899537037037037,-0.0768518518518519,0.42667476695797923,0.11066107803910545,0.18844764883487858,0.7044311742318904,0.010879827636191053,0.013101851851851809,0.06933895543668818,0.41948538918513334,0.09744545885564543,0.11741334892233214,0.0,0.9999999987499999,0.681033056722689,0.29921932053949013,0.2758502186242894,0.39280830424356006,calm,02,24,24,female,strong,2827
90,3.003,True,1.0,0.43712598131410363,0.4702326748426981,0.45367932807840083,0.6465176278892565,-0.08444444444444449,-0.07074074074074072,0.4033436319219024,0.09648434756532727,0.1942596623240399,0.701727700077673,0.033106693528594466,0.013703703703703773,0.08120909647277871,0.38878870620489914,0.09721502478200852,0.11662815795477334,0.0,0.9999999987499999,0.6749348313544169,0.3013635467492203,0.2790997299863036,0.39364715994714705,calm,02,24,24,female,strong,2827
100,3.336666666666667,True,1.0,0.43139508763000467,0.4607568857399885,0.4460759866849966,0.38775876959265787,-0.08421296296296293,-0.06949074074074074,0.44220600781491315,0.02322878388787233,0.19589434936475353,1.150395611048594,0.02936179810998385,0.014722222222222192,0.09321360644141352,0.6326051253338384,0.0974258910449896,0.11710465326228985,0.0,0.9999999987499999,0.6704352147812249,0.3028385204665419,0.2765411896741563,0.388718301256826,calm,02,24,24,female,strong,2827
110,3.6703333333333332,True,1.0,0.47971616817514356,0.5554564965499941,0.5175863323625688,0.3862878171043773,-0.07944444444444448,-0.068425925925926,0.43198448844448034,0.023778418124315522,0.19913630075668207,1.33989815221823,0.07574032837485051,0.011018518518518483,0.09538776981234519,0.6334593148043374,0.11261068894541028,0.11435515416529302,0.0,0.9999999987499999,0.6063317400085034,0.28625395769684,0.2953152555195806,0.3559654297432236,calm,02,24,24,female,strong,2827
120,4.0040000000000004,True,1.0,0.49610950305248097,0.5917579034898284,0.5439337032711546,0.3861483207795625,-0.08037037037037043,-0.06717592592592592,0.4169767347170623,0.012215448932332972,0.2034092608625145,1.4086134109635708,0.0956484004373474,0.013194444444444509,0.09755146051501377,0.6340765175400627,0.1128726459631692,0.11459644926763372,0.0,0.9999999987499999,0.6068309843312326,0.2863061081193224,0.29751122262057655,0.35573482237993137,calm,02,24,24,female,strong,2827
0,0.0,True,1.0,0.5949903802154712,0.6238026590058308,0.609396519610651,0.4593599838460681,-0.07643518518518527,-0.06995370370370368,0.3735024960210321,0.13327484417842958,0.20350259171614996,1.3266208225374292,0.028812278790359525,0.006481481481481588,0.020996597815651483,0.5621299627227342,0.09230351982684863,0.11783539956193242,0.0,0.9999999987499999,0.6686872921043416,0.31680684757897287,0.26388042160573594,0.3962763661355322,calm,02,24,24,female,strong,2828
10,0.33366666666666667,True,1.0,0.5095302880258629,0.5056611354603188,0.5075957117430908,0.4848484848484841,-0.0813888888888889,-0.07481481481481478,0.40940442205864186,0.16161616161616102,0.20421187750114678,1.0469161554701265,0.0038691525655440984,0.006574074074074121,0.021857365187310636,0.5156250000000013,0.0910313767255853,0.11898114792446435,0.0,0.9999999987499999,0.6672005268904436,0.31693231865931865,0.2590931607422638,0.3827373130508015,calm,02,24,24,female,strong,2828
20,0.6673333333333333,True,1.0,0.5389910791134862,0.5875706214689265,0.5632808502912063,0.6148158593005723,-0.0795833333333334,-0.07337962962962963,0.36321049550694745,0.2621994111390437,0.1980280405519255,0.9161781397962094,0.048579542355440264,0.006203703703703767,0.04016649031747812,0.4413524314293672,0.10656487916900576,0.11695392285884264,0.0,0.9999999987499999,0.6270783185852467,0.2931592084505845,0.27605474466858704,0.35972961182165913,calm,02,24,24,female,strong,2828
30,1.0010000000000001,True,1.0,0.5806512561532381,0.5822296203465176,0.5814404382498779,1.0061129414043117,-0.08277777777777778,-0.07624999999999998,0.35393154238840696,0.38501879560063534,0.20007475409596903,0.5779077222069277,0.0015783641932795023,0.006527777777777799,0.030872319229095013,0.2728137809229482,0.09085872929459227,0.11831059412929806,0.0,0.9999999987499999,0.6682328860372274,0.31916667920878883,0.2639197642674988,0.3910001816885569,calm,02,24,24,female,strong,2828
40,1.3346666666666667,True,1.0,0.5486055151682145,0.5348229685808967,0.5417142418745556,0.6415467000068232,-0.0818518518518519,-0.07787037037037042,0.414029673675444,0.15370389687663422,0.20072523421335145,0.8443878549586401,0.013782546587317812,0.003981481481481475,0.020586849636021986,0.4101562500000001,0.0906497641621461,0.11895224870550267,0.0,0.9999999987499999,0.6675468226900135,0.31913447137943224,0.2572789136337046,0.38232654005899175,calm,02,24,24,female,strong,2828
50,1.6683333333333334,True,1.0,0.5669851602178198,0.5967085607861901,0.5818468605020048,0.6256953568544658,-0.07754629629629622,-0.07087962962962957,0.44152313715008545,0.03127685189132498,0.20492404007142406,0.9299203743929014,0.029723400568370306,0.006666666666666654,0.030038170399237858,0.40539092486482237,0.09172646281877851,0.11956675441460461,0.0,0.9999999987499999,0.6668936943996349,0.3199098883333186,0.2717530543673628,0.4001299783780756,calm,02,24,24,female,strong,2828
60,2.0020000000000002,True,1.0,0.5894752205610732,0.6371618665516229,0.613318543556348,0.7136497705896834,-0.07601851851851854,-0.07226851851851851,0.4386727200655876,0.08763693270735495,0.19862493957419497,0.8594111128902452,0.047686645990549725,0.003750000000000031,0.020585062341958213,0.38484968207444975,0.09137585199766621,0.11887717497131312,0.0,0.9999999987499999,0.6674204080147683,0.31843626769982486,0.2730219436723453,0.40271098328446914,calm,02,24,24,female,strong,2828
70,2.3356666666666666,True,1.0,0.6016032347698577,0.628447615669409,0.6150254252196333,0.8553273459044484,-0.0782870370370371,-0.07518518518518524,0.4258050384310793,0.18142648436641842,0.19375039377480144,0.7190526856934374,0.026844380899551323,0.0031018518518518556,0.012183456864062196,0.31569323433527513,0.09013573300960938,0.120137781680474,0.0,0.9999999987499999,0.6706411003073104,0.31844536893951614,0.2635587044734914,0.39219645750392257,calm,02,24,24,female,strong,2828
80,2.6693333333333333,True,1.0,0.583700633452885,0.6087118003187937,0.5962062168858393,0.6895497964104478,-0.0803240740740741,-0.07638888888888884,0.3777934186589051,0.190671925444408,0.20348572033465115,0.8646311259744806,0.02501116686590865,0.003935185185185264,0.016643047703669686,0.3715138067513184,0.09093872415723611,0.12016697213042568,0.0,0.9999999987499999,0.6700458171237245,0.31833312138510766,0.25824061759535294,0.38192164986019267,calm,02,24,24,female,strong,2828
90,3.003,True,1.0,0.5606220443807585,0.5935057621939582,0.5770639032873583,0.6683401147015284,-0.07444444444444448,-0.07143518518518521,0.44160272945190177,0.0819477813365006,0.19930708674523134,0.8634285008390783,0.032883717813199764,0.003009259259259267,0.011870061330387406,0.41425159710787085,0.09203900654258364,0.11852533180552223,0.0,0.9999999987499999,0.6679809129198555,0.3184688788845317,0.27240328735437486,0.40508448159482185,calm,02,24,24,female,strong,2828
100,3.336666666666667,True,1.0,0.25092675537832226,0.25896253795565893,0.25494464666699057,0.3770507743528137,-0.08157407407407408,-0.07449074074074069,0.4349966453806844,0.018839296990603303,0.19733398804732605,0.6761546826275284,0.00803578257733667,0.007083333333333386,0.04150085033741686,0.6753478569596567,0.09091896916568772,0.11874661368118813,0.0,0.9999999987499999,0.6680036460756177,0.3162650908128846,0.25686916204068416,0.3852069533846181,calm,02,24,24,female,strong,2828
110,3.6703333333333332,True,1.0,0.5599362857722142,0.592434333938904,0.5761853098555592,0.4137657854801883,-0.07629629629629636,-0.06874999999999992,0.4397973748280582,-0.012509314447368186,0.2022342917691288,1.3925397654300438,0.032498048166689775,0.00754629629629644,0.04970199685181363,0.6357241887925429,0.09199689450997353,0.11903913746422347,0.0,0.9999999987499999,0.6589996490940127,0.32251039705266493,0.2626007555178221,0.3934325977757938,calm,02,24,24,female,strong,2828
120,4.0040000000000004,True,1.0,0.5789806667351796,0.6166971096408655,0.5978388881880226,0.39575997076726405,-0.07490740740740742,-0.06680555555555567,0.4464917357145283,-0.04934816184591252,0.20360753778916194,1.5106097946919341,0.03771644290568599,0.008101851851851749,0.04159549343063977,0.6381437550985447,0.09265898874113054,0.11820257509116491,0.0,0.9999999987499999,0.6571113548466263,0.32548642936007727,0.26499938375946924,0.399645090282524,calm,02,24,24,female,strong,2828
0,0.0,True,1.0,0.5992249948927965,0.6050219002725951,0.6021234475826958,0.7080682841180302,-0.08231481481481484,-0.07546296296296295,0.3544965665000434,0.26362356682133126,0.20495642791988505,0.8503748311968253,0.0057969053797986,0.006851851851851887,0.020991757587122732,0.3949185264337139,0.09284777445906815,0.11853750281344318,0.0,0.9999999987499999,0.6651167665269232,0.3167558185644,0.2591642904941888,0.3857822344361926,calm,02,24,24,female,strong,2829
10,0.33366666666666667,True,1.0,0.6256812586284375,0.6181197892650131,0.6219005239467252,0.7256552940468303,-0.0856481481481482,-0.08148148148148154,0.35893102753453365,0.3109746364163341,0.19725355397916716,0.8570192060179345,0.007561469363424389,0.004166666666666652,0.012702803647773502,0.3558439009735126,0.09533800864531143,0.11703343430937915,0.0,0.9999999987499999,0.679837238168705,0.303616642644433,0.2686962474339303,0.38241525091825856,calm,02,24,24,female,strong,2829
20,0.6673333333333333,True,1.0,0.43661101721274775,0.373953138252387,0.4052820777325674,0.688418410260559,-0.08782407407407405,-0.08648148148148149,0.3802139483290586,0.2457180467335807,0.19515804560261085,0.5887147579030788,0.06265787896036074,0.001342592592592562,0.005449612320441116,0.3948447828716988,0.09515984536531441,0.11668955662742446,0.0,0.9999999987499999,0.6751836047309548,0.3070085400319001,0.261310154469936,0.3737027183433547,calm,02,24,24,female,strong,2829
30,1.0010000000000001,True,1.0,0.5120086741027773,0.46601796313855703,0.48901331862066716,0.7104501584020099,-0.0828240740740741,-0.0816203703703704,0.41150642466998,0.2364961682504459,0.19657474551182108,0.6883147435994488,0.04599071096422025,0.0012037037037037068,0.02578553152740415,0.37564824692685594,0.09322761924750164,0.11710564534684902,0.0,0.9999999987499999,0.6720692116690428,0.3058598645648643,0.26906190342211117,0.3789504443534978,calm,02,24,24,female,strong,2829
40,1.3346666666666667,True,1.0,0.5115932499644531,0.4824602154247463,0.49702673269459974,0.686993346777728,-0.08574074074074073,-0.08402777777777781,0.4089480844163672,0.25900947845203287,0.19376929402420967,0.7234811443602077,0.02913303453970678,0.0017129629629629162,0.021916313385476054,0.35795279778404004,0.09575655229094915,0.11701731165467473,0.0,0.9999999987499999,0.6810854193083482,0.2987631799655717,0.2665107206302842,0.3788418358182309,calm,02,24,24,female,strong,2829
50,1.6683333333333334,True,1.0,0.4625727216250772,0.4587570999931151,0.4606649108090961,0.6968274490362931,-0.08680555555555547,-0.08171296296296304,0.4330196723288345,0.21771464968161747,0.1909917968582275,0.6610889273179351,0.003815621631962085,0.0050925925925924265,0.00438673330111624,0.3882439587640692,0.09619154767760908,0.11795925681650929,0.0,0.9999999987499999,0.6750942503173144,0.3032832580629978,0.2744543153124705,0.3919886940912355,calm,02,24,24,female,strong,2829
60,2.0020000000000002,True,1.0,0.5249877356548871,0.5020010076059633,0.5134943716304252,0.7687264578330042,-0.08773148148148147,-0.08439814814814811,0.41365173426845747,0.25194507408769545,0.1854203698863569,0.6679806144280976,0.022986728048923766,0.003333333333333355,0.007684018761898428,0.3472999008655026,0.0936377581503924,0.11904010532933747,0.0,0.9999999987499999,0.6764900247442727,0.30165724581758596,0.26862163705271724,0.3945745381738375,calm,02,24,24,female,strong,2829
70,2.3356666666666666,True,1.0,0.521357962311929,0.4735373766911163,0.49744766950152264,1.3879549640039637,-0.08907407407407408,-0.08870370370370367,0.41806433917225133,0.5235759481300419,0.18017007482484174,0.3584033217234144,0.047820585620812706,0.00037037037037040976,0.010842138928732325,0.21140061140320826,0.0944247246999565,0.11728520862088489,0.0,0.9999999987499999,0.6696797317520757,0.3095643992500069,0.27478170632556925,0.3989174168119493,calm,02,24,24,female,strong,2829
80,2.6693333333333333,True,1.0,0.4649085019858611,0.4519212131036878,0.45841485754477446,0.6763788540435735,-0.08763888888888888,-0.08171296296296304,0.4026267236646318,0.22545961801452485,0.19175620820850034,0.6777486534421471,0.012987288882173265,0.0059259259259258346,0.014832474885736814,0.3755122734512077,0.0944533549825788,0.11855481478464823,0.0,0.9999999987499999,0.6748846986997924,0.30298941494869525,0.26507128304850636,0.38093250005453083,calm,02,24,24,female,strong,2829
90,3.003,True,1.0,0.5633024062131324,0.5182910606938905,0.5407967334535115,0.7109114208318614,-0.08759259259259256,-0.0785185185185186,0.45051920072046575,0.21327342624955853,0.1896320210632777,0.76070902450928,0.04501134551924191,0.009074074074073957,0.015716834167289372,0.36600466991935715,0.09398740006831176,0.11666016346317115,0.0,0.9999999987499999,0.6739012638258429,0.3039071879308129,0.28225168792967104,0.39870439488172205,calm,02,24,24,female,strong,2829
100,3.336666666666667,True,1.0,0.5231020764804812,0.5686408581627586,0.5458714673216198,0.4567037110676578,-0.07879629629629631,-0.07092592592592595,0.43598771227413924,0.03702575213822619,0.20556891687172846,1.195242022547858,0.04553878168227732,0.007870370370370361,0.023980819605229818,0.5928369004881381,0.09467403215381183,0.11821761317270803,0.0,0.9999999987499999,0.6546434476603142,0.3153504070294227,0.26872871092233597,0.3917851360539253,calm,02,24,24,female,strong,2829
110,3.6703333333333332,True,1.0,0.4862427431780513,0.48725199920700013,0.4867473711925257,0.38136247544700663,-0.07685185185185178,-0.0712037037037036,0.4478358977498373,-0.0655062063800461,0.210534111458627,1.2763378741497684,0.0010092560289488572,0.00564814814814818,0.024998935801155923,0.6005443274124348,0.09494886761589963,0.11912185609537793,0.0,0.9999999987499999,0.6592442417435724,0.3168887321991747,0.26598519689007655,0.3918081462000983,calm,02,24,24,female,strong,2829
120,4.0040000000000004,True,1.0,0.27769855331619775,0.28111277139949137,0.2794056623578446,0.38652073934293124,-0.08273148148148135,-0.07513888888888898,0.44589769548622127,-0.060310065180729254,0.2113022011922935,0.7228736621812901,0.0034142180832936186,0.007592592592592373,0.024560098400743288,0.6524801112815912,0.09516919524453889,0.11798095038071506,0.0,0.9999999987499999,0.658720044791354,0.3157363503862641,0.2637508435908549,0.383818084324432,calm,02,24,24,female,strong,2829
0,0.0,True,1.0,0.6052003744333737,0.6677622252148945,0.636481299824134,0.4508327342706155,-0.0836574074074074,-0.07791666666666669,0.3725535426234512,0.16713438068885356,0.21813426503883476,1.4117903413865278,0.06256185078152077,0.005740740740740713,0.028556978403945957,0.5992641153162946,0.09374074294639974,0.11847758309911266,0.0,0.9999999987499999,0.6564544976349915,0.3208762190494441,0.262924083362928,0.3936290494458083,happy,03,24,24,female,normal,2830
10,0.33366666666666667,True,1.0,0.614807239757349,0.6822787953282616,0.6485430175428053,0.4515964712729108,-0.08782407407407405,-0.08009259259259255,0.3692339377585444,0.15285947122034538,0.2216052540048433,1.4361117918276975,0.06747155557091267,0.007731481481481506,0.023685960804108407,0.5992641153162946,0.09493510148710761,0.11833051520656478,0.0,0.9999999987499999,0.6560684603919693,0.3205215891116866,0.263982643480865,0.3909935049265375,happy,03,24,24,female,normal,2830
20,0.6673333333333333,True,1.0,0.6098938145955974,0.6328260999398808,0.6213599572677391,0.5112358963940726,-0.08935185185185196,-0.08254629629629628,0.38670459637417826,0.14199263919253496,0.21327494793661525,1.2154075284040309,0.022932285344283376,0.006805555555555676,0.022156790739831022,0.4851116275111221,0.09323918548991547,0.11983047425266866,0.0,0.9999999987499999,0.672658534507553,0.30848769677376114,0.27352438450332617,0.38407358914012524,happy,03,24,24,female,normal,2830
30,1.0010000000000001,True,1.0,0.547765665771868,0.5854281893016263,0.5665969275367472,0.8715644575895299,-0.0874537037037037,-0.08305555555555555,0.4995670405035281,0.13237611613209194,0.20696803789817336,0.6500918235052563,0.037662523529758296,0.004398148148148151,0.013548770675032696,0.31351496917918587,0.09406284838293663,0.11741348049615769,0.0,0.9999999987499999,0.6705307041879252,0.31189067247649954,0.2941610613715135,0.4213257296603308,happy,03,24,24,female,normal,2830
40,1.3346666666666667,True,1.0,0.5826745734232214,0.5769843327230527,0.579829453073137,0.5714533144725015,-0.08745370370370376,-0.08166666666666661,0.4400936492825979,0.11787660752037657,0.20917372454246272,1.0146576078719,0.005690240700168658,0.005787037037037146,0.03310785189479626,0.47682733498941715,0.09439401949450071,0.11860206347225588,0.0,0.9999999987499999,0.6733241237588785,0.30626850232597524,0.27979880920383077,0.3927053946132071,happy,03,24,24,female,normal,2830
50,1.6683333333333334,True,1.0,0.5798662080905879,0.6040939464150298,0.5919800772528088,0.9482638818254983,-0.07999999999999996,-0.07847222222222222,0.41800783059055496,0.2502057613168727,0.20489127474057955,0.6242777865937388,0.024227738324441916,0.001527777777777739,0.017048255748782375,0.30465031351057087,0.09545740711102585,0.11887510856520124,0.0,0.9999999987499999,0.6687973236091311,0.30790737995732803,0.28866524115950615,0.3968991688941915,happy,03,24,24,female,normal,2830
60,2.0020000000000002,True,1.0,0.659891498123579,0.6717647840807354,0.6658281411021572,1.0745273250116956,-0.07356481481481475,-0.07194444444444448,0.39914573692050687,0.330623792311291,0.21043987083276566,0.6196474725246378,0.011873285957156421,0.001620370370370272,0.008658006805939488,0.2887462981937234,0.09398993834969731,0.11972089041808255,0.0,0.9999999987499999,0.6529575118250426,0.31936254056480645,0.2746768217853287,0.394337514641745,happy,03,24,24,female,normal,2830
70,2.3356666666666666,True,1.0,0.6275797314456013,0.654110364583384,0.6408450480144927,0.6982486088352421,-0.07416666666666671,-0.07314814814814813,0.38793727273128853,0.2583356379841706,0.21599482955988772,0.9177892227862723,0.0265306331377827,0.0010185185185185852,0.005455466983794986,0.4274729498332503,0.09609226445177804,0.11755494453216195,0.0,0.9999999987499999,0.660464951464961,0.31427876088936346,0.28045150466770896,0.39631601342171163,happy,03,24,24,female,normal,2830
80,2.6693333333333333,True,1.0,0.5729110649503537,0.6010757922090718,0.5869934285797127,0.6951862500139254,-0.07148148148148153,-0.06435185185185188,0.47516328214980247,0.11396011396011355,0.2020848434758867,0.844368582617902,0.028164727258718103,0.007129629629629652,0.01049725335559953,0.4057204555550863,0.0949493389264714,0.11912148042601645,0.0,0.9999999987499999,0.6603195711800345,0.31437158262952763,0.28642908537447354,0.4133195665355806,happy,03,24,24,female,normal,2830
90,3.003,True,1.0,0.6211573471462773,0.6696380583718718,0.6453977027590746,0.6282912437423048,-0.06541666666666662,-0.059027777777777735,0.4911494371606205,0.005504629867859142,0.20841571450629248,1.0272269575410253,0.0484807112255945,0.006388888888888888,0.028080272970762238,0.43509657461248114,0.09574464811003991,0.11816115488905674,0.0,0.9999999987499999,0.6554657684792667,0.3186841083731406,0.2902248774765406,0.41623266724883257,happy,03,24,24,female,normal,2830
100,3.336666666666667,True,1.0,0.6021520514309231,0.6748382142602278,0.6384951328455755,0.6094893679825326,-0.06412037037037044,-0.05708333333333332,0.5009140869669714,-0.00543748221520755,0.20698130803404027,1.0475902720978623,0.07268616282930473,0.007037037037037119,0.026266358281427458,0.4530521305132248,0.0956285477525136,0.1179324769773011,0.0,0.9999999987499999,0.6559539664068752,0.3187112002498348,0.28900934270683054,0.4159112979935533,happy,03,24,24,female,normal,2830
0,0.0,True,1.0,0.5996183645564261,0.6212439665700356,0.6104311655632308,0.4591337452176586,-0.08398148148148155,-0.07583333333333331,0.36509239805431887,0.22183306244725842,0.2021573170520266,1.3295279903110753,0.021625602013609413,0.008148148148148238,0.035109226471544956,0.5806808216399068,0.0934274405183792,0.11904531002320101,0.0,0.9999999987499999,0.6626946107583659,0.31528418112561085,0.26018790551224114,0.3886685436043091,happy,03,24,24,female,normal,2831
10,0.33366666666666667,True,1.0,0.5870004183072192,0.6388289207904388,0.612914669548829,0.4695441068568117,-0.08217592592592587,-0.07495370370370374,0.3657090670343899,0.22711984559352388,0.2049955098878866,1.3053399256818665,0.051828502483219685,0.00722222222222213,0.03522591990937066,0.5826258591073292,0.09446886952087777,0.11773611735402797,0.0,0.9999999987499999,0.6586295819577831,0.3175501433508712,0.25984023277941365,0.3865373675179439,happy,03,24,24,female,normal,2831
20,0.6673333333333333,True,1.0,0.5942330597289273,0.6071409568128416,0.6006870082708844,0.42322249881330876,-0.08319444444444446,-0.0766666666666666,0.4030159619072946,0.15689861195902474,0.20498173899701774,1.4193172857189205,0.012907897083914377,0.0065277777777778545,0.03445666870995403,0.5811579653251571,0.0935133522445071,0.11849647079185381,0.0,0.9999999987499999,0.6554378967211885,0.3208070194096362,0.26205086786401754,0.38328985240054325,happy,03,24,24,female,normal,2831
30,1.0010000000000001,True,1.0,0.49025580351834097,0.521113225617637,0.5056845145679889,0.8282055573700525,-0.08134259259259263,-0.07967592592592598,0.5022887315102809,0.15254746959550372,0.20004615251177815,0.6105785092456737,0.030857422099295984,0.0016666666666666496,0.013907320191493593,0.33328250614306093,0.09341103020178829,0.11857714819699915,0.0,0.9999999987499999,0.6760863999896833,0.31045148043565524,0.2939072581008447,0.4217768016058607,happy,03,24,24,female,normal,2831
40,1.3346666666666667,True,1.0,0.5381990823218508,0.5422591542888809,0.5402291183053658,0.5077690454688178,-0.08574074074074084,-0.08236111111111111,0.43353121018228263,0.14592589714873888,0.20840509831657258,1.0639268445491354,0.004060071967030177,0.0033796296296297323,0.026693374208345215,0.5347480204728525,0.09441879915555854,0.11745230142188123,0.0,0.9999999987499999,0.6788001328031212,0.3073367772398368,0.2828151671794024,0.39705115402705277,happy,03,24,24,female,normal,2831
50,1.6683333333333334,True,1.0,0.571023964524784,0.6239172360162115,0.5974706002704977,0.9490392648287386,-0.08462962962962955,-0.08069444444444446,0.4154787335921197,0.24060150375939876,0.21321197890506977,0.629553088489248,0.05289327149142753,0.003935185185185097,0.019140304812698527,0.308978873239436,0.09377874044434989,0.11956813981641651,0.0,0.9999999987499999,0.6538294798153635,0.323361476944546,0.2731151928628856,0.3942203633815695,happy,03,24,24,female,normal,2831
60,2.0020000000000002,True,1.0,0.6173686870449199,0.6331432219206556,0.6252559544827878,0.524283625403205,-0.08148148148148149,-0.07856481481481487,0.41033163207448625,0.16796975419229804,0.21742042217090007,1.1925910407786038,0.01577453487573577,0.002916666666666623,0.01954126531963894,0.5484482507086833,0.09214418991798472,0.11940479452097942,0.0,0.9999999987499999,0.6571414491734193,0.320752542431123,0.2667612343516443,0.39093535854953054,happy,03,24,24,female,normal,2831
70,2.3356666666666666,True,1.0,0.5750024703987056,0.5791593686598795,0.5770809195292925,0.7184170471841698,-0.08041666666666664,-0.0773611111111111,0.4558000492002078,0.0852359208523589,0.21111689330988617,0.8032672968871728,0.004156898261173936,0.0030555555555555336,0.014927616355137644,0.39088983050847503,0.09294336884205506,0.11846256363774622,0.0,0.9999999987499999,0.6573585622295793,0.3197426841667534,0.2752277194290963,0.39842975453852664,happy,03,24,24,female,normal,2831
80,2.6693333333333333,True,1.0,0.5992955402767554,0.6037617498040199,0.6015286450403876,0.8215837500164572,-0.08046296296296296,-0.07597222222222222,0.41173189610418687,0.18855218855218892,0.20765689245881772,0.73215742768566,0.004466209527264509,0.00449074074074074,0.014360333461802035,0.34117401944404957,0.09369546576948344,0.11899468947111719,0.0,0.9999999987499999,0.6744440202018307,0.3070509896188281,0.282735046819641,0.4010402736977416,happy,03,24,24,female,normal,2831
90,3.003,True,1.0,0.5725546510875146,0.6008016742590675,0.5866781626732911,0.6041513776894706,-0.06958333333333333,-0.06374999999999992,0.5001677155506769,-0.010975390389990132,0.2056282899951161,0.9710780846300402,0.02824702317155292,0.0058333333333334125,0.03790030585440935,0.47146346576414505,0.09382770280329164,0.1201655948892261,0.0,0.9999999987499999,0.6610939902601666,0.3187193780645793,0.28366242259311825,0.41485442732837596,happy,03,24,24,female,normal,2831
100,3.336666666666667,True,1.0,0.5870941051717916,0.6198952361749949,0.6034946706733932,0.585361525336991,-0.065,-0.05810185185185174,0.4999067768915924,-0.016543558631625398,0.20431608584256833,1.030977685672052,0.032801131003203254,0.006898148148148264,0.03807374446731236,0.45146349677528425,0.09391372403840294,0.11850139649190249,0.0,0.9999999987499999,0.6591096468743748,0.3186973489001642,0.28405451126836473,0.4107200633568738,happy,03,24,24,female,normal,2831
110,3.6703333333333332,True,1.0,0.5742134007051012,0.6055995894621655,0.5899064950836334,0.5822196331404021,-0.06592592592592594,-0.05888888888888899,0.5008184869791673,-0.021950780779980254,0.2049817389970177,1.0132026841859822,0.03138618875706434,0.007037037037036953,0.03957576109270496,0.4680817233372557,0.09476492737781916,0.11958729236396627,0.0,0.9999999987499999,0.6623416189288216,0.3183764735415285,0.28631941122165894,0.4129115524820926,happy,03,24,24,female,normal,2831
0,0.0,True,1.0,0.630630936807986,0.6622401653996401,0.6464355511038131,0.4661452382236478,-0.07634259259259257,-0.07013888888888886,0.37167839567352884,0.109185336585961,0.21121552768430282,1.386768539280166,0.03160922859165416,0.006203703703703711,0.027877236529339808,0.5445854354958894,0.09339940698565691,0.11761839876375509,0.0,0.9999999987499999,0.6600752666300895,0.3205389918505714,0.2641214500725019,0.3926550183587742,happy,03,24,24,female,normal,2832
10,0.33366666666666667,True,1.0,0.6171384308413878,0.6621343890248609,0.6396364099331243,0.4512618590549301,-0.07722222222222219,-0.07097222222222221,0.3753544353364902,0.11637806429074775,0.20977460082211377,1.4174395577607728,0.04499595818347313,0.006249999999999978,0.028332542118541318,0.5802631873266951,0.09369862777517536,0.1194715674279873,0.0,0.9999999987499999,0.658530836686237,0.32109448984322575,0.2593470846552655,0.38811658883810496,happy,03,24,24,female,normal,2832
20,0.6673333333333333,True,1.0,0.6192305306559732,0.6454244482650302,0.6323274894605018,0.8956243606253683,-0.07916666666666666,-0.07250000000000006,0.40441177423627966,0.16961966566621542,0.2056282899951162,0.7060186360038042,0.026193917609056983,0.006666666666666599,0.02477207922291508,0.3156932343352745,0.09267242639410471,0.11995208110549421,0.0,0.9999999987499999,0.6594646593793767,0.32259589384066706,0.2643492236139127,0.39331720744524135,happy,03,24,24,female,normal,2832
30,1.0010000000000001,True,1.0,0.5898184936179331,0.580182923479188,0.5850007085485606,0.9611434345529496,-0.08037037037037037,-0.07439814814814821,0.34513549071612953,0.3521717255845416,0.21259189189618688,0.6086507877158399,0.009635570138745164,0.005972222222222157,0.020655355644701646,0.30025156607403014,0.09301914356158131,0.11904496426358324,0.0,0.9999999987499999,0.6577182557163491,0.3250537351350493,0.2670079890085506,0.3908110167611432,happy,03,24,24,female,normal,2832
40,1.3346666666666667,True,1.0,0.38476271689735136,0.3523249548346278,0.3685438358659896,0.6106386983137387,-0.08050925925925922,-0.08037037037037031,0.41518991818766393,0.12602539366419444,0.21043987083276572,0.6035382901275547,0.032437762062723585,0.0001388888888889106,0.02171162503082414,0.46436155541316526,0.09300383584653901,0.11985437347389906,0.0,0.9999999987499999,0.6566917525838462,0.322009546279786,0.26772936080654774,0.3890852629320172,happy,03,24,24,female,normal,2832
50,1.6683333333333334,True,1.0,0.5522076297407564,0.5554319009666835,0.55381976535372,0.7389886106012282,-0.07703703703703707,-0.07175925925925924,0.4255347497024115,0.14254938057361471,0.20430152228090084,0.7494293652281622,0.0032242712259270556,0.005277777777777826,0.023709192332336575,0.3752457482706959,0.09384647891452153,0.11999225998486121,0.0,0.9999999987499999,0.658248167008991,0.3204246260410573,0.2724100199472139,0.3909842418572435,happy,03,24,24,female,normal,2832
60,2.0020000000000002,True,1.0,0.6215238502189985,0.6280612886332471,0.6247925694261227,0.7008757863454612,-0.07597222222222222,-0.07115740740740734,0.4435538078191078,0.11264075137694964,0.21041811700201488,0.8914455051785208,0.006537438414248586,0.004814814814814883,0.010614279465775924,0.41221732207105705,0.09362583993201821,0.1192094059722283,0.0,0.9999999987499999,0.6582047089695253,0.31760149450395353,0.27901547711033603,0.3978938262359844,happy,03,24,24,female,normal,2832
70,2.3356666666666666,True,1.0,0.6089882518813768,0.596180460329979,0.6025843561056778,0.7857992708256266,-0.08287037037037037,-0.07777777777777778,0.40282886874984986,0.19980876156150346,0.22154981821739436,0.7668426002388017,0.012807791551397885,0.005092592592592593,0.0199228528256829,0.3945639679193519,0.09194797567962068,0.12003307169719699,0.0,0.9999999987499999,0.6572789207167242,0.3195874731618541,0.280498716572274,0.4012391442059058,happy,03,24,24,female,normal,2832
80,2.6693333333333333,True,1.0,0.5810250340934543,0.5936546783316679,0.5873398562125611,0.6072767927409272,-0.07055555555555554,-0.0639351851851851,0.49177579527799237,0.04496151762014704,0.19935186884018494,0.9671699350828454,0.012629644238213555,0.006620370370370443,0.028713693328593817,0.449226010114662,0.09376346898169792,0.11926104228897151,0.0,0.9999999987499999,0.6612942606495725,0.3175075789800999,0.28173604393677953,0.4117425546686886,happy,03,24,24,female,normal,2832
90,3.003,True,1.0,0.5976637830721504,0.6466610970300222,0.6221624400510863,0.6243244177974459,-0.07092592592592595,-0.0627314814814815,0.4854328591831256,0.028341351527380307,0.20157216352205912,0.9965370924398781,0.04899731395787177,0.008194444444444449,0.03992812299819451,0.4406977522139049,0.09371939764537923,0.1178495791282974,0.0,0.9999999987499999,0.6605922021152212,0.3193567029625137,0.28618358886947604,0.4188108544296984,happy,03,24,24,female,normal,2832
100,3.336666666666667,True,1.0,0.5774437010742316,0.5964375794900842,0.586940640282158,0.6203888344003656,-0.06912037037037039,-0.06143518518518515,0.4907092104872983,0.03942777273073075,0.20079173919975943,0.9460851126527174,0.01899387841585265,0.007685185185185239,0.03296550302772843,0.43051938715722,0.09229578189519728,0.11928765793114597,0.0,0.9999999987499999,0.6580886604094763,0.32026901433195487,0.2804755007434608,0.4130542681552241,happy,03,24,24,female,normal,2832
0,0.0,True,1.0,0.5367891515905482,0.587548525129417,0.5621688383599825,0.6808975430919506,-0.08550925925925928,-0.07907407407407402,0.40414816420588895,0.20021527764084973,0.19446955443027228,0.8256291186001026,0.050759373538868835,0.006435185185185266,0.02318111541998396,0.3864330618273108,0.0939698195688794,0.11716317665133244,0.0,0.9999999987499999,0.6774248674860571,0.3073072141327989,0.2674900636951447,0.3847480641250275,happy,03,24,24,female,normal,2833
10,0.33366666666666667,True,1.0,0.5469254920955309,0.5873040673531867,0.5671147797243588,0.6509050017886974,-0.08245370370370364,-0.0779629629629629,0.3990373635720811,0.21017364251094964,0.19517798222610216,0.8712711965124224,0.04037857525765587,0.00449074074074074,0.022336920415220674,0.3989543974578599,0.11221851474663427,0.11407391334984175,0.0,0.8517936792864155,0.6186557799213436,0.2893821483018761,0.2850678755176884,0.3424196969832436,happy,03,24,24,female,normal,2833
20,0.6673333333333333,True,1.0,0.5537181355029893,0.5270677527528596,0.5403929441279245,0.7021652862721376,-0.08208333333333323,-0.07814814814814813,0.47204899460041133,0.12081829461734009,0.1956449331391951,0.7696093137798397,0.026650382750129764,0.003935185185185097,0.0341545889492546,0.37016517145445105,0.09221741429155204,0.11950777857263761,0.0,0.9999999987499999,0.6787762453809649,0.30867189387200317,0.28510492092928674,0.4168068416796456,happy,03,24,24,female,normal,2833
30,1.0010000000000001,True,1.0,0.5253464667147888,0.5047994929108531,0.515072979812821,0.8583389610309519,-0.0829166666666668,-0.07699074074074075,0.3952692681700202,0.2280912245715367,0.20027789836191512,0.6000810905684233,0.020546973803935664,0.005925925925926057,0.04407745899219144,0.3367333203952627,0.0913970575695782,0.11981874064769839,0.0,0.9999999987499999,0.6783276049247825,0.3067672314642181,0.2760092923393038,0.39710223026410657,happy,03,24,24,female,normal,2833
40,1.3346666666666667,True,1.0,0.5319669048824551,0.4989368739265902,0.5154518894045227,0.5006750595585453,-0.08175925925925931,-0.07810185185185192,0.4367291911139707,0.18773458562824874,0.19306978193111085,1.0295138125294405,0.03303003095586493,0.003657407407407387,0.02291401279682336,0.5068167980499658,0.09313434977050435,0.11879458544358897,0.0,0.9999999987499999,0.6800291411799094,0.3038741064643239,0.27405841632287387,0.383466226324284,happy,03,24,24,female,normal,2833
50,1.6683333333333334,True,1.0,0.5645250849613447,0.5649286930853269,0.5647268890233358,0.6339812500644701,-0.07310185185185186,-0.06898148148148153,0.48966386415600377,0.07924365872035367,0.20139229841013506,0.8907627614632265,0.00040360812398221313,0.00412037037037033,0.01593933924367253,0.4121965283420651,0.09437170644902698,0.11973883676727323,0.0,0.9999999987499999,0.6627255075858467,0.3187142469947562,0.28454747775122613,0.41914496383615896,happy,03,24,24,female,normal,2833
60,2.0020000000000002,True,1.0,0.5482895318025836,0.5765549721552147,0.5624222519788991,0.42721791559000827,-0.07490740740740748,-0.07152777777777775,0.4037621983606055,0.19293712316968065,0.2055570401891299,1.3164762793296418,0.02826544035263112,0.0033796296296297323,0.014658704880278713,0.6895161290322582,0.09273495234786429,0.11926647977834895,0.0,0.9999999987499999,0.663232320998712,0.31327188401501754,0.25972557687477016,0.37954519159496897,happy,03,24,24,female,normal,2833
70,2.3356666666666666,True,1.0,0.5411975251808597,0.5728243493673898,0.5570109372741248,0.6393275670364066,-0.0766203703703704,-0.07263888888888892,0.4200169008882238,0.18913892656020437,0.19654175282197453,0.8712449861283796,0.03162682418653007,0.003981481481481475,0.011554755841960472,0.4365865603115886,0.09483807688235317,0.11776293010460386,0.0,0.9999999987499999,0.6784395042860895,0.30337092504570623,0.2783122434632193,0.39200492029067935,happy,03,24,24,female,normal,2833
80,2.6693333333333333,True,1.0,0.5615904095399901,0.5704103986060585,0.5660004040730242,0.6404416839199452,-0.0658333333333333,-0.06310185185185185,0.49826337113057995,0.07729468599033788,0.2006959650377324,0.8837657171355728,0.008819989066068401,0.002731481481481446,0.005439279379521345,0.4267241379310341,0.09342283233023801,0.11936856694705843,0.0,0.9999999987499999,0.6611897379811298,0.3188495826809204,0.2812715830266433,0.4144733716962908,happy,03,24,24,female,normal,2833
90,3.003,True,1.0,0.5173969215132243,0.5264841989288802,0.5219405602210523,0.5213418712628946,-0.06995370370370368,-0.06263888888888891,0.518080699721804,0.03186644083619596,0.1967330334041851,1.0011483615476875,0.009087277415655959,0.007314814814814774,0.03785472359497646,0.5221324659719371,0.09336505119355011,0.11925411373939825,0.0,0.9999999987499999,0.6644406579116022,0.31651220168660193,0.2800997335311103,0.4111898422871001,happy,03,24,24,female,normal,2833
100,3.336666666666667,True,1.0,0.4399199557057771,0.4690398195729047,0.4544798876393409,0.5206081355832751,-0.07199074074074069,-0.06337962962962962,0.5151302254763338,0.005303598676756914,0.19950795339897923,0.8729788425802337,0.029119863867127616,0.00861111111111107,0.04616342068780195,0.5334557218509408,0.09479296298141834,0.11876567849204864,0.0,0.9999999987499999,0.6657123308542167,0.3160193173115649,0.2874009091423029,0.4137397820576482,happy,03,24,24,female,normal,2833
110,3.6703333333333332,True,1.0,0.5527534483850456,0.5540626455476498,0.5534080469663477,0.5358220123443849,-0.06638888888888894,-0.0589351851851852,0.5142970377472333,0.005349763314884163,0.2035936730171443,1.0328206647297273,0.0013091971626042476,0.00745370370370374,0.02960928291069933,0.5089885567298887,0.09552633118662707,0.11801528850570793,0.0,0.9999999987499999,0.6646199378892184,0.3167374173704455,0.288112106983218,0.4134381169231782,happy,03,24,24,female,normal,2833
0,0.0,True,1.0,0.5707864270045173,0.6389378296739873,0.6048621283392523,0.3849799432528478,-0.08092592592592585,-0.07458333333333333,0.4176951225297762,0.03199181114438632,0.21260373444601252,1.571152313101127,0.06815140266946995,0.006342592592592511,0.04001241608750644,0.6739297745816004,0.09504293806021874,0.11856572921094448,0.0,0.9999999987499999,0.6619417418451756,0.31487973640538414,0.27031856269702853,0.3916805241350194,happy,03,24,24,female,strong,2834
10,0.33366666666666667,True,1.0,0.5699190171922415,0.6401839465843973,0.6050514818883194,0.4164612058213303,-0.08231481481481479,-0.07481481481481478,0.4121893302756951,0.03245590210205468,0.21608664754715276,1.4528399606754678,0.07026492939215578,0.007500000000000007,0.042994882685066356,0.6320232479665926,0.09595491014936408,0.11782889050149008,0.0,0.9999999987499999,0.6602972978488271,0.31578899760293666,0.27152288281976583,0.3916040332300696,happy,03,24,24,female,strong,2834
20,0.6673333333333333,True,1.0,0.585134698606131,0.5924559149384312,0.5887953067722811,1.023655710466179,-0.08754629629629623,-0.07939814814814816,0.4352587568698581,0.2219517553978577,0.211172177589955,0.5751888068930325,0.007321216332300207,0.008148148148148071,0.03217161524100219,0.2780650656163652,0.09351495053663396,0.12056726745695684,0.0,0.9999999987499999,0.6507289785758054,0.3218347107045974,0.2760283017178592,0.4017543994061609,happy,03,24,24,female,strong,2834
30,1.0010000000000001,True,1.0,0.5413227542979124,0.548030966878955,0.5446768605884338,0.7213176991832292,-0.0703240740740741,-0.06777777777777777,0.508630628920011,0.1614662768994805,0.19167024913148814,0.7551136776557522,0.006708212581042594,0.0025462962962963243,0.014112784212204042,0.37774526062011754,0.09579408221717511,0.11844322637264353,0.0,0.9999999987499999,0.6663285268247924,0.3120754058495799,0.3061685869110579,0.4192876910651158,happy,03,24,24,female,strong,2834
40,1.3346666666666667,True,1.0,0.5849403899705425,0.5474412815661595,0.5661908357683509,0.6347846738773485,-0.07254629629629628,-0.07347222222222222,0.47226579397041146,0.1384912315987838,0.20278379759424525,0.8919415654917795,0.037499108404383086,0.0009259259259259411,0.0035910935975506895,0.41929625380391383,0.09617380062890031,0.11845721602795727,0.0,0.9999999987499999,0.6732089383409614,0.3054997207515785,0.3012559256325305,0.4104764409381063,happy,03,24,24,female,strong,2834
50,1.6683333333333334,True,1.0,0.6569206860444993,0.6515622958086931,0.6542414909265961,1.6084938037072087,-0.08976851851851858,-0.09138888888888885,0.32041975631539477,0.6772486772486775,0.22223904440044584,0.4067416917732103,0.0053583902358061986,0.001620370370370272,0.015318846175755014,0.19567463851026204,0.09490886185765175,0.11979160150991564,0.0,0.9999999987499999,0.6683336245279362,0.30829774142892197,0.29628712535225643,0.39876198672024415,happy,03,24,24,female,strong,2834
60,2.0020000000000002,True,1.0,0.5995063463940612,0.5608748490220149,0.580190597708038,0.899935059068604,-0.06939814814814815,-0.07087962962962963,0.4843245992947648,0.17998256283685074,0.2020848434758867,0.6447027392271077,0.0386314973720463,0.0014814814814814725,0.010201962590322893,0.32367095496616943,0.09457368427556512,0.11941994097992388,0.0,0.9999999987499999,0.6568992812046692,0.3152523333282653,0.30282722459514566,0.42926583580194155,happy,03,24,24,female,strong,2834
70,2.3356666666666666,True,1.0,0.5974742610057632,0.5578602456630832,0.5776672533344231,0.7517248802005866,-0.06652777777777785,-0.06662037037037039,0.48025169611865076,0.10819889412153853,0.21041811700201488,0.7684556791312817,0.03961401534267994,9.259259259253305e-05,0.0022879066631227634,0.38380796072066026,0.09441471144011182,0.11922650053497863,0.0,0.9999999987499999,0.6542947944490297,0.31686921737796386,0.29908555188167435,0.41211392895194493,happy,03,24,24,female,strong,2834
80,2.6693333333333333,True,1.0,0.571023964524784,0.5965002552455083,0.5837621098851462,0.6546026823841447,-0.08509259259259266,-0.08356481481481487,0.44028091043372797,0.1296197519575291,0.2347485489285906,0.8917808093285102,0.025476290720724326,0.0015277777777777946,0.02021539103838545,0.4349211121226787,0.09522087271119827,0.11874420202336075,0.0,0.9999999987499999,0.6516623364423895,0.31402108682407615,0.2981782523230818,0.41116177118721997,happy,03,24,24,female,strong,2834
90,3.003,True,1.0,0.5322265553661395,0.5557291483635979,0.5439778518648687,0.6170227908020529,-0.06837962962962968,-0.06319444444444439,0.5033906098330183,0.005315164085052018,0.21389780617713006,0.8816171136203333,0.023502592997458382,0.005185185185185293,0.019890477319500437,0.4264034102663827,0.09426774774002102,0.11838101290750347,0.0,0.9999999987499999,0.6545440056022409,0.31688548412949935,0.29021862595823006,0.4115828843351359,happy,03,24,24,female,strong,2834
100,3.336666666666667,True,1.0,0.5684108274446144,0.5914286466028664,0.5799197370237403,0.594260539221951,-0.06606481481481491,-0.05944444444444441,0.5070434354112672,0.0,0.2125606674658217,0.9758678201702797,0.023017819158252073,0.006620370370370499,0.01842531409779207,0.463221510961105,0.0957745947289113,0.11749003098409674,0.0,0.9999999987499999,0.6557491163965588,0.31695965315057206,0.2937215098782874,0.4171928354455026,happy,03,24,24,female,strong,2834
110,3.6703333333333332,True,1.0,0.5699190171922413,0.5795209722659348,0.574719994729088,0.5836584586564676,-0.06601851851851853,-0.06152777777777774,0.508301176047251,0.0,0.21262957044709382,0.9846854546613525,0.009601955073693547,0.004490740740740795,0.017984154002641858,0.471635869917162,0.09556548482706201,0.11798358521864387,0.0,0.9999999987499999,0.6568694896396058,0.3145826699182175,0.29286541236596886,0.41706541191477026,happy,03,24,24,female,strong,2834
0,0.0,True,1.0,0.6357516453871815,0.6769477999144771,0.6563497226508292,0.5268372164646478,-0.08370370370370367,-0.07509259259259277,0.35822885594253473,0.20318240225626644,0.21188658673825525,1.2458302149860974,0.041196154527295525,0.008611111111110903,0.023025045734427988,0.4829263123940904,0.09473613794591375,0.11752116747771747,0.0,0.9999999987499999,0.663041228796206,0.3165407713142779,0.2605578845818603,0.3908464292906998,happy,03,24,24,female,strong,2835
10,0.33366666666666667,True,1.0,0.6463738037690778,0.651430982015453,0.6489023928922655,0.5089325559383141,-0.08361111111111108,-0.07680555555555557,0.36920395259048167,0.18166780509657995,0.21257035829711185,1.2750262983194116,0.0050571782463751935,0.006805555555555509,0.027793641977141532,0.5148128794150952,0.09522361352672291,0.11793703321155101,0.0,0.9999999987499999,0.6659584130527209,0.31524106082976944,0.26229523335681004,0.3897471314469486,happy,03,24,24,female,strong,2835
20,0.6673333333333333,True,1.0,0.6449384214305837,0.6370615468808457,0.6409999841557147,0.7237864144989482,-0.08296296296296296,-0.07481481481481483,0.43067735217682335,0.12062519563953998,0.2111548350602788,0.8856203588726604,0.007876874549737956,0.008148148148148127,0.017633983288908223,0.39510727488010083,0.0930347679822126,0.11919270313088717,0.0,0.9999999987499999,0.6625808040091036,0.31697615925266726,0.2721039282000496,0.3958679479965132,happy,03,24,24,female,strong,2835
30,1.0010000000000001,True,1.0,0.5730688952667045,0.5384974738323525,0.5557831845495285,0.7154167566545993,-0.07777777777777778,-0.08263888888888887,0.5149716647065579,0.15779092702169661,0.20072523421335153,0.7768663221538976,0.03457142143435199,0.004861111111111094,0.004887146396510054,0.3804626416429297,0.0952469227574936,0.11775652905033872,0.0,0.9999999987499999,0.6737618144836062,0.30782473877109445,0.300885646225271,0.4196076120843447,happy,03,24,24,female,strong,2835
40,1.3346666666666667,True,1.0,0.5633024062131327,0.5216778373477599,0.5424901217804463,0.7202848645717542,-0.0953703703703705,-0.0889814814814815,0.44277462303420323,0.2460865146175053,0.2104605348892679,0.7531605180999938,0.0416245688653728,0.006388888888888999,0.010703903141409331,0.38471926102963605,0.09632357912297605,0.11736548204932597,0.0,0.9999999987499999,0.6739413554015357,0.30210863894529666,0.293763655347001,0.4102877860231856,happy,03,24,24,female,strong,2835
50,1.6683333333333334,True,1.0,0.6208940224037375,0.6164874551971324,0.618690738800435,1.507380477146967,-0.09694444444444444,-0.09180555555555558,0.35579432952970125,0.5895109451845166,0.20907193742222244,0.41044099229110137,0.004406567206605039,0.0051388888888888595,0.014041629139786582,0.1949227196211883,0.09703448986787623,0.1193602078090125,0.0,0.9999999987499999,0.6687655105557848,0.3050767635356078,0.2918131136164358,0.3918778733530973,happy,03,24,24,female,strong,2835
60,2.0020000000000002,True,1.0,0.5396382069012966,0.5689954600944692,0.554316833497883,0.4759144952665904,-0.08314814814814814,-0.08046296296296301,0.43088427164736376,0.15648225970226817,0.22153328809325815,1.1647403872146704,0.029357253193172617,0.002685185185185124,0.012516024674085538,0.5770498030820511,0.09499171922798655,0.11908768760548932,0.0,0.9999999987499999,0.6580752818940078,0.3138737987025921,0.2809120539916633,0.3953462691292676,happy,03,24,24,female,strong,2835
70,2.3356666666666666,True,1.0,0.544990685789563,0.6164493426361032,0.580720014212833,0.7634864400977981,-0.06462962962962954,-0.06120370370370387,0.43530529251388295,0.08760947329318228,0.21458902197152224,0.7606160158370936,0.07145865684654018,0.003425925925925666,0.009105958469083778,0.38727861666621916,0.09561183545365236,0.11891126472136927,0.0,0.9999999987499999,0.6578576286373923,0.3163989360383296,0.28497312929458296,0.4055738656382841,happy,03,24,24,female,strong,2835
80,2.6693333333333333,True,1.0,0.577789198300955,0.59175424548801,0.5847717218944826,0.6709355158964565,-0.06865740740740739,-0.06351851851851859,0.48653945090922557,0.061491614167554665,0.20140252662755678,0.8715766389459232,0.013965047187055046,0.005138888888888804,0.014916053350561393,0.4127640132357483,0.09431051736207739,0.1189891364201849,0.0,0.9999999987499999,0.6608908235481693,0.3165836403216911,0.2817046803333415,0.4116587396791919,happy,03,24,24,female,strong,2835
90,3.003,True,1.0,0.6052003744333737,0.6174396244443331,0.6113199994388534,0.5781404281212412,-0.06819444444444445,-0.0622685185185185,0.50316948583565,0.026759953909497782,0.2014267692164171,1.057390159386422,0.01223925001095938,0.005925925925925946,0.016093750294353847,0.4690138837941433,0.09452542860432965,0.11752872005643614,0.0,0.9999999987499999,0.6595541415472439,0.31792591920210017,0.28401078886982867,0.41359479187243187,happy,03,24,24,female,strong,2835
100,3.336666666666667,True,1.0,0.5726977864570535,0.627214553606016,0.5999561700315348,0.5947626179510205,-0.06953703703703706,-0.06333333333333341,0.5103545832733054,0.02653985551497479,0.20280825126122082,1.0087321427469775,0.054516767148962475,0.006203703703703656,0.026279223317517,0.46322151096110353,0.09507349531446799,0.11886223370830899,0.0,0.9999999987499999,0.6578507429143532,0.3168113574173342,0.2853080188024227,0.4155631120741586,happy,03,24,24,female,strong,2835
110,3.6703333333333332,True,1.0,0.5911478543891727,0.6205831987530058,0.6058655265710893,0.5850879488559405,-0.07037037037037042,-0.06314814814814818,0.5105449181453787,0.02127147600856652,0.20279621290136182,1.0355118880089336,0.029435344363833105,0.007222222222222241,0.022122526176766744,0.4604899579674704,0.09530889918483519,0.11867356002891422,0.0,0.9999999987499999,0.6559801703415742,0.3186099766649384,0.28307870577290645,0.41003421631491965,happy,03,24,24,female,strong,2835
0,0.0,True,1.0,0.621709283906729,0.6807557491992781,0.6512325165530035,0.44375828190480776,-0.07504629629629628,-0.06800925925925927,0.47933990732507503,-0.05674472464826582,0.2139320451098644,1.4675388451515183,0.05904646529254909,0.007037037037037008,0.030540866600091185,0.5616255982983626,0.09390897034340447,0.11753659063162245,0.0,0.9999999987499999,0.6580834466755453,0.320212024164564,0.2709235769459599,0.39515657366673995,happy,03,24,24,female,strong,2836
10,0.33366666666666667,True,1.0,0.6130898362301097,0.663787961683938,0.6384388989570239,0.4640655114312386,-0.07671296296296287,-0.06847222222222221,0.4682208112358602,-0.011591327335172048,0.21255169407993438,1.3757516627081272,0.05069812545382835,0.00824074074074066,0.03199149635068905,0.5625548906039093,0.09383500111763776,0.11808068959828656,0.0,0.9999999987499999,0.6529166176705057,0.3211835786440905,0.2702276240938421,0.3908585257175919,happy,03,24,24,female,strong,2836
20,0.6673333333333333,True,1.0,0.618774245710662,0.6052497533494868,0.6120119995300743,0.9455120130815433,-0.09203703703703714,-0.08240740740740732,0.4811526925995644,0.14236696594939385,0.21740357807134272,0.6472810403914909,0.013524492361175144,0.009629629629629821,0.019344488191559643,0.2923497815636115,0.09407396755983873,0.11981399204008307,0.0,0.9999999987499999,0.6420665929731268,0.33052303446075193,0.28195114579443337,0.42495987749207825,happy,03,24,24,female,strong,2836
30,1.0010000000000001,True,1.0,0.6074017186545818,0.6037617498040199,0.6055817342293008,0.8753488811163018,-0.08175925925925931,-0.0866203703703704,0.39707847580681077,0.3145299145299145,0.22018878958176905,0.6918175681643913,0.0036399688505619476,0.004861111111111094,0.007666675901459647,0.3251450830124147,0.09470541927177295,0.11803116555282422,0.0,0.9999999987499999,0.6701836570800196,0.307379784135544,0.2854112431902016,0.39310969881082314,happy,03,24,24,female,strong,2836
40,1.3346666666666667,True,1.0,0.6027299163262211,0.6058428766148274,0.6042863964705243,0.6341432959241808,-0.06976851851851851,-0.06902777777777774,0.4335752031230449,0.11413857066344782,0.20833333333333326,0.9529177401297856,0.0031129602886063035,0.000740740740740764,0.009647040433894721,0.46165418758981835,0.09448445662258537,0.11996792638288221,0.0,0.9999999987499999,0.6482493232605543,0.32114165609899115,0.28661754009756507,0.4064751594312292,happy,03,24,24,female,strong,2836
50,1.6683333333333334,True,1.0,0.6010953154834336,0.5914286466028663,0.59626198104315,0.7444967274129407,-0.0686574074074075,-0.07212962962962971,0.4936816132023759,0.07775858049801383,0.20903690243586584,0.8008926823830467,0.00966666888056733,0.00347222222222221,0.0033983603823100534,0.38607159446540223,0.0956123223492947,0.11955003789815531,0.0,0.9999999987499999,0.6555304654049119,0.3196616991021074,0.29518982151814444,0.43116218216404373,happy,03,24,24,female,strong,2836
60,2.0020000000000002,True,1.0,0.6912820334159717,0.7043985070546521,0.6978402702353119,0.6778404520760709,-0.08379629629629631,-0.08375000000000005,0.4240534376421075,0.1726477503794587,0.22708870884310334,1.0295052000776674,0.013116473638680404,4.6296296296266526e-05,0.017139712349559896,0.435117004296377,0.09490760523197392,0.11883451786182,0.0,0.9999999987499999,0.6554309730689151,0.31623757382951667,0.27633122531629734,0.3966080901727057,happy,03,24,24,female,strong,2836
70,2.3356666666666666,True,1.0,0.6270018198703265,0.6254586033644829,0.6262302116174048,0.7128959898043902,-0.07435185185185184,-0.07754629629629634,0.41809171389708893,0.12959034597601252,0.2312582478470025,0.8784313849054398,0.0015432165058436587,0.0031944444444444997,0.005558669008956021,0.4298401720524152,0.0941680487314832,0.12005786335767664,0.0,0.9999999987499999,0.6575328089204432,0.3185268137522819,0.2903201023358286,0.40637138579768584,happy,03,24,24,female,strong,2836
80,2.6693333333333333,True,1.0,0.6952234681745841,0.6447677313642309,0.6699955997694076,0.7781146746006049,-0.0767129629629631,-0.07564814814814813,0.47512016986545547,0.08009729967204532,0.22639428088756056,0.8610499475714254,0.0504557368103532,0.0010648148148149628,0.0018067373619577456,0.348657261875508,0.09569455855688504,0.11884470294978533,0.0,0.9999999987499999,0.6535512454825682,0.32155709437405755,0.29392329729557365,0.4176512042508192,happy,03,24,24,female,strong,2836
90,3.003,True,1.0,0.6575897451585112,0.6343275005731447,0.645958622865828,0.613872058564319,-0.06763888888888892,-0.06370370370370365,0.5112872133273594,0.0,0.2124999999999999,1.052269139560694,0.02326224458536652,0.003935185185185264,0.014558038150093485,0.43634034017379447,0.09541307003018493,0.11729754729358212,0.0,0.9999999987499999,0.6571888260460435,0.31846526482717535,0.2893871569224888,0.41758102415898113,happy,03,24,24,female,strong,2836
100,3.336666666666667,True,1.0,0.6160192237620237,0.6429990785277931,0.6295091511449085,0.6312223663610662,-0.06314814814814806,-0.05851851851851858,0.5005773954027313,-0.01631244664562352,0.21255169407993438,0.9972858768835549,0.026979854765769473,0.004629629629629484,0.021473513111047924,0.43643457866277774,0.09517391856875676,0.11846061557786498,0.0,0.9999999987499999,0.6496638334787039,0.32333141236111373,0.28424080334444696,0.4159922416743535,happy,03,24,24,female,strong,2836
110,3.6703333333333332,True,1.0,0.6422593132675074,0.6467439099001714,0.6445016115838393,0.632364079757814,-0.0633333333333333,-0.05699074074074073,0.5018770523446048,-0.027251946437058933,0.2118286075798015,1.0191938982851048,0.004484596632663984,0.006342592592592566,0.01602087466328896,0.41694743616607194,0.09534643229538656,0.11896413685284869,0.0,0.9999999987499999,0.6535940127457233,0.3236471073550091,0.28180270709534,0.4153242440306464,happy,03,24,24,female,strong,2836
0,0.0,True,1.0,0.6351105730083645,0.6807557491992781,0.6579331611038213,0.5054610883592691,-0.08564814814814803,-0.07773148148148151,0.3922580715797222,0.09558360070200368,0.22365239132884612,1.3016494765986395,0.04564517619091357,0.007916666666666516,0.025753118050549948,0.531848807288029,0.0944102260614765,0.11826741603499591,0.0,0.9999999987499999,0.6601980455307123,0.3146161052305113,0.2701290110911848,0.39495127699031274,happy,03,24,24,female,strong,2837
10,0.33366666666666667,True,1.0,0.6342839885539423,0.6952144393180885,0.6647492139360154,0.6104775697351988,-0.0851851851851852,-0.07731481481481473,0.4055413810810556,0.07957398282865549,0.2222802361949851,1.0889003083673614,0.06093045076414616,0.007870370370370472,0.030228237206958383,0.45266312392937097,0.09580830690769594,0.11746254170343101,0.0,0.9999999987499999,0.6597999028595812,0.31560799487267577,0.2761097161139681,0.3980186349681537,happy,03,24,24,female,strong,2837
20,0.6673333333333333,True,1.0,0.6033791730846918,0.6126817695527308,0.6080304713187112,0.8223575532124296,-0.08226851851851852,-0.08050925925925928,0.45466679715348335,0.0834248057878378,0.21394916252147167,0.7393748241789981,0.009302596468038993,0.0017592592592592382,0.019793708112284463,0.31825435527600965,0.09269827782931957,0.12056585525399416,0.0,0.9999999987499999,0.6597958803208783,0.31796618052858894,0.2822105191063844,0.4133644482832051,happy,03,24,24,female,strong,2837
30,1.0010000000000001,True,1.0,0.5261277470897107,0.5326592470574976,0.5293934970736041,0.8019493379742394,-0.0724999999999999,-0.07722222222222219,0.4419615081721166,0.1295408117845814,0.21041992990714242,0.6601333426010129,0.006531499967786902,0.004722222222222294,0.003036522812866645,0.3721014517135182,0.09408428880815563,0.12012351375051916,0.0,0.9999999987499999,0.6434159606108069,0.3267845056650793,0.2835308217701389,0.4152582237880978,happy,03,24,24,female,strong,2837
40,1.3346666666666667,True,1.0,0.6158372973548013,0.6321134048473668,0.623975351101084,0.6731011900052521,-0.07018518518518524,-0.07953703703703707,0.4441984177915415,0.10401928944829687,0.21877232028983923,0.9270156706991043,0.016276107492565473,0.009351851851851833,0.0033223650070872495,0.41969023385403453,0.09495029136751118,0.11991774667672202,0.0,0.9999999987499999,0.6484003046843738,0.3202613539735296,0.29297731097018676,0.4141470412987478,happy,03,24,24,female,strong,2837
50,1.6683333333333334,True,1.0,0.658579006633127,0.6333359215426996,0.6459574640879133,0.7287605087500774,-0.07467592592592592,-0.07601851851851854,0.49179639915425016,0.0828106866757956,0.22083471525707543,0.8863782495511695,0.025243085090427386,0.0013425925925926174,0.009843343685281364,0.4005536345991658,0.09491569932591505,0.11994512837344964,0.0,0.9999999987499999,0.6492358545605743,0.322061477829265,0.30096831017909137,0.4299954947956794,happy,03,24,24,female,strong,2837
60,2.0020000000000002,True,1.0,0.6717727699789071,0.6495039921267282,0.6606383810528176,1.0192748804121239,-0.06907407407407412,-0.06921296296296309,0.4571813390643399,0.19554182251061802,0.21180879739806163,0.648145454919581,0.022268777852178956,0.0001388888888889661,0.0025892476449220214,0.30084635327351794,0.09377098052148827,0.12036824817170559,0.0,0.9999999987499999,0.648000607078769,0.322984309023906,0.2939625444202942,0.41993633012347953,happy,03,24,24,female,strong,2837
70,2.3356666666666666,True,1.0,0.6577187024619472,0.6246439239246664,0.6411813131933068,0.833842089279268,-0.0668981481481482,-0.06976851851851862,0.4083715758709535,0.14793363730653622,0.21948650831496794,0.7689481275135828,0.0330747785372808,0.002870370370370412,0.013609516955036262,0.3451209421462926,0.09529280905084023,0.11852584827545208,0.0,0.9999999987499999,0.651343272465236,0.3191648906002417,0.2944837268594793,0.41039227389441857,happy,03,24,24,female,strong,2837
80,2.6693333333333333,True,1.0,0.6768968230020379,0.6648396882728227,0.6708682556374304,0.883177686693947,-0.0807870370370371,-0.08115740740740751,0.4719997390986557,0.09175627240143425,0.2298730596770684,0.7596073426047848,0.012057134729215213,0.00037037037037040976,0.010949713545337688,0.3360299948918773,0.09420153334446645,0.12050682517773977,0.0,0.9999999987499999,0.6494712892891531,0.32241761888049053,0.30809451287732265,0.42711476249303326,happy,03,24,24,female,strong,2837
90,3.003,True,1.0,0.7156629245298556,0.7421213127790754,0.7288921186544655,0.8329644485060744,-0.07337962962962957,-0.07004629629629633,0.491985276820323,0.03886730193807809,0.22015136512249264,0.8750578970828069,0.026458388249219866,0.0033333333333332438,0.00979521045378804,0.3227392006631017,0.09447989177826605,0.1180504916688325,0.0,0.9999999987499999,0.6554592655343388,0.3215585500760466,0.29908241288465826,0.41988117960360727,happy,03,24,24,female,strong,2837
100,3.336666666666667,True,1.0,0.741094301375288,0.7575985871896688,0.7493464442824784,0.7671208721892139,-0.06861111111111107,-0.06365740740740738,0.49451642965588893,0.005478727294561515,0.21880021745018902,0.976829690663988,0.016504285814380792,0.004953703703703682,0.017427342808064135,0.3377585907016313,0.09469393483730638,0.11820167145019773,0.0,0.9999999987499999,0.6532304260532337,0.3233219719106193,0.29759104451918234,0.4191201101491416,happy,03,24,24,female,strong,2837
110,3.6703333333333332,True,1.0,0.6211573471462791,0.6536035058279036,0.6373804264870914,0.7609659876982883,-0.0740277777777778,-0.06773148148148145,0.4979977706282634,0.04346132519926429,0.21952265594448672,0.8375938436026437,0.03244615868162448,0.006296296296296355,0.025284699867563036,0.36254689773169974,0.09465517835585777,0.118875520730224,0.0,0.9999999987499999,0.651372324492297,0.32280154784883164,0.29268276257302916,0.4173508088905787,happy,03,24,24,female,strong,2837
0,0.0,True,1.0,0.6586597066347174,0.6787731064079385,0.668716406521328,0.4510392324259624,-0.07504629629629633,-0.06800925925925921,0.3669672799208494,0.1745670964361227,0.21741164936522328,1.482612505622994,0.02011339977322113,0.007037037037037119,0.0119402984371055,0.5814448167327875,0.09528257131313647,0.11543982314273513,0.0,0.9999999987499999,0.65756059735613,0.3133606425532943,0.2693056035943488,0.38715174818616654,sad,04,24,24,female,normal,2838
10,0.33366666666666667,True,1.0,0.6113448462279728,0.6355582891062765,0.6234515676671246,0.4321176139204946,-0.07412037037037039,-0.0672222222222223,0.3583529214712067,0.14152914909274078,0.22157736568388595,1.4427821213088379,0.024213442878303737,0.006898148148148098,0.008313073967033678,0.6629542947323226,0.09710536909217153,0.11882250158312066,0.0,0.9999999987499999,0.6275044290450555,0.3277397288162944,0.26180038611749357,0.3913116612379949,sad,04,24,24,female,normal,2838
20,0.6673333333333333,True,1.0,0.4983651000930931,0.5105920206153457,0.5044785603542195,0.6447573348330228,-0.07648148148148148,-0.07078703703703709,0.35738761637393085,0.20226811716440438,0.2208830771411905,0.7824316732819607,0.012226920522252605,0.005694444444444391,0.008184008013265805,0.45985129495451427,0.09543027928179564,0.11712099035706369,0.0,0.9999999987499999,0.6259511362748225,0.330767572519452,0.2527515469444744,0.37898293073722084,sad,04,24,24,female,normal,2838
30,1.0010000000000001,True,1.0,0.2666666666666681,0.2940211803299793,0.2803439234983237,0.7733178448036561,-0.08398148148148132,-0.08083333333333331,0.36256120162771127,0.09475551996960005,0.22243669544619507,0.36252095484684244,0.02735451366331121,0.003148148148148011,0.012648357497168555,0.3475942543911369,0.10771370068025722,0.11720445303237745,0.0,0.9999999987499999,0.5662417776251125,0.316346010219829,0.2635643009331954,0.34751186958257946,sad,04,24,24,female,normal,2838
40,1.3346666666666667,True,1.0,0.23386151478379083,0.21030015251074372,0.22208083364726727,0.4289829567247917,-0.07731481481481484,-0.08180555555555563,0.3890092591018899,-0.03332943355484926,0.22338471993411596,0.517691507706541,0.023561362273047115,0.004490740740740795,0.05585569323968981,0.6143361364542517,0.10807612830143351,0.11800594582204385,0.0,0.9999999987499999,0.5752001207279787,0.3120451921864194,0.2602664658897535,0.34358987579687433,sad,04,24,24,female,normal,2838
50,1.6683333333333334,True,1.0,0.6223338093534383,0.5571767828765243,0.5897552961149812,0.8476466238402608,-0.06925925925925935,-0.07129629629629625,0.34066304112551415,0.2870735065017131,0.22343662739000156,0.6957560845852206,0.06515702647691402,0.002037037037036893,0.05388955232153452,0.35809560789351635,0.0989816433738707,0.11919782395266243,0.0,0.9999999987499999,0.620270201940151,0.33146741444547273,0.2642430325877904,0.37975113448398345,sad,04,24,24,female,normal,2838
60,2.0020000000000002,True,1.0,0.3116444099278032,0.28122556343908933,0.29643498668344626,0.7769611604510089,-0.08143518518518511,-0.08611111111111114,0.34524942469216546,0.15306660918166273,0.2180611536126781,0.381531280806073,0.030418846488713847,0.004675925925926028,0.08896539518607843,0.3111969259380222,0.0976222732176454,0.11742873445646923,0.0,0.9999999987499999,0.6394224847438975,0.31703936571843366,0.27284180396370133,0.3746687096533975,sad,04,24,24,female,normal,2838
70,2.3356666666666666,True,1.0,0.21815497641299916,0.21498370780812345,0.2165693421105613,0.4173125905807469,-0.08981481481481468,-0.08412037037037029,0.3745345299401284,0.10416348789779,0.2169626024467352,0.5189619172744724,0.00317126860487571,0.005694444444444391,0.0323059133874002,0.6585864701716162,0.09302180044620176,0.12188962336075561,0.0,0.9999999987499999,0.6274141287921419,0.3287138918470521,0.24414447418879925,0.3689619859323655,sad,04,24,24,female,normal,2838
80,2.6693333333333333,True,1.0,0.2169138635471448,0.2493982224819215,0.23315604301453313,0.5422023509135746,-0.09263888888888888,-0.08347222222222228,0.36569267107285647,0.07121768326715641,0.21674588051410584,0.4300166582119772,0.03248435893477672,0.0091666666666666,0.08079839294839954,0.5171863002658345,0.09709489464996873,0.11834909877057517,0.0,0.9999999987499999,0.6241318869110144,0.32476648125871654,0.25381419751266526,0.36780341291552227,sad,04,24,24,female,normal,2838
90,3.003,True,1.0,0.2954455749843043,0.33998843789870536,0.3177170064415048,0.7967999551201165,-0.10120370370370368,-0.09291666666666676,0.340100348089747,0.2258689897922028,0.2112704250346781,0.3987412454028181,0.04454286291440107,0.008287037037036926,0.08576334463303652,0.3195025618990448,0.09545635889970254,0.11143075839154382,0.0,0.9999999987499999,0.6546335385873099,0.30968577061717256,0.2542199545836194,0.36190962378704444,sad,04,24,24,female,normal,2838
100,3.336666666666667,True,1.0,0.3694638407904027,0.4544635231426306,0.41196368196651667,0.495718026978039,-0.09328703703703695,-0.08458333333333345,0.3583102758104152,0.01430083940234704,0.2173625151101709,0.8310443831907837,0.08499968235222793,0.008703703703703491,0.14454071532325846,0.4767139360801778,0.09253844083823082,0.11453289102712279,0.0,0.9999999987499999,0.6434117762495624,0.3191439893543784,0.250566453793907,0.36633188900396374,sad,04,24,24,female,normal,2838
110,3.6703333333333332,True,1.0,0.26263662352770556,0.35382346909270035,0.30823004631020295,0.44144301578079825,-0.08671296296296294,-0.07527777777777778,0.36405159757797584,-0.03319965110669967,0.2134179902763962,0.6982329208788679,0.09118684556499479,0.01143518518518516,0.178888784147827,0.5495910655810506,0.10681871404054033,0.11307417490174251,0.0,0.9999999987499999,0.6118366051967662,0.29056319436731687,0.26284513589359965,0.3475841838599954,sad,04,24,24,female,normal,2838
120,4.0040000000000004,True,1.0,0.35642363384029163,0.5040761833425657,0.43024990859142864,0.42093308148482766,-0.08259259259259255,-0.06768518518518518,0.32064740425494376,0.0,0.2154818141513066,1.022133748846102,0.14765254950227402,0.01490740740740737,0.17918880000245527,0.518328410517186,0.10120896772278011,0.11518194517714343,0.0,0.9999999987499999,0.6200543600643382,0.31655904483714165,0.25994906267142026,0.3650454659704335,sad,04,24,24,female,normal,2838
0,0.0,True,1.0,0.32410264132916533,0.3163841807909606,0.32024341106006293,0.46995325645730696,-0.08504629629629618,-0.08097222222222222,0.35253860113818686,0.19091851043578117,0.21319480230499505,0.6814367315468438,0.007718460538204741,0.004074074074073952,0.014739068827648888,0.5976562499999989,0.09698701381640507,0.11763046867257221,0.0,0.9999999987499999,0.6571978321015907,0.3107832643328244,0.26024646240605354,0.38085662986704993,sad,04,24,24,female,normal,2839
10,0.33366666666666667,True,1.0,0.5798569296087357,0.6034129753543478,0.5916349524815417,0.49551406505994805,-0.07796296296296296,-0.07162037037037033,0.3589159764790987,0.21857923497267792,0.21111689330988628,1.1939821575195142,0.023556045745612098,0.006342592592592622,0.02102844295204528,0.5631913405106104,0.09849525065383295,0.11783475351219468,0.0,0.9999999987499999,0.6580639005993022,0.3089537081090903,0.26682113965289317,0.3874201270435586,sad,04,24,24,female,normal,2839
20,0.6673333333333333,True,1.0,0.58569612147184,0.5989309314012509,0.5923135264365454,0.5139997608668088,-0.0753240740740741,-0.06912037037037039,0.3556401221529295,0.19815471396019455,0.21528096733328264,1.1523614824988797,0.01323480992941084,0.006203703703703711,0.017320695923726592,0.5468925852975788,0.098893922724379,0.11750036419207736,0.0,0.9999999987499999,0.6515450609540692,0.3111802992915913,0.2687604211575777,0.3835570742476162,sad,04,24,24,female,normal,2839
30,1.0010000000000001,True,1.0,0.2966344947298362,0.25652505800955244,0.27657977636969433,0.7559029076002078,-0.08143518518518522,-0.0788888888888889,0.3453794784463129,0.21908710176509655,0.21668392014887738,0.3658932563809843,0.040109436720283775,0.0025462962962963243,0.01308792982045864,0.39403325892607377,0.09763076460347071,0.11871259953051691,0.0,0.9999999987499999,0.6253558766553496,0.3304613634872215,0.2527576433629048,0.3722310480894521,sad,04,24,24,female,normal,2839
40,1.3346666666666667,True,1.0,0.2669268295156797,0.2248822759907109,0.24590455275319528,0.5806282361517539,-0.0800925925925926,-0.07912037037037034,0.3527661108719154,0.15606348138094958,0.2174400719712156,0.42351463026149716,0.0420445535249688,0.0009722222222222632,0.023768697374909362,0.4955571129477858,0.09858786112436278,0.11824165517545464,0.0,0.9999999987499999,0.626436594161102,0.3275937912633946,0.25759717685967876,0.3752060132120877,sad,04,24,24,female,normal,2839
50,1.6683333333333334,True,1.0,0.296530486194729,0.2657304676391578,0.2811304769169434,0.7187560962621925,-0.08027777777777778,-0.08055555555555549,0.34889692404505784,0.22436492067311822,0.21820979943258187,0.39113473733152276,0.030800018555571185,0.0002777777777777102,0.033994210727678706,0.4144357654137504,0.09929349180523644,0.11781155211901209,0.0,0.9999999987499999,0.6226583217740221,0.33010557011043945,0.2579139048079707,0.3737957458576062,sad,04,24,24,female,normal,2839
60,2.0020000000000002,True,1.0,0.2530710254863037,0.241466640736936,0.24726883311161985,0.8972196562565886,-0.08000000000000007,-0.0817592592592592,0.3327368454415536,0.22392612348852678,0.2189856431688217,0.27559453405566653,0.01160438474936773,0.0017592592592591272,0.04001558013236134,0.3213518056399874,0.09737109075520493,0.11828314495200941,0.0,0.9999999987499999,0.6246237578781514,0.3287273117324175,0.2583705125111034,0.3738087458471725,sad,04,24,24,female,normal,2839
70,2.3356666666666666,True,1.0,0.2456832689013738,0.24105533015413483,0.24336929952775432,0.8989613244561114,-0.07819444444444446,-0.08125000000000004,0.3413440409658728,0.18254117717722515,0.22030656581295316,0.2707227696085784,0.004627938747238963,0.003055555555555589,0.03998294287529238,0.31592308202058167,0.09897089827321778,0.11808268553113792,0.0,0.9999999987499999,0.6240254803405738,0.3274757850732802,0.2557075256042693,0.37004818869582606,sad,04,24,24,female,normal,2839
80,2.6693333333333333,True,1.0,0.3478604502745359,0.32801833687358806,0.337939393574062,0.8061930908776357,-0.07930555555555552,-0.08277777777777767,0.33428019257746056,0.15459456743256367,0.22322448203398354,0.4191792231885482,0.019842113400947825,0.0034722222222221544,0.04875681700431162,0.3499268547970661,0.09944316042879027,0.11784702422548017,0.0,0.9999999987499999,0.6165430546281012,0.3301910174557811,0.26132598655454126,0.3694491253993601,sad,04,24,24,female,normal,2839
90,3.003,True,1.0,0.36112527832462854,0.3071499362247733,0.33413760727470093,0.6044041709369121,-0.07481481481481489,-0.08009259259259266,0.34325227265444574,0.10551023820292223,0.22051598267274236,0.5528380235310757,0.05397534209985522,0.00527777777777777,0.05229341039479701,0.468926318190706,0.10854054159543777,0.11709180904472717,0.0,0.9999999987499999,0.5838405233577806,0.3061553888153776,0.2633262771793435,0.3415270184726713,sad,04,24,24,female,normal,2839
100,3.336666666666667,True,1.0,0.29694411208662086,0.29240245740157655,0.2946732847440987,0.4678519606805141,-0.07203703703703712,-0.07490740740740731,0.345782908044799,0.052605935008935505,0.2211650923495879,0.6298430048588055,0.004541654685044305,0.00287037037037019,0.05218944472828459,0.610029555146042,0.10991459751356181,0.11563830775913823,0.0,0.9999999987499999,0.5765643047844138,0.3071439043537708,0.2633980397635031,0.33861777745380245,sad,04,24,24,female,normal,2839
110,3.6703333333333332,True,1.0,0.33763057424286513,0.30430052576328215,0.32096555000307364,0.4265009922575146,-0.06833333333333325,-0.07060185185185197,0.3415351173247324,0.03788978126674968,0.2225957867127619,0.7525552245591957,0.033330048479582985,0.002268518518518725,0.050546091883144136,0.6747683040537668,0.10030414267789743,0.1174399852327691,0.0,0.9999999987499999,0.6194939198960835,0.32990330034023724,0.25260472645149523,0.366806584991153,sad,04,24,24,female,normal,2839
0,0.0,True,1.0,0.6167816790067496,0.6672059815221415,0.6419938302644456,0.4846595777117705,-0.07703703703703707,-0.0697222222222223,0.3589394918303109,0.1834765870001802,0.21810593289704885,1.3246283779132135,0.05042430251539187,0.007314814814814774,0.03832025750276474,0.5962445349571532,0.09576967819372405,0.11894446032605546,0.0,0.9999999987499999,0.6284226329906963,0.32884622331742025,0.2602831229147702,0.39101809997720344,sad,04,24,24,female,normal,2840
10,0.33366666666666667,True,1.0,0.6130196951492048,0.6410571074549666,0.6270384013020858,0.4404212061836678,-0.07541666666666674,-0.06930555555555551,0.3623974381493324,0.168798460040167,0.21813426503883476,1.4237243631738146,0.028037412305761733,0.006111111111111234,0.03569013410016334,0.6569805408066891,0.09733680570751604,0.11798885563265787,0.0,0.9999999987499999,0.6272649960843714,0.32907878076625596,0.2625520210398978,0.3907837659093345,sad,04,24,24,female,normal,2840
20,0.6673333333333333,True,1.0,0.5620526299398986,0.5738784655424393,0.5679655477411689,0.4363091889520545,-0.07777777777777783,-0.07032407407407415,0.36485125425030035,0.138067531873402,0.21815664832645504,1.3017501398614413,0.01182583560254069,0.007453703703703685,0.04057131616658563,0.619211986589618,0.09662727262950317,0.11984917840083435,0.0,0.9999999987499999,0.6246133535679897,0.3290432690956099,0.25911176937610486,0.38520924259827666,sad,04,24,24,female,normal,2840
30,1.0010000000000001,True,1.0,0.2795079787510864,0.26041409705168295,0.2699610379013847,0.8046560437683496,-0.09032407407407411,-0.08527777777777779,0.3564277500788771,0.30540500593696573,0.22154981821739436,0.3354986767229242,0.01909388169940346,0.0050462962962963265,0.01399809384143615,0.34417377153669365,0.09574825581382909,0.11975978936944434,0.0,0.9999999987499999,0.6232921755968013,0.33299482682405107,0.2584734151429265,0.37802890159331337,sad,04,24,24,female,normal,2840
40,1.3346666666666667,True,1.0,0.5686465753389865,0.5371738117594868,0.5529101935492367,0.581101802460829,-0.08305555555555566,-0.08356481481481476,0.37714646794292506,0.2484871179074159,0.21056165075189054,0.9514859379334094,0.031472763579499796,0.0005092592592590983,0.025517852435039838,0.47725827704597346,0.09722870535809501,0.11791649039122706,0.0,0.9999999987499999,0.661422405438738,0.30961455958127576,0.2683312687673866,0.3804346227527124,sad,04,24,24,female,normal,2840
50,1.6683333333333334,True,1.0,0.34677367259743447,0.34567152106619176,0.3462225968318131,0.7105268070601062,-0.08842592592592591,-0.08597222222222228,0.35972291016523095,0.2681894457832024,0.21464341196030237,0.48727591048162217,0.0011021515312427121,0.0024537037037036247,0.014904564429494341,0.40374720464909614,0.0965647220869634,0.11958136114125159,0.0,0.9999999987499999,0.65456331207483,0.3132198965942483,0.2645470912603343,0.3757354338559936,sad,04,24,24,female,normal,2840
60,2.0020000000000002,True,1.0,0.4060430144142013,0.39288829013322263,0.399465652273712,0.7449198246244698,-0.08736111111111111,-0.08856481481481476,0.36800968249506355,0.2733210332651096,0.21194958957367088,0.53625321688155,0.013154724280978691,0.0012037037037036513,0.0238619337988442,0.3572905591650611,0.09781230617607208,0.11791855008853702,0.0,0.9999999987499999,0.6508424541769833,0.3134340847534389,0.26739249866894166,0.37422550094830803,sad,04,24,24,female,normal,2840
70,2.3356666666666666,True,1.0,0.5098017565487787,0.4795105278155394,0.49465614218215903,0.6636127857088504,-0.08000000000000007,-0.08060185185185187,0.3713497408787003,0.17617760890348652,0.2216944042284852,0.7453987518546419,0.030291228733239306,0.0006018518518517979,0.03142168287885691,0.3993571373796694,0.09799378733226556,0.11937457356574248,0.0,0.9999999987499999,0.6279917547644058,0.3309801592804204,0.26860149543773953,0.38797778960951723,sad,04,24,24,female,normal,2840
80,2.6693333333333333,True,1.0,0.48738825951588516,0.46716388826467425,0.4772760738902797,0.41783872641984376,-0.07976851851851857,-0.08143518518518522,0.39712971118350027,0.07804390579762394,0.22305352593946548,1.1422494941522328,0.020224371251210904,0.0016666666666666496,0.03657256788889791,0.6199463797566518,0.09724855029711686,0.1199824596970784,0.0,0.9999999987499999,0.6255170308748499,0.3298125133006954,0.2661060788659839,0.3875623268232575,sad,04,24,24,female,normal,2840
90,3.003,True,1.0,0.43728007283851467,0.42371298518816397,0.43049652901333935,0.4852485590882022,-0.07884259259259263,-0.07935185185185178,0.3658221563534142,0.1424086781294678,0.22095801714268423,0.8871670424375011,0.013567087650350695,0.0005092592592591538,0.024337952484730935,0.6007746519983314,0.09844501560084273,0.1188425265872293,0.0,0.9999999987499999,0.6296240239298845,0.3277327884591855,0.2636910998386218,0.38645194116687764,sad,04,24,24,female,normal,2840
100,3.336666666666667,True,1.0,0.40018020415523764,0.37003111157435475,0.3851056578647962,0.4754040808321447,-0.08421296296296304,-0.08351851851851844,0.36209182040973287,0.15789561229023116,0.21887587059453498,0.8100596385094326,0.030149092580882886,0.0006944444444446085,0.021771831668931558,0.5845132301008625,0.09890277651172981,0.11862256095671879,0.0,0.9999999987499999,0.6277450816576631,0.3279598807701759,0.2603268444533049,0.38251908690639447,sad,04,24,24,female,normal,2840
0,0.0,True,1.0,0.6192511915314043,0.6300944686058196,0.624672830068612,0.4589181914963544,-0.07935185185185178,-0.07532407407407415,0.37160846718791074,0.21527120832209948,0.21185741908285285,1.3611855917757278,0.010843277074415347,0.00402777777777763,0.007831026960570048,0.5650172945916042,0.09910387098011841,0.11780949934712034,0.0,0.9999999987499999,0.6562157815938876,0.3073512866180095,0.27258519741951837,0.391792736789024,sad,04,24,24,female,normal,2841
10,0.33366666666666667,True,1.0,0.6166889224614617,0.6029666300511185,0.60982777625629,0.4065981429847223,-0.07791666666666669,-0.07384259259259263,0.3709738080857147,0.17496185700534345,0.21392455581158973,1.4998292215004139,0.013722292410343173,0.004074074074074063,0.008197426057922078,0.6234546918633204,0.10024596150887558,0.11700216463207222,0.0,0.9999999987499999,0.6556153614492671,0.30724658767369306,0.2744325931744968,0.38828559884411185,sad,04,24,24,female,normal,2841
20,0.6673333333333333,True,1.0,0.4135190599677498,0.40559706661692363,0.4095580632923367,0.4733993207339314,-0.08365740740740735,-0.08111111111111108,0.38227830533609564,0.18238501622282663,0.21321734630882008,0.8651429044244955,0.007921993350826162,0.0025462962962962687,0.006204042205830313,0.5842075388429747,0.09899174284867801,0.11838750808250983,0.0,0.9999999987499999,0.6497628866155838,0.3104936089798898,0.26898132209745124,0.38037606805382074,sad,04,24,24,female,normal,2841
30,1.0010000000000001,True,1.0,0.3409992238237269,0.3599680179375448,0.35048362088063584,0.8993248887607889,-0.09972222222222221,-0.09601851851851861,0.3457037111235319,0.3520963521010013,0.21598953117742897,0.38971858252870045,0.01896879411381791,0.003703703703703598,0.004797822311223208,0.3017268595307605,0.09925264547587999,0.11849087510639511,0.0,0.9999999987499999,0.6497361829497423,0.31007181596427325,0.26764851125905725,0.3698867055310943,sad,04,24,24,female,normal,2841
40,1.3346666666666667,True,1.0,0.5485315324039235,0.5440749082880774,0.5463032203460004,0.609298211231851,-0.08333333333333343,-0.07902777777777781,0.3795973573348288,0.25017673890055836,0.21188658673825525,0.8966105763571992,0.004456624115846131,0.004305555555555618,0.018039758660314636,0.4419980641616415,0.09996650619659424,0.11805073783690123,0.0,0.9999999987499999,0.6530345520708284,0.30820055611138697,0.2712237540000755,0.38456537239827654,sad,04,24,24,female,normal,2841
50,1.6683333333333334,True,1.0,0.5541835837839714,0.529596779797551,0.5418901817907612,0.6704321471738462,-0.08208333333333329,-0.07921296296296293,0.37375455251217415,0.23918802179503568,0.21335220271124666,0.8082699853744432,0.024586803986420325,0.0028703703703703565,0.023194329339102586,0.40599587349793026,0.099799345368892,0.11803078319464096,0.0,0.9999999987499999,0.6550422629520558,0.30723768227099674,0.27034251174225116,0.3816047548047316,sad,04,24,24,female,normal,2841
60,2.0020000000000002,True,1.0,0.6230358024185851,0.6176660325786174,0.6203509174986013,0.762298513149808,-0.08175925925925931,-0.07990740740740748,0.3689774827135704,0.26299585328905906,0.21343622128410578,0.8137900137510684,0.005369769839967731,0.0018518518518518268,0.027077732896053645,0.3547877676127722,0.09915964925071358,0.11727620175419444,0.0,0.9999999987499999,0.6521093234403137,0.30730628754387346,0.27439038727574766,0.38100021129704414,sad,04,24,24,female,normal,2841
70,2.3356666666666666,True,1.0,0.6020110926341831,0.5639579888417582,0.5829845407379706,0.6531506469338985,-0.0829166666666667,-0.08101851851851855,0.3839324257815642,0.2593129206551772,0.21257035829711174,0.8925728596835808,0.03805310379242488,0.0018981481481481488,0.025281479281138136,0.4135609861989658,0.10006690114985246,0.11764219678507024,0.0,0.9999999987499999,0.6560909160929996,0.30409278219316505,0.2729657097034257,0.3792648288383128,sad,04,24,24,female,normal,2841
80,2.6693333333333333,True,1.0,0.6225921386245947,0.5958448476985859,0.6092184931615903,0.7951291711338129,-0.08254629629629628,-0.08032407407407405,0.34593886685129355,0.2942369823186303,0.21667230060784054,0.766188080224596,0.026747290926008804,0.0022222222222222365,0.02334049469948036,0.34543977310117424,0.09604080134378412,0.11984368157723817,0.0,0.9999999987499999,0.653864803265056,0.30767846637276136,0.27195241488371313,0.3791233178485194,sad,04,24,24,female,normal,2841
90,3.003,True,1.0,0.5967625071287256,0.5436950980133719,0.5702288025710487,0.48856426539320996,-0.0780555555555556,-0.07611111111111118,0.3783281033600147,0.14248051915961996,0.2194945030149522,1.1671520881948108,0.05306740911535368,0.0019444444444444153,0.022270988721430372,0.5319107941682389,0.09946732387932333,0.11895311003937876,0.0,0.9999999987499999,0.657786444874825,0.3039481701748907,0.2771978857956568,0.3909952087406685,sad,04,24,24,female,normal,2841
100,3.336666666666667,True,1.0,0.5439945993540591,0.5379520629117089,0.540973331132884,0.4721766826857619,-0.0832870370370371,-0.07898148148148149,0.36867464778734216,0.22914456659750268,0.20904566173292544,1.1457010711664197,0.006042536442350199,0.004305555555555618,0.003910753401192886,0.5459558823529413,0.099061617279324,0.11929118529602742,0.0,0.9999999987499999,0.6566652277786115,0.3048797687280784,0.26665952866331016,0.38134412436537557,sad,04,24,24,female,normal,2841
110,3.6703333333333332,True,1.0,0.5905292274126033,0.5952587867392287,0.592894007075916,0.48303917953845477,-0.08351851851851855,-0.07638888888888895,0.36099262376998387,0.21298895878880356,0.21396913110426477,1.2274242591303417,0.004729559326625443,0.007129629629629597,0.02440453893767918,0.5456572627358908,0.09816781322491189,0.1187511674635801,0.0,0.9999999987499999,0.657873548161452,0.3045082101988874,0.26731766478929375,0.38254510745023884,sad,04,24,24,female,normal,2841
0,0.0,True,1.0,0.6443194101794849,0.6847580151960458,0.6645387126877653,0.5678739123773576,-0.08189814814814828,-0.07175925925925936,0.3595041312976922,0.18911435447246616,0.2257809663215357,1.1702222944275225,0.040438605016560936,0.01013888888888892,0.03623166566126499,0.5187453919175711,0.09860886520978956,0.11790139603145879,0.0,0.9999999987499999,0.6282833458539666,0.32790028163671014,0.26799257331730414,0.3940106726226301,sad,04,24,24,female,strong,2842
10,0.33366666666666667,True,1.0,0.6925137395467681,0.7045247942283066,0.6985192668875373,0.8425061887223569,-0.07361111111111102,-0.06342592592592605,0.35278416827193326,0.2585508993035915,0.20988259040137844,0.8290968971359453,0.012011054681538513,0.010185185185184964,0.03908559739380614,0.35554029947821736,0.09970451494895455,0.11778784708631847,0.0,0.9999999987499999,0.6096166688550421,0.3348316746276927,0.2675105992854756,0.3909213785708074,sad,04,24,24,female,strong,2842
20,0.6673333333333333,True,1.0,0.6862003172946646,0.6750204864105865,0.6806104018526256,0.7423161819904006,-0.07162037037037039,-0.06004629629629643,0.35891561600955346,0.18911435447246616,0.21472550407600502,0.9168739930034652,0.011179830884078035,0.011574074074073959,0.037634632895200214,0.4083355549004522,0.10083319299221542,0.11747361492690553,0.0,0.9999999987499999,0.6050466336456458,0.3373637042435587,0.27051391085538706,0.39149401392332905,sad,04,24,24,female,strong,2842
30,1.0010000000000001,True,1.0,0.3885864218231681,0.3917137476459517,0.3901500847345599,0.7377506959149651,-0.07606481481481475,-0.06435185185185188,0.40521752257729826,0.05174930522941703,0.21751584743007218,0.5288372981481125,0.0031273258227835776,0.01171296296296287,0.038120229955502474,0.39495346847611146,0.10006397336550889,0.11877289268534293,0.0,0.9999999987499999,0.6050442419311474,0.3352465933694789,0.2743195894601598,0.39361172188882554,sad,04,24,24,female,strong,2842
40,1.3346666666666667,True,1.0,0.25279951029304915,0.2450956207545231,0.2489475655237861,0.6331575774544064,-0.06990740740740742,-0.06282407407407409,0.42579123916777967,-0.043428223823296266,0.21876255544325338,0.3931842157282131,0.007703889538526049,0.00708333333333333,0.028008599767859167,0.44137043847921703,0.1102161024947681,0.11747850457330282,0.0,0.9999999987499999,0.5538697587785115,0.31158739766592825,0.28485134437547455,0.35562007616014135,sad,04,24,24,female,strong,2842
50,1.6683333333333334,True,1.0,0.5392496812117559,0.5522076297407562,0.545728655476256,0.5961760365498064,-0.05624999999999991,-0.052129629629629526,0.4002023512704418,0.013248356367773429,0.2236196407062924,0.9153817362980575,0.01295794852900034,0.004120370370370385,0.014192578482618536,0.5125000000000002,0.10050678293655195,0.11871980997867215,0.0,0.9999999987499999,0.6029312229735644,0.335393197736037,0.27178335566263306,0.37593785249956724,sad,04,24,24,female,strong,2842
60,2.0020000000000002,True,1.0,0.679267918916913,0.6799382316934575,0.6796030753051852,1.4762984791519917,-0.062361111111111145,-0.06069444444444444,0.3352865985103207,0.3968253968253966,0.21876708917623008,0.4603425966377473,0.0006703127765445016,0.0016666666666667052,0.0032983027956170765,0.24796572897758834,0.10082275914456187,0.11973140572279736,0.0,0.9999999987499999,0.6057201036742822,0.33049419310772865,0.29184280835802295,0.4013161334721603,sad,04,24,24,female,strong,2842
70,2.3356666666666666,True,1.0,0.5965002552455088,0.5402548663804745,0.5683775608129916,0.7035471785734286,-0.05902777777777779,-0.05935185185185182,0.38246528887093667,0.07579900447118267,0.21250574440765127,0.8078741243273574,0.056245388865034274,0.0003240740740740322,0.030666596478953947,0.4095697497465203,0.09901766893564777,0.11996461118240914,0.0,0.9999999987499999,0.6210783815791943,0.3283982123305402,0.27696530199278824,0.38161228030092714,sad,04,24,24,female,strong,2842
80,2.6693333333333333,True,1.0,0.21690536524197973,0.15861447128906714,0.18775991826552343,0.7562372940342684,-0.07523148148148145,-0.07472222222222236,0.35785751284238093,0.14353982529437478,0.21183473035207934,0.24828174932221103,0.05829089395291259,0.0005092592592590983,0.05214491471178655,0.39537641484846786,0.0960720032575331,0.11934069668188198,0.0,0.9999999987499999,0.613868680573792,0.33023980955570775,0.2669463529069937,0.37439137568409825,sad,04,24,24,female,strong,2842
90,3.003,True,1.0,0.7462638601209537,0.44876289437882594,0.5975133772498898,1.7876976270545855,-0.08148148148148149,-0.07412037037037028,0.2527759671323287,0.7439267371244294,0.20431278504397785,0.33423626468328105,0.29750096574212775,0.007361111111111207,0.032523287705549915,0.1665239518006021,0.08820040917064374,0.11562170520976167,0.0,0.9999999987499999,0.6316823248283688,0.3300532909622794,0.21794724100645577,0.3289134875459934,sad,04,24,24,female,strong,2842
100,3.336666666666667,True,1.0,0.6781969876002827,0.5968295381660734,0.6375132628831781,0.870429931444513,-0.060046296296296375,-0.05587962962962961,0.3699921257641239,0.16507377576946097,0.20529249616574818,0.7324119263973374,0.08136744943420926,0.004166666666666763,0.016135429800038553,0.3034367612689343,0.0949053544273029,0.11591461862817243,0.0,0.9999999987499999,0.6341269983618447,0.320210995175216,0.263670828563623,0.3647377248394554,sad,04,24,24,female,strong,2842
110,3.6703333333333332,True,1.0,0.62891979248725,0.6067019400352738,0.6178108662612619,0.7076361741259897,-0.05972222222222223,-0.05254629629629626,0.40994580739520464,0.12823263008747132,0.20633394336262187,0.8730628659908856,0.022217852451976272,0.0071759259259259744,0.021900265739649306,0.412135868941826,0.09703329634441171,0.12063134921221826,0.0,0.9999999987499999,0.6126433744122649,0.3298208407733014,0.2716792398934743,0.3861733419777254,sad,04,24,24,female,strong,2842
120,4.0040000000000004,True,1.0,0.5738115187697745,0.6156869326164847,0.5947492256931296,0.5987962376491853,-0.0652314814814815,-0.056712962962963076,0.4009665024279134,0.17489878542510162,0.20423010477048922,0.9932414205340636,0.04187541384671012,0.008518518518518425,0.0554590392735263,0.4868085034353544,0.10896662787019487,0.11636841079549537,0.0,0.9999999987499999,0.6035085645664515,0.2921508337652362,0.28586581454997395,0.34456362740841867,sad,04,24,24,female,strong,2842
130,4.337666666666666,True,1.0,0.6491515124388647,0.6850778617179661,0.6671146870784155,0.5566748954059084,-0.06648148148148136,-0.0559722222222222,0.3896195343808821,0.16238001485345846,0.20575180537213686,1.1983919026777345,0.03592634927910143,0.010509259259259163,0.06155130869812678,0.5382204883014887,0.09649318209844278,0.11755067832549383,0.0,0.9999999987499999,0.6477449390068527,0.3161806369751896,0.2844681873960831,0.3799675861258379,sad,04,24,24,female,strong,2842
0,0.0,True,1.0,0.6177698029452644,0.6155840210397698,0.6166769119925171,0.5244315268223906,-0.08129629629629631,-0.07375000000000004,0.36294463827245554,0.21848646709233366,0.20629475425896218,1.1758959567687608,0.002185781905494566,0.007546296296296273,0.030831910307249473,0.49993897601734766,0.09586115065165089,0.11758156368879324,0.0,0.9999999987499999,0.6549944585255978,0.31327360771145407,0.26294226401666965,0.386325377483818,sad,04,24,24,female,strong,2843
10,0.33366666666666667,True,1.0,0.5477931746066739,0.5713666281493024,0.5595799013779881,0.612011769861095,-0.08236111111111111,-0.07504629629629622,0.36291190988561794,0.2695524393740872,0.2048983495168799,0.914328659896513,0.02357345354262852,0.007314814814814885,0.021674459259298645,0.45531630995844874,0.09662924639586838,0.11824721833905603,0.0,0.9999999987499999,0.6575532333558424,0.3127676194560354,0.2632042373988992,0.3819469222002271,sad,04,24,24,female,strong,2843
20,0.6673333333333333,True,1.0,0.5666242797699216,0.6050219002725951,0.5858230900212583,0.8066764422014108,-0.0826851851851852,-0.07564814814814819,0.3539634963248332,0.32115930808225945,0.2013888888888889,0.7262181704755798,0.03839762050267348,0.007037037037037008,0.010854742358424943,0.3541474534588154,0.09815210779850299,0.1176358594523331,0.0,0.9999999987499999,0.6487917936784088,0.31637736287220736,0.26361096350792207,0.3797838636846714,sad,04,24,24,female,strong,2843
30,1.0010000000000001,True,1.0,0.5427880590175694,0.4883165086394889,0.5155522838285291,1.1189067915670163,-0.08134259259259263,-0.07560185185185186,0.345160802405237,0.5670498084291195,0.19447622372529053,0.46076428145234866,0.05447155037808055,0.0057407407407407685,0.002726252436779446,0.28506889013934045,0.09717209974913202,0.118124539488357,0.0,0.9999999987499999,0.6652035378057473,0.30604883496699586,0.29077155041181796,0.400326054825686,sad,04,24,24,female,strong,2843
40,1.3346666666666667,True,1.0,0.4813369124585859,0.4886640089980794,0.48500046072833264,0.8549171896578963,-0.07199074074074069,-0.0668981481481481,0.3908826879472002,0.332454544705781,0.2028082512612207,0.567306946913081,0.007327096539493483,0.005092592592592593,0.005064811742159278,0.3571286223889845,0.09663691428899124,0.11936352178698752,0.0,0.9999999987499999,0.6489305806228741,0.3130062123339551,0.28154811088598536,0.3859474081106031,sad,04,24,24,female,strong,2843
50,1.6683333333333334,True,1.0,0.6642560122789488,0.6288022176011204,0.6465291149400346,1.8333713206256925,-0.07157407407407412,-0.06861111111111101,0.2696330964982907,0.8483610791948516,0.2132377412109332,0.3526449375892862,0.03545379467782839,0.0029629629629631116,0.004215621796282381,0.1974592632168567,0.09813480725562872,0.11877844472808065,0.0,0.9999999987499999,0.6470456011857868,0.3152414525446148,0.2855427877952164,0.3897792758125786,sad,04,24,24,female,strong,2843
60,2.0020000000000002,True,1.0,0.4872590861064525,0.482810956185029,0.48503502114574076,1.676690876769641,-0.07592592592592595,-0.0731018518518517,0.3026959478511858,0.6653117478373407,0.2091332345255213,0.2892811238289927,0.004448129921423516,0.0028240740740742565,0.019408388850834037,0.1880760859542855,0.0976020549302037,0.11889655295846861,0.0,0.9999999987499999,0.6471189979194804,0.3104361902045091,0.280595880151717,0.38205719383928044,sad,04,24,24,female,strong,2843
70,2.3356666666666666,True,1.0,0.4112892746471008,0.4347311856810256,0.4230102301640632,1.228158856662559,-0.07643518518518522,-0.06990740740740736,0.3707527247725938,0.43305179082453554,0.20253163441063188,0.34442631575655097,0.02344191103392479,0.0065277777777778545,0.07609080515458702,0.2644518185546404,0.09832237115535644,0.11974221599080297,0.0,0.9999999987499999,0.6465445978469513,0.30474238988247543,0.2953277547326149,0.3876279405052989,sad,04,24,24,female,strong,2843
80,2.6693333333333333,True,1.0,0.6664954308891042,0.6736568460497195,0.6700761384694118,0.7062728864158717,-0.06560185185185186,-0.058796296296296346,0.3773212239074973,0.0830454798537397,0.2162295940519488,0.9487496283056429,0.007161415160615303,0.006805555555555509,0.03825778322877637,0.3878039749803615,0.09907998732679117,0.12086267618292046,0.0,0.9999999987499999,0.6368788949798669,0.313861615096559,0.28216205302888275,0.37730112650650083,sad,04,24,24,female,strong,2843
90,3.003,True,1.0,0.6313333938909759,0.6438191228227487,0.6375762583568623,0.6505695126982897,-0.06865740740740739,-0.06203703703703711,0.3807096587990667,0.19377278632539363,0.22430691608742012,0.9800278769788384,0.0124857289317728,0.0066203703703702765,0.015475571325471034,0.48057651961715114,0.09685539349183768,0.11966489932604742,0.0,0.9999999987499999,0.6212412527120224,0.32432544608610225,0.2703012916699763,0.37678428231192373,sad,04,24,24,female,strong,2843
100,3.336666666666667,True,1.0,0.6963425848737164,0.6827931658021266,0.6895678753379215,1.2769447170334307,-0.0666666666666666,-0.06194444444444436,0.28439380540448683,0.4256340958636229,0.2236165700895076,0.5400138832477495,0.013549419071589797,0.004722222222222239,0.01568907438778639,0.26086089722253897,0.09807072437136671,0.1207399673615787,0.0,0.9999999987499999,0.6168421800595238,0.3235892257544014,0.2728163759813702,0.3762721633283224,sad,04,24,24,female,strong,2843
110,3.6703333333333332,True,1.0,0.361100850443938,0.3605090239809465,0.3608049372124422,0.994273560509515,-0.07541666666666674,-0.07143518518518527,0.3480790234454454,0.27868777063969163,0.22013923546048123,0.3628829645510718,0.0005918264629915515,0.003981481481481475,0.003130804866092717,0.34089671029716173,0.09867702906701109,0.11976868868477014,0.0,0.9999999987499999,0.6199800383121998,0.324292232692842,0.2687077929192585,0.37478597419279713,sad,04,24,24,female,strong,2843
120,4.0040000000000004,True,1.0,0.3015098468919793,0.2700340105192447,0.28577192870561197,0.796747163399212,-0.07236111111111115,-0.0702314814814815,0.3465077727071223,0.18382171556589355,0.21877232028983923,0.35867329290060523,0.0314758363727346,0.002129629629629648,0.018405581964016038,0.4001467499104881,0.0990375640153732,0.11834917885719143,0.0,0.9999999987499999,0.6134204004648734,0.329075514302501,0.26964167634925007,0.3734134991714346,sad,04,24,24,female,strong,2843
130,4.337666666666666,True,1.0,0.33738502241388757,0.2986601606375335,0.31802259152571055,0.7153881852232367,-0.06768518518518518,-0.06990740740740747,0.34591620935402057,0.1290464306294177,0.2181566483264551,0.44454549025921036,0.03872486177635409,0.002222222222222292,0.03745616112334143,0.4344349005779273,0.10719089168831782,0.11752078078661522,0.0,0.9999999987499999,0.5688952975408913,0.311355248665519,0.26502081203515604,0.34116328540811314,sad,04,24,24,female,strong,2843
0,0.0,True,1.0,0.6270863115998432,0.6667621856738544,0.6469242486368487,0.586768073200588,-0.0774537037037038,-0.06777777777777783,0.3561834470842583,0.21416794064229533,0.21201266698273105,1.1025212144010026,0.039675874074011186,0.009675925925925977,0.04897592120297913,0.48458704335654795,0.09720768466359658,0.11761028015807538,0.0,0.9999999987499999,0.6445657593506152,0.3171050624981802,0.2747028966019281,0.3876689688211003,sad,04,24,24,female,strong,2844
10,0.33366666666666667,True,1.0,0.5727593677956251,0.5732410947176829,0.573000231256654,0.6910256510661783,-0.07393518518518527,-0.06560185185185186,0.3666662967911736,0.23255444375260065,0.21385510550777345,0.8292025489539733,0.00048172692205783463,0.008333333333333415,0.029963782632725578,0.4435339638049316,0.10032605135006586,0.1179070245292297,0.0,0.9999999987499999,0.6345228282015932,0.32204839767266635,0.2784962926462008,0.38486075959061194,sad,04,24,24,female,strong,2844
20,0.6673333333333333,True,1.0,0.42986022679954605,0.4519774011299444,0.4409188139647452,0.5946081734461979,-0.08138888888888879,-0.07361111111111113,0.3618844490783384,0.16275100644555257,0.21956991694229538,0.7415283436305489,0.022117174330398337,0.007777777777777661,0.03452321386171044,0.49763996872481187,0.09981697514412875,0.11930036953391991,0.0,0.9999999987499999,0.6034221865933874,0.3330417415725264,0.25864095596992726,0.3710464655661236,sad,04,24,24,female,strong,2844
30,1.0010000000000001,True,1.0,0.6740657177630979,0.694808034898727,0.6844368763309124,0.6211698862157257,-0.07717592592592598,-0.0694907407407408,0.36829997346794197,0.3033032125006893,0.2210004833709049,1.1018513477860625,0.02074231713562913,0.007685185185185184,0.008035440317612587,0.4748412540236808,0.09556571409860577,0.11602945828577807,0.0,0.8620897274579914,0.6449922464376376,0.31534320853805975,0.27303105974219705,0.37880965801266325,sad,04,24,24,female,strong,2844
40,1.3346666666666667,True,1.0,0.6103700396579504,0.6075439885028461,0.6089570140803983,0.8414699756372168,-0.07731481481481484,-0.0746296296296296,0.38213900972438375,0.2711630722733205,0.2220245329715233,0.7236824030700034,0.00282605115510437,0.002685185185185235,0.019343384227455417,0.3625318098809893,0.0980172507133157,0.11903563263884323,0.0,0.9999999987499999,0.6058149200226965,0.3319119813265516,0.27077634903192727,0.3798142275926906,sad,04,24,24,female,strong,2844
50,1.6683333333333334,True,1.0,0.7269061469750677,0.6844698148276595,0.7056879809013636,1.1392873572982665,-0.07421296296296298,-0.07504629629629633,0.325593720261504,0.4167332621799161,0.23784957055435393,0.619411754532982,0.04243633214740827,0.0008333333333333526,0.026972620510751066,0.29415201379133765,0.1004997235835383,0.11984381456802493,0.0,0.9999999987499999,0.6073500255649135,0.33279381236268857,0.2778433062094088,0.38830691399547,sad,04,24,24,female,strong,2844
60,2.0020000000000002,True,1.0,0.6391059555387526,0.5964126486565594,0.617759302097656,0.7021699458510491,-0.07226851851851845,-0.07259259259259254,0.46276111222256644,0.0452714856471703,0.23349032897953706,0.8797860201050258,0.042693306882193194,0.0003240740740740877,0.035017685099585444,0.3981071251618748,0.09535805912047697,0.1183124371300032,0.0,0.9999999987499999,0.6117350009378751,0.3314597286040345,0.2893373076952718,0.4026511822189504,sad,04,24,24,female,strong,2844
70,2.3356666666666666,True,1.0,0.6046406278265415,0.5799077833468433,0.5922742055866924,0.48664474976185795,-0.07342592592592584,-0.07273148148148156,0.3980394355604364,0.019692463886144897,0.23665366473871496,1.217056602124085,0.024732844479698146,0.0006944444444442754,0.02748086576535395,0.48263276627483775,0.09890173877839933,0.11700631504856492,0.0,0.9999999987499999,0.6026062830991771,0.3298261498133117,0.28189264968445144,0.3817380441303493,sad,04,24,24,female,strong,2844
80,2.6693333333333333,True,1.0,0.12250809832667109,0.1293962843186937,0.1259521913226824,0.5878016641969468,-0.082824074074074,-0.08499999999999985,0.40055560058004475,0.08658000977380109,0.23566813084080915,0.21427668377693007,0.006888185992022622,0.002175925925925859,0.031206610764650793,0.5347537594148348,0.09589616848058727,0.11803821854459917,0.0,0.9999999987499999,0.6079576073554421,0.33298773542284454,0.2629257098349209,0.3688378170397907,sad,04,24,24,female,strong,2844
90,3.003,True,1.0,0.31874413746871305,0.2630549850829073,0.2908995612758102,0.8578525847219234,-0.07796296296296312,-0.0817592592592592,0.3337314732910005,0.04845954003955735,0.23005221369557521,0.3391020397404369,0.05568915238580574,0.0037962962962960756,0.049118769099590585,0.32888386062342184,0.09525310674461693,0.1199953221991352,0.0,0.9999999987499999,0.5986702286617771,0.3309014107486406,0.2524935024460673,0.346199035556999,sad,04,24,24,female,strong,2844
100,3.336666666666667,True,1.0,0.4017386171890563,0.3114215592518504,0.35658008822045334,0.6706836130291869,-0.07828703703703699,-0.07990740740740743,0.3672830049814581,0.01521176476476866,0.22297811588819902,0.5316666179004073,0.0903170579372059,0.0016203703703704386,0.070683975202378,0.4431597575509549,0.10337121592466067,0.1152465822982043,0.0,0.9999999987499999,0.5935555435689901,0.30598363384678134,0.2534449186246265,0.32479040295074,sad,04,24,24,female,strong,2844
110,3.6703333333333332,True,1.0,0.455143514284146,0.2917804282795153,0.3734619712818307,0.6055314514261285,-0.07157407407407412,-0.07217592592592592,0.3046594564602956,0.060482886167030916,0.2220286055676094,0.6167507408612135,0.16336308600463073,0.0006018518518517979,0.06526357511111963,0.4637470100022927,0.09394148637277554,0.11422199015957252,0.0,0.9999999987499999,0.60449925693715,0.33237551609151156,0.25767499310538794,0.35670561574252324,sad,04,24,24,female,strong,2844
120,4.0040000000000004,True,1.0,0.43463063625310844,0.2728906626771812,0.35376064946514485,0.5523952599263751,-0.07796296296296301,-0.0764351851851851,0.29938045115426676,0.042990154756332825,0.22034687495185049,0.640412174268648,0.16173997357592723,0.0015277777777779056,0.09714766982015138,0.48192224755634094,0.09433957125160698,0.11339047292960996,0.0,0.9999999987499999,0.618795274398822,0.3280679425228806,0.2626461606309272,0.3611799475712847,sad,04,24,24,female,strong,2844
0,0.0,True,1.0,0.5726337251957416,0.6180731555636971,0.5953534403797194,0.6286654935743347,-0.0828240740740741,-0.07023148148148156,0.35168805182893204,0.26173297024270364,0.20465038891736256,0.9470114814076774,0.0454394303679555,0.012592592592592544,0.07455913378313885,0.4446441150625786,0.09818683711693665,0.11776875926450123,0.0,0.9999999987499999,0.6559265961228241,0.31100726762150854,0.2778311109267683,0.394119557118691,sad,04,24,24,female,strong,2845
10,0.33366666666666667,True,1.0,0.590461664276428,0.636614822196749,0.6135382432365886,0.6616058251287353,-0.08495370370370364,-0.0715277777777778,0.348270880333967,0.2929278073120348,0.20323815420956132,0.9273470999400681,0.04615315792032104,0.013425925925925841,0.06988430088058975,0.4255763918060759,0.09949883432085947,0.11633533305007475,0.0,0.9999999987499999,0.656072862582533,0.31123868781538583,0.2800380226793143,0.39502520842395933,sad,04,24,24,female,strong,2845
20,0.6673333333333333,True,1.0,0.5724326078221174,0.6496956291797001,0.6110641185009087,0.602641420133335,-0.08388888888888885,-0.07249999999999995,0.35617847961763116,0.2717475377224321,0.20665243940706482,1.0139763018043302,0.07726302135758278,0.011388888888888893,0.07041295581599434,0.4506565312196336,0.09938883982546662,0.1167561311465134,0.0,0.9999999987499999,0.6566949782178496,0.3102698048124344,0.28075541841532486,0.39331758401181444,sad,04,24,24,female,strong,2845
30,1.0010000000000001,True,1.0,0.5711534972098175,0.613310418819658,0.5922319580147377,1.1828650263672758,-0.08666666666666661,-0.07763888888888887,0.32018308171262777,0.48663326322556594,0.20860013027331353,0.5006758546522886,0.042156921609840525,0.009027777777777746,0.06397830914073722,0.25363095549921777,0.09817900379219352,0.11874191568801352,0.0,0.9999999987499999,0.6545556676342411,0.30867953262454123,0.28324938528493737,0.3907883421868105,sad,04,24,24,female,strong,2845
40,1.3346666666666667,True,1.0,0.5242641182329372,0.5556105758124547,0.5399373470226959,0.7691012661106644,-0.08532407407407416,-0.07782407407407405,0.3607390821085303,0.2912005217292488,0.21411170967923285,0.7020367418625539,0.031346457579517484,0.007500000000000118,0.05490008877739205,0.36087198783853813,0.09975007544941412,0.118394701992752,0.0,0.9999999987499999,0.649124596033726,0.3077929314540221,0.28111757982419405,0.3921302855059065,sad,04,24,24,female,strong,2845
50,1.6683333333333334,True,1.0,0.6210754808267183,0.6594982078853062,0.6402868443560122,1.513911728329628,-0.08615740740740746,-0.08231481481481484,0.30717574602486164,0.5951683820749873,0.21944444444444444,0.42293538809060666,0.03842272705858796,0.0038425925925926196,0.019281432165878257,0.21511245963326298,0.09873444227029225,0.11908311792432921,0.0,0.9999999987499999,0.620991582679947,0.32768275210376496,0.27465490551221533,0.3894050540015908,sad,04,24,24,female,strong,2845
60,2.0020000000000002,True,1.0,0.6016418165188246,0.6264503993647609,0.6140461079417927,0.6395913975535547,-0.07078703703703704,-0.0696296296296296,0.4287432351905049,0.04304942098918137,0.22169440422848524,0.9600599856260216,0.024808582845936233,0.0011574074074074403,0.0002937273464247007,0.4258015006923571,0.09632952012365754,0.11897290153367257,0.0,0.9999999987499999,0.6257738414662741,0.32639765009855565,0.27637331305136703,0.3970606919538972,sad,04,24,24,female,strong,2845
70,2.3356666666666666,True,1.0,0.6375377213023119,0.6598637306200023,0.648700725961157,0.6693338522770108,-0.08037037037037043,-0.08078703703703705,0.45718393976476407,0.03970444104317231,0.2342001702940148,0.9691736399620879,0.022326009317690354,0.0004166666666666208,0.014273988834628097,0.394165195695285,0.09870135449469918,0.11862971737030054,0.0,0.9999999987499999,0.6131334228613321,0.329414737490361,0.29341983147274364,0.4070380457112165,sad,04,24,24,female,strong,2845
80,2.6693333333333333,True,1.0,0.6341100404654963,0.6648929378307306,0.6495014891481135,0.9817138056283138,-0.0816203703703704,-0.08203703703703707,0.338134027844754,0.2726005049216238,0.23143995576606902,0.6615996285520517,0.030782897365234207,0.0004166666666666763,0.015177200111138961,0.3139957361780228,0.09692258407194305,0.11929149249303984,0.0,0.9999999987499999,0.6256582636648409,0.325359551198488,0.27917821104153573,0.38789200739230356,sad,04,24,24,female,strong,2845
90,3.003,True,1.0,0.6508217082296687,0.6082821011433257,0.6295519046864972,0.781408537056212,-0.06944444444444453,-0.07620370370370372,0.4305868672566934,0.22282480150214135,0.21704979303684002,0.8056629468858865,0.04253960708634297,0.006759259259259187,0.033676272352020115,0.3825599663102709,0.09472528197230043,0.11785367829984743,0.0,0.9999999987499999,0.6517984681059924,0.3093347021198506,0.29415371476737656,0.3961079679706274,sad,04,24,24,female,strong,2845
100,3.336666666666667,True,1.0,0.7282882236411115,0.6790764069901345,0.703682315315623,1.4660177755453567,-0.0791203703703704,-0.0825462962962964,0.28442200549523816,0.6767200577710888,0.2253916404873138,0.47999575929688443,0.04921181665097696,0.003425925925925999,0.036897781081232206,0.19862158787578268,0.09632826534632535,0.11736163583968916,0.0,0.9999999987499999,0.6510616016406563,0.3086618094471913,0.28785946691089787,0.38261833238695153,sad,04,24,24,female,strong,2845
110,3.6703333333333332,True,1.0,0.70518665979104,0.6511018465977471,0.6781442531943935,0.9728085444989505,-0.06976851851851851,-0.0731944444444445,0.3666311553335466,0.32388230438283677,0.22197367013547004,0.6970994005235376,0.05408481319329295,0.003425925925925999,0.03693903003436728,0.31776513629584696,0.09701885433096126,0.11873279894847591,0.0,0.9999999987499999,0.6269548255239595,0.3218634176506979,0.2866481810774943,0.3913588784489077,sad,04,24,24,female,strong,2845
120,4.0040000000000004,True,1.0,0.6469104671188322,0.636568775406783,0.6417396212628076,0.8058086194708856,-0.07921296296296304,-0.07999999999999996,0.38196333318149833,0.2047828532756976,0.22467565614898521,0.7963921032318941,0.010341691712049128,0.0007870370370369195,0.031763894662517146,0.3562543899827097,0.08334824436628678,0.11625355907669645,0.0,0.9999999987499999,0.68583987850609,0.3290916174625564,0.26487673680807383,0.41132490692570206,sad,04,24,24,female,strong,2845
130,4.337666666666666,True,1.0,0.6388747802186772,0.6714885817574923,0.6551816809880847,0.7698283414040524,-0.07615740740740745,-0.07490740740740737,0.37577125873776923,0.23094850242121506,0.22505729793436074,0.8510750329003616,0.0326138015388151,0.0012500000000000844,0.0024105550363519414,0.3681818181818193,0.09484563617951929,0.117270465117696,0.0,0.9999999987499999,0.6461929509069253,0.3136210665299844,0.2842430183115269,0.3902023914788512,sad,04,24,24,female,strong,2845
0,0.0,True,1.0,0.6772169282039081,0.6894976525284738,0.683357290366191,0.5777143832441455,-0.07402777777777775,-0.06462962962962948,0.35739877073654513,0.18516486642440522,0.2159725754800724,1.1828635571245596,0.012280724324565728,0.009398148148148266,0.019913661639893266,0.5048076923076931,0.0974122500184039,0.11776490732764715,0.0,0.9999999987499999,0.6495541652285914,0.31476845628871974,0.27639911861840766,0.3923598455445221,angry,05,24,24,female,normal,2846
10,0.33366666666666667,True,1.0,0.6716303021391928,0.7075721769876221,0.6896012395634075,0.5582501261379703,-0.0725925925925926,-0.06412037037037033,0.36050277051201085,0.18363490991380563,0.21458368887763832,1.235290790409914,0.035941874848429256,0.00847222222222227,0.01823923497057624,0.5328947368421062,0.0974126039556292,0.11840996677805937,0.0,0.9999999987499999,0.6493721297347065,0.31506548684347185,0.27556248148274914,0.39020290016802095,angry,05,24,24,female,normal,2846
20,0.6673333333333333,True,1.0,0.6842098572255193,0.7131010955092535,0.6986554763673865,0.5288685405517611,-0.07226851851851851,-0.06393518518518515,0.3615777411498047,0.15425332432759664,0.21250143611647077,1.3210380705165201,0.02889123828373419,0.00833333333333336,0.018141796803254378,0.5468750000000019,0.09799212171878129,0.11809226761524802,0.0,0.9999999987499999,0.6478198374896833,0.316418820163725,0.2761825283746639,0.39335754964497327,angry,05,24,24,female,normal,2846
30,1.0010000000000001,True,1.0,0.6760604643124637,0.7208720855301172,0.6984662749212904,0.7979218091413095,-0.07282407407407415,-0.06402777777777768,0.4388208838525283,0.06647176028912691,0.2131948023049951,0.8753567917550105,0.044811621217653475,0.008796296296296469,0.021456646707780108,0.3326228127963677,0.09748741446959486,0.11834838259153749,0.0,0.9999999987499999,0.6463771955188327,0.317988240256299,0.28782527525625945,0.40759962346138423,angry,05,24,24,female,normal,2846
40,1.3346666666666667,True,1.0,0.6513147529476159,0.6618778799980853,0.6565963164728505,0.7043755965861133,-0.06601851851851848,-0.05583333333333329,0.41850527375829555,0.0754345723720347,0.21041992990714237,0.9321678940258098,0.010563127050469467,0.010185185185185186,0.02503397168814084,0.3915633315123424,0.09861986572309467,0.11885786997419291,0.0,0.9999999987499999,0.6189286038399736,0.3320474453207767,0.2694009584332197,0.3899253857762907,angry,05,24,24,female,normal,2846
50,1.6683333333333334,True,1.0,0.7167508223926277,0.732773832120083,0.7247623272563553,1.5840162940217704,-0.06555555555555559,-0.05791666666666667,0.27906685409598203,0.6775009450334083,0.21250143611647077,0.4575472676585954,0.016023009727455295,0.007638888888888917,0.013428856991402657,0.21043554576513163,0.09891793074485943,0.11780405090469143,0.0,0.9999999987499999,0.649424021741509,0.31600736780501903,0.27455450057258973,0.3805267629595678,angry,05,24,24,female,normal,2846
60,2.0020000000000002,True,1.0,0.6535861250373296,0.6680793874106865,0.660832756224008,0.8695467224273045,-0.064074074074074,-0.05532407407407408,0.4021503317474847,0.12976480129764864,0.20763925632428698,0.7599738336996087,0.014493262373356908,0.008749999999999925,0.013580283071140304,0.32771918086368695,0.09905625173724598,0.11817242599956741,0.0,0.9999999987499999,0.618786166810474,0.33054118427538404,0.2697264665325072,0.386689554594388,angry,05,24,24,female,normal,2846
70,2.3356666666666666,True,1.0,0.675342726945861,0.6961314939698374,0.6857371104578491,1.4068886593462762,-0.06541666666666668,-0.058333333333333404,0.3544800294490809,0.3850162165154612,0.2090277777777778,0.4874139157369306,0.020788767023976473,0.007083333333333275,0.012954074673635015,0.22523030294159035,0.09915952861261476,0.11888974261068437,0.0,0.9999999987499999,0.6158192133806647,0.33035937403297005,0.2701209380367954,0.38523611354097725,angry,05,24,24,female,normal,2846
80,2.6693333333333333,True,1.0,0.6872200269751265,0.6722981544749075,0.6797590907250171,0.9019258313785896,-0.06532407407407403,-0.05777777777777782,0.33480967539311324,0.29273031369305147,0.218753138928372,0.7536751549581503,0.014921872500219036,0.007546296296296218,0.01482495119830192,0.34717239562468133,0.09832654668118018,0.1203735559312738,0.0,0.9999999987499999,0.6182614211543993,0.33035638440173276,0.2655234070011933,0.3769990355159685,angry,05,24,24,female,normal,2846
90,3.003,True,1.0,0.6859479396829635,0.7003527588971784,0.693150349290071,1.1955895798422598,-0.07134259259259262,-0.062222222222222234,0.33968087722342755,0.4658016932257116,0.20347372205671144,0.579756097725042,0.014404819214214881,0.00912037037037039,0.007946655634268137,0.25699089023059507,0.09764211157967295,0.11724986141998256,0.0,0.9999999987499999,0.6551122872430222,0.3100500473410503,0.27262449356076657,0.3793094058170105,angry,05,24,24,female,normal,2846
100,3.336666666666667,True,1.0,0.637498731010656,0.6951786375160618,0.666338684263359,0.9007840409541195,-0.06874999999999998,-0.059490740740740844,0.34519726550901186,0.33574827206359703,0.20145290248943265,0.7397318935153051,0.057679906505405776,0.009259259259259134,0.04482728834827696,0.33398003864107384,0.09648000434265638,0.11885090032743167,0.0,0.9999999987499999,0.655931230406225,0.3115716733402009,0.26680222328852854,0.38167903793335867,angry,05,24,24,female,normal,2846
110,3.6703333333333332,True,1.0,0.6962222701043809,0.7523351629312671,0.7242787165178239,0.7363380630832659,-0.06856481481481475,-0.058888888888888824,0.3522073669170356,0.2328618993773023,0.20909930442083868,0.9836225408273126,0.05611289282688625,0.009675925925925921,0.03884362881975019,0.37927589761383496,0.09795967589369664,0.11779615270903887,0.0,0.9999999987499999,0.6536597193017832,0.31370497783394136,0.2735628675292404,0.3901976202664156,angry,05,24,24,female,normal,2846
120,4.0040000000000004,True,1.0,0.7099736773960348,0.7354129734796422,0.7226933254378385,0.7280513170074228,-0.0673611111111111,-0.057592592592592584,0.35227011325651875,0.22750041588723438,0.20976623567341052,0.9926406402345267,0.0254392960836074,0.00976851851851851,0.03928807774458269,0.4101280897057306,0.09749321505417251,0.11769788812931582,0.0,0.9999999987499999,0.6483802199629851,0.31766731824644595,0.27172506255840584,0.3894628196236501,angry,05,24,24,female,normal,2846
0,0.0,True,1.0,0.6007190174236088,0.6533108739045521,0.6270149456640804,0.5821397455422859,-0.07333333333333342,-0.06523148148148145,0.3558982944597503,0.20877789364591576,0.20912119544110316,1.0770866453723953,0.05259185648094333,0.008101851851851971,0.03226139275592913,0.49059547330995373,0.09540851782131192,0.11923435172392016,0.0,0.9999999987499999,0.6549736630980517,0.3142627548650577,0.2697602555384617,0.3889150519869686,angry,05,24,24,female,normal,2847
10,0.33366666666666667,True,1.0,0.6179768769484918,0.6889760826732875,0.6534764798108896,0.5970388598597256,-0.07212962962962965,-0.06305555555555553,0.3543326824439297,0.19386518695692065,0.20771089380572907,1.094529223716567,0.07099920572479568,0.009074074074074123,0.033902612371886826,0.477700087217135,0.09753857439207744,0.11766030068474446,0.0,0.9999999987499999,0.6506754612313675,0.31452561800065637,0.27294310417044315,0.388325622836037,angry,05,24,24,female,normal,2847
20,0.6673333333333333,True,1.0,0.6400861285493475,0.6575293216478009,0.6488077250985742,0.6869530299369135,-0.07087962962962963,-0.06337962962962962,0.3537720687737539,0.22398967680256088,0.20907193742222233,0.9444717423521046,0.017443193098453325,0.007500000000000007,0.022977424393500694,0.44018448206164235,0.09845391393213937,0.11947472470684234,0.0,0.9999999987499999,0.6150154970738295,0.33393126418125374,0.25593021953993195,0.37155727516952164,angry,05,24,24,female,normal,2847
30,1.0010000000000001,True,1.0,0.6948441473158675,0.7233909148633201,0.7091175310895939,0.778136247043143,-0.06342592592592583,-0.05754629629629626,0.4053578134668445,0.11021659602258672,0.20972549626796166,0.9113025306097552,0.028546767547452556,0.005879629629629568,0.006721377196350397,0.33785188924033577,0.09839233710194473,0.11936593762291678,0.0,0.9999999987499999,0.6111476441201481,0.33439901460029553,0.2664852722469968,0.38739004276860334,angry,05,24,24,female,normal,2847
40,1.3346666666666667,True,1.0,0.7184982306300859,0.6818357845412442,0.700167007585665,0.880726318843088,-0.05773148148148155,-0.05037037037037034,0.35710197689614476,0.27154534876026776,0.21042573109859147,0.7949881735172809,0.03666244608884173,0.007361111111111207,0.006475586851095699,0.3378964234113447,0.10022783178687994,0.11847394899513435,0.0,0.9999999987499999,0.6138029499846814,0.3311926965433144,0.2722116604906944,0.3800454095437223,angry,05,24,24,female,normal,2847
50,1.6683333333333334,True,1.0,0.6622552018598242,0.6648895847465285,0.6635723933031763,1.1853770858822383,-0.06435185185185183,-0.05509259259259247,0.3406844792908336,0.3694287549419605,0.20487935877564548,0.5597985663855655,0.0026343828867042562,0.009259259259259356,0.0007157156738123729,0.2569703219838012,0.09795470003904787,0.11988435991813413,0.0,0.97248943250962,0.6173594975177571,0.3328784820784298,0.25977162394603803,0.36804601363175016,angry,05,24,24,female,normal,2847
60,2.0020000000000002,True,1.0,0.729028537855597,0.7180263407380755,0.7235274392968363,1.3274697402030675,-0.06624999999999986,-0.05629629629629623,0.35077258648730636,0.4223422246049032,0.20279132211353704,0.54504251011112,0.011002197117521484,0.009953703703703631,0.00042064072843235053,0.23893052878614204,0.09540459141933384,0.12098232624192655,0.0,0.9999999987499999,0.6150463968790642,0.33714444586365566,0.25391827970248176,0.3695484499622741,angry,05,24,24,female,normal,2847
70,2.3356666666666666,True,1.0,0.7427221939923885,0.7602105760186272,0.7514663850055079,1.1584575258643617,-0.06564814814814812,-0.058148148148148227,0.2838328571651716,0.4390747017751796,0.21736111111111112,0.648678409201766,0.017488382026238702,0.007499999999999896,0.006911393816219858,0.2545333005188373,0.09810735013540445,0.11991845066267691,0.0,0.9999999987499999,0.6116579382690577,0.3352562961428789,0.26165067132421216,0.3714799815276264,angry,05,24,24,female,normal,2847
80,2.6693333333333333,True,1.0,0.7546508597618848,0.7737578406107711,0.764204350186328,1.073936058489383,-0.06925925925925924,-0.06111111111111106,0.3399023429086733,0.435800139676852,0.19305911224772535,0.7115920395309858,0.01910698084888629,0.008148148148148182,0.002962767710508565,0.2612718315553612,0.09663443795789765,0.11775860674262555,0.0,0.9999999987499999,0.6677138291332158,0.3045557650594487,0.2663968896496285,0.370684628031532,angry,05,24,24,female,normal,2847
90,3.003,True,1.0,0.7107394324395916,0.7118395325002372,0.7112894824699144,0.961805810921403,-0.06620370370370371,-0.058796296296296235,0.35074596312834627,0.3204869869697971,0.20835127689653937,0.739535438851741,0.001100100060645648,0.007407407407407474,0.003304602392488581,0.30511740088138606,0.09516094060976948,0.1184710411912849,0.0,0.9999999987499999,0.6544553465761305,0.314473329818687,0.26641869709518773,0.3745764880408932,angry,05,24,24,female,normal,2847
100,3.336666666666667,True,1.0,0.6963891012462384,0.7179903483941492,0.7071897248201938,0.8568075222711788,-0.06499999999999995,-0.0589351851851852,0.33953801477247547,0.2726063187246874,0.21041811700201482,0.8253775864917873,0.021601247147910785,0.006064814814814745,0.005310947863062973,0.3686112012702814,0.09837509215250098,0.11874007124101475,0.0,0.9999999987499999,0.6253721790044142,0.3305143709592137,0.2589240474234281,0.37420188292744083,angry,05,24,24,female,normal,2847
110,3.6703333333333332,True,1.0,0.7108579141017694,0.7351657569393425,0.7230118355205559,0.8885001272013545,-0.0669907407407408,-0.05796296296296288,0.3383692774608531,0.3117392514885919,0.20778581119812384,0.813744211605166,0.024307842837573146,0.009027777777777912,0.021536524455914946,0.326114235191988,0.09676750482725452,0.11909781525510656,0.0,0.9999999987499999,0.6541039326590011,0.3119545292457449,0.2684711056474301,0.3836391417835937,angry,05,24,24,female,normal,2847
0,0.0,True,1.0,0.6841567253065373,0.7235600222853825,0.7038583737959598,0.43333841535444395,-0.0733333333333333,-0.06259259259259264,0.3720253506551375,0.13976357913069312,0.21606263738000825,1.6242695059016343,0.03940329697884526,0.010740740740740662,0.03531316125803135,0.6357947117590672,0.09698462948408042,0.11908117055289648,0.0,0.9999999987499999,0.6569164825226966,0.3087481759388595,0.26721608349605963,0.38444746207730807,angry,05,24,24,female,normal,2848
10,0.33366666666666667,True,1.0,0.6714470901724781,0.6959981448502782,0.6837226175113782,0.4163786193831004,-0.07291666666666663,-0.0628703703703703,0.37469311219244306,0.1457069064926353,0.21536848447472132,1.642069466785711,0.024551054677800166,0.010046296296296331,0.036609856828386855,0.6561346739620283,0.09876733152589937,0.11841400887546298,0.0,0.9999999987499999,0.6564927588379103,0.3086438489654285,0.2695418901762632,0.3833447661075773,angry,05,24,24,female,normal,2848
20,0.6673333333333333,True,1.0,0.6756339214167193,0.6959981448502782,0.6858160331334988,0.43317170415777745,-0.07333333333333325,-0.06287037037037035,0.37236125108601364,0.11869475258732223,0.21603191459856236,1.5832429185718437,0.020364223433558926,0.010462962962962896,0.03098322838094959,0.6173718545737592,0.09912643819895556,0.1185964770434156,0.0,0.9999999987499999,0.6572663230995525,0.30722620855250643,0.2709957821060131,0.3817963575095343,angry,05,24,24,female,normal,2848
30,1.0010000000000001,True,1.0,0.7215661130051669,0.7204516034913572,0.7210088582482621,1.284767629020806,-0.06101851851851853,-0.05495370370370373,0.2982552639378925,0.4839734378467749,0.20975168679409423,0.5611978710872282,0.0011145095138097583,0.006064814814814801,0.020190682576304582,0.2619785240746845,0.09634803648502613,0.12039069374244651,0.0,0.9999999987499999,0.648282020042392,0.3127562206379866,0.26994877279312673,0.37641202834562965,angry,05,24,24,female,normal,2848
40,1.3346666666666667,True,1.0,0.6268981851162031,0.661151472957868,0.6440248290370356,0.6098868967056885,-0.055972222222222257,-0.04916666666666658,0.4019589739366303,0.16219234649039863,0.21116314520014592,1.055974201963911,0.034253287841664926,0.006805555555555676,0.02381797142188069,0.4911173826022459,0.09839569541364608,0.11904351428628002,0.0,0.9999999987499999,0.6472826736632153,0.3101944729580079,0.2770621695936871,0.38282210902396413,angry,05,24,24,female,normal,2848
50,1.6683333333333334,True,1.0,0.7168919088211626,0.6896934314132532,0.703292670117208,0.7968733190470709,-0.05694444444444441,-0.0494444444444444,0.4315755821753825,0.14090088932212078,0.1986207143126208,0.8825652124458503,0.02719847740790937,0.007500000000000007,0.017735768067486137,0.34628815440655825,0.09997059262125571,0.11739993136994649,0.0,0.9999999987499999,0.651866515786002,0.3101335658720111,0.28390370350988325,0.39917787427947216,angry,05,24,24,female,normal,2848
60,2.0020000000000002,True,1.0,0.6599574732198908,0.6858245793920458,0.6728910263059683,1.2325738009141498,-0.053472222222222254,-0.04662037037037037,0.3742369401795717,0.25795849262295745,0.192364680643087,0.5459235185811288,0.02586710617215493,0.006851851851851887,0.010245539181461472,0.2618637729452805,0.09598963109051359,0.11924729963415757,0.0,0.9999999987499999,0.6479588970744548,0.3134948022799998,0.2759550529245773,0.3837517206040637,angry,05,24,24,female,normal,2848
70,2.3356666666666666,True,1.0,0.7110431260994332,0.745669119602656,0.7283561228510447,1.1677399263359176,-0.059814814814814876,-0.053240740740740755,0.31623683888787574,0.45688098760252305,0.2021139115208345,0.6237314546026084,0.03462599350322282,0.006574074074074121,0.019685928721985067,0.2368253734839171,0.09733257629041536,0.11847575800322944,0.0,0.9999999987499999,0.6557999918092237,0.3088801522525041,0.27365883035215083,0.3774488853425784,angry,05,24,24,female,normal,2848
80,2.6693333333333333,True,1.0,0.6966250551206836,0.6952255342280105,0.695925294674347,0.8737030127654889,-0.06449074074074079,-0.05537037037037035,0.34654525368625483,0.375082695537806,0.19100457921116565,0.79652385822909,0.001399520892673145,0.009120370370370445,0.02292331589071902,0.33511861663310166,0.09692379456990939,0.11848926446321818,0.0,0.9999999987499999,0.6558624505270858,0.30976712662164285,0.25641184216976715,0.3693066564542334,angry,05,24,24,female,normal,2848
90,3.003,True,1.0,0.5655262871702674,0.5932579592558996,0.5793921232130835,0.47339312642322545,-0.06356481481481474,-0.05694444444444435,0.370371884597243,0.14336917562723958,0.20350259171614996,1.2239132570232807,0.02773167208563221,0.0066203703703703876,0.016634872552035038,0.5621734186738868,0.09527639763429976,0.12045227930557102,0.0,0.9999999987499999,0.6517870702343438,0.31261322431082184,0.25900012514079784,0.37030359842723287,angry,05,24,24,female,normal,2848
100,3.336666666666667,True,1.0,0.6948441473158666,0.7368365877163224,0.7158403675160945,0.4510951936872272,-0.05638888888888882,-0.05046296296296299,0.37739090167579187,0.14801561042862105,0.20347259718188104,1.5868942465665723,0.0419924404004558,0.0059259259259258346,0.01023612114787497,0.5984726858128626,0.09779835133187081,0.11744446486869335,0.0,0.9999999987499999,0.6510328636845364,0.3112815538067746,0.2636521424851481,0.37163931430330366,angry,05,24,24,female,normal,2848
0,0.0,True,1.0,0.6977026404033158,0.7340285047176315,0.7158655725604737,0.45465715469699375,-0.06847222222222221,-0.06037037037037035,0.36995926455057904,0.09939484743477554,0.21953342956718658,1.5745173372176717,0.036325864314315726,0.00810185185185186,0.033953937053195334,0.5972872518342005,0.09817585589834671,0.1195440520606016,0.0,0.9999999987499999,0.6235304887892656,0.32702261365915747,0.26174128998528723,0.379797123779566,angry,05,24,24,female,normal,2849
10,0.33366666666666667,True,1.0,0.6702672087124797,0.6957387724700249,0.6830029905912522,0.9038919482976513,-0.06583333333333341,-0.057962962962962994,0.34382619462847197,0.26362356682133126,0.20630326016873804,0.7556245985790545,0.025471563757545224,0.007870370370370416,0.02505336036513435,0.32811058139477467,0.09876270236774551,0.11889955314500408,0.0,0.9999999987499999,0.6423543998224289,0.3165823544956922,0.2699436454710877,0.3732143641821452,angry,05,24,24,female,normal,2849
20,0.6673333333333333,True,1.0,0.658378150373486,0.6821112904346692,0.6702447204040776,0.7786120180345399,-0.07134259259259262,-0.062361111111111256,0.3523005491986696,0.24239808108622476,0.21042573109859142,0.8608199011569134,0.02373314006118321,0.008981481481481368,0.021805783075850405,0.382075471698113,0.10172623286957234,0.1184833320833272,0.0,0.9999999987499999,0.6324472566213986,0.3199128246784798,0.2720191153179038,0.3821260789885957,angry,05,24,24,female,normal,2849
30,1.0010000000000001,True,1.0,0.7314841196261227,0.7672015018856388,0.7493428107558808,1.2927193136601027,-0.0631018518518518,-0.055416666666666614,0.29426746015188315,0.48696884656086864,0.2159754015220728,0.5796639710087189,0.03571738225951615,0.007685185185185184,0.0059571316747050705,0.2557449175540226,0.09708883633591428,0.12042855526728562,0.0,0.9999999987499999,0.6362525756239996,0.3222333470670841,0.26581922006784225,0.3660640201235014,angry,05,24,24,female,normal,2849
40,1.3346666666666667,True,1.0,0.7373603905061031,0.716199625791482,0.7267800081487925,0.784630278593587,-0.05666666666666659,-0.05046296296296293,0.36538357470363575,0.2211115150026629,0.20555592671495437,0.9262706627273058,0.02116076471462114,0.006203703703703656,0.006440902746694209,0.3788258280106004,0.09937541212765588,0.11966843427707047,0.0,0.9999999987499999,0.6089085049332233,0.33437310256089453,0.26027590862735717,0.37206002156622203,angry,05,24,24,female,normal,2849
50,1.6683333333333334,True,1.0,0.7502303774546836,0.7482533178005345,0.749241847627609,0.9543576169333992,-0.059398148148148144,-0.053379629629629666,0.34566690912342785,0.3078572957849675,0.207642195784065,0.7850745195863991,0.0019770596541490715,0.006018518518518479,0.005303941427968118,0.34626392502718767,0.09910430457824443,0.11861497347097942,0.0,0.9999999987499999,0.6463975644632853,0.31630182885804015,0.2771404849389595,0.3799558472757166,angry,05,24,24,female,normal,2849
60,2.0020000000000002,True,1.0,0.7208802748212145,0.7054718138021809,0.7131760443116977,0.7565740149609904,-0.05740740740740746,-0.05152777777777778,0.4167262774761173,0.06934043036165537,0.2083366292057002,0.9426388300534874,0.015408461019033592,0.005879629629629679,0.00856875700368967,0.3753042220038178,0.09887372761493678,0.11960635786831944,0.0,0.9999999987499999,0.6168086630042642,0.3319630592505446,0.26732852482073843,0.38978849779908,angry,05,24,24,female,normal,2849
70,2.3356666666666666,True,1.0,0.7481179807431506,0.758078193917437,0.7530980873302938,1.0652106899805536,-0.05810185185185196,-0.05092592592592593,0.35723773447973495,0.2626546906801368,0.20902923774983853,0.7069944888968794,0.009960213174286414,0.00717592592592603,0.003551363751843514,0.2864160995296992,0.09882577389688935,0.12043953257219658,0.0,0.9999999987499999,0.6137101633622198,0.3314155824038675,0.257767074312569,0.3701978270669663,angry,05,24,24,female,normal,2849
80,2.6693333333333333,True,1.0,0.7177022914515881,0.7126095230923161,0.7151559072719521,0.6915998199060261,-0.05810185185185185,-0.05171296296296296,0.363589192049662,0.23039094005441915,0.21458902197152224,1.034060285569662,0.005092768359272082,0.006388888888888888,0.019998585944473346,0.4493994414367222,0.09859949038312282,0.11967343649968333,0.0,0.9999999987499999,0.6177658702856142,0.32862463679077664,0.26634803787195505,0.37834042094302905,angry,05,24,24,female,normal,2849
90,3.003,True,1.0,0.7336929718735208,0.7605192036824533,0.747106087777987,1.0927711869823213,-0.0528703703703704,-0.04912037037037037,0.3143702849049753,0.334308239206252,0.21320732704585418,0.6836802586652329,0.02682623180893251,0.003750000000000031,0.012264288430833636,0.294180628900401,0.10101713833007696,0.11924834651539053,0.0,0.9999999987499999,0.6010357772718463,0.33269180279342525,0.26529593826322906,0.3639875005063623,angry,05,24,24,female,normal,2849
100,3.336666666666667,True,1.0,0.7304188135891294,0.7218369770286057,0.7261278953088676,0.6052496179308536,-0.05499999999999994,-0.04930555555555555,0.35013781680891376,0.16232294885362242,0.21458902197152216,1.1997164042684676,0.008581836560523692,0.005694444444444391,0.0053880885446292315,0.4961187771906344,0.10191688625531402,0.11864098207204228,0.0,0.9999999987499999,0.6035993131002401,0.33140418895905177,0.26696290002670287,0.3700828655228858,angry,05,24,24,female,normal,2849
110,3.6703333333333332,True,1.0,0.702776696505546,0.6966206062786436,0.6996986513920949,0.5570539046444289,-0.05458333333333332,-0.05023148148148149,0.3557948914455633,0.12454959274483503,0.21389780617712997,1.2560699163193496,0.006156090226902333,0.004351851851851829,0.0018143895253945298,0.5352530039536991,0.10302622879210624,0.11784071647542696,0.0,0.9999999987499999,0.6070507481195603,0.33248755205075775,0.26836498274145437,0.3740175172946593,angry,05,24,24,female,normal,2849
120,4.0040000000000004,True,1.0,0.6220649148694889,0.6453460717298769,0.6337054932996828,0.5321357774809988,-0.05615740740740749,-0.05231481481481487,0.35373410415562884,0.11080752827296839,0.2153132146292948,1.1908718039961348,0.023281156860388008,0.0038425925925926196,0.011986264527766936,0.5494214196923355,0.09694887364586718,0.11990737747662267,0.0,0.9999999987499999,0.6047676471447955,0.3338943621053892,0.25002345623080346,0.363685199464873,angry,05,24,24,female,normal,2849
0,0.0,True,1.0,0.6568838294103257,0.7266606966324235,0.6917722630213746,0.5942877261518659,-0.0724537037037038,-0.06180555555555545,0.3529784683260383,0.20767241936925554,0.21420967739970564,1.1640359249899725,0.06977686722209775,0.01064814814814835,0.04951301655805781,0.4939398526287128,0.09674903969680185,0.1191128158802652,0.0,0.9999999987499999,0.6369134677699204,0.32187597362539416,0.26818628698965874,0.38637587517614047,angry,05,24,24,female,strong,2850
10,0.33366666666666667,True,1.0,0.6596271041393157,0.7239582026743175,0.6917926534068166,0.6360536916421758,-0.07148148148148148,-0.06046296296296305,0.3474738610749254,0.21184697202019223,0.21341799027639613,1.0876324789826042,0.06433109853500185,0.011018518518518428,0.042929310714023707,0.45747115438037506,0.09837469855414745,0.11825806575580915,0.0,0.9999999987499999,0.6363363187071704,0.32175414348919845,0.27157955462454153,0.3881099400063641,angry,05,24,24,female,strong,2850
20,0.6673333333333333,True,1.0,0.6724587905982485,0.7238684065206679,0.6981635985594582,0.9715546205313296,-0.07097222222222216,-0.06064814814814812,0.3375233156597407,0.3103678767710488,0.21130220119229357,0.7186045784823115,0.05140961592241933,0.010324074074074041,0.034000345130497225,0.3413500059462992,0.0982955442490475,0.11816274144359763,0.0,0.9999999987499999,0.6337368074104641,0.32462663072539427,0.27663748431529817,0.38786385538331347,angry,05,24,24,female,strong,2850
30,1.0010000000000001,True,1.0,0.696241956029954,0.7086766517441243,0.7024593038870391,0.8769171330649564,-0.06685185185185177,-0.05814814814814828,0.3631794318655512,0.03653821387770754,0.2159810534951401,0.8010555130013698,0.01243469571417033,0.008703703703703491,0.016333083078492558,0.32981377584344707,0.09871691832088653,0.11845603957716078,0.0,0.9999999987499999,0.6176155357142857,0.3330878836406611,0.2820440700336342,0.40574788119941746,angry,05,24,24,female,strong,2850
40,1.3346666666666667,True,1.0,0.715893286860223,0.7030309907796773,0.7094621388199502,0.6614291767615333,-0.06675925925925935,-0.05560185185185185,0.38366274414469226,0.09643193942412727,0.22085544307558083,1.0726199625689241,0.012862296080545677,0.011157407407407505,0.01852096380104485,0.4924929711270981,0.09832021543711598,0.11894579630620498,0.0,0.9999999987499999,0.631131448196466,0.3229524214658921,0.27232559668259604,0.38722633444459414,angry,05,24,24,female,strong,2850
50,1.6683333333333334,True,1.0,0.686374440396723,0.641103522185521,0.6637389812911221,0.8018262575035949,-0.06486111111111109,-0.05652777777777773,0.3401904273780438,0.2749859704614353,0.21587269824847907,0.8277840430888437,0.045270918211201994,0.00833333333333336,0.03340787500708567,0.44267370048448207,0.09597486117794136,0.11861845547167596,0.0,0.9999999987499999,0.6196717298169268,0.33427342438697916,0.2668749164923706,0.38421906696393854,angry,05,24,24,female,strong,2850
60,2.0020000000000002,True,1.0,0.7529719821359566,0.7552502933507894,0.754111137743373,0.9494718193139544,-0.0672222222222223,-0.05685185185185204,0.37139558373934356,0.21256082673558024,0.21043987083276572,0.7942427804632051,0.0022783112148327955,0.010370370370370252,0.013049130988368539,0.3361405606616836,0.09739252713207736,0.11986561987698925,0.0,0.9999999987499999,0.633595986871311,0.32436197793044724,0.2768370254492844,0.3885425126733934,angry,05,24,24,female,strong,2850
70,2.3356666666666666,True,1.0,0.7795666997430719,0.747745207495894,0.7636559536194829,0.37687297063667713,-0.06861111111111118,-0.06129629629629629,0.39304016493575766,0.08747071927379521,0.21736251511017093,2.0262953650652817,0.031821492247177896,0.007314814814814885,0.011736512394975281,0.6437185593751679,0.09804431474650507,0.11853212129224118,0.0,0.9999999987499999,0.6299440012801996,0.3256953469343258,0.2715269386453055,0.3869595168724563,angry,05,24,24,female,strong,2850
80,2.6693333333333333,True,1.0,0.7195971480825094,0.7471015534562323,0.7333493507693709,0.5359523611015713,-0.0641666666666667,-0.05532407407407414,0.4068600943298476,0.08496006181957735,0.21810593289704885,1.368310700716159,0.027504405373722896,0.008842592592592569,0.028384309844101917,0.6040942177081999,0.09842260863308964,0.11981895099390022,0.0,0.9999999987499999,0.6395533895667642,0.31382573053901974,0.27223536994285036,0.37531840998515786,angry,05,24,24,female,strong,2850
90,3.003,True,1.0,0.7727123180664781,0.7648656999532878,0.768789009009883,1.5409700021839834,-0.07004629629629633,-0.06217592592592602,0.28565681354703326,0.5982458426021362,0.21529053571627524,0.49889939967701835,0.007846618113190318,0.007870370370370305,0.00946252371441242,0.21964146376244242,0.09731912163257776,0.12071693945710563,0.0,0.9999999987499999,0.6385263277576656,0.3136546144837933,0.2681491124912407,0.3748692218226043,angry,05,24,24,female,strong,2850
100,3.336666666666667,True,1.0,0.7455169816540625,0.7699579324084639,0.7577374570312632,0.9765542071062853,-0.06750000000000006,-0.05999999999999994,0.3479232486910334,0.323001989458838,0.21111689330988617,0.7759297451357897,0.024440950754401336,0.007500000000000118,0.008636256588935543,0.31304252072313377,0.09937467677703773,0.1190305192909322,0.0,0.9999999987499999,0.6380358505277111,0.3183197163954541,0.2753379499500435,0.3902278273427223,angry,05,24,24,female,strong,2850
110,3.6703333333333332,True,1.0,0.7742275281792332,0.7565063990432311,0.7653669636112321,0.7031303080647516,-0.06648148148148147,-0.058564814814814736,0.34704442856087175,0.2215726476833894,0.21250574440765116,1.088513686343256,0.0177211291360021,0.007916666666666738,0.01412657503345131,0.4039969486962992,0.09793324038981516,0.11958367590911555,0.0,0.9999999987499999,0.6388003371583009,0.3221303501938503,0.2688727673721089,0.38708583342357317,angry,05,24,24,female,strong,2850
120,4.0040000000000004,True,1.0,0.7536960615023854,0.7646339808969658,0.7591650211996757,0.7006480148426208,-0.0650925925925927,-0.05870370370370365,0.3590156248891484,0.21601817493102368,0.20972258600760627,1.0835184074134554,0.010937919394580331,0.006388888888889055,0.015498680132263243,0.41915290737731237,0.0949861267382166,0.11909214830719263,0.0,0.9999999987499999,0.6490055689072503,0.321298574086999,0.26877636944599737,0.38745025767692937,angry,05,24,24,female,strong,2850
130,4.337666666666666,True,1.0,0.7587007590915389,0.734701720450797,0.7467012397711679,0.673672945632153,-0.06509259259259259,-0.05796296296296294,0.34863685415584744,0.22198771776727355,0.21320339077801018,1.1084031867577635,0.023999038640741932,0.007129629629629652,0.01003289688819381,0.4497093108032156,0.09750560946651153,0.11849428556628303,0.0,0.9999999987499999,0.6148862567370698,0.33840547555274353,0.254554888916497,0.3801578994423486,angry,05,24,24,female,strong,2850
0,0.0,True,1.0,0.649588202890906,0.7109857908532633,0.6802869968720846,0.45568766385856846,-0.07009259259259265,-0.060092592592592475,0.35278789433246827,0.15937865860068348,0.21047793462647515,1.4928799939671504,0.06139758796235728,0.010000000000000175,0.03240543815666862,0.6005031321480611,0.09567211309843644,0.11789713756744916,0.0,0.9999999987499999,0.6529617400319503,0.31824509783556065,0.26994450940781983,0.39233340880507633,angry,05,24,24,female,strong,2851
10,0.33366666666666667,True,1.0,0.6844698148276575,0.7260396605026561,0.7052547376651568,0.46273031696262806,-0.06884259259259251,-0.05986111111111109,0.3601349027743562,0.14178111339880714,0.2118574190828528,1.5241161251211381,0.04156984567499866,0.008981481481481424,0.03110111984218075,0.5995599036652072,0.09590828109253952,0.11851164342262796,0.0,0.9999999987499999,0.6499690315891982,0.32018403536929546,0.2714158100792751,0.39062620582317603,angry,05,24,24,female,strong,2851
20,0.6673333333333333,True,1.0,0.7281501043903924,0.749529590611492,0.7388398475009422,0.36108911121523607,-0.06675925925925935,-0.05791666666666667,0.3719532442302902,0.07941950394906452,0.2132459701805061,2.0461426959522426,0.02137948622109964,0.00884259259259268,0.033308699538341154,0.7433885140645234,0.09489263468165432,0.11932642579071824,0.0,0.9999999987499999,0.6532255332758102,0.31900234013464795,0.269343068160112,0.3846314430685977,angry,05,24,24,female,strong,2851
30,1.0010000000000001,True,1.0,0.6321749679600479,0.6131513110890798,0.6226631395245639,0.8154375734224502,-0.06115740740740744,-0.05037037037037034,0.405752033945087,0.06014500312564055,0.19933655985405505,0.7635938786965651,0.019023656870968075,0.010787037037037095,0.012612874344422553,0.3231070302649135,0.09591707621540602,0.11914586979422555,0.0,0.9999999987499999,0.6453348761926645,0.322357352930419,0.28237918665094847,0.40269706762777235,angry,05,24,24,female,strong,2851
40,1.3346666666666667,True,1.0,0.6138712941091687,0.5768535350409355,0.5953624145750521,0.6307690476293959,-0.05300925925925931,-0.04481481481481492,0.4211153651456889,0.0836734450936951,0.19862071431262093,0.9438675166649162,0.037017759068233236,0.008194444444444393,0.01780408686191875,0.43812986432011614,0.09873146422653925,0.11892549385501858,0.0,0.9999999987499999,0.6201032677993072,0.3322077275198072,0.27226506910887033,0.3883003666956959,angry,05,24,24,female,strong,2851
50,1.6683333333333334,True,1.0,0.7075898955338934,0.6998472443333804,0.7037185699336369,0.9766889909370572,-0.05870370370370365,-0.05111111111111105,0.3307700949419719,0.32550578419341686,0.20417002980063792,0.7205144897338032,0.007742651200512984,0.007592592592592595,0.010459992062696242,0.347214141201775,0.09747607526756456,0.12027384488087874,0.0,0.9999999987499999,0.6186189854457408,0.3324223895012487,0.2660934537528994,0.3843688521907466,angry,05,24,24,female,strong,2851
60,2.0020000000000002,True,1.0,0.6776249029491168,0.6859204676122701,0.6817726852806935,0.9489842745993562,-0.05870370370370359,-0.05226851851851855,0.38839923435517487,0.1670694531267774,0.2048644628448152,0.7184235856474286,0.008295564663153288,0.006435185185185044,0.01131750913791667,0.2944749172269974,0.10019867113134487,0.120095631201387,0.0,0.9999999987499999,0.6232943246986294,0.32035940476735875,0.2769412294752041,0.3790736161442313,angry,05,24,24,female,strong,2851
70,2.3356666666666666,True,1.0,0.6940855526365882,0.6904041463583229,0.6922448494974556,0.23611111111111144,-0.06171296296296297,-0.05435185185185187,0.37975824479098547,-0.05555555555555537,0.20905734022477349,2.931860539048043,0.003681406278265298,0.007361111111111096,0.02002893445494954,1.0257352941176463,0.09961243670081071,0.12010738920751621,0.0,0.9999999987499999,0.6192917531856493,0.324864423328923,0.2617891825275202,0.3691470499251561,angry,05,24,24,female,strong,2851
80,2.6693333333333333,True,1.0,0.6171384308413885,0.6246156555239074,0.620877043182648,0.6013359070369201,-0.05564814814814806,-0.048055555555555574,0.4044699008907449,0.12025778663477171,0.20627367288386567,1.032496207056746,0.007477224682518879,0.007592592592592484,0.018552275628793052,0.5628948118956578,0.09765939889257544,0.12107290574363151,0.0,0.9999999987499999,0.6163976805800444,0.3330494698070438,0.26088670018220145,0.37380460164263307,angry,05,24,24,female,strong,2851
90,3.003,True,1.0,0.7488087666924341,0.7528434017615949,0.7508260842270145,1.8171293530471964,-0.06384259259259267,-0.0566666666666667,0.264994759816931,0.7146014309736173,0.1993116802436792,0.41319352580372587,0.004034635069160797,0.0071759259259259744,0.013554854624410728,0.14579876169052686,0.09431395028338745,0.11994328133749942,0.0,0.9999999987499999,0.6556430710096539,0.31697375625079893,0.263234887199386,0.380611655627463,angry,05,24,24,female,strong,2851
100,3.336666666666667,True,1.0,0.6840899444686167,0.7036267505054405,0.6938583474870286,1.3249811747726887,-0.0584722222222222,-0.051157407407407374,0.3265746061686491,0.46960167714884626,0.19031786964211186,0.523674117563267,0.01953680603682384,0.0073148148148148295,0.020040676560375312,0.23496239844342712,0.09540351057400173,0.11891836771165333,0.0,0.9999999987499999,0.6576112296246623,0.3186945136835238,0.25715494772168457,0.37551133960474165,angry,05,24,24,female,strong,2851
110,3.6703333333333332,True,1.0,0.32501232832965016,0.31847916585100267,0.32174574709032644,0.936432536694907,-0.07949074074074086,-0.07175925925925919,0.34038334432556655,0.3094848242211143,0.19654679912151268,0.343586680815163,0.006533162478647492,0.007731481481481672,0.018824177218340097,0.33367127646102457,0.09357215190751217,0.11941120848034933,0.0,0.9999999987499999,0.6545533442126852,0.3172617471418552,0.25689377698449617,0.370425596300775,angry,05,24,24,female,strong,2851
120,4.0040000000000004,True,1.0,0.664402177766475,0.6827916262527529,0.673596902009614,0.8652900688298928,-0.06324074074074082,-0.055833333333333235,0.344099234199624,0.28318584070796493,0.19933005317891397,0.7784636924361098,0.018389448486277882,0.007407407407407585,0.022502612318267314,0.34820228992748453,0.09557381245683663,0.11765341792070765,0.0,0.9999999987499999,0.6527821206607642,0.31867526953065994,0.26409536263158406,0.3796007701211136,angry,05,24,24,female,strong,2851
130,4.337666666666666,True,1.0,0.6784235831563681,0.6799348027351781,0.6791791929457731,0.8179912032362475,-0.06171296296296297,-0.05356481481481484,0.34446501087636267,0.2752855010891209,0.20210183180206884,0.8303013409663973,0.0015112195788100635,0.008148148148148127,0.020556615904118104,0.38989762159500796,0.09645018354189645,0.11871472483777801,0.0,0.9999999987499999,0.6216348781231242,0.33528293079524596,0.25290096193614114,0.373082528206547,angry,05,24,24,female,strong,2851
0,0.0,True,1.0,0.6983476564956823,0.7244624253386287,0.7114050409171555,0.612511671335201,-0.07217592592592581,-0.06476851851851856,0.35260706286249166,0.19421101774043004,0.21394024737382508,1.1614554860095627,0.02611476884294639,0.0074074074074072516,0.029609530003716536,0.48018292682926716,0.09520565041796136,0.11907683291551671,0.0,0.9999999987499999,0.6556274857208508,0.3160910622639791,0.27017929579843813,0.384960275391008,angry,05,24,24,female,strong,2852
10,0.33366666666666667,True,1.0,0.680581209739282,0.7146167415602213,0.6975989756497516,0.6478342749529189,-0.0741666666666666,-0.06486111111111115,0.3530686368515031,0.210922787193974,0.21253590000059402,1.076817023459355,0.03403553182093921,0.009305555555555456,0.020427408433713903,0.44476744186046485,0.09617724979037837,0.11748542417728046,0.0,0.9999999987499999,0.6534949743100366,0.31491268390517285,0.2674786200987584,0.38376502778951127,angry,05,24,24,female,strong,2852
20,0.6673333333333333,True,1.0,0.6674018621424672,0.6927958614761416,0.6800988618093045,0.925656728898721,-0.07402777777777797,-0.06652777777777769,0.36404458753363705,0.3232323232323234,0.21739620836739376,0.7347203780589773,0.025393999333674366,0.007500000000000284,0.019776782245794468,0.2950583426614243,0.09687397548441337,0.11901122830643612,0.0,0.9999999987499999,0.6541025571009654,0.3179328639873306,0.27810006783067115,0.3921648927608106,angry,05,24,24,female,strong,2852
30,1.0010000000000001,True,1.0,0.7251948086439217,0.7309172057494392,0.7280560071966804,1.432309498249337,-0.07180555555555562,-0.0643055555555555,0.2908183308898635,0.5801171807051004,0.21737374677619029,0.5083091385531957,0.005722397105517474,0.007500000000000118,0.017788552043787997,0.2352852139973065,0.09601097428508244,0.1200264150139876,0.0,0.9999999987499999,0.6502742159910839,0.3174851748464539,0.2704260034629895,0.37738737274176953,angry,05,24,24,female,strong,2852
40,1.3346666666666667,True,1.0,0.7116024836851221,0.7249107112115681,0.7182565974483451,0.641418900257023,-0.06800925925925921,-0.057731481481481384,0.39401107443305977,0.17370569180578233,0.22084197021485008,1.1197933162875813,0.013308227526446004,0.01027777777777783,0.017201389143038887,0.45747442620160766,0.09877971178055439,0.12000196369436111,0.0,0.9999999987499999,0.620026054835997,0.3316549352699516,0.26717454934847734,0.38499060722676504,angry,05,24,24,female,strong,2852
50,1.6683333333333334,True,1.0,0.6857846446366305,0.6782988361657272,0.6820417404011788,0.6656402354702746,-0.06837962962962946,-0.05921296296296297,0.37699875647128467,0.15254255396193742,0.22430589568929535,1.0246401945929795,0.007485808470903299,0.00916666666666649,0.021230503547349868,0.49394801980305736,0.09992653050607521,0.11872819107586714,0.0,0.9999999987499999,0.6163532691904887,0.33019189632515483,0.27340584237261367,0.3912965008193977,angry,05,24,24,female,strong,2852
60,2.0020000000000002,True,1.0,0.7630530596872024,0.7570410922613996,0.760047075974301,0.6320478435959503,-0.06805555555555548,-0.06134259259259267,0.4287996195751171,-0.04253919300963611,0.22430861674064606,1.2025151002020928,0.006011967425802789,0.00671296296296281,0.0044708914419392745,0.4439003762938063,0.09918891294700115,0.11982306224531401,0.0,0.9999999987499999,0.6131014404746273,0.3287115538030999,0.2807517434254804,0.4015764817250653,angry,05,24,24,female,strong,2852
70,2.3356666666666666,True,1.0,0.7786755561325606,0.7548860772774488,0.7667808167050048,0.29396376260942636,-0.06675925925925918,-0.060555555555555696,0.3575877453621528,0.04407713498622574,0.2257028953078627,2.6084195204828178,0.023789478855111734,0.006203703703703489,0.014348017596160124,0.8448960861984718,0.10084171660395953,0.11795186750459002,0.0,0.9999999987499999,0.6207636733677846,0.32337967596906736,0.2654935710850325,0.37754608448295485,angry,05,24,24,female,strong,2852
80,2.6693333333333333,True,1.0,0.7267773883279731,0.7161785469377488,0.721477967632861,0.5956675249987455,-0.06541666666666662,-0.053518518518518465,0.38871616157605987,0.14204350481829525,0.2243395663768407,1.2112091684608464,0.010598841390224267,0.011898148148148158,0.012099860120917265,0.5165115608065196,0.0983818472396729,0.11905495917221748,0.0,0.9999999987499999,0.6240681051795718,0.3264785408982453,0.26863864477635174,0.37457484225187543,angry,05,24,24,female,strong,2852
90,3.003,True,1.0,0.769467252754045,0.7807216348593553,0.7750944438067002,1.588142538335758,-0.06337962962962956,-0.05824074074074076,0.2805384166612362,0.6259150004029169,0.2201513651224926,0.4880509306292716,0.011254382105310268,0.005138888888888804,0.004996047104628067,0.2186990177861413,0.0988481270663606,0.11930856941297358,0.0,0.9999999987499999,0.6143488467887155,0.327466077153658,0.2601845656619483,0.37432305785167697,angry,05,24,24,female,strong,2852
100,3.336666666666667,True,1.0,0.7638218650594364,0.7894348134335105,0.7766283392464735,0.8260803479343898,-0.06324074074074071,-0.05833333333333335,0.3377295962522303,0.2600482236207434,0.22431405874432403,0.9401365632149816,0.02561294837407413,0.00490740740740736,0.007570830135260552,0.37680410845893025,0.09988912301138388,0.11763133224871278,0.0,0.9999999987499999,0.6198262261076306,0.32448329908433055,0.2644045853990689,0.37176580570613926,angry,05,24,24,female,strong,2852
110,3.6703333333333332,True,1.0,0.7314841196261219,0.7672032684745148,0.7493436940503184,0.7897588644892594,-0.0651388888888888,-0.05837962962962967,0.3407120487923794,0.22781505706420993,0.22361111111111115,0.9488259363000913,0.03571914884839289,0.006759259259259132,0.014825814767972921,0.38989762159500796,0.10034995706427711,0.11740084023239647,0.0,0.9999999987499999,0.621389680098602,0.32299036377879675,0.26523912378212333,0.370412297785434,angry,05,24,24,female,strong,2852
120,4.0040000000000004,True,1.0,0.7487607408936975,0.7248157249219722,0.7367882329078348,0.755844465642399,-0.06490740740740741,-0.059537037037037055,0.3530722330859754,0.21468812656415218,0.22094524115190534,0.9747881560284123,0.02394501597172527,0.005370370370370359,0.00446072179222273,0.4228142075311829,0.09702784469238455,0.11840407552551019,0.0,0.9999999987499999,0.6231698542620172,0.32166428307957373,0.2593069876320951,0.36871771057871616,angry,05,24,24,female,strong,2852
0,0.0,True,1.0,0.6718115723838711,0.682268257176501,0.677039914780186,0.5724957120194932,-0.06800925925925921,-0.05972222222222212,0.35954913812202216,0.16564986515089816,0.2111631452001458,1.18261132889871,0.010456684792629845,0.008287037037037093,0.029577365824316023,0.5030690590971727,0.09585690616199807,0.11903433703057303,0.0,0.9999999987499999,0.620043795776123,0.33600288954206986,0.2555441955313791,0.38117694113946793,angry,05,24,24,female,strong,2853
10,0.33366666666666667,True,1.0,0.6646923856791455,0.6931543932377001,0.6789233894584228,0.5974205755891518,-0.06976851851851845,-0.06055555555555564,0.35583837176519123,0.1991401918630498,0.21254343823031943,1.1364245176673002,0.02846200755855466,0.009212962962962812,0.028598147043783707,0.47596153846153777,0.09704677512011747,0.11822752318259544,0.0,0.9999999987499999,0.6166128806991547,0.33602533330416123,0.2568450666318895,0.38163301372491243,angry,05,24,24,female,strong,2853
20,0.6673333333333333,True,1.0,0.6617955389001335,0.7115476726610587,0.6866716057805962,0.8179912032362482,-0.07101851851851854,-0.06129629629629624,0.34587233279111596,0.29101610115135745,0.20626331633148565,0.8394608683612885,0.04975213376092513,0.009722222222222299,0.025759457532023786,0.34668762264076813,0.0957191735024395,0.11914512023267845,0.0,0.9999999987499999,0.6506772735813076,0.3215116290936645,0.27340189780806073,0.3913642047527506,angry,05,24,24,female,strong,2853
30,1.0010000000000001,True,1.0,0.681835784541244,0.7155845049647804,0.6987101447530122,1.6208148327401717,-0.07083333333333341,-0.06208333333333327,0.24577620539804876,0.7104098179315249,0.21180879739806174,0.43108572962141717,0.03374872042353638,0.008750000000000147,0.013715148745633197,0.23154241943209983,0.09496151730177535,0.11927161540217086,0.0,0.9999999987499999,0.6515136997533388,0.31960949737858263,0.2717580671845308,0.3851472243162296,angry,05,24,24,female,strong,2853
40,1.3346666666666667,True,1.0,0.7007741887572033,0.6896717956231072,0.6952229921901553,0.787802115288957,-0.06416666666666676,-0.05560185185185185,0.3753215291166394,0.2220169597632517,0.20347372205671144,0.8824842923088055,0.011102393134096111,0.008564814814814914,0.017765159796129408,0.3903338791215576,0.09746645049443399,0.11932749203334338,0.0,0.9999999987499999,0.6197402070046768,0.33588412284943625,0.2627868141064723,0.3853005211781279,angry,05,24,24,female,strong,2853
50,1.6683333333333334,True,1.0,0.7510987584706543,0.7873473963259386,0.7692230773982964,1.915941942428117,-0.06550925925925932,-0.05856481481481479,0.262842961696377,0.7004518929307096,0.20903361760483902,0.4014855880358475,0.036248637855284316,0.006944444444444531,0.011301066700489018,0.1817699318592244,0.09815934795452085,0.11891848335669232,0.0,0.9999999987499999,0.6137801816273384,0.3378796555905676,0.2623379076045014,0.38096909630373765,angry,05,24,24,female,strong,2853
60,2.0020000000000002,True,1.0,0.7042329106589179,0.6996807290844362,0.701956819871677,0.7821917592673876,-0.06069444444444444,-0.054768518518518494,0.3597699154150635,0.22557945245233366,0.2111143636174089,0.8974229292943973,0.004552181574481673,0.005925925925925946,0.01755181810641491,0.41275655596754207,0.09788916746227452,0.11849961340929414,0.0,0.9999999987499999,0.6133818258709733,0.3356991971580913,0.2677377280561685,0.3873928553906997,angry,05,24,24,female,strong,2853
70,2.3356666666666666,True,1.0,0.7248858411425757,0.7199973681223184,0.7224416046324471,0.6255859458467498,-0.06287037037037035,-0.0553703703703704,0.4205790363483788,-0.057436634413797726,0.21181456055111783,1.1548239045789308,0.0048884730202573,0.007499999999999951,0.006111679895899342,0.4595158694795577,0.09963051376861583,0.11865600568941308,0.0,0.9999999987499999,0.6151261343209158,0.33351957858791736,0.28146255885631244,0.40893608123917746,angry,05,24,24,female,strong,2853
80,2.6693333333333333,True,1.0,0.7554341321647561,0.74526925502841,0.750351693596583,0.5301499653545805,-0.06291666666666668,-0.05629629629629629,0.3471904040812229,0.07016690717928238,0.21180879739806174,1.4153574321083373,0.010164877136346062,0.0066203703703703876,0.014432752501277403,0.4797794117647051,0.10032485422022955,0.11806951590488757,0.0,0.9999999987499999,0.6177462527667317,0.32974797109094806,0.2625383761846574,0.3810974169328144,angry,05,24,24,female,strong,2853
90,3.003,True,1.0,0.738175117584817,0.7296009806598613,0.7338880491223392,0.675395733937165,-0.06458333333333333,-0.056666666666666754,0.36700137111146797,0.13944220612013813,0.21459222176423376,1.0866045079144904,0.008574136924955678,0.007916666666666572,0.0053855019765653555,0.3917905956674744,0.09912962265555332,0.11811088513350584,0.0,0.9999999987499999,0.613703814009979,0.3302705740145334,0.26237270173602556,0.37524649108699437,angry,05,24,24,female,strong,2853
100,3.336666666666667,True,1.0,0.6872200269751269,0.6693273817584091,0.6782737043667679,0.5951592722851367,-0.06162037037037038,-0.05458333333333337,0.39277089717674496,0.05536365323582646,0.21321197890506977,1.1396507388056145,0.01789264521671774,0.007037037037037008,0.000772836639059927,0.5253189301430927,0.0994973122743745,0.1179629266862198,0.0,0.9999999987499999,0.6170921311571503,0.3302170557009441,0.265391238181898,0.3817435795322964,angry,05,24,24,female,strong,2853
110,3.6703333333333332,True,1.0,0.7675953007274215,0.7714660254727426,0.769530663100082,1.2659817958534152,-0.06310185185185185,-0.055972222222222257,0.277374190773735,0.46743943231510854,0.21736427009624287,0.6078528661475192,0.003870724745321019,0.007129629629629597,0.005603379926604286,0.2255253564247989,0.0988121879983568,0.11853741487417425,0.0,0.9999999987499999,0.6133753238795518,0.33256684777615286,0.2635573349253989,0.37434911247493646,angry,05,24,24,female,strong,2853
120,4.0040000000000004,True,1.0,0.7481179807431534,0.7372992220952009,0.7427086014191772,1.1107768501475934,-0.06217592592592591,-0.05458333333333332,0.32099323855686446,0.3315634942617786,0.21250897556871717,0.6686388911692663,0.010818758647952453,0.007592592592592595,0.004852482438752512,0.2786458996491588,0.09884313312587181,0.11770506581471156,0.0,0.9999999987499999,0.6126290209599464,0.332884910017581,0.26216099153452554,0.37218861398905084,angry,05,24,24,female,strong,2853
130,4.337666666666666,True,1.0,0.7403608005471564,0.7401860546588497,0.740273427603003,0.8545024067298826,-0.06310185185185196,-0.057222222222222174,0.338405329078609,0.2610837932938028,0.21391777955388394,0.8663210562928365,0.00017474588830668214,0.00587962962962979,0.004948872555361697,0.35607865995654725,0.09926972857531753,0.11718303855844936,0.0,0.9999999987499999,0.6179356843440501,0.3299826990399998,0.26461273547478037,0.37474561430795367,angry,05,24,24,female,strong,2853
140,4.671333333333333,True,1.0,0.738558411769915,0.7416968182365052,0.7401276150032101,0.8261555416665118,-0.06574074074074077,-0.057638888888888906,0.3439785487550102,0.2649783637653034,0.21111111111111114,0.8958695762183388,0.003138406466590249,0.00810185185185186,0.018326141445956356,0.37335305917574396,0.09736519432443203,0.1179654302470645,0.0,0.9999999987499999,0.6225190835552971,0.3318449519923027,0.25605647286436933,0.37550865344887796,angry,05,24,24,female,strong,2853
150,5.005,True,1.0,0.6946238524490181,0.7260122077620061,0.7103180301055121,0.7946459638193387,-0.07504629629629628,-0.06708333333333333,0.3476922216290859,0.35049383836031217,0.19376417538869897,0.8938798690821785,0.031388355312988,0.00796296296296295,0.02129907478537363,0.35339944900141695,0.11139813970158811,0.11454300212004713,0.0,0.9999999987499999,0.6153066352087709,0.28624035286000044,0.2820644706817306,0.3530968019646522,angry,05,24,24,female,strong,2853
0,0.0,True,1.0,0.6899134177803833,0.6848691663425169,0.6873912920614501,0.6259959297595123,-0.07736111111111099,-0.0685648148148148,0.36337747672975756,0.16741751609847477,0.22780490703346004,1.0980762963195685,0.005044251437866354,0.008796296296296191,0.01852087460648025,0.4715041005334969,0.09606875483220327,0.12029733880765892,0.0,0.9999999987499999,0.631312218676533,0.32417756912964363,0.26816001060063244,0.38861740980958076,fearful,06,24,24,female,normal,2854
10,0.33366666666666667,True,1.0,0.6925137395467673,0.7017092266009294,0.6971114830738483,0.8140538202111185,-0.07902777777777781,-0.07041666666666668,0.3570907812353015,0.21460296583348215,0.22778079229908374,0.8563456933265885,0.009195487054162066,0.008611111111111125,0.011531721158707594,0.3686112012702799,0.0994350496790965,0.11914010974506288,0.0,0.9999999987499999,0.6260223816948655,0.3259039034708573,0.271799647118849,0.3898375822589362,fearful,06,24,24,female,normal,2854
20,0.6673333333333333,True,1.0,0.6988568703598068,0.7021348591157813,0.7004958647377941,0.8064089683683353,-0.07726851851851846,-0.06837962962962957,0.3663091596256836,0.20159207254761802,0.22709173251143125,0.8686608063835863,0.0032779887559745147,0.00888888888888889,0.0037344730110421566,0.383344293035374,0.1017038843344017,0.11866318002804621,0.0,0.9999999987499999,0.5992008116371549,0.3357752720435974,0.2746401354074268,0.3899227818494301,fearful,06,24,24,female,normal,2854
30,1.0010000000000001,True,1.0,0.7414221571462186,0.7017092266009315,0.7215656918735751,0.6860506865395065,-0.07532407407407415,-0.0664351851851851,0.38329605340655726,0.11659910629737455,0.2270997954301554,1.0517673198655468,0.03971293054528713,0.008888888888889057,0.005424071758418727,0.4180616968360403,0.10180738889627103,0.11905543999271524,0.0,0.9999999987499999,0.5907200875037515,0.3386545392020335,0.27378459932115984,0.3875606812356738,fearful,06,24,24,female,normal,2854
40,1.3346666666666667,True,1.0,0.678180678796715,0.6524008738361624,0.6652907763164386,0.6894994386895147,-0.07944444444444448,-0.06972222222222224,0.39774174512411453,0.11268027173006975,0.22643741225467948,0.9648895111226082,0.025779804960552544,0.009722222222222243,0.0034354366902415163,0.4109615269350967,0.10387147784707668,0.11790705706804416,0.0,0.9999999987499999,0.5829698909954607,0.3419878775198864,0.27344961585174793,0.3889350635061936,fearful,06,24,24,female,normal,2854
50,1.6683333333333334,True,1.0,0.6386092899444201,0.6480551413641605,0.6433322156542903,0.8267128799608795,-0.07634259259259263,-0.06949074074074069,0.34490829432343195,0.25260671332137996,0.22989430003872882,0.7781809516318812,0.009445851419740414,0.006851851851851942,0.01224911022025603,0.37545696894333974,0.10038477695609327,0.11914323794860766,0.0,0.9999999987499999,0.589455919203619,0.34081621264290757,0.26507865467839603,0.38042420159681106,fearful,06,24,24,female,normal,2854
60,2.0020000000000002,True,1.0,0.597961740121864,0.5709858135988688,0.5844737768603664,1.2006434535613715,-0.08370370370370372,-0.07550925925925922,0.3415270956720357,0.3078572957849673,0.23055588646881578,0.4868004528127723,0.026975926522995186,0.008194444444444504,0.005251517645471064,0.26805609314959034,0.10190889074931389,0.11928842402674977,0.0,0.9999999987499999,0.5955492484728266,0.33341338333250814,0.2660754056847779,0.36774024107927233,fearful,06,24,24,female,normal,2854
70,2.3356666666666666,True,1.0,0.7550551076552606,0.7304935695449559,0.7427743386001082,0.7124488061941174,-0.07824074074074083,-0.06717592592592592,0.3689535454855527,0.05696347125178826,0.23891475645867616,1.0425652090962,0.024561538110304704,0.011064814814814916,0.03368088847145953,0.37955561693502315,0.09991308017921348,0.1182571749292062,0.0,0.9999999987499999,0.5823902998621324,0.3355421577029789,0.2771977227091176,0.37311579779090515,fearful,06,24,24,female,normal,2854
80,2.6693333333333333,True,1.0,0.7102166213700316,0.7558135074370592,0.7330150644035454,0.7385716674204504,-0.07990740740740743,-0.07018518518518524,0.34961646379689426,0.16580180289030558,0.24052658771968885,0.9924765554082081,0.04559688606702761,0.009722222222222188,0.04458691137298807,0.38752216754854635,0.10019143049748878,0.11606813902709821,0.0,0.9999999987499999,0.5858135146871248,0.33168992474319153,0.273871668217912,0.36777117600216414,fearful,06,24,24,female,normal,2854
90,3.003,True,1.0,0.7268032613348226,0.778486039182266,0.7526446502585443,0.7713547005143813,-0.07805555555555549,-0.06949074074074074,0.35556903105310506,0.1780049308879345,0.23833565537695608,0.9757439084206526,0.05168277784744335,0.008564814814814747,0.035142781660145665,0.372285850936739,0.0998361059560814,0.1155524463270316,0.0,0.9999999987499999,0.5980057741143332,0.32980101778924575,0.2787058628048659,0.37522236276479853,fearful,06,24,24,female,normal,2854
100,3.336666666666667,True,1.0,0.7031024296415248,0.7641550055581069,0.7336287175998158,0.7125599789664548,-0.07865740740740751,-0.06777777777777783,0.36276014834875125,0.15260095628112727,0.23755428296184347,1.0295676704491887,0.061052575916582086,0.010879629629629683,0.02828973798171749,0.4150299896920914,0.1002703805906978,0.11550616683028168,0.0,0.9999999987499999,0.5994009167885904,0.32983621207832065,0.2772881787444134,0.376263584651987,fearful,06,24,24,female,normal,2854
110,3.6703333333333332,True,1.0,0.7333654693269642,0.7951418780356166,0.7642536736812904,0.7021510061590509,-0.07925925925925936,-0.06569444444444444,0.34710981012473036,0.19386518695692054,0.23128298962323732,1.0884463127980935,0.06177640870865242,0.013564814814814918,0.05583870931883454,0.418674048459185,0.10314267141486891,0.11870573405268421,0.0,0.9999999987499999,0.5902698619447779,0.33071911468934273,0.28255037946309125,0.38395693315241664,fearful,06,24,24,female,normal,2854
120,4.0040000000000004,True,1.0,0.6843058502606114,0.7860444526480741,0.7351751514543428,0.7352794305952635,-0.08361111111111119,-0.06611111111111112,0.347360270388595,0.23434224584962687,0.22461146754929703,0.9998581775355305,0.10173860238746268,0.01750000000000007,0.08404031359381114,0.40461461578006097,0.09574306902147327,0.11832355998979521,0.0,0.9999999987499999,0.6340119228238171,0.3184144513172476,0.28065731985071624,0.37912769877100816,fearful,06,24,24,female,normal,2854
0,0.0,True,1.0,0.7860862318371388,0.7949686702836342,0.7905274510603865,0.5922422791859369,-0.08250000000000002,-0.07277777777777777,0.3490613974616752,0.2146029658334823,0.22785312884569603,1.334804148307347,0.008882438446495389,0.009722222222222243,0.0320572857573423,0.4919929514091612,0.09968184505969122,0.1184521539609518,0.0,0.9999999987499999,0.6170496888989971,0.32995944145844713,0.27963486688226064,0.40053082020769115,fearful,06,24,24,female,normal,2855
10,0.33366666666666667,True,1.0,0.7757464672343203,0.7913412121658593,0.7835438397000898,0.6324813033034306,-0.08416666666666667,-0.07430555555555546,0.3439432115554377,0.2108271011011431,0.23198424179975588,1.2388411097808967,0.015594744931539006,0.00986111111111121,0.02585014895031791,0.45597918919075275,0.10093828881901389,0.11754551803742602,0.0,0.9999999987499999,0.6204925230248349,0.3271879345028179,0.2812090150662003,0.39912400492578787,fearful,06,24,24,female,normal,2855
20,0.6673333333333333,True,1.0,0.7872982958857062,0.8036603180274909,0.7954793069565986,0.6993793021597935,-0.08300925925925934,-0.07430555555555551,0.3529912114976459,0.21127083086077142,0.23197108640471245,1.1374075619624904,0.016362022141784727,0.008703703703703825,0.024161848345161413,0.41068500969945376,0.10234194753022444,0.11779027236607141,0.0,0.9999999987499999,0.6121231920815201,0.3297400428568891,0.28856428761781766,0.39910228199113584,fearful,06,24,24,female,normal,2855
30,1.0010000000000001,True,1.0,0.7829704602141029,0.7799541832014807,0.7814623217077918,0.910571907442437,-0.08347222222222217,-0.07421296296296309,0.3494361790797098,0.2790347460215258,0.2306032021759041,0.8582104447991583,0.0030162770126221927,0.009259259259259078,0.029010293829305124,0.3356716692990824,0.10216826282350752,0.12018121244795284,0.0,0.9999999987499999,0.5784169651376175,0.34131117542942857,0.26741586870963974,0.3851390193747361,fearful,06,24,24,female,normal,2855
40,1.3346666666666667,True,1.0,0.7677045766351208,0.7641916705988042,0.7659481236169625,0.6480472526839275,-0.08685185185185185,-0.07888888888888895,0.35806065026941897,0.19721702814014916,0.23683165067430484,1.1819325218103176,0.0035129060363165987,0.007962962962962894,0.02383753028697302,0.4407208837620246,0.104492954372411,0.11864827046041755,0.0,0.9999999987499999,0.5957731517997824,0.32941838773514415,0.2773066640426343,0.3834776459491181,fearful,06,24,24,female,normal,2855
50,1.6683333333333334,True,1.0,0.7430507623035735,0.7376500175586923,0.7403503899311329,0.6912650458365409,-0.08282407407407405,-0.07930555555555557,0.3647772396228892,0.23976346432895382,0.2326418404210052,1.0710079938082084,0.00540074474488117,0.0035185185185184764,0.014882014289443196,0.4480509099128714,0.10330749347157538,0.1190434189663858,0.0,0.9999999987499999,0.5973518524441027,0.33120696527148885,0.27385919828345984,0.38504621078499,fearful,06,24,24,female,normal,2855
60,2.0020000000000002,True,1.0,0.7867665444889436,0.7864400915472699,0.7866033180181067,1.2185989098148435,-0.09962962962962962,-0.08763888888888888,0.3472141442894169,0.3007726032697766,0.23473814860729156,0.645498130420636,0.00032645294167366057,0.011990740740740746,0.011697816471358691,0.27072890559344415,0.08830532284837961,0.11766567965224346,0.0,0.9999999987499999,0.6399222770436299,0.3467700424165152,0.26650325596965624,0.40367783469846436,fearful,06,24,24,female,normal,2855
70,2.3356666666666666,True,1.0,0.7852383467134714,0.8041560024448071,0.7946971745791392,0.9738218926354328,-0.0826851851851852,-0.07958333333333334,0.3747569708258526,0.23649196715752702,0.24103426957442906,0.8160600830491371,0.018917655731335747,0.0031018518518518556,0.004813568929257975,0.30568125978931804,0.10157201292938282,0.11941596360231344,0.0,0.9999999987499999,0.5966318955629126,0.32858228713864657,0.28900260836490504,0.3826096719300034,fearful,06,24,24,female,normal,2855
80,2.6693333333333333,True,1.0,0.7646828558002402,0.7704712999060698,0.767577077853155,1.0870524969262019,-0.09055555555555556,-0.08000000000000007,0.3155787528505462,0.3623376730086254,0.2500369235428352,0.706108564235481,0.005788444105829571,0.010555555555555485,0.010524117577225628,0.2743956448057645,0.1027426919168636,0.11921201771893722,0.0,0.9999999987499999,0.5929064893770007,0.32657192155113085,0.28877271864308246,0.38065245588007873,fearful,06,24,24,female,normal,2855
90,3.003,True,1.0,0.7804515183684809,0.7602393429836715,0.7703454306760762,1.0073313358892462,-0.07879629629629631,-0.08361111111111114,0.3509156959116824,0.3629231381918354,0.2319444444444445,0.7647388731295995,0.02021217538480946,0.004814814814814827,0.00046049822823164544,0.3225992570636771,0.10107684766044878,0.11983537474507155,0.0,0.9999999987499999,0.6088657661502102,0.32294947150744097,0.2819498820860298,0.3840234760452657,fearful,06,24,24,female,normal,2855
100,3.336666666666667,True,1.0,0.7276633649890242,0.7640954215345455,0.7458793932617849,0.7964040811092161,-0.0891203703703703,-0.07856481481481481,0.36017202784152624,0.17775980080668755,0.24172853576758427,0.9365589792344341,0.036432056545521285,0.010555555555555485,0.030717264247194676,0.3620295284842189,0.10305111722289548,0.11958448453081749,0.0,0.9999999987499999,0.5982713118059724,0.3253470438352331,0.2866892504527002,0.38071301179904643,fearful,06,24,24,female,normal,2855
110,3.6703333333333332,True,1.0,0.8002398380664013,0.7864400915472689,0.7933399648068351,0.745257022113642,-0.08657407407407408,-0.07708333333333328,0.3655562848833036,0.21496541051913165,0.23614342163013133,1.0645186040070094,0.013799746519132405,0.0094907407407408,0.02109203805660219,0.38940029491808603,0.10194502176338913,0.11893760870101268,0.0,0.9999999987499999,0.6085311452706083,0.32628893264835984,0.28458206131477076,0.3896320026215605,fearful,06,24,24,female,normal,2855
120,4.0040000000000004,True,1.0,0.7370323317518302,0.7320403891963504,0.7345363604740903,0.8302485749508669,-0.09097222222222218,-0.0820833333333334,0.35710394988132493,0.247617996037978,0.2347381486072915,0.8847186043258903,0.004991942555479856,0.00888888888888878,0.01666086123437859,0.35526315789473606,0.09993968170150186,0.11839572197388278,0.0,0.9999999987499999,0.6195208226806348,0.3222993406308586,0.28218340178956,0.389257665468128,fearful,06,24,24,female,normal,2855
0,0.0,True,1.0,0.6905355475824142,0.6897568891523598,0.690146218367387,0.6989269422982202,-0.08046296296296285,-0.07148148148148153,0.3471450156423879,0.2354903856031749,0.2208830771411905,0.9874368501206144,0.0007786584300544241,0.008981481481481313,0.026195095969423866,0.40408753970787703,0.09540182538982772,0.12003594192364622,0.0,0.9999999987499999,0.62351682008741,0.3306698158825281,0.2638449077452244,0.3864317320402399,fearful,06,24,24,female,normal,2856
10,0.33366666666666667,True,1.0,0.6913793499507842,0.7212973724291621,0.7063383611899732,0.7107714737164098,-0.07958333333333334,-0.07087962962962963,0.34033108740294843,0.2317733066466558,0.2243395663768408,0.9937629566036785,0.029918022478377937,0.008703703703703713,0.026344736379845485,0.4041177502570003,0.09763087268543018,0.11919300325730603,0.0,0.9999999987499999,0.6235041586869122,0.32954006154982945,0.2664347704757028,0.3819130024709324,fearful,06,24,24,female,normal,2856
20,0.6673333333333333,True,1.0,0.7108380658451742,0.7177426291595248,0.7142903475023494,0.8510738702117377,-0.0798611111111111,-0.07138888888888884,0.34697318721580067,0.2735042735042737,0.2208678788329657,0.8392812568956464,0.006904563314350631,0.00847222222222227,0.01930318699058536,0.351491579774238,0.10096804919798907,0.11832776402375453,0.0,0.9999999987499999,0.5927119866540366,0.34141049272637874,0.26307417170936426,0.37932030935978417,fearful,06,24,24,female,normal,2856
30,1.0010000000000001,True,1.0,0.7248557009510591,0.7034490765556387,0.714152388753349,0.9041494774905906,-0.07685185185185178,-0.06819444444444456,0.34130444616073347,0.2681677424585369,0.2229289874418315,0.7898609760140918,0.021406624395420404,0.008657407407407225,0.0154307365247153,0.33410143429443095,0.10027198512095316,0.11939785400168416,0.0,0.9999999987499999,0.5875078411755327,0.3394210510942484,0.2654801076511103,0.37745308635535463,fearful,06,24,24,female,normal,2856
40,1.3346666666666667,True,1.0,0.7640866858984002,0.7741686859837241,0.7691276859410622,0.791681054428145,-0.08231481481481484,-0.0735648148148148,0.3742804274573017,0.27082506853425514,0.2236165700895076,0.9715120522830071,0.010082000085323894,0.008750000000000036,0.0005385969488610489,0.3688873825448784,0.1005903491805022,0.11912976199286601,0.0,0.9999999987499999,0.619036803526098,0.32551114650714114,0.28009408604824537,0.38660327245939585,fearful,06,24,24,female,normal,2856
50,1.6683333333333334,True,1.0,0.7118090526867595,0.7070641673655454,0.7094366100261524,0.5961760365498064,-0.07865740740740729,-0.0742592592592593,0.3966565653996845,0.11923520730996086,0.23542476853914515,1.1899784065991788,0.004744885321214087,0.0043981481481479845,0.008221526287499198,0.4646305614592906,0.10083763865829246,0.11876020050046762,0.0,0.9999999987499999,0.6134076076055422,0.32746973803670404,0.27814155773370736,0.3898122217031466,fearful,06,24,24,female,normal,2856
60,2.0020000000000002,True,1.0,0.7599454354402141,0.7430070693437766,0.7514762523919953,0.7274305384338071,-0.08449074074074081,-0.07370370370370377,0.3896228072895527,0.1212121212121219,0.23333856485950724,1.0330556839282,0.016938366096437507,0.01078703703703704,0.01260946178653994,0.3853330531139598,0.09965720071228217,0.12007024957953072,0.0,0.9999999987499999,0.5944482543095363,0.3359729403013669,0.2770654832964091,0.3836620618512943,fearful,06,24,24,female,normal,2856
70,2.3356666666666666,True,1.0,0.6944217930472566,0.6824025191936661,0.6884121561204614,0.5662960218925271,-0.07777777777777772,-0.07217592592592592,0.4218241882460825,0.044041805515534924,0.23472514755763585,1.2156401060700188,0.012019273853590473,0.005601851851851802,0.020024413322450158,0.5379171548321962,0.09800273626591274,0.1201626172823018,0.0,0.9999999987499999,0.6064907116596637,0.3348223776166059,0.279645106765833,0.39237336899053665,fearful,06,24,24,female,normal,2856
80,2.6693333333333333,True,1.0,0.7343350281420907,0.7804497212737257,0.7573923747079082,1.079819755926735,-0.08796296296296297,-0.07611111111111124,0.32976014512863455,0.3412268574745618,0.2368055555555556,0.7014062954033383,0.046114693131634965,0.011851851851851725,0.023604229845875718,0.30589876850345477,0.09968873245992177,0.11892792555119802,0.0,0.9999999987499999,0.6031234842843388,0.33250017127116,0.28491297800134474,0.3949385751222487,fearful,06,24,24,female,normal,2856
90,3.003,True,1.0,0.6965540142459543,0.7627362535122902,0.7296451338791223,0.8146277430452816,-0.0797222222222223,-0.07472222222222219,0.3543579978301123,0.22212474029738172,0.23334150754143612,0.8956792106680861,0.06618223926633593,0.0050000000000001155,0.020306605173603595,0.3685533874250637,0.09825030515342385,0.11948287158478782,0.0,0.9999999987499999,0.6033279580269607,0.3328050625073921,0.27855813548903496,0.39410351807085836,fearful,06,24,24,female,normal,2856
100,3.336666666666667,True,1.0,0.7533719564398247,0.785138707923891,0.7692553321818578,0.821224291830329,-0.08453703703703708,-0.07527777777777783,0.3553587396663716,0.23132707975594968,0.23402810378135272,0.9367177028669674,0.03176675148406627,0.009259259259259245,0.022916717383316652,0.36800864205048756,0.09922341435629456,0.11851535411507774,0.0,0.9999999987499999,0.6071306008028212,0.3310956221244465,0.28146345956733315,0.39486534805110196,fearful,06,24,24,female,normal,2856
110,3.6703333333333332,True,1.0,0.7696237356528838,0.7710044497073837,0.7703140926801337,0.7758689698247577,-0.08777777777777784,-0.0753240740740741,0.3504644790563646,0.22369060033490965,0.23406722091393017,0.9928404442493961,0.0013807140544999097,0.012453703703703745,0.032826430099275446,0.37889439558937255,0.09995584793409297,0.11805976253225385,0.0,0.9999999987499999,0.6076259822210134,0.33378410058069297,0.27874688928898095,0.3940694605977119,fearful,06,24,24,female,normal,2856
0,0.0,True,1.0,0.7237543246731256,0.7714286352053223,0.747591479939224,0.7006119202733191,-0.07981481481481484,-0.06986111111111104,0.34348270691378,0.23346436054117034,0.21751584743007207,1.0670550390401259,0.04767431053219673,0.009953703703703798,0.04383809384326998,0.41296911201785874,0.09712089735268858,0.11768195806555819,0.0,0.9999999987499999,0.6193547399037741,0.3338220211202756,0.26829049057023197,0.39412164248488807,fearful,06,24,24,female,normal,2857
10,0.33366666666666667,True,1.0,0.738558411769914,0.7711965717424663,0.7548774917561901,0.7242931746896164,-0.07842592592592595,-0.06967592592592586,0.342565130776614,0.24628583662797424,0.2174877855236298,1.0422264327972994,0.03263815997255226,0.008750000000000091,0.04230209013762591,0.39506705968908185,0.09792134738941057,0.11798959855626782,0.0,0.9999999987499999,0.619916766886442,0.3316637829214096,0.2716008310553341,0.3951725057353759,fearful,06,24,24,female,normal,2857
20,0.6673333333333333,True,1.0,0.7718828844859871,0.796500433996937,0.7841916592414621,0.9586589818078348,-0.08023148148148151,-0.06879629629629636,0.33598534367265165,0.36930374271897676,0.21541949020733536,0.818008983510108,0.024617549510949965,0.01143518518518516,0.019914512836013955,0.32314823607254767,0.09916004979300337,0.11936908888132344,0.0,0.9999999987499999,0.6072374460487319,0.3339488275596235,0.26705603715680704,0.3862918234502967,fearful,06,24,24,female,normal,2857
30,1.0010000000000001,True,1.0,0.7462198292269283,0.7240686075389492,0.7351442183829388,0.9560460271293049,-0.07388888888888889,-0.06574074074074066,0.3498422687991153,0.321159308082259,0.21961265158590787,0.7689422867958958,0.022151221687979117,0.008148148148148238,0.013103543547710447,0.31639402989315185,0.10125247569000645,0.11856751117991189,0.0,0.9999999987499999,0.6098116996486095,0.33186943187778645,0.2769396344045538,0.39418654418116056,fearful,06,24,24,female,normal,2857
40,1.3346666666666667,True,1.0,0.7274168857187604,0.7322875728630651,0.7298522292909128,0.6910829265952192,-0.0809259259259259,-0.06949074074074074,0.3670194463652977,0.23976346432895396,0.2202511495493203,1.0560993495913717,0.0048706871443047195,0.01143518518518516,0.025626536513900525,0.4252349015194078,0.10118161158033341,0.1191088236074366,0.0,0.9999999987499999,0.6098764897365198,0.3305110614756237,0.2733012717017619,0.38883368651044153,fearful,06,24,24,female,normal,2857
50,1.6683333333333334,True,1.0,0.771153705455765,0.7320580266964263,0.7516058660760956,0.7822631302434443,-0.0767592592592593,-0.06754629629629627,0.3645923634671439,0.25600000000000006,0.21955706017819915,0.9608095243376638,0.039095678759338726,0.009212962962963034,0.020062378306393312,0.3886160401109455,0.10128296185021232,0.12013791930403758,0.0,0.9999999987499999,0.6075554295780813,0.33089700769540115,0.27343529186867505,0.3879338713802009,fearful,06,24,24,female,normal,2857
60,2.0020000000000002,True,1.0,0.7850435685835451,0.7553322185261868,0.7701878935548659,0.7561000605800233,-0.08189814814814811,-0.07000000000000006,0.39119044063079683,0.06631165235721295,0.2257028953078627,1.0186322336279612,0.029711350057358255,0.011898148148148047,0.01201272485149475,0.35692216825307266,0.1030234769250187,0.11768133893493887,0.0,0.9999999987499999,0.5991171483202655,0.33056484184360974,0.2886447798363076,0.40385090143193564,fearful,06,24,24,female,normal,2857
70,2.3356666666666666,True,1.0,0.8240092673065511,0.8218113093327629,0.8229102883196571,0.5101775737200958,-0.08138888888888884,-0.06865740740740739,0.3974111046843098,0.04027276487244638,0.2271317083412789,1.612987968716828,0.0021979579737881894,0.012731481481481455,0.016071024410120698,0.5630535533852632,0.0991977774568422,0.11708134154332892,0.0,0.9999999987499999,0.6072385453165642,0.3314762821859245,0.275275901754784,0.3903736271748534,fearful,06,24,24,female,normal,2857
80,2.6693333333333333,True,1.0,0.7879300918778149,0.813345096485752,0.8006375941817835,1.303909341697626,-0.08486111111111105,-0.07217592592592598,0.30154672112441916,0.5128565838458117,0.22807903268592053,0.6140285743634544,0.02541500460793711,0.012685185185185077,0.018805828330767445,0.21168039736330915,0.09753127422323943,0.11669081675535184,0.0,0.9999999987499999,0.6156463900325755,0.32295111905741075,0.2691128968549958,0.3761191313900317,fearful,06,24,24,female,normal,2857
90,3.003,True,1.0,0.752436363566158,0.7810753024055528,0.7667558329858554,0.8163964309503762,-0.08277777777777784,-0.07027777777777777,0.35650559010374944,0.2405332429997549,0.22770370064525386,0.939195474058193,0.028638938839394834,0.012500000000000067,0.009957793065257934,0.3432703623472205,0.08987127116152603,0.11515800124767725,0.0,0.9999999987499999,0.6550586040509955,0.3356369482179502,0.27006713527357734,0.40750317141760967,fearful,06,24,24,female,normal,2857
100,3.336666666666667,True,1.0,0.748388845732176,0.7712482693581938,0.7598185575451849,0.6764751609540233,-0.08129629629629637,-0.06824074074074077,0.36192125579965284,0.1911634710408634,0.22831306724404257,1.1232024491093267,0.022859423626017783,0.013055555555555598,0.025120949636604765,0.44154307614208055,0.09699127830520442,0.11697728049452306,0.0,0.9999999987499999,0.6214725416963661,0.32260261989193484,0.2748696986167683,0.3756349206053344,fearful,06,24,24,female,normal,2857
110,3.6703333333333332,True,1.0,0.7303347828725275,0.7623425837346686,0.7463386833035981,0.7713998288999138,-0.0811574074074074,-0.06824074074074077,0.35352572084561884,0.22250616360991776,0.2292745070601474,0.9675121193220186,0.032007800862141056,0.012916666666666632,0.008932969349246485,0.3805320935747739,0.0966152889163661,0.11712546358110143,0.0,0.9999999987499999,0.6290577630661639,0.3202568705650868,0.2844827527595025,0.3875213200641449,fearful,06,24,24,female,normal,2857
0,0.0,True,1.0,0.7030309907796759,0.7242171113999154,0.7136240510897957,0.633740704367131,-0.07532407407407404,-0.07629629629629625,0.3481175524369049,0.23958490043147665,0.21736672705293877,1.1260505221965158,0.0211861206202395,0.0009722222222222077,0.012275364182457836,0.45274390243902385,0.09540253269145799,0.1187588346914812,0.0,0.9999999987499999,0.6427217429940726,0.32290590164236105,0.27495371094873233,0.39967604532644463,fearful,06,24,24,female,strong,2858
10,0.33366666666666667,True,1.0,0.636227242285213,0.675417857797678,0.6558225500414455,0.6549498645000564,-0.08444444444444449,-0.0765277777777777,0.34231280210174025,0.2260933675776877,0.22291803567531335,1.001332446327102,0.039190615512465055,0.007916666666666794,0.020548735683668343,0.42853299760795044,0.0966400260880535,0.1180771667774021,0.0,0.9999999987499999,0.6402204327277786,0.3235624835457716,0.2777160283407367,0.40204426970383267,fearful,06,24,24,female,strong,2858
20,0.6673333333333333,True,1.0,0.6984748530504458,0.6684785887231425,0.6834767208867941,0.9354479385038373,-0.08231481481481495,-0.07212962962962971,0.33843973088292734,0.325028521005571,0.22084197021485008,0.7306411108029722,0.02999626432730329,0.010185185185185242,0.011394268422147693,0.3245953550171465,0.09744296372789155,0.11854580721858561,0.0,0.9999999987499999,0.6295572899941226,0.327432999181398,0.2772061035386686,0.39387479930811414,fearful,06,24,24,female,strong,2858
30,1.0010000000000001,True,1.0,0.7130959713692127,0.672409662818157,0.6927528170936847,0.9232794469863795,-0.07324074074074072,-0.06592592592592594,0.3698747872650024,0.22711984559352386,0.21666807516569422,0.7503175981604022,0.040686308551055705,0.007314814814814774,0.005752953632294044,0.3396026684407973,0.0991814297549982,0.11887147262627688,0.0,0.9999999987499999,0.5911155458902312,0.34223183185868383,0.2781286917777639,0.39470731398885844,fearful,06,24,24,female,strong,2858
40,1.3346666666666667,True,1.0,0.43416144695660047,0.38894400933534734,0.4115527281459739,0.8083852396162556,-0.05703703703703711,-0.05638888888888882,0.4132994192196764,0.1549132758034351,0.2049147322715695,0.5091047040162929,0.04521743762125313,0.0006481481481482865,0.007402598755833891,0.3764124061736481,0.09959870606255213,0.11868270602941831,0.0,0.9999999987499999,0.5838373315654388,0.34530112190158524,0.2777860138126812,0.39781290593172347,fearful,06,24,24,female,strong,2858
50,1.6683333333333334,True,1.0,0.7148491835925163,0.6919584065797004,0.7034037950861083,1.9976199930563796,-0.06856481481481475,-0.06143518518518504,0.3247258322437207,0.6856160213182626,0.2006948245938466,0.35212092266352074,0.022890777012815833,0.007129629629629708,0.01022671628586655,0.16229583352967494,0.09987783893390348,0.11956852379659907,0.0,0.9999999987499999,0.6128914877122724,0.32857297251808115,0.28924883689817765,0.3961326492485003,fearful,06,24,24,female,strong,2858
60,2.0020000000000002,True,1.0,0.6755509062662779,0.6505146036603461,0.6630327549633119,0.6284471040253207,-0.06680555555555551,-0.06152777777777774,0.359975613940108,0.1645342751602858,0.21122816978596962,1.0550335115182548,0.025036302605931815,0.00527777777777777,0.0008800444408058092,0.44436283848552544,0.09890049274989685,0.12021981192398788,0.0,0.9999999987499999,0.6020166629933223,0.32822965709538465,0.26525425782822704,0.37000576543950997,fearful,06,24,24,female,strong,2858
70,2.3356666666666666,True,1.0,0.6747602579445084,0.6715481709386608,0.6731542144415846,1.6048668975140317,-0.07263888888888881,-0.06444444444444442,0.2807314134847402,0.690465990790921,0.21876255544325338,0.41944551008205905,0.0032120870058476303,0.008194444444444393,0.020581938226316873,0.20409093716803395,0.09846439178269331,0.12089285376389809,0.0,0.9999999987499999,0.6238044919452156,0.3162570622367108,0.2756684584233553,0.37398894508549346,fearful,06,24,24,female,strong,2858
80,2.6693333333333333,True,1.0,0.7711537054557647,0.7570260478849107,0.7640898766703377,0.8194026573073311,-0.06527777777777771,-0.05694444444444452,0.38349895888705016,0.20136946761598734,0.20348159600640797,0.9324962152078458,0.014127657570853991,0.008333333333333193,0.016232708638949715,0.35273820654451127,0.0990550622133118,0.11849542531208807,0.0,0.9999999987499999,0.6452352209164917,0.3136438938329214,0.28502777390472317,0.38918326818888466,fearful,06,24,24,female,strong,2858
90,3.003,True,1.0,0.6681748566426388,0.659111324211916,0.6636430904272774,0.7627127698096897,-0.06467592592592597,-0.0584722222222222,0.38963493298351315,0.20801257358446135,0.20487042134711556,0.870108796779249,0.009063532430722776,0.006203703703703767,0.0023115793515978192,0.3903338791215574,0.10023555920711114,0.1179839636685835,0.0,0.9999999987499999,0.5993442196097188,0.3353732708588479,0.2738910166540815,0.3905690500618658,fearful,06,24,24,female,strong,2858
100,3.336666666666667,True,1.0,0.6764781908411165,0.6406890750900275,0.658583632965572,0.777517103497851,-0.06874999999999992,-0.059629629629629644,0.3830342582534825,0.20825300430265006,0.20764476777723623,0.8470342710183124,0.03578911575108901,0.009120370370370279,0.012040596245822655,0.3820946359991217,0.10035672550134014,0.11852563625387241,0.0,0.9999999987499999,0.6005856208420868,0.33480191074807986,0.2744002333167217,0.3898271077118917,fearful,06,24,24,female,strong,2858
110,3.6703333333333332,True,1.0,0.7183510365995989,0.6847586184078177,0.7015548275037082,0.8749202995611536,-0.07546296296296295,-0.06666666666666671,0.38670318021425176,0.28707213568805034,0.20556891687172835,0.8018499831991522,0.03359241819178116,0.008796296296296247,0.008427487152932822,0.3515489221035021,0.10016923947540231,0.117878761989685,0.0,0.9999999987499999,0.6306738491490347,0.3217172737176364,0.2861845453190564,0.3924616913590333,fearful,06,24,24,female,strong,2858
0,0.0,True,1.0,0.7008919216268551,0.7383507001802937,0.7196213109035744,0.7408469214030171,-0.09157407407407409,-0.08282407407407416,0.36469052023540843,0.2740440023081209,0.21806815098199114,0.9713495326953028,0.0374587785534386,0.008749999999999925,0.02078251368147897,0.3824032164334613,0.09520649871843555,0.11778921440569753,0.0,0.9999999987499999,0.6480036237385579,0.3221392800744957,0.27638794521334337,0.4040875111172978,fearful,06,24,24,female,strong,2859
10,0.33366666666666667,True,1.0,0.7554957206237257,0.7860354992489352,0.7707656099363305,1.1801036499873911,-0.07995370370370375,-0.08379629629629631,0.35989505252755855,0.42572280373694765,0.21737374677619029,0.6531338242573572,0.030539778625209513,0.003842592592592564,0.01393933186486952,0.2492025438036353,0.09804165214059442,0.118051150079686,0.0,0.9999999987499999,0.6171941145989646,0.33391000361879203,0.288709598627373,0.40243226354683526,fearful,06,24,24,female,strong,2859
20,0.6673333333333333,True,1.0,0.5939978124573594,0.6507279888594888,0.6223629006584241,0.974043211690018,-0.0693981481481481,-0.07555555555555565,0.37271133231584824,0.3366063583507359,0.20695771609312433,0.6389479370002391,0.056730176402129406,0.006157407407407556,0.0034563370198904416,0.30746558756071046,0.09905951141959707,0.11800835786039683,0.0,0.9999999987499999,0.6141160073404361,0.33371671035398254,0.2880577738273807,0.40057595475600083,fearful,06,24,24,female,strong,2859
30,1.0010000000000001,True,1.0,0.7233316074747875,0.7271505651352997,0.7252410863050436,0.8069462081106467,-0.07805555555555554,-0.08134259259259263,0.3965137551812124,0.20172768723618437,0.21806115361267805,0.8987477467712447,0.003818957660512212,0.0032870370370370883,0.011439040739472864,0.35623434551432626,0.09865706014266942,0.11818392388038661,0.0,0.9999999987499999,0.61620957349346,0.33487327136335165,0.2871902183943667,0.40950816391795847,fearful,06,24,24,female,strong,2859
40,1.3346666666666667,True,1.0,0.7021522406840778,0.71758231217018,0.7098672764271289,0.6187086623111122,-0.07064814814814818,-0.07518518518518524,0.41909066019064484,0.17399986406265977,0.20627996053698625,1.1473368964570572,0.015430071486102204,0.004537037037037062,0.0035681855589181446,0.4588951461635249,0.09852998362508283,0.11812871691258948,0.0,0.9999999987499999,0.6175099926298644,0.33371876005078716,0.27821385271065874,0.39731051685880037,fearful,06,24,24,female,strong,2859
50,1.6683333333333334,True,1.0,0.741506470603477,0.7476662969228635,0.7445863837631702,1.6374503966568192,-0.07435185185185184,-0.07768518518518519,0.3461812531521679,0.5925925925925918,0.2083629943078147,0.454723016516037,0.006159826319386497,0.003333333333333355,0.0075610225541201375,0.1877390247798577,0.09817368940429931,0.1190667624953008,0.0,0.9999999987499999,0.6117032078690852,0.32914680471641106,0.28529927425810836,0.4012239998905172,fearful,06,24,24,female,strong,2859
60,2.0020000000000002,True,1.0,0.7574599217781861,0.787813639237458,0.772636780507822,2.0415119577825735,-0.09282407407407395,-0.09199074074074065,0.30557195237023105,0.8183550858136392,0.2264054014792631,0.3784630198037321,0.030353717459271845,0.0008333333333332971,0.013771792886375733,0.16025170653980533,0.09824403239511323,0.1196473698457204,0.0,0.9999999987499999,0.6247222375669017,0.3245473884256398,0.2886200309500577,0.40460780584768796,fearful,06,24,24,female,strong,2859
70,2.3356666666666666,True,1.0,0.7594681351213921,0.7935652744301027,0.7765167047757474,0.44447302331255323,-0.08148148148148138,-0.08300925925925934,0.37663168503603106,0.050050778780535654,0.2298640983108285,1.7470502461286637,0.03409713930871061,0.001527777777777961,0.016730451399245307,0.5619459956826729,0.09855999480116637,0.11810367842310172,0.0,0.9999999987499999,0.6333971739789667,0.32196036490329155,0.2844736599139333,0.399260418322986,fearful,06,24,24,female,strong,2859
80,2.6693333333333333,True,1.0,0.7443152639407646,0.7452125051382659,0.7447638845395153,1.0584758973296944,-0.07861111111111108,-0.08092592592592596,0.33877922527857596,0.4007050597883797,0.21950319257597717,0.703619124836374,0.0008972411975012307,0.0023148148148148806,0.019453712724189432,0.2996566268956011,0.09436539107469147,0.12037855608924995,0.0,0.9999999987499999,0.6469416026410565,0.3169885859855136,0.2763218630458466,0.3892823403948183,fearful,06,24,24,female,strong,2859
90,3.003,True,1.0,0.7817898366180741,0.7890075575699675,0.7853986970940208,1.0605172192827852,-0.0889814814814815,-0.08851851851851844,0.3551680652741789,0.388248773124438,0.23062999907410456,0.7405808060572333,0.007217720951893436,0.00046296296296305384,0.03516949494192818,0.28547819964822924,0.09702685756300077,0.11872625890332386,0.0,0.9999999987499999,0.6376823112682573,0.31722293518543854,0.2893775260396913,0.39701221320641644,fearful,06,24,24,female,strong,2859
100,3.336666666666667,True,1.0,0.709253834693364,0.7784736423549032,0.7438637385241336,0.9965042353764225,-0.08259259259259266,-0.08092592592592579,0.34720926329422863,0.29118773946360044,0.2375,0.7464732332453602,0.06921980766153923,0.0016666666666668717,0.030501262988774317,0.31181303375326147,0.09938972882930143,0.11853674901997022,0.0,0.9999999987499999,0.6015012792695204,0.3349539601711886,0.2852393894258291,0.40114642339659345,fearful,06,24,24,female,strong,2859
110,3.6703333333333332,True,1.0,0.6994937559898621,0.7757710862017122,0.7376324210957872,0.6117029601352924,-0.08425925925925914,-0.07578703703703693,0.3731820807851022,0.14931823267761865,0.23611401923888195,1.2058670125327537,0.07627733021185013,0.008472222222222214,0.04455929354101352,0.4707691413543968,0.09807406899668153,0.11882860058776142,0.0,0.9999999987499999,0.6084179388630452,0.33146771291489374,0.2808687391834992,0.39236222311393454,fearful,06,24,24,female,strong,2859
120,4.0040000000000004,True,1.0,0.7548293205432408,0.7768829233683284,0.7658561219557847,0.5782530610286526,-0.06370370370370382,-0.05740740740740724,0.3850138773254273,0.16924479834984998,0.21251292469885794,1.3244307269094358,0.022053602825087615,0.006296296296296577,0.016674048116250482,0.5082075652305124,0.09552054353224061,0.11769667004494176,0.0,0.9999999987499999,0.6172927391190852,0.33055763991219034,0.27729264035459705,0.397938889374068,fearful,06,24,24,female,strong,2859
0,0.0,True,1.0,0.6625880739887062,0.6571657677634196,0.6598769208760629,0.65239102241105,-0.09027777777777785,-0.07986111111111105,0.35408462332267787,0.24266711027971788,0.21890375455840325,1.0114745577542548,0.0054223062252866105,0.010416666666666796,0.03495390514047272,0.41910673532331766,0.09402935035094269,0.11792598510617289,0.0,0.9999999987499999,0.6614705027870524,0.31461944484931453,0.278331420319936,0.400197815364086,fearful,06,24,24,female,strong,2860
10,0.33366666666666667,True,1.0,0.7115664245088167,0.7715125521940047,0.7415394883514107,0.7290382681694058,-0.08023148148148146,-0.07643518518518527,0.3524469041179569,0.2656310976678072,0.2202390253829353,1.017147550036564,0.05994612768518803,0.0037962962962961866,0.026227436806182277,0.4104314492032645,0.09631515757237667,0.11818121014310615,0.0,0.9999999987499999,0.6401697960981267,0.3252738929179977,0.27273354176261155,0.39542237701032035,fearful,06,24,24,female,strong,2860
20,0.6673333333333333,True,1.0,0.684093924860609,0.7178049194865046,0.7009494221735568,0.8735908492402209,-0.087361111111111,-0.07962962962962966,0.3537306147431465,0.2710634157014697,0.2229744999574916,0.8023772487809211,0.03371099462589555,0.007731481481481339,0.029683595836726487,0.3301297307651912,0.09811177589190354,0.11815423381539361,0.0,0.9999999987499999,0.6428002916010155,0.3242316552642041,0.2759062671688437,0.3970784769268018,fearful,06,24,24,female,strong,2860
30,1.0010000000000001,True,1.0,0.7222276616040479,0.7022814076264138,0.7122545346152309,1.0134027049732537,-0.08453703703703697,-0.07287037037037036,0.32488830770516136,0.15781830172378958,0.23128298962323732,0.7028346491674592,0.019946253977634165,0.011666666666666603,0.019987169542986065,0.3323576126858707,0.09728122928414612,0.11931897505678714,0.0,0.9999999987499999,0.6116328032853766,0.3385032484329419,0.2934098577364888,0.40652575937256463,fearful,06,24,24,female,strong,2860
40,1.3346666666666667,True,1.0,0.7190740453288672,0.7034537908810303,0.7112639181049487,0.7404336450966776,-0.07870370370370378,-0.07893518518518522,0.4207002868601206,0.15954620670499178,0.22641045611310814,0.9606045360243992,0.015620254447836879,0.00023148148148144365,0.0026033235684924353,0.3893873441647401,0.09850974991438795,0.11862837960095335,0.0,0.9999999987499999,0.6243839616940525,0.329823562799419,0.2996128307528571,0.4064693908012628,fearful,06,24,24,female,strong,2860
50,1.6683333333333334,True,1.0,0.6648396882728237,0.6686248672323326,0.6667322777525782,0.8860014110190813,-0.06504629629629632,-0.06643518518518526,0.46761621865004227,0.05828797004406519,0.2138888888888889,0.7525183024095874,0.003785178959508917,0.0013888888888889395,0.009057588770617204,0.3206864329509141,0.09895318411843121,0.11890141470080287,0.0,0.9999999987499999,0.6131019406043667,0.33544255659054517,0.3078161288245412,0.42442672549575067,fearful,06,24,24,female,strong,2860
60,2.0020000000000002,True,1.0,0.6656467021900294,0.6171138054956887,0.641380253842859,0.5972332459230777,-0.07699074074074064,-0.06537037037037041,0.4239307932979743,0.09736770630616404,0.22642258677395286,1.0739192069784196,0.04853289669434069,0.011620370370370225,0.006581611500702232,0.5153854892145365,0.09714768464249397,0.11974635962548051,0.0,0.9999999987499999,0.6137000862376201,0.33376406940690173,0.29133028421358925,0.395750226709659,fearful,06,24,24,female,strong,2860
70,2.3356666666666666,True,1.0,0.765520645098711,0.7334848328356897,0.7495027389672003,1.0597096182758106,-0.07879629629629631,-0.06439814814814826,0.38462482684469107,0.1451657011336722,0.21390636642410643,0.7072718092213515,0.032035812263021324,0.014398148148148049,0.011880395926903342,0.3085234419056222,0.0961748081475611,0.11941751094235266,0.0,0.9999999987499999,0.6259432289869072,0.328938232143608,0.29521693086249745,0.4006020623154557,fearful,06,24,24,female,strong,2860
80,2.6693333333333333,True,1.0,0.6788624246587357,0.6476023342833243,0.66323237947103,0.6117040545434946,-0.06814814814814807,-0.054305555555555496,0.4777657796667459,-0.046163743866261,0.22431780004526822,1.08423734409606,0.03126009037541144,0.013842592592592573,0.023646903723195094,0.4461287341312619,0.10079266295724774,0.117670412824621,0.0,0.9999999987499999,0.5823875437362445,0.343850848484915,0.28476524657835106,0.39758511824387904,fearful,06,24,24,female,strong,2860
90,3.003,True,1.0,0.7065073873775962,0.6989804660700862,0.7027439267238412,0.6318440454418324,-0.07537037037037042,-0.0639351851851852,0.46265358576836424,0.0994084056628517,0.2069743044572451,1.1122110460539838,0.007526921307509982,0.011435185185185215,0.02199856679239403,0.437678093068406,0.09363971515657599,0.12157237899411948,0.0,0.9999999987499999,0.6453161532191001,0.3158675661251679,0.280753001420508,0.38535604449259364,fearful,06,24,24,female,strong,2860
100,3.336666666666667,True,1.0,0.6613751486152495,0.6874425853424332,0.6744088669788413,0.6402674572923758,-0.06833333333333325,-0.06625000000000003,0.4515398324556527,0.14813774432622587,0.1965665948917417,1.05332366856633,0.0260674367271837,0.002083333333333215,0.01933009965163563,0.4272760503223839,0.09737814320042654,0.11939956680811392,0.0,0.9999999987499999,0.6469933164515806,0.3140170863775238,0.29230566956565773,0.407407917814551,fearful,06,24,24,female,strong,2860
0,0.0,True,1.0,0.6403682048710818,0.6768333130288656,0.6586007589499737,0.6407633157203211,-0.0769907407407408,-0.07902777777777781,0.36792066517063643,0.22564969561098605,0.21329784115730271,1.0278378034323024,0.03646510815778381,0.002037037037037004,0.02468292388824677,0.44729699954179053,0.09479901711836455,0.1174704515683622,0.0,0.9999999987499999,0.6558897744410265,0.3152332382991971,0.2832666790616965,0.4002376912876346,fearful,06,24,24,female,strong,2861
10,0.33366666666666667,True,1.0,0.6455671703938078,0.6679622747018645,0.6567647225478361,0.6702886065332587,-0.0897222222222222,-0.0816203703703704,0.3698241896601111,0.2258412329891004,0.22227165520064116,0.9798237895533265,0.02239510430805669,0.008101851851851805,0.02525692635610249,0.4279571353377094,0.09576841831939442,0.11668149249716474,0.0,0.9999999987499999,0.6547997170743297,0.31670820275286876,0.2873487555148115,0.4036497739829851,fearful,06,24,24,female,strong,2861
20,0.6673333333333333,True,1.0,0.6772416887558571,0.6731602874615475,0.6752009881087023,0.7257987023775984,-0.08865740740740746,-0.08157407407407402,0.36343956132388056,0.2517413723370326,0.22090103743005285,0.9302868493658832,0.004081401294309561,0.007083333333333441,0.026900228600942485,0.4131564281103632,0.09748787279014694,0.11786406771486131,0.0,0.9999999987499999,0.6269285588297819,0.33149303609146413,0.27200886121434015,0.39825349107606395,fearful,06,24,24,female,strong,2861
30,1.0010000000000001,True,1.0,0.7197532539512519,0.7044241369472137,0.7120886954492328,0.9540681101620322,-0.08875,-0.07967592592592587,0.3766402397643587,0.20234869015356857,0.2250217003424337,0.7463709224368653,0.015329117004038162,0.009074074074074123,0.021905007959770424,0.30677361889767085,0.09688456952909817,0.11900260407381959,0.0,0.9999999987499999,0.6190748593187275,0.337387389070194,0.274193874533418,0.40136168897974267,fearful,06,24,24,female,strong,2861
40,1.3346666666666667,True,1.0,0.6349611919069095,0.6343227548554926,0.634641973381201,0.8260621764196507,-0.07333333333333342,-0.06611111111111118,0.43682481413105484,0.10012511233506545,0.22430861674064606,0.7682738557669954,0.0006384370514168625,0.007222222222222241,0.008366137587769518,0.3582620576557928,0.09712978151904382,0.11864207172851808,0.0,0.9999999987499999,0.6114374925673394,0.3405524630697328,0.28278434669180913,0.41437164733701937,fearful,06,24,24,female,strong,2861
50,1.6683333333333334,True,1.0,0.5484586478778466,0.5373667681817617,0.5429127080298042,0.737729675726958,-0.07004629629629622,-0.05995370370370373,0.44041348354854726,0.050015571235725836,0.21597222222222223,0.7359236396378098,0.011091879696084939,0.010092592592592486,0.016536277299549193,0.39125711925388523,0.09684574899927165,0.11903419882501788,0.0,0.9999999987499999,0.6096221700555222,0.33925742882666665,0.28174407689686787,0.4076662231475976,fearful,06,24,24,female,strong,2861
60,2.0020000000000002,True,1.0,0.7415112824435837,0.7042805527390845,0.7228959175913341,0.3177818369610695,-0.07055555555555565,-0.058611111111111114,0.384417041338486,-0.03609977452230206,0.2208336788150796,2.274818235379179,0.037230729704499144,0.011944444444444535,0.023492281812773717,0.7667948563573552,0.09667616263172506,0.11869139533129404,0.0,0.9999999987499999,0.6089010007831257,0.3381436058075802,0.2751673674251065,0.38858840843002873,fearful,06,24,24,female,strong,2861
70,2.3356666666666666,True,1.0,0.6451727226491906,0.665155368986621,0.6551640458179058,0.8726219212408977,-0.065925925925926,-0.05648148148148152,0.34468766522033967,0.2379753512608023,0.22152915536949758,0.7507994354373317,0.01998264633743041,0.009444444444444478,0.023712049992370154,0.3788258280105991,0.09594205296053561,0.1191257582260931,0.0,0.9999999987499999,0.6149418477469113,0.3366371313011602,0.2817449710109638,0.39760084183281835,fearful,06,24,24,female,strong,2861
80,2.6693333333333333,True,1.0,0.6093104624701157,0.6304248500263853,0.6198676562482505,0.9076446344325232,-0.06657407407407406,-0.05699074074074073,0.4281600543265636,0.037777046105599815,0.21666701879228198,0.682940914023916,0.021114387556269598,0.009583333333333333,0.022876332232818205,0.3046693555138595,0.09587619944371618,0.11885861468360757,0.0,0.9999999987499999,0.6242486100377651,0.3307914288425976,0.29358030788482065,0.4043636700263961,fearful,06,24,24,female,strong,2861
90,3.003,True,1.0,0.552198435118838,0.5873595175010746,0.5697789763099563,0.5718496408108693,-0.05814814814814806,-0.049259259259259225,0.4295842360356178,-0.14900003341628407,0.22709173251143114,0.9963790053308824,0.035161082382236586,0.008888888888888835,0.06228408075336928,0.47682733498941715,0.10550482495310311,0.12015190685874835,0.0,0.9999999987499999,0.5433516233915442,0.31547691807616207,0.2838419604516142,0.3620448642061818,fearful,06,24,24,female,strong,2861
100,3.336666666666667,True,1.0,0.5604310409516211,0.5761135966152354,0.5682723187834282,0.7442922840631178,-0.059675925925925855,-0.05208333333333337,0.44812614997285394,0.006002110112622061,0.2299261569021609,0.7635069326276092,0.015682555663614317,0.007592592592592484,0.022342233326215485,0.38239563267290827,0.10952823348464426,0.12051520056884991,0.0,0.9999999987499999,0.5560325867847139,0.31311095433995284,0.29823253825074497,0.3781972305627036,fearful,06,24,24,female,strong,2861
110,3.6703333333333332,True,1.0,0.6460972036384357,0.6542962212138821,0.650196712426159,0.6099450908544877,-0.06685185185185177,-0.056342592592592555,0.4391055884428173,-0.06702613035839217,0.22919995615220695,1.0659922051594541,0.008199017575446388,0.010509259259259218,0.04626364035735648,0.4401241883436324,0.0954314616583369,0.12017102693636207,0.0,0.9999999987499999,0.6131903281468838,0.3315877146900746,0.2803664831611663,0.3887051007261657,fearful,06,24,24,female,strong,2861
0,0.0,True,1.0,0.5909438881658643,0.6211325748523214,0.6060382315090929,0.4876051250364214,-0.08092592592592585,-0.07175925925925936,0.35802699951413436,0.1770795805675893,0.21685286126446446,1.2428873290940599,0.030188686686457133,0.00916666666666649,0.04704793674091025,0.5795798648998173,0.09547652769341017,0.11773237887497497,0.0,0.9999999987499999,0.6510232196316026,0.3147590761784081,0.275526094495382,0.3972211198762517,disgust,07,24,24,female,normal,2862
10,0.33366666666666667,True,1.0,0.5774323435299618,0.6360328373998515,0.6067325904649066,0.5110733838518186,-0.0819907407407407,-0.07180555555555568,0.3544193511281654,0.18779185433653436,0.21753092920897316,1.187173133322129,0.05860049386988975,0.01018518518518502,0.041247561335971406,0.5488153348698407,0.0965608124090769,0.11765716986444799,0.0,0.9999999987499999,0.6514757222654687,0.31486257702816334,0.2769270536571333,0.3954004583769702,disgust,07,24,24,female,normal,2862
20,0.6673333333333333,True,1.0,0.5707864270045173,0.62553209556277,0.5981592612836437,0.5681771491744438,-0.08138888888888879,-0.07402777777777786,0.3751859127336057,0.18449346710067402,0.21956991694229538,1.052768950938565,0.05474566855825269,0.0073611111111109295,0.038161669858386135,0.5064164521708632,0.09812359371730073,0.11765964495319126,0.0,0.9999999987499999,0.652425322347689,0.3138923746407514,0.2828805770396299,0.3941349614119081,disgust,07,24,24,female,normal,2862
30,1.0010000000000001,True,1.0,0.36727037804165896,0.3737480575591292,0.3705092178003941,1.2047429348811125,-0.08263888888888882,-0.07351851851851865,0.33072724604359016,0.3613314300188429,0.20702737829043374,0.30754213788932244,0.006477679517470247,0.009120370370370168,0.0347547359073354,0.27124502639179987,0.09696637670013095,0.11748542825084085,0.0,0.9999999987499999,0.6536771767691452,0.31421592856660485,0.28684892482027136,0.4009006339497774,disgust,07,24,24,female,normal,2862
40,1.3346666666666667,True,1.0,0.2132425564409045,0.18569499077744445,0.19946877360917448,1.1574227660742276,-0.09606481481481483,-0.08796296296296302,0.32680085961977257,0.48903652565869543,0.20769179289336956,0.17233873348261253,0.02754756566346006,0.008101851851851805,0.025498863150567153,0.25351317081005137,0.09732935430695451,0.11799500239127954,0.0,0.9999999987499999,0.6569873542307548,0.31304420516732046,0.27601281327999105,0.3852196466155612,disgust,07,24,24,female,normal,2862
50,1.6683333333333334,True,1.0,0.25460515986920196,0.2453981761212164,0.2500016679952092,0.9944165450480841,-0.1008333333333335,-0.09541666666666665,0.3293615461100677,0.35862678548304344,0.21253590000059402,0.2514053786012989,0.009206983747985564,0.005416666666666847,0.002995539698309276,0.28631815983448355,0.09728752195550407,0.11721963203102813,0.0,0.9999999987499999,0.6547392476365546,0.31416670917750905,0.27378223463108214,0.3872211254223225,disgust,07,24,24,female,normal,2862
60,2.0020000000000002,True,1.0,0.30077260326977867,0.30169004951821776,0.3012313263939982,2.3724213040398716,-0.0925925925925925,-0.09875,0.2578968048573073,1.0296791596282113,0.2098040580380127,0.12697210477795287,0.0009174462484390911,0.0061574074074075,0.014123436732147207,0.13431502163961154,0.10805859854035482,0.11704942697184098,0.0,0.9999999987499999,0.6028515636879752,0.29109901124853904,0.2777431471301338,0.33602477031035044,disgust,07,24,24,female,normal,2862
70,2.3356666666666666,True,1.0,0.5445790399817989,0.526343266434726,0.5354611532082625,1.129462437489782,-0.06939814814814815,-0.07453703703703696,0.34230624374773555,0.3630663131112693,0.21678072543703444,0.4740849588573473,0.018235773547072953,0.005138888888888804,0.03950743554839736,0.2888977487765933,0.10721538498768667,0.11830639093997501,0.0,0.9999999987499999,0.6019380261479592,0.2894089375200588,0.29661681379256866,0.3501015056904228,disgust,07,24,24,female,normal,2862
80,2.6693333333333333,True,1.0,0.6064550957402184,0.5624455161611458,0.584450305950682,0.9252328043633025,-0.06615740740740739,-0.07675925925925925,0.35685169451134546,0.4170069674460814,0.20841571450629243,0.6316791873293669,0.04400957957907259,0.010601851851851862,0.04237982507356479,0.3486541337624017,0.09536520675555585,0.1184676053057587,0.0,0.9999999987499999,0.6529859845266233,0.31209796987859656,0.28817374994603784,0.3910715961743379,disgust,07,24,24,female,normal,2862
90,3.003,True,1.0,0.6555595754070168,0.6137496931675812,0.634654634287299,1.0451337817661612,-0.07148148148148153,-0.0786574074074074,0.3080204101674321,0.47843346763740247,0.21396913110426483,0.6072472685887182,0.0418098822394356,0.007175925925925863,0.042677451242367714,0.3142952941228759,0.09736060124026878,0.11829177917527388,0.0,0.9999999987499999,0.6478602162505628,0.30711117875962557,0.2933960614471706,0.3845538672281217,disgust,07,24,24,female,normal,2862
100,3.336666666666667,True,1.0,0.29150580756536276,0.26612470710823405,0.2788152573367984,0.8006513320918834,-0.07361111111111113,-0.08166666666666667,0.34327174578526637,0.32968283283670635,0.2119798242834917,0.3482355504340825,0.025381100457128714,0.008055555555555538,0.06415459976677407,0.39108478649398865,0.09708187276772245,0.11900190551895767,0.0,0.9999999987499999,0.6406277591192727,0.31078021135141815,0.2871960012559387,0.3778585521867918,disgust,07,24,24,female,normal,2862
110,3.6703333333333332,True,1.0,0.6128601994746583,0.5752532108042994,0.5940567051394788,0.7405163113619161,-0.05986111111111114,-0.06476851851851845,0.3596069861938173,0.33958614835628614,0.20487935877564548,0.8022196081635569,0.03760698867035894,0.004907407407407305,0.0463163558362269,0.4267722387217391,0.09851022437404806,0.1184672740503573,0.0,0.9999999987499999,0.6435805623733869,0.3094963301686789,0.2938937807100448,0.39006495521858886,disgust,07,24,24,female,normal,2862
120,4.0040000000000004,True,1.0,0.6338402586408604,0.615212077699742,0.6245261681703012,0.6605157132006515,-0.06638888888888889,-0.06782407407407404,0.3645556831396023,0.2862234757202813,0.2111721775899551,0.9455129615979061,0.0186281809411184,0.0014351851851851505,0.006407479865845725,0.4895217652382528,0.09551878687891846,0.11978394319418473,0.0,0.9999999987499999,0.6449099602653562,0.3144731859714035,0.2857086821262786,0.3871742057582951,disgust,07,24,24,female,normal,2862
0,0.0,True,1.0,0.5654912169426426,0.5868494101345724,0.5761703135386075,0.4864003472500745,-0.08916666666666662,-0.0811574074074074,0.34281559195640393,0.25045217780107404,0.21738954032473,1.1845598318258996,0.021358193191929775,0.008009259259259216,0.03982886075027233,0.5801132034496173,0.09808166851170039,0.11737039703998295,0.0,0.9999999987499999,0.6509350863470389,0.3107944113449815,0.2758053039798674,0.3974968742120498,disgust,07,24,24,female,normal,2863
10,0.33366666666666667,True,1.0,0.5602445671944972,0.6269204312832187,0.593582499238858,0.42692338621591264,-0.08597222222222223,-0.08203703703703702,0.36924240190022933,0.16353901674215365,0.22291666666666665,1.390372414357875,0.0666758640887215,0.003935185185185208,0.014005386923534896,0.6379224831998567,0.09937849308217854,0.11854616897006713,0.0,0.9999999987499999,0.6441968136395183,0.3125545349535666,0.2812900285252929,0.393629617535214,disgust,07,24,24,female,normal,2863
20,0.6673333333333333,True,1.0,0.6027299163262211,0.6251361212385005,0.6139330187823608,0.8733384013185006,-0.0857870370370371,-0.07962962962962966,0.3421035400009029,0.2807017543859654,0.227083669306422,0.7029726596878036,0.022406204912279404,0.006157407407407445,0.010760329544744257,0.34150062974995604,0.09847291310589025,0.11897964764620586,0.0,0.9999999987499999,0.6229929191598514,0.3290797980240476,0.27660823583718525,0.397600537619766,disgust,07,24,24,female,normal,2863
30,1.0010000000000001,True,1.0,0.22789911837906723,0.23180077931317647,0.22984994884612187,1.0588109138788855,-0.08638888888888885,-0.08944444444444444,0.3113241861672772,0.27296082206284494,0.21259189189618688,0.21708309371697104,0.0039016609341092356,0.003055555555555589,0.035641858564774295,0.2940248535384133,0.0932207545176074,0.11952644603958641,0.0,0.9999999987499999,0.6618367710912489,0.31301575319364067,0.27928888702045945,0.3997938802228299,disgust,07,24,24,female,normal,2863
40,1.3346666666666667,True,1.0,0.47524727420682694,0.44286154206075584,0.4590544081337914,0.975343434578813,-0.07949074074074075,-0.0803240740740741,0.3152914375535442,0.4272624085467073,0.20920436042725918,0.47065924869020825,0.0323857321460711,0.0008333333333333526,0.021920936626123932,0.3230997107989947,0.09561628281085405,0.11647952268484511,0.0,0.9999999987499999,0.6694526188991222,0.30791985768289526,0.2790559665051063,0.3975081863933498,disgust,07,24,24,female,normal,2863
50,1.6683333333333334,True,1.0,0.5395264951211334,0.528641045213754,0.5340837701674437,1.2644344871507374,-0.08120370370370367,-0.07773148148148146,0.2921507325841753,0.74214340829384,0.22157736568388595,0.4223894362221503,0.010885449907379385,0.00347222222222221,0.0034044343508833398,0.2856844269494579,0.09579224870551767,0.11892628385681146,0.0,0.9999999987499999,0.6440442049241571,0.3247671705366568,0.27634195230234226,0.39919169572503127,disgust,07,24,24,female,normal,2863
60,2.0020000000000002,True,1.0,0.35142999140287795,0.33128215541240763,0.3413560734076428,2.487558764777298,-0.0964814814814815,-0.09740740740740739,0.2963822605938189,1.1202479002485315,0.20557930840615526,0.1372253304087082,0.02014783599047032,0.0009259259259258856,0.0013212103542807319,0.12844109104775117,0.0953138547632385,0.11915024568475628,0.0,0.9999999987499999,0.6678391525281989,0.3004419443455431,0.2700389122291885,0.3712303346695922,disgust,07,24,24,female,normal,2863
70,2.3356666666666666,True,1.0,0.1712071977301919,0.18650924799203106,0.17885822286111147,0.5675026793487528,-0.10032407407407412,-0.09638888888888891,0.3607617519779884,0.3135855475235846,0.21251759175804866,0.31516718664018156,0.015302050261839145,0.003935185185185208,0.0033567730354435157,0.5180353529620847,0.09741812934633039,0.11613091083475804,0.0,0.9999999987499999,0.6700811157509879,0.3002228752077825,0.2706260526834932,0.36947090187968146,disgust,07,24,24,female,normal,2863
80,2.6693333333333333,True,1.0,0.18436836256034125,0.17111562280504414,0.1777419926826927,0.7500802249703638,-0.0965740740740742,-0.09430555555555559,0.33047871301325926,0.4564340906147828,0.20221957827971732,0.2369639763396181,0.013252739755297116,0.002268518518518614,0.008266338868219612,0.4284127774017015,0.09559909017535825,0.11811776401723846,0.0,0.9999999987499999,0.6714093937262405,0.30169495746922415,0.2621351701006991,0.3604647434353449,disgust,07,24,24,female,normal,2863
90,3.003,True,1.0,0.4928165059313197,0.5137663958870533,0.5032914509091865,1.46141046279352,-0.08726851851851847,-0.07976851851851846,0.3267032132251496,0.5313785658530265,0.2208751327014355,0.34438746931312725,0.020949889955733603,0.007500000000000007,0.02160822172821001,0.24926940413864643,0.09402465416194869,0.11792972950219728,0.0,0.9999999987499999,0.6462552799322855,0.3168130005308411,0.27450759129414454,0.3862214296542109,disgust,07,24,24,female,normal,2863
100,3.336666666666667,True,1.0,0.5315637531024806,0.5768829215173383,0.5542233373099095,0.4840836585376432,-0.08476851851851841,-0.07541666666666663,0.3580985765361842,0.16133778306834415,0.2229334364432989,1.144891647415138,0.045319168414857725,0.009351851851851778,0.04204598168489338,0.5965042589676938,0.09734653681945728,0.1168449739433944,0.0,0.9999999987499999,0.6536537497108218,0.308174379774654,0.2721360330961271,0.38550998541683545,disgust,07,24,24,female,normal,2863
110,3.6703333333333332,True,1.0,0.5998674184636446,0.6370615468808464,0.6184644826722454,0.5094169829922878,-0.08222222222222231,-0.07157407407407407,0.3613735990817167,0.16001983839977807,0.22988235257677903,1.2140633377384054,0.03719412841720182,0.01064814814814824,0.03848873141855545,0.5943359133866631,0.097453643013892,0.11773065580043066,0.0,0.9999999987499999,0.6483254184486295,0.31266996327387175,0.2825881832795958,0.3922140616042359,disgust,07,24,24,female,normal,2863
120,4.0040000000000004,True,1.0,0.6047528819287794,0.6142191252605006,0.60948600359464,0.4952444079921517,-0.08597222222222217,-0.07500000000000001,0.36190020542963125,0.1674175160984747,0.22503390586545513,1.2306772045456367,0.009466243331721191,0.010972222222222161,0.036906410100799675,0.5959878456690545,0.09793844883151578,0.11732766124073396,0.0,0.9999999987499999,0.6506807933720363,0.3100008112245666,0.2781421599231418,0.39379003378098265,disgust,07,24,24,female,normal,2863
0,0.0,True,1.0,0.6571428361356972,0.6837798828402778,0.6704613594879876,0.4540028954507576,-0.08254629629629634,-0.07296296296296295,0.36018219504465315,0.17562744477986988,0.22023902538293522,1.476777717072308,0.026637046704580558,0.009583333333333388,0.03723315390124244,0.5992641153162931,0.09746467231524272,0.11820604614164847,0.0,0.9999999987499999,0.654531097368635,0.31148248403734813,0.27737575044849494,0.39367060108692975,disgust,07,24,24,female,normal,2864
10,0.33366666666666667,True,1.0,0.6008218680733556,0.6590472441865134,0.6299345561299345,0.4691822616593695,-0.08425925925925926,-0.07504629629629639,0.35587757223461214,0.183161165801228,0.22298373820604112,1.3426222762600362,0.05822537611315781,0.009212962962962867,0.036685924360370735,0.5805606013881027,0.09858977757583746,0.11840107720927734,0.0,0.9999999987499999,0.6524254819193303,0.3112069285368313,0.2799258719476575,0.3946907733370722,disgust,07,24,24,female,normal,2864
20,0.6673333333333333,True,1.0,0.41554320882226486,0.39846671430904707,0.40700496156565596,0.6537048070888595,-0.08509259259259266,-0.07708333333333334,0.36139299332551506,0.20323198158714223,0.2215859735648358,0.6226127713182488,0.0170764945132178,0.008009259259259327,0.025800508433444294,0.4377563210668443,0.09866535536230434,0.11833810450678649,0.0,0.9999999987499999,0.6463131163090235,0.31480309518124255,0.2776968887199462,0.38694540211615064,disgust,07,24,24,female,normal,2864
30,1.0010000000000001,True,1.0,0.11010986885850942,0.09646126311063388,0.10328556598457164,1.0448545462503807,-0.09111111111111114,-0.0850462962962964,0.33664923101484573,0.3976124740159365,0.21458333333333335,0.09885162136225334,0.013648605747875533,0.006064814814814745,0.017180044282985973,0.32771918086368634,0.097664885209267,0.1191651355224013,0.0,0.9999999987499999,0.6473050505514706,0.3159727470265529,0.27870248542777976,0.39151472826949113,disgust,07,24,24,female,normal,2864
40,1.3346666666666667,True,1.0,0.6210472757467794,0.6086964356142955,0.6148718556805375,1.103861961725451,-0.07236111111111104,-0.06740740740740742,0.33830183504190847,0.3498154104059529,0.2139320451098645,0.5570187912983512,0.012350840132483887,0.004953703703703627,0.004479797026892002,0.3013856201041356,0.09622345648742706,0.11969707581378917,0.0,0.9999999987499999,0.6439414697285165,0.31985708108492444,0.28204217832929823,0.40305783489562014,disgust,07,24,24,female,normal,2864
50,1.6683333333333334,True,1.0,0.12171321003432596,0.14430716519637518,0.13301018761535058,0.8079297976484383,-0.08546296296296296,-0.07976851851851852,0.4097585214317622,0.18848382377396172,0.20856208957866335,0.1646308726358283,0.02259395516204922,0.005694444444444446,0.03572109934175357,0.3749340994068738,0.09521594139810348,0.11582423564309666,0.0,0.9999999987499999,0.641655552963373,0.32137684502882863,0.28005880846946624,0.3880231736763666,disgust,07,24,24,female,normal,2864
60,2.0020000000000002,True,1.0,0.6535451150644137,0.6816539394402356,0.6675995272523246,0.5734863117243636,-0.0662962962962963,-0.058750000000000135,0.41006652124684456,0.06666164408616743,0.20390521527810881,1.1641071697857628,0.02810882437582185,0.007546296296296162,0.007065452012512761,0.45005214320798825,0.09542354858656259,0.11581787159625967,0.0,0.9999999987499999,0.6353997115799446,0.3241204391618456,0.28466339308141503,0.401048292293184,disgust,07,24,24,female,normal,2864
70,2.3356666666666666,True,1.0,0.2453981761212167,0.21610557248542495,0.23075187430332084,0.7806697654162899,-0.06773148148148156,-0.05962962962962953,0.42040760406093075,0.14715042454401114,0.20989822065203334,0.29558192788505533,0.029292603635791753,0.008101851851852027,0.008317846586403468,0.4018336082440725,0.09595027909590627,0.1203918573700594,0.0,0.9999999987499999,0.6060230821000275,0.3368022428842445,0.2588746240484231,0.37691940498199,disgust,07,24,24,female,normal,2864
80,2.6693333333333333,True,1.0,0.1322634400872336,0.0822599602726849,0.10726170017995924,0.7177927657967503,-0.07532407407407404,-0.06638888888888889,0.38147320170881804,0.13370649558959033,0.21042573109859153,0.14943268487931707,0.050003479814548696,0.008935185185185157,0.002084397915618245,0.4319309693278703,0.09760306415410813,0.12001216993411723,0.0,0.9999999987499999,0.6133471006840236,0.3345947964196399,0.2629273887595066,0.376014705580022,disgust,07,24,24,female,normal,2864
90,3.003,True,1.0,0.5638904932198382,0.5185185185185178,0.541204505869178,0.7657610381785429,-0.06819444444444445,-0.05449074074074073,0.37924705400590986,0.2504032593432625,0.20658265077581542,0.7067537768133251,0.04537197470132037,0.013703703703703718,0.02681241081654058,0.4001830839640689,0.09704006411680093,0.1187154648661832,0.0,0.9999999987499999,0.6454389205760429,0.3185029740072136,0.2774640018903466,0.38465761495950573,disgust,07,24,24,female,normal,2864
100,3.336666666666667,True,1.0,0.5349704480448729,0.5629629629629628,0.5489667055039178,0.7310846772557461,-0.07018518518518524,-0.05944444444444452,0.37883419115597905,0.21361537623696944,0.20631250532509085,0.7508934636197822,0.02799251491808985,0.010740740740740717,0.05249274892092337,0.4173915589617311,0.09751242745443311,0.11897007154592254,0.0,0.9999999987499999,0.6486604629742522,0.31465320592225293,0.28259548404698265,0.39197726503144553,disgust,07,24,24,female,normal,2864
110,3.6703333333333332,True,1.0,0.5692006377093027,0.5807776101737251,0.5749891239415139,0.6194608737258505,-0.07532407407407415,-0.06550925925925938,0.3801380186584548,0.13061191036736863,0.2138920991554833,0.9282089447928263,0.011576972464422353,0.009814814814814776,0.03686387732645963,0.47647951354167756,0.09784798536994771,0.11772722499895762,0.0,0.9999999987499999,0.6442854800982892,0.3156224393383638,0.2835714298366279,0.3891835868757894,disgust,07,24,24,female,normal,2864
0,0.0,True,1.0,0.6221435025763477,0.6286015284357425,0.625372515506045,0.4481655529291423,-0.0824537037037037,-0.07328703703703698,0.3703788867913103,0.18781675769472433,0.21466331596207827,1.3954051386116242,0.0064580258593948114,0.009166666666666712,0.0313781419602215,0.5983964119306546,0.09563864730972475,0.11808573732263393,0.0,0.9999999987499999,0.6587189446950654,0.31619128828077186,0.2721403864033537,0.3988895132162271,disgust,07,24,24,female,normal,2865
10,0.33366666666666667,True,1.0,0.6006014062741283,0.6268135708015359,0.6137074885378321,0.4591333620684147,-0.08231481481481479,-0.07435185185185184,0.3617025425425815,0.1925081082577311,0.21326457363692117,1.3366649850340968,0.0262121645274076,0.00796296296296295,0.02497116187404875,0.5986917719933638,0.09605238018523672,0.11919676173183898,0.0,0.9999999987499999,0.6567773388574181,0.31568296126617146,0.2722683361220459,0.3969778158134952,disgust,07,24,24,female,normal,2865
20,0.6673333333333333,True,1.0,0.521229026097579,0.5176104790436026,0.5194197525705908,0.4655621273303322,-0.08574074074074067,-0.07782407407407405,0.3768671118990233,0.17634929065542912,0.21535750249371133,1.1156830035748264,0.003618547053976462,0.007916666666666627,0.019973110466563797,0.545454545454544,0.09705375842185564,0.11870426958570063,0.0,0.9999999987499999,0.6521461443249175,0.31492472714174796,0.2702470066445004,0.3872255140890292,disgust,07,24,24,female,normal,2865
30,1.0010000000000001,True,1.0,0.4103673630253891,0.37240813743603596,0.39138775023071254,1.4103647257875216,-0.08444444444444443,-0.07805555555555549,0.2762648684880964,0.569941909736053,0.22640102070531434,0.2775081814472982,0.03795922558935316,0.006388888888888944,0.009204202775718729,0.2392623328562468,0.09594441713524461,0.1189638124477892,0.0,0.9999999987499999,0.6489413388714862,0.31910077474872106,0.2821338319819352,0.3880143225342544,disgust,07,24,24,female,normal,2865
40,1.3346666666666667,True,1.0,0.33575029131724193,0.3268303181603425,0.33129030473879223,0.8387718602573476,-0.07194444444444437,-0.06625000000000003,0.37867192918335496,0.19903061090852261,0.21946669410762726,0.3949706951746658,0.008919973156899408,0.005694444444444335,0.00944158095982797,0.38135593220339015,0.09553160113850435,0.12119686632018131,0.0,0.9999999987499999,0.6153270074670493,0.3347046986373343,0.2743690496704451,0.38802119182798767,disgust,07,24,24,female,normal,2865
50,1.6683333333333334,True,1.0,0.46695014614455743,0.515075229284649,0.4910126877146032,0.8044827529367863,-0.07717592592592587,-0.07013888888888886,0.357908579635829,0.29598893740127075,0.2114581239807506,0.6103458227316222,0.04812508314009156,0.007037037037037008,0.00557670761894398,0.38207547169811357,0.09171914716446442,0.11861250819938557,0.0,0.9999999987499999,0.6506040561380803,0.3149170612682559,0.2742717748138648,0.38834310387752163,disgust,07,24,24,female,normal,2865
60,2.0020000000000002,True,1.0,0.7129579364409446,0.6648267623640371,0.6888923494024909,0.8406676487973263,-0.06981481481481477,-0.06342592592592594,0.3912619230325446,0.2134671074933269,0.2225735070698728,0.8194586176689828,0.04813117407690748,0.006388888888888833,0.01980148864769247,0.3627316602430844,0.09500090812738322,0.12051168841279357,0.0,0.9999999987499999,0.6401060239564575,0.320003120116364,0.29505000768624134,0.4020025303104866,disgust,07,24,24,female,normal,2865
70,2.3356666666666666,True,1.0,0.4615840618518519,0.4595288182011609,0.4605564400265064,0.6869676145403804,-0.07680555555555546,-0.0687962962962963,0.3697852640610052,0.22653692604178058,0.215596499754752,0.6704194350335486,0.0020552436506909855,0.00800925925925916,0.006562397672488541,0.42100871225416764,0.09194124726394291,0.1182794663570147,0.0,0.9999999987499999,0.6439699135435424,0.31343219756741514,0.28255491052894366,0.3872788907922049,disgust,07,24,24,female,normal,2865
80,2.6693333333333333,True,1.0,0.3017140504845542,0.30179747922000927,0.3017557648522817,0.6831627603490372,-0.07101851851851848,-0.06509259259259259,0.3420981701869779,0.22240605619369183,0.22305352593946542,0.4417040599492141,8.342873545508223e-05,0.00592592592592589,0.0003210822536223955,0.49922155169897386,0.0964958802455733,0.11947756539556362,0.0,0.9211806761684848,0.6108996943074104,0.32986364304731236,0.2825824683494701,0.39234309493492614,disgust,07,24,24,female,normal,2865
90,3.003,True,1.0,0.3403081122453106,0.2914766159270238,0.31589236408616717,0.5194977802226538,-0.06995370370370368,-0.06912037037037033,0.3534972272594862,0.14825571832682016,0.2138756597922319,0.6080725964811197,0.048831496318286816,0.0008333333333333526,0.011104473454801096,0.5524686407618292,0.10369856642696762,0.116924068115296,0.0,0.9999999987499999,0.6212845134928973,0.29139627599858076,0.2765677381812348,0.34829722586579515,disgust,07,24,24,female,normal,2865
100,3.336666666666667,True,1.0,0.5511547519122038,0.5162483821732096,0.5337015670427067,0.516274716626234,-0.07027777777777772,-0.06611111111111112,0.3878546903579614,0.15608720171633228,0.2166863891667415,1.0337549948801563,0.03490636973899419,0.004166666666666596,0.011181916621809949,0.5528131942090999,0.09514942331630546,0.11831937928349885,0.0,0.9999999987499999,0.6468605364567702,0.309538035686351,0.28878382689476434,0.38711223542792805,disgust,07,24,24,female,normal,2865
110,3.6703333333333332,True,1.0,0.5756420943893416,0.567579212682067,0.5716106535357043,0.4846172406844659,-0.06875000000000009,-0.06412037037037033,0.3982493890237183,0.13096249932330192,0.2189856431688217,1.1795095294760258,0.008062881707274538,0.004629629629629761,0.015539426528871544,0.5801589966024606,0.09754316325612705,0.11797990951452264,0.0,0.9999999987499999,0.645097731928709,0.30972834981820374,0.29119397810036524,0.39043707126517335,disgust,07,24,24,female,normal,2865
120,4.0040000000000004,True,1.0,0.5295820888446089,0.530217678310695,0.5298998835776519,0.5026112898414705,-0.06861111111111101,-0.06337962962962956,0.39689523304001445,0.1587019684179833,0.21404613533042144,1.0542936346391831,0.0006355894660861061,0.005231481481481448,0.018602256731568453,0.5796333267150184,0.09727910707175719,0.11771317356868674,0.0,0.9999999987499999,0.6466933261351415,0.3089349258592735,0.2891884965698103,0.3930067301819503,disgust,07,24,24,female,normal,2865
0,0.0,True,1.0,0.5715833235929935,0.6200008297634758,0.5957920766782346,0.4895025385802212,-0.08296296296296302,-0.07606481481481486,0.350548543784641,0.21415736062884624,0.21325491435249727,1.2171378690012542,0.04841750617048235,0.006898148148148153,0.02968951986592911,0.5633673867912494,0.09434169759203964,0.11816096067919726,0.0,0.9999999987499999,0.6591118117168743,0.31564831864435333,0.27101687244017075,0.3969747685009749,disgust,07,24,24,female,strong,2866
10,0.33366666666666667,True,1.0,0.6034179607198338,0.6328260999398795,0.6181220303298567,0.47702428430621757,-0.08226851851851846,-0.0761574074074074,0.3623456297160845,0.20112036976336678,0.21324597018050614,1.2957873438851257,0.029408139220045704,0.006111111111111067,0.02585332531976562,0.5481557484309083,0.09564969966866571,0.11726724791929712,0.0,0.9999999987499999,0.6562413735494199,0.3165540944096919,0.2732697659650536,0.3955379017586342,disgust,07,24,24,female,strong,2866
20,0.6673333333333333,True,1.0,0.17493265850410836,0.12482487255497499,0.14987876552954166,0.8723589375789799,-0.09500000000000003,-0.08856481481481482,0.3296192544707734,0.3044854998558211,0.21323022752658174,0.17180859743982646,0.05010778594913337,0.00643518518518521,0.013599265177509997,0.3507239555226695,0.09636242462016659,0.11846475857987693,0.0,0.9999999987499999,0.6494994763608568,0.3181897215187426,0.26624521507104665,0.3831568283614703,disgust,07,24,24,female,strong,2866
30,1.0010000000000001,True,1.0,0.26071665241837194,0.2723826054350452,0.2665496289267086,1.0764122993415126,-0.08583333333333332,-0.08467592592592593,0.3243717013674622,0.37254846203929637,0.20770097624356026,0.24762781797436575,0.01166595301667328,0.0011574074074073848,0.005885063139064917,0.31300736409276686,0.09374078819872132,0.11815549635388661,0.0,0.9999999987499999,0.6489450970778937,0.3199262231064766,0.263300758616706,0.3814095860311443,disgust,07,24,24,female,strong,2866
40,1.3346666666666667,True,1.0,0.15078132957687307,0.11536827611361417,0.13307480284524362,0.6812521733775233,-0.08087962962962969,-0.08138888888888896,0.3595080337498569,0.128430370000229,0.21602308540490514,0.19533853695538783,0.0354130534632589,0.0005092592592592649,0.04626010203918443,0.43889531919963876,0.09746277275218176,0.11707395948286561,0.0,0.9999999987499999,0.6371995120313751,0.3222351552031154,0.27082615245269137,0.3874797168647695,disgust,07,24,24,female,strong,2866
50,1.6683333333333334,True,1.0,0.2773546557921116,0.2306991128193688,0.2540268843057402,1.8623214262816397,-0.08717592592592582,-0.08550925925925923,0.23850750500703857,0.8171240349350295,0.22641618456171875,0.13640335160237996,0.0466555429727428,0.0016666666666665941,0.01478739377690792,0.19918924383796677,0.09447032661809547,0.11886229704903878,0.0,0.9999999987499999,0.6472374478541417,0.3232115535003819,0.27289040523010527,0.38646303737436216,disgust,07,24,24,female,strong,2866
60,2.0020000000000002,True,1.0,0.2534571765488632,0.2712665234295724,0.2623618499892178,2.429331411647814,-0.07990740740740743,-0.08856481481481487,0.25698477246116985,1.0329154085733732,0.20703880212757156,0.10799755386658337,0.01780934688070923,0.008657407407407447,0.020195372799830903,0.14819762534250203,0.09159471874455122,0.11998569971571932,0.0,0.9999999987499999,0.652226673497524,0.31814111646189525,0.2627455808224568,0.37723419439615863,disgust,07,24,24,female,strong,2866
70,2.3356666666666666,True,1.0,0.23099986825371066,0.20872829272218127,0.21986408048794598,1.1590895269303902,-0.08023148148148157,-0.07439814814814821,0.34464549215463663,0.2975954702357225,0.21394916252147167,0.18968688386841928,0.02227157553152939,0.005833333333333357,0.029385007188493732,0.2739741973976395,0.09440522715011986,0.11987145216162667,0.0,0.9999999987499999,0.6452461421834359,0.3186732163164101,0.2757652896716633,0.3851644309893134,disgust,07,24,24,female,strong,2866
80,2.6693333333333333,True,1.0,0.3876985166946586,0.39824849713704585,0.3929735069158522,0.9834303952934332,-0.07092592592592595,-0.05763888888888885,0.3415015590618436,0.35413818973614664,0.20144343430390388,0.39959463201114287,0.010549980442387252,0.013287037037037097,0.06606355941454257,0.3422368274425574,0.09401990845322382,0.11777185384424803,0.0,0.9999999987499999,0.6466850594378377,0.3167202886299584,0.27365746702111665,0.37781906283638417,disgust,07,24,24,female,strong,2866
90,3.003,True,1.0,0.4354986503852492,0.5266876398444026,0.4810931451148259,1.4453082239589858,-0.08004629629629634,-0.07342592592592595,0.24673170606608072,0.6523903563471909,0.20219241210169514,0.3328654311514373,0.09118898945915338,0.0066203703703703876,0.09263044790269902,0.19819604425920154,0.09086359138801427,0.11437665142778815,0.0,0.9999999987499999,0.644231248304009,0.31883637602354503,0.24646438691027733,0.3592979971803563,disgust,07,24,24,female,strong,2866
100,3.336666666666667,True,1.0,0.6060595442992028,0.6473213611009874,0.6266904527000952,0.5300292492211102,-0.06773148148148145,-0.05527777777777787,0.34608682958866044,0.1870435508931544,0.20902923774983856,1.1823695647382306,0.041261816801784534,0.012453703703703578,0.03412988737658552,0.5458811814876837,0.09337076641863251,0.11650197122296355,0.0,0.9999999987499999,0.6479927461375176,0.3163267929275179,0.2660955344271087,0.37498863443148267,disgust,07,24,24,female,strong,2866
110,3.6703333333333332,True,1.0,0.4816903013656835,0.40773800892821005,0.4447141551469468,0.5461347196427184,-0.06240740740740747,-0.05925925925925918,0.3771101911852877,0.08614689620342202,0.21666701879228192,0.8142938713690991,0.07395229243747348,0.0031481481481482887,0.03682512608607704,0.5791260725039221,0.09391260951261014,0.12214409973992618,0.0,0.9999999987499999,0.6087799720200581,0.3352378294327869,0.2684345228586465,0.3799384589070952,disgust,07,24,24,female,strong,2866
120,4.0040000000000004,True,1.0,0.5113990852643259,0.4274202728061938,0.4694096790352599,0.6539713623743039,-0.0647685185185185,-0.06509259259259254,0.33210187505236516,0.18711239813335745,0.20976623567341052,0.717783233398821,0.08397881245813205,0.0003240740740740322,0.081835886619542,0.4513233134418386,0.08893428579438825,0.1165389172422247,0.0,0.9999999987499999,0.6425797559805172,0.3175860189108,0.25444209078244,0.3598922178746909,disgust,07,24,24,female,strong,2866
0,0.0,True,1.0,0.582583695307231,0.6454244482650303,0.6140040717861306,0.6267515699159777,-0.07962962962962972,-0.070462962962963,0.3457627808874907,0.22157264768338833,0.21541949020733542,0.9796610032719087,0.06284075295779934,0.009166666666666712,0.04403611835602537,0.4532298164520446,0.09546002728889709,0.1177457581662776,0.0,0.9999999987499999,0.6519622817095588,0.318913270068047,0.2757356483443299,0.3926739097304707,disgust,07,24,24,female,strong,2867
10,0.33366666666666667,True,1.0,0.5736103898728843,0.636957050543475,0.6052837202081796,0.9937565876065761,-0.07851851851851849,-0.07009259259259248,0.3272119221055343,0.33395317965290794,0.2139320451098645,0.6090864984009633,0.0633466606705907,0.008425925925926003,0.027505926283809337,0.3139395370993403,0.09780132152820004,0.11808910681749787,0.0,0.9999999987499999,0.6439701080666642,0.3207017615150779,0.2788211071349289,0.3961920615120267,disgust,07,24,24,female,strong,2867
20,0.6673333333333333,True,1.0,0.487015059028187,0.5122898505899541,0.49965245480907056,1.0989289316972304,-0.0790277777777777,-0.06875000000000003,0.3265883282824581,0.22470748062072576,0.21118193213703293,0.45467221800902724,0.02527479156176715,0.010277777777777664,0.029931753616585573,0.2932202969053129,0.09913428339323775,0.11875046493065894,0.0,0.9999999987499999,0.6211627745395033,0.33157639729257155,0.2962101225415158,0.40787135655442114,disgust,07,24,24,female,strong,2867
30,1.0010000000000001,True,1.0,0.5391450077698952,0.5111289721145875,0.5251369899422413,1.2901902357915476,-0.06523148148148139,-0.05935185185185182,0.3497975197786422,0.4090462143559488,0.21319587588304278,0.40702291443095856,0.028016035655307636,0.005879629629629568,0.0027448599359295974,0.2675053133936397,0.108115647965619,0.1176462984043925,0.0,0.8727768279073251,0.5853855255305247,0.3014238882810906,0.30808975251457577,0.3757838993825896,disgust,07,24,24,female,strong,2867
40,1.3346666666666667,True,1.0,0.2910510496459962,0.26573297459740924,0.2783920121217027,0.9143740372801888,-0.06990740740740747,-0.06703703703703695,0.34439897841638345,0.25194507408769584,0.21808389424206137,0.30446185124610653,0.025318075048586963,0.002870370370370523,0.013762698255879963,0.36970978058871434,0.10976559475097401,0.11757590994808914,0.0,0.9999999987499999,0.5575469474195929,0.3076920051579653,0.28491722320204915,0.33801069785248894,disgust,07,24,24,female,strong,2867
50,1.6683333333333334,True,1.0,0.1666666666666664,0.13161593643629585,0.14914130155148114,1.6725063563687559,-0.07750000000000007,-0.06967592592592586,0.26819483237580016,0.3977208125964289,0.21391777955388394,0.08917233766171608,0.03505073023037056,0.007824074074074205,0.0023192084524268457,0.22636662529948917,0.09904349130551007,0.11946581806184992,0.0,0.9999999987499999,0.5933782176698804,0.3343858319172923,0.2706913648880529,0.383034472687086,disgust,07,24,24,female,strong,2867
60,2.0020000000000002,True,1.0,0.24310812264530793,0.23348114044723395,0.23829463154627095,1.9035951920109477,-0.07708333333333334,-0.06648148148148153,0.2608915800091807,0.6483660130718942,0.2048626007773051,0.1251813581723422,0.00962698219807398,0.010601851851851807,0.028956062948298767,0.1977681966288178,0.09797661853101779,0.11729578881232224,0.0,0.9999999987499999,0.6423775427671069,0.31707657598284417,0.2868221672944486,0.40025657256346825,disgust,07,24,24,female,strong,2867
70,2.3356666666666666,True,1.0,0.36021113039006397,0.3645511551452798,0.36238114276767186,1.111738482508728,-0.06018518518518523,-0.05296296296296288,0.3288206943488954,0.16844522462253395,0.2007404372956027,0.3259589808836422,0.004340024755215832,0.007222222222222352,0.024346580505950625,0.30831099613825147,0.10984558114114032,0.1161968033753553,0.0,0.9999999987499999,0.571939319813863,0.30090391393848304,0.29575734963756667,0.36093121628602015,disgust,07,24,24,female,strong,2867
80,2.6693333333333333,True,1.0,0.48689094748733375,0.5027053136232017,0.4947981305552677,0.7432882456537095,-0.06152777777777779,-0.05074074074074081,0.3350362634661852,0.24462762980912686,0.20764035862658026,0.6656880872912245,0.015814366135867952,0.010787037037036984,0.05514207700539511,0.4219354337518202,0.09491974237373985,0.11557361170854553,0.0,0.9999999987499999,0.6136177857783739,0.3378659830514446,0.2543153947729067,0.3670966682905445,disgust,07,24,24,female,strong,2867
90,3.003,True,1.0,0.25144733416354065,0.26867506933714497,0.2600612017503428,0.7708489744942671,-0.07236111111111104,-0.059166666666666756,0.3574878944270779,0.25929837254736565,0.20974550321479402,0.3373698485114569,0.01722773517360432,0.013194444444444287,0.028035643848489087,0.424787306068018,0.09456838302284114,0.11894458016738471,0.0,0.9999999987499999,0.6158134804937601,0.3375327690638202,0.2640386443597527,0.3811889271982945,disgust,07,24,24,female,strong,2867
100,3.336666666666667,True,1.0,0.39413819218720153,0.36331584186381366,0.3787270170255076,1.1239728752902418,-0.0667592592592593,-0.06500000000000006,0.3343707016247905,0.37660509545904397,0.2062947542589623,0.33695387615800737,0.03082235032338787,0.0017592592592592382,0.046347530044723154,0.3073862938510795,0.10144948489168887,0.11742954002884556,0.0,0.9999999987499999,0.6216543774384754,0.29774395290015515,0.276292918564069,0.3452261055603541,disgust,07,24,24,female,strong,2867
110,3.6703333333333332,True,1.0,0.13515383969916217,0.14169517212805863,0.13842450591361039,0.8318787234241221,-0.06819444444444445,-0.06847222222222227,0.35514421798617696,0.15868048618386615,0.21463452564928703,0.16639986336450216,0.006541332428896457,0.0002777777777778212,0.04751703697644345,0.3820005684740196,0.10415270616386596,0.11894706131601729,0.0,0.9999999987499999,0.5991148880333383,0.3053804813641276,0.28461340213268393,0.35092124415999904,disgust,07,24,24,female,strong,2867
120,4.0040000000000004,True,1.0,0.34476293333578556,0.26275641060473376,0.30375967197025966,0.592517115063923,-0.06888888888888889,-0.06907407407407407,0.317700044542392,-0.09300179831836487,0.21980016878412734,0.5126597430649559,0.0820065227310518,0.00018518518518517713,0.07029472920719773,0.48495395299593036,0.09548903188560438,0.116747169048164,0.0,0.9999999987499999,0.5958614455860469,0.3356199124617774,0.277846614641662,0.3785873348760434,disgust,07,24,24,female,strong,2867
130,4.337666666666666,True,1.0,0.34892298799167715,0.25796104818232146,0.30344201808699933,0.5525184593263699,-0.06550925925925932,-0.06847222222222227,0.3323502503028186,-0.056499286836127115,0.2202916740619132,0.549197973325553,0.09096193980935569,0.002962962962962945,0.07973048587482481,0.5431176139982634,0.10314972078255086,0.11773263515848897,0.0,0.9999999987499999,0.5786320806682048,0.31111727160882013,0.26626354209528014,0.3419012768505336,disgust,07,24,24,female,strong,2867
0,0.0,True,1.0,0.6442866698458908,0.6604885534704081,0.6523876116581495,0.474950933965972,-0.08009259259259255,-0.07305555555555554,0.3500383617452825,0.15318476297157807,0.22154981821739436,1.3735894910460162,0.016201883624517355,0.007037037037037008,0.022623480102906306,0.5986917719933625,0.0945886480113895,0.11908855458564178,0.0,0.9999999987499999,0.6515304195193703,0.31912358508564614,0.27703574149058724,0.4039137585932357,disgust,07,24,24,female,strong,2868
10,0.33366666666666667,True,1.0,0.6092309764750832,0.6352939704223609,0.6222624734487221,0.581595560870764,-0.07981481481481484,-0.07217592592592592,0.3624273963899751,0.19386518695692173,0.21808389424206137,1.0699230106176734,0.026062993947277735,0.007638888888888917,0.026116651177590412,0.4910545114361963,0.09535190574513992,0.1184783112506436,0.0,0.9999999987499999,0.650035282659939,0.31863427649440695,0.2765903723059523,0.39599543726399894,disgust,07,24,24,female,strong,2868
20,0.6673333333333333,True,1.0,0.551766690690574,0.5738784655424383,0.5628225781165062,0.8549739261932423,-0.07861111111111113,-0.06884259259259257,0.3361214255781748,0.32255901223808103,0.20764035862658026,0.6582920962542854,0.02211177485186422,0.009768518518518565,0.019548279894157368,0.38245491282364247,0.09538738184839006,0.11748072124859449,0.0,0.9999999987499999,0.6376557855564102,0.3217395793999387,0.26784594887664376,0.3861336378015101,disgust,07,24,24,female,strong,2868
30,1.0010000000000001,True,1.0,0.25501769359652304,0.23032536576207244,0.24267152967929773,1.0722135325178348,-0.0826851851851852,-0.07537037037037042,0.31029364698005746,0.5009522242091532,0.2062503699097061,0.22632761322219297,0.024692327834450606,0.007314814814814774,0.02326985769659403,0.3231619748454715,0.09489145163664475,0.11788165627877971,0.0,0.9999999987499999,0.6456532626409939,0.3237845857900643,0.2693446908437517,0.38951249465381393,disgust,07,24,24,female,strong,2868
40,1.3346666666666667,True,1.0,0.19395972574004133,0.1780624187567443,0.1860110722483928,1.4371346171367971,-0.09000000000000002,-0.08171296296296288,0.2854987454087573,0.5578198691105853,0.20972258600760613,0.1294319057034355,0.015897306983297027,0.008287037037037148,0.009871956380928335,0.2516378446419297,0.09605209167975967,0.11935672322136616,0.0,0.9999999987499999,0.6436449197178871,0.3214919537123529,0.27616925374389606,0.38928859044953473,disgust,07,24,24,female,strong,2868
50,1.6683333333333334,True,1.0,0.14340961299001662,0.14847450379810032,0.14594205839405847,0.9726098679070018,-0.0762037037037036,-0.06995370370370374,0.35662351472307746,0.2583095916429252,0.2083366292057002,0.15005200256513646,0.0050648908080837,0.006249999999999867,0.0029517285137022754,0.3339327879586963,0.09606068050295123,0.11919007260692456,0.0,0.9999999987499999,0.6414764444527811,0.3220558705654961,0.2821246251898587,0.4030468564323712,disgust,07,24,24,female,strong,2868
60,2.0020000000000002,True,1.0,0.47799284219626176,0.46972627104866493,0.4738595566224634,1.0766280149152925,-0.06300925925925921,-0.056712962962962854,0.41672270808092116,0.21394986286737422,0.21043443258590488,0.44013303579114643,0.008266571147596824,0.006296296296296355,0.0026935557631067703,0.30509569390536984,0.09734727797134701,0.11910524297215574,0.0,0.9999999987499999,0.6110685833239546,0.3365048683676749,0.2819226097635733,0.41654499218282826,disgust,07,24,24,female,strong,2868
70,2.3356666666666666,True,1.0,0.15796233599334397,0.13204916500435063,0.14500575049884729,1.387164767062412,-0.08111111111111113,-0.07472222222222219,0.3223208275969606,0.5765925838994368,0.2021074942601365,0.10453390537443134,0.025913170988993345,0.006388888888888944,0.0014894932837093218,0.2510422912584454,0.09616596222437224,0.11990227351275748,0.0,0.9999999987499999,0.652935105667267,0.3136438172849693,0.26956535993253566,0.38681329526266073,disgust,07,24,24,female,strong,2868
80,2.6693333333333333,True,1.0,0.2544670751259996,0.24261674180527512,0.24854190846563734,1.3894275549796204,-0.07421296296296281,-0.07120370370370377,0.26505022690354024,0.5618239668917159,0.2097222222222222,0.17888079704111154,0.011850333320724465,0.003009259259259045,0.0104557069876712,0.23985688277489006,0.09640373135646067,0.11987022988471889,0.0,0.9999999987499999,0.6237867604307348,0.3316989260800869,0.25402792497725996,0.36824890003522637,disgust,07,24,24,female,strong,2868
90,3.003,True,1.0,0.30593908661263836,0.2621831459022951,0.2840611162574667,0.9542831008024136,-0.0796296296296296,-0.07486111111111104,0.33881729491189866,0.33621705534996577,0.20626812479547246,0.2976696496234844,0.04375594071034328,0.004768518518518561,0.02751551528326376,0.3354620889125811,0.09713632451643921,0.11701978732586259,0.0,0.9999999987499999,0.6527186876078557,0.3137117146858953,0.2716311301460277,0.3859093300764646,disgust,07,24,24,female,strong,2868
100,3.336666666666667,True,1.0,0.2713278680658157,0.2682712989816293,0.2697995835237225,0.8297970234564435,-0.0861574074074074,-0.08175925925925925,0.35276761572603954,0.2666666666666657,0.21741164936522328,0.3251392520063486,0.003056569084186389,0.004398148148148151,0.013943583508865797,0.36153419633921824,0.09642116214986851,0.11857773543792838,0.0,0.9999999987499999,0.647773935902486,0.3157118653441487,0.26973639205019545,0.3792944818371351,disgust,07,24,24,female,strong,2868
110,3.6703333333333332,True,1.0,0.43842905169701435,0.406948401207151,0.42268872645208266,0.8134670061915363,-0.0816203703703704,-0.07805555555555554,0.3520359683959146,0.26362356682133126,0.21809788729698323,0.5196138543233771,0.03148065048986337,0.003564814814814854,0.00664884757564698,0.38541666666666513,0.09590487955432524,0.11803114099362867,0.0,0.9999999987499999,0.6513199624615471,0.31302390289240256,0.2740786394789091,0.38348346378876746,disgust,07,24,24,female,strong,2868
120,4.0040000000000004,True,1.0,0.5944304122889018,0.5969124492081186,0.5956714307485103,0.7984028023731746,-0.07856481481481492,-0.07097222222222216,0.35221270395246085,0.26362356682133126,0.21534722852059365,0.7460788326117279,0.002482036919216779,0.007592592592592762,0.014933842988954327,0.3719411408598821,0.09734228492611903,0.11701145106151747,0.0,0.9999999987499999,0.6527737929077881,0.3134222664436721,0.27781637155273625,0.38906896222437864,disgust,07,24,24,female,strong,2868
0,0.0,True,1.0,0.632797812510057,0.6658962438284577,0.6493470281692573,0.561199145893353,-0.08319444444444452,-0.07481481481481478,0.33973150734403434,0.24939140119087388,0.2188002174501891,1.1570705923573437,0.033098431318400734,0.008379629629629737,0.03181950969144181,0.4851116275111199,0.09628647470700033,0.11739592437391383,0.0,0.9999999987499999,0.655547211025035,0.313619077235036,0.277370631986113,0.3975082516968887,disgust,07,24,24,female,strong,2869
10,0.33366666666666667,True,1.0,0.6139190602691457,0.6621785827640008,0.6380488215165732,0.7496001488592295,-0.08449074074074081,-0.07541666666666674,0.3456879940633004,0.3059390866126389,0.2188507719894783,0.8511855587109748,0.0482595224948551,0.009074074074074068,0.033482537844421734,0.40227717759394044,0.09764554712337825,0.11773347411088668,0.0,0.9999999987499999,0.6444054359009228,0.3179908368462361,0.28107053467531135,0.39469021712799424,disgust,07,24,24,female,strong,2869
20,0.6673333333333333,True,1.0,0.6141272262152466,0.611204478849025,0.6126658525321358,0.8488436382126451,-0.08393518518518522,-0.07370370370370383,0.33221157031746057,0.3521717255845416,0.21394916252147167,0.7217652638855685,0.0029227473662216674,0.010231481481481397,0.025586231053349014,0.3929425768163789,0.09920628447044184,0.11869032052673145,0.0,0.9999999987499999,0.6304846659757652,0.32311526708796,0.27709118022413454,0.3934023713650239,disgust,07,24,24,female,strong,2869
30,1.0010000000000001,True,1.0,0.20670736634049874,0.18745363616287464,0.1970805012516867,0.9875205400729365,-0.08884259259259258,-0.08513888888888899,0.32527066956864586,0.38677887819523327,0.21251759175804866,0.19957104004857526,0.019253730177624107,0.003703703703703598,0.0018301341963134637,0.3379112720490066,0.09900446641181636,0.11724485157149302,0.0,0.9999999987499999,0.6314700257212259,0.32237085612576233,0.26983821168957656,0.38145395701847185,disgust,07,24,24,female,strong,2869
40,1.3346666666666667,True,1.0,0.41797859228720413,0.3850162165154598,0.40149740440133197,0.9211366849790462,-0.07958333333333334,-0.0715277777777778,0.3293096972302115,0.2989508588801833,0.2118059157627288,0.4358716908668827,0.03296237577174432,0.008055555555555538,0.004467108749570161,0.3651138009424266,0.09944161001901822,0.11849322875935715,0.0,0.9999999987499999,0.6248100449320354,0.3259416121666065,0.27496784187570644,0.38529150327190004,disgust,07,24,24,female,strong,2869
50,1.6683333333333334,True,1.0,0.2843775782806265,0.2587699218184635,0.271573750049545,1.0535439601259209,-0.08069444444444435,-0.07356481481481492,0.3095490075213476,0.38628247711497693,0.2146060869813445,0.25777163585759266,0.02560765646216301,0.00712962962962943,0.022643946627272055,0.3191714066544974,0.09847554863073614,0.11897746631943565,0.0,0.9999999987499999,0.596359755441239,0.340069618631963,0.26899211851899435,0.3960664378057723,disgust,07,24,24,female,strong,2869
60,2.0020000000000002,True,1.0,0.5641749426845064,0.5888208720368862,0.5764979073606963,0.9838653856801586,-0.06907407407407412,-0.061620370370370436,0.38621484306362946,0.2424715953740891,0.21111147250317425,0.5859520171676291,0.024645929352379747,0.007453703703703685,0.019607935653816543,0.317174429686465,0.09910179123572753,0.11797285408451433,0.0,0.9999999987499999,0.6346794743678723,0.321261547408505,0.29465893843887686,0.4129631610019365,disgust,07,24,24,female,strong,2869
70,2.3356666666666666,True,1.0,0.13901759844687783,0.14283550899359873,0.14092655372023827,0.6147317808418863,-0.09273148148148147,-0.08763888888888888,0.32284214090296953,0.19104320734985053,0.2139117164045099,0.22924884984348265,0.0038179105467208985,0.005092592592592593,0.017060263892947368,0.4712293311572396,0.09871670001169802,0.11829527659921407,0.0,0.9999999987499999,0.6368470038874925,0.3151437508934745,0.2682428448944212,0.3785446892806882,disgust,07,24,24,female,strong,2869
80,2.6693333333333333,True,1.0,0.0635573404124178,0.06679593267833808,0.06517663654537795,0.5483033081928705,-0.09523148148148158,-0.08884259259259258,0.39013312363784186,0.16870871021319023,0.20778581119812373,0.11886967591020167,0.0032385922659202843,0.006388888888888999,0.017805201644596796,0.5361121862991812,0.09916031776298338,0.11711306917132212,0.0,0.9999999987499999,0.6347308969759778,0.31660447998972235,0.2627786564025191,0.3711623641572737,disgust,07,24,24,female,strong,2869
90,3.003,True,1.0,0.16428907451323502,0.1575487086364113,0.16091889157482314,0.8625900997112249,-0.0705555555555556,-0.06393518518518504,0.3244295783246586,0.16063946982263025,0.2125229766989913,0.1865531399313475,0.006740365876823723,0.006620370370370554,0.0403703875457263,0.38792183858037543,0.09999066230236896,0.11803027796907561,0.0,0.9999999987499999,0.5783706644610969,0.3396022139661872,0.2625280090486463,0.3701230239569459,disgust,07,24,24,female,strong,2869
100,3.336666666666667,True,1.0,0.5678533046225857,0.5365820998125669,0.5522177022175763,1.010841853542867,-0.07444444444444437,-0.06458333333333338,0.3303062075256794,0.30972313291717296,0.20559266817864774,0.5462948534255149,0.03127120481001877,0.009861111111110987,0.012761531451117629,0.30883829032419663,0.09671915262514696,0.1178508104541016,0.0,0.9999999987499999,0.6460076362967062,0.31390231277118985,0.2780674229896915,0.3896740184561343,disgust,07,24,24,female,strong,2869
110,3.6703333333333332,True,1.0,0.5410490410397963,0.5690951178100435,0.55507207942492,0.5245985027997131,-0.07717592592592581,-0.06689814814814815,0.36994839095809817,0.12384841809079634,0.21250897556871717,1.0580893320559883,0.028046076770247175,0.010277777777777664,0.01991737989304129,0.5468082550189758,0.09565027718658295,0.11823756019369579,0.0,0.9999999987499999,0.652848524136217,0.31412338648304866,0.2692369646193204,0.38367720237006847,disgust,07,24,24,female,strong,2869
120,4.0040000000000004,True,1.0,0.6124218790253978,0.6320852646019345,0.6222535718136661,0.5033945030861813,-0.07291666666666663,-0.06527777777777777,0.38477629467501545,0.09783450539148442,0.22298373820604112,1.2361151502425844,0.019663385576536685,0.007638888888888862,0.009261527502193959,0.594109395738012,0.09755622597209421,0.11796910833300761,0.0,0.9999999987499999,0.6183914937615672,0.3317533824943767,0.25876500240068595,0.3784901639872502,disgust,07,24,24,female,strong,2869
130,4.337666666666666,True,1.0,0.6048537818232583,0.5890657674735361,0.5969597746483972,0.4548718080071734,-0.0748611111111111,-0.06662037037037039,0.39049131621357114,0.08265594807782357,0.2160075451475421,1.3123692524795536,0.015788014349722213,0.008240740740740715,0.008871434397478532,0.6480592534361997,0.09697208001375462,0.11796623076964009,0.0,0.9999999987499999,0.6484943210878101,0.3174824784371897,0.27503054782674463,0.3860090993313175,disgust,07,24,24,female,strong,2869
0,0.0,True,1.0,0.5825952533357828,0.637061546880845,0.6098284001083139,0.5972091699033637,-0.08231481481481479,-0.07555555555555571,0.35632950235929894,0.20147842430356924,0.21325491435249727,1.0211303356359918,0.05446629354506227,0.006759259259259076,0.028250457917459202,0.46387906847149546,0.09489917378776448,0.11819825375165124,0.0,0.9999999987499999,0.6558718014002476,0.3194580469815806,0.26350295959240094,0.3923116168035149,surprised,08,24,24,female,normal,2870
10,0.33366666666666667,True,1.0,0.6327978125100583,0.6659999328323344,0.6493988726711963,0.6173047341725952,-0.08208333333333334,-0.07444444444444454,0.3591080766760243,0.20318240225626777,0.2125606674658217,1.0519907538723456,0.033202120322276096,0.007638888888888806,0.024986236146239123,0.4388592127648875,0.09489737858132977,0.1185216259143846,0.0,0.9999999987499999,0.6552015613198405,0.31922853474751023,0.2639577003481217,0.3898688615042604,surprised,08,24,24,female,normal,2870
20,0.6673333333333333,True,1.0,0.6630595817613132,0.6837836369747471,0.6734216093680301,0.6268779780575774,-0.08185185185185184,-0.07425925925925925,0.35909185427561857,0.21640275202975945,0.2125434382303195,1.0742467161706193,0.0207240552134339,0.007592592592592595,0.02539009461302799,0.4291938044732655,0.09458469496385595,0.11877130861174756,0.0,0.9999999987499999,0.6518705461325155,0.3208653824296524,0.26211041151039915,0.38849588463577683,surprised,08,24,24,female,normal,2870
30,1.0010000000000001,True,1.0,0.6727934133450086,0.7300436097556776,0.7014185115503431,0.7515463246009657,-0.0788888888888889,-0.07259259259259249,0.37138911433804694,0.13729369996148572,0.21805870448037062,0.9333004348371499,0.057250196410668974,0.006296296296296411,0.02010051435940102,0.3677669452004148,0.09562486039138388,0.11777381032566973,0.0,0.9999999987499999,0.6418587971282264,0.3264550373945317,0.27092934410482566,0.3939638473205162,surprised,08,24,24,female,normal,2870
40,1.3346666666666667,True,1.0,0.6572816932877497,0.6768968230020374,0.6670892581448935,0.7180390772293511,-0.07875000000000004,-0.07347222222222216,0.36872376779128746,0.2271198455935228,0.22295088936095384,0.9290431110225167,0.019615129714287693,0.005277777777777881,0.008326756325806352,0.3924086511409626,0.09542547482936933,0.11874040093822487,0.0,0.9999999987499999,0.6472389565201081,0.323783519610148,0.27473742102699583,0.3951060626291431,surprised,08,24,24,female,normal,2870
50,1.6683333333333334,True,1.0,0.7021348591157799,0.7351863594935351,0.7186606093046575,0.5990446804568533,-0.0773611111111111,-0.07291666666666657,0.409772175294229,0.03988648504657408,0.21825699515397434,1.199677808267291,0.03305150037775517,0.004444444444444529,0.0013435571182580097,0.4173311409915881,0.09467837642946662,0.11997385085051863,0.0,0.9999999987499999,0.6486248117059323,0.3217749568017967,0.2710881234500687,0.3846356501053773,surprised,08,24,24,female,normal,2870
60,2.0020000000000002,True,1.0,0.740113622104526,0.70388746728457,0.722000544694548,0.6393572708865888,-0.06037037037037035,-0.056064814814814734,0.40089602922586065,0.176527720911104,0.20115958887629443,1.1292599264466936,0.03622615481995606,0.004305555555555618,0.01470604008613008,0.4485633747966112,0.0949744655182832,0.1174909166087667,0.0,0.9999999987499999,0.6487698840082908,0.321549980240017,0.26548016895574655,0.3720886613173221,surprised,08,24,24,female,normal,2870
70,2.3356666666666666,True,1.0,0.7748668871992874,0.6736967982895485,0.724281842744418,0.6533871665575741,-0.06958333333333327,-0.06749999999999995,0.42607264408374074,0.08136928071017249,0.21361364404184988,1.1085033190357234,0.10117008890973889,0.002083333333333326,0.03207185794089811,0.4514615869232786,0.09626716253655171,0.11789755523792474,0.0,0.9999999987499999,0.6086366611644658,0.33683683448101115,0.26436245999134683,0.3843060629911419,surprised,08,24,24,female,normal,2870
80,2.6693333333333333,True,1.0,0.6971751866709789,0.619955215918259,0.6585652012946189,0.6041848909375351,-0.06944444444444448,-0.06694444444444442,0.4910378197451158,-0.016117796671214005,0.21720979005100288,1.0900060745853806,0.07721997075271991,0.0025000000000000577,0.0385587610107239,0.4217069843327031,0.09763959915436965,0.11822285869880036,0.0,0.9999999987499999,0.6119474284870199,0.3353818284480769,0.2760728644818631,0.3953552251441777,surprised,08,24,24,female,normal,2870
90,3.003,True,1.0,0.6773457124305813,0.5895273624392032,0.6334365374348923,0.6515319617097151,-0.06972222222222224,-0.06731481481481477,0.48623214089527417,-0.005410209148052215,0.21430222947193203,0.9722263444646095,0.08781834999137805,0.002407407407407469,0.04063213957098381,0.4024573260257365,0.09738552613601989,0.11730075578845572,0.0,0.9999999987499999,0.6125434535767432,0.3358752064554983,0.27690671573150016,0.39884571148085723,surprised,08,24,24,female,normal,2870
0,0.0,True,1.0,0.6176660325786167,0.6370611163198325,0.6273635744492246,0.5418858754185685,-0.08351851851851844,-0.07703703703703707,0.3573573336382789,0.21823295057154665,0.20978369299672162,1.1577411460755103,0.01939508374121579,0.006481481481481366,0.03099667772845954,0.5007098923981969,0.09266674842793256,0.1181964918623218,0.0,0.9999999987499999,0.6573970089051245,0.3188834276152685,0.25568932847280496,0.3829418788868939,surprised,08,24,24,female,normal,2871
10,0.33366666666666667,True,1.0,0.6220649148694887,0.653245655101528,0.6376552849855084,0.571983491595299,-0.08421296296296293,-0.07731481481481478,0.35632805427350783,0.23328349888682565,0.2104982325020847,1.1148141412386683,0.031180740232039317,0.006898148148148153,0.036316852659587624,0.4743626736781927,0.09443297686455815,0.11744090268665379,0.0,0.9999999987499999,0.6579232295261855,0.31855431480438934,0.25789223441998443,0.38705272876946145,surprised,08,24,24,female,normal,2871
20,0.6673333333333333,True,1.0,0.6940855526365886,0.7123573682967996,0.7032214604666941,0.8963585434173669,-0.08513888888888888,-0.07935185185185195,0.3587317523576712,0.2987861811391223,0.209745503214794,0.7845314418331557,0.018271815660211077,0.005787037037036924,0.02725553431046009,0.3093750000000003,0.09406830580590246,0.1183787243391973,0.0,0.9999999987499999,0.6529534351084184,0.32169766654956855,0.26393732422713617,0.39009308945681964,surprised,08,24,24,female,normal,2871
30,1.0010000000000001,True,1.0,0.6775541271809932,0.6952382837802391,0.6863962054806161,0.8823581235728277,-0.07518518518518524,-0.08361111111111114,0.4487674447642133,0.12519946347992786,0.21404613533042144,0.7779111305750477,0.017684156599245937,0.008425925925925892,0.0016279996615378798,0.28916728415396853,0.0933188223766993,0.12071913413425987,0.0,0.9999999987499999,0.6533783801880128,0.3192920840994075,0.29422802218846195,0.4165739275504021,surprised,08,24,24,female,normal,2871
40,1.3346666666666667,True,1.0,0.8217604797516933,0.7640457543159356,0.7929031170338144,0.6501857202892806,-0.07481481481481478,-0.067962962962963,0.3779360803725996,0.26005397219269466,0.2168370286263556,1.2195025087309455,0.05771472543575773,0.006851851851851776,0.004653405046933017,0.4624638714212621,0.09458629921505946,0.1203634485505821,0.0,0.9999999987499999,0.6359818476296768,0.3284777829569737,0.27282170186480226,0.40378876126103413,surprised,08,24,24,female,normal,2871
50,1.6683333333333334,True,1.0,0.8185325876685369,0.8109264855880318,0.8147295366282843,0.5035546912365124,-0.07819444444444451,-0.07004629629629627,0.3919433684927379,0.16083811622852304,0.20904091715924544,1.617956402367459,0.0076061020805050505,0.008148148148148238,0.011616749042034236,0.5185459607658373,0.08277489450518899,0.11666249044332933,0.0,0.9999999987499999,0.6793328033713487,0.3405276615909308,0.2599139494910063,0.4201757890387136,surprised,08,24,24,female,normal,2871
60,2.0020000000000002,True,1.0,0.7573820855189466,0.7471150567351693,0.7522485711270579,1.0665318746901151,-0.07564814814814819,-0.06768518518518529,0.29288983504309724,0.43968910053897636,0.21320732704585418,0.7053221652148245,0.010267028783777277,0.007962962962962894,0.02199901442903002,0.27630233584832237,0.09302062226381247,0.11920374309003946,0.0,0.9999999987499999,0.644853270902111,0.32324477718879013,0.27226640902010474,0.39302906003107885,surprised,08,24,24,female,normal,2871
70,2.3356666666666666,True,1.0,0.7733849781256983,0.7655293287486268,0.7694571534371626,0.9074084646959915,-0.0735648148148148,-0.0635648148148148,0.3746288501036494,0.2780767875681265,0.20695034306004367,0.8479722014660216,0.007855649377071505,0.010000000000000009,0.00884191359687729,0.3179496849286084,0.09491377154514492,0.11866915433103338,0.0,0.9999999987499999,0.64599324561856,0.32380128953231324,0.2703808181729486,0.39866843337690383,surprised,08,24,24,female,normal,2871
80,2.6693333333333333,True,1.0,0.7115476726610587,0.7232655833428511,0.7174066280019549,0.7804878048780497,-0.0737962962962963,-0.07203703703703707,0.3760446211849672,0.2890695573622405,0.199336559854055,0.9191772421275036,0.011717910681792398,0.0017592592592592382,0.019202177230409394,0.37545696894334046,0.09375331827544378,0.12006506308373054,0.0,0.9999999987499999,0.672491958939826,0.30707282786293794,0.27490221180692104,0.38943537125021555,surprised,08,24,24,female,normal,2871
90,3.003,True,1.0,0.6451089469966154,0.7165513683971042,0.6808301576968598,0.7416102808265912,-0.07999999999999996,-0.07449074074074075,0.3717859209051561,0.26886835154293953,0.20491473227156956,0.9180430413370396,0.07144242140048884,0.005509259259259214,0.03475451539481314,0.3642989945570606,0.10896905767430164,0.11587392134366212,0.0,0.9999999987499999,0.6141600515909489,0.28659229430033717,0.28768171849808977,0.3609967356766259,surprised,08,24,24,female,normal,2871
100,3.336666666666667,True,1.0,0.6306447495541457,0.6700251657498225,0.6503349576519841,0.7238368530707433,-0.08337962962962969,-0.07828703703703704,0.3669935513458209,0.280376002565349,0.20558561729579655,0.8984551627802024,0.03938041619567678,0.0050925925925926485,0.036187587452870616,0.3806179906539714,0.0939504809243199,0.11734116086989596,0.0,0.9999999987499999,0.6732554538299694,0.3054005925943148,0.27145732814089996,0.38401439080452154,surprised,08,24,24,female,normal,2871
0,0.0,True,1.0,0.651186014747292,0.6927880916411994,0.6719870531942457,0.41905465152536303,-0.08555555555555544,-0.07986111111111116,0.3691880845913677,0.14447442899594207,0.2264647020790134,1.6035785565157343,0.04160207689390738,0.00569444444444428,0.026839060052254986,0.6215298647111185,0.09567761327046564,0.11756902098238943,0.0,0.9999999987499999,0.6553598798347464,0.3184335217961099,0.26988624354789964,0.3981909265143672,surprised,08,24,24,female,normal,2872
10,0.33366666666666667,True,1.0,0.6519365419155638,0.6672059815221404,0.659571261718852,0.44042120618366776,-0.08666666666666661,-0.08000000000000013,0.3613266659434664,0.15412033308015255,0.2250867888171138,1.4975919698194384,0.015269439606576563,0.0066666666666664876,0.03310861967200237,0.6195383234097112,0.0956622062746287,0.11806665282472553,0.0,0.9999999987499999,0.6560143098254927,0.31733951532947635,0.26982504725991213,0.3954269601306707,surprised,08,24,24,female,normal,2872
20,0.6673333333333333,True,1.0,0.6989666462168387,0.7126172207877922,0.7057919335023155,0.9249259786879068,-0.08203703703703702,-0.08212962962962972,0.3709931139584148,0.2962653525484702,0.21807794692183338,0.7630793704200489,0.013650574570953533,9.259259259269959e-05,0.014915685695867186,0.31640624999999944,0.09605677035958123,0.11839132095240507,0.0,0.9999999987499999,0.6462009775941626,0.32281802550695776,0.267897069040479,0.3910595816033943,surprised,08,24,24,female,normal,2872
30,1.0010000000000001,True,1.0,0.6919544497932458,0.7045480372382118,0.6982512435157289,1.3936737210076355,-0.06291666666666673,-0.0559722222222222,0.2894749739946762,0.5554417425445575,0.19725355397916716,0.5010148594973065,0.01259358744496597,0.006944444444444531,0.009623045672321365,0.26632103877869073,0.09608202977437734,0.11901288734166082,0.0,0.9999999987499999,0.6454778242156238,0.323873247121054,0.2723885416010658,0.3942394116154931,surprised,08,24,24,female,normal,2872
40,1.3346666666666667,True,1.0,0.5630149657721973,0.5543830234441938,0.5586989946081955,0.6612929873322105,-0.05453703703703694,-0.04976851851851849,0.3872829750409929,0.12398392211673481,0.2035681893519942,0.8448584898232477,0.008631942328003572,0.00476851851851845,0.014213139009656737,0.4218460351258945,0.09738156135696446,0.11891710975270761,0.0,0.9999999987499999,0.6479701555153311,0.32051818647130276,0.27156313759727013,0.3859132822670267,surprised,08,24,24,female,normal,2872
50,1.6683333333333334,True,1.0,0.6123486264554426,0.5949736645286221,0.6036611454920324,0.43133569846862435,-0.05439814814814814,-0.04907407407407405,0.41205784340619467,0.058818504336630446,0.19934383176905957,1.3995158472512637,0.01737496192682053,0.005324074074074092,0.016986975263133416,0.5795454545454549,0.09715354112324057,0.11862261626299121,0.0,0.9999999987499999,0.6498838712125475,0.31937146462034177,0.2627848903460324,0.378772318335606,surprised,08,24,24,female,normal,2872
60,2.0020000000000002,True,1.0,0.6326881479742448,0.6123383212629319,0.6225132346185883,0.6858696962381037,-0.05560185185185185,-0.04708333333333331,0.3689285768196785,0.20428698164010678,0.20140252662755678,0.9076260957919319,0.020349826711312913,0.008518518518518536,0.012918343292316633,0.43552234403809975,0.09592835362610412,0.119615578467474,0.0,0.9999999987499999,0.6174833858230793,0.33720089532703723,0.2528325152825557,0.3794840584927482,surprised,08,24,24,female,normal,2872
70,2.3356666666666666,True,1.0,0.5827207882740093,0.5783343521372595,0.5805275702056344,0.713980017811506,-0.05412037037037043,-0.0474074074074074,0.3911432182048084,0.19907893470472096,0.20009763241977646,0.8130865790685144,0.004386436136749827,0.006712962962963032,0.0036435355460126715,0.39692449802855706,0.09809371358602326,0.11784633637543064,0.0,0.9999999987499999,0.6165202666847989,0.3354354542337496,0.2546162625454487,0.37634570419522684,surprised,08,24,24,female,normal,2872
80,2.6693333333333333,True,1.0,0.6367401523271816,0.6356976775266022,0.636218914926892,0.47892217732175907,-0.05277777777777781,-0.047685185185185164,0.40119291450851247,0.07522035187258175,0.20433139513433418,1.3284390346773494,0.001042474800579396,0.0050925925925926485,0.013396110831576552,0.5686994321254828,0.10433753170432263,0.1160262985990692,0.0,0.9999999987499999,0.6141930256555748,0.3012875101248021,0.2534719483002809,0.3377413973564728,surprised,08,24,24,female,normal,2872
90,3.003,True,1.0,0.6592204039371763,0.660510501870097,0.6598654529036366,0.46172775472124356,-0.05319444444444438,-0.047546296296296475,0.3992792770179419,0.06107760067160787,0.2042623075307282,1.4291223478692843,0.0012900979329206752,0.005648148148147902,0.0027250119876840845,0.5690669293267122,0.09861165462301018,0.11708829710782323,0.0,0.9999999987499999,0.6197441895430047,0.3333953278757227,0.2595444538781329,0.3848185808754856,surprised,08,24,24,female,normal,2872
100,3.336666666666667,True,1.0,0.6905311376296688,0.6871312303501562,0.6888311839899125,0.48561333641076987,-0.056574074074074054,-0.050879629629629664,0.38956669794017235,0.11094003924504547,0.2020837108700296,1.418476661043026,0.0033999072795125596,0.005694444444444391,0.006759294322280043,0.5651031977323784,0.09579067049352749,0.1194071823337956,0.0,0.9999999987499999,0.6183440474080256,0.33547974395378977,0.24451950528506416,0.37036025046229387,surprised,08,24,24,female,normal,2872
0,0.0,True,1.0,0.6052003744333737,0.6678620610171732,0.6365312177252734,0.42252781560408476,-0.07976851851851852,-0.07273148148148151,0.37848546135511485,0.17592959945998715,0.20634467524023975,1.506483583371262,0.06266168658379945,0.007037037037037008,0.03590228691578347,0.6405261485589353,0.0949355517992505,0.11719768639001221,0.0,0.9999999987499999,0.6604857294714762,0.31623124927615304,0.26265475680343264,0.3895063599415445,surprised,08,24,24,female,normal,2873
10,0.33366666666666667,True,1.0,0.6131015232006669,0.6823744724723191,0.647737997836493,0.44667628969420714,-0.08032407407407405,-0.07240740740740748,0.37384224325763693,0.20159207254761688,0.20496871162709115,1.4501284549487323,0.06927294927165217,0.007916666666666572,0.032201944760893324,0.5992641153162959,0.09586148562917016,0.1179049099552733,0.0,0.9999999987499999,0.6610405581060549,0.3157129724364858,0.26397630396021,0.38700282852629,surprised,08,24,24,female,normal,2873
20,0.6673333333333333,True,1.0,0.6961314939698373,0.6969867197297422,0.6965591068497898,1.2794086510110452,-0.07370370370370372,-0.07004629629629633,0.3590235300078448,0.5342944651924068,0.17988189485538586,0.5444383280504927,0.0008552257599049318,0.003657407407407387,0.005917781412032049,0.22528763277836739,0.09396092852627473,0.11878518568814835,0.0,0.9999999987499999,0.6727512234268708,0.3055372435335976,0.2632807950699764,0.37268447283911094,surprised,08,24,24,female,normal,2873
30,1.0010000000000001,True,1.0,0.7437462707246926,0.683047440767028,0.7133968557458603,1.2819328148927063,-0.059768518518518554,-0.0602314814814815,0.29528730771801437,0.6381680930078515,0.1844551673642165,0.5565009706109827,0.060698829957664624,0.0004629629629629428,0.07034972620490978,0.2383368729354675,0.10993447102396847,0.11725565455038603,0.0,0.9999999987499999,0.6071741575223839,0.28977232817688275,0.2740253196611806,0.3313179516877497,surprised,08,24,24,female,normal,2873
40,1.3346666666666667,True,1.0,0.6414532153365055,0.5895451096149515,0.6154991624757284,0.6054998238671011,-0.058750000000000024,-0.06087962962962962,0.39656278751702556,0.16306938738044147,0.18969693845913463,1.0165141891285208,0.05190810572155391,0.0021296296296295925,0.08041444191698464,0.4444593782931183,0.10862019729286514,0.11603693364677356,0.0,0.9999999987499999,0.6141282058526536,0.2891507622041357,0.2807467050448676,0.336514130371789,surprised,08,24,24,female,normal,2873
50,1.6683333333333334,True,1.0,0.6858102507280903,0.6037759197254349,0.6447930852267626,0.4669621701209503,-0.058564814814814736,-0.0591666666666667,0.4141833667233437,0.13692518309867588,0.18556401196040884,1.3808250999427885,0.08203433100265545,0.0006018518518519644,0.0851850081205967,0.5148294267825504,0.09532341459631648,0.11753262998228485,0.0,0.9999999987499999,0.6485751814319477,0.3191048495957988,0.2602962665642043,0.37060640640052667,surprised,08,24,24,female,normal,2873
60,2.0020000000000002,True,1.0,0.692412838470618,0.5989965903044027,0.6457047143875103,0.6747910493543972,-0.05777777777777782,-0.059537037037037,0.3809776436981218,0.27329537827749084,0.18565941397051955,0.9568957901935495,0.0934162481662153,0.0017592592592591827,0.09702040649262955,0.397132550997674,0.09451867611738136,0.11672084997094691,0.0,0.9999999987499999,0.652505269693815,0.31828867484493073,0.26036542809535274,0.36995598982330496,surprised,08,24,24,female,normal,2873
70,2.3356666666666666,True,1.0,0.7468521540799173,0.6356210803278102,0.6912366172038638,0.42519642247512934,-0.05212962962962964,-0.057037037037037,0.40226309262231547,0.13837555624717204,0.18747942776320395,1.625687754332636,0.11123107375210717,0.00490740740740736,0.09459219304458223,0.6092001772567148,0.0960255481637467,0.11564918936467665,0.0,0.9999999987499999,0.6533592690122925,0.3176887342581842,0.2603442196373478,0.36800071822538744,surprised,08,24,24,female,normal,2873
80,2.6693333333333333,True,1.0,0.7260384872006629,0.615254047634576,0.6706462674176195,0.3738666637408458,-0.05273148148148149,-0.05652777777777779,0.4031951158174471,0.1500080115060539,0.18840289956308515,1.7938113569882046,0.11078443956608686,0.0037962962962962976,0.1016724728110712,0.7049929704079079,0.09581707364451371,0.11598634939684432,0.0,0.9999999987499999,0.6546069832229767,0.31760916400500544,0.26175673776381325,0.3679013604456088,surprised,08,24,24,female,normal,2873
90,3.003,True,1.0,0.7000818739429953,0.6038621744815427,0.651972024212269,0.37407279766229007,-0.05379629629629634,-0.05666666666666659,0.4028301117602088,0.15634449941758846,0.18703103022622117,1.7429014573812023,0.09621969946145259,0.0028703703703702454,0.09971025418984755,0.6884927856355657,0.09527120998876001,0.11528405684551862,0.0,0.9999999987499999,0.6563849684092388,0.31661022849249504,0.2604152722161501,0.36894419585604216,surprised,08,24,24,female,normal,2873
100,3.336666666666667,True,1.0,0.7414662040359222,0.632966260294196,0.6872162321650591,0.40552548302216523,-0.052962962962962934,-0.05587962962962956,0.39863360529928527,0.1718825332877383,0.186735053074613,1.694631437323255,0.10849994374172622,0.002916666666666623,0.1013729373517548,0.6775846262022631,0.0948462900407615,0.11612713000545243,0.0,0.9999999987499999,0.6545199066579757,0.3182810949312883,0.25700900309006663,0.36643370742155423,surprised,08,24,24,female,normal,2873
0,0.0,True,1.0,0.758299249515331,0.7913405054330478,0.7748198774741895,0.517368854938164,-0.0672685185185185,-0.06097222222222215,0.3594886575598537,0.12558186537602967,0.21895080069504197,1.4976160046719396,0.03304125591771678,0.006296296296296355,0.03315847083049154,0.5148128794150963,0.09618549719292044,0.11908936928184244,0.0,0.9999999987499999,0.6285976233227666,0.3283108873840771,0.2615151085307659,0.38346386505846,surprised,08,24,24,female,strong,2874
10,0.33366666666666667,True,1.0,0.6621319032924953,0.706903692691682,0.6845177979920887,0.5613046514140594,-0.06898148148148148,-0.06342592592592589,0.36205647969484456,0.13280968542569108,0.22238832835480646,1.2195120711500005,0.04477178939918669,0.005555555555555591,0.026316969945753135,0.503480795644781,0.09869747552874365,0.11895370293330346,0.0,0.9999999987499999,0.6304231348242422,0.32544659421384536,0.26625650227005637,0.3885266911331599,surprised,08,24,24,female,strong,2874
20,0.6673333333333333,True,1.0,0.643650016825399,0.6853015766735824,0.6644757967494908,0.8989541953926835,-0.06439814814814815,-0.05972222222222223,0.4131683331037254,0.11064885367759185,0.21139425285664204,0.7391653547589627,0.04165155984818336,0.004675925925925917,0.017647131039379278,0.31087755440746256,0.09783208857356152,0.11918785894423645,0.0,0.9999999987499999,0.6370126876531864,0.32376911758593363,0.2699439211030182,0.38742676628626604,surprised,08,24,24,female,strong,2874
30,1.0010000000000001,True,1.0,0.6938567266770377,0.6890755180029905,0.691466122340014,0.9034495760319097,-0.06333333333333335,-0.057129629629629586,0.4650479924630005,0.046329542790729386,0.20699771249585247,0.7653621637380585,0.004781208674047188,0.006203703703703767,0.025136539885285178,0.2838602859644568,0.097279910841721,0.11851900517909539,0.0,0.9999999987499999,0.60768493404393,0.34008603535848253,0.2732481325339093,0.401166854502444,surprised,08,24,24,female,strong,2874
40,1.3346666666666667,True,1.0,0.6769785093129224,0.7049567956321072,0.6909676524725148,0.5596258887600682,-0.05925925925925929,-0.05125000000000007,0.4706498298185028,-0.07826841773156606,0.21160527889642436,1.234695653561441,0.027978286319184864,0.008009259259259216,0.02507115827418325,0.431253569523217,0.09992166554461551,0.11953190096165554,0.0,0.9999999987499999,0.6247227901863872,0.32710297816647127,0.27800261390863285,0.3923898012872047,surprised,08,24,24,female,strong,2874
50,1.6683333333333334,True,1.0,0.7697124630297539,0.8331667127875011,0.8014395879086276,1.220015833654855,-0.09481481481481485,-0.08453703703703708,0.3095632598834881,0.392097312233872,0.24659739960396984,0.6569091693734169,0.06345424975774716,0.010277777777777775,0.04008339171979737,0.24948421517524766,0.09456328133949195,0.1184671524034873,0.0,0.9999999987499999,0.641562375137555,0.31317702717442336,0.27701550691168886,0.38031119248267553,surprised,08,24,24,female,strong,2874
60,2.0020000000000002,True,1.0,0.6948536813678345,0.7931654408145683,0.7440095610912014,0.7424875476037163,-0.06606481481481485,-0.06462962962962959,0.380708208920535,0.021397888548644675,0.2298398389958249,1.002049884193206,0.09831175944673376,0.0014351851851852615,0.05086949216800446,0.38261814281531814,0.09235331353070333,0.11401577017860637,0.0,0.9999999987499999,0.6470057257903161,0.3138743387752109,0.25349384264717906,0.3683338691887472,surprised,08,24,24,female,strong,2874
70,2.3356666666666666,True,1.0,0.7102166213700302,0.7261328860327491,0.7181747537013896,0.8004698012686146,-0.058981481481481635,-0.05305555555555552,0.42393807118757904,0.12070576368336204,0.22240376580337695,0.8971915649574779,0.015916264662718893,0.005925925925926112,0.014945246882739207,0.3585510158119528,0.09535797530388687,0.11911493820009533,0.0,0.9999999987499999,0.6186960017600791,0.326254957408755,0.2614009242681341,0.3620264140268676,surprised,08,24,24,female,strong,2874
80,2.6693333333333333,True,1.0,0.7893197469290687,0.7945056870718155,0.7919127170004421,1.1117894523723584,-0.08685185185185179,-0.07800925925925917,0.298197953816178,0.3496613245427212,0.24514386847712308,0.7122865892554053,0.005185940142746759,0.008842592592592624,0.011961148907015533,0.2540218037939009,0.09760911610731511,0.12016589976103094,0.0,0.9999999987499999,0.6221036927818002,0.3308571679736066,0.2721516185596651,0.39071693537795865,surprised,08,24,24,female,strong,2874
90,3.003,True,1.0,0.7789837179820464,0.7926958751581592,0.7858397965701027,0.8001410349353321,-0.07722222222222225,-0.07583333333333331,0.35616925267524274,0.189114354472465,0.2437512519999897,0.982126603010199,0.013712157176112849,0.0013888888888889395,0.007970932195551549,0.36861120127028063,0.09857350697644113,0.11921636962817782,0.0,0.9999999987499999,0.6210708527160864,0.3276992063643252,0.28403081522737716,0.3932038823208439,surprised,08,24,24,female,strong,2874
100,3.336666666666667,True,1.0,0.7865762349852936,0.788919064817053,0.7877476499011733,0.8728354821806111,-0.08087962962962958,-0.08194444444444443,0.36262720879123245,0.21820887054515306,0.2423661477708105,0.9025156126022028,0.0023428298317593743,0.0010648148148148517,0.004451581880235673,0.3472751695741834,0.09814128090426971,0.11877309590081886,0.0,0.9999999987499999,0.6236398451333658,0.3264929167917305,0.28343102962691535,0.3987350087271694,surprised,08,24,24,female,strong,2874
110,3.6703333333333332,True,1.0,0.7992004206785012,0.8001130979843141,0.7996567593314077,0.9252204736503209,-0.08004629629629628,-0.0813888888888889,0.35564239246529017,0.24966266749294394,0.23888888888888893,0.8642877909699511,0.0009126773058129034,0.0013425925925926174,0.012350112805387425,0.33187897247092113,0.09736663166694638,0.11908942215772539,0.0,0.9999999987499999,0.6281963671953156,0.3262197247520103,0.2827751991241469,0.3982279372833149,surprised,08,24,24,female,strong,2874
0,0.0,True,1.0,0.6319867913501588,0.6571953656475307,0.6445910784988447,0.5975056894553659,-0.0798611111111111,-0.07504629629629628,0.36208031826903,0.21659581242756923,0.21250574440765127,1.0788032480266385,0.02520857429737189,0.004814814814814827,0.0164502523263219,0.4647354127955491,0.09257606231859122,0.11891015696041395,0.0,0.9999999987499999,0.661295866963973,0.3170275885254926,0.26314814838583217,0.3903258153777897,surprised,08,24,24,female,strong,2875
10,0.33366666666666667,True,1.0,0.631300636812035,0.6754178577976782,0.6533592473048566,0.6124433316917502,-0.07939814814814816,-0.07458333333333333,0.3612155219309613,0.21659581242757056,0.21321197890506977,1.0668076759038008,0.04411722098564319,0.004814814814814827,0.013403191183001671,0.4527439024390248,0.09455738867069556,0.11847185582837386,0.0,0.9999999987499999,0.660875459465036,0.3172409182546568,0.2675402268408948,0.3928245773218489,surprised,08,24,24,female,strong,2875
20,0.6673333333333333,True,1.0,0.6466143609189988,0.6496988373160448,0.6481565991175218,0.9508141067409497,-0.08240740740740743,-0.07527777777777783,0.39167090955689693,0.24114850533284873,0.2104605348892679,0.6816859305329098,0.00308447639704601,0.007129629629629597,0.021112151314656626,0.30978260869565194,0.09504510845677884,0.1184031909601081,0.0,0.9999999987499999,0.6555786729848189,0.32165706195717947,0.2668083099652079,0.3950292461996823,surprised,08,24,24,female,strong,2875
30,1.0010000000000001,True,1.0,0.6282544524304934,0.591428646602867,0.6098415495166802,0.8646417784211577,-0.07009259259259254,-0.06268518518518518,0.44673730390802574,0.09606837698399567,0.2112704250346781,0.7053112222153496,0.0368258058276264,0.007407407407407363,0.004091578196975342,0.3127989439893097,0.09498339096629557,0.12052549535073478,0.0,0.9999999987499999,0.6393788733462135,0.32689153919311675,0.2762299080098018,0.4048161146514876,surprised,08,24,24,female,strong,2875
40,1.3346666666666667,True,1.0,0.6572892277444663,0.6541400557140318,0.655714641729249,0.6350922191993724,-0.054768518518518605,-0.048981481481481404,0.45904651651066136,-0.023520658001669522,0.2069743044572451,1.0324715402054117,0.0031491720304345217,0.0057870370370372015,0.01685391294151177,0.42866301141805496,0.09761251365781151,0.11936775298268808,0.0,0.9999999987499999,0.6129634047447103,0.33196432407042337,0.2774601189708993,0.3916181923545793,surprised,08,24,24,female,strong,2875
50,1.6683333333333334,True,1.0,0.7438414788168914,0.7185557916705664,0.731198635243729,1.8634538152610451,-0.056203703703703645,-0.050277777777777755,0.25291507793280665,0.749665327978582,0.208465493562588,0.3923889227924319,0.025285687146325064,0.00592592592592589,0.0017541772622387622,0.18750000000000033,0.09876118558932478,0.11874047073604217,0.0,0.9999999987499999,0.6169348470560099,0.33544955631476553,0.2604636724507219,0.3791820897078624,surprised,08,24,24,female,strong,2875
60,2.0020000000000002,True,1.0,0.73521007177012,0.7212973724291624,0.7282537220996412,0.8266383600053967,-0.06513888888888891,-0.059398148148148255,0.3983904430560212,0.2032630860610301,0.19792283433372324,0.8809822497166558,0.013912699340957624,0.005740740740740657,0.011268618614217546,0.34156761212753306,0.09455650487123597,0.12038685614701956,0.0,0.9999999987499999,0.6343064432022809,0.3321200371948766,0.2680676726296189,0.39770488324107683,surprised,08,24,24,female,strong,2875
70,2.3356666666666666,True,1.0,0.5883187626210413,0.5571289055951626,0.572723834108102,0.7167722166582852,-0.04972222222222222,-0.04495370370370366,0.3848246503485549,0.15052216549824032,0.20157216352205906,0.7990318553057743,0.03118985702587873,0.004768518518518561,0.012211219783502272,0.4387499999999985,0.10469279601305509,0.11766515339036303,0.0,0.849544155360718,0.6144799162946429,0.2968955818132477,0.27740671769725067,0.3473707938450323,surprised,08,24,24,female,strong,2875
80,2.6693333333333333,True,1.0,0.651795140090134,0.6706099315180121,0.661202535804073,1.1141410961011993,-0.05453703703703694,-0.046111111111111214,0.34060412586669003,0.23078636990667623,0.2000308966613423,0.5934639141468442,0.01881479142787812,0.008425925925925726,0.025071324791398886,0.28269752215152494,0.09738273951969807,0.12019101925043117,0.0,0.9999999987499999,0.613365068589936,0.3371604761119596,0.2741514958925749,0.3847836830658098,surprised,08,24,24,female,strong,2875
90,3.003,True,1.0,0.6733035983397418,0.6333359215426996,0.6533197599412207,0.919568756999182,-0.05495370370370373,-0.048981481481481404,0.4325750795785542,0.055905187554434396,0.2007005267484721,0.7104631980681809,0.03996767679704227,0.005972222222222323,0.012690734416894216,0.2963756513620946,0.09709862706357063,0.1186675703985494,0.0,0.9999999987499999,0.6209442447916667,0.33754091096658495,0.2827075020732408,0.4093538058988556,surprised,08,24,24,female,strong,2875
100,3.336666666666667,True,1.0,0.6332544698885663,0.6389887482814639,0.636121609085015,0.884097758009679,-0.05685185185185182,-0.04925925925925928,0.42722420860536925,0.14308671337350715,0.18944103348521052,0.719515012137437,0.00573427839289764,0.00759259259259254,0.04544113784634158,0.3351556595366225,0.09201795200867414,0.12187006363738997,0.0,0.9999999987499999,0.6521040291976166,0.31909566046750676,0.2659704722774929,0.3764468235078779,surprised,08,24,24,female,strong,2875
110,3.6703333333333332,True,1.0,0.5470232167909522,0.5496189693305189,0.5483210930607356,0.7703297031623203,-0.08134259259259263,-0.07273148148148156,0.4003637854103799,0.3394056317275525,0.17096235163967652,0.7118005326937211,0.002595752539566676,0.00861111111111107,0.03219343251290482,0.3431579618175876,0.09524149114775685,0.11824528166086655,0.0,0.9999999987499999,0.6775205337916417,0.30154749100568484,0.26258791245858665,0.3818765052936078,surprised,08,24,24,female,strong,2875
0,0.0,True,1.0,0.6877246825216309,0.7132128163539844,0.7004687494378077,0.6541560669686121,-0.08444444444444449,-0.07685185185185184,0.3590217803990793,0.26308450519389853,0.2188507719894783,1.070797604436829,0.025488133832353488,0.007592592592592651,0.022425880335418334,0.4157608695652181,0.09860344072914311,0.11709521434792816,0.0,0.9999999987499999,0.6588085948441876,0.30544408377765986,0.27371894044370504,0.38359594193229357,surprised,08,24,24,female,strong,2876
10,0.33366666666666667,True,1.0,0.6946238524490175,0.6871765866665305,0.690900219557774,0.6792425155989317,-0.08449074074074081,-0.07624999999999998,0.3573574805065321,0.28181338413147183,0.21608664754715282,1.017162800753959,0.007447265782487,0.008240740740740826,0.026938097533452172,0.40747076480875805,0.09962593383488025,0.11753056042983401,0.0,0.9999999987499999,0.6617017641978666,0.30518043233260084,0.27527230656761764,0.38674516221557065,surprised,08,24,24,female,strong,2876
20,0.6673333333333333,True,1.0,0.8185884263606857,0.7787534141701802,0.798670920265433,1.1414637113337498,-0.09282407407407406,-0.09180555555555564,0.3617123588446867,0.49121305858620024,0.21621089284693176,0.6996901542601134,0.03983501219050556,0.0010185185185184187,0.015270408893821818,0.2423947391587639,0.09595010831866865,0.12007507733791051,0.0,0.9999999987499999,0.6458694239805297,0.3136651931717292,0.27975027950705106,0.38500765716550267,surprised,08,24,24,female,strong,2876
30,1.0010000000000001,True,1.0,0.8218113093327635,0.7863899630081665,0.804100636170465,0.9632350921778601,-0.0858796296296297,-0.08143518518518517,0.3579200310067661,0.33863733709377886,0.23055588646881578,0.8347916751583516,0.035421346324596925,0.004444444444444529,0.003017229697934244,0.35156249999999994,0.0948484191791864,0.12094719865764689,0.0,0.9999999987499999,0.6365148546449829,0.32793955647843104,0.29023847405153075,0.3999393958230682,surprised,08,24,24,female,strong,2876
40,1.3346666666666667,True,1.0,0.672925210223711,0.6955817857249483,0.6842534979743297,0.7343425459900984,-0.09337962962962965,-0.08425925925925931,0.37960501778395533,0.2840381545810756,0.21814510723058167,0.9317906223883096,0.02265657550123734,0.009120370370370334,0.008164864266830697,0.3719411408598821,0.09393864956305624,0.12134154155630412,0.0,0.9999999987499999,0.667700033099177,0.299284444327672,0.2746676455140494,0.382691858670439,surprised,08,24,24,female,strong,2876
50,1.6683333333333334,True,1.0,0.6027299163262224,0.5648860790686936,0.583807997697458,0.7429074603055854,-0.0819907407407407,-0.0931481481481482,0.41931710873257816,0.2674547094716524,0.20575180537213697,0.7858421524765898,0.03784383725752882,0.011157407407407505,0.0634861465621062,0.36872775540967495,0.09835846435015838,0.12082146780814118,0.0,0.9999999987499999,0.6574050808057598,0.3012771462993227,0.28424683810214824,0.38289367430589366,surprised,08,24,24,female,strong,2876
60,2.0020000000000002,True,1.0,0.6930320150659143,0.6216185839026439,0.6573252994842791,0.6196438544290915,-0.07611111111111107,-0.08662037037037029,0.39929272524749854,0.25129930164582853,0.2126582734336137,1.0608114561063553,0.07141343116327037,0.010509259259259218,0.034800915064944316,0.44077315446191145,0.09584253314192366,0.1215795700461886,0.0,0.9999999987499999,0.6468217326930772,0.3039821567193333,0.27366900090256274,0.39402870256487815,surprised,08,24,24,female,strong,2876
70,2.3356666666666666,True,1.0,0.6294794180970409,0.6507093385455182,0.6400943783212796,1.2959986105564676,-0.08657407407407408,-0.09092592592592597,0.32890145926474085,0.7268697101479648,0.18713314886885982,0.49390051278406844,0.02122992044847727,0.0043518518518518845,0.02977212633391638,0.21400128199267796,0.09667045376375932,0.12217625776673774,0.0,0.9999999987499999,0.6655576430728543,0.3005634000449973,0.28487730187316246,0.38967328503894816,surprised,08,24,24,female,strong,2876
80,2.6693333333333333,True,1.0,0.6849382158891607,0.6816433128508015,0.683290764369981,1.065462532294764,-0.08041666666666664,-0.08310185185185193,0.3610054553153012,0.3973705445245271,0.214077499481529,0.641309049975064,0.0032949030383592204,0.0026851851851852904,0.04616231887869287,0.28750237968214515,0.09555966792803983,0.12195834053059461,0.0,0.9999999987499999,0.6494028652085834,0.3073560348271993,0.27187604595781656,0.3770052831245301,surprised,08,24,24,female,strong,2876
90,3.003,True,1.0,0.628068463699896,0.7584335923680191,0.6932510280339576,0.7774697315070308,-0.0855092592592594,-0.07587962962962946,0.35386843678152563,0.16950199484469713,0.24044870949670413,0.891675907035216,0.1303651286681231,0.009629629629629932,0.09750997814073974,0.3644366204813563,0.1003905866391016,0.12072689916713453,0.0,0.9999999987499999,0.6116529734393757,0.32216829478412473,0.29082704252494723,0.39112872333596227,surprised,08,24,24,female,strong,2876
100,3.336666666666667,True,1.0,0.6253065617827647,0.7224386460543045,0.6738726039185345,0.7738712095164023,-0.09222222222222226,-0.0847222222222222,0.3593259945548266,0.22020806750662247,0.23516678002473887,0.8707813336790787,0.09713208427153985,0.007500000000000062,0.0782507370201489,0.37691651358775236,0.09821092336863507,0.12141310047162261,0.0,0.9999999987499999,0.6459111728285063,0.30750801645583414,0.2873153248324435,0.3905765162899588,surprised,08,24,24,female,strong,2876
0,0.0,True,1.0,0.6176811725952681,0.6310106292836245,0.6243459009394463,0.5594922386965224,-0.0842592592592592,-0.07902777777777786,0.37439665224932467,0.2027958856794418,0.2166951869875865,1.1159152133978065,0.01332945668835639,0.005231481481481337,0.02289946199894539,0.4927732901264342,0.09781615328219208,0.11661560903641593,0.0,0.9999999987499999,0.6588071705713536,0.3095180208528734,0.26711333360720896,0.3907288818990579,surprised,08,24,24,female,strong,2877
10,0.33366666666666667,True,1.0,0.677226291754241,0.6858285717994264,0.6815274317768336,0.9232542775600537,-0.08652777777777781,-0.08078703703703699,0.3785742095780222,0.3238279928755412,0.21321734630882008,0.7381795550170123,0.008602280045185373,0.005740740740740824,0.01662946742459816,0.30223880597014935,0.09789508081269284,0.11801139264743579,0.0,0.9999999987499999,0.6512936463257177,0.3132682751093191,0.27553359921988524,0.38963641712491265,surprised,08,24,24,female,strong,2877
20,0.6673333333333333,True,1.0,0.6781804229728411,0.6778743468062962,0.6780273848895686,0.8204361086181823,-0.08305555555555555,-0.07717592592592587,0.3797786615689647,0.23929386501363664,0.21814510723058167,0.8264231398000446,0.00030607616654487746,0.005879629629629679,0.01896302637846061,0.3468750000000001,0.08922026396998078,0.11729874084500956,0.0,0.9999999987499999,0.6357896207545518,0.35444902319561555,0.2610483871053259,0.4112909356968289,surprised,08,24,24,female,strong,2877
30,1.0010000000000001,True,1.0,0.7813923056147603,0.7456691196026572,0.7635307126087088,1.3909497381923832,-0.07749999999999996,-0.06824074074074077,0.2894033611634503,0.46664911831654043,0.2243395663768407,0.5489276079816943,0.035723186012103,0.00925925925925919,0.013113394488174227,0.2738186865656738,0.09947147205435705,0.11846816159832266,0.0,0.9999999987499999,0.6191277901551245,0.3304295337277966,0.27497195033243665,0.3838836972745484,surprised,08,24,24,female,strong,2877
40,1.3346666666666667,True,1.0,0.693399425501835,0.6959874965935128,0.6946934610476738,0.6042661678834795,-0.06518518518518518,-0.05824074074074076,0.4036855748906469,0.0964185473108243,0.21319444444444446,1.1496481153014533,0.0025880710916778016,0.00694444444444442,0.01514687058445681,0.4432982569220356,0.09888288183380883,0.11895988712746748,0.0,0.9999999987499999,0.6361899878779638,0.3185566897524847,0.278506081322108,0.384902307856692,surprised,08,24,24,female,strong,2877
50,1.6683333333333334,True,1.0,0.6183561208786277,0.556043869406585,0.5871999951426063,0.7335533840446108,-0.055740740740740646,-0.04981481481481487,0.45728851248334057,0.05152824088986465,0.20323815420956132,0.8004870646290905,0.06231225147204267,0.005925925925925779,0.0025699819757815196,0.369114921140738,0.09723987687314264,0.11742152424072445,0.0,0.9999999987499999,0.6391678934229941,0.319386047788683,0.28248337226121883,0.3994506343142395,surprised,08,24,24,female,strong,2877
60,2.0020000000000002,True,1.0,0.7402462634200151,0.767590956471656,0.7539186099458355,0.7735033367823327,-0.06564814814814818,-0.06092592592592588,0.3878488578919088,0.29174582494588835,0.20419058108242358,0.9746804882342628,0.02734469305164089,0.004722222222222294,0.014496599545118378,0.37498174150843877,0.09622801975108893,0.11889487799659035,0.0,0.9999999987499999,0.6461746337519383,0.31834140391788057,0.26349968678231145,0.38334154044340724,surprised,08,24,24,female,strong,2877
70,2.3356666666666666,True,1.0,0.7351064650094256,0.7337341761380889,0.7344203205737572,1.120154588607206,-0.08379629629629626,-0.08712962962962967,0.32514282458409494,0.5039231575772585,0.22999383808590296,0.6556419337503507,0.0013722888713366688,0.0033333333333334103,0.01196966361824039,0.27350804986328103,0.09734369520447317,0.1191081711541047,0.0,0.9999999987499999,0.6425909840342388,0.31797707916094775,0.27882106329099654,0.39263932269403834,surprised,08,24,24,female,strong,2877
80,2.6693333333333333,True,1.0,0.7037051325237327,0.6964181626316032,0.700061647577668,0.8389474532182685,-0.08759259259259256,-0.08444444444444449,0.41729041987223275,0.20972968784512824,0.21416835829873063,0.834452318666892,0.007286969892129513,0.0031481481481480666,0.011100699316797647,0.32560177251544503,0.0983299921542213,0.11829524113519249,0.0,0.9999999987499999,0.6547242409307473,0.30373731191506537,0.29034532082352404,0.4082111423077267,surprised,08,24,24,female,strong,2877
90,3.003,True,1.0,0.6763004372241488,0.7021268028589265,0.6892136200415376,0.6412191006223811,-0.08129629629629626,-0.0766666666666666,0.4674123623071947,0.03374673053190936,0.22292522283277727,1.0748488611343174,0.025826365634777693,0.00462962962962965,0.012251212829391168,0.39627393275852635,0.09700029577600587,0.11810445576357953,0.0,0.9999999987499999,0.6446038775979142,0.3186233932224551,0.28285964214595777,0.40587936262221974,surprised,08,24,24,female,strong,2877
100,3.336666666666667,True,1.0,0.6767028087497946,0.7247863247863244,0.7007445667680595,0.6030554944730235,-0.08430555555555552,-0.07541666666666663,0.4511824757061395,9.082669411038407e-16,0.22461146754929703,1.161990186956842,0.04808351603652983,0.00888888888888889,0.05691903674072295,0.4137627400621344,0.09782679852205033,0.11919220094343251,0.0,0.9999999987499999,0.6455977126241121,0.3149852356414609,0.2885828965024857,0.4117227916238264,surprised,08,24,24,female,strong,2877
